13335
26648
-38.777040 -66.494226 -3206.965192 11237.404424 0.049406 0.972768 0.226455 -0.669509 0.200506 -0.715230 0.741159 0.116277 -0.661183
-50.104801 -74.535435 -510.991996 8884.303837 -0.016122 0.957992 0.286340 -0.578085 0.224731 -0.784419 0.815817 0.178176 -0.550178
-45.389303 -85.687010 -1447.742179 8109.139516 0.113636 0.905130 0.409666 -0.460197 0.413389 -0.785703 0.880515 0.099243 -0.463514
-47.115764 -64.951357 660.989075 5286.980452 -0.361531 0.928474 -0.085042 -0.515946 -0.275202 -0.811211 0.776592 0.249401 -0.578536
-22.796986 -90.103810 -6038.253650 15504.770442 0.176160 0.952791 0.247300 -0.612080 0.302780 -0.730535 0.770925 0.022676 -0.636522
-21.783405 -64.994090 -4878.176369 11424.988749 0.087348 0.989386 0.116125 -0.739597 0.142501 -0.657792 0.667358 0.028429 -0.744194
-28.992276 -48.246931 -3069.681349 6079.739462 -0.149446 0.987565 -0.048806 -0.736839 -0.144148 -0.660522 0.659344 0.062751 -0.749218
-35.912100 -48.571453 1057.936241 4567.110923 -0.413498 0.885375 -0.212438 -0.597265 -0.439862 -0.670668 0.687236 0.150439 -0.710686
-43.528758 -58.049313 615.505619 394.057319 0.825375 0.500279 0.261683 -0.463510 0.335790 0.820002 -0.322359 0.798101 -0.509037
-42.934082 -60.928863 -470.682720 -3843.170999 0.856885 0.471881 0.207550 -0.372662 0.288834 0.881872 -0.356191 0.833009 -0.423349
-41.196969 -60.172156 -385.901782 -1384.929976 0.875872 0.385568 0.290148 -0.438781 0.386168 0.811385 -0.200798 0.837980 -0.507414
-42.477888 -69.895479 -1956.746613 4961.503519 0.041144 0.996671 -0.070390 -0.158661 0.076073 0.984398 -0.986476 0.029334 -0.161262
-41.542421 -68.335071 694.011697 3767.173311 -0.034128 0.973550 -0.225912 -0.172027 0.216948 0.960906 -0.984501 -0.071656 -0.160072
-37.959179 -63.999145 -1716.267509 2698.224749 0.009141 0.993544 -0.113082 -0.011778 0.113186 0.993504 -0.999889 0.007750 -0.012736
-49.901851 -70.712111 -2292.090926 4069.636194 0.148676 0.970576 0.189415 -0.197805 -0.158484 0.967345 -0.968901 0.181288 -0.168422
-48.807195 -76.310641 -2089.946739 5598.150159 0.110559 0.987968 0.108152 -0.304372 -0.069933 0.949983 -0.946116 0.137948 -0.292978
-43.845552 -63.040180 -3482.977246 1966.295443 0.108944 0.993898 0.017288 -0.038839 -0.013122 0.999159 -0.993289 0.109524 -0.037173
7.009336 -22.839918 4163.366595 -1423.810262 0.162128 0.961904 0.220127 -0.775575 0.262137 -0.574254 0.610080 0.077622 -0.788528
6.390533 -28.699493 3925.782182 -2059.953371 0.188432 0.953396 0.235646 -0.812427 0.286136 -0.508024 0.551775 0.095718 -0.828482
14.005414 -24.467775 4880.971065 -2102.108193 0.119480 0.977027 0.176475 -0.788749 0.201362 -0.580800 0.602992 0.069800 -0.794688
1.097885 -23.303358 2505.064901 -1667.538384 0.217314 0.944333 0.247002 -0.760436 0.322441 -0.563710 0.611974 0.065327 -0.788176
-14.674881 -21.104502 1238.684598 2111.276886 0.390576 0.895389 -0.213844 0.085765 0.195892 0.976868 -0.916567 0.399882 0.000282
-17.673430 -23.415988 1074.425520 2271.878721 0.350179 0.914982 -0.200458 0.083444 0.182685 0.979624 -0.932959 0.359771 0.012377
-12.264854 -17.605078 1922.907623 124.790526 0.373612 0.774076 0.511098 -0.149224 -0.493664 0.856754 -0.915503 0.396362 0.068928
-16.488711 -29.060494 1096.450103 2108.517731 0.340760 0.848423 -0.405045 0.075916 0.404592 0.911341 -0.937080 0.341298 -0.073460
-9.530658 -14.981301 1818.070331 -14.875735 0.407957 0.807453 0.426135 -0.145591 -0.403234 0.903441 -0.901318 0.430607 0.046944
-14.193387 -27.056040 1188.209488 2271.135156 0.381910 0.837060 -0.391759 0.090475 0.387992 0.917211 -0.919760 0.385736 -0.072445
-11.758192 -18.533833 1443.050776 1738.878047 0.431862 0.894006 -0.119369 0.043717 0.111444 0.992809 -0.900880 0.433975 -0.009045
-6.446109 -53.224338 168.136673 -513.290232 -0.161815 0.956598 -0.242355 -0.753026 0.039030 0.656833 -0.637784 -0.288785 -0.714027
-3.504478 -54.792262 -443.468507 -34.176689 -0.140496 0.934915 -0.325874 -0.712506 0.133062 0.688934 -0.687456 -0.328980 -0.647438
-1.473019 -53.819129 67.178738 152.659160 -0.206951 0.954649 -0.214050 -0.567892 0.060940 0.820844 -0.796662 -0.291432 -0.529526
-3.403068 -51.062440 430.216158 -573.278875 -0.246452 0.961537 -0.121274 -0.584968 -0.047817 0.809646 -0.772706 -0.270480 -0.574253
-8.473750 -48.338489 -141.677484 -631.096709 -0.198144 0.962426 -0.185677 -0.763144 -0.032600 0.645405 -0.615102 -0.269582 -0.740929
-9.820796 -49.223939 -4.182446 -272.279536 -0.115185 0.961374 -0.249985 -0.881910 0.016839 0.471116 -0.457128 -0.274730 -0.845906
-7.665565 -70.136389 885.503154 8668.933016 0.282090 0.936919 -0.206416 0.760926 -0.349535 -0.546641 0.584308 0.002865 0.811527
-4.680251 -59.236156 1470.224400 7098.538621 0.320207 0.909117 -0.266408 0.715920 -0.416388 -0.560429 0.620424 0.011274 0.784185
-6.487381 -74.884885 1738.046769 7065.563741 0.272250 0.931575 -0.240931 0.825692 -0.354746 -0.438620 0.494077 0.079520 0.865774
126.862640 -48.735935 31657.807182 -2701.334239 -0.280459 0.954003 -0.105928 0.953906 0.289294 0.079829 -0.106801 0.078657 0.991164
4.243758 -42.533320 2436.604712 -2146.887875 0.170348 -0.978695 0.114623 0.985349 0.168200 -0.028231 0.008350 0.117752 0.993008
82.551126 -63.559962 -25305.807947 -5061.709561 0.430913 -0.895489 0.111418 0.902180 0.430203 -0.031588 -0.019645 0.114130 0.993272
194.788503 -61.624895 64590.401708 -4728.016184 -0.410973 0.904646 -0.112773 0.907408 0.417836 0.044983 -0.087814 0.083844 0.992602
13.896717 -73.863594 -13398.519476 -12200.397540 0.681795 -0.727055 0.080913 0.729484 0.667410 -0.149727 0.054857 0.161108 0.985411
157.784611 -85.329632 -70136.542971 -3524.214779 0.531085 -0.833208 0.153992 0.847318 0.522473 -0.095259 -0.001086 0.181071 0.983469
-13.029231 -43.685962 13527.583201 6578.515442 0.417151 0.846432 -0.330965 0.859629 -0.485675 -0.158614 0.294997 0.218341 0.930217
-14.839596 -104.060912 4146.130508 -46960.325555 0.739740 0.581674 -0.338290 -0.620856 0.783863 -0.009813 0.259465 0.217288 0.940991
-21.070315 -109.918762 9341.841195 41430.853991 0.819690 0.475982 -0.318669 0.525911 -0.845830 0.089385 0.226994 0.240859 0.943642
-24.711211 -45.915395 8869.285909 7156.356131 0.632677 0.699805 -0.331652 0.728924 -0.682757 -0.050125 0.261515 0.210036 0.942069
-17.064104 -34.945810 931.333558 903.022163 0.233051 0.932010 -0.277568 0.914354 -0.307198 -0.263792 0.331125 0.192318 0.923780
-11.432770 -43.963928 233.501319 463.388987 0.004726 0.985263 -0.170981 0.997865 0.006493 0.064993 0.065146 -0.170923 -0.983128
-11.269192 -43.597442 -110.088985 707.111453 -0.001795 0.974103 -0.226099 0.999762 0.006659 0.020752 0.021721 -0.226008 -0.973883
-11.168313 -42.510608 185.154931 109.481069 0.014550 0.986614 -0.162424 0.993946 -0.031963 -0.105116 -0.108901 -0.159911 -0.981106
-9.709212 -42.472625 747.187162 229.554350 0.033564 0.993362 -0.110026 0.997619 -0.039935 -0.056221 -0.060242 -0.107877 -0.992337
-11.679666 -41.190584 130.410038 948.127530 -0.024035 0.988992 -0.146002 -0.958101 0.018909 0.285806 -0.285421 -0.146754 -0.947100
-9.465773 -40.228134 794.397296 613.297882 0.024976 0.994367 -0.103010 -0.975031 0.046975 0.217042 -0.220658 -0.095018 -0.970712
-1.152997 -90.998710 -474.722623 -11003.140871 0.503371 -0.385120 -0.773499 0.383115 0.901854 -0.199706 0.774494 -0.195813 0.601512
-2.561928 -120.217792 3417.743312 -17061.317106 0.461242 -0.355076 -0.813128 0.221519 0.933496 -0.281983 0.859177 -0.050061 0.509224
-0.326833 -96.548777 1302.245581 -16673.461707 0.483071 -0.394868 -0.781487 0.441511 0.880609 -0.172034 0.756115 -0.261930 0.599736
-2.199521 -76.283231 -763.807138 -8308.483401 0.505617 -0.423358 -0.751744 0.541476 0.834067 -0.105528 0.671681 -0.353694 0.650957
7.653898 -87.906878 -3744.132239 -12479.256396 0.522684 -0.395742 -0.755109 0.536937 0.840797 -0.068984 0.662193 -0.369389 0.651960
2.328568 -127.763124 -886.165772 5272.044516 0.645301 -0.096416 -0.757820 0.732146 0.361216 0.577482 0.218058 -0.927484 0.303684
1.768503 -129.689113 -1353.265549 2345.964929 0.645345 -0.106216 -0.756471 0.680938 0.528790 0.506660 0.346199 -0.842080 0.413578
3.075420 -137.521968 1420.835001 6676.939377 0.626559 -0.079473 -0.775312 0.710728 0.466489 0.526549 0.319828 -0.880950 0.348766
2.490850 -137.678953 -70.466746 1859.561945 0.621151 -0.119172 -0.774577 0.643880 0.641041 0.417715 0.446755 -0.758198 0.474916
2.414877 -147.804722 931.971004 8703.074397 0.626193 -0.073343 -0.776210 0.774397 0.174077 0.608282 0.090507 -0.981997 0.165803
-0.032613 -133.620557 2513.227723 7981.647820 0.621562 -0.041293 -0.782276 0.752738 0.307983 0.581835 0.216902 -0.950495 0.222514
-0.829184 -118.625015 2065.097170 3099.363172 0.625824 -0.059609 -0.777683 0.659784 0.572216 0.487087 0.415968 -0.817933 0.397436
-0.948923 -119.692416 2235.405874 5236.822273 0.633834 -0.044887 -0.772166 0.703479 0.448434 0.551384 0.321515 -0.892688 0.315810
2.919796 -128.521807 2412.756553 220.311417 0.600300 -0.098284 -0.793713 0.643612 0.648492 0.406475 0.474766 -0.754850 0.452546
11.968260 -48.189863 -1299.985174 -371.739448 -0.322585 -0.462829 0.825669 -0.567473 0.792718 0.222649 -0.757571 -0.396721 -0.518362
8.818619 -45.253413 961.372191 323.483102 -0.270408 -0.555535 0.786295 -0.546501 0.760956 0.349690 -0.792601 -0.335152 -0.509369
0.863560 -47.886169 191.939035 -1994.192465 -0.365635 -0.324197 0.872472 -0.428642 0.890709 0.151339 -0.826182 -0.318643 -0.464639
9.083293 -49.708988 1701.663763 -535.316763 -0.345771 -0.301012 0.888726 -0.507008 0.856912 0.092979 -0.789548 -0.418442 -0.448911
4.031827 -509.029172 -3310.831052 121435.186836 -0.657237 -0.089532 0.748347 -0.363699 0.907336 -0.210866 -0.660123 -0.410762 -0.628897
1.381888 -458.655621 461.121733 106546.892860 0.654276 0.080733 -0.751934 -0.572411 0.702662 -0.422626 -0.494236 -0.706929 -0.505947
-2.626961 -283.739897 -8023.468309 34544.390865 -0.678240 -0.086134 0.729775 -0.401803 0.874968 -0.270158 -0.615260 -0.476457 -0.628047
-1.386338 -216.140931 -4024.253581 -2450.168883 -0.743485 0.041048 0.667491 -0.063454 0.989281 -0.131515 -0.665735 -0.140135 -0.732912
-3.466067 -176.221638 -3631.275805 -4516.527076 -0.727431 0.029671 0.685539 -0.173418 0.958683 -0.225509 -0.663905 -0.282926 -0.692230
697.378268 -13010.574458 -197003.112348 4147099.783505 0.000235 -0.644908 -0.764260 -0.494173 0.664345 -0.560749 0.869364 0.377808 -0.318540
-56.492958 -3672.406232 -1484.635679 1501955.572877 -0.440316 0.562209 0.700031 0.865225 0.473946 0.163586 -0.239807 0.677714 -0.695123
-13.005101 -172.394640 -4833.870097 115963.397861 0.086965 0.820194 0.565436 0.942232 0.116579 -0.314021 -0.323476 0.560081 -0.762675
21.123698 -814.646143 -11593.174755 153521.522277 -0.439753 0.638609 0.631503 0.214653 0.757495 -0.616543 -0.872090 -0.135573 -0.470191
0.794053 -12.435006 -4117.086083 4728.406569 -0.026773 -0.192695 -0.980893 -0.565788 0.811871 -0.144048 0.824116 0.551121 -0.130761
-3.365009 -8.757306 4293.979624 -1585.157308 -0.363580 0.696863 0.618216 -0.431788 0.461975 -0.774686 0.825451 0.548598 -0.132932
0.944216 -4.727978 3571.675468 -3651.911966 -0.417383 0.761095 0.496513 -0.345724 0.372301 -0.861317 0.840396 0.531156 -0.107737
5.067002 -5.097471 -4134.631393 6192.297563 -0.081037 -0.086186 -0.992978 -0.574569 0.818101 -0.024117 0.814435 0.568580 -0.115816
10.329907 2.736572 930.105383 -3961.956153 -0.358863 0.811880 0.460508 -0.322602 0.355082 -0.877408 0.875868 0.463430 -0.134488
-1445.525183 -5282.646808 -493367.313138 4940155.866959 -0.028263 -0.302850 -0.952619 0.593671 0.761634 -0.259747 0.804212 -0.572883 0.158267
-2862.806525 -4476.462376 2207681.534860 -2349214.351551 0.284273 0.829113 0.481415 -0.321535 0.555497 -0.766836 0.903219 -0.063199 -0.424502
-377.650744 -2389.172256 -439081.409689 -245340.150656 0.238346 -0.507157 -0.828241 0.236020 0.857500 -0.457153 0.942065 -0.086521 0.324081
1.232160 -77.021899 -1019.597848 -1578.145115 -0.228179 0.945342 0.232944 -0.789537 -0.319662 0.523878 -0.569707 0.064380 -0.819323
21.151551 -74.722095 89.960032 5358.688568 -0.063343 0.996335 0.057475 -0.879688 -0.082940 0.468263 -0.471314 0.020899 -0.881718
14.833854 -89.169645 -264.052656 -1348.615198 -0.235826 0.939818 0.247241 -0.845937 -0.323750 0.423765 -0.478306 0.109215 -0.871376
-31.141858 -44.377709 2480.063643 -4353.444998 0.910066 -0.404294 -0.091245 0.393454 0.911942 -0.116426 0.130281 0.070055 0.988999
-37.761926 -55.854324 1406.140307 3610.502375 0.952306 -0.284416 -0.110550 -0.249822 -0.934721 0.252757 0.175222 0.213084 0.961193
-35.447171 -53.367500 967.658121 3569.349695 0.996808 -0.057999 -0.054855 -0.046900 -0.981518 0.185534 0.064602 0.182369 0.981106
-32.654164 -47.327698 1777.744796 5771.507336 0.996702 -0.062367 -0.051910 -0.058213 -0.995251 0.078020 0.056530 0.074741 0.995599
-21.883736 -36.935252 3140.778068 7797.245107 -0.222012 -0.967450 -0.121455 0.972188 -0.229164 0.048313 -0.074574 -0.107351 0.991420
-15.605639 -29.729061 512.016087 9486.489571 -0.091749 -0.987062 -0.131493 0.995229 -0.095295 0.020922 -0.033182 -0.128946 0.991096
-15.777879 -22.384630 5088.960269 -3136.290597 0.499570 -0.863399 -0.070508 0.865183 0.493203 0.090610 -0.043457 -0.106268 0.993387
4.075319 -44.334583 -6364.496962 770.332734 0.186003 0.948648 -0.255869 0.792843 -0.298726 -0.531190 0.580347 0.104061 0.807693
2.300282 -41.253272 -3199.836779 1649.633968 0.167645 0.944840 -0.281377 0.716672 -0.312792 -0.623332 0.676961 0.097157 0.729578
0.165239 -44.778682 -497.806473 477.383291 0.142913 0.947557 -0.285851 0.799821 -0.280688 -0.530566 0.582977 0.152805 0.797990
29.216134 -44.066671 -5684.996100 -174.416856 0.156863 0.943871 -0.290692 0.765219 0.069922 0.639961 -0.624366 0.322829 0.711300
29.536177 -43.545285 -224.848895 -288.179752 0.236756 0.895914 -0.375877 0.778284 0.056691 0.625348 -0.581567 0.440594 0.683854
30.167582 -44.789788 -5796.247809 207.496738 0.167857 0.938467 -0.301835 0.831995 0.029370 0.554005 -0.528780 0.344119 0.775870
28.759437 -42.663106 199.220212 -599.950244 0.239003 0.902897 -0.357288 0.707915 0.089832 0.700562 -0.664631 0.420366 0.617704
27.608926 -44.490038 -5610.450017 -547.612900 0.152913 0.946495 -0.284193 0.696622 0.100738 0.710330 -0.700953 0.306594 0.643945
-12.121740 -46.884680 -2421.314253 200.830738 -0.765335 0.613745 -0.193854 0.431241 0.712559 0.553436 0.477801 0.339966 -0.810018
-9.088448 -47.246774 -1777.487281 587.100540 -0.743986 0.643627 -0.179523 0.520794 0.726872 0.447695 0.418638 0.239585 -0.875980
-13.528240 -47.890709 -1942.418228 145.482238 -0.758328 0.632548 -0.157548 0.516506 0.730489 0.446775 0.397694 0.257428 -0.880665
-19.136670 -48.924336 -2841.477456 106.018930 -0.793745 0.588559 -0.153515 0.459571 0.745642 0.482507 0.398451 0.312436 -0.862334
-18.030322 -47.254304 -2649.756932 598.003347 -0.797341 0.577697 -0.174679 0.371748 0.698114 0.611915 0.475447 0.422969 -0.771393
-19.395586 -152.220145 -1777.818705 8304.049247 0.464609 -0.854062 -0.233919 0.883803 0.430816 0.182454 -0.055051 -0.291508 0.954983
-30.200823 -141.319341 -471.747331 3207.967531 0.284320 -0.898250 -0.335127 0.957330 0.247116 0.149841 -0.051779 -0.363430 0.930181
-37.984703 -139.405481 3723.846996 17868.299636 -0.436019 0.858895 0.268677 0.873657 0.475604 -0.102585 0.215894 -0.190003 0.957752
-29.376528 -150.791072 6186.627168 21103.280858 -0.586507 0.794980 0.154971 0.793409 0.602383 -0.087389 0.162824 -0.071701 0.984046
-45.430673 -118.500530 1256.763368 15797.895661 -0.399319 0.854194 0.333011 0.795978 0.503248 -0.336394 0.454933 -0.130741 0.880876
-39.633043 -121.160198 4590.346539 15563.675840 -0.543711 0.810524 0.217785 0.739285 0.585365 -0.332875 0.397286 0.019982 0.917477
-6.112910 -129.942977 -1166.895508 1963.839156 0.674894 0.680755 0.284764 0.725614 -0.682406 -0.088359 0.134174 0.266262 -0.954517
-3.996136 -128.976527 880.211975 -4049.929974 -0.691174 -0.663441 -0.286576 -0.656228 0.742265 -0.135674 0.302726 0.094285 -0.948402
-2.900279 -140.938616 -400.822702 2710.978585 0.660594 0.693188 0.288281 0.738261 -0.669540 -0.081772 0.136332 0.266845 -0.954048
-7.635708 -122.227066 1349.935091 -3248.445812 -0.702980 -0.646794 -0.295765 -0.644352 0.755241 -0.120089 0.301046 0.106157 -0.947682
-5.898490 -130.567459 -1035.127008 -1936.558687 0.646616 0.704596 0.292289 0.761905 -0.577829 -0.292600 -0.037271 0.411896 -0.910468
-9.880899 -122.870451 -1391.527263 1105.300791 0.686358 0.659798 0.305908 0.712020 -0.695303 -0.097877 0.148120 0.284992 -0.947016
-9.678229 -121.361299 -1448.237368 -1917.133015 0.662107 0.684652 0.304740 0.749129 -0.593542 -0.294133 -0.020503 0.423037 -0.905880
6.052235 -42.091008 -10336.439658 2513.302421 0.797390 0.595076 -0.100267 0.380097 -0.624314 -0.682465 0.468717 -0.506079 0.724008
18.079401 -39.819723 -18111.452861 816.077421 0.753498 0.657039 0.023227 0.455373 -0.496092 -0.739275 0.474210 -0.567619 0.673003
-14.633439 -55.670534 -8296.113791 4030.361424 0.871640 0.403864 -0.277738 0.165004 -0.775344 -0.609602 0.461539 -0.485525 0.742460
43.485740 -34.476736 -18524.285800 1823.112624 0.645079 0.757989 0.096572 0.563392 -0.386431 -0.730247 0.516201 -0.525475 0.676323
-17.068063 -58.236576 -5337.990572 -3161.687580 0.879506 0.316242 -0.355612 -0.102818 0.855887 0.506840 0.464648 -0.409205 0.785273
-3.266009 -47.274510 -4612.170268 -4672.444808 0.848028 0.470565 -0.243756 -0.256870 0.767298 0.587599 0.463537 -0.435687 0.771564
26.232400 -32.916553 -14483.382154 2342.454886 0.674858 0.737467 0.026638 0.543619 -0.472408 -0.693764 0.499044 -0.482673 0.719709
32.524012 -54.514909 -7483.007605 3471.723554 0.235261 -0.659280 -0.714144 -0.169806 0.695586 -0.698087 0.956984 0.285499 0.051694
16.985313 -44.281936 2478.224414 4087.912205 -0.242630 0.692482 0.679411 -0.286408 0.617990 -0.732161 0.926877 0.372233 -0.048389
30.055903 -49.823258 -7805.296605 3741.414814 0.168645 -0.585709 -0.792782 -0.292644 0.738284 -0.607698 0.941232 0.334488 -0.046896
-2.794494 -119.910732 -117.982260 6106.836853 0.875212 -0.126612 0.466876 0.481312 0.324496 -0.814274 0.048403 -0.937375 -0.344942
-4.085386 -124.319600 -124.278847 8788.523604 0.869695 -0.140064 0.473300 0.490605 0.350594 -0.797741 0.054202 -0.925994 -0.373626
-2.400750 -114.703268 -59.890648 3482.265589 0.871401 -0.121378 0.475318 0.471715 0.473361 -0.743918 0.134702 -0.872466 -0.469743
-2.566090 -117.302227 225.529025 3661.624331 0.879379 -0.112611 0.462614 0.461887 0.437585 -0.771479 0.115556 -0.892098 -0.436817
-3.802044 -111.434742 -587.859475 359.160771 0.869769 -0.128714 0.476376 0.455551 0.580504 -0.674898 0.189670 -0.804019 -0.563541
-2.684057 -106.915852 -61.328859 1627.738569 0.863623 -0.132315 0.486465 0.454961 0.620242 -0.638992 0.217177 -0.773171 -0.595853
-12.975563 -89.467239 -939.884251 -3773.907612 0.561726 0.671967 0.482622 -0.282909 -0.392170 0.875308 -0.777449 0.628222 0.030186
-9.350216 -84.946141 -890.615679 -3822.129652 0.531262 0.714710 0.454918 -0.372350 -0.285346 0.883138 -0.760997 0.638566 -0.114529
-9.282709 -93.663317 -770.399159 -5588.236160 0.528512 0.700955 0.478892 -0.246911 -0.412803 0.876715 -0.812225 0.581598 0.045098
7.736209 -89.390940 -10213.755281 6867.835650 -0.643913 0.340196 -0.685305 -0.146398 0.824373 0.546788 0.750962 0.452411 -0.481021
29.668077 -72.261578 -10470.989792 -5554.940933 -0.660152 0.203616 -0.723008 -0.282590 0.824513 0.490225 0.695947 0.527938 -0.486764
24.143295 -78.076207 -10050.863782 6671.406723 -0.674712 0.276266 -0.684428 -0.161420 0.849626 0.502076 0.720214 0.449236 -0.528658
39.530591 -61.004300 -1948.558096 -9347.673686 -0.756031 0.095034 -0.647599 -0.261105 0.863481 0.431538 0.600200 0.495348 -0.628005
9.996773 -107.248796 -7837.523976 21038.339020 -0.674068 0.365262 -0.642040 -0.040155 0.849780 0.525606 0.737577 0.380076 -0.558143
35.774520 -69.855076 -7499.760517 6491.669581 -0.719586 0.198089 -0.665550 -0.187277 0.867573 0.460701 0.668672 0.456156 -0.587196
24.660763 -97.013269 -7092.961250 25677.886285 -0.712944 0.291063 -0.637960 -0.104914 0.855268 0.507453 0.693328 0.428717 -0.579221
168.352124 -3653.952224 -6635.801533 -1854162.391493 -0.088370 -0.514916 -0.852673 0.585808 0.665469 -0.462579 0.805618 -0.540381 0.242834
9.711148 -1515.573373 13138.609858 -573347.422577 0.721356 0.081177 0.687790 0.597067 0.430335 -0.676996 0.350936 -0.899012 -0.261957
53.650259 -392.554351 -11920.484365 -116109.008703 -0.384356 -0.202985 -0.900593 0.922303 -0.041806 -0.384199 0.040336 -0.978289 0.203282
236.016990 -5268.569322 -14674.578848 -1606085.240344 0.790993 -0.031813 0.610997 0.602143 -0.136473 -0.786637 -0.108410 -0.990133 0.088793
40.764303 -128.913887 15856.851893 -41238.465572 -0.525687 -0.070615 -0.847742 0.811217 -0.341612 -0.474582 -0.256086 -0.937184 0.236865
3.189291 -28.945875 2279.481437 2190.897755 0.538148 0.791823 0.288813 0.676866 -0.610193 0.411725 -0.502245 0.026081 0.864332
-2.876315 -32.008837 2250.443751 2430.668542 0.387212 0.900788 0.196588 0.755212 -0.432188 0.492817 -0.528887 0.042359 0.847635
3.962082 -28.469058 3715.929814 692.413070 0.480516 0.844794 0.235429 0.742382 -0.534748 0.403626 -0.466876 0.019171 0.884115
12.931337 -268.052339 -6010.720151 -51801.613732 0.174158 0.790475 0.587212 0.936068 -0.318016 0.150474 0.305688 0.523464 -0.795324
16.998712 -536.145701 -7710.701886 -149532.549514 0.262611 0.734771 0.625418 0.949481 -0.312200 -0.031896 0.171819 0.602199 -0.779638
17.000178 -184.725621 -567.434374 -12075.423960 0.042051 0.812542 0.581384 0.994868 -0.087653 0.050545 0.092030 0.576275 -0.812058
10.910375 -158.964996 -1143.478814 -848.539753 0.046398 0.822417 0.566990 0.958957 -0.195618 0.205269 0.279730 0.534195 -0.797739
-56.456400 -78.358737 134.101239 4312.347619 -0.114138 0.975052 0.190384 -0.452887 0.119498 -0.883523 0.884232 0.187066 -0.427949
-57.125846 -67.800477 2541.042411 -3933.652050 0.383385 0.793788 0.472141 -0.647572 -0.133465 0.750225 -0.658534 0.593370 -0.462866
-57.491906 -64.570924 2321.695106 2086.404566 0.651412 0.758424 0.021354 -0.443884 0.358126 0.821409 -0.615328 0.544554 -0.569940
-57.034063 -72.210645 677.647324 -1924.041332 0.297451 0.883831 0.361061 -0.574798 -0.136180 0.806884 -0.762319 0.447545 -0.467518
-54.054428 -59.441647 3261.924379 3416.342887 0.813852 0.576857 -0.069859 -0.265949 0.476680 0.837882 -0.516639 0.663334 -0.541362
-56.622280 -73.970235 252.904595 -1640.806149 0.289058 0.821735 0.491117 -0.518552 -0.296835 0.801868 -0.804704 0.486456 -0.340310
-53.748329 -62.805818 2456.091096 3738.928720 0.548848 0.707494 0.445217 0.636625 -0.008611 -0.771126 -0.541733 0.706667 -0.455134
-55.348842 -71.283418 -347.642723 -4654.780315 0.366475 0.728923 0.578245 -0.628449 -0.264367 0.731548 -0.686111 0.631491 -0.361207
-40.772281 -65.704695 3105.625393 1714.354497 -0.032046 0.977656 -0.207755 -0.047814 0.206124 0.977357 -0.998342 -0.041254 -0.040140
4.595862 -33.908172 4675.646569 -1653.199228 0.225917 0.934559 0.274882 -0.851615 0.326482 -0.410074 0.472983 0.141451 -0.869643
14.514747 -33.667434 4442.635764 -1859.769609 0.181460 0.957446 0.224433 -0.856636 0.265980 -0.442075 0.482957 0.112038 -0.868447
-4.045935 -33.006179 4285.281010 -1690.351182 0.260314 0.919053 0.295936 -0.828394 0.370042 -0.420515 0.495984 0.135686 -0.857665
-4.557096 -27.876021 3700.609806 -1926.769810 0.261179 0.919236 0.294602 -0.778598 0.381017 -0.498609 0.570588 0.099150 -0.815229
-19.160514 -30.661690 995.170246 1824.083900 0.295129 0.878961 -0.374602 0.046811 0.378293 0.924502 -0.954310 0.290383 -0.070500
0.187173 -55.160343 -688.022050 559.613863 -0.170819 0.939015 -0.298448 -0.549436 0.160655 0.819945 -0.817888 -0.304040 -0.488485
-8.999108 -94.792680 -2445.708731 4549.142885 -0.174248 -0.955437 0.238280 0.972221 -0.205332 -0.112366 0.156285 0.212082 0.964674
-7.643660 -87.825793 2010.069403 7126.864867 0.216584 0.948709 -0.230311 0.913067 -0.280345 -0.296168 0.345544 0.146144 0.926953
-5.052313 -86.769627 -1806.542549 3445.771180 -0.190392 -0.951368 0.242177 0.966175 -0.225298 -0.125487 0.173946 0.210093 0.962083
-5.357295 -90.191233 -1807.479721 727.307517 -0.149559 -0.958133 0.244158 0.988452 -0.138796 0.060807 -0.024373 0.250433 0.967827
-0.854484 -78.172383 -614.448410 1710.560808 -0.217502 -0.947793 0.233200 0.958708 -0.252299 -0.131243 0.183227 0.195025 0.963532
-1.306084 -82.290090 -956.498389 951.057217 -0.157485 -0.958753 0.236623 0.987512 -0.153962 0.033416 0.004393 0.238930 0.971027
24.636432 -38.820251 -5378.073148 301.992875 0.065825 -0.981904 0.177572 0.997200 0.071064 0.023299 -0.035496 0.175542 0.983832
7.859150 -40.804990 -2051.763124 -300.993392 -0.091737 -0.979178 0.181095 0.991821 -0.106056 -0.071019 0.088747 0.173099 0.980898
-19.919613 -200.209212 -775.386461 102310.103681 0.852152 0.431602 -0.295902 0.488279 -0.859175 0.152978 0.188206 0.274843 0.942889
-30.384035 -259.080720 -24481.643803 -191158.915390 0.878787 0.400351 -0.259716 -0.430836 0.899631 -0.071018 0.205216 0.174305 0.963070
-11.033844 -43.597490 -114.980392 526.509756 -0.018935 0.972385 -0.232611 0.981782 0.062078 0.179583 0.189064 -0.224973 -0.955846
1.821842 -111.740735 -2019.176323 -12251.686690 0.554407 -0.324431 -0.766406 0.163591 0.945405 -0.281864 0.816009 0.030891 0.577213
4.927791 -130.821073 -238.179368 -5946.443557 0.531493 -0.322953 -0.783081 -0.114480 0.888599 -0.444170 0.839291 0.325720 0.435312
-2.955539 -125.137594 4571.826031 -6004.850087 0.472368 -0.347186 -0.810143 -0.003993 0.918300 -0.395865 0.881393 0.190229 0.432389
-4.488332 -115.505227 3034.495981 -6433.360171 0.503831 -0.355295 -0.787350 0.168457 0.934406 -0.313858 0.847217 0.025497 0.530635
371.747449 -0.594312 -41191.198431 5536.723403 -0.098000 -0.737054 -0.668691 0.980400 -0.186900 0.062325 -0.170916 -0.649477 0.740923
613.226014 -42.303149 171936.532576 -19526.458611 0.522107 -0.273881 -0.807709 0.798207 -0.176704 0.575883 -0.300449 -0.945391 0.126355
184.393246 2.653004 -14360.879683 595.150667 -0.040352 -0.581715 -0.812391 0.958076 -0.253342 0.133819 -0.283657 -0.772933 0.567550
1.980997 -137.714957 -1697.616949 -3992.999559 0.625333 -0.125582 -0.770187 0.647868 0.633720 0.422689 0.435001 -0.763301 0.477646
1.721581 -130.351953 -4322.525454 7574.300620 0.545974 -0.353612 -0.759520 -0.047500 0.892040 -0.449454 0.836455 0.281467 0.470234
0.457354 -126.836046 -800.886152 9237.021187 0.494620 -0.334431 -0.802189 -0.107903 0.892230 -0.438501 0.862385 0.303450 0.405228
5.186960 -113.004159 -879.281414 13652.324509 0.506657 -0.365951 -0.780627 -0.240910 0.809283 -0.535745 0.827805 0.459500 0.321868
0.393776 -60.871454 3005.724584 4018.561690 -0.445680 0.006487 0.895169 -0.372321 0.908038 -0.191948 -0.814092 -0.418838 -0.402280
14.397568 -83.631415 4983.832714 12214.599560 -0.402899 -0.040532 0.914347 -0.523400 0.829744 -0.193850 -0.750816 -0.556671 -0.355518
11.070814 -59.500415 2698.136299 5082.587794 -0.361836 -0.199425 0.910661 -0.531530 0.846647 -0.025788 -0.765865 -0.493375 -0.412348
4.108204 -51.937946 3681.179686 -173.325130 -0.399537 -0.123315 0.908385 -0.426468 0.902156 -0.065105 -0.811477 -0.413410 -0.413035
1.312644 -398.729768 -2037.593647 41167.340715 0.664009 0.014254 -0.747589 -0.494955 0.757792 -0.425171 -0.560456 -0.652340 -0.510236
2361.150397 -52815.033842 -342953.247608 354937.320143 -0.481420 0.497959 0.721299 -0.213867 0.731328 -0.647626 -0.849997 -0.466042 -0.245579
-2.689104 -40.973337 -1134.648826 1638.365725 -0.048582 0.955407 -0.291267 -0.727390 0.166002 0.665843 -0.684503 -0.244213 -0.686889
0.783479 -41.633165 2718.009045 3055.780648 0.105114 0.920266 -0.376911 -0.732185 0.328092 0.596876 -0.672946 -0.213228 -0.708292
5.497711 -44.279751 490.129535 425.317469 0.033151 0.935477 -0.351828 -0.800166 0.235770 0.551495 -0.598861 -0.263239 -0.756354
-0.786839 -218.618911 38298.383693 -81294.818063 0.054489 -0.102686 -0.993220 0.941376 -0.326375 0.085388 -0.332930 -0.939646 0.078883
-109.630026 -401.166465 -18911.377629 -83755.319825 0.992131 0.044615 0.116987 0.094194 0.349601 -0.932152 0.082487 -0.935836 -0.342647
-253.266475 -730.238870 -82918.572518 -435449.289814 0.318773 -0.148737 -0.936088 0.797690 -0.491318 0.349710 -0.511932 -0.858186 -0.037973
10.539960 -62.828630 672.237945 9780.381648 0.034139 0.994637 -0.097628 -0.789368 0.086748 0.607761 -0.612971 -0.056316 -0.788096
23.652203 -87.020595 -1346.994118 3337.695626 0.009370 0.990504 -0.137165 -0.888368 0.071215 0.453575 -0.459037 -0.117603 -0.880599
31.590553 -92.202355 1875.107591 1898.475204 -0.072973 0.996506 0.040619 -0.953065 -0.081675 0.291542 -0.293841 0.017438 -0.955695
-39.152872 -57.491964 1787.574832 2300.290996 0.909194 -0.390833 -0.143584 -0.317081 -0.873412 0.369609 0.269863 0.290518 0.918027
-40.158073 -59.546918 908.961001 1950.035170 0.971736 -0.205114 -0.116868 -0.147294 -0.913666 0.378840 0.184483 0.350918 0.918054
-6.399064 -21.617533 2300.184639 -4504.048818 0.569931 -0.820832 -0.037598 0.816312 0.560379 0.140037 -0.093878 -0.110503 0.989432
-0.381359 -12.484252 -1434.151327 1326.714421 0.981350 -0.177358 0.074137 -0.159372 -0.966310 -0.202104 -0.107484 -0.186519 0.976554
-12.161529 -44.917850 5865.356014 23323.643972 -0.288503 -0.919181 -0.268090 0.957168 -0.284007 -0.056293 -0.024396 -0.272848 0.961748
78.445714 -38.294256 8127.502778 2042.733398 0.302719 0.947276 0.105018 0.428557 -0.036870 -0.902762 0.851293 -0.318290 0.417123
93.301338 -41.616860 9389.183773 -722.529697 0.300595 0.943799 0.137427 0.413188 0.001001 -0.910645 0.859603 -0.330519 0.389666
78.310404 -45.169342 -18700.379548 -315.737571 0.572163 0.785078 0.237238 0.405413 -0.019288 -0.913930 0.712931 -0.619096 0.329317
84.185275 -38.287803 21652.748484 -385.504138 0.060643 0.996965 0.048812 0.431332 0.017926 -0.902015 0.900153 -0.075755 0.428935
60.688366 -40.778335 -14868.856926 376.373074 0.564199 0.801646 0.197593 0.471066 -0.116002 -0.874437 0.678068 -0.586436 0.443077
66.456557 -31.398751 7509.627640 -3759.213000 0.286430 0.957448 0.035374 0.568679 -0.140180 -0.810527 0.771079 -0.252275 0.584632
30.790045 -44.334363 -441.147740 -169.204121 0.238590 0.889243 -0.390285 0.837530 0.015002 0.546185 -0.491546 0.457190 0.741188
29.503714 -42.989918 -6883.725540 -578.329443 -0.301398 -0.837822 0.455207 0.784478 0.053481 0.617847 -0.541991 0.543317 0.641133
30.113008 -41.803352 5790.392719 -767.247952 0.311108 0.847470 -0.430124 0.716802 0.087931 0.691711 -0.624025 0.523510 0.580112
-12.141174 -47.069648 -1046.947459 -162.067244 -0.739470 0.661387 -0.125508 0.598122 0.731047 0.328361 0.308926 0.167744 -0.936177
-8.519493 -46.228242 -889.682796 34.500731 -0.729278 0.668115 -0.147565 0.608719 0.732020 0.305954 0.312433 0.133299 -0.940541
-1.681652 -140.848021 139.063400 -5119.047904 -0.675548 -0.677237 -0.291520 -0.668744 0.729303 -0.144563 0.310510 0.097293 -0.945578
-2.759715 -125.419066 562.732093 -1976.083584 -0.701757 -0.647999 -0.296031 -0.565909 0.759455 -0.320897 0.432764 -0.057665 -0.899661
-6.010989 -119.343681 1187.891176 -2838.687598 -0.715852 -0.630416 -0.300219 -0.546977 0.773538 -0.320087 0.434019 -0.064922 -0.898562
-10.367662 -50.904044 -11206.259639 4752.421232 0.847135 0.494555 -0.194365 0.223487 -0.663450 -0.714064 0.482096 -0.561471 0.672558
30.993392 -39.246560 -22559.968882 -1120.920894 0.715453 0.690204 0.108375 0.484385 -0.378238 -0.788865 0.503486 -0.616891 0.604936
60.099921 -33.351652 -21299.638197 -1447.255641 0.625953 0.768545 0.132368 0.563474 -0.328365 -0.758072 0.539148 -0.549103 0.638596
22.999766 -52.910395 2495.103261 3550.560705 -0.297598 0.747848 0.593429 -0.128302 0.584624 -0.801095 0.946031 0.314543 0.078032
8.966492 -36.423835 616.508512 4958.520836 -0.276737 0.721508 0.634700 -0.346439 0.541169 -0.766236 0.896324 0.431930 -0.100197
7.308511 -33.642178 708.725863 5080.857174 -0.209968 0.664251 0.717415 -0.407487 0.607551 -0.681789 0.888745 0.435491 -0.143108
13.545829 -45.060775 -82.599452 4486.717919 -0.312101 0.772806 0.552598 -0.220581 0.506813 -0.833358 0.924087 0.381984 -0.012290
-3.870967 -130.870291 -17.911404 7975.111878 0.868220 -0.129085 0.479095 0.494629 0.148866 -0.856260 -0.039209 -0.980396 -0.193098
-5.886115 -151.060574 -862.794219 13637.955944 0.860845 -0.165190 0.481309 0.506542 0.187856 -0.841502 -0.048591 -0.968206 -0.245390
-12.205884 -160.687163 -5809.684884 -55821.765094 0.932480 0.324911 -0.157840 -0.356362 0.898897 -0.254931 -0.059052 -0.293967 -0.953990
104.389526 -122.993461 215203.081807 91770.349320 0.441397 0.842954 -0.307566 0.892734 -0.447120 0.055757 -0.090518 -0.299186 -0.949892
698.078580 -27.074668 1144631.662262 14331.677358 -0.194276 0.944585 -0.264604 0.980549 0.179317 -0.079808 -0.027937 -0.274962 -0.961049
14.688311 -85.435937 -12277.672986 -5020.566319 -0.625476 0.269737 -0.732135 -0.289782 0.790917 0.538959 0.724435 0.549266 -0.416534
30.375259 -91.823672 -11661.912084 -16312.908531 -0.636005 0.195851 -0.746418 -0.379226 0.763080 0.523351 0.672076 0.615915 -0.411051
41.148020 -83.307705 4960.596544 -16370.488823 0.717919 -0.102864 0.688485 -0.360967 0.790661 0.494528 0.595227 0.603551 -0.530500
29.588150 -193.838035 -8094.449748 -44285.904060 0.798760 -0.111979 0.591138 0.365785 -0.689704 -0.624908 -0.477687 -0.715380 0.509948
10.890807 -167.143113 -1460.969437 -29840.228242 0.825708 -0.161486 0.540489 0.258693 -0.743052 -0.617213 -0.501282 -0.649459 0.571769
11.894003 -110.770141 -2232.681991 -13232.328869 0.806835 -0.110884 0.580278 0.275184 -0.798624 -0.535232 -0.522772 -0.591527 0.613844
38.325297 -182.681763 -7980.897480 -37816.819515 0.772099 -0.032923 0.634649 0.410777 -0.736134 -0.537930 -0.484897 -0.676034 0.554844
79.503185 -2385.703477 49481.357337 841462.408538 -0.664035 -0.243879 -0.706810 -0.055873 0.958853 -0.278352 0.745611 -0.145343 -0.650338
56.163421 -1631.427593 -21563.421747 -452229.440881 0.756906 -0.186622 0.626312 0.486701 0.800543 -0.349647 0.436138 -0.569476 -0.696765
-171.302244 -213.529304 20709.700758 -95600.406456 -0.355736 0.829636 -0.430298 -0.354662 -0.545813 -0.759146 0.864677 0.117446 -0.488406
665.530037 -3631.831755 -412900.699951 1557253.482025 -0.514751 -0.343204 -0.785648 -0.446052 0.889795 -0.096450 0.732167 0.300792 -0.611110
-14.369938 -217.472446 2244.496035 23813.744764 -0.718674 0.180474 -0.671518 -0.197285 0.873123 0.445796 0.666773 0.452863 -0.591886
-382.196164 -16274.648488 -1328.152750 6144311.297774 -0.757492 0.089240 -0.646716 -0.158266 0.935962 0.314528 0.633370 0.340606 -0.694860
-9.289164 -34.482826 4294.256691 295.809795 0.282755 0.951280 0.122951 0.851186 -0.307938 0.425038 -0.442191 0.015527 0.896786
-11.872941 -35.783271 2248.370737 -252.944477 0.151878 0.985331 0.077824 0.843199 -0.170246 0.509933 -0.515701 0.011826 0.856687
-12.539172 -35.862985 2169.021204 -1168.611223 0.132131 0.987827 0.082092 0.864303 -0.155363 0.478376 -0.485307 -0.007744 0.874310
-11.683074 -36.468687 2624.668728 194.450028 0.203405 0.970595 0.128731 0.882273 -0.238707 0.405725 -0.424524 -0.031049 0.904884
-24.678157 -45.216376 399.630354 1046.852178 0.522067 -0.505660 0.686844 -0.099395 0.763743 0.637823 -0.847093 -0.401255 0.348465
-24.533616 -41.786328 159.659832 1019.125234 0.531528 -0.555210 0.639703 0.077070 0.783789 0.616227 -0.843527 -0.278240 0.459395
-26.180366 -42.361731 670.851325 1027.940576 0.477746 -0.536507 0.695643 -0.015678 0.786522 0.617363 -0.878358 -0.305849 0.367347
4.079868 -274.961595 7314.915514 -21501.418062 -0.014101 0.716116 0.697838 0.992577 -0.074287 0.096290 0.120795 0.694016 -0.709753
14.814331 -645.529006 5230.473235 -206654.773619 0.100610 0.773337 0.625961 0.943201 0.126083 -0.307368 -0.316622 0.621331 -0.716727
17.812268 -206.556003 1135.951267 -46153.519899 0.044826 0.817872 0.573652 0.990711 0.037403 -0.130741 -0.128386 0.574183 -0.808598
-54.547759 -80.239943 319.985557 -1533.950386 0.012751 0.958755 0.283949 -0.239880 0.278612 -0.929964 0.970719 0.056255 -0.233538
-58.751014 -78.825151 -349.713450 -105.177421 -0.120943 0.986518 0.110248 -0.212118 0.082814 -0.973729 0.969731 0.141151 -0.199243
-53.300487 -77.196675 1163.297950 5471.255781 -0.381531 0.923915 -0.028546 -0.398547 -0.192287 -0.896764 0.834023 0.330766 -0.441587
-54.807937 -79.318137 180.155985 3687.492520 -0.244927 0.968371 0.047631 -0.348327 -0.042042 -0.936430 0.904809 0.245948 -0.347607
-56.729559 -68.758139 -2623.360188 -4591.422700 0.336395 0.926661 0.167745 -0.642519 0.095620 0.760281 -0.688482 0.363534 -0.627563
-53.909368 -65.446328 2216.807847 -465.930648 0.740364 0.642596 -0.197310 -0.362616 0.628947 0.687703 -0.566012 0.437603 -0.698666
-51.360335 -63.278769 3179.875711 2967.596975 0.864251 0.442747 -0.238839 -0.161983 0.694408 0.701113 -0.476268 0.567250 -0.671861
-6.161363 -14.988037 1250.374459 687.671539 0.339210 0.604659 0.720642 0.244153 0.683221 -0.688185 -0.908474 0.409387 0.084126
10.565652 -42.126987 -4749.768526 1318.731854 -0.146984 -0.962731 0.227034 0.987107 -0.157469 -0.028683 0.063365 0.219891 0.973464
3.799141 -41.663176 -3042.552887 -475.536000 -0.182301 -0.959557 0.214513 0.966665 -0.214803 -0.139347 0.179790 0.181959 0.966730
2.033541 -42.297444 1220.936073 -1228.851026 0.123507 0.975413 -0.182528 0.970805 -0.156879 -0.181455 0.205628 0.154788 0.966311
-30.533453 -113.524437 6102.782948 40504.532186 0.919643 0.299510 -0.254068 0.345635 -0.924392 0.161359 0.186530 0.236207 0.953631
-22.347339 -192.338867 6174.258898 86377.884301 0.906434 0.335511 -0.256532 0.391889 -0.894621 0.214655 0.157480 0.295103 0.942398
-10.528104 -43.639520 -450.375997 779.629924 -0.030749 0.965728 -0.257727 -0.942695 -0.113727 -0.313675 0.332236 -0.233313 -0.913884
-11.445306 -44.140174 -118.004644 402.687165 -0.027212 0.980469 -0.194781 -0.973937 -0.069898 -0.215781 0.225181 -0.183833 -0.956817
-11.866940 -45.875207 -243.030602 1667.312767 -0.064651 0.972804 -0.222424 -0.926156 -0.141483 -0.349597 0.371559 -0.183398 -0.910115
-10.684685 -43.934767 235.863182 -493.339059 0.010219 0.990670 -0.135902 0.996642 0.000952 0.081882 0.081247 -0.136282 -0.987333
-11.084670 -47.553129 286.495220 1185.259849 -0.094113 0.977239 -0.190120 -0.921921 -0.157628 -0.353858 0.375772 -0.141973 -0.915772
-10.861094 -45.460817 -139.336615 1138.876176 -0.038869 0.985294 -0.166391 -0.970316 -0.076993 -0.229257 0.238697 -0.152541 -0.959039
-3.190629 -75.453190 -1008.567356 -5964.793580 0.519619 -0.385330 -0.762573 0.486615 0.867093 -0.106564 0.702284 -0.315707 0.638065
-4.503129 -64.011842 -1792.299342 -1942.361142 0.517844 -0.429962 -0.739574 0.608127 0.793057 -0.035249 0.601680 -0.431501 0.672152
6.376740 -64.453332 -5574.810067 -4784.272468 0.524003 -0.438616 -0.730094 0.628046 0.777998 -0.016634 0.575308 -0.449816 0.683145
-9.735390 -43.827868 -61.753708 -122.127075 -0.031524 0.959867 -0.278679 -0.947325 -0.117602 -0.297901 0.318718 -0.254609 -0.913013
-9.479080 -45.438474 -384.720783 1107.187532 -0.042350 0.953348 -0.298888 -0.885258 -0.174490 -0.431129 0.463169 -0.246334 -0.851348
-8.619623 -45.375566 109.940265 561.319153 -0.036887 0.950192 -0.309475 -0.894358 -0.169551 -0.413977 0.445829 -0.261511 -0.856066
-9.007031 -44.093715 25.087787 218.447055 -0.030066 0.949297 -0.312940 0.957883 0.116814 0.262324 0.285579 -0.291872 -0.912828
-3.532010 -185.946804 -2720.626811 -3397.626993 -0.653540 0.222554 0.723433 0.709386 0.513385 0.482915 -0.263925 0.828797 -0.493395
-2.618222 -205.588328 232.183308 10598.675301 -0.643709 0.192123 0.740762 0.760695 0.266334 0.591954 -0.083562 0.944539 -0.317589
-2.032904 -196.080287 238.086614 -9462.972496 0.660115 -0.193484 -0.725818 0.656562 0.618045 0.432374 -0.364930 0.761961 -0.535015
-4.190690 -190.747016 -1637.553503 5198.716276 -0.640513 0.198489 0.741852 0.762458 0.279667 0.583476 -0.091658 0.939355 -0.330470
-4.498836 -177.185637 2256.174464 -14958.029386 0.662520 -0.211578 -0.718541 0.595083 0.731262 0.333364 -0.454910 0.648452 -0.610382
-5.430647 -182.658633 -1465.197283 -7810.337420 -0.639665 0.193229 0.743970 0.692879 0.563995 0.449253 -0.332786 0.802853 -0.494652
2.953190 -122.789932 374.620606 5045.414735 0.640722 -0.066662 -0.764874 0.758461 0.209643 0.617079 0.119215 -0.975503 0.184883
2.326503 -136.309020 -196.577176 7172.582250 0.621331 -0.077413 -0.779715 0.783538 0.056222 0.618795 -0.004065 -0.995413 0.095589
-1.258641 -133.735899 2053.074783 5473.140169 0.619141 -0.044767 -0.784003 0.781416 0.134037 0.609445 0.077802 -0.989965 0.117969
