12569
25128
-38.132923 -60.137242 1761.847781 7353.312083 0.080705 -0.971908 0.221092 0.994563 0.063876 -0.082250 0.065817 0.226528 0.971778
-50.346032 -73.560449 -1433.621940 7350.224280 0.121107 -0.949116 0.290709 0.986767 0.146920 0.068589 -0.107810 0.278556 0.954350
-44.057168 -85.122041 1412.116886 11425.648048 0.373473 -0.896163 0.239603 0.923755 0.382906 -0.007728 -0.084819 0.224220 0.970840
-43.069341 -64.855105 510.077878 5122.449248 -0.363595 -0.884693 0.291748 0.929522 -0.323858 0.176365 -0.061544 0.335312 0.940095
-20.810491 -88.734993 6442.834227 14983.092129 0.290905 -0.948674 0.124066 0.956505 0.285429 -0.060235 0.021731 0.136192 0.990444
-17.697700 -60.349810 -5765.685741 10890.439499 -0.177082 0.979397 -0.097076 0.971552 0.158195 -0.176244 0.157256 0.125524 0.979548
-25.916981 -41.566780 -3897.043529 4259.770935 0.209928 0.960468 -0.182840 0.962166 -0.236165 -0.135876 0.173685 0.147399 0.973708
-32.363249 -43.127360 501.364257 2499.666638 -0.637546 -0.718649 0.277630 0.753629 -0.656563 0.031103 0.159930 0.229060 0.960184
-36.629124 -51.804312 -406.379308 3422.043551 -0.624757 -0.724320 0.291614 0.775680 -0.618514 0.125542 0.089435 0.304633 0.948262
-59.493246 -76.071829 305.564337 -4781.132401 -0.321679 0.891016 0.320332 -0.117271 0.298217 -0.947267 0.939558 0.342281 -0.008561
-60.709476 -79.061495 301.181560 -3745.876595 -0.384006 0.915493 0.120049 -0.205049 0.042217 -0.977841 0.900275 0.400113 -0.171509
-57.806574 -73.545511 4448.944142 -351.626723 -0.404108 0.739629 0.538187 -0.275103 0.462854 -0.842665 0.872362 0.488584 -0.016431
-51.135630 -69.794647 -4602.322334 -686.839921 0.391224 -0.600192 -0.697649 -0.248990 0.660767 -0.708089 0.885973 0.450729 0.109066
-51.633178 -68.510724 4237.401369 1934.088081 -0.479543 0.613174 0.627740 -0.359737 0.515117 -0.777974 0.800393 0.598893 0.026439
4.483533 -51.017686 -7435.168428 -884.844932 0.303731 0.940090 0.154850 0.225861 0.086850 -0.970280 0.925600 -0.329678 0.185950
1.792001 -48.117731 -4825.433190 -1102.118665 0.287664 0.946470 0.146439 0.335663 0.043569 -0.940974 0.896984 -0.319838 0.305162
9.501866 -48.957868 -7358.233729 -1491.289355 0.289930 0.941480 0.171917 0.332673 0.069290 -0.940493 0.897368 -0.329870 0.293116
16.131206 -50.736419 -2330.833925 -589.915387 0.235046 0.957240 0.168656 0.220602 0.116452 -0.968387 0.946619 -0.264821 0.183798
13.318231 -50.424216 -5595.497092 854.348984 0.285971 0.946083 0.152145 0.098169 0.129015 -0.986772 0.953196 -0.297124 0.055981
28.566477 -44.562823 -10676.417587 -1443.016543 -0.310013 0.937438 0.158439 0.904753 0.239696 0.352091 -0.292086 -0.252501 0.922458
36.103197 -47.939259 -4762.581560 -1072.375492 -0.176069 0.978817 0.104479 0.936908 0.134070 0.322844 -0.301998 -0.154731 0.940668
19.507271 -49.049139 8785.444053 80.616485 0.241330 -0.953472 -0.180694 0.957501 0.203640 0.204261 -0.157961 -0.222309 0.962095
10.218875 -45.558041 7671.826756 -505.260907 0.332847 -0.930549 -0.152616 0.924234 0.289818 0.248592 -0.187096 -0.223796 0.956509
1.915245 -46.504453 6036.189387 152.415224 0.286734 -0.945763 -0.152694 0.955621 0.271113 0.115262 -0.067613 -0.178967 0.981529
10.050010 -49.415567 5736.078681 110.558707 0.182018 -0.969862 -0.161982 0.982799 0.174206 0.061313 -0.031247 -0.170356 0.984887
-2.339067 -54.991200 -540.882311 2772.116905 0.140621 0.970655 -0.195075 -0.965065 0.178380 0.191913 -0.221079 -0.161273 -0.961829
-2.018872 -61.325145 -392.329977 -2018.706717 0.155935 0.969105 -0.191101 0.987215 -0.159370 -0.002641 -0.033016 -0.188246 -0.981567
0.466649 -57.833143 -780.474531 -2415.131432 0.140483 0.967538 -0.210083 0.979185 -0.167170 -0.115117 -0.146500 -0.189538 -0.970883
-4.473989 -54.550531 -492.217696 2479.764187 0.148202 0.971225 -0.186433 -0.965845 0.182661 0.183788 -0.212554 -0.152828 -0.965124
0.118506 -51.929405 -822.120648 2470.358980 0.118822 0.971733 -0.203999 -0.943361 0.174579 0.282120 -0.309759 -0.158922 -0.937440
-2.685328 -48.431425 -608.765656 2211.938621 0.112714 0.975670 -0.188051 -0.921850 0.173308 0.346637 -0.370794 -0.134284 -0.918956
-4.931888 -47.719204 -778.075900 2012.580305 0.120129 0.974990 -0.186987 -0.921952 0.179422 0.343238 -0.368203 -0.131160 -0.920448
31.346834 -70.644015 334.582391 -11765.444336 -0.137983 0.988366 0.063984 -0.867469 -0.089423 -0.489388 0.477973 0.123032 -0.869716
32.708572 -74.155029 5551.268130 -8416.259914 -0.209240 0.949346 0.234438 -0.901693 -0.094547 -0.421914 0.378377 0.299672 -0.875801
30.898998 -86.551075 -613.400679 -14410.926500 -0.120517 0.991935 0.039263 -0.923779 -0.097579 -0.370285 0.363467 0.080896 -0.928088
26.148303 -85.248584 -6767.571000 -14230.862745 -0.023978 0.993296 -0.113081 -0.909105 -0.068719 -0.410859 0.415876 -0.092951 -0.904659
21.511877 -103.632641 -7010.006419 -10663.504395 -0.022688 0.992431 -0.120692 -0.967765 -0.052091 -0.246408 0.250830 -0.111211 -0.961622
27.953962 -101.650910 -1482.867581 -11677.264322 -0.100310 0.994590 0.026988 -0.971804 -0.092122 -0.217048 0.213388 0.047999 -0.975788
1.293580 -95.435698 -442.403741 9201.736366 -0.023214 0.990322 0.136831 0.230778 -0.127863 0.964569 -0.972730 -0.053969 0.225576
-0.372109 -92.520420 -360.475876 9846.864646 -0.026166 0.988773 0.147115 0.244334 -0.136376 0.960053 -0.969338 -0.061066 0.238022
0.950760 -111.103147 -396.790659 11847.321843 -0.030716 0.992508 0.118259 0.024847 -0.117520 0.992760 -0.999219 -0.033432 0.021051
20.574776 -42.527214 -2390.454705 -588.400463 -0.095611 0.987648 0.124135 -0.397307 0.076479 -0.914493 0.912691 0.136755 -0.385088
22.280046 -42.445922 -2943.716901 0.060871 -0.061325 0.985876 0.155842 -0.489311 0.106392 -0.865595 0.869950 0.129338 -0.475876
16.729457 -44.480537 -1832.639777 -1310.852401 -0.058901 0.992723 0.105030 -0.398817 0.073050 -0.914116 0.915137 0.095730 -0.391612
28.782798 -39.057087 -3699.089966 -289.163737 -0.100236 0.974106 0.202659 -0.473745 0.132388 -0.870654 0.874939 0.183280 -0.448208
16.133733 -45.762689 -878.513124 480.704884 -0.091287 0.991134 0.096545 -0.307281 0.064183 -0.949452 0.947230 0.116339 -0.298698
19.632414 -45.145223 -1178.953618 2191.942453 -0.124255 0.985622 0.114503 -0.320175 0.069398 -0.944813 0.939174 0.154059 -0.306949
25.874862 -40.274091 -3511.701805 -99.493327 -0.122231 0.977343 0.172799 -0.392284 0.112354 -0.912957 0.911687 0.179378 -0.369663
10.835975 -26.550188 8.045157 3804.790442 -0.247849 0.963736 0.098912 0.873977 0.178369 0.452049 -0.418013 -0.198487 0.886492
9.473991 -34.318462 -318.781186 3459.754997 -0.216711 0.968273 0.124434 0.846323 0.122807 0.518320 -0.486594 -0.217637 0.846085
7.965333 -27.757268 1715.180332 3191.732846 -0.234839 0.969586 0.068940 0.858614 0.173668 0.482308 -0.455666 -0.172458 0.873285
8.562647 -33.133795 -1482.295311 4121.192048 -0.218573 0.962763 0.159104 0.866438 0.116471 0.485509 -0.448899 -0.243973 0.859632
8.776009 -21.712280 1948.883096 2715.106703 -0.272343 0.961397 0.039316 0.873764 0.229994 0.428531 -0.402946 -0.151061 0.902671
10.441651 -19.510643 387.373458 2791.863516 -0.270078 0.959371 0.081639 0.887804 0.215319 0.406745 -0.372641 -0.182333 0.909887
10.274175 -24.380741 -1132.543231 4321.563715 -0.238344 0.960691 0.142357 0.892709 0.158997 0.421653 -0.382444 -0.227582 0.895513
14.292311 -170.378536 -5403.137883 21236.570213 0.712961 0.018579 0.700957 0.610085 0.476347 -0.633158 0.345662 -0.879061 -0.328282
8.050072 -141.604434 -4482.129573 18633.276165 0.726644 0.021037 0.686692 0.489035 0.686186 -0.538510 0.482527 -0.727122 -0.488326
1.726387 -168.002954 -1636.078868 17505.717722 0.689608 0.023784 0.723792 0.590044 0.561015 -0.580612 0.419868 -0.827464 -0.372847
-4.190112 -168.500023 -1483.571814 23737.701825 0.684257 -0.008978 0.729185 0.553407 0.657572 -0.511214 0.474902 -0.753338 -0.454917
-3.968087 -178.152333 3453.322299 8991.641297 -0.678466 0.031143 -0.733971 0.699476 0.332755 -0.632461 0.224536 -0.942499 -0.247547
7.448735 -30.081898 21301.067611 -664.937702 0.845638 -0.321848 0.425805 0.150313 -0.621867 -0.768562 -0.512154 -0.713929 0.477497
50.704278 -28.558344 27960.484480 -576.769866 0.834218 -0.389725 0.390122 0.085093 -0.608013 -0.789354 -0.544830 -0.691689 0.474053
-0.376522 -27.785691 15184.354957 -2135.319642 0.835487 -0.337158 0.433919 0.114170 -0.665911 -0.737244 -0.537519 -0.665498 0.517866
-3.199985 -168.692218 746.793268 -19718.859159 0.758653 -0.039085 0.650322 0.173854 0.974147 -0.144268 -0.627870 0.222511 0.745834
-2.745538 -135.124577 1206.273983 -15063.612779 0.775944 0.035780 0.629786 -0.083801 0.995388 0.046697 -0.625211 -0.089011 0.775363
0.606959 -149.252582 488.032452 -14999.710838 0.765272 0.019370 0.643415 -0.005527 0.999708 -0.023521 -0.643683 0.014444 0.765156
0.934169 -169.579763 797.629029 -14260.402275 0.756266 -0.022681 0.653872 0.183708 0.966555 -0.178949 -0.627944 0.255454 0.735139
3.327625 -212.179799 1027.721081 -21016.982926 0.739231 -0.088312 0.667637 0.379397 0.873687 -0.304513 -0.556414 0.478405 0.679362
-4.566738 -190.196916 3918.734455 19553.806617 0.754928 -0.119336 0.644858 -0.430148 -0.832344 0.349537 -0.495031 0.541260 0.679692
-6.417325 -143.254946 3113.126026 -16084.405551 0.769803 -0.060660 0.635392 0.252081 0.943443 -0.215337 -0.586394 0.325938 0.741557
-0.327962 -203.945441 -1155.099409 -17699.555665 0.717589 -0.070243 0.692916 0.420543 0.836755 -0.350693 -0.555167 0.543054 0.629986
2.310076 -386.116229 8142.335955 3638.127858 0.718952 0.085389 0.689795 -0.324483 0.918875 0.224452 -0.614670 -0.385197 0.688335
3.084620 -599.965076 -3431.849640 -128671.996406 0.732375 0.090262 0.674892 -0.383740 0.873489 0.299602 -0.562468 -0.478404 0.674358
43.090713 -1925.628823 -15332.146852 -613119.039359 0.727201 -0.000509 0.686424 -0.034498 0.998709 0.037289 -0.685557 -0.050797 0.726245
19.783526 -521.073268 -5306.045156 -72116.008399 0.704001 0.059440 0.707707 -0.351822 0.894814 0.274825 -0.616931 -0.442464 0.650863
7.128782 -546.409051 277.508969 -44004.269032 0.691789 0.008536 0.722049 0.104170 0.988291 -0.111487 -0.714546 0.152341 0.682800
10.913207 -1311.178003 -14490.757864 -381704.398136 0.703671 0.004572 0.710511 0.330250 0.883294 -0.332755 -0.629112 0.468797 0.620039
6.746476 -653.158203 4947.586827 -121496.016224 0.682911 -0.047377 0.728963 0.335431 0.906811 -0.255304 -0.648936 0.418867 0.635163
-353.648946 -702.060643 -8103779.344830 19086.285383 0.548834 -0.214397 -0.807970 0.753625 0.545127 0.367268 0.361705 -0.810475 0.460760
71266.535019 -7980.983797 -1548825887.878959 -17463177.127564 0.259506 -0.617311 -0.742687 0.884013 -0.157779 0.440031 -0.388816 -0.770735 0.504766
118.837774 -1575.645792 762314.181418 263756.025096 0.846506 0.308462 0.433911 0.431290 0.080496 -0.898615 0.312117 -0.947825 0.064897
7.053929 -31.281301 -5252.950669 -1026.022852 -0.072363 -0.695892 -0.714492 -0.106008 0.717678 -0.688259 0.991729 0.025938 -0.125704
-5.968594 -36.333808 5404.394870 -2510.087231 0.014835 0.830850 0.556299 -0.199436 0.547640 -0.812598 0.979799 0.098891 -0.173825
4.551648 -32.197521 -4379.917511 -1119.466043 -0.067781 -0.698101 -0.712783 -0.175513 0.711628 -0.680280 0.982141 0.078993 -0.170761
-3.147896 -35.571337 3706.118674 -2244.714571 0.041744 0.766983 0.640308 -0.259752 0.627161 -0.734301 0.964773 0.135668 -0.225405
-27.200957 -51.044619 1572.470883 -1021.266761 0.040272 0.709958 -0.703092 -0.375766 -0.641246 -0.669032 0.925839 -0.291141 -0.240954
-25.216983 -51.252515 755.972706 -977.175704 -0.020240 0.738223 -0.674253 -0.455828 -0.607035 -0.650945 0.889838 -0.294168 -0.348789
-23.825353 -47.777629 846.760123 -964.352067 0.018888 0.769565 -0.638289 -0.288984 -0.606952 -0.740336 0.957147 -0.198439 -0.210928
-25.867491 -52.662117 837.670841 -734.234366 0.027436 0.726270 -0.686861 -0.543091 -0.566036 -0.620206 0.839226 -0.390044 -0.378901
-26.079422 -47.304526 1772.685486 -1188.790651 0.074745 0.758149 -0.647784 -0.202275 -0.624570 -0.754319 0.976472 -0.187412 -0.106671
-28.745326 -49.898676 1336.229567 -866.260312 0.112767 0.696684 -0.708460 -0.291362 -0.658480 -0.693911 0.949943 -0.284668 -0.128732
-27.815685 -50.816151 1377.713692 -322.745325 0.102636 0.711485 -0.695165 -0.457091 -0.586968 -0.668234 0.883478 -0.386339 -0.264970
22.061204 -93.768055 2704.811015 -2286.222383 -0.086787 0.952473 0.291998 0.456170 -0.222576 0.861608 -0.885650 -0.207977 0.415173
23.243128 -104.727221 1611.058336 -4850.206868 -0.169068 0.946652 0.274345 0.605752 -0.119773 0.786587 -0.777484 -0.299172 0.553186
20.749659 -101.092026 196.142029 -4088.773762 -0.162634 0.932903 0.321312 0.444244 -0.221540 0.868083 -0.881021 -0.283921 0.378407
53.771389 -45.594355 10980.607787 1436.559313 -0.488203 0.813273 0.316615 -0.595780 -0.045471 -0.801860 0.637734 0.580103 -0.506731
47.314220 -41.728472 12869.839666 2581.553653 -0.399693 0.766939 0.502046 0.729875 -0.065071 0.680477 0.554553 0.638413 -0.533761
62.107481 -55.095529 10774.214109 -1997.834824 -0.376536 0.834109 0.403092 -0.716977 0.013159 -0.696972 0.586655 0.551443 -0.593082
-5.472588 -88.064124 -2423.344087 10083.416546 -0.108488 0.962197 0.249812 -0.553217 -0.267225 0.789013 -0.825942 0.052602 -0.561295
-2.377482 -87.215383 -1617.380275 1310.748480 0.000196 0.984260 0.176728 -0.666222 -0.131667 0.734039 -0.745754 0.117884 -0.655709
5.781953 -169.228097 674.375874 35692.495097 -0.020831 0.965558 0.259352 -0.658294 -0.208486 0.723314 -0.752473 0.155662 -0.639964
23.306739 -39.808650 -7612.641080 678.507588 -0.184191 0.078820 -0.979725 0.179208 0.982764 0.045373 0.966415 -0.167217 -0.195141
19.105085 -36.869972 -6442.033339 493.822225 -0.207006 0.084567 -0.974678 0.094106 0.993359 0.066201 0.973803 -0.078019 -0.213590
22.305157 -37.455202 -952.143244 -829.588625 -0.363182 0.156969 -0.918401 0.149454 0.982757 0.108866 0.919653 -0.097721 -0.380379
-27.038295 -70.781383 -14187.990149 12102.753168 -0.168091 0.977190 0.129786 0.190333 -0.097009 0.976915 -0.967222 -0.188913 0.169686
-0.234995 -66.996881 -14176.442920 17590.946675 -0.261840 0.964921 0.019167 0.191417 0.032456 0.980972 -0.945938 -0.260526 0.193201
8.134976 -67.215124 -37165.108967 5144.145821 -0.395879 0.917235 -0.044280 0.286304 0.169098 0.943099 -0.872531 -0.360675 0.329550
-30.867375 -68.291916 -17344.764618 -59.621560 -0.184668 0.982068 0.037954 0.271668 0.013895 0.962291 -0.944508 -0.188015 0.269362
-44.619382 -69.558390 -3514.724248 5523.912355 0.042213 0.974748 0.219283 0.120532 -0.222844 0.967374 -0.991812 0.014405 0.126895
28.315849 -22.798653 10852.353540 -4160.849184 -0.088969 0.995284 0.038659 -0.196831 -0.055616 0.978859 -0.976392 -0.079478 -0.200850
36.771328 -24.183462 11304.480100 -2391.183783 -0.116519 0.987458 0.106534 -0.202500 -0.128631 0.970798 -0.972326 -0.091543 -0.214948
12.873690 -19.874940 5618.665823 -2247.250208 -0.077648 0.996839 0.016808 -0.202560 -0.032281 0.978738 -0.976186 -0.072593 -0.204427
19.300662 -24.246165 8834.344115 -3922.143123 -0.050448 0.997476 -0.049968 -0.159575 0.041339 0.986320 -0.985896 -0.057731 -0.157087
2.032509 -16.453474 1078.086354 -972.911689 -0.095003 0.992920 0.071308 -0.208981 -0.089929 0.973776 -0.973294 -0.077610 -0.216045
1.827295 -18.018665 3670.683144 -3855.568786 -0.070290 0.996813 -0.037727 -0.197394 0.023173 0.980050 -0.977801 -0.076335 -0.195136
-2.051599 -45.163830 -1406.768172 -991.145458 -0.184926 0.970894 -0.152208 0.982436 0.178704 -0.053715 -0.024951 -0.159468 -0.986888
-3.000048 -44.936777 172.143551 -75.812021 -0.176743 0.970590 -0.163453 0.973585 0.148011 -0.173851 -0.144545 -0.189863 -0.971112
-7.831444 -45.088421 -992.121310 -27.146427 -0.273601 0.949178 -0.155577 0.961486 0.265487 -0.071150 -0.026231 -0.169052 -0.985258
3.973210 -43.840413 -1868.049636 -930.287464 -0.146791 0.975022 -0.166686 0.982681 0.124476 -0.137273 -0.113096 -0.183950 -0.976408
-8.029605 -44.783454 -1267.295909 -161.012560 -0.200074 0.966572 -0.160338 0.974668 0.213043 0.068075 0.099959 -0.142656 -0.984712
-13.066819 -42.101111 -2884.644320 1527.183344 -0.287624 -0.252536 -0.923850 -0.004148 0.964930 -0.262474 0.957734 -0.071662 -0.278585
-20.347112 -41.072409 745.632615 226.515445 -0.302023 -0.550037 -0.778615 -0.246929 0.834020 -0.493393 0.920765 0.043246 -0.387714
-13.829700 -38.275291 -2856.823834 859.913168 -0.263693 -0.294784 -0.918460 -0.095763 0.955456 -0.279165 0.959841 0.014341 -0.280177
-0.852476 -71.700519 723.660363 -173.818511 -0.337801 0.900476 0.273922 0.913732 0.243924 0.324953 0.225796 0.360061 -0.905192
-1.506458 -70.989800 618.024836 -1459.082636 -0.324298 0.904408 0.277266 -0.848266 -0.148312 -0.508379 0.418660 0.400061 -0.815276
-2.853961 -72.779810 402.431005 -1686.219366 -0.309027 0.910677 0.274170 -0.858425 -0.142991 -0.492605 0.409400 0.387583 -0.825937
2.585721 -127.690032 -362.827175 11232.153733 -0.440436 0.797024 0.413242 0.079954 -0.423640 0.902295 -0.894217 -0.430443 -0.122861
3.029945 -151.719016 -334.491990 5510.598083 -0.421369 0.822957 0.381039 -0.204339 -0.495511 0.844224 -0.883569 -0.277869 -0.376955
4.144160 -137.940186 -368.699780 10922.787682 -0.425269 0.805518 0.412659 0.065444 -0.427381 0.901700 -0.902698 -0.410471 -0.129036
15.062842 -50.227281 -286.961669 729.620527 -0.062496 0.994962 0.078386 -0.989442 -0.051475 -0.135483 0.130766 0.086025 -0.987674
15.480319 -48.831391 -7822.261413 364.451597 -0.053251 0.997998 0.034114 -0.989635 -0.048180 -0.135284 0.133370 0.040965 -0.990219
9.298872 -48.555424 -2964.351086 515.480555 -0.052564 0.996983 0.057111 0.998048 0.050518 0.036708 0.033712 0.058929 -0.997693
16.242178 -49.960785 -6459.879234 643.925464 -0.060926 0.997447 0.037261 -0.966043 -0.049535 -0.253589 0.251096 0.051446 -0.966594
11.785952 -48.203363 6562.291542 20.955047 -0.063061 0.989831 0.127507 0.997725 0.065577 -0.015623 -0.023825 0.126231 -0.991715
10.902230 -50.957012 -3663.315001 659.185954 -0.053996 0.997038 0.054768 -0.963907 -0.037724 -0.263553 0.260707 0.067022 -0.963089
10.950865 -51.162749 4998.598432 1294.623902 -0.088168 0.990531 0.105233 -0.972939 -0.062983 -0.222315 0.213582 0.121986 -0.969279
15.098960 -50.294383 5588.679514 -1511.473959 -0.085830 0.990513 0.107319 0.991667 0.074546 0.105066 0.096069 0.115443 -0.988658
1.047097 -61.192012 471.157270 2790.844500 0.458143 -0.748933 -0.478752 0.797914 0.109157 0.592806 -0.391713 -0.653593 0.647594
1.618448 -69.920874 93.688675 4047.727999 0.452452 -0.752601 -0.478413 0.733773 0.009296 0.679331 -0.506817 -0.658412 0.556445
0.459209 -60.590519 -56.351678 2928.267535 0.441810 -0.753369 -0.487073 0.816438 0.112643 0.566340 -0.371797 -0.647879 0.664845
-1.849523 -52.966213 891.551017 -277.407575 -0.264487 0.877358 0.400361 -0.248215 0.339228 -0.907366 0.931899 0.339362 -0.128052
0.383429 -50.293820 657.159279 4.025033 -0.263585 0.874796 0.406514 -0.244065 0.347226 -0.905465 0.933250 0.337883 -0.121984
-1.196562 -53.873090 594.607385 487.687563 -0.251266 0.860175 0.443806 -0.113082 0.429289 -0.896060 0.961290 0.275336 0.010595
0.354521 -51.738448 919.743977 -717.711255 -0.283405 0.888834 0.360076 -0.370354 0.244902 -0.896025 0.884602 0.387294 -0.259777
-2.969158 -55.828576 677.403027 88.689089 -0.246711 0.871492 0.423834 -0.114328 0.408124 -0.905739 0.962322 0.271912 0.001053
-2.193202 -54.575614 1011.785281 -793.015873 -0.280891 0.890171 0.358743 -0.379611 0.240261 -0.893404 0.881474 0.387132 -0.270431
-3.948914 -55.289666 732.017593 -446.378173 -0.256618 0.886203 0.385735 -0.254051 0.323218 -0.911586 0.932526 0.331926 -0.142197
2.736138 -135.268664 -3925.160740 -2117.574242 -0.642187 0.158765 -0.749927 0.114035 0.987217 0.111349 0.758019 -0.014011 -0.652082
13.261919 -114.179549 -2419.849139 7386.828205 -0.692854 0.170496 -0.700631 0.237603 0.971361 0.001412 0.680807 -0.165494 -0.713522
3.078448 -131.985829 -827.425262 2222.007736 -0.686734 0.200487 -0.698714 0.394088 0.910380 -0.126110 0.610812 -0.361958 -0.704198
-1.234457 -122.772010 -1793.113404 422.250427 -0.669253 0.180895 -0.720678 0.333540 0.939840 -0.073833 0.663966 -0.289788 -0.689327
-6.963101 -115.871112 586.207571 1246.983104 0.804079 0.019811 0.594193 -0.589173 0.160334 0.791940 0.079580 0.986864 -0.140593
-4.474381 -116.176831 1014.097638 1206.817234 0.780470 0.007400 0.625149 -0.617817 0.162273 0.769395 0.095751 0.986718 -0.131221
-7.209350 -112.233097 2164.946685 -1627.572368 0.793559 0.000734 0.608492 -0.567062 0.363574 0.739090 0.220690 0.931565 -0.288934
-16.144223 -358.980241 -4038.776199 -102779.759583 -0.302355 0.100594 -0.947872 0.931580 0.241755 -0.271502 0.201841 -0.965109 -0.166807
-15.270185 -370.206340 -519.042506 -113549.465472 -0.369365 0.115082 -0.922131 0.929222 0.034260 -0.367929 -0.010750 -0.992765 -0.119591
-22.676175 -436.707382 -5746.509991 -162494.193840 -0.429555 0.077436 -0.899714 0.902568 0.004579 -0.430524 -0.029218 -0.996987 -0.071859
-22.534038 -112.758387 -7704.685799 -43294.000513 -0.561890 0.097495 -0.821446 0.827057 0.085426 -0.555589 0.016005 -0.991563 -0.128634
-8.779876 -305.818363 2802.955771 -96895.665643 -0.342984 0.228129 -0.911219 0.939055 0.059328 -0.338608 -0.023186 -0.971822 -0.234574
-7.820715 -22.182328 -1411.767035 1369.944371 -0.216893 0.346914 0.912474 -0.042242 0.930513 -0.363814 -0.975281 -0.117454 -0.187168
-6.894094 -28.299127 -475.922412 2926.256568 -0.205699 0.277467 0.938456 -0.086740 0.950019 -0.299899 -0.974764 -0.143090 -0.171351
-9.972097 -26.325119 -1774.558608 1790.763812 -0.198954 0.268701 0.942453 -0.105852 0.950160 -0.293243 -0.974276 -0.158102 -0.160595
-13.471697 -30.367966 -1997.402507 2163.328489 -0.175786 0.257058 0.950274 -0.153416 0.946358 -0.284378 -0.972401 -0.195777 -0.126920
-14.519338 -24.605151 -1805.510309 2138.126701 -0.165316 0.397580 0.902552 -0.076640 0.907198 -0.413665 -0.983258 -0.137557 -0.119504
-30.720212 -347.109865 18715.902927 -75034.810654 0.773756 0.374254 -0.511113 -0.561045 0.030198 -0.827234 0.294161 -0.926834 -0.233340
-126.691325 -322.359390 57283.459078 12701.590799 0.168482 0.751765 0.637545 0.408239 -0.641929 0.649051 -0.897193 -0.150917 0.415053
-686.514917 -3955.055563 -336645.803764 -1088430.329608 -0.423999 -0.577222 -0.697883 0.877107 -0.453690 -0.157638 -0.225630 -0.678956 0.698649
-17.320291 -195.153319 -1544.520135 54175.161801 0.225078 0.931281 -0.286454 -0.153297 0.324184 0.933491 -0.962206 0.166196 -0.215729
-130.697679 -331.235645 31522.996096 -129243.210772 0.758244 0.608849 -0.233171 -0.124536 -0.215799 -0.968464 0.639966 -0.763370 0.087804
-58.041881 -335.287859 216.756567 -78373.366399 0.594876 0.719618 -0.358151 -0.327027 -0.190352 -0.925645 0.734286 -0.667770 -0.122099
-67.809661 -115.754990 5104.823200 42520.651354 0.678666 0.719434 0.147738 -0.030269 0.228383 -0.973101 0.733823 -0.655939 -0.176772
-45.432196 -123.097237 89654.619796 21149.068237 -0.362085 -0.009889 -0.932093 0.636486 0.727924 -0.254975 0.681015 -0.685586 -0.257276
88.090086 -710.445843 -10515.510945 -230993.128448 0.724185 -0.658402 -0.205091 0.592582 0.746249 -0.303248 0.352708 0.098074 0.930580
45.503350 -171.267313 -1814.258650 -54721.086566 0.737826 -0.642436 -0.207098 0.658488 0.752501 0.011663 0.148348 -0.144977 0.978251
47.546878 -489.160590 -12325.952232 174565.770574 0.717581 -0.693633 -0.062860 -0.695534 -0.718377 -0.012923 0.036193 -0.052994 0.997939
-51.957521 -88.409618 -300.395481 7144.436021 -0.383289 0.863037 -0.329024 0.873545 0.454436 0.174376 -0.300013 0.220581 0.928082
-53.891205 -77.303676 -1183.602313 3751.483203 -0.017111 -0.944008 0.329479 0.961477 0.074885 0.264488 -0.274351 0.321312 0.906361
-58.409305 -83.034193 -3351.743892 -4394.725844 -0.214605 0.975433 0.049749 -0.176865 0.011282 -0.984170 0.960554 0.220007 -0.170099
-58.718235 -82.730104 -1776.121960 2222.355564 -0.280361 0.959817 -0.012195 -0.371741 -0.120280 -0.920511 0.884990 0.253542 -0.390525
60.740654 -28.711768 -11497.229171 -1944.102156 0.300440 -0.779059 0.550276 0.862994 0.467719 0.191000 -0.406175 0.417500 0.812844
60.846613 -36.145320 -5496.469332 -5031.490591 0.420039 -0.759228 0.497133 0.841169 0.531313 0.100706 -0.340591 0.375872 0.861811
69.739543 -38.867049 1042.717187 -5901.197992 -0.398386 0.837900 -0.373113 0.851353 0.489168 0.189505 -0.341301 0.242155 0.908226
47.206635 -25.360676 -9059.299361 -890.410349 0.373411 -0.666146 0.645611 0.849691 0.524892 0.050140 -0.372277 0.529847 0.762019
70.281787 -37.843700 1741.559197 -1434.397949 -0.343406 0.870735 -0.351983 0.858888 0.442784 0.257399 -0.379978 0.213921 0.899919
41.391869 -23.783423 -14357.099520 163.400664 0.270922 -0.695776 0.665204 0.856622 0.489486 0.163100 -0.439089 0.525641 0.728630
57.049349 -30.928250 14430.067433 1147.508985 -0.215415 0.806948 -0.549938 0.866638 0.417514 0.273168 -0.450039 0.417753 0.789270
3.206968 -44.137380 -7612.936096 -1374.955920 0.305222 0.938312 0.162513 0.425068 0.018469 -0.904973 0.852148 -0.345297 0.393209
-9.020047 -44.379290 80.680717 -1528.302506 0.273450 0.959221 0.071562 0.430277 -0.055443 -0.900993 0.860283 -0.277168 0.427892
49.882781 -41.454922 -6053.317781 -2618.035642 -0.237415 0.968611 0.073666 0.868098 0.177523 0.463564 -0.435935 -0.174006 0.882996
44.916044 -45.816445 4419.675348 -2235.464898 -0.091059 0.995805 -0.009029 0.892534 0.085631 0.442777 -0.441692 -0.032260 0.896586
30.632880 -52.040013 3622.159775 -1686.532394 -0.041170 0.998987 0.018160 0.951012 0.033606 0.307323 -0.306402 -0.029923 0.951432
0.225832 -63.630877 -578.079307 -1978.240364 0.160134 0.965925 -0.203337 0.986552 -0.149782 0.065421 0.032736 -0.211079 -0.976921
-1.383367 -65.275588 -288.648276 -622.109785 0.183162 0.964826 -0.188580 0.965144 -0.140002 0.221128 0.186948 -0.222509 -0.956839
-3.641500 -61.040626 -404.481692 -2237.680666 0.170281 0.966722 -0.190925 0.984798 -0.173700 -0.001192 -0.034316 -0.187819 -0.981604
30.876481 -65.802684 6398.449488 -3675.617476 -0.219485 0.939671 0.262384 -0.854323 -0.055245 -0.516798 0.471124 0.337590 -0.814908
19.761557 -70.695547 5003.087985 -189.512753 -0.202083 0.931415 0.302704 -0.884169 -0.040580 -0.465401 0.421197 0.361691 -0.831729
17.820721 -43.629071 -2665.915186 812.307240 -0.030130 0.992769 0.116201 -0.500048 0.085689 -0.861748 0.865473 0.084071 -0.493850
23.869360 -35.908498 -3488.373408 4242.021686 -0.025979 0.982121 0.186449 -0.585273 0.136261 -0.799305 0.810420 0.129889 -0.571269
31.746044 -34.311903 -4028.995880 3185.602462 -0.065240 0.967105 0.245867 -0.567410 0.166729 -0.806379 0.820847 0.192116 -0.537868
6.878515 -40.258683 -1794.347219 2351.566195 -0.199278 0.964319 0.174293 0.819661 0.066548 0.568970 -0.537069 -0.256244 0.803676
27.055706 -164.068822 -7813.307355 23883.651040 0.736246 0.048429 0.674979 0.509641 0.616524 -0.600136 0.445205 -0.785845 -0.429232
9.327540 -115.933927 -4102.960758 14339.786818 0.722442 0.016341 0.691238 0.398472 0.807169 -0.435543 0.565063 -0.590094 -0.576622
65.484779 -31.025119 38157.945024 -257.705768 0.847751 -0.391561 0.357768 0.094822 -0.551778 -0.828583 -0.521849 -0.736357 0.430642
121.682962 -30.007057 46007.633888 -511.758047 0.801328 -0.498140 0.331256 0.003465 -0.549857 -0.835251 -0.598216 -0.670458 0.438890
-2.687819 -125.604492 1039.450103 -6234.716620 0.777129 0.088175 0.623133 -0.254767 0.949456 0.183377 -0.575468 -0.301262 0.760314
-4.866725 -122.057801 1475.088068 -2910.481796 0.771522 0.076956 0.631531 -0.193296 0.974086 0.117446 -0.606127 -0.212685 0.766404
-0.024063 -129.789489 669.879744 -9950.529405 0.770031 0.078002 0.633220 -0.199907 0.972018 0.123361 -0.605879 -0.221577 0.764077
-3.645691 -122.174604 871.382841 7656.376706 0.758885 0.115234 0.640948 -0.342481 0.907743 0.242299 -0.553895 -0.403390 0.728339
20.876117 -44.962503 -4967.106403 -857.256623 -0.340121 -0.125403 -0.931983 -0.258160 0.965443 -0.035691 0.904252 0.228462 -0.360741
19.742664 -41.595028 -2563.927983 -846.580339 -0.333273 -0.227205 -0.915045 -0.194721 0.966192 -0.168985 0.922504 0.121860 -0.366248
9.228994 -40.782773 -5285.291760 -1603.854406 -0.282166 -0.149412 -0.947659 -0.271314 0.959901 -0.070559 0.920202 0.237204 -0.311389
16.912382 -46.360594 -6502.392909 -1251.231980 -0.326995 -0.065142 -0.942778 -0.335250 0.940733 0.051278 0.883562 0.332834 -0.329453
-1.540257 -41.201912 -5139.826039 -906.150858 -0.295952 -0.116513 -0.948070 -0.360052 0.932930 -0.002258 0.884746 0.340686 -0.318053
6.084469 -325.378400 2946.847974 -29995.482530 0.683574 0.169597 0.709904 0.591945 -0.697832 -0.403276 -0.426999 -0.695893 0.577412
-5.129610 -123.247150 232.419118 -2673.871233 -0.721340 -0.041507 -0.691336 0.228631 0.927973 -0.294269 0.653755 -0.370329 -0.659895
-5.958016 -136.018098 -56.285172 7530.770697 -0.720860 -0.059976 -0.690481 0.321564 0.853589 -0.409856 0.613969 -0.517483 -0.596032
-3.429361 -130.449766 1897.210420 7311.263811 -0.742974 -0.031445 -0.668581 0.316556 0.863607 -0.392397 0.589730 -0.503185 -0.631683
-23.392969 -48.086770 -242.445807 -861.698669 -0.034145 0.783236 -0.620786 -0.375864 -0.585611 -0.718182 0.926045 -0.208809 -0.314386
-23.492681 -52.411927 312.269103 -855.095880 -0.057402 0.722307 -0.689186 -0.609695 -0.572004 -0.548711 0.790555 -0.388696 -0.473221
58.404398 -30.765999 13428.652882 -5840.304417 0.141271 0.957479 -0.251549 0.611878 0.115300 0.782503 -0.778234 0.264462 0.569572
54.537481 -41.779677 6451.739778 4741.980718 0.113424 0.991832 -0.058345 0.649703 -0.029614 0.759611 -0.751679 0.124066 0.647755
42.825820 -23.809918 10526.471319 1410.233584 0.253849 0.937691 -0.237267 0.647028 0.017715 0.762261 -0.718968 0.347018 0.602215
3.659831 -150.517471 673.372118 31449.234168 0.014786 0.971855 0.235116 -0.718427 -0.153220 0.678518 -0.695445 0.178946 -0.695941
2.123912 -81.431103 -280.641079 2175.714641 0.059957 0.986291 0.153740 -0.723073 -0.063267 0.687868 -0.688165 0.152408 -0.709367
-9.356954 -76.686034 1070.664110 -17645.194720 0.125747 0.991736 0.025452 -0.655625 0.063820 0.752385 -0.744542 0.111297 -0.658232
-23.944947 -72.839436 -5330.296823 -12283.765000 -0.062017 0.992852 0.101976 -0.379234 -0.117951 0.917752 -0.923220 -0.018243 -0.383838
-25.641108 -49.591728 -2606.144340 -4352.386354 0.077651 0.969375 -0.232984 -0.458423 0.242236 0.855085 -0.885335 -0.040407 -0.463194
-14.181398 -64.726109 -6380.791253 -10239.388432 -0.089299 0.995677 -0.025548 -0.452384 -0.017694 0.891648 -0.887341 -0.091181 -0.452008
-5.604659 -79.628765 -10433.184692 -11494.560293 -0.177096 0.984137 0.010542 -0.328699 -0.069239 0.941893 -0.927682 -0.163341 -0.335747
-17.924780 -81.337525 -9773.599290 -10391.862052 -0.126874 0.980462 0.150323 -0.203853 -0.174086 0.963399 -0.970746 -0.091586 -0.221957
-13.562850 -34.243058 -3882.331363 -2326.027970 0.184076 0.871821 -0.453921 -0.565381 0.471680 0.676655 -0.804027 -0.132083 -0.579736
-4.457782 -33.008999 -905.602484 -2824.002130 0.158517 0.917048 -0.365918 -0.619408 0.380969 0.686438 -0.768899 -0.117840 -0.628417
-3.530945 -38.328491 -384.173946 -1886.604144 0.144438 0.924835 -0.351878 -0.574002 0.367972 0.731518 -0.806014 -0.096320 -0.584006
-13.597694 -25.133178 -5486.886863 -3179.403203 0.205513 0.853949 -0.478055 -0.619841 0.491592 0.611665 -0.757338 -0.170613 -0.630341
61.865939 -30.863218 13855.566344 -3107.868794 -0.174704 0.981144 0.082675 -0.163303 -0.111676 0.980235 -0.970984 -0.157750 -0.179734
59.973358 -29.450585 9925.531747 -1669.630170 -0.278206 0.946973 0.160757 -0.217171 -0.225045 0.949838 -0.935648 -0.229339 -0.268264
-3.455340 -45.783650 -1837.012268 87.031686 -0.225650 0.955924 -0.187862 0.962165 0.188450 -0.196786 -0.152709 -0.225159 -0.962280
1.935569 -45.612764 358.715484 -424.928292 -0.193581 0.964918 -0.177367 -0.943810 -0.133799 0.302191 -0.267859 -0.225899 -0.936601
1.299676 -45.032359 420.471012 -505.704364 -0.110594 0.980316 -0.163553 -0.964661 -0.066281 0.255021 -0.239161 -0.185977 -0.953003
25.272414 -41.504449 6352.023081 53.687738 -0.306169 0.694153 0.651469 0.911157 0.015433 0.411769 0.275777 0.719662 -0.637208
33.601990 -43.292482 4449.491003 -456.053716 -0.292622 0.738406 0.607560 0.909501 0.018733 0.415280 0.295264 0.674096 -0.677062
18.538337 -39.752679 5906.294360 -90.305703 -0.341335 0.687211 0.641273 0.869783 -0.027707 0.492656 0.356326 0.725929 -0.588267
9.865814 -39.546435 6012.716158 347.235227 -0.319639 0.670347 0.669676 0.904055 0.004110 0.427395 0.283751 0.742036 -0.607345
-1.511234 -75.370434 -702.511638 -2360.787921 -0.280093 0.925720 0.254147 -0.866748 -0.130062 -0.481490 0.412670 0.355143 -0.838795
-2.962365 -74.366127 84.994098 -1998.238476 -0.295331 0.917094 0.267802 -0.864191 -0.136908 -0.484181 0.407375 0.374425 -0.832977
-2.198549 -74.106427 -780.168708 -1791.192409 -0.264975 0.927535 0.263568 -0.785082 -0.048821 -0.617465 0.559852 0.370535 -0.741127
0.830643 -75.590280 -1679.948596 -1229.044441 -0.255688 0.933534 0.251273 -0.791599 -0.052963 -0.608741 0.554972 0.354555 -0.752527
-2.415177 -70.109223 -650.132051 -1078.499664 -0.247823 0.924606 0.289287 -0.685882 0.043441 -0.726415 0.684215 0.378439 -0.623405
0.286926 -73.088775 -1413.740928 122.485664 -0.241820 0.929806 0.277461 -0.698383 0.031734 -0.715020 0.673635 0.366680 -0.641687
11.324725 -113.732822 -2591.253297 -3884.857915 0.565084 -0.690895 -0.450937 0.764781 0.643689 -0.027844 0.309501 -0.329134 0.892121
18.399559 -120.772841 -1517.810345 -4082.501063 0.553059 -0.664689 -0.502309 0.744612 0.664807 -0.059875 0.373737 -0.340911 0.862613
13.381212 -111.709627 -1991.553293 -8081.467692 0.549685 -0.701898 -0.452973 0.824646 0.542542 0.160024 0.133436 -0.461505 0.877045
18.210710 -116.402940 -3114.727283 4671.157688 0.579104 -0.648056 -0.494634 0.626939 0.741844 -0.237940 0.521139 -0.172313 0.835896
6.481271 -106.155925 -2295.814668 -7068.261375 0.537546 -0.728703 -0.424306 0.837841 0.518384 0.171175 0.095218 -0.447516 0.889192
3.084980 -108.704738 -2186.233357 -3415.149193 0.539459 -0.724368 -0.429272 0.794119 0.607179 -0.026619 0.279927 -0.326534 0.902783
8.148282 -109.915996 -2931.499239 3083.712646 0.577669 -0.678298 -0.454105 0.666281 0.713204 -0.217737 0.471560 -0.176782 0.863933
1.210824 -89.262201 1811.349149 -2548.224693 -0.374957 0.831693 0.409504 0.801803 0.512667 -0.307056 0.465316 -0.213209 0.859083
5.237465 -81.165746 1115.888927 -4309.609849 -0.368444 0.826287 0.426026 0.826333 0.501048 -0.257149 0.425938 -0.257295 0.867396
0.649623 -83.917740 -2081.164934 -5140.968399 0.419851 -0.808741 -0.411902 0.861228 0.498212 -0.100357 0.286377 -0.312607 0.905685
2.869923 -48.641822 613.366882 -517.175076 -0.274697 0.894138 0.353635 -0.359486 0.245610 -0.900247 0.891802 0.374422 -0.253962
7.260079 -76.723603 249.673540 -2006.767578 -0.316298 0.839212 0.442357 0.761864 0.502554 -0.408660 0.565261 -0.207758 0.798322
6.825470 -73.010016 75.765610 -3133.176791 -0.354240 0.812553 0.462894 0.835094 0.497638 -0.234467 0.420871 -0.303503 0.854842
15.125483 -106.617386 -4924.610700 7413.040387 -0.658830 0.188964 -0.728173 0.064704 0.978586 0.195406 0.749504 0.081624 -0.656948
27.043863 -95.740138 -7499.630753 15526.974120 -0.651291 0.195565 -0.733194 0.154767 0.980144 0.123956 0.742878 -0.032743 -0.668626
25.626239 -114.373650 -5862.101968 15136.926802 -0.696797 0.167343 -0.697475 0.262439 0.964457 -0.030785 0.667533 -0.204496 -0.715948
21.687695 -30.673125 -12761.565628 340.275644 -0.610569 0.769673 0.186571 -0.376283 -0.489225 0.786810 -0.696862 -0.410198 -0.588320
3.000252 -31.165544 -7167.510588 -767.714100 -0.671006 0.653690 0.349914 0.274414 0.657366 -0.701831 -0.688802 -0.374911 -0.620479
13.166725 -30.300891 -11935.393683 1062.513314 -0.517071 0.851837 0.083733 -0.526503 -0.393662 0.753541 -0.674857 -0.345549 -0.652047
5.662114 -32.767985 -4440.105304 45.646464 -0.701962 0.560834 0.438991 0.161681 0.725767 -0.668671 -0.693620 -0.398406 -0.600137
30.055250 -32.004736 -12310.754181 457.594212 -0.652566 0.721658 0.231014 -0.261674 -0.500746 0.825094 -0.711115 -0.477978 -0.515609
-0.103509 -117.516095 1255.381549 1128.132339 0.773527 0.006683 0.633728 -0.632333 -0.058987 0.772448 -0.042544 0.998236 0.041402
-23.707094 -875.200593 -4979.939099 -245304.913524 -0.329932 0.122424 -0.936033 0.828543 0.512736 -0.224983 0.452395 -0.849773 -0.270601
-14.447653 -369.002248 259.046989 -122149.003107 -0.258086 0.135247 -0.956609 0.958257 0.161920 -0.235638 0.123025 -0.977492 -0.171390
-11.718238 -168.439182 4958.380334 -63136.001777 -0.187552 0.185187 -0.964640 0.982197 0.024760 -0.186213 -0.010600 -0.982391 -0.186533
-6.686284 -24.512831 53.247093 2286.496309 -0.214515 0.393462 0.893963 -0.013091 0.914030 -0.405436 -0.976633 -0.098675 -0.190922
-6.796419 -30.132829 1097.785494 2879.532134 -0.205444 0.346659 0.915216 -0.057120 0.929322 -0.364825 -0.977001 -0.127228 -0.171122
-5.648648 -31.435134 212.998328 2093.175637 -0.205001 0.283313 0.936861 -0.132009 0.940440 -0.313282 -0.969819 -0.187897 -0.155392
-124.338174 -290.112572 -30330.621940 126.662236 0.564614 0.796227 0.217331 0.552265 -0.168780 -0.816405 0.613363 -0.580978 0.535024
-267.529993 -349.429315 -28547.798999 -66207.987595 0.060229 0.954029 0.293600 0.871485 0.093160 -0.481493 0.486710 -0.284868 0.825811
-130.251719 -391.598419 30020.870424 -98759.787972 -0.554033 -0.786635 -0.272493 0.801599 -0.415739 -0.429652 0.224693 -0.456471 0.860899
-60.786435 -319.776259 13165.620223 -93775.090883 -0.682201 -0.680779 -0.266723 0.728906 -0.661881 -0.174957 -0.057431 -0.313771 0.947760
-54.070903 -284.845647 18498.414386 -63448.823104 -0.636482 -0.662118 -0.395589 0.744633 -0.393826 -0.538909 0.201028 -0.637574 0.743698
-69.667699 -304.279419 -15134.261696 -2559.348113 0.676788 0.666052 0.313581 0.507970 -0.114198 -0.853771 0.532846 -0.737112 0.415622
-24.976496 -92.320191 -6973.621733 8627.332515 -0.358038 0.920599 -0.155903 0.910546 0.381214 0.159939 -0.206673 0.084692 0.974738
-53.281220 -83.410962 -3714.279807 1885.978817 -0.091770 0.995430 -0.026401 -0.364876 -0.058284 -0.929230 0.926522 0.075642 -0.368557
-53.737942 -81.189688 -3007.345111 7043.359238 -0.137908 0.989222 -0.049198 -0.567208 -0.119600 -0.814844 0.811946 0.084468 -0.577589
-57.997781 -79.399628 -435.717719 6056.925171 -0.389065 0.917338 -0.084382 -0.495101 -0.285468 -0.820599 0.776855 0.277488 -0.565240
66.569747 -53.034057 -241.563165 -9226.305398 -0.505268 0.806383 -0.307328 0.828554 0.552876 0.088464 -0.241250 0.209939 0.947483
63.901417 -43.846870 -495.022282 -4456.435031 0.521516 -0.730828 0.440353 0.823733 0.565799 -0.036535 -0.222450 0.381787 0.897081
55.640790 -31.104168 -3364.920864 -2386.389327 0.481885 -0.658200 0.578411 0.826858 0.560041 -0.051575 -0.289987 0.503117 0.814113
11.635527 -45.060244 -9306.600766 -1925.492978 0.293854 0.938917 0.179123 0.432949 0.036329 -0.900686 0.852176 -0.342221 0.395828
21.146592 -48.681187 -894.149086 -2005.920195 0.181693 0.969201 0.166246 0.354345 0.093174 -0.930461 0.917294 -0.227966 0.326502
14.212531 -41.145820 -7181.470198 -2075.633819 -0.390706 0.911893 0.125695 0.870545 0.321657 0.372408 -0.299166 -0.254926 0.919518
-3.116225 -42.811779 3705.392734 -404.228212 0.399301 -0.911166 -0.101663 0.898366 0.366714 0.241786 -0.183026 -0.187876 0.964989
3.042912 -60.056904 -731.551042 -2452.708276 0.147382 0.967854 -0.203808 0.982000 -0.167798 -0.086720 -0.118131 -0.187359 -0.975162
2.995553 -54.342069 -773.702052 2250.058343 0.126199 0.972075 -0.197849 -0.953324 0.173993 0.246779 -0.274312 -0.157471 -0.948660
16.156569 -71.496568 4632.490931 4556.106353 -0.174974 0.933294 0.313601 -0.831783 0.030302 -0.554273 0.526802 0.357832 -0.770997
2.286929 -76.111995 2216.989306 3145.920390 -0.132339 0.939207 0.316824 -0.828655 0.070557 -0.555296 0.543892 0.336025 -0.768940
4.537598 -75.840757 2639.060830 820.885359 -0.160192 0.935485 0.314972 -0.899300 -0.006766 -0.437281 0.406938 0.353303 -0.842365
6.838553 -117.542164 -954.400605 9805.231138 0.013045 0.997909 0.063311 -0.165876 -0.060279 0.984303 -0.986060 0.023342 -0.164743
6.098498 -109.742204 -1104.530930 11205.242116 -0.019045 0.995969 0.087652 0.024503 -0.087176 0.995892 -0.999518 -0.021115 0.022744
4.402352 -122.334685 -720.565327 9110.267773 -0.016325 0.995615 0.092115 -0.191516 -0.093535 0.977022 -0.981354 0.001692 -0.192203
13.291016 -45.588571 -223.074083 -1598.145273 -0.033465 0.994823 0.095953 -0.415076 0.073501 -0.906813 0.909171 0.070174 -0.410467
14.531989 -44.041426 -37.285805 -2237.787537 -0.048494 0.993543 0.102569 -0.284091 0.084728 -0.955046 0.957570 0.075453 -0.278147
