14484
28957
-38.235208 -51.596211 -413.861060 -4835.688786 0.906968 0.264628 0.327691 -0.418916 0.647634 0.636459 0.043799 0.714523 -0.698240
-42.582146 -62.511109 561.030519 -5700.449361 0.972787 0.123080 0.196308 -0.230483 0.600807 0.765446 0.023732 0.789862 -0.612825
-37.411475 -63.803475 2403.504221 -8940.960882 0.991184 -0.131344 0.017411 0.072695 0.648983 0.757322 0.110769 0.749380 -0.652810
-38.970646 -55.888915 -78.552688 -4989.272177 0.820230 0.428938 0.378463 -0.567130 0.523330 0.635995 -0.074741 0.736300 -0.672515
-32.938511 -45.035903 528.110964 -4602.802095 0.904987 0.231610 0.356868 -0.408239 0.708858 0.575206 0.119745 0.666241 -0.736059
-29.404182 -43.768021 -1179.589886 1981.269056 0.562632 0.617553 0.549611 0.825902 -0.449208 -0.340731 0.036471 0.645631 -0.762778
-34.264071 -48.332576 -1153.742141 2489.334081 0.685289 0.542821 0.485514 0.727538 -0.480377 -0.489822 -0.032655 0.688900 -0.724120
-47.423978 -69.176796 -2101.996335 1250.283436 0.548582 0.757134 0.354692 -0.507809 -0.035298 0.860747 -0.664220 0.652306 -0.365115
-46.762527 -68.791149 -999.120707 1053.218068 0.484989 0.797056 0.359844 -0.466484 -0.112262 0.877377 -0.739715 0.593379 -0.317368
-49.083931 -70.516147 -2026.588954 868.964020 0.605441 0.732770 0.310626 -0.353447 -0.102144 0.929861 -0.713103 0.672766 -0.197153
-22.563514 -49.477815 1456.079982 -2660.682485 0.586766 0.784978 0.198784 -0.367961 0.477151 -0.798080 0.721325 -0.395142 -0.568817
-20.102254 -46.767966 -757.946273 -440.758105 0.552673 0.823907 0.125416 -0.515199 0.456054 -0.725662 0.655074 -0.336439 -0.676525
-19.091859 -46.261526 -95.452691 -2351.001088 0.566172 0.799050 0.202405 -0.374994 0.468354 -0.800015 0.734049 -0.377046 -0.564808
-21.335865 -48.974975 492.266952 -146.827267 0.610849 0.746555 0.263666 -0.290419 0.521080 -0.802579 0.736560 -0.413681 -0.535115
-18.230154 -46.876913 275.195020 2030.421176 0.618008 0.712587 0.332094 -0.234172 0.570097 -0.787498 0.750486 -0.408912 -0.519193
-15.378142 -41.803595 1591.789652 -739.192580 0.534199 0.788002 0.306079 -0.369115 0.543157 -0.754145 0.760517 -0.289886 -0.581017
-12.306856 -43.180769 2105.359501 -248.692772 0.580902 0.722554 0.374792 -0.202257 0.574137 -0.793384 0.788445 -0.385075 -0.479659
-7.645559 -61.710407 559.232058 1000.657227 0.862558 0.236063 0.447513 -0.060121 -0.830400 0.553915 -0.502374 0.504688 0.702076
-11.501431 -61.869639 896.758880 -2117.908906 0.846329 0.264312 0.462457 0.066275 0.809203 -0.583779 -0.528521 0.524718 0.667335
-10.812251 -53.549853 1089.267477 4394.201035 0.853792 0.284764 0.435830 0.001815 0.835514 -0.549466 -0.520610 0.469921 0.712839
-7.942992 -54.147467 591.458025 565.532209 0.859503 0.274244 0.431329 -0.054807 0.888456 -0.455677 -0.508184 0.368016 0.778661
-10.388880 -51.912920 1500.107470 -1675.468476 0.853130 0.298255 0.428034 -0.106931 0.903013 -0.416093 -0.510622 0.309212 0.802280
2.633403 -40.412002 487.380034 1272.831360 0.793785 0.136636 0.592652 -0.589944 0.409922 0.695651 0.147890 0.901828 -0.405998
1.949362 -41.818731 421.786272 4187.405404 0.810983 0.135772 0.569098 -0.581990 0.286886 0.760910 0.059956 0.948295 -0.311677
3.760035 -43.240782 881.911463 994.262922 0.806361 0.127646 0.577485 -0.576957 0.384426 0.720651 0.130012 0.914288 -0.383632
3.980019 -44.874587 410.377349 -1374.186308 0.786622 0.149667 0.599020 -0.579373 0.514285 0.632327 0.213429 0.844459 -0.491261
2.110507 -46.074218 405.045751 -3500.178381 0.767437 0.151004 0.623088 -0.595943 0.526394 0.606433 0.236416 0.836724 -0.493964
65.423055 -68.436175 1934.126487 -4368.645912 0.955213 0.181289 0.233888 0.035969 0.713384 -0.699850 0.293726 -0.676918 -0.674913
66.020398 -69.833577 6552.968546 2601.186119 0.940116 0.232052 0.249669 0.048997 0.632868 -0.772708 0.337315 -0.738668 -0.583599
60.617580 -65.829102 6695.786742 -134.913712 0.892832 0.304439 0.331915 0.010750 0.722337 -0.691458 0.450261 -0.620924 -0.641653
62.134558 -71.775915 -4978.645623 -4875.770476 0.995705 0.005391 0.092421 0.065938 0.659449 -0.748852 0.064984 -0.751730 -0.656262
7.592059 -134.728842 979.767459 14501.779156 0.957697 -0.202293 0.204679 -0.281311 -0.808019 0.517658 -0.060666 0.553338 0.830744
5.940982 -132.340485 865.970518 14345.128846 0.959213 -0.207149 0.192354 -0.277479 -0.819949 0.500689 -0.054003 0.533641 0.843985
8.086907 -123.527128 1658.285104 8989.840343 0.974283 -0.156022 0.162575 -0.201763 -0.925293 0.321130 -0.100326 0.345673 0.932976
-2.358073 -98.811778 -1473.877443 629.540062 0.966717 -0.255827 0.003214 0.248426 0.941606 0.227294 0.061175 0.218930 -0.973821
-5.191136 -96.158189 -1180.367047 2714.495555 0.968636 -0.246998 0.027126 0.227037 0.924111 0.307363 0.100986 0.291565 -0.951206
-3.516749 -100.696381 -2426.889021 -141.885304 0.962410 -0.271256 -0.013699 0.271597 0.960859 0.054635 0.001657 0.056301 -0.998412
0.447067 -58.186569 399.862478 816.659734 0.960366 -0.238378 0.144476 -0.272681 -0.910936 0.309580 -0.057812 0.336706 0.939833
0.294783 -64.172278 567.494286 -4866.355578 0.960107 -0.241591 0.140814 -0.271259 -0.926963 0.259149 -0.067922 0.287008 0.955517
-0.446559 -67.881916 -322.029405 -6158.694541 0.957752 -0.241569 0.156065 -0.271311 -0.938933 0.211649 -0.095407 0.245049 0.964805
1.031585 -61.658186 1042.242637 2264.911547 0.966464 -0.222746 0.127792 -0.254385 -0.898503 0.357744 -0.035136 0.378255 0.925034
-0.217127 -67.036870 -298.833542 -2828.252420 0.962021 -0.227514 0.150839 -0.260954 -0.928671 0.263577 -0.080112 0.292929 0.952772
0.840889 -65.262353 1121.488560 7201.813019 0.968439 -0.217654 0.121459 -0.249137 -0.859913 0.445511 -0.007477 0.461710 0.886999
0.951135 -63.679964 14.469963 4396.804958 0.964735 -0.216169 0.150189 -0.258115 -0.888757 0.378798 -0.051597 0.404206 0.913211
4.405568 -47.580974 71.071772 369.017466 0.781427 0.169451 0.600549 -0.579622 0.553560 0.598005 0.231107 0.815388 -0.530784
3.967066 -46.545553 -88.762133 2115.902768 0.780566 0.167103 0.602324 -0.566134 0.597470 0.567910 0.264971 0.784287 -0.560967
3.774098 -47.284145 -106.296010 79.986901 0.777274 0.163993 0.607414 -0.579404 0.562870 0.589464 0.245227 0.810113 -0.532523
-16.140320 -46.584138 1392.019026 -124.383055 0.812129 0.206823 0.545593 -0.566636 0.502606 0.652924 0.139178 0.839411 -0.525375
-18.339569 -45.664225 236.115029 -4035.746999 0.813724 0.264202 0.517736 -0.579907 0.429554 0.692237 0.039505 0.863528 -0.502751
-16.141497 -47.202333 -222.451448 -5177.297703 0.813745 0.215129 0.539944 -0.570008 0.476988 0.669009 0.113623 0.852175 -0.510772
-15.689971 -49.447413 -268.363839 337.007776 0.792197 0.220983 0.568850 -0.590255 0.514199 0.622253 0.154995 0.828713 -0.537783
-14.247071 -51.648520 -331.167366 -60.256381 0.778593 0.226218 0.585336 -0.604932 0.518626 0.604222 0.166884 0.824531 -0.540646
0.247307 -136.023773 882.669190 -264.996313 0.399008 0.885212 -0.239148 0.427096 -0.410208 -0.805803 0.811407 -0.219383 0.541747
-1.817904 -133.033293 -42.543789 -833.356505 0.443497 0.856073 -0.265425 0.593137 -0.502349 -0.629154 0.671937 -0.121594 0.730558
-0.016493 -121.376296 1018.562106 689.351833 0.409191 0.876057 -0.255122 0.541887 -0.458273 -0.704518 0.734113 -0.150035 0.662244
1.139925 -126.727908 729.482694 391.984076 0.386308 0.898368 -0.209049 0.364426 -0.356861 -0.860142 0.847325 -0.256097 0.465247
-1.703712 -110.187415 442.673942 -3983.693021 0.412398 0.879571 -0.237240 0.532609 -0.444059 -0.720513 0.739091 -0.170782 0.651597
-0.161886 -118.895575 1118.240054 -129.619421 0.380731 0.899489 -0.214392 0.376959 -0.362694 -0.852265 0.844361 -0.243667 0.477159
45.158522 -82.551119 -195.304757 17204.568570 -0.065059 0.989633 -0.128041 -0.954137 -0.099267 -0.282432 0.292214 -0.103794 -0.950704
46.203808 -99.737040 -4777.497383 18165.380290 0.057145 0.969167 -0.239686 -0.939250 -0.029197 -0.341991 0.338444 -0.244668 -0.908621
63.171709 -140.960236 1638.155973 31761.134488 -0.134922 0.980042 -0.145995 -0.887862 -0.184989 -0.421283 0.439882 -0.072783 -0.895101
33.633518 -65.714037 -3685.074530 -7550.356419 0.090075 0.973980 -0.207966 0.976827 -0.045692 0.209096 0.194153 -0.221981 -0.955525
35.318564 -56.568267 838.077683 6687.355352 -0.080598 0.994727 -0.063425 -0.978346 -0.091120 -0.185838 0.190638 -0.047074 -0.980531
-77.929003 -159.973580 -5241.602288 82178.934267 0.058593 0.909016 0.412622 0.069378 0.408625 -0.910062 0.995868 -0.081950 0.039123
100.057827 -533.462050 15441.631598 -167461.101189 0.223709 0.488916 -0.843158 -0.011267 0.866322 0.499359 0.974591 -0.102211 0.199313
50.904056 -1527.672557 55164.149310 -557208.661952 0.050058 0.424240 -0.904165 -0.414174 0.832606 0.367733 0.908820 0.356074 0.217388
4.097882 -708.401422 32606.062324 239114.710232 -0.090811 0.876898 0.472021 -0.058288 0.468487 -0.881546 0.994161 0.107567 -0.008569
-37.125489 -663.751049 25739.471206 233764.601145 0.126151 0.992003 -0.003900 0.148432 -0.022762 -0.988661 0.980843 -0.124142 0.150117
-130.967478 -298.832997 -32005.197974 95865.579066 0.211775 0.873931 0.437488 0.222125 0.392886 -0.892357 0.951741 -0.286156 0.110919
-13.893298 -42.215917 1142.382703 70.350475 -0.623408 0.779066 0.066475 -0.607125 -0.535883 0.586710 -0.492709 -0.325401 -0.807064
-12.072858 -41.527395 725.788564 1376.284389 -0.677331 0.718132 0.159718 -0.512636 -0.616437 0.597670 -0.527662 -0.322943 -0.785672
-13.964521 -42.535601 740.364895 -576.068521 -0.682238 0.715359 0.151038 -0.572324 -0.651083 0.498533 -0.454968 -0.253676 -0.853611
-12.414240 -43.684483 177.277677 291.056595 -0.685530 0.703776 0.186408 -0.536161 -0.661234 0.524692 -0.492525 -0.259747 -0.830633
-17.066111 -41.596877 1479.636308 -1832.698001 -0.659613 0.745834 0.092970 -0.629081 -0.615534 0.474736 -0.411300 -0.254656 -0.875204
-20.531840 -45.628097 1252.711699 489.376857 0.469663 0.782369 0.409043 -0.774020 0.587753 -0.235454 0.424628 0.206024 -0.881615
-18.696236 -44.030492 1639.696998 146.410218 0.447870 0.771235 0.452338 -0.805899 0.567319 -0.169338 0.387219 0.288698 -0.875623
-16.169112 -44.846865 1471.975561 481.829476 0.499903 0.729836 0.466300 -0.715095 0.651566 -0.253181 0.488606 0.206883 -0.847622
-19.347045 -45.975688 1524.183311 451.682949 0.496987 0.763928 0.411603 -0.692068 0.635088 -0.343080 0.523493 0.114351 -0.844321
-10.149224 -57.245989 1238.840022 -3271.416806 0.716631 0.457510 0.526425 0.486025 0.213751 -0.847402 0.500219 -0.863131 0.069181
-8.645126 -63.727002 1823.335018 -4965.334411 0.716826 0.480292 0.505451 0.425093 0.273571 -0.862818 0.552681 -0.833354 0.008066
-7.817674 -55.429235 1929.954926 -2454.693237 0.706180 0.478643 0.521738 0.495125 0.192909 -0.847135 0.506122 -0.856556 0.100760
-9.433098 -46.627227 1440.725065 -1269.302140 0.706500 0.465504 0.533070 0.546581 0.119576 -0.828825 0.449564 -0.876931 0.169955
-7.374804 -45.425735 1082.336396 -1351.733538 0.709294 0.473398 0.522300 0.570060 0.050629 -0.820042 0.414649 -0.879393 0.233955
-4.985996 -52.276826 619.902717 -2363.565322 0.715333 0.475176 0.512354 0.518162 0.131235 -0.845154 0.468836 -0.870049 0.152341
-6.176013 -87.369844 3462.797529 1185.926235 0.907469 -0.259995 0.330004 -0.124853 0.583114 0.802739 0.401138 0.769663 -0.496697
-4.419337 -90.117425 1981.950229 2945.194328 0.907381 -0.214749 0.361307 -0.065156 0.777363 0.625669 0.415229 0.591261 -0.691372
-8.234053 -83.384982 4143.688273 1609.439220 0.904356 -0.243757 0.350318 -0.060281 0.739655 0.670281 0.422500 0.627290 -0.654218
7.782346 -133.065494 388.513067 -7148.799722 0.972467 -0.003876 0.233007 0.119580 -0.849891 -0.513212 -0.200019 -0.526945 0.826027
8.561466 -129.856207 650.120950 -6766.854035 0.967231 0.016468 0.253365 0.144916 -0.855194 -0.497637 -0.208481 -0.518047 0.829556
11.222737 -131.327401 202.905179 -605.818347 0.967496 -0.004649 0.252842 0.079630 -0.943368 -0.322049 -0.240020 -0.331715 0.912335
7.150013 -152.846132 231.045222 -8262.973081 0.977559 -0.019435 0.209765 0.091766 -0.857015 -0.507055 -0.189627 -0.514925 0.835999
35.262092 -794.267578 7985.253951 -212611.552298 0.947158 -0.111884 0.300623 0.281616 -0.158654 -0.946320 -0.153573 -0.980974 0.118762
14.380861 -482.049284 -2282.385355 -118974.792365 0.950056 -0.202838 0.237172 0.227677 -0.069278 -0.971269 -0.213441 -0.976759 0.019636
11.114164 -323.326233 -3663.249946 -75218.354435 0.953380 -0.206457 0.220097 0.070749 -0.556101 -0.828098 -0.293363 -0.805064 0.515569
6.833903 -248.165512 -216.809513 -58726.986560 0.968623 -0.136811 0.207491 0.089672 -0.586242 -0.805158 -0.231795 -0.798500 0.555580
18.667966 -24.117367 101.516336 23.531279 0.925581 -0.091874 -0.367232 -0.041956 0.939227 -0.340723 0.376218 0.330774 0.865476
17.041659 -22.448734 3719.261289 -448.986712 0.880388 -0.111899 -0.460863 -0.065129 0.934032 -0.351202 0.469760 0.339210 0.815023
15.856046 -24.425365 3545.379079 1693.124633 0.880895 -0.131977 -0.454540 -0.028561 0.943767 -0.329377 0.472450 0.303128 0.827589
19.817988 -26.552875 1345.560802 2054.252054 0.914882 -0.104840 -0.389870 -0.016249 0.955349 -0.295031 0.403393 0.276254 0.872329
101.505827 -107.769083 11751.542283 -1477.082378 -0.587834 0.807416 0.050313 0.114833 0.021717 0.993147 -0.800790 -0.589583 0.105484
81.311293 -98.646056 5737.824646 6780.382930 -0.635052 0.769973 0.062048 0.315033 0.184813 0.930913 -0.705310 -0.610725 0.359933
114.371443 -93.650390 -9331.347298 -7212.552703 0.804161 -0.593946 0.023528 -0.088945 -0.159372 -0.983204 -0.587720 -0.788561 0.180989
65.144355 -111.010262 7066.216283 2358.752359 -0.456276 0.882777 0.111880 0.376730 0.077734 0.923056 -0.806156 -0.463317 0.368036
138.777938 -109.094876 -15941.725736 2171.951088 0.712542 -0.700864 -0.032745 0.062191 0.109577 -0.992031 -0.698867 -0.704828 -0.121666
74.168584 -113.637170 10602.343889 -7326.394799 -0.382027 0.918349 0.103395 0.148144 -0.049578 0.987722 -0.912200 -0.392653 0.117108
105.764368 -105.591230 14452.185407 -12218.596349 -0.519784 0.848131 0.102463 -0.076653 -0.165756 0.983183 -0.850852 -0.503188 -0.151169
5.888683 -86.444408 -863.680640 2294.010689 0.633933 -0.753035 -0.176260 0.772867 0.608469 0.180117 -0.028386 -0.250408 0.967724
-0.419616 -78.152627 -503.381971 4394.851661 -0.669437 0.720858 0.179494 0.722467 0.687999 -0.068544 0.172902 -0.083793 0.981368
0.044443 -79.388853 -235.782505 6517.001698 0.695438 -0.696513 -0.176736 0.698977 0.712746 -0.058516 0.166725 -0.082840 0.982517
5.108786 -77.281627 1790.049729 3786.547629 0.601775 -0.774809 -0.193744 0.796171 0.601135 0.068911 0.063073 -0.195722 0.978629
17.950821 -95.147934 491.747611 -1830.747626 0.645659 -0.735638 -0.204847 0.731468 0.518773 0.442525 -0.219269 -0.435559 0.873046
15.157969 -90.659112 324.350400 293.307777 0.558127 -0.804430 -0.203438 0.804204 0.464054 0.371361 -0.204328 -0.370872 0.905927
13.036014 -84.587909 2399.195524 2550.121985 0.535812 -0.818507 -0.207248 0.838385 0.486665 0.245495 -0.100079 -0.305293 0.946985
87.313684 -13.367436 12646.738103 -6549.991487 -0.469480 0.873819 -0.126607 -0.626213 -0.430618 -0.649943 0.622451 0.225853 -0.749363
79.414202 -14.453066 -20393.717530 1475.357766 -0.701098 0.577617 -0.418116 0.335590 0.784649 0.521254 0.629159 0.225134 -0.743958
32.785885 -23.106059 -3756.394618 -3804.275650 -0.614512 0.736681 -0.282271 -0.536093 -0.652435 -0.535661 0.578775 0.177846 -0.795858
159.251197 5.714210 -6892.725697 -1919.070331 -0.652770 0.697318 -0.296039 -0.413207 -0.655271 -0.632360 0.634942 0.290460 -0.715878
51.678342 -35.652809 13365.020517 -4753.405656 -0.360048 0.932515 -0.027968 -0.762460 -0.311399 -0.567173 0.537606 0.182885 -0.823124
91.821128 -31.907040 18772.110981 -5802.666426 -0.210153 0.975867 -0.059325 -0.723298 -0.196015 -0.662132 0.657781 0.096239 -0.747036
109.194702 -15.855688 14131.280142 -5092.251935 -0.309239 0.935600 -0.170364 -0.651729 -0.338960 -0.678495 0.692547 0.098786 -0.714577
-6.366243 -50.304762 963.396442 -962.633903 0.860398 -0.157909 -0.484541 0.309712 -0.593042 0.743223 0.404714 0.789536 0.461346
-7.109611 -49.468436 -156.164325 -760.969380 0.879762 -0.145629 -0.452560 0.255939 -0.657131 0.708995 0.400642 0.739575 0.540846
-6.111242 -46.691329 739.881688 453.938309 0.866355 -0.175318 -0.467646 0.228470 -0.693516 0.683255 0.444107 0.698784 0.560776
-6.900305 -47.168927 -545.882859 2363.643895 0.887560 -0.135107 -0.440436 0.209613 -0.732906 0.647234 0.410244 0.666780 0.622177
-5.222799 -47.922044 1562.249432 -546.602569 0.851438 -0.175565 -0.494196 0.287892 -0.631177 0.720232 0.438373 0.755508 0.486865
-3.714436 -45.368525 1512.687861 960.547308 0.843835 -0.179852 -0.505564 0.232061 -0.727187 0.646025 0.483829 0.662460 0.571889
-5.251813 -46.077176 459.911845 2387.689135 0.865347 -0.159759 -0.475029 0.171882 -0.795744 0.580731 0.470778 0.584182 0.661135
5.261197 -39.792253 -242.266072 -2556.175472 0.835740 0.240681 -0.493569 -0.444373 -0.231615 -0.865383 0.322599 -0.942564 0.086617
4.383824 -34.542498 -507.656110 13.520322 0.838289 0.235682 -0.491655 -0.430094 -0.268371 -0.861972 0.335097 -0.934040 0.123607
5.404986 -37.760937 -100.522356 -1418.124192 0.842813 0.261193 -0.470578 -0.415064 -0.241168 -0.877246 0.342619 -0.934674 0.094848
20.230174 -82.990569 351.895223 6149.626844 -0.807598 0.079971 0.584287 0.000689 0.990890 -0.134670 -0.589734 -0.108357 -0.800296
17.405512 -81.371407 -4580.982632 9608.054866 -0.868455 0.075953 0.489915 -0.002778 0.987434 -0.158010 -0.495759 -0.138585 -0.857331
23.278058 -68.946237 -4341.445211 9261.599697 -0.850441 0.112569 0.513885 0.119630 0.992628 -0.019460 -0.512288 0.044927 -0.857638
2.818452 -146.582911 954.886739 11245.345818 0.835119 0.078987 -0.544369 -0.078341 0.996627 0.024426 0.544462 0.022248 0.838490
3.804432 -134.527678 737.588029 9796.674884 0.833793 0.093751 -0.544058 -0.020417 0.990038 0.139313 0.551699 -0.105050 0.827401
1.435555 -170.246848 810.608227 9551.943776 0.842828 0.149735 -0.516934 0.058613 0.929264 0.364736 0.534982 -0.337709 0.774433
0.638212 -190.442258 -1445.352581 18035.071182 0.858720 0.131480 -0.495290 0.022243 0.956050 0.292358 0.511962 -0.262070 0.818055
-1.201322 -183.885483 -1180.029447 -3015.858312 0.874661 0.150794 -0.460684 -0.185264 -0.774236 -0.605174 0.447935 -0.614670 0.649258
-0.558913 -167.126627 2137.866795 -518.704311 0.845270 0.183942 -0.501681 -0.212418 -0.745832 -0.631358 0.490303 -0.640234 0.591357
-1.844782 -80.927728 -1641.581147 6027.771839 0.834837 -0.091477 -0.542844 -0.547336 -0.243457 -0.800720 0.058912 -0.965588 0.253316
-1.205482 -87.944211 -1318.869042 8415.491171 0.837821 -0.070324 -0.541396 -0.529261 -0.347906 -0.773850 0.133935 -0.934888 0.328703
3.085702 -84.699457 -2005.183428 6773.640445 0.833152 -0.103335 -0.543304 -0.547744 -0.289852 -0.784833 0.076377 -0.951477 0.298092
-0.444982 -76.778386 -1739.273308 1744.275622 0.845595 -0.099181 -0.524531 -0.533671 -0.133471 -0.835093 -0.012816 -0.986077 0.165792
14.123380 -44.936120 -2123.653423 1083.415053 0.907158 -0.206801 -0.366466 -0.403761 -0.182545 -0.896468 -0.118494 -0.961203 0.249095
13.630853 -43.290093 1196.357497 100.838869 0.916244 -0.156461 -0.368805 -0.388715 -0.124436 -0.912916 -0.096944 -0.979814 0.174833
12.308750 -44.120601 -1194.747413 -103.786567 0.918136 -0.201413 -0.341262 -0.365141 -0.095448 -0.926046 -0.153945 -0.974845 0.161179
6.260487 -45.798640 -3736.017825 679.131007 0.912537 -0.241555 -0.330042 -0.365845 -0.121325 -0.922734 -0.182848 -0.962773 0.199085
4.127945 -65.139839 1361.108365 -3251.018858 0.762197 -0.036363 -0.646323 0.405394 -0.751587 0.520359 0.504690 0.658631 0.558116
2.659476 -62.713749 383.741589 -3649.816577 0.779993 -0.042688 -0.624331 0.412987 -0.714449 0.564805 0.470163 0.698384 0.539635
2.276114 -56.573935 925.348029 -2456.009807 0.773190 -0.043612 -0.632673 0.473331 -0.624266 0.621490 0.422060 0.779994 0.462033
4.058835 -71.762479 409.312444 -4990.974203 0.770990 -0.017485 -0.636607 0.351625 -0.821753 0.448421 0.530975 0.569575 0.627415
4.232066 -68.932215 377.903707 2397.764651 0.761456 0.010435 -0.648133 -0.342029 0.855822 -0.388053 0.550637 0.517166 0.655239
-8.350412 -41.180017 197.712840 126.495327 0.811202 -0.074438 -0.580008 0.582282 0.194147 0.789465 -0.053840 0.978144 -0.200836
-6.617270 -42.297379 617.875703 -171.943495 0.807814 -0.097287 -0.581353 0.589157 0.102840 0.801448 0.018184 0.989929 -0.140393
-7.370204 -43.679213 483.583380 860.725694 0.816814 -0.097178 -0.568658 0.575200 0.212839 0.789839 -0.044277 0.972243 -0.229747
-4.246124 -43.626181 579.926836 -39.962500 0.828252 -0.111182 -0.549215 0.560028 0.130724 0.818095 0.019162 0.985165 -0.170538
-4.634852 -48.712194 3433.459876 -893.075682 0.924588 -0.112881 -0.363862 -0.376652 -0.414236 -0.828578 0.057194 -0.903143 0.425514
-9.453823 -47.081982 2013.109438 -934.402865 0.928870 -0.134700 -0.345044 -0.365173 -0.489035 -0.792145 0.062037 -0.861801 0.503439
-10.875321 -49.178605 1836.094443 -863.371767 0.927482 -0.148509 -0.343108 -0.373569 -0.404836 -0.834598 0.014957 -0.902249 0.430956
3.607030 -48.379858 2869.851753 -350.066464 0.912598 -0.130615 -0.387433 -0.407473 -0.368490 -0.835572 0.033627 -0.920410 0.389505
0.419702 -46.598024 2712.346963 -860.316702 0.917087 -0.125003 -0.378585 -0.387748 -0.500570 -0.774003 0.092755 -0.856623 0.507536
-6.998410 -46.293586 2850.643935 -1079.229789 0.927714 -0.119072 -0.353792 -0.357601 -0.555380 -0.750782 0.107092 -0.823028 0.557815
2.182487 -151.891593 2878.912724 -30621.408957 -0.423238 -0.318109 0.848338 0.900568 -0.045151 0.432365 -0.099235 0.946978 0.305588
-3.656870 -245.611743 3923.854426 -58368.460176 -0.425735 -0.335279 0.840439 0.884140 -0.351711 0.307563 0.192473 0.874006 0.446169
-7.902194 -175.731862 2548.393015 -26288.905006 -0.336730 -0.338399 0.878692 0.927085 -0.282377 0.246527 0.164698 0.897635 0.408810
-11.607386 -223.422883 2853.422323 -26336.301148 -0.337069 -0.301639 0.891851 0.793042 -0.601510 0.096284 0.507414 0.739730 0.441963
-12.564521 -167.224391 712.407246 -10830.272757 -0.281100 -0.299881 0.911621 0.895324 -0.423947 0.136616 0.345511 0.854599 0.387663
-7.499311 -140.842094 619.680587 -16957.884708 -0.255968 -0.322745 0.911217 0.964660 -0.146267 0.219174 0.062543 0.935116 0.348779
0.216466 -133.548545 2267.468855 -29026.696354 -0.329988 -0.339014 0.881009 0.927778 0.055722 0.368948 -0.174170 0.939130 0.296142
-28.047729 -30.843255 154.846543 -1201.082651 -0.052676 0.784733 -0.617591 -0.593035 0.473003 0.651596 -0.803451 -0.400577 -0.440459
-25.568353 -34.945343 -358.929128 160.191807 -0.209238 -0.431880 0.877325 -0.532567 0.802781 0.268169 -0.820117 -0.411124 -0.397977
-22.677058 -35.996433 467.541597 -2056.337204 -0.025994 0.757716 -0.652067 -0.513364 0.549588 0.659098 -0.857777 -0.351880 -0.374698
-21.799337 -35.286595 217.833991 -1414.357929 -0.156305 0.900663 -0.405431 -0.508935 0.278349 0.814559 -0.846495 -0.333658 -0.414872
-17.212043 -40.376494 485.307998 -2866.904983 -0.094131 0.872538 -0.479392 -0.434531 0.397233 0.808324 -0.895724 -0.284399 -0.341753
-17.563380 -42.564086 602.865939 -2563.497183 -0.039956 0.753320 -0.656440 -0.400750 0.589728 0.701156 -0.915316 -0.291084 -0.278329
3.068127 -315.833579 -2984.409981 34006.722497 -0.388772 -0.196562 0.900122 -0.623718 0.775213 -0.100105 -0.678109 -0.600340 -0.423980
3.572783 -338.019929 728.459247 -71470.397462 0.358742 0.202525 -0.911201 0.690799 -0.714124 0.113247 -0.627775 -0.670083 -0.396090
-3.089995 -255.098426 -3109.338222 33020.600267 -0.367268 -0.209622 0.906186 -0.442544 0.896310 0.027979 -0.818088 -0.390752 -0.421953
-1.222918 -279.814876 -4002.253888 12441.056944 -0.374987 -0.198987 0.905422 -0.296502 0.951131 0.086234 -0.878334 -0.236123 -0.415662
2.702500 -287.033521 1233.070720 -5868.721110 -0.327086 -0.180351 0.927625 -0.394126 0.918205 0.039548 -0.858883 -0.352665 -0.371413
4.114888 -276.456869 -2071.510798 -12091.313267 0.348504 0.119489 -0.929660 0.671113 -0.724214 0.158500 -0.654333 -0.679144 -0.332582
-9.481064 -47.154865 -1447.889785 -902.118406 0.920977 -0.196688 -0.336327 -0.388939 -0.515039 -0.763847 0.022982 -0.834296 0.550838
-9.827157 -44.964346 1105.078650 -1034.491169 0.929019 -0.152008 -0.337367 -0.360527 -0.577151 -0.732746 0.083329 -0.802365 0.590988
8.250406 -33.378085 5216.032509 486.349417 -0.153657 0.986218 -0.061355 -0.965058 -0.136443 0.223709 -0.212255 -0.093586 -0.972723
17.005511 -32.599701 5140.723963 119.411708 -0.067983 0.992906 -0.097553 -0.974939 -0.045354 0.217799 -0.211829 -0.109915 -0.971106
19.788295 -33.588760 5689.501941 -69.683617 -0.068888 0.993722 -0.088153 -0.989374 -0.056711 0.133878 -0.128038 -0.096439 -0.987069
5.892116 -34.804012 5348.314574 324.268709 -0.188046 0.981072 -0.046214 -0.973600 -0.180002 0.140365 -0.129389 -0.071389 -0.989021
-7.619033 -34.657420 3676.789368 550.535798 -0.295841 0.954090 -0.046803 -0.932237 -0.277684 0.232002 -0.208354 -0.112267 -0.971589
-102.193766 -760.506760 -5248.448258 189818.453821 0.366230 0.292330 0.883413 -0.469510 0.877714 -0.095803 -0.803390 -0.379685 0.458697
-62.603515 -176.119837 -10514.090066 42791.969184 0.272359 0.493693 0.825886 -0.436258 0.828401 -0.351328 -0.857613 -0.264612 0.441000
-73.443659 -167.302789 -1835.963678 42056.010201 0.354019 0.257281 0.899153 -0.369328 0.921735 -0.118329 -0.859225 -0.290192 0.421333
-106.900896 -664.854840 11409.468144 169499.053768 0.358621 0.172578 0.917392 -0.454544 0.890667 0.010137 -0.815341 -0.420630 0.397856
9.114177 -152.563363 -2031.116231 -11934.381416 -0.080129 0.492124 -0.866829 -0.546926 0.705323 0.450990 0.833337 0.510229 0.212639
17.632889 -180.071102 -575.886310 -29533.446275 -0.135033 0.480420 -0.866581 -0.365935 0.788580 0.494199 0.920792 0.383846 0.069318
14.999869 -137.350635 -1330.330893 -16817.353782 -0.020883 0.470896 -0.881941 -0.211294 0.860130 0.464253 0.977200 0.196044 0.081535
6.762614 -135.042813 -3094.137613 -8344.961786 0.050109 0.441269 -0.895975 -0.453940 0.809148 0.373120 0.889622 0.388022 0.240855
-48.623068 -71.429915 95.457696 -3981.583658 0.996845 -0.078450 -0.012071 0.049284 0.492551 0.868887 0.062219 0.866741 -0.494863
-45.783127 -69.939957 382.975752 -3724.167458 0.978367 0.122472 0.166730 -0.205693 0.489777 0.847236 -0.022103 0.863203 -0.504373
-41.644096 -65.453087 306.631910 -5291.353734 0.886722 0.348344 0.303943 -0.447266 0.480088 0.754631 -0.116951 0.805091 -0.581507
-48.567539 -70.576245 -275.542906 203.561932 0.728709 0.585882 0.354578 -0.507394 0.114173 0.854117 -0.459929 0.802313 -0.380472
-46.609484 -69.057315 -321.476822 -3325.897186 0.716222 0.570097 0.402512 -0.612419 0.236892 0.754205 -0.334618 0.786684 -0.518805
-46.305112 -68.144706 -658.494004 811.093484 0.592957 0.690987 0.413447 0.632589 -0.082042 -0.770130 -0.498230 0.718196 -0.485758
5.598338 -11.787721 45.399308 1554.242150 0.985613 0.127966 -0.110419 0.168637 -0.788451 0.591529 0.011365 0.601639 0.798687
6.452240 -10.537506 1865.018016 620.415645 0.946779 0.255021 -0.196400 0.321812 -0.737127 0.594206 -0.006763 0.625786 0.779966
2.863932 -15.624742 3200.078414 1835.936670 0.910972 0.293342 -0.289967 0.410940 -0.705938 0.576871 0.035478 0.644672 0.763635
8.609404 -17.771087 -1276.027297 3545.175845 0.969059 0.187861 -0.160103 0.246534 -0.768355 0.590637 0.012058 0.611833 0.790895
-20.891940 -48.929787 -468.391077 1780.830464 0.564514 0.822876 0.064809 -0.610696 0.469193 -0.637894 0.555315 -0.320521 -0.767393
-19.439098 -44.917552 -355.235101 1629.785953 0.495326 0.860095 0.122018 -0.638670 0.455762 -0.619985 0.588857 -0.229166 -0.775068
-8.667788 -64.310817 1153.949483 4012.067721 0.861106 0.220517 0.458114 -0.121249 -0.785979 0.606248 -0.493755 0.577590 0.650074
-10.711724 -62.233137 811.826300 5758.807164 0.847134 0.242061 0.473045 -0.127427 -0.771704 0.623086 -0.515875 0.588116 0.622891
1.198101 -43.237222 334.829837 -894.576041 0.812318 0.137758 0.566712 -0.582101 0.251538 0.773232 0.036031 0.957994 -0.284518
-0.330148 -42.758464 433.884922 -932.301161 0.791718 0.136561 0.595428 -0.608872 0.255503 0.750995 0.049577 0.957115 -0.285434
-0.431573 -41.122727 558.320724 -3648.294360 0.806421 0.130574 0.576745 -0.590718 0.222657 0.775549 0.027150 0.966113 -0.256688
-1.434487 -41.562401 688.336946 -3981.179489 0.795451 0.128229 0.592297 -0.605347 0.214129 0.766619 0.028525 0.968352 -0.247952
-1.171023 -41.401571 103.902594 -435.936940 0.757391 0.158176 0.633513 -0.650379 0.268945 0.710405 0.058011 0.950078 -0.306571
-2.256176 -40.090232 702.628110 -3753.335807 0.782669 0.135194 0.607579 -0.621384 0.226490 0.750056 0.036207 0.964585 -0.261274
29.678058 -94.760003 944.293844 466.428531 -0.978012 0.011977 -0.208202 0.004367 0.999307 0.036969 0.208501 0.035247 -0.977387
33.383880 -95.485032 -3092.114489 -1328.341377 0.991612 -0.063839 0.112380 0.080423 0.985433 -0.149843 0.101178 -0.157625 -0.982302
42.235679 -86.676220 -636.587883 -2319.095137 -0.965870 -0.061073 -0.251723 -0.000056 0.971855 -0.235578 0.259026 -0.227524 -0.938690
21.139117 -101.925734 2780.001340 -593.741972 -0.990033 0.120504 -0.072895 0.113874 0.989488 0.089143 0.082871 0.079954 -0.993348
19.334340 -99.456508 -2192.118448 -2157.723823 0.988751 -0.087526 0.121287 0.061642 0.977291 0.202737 0.136278 0.192980 -0.971693
19.620855 -97.994181 -745.405047 -2898.264925 0.974492 -0.033574 0.221896 -0.025929 0.965281 0.259922 0.222919 0.259046 -0.939789
11.289790 -196.035618 1223.554270 14389.401504 0.926243 -0.215419 0.309304 -0.376184 -0.579851 0.722675 -0.023672 0.785728 0.618120
7.505091 -197.094378 1694.844788 5061.701310 0.913961 -0.249146 0.320313 -0.386088 -0.290854 0.875408 0.124940 0.923759 0.362022
6.116282 -175.647139 422.197752 11128.074404 0.928713 -0.232821 0.288596 -0.369992 -0.530481 0.762690 0.024476 0.815098 0.578806
-17.065906 -84.548766 -2318.189598 -3625.923953 0.942211 -0.316814 0.108940 0.318888 0.748407 -0.581547 -0.102711 -0.582680 -0.806185
-17.173874 -84.661036 221.042932 -2820.804350 0.945704 -0.283538 0.158903 0.323393 0.771839 -0.547431 -0.032570 -0.569096 -0.821626
-16.544504 -80.467220 -845.213389 -2350.046752 0.945249 -0.294973 0.139625 0.304229 0.641620 -0.704108 -0.118107 -0.708036 -0.696230
-16.305035 -82.841054 1466.984945 -2545.561545 0.949363 -0.244576 0.197209 0.314040 0.719992 -0.618862 -0.009370 -0.649457 -0.760341
-13.576712 -80.515246 -1596.042610 -2470.743365 0.943477 -0.316845 0.097264 0.289566 0.645216 -0.707000 -0.161253 -0.695202 -0.700494
-13.560178 -77.287021 -1762.079207 -399.580291 0.944736 -0.312260 0.099834 0.255245 0.509519 -0.821730 -0.205726 -0.801801 -0.561064
-16.566669 -78.323620 643.342280 -914.189048 0.951629 -0.242868 0.188195 0.298204 0.582553 -0.756112 -0.074002 -0.775659 -0.626799
-15.569939 -76.070623 -1839.964681 869.268176 0.941393 -0.307793 0.137996 0.282978 0.497984 -0.819717 -0.183584 -0.810725 -0.555897
-4.337969 -55.790625 -1118.562310 240.820151 0.732600 0.351007 0.583174 0.247687 0.660562 -0.708738 0.633994 -0.663666 -0.396988
-5.677975 -59.603742 -2004.144908 4677.637543 0.747256 0.373840 0.549410 0.245923 0.612495 -0.751247 0.617358 -0.696486 -0.365755
-4.633702 -61.297110 -3558.324151 5561.462558 0.774169 0.338339 0.534967 0.271359 0.586154 -0.763406 0.571863 -0.736173 -0.361971
-0.695234 -77.943371 -39.294991 -9368.911019 0.957564 -0.244333 0.152881 -0.261017 -0.960092 0.100462 -0.122234 0.136103 0.983125
0.017033 -67.553987 183.380034 -5447.506417 0.958049 -0.249382 0.141245 -0.275620 -0.936803 0.215485 -0.078581 0.245376 0.966238
-0.118579 -62.987975 552.154918 496.503199 0.967604 -0.220199 0.123509 -0.249878 -0.905192 0.343785 -0.036098 0.363510 0.930891
3.330946 -49.560236 -442.890484 1014.315721 0.772887 0.197776 0.602935 -0.570429 0.632765 0.523659 0.277949 0.748661 -0.601873
-19.323773 -43.196325 802.753906 -767.042127 0.819470 0.290377 0.494116 -0.572753 0.445839 0.687882 0.020551 0.846705 -0.531666
-19.008487 -45.928692 393.367687 -4258.142465 0.828524 0.317636 0.461146 -0.558190 0.403197 0.725159 -0.044403 0.858219 -0.511360
-19.205277 -51.065775 -455.366463 -5935.027478 0.807834 0.327117 0.490305 -0.584357 0.335803 0.738758 -0.077014 0.883307 -0.462426
-10.061116 -183.715855 1617.314297 21712.336960 0.403721 0.861028 -0.309256 0.630176 -0.016663 0.776273 -0.663240 0.508284 0.549327
-7.398932 -214.818456 1581.906187 17598.236537 0.413085 0.853181 -0.318501 0.393233 0.148347 0.907392 -0.821419 0.500075 0.274219
-12.167177 -215.926297 2372.568360 20373.772109 0.402390 0.861033 -0.310973 0.391276 0.145340 0.908724 -0.827638 0.487338 0.278418
-14.179386 -215.378568 1013.156719 28731.498971 0.365255 0.884114 -0.291431 0.429996 0.117427 0.895162 -0.825646 0.452277 0.337274
-11.988253 -173.117908 1206.939920 22818.574805 0.387302 0.879706 -0.275889 0.632595 -0.035879 0.773651 -0.670687 0.474163 0.570393
-1.235551 -145.295391 -1422.494930 -543.741761 0.429490 0.872873 -0.231583 0.431393 -0.423593 -0.796535 0.793371 -0.242201 0.558481
26.667160 -83.568739 -5792.878720 -12310.594716 0.224125 0.931203 -0.287452 0.952159 -0.146354 0.268280 0.207753 -0.333828 -0.919455
40.329015 -136.856855 -8559.454275 27298.851015 0.223243 0.927598 -0.299540 -0.891682 0.070193 -0.447187 0.393785 -0.366926 -0.842792
1067.732780 -25.545604 -384340.431407 -4913.066163 0.649606 -0.128921 -0.749261 -0.081024 0.968166 -0.236834 0.755941 0.214557 0.618481
28.290084 -366.669263 -16756.139382 123472.366572 0.393655 0.701731 -0.593809 0.094318 -0.673389 -0.733247 0.914407 -0.232640 0.331269
52.911098 -136.414245 -12953.702128 -51082.189451 0.315631 0.467003 -0.826005 0.171230 0.828181 0.533663 0.933304 -0.309878 0.181435
-11.143659 -38.475948 798.489062 2948.546336 -0.637798 0.764377 0.094560 -0.521480 -0.518917 0.677336 -0.566809 -0.382692 -0.729571
-9.337090 -36.765451 414.851106 2988.341238 -0.703763 0.674836 0.222069 -0.405558 -0.638262 0.654328 -0.583302 -0.370430 -0.722870
-1.884600 -95.311473 119.314448 3574.387528 0.910743 -0.204621 0.358715 -0.075334 0.771726 0.631478 0.406043 0.602137 -0.687430
-2.098407 -92.901441 -523.732069 2002.629078 -0.909242 0.188390 -0.371197 -0.002064 0.889677 0.456586 0.416262 0.415913 -0.808543
-3.536212 -91.170449 821.956035 816.035278 0.916471 -0.233090 0.325191 -0.129458 0.596295 0.792258 0.378578 0.768180 -0.516312
12.425472 -126.407168 1104.161439 7278.497296 0.955122 0.040208 0.293471 0.166769 -0.891798 -0.420577 -0.244806 -0.450644 0.858481
7.525554 -125.027438 1273.389235 -2799.092636 0.969839 0.020849 0.242854 0.162469 -0.798025 -0.580310 -0.181705 -0.602264 0.777343
7.626540 -133.392316 1189.275803 -8816.951317 0.965618 0.026750 0.258585 0.184016 -0.772947 -0.607199 -0.183631 -0.633906 0.751294
5.010200 -153.083367 459.493425 -20677.697857 0.973905 -0.011091 0.226687 0.162982 -0.660916 -0.732549 -0.157946 -0.750378 0.641861
-32.294489 -3041.683895 1890.579742 -872733.144728 0.374024 0.918968 0.124912 -0.106396 -0.091281 0.990125 -0.921296 0.383621 -0.063633
-9.492419 -435.444136 1211.460689 -113750.321841 0.297649 0.908639 0.292882 -0.120720 -0.268501 0.955685 -0.947012 0.319816 -0.029772
-19.533925 -406.971537 -2326.708832 -98048.909519 0.262792 0.917263 0.299282 0.169833 -0.349316 0.921485 -0.949788 0.191331 0.247579
-21.849000 -198.589586 -2766.180730 -45385.294884 0.347275 0.883947 0.313110 -0.372740 -0.176269 0.911040 -0.860503 0.433090 -0.268269
-44.961068 -684.890733 -8791.769773 -172420.901684 0.257349 0.949982 0.176937 0.332484 -0.258974 0.906856 -0.907318 0.174549 0.382500
-91.525025 -1423.232343 269187.896697 -308526.414388 0.371279 0.829586 -0.417060 0.144891 0.391900 0.908527 -0.917147 0.397745 -0.025305
3.350511 -201.553726 16530.804856 -58581.809511 0.222260 0.734222 0.641497 -0.451140 -0.505835 0.735258 -0.864334 0.452824 -0.218810
31.436485 17.506805 -2364.601596 4345.538186 -0.632124 0.774626 0.019335 -0.529244 -0.449839 0.719407 -0.565969 -0.444521 -0.694320
35.362893 21.917853 4445.873030 -1105.949324 -0.136411 0.966312 -0.218250 -0.802022 0.021597 0.596904 -0.581509 -0.256466 -0.772057
36.132744 19.549804 -6799.828500 374.870254 -0.355842 0.879430 -0.316195 -0.782135 -0.095060 0.615816 -0.511509 -0.466440 -0.721659
28.469847 24.567842 3696.288588 90.664335 -0.477948 0.871767 0.107645 -0.620395 -0.421780 0.661220 -0.621833 -0.249247 -0.742429
34.316401 18.449531 -350.534658 4719.637684 -0.607738 0.782727 0.134139 -0.479345 -0.496233 0.723866 -0.633154 -0.375622 -0.676775
77.238368 -85.521665 -5707.934497 -7314.530787 0.777240 -0.628863 -0.020738 -0.277261 -0.312720 -0.908478 -0.564823 -0.711855 0.417418
60.655127 -90.955843 -2345.879951 -1932.557091 0.668819 -0.736983 -0.097658 -0.417790 -0.263949 -0.869358 -0.614925 -0.622243 0.484438
56.782150 -101.904581 2858.482741 1275.479554 -0.544892 0.828533 0.128941 0.503181 0.200087 0.840699 -0.670747 -0.522971 0.525928
-2.888973 -75.490088 -1299.815888 3406.554105 0.694212 -0.702029 -0.158823 0.666100 0.710221 -0.227808 0.272727 0.052354 0.960666
3.167455 -70.093167 -1880.058109 646.280989 -0.672623 0.715586 0.188455 0.676482 0.697845 -0.235341 0.299919 0.030809 0.953467
11.028109 -66.663009 -5471.140224 3200.106395 -0.623727 0.750942 0.216911 0.756107 0.650005 -0.076125 0.198159 -0.116527 0.973219
1.247536 -55.452211 -5695.482230 -126.896156 -0.173358 -0.700875 0.691897 0.871325 -0.436615 -0.223965 0.459064 0.564041 0.686380
-17.341864 -61.978489 -6901.766767 -523.443380 -0.132443 -0.722265 0.678817 0.876932 -0.404600 -0.259400 0.462005 0.560921 0.686964
-8.717086 -57.903530 6289.196375 2603.839372 0.235707 0.655495 -0.717474 0.749060 -0.592900 -0.295598 0.619154 0.467756 0.630756
8.537467 -48.170897 3739.945349 1993.130323 0.264319 0.665456 -0.698072 0.779562 -0.573570 -0.251596 0.567819 0.477689 0.670369
79.665793 -20.964607 -29176.169660 1780.043535 -0.761883 0.402968 -0.507101 0.210508 0.894455 0.394507 0.612553 0.193819 -0.766298
132.167023 -16.764599 -41369.855381 -366.727220 -0.808242 0.388339 -0.442648 0.193709 0.885223 0.422915 0.556077 0.256073 -0.790699
-7.937363 -50.535640 -462.062121 465.292948 0.877894 -0.112518 -0.465447 0.295681 -0.637192 0.711729 0.376662 0.762447 0.526118
17.878929 -92.551760 -2849.154979 3422.348591 -0.855253 0.051548 0.515640 -0.127774 0.943342 -0.306234 -0.502211 -0.327793 -0.800210
16.632840 -92.727200 -4760.340425 2937.879490 -0.871529 0.035166 0.489081 -0.159963 0.922467 -0.351378 -0.463518 -0.384471 -0.798332
4.456188 -114.936788 1532.888113 10903.570795 0.830926 0.026560 -0.555749 -0.137537 0.977666 -0.158913 0.539116 0.208481 0.816021
1.942454 -120.821063 984.815018 14212.260034 0.829322 0.070048 -0.554363 -0.129022 0.989307 -0.068010 0.543671 0.127927 0.829492
-6.902976 -83.923008 177.690943 2640.167132 0.840714 -0.034598 -0.540373 -0.493914 -0.458001 -0.739110 0.221920 -0.888278 0.402136
-5.370826 -93.181290 -1071.464681 4031.325946 0.844798 -0.070799 -0.530381 -0.489793 -0.501426 -0.713214 0.215453 -0.862299 0.458280
-7.063241 -81.239174 -931.023825 4606.742010 0.846239 -0.061974 -0.529187 -0.522411 -0.291719 -0.801240 0.104718 -0.954494 0.279240
-7.098890 -82.045973 125.648266 2550.578942 0.840042 -0.015921 -0.542287 -0.516388 -0.329955 -0.790236 0.166349 -0.943862 0.285398
-6.275876 -93.094344 1795.591245 4378.584458 0.837268 -0.000677 -0.546792 -0.476209 -0.492339 -0.728579 0.268714 -0.870403 0.412542
-7.318235 -78.216040 280.056946 1827.525731 0.840770 -0.023881 -0.540866 -0.535074 -0.188841 -0.823429 0.082473 -0.981717 0.171550
8.850749 -41.781541 4239.124601 1217.274099 0.916173 -0.104973 -0.386791 -0.399759 -0.170443 -0.900634 -0.028616 -0.979760 0.198119
8.990286 -41.802354 3341.253483 -153.686228 0.925352 -0.101121 -0.365374 -0.373979 -0.085466 -0.923491 -0.062157 -0.991196 0.116904
14.450484 -44.109195 1389.224444 1355.446197 0.907035 -0.158279 -0.390174 -0.416996 -0.209301 -0.884481 -0.058331 -0.964956 0.255845
2.061786 -53.125800 -30.131855 -1581.042103 0.779130 -0.038113 -0.625703 0.478601 -0.608462 0.633021 0.404843 0.792667 0.455829
-4.035205 -43.817067 280.979083 -663.312313 0.816927 -0.104887 -0.567123 0.570811 0.006398 0.821057 0.082490 0.994464 -0.065098
-5.690713 -43.263602 905.858183 -1043.982305 0.800213 -0.101304 -0.591097 0.593575 -0.006888 0.804749 0.085595 0.994832 -0.054620
9.734863 -48.892554 1300.521708 -334.536603 0.895983 -0.170630 -0.410000 -0.443398 -0.292240 -0.847345 -0.024764 -0.941000 0.337499
