17440
34859
-37.377163 -57.034182 -1619.761597 5421.070938 0.259635 0.949061 -0.178529 0.944441 -0.288123 -0.158165 0.201546 0.127545 0.971139
-42.084062 -67.528345 1957.583087 5505.870424 -0.121388 -0.977708 0.171323 0.987535 -0.136378 -0.078580 0.100193 0.159648 0.982076
-41.579727 -66.380697 -2430.599165 8944.170780 -0.181869 0.982571 -0.038444 0.965894 0.171180 -0.194284 0.184317 0.072467 0.980192
-37.910926 -58.549752 -31.637690 4328.804193 -0.374389 -0.880797 0.289880 0.910802 -0.407967 -0.063273 0.173992 0.240334 0.954969
-34.039328 -49.372541 -2120.227910 6733.581389 0.345858 0.922587 -0.170925 0.896450 -0.378698 -0.230141 0.277054 0.073630 0.958029
-32.143650 -49.678130 569.079460 3550.353937 0.568856 0.765287 -0.301229 0.778049 -0.619458 -0.104459 0.266540 0.174949 0.947813
91.714456 -106.700245 -11162.390269 5283.109890 -0.508833 0.859346 0.051129 0.006375 0.063153 -0.997983 0.860842 0.507481 0.037613
96.022227 -105.618991 -6466.191206 -3278.667716 -0.570834 0.817069 0.080909 0.162551 0.209052 -0.964300 0.804814 0.537303 0.252149
83.403531 -110.273934 1985.707048 7896.753014 -0.642235 0.766073 0.025808 -0.043995 -0.003228 -0.999027 0.765244 0.642745 -0.035776
-40.403601 -61.507316 -1670.643085 -6241.743489 0.069248 0.993605 -0.089181 0.040650 -0.092131 -0.994917 0.996771 -0.065271 0.046770
-38.073099 -52.292312 1002.466815 -3854.564905 0.092532 0.990674 -0.100017 0.127668 -0.111423 -0.985538 0.987491 -0.078424 0.136788
-39.064969 -63.369724 -297.065306 -5168.599815 0.152949 0.980207 -0.125705 -0.011874 -0.125370 -0.992039 0.988163 -0.153224 0.007537
-41.271004 -73.057941 -3001.330538 -6170.006810 0.137417 0.985700 -0.097533 -0.114486 -0.082001 -0.990035 0.983875 -0.147214 -0.101580
-44.278556 -73.323555 -3300.828065 -8452.656196 0.044487 0.998096 -0.042715 -0.053500 -0.040316 -0.997754 0.997576 -0.046673 -0.051604
41.532852 -29.191285 -14481.409477 -686.582006 -0.013367 -0.997839 -0.064335 0.999018 -0.010609 -0.043027 0.042251 -0.064847 0.997000
48.758775 -29.631217 -17729.704894 364.593224 -0.082074 -0.995846 -0.039428 0.995969 -0.083392 0.033036 -0.036187 -0.036558 0.998676
17.542492 -25.992627 -7269.865074 -823.018766 -0.077655 -0.995589 -0.052656 0.996140 -0.075313 -0.045089 0.040924 -0.055954 0.997594
16.245002 -29.553407 6429.997112 -1907.010677 0.018351 0.998289 0.055510 0.995253 -0.012932 -0.096455 0.095572 -0.057016 0.993788
42.990069 4.591839 11929.449919 -4233.952718 -0.846747 -0.199240 -0.493278 -0.266926 0.961174 0.069970 0.460185 0.190916 -0.867053
43.365056 -0.089989 12927.552790 -3728.439021 -0.863449 -0.151219 -0.481237 -0.220103 0.971345 0.089688 0.453885 0.183362 -0.871990
21.898184 0.021002 9991.955638 -2568.140626 -0.841982 -0.294788 -0.451847 -0.342875 0.939013 0.026304 0.416536 0.177075 -0.891708
55.132674 0.961018 8998.202653 -3438.333318 -0.818757 -0.116321 -0.562233 -0.209984 0.972085 0.104675 0.534362 0.203763 -0.820328
23.931629 -0.007642 9615.767478 2042.234945 -0.756297 -0.469255 -0.455866 -0.503806 0.862265 -0.051759 0.417365 0.190523 -0.888542
43.039411 9.689353 10742.918982 -1909.078250 -0.795295 -0.329656 -0.508756 -0.390270 0.920600 0.013561 0.463890 0.209337 -0.860804
55.402115 8.542299 7949.676662 -4931.591223 -0.807068 -0.137204 -0.574297 -0.233417 0.967539 0.096873 0.542364 0.212234 -0.812895
-8.596420 -42.446983 -262.826516 -736.330393 0.125624 0.970508 0.205751 0.829622 0.010957 -0.558219 0.544010 -0.240822 0.803778
-6.965431 -42.984385 -258.742425 -736.840180 0.142442 0.963919 0.224878 0.806143 0.018848 -0.591420 0.574320 -0.265527 0.774372
-8.992164 -46.018821 -325.492274 -1314.338551 0.125502 0.971813 0.199570 0.725168 0.047419 -0.686937 0.677038 -0.230934 0.698777
-7.357045 -41.969745 -125.858199 49.897756 0.123354 0.963995 0.235578 0.891444 -0.003339 -0.453118 0.436017 -0.265899 0.859760
-10.576271 -45.228472 -497.481601 -989.492039 0.095597 0.977467 0.188200 0.752318 0.052858 -0.656676 0.651827 -0.204362 0.730313
-9.554606 -41.681050 -432.643708 -761.398324 0.098704 0.976332 0.192441 0.853046 0.016565 -0.521572 0.512415 -0.215642 0.831221
-8.040624 -40.717830 -129.688349 -146.538261 0.118871 0.971140 0.206776 0.908180 -0.022166 -0.417993 0.401347 -0.237477 0.884605
4.352801 -61.152796 -464.538046 -1651.180693 0.118827 0.938014 0.325592 0.333198 0.271230 -0.903003 0.935339 -0.215788 0.280315
5.835869 -64.583678 -440.770971 -381.343498 0.121351 0.942425 0.311624 0.123215 0.297214 -0.946827 0.984932 -0.153296 0.080054
3.288404 -62.052648 -548.214191 -1189.585819 0.140070 0.944939 0.295753 0.273306 0.250195 -0.928820 0.951674 -0.210931 0.223213
-9.040252 -122.796161 277.166181 4026.851345 0.242364 -0.877871 -0.413041 0.848808 -0.014323 0.528506 -0.469876 -0.478684 0.741673
-7.505861 -130.407024 2396.483781 6284.164737 0.299154 -0.845340 -0.442614 0.851325 0.026937 0.523947 -0.430991 -0.533549 0.727717
-4.428280 -122.106715 942.742999 15707.166032 0.226219 -0.868010 -0.442021 0.960686 0.123830 0.248494 -0.160960 -0.480858 0.861898
-11.233882 -126.912187 -332.923820 -9648.835625 -0.267975 0.880117 0.391898 0.640696 -0.140992 0.754738 -0.719512 -0.453339 0.526105
-7.126324 -115.480758 -2253.706123 7505.820517 0.184450 -0.911653 -0.367242 0.893299 -0.000321 0.449462 -0.409872 -0.410960 0.814320
-10.734564 -118.834378 2075.550324 -5467.260527 -0.194414 0.909859 0.366552 0.689514 -0.139027 0.710803 -0.697692 -0.390933 0.600332
59.359401 -44.161791 15601.406849 3082.664179 -0.036788 0.987450 0.153589 -0.823989 -0.116932 0.554408 -0.565410 0.106160 -0.817950
28.655898 -44.127278 8746.653868 1624.245251 -0.115629 0.976171 0.183628 -0.739767 -0.208000 0.639907 -0.662853 0.061850 -0.746190
61.290576 -42.254034 13266.908862 763.746007 -0.043830 0.998752 0.023928 -0.816500 -0.049613 0.575210 -0.575679 -0.005674 -0.817656
112.604106 -36.603206 84801.908608 -977.039093 -0.137715 0.990375 0.013873 -0.566139 -0.090201 0.819359 -0.812724 -0.104984 -0.573112
90.498887 -41.523954 62947.046509 -2685.028283 -0.102509 0.994643 -0.013334 -0.514084 -0.041497 0.856736 -0.851592 -0.094678 -0.515584
185.803314 -39.282863 139085.943000 -2401.348938 -0.188015 0.982076 -0.013341 -0.541167 -0.092250 0.835840 -0.819627 -0.164370 -0.548812
322.504194 -25.010730 204679.021276 -760.655363 -0.124612 0.984606 -0.122570 -0.622450 0.018626 0.782438 -0.772676 -0.173794 -0.610547
93.236248 -64.407830 9460.903412 13283.568116 -0.209236 0.923364 -0.321900 0.916694 0.299816 0.264164 -0.340430 0.239812 0.909174
90.544666 -70.273435 -10881.007415 5687.036331 -0.278609 0.949634 -0.143430 0.893348 0.311075 0.324287 -0.352572 0.037784 0.935022
85.829458 -57.508154 8509.993480 -16031.145956 -0.166541 0.930636 -0.325854 0.789024 0.323972 0.521999 -0.591359 0.170172 0.788249
61.426856 -49.173380 -25103.130238 4409.821519 0.076235 -0.835859 0.543625 0.887807 0.305074 0.344570 -0.453857 0.456366 0.765339
80.874289 -52.334222 -25023.145903 18038.364362 0.159424 -0.834485 0.527465 0.945155 0.283307 0.162542 -0.285073 0.472623 0.833883
-2.838102 -89.684130 374.497727 3121.995071 -0.711157 0.130795 -0.690759 0.063061 0.990449 0.122617 0.700199 0.043640 -0.712613
-1.718014 -87.053877 283.837794 2083.489934 -0.708185 0.149998 -0.689909 -0.027520 0.970564 0.239267 0.705490 0.188432 -0.683211
-3.578753 -92.274574 617.671918 4347.895488 -0.707572 0.117591 -0.696788 0.032550 0.990434 0.134093 0.705891 0.072200 -0.704631
-0.888319 -85.523602 129.278472 1032.295683 -0.708948 0.163558 -0.686033 0.012160 0.975427 0.219987 0.705156 0.147617 -0.693516
-4.358482 -98.619669 473.955832 3989.865088 -0.709496 0.095341 -0.698230 0.124181 0.992216 0.009299 0.693681 -0.080110 -0.715813
-3.642739 -94.076648 488.371342 2895.525896 -0.716456 0.106986 -0.689380 0.151826 0.988397 -0.004399 0.680911 -0.107818 -0.724387
-1.522012 -86.632955 396.956906 1537.602683 -0.713677 0.143595 -0.685599 0.101073 0.989630 0.102060 0.693145 0.003543 -0.720790
-13.939355 -91.363303 -339.607856 1552.768094 0.017235 0.965944 0.258177 -0.513092 0.230167 -0.826898 0.858161 0.118217 -0.499585
-12.479368 -92.569031 -655.436604 1117.621404 0.065000 0.974418 0.215137 -0.505901 0.218011 -0.834587 0.860139 0.054589 -0.507130
-14.181491 -88.448451 -330.443163 2610.720212 0.017230 0.966970 0.254307 -0.679614 0.197883 -0.706376 0.733368 0.160660 -0.660576
-11.966500 -94.619976 -617.350853 -239.270751 0.065005 0.972338 0.224349 -0.310932 0.233369 -0.921336 0.948207 0.009865 -0.317501
-14.554687 -87.473224 76.667012 3284.637982 -0.030131 0.953077 0.301225 -0.689957 0.198219 -0.696181 0.723223 0.228809 -0.651610
-14.385463 -91.145592 73.784545 2469.197475 -0.032571 0.953861 0.298476 -0.525400 0.237703 -0.816978 0.850232 0.183429 -0.493416
-13.599062 -93.841948 -286.065076 -227.851514 0.015746 0.965968 0.258181 -0.314650 0.249882 -0.915726 0.949077 0.066818 -0.307876
-4.039660 -110.747308 -1118.444586 -7169.557633 -0.845347 -0.011175 -0.534101 0.126867 0.966980 -0.221031 0.518935 -0.254608 -0.816015
-1.968472 -102.643274 -923.534907 -3824.242063 -0.846744 0.009571 -0.531914 0.210310 0.924417 -0.318155 0.488665 -0.381263 -0.784758
-4.190595 -109.366146 -1112.552212 -10237.046990 -0.850259 -0.021648 -0.525919 0.143754 0.951619 -0.271580 0.506353 -0.306516 -0.806011
-6.375376 -109.920676 -1184.119549 -1852.731386 -0.853284 -0.026499 -0.520773 0.018992 0.996466 -0.081822 0.521100 -0.079708 -0.849765
-0.782730 -130.077632 -981.567483 1899.358623 -0.692703 0.035054 -0.720370 0.395174 0.853987 -0.338441 0.603324 -0.519111 -0.605412
-1.337721 -125.083586 -1205.317933 6562.112765 -0.681167 0.056343 -0.729957 0.289910 0.936292 -0.198263 0.672282 -0.346673 -0.654106
1.532085 -135.379172 -1362.491744 3704.484123 -0.683986 0.050196 -0.727766 0.392897 0.865921 -0.309537 0.614650 -0.497656 -0.612000
-4.022612 -119.596152 -466.950778 3596.338125 -0.690950 0.047261 -0.721356 0.298953 0.927216 -0.225604 0.658191 -0.371533 -0.654789
2.751285 -133.272723 1436.114990 -3862.193634 0.694859 -0.029466 0.718542 0.488305 0.752848 -0.441338 0.527948 -0.657535 -0.537512
-3.420053 -124.351532 -675.688476 1015.424561 -0.699514 0.019227 -0.714361 0.397145 0.841512 -0.366241 0.594101 -0.539896 -0.596285
0.259614 -128.518037 901.939140 -2422.497506 0.703520 -0.017562 0.710458 0.486621 0.740478 -0.463565 0.517938 -0.671851 -0.529487
-28.436970 -49.096412 -13156.688751 -1395.762204 -0.094119 0.987679 0.125029 0.687568 0.155311 -0.709315 0.719994 -0.019206 0.693714
-2.584786 -52.718978 -19019.714817 -918.197504 -0.013190 0.996662 0.080572 0.716386 0.065634 -0.694610 0.697579 -0.048559 0.714860
-4.687310 -51.204746 -23748.388949 3320.643386 0.138859 0.987837 -0.069974 0.633850 -0.142944 -0.760132 0.760889 -0.061198 0.645990
-7.857096 -112.756409 -488.913308 3070.491339 0.816711 -0.255185 0.517556 -0.576990 -0.373722 0.726233 -0.008098 0.891747 0.452462
-8.439782 -114.957809 721.656275 2628.419733 0.804252 -0.279891 0.524252 -0.594208 -0.364201 0.717129 0.009785 0.888267 0.459223
-10.046124 -116.190519 -126.555630 -1509.383760 0.793708 -0.280248 0.539897 -0.588722 -0.130542 0.797725 0.153082 0.951010 0.268601
-9.583577 -114.093959 -620.405379 -1582.107906 0.805310 -0.256657 0.534419 -0.576640 -0.129718 0.806635 0.137704 0.957758 0.252462
-8.374588 -110.859271 -1110.891022 3016.431625 0.821378 -0.228385 0.522664 -0.569634 -0.375421 0.731147 -0.029236 0.898276 0.438459
-4.980865 -117.196422 -474.589238 -7637.903131 0.871006 -0.144072 0.469673 -0.246097 0.699473 0.670949 0.425189 0.699986 -0.573790
-6.181524 -140.056427 -1107.150103 -19662.049256 0.867525 -0.107952 0.485537 -0.310452 0.645156 0.698135 0.388612 0.756386 -0.526175
-6.631436 -143.025710 115.213329 -18525.518555 0.861375 -0.141410 0.487889 -0.332292 0.569598 0.751758 0.384207 0.809667 -0.443648
78.274829 -546.366098 -11274.554707 108020.971035 0.914903 -0.101468 0.390712 0.041883 0.986530 0.158128 -0.401494 -0.128307 0.906829
54.180275 -637.410193 8213.790323 139656.184289 0.897695 -0.160328 0.410413 0.195310 0.979733 -0.044469 -0.394966 0.120078 0.910815
139.723149 -611.414174 -53877.043094 194241.534372 0.921514 -0.040519 0.386224 -0.030843 0.983764 0.176797 -0.387117 -0.174833 0.905303
34.405378 -1126.159580 8335.579840 -200181.339661 0.887295 -0.228759 0.400470 0.134533 0.958934 0.249693 -0.441144 -0.167675 0.881633
98.128702 -685.900960 -29084.214899 -45875.799171 0.927345 -0.075320 0.366550 0.088676 -0.907403 -0.410800 -0.363550 -0.413457 0.834796
37.609681 -1633.744640 -41157.107155 -14174.564103 0.782107 -0.163341 0.601356 -0.442824 -0.824652 0.351932 -0.438424 0.541543 0.717297
66.869719 -1872.833206 -56782.480808 847702.210150 0.737478 -0.224965 0.636802 0.434832 0.879624 -0.192829 -0.516767 0.419109 0.746525
9.124226 -1433.328745 -33927.310710 -138130.261521 0.772121 -0.120206 0.624003 0.109766 0.992415 0.055355 -0.625924 0.025753 0.779459
-35.441022 -3348.927319 944.063093 1696568.682128 0.763978 -0.200436 0.613321 0.247947 0.968743 0.007737 -0.595701 0.146160 0.789796
-0.851488 -1991.981105 -30389.331809 -42907.493421 0.773319 -0.189317 0.605092 -0.073333 0.921265 0.381960 -0.629762 -0.339750 0.698548
78.276341 -2625.852932 -67349.383164 -2352650.960104 0.724112 -0.087465 0.684114 -0.292082 0.859690 0.419071 -0.624780 -0.503272 0.596965
35.849188 -77.664472 29.424053 -17458.708619 0.355448 0.170737 -0.918970 0.934420 -0.088784 0.344929 -0.022698 -0.981308 -0.191098
43.666922 -97.315578 -16554.865202 -27390.066866 0.567471 0.195366 -0.799880 0.822957 -0.102946 0.558699 0.026806 -0.975312 -0.219197
55.349884 -63.412532 -1187.023034 -28585.298074 0.456314 0.186687 -0.870015 0.887560 -0.165124 0.430084 -0.063369 -0.968443 -0.241044
-28.310333 -30.969032 -190.366429 98.299429 -0.460146 0.856958 -0.232140 0.690363 0.509758 0.513366 -0.558269 -0.075963 0.826175
-29.129219 -30.697206 -245.846969 346.796731 -0.505045 0.803748 -0.314514 0.601265 0.589073 0.539882 -0.619201 -0.083559 0.780774
-27.456592 -30.496670 -1300.035128 -364.897975 -0.539284 0.813965 -0.215949 0.633116 0.560968 0.533365 -0.555281 -0.150914 0.817855
-25.679250 -30.516658 1353.755637 -564.122158 0.675650 -0.682577 0.278543 0.548282 0.717820 0.429093 -0.492833 -0.137196 0.859240
-26.558010 -30.572063 -379.708431 262.155296 -0.548778 0.796343 -0.254324 0.674716 0.601545 0.427671 -0.493560 -0.063100 0.867420
27.942172 -9.283489 20598.031916 -8638.960197 0.164067 0.852939 -0.495557 0.738939 0.226534 0.634548 -0.653491 0.470295 0.593103
24.424716 -3.064634 18686.650819 577.303828 0.227432 0.863170 -0.450791 0.757790 0.133854 0.638621 -0.611579 0.486848 0.623659
6.124977 -12.553891 5824.169017 -5329.155259 0.264106 0.884154 -0.385383 0.725387 0.081254 0.683528 -0.635658 0.460076 0.619894
5.897523 -8.060096 6861.586529 541.287412 0.201702 0.863267 -0.462695 0.761497 0.158883 0.628393 -0.615985 0.479089 0.625328
-2.478338 -122.981248 205.659989 -4215.761436 0.029677 -0.944436 -0.327353 0.965768 -0.057341 0.252989 -0.257702 -0.323655 0.910405
-2.784586 -127.414297 272.595276 5348.310703 0.001271 -0.941041 -0.338290 0.998471 0.019891 -0.051579 0.055267 -0.337708 0.939627
-3.704966 -123.006941 181.662684 5876.547499 0.017983 -0.945645 -0.324704 0.997448 0.039408 -0.059529 0.069089 -0.322805 0.943940
-567.349513 -3427.006008 296157.082342 -1194881.837930 0.307168 0.291117 -0.906034 -0.030033 0.954553 0.296525 0.951181 -0.063872 0.301951
18357.621345 -762607.802209 -16270322.974223 1469365186.563844 -0.000416 0.264248 -0.964455 -0.058868 0.962776 0.263813 0.998266 0.056885 0.015155
-849.684378 -2282.939550 361828.568692 1412436.539376 0.417668 0.130512 -0.899177 -0.493723 0.863376 -0.104018 0.762753 0.487389 0.425041
-675.107427 -1815.254121 371214.215028 -863809.632823 0.244289 0.259363 -0.934373 0.523200 0.776027 0.352198 0.816446 -0.574903 0.053876
-2409.730138 -3327.666380 1238399.624405 1184501.998572 0.462485 -0.369839 -0.805808 0.333863 0.914594 -0.228152 0.821367 -0.163513 0.546462
-81.340788 -335.389270 -17149.170833 96524.978056 -0.099789 0.144792 -0.984417 0.225824 0.966834 0.119314 0.969044 -0.210398 -0.129177
-78.084443 -368.332540 -16093.205536 127961.226987 -0.068086 0.121771 -0.990220 -0.109367 0.985631 0.128726 0.991667 0.117062 -0.053790
-53.509018 -347.066600 -13067.268656 95500.512120 -0.028475 0.099329 -0.994647 0.251965 0.963633 0.089018 0.967317 -0.248082 -0.052467
-109.304594 -344.340911 -19936.429735 117662.255918 -0.222067 0.229161 -0.947719 -0.041531 0.968883 0.244010 0.974147 0.093546 -0.205640
-87.894442 -292.585657 -19490.856617 -37073.722166 -0.111991 0.131513 -0.984968 0.703621 0.710420 0.014853 0.701695 -0.691381 -0.172096
-111.850490 -297.156072 -22537.974588 59180.937039 -0.215915 0.200858 -0.955529 0.355005 0.927788 0.114808 0.909589 -0.314428 -0.271629
-112.521547 -372.556865 -13022.782113 92730.709566 0.448429 0.110561 -0.886954 0.854581 -0.343818 0.389205 -0.261920 -0.932505 -0.248661
-176.061907 -432.539729 -29452.738041 118864.155930 0.602048 0.194058 -0.774519 0.794434 -0.242874 0.556675 -0.080083 -0.950449 -0.300388
-114.181736 -274.503567 -23096.410989 56358.670088 0.416399 0.114271 -0.901972 0.909159 -0.045364 0.413970 0.006388 -0.992413 -0.122781
26.496022 -81.540452 -4188.559052 1128.153368 -0.325026 0.941511 0.088968 -0.712829 -0.305726 0.631194 -0.621476 -0.141736 -0.770505
27.033889 -71.366979 939.345177 8096.694805 -0.283024 0.957835 0.049487 -0.734040 -0.249528 0.631601 -0.617319 -0.142433 -0.773712
26.640831 -87.754462 -3942.540989 -4978.305494 -0.227394 0.973438 -0.026657 -0.843084 -0.183096 0.505652 -0.487340 -0.137457 -0.862325
248.649824 -142.808162 32767.233449 -27415.966162 -0.632697 0.278246 -0.722685 0.667623 -0.276884 -0.691097 -0.392395 -0.919736 -0.010580
259.388115 -127.871715 110390.116601 -24234.874661 -0.488087 0.534775 -0.689773 0.656110 -0.296365 -0.694037 -0.575578 -0.791318 -0.206219
223.083132 -97.073973 104.935547 -14884.098275 -0.648810 0.174309 -0.740717 0.649854 -0.379512 -0.658529 -0.395898 -0.908618 0.132956
257.771278 -137.300105 68794.463868 -19827.507118 0.732252 0.091158 0.674906 0.668606 -0.284684 -0.686965 -0.129513 -0.954278 0.269408
242.835387 -105.037038 88568.038119 -13955.071445 0.767649 0.316899 0.557037 0.640741 -0.397006 -0.657143 -0.012900 -0.861372 0.507812
220.171849 -70.965895 70097.628992 -27517.387418 0.778794 0.243190 0.578220 0.595641 -0.575758 -0.560103 -0.196703 -0.780616 0.593250
15.744675 -110.870072 4090.498605 12565.311318 0.373589 0.520389 0.767872 0.919504 -0.098664 -0.380497 -0.122245 0.848211 -0.515359
25.329308 -113.456495 7295.208676 -7127.557346 0.382780 0.496076 0.779351 0.840754 0.162587 -0.516429 -0.382900 0.852921 -0.354843
39.379390 -109.523471 13095.812607 998.937723 0.270895 0.515696 0.812818 0.931777 0.071519 -0.355917 -0.241677 0.853781 -0.461139
28.424277 -95.661760 7387.567879 14578.189908 0.246990 0.556175 0.793514 0.968983 -0.148738 -0.197356 0.008262 0.817647 -0.575661
-3.424504 -48.274203 1205.877605 -234.367256 -0.342331 -0.902090 -0.262760 0.919435 -0.379224 0.104061 -0.193518 -0.205967 0.959233
-6.355664 -49.324464 -920.559690 -16.818181 0.363829 0.899675 0.241273 0.898436 -0.407317 0.164029 -0.245847 -0.157089 0.956495
-3.350343 -49.366881 -1235.236330 592.179362 0.349428 0.899428 0.262542 0.878058 -0.412127 0.243240 -0.326978 -0.145533 0.933759
-0.503652 -47.874968 1000.800814 -238.126444 -0.344260 -0.901632 -0.261811 0.918127 -0.381597 0.106892 -0.196284 -0.203577 0.959182
-0.973533 -49.486317 -864.598651 556.780811 0.336611 0.906033 0.256510 0.881841 -0.398843 0.251557 -0.330227 -0.141524 0.933232
-4.113390 -51.392796 -1109.823312 1056.956723 0.325431 0.911677 0.250878 0.824091 -0.403556 0.397514 -0.463648 -0.077383 0.882634
11.010900 -75.639450 329.955528 -6882.596475 0.257611 0.965117 0.046755 -0.948088 0.261810 -0.180514 0.186458 -0.002174 -0.982461
11.226487 -80.300657 -292.967731 -7377.018344 0.241590 0.967299 0.077244 -0.954156 0.251291 -0.162599 0.176692 0.034420 -0.983664
9.437753 -83.404190 -176.793001 6690.136732 0.216740 0.975166 0.045561 0.976134 -0.215831 -0.024068 -0.013637 0.049691 -0.998672
9.801721 -78.125320 94.877842 -5061.775304 0.243615 0.969783 0.013170 -0.969698 0.243292 0.022235 -0.018359 0.018188 -0.999666
11.533621 -73.288940 211.337931 -5760.101762 0.274605 0.961540 0.005826 -0.944938 0.270975 -0.183480 0.178002 -0.044879 -0.983006
-2.681798 -118.774174 128.268549 -377.051185 0.326152 0.942258 0.075999 -0.244840 0.006549 0.969541 -0.913060 0.334825 -0.232838
-2.671649 -116.740592 416.449878 1452.024489 0.340990 0.934787 0.099497 -0.204245 -0.029642 0.978471 -0.917611 0.353971 -0.180818
-4.209150 -120.003329 322.632472 -7392.920745 0.337813 0.937764 0.080501 -0.497879 0.105458 0.860811 -0.798748 0.330873 -0.502518
-1.490059 -114.826370 -109.157494 9811.391747 0.317018 0.944183 0.089548 0.055527 -0.112734 0.992072 -0.946793 0.309532 0.088167
-3.835612 -121.245788 -337.609022 -6009.346604 0.315939 0.947771 0.043741 -0.476208 0.118532 0.871307 -0.820615 0.296110 -0.488785
-2.539098 -122.627190 -680.820513 2908.442410 0.296547 0.953489 0.054032 -0.181967 0.000873 0.983304 -0.937522 0.301427 -0.173763
-2.675224 -72.088626 -439.247468 1511.827629 0.164425 0.970371 0.177045 0.709073 -0.241051 0.662654 -0.685697 -0.016581 0.727699
-0.870813 -73.910098 -1022.930973 2144.512213 0.151959 0.969730 0.191135 0.730471 -0.240456 0.639213 -0.665823 -0.042484 0.744899
-2.268422 -67.768253 -378.308359 2245.784254 0.178410 0.965100 0.191709 0.822005 -0.253276 0.510058 -0.540813 -0.066586 0.838503
-2.734247 -65.765407 121.402096 2457.016172 0.198287 0.963364 0.180588 0.827237 -0.263309 0.496334 -0.525700 -0.050973 0.849141
-3.394113 -70.494654 -111.352300 1473.192992 0.175642 0.969565 0.170568 0.697068 -0.244833 0.673908 -0.695159 -0.000531 0.718856
1.249968 -57.792669 512.818596 2084.493740 0.455084 0.890415 0.007736 0.031208 -0.007267 -0.999486 0.889901 -0.455092 0.031095
-1.897800 -61.266709 -340.925968 1446.875500 0.460417 0.882695 0.094155 0.215243 -0.008107 -0.976527 0.861212 -0.469876 0.193726
0.117789 -58.862475 -103.381844 2028.678434 0.457014 0.886658 0.070545 0.027423 0.065228 -0.997493 0.889037 -0.457803 -0.005495
-3.183815 -52.575789 794.020214 3392.740108 0.180046 0.960551 0.211955 0.950495 -0.225368 0.213935 -0.253263 -0.162944 0.953576
-4.040462 -48.128775 -655.564049 2941.625569 0.122007 0.963972 0.236375 0.962083 -0.173396 0.210548 -0.243949 -0.201724 0.948576
-1.035015 -49.364362 120.956912 -306.634849 -0.114528 -0.971041 -0.209675 0.984227 -0.139559 0.108723 -0.134836 -0.193916 0.971708
-6.480072 -44.934314 -61.865616 865.422441 0.289584 0.931994 0.218011 0.892344 -0.180492 -0.413697 0.346214 -0.314340 0.883926
-5.828877 -45.007030 -436.092924 543.322115 0.317304 0.919917 0.230370 0.878373 -0.193528 -0.437044 0.357461 -0.341027 0.869438
-6.753249 -43.886407 89.135228 -485.031968 0.315239 0.927872 0.199191 0.829222 -0.167234 -0.533314 0.461536 -0.333295 0.822131
-7.910329 -166.263256 -2082.713889 15238.573349 0.510765 0.554560 0.656950 -0.483181 -0.446873 0.752888 -0.711095 0.701974 -0.039705
-12.042177 -174.483058 -1863.653507 15415.397019 0.532748 0.535226 0.655524 -0.505477 -0.419994 0.753723 -0.678728 0.732897 -0.046794
-7.695144 -182.196741 -1996.721729 -10973.708829 0.504576 0.549857 0.665628 0.648586 0.267462 -0.712601 -0.569858 0.791278 -0.221675
-3.828561 -171.997917 -1336.767719 -9099.896338 0.499883 0.552375 0.667082 0.625545 0.302432 -0.719185 -0.599007 0.776799 -0.194355
6.380221 -92.727452 3745.241546 -24149.449450 0.568565 0.234420 0.788531 0.318072 0.821346 -0.473520 -0.758659 0.520036 0.392426
10.923057 -58.564064 1037.426725 -11601.385232 0.502885 0.172067 0.847054 0.330341 0.867331 -0.372305 -0.798738 0.467043 0.379327
9.739985 -95.258611 1793.524315 -24489.452019 0.539803 0.230363 0.809658 0.371075 0.798216 -0.474505 -0.755590 0.556583 0.345397
13.131792 -103.000328 2200.043697 -25764.092334 0.536551 0.239346 0.809214 0.414011 0.760933 -0.499576 -0.735329 0.603071 0.309188
8.661280 -142.015458 4371.225702 32008.837981 0.572410 0.260007 0.777652 -0.478799 -0.663926 0.574415 -0.665656 0.701140 0.255547
85.399050 -54.486173 10361.962190 -2740.931099 0.831268 -0.061992 0.552405 0.374503 0.796833 -0.474136 0.410781 -0.601011 -0.685598
98.639311 -50.386402 13146.847749 -2433.625111 0.808069 -0.134120 0.573617 0.454964 0.760639 -0.463072 0.374208 -0.635169 -0.675669
79.391880 -60.337023 15774.139747 -2425.297609 0.804789 0.064467 0.590050 0.331638 0.775609 -0.537072 0.492272 -0.627912 -0.602822
61.204030 -63.512164 10180.892602 -1488.646932 0.833675 0.079890 0.546446 0.240368 0.838349 -0.489279 0.497201 -0.539248 -0.679708
73.766879 -53.200510 8671.459501 -2196.494127 0.831093 -0.081972 0.550059 0.368019 0.822603 -0.433458 0.416949 -0.562676 -0.713827
2.454425 -119.802130 669.608251 13336.228160 -0.814663 -0.418757 -0.401207 -0.208668 0.857139 -0.470926 0.541094 -0.299927 -0.785660
1.809515 -99.578884 1729.034601 16148.778111 -0.824673 -0.404943 -0.394887 -0.281389 0.899362 -0.334618 0.490648 -0.164833 -0.855625
-1.401619 -103.764710 908.690609 11496.549446 -0.823299 -0.404747 -0.397944 -0.269044 0.895597 -0.354289 0.499795 -0.184622 -0.846239
71.950651 -7.662408 37559.767253 13295.902008 0.263934 0.320346 -0.909790 0.719202 0.563160 0.406938 0.642718 -0.761728 -0.081757
48.255288 -55.049146 29905.562284 32553.280649 0.037640 0.148185 -0.988243 0.799322 0.589049 0.118771 0.599723 -0.794395 -0.096275
73.538525 -38.766977 16127.817796 39637.710092 0.038803 0.077539 -0.996234 0.782119 0.618156 0.078576 0.621920 -0.782222 -0.036659
99.500213 3.280994 26482.721653 30048.595370 0.243654 0.161475 -0.956325 0.735153 0.612405 0.290708 0.632600 -0.773878 0.030506
129.351304 13.714380 47243.168035 -12318.686859 0.537817 0.397579 -0.743427 0.600633 0.438103 0.668809 0.591603 -0.806224 -0.003179
73.555588 -15.068000 61819.378729 -19498.517262 0.447842 0.524678 -0.723982 0.614508 0.407555 0.675484 0.649475 -0.747403 -0.139899
132.120422 24.493677 46196.335748 5583.836516 0.463936 0.331565 -0.821479 0.637134 0.519394 0.569464 0.615486 -0.787587 0.029715
22.916638 -295.084483 11295.982182 -27280.498837 -0.427488 -0.596623 -0.679187 -0.666886 0.715353 -0.208647 0.610342 0.363746 -0.703684
35.039417 -289.897428 -13442.371196 -14199.197774 0.341003 0.648405 0.680653 -0.737938 0.633190 -0.233489 0.582378 0.422659 -0.694403
4.348901 -259.985663 -4986.074174 -10231.430118 0.402851 0.599078 0.691966 0.861108 -0.504284 -0.064732 0.310168 0.621935 -0.719022
0.470519 -275.850782 -1214.948359 6969.739282 0.465759 0.540236 0.700867 0.749851 -0.661505 0.011584 0.469885 0.520151 -0.713198
0.353048 -238.988828 -6991.011306 -33173.168103 0.364563 0.628691 0.686907 0.929557 -0.289223 -0.228634 0.054930 0.721871 -0.689844
-10.835624 -248.672449 -2002.477295 -32324.142104 0.423892 0.581935 0.694023 0.904203 -0.227685 -0.361352 -0.052265 0.780712 -0.622701
-16.226395 -345.291369 25013.660867 -240248.924749 -0.058198 -0.356919 -0.932321 0.969325 0.203186 -0.138294 0.238795 -0.911770 0.334145
-11.391016 -262.507562 16390.272415 -165599.654475 0.033652 -0.336337 -0.941140 0.967065 0.248673 -0.054290 0.252296 -0.908317 0.333628
35.661320 -67.094317 -25560.816775 -72735.337068 0.455689 -0.225215 -0.861177 0.878813 0.267667 0.395021 0.141544 -0.936821 0.319895
34.551396 -68.802197 -36774.652667 -45628.552044 0.605589 -0.118317 -0.786933 0.769169 0.340611 0.540706 0.204063 -0.932730 0.297276
-709.828662 -5427.918761 368017.502583 5376888.872909 0.559181 0.758199 0.335337 0.780989 -0.346039 -0.519916 -0.278160 0.552622 -0.785644
147.294204 -1793.686960 155359.913424 -139453.311928 0.557094 0.782343 0.278542 -0.657017 0.620359 -0.428349 0.507912 -0.055624 -0.859611
-457.673052 -3348.677616 184933.997283 -1685601.783694 0.658507 0.716785 0.229319 -0.545785 0.664653 -0.510250 0.518157 -0.210844 -0.828890
-400.584437 -2949.820652 161155.616176 4580549.455491 0.549688 0.814154 0.187072 -0.581422 0.212073 0.785476 -0.599826 0.540535 -0.589942
-287.967752 -1775.333343 151709.905748 623791.360555 0.621028 0.696114 0.360207 -0.172943 -0.326544 0.929226 -0.764470 0.639371 0.082405
-2852.668393 -11215.338128 1057952.058033 -10117636.178372 0.531956 0.846772 -0.000016 -0.809805 0.508726 -0.292256 0.247466 -0.155480 -0.956340
17.554254 -64.977545 8077.892957 -1135.572856 0.267905 0.809906 -0.521803 -0.055067 0.553588 0.830968 -0.961870 0.193886 -0.192908
22.044470 -62.061722 7029.293452 -1108.166556 0.243883 0.821229 -0.515853 -0.146305 0.556983 0.817536 -0.958705 0.123911 -0.255989
5.626689 -63.763104 7324.592922 -1370.818528 0.276009 0.808385 -0.519936 -0.055833 0.553520 0.830962 -0.959532 0.200323 -0.197911
-76.424714 -1902.441193 -43557.424296 -6681.911260 0.987245 0.008350 0.158989 0.159113 -0.017321 -0.987108 0.005488 -0.999815 0.018429
-288.025517 -4160.421904 61502.290035 -2798224.789515 0.978323 0.039258 0.203332 0.204691 -0.034404 -0.978222 0.031408 -0.998637 0.041694
73.991807 -9908.998412 -121084.592670 13336696.082341 0.994395 0.068363 0.080658 0.041123 0.452720 -0.890704 0.097407 -0.889028 -0.447371
-21.519533 -1411.952954 -40262.160209 809633.657341 0.973572 -0.176083 0.145437 0.212516 0.465306 -0.859260 -0.083628 -0.867459 -0.490430
-17.840648 -332.692795 -12873.932629 72270.333532 0.949088 -0.010033 0.314851 0.313929 -0.052608 -0.947988 -0.026075 -0.998565 0.046780
17.552524 -58.490870 -6700.921626 2000.301528 -0.029677 0.994910 -0.096300 -0.935281 -0.061630 -0.348499 0.352660 -0.079726 -0.932349
28.787158 -66.826414 -718.118003 7136.085256 -0.130293 0.988487 -0.076929 -0.871377 -0.151181 -0.466740 0.472997 -0.006221 -0.881042
8.675358 -44.100099 9177.378402 6389.313570 -0.194324 0.980659 -0.023374 -0.917971 -0.190198 -0.348072 0.345786 0.046182 -0.937176
-53.347001 -82.211245 565.117770 7297.877738 0.248133 -0.959566 0.132905 0.968156 0.250346 -0.000065 -0.033210 0.128689 0.991129
-46.493295 -76.445669 1491.182345 5407.002445 -0.091947 -0.973284 0.210390 0.995723 -0.087947 0.028309 -0.009050 0.212093 0.977208
-42.570233 -69.568697 51.876138 5951.714519 -0.293141 -0.907152 0.301899 0.952840 -0.303135 0.014332 0.078515 0.291863 0.953232
71.507103 -94.247363 -4327.606476 -5705.844556 -0.323839 0.943774 0.066475 0.023451 0.078247 -0.996658 0.945821 0.321198 0.047472
69.187193 -87.103006 -3525.525374 -4964.468548 -0.226765 0.972289 0.056855 0.046598 0.069140 -0.996518 0.972834 0.223326 0.060985
76.253609 -88.061509 -6493.890181 -2128.545217 -0.362216 0.925233 0.112883 0.150861 0.177704 -0.972452 0.919804 0.335208 0.203949
-38.707956 -47.873551 867.611595 -533.358147 0.093743 0.990778 0.097834 0.225271 0.074610 -0.971435 0.969776 -0.113104 0.216200
-36.491958 -45.665413 3613.996048 898.487298 -0.040506 0.973693 0.224235 0.227209 0.227516 -0.946896 0.973003 -0.012593 0.230447
-39.020786 -55.270119 485.588917 -4319.068696 0.191534 0.974749 -0.114805 0.096422 -0.135092 -0.986130 0.976738 -0.177807 0.119862
-35.780018 -47.956481 2540.273900 4091.592420 -0.080064 0.895404 0.437996 0.297013 0.440877 -0.847001 0.951511 -0.062276 0.301245
-38.894338 -48.923344 37.917637 1452.641902 0.012435 0.898352 0.439100 0.332086 0.410498 -0.849241 0.943167 -0.156379 0.293226
-40.905317 -51.249418 -1071.535201 -1274.886820 0.185182 0.974416 0.127359 0.228996 0.083244 -0.969861 0.955651 -0.208766 0.207722
67.787287 -31.629606 -18579.516624 -1098.266142 0.046036 -0.991599 -0.120884 0.998929 0.046266 0.000904 0.004696 -0.120796 0.992666
79.316656 -36.673751 27510.867492 1806.866142 0.095412 0.993990 0.053676 0.989444 -0.100607 0.104300 -0.109073 -0.043158 0.993096
43.597228 -31.849692 19551.520368 2531.535409 0.175090 0.984542 -0.004526 0.981856 -0.174269 0.074757 -0.072813 0.017533 0.997191
79.637290 -34.354566 -18232.868165 -849.222162 -0.018306 -0.988638 -0.149198 0.996268 -0.030626 0.080702 -0.084355 -0.147164 0.985508
54.739516 -2.017377 9721.510938 -1344.109244 -0.823448 -0.118211 -0.554940 -0.210348 0.971963 0.105080 0.526960 0.203259 -0.825227
-6.923990 -46.862232 -419.328737 -1440.989833 0.146243 0.963812 0.222889 0.695488 0.060057 -0.716024 0.703498 -0.259730 0.661536
-5.072027 -45.069005 -630.554145 -787.630842 0.160995 0.952846 0.257226 0.761207 0.046012 -0.646875 0.628207 -0.299946 0.717905
-5.838069 -43.502707 -451.923302 105.356578 0.141238 0.952289 0.270549 0.858255 0.018423 -0.512893 0.493407 -0.304640 0.814705
-2.650374 -74.247837 -10.858459 -1517.510951 -0.167610 0.906030 0.388609 0.769145 -0.126405 0.626449 -0.616704 -0.403895 0.675681
-2.898158 -78.313125 163.885812 -1612.446462 0.146756 -0.901733 -0.406620 0.893403 -0.055625 0.445799 -0.424610 -0.428699 0.797448
-3.323775 -72.616119 -70.720267 -1751.437155 -0.162729 0.911621 0.377446 0.782675 -0.113666 0.611965 -0.600783 -0.395002 0.695006
-2.315553 -79.834993 -232.371763 -1652.609220 -0.155502 0.896085 0.415753 0.880406 -0.065155 0.469724 -0.448001 -0.439075 0.778787
-2.577043 -65.775547 96.057894 -1531.238292 -0.182271 0.919385 0.348582 0.628130 -0.163872 0.760657 -0.756459 -0.357601 0.547624
-2.200061 -67.448749 109.346318 -1535.514088 -0.186861 0.913064 0.362486 0.610664 -0.181077 0.770909 -0.769528 -0.365411 0.523739
-2.504075 -75.415741 -149.857412 -1486.573838 -0.174075 0.899181 0.401461 0.753820 -0.140637 0.641854 -0.633604 -0.414360 0.653339
-4.142068 -124.584045 1247.813982 14950.705223 0.272523 -0.857592 -0.436196 0.949698 0.167064 0.264884 -0.154290 -0.486441 0.859982
-8.634347 -134.202290 687.816075 4916.510793 0.331272 -0.840824 -0.428104 0.821136 0.033426 0.569753 -0.464752 -0.540275 0.701504
-10.151918 -127.241886 -560.738019 -8521.331891 -0.308924 0.864893 0.395632 0.624850 -0.129043 0.770007 -0.717028 -0.485085 0.500564
184.859413 -48.480917 41738.441964 -1719.758345 -0.058355 0.977321 -0.203562 -0.867888 0.051099 0.494125 -0.493321 -0.205504 -0.845223
1143.828646 -48.429903 438140.468998 5787.958504 -0.160917 0.952756 -0.257609 -0.857727 -0.005871 0.514071 -0.488272 -0.303681 -0.818149
2146.528363 -53.001823 738948.228523 -9987.710257 -0.414589 0.895001 -0.164586 -0.839562 -0.306412 0.448605 -0.351071 -0.324167 -0.878444
45.718689 -39.590575 34720.652318 -819.887468 -0.084564 0.996322 0.013831 -0.533835 -0.057022 0.843664 -0.841350 -0.063960 -0.536693
27.325408 -44.795322 22001.786945 -2750.059547 -0.068305 0.997556 -0.014685 -0.468509 -0.019077 0.883253 -0.880814 -0.067210 -0.468667
59.087512 -46.008251 40116.368872 -4222.536921 -0.077520 0.996015 -0.044110 -0.451681 0.004357 0.892169 -0.888805 -0.089085 -0.449543
-2.390355 -88.116869 602.742541 2406.540139 -0.707008 0.131280 -0.694914 -0.059765 0.968013 0.243678 0.704676 0.213814 -0.676547
-0.561419 -87.818072 311.834739 -2260.714075 -0.708618 0.151673 -0.689098 -0.121943 0.935603 0.331327 0.694975 0.318815 -0.644489
0.178975 -86.975697 171.065683 -1667.454358 -0.708671 0.169736 -0.684817 -0.087127 0.942147 0.323679 0.700138 0.289048 -0.652884
-12.782389 -90.053987 -622.633519 2494.671980 0.059469 0.976819 0.205638 -0.675485 0.191053 -0.712193 0.734972 0.096552 -0.671189
-9.848774 -95.703285 -660.577983 962.383697 0.096641 0.979572 0.176348 -0.517183 0.200802 -0.831986 0.850401 0.010800 -0.526024
-9.737040 -97.862355 -695.494067 -207.676111 0.102221 0.975596 0.194326 -0.312918 0.216968 -0.924666 0.944263 -0.033712 -0.327460
-1.740911 -109.418212 434.706809 2131.617692 -0.856133 0.020881 -0.516334 0.213796 0.923970 -0.317129 0.470455 -0.381895 -0.795505
-0.813153 -104.568007 372.345636 7484.329346 0.854912 -0.020644 0.518362 0.265446 0.875903 -0.402905 0.445717 -0.482045 -0.754300
0.809190 -128.708551 -1665.603951 10851.959619 -0.672827 0.069111 -0.736565 0.277562 0.946479 -0.164736 0.685757 -0.315281 -0.655999
-2.004819 -114.308329 -1208.137082 8034.468187 -0.672118 0.077113 -0.736418 0.185280 0.980438 -0.066436 0.716889 -0.181096 -0.673257
-4.336266 -111.981955 -503.574201 5561.875874 -0.684725 0.068195 -0.725604 0.192118 0.977287 -0.089446 0.703024 -0.200647 -0.682274
-4.039717 -133.307994 -1420.246639 -17090.955538 0.864945 -0.087874 0.494113 -0.263193 0.758878 0.595679 0.427316 0.645277 -0.633260
-10.093107 -187.890537 -533.133143 -28687.623633 0.829814 -0.065806 0.554147 -0.427785 0.562649 0.707408 0.358342 0.824072 -0.438744
-22.557998 -1151.456040 66736.592245 476211.449089 0.832431 -0.275371 0.480863 0.395264 0.903262 -0.166987 -0.388362 0.329072 0.860748
50.856147 -1267.375116 6155.655260 -102982.968991 0.712083 -0.278722 0.644400 -0.691524 -0.437100 0.575098 -0.121375 0.855136 0.503994
37.772237 -1616.330043 17583.480970 -336315.277326 0.743236 -0.262161 0.615526 0.481283 0.848581 -0.219718 -0.464722 0.459545 0.756870
10.967018 -108.824816 -390.228063 -6037.533262 0.706759 -0.275095 0.651778 -0.383192 0.625592 0.679558 0.594690 0.730040 -0.336728
9.325468 -112.114272 -1308.360089 -4332.244519 0.725035 -0.223511 0.651435 -0.432781 0.587934 0.683399 0.535748 0.777417 -0.329541
8.894638 -102.305372 1986.220552 -4575.087604 -0.722530 0.225221 -0.653625 -0.298266 0.751379 0.588614 0.623688 0.620246 -0.475719
12.291765 -118.204270 -1175.751049 -3739.776000 0.724978 -0.256954 0.639048 -0.515116 0.413643 0.750703 0.457234 0.873427 -0.167521
8.208135 -98.036960 202.934897 -4929.241406 -0.698067 0.273581 -0.661707 -0.234943 0.785452 0.572596 0.676391 0.555174 -0.484022
10.009039 -115.948427 1244.134550 -2951.293558 0.699132 -0.318168 0.640300 -0.514148 0.398599 0.759454 0.496857 0.860167 -0.115088
7.244929 -106.719455 1896.178385 -4106.326494 0.691503 -0.321733 0.646770 -0.410241 0.562041 0.718200 0.594580 0.761970 -0.256665
9.172659 -101.148649 -1454.629046 -5145.450236 -0.686988 0.306734 -0.658758 -0.284379 0.720759 0.632168 0.668713 0.621628 -0.407924
-28.548339 -30.783756 -408.664568 75.177281 0.629488 -0.584358 0.512124 0.375501 0.805804 0.457906 -0.680253 -0.095944 0.726671
-26.307649 -28.847867 2028.424209 -525.104825 -0.161479 0.978591 -0.127609 0.717712 0.205202 0.665418 -0.677358 -0.015864 0.735483
-28.022395 -30.495391 -1551.873611 169.154057 -0.416907 0.896882 -0.147621 0.669975 0.412972 0.616918 -0.614266 -0.158295 0.773059
-26.224088 -28.528446 -1267.326430 2622.036347 0.562938 -0.589663 0.579136 0.397838 0.807514 0.435483 -0.724449 -0.014747 0.689171
-26.825882 -32.737379 -808.733655 -315.609700 0.633604 -0.462066 0.620517 0.253870 0.881820 0.397421 -0.730819 -0.094276 0.676029
-26.087200 -31.531002 -753.192395 -251.491884 -0.483065 0.816577 -0.315991 0.496200 0.552653 0.669597 -0.721411 -0.166664 0.672152
-26.588658 -30.981600 -1977.891840 329.313914 -0.328246 0.941442 -0.077082 0.665729 0.288462 0.688182 -0.670119 -0.174577 0.721432
24.509040 -31.083779 1750.178722 13916.298355 -0.646357 -0.518913 -0.559420 -0.586869 0.806637 -0.070158 0.487655 0.282959 -0.825910
40.710371 -5.722807 5203.724763 14277.589766 -0.689561 -0.455329 -0.563189 -0.554297 0.832299 0.005774 0.466113 0.316155 -0.826308
28.995638 -16.456320 5261.959861 11994.958792 -0.633789 -0.584158 -0.507022 -0.634511 0.767522 -0.091137 0.442389 0.263949 -0.857102
-1.895585 -132.963834 343.044243 4411.999070 -0.015593 -0.938164 -0.345840 0.998987 -0.000018 -0.044992 0.042204 -0.346191 0.937214
-3.091228 -123.078082 -277.519044 9896.583967 0.038556 0.941144 0.335801 0.940779 0.079085 -0.329666 0.336820 -0.328625 0.882359
-136.646645 -1558.187870 258276.850287 115264.121837 0.032627 0.284942 -0.957989 0.521112 0.813056 0.259581 0.852864 -0.507690 -0.121959
-1247.721166 -4528.652662 -1140514.434924 6957131.286625 -0.335809 -0.686954 0.644458 0.913190 -0.069715 0.401526 -0.230902 0.723349 0.650731
-1282.844205 -3239.559010 -1373276.073371 2786998.434298 -0.482231 -0.688416 0.541791 0.830553 -0.555973 0.032813 0.278632 0.465809 0.839872
-687.298615 -3522.233963 -459793.935782 4457523.425708 -0.270237 -0.678794 0.682797 0.940655 -0.337351 0.036919 0.205282 0.652253 0.729675
-45.492239 -376.699900 -7448.274666 146341.570245 -0.018208 0.140973 -0.989846 -0.137438 0.980259 0.142136 0.990343 0.138630 0.001527
-60.323967 -107.548248 -11552.492169 46294.982265 -0.060877 0.094993 -0.993615 -0.245684 0.963409 0.107158 0.967436 0.250639 -0.035311
-111.386035 -135.689897 -27787.332944 48973.519264 -0.154153 0.087434 -0.984171 -0.250495 0.960075 0.124529 0.955766 0.265726 -0.126096
