19610
39207
-35.884700 -59.473601 1366.244142 7973.226255 -0.289273 -0.947368 0.137169 0.956571 -0.280703 0.078600 -0.035959 0.153949 0.987424
-40.733921 -70.288866 1649.013177 7757.854520 -0.191957 -0.967721 0.163308 0.971394 -0.163645 0.172085 -0.139805 0.191669 0.971451
-43.149815 -74.655044 666.952799 11703.009145 0.116561 -0.984095 0.134051 0.988009 0.128653 0.085366 -0.101255 0.122493 0.987291
-36.664734 -58.693326 228.521644 6564.596806 -0.479035 -0.854789 0.199652 0.876810 -0.455181 0.154964 -0.041583 0.249290 0.967536
-31.149812 -51.346542 1888.272722 7009.883843 -0.350341 -0.931034 0.102161 0.936134 -0.351591 0.006093 0.030246 0.097772 0.994749
-30.185998 -48.536929 512.050019 3228.399132 -0.657420 -0.737382 0.155134 0.752564 -0.652910 0.085772 0.038041 0.173136 0.984163
54.592063 -40.023891 12349.816027 3254.735950 0.040300 0.954186 0.296488 0.755692 0.165019 -0.633797 0.653687 -0.249596 0.714420
46.818131 -30.703287 1832.380753 2837.607995 0.118172 0.953651 0.276739 0.660683 0.132543 -0.738871 0.741305 -0.270151 0.614399
49.250938 -25.528521 9037.684010 5267.077182 0.027785 0.915979 0.400262 0.752596 0.244365 -0.611461 0.657896 -0.318225 0.682573
41.757271 -47.112422 3369.371609 3768.931142 0.147113 0.925065 0.350161 0.762834 0.119241 -0.635504 0.629636 -0.360606 0.688129
33.910082 -15.101430 9685.402284 4219.073336 -0.043609 0.834191 0.549749 0.752569 0.389340 -0.531088 0.657068 -0.390564 0.644764
13.241432 -57.591876 -13531.016621 26208.576296 0.407534 0.861876 0.301804 0.587670 0.005440 -0.809082 0.698971 -0.507089 0.504282
6.578087 -87.078228 -9206.986674 -24359.514363 0.004055 0.996412 0.084535 0.946005 0.023578 -0.323294 0.324127 -0.081281 0.942515
-23.453445 -109.477221 29226.263728 -31238.889775 0.093802 0.960255 -0.262889 0.922922 -0.182899 -0.338768 0.373386 0.210849 0.903397
1.197329 -66.964687 -12050.580819 -2407.075111 0.055361 0.997828 0.035706 0.880508 -0.031928 -0.472955 0.470787 -0.057622 0.880363
-3.390037 -50.544763 -14814.546923 -7033.897388 -0.125632 0.979855 0.155244 0.922104 0.173060 -0.346086 0.365980 -0.099672 0.925270
-1.187127 -49.664498 -20307.231663 -173.697817 -0.032379 0.993512 0.109022 0.887007 0.078834 -0.454977 0.460620 -0.081972 0.883804
9.040111 -57.971235 -22411.446852 1022.457185 0.271155 0.959817 -0.072300 0.786266 -0.264200 -0.558556 0.555213 -0.094608 0.826310
91.993511 -51.279564 6538.515324 -6778.093470 -0.184151 0.612488 -0.768731 0.728142 0.610361 0.311878 -0.660225 0.502312 0.558377
84.515711 -58.465788 -8265.563954 -422.784233 0.244040 -0.519111 0.819126 0.803832 0.580792 0.128586 -0.542493 0.627060 0.559015
97.700046 -71.766347 7346.923132 -4080.958555 -0.301101 0.676070 -0.672508 0.779110 0.581053 0.235300 -0.549842 0.453109 0.701688
68.523902 -42.370057 -2589.842837 -2982.644489 0.129000 -0.472994 0.871571 0.772691 0.598825 0.210612 -0.621537 0.646286 0.442726
94.626138 -62.438106 263.957532 -10104.777712 -0.267859 0.738468 -0.618803 0.687368 0.596526 0.414346 -0.675113 0.314359 0.667384
11.880827 -11.664831 2111.914796 255.515776 0.348919 0.766469 -0.539241 0.273776 0.466936 0.840844 -0.896271 0.441017 0.046918
14.517142 -12.985224 635.686342 869.454575 0.339127 0.774740 -0.533638 0.250281 0.472506 0.845043 -0.906836 0.420137 0.033663
10.804648 -13.348377 2894.142385 700.340052 0.413214 0.794605 -0.444811 0.215709 0.389151 0.895562 -0.884717 0.466008 0.010601
13.080710 -13.798625 -1617.705166 -124.974591 0.279592 0.763088 -0.582688 0.285236 0.513475 0.809311 -0.916771 0.392481 0.074097
11.886414 -13.828891 165.052418 -552.009736 0.259289 0.697292 -0.668247 0.341867 0.580848 0.738744 -0.903270 0.420000 0.087773
4.491472 -40.147911 -4653.299047 331.960939 0.027975 0.999512 -0.013867 0.979003 -0.024594 0.202355 -0.201915 0.019237 0.979214
-3.718573 -41.274002 -3837.590583 2368.431020 0.013162 0.999636 -0.023556 0.971119 -0.007167 0.238487 -0.238232 0.026015 0.970860
7.645852 -39.167695 -5274.506340 2490.791079 0.062700 0.998024 -0.004124 0.965675 -0.059623 0.252816 -0.252071 0.019834 0.967505
-13.141026 -59.938508 -1221.105385 -7744.312717 0.393557 0.918738 0.032144 0.159532 -0.102690 0.981837 -0.905352 0.381281 0.186982
-13.565537 -60.024539 -1196.790367 4169.539380 0.406873 0.911385 0.061897 0.323975 -0.207324 0.923069 -0.854105 0.355519 0.379620
-15.581026 -58.800540 -1511.435222 -5870.437444 0.427326 0.902809 0.048248 0.177250 -0.135989 0.974725 -0.886552 0.407974 0.218134
-16.086502 -57.134780 -1107.297213 6049.854953 0.443446 0.893917 0.065329 0.361930 -0.245270 0.899361 -0.819977 0.375174 0.432299
-15.449397 -57.279885 -718.056375 -5756.991045 0.435953 0.899838 0.015387 0.094645 -0.062843 0.993526 -0.894979 0.431674 0.112562
-14.902779 -60.595074 -1123.749235 -4449.548783 0.416930 0.908902 0.008178 0.097687 -0.053752 0.993765 -0.903674 0.413532 0.111199
-2.746748 -61.105581 216.927251 783.758418 0.565316 0.821397 -0.075661 -0.558526 0.313665 -0.767895 0.607014 -0.476363 -0.636091
-0.919052 -61.303227 2351.970999 -3498.405361 0.539377 0.840183 -0.056260 -0.493160 0.261029 -0.829854 0.682543 -0.475350 -0.555138
-3.933428 -61.939529 -206.915777 -4791.817793 0.565986 0.819687 -0.088170 -0.442627 0.211907 -0.871308 0.695515 -0.532174 -0.482752
2.739863 -50.570824 35.214334 1613.233459 0.332585 0.937970 0.097972 0.827707 -0.340110 0.446348 -0.451983 0.067357 0.889480
1.738317 -54.147951 -103.445794 999.096302 0.364489 0.924712 0.109798 0.852434 -0.378790 0.360381 -0.374839 0.037759 0.926321
2.333965 -51.305836 -192.205172 510.522107 0.369255 0.921281 0.122029 0.855602 -0.388274 0.342328 -0.362761 0.021998 0.931622
19.079824 -51.527685 -2633.656142 408.483457 0.603310 0.790706 0.103929 0.213650 -0.034692 -0.976294 0.768356 -0.611213 0.189864
19.310070 -53.334372 -3915.530233 2220.497999 0.618786 0.780680 0.087424 0.275710 -0.111619 -0.954738 0.735587 -0.614882 0.284310
29.205050 -51.356355 -5971.344758 2907.467125 0.600257 0.798225 0.050280 0.254075 -0.130697 -0.958313 0.758378 -0.588009 0.281261
21.520082 -57.806655 -5825.115778 3707.686220 0.611008 0.787710 0.078630 0.343152 -0.174038 -0.923015 0.713383 -0.590952 0.376643
-7.245163 -90.151110 380.051962 -1803.845070 -0.399607 0.911438 0.097954 0.902848 0.409818 -0.130055 0.158680 -0.036466 0.986656
-9.458355 -89.041802 -147.019822 -3118.059893 -0.418456 0.903887 0.088784 0.901005 0.425447 -0.084758 0.114385 -0.044528 0.992438
-7.652874 -83.637657 -109.535138 -4254.661853 0.420517 -0.903203 -0.085967 0.906750 0.415127 0.073983 -0.031134 -0.109062 0.993547
-10.138616 -90.365675 235.327958 1567.508803 -0.399005 0.913138 0.083511 0.866216 0.405236 -0.292323 0.300773 0.044299 0.952666
-6.363648 -87.347424 535.312457 -3569.909060 0.401917 -0.908404 -0.115178 0.914886 0.403606 0.009290 0.038047 -0.109108 0.993301
-6.787463 -92.583342 -2457.733116 -918.076091 -0.386567 0.910530 0.146632 0.901601 0.406564 -0.147718 0.194117 -0.075101 0.978099
-7.582249 -91.062933 -861.004879 1920.753259 -0.384562 0.915696 0.116672 0.866063 0.401647 -0.297683 0.319448 0.013432 0.947509
-4.875829 -50.851779 -230.514849 3444.863923 0.266798 0.958809 -0.097492 -0.921712 0.283403 0.264821 -0.281542 -0.019206 -0.959357
-4.267764 -56.517678 -650.885365 3840.701186 0.252286 0.961949 -0.104909 -0.949887 0.266874 0.162768 -0.184572 -0.058588 -0.981071
-5.115696 -47.807262 -112.546661 2906.616960 0.263005 0.958072 -0.113695 -0.917787 0.284783 0.276705 -0.297481 -0.031573 -0.954205
-1.367413 -68.032240 1434.351898 -3439.374040 0.316246 0.947832 -0.040028 -0.659773 0.250061 0.708639 -0.681681 0.197695 -0.704435
-1.165686 -64.731831 -499.750272 -5456.128541 0.304117 0.951325 -0.049938 -0.702116 0.259263 0.663186 -0.643852 0.166624 -0.746787
-2.287143 -61.827721 885.183335 -5548.242986 0.319356 0.946275 -0.050752 -0.762458 0.288385 0.579217 -0.562734 0.146281 -0.813592
3.216353 -40.642381 -2244.613753 -3450.780429 -0.171210 0.974537 -0.144793 -0.050179 0.138147 0.989140 -0.983956 -0.176616 -0.025249
-1.027933 -43.040241 -1243.114629 -2444.815332 -0.166551 0.978336 -0.122960 0.015014 0.127203 0.991763 -0.985919 -0.163333 0.035875
-1.577323 -35.701494 -2284.806156 -3571.474225 -0.171603 0.975422 -0.138219 -0.095094 0.123244 0.987810 -0.980566 -0.182655 -0.071608
-5.296691 -122.330445 -662.249073 -11516.559906 0.254193 0.007525 -0.967124 0.810068 -0.547955 0.208649 -0.528371 -0.836474 -0.145382
-4.227253 -102.516057 -868.255075 -10002.369957 0.261435 0.015453 -0.965097 0.683754 -0.708695 0.173874 -0.681273 -0.705346 -0.195844
-6.405261 -111.325537 -1146.358581 -17000.983887 0.253912 0.021986 -0.966977 0.736425 -0.652535 0.178536 -0.627062 -0.757439 -0.181878
-6.760114 -136.477450 -2011.313720 -16324.488346 0.233020 0.005922 -0.972454 0.868052 -0.452061 0.205250 -0.438393 -0.891967 -0.110480
-7.842373 -121.358195 -1504.454945 -16664.892119 0.258179 0.032391 -0.965554 0.804522 -0.560538 0.196317 -0.534871 -0.827495 -0.170779
-3.957237 -61.556195 897.100634 1309.211873 0.588273 0.807371 -0.045684 -0.177367 0.073704 -0.981381 0.788971 -0.585423 -0.186559
-2.218463 -65.765892 188.005273 -35.972706 0.587454 0.806984 -0.060619 -0.276865 0.130030 -0.952070 0.760423 -0.576081 -0.299813
-3.106739 -64.703587 46.171403 -677.341200 0.587464 0.805855 -0.074050 -0.280109 0.116640 -0.952856 0.759226 -0.580511 -0.294249
-2.259646 -62.591158 -459.234827 1018.055276 0.603356 0.795906 -0.049952 -0.205264 0.094467 -0.974137 0.770602 -0.598005 -0.220368
69.537200 -105.446340 8567.945737 -11915.281062 -0.414567 0.891246 -0.183889 -0.557996 -0.408583 -0.722288 0.718870 0.196827 -0.666697
83.330076 -89.808780 17614.627441 -7943.546949 -0.523295 0.832684 -0.181108 -0.419728 -0.436822 -0.795622 0.741614 0.340329 -0.578088
55.213344 -98.160275 11901.642426 -8482.700589 -0.567060 0.811008 -0.143902 -0.520854 -0.488410 -0.700119 0.638086 0.322057 -0.699375
51.818540 -117.204257 6246.319563 -9908.354247 -0.456587 0.872936 -0.171788 -0.680267 -0.466989 -0.564942 0.573381 0.141084 -0.807050
30.709025 -83.901087 12294.517803 -4722.216274 -0.665247 0.740234 -0.097467 -0.439076 -0.493456 -0.750809 0.603870 0.456678 -0.653289
32.216820 -96.033817 9745.170304 -7110.982105 -0.636468 0.764992 -0.098468 -0.552997 -0.541588 -0.633148 0.537683 0.348526 -0.767742
38.760992 -112.304340 8281.989636 -9442.297745 -0.577425 0.808553 -0.113241 -0.647403 -0.537953 -0.539885 0.497444 0.238431 -0.834086
-4.492888 -177.704111 -3447.240804 -37748.242015 -0.134444 0.012191 0.990846 0.899786 0.420375 0.116916 -0.415102 0.907268 -0.067486
4.655929 -175.846533 -5528.004616 -35382.170919 -0.116062 0.046199 0.992167 0.929116 0.358158 0.092009 -0.351102 0.932517 -0.084493
7.725585 -122.878831 -5256.197642 -25806.334400 -0.092213 0.049655 0.994500 0.821248 0.568569 0.047760 -0.563070 0.821136 -0.093208
0.763859 -117.070513 -4065.421831 -25213.602118 -0.108824 0.033528 0.993495 0.775683 0.627892 0.063776 -0.621670 0.777578 -0.094337
-9.220079 -155.832807 -2871.501329 -35628.189867 -0.167726 -0.012106 0.985759 0.802568 0.579003 0.143667 -0.572497 0.815236 -0.087398
-13.256194 -231.422207 -3605.427673 -48547.750074 -0.147434 -0.020448 0.988860 0.946679 0.286652 0.147073 -0.286466 0.957817 -0.022905
-12.735120 -38.606018 -2505.514213 -1277.276676 -0.071927 0.984174 -0.161953 0.704304 0.165089 0.690436 -0.706246 0.064404 0.705031
-14.937293 -40.037203 -2777.904682 -1021.743146 -0.064523 0.985902 -0.154384 0.760650 0.148731 0.631895 -0.645948 0.076660 0.759522
-17.173526 -39.305990 -541.548530 -971.214851 -0.119538 0.956588 -0.265800 0.709232 0.269621 0.651378 -0.694766 0.110649 0.710673
-12.070519 -37.598695 -2016.643210 -541.571569 -0.099239 0.971320 -0.216075 0.640984 0.228494 0.732756 -0.761112 0.065783 0.645276
-16.115200 -37.611650 -917.857928 -789.506900 -0.159682 0.929523 -0.332399 0.629892 0.355204 0.690700 -0.760091 0.099083 0.642219
-18.608662 -39.551229 -332.314055 -685.406980 -0.178493 0.911796 -0.369822 0.687851 0.384387 0.615717 -0.703564 0.144481 0.695790
-21.242810 -114.991543 -3059.280403 12275.976347 -0.114853 -0.276772 0.954047 0.915456 -0.402364 -0.006520 0.385679 0.872640 0.299585
-24.689925 -95.221314 -3651.552077 12933.126578 -0.094022 -0.312635 0.945209 0.816716 -0.567155 -0.106350 0.569329 0.761967 0.308659
-18.045256 -108.543118 -5151.716823 12521.768728 -0.068330 -0.263657 0.962193 0.853967 -0.514104 -0.080229 0.515820 0.816200 0.260284
-15.497550 -121.402155 -4089.223263 6160.070121 -0.119030 -0.238962 0.963706 0.948538 -0.314224 0.039241 0.293442 0.918782 0.264066
-23.157365 -129.966841 -1829.365683 2472.694814 -0.064143 -0.266139 0.961798 0.987016 -0.159139 0.021790 0.147260 0.950707 0.272891
-2.387618 -36.181117 5470.714750 -1472.741662 -0.300544 0.901808 0.310507 0.460171 0.422266 -0.780983 0.835414 0.091833 0.541896
6.229560 -32.839485 3915.652266 -470.437591 -0.349739 0.823114 0.447400 0.389292 0.562063 -0.729752 0.852135 0.081053 0.517006
11.115915 -31.723027 5637.256603 -810.125004 -0.380376 0.799315 0.465199 0.447281 0.599264 -0.663944 0.809477 0.044473 0.585464
-3.884966 -63.806794 4124.671713 -1397.659420 0.546828 0.826103 0.136132 0.465014 -0.434883 0.771129 -0.696234 0.358371 0.621956
-4.787197 -59.211990 4595.091434 -2560.657782 0.554213 0.821419 0.134610 0.345970 -0.374409 0.860304 -0.757069 0.430220 0.491688
-13.864266 -63.740342 5912.411072 -2057.166753 0.577009 0.794384 0.189778 0.390174 -0.472237 0.790415 -0.717513 0.382030 0.582433
3.743134 -59.025084 2312.491277 -2669.527458 0.528250 0.839260 0.128825 0.372956 -0.365645 0.852765 -0.762795 0.402427 0.506159
-15.983521 -65.691247 5247.219809 -683.521875 0.581260 0.790625 0.192481 0.494862 -0.531236 0.687677 -0.645948 0.304467 0.700037
-8.422909 -64.182836 4407.625246 37.491499 0.547863 0.825675 0.134564 0.581585 -0.491539 0.648189 -0.601337 0.276858 0.749496
0.570299 -64.612136 3581.595676 -511.071053 0.519359 0.847999 0.105663 0.560947 -0.431580 0.706454 -0.644674 0.307631 0.699827
5.305801 -63.474773 2968.913857 -1851.400031 0.519613 0.846959 0.112525 0.477254 -0.396958 0.783998 -0.708683 0.353673 0.610479
-15.561215 -34.956004 96.321935 -1175.252938 -0.400527 0.893415 0.203439 0.540166 0.409567 -0.735170 0.740134 0.184565 0.646636
-15.609546 -34.635421 395.657873 412.616820 -0.424327 0.881096 0.208844 0.470608 0.411627 -0.780443 0.773611 0.232880 0.589315
-14.875131 -35.645891 -148.488684 -519.432922 -0.436963 0.877605 0.197163 0.520174 0.425377 -0.740590 0.733814 0.221051 0.642381
-14.527454 -34.955786 758.342354 971.740567 -0.460619 0.865908 0.195020 0.455578 0.419212 -0.785309 0.761760 0.272882 0.587586
-13.990076 -35.980959 454.941850 -106.760471 -0.469382 0.864970 0.177502 0.509163 0.429372 -0.745917 0.721411 0.259743 0.641950
-14.343692 -35.181865 125.021145 -702.158684 -0.449005 0.876544 0.173396 0.567899 0.429769 -0.701990 0.689845 0.216725 0.690756
7.482648 -72.636554 362.373694 1555.054498 -0.510677 0.853370 -0.104733 -0.452233 -0.163009 0.876877 -0.731228 -0.495165 -0.469167
7.377155 -75.181293 1724.587137 -2288.459184 -0.491392 0.860893 -0.131898 -0.372372 -0.070769 0.925382 -0.787321 -0.503840 -0.355347
10.241553 -76.592842 2838.971784 -1063.176873 -0.510425 0.853436 -0.105418 -0.409333 -0.133325 0.902591 -0.756249 -0.503857 -0.417392
5.664622 -23.203411 1836.063475 1875.436803 -0.393987 0.895190 -0.208349 0.477597 0.005719 -0.878560 0.785287 0.445649 0.429793
0.997446 -17.158084 1860.761967 1787.123866 -0.428315 0.889277 -0.160414 0.420247 0.038875 -0.906577 0.799962 0.455714 0.390366
4.154065 -18.944743 2572.026792 1136.471916 -0.465551 0.882643 -0.064833 0.365294 0.124916 -0.922473 0.806116 0.453141 0.380579
1.025018 -147.030000 -1426.267359 17902.610256 -0.285247 0.953281 -0.099441 -0.919034 -0.301488 -0.253934 0.272050 -0.018956 -0.962096
-1.218352 -168.586533 -2387.940797 23446.058470 -0.312507 0.943935 -0.106429 -0.858197 -0.328587 -0.394371 0.407231 0.031907 -0.912768
-1.432625 -210.579768 -3007.721842 42308.372415 -0.273801 0.957601 -0.089631 -0.835443 -0.282971 -0.471129 0.476517 0.054114 -0.877498
9.636514 -210.751445 1666.017610 -56945.564364 0.934140 0.211309 -0.287629 -0.349460 0.377772 -0.857418 0.072522 -0.901464 -0.426736
13.201416 -163.089035 3590.763872 -41581.221020 0.937161 0.186450 -0.294900 -0.340132 0.299963 -0.891253 0.077715 -0.935553 -0.344531
4.233377 -135.234338 3337.482654 -37634.359951 0.954610 0.174537 -0.241362 -0.268371 0.152472 -0.951173 0.129214 -0.972774 -0.192392
-2.601009 -154.789003 3664.619775 -39391.911980 0.965895 0.158721 -0.204585 -0.233393 0.191492 -0.953341 0.112139 -0.968575 -0.222006
-7.789137 -47.160409 -842.586767 627.254370 0.362711 0.930948 -0.042159 0.784687 -0.280696 0.552699 -0.502700 0.233552 0.832314
-4.365314 -43.817899 1579.269413 -343.106774 0.293555 0.947374 -0.127699 0.782292 -0.161302 0.601665 -0.549404 0.276520 0.788475
-2.670599 -41.682323 572.646218 -3955.074777 0.353231 0.933628 -0.059719 0.690446 -0.217086 0.690042 -0.631279 0.284977 0.721301
-68.884114 -102.210507 -15051.526087 32.134431 -0.223572 -0.278542 0.934039 -0.581734 0.807031 0.101423 -0.782049 -0.520687 -0.342467
-85.306374 -121.334185 17953.681553 9005.775816 0.383226 0.024055 -0.923341 0.665327 -0.700596 0.257887 -0.640686 -0.713153 -0.284491
-98.390600 -127.014729 -19331.231866 15526.546401 -0.244716 0.021603 0.969354 -0.527680 0.835762 -0.151840 -0.813430 -0.548666 -0.193125
-62.315629 -89.720011 13241.863586 209.112209 0.575139 -0.046000 -0.816761 -0.561573 0.703803 -0.435082 -0.594854 -0.708904 -0.378952
-27.379637 -39.330902 -12729.983839 -1971.712973 0.890579 0.407330 -0.202363 -0.447310 0.864954 -0.227526 -0.082357 -0.293149 -0.952513
17.495976 -41.961489 -29173.555333 -1998.143270 0.968346 0.126857 -0.214971 -0.183616 0.945417 -0.269206 -0.169087 -0.300157 -0.938784
3.863702 -47.860810 -30240.018058 -452.930030 0.877421 0.387434 -0.282891 -0.435814 0.890228 -0.132518 -0.200495 -0.239562 -0.949954
19.972876 -50.155680 -23932.610999 55.221938 0.943100 0.211377 -0.256675 -0.264550 0.944635 -0.194108 -0.201434 -0.250967 -0.946805
17.921209 -51.314611 -3037.643701 1068.113948 -0.342288 0.939595 0.000012 -0.933163 -0.339944 -0.116808 0.109748 0.039993 -0.993154
27.398878 -50.469971 -10675.155225 1271.162591 -0.346027 0.938223 -0.001621 -0.931139 -0.343626 -0.122070 0.115086 0.040730 -0.992520
18.875158 -50.200634 -7782.054571 2590.152824 -0.340333 0.940127 -0.018291 -0.939864 -0.340705 -0.023999 0.028794 -0.009023 -0.999545
13.104701 -50.501769 1883.673330 1676.186891 -0.315979 0.948727 0.008589 -0.948332 -0.315548 -0.033119 0.028711 0.018610 -0.999414
16.851843 -51.801456 4221.334404 -141.088848 -0.316073 0.948567 0.017853 -0.934824 -0.308173 -0.176448 0.161871 0.072459 -0.984148
-20.689518 -52.823621 -2536.860109 1150.327023 -0.206941 0.492044 0.845617 0.723396 -0.504966 0.470858 0.658691 0.709156 -0.251444
-18.901599 -50.802173 992.210761 -1341.713962 0.233983 -0.468190 -0.852086 -0.646153 0.579970 -0.496106 0.726456 0.666658 -0.166820
-19.003029 -49.589547 -4800.615224 -2676.641554 -0.211129 0.558784 0.801988 -0.642570 0.538933 -0.544661 0.736566 0.630327 -0.245273
-18.538108 -56.044203 -1566.090436 1230.590824 -0.226616 0.505866 0.832313 0.791491 -0.402362 0.460051 0.567616 0.763023 -0.309207
-19.750635 -51.995236 3308.671151 -1238.262824 -0.295707 0.460813 0.836785 0.763483 -0.412473 0.496950 0.574153 0.785823 -0.229851
-19.316879 -52.479651 -3654.409868 2627.725311 -0.166368 0.535180 0.828193 0.744381 -0.482673 0.461436 0.646698 0.693260 -0.318077
-7.504533 -16.870103 -2540.667617 2387.031552 0.461643 -0.483662 -0.743611 -0.165210 0.776736 -0.607772 0.871545 0.403426 0.278669
-4.999215 -18.867546 -1718.002584 1600.540855 0.435393 -0.359901 -0.825169 -0.197337 0.856162 -0.477541 0.878346 0.370754 0.301745
-11.010287 -20.951296 -2988.810982 1266.319902 0.428537 -0.384057 -0.817836 -0.181849 0.849978 -0.494438 0.885035 0.360607 0.294406
-13.164074 -18.121250 3322.545376 927.877090 -0.474500 0.648896 0.594796 -0.067781 0.646769 -0.759668 0.877642 0.400779 0.262910
-18.385606 -21.310168 2492.355240 606.830778 -0.445990 0.719245 0.532709 -0.021164 0.586540 -0.809644 0.894788 0.372368 0.246369
-3.270157 -55.442918 954.652786 -7268.117787 0.494346 0.859460 0.130195 -0.445125 0.378933 -0.811340 0.746650 -0.343129 -0.569892
-3.066563 -49.106830 1278.803105 -1247.566232 0.494454 0.859052 0.132457 -0.543878 0.424647 -0.723790 0.678021 -0.285840 -0.677188
-1.030427 -51.508218 1787.557211 -4101.493105 0.488187 0.859606 0.150834 -0.507834 0.420350 -0.751938 0.709773 -0.290488 -0.641747
-1.908078 -46.970928 1129.665503 1591.100490 0.497680 0.851289 0.166197 -0.584786 0.470838 -0.660558 0.640578 -0.231556 -0.732149
-1.537674 -47.708662 1381.240642 -2753.256129 0.505067 0.842321 0.188156 -0.476623 0.453956 -0.752831 0.719540 -0.290550 -0.630748
1.692288 -49.816800 1472.851426 -2421.679891 0.211492 0.937159 0.277498 0.778525 -0.333183 0.531872 -0.590906 -0.103553 0.800067
4.650301 -49.513004 2346.174913 -1614.350608 0.241599 0.926433 0.288707 0.814884 -0.355238 0.458006 -0.526871 -0.124609 0.840761
3.595618 -47.044462 1046.997821 -2172.455035 0.192965 0.942026 0.274504 0.760385 -0.320383 0.564951 -0.620145 -0.099713 0.778124
1.287328 -48.695174 229.343413 -160.312101 0.164120 0.951026 0.261943 0.724128 -0.296473 0.622690 -0.669853 -0.087485 0.737321
3.553043 -46.223829 856.450774 70.257170 0.176022 0.949093 0.261224 0.724729 -0.304529 0.618086 -0.666172 -0.080520 0.741439
53.721206 -48.175438 -3486.360774 -9914.281732 0.182574 0.941400 0.283608 0.123724 0.264165 -0.956509 0.975376 -0.209723 0.068244
51.994457 -65.906204 -6526.392950 -11259.879293 0.267789 0.933962 0.236652 0.024217 0.239020 -0.970712 0.963173 -0.265677 -0.041389
43.115211 -50.304444 -6940.473321 -7173.113040 0.349247 0.908072 0.231153 0.116483 0.202700 -0.972288 0.929762 -0.366494 0.034983
79.412148 -60.141685 1993.724433 1431.788739 -0.417097 0.836415 0.355583 0.224852 0.474042 -0.851308 0.880609 0.275125 0.385791
71.175817 -71.093870 17891.288400 7136.913646 -0.604818 0.745408 0.280289 0.265456 0.520539 -0.811524 0.750818 0.416420 0.512705
75.968969 -69.239682 22454.694024 -3810.843015 -0.620114 0.750306 0.229127 0.223977 0.449231 -0.864885 0.751859 0.485008 0.446626
75.869949 -69.205848 -940.212391 12725.088151 -0.387673 0.825464 0.410267 0.264446 0.525958 -0.808354 0.883050 0.204883 0.422190
78.695817 -67.821453 8089.791463 -11816.634843 -0.446872 0.850328 0.277935 0.206521 0.400347 -0.892789 0.870433 0.341563 0.354514
84.265191 -55.913600 -12848.477531 6046.018224 -0.188784 0.881651 0.432495 0.233999 0.468115 -0.852122 0.953732 0.059664 0.294678
85.850311 -56.532803 -9579.141355 -7603.481280 -0.207836 0.906856 0.366627 0.214711 0.407966 -0.887391 0.954308 0.105713 0.279502
-2.601614 -124.291705 -997.340071 -7376.902151 -0.520553 0.851584 0.061881 -0.498331 -0.361869 0.787856 -0.693318 -0.379284 -0.612743
-3.021166 -116.025146 -495.931697 -2023.565206 -0.499592 0.864359 0.057372 -0.592986 -0.389518 0.704730 -0.631487 -0.318057 -0.707152
-1.483861 -130.891837 -1105.835829 -3492.481996 -0.515543 0.855101 0.054943 -0.486272 -0.344765 0.802918 -0.705518 -0.387221 -0.593552
0.883653 -41.353124 2584.341738 804.616984 0.500786 0.751955 0.428693 0.046780 0.471035 -0.880873 0.864306 -0.461183 -0.200711
3.250055 -42.194930 1486.788391 164.356948 0.504783 0.699053 0.506477 0.098941 0.535994 -0.838404 0.857557 -0.473324 -0.201396
7.740767 -36.350779 4643.172601 773.343988 0.484471 0.732672 0.477995 0.152538 0.467279 -0.870851 0.861406 -0.494815 -0.114623
0.845726 -38.878919 2814.001372 2832.799283 0.502206 0.778053 0.377388 0.066043 0.400630 -0.913857 0.862222 -0.483868 -0.149814
5.673376 -39.636158 856.373186 98.412572 -0.000847 0.974134 0.225971 -0.935147 0.079281 -0.345273 0.354258 0.211608 -0.910892
3.942480 -38.890152 1815.811312 -1320.863657 -0.008377 0.971459 0.237061 -0.890779 0.100469 -0.443192 0.454360 0.214882 -0.864513
4.016452 -39.402527 2012.738842 442.472968 0.015257 0.969603 0.244206 -0.935290 0.100199 -0.339400 0.353552 0.223225 -0.908389
4.313279 -40.762717 730.222361 1008.054435 0.024818 0.970775 0.238704 -0.964241 0.086269 -0.250593 0.263862 0.223949 -0.938202
-8.481413 -96.222025 1774.918792 6541.990532 0.199361 0.089940 0.975790 -0.112259 0.991320 -0.068436 -0.973475 -0.095897 0.207728
-3.298449 -101.559011 3065.265320 9174.787785 0.224841 0.049308 0.973147 -0.137236 0.990366 -0.018472 -0.964683 -0.129398 0.229441
-10.268068 -93.026058 2023.334821 4724.830831 0.224762 0.125437 0.966306 0.012638 0.991221 -0.131611 -0.974332 0.041794 0.221203
-12.294324 -94.685283 299.787209 211.444545 0.194511 0.153586 0.968802 0.004273 0.987524 -0.157412 -0.980891 0.034758 0.191428
-14.518640 -101.725652 -433.684050 -5410.499392 0.212289 0.239821 0.947322 0.117720 0.956082 -0.268419 -0.970090 0.168501 0.174734
-8.173924 -133.174551 200.360474 -6730.148777 -0.268020 -0.259687 -0.927754 -0.108757 0.964987 -0.238689 0.957255 0.036926 -0.286879
-9.535379 -142.303110 -575.503755 4314.727405 -0.266447 -0.217094 -0.939083 0.049513 0.969935 -0.238275 0.962577 -0.109985 -0.247687
-8.285750 -142.838064 -223.902036 -8761.994656 -0.277282 -0.266787 -0.923006 -0.190647 0.956850 -0.219296 0.941684 0.115162 -0.316180
-9.439897 -132.596694 248.153472 5480.607105 -0.251640 -0.208771 -0.945035 0.114400 0.963195 -0.243245 0.961036 -0.169322 -0.218495
-7.634722 -145.801816 -369.917257 -11915.861000 -0.248034 -0.296120 -0.922384 -0.354065 0.913975 -0.198211 0.901730 0.277421 -0.331542
-7.731884 -136.486714 327.212843 -11898.493188 -0.246977 -0.283768 -0.926541 -0.250749 0.942310 -0.221758 0.936017 0.177560 -0.303884
-0.836679 -185.142991 -1078.281492 -11575.708344 -0.187275 -0.089318 -0.978238 0.949185 -0.272879 -0.156797 -0.252936 -0.957893 0.135883
0.606245 -186.596207 -1.251373 -18018.505464 -0.186315 -0.072762 -0.979792 0.872576 -0.470592 -0.130979 -0.451552 -0.879346 0.151168
-0.988535 -214.985844 1316.727232 -19857.357298 -0.205271 -0.044556 -0.977690 0.962807 -0.188517 -0.193555 -0.175687 -0.981059 0.081596
11.091034 -206.962499 2567.420129 -24017.628078 -0.044234 0.289222 0.956240 0.995416 0.094003 0.017614 -0.084795 0.952635 -0.292054
9.915224 -180.730579 5933.538790 -21345.437210 -0.110014 0.248938 0.962251 0.993851 0.039766 0.103339 -0.012540 0.967703 -0.251783
5.938918 -149.293565 3559.366991 -2515.981645 0.021062 0.273543 0.961629 0.968277 0.233960 -0.087759 -0.248989 0.932972 -0.259938
5.181305 -217.997738 -1481.929972 -1445.061048 0.077672 0.338291 0.937831 0.965794 0.207902 -0.154982 -0.247406 0.917789 -0.310571
10.885383 -308.872873 437.794476 -62745.524671 -0.052593 0.345602 0.936906 0.995947 -0.050396 0.074497 0.072963 0.937027 -0.341551
12.754089 -116.200323 -162.806750 3034.883220 0.416687 0.394200 0.819132 0.908085 -0.222004 -0.355100 0.041870 0.891807 -0.450474
11.932791 -118.120803 139.416603 941.521789 0.418255 0.367359 0.830729 0.908198 -0.153550 -0.389357 -0.015475 0.917317 -0.397857
13.038725 -117.486970 -444.946273 552.647649 0.411549 0.397172 0.820294 0.891907 0.009582 -0.452117 -0.187428 0.917694 -0.350297
-6.641587 -41.639884 7989.133940 1450.416590 -0.497677 0.787515 0.363508 0.614699 0.024558 0.788379 0.611933 0.615806 -0.496307
5.378306 -42.863935 7605.324543 1077.297503 -0.497758 0.789918 0.358143 0.658834 0.075812 0.748459 0.564070 0.608508 -0.558161
8.194062 -41.106246 6134.896746 -771.521081 -0.490749 0.801063 0.342728 -0.598610 -0.024159 -0.800676 0.633112 0.598092 -0.491381
7.902466 -58.022888 3363.709121 2506.184528 -0.573882 -0.047086 -0.817583 -0.196604 0.977071 0.081730 0.794988 0.207643 -0.569981
4.185947 -54.016721 2906.546379 467.683124 -0.586057 0.006928 -0.810240 -0.096927 0.992184 0.078592 0.804452 0.124593 -0.580804
9.002499 -58.459771 2698.726374 -130.229060 -0.574274 0.004248 -0.818652 -0.056291 0.997415 0.044663 0.816726 0.071731 -0.572550
-18.810127 -29.220661 118.320603 787.032116 0.285841 0.735728 0.614002 -0.295496 0.677185 -0.673872 0.911580 -0.011185 -0.410972
-18.957802 -29.097350 -984.035594 1015.262480 -0.343009 -0.654275 -0.673995 -0.290605 0.756238 -0.586218 0.893249 -0.005212 -0.449532
-15.823999 -27.599141 1210.080982 258.586977 0.214887 0.836879 0.503445 -0.401621 0.545606 -0.735537 0.890238 0.044137 -0.453352
-16.480728 -27.772526 838.371220 923.462156 0.173496 0.870369 0.460822 -0.372439 0.491154 -0.787437 0.911695 0.035011 -0.409373
-13.751656 -28.232214 2041.840056 -241.637651 0.216882 0.844471 0.489725 -0.466960 0.530294 -0.707627 0.857269 0.075211 -0.509346
-11.473219 -27.028173 1330.275597 -169.121117 0.122642 0.920640 0.370650 -0.478718 0.382026 -0.790496 0.869361 0.080489 -0.487579
-12.611844 -26.964226 1385.548855 147.677792 0.092787 0.934610 0.343357 -0.424714 0.349050 -0.835334 0.900560 0.068320 -0.429330
-1.327278 -36.897531 232.418357 -4926.907746 0.462034 0.885869 0.041961 0.885729 -0.458537 -0.072302 -0.044809 0.070572 -0.996500
-1.553239 -38.776307 -80.532097 -3522.506359 0.415809 0.908609 0.039136 0.909447 -0.415284 -0.021090 -0.002910 0.044362 -0.999011
-2.868439 -40.380413 386.572517 -3386.659442 0.419878 0.906507 0.044131 0.903864 -0.413268 -0.110633 -0.082052 0.086341 -0.992881
-3.141716 -38.730297 859.339240 -1288.238273 0.456452 0.888213 0.052232 0.884839 -0.446993 -0.131366 -0.093334 0.106179 -0.989957
-2.650789 -41.148294 -103.179736 -5194.704987 0.478267 0.877145 0.043336 0.872741 -0.469207 -0.134788 -0.097895 0.102286 -0.989926
-16.564024 -29.367261 -750.872632 1365.648789 -0.072004 0.995675 0.058714 -0.188004 0.044262 -0.981170 0.979525 0.081687 -0.184004
-17.020518 -30.742974 -1186.126825 1540.341156 -0.010525 0.970618 0.240395 -0.169850 0.235179 -0.956996 0.985414 0.050903 -0.162385
-13.984242 -27.621941 -1402.833305 898.051957 -0.014643 0.974002 0.226064 -0.248403 0.215457 -0.944391 0.968546 0.069983 -0.238791
-14.816861 -27.677413 -873.089916 1130.622657 -0.098402 0.995097 0.009944 -0.238028 -0.013833 -0.971160 0.966261 0.097931 -0.238222
-12.089974 -26.477638 -1401.993991 164.608157 -0.052289 0.988301 0.143271 -0.300529 0.121243 -0.946035 0.952338 0.092524 -0.290673
-10.864656 -26.696586 -171.107301 15.875461 -0.003182 0.965677 0.259725 -0.302974 0.246588 -0.920544 0.952994 0.081619 -0.291790
-11.943756 -27.797616 47.894795 934.418598 0.042494 0.930543 0.363709 -0.257566 0.361936 -0.895914 0.965326 0.055608 -0.255057
-5.142293 -263.791880 1544.361675 3763.183295 -0.339097 0.925209 0.170299 0.470110 0.323454 -0.821203 0.814868 0.198408 0.544632
-5.620286 -298.054059 180.166690 12418.131167 -0.330221 0.932892 0.143755 0.235064 0.228777 -0.944672 0.914166 0.278159 0.294837
-7.168711 -271.633194 2000.566022 18432.249113 -0.343320 0.929333 0.135909 0.178477 0.206621 -0.962005 0.922105 0.306019 0.236802
16.654077 -840.795543 37.648829 302431.824820 -0.326968 0.932667 0.152393 -0.231902 0.077142 -0.969676 0.916141 0.352393 -0.191065
65.877142 -1784.741868 -13663.873546 718613.341491 -0.258505 0.936718 0.236082 -0.556953 0.055159 -0.828710 0.789290 0.345712 -0.507449
18.856080 -689.109468 -4942.708194 263484.738701 -0.265823 0.947145 0.179596 -0.570403 -0.004344 -0.821354 0.777161 0.320777 -0.541409
12.383996 -779.239903 -5333.877035 287198.377715 -0.264486 0.950575 0.162646 -0.249623 0.095425 -0.963630 0.931523 0.295467 -0.212047
9.916872 -380.682794 -1886.241945 -720.828486 -0.291675 0.946888 0.135384 0.280179 0.219907 -0.934420 0.914563 0.234616 0.329439
6.681937 -144.984917 -3333.931601 -9774.602491 0.980417 -0.028329 0.194887 0.095231 -0.798006 -0.595078 -0.172378 -0.601983 0.779680
20.797814 -167.117873 -1308.819340 15238.762446 0.982897 0.039582 0.179851 0.167834 -0.594501 -0.786384 -0.075795 -0.803120 0.590977
16.740212 -149.919228 -5922.661818 7468.482534 0.972888 -0.113697 0.201399 0.105125 -0.558257 -0.822981 -0.206003 -0.821841 0.531169
6.981982 -152.849030 -5537.269026 -10229.840128 0.969014 -0.167919 0.181151 0.005601 -0.718255 -0.695757 -0.246944 -0.675213 0.695058
-1.734446 -125.157607 -3335.564177 -21014.763382 0.974602 -0.163552 0.152977 -0.063869 -0.857728 -0.510120 -0.214644 -0.487394 0.846390
-13.210504 -104.965112 -4487.669399 -20568.079747 0.980096 -0.004545 0.198472 0.060765 -0.944886 -0.321712 -0.188995 -0.327369 0.925802
-7.413014 -56.990939 -877.497337 4025.369630 0.230736 0.938307 0.257568 -0.222833 -0.206719 0.952687 -0.947157 0.277214 -0.161388
-7.696268 -51.489008 -1378.598898 1195.354084 0.239671 0.934393 0.263568 -0.201778 -0.217611 0.954951 -0.949655 0.282056 -0.136385
-8.113559 -55.534115 -1019.984789 7082.319139 0.245434 0.930373 0.272338 -0.256014 -0.208750 0.943865 -0.934997 0.301379 -0.186954
-50.706552 -81.773672 -686.839739 5449.690335 -0.107142 0.975911 -0.190049 0.956038 0.153605 0.249793 -0.272969 0.154931 0.949465
-44.446634 -77.615928 -1081.006217 3957.010250 0.184018 0.963241 -0.195715 0.945590 -0.119129 0.302766 -0.268321 0.240780 0.932753
-40.590817 -71.473944 495.662241 7134.866018 -0.353904 -0.907879 0.224738 0.920290 -0.295177 0.256782 -0.166789 0.297700 0.939976
43.030409 -45.808537 4044.254925 308.955096 0.047230 0.973359 0.224369 0.729684 0.119776 -0.673212 0.682151 -0.195514 0.704588
41.188855 -50.225886 -1127.150271 4944.162211 0.143231 0.979771 0.139765 0.588508 0.029224 -0.807963 0.795703 -0.197978 0.572418
-88.635466 -201.852125 -109593.767340 -57555.415797 0.006253 -0.883260 0.468843 0.921356 -0.177144 -0.346011 0.388670 0.434134 0.812689
-108.545082 -570.790148 63561.634230 414052.470179 -0.553421 0.821996 0.134340 0.192627 0.283234 -0.939507 0.810321 0.494066 0.315086
6.149656 -135.649960 -890.235778 -67455.449719 -0.075730 0.992267 0.098346 0.977832 0.093212 -0.187498 0.195215 -0.081967 0.977329
7.872899 -629.532633 8201.942937 -292172.648570 0.010729 0.999886 0.010653 0.997134 -0.009900 -0.075008 0.074894 -0.011427 0.997126
6.896732 -16.839723 -4257.204984 -1327.848672 -0.123947 -0.415050 0.901316 0.494206 0.761830 0.418780 -0.860464 0.497342 0.110694
10.107211 -22.530977 352.711397 -1814.760658 -0.064454 -0.422071 0.904268 0.491384 0.775260 0.396881 -0.868555 0.469924 0.157431
8.213111 -18.697535 -1568.486890 -2133.603289 -0.145015 -0.508339 0.848859 0.442839 0.733855 0.515121 -0.884796 0.450608 0.118693
7.190290 -24.487840 2889.459868 -1672.908405 -0.071301 -0.496469 0.865121 0.462558 0.751972 0.469659 -0.883718 0.433655 0.176029
2.711284 -12.586017 -4719.448995 -1725.676586 -0.266476 -0.607975 0.747902 0.390315 0.641419 0.660482 -0.881275 0.467920 0.066379
9.429627 -14.367253 -2441.514499 -1662.399480 -0.241265 -0.628241 0.739665 0.379742 0.640290 0.667701 -0.893077 0.441975 0.084090
10.889975 -18.548413 2409.067864 -1724.038593 -0.163610 -0.603751 0.780203 0.399019 0.682783 0.612039 -0.902228 0.411451 0.129198
14.875457 -14.794013 1848.775759 1354.031911 0.380775 0.762342 -0.523302 0.227606 0.471249 0.852127 -0.896218 0.443575 -0.005927
12.859729 -14.170875 -2652.000998 491.884841 0.285491 0.787050 -0.546852 0.249956 0.489703 0.835292 -0.925212 0.375158 0.056922
16.088734 -13.499102 -1626.696589 1211.452718 0.314054 0.763186 -0.564727 0.242879 0.510445 0.824897 -0.917812 0.396223 0.025055
-6.273005 -42.094701 -3892.736441 -1489.887646 -0.054019 0.997837 -0.037456 0.978656 0.060354 0.196442 -0.198278 0.026045 0.979800
-14.102873 -44.469712 -4181.225664 958.069970 -0.056902 0.997147 -0.049592 0.973460 0.066442 0.219002 -0.221672 0.035815 0.974463
-11.262399 -42.922987 -4134.164576 3835.021290 0.019580 0.999335 -0.030761 0.959111 -0.010086 0.282849 -0.282351 0.035042 0.958671
-10.656408 -58.217884 -1564.487685 2968.796363 0.369900 0.927248 0.058189 0.323772 -0.187358 0.927399 -0.870831 0.324205 0.369520
-12.571415 -59.205000 -1712.972048 6881.384435 0.401962 0.911080 0.091425 0.431915 -0.276699 0.858421 -0.807388 0.305565 0.504732
-14.568281 -57.025336 -1390.589051 12151.769644 0.425610 0.901935 0.073279 0.430746 -0.273147 0.860145 -0.795810 0.334522 0.504758
-4.452297 -51.314744 3427.107881 2671.950384 0.546416 0.836679 -0.037375 -0.706052 0.436185 -0.557882 0.450466 -0.331225 -0.829078
-2.391538 -56.154636 320.842384 4967.626490 0.565934 0.821366 -0.071256 -0.686952 0.421995 -0.591622 0.455869 -0.383768 -0.803060
-2.742946 -59.168409 1573.424818 4439.701167 0.548843 0.832890 -0.071176 -0.665102 0.383521 -0.640742 0.506370 -0.399006 -0.764450
-5.097582 -57.362873 775.640976 4550.937084 0.567711 0.819463 -0.078639 -0.641513 0.380510 -0.666088 0.515912 -0.428593 -0.741716
-7.616666 -55.865763 3313.063621 2884.127647 0.553122 0.830925 -0.060165 -0.678329 0.407261 -0.611563 0.483660 -0.379080 -0.788905
0.790351 -68.944179 784.051664 4698.465913 0.279440 0.958716 0.052701 0.657196 -0.230994 0.717451 -0.700005 0.165849 0.694613
2.017974 -68.025782 753.173650 3974.394416 0.268137 0.962740 0.035126 0.632485 -0.203425 0.747383 -0.726681 0.178184 0.663465
2.352497 -69.352129 54.188923 -425.128829 0.259117 0.965153 0.036578 0.527357 -0.173106 0.831822 -0.809168 0.196250 0.553835
2.893241 -72.323086 96.158417 -1214.862538 0.264090 0.964013 0.030581 0.469409 -0.156163 0.869062 -0.842563 0.215155 0.493757
1.011385 -70.774753 91.814237 -447.526881 0.267742 0.962147 0.050857 0.503524 -0.184730 0.844001 -0.821449 0.200367 0.533924
2.891957 -73.398176 -399.600123 -2785.145461 0.261702 0.964361 0.038991 0.390477 -0.142738 0.909480 -0.882632 0.222788 0.413915
43.983514 -45.780849 -9715.059783 -1532.006422 0.543357 0.839485 -0.005311 0.161108 -0.110482 -0.980733 0.823898 -0.532032 0.195279
47.448788 -50.751519 -10279.930933 -7196.000237 0.499348 0.866101 -0.022830 0.112742 -0.091082 -0.989441 0.859035 -0.491502 0.143128
30.568324 -54.051684 -5588.977723 -7176.241138 0.544575 0.835983 0.067605 0.147254 -0.015947 -0.988970 0.825684 -0.548524 0.131786
-4.261803 -54.820472 509.598691 5291.971548 0.225457 0.969776 -0.093292 -0.952313 0.239574 0.188956 -0.205596 -0.046241 -0.977544
-3.301712 -62.652942 182.076295 -3293.575942 0.244503 0.965573 -0.088812 0.967408 -0.249136 -0.045317 -0.065883 -0.074837 -0.995017
8.962702 -43.081994 -3359.708240 -2456.496623 -0.173285 0.975508 -0.135487 -0.005875 0.136542 0.990617 -0.984854 -0.172455 0.017930
12.918200 -43.328338 -2528.949813 -2119.307156 -0.144889 0.981140 -0.127953 0.017083 0.131779 0.991132 -0.989300 -0.141419 0.035855
9.398801 -45.223175 -2804.572662 -586.177712 -0.168130 0.973907 -0.152440 0.096201 0.170113 0.980718 -0.981059 -0.150223 0.122292
-3.900056 -105.944064 527.315726 -7212.615220 0.263028 0.024162 -0.964486 0.701783 -0.690795 0.174079 -0.662056 -0.722647 -0.198655
-4.469683 -61.877988 -235.113196 180.803838 0.595105 0.802929 -0.033986 0.057194 -0.084497 -0.994781 0.801610 -0.590055 0.096207
-2.885693 -63.017888 -710.075479 -262.321648 0.609141 0.792317 -0.034371 0.012950 -0.053271 -0.998496 0.792956 -0.607780 0.042710
-4.059466 -61.696160 303.332623 -317.069299 0.592767 0.804576 -0.035833 -0.042676 -0.013050 -0.999004 0.804242 -0.593706 -0.026601
2.065197 -36.168722 219.647331 -5125.424651 0.381083 0.924294 -0.021376 0.590667 -0.225612 0.774733 -0.711258 0.307864 0.631927
0.108358 -40.159039 -375.823063 -5001.163736 0.295553 0.951077 -0.090008 0.644076 -0.128789 0.754042 -0.705560 0.280831 0.650630
0.705762 -38.676004 -2706.635333 -30.515066 0.338059 0.941119 -0.003407 0.600452 -0.212897 0.770800 -0.724689 0.262621 0.637068
94.783559 -92.916863 7994.208244 -8243.717135 -0.369023 0.900194 -0.231244 -0.421463 -0.383831 -0.821610 0.828366 0.205732 -0.521041
13.444328 -154.862143 -5236.418851 -36013.831704 -0.073814 0.037228 0.996577 0.878670 0.475078 0.047334 -0.471690 0.879156 -0.067778
7.337179 -235.932916 -5783.801201 -47253.208787 -0.115638 0.037775 0.992573 0.980549 0.163888 0.108000 -0.158591 0.985756 -0.055992
17.568979 -151.560412 -1664.812577 -29072.098772 -0.042008 -0.015770 0.998993 0.922140 0.384249 0.044842 -0.384569 0.923095 -0.001599
1.737634 -271.099534 -4724.464446 -30250.128198 -0.109719 0.038121 0.993231 0.971438 -0.207414 0.115272 0.210404 0.977510 -0.014275
6.836811 -269.195971 -4482.664814 -43667.133847 -0.099831 0.030759 0.994529 0.982628 -0.154111 0.103403 0.156448 0.987575 -0.014840
14.778162 -209.499057 -3061.927073 -38551.204100 -0.075877 -0.001530 0.997116 0.988825 0.128586 0.075443 -0.128330 0.991697 -0.008243
