16448
32887
-31.728034 -55.566058 1389.354684 7460.932979 -0.158837 -0.960655 0.227846 0.978212 -0.184374 -0.095432 0.133686 0.207723 0.969009
-41.253551 -70.867727 342.429352 6364.717652 -0.010967 -0.969758 0.243822 0.999776 -0.006227 0.020204 -0.018075 0.243989 0.969609
-40.526499 -77.153573 1429.878563 14466.183616 0.303535 -0.937976 0.167536 0.950947 0.287197 -0.114970 0.059723 0.194215 0.979139
-34.150722 -59.504325 1329.224963 5791.336569 -0.316042 -0.899004 0.303166 0.945979 -0.322981 0.028395 0.072390 0.295763 0.952515
-28.000783 -55.486341 -3417.332521 10689.579185 -0.115524 0.984607 -0.131160 0.974289 0.086607 -0.207990 0.193429 0.151816 0.969297
-24.600611 -42.033386 -1762.528584 5644.213660 0.238070 0.947337 -0.214183 0.942510 -0.278586 -0.184566 0.234514 0.157931 0.959198
-28.529906 -47.412444 1098.317716 4954.787728 -0.468722 -0.830800 0.300118 0.865369 -0.500062 -0.032767 0.177300 0.244354 0.953339
15.520239 -5.177307 -23408.356451 -8965.296152 0.463730 -0.166268 -0.870235 0.360402 0.932694 0.013849 0.809361 -0.320057 0.492441
21.052268 -11.651778 -7815.538547 -645.447872 0.216179 0.954059 0.207457 0.506539 0.072055 -0.859201 0.834676 -0.290826 0.467692
16.577810 -30.421656 -10305.810216 -11101.690449 0.425377 0.898577 -0.107769 0.334877 -0.266907 -0.903669 0.840781 -0.348311 0.414449
-24.361233 -38.889688 -6741.970282 -6741.751804 0.438618 0.851515 -0.287291 0.249581 -0.422529 -0.871309 0.863321 -0.310469 0.397850
-28.738061 -58.776918 -4897.768395 -6683.216161 0.360308 0.924129 -0.127137 0.240701 -0.223780 -0.944450 0.901244 -0.309691 0.303068
-36.157756 -51.206564 -3175.880292 -4233.679055 0.288777 0.952819 -0.093509 0.302856 -0.183567 -0.935191 0.908233 -0.241742 0.341576
-31.476695 -35.455606 -7444.087116 -624.448550 0.479736 0.471664 -0.739856 -0.042793 0.854798 0.517193 0.876369 -0.216455 0.430261
-39.080751 -50.191310 -437.081671 -3088.122412 0.173203 0.983896 -0.044146 0.331389 -0.100429 -0.938134 0.927460 -0.147858 0.343447
-6.789770 -81.012996 2560.524085 5457.222483 0.857639 -0.223919 0.462942 -0.413975 -0.834695 0.363193 -0.305089 0.503135 0.808564
-3.326330 -72.920470 3203.686284 -3854.343995 0.881903 -0.157645 0.444292 0.291841 0.922700 -0.251899 -0.370238 0.351813 0.859739
-1.836488 -85.334669 2535.141392 5845.394767 0.843101 -0.260192 0.470617 -0.429353 -0.852633 0.297781 -0.323783 0.453120 0.830570
-12.127791 -73.438302 2384.819162 5411.463863 0.859530 -0.179103 0.478675 -0.378310 -0.852698 0.360261 -0.343641 0.490743 0.800676
-6.825395 -95.697983 1165.187769 5803.371387 0.825164 -0.278813 0.491291 -0.518976 -0.717634 0.464398 -0.223087 0.638173 0.736863
11.102757 -46.682769 1035.138534 -1295.707505 0.139140 0.964774 0.223274 0.324078 0.168689 -0.930869 0.935742 -0.201879 0.289191
10.419092 -44.452841 3062.025044 -858.454452 0.138469 0.983216 0.118794 0.378359 0.058332 -0.923819 0.915243 -0.172867 0.363932
-0.272300 -46.013130 3134.687218 -1329.908422 0.124776 0.989989 0.065974 0.252395 0.032636 -0.967074 0.959546 -0.137319 0.245796
2.154316 -45.485040 -480.722712 -251.966325 0.143997 0.970958 0.191064 0.222241 0.156414 -0.962364 0.964300 -0.181040 0.193263
-4.197453 -45.401324 536.757166 -393.207258 0.132803 0.987374 0.086350 0.122774 0.070063 -0.989958 0.983509 -0.142071 0.111920
-19.514966 -25.043117 1635.751766 1279.785141 0.755950 -0.633073 0.166611 0.530964 0.741822 0.409606 -0.382906 -0.221177 0.896919
-13.757698 -23.041220 1577.590718 1638.276015 0.779392 -0.606191 0.158369 0.531756 0.773680 0.344462 -0.331337 -0.184258 0.925346
-14.773707 -23.867688 1980.080794 1561.746015 -0.429872 0.902852 -0.008343 0.823801 0.395982 0.405649 -0.369544 -0.167504 0.913991
-13.741465 -26.523471 2336.275078 2054.355727 0.882815 -0.410016 0.229185 0.319977 0.882137 0.345615 -0.343880 -0.231780 0.909959
-18.785125 -27.278626 3463.844252 1792.207201 -0.211398 0.971930 0.103258 0.876255 0.141659 0.460554 -0.432999 -0.187841 0.881605
-25.291651 -26.361177 558.059207 583.908265 -0.497823 0.867277 -0.001557 0.746592 0.429461 0.508099 -0.441331 -0.251780 0.861297
-18.545021 -28.728629 2852.508420 1188.011455 0.898560 -0.328946 0.290491 0.202573 0.898094 0.390374 -0.389300 -0.291929 0.873627
-7.946562 -44.253991 -1595.152655 415.560860 0.002612 0.967766 0.251836 0.876786 -0.123318 0.464800 -0.480874 -0.219592 0.848846
-5.663748 -39.890404 -1872.997678 2515.451395 -0.014011 0.969105 0.246249 0.930636 -0.077427 0.357661 -0.365678 -0.234179 0.900800
-11.437313 -43.630285 -2136.149413 1150.866938 0.057648 0.964519 0.257642 0.901427 -0.161205 0.401798 -0.429075 -0.209083 0.878737
-11.957702 -44.473482 -1872.477857 -1052.133759 0.064383 0.962459 0.263680 0.834230 -0.196913 0.515059 -0.547645 -0.186809 0.815590
-16.311938 -45.518642 -2574.565286 -184.845660 0.098666 0.963265 0.249770 0.844337 -0.213870 0.491278 -0.526650 -0.162418 0.834422
-16.548434 -44.665277 -1657.323638 1042.824042 0.157902 0.953765 0.255732 0.880509 -0.253221 0.400727 -0.446957 -0.161899 0.879783
1.535937 -65.397435 102.476003 6092.425355 0.141079 0.983629 0.112120 0.970671 -0.115166 -0.211032 0.194665 -0.138604 0.971028
1.704112 -69.792169 273.762915 9699.468473 -0.122813 -0.983948 -0.129471 0.984910 -0.104812 -0.137718 0.121937 -0.144431 0.981973
1.322053 -70.072179 232.228418 5472.134248 0.125678 0.985931 0.110202 0.982185 -0.108012 -0.153775 0.139708 -0.127565 0.981941
-5.317989 -111.000539 1542.580432 -3484.062613 0.240066 0.946473 0.215772 0.247773 0.155170 -0.956311 0.938604 -0.283040 0.197260
-4.226861 -103.066888 1023.817114 -5122.477872 0.251004 0.937266 0.241928 0.481021 0.096113 -0.871425 0.840009 -0.335104 0.426720
-5.759940 -103.534259 1092.677995 -3520.058093 0.257239 0.937953 0.232536 0.342885 0.136384 -0.929424 0.903470 -0.318817 0.286527
-5.931615 -110.960104 885.253226 -1819.774959 0.258680 0.941199 0.217324 0.156607 0.181142 -0.970908 0.953184 -0.285189 0.100541
-5.005585 -117.144659 1734.079160 -1549.556988 0.233618 0.954132 0.187229 -0.026342 0.198697 -0.979707 0.971972 -0.223945 -0.071553
-3.817642 -109.574460 145.653345 -216.144137 0.246708 0.949177 0.195445 0.022687 0.195966 -0.980348 0.968824 -0.246294 -0.026813
11.608135 -66.524392 -1146.555383 5403.705658 0.295958 0.949212 -0.106795 -0.497642 0.057789 -0.865455 0.815329 -0.309284 -0.489471
12.073945 -58.268276 -1386.602679 4973.074007 0.298986 0.947169 -0.116093 -0.596908 0.090715 -0.797165 0.744519 -0.307638 -0.592495
7.727507 -63.208627 -469.549425 3888.535373 0.302908 0.945461 -0.119796 -0.549721 0.070656 -0.832355 0.778494 -0.317981 -0.541142
8.254684 -70.001862 -532.516253 4429.885381 0.296388 0.948364 -0.112964 -0.445488 0.032655 -0.894692 0.844805 -0.315500 -0.432163
5.158137 -68.591616 -2134.347127 3523.607461 0.334866 0.932540 -0.135035 -0.452953 0.033645 -0.890899 0.826256 -0.359496 -0.433663
-8.462283 -27.888475 3543.001814 1741.887846 -0.613327 0.399130 -0.681561 -0.021879 0.854005 0.519805 0.789526 0.333722 -0.515052
-3.464156 -25.146136 3531.782991 1556.915031 -0.625477 0.395145 -0.672785 -0.063150 0.833809 0.548429 0.777683 0.385516 -0.496575
-11.985255 -25.533248 3776.801678 1104.079615 -0.613512 0.456703 -0.644225 -0.016223 0.808338 0.588495 0.789519 0.371500 -0.488516
3.359285 -28.091600 5004.675488 2089.656070 -0.623292 0.330741 -0.708602 -0.063235 0.881869 0.467236 0.779428 0.336033 -0.528747
-18.481310 -28.307206 4312.803790 946.830333 -0.593895 0.529383 -0.605840 0.073388 0.785531 0.614455 0.801188 0.320461 -0.505373
-13.949917 -30.566665 3830.195391 1983.403935 -0.598501 0.445695 -0.665697 0.048108 0.849451 0.525470 0.799677 0.282469 -0.529838
-3.586490 -30.138785 4763.145466 2581.224440 -0.618532 0.358859 -0.699027 -0.005837 0.887496 0.460778 0.785738 0.289086 -0.546850
-4.205312 -100.724813 -1106.865356 260.329321 0.717228 -0.249360 0.650695 -0.134932 0.866411 0.480755 -0.683650 -0.432610 0.587768
-4.181103 -97.068440 -576.261576 820.069227 0.707693 -0.214285 0.673241 -0.280947 0.788966 0.546444 -0.648259 -0.575859 0.498143
-4.170308 -105.532548 1474.345596 2423.980404 0.727936 -0.212086 0.652019 -0.234759 0.816383 0.527642 -0.644203 -0.537157 0.544486
-4.341406 -108.051353 300.686055 1146.144747 0.733696 -0.252917 0.630653 -0.064549 0.898002 0.435230 -0.676405 -0.360035 0.642535
-10.018345 -42.254822 -2273.595269 -419.595332 0.300149 0.952651 -0.048639 0.587963 -0.224919 -0.776988 0.751139 -0.204614 0.627633
-11.761240 -42.998359 -1726.485049 5078.363895 0.282657 0.956419 -0.073265 0.616206 -0.239584 -0.750260 0.735116 -0.166920 0.657071
-10.984876 -45.148788 -290.869571 5755.786036 0.277899 0.959452 -0.047155 0.615085 -0.215432 -0.758459 0.737864 -0.181770 0.650013
-10.666159 -44.620713 1522.754692 46.083933 0.285018 0.956928 -0.055258 0.576562 -0.217210 -0.787652 0.765729 -0.192635 0.613637
-10.453663 -44.865161 2371.790452 5917.934522 0.252878 0.966960 -0.032272 0.610462 -0.185347 -0.770053 0.750592 -0.175028 0.637163
-15.937782 -239.751603 3685.287190 -17519.667044 0.677345 -0.257733 0.689042 0.735661 0.233861 -0.635698 0.002700 0.937488 0.348008
-14.735194 -253.942078 2535.313708 13726.065310 0.665864 -0.269019 0.695883 0.718820 -0.018466 -0.694951 0.199805 0.962958 0.181081
-15.933099 -233.754055 746.720059 15148.685907 0.675036 -0.204550 0.708862 0.703839 -0.109540 -0.701863 0.221215 0.972708 0.070027
-15.391541 -241.234312 -157.801888 -22056.977758 0.675854 -0.166939 0.717881 0.732712 0.257531 -0.629929 -0.079716 0.951740 0.296372
-14.988962 -251.144024 -1600.777118 18202.298604 0.680496 -0.137287 0.719776 0.715667 -0.086356 -0.693083 0.157308 0.986760 0.039487
-16.046397 -254.635427 -1135.431335 -51363.810662 0.675322 -0.168520 0.718012 -0.591816 0.457128 0.663919 0.440107 0.873290 -0.208976
36.415201 -19.712872 13582.467893 31.857838 0.588460 -0.798752 -0.125341 0.710946 0.437354 0.550706 -0.385059 -0.413179 0.825235
29.653960 -21.486133 11265.062122 -1020.990096 0.593146 -0.795920 -0.121200 0.716415 0.453113 0.530507 -0.367324 -0.401498 0.838971
17.558857 -20.767266 9268.988790 475.217980 0.700344 -0.710078 -0.072854 -0.616376 -0.550120 -0.563426 -0.359998 -0.439497 0.822948
54.656867 -21.548329 -13693.448451 -562.069520 -0.487727 0.865669 0.112869 0.761974 0.359031 0.538973 -0.426048 -0.348875 0.834727
101.743866 -476.468529 -16674.515731 -112361.980495 -0.578155 0.253605 -0.775514 0.809625 0.060412 -0.583830 -0.101212 -0.965420 -0.240253
89.562701 -342.424640 -25299.436116 -68117.588742 -0.621590 0.072052 -0.780022 0.771787 -0.114079 -0.625564 -0.134057 -0.990855 0.015302
70.854630 -351.703721 -19051.708557 -56306.982161 -0.611200 0.080333 -0.787389 0.776475 0.253634 -0.576851 0.153368 -0.963959 -0.217398
74.899104 -461.601081 -20469.302120 -58314.954696 -0.565177 0.214178 -0.796683 0.750265 0.535010 -0.388417 0.343043 -0.817247 -0.463065
-17.864023 -41.577468 -786.086746 1977.312039 -0.226098 0.938044 0.262589 -0.740593 0.009577 -0.671885 0.632773 0.346383 -0.692544
-15.965419 -46.234719 -360.068258 1515.324667 -0.123250 0.942811 0.309705 -0.717208 0.131069 -0.684422 0.685874 0.306478 -0.660037
-14.776233 -38.684970 -308.941142 3914.363186 -0.213737 0.947586 0.237480 -0.788537 -0.023852 -0.614524 0.576651 0.318608 -0.752305
3.357682 -9.684322 -947.174640 3.502337 0.160348 0.937439 -0.309026 0.710558 0.107681 0.695351 -0.685125 0.331079 0.648838
3.214073 -12.879649 768.144953 592.479944 0.206170 0.937191 -0.281366 0.706049 0.056604 0.705897 -0.677486 0.344193 0.650033
1.472911 -13.271828 -648.625149 297.108307 0.281346 0.943854 -0.173156 0.636832 -0.048665 0.769465 -0.717836 0.326757 0.614769
5.900360 -8.941368 -1582.618796 520.372142 0.332918 0.935559 -0.117880 0.619519 -0.122765 0.775323 -0.710888 0.331148 0.620467
2.320768 -17.340608 1039.634924 2042.474238 -0.488335 0.822165 0.292530 -0.406743 0.082136 -0.909843 0.772068 0.563293 -0.294300
1.293910 -21.145774 1493.965660 2201.202311 -0.515038 0.822834 0.240167 -0.348729 0.054806 -0.935620 0.783022 0.565633 -0.258719
-0.806907 -18.842037 1106.347418 2217.981700 -0.492347 0.820935 0.289241 -0.393072 0.086784 -0.915403 0.776588 0.564388 -0.279959
-4.893236 -22.271457 1102.175362 2330.192185 -0.452849 0.807016 0.379017 -0.415927 0.184796 -0.890424 0.788627 0.560871 -0.251975
-2.954384 -16.157137 1181.587107 2145.994190 -0.456183 0.809844 0.368848 -0.449455 0.148056 -0.880948 0.768041 0.567654 -0.296448
-20.634168 -37.496538 307.139522 2105.827953 -0.033107 0.522448 0.852028 -0.718456 0.580185 -0.383676 -0.694784 -0.624846 0.356148
-23.968791 -35.164727 397.323604 -596.932115 -0.189429 -0.322371 -0.927466 0.760664 -0.645469 0.068993 -0.620892 -0.692421 0.367487
-22.450974 -35.132419 2031.775166 -1492.899421 -0.025388 -0.500842 -0.865166 0.760574 -0.571320 0.308417 -0.648755 -0.650193 0.395432
-18.365898 -36.101041 -133.838664 -2335.387392 -0.206582 0.683105 0.700493 0.684684 -0.410508 0.602238 -0.698950 -0.604028 0.382908
-48.615242 -2143.662614 -1802.036549 925823.798522 0.058154 0.989620 0.131414 -0.799942 -0.032561 0.599194 -0.597253 0.139969 -0.789745
3.111796 -293.790395 470.268747 96814.092428 0.026000 0.991818 0.124983 -0.743387 -0.064407 0.665754 -0.668356 0.110221 -0.735630
0.715805 -488.738521 -962.401791 165492.275608 0.108487 0.988378 0.106485 -0.883865 0.046876 0.465388 -0.454988 0.144607 -0.878678
3.162647 -146.444984 -635.569077 42753.723753 0.032971 0.991026 0.129542 -0.701838 -0.069322 0.708956 -0.711573 0.114293 -0.693254
12.627290 -454.275121 -2554.387651 147810.714802 0.131525 0.979746 0.150991 -0.973666 0.099066 0.205329 -0.186212 0.174021 -0.966976
22.847293 -930.548627 -10866.329468 358785.468943 0.105988 0.988365 0.109093 -0.869137 0.038781 0.493049 -0.483081 0.147074 -0.863135
-26.381464 -1431.359403 -4747.036265 484144.233216 0.041011 0.085433 -0.995500 0.796167 -0.604776 -0.019102 -0.603686 -0.791800 -0.092821
-56.265885 -1393.200686 2453.238932 396301.736089 0.131712 -0.031653 -0.990783 0.969353 -0.204982 0.135412 -0.207379 -0.978254 0.003685
-27.985263 -501.793401 -4364.212139 129854.173068 0.027522 0.034053 -0.999041 0.834929 -0.550341 0.004242 -0.549668 -0.834246 -0.043578
1.938293 -474.575154 7196.491607 -179092.342551 -0.167073 0.063680 -0.983886 0.982178 -0.076395 -0.171727 -0.086100 -0.995042 -0.049782
-15.334162 -714.199608 -3021.076722 -232535.977699 0.030644 0.064086 -0.997474 0.999529 -0.003849 0.030459 -0.001887 -0.997937 -0.064174
-1.523087 -191.151810 2189.274768 -63588.883619 -0.004792 0.055707 -0.998436 0.990540 -0.136662 -0.012379 -0.137138 -0.989050 -0.054525
6.140708 -99.759877 2156.235067 -30463.422266 -0.008114 0.041214 -0.999117 0.989032 -0.147026 -0.014097 -0.147478 -0.988274 -0.039569
-20.742145 -134.738763 100.445605 9431.759265 -0.228902 0.934006 0.274294 0.840260 0.047309 0.540116 -0.491494 -0.354112 0.795637
-15.632442 -129.338538 -2223.193495 5454.693076 -0.272644 0.904128 0.328965 0.837252 0.054509 0.544094 -0.473999 -0.423770 0.771844
-19.772458 -121.351419 352.128511 7324.008498 -0.251664 0.926913 0.278383 0.894583 0.113031 0.432371 -0.369304 -0.357849 0.857647
-8.010252 -100.292042 4023.444658 -39817.686338 -0.107468 0.941506 0.319401 0.204823 -0.293403 0.933789 -0.972881 -0.165774 0.161311
5.596263 -129.553187 5541.816445 -45466.945440 -0.171782 0.973829 0.148825 0.263421 -0.100163 0.959467 -0.949263 -0.204023 0.239321
2.667627 -156.613455 2275.718459 -43432.244870 -0.184200 0.969440 0.162036 0.382100 -0.081262 0.920541 -0.905577 -0.231478 0.355454
-14.457151 -51.136003 1203.681961 -13171.063128 -0.182603 0.964634 0.190097 0.223165 -0.147636 0.963536 -0.957525 -0.218367 0.188314
-48.513252 -54.451479 -269.858633 -5610.742184 -0.805470 0.551792 -0.216205 0.424469 0.791737 0.439293 0.413575 0.262065 -0.871939
-48.431835 -57.379386 -2313.019341 4266.393451 -0.425567 0.902104 -0.071425 -0.752119 -0.396491 -0.526415 0.503200 0.170305 -0.847223
-46.151961 -51.757634 -2760.117551 1044.720401 -0.541283 0.839095 -0.054156 -0.748144 -0.510008 -0.424467 0.383788 0.189241 -0.903822
-48.943254 -59.855724 487.824346 -6052.647233 -0.815441 0.518856 -0.256601 0.350779 0.795581 0.493969 0.460446 0.312792 -0.830753
-49.083529 -55.287834 -1767.265944 -4842.009281 -0.881660 0.434223 -0.184731 0.339338 0.855445 0.391232 0.327909 0.282248 -0.901561
10.393238 -5.310065 2441.382663 -873.349816 0.571372 0.811119 0.124981 0.398891 -0.407561 0.821450 -0.717231 0.419500 0.556417
7.478698 -8.089006 2507.496873 -413.018101 0.526764 0.849813 -0.018349 0.494632 -0.288904 0.819679 -0.691273 0.440853 0.572529
12.644405 -6.069147 2092.297484 -1871.133535 0.579456 0.800583 0.152634 0.380851 -0.431563 0.817744 -0.720543 0.415716 0.554975
12.701361 -7.218622 -524.349855 -1515.340075 0.546583 0.817285 0.182459 0.376417 -0.434422 0.818283 -0.748035 0.378579 0.545088
11.742809 -6.875147 -1086.347999 -471.525292 0.583066 0.746421 0.320765 0.274022 -0.552372 0.787272 -0.764817 0.371135 0.526605
8.523886 -43.497714 739.215923 -2096.036918 0.016720 0.924814 0.380053 -0.220261 0.374175 -0.900821 0.975298 0.068650 -0.209957
7.804020 -44.637151 786.007978 -1944.793571 0.018045 0.923148 0.384022 -0.145931 0.382403 -0.912399 0.989130 0.039576 -0.141616
5.035845 -45.027350 723.735092 279.041370 -0.005754 0.902906 0.429800 -0.195684 0.420481 -0.885948 0.980650 0.089202 -0.174265
6.749618 -44.260627 188.527188 -1645.199357 0.009894 0.916928 0.398931 -0.252340 0.388328 -0.886299 0.967588 0.091897 -0.235219
0.622702 -47.593288 -22.055695 -9848.587350 -0.230598 0.917023 0.325413 -0.673506 -0.391791 0.626809 -0.702292 0.074626 -0.707966
-0.172036 -49.917164 -255.223896 -233.753049 -0.237930 0.911851 0.334539 -0.531327 -0.410518 0.741057 -0.813069 0.001431 -0.582166
-1.209397 -46.587979 -1016.341582 -8104.953053 -0.224551 0.926550 0.301797 -0.667541 -0.371886 0.645050 -0.709906 0.056616 -0.702018
-3.654781 -45.606267 -1558.166628 -681.531748 -0.219257 0.927250 0.303535 -0.557102 -0.374384 0.741265 -0.800977 0.006573 -0.598660
-5.057516 -45.998329 -1322.102303 -7059.980387 -0.209898 0.931195 0.298026 -0.668512 -0.359117 0.651250 -0.713467 0.062538 -0.697893
9.103463 -79.469116 -398.499227 2492.967962 -0.031740 0.925980 0.376236 0.251928 0.371684 -0.893523 0.967225 -0.066424 0.245078
7.521266 -86.052566 865.654948 1097.208294 -0.080725 0.920859 0.381447 0.389222 0.381435 -0.838459 0.917600 -0.080783 0.389209
8.265586 -81.222096 1440.217750 919.970865 -0.084881 0.932220 0.351797 0.236624 0.361830 -0.901714 0.967886 -0.006706 0.251298
-15.842343 -76.092750 87.255070 1458.284671 -0.229512 0.827836 0.511870 0.118525 0.545767 -0.829512 0.966062 0.129713 0.223379
-15.132802 -82.194747 131.881751 3372.248023 -0.229021 0.829441 0.509487 0.285666 0.557621 -0.779393 0.930561 0.032955 0.364650
-15.870516 -78.272412 478.776318 1729.592739 -0.207262 0.834923 0.509850 0.199736 0.546304 -0.813423 0.957678 0.066757 0.279992
-16.669896 -74.173979 541.827163 1439.209916 -0.208542 0.839401 0.501913 0.024910 0.517589 -0.855267 0.977696 0.165856 0.128848
-16.844289 -75.619868 495.392364 629.012596 -0.235699 0.822931 0.516944 -0.055750 0.519605 -0.852586 0.970226 0.229773 0.076592
9.430388 -84.770335 163.196359 -274.560215 0.333387 -0.767191 -0.547969 0.924374 0.151674 0.350040 -0.185435 -0.623227 0.759738
7.281288 -83.910432 -545.662812 1659.569023 0.332611 -0.791984 -0.511988 0.913128 0.134757 0.384757 -0.235727 -0.595485 0.768004
8.927355 -85.386114 -648.638186 -589.201879 0.334776 -0.785958 -0.519802 0.938468 0.228412 0.259049 -0.084873 -0.574541 0.814063
9.244690 -136.826108 547.856941 -5214.867231 0.871802 0.317244 0.373253 -0.256347 -0.353840 0.899491 -0.417430 0.879860 0.227154
9.417263 -129.183921 722.643556 -4393.392947 0.869072 0.320643 0.376699 -0.350933 -0.137082 0.926312 -0.348654 0.937228 0.006610
6.754173 -127.616624 1089.280767 -2546.844188 0.881099 0.299088 0.366348 -0.329001 -0.168836 0.929114 -0.339739 0.939170 0.050361
10.944439 -129.875807 -189.289550 -2121.138158 0.859383 0.345504 0.376945 -0.332532 -0.182374 0.925290 -0.388436 0.920525 0.041838
5.763182 -134.466217 1209.227484 -5493.358988 0.880589 0.296552 0.369621 -0.252643 -0.366100 0.895624 -0.400917 0.882059 0.247462
10.130935 -127.415906 27.331374 1421.952431 0.861291 0.343671 0.374257 -0.237225 -0.379383 0.894312 -0.449336 0.859045 0.245232
7.639174 -130.278270 901.451681 7946.606750 -0.114436 0.820887 0.559508 0.686860 -0.341522 0.641550 -0.717724 -0.457720 0.524752
7.911657 -113.569595 22.039206 4296.555587 -0.077390 0.787484 0.611457 0.815744 -0.302592 0.492949 -0.573212 -0.536942 0.618968
5.701707 -123.236244 158.752429 3256.690497 -0.114070 0.790221 0.602112 0.779592 -0.304477 0.547293 -0.615812 -0.531831 0.581319
5.526487 -138.204526 437.068633 8670.607301 -0.159219 0.827888 0.537820 0.571148 -0.367103 0.734183 -0.805257 -0.424071 0.414397
2.196934 -47.326258 944.929294 -665.570503 -0.065499 0.921094 0.383792 -0.511249 0.299324 -0.805624 0.856933 0.248980 -0.451303
2.216413 -48.313939 861.364241 -875.929004 -0.089932 0.934430 0.344604 -0.595294 0.226962 -0.770788 0.798460 0.274459 -0.535849
4.122269 -47.369083 174.293477 -3206.171299 -0.059396 0.935359 0.348677 -0.539335 0.263853 -0.799687 0.839994 0.235552 -0.488800
6.055518 -43.274037 314.163555 -796.045710 -0.072778 0.941348 0.329495 -0.599875 0.222616 -0.768500 0.796777 0.253586 -0.548489
6.528302 -45.803329 797.424546 -4594.828373 -0.055701 0.934644 0.351194 -0.516391 0.274076 -0.811309 0.854539 0.226544 -0.467376
6.900155 -37.772242 -1027.832822 2611.597135 -0.102930 0.976051 0.191648 -0.278543 -0.213246 0.936450 -0.954892 -0.043006 -0.293822
4.835002 -30.539890 -630.498597 2700.091660 -0.113595 0.973912 0.196446 -0.190298 -0.215393 0.957806 -0.975132 -0.071418 -0.209801
7.885266 -36.626808 -1685.286378 2565.155301 -0.128482 0.981428 0.142446 -0.268325 -0.172681 0.947725 -0.954722 -0.083543 -0.285528
10.679810 -44.357709 -661.446311 2654.071876 -0.098278 0.974242 0.202965 -0.382667 -0.225268 0.896003 -0.918644 -0.010389 -0.394949
7.669206 -39.802550 1341.365702 2785.791249 -0.085520 0.965586 0.245623 -0.292909 -0.259998 0.920112 -0.952308 -0.006743 -0.305064
7.738905 -43.019054 -2289.856387 2369.784843 -0.104062 0.984559 0.140766 -0.376327 -0.169991 0.910759 -0.920624 -0.041801 -0.388206
109.464443 -26.826953 -5264.748139 2744.291565 0.586521 -0.329845 0.739727 0.485580 -0.587772 -0.647099 -0.648233 -0.738733 0.184575
107.994057 -36.406525 -4844.257592 -6767.993979 0.483637 -0.468421 0.739376 -0.473107 0.570799 0.671088 -0.736386 -0.674367 0.054446
104.785086 -36.206449 352.583791 9466.389824 0.655948 -0.244975 0.713946 0.491275 -0.579536 -0.650221 -0.573045 -0.777255 0.259795
104.948255 -30.476916 641.401843 -1376.413542 0.696476 -0.194420 0.690740 0.477403 -0.593112 -0.648309 -0.535730 -0.781293 0.320272
-4.214118 -110.715749 1524.829434 -1903.210741 0.881302 0.299320 0.365669 -0.338208 0.939961 0.045709 -0.330033 -0.163956 0.929622
-2.480681 -106.928823 747.777734 565.431521 0.894168 0.262675 0.362582 0.364230 -0.897717 -0.247875 -0.260385 -0.353705 0.898383
-2.721170 -107.213935 1388.861292 -1749.411474 0.886447 0.286266 0.363680 -0.335557 0.938701 0.079012 -0.318768 -0.192076 0.928167
-4.349831 -117.173178 1309.140673 -4215.599277 0.876829 0.308896 0.368449 -0.288989 0.951039 -0.109589 -0.384261 -0.010387 0.923166
-4.241844 -8.250951 364.655415 -537.497770 -0.134798 -0.432077 -0.891706 -0.698574 0.679662 -0.223728 0.702726 0.592764 -0.393454
-3.345482 -7.639781 222.344135 170.073796 -0.000791 -0.551117 -0.834428 -0.718349 0.580811 -0.382928 0.695683 0.599107 -0.396354
-4.516810 -8.425056 1095.635580 -545.051730 -0.067767 -0.505554 -0.860129 -0.719282 0.622198 -0.309036 0.691405 0.597733 -0.405801
-2.634154 -8.438136 265.495598 235.614640 -0.052725 -0.510831 -0.858063 -0.721758 0.613323 -0.320781 0.690134 0.602401 -0.401034
-4.056823 -8.593672 -2062.764677 -726.350635 -0.219668 0.708389 0.670769 -0.705897 0.359176 -0.610493 0.673391 0.607599 -0.421150
-6.407697 -8.141176 -618.394405 -791.901781 -0.476465 -0.041986 -0.878190 -0.556546 0.787657 0.264298 0.680616 0.614681 -0.398658
-4.849341 -10.033937 -76.385692 -1995.282732 -0.350143 -0.195646 -0.916036 -0.626747 0.775711 0.073890 0.696123 0.599995 -0.394231
51.073728 -81.450680 5327.103098 6406.888098 0.563856 -0.436427 0.701141 0.194589 0.895273 0.400777 -0.802622 -0.089546 0.589729
40.723305 -66.191328 4397.481810 8136.961305 0.526007 -0.435686 0.730407 0.335326 0.895489 0.292670 -0.781584 0.090978 0.617130
28.627000 -69.534421 6664.929256 8262.813801 0.628125 -0.351914 0.693985 0.317187 0.930219 0.184620 -0.710529 0.104158 0.695916
32.126803 -52.686002 6020.842101 6220.451449 0.583366 -0.367261 0.724434 0.382696 0.911004 0.153671 -0.716399 0.187592 0.671998
33.106188 -81.982472 4484.071902 4651.046452 0.663916 -0.297907 0.685906 0.137955 0.950273 0.279196 -0.734972 -0.090739 0.671999
15.678670 -71.109721 2735.615587 7069.435575 0.691264 -0.200704 0.694170 0.207936 0.975270 0.074912 -0.692038 0.092559 0.715902
10.889073 -56.814967 4744.932282 7261.289252 0.681902 -0.218749 0.697968 0.319159 0.947585 -0.014832 -0.658139 0.232877 0.715976
-8278.842687 -12885.517347 10505804.232867 -844257.927386 -0.792982 0.120655 0.597179 -0.102618 0.939738 -0.326131 -0.600541 -0.319898 -0.732814
-390.936723 -4709.554307 139157.247550 -5682967.217028 0.423857 0.601688 0.676991 0.765913 0.160859 -0.622496 -0.483449 0.782365 -0.392660
20671.905829 -56.357394 20359449.145958 482283.111093 0.091796 0.849914 -0.518863 0.921559 0.124884 0.367604 0.377230 -0.511908 -0.771782
14.000593 -30.248319 -1782.874867 -214.018450 -0.929251 0.318040 -0.187997 0.312764 0.948064 0.057908 0.196650 -0.004987 -0.980461
13.025981 -25.949753 2139.868918 -406.790660 -0.903364 0.408990 -0.129074 0.404733 0.912538 0.058868 0.141862 0.000939 -0.989886
16.660764 -26.383403 99.612814 -310.552953 -0.880642 0.449409 -0.150002 0.451341 0.892059 0.022865 0.144087 -0.047566 -0.988421
16.741160 -32.135848 -3000.571763 -373.108390 -0.920649 0.316846 -0.228065 0.324626 0.945836 0.003584 0.216848 -0.070736 -0.973639
21.572660 -26.951358 -1321.279386 -850.587715 -0.853303 0.488709 -0.181761 0.502222 0.864048 -0.034552 0.140164 -0.120768 -0.982736
-4.556976 -69.890880 -371.140455 1757.422381 -0.285660 0.821037 0.494265 0.695050 -0.177579 0.696686 -0.659776 -0.542554 0.519934
-4.859634 -68.066788 -1677.534236 863.140557 -0.294986 0.810590 0.505893 0.680770 -0.193221 0.706553 -0.670474 -0.552820 0.494828
-3.483476 -71.273892 -458.823432 2740.389436 -0.285269 0.821208 0.494206 0.594957 -0.252535 0.763055 -0.751430 -0.511707 0.416543
-7.482298 -113.027154 3372.047841 -9822.852975 -0.222665 0.774915 0.591547 -0.295508 -0.631881 0.716520 -0.929029 0.015263 -0.369691
-5.102768 -110.629471 956.778541 -5688.419865 -0.252993 0.764025 0.593515 -0.318586 -0.645048 0.694562 -0.913508 0.013367 -0.406600
-8.911376 -106.212719 616.543828 -1696.189596 -0.253542 0.766044 0.590671 -0.416189 -0.637604 0.648265 -0.873214 0.081468 -0.480479
-17.682504 -27.514959 -3679.572430 -2221.988722 -0.312338 0.828324 0.465106 0.344693 -0.357415 0.868010 -0.885230 -0.431431 0.173883
-23.854553 -30.337672 -2020.708066 -1022.383797 -0.224874 0.837322 0.498321 0.379458 -0.395791 0.836278 -0.897465 -0.377149 0.228726
-21.712717 -27.041156 -2979.109928 67.328575 -0.141657 0.629620 0.763880 -0.387189 0.674946 -0.628119 -0.911053 -0.384743 0.148172
-18.016670 -26.289235 -2653.665100 -2063.535489 -0.040079 0.384065 0.922436 -0.367434 0.852828 -0.371048 -0.929185 -0.353806 0.106938
-14.335392 -23.008074 -3987.365244 -1299.604120 -0.262293 0.726460 0.635184 0.343994 -0.544598 0.764906 -0.901593 -0.419129 0.107054
1109.745522 -1120.244516 -331406.364737 278402.276749 0.705118 0.465808 0.534632 0.698150 -0.324124 -0.638381 0.124076 -0.823387 0.553750
-1540.686239 -11384.351988 -529773.285391 6397014.015870 -0.195670 0.443011 -0.874902 0.976159 0.002518 -0.217041 -0.093949 -0.896512 -0.432942
76.402645 -1172.753037 5835.314949 -421670.753300 0.797584 0.602621 -0.026605 -0.380905 0.468956 -0.796864 0.467730 -0.645700 -0.603573
-0.402700 -56.872148 -1474.758659 2946.425767 -0.296400 0.848437 0.438522 0.954085 0.242253 0.176168 0.043234 0.470603 -0.881285
10.511264 -51.950221 2647.257065 3710.185419 -0.059422 0.832880 0.550254 0.996005 0.086278 -0.023034 -0.066659 0.546687 -0.834679
16.281441 -65.071303 -2399.473827 7137.589956 -0.083577 0.874435 0.477890 0.989684 0.128837 -0.062661 -0.116363 0.467723 -0.876182
18.886588 -96.360355 -5635.254006 10908.795094 -0.042521 0.903362 0.426765 0.962433 0.151688 -0.225197 -0.268170 0.401157 -0.875875
7.535569 -81.409724 -10302.993276 4416.072684 -0.190350 0.913153 0.360442 0.978141 0.207715 -0.009674 -0.083703 0.350722 -0.932732
10.508649 -97.132665 -9409.454888 1175.611304 -0.131425 0.915062 0.381300 0.953586 0.221816 -0.203646 -0.270927 0.336838 -0.901742
-51.164114 -88.822993 -1837.947477 11407.375097 0.383050 -0.890355 0.246049 0.916620 0.399351 0.018097 -0.114373 0.218601 0.969089
-43.305683 -72.748244 -287.271068 5195.450864 -0.100239 -0.946435 0.306940 0.991717 -0.070140 0.107596 -0.080304 0.315183 0.945627
-53.440558 -82.097113 -578.676551 4157.017950 0.235808 -0.929617 0.283209 0.951499 0.280116 0.127218 -0.197595 0.239474 0.950583
20.763738 -12.835333 -12817.494070 782.270752 0.212804 -0.645558 -0.733464 0.540286 0.703202 -0.462166 0.814129 -0.297929 0.498430
-11.716624 -102.821671 311.516912 5138.838090 0.811230 -0.271672 0.517785 -0.567658 -0.578304 0.585943 -0.140253 0.769259 0.623354
-16.210161 -109.293809 2000.418422 2916.845130 0.796394 -0.281791 0.535117 -0.604756 -0.378649 0.700640 -0.005187 0.881600 0.471968
-13.153935 -98.030390 1924.467339 5691.568667 0.815976 -0.266306 0.513092 -0.557146 -0.598999 0.575142 -0.154178 0.755170 0.637141
22.737398 -47.215752 2671.675819 -36.853628 0.146401 0.969051 0.198764 0.420856 0.120823 -0.899045 0.895235 -0.215272 0.390143
18.104802 -45.235976 2818.781359 178.222995 0.157565 0.982909 0.095197 0.454347 0.013435 -0.890723 0.876779 -0.183599 0.444465
-10.699588 -20.874804 817.345266 1027.669181 -0.549858 0.833378 -0.056013 0.768802 0.531183 0.356073 -0.326496 -0.152727 0.932778
-9.041991 -20.641715 1196.586531 883.597624 0.744878 -0.655129 0.126342 0.597855 0.739446 0.309499 -0.296185 -0.155005 0.942469
-8.866658 -24.840598 1349.626122 1975.368839 0.865419 -0.462261 0.193301 0.395427 0.867044 0.303105 -0.307714 -0.185877 0.933146
-3.507919 -41.845151 -1615.221897 1392.855416 -0.061734 0.968974 0.239329 0.902280 -0.048335 0.428432 -0.426707 -0.242391 0.871302
-0.816875 -35.156415 -1762.730224 3397.151244 -0.081945 0.969613 0.230510 0.946666 0.003409 0.322198 -0.311622 -0.244619 0.918180
-3.075266 -32.056868 -2047.092426 4204.543539 -0.051919 0.970239 0.236517 0.963270 -0.013828 0.268180 -0.263470 -0.241753 0.933884
1.624788 -67.149990 148.001517 1012.662437 -0.107107 -0.986608 -0.123018 0.993720 -0.110256 0.019064 -0.032373 -0.120203 0.992221
1.449706 -70.858635 257.765185 1753.483439 -0.099452 -0.987000 -0.126254 0.993919 -0.104563 0.034507 -0.047260 -0.122055 0.991398
1.849619 -74.313815 -211.819763 -4883.236652 0.087814 0.989320 0.116335 0.971998 -0.110654 0.207307 -0.217966 -0.094873 0.971334
1.506527 -74.504252 -189.757699 -5889.952169 0.102472 0.987231 0.121964 0.975237 -0.123863 0.183222 -0.195989 -0.100168 0.975477
0.727721 -78.521608 -5891.243919 -18020.446139 -0.221562 0.848723 0.480187 0.099196 -0.470254 0.876938 -0.970088 -0.241929 -0.020000
-4.728276 -99.783187 -4108.587339 -13165.911187 -0.225093 0.877161 0.424171 0.296489 -0.353034 0.887390 -0.928131 -0.325508 0.180603
-10.422068 -87.912334 -2417.719765 -16677.362955 -0.205121 0.898394 0.388348 0.132866 -0.367551 0.920463 -0.969676 -0.240405 0.043974
-0.846233 -59.872612 -2859.904989 -11689.584415 -0.201131 0.871328 0.447586 0.004578 -0.456082 0.889926 -0.979554 -0.181041 -0.087743
-2.419779 -96.073185 -259.173966 -1636.597023 0.213453 0.939780 0.266930 0.637711 0.072957 -0.766813 0.740110 -0.333903 0.583735
-3.099482 -100.323163 -758.384556 -1789.663675 0.234917 0.930076 0.282439 0.654560 0.063443 -0.753343 0.718585 -0.361847 0.593887
-3.458731 -95.761172 -217.624384 -3830.906786 0.240362 0.936380 0.255770 0.541254 0.089440 -0.836089 0.805773 -0.339401 0.485322
-2.274923 -100.044211 -571.567730 2724.856586 0.191094 0.937302 0.291459 0.771684 0.040049 -0.634743 0.606619 -0.346210 0.715648
-3.588190 -96.638239 -1534.768395 1182.697054 0.193688 0.935234 0.296349 0.757546 0.049367 -0.650913 0.623385 -0.350572 0.698921
-4.318809 -94.100804 -1536.181459 -1370.800102 0.217509 0.937551 0.271454 0.587232 0.096449 -0.803652 0.779647 -0.334208 0.529581
3.962447 -24.265475 3862.330951 1354.788353 -0.623172 0.343979 -0.702378 -0.097346 0.856985 0.506064 0.776003 0.383738 -0.500564
-9.310849 -27.071838 -1612.761300 509.231838 -0.131911 0.973536 0.186621 0.623545 -0.064859 0.779093 -0.770579 -0.219137 0.598487
-11.328223 -28.104372 -605.851499 -2099.723436 -0.071289 0.972737 0.220681 0.664060 -0.118801 0.738180 -0.744273 -0.199170 0.637487
-12.153206 -25.498799 -144.903777 1037.847129 -0.071065 0.978288 0.194686 0.628317 -0.107686 0.770468 -0.774705 -0.177078 0.607022
-12.875417 -22.778058 753.473276 1447.991793 -0.043966 0.984739 0.168392 0.633583 -0.102837 0.766810 -0.772425 -0.140404 0.619392
-12.252068 -27.581756 -41.085224 3855.985476 -0.098022 0.986225 0.133236 0.591628 -0.049905 0.804665 -0.800230 -0.157701 0.578587
-10.872897 -31.534885 -1023.758207 2883.202306 -0.119281 0.976064 0.181856 0.566869 -0.083425 0.819573 -0.815127 -0.200849 0.543349
-2.176703 -89.592675 -2250.690627 -656.099909 0.697486 -0.243439 0.673981 -0.261843 0.788914 0.555926 -0.667047 -0.564228 0.486513
-2.736780 -87.708095 -2243.139159 -1887.265994 0.682450 -0.214605 0.698718 0.366850 -0.726245 -0.581369 -0.632205 -0.653079 0.416898
-3.816745 -94.199475 -512.963943 -1352.092796 0.685563 -0.174003 0.706913 0.431046 -0.685501 -0.586760 -0.586688 -0.706973 0.394951
-4.344675 -106.040066 1388.551321 -1090.107412 0.704700 -0.157865 0.691720 0.434564 -0.674627 -0.596684 -0.560849 -0.721080 0.406807
-14.374994 -41.127110 -815.466829 3453.462544 0.256990 0.960882 -0.103255 0.613893 -0.244831 -0.750462 0.746386 -0.129474 0.652797
-13.509306 -42.830146 82.171157 5355.087598 0.230432 0.969519 -0.083265 0.681668 -0.221894 -0.697202 0.694427 -0.103899 0.712022
-12.692924 -223.662314 -363.183234 -11517.312904 0.675032 -0.247471 0.695046 0.737323 0.259737 -0.623612 -0.026203 0.933432 0.357796
-11.947487 -224.234930 423.925039 15565.038884 0.682221 -0.260246 0.683261 0.684851 -0.099790 -0.721818 0.256033 0.960372 0.110151
-16.276983 -257.223893 2493.209022 -34658.702586 0.681539 -0.253509 0.686468 0.712946 0.441495 -0.544785 -0.164964 0.860706 0.481634
3.540672 -117.911194 3119.448973 7367.877912 0.825641 -0.218631 0.520112 -0.500937 -0.708202 0.497507 -0.259574 0.671305 0.694241
2.191755 -137.029675 876.375678 5857.281820 0.809044 -0.220967 0.544629 -0.556984 -0.584106 0.590414 -0.187660 0.781021 0.595643
-1.375577 -119.899790 1263.473229 4003.057723 0.800096 -0.252297 0.544236 -0.496803 -0.787169 0.365448 -0.336204 0.562772 0.755152
-3.215943 -122.091243 1241.956373 2796.442398 0.795531 -0.259546 0.547509 -0.552093 -0.682805 0.478509 -0.249647 0.682945 0.686486
4.147830 -114.074679 4709.535609 8129.014787 0.821332 -0.250769 0.512376 -0.466234 -0.812634 0.349645 -0.328694 0.526062 0.784359
-2.287763 -111.986912 1697.183460 -1521.323162 0.782843 -0.295801 0.547411 0.443696 0.882170 -0.157830 -0.436223 0.366440 0.821846
-5.115718 -116.514934 710.542633 2833.720344 0.786222 -0.272907 0.554416 -0.492277 -0.818928 0.294992 -0.373522 0.504855 0.778205
19.598512 -24.277512 9112.568943 -1506.178868 0.606564 -0.789075 -0.097160 0.724941 0.498768 0.475070 -0.326406 -0.358596 0.874568
42.775192 -24.761211 -11731.746102 -1264.833334 -0.458816 0.881007 0.115386 0.803361 0.355843 0.477480 -0.379604 -0.311772 0.871033
26.465061 -26.865081 -10390.233278 -2670.421180 -0.507641 0.853013 0.121116 0.792281 0.406948 0.454625 -0.338513 -0.326744 0.882410
32.103595 -32.584416 -8988.560621 -3587.342200 -0.374169 0.919669 0.119192 0.860051 0.296060 0.415526 -0.346858 -0.257988 0.901738
-9.285367 -114.316951 -1063.186101 327.788603 -0.702016 0.212091 -0.679846 -0.189716 0.864432 0.465580 0.686426 0.455822 -0.566609
-7.563656 -124.053064 -1100.089042 483.007651 -0.687416 0.202439 -0.697480 -0.075598 0.935204 0.345945 0.722319 0.290536 -0.627570
-8.710215 -111.828840 -544.655756 5596.676591 -0.713779 0.175895 -0.677924 -0.081171 0.940651 0.329526 0.695651 0.290237 -0.657139
-9.423820 -116.318680 500.717032 2786.885106 -0.728755 0.178085 -0.661213 -0.161732 0.893512 0.418903 0.665402 0.412216 -0.622349
-14.416209 -322.400057 -7114.077542 48364.031865 -0.525134 0.562657 -0.638476 -0.168709 0.666529 0.726138 0.834129 0.489037 -0.255092
-12.690303 -421.481823 -5067.784624 73687.361441 -0.579225 0.428172 -0.693662 -0.072293 0.820609 0.566899 0.811955 0.378510 -0.444363
-22.828378 -426.808175 -4050.897426 78852.551330 -0.543921 0.501089 -0.673097 -0.412396 0.538954 0.734478 0.730807 0.677081 -0.086501
-25.499509 -357.924949 -7278.481273 -55935.322666 -0.524043 0.603073 -0.601400 0.433274 -0.419153 -0.797862 0.733248 0.678685 0.041642
-34.489322 -1303.739020 6679.081708 -420192.144660 -0.523026 0.663191 -0.535370 0.288636 -0.453200 -0.843385 0.801956 0.595640 -0.045615
12.534383 -127.282607 69.386738 214.916664 0.703606 -0.337474 0.625340 -0.689946 -0.113867 0.714849 0.170037 0.934423 0.312956
10.630015 -125.111126 -1130.977155 -878.914746 0.704346 -0.319449 0.633916 -0.641498 0.095916 0.761105 0.303937 0.942737 0.137367
12.958833 -128.886066 -409.565114 -1462.269048 0.696316 -0.357327 0.622464 -0.652019 0.047606 0.756707 0.300025 0.932765 0.199835
11.092923 -124.116898 -3070.281597 -3563.561375 0.715770 -0.301024 0.630126 -0.557003 0.298159 0.775145 0.421215 0.905807 -0.045742
11.716451 -124.383514 1321.974230 -4097.751282 0.672915 -0.394605 0.625677 -0.538836 0.318008 0.780081 0.506794 0.862066 -0.001365
11.711442 -125.303530 1360.380250 -2067.402133 0.676900 -0.403385 0.615700 -0.634058 0.105313 0.766080 0.373867 0.908950 0.184483
12.525296 -125.925716 -81.346835 -702.465252 0.690057 -0.379773 0.616111 0.699361 0.130742 -0.702709 0.186318 0.915794 0.355818
-14.366496 -45.872028 275.589466 3151.340105 -0.097814 0.950916 0.293582 -0.768250 0.115376 -0.629667 0.632633 0.287134 -0.719256
-15.078816 -49.513392 664.232304 -341.041685 -0.062041 0.941146 0.332258 -0.657155 0.212036 -0.723317 0.751198 0.263220 -0.605324
12.525229 -34.722172 -2360.032327 703.654135 0.584196 -0.151894 0.797272 0.268609 0.963157 -0.013324 -0.765875 0.221938 0.603473
8.243637 -29.692781 -1976.022728 770.115802 0.595906 -0.145844 0.789700 0.301036 0.952232 -0.051300 -0.744496 0.268298 0.611345
16.336070 -35.344160 -1146.311416 461.408702 0.640776 -0.065373 0.764939 0.202079 0.975595 -0.085902 -0.740655 0.209622 0.638349
3.885383 -22.477609 1660.574913 2062.483309 -0.509516 0.826141 0.240590 -0.345726 0.059490 -0.936448 0.787951 0.560314 -0.255308
1.164889 -26.221510 1973.534124 1995.405061 -0.527414 0.823577 0.208700 -0.287217 0.058348 -0.956087 0.799588 0.564195 -0.205772
-9.312391 -30.324991 13650.762920 -1318.898597 0.824066 -0.310912 0.473549 0.247016 -0.555062 -0.794286 -0.509802 -0.771518 0.380607
-24.148711 -34.340073 -2353.297338 -1499.476590 -0.523753 -0.004291 -0.851860 0.626545 -0.679463 -0.381799 -0.577169 -0.733697 0.358559
-23.968171 -39.563999 2218.922438 2555.496597 0.164740 0.322051 0.932279 -0.714021 0.691021 -0.112537 -0.680467 -0.647127 0.343790
2.285851 -27.590987 19549.144717 -236.852457 0.765791 -0.208701 0.608282 0.432742 -0.532454 -0.727480 -0.475708 -0.820327 0.317435
-24.815037 -39.714083 -2774.826837 -308.937079 -0.509455 0.036265 -0.859732 0.651358 -0.636633 -0.412833 -0.562306 -0.770314 0.300715
-27.208087 -42.995759 -2300.254668 -3561.030860 -0.299461 -0.147644 -0.942616 0.696841 -0.708681 -0.110378 -0.651717 -0.689907 0.315107
4.478602 -277.178569 -1419.248717 86695.398557 0.041750 0.994490 0.096160 -0.754420 -0.031723 0.655625 -0.655062 0.099918 -0.748939
