10729
21447
-43.139451 -61.758777 1516.042249 7972.306022 -0.295219 -0.951741 0.083875 0.955361 -0.293006 0.037857 -0.011454 0.091307 0.995757
-49.564042 -70.686757 -406.606860 6319.401264 -0.370082 -0.919842 0.130116 0.919595 -0.342846 0.191840 -0.131853 0.190651 0.972763
-41.570063 -76.716464 -2984.510224 7943.582430 0.074583 0.993970 -0.080374 0.981442 -0.058886 0.182495 -0.176662 0.092494 0.979916
-42.848921 -63.208857 -713.988375 5621.717470 -0.701351 -0.694403 0.160970 0.712713 -0.679292 0.174936 -0.012131 0.237417 0.971332
-30.683062 -64.435610 -4746.137887 10210.199737 0.085434 0.996332 0.004873 0.996136 -0.085315 -0.020852 0.020359 -0.006636 0.999771
-33.806588 -43.822480 -1849.831539 4586.707693 0.560156 0.826236 -0.059671 0.823934 -0.563156 -0.063150 0.085781 0.013792 0.996219
-37.031489 -51.312833 279.439388 4193.297946 0.756906 0.641047 -0.127089 0.650634 -0.757441 0.054400 0.061389 0.123864 0.990398
-45.351288 -64.460348 1554.660468 -2364.885789 0.570418 -0.444372 -0.690766 0.112164 0.875273 -0.470444 0.813660 0.190871 0.549114
-43.864316 -64.273454 -789.457996 -1170.527798 0.669922 -0.493063 -0.555062 0.111360 0.805903 -0.581481 0.734032 0.327735 0.594800
-44.633683 -62.042365 -604.904810 -3556.298733 0.666091 -0.462491 -0.585170 0.217458 0.870880 -0.440773 0.713466 0.166345 0.680658
31.516170 -49.176770 -2738.529855 -538.193126 -0.470551 0.872765 0.129858 0.834115 0.487976 -0.257159 0.287807 0.012690 0.957604
21.480956 -48.888816 -953.700232 -645.953974 -0.405987 0.896465 0.177554 0.873778 0.437696 -0.211975 0.267743 -0.069084 0.961010
22.960853 -47.354713 -2816.631676 -1034.172120 -0.447679 0.880845 0.153935 0.878888 0.465163 -0.105734 0.164740 -0.087957 0.982407
26.598179 -49.453601 -1139.671757 117.944593 -0.426535 0.889135 0.165853 0.825273 0.457626 -0.330912 0.370124 0.004271 0.928973
20.772356 -50.495916 -7503.055339 1298.369831 -0.143185 0.989571 0.015751 0.978879 0.143949 -0.145172 0.145925 0.005368 0.989281
2.046105 -50.595242 -6161.412239 901.761160 -0.221525 0.974017 0.047079 0.950306 0.226458 -0.213626 0.218737 0.002584 0.975780
8.115222 -51.245058 -7684.601881 248.034399 -0.208471 0.976767 0.049663 0.976188 0.210924 -0.050673 0.059971 -0.037917 0.997480
27.992954 -49.336817 -6335.574961 -35.893674 -0.125598 0.992030 -0.010107 0.991364 0.125888 0.036737 -0.037717 0.005405 0.999274
32.273130 -49.030940 -4882.677746 1732.275597 -0.091891 0.993378 -0.068968 0.992124 0.085414 -0.091622 0.085124 0.076844 0.993403
-3.400788 -70.673492 -584.563041 -1042.470700 0.354537 0.912876 -0.202386 0.585629 -0.048052 0.809154 -0.728932 0.405398 0.551643
-5.296142 -70.482298 -1966.457325 -1129.565891 0.355107 0.916751 -0.182940 0.653788 -0.103675 0.749541 -0.668176 0.385772 0.636176
-5.271338 -69.726465 -515.007606 -936.345953 0.363073 0.904030 -0.225627 0.521341 0.003597 0.853341 -0.772257 0.427454 0.470002
-2.961806 -68.410498 -272.261933 -366.952970 0.348684 0.910983 -0.220295 0.486122 0.025171 0.873528 -0.801314 0.411675 0.434072
-4.304592 -66.579290 -794.076574 710.285755 0.606832 0.663964 -0.436930 -0.543829 -0.054062 -0.837453 0.579659 -0.745808 -0.328277
-2.083219 -69.252850 -780.344656 -1186.521686 0.619896 0.663811 -0.418430 -0.558224 -0.001697 -0.829689 0.551466 -0.747898 -0.369503
-3.023021 -69.011141 89.196183 1662.115021 0.586259 0.684049 -0.434025 0.632916 -0.052320 0.772451 0.505686 -0.727557 -0.463619
-0.740100 -70.812951 -630.670125 2238.055817 0.617463 0.667662 -0.415893 0.643559 -0.124778 0.755157 0.452295 -0.733934 -0.506726
-0.915029 -70.451744 197.660698 1989.155599 0.579425 0.688027 -0.436904 0.715519 -0.172740 0.676900 0.390255 -0.704826 -0.592386
-10.035535 -109.457086 784.779569 -2711.671029 -0.038455 0.918687 0.393110 -0.678782 -0.312722 0.664424 -0.733332 0.241285 -0.635614
-11.909135 -102.517204 746.963985 -3139.789881 -0.018708 0.932539 0.360585 -0.811700 -0.224740 0.539106 -0.583775 0.282601 -0.761146
-12.120731 -113.603041 243.458998 -3142.696077 -0.049870 0.939729 0.338263 -0.705993 -0.272734 0.653598 -0.706461 0.206216 -0.677044
-10.974422 -101.693797 663.759478 -2487.213457 -0.020976 0.913393 0.406538 -0.830662 -0.242212 0.501333 -0.556382 0.327179 -0.763801
-8.414027 -106.467561 772.478863 -3159.169586 -0.019969 0.909022 0.416270 -0.687321 -0.314847 0.654569 -0.726079 0.273040 -0.631077
9.711553 -62.058043 1961.062297 -11237.188502 -0.461285 -0.680398 -0.569452 0.877116 -0.446435 -0.177095 -0.133728 -0.581167 0.802722
11.923897 -53.809457 -392.866710 -7714.381389 -0.552062 -0.645031 -0.528358 0.800891 -0.586495 -0.120817 -0.231949 -0.489856 0.840381
18.306429 -38.565072 3295.970244 -4477.001084 -0.616163 -0.603455 -0.506148 0.770148 -0.596221 -0.226701 -0.164972 -0.529493 0.832119
6.967585 -100.668161 -1324.316131 -17326.654461 -0.349347 -0.723888 -0.594931 0.932792 -0.328746 -0.147736 -0.088637 -0.606558 0.790083
21.469444 -75.772190 6862.764352 -15129.170203 0.648008 0.568505 0.506840 -0.631046 0.773370 -0.060654 -0.426457 -0.280535 0.859904
15.602672 -78.309474 2529.685337 -9660.126542 0.620702 0.581660 0.525738 -0.582937 0.790784 -0.186666 -0.524321 -0.190608 0.829913
18.218058 -62.646601 3924.514496 -10605.988877 0.634208 0.609402 0.475825 -0.687553 0.726011 -0.013410 -0.353626 -0.318650 0.879438
28.057673 -49.540593 7080.756156 9034.738385 0.671814 0.542159 0.504707 0.649227 -0.759025 -0.048836 -0.356608 -0.360478 0.861908
32.868855 -53.101776 4656.870716 -11467.067746 0.640958 0.490079 0.590758 -0.622122 0.782493 0.025849 -0.449596 -0.384092 0.806435
15.517022 -43.670709 -2157.484288 2790.992857 -0.486170 -0.828793 0.277021 0.829382 -0.337772 0.445012 -0.275253 0.446108 0.851601
9.606682 -38.202447 -1788.329387 841.996774 -0.604843 -0.746120 0.278335 0.760612 -0.437744 0.479427 -0.235871 0.501682 0.832274
6.667151 -39.611660 -806.669265 -2857.114480 -0.543145 -0.792236 0.278130 0.804251 -0.395727 0.443373 -0.241192 0.464503 0.852094
12.437164 -45.530152 -2646.526653 6752.874069 -0.586478 -0.755694 0.291497 0.765600 -0.399736 0.504052 -0.264387 0.518785 0.812995
11.264957 -41.661220 -3052.786381 -2729.699755 -0.340399 -0.883487 0.321838 0.909871 -0.223150 0.349770 -0.237200 0.411892 0.879819
27.647197 -41.273478 -4261.074319 -142.735921 -0.287398 -0.914800 0.283802 0.910434 -0.168879 0.377611 -0.297510 0.366908 0.881400
36.388659 -41.179071 -6391.710850 4742.418652 -0.373893 -0.882254 0.286064 0.859696 -0.213934 0.463849 -0.348033 0.419358 0.838458
36.106998 -46.444327 -7134.754986 6241.847884 -0.461707 -0.823347 0.330040 0.825322 -0.262391 0.499995 -0.325070 0.503241 0.800674
-6.886423 -369.332746 -1454.183162 25104.099900 -0.293335 -0.621527 -0.726401 0.772691 0.293284 -0.562969 0.562942 -0.726422 0.394218
-7.485703 -293.614268 -434.040268 31814.198501 -0.331069 -0.602600 -0.726131 0.821730 0.194157 -0.535783 0.463846 -0.774065 0.430895
-8.199150 -279.917408 963.665442 33516.535715 0.294545 0.603050 0.741333 0.637176 0.454216 -0.622651 0.712215 -0.655758 0.250462
6.299650 -700.824898 7188.052665 180223.025334 0.324832 0.689478 0.647383 0.386227 0.528119 -0.756253 0.863315 -0.495692 0.094745
-6.983608 -289.826790 574.504909 41912.890782 -0.284018 -0.558878 -0.779095 0.493342 0.611564 -0.618549 0.822160 -0.560040 0.102023
-11.001628 -237.988312 6664.824181 -57903.533267 -0.028783 0.965378 0.259261 -0.278993 0.241302 -0.929482 0.959862 0.099085 -0.262388
-19.355781 -357.297951 9042.745848 -88461.587863 -0.033106 0.960125 0.277604 -0.514641 0.221727 -0.828240 0.856766 0.170286 -0.486780
16.497106 -548.019551 1803.179837 -150396.267667 0.024826 0.944799 0.326708 -0.518579 0.291571 -0.803780 0.854669 0.149469 -0.497191
-3.006956 -518.776862 5833.028815 -123178.399988 -0.028608 0.959937 0.278752 -0.851886 0.122477 -0.509205 0.522945 0.252032 -0.814253
-53.692365 -73.874087 548.613234 -3091.040565 0.758143 0.441627 -0.479776 0.437796 0.200560 0.876419 -0.483273 0.874495 0.041290
-51.396289 -68.693631 110.423005 -3761.667272 0.712034 0.403336 -0.574741 0.418168 0.413958 0.808563 -0.564042 0.816063 -0.126090
-53.322356 -72.819348 -560.367366 -4135.373072 0.690023 0.613836 -0.383502 0.296563 0.243556 0.923434 -0.660241 0.750924 0.013982
-54.774003 -77.352049 -1976.850963 -2209.222117 0.687255 0.594173 -0.417899 0.446630 0.108077 0.888167 -0.572890 0.797044 0.191099
-54.684185 -75.989946 237.795319 -14.455980 0.758814 0.509935 -0.405175 0.476990 -0.011503 0.878833 -0.443487 0.860136 0.251962
44.166381 -114.921594 793.524271 2406.476045 0.465953 -0.705542 0.533946 0.690380 -0.087534 -0.718132 0.553411 0.703241 0.446306
34.250614 -123.703810 -7330.684001 1835.687212 -0.390738 0.808655 -0.439774 0.622012 -0.120224 -0.773723 0.678546 0.575868 0.456017
36.829917 -124.435271 4902.022558 -975.052634 0.406967 -0.791274 0.456360 0.790103 0.054224 -0.610570 0.458383 0.609053 0.647255
21.084728 -125.511600 -7526.805879 -1019.832560 -0.379848 0.849034 -0.367229 0.703868 0.007685 -0.710289 0.600237 0.528283 0.600527
25.132683 -122.957895 6500.123234 321.206185 0.390447 -0.849086 0.355815 0.832760 0.160956 -0.529721 0.392508 0.503137 0.769929
-1.158596 -39.448052 -2126.403926 1596.636636 -0.357773 0.902767 0.238769 0.932341 0.359666 0.037158 -0.052332 0.235908 -0.970365
-2.093245 -36.629681 -2067.855474 955.882020 -0.360711 0.901459 0.239288 0.932029 0.338829 0.128518 0.034776 0.269381 -0.962405
-0.042654 -38.869532 27.449035 1351.940534 -0.370567 0.886599 0.276808 0.927659 0.368093 0.062895 -0.046128 0.280090 -0.958865
0.101132 -38.568642 1865.441822 1319.037334 -0.390613 0.868793 0.304336 0.920066 0.379231 0.098301 -0.030010 0.318406 -0.947479
-1.025883 -40.179712 1438.560850 1822.926002 -0.393328 0.870607 0.295528 0.914613 0.403270 0.029282 -0.093685 0.281811 -0.954885
-4.272180 -50.391875 960.260111 -486.099657 0.612162 -0.745928 -0.262391 0.643643 0.277298 0.713323 -0.459327 -0.605555 0.649863
-0.999080 -48.743034 1432.502942 -1146.067307 0.633371 -0.729873 -0.257150 0.644139 0.313088 0.697897 -0.428866 -0.607668 0.668441
-2.814611 -51.304092 1143.866398 -831.244289 0.630952 -0.733743 -0.252034 0.694560 0.389485 0.604886 -0.345667 -0.556707 0.755375
-2.944740 -48.469919 1604.080202 384.953676 0.615881 -0.737414 -0.277330 -0.610716 -0.224478 -0.759366 -0.497713 -0.637048 0.588602
-5.776972 -52.296362 910.044206 -529.706906 0.613644 -0.748545 -0.251240 0.687833 0.350537 0.635617 -0.387719 -0.562854 0.729979
-4.555228 -50.662911 1035.311907 -545.007206 0.610295 -0.746469 -0.265186 -0.570721 -0.182162 -0.800684 -0.549379 -0.640001 0.537198
3.260556 -68.732639 -12.921115 -1533.532030 -0.550320 0.826744 0.116803 0.595417 0.486652 -0.639256 0.585343 0.282248 0.760072
3.173328 -72.078024 -691.844619 -1458.008431 -0.527182 0.844215 0.096849 0.593156 0.447205 -0.669458 0.608478 0.295480 0.736509
1.588397 -67.567890 -152.241384 -987.910866 -0.528385 0.843127 0.099727 0.510213 0.409224 -0.756451 0.678595 0.348815 0.646403
4.148815 -70.047127 -262.628154 -929.491744 -0.556446 0.821609 0.123800 0.658258 0.526838 -0.537716 0.507014 0.217718 0.833988
-10.805489 -121.337808 -292.727749 -6472.062380 0.548621 -0.821969 -0.152909 0.832516 0.520226 0.190479 -0.077021 -0.231800 0.969710
-9.850736 -117.358439 -97.413564 -7750.334387 0.529636 -0.827465 -0.186514 0.834437 0.468788 0.289746 -0.152319 -0.309094 0.938754
-11.137541 -126.889114 312.688277 -6403.183291 0.515874 -0.832854 -0.200570 0.853080 0.520833 0.031429 0.078288 -0.187316 0.979175
-7.765733 -104.359287 -195.746042 -5630.106617 0.567590 -0.807767 -0.159231 0.769437 0.451621 0.451669 -0.292931 -0.378880 0.877861
-8.373636 -108.462501 -53.610284 -6306.584070 0.589597 -0.796813 -0.132152 0.784585 0.526147 0.328017 -0.191837 -0.297083 0.935382
-0.234516 -81.806492 -1047.509641 -3623.133336 0.709863 -0.692832 -0.126799 -0.397286 -0.245206 -0.884329 -0.581599 -0.678128 0.449316
1.786672 -88.397255 -634.608893 -2233.360167 0.726743 -0.681227 -0.088166 -0.238533 -0.129913 -0.962406 -0.644163 -0.720452 0.256908
-2.576071 -94.254021 -1906.612729 -2882.734941 0.702543 -0.704152 -0.102973 -0.264481 -0.124018 -0.956384 -0.660669 -0.699135 0.273363
1.436795 -79.763595 120.315095 -2975.469912 0.725620 -0.679385 -0.109144 -0.371571 -0.253371 -0.893162 -0.579147 -0.688651 0.436291
0.846385 -70.562996 -744.920423 -3559.508893 0.712521 -0.689734 -0.128768 -0.475921 -0.340234 -0.811012 -0.515571 -0.639146 0.570683
276.532198 -51.366519 68833.131801 6790.772707 -0.565304 0.821459 0.075076 0.505823 0.417103 -0.755094 0.651593 0.388883 0.651303
88.096952 -48.986888 24015.659108 3592.644900 -0.580769 0.814057 -0.004299 0.479626 0.337901 -0.809804 0.657774 0.472371 0.586685
208.767768 -40.542911 48750.071776 1561.295163 -0.463595 0.884517 0.052049 0.488570 0.304192 -0.817782 0.739175 0.353690 0.573170
1320.355778 -34.764204 404840.429428 3587.230775 -0.438938 0.822585 0.361508 0.461225 0.551560 -0.695020 0.771106 0.138334 0.621497
632.147155 -33.481572 160058.836769 3533.493685 -0.307168 0.864568 0.397706 0.569703 0.501809 -0.650866 0.762290 -0.026649 0.646687
446.553013 -70.153097 123485.640838 12973.403905 -0.509317 0.854527 0.101879 0.614746 0.444112 -0.651807 0.602232 0.269347 0.751511
-4.661833 -87.589345 1024.796569 254.591691 -0.379554 0.905222 -0.191082 0.355211 0.333292 0.873351 -0.854262 -0.263610 0.448047
-2.675709 -94.177839 229.402758 -7366.073594 -0.412202 0.875546 -0.252009 0.433329 0.431713 0.791107 -0.801446 -0.216892 0.557352
-1.740050 -101.331862 1314.458624 -3244.640270 -0.379304 0.897625 -0.224495 0.457079 0.392730 0.798024 -0.804492 -0.200082 0.559249
0.203832 -115.267887 735.223087 -11212.208174 -0.409073 0.874906 -0.259227 0.584527 0.469393 0.661815 -0.700705 -0.119206 0.703422
-9.471471 -34.841185 -247.777706 -169.892343 -0.415232 0.908971 -0.036813 -0.646512 -0.266384 0.714886 -0.640004 -0.320643 -0.698271
-9.919426 -34.934065 -13.454986 -515.200184 -0.426940 0.904010 -0.022082 -0.709115 -0.319543 0.628528 -0.561140 -0.284003 -0.777473
-9.428712 -34.808621 -673.510917 -178.574021 -0.431263 0.899190 -0.073961 -0.668900 -0.263645 0.695028 -0.605462 -0.349212 -0.715169
-9.106146 -37.688590 -790.877447 -209.954837 -0.432673 0.899553 -0.059992 -0.589192 -0.231772 0.774038 -0.682383 -0.370252 -0.630291
-8.870845 -35.172122 -147.914430 -31.898627 -0.441312 0.893058 -0.087694 -0.686981 -0.273363 0.673297 -0.577322 -0.357378 -0.734153
-9.284856 -38.929357 -339.152623 -1098.726499 -0.451553 0.890254 -0.059559 -0.594358 -0.250341 0.764243 -0.665461 -0.380496 -0.642172
-5.348697 -310.886207 2416.431516 -14649.090247 -0.072760 0.983156 -0.167660 -0.663303 0.077837 0.744292 -0.744805 -0.165364 -0.646468
-2.514834 -310.104389 899.550309 39954.908482 -0.068751 0.975777 -0.207685 -0.217605 0.188497 0.957662 -0.973613 -0.111034 -0.199374
-1.604404 -321.410993 56.463798 14605.977434 -0.092639 0.979172 -0.180666 -0.574460 0.095642 0.812926 -0.813274 -0.179094 -0.553635
-5.617888 -321.202290 2277.392170 -35169.680422 -0.098797 0.985965 -0.134580 -0.883933 -0.024836 0.466953 -0.457057 -0.165094 -0.873981
-7.277761 -292.601274 759.487889 -25648.990150 -0.108813 0.979096 -0.171848 -0.857795 -0.005122 0.513967 -0.502342 -0.203336 -0.840420
0.575281 -302.416947 1302.912982 59175.015607 -0.046841 0.969449 -0.240780 0.242474 0.244871 0.938746 -0.969027 0.014411 0.246536
1.656237 -280.757833 -366.915534 33436.127801 -0.070898 0.970733 -0.229460 0.142670 0.237542 0.960843 -0.987228 -0.035385 0.155336
-2.275472 -248.388333 223.782506 34303.907673 -0.067915 0.973180 -0.219792 0.086645 0.225221 0.970447 -0.993922 -0.046864 0.099617
0.332075 -335.331309 1295.821151 63292.947744 -0.070298 0.979646 -0.188021 -0.143896 0.176557 0.973715 -0.987093 -0.095506 -0.128555
-3.515765 -152.495090 -18.532747 -12972.781595 -0.372463 0.919303 -0.127098 -0.917234 -0.385500 -0.100356 0.141254 -0.079200 -0.986800
-2.415295 -147.444522 -503.701483 -11319.522986 -0.355737 0.924453 -0.137248 -0.881733 -0.380666 -0.278641 0.309837 -0.021893 -0.950538
0.478991 -114.004981 900.584155 -4619.107829 -0.403054 0.907288 -0.119899 -0.812710 -0.415078 -0.408917 0.420773 0.067372 -0.904661
-15.792875 -894.776475 388.158153 265505.593939 -0.527408 0.849598 0.005015 0.849317 0.527371 -0.023239 0.022388 0.007997 0.999717
-46.795563 -1554.557940 -20075.054220 560944.134702 -0.715447 0.695002 0.071464 0.279816 0.378757 -0.882182 0.640186 0.611158 0.465454
-291.446914 -4734.274810 -90608.063734 379403.433394 -0.465974 0.884501 0.022916 0.715427 0.361411 0.597952 -0.520607 -0.295025 0.801204
-8.318208 -41.984989 -1965.864013 1135.361079 0.074165 0.943356 0.323387 -0.822533 0.241219 -0.515027 0.563861 0.227800 -0.793831
-6.081405 -45.460567 -2064.124185 428.854813 0.084165 0.941923 0.325110 -0.725163 0.281669 -0.628332 0.683414 0.182874 -0.706755
-3.961032 -45.839990 -1174.781892 1495.457208 -0.017045 0.965764 0.258862 -0.810097 0.138410 -0.569724 0.586048 0.219415 -0.780004
-1.069365 -108.277106 -1673.035840 -8557.872741 0.649734 -0.758814 -0.045256 0.756014 0.638831 0.142614 -0.079307 -0.126875 0.988743
-3.902894 -103.921965 -1640.695942 -7625.672869 0.629167 -0.775335 -0.054820 0.754920 0.592762 0.280588 -0.185054 -0.217921 0.958262
-7.052212 -110.580484 -1384.996853 -7222.216753 0.614912 -0.786537 -0.056947 0.788572 0.612727 0.052145 -0.006121 -0.076971 0.997015
-2.499072 -545.463968 5568.132496 116421.055849 0.706280 0.615480 0.349788 -0.171239 0.627955 -0.759177 -0.686910 0.476295 0.548906
16.018721 -313.832941 6039.205315 -54660.828307 0.677903 0.661746 0.320220 -0.040375 -0.401413 0.915007 -0.734042 0.633214 0.245401
6.608301 -695.838383 1628.111582 -208721.776011 0.637446 0.587596 0.498391 -0.157005 -0.534213 0.830642 -0.754329 0.607739 0.248276
16.450883 -425.436532 2628.880317 9370.701659 0.681743 0.644449 0.346284 -0.321774 0.689221 -0.649181 -0.657030 0.331149 0.677239
-137.791944 -67061.108502 302851.532914 30580954.858797 0.722582 0.588378 0.362887 -0.301248 0.740490 -0.600770 -0.622194 0.324787 0.712312
59.910157 -2387.157106 18969.960834 1224072.805329 0.719157 0.632302 0.288111 -0.454815 0.741828 -0.492782 -0.525316 0.223350 0.821071
-53.961706 -78.514328 369.177007 2168.467969 0.296127 0.947385 -0.121537 0.902165 -0.235636 0.361349 -0.313698 0.216652 0.924476
-49.601002 -73.130719 -1038.016709 4230.515775 -0.558497 -0.810211 0.177873 0.808026 -0.482897 0.337499 -0.187551 0.332218 0.924368
13.022568 -103.923923 1383.393825 -6073.986988 0.465906 0.218892 0.857332 0.605419 0.627750 -0.489283 -0.645290 0.747005 0.159951
8.516013 -115.567282 3051.931114 -8828.423941 0.450796 0.178750 0.874546 0.753015 0.449951 -0.480118 -0.479324 0.874982 0.068234
4.996488 -96.189765 5113.457695 -6892.519898 0.506200 0.185967 0.842127 0.574381 0.655691 -0.490056 -0.643310 0.731768 0.225095
0.965672 -106.518737 5482.452533 -10320.515858 0.464451 0.102407 0.879658 0.736039 0.507724 -0.447730 -0.492475 0.855411 0.160437
10.327189 -91.023390 3650.355622 -804.622535 0.530199 0.264673 0.805504 0.379315 0.775613 -0.504524 -0.758294 0.573038 0.310834
1.620868 -78.654273 5126.951812 -1861.722872 0.557871 0.254219 0.790033 0.394827 0.756011 -0.522072 -0.729994 0.603176 0.321384
-3.116451 -87.448151 3851.941751 -8081.497152 0.513844 0.190476 0.836470 0.523605 0.702730 -0.481673 -0.679560 0.685485 0.261360
-0.438489 -43.741080 -1107.680323 3160.434034 -0.552995 0.616320 -0.560666 0.265632 -0.507390 -0.819753 0.789706 0.602250 -0.116870
2.020246 -49.825084 140.872674 6363.613831 -0.621524 0.687733 -0.375141 0.221564 -0.304997 -0.926222 0.751410 0.658787 -0.037186
7.789736 -66.603875 -1722.011468 7511.354413 -0.572018 0.678262 -0.461256 0.326768 -0.327355 -0.886601 0.752342 0.657875 0.034382
-3.116382 -30.279204 246.232527 3026.965435 -0.629328 0.664411 -0.403118 0.176765 -0.382742 -0.906787 0.756770 0.641924 -0.123426
0.241019 -35.746606 558.005572 -2477.326352 -0.527142 0.529830 -0.664381 -0.216083 0.672556 0.707797 0.821845 0.516671 -0.240045
-1.782762 -31.002360 295.870469 -938.497167 -0.519522 0.477532 -0.708562 -0.295003 0.678020 0.673247 0.801916 0.558795 -0.211373
-8.209578 -63.601734 -2271.140900 -1419.637378 0.315603 0.916686 -0.245115 0.393958 0.108417 0.912712 -0.863245 0.384620 0.326919
-10.530985 -60.136166 -1524.765885 -2902.997496 0.338789 0.888928 -0.308267 0.312518 0.202720 0.928029 -0.887443 0.410745 0.209127
-7.837766 -56.575437 -1390.614462 -1720.956870 0.322372 0.893423 -0.312846 0.215471 0.252558 0.943285 -0.921764 0.371498 0.111090
-6.940923 -63.524593 618.869983 -1434.886312 0.557039 0.705372 -0.438358 -0.385731 -0.247697 -0.888739 0.735472 -0.664151 -0.134108
-5.683554 -64.265700 -1.223849 1030.585229 0.580916 0.685141 -0.439452 -0.498682 -0.127125 -0.857412 0.643314 -0.717231 -0.267819
-6.162783 -64.397336 573.728681 1402.644866 0.547403 0.706908 -0.447919 -0.525239 -0.126478 -0.841503 0.651517 -0.695906 -0.302061
-6.696231 -64.653586 -351.000822 -1301.225462 0.587100 0.682174 -0.435835 -0.387834 -0.235549 -0.891124 0.710562 -0.692210 -0.126279
-6.252065 -61.039376 471.034293 -1792.345105 0.542302 0.721014 -0.431333 -0.368764 -0.257027 -0.893281 0.754932 -0.643487 -0.126498
-6.946020 -64.539980 53.221974 -1933.405113 0.575685 0.694603 -0.431408 -0.278591 -0.329417 -0.902148 0.768748 -0.639540 -0.003870
-6.195765 -60.155235 568.299022 -2113.640602 0.559947 0.719984 -0.409978 -0.239263 -0.333228 -0.911983 0.793229 -0.608755 0.014325
-13.179332 -103.774719 398.635546 -2605.613551 -0.017314 0.948508 0.316280 -0.861558 -0.174671 0.476663 -0.507364 0.264240 -0.820219
-13.301328 -94.544312 773.359636 -2854.799035 -0.003355 0.932747 0.360517 -0.914721 -0.148539 0.375795 -0.404072 0.328511 -0.853701
14.236614 -77.349754 4079.496965 -5221.233004 -0.263405 -0.730553 -0.630008 0.933065 -0.027102 -0.358685 0.244964 -0.682318 0.688792
12.361561 -84.549589 3473.376867 -1090.673335 -0.167646 -0.718137 -0.675406 0.878886 0.201490 -0.432390 0.446603 -0.666093 0.597382
9.063372 -96.199456 2280.446474 -1919.387364 -0.213618 -0.724222 -0.655644 0.901605 0.112247 -0.417744 0.376133 -0.680370 0.628984
10.482785 -77.355744 -1300.681825 -6941.862082 0.589373 0.617169 0.521289 -0.583808 0.771394 -0.253219 -0.558398 -0.155093 0.814947
11.866351 -82.733542 -776.550457 600.921454 0.573759 0.582174 0.576085 -0.398815 0.812948 -0.424337 -0.715365 0.013716 0.698616
5.245278 -42.703634 -2119.382229 324.535898 -0.661258 -0.697453 0.276219 0.718477 -0.482954 0.500546 -0.215706 0.529447 0.820461
-4.660109 -372.554945 -1740.729836 -45635.614091 -0.300908 -0.620437 -0.724232 0.945184 -0.093042 -0.313002 0.126814 -0.778717 0.614424
-2.488709 -99.780427 -2385.674722 -7125.735463 -0.192277 -0.238464 -0.951927 -0.310687 0.934922 -0.171449 0.930861 0.262786 -0.253852
-9.104833 -99.817909 -2233.220785 -5442.616557 -0.207639 -0.251075 -0.945435 -0.397693 0.904687 -0.152912 0.893715 0.344243 -0.287699
-4.433064 -118.202986 -3183.395419 -9346.949991 -0.204970 -0.215664 -0.954713 -0.550713 0.831783 -0.069660 0.809137 0.511494 -0.289260
1.617017 -117.707252 -1238.919411 -12491.834354 -0.202705 -0.235101 -0.950599 -0.486956 0.866416 -0.110443 0.849579 0.440512 -0.290110
16.149463 -45.800388 -2160.282647 1086.763232 0.233010 -0.266431 0.935265 0.170851 0.957994 0.230341 -0.957349 0.106119 0.268742
7.755185 -48.822974 -4242.195385 1982.739853 0.158687 -0.301575 0.940144 0.231140 0.937096 0.261583 -0.959892 0.175795 0.218411
10.050823 -37.753442 -2444.523256 2599.963190 0.204216 -0.309049 0.928862 0.340090 0.912155 0.228720 -0.917951 0.269188 0.291382
13.972411 -37.120730 457.050527 2941.701196 0.352568 -0.251327 0.901405 0.303652 0.941863 0.143840 -0.885150 0.223000 0.408387
19.608063 -45.489372 1855.336794 1230.184150 0.389478 -0.258766 0.883938 0.139418 0.965227 0.221132 -0.910423 0.037111 0.412011
21.642268 -42.776838 -958.302584 -1264.884528 0.299809 -0.255258 0.919216 0.016868 0.964807 0.262417 -0.953850 -0.063169 0.293564
13.963583 -70.609173 -596.022916 -256.341262 0.375855 0.909603 -0.177074 -0.193951 0.264068 0.944802 -0.906155 0.320765 -0.275670
16.155056 -69.455403 -508.422133 -2727.641896 0.358401 0.905118 -0.228712 -0.233909 0.324235 0.916601 -0.903789 0.275013 -0.327922
16.162588 -69.487898 -504.827130 -4894.462431 0.373649 0.912886 -0.164394 -0.349519 0.302733 0.886673 -0.859199 0.273845 -0.432187
19.938966 -61.521790 -368.441909 -7398.436634 0.370976 0.906075 -0.203480 -0.442768 0.365186 0.818899 -0.816293 0.213698 -0.536656
12.882419 -65.281066 1365.625585 -2819.941475 0.419660 0.898712 -0.127290 -0.323261 0.279022 0.904240 -0.848167 0.338326 -0.407612
17.863097 -56.594360 704.363679 -6053.360024 0.404559 0.902754 -0.146173 -0.471208 0.342758 0.812699 -0.783770 0.259907 -0.564051
-6.620311 -36.073161 -1841.468117 1079.807292 -0.383851 0.883898 0.267176 0.921813 0.349873 0.166883 0.054030 0.310344 -0.949088
-3.834822 -34.121575 -2925.515439 634.209378 -0.375716 0.895635 0.238068 0.921339 0.333313 0.200091 0.099857 0.294519 -0.950414
-2.633003 -33.972481 -2060.903113 200.557571 -0.374320 0.895624 0.240297 0.917247 0.319563 0.237775 0.136167 0.309416 -0.941127
-7.191088 -53.959479 520.404867 -466.190574 0.601313 -0.761153 -0.243041 0.684335 0.333594 0.648383 -0.412441 -0.556203 0.721478
-7.167574 -54.717825 758.216485 -118.489418 0.633550 -0.743401 -0.214402 0.708645 0.446328 0.546456 -0.310543 -0.498142 0.809579
-9.198142 -57.180949 772.496477 -265.379991 0.625156 -0.752398 -0.207552 0.701365 0.424872 0.572338 -0.342443 -0.503371 0.793316
-9.564423 -55.619793 293.426086 -1383.193552 0.581949 -0.782720 -0.220647 0.665994 0.303009 0.681644 -0.466678 -0.543631 0.697622
1.497093 -70.508086 -528.939447 1069.653536 -0.512149 0.856777 0.060309 0.445510 0.325028 -0.834193 0.734319 0.400362 0.548165
3.525414 -75.341142 -321.060367 -1626.989869 -0.531289 0.844682 0.065144 0.575059 0.416029 -0.704434 0.622125 0.336796 0.706774
3.808566 -73.677333 -78.067251 -1228.395532 -0.555759 0.825273 0.100284 0.654321 0.508636 -0.559601 0.512832 0.245385 0.822672
-12.820386 -126.419201 -200.077869 4748.820420 -0.504348 0.844157 0.181748 0.774054 0.535264 -0.338131 0.382719 0.029853 0.923382
-9.524155 -125.452353 -1279.525386 1447.752413 -0.488229 0.839818 0.237359 0.822372 0.533761 -0.196985 0.292124 -0.099024 0.951240
-11.256696 -123.621266 -1177.235004 8093.171798 -0.479600 0.850751 0.214957 0.713136 0.520635 -0.469443 0.511294 0.071851 0.856397
-12.474714 -120.736199 -1098.901255 8059.354861 -0.483226 0.855489 0.186095 0.626888 0.486480 -0.608563 0.611150 0.177413 0.771375
-14.086278 -119.926866 -241.131269 6165.896834 -0.525215 0.836768 0.154816 0.726977 0.535765 -0.429489 0.442328 0.113027 0.889703
-0.015874 -93.118384 -1330.672032 -752.935399 0.717209 -0.694771 -0.053889 -0.072240 0.002788 -0.997383 -0.693103 -0.719226 0.048190
2.493012 -86.736486 -76.048992 37.448233 0.741362 -0.669502 -0.046370 -0.057093 0.005925 -0.998351 -0.668673 -0.742787 0.033831
2.659377 -83.686255 629.690728 -1796.063479 0.741257 -0.666235 -0.081664 -0.233421 -0.141790 -0.961982 -0.629327 -0.732138 0.260616
-3.527703 -120.747676 -1114.076897 -4290.280685 -0.389444 0.898528 -0.202438 0.622423 0.418751 0.661239 -0.678913 -0.131514 0.722344
-0.373107 -111.986656 -936.478470 -4908.366775 -0.379828 0.907189 -0.180937 0.523108 0.371958 0.766815 -0.762948 -0.196608 0.615838
0.023955 -134.654405 -2109.685040 -12054.085205 -0.401814 0.893687 -0.199670 0.689674 0.438786 0.576035 -0.602408 -0.093752 0.792663
-2.202405 -134.762799 -1924.262908 -7970.702662 -0.413122 0.883682 -0.220083 0.769078 0.467968 0.435345 -0.487699 -0.010590 0.872948
-10.429118 -35.756397 -18.830301 193.489487 -0.439869 0.897350 0.035738 -0.681728 -0.359550 0.637159 -0.584605 -0.255903 -0.769903
-11.417603 -35.865849 -593.795558 268.058009 -0.472623 0.881041 0.019861 -0.714724 -0.396394 0.576230 -0.515555 -0.258144 -0.817046
-9.831600 -35.596372 632.844821 -757.983938 -0.390595 0.920561 -0.001827 -0.663783 -0.280268 0.693428 -0.637830 -0.272062 -0.720524
-8.284332 -285.433265 1230.870810 29201.587947 -0.138483 0.979032 -0.149396 0.983509 0.118232 -0.136859 -0.116326 -0.165885 -0.979260
7.756512 -669.803903 4880.005551 -181052.163747 0.668432 0.706439 0.232688 -0.254061 -0.077166 0.964105 -0.699037 0.703555 -0.127898
15.516766 -224.816057 4215.030302 -41104.069325 0.594679 0.702488 0.390984 -0.424498 -0.138641 0.894752 -0.682758 0.698061 -0.215758
29.037674 -294.290921 3710.650232 -26973.161471 0.561629 0.730302 0.388886 -0.010742 -0.463540 0.886011 -0.827320 0.501786 0.252493
-10.160077 -47.773922 -261.665453 -855.476072 -0.563036 0.825312 0.043027 -0.157891 -0.158527 0.974648 -0.811209 -0.541969 -0.219566
-10.698416 -48.209652 -221.638321 -58.783966 -0.528625 0.847649 0.045235 -0.162654 -0.153451 0.974678 -0.833126 -0.507881 -0.218992
-10.302794 -53.233986 -374.725592 1419.556580 -0.543817 0.839005 0.018266 -0.238723 -0.175527 0.955093 -0.804533 -0.515035 -0.295744
-45.531597 -76.493880 -1121.987245 -698.823321 0.243560 0.969194 -0.036636 0.866395 -0.200438 0.457367 -0.435934 0.143138 0.888523
-24.043216 -75.056124 -7559.411701 -2175.971448 0.098177 0.993801 0.052162 0.908923 -0.110889 0.401949 -0.405241 -0.007949 0.914175
-18.678567 -80.118790 -7609.256397 11287.013167 0.039507 0.997683 0.055386 0.992657 -0.045529 0.112065 -0.114327 -0.050552 0.992156
10.688639 -115.449765 -918.805975 -6508.824666 0.436818 0.217583 0.872839 0.759009 0.431625 -0.487447 -0.482799 0.875419 0.023394
11.107432 -120.932951 268.351341 -5922.462973 0.428745 0.195927 0.881924 0.851860 0.237411 -0.466873 -0.300851 0.951446 -0.065114
6.184313 -118.698130 3998.120667 -3329.184074 0.414507 0.100898 0.904435 0.886810 0.178363 -0.426328 -0.204333 0.978778 -0.015545
16.697632 -74.271791 3015.432194 12734.874707 -0.652953 0.709878 -0.264055 0.245174 -0.131759 -0.960484 0.716618 0.691890 0.088011
7.416191 -46.956125 4565.969976 8484.597438 -0.679724 0.712834 -0.172750 0.086628 -0.155854 -0.983974 0.728334 0.683796 -0.044186
-3.140178 -72.052305 -1027.652804 549.024898 0.360354 0.916473 -0.173844 0.690183 -0.136579 0.710629 -0.627529 0.376062 0.681751
-5.074017 -68.906759 -1347.407163 2326.979371 0.376423 0.912654 -0.159273 0.800761 -0.234051 0.551364 -0.465927 0.335086 0.818920
-5.169324 -64.411646 -1100.443182 105.279127 0.611017 0.656054 -0.443003 -0.437395 -0.186643 -0.879687 0.659806 -0.731271 -0.172912
-11.911078 -117.418756 -567.699597 -3433.705520 -0.049701 0.957112 0.285424 -0.752451 -0.223804 0.619459 -0.656771 0.183980 -0.731303
-11.456487 -120.258003 74.184229 -2977.969587 -0.059300 0.944559 0.322941 -0.555337 -0.300043 0.775613 -0.829509 0.133348 -0.542341
6.817123 -128.602095 -2076.463664 -15001.447633 -0.266936 -0.725773 -0.634033 0.953651 -0.104104 -0.282333 0.138905 -0.680011 0.719924
4.422956 -108.247817 -772.791956 -10575.736404 -0.240968 -0.746409 -0.620329 0.944210 -0.032444 -0.327742 0.224504 -0.664696 0.712585
34.809065 -37.696771 5458.635029 -1723.390832 0.660576 0.475461 0.581014 -0.612045 0.789241 0.049996 -0.434789 -0.388632 0.812357
38.990857 -41.563764 50.029600 -171.214148 0.580806 0.435677 0.687640 -0.618903 0.785058 0.025349 -0.528794 -0.440306 0.725609
-5.239557 -299.364152 -1393.556303 -40494.565831 -0.375940 -0.602279 -0.704223 0.905553 -0.400003 -0.141319 -0.196578 -0.690838 0.695773
-4.959598 -366.485266 -991.728329 -73408.673733 -0.353773 -0.616783 -0.703152 0.903784 -0.419019 -0.087165 -0.240872 -0.666334 0.705676
-1.801829 -281.641499 1494.135897 44119.201267 0.402839 0.602161 0.689292 -0.752160 0.646909 -0.125554 -0.521513 -0.467880 0.713522
-7.450727 -152.462200 -2.155608 -6464.486478 -0.380540 -0.466891 -0.798249 -0.273205 0.881422 -0.385297 0.883486 0.071465 -0.462974
-5.157273 -158.873871 -716.749504 -5611.794542 -0.367566 -0.444321 -0.816991 -0.054623 0.887285 -0.457976 0.928392 -0.123710 -0.350406
-2.785625 -125.513997 307.309201 4016.844604 -0.383471 -0.466863 -0.796862 -0.040436 0.870482 -0.490537 0.922667 -0.155885 -0.352683
-6.198632 -86.588621 -2043.097386 -5564.338786 -0.192235 -0.262971 -0.945458 -0.161518 0.958767 -0.233832 0.967966 0.107758 -0.226783
121.087724 -529.867856 37165.231484 -164299.157691 0.196650 0.724018 -0.661155 0.672189 0.391352 0.628494 -0.713786 0.568015 0.409718
67.724311 -477.388929 20827.674734 -127391.948142 0.151971 0.872116 -0.465101 0.473623 0.348766 0.808730 -0.867517 0.343186 0.360052
34.479413 -437.536732 3571.461564 -137899.327097 0.166043 0.781190 -0.601807 0.285804 0.545962 0.787554 -0.943793 0.302766 0.132614
100.090889 -437.124355 -13803.955145 -24828.420192 -0.193906 -0.854471 0.481954 0.874838 0.071693 0.479082 -0.443914 0.514528 0.733622
38.577185 -311.691725 6827.706403 -76555.066332 0.167489 0.670643 -0.722624 0.441712 0.604244 0.663158 -0.881384 0.430263 0.195027
79.606476 -412.698939 -11260.226165 52211.295588 -0.147515 -0.634276 0.758903 0.967212 0.067872 0.244733 -0.206736 0.770122 0.603467
51.747288 -404.113837 -6991.137206 -44995.345539 -0.129999 -0.518995 0.844834 0.763576 0.491138 0.419209 -0.632497 0.699591 0.332445
-49.447346 -64.874361 -970.193635 -2656.447867 0.668345 0.548942 -0.501974 0.267902 0.451909 0.850886 -0.693933 0.703165 -0.154968
11.864914 -68.065892 -240.904282 3954.215315 0.378550 0.901770 -0.208592 -0.024896 0.235202 0.971628 -0.925246 0.362617 -0.111486
11.747491 -71.104545 -461.682356 4200.374600 0.340912 0.902891 -0.261853 0.005086 0.276763 0.960925 -0.940082 0.328922 -0.089759
15.203709 -71.909211 388.405529 -2824.804279 0.323589 0.895887 -0.304429 -0.190336 0.376794 0.906531 -0.926856 0.235400 -0.292446
19.837960 -63.479021 296.076645 -8521.971278 0.355004 0.892856 -0.277093 -0.401388 0.413262 0.817375 -0.844310 0.178950 -0.505091
-0.042701 -50.417279 86.812568 -1156.543892 0.635975 -0.738800 -0.222957 0.697084 0.426030 0.576691 -0.331073 -0.522180 0.785950
-1.261044 -49.906513 1329.669705 -437.153580 0.640915 -0.724934 -0.252385 -0.579305 -0.241079 -0.778644 -0.503621 -0.645253 0.574469
1.139456 -48.399495 325.734134 -1635.689149 0.629313 -0.741529 -0.232593 0.641497 0.326710 0.694076 -0.438687 -0.585999 0.681292
-0.607566 -65.335292 -189.014492 2425.716649 -0.517986 0.851563 0.080813 0.365521 0.305769 -0.879147 0.773359 0.425847 0.469649
0.412886 -64.440206 344.390248 950.709336 -0.540931 0.834119 0.107886 0.396126 0.365818 -0.842176 0.741942 0.412823 0.528299
-8.595357 -120.599584 263.371841 -7347.331536 0.531542 -0.818516 -0.217934 0.832087 0.456464 0.315075 -0.158414 -0.348815 0.923706
-7.680749 -101.229587 -284.448793 -4524.962669 0.554371 -0.811528 -0.184649 0.774747 0.422145 0.470703 -0.304039 -0.404000 0.862754
-4.766584 -103.084825 -1308.179307 -1511.719418 0.723450 -0.685479 -0.082088 -0.116661 -0.004189 -0.993163 -0.680448 -0.728081 0.082999
217.549869 -23.609828 42340.001839 6001.962227 -0.248084 0.852460 0.460181 0.400582 0.522788 -0.752480 0.882036 0.002338 0.471176
-1.373676 -99.995936 106.547022 2947.932197 -0.367852 0.916458 -0.157446 0.388232 0.305218 0.869550 -0.844962 -0.258740 0.468074
0.779959 -111.290098 -278.217285 -3026.872462 -0.392359 0.898175 -0.198334 0.492439 0.387236 0.779457 -0.776890 -0.208160 0.594231
-1.650646 -110.671257 -7.805333 3013.044143 -0.342592 0.931032 -0.125734 0.331286 0.244956 0.911178 -0.879136 -0.270509 0.392358
-3.095050 -118.947931 -821.859951 1432.637627 -0.363524 0.919162 -0.151631 0.432091 0.310562 0.846669 -0.825317 -0.242266 0.510059
-11.243678 -35.843123 -20.380374 810.040777 -0.458229 0.886747 0.060886 -0.696701 -0.400869 0.594905 -0.551937 -0.230183 -0.801487
-2.265147 -361.750720 -997.242745 -47729.341066 -0.105788 0.978212 -0.178636 -0.890796 -0.013390 0.454205 -0.441917 -0.207178 -0.872804
-6.091224 -330.232463 1932.692746 40064.201681 -0.115644 0.982401 -0.146680 0.992799 0.109674 -0.048186 -0.031251 -0.151197 -0.988010
6.004537 -124.418849 515.478519 16432.596863 0.092198 -0.959322 0.266834 0.973452 0.143219 0.178547 -0.209500 0.243288 0.947059
4.221715 -159.318883 -569.387229 24391.728810 -0.075759 0.961964 -0.262462 0.893255 0.182448 0.410863 -0.443121 0.203319 0.873101
-2.579297 -180.606865 2168.460440 25636.940097 -0.115616 0.928941 -0.351714 0.856925 0.272343 0.437618 -0.502308 0.250797 0.827519
2.475218 -95.477896 667.790507 -421.602362 -0.446958 0.880877 -0.155837 -0.701790 -0.453310 -0.549546 0.554725 0.136259 -0.820801
0.415627 -96.178155 -143.247625 -5348.269444 -0.424178 0.890635 -0.163838 -0.804961 -0.453709 -0.382343 0.414863 0.030298 -0.909379
-3.286771 -52.054719 -1659.960417 -4607.898072 -0.266028 0.034175 -0.963359 -0.632533 0.747943 0.201205 0.727414 0.662882 -0.177357
-11.931795 -46.749979 338.615013 -2957.604101 -0.478087 0.290301 -0.828950 -0.462159 0.719428 0.518491 0.746888 0.630991 -0.209784
1.637669 -52.864445 -137.418158 3506.949076 0.439672 -0.228967 0.868483 0.616459 -0.626303 -0.477203 0.653197 0.745197 -0.134219
-10.829505 -41.241122 -2522.415715 1271.078583 0.131358 0.916578 0.377663 -0.800018 0.322986 -0.505619 0.585420 0.235720 -0.775706
-11.988443 -44.410007 -3100.354056 1509.834487 0.194990 0.887604 0.417299 -0.720438 0.418325 -0.553148 0.665543 0.192780 -0.721033
0.920918 -49.740439 -6585.552041 865.019257 0.192335 0.921371 0.337763 -0.615826 0.381303 -0.689468 0.764046 0.075394 -0.640741
8.621921 -50.452530 -2031.998205 -661.408582 0.059396 0.953374 0.295890 -0.595666 0.271706 -0.755882 0.801033 0.131355 -0.584031
-6.278311 -28.934465 -225.763099 992.079375 0.678695 -0.692459 -0.244690 0.450945 0.129947 0.883042 0.579673 0.709658 -0.400455
-3.793573 -27.656726 -1163.397799 1660.924485 0.629948 -0.680313 -0.374620 0.522098 0.013859 0.852773 0.574960 0.732791 -0.363920
-4.235545 -25.543106 -780.941865 2154.882181 0.662299 -0.687963 -0.296761 0.432789 0.027960 0.901062 0.611600 0.725207 -0.316261
-58.624023 -81.820442 1466.349538 -1403.362773 0.277645 0.949933 -0.143318 0.794419 -0.143138 0.590262 -0.540196 0.277737 0.794387
-52.817429 -78.283125 95.138215 455.833182 0.427209 0.893156 -0.140586 0.816207 -0.314073 0.484938 -0.388971 0.321917 0.863175
-44.243872 -64.401634 1111.331027 3743.242625 0.569581 -0.587924 -0.574389 -0.078181 0.656904 -0.749910 0.818208 0.472041 0.328196
-44.440028 -66.456617 -430.595228 2501.763029 0.458127 -0.553806 -0.695283 -0.085049 0.751297 -0.654462 0.884808 0.358960 0.297089
-44.411599 -63.892344 881.619245 881.493184 -0.530248 0.638588 0.557712 -0.134507 0.586111 -0.798988 0.837105 0.498678 0.224890
-48.485104 -66.692779 3061.902899 653.374762 -0.450709 0.691579 0.564429 -0.091820 0.593022 -0.799934 0.887936 0.412363 0.203780
-40.580783 -60.672627 -108.096339 1043.227783 -0.625746 0.606667 0.490303 -0.137498 0.532942 -0.834906 0.767813 0.589854 0.250071
-43.734422 -62.646709 866.701035 -2006.765646 -0.584107 0.692955 0.422649 -0.154112 0.416556 -0.895952 0.796912 0.588467 0.136521
-48.533495 -67.905024 2369.299020 -3133.519548 -0.501066 0.812130 0.298960 -0.078302 0.301493 -0.950248 0.861859 0.499546 0.087477
11.900068 -102.592042 -1623.860982 -5058.765145 0.421599 0.239320 0.874632 0.643713 0.600355 -0.474560 -0.638662 0.763085 0.099056
14.144712 -94.137234 300.809184 -3080.631622 0.453340 0.259174 0.852825 0.465667 0.746970 -0.474542 -0.760024 0.612261 0.217943
-5.104979 -43.238604 -784.848077 -520.740656 0.343506 0.799397 -0.492918 -0.210011 0.576947 0.789321 -0.915368 0.167618 -0.366067
-1.824256 -42.092606 -529.918836 -156.781483 0.336734 0.814199 -0.472959 -0.289476 0.567483 0.770822 -0.895999 0.122652 -0.426782
-2.683164 -43.653696 -702.950454 -371.061451 0.328762 0.827666 -0.454846 -0.158388 0.523117 0.837414 -0.931037 0.203267 -0.303073
0.222582 -42.909362 -488.082660 -64.661531 0.328862 0.826267 -0.457310 -0.271504 0.546522 0.792211 -0.904508 0.136366 -0.404065
-7.047120 -44.660704 -696.522312 -752.745258 0.347124 0.821658 -0.452087 -0.078337 0.505781 0.859098 -0.934542 0.262798 -0.239936
-0.062155 -44.573194 -742.351701 -254.129141 0.313850 0.849532 -0.424020 -0.157510 0.486981 0.859092 -0.936317 0.202839 -0.286649
-4.698884 -44.710952 -855.384863 -1348.070306 0.327578 0.832444 -0.446911 -0.078412 0.495330 0.865159 -0.941565 0.248364 -0.227533
-2.405170 -47.425614 -1177.245467 -1633.003477 0.306215 0.867251 -0.392565 -0.075161 0.433113 0.898200 -0.948990 0.245537 -0.197810
