19160
38311
-49.624960 -71.530985 -1623.210352 11249.506763 0.564383 0.274617 -0.778497 0.740616 -0.584993 0.330562 -0.364637 -0.763131 -0.533546
-48.539191 -73.806994 -475.813857 8088.258712 0.346754 0.350394 -0.870049 0.818898 -0.565394 0.098667 -0.457348 -0.746695 -0.482990
-59.789376 -90.808226 -831.528263 -11022.813256 0.693199 0.081452 -0.716129 -0.517616 0.747674 -0.416002 -0.501546 -0.659052 -0.560448
-38.998049 -57.725751 -515.629308 5303.137841 0.077728 0.482244 -0.872582 0.939779 -0.327625 -0.097353 -0.332827 -0.812467 -0.478669
-46.884055 -103.197378 2679.443005 -24261.976741 0.807798 0.050214 -0.587317 -0.447857 0.700105 -0.556126 -0.383258 -0.712272 -0.588032
-42.436360 -72.488014 2732.398199 -17716.306600 0.748919 0.204090 -0.630450 -0.612083 0.577603 -0.540119 -0.253917 -0.790393 -0.557498
-33.990617 -52.029333 1334.631297 7738.326307 0.221652 0.482146 -0.847588 0.946476 -0.315526 0.068027 -0.234637 -0.817300 -0.526276
34.656757 -107.186939 7528.240296 -14433.837418 0.699159 0.477858 -0.531816 -0.479166 -0.238885 -0.844591 0.530637 -0.845332 -0.061955
55.648564 -115.163252 10463.582829 -6393.755956 0.763110 0.398163 -0.509047 -0.472425 -0.193804 -0.859799 0.440996 -0.896608 -0.040208
42.871742 -93.693704 6376.640545 -7381.664686 0.700210 0.422401 -0.575572 -0.430021 -0.394016 -0.812301 0.569901 -0.816290 0.094252
33.613920 -85.049836 3329.622045 -11200.538466 0.647204 0.476597 -0.594965 -0.445465 -0.396900 -0.802515 0.618618 -0.784427 0.044568
56.049673 -94.789899 8322.642527 1654.128571 0.705227 0.364516 -0.608098 -0.384387 -0.524123 -0.759962 0.595737 -0.769690 0.229510
41.193935 -82.906226 4875.962245 882.632573 0.635680 0.420816 -0.647167 -0.418012 -0.517157 -0.746870 0.648982 -0.745294 0.152840
-16.025054 -52.946618 -3230.140317 25860.487293 0.810156 0.328970 -0.485207 -0.586051 0.434988 -0.683616 0.013830 -0.838191 -0.545201
-20.871984 -139.299613 -7810.145039 -85583.045848 0.621694 0.411958 -0.666174 0.775153 -0.445648 0.447811 -0.112400 -0.794788 -0.596387
-30.818064 -75.387054 -21737.993739 11669.574789 0.713050 0.216658 -0.666798 -0.701051 0.207643 -0.682211 0.009351 -0.953910 -0.299948
-44.350348 -120.828650 -38779.994881 -20654.922568 0.704255 0.159942 -0.691696 0.708257 -0.225462 0.668983 -0.048952 -0.961034 -0.272063
-14.699426 -58.428404 8514.305109 13812.359308 0.756084 0.386205 -0.528376 -0.645063 0.303336 -0.701342 0.110587 -0.871110 -0.478474
-17.339283 -64.647946 9540.260933 -1242.611733 0.705037 0.407665 -0.580287 -0.676591 0.141502 -0.722635 0.212481 -0.902101 -0.375586
12.989445 -20.652254 -2771.650681 243.985772 -0.607445 0.600774 0.519693 0.258771 -0.468884 0.844503 -0.751031 -0.647471 -0.129359
13.441930 -20.649962 -385.322521 -1493.050228 -0.602507 0.699567 0.384175 0.160952 -0.364961 0.917005 -0.781715 -0.614336 -0.107295
17.506814 -19.161061 -81.615165 710.455020 -0.592987 0.610134 0.525455 0.296886 -0.440922 0.847022 -0.748482 -0.658273 -0.080321
17.882433 -20.962740 667.359499 -591.196838 -0.582995 0.749843 0.312813 0.152522 -0.277161 0.948640 -0.798031 -0.600763 -0.047216
18.066415 -19.661340 3044.966622 -1735.399130 -0.539200 0.480473 0.691671 -0.404859 0.572281 -0.713151 -0.738480 -0.664560 -0.114050
28.404114 -18.692133 305.805092 -513.839563 -0.588647 0.572174 0.571062 0.361487 -0.445546 0.819033 -0.723064 -0.688553 -0.055436
28.271855 -18.084462 5726.987739 712.007754 -0.527548 0.472834 0.705777 -0.441364 0.557313 -0.703278 -0.725873 -0.682517 -0.085317
27.368196 -20.495359 1737.558767 290.288309 -0.577490 0.680823 0.450539 0.285983 -0.348195 0.892734 -0.764669 -0.644392 -0.006375
72.849871 -56.843412 4209.055398 -13495.825041 0.645380 0.133872 -0.752039 -0.567113 0.743531 -0.354324 -0.511730 -0.655164 -0.555780
86.393425 -54.703432 16170.264440 -3952.466693 0.723302 0.131903 -0.677817 -0.527978 0.738281 -0.419739 -0.445054 -0.661471 -0.603642
73.477871 -60.567268 19765.100851 -11035.856568 0.745103 0.227814 -0.626835 -0.555946 0.731344 -0.395043 -0.368436 -0.642834 -0.671579
63.030057 -74.112351 15916.777821 -9046.450460 0.729414 0.276516 -0.625695 -0.550210 0.780642 -0.296424 -0.406478 -0.560480 -0.721553
67.086100 -59.957859 -3493.474581 193.938977 -0.603108 -0.227660 0.764481 -0.493747 0.859276 -0.133634 -0.626477 -0.458056 -0.630643
61.553531 -52.474403 11815.884949 -10640.624855 -0.457905 -0.037496 0.888210 -0.564657 0.783962 -0.258006 -0.686648 -0.619676 -0.380153
53.910702 -97.391372 -13874.446531 11750.148365 0.834992 -0.436441 -0.335124 -0.382184 -0.021820 -0.923829 -0.395884 -0.899468 0.185020
75.821543 -111.421277 -17246.062749 12930.222608 0.867338 -0.361218 -0.342413 -0.385256 -0.051663 -0.921362 -0.315123 -0.931049 0.183971
63.663247 -83.956077 -10348.881099 7131.990850 0.829665 -0.406679 -0.382450 -0.379291 0.092046 -0.920688 -0.409627 -0.908922 0.077882
42.819722 -92.469885 -2871.783559 11461.805917 0.816926 -0.453777 -0.355976 -0.401463 -0.004273 -0.915865 -0.414077 -0.891105 0.185665
-33.255832 -51.211386 5619.313412 -3211.748734 0.155701 -0.226208 -0.961555 -0.465803 0.841590 -0.273412 0.871082 0.490466 0.025668
-26.472127 -50.776279 -1888.745847 -1561.258197 0.288280 -0.266994 -0.919570 -0.470431 0.796963 -0.378873 0.834020 0.541816 0.104146
-32.472192 -48.769984 4769.696812 -3750.683334 0.200960 -0.212086 -0.956365 -0.385876 0.880209 -0.276281 0.900397 0.424560 0.095048
11.932034 -36.606844 10545.711231 1299.147532 0.558964 0.707525 -0.432397 0.769241 -0.247786 0.588957 0.309560 -0.661823 -0.682761
25.595598 -44.755463 7333.980579 -1612.641918 0.480825 0.685859 -0.546265 0.828270 -0.150858 0.539639 0.287708 -0.711926 -0.640613
6.598136 -42.250603 10631.481071 -4259.037440 0.492857 0.722224 -0.485268 0.802728 -0.162214 0.573859 0.335737 -0.672369 -0.659698
-5.172871 -36.434743 7110.394000 -864.161698 0.654381 0.672018 -0.346665 0.678851 -0.320154 0.660805 0.333086 -0.667752 -0.665703
1.999739 -35.345855 5139.020152 -915.515472 0.761730 0.605005 -0.231813 -0.568385 0.452279 -0.687301 0.310976 -0.655296 -0.688390
-3.972293 -65.628543 1052.541524 -10.456410 -0.158364 0.592393 -0.789931 0.683976 0.642804 0.344936 0.712108 -0.485668 -0.506979
-3.874052 -67.700765 -106.956708 -706.445620 -0.168376 0.571955 -0.802818 0.696637 0.645255 0.313595 0.697385 -0.506471 -0.507091
-5.590117 -70.207995 451.569999 890.457085 -0.186122 0.559549 -0.807629 0.592946 0.719399 0.361773 0.783437 -0.411547 -0.465678
-3.224815 -67.037043 -1350.918112 718.697342 -0.144506 0.575389 -0.805012 0.610393 0.692154 0.385153 0.778806 -0.435717 -0.451234
-29.608582 -147.328926 -779.337399 -1814.107287 -0.667351 -0.513078 0.539809 -0.276304 0.843668 0.460304 -0.691592 0.158032 -0.704788
-28.787512 -136.646464 -1137.173675 5664.811797 -0.661449 -0.529939 0.530707 -0.084912 0.755984 0.649059 -0.745168 0.384256 -0.545043
-29.330301 -144.037233 3696.613665 192.167213 -0.666686 -0.513744 0.539998 -0.238862 0.833555 0.498128 -0.706028 0.203110 -0.678433
-26.060697 -136.561910 1763.987569 -1281.225224 -0.687432 -0.477216 0.547451 -0.402792 0.877772 0.259375 -0.604315 -0.042206 -0.795627
-27.135290 -139.088091 -1570.134252 -3750.271532 -0.656184 -0.521355 0.545538 -0.398265 0.853333 0.336464 -0.640943 0.003513 -0.767581
-2.604265 -133.059387 386.751443 5467.448349 -0.459584 -0.584628 0.668575 0.886542 -0.256931 0.384746 -0.053156 0.769543 0.636379
-1.312420 -127.671967 547.092836 5428.779324 -0.466382 -0.582949 0.665325 0.884259 -0.286868 0.368501 -0.023957 0.760182 0.649268
-1.552095 -138.259800 384.355143 6433.569999 -0.483059 -0.576200 0.659278 0.854297 -0.145123 0.499116 -0.191914 0.804321 0.562349
-0.841969 -123.423382 1248.300471 4963.051899 -0.444176 -0.594141 0.670599 0.885043 -0.407353 0.225306 0.139307 0.693585 0.706777
-2.817324 -141.731141 -491.976429 5130.484643 -0.488096 -0.573948 0.657531 0.828093 -0.066537 0.556627 -0.275725 0.816184 0.507759
-4.233688 -132.592569 -1914.118097 6380.196488 -0.474917 -0.570762 0.669839 0.861197 -0.144797 0.487210 -0.181091 0.808248 0.560305
-3.614727 -124.427661 -2406.845741 5413.218547 -0.439826 -0.576402 0.688704 0.897836 -0.300187 0.322147 0.021054 0.760032 0.649544
-1.131010 -122.806683 162.368488 2831.657012 -0.430199 -0.589617 0.683579 0.885293 -0.423684 0.191698 0.176593 0.687636 0.704252
4.024785 -153.230982 -3094.969404 -13415.603011 -0.545323 -0.554558 0.628560 0.609538 0.252400 0.751504 -0.575401 0.792944 0.200384
7.741754 -152.803927 -2866.916472 -14939.739114 -0.537469 -0.577342 0.614657 0.553266 0.308659 0.773709 -0.636414 0.755914 0.153529
5.197754 -131.681228 3572.318827 -16903.262061 0.551568 0.566564 -0.612191 0.418019 0.447365 0.790648 -0.721826 0.692004 -0.009917
22.117404 -8.144686 5958.739238 1776.778646 -0.629187 0.764718 0.139031 0.592155 0.587484 -0.551556 0.503464 0.264704 0.822470
20.008958 -10.743534 4814.796198 2334.747199 -0.648170 0.741302 0.174205 0.572305 0.625127 -0.530738 0.502338 0.244310 0.829439
7.845820 -13.116695 -5061.000314 2094.550320 0.747442 -0.625047 -0.225048 0.464364 0.733826 -0.495848 0.475074 0.266113 0.838742
32.196035 -7.536872 5934.678506 2037.998089 -0.551198 0.823830 0.132231 0.640934 0.519526 -0.565063 0.534213 0.226710 0.814383
71.591628 -68.889844 38676.542739 -12973.941330 -0.297461 0.421226 0.856788 0.905254 0.409591 0.112919 -0.303369 0.809199 -0.503154
603.082056 -144.418122 310918.551267 -45911.049635 -0.215938 0.481155 0.849624 0.949129 0.307682 0.066983 -0.229185 0.820866 -0.523118
34.871594 -119.397687 21862.026909 -30502.055699 -0.258365 0.443482 0.858237 0.946576 0.293686 0.133200 -0.192980 0.846801 -0.495668
-20.915855 -45.046018 173.317574 -1070.721324 0.074387 0.459894 -0.884853 0.730431 0.578962 0.362316 0.678923 -0.673276 -0.292853
-22.312227 -44.344347 717.461476 -93.205817 0.069995 0.494125 -0.866569 0.771387 0.523997 0.361094 0.632505 -0.693734 -0.344484
-15.499457 -44.100279 6069.787426 1213.908578 0.130849 0.579496 -0.804402 -0.698057 -0.522299 -0.489817 0.703985 -0.625610 -0.336179
-16.607053 -92.790067 501.872474 -3733.271654 0.421118 0.728964 -0.539695 0.167365 -0.647265 -0.743665 0.891431 -0.222845 0.394578
-15.682402 -96.386502 -3286.268134 -3607.085691 0.483363 0.706694 -0.516666 0.116140 -0.636743 -0.762280 0.867682 -0.308452 0.389853
-15.438745 -96.387312 134.567151 -2800.519045 0.426042 0.732052 -0.531591 0.021096 -0.595464 -0.803105 0.904457 -0.330942 0.269136
-16.493296 -98.113491 648.044826 816.810492 0.413759 0.731670 -0.541722 -0.096268 -0.556546 -0.825221 0.905282 -0.393592 0.159840
-17.724408 -95.378017 1105.652326 -4990.835603 0.406381 0.729003 -0.550825 0.079442 -0.628756 -0.773534 0.910244 -0.270591 0.313428
-15.318252 -100.062571 621.316024 247.919885 0.425147 0.733293 -0.530596 -0.166380 -0.512910 -0.842165 0.889701 -0.446324 0.096057
-12.548410 -45.188638 5052.555336 -6404.669188 -0.132947 0.574838 -0.807395 0.819053 0.522437 0.237091 0.558101 -0.629779 -0.540280
-11.910962 -45.946544 3142.375477 -249.183459 -0.112661 0.584641 -0.803431 0.842391 0.485016 0.234813 0.526959 -0.650349 -0.547139
-11.227027 -47.811276 1339.983754 -6872.594462 -0.176550 0.546623 -0.818556 0.807413 0.556060 0.197184 0.562952 -0.626099 -0.539523
-9.644231 -247.310936 926.579982 17229.429356 0.074733 0.751264 0.655757 0.850111 -0.391746 0.351919 0.521274 0.531166 -0.667934
-10.297162 -222.427218 909.888968 -28931.553304 0.079577 0.740483 0.667347 -0.640352 0.551041 -0.535073 0.763948 0.384757 -0.518020
-10.807260 -234.362323 -2660.801459 -38865.348810 0.119095 0.767640 0.629719 -0.669969 0.530212 -0.519631 0.732774 0.360006 -0.577441
-8.831058 -254.324538 -1942.239507 -17161.471783 0.080160 0.773599 0.628585 0.958492 -0.232927 0.164432 0.273619 0.589313 -0.760160
-8.898789 -252.849244 1196.439584 -7788.254114 0.050018 0.751409 0.657938 0.981526 -0.158793 0.106734 0.184677 0.640445 -0.745470
-9.975543 -276.191625 -554.453568 -18008.746771 0.097132 0.771565 0.628692 -0.846474 0.396294 -0.355575 0.523496 0.497633 -0.691602
-1.866521 -201.075841 2885.206329 10560.265027 -0.272071 0.585741 0.763469 0.927147 0.371984 0.045010 -0.257634 0.720094 -0.644275
1.511651 -185.718534 859.732881 422.647117 -0.316011 0.574706 0.754884 0.859963 0.509589 -0.027959 -0.400749 0.640338 -0.655262
0.793356 -171.329430 1776.460404 10466.343308 -0.250440 0.604514 0.756203 0.964368 0.224584 0.139846 -0.085292 0.764280 -0.639219
15.297759 -39.776217 5505.832808 -375.848908 0.818005 0.558065 -0.139395 -0.510725 0.593163 -0.622348 0.264627 -0.580276 -0.770229
6.172027 -44.665497 2164.545373 792.964524 0.897173 0.440686 -0.029616 -0.351850 0.672562 -0.651047 0.266989 -0.594522 -0.758460
17.984921 -41.182760 6429.492442 291.540509 0.824584 0.555415 -0.107588 -0.506225 0.639470 -0.578631 0.252581 -0.531594 -0.808462
-37.955044 -110.701251 3933.020203 -6167.475906 0.458923 -0.650364 -0.605323 0.655348 -0.212249 0.724892 -0.599923 -0.729367 0.328809
-36.874155 -117.167369 1620.150519 -864.332199 0.420423 -0.670858 -0.610897 0.778074 -0.079781 0.623086 -0.466740 -0.737282 0.488435
-39.222969 -107.372600 1144.061885 -6745.322293 -0.400350 0.708881 0.580696 0.621420 -0.255704 0.740576 -0.673467 -0.657345 0.338141
-37.829210 -88.960812 -2072.827571 -9591.677847 -0.463227 0.711585 0.528268 0.408914 -0.357222 0.839751 -0.786263 -0.605012 0.125502
-38.645699 -101.024684 -4983.796494 -7562.688802 -0.473349 0.652206 0.592088 0.543927 -0.312298 0.778854 -0.692881 -0.690722 0.206927
3.059645 -274.368486 505.246246 21095.781048 -0.139541 -0.605243 -0.783715 0.964189 0.097219 -0.246755 0.225539 -0.790082 0.570003
6.731771 -324.413004 260.674402 48967.710420 -0.113299 -0.600067 -0.791886 0.992807 -0.037335 -0.113755 0.038696 -0.799078 0.599981
-0.652685 -316.556432 256.929169 30528.531490 -0.112120 -0.607555 -0.786324 0.987583 -0.155757 -0.020471 -0.110038 -0.778856 0.617475
1.897664 -353.118119 449.976410 56929.346377 -0.110624 -0.608121 -0.786099 0.993834 -0.073637 -0.082893 -0.007476 -0.790422 0.612518
2.074050 -285.818854 -2323.810382 37254.824386 -0.126313 -0.627008 -0.768704 0.922737 0.210192 -0.323071 0.364144 -0.750120 0.552014
28.104025 -34.712995 -6141.434415 1300.860540 0.640791 0.598826 -0.480410 -0.201983 0.735222 0.647033 0.740668 -0.317578 0.592077
22.551334 -31.473224 -7197.964321 1179.191590 0.660061 0.601669 -0.449793 -0.228498 0.731191 0.642766 0.715617 -0.321488 0.620111
27.157485 -32.764487 -5754.912304 372.812158 0.626311 0.645880 -0.436548 -0.293462 0.714125 0.635535 0.722229 -0.269932 0.636806
-7.472771 -21.532223 1968.437146 3517.775888 0.085611 0.994298 0.063582 0.940242 -0.059517 -0.335266 0.329570 -0.088485 0.939976
-4.957286 -17.796726 -4077.148272 -4821.084525 -0.599943 0.746325 0.288215 0.724330 0.659671 -0.200450 0.339727 -0.088504 0.936350
-0.008429 -24.712002 -1932.613897 -4604.280584 -0.398877 0.888704 0.226059 0.842731 0.452446 -0.291713 0.361526 -0.074149 0.929409
-0.801415 -28.375126 -1680.559502 -1060.289782 -0.248540 0.951555 0.181026 0.892445 0.297607 -0.339075 0.376523 -0.077283 0.923178
-17.057372 -38.323602 2213.715584 2976.543195 0.590278 0.650803 -0.477523 -0.370919 -0.306737 -0.876545 0.716932 -0.694527 -0.060335
-14.753340 -38.277173 -50.021916 1295.865028 0.590827 0.670491 -0.448738 -0.340888 -0.296650 -0.892073 0.731245 -0.680030 -0.053294
-15.664905 -39.990418 2680.517358 787.983832 0.586633 0.683458 -0.434451 -0.270663 -0.340148 -0.900578 0.763285 -0.645898 0.014555
-0.939634 -44.828306 2395.056504 -556.775089 -0.071682 0.703770 -0.706802 0.991357 0.128334 0.027242 0.109879 -0.698740 -0.706887
-3.635516 -44.797418 1486.485238 848.914351 -0.091576 0.691660 -0.716394 0.986515 0.161018 0.029354 0.135656 -0.704045 -0.697079
-4.017327 -49.917841 960.169648 -5389.416855 -0.102324 0.682550 -0.723640 0.994237 0.046792 -0.096451 -0.031972 -0.729339 -0.683405
-5.149635 -53.499749 -734.879422 2788.077817 -0.074998 0.674977 -0.734018 0.994868 0.000507 -0.101184 -0.067925 -0.737839 -0.671550
-5.070619 -54.006936 1228.496818 463.074976 -0.062880 0.689976 -0.721096 0.995666 -0.006234 -0.092787 -0.068516 -0.723806 -0.686594
-4.117209 -51.537360 -1236.444686 1192.883480 -0.096301 0.664652 -0.740921 0.992942 0.012379 -0.117953 -0.069226 -0.747050 -0.661153
-1.156743 -50.103338 1694.178386 -5155.753573 -0.058137 0.695566 -0.716106 0.997742 0.016318 -0.065152 -0.033632 -0.718277 -0.694944
-3.732316 -48.561801 -29.612925 -6070.987133 -0.130479 0.668246 -0.732408 0.990787 0.060862 -0.120980 -0.036268 -0.741446 -0.670031
-1.803068 -72.539288 1243.664542 -6709.135315 0.561106 0.635625 -0.530228 0.090602 0.589560 0.802627 -0.822771 0.498398 -0.273216
0.591936 -60.942487 -180.172406 -1913.597290 0.554638 0.650740 -0.518570 0.053302 0.594147 0.802589 -0.830383 0.472787 -0.294850
-0.561461 -69.651371 -347.185498 -9917.045769 0.554065 0.649837 -0.520310 0.116442 0.558376 0.821375 -0.824289 0.515682 -0.233709
0.894238 -66.527658 -166.583584 2657.123420 0.557458 0.649219 -0.517451 -0.010209 0.628595 0.777666 -0.830142 0.428234 -0.357043
-1.098290 -65.351700 -375.731444 2445.751210 0.547232 0.666965 -0.505662 0.000095 0.604101 0.796908 -0.836981 0.436142 -0.330520
-27.277709 -31.711373 -3013.117036 218.880269 0.186080 0.531072 -0.826642 0.651018 0.563503 0.508566 0.735901 -0.632793 -0.240881
-25.057332 -32.956974 1549.259500 -62.232432 -0.269076 0.155810 -0.950432 0.605589 0.794712 -0.041166 0.748906 -0.586648 -0.308195
-27.905252 -34.259015 1490.963078 -1347.345060 -0.231275 0.150077 -0.961243 0.583571 0.811948 -0.013640 0.778432 -0.564108 -0.275364
77.815780 29.475885 3984.667419 2753.038947 -0.256347 0.906039 0.336718 0.294175 0.404964 -0.865717 0.920732 0.122870 0.370346
81.397013 30.509459 32957.110676 -371.658315 -0.513865 0.798247 0.314237 0.308323 0.513673 -0.800673 0.800549 0.314551 0.510077
69.282228 30.289484 -2679.485673 -1944.333399 -0.203177 0.916358 0.344975 0.387420 0.398808 -0.831179 0.899236 0.035227 0.436044
69.469651 26.959092 24791.616013 3858.313037 -0.474933 0.828299 0.297253 0.239950 0.446866 -0.861820 0.846677 0.337981 0.410982
67.781603 23.571831 -30035.215685 8881.880528 0.026349 0.964742 0.261876 0.279671 0.244392 -0.928470 0.959734 -0.097703 0.263371
52.587339 18.424730 -709.632552 9931.998716 -0.156090 0.970845 0.181921 0.254642 0.217505 -0.942257 0.954355 0.100752 0.281168
29.538275 -241.693568 7295.139444 25073.801656 0.377302 0.745368 -0.549609 -0.081781 0.617971 0.781936 -0.922472 0.250078 -0.294119
24.054285 -210.504786 1224.718058 29278.387615 0.354462 0.723246 -0.592682 0.228894 0.547442 0.804932 -0.906623 0.420979 -0.028500
37.404317 -273.516933 9366.950604 51255.006510 0.360006 0.741717 -0.565909 0.105329 0.570388 0.814594 -0.926985 0.352865 -0.127219
46.247611 -281.100671 4201.193583 34100.231528 0.221369 0.737559 -0.637967 0.006066 0.653144 0.757210 -0.975171 0.171493 -0.140111
46.004082 -288.748696 10426.407418 9373.037156 0.318302 0.761806 -0.564212 -0.328904 0.646943 0.687959 -0.889104 0.033407 -0.456484
-144.066188 -391.260419 -41339.093533 15584.146381 0.337875 0.652176 -0.678606 -0.577240 0.713073 0.397896 0.743394 0.257279 0.617392
-236.399798 -345.024441 -59526.831597 -43110.413213 0.137428 0.583061 -0.800721 -0.341822 0.786646 0.514145 0.929662 0.203046 0.307411
-209.079468 -349.254017 -56844.260458 -36953.667163 0.184045 0.636535 -0.748967 0.709548 -0.613345 -0.346914 0.680198 0.467580 0.564535
-166.952081 -486.256864 49865.575177 -149119.290569 -0.324057 -0.666342 0.671547 0.867193 -0.492936 -0.070649 0.378106 0.559466 0.737587
-231.381528 -327.872482 43270.001960 -55436.920639 0.148168 -0.698902 0.699701 0.889980 -0.214293 -0.402509 0.431256 0.682359 0.590258
47.785400 19.132152 6100.797776 -11754.404742 0.307370 0.921672 -0.236737 0.697989 -0.387461 -0.602233 0.646788 -0.019868 0.762411
43.460012 30.525127 1273.090254 -6348.040071 0.228518 0.970057 -0.082270 0.699349 -0.222359 -0.679315 0.677268 -0.097700 0.729221
49.578439 15.349369 8218.235953 -13902.179534 0.316694 0.891000 -0.325307 0.679507 -0.452400 -0.577584 0.661796 0.038131 0.748713
76.829482 -100.857387 -3606.052043 -10585.756432 0.803807 0.426263 -0.414963 0.423871 0.079052 0.902266 -0.417406 0.901139 0.117138
63.355477 -87.016205 -3276.856762 -10731.905590 0.837171 0.341505 -0.427223 0.453764 0.002428 0.891119 -0.305359 0.939877 0.152930
65.148480 -104.910814 8043.321051 -4046.917604 0.757570 0.390914 -0.522757 0.603367 -0.113782 0.789304 -0.249070 0.913367 0.322062
82.745226 -108.976408 8779.045807 -8378.242839 0.745504 0.480871 -0.461504 0.517898 0.017903 0.855255 -0.419530 0.876609 0.235695
84.150364 -100.023093 -7932.019523 -10319.686631 0.760662 0.494415 -0.420650 0.393589 0.164039 0.904533 -0.516218 0.853607 0.069818
12.569446 -7.462012 -10120.679228 -4264.811914 -0.308959 0.906561 -0.287559 -0.268509 0.206909 0.940793 -0.912385 -0.367879 -0.179494
5.669062 -1.931863 -7211.908172 -2313.142260 -0.164506 0.708699 -0.686064 -0.387402 0.593228 0.705692 -0.907115 -0.381873 -0.176962
16.274478 -5.714674 -8285.586030 -3726.743155 -0.263379 0.882352 -0.389982 -0.305681 0.307090 0.901252 -0.914981 -0.356581 -0.188837
420.530312 -289.996873 -212952.615129 -58732.986269 -0.235865 0.676091 -0.698046 0.273610 0.735455 0.619873 0.932473 -0.044786 -0.358453
184.300723 -230.111108 -88631.508368 50573.122399 -0.306948 0.650179 -0.695018 -0.194534 0.671991 0.714552 0.931633 0.354535 -0.079784
698.530574 -115.023848 -332608.993590 -25077.538852 -0.544265 0.816458 -0.192803 -0.030893 -0.249175 -0.967966 0.838345 0.520873 -0.160840
276.496771 -287.349966 -152968.173929 23081.422700 -0.238432 0.624320 -0.743892 -0.007853 0.764719 0.644317 0.971127 0.159467 -0.177431
321.101001 -45.990817 41683.410232 -10784.244294 0.934992 -0.244396 -0.257023 0.308299 0.201799 0.929639 0.175333 0.948445 -0.264028
673.744632 -515.731985 -277697.524910 -207225.920267 -0.153255 0.534619 -0.831081 0.604928 0.715776 0.348894 0.781393 -0.449274 -0.433103
345.481574 -336.709741 -151703.782266 -81927.328515 -0.041479 0.501960 -0.863896 0.430585 0.789208 0.437889 0.901596 -0.353817 -0.248872
18.818787 -48.689619 2618.722086 2178.436083 -0.373637 0.819034 -0.435405 0.193745 -0.390138 -0.900142 0.907115 0.420684 0.012913
30.029801 -41.584060 3288.649747 -415.113737 -0.340548 0.784534 -0.518202 0.164624 -0.492879 -0.854382 0.925703 0.376267 -0.038696
27.252650 -44.892498 3378.210299 6157.138601 -0.327051 0.797343 -0.507229 0.196386 -0.467683 -0.861803 0.924376 0.381466 0.003631
9.811857 -45.351618 1732.745419 -348.131784 -0.095248 0.841119 -0.532397 0.037048 -0.531463 -0.846271 0.994764 0.100330 -0.019458
9.388762 -45.962949 2201.284267 -855.229187 -0.101190 0.829006 -0.550009 0.039798 -0.549031 -0.834854 0.994071 0.106368 -0.022564
8.558014 -50.036647 1139.335501 6228.689663 -0.088796 0.837994 -0.538406 -0.078666 -0.544753 -0.834899 0.992939 0.031782 -0.114293
9.437634 -44.451534 397.255779 -5314.735377 -0.083833 0.835989 -0.542304 0.161053 -0.525698 -0.835287 0.983379 0.157364 0.090568
6.810045 -47.296913 -2727.142387 447.680869 -0.047057 0.853053 -0.519699 0.004666 -0.520082 -0.854104 0.998881 0.042617 -0.020494
3.281192 -55.796502 -3576.334591 -1992.536461 0.149458 0.882246 -0.446436 0.954455 -0.246642 -0.167880 -0.258221 -0.401012 -0.878926
0.566203 -57.120576 859.892956 -2190.098729 0.171361 0.893446 -0.415198 0.956751 -0.251470 -0.146254 -0.235080 -0.372179 -0.897898
4.121869 -58.035076 -2844.008881 81.170836 0.130370 0.887903 -0.441172 0.981301 -0.179108 -0.070492 -0.141607 -0.423732 -0.894650
0.849297 -57.673229 -1086.405611 -2447.751862 0.189623 0.879733 -0.436019 0.918489 -0.315884 -0.237896 -0.347017 -0.355368 -0.867924
1.933582 -54.827154 -3943.156848 -108.799150 0.160848 0.882572 -0.441809 0.928469 -0.287140 -0.235576 -0.334773 -0.372314 -0.865626
16.879683 -87.048824 1406.990978 -6284.906391 0.117632 0.887960 -0.444622 0.729074 -0.381215 -0.568442 0.674251 0.257296 0.692232
16.048053 -78.784774 640.407479 -4075.735419 0.119335 0.867458 -0.482987 0.741412 -0.401408 -0.537755 0.660355 0.293919 0.691045
12.425005 -99.105073 3017.717203 -16830.013818 0.093501 0.885998 -0.454165 0.671819 -0.392805 -0.627984 0.734791 0.246399 0.631958
17.360456 -78.332960 890.525383 5632.784817 0.143925 0.859529 -0.490403 0.786204 -0.400270 -0.470815 0.600973 0.317794 0.733374
14.877696 -106.524407 2269.622714 -14914.393767 0.101398 0.908715 -0.404914 0.620495 -0.375911 -0.688242 0.777628 0.181461 0.601970
17.650343 -86.693432 -661.779771 5178.778159 0.176741 0.880702 -0.439462 0.779769 -0.397742 -0.483489 0.600602 0.257227 0.757041
17.577237 -92.919366 -349.645170 -5693.366875 0.140773 0.906709 -0.397569 0.703445 -0.374177 -0.604282 0.696669 0.194601 0.690495
7.972066 -90.127093 -5870.440661 5494.416377 0.272447 0.867121 -0.416982 -0.298347 -0.335882 -0.893405 0.914747 -0.367811 -0.167193
2.023148 -94.839682 -3464.110183 4244.336131 0.265091 0.861137 -0.433785 -0.307348 -0.350949 -0.884518 0.913928 -0.367800 -0.171635
4.994940 -99.044562 -4865.962638 2132.968870 0.261339 0.866697 -0.424899 -0.086753 -0.417325 -0.904607 0.961341 -0.273270 0.033875
12.330776 -246.095228 8084.210581 -22367.459302 -0.034669 0.854319 -0.518592 0.484916 0.468109 0.738736 -0.873873 0.225862 0.430502
4.887207 -199.963666 1946.538367 -14707.822596 -0.005286 0.877961 -0.478704 0.358651 0.448526 0.818654 -0.933457 0.167361 0.317253
4.664977 -219.115243 335.350191 -12735.771401 -0.033005 0.856646 -0.514847 0.610396 0.425176 0.668313 -0.791409 0.292203 0.536926
10.236439 -203.654906 5201.933806 -23788.929961 0.005279 0.888855 -0.458158 0.120716 0.454247 0.882659 -0.992673 0.059967 0.104901
7.992794 -231.005077 3511.759917 -1054.458395 -0.051557 0.846890 -0.529264 0.766454 0.373307 0.522676 -0.640226 0.378709 0.668349
11.527552 -220.492855 4320.306652 -15960.828582 -0.030133 0.888268 -0.458336 0.179935 0.455874 0.871666 -0.983217 0.056205 0.173568
14.486639 -272.057535 4000.509619 -17186.074249 -0.054609 0.866268 -0.496585 0.484809 0.457776 0.745253 -0.872914 0.200051 0.444973
12.405187 -277.319127 6889.521803 -1993.094939 -0.054824 0.845959 -0.530422 0.756843 0.381710 0.530553 -0.651294 0.372359 0.661185
7.796633 -71.667100 881.578718 5572.547718 -0.046250 0.827814 -0.559093 0.127396 -0.550234 -0.825235 0.990773 0.109394 0.080012
8.140598 -74.585373 1909.169763 9003.497328 -0.038803 0.836874 -0.546018 0.180149 -0.531617 -0.827605 0.982874 0.130478 0.130134
7.704049 -76.058345 1404.975777 3893.303333 -0.043104 0.821821 -0.568113 0.267445 -0.538397 -0.799126 0.962609 0.186385 0.196584
5.406998 -73.569312 688.332153 3925.100534 -0.049780 0.824408 -0.563803 0.208415 -0.543501 -0.813124 0.976773 0.157982 0.144763
-8.300870 -171.638560 107.482183 7462.562805 -0.298422 0.370173 -0.879725 -0.124701 0.898701 0.420459 0.946253 0.235177 -0.222031
-6.031143 -167.515220 898.985112 6299.412847 -0.327402 0.365180 -0.871465 -0.093686 0.905207 0.414516 0.940229 0.217357 -0.262154
-6.890529 -160.218016 236.836692 11956.744775 -0.307826 0.377819 -0.873210 -0.341052 0.812968 0.471981 0.888216 0.443098 -0.121397
-7.218742 -165.890360 -245.034703 12263.151629 -0.280547 0.379707 -0.881542 -0.367986 0.805700 0.464149 0.886499 0.454610 -0.086310
-8.243121 -176.381917 962.987620 10985.878155 -0.283482 0.366313 -0.886257 -0.129241 0.901145 0.413806 0.950229 0.231847 -0.208116
60.391375 -71.601356 21333.205116 1823.254457 0.538848 0.726526 -0.426383 -0.164550 0.587178 0.792556 -0.826176 0.356906 -0.435949
45.589348 -81.136219 4996.408358 3136.133657 0.554554 0.705084 -0.441958 -0.208665 0.631961 0.746381 -0.805561 0.321687 -0.497583
48.262100 -72.432274 5366.147268 -611.608008 0.553276 0.731489 -0.398510 -0.142738 0.554582 0.819796 -0.820677 0.396691 -0.411248
23.208652 -44.456473 2002.505843 -3434.625964 -0.166297 -0.830298 0.531931 0.928862 0.049176 0.367148 -0.331001 0.555146 0.763054
23.651424 -42.578484 1671.654105 -417.332444 -0.164059 -0.816434 0.553642 0.908049 0.094284 0.408115 -0.385399 0.569689 0.725894
25.825690 -44.878619 -687.541696 -3206.176371 -0.223185 -0.796143 0.562445 0.917096 0.024038 0.397941 -0.330338 0.604630 0.724775
19.240502 -41.878571 5873.878122 -2989.318101 -0.117107 -0.859646 0.497288 0.920450 0.094069 0.379372 -0.372905 0.502156 0.780245
15.203709 -44.481497 5713.796023 -2189.328011 -0.137902 -0.859835 0.491596 0.952912 0.020162 0.302574 -0.270075 0.510174 0.816567
-6.093640 -46.730628 -1077.255341 1667.523780 0.104542 0.884988 -0.453726 0.993559 -0.112993 0.008532 -0.043717 -0.451695 -0.891101
-9.039493 -51.856504 -227.343703 2566.172737 0.133662 0.888419 -0.439142 0.982915 -0.175421 -0.055720 -0.126538 -0.424191 -0.896688
-8.146701 -48.393676 -337.049745 2737.095161 0.157783 0.887432 -0.433092 0.986391 -0.162180 0.027043 -0.046240 -0.431465 -0.900944
-2.104245 -101.821793 -2296.637978 -33.253353 0.021198 0.822802 -0.567932 -0.709289 -0.387968 -0.588550 0.704599 -0.415304 -0.575380
-7.653538 -110.009107 -2570.862228 -1875.687821 0.038185 0.832408 -0.552846 -0.769360 -0.328560 -0.547845 0.637674 -0.446256 -0.627875
-5.893237 -106.263625 -1265.319371 -4269.837945 0.011882 0.826275 -0.563141 -0.619222 -0.436119 -0.652966 0.785126 -0.356468 -0.506466
-5.164629 -189.207979 -146.372039 34911.177886 -0.260442 0.532391 -0.805438 -0.096830 0.815618 0.570431 0.960622 0.226554 -0.160870
-4.271066 -178.444898 -2156.581989 31101.578033 -0.236400 0.533776 -0.811910 -0.084155 0.821207 0.564391 0.968005 0.201749 -0.149213
-5.143491 -200.021303 -1760.565347 28702.139812 -0.251932 0.541807 -0.801858 0.130753 0.840043 0.526527 0.958871 0.027803 -0.282477
-5.272305 -216.133341 628.696107 27218.026128 -0.267024 0.539222 -0.798711 0.210405 0.841430 0.497720 0.940440 -0.035150 -0.338136
-2.596550 -12.014643 1515.301394 4534.937023 -0.379367 0.717484 0.584206 0.087378 -0.600803 0.794608 -0.921111 -0.352495 -0.165232
4.667094 -14.839610 -8376.295768 -4056.625508 -0.359154 0.930612 -0.070498 -0.164061 0.011406 0.986384 -0.918745 -0.365830 -0.148581
3.297747 -18.927917 -1435.211753 -2313.118507 -0.386829 0.903544 0.184313 -0.059939 -0.224086 0.972724 -0.920202 -0.365230 -0.140841
10.208006 -25.929439 5565.849807 161.702996 -0.380196 0.853025 0.357490 0.003638 -0.385133 0.922854 -0.924899 -0.352166 -0.143323
2.670615 -22.941468 5451.069226 4187.716026 -0.367876 0.700644 0.611363 0.075005 -0.632968 0.770536 -0.926845 -0.329318 -0.180302
-11.171245 -150.226401 -1199.945164 7891.311450 0.135893 -0.429860 0.892610 0.990207 0.029849 -0.136377 0.031980 0.902402 0.429707
-9.674219 -148.321816 -1324.892596 14274.348478 0.107070 -0.442303 0.890452 0.991534 0.113676 -0.062760 -0.073465 0.889633 0.450729
-12.351528 -135.983179 -723.252063 2027.422428 0.130189 -0.449928 0.883525 0.986171 -0.033409 -0.162328 0.102554 0.892440 0.439356
16.795965 -656.364398 15661.595917 280200.724615 0.235425 0.143931 0.961176 -0.456848 0.889290 -0.021268 -0.857826 -0.434105 0.275115
56.567290 -695.337029 10966.053097 167164.235446 0.226740 0.046717 0.972834 -0.648989 0.752033 0.115147 -0.726224 -0.657468 0.200835
-5.155855 -1132.098621 24484.377615 660447.814824 0.190975 0.168874 0.966959 -0.312090 0.944420 -0.103300 -0.930660 -0.282051 0.233064
18.220900 -332.367898 11101.393695 103003.074681 0.188173 0.148019 0.970918 -0.171032 0.978411 -0.116014 -0.967129 -0.144227 0.209427
-17.677396 -958.728451 -10231.989455 423929.458489 0.254685 -0.055565 0.965426 -0.116753 0.989278 0.087738 -0.959950 -0.135062 0.245467
0.868894 -100.436656 -751.113091 -5543.912433 0.207232 -0.336954 0.918432 0.882269 -0.341249 -0.324270 0.422678 0.877503 0.226566
1.488631 -95.931412 518.880271 -3990.392632 0.204438 -0.348471 0.914753 0.906382 -0.285546 -0.311344 0.369699 0.892766 0.257471
2.259355 -91.928111 261.832936 279.456930 0.184497 -0.339747 0.922244 0.947005 -0.189597 -0.259296 0.262950 0.921208 0.286762
0.753263 -91.942482 -1155.626146 -4676.543875 0.192646 -0.329751 0.924203 0.914757 -0.280499 -0.290757 0.355116 0.901435 0.247605
1.999556 -86.519377 -609.213658 -361.833437 0.156633 -0.330827 0.930602 0.960861 -0.166949 -0.221077 0.228501 0.928806 0.291729
-0.232877 -40.691979 -2585.619094 -181.315728 0.373653 -0.847448 0.377113 0.795611 0.083806 -0.599983 0.476851 0.524221 0.705553
-3.783331 -40.336860 -3595.169542 -1910.509191 0.406495 -0.843619 0.350811 0.758934 0.097992 -0.643752 0.508705 0.527924 0.680085
-0.448979 -43.403434 -4319.178698 -1880.634400 0.433376 -0.834502 0.340282 0.721468 0.094988 -0.685901 0.540063 0.542756 0.643232
-3.412518 -37.552101 -1693.687814 -956.572090 0.346604 -0.856082 0.383391 0.827864 0.087011 -0.554139 0.441029 0.509462 0.738878
-1.471881 -40.605514 -414.044241 2187.600719 0.259178 -0.866442 0.426737 0.878904 0.028393 -0.476153 0.400443 0.498469 0.768878
-17.591346 -98.891858 -1348.565253 -4803.989090 -0.075651 0.927902 -0.365067 -0.766979 -0.288108 -0.573356 0.637197 -0.236624 -0.733477
-16.918161 -90.121336 -2535.536807 -2764.102643 -0.073559 0.920981 -0.382601 -0.621276 -0.342421 -0.704815 0.780132 -0.185855 -0.597371
-18.319680 -90.463348 -293.789874 -3252.275194 -0.072375 0.918913 -0.387764 -0.693243 -0.325863 -0.642828 0.717061 -0.222290 -0.660614
-18.097977 -95.715524 -391.979013 -5272.060761 -0.061053 0.924564 -0.376103 -0.799333 -0.270957 -0.536330 0.597779 -0.267886 -0.755577
-18.623892 -94.671843 6.603335 -5945.729432 -0.041334 0.914239 -0.403061 -0.780406 -0.281443 -0.558351 0.623905 -0.291473 -0.725111
31.816059 -54.098406 -15024.215800 3236.979170 -0.115231 0.878815 -0.463040 0.977974 0.018699 -0.207886 -0.174035 -0.476796 -0.861613
108.598105 -55.397073 -43656.000468 -360.754962 -0.182653 0.873553 -0.451157 0.960618 0.060828 -0.271132 -0.209406 -0.482913 -0.850261
31.672594 -57.459946 -20720.141447 1109.894282 -0.145078 0.869395 -0.472339 0.943353 -0.022429 -0.331032 -0.298392 -0.493608 -0.816892
-292.884281 -355.368538 -100137.877395 -93110.260817 0.173082 0.776033 -0.606478 -0.018174 -0.613151 -0.789757 0.984740 -0.147715 0.092021
-243.921473 -398.199146 -80180.580187 -61038.251990 0.213456 0.642329 -0.736104 -0.439900 -0.609571 -0.659478 0.872310 -0.464581 -0.152444
-286.567234 -329.844915 -29982.053742 -7391.002644 -0.011172 0.952996 -0.302777 -0.297174 -0.292279 -0.908989 0.954758 -0.079822 -0.286472
-1.466758 -53.258287 -294.167332 -2305.925567 -0.065024 0.755631 -0.651762 0.539567 0.576054 0.614027 -0.839428 0.311743 0.445171
-3.492151 -56.541952 -1036.556578 843.801748 -0.083053 0.755216 -0.650193 0.479847 0.602137 0.638105 -0.873412 0.258997 0.412397
5.253795 -54.095309 -3091.321530 -3911.138881 -0.082372 0.763218 -0.640869 0.481399 0.593528 0.644965 -0.872623 0.255386 0.416302
-4.993628 -55.726214 412.664371 3116.398302 -0.043266 0.781293 -0.622663 0.534096 0.544799 0.646480 -0.844316 0.304591 0.440856
5.856540 -54.000455 -3144.781044 919.144187 -0.078450 0.770781 -0.632251 0.608500 0.539382 0.582061 -0.789666 0.339063 0.511335
-3.503962 -51.372645 815.993609 -2181.026206 -0.020058 0.784030 -0.620399 0.582378 0.513545 0.630165 -0.812671 0.348667 0.466902
-53.098316 -86.021738 -35.475229 7995.806846 0.376191 0.312098 -0.872396 0.740251 -0.667505 0.080410 -0.557233 -0.676041 -0.482140
-46.852434 -78.326585 -348.219930 7756.712882 0.190251 0.365829 -0.911029 0.817080 -0.573432 -0.059633 -0.544228 -0.733039 -0.408008
-42.277403 -63.970196 -725.554409 5576.380145 0.040453 0.446988 -0.893625 0.901561 -0.401894 -0.160214 -0.430757 -0.799176 -0.419245
52.798057 -116.639542 12171.060327 -4015.389031 0.778629 0.405950 -0.478478 -0.534449 0.029496 -0.844686 0.328787 -0.913419 -0.239926
75.839449 -119.203733 15678.820259 877.609874 0.819816 0.325455 -0.471148 -0.474442 -0.074651 -0.877116 0.320634 -0.942606 -0.093209
38.313933 -118.680713 7618.942918 -7436.200275 0.736529 0.460715 -0.495244 -0.544154 -0.031317 -0.838401 0.401774 -0.886995 -0.227634
-7.190892 -42.013047 607.151242 41210.176602 0.955354 0.205646 -0.212151 -0.295065 0.626774 -0.721173 0.015335 -0.751574 -0.659470
-25.707387 -141.032381 14693.804551 100339.903618 0.730273 0.534989 -0.424839 -0.680232 0.511971 -0.524566 0.063132 -0.672066 -0.737795
-56.516411 -246.492034 17668.414144 -113035.007176 0.523982 0.549221 -0.650998 0.850657 -0.299119 0.432331 0.042719 -0.780310 -0.623932
8.554279 -20.246188 -131.556393 -1563.022870 -0.601062 0.681366 0.417691 0.159912 -0.409532 0.898171 -0.783041 -0.606650 -0.137196
11.600412 -20.263909 1395.232389 -1238.001913 -0.587278 0.771168 0.245772 0.061992 -0.259904 0.963642 -0.807007 -0.581162 -0.104830
85.667786 -42.791192 7906.070251 6579.892509 0.732890 0.025478 -0.679870 -0.481555 0.725336 -0.491928 -0.480601 -0.687924 -0.543860
75.120979 -53.253946 18982.350017 5207.513517 0.780501 0.174894 -0.600192 -0.506788 0.739148 -0.443652 -0.366038 -0.650440 -0.665540
84.363181 -93.595242 -14177.908589 7255.911333 0.872921 -0.301819 -0.383294 -0.377411 0.080075 -0.922577 -0.309143 -0.949997 0.044010
90.119706 -107.844219 -9786.987244 8351.719042 0.903244 -0.172431 -0.392961 -0.392291 0.039412 -0.918997 -0.173951 -0.984233 0.032045
94.286265 -127.393632 -17203.823654 10594.238347 0.908606 -0.228026 -0.349914 -0.393178 -0.184398 -0.900782 -0.140878 -0.956034 0.257200
-28.187585 -43.512543 -696.502942 1194.115483 0.200921 -0.184766 -0.962025 -0.271979 0.932921 -0.235980 0.941094 0.309064 0.137191
-30.486502 -45.742122 1533.728184 -1912.814434 0.201552 -0.201823 -0.958459 -0.319854 0.911334 -0.259161 0.925781 0.358801 0.119127
-31.059886 -44.077647 683.520779 -732.907519 0.218211 -0.148902 -0.964475 -0.284246 0.935744 -0.208776 0.933589 0.319705 0.161865
-28.678966 -41.308951 -1017.303015 1321.011017 0.237183 -0.172895 -0.955956 -0.212449 0.950985 -0.224707 0.947950 0.256388 0.188826
-32.152169 -43.103171 840.248805 -667.774547 0.234539 -0.083998 -0.968471 -0.255464 0.955917 -0.144776 0.937939 0.281365 0.202741
36.168495 -45.741250 3049.551276 783.252174 0.492648 0.654061 -0.574022 0.833155 -0.164018 0.528158 0.251297 -0.738446 -0.625738
29.365434 -50.559988 117.294504 -1235.285260 0.446307 0.646550 -0.618695 0.846500 -0.080778 0.526224 0.290254 -0.758583 -0.583357
21.160041 -48.728555 9224.316977 -2566.697028 0.429196 0.707647 -0.561272 0.827388 -0.058810 0.558544 0.362243 -0.704114 -0.610740
4.707926 -55.071439 -1340.507755 3477.546121 -0.046051 0.646506 -0.761518 0.863166 0.409470 0.295430 0.502816 -0.643711 -0.576899
2.399047 -58.944289 -160.574343 1715.476725 -0.039462 0.658231 -0.751781 0.881504 0.377216 0.284004 0.470524 -0.651491 -0.595119
1.644333 -62.069798 -749.557136 -877.668061 -0.070002 0.637518 -0.767249 0.845666 0.445878 0.293330 0.529102 -0.628302 -0.570339
4.229885 -59.182756 -2110.403580 -900.282594 -0.054054 0.637278 -0.768736 0.842263 0.442618 0.307704 0.536350 -0.630846 -0.560680
2.616521 -58.210057 -2315.456855 -4327.239246 -0.065442 0.623630 -0.778976 0.801954 0.497407 0.330840 0.593790 -0.603052 -0.532674
-27.352215 -113.593134 -3155.903391 15274.955295 -0.642303 -0.549038 0.534794 0.127129 0.611772 0.780751 -0.755834 0.569467 -0.323144
-27.055435 -135.559380 -5503.540125 7564.399124 -0.646620 -0.539301 0.539479 -0.036922 0.728522 0.684027 -0.761919 0.422386 -0.490988
-25.274211 -109.434336 -2687.625204 14527.468584 0.644079 0.588642 -0.488532 0.090314 0.575657 0.812689 -0.759609 0.567557 -0.317606
-22.480175 -85.792503 1975.357687 23264.323571 0.649746 0.576325 -0.495661 0.285789 0.419010 0.861832 -0.704383 0.701626 -0.107543
0.734620 -136.821308 -1630.488862 5970.067917 -0.481845 -0.560717 0.673366 0.870889 -0.221519 0.438727 -0.096839 0.797826 0.595060
1.181540 -127.152470 -2060.932957 3343.835552 -0.452073 -0.571133 0.685155 0.886650 -0.371589 0.275271 0.097380 0.731935 0.674380
9.015746 -130.930058 5082.621082 -10523.767589 0.552500 0.572091 -0.606181 0.357820 0.494044 0.792392 -0.752800 0.654701 -0.068254
12.675488 -150.242866 2254.056846 -14769.878280 0.519047 0.590869 -0.617628 0.463822 0.412242 0.784172 -0.717955 0.693491 0.060085
15.610792 -20.798245 3716.426336 2628.503783 -0.672469 0.707461 0.217447 0.566055 0.680895 -0.464719 0.476830 0.189422 0.858343
12.706147 -28.164518 3835.265515 4409.327030 -0.673328 0.705493 0.221153 0.581701 0.690134 -0.430511 0.456347 0.161230 0.875073
