12497
24985
-65.128733 -101.505032 -2074.482336 20639.297649 0.986671 0.142016 0.079447 0.000013 -0.488292 0.872680 -0.162728 0.861047 0.481785
-78.718543 -117.030582 35.618804 17385.056165 0.988735 0.023312 0.147850 -0.128170 -0.378278 0.916776 -0.077300 0.925398 0.371029
-85.025109 -131.017419 -1440.228269 20253.819300 0.944672 0.233270 -0.230606 0.286035 -0.241709 0.927233 -0.160556 0.941893 0.295059
-64.644063 -98.076321 889.352140 17330.054739 0.907773 -0.153206 0.390481 -0.414537 -0.469879 0.779341 -0.064079 0.869334 0.490053
-52.718614 -128.307968 -11924.016396 34076.250960 0.923695 0.336500 -0.183181 0.312694 -0.385863 0.867947 -0.221381 0.858998 0.461641
-44.353347 -84.829822 -10830.340138 21194.794861 0.965405 0.256052 0.049300 0.111890 -0.577561 0.808644 -0.235528 0.775153 0.586230
-52.664433 -76.942064 -720.776132 11195.192393 0.902331 -0.123808 0.412880 -0.405562 -0.568307 0.715923 -0.146006 0.813448 0.563013
5.483634 -56.455058 3010.982684 -7263.595440 0.943535 0.310713 0.114886 -0.306537 0.687407 0.658412 -0.125604 0.656451 -0.743838
3.547479 -38.710199 920.242645 -3903.641342 0.970300 0.238632 0.039653 -0.214228 0.771529 0.599041 -0.112357 0.589744 -0.799736
-1.766611 -51.875619 3268.553489 -5217.098248 0.969420 0.239434 0.053817 -0.218956 0.744844 0.630290 -0.110828 0.622800 -0.774492
1.850321 -62.229570 3032.249055 -7805.300292 0.951996 0.291352 0.093905 -0.274053 0.674531 0.685495 -0.136379 0.678323 -0.721996
-7.340360 -46.589846 4741.394786 -5046.375580 0.988087 0.153325 -0.013246 -0.116756 0.802920 0.584540 -0.100260 0.576030 -0.811256
-12.395051 -56.390070 5739.985853 -6255.747711 0.982393 0.186772 0.004542 -0.147932 0.762794 0.629493 -0.114107 0.619081 -0.776993
-6.802981 -65.286914 6054.259008 -6784.301519 0.965787 0.250856 0.065772 -0.225466 0.686886 0.690907 -0.128141 0.682098 -0.719946
-23.035867 -91.857180 -1665.519423 11727.436717 0.892225 -0.105684 0.439051 -0.141985 0.857276 0.494892 0.428690 0.503894 -0.749877
-25.212818 -105.143257 -2364.327515 -5798.685728 0.887679 -0.080754 0.453326 -0.185382 0.838513 0.512376 0.421496 0.538864 -0.729360
-29.664644 -91.953509 2963.531060 1611.523098 -0.872850 0.124808 -0.471757 -0.100424 0.900107 0.423938 0.477543 0.417410 -0.773125
-20.478524 -102.855241 -2297.192905 -3056.777539 0.903767 -0.052626 0.424777 -0.188417 0.842172 0.505218 0.384323 0.536635 -0.751212
-18.687287 -102.545625 -2423.635483 7696.431428 0.909612 -0.042677 0.413261 -0.167668 0.872398 0.459139 0.380123 0.486929 -0.786388
49.949615 -105.566821 -12754.755136 -12088.809266 0.775890 -0.169486 0.607676 0.029041 0.971811 0.233967 -0.630200 -0.163886 0.758940
33.756009 -108.390351 -9971.490421 -5777.947387 0.758319 -0.154298 0.633360 0.126183 0.987952 0.089606 -0.639555 0.011970 0.768652
50.235779 -118.532765 -10534.862027 -4910.621364 0.811866 -0.098526 0.575471 0.114987 0.993336 0.007848 -0.572409 0.059800 0.817785
27.335034 -102.602334 -10808.384933 -9340.475088 0.734300 -0.187526 0.652409 0.038897 0.971130 0.235359 -0.677709 -0.147448 0.720395
65.565950 -115.007364 -8329.151111 -11186.085425 0.850910 -0.117801 0.511933 0.011698 0.978539 0.205727 -0.525182 -0.169067 0.834027
63.030665 -109.714378 -11980.720283 -5705.958686 0.823027 -0.157117 0.545840 -0.050464 0.936955 0.345787 -0.565757 -0.312137 0.763210
42.784559 -104.328202 -15184.097322 -2622.473084 0.749939 -0.194104 0.632389 -0.041430 0.940323 0.337752 -0.660208 -0.279493 0.697143
-1.767225 -236.851000 -3173.188860 -22033.217983 0.877574 0.475339 0.062590 -0.312643 0.468392 0.826355 -0.363482 0.744756 -0.559660
1.045079 -226.005817 2518.001046 -14503.025378 0.887637 0.451537 0.090640 -0.264727 0.339199 0.902698 -0.376857 0.825263 -0.420620
-1.686810 -213.262465 811.713362 -29027.170030 0.891944 0.448316 0.058717 -0.341964 0.583921 0.736273 -0.295797 0.676793 -0.674133
-0.562654 -217.863461 -2460.158407 -28602.636036 0.891480 0.451390 0.038874 -0.369125 0.673890 0.640014 -0.262699 0.584909 -0.767379
-5.984878 -114.542961 -2628.129851 -13989.585623 -0.939114 0.109942 -0.325543 0.192153 0.953472 -0.232309 0.284855 -0.280719 -0.916545
-5.487858 -115.415180 -2723.227974 -9156.840909 -0.938088 0.091645 -0.334054 0.153198 0.974691 -0.162813 0.310678 -0.203909 -0.928386
-6.618759 -103.670282 5349.371595 -14873.901504 0.935735 -0.096277 0.339309 0.223455 0.906145 -0.359123 0.272888 -0.411865 -0.869425
-7.296095 -101.130161 512.195105 -14837.486435 0.941770 -0.125831 0.311828 0.243398 0.894931 -0.373973 0.232007 -0.428095 -0.873446
92.175778 -83.393410 6797.374568 -3758.209338 -0.786700 -0.302995 0.537864 0.126861 0.773325 0.621188 -0.604161 0.556922 -0.569936
116.319240 -77.129338 7440.209455 7885.006758 0.814789 0.116113 -0.568011 0.359660 0.667191 0.652305 -0.454712 0.735782 -0.501859
125.374571 -90.306344 -28802.008295 6198.732337 0.709811 0.278893 -0.646829 0.336564 0.672393 0.659251 -0.618784 0.685643 -0.383407
87.294123 -56.285246 29792.079213 2553.618147 0.911837 -0.017072 -0.410198 0.295650 0.720547 0.627218 -0.284859 0.693196 -0.662069
82.866647 -105.921783 31560.268749 -1509.332594 -0.663377 -0.521241 0.536878 -0.112319 0.778711 0.617247 -0.739808 0.349166 -0.575124
86.616627 -75.998354 2723.997620 -7984.863949 -0.817422 -0.367476 0.443601 -0.060853 0.820868 0.567867 -0.572815 0.437193 -0.693358
84.510228 -54.084121 27490.758288 -12424.600836 0.925121 0.134581 -0.355019 0.076193 0.850238 0.520854 -0.371948 0.508903 -0.776319
-6.904188 -207.676478 -5113.621137 2756.636883 0.971496 -0.042202 -0.233270 0.235551 0.282582 0.929873 -0.026676 0.958314 -0.284468
1.231623 -212.703150 -5484.779214 3478.236606 0.971700 -0.031282 -0.234136 0.214850 0.528983 0.820985 -0.098172 0.848056 -0.520734
-0.288734 -202.068926 -7239.206859 1056.847247 0.978571 -0.014899 -0.205369 0.198135 0.339605 0.919462 -0.056045 0.940450 -0.335280
-4.982042 -191.445790 -5214.700175 4419.421623 0.980570 -0.023373 -0.194772 0.196148 0.102387 0.975214 0.002852 0.994470 -0.104983
-14.271960 -194.329901 -3250.064262 8263.492921 0.974954 -0.054273 -0.215685 0.215709 -0.005483 0.976442 0.054177 0.998511 -0.006361
-17.841134 -198.363653 -3664.101716 6382.523591 0.963973 -0.073908 -0.255525 0.265266 0.195846 0.944075 0.019731 0.977846 -0.208395
-6.053229 -189.073333 -343.528416 1155.468780 0.914567 0.309480 0.260363 0.355380 -0.922268 -0.152076 -0.193060 -0.231611 0.953459
-3.723727 -191.573463 1308.921509 9898.416684 0.927511 0.281369 0.246081 0.363056 -0.834785 -0.413914 -0.088962 -0.473251 0.876424
-4.259858 -183.927497 -2276.379684 9816.031612 0.930042 0.263769 0.255828 0.354300 -0.828327 -0.433989 -0.097436 -0.494268 0.863832
-7.929479 -169.388252 -2076.559403 4827.704879 0.925799 0.283879 0.249615 0.352146 -0.887750 -0.296468 -0.137435 -0.362371 0.921845
-8.565827 -164.332918 -3652.522659 5464.306810 0.936146 0.253141 0.244029 0.344090 -0.802343 -0.487696 -0.072339 -0.540523 0.838214
5.603794 -144.221053 3658.954360 4970.724255 0.976209 -0.189569 -0.105263 -0.108528 -0.847444 0.519674 0.187718 0.495886 0.847856
0.785062 -155.818455 -2203.426994 10030.775674 0.982218 -0.179613 -0.054652 -0.126651 -0.848791 0.513336 0.138590 0.497286 0.856446
3.433436 -145.241633 2002.072426 851.524277 0.976991 -0.194786 -0.086868 -0.150729 -0.918756 0.364923 0.150892 0.343433 0.926977
5.571818 -150.667438 3084.722557 3185.134743 0.980554 -0.167128 -0.102867 -0.102838 -0.884024 0.455989 0.167145 0.436544 0.884020
19.982715 -224.888776 -1279.566820 9938.824345 0.922991 -0.378089 -0.071670 -0.341444 -0.718719 -0.605689 -0.177494 -0.583517 0.792467
13.212721 -252.253181 -9514.635087 1531.249163 0.925591 -0.378343 -0.011776 -0.297927 -0.708964 -0.639226 -0.233497 -0.595170 0.768929
21.822524 -235.256320 -8246.856408 -35109.321262 0.922949 -0.383411 -0.034081 -0.374112 -0.872666 -0.313837 -0.090587 -0.302405 0.948865
-42.263786 -188.300756 -5905.873540 7145.819980 0.909744 -0.252027 -0.329920 0.347848 0.028894 0.937106 0.226643 0.967289 -0.113954
-42.212871 -174.968337 -4999.682055 13416.799830 0.924015 -0.231734 -0.304129 0.252771 -0.226580 0.940621 0.286884 0.946024 0.150787
-46.928075 -174.354421 -1976.152247 10438.969632 0.893000 -0.339978 -0.294900 0.282934 -0.085491 0.955322 0.350000 0.936539 -0.019848
-45.893356 -180.748083 -6305.960823 3488.718372 0.889688 -0.320117 -0.325545 0.385672 0.145311 0.911121 0.244360 0.936167 -0.252742
-45.468928 -171.874331 52.206382 14589.069402 0.875414 -0.409392 -0.256998 0.190385 -0.196673 0.961807 0.444301 0.890908 0.094229
-52.551797 -183.380155 -2662.879949 3830.158901 0.868709 -0.417961 -0.265807 0.336768 0.104865 0.935730 0.363225 0.902392 -0.231853
370.113807 -6116.374383 426054.378638 -3016367.056836 0.368088 -0.081547 0.926208 -0.000267 0.996137 0.087810 -0.929791 -0.032569 0.366645
399.301687 -930.313895 -13632.434793 341590.589814 -0.042526 0.173907 -0.983843 0.804020 -0.578598 -0.137028 -0.593080 -0.796857 -0.115219
-29.528621 -209.923798 -57226.662561 101847.650540 0.225451 -0.487258 0.843654 -0.624284 0.592557 0.509064 -0.747958 -0.641448 -0.170595
568.684335 -4976.292413 -181668.750062 -2387607.240488 -0.602833 -0.036506 0.797032 0.019541 0.997977 0.060490 -0.797628 0.052041 -0.600901
77.672600 -257.367018 10262.980010 -101247.674394 0.667086 -0.081588 -0.740500 -0.522970 0.656617 -0.543467 -0.530565 -0.749798 -0.395352
-286.378842 -16886.853823 -17747363.679710 37850008.828819 -0.169879 -0.348246 0.921882 0.272930 0.882259 0.383572 -0.946916 0.316770 -0.054830
20506.010311 -39531.712124 22148628.690192 -167880224.829171 -0.739891 -0.134817 0.659080 0.156448 0.918370 0.363485 -0.654283 0.372050 -0.658401
-1199.324300 -10893.575279 584248.756729 -6170143.671091 0.694897 -0.711882 0.101694 0.423567 0.290910 -0.857882 -0.581127 -0.639214 -0.503683
-4732.123942 -24004.859147 2894489.949818 26501485.470924 0.792336 -0.489257 0.364460 0.541102 0.287627 -0.790240 -0.281802 -0.823346 -0.492635
-1252.278550 -22134.975942 608552.399795 21951740.132299 0.772530 -0.335015 0.539409 0.106920 0.905994 0.409564 -0.625911 -0.258727 0.735728
33.715372 11.628840 9429.806237 -1688.068429 -0.232560 0.870310 0.434138 0.582490 0.482102 -0.654433 0.778859 -0.100686 0.619065
26.905118 7.767667 9628.324569 -4861.782054 -0.212555 0.899682 0.381303 0.616770 0.426192 -0.661782 0.757902 -0.094511 0.645486
41.128693 13.092021 4253.390792 -4754.249033 -0.125296 0.899766 0.417998 0.615472 0.400941 -0.678558 0.778136 -0.172245 0.604017
34.554820 7.737410 2520.219524 -5190.437076 -0.148439 0.880630 0.449953 0.617796 0.437860 -0.653152 0.772201 -0.181026 0.609045
38.303918 12.114257 -4323.228580 -6631.512981 -0.106411 0.852838 0.511217 0.613282 0.460987 -0.641386 0.782663 -0.245270 0.572085
-13.344650 -948.721199 -3967.784519 -468285.651258 -0.477651 0.822209 -0.309550 0.228190 -0.224143 -0.947465 0.848398 0.523194 0.080558
-7.307144 -413.635997 -3407.138223 -175934.928058 -0.459436 0.836371 -0.299000 0.266486 -0.191326 -0.944658 0.847292 0.513690 0.134979
-4.092014 -430.185161 -5141.177384 -207281.741480 -0.456816 0.849003 -0.265542 0.439444 -0.044163 -0.897184 0.773439 0.526539 0.352915
89.501460 -1029.549217 19163.387908 -598101.654619 -0.476193 0.853161 -0.212971 0.455719 0.032308 -0.889537 0.752037 0.520646 0.404187
29.203445 -476.415719 -12405.647556 -176170.374750 -0.442146 0.850796 -0.283995 0.311015 -0.151555 -0.938244 0.841295 0.503167 0.197601
31.149778 -528.591174 -12163.600720 -162093.596989 -0.439985 0.842211 -0.311599 -0.054848 -0.371546 -0.926793 0.896329 0.390684 -0.209668
-55.330129 -95.683810 -15768.509941 8150.608138 0.994080 -0.108585 -0.003747 0.027326 0.283246 -0.958658 -0.105157 -0.952880 -0.284537
-12.532899 -98.113965 -35377.329496 12474.629132 0.961396 -0.269833 0.053931 0.126874 0.260764 -0.957029 -0.244175 -0.926926 -0.284932
-41.254452 -83.895011 -25520.833715 8896.699266 0.976791 -0.208376 0.049593 0.123467 0.358544 -0.925312 -0.175032 -0.909959 -0.375950
-45.371666 -106.833586 -23029.014498 9807.844577 0.983317 -0.171722 0.059998 0.084132 0.136908 -0.987005 -0.161276 -0.975586 -0.149071
-63.783941 -81.728322 -6879.711641 7446.044144 0.999679 -0.022804 -0.011048 -0.001050 0.398335 -0.917240 -0.025318 -0.916957 -0.398183
-69.209139 -101.798759 -4154.219575 5065.952312 0.996080 0.011014 -0.087769 -0.088395 0.161237 -0.982949 -0.003325 -0.986854 -0.161579
-69.993575 -96.934146 847.493900 5307.473930 0.970817 0.129592 -0.201795 -0.228754 0.247699 -0.941444 0.072019 -0.960131 -0.270115
-9.978036 -82.033946 -1932.034283 4433.143665 0.882067 -0.124881 -0.454271 -0.467657 -0.115333 -0.876354 -0.057047 -0.985446 0.160133
-11.587438 -72.114446 -4380.318499 15875.124189 0.856571 -0.141593 -0.496223 -0.486871 0.096912 -0.868081 -0.171005 -0.985170 -0.014074
-13.333167 -80.686679 -3726.651325 3762.053135 0.865207 -0.122381 -0.486250 -0.495359 -0.058370 -0.866725 -0.077688 -0.990765 0.111125
-15.412479 -77.327952 -201.066242 883.991993 0.870274 -0.064106 -0.488379 -0.491563 -0.049724 -0.869421 -0.031451 -0.996703 0.074786
-12.627938 -87.155914 266.465033 -6922.455486 0.879800 -0.081329 -0.468334 -0.474232 -0.217497 -0.853111 0.032479 -0.972667 0.229923
22.466231 -87.417990 -8982.958133 10668.906587 0.770267 0.301666 -0.561860 -0.388403 0.920700 -0.038141 0.505798 0.247607 0.826353
6.454761 -86.014816 -3754.938209 -10533.984023 0.791510 0.274141 -0.546221 -0.342934 0.939009 -0.025657 0.505873 0.207626 0.837248
11.129021 -89.378909 -11786.495218 -14855.640045 0.783940 0.325226 -0.528835 -0.415534 0.907743 -0.057734 0.461270 0.265009 0.846759
9.237605 -118.229691 -16125.993252 -26958.782918 0.815591 0.293964 -0.498394 -0.425035 0.888821 -0.171298 0.392628 0.351544 0.849859
26.320946 -96.146372 -19401.159530 -3743.226936 0.782599 0.322671 -0.532374 -0.436380 0.894246 -0.099485 0.443973 0.310174 0.840643
11.650956 -156.428410 -7248.528040 12298.303134 -0.649375 -0.092855 0.754778 0.701465 -0.456456 0.547352 0.293699 0.884888 0.361546
-1.108721 -158.327749 4719.377258 10051.308277 0.700416 0.061635 -0.711068 0.646558 -0.476743 0.595549 0.302290 0.876879 0.373769
0.588854 -140.916386 6286.597499 7107.933212 0.658262 0.086574 -0.747794 0.609792 -0.643801 0.462248 0.441412 0.760280 0.476582
-17.771445 -70.679078 -268.896924 -8155.699541 -0.871431 -0.088387 0.482488 0.020501 0.976209 0.215859 -0.490089 0.197998 -0.848887
-18.182438 -70.696194 -1253.570320 -5894.708342 -0.861614 -0.121177 0.492887 0.016980 0.963658 0.266600 -0.507281 0.238075 -0.828243
-6.714000 -72.490007 -4107.033817 -8399.714155 -0.874243 -0.163632 0.457082 -0.016205 0.950799 0.309384 -0.485218 0.263070 -0.833881
-5.869278 -66.205987 -3530.839846 -4640.055025 -0.880469 -0.192734 0.433160 -0.095768 0.967108 0.235649 -0.464330 0.165999 -0.869967
-17.779500 -58.155668 -2210.001913 6237.987393 0.803516 0.361915 -0.472630 0.062200 0.738569 0.671303 0.592024 -0.568800 0.570941
-17.431084 -65.201768 -2066.797003 -5485.129597 0.807431 0.326446 -0.491415 -0.143274 -0.699522 -0.700101 0.572301 -0.635690 0.518045
-21.566194 -64.347582 -1262.025417 -4097.519074 0.787908 0.396189 -0.471419 -0.109775 -0.662918 -0.740600 0.605930 -0.635274 0.478827
-21.134900 -57.439918 -2384.807170 5345.666531 0.787258 0.414379 -0.456634 0.025078 0.718410 0.695167 0.616114 -0.558727 0.555182
-18.620896 -47.834581 -3271.223301 5788.947505 0.800575 0.374642 -0.467678 0.000954 0.779663 0.626198 0.599232 -0.501765 0.623822
0.067331 -88.610654 3139.278614 -3800.501699 -0.703678 -0.123580 0.699689 0.122140 0.949060 0.290460 -0.699942 0.289850 -0.652739
0.875544 -88.622282 7381.036729 5370.398404 -0.694785 -0.153739 0.702594 0.244388 0.868295 0.431670 -0.676423 0.471623 -0.565706
2.069478 -85.844000 4199.572163 3878.393749 -0.708982 -0.162791 0.686181 0.185905 0.895436 0.404517 -0.680283 0.414359 -0.604584
-0.482801 -84.603551 -2145.441873 1863.818952 -0.746033 -0.162772 0.645709 0.152376 0.902210 0.403483 -0.648241 0.399403 -0.648276
-4.644826 -92.376437 2738.728658 3114.526936 0.861854 0.045647 -0.505098 -0.062491 0.997910 -0.016446 0.503292 0.045738 0.862905
-0.804389 -89.745100 2671.537126 1819.880787 0.855135 0.026965 -0.517704 -0.028575 0.999580 0.004864 0.517617 0.010634 0.855546
-1.393901 -91.071632 2130.531136 3062.473096 0.860565 0.063445 -0.505373 -0.146752 0.981021 -0.126735 0.487741 0.183228 0.853543
-2.826181 -93.225321 2467.951312 -1810.995404 0.858512 0.021222 -0.512354 0.029007 0.995534 0.089840 0.511972 -0.091991 0.854062
-5.320090 -92.627728 3328.523556 4700.282823 0.863580 0.048611 -0.501863 -0.134652 0.981427 -0.136640 0.485899 0.185577 0.854086
-7.175979 -97.117659 2073.101712 -408.896035 0.867404 0.025488 -0.496951 0.017721 0.996472 0.082039 0.497288 -0.079967 0.863892
-7.743481 -92.393110 2490.206657 7279.582906 0.870075 0.031347 -0.491921 -0.073029 0.995160 -0.065752 0.487479 0.093133 0.868153
-16.963678 -76.076092 -4479.197878 -2366.156076 0.890423 -0.038696 -0.453487 -0.450814 -0.211956 -0.867088 0.062567 -0.976513 0.206175
-21.018027 -79.749567 -3881.127564 -16601.617255 0.870566 -0.043177 -0.490154 -0.489511 -0.177096 -0.853824 0.049939 -0.983246 0.175309
-20.662132 -74.063350 -700.122977 -10562.091460 0.862221 0.008345 -0.506463 -0.498359 -0.164911 -0.851142 0.090624 -0.986273 0.138031
20.895394 -654.482312 -3403.654444 235235.609553 -0.419792 -0.280928 -0.863050 -0.546130 0.837671 -0.007026 0.724925 0.468388 -0.505070
297.957889 -13229.984645 107642.275827 -7476403.035547 0.465198 0.201058 0.862071 0.775051 -0.562996 -0.286933 0.427652 0.801630 -0.417735
32.741822 -486.619225 6279.126187 -228604.366653 0.402936 0.322034 0.856701 0.763528 -0.634406 -0.120640 0.504646 0.702725 -0.501507
41.438498 -219.435428 7715.232625 -76651.291086 0.365170 0.378684 0.850441 0.880709 -0.436552 -0.183779 0.301668 0.816101 -0.492926
33.997347 -583.415503 -13419.948178 279045.160926 -0.366224 -0.318749 -0.874230 -0.568212 0.820606 -0.061167 0.736896 0.474347 -0.481643
45.635638 -353.886032 1169.319166 -146833.959449 0.398817 0.383137 0.833157 0.770023 -0.633308 -0.077362 0.498005 0.672404 -0.547599
-7.147241 -205.054290 -5332.039235 83.303448 -0.426728 -0.418391 -0.801781 0.807036 0.223949 -0.546388 0.408162 -0.880225 0.242091
-11.624150 -191.986097 943.411047 3639.387272 -0.474294 -0.368596 -0.799488 0.812027 0.167645 -0.559024 0.340084 -0.914348 0.219797
-12.034878 -196.921863 -2210.781599 -222.937426 -0.458610 -0.399782 -0.793631 0.721250 0.354253 -0.595234 0.519110 -0.845387 0.125879
-11.558812 -250.151813 -5966.378459 -26065.968875 -0.428813 -0.409292 -0.805357 0.637778 0.494217 -0.590753 0.639811 -0.766961 0.049111
-4.430149 -66.663779 -713.633356 5064.849527 0.788277 0.320444 -0.525294 -0.593494 0.621311 -0.511603 -0.162431 -0.715044 -0.679947
-1.366692 -69.963746 4852.106272 3581.289021 0.775548 0.349641 -0.525620 -0.621726 0.567404 -0.539916 -0.109462 -0.745523 -0.657430
-7.508625 -76.963626 -1654.095414 3300.573189 0.807005 0.302080 -0.507435 -0.586536 0.509953 -0.629225 -0.068691 -0.805416 -0.588716
9.324707 -62.095630 10864.923611 6358.200970 0.746770 0.403038 -0.529052 -0.646445 0.626854 -0.434929 -0.156345 -0.666795 -0.728657
-3.665835 -58.222934 -1221.111607 6125.753134 0.791176 0.318787 -0.521934 -0.572330 0.686755 -0.448113 -0.215588 -0.653255 -0.725796
3.343960 -53.411718 9875.093198 7147.519711 0.766778 0.383693 -0.514618 -0.607028 0.694108 -0.386951 -0.208730 -0.609093 -0.765139
-3.030715 -65.940658 -4927.357517 6586.212728 0.799093 0.283032 -0.530418 -0.565624 0.652943 -0.503721 -0.203763 -0.702537 -0.681852
-26.402585 -63.096690 -914.928742 -4209.153466 0.652307 -0.001659 -0.757953 0.254333 0.942499 0.216820 0.714010 -0.334205 0.615220
-23.586899 -64.113498 775.716220 2589.078998 0.634636 0.086709 -0.767932 0.145109 0.962641 0.228616 0.759066 -0.256522 0.598344
-19.435129 -57.545673 -2005.415178 5175.874147 0.628365 -0.115146 -0.769349 0.232536 0.971569 0.044512 0.742350 -0.206871 0.637276
-24.907321 -54.812064 -3994.680436 -2159.537627 0.732753 0.263752 -0.627302 -0.463360 -0.481729 -0.743797 0.498368 -0.835686 0.230777
-24.229228 -53.270104 -2620.474797 1414.564576 0.678797 0.188712 -0.709664 -0.504090 -0.582992 -0.637192 0.533974 -0.790258 0.300606
-21.616222 -51.096126 -4410.721061 -1678.808995 0.744589 0.241593 -0.622270 -0.455345 -0.497822 -0.738129 0.488107 -0.832950 0.260665
11.849771 -80.309227 1704.270911 2992.856378 0.860447 -0.133697 -0.491688 0.213836 0.970625 0.110282 0.462500 -0.200032 0.863760
10.260559 -84.079140 1809.772319 1764.886267 0.855889 -0.109503 -0.505433 0.221719 0.960647 0.167327 0.467220 -0.255277 0.846486
13.170286 -83.967088 1165.517727 5373.365112 0.859458 -0.142909 -0.490825 0.278602 0.935955 0.215333 0.428617 -0.321814 0.844229
-25.439497 -64.949026 -1925.031828 3710.840941 0.757918 0.504085 -0.414075 -0.636423 0.431960 -0.639044 0.143269 -0.747870 -0.648202
-21.051089 -61.712682 3302.346756 -3313.742100 0.692830 0.575820 -0.434071 0.708254 -0.430271 0.559681 0.135508 -0.695197 -0.705932
-25.255233 -66.728736 6936.163007 -3309.961255 0.677986 0.593484 -0.433719 0.698385 -0.335988 0.631957 0.229332 -0.731361 -0.642276
87.569774 -495.322814 -28359.652416 19396.932169 0.890798 0.022943 -0.453819 -0.213211 0.903061 -0.372856 -0.401272 -0.428898 -0.809337
140.157309 -641.186745 -42460.441934 -80078.947532 0.929058 0.084452 -0.360165 -0.295027 0.756519 -0.583642 -0.223182 -0.648495 -0.727766
101.650591 -648.094478 28378.615523 124053.265816 -0.933807 -0.102683 0.342726 -0.163948 0.974245 -0.154812 -0.318003 -0.200754 -0.926592
77.957883 -431.946161 -30031.110602 -40780.045113 0.887970 -0.042572 -0.457926 -0.328258 0.638715 -0.695910 -0.322110 -0.768265 -0.553185
65.009016 -452.649096 14299.449020 43797.512682 -0.901424 -0.068010 0.427563 -0.080671 0.996674 -0.011543 -0.425356 -0.044897 -0.903912
-86.405883 -127.144037 768.468838 5644.356104 0.995738 0.074008 0.055039 -0.038644 -0.207079 0.977561 -0.083744 0.975521 0.203337
-78.963738 -124.020969 -413.679824 8095.325998 0.965856 -0.109977 0.234578 -0.253448 -0.213340 0.943531 0.053722 0.970768 0.233929
-75.035024 -112.171490 -693.031710 15972.133683 0.912990 -0.204498 0.353029 -0.404041 -0.333233 0.851884 0.056568 0.920400 0.386864
7.482174 -48.493184 830.995373 -7293.253432 0.932434 0.340649 0.120517 -0.335545 0.692541 0.638589 -0.134072 0.635881 -0.760053
5.407502 -32.203931 411.896737 -4658.906130 0.954665 0.288206 0.074511 -0.273278 0.749247 0.603281 -0.118042 0.596293 -0.794041
7.771783 -26.342757 1770.636993 -924.678707 0.991903 0.117144 -0.049045 -0.069112 0.821917 0.565399 -0.106544 0.557432 -0.823358
7.148070 -25.940162 2831.438435 -3879.518648 0.994679 0.050245 -0.089940 0.004248 0.852266 0.523092 -0.102936 0.520691 -0.847517
11.239159 -3.470038 3103.397415 -9750.073897 0.584039 -0.605187 -0.540968 0.718662 0.695357 -0.002022 0.377390 -0.387592 0.841041
4.333752 -18.322141 -8341.654870 -3507.403175 0.856606 -0.178980 -0.483935 0.311581 0.927024 0.208672 0.411272 -0.329534 0.849860
17.465677 -8.798332 -6924.225602 -16102.461094 0.850511 -0.157935 -0.501685 0.330093 0.902890 0.275371 0.409475 -0.399809 0.820051
-0.866885 -10.273550 -6029.964720 -2652.647021 -0.148279 0.889155 0.432916 0.892881 0.308571 -0.327944 0.425178 -0.337915 0.839665
20.513911 11.353908 9470.691868 -13843.467307 0.279282 -0.814940 -0.507814 0.896469 0.410768 -0.166171 0.344013 -0.408831 0.845288
15.783733 -3.673660 -9177.036848 -8255.884957 0.014691 0.924449 0.381024 0.928723 0.128578 -0.347767 0.370484 -0.358974 0.856668
-21.334522 -108.676249 -2629.265429 -15773.690097 0.902988 -0.039431 0.427852 -0.220462 0.812186 0.540140 0.368793 0.582065 -0.724702
-16.145705 -80.580844 -1641.699410 -10235.538633 0.882928 -0.002462 0.469502 -0.425414 0.418900 0.802213 0.198649 0.908029 -0.368811
-20.165634 -88.469177 -1571.915319 8962.603593 0.881460 -0.025117 0.471590 -0.409174 0.457994 0.789188 0.235808 0.888600 -0.393427
-17.971392 -95.006504 -2792.475696 7679.928635 0.890535 0.002129 0.454909 -0.403147 0.466983 0.787019 0.210759 0.884264 -0.416723
-15.266625 -81.529253 -4552.437596 -4892.502096 0.899014 0.040483 0.436045 -0.411402 0.419308 0.809277 0.150075 0.906941 -0.393618
-14.270589 -98.009382 -2800.988057 10012.344204 0.898009 0.023185 0.439365 -0.397645 0.470155 0.787929 0.188302 0.882279 -0.431423
-15.866953 -96.319524 -2120.459717 15964.114277 0.901163 0.006738 0.433429 -0.370614 0.530591 0.762312 0.224837 0.847601 -0.480646
34.038261 -120.052865 -9287.292633 931.874527 0.783444 -0.117889 0.610178 0.219585 0.971022 -0.094332 -0.581376 0.207890 0.786628
19.401214 -114.882554 -10019.013941 -484.619465 0.738358 -0.146049 0.658405 0.243618 0.968108 -0.058453 -0.628870 0.203558 0.750391
12.912140 -105.458326 -7790.857384 -4598.645123 0.719694 -0.184736 0.669264 0.170058 0.981493 0.088048 -0.673143 0.050446 0.737790
-0.699070 -210.018126 3982.510046 -16088.440744 0.895712 0.438227 0.075214 -0.305676 0.484062 0.819906 -0.322897 0.757391 -0.567536
-5.304741 -102.472724 986.014848 -12051.188027 0.937373 -0.117104 0.328052 0.228597 0.917421 -0.325702 0.262820 -0.380296 -0.886736
6.246387 -218.857205 -3797.816358 5249.723634 0.980762 -0.026606 -0.193384 0.181641 0.487237 0.854170 -0.071498 0.872864 -0.482696
-3.193417 -202.951812 -1139.250198 4639.364271 0.910447 0.296372 0.288529 0.379346 -0.876341 -0.296855 -0.164871 -0.379723 0.910290
-2.267769 -191.503420 -667.488298 11616.564488 0.929259 0.260545 0.261906 0.363934 -0.767452 -0.527798 -0.063485 -0.585777 0.807982
-0.895703 -155.821314 105.465854 -2029.102416 0.974910 -0.214146 -0.060768 -0.181802 -0.923509 0.337756 0.128449 0.318234 0.939270
5.192062 -242.896320 -10033.139817 -38778.532726 0.929803 -0.367701 0.016190 -0.360910 -0.919492 -0.155819 -0.072181 -0.139038 0.987653
9.305813 -218.152844 -10589.126221 -27283.551184 0.935410 -0.353437 0.009539 -0.351432 -0.926468 0.134731 0.038782 0.129381 0.990836
18.986876 -221.397925 -11514.953353 -38440.594693 0.920994 -0.389458 -0.009603 -0.389546 -0.920949 -0.010311 0.004828 -0.013237 0.999901
-35.026260 -176.813846 -2320.879626 19469.886797 0.939464 -0.188398 -0.286204 0.227546 -0.281471 0.932200 0.256182 0.940894 0.221562
-37.741107 -149.662856 -2983.241631 13827.931226 0.938449 -0.210233 -0.274071 0.151702 -0.461983 0.873818 0.310321 0.861611 0.401655
-36.440146 -193.373153 -687.987990 9487.833929 0.922972 -0.228672 -0.309567 0.323441 0.024932 0.945920 0.208587 0.973184 -0.096974
-194.094795 -8160.454939 -211650.453439 -4710382.023403 0.953419 -0.287169 0.092338 0.187725 0.325250 -0.926807 -0.236117 -0.900970 -0.364008
-30.574200 -3548.744563 -39159.809749 -2255387.838036 0.915877 -0.375681 0.141537 0.374726 0.673500 -0.637164 -0.144045 -0.636602 -0.757620
-1206.008295 -65204.188378 375343.665827 41156420.251450 0.856838 0.087779 0.508058 -0.460602 -0.312463 0.830790 -0.231676 0.945866 0.227299
-13.303170 -86.994950 8957.580050 -6399.769416 0.949249 0.295676 0.107245 -0.253242 0.516272 0.818127 -0.186533 0.803765 -0.564948
-31.372477 -84.421193 13293.218772 -6874.625213 0.957806 0.280835 0.061156 -0.224251 0.597101 0.770183 -0.179778 0.751400 -0.634884
-33.582339 -96.123076 14866.713880 -5733.119680 0.938003 0.318363 0.137095 -0.273387 0.436339 0.857244 -0.213095 0.841578 -0.496324
-13.526920 -76.911316 8418.915758 -7655.620083 0.960186 0.269009 0.075345 -0.232605 0.620483 0.748930 -0.154718 0.736638 -0.658352
-14.582531 -96.520824 10742.275638 -3822.223364 0.940533 0.308999 0.141128 -0.254971 0.367612 0.894344 -0.224471 0.877144 -0.424537
1.193993 -85.813674 6239.727009 -6915.974377 0.936862 0.322690 0.134762 -0.286538 0.487452 0.824795 -0.200463 0.811333 -0.549138
25.878220 -287.062695 -2955.557149 -11323.104061 0.924135 0.269292 0.271029 -0.230802 0.958792 -0.165677 -0.304476 0.090554 0.948206
18.757853 -257.578601 -4215.763935 2876.172723 0.885647 0.347442 0.308079 -0.239245 0.910030 -0.338537 -0.397983 0.226119 0.889089
34.221941 -298.623240 -2565.736006 52717.406951 0.920776 0.288548 0.262509 0.122430 -0.852703 0.507848 -0.370381 0.435475 0.820475
11.649738 -288.004984 -3225.590309 29856.920106 0.897125 0.316718 0.307987 -0.323253 0.945804 -0.031025 -0.301122 -0.071724 0.950884
37.901937 -294.868787 -155.085203 -48582.164796 0.957265 0.185802 0.221634 0.089503 -0.919035 0.383881 -0.275015 0.347639 0.896389
28.946929 -317.989140 -1413.581864 28567.018438 0.940917 0.259635 0.217403 -0.261325 0.965012 -0.021459 -0.215368 -0.036622 0.975846
23.772596 -540.483999 -10703.934855 187398.233551 0.928417 0.245494 0.278880 -0.276816 0.957712 0.078488 -0.247818 -0.150068 0.957113
19.082737 -312.240905 -6815.291982 41066.921281 0.908538 0.288662 0.302047 -0.317407 0.946985 0.049719 -0.271682 -0.141043 0.951996
-15.590843 -82.058888 1821.359154 3320.522571 -0.902493 0.132278 -0.409888 0.104432 0.990478 0.089707 0.417851 0.038155 -0.907714
-18.445367 -92.162845 2273.022371 -5736.875934 -0.903108 0.099991 -0.417609 0.043935 0.988924 0.141771 0.427159 0.109687 -0.897499
-23.920503 -80.548452 4924.584173 410.579488 -0.894799 0.149795 -0.420591 0.111692 0.987186 0.113965 0.432273 0.054999 -0.900064
1.950388 -75.537427 -35659.492661 9374.067839 0.966228 -0.257278 0.014538 0.118696 0.394281 -0.911292 -0.228724 -0.882242 -0.411503
53.259581 -90.203350 -39022.740218 12736.581774 0.975959 -0.216418 0.025826 0.094380 0.312837 -0.945106 -0.196459 -0.924822 -0.325742
52.449144 -106.508323 -45802.445870 21797.362916 0.965659 -0.251466 0.065330 0.121988 0.216820 -0.968560 -0.229395 -0.943268 -0.240050
12.609008 -116.833100 -44331.458823 16363.455549 0.954620 -0.282683 0.093760 0.130310 0.113364 -0.984971 -0.267805 -0.952491 -0.145056
24.276847 -51.181160 7336.372559 -5458.758958 0.706585 0.557959 -0.435224 0.706874 -0.584943 0.397708 -0.032677 -0.588663 -0.807718
32.734735 -52.612335 2823.437265 5331.584777 0.737729 0.487220 -0.467303 -0.669310 0.618294 -0.411991 -0.088201 -0.616708 -0.782235
29.136497 -57.698529 6408.594801 -5023.847748 0.695174 0.556455 -0.455072 0.718653 -0.523488 0.457710 0.016470 -0.645227 -0.763813
15.208014 -56.093327 9857.205337 -4447.048837 0.666798 0.612837 -0.424042 0.742598 -0.498536 0.447225 0.062676 -0.613101 -0.787514
11.483902 -48.762588 10191.313571 -4568.886526 0.675574 0.612739 -0.410060 0.737282 -0.558554 0.380044 0.003827 -0.559078 -0.829106
16.247305 -42.527255 6872.230760 4232.482072 0.710449 0.563620 -0.421419 -0.699922 0.628251 -0.339720 -0.073284 -0.536315 -0.840830
-7.626612 -73.249475 -1134.044047 16960.757588 0.884912 -0.127328 -0.448016 -0.442038 0.073465 -0.893983 -0.146743 -0.989136 -0.008726
-10.555988 -67.666028 -3770.365886 8585.870556 0.877955 -0.145354 -0.456144 -0.439861 0.131218 -0.888428 -0.188991 -0.980640 -0.051268
-11.127026 -68.506245 -4372.774840 10794.381729 0.875132 -0.129488 -0.466236 -0.447317 0.150952 -0.881545 -0.184529 -0.980024 -0.074181
-14.182057 -70.038571 -2620.540083 12015.759851 0.856986 -0.088904 -0.507612 -0.496816 0.119186 -0.859633 -0.136925 -0.988884 -0.057972
8.654672 4.030930 3026.413492 -6491.878976 0.622496 0.698258 0.353460 0.759309 -0.429434 -0.488914 -0.189601 0.572732 -0.797515
13.682264 -1.113350 -1152.036391 5464.926335 0.766535 0.613348 0.190337 -0.602814 0.584992 0.542586 -0.221449 0.530649 -0.818152
6.254865 -9.830699 5222.657847 7324.997833 0.861226 0.477402 0.174291 -0.482236 0.659377 0.576775 -0.160430 0.580783 -0.798093
-1.150127 -6.686287 8710.527941 -1215.066705 0.473147 0.737840 0.481378 0.868200 -0.297773 -0.396939 -0.149536 0.605743 -0.781482
13.855136 -90.175291 -78.883544 16111.696575 0.777606 0.241172 -0.580659 -0.295782 0.955255 0.000653 0.554835 0.171241 0.814147
4.735753 -88.034724 707.991456 -4328.732007 0.821543 0.181668 -0.540430 -0.228564 0.973318 -0.020270 0.522327 0.140176 0.841145
-11.190196 -131.324800 2612.248378 -5504.525288 0.774127 0.172703 -0.609016 -0.587117 -0.163832 -0.792750 0.236686 -0.971253 0.025430
-14.043675 -130.034238 2024.225430 1588.870321 0.781269 0.151370 -0.605562 -0.556637 -0.270031 -0.785646 0.282444 -0.950879 0.126709
-14.099076 -135.422731 2411.722533 -5459.602516 0.782391 0.156697 -0.602752 -0.600933 -0.064191 -0.796718 0.163534 -0.985559 -0.043942
-15.543274 -137.924163 -88.650521 -2020.947487 0.791451 0.116763 -0.599976 -0.580706 -0.162688 -0.797692 0.190750 -0.979744 0.060954
-13.729202 -142.770999 3982.730893 -17966.884510 0.773955 0.184275 -0.605835 -0.620875 0.032677 -0.783229 0.124533 -0.982331 -0.139702
-15.302960 -140.771657 -516.811973 -8842.116583 0.790381 0.109939 -0.602670 -0.608709 0.030012 -0.792826 0.069075 -0.993485 -0.090642
-13.592305 -145.729128 507.381627 -15212.269076 0.778830 0.144207 -0.610433 -0.626215 0.123281 -0.769842 0.035762 -0.981838 -0.186319
-21.571992 -68.386559 270.758054 -4772.576436 -0.846182 -0.161752 0.507753 0.001253 0.952214 0.305430 -0.532893 0.259086 -0.805543
-20.057740 -62.769072 625.734634 -3672.868576 -0.850070 -0.154996 0.503346 -0.055669 0.976804 0.206773 -0.523720 0.147751 -0.838980
-18.436363 -63.780936 891.803644 -3404.342416 -0.837576 -0.191147 0.511790 -0.057308 0.962367 0.265644 -0.543306 0.193167 -0.817010
-19.028948 -68.411105 1190.116145 483.692301 -0.832589 -0.131319 0.538099 -0.062251 0.987519 0.144677 -0.550382 0.086959 -0.830372
-17.668667 -64.454206 -2891.869029 1230.899681 -0.865558 -0.162199 0.473816 -0.106009 0.984001 0.143193 -0.489461 0.073713 -0.868904
-19.155397 -65.934705 208.360794 1382.461618 -0.844884 -0.170102 0.507185 -0.115617 0.983754 0.137338 -0.522306 0.057395 -0.850824
-21.073252 -69.126225 -2023.929559 -2232.052412 0.796257 0.338170 -0.501612 -0.204426 -0.629985 -0.749219 0.569372 -0.699114 0.432499
-15.513354 -70.332368 -3353.890411 -2698.207335 0.813796 0.289456 -0.503936 -0.217301 -0.652676 -0.725806 0.538996 -0.700163 0.468246
-1.733866 -97.053068 756.253778 3195.412125 -0.710315 -0.103493 0.696234 0.202207 0.917436 0.342671 -0.674214 0.384188 -0.630742
2.177966 -89.024784 921.022016 2503.082783 -0.729458 -0.157107 0.665739 0.279988 0.819419 0.500159 -0.624098 0.551243 -0.553744
2.700835 -90.360369 1965.963807 896.820059 0.857907 -0.034409 -0.512652 0.109212 0.987168 0.116503 0.502064 -0.155936 0.850656
2.174248 -85.027674 519.018802 406.810129 0.864688 -0.007500 -0.502253 0.015511 0.999810 0.011773 0.502069 -0.017970 0.864641
21.964401 -1417.418228 -19934.028562 680938.403024 -0.319338 -0.291213 -0.901786 -0.641924 0.766502 -0.020210 0.697106 0.572424 -0.431710
8.570786 -389.908404 18747.684426 -169837.959691 0.355191 0.233640 0.905125 0.825002 -0.533645 -0.185999 0.439559 0.812795 -0.382299
12.538759 -241.627004 13219.853121 -83510.369769 0.355844 0.248081 0.901016 0.895743 -0.365469 -0.253135 0.266495 0.897156 -0.352267
28.328096 -195.702621 7344.386041 -54863.920813 0.349604 0.331682 0.876221 0.917645 -0.309848 -0.248843 0.188958 0.891056 -0.412690
-71.396228 -516.864068 30106.819238 -229856.364869 -0.920960 -0.258014 -0.291997 -0.126626 0.906866 -0.401946 0.368510 -0.333202 -0.867858
-78.446272 -903.263022 -5685.829959 199425.857759 0.806237 0.055119 0.589020 0.279666 0.841862 -0.461579 0.521315 -0.536871 -0.663325
5.159606 -559.742361 29640.981714 316559.285112 -0.754819 -0.497714 -0.427234 -0.497256 0.858964 -0.122134 0.427767 0.120256 -0.895854
1.095347 -76.263938 6390.793953 5459.318133 0.773245 0.361204 -0.521175 -0.632951 0.489262 -0.599996 -0.038270 -0.793823 -0.606944
11.831041 -67.362491 13983.757506 3643.360825 0.735012 0.420068 -0.532259 -0.672964 0.547936 -0.496876 -0.082922 -0.723401 -0.685430
-23.823197 -69.117004 199.326685 47.857170 0.673615 0.420053 -0.608110 0.214688 0.676105 0.704834 0.707214 -0.605341 0.365254
-19.256082 -70.313692 199.962788 1355.494900 0.658076 0.431570 -0.616995 0.281679 0.618828 0.733286 0.698278 -0.656353 0.285671
-21.818349 -72.600466 909.905364 -612.763500 0.623196 0.390177 -0.677782 0.252389 0.719946 0.646512 0.740220 -0.573969 0.350191
-21.082715 -68.508123 1273.341422 1693.807002 0.697082 0.464061 -0.546556 0.221868 0.585263 0.779899 0.681800 -0.664917 0.305016
-25.573879 -70.864121 917.221829 -3189.039072 0.643202 0.365953 -0.672585 0.199512 0.767954 0.608639 0.739247 -0.525666 0.420938
-26.891688 -66.922060 557.446691 -1190.876821 0.691354 0.399921 -0.601741 0.161290 0.726399 0.668079 0.704283 -0.558934 0.437696
-17.231602 -48.707703 -3797.510706 -519.448350 0.765483 0.237887 -0.597867 -0.427511 -0.506402 -0.748860 0.480905 -0.828835 0.285943
-19.487902 -50.208235 -2869.030585 2260.414332 0.722640 0.183236 -0.666495 -0.456675 -0.597254 -0.659345 0.518883 -0.780840 0.347920
-24.859915 -56.082374 -1830.633613 3589.808642 0.636267 0.122306 -0.761712 -0.515829 -0.666744 -0.537935 0.573659 -0.735183 0.361138
-27.255050 -58.816006 -1085.291376 2991.652145 0.589051 0.127459 -0.797981 -0.526774 -0.688273 -0.498788 0.612804 -0.714167 0.338285
10.988382 -89.793066 1669.034623 5558.354307 0.850812 -0.132321 -0.508537 0.294574 0.921513 0.253062 0.435138 -0.365110 0.823013
122.582417 -606.547130 -22719.465410 18821.708838 0.953571 0.273862 -0.125307 -0.295463 0.931290 -0.213076 -0.058343 -0.240206 -0.968967
193.226778 -706.658581 -28948.135769 -172883.524300 0.935403 0.337521 -0.105364 -0.320990 0.685629 -0.653360 0.148282 -0.644975 -0.749680
-54.001923 -123.716968 -11443.720720 5845.451989 0.918788 0.332724 -0.212424 0.274542 -0.151929 0.949497 -0.283648 0.930705 0.230937
-94.775741 -123.228063 5283.917623 -5596.971577 0.990183 0.134755 -0.037129 0.043984 -0.048249 0.997866 -0.132676 0.989704 0.053703
-75.582362 -125.308274 -5031.982357 -6134.643658 0.946397 0.256031 -0.196927 0.214720 -0.043218 0.975719 -0.241304 0.965702 0.095876
12.605755 -62.748411 3220.321615 -10294.706739 0.902487 0.392038 0.178394 -0.397595 0.598992 0.695073 -0.165638 0.698223 -0.696455
6.447409 -67.432979 3677.275489 -9352.643321 0.935769 0.326134 0.134062 -0.320104 0.626252 0.710874 -0.147884 0.708127 -0.690425
10.937750 -24.251190 -10018.734622 -3074.092954 0.901776 0.059613 -0.428072 0.078305 0.951516 0.297465 0.425051 -0.301767 0.853386
-0.736221 -23.060669 -6585.707073 1362.706661 0.901092 0.202776 -0.383296 -0.070244 0.940511 0.332423 0.427901 -0.272620 0.861730
-8.674262 -12.507993 -3935.489561 -588.365299 0.872378 -0.061602 -0.484934 0.194978 0.953549 0.229626 0.448263 -0.294872 0.843867
-36.787682 -90.436245 7473.920027 -3788.953666 -0.869233 0.157922 -0.468503 0.040094 0.967009 0.251568 0.492774 0.199887 -0.846888
-27.094316 -87.731563 1391.472231 -5007.930399 -0.869179 0.154805 -0.469642 0.019872 0.959902 0.279629 0.494099 0.233715 -0.837403
40.870227 -75.887804 16219.596108 -2569.243548 0.725472 0.226737 -0.649831 0.507558 -0.813940 0.282641 0.464838 0.534876 0.705573
33.276363 -76.932248 24520.870719 -3208.726295 0.701813 0.148565 -0.696697 0.515237 -0.781233 0.352429 0.491924 0.606303 0.624826
22.807651 -78.968622 16731.445021 4312.254515 0.731304 0.136379 -0.668278 -0.417390 0.864401 -0.280352 0.539426 0.483955 0.689063
45.807893 -75.106336 15663.704073 1019.142618 0.717971 0.240399 -0.653243 0.572983 -0.736978 0.358545 0.395232 0.631722 0.666873
32.983181 -78.223189 14336.264850 4952.936232 0.731302 0.193814 -0.653937 -0.418744 0.884391 -0.206168 0.538378 0.424603 0.727916
57.716933 -74.247449 -577.843748 2406.898164 0.766042 0.370624 -0.525184 0.562498 -0.781933 0.268656 0.311088 0.501217 0.807469
45.130478 -74.346647 7568.598212 1114.592521 0.749462 0.302404 -0.588947 -0.491169 0.850456 -0.188355 0.443914 0.430438 0.785916
6.094665 -212.680368 -6106.345632 9076.684769 0.985830 -0.019929 -0.166557 0.167251 0.192959 0.966847 -0.012870 0.981004 -0.193558
0.636559 -161.737925 1695.574625 -12810.888839 0.971312 -0.224647 -0.078022 -0.207378 -0.960712 0.184461 0.116395 0.162990 0.979738
2.392984 -159.444411 4206.678166 -8441.874747 0.974481 -0.202293 -0.097286 -0.172269 -0.951832 0.253650 0.143912 0.230418 0.962391
-11.919225 -215.897188 -1296.393913 -12299.232534 0.939941 -0.174059 -0.293623 0.328936 0.691651 0.642978 -0.091168 0.700944 -0.707365
-0.502904 -191.673874 -13858.719107 -7778.572393 0.930853 -0.130222 -0.341401 0.319057 0.745057 0.585742 -0.178087 0.654166 -0.735087
7.143896 -219.306896 -17913.778027 -30576.229287 0.921264 -0.150213 -0.358760 0.374881 0.588689 0.716177 -0.103619 0.794281 -0.598649
