18008
36007
-41.224849 -59.854015 350.024968 9536.159652 -0.395414 0.873421 0.284223 0.183109 0.378189 -0.907438 0.900066 0.306770 0.309472
-46.337984 -69.923423 2099.729551 7451.350339 -0.435659 0.870678 0.228299 0.303534 0.380886 -0.873380 0.847389 0.311199 0.430216
-44.793067 -80.067713 -1069.762268 15779.336744 -0.430508 0.700679 0.568956 0.112131 0.666998 -0.736574 0.895594 0.253303 0.365716
-33.693230 -53.082939 -53.203667 4821.940850 -0.310334 0.931364 -0.190407 0.362356 -0.069280 -0.929461 0.878858 0.357438 0.315985
-32.727504 -60.405973 -5160.259861 15330.678616 -0.345068 0.778666 0.524030 0.037080 0.569197 -0.821364 0.937845 0.263995 0.225285
-31.589505 -46.066821 669.959478 7780.208349 -0.313814 0.949454 0.007653 0.203565 0.075150 -0.976173 0.927406 0.304779 0.216859
52.345336 -91.227258 -3653.262036 8831.201743 -0.116811 0.909834 0.398192 0.980036 0.040647 0.194622 0.160888 0.412976 -0.896418
61.396941 -93.719536 -6699.334662 4752.526225 -0.045453 0.838343 0.543244 0.974973 -0.081240 0.206948 0.217627 0.539055 -0.813670
68.902599 -97.417256 -9621.335711 4947.282402 -0.105676 0.876682 0.469321 0.993263 0.070489 0.091980 0.047555 0.475879 -0.878224
79.014429 -105.464237 -12143.475503 1782.216846 -0.105404 0.858097 0.502554 0.984377 0.161711 -0.069658 -0.141042 0.487360 -0.861735
63.542116 -102.618431 -7040.177968 8025.813792 -0.133500 0.900801 0.413201 0.990740 0.131705 0.032972 -0.024720 0.413777 -0.910043
-52.986425 -64.366279 1466.116557 4324.028898 -0.139203 0.382180 0.913543 0.973873 0.219989 0.056363 -0.179429 0.897521 -0.402817
-52.258358 -60.173362 2540.720945 -394.219148 0.289563 0.417845 0.861138 0.955357 -0.070991 -0.286798 -0.058704 0.905740 -0.419748
-56.807720 -64.247175 3964.712965 3429.499855 -0.084152 0.453301 0.887376 0.988410 0.150892 0.016652 -0.126350 0.878493 -0.460745
-56.426584 -69.389124 1945.327919 3660.045070 -0.350848 0.403168 0.845199 0.900751 0.392074 0.186885 -0.256034 0.826882 -0.500712
-54.988560 -71.306987 -652.490390 4219.798538 -0.345318 0.331746 0.877895 0.883276 0.430997 0.184567 -0.317141 0.839158 -0.441854
-50.233100 -66.141578 654.286652 3552.048805 -0.061735 0.311972 0.948083 0.966266 0.256644 -0.021531 -0.250037 0.914772 -0.317292
61.514129 -99.228627 -9656.137407 13223.409719 -0.417316 0.158236 0.894879 0.759288 -0.480354 0.439023 0.499328 0.862683 0.080312
69.465760 -91.087389 -6892.560111 12884.604439 -0.288630 0.213855 0.933252 0.710318 -0.605749 0.358491 0.641982 0.766377 0.022933
90.139708 -74.468874 -14790.861474 11111.975594 -0.422975 0.205799 0.882462 0.637596 -0.624395 0.451223 0.643866 0.753510 0.132887
99.737028 -61.286161 12492.567893 -7498.498984 0.352334 -0.272151 -0.895430 -0.569421 0.696966 -0.435887 0.742712 0.663455 0.090596
12.878278 -3.282119 -3611.235477 5827.796929 0.437879 0.877966 -0.193486 -0.193298 0.302123 0.933466 -0.878008 0.371345 -0.302002
13.338389 6.894939 -3571.288201 646.314105 0.468395 0.770307 -0.432705 -0.097019 0.531634 0.841399 -0.878176 0.352126 -0.323749
8.956768 -2.769698 -3410.290417 4727.007752 0.354578 0.934145 0.040579 -0.300514 0.072757 0.950998 -0.885418 0.349398 -0.306522
7.781031 -15.426378 -1915.466867 7313.828778 0.402767 0.913124 -0.063110 -0.250513 0.176291 0.951927 -0.880353 0.367595 -0.299754
4.922589 -10.999821 -2313.017097 5615.049649 0.318279 0.937576 0.140177 -0.338452 -0.025740 0.940632 -0.885522 0.346826 -0.309132
9.846570 -45.736875 -13968.313156 -2296.344286 0.650609 -0.402022 -0.644271 -0.390760 0.550225 -0.737942 -0.651164 -0.731868 -0.200887
-1.946403 -51.197302 8757.363779 773.742181 -0.676520 0.382117 0.629529 -0.270197 0.666432 -0.694883 -0.685065 -0.640199 -0.347608
-12.620581 -50.229469 -1985.562206 -630.118217 0.756778 -0.423910 -0.497582 -0.222674 0.548499 -0.805956 -0.614576 -0.720728 -0.320699
29.208341 -49.474993 20859.401299 -2527.006052 -0.532896 0.314777 0.785453 -0.454501 0.676493 -0.579470 -0.713758 -0.665787 -0.217434
-11.106147 -46.301881 -788.921707 -3380.680528 0.790621 -0.471635 -0.390486 -0.180990 0.429225 -0.884878 -0.584946 -0.770277 -0.253992
61.428496 -49.003026 -32022.380212 -480.247751 0.534073 -0.343529 -0.772499 -0.486945 0.621955 -0.613235 -0.691123 -0.703676 -0.164890
72.668874 -45.887279 -34919.839030 -1397.058489 0.554678 -0.378684 -0.740899 -0.538333 0.515633 -0.666573 -0.634453 -0.768583 -0.082152
-1.195170 -50.691233 -927.691654 -7236.007276 -0.159577 0.955102 -0.249630 -0.551429 0.123501 0.825029 -0.818817 -0.269309 -0.506963
2.505176 -49.920728 -332.175843 -864.925095 -0.151605 0.943080 -0.296001 -0.601937 0.149444 0.784435 -0.784020 -0.297098 -0.545018
-1.378260 -52.599847 -1608.071555 -3730.323244 -0.171953 0.949548 -0.262281 -0.561640 0.124238 0.818001 -0.809316 -0.287965 -0.511941
-2.574220 -52.010855 -2503.190608 -3871.657816 -0.211583 0.951465 -0.223488 -0.463239 0.103722 0.880143 -0.860606 -0.289751 -0.418810
5.385982 -52.222309 886.757804 31.788686 -0.133704 0.985890 -0.100714 0.653373 0.164106 0.739035 -0.745136 -0.033008 0.666096
3.644722 -52.935077 2230.499409 -469.565300 -0.103509 0.990074 -0.095072 0.745610 0.140502 0.651402 -0.658294 0.003460 0.752753
5.542031 -51.652778 338.762086 -160.843111 -0.154290 0.983489 -0.094571 0.691284 0.175842 0.700861 -0.705919 -0.042760 0.707001
6.666114 -50.853840 431.892569 -300.185057 -0.170604 0.978361 -0.117060 0.586898 0.196326 0.785498 -0.791483 -0.065307 0.607692
6.146547 -50.574630 -1068.131293 -775.637240 -0.176510 0.981964 -0.067759 0.720261 0.175774 0.671064 -0.670871 -0.069645 0.738297
6.587076 -48.885401 -657.265982 -754.159850 -0.198357 0.975049 -0.099668 0.613858 0.202862 0.762906 -0.764090 -0.090146 0.638781
-0.761933 -43.547409 -1421.506407 -5633.854274 0.231747 0.948620 0.215437 0.007456 0.219727 -0.975533 0.972748 -0.227683 -0.043848
1.060932 -61.963650 -677.533244 -10258.790813 0.217247 0.941445 0.257847 -0.046778 0.273894 -0.960622 0.974995 -0.196630 -0.103542
-0.190031 -53.361006 -757.177910 -11784.669913 0.221463 0.953988 0.202141 -0.050149 0.218155 -0.974625 0.973878 -0.205706 -0.096155
-1.906018 -47.831471 -706.391945 -3859.973079 0.216617 0.964718 0.149651 -0.025012 0.158725 -0.987006 0.975936 -0.210059 -0.058512
-3.879945 -44.456669 -979.748152 2156.617073 0.225634 0.963323 0.145254 0.010859 0.146603 -0.989136 0.974152 -0.224760 -0.022618
-4.355689 -48.029213 -1208.139283 7186.356483 0.224536 0.942516 0.247483 0.034989 0.246006 -0.968637 0.973837 -0.226153 -0.022260
-5.928656 -106.629571 -1460.768755 1444.648196 0.197287 0.894654 0.400839 0.342000 0.320380 -0.883399 0.918757 -0.311370 0.242765
3.194873 -109.465845 6167.431353 -610.453108 0.132864 0.911866 0.388392 0.557099 0.255397 -0.790198 0.819748 -0.321362 0.474066
-1.667417 -109.959593 3674.772168 2190.461563 0.150409 0.916276 0.371234 0.532206 0.241408 -0.811467 0.833147 -0.319625 0.451338
2.198597 -104.595696 4546.334559 -6337.269832 0.151603 0.917148 0.368587 0.749325 0.136547 -0.647971 0.644615 -0.374426 0.666541
-6.132257 -110.732005 -1208.064180 5733.911313 0.210385 0.904252 0.371572 0.407499 0.264373 -0.874100 0.888641 -0.335313 0.312862
-1.234064 -106.405754 -1306.414549 -1144.939182 0.214609 0.896743 0.387033 0.614553 0.184011 -0.767114 0.759123 -0.402482 0.511606
-1.737075 -130.946084 602.486463 7258.570558 0.345082 0.928264 0.138726 -0.303960 0.250369 -0.919197 0.887990 -0.275032 -0.368553
-2.642122 -142.968182 2372.086350 10235.979403 0.320826 0.927831 0.190263 -0.056854 0.219385 -0.973980 0.945430 -0.301661 -0.123135
-2.152042 -142.898334 732.248748 15628.669283 0.349486 0.925233 0.147663 -0.229038 0.237184 -0.944079 0.908516 -0.296122 -0.294806
-5.192445 -170.713081 -837.219944 22673.506773 0.960844 0.266374 -0.076313 -0.249960 0.714393 -0.653577 0.119578 -0.647061 -0.753003
-6.828478 -175.058712 -2577.580088 13512.195683 0.964246 0.251072 -0.084814 -0.211894 0.538220 -0.815733 0.159159 -0.804539 -0.572177
-8.859748 -181.266940 986.934947 8085.086082 0.961288 0.273415 -0.034203 -0.162680 0.462960 -0.871323 0.222398 -0.843156 -0.489517
-4.046252 -160.759513 -2176.176341 18013.371953 0.955708 0.278033 -0.096545 -0.274487 0.723622 -0.633268 0.106207 -0.631720 -0.767887
-6.627340 -179.669162 1227.050249 23221.688404 0.963229 0.264025 -0.049814 -0.226686 0.699052 -0.678189 0.144237 -0.664543 -0.733198
16.506956 -43.270796 -4688.840591 -1410.778016 0.136198 0.971159 0.195704 0.442019 0.117220 -0.889314 0.886606 -0.207628 0.413305
13.125617 -38.772024 -5363.690355 -3760.732887 0.151141 0.969662 0.192123 0.536072 0.082893 -0.840093 0.830532 -0.229964 0.507280
22.592470 -41.381009 -4696.608396 -2776.893043 0.112593 0.975152 0.190792 0.501922 0.109898 -0.857902 0.857553 -0.192356 0.477077
4.025587 -42.524238 -3914.603811 -1725.422729 0.176148 0.970963 0.161870 0.450019 0.066818 -0.890516 0.875474 -0.229707 0.425182
22.589247 -43.140690 -3928.736257 394.542426 0.107255 0.973765 0.200692 0.381003 0.146191 -0.912943 0.918332 -0.174382 0.355328
15.120254 -43.478156 -3994.349767 1158.055840 0.140826 0.971841 0.188928 0.334862 0.132826 -0.932858 0.931684 -0.194635 0.306727
0.743204 -93.787358 -711.726794 5452.454976 0.960985 0.229861 -0.153854 0.125050 -0.857191 -0.499586 0.246717 -0.460856 0.852492
-2.257401 -89.173130 -97.713998 2833.859798 0.955861 0.259683 -0.137460 0.125145 -0.783101 -0.609172 0.265837 -0.565082 0.781034
-2.256199 -96.577813 -508.842462 2284.985109 0.957784 0.245820 -0.149071 0.155769 -0.879553 -0.449581 0.241632 -0.407381 0.880713
-0.224788 -106.639533 -1569.150662 7443.546949 0.960150 0.240230 -0.142835 0.176807 -0.917894 -0.355261 0.216452 -0.315849 0.923790
-2.028065 -108.709578 -2186.462692 8362.878561 0.960270 0.245197 -0.133263 0.194910 -0.931024 -0.308551 0.199727 -0.270318 0.941827
-4.615097 -103.848200 -921.074428 3552.044102 0.958647 0.245116 -0.144615 0.178166 -0.913135 -0.366662 0.221928 -0.325734 0.919046
-17.848659 -47.984573 -2014.518414 -5500.894578 -0.173688 0.974341 -0.143148 0.949924 0.127416 -0.285324 0.259764 0.185537 0.947681
-14.133180 -47.414618 -2562.350474 -7757.644201 -0.150110 0.982788 -0.107681 0.945115 0.110672 -0.307425 0.290216 0.147918 0.945460
-16.506138 -50.112725 -1331.563841 -6707.711711 -0.186612 0.972133 -0.141889 0.929350 0.127846 -0.346359 0.318567 0.196499 0.927309
-12.556723 -43.390687 -2645.972764 -4881.760996 -0.124593 0.986383 -0.107355 0.962998 0.094155 -0.252527 0.238980 0.134846 0.961616
-0.827759 -211.627979 -1035.864167 -14824.328402 0.966441 0.254488 -0.035044 -0.014228 0.189233 0.981829 -0.256495 0.948381 -0.186504
0.838671 -221.378607 -398.370127 2544.734290 0.968259 0.247191 -0.037041 0.076691 -0.152760 0.985283 -0.237895 0.956850 0.166868
0.932904 -218.060236 1761.465706 -9961.151481 0.977633 0.209982 -0.011877 -0.008542 0.096068 0.995338 -0.210144 0.972974 -0.095713
-2.077503 -216.073993 1688.609980 -2368.663577 0.976314 0.212568 -0.040317 0.029318 0.054645 0.998075 -0.214362 0.975617 -0.047119
-1.104777 -191.664840 1067.065199 -14292.587390 0.973870 0.227075 -0.003698 -0.083885 0.374802 0.923302 -0.211045 0.898866 -0.384057
-3.455023 -212.926963 -630.745211 -24577.742272 0.970322 0.240811 -0.022020 -0.097812 0.474132 0.875004 -0.221151 0.846882 -0.483615
3.721632 -157.148943 1840.797493 1468.352353 0.949210 0.254584 -0.184901 0.117283 0.259022 0.958724 -0.291969 0.931716 -0.216008
2.523533 -152.581089 570.286540 3131.307856 0.939434 0.259117 -0.224326 0.213084 0.071069 0.974446 -0.268438 0.963228 -0.011551
4.043282 -170.628815 3037.010132 3906.044592 0.942148 0.246835 -0.226779 0.198716 0.133545 0.970916 -0.269942 0.959811 -0.076769
7.667446 -172.441971 1911.358638 -9124.358664 0.949216 0.263116 -0.172506 0.049618 0.416243 0.907899 -0.310687 0.870351 -0.382049
-4.741949 -70.783642 87.845879 2687.345156 0.967871 0.178737 -0.176857 -0.022022 -0.640401 -0.767725 0.250480 -0.746953 0.615890
-7.399083 -71.823320 219.361299 -3349.657238 0.970917 0.190419 -0.145121 -0.014735 -0.557473 -0.830064 0.238961 -0.808062 0.538455
-7.794627 -74.340847 327.260647 -7100.556418 0.968143 0.226650 -0.106433 0.033027 -0.536934 -0.842978 0.248209 -0.812608 0.527314
20.663352 -87.314895 -6514.082317 16129.968754 0.880063 0.447118 -0.159920 -0.464476 0.880572 -0.094100 -0.098747 -0.157093 -0.982635
33.655387 -144.945785 -7066.138822 39083.926602 0.837702 0.520026 -0.166821 -0.545801 0.807755 -0.222786 -0.018896 -0.277679 -0.960488
26.659940 -85.585867 -3419.358443 14622.308458 0.837738 0.532792 -0.119700 -0.544327 0.832265 -0.105089 -0.043631 -0.153193 -0.987233
16.768324 -57.737018 2621.440821 2796.279228 -0.862110 -0.494943 0.108619 -0.497426 0.867493 0.004821 -0.096613 -0.049874 -0.994072
-211.867583 -4518.046074 19905530.260942 -1534192.649495 0.369278 -0.902058 -0.223440 0.925204 0.379460 -0.002850 0.087357 -0.205675 0.974714
-9270.595993 -12935.307025 -3356069.525291 -554332.818455 0.980879 0.163078 0.106221 0.033582 -0.679417 0.732983 -0.191701 0.715400 0.671902
-628.459437 -4502.779312 -224550.674781 -1770973.353259 0.904526 0.426259 0.011689 0.367969 -0.766395 -0.526534 0.215482 -0.480565 0.850074
1711.795960 -204239.603467 -876084.455199 513764724.374674 0.893719 0.411352 0.179041 -0.116110 0.597576 -0.793361 0.433341 -0.688254 -0.581827
-3.765176 -25.711246 7715.085223 -5230.336440 -0.019135 0.999121 0.037286 0.627968 0.041029 -0.777157 0.778004 -0.008543 0.628201
-3.788723 -16.612338 5703.927338 -4462.981380 -0.019284 0.997303 0.070817 0.670160 0.065457 -0.739325 0.741966 -0.033201 0.669614
-14.429279 -24.806724 229.119357 -6766.540770 0.142757 0.987708 -0.063660 0.636404 -0.140861 -0.758385 0.758031 -0.067751 0.648690
-5.651140 -37.850032 309.905933 1321.410420 0.520814 0.841500 0.143629 0.812043 -0.436457 -0.387417 -0.263323 0.318405 -0.910647
-9.917848 -41.757866 54.318506 -1110.764424 0.412981 0.892051 0.183551 -0.844021 0.299155 0.445124 -0.342163 0.338749 -0.876455
-10.875866 -40.232832 359.863146 927.108838 0.540273 0.827705 0.151689 0.770787 -0.414445 -0.483863 -0.337629 0.378338 -0.861898
27.818335 13.579530 -1768.763997 -5318.789779 -0.640124 -0.503746 0.580070 0.004408 0.752612 0.658450 -0.768259 0.424046 -0.479545
28.481100 14.014990 2799.752075 -4092.828784 -0.567999 -0.504261 0.650461 0.053962 0.765807 0.640802 -0.821259 0.399075 -0.407767
27.446419 15.284342 422.661053 -963.684253 -0.617081 -0.508856 0.600231 0.050283 0.735721 0.675415 -0.785292 0.446967 -0.428413
24.468769 6.082159 -470.438276 -3455.635008 -0.601738 -0.454974 0.656438 0.058516 0.794566 0.604351 -0.796547 0.402073 -0.451497
24.670792 16.021461 -2670.116529 -5298.828040 -0.673640 -0.617855 0.405543 -0.125019 0.636084 0.761424 -0.728409 0.462225 -0.505735
22.557016 8.307939 -3291.096253 -5612.745226 -0.674263 -0.567864 0.472123 -0.090959 0.698299 0.710003 -0.732869 0.435785 -0.522490
-9.874889 -33.200487 -1818.400773 -292.002120 0.269681 0.959300 0.083764 0.962240 -0.271799 0.014793 0.036958 0.076612 -0.996376
-10.985815 -33.677191 -582.317908 44.958485 0.328037 0.939970 0.094067 0.944359 -0.323767 -0.057972 -0.024036 0.107850 -0.993877
-11.016780 -34.146603 -271.742891 -406.342691 0.316072 0.941074 0.120328 0.948420 -0.316682 -0.014523 0.024439 0.118712 -0.992628
-2.982490 -11.956649 -1282.850932 989.746374 -0.674005 0.219223 0.705449 0.392332 0.915372 0.090386 -0.625934 0.337691 -0.702973
-4.477905 -10.726726 160.878131 1070.200852 -0.726550 0.023855 0.686699 0.254449 0.937687 0.236641 -0.638264 0.346662 -0.687346
-4.607824 -10.127898 -1430.365755 928.741524 -0.618865 0.330794 0.712447 0.488275 0.872482 0.019039 -0.615300 0.359652 -0.701467
-3.212571 -10.895252 -1036.525207 898.090881 -0.585542 0.391558 0.709805 0.530441 0.847199 -0.029771 -0.613003 0.359077 -0.703769
11919.663594 -61524.408317 -4462017.256800 -71801159.763353 -0.382079 0.706575 -0.595623 -0.466382 -0.703855 -0.535795 0.797812 -0.073072 -0.598462
-99.081322 -1233.471300 166933.612099 11181.927186 -0.537720 0.471969 -0.698643 0.149260 0.868837 0.472063 0.829806 0.149558 -0.537637
-381.653530 -860.739495 200225.188546 -286342.320636 -0.300973 0.569033 -0.765256 0.580748 -0.527132 -0.620374 0.756404 0.631137 0.171813
-529.737419 -2299.112373 147177.047992 -818478.131323 -0.064275 0.997014 -0.042796 0.639939 0.008273 -0.768381 0.765733 0.076775 0.638560
-324.148642 -8352.115298 -116788.489743 -4197209.903650 0.927847 0.122121 -0.352402 0.309423 -0.779578 0.544532 0.208226 0.614284 0.761116
-521.408781 -1505.713703 -321024.427418 -556418.084068 0.907095 -0.419840 -0.030209 -0.360989 -0.812835 0.457151 0.216485 0.403774 0.888876
1.811032 -2703.425862 3054.748691 1373484.103774 -0.676238 0.677448 -0.289423 0.556652 0.727229 0.401593 0.482536 0.110465 -0.868883
-16.577171 -540.257433 3455.596932 179657.868049 -0.672126 0.649151 -0.356161 0.254288 0.654128 0.712359 0.695402 0.388228 -0.604727
-22.107820 -1494.287796 3947.303749 638713.782060 -0.627281 0.651573 -0.426581 0.414616 0.743069 0.525302 0.659252 0.152644 -0.736266
-9.756052 -668.482297 4777.698543 195101.145192 -0.663536 0.673316 -0.326137 0.522113 0.728970 0.442719 0.535834 0.123480 -0.835245
-16.998440 -567.172939 3076.502764 90203.776073 -0.631457 0.673808 -0.383725 0.690531 0.713773 0.117023 0.352744 -0.191079 -0.916003
-10.835788 -536.852289 6555.245685 -74042.125216 -0.633014 0.709669 -0.309296 0.770904 0.614367 -0.168110 0.070719 -0.344853 -0.935989
3.024990 -154.506685 4369.229259 22593.232873 0.709015 -0.486400 0.510601 0.526284 -0.116977 -0.842224 -0.469386 -0.865870 -0.173046
5.159279 -169.872058 4151.475726 30057.934427 0.662136 -0.440902 0.605954 0.470341 -0.384994 -0.794077 -0.583399 -0.810793 0.047544
-7.383530 -204.208714 7089.817523 41744.441737 0.678891 -0.418600 0.603226 0.483794 -0.362977 -0.796361 -0.552314 -0.832479 0.043906
-7.524162 -177.459834 6069.675213 30819.691585 0.701658 -0.496719 0.510830 0.539232 -0.098435 -0.836385 -0.465732 -0.862311 -0.198779
-23.261123 -246.544373 8670.606721 57085.453610 0.654133 -0.459042 0.601157 0.524328 -0.297633 -0.797806 -0.545151 -0.837075 -0.045997
-38.828747 -55.837695 3611.423507 -1863.548617 -0.559359 0.818932 -0.128327 0.575786 0.495225 0.650556 -0.596312 -0.290006 0.748538
-43.900798 -70.129133 -1484.090536 -10577.034837 0.016130 0.911898 0.410099 0.846387 -0.230815 0.479952 -0.532324 -0.339361 0.775542
-50.025183 -64.747547 2645.660023 -5760.193554 -0.114984 0.963516 0.241691 0.870137 -0.019679 0.492417 -0.479208 -0.266925 0.836128
-37.727818 -57.427006 -1416.274284 -9160.412596 -0.208672 0.926265 0.313830 0.762080 -0.047110 0.645766 -0.612935 -0.373916 0.696058
-39.771283 -57.730246 1653.377889 -1510.195575 -0.536146 0.834741 -0.125518 0.657823 0.506353 0.557561 -0.528976 -0.216365 0.820592
-29.860092 -47.584835 2712.242536 -3325.942443 -0.581808 0.804303 -0.120811 0.480343 0.459666 0.746979 -0.656331 -0.376568 0.653779
-30.525518 -52.130541 -253.248464 -1064.232881 0.674248 -0.643194 0.362893 0.345818 0.709165 0.614406 -0.652533 -0.288768 0.700581
-35.165251 -55.401683 -798.834374 -1209.960395 0.669177 -0.655443 0.350138 0.429282 0.725580 0.537820 -0.606564 -0.209589 0.766911
68.142680 -74.289404 16190.641170 -9380.097392 0.682471 0.728155 0.063427 0.051310 -0.134293 0.989612 -0.729109 0.672128 0.129013
107.157684 -92.804483 17771.041313 -5617.348357 0.600917 0.787805 0.135135 0.194852 -0.308343 0.931105 -0.775198 0.533186 0.338794
95.826798 -81.201118 12328.687072 -8318.180050 0.523227 0.827752 0.202634 0.024332 -0.252193 0.967371 -0.851846 0.501224 0.152096
68.784070 -66.588453 11933.765933 -6173.569475 0.591063 0.785368 0.183962 -0.097309 -0.156973 0.982797 -0.800734 0.598796 0.016358
-39.802624 -62.577219 3137.668849 1239.183262 -0.354545 0.905447 0.233374 -0.677536 -0.420782 0.603231 -0.644393 -0.055754 -0.762659
-38.536649 -61.760948 4206.370614 1288.849259 -0.227544 0.945901 0.231291 -0.767433 -0.320401 0.555329 -0.599391 0.051139 -0.798821
-41.749525 -65.511385 1865.014028 2771.817916 -0.271413 0.955790 0.113137 -0.786063 -0.287962 0.546976 -0.555373 -0.059523 -0.829468
-40.095137 -67.611488 -170.405028 1297.012378 -0.414366 0.898273 0.146312 -0.672474 -0.410515 0.615838 -0.613253 -0.156791 -0.774168
17.188526 -23.721451 -3945.404560 1207.362523 -0.206608 -0.975844 0.071010 0.978377 -0.205344 0.024745 -0.009565 0.074587 0.997169
16.125541 -19.832602 -3682.243870 1628.889270 -0.153974 -0.986175 0.061241 0.986665 -0.156768 -0.043768 0.052763 0.053685 0.997163
21.744082 -24.281371 -2802.039714 1793.624070 -0.162569 -0.986373 0.025306 0.986696 -0.162480 0.005564 -0.001377 0.025874 0.999664
9.451360 -19.632066 -2797.664389 1171.890181 -0.226164 -0.970637 0.081935 0.973205 -0.228741 -0.023441 0.041495 0.074438 0.996362
21.972913 -27.729309 2763.131318 1665.463810 0.219466 0.974687 -0.042663 0.973792 -0.216170 0.070710 -0.059698 0.057063 0.996584
10.847540 -22.352944 -1954.125317 1119.978659 -0.313230 -0.946192 0.081288 0.949629 -0.311203 0.036836 -0.009557 0.088731 0.996010
18.578466 -27.191643 -2771.230706 1740.534446 -0.301903 -0.950160 0.077782 0.951192 -0.294747 0.091421 -0.063938 0.101585 0.992770
-4.337767 -41.458397 -1960.451755 1640.017897 -0.494375 0.816343 -0.298626 0.795046 0.563540 0.224331 -0.351419 0.126517 0.927630
-3.203196 -37.252769 -924.955080 -3293.311263 -0.504853 0.799389 -0.325731 0.798677 0.575734 0.175057 -0.327473 0.171776 0.929115
-4.986514 -41.793957 -1972.069547 1035.025215 -0.462922 0.828669 -0.314661 0.812698 0.538508 0.222556 -0.353873 0.152698 0.922744
-6.837581 -38.872917 -744.937359 -4132.559333 -0.453693 0.824430 -0.338345 0.828024 0.530347 0.181959 -0.329453 0.197604 0.923262
-7.329534 -42.258913 -639.448549 1444.784634 -0.444572 0.832335 -0.331021 0.821289 0.526274 0.220273 -0.357548 0.173937 0.917554
-4.656275 -61.032019 -926.564136 -5707.505693 -0.373376 0.753931 -0.540535 -0.771234 -0.576085 -0.270784 0.515547 -0.315775 -0.796554
-1.392517 -43.370169 2178.957004 -2002.481988 -0.432995 0.749268 -0.501111 -0.712262 -0.625116 -0.319238 0.552447 -0.218694 -0.804348
-9.171128 -47.448510 752.749901 -2911.515510 -0.372105 0.787135 -0.491891 -0.737917 -0.572335 -0.357647 0.563043 -0.229892 -0.793809
-10.171193 -63.090169 1353.985892 -4386.656711 -0.326088 0.810842 -0.486006 -0.838369 -0.485597 -0.247653 0.436811 -0.326696 -0.838133
-9.944852 -54.396260 6308.401820 568.189103 -0.384682 0.805918 -0.450018 -0.806071 -0.530847 -0.261631 0.449744 -0.262101 -0.853834
-10.622116 -45.284058 2950.827723 -2502.001621 -0.386235 0.785933 -0.482838 -0.717893 -0.584812 -0.377658 0.579183 -0.200762 -0.790090
-9.603187 -38.597301 647.959237 -4171.594215 -0.350629 0.801997 -0.483591 -0.652190 -0.579682 -0.488484 0.672092 -0.144117 -0.726308
-5.045740 -35.507128 -490.508191 -4069.003633 -0.335138 0.813411 -0.475443 -0.648202 -0.565279 -0.510191 0.683752 -0.137198 -0.716701
-0.730883 -49.516668 -441.487303 303.086134 -0.406562 0.883057 -0.234345 0.665830 0.462020 0.585840 -0.625602 -0.082146 0.775806
-0.328778 -43.037136 52.482848 -4896.230792 -0.400675 0.886456 -0.231634 0.681486 0.457323 0.571343 -0.612402 -0.071067 0.787346
-1.329819 -47.646053 365.251004 442.177833 -0.409045 0.878709 -0.246074 0.656790 0.470715 0.589113 -0.633490 -0.079355 0.769671
-0.233803 -49.036995 -771.758234 -3652.795016 -0.392709 0.894295 -0.214512 0.703810 0.442387 0.555828 -0.591972 -0.067303 0.803144
1.020112 -52.050010 -1264.634734 320.734252 -0.402238 0.889249 -0.217810 0.674462 0.448694 0.586323 -0.619117 -0.088937 0.780246
-3.476219 -114.629710 517.461784 -13166.303957 0.129589 -0.964764 0.228990 0.973134 0.079419 -0.216109 0.190308 0.250843 0.949137
-8.265376 -119.593286 -2080.945518 -8384.505566 -0.124594 0.972090 -0.198792 0.897625 0.025060 -0.440048 0.422784 0.233268 0.875694
-3.146876 -114.961121 768.367915 -16096.517985 0.180642 -0.960180 0.213128 0.971710 0.140708 -0.189685 0.152143 0.241364 0.958434
1.626051 -84.069425 1251.763004 -8223.207909 0.235879 -0.949979 0.204698 0.971691 0.227671 -0.063109 0.013348 0.213790 0.976789
0.522114 -90.639026 128.571880 -8595.963251 0.182660 -0.955477 0.231731 0.982334 0.167609 -0.083229 0.040683 0.242840 0.969213
-2.328670 -100.431013 -88.844014 -12070.014034 0.261810 -0.941871 0.210559 0.954432 0.220296 -0.201318 0.143230 0.253672 0.956627
-6.228004 -110.751593 -1959.704121 -12826.321207 0.220975 -0.940661 0.257541 0.931480 0.125312 -0.341529 0.288990 0.315364 0.903897
-0.778090 -103.293894 2674.039901 11589.093878 0.326358 -0.863110 0.385397 0.806311 0.041416 -0.590040 0.493308 0.503315 0.709452
-0.138591 -83.062822 482.700429 4604.461165 0.316930 -0.851798 0.417127 0.797900 0.001690 -0.602788 0.512749 0.523867 0.680185
-2.591617 -106.672336 287.553300 16890.747506 0.300424 -0.850905 0.430936 0.836087 0.017500 -0.548318 0.459025 0.525028 0.716688
-3.500073 -88.842694 -2226.786076 7498.113818 0.275361 -0.840623 0.466401 0.819884 -0.047971 -0.570516 0.501962 0.539493 0.676004
-5.430151 -114.468608 -981.059832 13207.721476 0.302294 -0.839230 0.452009 0.859658 0.035150 -0.509659 0.411833 0.542640 0.732076
6.439850 -119.430287 -849.395933 -5559.637504 -0.266999 0.744662 -0.611711 0.162091 -0.591010 -0.790211 0.949967 0.310139 -0.037096
5.213725 -115.370853 -205.297135 -1961.279835 -0.278014 0.764165 -0.582031 0.301169 -0.506025 -0.808230 0.912143 0.399989 0.089461
8.481547 -115.433493 -528.079432 1209.384144 -0.292128 0.751893 -0.591032 0.357602 -0.487287 -0.796663 0.887007 0.444082 0.126528
-20.714380 -54.669505 -1004.731405 -3055.537117 -0.423331 0.792762 -0.438542 0.484187 0.607099 0.630074 -0.765738 -0.054393 0.640849
-18.979210 -52.421793 -3018.749572 -1682.930381 -0.482645 0.780578 -0.397179 0.473579 0.614080 0.631370 -0.736734 -0.116632 0.666048
-18.442906 -50.341360 -2407.820413 7201.387680 -0.448685 0.793917 -0.410339 0.623746 0.607017 0.492413 -0.640018 0.035009 0.767562
-20.557758 -57.815116 -1152.016813 -8165.606398 -0.446470 0.793175 -0.414171 0.335328 0.577447 0.744385 -0.829590 -0.193462 0.523787
-20.079425 -52.296203 2790.954932 5335.608956 -0.348186 0.810905 -0.470319 0.600756 0.578167 0.552101 -0.719624 0.090314 0.688466
-21.057857 -56.614786 2439.466182 -5125.625720 -0.339959 0.803111 -0.489327 0.455338 0.595825 0.661558 -0.822858 -0.002094 0.568243
-21.709728 -58.303310 -843.174017 -7969.536559 -0.416620 0.776147 -0.473311 0.337216 0.615446 0.712398 -0.844223 -0.137191 0.518137
75.047762 -57.730703 -11119.748554 268.722080 0.176052 0.959944 0.217976 0.764670 0.006084 -0.644393 0.619907 -0.280126 0.732970
79.397556 -52.297648 -10224.601982 -6650.541298 0.218109 0.965209 0.144225 0.836885 -0.108957 -0.536426 0.502048 -0.237699 0.831533
64.777529 -38.167032 5558.433130 -2424.070428 0.046371 0.998651 0.023383 0.780417 -0.021606 -0.624886 0.623538 -0.047225 0.780365
60.589488 -51.524140 -3354.855743 2922.050392 0.070898 0.967947 0.240942 0.673238 0.131799 -0.727585 0.736019 -0.213795 0.642314
0.441257 -71.416705 -313.221892 -4578.078771 -0.308804 0.831482 -0.461821 0.519957 -0.258994 -0.813982 0.796420 0.491488 0.352357
-1.439623 -84.876016 1943.480297 -9704.022463 -0.309445 0.797651 -0.517684 0.421276 -0.373070 -0.826647 0.852508 0.473889 0.220587
-0.802010 -72.682286 620.863257 -4034.870342 -0.310420 0.822514 -0.476562 0.512763 -0.277257 -0.812528 0.800446 0.496588 0.335688
-1.059630 -69.785734 1045.597060 3182.090124 -0.348344 0.837577 -0.420858 0.556442 -0.176542 -0.811914 0.754340 0.517009 0.404566
-0.736803 -70.613079 78.650133 4562.516485 -0.338903 0.841107 -0.421526 0.579432 -0.166384 -0.797857 0.741218 0.514642 0.430976
2.096778 -58.057203 950.426025 -3179.416931 -0.324911 0.797302 -0.508667 0.876127 0.051214 -0.479352 -0.356137 -0.601404 -0.715178
1.337949 -58.996297 -2411.379850 -1441.017785 -0.312051 0.776790 -0.547012 0.920930 0.105822 -0.375085 -0.233477 -0.620805 -0.748391
0.255024 -59.833641 -2351.403751 -2432.011450 -0.339270 0.778802 -0.527601 0.875968 0.057116 -0.478975 -0.342892 -0.624663 -0.701584
2.755529 -55.673639 1082.649791 -757.480670 -0.334324 0.798220 -0.501072 0.840380 0.011832 -0.541869 -0.426602 -0.602250 -0.674763
1.491663 -57.178871 -814.278832 -467.681801 -0.339177 0.787023 -0.515319 0.839259 0.005689 -0.543702 -0.424974 -0.616897 -0.662446
0.987295 -61.626801 -663.004624 -934.237787 -0.321894 0.797158 -0.510806 0.876042 0.046159 -0.480020 -0.359073 -0.602004 -0.713203
1.028897 -61.555716 -1513.891307 -2140.500677 -0.261568 0.786959 -0.558819 0.965173 0.216118 -0.147423 0.004754 -0.577918 -0.816081
0.065475 -62.605490 1687.714533 -1337.571247 -0.273565 0.807887 -0.521997 0.961729 0.220998 -0.161981 -0.015502 -0.546332 -0.837425
0.767878 -59.622736 -1018.299498 477.838110 -0.287615 0.784084 -0.549990 0.953695 0.181704 -0.239687 -0.087999 -0.593461 -0.800038
0.685894 -57.647675 -1245.004790 1742.599581 -0.299158 0.786856 -0.539779 0.951644 0.204622 -0.229138 -0.069848 -0.582226 -0.810021
0.193811 -59.804776 -1873.048188 -2281.955055 -0.286611 0.784592 -0.549791 0.957490 0.215014 -0.192308 -0.032671 -0.581537 -0.812864
-0.935837 -62.274225 -2262.705125 -5208.605169 -0.270023 0.787188 -0.554457 0.962735 0.229794 -0.142606 0.015153 -0.572302 -0.819903
8.920870 -77.680882 -1752.512539 -14637.124943 0.608736 -0.393084 0.689149 0.612097 -0.319945 -0.723168 0.504755 0.862044 0.045844
10.714629 -79.541682 902.159707 13384.944042 0.616173 -0.441663 0.652123 -0.597859 0.276729 0.752320 0.512733 0.853437 0.093539
19.520507 -61.727268 -2338.066070 3779.121235 0.571102 -0.349734 0.742650 0.685976 -0.293573 -0.665771 0.450865 0.889663 0.072249
14.836879 -60.169691 -2863.322534 4080.086867 0.552521 -0.301644 0.777001 0.691522 -0.354528 -0.629371 0.465315 0.885054 0.012709
9.737966 -76.640235 784.141264 -14441.313158 0.548973 -0.351026 0.758558 0.652884 -0.386574 -0.651385 0.521891 0.852843 0.016961
17.044128 -85.840972 -912.000888 -4276.521317 -0.233588 0.368221 -0.899917 -0.592480 0.679954 0.432006 0.770976 0.634094 0.059335
20.105033 -75.923948 -7353.040110 6188.930849 0.228019 -0.291051 0.929137 0.694018 -0.620718 -0.364758 0.682896 0.728010 0.060460
1.383379 -96.150782 1082.274491 7204.206983 0.279090 -0.405038 0.870662 0.718225 -0.513777 -0.469239 0.637387 0.756291 0.147519
7.465839 -97.844274 -4544.372837 -3177.083145 -0.351240 0.465493 -0.812371 -0.604058 0.550263 0.576477 0.715363 0.693200 0.087911
-3.234690 -105.283480 4018.516207 1459.985774 0.362625 -0.475089 0.801744 0.753485 -0.356799 -0.552227 0.548419 0.804353 0.228588
5.057157 -346.131790 226.277096 -25579.634908 0.677291 -0.389957 0.623867 0.728531 0.237270 -0.642609 0.102565 0.889740 0.444796
6.072954 -342.324731 637.217377 -19620.250120 0.655293 -0.395987 0.643261 0.681957 -0.056086 -0.729239 0.324847 0.916542 0.233293
2.148064 -343.684812 -387.969968 -40395.010363 0.657940 -0.392957 0.642417 -0.600753 0.240523 0.762394 0.454105 0.887543 0.077821
9.089383 -48.360835 -0.085808 2984.837363 0.125228 0.981223 0.146694 -0.545970 -0.055301 0.835978 -0.828393 0.184778 -0.528793
10.680635 -43.530841 2408.525245 2920.595540 0.144118 0.980501 0.133599 -0.537629 -0.035763 0.842423 -0.830774 0.193235 -0.521992
11.008334 -49.411910 2236.848776 3261.601168 0.166064 0.980235 0.107532 -0.600491 0.014024 0.799509 -0.782198 0.197341 -0.590950
10.050828 -52.831410 -12.454915 1881.320648 0.149184 0.981941 0.116345 -0.647814 0.008164 0.761755 -0.747048 0.189011 -0.637333
-13.929987 -47.793975 -1365.146113 -592.014472 0.212043 0.703189 0.678648 -0.214303 -0.644078 0.734328 -0.953474 0.301146 -0.014123
-10.422779 -46.201877 -1097.015288 -1242.562255 0.211847 0.747633 0.629417 -0.322932 -0.554309 0.767110 -0.922408 0.365769 -0.124005
-11.830558 -50.385805 -148.291746 -232.386186 0.182024 0.697775 0.692804 -0.231276 -0.654427 0.719887 -0.955708 0.291266 -0.042257
-11.385174 -50.473666 -743.014259 200.774485 0.185416 0.677877 0.711409 0.136358 0.699210 -0.701792 -0.973153 0.227130 0.037211
17.520996 -50.738340 5630.473653 4127.722879 0.474126 0.245639 -0.845498 -0.207106 0.964464 0.164065 0.855752 0.097320 0.508150
24.136918 -41.358046 5423.113205 2201.487623 0.511013 0.238596 -0.825795 -0.253685 0.959774 0.120323 0.821285 0.148005 0.550985
14.287240 -39.038403 4945.077364 2768.350750 0.474837 0.295113 -0.829119 -0.318628 0.935837 0.150619 0.820370 0.192661 0.538401
28.567086 -45.502691 3991.493969 4051.680681 0.541758 0.198101 -0.816856 -0.171487 0.977439 0.123310 0.822855 0.073276 0.563507
-5.346273 -28.777032 -2417.398398 1501.396768 -0.758387 -0.257717 0.598691 -0.176684 0.965407 0.191762 -0.627401 0.039650 -0.777686
2.053901 -27.823680 -3395.758406 1699.115692 -0.767706 -0.225636 0.599764 -0.135608 0.971965 0.192082 -0.626290 0.066130 -0.776781
4.429004 -29.886798 -5166.070759 843.009352 -0.778640 -0.182857 0.600235 -0.152189 0.983068 0.102060 -0.608735 -0.011881 -0.793285
0.377791 -58.155784 724.052514 1140.532298 -0.434126 0.813205 -0.387598 -0.424399 0.194897 0.884251 -0.794619 -0.548373 -0.260514
-0.698218 -59.073269 555.094974 988.703491 -0.430704 0.804050 -0.409876 -0.453690 0.199701 0.868496 -0.780166 -0.560021 -0.278777
0.600410 -57.332304 1702.135993 1794.620228 -0.426300 0.817625 -0.386986 -0.346275 0.247720 0.904836 -0.835681 -0.519735 -0.177521
-0.823999 -60.893742 1197.986416 -0.018471 -0.418391 0.806789 -0.417181 -0.559450 0.132924 0.818136 -0.715517 -0.575693 -0.395744
2.669330 -55.198675 1399.728550 1380.320311 -0.437059 0.822432 -0.364124 -0.273756 0.263992 0.924860 -0.856760 -0.503899 -0.109766
1.125892 -54.674912 -585.372802 1499.514754 -0.463625 0.811678 -0.355289 -0.284879 0.243141 0.927214 -0.838985 -0.531094 -0.118504
2.831581 -55.124050 69.166055 1644.948791 -0.465775 0.805950 -0.365373 -0.355277 0.207839 0.911362 -0.810452 -0.554298 -0.189529
-0.233337 -59.860756 523.363081 71.694801 -0.413482 0.805058 -0.425339 -0.592632 0.116690 0.796976 -0.691245 -0.581605 -0.428855
-14.335834 -48.493873 830.476740 -1966.604195 -0.115813 0.903655 -0.412304 0.411048 0.421488 0.808324 -0.904227 0.075862 0.420259
-12.413862 -51.674213 -1450.066304 -2487.213128 -0.162955 0.898483 -0.407645 0.469793 0.433983 0.768735 -0.867606 0.066239 0.492821
-12.269107 -48.252829 1158.520161 -3400.343210 -0.068749 0.930214 -0.360520 0.407100 0.356076 0.841118 -0.910793 0.088942 0.403170
-13.726892 -39.195823 2008.273825 -1571.859334 -0.068859 0.908322 -0.412566 0.304276 0.412965 0.858415 -0.950092 0.066425 0.304816
-15.481440 -44.374246 1949.281621 534.642107 -0.112677 0.879401 -0.462555 0.357870 0.470195 0.806750 -0.926948 0.074633 0.367691
1.341358 -190.767289 -518.376604 -5780.589438 -0.328457 0.703679 -0.630041 0.839889 0.522754 0.145995 0.432090 -0.481212 -0.762715
-1.356944 -172.425096 -2196.337950 -4082.744673 -0.373209 0.660263 -0.651742 0.913601 0.383767 -0.134374 0.161396 -0.645581 -0.746442
-0.855895 -176.226775 -53.579219 -14745.560874 -0.342677 0.703918 -0.622150 0.882339 0.468540 0.044131 0.322567 -0.533825 -0.781653
-0.187685 -181.299786 869.625034 7902.911416 -0.315257 0.727751 -0.609091 -0.759751 -0.578143 -0.297538 0.568676 -0.368956 -0.735173
9.373296 -220.728722 -2915.126259 -34485.447737 -0.563903 0.708393 -0.424492 0.545589 0.705426 0.452446 -0.619957 -0.023538 0.784283
4.984535 -182.125571 27.632357 -22501.334486 -0.530183 0.720826 -0.446448 0.521038 0.692376 0.499134 -0.668899 -0.032016 0.742664
5.541129 -179.438644 -1348.693789 -27318.148492 -0.555351 0.700723 -0.447854 0.315515 0.675806 0.666135 -0.769439 -0.228634 0.596398
0.184753 -138.928081 -3514.626122 11409.336028 -0.375895 0.124948 -0.918200 0.043015 0.992152 0.117402 0.925663 0.004634 -0.378320
-5.837164 -132.078338 -5478.323070 2269.799327 -0.389757 0.291599 -0.873533 -0.099174 0.929739 0.354611 0.915562 0.224844 -0.333453
3.888660 -167.696632 -5139.542994 6355.395868 -0.371951 0.248431 -0.894390 0.012035 0.964731 0.262964 0.928174 0.087046 -0.361823
-1.999836 -166.817150 -6507.646393 -6033.707678 -0.393730 0.423737 -0.815735 -0.195795 0.828392 0.524816 0.898132 0.366352 -0.243197
15.818831 -166.660053 -2238.115907 120.560239 -0.389127 0.138060 -0.910780 0.255624 0.966059 0.037225 0.885006 -0.218332 -0.411212
0.555550 -54.034520 -1436.108851 -1704.019639 -0.161869 0.930620 -0.328246 0.498731 -0.209875 -0.840964 0.851508 0.299832 0.430156
0.412163 -59.412393 -1028.747034 777.277068 -0.182091 0.932047 -0.313260 0.577714 -0.156388 -0.801118 0.795669 0.326851 0.509979
1.561242 -53.266652 531.734405 -2720.546137 -0.195776 0.920539 -0.338053 0.520554 -0.194594 -0.831359 0.831081 0.338735 0.441093
0.318709 -51.771730 -1330.840358 -2211.398401 -0.166803 0.924314 -0.343249 0.560404 -0.197555 -0.804313 0.811249 0.326520 0.485036
-52.505975 -90.602015 -774.873033 11345.359250 0.500737 -0.669998 -0.548055 0.221810 0.711329 -0.666942 0.836698 0.212399 0.504801
-51.317315 -80.342363 1698.728541 5831.605135 -0.470367 0.842401 0.262898 0.404177 0.470477 -0.784405 0.784471 0.262701 0.561777
-40.986334 -69.143170 -310.254040 5640.877507 -0.384540 0.921826 -0.048638 0.456811 0.144244 -0.877791 0.802155 0.359765 0.476568
74.569268 -105.433322 -5922.970871 1570.820623 -0.024250 0.729189 0.683882 0.980914 -0.114658 0.157037 0.192922 0.674638 -0.712492
76.993701 -113.307872 -2935.431183 2763.689416 0.008635 0.598456 0.801109 0.937555 -0.283435 0.201630 0.347729 0.749343 -0.563533
86.165139 -116.036747 -97.004640 -4525.135039 -0.026237 0.603643 0.796823 0.998057 -0.029252 0.055023 0.056523 0.796718 -0.601703
-55.224186 -61.914634 3235.585965 -575.686633 0.265894 0.493299 0.828225 0.963921 -0.124874 -0.235082 -0.012542 0.860850 -0.508705
-19.779086 -59.432216 3952.423744 2331.303814 -0.359998 0.893050 -0.269932 -0.195991 -0.355267 -0.913987 0.912134 0.276129 -0.302925
-28.029726 -57.416742 3207.427794 2803.557674 -0.354684 0.849795 -0.389932 -0.238725 -0.485532 -0.840993 0.903996 0.205201 -0.375078
-20.120507 -50.974804 3814.454053 4237.692913 -0.389166 0.875976 -0.284985 -0.320356 -0.418764 -0.849711 0.863668 0.239382 -0.443592
-30.041306 -63.236969 2971.914544 1116.273506 -0.309080 0.870096 -0.383931 -0.136740 -0.440160 -0.887446 0.941154 0.221793 -0.255022
-11.933265 -55.633148 4668.963953 3945.329971 -0.379871 0.907169 -0.180948 -0.279729 -0.299106 -0.912298 0.881731 0.295939 -0.367383
-12.961376 -63.145300 4336.476043 193.196720 -0.361414 0.908220 -0.210989 -0.070305 -0.252185 -0.965122 0.929751 0.333975 -0.154995
-22.144635 -63.570012 4280.728195 349.510648 -0.336924 0.897688 -0.283967 -0.075154 -0.326280 -0.942281 0.938527 0.296136 -0.177397
-9.541977 -60.818336 4655.813002 2038.629810 -0.374515 0.909844 -0.178670 -0.177473 -0.259471 -0.949304 0.910078 0.323819 -0.258649
20.170031 7.174971 4499.430588 -2998.745777 -0.481205 -0.434645 0.761265 0.115932 0.829240 0.546737 -0.868908 0.351348 -0.348645
11.535259 5.180958 3685.274796 -2540.450225 -0.458479 -0.431404 0.776973 0.127069 0.833471 0.537755 -0.879574 0.345279 -0.327311
15.793228 0.398249 3691.802510 -1525.225883 -0.459006 -0.350771 0.816255 0.168151 0.867853 0.467501 -0.872375 0.351840 -0.339367
-9.814051 -42.980415 5270.120102 -2611.846257 0.828831 -0.550680 -0.098946 0.057014 0.259055 -0.964178 -0.556586 -0.793500 -0.246109
4.010033 -39.119425 10846.136623 -3364.750560 0.821821 -0.562823 0.088547 0.203199 0.144345 -0.968439 -0.532279 -0.813876 -0.232990
8.523097 -39.606699 10381.052334 -933.771525 0.826138 -0.553947 0.103145 0.181893 0.088925 -0.979289 -0.533302 -0.827789 -0.174224
28.352179 -39.396506 15359.024394 -47.877772 0.783982 -0.575531 0.232672 0.291943 0.011046 -0.956372 -0.547851 -0.817706 -0.176682
33.803375 -42.249729 14734.480066 6476.210369 0.787437 -0.581772 0.203675 0.250613 0.000287 -0.968087 -0.563148 -0.813352 -0.146026
17.890559 -30.183924 4839.066463 -19.596578 0.832852 -0.528806 -0.163467 -0.091254 0.160107 -0.982873 -0.545921 -0.833504 -0.085089
7.679469 -47.266152 1377.707876 3017.452391 -0.128066 0.929246 -0.346556 -0.625186 0.195621 0.755563 -0.769897 -0.313423 -0.555899
6.010497 -48.896314 -545.905239 3156.540414 -0.144847 0.929113 -0.340248 -0.647319 0.171092 0.742769 -0.748330 -0.327837 -0.576650
3.035620 -49.226486 -841.938258 3358.875245 -0.144847 0.941230 -0.305132 -0.643804 0.144522 0.751418 -0.751356 -0.305286 -0.585034
