16855
33701
-40.457679 -57.372922 721.772702 7675.466533 0.271748 0.956080 -0.109840 0.809445 -0.288806 -0.511263 0.520530 -0.050025 0.852377
-43.402822 -69.501076 491.886419 7004.804991 0.198967 0.976663 -0.080886 0.884037 -0.214491 -0.415297 0.422954 -0.011124 0.906083
-43.520457 -71.567180 -1274.880127 12241.469344 -0.067503 0.986048 0.152161 0.877860 0.131174 -0.460603 0.474136 -0.102484 0.874467
-37.873328 -59.607559 948.201489 6673.051230 0.389027 0.884850 -0.256317 0.771021 -0.465011 -0.435076 0.504167 0.028370 0.863140
-36.628834 -50.150840 -4.829564 7254.404334 0.301219 0.950136 -0.080675 0.763038 -0.290912 -0.577186 0.571875 -0.112302 0.812618
-33.376000 -48.362060 1031.736206 -2835.250829 0.583748 0.704097 -0.404334 -0.566878 0.709951 0.417874 0.581281 -0.014725 0.813570
202.044857 -121.504290 -50396.031862 6037.691355 0.893414 -0.431503 0.124969 -0.430946 -0.744647 0.509693 0.126876 0.509222 0.851232
205.476245 -123.122274 6074.289371 -978.523111 0.752771 -0.613562 -0.238490 0.378097 0.699566 -0.606341 0.538867 0.366263 0.758599
190.623878 -119.093799 23829.761234 -3621.092397 0.714884 -0.633908 -0.295129 0.487326 0.754355 -0.439843 0.501452 0.170613 0.848196
180.078479 -103.328661 38635.362472 -3196.735866 0.708035 -0.600610 -0.371423 0.566482 0.797107 -0.209090 0.421645 -0.062361 0.904614
169.832918 -108.417938 -21547.588444 8221.103665 0.842871 -0.536880 0.036442 -0.525277 -0.806168 0.272357 0.116844 0.248704 0.961506
185.437093 -117.832037 55137.656118 -4883.015681 0.484068 -0.639684 -0.597062 0.585031 0.744002 -0.322799 0.650705 -0.193044 0.734382
-17.893222 -94.976096 -3239.704327 -6476.464131 -0.377861 0.866386 -0.326492 0.620876 0.498707 0.604818 -0.686829 -0.025826 0.726360
-23.473443 -98.133893 -3700.999335 -4176.964697 -0.365835 0.862553 -0.349524 0.713469 0.501074 0.489782 -0.597601 0.070196 0.798715
-27.195312 -87.899486 -3604.831720 -7110.462058 -0.385367 0.821425 -0.420421 0.568342 0.570222 0.593155 -0.726966 0.010361 0.686595
-10.433895 -100.370909 -2700.085030 -6740.290041 -0.343255 0.903140 -0.257903 0.633489 0.425344 0.646355 -0.693446 -0.058486 0.718131
-16.756505 -108.146494 -2193.986421 -3794.533330 -0.324532 0.911873 -0.251329 0.781406 0.408192 0.472000 -0.532994 0.043211 0.845015
-10.850915 -84.776172 -3487.441456 -6748.910553 -0.403458 0.836363 -0.371105 0.436611 0.532402 0.725203 -0.804109 -0.130561 0.579967
-17.795492 -77.695813 -3965.103241 -5945.109507 -0.437870 0.771117 -0.462221 0.394436 0.626778 0.671990 -0.807892 -0.111928 0.578604
708.063615 -71.649613 271566.989855 21941.858607 -0.242351 0.829869 -0.502577 0.884500 -0.023867 -0.465930 -0.398656 -0.557448 -0.728235
1016.053604 -192.889963 384182.242554 38600.677786 -0.188400 0.828017 -0.528103 0.839230 -0.143561 -0.524484 -0.510097 -0.542013 -0.667849
6324.177423 -65.109191 2660919.853667 5735.530483 -0.354744 0.164902 -0.920306 0.933258 0.003032 -0.359193 -0.056441 -0.986305 -0.154971
3751.217906 -70.854964 1836234.146986 18769.381569 -0.420467 0.198052 -0.885428 0.902672 -0.007212 -0.430269 -0.091601 -0.980165 -0.175744
-16.951217 -35.104593 3891.624918 -6014.665950 -0.027133 0.800416 0.598831 0.497308 -0.508850 0.702678 -0.867150 -0.316869 0.384246
-16.170782 -35.837196 5011.123235 -3546.640968 -0.035930 0.846288 0.531513 0.563554 -0.422065 0.710118 -0.825297 -0.325051 0.461764
0.515448 -28.282900 8584.363718 -2972.497201 -0.209377 0.946705 0.244767 0.436407 -0.133533 0.889785 -0.875049 -0.293118 0.385190
-4.189752 -26.658470 8618.311351 -2461.114875 -0.209232 0.944535 0.253133 0.375584 -0.161384 0.912629 -0.902861 -0.286024 0.320986
-19.668561 -35.777575 2735.533694 -7646.770171 -0.008146 0.727668 0.685881 0.450144 -0.609808 0.652306 -0.892919 -0.314059 0.322588
114.778999 -36.866743 -14585.760878 -5959.480261 0.259319 -0.720916 -0.642677 0.776003 -0.240619 0.583028 -0.574954 -0.649909 0.497036
126.419109 -34.759762 30564.830011 -3232.988981 0.423315 -0.440392 -0.791745 0.792218 -0.244048 0.559314 -0.439541 -0.864000 0.245577
106.138425 -27.865074 7767.620718 -1298.930502 0.342232 -0.616431 -0.709147 0.770225 -0.248229 0.587482 -0.538173 -0.747258 0.389839
122.253795 -32.507614 41518.363568 -2753.038594 -0.121470 0.874124 0.470268 0.742111 -0.234655 0.627859 -0.659178 -0.425258 0.620194
83.425107 -21.599438 6287.636971 -663.167257 -0.265916 0.755426 0.598849 0.724125 -0.253539 0.641375 -0.636343 -0.604193 0.479602
92.031394 -20.503255 25137.141049 -1569.018835 0.431045 -0.451123 -0.781465 0.756974 -0.290580 0.585281 -0.491112 -0.843831 0.216236
1.044776 -58.330604 211.927806 2583.430032 0.498817 0.853578 -0.150287 0.855935 -0.512408 -0.069370 0.136221 0.094033 0.986206
1.870403 -62.585318 -39.772843 1991.366998 -0.471108 -0.870801 0.140585 0.882014 -0.466941 0.063388 0.010447 0.153860 0.988037
0.359603 -67.013327 -975.208314 2365.580778 -0.470179 -0.867550 0.162136 0.882571 -0.462287 0.085790 0.000526 0.183434 0.983032
0.321146 -62.090640 1086.327812 2484.946434 0.496324 0.853617 -0.158113 0.855652 -0.511782 -0.077063 0.146702 0.097041 0.984409
0.837229 -58.495828 499.357838 1983.856737 0.515450 0.843275 -0.152311 0.825172 -0.536383 -0.177160 0.231092 0.034366 0.972325
1.423601 -56.428816 -182.054301 1185.272360 0.533196 0.832730 -0.149204 0.810307 -0.553383 -0.192798 0.243115 0.018102 0.969829
4.871050 -71.200848 2253.484702 7463.674462 0.370473 0.898991 -0.233592 -0.645624 0.430035 0.631062 -0.667772 0.082980 -0.739727
3.780451 -77.928741 2028.573518 7549.095531 0.367274 0.899743 -0.235738 -0.678389 0.432522 0.593897 -0.636316 0.058200 -0.769230
1.678486 -66.775613 2050.686628 7688.328179 0.339009 0.916871 -0.210761 -0.588829 0.381511 0.712551 -0.733725 0.117459 -0.669216
3.882270 -57.316608 1456.631924 5842.712565 0.344285 0.911543 -0.224849 -0.553706 0.390544 0.735449 -0.758207 0.128704 -0.639185
4.274508 -132.445536 -1417.656263 -2205.648442 0.090201 0.992846 0.078231 -0.838775 0.033382 0.543454 -0.536955 0.114638 -0.835786
2.789656 -140.781254 -170.505510 -4865.231134 0.077467 0.990378 0.114678 -0.687157 -0.030302 0.725877 -0.722367 0.135033 -0.678198
3.102221 -132.746173 -2133.822418 -2775.213219 0.067801 0.994292 0.082375 -0.695396 -0.012109 0.718524 -0.715421 0.106000 -0.690606
4.725384 -139.231926 1447.713405 -3749.168573 0.107743 0.986396 0.124155 -0.816262 0.016478 0.577447 -0.567545 0.163559 -0.806933
4.685047 -126.903759 -3347.910233 -1274.981899 0.083037 0.995285 0.050131 -0.843097 0.043342 0.536012 -0.531312 0.086775 -0.842720
4.162098 -122.051600 -2434.155654 -2406.828255 0.120260 0.991745 0.044485 -0.937971 0.098832 0.332328 -0.325188 0.081692 -0.942114
4.274448 -129.120473 1098.458620 -3044.187343 0.136617 0.985015 0.105263 -0.937301 0.094139 0.335566 -0.320628 0.144507 -0.936117
-30.899506 -47.811627 5583.845018 -1401.694151 0.736597 0.676276 0.008688 -0.037904 0.028453 0.998876 -0.675269 0.736098 -0.046592
-35.795069 -47.352127 -892.900671 -1931.435629 0.664768 0.733070 -0.143844 0.062666 0.137150 0.988566 -0.744417 0.666181 -0.045234
-28.208231 -52.501577 3052.337314 -530.585649 0.702436 0.698313 -0.137633 0.160695 0.032781 0.986460 -0.693369 0.715042 0.089189
-4.163968 -45.425984 12311.764948 -204.699334 0.742440 0.595048 -0.307734 0.244880 0.186511 0.951445 -0.623551 0.781749 0.007242
6.165645 -40.439986 -2469.417031 -215.364703 0.631545 0.670030 -0.390143 -0.332442 -0.220580 -0.916966 0.700452 -0.708805 -0.083440
4.913771 -38.092846 1352.507178 2230.154814 0.610428 0.726854 -0.314740 -0.287617 -0.166832 -0.943103 0.738007 -0.666221 -0.107217
8.153105 -36.511135 1035.453387 -1682.745066 0.616280 0.725655 -0.305979 -0.304034 -0.139180 -0.942440 0.726473 -0.673835 -0.134850
-15.723129 -55.852188 -2366.737548 -2456.653798 -0.452276 -0.835028 0.313328 0.876288 -0.481445 -0.018181 0.166031 0.266342 0.949471
-16.974783 -56.417974 -2022.611717 102.632673 -0.560387 -0.778523 0.282611 0.820787 -0.567666 0.063752 0.110797 0.267689 0.957114
-20.510180 -59.240906 -340.567603 -781.937429 0.542188 0.806432 -0.236006 0.817082 -0.571521 -0.075764 0.195981 0.151758 0.968794
-6.109023 -71.560256 -737.261496 2897.641922 -0.479836 -0.868421 0.124912 0.874733 -0.462523 0.144618 -0.067814 0.178658 0.981571
-9.199220 -72.244879 -1337.344632 4201.764009 -0.497225 -0.860819 0.108432 0.856191 -0.466608 0.221841 -0.140370 0.203144 0.969035
-8.896074 -66.146422 -1776.239559 2939.383394 -0.478283 -0.870249 0.117953 0.877959 -0.470635 0.087690 -0.020799 0.145498 0.989140
-6.084542 -66.406659 -1145.771136 2036.041067 -0.466608 -0.874849 0.130063 0.879580 -0.474420 -0.035576 0.092828 0.097800 0.990867
3.561796 -44.482436 271.726954 -5042.776091 0.820984 0.556773 -0.126450 0.548343 -0.707190 0.446321 -0.159076 0.435760 0.885894
3.947953 -47.173073 -317.351384 1217.798748 0.798885 0.588305 -0.125222 0.596576 -0.748462 0.289657 -0.076683 0.306107 0.948904
1.377495 -45.864328 808.522724 -4555.802923 0.808586 0.570332 -0.144607 0.575036 -0.713969 0.399477 -0.124590 0.406166 0.905266
-8.418192 -99.482917 212.678926 337.599682 -0.130333 0.876233 -0.463928 0.265922 0.481668 0.835034 -0.955143 0.014536 0.295787
-5.878280 -87.737074 2434.581864 2377.021799 -0.114131 0.842206 -0.526938 0.320509 0.533258 0.782886 -0.940345 0.079537 0.330796
-2.232136 -92.974025 2852.800859 8126.503594 -0.117297 0.830097 -0.545143 0.200554 0.557422 0.805642 -0.972635 0.014831 0.231864
-2.663578 -107.131167 1755.627065 8326.966145 -0.135259 0.846615 -0.514730 0.072134 0.526540 0.847085 -0.988181 -0.077447 0.132289
-6.116878 -99.474310 123.538797 3333.553467 -0.154888 0.862553 -0.481676 0.120366 0.500404 0.857384 -0.980572 -0.074822 0.181329
-9.135715 -105.207320 -1097.528238 -5610.779299 -0.139785 0.895023 -0.423549 0.257228 0.445886 0.857333 -0.956187 -0.010894 0.292553
-12.107899 -116.640563 -1682.517867 -10192.397804 -0.106139 0.921531 -0.373516 0.438824 0.380490 0.814040 -0.892283 0.077506 0.444775
13.986093 -94.890832 7166.541692 -14746.709652 -0.096825 0.823244 -0.559370 0.553096 0.511748 0.657418 -0.827472 0.245731 0.504883
21.403839 -89.994312 6168.325697 -6693.313274 -0.130040 0.831409 -0.540230 0.528361 0.519158 0.671796 -0.839002 0.198076 0.506796
10.570501 -79.096189 5238.298490 1260.353757 -0.126376 0.812557 -0.569017 0.471086 0.553967 0.686439 -0.872987 0.181307 0.452792
-0.448880 -106.542403 4630.770829 -15963.197931 -0.075860 0.844975 -0.529398 0.542837 0.480351 0.688906 -0.836405 0.235116 0.495123
-30.597729 -49.045669 -1913.128471 -248.721800 -0.349818 0.916637 -0.193404 0.880421 0.251127 -0.402237 0.320136 0.310986 0.894875
-29.126430 -48.082778 -2368.868744 1013.722589 -0.325389 0.928315 -0.179872 0.834342 0.192353 -0.516598 0.444967 0.318170 0.837121
-30.631546 -47.873524 -199.329885 836.936135 0.359362 -0.897398 0.255998 0.849557 0.201090 -0.487663 0.386149 0.392733 0.834656
-26.629604 -49.565641 -3082.067491 60.621328 -0.334075 0.934459 -0.123213 0.869434 0.255036 -0.423133 0.363977 0.248483 0.897651
-30.190157 -48.158408 -1302.462325 -420.005538 0.414020 -0.874960 0.251062 0.869315 0.298259 -0.394123 0.269961 0.381427 0.884101
-29.276618 -48.075319 35.056155 -479.459144 0.428899 -0.879310 0.207026 0.883182 0.360003 -0.300646 0.189831 0.311788 0.930995
-27.652739 -49.480582 -2293.028367 -349.689389 -0.379887 0.914913 -0.136455 0.890454 0.321730 -0.321840 0.250554 0.243770 0.936909
29.305658 -624.405981 12708.274385 183148.189737 0.442525 0.892197 -0.090304 0.474457 -0.147490 0.867835 -0.760961 0.426884 0.488578
5.114127 -488.392547 12323.771861 142784.454217 0.495074 0.862763 -0.102678 0.554983 -0.223089 0.801390 -0.668503 0.453731 0.589264
7.336484 -510.056095 9474.143598 150186.763800 0.460199 0.886349 -0.051021 0.718480 -0.338049 0.607873 -0.521539 0.316400 0.792394
19.430563 -441.973274 6895.961380 82707.960485 0.323240 0.942395 -0.086066 0.721158 -0.186421 0.667217 -0.612738 0.277738 0.739874
41.399535 -465.617340 3981.119062 22701.262945 0.330830 0.935992 -0.120296 0.367030 -0.010183 0.930153 -0.869391 0.351875 0.346906
-2918.693278 -3827.547275 395802.629955 556058.255519 0.101590 0.931224 0.350001 0.449012 0.271026 -0.851430 0.887732 -0.243651 0.390597
380.069330 -1449.763327 365676.664444 -648733.537338 0.600908 0.797790 -0.049404 -0.429570 0.270200 -0.861662 0.674076 -0.539002 -0.505072
122.538983 -1786.560362 53682.793691 1268661.249068 0.648766 0.754632 -0.098152 0.437661 -0.475517 -0.763110 0.622540 -0.452123 0.638772
8.373323 -1963.354867 -1423.100325 377514.705898 -0.429730 -0.895913 0.112573 0.877491 -0.384952 0.286045 -0.212936 0.221704 0.951581
-14.014148 -28.145551 -418.109668 -363.254304 -0.329901 0.931943 0.150487 0.389704 0.279642 -0.877457 0.859823 0.230829 0.455437
-11.580224 -27.419526 -832.035792 -34.708961 -0.234336 0.972074 0.012604 0.485366 0.128220 -0.864858 0.842322 0.196550 0.501859
-13.257401 -27.383266 -780.785631 242.131077 -0.214455 0.976697 -0.008459 0.439123 0.088676 -0.894040 0.872456 0.195447 0.447907
-16.003750 -27.910650 -756.918997 -9.453255 -0.283295 0.951668 0.118626 0.346171 0.216827 -0.912771 0.894377 0.217519 0.390866
-19.603491 -50.380251 -273.649789 3089.218758 0.428519 0.838982 -0.335381 0.720675 -0.541263 -0.433199 0.544976 0.056067 0.836575
-17.040176 -56.133371 -4.012838 2941.973407 0.395724 0.851219 -0.344717 0.791776 -0.506402 -0.341539 0.465289 0.137783 0.874369
-19.375890 -56.617719 1266.110697 3158.847873 0.456729 0.819164 -0.346942 0.765100 -0.560686 -0.316627 0.453895 0.120833 0.882824
-22.024111 -53.759232 748.170950 5396.238775 0.472896 0.821996 -0.317319 0.718977 -0.568167 -0.400323 0.509354 0.038834 0.859680
-21.154216 -45.873429 -175.459930 1447.446392 0.492793 0.803824 -0.333200 0.659614 -0.594830 -0.459442 0.567508 -0.006626 0.823341
-20.073825 -43.490056 91.350700 2454.466983 0.468289 0.795234 -0.385109 0.599132 -0.606136 -0.523106 0.649420 -0.014233 0.760297
-0.839022 -156.135784 -403.935210 -17027.225890 0.385733 0.899876 0.203551 -0.179063 0.289449 -0.940295 0.905067 -0.326255 -0.272785
-1.710092 -142.196233 -754.347495 -11951.615553 0.399636 0.889677 0.220829 -0.150406 0.301278 -0.941600 0.904251 -0.343083 -0.254214
-1.198952 -133.478669 -1418.024965 -14829.205179 0.412041 0.881490 0.230647 0.062875 0.225024 -0.972322 0.908993 -0.415139 -0.037295
0.648496 -136.553555 -469.467796 -17402.557834 0.397311 0.888531 0.229470 0.076326 0.217191 -0.973140 0.914504 -0.404154 -0.018475
0.498397 -118.154285 -1249.298986 -6559.220338 0.407105 0.878703 0.249293 0.257009 0.151704 -0.954428 0.876477 -0.452623 0.164075
-1.419598 -119.157687 -995.869392 -8687.234006 0.407555 0.879909 0.244253 0.226644 0.161639 -0.960471 0.884608 -0.446804 0.133549
18.503074 -400.468830 2067.483619 -41226.647534 0.180521 0.953737 0.240410 -0.910906 0.254317 -0.324919 0.371028 0.160336 -0.914675
21.014348 -629.829228 -1192.954458 -164934.569997 0.221319 0.961914 0.160434 -0.746242 0.272959 -0.607137 0.627806 -0.014649 -0.778232
38.948847 -2531.976541 16702.666887 -957227.040263 0.237549 0.923268 0.301905 -0.473598 0.381440 -0.793857 0.848101 -0.045599 -0.527869
21.766963 -514.122251 -2262.055832 -139194.067669 0.205060 0.965876 0.158219 0.978661 -0.200177 -0.046379 -0.013125 0.164353 -0.986314
38.748566 -2142.256161 3017.865064 -807453.153369 0.137749 0.954326 0.265117 -0.569872 0.295290 -0.766844 0.810105 0.045451 -0.584520
12.699586 -744.702528 8018.281135 -297067.321854 0.161258 0.935348 0.314833 0.972707 -0.096703 -0.210925 -0.166843 0.340254 -0.925414
62.941949 -2994.587056 8475.225339 1270432.195950 0.217480 0.948452 0.230526 -0.922464 0.122533 0.366123 -0.319003 0.292276 -0.901561
4.186883 -409.775922 8973.879432 -56240.488333 0.146176 0.936752 0.318007 -0.898528 0.260206 -0.353469 0.413860 0.234070 -0.879733
-30.530541 -55.065058 -10857.878653 19795.343752 -0.249979 0.490286 0.834943 0.352652 0.849194 -0.393072 -0.901747 0.196184 -0.385181
-22.571557 -42.850326 229.577796 -1067.089750 0.154492 0.987627 0.026911 -0.410318 0.039359 0.911093 -0.898761 0.151799 -0.411322
-9.002345 -55.886885 -7887.744108 -11199.036264 -0.162435 0.729531 0.664379 -0.446152 -0.654864 0.610001 -0.880093 0.197329 -0.431854
12.076253 -23.031236 3139.657494 3033.709567 0.543223 -0.807150 -0.231121 0.793996 0.404397 0.453908 -0.272908 -0.430083 0.860552
19.202959 -16.470420 3350.535426 1456.468554 0.599805 -0.780654 -0.175537 0.757976 0.484070 0.437205 -0.256334 -0.395291 0.882065
11.908242 -18.541287 2054.522001 1901.596398 0.565730 -0.792875 -0.226492 0.792822 0.447506 0.413729 -0.226678 -0.413627 0.881777
2.721577 -25.778261 2537.418205 3355.670844 0.406489 -0.850091 -0.334830 0.878433 0.262854 0.399078 -0.251241 -0.456347 0.853596
3.625447 -30.282619 2793.482065 3505.888777 0.447924 -0.841453 -0.302195 0.841023 0.281855 0.461777 -0.303388 -0.460994 0.833931
9.476392 -32.209361 2917.842193 3790.393770 0.509927 -0.825758 -0.241034 0.791899 0.341190 0.506443 -0.335961 -0.449124 0.827900
-35.578416 -94.039386 5041.992285 14114.622831 -0.290946 0.886461 -0.359913 0.260842 0.435432 0.861603 -0.920495 -0.156800 0.357914
-51.192720 -111.598635 9196.599289 11806.611838 -0.323436 0.757883 -0.566571 0.002877 0.599539 0.800341 -0.946246 -0.257229 0.196093
-72.245803 -114.896198 21723.203734 15572.228679 -0.302530 0.854921 -0.421408 0.254225 0.498487 0.828783 -0.918610 -0.143599 0.368150
-42.563136 -89.276198 12530.540054 1083.997573 -0.146203 0.986331 -0.075993 0.459288 0.135715 0.877859 -0.876173 -0.093443 0.472852
-27.770738 -73.863050 9470.509721 2765.484706 0.722045 -0.126453 0.680191 0.471929 -0.628890 -0.617884 -0.505899 -0.767142 0.394410
-17.058951 -71.357492 8953.608660 2520.046754 0.731985 -0.098322 0.674189 0.425682 -0.706621 -0.565227 -0.531970 -0.700728 0.475382
-35.118959 -78.331154 6626.775145 542.573815 0.632280 -0.067827 0.771765 -0.452519 0.776239 0.438953 -0.628847 -0.626780 0.460107
-4.253338 -60.653107 10137.461036 4088.455926 0.817271 -0.193721 0.542715 0.378468 -0.529755 -0.759027 -0.434545 -0.825731 0.359636
-42.579769 -82.120465 6903.286647 1269.204050 0.611528 -0.106216 0.784061 0.520941 -0.691806 -0.500026 -0.595529 -0.714229 0.367726
-2.094775 -38.831832 -829.137301 744.501336 -0.344662 0.909833 0.231112 0.928157 0.367134 -0.061139 -0.140475 0.193436 -0.971004
-2.231966 -40.035003 -769.251365 -690.866584 -0.335721 0.912917 0.232109 -0.918337 -0.372049 0.135043 -0.209639 0.167817 -0.963270
-3.559158 -39.159557 -909.862177 325.857104 -0.340214 0.908953 0.240955 0.926560 0.367752 -0.079020 -0.160437 0.196376 -0.967314
-2.340225 -36.883614 -931.490948 911.540502 -0.345083 0.910011 0.229779 0.936418 0.350390 0.018640 -0.063550 0.221601 -0.973064
-4.375740 -36.978642 -1126.978730 1127.613784 -0.326423 0.914123 0.240471 0.943141 0.331865 0.018703 -0.062707 0.232903 -0.970476
1287.939951 -17.114756 479165.950839 -13180.954816 0.350764 0.878073 0.325505 0.883926 -0.425228 0.194567 -0.309258 -0.219475 0.925305
401.626519 -7.425972 143816.911928 -8527.861159 0.221788 0.844388 0.487667 0.891015 -0.378661 0.250417 -0.396110 -0.378979 0.836344
117.630584 -44.679657 46229.128315 -535.800172 -0.040558 0.987298 0.153614 0.905720 -0.028595 0.422912 -0.421932 -0.156284 0.893056
104.396571 -41.866958 50058.252096 -957.423976 0.030558 0.988775 0.146253 0.939969 -0.078184 0.332184 -0.339890 -0.127322 0.931807
691.432183 -57.521043 260499.469485 -13145.464281 0.293872 0.937202 0.187859 0.929629 -0.325952 0.171886 -0.222325 -0.124126 0.967039
752.603998 -28.781857 -284925.402195 -10791.121663 -0.226540 -0.898018 -0.377151 0.948806 -0.290968 0.122901 -0.220106 -0.330001 0.917961
-7.142328 -55.013845 -1709.786723 2258.321568 -0.350762 0.915642 -0.196381 -0.876090 -0.394930 -0.276581 0.330806 -0.075033 -0.940711
-8.136942 -56.193690 -1462.977603 -775.578395 -0.394794 0.896814 -0.199655 -0.888881 -0.427801 -0.163945 0.232441 -0.112745 -0.966054
-9.866974 -54.480468 -1917.860746 2797.809617 -0.336006 0.923165 -0.186725 -0.895116 -0.374672 -0.241637 0.293031 -0.085949 -0.952232
-8.306374 -54.890217 -1166.840419 -126.623544 -0.286074 0.947385 -0.143609 -0.853535 -0.320059 -0.411146 0.435477 -0.004958 -0.900186
-8.067954 -54.811438 -2125.798132 992.649407 -0.306384 0.935943 -0.173608 -0.854615 -0.350779 -0.382867 0.419239 -0.031064 -0.907344
-1.017226 -68.584339 -1305.431103 3124.889748 -0.406806 0.912688 -0.038857 0.356618 0.119504 -0.926575 0.841031 0.390793 0.374096
-2.719556 -64.337397 -908.990426 3824.009335 -0.404685 0.912811 -0.054824 0.252886 0.054097 -0.965983 0.878794 0.404783 0.252729
-2.435966 -65.472969 -83.698152 3763.726484 -0.422874 0.905702 -0.029707 0.276552 0.097766 -0.956013 0.862958 0.412488 0.291816
-0.912005 -67.072716 -1104.810846 4728.030659 -0.394325 0.916083 -0.072799 0.284130 0.046199 -0.957672 0.873944 0.398318 0.278504
6.775479 -72.629082 5622.597287 -1778.181508 -0.732407 0.673233 0.101670 0.214798 0.370167 -0.903791 0.646097 0.640104 0.415722
21.536764 -70.400058 -8314.685123 2946.991340 0.742132 -0.654507 -0.144429 -0.149099 -0.371295 0.916466 0.653459 0.658605 0.373137
20.719418 -73.675798 7993.922929 1537.332514 -0.744863 0.646173 0.166250 0.229680 0.482262 -0.845382 0.626439 0.591510 0.507632
5.764799 -76.112484 -6434.913557 4770.231076 0.732677 -0.675970 -0.079050 -0.145670 -0.269219 0.951999 0.664805 0.685992 0.295719
6.893558 -74.496984 5642.137341 1249.306621 -0.741950 0.658058 0.128333 0.284760 0.482589 -0.828263 0.606977 0.577986 0.545446
-3.712977 -77.614902 2245.741344 -1643.592519 -0.706115 0.705184 0.064170 0.260330 0.342809 -0.902613 0.658506 0.620643 0.425643
-3.126631 -78.669221 2308.980917 -2651.810444 -0.704564 0.707846 0.050435 0.165596 0.233105 -0.958248 0.690049 0.666795 0.281454
3.651852 -128.557655 171.560676 11535.909797 -0.536166 0.844055 0.009896 0.127143 0.069163 0.989470 -0.834483 -0.531778 0.144398
2.904275 -159.141938 -1667.854643 16054.334470 -0.552193 0.833060 -0.033083 -0.010581 0.032676 0.999410 -0.833649 -0.552217 0.009229
5.100300 -127.819125 -1759.158527 10998.124773 -0.550238 0.834880 0.014636 0.169599 0.094580 0.980964 -0.817603 -0.542246 0.193636
5.351672 -113.350351 -309.889064 4676.208537 -0.520163 0.851768 0.062628 0.320618 0.126778 0.938686 -0.791602 -0.508349 0.339037
4.871812 -113.019189 -223.261032 9276.050470 -0.539493 0.840028 0.057441 0.273738 0.110471 0.955439 -0.796250 -0.531177 0.289546
9.487085 -42.201575 -607.434507 -1497.949039 -0.513133 0.829625 0.220038 -0.325850 0.048872 -0.944157 0.794050 0.556178 -0.245256
9.377156 -42.495697 1256.163110 -3988.616346 -0.486482 0.826510 0.283226 -0.346409 0.115134 -0.930991 0.802082 0.551022 -0.230300
10.988207 -27.433495 -620.399178 -9492.741269 -0.530079 0.831467 0.166373 -0.213978 0.058692 -0.975074 0.820506 0.552466 -0.146804
13.272294 -31.330307 -2751.459028 -4133.990669 -0.546053 0.828919 0.121324 -0.225981 -0.006291 -0.974111 0.806696 0.559333 -0.190756
11.370190 -40.165546 -2632.709350 -97.795349 -0.521751 0.830334 0.195759 -0.342839 0.006039 -0.939375 0.781176 0.557234 -0.281520
7.287419 -45.090958 -1291.280835 167.848693 -0.493931 0.830056 0.258918 -0.414758 0.036797 -0.909188 0.764204 0.556464 -0.326097
13.940298 -42.855456 -4518.107248 -612.841985 -0.493158 0.817819 0.296593 0.155893 -0.252337 0.954999 -0.855857 -0.517203 0.003051
15.344162 -39.961591 -3836.123358 1303.407417 -0.491308 0.828520 0.268648 0.224268 -0.177704 0.958189 -0.841618 -0.531014 0.098503
7.558750 -42.504545 -4183.555741 479.336342 -0.504880 0.815665 0.282464 0.190361 -0.213965 0.958114 -0.841938 -0.537503 0.047244
7.581551 -41.436718 -3720.784397 -1385.733592 -0.502968 0.809260 0.303516 0.098743 -0.295066 0.950361 -0.858646 -0.507971 -0.068500
-0.751025 -41.641341 -3304.370498 2044.733299 -0.511614 0.819870 0.257030 0.235905 -0.153614 0.959558 -0.826196 -0.551558 0.114820
-0.053226 -43.881008 -2915.093806 -18.074308 -0.508667 0.819175 0.264972 0.142124 -0.223647 0.964253 -0.849152 -0.528142 0.002663
0.306881 -57.314407 -2046.387876 485.367173 -0.378359 0.919100 -0.109996 0.068184 -0.090835 -0.993529 0.923144 0.383411 0.028300
3.239521 -57.064718 -1890.756071 64.266876 -0.375186 0.921558 -0.099827 0.033607 -0.094100 -0.994995 0.926340 0.376663 -0.004334
1.721571 -57.936852 -2652.433208 -3034.167250 -0.372368 0.922576 -0.100973 -0.038706 -0.124140 -0.991510 0.927278 0.365298 -0.081935
-9.557458 -41.867552 109.346230 -4685.757974 -0.455901 0.888494 -0.052281 -0.509011 -0.212095 0.834220 -0.730111 -0.406933 -0.548947
-10.837762 -39.025070 1178.838139 -2066.166798 -0.437962 0.896435 -0.067782 -0.562849 -0.214630 0.798207 -0.700993 -0.387735 -0.598557
-11.808728 -41.646530 813.921828 -5033.218030 -0.482007 0.875983 -0.017985 -0.493346 -0.254384 0.831805 -0.724071 -0.409808 -0.554777
-7.780553 -38.453895 887.714296 -2120.546273 -0.418122 0.905466 -0.072835 -0.572357 -0.200340 0.795155 -0.705394 -0.374160 -0.602017
-6.986838 -43.591132 1215.469679 -7566.660533 -0.409752 0.910488 -0.055806 -0.546295 -0.195939 0.814353 -0.730524 -0.364169 -0.577681
-0.849522 -93.610572 3124.354021 8133.139914 0.893299 0.422914 0.152185 -0.422614 0.905597 -0.035934 -0.153015 -0.032215 0.987699
4.304497 -85.203841 3616.449161 8099.807055 0.910261 0.381021 0.162015 -0.364507 0.923058 -0.122876 -0.196367 0.052794 0.979108
-5.533474 -87.730299 2549.512449 1582.524880 0.878996 0.454004 0.145760 -0.425492 0.884793 -0.189993 -0.215225 0.104984 0.970905
-8.267615 -95.676726 1374.429537 1944.525604 0.846148 0.508576 0.159326 -0.492920 0.860476 -0.128882 -0.202642 0.030518 0.978777
2.966625 -109.842967 3693.134675 -4585.848583 0.779689 0.566780 0.266168 -0.626137 0.709873 0.322541 0.006136 0.418139 -0.908362
5.537516 -145.913271 2267.217458 -30070.362972 0.818811 0.538808 0.198076 -0.573674 0.755304 0.316881 -0.021130 0.373097 -0.927552
14.333494 -98.417298 4860.913488 2912.434772 0.798174 0.546901 0.252623 -0.598275 0.768763 0.225987 0.070615 0.331515 -0.940803
5.675028 -103.243881 5150.644042 9530.751312 0.780283 0.558374 0.281737 -0.614632 0.767938 0.180275 0.115696 0.313831 -0.942404
-3.056130 -109.007673 3379.258343 7845.413753 0.782715 0.560442 0.270669 -0.613348 0.768414 0.182604 0.105646 0.308941 -0.945195
-4.294367 -115.646095 3461.095981 -2034.930133 0.773257 0.571876 0.273919 -0.633971 0.688793 0.351633 -0.012416 0.445559 -0.895166
-6.064914 -157.506225 2454.842638 -27567.343458 0.794909 0.562095 0.228404 -0.591938 0.635867 0.495260 -0.133149 0.528888 -0.838182
-17.570354 -46.083879 -2376.060996 915.162951 -0.218556 0.930075 0.295286 -0.813518 -0.340777 0.471233 -0.538908 0.137230 -0.831111
-20.428762 -45.864373 -2437.448224 783.095880 -0.218012 0.921828 0.320474 -0.849787 -0.340784 0.402155 -0.479930 0.184660 -0.857653
-16.280699 -45.533388 -2666.680290 2201.831687 -0.229441 0.933136 0.276793 -0.839970 -0.333503 0.428050 -0.491740 0.134285 -0.860325
-13.989258 -45.959811 -1013.310392 68.450408 -0.233392 0.934088 0.270201 -0.824018 -0.337522 0.455053 -0.516258 0.116445 -0.848480
138.219412 -2729.155626 -10746.931177 -1028241.362036 -0.527052 -0.566042 -0.633887 0.668355 0.184616 -0.720568 0.524898 -0.803438 0.281015
-15.488862 -1241.405560 6616.304539 -501031.817096 0.656878 0.647363 0.386566 -0.063253 0.558194 -0.827296 0.751339 -0.518980 -0.407613
-46.940258 -1905.945597 -14160.220179 -763308.990363 0.699255 0.604510 0.381588 0.267580 0.273654 -0.923858 0.662905 -0.748118 -0.029599
-15909.187077 -30185.878476 20078975.163617 -64765653.808130 0.245816 0.321896 -0.914307 0.869393 -0.490328 0.061114 -0.428638 -0.809915 -0.400385
-577.326062 -3172.194912 191654.827595 -222453.450058 0.069554 0.943320 0.324515 0.339150 -0.328287 0.881593 -0.938158 -0.048741 0.342760
-400.946391 -4579.098364 99909.747911 -3267560.517966 0.560965 0.820126 -0.112746 0.827057 -0.549292 0.119395 0.035989 -0.160224 -0.986424
-505.427971 -4472.847375 150395.768268 1527162.094055 0.718938 0.575279 0.390105 0.445187 0.049906 -0.894046 0.533795 -0.816433 0.220227
4.987305 -38.940455 2819.999526 1224.757207 -0.538908 0.649332 0.536606 0.777498 0.138290 0.613493 0.324153 0.747826 -0.579380
10.057201 -38.206123 3313.061210 1683.679528 -0.566905 0.648903 0.507487 0.728632 0.107563 0.676406 0.384335 0.753230 -0.533790
1.905294 -36.242311 2438.092241 1041.980065 -0.556777 0.642737 0.526203 0.735803 0.087645 0.671501 0.385479 0.761057 -0.521726
-16.657934 -37.397633 645.482040 -2583.500786 0.750327 -0.658489 -0.058321 0.556664 0.581780 0.593007 0.356559 0.477414 -0.803083
-17.583366 -40.631166 759.673759 -1022.522578 0.767611 -0.639854 -0.036887 0.483791 0.540714 0.688168 0.420381 0.546091 -0.724613
-16.363097 -38.639696 951.561711 -1627.437053 0.735512 -0.676858 -0.029736 0.531562 0.549299 0.644757 0.420075 0.490034 -0.763809
-16.811813 -41.052746 1081.538028 -511.433517 0.739562 -0.672952 -0.013527 0.477859 0.510793 0.714661 0.474023 0.535001 -0.699340
-14.714568 -38.482291 889.646530 -658.850328 0.688930 -0.724059 -0.033377 0.551575 0.493826 0.672236 0.470256 0.481533 -0.739584
1.268977 -49.017785 379.888653 1216.608193 -0.456776 0.879965 -0.130448 -0.077907 -0.185647 -0.979523 0.886164 0.437260 -0.153355
1.050896 -47.689104 1122.935698 476.285760 -0.463368 0.868346 -0.176818 -0.010758 -0.205028 -0.978697 0.886100 0.451595 -0.104345
-2.072049 -48.492606 -129.772367 -1170.205826 -0.450860 0.887196 -0.098028 0.042932 -0.088142 -0.995182 0.891562 0.452896 -0.001650
3.813906 -49.003427 1218.380595 2940.495026 -0.466958 0.862890 -0.193315 -0.107154 -0.272218 -0.956251 0.877763 0.425814 -0.219577
4.766666 -50.123105 1435.005399 117.628019 -0.472273 0.866518 -0.161569 -0.166445 -0.267669 -0.949026 0.865595 0.421307 -0.270640
-17.235648 -40.330843 1229.326177 224.421208 -0.362529 0.922847 0.130099 0.929516 0.368162 -0.021379 -0.067627 0.113179 -0.991270
-18.575874 -43.579860 786.726056 -654.592505 -0.406442 0.908092 0.100866 -0.905588 -0.415039 0.087485 -0.121308 0.055785 -0.991046
-16.800099 -43.528103 1584.790718 -717.249936 -0.410736 0.899332 0.149995 -0.895006 -0.429085 0.121865 -0.173957 0.084192 -0.981148
5.266880 -161.197053 -1074.838567 27276.005601 -0.325392 0.939327 -0.108555 -0.542553 -0.279494 -0.792161 0.774439 0.198866 -0.600580
0.522933 -199.816794 -1137.939823 19245.964010 -0.325055 0.943628 -0.062489 -0.224647 -0.141233 -0.964151 0.918625 0.299364 -0.257892
5.705997 -213.615259 -1186.002925 45911.564490 -0.318153 0.947211 -0.039623 -0.449036 -0.187370 -0.873647 0.834952 0.260161 -0.484944
9.726134 -146.283005 -1488.951183 21099.869171 -0.330427 0.941047 -0.072440 -0.624588 -0.275560 -0.730723 0.707607 0.196205 -0.678819
6.722497 -128.927321 -761.467336 16715.204693 -0.345006 0.930669 -0.121759 -0.706632 -0.342928 -0.618928 0.617772 0.127495 -0.775953
3.135171 -143.173908 -1416.287877 15361.244155 -0.336534 0.929994 -0.147838 -0.610649 -0.335038 -0.717536 0.716836 0.151198 -0.680651
10.315288 -127.010815 -1842.680518 16898.044364 -0.339886 0.934139 -0.108912 -0.702797 -0.329237 -0.630618 0.624943 0.137795 -0.768413
31.911667 -112.561314 -1794.285724 -7591.573419 -0.122346 0.966710 0.224729 0.988271 0.097814 0.117269 0.091383 0.236440 -0.967339
56.305263 -89.965423 -12675.407414 -621.332025 0.128428 0.949656 0.285760 0.991463 -0.129490 -0.015259 0.022512 0.285281 -0.958180
66.895405 -122.681657 -12013.549626 13900.737403 0.090497 0.967762 0.235046 0.990199 -0.062227 -0.125036 -0.106379 0.244058 -0.963908
-5.992347 -61.725475 1508.292086 -1298.846505 -0.438568 0.897503 -0.046318 -0.165099 -0.131124 -0.977522 0.883403 0.421063 -0.205684
-6.136722 -64.642335 1141.937433 -1766.497936 -0.439219 0.896297 -0.061151 -0.270663 -0.196926 -0.942317 0.856638 0.397332 -0.329088
-4.228615 -61.290804 1204.048173 -922.795201 -0.447048 0.893261 -0.047264 -0.198697 -0.150682 -0.968408 0.872163 0.423534 -0.244850
-50.273393 -82.981603 635.339760 8303.910799 -0.112969 0.988900 0.096517 0.934480 0.138752 -0.327865 0.337618 -0.053154 0.939781
-51.320021 -79.111134 910.270052 3830.364107 0.124040 0.989643 -0.072261 0.948173 -0.139682 -0.285408 0.292545 0.033114 0.955678
-43.664126 -69.800609 21.863943 7633.101178 0.317981 0.914431 -0.250406 0.848740 -0.392255 -0.354651 0.422527 0.099757 0.900844
209.933342 -119.608191 -41708.334793 803.029794 0.874773 -0.478504 -0.076195 -0.295852 -0.652021 0.698097 0.383723 0.588134 0.711937
-48.851432 -83.568958 -2470.820962 6012.445361 0.201403 0.966508 0.159059 -0.752224 0.256625 -0.606880 0.627373 -0.002580 -0.778715
-44.569387 -82.827797 -3734.110459 3218.032321 0.322597 0.942375 0.088662 -0.681639 0.296285 -0.669017 0.656734 -0.155387 -0.737940
-44.112170 -78.591340 -1637.505790 7829.377753 0.324877 0.935793 0.136916 -0.819746 0.350824 -0.452702 0.471669 -0.034836 -0.881087
-48.746454 -80.319863 -1559.905231 9383.767122 0.100452 0.984005 0.147119 -0.877890 0.157244 -0.452308 0.468207 0.083720 -0.879644
-32.448055 -98.618152 -3655.024423 -4640.471226 -0.348934 0.842788 -0.409822 0.727194 0.519341 0.448858 -0.591129 0.141399 0.794086
-28.135975 -106.281593 -2711.937137 -3284.874844 -0.334268 0.874678 -0.351003 0.824427 0.451836 0.340828 -0.456711 0.175448 0.872143
664.565870 -151.380194 305149.061115 -19311.039968 0.008264 0.904882 -0.425582 -0.702657 0.308069 0.641378 -0.711480 -0.293738 -0.638368
2160.255491 -169.681904 845522.819135 -51940.010507 -0.037568 0.359644 -0.932333 0.786152 -0.565323 -0.249749 -0.616890 -0.742338 -0.261497
-14.891949 -36.941146 6778.485591 -1261.370146 -0.068340 0.892887 0.445064 0.628192 -0.308054 0.714477 -0.775051 -0.328413 0.539852
-22.975752 -48.068271 388.270620 6153.172172 0.200956 0.627591 0.752161 -0.628296 0.671667 -0.392565 -0.751572 -0.393691 0.529288
-25.122403 -47.302401 46.473716 6638.370393 0.278703 0.601895 0.748363 -0.650763 0.691426 -0.313747 -0.706280 -0.399565 0.584394
-22.931728 -57.435784 -619.336722 3352.126908 0.229326 0.527548 0.817987 -0.675169 0.691550 -0.256718 -0.701110 -0.493407 0.514775
-23.904759 -55.553948 -596.006532 2172.948087 0.349631 0.480891 0.804054 -0.695930 0.707883 -0.120758 -0.627248 -0.517344 0.582164
131.403342 -42.515065 33494.077290 -3073.325636 0.434811 -0.398193 -0.807702 0.827988 -0.175893 0.532446 -0.354085 -0.900280 0.253219
2.623147 -66.485817 961.408667 3436.073127 -0.432965 -0.891186 0.135382 0.896736 -0.410559 0.165242 -0.091679 0.192946 0.976917
1.860050 -69.708791 -620.606511 2729.992312 -0.439439 -0.883557 0.161926 0.891750 -0.407419 0.196955 -0.108050 0.230948 0.966948
1.923894 -136.278737 -439.296023 -2451.904114 0.064024 0.990700 0.120059 -0.495933 -0.072812 0.865303 -0.865997 0.114942 -0.486659
2.948461 -138.974210 -9.219314 -115.379557 0.065649 0.989419 0.129382 -0.466136 -0.084236 0.880694 -0.882274 0.118127 -0.455674
4.099847 -145.375843 1064.437800 -4057.081973 0.087114 0.986006 0.142136 -0.651067 -0.051640 0.757262 -0.754005 0.158509 -0.637457
-38.142446 -41.648799 3185.302966 -2563.510139 -0.446462 -0.351549 0.822852 0.384935 0.754692 0.531286 -0.807773 0.553943 -0.201618
-23.941332 -40.766930 -6885.812483 -1401.523875 -0.609096 -0.514698 0.603397 0.266640 0.583630 0.766994 -0.746931 0.628063 -0.218248
-14.925105 -37.287885 -6502.318236 -407.023084 -0.613672 -0.540942 0.575142 0.183583 0.610711 0.770278 -0.767922 0.578285 -0.275469
-7.210880 -38.195818 9880.816557 396.813544 0.646533 0.602815 -0.467557 0.023241 0.597031 0.801882 -0.762532 0.529309 -0.371990
-32.572276 -38.864267 3561.933082 -839.748843 -0.443449 -0.247579 0.861428 0.341273 0.842059 0.417694 -0.828786 0.479208 -0.288918
-30.747842 -40.460180 6134.531916 -651.364109 -0.513442 -0.594624 0.618708 0.176824 0.632215 0.754345 -0.839708 0.496716 -0.219462
1.731891 -39.950134 623.882135 1313.041756 0.588516 0.691925 -0.418196 -0.288834 -0.303187 -0.908104 0.755132 -0.655223 -0.021421
-12.023121 -52.948001 179.635671 -3241.302296 -0.651616 -0.725764 0.220598 0.757862 -0.610510 0.230051 -0.032285 0.317088 0.947846
-15.340697 -56.262212 -1024.037522 2281.583939 0.721097 0.664016 -0.197742 0.689661 -0.715222 0.113249 0.066230 0.218039 0.973690
-9.686824 -55.033680 -2112.619171 -4587.151942 0.733380 0.664445 -0.143757 0.673709 -0.682067 0.284431 -0.090936 0.305446 0.947857
-4.121044 -121.877317 420.580523 -10749.611817 -0.020611 0.952178 -0.304849 -0.224288 -0.301545 -0.926696 0.974305 -0.049274 -0.219778
-4.298983 -123.770296 -898.199142 -10316.170128 0.003669 0.943195 -0.332220 -0.210829 -0.324025 -0.922258 0.977516 -0.073426 -0.197664
-5.028952 -128.166824 -530.047244 -8466.951785 -0.011330 0.942779 -0.333226 -0.392100 -0.310747 -0.865849 0.919853 -0.120847 -0.373185
-3.259636 -107.399029 -813.777272 -8453.342294 0.002984 0.953863 -0.300226 -0.009833 -0.300185 -0.953830 0.999947 -0.005798 -0.008483
-6.404311 -140.824514 1432.639163 -12017.202681 -0.040716 0.950464 -0.308158 -0.455302 -0.292181 -0.841029 0.889406 -0.106061 -0.444644
-3.651948 -122.323365 1021.130755 -11146.400602 -0.024644 0.955646 -0.293485 -0.264729 -0.289332 -0.919894 0.964008 -0.055024 -0.260118
-2.600804 -103.247650 320.397128 -8393.756488 -0.012062 0.959350 -0.281962 -0.050855 -0.282206 -0.958005 0.998633 -0.002784 -0.052192
-3.940517 -89.347020 3064.912309 -1554.653057 -0.106514 0.830203 -0.547190 0.435601 0.533661 0.724885 -0.893816 0.161146 0.418480
3.227231 -87.696113 2065.596735 7482.929474 -0.149182 0.801232 -0.579459 0.331158 0.592659 0.734227 -0.931708 0.082359 0.353748
-0.699493 -93.287124 2958.363585 7169.066652 -0.125667 0.814514 -0.566370 0.279849 0.576816 0.767443 -0.951784 0.062056 0.300428
2.995286 -83.567511 4163.134538 983.267721 -0.121635 0.806715 -0.578287 0.432376 0.567494 0.700715 -0.893452 0.164806 0.417832
-12.322914 -116.168104 2359.649649 -17478.318462 -0.045246 0.884485 -0.464369 0.575675 0.402986 0.711477 -0.816425 0.235134 0.527410
31.527441 -90.422372 4237.044963 -13034.584893 -0.176563 0.866602 -0.466718 0.579897 0.474723 0.662086 -0.795327 0.153748 0.586359
37.513690 -101.913446 657.374485 -20988.935168 -0.231397 0.892693 -0.386723 0.651487 0.437407 0.619871 -0.722510 0.108508 0.682793
33.820007 -74.518939 -901.034769 -5872.859879 -0.227254 0.915575 -0.331781 0.573213 0.401185 0.714477 -0.787263 0.027813 0.615990
23.727988 -82.274982 2237.980030 8033.246484 -0.176639 0.863097 -0.473141 0.519976 0.489974 0.699679 -0.835717 0.122431 0.535338
-30.820229 -47.371655 -487.556554 441.255370 -0.347549 0.906613 -0.239296 0.807576 0.159737 -0.567720 0.476477 0.390561 0.787675
-28.118493 -46.045246 -2885.286252 1242.907590 -0.343450 0.927167 -0.149679 0.769798 0.186615 -0.610398 0.538009 0.324864 0.777824
-23.840901 -47.540930 -2711.330922 1636.346204 -0.326412 0.938943 -0.108813 0.808466 0.217685 -0.546805 0.489732 0.266455 0.830159
-10.771055 -299.149686 10998.962106 66697.816735 0.439715 0.891902 -0.105650 0.774960 -0.317316 0.546578 -0.453969 0.322213 0.830717
-143.631619 -2141.185731 68280.214608 -614429.862066 0.396674 0.887031 -0.236274 -0.815854 0.222696 -0.533657 0.420753 -0.404453 -0.812025
-1353.392353 -22550.493879 -65699.126038 3173632.426942 -0.648877 -0.700918 0.296097 -0.690588 0.705876 0.157565 -0.319448 -0.102241 -0.942072
-51.289990 -76.093597 -4494.384634 -4648.397005 -0.658326 -0.666155 -0.350490 0.733476 -0.672349 -0.099796 -0.169172 -0.322775 0.931234
-50.999147 -80.302411 3877.613890 -3795.140812 0.780529 0.564200 0.269170 0.624980 -0.713411 -0.316931 -0.013217 -0.415600 0.909452
-42.558142 -70.232449 -4127.804152 -1939.642692 -0.577713 -0.773192 -0.261576 0.815026 -0.563900 -0.133224 -0.044495 -0.290156 0.955944
-36.633334 -66.795218 -5940.785496 -1394.400733 -0.401888 -0.877859 -0.260479 0.900563 -0.430411 0.061096 -0.165747 -0.210024 0.963544
-16.239960 -30.077118 479.954536 71.301968 -0.438332 0.821392 0.364938 0.183036 0.479088 -0.858471 0.879979 0.309498 0.360344
-17.745397 -28.751495 -60.484795 454.747462 -0.366143 0.886053 0.284339 0.217492 0.378577 -0.899654 0.904785 0.267561 0.331323
-17.101603 -30.550359 195.428429 29.389759 -0.433707 0.794420 0.425199 0.102325 0.512262 -0.852712 0.895225 0.326319 0.303461
-15.340841 -31.595361 568.056912 -159.821663 -0.474773 0.778327 0.410850 0.115203 0.517761 -0.847734 0.872536 0.355150 0.335485
-14.166507 -55.242071 2467.535888 -916.381170 0.384661 0.853541 -0.351432 0.856768 -0.471823 -0.208161 0.343488 0.221024 0.912778
