13253
26498
-26.260242 -42.831123 -765.015238 2894.111792 0.739973 -0.154363 -0.654685 0.670084 0.253885 0.697517 -0.058544 0.954838 -0.291304
-28.458836 -43.331236 -259.860253 2167.989044 0.931157 -0.097520 -0.351337 0.359816 0.401662 0.842140 -0.058994 0.910581 -0.409100
-31.202960 -46.106035 -163.849962 1514.846154 0.777813 -0.181187 -0.601812 0.609105 0.453331 0.650754 -0.154912 0.872732 -0.462969
-27.623919 -38.570771 -120.551406 2612.285540 0.985938 -0.096941 -0.136121 0.160848 0.329573 0.930328 0.045325 0.939140 -0.340531
-25.022216 -51.458639 209.017526 2714.283596 -0.655519 0.191389 0.730524 0.732290 0.397451 0.552977 -0.184514 0.897442 -0.400689
-14.475261 -49.110916 -1789.363160 4894.267291 0.707664 -0.055931 -0.704331 0.696586 0.222040 0.682251 -0.118231 0.973432 -0.196090
-21.997736 -32.457140 -641.439077 2639.790537 0.849708 -0.060769 -0.523739 0.526278 0.158129 0.835480 -0.032047 0.985547 -0.166345
-24.956257 -29.503705 147.565166 1112.396859 0.990011 -0.024194 0.138901 -0.130394 0.217624 0.967283 0.053631 0.975733 -0.212295
-35.677503 -44.842971 -419.379882 1666.114944 0.569523 0.241876 -0.785582 -0.375378 0.926778 0.013212 0.731256 0.287366 0.618616
-35.635194 -45.459616 77.845332 1624.457694 0.577944 -0.025192 -0.815687 -0.086471 0.992006 -0.091905 0.811482 0.123649 0.571146
-33.619234 -40.282551 1426.400958 -82.919689 0.321590 0.474858 -0.819201 -0.448224 0.838431 0.310047 0.834071 0.267477 0.482474
-28.559267 -39.972165 1347.068626 132.143950 0.148615 0.668049 -0.729126 0.615808 -0.639425 -0.460344 0.773753 0.380588 0.506418
-29.671002 -37.290168 1543.016615 -1247.231248 0.108042 0.605455 -0.788512 -0.452456 0.736196 0.503289 0.885218 0.302390 0.353482
2.619969 -28.938877 1770.974165 -413.973305 -0.637687 -0.111906 0.762124 0.746977 -0.331435 0.576347 0.188097 0.936818 0.294943
7.884959 -27.610347 3121.454516 -461.769415 -0.640039 -0.147452 0.754061 0.760761 -0.259145 0.595052 0.107670 0.954517 0.278038
12.766293 -29.590620 4169.325435 -159.093577 -0.632058 -0.174609 0.754992 0.746776 -0.397438 0.533263 0.206950 0.900863 0.381598
0.597415 -27.146322 313.799122 -394.118738 -0.644419 -0.069580 0.761501 0.754718 -0.218040 0.618756 0.122985 0.973456 0.193022
-3.924135 -29.511165 -266.500446 -339.523267 -0.655668 -0.045940 0.753650 0.727747 -0.304435 0.614576 0.201204 0.951425 0.233041
-0.994283 -13.866888 -2863.874244 -308.999757 -0.493666 0.705841 0.508019 -0.563199 -0.704598 0.431680 -0.662647 0.073010 -0.745365
-4.663171 -15.198123 -3918.105711 398.952455 -0.566377 0.606915 0.557559 0.451043 0.794485 -0.406637 -0.689766 0.021173 -0.723722
-8.319834 -15.143050 -245.781120 -886.314402 -0.170389 0.946281 0.274809 -0.710366 -0.311239 0.631277 -0.682897 0.087653 -0.725237
-0.260989 -30.388951 -223.264081 251.195458 0.962714 0.247616 -0.108941 -0.097932 0.694397 0.712897 -0.252173 0.675647 -0.692755
-0.865072 -33.102811 -240.865655 590.954310 0.967381 0.214308 -0.135080 -0.101697 0.816906 0.567734 -0.232017 0.535477 -0.812054
0.616380 -31.214493 -151.330519 309.782844 0.966260 0.226209 -0.123170 -0.075670 0.706413 0.703743 -0.246202 0.670679 -0.699696
-2.204299 -32.016513 -278.431438 508.476991 0.965809 0.232971 -0.113743 -0.126282 0.805914 0.578408 -0.226420 0.544267 -0.807779
1.058188 -30.126186 -118.036622 22.967457 0.963390 0.250410 -0.095782 -0.067031 0.570882 0.818291 -0.259589 0.781914 -0.566767
-1.378463 -29.585726 -212.971570 195.099831 0.959497 0.270784 -0.077731 -0.132489 0.677223 0.723751 -0.248621 0.684138 -0.685670
0.446559 -29.405518 -167.013831 17.786272 0.959129 0.272121 -0.077593 -0.090240 0.554042 0.827583 -0.268193 0.786758 -0.555954
-12.128671 -56.576410 591.270224 5019.243603 -0.752533 0.182798 0.632675 0.439773 0.854594 0.276169 -0.490197 0.486060 -0.723500
-15.373717 -53.912376 -297.996747 5293.772486 0.822064 -0.109289 -0.558809 0.362525 0.857247 0.365654 -0.439075 0.503173 -0.744332
-14.480526 -70.029200 1121.041070 5645.759155 -0.749596 0.173358 0.638791 0.313360 0.943031 0.111793 -0.583019 0.283971 -0.761215
-8.484536 -67.912682 1076.737945 3640.553824 -0.717187 0.172637 0.675159 0.260531 0.964999 0.030000 -0.646349 0.197415 -0.737062
-10.500994 -76.189647 1513.700200 1755.649499 -0.707517 0.156875 0.689065 0.071435 0.985932 -0.151113 -0.703077 -0.057692 -0.708770
-17.226009 -78.505455 974.839697 3425.884373 -0.758484 0.167332 0.629842 0.137989 0.985797 -0.095727 -0.636915 0.014304 -0.770802
2.840057 -59.814571 -805.659582 4976.868677 0.856690 -0.084869 -0.508802 -0.501655 0.092583 -0.860099 -0.120102 -0.992082 -0.036740
0.524299 -45.033372 -435.032019 4725.366527 0.840402 -0.064674 -0.538091 -0.508403 0.249874 -0.824069 -0.187750 -0.966116 -0.177114
1.160886 -54.147214 -495.150309 3945.231825 0.893082 -0.072266 -0.444051 -0.442272 0.039877 -0.895994 -0.082457 -0.996588 -0.003652
-0.328113 -57.399774 -2579.320337 1592.504221 -0.637892 0.708957 -0.300789 -0.694530 -0.698338 -0.173065 0.332748 -0.098511 -0.937856
6.046013 -50.291647 -5048.552143 -2333.179367 -0.600505 0.725056 -0.337175 0.772948 0.634346 -0.012522 0.204806 -0.268138 -0.941359
-4.222805 -53.321234 -3893.065203 -2065.166650 -0.612176 0.723753 -0.318468 0.764937 0.644070 -0.006683 0.200279 -0.247699 -0.947910
-10.630067 -59.840041 -2393.564658 -61.352558 -0.663483 0.704497 -0.251944 0.665137 0.709583 0.232562 0.342614 -0.013276 -0.939383
-5.918535 -59.885597 -1950.695997 556.490211 -0.680158 0.684627 -0.262049 0.541527 0.710186 0.449872 0.494098 0.164078 -0.853783
1.446755 -58.470043 -1168.087097 -486.455377 -0.659964 0.703084 -0.264801 0.590108 0.703250 0.396500 0.464994 0.105414 -0.879015
12.026858 -21.373742 1416.887806 1275.905483 -0.440603 0.516793 0.734026 0.443889 0.836137 -0.322238 -0.780277 0.183847 -0.597803
11.093058 -24.854196 1557.840012 599.318939 -0.451427 0.483074 0.750236 0.334499 0.871084 -0.359615 -0.827239 0.088613 -0.554818
15.221545 -21.526103 1376.191849 959.748675 -0.471688 0.530485 0.704341 0.421895 0.837195 -0.348008 -0.774284 0.133007 -0.618704
-10.279994 -27.707345 440.529469 -240.474009 -0.633019 0.015110 0.773989 0.642179 -0.548087 0.535917 0.432311 0.836285 0.337246
-9.283123 -27.914369 348.896983 -367.435787 -0.612293 -0.031745 0.789993 0.708422 -0.465680 0.530358 0.351048 0.884383 0.307622
-9.104865 -28.762161 -130.005948 157.057849 0.665137 0.002830 -0.746716 0.604008 -0.590010 0.535783 0.439053 0.807391 0.394147
0.876012 -187.844445 -2313.217827 19468.363454 0.800939 -0.596172 0.055469 0.129708 0.263206 0.955980 0.584528 0.758487 -0.288140
-0.726779 -154.962971 -1685.722162 3751.816218 0.810552 -0.571248 0.129155 -0.148323 0.013113 0.988852 0.566573 0.820673 0.074100
0.384796 -119.795944 -1379.101721 5203.938500 0.805652 -0.585022 0.093136 0.005545 0.164661 0.986335 0.592364 0.794126 -0.135903
-0.082605 -128.093123 -1353.926791 8158.582829 0.806802 -0.586978 0.067290 0.173403 0.344127 0.922772 0.564803 0.732825 -0.379427
1.175815 -57.958365 -540.903779 2907.086677 0.811268 -0.581611 0.059766 -0.060307 0.018435 0.998010 0.581555 0.813258 0.020119
3.940980 -70.564343 -784.253923 2393.582751 0.809174 -0.586406 0.036958 0.071174 0.160260 0.984505 0.583242 0.794006 -0.171415
2.989407 -73.468332 -650.281342 3629.191748 0.806380 -0.587520 0.067612 -0.105260 -0.030082 0.993990 0.581955 0.808651 0.086100
18.742108 -310.759780 -2573.209862 -18570.088168 0.794969 -0.599777 0.091058 0.152242 0.051945 -0.986977 -0.587236 -0.798480 -0.132606
29.314169 -282.403343 3908.736339 12400.533641 -0.718832 0.678070 -0.153302 0.095224 0.314481 0.944475 -0.688631 -0.664321 0.290628
30.031076 -272.332929 403.732553 -19116.216725 0.846140 -0.525906 0.086430 -0.077131 -0.281295 -0.956517 -0.527351 -0.802680 0.278579
30.856402 -566.672214 -4566.009826 -107291.743517 0.885784 -0.462312 -0.040668 -0.010228 0.068161 -0.997622 -0.463985 -0.884094 -0.055648
2.470968 -485.638322 4758.002110 -54575.853258 0.786644 -0.569557 0.238321 0.482024 0.325347 -0.813512 -0.385804 -0.754821 -0.530472
2.696781 -24.822001 -416.447491 -1077.065217 -0.861213 -0.152580 0.484800 -0.148415 0.987796 0.047239 -0.486091 -0.031269 -0.873349
0.096177 -29.397490 -968.923668 -1096.196297 -0.873476 -0.146490 0.464305 -0.101579 0.987507 0.120467 -0.476152 0.058061 -0.877444
5.462443 -30.174537 -782.146935 -1341.032923 -0.856784 -0.194609 0.477544 -0.127777 0.977295 0.169017 -0.499594 0.083792 -0.862198
8.926760 -19.892129 1307.324023 -629.742820 0.310926 -0.562667 -0.765984 -0.350967 0.680997 -0.642702 0.883259 0.468668 0.014262
10.147060 -22.341488 -1418.019171 -532.544521 -0.329248 0.618871 0.713158 -0.405905 0.589161 -0.698664 0.852547 0.519508 -0.057223
6.078734 -18.339330 1187.454620 -643.687767 0.318190 -0.624016 -0.713694 -0.341322 0.626930 -0.700327 0.884451 0.466437 -0.013508
4.588137 -15.878328 1156.811895 -748.143084 0.293388 -0.564238 -0.771724 -0.302877 0.710803 -0.634842 0.906746 0.419992 0.037647
1.609338 -14.604967 489.182506 -747.453185 0.327580 -0.634353 -0.700206 -0.283200 0.641099 -0.713295 0.901382 0.431960 0.030363
2.151645 -17.467717 -469.899663 -531.116611 -0.354483 0.679728 0.642116 -0.323692 0.555047 -0.766255 0.877249 0.479472 -0.023268
15.039329 -3.599174 913.855847 2222.876414 -0.201833 0.946353 -0.252349 0.143283 -0.226350 -0.963450 0.968883 0.230613 0.089911
16.544785 -4.411063 -30.370000 2286.185432 -0.066872 0.902929 -0.424554 0.174016 -0.408431 -0.896048 0.982470 0.133800 0.129811
10.875413 -13.886383 721.132577 3298.302329 -0.179657 0.938303 -0.295483 0.143867 -0.272080 -0.951459 0.973152 0.213447 0.086110
8.927207 -14.165594 1130.194878 3477.353595 -0.277350 0.955102 -0.104200 0.083523 -0.084076 -0.992953 0.957132 0.284098 0.056454
2.851947 -19.477785 1088.786761 1378.242780 -0.249452 0.948666 -0.194439 0.251644 -0.130387 -0.958997 0.935120 0.288153 0.206201
4.168498 -20.738706 895.162920 1135.195377 -0.167836 0.923344 -0.345351 0.324979 -0.278916 -0.903656 0.930709 0.263898 0.253255
-566.774658 -1221.288632 242220.786111 -53728.510277 0.358644 0.172466 0.917404 0.821071 -0.525832 -0.222132 0.444090 0.832920 -0.330193
-210.275572 -1707.654400 111137.391228 507569.548733 -0.004933 -0.018827 0.999811 0.755211 -0.655425 -0.008616 0.655463 0.755026 0.017452
328.212191 -800.390801 -485686.872148 -330216.230339 -0.213634 -0.368402 -0.904787 -0.475999 0.848044 -0.232908 0.853103 0.380921 -0.356530
-0.176627 -146.435263 -1469.696452 17311.513559 -0.650390 0.325104 -0.686513 0.011920 0.908039 0.418716 0.759507 0.264146 -0.594455
-6.292936 -94.012988 -626.901205 11548.180737 -0.684073 0.338876 -0.645916 -0.021335 0.875853 0.482105 0.729102 0.343575 -0.591918
-3.306521 -68.186925 -948.226446 5293.181252 -0.654897 0.447230 -0.609176 -0.080407 0.760277 0.644603 0.751429 0.471130 -0.461943
1.695328 -104.812079 -1552.491384 12429.834075 -0.628552 0.408040 -0.662137 -0.146858 0.773751 0.616232 0.763776 0.484574 -0.426419
9.149887 -163.265829 -2011.541313 19251.121193 -0.646452 0.355057 -0.675303 0.074978 0.910396 0.406888 0.759261 0.212401 -0.615149
64.669511 -211.602226 -797.953607 42345.790635 0.939959 -0.264401 0.215800 -0.104606 0.378679 0.919597 0.324862 0.886958 -0.328285
59.930976 -344.719918 -4452.602478 66851.190360 0.997055 -0.052824 0.055591 -0.036596 0.309284 0.950265 0.067390 0.949501 -0.306440
68.051714 -169.823061 -2408.905687 29013.424385 0.982093 -0.133664 0.132769 -0.049310 0.497794 0.865892 0.181830 0.856933 -0.482289
-13.139479 -21.669616 -2685.240721 -2192.983452 0.913894 -0.405027 -0.027414 0.196004 0.499379 -0.843921 -0.355501 -0.765881 -0.535766
-10.774718 -23.348289 -1490.309077 -1237.817391 0.940950 -0.249827 -0.228473 -0.015247 0.642910 -0.765790 -0.338203 -0.724054 -0.601137
-15.329753 -25.087379 -1883.407902 -1686.210646 0.878071 -0.470492 0.087343 0.355892 0.520053 -0.776457 -0.319894 -0.712869 -0.624087
-21.182569 -30.113157 549.311259 -1236.887974 -0.638206 0.619203 -0.457472 0.741211 0.333591 -0.582515 -0.208087 -0.710848 -0.671860
-17.775342 -25.486803 -1447.515423 -2268.703415 0.733055 -0.565949 0.377270 0.618733 0.324494 -0.715453 -0.282487 -0.757895 -0.588044
18.258937 -37.670091 513.735619 -2840.743322 -0.002802 -0.180343 0.983600 -0.687866 0.714282 0.129004 -0.725833 -0.676223 -0.126053
18.632743 -26.421089 -707.488346 175.614000 -0.018344 0.145382 -0.989205 0.715585 -0.689071 -0.114542 -0.698285 -0.709961 -0.091393
17.956453 -33.774202 1378.347770 -468.374247 0.115287 0.189798 -0.975031 0.729119 -0.682792 -0.046701 -0.674607 -0.705530 -0.217102
17.433710 -46.299328 -1599.657292 -3899.960423 -0.112236 -0.243929 0.963276 -0.664305 0.739350 0.109823 -0.738987 -0.627583 -0.245025
25.295139 -39.992567 1615.673256 -194.940236 0.822437 -0.316361 -0.472772 -0.307920 0.451227 -0.837603 -0.478312 -0.834452 -0.273692
20.487872 -37.782061 816.323946 1119.259909 0.833533 -0.275353 -0.478960 -0.246679 0.590232 -0.768619 -0.494339 -0.758819 -0.424054
22.113584 -38.407852 976.263843 1019.005953 0.816904 -0.361204 -0.449666 -0.166045 0.599339 -0.783085 -0.552356 -0.714370 -0.429626
16.784415 -37.743626 1485.489405 1206.444989 0.853847 -0.212761 -0.475055 -0.278548 0.584214 -0.762302 -0.439722 -0.783215 -0.439566
29.531778 -42.058079 1700.317658 1064.051900 0.779762 -0.446325 -0.439050 -0.158858 0.537275 -0.828312 -0.605587 -0.715633 -0.348044
37.850297 -42.111257 2302.512164 -1810.062199 0.781361 -0.443276 -0.439296 -0.293119 0.360768 -0.885397 -0.550959 -0.820581 -0.151957
36.103647 -38.143017 2404.407464 -2271.688112 0.809527 -0.366537 -0.458603 -0.379869 0.268565 -0.885196 -0.447622 -0.890799 -0.078174
15.087322 -37.055257 2317.040330 -151.155518 0.865357 -0.147863 -0.478846 -0.383465 0.419817 -0.822623 -0.322663 -0.895483 -0.306591
26.823292 -33.985265 2417.474748 -1938.353393 0.838536 -0.238917 -0.489670 -0.439929 0.233314 -0.867195 -0.321434 -0.942594 -0.090536
12.693648 -21.496689 2118.341363 -1266.798959 0.554572 0.829883 0.061193 0.124848 -0.155683 0.979886 -0.822717 0.535778 0.189947
2.609170 -27.376747 1686.146702 -2203.972884 0.589593 0.799300 0.116187 0.071481 -0.194921 0.978211 -0.804531 0.568441 0.172059
7.337290 -37.467284 1615.970196 -6029.066296 0.583628 0.785124 0.207263 0.073691 -0.305400 0.949368 -0.808670 0.538805 0.236097
18.461390 -22.685402 2655.009225 -3751.614784 0.534223 0.840888 0.086682 0.135654 -0.186487 0.973047 -0.834388 0.508065 0.213695
3.066068 -81.940981 1506.177172 -11616.363051 0.595593 0.750431 0.286571 0.167432 -0.464886 0.869395 -0.785643 0.469824 0.402529
13.707515 -53.276245 2036.189344 -9843.763875 0.553848 0.804803 0.213410 0.120802 -0.331272 0.935770 -0.823807 0.492494 0.280696
-6.363037 -16.822281 -420.463318 1411.600740 0.184076 -0.111406 -0.976578 -0.229040 0.961343 -0.152840 0.955854 0.251810 0.151443
-3.166345 -11.700617 -619.362968 1667.598585 0.189408 -0.050800 -0.980583 -0.307575 0.945331 -0.108385 0.932482 0.322132 0.163428
-3.657204 -17.475245 -678.999490 1810.237273 0.238435 -0.232317 -0.942962 -0.217663 0.933481 -0.285018 0.946452 0.273206 0.172008
-4.394642 -11.626482 -338.303338 1506.506832 0.144064 0.042362 -0.988661 -0.313026 0.949732 -0.004919 0.938755 0.310185 0.150083
-6.612380 -22.837049 -413.591962 1006.155138 0.240376 -0.304981 -0.921524 -0.100806 0.936382 -0.336194 0.965431 0.173708 0.194340
-9.620677 -21.727641 -504.686093 854.963878 0.178850 -0.145693 -0.973029 -0.118007 0.978659 -0.168227 0.976774 0.144912 0.157841
-5.243268 -12.131069 244.321818 1204.521208 0.059817 0.231489 -0.970997 -0.317646 0.926588 0.201334 0.946321 0.296390 0.128958
1.463273 -43.297849 118.406296 -723.722605 -0.606531 0.514617 0.606045 0.676075 -0.067288 0.733754 0.418382 0.854776 -0.307107
1.527376 -40.781448 51.435337 -890.623161 -0.586695 0.503883 0.633949 0.717125 -0.040388 0.695773 0.376192 0.862827 -0.337652
2.088841 -41.849181 11.098272 -1054.349477 -0.574685 0.519522 0.632325 0.763406 0.061917 0.642945 0.294872 0.852211 -0.432189
1.957355 -44.854235 -40.991600 -1143.490496 -0.586664 0.532774 0.609900 0.734356 0.032502 0.677986 0.341390 0.845633 -0.410313
2.573406 -39.416428 -49.060628 -385.026677 -0.536977 0.528007 0.657924 0.825435 0.167898 0.538951 0.174106 0.832478 -0.525993
2.122590 -42.612159 -102.535033 -635.476584 -0.550426 0.540149 0.636609 0.806007 0.144983 0.573876 0.217680 0.828987 -0.515166
-5.511809 -63.896056 -272.942084 945.374195 -0.528680 0.536807 0.657522 0.834749 0.469270 0.288063 -0.153921 0.701159 -0.696193
-4.541238 -64.084823 -278.664540 -1124.696988 -0.514398 0.545932 0.661327 0.789429 0.602681 0.116520 -0.334957 0.582009 -0.740993
-6.321884 -66.867982 10.373533 70.258410 -0.528473 0.491773 0.692009 0.820355 0.505596 0.267189 -0.218481 0.708895 -0.670622
-4.014181 -62.105676 -358.345529 581.007326 -0.507017 0.576187 0.641048 0.845879 0.475503 0.241629 -0.165597 0.664759 -0.728473
-6.431528 -63.727291 -60.180977 1940.180898 -0.547789 0.489592 0.678400 0.836103 0.348787 0.423415 -0.029316 0.799154 -0.600411
-5.698208 -61.867503 -309.807096 2638.918191 -0.536322 0.541496 0.647411 0.843895 0.331206 0.422071 0.014123 0.772713 -0.634599
6.210820 -48.689659 -366.076252 -436.693289 -0.420132 0.565161 0.709987 0.135501 0.812686 -0.566728 -0.897290 -0.141897 -0.418015
5.774435 -49.317163 -540.033387 389.553244 -0.431529 0.541284 0.721660 -0.051451 0.783909 -0.618740 -0.900630 -0.304135 -0.310430
3.796045 -46.436532 -255.922604 -695.444602 -0.437155 0.567081 0.698080 0.131356 0.808107 -0.574202 -0.889742 -0.159319 -0.427757
9.403753 -51.836437 -779.980834 317.696855 -0.407320 0.552338 0.727332 -0.057517 0.779296 -0.624011 -0.911472 -0.296006 -0.285654
4.738800 -47.732901 -298.395776 -459.167647 -0.434814 0.585609 0.684104 0.323564 0.810543 -0.488188 -0.840383 0.009080 -0.541917
6.192381 -49.128440 -217.204063 -18.653635 -0.409316 0.582098 0.702583 0.337051 0.812044 -0.476426 -0.847854 0.041797 -0.528579
8.455594 -50.563783 -381.049655 -170.138919 -0.390598 0.581669 0.713508 0.145733 0.804377 -0.575969 -0.908953 -0.120991 -0.398957
28.280769 -92.956140 -321.704098 10650.702116 -0.078794 -0.799476 -0.595508 0.996592 -0.077806 -0.027407 -0.024423 -0.595638 0.802882
27.157740 -86.748873 1916.220345 6627.718353 0.012273 -0.720866 -0.692966 0.986190 -0.105741 0.127465 -0.165160 -0.684961 0.709613
34.138937 -90.504684 -1014.317665 -1312.406620 -0.045521 -0.823349 -0.565707 0.911906 -0.265461 0.312981 -0.407866 -0.501625 0.762901
-0.519369 -32.820343 109.369658 -47.674562 -0.598496 0.522691 0.607121 -0.344608 0.516170 -0.784101 0.723220 0.678500 0.128803
-0.893279 -31.091490 181.938716 -60.977353 -0.599128 0.537640 0.593287 -0.340038 0.499992 -0.796481 0.724859 0.678934 0.116741
-0.813202 -33.726762 -265.000518 166.738901 0.580027 -0.492192 -0.649089 0.493293 -0.421880 0.760710 0.648253 0.761423 0.001907
-0.563642 -35.352070 -10.854531 233.306725 0.582014 -0.502948 -0.638985 0.476301 -0.426040 0.769173 0.659087 0.752019 0.008406
-0.109449 -36.022639 48.792959 192.336804 -0.557760 0.490472 0.669582 0.607552 -0.308374 0.731974 0.565495 0.815072 -0.125988
-0.826727 -34.274784 319.681077 205.491835 -0.549448 0.471830 0.689553 0.630147 -0.307923 0.712810 0.548654 0.826172 -0.128135
34.154799 -26.119810 -7783.463682 -302.243830 -0.662054 0.142077 0.735866 -0.125546 0.946968 -0.295788 -0.738866 -0.288213 -0.609106
11.986099 -28.032459 -3964.036342 -367.941693 -0.671306 0.321894 0.667631 -0.008037 0.897554 -0.440831 -0.741136 -0.301299 -0.599947
44.975179 -27.794294 -12685.560478 -5.651558 -0.718680 0.183678 0.670642 0.029908 0.971753 -0.234097 -0.694697 -0.148183 -0.703873
8.071589 -26.139630 -2165.175432 -456.952997 -0.640772 0.301182 0.706187 -0.152225 0.851731 -0.501379 -0.752488 -0.428769 -0.499919
20.453383 -24.137048 -3643.106177 -331.176144 -0.589656 0.122660 0.798286 -0.265410 0.904079 -0.334962 -0.762800 -0.409385 -0.500540
-1.090109 -160.664658 -346.175095 7380.634488 0.322237 0.898924 0.296815 -0.303924 0.395179 -0.866870 0.896546 -0.189128 -0.400546
-2.736737 -162.537129 -511.149907 -9404.569932 0.342210 0.894220 0.288554 -0.160817 0.358304 -0.919650 0.925759 -0.268309 -0.266421
1.457261 -197.325032 584.703335 26314.535048 0.296662 0.909209 0.292115 -0.568659 0.413927 -0.710839 0.767215 -0.044765 -0.639826
-0.511390 -150.034186 -1431.814016 -15660.424434 0.364930 0.882483 0.296731 0.079163 0.288146 -0.954309 0.927663 -0.371746 -0.035293
4.127031 -163.509920 1946.386381 13327.668480 0.257560 0.912119 0.318907 -0.533054 0.409402 -0.740435 0.805926 -0.020712 -0.591655
4.311716 -152.764250 2411.266007 -1344.680983 0.226633 0.925159 0.304497 -0.186386 0.348049 -0.918761 0.955980 -0.151467 -0.251316
-11.638308 -148.327107 1791.410842 11581.351457 0.325725 0.896093 0.301530 -0.740101 0.440120 -0.508473 0.588348 0.057540 -0.806558
-4.876363 -252.057599 1636.891007 37378.498954 0.334648 0.891848 0.304331 -0.861560 0.420392 -0.284580 0.381740 0.166965 -0.909064
-7.181415 -169.624824 506.480973 -1537.549885 0.368825 0.884808 0.284752 -0.515233 0.449592 -0.729659 0.773630 -0.122403 -0.621703
-10.509763 -135.219340 2490.797559 -20985.738810 0.358153 0.866166 0.348545 0.909041 -0.408666 0.081471 0.213005 0.287663 -0.933745
-9.397140 -123.564515 352.934754 12730.099438 0.402772 0.879420 0.253764 -0.815886 0.470611 -0.335940 0.414856 0.071735 -0.907055
-9.447043 -121.578404 -315.189614 4531.270396 0.419821 0.879435 0.224374 -0.680291 0.468552 -0.563615 0.600794 -0.083978 -0.794981
0.783375 -121.191436 -78.194726 -4478.935874 0.501755 0.853031 0.143459 -0.477086 0.411245 -0.776702 0.721548 -0.321272 -0.613313
-3.117526 -281.941364 -507.629018 -41613.703005 0.647029 0.718097 0.256300 -0.556923 0.674691 -0.484385 0.520759 -0.170672 -0.836470
2.949388 -197.244993 470.892415 -22960.839071 0.618399 0.751914 0.228491 -0.525333 0.611768 -0.591410 0.584473 -0.245693 -0.773321
-6.410758 -97.840776 2015.549176 -185.587323 0.440588 0.881960 0.167417 -0.537253 0.408461 -0.737915 0.719195 -0.235171 -0.653799
-1.513105 -131.595885 -462.070521 -10200.476912 0.475744 0.871073 0.122064 -0.373896 0.325886 -0.868332 0.796159 -0.367464 -0.480729
1.551830 -119.535800 -536.281207 5406.372327 0.428135 0.903712 -0.002025 -0.344461 0.161116 -0.924872 0.835492 -0.396668 -0.380273
0.106638 -112.013726 1005.632508 5647.230317 0.381270 0.924439 -0.006755 -0.337093 0.132217 -0.932141 0.860814 -0.357675 -0.362032
-2.815650 -50.212234 174.449296 1427.160922 -0.536405 -0.802983 -0.259784 0.733848 -0.291749 -0.613473 0.416816 -0.519712 0.745763
-2.256365 -59.570726 130.040942 3576.232497 -0.514011 -0.809830 -0.282787 0.807546 -0.345690 -0.477879 0.289244 -0.473999 0.831663
-2.175708 -60.352895 435.986031 3492.654076 -0.516468 -0.808535 -0.282015 0.800633 -0.339137 -0.493936 0.303723 -0.480893 0.822493
-0.937031 -56.602666 418.369615 2594.234134 -0.514564 -0.803734 -0.298722 0.787538 -0.305212 -0.535379 0.339128 -0.510742 0.790022
-0.548596 -52.887769 945.167795 1018.423157 -0.546995 -0.788765 -0.280440 0.723659 -0.277113 -0.632081 0.420849 -0.548688 0.722376
-8.280797 -21.227279 117.490632 507.555516 0.266798 -0.692311 -0.670466 0.176044 0.718987 -0.672359 0.947538 0.061352 0.313701
-8.222639 -18.721664 216.230213 748.494550 0.278174 -0.689954 -0.668268 0.085382 0.710736 -0.698259 0.956728 0.137180 0.256618
-8.828842 -21.534899 125.051901 325.838892 0.307083 -0.695804 -0.649274 0.217737 0.715510 -0.663804 0.926440 0.062472 0.371223
-8.616784 -22.613455 -41.610678 49.399124 0.303779 -0.680502 -0.666810 0.306988 0.732470 -0.607656 0.901930 -0.020110 0.431415
-6.847171 -17.457498 490.876478 38.452045 0.646119 -0.205632 -0.735014 0.398670 0.912133 0.095270 0.650840 -0.354583 0.671326
-4.801283 -16.568292 481.479355 38.838441 0.597808 -0.257919 -0.759015 0.419937 0.907275 0.022448 0.682846 -0.332158 0.650687
-7.079356 -17.192776 561.495008 -100.190318 0.652635 -0.161947 -0.740162 0.324430 0.942535 0.079838 0.684699 -0.292236 0.667672
-14.786302 -875.751037 2909.775009 216328.758611 0.570089 0.801673 -0.179776 0.712402 -0.373353 0.594215 0.409246 -0.466828 -0.783958
-14.474530 -250.623834 2219.654610 28013.797288 0.470380 0.870551 -0.144512 0.874077 -0.437097 0.211981 0.121375 -0.226026 -0.966530
-6.620705 -228.432586 1630.350614 34493.403536 0.533841 0.828230 -0.170440 0.800062 -0.429490 0.418855 0.273706 -0.359964 -0.891914
-5.536066 -127.837695 849.233877 17745.745133 0.575147 0.796273 -0.187497 0.638612 -0.293795 0.711238 0.511254 -0.528804 -0.677485
-8.264027 -113.445602 352.824819 -18473.328203 0.604168 0.768646 -0.210154 -0.559081 0.220958 -0.799128 0.567812 -0.600301 -0.563231
8.285637 -47.718737 410.518345 -943.621549 0.199328 0.975856 -0.089292 0.610647 -0.052429 0.790166 -0.766407 0.212028 0.606354
5.746182 -82.944826 646.445418 -10291.463267 0.156166 0.973039 -0.169730 0.655853 0.026337 0.754429 -0.738559 0.229134 0.634057
7.272718 -104.478391 372.501701 -14596.538311 0.121459 0.977186 -0.174227 0.677247 0.046738 0.734269 -0.725661 0.207178 0.656120
8.172940 -71.261630 25.517165 -1013.511990 0.166253 0.984627 -0.053566 0.572866 -0.052228 0.817984 -0.802611 0.166678 0.572742
9.041440 -673.125343 2868.966765 -129771.254650 0.079223 0.985936 -0.147153 0.703533 0.049281 0.708951 -0.706233 0.159693 0.689735
-31.449093 -46.096521 -335.120037 320.950954 0.925506 -0.119256 -0.359466 0.360836 0.565963 0.741271 -0.115044 0.815759 -0.566835
-28.808200 -45.416347 -435.775718 2198.744988 0.983772 -0.107256 -0.143835 0.178392 0.498925 0.848086 0.019199 0.859983 -0.509962
-35.604408 -49.129528 -684.516834 1801.099577 0.710530 -0.008845 -0.703611 -0.076201 0.993074 -0.089434 0.699528 0.117161 0.704935
-34.719859 -47.288417 -165.290542 -1036.332975 0.659524 -0.088370 -0.746471 0.144405 0.989463 0.010449 0.737682 -0.114686 0.665336
21.312318 -27.902968 4396.299055 -460.026051 -0.593597 -0.126327 0.794786 0.790466 -0.276854 0.546366 0.151019 0.952572 0.264196
11.334720 -26.147191 7078.609400 -308.859194 -0.609199 -0.193876 0.768953 0.791954 -0.198940 0.577262 0.041058 0.960643 0.274735
-1.010847 -25.234912 4264.986842 -441.573315 -0.657423 -0.140902 0.740231 0.752940 -0.161437 0.637981 0.029608 0.976773 0.212223
-2.491271 -25.716235 455.247663 -537.499824 -0.696972 -0.068839 0.713787 0.714834 -0.145740 0.683939 0.056945 0.986925 0.150785
3.862500 -15.914463 -3811.539940 533.903466 -0.589719 0.567547 0.574563 0.435411 0.822617 -0.365676 -0.680183 0.034525 -0.732229
2.234561 -18.501780 -3687.778533 628.890499 -0.625538 0.471805 0.621371 0.315987 0.881395 -0.351135 -0.713341 -0.023303 -0.700430
-12.259082 -16.962684 -3803.792707 554.104299 -0.628906 0.408748 0.661364 0.254263 0.912004 -0.321868 -0.734729 -0.034264 -0.677495
0.199580 -34.184311 -133.132837 693.902390 0.970267 0.195859 -0.142204 -0.084568 0.824825 0.559028 -0.226784 0.530380 -0.816863
-1.264277 -37.194214 -232.389082 799.941995 0.972245 0.178562 -0.151178 -0.109612 0.918494 0.379940 -0.206699 0.352824 -0.912574
-2.690529 -35.874965 -312.785227 718.640700 0.971656 0.191532 -0.138564 -0.123967 0.911915 0.391206 -0.201287 0.362941 -0.909812
0.636000 -58.600558 625.340636 -337.493384 0.737120 0.137852 -0.661552 -0.672613 0.055272 -0.737927 0.065159 -0.988909 -0.133464
1.860741 -58.052106 520.067367 523.414500 0.740733 0.137418 -0.657595 -0.667072 0.266375 -0.695744 -0.079559 -0.954024 -0.288980
4.402894 -59.469214 678.030241 -4.481998 0.724946 0.130067 -0.676414 -0.684493 0.026314 -0.728545 0.076961 -0.991156 -0.108106
-0.860478 -57.961227 398.844027 643.793025 0.757366 0.128077 -0.640307 -0.645172 0.298060 -0.703501 -0.100747 -0.945916 -0.308372
3.717579 -57.338872 947.986066 -713.278625 0.710471 0.127385 -0.692101 -0.670100 -0.177919 -0.720633 0.214936 -0.975765 0.041046
-1.412045 -57.374645 553.826785 -969.657347 0.742723 0.131815 -0.656496 -0.638299 -0.156876 -0.753634 0.202329 -0.978782 0.032378
-2.619229 -59.917797 409.780088 -316.226750 0.767057 0.125376 -0.629209 -0.639836 0.077247 -0.764619 0.047260 -0.989097 -0.139473
5.830545 -42.138041 -4831.141791 -2453.578518 -0.526000 0.778103 -0.343335 0.849410 0.500913 -0.166099 0.042739 -0.379001 -0.924409
-9.325759 -47.075483 -3845.768708 -2471.033902 -0.533251 0.786575 -0.311356 0.845957 0.495666 -0.196652 -0.000353 -0.368259 -0.929723
0.086929 -36.433366 -4661.672022 -1563.244852 -0.399584 0.834366 -0.379693 0.906896 0.299401 -0.296478 -0.133691 -0.462810 -0.876318
11.477413 -35.513523 -2483.764815 -2367.243318 -0.506841 0.812095 -0.289160 0.861986 0.473700 -0.180523 -0.009626 -0.340748 -0.940105
11.024310 -32.522377 -4608.208241 -1560.548096 -0.413937 0.840604 -0.349344 0.903174 0.331304 -0.272973 -0.113723 -0.428512 -0.896351
15.075530 -17.006098 -135.791407 1035.407775 -0.510323 0.562089 0.650866 0.477691 0.814614 -0.328960 -0.715110 0.143037 -0.684221
11.338269 -14.303615 -1793.030630 537.486630 -0.525743 0.624316 0.577775 0.529450 0.771784 -0.352183 -0.665791 0.120745 -0.736304
13.835134 -13.130409 -686.231819 1014.257878 -0.483013 0.595369 0.642054 0.554798 0.775382 -0.301632 -0.677420 0.210518 -0.704830
-10.723309 -26.596526 20.408887 -362.042297 -0.567808 0.039107 0.822232 0.682248 -0.536534 0.496658 0.460578 0.842972 0.277967
-9.149510 -23.855764 -637.140373 -567.569639 -0.435691 0.001616 0.900095 0.766158 -0.524182 0.371799 0.472415 0.851605 0.227144
-9.538316 -24.055294 -73.895746 -275.653386 -0.464457 -0.028368 0.885141 0.792535 -0.459317 0.401143 0.395181 0.887819 0.235816
4.019054 -26.033116 663.207304 -457.237486 0.979922 0.176438 0.092853 0.096454 -0.827099 0.553718 -0.174496 0.533645 0.827511
6.503399 -27.412510 690.669798 -340.955181 0.983159 0.150416 0.103791 0.101681 -0.922151 0.373227 -0.151850 0.356388 0.921916
6.904170 -26.369456 652.799264 -362.129066 0.980998 0.121331 0.151397 0.041018 -0.892393 0.449392 -0.189631 0.434642 0.880413
1.442218 -171.351983 124.279794 2801.845178 0.778981 -0.611227 0.139966 -0.143456 0.043576 0.988697 0.610417 0.790255 0.053739
-0.512441 -238.144918 -924.103142 -26877.616386 0.750044 -0.614918 0.243536 -0.445770 -0.197986 0.872978 0.488593 0.763333 0.422610
-2.416806 -113.074286 -1518.340441 2080.667917 0.805414 -0.568613 0.167296 -0.326281 -0.189704 0.926042 0.494823 0.800432 0.338318
1.181965 -74.994992 -604.325631 -3975.836449 0.786818 -0.596735 0.157557 -0.475367 -0.423127 0.771356 0.393628 0.681814 0.616592
0.471863 -85.455135 -375.050991 -4049.297253 0.787136 -0.593486 0.167902 -0.559291 -0.572049 0.599961 0.260020 0.566157 0.782212
-0.345103 -84.612251 -242.529028 -3046.531151 0.780733 -0.607348 0.146915 -0.565213 -0.586154 0.580481 0.266439 0.536239 0.800911
-0.168014 -91.184012 -102.782025 -1287.065088 0.780186 -0.605588 0.156760 -0.614439 -0.694861 0.373676 0.117368 0.387856 0.914217
-1.600830 -82.861141 -386.997819 -2851.610374 0.775370 -0.612600 0.153369 -0.549905 -0.535558 0.640923 0.310492 0.581291 0.752128
-1.038529 -90.926124 -397.127953 -1604.997000 0.772654 -0.613837 0.161894 -0.619082 -0.672131 0.406175 0.140511 0.414058 0.899340
22.871554 -232.959697 3612.181981 -3935.783419 -0.667995 0.701542 -0.248238 0.086092 0.404192 0.910613 -0.739169 -0.586914 0.330396
48.102692 -404.214699 7624.764070 -41003.804740 -0.664455 0.702681 -0.254439 0.354040 0.595809 0.720880 -0.658146 -0.388910 0.644665
82.758968 -1067.388184 2611.790945 281989.622817 0.696443 -0.714762 -0.063890 -0.456407 -0.372481 -0.808053 -0.553768 -0.591923 0.585635
3.628225 -33.333705 -1077.431913 -1009.315607 -0.865177 -0.168247 0.472400 -0.058493 0.969465 0.238152 -0.498043 0.178412 -0.848600
4.487651 -36.218157 -1424.174464 -710.662014 -0.866100 -0.170911 0.469745 0.011905 0.932414 0.361196 -0.499729 0.318424 -0.805529
8.839012 -34.265860 -1186.913972 -1271.250005 -0.850372 -0.212661 0.481292 -0.075028 0.954348 0.289121 -0.520805 0.209750 -0.827507
-2.887025 -34.274011 -1644.001697 -829.908871 -0.874492 -0.155991 0.459271 -0.042418 0.967842 0.247958 -0.483181 0.197356 -0.852987
17.486909 3.083336 469.655432 130.067579 -0.145025 0.922774 -0.357011 0.260446 -0.312498 -0.913517 0.954534 0.225465 0.195013
18.122604 4.322770 -732.588872 641.652907 -0.038338 0.916326 -0.398594 0.246445 -0.377896 -0.892446 0.968398 0.132446 0.211335
-3.498835 -31.320968 678.001988 16.361612 0.217887 0.975631 -0.025853 -0.542022 0.142993 0.828109 -0.811626 0.166422 -0.559970
-1.064198 -30.955298 642.239767 1370.334941 0.196391 0.979702 0.040193 -0.522348 0.069844 0.849868 -0.829809 0.187901 -0.525461
-2.715002 -29.486485 348.081832 -912.746290 0.183924 0.982553 0.027599 -0.624744 0.095177 0.775007 -0.758859 0.159785 -0.631349
-518.899032 -871.129778 -155628.867604 180583.400869 -0.499835 0.560059 -0.660680 0.397874 0.826029 0.399215 0.769325 -0.063326 -0.635711
-769.818318 -2387.793690 134554.925840 -790262.161494 0.930144 -0.112664 0.349483 0.227313 0.924141 -0.307072 0.288376 -0.365063 -0.885194
-800.722598 -8283.216876 -289840.386863 -4975415.562658 -0.816336 0.129379 -0.562900 0.064394 0.988900 0.133906 0.573977 0.073065 -0.815606
-4.853883 -20.396093 -1114.021245 -1414.601378 0.945133 -0.244367 -0.216816 -0.040785 0.570226 -0.820475 -0.324131 -0.784300 -0.528973
-4.937199 -26.763511 -706.763281 -1649.680882 0.917696 -0.072010 -0.390703 -0.244324 0.673179 -0.697951 -0.313273 -0.735965 -0.600180
11.494982 -35.966103 3573.765310 -3053.241955 0.098743 -0.133074 0.986175 -0.679254 0.715224 0.164524 -0.727230 -0.686109 -0.019768
14.707554 -33.453215 577.040496 1237.785156 0.842554 -0.288252 -0.454988 -0.153073 0.681759 -0.715383 -0.516403 -0.672395 -0.530295
1.385984 -29.417745 1450.759201 1711.479895 0.569984 0.821650 -0.003048 0.076530 -0.049396 0.995843 -0.818084 0.567848 0.091036
-2.164470 -26.915096 1401.127948 -1197.574996 0.583019 0.807855 0.086369 0.053529 -0.144269 0.988090 -0.810693 0.571452 0.127355
7.851710 -26.815520 1756.246244 2222.418490 0.549131 0.835679 0.009794 0.107643 -0.082345 0.990774 -0.828775 0.543010 0.135174
-2.063946 -13.591137 -730.065226 2005.032290 0.242216 -0.208406 -0.947575 -0.274212 0.922134 -0.272904 0.930666 0.325938 0.166208
-1.858683 -7.367695 349.483389 1062.902345 -0.000282 0.415078 -0.909786 -0.369835 0.845236 0.385743 0.929097 0.336579 0.153272
0.577411 -41.023614 -129.852011 320.396674 0.610331 -0.506434 -0.609115 0.606499 -0.195888 0.770576 0.509564 0.839734 -0.187595
0.817604 -39.117077 -81.567111 -59.802260 -0.580174 0.505657 0.638522 0.654572 -0.177058 0.734973 0.484700 0.844371 -0.228264
-5.673149 -66.603992 -42.131775 -1308.961547 -0.514420 0.503841 0.693914 0.759842 0.642907 0.096489 -0.397507 0.576901 -0.713564
-3.541680 -62.548657 -334.408373 -1349.646264 -0.501343 0.557822 0.661430 0.707971 0.703934 -0.057049 -0.497426 0.439672 -0.747834
-2.233995 -61.727797 -494.663296 -1359.087521 -0.491360 0.594075 0.636899 0.796056 0.603013 0.051681 -0.353355 0.532401 -0.769213
2.856026 -47.460180 -315.145983 723.355282 -0.449229 0.542807 0.709615 -0.038502 0.781771 -0.622376 -0.892587 -0.306911 -0.330295
4.325582 -54.652686 -599.269265 2454.057263 -0.444288 0.518052 0.730911 -0.213826 0.730957 -0.648059 -0.869992 -0.444212 -0.213982
8.489675 -55.936977 -998.704126 2042.768892 -0.422685 0.522359 0.740593 -0.231168 0.728008 -0.645419 -0.876298 -0.444011 -0.186965
20.587992 -70.284662 1175.634623 8607.123119 -0.039988 -0.727580 -0.684856 0.993964 0.041111 -0.101712 0.102159 -0.684790 0.721544
16.462237 -73.316094 2842.213692 7702.217351 0.042825 -0.630210 -0.775243 0.997768 0.066775 0.000835 0.051240 -0.773548 0.631662
22.924326 -71.927463 3390.451887 529.224640 0.123849 -0.659562 -0.741377 0.947371 -0.143679 0.286084 -0.295211 -0.737790 0.607055
0.309159 -31.054363 3.379194 -44.263673 0.607836 -0.571890 -0.550888 -0.177545 0.578314 -0.796260 0.773960 0.581803 0.249984
1.116436 -29.370578 -181.445603 -25.510766 -0.614977 0.599106 0.512713 -0.163016 0.539565 -0.826012 0.771511 0.591559 0.234156
-0.529437 -28.979370 -153.490876 67.764893 -0.596948 0.573554 0.560971 -0.332447 0.459524 -0.823600 0.730159 0.678140 0.083636
12.308084 -29.946277 -5486.735779 -74.821181 -0.695482 0.355679 0.624338 0.145079 0.920507 -0.362792 -0.703745 -0.161737 -0.691798
-3.047019 -30.838295 -798.561571 -813.006544 -0.615141 0.517137 0.595123 0.108628 0.803225 -0.585687 -0.780898 -0.295633 -0.550273
-1.979302 -28.638080 -639.703107 -681.696949 -0.623366 0.478273 0.618602 -0.042724 0.769107 -0.637690 -0.780762 -0.423944 -0.459002
0.372199 -189.839875 2893.151344 19364.438092 0.251575 0.906299 0.339607 -0.568835 0.422348 -0.705725 0.783030 0.015638 -0.621787
-4.395341 -170.184274 527.343144 -9318.412978 0.333729 0.894970 0.296064 -0.298989 0.398348 -0.867136 0.893997 -0.200869 -0.400526
-3.565620 -167.806015 253.701421 -21864.641157 0.311138 0.911151 0.270180 0.131233 0.240377 -0.961768 0.941260 -0.334699 0.044782
-0.227126 -178.333924 -1330.408925 -31996.512046 0.347210 0.884097 0.312758 0.363628 0.180491 -0.913892 0.864419 -0.431039 0.258815
3.134223 -59.001788 -411.369793 -3051.289525 0.473658 0.809465 0.347009 0.380888 0.166981 -0.909418 0.794086 -0.562924 0.229223
3.703360 -68.163386 -386.966621 -3890.043537 0.482005 0.815269 0.320948 0.238146 0.230613 -0.943453 0.843183 -0.531181 0.082997
1.971702 -57.666727 -210.481804 -2692.910928 0.486469 0.808149 0.332030 0.363470 0.158388 -0.918043 0.794505 -0.567282 0.216687
-1.526752 -707.566440 11596.022917 -168240.982069 0.359859 0.865809 0.347674 0.932674 -0.343772 -0.109269 0.024915 0.363588 -0.931227
4.818176 -217.015179 -299.713610 -24793.073994 0.664616 0.725224 0.179822 -0.670196 0.685014 -0.285645 0.330337 -0.069329 -0.941313
4.471290 -284.862936 -2081.690641 -42384.614997 -0.685670 -0.671979 -0.279823 -0.668599 0.733398 -0.122896 0.287805 0.102823 -0.952153
-1.439138 -345.372350 -6363.036515 -65419.714040 -0.699227 -0.603043 -0.383953 -0.465411 0.791657 -0.395818 0.542655 -0.098071 -0.834211
-5.166546 -30.912756 -1053.335612 356.934116 0.547717 -0.363247 -0.753695 0.766237 0.579537 0.277520 0.335986 -0.729512 0.595756
-6.907534 -31.715776 -37.302243 8.906320 0.538655 -0.335069 -0.773032 0.812741 0.448452 0.371944 0.222041 -0.828625 0.513886
-7.081202 -30.701292 282.450557 317.435615 0.540083 -0.317264 -0.779521 0.767774 0.565113 0.301944 0.344722 -0.761571 0.548795
-2.987266 -49.058196 -325.668748 1994.182862 -0.517987 -0.815564 -0.257961 0.746175 -0.283369 -0.602432 0.418224 -0.504536 0.755336
-1.267706 -28.946109 -763.757411 -72.982923 0.344224 0.800712 0.490275 0.678547 0.148746 -0.719339 0.648910 -0.580289 0.492119
-1.325005 -25.117929 196.300907 -100.234022 0.282266 0.815837 0.504714 0.685645 0.196411 -0.700938 0.670983 -0.543905 0.503934
-0.117036 -25.760323 -386.293410 -301.777977 0.241525 0.786270 0.568722 0.773266 0.198143 -0.602328 0.586281 -0.585250 0.560140
2.643561 -29.703651 1160.647394 -501.719168 -0.291089 -0.782683 -0.550158 0.799845 0.116409 -0.588809 0.524895 -0.611437 0.592140
-6.936002 -17.443855 261.628136 813.810131 0.246798 -0.643722 -0.724371 0.040901 0.753746 -0.655892 0.968203 0.132245 0.212352
-6.541598 -14.060705 356.939167 895.280911 0.253211 -0.592096 -0.765053 -0.050307 0.781696 -0.621627 0.966102 0.195890 0.168148
-8.449113 -15.495351 321.287646 883.321797 0.289841 -0.646927 -0.705320 -0.014700 0.733858 -0.679144 0.956962 0.207212 0.203192
-3.773236 -16.505623 186.219706 -146.329493 0.565974 -0.307161 -0.765066 0.424945 0.903917 -0.048545 0.706467 -0.297636 0.642120
-3.292608 -16.546397 263.427759 149.957525 0.562301 -0.310125 -0.766577 0.474590 0.880171 -0.007958 0.677187 -0.359335 0.642103
21.312485 -78.426997 -1501.842052 -5057.835893 0.724042 -0.361551 -0.587405 -0.562704 -0.802130 -0.199880 0.398909 -0.475256 0.784221
36.352037 -85.844504 -3982.687527 -8951.040420 0.803751 -0.207615 -0.557566 -0.505493 -0.732540 -0.455919 0.313784 -0.648291 0.693728
37.666733 -96.976463 -3787.197605 -10245.965729 0.774188 -0.343493 -0.531644 -0.598553 -0.670443 -0.438451 0.205832 -0.657661 0.724648
-11.419468 -441.168180 3963.107520 -73247.158310 0.528728 0.840929 -0.115262 -0.792838 0.537787 0.286692 -0.303074 0.060198 -0.951064
-12.943857 -431.511761 1875.678661 -54392.369481 0.473627 0.871799 -0.125077 -0.857457 0.488868 0.160544 -0.201108 -0.031210 -0.979072
-7.955902 -370.511625 736.484299 48736.618058 0.374912 0.917419 -0.133351 0.926136 -0.377066 0.009688 -0.041394 -0.127133 -0.991022
