18001
35982
-46.790943 -72.062277 -13.353643 -13152.058021 0.660150 0.684308 0.309717 -0.472187 0.057398 0.879628 -0.584159 0.726931 -0.361013
-52.084794 -83.826823 225.812402 -6860.944965 0.651933 0.702086 0.286461 -0.378100 -0.026480 0.925386 -0.657286 0.711600 -0.248195
-58.766531 -99.332448 -2407.339088 -15751.669232 0.775748 0.624314 -0.091910 -0.066596 0.225827 0.971888 -0.627519 0.747820 -0.216762
-43.908439 -70.734590 -606.557593 -9102.693563 0.429356 0.725435 0.537957 -0.611378 -0.204955 0.764336 -0.664733 0.657067 -0.355517
-47.020475 -84.555328 2078.194717 -20399.824962 0.819471 0.573073 0.007406 -0.221634 0.304958 0.926218 -0.528532 0.760650 -0.376917
-37.614298 -58.791254 3161.158594 -12217.539239 0.619167 0.662629 0.421373 -0.602433 0.056634 0.796158 -0.503693 0.746803 -0.434256
-38.589085 -60.593537 6.668352 7097.503763 0.378977 0.700021 0.605266 0.714509 0.194306 -0.672103 -0.588093 0.687179 -0.426534
116.692156 -107.675596 -7187.810052 19375.234443 -0.843400 -0.160944 0.512614 0.068255 0.914256 0.399345 -0.532933 0.371797 -0.760099
104.297508 -106.573621 -11694.533006 11017.987523 -0.921272 -0.163879 0.352707 -0.032352 0.936038 0.350408 -0.387572 0.311410 -0.867647
99.754163 -109.925696 17016.508390 5348.128893 0.910206 0.111912 -0.398749 0.094380 0.881417 0.462814 -0.403258 0.458890 -0.791709
110.421543 -112.634871 -8997.201102 9892.044282 -0.849468 -0.147313 0.506658 0.141191 0.861755 0.487282 -0.508398 0.485466 -0.711234
97.344536 -112.023515 19583.081133 -11142.952931 0.889677 0.119913 -0.440564 0.153102 0.830688 0.535273 -0.430157 0.543671 -0.720685
78.717503 -116.548732 22453.675520 -12337.022026 0.941107 0.106812 -0.320795 0.088601 0.837725 0.538856 -0.326294 0.535544 -0.778925
-71.720449 -101.426089 286.526681 -347.616353 0.235481 -0.372132 0.897812 0.957000 0.249812 -0.147461 -0.169410 0.893931 0.414956
-69.490018 -94.862246 -2303.711490 -5247.188851 0.329781 -0.288053 0.899039 0.878628 0.442006 -0.180675 -0.345337 0.849504 0.398856
-70.608215 -95.825727 -1732.871355 -5234.047890 0.322381 -0.383571 0.865416 0.887633 0.440143 -0.135577 -0.328904 0.811879 0.482364
-68.467310 -98.625162 -1871.544952 -1763.465677 0.224222 -0.282379 0.932731 0.951268 0.271321 -0.146538 -0.211690 0.920134 0.329454
-68.853370 -98.662978 -1578.423143 3080.700693 0.149067 -0.276071 0.949507 0.988408 0.069547 -0.134953 -0.028779 0.958618 0.283238
37.195602 -258.013347 2136.106057 -27991.290855 0.887121 -0.255057 0.384660 -0.154411 0.621389 0.768136 0.434942 0.740825 -0.511864
34.170330 -235.966081 1663.500431 -76819.040411 0.885850 -0.267962 0.378769 -0.005459 0.810287 0.586008 0.463940 0.521183 -0.716330
29.798631 -264.501608 3866.088641 -48958.506080 0.856224 -0.327961 0.399152 -0.123472 0.620337 0.774556 0.501633 0.712477 -0.490653
33.519154 -258.704766 4361.935617 28556.819282 0.860917 -0.314821 0.399636 -0.268779 0.385493 0.882697 0.431948 0.867342 -0.247260
37.466543 -255.343940 4116.917162 58362.980034 0.879833 -0.276296 0.386723 -0.278630 0.359338 0.890641 0.385045 0.891368 -0.239174
-12.216184 -51.968868 672.634949 -1869.918823 0.054117 0.995271 -0.080662 -0.310671 -0.059989 -0.948623 0.948976 -0.076395 -0.305956
-1.176599 -45.192284 5105.665120 -2294.902264 0.063335 0.987238 0.146113 -0.203579 0.156109 -0.966533 0.977008 -0.031470 -0.210868
36.166589 -28.384644 -14954.155676 -5271.977933 0.063376 0.842821 -0.534450 -0.140638 -0.522640 -0.840874 0.988031 -0.128456 -0.085410
-3.140266 -136.199315 -155.393562 -7905.134900 0.947826 0.222634 0.228166 -0.291381 0.895366 0.336774 0.129315 0.385686 -0.913523
-2.563369 -146.326245 68.829625 -14159.272107 0.945085 0.222397 0.239486 -0.288723 0.911497 0.292936 0.153143 0.345995 -0.925654
-3.477317 -125.868056 -32.001624 -3823.844165 -0.935845 -0.251244 -0.247124 -0.286286 0.950929 0.117367 0.205509 0.180586 -0.961850
-3.013679 -164.683789 -278.414584 -17797.933502 0.962936 0.182674 0.198457 -0.262170 0.806850 0.529396 0.063418 0.561803 -0.824836
-2.626732 -150.303096 -171.137174 -13867.641426 0.966111 0.176520 0.188334 -0.252798 0.794514 0.552123 0.052173 0.581023 -0.812213
9.670472 -16.652063 -4622.273289 1994.832518 0.046775 0.619485 -0.783614 0.998857 -0.036772 0.030553 -0.009888 -0.784147 -0.620497
9.274642 -16.255431 -5511.755986 408.725873 -0.023068 0.611390 -0.790993 0.999683 0.022089 -0.012080 0.010087 -0.791021 -0.611706
26.661651 -12.084416 -13864.474702 2092.969598 -0.113592 0.606671 -0.786795 0.993428 0.080549 -0.081315 0.014044 -0.790861 -0.611834
24.613851 -15.126368 -12292.935047 3918.616342 -0.057159 0.618276 -0.783880 0.998299 0.026328 -0.052028 -0.011530 -0.785520 -0.618729
40.661859 -11.183717 -16909.160112 2847.114271 -0.164602 0.624765 -0.763266 0.986356 0.101911 -0.129294 -0.002993 -0.774133 -0.633016
39.385855 -8.000820 -14977.184784 56.845473 -0.227488 0.617888 -0.752638 0.973767 0.148486 -0.172424 0.005218 -0.772118 -0.635458
26.363126 -38.124997 161.275888 5824.933999 -0.296811 0.717024 -0.630697 0.945642 0.128772 -0.298629 -0.132908 -0.685050 -0.716269
19.298262 -41.746285 -21.806491 763.923800 -0.313809 0.716636 -0.622862 0.928588 0.094763 -0.358810 -0.198112 -0.690980 -0.695197
21.819288 -37.215297 -9321.415098 3420.603527 -0.205860 0.671664 -0.711681 0.969330 0.040192 -0.242455 -0.134245 -0.739765 -0.659338
30.177606 -30.175478 -12184.598718 7623.101262 -0.198729 0.665383 -0.719564 0.978202 0.089547 -0.187356 -0.060228 -0.741112 -0.668675
-5.113529 -116.239470 -275.279038 18481.698756 0.839387 -0.402521 0.365248 -0.502953 -0.320427 0.802724 0.206078 0.857499 0.471411
-7.017757 -136.141718 -1211.761565 21019.614742 0.837248 -0.407727 0.364383 -0.471423 -0.200536 0.858805 0.277086 0.890811 0.360110
-5.961897 -142.134816 523.720296 22851.150417 0.838854 -0.411105 0.356815 -0.461105 -0.188244 0.867149 0.289320 0.891940 0.347472
-0.583927 -77.314005 1977.248029 -2732.855212 0.084234 0.920571 0.381383 -0.810919 0.285754 -0.510641 0.579063 0.266258 -0.770579
6.133451 -71.890612 3605.713641 -6076.118966 0.062712 0.924381 0.376281 -0.702983 0.308536 -0.640796 0.708436 0.224334 -0.669173
-1.739955 -71.022861 1811.242311 -3917.391616 0.064752 0.925884 0.372217 -0.715080 0.303219 -0.629856 0.696037 0.225380 -0.681716
166.192415 -124.489817 53583.506859 17209.682863 0.580665 0.809806 -0.083921 -0.000112 -0.102999 -0.994681 0.814143 -0.577586 0.059717
68.721600 -138.884041 10208.217161 3821.251961 0.554086 0.829157 0.074070 0.289927 -0.108805 -0.950844 0.780340 -0.548324 0.300682
94.665618 -127.077738 20847.335364 11442.631194 0.493638 0.867485 0.061569 0.114660 0.005259 -0.993391 0.862076 -0.497435 0.096870
-6.385303 -200.909688 3442.715787 -34902.872673 0.853505 -0.213341 0.475411 0.167564 -0.751521 -0.638074 -0.493409 -0.624261 0.605678
12.481702 -198.748993 11132.841973 -35930.975818 0.864201 -0.166806 0.474691 0.209461 -0.738533 -0.640855 -0.457474 -0.653257 0.603302
1.214803 -154.282999 5440.242142 33584.633524 0.848475 -0.179574 0.497838 -0.084948 0.882268 0.463019 -0.522373 -0.435151 0.733328
-12.717934 -186.237496 1776.276470 39432.928566 0.843534 -0.248168 0.476301 -0.051133 0.845705 0.531196 -0.534636 -0.472437 0.700691
16.596773 -122.226815 -2504.550188 20918.229179 0.865902 -0.329849 0.376050 0.483132 0.746278 -0.457878 0.129608 -0.578159 -0.805564
18.130535 -127.322531 -68.200592 23550.131489 0.868722 -0.302414 0.392261 0.469147 0.756351 -0.455889 0.158819 -0.580069 -0.798935
15.373800 -101.320031 21.497658 19511.085068 0.882441 -0.283357 0.375508 0.419663 0.834859 -0.356222 0.212558 -0.471932 -0.855628
-1.579467 -22.027109 -11622.091543 -485.054798 0.598154 0.573287 0.559959 0.748014 -0.148683 -0.646814 -0.287554 0.805751 -0.517762
-9.570488 -24.915090 -7632.761489 2037.180953 0.553282 0.570429 0.607034 0.777463 -0.092005 -0.622163 -0.299049 0.816178 -0.494392
-16.395861 -25.454066 -2941.711164 -1981.894952 0.220205 0.562992 0.796587 0.942100 0.088974 -0.323313 -0.252898 0.821659 -0.510802
6.666276 -95.685904 11440.670871 4320.050086 0.705427 -0.460135 0.539118 0.701471 0.344262 -0.624037 -0.101544 -0.818388 -0.565623
7.071451 -91.165275 9351.425235 -1675.187863 0.718530 -0.465674 0.516587 0.693648 0.425700 -0.581061 -0.050674 -0.775839 -0.628892
27.929706 -85.978770 17719.146762 6946.100778 0.720402 -0.453697 0.524575 0.686406 0.358074 -0.632953 -0.099332 -0.816053 -0.569378
-5.744041 -94.799544 1831.197280 -93.371538 0.723527 -0.476043 0.499892 0.689518 0.464018 -0.556105 -0.032771 -0.747041 -0.663969
22.921738 -97.322380 -13837.714203 7797.426427 -0.679313 0.471105 -0.562667 0.700957 0.189575 -0.687547 -0.217240 -0.861465 -0.459005
-6.781432 -99.029781 6536.016392 4943.494538 0.709261 -0.463740 0.530937 0.699724 0.371621 -0.610151 -0.085644 -0.804266 -0.588066
-0.445145 -103.639947 -9092.157670 9630.308758 -0.675857 0.476207 -0.562534 0.709339 0.213016 -0.671909 -0.200139 -0.853142 -0.481761
42.966659 -61.619749 11432.928039 -1976.636498 -0.804476 0.376425 -0.459480 0.479133 0.868445 -0.127419 0.351070 -0.322658 -0.879001
46.589597 -81.263349 7118.153986 -35826.226087 -0.803030 0.349013 -0.483045 0.462091 0.876514 -0.134890 0.376317 -0.331532 -0.865143
37.476701 -64.541702 20347.595038 -3124.532950 -0.841620 0.359937 -0.402643 0.444114 0.885473 -0.136748 0.307309 -0.293909 -0.905085
50.309519 -78.752582 -12095.314927 -41747.008212 -0.756996 0.346969 -0.553687 0.502245 0.851015 -0.153374 0.417980 -0.394190 -0.818478
34.993589 -65.990252 12296.368964 33563.398780 -0.842979 0.343739 -0.413799 0.428837 0.893814 -0.131132 0.324784 -0.287994 -0.900874
34.471979 -67.185083 7906.471263 34883.254002 -0.802398 0.382540 -0.458062 0.480522 0.869309 -0.115758 0.353915 -0.312993 -0.881351
37.289055 -65.318883 -4728.943688 -9236.731588 -0.759149 0.353289 -0.546699 0.508046 0.846648 -0.158352 0.406918 -0.397961 -0.822219
158.733155 -1302.513672 -62969.773640 1121917.295880 0.423117 -0.057327 0.904260 0.891275 -0.153310 -0.426761 0.163097 0.986514 -0.013774
2867.538342 -7057.955657 618895.780752 7639919.697561 0.119627 0.130169 0.984249 0.990408 0.053402 -0.127438 -0.069149 0.990053 -0.122532
98.744681 -305.290915 -33850.400740 260180.966432 0.209115 0.152565 0.965916 0.938489 -0.308871 -0.154392 0.274789 0.938788 -0.207771
5.450881 -264.096407 -29165.790846 174370.371157 -0.057380 0.227239 0.972147 0.989407 -0.117116 0.085775 0.133346 0.966771 -0.218112
10.771643 -135.212475 -42116.392809 78175.145184 0.187309 0.209980 0.959596 0.951777 -0.280427 -0.124419 0.242971 0.936626 -0.252381
-1.513946 -366.882531 6418.897053 7580.678423 0.734340 -0.445069 0.512501 0.575512 0.808576 -0.122438 0.359903 -0.384862 -0.849913
-20.845727 -318.238179 7751.658438 -29212.130561 0.728858 -0.450669 0.515426 0.674998 0.599046 -0.430723 0.114650 -0.661847 -0.740820
-5.114234 -319.401169 -2832.345487 35793.247300 -0.662354 0.535345 -0.524112 0.677626 0.726466 -0.114324 0.319547 -0.430875 -0.843941
-23.027203 -6385.476629 29236.038503 -200273.154401 0.800861 -0.432529 0.414174 0.493404 0.868527 -0.047045 -0.339373 0.242031 0.908981
-57.635209 -2563.221587 -6490.932067 479929.262033 0.845411 -0.410344 0.341904 -0.509150 -0.425715 0.748020 0.161392 0.806465 0.568830
-68.793198 -4681.648131 -7904.670613 -4795466.012749 0.709966 -0.550591 0.439088 -0.703962 -0.572259 0.420664 -0.019658 0.607758 0.793879
-125.067779 -3525.051459 144944.193292 1789619.739885 0.749819 -0.504659 0.427891 0.483987 0.859310 0.165359 -0.451141 0.083104 0.888575
169.946088 -6763.542653 295353.028045 -1051688.711819 0.793303 -0.451826 0.408074 -0.607664 -0.546178 0.576571 0.037628 0.705367 0.707843
-742.414645 -14077.535522 327519.292385 -4262797.994487 0.437656 -0.469025 0.767120 0.531552 0.823080 0.199979 -0.725196 0.320243 0.609537
6143.370949 -121546.103982 4571746.076564 138657396.758698 -0.562718 0.500613 -0.657826 0.812383 0.187696 -0.552091 -0.152913 -0.845078 -0.512309
-783.672546 -97812.148211 -154967.038037 35737661.295298 0.254674 -0.543724 0.799691 0.150192 0.839163 0.522732 -0.955293 -0.013019 0.295376
-1.550129 -40.310875 -3669.491316 -3658.694053 -0.073157 0.900102 -0.429494 0.828560 0.294548 0.476162 -0.555101 0.321027 0.767336
-9.157823 -34.313917 -2251.791204 -5525.846785 0.033330 0.930606 -0.364502 0.806083 0.190580 0.560276 -0.590863 0.312493 0.743794
-2.964295 -28.623276 -2610.857879 -6093.526972 -0.116042 0.872406 -0.474806 0.788244 0.371741 0.490388 -0.604323 0.317357 0.730807
-6.743814 -44.247374 -4479.570626 -6533.051624 0.048441 0.938003 -0.343225 0.830655 0.152995 0.535355 -0.554676 0.311035 0.771746
4.443666 -36.076228 -3028.895801 -2415.560815 -0.172133 0.841482 -0.512131 0.801633 0.421806 0.423631 -0.572498 0.337621 0.747167
6.767643 -45.217061 -4817.962052 770.346161 -0.137466 0.875582 -0.463097 0.846310 0.346749 0.404382 -0.514649 0.336335 0.788680
1.269545 -46.984994 -5488.570865 -5423.212128 -0.046594 0.919709 -0.389826 0.856443 0.237640 0.458293 -0.514134 0.312510 0.798751
46.435019 27.750850 -1149.356165 3210.801652 -0.278140 0.735018 -0.618374 0.955521 0.145997 -0.256251 -0.098068 -0.662143 -0.742933
46.400920 19.973467 -9394.497878 -5395.234456 -0.436943 0.617204 -0.654324 0.896051 0.235130 -0.376572 -0.078570 -0.750848 -0.655785
40.381836 11.818702 20.022670 -16746.446934 -0.199153 0.758203 -0.620860 0.962077 0.030761 -0.271039 -0.186404 -0.651293 -0.735575
49.114192 26.978224 -11059.685291 7203.283628 -0.418361 0.612752 -0.670454 0.908263 0.277617 -0.313028 -0.005679 -0.739908 -0.672684
44.152242 22.382087 11145.614387 -1279.147396 -0.097919 0.833756 -0.543381 0.984882 0.002784 -0.173207 -0.142900 -0.552126 -0.821423
47.055362 26.917534 1152.314990 12410.305704 -0.305695 0.743296 -0.595030 0.951286 0.212135 -0.223727 -0.040069 -0.634436 -0.771936
-7.235037 -38.385788 25390.273370 -25733.139328 0.883268 -0.437178 -0.169450 0.113965 -0.150384 0.982037 0.454807 0.886713 0.083007
-23.958068 -35.485898 42645.837048 -29572.937554 0.858881 -0.439552 -0.262903 0.216999 -0.152664 0.964160 0.463935 0.885148 0.035738
-24.954221 -63.402210 33584.717076 -15225.849757 0.885375 -0.464143 -0.026120 -0.041908 -0.135647 0.989871 0.462985 0.875312 0.139549
6.778294 -16.040117 -49724.764279 19287.204836 -0.057996 -0.004999 0.998304 0.896413 -0.440406 0.049871 0.439410 0.897785 0.030023
-8.107388 -64.513735 17636.072102 -11836.875400 0.895823 -0.437767 -0.076562 -0.013789 -0.199573 0.979786 0.444198 0.876659 0.184818
2.909374 -44.123099 4853.217237 -21061.168479 0.897081 -0.386935 -0.213371 0.143549 -0.201488 0.968915 0.417899 0.899824 0.125207
4.818434 -8.096235 10734.226749 -14919.831342 0.730248 -0.284524 -0.621116 0.539390 -0.317848 0.779763 0.419282 0.904444 0.078639
7.393927 -171.309671 2336.242213 63952.745489 0.909123 0.368794 0.193615 -0.117148 0.672455 -0.730808 0.399715 -0.641712 -0.654548
10.574371 -220.809082 1962.162212 116885.188654 0.925846 0.353595 0.133340 -0.154892 0.676917 -0.719578 0.344699 -0.645565 -0.681490
4.938661 -265.709290 1683.991112 120402.480927 0.919023 0.364111 0.151064 -0.083398 0.554124 -0.828246 0.385282 -0.748578 -0.539618
9.378364 -119.037734 1058.455329 26012.019436 0.921653 0.366722 0.126771 -0.189706 0.710886 -0.677240 0.338479 -0.600131 -0.724759
7.941291 -127.791280 1724.846190 16876.957749 0.905581 0.387512 0.172502 -0.197110 0.744549 -0.637804 0.375593 -0.543582 -0.750632
-566.199569 -8590.903020 -237503.056314 -10716163.220642 -0.701237 0.712715 -0.017433 -0.408208 -0.421440 -0.809787 0.584494 0.560736 -0.586465
-609.973207 -1744.315882 -433624.977022 -932601.821207 -0.492014 0.870315 0.021776 -0.655543 -0.353906 -0.667094 0.572875 0.342495 -0.744655
-1012.817925 -2253.053461 509310.043401 158232.869116 0.716666 -0.629287 -0.300646 0.697242 0.636848 0.329057 0.015606 0.445447 -0.895172
29.810188 -182.170475 4872.922376 22302.884524 0.520884 0.851515 -0.060017 0.667539 -0.362504 0.650371 -0.532045 0.378831 0.757242
37.838843 -196.623233 454.564556 32431.770246 0.367971 0.921230 -0.126225 0.775601 -0.229216 0.588135 -0.512875 0.314317 0.798852
60.349055 -232.217779 2011.757584 30581.424198 0.454663 0.888939 -0.055392 0.523923 -0.216639 0.823755 -0.720268 0.403552 0.564234
-10.645184 -101.527205 14457.175973 -33847.554391 0.877013 -0.474177 -0.077488 0.453220 0.869987 -0.194200 0.159499 0.135197 0.977897
-9.292434 -114.950740 4574.040979 34109.277086 0.915738 -0.400257 -0.034910 -0.394394 -0.912092 0.111988 0.076665 0.088784 0.993096
-6.697315 -171.621324 5065.193863 52054.832378 0.815390 -0.578910 -0.001427 -0.550804 -0.776557 0.305898 0.178195 0.248640 0.952063
-20.573843 -63.622405 14302.172068 -6439.794559 0.989376 -0.099527 -0.105967 0.093776 0.993905 -0.057947 0.111089 0.047395 0.992680
-38.722769 -59.116062 6812.057563 28835.189042 0.769515 -0.638092 0.026186 -0.636302 -0.762569 0.116652 0.054466 0.106427 0.992828
400.456558 -28.543473 244493.090341 1854.703808 0.799114 0.104636 -0.592004 0.601099 -0.122870 0.789673 -0.009888 0.986891 0.161084
375.042131 -22.237319 225474.612753 47.346488 0.749345 0.133717 -0.648538 0.662047 -0.131703 0.737799 -0.013242 0.982229 0.187219
3959.209543 -61.531500 2845226.390117 7902.385111 0.735694 0.335069 -0.588629 0.649701 -0.103491 0.753113 -0.191427 0.936493 0.293832
-54.375804 -71.421761 -4956.090272 5577.873426 0.773429 -0.374707 -0.511275 -0.542853 0.024917 -0.839458 -0.327291 -0.926808 0.184139
-63.061789 -71.988628 -3969.914295 3811.132887 0.705483 -0.239790 -0.666929 -0.675317 0.058077 -0.735237 -0.215036 -0.969086 0.120962
-60.833998 -72.176488 -2851.189463 -379.309236 0.664197 -0.276303 -0.694621 0.735291 0.073826 0.673719 -0.134869 -0.958231 0.252198
-70.986110 -95.313271 3184.032961 -1406.874911 0.150013 -0.915064 0.374372 0.984385 0.173514 0.029663 -0.092102 0.364076 0.926804
-70.412579 -95.021170 4773.405975 3187.811324 0.169229 -0.932298 0.319660 0.982504 0.133990 -0.129355 0.077766 0.335958 0.938661
-69.550696 -95.600526 2652.882667 3977.471672 0.173199 -0.898264 0.403887 0.982880 0.131481 -0.129069 0.062835 0.419327 0.905658
-68.087550 -93.778502 -1964.759923 4981.119896 0.176832 -0.844022 0.506318 0.979879 0.102589 -0.171211 0.092563 0.526406 0.845180
-69.499301 -96.529683 -2316.189353 -519.188777 0.180374 -0.852189 0.491160 0.981745 0.186618 -0.036744 -0.060347 0.488822 0.870294
10.112270 -45.440598 10757.369200 864.616286 0.794957 0.520837 -0.311082 -0.262332 -0.167235 -0.950376 0.547015 -0.837115 -0.003688
22.712744 -41.676718 11541.139513 1761.729714 0.798140 0.500970 -0.334666 -0.295838 -0.158015 -0.942078 0.524835 -0.850917 -0.022088
12.436202 -51.686848 7784.792929 4167.077282 0.806263 0.513813 -0.293148 -0.216782 -0.204446 -0.954572 0.550404 -0.833185 0.053452
6.898365 -59.567986 5442.829249 2274.177928 0.804952 0.513143 -0.297888 -0.168099 -0.284257 -0.943897 0.569030 -0.809866 0.142554
5.463366 -54.581803 2622.120352 3891.536989 0.814325 0.495964 -0.301486 -0.200936 -0.246416 -0.948105 0.544517 -0.832646 0.101006
2.507582 -49.433111 1881.788443 4973.246912 0.814083 0.488825 -0.313557 -0.259136 -0.177433 -0.949403 0.519727 -0.854147 0.017773
100.469447 -57.914668 -14641.153177 -564.623068 0.931818 0.301840 -0.201513 -0.362187 0.808795 -0.463325 -0.023133 -0.504720 -0.862973
73.980918 -65.870355 -13984.635289 1379.400724 0.924264 0.292753 -0.245014 -0.381748 0.704924 -0.597788 0.002288 -0.646047 -0.763294
64.976630 -58.296711 8879.455909 2254.564785 0.932427 0.358793 0.042983 -0.290996 0.816060 -0.499366 0.214246 -0.453115 -0.865324
-11.330397 -50.884433 1262.082418 -335.051754 0.939649 0.184999 -0.287812 0.045429 -0.901223 -0.430968 0.339111 -0.391883 0.855237
-11.771553 -49.317775 -1195.532928 299.811134 0.957720 0.116554 -0.263035 -0.033230 0.952958 0.301275 0.285776 -0.279796 0.916540
-12.595840 -49.675555 -1074.213387 -1066.652634 0.957553 0.154514 -0.243348 0.041540 -0.909356 -0.413940 0.285249 -0.386261 0.877174
5.795588 -100.091751 1052.291889 10193.433619 0.611351 0.138207 -0.779197 0.305867 0.866845 0.393733 0.729860 -0.479040 0.487674
3.720580 -94.460646 -545.310849 4820.774857 0.620899 0.144189 -0.770515 0.351206 0.827596 0.437880 0.700813 -0.542489 0.463214
6.051173 -108.102237 -892.102275 -4665.115634 0.646785 0.145721 -0.748622 -0.471854 -0.694709 -0.542893 0.599185 -0.704376 0.380568
1.624480 -156.395409 1167.355982 -4697.381000 0.737650 0.462296 -0.492093 -0.674024 0.461511 -0.576801 0.039547 -0.757160 -0.652032
-0.067893 -153.988834 483.305063 -1440.117275 0.733435 0.451650 -0.508021 -0.678957 0.450448 -0.579753 0.033009 -0.770136 -0.637025
0.619532 -156.612189 309.428687 12450.760836 0.744843 0.441003 -0.500725 -0.656451 0.618738 -0.431549 -0.119503 -0.650138 -0.750359
1.110820 -162.292859 200.804222 1414.560367 0.753116 0.432779 -0.495499 -0.647372 0.621632 -0.441003 -0.117161 -0.652899 -0.748329
41.290282 -43.974293 -4106.809315 750.342548 0.980543 0.195596 -0.016673 -0.167073 0.786918 -0.594010 0.103066 -0.585237 -0.804285
36.383319 -49.259270 -7269.368046 -2855.998488 0.967142 0.237765 -0.090022 -0.235869 0.706995 -0.666727 0.094879 -0.666053 -0.739846
39.218329 -41.779875 -1379.370839 -2410.273064 0.962508 0.271196 -0.005537 -0.203512 0.708496 -0.675734 0.179334 -0.651527 -0.737125
12.850886 -45.627196 -87.824607 -5450.056570 -0.588297 0.689853 -0.421911 0.773477 0.327852 -0.542445 -0.235883 -0.645457 -0.726460
8.599037 -49.250046 -2700.048384 -2581.748139 -0.647524 0.665671 -0.370938 0.715121 0.362631 -0.597579 -0.263278 -0.652212 -0.710847
7.994944 -48.537910 -1194.268507 -3595.245361 -0.587545 0.686845 -0.427826 0.763998 0.296638 -0.572986 -0.266643 -0.663513 -0.699036
15.492373 -44.524923 5390.060411 -3466.474225 -0.479198 0.729532 -0.488008 0.844444 0.231591 -0.482991 -0.239339 -0.643544 -0.727027
-3.088401 -146.074888 -506.623882 -15144.849147 0.854144 0.427236 -0.296491 0.493675 -0.845369 0.204048 0.163468 0.320657 0.932983
-1.757270 -134.481488 -503.410698 -9080.363693 0.856371 0.424039 -0.294652 0.504293 -0.809469 0.300747 0.110983 0.406142 0.907045
-1.443632 -147.043497 -1009.692306 -9932.946263 0.860007 0.422179 -0.286622 0.476576 -0.865280 0.155451 0.182381 0.270286 0.945348
24.803049 -104.253047 1102.128701 -10599.371917 -0.749451 0.044753 0.660545 0.080885 0.996428 0.024262 -0.657100 0.071611 -0.750394
19.383748 -105.621363 -4547.939694 -7439.018791 -0.830463 0.021986 0.556640 0.039289 0.999044 0.019155 -0.555687 0.037778 -0.830533
21.098761 -122.200922 -994.047854 -10826.982502 -0.778454 0.012503 0.627577 0.132309 0.980607 0.144582 -0.613598 0.195584 -0.765012
19.926229 -124.286488 1836.569644 -11702.595395 -0.717522 0.004629 0.696520 0.196261 0.960805 0.195792 -0.668314 0.277185 -0.690308
18.595839 -137.323385 -613.309507 -15330.597480 -0.770713 0.008318 0.637129 0.247506 0.925305 0.287319 -0.587148 0.379133 -0.715203
-13.843193 -267.156792 -2450.676050 19953.925262 -0.800525 -0.582121 0.142463 -0.577293 0.812851 0.077498 -0.160915 -0.020204 -0.986762
0.996797 -281.006063 -7871.241264 23820.968030 -0.792008 -0.600200 0.111731 -0.599564 0.799171 0.042984 -0.115091 -0.032946 -0.992808
-13.668294 -273.964014 1729.368860 -2625.974917 0.783160 0.602099 -0.155360 -0.621414 0.748809 -0.230499 0.022448 -0.277060 -0.960590
-18.655251 -256.644970 1016.053608 -7794.697884 0.783080 0.593528 -0.185768 -0.621324 0.759700 -0.191867 -0.027250 -0.265670 -0.963679
-16.980472 -245.338670 121.126558 -32172.975056 0.768373 0.606706 -0.203743 -0.622040 0.633060 -0.460762 0.150566 -0.480773 -0.863821
-11.609060 -259.589336 1484.339972 -32554.998157 0.770912 0.612952 -0.173160 -0.603340 0.615605 -0.506963 0.204146 -0.495298 -0.844396
31.255512 -151.693425 7060.162739 -34713.113847 0.785018 0.592527 -0.180716 -0.415932 0.287968 -0.862598 0.459072 -0.752320 -0.472511
33.220521 -175.433929 -1312.255605 -37510.232216 0.767076 0.584076 -0.265424 -0.537445 0.359089 -0.763026 0.350355 -0.727949 -0.589357
30.753198 -131.376626 -1675.300269 -30228.254242 0.816985 0.538713 -0.205725 -0.405622 0.283277 -0.869037 0.409885 -0.793437 -0.449947
-16.471909 -212.567098 4438.848402 14226.117940 -0.668480 -0.727372 0.155128 0.737691 -0.674995 0.013920 0.094586 0.123741 0.987796
-8.844560 -217.633559 3998.377933 531.700623 -0.676257 -0.724916 0.131049 0.731937 -0.641073 0.230853 -0.083337 0.252036 0.964123
-9.155784 -209.821183 -3763.548769 11698.358638 0.681863 0.719402 -0.132381 0.721241 -0.691391 -0.042303 0.121960 0.066634 0.990296
372.074339 -3137.306176 319989.311944 2290021.337067 -0.284742 0.873227 0.395469 0.565442 -0.180135 0.804877 -0.774078 -0.452797 0.442467
565.112746 -1803.923759 201303.872293 -1130410.739234 -0.059226 0.998159 0.013085 -0.057405 -0.016492 0.998215 -0.996593 -0.058369 -0.058276
585.396295 -1117.850954 363031.789269 -50144.642167 0.055396 0.998454 0.004672 0.349973 -0.023799 0.936457 -0.935120 0.050241 0.350750
24.279105 -300.762559 -19639.032514 -15997.051658 0.648658 0.596515 -0.472666 -0.488045 -0.150534 -0.859739 0.583999 -0.788359 -0.193481
12.100936 -321.620519 1790.111487 -56242.543765 0.666876 0.632235 -0.394404 -0.410312 -0.130267 -0.902593 0.622029 -0.763747 -0.172541
42.043268 -308.734747 -10023.359123 -26043.700561 0.644195 0.617328 -0.451573 -0.319684 -0.319042 -0.892197 0.694849 -0.719110 0.008176
16.948231 -137.166390 -3666.948480 11015.581375 -0.716792 -0.578339 0.389530 -0.612924 0.788945 0.043486 -0.332467 -0.207582 -0.919987
12.579350 -131.097087 -1390.539249 -5831.451574 0.705101 0.589621 -0.393929 -0.669667 0.736369 -0.096475 -0.233193 -0.331826 -0.914064
12.792423 -126.695987 -5096.475896 10803.815249 -0.733529 -0.568086 0.373115 -0.600014 0.799129 0.037110 -0.319248 -0.196653 -0.927043
16.717880 -143.124235 -4045.999585 11670.471142 -0.767130 -0.499874 0.402042 -0.477979 0.863401 0.161475 -0.427841 -0.068295 -0.901270
-650.051689 -3832.926492 372451.315531 476330.700798 0.517225 0.798883 -0.307025 0.206908 0.231376 0.950607 -0.830462 0.555204 0.045622
-1103.140050 -4005.536069 589343.288726 1097436.828757 0.520362 0.836714 0.170683 0.664860 -0.522398 0.533911 -0.535895 0.164346 0.828134
-2388.891493 -3020.932415 410969.198753 2017795.888170 0.419136 -0.819871 0.390048 0.886760 0.461881 0.017971 -0.194890 0.338346 0.920619
-1363.882534 -4297.703886 896679.316790 -1999011.368441 0.661099 0.722209 -0.203374 0.479856 -0.198606 0.854572 -0.576789 0.662548 0.477855
-9.682491 -21.778907 -597.513437 -1494.608888 0.847998 -0.510594 -0.142105 0.477257 0.852253 -0.214223 0.230490 0.113840 0.966393
-7.006981 -19.945100 -2271.446347 47.977257 0.945501 -0.275976 -0.172815 0.251314 0.955956 -0.151623 0.207048 0.099929 0.973214
-8.453334 -22.969238 -1692.427515 514.432109 0.896082 -0.411657 -0.166057 0.386788 0.907665 -0.162909 0.217786 0.081751 0.972567
-9.788739 -25.557599 -135.722834 -515.280933 0.817749 -0.553637 -0.157394 0.516605 0.826564 -0.223410 0.253784 0.101383 0.961933
-10.000454 -25.441625 743.656037 -1824.433406 0.743417 -0.658190 -0.118818 0.611193 0.740693 -0.278958 0.271615 0.134761 0.952924
7.538227 -62.377887 -2921.497944 -10690.120663 0.739155 0.451471 -0.499825 -0.463991 -0.196605 -0.863747 0.488224 -0.870357 -0.064157
8.158106 -70.264007 -3533.537304 -2867.979096 0.714923 0.437771 -0.545199 -0.559443 -0.109586 -0.821593 0.419415 -0.892383 -0.166562
0.291445 -59.266282 -5057.093370 -7963.635949 0.738218 0.431140 -0.518799 -0.497853 -0.170725 -0.850291 0.455166 -0.885986 -0.088612
-5.600552 -63.014196 14777.958662 -1376.453135 0.913131 0.261517 0.312732 0.107900 0.584728 -0.804021 0.393128 -0.767920 -0.505716
-5.728444 -68.203081 14387.863692 879.613523 0.908390 0.221858 0.354410 0.092793 0.719516 -0.688248 0.407698 -0.658085 -0.633015
3.512007 -65.424179 6756.595120 -2862.776199 0.943130 0.286988 0.167760 -0.025453 0.565519 -0.824342 0.331448 -0.773192 -0.540663
31.551533 -108.343372 -776.344711 -2828.375890 0.674967 0.009586 -0.737785 0.604785 -0.579987 0.545756 0.422674 0.814569 0.397270
36.117344 -113.689095 -2800.949616 -5642.024723 0.708627 -0.000964 -0.705583 0.491529 -0.716758 0.494629 0.506209 0.697322 0.507439
31.278766 -105.776141 -4112.701679 -2121.756443 0.726129 0.070586 -0.683926 0.586233 -0.583315 0.562206 0.359260 0.809173 0.464942
15.233141 -92.056606 2569.701300 -9249.552832 0.914640 0.221971 -0.337881 0.307886 0.159173 0.938014 -0.261993 0.961973 -0.077244
8.693363 -100.103192 2336.504595 12211.293871 0.897071 0.189778 -0.399059 0.348303 0.252080 0.902852 -0.271936 0.948915 -0.160034
9.171076 -104.716242 1993.407469 3750.844238 0.887511 0.157311 -0.433103 0.410944 0.154975 0.898392 -0.208447 0.975313 -0.072896
14.158634 -104.047973 1971.675154 -9815.053909 0.898783 0.177404 -0.400895 0.400615 0.039005 0.915416 -0.178035 0.983365 0.036014
19.204950 -109.877213 1395.066411 -20309.489425 0.903915 0.239991 -0.354038 0.350003 0.060726 0.934778 -0.245838 0.968874 0.029107
-194.457602 -8004.584017 -46722.582970 5210042.654727 0.628265 0.529940 0.569602 -0.374601 0.847735 -0.375525 -0.681877 0.022556 0.731119
-445.327097 -8892.950624 -546194.831587 15255533.051915 0.638459 0.419716 0.645142 -0.296302 0.907654 -0.297269 -0.710335 -0.001363 0.703863
26.417179 -7668.141599 8841.307801 9380781.153212 0.679279 0.184918 0.710201 0.271795 0.835530 -0.477511 -0.681695 0.517392 0.517298
200.758124 -956.918687 543819.329957 1048743.507945 0.785637 0.495303 0.370742 -0.270035 0.813665 -0.514810 -0.556647 0.304341 0.772995
309.571423 -532.242244 410176.665024 -210504.251372 0.299486 0.825311 0.478717 0.750417 -0.513618 0.416019 -0.589223 -0.234645 0.773148
-79.171585 -569.984637 -23496.418824 -268575.904409 0.861264 0.154711 -0.484034 -0.394900 0.803247 -0.445924 -0.319810 -0.575203 -0.752903
-81.988366 -461.021212 22942.431275 -37852.003834 -0.866486 -0.182556 0.464623 -0.222373 0.974442 -0.031838 -0.446936 -0.130907 -0.884936
-169.143435 -450.620076 -46065.646319 -141613.555958 0.922526 0.186533 -0.337863 -0.319075 0.861122 -0.395802 -0.217111 -0.472942 -0.853926
-60.234145 -97.971894 682.351153 109.622285 0.725525 0.678303 0.116269 -0.135120 -0.025258 0.990507 -0.674801 0.734348 -0.073327
-51.520870 -91.039344 3564.246892 -3046.789177 0.630683 0.720659 0.287905 -0.302905 -0.112964 0.946302 -0.714484 0.684025 -0.147047
-50.088949 -83.933521 321.391848 -8123.794289 0.486521 0.757330 0.435602 -0.463825 -0.198627 0.863374 -0.740381 0.622092 -0.254632
116.494862 -130.193877 8953.012726 10483.319787 -0.785632 -0.244239 0.568444 -0.140369 0.965187 0.220703 -0.602560 0.093599 -0.792566
112.578913 -109.764116 -5666.985285 4027.987263 -0.916427 -0.251509 0.311296 -0.203964 0.962769 0.177412 -0.344326 0.099092 -0.933606
-56.772023 -84.245073 -3367.735142 7031.904045 0.848409 0.198312 -0.490790 -0.438068 0.783518 -0.440678 -0.297151 -0.588874 -0.751617
-59.906082 -93.668726 -2553.398502 4101.622534 0.760906 0.351110 -0.545660 -0.633807 0.582291 -0.509143 -0.138968 -0.733252 -0.665605
-55.025115 -85.464163 41.438548 5217.016961 0.802144 0.195786 -0.564121 -0.518096 0.697898 -0.494485 -0.296885 -0.688917 -0.661251
24.965337 -57.629518 1115.245301 -691.993537 0.713736 0.000404 0.700415 0.392736 0.827775 -0.400683 -0.579948 0.561060 0.590654
23.470941 -63.253708 -4042.036127 5076.044752 0.705376 0.079659 0.704343 -0.400186 -0.775403 0.488468 -0.585061 0.626422 0.515073
20.934700 -69.207437 4149.401936 10222.125755 0.752387 0.036580 0.657705 -0.370375 -0.802191 0.468309 -0.544735 0.595947 0.590010
19.909150 -57.804997 -8103.641660 1389.679891 0.690864 0.078547 0.718705 0.368687 0.816836 -0.443677 -0.621913 0.571498 0.535364
16.934468 -59.755381 10012.583558 -5787.759518 0.760451 -0.054185 0.647131 0.359696 0.864829 -0.350270 -0.540678 0.499134 0.677150
22.104086 -55.474101 7499.854862 3281.636189 0.725748 -0.070077 0.684382 0.371768 0.876986 -0.304440 -0.578860 0.475378 0.662523
25.727510 -56.299261 -2634.981922 3095.086701 0.693838 -0.016460 0.719943 0.367432 0.867906 -0.334265 -0.619341 0.496456 0.608234
35.577175 -162.602697 1314.195190 -57506.190640 -0.910486 0.223369 -0.348025 0.074368 0.916295 0.393538 0.406798 0.332429 -0.850886
33.652169 -198.372977 -2596.840050 -63008.113489 0.922807 -0.202089 0.328006 0.007032 0.860074 0.510120 0.385199 0.468436 -0.795103
29.566460 -165.503407 -3954.543777 -80810.378310 0.934929 -0.183591 0.303649 0.045169 0.910360 0.411344 0.351949 0.370861 -0.859415
27.499740 -216.579865 -6251.481732 -60968.757238 0.940024 -0.154250 0.304239 -0.055080 0.811571 0.581652 0.336631 0.563524 -0.754400
-29.071754 -63.715743 96.096275 -907.929937 0.025020 0.998864 -0.040562 -0.680264 -0.012721 -0.732857 0.732540 -0.045929 -0.679173
-21.217516 -60.650465 4103.413334 -1328.938144 0.045939 0.991524 0.121533 -0.582398 0.125429 -0.803169 0.811605 0.033884 -0.583224
-23.968486 -60.760275 1565.435908 -1187.425572 0.062733 0.997984 0.009660 -0.497522 0.039662 -0.866544 0.865180 -0.049555 -0.499007
56.968352 -91.644975 9193.547356 -4495.152076 0.327655 0.879939 0.344019 -0.730697 0.466836 -0.498143 0.598936 0.088154 -0.795930
34.468649 -95.499864 6920.528979 -1987.299652 0.270758 0.881791 0.386180 -0.836532 0.414031 -0.358876 0.476344 0.225883 -0.849749
47.734057 -96.782938 7274.539932 -1182.599679 0.380263 0.856309 0.349477 -0.802327 0.493387 -0.335919 0.460078 0.152657 -0.874657
-1.758685 -129.071173 -554.940547 -8386.851821 -0.932928 -0.248035 -0.261006 -0.275698 0.958335 0.074736 0.231594 0.141682 -0.962440
1.123635 -155.889991 1024.453916 -20273.850899 0.943025 0.216493 0.252657 -0.281997 0.923065 0.261590 0.176586 0.317935 -0.931523
-1.800540 -179.277025 175.148624 -22552.602806 0.958947 0.185833 0.214211 -0.271398 0.820454 0.503187 0.082242 0.540667 -0.837207
-0.974273 -21.321241 -2221.186173 1962.837733 0.199495 0.599937 -0.774776 0.979769 -0.134973 0.147764 -0.015925 -0.788580 -0.614726
-0.776211 -17.689501 -2621.124655 2402.111447 0.109699 0.608311 -0.786082 0.993949 -0.062661 0.090217 0.005623 -0.791222 -0.611504
10.648369 -13.118333 -6672.342964 991.197093 -0.108415 0.603987 -0.789586 0.993910 0.081606 -0.074046 0.019712 -0.792805 -0.609156
23.037340 -41.156724 8816.692681 3781.020169 -0.381627 0.749917 -0.540356 0.904031 0.181023 -0.387244 -0.192584 -0.636282 -0.747032
17.163806 -43.407618 6978.589101 -339.200898 -0.391031 0.741895 -0.544689 0.886910 0.145600 -0.438396 -0.245937 -0.654517 -0.714928
13.364031 -42.738357 -179.546509 1411.631618 -0.321821 0.711616 -0.624528 0.914836 0.063767 -0.398759 -0.243938 -0.699669 -0.671533
-5.480749 -146.704428 -537.147615 17904.799772 0.859290 -0.369392 0.353794 -0.421753 -0.120352 0.898688 0.289388 0.921447 0.259210
-5.055102 -127.971912 -280.237964 17387.637722 0.857210 -0.373604 0.354417 -0.467479 -0.275881 0.839853 0.215995 0.885613 0.411140
-5.531216 -142.632411 343.920069 20398.291100 0.851118 -0.387732 0.353924 -0.441966 -0.165388 0.881654 0.283311 0.906813 0.312129
-6.051472 -159.038885 215.866881 13953.839618 0.850392 -0.384971 0.358651 -0.383337 0.013587 0.923509 0.360397 0.922829 0.136019
-6.588571 -157.140329 985.967600 20611.155099 0.837822 -0.413421 0.356564 -0.411334 -0.048582 0.910189 0.358968 0.909243 0.210757
120.048529 -129.729030 37402.033371 4659.983169 0.618492 0.781541 -0.081612 0.181297 -0.242983 -0.952938 0.764591 -0.574589 0.291974
48.746489 -138.132181 6527.619229 -3244.915885 0.580614 0.810898 0.073013 0.460108 -0.252810 -0.851110 0.671705 -0.527760 0.519886
164.647213 -118.524254 48070.402706 9158.268515 0.698767 0.699399 -0.150221 -0.004146 -0.206034 -0.978536 0.715338 -0.684391 0.141070
122.238439 -120.442083 36822.863774 -242.279405 0.722155 0.673797 -0.156490 0.138264 -0.362267 -0.921762 0.677772 -0.644018 0.354775
78.527773 -128.954722 23971.083747 -393.946607 0.657570 0.750856 -0.061771 0.352667 -0.379228 -0.855460 0.665753 -0.540741 0.514171
31.453601 -196.488948 18117.957898 -34229.023781 0.850867 -0.156969 0.501384 0.254439 -0.711828 -0.654646 -0.459658 -0.684588 0.565732
19.634764 -242.204233 13673.506400 -35800.294436 0.862472 -0.168567 0.477209 0.327838 -0.532264 -0.780524 -0.385571 -0.829626 0.403801
36.117080 -239.053630 17357.469799 -35028.909154 0.846232 -0.179131 0.501800 0.358644 -0.504992 -0.785085 -0.394037 -0.844331 0.363096
-1.128446 -265.734691 6770.551967 -21580.683495 0.865615 -0.195991 0.460758 0.393025 -0.304185 -0.867757 -0.310228 -0.932233 0.186278
17.391105 -268.463463 12138.004800 -25938.152562 0.857177 -0.179923 0.482571 0.428998 -0.269018 -0.862317 -0.284971 -0.946180 0.153409
15.169928 -141.599482 -2776.773622 18504.190533 0.840549 -0.376985 0.389051 0.540943 0.622910 -0.565122 0.029301 -0.685467 -0.727514
13.394267 -160.066041 -1880.704832 13665.421949 0.811707 -0.403581 0.422202 0.579473 0.465995 -0.668626 -0.073100 -0.787383 -0.612115
17.671464 -165.909374 -2276.005165 18081.803418 0.819179 -0.380541 0.429110 0.572852 0.506269 -0.644618 -0.028058 -0.773874 -0.632718
28.751942 -43.539485 6941.641783 10251.322148 0.744693 0.088711 0.661485 -0.666679 0.145152 0.731074 0.031161 0.985424 -0.167235
39.694183 -30.251792 6647.414806 -6082.657032 0.705469 0.160976 0.690217 0.708225 -0.122984 -0.695192 -0.027024 0.979266 -0.200769
36.973551 -43.286498 6433.914791 8960.441238 0.769565 0.133595 0.624438 -0.638526 0.172351 0.750053 0.007419 0.975934 -0.217939
18.046061 -87.059259 25334.841426 -349.093286 0.758316 -0.402985 0.512406 0.651785 0.454820 -0.606889 -0.011514 -0.794193 -0.607557
12.804143 -85.255273 13255.018071 -3567.898542 0.762963 -0.415859 0.494923 0.645195 0.537408 -0.543062 0.040138 -0.733658 -0.678332
1.021752 -88.834874 -3653.471154 -2523.688521 0.760591 -0.468510 0.449444 0.648980 0.567934 -0.506237 0.018077 -0.676720 -0.736019
40.691765 -84.765738 24296.147750 -38015.381716 -0.834038 0.364833 -0.413856 0.447986 0.885669 -0.122060 0.322008 -0.287204 -0.902122
92.431421 -137.308810 -3049.633227 93073.505629 0.469966 -0.028358 0.882229 0.758520 -0.498178 -0.420079 0.451420 0.866611 -0.212616
90.735392 -78.026657 -3268.407500 72974.150358 0.486795 -0.092286 0.868628 0.716659 -0.526352 -0.457551 0.499430 0.845244 -0.190088
78.216210 -200.525177 8851.530824 147507.149390 0.585313 -0.142158 0.798248 0.677749 -0.454607 -0.577917 0.445045 0.879275 -0.169740
-12.637337 -40.159852 -3384.154551 -5218.886016 0.171036 0.946570 -0.273408 0.788249 0.035022 0.614358 -0.591109 0.320591 0.740143
-3.606907 -99.112283 1817.525944 -8560.273042 -0.801469 0.438735 -0.406398 0.399758 0.898457 0.181573 0.444793 -0.016936 -0.895473
-2.519036 -92.134277 1721.769386 -7574.171483 -0.783006 0.464222 -0.414004 0.489536 0.870533 0.050268 0.383740 -0.163310 -0.908886
-1.377819 -97.680842 766.913163 -6467.463789 -0.791919 0.451822 -0.410756 0.461608 0.883317 0.081668 0.399727 -0.124934 -0.908080
-38.485213 -62.224169 16583.830303 -20116.175985 0.892557 -0.413970 0.178803 -0.206402 -0.022511 0.978208 0.400924 0.910012 0.105537
-33.976370 -36.978923 -55429.583726 9617.483319 -0.288803 0.110388 0.951003 0.864569 -0.396601 0.308590 0.411234 0.911330 0.019102
9.410734 -31.494437 -66314.064074 18878.270848 0.033945 -0.005072 0.999411 0.916282 -0.399160 -0.033147 0.399093 0.916867 -0.008902
8.148995 -387.455314 2712.129636 217725.753880 0.922429 0.369178 0.113281 -0.125177 0.563362 -0.816673 0.365316 -0.739142 -0.565874
13.999419 -424.953670 3318.754030 218974.408423 0.932611 0.352075 0.079245 -0.152629 0.583786 -0.797432 0.327018 -0.731599 -0.598182
14.007911 -156.474181 1502.346940 67547.891462 0.942526 0.320983 0.092810 -0.168384 0.696205 -0.697814 0.288602 -0.642081 -0.710240
12.130461 -146.058813 4507.191675 17029.329461 0.456006 0.880738 -0.127905 0.827487 -0.366684 0.425215 -0.327602 0.299740 0.896009
7.679519 -142.334644 -4053.098993 24385.938738 0.273025 0.947648 -0.165590 0.920321 -0.207175 0.331795 -0.280119 0.242984 0.928705
32.373453 -213.123651 -7853.857462 40613.034684 0.163634 0.973342 -0.160712 0.860526 -0.061166 0.505722 -0.482410 0.221050 0.847595
-17.068372 -220.759150 -10925.656784 68371.967976 0.819197 -0.566583 0.088882 -0.567605 -0.778778 0.267075 0.082100 0.269237 0.959568
-22.409384 -243.538804 -9624.547512 98025.459833 0.810464 -0.583485 0.051901 -0.585481 -0.803985 0.104021 0.018967 0.114692 0.993220
