10218
20424
-80.551166 -123.984416 7068.037540 31067.162650 0.587704 -0.657448 0.471558 0.800837 0.555665 -0.223374 -0.115171 0.508919 0.853075
-95.889846 -133.782370 -2432.149086 21328.762390 0.428540 -0.710767 0.557821 0.867888 0.495497 -0.035391 -0.251244 0.499293 0.829206
-84.246753 -157.231161 6595.771963 -28001.272071 0.691744 -0.553178 0.464203 -0.672113 -0.728278 0.133698 -0.264110 0.404481 0.875580
-76.342005 -105.674197 1679.779402 17118.692740 0.106678 -0.803865 0.585167 0.989798 0.141761 0.014299 -0.094448 0.577672 0.810786
-56.215036 -147.608230 20450.533274 44074.006730 0.686495 -0.623386 0.374320 0.723883 0.634541 -0.270832 -0.068688 0.456889 0.886868
-61.494607 -102.932218 12641.878065 26353.391369 0.521809 -0.734666 0.433568 0.852826 0.437310 -0.285389 0.020062 0.518677 0.854735
-96.430298 -130.824222 -6573.064160 7943.842312 0.920149 -0.239008 -0.310161 0.386993 0.434365 0.813366 0.059678 0.868448 -0.492175
-100.446195 -129.536985 -8342.368439 1351.399001 0.889948 -0.319116 -0.325818 0.417863 0.284343 0.862867 0.182710 0.904054 -0.386397
-106.001973 -132.877423 -6994.737557 8317.001636 0.926873 -0.335140 -0.169080 0.316916 0.457249 0.830956 0.201174 0.823775 -0.530023
-102.454058 -133.451015 -7279.874958 4388.962796 0.944151 -0.251343 -0.213085 0.324250 0.593570 0.736570 0.058651 0.764527 -0.641918
-94.636218 -132.401761 -4417.914693 1552.812939 0.912946 -0.204259 -0.353282 0.400943 0.610181 0.683318 -0.075992 0.765478 -0.638959
-88.475766 -133.560738 -2243.087053 6138.384017 0.878754 -0.177522 -0.443033 0.471446 0.467500 0.747785 -0.074370 0.865985 -0.494509
-11.017520 -73.169112 5910.280995 -4547.065399 -0.158306 0.838835 -0.520859 0.686349 -0.285742 -0.668787 0.709834 0.463364 0.530499
2.566984 -78.612276 17609.613387 -4958.473163 -0.187109 0.822246 -0.537497 0.655850 -0.302789 -0.691505 0.731335 0.481904 0.482615
7.347328 -67.443547 21373.315584 -6846.791791 -0.159157 0.806058 -0.570034 0.752603 -0.274629 -0.598471 0.638951 0.524260 0.562933
-6.872406 -80.555628 1555.747333 -5891.781049 -0.139291 0.849443 -0.508964 0.603956 -0.334439 -0.723455 0.784752 0.408162 0.466442
-8.076241 -76.054772 -10719.276432 -2325.568976 -0.152238 0.890345 -0.429079 0.628140 -0.248022 -0.737513 0.763062 0.381799 0.521503
-1.161540 -61.057776 10340.115913 4245.893657 -0.409975 0.745309 -0.525771 0.616701 0.651219 0.442259 -0.672012 0.142928 0.726616
5.158935 -56.850120 -9506.113336 7251.717020 0.466312 -0.688263 0.555740 0.645968 0.694138 0.317644 -0.604383 0.210869 0.768281
11.961158 -67.395986 4563.618849 2936.404376 -0.439788 0.739263 -0.509978 0.614879 0.661732 0.428993 -0.654607 0.124908 0.745579
10.752758 -66.067198 8824.331730 -2204.143694 -0.385178 0.773271 -0.503677 0.555345 0.630125 0.542710 -0.737041 0.070675 0.672142
-1.170139 -63.189338 12855.441250 139.992160 -0.354157 0.797616 -0.488243 0.566527 0.598365 0.566575 -0.744057 0.075947 0.663786
15.885463 -208.370125 2234.450064 20264.800483 -0.363362 0.799164 -0.478859 0.610901 -0.183684 -0.770104 0.703398 0.572362 0.421466
16.092723 -201.035698 -4802.024954 17883.651710 0.392151 -0.783276 0.482386 0.695452 -0.090808 -0.712812 0.602133 0.615006 0.509120
16.499559 -198.837522 1277.027641 25408.925179 -0.372830 0.782416 -0.498822 0.535165 -0.257847 -0.804433 0.758021 0.566869 0.322588
15.550612 -191.200991 507.225117 -11556.905628 0.361953 -0.808503 0.464018 0.828362 0.050654 -0.557898 0.427557 0.586308 0.688068
15.058562 -191.613607 -4364.559248 5561.839585 -0.319983 0.839939 -0.438307 0.764838 -0.044017 -0.642717 0.559136 0.540893 0.628333
-9.379425 -222.462192 422.634460 14234.533507 0.224994 -0.791652 0.568035 0.902796 0.388676 0.184095 -0.366521 0.471399 0.802150
-12.603045 -208.948939 232.710691 28133.260341 0.205959 -0.797804 0.566648 0.976815 0.202188 -0.070374 -0.058425 0.568004 0.820949
-10.924750 -219.308380 1841.658813 12065.130857 0.240478 -0.782056 0.574943 0.899870 0.401671 0.169982 -0.363873 0.476497 0.800342
-6.362343 -225.291936 -1615.891316 -6393.972706 -0.237238 0.779689 -0.579485 0.771263 0.513858 0.375637 -0.590653 0.357820 0.723252
-8.647270 -225.515285 -2052.597202 -6920.918531 -0.265658 0.762257 -0.590246 0.766437 0.538380 0.350317 -0.584808 0.359322 0.727246
-8.897593 -218.403705 -1004.052628 16179.483203 0.260651 -0.754483 0.602342 0.908055 0.403475 0.112444 -0.327867 0.517651 0.790279
-20.347798 -175.926580 3851.525899 12297.814475 -0.352808 0.804463 -0.477876 -0.401326 -0.591455 -0.699371 0.845260 0.054960 -0.531522
-15.298512 -162.829234 4203.254043 698.142264 -0.363418 0.800578 -0.476448 -0.562863 -0.596205 -0.572472 0.742369 -0.060128 -0.667288
-12.380483 -176.871127 3704.528993 13074.541276 -0.362563 0.797569 -0.482112 -0.433997 -0.602287 -0.669998 0.824739 0.033681 -0.564509
16.699940 -284.188334 -5424.202854 4971.163520 0.685331 0.451703 0.571214 0.723469 -0.332755 -0.604869 -0.083146 0.827791 -0.554841
10.539814 -294.581161 -4260.959414 17984.332908 0.685611 0.461909 0.562653 0.709431 -0.250644 -0.658699 -0.163233 0.850775 -0.499537
8.861426 -267.425164 -4048.001771 19731.140546 0.671781 0.478748 0.565253 0.736935 -0.509279 -0.444478 0.075079 0.715147 -0.694931
21.310896 -288.807206 729.387072 14817.226609 0.697185 0.400013 0.594914 0.716531 -0.362507 -0.595963 -0.022732 0.841771 -0.539356
22.362994 -290.532653 -1226.346633 -4598.750624 0.702510 0.418540 0.575590 -0.661858 0.086959 0.744568 -0.261579 0.904026 -0.338104
13.059993 -261.353110 -3937.072111 15245.465969 0.674944 0.454945 0.580927 0.713319 -0.603696 -0.355987 0.188748 0.654658 -0.731982
1.281872 -725.474905 -17291.605141 323308.707483 0.659357 0.674385 0.332345 -0.084173 -0.373053 0.923984 -0.747103 0.637210 0.189210
250.333110 -5479.937397 -57353.415946 3631597.540204 0.645214 0.710444 0.281013 0.028928 -0.390271 0.920245 -0.763454 0.585626 0.272361
2.376326 -342.638653 -14085.427608 124898.393188 0.646873 0.660018 0.382011 0.102107 -0.571385 0.814306 -0.755732 0.487746 0.437005
-17.561407 -377.149251 -6534.088034 118724.928900 0.678949 0.617478 0.397177 0.065417 -0.589704 0.804966 -0.731265 0.520548 0.440772
-21.638219 -570.043909 -4200.828787 215673.664166 0.694202 0.603013 0.393013 -0.151216 -0.411650 0.898709 -0.703717 0.683315 0.194583
6.859871 -16.588369 9334.215783 2115.781796 -0.434239 0.816221 0.381077 -0.686857 -0.026314 -0.726316 0.582806 0.577140 -0.572054
-5.207441 -20.171822 3535.604829 -651.348345 -0.273132 0.815153 0.510808 -0.756486 0.146011 -0.637503 0.594246 0.560541 -0.576772
1.726252 -14.482703 8430.387617 -7604.495046 -0.367237 0.812573 0.452616 0.744569 -0.034824 0.666636 0.557453 0.581818 -0.592229
-7.834865 -13.749158 963.784928 6164.834822 -0.352581 0.824964 0.441726 -0.745351 0.037839 -0.665598 0.565808 0.563918 -0.601546
23.578469 -11.479311 21301.740643 -11753.525274 -0.559582 0.783483 0.270226 0.636758 0.197739 0.745277 0.530478 0.589112 -0.609541
4.406070 -7.981067 -12877.301020 -4904.282043 0.652077 -0.740186 -0.164072 0.545862 0.308177 0.779142 0.526146 0.597621 -0.604995
5.707617 -1387.491153 11679.063507 -209989.930390 0.663009 0.586270 0.465518 0.731989 -0.638013 -0.239019 0.156877 0.499226 -0.852152
7.363591 -1521.931875 28312.397083 179070.277416 0.643625 0.558381 0.523410 0.722928 -0.219053 -0.655279 -0.251240 0.800142 -0.544657
8.762538 -1152.829705 -30301.749435 86147.081080 0.655158 0.596219 0.463995 0.741389 -0.389274 -0.546633 -0.145292 0.702132 -0.697066
4.682302 -813.255760 12506.715062 109345.893335 0.672647 0.524716 0.521746 0.739762 -0.493327 -0.457582 0.017291 0.693759 -0.720000
-1.323172 -883.334761 22005.322963 81144.950065 0.597775 0.602193 0.529178 0.715141 -0.698867 -0.012549 0.362268 0.385939 -0.848418
16.743259 -64.556712 -6298.283815 20794.809393 0.301370 0.900291 0.314090 -0.784402 0.421367 -0.455151 0.542116 0.109204 -0.833178
-4.780560 -73.226656 -9256.390833 12535.300874 0.175437 0.965972 0.190053 -0.783394 0.253894 -0.567302 0.596251 0.049360 -0.801279
3.453078 -73.757902 -8143.240801 -8750.379577 0.272858 0.920000 0.281334 -0.655093 0.391836 -0.646001 0.704557 0.008033 -0.709601
16.048124 -68.884669 -2838.144518 -6683.575135 0.333782 0.871562 0.359123 -0.647810 0.488839 -0.584276 0.684786 0.037623 -0.727773
152.700455 -1064.072898 -22097.611889 -141043.575354 -0.213659 0.832900 -0.510516 -0.518715 -0.539555 -0.663186 0.827819 -0.123117 -0.547319
339.667206 -1508.795232 -152813.226739 -826101.343529 -0.000877 0.816161 -0.577824 0.931318 0.211114 0.296780 0.364207 -0.537877 -0.760291
88.663982 -691.896226 -36715.918135 -49134.519539 -0.091940 0.772165 -0.628735 -0.646677 -0.526439 -0.551970 0.757202 -0.355841 -0.547742
256.238887 -2056.535701 -65739.730478 1059025.484875 -0.071613 0.693822 -0.716577 0.186338 0.715080 0.673750 0.979872 -0.085276 -0.180494
19.909846 -310.947290 -9181.940410 54475.133492 0.507216 0.158418 -0.847134 0.860491 -0.038542 0.508006 0.047828 -0.986620 -0.155867
20.027238 -312.333990 -3701.000392 57432.454935 0.467489 0.238586 -0.851194 0.881966 -0.191155 0.430809 -0.059925 -0.952122 -0.299787
-1.842492 -286.405965 -7864.457762 -37444.843678 0.502264 0.185374 -0.844611 0.802452 -0.463848 0.375389 -0.322183 -0.866303 -0.381728
-9.903162 -359.989085 -23092.454960 47768.426077 0.545824 0.048384 -0.836502 0.830605 -0.162689 0.532567 -0.110322 -0.985490 -0.128988
-24.340211 -263.452139 -6007.049199 -72376.924167 0.486649 0.246640 -0.838058 0.695453 -0.689949 0.200788 -0.528695 -0.680543 -0.507289
-33.603598 -266.646815 -1850.998758 -114078.516016 0.572754 0.170358 -0.801830 0.591314 -0.763309 0.260207 -0.567716 -0.623167 -0.537923
-31.258977 -353.591159 -20544.994327 -118707.968230 0.552603 0.087741 -0.828813 0.687823 -0.609600 0.394065 -0.470669 -0.787839 -0.397217
16.951931 -80.205618 411.321058 -6901.129429 -0.031819 0.828361 -0.559291 -0.233410 -0.550260 -0.801707 0.971858 -0.105034 -0.210856
22.245774 -80.679005 14452.639012 -5640.982194 -0.043323 0.811268 -0.583068 -0.227744 -0.576269 -0.784886 0.972757 -0.098787 -0.209727
13.039385 -77.242860 5435.528038 -1320.237050 -0.031159 0.825988 -0.562825 -0.153687 -0.560362 -0.813864 0.987628 -0.061140 -0.144404
-85.902719 -101.654870 -15930.366875 879.363077 -0.621667 0.764449 -0.170730 0.744254 0.508544 -0.432976 -0.244164 -0.396233 -0.885089
-98.920496 -114.613747 -793.021774 -10603.455177 -0.955560 0.044500 0.291418 -0.024788 0.972912 -0.229844 -0.293752 -0.226854 -0.928573
-92.286520 -108.071251 11369.914019 -4695.292580 0.867329 -0.497693 0.006495 0.470745 0.815989 -0.335502 -0.161677 -0.294048 -0.942017
-114.205139 -158.538491 -3625.551657 -20245.591663 0.129001 0.519635 0.844594 -0.735722 0.621213 -0.269828 -0.664885 -0.586578 0.462444
-105.366799 -160.464776 11095.986543 -24169.682552 0.354934 0.564654 0.745110 -0.712017 0.679758 -0.175959 -0.605850 -0.468077 0.643312
-113.197268 -173.167761 2990.338559 8468.138257 0.212833 0.595415 0.774715 -0.594487 0.708148 -0.380935 -0.775427 -0.379483 0.504684
-118.129059 -168.458161 -3374.612832 21048.526494 0.093989 0.528025 0.844012 -0.499620 0.758299 -0.418763 -0.861130 -0.382326 0.335084
-117.466625 -164.724858 -3298.633563 3341.208024 -0.042306 0.489907 0.870748 -0.651830 0.646965 -0.395670 -0.757185 -0.584318 0.291965
-110.764152 -134.448066 7190.783785 35713.019729 0.211581 -0.571439 -0.792900 0.813548 -0.346620 0.466898 -0.541639 -0.743849 0.391555
0.966071 -343.876597 5280.591735 -32579.162499 0.607751 0.501406 -0.615817 0.562073 0.276209 0.779604 -0.560992 0.819940 0.113960
11.542247 -336.220873 3320.927228 -39609.489032 -0.549579 -0.571676 0.609220 0.551606 0.299373 0.778529 -0.627450 0.763913 0.150810
12.369532 -334.845654 -7099.620593 -36171.384908 -0.586817 -0.525910 0.615682 0.330072 0.538956 0.774970 -0.739390 0.657985 -0.142680
5.314503 -327.890812 -5147.514030 -53604.883357 -0.598947 -0.514731 0.613445 0.304861 0.561800 0.769052 -0.740488 0.647636 -0.179567
12.260752 -106.844590 -1485.830820 -8636.687189 -0.383841 0.717795 -0.580893 -0.531978 -0.686090 -0.496266 0.754762 -0.118535 -0.645200
11.625659 -113.855350 -4047.080306 -2455.597097 -0.389704 0.703109 -0.594785 -0.640402 -0.671026 -0.373643 0.661828 -0.235291 -0.711774
8.743858 -107.405519 -261.748192 -5028.634598 -0.374638 0.731038 -0.570290 -0.599218 -0.660273 -0.452744 0.707520 -0.172113 -0.685414
14.182966 -110.594316 -2111.468874 -6126.835228 -0.406987 0.711421 -0.572924 -0.519217 -0.696215 -0.495681 0.751516 -0.095737 -0.652732
12.012822 -100.844367 1985.450401 -9414.550327 -0.366033 0.747703 -0.554039 -0.472780 -0.662211 -0.581339 0.801560 -0.049150 -0.595890
15.883321 -100.315840 252.555986 -9385.281790 -0.385802 0.729482 -0.564813 -0.431250 -0.683801 -0.588591 0.815586 -0.016496 -0.578400
-4.652281 -119.667067 -3491.587429 -5187.649580 -0.359602 0.808935 -0.465093 -0.169262 -0.546716 -0.820032 0.917626 0.216162 -0.333522
-3.158185 -117.335446 -5334.756469 -573.624848 -0.344240 0.828037 -0.442554 -0.028047 -0.480222 -0.876699 0.938462 0.289383 -0.188536
2.925788 -120.626768 -5527.932237 -1893.707087 -0.343900 0.813636 -0.468752 -0.047864 -0.513741 -0.856609 0.937785 0.272152 -0.215619
-0.435184 -126.008073 -7719.977209 -7112.755611 -0.344743 0.805293 -0.482343 -0.210357 -0.567051 -0.796369 0.914824 0.173078 -0.364886
-4.893322 -126.071519 -2815.247610 -6423.580841 -0.372725 0.799898 -0.470361 -0.320976 -0.586733 -0.743451 0.870661 0.126128 -0.475438
-8.407958 -122.996823 500.547338 -4570.729708 -0.388365 0.800721 -0.456090 -0.284066 -0.574864 -0.767358 0.876629 0.168455 -0.450715
-9.426585 -194.298355 -4247.285964 -17106.873389 0.610686 -0.694861 0.379777 0.692494 0.701234 0.169478 -0.384077 0.159495 0.909421
-17.751498 -211.281588 1723.055901 -19119.773785 -0.582763 0.734812 -0.347043 0.763197 0.641577 0.076866 -0.279137 0.220067 0.934694
-14.381131 -217.742129 -4516.438310 -15785.062305 0.595839 -0.703862 0.386722 0.777236 0.626620 -0.057027 -0.202188 0.334553 0.920431
-9.973331 -214.349066 -5708.252539 -14520.101851 0.616021 -0.673734 0.408168 0.776776 0.605656 -0.172623 -0.130907 0.423395 0.896438
-4.126616 -200.415293 -7036.088060 -16594.211940 0.621209 -0.665021 0.414544 0.707269 0.703585 0.068840 -0.337446 0.250430 0.907422
16.710769 -40.505835 7224.436434 -10473.586571 0.388884 0.736223 0.553846 -0.743890 0.605580 -0.282668 0.543504 0.302075 -0.783169
1.645769 -58.187367 6348.761823 -13062.884974 0.215545 0.834507 0.507087 -0.844715 0.419869 -0.331915 0.489895 0.356801 -0.795421
6.713078 -53.575247 6430.804327 -9194.367428 0.362728 0.751295 0.551348 -0.803659 0.551704 -0.223057 0.471762 0.362186 -0.803904
2.343765 -529.065758 9560.888910 -288075.297424 0.562949 0.501227 -0.657161 0.793405 -0.105011 0.599567 0.231510 -0.858920 -0.456792
39.168492 -605.359250 11425.953894 233442.559735 0.666221 0.471401 -0.577867 -0.587377 -0.145749 -0.796081 0.459497 -0.869792 -0.179789
4.529471 -533.502246 8546.405708 -233749.568185 0.582614 0.494105 -0.645308 0.663429 0.169530 0.728781 0.469493 -0.852713 -0.229033
-4.057861 -331.742848 6980.185036 -114476.599207 0.581620 0.488680 -0.650316 0.764810 -0.056182 0.641802 0.277099 -0.870652 -0.406424
-20.227650 -87.423456 606.860372 2998.468778 -0.453007 0.819553 -0.350881 0.310114 0.513864 0.799858 -0.835831 -0.253528 0.486939
-19.208101 -84.499164 -187.937882 497.629908 -0.472022 0.827620 -0.303710 0.364111 0.496767 0.787811 -0.802881 -0.261280 0.535831
-20.394216 -84.704782 1799.188434 9.273211 -0.444517 0.835085 -0.324094 0.442592 0.519309 0.731047 -0.778792 -0.181522 0.600444
-17.646938 -94.178657 438.248425 6560.402770 -0.483522 0.803720 -0.346756 0.239534 0.502512 0.830726 -0.841920 -0.318614 0.435494
-20.251912 -90.022703 -1064.005032 5215.872287 -0.443709 0.813434 -0.376095 0.226756 0.507918 0.831024 -0.867009 -0.283452 0.409819
-18.234106 -93.320930 1205.306129 6387.720275 -0.458389 0.806895 -0.372560 0.178792 0.494346 0.850680 -0.870582 -0.323331 0.370868
-5.752438 -516.648072 2208.812552 -151463.303699 0.621463 0.570789 -0.536641 -0.137395 0.753766 0.642619 0.771302 -0.325631 0.546862
0.448041 -437.264854 9742.382010 -107987.944546 0.632693 0.537218 -0.557761 0.147316 0.623599 0.767738 0.760262 -0.567910 0.315406
10.765514 -397.855438 -3717.625693 -69398.634021 0.686813 0.446525 -0.573501 0.168779 0.669493 0.723390 0.706966 -0.593629 0.384452
23.678941 -352.920026 6016.287033 23986.577050 0.650587 0.478045 -0.590093 -0.364618 -0.484981 -0.794889 0.666176 -0.732303 0.141219
24.528685 -348.908897 -11978.529584 18079.434712 0.706760 0.396937 -0.585603 -0.394088 -0.466541 -0.791855 0.587524 -0.790431 0.173305
14.381563 -308.071828 -10951.514656 18395.767443 0.712422 0.375831 -0.592626 -0.282974 -0.618939 -0.732694 0.642169 -0.689685 0.334595
21.227011 -49.650018 -9098.290287 5174.273129 -0.520418 0.838541 0.161288 0.133310 -0.106781 0.985305 -0.843441 -0.534272 0.056215
5.975550 -50.847010 -6089.373925 5178.462406 -0.516028 0.808605 0.282620 0.169806 -0.226826 0.959018 -0.839572 -0.542871 0.020258
9.264695 -55.212064 -8204.915680 7256.530495 -0.525377 0.836399 0.156256 0.076029 -0.136761 0.987682 -0.847466 -0.530785 -0.008261
19.247845 -56.843328 -12221.802195 8462.301974 -0.531002 0.842918 0.086750 0.056158 -0.067144 0.996162 -0.845507 -0.533836 0.011683
27.027180 -55.499676 -7192.060290 5129.858933 -0.498663 0.865951 0.038247 0.041725 -0.020092 0.998927 -0.865791 -0.499724 0.026113
-36.719794 -433.122456 -102752.755609 261361.678534 0.515391 0.848257 0.121787 0.416437 -0.123704 -0.900709 0.748967 -0.514934 0.417002
-73.485062 -529.747870 -36547.420222 -122906.838338 -0.006536 -0.646870 -0.762572 0.820418 0.432533 -0.373939 0.571727 -0.628072 0.527876
-13.335062 -212.727794 -19511.081371 -3666.353492 0.215724 0.936266 0.277253 0.837402 -0.031353 -0.545688 0.502216 -0.349890 0.790794
2.303866 -497.603130 59655.870196 257316.681238 0.444173 0.879104 -0.172876 0.327125 -0.338761 -0.882174 0.834086 -0.335286 0.438045
-44.426880 -1055.262700 63250.314833 645321.056107 0.440405 0.883584 -0.159130 0.221007 -0.278486 -0.934667 0.870172 -0.376464 0.317925
-17.863052 -71.869880 8017.473307 -1632.597135 -0.639780 0.658723 -0.395938 0.764439 0.598674 -0.239210 0.079465 -0.455712 -0.886573
-6.522413 -66.681236 -14431.088844 921.502164 0.752910 -0.580717 0.309668 0.658114 0.666893 -0.349484 0.003564 -0.466927 -0.884289
-14.792775 -70.304671 8679.175872 -4350.669246 -0.662464 0.653328 -0.366476 0.742714 0.636567 -0.207747 0.097559 -0.409812 -0.906938
-48.176357 -76.615787 -1268.271859 468.448911 -0.095830 0.988528 0.116739 -0.459281 0.060137 -0.886253 0.883107 0.138546 -0.448249
-46.743311 -71.130069 5135.635467 82.582023 -0.098882 0.950914 0.293231 -0.457766 0.218176 -0.861887 0.883557 0.219457 -0.413723
-45.859147 -77.731537 4635.079966 718.462736 -0.020065 0.937690 0.346894 -0.359247 0.317030 -0.877743 0.933027 0.142232 -0.330501
-45.946149 -81.540141 -4191.200923 1264.851942 0.018366 0.978362 0.206083 -0.404386 0.195775 -0.893389 0.914404 0.066929 -0.399232
73.911657 -799.766593 15103.486971 -346487.364873 -0.703363 0.542855 -0.458900 0.221101 0.780637 0.584569 0.675570 0.309701 -0.669097
51.894731 -1106.958336 23881.215547 -577747.690730 -0.775531 0.501036 -0.384077 0.120736 0.714863 0.688762 0.619657 0.487784 -0.614892
10.107065 -397.040621 23674.748820 -180599.000017 -0.725328 0.555793 -0.406194 0.373428 0.813358 0.446095 0.578318 0.171880 -0.797500
-109.703206 -152.743724 -3467.686823 9105.618313 0.541971 -0.629304 0.556996 0.715355 0.693294 0.087238 -0.441062 0.351169 0.825921
-101.462485 -144.432364 1950.898285 15983.775546 0.293082 -0.731422 0.615732 0.870201 0.470845 0.145105 -0.396047 0.493283 0.774480
-88.670237 -127.182947 -538.593375 17719.045501 0.039852 -0.779498 0.625136 0.963391 0.195975 0.182950 -0.265121 0.594960 0.758771
-107.255748 -129.561783 -5481.239905 1498.972255 0.842023 -0.469829 -0.265062 0.423727 0.271960 0.863998 0.333845 0.839821 -0.428076
-7.714639 -56.952396 23129.691806 -8464.586371 -0.148740 0.798217 -0.583718 0.811444 -0.238853 -0.533392 0.565185 0.552991 0.612182
13.995368 -55.165449 -28384.263594 -8548.199750 0.126744 -0.786686 0.604203 0.820685 -0.258961 -0.509329 0.557147 0.560414 0.612800
0.079840 -46.088487 -23170.651285 -7908.676769 0.125298 -0.794611 0.594048 0.856842 -0.215165 -0.468537 0.500123 0.567712 0.653896
-25.522142 -52.563673 -17158.487999 -8823.567193 0.174436 -0.825160 0.537293 0.828430 -0.171957 -0.533043 0.532237 0.538091 0.653591
16.674276 -61.935256 3116.157620 9771.024510 -0.471427 0.715570 -0.515476 0.669126 0.670972 0.319479 -0.574480 0.194307 0.795121
9.593291 -48.109712 -10265.546558 8096.069442 0.503765 -0.639459 0.580786 0.665160 0.716118 0.211513 -0.551165 0.279762 0.786098
17.575736 -211.884436 -176.207674 2567.052991 -0.367135 0.787293 -0.495360 0.677410 -0.138649 -0.722421 0.637439 0.600787 0.482417
16.376738 -197.955503 -1027.822562 -17115.039274 0.374126 -0.793143 0.480578 0.822805 0.044833 -0.566553 0.427812 0.607384 0.669375
-9.544599 -224.559806 -1726.328568 15857.097145 0.204318 -0.797614 0.567508 0.919093 0.355847 0.169235 -0.336930 0.487016 0.805788
-11.707512 -198.698550 -39.998270 28631.396833 0.188456 -0.815183 0.547686 0.975048 0.221934 -0.005178 -0.117330 0.534996 0.836668
-12.572721 -187.638180 -1043.082676 30636.992085 0.183028 -0.817900 0.545472 0.977055 0.089861 -0.193101 0.108921 0.568299 0.815581
-13.995591 -189.690656 -1033.195868 18210.450385 0.176630 -0.808434 0.561458 0.963933 0.026698 -0.264803 0.199086 0.587980 0.783992
-15.524203 -184.518626 2429.964261 14457.871597 0.178946 -0.810037 0.558407 0.963699 0.030005 -0.265300 0.198148 0.585610 0.786001
-16.372498 -176.536315 3625.736436 28231.694400 0.209503 -0.804233 0.556164 0.970235 0.100325 -0.220407 0.121461 0.585785 0.801313
-24.804696 -186.196161 2187.250064 9940.013237 -0.311217 0.800010 -0.512959 -0.031589 -0.548175 -0.835767 0.949814 0.243901 -0.195873
-28.258168 -183.793642 403.494394 8442.375547 -0.255240 0.811872 -0.525086 -0.074965 -0.558057 -0.826410 0.963967 0.171570 -0.203301
-23.646624 -178.313124 2253.517589 13440.209645 -0.322070 0.805841 -0.496882 -0.248823 -0.578449 -0.776842 0.913432 0.126561 -0.386813
6.738092 -289.251725 -4787.052836 -7794.459746 0.681220 0.485177 0.548218 -0.681001 0.145156 0.717752 -0.268659 0.862284 -0.429289
8.075636 -275.188887 -2163.876110 3329.080298 0.664803 0.485975 0.567331 0.746779 -0.413115 -0.521207 -0.018921 0.770171 -0.637556
22.774429 -98.616069 11049.696375 -1100.289075 -0.337738 0.832455 -0.439262 0.649396 -0.131732 -0.748954 0.681335 0.538206 0.496102
23.833449 -95.319338 12147.168487 -1711.376637 -0.302675 0.846562 -0.437860 0.514126 -0.241814 -0.822921 0.802535 0.474193 0.362049
19.640139 -88.549784 -635.490712 -1772.924561 -0.273746 0.876998 -0.394889 0.604399 -0.162524 -0.779928 0.748174 0.452173 0.485567
-24.088824 -98.494879 -5123.222627 -8264.247539 -0.235741 0.815474 -0.528609 0.300757 0.578456 0.758244 -0.924106 -0.019767 0.381625
-25.802124 -93.348308 -4968.561485 -4878.984291 -0.247372 0.788533 -0.563048 0.191134 0.609402 0.769478 -0.949882 -0.082729 0.301465
-23.115722 -97.640863 -5362.471866 -4892.973517 -0.273428 0.785636 -0.554989 0.216123 0.612402 0.760431 -0.937298 -0.087977 0.337242
34.337490 -1045.102729 17752.713924 646845.781100 0.663273 0.598434 0.449384 -0.457755 -0.150634 0.876225 -0.592055 0.786884 -0.174024
28.539019 -650.774975 -13032.336053 338856.149092 0.673295 0.640627 0.369149 -0.196339 -0.326434 0.924603 -0.712829 0.695009 0.094006
35.073244 -690.026901 -17678.797312 265665.194179 0.648824 0.659693 0.379253 -0.480631 -0.031108 0.876371 -0.589933 0.750891 -0.296885
18.650144 -588.316768 -13996.887908 -73861.779549 0.676073 0.639000 0.366885 -0.651798 0.286427 0.702224 -0.343635 0.713890 -0.610144
33.714037 -547.051140 -7272.333622 13408.630187 0.674841 0.622803 0.395862 0.678989 -0.313889 -0.663662 -0.289074 0.716652 -0.634701
-9.005218 -17.912576 -244.202252 -299.882319 -0.235460 0.818325 0.524312 -0.768320 0.173647 -0.616061 0.595183 0.547897 -0.587849
12.660650 -1150.201901 12084.487887 -307718.267948 0.717182 0.496531 0.488986 -0.623795 0.144570 0.768101 -0.310694 0.855895 -0.413416
-30.749718 -76.048960 -5075.891359 -9898.129155 -0.029760 0.999336 0.021045 -0.640614 -0.002906 -0.767858 0.767286 0.036333 -0.640275
-38.165433 -75.903765 1648.326853 -7160.728875 -0.180761 0.977943 -0.104661 -0.536568 -0.187238 -0.822822 0.824269 0.092576 -0.558578
-35.999591 -67.152393 -6175.349285 -7362.473491 -0.061185 0.995746 -0.068886 -0.566425 -0.091465 -0.819022 0.821839 0.011093 -0.569612
-33.122609 -81.617852 3244.395984 -9915.438985 -0.192958 0.980345 -0.041132 -0.594567 -0.150168 -0.789898 0.780549 0.127961 -0.611857
-27.356682 -83.262810 1856.264264 -833.434260 -0.175451 0.984375 -0.014925 -0.683770 -0.132751 -0.717521 0.708291 0.115685 -0.696377
-20.257624 -80.390183 -5818.695235 4672.477332 0.000766 0.997622 0.068912 -0.767330 0.044776 -0.639687 0.641251 0.052389 -0.765540
-22.431027 -81.073787 -9726.861749 -3050.331324 0.753022 -0.523963 0.398021 -0.304937 0.258131 0.916723 0.583071 0.811684 -0.034603
-29.846592 -83.463225 -8661.531122 -1099.004668 0.734171 -0.532554 0.421164 -0.391817 0.174279 0.903386 0.554502 0.828259 0.080713
-36.220392 -80.597514 -2443.960256 -1418.267450 0.745756 -0.588500 0.312275 -0.265896 0.166858 0.949451 0.610858 0.791092 0.032045
-40.128341 -84.104262 -2212.856866 -243.752922 0.718818 -0.577499 0.387035 -0.417386 0.086720 0.904582 0.555959 0.811772 0.178704
38.653083 -179.033687 8821.209028 -12371.858046 -0.345541 0.760506 -0.549756 0.074925 0.606331 0.791675 -0.935408 -0.232366 0.266493
32.311484 -178.472508 11339.619587 -6821.081976 -0.298113 0.748569 -0.592261 0.173307 0.652608 0.737609 -0.938666 -0.117248 0.324283
40.398670 -209.549105 -681.167894 -26591.590427 -0.396946 0.740345 -0.542516 0.268487 0.658883 0.702700 -0.877695 -0.133275 0.460314
46.482583 -186.134115 1204.174903 -19570.223711 -0.415203 0.759591 -0.500629 0.078497 0.578167 0.812134 -0.906336 -0.297902 0.299682
564.266991 -4914.152962 -152449.801296 -3166931.711491 -0.152518 0.887557 -0.434719 0.952503 0.249323 0.174861 0.263584 -0.387401 -0.883427
108.490023 -673.046942 -32645.175523 -275212.479241 -0.239958 0.752384 -0.613464 0.967965 0.137316 -0.210211 -0.073921 -0.644253 -0.761232
-38.215411 -1069.070699 22530.708393 499387.996885 0.307961 0.448980 -0.838795 0.941707 -0.018326 0.335935 0.135457 -0.893354 -0.428451
28.510240 -695.200529 19282.329150 322524.491226 0.447419 0.400657 -0.799557 0.887990 -0.092804 0.450400 0.106254 -0.911516 -0.397302
-10.961433 -453.291531 22244.110579 213808.731283 0.543953 0.366216 -0.754984 0.712550 0.273581 0.646085 0.443156 -0.889404 -0.112132
-76.447288 -110.731902 -3522.038131 -7509.982334 -0.700509 0.655206 -0.282829 0.710004 0.679844 -0.183593 0.071989 -0.329419 -0.941436
-73.501256 -119.779323 -1287.769554 -6127.194012 -0.613235 0.706601 -0.353069 0.755575 0.655061 -0.001353 0.230326 -0.267600 -0.935596
-73.139959 -111.031342 3046.192820 -9421.342032 -0.654779 0.663849 -0.361343 0.746466 0.642968 -0.171406 0.118545 -0.381963 -0.916543
-70.701659 -88.801541 -821.302692 -11577.679130 -0.457663 0.776602 -0.432937 0.889030 0.406839 -0.210017 0.013036 -0.481011 -0.876618
-102.359329 -161.943655 14228.032517 6472.800979 0.403860 0.583948 0.704202 -0.535959 0.774861 -0.335168 -0.741380 -0.242063 0.625908
-79.706684 -123.158683 41545.026585 29644.906549 0.742586 0.278101 0.609284 0.537399 -0.790335 -0.294234 -0.399711 -0.545922 0.736342
-83.388234 -139.611285 26651.381394 -26641.463705 0.608162 0.469457 0.640117 -0.589305 0.807271 -0.032161 -0.531846 -0.357665 0.767604
20.598113 -325.255540 674.739733 -32911.557764 0.557240 0.549488 -0.622533 0.326684 0.544182 0.772751 -0.763388 0.633979 -0.123730
12.674411 -300.149721 1940.410213 -10653.538955 -0.548766 -0.556962 0.623418 0.686311 0.125640 0.716374 -0.477319 0.820980 0.313302
17.421816 -295.314653 850.212162 -9464.270390 0.553818 0.545673 -0.628909 0.530572 0.350836 0.771626 -0.641700 0.761022 0.095220
13.566215 -117.125922 -3084.899974 -2804.916111 -0.428214 0.693897 -0.578912 -0.642638 -0.684217 -0.344766 0.635334 -0.224397 -0.738916
-23.491970 -229.309348 -521.998856 -17843.194318 0.544477 -0.771061 0.330167 0.823408 0.566355 -0.035233 -0.159825 0.291046 0.943265
-20.388750 -235.466473 2180.175008 -24034.336803 0.526123 -0.802202 0.282251 0.827463 0.559488 0.047741 -0.196214 0.208435 0.958152
-23.610603 -231.962206 3233.646273 -13491.355778 0.514434 -0.808906 0.284657 0.857323 0.477852 -0.191455 0.018845 0.342534 0.939317
-17.783512 -204.746562 -496.746597 -19130.390421 -0.576000 0.754326 -0.314985 0.729311 0.648258 0.218786 -0.369228 0.103701 0.923535
-20.356666 -81.929718 -1164.406813 1535.724002 -0.458652 0.844012 -0.277997 0.461953 0.493712 0.736782 -0.759104 -0.209505 0.616335
-20.465698 -86.343084 -3364.390201 2031.811502 -0.487809 0.835499 -0.252951 0.454684 0.490535 0.743397 -0.745188 -0.247623 0.619175
-17.918432 -94.769432 -2092.086853 3655.594191 -0.504073 0.813633 -0.289675 0.316735 0.486187 0.814433 -0.803486 -0.318784 0.502780
-15.835254 -381.245464 1861.423537 11850.411876 0.603145 0.548666 -0.578949 -0.660923 0.750121 0.022340 0.446539 0.369166 0.815058
-13.552375 -345.027499 -2664.486369 -1361.794558 0.618382 0.540965 -0.570053 -0.641853 0.766207 0.030841 0.453462 0.346819 0.821029
-16.359184 -322.908703 2186.500295 -13471.588380 -0.576541 -0.595567 0.559375 0.798427 -0.556061 0.230891 0.173536 0.579738 0.796109
-7.450944 -363.197359 -4341.565297 3151.844230 0.645658 0.494742 -0.581684 -0.418258 0.866435 0.272674 0.638895 0.067240 0.766350
-9.828436 -360.521946 3881.024969 -62357.873440 -0.583752 -0.606689 0.539594 0.801493 -0.536808 0.263526 0.129780 0.586315 0.799620
-12.041290 -436.461877 -1132.901384 26156.913425 0.612822 0.567094 -0.550322 -0.671352 0.740967 0.015952 0.416816 0.359684 0.834800
-10.360187 -423.424690 2676.182527 -1163.199763 0.612426 0.521397 -0.594205 -0.476516 0.843232 0.248782 0.630767 0.130788 0.764871
-3.459168 -52.618109 -3175.749856 2651.668243 -0.503753 0.808398 0.304509 0.110864 -0.289088 0.950861 -0.856704 -0.512759 -0.056007
0.246269 -49.779701 -5560.061072 2895.723730 -0.500726 0.761334 0.411878 0.228394 -0.342760 0.911236 -0.834931 -0.550350 0.002256
-7.218144 -49.491434 -2155.849012 -1843.798208 -0.471965 0.746943 0.468322 0.196216 -0.428888 0.881790 -0.859505 -0.508066 -0.055859
2.125602 -47.964974 -7116.331716 2721.963685 -0.497196 0.733853 0.462878 0.300112 -0.355102 0.885345 -0.814082 -0.579105 0.043683
-7.157635 -50.122167 -4650.791879 -2465.030726 -0.455806 0.709354 0.537641 0.281138 -0.458377 0.843121 -0.844513 -0.535451 -0.009505
-60.972671 -1394.496390 42373.910795 -724639.092241 0.152922 0.252269 -0.955497 -0.499129 0.854201 0.145642 0.852928 0.454644 0.256541
-68.892676 -1439.558965 -11155.461426 -603325.661649 0.295365 0.267559 -0.917154 -0.527774 0.845905 0.076807 0.796376 0.461364 0.391061
-624.452126 -2550.511703 377988.464097 -1554995.654322 0.323824 0.204459 -0.923761 0.110702 0.961476 0.251613 0.939619 -0.183740 0.288715
-142.176245 -3184.651781 -52581.221774 -1785747.853244 -0.204412 -0.292742 0.934087 0.946051 -0.304150 0.111710 0.251401 0.906529 0.339121
-34.432721 -1338.558852 41884.913971 -777766.252477 0.150611 0.377901 -0.913514 0.031976 0.921709 0.386563 0.988076 -0.087431 0.126736
17.783518 -1139.769219 81030.192857 -529944.851797 0.006877 0.228256 -0.973577 -0.372644 0.904057 0.209325 0.927949 0.361358 0.091275
-4.178264 -1977.082957 -71596.213539 239750.193730 -0.166107 -0.184733 0.968650 0.902463 -0.424396 0.073820 0.397454 0.886432 0.237209
34.206747 -22.701026 8858.672369 -42602.991792 -0.236758 0.966836 -0.095777 -0.276199 -0.161491 -0.947436 0.931482 0.197859 -0.305274
31.464941 -31.448306 2366.191771 -40553.881057 -0.335727 0.905485 -0.259586 -0.257629 -0.353340 -0.899321 0.906043 0.235049 -0.351905
21.674680 -62.483351 1493.729651 -24279.819122 -0.310913 0.893265 -0.324670 -0.349111 -0.425055 -0.835135 0.883999 0.146308 -0.444004
-29.764689 -72.970110 13130.253737 4414.136120 0.022986 0.797943 0.602295 -0.331909 0.574374 -0.748286 0.943031 0.182707 -0.278047
-26.030324 -65.920665 13551.522827 2621.234007 0.016638 0.771117 0.636476 -0.406810 0.586714 -0.700194 0.913361 0.247275 -0.323460
38.285048 -613.142914 328.741179 244047.297494 -0.190678 0.892402 -0.408976 0.705720 0.414211 0.574795 -0.682350 0.179021 0.708766
71.942763 -1210.554417 15441.370509 441514.045068 -0.108861 0.921147 -0.373680 0.158869 0.387205 0.908203 -0.981280 -0.039502 0.188493
135.330628 -1813.460622 24924.717033 1025177.456978 -0.000891 0.966399 -0.257043 0.575961 0.210623 0.789878 -0.817477 0.147343 0.556796
84.713596 -1120.813729 14252.753017 554563.044973 0.084306 0.970020 -0.227934 0.140027 0.214945 0.966535 -0.986552 0.113402 0.117708
3.350934 -428.007764 2545.789622 195417.926198 -0.081088 0.928571 -0.362188 0.802180 0.276471 0.529217 -0.591550 0.247627 0.767300
3.104623 -460.966082 2191.312418 164017.730472 0.089501 0.958088 -0.272133 0.804783 0.091406 0.586489 -0.586783 0.271499 0.762872
270.677295 -3337.598843 61537.862142 2271254.462737 0.144115 0.978145 -0.149876 0.562681 0.043588 0.825524 -0.814015 0.203303 0.544102
-17.970803 -102.240348 -1946.093068 9678.058385 -0.511361 0.795590 -0.324877 0.203807 0.479532 0.853529 -0.834849 -0.370250 0.407361
-16.247903 -105.221169 -3048.560014 10973.122018 -0.540333 0.789947 -0.289867 0.208225 0.459298 0.863532 -0.815280 -0.406238 0.412661
-17.121655 -102.105118 -1928.223564 8624.234238 -0.521166 0.801265 -0.293870 0.263241 0.478461 0.837723 -0.811844 -0.359234 0.460283
-42.953324 -162.239782 27688.412134 -30696.749270 0.712954 -0.618774 0.329873 -0.680024 -0.724895 0.109980 -0.171071 0.302732 0.937597
-27.367282 -159.650206 33089.176155 39697.382828 0.675987 -0.694296 0.246972 0.736177 0.651235 -0.184218 -0.032935 0.306344 0.951351
-37.351122 -132.849755 19187.338531 42317.338560 0.631780 -0.705888 0.320275 0.773009 0.543070 -0.327921 0.057544 0.454749 0.888759
-143.462656 -269.132111 79192.246281 -68599.582279 -0.670300 0.719248 -0.182703 0.293567 0.483121 0.824871 -0.681555 -0.499276 0.534983
-217.747079 -273.244853 -84556.565244 27803.479014 0.824684 -0.521675 0.218522 0.303278 0.733985 0.607691 -0.477409 -0.434880 0.763518
-108.025997 -245.395234 -66204.814577 36842.902356 0.701502 -0.677927 0.219794 0.484535 0.679856 0.550473 -0.522609 -0.279660 0.805401
-36.630511 -244.489843 34228.959153 -67104.127398 -0.658203 0.730078 -0.183724 0.345619 0.509841 0.787788 -0.668816 -0.455026 0.587908
33.871588 -77.120977 21363.057512 -6219.123460 -0.163051 0.841010 -0.515865 0.702032 -0.268482 -0.659597 0.693228 0.469702 0.546640
-5.191542 -85.457174 11046.360702 -6715.968763 -0.175930 0.832704 -0.525027 0.572809 -0.347159 -0.742543 0.800586 0.431376 0.415904
10.659320 -86.824115 19535.062764 -4905.967486 -0.228059 0.847775 -0.478818 0.573287 -0.280571 -0.769820 0.786976 0.450065 0.422031
-11.781848 -69.181268 -8428.773555 11512.696273 -0.264269 0.915658 -0.302874 0.845155 0.371153 0.384653 -0.464623 0.154324 0.871957
-15.643716 -76.803327 -7126.379295 3384.857403 -0.263443 0.916257 -0.301779 0.772804 0.387690 0.502465 -0.577384 0.100845 0.810221
-1.591130 -67.890598 -7848.704524 11111.725985 -0.362125 0.868571 -0.338305 0.799199 0.476104 0.366887 -0.479735 0.137515 0.866570
-22.922194 -78.775750 -7277.273980 4238.327661 -0.158292 0.951962 -0.262130 0.809586 0.277108 0.517475 -0.565255 0.130305 0.814559
1.566079 -55.897706 -9301.285244 12842.004700 -0.381131 0.860226 -0.338749 0.834280 0.477901 0.274931 -0.398391 0.177827 0.899813
-13.928275 -68.830641 -3858.995131 12603.714904 -0.182705 0.942081 -0.281251 0.883405 0.282864 0.373609 -0.431526 0.180198 0.883920
-4.041458 -53.401225 -7526.808013 11716.321692 -0.336762 0.883753 -0.324919 0.868102 0.425055 0.256371 -0.364677 0.195727 0.910331
18.525294 -223.333161 3202.188270 1132.140263 -0.391358 0.760711 -0.517840 0.479793 -0.311513 -0.820218 0.785263 0.569455 0.243071
16.212773 -198.324751 -2006.870327 -5261.797824 -0.348352 0.773131 -0.530018 0.404368 -0.386170 -0.829071 0.845658 0.503131 0.178106
-6.123557 -228.490583 172.573606 -5174.080758 -0.231753 0.792870 -0.563603 0.782198 0.496331 0.376593 -0.578323 0.353573 0.735207
-2.575558 -207.748135 10.803007 -27673.049543 -0.240773 0.778372 -0.579798 0.562869 0.598638 0.569922 -0.790700 0.189129 0.582258
-3.902389 -209.495891 -595.795255 -29007.590849 -0.254900 0.762082 -0.595195 0.552098 0.620035 0.557444 -0.793860 0.186514 0.578791
-27.551565 -191.064917 1021.432071 4589.361844 -0.266178 0.802825 -0.533499 0.151464 -0.511755 -0.845674 0.951950 0.305905 -0.014619
-29.694848 -191.255454 -86.781115 4480.438995 -0.211947 0.809301 -0.547824 0.151210 -0.526652 -0.836525 0.965512 0.260135 0.010752
-31.158367 -184.080759 1044.929587 7935.771889 -0.217106 0.814683 -0.537733 -0.091862 -0.565479 -0.819631 0.971816 0.128549 -0.197607
5.895171 -293.705769 988.691071 6771.145313 0.679122 0.489029 0.547398 0.717474 -0.284773 -0.635717 -0.155000 0.824473 -0.544260
2.394369 -307.783044 1069.117766 -13316.773552 0.700726 0.469711 0.536987 -0.610130 0.004440 0.792289 -0.369762 0.882809 -0.289696
5.054621 -311.138141 7061.775583 -5925.065714 0.699086 0.473422 0.535864 -0.662883 0.148133 0.733923 -0.268076 0.868291 -0.417381
5.167946 -307.152603 5504.977223 1110.452201 0.675769 0.483116 0.556719 0.733947 -0.371066 -0.568887 -0.068259 0.793038 -0.605336
4.321839 -274.783577 2817.192819 9281.159385 0.653811 0.491357 0.575413 0.749766 -0.523108 -0.405227 0.101892 0.696367 -0.710416
18.982624 -239.803846 -693.607280 -3841.561706 0.766604 0.383544 0.514988 0.106598 0.714867 -0.691087 -0.633210 0.584687 0.507135
18.602025 -238.186822 -4588.679895 9086.087430 0.753782 0.426951 0.499526 -0.115973 0.834670 -0.538401 -0.646810 0.347905 0.678674
16.780597 -230.857258 -1866.294617 4082.733625 0.744673 0.419117 0.519426 0.035019 0.752641 -0.657499 -0.666510 0.507811 0.545795
19.854631 -233.789982 -2234.787675 12682.426992 0.740145 0.390473 0.547464 -0.225745 -0.622609 0.749265 -0.633423 0.678152 0.372673
21.722931 -297.896552 -1737.574248 121035.232602 0.703148 0.628175 0.333134 0.071032 -0.528228 0.846126 -0.707486 0.571289 0.416043
15.410510 -322.267836 -12363.737138 100776.602376 0.653327 0.664673 0.362455 0.169676 -0.595130 0.785513 -0.737817 0.451697 0.501593
-30.633812 -79.429612 8171.305849 -7521.147023 -0.287723 0.953029 -0.094607 -0.496143 -0.232820 -0.836443 0.819181 0.193725 -0.539826
-32.848577 -71.778324 5351.687644 -2653.457523 -0.283118 0.942124 -0.179571 -0.422269 -0.290556 -0.858642 0.861123 0.167270 -0.480091
-27.869366 -85.750535 -10487.979133 -1001.482377 0.721081 -0.507514 0.471668 -0.490904 0.106165 0.864721 0.488933 0.855078 0.172588
272.142515 -2097.599136 14222.371431 -1283537.277239 -0.441059 0.800481 -0.405828 0.878785 0.293388 -0.376379 -0.182219 -0.522641 -0.832852
484.892440 -4184.093023 92570.718193 -2847206.273266 -0.552404 0.802588 -0.225172 0.833445 0.536588 -0.132074 0.014823 -0.260626 -0.965326
156.792681 -867.549111 19073.434623 -98266.239115 -0.412039 0.878307 -0.242489 -0.656019 -0.470654 -0.590020 0.632347 0.084034 -0.770114
15.786575 -678.765030 6286.439235 309576.089970 0.306269 0.394578 -0.866319 0.951904 -0.118498 0.282554 0.008832 -0.911190 -0.411892
38.544952 -623.760152 -350.742583 287067.600820 0.338651 0.346081 -0.874953 0.880071 0.212448 0.424665 0.332851 -0.913834 -0.232631
9.529318 -871.666552 15452.571038 456100.425015 0.442872 0.344307 -0.827839 0.800332 0.264383 0.538117 0.404144 -0.900863 -0.158472
7.050943 -154.539566 -41782.799247 -27789.778966 -0.234268 0.625408 -0.744301 0.854851 0.497124 0.148651 0.462978 -0.601442 -0.651091
-15.183789 -111.576612 -38585.776850 -30651.444843 -0.292448 0.595571 -0.748177 0.912227 0.408478 -0.031411 0.286906 -0.691694 -0.662755
-37.287043 -130.599456 -29814.466158 -18898.995964 -0.308502 0.639310 -0.704350 0.864161 0.497838 0.073369 0.397558 -0.586038 -0.706051
-50.567753 -99.114700 -22310.203874 -23472.148873 -0.295468 0.661481 -0.689305 0.929239 0.366531 -0.046579 0.221840 -0.654292 -0.722973
