12963
25915
-28.046294 -41.692677 -1257.149449 4319.968228 0.924038 0.327934 0.196503 0.089656 0.313781 -0.945253 0.371640 -0.891067 -0.260544
-33.254666 -48.538747 -184.976918 3053.058620 0.903964 0.416622 0.096305 0.035824 0.150638 -0.987940 0.426105 -0.896512 -0.121247
-26.074598 -55.887156 -1904.261831 4841.174282 0.878159 0.261592 0.400508 0.340023 0.247575 -0.907244 0.336484 -0.932886 -0.128463
-28.467154 -40.144591 -98.428473 3118.348131 0.835277 0.508058 -0.210213 -0.297451 0.096000 -0.949898 0.462423 -0.855956 -0.231309
-18.028216 -48.788245 -2950.225313 6529.668010 0.927723 0.185065 0.324161 0.233693 0.389209 -0.891013 0.291062 -0.902368 -0.317829
-21.373055 -33.218927 -1719.218627 3423.260268 0.943568 0.325184 0.062727 -0.063703 0.364080 -0.929187 0.324995 -0.872755 -0.364249
-24.668417 -33.950849 373.278677 2161.052395 0.745174 0.526304 -0.409536 -0.512322 0.058682 -0.856786 0.426897 -0.848269 -0.313366
-13.596341 -50.798479 4375.623270 -1107.062581 -0.879479 -0.394672 0.265988 -0.340065 0.912103 0.228964 -0.332975 0.110916 -0.936390
5.382064 -52.967484 8406.509352 -1394.762869 -0.852650 -0.397644 0.338921 -0.332302 0.913291 0.235532 -0.403192 0.088202 -0.910855
-10.570907 -54.291566 4724.860645 -68.172142 -0.874288 -0.401830 0.272311 -0.278779 0.874913 0.395992 -0.397370 0.270296 -0.876948
-21.668766 -52.817797 1391.455938 -513.705086 -0.919820 -0.353284 0.170653 -0.292636 0.907492 0.301369 -0.261334 0.227266 -0.938112
-20.828254 -47.840514 1417.489191 -2366.944886 -0.898632 -0.400863 0.178238 -0.394642 0.916113 0.070679 -0.191618 -0.006826 -0.981446
35.762616 -61.108799 -4238.302252 2908.402439 0.677244 -0.003784 0.735749 0.611373 -0.553457 -0.565604 -0.409346 -0.832869 0.372512
28.131562 -69.518168 -3668.898382 3168.536652 0.713027 -0.113258 0.691928 0.412884 -0.729781 -0.544928 -0.566674 -0.674234 0.473592
45.433308 -52.458965 -4723.029345 2956.094072 0.720276 0.076805 0.689423 0.563167 -0.645027 -0.516511 -0.405025 -0.760290 0.507851
56.048087 -45.793006 6781.870634 2304.962216 -0.639809 -0.134425 -0.756687 0.708254 -0.485371 -0.512631 -0.298364 -0.863912 0.405752
51.508061 -38.973987 -1703.331215 3286.180190 0.724556 0.274218 0.632316 0.658310 -0.547002 -0.517123 -0.204074 -0.790945 0.576854
44.069114 -40.252721 -1367.375627 653.226684 0.783833 0.193168 0.590162 0.521624 -0.720467 -0.456985 -0.336918 -0.666043 0.665487
-9.027819 -16.795129 -665.294248 1060.526900 -0.357942 -0.458267 -0.813553 -0.634186 0.758805 -0.148402 0.685336 0.462825 -0.562235
-8.187630 -15.881788 612.705219 1289.418044 -0.650170 -0.067962 -0.756743 -0.398926 0.878196 0.263874 0.646635 0.473447 -0.598089
-6.461887 -12.814147 -402.986911 1418.158920 -0.400695 -0.414714 -0.816980 -0.654909 0.753230 -0.061147 0.640732 0.510546 -0.573415
-3.629305 -12.781643 1331.512567 1470.007950 0.106506 0.661188 0.742621 -0.749056 0.544518 -0.377379 0.653890 0.516071 -0.553262
-4.806119 -18.114592 1142.623711 1281.835685 0.106934 0.665767 0.738458 -0.701792 0.576660 -0.418272 0.704311 0.473516 -0.528894
-9.082884 -21.184770 -1268.736240 763.329580 -0.166289 -0.635087 -0.754329 -0.641131 0.650848 -0.406629 0.749199 0.416006 -0.515403
11.032700 -17.145685 4323.415790 3284.873744 0.054882 -0.410183 -0.910350 0.829551 -0.488704 0.270210 -0.555727 -0.770012 0.313447
-10.110268 -26.219986 -3623.064483 2889.994838 -0.389031 -0.104547 -0.915273 0.671024 -0.712880 -0.203785 -0.631175 -0.693449 0.347486
0.786471 -23.111590 4856.350322 1217.822761 0.055456 -0.420618 -0.905541 0.736638 -0.594990 0.321482 -0.674009 -0.684884 0.276847
36.501128 -23.164971 14050.428617 1980.192895 0.266574 -0.457155 -0.848498 0.746381 -0.459077 0.481834 -0.609799 -0.761746 0.218834
102.885180 -22.288608 23903.804284 3443.680003 0.232695 -0.429989 -0.872332 0.789028 -0.440921 0.427812 -0.568584 -0.787844 0.236673
87.550887 -15.918045 19563.061790 3319.847929 0.148662 -0.447057 -0.882066 0.833204 -0.423786 0.355214 -0.532607 -0.787747 0.309489
18.948429 -9.150855 5670.627663 2267.137079 -0.026882 -0.337934 -0.940786 0.848601 -0.505138 0.157200 -0.528350 -0.794126 0.300350
25.771367 -28.375704 1479.219841 -269.639076 -0.695264 0.185958 -0.694282 0.703635 -0.020986 -0.710252 -0.146647 -0.982334 -0.116256
27.388346 -29.015665 1644.058043 -872.344632 0.720495 -0.060798 0.690789 0.691444 -0.012918 -0.722315 -0.052839 -0.998066 -0.032731
24.790983 -30.783637 -432.820634 -471.152572 0.732814 -0.117236 0.670253 0.680414 0.119737 -0.722980 -0.004505 -0.985859 -0.167514
30.655664 -27.286184 2225.997026 -216.283969 0.704086 -0.105999 0.702159 0.696580 -0.089038 -0.711933 -0.137983 -0.990372 -0.011147
27.404065 -26.128234 -71.313241 -200.365748 -0.656129 0.199370 -0.727837 0.718674 -0.129154 -0.683247 -0.230222 -0.971376 -0.058540
-3.051475 -64.421169 1142.052232 -249.863371 0.888003 0.417845 0.191979 -0.097101 0.578469 -0.809905 0.449468 -0.700557 -0.554255
3.743807 -63.563023 730.231865 748.145732 0.876073 0.477460 0.067285 -0.279607 0.616735 -0.735838 0.392830 -0.625835 -0.673806
-4.925157 -60.550497 695.972533 -2162.092082 0.888701 0.445408 0.108732 -0.093261 0.407808 -0.908292 0.448903 -0.797060 -0.403958
-7.547206 -62.700142 -53.188857 -1217.378916 0.943656 0.041972 0.328256 0.169299 0.791062 -0.587842 0.284344 -0.610294 -0.739385
-8.697688 -64.848485 331.449496 -443.230080 0.942384 0.066682 0.327821 0.074216 0.913841 -0.399233 0.326198 -0.400560 -0.856240
-7.492192 -63.800761 -621.711282 -1178.645762 0.942453 0.044571 0.331354 0.131291 0.862125 -0.489391 0.307481 -0.504732 -0.806660
-6.522884 -60.631223 -64.110153 -1645.682910 0.935771 0.038474 0.350503 0.216759 0.721263 -0.657872 0.278116 -0.691592 -0.666598
2.126281 -36.575052 93.024499 259.214424 0.869376 0.479328 -0.120124 -0.336270 0.395739 -0.854584 0.362088 -0.783349 -0.505230
2.989871 -36.179157 -40.293482 -958.889822 0.863407 0.482748 -0.146570 -0.389071 0.452184 -0.802592 0.321173 -0.749989 -0.578242
2.176574 -36.523272 -41.553468 -5.013208 0.861502 0.482511 -0.158104 -0.378148 0.401907 -0.833951 0.338847 -0.778238 -0.528705
1.306775 -36.341719 -136.761562 1899.840379 0.868896 0.473530 -0.144184 -0.347567 0.376253 -0.858854 0.352444 -0.796369 -0.491508
1.584985 -35.633540 -313.445440 485.979078 0.865518 0.468439 -0.177325 -0.379174 0.381457 -0.843041 0.327271 -0.796904 -0.507778
-3.010239 -114.128548 315.094572 -12073.874197 -0.477281 0.787467 0.389999 -0.654560 -0.614696 0.440114 -0.586306 0.045220 -0.808827
-4.375502 -147.142291 -996.099907 -16225.977269 -0.533494 0.755671 0.379927 -0.513339 -0.646285 0.564623 -0.672211 -0.106192 -0.732705
-5.817446 -148.189641 -313.884172 -15235.262488 -0.493006 0.771681 0.401814 -0.429771 -0.617564 0.658719 -0.756467 -0.152064 -0.636109
7.241824 -9.081371 1724.123499 1081.040612 -0.948740 0.141706 -0.282509 0.064539 0.961882 0.265739 0.309398 0.233884 -0.921722
6.196377 -6.171356 1958.498214 483.168002 -0.921636 -0.121323 -0.368603 -0.201265 0.961572 0.186739 0.331782 0.246293 -0.910637
2.208045 -6.138454 153.764844 493.508250 -0.930205 0.251462 -0.267369 0.160921 0.934106 0.318670 0.329884 0.253403 -0.909375
-1.320162 -4.081205 -427.066306 63.081763 -0.929448 0.237698 -0.282180 0.142209 0.936520 0.320480 0.340444 0.257741 -0.904250
2.137286 -8.291303 725.105308 669.419675 -0.888933 0.422003 -0.178078 0.337549 0.866359 0.368081 0.309610 0.267089 -0.912582
-0.573721 -8.258243 -620.992672 623.392722 -0.721595 0.689598 -0.061273 -0.606525 -0.672369 -0.424319 0.333808 0.269023 -0.903437
7.722633 -8.996249 2119.046430 -3287.646885 -0.639612 0.768547 0.015252 -0.426945 -0.338679 -0.838460 0.639230 0.542801 -0.544750
-0.505993 -16.170501 1166.129839 -2963.382817 -0.749672 0.617745 -0.237450 -0.234270 -0.583261 -0.777769 0.618958 0.527445 -0.581973
2.690352 -20.412645 1631.021381 -4120.408427 -0.651087 0.757587 -0.046352 -0.403829 -0.397474 -0.823976 0.642657 0.517762 -0.564725
9.524710 -16.183662 1946.365785 -5992.145157 -0.554039 0.827228 0.093457 -0.474176 -0.221307 -0.852162 0.684250 0.516446 -0.514864
-17.252984 -36.322442 -128.056156 -766.545671 0.364401 0.922763 -0.125382 -0.898189 0.312714 -0.308976 0.245903 -0.225208 -0.942769
-15.658846 -35.210784 -724.542238 638.016453 0.380680 0.903123 -0.198624 0.880447 -0.288342 0.376393 0.282657 -0.318163 -0.904918
-16.183812 -37.071309 -1104.544508 439.870213 0.386993 0.900072 -0.200268 0.910790 -0.339242 0.235323 0.143869 -0.273471 -0.951060
-16.478701 -33.434826 -84.791622 -685.609882 0.396055 0.913177 -0.096173 -0.836724 0.315776 -0.447413 0.378198 -0.257670 -0.889142
-16.448770 -37.456187 -631.548307 341.991134 0.368489 0.917314 -0.150835 0.925479 -0.346662 0.152691 0.087777 -0.195859 -0.976696
-17.947269 -36.915787 198.178481 -747.943946 0.343633 0.936162 -0.074275 -0.922964 0.322069 -0.210734 0.173360 -0.140969 -0.974718
-17.288579 -34.917267 566.589958 -714.642087 0.367590 0.929164 -0.039134 -0.875308 0.331455 -0.352100 0.314188 -0.163682 -0.935144
-8.682984 -21.497027 857.811432 -225.349229 0.685321 0.652588 0.323209 -0.227316 0.613342 -0.756399 0.691855 -0.444905 -0.568680
-5.425511 -20.274388 -501.611395 -63.142264 -0.710687 -0.547188 -0.442164 -0.059366 0.672918 -0.737331 0.700999 -0.497762 -0.510719
-8.649114 -21.463161 760.579099 -489.641618 0.683552 0.689048 0.240767 -0.231818 0.517729 -0.823539 0.692111 -0.507118 -0.513629
-11.115875 -23.198805 661.185031 -559.167829 0.657894 0.732797 0.173734 -0.343583 0.497330 -0.796626 0.670168 -0.464404 -0.578968
-12.115150 -420.995378 4355.210700 88670.956312 0.928240 0.074452 0.364456 -0.339554 -0.230504 0.911905 -0.151902 0.970219 0.188682
-27.682586 -297.077312 8692.454234 -35784.385092 0.919642 0.089675 0.382384 -0.387057 0.372220 0.843587 0.066682 0.923802 -0.377018
-63.963626 -310.954334 12114.430254 37897.337552 0.932381 0.146843 0.330308 -0.327934 -0.040805 0.943819 -0.152071 0.988318 -0.010109
-17.597434 -1989.008208 5982.109210 456565.167755 0.952657 0.186165 0.240388 -0.116122 -0.507918 0.853543 -0.280997 0.841048 0.462254
-2.876460 -22.300829 -771.076383 1495.447794 0.710629 0.017089 0.703359 0.614691 -0.501440 -0.608862 -0.342288 -0.865023 0.366843
-2.337311 -19.279810 -402.109683 1298.084876 0.739315 0.008781 0.673302 0.606741 -0.442334 -0.660459 -0.292025 -0.896808 0.332352
-5.775774 -25.515850 -270.770525 1423.834907 0.807738 -0.051973 0.587246 0.473338 -0.536631 -0.698555 -0.351440 -0.842215 0.408856
-5.149152 -26.901093 -818.720896 1482.653415 0.742086 -0.003924 0.670293 0.550603 -0.566742 -0.612895 -0.382288 -0.823886 0.418411
1.105759 -20.075213 -4198.698544 2479.978371 0.718335 0.692818 -0.063234 0.140582 -0.055538 0.988510 -0.681345 0.718971 0.137293
-13.089183 -27.122463 -4957.344717 683.570859 0.685235 0.682503 -0.254248 0.273469 0.082440 0.958341 -0.675031 0.726218 0.130153
2.505477 -32.893068 -7347.493668 2084.758842 0.703337 0.710478 0.023190 0.002539 -0.035133 0.999379 -0.710852 0.702842 0.026514
21.825766 -28.459841 -6819.217289 2693.067419 0.742277 0.659095 0.120905 -0.062199 -0.111883 0.991773 -0.667200 0.743690 0.042053
38.119383 -80.978849 -6496.346135 10313.498651 -0.372201 0.740509 -0.559565 0.296839 -0.476246 -0.827693 0.879405 0.474169 0.042553
47.337678 -86.613992 -4069.222797 599.550889 -0.439708 0.743692 -0.503567 0.604209 -0.169899 -0.778502 0.664521 0.646573 0.374639
69.841244 -87.886198 -9890.323178 7613.994896 -0.515419 0.629697 -0.581228 0.376086 -0.443233 -0.813698 0.770002 0.637986 0.008369
47.586958 -42.010348 -7391.026556 1639.287815 0.784347 -0.316758 0.533352 0.378282 0.925667 -0.006547 -0.491632 0.206893 0.845868
45.328819 -32.201923 1011.389509 2423.377936 0.894970 -0.377811 0.237249 0.387728 0.921759 0.005252 -0.220671 0.087287 0.971435
43.757672 -40.205416 -3326.545920 2303.626317 0.858326 -0.259463 0.442669 0.248010 0.965043 0.084756 -0.449186 0.037038 0.892670
35.151276 -49.201672 -7558.496272 3255.129634 0.764825 -0.254729 0.591739 0.278225 0.959039 0.053236 -0.581062 0.123920 0.804370
25.732993 -49.988608 -5494.031630 857.969078 0.739190 -0.281848 0.611686 0.349741 0.936803 0.009010 -0.575569 0.207271 0.791050
38.094907 -46.663797 -7673.113455 -791.620820 0.722058 -0.334989 0.605322 0.458267 0.887065 -0.055737 -0.518288 0.317644 0.794027
12.339837 -30.288883 2647.339732 -15.696711 0.506083 -0.284090 0.814354 0.706342 -0.405307 -0.580351 0.494936 0.868918 -0.004454
18.268826 -31.160014 1046.975242 -361.574598 0.537182 -0.204161 0.818385 0.723548 -0.387117 -0.571505 0.433490 0.899143 -0.060232
14.734659 -30.240457 1485.729441 216.531256 0.512251 -0.223327 0.829291 0.668451 -0.502591 -0.548248 0.539233 0.835181 -0.108169
5.625381 -28.689640 2263.728332 569.039636 0.484212 -0.287666 0.826309 0.643762 -0.522448 -0.559123 0.592544 0.802680 -0.067787
3.154586 -29.626962 2913.105295 205.357800 0.502777 -0.320110 0.802960 0.695976 -0.401010 -0.595657 0.512671 0.858324 0.021170
-11.719251 -27.879922 508.428713 291.523026 0.730303 0.408589 0.547461 -0.268337 0.908573 -0.320142 -0.628214 0.086896 0.773173
-12.724176 -28.438822 -351.222171 543.247576 0.706189 0.372095 0.602363 -0.220283 0.924012 -0.312533 -0.672883 0.088017 0.734494
-12.861493 -29.527836 325.761930 -217.860255 0.730983 0.351245 0.585056 -0.273254 0.936282 -0.220698 -0.625297 0.001458 0.780386
-11.524792 -25.767570 121.778047 1256.415964 0.717943 0.412611 0.560633 -0.192881 0.891771 -0.409318 -0.668846 0.185731 0.719826
-4.253476 -27.177963 2402.951341 -447.921073 0.777203 0.318207 0.542862 -0.272619 0.947820 -0.165277 -0.567128 -0.019541 0.823398
-7.956619 -26.233051 1324.302066 1113.112619 0.741519 0.434839 0.510944 -0.238747 0.882712 -0.404746 -0.627016 0.178140 0.758365
-3.045696 -26.552828 2970.323957 300.138335 0.772594 0.365664 0.519027 -0.246215 0.926077 -0.285936 -0.585215 0.093120 0.805513
0.615513 -45.836426 -19.827113 436.507879 -0.534715 -0.231498 -0.812705 0.173970 0.910984 -0.373956 0.826931 -0.341346 -0.446843
-0.407551 -48.726725 -181.291934 562.030864 -0.525042 -0.280437 -0.803546 0.127185 0.907696 -0.399889 0.841519 -0.312158 -0.440912
-1.144399 -45.124908 -154.711743 1276.768170 -0.528978 -0.286048 -0.798974 -0.025305 0.946378 -0.322068 0.848258 -0.150149 -0.507852
1.369897 -44.024455 -239.535009 105.821337 -0.514817 -0.203242 -0.832860 0.235391 0.900643 -0.365286 0.824351 -0.384103 -0.415824
2.164488 -45.336050 -53.264390 -1063.687544 -0.524588 -0.194250 -0.828899 0.360636 0.831252 -0.423039 0.771199 -0.520853 -0.366011
0.888794 -44.270372 -327.841839 1300.078171 -0.519378 -0.226276 -0.824042 0.092008 0.943893 -0.317177 0.849577 -0.240553 -0.469418
-0.730180 -43.530340 -29.345449 1306.976758 -0.534866 -0.258716 -0.804354 0.003213 0.951339 -0.308129 0.844931 -0.167392 -0.508007
-0.136614 -86.827504 311.772448 -5444.514276 0.358997 0.276273 0.891512 -0.219836 0.953342 -0.206909 -0.907079 -0.121707 0.402982
0.102828 -95.228666 -26.587229 -3167.399266 0.339857 0.292116 0.893961 -0.039900 0.954162 -0.296619 -0.939631 0.065139 0.335934
1.328288 -86.653935 -502.116535 -5561.415312 0.336361 0.258683 0.905508 -0.298858 0.941152 -0.157851 -0.893054 -0.217523 0.393876
6.505542 -64.356838 -57.891345 -1288.839610 -0.324139 -0.206574 -0.923180 0.937224 -0.202807 -0.283689 -0.128624 -0.957182 0.259344
3.817694 -64.230904 -489.205424 -1219.393414 -0.322948 -0.238846 -0.915782 0.937018 -0.216725 -0.273912 -0.133050 -0.946564 0.293794
5.511426 -70.046294 -333.937797 -2604.945790 -0.315212 -0.211649 -0.925119 0.948619 -0.041891 -0.313635 0.027627 -0.976447 0.213979
7.680589 -66.996814 -334.132918 -1830.259333 -0.322146 -0.189273 -0.927576 0.943831 -0.140306 -0.299162 -0.073521 -0.971849 0.223841
-11.226812 -20.005932 -449.813786 1466.333011 0.421370 0.669643 0.611577 -0.792606 0.599642 -0.110478 0.440708 0.438187 -0.783434
-10.259532 -24.747695 396.062112 1187.991739 -0.471293 -0.591982 -0.653789 -0.723282 0.683620 -0.097605 0.504724 0.426874 -0.750355
-7.707677 -24.316733 -584.109301 1897.213669 0.303403 0.752693 0.584295 -0.810495 0.526297 -0.257119 0.501044 0.395557 -0.769733
-13.757557 -22.144235 -97.338935 -17.680740 0.689605 0.353899 0.631823 -0.582653 0.789263 0.193854 0.430069 0.501817 -0.750480
19.150608 -8.742444 -1314.745978 -942.262566 0.660258 0.214559 0.719738 -0.355263 0.933554 0.047604 -0.661701 -0.287127 0.692611
12.212287 -6.962002 -923.088791 -1009.026760 0.414075 0.501563 0.759590 -0.552717 0.801578 -0.227985 -0.723219 -0.325435 0.609136
26.786770 -12.163514 -2706.601881 -1292.481214 0.543909 0.306157 0.781301 -0.406433 0.910686 -0.073915 -0.734149 -0.277343 0.619763
-3.713753 -89.872297 1392.913027 854.660529 -0.415079 -0.453256 -0.788840 -0.175406 0.890663 -0.419466 0.892716 -0.035745 -0.449200
-7.400428 -85.560388 -650.219139 1500.402460 -0.359060 -0.413408 -0.836761 -0.309409 0.898574 -0.311178 0.880535 0.147170 -0.450554
-7.534404 -85.349013 138.016086 -580.151717 -0.380084 -0.411430 -0.828409 -0.073732 0.906251 -0.416261 0.922008 -0.097134 -0.374787
-6.171684 -92.889172 -2040.541416 479.409689 -0.311294 -0.401512 -0.861327 -0.103659 0.915299 -0.389207 0.944643 -0.031874 -0.326548
-4.438204 -90.449581 2150.108052 -205.189926 -0.419916 -0.429965 -0.799250 0.073336 0.861700 -0.502090 0.904595 -0.269450 -0.330310
-5.740124 -90.497797 -419.093612 -308.836522 -0.351826 -0.409976 -0.841510 0.114964 0.873255 -0.473507 0.928979 -0.263335 -0.260101
2.534902 -19.867261 -1153.699747 -1704.652509 0.633423 0.056317 0.771754 0.273564 0.916644 -0.291420 -0.723836 0.395716 0.565217
1.517118 -14.179073 -974.249203 -1469.197602 0.622774 0.025187 0.781996 0.240393 0.944976 -0.221883 -0.744556 0.326170 0.582451
-0.844682 -19.328690 -678.418741 -1645.983018 0.628862 0.020528 0.777246 0.294677 0.918782 -0.262687 -0.719512 0.394230 0.571738
-0.566471 -24.104985 -696.740684 -1503.082623 0.642126 0.063247 0.763986 0.313104 0.888039 -0.336678 -0.699743 0.455397 0.550430
2.441133 -25.168077 -1224.689831 -1570.281298 0.635888 0.074486 0.768179 0.321064 0.879588 -0.351061 -0.701830 0.469870 0.535404
6.199067 -23.738269 -1353.907575 -1448.695655 0.633004 0.051495 0.772434 0.332009 0.883308 -0.330965 -0.699340 0.465957 0.542041
-6.439040 -162.250048 -676.392193 3643.256941 -0.484066 -0.545598 -0.684107 -0.369642 0.836127 -0.405285 0.793124 0.056690 -0.606417
-8.099644 -160.543376 -269.884369 7771.921303 -0.507053 -0.537829 -0.673526 -0.471461 0.827231 -0.305635 0.721542 0.162568 -0.673015
-5.733648 -149.584210 -367.128391 11416.987365 -0.485588 -0.558718 -0.672338 -0.656633 0.740838 -0.141397 0.577095 0.372819 -0.726614
-3.324385 -149.034039 -459.909461 4105.071344 -0.482740 -0.536413 -0.692260 -0.570458 0.792366 -0.216179 0.664485 0.290547 -0.688508
-4.290743 -123.707163 371.735329 -7835.000373 0.482295 0.557625 0.675608 0.780614 -0.623561 -0.042587 0.397535 0.547928 -0.736030
-7.695226 -129.533915 -35.329711 -10564.867072 0.505410 0.576073 0.642418 0.810464 -0.572451 -0.124285 0.296155 0.583472 -0.756209
29.531652 -61.978800 1887.434528 2966.126686 -0.257174 -0.580170 -0.772829 -0.469699 0.773952 -0.424712 0.844538 0.253772 -0.471546
22.934595 -54.293359 -234.713623 52.955228 -0.233871 -0.525993 -0.817702 -0.568276 0.756363 -0.324003 0.788902 0.388905 -0.475800
24.143810 -60.616291 3965.726146 416.349887 -0.342869 -0.552311 -0.759864 -0.548364 0.774449 -0.315477 0.762718 0.308515 -0.568402
73.782930 -998.577734 13040.784947 -204146.984261 -0.554739 -0.634634 -0.538057 0.745845 -0.092694 -0.659638 0.368754 -0.767234 0.524760
49.754524 -777.505643 10182.108819 -199919.620658 -0.408635 -0.798328 -0.442368 0.902473 -0.425772 -0.065277 -0.136236 -0.425899 0.894455
16.736210 -3427.937381 12907.711607 615195.336825 -0.337680 -0.735383 -0.587524 0.708986 0.211846 -0.672651 0.619121 -0.643687 0.449840
46.701217 -1642.931506 -5519.708765 455891.026019 0.470700 0.759370 0.449221 0.037130 0.491651 -0.870000 0.881512 -0.426189 -0.203224
7.520641 -1839.576825 7305.255010 304945.710397 -0.591593 -0.101080 -0.799875 -0.081575 0.994523 -0.065344 0.802099 0.026593 -0.596599
-178.562453 -1589.836836 41541.264397 63720.122596 -0.695524 -0.089846 -0.712864 0.043915 0.984980 -0.166989 0.717160 -0.147450 -0.681131
-135.965630 -1352.367717 -28078.410812 185491.005517 0.676077 0.172235 0.716419 0.666990 0.270130 -0.694373 0.313122 -0.947293 -0.067750
533.473339 -2197.048175 -265391.534001 471061.212125 0.631605 0.151085 0.760426 0.755495 -0.340166 -0.559924 0.174075 0.928149 -0.328994
-4.850222 -18.906162 -1093.168079 -1473.299869 0.865251 0.224733 0.448148 -0.404230 0.841482 0.358478 0.296546 0.491328 -0.818937
-4.494512 -13.143732 -877.410931 -1184.012109 0.874694 0.197029 0.442820 -0.356624 0.880353 0.312728 0.328221 0.431461 -0.840305
-0.404657 -17.566357 -1270.029160 -1412.117919 0.866275 0.231869 0.442497 -0.402874 0.848007 0.344350 0.295397 0.476573 -0.828021
-0.299653 -23.681322 -1337.275789 -1653.892326 0.862995 0.238799 0.445213 -0.430430 0.808929 0.400454 0.264518 0.537223 -0.800888
-3.142447 -48.664154 -196.666096 -1428.872236 0.262728 0.222597 0.938842 -0.561706 0.826429 -0.038755 -0.784513 -0.517171 0.342159
-3.819556 -47.531968 700.194779 -693.138319 0.317442 0.222176 0.921883 -0.590195 0.807214 0.008687 -0.742227 -0.546848 0.387371
-4.555335 -48.475301 1047.011535 -2008.581735 0.308222 0.246080 0.918936 -0.545225 0.837270 -0.041336 -0.779570 -0.488286 0.392234
-1.080692 -132.702097 10.229092 8277.086716 -0.527099 -0.385201 -0.757488 -0.596226 0.802789 0.006647 0.605543 0.455137 -0.652816
-2.188674 -123.777633 -27.168970 1045.778937 -0.525176 -0.386239 -0.758294 -0.515617 0.853304 -0.077529 0.677000 0.350273 -0.647286
-3.257025 -168.268044 163.066626 9252.335999 -0.550854 -0.289435 -0.782807 -0.242841 0.952944 -0.181456 0.798491 0.090142 -0.595219
-49.417207 -362.030824 216.315237 -69549.406734 -0.662722 0.087680 0.743715 0.034179 0.995629 -0.086923 -0.748085 -0.032186 -0.662821
-39.328472 -255.635952 -1207.536594 -56763.062958 -0.697395 0.211677 0.684714 -0.015706 0.950645 -0.309884 -0.716515 -0.226866 -0.659650
-23.208566 -158.381691 -997.074148 -40830.631494 -0.681488 0.056453 0.729649 -0.126266 0.972998 -0.193214 -0.720854 -0.223803 -0.655958
-13.268385 -52.935460 -64.739564 -11910.560028 -0.624334 -0.213685 0.751363 -0.309714 0.950740 0.013035 -0.717137 -0.224570 -0.659760
-30.251185 -317.820020 3132.157276 -65661.924755 -0.630226 -0.257018 0.732637 -0.285843 0.954149 0.088840 -0.721879 -0.153430 -0.674796
-36.687461 -56.491635 35.924897 1399.507475 0.883479 0.388497 0.261791 0.259082 0.060397 -0.963965 0.390309 -0.919469 0.047293
-34.308153 -51.627019 -143.952797 1744.452961 0.871455 0.485685 -0.068378 -0.045698 -0.058405 -0.997246 0.488341 -0.872181 0.028702
-31.457596 -45.490188 182.770502 3151.282430 0.802321 0.548588 -0.235226 -0.272576 -0.013858 -0.962034 0.531020 -0.835978 -0.138414
15.752500 -60.070053 8850.454808 -817.978896 -0.835831 -0.469208 0.285010 -0.307546 0.830238 0.464888 -0.454755 0.300914 -0.838241
20.719065 -85.151979 -268.857231 5374.303705 0.708414 -0.223320 0.669535 0.373701 -0.686061 -0.624233 -0.598746 -0.692422 0.402561
16.867714 -77.979071 -860.676182 1455.779684 0.718655 -0.223772 0.658377 -0.171384 0.860599 0.479580 -0.673916 -0.457488 0.580123
26.393916 -65.576619 -3769.043587 510.244620 0.746073 -0.135755 0.651879 -0.192662 0.893110 0.406492 -0.637383 -0.428865 0.640170
-5.408237 -9.111886 479.041070 1948.381845 -0.591533 -0.182555 -0.785343 -0.522208 0.828875 0.200661 0.614319 0.528810 -0.585638
-8.408357 -22.030840 860.987411 1405.276152 -0.746257 0.200761 -0.634661 -0.137285 0.886520 0.441855 0.651347 0.416867 -0.634011
-5.347325 -16.353420 740.872768 1660.555261 -0.752346 0.187386 -0.631556 -0.193488 0.853552 0.483747 0.629713 0.486144 -0.605909
-10.686150 -29.879262 2710.409620 -1056.010668 0.452416 0.020287 0.891576 -0.552620 0.791042 0.262419 -0.699950 -0.611426 0.369091
-15.444269 -30.889227 1969.968539 -495.001517 0.412944 -0.036851 0.910011 -0.490309 0.833034 0.256226 -0.767512 -0.551993 0.325928
-3.886456 -29.695487 1179.406739 -361.497973 0.496658 -0.047795 0.866629 -0.471883 0.823152 0.315829 -0.728463 -0.565806 0.386272
-8.752110 -32.730990 1783.259375 756.994855 0.468196 -0.039405 0.882746 -0.428319 0.863673 0.265728 -0.772875 -0.502510 0.387490
24.852903 -32.319068 1451.740873 -568.626235 0.717387 0.001573 0.696673 0.693741 0.090074 -0.714570 0.063876 -0.995934 -0.063527
27.977479 -27.121999 2676.054486 -540.577791 0.710544 -0.042158 0.702388 0.695926 -0.105415 -0.710334 -0.103989 -0.993534 0.045563
22.545199 -29.211501 1853.891505 -929.446921 0.709826 0.011948 0.704276 0.703620 -0.058384 -0.708174 -0.032657 -0.998223 0.049850
-10.614967 -41.219728 -585.878829 -3795.451794 0.932853 0.293771 0.208527 0.178799 0.124970 -0.975917 0.312756 -0.947671 -0.064052
-10.511398 -50.478818 -484.821748 -5908.596685 0.919956 0.277623 0.276780 0.213398 0.237616 -0.947629 0.328850 -0.930841 -0.159352
-11.029616 -50.509691 187.698523 -3824.484357 0.910521 0.352954 0.215350 0.156851 0.187049 -0.969748 0.382557 -0.916753 -0.114951
-12.502130 -42.829118 -473.071690 -820.502034 0.926566 0.326993 0.185881 0.177736 0.054901 -0.982546 0.331491 -0.943431 0.007249
-12.491639 -44.651649 90.013712 -1748.678423 0.918492 0.375717 0.123326 0.117788 0.037773 -0.992320 0.377490 -0.925964 0.009560
-10.301821 -52.628223 764.210659 -3057.397908 0.898295 0.414587 0.145547 0.065713 0.200761 -0.977434 0.434452 -0.887588 -0.153098
-7.221828 -63.886509 270.449514 -834.014349 0.949162 0.057691 0.309457 0.115765 0.850201 -0.513573 0.292729 -0.523288 -0.800299
-7.920011 -65.519768 -439.398106 408.723404 -0.948462 -0.074292 -0.308058 0.025256 0.951316 -0.307180 0.315882 -0.299129 -0.900411
-9.686950 -67.011846 -478.799572 339.860839 -0.943334 -0.071387 -0.324076 -0.017650 0.985998 -0.165820 0.331375 -0.150704 -0.931385
1.028706 -36.695260 -400.129436 -986.837942 0.779883 0.584892 0.222900 -0.305690 0.666665 -0.679788 -0.546202 0.462017 0.698716
-1.459448 -36.528963 17.259194 1366.456315 0.780111 0.586774 0.217079 -0.357336 0.702691 -0.615253 -0.513554 0.402396 0.757852
-0.299766 -38.106883 -294.370165 634.703833 0.757356 0.625821 0.186441 -0.390015 0.662507 -0.639509 -0.523737 0.411622 0.745833
2.495772 -37.758501 110.165056 -536.638377 0.862713 0.489312 -0.127674 -0.371841 0.442699 -0.815936 0.342726 -0.751393 -0.563869
-3.054530 -117.672642 399.821153 -6645.433429 -0.459275 0.809675 0.365367 -0.605391 -0.586301 0.538286 -0.650052 -0.026031 -0.759444
3.621341 -96.684652 1606.159449 651.579040 -0.417685 0.850194 0.320482 -0.720837 -0.524798 0.452748 -0.553112 0.041909 -0.832052
2.236115 -99.071513 1389.917880 838.517108 -0.455198 0.818327 0.350907 -0.763540 -0.561493 0.318955 -0.458041 0.122744 -0.880416
0.215183 -109.099173 1419.614266 -5981.609905 -0.387312 0.860765 0.330262 -0.597028 -0.507134 0.621589 -0.702529 -0.043573 -0.710320
10.427913 -15.133651 4272.546417 -308.578148 0.994607 0.099742 -0.028444 -0.048312 0.202855 -0.978016 0.091779 -0.974116 -0.206580
6.897524 -17.463475 4434.437301 -1202.728234 0.995148 0.095856 0.022175 -0.001985 0.244906 -0.969545 0.098367 -0.964797 -0.243908
20.643484 -18.437628 3956.297883 -1317.882276 0.999070 0.020319 0.038028 0.032308 0.231273 -0.972352 0.028552 -0.972677 -0.230402
-15.585827 -32.262386 -71.408636 -621.585481 0.404638 0.903737 -0.139737 -0.805770 0.280092 -0.521808 0.432439 -0.323740 -0.841540
2.731439 -36.481634 69.945659 -903.743515 0.861585 0.501701 -0.077250 -0.195594 0.187688 -0.962557 0.468417 -0.844434 -0.259839
2.053906 -38.626341 -148.514900 -983.911793 0.860686 0.496599 -0.112289 -0.289549 0.296016 -0.910240 0.418784 -0.815944 -0.398566
2.772111 -35.455892 -333.528562 -945.111382 0.880535 0.466906 -0.081589 -0.199136 0.208216 -0.957597 0.430120 -0.859445 -0.276319
2.220743 -37.516398 -84.963461 -597.520662 0.866283 0.486987 -0.111347 -0.304231 0.337507 -0.890805 0.396230 -0.805564 -0.440533
2.883264 -33.353887 -257.563863 -373.627375 0.879420 0.472541 -0.057672 -0.127622 0.117312 -0.984861 0.458621 -0.873466 -0.163472
-321.271904 -1323.915435 -36223.506671 -211185.904133 0.341014 -0.010761 -0.939997 0.927442 0.167125 0.334546 0.153497 -0.985877 0.066972
250.832801 104.878104 63182.519520 -12428.195932 0.741047 -0.536523 -0.403723 -0.149236 0.454622 -0.878093 -0.654659 -0.710958 -0.256828
984.953655 -4225.179209 -169648.786991 -1507207.787753 -0.099515 0.671254 -0.734517 0.945127 0.294616 0.141192 0.311177 -0.680162 -0.663739
189.645073 -1016.548849 36316.282800 794801.330426 -0.086731 -0.794428 -0.601133 0.985457 -0.156921 0.065198 -0.146126 -0.586736 0.796485
-135.093123 -233.519198 32393.730172 -82288.243497 0.234610 0.944491 -0.229987 0.179851 -0.274679 -0.944566 0.955307 -0.180242 0.234310
-0.020429 -270.280673 3745.965391 18371.843509 0.919517 0.079112 0.385007 -0.391587 0.099922 0.914700 -0.033893 0.991845 -0.122859
2.162633 -18.643848 845.110621 1564.162036 0.808563 -0.036930 0.587250 0.526316 -0.400851 -0.749873 -0.263093 -0.915398 0.304677
-1.528946 -23.133872 750.747947 1702.789679 0.846396 -0.084196 0.525856 0.434026 -0.463128 -0.772744 -0.308601 -0.882283 0.355447
-12.085752 -30.737679 -3329.046008 -1577.756599 0.638507 0.677988 -0.364199 0.445115 0.060726 0.893412 -0.627839 0.732560 0.263008
-16.793879 -30.861773 5148.041285 -1331.710700 -0.496573 -0.566157 0.657938 0.642633 0.269730 0.717125 -0.583471 0.778917 0.229890
-24.424053 -31.141810 -2918.953063 351.966570 0.768684 0.601375 -0.217884 0.240906 0.043359 0.969579 -0.592528 0.797790 0.111545
40.999503 -30.460699 4359.983938 2347.041692 0.949318 -0.277594 0.147433 0.268634 0.960082 0.077963 -0.163190 -0.034406 0.985995
37.730462 -23.276863 7248.571254 -1327.392816 0.911880 -0.408483 -0.040204 -0.410065 -0.910906 -0.045791 0.017917 -0.058242 0.998142
54.120806 -22.627154 7169.823397 -857.251808 0.867247 -0.497520 0.018890 -0.497841 -0.867023 0.020618 -0.006120 0.027286 0.999609
18.376155 -31.978747 -182.097196 -288.941041 0.562923 -0.130474 0.816146 0.699163 -0.451446 -0.554407 0.440782 0.882708 -0.162906
-10.769772 -26.406497 -276.879567 1321.423610 0.697559 0.339220 0.631143 -0.136585 0.927635 -0.347617 -0.703389 0.156279 0.693412
0.934974 -51.302322 298.146356 340.386089 -0.542219 -0.299187 -0.785166 0.129565 0.893509 -0.429947 0.830187 -0.334856 -0.445714
1.200237 -50.721497 171.248777 -1207.651703 -0.534983 -0.275433 -0.798705 0.248948 0.852003 -0.460561 0.807353 -0.445228 -0.387238
-0.348533 -48.116974 120.690512 2246.409282 -0.534452 -0.304262 -0.788534 0.000411 0.932863 -0.360231 0.845199 -0.192850 -0.498445
1.735554 -53.554897 164.890037 -1481.155527 -0.532896 -0.287850 -0.795716 0.272090 0.832131 -0.483244 0.801242 -0.474025 -0.365118
1.550629 -53.381308 371.018501 6.515216 -0.544815 -0.306709 -0.780452 0.143693 0.882797 -0.447238 0.826153 -0.355808 -0.436890
0.649951 -50.091276 390.112418 2623.048529 -0.542851 -0.325279 -0.774278 -0.024561 0.927702 -0.372513 0.839470 -0.183202 -0.511594
4.452237 -76.683943 -891.179822 1042.387233 -0.254506 -0.177924 -0.950563 0.772368 0.554103 -0.310512 0.581957 -0.813211 -0.003600
8.882311 -78.288673 -937.527772 1260.009824 -0.253964 -0.159991 -0.953890 0.833297 0.464496 -0.299765 0.491038 -0.871003 0.015355
5.874062 -75.922522 -535.272649 -1170.864655 -0.278523 -0.180536 -0.943309 0.891001 0.318073 -0.323954 0.358526 -0.930718 0.072267
7.003086 -76.224407 -1491.339302 2540.598264 -0.227538 -0.148908 -0.962316 0.721866 0.637474 -0.269326 0.653556 -0.755946 -0.037558
1.986333 -76.985107 -534.761092 -37.171599 -0.284988 -0.207518 -0.935798 0.801087 0.484531 -0.351410 0.526347 -0.849804 0.028155
0.824758 -74.837638 -760.539197 1642.243935 -0.257155 -0.198296 -0.945807 0.647776 0.690912 -0.320979 0.717118 -0.695212 -0.049220
3.250080 -70.900751 -1427.988796 2088.481224 -0.220781 -0.158948 -0.962284 0.600625 0.755195 -0.262545 0.768444 -0.635937 -0.071265
4.851560 -57.645029 -341.149780 77.884363 -0.329375 -0.220360 -0.918125 0.900654 -0.365220 -0.235450 -0.283434 -0.904464 0.318763
1.839949 -56.750510 -728.363873 -997.535598 -0.338913 -0.251405 -0.906605 0.883102 -0.417327 -0.214401 -0.324450 -0.873289 0.363454
1.894564 -64.218396 -1112.913786 -1234.843973 -0.328846 -0.269769 -0.905033 0.936823 -0.214203 -0.276549 -0.119257 -0.938798 0.323166
226.775975 -47.414497 48850.224925 -7729.013290 0.015135 -0.683955 -0.729367 0.870359 0.368077 -0.327099 0.492184 -0.629861 0.600858
279.304411 -72.862094 -67594.835703 527.553691 0.124256 0.748733 0.651122 0.735666 0.370832 -0.566814 0.665850 -0.549438 0.504739
40.829876 -58.237531 -5423.357121 -3329.154595 0.077977 0.754006 0.652222 0.778644 0.362498 -0.512161 0.622602 -0.547786 0.558836
31.161769 -47.978064 3657.399096 -4352.389758 -0.120078 -0.777277 -0.617594 0.897518 0.180894 -0.402168 0.424314 -0.602593 0.675899
63.162332 -31.438961 14609.943901 -5307.197642 -0.091143 -0.731964 -0.675219 0.930280 0.179367 -0.320012 0.355349 -0.657310 0.664583
179.176004 -32.474911 41171.134387 -5321.824789 0.134542 -0.757866 -0.638387 0.890926 0.374530 -0.256860 0.433761 -0.534197 0.725593
15.778008 -3.177641 -3296.025673 -1200.320636 0.647893 0.148280 0.747160 -0.339448 0.934296 0.108930 -0.681916 -0.324197 0.655657
9.798667 -14.265880 958.731158 -2685.221296 0.014591 0.855981 0.516801 0.721195 -0.367011 0.587521 -0.692578 -0.364142 0.622685
8.400020 -21.908516 -375.332205 -1507.899293 0.076542 0.768163 0.635662 0.687726 -0.502279 0.524166 -0.721924 -0.397041 0.566731
-9.218855 -83.493340 106.588581 2257.722579 -0.398132 -0.411649 -0.819778 -0.444707 0.868235 -0.220006 0.802326 0.276969 -0.528736
-7.677771 -80.046368 -1372.844463 2294.647423 -0.342017 -0.385253 -0.857091 -0.536228 0.829027 -0.158660 0.771676 0.405332 -0.490125
-2.512369 -88.411454 -2017.966072 2536.927312 -0.311690 -0.392814 -0.865186 -0.388207 0.883729 -0.261379 0.867263 0.254402 -0.427943
-0.929183 -14.594331 -421.697120 -1620.046735 0.608870 -0.054432 0.791400 0.309919 0.934677 -0.174152 -0.730224 0.351306 0.585966
-0.295243 -12.045841 -453.196451 -1253.517321 0.596059 -0.086572 0.798260 0.303986 0.944499 -0.124554 -0.743173 0.316902 0.589294
-9.476581 -160.946065 -1248.012984 -1865.361066 -0.478392 -0.535091 -0.696289 -0.156767 0.832210 -0.531837 0.864040 -0.145271 -0.482008
-11.057339 -168.680139 -1404.478247 133.138556 -0.506324 -0.528131 -0.681699 -0.360538 0.847759 -0.388996 0.783357 0.048821 -0.619652
17.326369 -50.597009 -1498.708898 -811.639418 -0.222528 -0.458688 -0.860283 -0.679636 0.705636 -0.200432 0.698983 0.540077 -0.468764
18.796419 -48.213540 -4342.766242 -7.348287 -0.085337 -0.483602 -0.871118 -0.576435 0.737092 -0.352728 0.812675 0.472043 -0.341666
10.824080 -46.934111 2221.746616 428.190437 0.210571 0.403019 0.890638 0.779885 -0.618591 0.095529 0.589440 0.674479 -0.444565
12.987682 -53.241719 538.834432 313.474859 0.307591 0.421021 0.853305 0.779443 -0.625854 0.027831 0.545762 0.656542 -0.520669
14.583022 -46.092048 -4168.541587 -1098.362817 -0.116140 -0.443587 -0.888674 -0.687696 0.681489 -0.250295 0.716649 0.582068 -0.384201
-22.787338 -211.996770 1365.613733 48316.790796 -0.298982 -0.687751 -0.661520 -0.556919 0.688681 -0.464284 0.774888 0.229600 -0.588925
-18.902287 -141.242634 -114.161525 22578.057060 0.330519 0.765735 0.551732 -0.551708 0.631060 -0.545328 0.765752 0.124153 -0.631039
-43.367743 -83.893200 4949.509969 4636.647478 -0.386734 -0.544477 -0.744299 -0.630082 0.745343 -0.217854 0.673375 0.384718 -0.631315
-1.233841 -268.036422 -6032.242621 57063.637270 0.287616 0.852939 0.435627 -0.424262 0.521250 -0.740473 0.858649 -0.028152 -0.511790
-29.173077 -399.021774 1771.633459 96648.072209 -0.246731 -0.580934 -0.775654 -0.569979 0.734311 -0.368662 0.783740 0.351146 -0.512297
-1.220773 -142.525032 4228.836217 25014.164881 -0.319772 -0.645937 -0.693189 -0.416373 0.752975 -0.509571 0.851104 0.125679 -0.509731
-266.123885 -5434.764850 -49632.050418 1328220.712962 0.688005 0.233730 0.687036 0.269410 0.796799 -0.540861 -0.673845 0.557209 0.485233
442.778448 -2873.023384 -20730.298840 227222.972597 0.752980 0.057541 0.655522 0.467175 -0.748303 -0.470946 -0.463430 -0.660857 0.590339
246.112158 -5858.058196 120890.013611 2730020.350345 0.704980 -0.028398 0.708658 -0.321409 0.877911 0.354921 -0.632218 -0.477981 0.609783
-1392.346767 -20589.800909 -716828.732330 -4890590.328305 0.835693 0.543398 -0.079591 0.263569 -0.269687 0.926175 -0.481817 0.794976 0.368599
-2.690839 -47.949663 -356.014427 -664.352571 0.263565 0.205819 0.942429 -0.640899 0.767538 0.011613 -0.720959 -0.607062 0.334205
-2.512016 -45.417854 -437.539240 804.118601 -0.316735 -0.198390 -0.927535 0.696261 -0.712699 -0.085321 -0.644127 -0.672831 0.363868
-3.035985 -43.934717 255.056182 -325.415365 0.333956 0.188598 0.923528 -0.657875 0.748306 0.085079 -0.675036 -0.635979 0.373976
-3.557555 -45.614249 249.449321 -330.662655 0.327393 0.205418 0.922289 -0.563588 0.825899 0.016113 -0.758408 -0.525067 0.386164
8.586658 -128.756294 -286.828023 20927.714731 0.462243 0.413401 0.784494 0.846946 0.056268 -0.528693 -0.262704 0.908809 -0.324119
6.112688 -92.255798 -770.814711 5218.963601 0.488792 0.425546 0.761573 0.865228 -0.124760 -0.485608 -0.111635 0.896296 -0.429176
12.696224 -105.964064 -1512.392787 8827.706972 0.507971 0.417302 0.753541 0.839324 -0.043120 -0.541919 -0.193651 0.907744 -0.372155
3.524110 -135.423427 -342.768920 14208.054566 0.454205 0.435591 0.777148 0.851476 0.044366 -0.522513 -0.262081 0.899051 -0.350744
10.642803 -133.387496 -1786.420070 16977.167378 0.468363 0.428275 0.772798 0.796945 0.172854 -0.578791 -0.381463 0.886962 -0.260353
7.064047 -173.890961 527.695228 23332.273848 0.450009 0.400013 0.798424 0.754082 0.308734 -0.579693 -0.478386 0.862944 -0.162710
-38.139057 -294.148801 -1684.713640 -60933.270843 -0.713876 0.297096 0.634125 0.124470 0.944955 -0.302599 -0.689121 -0.137089 -0.711561
-17.826494 -187.652919 -1044.044062 -50984.823832 -0.725632 0.340307 0.598038 0.064798 0.899070 -0.432983 -0.685025 -0.275434 -0.674445
14.480123 -65.982256 -1139.610539 -1056.772488 0.168589 0.086557 0.981879 -0.552125 0.833489 0.021324 -0.816539 -0.545714 0.188308
10.237466 -61.156224 1751.692744 2837.129148 -0.123732 -0.092616 -0.987984 0.708975 -0.704868 -0.022714 -0.694294 -0.703266 0.152877
7.796807 -74.645648 -3222.630253 -2606.928905 0.076900 0.030002 0.996587 -0.533381 0.845729 0.015697 -0.842372 -0.532768 0.081039
14.852337 -75.482378 -2695.911040 -1958.682353 0.138941 0.040095 0.989489 -0.392661 0.919510 0.017876 -0.909127 -0.391017 0.143502
8.762311 -81.319692 -3948.967890 -1328.313151 0.072068 0.012311 0.997324 -0.279253 0.960181 0.008327 -0.957509 -0.279106 0.072636
-33.963778 -57.047254 -298.535660 620.932534 0.853279 0.312011 0.417808 0.431546 0.027242 -0.901679 0.292716 -0.949688 0.111402
-17.909221 -59.120208 -3494.740150 472.055708 0.876771 0.178268 0.446647 0.444980 0.051511 -0.894058 0.182389 -0.982633 0.034162
-8.854160 -61.093305 -4541.812184 6143.020134 0.933080 0.111643 0.341904 0.306023 0.253035 -0.917782 0.188977 -0.960994 -0.201937
96.349794 -69.529340 -4649.837814 984.739500 -0.819893 0.001065 -0.572515 -0.192216 0.941442 0.277021 0.539285 0.337174 -0.771677
77.652143 -50.946060 -9123.858182 2991.990576 -0.583914 0.019137 -0.811590 -0.184820 0.970336 0.155853 0.790497 0.241003 -0.563055
80.230930 -47.025208 -11365.261782 397.490752 -0.615352 0.188776 -0.765314 -0.229472 0.885947 0.403039 0.754112 0.423629 -0.501850
97.438065 -73.457049 -3873.920266 -2742.835170 0.954419 0.154290 0.255497 -0.222069 0.939036 0.262480 0.199423 0.307254 -0.930497
93.563862 -65.335205 529.014349 -1470.133013 -0.900391 -0.079490 -0.427758 -0.122977 0.989574 0.074965 0.417339 0.120102 -0.900779
108.684432 -84.801511 -1064.159679 -3091.912099 0.928432 0.067012 0.365409 -0.242683 0.854125 0.459973 0.281282 0.515732 -0.809260
102.823191 -74.068003 6705.810827 -2503.332013 0.830661 -0.103404 0.547093 -0.241763 0.818151 0.521708 0.501551 0.565629 -0.654607
48.116936 -47.371207 6426.209785 848.677809 -0.610544 -0.071287 -0.788768 0.729909 -0.437160 -0.525475 -0.307358 -0.896554 0.318938
33.957192 -60.154811 2700.613411 -302.612588 -0.627947 0.006766 -0.778226 0.707134 -0.412660 -0.574171 -0.325028 -0.910860 0.254344
