17999
35981
-19.920321 -29.723790 -349.057473 2001.577542 0.149804 0.798719 -0.582758 -0.194001 0.601697 0.774806 -0.969496 0.003013 -0.245089
-23.336309 -35.957518 -141.703412 1732.364452 0.202966 0.798515 -0.566726 -0.321232 0.601041 0.731819 -0.924994 -0.033516 -0.378500
-24.377940 -43.110942 224.106906 4422.903311 -0.255510 -0.460824 0.849915 -0.195035 0.885590 0.421534 -0.946930 -0.058057 -0.316154
-18.811638 -28.585369 -450.305569 1187.500636 0.120712 0.967219 -0.223417 -0.283720 0.249290 0.925936 -0.951279 0.048383 -0.304512
-15.979783 -39.681844 1732.760286 4970.395139 -0.165279 -0.459924 0.872441 -0.097419 0.887894 0.449615 -0.981424 -0.010681 -0.191555
-14.051659 -23.930657 -1488.934407 2044.842287 0.110016 0.737057 -0.666815 -0.069092 0.674936 0.734634 -0.991525 0.034750 -0.125179
-15.926789 -24.307068 -289.744876 1307.516213 0.074289 0.992653 -0.095509 -0.184925 0.107825 0.976820 -0.979941 0.054905 -0.191576
42.434654 -56.255379 2576.499993 -827.803434 -0.039048 -0.335391 0.941270 0.766919 0.593796 0.243395 -0.640555 0.731382 0.234031
35.347800 -49.634660 2263.110610 208.699235 0.004928 -0.448495 0.893772 0.821322 0.511674 0.252230 -0.570444 0.732831 0.370881
33.339819 -53.792382 2700.765195 1895.895095 0.050662 -0.432798 0.900066 0.717224 0.642921 0.268779 -0.694999 0.631932 0.342985
43.158642 -55.504365 1828.829231 -881.698299 -0.088395 -0.350740 0.932292 0.877557 0.415385 0.239478 -0.471255 0.839307 0.271076
42.564327 -56.977767 3648.991382 715.851487 0.001875 -0.327299 0.944919 0.626088 0.737188 0.254103 -0.779750 0.591126 0.206300
49.132549 -58.363201 1499.350659 -2218.586790 -0.129974 -0.196351 0.971881 0.711674 0.664024 0.229329 -0.690382 0.721470 0.053432
46.817666 -60.353896 541.364241 -1644.250807 -0.167155 -0.201122 0.965199 0.840361 0.482906 0.246160 -0.515608 0.852263 0.088295
-20.274629 -35.974011 827.396452 1080.149018 -0.006320 0.922022 0.387086 -0.025250 -0.387117 0.921685 -0.999661 0.003949 -0.025728
-15.874137 -34.740149 843.045875 1428.309164 0.077909 0.974990 0.208146 -0.080877 -0.201912 0.976059 -0.993675 0.092878 -0.063124
-16.949424 -38.904645 849.114368 520.298433 0.033145 0.979862 0.196904 -0.191583 -0.187130 0.963472 -0.980917 0.069657 -0.181523
-21.884679 -41.333848 1016.826416 196.025812 -0.065066 0.953004 0.295888 -0.191938 -0.302932 0.933484 -0.979248 -0.003946 -0.202628
-12.861428 -39.438200 1094.997592 -25.661730 0.091671 0.988810 0.117687 -0.303119 -0.084867 0.949166 -0.948533 0.122684 -0.291947
-17.082030 -41.104261 1049.763416 -151.134201 0.007680 0.984015 0.177922 -0.335713 -0.165063 0.927389 -0.941933 0.066853 -0.329079
-1.303384 -28.081689 -2200.894032 269.589137 0.017418 0.942882 -0.332672 0.940646 0.097338 0.325132 -0.338942 0.318589 0.885223
0.907401 -28.355944 -2508.951415 -147.977298 -0.004359 0.944028 -0.329837 0.894920 0.150861 0.419952 -0.446206 0.293347 0.845487
5.720620 -27.800099 -1992.502808 228.480500 -0.023640 0.934404 -0.355430 0.939240 0.142542 0.312265 -0.342445 0.326452 0.880999
4.316034 -26.216683 2363.073496 743.781226 0.020116 -0.940631 0.338835 0.974223 0.094605 0.204792 -0.224689 0.325981 0.918287
-2.692242 -26.893332 1611.198373 708.100352 -0.037903 -0.938304 0.343729 0.973437 0.043054 0.224869 -0.225794 0.343122 0.911748
-6.354595 -25.591487 -1061.198439 992.029212 0.713308 0.700493 0.022418 0.681899 -0.686274 -0.253064 0.161885 -0.195800 0.967190
-12.496127 -29.165013 -1142.925383 -45.602990 0.751133 0.659807 -0.021314 -0.637677 0.733536 0.235146 0.170785 -0.163035 0.971726
-10.392577 -28.361542 -326.080247 -778.870192 0.820903 0.568511 -0.053982 -0.554337 0.815998 0.163885 0.137220 -0.104610 0.985001
-1.434066 -31.597262 -645.291253 702.047083 0.052766 0.964320 -0.259428 0.726319 0.141229 0.672693 -0.685330 0.223923 0.692951
-1.281538 -30.717872 -1077.870393 1311.618839 0.025437 0.966687 -0.254694 0.658745 0.175429 0.731628 -0.751936 0.186389 0.632338
0.336060 -31.595576 -560.572002 718.221043 0.023187 0.958568 -0.283919 0.715431 0.182457 0.674439 -0.698299 0.218763 0.681558
0.807923 -30.590259 -662.993492 -359.924860 0.038632 0.965021 -0.259312 0.762280 0.139329 0.632073 -0.646093 0.222087 0.730234
-2.111982 -21.824888 327.675811 284.921570 -0.023665 0.916555 -0.399208 -0.502422 0.334324 0.797370 -0.864299 -0.219441 -0.452586
-2.671983 -24.368122 380.317595 -466.918044 -0.010866 0.908315 -0.418145 -0.610567 0.325137 0.722145 -0.791890 -0.263153 -0.551054
-2.835718 -22.238553 84.433105 -291.667493 -0.021155 0.902126 -0.430954 -0.546664 0.350469 0.760480 -0.837085 -0.251675 -0.485745
-2.311410 -23.710436 259.338653 857.108850 -0.029913 0.915178 -0.401939 -0.414294 0.354600 0.838224 -0.909651 -0.191595 -0.368546
-2.091566 -23.474911 84.935766 872.775636 -0.023232 0.911666 -0.410275 -0.396118 0.368403 0.841053 -0.917906 -0.182057 -0.352568
7.816566 -29.186568 35.298543 450.474834 0.134430 0.802428 -0.581410 -0.434997 0.574967 0.692958 -0.890341 -0.159757 -0.426347
7.681590 -34.442702 -197.423121 -2886.591029 0.123526 0.820928 -0.557511 -0.375241 0.558740 0.739597 -0.918660 -0.117841 -0.377065
7.260086 -30.617544 -356.705110 -2314.646456 0.110836 0.786192 -0.607962 -0.386105 0.597742 0.702586 -0.915772 -0.156865 -0.369804
8.100161 -25.557537 -530.284329 207.086208 0.090850 0.793945 -0.601163 -0.440182 0.573503 0.690893 -0.893300 -0.201854 -0.401583
4.440474 -56.839594 404.712685 -1349.396919 0.202366 0.767170 -0.608685 0.323721 0.534201 0.780918 -0.924258 0.355076 0.140245
4.512455 -58.172071 824.778756 1373.137429 0.229287 0.754881 -0.614477 0.537364 0.428201 0.726556 -0.811583 0.496788 0.307465
5.785389 -58.020186 459.426530 1834.690482 0.197187 0.767662 -0.609765 0.502756 0.454781 0.735127 -0.841638 0.451520 0.296270
0.531273 -89.089826 -520.837337 1259.262741 0.291692 0.939941 -0.177278 0.721282 -0.337874 -0.604643 0.628226 -0.048502 0.776518
-0.245576 -77.421057 66.798395 -437.062807 0.308174 0.927239 -0.212735 0.611276 -0.364349 -0.702561 0.728952 -0.086471 0.679082
-0.497891 -78.666569 -439.501360 1876.651022 0.267137 0.950079 -0.161209 0.779979 -0.311415 -0.542820 0.565925 -0.019268 0.824232
0.239665 -84.495521 -237.452382 393.942174 0.327610 0.917332 -0.226216 0.510179 -0.373279 -0.774842 0.795229 -0.138435 0.590293
-0.334215 -93.685487 -692.532501 3465.126868 0.226428 0.965189 -0.130923 0.888894 -0.259719 -0.377378 0.398244 0.030927 0.916758
0.392202 -94.032599 -450.554051 723.160047 0.277628 0.944093 -0.177796 0.776461 -0.329493 -0.537162 0.565713 -0.011079 0.824528
0.194509 -93.546825 -418.689798 -1252.685004 0.329745 0.919942 -0.212071 0.568360 -0.372808 -0.733472 0.753814 -0.121327 0.645790
-0.246962 -45.422075 -1175.491190 4836.262927 0.375526 0.765490 -0.522500 -0.548067 -0.271213 -0.791244 0.747398 -0.583497 -0.317692
3.025166 -46.443295 -940.943078 4862.018789 0.386279 0.783922 -0.486060 -0.536684 -0.237560 -0.809651 0.750172 -0.573612 -0.328954
1.924609 -32.319596 -786.617667 3810.069393 0.325583 0.757090 -0.566401 -0.655087 -0.251341 -0.712523 0.681804 -0.603027 -0.414127
4.658148 -31.410884 -469.943990 3667.839861 0.310776 0.775008 -0.550256 -0.670172 -0.231857 -0.705062 0.674009 -0.587882 -0.447332
4.897142 -25.893855 -229.566215 625.957838 0.204342 0.731037 -0.651021 -0.755080 -0.305533 -0.580089 0.622975 -0.610110 -0.489559
1.237540 -22.316505 -439.091530 2647.904766 0.243365 0.724600 -0.644770 -0.729409 -0.301445 -0.614079 0.639325 -0.619747 -0.455168
-11.493077 -15.603074 1436.034202 -195.799353 0.861727 0.317779 -0.395530 0.505939 -0.596757 0.622822 0.038115 0.736816 0.675018
-14.390196 -16.393180 -570.375670 227.061840 -0.492830 -0.606535 0.623886 0.869744 -0.322168 0.373835 -0.025748 0.726859 0.686304
-14.159231 -17.440843 1286.013051 -82.272789 0.820934 0.396197 -0.411212 0.570032 -0.611013 0.549296 0.033627 0.685340 0.727446
-8.314864 -16.975134 1355.659161 -331.051259 0.922465 0.227754 -0.311748 0.379691 -0.681472 0.625644 0.069955 0.695502 0.715110
5.308966 -28.798509 -551.123877 -66.840974 0.166497 0.772500 -0.612798 -0.227592 0.634799 0.738398 -0.959417 -0.016527 -0.281507
5.708003 -29.513313 -486.153070 23.268985 0.163939 0.766806 -0.620590 -0.101384 0.638867 0.762607 -0.981247 0.062103 -0.182477
2.769657 -28.812895 165.298166 -301.198901 0.159215 0.781937 -0.602682 -0.236873 0.622893 0.745584 -0.958406 -0.024051 -0.284393
3.524436 -27.685062 -119.437194 -540.706833 0.164924 0.781690 -0.601465 -0.330791 0.618334 0.712909 -0.929181 -0.081383 -0.360555
3.865603 -25.763235 255.627399 -817.105287 0.153282 0.765761 -0.624592 -0.340486 0.634284 0.694084 -0.927671 -0.106274 -0.357955
3.112438 -25.931581 288.814577 -774.062766 0.171901 0.769562 -0.615000 -0.369980 0.629025 0.683697 -0.912998 -0.110010 -0.392853
3.644583 -28.605781 321.648598 -397.916978 0.142669 0.786273 -0.601182 -0.216755 0.617472 0.756139 -0.965745 -0.022432 -0.258522
6.545383 -83.462558 216.431497 -529.443135 0.283960 0.925946 -0.248981 -0.738049 0.045311 -0.673224 0.612087 -0.374929 -0.696259
6.091991 -94.182018 83.015567 -5522.332407 0.212293 0.935046 -0.283938 -0.878248 0.055153 -0.475015 0.428501 -0.350210 -0.832911
6.529052 -76.148265 285.938027 -720.617773 0.282906 0.918185 -0.277308 -0.795307 0.062950 -0.602930 0.536145 -0.391117 -0.748048
6.839104 -73.794913 41.744453 1657.050140 0.332245 0.909950 -0.248201 -0.631843 0.019349 -0.774855 0.700277 -0.414266 -0.581374
1.440505 -29.484757 -180.451312 39.075991 -0.239121 -0.898454 0.368240 0.957422 -0.281344 -0.064725 0.161754 0.337084 0.927475
0.234714 -31.738376 -177.458893 -947.277414 -0.263660 -0.886152 0.381074 0.935085 -0.331800 -0.124597 0.236852 0.323485 0.916111
1.640340 -30.346809 -185.402649 -1112.987985 -0.251781 -0.894425 0.369608 0.945852 -0.308268 -0.101664 0.204869 0.323997 0.923610
3.403938 -26.675003 -527.751515 713.566433 -0.201662 -0.907660 0.368085 0.965145 -0.248156 -0.083155 0.166819 0.338486 0.926066
2.591417 -28.293046 -444.297568 -2499.675777 -0.226855 -0.899426 0.373590 0.946183 -0.294441 -0.134321 0.230812 0.323013 0.917817
3.572146 -28.173244 -500.779406 -367.611007 -0.206973 -0.906646 0.367635 0.957592 -0.264726 -0.113745 0.200449 0.328502 0.922988
0.305836 -21.158284 2833.459273 122.759163 0.286364 0.923189 -0.256355 0.958005 -0.271730 0.091592 0.014898 -0.271818 -0.962233
3.327059 -19.415321 3217.707441 -40.829713 0.306581 0.919114 -0.247462 0.951480 -0.303116 0.052969 -0.026325 -0.251694 -0.967449
14.655480 -19.598445 4792.158855 -702.232396 0.470140 0.849263 -0.240250 0.881826 -0.440655 0.167949 0.036765 -0.290818 -0.956072
4.787029 -21.246252 3850.935463 -530.185409 0.393576 0.886454 -0.243509 0.916420 -0.357411 0.180086 0.072606 -0.294034 -0.953033
-8.257548 -49.513175 -70.184840 -117.061399 0.220600 0.911599 -0.346875 0.505116 -0.411006 -0.758902 0.834382 0.007798 0.551131
-9.114242 -48.378149 14.805651 125.448534 0.229436 0.923234 -0.308219 0.633893 -0.382036 -0.672479 0.738606 0.041087 0.672884
-8.533574 -50.254039 167.605266 -276.100563 0.235386 0.916655 -0.323012 0.465885 -0.398097 -0.790234 0.852962 -0.035523 0.520763
-1.015768 -73.992662 1002.569088 1871.322913 0.690266 -0.520905 -0.502185 0.625111 0.778845 0.051353 0.364374 -0.349369 0.863234
3.506272 -74.403652 1428.604939 -2318.436505 0.702355 -0.518749 -0.487440 0.555377 0.827683 -0.080600 0.445257 -0.214103 0.869429
-0.302888 -65.897988 782.547202 175.274248 0.701886 -0.522588 -0.484001 0.560903 0.824326 -0.076638 0.439025 -0.217686 0.871705
3.923911 -72.170833 1397.572723 1513.617606 0.725918 -0.475727 -0.496716 -0.590881 -0.800979 -0.096400 0.351999 -0.363478 0.862543
2.097688 -75.251686 -723.485925 -162.187393 0.801080 -0.448819 -0.396020 -0.420027 0.049853 -0.906141 -0.426436 -0.892231 0.148580
0.145311 -70.925981 -819.777153 -120.459451 0.787578 -0.447143 -0.424009 -0.336423 0.264486 -0.903807 -0.516275 -0.854465 -0.057874
0.076143 -67.168305 -997.616684 -178.140510 0.803126 -0.466854 -0.370183 -0.389374 0.059015 -0.919187 -0.450973 -0.882363 0.134385
-11.562172 -16.631239 367.629170 904.516194 0.517070 -0.649621 0.557343 0.705659 -0.045003 -0.707121 0.484443 0.758925 0.435141
-12.266251 -15.546850 -231.591052 -492.769185 0.816139 -0.562548 0.132123 -0.329625 -0.265420 0.906035 0.474621 0.783002 0.402049
-9.657909 -18.702253 158.244974 -1078.531138 0.685390 -0.622166 0.378352 -0.576907 -0.146912 0.803490 0.444319 0.768978 0.459624
-12.380281 -13.967786 -369.242489 -477.429382 -0.353486 -0.232760 0.906019 0.783452 -0.602883 0.150783 0.511127 0.763122 0.395467
-10.640785 -16.959403 350.775113 437.936346 0.281250 -0.629011 0.724736 0.811674 -0.246965 -0.529333 0.511941 0.737125 0.441093
-7.990134 -73.894656 65.255874 -6173.057221 -0.730338 0.489660 0.476277 0.420732 0.871748 -0.251079 -0.538136 0.017012 -0.842686
-8.627323 -101.292549 328.859671 -9941.475852 -0.726898 0.477308 0.493757 0.533969 0.844946 -0.030699 -0.431851 0.241336 -0.869058
-8.397901 -89.822899 -272.090098 -10905.950780 -0.731333 0.519207 0.442240 0.507716 0.847414 -0.155286 -0.455386 0.110966 -0.883352
-6.678705 -61.861823 -569.898964 -5209.751887 -0.718165 0.546468 0.430827 0.428847 0.835137 -0.344437 -0.548024 -0.062604 -0.834117
-6.204486 -64.123490 -748.942367 -5812.670072 -0.722312 0.554597 0.413144 0.457663 0.831209 -0.315653 -0.518469 -0.038919 -0.854210
-4.450920 -88.394652 -781.291722 -11591.953060 -0.729445 0.548442 0.408805 0.524394 0.832097 -0.180626 -0.439228 0.082619 -0.894568
-8.013714 -140.249575 114.293934 -19885.380823 0.741614 -0.521097 -0.422452 0.606699 0.789712 0.090947 -0.286224 0.323749 -0.901811
4.024814 -705.480886 551.445720 -178683.931836 0.740220 -0.337526 -0.581507 0.306370 -0.600548 0.738566 0.598508 0.724858 0.341130
29.734624 -365.066633 2891.809915 47946.040775 0.686216 -0.282439 -0.670325 -0.160723 0.839887 -0.518418 0.709419 0.463484 0.530950
16.104462 -303.569414 -2538.798249 9503.056711 0.751482 -0.375716 -0.542322 0.002171 0.823410 -0.567443 0.659751 0.425245 0.619593
-876.116203 -3080.922341 70576.154426 743880.652422 -0.470582 -0.860154 0.196693 0.877792 -0.433723 0.203384 -0.089631 0.268365 0.959138
-261.786293 -1232.431343 36765.277250 16095.083050 0.893863 0.443432 -0.066157 0.140961 -0.137883 0.980367 -0.425604 0.885639 0.185755
-237.361156 -5121.935677 -208387.544686 2597065.554875 0.543786 -0.303335 0.782486 0.138349 0.952038 0.272918 -0.827741 -0.040153 0.559671
16.802994 -18.328159 -1447.817658 471.410869 -0.101838 -0.540888 0.834906 0.982007 0.079511 0.171291 -0.159034 0.837328 0.523059
18.699281 -20.407641 -1306.242348 534.998730 -0.147776 -0.561090 0.814457 0.964125 0.101881 0.245119 -0.220511 0.821461 0.525905
13.033965 -16.880961 -1389.913422 593.622608 -0.174496 -0.504038 0.845870 0.969150 0.063944 0.238031 -0.174065 0.861311 0.477331
13.252841 -15.243763 -1500.493445 375.705382 -0.069142 -0.515540 0.854072 0.991221 0.061211 0.117193 -0.112696 0.854677 0.506781
8.516520 -13.093503 -1101.275368 558.961098 -0.123853 -0.482568 0.867057 0.986688 0.032910 0.159258 -0.105388 0.875240 0.472069
9.964020 -17.332869 -1300.619882 636.191989 -0.258909 -0.474831 0.841131 0.941530 0.070319 0.329509 -0.215608 0.877263 0.428861
7.598136 -14.409400 -1012.524312 605.886644 -0.230751 -0.468424 0.852838 0.961406 0.025214 0.273975 -0.149839 0.883144 0.444528
26.258644 -15.645621 472.269836 458.001749 0.126416 -0.670585 0.730982 0.981610 -0.021695 -0.189662 0.143043 0.741516 0.655510
22.388266 -18.376006 1656.581166 -141.930692 0.048979 -0.756587 0.652056 0.992063 -0.038848 -0.119594 0.115814 0.652738 0.748679
24.327301 -18.691273 909.200944 -29.264626 0.040455 -0.708622 0.704427 0.998071 -0.004573 -0.061919 0.047098 0.705573 0.707070
24.422941 -16.928782 -550.368009 86.154878 0.078645 -0.634364 0.769023 0.995035 0.002746 -0.099493 0.061003 0.773029 0.631431
34.101173 -25.612371 2610.675726 -858.496250 0.997568 -0.050791 -0.047733 -0.039677 -0.976849 0.210221 0.057306 0.207815 0.976488
29.300712 -27.571381 7238.381574 599.755447 0.959771 -0.007751 -0.280676 -0.030969 0.990598 -0.133253 0.279070 0.136585 0.950508
39.428244 -28.431990 -407.079166 -367.212697 0.998768 -0.011717 0.048230 0.013355 0.999340 -0.033771 -0.047803 0.034374 0.998265
52.975611 -29.737034 -3312.608149 -583.454367 0.992553 -0.016301 0.120721 0.010017 0.998572 0.052480 -0.121404 -0.050880 0.991298
50.133579 -30.113254 -10077.773027 -1570.343545 0.941167 -0.040220 0.335539 0.026703 0.998639 0.044804 -0.336885 -0.033209 0.940960
34.158570 -27.688625 -5396.085834 1172.344148 0.965758 -0.027436 0.257989 0.080485 0.977016 -0.197385 -0.246644 0.211391 0.945770
29.827063 -28.139826 -7930.945182 262.377445 0.928778 -0.059578 0.365817 0.094029 0.992581 -0.077078 -0.358511 0.105986 0.927490
1.741201 -26.528564 -397.637477 -1265.766405 -0.062253 0.891271 -0.449177 0.092838 0.453269 0.886526 -0.993733 -0.013488 0.110962
0.160965 -27.841503 -281.127326 -575.542167 -0.055389 0.899792 -0.432790 0.071213 0.435912 0.897168 -0.995922 -0.018874 0.088221
0.594929 -27.515565 -460.243946 576.992645 -0.062069 0.896432 -0.438813 0.045312 0.441738 0.895999 -0.997043 -0.035730 0.068037
1.316427 -26.659073 -427.442610 -459.023307 -0.059621 0.889311 -0.453400 0.050332 0.456308 0.888397 -0.996951 -0.030147 0.071966
0.483707 -60.133047 -136.513394 -578.333378 0.339481 0.917001 -0.209431 0.584170 -0.380053 -0.717151 0.737223 -0.121116 0.664705
0.597921 -59.246527 -326.766719 -57.241201 0.320495 0.930531 -0.177189 0.723201 -0.361178 -0.588669 0.611771 -0.060522 0.788716
1.068287 -64.386344 -68.088295 -963.310366 0.333002 0.919802 -0.207544 0.582148 -0.373698 -0.722118 0.741763 -0.119646 0.659903
1.230511 -66.568835 -376.736708 -2105.543009 0.365381 0.902492 -0.228046 0.432335 -0.381488 -0.817040 0.824369 -0.199939 0.529567
0.480579 -59.886148 -17.228952 -1572.955826 0.346679 0.907972 -0.235374 0.462638 -0.383810 -0.799160 0.815953 -0.168159 0.553121
-157.730220 -1065.466062 103744.173520 4993.721552 0.882042 0.336543 0.329760 0.032294 0.655046 -0.754899 0.470063 -0.676501 -0.566910
-358.111236 -1873.428712 46740.004887 -194561.055039 0.478781 0.806001 -0.348038 -0.829004 0.545552 0.122987 -0.289001 -0.229641 -0.929378
-439.674442 -6090.303190 -7920.311915 -1282128.995907 -0.622056 0.781623 -0.045948 -0.745546 -0.609228 -0.270189 0.239179 0.133816 -0.961710
788.305866 -8985.986886 231202.652123 -5568502.514500 0.849237 0.441888 0.289018 0.004524 0.541262 -0.840842 0.527992 -0.715382 -0.457661
10.740582 -58.292980 -1538.165229 -212.887036 0.372737 0.918962 -0.128746 -0.020852 0.147004 0.988916 -0.927703 0.365921 -0.073956
8.379461 -75.803506 114.668479 -4480.873391 0.467905 0.882533 -0.046899 -0.152806 0.133054 0.979258 -0.870468 0.451034 -0.197113
5.442644 -104.535675 -458.313650 -16258.224190 0.474110 0.874351 0.103589 -0.104961 -0.060687 0.992623 -0.874187 0.481485 -0.063000
3.708787 -100.617694 -1219.874102 -14511.909748 0.433646 0.883806 0.175606 -0.002478 -0.193713 0.981055 -0.901080 0.425866 0.081813
9.509919 -51.090209 -850.852098 797.075736 0.342891 0.930603 -0.128075 0.040911 0.121417 0.991758 -0.938484 0.345305 -0.003562
1.726857 -46.285222 -2241.590625 3125.128222 0.008133 0.573145 -0.819414 0.846939 0.431704 0.310365 0.531628 -0.696517 -0.481908
-0.938619 -46.193897 -4929.571666 4461.312088 -0.035506 0.503171 -0.863457 0.832443 0.492962 0.253038 0.552973 -0.709794 -0.436364
-2.837304 -35.917462 -2201.957629 -3292.784371 0.022262 0.591583 -0.805937 -0.765961 -0.507980 -0.394031 0.642501 -0.626088 -0.441821
-17.383818 -42.220536 -2170.393485 281.290934 0.389464 0.778744 -0.491809 0.613399 -0.617628 -0.492217 0.687066 0.109975 0.718224
-6.904106 -45.395964 -3845.317474 870.957301 0.404349 0.822789 -0.399400 0.643679 -0.566239 -0.514831 0.649753 0.048914 0.758570
-11.562487 -40.632915 -3568.324800 1142.456151 0.458819 0.761379 -0.458026 0.493481 -0.647032 -0.581228 0.738892 -0.040652 0.672596
-16.701034 -43.376105 -2449.324316 162.466634 0.312841 0.848221 -0.427378 0.758420 -0.493962 -0.425206 0.571777 0.191110 0.797839
-20.836732 -39.616109 -981.839395 -208.296897 0.412786 0.700897 -0.581680 -0.494037 0.708815 0.503497 0.765203 0.079535 0.638857
-22.342501 -41.282173 -396.861481 76.127020 0.303127 0.780515 -0.546726 0.676567 -0.580300 -0.453330 0.671097 0.232481 0.703976
-24.716366 -45.045645 -2015.899424 -2707.356499 0.902759 -0.290103 -0.317595 -0.171158 0.435110 -0.883960 -0.394629 -0.852361 -0.343145
-23.328168 -47.478004 -2140.955882 -2014.642190 0.887266 -0.356185 -0.293073 -0.063480 0.535039 -0.842439 -0.456870 -0.766072 -0.452111
-29.843810 -52.259416 -552.458682 -1198.691463 0.946697 -0.305358 -0.102572 0.066034 0.495626 -0.866022 -0.315284 -0.813088 -0.489371
1.791838 -23.055444 -551.011701 -544.268649 -0.081857 0.773998 -0.627874 0.117445 -0.618108 -0.777271 0.989700 0.137365 0.040306
0.711365 -23.176430 -721.896388 -228.981400 -0.077586 0.773323 -0.629247 0.151690 -0.614645 -0.774081 0.985378 0.155508 0.069618
2.177931 -22.440546 -688.125129 -228.692308 -0.075391 0.764278 -0.640465 0.176705 -0.621887 -0.762910 0.981372 0.170690 0.088167
1.211644 -21.752925 -815.081752 -53.954586 -0.064801 0.765469 -0.640202 0.225232 -0.613776 -0.756670 0.972148 0.193227 0.132634
2.841059 -22.239513 95.684093 -182.128561 -0.105945 0.751245 -0.651465 0.155097 -0.634650 -0.757076 0.982202 0.181248 0.049278
2.953313 -21.394071 -110.547978 -143.935745 -0.098649 0.744677 -0.660094 0.232967 -0.627614 -0.742851 0.967468 0.227061 0.111571
-4.352812 -31.991301 17.656600 -522.863662 0.037888 0.673391 -0.738315 0.982619 0.109259 0.150075 0.181727 -0.731168 -0.657547
-4.521470 -30.133508 -140.217920 -399.647102 0.033573 0.681354 -0.731184 0.980855 0.117954 0.154952 0.191823 -0.722387 -0.664350
-4.076259 -32.162445 2.343974 1852.643153 0.043567 0.677577 -0.734160 0.941804 0.217327 0.256466 0.333328 -0.702608 -0.628676
-4.227190 -31.799681 29.624309 -1664.354760 0.029813 0.676370 -0.735958 0.998767 0.009074 0.048798 0.039683 -0.736506 -0.675266
-4.300404 -31.629530 -391.924142 1161.701133 0.045563 0.648090 -0.760199 0.963540 0.172337 0.204672 0.263656 -0.741808 -0.616609
-4.260477 -31.429705 -105.420972 -1027.520535 0.017689 0.651801 -0.758184 0.994490 0.066895 0.080711 0.103326 -0.755434 -0.647026
16.021458 -25.693407 212.906527 -591.584133 -0.239414 0.651532 -0.719852 0.391934 0.743176 0.542290 0.888296 -0.152302 -0.433284
14.777518 -23.664652 292.526434 -361.363747 -0.228908 0.670380 -0.705827 0.477285 0.709236 0.518828 0.848410 -0.218117 -0.482313
14.301056 -26.039694 -1146.194440 -477.402812 -0.157252 0.657718 -0.736667 0.418189 0.720115 0.553672 0.894645 -0.221000 -0.388290
-3.583840 -34.858650 -235.324690 -79.086091 -0.124661 -0.790389 0.599788 0.927094 -0.308156 -0.213392 0.353491 0.529458 0.771180
-3.417240 -35.337509 83.212015 -35.453992 -0.109578 -0.804288 0.584049 0.939880 -0.275045 -0.202424 0.323447 0.526754 0.786073
-3.386050 -35.697305 -16.802165 -211.448087 -0.125160 -0.797808 0.589777 0.893375 -0.349182 -0.282760 0.431528 0.491502 0.756445
-2.907012 -35.113914 -359.286051 -147.001040 -0.139537 -0.780061 0.609947 0.874044 -0.386518 -0.294365 0.465378 0.492045 0.735741
-1.768289 -34.214202 -514.736962 -143.059853 -0.148519 -0.767864 0.623159 0.905017 -0.359535 -0.227329 0.398606 0.530207 0.748327
-3.076051 -33.925317 -402.688298 89.157960 -0.118373 -0.783316 0.610249 0.948541 -0.270978 -0.163834 0.293698 0.559453 0.775083
15.312494 -57.712019 1573.806324 -634.974257 -0.051832 -0.593094 0.803463 0.997261 -0.073243 0.010268 0.052758 0.801795 0.595266
13.054591 -53.643585 1948.719919 -2766.509982 -0.005946 -0.622896 0.782282 0.998775 0.034729 0.035244 -0.049121 0.781533 0.621927
17.533951 -49.985885 1824.799775 -3881.508592 -0.026837 -0.587547 0.808745 0.978013 0.151943 0.142839 -0.206808 0.794797 0.570551
15.473828 -54.699383 -487.147458 -1610.829026 -0.075787 -0.510409 0.856586 0.994665 0.021598 0.100873 -0.069987 0.859660 0.506049
-7.292126 -43.966912 965.869149 327.718731 -0.028892 -0.746343 0.664934 0.838594 0.343922 0.422467 -0.543990 0.569815 0.615943
-7.698016 -45.838205 -888.772937 705.532124 0.021760 0.737818 -0.674649 0.747242 0.436308 0.501262 -0.664195 0.515034 0.541834
-4.826133 -45.575444 -960.576468 345.172597 0.009480 0.751027 -0.660203 0.814916 0.376820 0.440361 -0.579501 0.542185 0.608452
-5.601659 -44.027763 857.538501 -102.184611 -0.035104 -0.752307 0.657876 0.904479 0.256074 0.341093 -0.425072 0.607009 0.671457
-7.872886 -43.361577 156.084180 -138.534626 -0.078968 -0.730061 0.678804 0.889219 0.256211 0.379005 -0.450614 0.633535 0.628952
-2.103209 -30.773121 9.827370 -446.646329 0.161660 0.523598 -0.836487 0.373656 0.752049 0.542958 0.913371 -0.400333 -0.074069
-2.269848 -33.213357 -812.022862 -1292.942282 0.194903 0.522509 -0.830059 0.366092 0.746373 0.555791 0.909939 -0.412203 -0.045816
-3.084100 -33.241175 -575.714596 513.013807 0.205559 0.556878 -0.804756 0.442874 0.680365 0.583924 0.872702 -0.476436 -0.106772
-2.063171 -32.561772 -86.886012 -1288.895767 0.168629 0.521627 -0.836343 0.268158 0.792213 0.548170 0.948502 -0.316710 -0.006288
-2.394991 -32.679615 457.289846 257.291875 0.169264 0.574283 -0.800968 0.407673 0.699112 0.587405 0.897303 -0.425959 -0.115784
-1.622840 -32.124570 423.011904 -400.297054 0.150224 0.549830 -0.821657 0.279840 0.773452 0.568737 0.948221 -0.315370 -0.037673
-9.966082 -20.005813 -99.633362 -180.041150 0.113808 0.809587 -0.575862 -0.232528 -0.541823 -0.807687 0.965908 -0.225825 -0.126588
-12.160182 -22.888969 -184.483527 -651.007649 0.113785 0.828788 -0.547872 -0.144943 -0.531705 -0.834435 0.982876 -0.174356 -0.059627
-10.276231 -21.516691 -810.619023 -159.670899 0.169380 0.820676 -0.545712 -0.173279 -0.520289 -0.836226 0.970198 -0.236201 -0.054079
-10.416324 -22.013720 873.551379 -358.929670 0.046984 0.801577 -0.596043 -0.177142 -0.580558 -0.794716 0.983063 -0.142923 -0.114716
-9.272291 -20.341196 -756.679103 444.701787 0.165976 0.781027 -0.602038 -0.313089 -0.537182 -0.783205 0.935108 -0.318485 -0.155371
-8.763859 -19.966133 321.566085 914.966348 0.050107 0.746342 -0.663674 -0.349200 -0.609475 -0.711758 0.935708 -0.267419 -0.230084
-8.581741 -19.501708 1023.621487 195.805500 0.008699 0.769747 -0.638290 -0.252538 -0.615931 -0.746226 0.967548 -0.167684 -0.189033
26.544020 -59.928403 -4417.606102 2887.141833 0.802902 -0.443758 0.398030 -0.005694 0.661970 0.749508 0.596084 0.604048 -0.528971
38.326093 -64.973868 5373.235061 -1190.001720 -0.808852 0.445946 -0.383263 0.190899 0.815640 0.546159 0.556162 0.368597 -0.744862
43.751094 -62.622354 4412.273156 903.259377 -0.726325 0.445187 -0.523699 0.028546 0.780789 0.624143 0.686759 0.438381 -0.579814
-1.019142 -36.078662 -136.044412 2234.660884 0.065184 0.577211 -0.813989 0.963490 -0.248692 -0.099195 -0.259689 -0.777804 -0.572348
-1.776479 -45.931914 -531.341497 3674.227054 0.028638 0.575813 -0.817079 0.918970 -0.336777 -0.205125 -0.393287 -0.744997 -0.538800
-2.099459 -41.479416 -282.475022 4214.679014 0.066976 0.575973 -0.814720 0.944689 -0.299356 -0.133972 -0.321056 -0.760684 -0.564165
-1.460431 -33.987321 -60.866402 1916.974015 0.108139 0.569766 -0.814661 0.959921 -0.272982 -0.063500 -0.258568 -0.775143 -0.576451
-0.908509 -31.861202 -147.721332 -800.946662 -0.121316 0.727104 -0.675723 0.200574 0.684666 0.700716 -0.972138 0.050524 0.228899
-2.272146 -34.228128 -369.936613 -318.005182 -0.118980 0.733004 -0.669738 0.328702 0.665573 0.670051 -0.936909 0.140422 0.320129
-2.956918 -30.641396 -472.979067 -1002.136692 -0.125215 0.724279 -0.678042 0.153522 0.689334 0.707990 -0.980180 0.015443 0.197508
5.171240 -21.141939 1876.505889 -150.843171 -0.260926 0.791274 -0.552994 0.964971 0.197553 -0.172637 -0.027358 -0.578669 -0.815104
14.801085 -19.661878 2856.595657 140.462662 -0.368003 0.754994 -0.542732 0.929823 0.299804 -0.213415 0.001586 -0.583183 -0.812340
5.197954 -21.725930 1931.902011 272.148116 -0.265687 0.790692 -0.551558 0.962663 0.248370 -0.107663 0.051862 -0.559569 -0.827159
18.038906 -19.998405 3414.218851 -226.417353 -0.386002 0.760451 -0.522223 0.916230 0.250157 -0.312960 -0.107353 -0.599280 -0.793309
-2.242928 -23.658674 975.976025 -434.593271 -0.135556 0.811361 -0.568611 0.988505 0.149541 -0.022275 0.066958 -0.565094 -0.822305
-2.209428 -22.404655 1047.410447 -116.712116 -0.124738 0.810084 -0.572891 0.992162 0.097502 -0.078157 -0.007456 -0.578149 -0.815897
5.361166 -21.456902 1881.318970 -92.856314 -0.225738 0.806734 -0.546098 0.965705 0.111491 -0.234487 -0.128284 -0.580302 -0.804235
-7.333477 -56.736607 -12.622417 1340.688061 -0.135566 -0.648001 0.749477 0.302229 0.693359 0.654149 -0.943546 0.315194 0.101849
-7.547256 -50.631817 -32.426691 1348.008448 0.144758 0.647492 -0.748198 0.429248 0.640208 0.637086 -0.891511 0.413386 0.185260
-6.620197 -55.039511 -282.833064 2030.001094 -0.182123 -0.616393 0.766088 0.290801 0.710500 0.640800 -0.939290 0.339484 0.049849
-8.690944 -51.873317 78.995109 1186.134722 0.116852 0.663248 -0.739221 0.496185 0.605781 0.621957 -0.860318 0.439467 0.258307
-6.015741 -59.564141 -378.941120 1496.903065 -0.179265 -0.618157 0.765341 0.118913 0.758624 0.640585 -0.976588 0.205844 -0.062488
-8.911357 -57.294070 -270.376504 1364.376357 -0.106993 -0.652383 0.750299 0.308416 0.695630 0.648829 -0.945215 0.300825 0.126778
-7.352324 -60.350879 -307.095989 1441.202690 -0.140574 -0.636135 0.758664 0.126583 0.748437 0.651014 -0.981945 0.187550 -0.024687
-3.879422 -83.331704 -84.375964 -1680.394451 0.177097 0.889158 0.421941 -0.153567 -0.398502 0.904220 -0.972139 0.224931 -0.065972
-3.250725 -88.931734 -284.257540 -382.614346 0.167116 0.870293 0.463316 0.073361 -0.479598 0.874416 -0.983204 0.112139 0.143994
-4.260903 -79.797369 23.101241 -451.169527 0.194061 0.870635 0.452034 -0.062639 -0.448856 0.891406 -0.978988 0.201302 0.032570
-5.788365 -79.372824 63.283589 -1876.782126 0.198329 0.888918 0.412906 -0.307063 -0.343716 0.887452 -0.930794 0.302795 -0.204785
-5.550918 -75.299535 -278.946506 -623.334387 0.190071 0.873552 0.448085 -0.237763 -0.401862 0.884294 -0.952545 0.274616 -0.131316
2.219491 -109.328943 -299.361910 -580.716333 0.309715 0.811902 0.494865 -0.730128 0.536474 -0.423212 0.609089 0.230240 -0.758947
1.909236 -113.542297 -670.411875 325.885150 0.323594 0.807243 0.493605 -0.564745 0.583339 -0.583763 0.759177 0.089859 -0.644651
3.556082 -137.097539 -643.844613 -2731.766132 0.319104 0.809892 0.492187 -0.732370 0.540348 -0.414317 0.601504 0.228253 -0.765568
4.001351 -128.713680 -799.412708 -5025.516013 0.300442 0.821984 0.483815 -0.859619 0.453137 -0.236054 0.413267 0.344976 -0.842735
-18.175005 -64.240069 113.407298 -2495.987024 -0.099147 0.883845 0.457152 -0.742226 0.240309 -0.625581 0.662774 0.401335 -0.632187
-15.768191 -62.756600 1046.646043 -2515.435352 -0.172802 0.840768 0.513077 -0.753180 0.222885 -0.618905 0.634712 0.493387 -0.594735
-17.423659 -56.528236 702.611191 -2793.682449 -0.115189 0.856024 0.503939 -0.634060 0.327160 -0.700667 0.764656 0.400236 -0.505086
-18.012611 -56.307606 161.629358 -2867.067319 -0.047002 0.878396 0.475616 -0.581615 0.363040 -0.727960 0.812105 0.310841 -0.493825
-15.624576 -46.866901 964.066708 -2711.193598 -0.085742 0.827440 0.554970 -0.477502 0.454753 -0.751792 0.874437 0.329460 -0.356113
7.205589 -208.348252 1543.294309 13434.148594 -0.205298 -0.697141 -0.686911 0.857390 0.210340 -0.469722 0.471948 -0.685384 0.554540
11.259463 -202.641221 2849.164193 10043.780901 -0.226013 -0.711381 -0.665474 0.777098 0.280272 -0.563530 0.587398 -0.644503 0.489468
4.893430 -185.649014 -200.004197 9486.401551 0.215129 0.718879 0.661009 0.607402 0.431516 -0.666976 0.764711 -0.544984 0.343817
1.788170 -167.160895 291.526496 11679.006816 -0.225120 -0.703207 -0.674405 0.755260 0.311347 -0.576753 0.615551 -0.639190 0.461014
0.556478 -174.561823 304.816734 8191.795770 -0.184910 -0.692658 -0.697161 0.949416 0.057301 -0.308747 0.253805 -0.718987 0.647025
-6.733698 -18.886190 -174.032017 -86.225025 0.198817 0.438969 -0.876229 -0.714387 0.676981 0.177055 0.670912 0.590765 0.448189
-6.857080 -19.323029 78.308291 206.238204 -0.265064 -0.381714 0.885458 0.737850 -0.671471 -0.068588 0.620740 0.635155 0.459631
-6.048945 -18.131905 -80.240350 -240.145488 0.216812 0.454383 -0.864019 -0.733979 0.659420 0.162605 0.643636 0.598917 0.476477
-6.706063 -19.153343 -31.898551 316.082893 -0.285174 -0.382527 0.878834 0.754944 -0.654572 -0.039940 0.590538 0.652081 0.475453
-5.073386 -17.374526 -316.633144 2.413702 0.125339 0.540393 -0.832025 -0.701743 0.641117 0.310687 0.701318 0.544926 0.459574
-4.809432 -16.350682 -225.537670 -195.685474 0.126369 0.557970 -0.820183 -0.726073 0.615389 0.306780 0.675906 0.556746 0.482893
-5.827076 -16.923432 -128.355541 -318.722025 0.175209 0.525578 -0.832508 -0.763524 0.606376 0.222126 0.621557 0.596721 0.507534
-6.558360 -18.581736 -108.654887 384.593831 -0.257097 -0.434365 0.863266 0.769284 -0.632647 -0.089218 0.584896 0.641159 0.496801
4.738855 -24.526190 -353.705647 -42.234344 -0.136380 -0.793426 0.593191 0.989327 -0.078070 0.123032 -0.051306 0.603639 0.795605
5.905701 -23.148499 -525.510804 514.856442 -0.111790 -0.801329 0.587686 0.986665 -0.019099 0.161641 -0.118304 0.597919 0.792778
3.582822 -24.684522 -247.576316 -15.812091 -0.069673 -0.795456 0.601993 0.982785 0.048777 0.178198 -0.171112 0.604046 0.778363
-22.671906 -35.939783 -84.576476 1162.094854 0.378065 0.485721 0.788126 0.849280 -0.520821 -0.086420 0.368497 0.702012 -0.609417
-22.291630 -36.703153 136.789705 849.254320 0.387522 0.559419 0.732719 0.866343 -0.492663 -0.082053 0.315081 0.666583 -0.675567
-22.547796 -37.957872 57.998167 870.359498 0.375378 0.504895 0.777285 0.889999 -0.430530 -0.150156 0.258831 0.748148 -0.610968
18.081367 -191.315440 -1325.846241 -21231.119567 0.112804 0.834207 -0.539791 -0.633219 -0.358294 -0.686046 0.765708 -0.419194 -0.487819
14.692904 -173.293562 -936.996546 3687.406698 0.133868 0.816168 -0.562094 0.913621 0.118080 0.389042 0.383896 -0.565621 -0.729861
15.258613 -167.697116 -883.850101 -15666.285728 0.142296 0.806363 -0.574048 -0.683939 -0.339137 -0.645920 0.715527 -0.484526 -0.503245
15.325912 -143.392925 -1288.044343 -13903.375670 0.135790 0.801825 -0.581926 -0.454727 -0.471404 -0.755647 0.880218 -0.367227 -0.300600
12.827544 -131.109602 -549.387219 -9754.429761 0.159516 0.777664 -0.608107 -0.434626 -0.497759 -0.750557 0.886372 -0.384025 -0.258592
-5.302409 -200.777249 2628.450645 7418.274724 -0.221675 0.950082 0.219555 0.071686 -0.208669 0.975355 -0.972482 -0.231951 0.021851
2.194606 -245.038830 1947.940002 -5576.629155 -0.216201 0.962104 0.166174 -0.348311 -0.235004 0.907443 -0.912106 -0.138310 -0.385919
-9.724824 -289.861173 3787.860643 -1797.561249 -0.225654 0.946549 0.230489 -0.281990 -0.289926 0.914563 -0.932503 -0.141379 -0.332340
4.667837 -8.011718 1025.250344 -662.062192 -0.090843 0.802983 -0.589037 -0.867038 -0.354738 -0.349866 0.489891 -0.478935 -0.728443
5.289126 -6.813453 993.673223 -35.723303 0.001959 0.834354 -0.551226 -0.859974 -0.279905 -0.426730 0.510335 -0.474876 -0.716974
2.261185 -8.623552 866.763221 -577.383519 -0.092091 0.805537 -0.585346 -0.864004 -0.356862 -0.355172 0.494992 -0.473033 -0.728851
-28.604333 -45.418681 -302.823071 2936.086497 -0.322898 -0.481413 0.814848 -0.302575 0.868292 0.393087 -0.896764 -0.119626 -0.426034
-28.389766 -42.614403 -55.429613 1662.813895 -0.294719 -0.684104 0.667190 -0.414079 0.720672 0.556031 -0.861208 -0.112396 -0.495669
-24.063539 -38.226677 -443.144469 1461.991716 0.234320 0.863996 -0.445651 -0.421853 0.503372 0.754093 -0.875862 -0.011300 -0.482429
-20.923983 -32.462667 -366.774081 1129.163824 0.173595 0.942390 -0.285949 -0.365639 0.331278 0.869806 -0.914425 0.046440 -0.402082
25.614063 -49.146229 1775.820185 3040.617316 0.073988 -0.540051 0.838374 0.777620 0.557576 0.290545 -0.624366 0.630439 0.461209
29.494438 -44.997197 1190.608971 101.127710 0.012013 -0.535577 0.844401 0.848850 0.451790 0.274481 -0.528497 0.713472 0.460052
37.466080 -48.977740 1634.065854 -1644.285008 -0.044529 -0.488184 0.871604 0.894600 0.368837 0.252288 -0.444643 0.790971 0.420305
-16.824069 -28.928481 752.570119 1664.086710 0.091576 0.923454 0.372621 0.034568 -0.376915 0.925602 -0.995198 0.071882 0.066439
-12.651713 -30.919874 926.367524 1814.181987 0.144411 0.980990 0.129630 -0.035026 -0.125854 0.991430 -0.988898 0.147714 -0.016185
-4.339688 -27.570243 -2082.126020 -202.139296 0.045403 0.948424 -0.313736 0.838746 0.134402 0.527676 -0.542627 0.287103 0.789385
3.884000 -27.308084 -3426.680880 -278.463006 -0.032131 0.940354 -0.338678 0.840796 0.208640 0.499531 -0.540398 0.268709 0.797349
8.095381 -28.320000 -2307.042514 -320.080147 -0.034512 0.930425 -0.364854 0.887598 0.196322 0.416687 -0.459325 0.309463 0.832619
-7.651909 -28.378381 2128.812550 -553.216465 -0.612092 -0.786228 -0.084790 0.765215 -0.561837 -0.314301 0.199474 -0.257264 0.945529
-8.759398 -27.722178 -428.878232 25.655586 0.816545 0.573477 -0.066170 -0.530953 0.791055 0.303842 0.226591 -0.212968 0.950422
1.301178 -29.877979 131.381818 -586.357578 -0.019456 0.924079 -0.381705 0.621206 0.310316 0.719588 -0.783405 0.223117 0.580082
2.121216 -31.594459 214.752921 448.997025 -0.003557 0.933374 -0.358886 0.722271 0.250608 0.644609 -0.691601 0.256920 0.675041
1.000686 -28.938454 -0.685777 -1053.244187 -0.015717 0.932731 -0.360231 0.581804 0.301535 0.755368 -0.813177 0.197712 0.547406
2.518440 -31.794357 197.993316 586.090720 -0.021347 0.922181 -0.386169 0.746821 0.271505 0.607078 -0.664682 0.275440 0.694500
-0.370030 -28.240040 -179.208595 -1337.072539 -0.033898 0.923233 -0.382742 0.480970 0.350768 0.803511 -0.876081 0.156850 0.455938
2.018280 -30.922213 -171.948335 -368.205910 -0.038168 0.916154 -0.399006 0.628125 0.332546 0.703472 -0.777176 0.223775 0.588151
0.621787 -28.843939 -102.175163 -1638.362264 -0.035138 0.917068 -0.397181 0.516517 0.356895 0.778355 -0.855556 0.177801 0.486221
-3.268974 -28.442375 304.275238 1638.834518 0.016771 0.890488 -0.454698 -0.642888 0.357899 0.677202 -0.765776 -0.280962 -0.578486
-1.830670 -26.706726 553.471999 755.627396 -0.000611 0.913204 -0.407503 -0.643171 0.311676 0.699421 -0.765723 -0.262521 -0.587155
-2.766165 -29.954437 630.535033 3238.801008 0.038686 0.893205 -0.447982 -0.661720 0.358830 0.658306 -0.748752 -0.270972 -0.604934
-1.554921 -27.558768 815.111381 1592.178512 0.030060 0.915987 -0.400081 -0.690304 0.308502 0.654452 -0.722895 -0.256504 -0.641583
-1.149245 -26.481771 -81.498626 -289.496283 -0.021419 0.914444 -0.404146 -0.657300 0.291713 0.694882 -0.753325 -0.280528 -0.594816
7.597712 -30.178392 260.186432 -1992.432411 0.158106 0.830888 -0.533505 -0.397805 0.548112 0.735747 -0.903744 -0.095905 -0.417191
7.226860 -37.492426 133.397250 -4027.068950 0.148380 0.838123 -0.524913 -0.320714 0.542883 0.776157 -0.935482 -0.053180 -0.349351
-0.462228 -72.812926 145.873088 134.402433 0.280700 0.941915 -0.184398 0.740390 -0.334756 -0.582890 0.610762 -0.027090 0.791351
-0.038543 -72.776929 209.866120 -717.914984 0.319491 0.921592 -0.220439 0.558562 -0.371079 -0.741828 0.765463 -0.113879 0.633322
-0.536407 -77.825334 349.159507 -2118.642221 0.329922 0.909018 -0.254633 0.426817 -0.384231 -0.818654 0.842009 -0.161410 0.514750
-0.099635 -80.471412 166.298797 -2040.082568 0.331780 0.910080 -0.248347 0.422079 -0.378648 -0.823696 0.843666 -0.168464 0.509753
-0.566785 -58.115628 -1484.059313 4553.501040 0.414655 0.772527 -0.480898 -0.404192 -0.317118 -0.857942 0.815285 -0.550125 -0.180755
6.557553 -24.824138 702.258498 110.595231 -0.145897 -0.816394 0.558762 0.987020 -0.158441 0.026225 0.067121 0.555335 0.828913
7.544830 -24.409692 736.988411 -92.003986 -0.097860 -0.826936 0.553715 0.984865 -0.160446 -0.065556 0.143051 0.538920 0.830122
5.570809 -25.145662 -55.168933 -49.261282 -0.149380 -0.817473 0.556259 0.986912 -0.157829 0.033084 0.060749 0.553921 0.830350
10.370735 -22.813319 1582.185831 -163.648091 -0.056105 -0.820379 0.569061 0.990208 -0.118693 -0.073486 0.127830 0.559366 0.819005
5.981678 -24.705832 -3.675613 402.655589 -0.164271 -0.805856 0.568868 0.986058 -0.118638 0.116680 -0.026538 0.580104 0.814110
10.310293 -23.518521 1438.815425 200.598492 -0.101407 -0.817750 0.566570 0.994060 -0.105907 0.025063 0.039509 0.565747 0.823632
