13709
27410
-38.520365 -61.362992 -2008.273265 10011.858436 0.209643 0.972525 0.101218 0.787049 -0.106418 -0.607642 0.580175 -0.207051 0.787735
-45.152911 -67.510803 317.609053 6504.878616 0.289390 0.956650 -0.032789 0.815393 -0.264312 -0.515047 0.501386 -0.122313 0.856535
-38.548777 -81.966616 -3110.441483 11567.999276 0.017314 0.975791 0.218017 0.881281 0.088101 -0.464308 0.472275 -0.200173 0.858421
-35.386757 -51.539246 -212.415854 5039.405802 0.526031 0.808347 -0.264324 0.584336 -0.569346 -0.578270 0.617934 -0.149734 0.771840
-25.365994 -67.683917 -5269.033408 14473.659898 0.153609 0.957431 0.244398 0.783445 0.032722 -0.620600 0.602178 -0.286802 0.745068
-28.706766 -45.594578 -1915.939768 6766.620703 0.402474 0.915186 -0.021213 0.653049 -0.303278 -0.693937 0.641515 -0.265438 0.719723
-40.313103 -59.333235 -766.555528 -1382.430730 0.311773 -0.284978 -0.906413 -0.613129 0.668425 -0.421048 0.725859 0.687019 0.033669
-41.244259 -62.561995 -30.382176 2852.543487 -0.210879 0.271276 0.939116 0.741197 -0.581983 0.334550 0.637305 0.766619 -0.078341
-41.339865 -63.110368 977.212728 2607.874673 -0.311843 0.191437 0.930648 0.685524 -0.632878 0.359891 0.657883 0.750212 0.066123
-41.154147 -57.664020 1125.959909 -1171.171746 0.219960 -0.385657 -0.896039 -0.632676 0.642758 -0.431953 0.742522 0.661914 -0.102615
-39.597841 -61.003058 -1121.869674 -1437.274068 0.387572 -0.209039 -0.897825 -0.571464 0.709744 -0.411937 0.723337 0.672730 0.155619
23.238764 -84.509543 -16967.494051 -2371.129757 0.346121 0.869692 -0.351905 0.938002 -0.328298 0.111234 -0.018790 -0.368588 -0.929403
-17.720185 -77.589863 -9390.034761 -684.721132 0.366643 0.879514 -0.303360 0.930225 -0.340974 0.135712 0.015923 -0.331951 -0.943162
11.024170 -86.504867 -15783.819776 1694.071491 0.441365 0.839358 -0.317293 0.877770 -0.330431 0.346894 0.186324 -0.431617 -0.882604
65.063175 -96.461220 -23495.013854 -3418.055254 0.350531 0.888051 -0.297479 0.933694 -0.306573 0.185010 0.073100 -0.342606 -0.936631
71.430472 -100.721553 -23006.893823 4052.208029 0.431499 0.869861 -0.239061 0.842453 -0.293785 0.451622 0.322616 -0.396272 -0.859585
25.758542 -46.311935 5322.025831 630.314689 -0.595450 0.803210 0.017131 0.656999 0.499109 -0.565015 0.462376 0.325183 0.824903
27.084352 -47.466449 -695.063745 682.169580 -0.585971 0.810149 0.017244 0.701393 0.517736 -0.489895 0.405816 0.274970 0.871611
19.269978 -47.029293 -888.448162 28.018425 -0.587641 0.809121 -0.000901 0.647129 0.469322 -0.600800 0.485697 0.353638 0.799399
31.161294 -47.692143 4936.662148 1720.707454 -0.583429 0.811320 0.037022 0.685809 0.516566 -0.512664 0.435059 0.273713 0.857791
26.689813 -45.074066 5924.151855 -575.398968 -0.612024 0.790551 0.021349 0.595366 0.478350 -0.645539 0.520544 0.382375 0.763429
33.810220 -46.132560 8503.547806 274.716580 -0.587423 0.807338 0.056033 0.634692 0.502548 -0.587037 0.502097 0.309275 0.807619
1.306016 -45.610519 688.881381 -497.429908 0.676624 0.719057 -0.158547 0.679006 -0.692606 -0.243409 0.284835 -0.057042 0.956878
1.812479 -46.732886 525.641401 -5086.126967 0.672786 0.723531 -0.154475 0.672033 -0.684976 -0.281389 0.309405 -0.085502 0.947079
3.184949 -46.497166 2032.627438 -646.353212 0.660000 0.730551 -0.175200 0.695237 -0.682309 -0.226055 0.284685 -0.027391 0.958230
70.193390 -38.975820 9754.832443 -4789.400302 -0.131835 0.814430 0.565087 0.644506 -0.362697 0.673099 -0.753147 -0.452940 0.477089
71.105699 -34.005698 20922.202462 -3806.802090 -0.020140 0.883996 0.467061 0.604691 -0.361257 0.709818 -0.796205 -0.296724 0.527268
48.387625 -39.726713 21452.012265 -2917.280411 0.007891 0.915793 0.401573 0.651404 -0.309396 0.692782 -0.758690 -0.256120 0.598992
62.320099 -42.499257 21712.747190 -673.211815 -0.005637 0.907016 0.421059 0.734377 -0.282035 0.617371 -0.678719 -0.312696 0.664502
4.832697 -75.443467 -537.336868 -1930.328105 0.578425 0.719972 -0.383491 0.796512 -0.397030 0.456000 0.176050 -0.569217 -0.803118
4.166938 -72.203459 569.542787 -3486.884475 0.554608 0.737069 -0.386185 0.825966 -0.431331 0.362952 0.100947 -0.520272 -0.848014
2.871603 -73.708593 697.175540 380.859083 0.564833 0.734830 -0.375484 0.781571 -0.330377 0.529148 0.264782 -0.592347 -0.760930
2.853191 -75.221272 -136.404364 2095.498839 0.584749 0.717742 -0.378041 0.754288 -0.309571 0.578977 0.298526 -0.623708 -0.722406
1.618971 -73.714785 145.489797 2990.097027 0.590592 0.718013 -0.368318 0.695123 -0.220825 0.684135 0.409884 -0.660071 -0.629524
-3.212437 -78.836428 2330.884347 5517.959201 0.011430 -0.984727 -0.173727 0.993976 0.030127 -0.105375 0.108999 -0.171476 0.979140
1.886362 -90.523539 4437.626384 4240.299856 0.056287 -0.977882 -0.201440 0.996185 0.041531 0.076748 -0.066685 -0.204992 0.976489
1.911812 -80.826421 3534.111446 3073.657602 -0.006945 -0.982305 -0.187160 0.994187 0.013328 -0.106842 0.107446 -0.186814 0.976502
-1.483039 -54.146395 1695.956564 1852.925218 0.215496 0.966798 -0.137343 -0.526504 0.233487 0.817482 -0.822408 0.103852 -0.559339
-1.662872 -59.701217 933.673327 6594.797446 0.200948 0.971078 -0.128945 -0.560158 0.221893 0.798114 -0.803643 0.088150 -0.588546
-3.925245 -48.144635 320.581002 2307.685934 0.167221 0.979354 -0.113591 -0.472876 0.180767 0.862387 -0.865116 0.090495 -0.493341
-4.340413 -52.857346 2549.134124 -2861.532077 0.232565 0.956416 -0.176586 -0.436136 0.264841 0.860026 -0.869310 0.122996 -0.478720
-8.289449 -49.773074 672.303317 -1288.658550 0.179858 0.971139 -0.156650 -0.379231 0.215391 0.899883 -0.907653 0.102445 -0.407026
-8.317102 -49.098511 -1578.536468 1760.498902 0.112535 0.986662 -0.117620 -0.383106 0.152303 0.911062 -0.916824 0.057465 -0.395136
4.773211 -40.656202 -804.598653 1310.908761 0.605686 0.708472 -0.362232 -0.292926 -0.224735 -0.929348 0.739824 -0.669000 -0.071412
10.930604 -39.661303 360.532632 81.332127 0.599421 0.724564 -0.340150 -0.354745 -0.140466 -0.924351 0.717531 -0.674742 -0.172837
7.323592 -42.003764 -2567.010589 968.926548 0.609648 0.672043 -0.420343 -0.372771 -0.224919 -0.900252 0.699551 -0.705528 -0.113397
18.373485 -40.427251 -2620.907306 1633.398412 -0.457228 0.882702 0.108538 0.609148 0.221911 0.761376 -0.647982 -0.414238 0.639160
17.860216 -34.707081 -147.348818 2517.437425 -0.453262 0.889752 0.053804 0.657443 0.292937 0.694231 -0.601932 -0.350042 0.717738
15.694709 -38.575453 -2699.261400 2575.003171 -0.473600 0.872485 0.120304 0.648138 0.252770 0.718348 -0.596339 -0.418183 0.685203
11.732998 -42.629959 -3289.407186 563.446879 -0.466601 0.870903 0.154311 0.582587 0.171357 0.794499 -0.665489 -0.460614 0.587332
16.704680 -41.433186 -1666.015595 -244.065290 -0.429038 0.895300 0.119849 0.540360 0.148065 0.828304 -0.723836 -0.420136 0.547310
-2.768866 -24.867824 8435.382611 -2551.900064 0.371263 0.909626 0.186399 0.845494 -0.248203 -0.472795 0.383801 -0.333131 0.861232
-19.040780 -22.759403 2328.068818 -1424.740057 0.808971 0.581913 -0.083331 0.466249 -0.721485 -0.511929 0.358020 -0.375282 0.854977
-18.682184 -27.288044 5005.447937 -3209.870670 0.476301 0.862974 0.168561 0.782531 -0.328607 -0.528832 0.400978 -0.383787 0.831820
-20.050126 -43.133107 -2616.150422 18.931417 0.455533 0.765780 -0.453949 0.022775 0.499738 0.865877 -0.889927 0.404775 -0.210206
-13.090885 -44.518799 -1000.289454 631.530823 0.427193 0.790741 -0.438446 -0.022550 0.494087 0.869120 -0.903879 0.361395 -0.228902
-14.564072 -45.404964 -1010.359249 -2337.444646 0.436370 0.816719 -0.377560 0.018390 0.411437 0.911253 -0.899579 0.404587 -0.164519
-6.656903 -182.615485 575.480929 -2781.619654 -0.389902 0.050132 -0.919491 0.616895 -0.727117 -0.301232 -0.683679 -0.684681 0.252578
-2.300510 -150.587043 1649.338262 -1312.291771 -0.341490 0.036325 -0.939183 0.731970 -0.616542 -0.289993 -0.589580 -0.786484 0.183954
-2.866723 -172.394200 1729.536988 5173.546003 -0.356142 0.035608 -0.933753 0.828363 -0.450383 -0.333120 -0.432409 -0.892125 0.130904
5.771013 -30.431994 5394.088508 -4732.999017 0.854679 -0.405163 0.324603 0.147024 0.788550 0.597137 -0.497904 -0.462636 0.733526
63.463985 -21.301364 -35452.109025 -902.344315 -0.666034 0.744255 0.049831 0.554371 0.449196 0.700640 -0.499071 -0.494274 0.711773
0.989245 -36.279940 4133.225930 -4158.744748 0.836184 -0.446194 0.318915 0.223829 0.808489 0.544284 -0.500696 -0.383740 0.775917
-4.676706 -43.574201 109.734314 -788.986208 0.853039 -0.220421 0.473010 0.022775 0.921277 0.388239 -0.521350 -0.320410 0.790905
-1.674914 -41.378451 71.733732 -3187.139895 0.850320 -0.174002 0.496668 -0.087574 0.883816 0.459565 -0.518928 -0.434273 0.736288
9.149830 -626.143794 6738.987535 149105.161830 -0.459348 -0.082003 -0.884463 -0.071682 0.995904 -0.055107 0.885359 0.038087 -0.463345
2.614634 -315.903342 6596.837570 -2481.018446 -0.466792 -0.064688 -0.881998 -0.428482 0.888987 0.161571 0.773633 0.453341 -0.442690
0.512517 -343.821288 3028.701115 18666.749908 -0.457390 0.041143 -0.888314 -0.194977 0.969983 0.145318 0.867628 0.239668 -0.435638
6.991567 -480.524229 -3736.314221 81925.287879 -0.445991 -0.014125 -0.894926 0.165431 0.981347 -0.097933 0.879616 -0.191726 -0.435336
4.727135 -419.958658 -3194.782430 12659.214975 -0.435276 0.105367 -0.894110 -0.051054 0.988641 0.141362 0.898848 0.107179 -0.424952
-10.532402 -438.356150 1370.369034 1558.800160 -0.416514 0.066773 -0.906674 -0.470356 0.837623 0.277763 0.777998 0.542152 -0.317475
0.930019 -28.219788 -7766.164370 4048.429573 -0.415374 -0.896251 -0.155558 0.865144 -0.336395 -0.371975 0.281054 -0.289089 0.915116
-16.448386 -36.047989 -4555.382699 4559.570544 -0.561073 -0.815978 -0.139202 0.792993 -0.481618 -0.373104 0.237402 -0.319724 0.917288
-14.354385 -25.584530 -4902.218181 1842.727230 -0.631536 -0.771735 -0.074748 0.715430 -0.542857 -0.439848 0.298868 -0.331256 0.894956
-0.366812 -38.692407 -7475.587428 5534.027033 -0.390986 -0.905307 -0.165979 0.893974 -0.330636 -0.302473 0.218953 -0.266644 0.938595
-11.105195 -36.752320 -1239.215522 2548.973340 -0.209913 0.739585 0.639492 -0.540730 0.457115 -0.706156 0.814584 0.494024 -0.303961
-11.186198 -41.084813 466.400628 1525.448572 -0.174492 0.709968 0.682275 -0.465587 0.551061 -0.692503 0.867630 0.438495 -0.234396
-9.844305 -36.549683 456.718542 2614.978815 -0.179633 0.715856 0.674746 -0.568230 0.484398 -0.665187 0.803024 0.502900 -0.319757
-8.696225 -29.401624 -1507.498566 2540.095557 -0.255150 0.772560 0.581420 -0.590105 0.351927 -0.726584 0.765947 0.528487 -0.366097
-13.146872 -30.097875 -2247.196037 2274.991057 -0.299355 0.780704 0.548533 -0.556564 0.324081 -0.764989 0.774999 0.534297 -0.337496
-21.947397 -47.786752 586.457242 835.861502 0.178545 0.656064 -0.733281 0.120221 0.725126 0.678040 0.976560 -0.209216 0.050595
-23.123972 -46.732056 219.896288 1246.852274 0.225486 0.676815 -0.700769 -0.001186 0.719484 0.694508 0.974246 -0.155771 0.163037
-24.038230 -49.569785 111.114653 1702.842005 0.246291 0.650462 -0.718498 0.093425 0.721949 0.685611 0.964683 -0.235985 0.117041
-13.267371 -32.220065 959.156158 -1129.182063 0.296844 0.854095 -0.427089 0.688022 -0.501439 -0.524580 0.662200 0.138128 0.736486
-14.810968 -35.876736 -433.118665 -501.372411 0.383294 0.831820 -0.401450 0.644550 -0.552206 -0.528794 0.661544 0.056071 0.747807
-13.889272 -34.195077 -501.188954 -1688.892633 0.410028 0.784322 -0.465527 0.597319 -0.616637 -0.512804 0.689265 0.067804 0.721329
-13.809250 -38.713731 -1095.848019 -1487.712241 0.474996 0.718634 -0.507882 0.485704 -0.695371 -0.529671 0.733806 -0.004911 0.679342
-13.613501 -33.523622 264.616919 -1451.265426 0.380563 0.779649 -0.497313 0.583945 -0.619600 -0.524504 0.717064 0.090797 0.691069
-1.679398 -248.422603 1726.151754 -19431.556438 0.307352 0.948545 0.076141 0.951570 -0.306944 -0.017301 0.006960 0.077772 -0.996947
-0.818471 -223.147095 -418.705402 33182.581123 0.273649 0.961399 0.028773 -0.924388 0.254614 0.284039 -0.265748 0.104325 -0.958381
1.073296 -215.158866 -576.856949 23976.167903 0.243776 0.969736 0.013617 -0.899387 0.220794 0.377297 -0.362872 0.104223 -0.925992
-0.222605 -108.199534 -5841.223330 4135.624338 -0.150056 0.965794 0.211483 0.912474 0.052936 0.405695 -0.380623 -0.253850 0.889206
-4.289692 -118.246156 -8112.769970 -1166.813622 -0.182147 0.957706 0.222761 0.771150 -0.001419 0.636652 -0.610041 -0.287746 0.738276
8.912198 -112.565427 -5547.514474 -812.687499 -0.128513 0.968500 0.213290 0.785707 -0.031795 0.617781 -0.605102 -0.246977 0.756871
-33.170420 -53.077105 -983.491334 -541.975785 0.193748 0.786303 -0.586676 0.498475 0.436160 0.749191 -0.844976 0.437597 0.307447
-33.258574 -53.521212 -2063.461808 -1048.745708 0.170204 0.668644 -0.723841 0.519369 0.563379 0.642542 -0.837429 0.485304 0.251383
-28.644214 -50.884482 -2695.743029 -1367.735020 0.184211 0.735148 -0.652399 0.413885 0.544023 0.729890 -0.891497 0.404471 0.204052
-33.836395 -53.185009 2700.354269 -1163.434290 -0.167126 -0.599613 0.782645 0.483061 0.642204 0.595169 -0.859489 0.477533 0.182321
-29.426145 -49.432643 885.364021 -1875.738492 0.249623 0.867862 -0.429540 0.360244 0.328515 0.873099 -0.898840 0.372685 0.230637
-26.695636 -44.864239 -1226.406327 -2631.303974 0.239834 0.866707 -0.437376 0.262150 0.375971 0.888776 -0.934750 0.327817 0.137037
-28.689383 -45.877428 -3523.426543 -2611.341019 0.207929 0.723921 -0.657802 0.326010 0.582759 0.744385 -0.922216 0.369230 0.114833
17.445041 -50.104774 -4712.508948 1194.508475 -0.488844 0.826879 0.278033 -0.738980 -0.561879 0.371754 -0.463616 0.023731 -0.885718
9.504940 -51.278616 -2659.848419 1076.542326 -0.482102 0.838665 0.253414 -0.751444 -0.544540 0.372569 -0.450455 0.010811 -0.892734
18.291572 -52.028397 -3445.042510 522.442517 -0.481396 0.825235 0.295371 -0.805431 -0.549415 0.222316 -0.345744 0.130879 -0.929156
25.331721 -49.561754 -4474.653447 2021.520571 -0.474397 0.817113 0.327528 -0.751832 -0.569613 0.332098 -0.457926 0.088701 -0.884554
25.520485 -52.565572 -2379.761352 1115.236282 -0.461793 0.804811 0.372863 -0.812325 -0.552551 0.186591 -0.356196 0.216720 -0.908932
-3.288423 -108.501413 3123.416011 -26042.244932 0.799109 -0.600717 -0.023748 -0.156412 -0.169602 -0.973021 -0.580483 -0.781264 0.229490
2.401053 -163.264992 3721.062638 -41607.195780 0.805433 -0.592677 -0.003547 -0.079171 -0.101656 -0.991664 -0.587376 -0.798999 0.128800
6.705774 -83.369274 3852.309972 -17081.235197 0.811950 -0.581957 0.045429 -0.137937 -0.266906 -0.953800 -0.567196 -0.768171 0.296988
-5.740846 -164.448107 2771.124556 -36494.342002 0.794901 -0.606016 -0.029617 -0.014478 0.029854 -0.999449 -0.606567 -0.794892 -0.014958
-0.054048 -65.833942 3469.035110 -9754.976784 0.812408 -0.579679 0.062967 -0.151853 -0.314599 -0.937000 -0.562968 -0.751665 0.343609
-7.956426 -86.569508 2198.139763 -13936.759702 0.788623 -0.614853 -0.005448 -0.196686 -0.243858 -0.949657 -0.582571 -0.749992 0.313245
-9.920430 -136.642269 1788.782515 -27168.379247 0.771541 -0.634597 -0.044847 -0.114855 -0.069611 -0.990940 -0.625726 -0.769702 0.126594
-5.316880 -70.901573 83.515988 7195.739073 -0.607802 0.789445 -0.085750 -0.251706 -0.089115 0.963692 -0.753140 -0.607318 -0.252872
-5.576938 -73.335643 25.233595 7066.567750 -0.627336 0.774609 -0.080187 -0.222799 -0.079861 0.971588 -0.746197 -0.627378 -0.222681
-5.408555 -69.163362 323.435127 1637.168913 -0.611232 0.787182 -0.082100 -0.182539 -0.039276 0.982414 -0.770114 -0.615469 -0.167698
-5.193600 -66.415326 31.133336 3056.403763 -0.598876 0.796167 -0.086404 -0.212137 -0.053674 0.975765 -0.772234 -0.602692 -0.201040
-5.453939 -67.743786 -275.680376 7842.808643 -0.592950 0.798331 -0.105252 -0.280888 -0.082562 0.956183 -0.754661 -0.596532 -0.273197
-4.571115 -65.738266 99.521265 -1260.816644 -0.603263 0.789959 -0.109724 -0.418013 -0.196013 0.887042 -0.679219 -0.580986 -0.448460
-13.532030 -95.619664 1374.714212 3720.171794 -0.553207 0.829914 0.072141 0.778122 0.545717 -0.310998 0.297470 0.115912 0.947669
-14.885038 -97.974053 349.169741 -2361.164834 -0.573062 0.811399 0.115031 0.810412 0.581948 -0.067591 0.121786 -0.054489 0.991060
-16.280101 -105.732245 419.265023 1505.732518 -0.536948 0.834427 0.124175 0.791053 0.549153 -0.269567 0.293125 0.046514 0.954942
-12.019273 -93.379657 1708.614209 -726.507325 -0.587681 0.806976 0.058489 0.799891 0.590348 -0.107999 0.121681 0.016684 0.992429
-15.814269 -100.380876 826.860228 3901.415094 -0.528614 0.843465 0.095572 0.728009 0.508373 -0.459955 0.436542 0.173561 0.882784
-8.606835 -90.810725 1829.304696 1369.215487 -0.566981 0.823205 0.029418 0.791057 0.554103 -0.259229 0.229700 0.123706 0.965368
-8.402050 -91.781053 1610.777721 3007.658277 -0.539861 0.841292 0.027899 0.741953 0.491246 -0.456271 0.397562 0.225623 0.889404
-12.716030 -94.454906 1530.341063 3055.210195 -0.530752 0.845692 0.055745 0.720732 0.484978 -0.495320 0.445923 0.222715 0.866920
-13.383304 -85.033697 -93.031463 -836.514539 -0.501992 0.864053 -0.037641 0.248685 0.102521 -0.963143 0.828348 0.492851 0.266342
-12.182359 -88.244239 -716.254411 1907.081399 -0.486648 0.873250 -0.024665 0.430336 0.215057 -0.876676 0.760253 0.437247 0.480448
-12.956066 -84.752109 51.230892 1685.614895 -0.478729 0.877451 -0.029977 0.357372 0.163564 -0.919528 0.801938 0.450917 0.391879
-13.339877 -83.494051 162.063513 -782.871187 -0.485350 0.873748 -0.031623 0.202882 0.077368 -0.976142 0.850456 0.480186 0.214818
-13.038268 -87.502048 -557.397643 -2159.654000 -0.496500 0.867733 -0.022978 0.051098 0.002791 -0.998690 0.866532 0.497023 0.045725
-13.576241 -81.978314 -398.378646 -1528.203053 -0.533988 0.844637 -0.038019 0.196656 0.080343 -0.977175 0.822304 0.529277 0.209005
-14.656126 -87.246974 883.360398 -2035.809631 -0.494343 0.869158 -0.013795 0.048438 0.011697 -0.998758 0.867916 0.494397 0.047883
-14.521265 -46.878995 -395.101126 -2046.965701 -0.445875 0.893256 0.057353 0.414778 0.149409 0.897572 -0.793192 -0.423994 0.437121
-14.512280 -47.326176 180.168704 -2086.268966 -0.440334 0.897751 0.012192 0.385281 0.176674 0.905729 -0.810965 -0.403521 0.423682
-13.025905 -41.568378 -494.730634 -655.120223 -0.440870 0.893936 0.080701 0.329070 0.077329 0.941134 -0.835073 -0.441474 0.328259
-15.635527 -52.136907 -136.031583 -2905.427388 -0.460961 0.887335 0.012327 0.483604 0.239531 0.841874 -0.744072 -0.394032 0.539533
-12.515605 -44.802413 -1173.744471 -2013.030088 -0.450439 0.884296 0.122985 0.418793 0.087619 0.903845 -0.788490 -0.458633 0.409803
-14.511532 -49.310743 -879.353739 -2825.301410 -0.456927 0.886270 0.075787 0.487127 0.178032 0.854992 -0.744261 -0.427587 0.513074
-2.385505 -22.932751 -1766.749547 1020.854876 0.031561 -0.224313 -0.974006 -0.571279 0.795578 -0.201733 0.820149 0.562796 -0.103036
1.762901 -24.173754 -1389.836180 990.666390 -0.031146 -0.137838 -0.989965 -0.525198 0.844950 -0.101123 0.850410 0.516778 -0.098709
-5.216908 -26.828704 -2526.456761 1314.275546 0.037308 -0.238101 -0.970524 -0.515185 0.827603 -0.222842 0.856267 0.508313 -0.091790
2.318140 -28.857816 -2021.881211 1064.912115 -0.023832 -0.122668 -0.992162 -0.445239 0.889885 -0.099328 0.895094 0.439382 -0.075824
-44.194496 -46.840802 6839.878713 -281.130139 0.287936 0.784929 0.548615 0.227266 -0.612519 0.757080 -0.930292 0.093309 0.354754
-27.633254 -40.157976 5155.021264 1563.744312 0.291917 0.896537 0.333174 0.305893 -0.417565 0.855610 -0.906208 0.147852 0.396139
-29.199497 -46.873306 6479.614027 2835.892003 0.204344 0.976691 0.065716 0.274153 -0.121546 0.953974 -0.939725 0.176923 0.292600
-45.418741 -55.083280 6467.575566 4071.889996 0.054786 0.965583 -0.254261 0.224728 0.236187 0.945364 -0.972880 0.108933 0.204054
-52.360964 -59.407382 1642.313080 8020.273540 0.261132 -0.344867 0.901597 0.101022 0.938638 0.329776 -0.960002 0.004966 0.279948
-0.168075 -241.513618 2054.618916 30174.229760 -0.495113 0.852935 -0.165424 0.242780 0.318635 0.916259 -0.834219 -0.413490 0.364836
-3.988408 -248.125941 895.328315 25866.431314 -0.518010 0.840391 -0.159403 0.025468 0.201426 0.979173 -0.854995 -0.503161 0.125744
-0.476630 -211.226162 1339.567959 26685.227813 -0.513409 0.834807 -0.198766 0.299089 0.391172 0.870362 -0.804336 -0.387403 0.450513
0.985320 -195.046807 2392.771330 13842.996313 -0.501016 0.836094 -0.223450 0.468717 0.479195 0.742076 -0.727521 -0.267057 0.631976
-4.038416 -57.092619 -432.334569 5622.884317 0.475226 -0.085170 0.875732 0.795401 -0.383928 -0.468973 0.376160 0.919427 -0.114709
13.474647 -72.177486 -1066.870268 8042.415693 0.507567 -0.084343 0.857474 0.827420 -0.229862 -0.512386 0.240317 0.969562 -0.046883
5.569794 -63.894847 -1805.871985 5940.567138 0.376494 -0.027333 0.926016 0.874030 -0.320891 -0.364830 0.307122 0.946722 -0.096924
4.935111 -191.175930 110.574280 -5037.002799 -0.537888 0.824645 -0.175034 0.596055 0.518853 0.612789 -0.596151 -0.225282 0.770618
3.775607 -221.092948 210.868963 -8704.972234 -0.536236 0.832029 -0.142054 0.567595 0.480012 0.668898 -0.624730 -0.278058 0.729655
3.083211 -223.804527 301.895984 27635.489390 -0.508058 0.850749 -0.134545 0.445969 0.393468 0.803924 -0.736877 -0.348437 0.579313
5.100343 -199.370853 -302.172753 -981.668156 -0.549819 0.816114 -0.177922 0.602632 0.535071 0.592059 -0.578389 -0.218304 0.786009
8.486943 -253.620265 -1468.784463 -32890.421321 -0.598783 0.778853 -0.186673 0.703330 0.622841 0.342633 -0.383128 -0.073870 0.920737
39.014702 -318.019229 -6675.189195 96051.597248 0.287897 -0.478189 0.829729 -0.379236 0.738655 0.557288 -0.879372 -0.475105 0.031310
-69.308379 -394.720223 -18804.634894 86192.241378 -0.409532 0.751752 -0.516868 -0.628020 0.178636 0.757417 -0.661721 -0.634790 -0.398958
-9.242774 -1547.933033 -8103.214124 478655.577877 -0.482696 0.670176 -0.563799 -0.471397 0.343736 0.812177 -0.738099 -0.657807 -0.149999
-8.269737 -15.302632 2083.677662 439.474553 0.570574 0.441027 0.692778 -0.150802 0.885489 -0.439508 -0.807282 0.146299 0.571745
-14.652440 -22.808872 1791.665700 1721.819660 0.548294 0.403818 0.732328 -0.128542 0.905980 -0.403333 -0.826348 0.127010 0.548651
-2.287007 -22.479715 4129.446185 4038.665195 0.585953 -0.069636 0.807347 0.112518 0.993642 0.004043 -0.802495 0.088472 0.590062
-7.982878 -22.001717 1973.387429 2131.807491 0.353940 0.894553 0.272949 0.418146 -0.412401 0.809370 -0.836589 0.172336 0.520019
-0.313369 -9.461957 3514.881080 2909.970340 0.610967 0.019610 0.791413 0.105239 0.988809 -0.105745 -0.784630 0.147894 0.602065
-2.737574 -11.482732 2522.108887 2566.147101 0.463852 0.781884 0.416531 0.379016 -0.600115 0.704421 -0.800742 0.168876 0.574711
8.222007 -34.040218 -2990.372664 -1811.590596 -0.654592 0.753000 0.067085 0.699435 0.569565 0.431725 0.286880 0.329526 -0.899507
6.563876 -34.099859 320.663666 -2303.864784 -0.606428 0.773612 0.183767 0.751182 0.481614 0.451413 0.260714 0.411792 -0.873187
12.951343 -30.345026 -836.229209 -1777.512697 -0.617010 0.773656 0.144066 0.751669 0.525181 0.398973 0.233007 0.354460 -0.905575
13.483389 -32.359572 -4007.332938 -800.217656 -0.626409 0.775982 0.073914 0.740208 0.562433 0.368458 0.244345 0.285518 -0.926701
5.082024 -37.888295 -3212.029264 -1188.635985 -0.676007 0.736324 0.029005 0.684735 0.613126 0.393973 0.272308 0.286189 -0.918664
-14.143355 -35.271299 -1512.968155 -791.426128 -0.569760 0.808515 0.147229 0.751786 0.440416 0.490767 0.331951 0.390304 -0.858762
-14.538184 -35.639574 -1347.584533 -457.558294 -0.530743 0.825727 0.191015 0.805695 0.421626 0.416038 0.262997 0.374709 -0.889059
-16.076162 -36.685513 -705.834483 -449.368383 -0.625451 0.766698 0.144859 0.703729 0.474108 0.529139 0.337011 0.432892 -0.836079
-15.372208 -34.935102 -1527.780335 236.430897 -0.634430 0.766675 0.098532 0.662703 0.473865 0.579894 0.397899 0.433200 -0.808712
-15.577556 -35.554079 608.746822 590.252576 0.686849 -0.723388 -0.070347 0.582230 0.489709 0.648994 0.435025 0.486719 -0.757534
-13.402582 -31.080932 1946.040318 -199.887778 -0.200718 0.940462 0.274304 -0.867503 -0.040544 -0.495778 0.455139 0.337471 -0.823992
-8.929714 -30.714081 1954.068009 -526.343673 -0.296816 0.924455 0.239339 -0.874771 -0.162702 -0.456403 0.382983 0.344835 -0.856979
-7.133036 -29.646534 1144.131564 -309.236605 -0.309565 0.921014 0.236438 -0.849210 -0.155915 -0.504512 0.427798 0.356965 -0.830400
-6.126010 -28.532579 337.842090 -258.893486 -0.376240 0.903124 0.206907 -0.802087 -0.205700 -0.560664 0.463788 0.376902 -0.801777
-6.693842 -28.928260 447.395025 -62.231436 -0.300797 0.922626 0.241416 -0.816585 -0.118399 -0.564952 0.492657 0.367073 -0.789017
-9.298649 -29.767143 1518.048620 29.778730 -0.234722 0.931465 0.277989 -0.832447 -0.044947 -0.552279 0.501934 0.361043 -0.785945
-128.982543 -2419.979029 5755.902422 -101646.980628 0.785779 0.261873 0.560334 -0.325090 0.945580 0.013967 -0.526183 -0.193134 0.828149
-100.003869 -884.629879 31844.916255 263681.388520 0.738770 0.319430 0.593451 0.133477 0.793758 -0.593408 -0.660608 0.517604 0.543767
428.478783 -23352.635514 -122752.621953 -10100424.371917 0.741571 0.331007 0.583530 -0.333807 0.936544 -0.107040 -0.581933 -0.115408 0.805006
-45.907697 -562.611679 10662.244972 105076.340363 -0.399313 0.915849 0.042060 0.328940 0.185939 -0.925864 0.855773 0.355875 0.375508
-10.423753 -728.811049 2655.537247 195159.594150 -0.420235 0.907376 0.008461 0.191252 0.097682 -0.976668 0.887032 0.408812 0.214587
-6.546768 -696.276454 5487.049393 -216548.206458 -0.410515 0.911715 0.015919 0.703843 0.327920 -0.630137 0.579725 0.247477 0.776320
-40.349360 -619.227768 10663.047039 -167621.278999 -0.374272 0.927201 -0.014763 0.822065 0.324382 -0.467960 0.429104 0.187281 0.883627
-53.912865 -79.798053 362.362470 3364.912867 0.081567 0.994288 0.068835 0.941691 -0.054263 -0.332075 0.326443 -0.091907 0.940738
-47.868863 -73.669861 -122.197463 4730.792964 0.345055 0.929020 -0.133639 0.838356 -0.369088 -0.401165 0.422015 -0.026387 0.906205
-42.531031 -63.605378 37.909461 6291.673370 0.476933 0.833576 -0.278721 0.682269 -0.551026 -0.480499 0.554115 -0.039003 0.831526
-40.994306 -66.077544 719.304137 1056.432462 -0.261706 0.165580 0.950838 0.795626 -0.520666 0.309655 0.546342 0.837550 0.004521
-41.690486 -60.501763 -1041.499409 3556.895144 -0.184673 0.382519 0.905304 0.722497 -0.571619 0.388909 0.666254 0.725900 -0.170806
-42.745715 -64.297558 -28.474943 1694.617212 -0.163533 0.340335 0.925975 0.819698 -0.475412 0.319498 0.548956 0.811268 -0.201226
-41.257679 -65.413510 323.251735 685.970402 -0.169792 0.232055 0.957769 0.851254 -0.455137 0.261184 0.496525 0.859651 -0.120259
-86.592440 -373.272377 26508.181172 -141848.725306 -0.574289 -0.762218 -0.298689 0.657649 -0.212258 -0.722803 0.487534 -0.611530 0.623170
-142.758791 -415.086709 -33692.480147 -148787.768743 0.662158 0.738798 0.125396 0.540894 -0.355395 -0.762318 0.518634 -0.572600 0.634939
-91.684513 -232.552030 -26782.583270 -73700.623343 0.595637 0.801467 0.053545 0.413052 -0.248437 -0.876166 0.688916 -0.543994 0.479026
25.625478 -46.643421 -4938.788052 352.978827 -0.577261 0.816279 -0.021420 0.701510 0.482331 -0.524634 0.417916 0.317877 0.851058
30.002414 -47.796889 -5100.970697 -595.990198 -0.572084 0.819899 -0.022044 0.750466 0.512415 -0.417409 0.330938 0.255336 0.908451
25.365002 -47.324541 3429.267538 -50.194086 -0.579894 0.813786 0.038403 0.738437 0.544944 -0.397175 0.344143 0.201961 0.916939
10.270131 -5.717024 946.887895 -2582.452292 -0.022542 0.928070 -0.371723 0.505029 0.331459 0.796920 -0.862808 0.169767 0.476174
5.416405 -11.793409 3072.865079 -1825.270234 0.120457 0.957614 -0.261660 0.526027 0.161962 0.834903 -0.841894 0.238210 0.484221
10.416029 -10.635332 1372.372342 -1074.251058 0.056902 0.964541 -0.257725 0.554258 0.184191 0.811709 -0.830398 0.189034 0.524124
12.462205 -6.788516 -1144.083399 -1827.372888 -0.019538 0.966255 -0.256846 0.538452 0.226627 0.811609 -0.842430 0.122442 0.524710
4.798779 -72.110491 186.523283 -3979.802909 0.550763 0.739819 -0.386430 0.833170 -0.459639 0.307507 0.049881 -0.491325 -0.869547
-3.301513 -93.429167 5004.822826 6842.185799 0.109317 -0.972364 -0.206296 0.986462 0.080602 0.142816 -0.122242 -0.219115 0.968011
0.701478 -65.781046 1404.940336 5855.998914 0.247724 0.952318 -0.178110 -0.615035 0.296626 0.730578 -0.748575 0.071438 -0.659191
7.395078 -42.477250 -2409.180019 583.196356 0.605833 0.683217 -0.407654 -0.449683 -0.128632 -0.883877 0.656317 -0.718797 -0.229302
11.536118 -42.723889 2557.378281 -600.511472 0.562322 0.767800 -0.307046 -0.420696 -0.054039 -0.905591 0.711905 -0.638406 -0.292624
18.513237 -26.364471 1047.945467 2904.884213 -0.462943 0.886333 0.009854 0.700570 0.359061 0.616666 -0.543033 -0.292385 0.787163
18.522432 -32.658583 -2145.895775 3655.350803 -0.478542 0.873991 0.084480 0.691418 0.315768 0.649793 -0.541238 -0.369364 0.755402
-10.565217 -21.771199 6909.867893 -281.253631 0.506155 0.853819 0.121653 0.791071 -0.403440 -0.459829 0.343531 -0.328981 0.879635
-18.316489 -28.595658 169.906724 -4427.385367 0.949509 0.132828 -0.284235 0.008521 -0.916541 -0.399851 0.313624 -0.377240 0.871395
-18.551377 -31.711037 -999.761254 -3207.568552 0.920987 -0.057914 -0.385266 -0.213427 -0.902302 -0.374567 0.325933 -0.427197 0.843368
-10.270757 -145.807053 -452.719549 2221.977950 -0.438290 -0.099157 -0.893347 0.252278 0.940374 -0.228149 0.862704 -0.325367 -0.387142
-9.539573 -145.370800 -597.311875 -9574.987969 -0.428689 -0.043287 -0.902415 0.081812 0.992888 -0.086492 0.899740 -0.110907 -0.422098
-11.168293 -169.988960 -1244.651195 -3700.532940 -0.408244 -0.067795 -0.910352 0.146090 0.979534 -0.138460 0.901107 -0.189519 -0.389985
-9.046937 -149.620800 714.899224 -1822.071431 -0.473785 -0.081638 -0.876848 0.189862 0.962808 -0.192229 0.859930 -0.257556 -0.440664
-9.812377 -189.854460 -108.388556 12704.590080 -0.442924 -0.136331 -0.886133 0.387527 0.862162 -0.326344 0.808481 -0.487946 -0.329040
-9.092221 -167.970161 584.119527 12396.462135 -0.488674 -0.130727 -0.862617 0.382164 0.856740 -0.346333 0.784314 -0.498905 -0.368708
153.814654 -28.180430 -60856.380696 -3775.440950 -0.513151 0.843696 0.157649 0.653221 0.264751 0.709373 -0.556757 -0.466995 0.686977
340.036444 -23.468093 -131409.984592 1085.569107 -0.548653 0.821184 0.156961 0.642807 0.294293 0.707241 -0.534583 -0.488926 0.689328
1.525986 -314.510292 599.702874 -16328.810801 -0.435225 -0.087460 -0.896063 -0.418671 0.900772 0.115432 0.797053 0.425395 -0.428656
-1.126407 -425.492646 -2440.640242 86768.096072 0.438677 0.056840 0.896846 0.702047 -0.644672 -0.302536 0.560975 0.762343 -0.322707
-11.562324 -306.930008 -6219.961557 -8703.490016 0.466052 0.037962 0.883942 0.714706 -0.605069 -0.350838 0.521527 0.795268 -0.309125
-11.261381 -42.115643 1845.169088 2320.524939 -0.142399 0.676337 0.722697 -0.525594 0.567028 -0.634216 0.838733 0.470157 -0.274735
-14.849387 -42.432444 1699.165629 95.425412 -0.119223 0.677409 0.725881 -0.433759 0.622100 -0.651801 0.893106 0.392568 -0.219663
-21.919678 -47.092648 294.903740 -41.751930 0.124989 0.675301 -0.726874 0.169373 0.707343 0.686279 0.977594 -0.208890 -0.025967
-23.481148 -46.755881 -1188.778106 319.397066 0.078598 0.657150 -0.749651 0.214462 0.723225 0.656469 0.973565 -0.212369 -0.084090
-22.256986 -45.344568 68.583670 723.786757 0.092445 0.695842 -0.712220 0.076769 0.708173 0.701852 0.992754 -0.119559 0.012049
-13.240943 -38.682031 1113.390642 1879.345787 0.268198 0.887643 -0.374380 0.743915 -0.437743 -0.504947 0.612095 0.143081 0.777732
-17.195539 -41.483187 712.382098 1611.535419 0.378794 0.849570 -0.367078 0.685977 -0.523987 -0.504850 0.621249 0.060573 0.781268
-16.034886 -40.298349 119.743862 -1202.741499 0.459662 0.763542 -0.453558 0.551995 -0.645711 -0.527598 0.695710 0.007845 0.718280
11.732848 -1346.369647 8725.488433 516293.412476 -0.072263 0.013891 -0.997289 0.312915 0.949734 -0.009445 0.947028 -0.312749 -0.072978
31.879406 -2117.449304 1477.270293 672003.081028 -0.022833 0.118906 -0.992643 -0.146104 0.981845 0.120973 0.989006 0.147792 -0.005046
5.483609 -1860.239933 6783.051817 779186.868577 0.004513 0.021196 -0.999765 0.394077 0.918831 0.021259 0.919066 -0.394081 -0.004206
13.325570 -2366.586843 22364.183359 996019.487094 -0.048937 0.091553 -0.994597 0.206256 0.975253 0.079624 0.977274 -0.201245 -0.066610
-12.443617 -1202.524361 2579.251761 -393980.451275 -0.005138 0.058086 -0.998298 0.861801 0.506629 0.025043 0.507221 -0.860205 -0.052662
11.300309 -876.999079 1491.456650 -233903.636574 0.035090 0.028261 -0.998984 0.868588 0.493535 0.044472 0.494290 -0.869267 -0.007229
-11.245397 -977.306237 4238.114004 -299037.160224 -0.101417 -0.010334 -0.994790 0.968667 0.226850 -0.101110 0.226713 -0.973875 -0.012997
-39.629775 -56.051873 977.209364 -595.194866 -0.088571 -0.499076 0.862020 0.640841 0.633976 0.432893 -0.762547 0.590760 0.263677
12.416316 -48.559756 -3910.046263 882.986973 -0.479629 0.837496 0.261834 -0.682718 -0.543628 0.488227 -0.551228 -0.055409 -0.832513
4.241770 -49.862642 -1665.774757 770.653239 -0.465585 0.848461 0.251684 -0.698899 -0.526962 0.483583 -0.542929 -0.049247 -0.838333
3.722932 -50.566542 104.579863 1080.948750 -0.443451 0.859799 0.253175 -0.739897 -0.510586 0.438013 -0.505870 -0.006914 -0.862582
6.955808 -51.481370 321.431814 138.643510 -0.436815 0.866047 0.243218 -0.805423 -0.496950 0.323009 -0.400608 0.054798 -0.914609
12.491146 -90.892707 3344.316429 -21184.697190 0.792818 -0.607159 0.052892 -0.104885 -0.221416 -0.969523 -0.600365 -0.763108 0.239224
6.210931 -186.702201 2558.517714 -48410.522799 0.776870 -0.629613 0.007764 -0.018131 -0.034694 -0.999233 -0.629400 -0.776134 0.038369
-2.045192 -205.535197 1557.660091 -35491.298177 0.785734 -0.618243 -0.019931 0.136530 0.204765 -0.969242 -0.603308 -0.758846 -0.245300
-10.447232 -48.024422 -448.752796 -1666.854706 -0.515432 0.856438 -0.029056 -0.114180 -0.035033 0.992842 -0.849289 -0.515061 -0.115846
-11.282988 -49.623894 -90.735557 -2734.299606 -0.494250 0.868086 -0.046295 -0.221873 -0.074476 0.972227 -0.840529 -0.490795 -0.229415
-9.267034 -49.715024 -662.595202 -5208.565331 -0.527974 0.847689 -0.051639 -0.238434 -0.089598 0.967017 -0.815103 -0.522872 -0.249424
-12.406671 -47.282345 -865.969035 883.202872 -0.488698 0.872095 -0.024999 -0.043240 0.004409 0.999055 -0.871381 -0.489317 -0.035555
-8.074765 -51.312590 -236.609061 -3570.596834 -0.542169 0.838537 -0.053930 -0.199767 -0.066289 0.977599 -0.816177 -0.540797 -0.203452
-9.134023 -49.490803 -434.865195 1992.261559 -0.536245 0.843988 -0.011234 -0.011735 0.005853 0.999914 -0.843981 -0.536330 -0.006766
-10.850048 -50.501882 -485.857964 3622.552833 -0.509029 0.860570 -0.017589 0.046006 0.047606 0.997806 -0.859519 -0.507103 0.063825
-5.696217 -72.771034 -61.244847 3595.777378 -0.649271 0.757325 -0.070043 -0.172164 -0.056645 0.983438 -0.740815 -0.650577 -0.167162
-5.056600 -71.100791 -239.014536 -56.840887 -0.651481 0.754240 -0.081821 -0.341560 -0.195293 0.919346 -0.677428 -0.626883 -0.384848
-6.226505 -73.334765 104.707089 1386.962961 -0.661735 0.746182 -0.072938 -0.284125 -0.159558 0.945417 -0.693815 -0.646339 -0.317594
-5.307306 -70.638985 342.363843 5008.615404 0.668122 -0.738084 0.094048 0.438425 0.288401 -0.851239 -0.601162 -0.609965 -0.516282
-4.582897 -72.172454 314.747402 -5734.159982 -0.631979 0.767309 -0.108813 -0.511402 -0.307407 0.802477 -0.582298 -0.562795 -0.586678
-8.782538 -103.290148 -134.356542 2850.763402 -0.525014 0.850542 -0.030640 0.704311 0.413976 -0.576689 0.477814 0.324350 0.816389
-11.329838 -95.152356 -890.734611 3028.162838 -0.490714 0.870884 -0.027568 0.583487 0.304949 -0.752695 0.647104 0.385443 0.657792
-10.421255 -93.452400 -376.087704 4383.244823 -0.538443 0.842182 -0.028421 0.589744 0.352528 -0.726585 0.601898 0.407986 0.686489
-10.064114 -92.862296 976.341208 5889.109969 -0.585321 0.809710 -0.042070 0.550874 0.359070 -0.753397 0.594926 0.464154 0.656219
-8.296631 -98.818782 1062.038850 4572.499569 -0.574643 0.816781 -0.051528 0.666305 0.430359 -0.608957 0.475209 0.384266 0.791527
-12.793241 -52.505250 1154.134796 -2845.666667 -0.431719 0.902008 0.000421 0.472989 0.225985 0.851594 -0.768049 -0.367849 0.524202
11.129415 -50.824830 -222.879513 847.993420 -0.393036 0.901564 0.180843 -0.403420 0.007664 -0.914983 0.826302 0.432577 -0.360696
13.505476 -43.196531 -874.035128 -4019.980952 -0.399415 0.899821 0.175471 -0.271680 0.066627 -0.960078 0.875590 0.431142 -0.217852
11.656797 -51.251630 -701.187281 -69.556467 -0.408503 0.891265 0.196905 -0.416658 0.009854 -0.909010 0.812109 0.453376 -0.367327
16.705644 -41.680652 -1795.918249 -3804.296260 -0.452023 0.878296 0.155794 -0.298662 0.015555 -0.954232 0.840521 0.477865 -0.255283
11.214709 -50.849013 244.031837 1210.570669 -0.405838 0.892765 0.195618 -0.493022 -0.033630 -0.869367 0.769561 0.449266 -0.453801
13.349328 -49.383996 -845.976715 -1046.764312 -0.433046 0.878505 0.201742 -0.436811 -0.008753 -0.899511 0.788459 0.477653 -0.387531
12.431865 -50.399418 107.373757 751.422285 -0.425671 0.878810 0.215634 -0.535876 -0.052804 -0.842644 0.729137 0.474242 -0.493410
-14.586856 -35.077679 3818.419436 1831.140530 0.291671 0.936751 0.193456 0.350582 -0.292869 0.889562 -0.889955 0.191637 0.413829
-14.602892 -41.516181 4695.011743 2232.166450 0.251011 0.964806 0.078374 0.294036 -0.153137 0.943447 -0.922245 0.213771 0.322127
2.026096 -229.620961 -715.695305 -27633.897283 0.662369 -0.708217 0.244328 0.745810 0.592454 -0.304573 0.070951 0.383962 0.920619
4.016835 -273.167100 -1643.679691 -31341.434118 0.640252 -0.729832 0.239631 0.768132 0.611197 -0.190818 -0.007197 0.306240 0.951927
2.282995 -213.805769 1959.806964 -30540.031275 -0.617457 0.742079 -0.260894 0.756490 0.651099 0.061585 -0.215569 0.159338 0.963401
3.906251 -250.411876 -1484.149722 -3755.451541 0.675297 -0.707907 0.206983 -0.647238 -0.434238 0.626515 0.353635 0.557050 0.751424
-0.189201 -197.725866 -1339.160316 -21778.663814 0.637674 -0.727071 0.254438 0.754292 0.656373 -0.014788 -0.156254 0.201350 0.966976
-0.525904 -212.189776 -1062.854436 -20953.781475 0.672978 -0.700431 0.237688 0.730775 0.579963 -0.360016 0.114316 0.415980 0.902160
2.312170 -109.502901 -3031.457118 -7442.843158 -0.571242 0.777119 -0.264137 -0.677989 -0.628143 -0.381795 0.462616 0.039015 -0.885700
12.873614 -105.998371 -7483.880134 -11163.279820 -0.546558 0.785320 -0.290770 -0.684954 -0.618995 -0.384295 0.481780 0.010875 -0.876225
7.943828 -109.788103 -5620.081667 -12707.604824 -0.558440 0.786581 -0.263506 -0.758335 -0.612825 -0.222204 0.336264 -0.075738 -0.938717
-0.278615 -111.629935 -1248.980779 -4495.751041 -0.576721 0.786964 -0.219272 -0.777464 -0.611140 -0.148518 0.250884 -0.084822 -0.964294
-6.321855 -116.416779 284.909020 -5349.337514 -0.597082 0.771453 -0.219894 -0.701453 -0.635097 -0.323442 0.389175 0.038876 -0.920343
-2.198242 -121.929613 -2474.457727 2339.648137 -0.600585 0.750298 -0.276318 -0.562877 -0.642193 -0.520345 0.567862 0.156978 -0.808016
-10.170330 -45.444181 1964.356715 2488.214979 0.197153 0.027506 0.979987 0.805065 -0.574983 -0.145823 0.559465 0.817703 -0.135504
-11.284028 -40.802683 2271.823563 1308.789299 0.151966 0.047694 0.987234 0.750358 -0.655695 -0.083826 0.643327 0.753518 -0.135431
-15.454458 -40.566162 1396.052087 2253.322609 0.282308 0.012968 0.959236 0.758800 -0.614813 -0.215006 0.586963 0.788566 -0.183407
-10.859065 -45.420543 106.947946 3423.804815 0.354625 -0.032331 0.934449 0.789794 -0.524575 -0.317878 0.500466 0.850750 -0.160493
81.320163 -267.458793 -67505.210106 -46075.559186 0.838632 0.185969 0.511969 -0.544598 0.304306 0.781544 0.010452 0.934245 -0.356479
39.603260 -1071.014068 11220.130484 332479.825648 -0.487727 0.857269 0.164962 -0.305143 -0.344449 0.887831 -0.817930 -0.382682 -0.429586
-54.428056 -2949.445309 10027.906007 -463874.956385 -0.642906 0.765944 0.001406 -0.677938 -0.568182 -0.466443 0.356470 0.300832 -0.884550
53.472622 -269.377908 -37820.664362 152253.176571 0.839627 -0.543123 -0.006667 -0.097799 -0.163241 0.981727 0.534287 0.823632 0.190178
114.294803 -3.701215 26872.965593 142104.880983 0.597329 -0.463753 0.654317 0.376275 0.882546 0.282009 -0.708248 0.077751 0.701669
-12.553117 -32.805799 3752.049619 4412.753420 0.574558 0.059550 0.816295 0.012933 0.996565 -0.081804 -0.818362 0.057559 0.571813
-15.588121 -28.908844 2690.855110 1817.985662 0.372021 0.853797 0.364186 0.358880 -0.494138 0.791854 -0.856040 0.163887 0.490241
-0.694082 -37.891864 1299.933945 -2423.200878 -0.526997 0.809349 0.259285 0.789711 0.353608 0.501316 0.314054 0.468952 -0.825502
