11528
23041
-31.799615 -44.596657 -12.332114 -1956.044610 -0.120360 -0.586945 -0.800630 0.150286 0.786425 -0.599124 0.981289 -0.192434 -0.006444
-24.367345 -44.774623 -1041.558704 -3578.023940 0.024638 -0.383103 -0.923377 0.282871 0.888582 -0.361119 0.958842 -0.252299 0.130262
-25.793880 -35.400195 253.275979 -2028.450051 0.168698 0.732361 0.659688 0.293334 0.601653 -0.742946 0.941008 -0.318842 0.113329
-18.935757 -31.129413 -1173.174316 -2355.293618 -0.023738 -0.639591 -0.768348 0.418586 0.691593 -0.588630 0.907867 -0.335592 0.251307
-27.683292 -40.354089 96.534539 -1875.592355 0.276596 0.785599 0.553470 0.144200 0.535489 -0.832141 0.950106 -0.309977 -0.034831
-20.156928 -28.358951 408.174002 -1200.030048 0.320873 0.886632 0.333054 0.295066 0.240567 -0.924696 0.899987 -0.394983 0.184424
-24.138848 -33.824062 -63.238259 -1426.555857 0.405191 0.882373 0.239246 0.136388 0.200421 -0.970170 0.904001 -0.425735 0.039137
-7.847542 -22.129248 -1799.252287 265.644857 0.246148 0.910228 0.333012 0.766021 0.027807 -0.642214 0.593821 -0.413174 0.690409
-8.687605 -23.153832 -1559.884374 -871.202958 0.279729 0.906674 0.315745 0.702967 0.030570 -0.710566 0.653903 -0.420724 0.628810
-14.498323 -27.771845 -1304.471819 -746.465141 0.100492 0.893520 0.437635 0.732340 0.231317 -0.640445 0.673483 -0.384857 0.631115
0.598392 -25.702320 -2556.916782 2612.034940 0.428895 0.884125 0.185397 0.639947 -0.152514 -0.753132 0.637587 -0.441659 0.631205
-13.600825 -20.307872 -1368.841986 -1739.830295 0.037606 0.886918 0.460393 0.804844 0.246192 -0.540014 0.592294 -0.390853 0.704573
-9.686052 -15.543089 396.008836 -1374.139921 -0.284123 0.775030 0.564450 0.822014 0.499938 -0.272680 0.493525 -0.386511 0.779129
0.439055 -33.963591 -648.056700 4622.554483 0.164262 0.931467 0.324633 0.724773 0.109273 -0.680267 0.669120 -0.347027 0.657153
-10.855882 -37.560364 -1473.365433 -770.549004 0.461186 0.873929 0.153477 0.269054 0.027091 -0.962744 0.845528 -0.485298 0.222640
-19.700125 -38.198013 -1114.541385 -899.390105 0.450324 0.890953 -0.058409 0.261602 -0.194205 -0.945436 0.853682 -0.410473 0.320530
-15.733777 -34.234745 -1057.943407 -1393.572603 0.482823 0.875342 0.025663 0.337843 -0.159151 -0.927649 0.807926 -0.456561 0.372570
-17.890648 -40.838452 -1501.520368 -158.898261 0.423649 0.904216 0.053991 0.151052 -0.011751 -0.988456 0.893143 -0.426914 0.141562
-9.788922 -31.567870 -1489.631260 -1673.702699 0.483223 0.859067 0.168819 0.403753 -0.047568 -0.913631 0.776839 -0.509648 0.369836
-8.945329 -39.715142 -1640.642620 216.644270 0.455723 0.871281 0.182170 0.110149 0.147884 -0.982852 0.883280 -0.467974 0.028577
-3.270937 -34.141978 -1881.425321 -1420.456276 0.474854 0.841699 0.257014 0.376418 0.069729 -0.923822 0.795501 -0.535426 0.283720
-2.033389 -38.219993 -1666.392062 -454.705833 0.471713 0.847487 0.243418 0.231711 0.147218 -0.961580 0.850763 -0.509992 0.126928
52.093738 -34.536565 4499.289188 -1734.737090 -0.289503 0.765795 -0.574235 0.603289 -0.319779 -0.730605 0.743122 0.557942 0.369419
36.015072 -51.126359 2942.562305 -4207.092115 -0.265410 0.722114 -0.638834 0.513382 -0.455002 -0.727607 0.816086 0.521080 0.249959
47.260647 -39.232881 1969.078980 -3948.495733 -0.163218 0.858641 -0.485896 0.580123 -0.314834 -0.751224 0.798008 0.404493 0.446731
52.353632 -30.920948 386.709308 -1832.321332 -0.099894 0.921488 -0.375342 0.612912 -0.240175 -0.752765 0.783812 0.305248 0.540799
61.740977 -40.120123 4832.152121 1671.065730 -0.315958 0.804577 -0.502818 0.677194 -0.179942 -0.713463 0.664514 0.565930 0.488001
5.546528 -25.756932 -3677.312885 -453.674664 0.518001 -0.375112 0.768743 0.178009 0.926312 0.332051 -0.836653 -0.035160 0.546604
21.472584 -27.580933 -6495.478421 -337.273177 0.443018 -0.449429 0.775724 0.307116 0.888994 0.339660 -0.842268 0.087762 0.531868
20.543344 -25.470182 -5595.539253 -344.952822 0.471768 -0.496142 0.728889 0.222092 0.866876 0.446320 -0.853294 -0.048679 0.519153
-0.645895 -38.242210 253.592795 720.242190 0.250047 0.553678 0.794303 0.390769 0.692875 -0.605990 -0.885876 0.461915 -0.043109
-0.048897 -38.680333 101.118291 239.901051 0.247231 0.571425 0.782528 0.233869 0.748531 -0.620488 -0.940309 0.336414 0.051422
0.153198 -38.077956 120.365640 905.058235 0.246431 0.555035 0.794486 0.401737 0.687520 -0.604916 -0.881975 0.468244 -0.053552
-1.353719 -38.025670 183.690713 142.354139 0.244325 0.580292 0.776896 0.249610 0.736542 -0.628650 -0.937017 0.347516 0.035109
-1.771370 -37.824186 400.070211 606.151926 0.251862 0.556494 0.791758 0.407738 0.680954 -0.608318 -0.877676 0.476042 -0.055397
2.955172 -47.433169 64.545760 -3651.658895 0.045320 -0.501149 -0.864173 0.494031 0.763117 -0.416636 0.868262 -0.408047 0.282168
1.678559 -56.309018 -364.970358 -4435.615687 0.100044 -0.449870 -0.887473 0.291664 0.866025 -0.406119 0.951275 -0.218214 0.217851
4.631346 -55.379286 -987.824802 -2306.059729 0.104348 -0.478045 -0.872115 0.294529 0.852420 -0.432009 0.949928 -0.211784 0.229747
4.211189 -49.463725 -336.530119 -2130.011657 0.039650 -0.505276 -0.862047 0.483284 0.764800 -0.426048 0.874565 -0.399721 0.274516
4.181437 -45.557571 -14.642227 -1041.626217 -0.001910 -0.537899 -0.843007 0.608479 0.668361 -0.427840 0.793568 -0.513769 0.326023
3.735308 -42.224928 153.927360 -180.672942 0.002090 -0.564001 -0.825772 0.584264 0.670856 -0.456715 0.811561 -0.481514 0.330927
-5.489364 -31.218643 424.178427 163.705378 0.138101 0.546996 0.825666 0.987267 -0.142480 -0.070739 0.078946 0.824921 -0.559707
-6.335541 -31.138134 485.572144 411.381010 0.141418 0.566510 0.811830 0.982267 -0.182269 -0.043917 0.123092 0.803645 -0.582240
-4.486920 -31.197881 25.016018 -148.694875 0.166724 0.584147 0.794339 0.985464 -0.072063 -0.153845 -0.032626 0.808442 -0.587671
-3.290834 -30.216751 -129.359014 -579.068224 0.146905 0.590469 0.793578 0.970386 0.069497 -0.231345 -0.191753 0.804063 -0.562774
-5.225985 -31.018708 284.573606 -174.090328 0.110760 0.559187 0.821610 0.990487 0.005819 -0.137487 -0.081662 0.829021 -0.553222
0.623425 -64.885386 -440.287822 2051.309514 -0.315915 0.455756 -0.832156 0.628520 0.757552 0.176289 0.710747 -0.467334 -0.525774
4.908224 -62.277204 -447.666345 302.572434 -0.276141 0.534779 -0.798597 0.414278 0.815982 0.403171 0.867248 -0.219509 -0.446873
3.577835 -60.013504 179.546760 1552.081384 -0.346241 0.465973 -0.814240 0.505674 0.823748 0.256385 0.790197 -0.322969 -0.520846
0.820782 -55.529686 -911.425057 2576.740738 -0.244380 0.510542 -0.824394 0.527358 0.783426 0.328843 0.813739 -0.354388 -0.460693
1.272505 -65.569955 -285.132222 2398.886369 -0.360291 0.417224 -0.834335 0.651247 0.752864 0.095255 0.667883 -0.509038 -0.542966
-1.407561 -73.660068 -535.861176 1808.765825 -0.350462 0.409491 -0.842315 0.791708 0.610017 -0.032846 0.500376 -0.678378 -0.537985
-2.061484 -64.736617 -344.340315 2732.858166 -0.305817 0.483655 -0.820094 0.719523 0.681496 0.133602 0.623508 -0.549219 -0.556414
-1.797405 -71.612008 -794.480625 2145.985426 -0.324220 0.436431 -0.839291 0.784446 0.619897 0.019314 0.528703 -0.652116 -0.543339
2.910515 -19.715996 858.477734 -293.576429 -0.112743 -0.554592 -0.824450 0.935316 0.220821 -0.276446 0.335370 -0.802288 0.493823
0.350041 -21.389115 740.694939 -397.650592 -0.143987 -0.569158 -0.809522 0.914651 0.235712 -0.328411 0.377732 -0.787717 0.486641
0.583627 -19.782538 878.377156 -422.292602 -0.155508 -0.570207 -0.806648 0.943864 0.155150 -0.291633 0.291443 -0.806717 0.514070
-2.592752 -20.198642 532.175286 -404.360531 -0.198834 -0.587967 -0.784066 0.937603 0.118732 -0.326807 0.285246 -0.800123 0.527672
1.612462 -18.428488 741.922261 -198.498796 -0.126432 -0.561773 -0.817573 0.959638 0.139458 -0.244227 0.251217 -0.815452 0.521467
-0.918614 -18.735488 697.564287 -316.960681 -0.182250 -0.576653 -0.796402 0.958968 0.074654 -0.273507 0.217173 -0.813571 0.539386
-5.155219 -25.337245 319.033912 360.040459 0.160930 0.580878 0.797924 -0.779567 0.570629 -0.258183 0.605291 0.580486 -0.544664
-5.578363 -25.520168 408.041877 -53.832413 0.168725 0.564326 0.808126 0.841484 -0.509403 0.180034 0.513260 0.649649 -0.560821
-4.389115 -25.906488 -4.108175 -386.709668 0.158928 0.570519 0.805760 0.790630 -0.562344 0.242224 0.591308 0.598562 -0.540442
-4.503540 -28.020600 -18.635273 551.222038 -0.131512 -0.590578 -0.796193 -0.706980 0.618886 -0.342284 0.694898 0.517878 -0.498918
-5.170245 -170.392873 -969.956483 11590.220774 -0.222216 0.734160 -0.641583 0.728771 -0.312069 -0.609513 0.647698 0.603011 0.465688
-2.512536 -146.425500 -315.252176 12635.150240 -0.246759 0.718585 -0.650188 0.581236 -0.427112 -0.692633 0.775419 0.548827 0.312274
-3.232879 -182.720585 -806.567189 22257.661584 -0.201935 0.723003 -0.660673 0.395085 -0.557115 -0.730432 0.896175 0.408522 0.173146
-0.796364 -104.803501 261.917037 9096.929614 -0.278077 0.723308 -0.632059 0.242636 -0.583781 -0.774808 0.929409 0.368817 0.013165
-0.337641 -100.375984 0.528866 10207.948777 -0.247352 0.719556 -0.648889 0.030492 -0.663587 -0.747478 0.968446 0.204676 -0.142199
19.873634 -15.882223 172.592923 1382.618779 0.206513 0.939751 0.272434 0.727207 0.038867 -0.685317 0.654616 -0.339643 0.675367
19.820362 -14.420405 -1021.815057 315.831761 0.275093 0.908147 0.315584 0.707631 0.030950 -0.705904 0.650832 -0.417506 0.634119
17.099508 -17.245127 -1564.047399 1171.982279 0.261116 0.883982 0.387806 0.754039 0.064048 -0.653699 0.602697 -0.463113 0.649834
14.674526 -13.948793 -2268.456285 90.368442 0.328690 0.857704 0.395356 0.711179 0.050670 -0.701182 0.621440 -0.511641 0.593327
9.193088 -15.036843 -2528.775037 898.316214 0.309021 0.833728 0.457607 0.759927 0.072854 -0.645913 0.571854 -0.547349 0.611059
12.167712 -19.420394 2476.544781 1137.405767 -0.254759 -0.841088 -0.477147 0.814068 0.079772 -0.575265 0.521911 -0.534984 0.664380
-50.728007 -2373.190683 -7290.947287 -226162.657286 0.519705 -0.374983 0.767655 0.659864 0.746911 -0.081880 -0.542667 0.549101 0.635611
36.446876 -3368.262650 7757.712449 -343290.067255 0.344838 -0.306456 0.887227 0.934306 0.203019 -0.293011 -0.090329 0.929983 0.356333
29.884334 -2857.694198 -10.592234 239393.787096 0.429635 -0.250650 0.867518 0.141242 0.967533 0.209597 -0.891888 0.032480 0.451088
124.128644 -1378.950477 129293.004139 -2821741.864115 0.645254 -0.385681 0.659467 -0.288063 0.676670 0.677597 -0.707578 -0.627191 0.325523
-0.146503 -71.835409 -304.845788 1734.113100 0.248764 0.575951 0.778715 0.965375 -0.212629 -0.151129 0.078535 0.789347 -0.608903
-2.562433 -76.013884 -298.502757 1949.007485 0.254213 0.578695 0.774911 0.967142 -0.155078 -0.201464 0.003585 0.800664 -0.599103
-1.595613 -75.395877 103.335748 169.034679 0.260983 0.562395 0.784601 0.950683 -0.008625 -0.310044 -0.167600 0.826823 -0.536911
14.678866 -213.257678 1833.662859 34502.507222 0.309965 0.623743 0.717542 0.686219 0.375589 -0.622925 -0.658046 0.685476 -0.311605
5.695069 -141.190818 625.323701 -13964.731221 0.308246 0.637839 0.705795 -0.578723 -0.463113 0.671272 -0.755026 0.615376 -0.226380
10.221855 -183.039422 1144.216073 -21192.270836 0.285550 0.678579 0.676751 -0.352873 -0.582097 0.732560 -0.891034 0.447990 -0.073234
21.182191 -369.544073 2776.570623 -73726.440111 0.307590 0.680684 0.664874 -0.438071 -0.518987 0.733993 -0.844679 0.517031 -0.138553
41.687775 -517.618008 4549.083261 -92614.482250 0.243064 0.648652 0.721229 -0.662966 -0.431675 0.611664 -0.708094 0.626823 -0.325109
-1.779756 -40.512237 -27.291331 -1183.171053 0.078747 -0.671648 -0.736674 0.167119 0.737405 -0.654450 0.982787 -0.071576 0.170313
-1.888783 -35.435182 324.041267 72.431215 0.044596 -0.687760 -0.724567 0.257580 0.708682 -0.656828 0.965227 -0.157342 0.208757
-1.822018 -38.082751 -76.393527 -1107.788448 0.065987 -0.679456 -0.730743 0.225277 0.723575 -0.652449 0.972058 -0.121566 0.200812
-1.627529 -43.107613 -180.487685 -1985.551986 0.085185 -0.655764 -0.750145 0.108310 0.754515 -0.647284 0.990461 -0.026109 0.135299
-2.930017 -41.663856 159.623934 -1942.323317 0.047322 -0.647835 -0.760310 0.098644 0.760473 -0.641834 0.993997 -0.044628 0.099892
-2.153029 -32.867165 311.575039 11.738141 -0.067320 0.705187 0.705818 0.257601 0.695723 -0.670531 0.963904 -0.136679 0.228492
-2.519840 -37.108141 -115.251797 -1411.952829 0.057380 -0.680494 -0.730503 0.178631 0.726899 -0.663106 0.982242 -0.092442 0.163267
-7.385346 -15.863569 -130.041485 25.502371 0.046681 0.774923 0.630330 -0.580013 0.534774 -0.614493 0.813269 0.336915 -0.474429
-7.100559 -17.226147 5.677955 -744.064739 0.125684 0.700458 0.702540 -0.620700 0.607949 -0.495106 0.773909 0.373839 -0.511184
-7.414126 -17.848284 -124.822659 -748.768781 0.118239 0.687528 0.716466 -0.623796 0.612814 -0.485117 0.772592 0.389569 -0.501336
-9.585477 -24.002499 -1919.327563 -456.789590 0.385496 0.641526 0.663202 0.765762 0.178563 -0.617838 -0.514783 0.746029 -0.422421
-7.697672 -24.129571 -1513.730831 -252.111389 0.444342 0.663786 0.601622 0.737794 0.109781 -0.666039 -0.508154 0.739822 -0.440957
-3.674683 -19.819923 -1369.219156 657.320132 0.410762 0.629213 0.659823 0.732526 0.203128 -0.649727 -0.542845 0.750220 -0.377477
-6.891686 -17.696641 635.204875 -827.236086 0.023735 0.395921 0.917978 0.801784 0.540934 -0.254034 -0.597142 0.742049 -0.304605
1.280486 -25.253265 1722.463418 304.514116 0.214251 0.542029 0.812589 0.778660 0.407490 -0.477117 -0.589733 0.734953 -0.334751
-2.975308 -22.790724 -425.809529 859.349496 0.273366 0.620555 0.734971 0.795155 0.284183 -0.535694 -0.541294 0.730857 -0.415752
-1.629535 -25.844647 79.950637 210.710056 0.263388 0.607640 0.749266 0.725187 0.387491 -0.569170 -0.636185 0.693271 -0.338593
7.052075 -27.178930 1942.167405 -54.251863 0.181019 0.518330 0.835803 0.754149 0.472327 -0.456252 -0.631261 0.712910 -0.305398
6.334201 -26.160956 2515.756624 569.800098 0.146962 0.484155 0.862552 0.835760 0.405638 -0.370084 -0.529062 0.775275 -0.345024
3.774736 -26.522982 1768.247937 198.149472 0.227166 0.544833 0.807188 -0.692644 -0.492255 0.527190 -0.684573 0.678854 -0.265552
6.656210 -54.544873 1856.981273 -3125.155207 0.696920 -0.716733 0.024439 0.468874 0.429597 -0.771754 -0.542642 -0.549309 -0.635452
8.261132 -42.877284 -1669.206851 2900.322470 -0.721781 0.688824 0.067476 -0.312555 -0.411380 0.856199 -0.617528 -0.596898 -0.512222
-1.273541 -42.896830 -985.194343 1895.018886 -0.669956 0.740644 -0.051041 -0.370093 -0.273589 0.887795 -0.643576 -0.613673 -0.457400
21.767861 -55.043928 -3249.635885 3542.767390 -0.746849 0.657455 0.099848 -0.395580 -0.559929 0.728008 -0.534540 -0.504214 -0.678259
-1.972405 -54.088974 -931.646836 3161.044425 -0.634849 0.766372 -0.098187 -0.519337 -0.329172 0.788628 -0.572063 -0.551652 -0.606980
3.554324 -37.019402 111.325065 -437.703279 0.170920 0.600526 0.781124 -0.002127 0.793013 -0.609201 -0.985283 0.102463 0.136819
4.344612 -37.193413 263.462579 -385.159866 0.184104 0.604972 0.774670 -0.071956 0.794323 -0.603219 -0.980269 0.055313 0.189769
4.516620 -37.688873 332.830302 -27.450945 0.181630 0.594707 0.783157 0.086370 0.783678 -0.615134 -0.979567 0.179368 0.090974
-1.693523 -41.151365 -68.192804 -277.272168 0.100076 0.652455 0.751191 -0.113761 0.757533 -0.642808 -0.988455 -0.021127 0.150034
-2.475541 -41.024647 56.310275 -419.736518 0.105438 0.669065 0.735686 -0.235295 0.735588 -0.635254 -0.966188 -0.106123 0.234986
-1.815563 -41.918624 -163.882276 -390.060199 0.099640 0.654222 0.749710 -0.044923 0.755649 -0.653434 -0.994009 0.031428 0.104683
-2.096623 -39.467189 -187.546277 -181.910104 0.082761 0.664856 0.742373 -0.288690 0.728982 -0.620680 -0.953839 -0.162947 0.252268
-0.678852 -41.141824 -202.767988 -399.517128 0.096589 0.633152 0.767977 0.051410 0.767381 -0.639127 -0.993996 0.101215 0.041570
-1.244160 -40.136960 -476.425650 -390.646301 0.078019 0.642386 0.762400 -0.032038 0.765952 -0.642099 -0.996437 0.025670 0.080339
-0.913188 -40.311449 -424.163275 -402.695148 0.073236 0.641934 0.763255 -0.133967 0.764706 -0.630300 -0.988276 -0.056091 0.142002
-0.413062 -67.223021 -822.757187 -1620.942147 -0.176028 0.621811 0.763129 0.951962 0.304857 -0.028817 -0.250564 0.721397 -0.645604
2.817933 -66.268655 -1168.269834 -1695.042457 -0.203237 0.623822 0.754679 0.924624 0.375855 -0.061680 -0.322127 0.685259 -0.653188
-0.493016 -60.911871 -1172.767386 -1497.127848 -0.186483 0.634189 0.750352 0.884441 0.440911 -0.152844 -0.427770 0.635140 -0.643125
-2.749981 -60.874475 125.654398 367.140052 -0.131482 0.594590 0.793206 0.923795 0.363749 -0.119539 -0.359604 0.717043 -0.597105
-2.472931 -54.553467 -1099.363327 2393.945023 -0.186798 0.623734 0.758987 -0.719397 -0.612978 0.326689 -0.669010 0.484988 -0.563216
-3.869887 -52.602740 -281.421015 -906.964881 -0.151280 0.608349 0.779119 0.835053 0.500427 -0.228602 -0.528962 0.616023 -0.583708
-4.472801 -63.450046 -48.581497 1671.555894 0.128692 -0.668794 -0.732225 -0.024298 0.736016 -0.676528 0.991387 0.104855 0.078469
-3.756356 -53.881097 63.181004 2482.014777 0.125003 -0.636594 -0.761001 -0.250870 0.721813 -0.645020 0.959916 0.271542 -0.069474
-3.401292 -56.990982 -120.336283 2249.047670 0.147385 -0.655956 -0.740270 -0.186849 0.716502 -0.672096 0.971270 0.237376 -0.016963
-2.369166 -47.424811 32.781655 3101.509102 0.131964 -0.627421 -0.767416 -0.423560 0.664260 -0.615918 0.896205 0.406325 -0.178092
-3.653342 -68.802903 -380.687477 2647.094414 0.184297 -0.688588 -0.701342 -0.021799 0.710526 -0.703333 0.982629 0.144911 0.115937
-2.379690 -56.315641 -433.044166 2983.889696 0.185381 -0.653664 -0.733729 -0.252407 0.689945 -0.678430 0.949697 0.310966 -0.037087
-0.809183 -46.715822 256.660190 2419.009108 0.077721 -0.575140 -0.814355 -0.420897 0.721536 -0.549756 0.903773 0.385487 -0.185996
0.260063 -41.326983 157.217596 1164.447787 0.087743 -0.570810 -0.816381 -0.549807 0.655654 -0.517523 0.830671 0.494261 -0.256306
-0.376198 -40.954106 230.422605 2473.149839 0.084699 -0.573185 -0.815037 -0.508182 0.678746 -0.530147 0.857075 0.459090 -0.233793
-2.162156 -46.331152 204.335910 2790.590561 0.102656 -0.602179 -0.791733 -0.440592 0.686076 -0.578946 0.891819 0.408264 -0.194885
-2.389966 -64.624451 467.129348 -1478.543722 0.084488 -0.527374 -0.845422 0.847717 0.483954 -0.217173 0.523677 -0.698330 0.487952
1.807547 -66.770245 747.405384 -1039.598601 0.125088 -0.492733 -0.861143 0.789974 0.574577 -0.214014 0.600245 -0.653510 0.461120
-0.535630 -65.610405 558.354662 333.664313 0.080306 -0.529946 -0.844220 0.649875 0.670029 -0.358781 0.755787 -0.519825 0.398207
-2.332374 -60.226189 730.008614 -1926.585272 0.109302 -0.490348 -0.864645 0.915348 0.388792 -0.104776 0.387544 -0.779999 0.491335
-5.197440 -60.676556 270.395124 -1610.441543 0.064847 -0.560418 -0.825667 0.913210 0.366893 -0.177305 0.402296 -0.742510 0.535571
-4.604912 -59.487835 333.571276 -1230.543075 0.090039 -0.530573 -0.842844 0.951729 0.295179 -0.084146 0.293435 -0.794583 0.531540
-19.177394 -67.226558 237.892603 2344.725269 -0.054639 0.994401 -0.090447 -0.907792 -0.011746 0.419256 -0.415846 -0.105014 -0.903352
-18.243619 -66.293832 93.064557 2892.044608 -0.057809 0.985592 -0.158953 -0.888903 0.021660 0.457584 -0.454434 -0.167746 -0.874843
-17.709787 -57.334886 -50.530105 3318.415919 -0.035497 0.992529 -0.116730 -0.763532 0.048427 0.643952 -0.644794 -0.111986 -0.756108
-16.509677 -53.832039 -39.647105 3178.477310 -0.021722 0.998923 -0.041002 -0.729040 0.012238 0.684361 -0.684126 -0.044758 -0.727989
-17.473168 -63.525145 238.641451 2981.073851 -0.019530 0.999559 -0.022368 -0.859995 -0.005384 0.510274 -0.509928 -0.029202 -0.859721
-15.203772 -42.582984 -446.774294 2522.278743 -0.003153 0.991362 -0.131114 -0.582907 0.104714 0.805763 -0.812533 -0.078968 -0.577542
-15.038068 -43.541473 -318.241865 3084.393051 -0.011440 0.980816 -0.194601 -0.638466 0.142613 0.756322 -0.769565 -0.132899 -0.624586
15.159719 -972.008150 1120.681551 -170987.501102 0.228153 0.967421 0.109737 0.417382 0.004644 -0.908719 0.879624 -0.253129 0.402725
29.982781 -491.999452 2591.245106 82260.192840 0.245345 0.947100 0.206899 0.152089 0.173175 -0.973077 0.957431 -0.270207 0.101555
26.715725 -433.074192 -700.008561 -43704.278498 0.259149 0.919836 0.294521 0.649971 0.059465 -0.757629 0.714408 -0.387769 0.582457
27.399430 -470.220078 1725.284188 -2294.782977 0.111997 0.984025 0.138387 0.871172 -0.030235 -0.490046 0.478033 -0.175443 0.860642
7.158024 -13.712093 -132.743838 1791.636428 -0.130276 0.895318 0.425951 0.685643 -0.228974 0.690989 -0.716186 -0.382070 0.584038
8.327886 -12.873380 -256.250831 3005.133542 -0.102183 0.856877 0.505293 0.734715 -0.277434 0.619051 -0.670636 -0.434503 0.601211
5.646072 -21.450748 -95.690009 376.212850 -0.027210 0.822269 0.568449 0.602425 -0.440305 0.665744 -0.797711 -0.360563 0.483375
6.976311 -22.500370 123.825147 1570.874992 -0.007552 0.790706 0.612150 0.670915 -0.449925 0.589440 -0.741495 -0.415152 0.527099
-9.989596 -23.114921 418.064419 197.051107 0.262769 0.296741 0.918094 -0.364132 0.911668 -0.190445 -0.893510 -0.284265 0.347611
-11.339096 -26.806088 381.840787 252.605454 0.163562 0.400998 0.901359 -0.353203 0.876901 -0.326024 -0.921138 -0.265038 0.285061
-9.633148 -26.069023 482.339237 230.425993 0.246630 0.222265 0.943277 -0.432869 0.896117 -0.097974 -0.867063 -0.384152 0.317221
19.820152 -80.339089 -2333.083275 5798.000340 -0.173223 0.981887 0.076756 -0.493051 -0.153920 0.856276 -0.852581 -0.110482 -0.510783
11.302046 -69.952535 -594.012484 2050.871386 -0.165211 0.983077 0.079146 -0.658357 -0.169679 0.733331 -0.734351 -0.069048 -0.675249
21.048178 -185.663730 -2493.614353 29086.293347 -0.116062 0.990904 0.068111 -0.707744 -0.130619 0.694289 -0.696870 -0.032376 -0.716467
21.175529 -80.423328 -1181.837259 8037.399606 -0.108920 0.967269 0.229186 -0.418730 -0.253750 0.871938 -0.901555 0.000996 -0.432663
5.435364 -96.111807 113.097238 -8952.276670 -0.086934 0.985964 -0.142538 -0.344627 0.104482 0.932907 -0.934706 -0.130224 -0.330706
135.868604 -1922.822001 9789.134528 394985.664440 -0.089780 0.986310 0.138316 -0.671606 -0.162506 0.722867 -0.735449 0.027995 -0.677002
4.233132 -12.080561 147.839996 -1542.372831 -0.150189 0.747365 0.647216 0.952694 -0.065557 0.296777 0.264231 0.661171 -0.702164
4.356731 -9.141936 68.882012 -842.220081 -0.128419 0.744198 0.655498 0.961277 -0.069104 0.266778 0.243833 0.664375 -0.706507
4.006273 -10.151694 -148.623021 -1057.856321 -0.157099 0.761227 0.629169 0.952140 -0.052397 0.301138 0.262201 0.646365 -0.716563
2.924010 -13.363687 264.477583 -1419.148920 -0.097758 0.728588 0.677940 0.959186 -0.112643 0.259372 0.265341 0.675626 -0.687840
4.004231 -14.122299 27.512305 -1534.000787 -0.162605 0.755005 0.635237 0.944226 -0.067772 0.322248 0.286350 0.652207 -0.701876
3.164370 -16.540442 179.314018 -1676.596417 -0.125940 0.740236 0.660446 0.944222 -0.114753 0.308669 0.304276 0.662482 -0.684495
-30.914860 -47.393115 -154.751663 -1230.376033 -0.064546 -0.460860 -0.885122 0.024225 0.885987 -0.463077 0.997621 -0.051332 -0.046022
-24.275085 -48.875698 -500.799483 -2054.009202 0.025501 -0.334993 -0.941875 0.101584 0.938173 -0.330926 0.994500 -0.087241 0.057954
-11.034222 -48.788336 -2757.321134 -4492.538936 0.138969 -0.461173 -0.876360 0.260354 0.870830 -0.416978 0.955460 -0.170217 0.241086
-12.755536 -39.770369 -2259.154523 -4264.002264 0.100960 -0.513106 -0.852367 0.400483 0.805226 -0.437293 0.910725 -0.297209 0.286786
1.368652 -16.805248 -2832.079415 -410.419498 0.509761 0.853647 0.106918 0.580981 -0.249919 -0.774597 0.634511 -0.456977 0.623352
-20.068411 -32.262205 -876.827709 -843.338432 0.552201 0.791573 -0.261698 0.279818 -0.471655 -0.836208 0.785351 -0.388527 0.481945
-25.335893 -38.996152 -1054.947794 -628.722146 0.465384 0.809891 -0.357063 0.250654 -0.507490 -0.824395 0.848876 -0.294161 0.439181
-24.324292 -42.538275 -1415.104428 -179.337988 0.400720 0.903616 -0.151336 0.174695 -0.237504 -0.955549 0.899392 -0.356470 0.253029
35.296423 -49.811371 500.099089 -4168.903305 -0.115859 0.856220 -0.503453 0.438121 -0.410840 -0.799538 0.891418 0.313207 0.327528
25.338469 -55.465874 2880.037380 -4943.819435 -0.332374 0.604522 -0.723934 0.502013 -0.536410 -0.678415 0.798443 0.588911 0.125190
25.321332 -60.150241 2555.958632 -3321.831457 -0.317033 0.625920 -0.712541 0.344170 -0.624154 -0.701411 0.883763 0.467606 0.017546
26.964809 -55.450536 1080.465457 -1954.134731 -0.203281 0.744486 -0.635938 0.261284 -0.584699 -0.768022 0.943614 0.322285 0.075664
19.551783 -26.393552 1113.187881 -252.370603 0.091585 -0.353999 -0.930751 0.946036 -0.260841 0.192296 -0.310851 -0.898135 0.311006
20.725472 -26.995947 2424.861554 -261.533478 0.070452 -0.269625 -0.960385 0.976137 -0.179621 0.122035 -0.205409 -0.946065 0.250536
14.300580 -23.962333 2327.621345 -474.577565 0.109819 -0.233979 -0.966019 0.945011 -0.276636 0.174434 -0.308049 -0.932055 0.190733
15.078529 -22.596036 1938.210495 -584.192838 0.147692 -0.282060 -0.947961 0.905998 -0.345839 0.244056 -0.396680 -0.894895 0.204468
19.912266 -24.524362 810.185336 -323.759450 0.121103 -0.411260 -0.903438 0.896884 -0.344674 0.277126 -0.425362 -0.843840 0.327111
21.202432 -29.000012 -1036.509241 -179.638097 0.028418 -0.528746 -0.848304 0.943667 -0.265699 0.197221 -0.329673 -0.806122 0.491409
0.510688 -36.621034 188.023408 725.534383 0.242789 0.549159 0.799673 0.503507 0.633267 -0.587753 -0.829177 0.545341 -0.122755
0.751135 -38.604104 102.812095 928.994673 0.248504 0.560198 0.790205 0.383297 0.692335 -0.611355 -0.889567 0.454808 -0.042674
1.237308 -36.941198 99.607899 945.428233 0.239567 0.552558 0.798303 0.502818 0.632771 -0.588876 -0.830531 0.542476 -0.126245
1.641009 -34.224203 226.087533 -641.302693 0.238629 0.552309 0.798756 -0.615805 -0.549935 0.564231 -0.750893 0.626519 -0.208884
0.315529 -32.517463 386.485639 -763.302823 0.253971 0.538973 0.803123 -0.630877 -0.537087 0.559939 -0.733139 0.648880 -0.203620
4.642575 -62.519022 -1659.964823 -2194.312105 0.154921 -0.433273 -0.887848 0.089928 0.901152 -0.424074 0.983825 -0.014145 0.178570
-0.538934 -69.633009 -333.820488 -2646.543013 0.117509 -0.425897 -0.897108 -0.006007 0.903046 -0.429503 0.993054 0.055859 0.103557
3.561480 -149.532422 774.227366 -531.982115 0.131855 0.770428 0.623743 0.217685 0.591372 -0.776462 0.967072 -0.238160 0.089735
2.064391 -118.361536 946.769715 -3676.106851 0.142684 0.793367 0.591786 0.474237 0.470004 -0.744444 0.868758 -0.386866 0.309182
1.693284 -129.511867 126.785380 -2591.659209 0.158953 0.755468 0.635611 0.223450 0.599562 -0.768502 0.961667 -0.264183 0.073507
-5.169797 -29.897505 336.709434 664.289099 0.151747 0.549214 0.821789 0.962764 -0.270329 0.002887 0.223739 0.790750 -0.569785
-6.631316 -30.159407 606.129160 873.332096 0.146078 0.564253 0.812576 0.956977 -0.288763 0.028481 0.250712 0.773456 -0.582159
6.370265 -63.828352 470.436721 -1040.832443 -0.340293 0.501594 -0.795364 0.360772 0.850757 0.382173 0.868357 -0.156894 -0.470467
9.366114 -66.007071 572.802770 -1892.833363 -0.303273 0.578079 -0.757529 0.250772 0.815364 0.521819 0.919314 -0.031713 -0.392244
3.891510 -53.662268 -1237.273310 44.462607 -0.196195 0.602567 -0.773577 0.381925 0.773567 0.505695 0.903128 -0.196234 -0.381905
8.401437 -58.703164 -443.857264 -1716.740992 -0.213688 0.632108 -0.744834 0.246438 0.772666 0.585026 0.945307 -0.058542 -0.320885
-2.337020 -23.268435 702.763252 -458.782800 -0.160503 -0.578633 -0.799639 0.884598 0.275065 -0.376598 0.437865 -0.767804 0.467709
-3.899960 -22.153180 382.518707 -381.977073 -0.213078 -0.604199 -0.767816 0.912841 0.157048 -0.376905 0.348310 -0.781204 0.518074
-4.152825 -25.665772 -49.787031 74.785466 0.183050 0.552633 0.813074 0.839256 -0.518567 0.163517 0.511998 0.652446 -0.558724
-3.407320 -162.099010 608.576772 8700.016071 0.253240 -0.713149 0.653672 0.837177 -0.177044 -0.517484 0.484772 0.678287 0.552198
-1.332887 -137.118656 -350.112048 9086.766056 -0.253565 0.727606 -0.637412 0.733468 -0.284991 -0.617094 0.630658 0.623994 0.461412
20.632703 -15.258492 636.124320 -197.864575 0.232281 0.944688 0.231540 0.696411 0.004653 -0.717628 0.679011 -0.327938 0.656810
-55.644803 -190.697010 8491.880691 -27056.036404 -0.531777 -0.024587 -0.846528 0.559102 0.740593 -0.372730 0.636097 -0.671504 -0.380083
-17.610416 -273.040051 3559.633707 -43831.603309 -0.552448 -0.075394 -0.830131 0.411066 0.841735 -0.350010 0.725139 -0.534601 -0.434023
-59.746660 -300.528894 8618.115719 -40297.970074 -0.469816 0.085271 -0.878636 0.344420 0.934148 -0.093507 0.812802 -0.346551 -0.468247
-48.119354 -703.105425 -6135.591550 111059.948784 0.350548 0.829353 -0.435075 -0.491640 -0.232439 -0.839204 0.797124 -0.508081 -0.326262
9.044306 -30.463999 1268.975232 -881.574679 -0.637878 0.531204 -0.557614 0.076991 0.764402 0.640126 0.766279 0.365391 -0.528493
9.013574 -29.121474 1425.044820 661.028397 -0.655779 0.548952 -0.518271 -0.034230 0.664169 0.746799 0.754176 0.507476 -0.416757
1.572000 -36.680993 1956.480983 -787.833037 -0.684597 0.518114 -0.512724 0.010558 0.710375 0.703745 0.728846 0.476368 -0.491790
3.010124 -158.404854 825.959415 15175.224684 0.343240 0.638957 0.688418 0.672183 0.344817 -0.655188 -0.656016 0.687630 -0.311141
4.629823 -116.346573 178.955617 8169.464296 0.297709 0.597449 0.744597 0.874557 0.142052 -0.463650 -0.382779 0.789225 -0.480213
3.458882 -114.146903 340.516939 6655.986046 0.307036 0.594817 0.742914 0.857046 0.166573 -0.487572 -0.413765 0.786413 -0.458642
1.987669 -113.099976 -100.647255 1755.578583 0.284140 0.610386 0.739387 0.739556 0.351254 -0.574176 -0.610182 0.709964 -0.351609
-199.394135 -310.417811 -14336.232522 -45088.169063 0.196922 0.534623 0.821828 -0.630127 0.711198 -0.311667 -0.751107 -0.456482 0.476931
-161.045588 -279.662895 -25501.984428 43015.656939 -0.298341 0.560485 0.772560 0.605212 -0.514804 0.607202 -0.738045 -0.648716 0.185625
-211.075554 -1251.817948 23934.795727 220686.806300 0.457640 -0.621090 -0.636250 0.736070 -0.136766 0.662945 -0.498765 -0.771714 0.394576
-171.026620 -271.537412 -29337.526219 37660.292607 -0.186048 0.697563 0.691948 0.362501 -0.605828 0.708212 -0.913224 -0.382594 0.140154
-134.939023 -230.547917 13845.981701 33120.957134 0.763370 0.078389 0.641188 0.404350 -0.832074 -0.379675 -0.503753 -0.549097 0.666877
-163.169444 -244.082806 1701.780920 32212.196525 0.430847 0.797507 0.422319 0.606631 -0.602423 0.518734 -0.668109 -0.032696 0.743345
-143.376939 -228.137908 -11183.729692 17038.952627 0.243192 0.729655 0.639109 0.234761 -0.683577 0.691093 -0.941140 0.018030 0.337536
-2.736119 -22.789538 -1881.514901 -296.899254 0.525582 0.692997 0.493476 0.670847 0.019125 -0.741350 -0.523191 0.720686 -0.454843
-9.570920 -26.778472 -483.189067 -2552.472773 0.368118 0.645675 0.669024 0.800271 0.146291 -0.581520 -0.473345 0.749469 -0.462862
3.628169 -21.740525 -2960.012321 1173.301825 0.294256 0.659766 0.691464 0.823648 0.191928 -0.533636 -0.484786 0.726549 -0.486939
0.113544 -25.277031 -1630.599419 520.688556 0.261431 0.638738 0.723649 0.769421 0.314766 -0.555799 -0.582790 0.702094 -0.409169
-2.255146 -26.617870 395.122243 125.485274 -0.117550 0.736306 0.666360 -0.775447 -0.487242 0.401593 -0.620374 0.469520 -0.628242
-1.741389 -25.945478 687.761320 197.380102 -0.119207 0.726249 0.677017 -0.688429 -0.551807 0.470717 -0.715440 0.409966 -0.565750
0.133616 -26.462198 400.136166 287.070971 -0.115919 0.728764 0.674882 -0.731046 -0.522576 0.438732 -0.672409 0.442513 -0.593337
-4.732248 -26.722698 631.916536 140.425250 -0.137418 0.726934 0.672818 -0.726685 -0.535569 0.430226 -0.673086 0.429806 -0.601849
0.034165 -27.441935 -42.351969 159.123835 -0.112645 0.746003 0.656347 -0.824255 -0.439043 0.357554 -0.554901 0.500721 -0.664352
-3.885860 -26.968027 619.985571 75.181915 -0.137977 0.725096 0.674684 -0.820455 -0.465264 0.332240 -0.554812 0.507706 -0.659104
-1.656346 -27.557286 468.602947 8.821503 -0.112458 0.732212 0.671728 0.845439 0.425708 -0.322499 -0.522098 0.531637 -0.666915
0.844693 -33.024877 455.299512 713.613189 0.200727 0.584779 0.785966 0.545330 0.599800 -0.585538 -0.813833 0.546144 -0.198502
-1.316212 -31.077050 573.368927 -1782.283383 0.197494 0.580287 0.790103 -0.668468 -0.509812 0.541519 -0.717040 0.635105 -0.287218
-1.320209 -32.318952 521.564297 801.861054 0.219113 0.592088 0.775513 0.528690 0.595981 -0.604395 -0.820047 0.542437 -0.182444
0.563262 -35.616422 422.770543 197.009937 0.212596 0.598243 0.772598 0.354847 0.689427 -0.631485 -0.910432 0.408406 -0.065715
-1.798033 -35.525705 446.439893 -987.882952 0.208018 0.607947 0.766244 0.375459 0.673738 -0.636481 -0.903194 0.420092 -0.088109
-1.993104 -42.321593 275.296696 -418.253563 0.119400 0.672547 0.730359 -0.227413 0.734590 -0.639266 -0.966451 -0.089765 0.240657
-2.563729 -40.913071 161.344840 -27.576403 0.105342 0.687867 0.718152 -0.356598 0.700271 -0.618433 -0.928300 -0.190944 0.319060
-2.555655 -39.783062 156.708340 -77.735712 0.093059 0.688227 0.719502 -0.395004 0.688856 -0.607824 -0.913954 -0.227642 0.335957
4.257676 -69.003801 -1515.069832 42.987373 -0.196052 0.638865 0.743919 0.980419 0.142018 0.136417 -0.018497 0.756097 -0.654198
7.543035 -66.112691 -1058.874510 -1413.148560 -0.232523 0.588699 0.774187 0.951845 0.301273 0.056791 -0.199809 0.750112 -0.630403
-3.229801 -52.781301 79.023508 1887.915370 0.106217 -0.615264 -0.781132 -0.235989 0.747533 -0.620889 0.965933 0.250288 -0.065795
-2.898859 -35.499396 -2010.016784 1237.134879 -0.355560 0.722224 -0.593270 -0.193995 -0.677952 -0.709047 0.914299 0.137017 -0.381160
3.794149 -27.717601 -1287.084553 1137.269511 -0.396345 0.704602 -0.588597 -0.277493 -0.703054 -0.654761 0.875162 0.096179 -0.474174
-5.735667 -29.733096 -1596.224519 1865.965927 -0.354656 0.777608 -0.519177 -0.382312 -0.627337 -0.678444 0.853262 0.042127 -0.519778
5.699875 -33.163556 -1797.775586 -651.456959 -0.381315 0.669503 -0.637468 0.101137 0.715641 0.691108 0.918896 0.199058 -0.340595
-12.065722 -39.116941 -1881.977279 2073.327055 -0.384325 0.766945 -0.513896 -0.276147 -0.626664 -0.728721 0.880930 0.138155 -0.452632
-9.503519 -41.883568 -2363.302619 1113.805223 -0.371974 0.715336 -0.591548 -0.091362 -0.662397 -0.743561 0.923736 0.222541 -0.311749
-1.212778 -38.423491 -2613.027031 -266.387965 -0.338293 0.674299 -0.656414 -0.009727 0.694997 0.718946 0.940991 0.249599 -0.228554
1.060922 -39.577396 93.751622 532.188895 0.094244 -0.568665 -0.817153 -0.601426 0.621576 -0.501925 0.793350 0.538761 -0.283430
0.377897 -40.525716 -96.255614 -1080.141142 -0.098012 0.580305 0.808480 -0.650305 0.577609 -0.493429 0.753324 0.574120 -0.320763
1.056605 -44.224521 195.719887 1664.820734 0.080303 -0.553488 -0.828976 -0.472046 0.711372 -0.520694 0.877909 0.433128 -0.204146
-0.121627 -43.746154 -107.528284 -2595.819809 -0.091726 0.582812 0.807414 -0.740694 0.502002 -0.446504 0.665551 0.639003 -0.385638
-0.702909 -36.931434 -191.559510 -642.383919 -0.109144 0.603828 0.789607 -0.621418 0.578546 -0.528322 0.775840 0.548339 -0.312085
3.527512 -66.090655 753.337980 1157.921413 0.096574 -0.505906 -0.857165 0.551336 0.744189 -0.377109 0.828675 -0.436167 0.350794
5.623956 -62.520847 1012.758529 -1884.217697 0.198278 -0.467767 -0.861324 0.874691 0.480972 -0.059850 0.442269 -0.741525 0.504518
5.566513 -65.941427 766.063163 -1351.720944 0.180977 -0.482374 -0.857066 0.769775 0.611870 -0.181828 0.612122 -0.626841 0.482054
0.135824 -86.652571 230.241254 973.416268 0.301404 0.944003 -0.134215 0.849599 -0.329784 -0.411611 0.432823 -0.010033 0.901423
-1.527220 -80.942943 208.865106 -2.801524 0.257780 0.962011 -0.089918 0.682996 -0.247256 -0.687299 0.683422 -0.115758 0.720787
0.165586 -87.440469 -74.100610 386.074325 0.287129 0.952363 -0.102768 0.819996 -0.299833 -0.487551 0.495139 -0.055721 0.867025
-0.712733 -84.987566 622.033449 2639.501045 0.293837 0.944461 -0.147153 0.791963 -0.326754 -0.515778 0.535215 -0.035015 0.843990
-18.436058 -72.074900 197.840067 746.899061 -0.067415 0.988908 -0.132347 -0.984415 -0.044333 0.170184 -0.162429 -0.141757 -0.976484
-16.910959 -66.163350 -647.682172 1587.726080 -0.058680 0.964082 -0.259041 -0.948995 0.026652 0.314163 -0.309783 -0.264263 -0.913345
-16.181806 -59.479661 -851.709606 2998.368326 -0.046182 0.961617 -0.270481 -0.853165 0.102871 0.511398 -0.519593 -0.254382 -0.815667
-35.145934 -889.950387 1465.514523 -128655.351731 0.490426 0.773296 0.401865 0.558917 0.074710 -0.825851 0.668651 -0.629628 0.395569
-33.822628 -674.798472 -6260.771822 47891.970375 0.413760 0.787717 0.456404 0.468402 0.245684 -0.848669 0.780642 -0.564926 0.267314
-28.634011 -474.288590 5942.948276 -77248.191742 -0.415370 -0.790330 -0.450384 0.856604 -0.173231 -0.486024 0.306099 -0.587681 0.748955
15.746456 -1067.521602 -3548.668550 220950.560774 0.398462 0.765123 0.505782 0.131247 0.498210 -0.857066 0.907746 -0.407890 -0.098098
10.223501 -2.505972 -477.874855 3415.453425 -0.285874 0.919772 0.268880 0.723627 0.023259 0.689799 -0.628204 -0.391764 0.672221
9.424788 -9.622326 -390.432873 4247.474121 -0.106437 0.833525 0.542132 0.771972 -0.274365 0.573396 -0.626682 -0.479542 0.614256
13.457689 3.973567 -2139.765192 3614.876433 -0.449932 0.866522 0.216102 0.681958 0.177126 0.709620 -0.576624 -0.466653 0.670626
-11.485886 -28.925190 56.812544 75.746930 0.097571 0.377067 0.921032 -0.407702 0.859374 -0.308634 -0.907887 -0.345393 0.237581
-11.070149 -26.585266 505.562868 52.407225 0.106453 0.551346 0.827457 -0.249761 0.820332 -0.514466 -0.962438 -0.151900 0.225032
-12.086953 -28.688001 332.298221 417.205821 0.090465 0.476983 0.874245 -0.292419 0.851872 -0.434517 -0.952002 -0.216337 0.216544
-10.596588 -29.057389 671.722469 272.102517 -0.276286 0.958480 -0.070591 0.764153 0.263627 0.588702 -0.582869 -0.108708 0.805262
-3.963310 -27.425654 1929.153474 673.730157 -0.058623 0.998259 -0.006567 0.838145 0.052791 0.542887 -0.542288 -0.026321 0.839780
-6.675625 -28.731291 1374.566699 376.099511 -0.066396 0.997437 0.026680 0.755395 0.032778 0.654450 -0.651898 -0.063607 0.755635
-7.723192 -55.913316 17.436511 199.787280 0.012636 0.653593 0.756741 -0.275075 0.729874 -0.625794 -0.961340 -0.200252 0.189010
-7.727168 -56.034413 -95.050377 643.293144 -0.022512 0.642750 0.765745 -0.158915 0.753900 -0.637480 -0.987036 -0.136039 0.085171
-9.280840 -57.799316 603.189012 242.724704 0.016220 0.660674 0.750497 -0.419181 0.685942 -0.594786 -0.907758 -0.304947 0.288068
-8.388124 -57.280549 47.672289 315.844772 0.007705 0.667243 0.744800 0.518123 -0.639708 0.567734 -0.855271 -0.381524 0.350643
2.744483 -74.786647 610.522743 -1547.692574 0.181959 0.697073 0.693528 -0.002715 0.705655 -0.708550 -0.983302 0.127044 0.130293
5.251267 -82.054363 814.814154 -665.664576 0.166272 0.699315 0.695207 -0.025305 0.707815 -0.705945 -0.985755 0.099787 0.135386
2.705575 -93.659027 489.568111 -7090.400712 0.159535 0.669275 0.725686 0.201365 0.697584 -0.687625 -0.966437 0.255828 -0.023479
1.255436 -77.564077 314.893650 -765.733949 0.190095 0.686199 0.702135 0.001444 0.714980 -0.699143 -0.981765 0.133918 0.134924
15.147987 -104.536701 -1543.835818 9704.845351 -0.108102 0.990683 0.082830 -0.821402 -0.135943 0.553912 -0.560012 0.008158 -0.828444
3.932835 -7.413450 -175.126586 -238.429106 -0.122867 0.761796 0.636059 0.963266 -0.062670 0.261132 0.238791 0.644779 -0.726112
3.261132 -9.704684 253.846340 -830.344168 -0.084888 0.719958 0.688807 0.968068 -0.104061 0.228071 0.235879 0.686172 -0.688134
-34.336264 -48.048700 495.881599 -422.086090 -0.200908 -0.620334 -0.758170 -0.096182 0.782702 -0.614919 0.974877 -0.050619 -0.216916
-29.583208 -45.578826 216.888427 -1509.338805 0.245923 0.744207 0.621030 0.011367 0.638448 -0.769581 0.969223 -0.196317 -0.148550
-15.483380 -28.012615 -934.449002 -1539.167842 0.549966 0.833260 -0.056702 0.372722 -0.305625 -0.876169 0.747406 -0.460729 0.478658
37.325149 -45.902116 -1908.849446 -4110.671144 0.012741 0.948615 -0.316175 0.526436 -0.275194 -0.804446 0.850119 0.156197 0.502891
11.598422 -25.064312 2674.607382 -108.689566 0.066021 -0.197554 -0.978066 0.978492 -0.179165 0.102238 -0.195433 -0.963780 0.181476
0.385503 -39.812720 150.522395 -195.639167 0.249996 0.566427 0.785279 0.179097 0.769985 -0.612412 -0.951539 0.293741 0.091048
0.376014 -38.792846 37.903053 -795.225942 0.238811 0.580639 0.778349 0.040253 0.794933 -0.605361 -0.970231 0.175897 0.166466
-0.223617 -37.218360 41.503484 -675.424543 0.234522 0.604642 0.761189 0.028778 0.778365 -0.627152 -0.971685 0.168986 0.165144
