12238
24465
-36.587290 -62.623574 -1988.265257 9449.272586 -0.115388 0.987462 -0.107726 0.969636 0.088431 -0.228004 0.215619 0.130764 0.967683
-49.364351 -75.172053 954.228943 7678.673583 0.242030 -0.959998 0.140805 0.968344 0.229856 -0.097349 0.061090 0.159909 0.985240
-38.984814 -80.795372 3403.300761 11097.610357 0.346555 -0.936458 0.054282 0.933599 0.338722 -0.116880 0.091066 0.091183 0.991662
-45.277936 -67.570653 -711.354558 5307.754682 -0.262289 -0.926362 0.270291 0.960038 -0.278835 -0.024029 0.097627 0.253188 0.962479
-19.374122 -79.693869 -6428.327745 13861.632728 -0.285715 0.956777 0.054264 0.930953 0.290546 -0.221156 0.227363 0.012670 0.973728
-24.099543 -53.803686 -5074.141932 9555.061230 -0.151222 0.988497 0.002254 0.930692 0.143147 -0.336633 0.333083 0.048808 0.941633
-32.891138 -51.076652 -160.098487 5507.396351 0.309809 0.920412 -0.238453 0.910077 -0.359673 -0.205900 0.275278 0.153221 0.949076
-63.912109 -95.951963 -2137.759597 -3545.740877 0.878668 0.023210 0.476869 -0.144749 0.964757 0.219755 -0.454962 -0.262118 0.851060
-65.929155 -92.477351 468.592959 3179.593269 0.950191 0.035906 0.309592 0.123383 -0.955524 -0.267862 -0.286204 -0.292718 0.912361
-65.342520 -94.379215 -1687.046876 2180.390176 0.896574 0.040484 0.441039 -0.078170 0.994645 0.067607 -0.435940 -0.095091 0.894938
-62.314825 -93.849475 -5282.335365 1796.989162 0.824068 0.004993 0.566468 -0.068147 0.993573 0.090379 -0.562377 -0.113082 0.819112
-58.434269 -93.517971 -5615.611406 -2409.784667 0.781817 0.020799 0.623161 -0.170971 0.968287 0.182181 -0.599609 -0.248975 0.760579
36.857338 -97.135043 -184.592461 8588.713662 0.771365 -0.245939 0.586950 -0.634738 -0.230853 0.737438 0.045866 0.941393 0.334178
25.349847 -101.240906 2451.610885 2589.535871 0.789255 -0.303061 0.534070 -0.565168 -0.018400 0.824771 0.240129 0.952793 0.185803
37.496322 -98.921495 5445.649356 10369.785074 0.804546 -0.354837 0.476231 -0.578227 -0.285076 0.764451 0.135493 0.890406 0.434533
-9.618171 -58.475358 -217.304119 -225.786438 -0.053726 0.954650 0.292843 0.944871 -0.046261 0.324159 -0.323006 -0.294114 0.899535
-9.488741 -56.957635 165.103222 1677.624530 0.015515 -0.955199 -0.295557 0.994961 -0.014535 0.099204 -0.099055 -0.295607 0.950160
-10.534650 -56.304979 -343.092497 -47.247192 -0.038105 0.964373 0.261787 0.948255 -0.047743 0.313900 -0.315215 -0.260202 0.912652
-10.589815 -54.956325 -390.541022 -1979.333106 -0.074516 0.965547 0.249330 0.856928 -0.065875 0.511210 -0.510022 -0.251751 0.822495
-11.915355 -53.241118 -579.654471 -2013.505264 -0.052739 0.973665 0.221801 0.862140 -0.067687 0.502128 -0.503918 -0.217705 0.835866
-11.443931 -54.393936 -273.965498 261.073977 -0.012468 0.974002 0.226194 0.951100 -0.058269 0.303337 -0.308631 -0.218916 0.925647
3.168255 -47.489051 137.779535 -958.036902 0.041185 0.919142 0.391767 0.703203 0.251882 -0.664877 0.709796 -0.302874 0.635969
2.721242 -48.054177 168.018772 -976.898068 0.026752 0.921437 0.387605 0.715024 0.253331 -0.651586 0.698588 -0.294578 0.652072
2.487167 -54.648745 553.748834 -2545.033513 0.035560 0.930563 0.364400 0.596798 0.272700 -0.754630 0.801603 -0.244308 0.545661
1057.283106 -59.318430 822026.742819 -13760.499370 -0.237654 0.939115 -0.248162 -0.494794 0.102811 0.862907 -0.835883 -0.327862 -0.440235
1656.729879 -43.730302 963363.073778 42093.978968 -0.539152 0.690902 -0.481632 0.610198 -0.073711 -0.788812 -0.580494 -0.719181 -0.381846
1372.561923 -55.203546 1395068.103116 -12562.001726 -0.298276 0.938609 -0.173334 -0.534877 -0.013963 0.844815 -0.790531 -0.344700 -0.506205
-4.101075 -116.557201 -102.808184 8476.700646 -0.721211 0.080527 -0.688019 0.378518 0.877641 -0.294058 0.580154 -0.472506 -0.663446
-3.838710 -127.080395 132.511243 10240.526349 -0.706573 0.120497 -0.697306 0.440688 0.845916 -0.300368 0.553669 -0.519526 -0.650802
-3.217867 -102.536875 -261.530786 3525.590175 -0.708958 0.117431 -0.695406 0.312304 0.936366 -0.160269 0.632333 -0.330801 -0.700518
-3.016441 -115.261668 376.899740 8434.415110 -0.723973 0.075718 -0.685660 0.250207 0.955094 -0.158717 0.642852 -0.286464 -0.710408
-5.568637 -143.707850 790.011649 16086.501381 -0.723359 0.050703 -0.688608 0.395756 0.847671 -0.353314 0.565799 -0.528093 -0.633237
-6.408599 -74.689899 -1317.849367 -4298.448124 -0.683221 0.244584 -0.688032 0.111908 0.966177 0.232334 0.721586 0.081739 -0.687483
-6.401724 -69.663618 -874.305474 -4711.670929 -0.699272 0.204453 -0.684994 0.095222 0.976329 0.194202 0.708485 0.070573 -0.702188
-9.163132 -75.836876 -2154.326054 -7371.238146 -0.685516 0.237474 -0.688239 0.050552 0.958553 0.280393 0.726300 0.157422 -0.669109
-8.848627 -81.276294 -1956.217178 -4930.215473 -0.676832 0.269934 -0.684861 -0.001390 0.929873 0.367878 0.736136 0.249943 -0.628993
-11.825873 -79.814973 -784.360088 -4306.289714 -0.703842 0.226039 -0.673434 -0.060902 0.925330 0.374241 0.707741 0.304420 -0.637519
-0.112856 -30.942234 1560.211988 633.275459 -0.133561 0.990808 -0.021467 0.347061 0.026472 -0.937469 0.928283 0.132660 0.347406
1.302841 -32.037760 176.179977 946.200453 -0.114021 0.993419 0.010831 0.371468 0.052742 -0.926947 0.921418 0.101668 0.375037
-0.270518 -33.588163 1556.005854 1104.560298 -0.133011 0.990846 -0.023072 0.434408 0.037359 -0.899941 0.890841 0.129725 0.435401
-4.834231 -217.379125 -1489.727434 19778.557168 0.870529 0.027280 0.491361 0.383795 0.587326 -0.712566 0.308028 -0.808891 -0.500814
-3.193072 -236.926983 -885.899979 6669.344464 0.869814 0.040831 0.491688 0.473583 0.210371 -0.855256 0.138358 -0.976769 -0.163646
-1.910898 -285.390129 -2799.105915 43964.837584 0.877543 0.005678 0.479465 0.416393 0.486820 -0.767869 0.237773 -0.873484 -0.424841
-0.770522 -220.321246 -1707.217851 28548.533246 0.868783 0.024376 0.494592 0.327884 0.720160 -0.611442 0.371090 -0.693380 -0.617671
-1.217493 -236.993502 -2905.397663 36894.236333 0.865106 0.011562 0.501455 0.298780 0.791140 -0.533694 0.402892 -0.611526 -0.680965
39.300740 -6.454036 9938.844450 -1405.893483 -0.855985 -0.078518 -0.511004 -0.186188 0.968897 0.163008 0.482311 0.234675 -0.843981
48.227963 -4.707172 9403.540431 -546.433914 -0.828187 -0.103799 -0.550756 -0.216136 0.965837 0.142982 0.517099 0.237454 -0.822328
47.889212 -5.629395 2336.489616 -746.247072 -0.747940 -0.099440 -0.656275 -0.237778 0.963238 0.125038 0.619715 0.249569 -0.744089
44.505095 -6.224453 3414.077843 -1929.544213 -0.763337 -0.086172 -0.640227 -0.220079 0.966467 0.132316 0.607356 0.241902 -0.756704
-40.655383 -556.582913 16320.513088 134966.899344 -0.336968 0.733793 -0.589916 0.599509 0.650348 0.466515 -0.725976 0.196459 0.659062
-65.079215 -542.180238 -8735.349706 133867.639181 0.411868 -0.690369 0.594774 0.603911 0.695579 0.389180 -0.682390 0.198899 0.703408
-17.315433 -1748.663674 -1559.503416 576045.040915 0.524529 -0.626173 0.576868 0.764156 0.645010 0.005314 -0.375413 0.438030 0.816820
-41.682228 -882.533150 -15867.865040 318508.354533 0.581556 -0.498580 0.642815 0.689841 0.721052 -0.064839 -0.431176 0.481147 0.763273
9.406657 -424.746878 -13631.837066 59370.618284 0.439187 -0.591411 0.676275 0.458104 0.794966 0.397705 -0.772823 0.135137 0.620067
6.579166 -48.481314 -2864.828841 -1033.402708 0.022083 0.997882 0.061190 0.890880 0.008134 -0.454165 0.453701 -0.064542 0.888814
5.990122 -50.987692 -3521.136803 -553.537025 0.040438 0.997478 0.058325 0.823327 -0.000191 -0.567567 0.566124 -0.070972 0.821259
3.451655 -47.626885 -1691.319390 -1052.528161 0.022405 0.997307 0.069841 0.890271 0.011883 -0.455275 0.454879 -0.072377 0.887607
4.510176 -44.240283 -1608.485298 -1914.543631 0.006544 0.997309 0.073015 0.939831 0.018807 -0.341121 0.341577 -0.070854 0.937179
6.794761 -44.893865 -2152.671749 -1936.457589 0.001603 0.998133 0.061054 0.940519 0.019238 -0.339195 0.339737 -0.057966 0.938733
4.957171 -22.919562 1018.121000 2060.548104 -0.448731 0.891757 0.058395 -0.460928 -0.174967 -0.870018 0.765628 0.417320 -0.489549
4.126363 -18.123656 173.318780 2109.460662 -0.424363 0.900918 0.090895 -0.517587 -0.158979 -0.840731 0.742980 0.403822 -0.533769
9.736682 -23.846142 1949.039871 1950.418746 -0.411521 0.904786 0.109602 -0.486122 -0.116182 -0.866133 0.770932 0.409712 -0.487648
10.167224 -27.662425 2802.376814 1866.615447 -0.441009 0.894602 0.072101 -0.423753 -0.136731 -0.895398 0.791167 0.425432 -0.439390
4.779068 -27.752060 1966.447752 1880.094792 -0.465366 0.884351 0.036847 -0.399800 -0.172879 -0.900151 0.789680 0.433632 -0.434016
4.064211 -92.452452 -968.408986 46495.248212 -0.028712 0.986405 0.161804 -0.696223 -0.135885 0.704846 -0.717251 0.092414 -0.690660
6.155639 -72.709944 -827.178009 23835.328434 -0.020999 0.981901 0.188226 -0.677262 -0.152461 0.719772 -0.735442 0.112363 -0.668206
3.714020 -56.414920 -809.038396 9398.583163 0.014148 0.993709 0.111096 -0.676115 -0.072349 0.733236 -0.736660 0.085487 -0.670838
-380.710185 -493.373862 93163.271939 110079.983398 -0.289510 0.954815 0.067175 -0.942705 -0.296587 0.152784 -0.165804 0.019094 -0.985974
-211.942607 -407.742434 52966.005224 -37149.404123 -0.150875 0.981018 0.121818 -0.926264 -0.097241 -0.364114 0.345356 0.167771 -0.923354
-255.414654 -377.459075 57626.338765 -30712.649069 0.051551 0.994077 -0.095672 -0.938230 0.015386 -0.345671 0.342151 -0.107582 -0.933466
40.987376 -67.156531 -60.705556 -4842.776240 -0.237992 0.970638 -0.034945 -0.907450 -0.209384 0.364270 -0.346257 -0.118404 -0.930638
35.074563 -49.027636 -286.418795 -2296.973714 -0.248966 0.957857 -0.143266 -0.902709 -0.175903 0.392651 -0.350903 -0.227084 -0.908460
43.968074 -57.545992 -1262.808502 -2448.343454 -0.151499 0.979342 -0.133929 -0.960478 -0.113844 0.254010 -0.233516 -0.167118 -0.957884
49.029900 -72.321734 -1680.372692 -516.292400 -0.131951 0.990331 -0.042813 -0.966917 -0.119079 0.225593 -0.218314 -0.071164 -0.973280
49.149766 -70.260416 -3088.561539 -4221.725452 -0.053667 0.987725 -0.146697 0.991545 0.035331 -0.124860 -0.118144 -0.152157 -0.981270
5.808877 -100.433365 6688.700811 29137.548768 0.218385 0.843309 -0.491059 -0.535978 0.524164 0.661800 -0.815497 -0.118669 -0.566464
-38.216196 -222.116711 927.232509 71800.346296 0.080003 0.910563 -0.405555 -0.448161 0.396277 0.801322 -0.890366 -0.117646 -0.439782
0.319404 -67.807290 -5279.317200 4888.057187 -0.049694 0.854500 -0.517070 -0.821387 0.259562 0.507889 -0.568202 -0.449953 -0.688976
75.017709 -54.133632 -1458.202672 5355.987721 0.770576 -0.488107 0.409834 0.626302 0.699108 -0.344953 0.118144 -0.522493 -0.844419
60.905596 -44.712919 3735.415100 807.243408 0.812079 -0.370845 0.450556 0.531133 0.789538 -0.307455 0.241713 -0.488983 -0.838135
65.125724 -44.787440 -44.136124 5623.008182 0.730588 -0.596638 0.332060 0.674348 0.706820 -0.213681 0.107216 -0.380037 -0.918737
70.903427 -52.747323 9920.721167 8079.703358 -0.678923 0.697705 -0.228629 0.732628 0.623351 -0.273294 -0.048162 -0.353046 -0.934366
54.715974 -42.142679 9063.748345 5565.055707 -0.678089 0.712532 -0.180257 0.734887 0.653398 -0.181695 -0.011684 -0.255674 -0.966692
-13.216636 -18.134490 -707.067847 913.674882 0.138510 0.566519 0.812324 -0.004985 0.820619 -0.571454 -0.990348 0.075103 0.116488
-10.518380 -16.583020 916.056322 -22.957740 0.148821 0.915440 0.373926 0.070992 -0.387052 0.919321 -0.986313 0.110269 0.122590
-10.572642 -17.824475 -416.257467 338.244287 0.119342 0.749664 0.650969 0.002954 -0.655920 0.754824 -0.992849 0.088159 0.080494
-10.408018 -19.565688 -757.740278 783.213687 0.104955 0.582822 0.805793 0.001748 0.810159 -0.586208 -0.994475 0.062934 0.084012
-11.811041 -20.333161 -1085.344912 1663.498330 0.121720 0.451213 0.884076 -0.013204 0.891356 -0.453111 -0.992477 0.043479 0.114453
8.003600 -95.846212 747.747288 -2777.308600 0.215364 0.962921 0.162488 0.964956 -0.184298 -0.186800 -0.149927 0.197024 -0.968867
10.148170 -96.207600 690.901842 1609.199836 0.213464 0.966639 0.141573 0.972019 -0.195602 -0.130071 -0.098039 0.165377 -0.981345
8.199350 -97.974004 1551.062578 2393.101525 0.212091 0.959476 0.185534 0.972155 -0.226509 0.060069 0.099660 0.167627 -0.980800
4.131780 -98.772395 1332.126008 -2540.220483 0.212247 0.957091 0.197302 0.976323 -0.216318 -0.000939 0.041781 0.192830 -0.980342
4.701751 -93.913931 380.952792 -4572.081688 0.225482 0.958336 0.175358 0.953388 -0.180003 -0.242178 -0.200523 0.221791 -0.954253
7.573970 -80.427318 2039.703410 -11912.495361 -0.345848 -0.892446 -0.289706 0.922242 -0.380184 0.070205 -0.172796 -0.242899 0.954538
8.267590 -58.548630 -945.207427 -8757.487553 0.310630 0.914346 0.259771 0.904267 -0.368484 0.215687 -0.292934 -0.167904 0.941275
11.099800 -76.696819 428.423866 -8069.970091 -0.329336 -0.913478 -0.238947 0.930550 -0.356901 0.081850 -0.160048 -0.195396 0.967577
-2.894288 -43.286919 -3216.399179 -1128.232557 0.909637 0.192270 0.368228 -0.305939 0.909712 0.280758 0.281001 0.368043 -0.886331
-9.726976 -44.882238 -4340.820238 -1530.900785 0.886764 0.251535 0.387789 -0.395410 0.847294 0.354603 0.239376 0.467785 -0.850809
-12.823634 -39.872151 -4299.656787 -1683.023516 0.917204 0.160289 0.364753 -0.281645 0.908391 0.309034 0.281804 0.386178 -0.878324
-18.640244 -40.956577 -3965.048517 -1659.031753 0.875902 0.225334 0.426638 -0.389023 0.852881 0.348216 0.285407 0.470975 -0.834701
-7.504944 -40.045664 -4690.673883 -1512.172060 0.935193 0.110966 0.336304 -0.201528 0.947638 0.247727 0.291205 0.299447 -0.908587
-21.068976 -35.502067 -2436.040017 -733.939192 0.909114 0.057047 0.412623 -0.214427 0.913341 0.346163 0.357118 0.403179 -0.842564
-15.240980 -36.473194 3843.928142 -836.532926 -0.944763 0.053822 -0.323305 -0.051158 0.950118 0.307665 0.323737 0.307211 -0.894883
48.330841 -11.226890 -3408.837536 1125.248577 -0.216270 0.975778 -0.032942 0.656538 0.170322 0.734812 -0.722624 -0.137290 0.677471
36.470168 -5.933160 -11964.807141 2547.199025 -0.433785 0.900394 -0.033499 0.608997 0.320393 0.725583 -0.664043 -0.294346 0.687319
59.728043 -15.175478 -7236.516944 1575.379314 -0.333244 0.939902 -0.074388 0.598833 0.271936 0.753292 -0.728250 -0.206484 0.653465
-10.331304 -97.788089 -2920.541257 4276.282613 0.679487 0.625758 0.383046 0.732741 -0.605289 -0.310991 0.037249 0.491988 -0.869805
-5.663973 -105.331440 -2663.962268 2749.398567 0.674755 0.629382 0.385467 0.727534 -0.479398 -0.490787 -0.124100 0.611601 -0.781373
-11.926173 -104.726438 -3456.520332 2549.369519 0.658181 0.636651 0.401837 0.742291 -0.459656 -0.487566 -0.125702 0.619187 -0.775117
-8.871814 -110.244583 -2678.608328 1803.384748 0.652839 0.635882 0.411650 0.709174 -0.322078 -0.627166 -0.266220 0.701370 -0.661216
-13.454076 -110.284894 -2484.310837 1436.134917 0.643329 0.627923 0.437996 0.721197 -0.305071 -0.621938 -0.256909 0.715992 -0.649117
-14.417742 -97.899142 -3077.461499 4454.704867 0.665751 0.625274 0.407195 0.746173 -0.558772 -0.361939 0.001218 0.544799 -0.838566
1.678941 -105.770120 -2690.471343 2624.985301 0.688425 0.623444 0.370660 0.715685 -0.500927 -0.486690 -0.117750 0.600325 -0.791040
-2.258045 -110.330445 -2829.456796 1795.875191 0.668643 0.636341 0.384690 0.693983 -0.348257 -0.630162 -0.267027 0.688322 -0.674470
-2.602157 -100.456402 -1774.227600 3853.086960 0.689239 0.616818 0.380113 0.724172 -0.603056 -0.334511 0.022896 0.505825 -0.862332
-4.661221 -216.687344 -326.401192 16281.877029 0.493187 0.514760 0.701276 0.867321 -0.353271 -0.350648 0.067241 0.781167 -0.620691
-7.926684 -240.210380 -3053.258263 26176.048132 0.480308 0.559551 0.675430 0.841258 -0.511783 -0.174251 0.248172 0.651905 -0.716541
-7.108260 -195.110917 1794.591629 15140.715130 0.475328 0.490219 0.730581 0.780896 -0.617600 -0.093654 0.405296 0.615024 -0.676373
-4.659961 -173.410725 -2821.707120 -3547.561888 0.553026 0.523656 0.648033 0.744858 -0.659233 -0.102950 0.373294 0.539627 -0.754622
-2.930806 -190.013262 -1338.538938 9239.857293 0.522080 0.515823 0.679235 0.827174 -0.500336 -0.255826 0.207884 0.695407 -0.687891
-2.808558 -79.048749 -2785.362368 8405.555117 0.508381 0.274535 0.816198 0.190959 0.888281 -0.417722 -0.839693 0.368223 0.399160
3.307872 -74.207375 -904.839360 14864.302809 0.515078 0.217184 0.829171 0.180874 0.918043 -0.352820 -0.837842 0.331705 0.433581
-11.773400 -123.921407 -5339.995183 22555.704882 0.486362 0.348322 0.801326 0.009041 0.915048 -0.403243 -0.873710 0.203367 0.441896
3.076574 -63.270666 716.565128 2507.238282 0.539252 0.204812 0.816859 0.225138 0.899610 -0.374186 -0.811492 0.385687 0.439006
-195.733166 -403.427375 36120.537926 -88652.213916 0.249384 0.695605 0.673752 0.966042 -0.227261 -0.122941 0.067599 0.681532 -0.728659
-64.393706 -500.020417 11900.960012 -146867.534627 0.231305 0.620169 0.749592 0.935841 -0.352412 0.002788 0.265894 0.700855 -0.661894
-35.080242 -1008.739227 -10259.282052 306030.600028 -0.093708 -0.624501 -0.775382 -0.645003 0.631350 -0.430544 0.758413 0.459778 -0.461967
35.189731 -4216.968701 -14078.457052 -1952549.671756 0.166157 0.697206 0.697349 0.986098 -0.118787 -0.116194 0.001824 0.706961 -0.707250
-4.736280 -441.441201 7652.826798 -155010.050954 -0.132363 0.639132 0.757621 0.990077 0.121641 0.070359 -0.047189 0.759416 -0.648891
-229.250401 -489.953530 9575.900144 216545.613085 -0.480636 0.873223 0.080438 -0.851095 -0.486612 0.197093 -0.211249 -0.026270 -0.977079
235.476788 -1059.924175 -53146.093434 276721.084914 0.836485 0.446647 0.317490 -0.546186 0.632575 0.549116 -0.044425 0.632736 -0.773092
0.717652 -87.063669 1044.944986 1416.194714 -0.770033 -0.513822 -0.378200 -0.440624 0.857005 -0.267194 0.461410 -0.039104 -0.886325
-0.401037 -87.251886 1240.227062 1346.529797 -0.785331 -0.482998 -0.387257 -0.313241 0.849576 -0.424382 0.533980 -0.211975 -0.818493
2.054021 -88.475542 263.838295 -163.251789 -0.781997 -0.476640 -0.401617 -0.370572 0.873649 -0.315300 0.501156 -0.097735 -0.859820
-0.109789 -93.596929 1145.816586 2323.649929 -0.795340 -0.457683 -0.397443 -0.251908 0.845932 -0.470044 0.551341 -0.273725 -0.788098
-11.035721 -32.568920 587.362409 1284.520850 0.043102 0.862216 0.504703 -0.147221 -0.494176 0.856806 -0.988164 0.111233 -0.105636
-9.816486 -32.574604 1144.627674 1046.770449 0.070887 0.865335 0.496155 -0.173988 -0.479055 0.860369 -0.982193 0.147314 -0.116599
-11.769706 -36.466649 728.805290 976.213581 0.049271 0.888364 0.456489 -0.246782 -0.432045 0.867431 -0.967818 0.155393 -0.197945
-12.588978 -36.397452 198.990318 1092.133571 0.028555 0.901437 0.431969 -0.225026 -0.415255 0.881434 -0.973934 0.122374 -0.190989
-11.398847 -32.522414 -4.957787 1548.137902 0.022010 0.875253 0.483165 -0.122475 -0.477281 0.870174 -0.992228 0.078328 -0.096692
-37.607693 -85.583350 16685.336491 -23813.746443 0.919732 0.371893 -0.125657 0.003073 0.313275 0.949658 -0.392536 0.873816 -0.286986
-124.760660 -235.403766 15508.617040 75276.749565 0.130812 0.371465 0.919185 0.939207 0.250448 -0.234873 -0.317455 0.894030 -0.316121
-63.413809 -117.926486 -1768.888279 31676.866311 -0.579499 0.010900 0.814900 0.702713 0.513116 0.492856 -0.412766 0.858250 -0.305010
1.797581 -698.258393 -4219.369485 -149963.376118 0.931511 0.299327 0.206616 -0.038029 0.645115 -0.763138 0.361719 -0.703015 -0.612315
4.360377 -399.752134 -1818.975245 30968.343695 0.944863 0.181329 0.272680 0.021799 0.796020 -0.604878 0.326740 -0.577471 -0.748176
15.553247 -661.734821 5306.367931 -178997.607663 0.925059 0.131055 0.356496 0.312982 0.268750 -0.910942 0.215192 -0.954253 -0.207592
-20.378423 -1408.769707 -5980.014531 -395690.935575 0.957912 0.197606 0.208222 0.184486 0.131949 -0.973938 0.219930 -0.971361 -0.089940
-48.198161 -82.989388 -1486.368874 1679.748807 -0.312449 0.942207 -0.120916 0.938086 0.326084 0.116895 -0.149569 0.076906 0.985756
-55.113653 -78.876306 111.548807 5343.066601 0.132741 -0.969604 0.205543 0.988889 0.143562 0.038589 -0.066925 0.198137 0.977887
-62.915172 -80.401382 2415.647230 6507.331640 0.991212 -0.120377 0.054846 -0.082671 -0.887385 -0.453556 -0.103267 -0.445036 0.889538
-63.439138 -74.826530 185.936439 11416.424536 0.950988 0.012380 0.308981 0.164958 -0.865463 -0.473035 -0.261555 -0.500820 0.825087
-54.561844 -69.500682 -6706.785633 9239.144037 0.657575 0.356315 0.663803 0.622832 -0.752835 -0.212883 -0.423881 -0.553425 0.716970
-44.298922 -59.951309 19901.713651 1087.119632 0.050488 -0.753243 -0.655802 0.967085 -0.127098 0.220436 -0.249393 -0.645346 0.722033
-51.319484 -62.664461 12108.336890 -2902.287981 0.586718 -0.675841 -0.446095 0.804129 0.421214 0.419470 -0.095593 -0.604829 0.790597
-4.749047 -53.660323 -1099.441944 -2949.079972 0.867480 -0.353655 0.349868 -0.069952 0.609586 0.789627 0.492530 0.709460 -0.504065
-6.505691 -48.055915 148.235938 -954.508919 0.853077 -0.368374 0.369541 -0.022839 0.681184 0.731756 0.521285 0.632684 -0.572689
-6.280882 -48.251747 -44.615969 -187.659529 0.858427 -0.372460 0.352671 0.002020 0.690004 0.723803 0.512932 0.620619 -0.593070
-6.400011 -48.656197 -262.551073 -1717.685149 0.845125 -0.355499 0.399229 -0.067110 0.670360 0.738995 0.530340 0.651335 -0.542681
-4.334066 -48.767797 -420.476075 761.948285 0.863910 -0.380075 0.330456 -0.015913 0.635203 0.772182 0.503394 0.672354 -0.542710
-3.677700 -57.344291 17.241019 -3609.279609 0.847986 -0.334787 0.410898 -0.145055 0.599063 0.787453 0.509782 0.727352 -0.459435
-0.766604 -70.125885 -1136.512850 -7964.692339 0.862723 -0.340785 0.373597 -0.161627 0.514219 0.842292 0.479151 0.787048 -0.388549
1.876435 -65.467503 -2184.242274 -8238.262694 0.874486 -0.385038 0.294991 -0.074053 0.495055 0.865700 0.479364 0.778888 -0.404406
-0.612656 -51.490866 -1691.655658 -2070.430074 0.870853 -0.403027 0.281396 -0.015952 0.549000 0.835670 0.491284 0.732235 -0.471670
-8.800171 -59.426198 153.461597 1520.646479 0.027962 -0.943960 -0.328872 0.994070 -0.008327 0.108421 -0.105084 -0.329953 0.938130
-8.475984 -54.187550 86.955955 2188.719861 -0.018763 -0.945995 -0.323639 0.992527 0.021413 -0.120133 0.120576 -0.323475 0.938523
-9.065039 -51.679272 33.859262 2092.762560 -0.032797 -0.957077 -0.287974 0.992898 0.001769 -0.118957 0.114361 -0.289830 0.950221
1.745568 -50.175540 -0.667277 1759.567366 -0.023357 0.909725 0.414553 0.814115 0.257977 -0.520254 0.580234 -0.325342 0.746647
0.803045 -59.403264 49.568311 4113.861749 -0.067295 0.898569 0.433641 0.893240 0.247896 -0.375060 0.444516 -0.362106 0.819320
1.663528 -53.368370 158.691248 2391.664060 -0.047014 0.909264 0.413555 0.820699 0.271171 -0.502911 0.569423 -0.315760 0.758982
0.935726 -55.800407 -72.126576 3503.660292 -0.041055 0.900761 0.432371 0.886954 0.232095 -0.399305 0.460030 -0.367100 0.808462
2.190362 -51.590772 -79.710060 -673.880939 0.006912 0.925694 0.378211 0.733805 0.252245 -0.630795 0.679325 -0.281893 0.677535
2.198595 -49.414567 -51.872023 -970.210814 0.019170 0.922847 0.384689 0.726903 0.251312 -0.639105 0.686473 -0.291883 0.666002
2.130623 -47.780609 -74.246525 1199.176531 0.000520 0.910456 0.413605 0.807294 0.243707 -0.537479 0.590150 -0.334181 0.734879
8.195335 -91.692799 536.173005 6798.428560 -0.177606 0.936875 0.301199 0.895674 0.280690 -0.344936 0.407705 -0.208513 0.888987
4.918592 -84.996934 756.764813 3722.960331 -0.143135 0.944829 0.294637 0.772089 0.292850 -0.564019 0.619185 -0.146755 0.771409
7.210655 -82.768675 -72.640472 5548.259183 -0.190150 0.922794 0.335105 0.856528 0.322745 -0.402735 0.479794 -0.210447 0.851769
3.481325 -89.465094 1537.367830 6199.637779 -0.128769 0.958250 0.255295 0.794088 0.253840 -0.552258 0.594005 -0.131613 0.793622
9.933269 -93.894622 1239.404865 7639.312524 0.235098 -0.904831 -0.354980 0.942249 0.301792 -0.145220 0.238529 -0.300338 0.923526
14.839755 -105.811788 -1075.801873 3578.056033 0.211505 -0.930177 -0.300060 0.971472 0.233771 -0.039919 0.107277 -0.283056 0.953085
7.010185 -102.464567 2067.779901 6784.454989 -0.150557 0.956632 0.249376 0.923947 0.225886 -0.308704 0.351647 -0.183933 0.917885
-0.357600 -67.393114 -858.284346 -1096.218872 -0.147023 0.859311 0.489867 0.897864 0.323727 -0.298399 0.415000 -0.395962 0.819139
0.327848 -67.735484 1514.926218 1628.420559 0.111343 -0.858445 -0.500675 0.960312 0.222590 -0.168088 0.255740 -0.462089 0.849159
2.547144 -64.859604 2346.745777 -3328.659870 0.124742 -0.853523 -0.505903 0.924947 0.284548 -0.252001 0.359043 -0.436498 0.824959
-1.767538 -70.693322 64.832673 2287.122105 0.135353 -0.868238 -0.477328 0.947365 0.254485 -0.194258 0.290135 -0.425911 0.856984
1.104609 -78.372288 -919.945792 -6098.638939 -0.136029 0.876030 0.462675 0.849474 0.343452 -0.400543 0.509794 -0.338545 0.790884
-1.367451 -67.719982 239.538345 1200.817046 -0.149334 0.871129 0.467797 0.872210 0.338912 -0.352687 0.465777 -0.355349 0.810419
-0.433698 -75.186969 289.129105 -2530.178481 -0.135820 0.886859 0.441627 0.807081 0.357574 -0.469853 0.574608 -0.292613 0.764332
-4.291637 -154.455477 -1101.284919 23662.052729 0.718953 -0.144626 0.679845 0.495467 0.792614 -0.355352 0.487462 -0.592322 -0.641510
-5.821138 -157.373226 -2278.722607 21117.517179 0.724839 -0.144251 0.673647 0.554964 0.701643 -0.446891 0.408195 -0.697774 -0.588632
-5.321945 -177.924797 -1436.767795 18252.824612 0.716417 -0.138187 0.683850 0.637087 0.529103 -0.560509 0.284372 -0.837230 -0.467096
-8.131427 -162.110090 -2685.381160 14724.763775 0.721950 -0.144085 0.676778 0.640469 0.509342 -0.574779 0.261894 -0.848416 -0.460001
-6.618780 -151.600267 -39.043631 15631.116802 0.715028 -0.093281 0.692845 0.594945 0.601630 -0.532993 0.367118 -0.793310 -0.485679
-3.719992 -67.627947 31.882386 -1630.209517 -0.707312 0.178768 -0.683924 0.139340 0.983772 0.113039 0.693033 -0.015344 -0.720743
-4.752836 -36.186565 1679.975178 1208.515535 -0.128989 0.991605 -0.009058 0.489699 0.055752 -0.870107 0.862297 0.116670 0.492779
-10.325356 -39.382850 1002.040007 1189.311623 -0.106764 0.993653 0.035427 0.543138 0.088129 -0.835006 0.832828 0.069907 0.549099
-9.615235 -36.237003 1140.241714 1011.288094 -0.089214 0.995899 -0.015027 0.443587 0.026220 -0.895848 0.891780 0.086588 0.444107
-0.950960 -194.342333 -2375.014713 47344.560806 0.799889 0.028134 0.599488 -0.395657 -0.726361 0.562010 -0.451256 0.686737 0.569877
-10.632214 -277.954641 -4273.742545 95129.655030 0.782028 -0.001699 0.623241 -0.427617 -0.728953 0.534576 -0.453405 0.684562 0.570788
-3.939104 -338.715877 -4012.880650 103941.757638 0.800609 0.015627 0.598983 -0.519209 -0.480877 0.706527 -0.299078 0.876649 0.376881
-13.572437 -269.716401 -2928.606188 54844.648882 0.829726 -0.024568 0.557630 -0.524365 -0.376704 0.763633 -0.191301 0.926008 0.325444
4.007722 -370.415158 -733.814766 91831.349336 0.752050 -0.004657 0.659090 -0.566728 -0.515113 0.643022 -0.336512 0.857109 0.390030
5.725949 -291.530528 -1721.078637 34683.196987 0.814124 -0.004238 0.580676 -0.579128 -0.079268 0.811374 -0.042590 0.996844 0.066988
-7.569908 -271.838162 -1357.184966 32702.445581 0.819165 -0.036292 0.572408 -0.573420 -0.073682 0.815942 -0.012564 0.996621 0.081169
50.724068 -2.959962 838.188352 454.575828 -0.740102 -0.117031 -0.662234 -0.263572 0.956436 0.125541 0.618692 0.267459 -0.738706
2.092525 -50.048319 -2038.327700 -701.390309 0.044024 0.997151 0.061254 0.823203 -0.001468 -0.567745 0.566037 -0.075419 0.820923
26.688479 -36.694344 -2817.046583 566.793580 -0.049000 0.992180 0.114792 -0.670807 0.052461 -0.739775 0.740012 0.113253 -0.662990
28.350931 -33.508305 -1107.866048 855.382424 -0.083141 0.979098 0.185618 -0.660084 0.085436 -0.746317 0.746576 0.184573 -0.639184
30.346187 -29.088816 -1187.005764 1639.417114 -0.036242 0.972750 0.229006 -0.725089 0.132099 -0.675867 0.687701 0.190544 -0.700543
7.511162 -19.029464 1472.379467 1977.491720 -0.359840 0.916316 0.175727 -0.562250 -0.062661 -0.824590 0.744574 0.395524 -0.537746
-241.462833 -336.985767 11750.536152 17762.396494 0.116797 0.853209 -0.508324 0.930661 0.084668 0.355951 0.346740 -0.514651 -0.784159
-265.464725 -469.198973 -35333.115214 100567.052085 0.285838 0.626130 -0.725437 0.855552 0.174257 0.487509 0.431657 -0.759997 -0.485877
-271.610763 -452.625869 -44937.417576 58930.046058 0.293004 0.606953 -0.738754 0.954476 -0.140512 0.263121 0.055898 -0.782218 -0.620492
-52.958072 -267.708652 -827.913437 95276.798601 -0.122381 0.968747 -0.215760 0.992427 0.117126 -0.037023 -0.010595 -0.218657 -0.975744
-59.040503 -95.783405 -18838.767137 -20486.917161 -0.063625 0.919392 -0.388164 -0.863726 0.144113 0.482917 -0.499930 -0.365992 -0.784933
-51.799185 -146.322298 2819.755222 -51397.469476 -0.086545 0.980757 -0.175001 -0.931537 -0.017389 0.363230 -0.353197 -0.194455 -0.915117
-118.872325 -252.594165 -19476.888686 80992.196444 -0.348684 0.928093 -0.130627 -0.432096 -0.035507 0.901128 -0.831692 -0.370652 -0.413406
-60.160741 -283.577954 10507.521111 -111440.895093 -0.266225 0.962260 0.056385 -0.962746 -0.268323 0.033516 -0.047381 0.045362 -0.997846
65.738034 -57.408151 5346.979035 3157.673425 0.816737 -0.227114 0.530433 0.487621 0.763149 -0.424062 0.308489 -0.604998 -0.734038
40.341130 -52.336237 3566.789437 -3145.966200 0.858712 -0.124979 0.496984 0.336997 0.868331 -0.363915 0.386065 -0.479980 -0.787765
42.001963 -42.630208 2944.760605 -1969.462992 0.849274 -0.296527 0.436813 0.431012 0.867230 -0.249282 0.304898 -0.399980 -0.864322
51.251823 -51.008455 4929.837936 -2657.934548 0.837258 -0.175847 0.517761 0.417646 0.816829 -0.397946 0.352945 -0.549425 -0.757339
-3.699751 -18.003344 2304.147525 -611.284871 0.177982 0.943276 0.280273 0.119099 -0.303376 0.945399 -0.976800 0.134884 0.166338
-9.141537 -18.818352 1869.109426 -783.335842 0.154326 0.958614 0.239256 0.135844 -0.260444 0.955885 -0.978637 0.115016 0.170415
-11.132476 -21.549683 2336.419307 -1479.517811 0.135420 0.974740 0.177607 0.185707 -0.201053 0.961816 -0.973229 0.097266 0.208242
-3.073810 -22.157842 2582.615102 -1665.899333 0.169010 0.961396 0.217149 0.173066 -0.245843 0.953734 -0.970301 0.123610 0.207935
-5.870749 -58.053481 -183.070599 -1761.287033 0.244047 0.969731 0.007905 -0.223794 0.048385 0.973435 -0.943588 0.239333 -0.228828
-4.104997 -54.335037 -586.878564 -1746.772784 0.226154 0.973660 -0.028985 -0.405698 0.121201 0.905936 -0.885587 0.193122 -0.422422
-5.078581 -61.172503 -648.889188 -1831.279889 0.213513 0.976711 0.021156 -0.216893 0.026276 0.975842 -0.952560 0.212943 -0.217452
10.406263 -93.434126 836.644310 -5998.231765 0.226515 0.961857 0.153367 -0.964579 0.243380 -0.101751 0.135197 0.124887 -0.982917
3.177224 -58.688517 -2465.692414 -10355.695754 0.298332 0.905214 0.302630 0.905340 -0.368785 0.210612 -0.302254 -0.211151 0.929547
4.061770 -46.675832 -1269.526668 -3643.281123 0.199371 0.946456 0.253914 0.898993 -0.279771 0.336956 -0.389952 -0.161087 0.906636
8.211471 -51.136966 -373.963836 -1330.764701 0.204702 0.956585 0.207465 0.897646 -0.267974 0.349888 -0.390293 -0.114608 0.913530
-0.455441 -47.885055 -2754.889262 -1832.398223 0.888458 0.241761 0.390121 -0.388991 0.847772 0.360512 0.243576 0.472053 -0.847252
-4.461006 -51.715072 -3188.157376 -2891.704807 0.865703 0.286863 0.410206 -0.457981 0.784662 0.417802 0.202021 0.549559 -0.810662
-12.876915 -48.366598 -3234.769825 -2470.133492 0.821170 0.336911 0.460619 -0.527145 0.757016 0.386063 0.218627 0.559837 -0.799240
-31.618256 -69.164739 5135.815082 6923.918544 0.775772 0.273324 0.568747 -0.059365 0.928937 -0.365447 -0.628215 0.249739 0.736869
-39.759707 -63.505185 5278.253622 9114.821975 0.733051 0.322454 0.598882 -0.014796 0.887835 -0.459924 -0.680013 0.328287 0.655600
-44.611987 -76.752281 4993.852952 7527.598412 0.714827 0.214367 0.665634 -0.014399 0.956166 -0.292470 -0.699153 0.199481 0.686580
-34.470571 -79.586370 5238.583007 4589.418660 0.772726 0.184110 0.607452 -0.077362 0.977193 -0.197761 -0.630008 0.105821 0.769345
-11.263594 -112.356431 -2596.868166 433.471477 0.637255 0.630509 0.443130 0.657830 -0.145505 -0.738978 -0.401455 0.762422 -0.507491
-14.880175 -112.298765 -1191.915895 1339.087472 0.635193 0.603361 0.482167 0.687730 -0.157725 -0.708625 -0.351507 0.781715 -0.515136
4.269993 -112.434778 -2721.658710 1288.337728 0.681840 0.629369 0.372811 0.686462 -0.374451 -0.623343 -0.252713 0.680941 -0.687354
6.901365 -108.650538 -2164.092723 2150.335800 0.703396 0.607719 0.368661 0.706458 -0.540495 -0.456927 -0.078424 0.581844 -0.809511
3.853129 -99.928058 -2739.500523 4253.264360 0.706529 0.607053 0.363735 0.706740 -0.631790 -0.318370 0.036536 0.482004 -0.875407
-8.224256 -209.314724 1051.998122 28801.205252 0.462639 0.500057 0.732057 0.837005 -0.518540 -0.174757 0.292213 0.693585 -0.658447
-8.440189 -170.613835 -906.486536 15047.370789 0.462241 0.533881 0.708029 0.772992 -0.633854 -0.026702 0.434531 0.559643 -0.705679
-4.520293 -116.561136 -2842.758878 28340.185414 0.502669 0.300692 0.810499 -0.018457 0.941077 -0.337688 -0.864282 0.154785 0.478600
4.190933 -75.297802 809.238626 15382.464748 0.539288 0.216462 0.813826 0.111896 0.939412 -0.324013 -0.834654 0.265800 0.482393
2.357559 -63.632917 2606.571591 5924.124915 0.565620 0.205873 0.798555 0.183718 0.912545 -0.365389 -0.803941 0.353381 0.478331
-9.433883 -64.126260 6766.900135 8270.375139 0.713628 0.089093 0.694837 -0.376435 -0.787733 0.487620 -0.590789 0.609540 0.528610
-19.588030 -67.092543 1693.749121 -9263.419863 0.669387 0.163227 0.724760 0.319805 0.817236 -0.479426 -0.670556 0.552704 0.494846
-5.092550 -48.237266 6513.980799 -4658.818981 0.611678 -0.046481 0.789740 0.411284 0.871445 -0.267262 -0.675793 0.488286 0.552160
4.155416 -44.608930 6314.279260 -2554.817328 0.619280 -0.063322 0.782613 0.470296 0.828075 -0.305145 -0.628740 0.557030 0.542590
7.815766 -57.413863 10834.786847 6090.712963 0.732020 0.052656 0.679246 -0.420456 -0.749572 0.511231 -0.536063 0.659825 0.526562
-31.224034 -638.549569 7376.885998 142521.246469 0.103996 0.622031 0.776056 -0.741116 0.568831 -0.356620 0.663273 0.538061 -0.520153
18.270738 -1079.725445 -8922.284449 -333322.673897 0.364301 0.565896 0.739626 0.914479 -0.367558 -0.169202 0.176104 0.738013 -0.651402
5.534511 -35.404560 -1812.026728 -3621.639872 0.006264 0.995565 0.093867 0.222205 -0.092908 0.970563 -0.974980 -0.014778 0.221801
6.522539 -41.582354 -1646.920488 -2025.177079 0.025141 0.992448 0.120061 0.324387 -0.121699 0.938063 -0.945590 -0.015363 0.324997
2.235115 -41.351839 -2165.031993 -1808.002961 0.003107 0.995882 0.090607 0.325432 -0.086682 0.941584 -0.945560 -0.026561 0.324361
-1.329008 -92.705953 326.998024 5503.838230 -0.764544 -0.509360 -0.394998 -0.341927 0.839973 -0.421345 0.546404 -0.187076 -0.816361
-0.694309 -97.060949 494.047945 4592.831292 -0.789785 -0.463294 -0.401992 -0.189713 0.807736 -0.558186 0.583308 -0.364584 -0.725831
-1.975300 -95.117905 49.638880 4800.569791 -0.769679 -0.492752 -0.405943 -0.235130 0.809936 -0.537325 0.593556 -0.318119 -0.739251
31.140215 -36.147447 -2034.724630 -673.064880 -0.157835 0.985390 0.063985 -0.719901 -0.070474 -0.690489 0.675892 0.155047 -0.720507
25.699209 -40.558798 -3823.718546 -656.318548 -0.103260 0.994517 0.016544 -0.695743 -0.060332 -0.715753 0.710830 0.085419 -0.698158
32.851722 -34.333825 -1922.408317 -491.674792 -0.209144 0.977778 0.014471 -0.646262 -0.127098 -0.752457 0.733896 0.166724 -0.658483
-9.939737 -36.561052 1332.374308 1154.140170 0.072441 0.883551 0.462698 -0.266442 -0.429913 0.862661 -0.961125 0.185775 -0.204272
8.353277 -350.758096 -663.253984 16204.631697 0.935483 0.171038 0.309222 0.080269 0.749335 -0.657308 0.344136 -0.639721 -0.687261
139.341107 -1724.491492 -39087.471006 -716918.674154 0.975749 0.211186 0.057567 -0.018454 0.341420 -0.939730 0.218112 -0.915878 -0.337037
-25.403875 -81.811419 -6671.870793 3772.963286 -0.317219 0.948336 0.005609 0.946800 0.316356 0.059060 -0.054235 -0.024045 0.998239
-68.019852 -92.983604 2417.535490 2742.011474 0.946643 0.093033 0.308563 -0.110878 0.992997 0.040772 -0.302609 -0.072809 0.950330
-65.312590 -90.669318 2354.646099 1734.055238 0.978028 0.097726 0.184149 -0.117824 0.987829 0.101541 -0.171985 -0.121007 0.977639
-64.799528 -90.824213 1689.817649 1437.170980 0.986369 -0.017857 0.163576 0.031164 -0.955830 -0.292265 -0.161570 -0.293379 0.942244
-7.064252 -43.828376 330.369517 -1105.483036 0.841328 -0.400115 0.363421 0.055936 0.733187 0.677722 0.537623 0.549858 -0.639232
-9.455878 -56.777645 -118.367521 -1813.747265 -0.087550 0.956945 0.276753 0.850233 -0.072982 0.521323 -0.519075 -0.280946 0.807236
-10.093952 -50.311366 -234.234369 -2091.602994 -0.106401 0.969217 0.222028 0.744438 -0.070378 0.663972 -0.659159 -0.235933 0.714034
-11.765556 -49.098537 -606.766376 -2444.001523 -0.087743 0.975819 0.200198 0.753443 -0.066456 0.654146 -0.651632 -0.208234 0.729393
0.801606 -63.159748 75.092570 4310.204725 -0.088047 0.894954 0.437385 0.903730 0.256443 -0.342796 0.418951 -0.365096 0.831376
-0.152374 -70.572470 149.693600 4213.564745 0.097942 -0.890349 -0.444619 0.965875 0.192684 -0.173082 0.239775 -0.412495 0.878838
-0.300919 -67.213557 133.532604 4318.726737 0.077756 -0.894297 -0.440666 0.959482 0.187197 -0.210600 0.270830 -0.406435 0.872618
4.878554 -85.485061 -78.863848 -2337.574834 -0.146415 0.924991 0.350648 0.758086 0.332640 -0.560943 0.635507 -0.183691 0.749926
0.571007 -85.787997 1096.436951 -209.498590 -0.127361 0.954854 0.268391 0.662343 0.283296 -0.693575 0.738296 -0.089433 0.668521
2.881943 -65.139335 2146.269479 2760.577014 0.097404 -0.858248 -0.503908 0.965587 0.204175 -0.161102 0.241150 -0.470875 0.848601
-2.302658 -121.195249 -380.878814 10526.637395 -0.704338 0.129736 -0.697909 0.385392 0.895534 -0.222469 0.596139 -0.425662 -0.680757
-3.508061 -72.302411 -267.191971 -760.216872 -0.690322 0.253140 -0.677772 0.194169 0.967248 0.163491 0.696960 -0.018741 -0.716865
0.548714 -65.763029 1099.477032 994.458606 -0.716640 0.175064 -0.675115 0.216138 0.976076 0.023674 0.663108 -0.128952 -0.737333
3.187323 -65.658296 2445.859461 -772.880366 -0.727805 0.061473 -0.683024 0.102870 0.994492 -0.020109 0.678025 -0.084898 -0.730119
-2.885369 -19.590569 -1991.219785 -1034.462483 0.492444 -0.837329 0.237441 0.860441 0.509411 0.011900 -0.130919 0.198444 0.971329
-2.569018 -23.220358 -2826.402911 -1711.698250 0.445888 -0.861363 0.243389 0.890866 0.453443 -0.027312 -0.086838 0.229006 0.969544
2.270977 -19.662823 -2073.088399 -1260.130385 0.406147 -0.883770 0.232367 0.907112 0.420645 0.014344 -0.110421 0.204957 0.972522
-7.643896 -23.434889 -2556.339306 -1368.424871 0.526829 -0.816186 0.237258 0.843964 0.535441 -0.032058 -0.100872 0.217126 0.970918
-7.018141 -20.281580 -1954.917711 -468.005876 0.610171 -0.756144 0.236511 0.778641 0.627464 -0.002756 -0.146318 0.185839 0.971625
-3.695277 -17.867176 -1721.965525 -188.222488 0.511800 -0.825644 0.237430 0.842271 0.536670 0.050642 -0.169234 0.174061 0.970084
-1.496869 -146.630121 -2327.036863 -34856.173614 0.807872 0.039080 0.588061 0.266586 0.865655 -0.423761 -0.525618 0.499114 0.688920
-16.221501 -248.109098 -5979.758743 80526.128136 0.802026 0.003524 0.597279 -0.436250 -0.679569 0.589806 -0.407971 0.733603 0.543495
-11.145341 -168.963467 -3796.700151 39007.650254 0.799632 0.015444 0.600292 -0.308435 -0.847159 0.432653 -0.515225 0.531115 0.672652
44.621054 -4.639106 -7537.986497 -115.917957 -0.630960 -0.092389 -0.770295 -0.271260 0.956487 0.107473 0.726848 0.276762 -0.628566
41.823175 -5.959513 -5669.111299 -766.239876 -0.655342 -0.087821 -0.750210 -0.258465 0.959332 0.113480 0.709735 0.268272 -0.651389
11.251279 -529.638624 -5552.934606 107244.378871 0.580571 -0.491056 0.649462 0.512279 0.840296 0.177406 -0.632856 0.229709 0.739410
5.454720 -3.916813 5616.032748 4431.152285 0.189983 0.642796 0.742105 -0.752035 0.581195 -0.310894 0.631149 0.499025 -0.593822
3.339918 0.331311 8035.973742 -6481.772557 -0.692313 0.712986 -0.111147 -0.341309 -0.459261 -0.820114 0.635775 0.529841 -0.561301
18.666103 1.873926 7828.477531 7932.002759 -0.032295 0.785054 0.618585 -0.805936 0.345586 -0.480664 0.591122 0.514063 -0.621542
-2.441328 -7.646325 -98.318245 4873.377345 -0.710738 0.121694 -0.692851 -0.262450 0.867936 0.421672 0.652665 0.481537 -0.584936
-1.209074 -9.430424 -2627.884897 1140.319692 -0.373266 -0.484525 -0.791143 -0.648405 0.746159 -0.151054 0.663509 0.456598 -0.592684
-4958.277962 -22842.769974 2502106.063957 6955885.227609 0.580526 0.756922 -0.300098 0.653320 -0.652974 -0.383143 0.485965 -0.026365 0.873580
-499.216426 -5507.996867 18659.911691 -3598028.139940 -0.074528 0.961246 -0.265428 0.895914 0.181430 0.405489 -0.437931 0.207581 0.874715
