19733
39452
-43.900835 -69.910235 676.803882 6219.212245 0.000086 -0.983889 0.178780 0.997711 -0.012006 -0.066549 0.067624 0.178377 0.981636
-46.799040 -72.146259 -1002.967139 8063.581816 0.157552 -0.983290 0.091203 0.982257 0.146529 -0.117053 0.101733 0.108026 0.988929
-36.976435 -58.014952 -1062.215293 5823.010989 0.217084 0.957026 -0.192292 0.958416 -0.246345 -0.144056 0.185235 0.153024 0.970707
-38.907723 -61.655656 -2587.644370 10717.869358 -0.152100 0.987537 -0.040451 0.963737 0.139106 -0.227727 0.219262 0.073622 0.972884
-38.068590 -58.726263 -206.284769 4830.081487 -0.321731 -0.905015 0.278276 0.934428 -0.350908 -0.060886 0.152752 0.240440 0.958569
-31.732807 -47.933253 -617.374114 6377.435446 0.375133 0.902250 -0.212649 0.885638 -0.416586 -0.205188 0.273717 0.111357 0.955342
-31.657247 -47.662556 1094.828132 3228.127838 0.573815 0.752356 -0.323568 0.774594 -0.626866 -0.083916 0.265969 0.202481 0.942477
29.061990 -36.214407 -7836.674328 -7215.066321 0.308003 0.951270 0.014815 0.281370 -0.076204 -0.956569 0.908826 -0.298795 0.291130
34.939739 -15.152012 -3887.044080 -3010.063425 0.146478 0.948264 0.281672 0.406687 0.201839 -0.890992 0.901748 -0.245063 0.356082
40.733483 -41.811831 -2416.781546 -2650.079944 0.187820 0.981329 0.041438 0.267006 -0.010412 -0.963639 0.945215 -0.192055 0.263977
14.917513 -3.187097 -5147.832365 -7564.051272 0.153177 0.886801 0.436028 0.470605 0.322527 -0.821284 0.868946 -0.330999 0.367929
40.198857 -52.783008 -6709.069967 -5605.067856 0.276301 0.960680 -0.027422 0.200646 -0.085565 -0.975920 0.939893 -0.264146 0.216398
11.643194 -33.073725 -11132.622905 -9694.639094 0.398176 0.916269 -0.043660 0.259678 -0.158239 -0.952642 0.879786 -0.367982 0.300942
-39.237370 -726.889132 3255.928415 357165.463045 0.328963 0.943773 -0.032808 -0.193055 0.033203 -0.980626 0.924399 -0.328923 -0.193123
-16.073239 -51.014855 -14136.421322 28049.863858 0.363346 0.917017 0.164497 0.281047 0.060452 -0.957788 0.888252 -0.394240 0.235760
-29.218377 -42.898780 7917.557437 -16914.513930 0.394570 0.655046 -0.644383 0.052226 0.684159 0.727460 0.917380 -0.320688 0.235738
20.255096 -31.108302 -19532.632166 -9164.652727 0.470729 0.122065 -0.873793 0.220275 0.942760 0.250366 0.854338 -0.310329 0.416897
-14.516325 -60.603700 7884.858409 -11423.226308 0.350452 0.567764 -0.744867 0.000439 0.795205 0.606340 0.936581 -0.212821 0.278432
-77.654597 -595.268238 -8890.728556 296394.598389 0.221733 0.971580 0.082864 -0.121207 0.111782 -0.986313 0.967545 -0.208654 -0.142548
85.477933 -41.339073 -889.437876 -5791.559276 0.500242 -0.807602 0.312310 0.846970 0.531356 0.017400 -0.180000 0.255812 0.949821
81.849577 -51.028680 -3710.097522 -10067.307529 0.595954 -0.743280 0.303930 0.793541 0.603086 -0.081113 -0.123007 0.289521 0.949235
85.235375 -57.847496 8055.786280 -7142.428935 0.561326 -0.815242 0.142455 0.826473 0.561159 -0.045214 -0.043080 0.143115 0.988768
86.162217 -50.740577 -13666.833352 986.970150 -0.468107 0.875314 -0.121245 0.876193 0.477569 0.064910 -0.114720 0.075850 0.990498
80.841081 -33.553964 -7319.173309 1537.221714 0.405629 -0.824743 0.394036 0.878659 0.470613 0.080512 -0.251840 0.313565 0.915562
1.520622 -20.941196 1221.031193 -1266.295310 0.145854 0.840664 -0.521546 0.819066 0.193057 0.540241 -0.554849 0.505977 0.660401
5.314113 -17.474742 2842.749720 -1512.037161 0.067497 0.813532 -0.577589 0.801137 0.300850 0.517367 -0.594662 0.497649 0.631444
-0.113678 -17.801857 2859.248115 -2328.746779 0.095249 0.821192 -0.562647 0.791633 0.280195 0.542962 -0.603527 0.497127 0.623394
-1.398330 -22.397314 740.407311 -1210.424877 0.133418 0.841912 -0.522861 0.823202 0.199627 0.531496 -0.551850 0.501331 0.666430
-9.435098 -58.545681 -646.119376 2.359867 0.047886 0.956651 0.287274 0.929345 -0.148082 0.338214 -0.366093 -0.250781 0.896150
-10.251658 -60.177802 -656.995011 2414.544123 0.054122 0.961428 0.269679 0.919093 -0.153531 0.362900 -0.390306 -0.228219 0.891951
-9.507858 -55.909301 -850.277775 6482.724192 0.030129 0.957832 0.285746 0.910032 -0.144533 0.388525 -0.413442 -0.248332 0.876012
-9.363466 -58.042876 -189.244914 4498.562202 0.029743 0.954722 0.296010 0.912801 -0.146620 0.381178 -0.407320 -0.258861 0.875832
-9.347183 -53.455466 -422.054397 1384.439488 0.038980 0.956091 0.290465 0.853252 -0.183131 0.488288 -0.520041 -0.228807 0.822925
2.231279 -44.645940 448.010980 1579.089964 0.055605 0.899442 0.433489 0.885549 0.156120 -0.437526 0.461206 -0.408204 0.787819
0.444977 -57.476856 -122.764692 7526.614691 -0.042703 -0.892978 -0.448070 0.911605 0.148699 -0.383229 0.408842 -0.424828 0.807694
1.494253 -52.909242 1004.221118 4398.532875 0.031323 0.899354 0.436097 0.897970 0.166288 -0.407429 0.438941 -0.404364 0.802385
2.489491 -47.310190 -462.721442 2981.152799 0.086180 0.895610 0.436412 0.888915 0.128684 -0.439625 0.449892 -0.425820 0.785031
3.883809 -88.913554 1511.666568 -3340.799657 -0.005954 0.910478 0.413514 0.796742 -0.245572 0.552174 -0.604290 -0.332752 0.723954
0.196422 -95.497430 1009.559964 -392.597807 -0.013915 0.907435 0.419962 0.805975 -0.238397 0.541822 -0.591786 -0.346018 0.728053
1.589813 -87.361074 491.355812 2247.978888 0.004610 0.899771 0.436338 0.882262 -0.209064 0.421789 -0.470736 -0.383020 0.794798
-9.743862 -74.147696 1899.403513 -525.771566 0.023808 0.963824 0.265475 0.539232 0.211228 -0.815237 0.841821 -0.162562 0.514696
-8.997119 -73.834331 1234.961028 -7993.731603 0.031344 0.965094 0.260022 0.482671 0.213190 -0.849458 0.875241 -0.152131 0.459140
-8.509025 -75.521714 1888.013459 -2762.034332 0.011613 0.964152 0.265098 0.535230 0.217945 -0.816106 0.844626 -0.151366 0.513512
-9.151949 -68.434908 1530.539640 1861.510274 0.008999 0.961491 0.274690 0.597582 0.215082 -0.772422 0.801757 -0.171101 0.572634
525.970256 -43.808503 172976.626055 -1246.112309 -0.185729 0.962675 -0.196878 -0.896170 -0.083787 0.435728 -0.402968 -0.257364 -0.878283
689.981260 -68.685681 294025.170494 9057.012763 -0.005832 0.999249 0.038317 -0.852960 -0.024970 0.521379 -0.521944 0.029642 -0.852464
721.716100 -40.144722 262744.413066 6804.640868 -0.311646 0.897511 -0.312010 -0.819738 -0.087893 0.565954 -0.480526 -0.432144 -0.763116
585.815081 -80.000534 257348.442370 -13795.520631 -0.108170 0.963415 0.245214 -0.881429 -0.207018 0.424530 -0.459762 0.170218 -0.871576
1870.195412 53.614242 -278173.118227 13962.252275 -0.641917 0.341685 -0.686435 0.766382 0.257266 -0.588620 -0.024526 -0.903917 -0.427005
675.939526 -31.099018 257887.603611 -1081.529590 -0.097688 0.995055 -0.017984 -0.926475 -0.084326 0.366789 -0.363458 -0.052493 -0.930130
9826.215487 -235.507729 4999668.613448 45290.936220 -0.676683 0.670148 -0.304964 0.700526 0.458506 -0.546842 -0.226637 -0.583673 -0.779719
-5.722158 -89.900322 952.092263 3937.679150 -0.072068 0.912004 0.403801 -0.472769 0.325248 -0.818965 0.878234 0.249926 -0.407727
-6.483930 -97.320100 941.138541 4704.634140 -0.073402 0.909561 0.409037 -0.350777 0.360391 -0.864335 0.933578 0.206925 -0.292599
-8.719829 -96.844671 802.015861 5800.611821 -0.053902 0.908851 0.413625 -0.418022 0.355645 -0.835927 0.906836 0.217962 -0.360750
-7.407443 -87.416792 145.919139 4453.828184 -0.051491 0.910640 0.409979 -0.572412 0.309485 -0.759318 0.818348 0.273775 -0.505325
-12.520543 -47.727602 -1193.069211 1596.460607 0.116333 0.980018 -0.161345 -0.421899 -0.098304 -0.901298 0.899149 -0.172922 -0.402032
-12.713522 -44.633001 -990.433327 3551.963731 0.104874 0.981902 -0.157701 -0.503459 -0.084332 -0.859894 0.857631 -0.169577 -0.485503
-13.983989 -48.129255 -142.024470 885.998947 0.075275 0.984687 -0.157242 -0.422166 -0.111390 -0.899649 0.903388 -0.134104 -0.407317
-13.206525 -48.150985 -572.930226 -1079.496281 0.098293 0.984151 -0.147601 -0.342636 -0.105783 -0.933494 0.934312 -0.142329 -0.326808
-11.906089 -48.297153 -828.858962 -654.638755 0.122484 0.980155 -0.155866 -0.324665 -0.108837 -0.939546 0.937865 -0.165683 -0.304891
11.289876 -49.110567 1019.156970 132.631708 -0.120617 0.992401 0.024335 0.844186 0.115439 -0.523473 0.522304 0.042597 0.851695
10.436945 -48.270631 -37.748019 307.758455 -0.113457 0.993379 0.018018 0.895739 0.110118 -0.430727 0.429859 0.032730 0.902303
12.888878 -47.711710 -1568.363756 84.736146 -0.144232 0.989211 0.025655 0.854674 0.137599 -0.500599 0.498728 0.050276 0.865299
9.992450 -48.651074 1466.665088 -170.769070 -0.092537 0.995546 0.018027 0.896173 0.091163 -0.434238 0.433947 0.024028 0.900618
12.099762 -49.633031 879.115219 -117.206458 -0.085791 0.995793 0.032200 0.839748 0.089664 -0.535522 0.536156 0.018903 0.843907
9.770671 -116.588672 202.046688 -5813.338852 0.111270 0.965641 0.234854 0.364672 -0.259510 0.894242 -0.924464 0.013858 0.381018
9.180560 -105.895319 -2529.212427 -4159.502416 0.055632 0.971055 0.232287 0.364421 -0.236345 0.900743 -0.929571 -0.034540 0.367022
10.745887 -111.569350 -648.774226 5768.255928 0.065228 0.980228 0.186809 0.221343 -0.196757 0.955141 -0.973012 0.020953 0.229801
8.044885 -121.487528 -1246.051371 -12981.423306 0.117284 0.950442 0.287932 0.509104 -0.306479 0.804291 -0.852677 -0.052257 0.519819
11.314757 -125.244751 991.274244 -1291.150102 0.120996 0.970600 0.208075 0.231472 -0.231424 0.944915 -0.965288 0.066168 0.252668
12.247493 -140.788716 -275.317736 -14403.341208 0.150676 0.956249 0.250767 0.390742 -0.290615 0.873421 -0.908085 0.033618 0.417435
11.032877 -133.083221 -724.300174 -16662.347855 0.149101 0.946236 0.287067 0.494410 -0.322757 0.807085 -0.856346 -0.021591 0.515952
152.103512 -56.779813 70214.561106 -5666.468235 0.101816 0.994747 0.010535 -0.549957 0.047459 0.833843 -0.828963 0.090693 -0.551901
-0.870892 -50.113433 1895.047545 -1961.162416 -0.027563 0.977517 0.209046 -0.446052 -0.199178 0.872562 -0.894582 0.069196 -0.441514
144.556282 -47.778367 61340.065849 -1890.650542 0.149003 0.985125 -0.085597 -0.471351 0.146855 0.869633 -0.869267 0.089232 -0.486222
749.032133 -79.866856 272383.610141 -3435.169369 0.215897 0.964705 -0.150773 -0.500427 0.241916 0.831294 -0.838428 0.104023 -0.534993
312.410888 -50.187440 125963.780556 -2931.646269 0.209160 0.963936 -0.164559 -0.412695 0.239573 0.878799 -0.886530 0.115897 -0.447921
6.041313 -54.529805 191.575978 159.829296 -0.000411 0.981382 0.192063 -0.860253 -0.098274 0.500307 -0.509867 0.165018 -0.844278
5.955290 -55.394095 1417.539219 144.477277 -0.000907 0.975868 0.218360 -0.811079 -0.128445 0.570660 -0.584936 0.176589 -0.791622
6.363572 -53.836188 8.436417 62.863220 -0.029028 0.978439 0.204487 -0.788824 -0.148070 0.596516 -0.613933 0.143989 -0.776114
5.542321 -54.795561 956.199713 -23.222911 -0.028722 0.970261 0.240351 -0.733444 -0.183824 0.654422 -0.679142 0.157487 -0.716912
6.853160 -52.240029 3.549528 694.719086 -0.024002 0.981896 0.187894 -0.822437 -0.126245 0.554670 -0.568349 0.141218 -0.810578
6.105357 -52.576152 -133.708424 -135.081519 -0.050717 0.975003 0.216324 -0.710396 -0.187465 0.678376 -0.701972 0.119271 -0.702146
7.011855 -51.617595 -449.128300 381.194692 -0.043490 0.979310 0.197636 -0.754060 -0.161946 0.636528 -0.655364 0.121346 -0.745502
1.682655 -141.294822 -1260.213597 -14671.243285 0.814623 0.088477 0.573202 0.380846 -0.826976 -0.413603 -0.437430 -0.555233 0.707370
0.162674 -167.912495 -368.668961 -13766.305911 0.831099 0.075448 0.550982 0.458419 -0.653848 -0.601943 -0.314843 -0.752855 0.577999
-0.670862 -136.970349 -936.004034 -11819.392201 0.823312 0.082120 0.561617 0.375096 -0.821334 -0.429783 -0.425981 -0.564506 0.707017
0.762252 -116.260403 -2038.228900 10414.646813 0.805779 0.101980 0.583370 -0.325445 0.899240 0.292322 -0.494779 -0.425402 0.757777
-3.552077 -115.526827 -683.391137 9631.170305 0.820974 0.088116 0.564124 -0.270398 0.930201 0.248214 -0.502878 -0.356316 0.787498
16.950693 -137.981468 -4752.006988 15145.613171 -0.692451 0.063159 -0.718695 0.222726 0.966217 -0.129681 0.686225 -0.249870 -0.683125
18.765376 -116.030430 -5636.750327 21625.062430 -0.685539 0.069543 -0.724707 0.054300 0.997539 0.044359 0.726008 -0.008942 -0.687628
23.687659 -126.884040 -3789.921197 20207.214604 -0.723398 0.064790 -0.687385 0.121544 0.991989 -0.034411 0.679649 -0.108440 -0.725478
20.051078 -139.196113 -3519.570972 2008.443419 -0.714040 0.058535 -0.697654 0.318741 0.914413 -0.249505 0.623339 -0.400528 -0.671585
14.657920 -142.604741 -3907.775951 -2035.996031 -0.691153 0.057151 -0.720446 0.410464 0.851526 -0.326225 0.594834 -0.521188 -0.611993
43.901033 -72.340811 -4729.383426 11040.377448 0.411158 0.797627 0.441295 0.105875 0.439045 -0.892205 0.905395 -0.413559 -0.096068
57.849573 -69.586363 7237.005860 11175.383265 0.431559 0.741037 0.514413 0.095273 0.529618 -0.842869 0.897040 -0.412757 -0.157961
60.089490 -88.302932 12186.617701 15619.420629 0.423230 0.787295 0.448379 0.150417 0.426963 -0.891671 0.893449 -0.444826 -0.062281
4.533809 -263.207248 1202.299111 -14034.170485 0.760180 -0.126572 0.637264 -0.635004 0.062778 0.769954 0.137461 0.989969 0.032651
5.233212 -248.896762 861.160699 12456.159225 0.749129 -0.115857 0.652214 -0.588615 0.335234 0.735629 0.303872 0.934984 -0.182939
5.716009 -236.488827 -768.180065 7394.680249 0.763588 -0.083613 0.640268 -0.596886 0.286822 0.749306 0.246295 0.954328 -0.169106
5.017707 -242.553489 481.579263 18982.409284 0.753189 -0.077730 0.653196 -0.513925 0.550281 0.658082 0.410594 0.831353 -0.374519
2.154889 -277.750251 1865.729179 -2927.571995 0.768116 -0.114751 0.629944 -0.626860 0.065822 0.776347 0.130551 0.991211 0.021374
-1.606730 -170.069786 -2813.067859 24979.729425 0.883457 -0.296934 0.362401 -0.349500 0.097452 0.931855 0.312015 0.949912 0.017684
4.848705 -321.537404 -4082.314801 92460.069710 0.901475 -0.291033 0.320378 -0.225103 0.316975 0.921333 0.369690 0.902677 -0.220233
0.996673 -217.104179 -1900.400570 28583.261751 0.870341 -0.292048 0.396503 -0.367734 0.150087 0.917739 0.327534 0.944554 -0.023231
-2.843105 -154.775077 -2524.480673 -5960.403085 0.824658 -0.283519 0.489446 -0.514861 -0.017945 0.857086 0.234217 0.958799 0.160771
-4.566000 -184.809605 1061.502846 -7115.131233 0.785160 -0.302478 0.540398 -0.583000 -0.066686 0.809731 0.208889 0.950821 0.228703
-8.082380 -261.872995 1035.143823 23155.917825 0.815833 -0.310483 0.487870 -0.486961 0.086183 0.869161 0.311906 0.946664 0.080883
22.003928 -29.796822 4585.277483 1467.523308 -0.262445 0.930901 0.254060 -0.571197 0.062333 -0.818443 0.777725 0.359914 -0.515369
23.640968 -33.162334 6210.547317 1801.259267 -0.328474 0.926408 0.184046 -0.484538 0.001985 -0.874768 0.810757 0.376516 -0.448228
15.103083 -28.051945 4352.633888 1700.331557 -0.331098 0.920836 0.206001 -0.524356 0.001951 -0.851497 0.784490 0.389946 -0.482200
11.806280 -23.364573 3575.319195 1950.988350 -0.284629 0.917692 0.277177 -0.597790 0.056126 -0.799686 0.749422 0.393307 -0.532612
10.432136 -28.691822 2034.493160 1803.033955 -0.384723 0.914447 0.125596 -0.457953 -0.070960 -0.886140 0.801415 0.398436 -0.446074
8.031888 -24.034752 1497.511758 2018.776962 -0.362163 0.916583 0.169451 -0.522964 -0.049323 -0.850926 0.771587 0.396791 -0.497203
-1.584518 -29.117034 -2370.014590 784.421571 -0.065999 0.987743 0.141448 0.241464 0.153354 -0.958216 0.968163 0.029087 0.248625
0.050497 -29.037543 -2482.444395 359.324585 -0.054281 0.991856 0.115222 0.219265 0.124416 -0.967700 0.974154 0.027264 0.224232
-2.978395 -30.374005 -2234.919760 -666.384349 -0.072717 0.981679 0.176123 0.195706 0.187202 -0.962629 0.977963 0.035532 0.205733
-3.936126 -41.727960 163.565902 3421.106533 0.220395 0.904215 0.365817 0.872954 -0.015526 -0.487555 0.435174 -0.426796 0.792760
-3.212184 -39.822114 -676.778998 -2978.791868 0.274604 0.897685 0.344608 0.835268 -0.045147 -0.547987 0.476361 -0.438320 0.762204
-3.232339 -40.609822 713.974353 -218.814780 0.268440 0.905728 0.328021 0.854017 -0.066234 -0.516012 0.445640 -0.418653 0.791286
-5.091489 -39.355820 -1067.578763 3719.657976 -0.228852 -0.912613 -0.338768 0.886520 -0.051627 -0.459801 0.402131 -0.405551 0.820865
-3.142876 -39.977534 716.472735 249.383654 0.275320 0.908294 0.314961 0.855380 -0.081919 -0.511483 0.438776 -0.410233 0.799490
-1.990314 -39.202572 1100.835742 -3603.956895 0.286374 0.906462 0.310350 0.825680 -0.069162 -0.559884 0.486049 -0.416586 0.768253
-12.148903 -88.125682 -51.547900 877.439843 0.186998 0.947864 0.258043 0.049580 0.253236 -0.966133 0.981108 -0.193458 -0.000359
-11.231671 -87.482178 101.938026 4020.728553 0.182127 0.941780 0.282633 0.165285 0.254027 -0.952970 0.969284 -0.220276 0.109397
-11.726524 -89.612494 -795.435708 2043.919630 0.223948 0.936078 0.271303 0.145478 0.243148 -0.959018 0.963682 -0.254239 0.081726
-11.062373 -89.357667 132.963894 1178.535214 0.206461 0.945462 0.251942 -0.022518 0.262013 -0.964802 0.978196 -0.193521 -0.075386
-4.769106 -29.977638 989.176875 490.175785 -0.058807 0.996557 -0.058442 0.013547 -0.057741 -0.998240 0.998177 0.059496 0.010105
-6.351635 -29.783752 692.894519 81.875470 -0.055811 0.991150 -0.120447 -0.040752 -0.122796 -0.991595 0.997609 0.050433 -0.047245
-5.263120 -29.144810 -260.961813 97.614985 -0.057136 0.997505 -0.041468 -0.037192 -0.043634 -0.998355 0.997673 0.055499 -0.039592
-7.914007 -30.547276 2125.561939 435.039450 -0.054068 0.988973 -0.137875 -0.016779 -0.138957 -0.990156 0.998396 0.051222 -0.024107
63.551857 23.783722 -12060.205679 559.511580 -0.607281 -0.027339 -0.794017 0.084537 0.991511 -0.098794 0.789977 -0.127119 -0.599814
58.349324 22.457682 14728.612074 -409.906709 -0.783376 0.155914 -0.601675 0.229599 0.972149 -0.047019 0.577587 -0.174978 -0.797356
58.948181 21.131593 19231.569122 509.696588 -0.828127 0.086241 -0.553867 0.137395 0.989182 -0.051407 0.543442 -0.118670 -0.831016
27.551248 -246.570625 -2364.839826 -8892.016093 0.259638 0.950062 0.173119 0.619701 -0.301401 0.724657 -0.740648 0.080866 0.667009
20.881379 -206.054204 8.108775 -24019.542897 0.248611 0.956119 0.155013 0.337114 -0.235444 0.911548 -0.908046 0.174364 0.380855
22.783173 -234.853902 -874.048241 -27417.797434 0.245587 0.964964 0.092364 0.307404 -0.167890 0.936651 -0.919342 0.201637 0.337865
-189.794137 -333.906919 46735.934987 -64401.107899 0.072217 0.996812 0.033915 -0.850687 0.079311 -0.519655 0.520688 -0.008677 -0.853703
-239.036104 -291.795003 38799.404345 -21950.309810 0.097982 0.935699 -0.338921 -0.913294 -0.050743 -0.404127 0.395339 -0.349132 -0.849596
-199.290562 -324.438380 44733.299627 4734.905992 0.138615 0.989487 -0.041238 -0.983977 0.132889 -0.118867 0.112137 -0.057054 -0.992053
-126.801245 -326.860513 29486.363927 -8356.395347 0.104959 0.979101 0.174199 0.983432 -0.128221 0.128140 0.147798 0.157864 -0.976337
-161.352017 -332.915388 37661.977179 58694.585978 0.183418 0.978989 0.089099 -0.956806 0.156992 0.244696 -0.225567 0.130132 -0.965497
-231.434245 -322.638540 45445.704131 47989.582844 0.356590 0.921423 -0.154347 -0.872521 0.387509 0.297564 -0.333993 -0.028563 -0.942143
9.612925 -26.195756 -1815.176917 2723.458585 0.716921 0.065801 0.694042 0.236920 0.913290 -0.331317 -0.655662 0.401960 0.639168
14.043326 -32.072666 -1746.157381 -1358.316679 0.729613 0.107474 0.675362 0.153374 0.936699 -0.314755 -0.666439 0.333232 0.666944
12.399797 -35.651466 -1085.678952 -2926.431832 0.724394 0.073834 0.685421 0.140626 0.957517 -0.251765 -0.674891 0.278765 0.683237
-41.580778 -58.949505 1926.924020 350.012525 -0.687647 0.063905 0.723227 0.249422 0.956288 0.152652 -0.681858 0.285359 -0.673528
-41.608555 -59.668624 1626.633690 1070.421458 -0.727626 0.022578 0.685602 0.284065 0.919654 0.271191 -0.624393 0.392081 -0.675578
-44.280709 -58.503105 1538.610077 -779.221611 -0.769418 0.024937 0.638259 0.197653 0.959490 0.200782 -0.607396 0.280638 -0.743177
-45.950649 -51.355293 634.282862 -2541.947099 -0.769657 0.190860 0.609262 0.246580 0.969090 0.007914 -0.588919 0.156323 -0.792929
-43.629611 -55.605023 2269.381288 -1677.745292 -0.694277 0.179620 0.696934 0.246519 0.969129 -0.004193 -0.676172 0.168896 -0.717123
-47.387547 -56.644156 501.814120 -2033.858246 -0.841092 0.001455 0.540890 0.141894 0.965567 0.218050 -0.521949 0.260149 -0.812337
-52.362293 -60.827227 -440.793466 922.165955 0.996572 0.051661 -0.064614 0.003920 0.750680 0.660654 -0.082634 0.658643 -0.747905
-51.369830 -57.783594 -1692.134374 2350.296008 0.994765 0.053750 -0.086905 0.028121 0.673634 0.738530 -0.098239 0.737108 -0.668596
-51.450676 -59.664211 -623.233916 -1004.738568 0.998834 -0.045953 -0.014779 0.043507 0.724399 0.688007 0.020910 0.687848 -0.725554
-52.657903 -61.118168 2760.632077 272.122477 0.995056 -0.056328 -0.081793 0.091762 0.836464 0.540285 -0.037984 0.545120 -0.837497
-52.783739 -61.764792 636.593739 4245.958344 0.981508 0.007157 -0.191288 0.115454 0.774945 0.621394 -0.152685 0.631988 -0.759789
-50.601980 -60.796695 984.837058 -1976.715925 0.998689 0.023253 0.045602 -0.045797 0.803825 0.593101 0.022865 0.594412 -0.803836
-44.481966 -167.289621 -16196.141357 56809.571859 -0.153712 0.872638 -0.463547 0.933049 -0.026238 -0.358792 -0.325258 -0.487662 -0.810181
-41.053726 -548.496431 -14053.861415 281573.892388 -0.029183 0.879145 -0.475660 0.988196 0.096969 0.118595 0.150387 -0.466584 -0.871598
-11.360567 -350.641148 -6954.500102 153990.969380 0.071732 0.829241 -0.554269 0.994880 -0.019818 0.099106 0.071198 -0.558540 -0.826417
-15.607351 -106.788191 -12656.468557 25008.860970 -0.034594 0.819662 -0.571802 0.931741 -0.180487 -0.315093 -0.361472 -0.543672 -0.757469
-128.393646 -680.544462 16076.147175 284991.232700 0.053692 0.940636 -0.335144 -0.412605 0.326535 0.850372 -0.909326 -0.092623 -0.405644
-232.176733 -1097.333084 24076.178333 454083.086436 -0.281391 0.949513 -0.138723 -0.331265 0.039558 0.942708 -0.900601 -0.311224 -0.303409
-7.914629 -48.237983 24124.558968 -1012.317588 0.735764 -0.623529 -0.264315 -0.256431 0.104727 -0.960872 -0.626813 -0.774754 0.082838
21.965672 -45.683801 36225.004151 11.941304 0.797664 -0.576216 -0.178063 -0.239843 -0.032180 -0.970278 -0.553360 -0.816664 0.163870
-23.191950 -49.092836 22998.767335 -345.864068 0.731635 -0.635683 -0.246207 -0.305432 0.017207 -0.952058 -0.609443 -0.771759 0.181568
-47.104613 -57.457539 -6182.647138 -7512.786783 -0.306453 0.474822 0.825003 -0.634490 0.544190 -0.548889 -0.709583 -0.691665 0.134502
-44.408563 -61.682331 -5990.473968 -6117.482945 -0.377105 0.458025 0.804988 -0.550765 0.587876 -0.592503 -0.744614 -0.666794 0.030573
2.711407 -37.495550 -5689.379709 -1612.569413 0.145615 0.984990 0.092683 -0.897639 0.092147 0.430991 -0.415981 0.145955 -0.897584
3.722942 -40.688736 -4978.946248 -720.949109 0.154050 0.983434 0.095536 -0.843814 0.080639 0.530542 -0.514049 0.162345 -0.842257
-4.527930 -38.794896 -3315.872746 -987.315984 0.144140 0.981500 0.126018 -0.879524 0.068708 0.470868 -0.453498 0.178706 -0.873157
-3.749691 -37.150235 -3516.772679 -2261.303825 0.133573 0.982905 0.126714 -0.917463 0.074295 0.390822 -0.374727 0.168459 -0.911703
0.470370 -35.337266 -4669.907309 -1323.104190 0.135809 0.985137 0.105172 -0.930489 0.090376 0.354997 -0.340216 0.146073 -0.928933
8.139358 -34.814563 -4428.171397 -1060.252964 0.168878 0.979839 0.106749 -0.920502 0.118072 0.372472 -0.352359 0.161165 -0.921884
-5.137525 -57.483438 898.784426 7111.611304 0.304209 0.952492 -0.014725 0.208957 -0.051640 0.976560 -0.929405 0.300155 0.214739
-4.534274 -50.433602 682.094818 -743.959433 0.306941 0.949129 -0.070297 0.064627 0.052906 0.996506 -0.949532 0.310411 0.045101
-4.792749 -53.712965 1172.396376 1615.228794 0.302907 0.951555 -0.052828 0.090237 0.026546 0.995566 -0.948738 0.306331 0.077824
-4.478337 -51.579052 621.051723 -8657.343922 0.307405 0.948777 -0.072972 -0.064092 0.097154 0.993204 -0.949418 0.300639 -0.090674
-4.263168 -60.367252 510.710530 -3824.523398 0.450820 0.889589 -0.073442 0.218474 -0.189742 -0.957218 0.865466 -0.415488 0.279892
-4.061682 -58.137046 367.581576 3324.660569 0.448351 0.890702 -0.075042 0.041060 -0.104387 -0.993689 0.892914 -0.442440 0.083374
-0.692848 -58.672008 2808.867817 346.936212 0.417555 0.903796 -0.093805 0.106563 -0.151231 -0.982738 0.902381 -0.400351 0.159459
0.017411 -57.556450 -314.761854 -2052.364377 0.137775 0.990313 0.017294 -0.473440 0.050510 0.879376 -0.869984 0.129343 -0.475813
1.194198 -50.958534 -776.450202 -334.566646 0.138688 0.990327 0.004143 -0.541633 0.072348 0.837496 -0.829096 0.118395 -0.546428
0.988349 -61.281064 -797.813589 -3167.143867 0.131712 0.991056 0.021462 -0.466309 0.042838 0.883584 -0.874762 0.126386 -0.467780
5.982007 -80.249815 611.503113 4368.907074 0.186780 0.981269 0.047173 -0.792785 0.122197 0.597127 -0.580177 0.148929 -0.800759
5.536026 -88.548766 1684.454555 2255.525942 0.201732 0.977605 0.059934 -0.849487 0.144180 0.507527 -0.487520 0.153298 -0.859549
5.420584 -76.521352 43.181129 8645.872199 0.158275 0.984830 0.071121 -0.702098 0.061605 0.709411 -0.694268 0.162216 -0.701198
3.931936 -70.919363 479.265226 6072.901756 0.141236 0.986162 0.086813 -0.687046 0.034505 0.725794 -0.712755 0.162153 -0.682412
3.699154 -69.216162 390.137267 4225.016505 0.161784 0.986072 0.038569 -0.711636 0.089502 0.696824 -0.683667 0.140182 -0.716204
-12.611199 -103.672253 -956.627268 -4997.831447 0.413875 0.908665 0.055098 0.860484 -0.370740 -0.349455 0.297111 -0.192042 0.935332
-8.491655 -96.114257 1023.578574 -5657.833096 0.368930 0.928702 0.037458 0.915198 -0.355943 -0.188990 0.162183 -0.104005 0.981264
-11.457124 -96.913780 591.803655 -5295.362164 0.405086 0.912400 0.058579 0.902876 -0.389125 -0.182748 0.143944 -0.126918 0.981413
-14.849862 -106.460721 -505.449551 -4607.801206 0.441029 0.895493 0.059875 0.842451 -0.390056 -0.371663 0.309468 -0.214356 0.926435
1.699439 -43.749347 -455.376608 -157.163903 0.387205 0.898730 0.205806 0.898891 -0.417634 0.132577 -0.205103 -0.133663 0.969571
3.262425 -45.791582 -222.798925 2655.712878 -0.377421 -0.904958 -0.196478 0.922455 -0.386056 0.006160 -0.081426 -0.178917 0.980489
1.737516 -46.389301 1965.354671 2185.202766 -0.382047 -0.896644 -0.223762 0.919441 -0.393186 0.005715 -0.093105 -0.203553 0.974627
0.181032 -44.897412 1103.892877 1746.879941 -0.379519 -0.900609 -0.211820 0.913196 -0.401388 0.070431 -0.148453 -0.166704 0.974767
1.507842 -44.994838 441.133751 -2658.901082 0.349772 0.919117 0.181341 0.880979 -0.388535 0.270031 -0.318647 -0.065308 0.945621
1.986385 -48.109094 -69.105293 -2041.807501 0.359139 0.913141 0.192857 0.886729 -0.398309 0.234650 -0.291085 -0.086740 0.952757
0.481282 -42.446271 -1014.013363 -3852.727209 0.383609 0.898378 0.213916 0.877308 -0.426851 0.219386 -0.288402 -0.103512 0.951898
-9.108340 -97.953329 -131.805564 -1899.229874 0.242982 0.961616 0.127490 -0.825927 0.274018 -0.492705 0.508728 -0.014421 -0.860806
-7.447691 -97.238108 -439.304301 -4052.586289 0.236013 0.960093 0.150065 -0.790564 0.279504 -0.544873 0.565072 -0.009961 -0.824981
-7.040637 -93.446338 710.523265 -4616.988785 0.217881 0.964317 0.150402 -0.692874 0.261364 -0.672023 0.687352 -0.042212 -0.725096
-9.447430 -91.688406 -206.734393 -3009.511991 0.240766 0.963608 0.116150 -0.736833 0.259361 -0.624346 0.631750 -0.064738 -0.772464
-11.431977 -96.440142 999.962597 -2606.936122 0.244397 0.962376 0.118754 -0.805927 0.269698 -0.527014 0.539213 -0.033094 -0.841519
-10.644348 -98.170397 1432.590760 2157.726003 0.266512 0.954181 0.136048 -0.905078 0.296289 -0.305036 0.331370 0.041839 -0.942573
-4.583990 -59.741329 -139.309788 3201.762273 0.439355 0.879511 -0.182829 0.897960 -0.424281 0.116848 0.025198 -0.215511 -0.976176
-3.242950 -60.747002 223.850523 2536.989264 0.416497 0.888750 -0.191452 0.908703 -0.400455 0.117874 0.028093 -0.223067 -0.974398
-5.130723 -57.079669 514.080638 2038.065667 0.437640 0.881145 -0.179038 0.896334 -0.443281 0.009368 -0.071109 -0.164578 -0.983798
-23.545867 -31.233111 -1813.136444 2034.751245 0.477184 0.163150 0.863526 -0.483712 0.869135 0.103090 -0.733701 -0.466891 0.493655
-15.029021 -33.731272 -4710.029357 2251.461800 0.440649 0.151976 0.884721 -0.533173 0.837201 0.121742 -0.722188 -0.525355 0.449942
-24.141521 -33.838894 -2389.101877 2210.059064 0.592585 -0.027017 0.805054 -0.416337 0.845314 0.334826 -0.689569 -0.533587 0.489672
-3.955712 -127.975703 -766.037684 4004.968416 0.876611 0.243077 0.415290 0.106996 0.742964 -0.660724 0.469153 -0.623633 -0.625282
-1.452784 -135.548233 -927.675337 2403.933634 0.882117 0.235362 0.408014 0.152598 0.676703 -0.720269 0.445628 -0.697623 -0.561015
-2.878138 -124.588845 -624.413583 6187.398420 0.880069 0.248712 0.404500 0.015072 0.836796 -0.547307 0.474606 -0.487765 -0.732690
-5.440727 -128.680170 -818.713006 4079.591905 0.871799 0.242319 0.425733 0.148215 0.697870 -0.700721 0.466904 -0.673988 -0.572486
-4.876987 -136.803711 -1805.941156 4583.197432 0.878212 0.226219 0.421388 0.224495 0.582996 -0.780844 0.422309 -0.780347 -0.461209
-2.836433 -136.313725 -698.976490 4377.821135 0.875360 0.236157 0.421871 0.211965 0.596794 -0.773891 0.434530 -0.766855 -0.472352
1.952946 -52.958404 1165.543570 -346.167983 0.344344 0.934885 -0.086123 -0.802700 0.245592 -0.543468 0.486929 -0.256271 -0.835000
4.130785 -51.045253 1427.047228 -1628.475184 0.338510 0.936260 -0.093961 -0.776676 0.221639 -0.589619 0.531211 -0.272569 -0.802197
1.713499 -52.108703 659.310247 -998.538750 0.368772 0.926515 -0.074678 -0.715341 0.231581 -0.659286 0.593544 -0.296546 -0.748175
5.151117 -52.858996 1171.095468 -192.055086 0.317706 0.942099 -0.107299 -0.849879 0.232759 -0.472789 0.420439 -0.241399 -0.874619
-0.264944 -53.509511 1195.608392 -1128.256571 0.365605 0.928551 -0.064227 -0.722586 0.239659 -0.648408 0.586687 -0.283471 -0.758579
-0.843492 -53.719760 788.469232 45.660068 0.359699 0.929744 -0.078689 -0.798978 0.263352 -0.540629 0.481924 -0.257335 -0.837573
0.413313 -55.486311 1371.234396 588.051601 0.344316 0.935468 -0.079665 -0.850611 0.274914 -0.448200 0.397375 -0.222086 -0.890377
3.472359 -54.005151 1267.727072 355.879911 0.328813 0.939547 -0.095565 -0.859771 0.255945 -0.441913 0.390739 -0.227470 -0.891953
33.186251 -39.044497 14147.847398 -939.865296 0.600008 0.786320 0.147279 0.484048 -0.503414 0.715732 -0.636937 0.358155 0.682669
60.652402 -36.557397 12773.396177 -1776.324284 0.556463 0.789074 0.260213 0.441048 -0.545939 0.712339 -0.704149 0.281624 0.651814
43.751802 -39.033781 15378.375177 535.918672 0.582908 0.794526 0.170140 0.447800 -0.488850 0.748666 -0.678007 0.360215 0.640743
17.467615 -42.888853 13445.243406 2814.176973 0.578028 0.812908 0.071160 0.497488 -0.420179 0.758918 -0.646830 0.403274 0.647287
-0.555757 -111.315913 -9714.402151 9728.663270 0.524476 0.824388 0.212859 0.274856 0.072684 -0.958734 0.805840 -0.561339 0.188467
14.129982 -120.011246 -6591.105332 10808.701598 0.484859 0.837489 0.252040 0.360385 0.071262 -0.930078 0.796891 -0.541788 0.267267
14.537508 -99.590024 -11737.389160 15236.228803 0.533673 0.807917 0.249927 0.156900 0.195810 -0.968009 0.831009 -0.555814 0.022264
-2.965574 -98.804187 -11291.797622 12880.200242 0.536681 0.820141 0.198346 0.136594 0.147521 -0.979581 0.832655 -0.552816 0.032855
-1.764668 -186.699118 -583.885699 20814.455435 -0.575990 -0.280143 -0.767955 0.713843 0.285395 -0.639514 0.398326 -0.916553 0.035593
-3.033944 -190.961631 -2249.407218 16654.146441 -0.578700 -0.294756 -0.760411 0.731567 0.224467 -0.643758 0.360439 -0.928835 0.085735
-3.527255 -155.613909 1394.291199 19345.503231 0.589013 0.291546 0.753701 0.572816 0.507261 -0.643870 0.570040 -0.810979 -0.131781
-0.677773 -165.759429 -1654.295616 22471.146223 -0.571666 -0.303517 -0.762283 0.627048 0.437568 -0.644473 0.529159 -0.846411 -0.059823
24.862334 -68.089778 7600.881168 8742.919645 0.494677 -0.389216 0.777049 0.326074 0.911911 0.249185 -0.805587 0.130110 0.578015
20.549619 -74.966605 3851.079040 6286.666682 0.527129 -0.287528 0.799665 0.209074 0.955975 0.205912 -0.823665 0.058647 0.564036
35.940171 -87.230342 3830.260981 6269.889271 0.465739 -0.394164 0.792289 0.155263 0.917830 0.365351 -0.871195 -0.047145 0.488669
34.728209 -77.049858 3052.270767 11097.778018 0.393210 -0.463064 0.794329 0.298395 0.881426 0.366126 -0.869682 0.093060 0.484762
-14.627913 -117.381033 4358.033492 5386.532971 0.516099 0.521111 0.679768 0.739457 0.129436 -0.660643 -0.432255 0.843617 -0.318538
-20.634132 -113.235566 4450.307838 10781.362946 0.521198 0.553163 0.649895 0.788087 -0.019708 -0.615249 -0.327525 0.832840 -0.446212
-24.005875 -170.571515 1869.964560 30600.991752 0.442604 0.529121 0.723970 0.753101 0.218921 -0.620413 -0.486766 0.819820 -0.301586
-88.007772 -240.456173 30161.694309 53037.980544 0.456478 0.570273 0.682947 0.705726 0.235374 -0.668244 -0.541829 0.787012 -0.295013
1.229269 -409.723849 1149.265182 133011.736720 0.262561 0.363998 0.893626 0.704878 0.560097 -0.435246 -0.658946 0.744176 -0.109515
-16.100460 -139.916486 400.140968 13329.048208 0.404730 0.460264 0.790159 0.720189 0.372029 -0.585596 -0.563491 0.806071 -0.180906
-2.581559 -1307.074684 -20779.193266 -525401.942494 0.578195 0.783204 0.228654 -0.157862 -0.167565 0.973140 -0.800481 0.598760 -0.026753
72.250139 -7334.825337 -81331.629180 -1606006.717165 0.682376 0.678825 0.271218 -0.519527 0.711364 -0.473342 -0.514251 0.182093 0.838086
-36.200756 -970.145120 -17354.841178 354561.868921 0.663597 0.595225 0.453151 -0.143170 0.695596 -0.704023 -0.734262 0.402310 0.546814
6.814186 -42.448887 1271.618866 1617.482872 0.051173 0.998576 -0.015062 -0.804619 0.032291 -0.592913 0.591582 -0.042460 -0.805126
9.571239 -40.213526 2339.443287 1894.007274 0.093048 0.995591 0.011844 -0.785922 0.080745 -0.613031 0.611285 -0.047733 -0.789970
7.706778 -45.330892 795.156022 2598.029995 0.104554 0.994130 0.027826 -0.750429 0.097223 -0.653761 0.652629 -0.047472 -0.756189
-53.611158 -77.940815 -1837.950420 3994.084615 0.076990 -0.303695 0.949654 0.069234 0.951810 0.298771 -0.994625 0.042746 0.094306
-51.359372 -73.128021 -4087.853500 5185.996262 0.087091 -0.415191 0.905556 0.218381 0.894857 0.389282 -0.971970 0.163854 0.168604
-43.988683 -68.927152 -5679.600366 2783.933055 -0.047136 -0.621682 0.781850 0.214778 0.758105 0.615749 -0.975525 0.196949 0.097789
-40.737743 -68.825000 -6105.056941 1291.163883 -0.115517 -0.655437 0.746363 0.090724 0.741291 0.665024 -0.989154 0.144535 -0.026168
-49.979374 -73.920067 -2635.807793 2884.703530 -0.014152 -0.442939 0.896440 0.067625 0.894053 0.442827 -0.997610 0.066888 0.017301
-8.565229 -29.362763 -745.324273 -386.029425 -0.081076 0.986502 0.142268 0.991734 0.065602 0.110276 0.099455 0.150032 -0.983666
-6.862552 -28.842086 -1150.558126 -593.957703 -0.046802 0.988481 0.143924 0.998431 0.041856 0.037210 0.030757 0.145440 -0.988889
-9.521589 -30.621931 -1511.235298 -1038.123662 -0.165367 0.975989 0.141773 0.983518 0.152543 0.097068 0.073111 0.155488 -0.985129
-11.186872 -31.670412 -1035.071126 -746.799468 -0.208977 0.968963 0.132057 0.965601 0.183087 0.184646 0.154737 0.166101 -0.973893
-5.422209 -41.275894 -1361.910536 617.219336 0.402607 0.896824 0.183341 0.781662 -0.232601 -0.578706 0.476352 -0.376302 0.794661
-5.864445 -42.720816 -1101.120192 670.004255 0.368023 0.909286 0.194316 0.820956 -0.219639 -0.527058 0.436567 -0.353494 0.827315
-3.928758 -43.843868 -607.377757 755.194945 0.385314 0.903001 0.190057 0.829186 -0.248426 -0.500734 0.404949 -0.350533 0.844478
-2.582690 -43.906264 -482.651096 1112.257872 0.401092 0.897874 0.181516 0.791442 -0.239891 -0.562202 0.461243 -0.369154 0.806834
-0.482146 -16.721316 -312.080271 930.329191 -0.640808 -0.152352 -0.752432 -0.336043 0.936891 0.096490 0.690247 0.314681 -0.651564
-1.857257 -13.893037 -253.569318 1593.972911 -0.591777 -0.268851 -0.759947 -0.448298 0.893272 0.033075 0.669947 0.360256 -0.649143
-2.069861 -13.541904 344.018032 1697.491738 -0.617976 -0.213125 -0.756759 -0.410667 0.908309 0.079548 0.670417 0.359935 -0.648836
13.959032 -82.303487 657.798768 7786.744572 0.766825 0.578148 0.278789 -0.496373 0.258783 0.828641 -0.406932 0.773806 -0.485418
14.388066 -92.993718 2198.566000 2783.703245 0.765976 0.583290 0.270286 -0.533229 0.341609 0.773932 -0.359094 0.736937 -0.572691
7.252981 -106.365909 3231.539746 13205.435510 0.806215 0.527961 0.266971 -0.517024 0.409396 0.751718 -0.287581 0.744078 -0.603030
-15.818883 -266.344815 6008.150792 -87903.948918 0.976472 0.184113 0.112273 0.120479 -0.033970 -0.992134 0.178851 -0.982318 0.055353
-29.551588 -909.859064 9411.828977 -311314.571823 0.975920 0.169224 0.137638 0.080365 0.307667 -0.948094 0.202787 -0.936325 -0.286659
-16.013790 -552.064293 1324.776674 -191786.704263 0.979613 0.169605 0.107673 0.082622 0.148408 -0.985469 0.183120 -0.974274 -0.131369
-54.469695 -87.512937 -638.839175 8062.538470 0.388168 -0.913357 0.122899 0.920260 0.391306 0.001514 -0.049474 0.112511 0.992418
-42.710462 -92.730468 -1103.889727 19956.092574 -0.467646 0.883697 -0.019663 0.878019 0.461845 -0.125627 0.101935 0.076013 0.991883
41.109208 -33.383056 391.679046 1796.181244 0.081668 0.980928 0.176380 0.364153 0.135367 -0.921449 0.927752 -0.139482 0.346152
48.599740 -22.397533 7473.387450 3479.234093 -0.017161 0.905641 0.423697 0.490132 0.376972 -0.785915 0.871479 -0.194180 0.450354
33.466150 -9.796733 8506.891673 3072.066497 -0.038359 0.768732 0.638419 0.519338 0.561163 -0.644503 0.853708 -0.306832 0.420757
-20.871744 -491.829227 -12943.171255 309677.515828 0.509133 0.855559 -0.093819 -0.175071 -0.003781 -0.984549 0.842694 -0.517691 -0.147858
8.367118 -56.728206 -16403.641514 25921.927517 0.301695 0.886001 0.352112 0.352773 0.239369 -0.904574 0.885738 -0.397121 0.240341
76.759125 -63.797428 -1102.459520 -7036.607833 0.651340 -0.724024 0.227036 0.758586 0.614469 -0.216738 0.017417 0.313397 0.949463
70.049273 -48.648247 -7547.610687 -5694.815054 0.647637 -0.651372 0.395324 0.754653 0.619975 -0.214780 -0.105189 0.437432 0.893078
76.634338 -62.209923 -7499.989864 2061.807788 0.726016 -0.622972 0.291216 -0.684263 -0.612283 0.396099 0.068452 0.486842 0.870803
65.553089 -48.081221 -4214.417678 3130.012752 0.719387 -0.560914 0.409705 -0.693503 -0.613277 0.378080 -0.039192 0.556117 0.830179
8.119644 -17.422430 1935.765982 37.685978 -0.019394 0.793032 -0.608871 0.817968 0.362780 0.446452 -0.574937 0.489379 0.655710
10.691523 -14.231725 1207.632403 -2375.009089 -0.032007 0.796183 -0.604209 0.781936 0.396475 0.481024 -0.622537 0.457057 0.635254
6.249609 -12.524232 3028.660247 -3487.739605 0.066333 0.814688 -0.576094 0.762524 0.330994 0.555877 -0.643550 0.476158 0.599263
-2.813847 -40.002031 -1062.077186 530.852621 -0.030890 0.999249 0.023401 0.612446 0.037425 -0.789626 0.789908 0.010059 0.613142
-6.391380 -40.555125 -1580.831234 -552.179358 -0.033416 0.999184 0.022700 0.595857 0.038152 -0.802184 0.802395 0.013280 0.596645
-9.037083 -41.077013 -375.785676 1014.219009 -0.012496 0.999625 -0.024359 0.657427 -0.010142 -0.753450 0.753415 0.025429 0.657054
-10.612028 -59.086119 -32.042962 179.306127 0.065075 0.966932 0.246592 0.933296 -0.146433 0.327896 -0.353162 -0.208805 0.911963
-11.333133 -58.263898 -135.045082 7118.452473 0.063931 0.966708 0.247765 0.915342 -0.155711 0.371352 -0.397569 -0.203049 0.894824
-0.246338 -65.626599 -453.050836 7461.080534 -0.011092 -0.890958 -0.453950 0.943098 0.141558 -0.300877 0.332329 -0.431457 0.838691
-0.889899 -66.313960 -212.518539 10092.141434 -0.014256 -0.890264 -0.455221 0.944617 0.137290 -0.298078 0.327865 -0.434259 0.839001
0.658772 -59.180549 148.535712 7436.519562 -0.052825 -0.893170 -0.446607 0.926009 0.123590 -0.356697 0.373787 -0.432404 0.820555
-1.390618 -82.983217 1163.954146 3632.362078 -0.104305 -0.870027 -0.481844 0.985091 -0.157022 0.070279 -0.136804 -0.467330 0.873434
-4.674679 -100.597303 -739.284094 11461.732033 -0.037836 -0.885886 -0.462358 0.969246 -0.145126 0.198749 -0.243169 -0.440619 0.864132
-0.932996 -86.545575 1580.062167 7791.208777 -0.058712 -0.867973 -0.493129 0.991154 -0.109583 0.074873 -0.119026 -0.484370 0.866728
-0.383185 -69.350867 2488.961160 4368.653335 -0.110427 -0.859661 -0.498787 0.993799 -0.102061 -0.044116 -0.012982 -0.500566 0.865601
-11.446682 -79.540603 178.564040 -3996.143882 0.061814 0.955455 0.288591 0.359943 0.248347 -0.899314 0.930924 -0.159466 0.328558
-11.534707 -75.003332 1181.511408 -3449.296469 0.047956 0.960049 0.275692 0.498474 0.216180 -0.839518 0.865577 -0.177685 0.468192
-11.694017 -77.975846 -198.459160 -1996.909925 0.071857 0.953928 0.291304 0.476365 0.223774 -0.850295 0.876306 -0.199867 0.438338
