11459
22909
-57.814457 -83.981213 837.917726 -14144.247180 -0.093738 0.888048 -0.450093 -0.556512 0.328124 0.763301 -0.825535 -0.322032 -0.463452
-70.196703 -100.649962 -76.503860 -9471.762815 -0.058205 0.832772 -0.550548 -0.421528 0.479408 0.769729 -0.904946 -0.276873 -0.323132
-57.269782 -106.912196 -4318.332100 -20681.482641 -0.156758 -0.681257 0.715064 -0.481577 0.684836 0.546885 -0.862271 -0.258629 -0.435431
-58.315966 -86.193348 -2146.759233 -11470.643262 -0.327949 0.914885 -0.235446 -0.441168 0.072066 0.894526 -0.835356 -0.397230 -0.379984
-44.698473 -72.752334 6022.777254 -14768.123790 0.034777 0.864210 -0.501929 -0.649434 0.401280 0.645918 -0.759623 -0.303506 -0.575202
-47.956211 -69.207189 -1215.098311 -8778.349098 -0.399308 0.911779 -0.095984 -0.485896 -0.121683 0.865505 -0.777469 -0.392241 -0.491618
-19.237721 -60.722291 -6595.520025 -12205.780583 -0.243143 0.954844 -0.170744 -0.855494 -0.128129 0.501711 -0.457179 -0.268058 -0.848017
-24.078513 -83.803512 -3154.710017 -21579.671404 0.037396 0.947761 -0.316783 -0.825735 0.207847 0.524367 -0.562817 -0.241969 -0.790372
-31.889665 -84.417232 -2121.844968 -15504.831921 -0.016151 0.968887 -0.246974 -0.851986 0.115943 0.510566 -0.523316 -0.218665 -0.823606
-21.372057 -66.131034 -9796.299585 3261.109099 -0.276633 0.950004 -0.144797 -0.857317 -0.175903 0.483804 -0.434145 -0.257973 -0.863115
-61.038200 -90.121692 -6874.225786 -4974.672746 -0.205461 0.913667 0.350712 -0.595059 -0.401134 0.696417 -0.776975 0.065608 -0.626103
-52.543332 -80.512415 -6579.040778 -7106.871720 -0.219362 0.950077 0.221888 -0.638497 -0.311758 0.703654 -0.737700 -0.012680 -0.675009
-47.785767 -91.409506 -9201.813867 -4564.165742 -0.137691 0.984208 0.111244 -0.523226 -0.167640 0.835543 -0.840997 -0.056842 -0.538045
-31.336599 -93.492254 -10000.286263 -905.997346 -0.118597 0.992670 -0.023272 -0.390437 -0.025071 0.920288 -0.912959 -0.118230 -0.390548
-46.320529 -95.893194 -10199.245167 386.326660 -0.098628 0.990026 0.100600 -0.387848 -0.131341 0.912317 -0.916431 -0.050962 -0.396934
-57.702381 -96.706413 -6793.626600 -1387.757872 -0.097607 0.963106 0.250799 -0.469781 -0.266747 0.841518 -0.877371 0.035683 -0.478485
7.213723 -139.390847 3345.949505 -27830.658585 0.563807 0.736740 0.373276 -0.501241 0.664440 -0.554325 0.656413 -0.125432 -0.743901
10.167975 -99.893639 4338.180645 -9531.064092 0.567938 0.736623 0.367197 -0.410621 0.640224 -0.649233 0.713328 -0.217945 -0.666081
1.884835 -102.231148 2325.116902 -9329.942128 0.589755 0.702151 0.398965 -0.354040 0.668812 -0.653718 0.725841 -0.244284 -0.643024
-0.032393 -132.820531 2050.663648 -25854.891802 0.579627 0.710966 0.398195 -0.422026 0.679922 -0.599666 0.697084 -0.179534 -0.694148
4.673363 -221.122667 4208.907522 -61193.610357 0.565114 0.725570 0.392675 -0.586302 0.688053 -0.427589 0.580428 -0.011410 -0.814232
14.127494 -232.436819 4753.905523 -63233.641038 0.568883 0.742072 0.354544 -0.637438 0.670249 -0.380051 0.519658 0.009795 -0.854318
37.421196 -66.544227 4972.769109 4847.658244 0.532182 0.431708 -0.728293 0.741263 0.178013 0.647179 0.409038 -0.884274 -0.225273
36.321832 -68.060748 4525.874728 1005.500612 0.521755 0.429864 -0.736878 0.802950 0.044325 0.594396 0.288172 -0.901805 -0.322033
38.018611 -63.185293 4594.146030 2833.049436 0.556614 0.368488 -0.744579 0.768537 0.111960 0.629933 0.315486 -0.922866 -0.220879
36.542885 -68.999790 -2193.856149 1737.701090 0.529934 0.441836 -0.723844 0.772435 0.100808 0.627042 0.350019 -0.891414 -0.287868
41.366955 -58.078428 4653.618828 4888.662496 0.602112 0.386824 -0.698447 0.669340 0.232334 0.705695 0.435252 -0.892406 -0.119026
35.623988 -67.117264 1932.228319 4039.554205 0.521260 0.455160 -0.721884 0.710798 0.236574 0.662419 0.472286 -0.858407 -0.200210
38.833765 -61.304120 5006.952520 4645.726069 0.563345 0.437342 -0.700981 0.666430 0.260974 0.698400 0.488378 -0.860595 -0.144440
-10.579450 -59.212199 58.965991 2431.503397 0.230524 -0.729096 0.644421 0.934545 -0.018605 -0.355358 0.271079 0.684159 0.677084
-9.795583 -57.762772 1165.197465 3785.699580 0.234373 -0.747937 0.621015 0.914880 -0.046317 -0.401061 0.328732 0.662152 0.673417
-8.995137 -54.732336 2177.144323 2227.596015 0.226957 -0.743585 0.628945 0.889736 -0.104317 -0.444395 0.396056 0.660454 0.637919
11.555652 -151.843252 3669.774082 -8771.829949 0.511761 0.741108 -0.434579 0.858570 -0.422950 0.289778 0.030952 -0.521414 -0.852742
18.379611 -144.624960 1370.876377 6072.612997 0.440097 0.762128 -0.474843 0.854347 -0.192609 0.482692 0.276414 -0.618113 -0.735889
6.695313 -142.353176 3295.353925 -3406.649712 0.451404 0.766777 -0.456386 0.891602 -0.367081 0.265134 0.035768 -0.526598 -0.849362
13.470907 -135.747830 71.518196 9081.363739 0.358678 0.790138 -0.497023 0.901202 -0.154347 0.404984 0.243280 -0.593177 -0.767435
1.273241 -73.532608 -356.547101 1922.968982 0.202771 -0.730255 0.652390 0.954299 0.296733 0.035542 -0.219540 0.615368 0.757050
2.525795 -68.701789 367.859998 1793.750343 0.227243 -0.726878 0.648081 0.949802 0.312371 0.017313 -0.215026 0.611614 0.761375
3.419055 -68.902714 668.216312 4018.016842 0.251611 -0.723940 0.642342 0.966664 0.220531 -0.130105 -0.047468 0.653665 0.755294
1.099520 -71.856401 15.727865 -1865.620892 0.189878 -0.740592 0.644570 0.919601 0.364125 0.147471 -0.343920 0.564745 0.750188
2.235181 -71.032061 230.089383 3429.263906 0.230409 -0.728462 0.645178 0.972080 0.202557 -0.118450 -0.044399 0.654457 0.754795
-0.579311 -79.513063 222.686019 1808.102525 0.154112 -0.755637 0.636602 0.900776 0.372211 0.223745 -0.406020 0.538954 0.738022
-0.732313 -79.290609 -514.707333 1354.454307 0.164479 -0.745141 0.646306 0.936292 0.324087 0.135368 -0.310328 0.582866 0.750975
0.089300 -75.857445 246.669128 2051.947720 0.197357 -0.734574 0.649192 0.971530 0.235095 -0.029333 -0.131075 0.636499 0.760058
11.311638 -61.882489 4286.603191 -1569.032809 -0.479717 0.775285 -0.410858 -0.479032 -0.623728 -0.617651 0.735119 0.099484 -0.670599
20.246169 -61.134805 -1960.110551 -187.259718 -0.385128 0.818785 -0.425756 -0.412325 -0.565400 -0.714360 0.825630 0.099570 -0.555357
10.734684 -59.610116 5868.065001 -5748.427321 -0.483314 0.766282 -0.423343 -0.378981 -0.619051 -0.687859 0.789165 0.172012 -0.589602
-21.735391 -66.375194 7612.912948 3530.885567 -0.586801 0.556982 -0.587737 0.283180 0.821169 0.495470 0.758599 0.124307 -0.639590
-16.905079 -65.234651 7022.806959 5880.871082 -0.571545 0.621585 -0.535695 0.353176 0.775612 0.523156 0.740677 0.109813 -0.662826
-2.996951 -62.869784 10306.492279 1940.662746 -0.565829 0.683911 -0.460546 0.329318 0.699529 0.634200 0.755902 0.207182 -0.621038
21.230972 -332.839126 7912.912545 -58771.061224 -0.516155 -0.743478 -0.425234 0.833028 -0.320349 -0.451044 0.199117 -0.587041 0.784688
16.587742 -269.427545 6053.960079 -41125.930050 -0.474933 -0.756781 -0.449134 0.877961 -0.442376 -0.182999 -0.060196 -0.481235 0.874523
22.228362 -330.370881 7693.540901 -88369.161663 -0.481627 -0.756114 -0.443089 0.876034 -0.429497 -0.219308 -0.024484 -0.493786 0.869239
22.869039 -348.403073 1363.392082 -30762.027903 -0.509777 -0.778209 -0.366768 0.777360 -0.234029 -0.583902 0.368564 -0.582770 0.724251
21.465900 -300.447364 5660.407911 6957.321199 -0.545858 -0.738466 -0.395863 0.657143 -0.084210 -0.749048 0.519810 -0.669012 0.531244
-5.052589 -12.284332 -616.029978 727.597462 0.884404 0.377645 0.274251 0.309710 -0.035275 -0.950177 0.349155 -0.925278 0.148157
-2.809491 -12.720575 -1058.786312 1754.447282 0.898086 0.378195 0.224524 0.267005 -0.063158 -0.961623 0.349500 -0.923569 0.157701
-2.759526 -11.147088 -1032.133122 2791.391073 0.929904 0.358936 0.080271 0.121734 -0.094411 -0.988062 0.347073 -0.928575 0.131488
-4.918933 -10.527499 -742.117808 463.918479 0.897824 0.362840 0.249519 0.280167 -0.033515 -0.959366 0.339733 -0.931249 0.131746
57.840017 -727.841835 -17493.590111 -79838.818223 0.598490 0.687170 0.411833 -0.231119 -0.344110 0.910040 -0.767068 0.639832 0.047129
93.442468 -814.017254 -32416.629551 -188728.959018 0.551087 0.757130 0.350796 -0.504384 -0.032662 0.862862 -0.664756 0.652447 -0.363885
88.911162 -765.466080 -16871.346598 -122503.316510 0.624115 0.616238 0.480345 -0.485395 -0.175953 0.856407 -0.612268 0.767653 -0.189303
65.622213 -1046.702105 -28072.292184 -275663.437490 0.660560 0.549052 0.512057 -0.183963 -0.542878 0.819415 -0.727886 0.635472 0.257598
50.859340 46.921523 5300.667412 -358.015337 -0.245165 -0.066127 -0.967224 0.718720 0.657164 -0.227105 0.650643 -0.750841 -0.113587
45.957745 36.511025 3594.639346 -23534.552751 0.584429 0.618531 -0.525226 -0.281929 -0.452169 -0.846203 0.760893 -0.642622 0.089879
50.119375 43.214929 6559.100124 -17865.774638 0.713799 0.659791 -0.234875 -0.115475 -0.219901 -0.968664 0.690765 -0.718553 0.080776
51.824263 33.701135 5622.178524 -24152.824517 0.414278 0.481852 -0.772135 0.755663 0.290755 0.586886 0.507294 -0.826608 -0.243664
48.418422 38.023828 2930.089892 -29107.709163 0.363500 0.553562 -0.749291 0.761995 0.286042 0.580985 0.535940 -0.782144 -0.317835
53.388645 49.489748 627.036866 8254.056776 0.744217 0.523679 -0.414609 -0.379748 -0.178915 -0.907624 0.549484 -0.832916 -0.065715
-39.836284 -63.349066 -23917.502330 8485.802551 -0.524781 -0.252256 0.813002 0.786773 -0.508331 0.350126 0.324952 0.823387 0.465230
-53.468031 -90.387672 4733.480014 12924.732105 0.204479 -0.571154 0.794966 0.975433 0.050884 -0.214340 0.081971 0.819264 0.567527
-42.944785 -72.404985 4265.757313 15119.690083 -0.139220 -0.571807 0.808489 0.962992 -0.268454 -0.024040 0.230789 0.775222 0.588020
-18.324656 -53.752408 -24682.833297 8307.306579 -0.579310 -0.238272 0.779504 0.711174 -0.615037 0.340530 0.398285 0.751636 0.525750
-35.896194 -56.564103 2459.703536 14995.077446 -0.178625 -0.619455 0.764440 0.934352 -0.350276 -0.065514 0.308348 0.702554 0.641358
-65.984281 -104.218601 -9746.381508 -4354.049069 0.444667 0.281271 0.850387 0.417964 0.774550 -0.474741 -0.792198 0.566532 0.226856
-75.585807 -104.237390 -5638.612437 -11724.914795 0.541971 0.244626 0.804006 0.302513 0.835779 -0.458214 -0.784062 0.491561 0.378965
-78.137312 -109.189942 -5266.494316 -1149.279104 0.518468 0.147189 0.842334 0.508414 0.738982 -0.442065 -0.687536 0.657451 0.308306
-60.227741 -95.171429 -10006.428586 -12788.390017 0.457690 0.378039 0.804740 0.194227 0.840734 -0.505413 -0.867638 0.387625 0.311370
-43.576012 -95.737240 -12798.182313 -6513.222402 0.349964 0.364242 0.863048 0.352225 0.802537 -0.481531 -0.868022 0.472505 0.152564
21.208577 -64.447511 -6614.672920 -3057.916648 0.791129 0.498620 -0.354249 0.581685 -0.792394 0.183723 0.189097 0.351410 0.916926
15.841047 -67.839065 -7017.497881 -2004.973314 0.818156 0.472314 -0.327933 0.525964 -0.845195 0.094908 0.232341 0.250130 0.939921
8.754177 -63.214281 -6421.422868 -2660.677818 0.809804 0.488989 -0.324203 0.570672 -0.784779 0.241774 0.136203 0.380803 0.914570
-3.295846 -64.581153 -7341.812025 -1839.101987 0.836832 0.460851 -0.295513 0.520477 -0.837099 0.168432 0.169752 0.294757 0.940374
17.583763 -61.776310 -4931.473503 -1333.360055 0.769948 0.518551 -0.371867 0.622808 -0.737533 0.261065 0.138888 0.432609 0.890820
3.491899 -58.714328 -5548.876413 -1820.345332 0.808567 0.493578 -0.320312 0.584780 -0.734409 0.344494 0.065206 0.465859 0.882453
11.069669 -58.901774 -4912.790421 -2065.624661 0.779862 0.515580 -0.354954 0.621754 -0.703603 0.344042 0.072365 0.489000 0.869277
-2.998806 -61.236586 -6691.500539 -2079.102618 0.829189 0.472180 -0.299152 0.550659 -0.781970 0.292056 0.096025 0.406900 0.908411
-5.693512 -85.070842 -861.705118 -160.213656 0.713208 0.224542 -0.664015 -0.619211 0.645778 -0.446709 -0.328501 -0.729761 -0.599613
-4.837573 -84.577299 -3263.324270 -4.035089 0.692934 0.206280 -0.690862 -0.601147 0.694331 -0.395634 -0.398076 -0.689458 -0.605130
-11.741331 -88.004649 3000.661180 2505.498614 0.743751 0.211039 -0.634270 -0.531398 0.762298 -0.369485 -0.405527 -0.611854 -0.679105
-9.980202 -87.539029 2302.824783 1952.916527 0.742794 0.220408 -0.632201 -0.549203 0.740649 -0.387060 -0.382928 -0.634712 -0.671198
-9.834577 -87.146968 2598.875572 307.448146 0.743768 0.225140 -0.629381 -0.603187 0.631813 -0.486803 -0.288053 -0.741704 -0.605724
7.525210 -96.670323 -2481.148989 8075.808213 0.722167 0.016472 -0.691523 0.545134 -0.628944 0.554309 0.425799 0.777276 0.463182
9.479271 -99.199498 -436.405099 -3080.747757 0.705536 0.045627 -0.707204 0.535380 -0.688145 0.489719 0.464315 0.724137 0.509939
4.141307 -110.631820 -240.206885 16388.825987 0.770398 -0.021477 -0.637202 0.497147 -0.605486 0.621475 0.399165 0.795566 0.455788
3.241202 -107.755828 -2765.604960 14908.274421 0.714040 0.013580 -0.699973 0.603540 -0.518633 0.605607 0.354805 0.854889 0.378521
8.598264 -91.026413 -824.167980 1363.652746 0.674209 0.025759 -0.738091 0.582042 -0.633708 0.509550 0.454609 0.773143 0.442244
1.157179 -124.071932 -2706.841246 20925.160080 0.772041 -0.016948 -0.635347 0.546774 -0.491920 0.677534 0.324023 0.870475 0.370516
-7.628643 -161.909564 -520.782580 11680.702075 -0.652639 -0.185603 0.734585 0.736198 -0.384518 0.556919 0.179095 0.904267 0.387591
-4.711542 -157.960329 -3087.848821 -3920.494190 -0.659673 -0.158458 0.734658 0.750726 -0.093095 0.654021 -0.035241 0.982967 0.180371
-5.340537 -163.144411 -1279.270988 11569.804343 -0.665062 -0.175991 0.725755 0.729988 -0.358184 0.582084 0.157512 0.916914 0.366686
-3.220055 -153.961366 -356.687966 -9970.083807 -0.675562 -0.198506 0.710078 0.731758 -0.062630 0.678680 -0.090250 0.978096 0.187569
-1.132034 -157.362276 4192.933553 6291.853185 -0.699579 -0.221328 0.679413 0.711525 -0.303240 0.633859 0.065734 0.926854 0.369621
-8.687265 -152.490163 264.612399 11672.654253 0.679845 0.184503 -0.709767 0.678577 -0.525293 0.513421 0.278108 0.830678 0.482317
7.018800 -104.145898 -967.963046 -2014.088344 0.671008 0.167479 -0.722287 0.510355 0.602332 0.613787 -0.537852 0.780479 -0.318696
9.308870 -107.983370 -1694.587212 4737.246846 0.668986 0.155649 -0.726795 0.419701 0.727917 0.542207 -0.613440 0.667765 -0.421640
12.638475 -109.848989 -3380.283226 539.086536 0.695896 0.188102 -0.693071 0.495112 0.573394 0.652751 -0.520186 0.797394 -0.305891
11.690704 -118.051433 -5905.231720 -8308.238403 0.707646 0.216439 -0.672600 0.550969 0.426921 0.717058 -0.442347 0.878005 -0.182858
7.545105 -105.642351 -1760.864399 -6329.453873 0.694484 0.192284 -0.693339 0.541137 0.495501 0.679448 -0.474197 0.847057 -0.240065
22.267895 -129.679058 -5851.386760 -5136.514732 0.718979 0.167053 -0.674658 0.562865 0.429504 0.706193 -0.407740 0.887479 -0.214776
20.713758 -120.094566 -4606.523245 0.843931 0.695477 0.150288 -0.702656 0.465663 0.650476 0.600032 -0.547239 0.744510 -0.382407
17.025373 -123.413622 -6301.549966 -30556.166315 -0.181821 -0.538021 0.823089 0.957951 -0.285864 0.024755 0.221972 0.792979 0.567373
29.742948 -76.558620 -5134.951099 -20812.813676 -0.014409 -0.629844 0.776588 0.994865 -0.086845 -0.051976 0.100179 0.771851 0.627861
24.010934 -86.880285 -7540.946180 -26221.000500 -0.012466 -0.571495 0.820511 0.999921 -0.005857 0.011112 -0.001544 0.820585 0.571523
15.414755 -143.758824 -2325.620436 -34625.730902 -0.186247 -0.526354 0.829616 0.966193 -0.251339 0.057446 0.178278 0.812268 0.555371
12.937264 -149.366072 -3591.449367 -19486.801675 -0.239916 -0.511483 0.825122 0.882439 -0.469178 -0.034256 0.404651 0.719901 0.563916
16.525329 -125.867085 -3684.779998 -9244.444906 -0.257801 -0.529980 0.807873 0.823984 -0.557243 -0.102619 0.504568 0.639219 0.580353
53.097590 -120.889959 4385.082620 31787.287286 0.102080 -0.455580 0.884323 0.750172 0.619080 0.232339 -0.653316 0.639677 0.404959
51.840677 -97.995074 4201.927086 25552.022565 0.167697 -0.462847 0.870431 0.834812 0.536309 0.124345 -0.524373 0.705794 0.476327
47.226758 -114.003749 5054.445716 18851.527002 0.205562 -0.515294 0.831996 0.760989 0.618709 0.195177 -0.615337 0.593019 0.519316
51.184741 -123.295413 3189.277302 8111.442984 0.131137 -0.452861 0.881884 0.572425 0.760879 0.305602 -0.809403 0.464737 0.359009
55.984585 -127.988619 4489.863023 11716.629651 0.089242 -0.393816 0.914847 0.515573 0.804143 0.295867 -0.852185 0.445267 0.274804
-5.016327 -360.106499 -1931.302440 -1192.316573 -0.050859 -0.453759 0.889672 0.980884 0.144847 0.129949 -0.187832 0.879274 0.437718
-8.549668 -321.532107 -872.368515 10521.110880 -0.060865 -0.463005 0.884263 0.998136 -0.024356 0.055950 -0.004368 0.886021 0.463625
-6.928493 -365.729282 -3675.665474 45055.512171 -0.063774 -0.432874 0.899196 0.961439 -0.268188 -0.060917 0.267523 0.860637 0.433285
-6.232853 -331.876038 801.458951 -26817.827131 -0.044882 -0.477009 0.877752 0.911699 0.339639 0.231193 -0.408399 0.810622 0.419645
-4.587782 -337.898407 -1465.241817 32658.365725 -0.048122 -0.455864 0.888748 0.991497 -0.129506 -0.012742 0.120907 0.880577 0.458220
-3.351737 -354.549077 -2306.523558 -57795.766167 -0.035976 -0.450069 0.892269 0.793619 0.529756 0.299212 -0.607351 0.718885 0.338125
-2.599605 -362.914220 -397.125106 -14129.025460 -0.025712 -0.471974 0.881238 0.950312 0.262032 0.168067 -0.310235 0.841772 0.441785
8.778182 -222.217773 -3197.815611 40766.611974 0.267739 0.277035 -0.922804 0.616541 0.686743 0.385048 0.740401 -0.672038 0.013065
6.294228 -199.484447 -769.937671 24503.254069 0.284023 0.272045 -0.919414 0.675949 0.623268 0.393231 0.680018 -0.733163 -0.006866
5.750955 -180.681022 -1113.730738 24449.444833 0.309393 0.297940 -0.903055 0.480769 0.770333 0.418866 0.820450 -0.563755 0.095095
111.933583 -3676.315476 -82731.951418 -2210260.683179 0.216283 0.313709 -0.924558 0.508220 0.772385 0.380965 0.833627 -0.552275 0.007621
5.406910 -516.482419 293.892297 76919.769677 0.117021 0.139556 -0.983275 0.705381 0.685274 0.181210 0.699102 -0.714789 -0.018249
0.250937 -719.427298 -976.600236 -199929.898504 0.133854 0.207064 -0.969127 0.852833 0.474009 0.219068 0.504736 -0.855827 -0.113143
43.402145 -51.737911 29006.837045 -2056.682177 -0.232085 -0.759159 0.608124 0.783510 0.224579 0.579376 -0.576410 0.610936 0.542687
78.874725 -51.097360 31073.587086 -626.080314 -0.274630 -0.718538 0.638970 0.813329 0.180879 0.552973 -0.512907 0.671555 0.534733
29.196035 -50.679191 24476.292748 1650.559147 -0.228800 -0.743652 0.628198 0.849489 0.162630 0.501917 -0.475415 0.648485 0.594514
1.890456 -52.765235 11909.396217 -1480.831653 -0.239614 -0.729338 0.640821 0.783874 0.244103 0.570925 -0.572823 0.639125 0.513218
-133.486054 -1982.618655 -2594.613342 -696199.836172 0.371792 -0.890585 0.261972 0.928315 0.357152 -0.103315 -0.001553 0.281605 0.959529
-80.705647 -2016.785214 4256.907064 -1026546.303253 -0.405245 0.913521 -0.035451 0.678464 0.274529 -0.681411 0.612751 0.300190 0.731042
-87.957038 -2374.177068 20291.336493 -1385311.492144 -0.538671 0.825806 -0.166966 0.517318 0.167774 -0.839186 0.664993 0.538420 0.517580
-226.162612 -3465.221900 22260.416791 1652984.622850 -0.433384 0.892189 -0.127189 -0.023521 -0.152281 -0.988057 0.900902 0.425217 -0.086981
-17.466536 -60.332819 -1139.114469 -2418.254188 -0.441106 -0.453446 0.774475 0.897113 -0.198987 0.394451 -0.024751 0.868787 0.494567
-14.789466 -59.207097 604.250518 -2510.041063 -0.481189 -0.485539 0.729869 0.873929 -0.200557 0.442746 -0.068590 0.850899 0.520833
-16.356616 -58.998788 -1029.061523 -4107.613807 -0.448208 -0.466334 0.762655 0.893928 -0.235123 0.381588 0.001370 0.852789 0.522253
-17.758172 -57.809096 -1810.328217 -3432.295376 -0.448146 -0.432214 0.782532 0.892137 -0.272114 0.360619 0.057073 0.859735 0.507541
-69.972484 -109.525814 625.002119 -4057.203334 0.047473 0.731606 -0.680072 -0.238945 0.669391 0.703435 -0.969872 -0.129106 -0.206592
-76.149541 -109.667268 -561.842316 -2271.903917 -0.110651 0.827819 -0.549974 -0.242706 0.514111 0.822669 -0.963769 -0.224511 -0.144030
-65.774471 -100.702112 -555.063490 -8362.136753 -0.289809 0.901011 -0.322785 -0.315998 0.228266 0.920891 -0.903413 -0.368882 -0.218564
-49.585991 -69.241064 -5093.945989 -170.182612 -0.520888 0.721657 0.455946 -0.565472 -0.691836 0.449004 -0.639467 0.023944 -0.768446
-40.626074 -71.110039 -5700.194976 -8249.944253 -0.212836 0.971782 0.101686 -0.675317 -0.221516 0.703475 -0.706150 -0.081054 -0.703408
-59.600827 -77.540214 -7102.896696 988.388014 -0.526543 0.631958 0.568667 0.556556 0.761877 -0.331343 -0.642649 0.142029 -0.752881
2.801044 -91.019125 2694.185644 2142.410025 0.591956 0.699343 0.400634 -0.294464 0.650380 -0.700212 0.750252 -0.296523 -0.590928
20.099347 -97.728505 4980.636354 -8187.403184 0.562308 0.766269 0.310872 -0.458789 0.601860 -0.653665 0.687985 -0.224936 -0.689986
9.133744 -88.133408 5246.917594 2734.404278 0.576915 0.732056 0.362303 -0.325132 0.612722 -0.720320 0.749306 -0.297767 -0.591503
37.214327 -69.822487 9237.666005 854.837171 0.520674 0.407201 -0.750391 0.827943 -0.026334 0.560194 0.208351 -0.912959 -0.350851
36.935484 -70.255726 3495.629353 -700.844932 0.527219 0.422854 -0.737045 0.831322 -0.077115 0.550415 0.175908 -0.902911 -0.392184
42.061124 -69.508002 -5815.224684 -1993.563848 0.548360 0.423421 -0.721121 0.814107 -0.073211 0.576082 0.191131 -0.902970 -0.384856
-5.717790 -92.063884 174.142569 -957.360382 -0.377619 0.721478 -0.580408 0.218359 -0.539754 -0.813010 0.899846 0.433745 -0.046280
-5.458487 -90.997830 -217.050333 -2564.237376 -0.379354 0.718409 -0.583077 0.306687 -0.496925 -0.811794 0.872945 0.486779 0.031816
-6.651383 -86.946777 680.033077 -3612.153022 -0.368298 0.716632 -0.592280 0.432725 -0.431714 -0.791437 0.822864 0.547779 0.151106
-5.690620 -93.563218 -472.628895 529.107645 -0.382032 0.728415 -0.568738 0.115362 -0.573016 -0.811384 0.916920 0.375586 -0.134879
-7.518790 -89.558708 1993.129693 -2918.861114 -0.374542 0.720656 -0.583415 0.301857 -0.500168 -0.811612 0.876699 0.480091 0.030201
-7.567821 -89.804402 1634.308145 599.316425 -0.371481 0.738453 -0.562751 0.096949 -0.571958 -0.814533 0.923365 0.357142 -0.140879
-5.901384 -91.018261 -88.501469 1843.182188 -0.378464 0.735690 -0.561716 0.012469 -0.602750 -0.797833 0.925532 0.308955 -0.218946
-41.010398 -144.744668 -1934.923353 -33172.135249 -0.503645 -0.607770 0.613968 -0.376718 0.794063 0.477020 -0.777448 0.008956 -0.628884
-42.533659 -175.868855 -1851.349062 -24871.839269 -0.538160 -0.583243 0.608450 -0.125838 0.769412 0.626235 -0.833396 0.260448 -0.487460
-29.806086 -145.563587 -3847.761534 -29239.311652 -0.584897 -0.562208 0.584652 -0.327648 0.823147 0.463762 -0.741986 0.079692 -0.665663
-34.672713 -113.322000 -525.369120 -22039.711391 -0.512437 -0.617913 0.596315 -0.482581 0.781611 0.395220 -0.710298 -0.085245 -0.698720
-35.626587 -109.155939 -581.368633 -20679.379364 0.391885 0.724775 -0.566681 -0.558557 0.676870 0.479438 -0.731054 -0.128639 -0.670084
2.300730 -66.967934 1273.215067 4878.523536 0.247914 -0.723307 0.644489 0.964410 0.247395 -0.093326 -0.091940 0.644688 0.758897
2.641159 -65.138896 295.798975 1716.903961 0.241548 -0.717200 0.653666 0.940186 0.339720 0.025315 -0.240219 0.608453 0.756360
0.665314 -69.456453 47.541856 -1622.984299 0.191559 -0.740078 0.644663 0.898311 0.396814 0.188615 -0.395401 0.542977 0.740834
1668.531033 -102.830390 31468.139066 25762.373203 0.792195 0.294710 0.534390 -0.592800 0.579623 0.559129 0.144964 0.759726 -0.633879
2011.906610 -141.820873 -898180.972421 -2273.667994 0.797946 0.412446 0.439512 -0.595356 0.653061 0.468041 0.093987 0.635138 -0.766659
708.971288 -64.771217 277381.980493 -3268.814838 0.283978 -0.339462 0.896729 0.700192 -0.565506 -0.435814 0.655048 0.751644 0.077097
468.318145 -52.954359 -175038.594599 -133.097469 0.550835 0.721495 -0.419555 -0.549945 0.691895 0.467805 -0.627807 0.026951 -0.777902
923.110778 -73.226814 -402387.318330 -19293.071551 0.681564 0.718069 -0.140879 -0.593947 0.655312 0.466683 -0.427430 0.234400 -0.873132
19.980989 -235.433017 9550.112293 -50765.235790 -0.436901 -0.770596 -0.464003 0.860033 -0.509000 0.035525 -0.263553 -0.383537 0.885121
9.912382 -202.760840 5876.624091 -23007.099945 -0.438595 -0.759872 -0.479821 0.832701 -0.544428 0.101031 -0.337998 -0.355236 0.871530
70.013226 -707.510825 -28579.861939 79316.533460 0.508938 0.831285 0.223488 -0.614532 0.169072 0.770561 -0.602771 0.529509 -0.596899
146.631087 -1272.856084 -38486.504735 -237337.676840 0.517288 0.784949 0.340980 0.770500 -0.253748 -0.584758 -0.372482 0.565214 -0.736064
115.942924 -1143.584220 -21937.529495 368708.254591 0.649278 0.627233 0.430136 0.661723 -0.187093 -0.726029 -0.374914 0.756026 -0.536530
-156.114773 -1965.182085 26094.873972 701816.416787 0.982168 -0.172630 0.074463 0.088849 0.775252 0.625372 0.165685 0.607604 -0.776766
-102.134320 -869.136789 16367.218675 338182.797390 0.933567 -0.357589 -0.024126 0.340543 0.864050 0.370739 0.111726 0.354326 -0.928424
-101.858633 -737.276625 25141.552912 273681.482276 0.909681 -0.306576 -0.280165 0.414472 0.627378 0.659250 0.026341 0.715827 -0.697780
-109.132299 -476.507704 51269.176140 145578.894120 0.755932 -0.527072 -0.388281 0.640013 0.470289 0.607628 0.137659 0.707830 -0.692839
-30.524424 -4418.431636 52970.271069 1803125.494122 0.965645 -0.258805 -0.023455 0.181994 0.609092 0.771936 0.185495 0.749684 -0.635268
44.029016 -1346.278885 8881.064988 528125.316481 0.600853 -0.268626 0.752872 0.343249 0.937295 0.060488 -0.721911 0.222079 0.655382
102.164531 -656.811202 13472.011252 134093.588464 0.537487 -0.298564 0.788649 0.005163 0.936373 0.350970 -0.843256 -0.184570 0.504830
76.263930 -784.812903 12307.042462 299689.989056 0.491232 -0.402819 0.772288 0.394665 0.893336 0.214921 -0.776486 0.199219 0.597813
-49.908463 -68.481225 -22905.694288 7028.152597 -0.513204 -0.227468 0.827575 0.821240 -0.410311 0.396497 0.249373 0.883121 0.397379
-59.543909 -90.278106 3449.397734 19747.492245 0.272163 -0.451649 0.849671 0.960580 0.075503 -0.267555 0.056689 0.888995 0.454394
16.456621 -67.848293 -31810.963742 1300.239424 -0.600939 -0.118717 0.790429 0.799125 -0.109617 0.591087 0.016472 0.986859 0.160743
-4.343365 -66.248411 26166.489829 -99.674444 0.715642 0.107370 -0.690165 0.687245 -0.284655 0.668330 0.124701 0.952598 0.277501
43.592722 -56.170905 -21768.249996 69.549009 -0.607604 -0.201876 0.768156 0.793504 -0.195930 0.576162 0.034192 0.959613 0.279237
38.908353 -53.975413 -25672.031903 1090.819930 -0.663513 -0.155138 0.731904 0.734909 -0.318482 0.598730 0.140213 0.935148 0.325329
57.868009 -45.002001 -7139.332564 4497.432393 -0.599420 -0.341184 0.724079 0.799788 -0.291654 0.524669 0.032172 0.893606 0.447698
3.575340 -67.885214 -8930.352765 1519.074692 0.847815 0.448084 -0.283602 -0.477504 0.877684 -0.040756 0.230651 0.169975 0.958076
959.762328 -93.892556 -407805.567367 -60.546876 0.537232 0.311530 -0.783793 0.707859 -0.671820 0.218161 -0.458604 -0.672018 -0.581442
58.537979 -79.515779 -32594.717157 3549.685310 0.582591 0.297324 -0.756430 0.747849 -0.560571 0.355643 -0.318292 -0.772890 -0.548937
3582.701465 -152.159596 -1561963.061986 1148.446726 0.589304 0.229744 -0.774557 0.731193 -0.559431 0.390376 -0.343625 -0.796401 -0.497663
2163.742540 -161.585466 -985965.899409 29232.250948 0.640460 0.215460 -0.737149 0.727480 -0.477828 0.492396 -0.246139 -0.851621 -0.462772
8598.660508 -598.084295 -3299580.690678 -57118.636569 0.429561 0.447999 -0.784075 0.837602 -0.522158 0.160539 -0.337490 -0.725705 -0.599544
13.003260 -117.485225 353.171207 -17777.486330 0.676238 0.051010 -0.734915 0.478066 -0.789397 0.385104 0.560496 0.611760 0.558206
9.811731 -110.992439 1100.488307 -10125.929736 0.713041 0.037497 -0.700118 0.481740 -0.751726 0.450371 0.509410 0.658408 0.554076
9.105501 -109.124993 1566.811792 7944.881551 0.751596 0.019749 -0.659328 0.503200 -0.663441 0.553747 0.426489 0.747968 0.508577
-9.623733 -152.124468 -413.546978 13908.626401 -0.597715 -0.183142 0.780510 0.671293 -0.646576 0.362361 0.438296 0.740539 0.509410
-7.957312 -147.997178 87.738167 9118.184990 -0.636065 -0.188769 0.748190 0.707891 -0.528644 0.468428 0.307102 0.827588 0.469880
-9.020754 -134.260338 271.054041 9884.668502 -0.625233 -0.191378 0.756610 0.633357 -0.690880 0.348630 0.456007 0.697179 0.553172
-5.965618 -166.829749 1267.082987 8370.043784 -0.623784 -0.187334 0.758814 0.766352 -0.337407 0.546682 0.153617 0.922530 0.354033
-12.304802 -135.868916 1314.072535 10717.872116 0.604945 0.183823 -0.774758 0.555581 -0.794450 0.245313 0.570412 0.578842 0.582728
-9.807559 -161.712880 2132.248846 13151.580788 -0.610423 -0.192421 0.768348 0.744259 -0.471278 0.473261 0.271040 0.860739 0.430890
-11.533629 -136.441999 -671.932520 10571.713534 -0.581171 -0.200675 0.788650 0.587992 -0.773527 0.236476 0.562588 0.601153 0.567547
-11.345087 -139.175609 -529.661355 10105.764283 -0.562525 -0.207942 0.800203 0.584799 -0.784241 0.207306 0.584445 0.584573 0.562760
-10.518729 -149.419109 89.511549 10407.242542 -0.578610 -0.188263 0.793579 0.681390 -0.646318 0.343483 0.448239 0.739479 0.502247
4.533051 -97.992574 -638.293897 6317.381682 0.656155 0.160349 -0.737394 0.451285 0.699795 0.553740 -0.604816 0.696114 -0.386810
5.664428 -104.865714 1096.788656 5747.900345 -0.646213 -0.143134 0.749614 0.355019 0.813115 0.461308 -0.675551 0.564231 -0.474630
11.512129 -113.794351 1940.859065 3885.611405 -0.655483 -0.131450 0.743682 0.300805 0.857807 0.416753 -0.692718 0.496878 -0.522737
14.483096 -113.854969 3646.062567 1660.138703 -0.666598 -0.156039 0.728902 0.357801 0.790852 0.496519 -0.653931 0.591781 -0.471350
39.961766 -47.310615 -5436.361039 -9880.892978 0.193254 -0.653559 0.731788 0.981149 0.128871 -0.144011 -0.000187 0.745824 0.666144
32.489392 -68.581389 -2272.169791 -15774.785116 -0.026087 -0.688870 0.724415 0.985526 -0.139146 -0.096829 0.167502 0.711404 0.682530
42.803768 -43.869837 -1672.849839 -8876.750910 0.157053 -0.716420 0.679762 0.984373 0.058046 -0.166254 0.079651 0.695250 0.714341
46.533825 -88.912117 5504.598956 12478.166231 0.221903 -0.508686 0.831864 0.865512 0.495655 0.072215 -0.449052 0.703963 0.550261
53.700797 -71.612660 1473.448901 2046.197522 0.163085 -0.384542 0.908587 0.843960 0.531361 0.073403 -0.511014 0.754840 0.411195
-10.670819 -310.816275 -1242.502726 43939.549327 -0.079151 -0.460386 0.884183 0.904847 -0.405378 -0.130075 0.418314 0.789755 0.448665
-10.374778 -362.579238 1851.251559 45084.237287 -0.090875 -0.497780 0.862529 0.978015 -0.207850 -0.016911 0.187694 0.842029 0.505724
-10.126550 -369.823730 2005.833864 -13504.186978 -0.076355 -0.495142 0.865451 0.966549 0.176394 0.186193 -0.244852 0.850717 0.465110
118.067303 -1704.064507 41063.085774 -674174.843908 -0.180544 -0.274562 0.944468 -0.428110 0.886451 0.175859 -0.885509 -0.372586 -0.277586
66.910622 -1385.818402 -21757.812092 -659710.956805 -0.332327 -0.138547 0.932933 -0.262902 0.963555 0.049444 -0.905782 -0.228838 -0.356640
80.824845 -933.448052 -12549.239503 -152653.562749 -0.327664 -0.178034 0.927869 0.237139 0.935150 0.263173 -0.914550 0.306266 -0.264196
-17.106843 -63.508150 -74.015550 -1609.310211 0.442870 0.525843 -0.726192 0.367884 0.632055 0.682032 0.817635 -0.569206 0.086469
-13.584175 -62.471374 -1018.838124 2061.863034 0.441769 0.499767 -0.745033 0.242583 0.732983 0.635524 0.863710 -0.461486 0.202574
-16.640250 -61.677581 863.135132 -813.839936 0.429805 0.438411 -0.789344 0.353878 0.722480 0.593964 0.830685 -0.534620 0.155382
-9.972883 -31.885287 -2479.241160 4309.090435 0.771568 0.151778 -0.617775 -0.495222 -0.466246 -0.733055 0.399296 -0.871538 0.284577
-13.902803 -28.344408 -3674.588828 3626.297546 0.815679 0.202811 -0.541790 -0.432265 -0.408739 -0.803791 0.384468 -0.889832 0.245731
-17.135206 -37.196344 -2888.588776 4056.748559 0.710312 0.133218 -0.691165 -0.552759 -0.502362 -0.664899 0.435791 -0.854333 0.283197
-14.143119 -40.934849 -1912.834288 3749.407645 0.691101 0.096914 -0.716231 -0.559911 -0.554845 -0.615343 0.457032 -0.826290 0.329191
-2633.210389 -17678.472114 901810.836917 -9154972.736546 0.627721 -0.680573 0.377871 0.748528 0.394449 -0.533026 0.213712 0.617438 0.757032
-124.548567 -2085.688908 6140.645124 -140243.983426 0.725471 -0.626113 0.285789 -0.409954 -0.059569 0.910159 0.552838 0.777454 0.299893
-270.394907 -6325.004124 -45553.745141 4956719.960422 0.808722 -0.520951 0.273092 -0.452065 -0.253463 0.855216 0.376307 0.815087 0.440485
-511.971507 -12944.681814 2516.616191 7751292.779064 -0.375336 0.870078 -0.319511 0.187151 -0.266473 -0.945498 0.907798 0.414677 0.062819
10.513508 -618.794295 -920.003242 -79753.319894 0.008219 0.999204 -0.039028 -0.669890 0.034479 0.741659 -0.742415 -0.020049 -0.669641
20.411471 -1483.412853 -1498.971827 -698575.462322 0.157337 0.984511 -0.077352 -0.531043 0.150386 0.833893 -0.832609 0.090125 -0.546479
9.500103 -637.595614 3520.512772 -9393.279610 0.047487 0.997543 -0.051516 -0.277638 0.062723 0.958636 -0.959511 0.031220 -0.279934
-14.111987 -57.343298 847.513218 -334.790048 -0.468998 -0.474832 0.744698 0.875630 -0.139835 0.462296 -0.115379 0.868896 0.481360
-10.507143 -55.630944 2701.775078 -2021.920089 -0.529108 -0.504926 0.681978 0.830826 -0.144841 0.537353 -0.172545 0.850924 0.496142
-11.893834 -57.945118 2589.857148 -2090.287768 -0.529733 -0.512994 0.675441 0.842967 -0.230412 0.486124 -0.093749 0.826890 0.554494
-47.339572 -112.109262 -6394.406400 -6956.537068 -0.160616 -0.686209 0.709451 -0.284489 0.720464 0.632454 -0.945129 -0.100249 -0.310937
-27.052337 -115.329971 -14355.547429 -19821.342563 -0.273849 -0.686161 0.673936 -0.412774 0.716756 0.562031 -0.868691 -0.124272 -0.479513
-32.391803 -103.962342 10053.621074 -29745.957644 0.237902 0.740094 -0.629018 -0.599540 0.621407 0.504386 -0.764169 -0.257127 -0.591549
0.977297 -59.068256 -8522.219103 7891.293962 -0.322075 0.944571 -0.063671 -0.854052 -0.260873 0.450046 -0.408490 -0.199327 -0.890733
-21.879106 -51.568545 -12980.891707 -2731.133818 -0.315798 0.942406 -0.110189 -0.882955 -0.249370 0.397749 -0.347363 -0.222901 -0.910853
-27.504450 -59.160394 -6986.141020 -8934.015021 -0.167038 0.984852 -0.046529 -0.730699 -0.091971 0.676476 -0.661950 -0.146996 -0.734993
-26.343521 -76.074667 -6428.865511 -8860.991075 -0.115343 0.990785 -0.070997 -0.640082 -0.019479 0.768060 -0.759599 -0.134034 -0.636431
-38.732352 -55.574215 -4518.752984 103.944729 -0.556490 0.749010 0.359587 -0.570803 -0.659141 0.489609 -0.603741 -0.067209 -0.794343
-3.448750 -103.620567 -1178.558437 -7175.873177 -0.605987 -0.666553 -0.434151 -0.263245 0.683062 -0.681269 0.750654 -0.298552 -0.589393
-1.983359 -93.186252 -226.276904 2116.089774 -0.614979 -0.660194 -0.431212 -0.220482 0.668999 -0.709808 0.757092 -0.341443 -0.556982
40.345625 -64.808402 -81.004621 1537.923909 0.554696 0.284663 -0.781844 0.813961 0.009241 0.580846 0.172571 -0.958583 -0.226578
35.525859 -54.705962 -4401.186829 4590.172974 0.599423 0.223137 -0.768701 0.761607 0.136474 0.633506 0.246267 -0.965186 -0.088137
37.848599 -51.101022 -3648.888561 5738.901156 0.642762 0.271160 -0.716470 0.682652 0.221660 0.696314 0.347625 -0.936664 -0.042634
-5.121807 -85.949912 771.564229 -4433.242053 -0.384383 0.702056 -0.599473 0.451088 -0.423729 -0.785476 0.805462 0.572339 0.153814
-4.925873 -92.646819 -499.996448 -3214.340509 -0.380105 0.722276 -0.577787 0.308970 -0.489641 -0.815346 0.871813 0.488436 0.037047
-26.791365 -158.723976 -9827.853687 -16048.293917 -0.648748 -0.521616 0.554114 -0.115529 0.787203 0.605776 -0.752183 0.328980 -0.570959
-39.543564 -174.778854 -3382.482630 -7508.497220 -0.583181 -0.556205 0.592060 0.035350 0.710765 0.702540 -0.811572 0.430638 -0.394843
3.377259 -65.757255 407.675527 3667.622477 0.273147 -0.713266 0.645478 0.961856 0.212923 -0.171745 -0.014937 0.667769 0.744219
4.424426 -66.539393 314.603768 459.091436 0.284501 -0.712049 0.641908 0.956932 0.170566 -0.234921 0.057787 0.681098 0.729909
3.930933 -68.009984 854.731984 1302.719118 0.269775 -0.726313 0.632211 0.959959 0.151378 -0.235720 0.075504 0.670488 0.738068
-8.611632 -237.228906 152.351118 -20923.951979 0.624902 0.720230 0.301275 0.747301 -0.440160 -0.497796 -0.225918 0.536216 -0.813285
-7.061471 -244.222369 -2429.074626 -5455.248325 0.613628 0.741000 0.272727 0.789590 -0.577156 -0.208422 0.002966 0.343236 -0.939245
-7.086685 -233.486259 -2572.478440 -11767.197483 0.617960 0.737867 0.271437 0.753551 -0.457398 -0.472173 -0.224246 0.496325 -0.838674
-9.096027 -237.609480 875.999008 1175.414729 0.612144 0.721352 0.323930 0.790439 -0.569613 -0.225270 0.022015 0.393945 -0.918870
-8.263570 -210.220232 -748.259151 -18833.229200 0.623165 0.728159 0.285395 0.666443 -0.303429 -0.681017 -0.409292 0.614585 -0.674363
-7.517273 -210.912721 88.728571 29177.106579 0.628190 0.719059 0.297204 -0.627999 0.243077 0.739277 -0.459340 0.651051 -0.604268
-8.053453 -231.220578 -681.554020 -28930.564137 0.612986 0.727950 0.307143 0.729086 -0.371373 -0.574905 -0.304437 0.576342 -0.758385
-0.552945 -94.743352 2361.394531 8432.407185 0.607470 0.681030 0.408874 -0.172036 0.615312 -0.769282 0.775489 -0.396975 -0.490946
-1.665245 -98.700646 3979.934773 7965.469196 0.597753 0.698472 0.393482 -0.071830 0.535510 -0.841469 0.798456 -0.474726 -0.370274
-9.814625 -109.940989 715.141089 8465.842028 0.613786 0.654355 0.441686 0.048716 0.527010 -0.848461 0.787968 -0.542291 -0.291594
9.835373 -89.633936 6191.457596 7366.775583 0.583676 0.721905 0.371720 -0.217572 0.580096 -0.784953 0.782295 -0.377282 -0.495654
-5.719059 -97.131852 -503.270886 8002.913803 0.620850 0.639725 0.453096 -0.077292 0.625118 -0.776694 0.780109 -0.447190 -0.437550
1.388867 -200.375493 7215.355818 -2333.915511 0.487580 0.775932 0.400245 -0.779627 0.593298 -0.200448 0.392999 0.214307 -0.894217
11.012963 -182.986538 7780.568293 -3515.434059 0.484774 0.777142 0.401303 -0.621189 0.628918 -0.467533 0.615726 0.022637 -0.787635
0.501671 -188.271421 3570.643278 -482.405680 0.472430 0.803090 0.363121 -0.732388 0.586910 -0.345172 0.490323 0.102876 -0.865448
15.077732 -195.810905 4828.845067 11046.326245 0.545583 0.749096 0.375759 -0.721750 0.647866 -0.243611 0.425930 0.138294 -0.894125
3.612098 -226.233448 6478.005028 3198.362322 0.530503 0.741973 0.409931 0.813163 -0.582035 0.001145 0.239443 0.332733 -0.912116
-5.121292 -11.214844 665.671838 743.363608 0.893534 0.392704 0.217670 0.267144 -0.075339 -0.960707 0.360874 -0.916574 0.172227
-4.951203 -8.460210 -1027.518515 -1991.519170 0.873797 0.387303 0.294066 0.347103 -0.073216 -0.934965 0.340584 -0.919041 0.198409
-5.058102 -11.661837 256.977638 -497.978336 0.911288 0.381419 0.155157 0.206380 -0.097015 -0.973651 0.356316 -0.919297 0.167126
-6.438104 -8.992092 -1381.769568 1296.626034 0.375505 -0.053970 -0.925248 0.854066 0.407865 0.322826 0.359954 -0.911446 0.199250
-5.649117 -11.193534 1526.722757 -249.092959 0.930851 0.362621 -0.044965 0.027063 -0.191139 -0.981190 0.364394 -0.912125 0.187735
814.972940 -89181.389923 136977.830895 59262020.419152 0.405178 0.880083 0.247559 -0.708442 0.131085 0.693489 -0.577876 0.456367 -0.676600
25.260545 -626.895167 -7687.557658 154944.633483 0.484808 0.843332 0.231846 -0.490987 0.043048 0.870103 -0.723805 0.535666 -0.434935
11.208755 -572.499197 -9380.211055 192327.866315 0.497123 0.854117 0.152815 -0.373611 0.051752 0.926141 -0.783124 0.517500 -0.344835
12.269080 -708.591808 -4525.054935 -134026.397037 0.493452 0.826103 0.272139 -0.208462 -0.191436 0.959112 -0.844422 0.530007 -0.077747
6.118582 -630.647704 259.094968 224301.699192 0.462054 0.862653 0.205758 -0.579830 0.118299 0.806103 -0.671046 0.491767 -0.554853
6.555981 -458.522563 -5023.978546 -69703.763431 0.468977 0.843885 0.260613 -0.174262 -0.200862 0.963995 -0.865848 0.497507 -0.052857
8.542652 -408.578877 235.758493 87184.207178 0.470167 0.854977 0.218992 -0.322074 -0.064807 0.944494 -0.821713 0.514601 -0.244896
-47.694870 -8525.296150 -9569.249653 102001.000617 -0.593016 -0.561242 -0.577356 0.804309 -0.379343 -0.457369 0.037679 -0.735600 0.676368
-380.253059 -18870.662934 -124574.882598 -4939943.234748 -0.668374 -0.638709 -0.381218 -0.423515 0.748099 -0.510865 0.611483 -0.179997 -0.770513
16231.304510 -537.419881 520174.978276 -605053.823934 -0.110885 0.759860 -0.640560 -0.561881 -0.579569 -0.590245 0.819752 -0.294469 -0.491217
-115.146065 -12120.099901 75254.654619 -13695676.520052 0.603614 0.637482 0.478818 0.717960 -0.173478 -0.674121 -0.346675 0.750681 -0.562401
