19421
38824
-63.816868 -94.793449 367.736481 -11099.967154 0.874558 0.074993 -0.479087 -0.343977 -0.600440 -0.721908 0.341801 -0.796146 0.499324
-58.327388 -96.052729 1160.950740 -21618.853271 0.898699 0.288649 -0.330185 -0.094073 -0.608475 -0.787978 0.428359 -0.739216 0.519681
-54.200512 -78.754548 461.754936 -9060.835748 0.759099 -0.086471 -0.645206 -0.515567 -0.684980 -0.514775 0.397441 -0.723412 0.564550
-47.658227 -71.007827 2373.655988 -11503.747153 0.764887 -0.022200 -0.643781 -0.444218 -0.741935 -0.502198 0.466495 -0.670104 0.577358
-54.705920 -79.005073 2871.713615 -7927.782070 0.695252 -0.236029 -0.678907 -0.641194 -0.630495 -0.437431 0.324801 -0.739436 0.589694
-42.655592 -64.830103 3190.837346 6151.650531 0.572742 -0.334556 -0.748358 0.698980 0.676247 0.232633 0.428246 -0.656325 0.621163
59.806662 -81.049473 -5168.027407 13607.813255 0.748111 0.189860 -0.635833 -0.397630 0.895375 -0.200485 0.531245 0.402811 0.745334
49.844005 -81.368952 -2563.026393 15110.277645 0.727774 0.278080 -0.626911 -0.417358 0.904935 -0.083102 0.544204 0.322125 0.774646
56.640052 -94.904550 -1604.504681 12571.846268 0.753618 0.301288 -0.584197 -0.462821 0.874325 -0.146127 0.466751 0.380502 0.798349
67.122086 -85.591532 -446.241403 -4453.080040 0.747072 0.150205 -0.647551 -0.402915 0.877120 -0.261383 0.528719 0.456180 0.715791
95.713253 -181.561516 34446.749097 -4344.630276 0.818784 0.230720 -0.525700 -0.568703 0.200683 -0.797686 0.078542 -0.952100 -0.295527
100.803423 -318.700331 -88293.100838 -88917.782571 0.811289 -0.139085 -0.567860 -0.556306 0.115083 -0.822970 -0.179814 -0.983571 -0.015992
136.689981 -580.079634 36215.130432 -466495.180957 0.835197 0.244109 -0.492804 -0.390320 -0.368149 -0.843870 0.387422 -0.897149 0.212196
5.625683 -28.842383 2652.766482 1375.115390 0.931077 -0.075735 0.356876 0.304080 -0.379380 -0.873845 -0.201573 -0.922136 0.330203
6.857760 -25.535373 1859.371475 -275.690240 0.880983 -0.033621 0.471952 0.414311 -0.426909 -0.803800 -0.228505 -0.903669 0.362170
10.245856 -27.693817 3953.860102 -1255.156783 0.891752 -0.026205 0.451764 0.393493 -0.448106 -0.802723 -0.223474 -0.893596 0.389288
12.479346 -31.607789 -1308.356750 -1753.267028 0.940280 -0.098585 0.325814 0.257794 -0.418821 -0.870707 -0.222297 -0.902701 0.368395
3.946276 -36.166911 3270.106569 837.783509 0.956043 -0.100852 0.275337 0.223770 -0.355883 -0.907344 -0.189495 -0.929073 0.317672
4.169540 -32.367860 7904.429496 3260.955560 0.961078 -0.099648 0.257682 0.213474 -0.324227 -0.921578 -0.175380 -0.940716 0.290335
0.765937 -28.699261 10700.937147 2816.582706 0.971439 -0.184544 -0.149163 -0.174665 -0.130617 -0.975926 -0.160618 -0.974106 0.159120
3.872131 -21.513190 6331.892283 2006.370500 0.942388 -0.234290 -0.238775 -0.262340 -0.074716 -0.962079 -0.207565 -0.969291 0.131875
10.394856 -22.377063 6553.394219 1535.747370 0.959533 -0.225986 -0.168006 -0.200128 -0.127540 -0.971433 -0.198103 -0.965745 0.167605
11.081249 -23.767591 6562.502812 1607.771519 0.977369 -0.202488 -0.061230 -0.100367 -0.189070 -0.976821 -0.186218 -0.960860 0.205114
10.679017 -88.300723 -6207.659725 13843.290980 0.777965 0.443843 0.444718 -0.073529 0.767253 -0.637116 -0.623991 0.462954 0.629531
-0.360095 -75.359267 -1939.789984 4699.798150 0.785339 0.365789 0.499440 0.070654 0.748532 -0.659324 -0.615020 0.553080 0.562007
6.664897 -71.024151 -5111.209713 4546.465654 0.781664 0.427774 0.453884 -0.003066 0.730355 -0.683061 -0.623692 0.532532 0.572204
18.526583 -71.481656 -10606.825140 7601.044372 0.771102 0.515496 0.373718 -0.124633 0.697799 -0.705367 -0.624394 0.497332 0.602322
238.732722 -67.561923 -34036.302362 5609.185544 0.995033 -0.094761 0.030505 0.095801 0.828185 -0.552206 -0.027063 -0.552385 -0.833150
294.469411 -73.293088 -103385.808540 2369.557543 0.982746 -0.164553 -0.084455 0.101877 0.862679 -0.495385 -0.154375 -0.478234 -0.864558
278.937254 -75.749636 -138434.356554 4631.523309 0.920907 -0.260953 -0.289541 0.074200 0.846607 -0.527020 -0.382656 -0.463853 -0.799009
244.067136 -68.393075 -112183.768622 -3817.707425 0.947152 -0.247552 -0.204010 0.054925 0.751734 -0.657176 -0.316047 -0.611240 -0.725603
202.299790 -66.186492 -19877.544546 -724.218082 0.997229 -0.056161 0.048784 0.074270 0.714347 -0.695840 -0.004230 -0.697535 -0.716538
-4.789655 -91.361844 -266.790206 -3707.365817 0.792870 -0.022008 -0.608994 -0.294889 0.860692 -0.415030 0.533290 0.508651 0.675926
-2.981714 -93.862141 -2554.214860 1961.085672 0.793610 0.008378 -0.608370 -0.281478 0.891522 -0.354907 0.539401 0.452901 0.709878
-5.108639 -96.440381 300.141826 6065.822905 0.787203 -0.008053 -0.616642 -0.268825 0.895431 -0.354876 0.555018 0.445128 0.702720
-6.047917 -96.695107 1952.205872 1689.261426 0.782763 -0.020261 -0.621990 -0.279179 0.881821 -0.380066 0.556184 0.471148 0.684601
-5.706995 -93.258800 2376.351898 2633.814490 0.783740 -0.030146 -0.620357 0.333594 -0.822085 0.461402 0.523895 0.568566 0.634244
-5.337870 -128.564868 8699.804245 -11580.702888 -0.861426 -0.182018 0.474146 -0.124940 0.980831 0.149537 -0.492276 0.069575 -0.867654
-2.403371 -108.067178 4412.395527 -16451.607896 -0.860565 -0.245808 0.446101 -0.282586 0.959097 -0.016654 -0.423761 -0.140394 -0.894827
1.417137 -118.535011 377.849211 -8279.742915 -0.876915 -0.206264 0.434138 -0.157549 0.976688 0.145803 -0.454091 0.059459 -0.888969
1.267043 -129.092255 2988.077253 -3336.154117 -0.875997 -0.153169 0.457350 -0.013226 0.955507 0.294673 -0.482135 0.252083 -0.839047
4.559323 -122.741830 -1347.594728 -3302.173180 -0.880084 -0.167204 0.444405 -0.049273 0.963054 0.264764 -0.472255 0.211117 -0.855807
3.492464 -111.439451 -1698.733982 -4834.278788 -0.878480 -0.211609 0.428363 -0.161531 0.975319 0.150537 -0.449645 0.063050 -0.890979
-12.412117 -107.103692 3256.508688 1516.069036 0.806310 -0.030527 -0.590705 0.169202 0.968839 0.180891 0.566776 -0.245802 0.786350
-14.564108 -105.326385 3843.137874 -4696.797293 0.801359 -0.046363 -0.596384 0.087271 0.995386 0.039883 0.591784 -0.084008 0.801707
-15.555731 -102.330852 -419.618051 -3182.568617 0.820979 -0.027519 -0.570295 0.101340 0.990002 0.098113 0.561893 -0.138343 0.815560
-16.350500 -104.361119 -3032.770593 -2410.388974 0.840694 0.000646 -0.541511 0.064374 0.992789 0.101125 0.537671 -0.119874 0.834590
-12.709209 -106.618368 -2503.620322 5068.043521 0.833615 -0.004867 -0.552325 0.149752 0.964500 0.217519 0.531659 -0.264039 0.804750
-5.193660 -133.188789 -6754.268793 -28404.378800 -0.941957 -0.087411 0.324153 -0.167995 0.958662 -0.229665 -0.290678 -0.270790 -0.917703
-5.765152 -91.711019 3371.768867 -28085.262466 0.914965 0.185058 -0.358598 -0.311727 0.888446 -0.336882 -0.256252 -0.420020 -0.870585
-12.500025 -125.864314 -4873.721735 -28998.780242 -0.929227 -0.133438 0.344575 -0.218746 0.950210 -0.221926 -0.297805 -0.281594 -0.912150
-47.145399 -87.629215 22564.868666 3616.658224 0.436332 0.895295 -0.089786 0.053821 -0.125577 -0.990623 0.898175 -0.427408 0.102979
-11.230946 -75.523971 31064.223324 1555.301377 0.386702 0.880593 -0.273892 0.025212 -0.306981 -0.951382 0.921860 -0.360996 0.140911
-46.197149 -87.988924 17996.665093 -748.209857 0.395143 0.917197 0.051101 0.235981 -0.047589 -0.970592 0.887792 -0.395581 0.235246
-45.642506 -85.207052 15999.654056 -1035.424385 0.343272 0.926821 0.152207 0.387324 0.007945 -0.921909 0.855654 -0.375419 0.356253
-64.125485 -97.083907 10412.467307 -198.744528 0.318273 0.859915 0.399059 0.477709 0.218116 -0.851011 0.818838 -0.461488 0.341369
-67.984932 -98.591384 10746.856959 2410.307538 0.413719 0.852352 0.319895 0.342902 0.179610 -0.922040 0.843359 -0.491159 0.217965
12.244495 -127.069880 -284.213071 8128.859629 0.749561 0.121412 0.650706 0.625630 -0.451032 -0.636520 -0.216208 -0.884211 0.414035
5.582546 -139.772209 3208.544643 12486.304612 0.768347 0.125617 0.627586 0.557397 -0.613254 -0.559668 -0.314565 -0.779833 0.541210
6.880413 -120.412559 6292.820344 10867.831970 0.732021 0.179072 0.657327 0.654109 -0.454511 -0.604617 -0.190493 -0.872555 0.449844
14.270585 -114.696689 -2430.539229 112.630695 -0.698631 -0.180787 -0.692265 0.705895 -0.332022 -0.625678 -0.116732 -0.925785 0.359578
9.067945 -107.733792 -6068.596795 2694.522344 -0.654085 -0.229813 -0.720665 0.751328 -0.307755 -0.583775 -0.087629 -0.923295 0.373963
-0.569046 -118.057672 6517.825575 10147.057443 0.709338 0.201574 0.675431 0.672790 -0.479409 -0.563491 -0.210223 -0.854128 0.475680
-5.501100 -140.047663 1005.574370 -6398.465306 0.648032 -0.117397 0.752511 0.738310 0.339374 -0.582858 -0.186957 0.933297 0.306601
-5.058306 -143.050247 584.755839 -2200.649510 0.666601 -0.100301 0.738635 0.698187 0.431113 -0.571556 -0.261108 0.896706 0.357410
-3.001569 -141.508831 1029.007944 2903.315470 0.652676 -0.112804 0.749192 0.693752 0.486414 -0.531140 -0.304503 0.866416 0.395729
-1.761799 -149.769750 872.781667 -6339.488761 0.660597 -0.099290 0.744146 -0.644282 -0.583793 0.494051 -0.385373 0.805808 0.449622
-1.328161 -149.219365 3269.640186 -347.788117 0.637701 -0.140790 0.757308 0.725569 0.439889 -0.529195 -0.258626 0.886947 0.382671
1.319844 -155.719718 3689.128909 9837.008752 0.651022 -0.127616 0.748254 0.653553 0.595597 -0.467046 -0.386056 0.793081 0.471151
11.006236 -73.994628 1229.637058 -2689.756419 0.739248 0.100536 -0.665887 -0.110694 0.993485 0.027108 0.664274 0.053671 0.745560
11.216747 -80.688552 -598.846643 -4743.321113 0.752046 0.089533 -0.653001 -0.181927 0.980441 -0.075093 0.633505 0.175272 0.753625
11.826197 -78.083403 211.174082 -3361.193357 0.739689 0.095973 -0.666070 -0.158071 0.986865 -0.033346 0.654120 0.129952 0.745144
-3.597409 -136.899955 4720.776898 -595.617877 -0.821745 -0.132041 0.554347 0.082539 0.934948 0.345050 -0.563846 0.329298 -0.757390
-0.774995 -136.936727 2979.578179 143.404643 -0.837754 -0.162703 0.521245 0.081408 0.906694 0.413858 -0.539945 0.389145 -0.746341
-8.275380 -133.864253 -2869.708865 3504.325776 0.829651 0.143491 -0.539527 0.194640 0.831426 0.520429 -0.523254 0.536788 -0.661864
4.316341 -137.584296 4302.840504 -1984.798778 -0.829520 -0.143740 0.539663 -0.025193 0.974958 0.220957 -0.557909 0.169693 -0.812368
-0.339050 -138.758890 3633.104390 -1045.114988 -0.824190 -0.104422 0.556603 -0.007401 0.984755 0.173788 -0.566265 0.139115 -0.812398
10.390335 -387.053361 -10329.965951 -49407.996075 0.505586 0.053073 0.861142 -0.164121 0.985798 0.035601 -0.847022 -0.159331 0.507116
17.458034 -382.003405 -4661.040912 -1712.197512 0.528309 0.064528 0.846597 -0.013163 0.997610 -0.067824 -0.848950 0.024688 0.527896
17.586231 -384.315162 -8258.775801 -100427.051014 0.512128 0.044246 0.857769 -0.378464 0.908120 0.179117 -0.771032 -0.416365 0.481819
-14.282810 -231.644283 86.863248 -56184.668252 0.521782 0.086068 0.848726 0.813967 -0.348022 -0.465121 0.255343 0.933527 -0.251649
-13.802949 -188.264021 854.408987 -16563.171886 0.565493 0.068225 0.821927 0.819460 -0.159203 -0.550581 0.093290 0.984886 -0.145936
-15.877702 -203.861081 279.859735 -16950.840252 0.557931 0.054136 0.828120 0.819644 -0.192246 -0.539653 0.129988 0.979852 -0.151632
-16.665035 -255.840083 -1789.395686 -59209.493432 0.521741 0.085573 0.848801 0.804958 -0.378903 -0.456591 0.282542 0.921472 -0.266572
-9.477897 -58.819126 347.483140 2784.495575 0.926113 0.343414 -0.156147 0.011664 -0.439780 -0.898030 0.377066 -0.829856 0.411291
-14.421816 -55.629151 2915.185320 1609.638927 0.921069 0.378230 -0.092593 0.084526 -0.426314 -0.900617 0.380115 -0.821704 0.424635
-9.171711 -52.864324 3997.025617 1463.816277 0.910628 0.412224 -0.028772 0.117071 -0.324139 -0.938738 0.396296 -0.851473 0.343429
-0.717245 -56.490359 2780.849878 3363.164972 0.922028 0.363298 -0.133710 0.003506 -0.353216 -0.935535 0.387106 -0.862121 0.326949
14.994789 -88.948703 13589.851620 -17821.431520 0.141192 -0.242600 -0.959797 0.989266 0.071444 0.127468 0.037648 -0.967492 0.250083
1.541741 -77.291472 12603.596144 -16126.944184 0.098478 -0.257562 -0.961230 0.992609 -0.043409 0.113324 -0.070914 -0.965286 0.251384
18.735195 -69.338675 14173.983326 -15357.876159 0.126005 -0.252637 -0.959321 0.988444 -0.050177 0.143044 -0.084274 -0.966259 0.243395
26.488950 -81.463801 7519.949314 -14732.210191 0.166991 -0.298497 -0.939688 0.985892 0.061577 0.155642 0.011404 -0.952422 0.304569
25.176408 -57.024432 1345.809380 -8103.390249 0.096163 -0.329148 -0.939369 0.989002 -0.074946 0.127504 -0.112369 -0.941300 0.318321
-23.212453 -137.328351 -5271.128243 25492.175305 0.864515 0.283119 0.415280 -0.189099 0.948762 -0.253163 -0.465677 0.140335 0.873757
-49.185774 -122.005839 -20554.435460 -3643.964086 0.844651 0.416863 0.335841 -0.268847 0.872846 -0.407261 -0.462909 0.253703 0.849323
-21.018424 -168.584945 -7158.035662 -31939.707007 0.825105 0.436858 0.358269 -0.282820 0.868327 -0.407458 -0.489095 0.234870 0.840013
-15.293481 -146.818903 -6660.130454 18046.506629 0.850541 0.299762 0.432114 -0.199613 0.944176 -0.262082 -0.486554 0.136655 0.862896
-16.022815 -163.556925 -5854.677502 31330.020220 0.866825 0.221066 0.446927 -0.201873 0.975191 -0.090827 -0.455918 -0.011491 0.889947
-20.083598 -65.758207 3328.830011 4272.785239 -0.550784 -0.343537 0.760670 0.834529 -0.211326 0.508824 -0.014050 0.915054 0.403087
-18.994321 -68.482008 326.381510 2516.399277 -0.562125 -0.353574 0.747663 0.819849 -0.119168 0.560042 -0.108919 0.927784 0.356865
-15.113031 -63.905551 2576.560306 4398.888091 -0.501010 -0.375677 0.779651 0.865351 -0.204413 0.457584 -0.012533 0.903926 0.427506
-21.660490 -70.691679 2293.834363 2285.494448 -0.566076 -0.335347 0.753060 0.815941 -0.097756 0.569811 -0.117468 0.937009 0.328961
-15.467599 -54.159677 212.783917 740.389596 -0.554710 -0.669729 0.493720 0.831787 -0.431642 0.349020 -0.020638 0.604275 0.796508
-16.142028 -54.057117 -554.866360 198.866828 -0.548976 -0.652069 0.522907 0.835826 -0.424827 0.347733 -0.004601 0.627956 0.778235
-15.528111 -52.303418 -930.771753 -711.358826 -0.549683 -0.656989 0.515960 0.832265 -0.377462 0.406026 -0.072000 0.652601 0.754273
-16.355340 -52.275835 -230.034402 -46.726639 -0.572208 -0.669851 0.473157 0.816630 -0.412306 0.403880 -0.075455 0.617498 0.782945
-15.155757 -49.221636 86.789074 -3647.283063 -0.571756 -0.662771 0.483559 0.808216 -0.353716 0.470821 -0.141004 0.660015 0.737901
16.901259 -62.168970 3237.074321 1982.354478 0.804879 0.086601 -0.587086 0.550143 -0.479831 0.683451 0.222515 0.873076 0.433849
15.474039 -65.009188 36.920005 3021.754360 0.837506 0.081520 -0.540313 0.521876 -0.412398 0.746708 0.161952 0.907349 0.387929
12.580548 -62.772745 2358.415155 4969.628574 0.816935 0.063181 -0.573259 0.546578 -0.402007 0.734604 0.184041 0.913454 0.362946
-755.903227 -3733.573239 -318569.682296 -1496290.029110 0.990389 -0.100887 -0.094611 -0.132539 -0.496747 -0.857715 -0.039535 -0.862012 0.505344
-437.776294 -5108.048438 382507.013890 3116346.163138 -0.469565 0.255760 -0.845042 0.804330 0.518620 -0.289977 0.364091 -0.815855 -0.449241
-4496.163045 -5279.169428 -1958116.136445 5601891.554300 0.210019 -0.243902 -0.946786 0.653485 0.755312 -0.049618 0.727221 -0.608290 0.318016
-393.012411 -3220.757430 152703.356020 -1290966.648749 -0.195319 0.824507 -0.531073 0.037647 -0.534800 -0.844140 0.980017 0.184870 -0.073416
-1088.588132 -2938.117448 961300.053795 1839729.271602 -0.540165 0.741147 0.398651 0.637490 0.669605 -0.381099 0.549389 -0.048280 0.834171
-15.804473 -60.923284 4734.813743 -7773.834666 0.035578 0.862307 0.505134 -0.658962 0.400248 -0.636844 0.751334 0.310207 -0.582468
-11.494969 -57.922815 3310.814864 -5772.301979 0.054845 0.845323 0.531433 -0.690372 0.416621 -0.591450 0.721373 0.334448 -0.606437
-14.938700 -62.781961 -3334.621170 14646.296235 -0.001191 0.901098 0.433615 -0.657821 0.325882 -0.679023 0.753173 0.286049 -0.592373
-28.342757 -71.158050 1285.579420 11767.821803 0.078053 0.854861 0.512952 -0.616229 0.445829 -0.649229 0.783690 0.265422 -0.561588
-30.079626 -73.983091 2587.498510 -13746.604550 -0.112865 0.941876 0.316434 -0.624346 0.180516 -0.760004 0.772951 0.283342 -0.567683
-4.103804 -114.377847 -1130.452951 42408.721399 -0.809711 0.021908 0.586420 -0.026394 0.996932 -0.073689 -0.586236 -0.075145 -0.806648
-10.332449 -170.670988 994.938626 42503.173206 -0.814239 0.158466 0.558483 -0.041494 0.943676 -0.328258 -0.579045 -0.290454 -0.761803
-3.598236 -177.920826 4320.522188 56733.560773 -0.802846 0.148301 0.577448 0.017931 0.974136 -0.225249 -0.595917 -0.170486 -0.784740
9.149572 -107.283370 4628.122865 38732.754158 -0.788083 -0.029267 0.614873 0.025477 0.996462 0.080084 -0.615041 0.078778 -0.784550
4.692091 -21.938113 7014.842216 -2837.326141 0.843057 0.331050 -0.423864 -0.245174 -0.464894 -0.850743 0.478690 -0.821145 0.310767
3.512615 -24.371338 6059.789075 -6488.659997 0.811039 0.280625 -0.513289 -0.348807 -0.472411 -0.809420 0.469627 -0.835510 0.285260
11.825735 -18.522315 5780.224369 -3607.634316 0.862114 0.349745 -0.366658 -0.198451 -0.432750 -0.879400 0.466237 -0.830907 0.303672
-10.764593 -67.370051 11070.302224 11710.483982 -0.862450 0.104480 0.495241 0.097462 0.994432 -0.040066 -0.496670 0.013712 -0.867831
-1.325537 -58.922405 10540.881497 3279.932555 -0.851773 0.059022 0.520576 0.022648 0.996853 -0.075965 -0.523421 -0.052915 -0.850430
2.167829 -48.033915 11580.920890 6999.386219 -0.821323 0.280326 0.496836 0.276281 0.957444 -0.083490 -0.499097 0.068694 -0.863819
-5.439727 -48.877274 12082.249454 17947.488781 -0.830619 0.289294 0.475796 0.313036 0.949246 -0.030679 -0.460522 0.123458 -0.879021
-19.794097 -68.733588 3944.919144 20992.102633 -0.892795 0.100478 0.439115 0.123402 0.992069 0.023892 -0.433231 0.075518 -0.898113
-53.487746 -84.056305 -150.848749 643.150342 -0.111165 0.991289 0.070634 -0.286282 -0.100004 0.952912 -0.951675 -0.085709 -0.294905
-52.136880 -84.649855 209.999140 718.136202 -0.094005 0.992633 0.076443 -0.397098 -0.107795 0.911424 -0.912949 -0.055323 -0.404306
-55.094899 -85.984261 3659.731348 1773.263939 -0.145181 0.988627 0.039232 -0.348514 -0.088210 0.933143 -0.925991 -0.121802 -0.357357
-57.125257 -84.265706 3644.910732 2065.022467 -0.177287 0.983709 0.029775 -0.220162 -0.069129 0.973011 -0.959217 -0.165947 -0.228831
-55.808047 -127.022934 -13150.812532 -188.437804 -0.522673 0.050509 -0.851035 0.808107 0.347391 -0.475691 0.271616 -0.936359 -0.222389
-62.250592 -121.396043 -13319.144203 12368.095147 -0.596436 0.068795 -0.799707 0.697206 0.538061 -0.473703 0.397703 -0.840094 -0.368883
-38.254715 -114.765593 -17421.933045 8133.123097 -0.611573 -0.057406 -0.789102 0.670254 0.492363 -0.555282 0.420402 -0.868495 -0.262639
-32.660410 -117.418912 -15049.853501 -1769.443868 -0.542938 -0.041782 -0.838733 0.788997 0.316646 -0.526516 0.287581 -0.947623 -0.138953
-16.889824 -105.520214 -18400.185946 8361.412751 -0.620657 -0.123787 -0.774249 0.659108 0.452479 -0.600700 0.424690 -0.883142 -0.199245
-9.781011 -93.373382 22091.424130 14203.272399 0.694105 0.203280 0.690576 0.503659 0.548276 -0.667624 0.514341 -0.811216 -0.278177
-5.802480 -55.457595 452.028366 -6386.946535 -0.904226 -0.073802 0.420629 -0.024195 0.992225 0.122080 -0.426369 0.100211 -0.898981
-7.710488 -57.546807 813.935575 -3934.984139 -0.902502 -0.086507 0.421908 -0.065192 0.995772 0.064717 -0.425723 0.030902 -0.904326
-5.865870 -54.161099 3.407867 -6695.209403 -0.899035 -0.060622 0.433661 -0.017767 0.994605 0.102205 -0.437517 0.084181 -0.895261
2.108349 -72.363279 4538.340383 1359.221307 -0.710832 -0.222804 0.667140 -0.244629 0.967600 0.062498 -0.659450 -0.118777 -0.742306
-0.264752 -72.320604 4442.252714 985.729655 -0.715454 -0.202165 0.668771 -0.167000 0.978957 0.117275 -0.678407 -0.027780 -0.734160
-4.533491 -73.933518 4727.656390 2745.456667 -0.724676 -0.182509 0.664482 -0.168928 0.981916 0.085466 -0.668063 -0.050315 -0.742401
-3.185992 -72.930258 4426.264517 -1901.040973 -0.727584 -0.186505 0.660180 -0.254567 0.967027 -0.007367 -0.637038 -0.173420 -0.751072
-9.123959 -71.216299 5109.630868 3694.820317 -0.736192 -0.162652 0.656937 -0.160545 0.984954 0.063953 -0.657455 -0.058387 -0.751228
-8.332999 -70.145789 3953.821116 5552.797940 -0.734464 -0.176637 0.655257 -0.110061 0.983754 0.141825 -0.669663 0.032047 -0.741973
1.010893 -134.320203 -7440.100334 -3951.139484 0.812262 0.369848 -0.451046 -0.583011 0.490738 -0.647514 0.018136 -0.788916 -0.614233
4.665182 -127.511983 -1831.519850 -4213.286490 0.816572 0.388060 -0.427340 -0.575687 0.493145 -0.652222 0.042360 -0.778600 -0.626089
-0.259030 -129.416670 -4057.799293 7125.929739 0.833733 0.364368 -0.414879 -0.545600 0.659166 -0.517514 -0.084908 -0.657827 -0.748368
7.260318 -70.181514 -2639.377562 1796.179106 0.734097 0.355038 -0.578835 -0.363923 -0.513965 -0.776788 0.573291 -0.780889 0.248094
7.620870 -70.319122 -2244.487095 3539.588270 0.724566 0.352456 -0.592266 -0.367926 -0.528843 -0.764824 0.582782 -0.772075 0.253504
8.196342 -71.307099 -4706.653520 -4104.072409 0.735164 0.349394 -0.580911 -0.383969 -0.491596 -0.781602 0.558660 -0.797657 0.227247
4.064014 -72.216580 648.184518 2742.332993 0.733021 0.371169 -0.570012 -0.329882 -0.538869 -0.775111 0.594859 -0.756210 0.272561
7.014433 -70.288798 -654.666493 6915.984283 0.723401 0.354583 -0.592420 -0.330494 -0.575519 -0.748031 0.606188 -0.736918 0.299144
2.870141 -70.174672 -1686.542926 -3485.531825 0.745214 0.365240 -0.557903 -0.367352 -0.473388 -0.800598 0.556515 -0.801563 0.218604
129.296798 -57.373521 60306.242698 19185.647033 -0.844879 0.321453 0.427607 0.160853 0.914991 -0.370024 -0.510202 -0.243844 -0.824763
71.150558 -40.602942 36082.408947 12695.109508 -0.811006 0.320792 0.489246 0.163354 0.927171 -0.337148 -0.561769 -0.193509 -0.804344
44.357006 -63.068455 19293.932773 14001.632726 -0.818962 0.276743 0.502706 0.078784 0.921957 -0.379195 -0.568413 -0.270941 -0.776851
833.288711 -129.027067 77993.127780 5113.734642 0.630026 0.131097 0.765428 0.474546 0.715217 -0.513098 0.614713 -0.686497 -0.388394
431.018554 -115.678690 -34853.186864 -16756.336842 -0.585515 -0.139871 -0.798504 0.665692 0.479164 -0.572062 0.462630 -0.866509 -0.187447
2734.907175 -145.348561 1535649.595151 -11694.928204 0.206492 0.643180 0.737347 0.692161 0.436620 -0.574697 0.691574 -0.629032 0.355026
351.978889 -124.902225 -159767.543009 -31943.630987 -0.332314 -0.452301 -0.827642 0.798931 0.331388 -0.501888 0.501275 -0.828013 0.251232
1462.370155 -210.773745 -789235.615267 8459.918030 0.011721 -0.577099 -0.816590 0.483167 0.718251 -0.500665 0.875450 -0.388681 0.287254
363.063534 -170.982564 217696.819642 10808.627757 -0.155379 0.617289 0.771240 0.767333 0.567108 -0.299313 0.622139 -0.545291 0.561783
1337.538312 -229.017758 -836335.401993 -14000.357135 0.189472 -0.643794 -0.741370 0.605018 0.671228 -0.428259 0.773339 -0.367399 0.516686
284.755088 -166.217956 -176472.775870 -15704.592077 0.042219 -0.588759 -0.807206 0.864803 0.426127 -0.265577 0.500333 -0.686862 0.527151
5.743555 -103.027062 1496.856635 2969.106072 -0.872614 -0.350241 0.340405 -0.396203 0.915173 -0.074035 -0.285600 -0.199474 -0.937360
5.980724 -102.195056 4411.111729 3116.581450 -0.872863 -0.331656 0.357930 -0.384474 0.919127 -0.085935 -0.300483 -0.212624 -0.929786
7.808270 -106.957316 -3974.676469 -3834.929487 0.876998 0.324598 -0.354274 -0.424411 0.868990 -0.254423 -0.225276 -0.373486 -0.899866
4.896884 -107.169409 736.899945 -2799.258739 0.876857 0.346596 -0.333157 -0.437086 0.863325 -0.252242 -0.200196 -0.366798 -0.908504
14.230274 -76.985239 -14243.764558 -1365.057715 -0.858143 -0.103402 0.502890 0.039941 0.963095 0.266183 -0.511855 0.248509 -0.822343
29.610493 -76.844779 -13797.701648 -956.442804 -0.835823 -0.132713 0.532716 0.033326 0.956287 0.290524 -0.547986 0.260580 -0.794864
20.559437 -76.135131 -14439.887819 611.354013 -0.842365 -0.120359 0.525295 -0.008919 0.977721 0.209719 -0.538833 0.171975 -0.824672
4.590600 -76.419088 -11096.970593 -152.808483 -0.855868 -0.099737 0.507487 -0.007089 0.983400 0.181313 -0.517147 0.151582 -0.842367
99.099640 -180.925683 -57899.892417 -8476.195988 0.242985 -0.513673 -0.822860 0.882141 0.469841 -0.032810 0.403467 -0.717906 0.567296
67.311974 -184.051616 -39098.734843 13302.458352 0.354959 -0.478476 -0.803159 0.756493 0.651773 -0.053955 0.549294 -0.588432 0.593316
144.382979 -138.505311 -82721.500075 -14473.441443 -0.001860 -0.491955 -0.870619 0.948368 0.275264 -0.157568 0.317166 -0.825960 0.466042
21.143721 -318.477708 5731.924872 -93424.358811 -0.082309 0.475202 0.876018 -0.710289 0.588614 -0.386035 -0.699082 -0.654000 0.289082
30.588225 -231.630950 4506.671567 64180.568053 0.067354 -0.408764 -0.910151 0.854267 -0.447651 0.264266 -0.515453 -0.795312 0.319042
24.241146 -291.925415 -8285.533142 -65511.648005 -0.136573 0.423686 0.895454 -0.641254 0.651177 -0.405908 -0.755077 -0.629649 0.182757
15.406309 -364.188219 2223.456291 -66355.771332 -0.119462 0.506476 0.853938 -0.363215 0.778181 -0.512356 -0.924015 -0.371370 0.090997
-22.660630 -71.888427 -5084.737883 5986.522258 0.074587 -0.190018 0.978943 0.576055 0.809529 0.113243 -0.814001 0.555479 0.169841
-21.735930 -81.775777 -3106.266725 8300.089411 0.091769 -0.132749 0.986892 0.506045 0.859775 0.068594 -0.857611 0.493117 0.146077
-22.603935 -82.781450 -5332.469748 9736.424533 0.087155 -0.197652 0.976390 0.515338 0.847732 0.125607 -0.852544 0.492224 0.175742
2.525513 -284.320387 -1843.851906 -12027.777351 0.104199 -0.410902 -0.905705 -0.092733 0.902681 -0.420199 0.990224 0.127773 0.055954
-1.054533 -303.106928 3696.987453 -21457.484072 0.087412 -0.413622 -0.906243 -0.009475 0.909339 -0.415949 0.996127 0.044945 0.075568
3.774336 -265.472564 -183.806379 -27832.620557 0.096995 -0.424623 -0.900160 0.212243 0.892445 -0.398114 0.972391 -0.152437 0.176686
-97.361938 -3422.175877 27130.569104 -1901708.469563 0.672377 -0.449879 -0.587808 0.734871 0.310515 0.602946 -0.088729 -0.837370 0.539387
-39.796819 -980.175803 14459.600933 423461.439639 0.829077 -0.304010 -0.469264 -0.558989 -0.431572 -0.708009 -0.012721 -0.849308 0.527745
-36.442501 -1929.596248 24713.037803 1092761.890154 0.862138 -0.229171 -0.451883 -0.447321 0.074581 -0.891258 -0.237952 -0.970525 0.038214
-54.597597 -1202.458696 2865.575449 680255.425291 0.905038 -0.224046 -0.361538 -0.380727 -0.047802 -0.923451 -0.189613 -0.973406 0.128563
68.666478 -1994.687208 -1265.144453 1245140.853969 0.885992 -0.409120 -0.218264 0.075520 0.591728 -0.802593 -0.457509 -0.694607 -0.555163
-326.858095 -4182.822130 -163095.329652 4244449.859656 0.560699 -0.021209 -0.827748 0.639189 -0.624389 0.448972 -0.526359 -0.780825 -0.336538
-1597.616756 -6554.206168 848345.693196 -10811671.022204 -0.591297 0.098040 0.800472 0.218652 0.974894 0.042113 -0.776247 0.199926 -0.597888
-617.843845 -3066.695318 -310386.719349 5386772.244951 0.567646 0.027179 -0.822824 0.813670 -0.170725 0.555692 -0.125373 -0.984944 -0.119026
-4.970753 -25.413151 -2830.971735 -2127.214753 -0.519998 -0.080136 0.850400 0.852421 -0.112328 0.510648 0.054603 0.990435 0.126720
-2.574448 -30.278235 4336.221466 -215.364501 0.732590 0.040965 -0.679436 0.680074 -0.085831 0.728102 0.028490 0.995467 0.090738
-7.701154 -23.840360 2116.020280 925.883468 0.763901 0.053029 -0.643150 0.645037 -0.092907 0.758482 0.019532 0.994262 0.105178
-10.072885 -19.459249 -1584.606466 -757.917281 -0.566822 -0.094574 0.818394 0.823420 -0.096768 0.559120 0.026316 0.990804 0.132724
-8.713733 -25.149433 748.261777 3221.776805 0.889636 0.044675 -0.454480 0.456657 -0.079315 0.886100 -0.003540 0.995848 0.090962
-12.398164 -18.921249 1333.502326 2239.730375 0.848902 0.060794 -0.525043 0.528540 -0.104113 0.842500 0.003445 0.992706 0.120514
7.892691 -139.018302 -6674.872938 9969.919461 -0.462613 0.484076 0.742738 0.452048 0.849482 -0.272089 -0.762654 0.209881 -0.611808
4.574676 -125.610655 -6441.386026 6823.971587 -0.450980 0.501560 0.738278 0.608885 0.777689 -0.156395 -0.652592 0.378995 -0.656114
9.074385 -130.348254 -2058.930733 7185.252134 -0.419882 0.502369 0.755861 0.582699 0.787730 -0.199860 -0.695817 0.356522 -0.623483
-27.422176 -77.709208 -202.750868 -2644.857051 0.885007 0.369487 -0.283270 0.290559 0.037074 0.956139 -0.363783 0.928496 0.074547
-26.045405 -76.348206 -2138.930306 2205.460611 0.903406 0.346438 -0.252664 0.304373 -0.103075 0.946960 -0.302019 0.932393 0.198565
-29.995651 -77.429445 -2451.786587 -3542.790643 0.905842 0.332807 -0.262089 0.264984 0.037544 0.963522 -0.330506 0.942247 0.054180
-23.940105 -115.861141 -1694.610507 2021.751482 0.808682 0.216600 -0.546917 -0.380067 0.902014 -0.204741 0.448980 0.373436 0.811765
-23.661502 -122.799149 -1787.780164 6997.855069 0.801633 0.227677 -0.552764 -0.303597 0.951573 -0.048342 0.514989 0.206570 0.831935
-23.821148 -116.553499 -4307.883453 4067.227104 0.805618 0.203350 -0.556443 -0.359008 0.914716 -0.185492 0.471268 0.349203 0.809916
-1.206976 -74.182505 4470.268211 -5096.540205 -0.722150 -0.204642 0.660773 -0.349016 0.932527 -0.092631 -0.597233 -0.297514 -0.744848
-6.095320 -74.836121 8619.933043 -2731.779381 -0.728767 -0.149500 0.668243 -0.336175 0.928290 -0.158945 -0.596561 -0.340481 -0.726765
5.553653 -69.609929 6241.099794 -1844.630206 -0.706444 -0.220346 0.672595 -0.407999 0.903301 -0.132606 -0.578337 -0.368096 -0.728033
8.719116 -69.353743 886.081364 -3049.617970 -0.705511 -0.280666 0.650755 -0.438617 0.894169 -0.089875 -0.556660 -0.348839 -0.753950
3.713562 -287.941884 6.540108 10704.609796 0.748939 0.270548 -0.604892 -0.164034 0.960137 0.226341 0.642015 -0.070292 0.763463
1.799982 -290.364355 887.433500 9775.527693 0.765710 0.204348 -0.609860 -0.305814 0.949821 -0.065706 0.565832 0.236815 0.789780
4.528918 -261.856762 -28.802455 24778.206213 0.760108 0.235298 -0.605699 -0.263514 0.963667 0.043667 0.593967 0.126419 0.794495
4.370194 -265.942711 -1853.958360 19766.315954 0.755579 0.283500 -0.590532 -0.128462 0.948120 0.290803 0.642338 -0.143864 0.752798
29.885090 -341.484119 2190.373928 69599.488724 -0.841396 -0.071077 0.535724 -0.104070 0.994069 -0.031562 -0.530303 -0.082309 -0.843803
30.052378 -323.093924 -4801.291233 58032.603443 -0.843026 -0.067735 0.533590 -0.045303 0.997456 0.055044 -0.535961 0.022230 -0.843950
31.296951 -331.934583 -924.020490 48453.476650 -0.844476 -0.058372 0.532403 -0.168689 0.972440 -0.160950 -0.508335 -0.225729 -0.831049
38.188038 -829.413605 -15498.371417 -377738.710572 0.917653 0.361032 -0.166035 0.392194 -0.755538 0.524735 -0.064000 0.546643 0.834917
-29.650933 -734.653523 -37142.244085 -288709.043395 0.922642 0.371267 -0.104365 0.371827 -0.784541 0.496226 -0.102354 0.496645 0.861898
-25.923378 -1477.326488 -36526.218043 -904864.538975 0.912256 0.396153 -0.104170 0.298511 -0.468806 0.831331 -0.280499 0.789483 0.545927
21.801709 -1933.888324 -21323.968108 -1162785.148746 0.907058 0.392529 -0.152206 0.312791 -0.386341 0.867699 -0.281794 0.834662 0.473214
-74.776276 -118.979052 -1474.181612 -22741.683036 0.935156 0.335522 -0.113616 0.045851 -0.432684 -0.900379 0.351257 -0.836785 0.420011
-66.025807 -132.117135 -1342.319497 -42064.311442 0.904838 0.423283 -0.045815 0.148854 -0.415333 -0.897408 0.398886 -0.805189 0.438816
-35.064083 -128.903152 14652.385298 -41318.788123 0.861864 0.440285 -0.251673 0.037460 -0.550174 -0.834210 0.505754 -0.709548 0.490668
-41.766211 -81.932941 10965.633430 -22373.996967 0.859592 0.364230 -0.358382 -0.022744 -0.673393 -0.738935 0.510474 -0.643334 0.570559
55.181349 -72.503839 -9750.549429 -864.771578 0.659217 0.427041 -0.618926 -0.408715 0.894377 0.181774 0.631178 0.133136 0.764126
46.117756 -99.650966 -421.187743 15525.947851 0.705182 0.397893 -0.586855 -0.462151 0.885651 0.045146 0.537712 0.239380 0.808432
8.913972 -25.032388 1306.993831 671.193702 0.797088 0.034930 0.602852 0.546139 -0.467652 -0.695006 -0.257648 -0.883222 0.391837
3.277906 -19.880542 -5499.843210 413.843821 0.850933 -0.040323 0.523725 0.457655 -0.432447 -0.776879 -0.257810 -0.900757 0.349529
2.537663 -20.167714 5176.447019 2761.545080 -0.654208 -0.089983 -0.750943 0.700766 -0.445610 -0.557099 -0.284499 -0.890693 0.354578
-4.032401 -16.202554 -7359.161975 -2363.145612 0.923965 -0.131672 0.359098 0.280782 -0.404009 -0.870597 -0.259712 -0.905229 0.336319
-5.195279 -14.906473 6021.648508 2114.996866 -0.664757 -0.083037 -0.742430 0.698254 -0.422375 -0.577962 -0.265592 -0.902610 0.338758
1.716347 -24.739916 5474.272723 5140.127691 0.920335 -0.214287 -0.327208 -0.341278 -0.031249 -0.939443 -0.191085 -0.976271 0.101891
1.225454 -15.040777 2173.066135 1532.061090 0.906987 -0.264303 -0.327899 -0.344409 -0.017360 -0.938659 -0.242399 -0.964283 0.106774
11.779132 -16.330480 4759.372455 778.361655 0.948994 -0.263067 -0.173799 -0.201599 -0.082453 -0.975991 -0.242421 -0.961248 0.131282
0.973838 -18.453522 1765.933758 3997.589351 0.897630 -0.246106 -0.365639 -0.377336 -0.000403 -0.926076 -0.227765 -0.969243 0.093226
-0.964327 -88.757846 -3266.708503 10798.758629 0.776678 0.356311 0.519436 0.045507 0.790741 -0.610458 -0.628251 0.497767 0.597936
-6.401788 -76.750320 -2358.305239 3482.272043 0.774521 0.312278 0.550091 0.162284 0.742437 -0.649963 -0.611377 0.592680 0.524355
-3.572145 -69.590658 -1161.013840 -503.611396 0.775998 0.304484 0.552373 -0.199765 -0.712032 0.673131 -0.598264 0.632693 0.491710
311.725838 -75.978206 163736.093140 -2953.464949 -0.896626 0.268614 0.352007 0.075486 0.876066 -0.476246 -0.436308 -0.400442 -0.805780
251.506790 -63.998670 -20608.431841 2766.950895 0.991783 -0.090270 0.090653 0.120645 0.895682 -0.428016 0.042559 -0.435436 -0.899213
422.421603 -70.308481 196033.089269 2864.760239 -0.907144 0.272805 0.320416 0.152045 0.922450 -0.354920 -0.392392 -0.273246 -0.878274
361.378351 -35.315680 -39503.237458 1135.396808 0.947900 -0.254420 0.191720 0.294606 0.929074 -0.223670 0.121216 -0.268499 -0.955623
357.917238 -38.108104 -155319.175497 16179.793042 -0.853023 -0.048494 -0.519616 0.148924 0.931653 -0.331428 0.500174 -0.360099 -0.787499
334.200862 -63.282943 -179106.001157 -4314.020721 -0.833143 -0.173176 -0.525246 0.132497 0.859557 -0.493565 0.536952 -0.480804 -0.693188
46.484563 -58.086587 16033.704346 -3138.904405 0.641966 0.377392 -0.667424 -0.004617 0.872365 0.488834 0.766719 -0.310733 0.561771
26.823274 -52.627564 24109.254243 -1725.654349 0.587343 0.468666 -0.659833 -0.057150 0.837257 0.543815 0.807318 -0.281696 0.518542
42.138404 -50.701405 17995.928811 943.133528 0.608214 0.486566 -0.627159 -0.028040 0.802776 0.595621 0.793277 -0.344680 0.501903
21.448303 -46.665965 20416.579020 2154.760354 0.556310 0.604711 -0.569951 -0.113564 0.734772 0.668740 0.823179 -0.307301 0.477434
55.366375 -57.781083 875.605829 -3290.623904 0.689309 0.374718 -0.620032 0.038881 0.835477 0.548148 0.723423 -0.401951 0.561332
59.152615 -51.200690 16364.365300 -3583.476658 0.624465 0.499944 -0.600082 0.029322 0.752752 0.657651 0.780502 -0.428275 0.455409
35.520855 -46.815067 19241.371069 -28.860391 0.547110 0.639420 -0.540196 -0.076273 0.680746 0.728538 0.833578 -0.357388 0.421214
-2.945916 -94.336990 -1850.770035 7345.066380 0.785270 0.025432 -0.618631 -0.251465 0.926138 -0.281128 0.565788 0.376326 0.733664
1.230627 -90.836982 -4677.823557 1110.621759 0.791499 0.047883 -0.609292 -0.254291 0.932338 -0.257065 0.555757 0.358404 0.750120
-0.281428 -91.705539 -3654.011400 -3.818356 0.793509 0.022072 -0.608158 -0.305572 0.878678 -0.366813 0.526279 0.476905 0.703983
-11.686670 -129.307833 7124.869571 -16128.103147 -0.875808 -0.169275 0.452003 -0.157983 0.985434 0.062936 -0.456073 -0.016289 -0.889794
-8.640465 -112.157996 5832.360101 -18680.078707 -0.867055 -0.228318 0.442816 -0.281702 0.957762 -0.057760 -0.410925 -0.174823 -0.894750
-3.287189 -90.620434 5425.821327 -16207.455343 -0.838701 -0.306268 0.450312 -0.398337 0.908851 -0.123766 -0.371361 -0.283178 -0.884252
-0.043158 -82.118791 2544.602145 -14790.676947 -0.837096 -0.318200 0.444992 -0.409708 0.903677 -0.124530 -0.362504 -0.286560 -0.886834
1.586410 -87.403077 -427.675408 -18400.320328 -0.860512 -0.280497 0.425254 -0.351792 0.930955 -0.097803 -0.368458 -0.233762 -0.899774
-12.939297 -107.115331 4148.929035 -7000.945827 0.795130 -0.061024 -0.603360 0.073734 0.997271 -0.003695 0.601939 -0.041550 0.797460
-14.560412 -116.914296 2937.618529 -10362.811398 0.804826 -0.047407 -0.591614 0.002009 0.997017 -0.077160 0.593507 0.060912 0.802521
-11.563008 -105.081551 3016.477457 -3086.835380 0.795840 -0.044499 -0.603870 0.156060 0.978677 0.133553 0.585050 -0.200527 0.785815
2.678755 -96.970984 4212.365321 -30693.246625 0.927617 0.135478 -0.348099 -0.268119 0.890342 -0.367971 -0.260075 -0.434669 -0.862220
1.368104 -59.146377 620.509188 -19149.139373 0.875961 0.266290 -0.402220 -0.430399 0.807973 -0.402412 -0.217825 -0.525613 -0.822364
2.817459 -137.672721 -4637.111523 -31425.333334 -0.941589 -0.066510 0.330131 -0.156964 0.953983 -0.255495 -0.297946 -0.292390 -0.908700
9.623193 -67.102518 3502.395443 -27308.365549 0.898296 0.212126 -0.384795 -0.376852 0.822258 -0.426468 -0.225936 -0.528105 -0.818571
9.013697 -104.591524 5087.965730 -31070.781328 0.932469 0.129330 -0.337305 -0.262330 0.884362 -0.386118 -0.248363 -0.448529 -0.858567
10.569747 -141.412985 -1421.019636 12596.307893 0.777517 0.086544 0.622879 0.539458 -0.600830 -0.589906 -0.323191 -0.794678 0.513842
4.552884 -157.460842 2533.340143 11227.102806 0.788208 0.090088 0.608779 0.450814 -0.757910 -0.471529 -0.418921 -0.646109 0.638004
-3.017559 -155.342184 6093.550861 15101.183687 0.779657 0.134721 0.611543 0.484756 -0.748067 -0.453219 -0.396417 -0.649805 0.648542
-4.060735 -137.485994 -297.402133 -2768.688935 0.680697 -0.083902 0.727745 -0.673125 -0.463623 0.576157 -0.289058 0.882051 0.372063
-2.771570 -146.533818 1613.654670 -5907.283351 0.678266 -0.096716 0.728423 -0.643095 -0.557721 0.524762 -0.355504 0.824374 0.440481
8.330832 -80.824818 -977.880848 -5606.456248 0.759342 0.097919 -0.643282 -0.153291 0.987707 -0.030602 0.632377 0.121847 0.765018
-1.376868 -133.139252 -4323.717052 3037.140639 0.834910 0.186114 -0.517965 0.166165 0.811943 0.559588 -0.524705 0.553272 -0.646973
7.243005 -136.175138 7789.865061 1339.303368 -0.833552 -0.200373 0.514821 0.073728 0.883219 0.463130 -0.547498 0.423999 -0.721436
-7.760620 -127.681318 -2295.479900 6265.000353 0.836622 0.164404 -0.522528 0.268571 0.708272 0.652856 -0.477424 0.686529 -0.548401
12.183540 -134.337636 10963.289038 2962.051878 -0.831216 -0.242343 0.500349 0.107451 0.812991 0.572276 -0.545467 0.529448 -0.649731
2.325761 -125.118990 -6603.439267 7303.156473 0.837555 0.225940 -0.497447 0.223805 0.688708 0.689632 -0.498411 0.688935 -0.526265
-2.984658 -378.771459 -10288.139041 26394.616255 0.521918 0.060739 0.850830 -0.014869 0.997958 -0.062121 -0.852866 0.019772 0.521756
-16.387837 -370.817190 -9176.114654 -23140.064746 0.534380 0.048777 0.843836 -0.193551 0.978868 0.065989 -0.822785 -0.198588 0.532529
-17.360398 -384.241937 -8083.006561 99908.117552 0.551341 0.073170 0.831065 0.165648 0.966713 -0.195006 -0.817670 0.245179 0.520868
-5.083242 -362.682229 -8368.258858 100551.103629 0.537054 0.058636 0.841508 0.304213 0.916988 -0.258046 -0.786783 0.394582 0.474634
-15.543406 -52.396828 5222.498279 302.965809 0.907805 0.418443 0.028208 0.186736 -0.343064 -0.920563 0.375526 -0.840960 0.389573
-19.508800 -55.171361 3730.442911 1981.662788 0.923979 0.373056 -0.084213 0.110166 -0.470491 -0.875501 0.366232 -0.799667 0.475822
3.281489 -94.782127 6723.972884 -17081.187057 0.067887 -0.278768 -0.957956 0.996045 0.074095 0.049025 0.057313 -0.957496 0.282695
-8.840603 -77.234365 4679.250097 -14107.440006 -0.004980 -0.289981 -0.957020 0.998092 -0.060345 0.013091 -0.061548 -0.955128 0.289728
-39.134458 -303.907602 -14641.109407 -145157.473089 0.827414 0.467908 0.310561 -0.279200 0.822550 -0.495437 -0.487271 0.323223 0.811230
-36.993410 -214.010702 -7151.696358 -107692.316909 0.835207 0.488877 0.251851 -0.323728 0.807276 -0.493463 -0.444556 0.330613 0.832505
181.890191 -51.836492 59123.626005 -49636.549149 0.057744 0.963450 -0.261589 0.898139 0.064275 0.434988 -0.435903 0.260062 0.861601
13.554374 -366.875348 10845.473363 581298.643856 0.867920 0.464493 0.175960 0.494714 -0.840066 -0.222594 -0.044425 -0.280244 0.958900
-118.796487 -1472.147896 52805.806947 93702.860980 0.879486 0.369865 0.299507 -0.009632 -0.615353 0.788193 -0.475828 0.696089 0.537632
