14620
29228
-39.624638 -60.686265 -124.742411 8261.834952 0.243216 0.786405 0.567815 0.832707 0.130929 -0.538012 -0.497439 0.603676 -0.623000
-43.425871 -69.946898 638.064263 -5575.486371 0.111353 0.788968 0.604260 -0.775667 -0.311104 0.549141 -0.621242 0.529852 -0.577334
-48.566831 -79.468763 -772.856483 -9039.651239 0.421272 0.825833 0.374874 -0.658671 -0.005545 0.752410 -0.623444 0.563888 -0.541616
-36.903471 -57.141180 11.042442 5870.938980 -0.170452 0.696104 0.697413 0.841074 0.471521 -0.265071 -0.513362 0.541394 -0.665847
-31.288278 -81.075679 4617.222123 16394.874737 0.511333 0.753487 0.413274 0.709660 -0.098994 -0.697555 -0.484687 0.649967 -0.585339
-29.522266 -53.425701 3872.943417 9536.943082 0.401787 0.743548 0.534512 0.833086 -0.054465 -0.550455 -0.380178 0.666460 -0.641323
-30.832058 -46.514071 26.766430 4755.407645 -0.195368 0.658081 0.727159 0.889864 0.430637 -0.150645 -0.412278 0.617642 -0.669736
95.103226 -84.371638 17530.599438 4537.457112 0.125219 0.671992 0.729896 -0.536227 0.664814 -0.520079 0.834734 0.326266 -0.443588
109.080965 -83.672838 10312.830596 4547.538483 0.299065 0.701198 0.647210 -0.600988 0.665239 -0.443024 0.741197 0.256472 -0.620361
123.908344 -101.335412 8835.862806 7216.283874 0.352493 0.727962 0.588065 -0.439967 0.683532 -0.582420 0.825941 0.053430 -0.561219
91.021761 -95.676334 20690.088053 5463.601976 0.034032 0.701122 0.712229 -0.400895 0.662372 -0.632887 0.915492 0.263990 -0.303618
47.677286 -81.875707 -8487.934022 20729.167715 0.717589 0.137443 0.682770 -0.622435 -0.313277 0.717240 -0.312476 0.939663 0.139255
32.320134 -86.090028 -7268.939041 19508.520018 0.734512 0.225919 0.639885 -0.601083 -0.221036 0.768012 -0.314946 0.948738 0.026558
42.167249 -138.263252 -11386.122400 32023.201651 0.799640 0.171362 0.575509 -0.563170 -0.118544 0.817794 -0.208362 0.978050 -0.001713
35.958078 -41.939345 -5255.824860 -9567.310235 0.611608 0.197760 0.766046 0.679266 0.365167 -0.636593 -0.405628 0.909694 0.089007
56.695712 -162.846476 -3088.579255 38101.125620 0.806642 0.011942 0.590920 -0.582696 -0.151338 0.798475 -0.098964 0.988410 0.115117
45.948976 -35.655542 -7552.401250 -7772.620049 0.593515 0.124428 0.795146 0.694588 0.419885 -0.584162 -0.406556 0.899007 0.162782
199.652676 -97.191626 -45946.100484 9888.082447 0.081278 0.759478 -0.645436 -0.269913 0.640153 0.719271 -0.959448 -0.115751 -0.257023
223.025195 -122.397500 -59168.361510 9036.977886 0.221547 0.691798 -0.687265 -0.477558 0.691450 0.542065 -0.850209 -0.208116 -0.483562
181.888915 -111.236336 -6725.467679 5677.250984 0.478305 0.763036 -0.434741 -0.384599 0.627045 0.677420 -0.789498 0.156813 -0.593382
162.796141 -77.301697 -30564.934721 3097.747952 0.101963 0.799745 -0.591618 -0.172470 0.599923 0.781247 -0.979723 -0.022378 -0.199102
144.358278 -69.173001 -20361.169908 6233.128759 -0.049337 0.780415 -0.623312 -0.145213 0.611836 0.777541 -0.988170 -0.128875 -0.083140
165.813968 -94.188198 -9204.941693 3822.193246 0.383691 0.795134 -0.469619 -0.228143 0.574398 0.786141 -0.894836 0.194495 -0.401795
-2.694485 -49.635591 -1410.268455 1820.499299 -0.112519 0.738468 0.664834 -0.537883 0.517309 -0.665638 0.835477 0.432500 -0.339002
-2.188544 -46.872087 -850.264606 1404.651668 -0.123903 0.749315 0.650519 -0.428572 0.550864 -0.716153 0.894971 0.367528 -0.252882
-1.752499 -44.759338 -897.623760 2429.759415 -0.128061 0.749673 0.649300 -0.489353 0.521683 -0.698843 0.862632 0.407231 -0.300048
-2.226498 -47.936352 -1051.433952 -203.411200 -0.118236 0.734063 0.668709 -0.557975 0.507945 -0.656243 0.821391 0.450715 -0.349531
0.580218 -45.640527 225.250410 1021.021537 -0.151399 0.734999 0.660950 -0.527317 0.505510 -0.682932 0.836071 0.451925 -0.311043
-1.117229 -50.476180 848.749293 -2452.553757 0.089869 0.764033 0.638887 -0.320396 -0.585205 0.744904 -0.943011 0.271640 -0.192201
-0.911197 -54.072396 140.216916 -4093.904638 0.089037 0.791705 0.604380 -0.214093 -0.577395 0.787896 -0.972747 0.199545 -0.118089
-0.330809 -51.771490 -181.817458 -2454.369049 0.084093 0.780412 0.619584 -0.311964 -0.569910 0.760185 -0.946365 0.257214 -0.195535
-2.264457 -51.431511 895.569446 -4721.399258 0.086045 0.767481 0.635271 -0.293145 -0.589906 0.752381 -0.952188 0.250965 -0.174224
1.484962 -65.114101 582.517575 -2094.955063 -0.053713 0.890476 0.451849 0.770581 0.324752 -0.548398 0.635074 -0.318730 0.703628
0.498012 -61.669506 -155.296997 -1595.409165 -0.070937 0.879845 0.469937 0.737873 0.363304 -0.568818 0.671202 -0.306404 0.674985
2.101569 -66.041695 149.301095 -2320.532361 -0.097841 0.866962 0.488677 0.669687 0.420581 -0.612071 0.736170 -0.267375 0.621743
3.481611 -71.866635 293.061672 -1534.738250 -0.085558 0.865786 0.493046 0.641254 0.426593 -0.637818 0.762544 -0.261597 0.591687
4.387092 -71.870400 735.959896 -2998.327310 -0.043480 0.887656 0.458449 0.736120 0.338712 -0.586004 0.675453 -0.311994 0.668149
2.537674 -64.464587 1474.057512 -4183.145120 -0.017301 0.908133 0.418324 0.838114 0.241319 -0.489213 0.545220 -0.342139 0.765295
-6.315327 -92.982892 1210.072751 -1436.919493 0.467019 0.780976 0.414692 -0.358370 -0.261566 0.896189 -0.808371 0.567150 -0.157722
-8.931585 -85.061936 69.428933 -3171.717208 0.465257 0.793600 0.392091 -0.524091 -0.109999 0.844529 -0.713348 0.598414 -0.364740
-8.115556 -94.824218 85.166376 -3290.552230 0.457770 0.800994 0.385817 -0.384368 -0.213005 0.898271 -0.801691 0.559497 -0.210369
-9.073107 -86.322768 -397.748607 -4869.239320 0.453612 0.810048 0.371562 -0.556259 -0.068389 0.828190 -0.696284 0.582362 -0.419575
-6.677276 -106.868339 -95.114655 -4951.132750 0.456249 0.799949 0.389768 -0.230103 -0.317057 0.920069 -0.859587 0.509468 -0.039414
-7.200308 -103.830601 6.050610 -2731.450257 0.443348 0.814127 0.375020 -0.254281 -0.286964 0.923576 -0.859525 0.504826 -0.079792
-8.707630 -93.477461 -267.280672 -6138.631636 0.442712 0.816540 0.370498 -0.445639 -0.158187 0.881126 -0.778082 0.555194 -0.293851
-17.620220 -39.230141 4009.383564 3.874140 0.354464 -0.696034 -0.624413 0.915624 0.122887 0.382795 -0.189706 -0.707415 0.680864
-4.925461 -37.214460 15278.414625 440.759180 0.363257 -0.671539 -0.645817 0.927151 0.192219 0.321626 -0.091846 -0.715603 0.692443
-28.291754 -41.174166 -3437.970773 -353.469342 0.407719 -0.738858 -0.536520 0.898039 0.218162 0.382010 -0.165203 -0.637569 0.752472
-28.767343 -42.558172 -3391.806937 2349.640465 0.271803 -0.767441 -0.580653 0.933844 0.064557 0.351808 -0.232507 -0.637861 0.734217
-8.606193 -43.290771 -3707.618362 1857.176994 0.842907 -0.491359 0.219259 0.533618 0.815644 -0.223555 0.068991 -0.305437 -0.949710
-16.642983 -43.707143 -2921.860871 1444.619434 0.818961 -0.515089 0.252955 0.572644 0.762116 -0.302091 0.037177 -0.392254 -0.919105
-5.443353 -47.726692 -5265.993896 1523.967119 0.796956 -0.561290 0.223193 0.604020 0.737710 -0.301567 -0.004615 -0.375149 -0.926953
-17.655705 -38.937736 -1447.882758 1227.059756 0.904449 -0.353369 0.238962 0.409903 0.875035 -0.257473 0.118117 -0.330823 -0.936272
6.507051 -46.532079 -6531.775990 1244.289914 0.823324 -0.530128 0.202734 0.565116 0.798873 -0.206023 0.052741 -0.284192 -0.957316
-2.290308 -42.198180 -4432.138345 1515.137868 0.861499 -0.465739 0.202255 0.496950 0.855135 -0.147595 0.104214 -0.227664 -0.968147
-10.064854 -40.348110 -1760.872997 1469.314204 0.899041 -0.382690 0.212774 0.420326 0.890436 -0.174500 0.122682 -0.246317 -0.961393
15.091609 -33.726549 2723.528005 -3380.978606 0.520313 0.815166 -0.254518 0.514078 -0.060997 0.855572 -0.681908 0.576007 0.450796
14.711686 -40.180094 3327.357324 -1552.702144 0.526584 0.815051 -0.241664 0.592386 -0.147907 0.791961 -0.609745 0.560193 0.560710
18.935583 -36.884317 1254.641098 -2361.423106 0.479299 0.848180 -0.225529 0.562492 -0.099616 0.820780 -0.673703 0.520257 0.524840
-20.149404 -28.623973 -2466.741379 -3121.378559 0.755645 0.176128 -0.630856 0.406779 0.628702 0.662770 -0.513353 0.757438 -0.403430
-15.201000 -27.058627 -238.973403 2585.657993 0.711848 0.638352 0.292882 -0.510636 0.184093 0.839858 -0.482207 0.747407 -0.457012
-20.617784 -23.796031 -1688.819189 -2555.570360 -0.187114 0.405409 0.894780 0.816273 0.570927 -0.087981 -0.546523 0.713922 -0.437753
-8.954364 -29.391125 7492.565045 859.959307 0.876963 0.477931 0.050188 -0.225496 0.317027 0.921220 -0.424368 0.819192 -0.385792
-17.114654 -26.324644 982.107008 -4619.420451 -0.507953 0.079168 0.857739 0.650169 0.688422 0.321489 -0.565035 0.720976 -0.401159
-17.487579 -32.665951 -1625.406654 -437.196879 0.794810 0.226179 -0.563135 0.377180 0.542834 0.750378 -0.475408 0.808811 -0.346139
-16.804563 -33.649819 -1777.501445 -2197.274811 0.665884 0.123674 -0.735733 0.531115 0.613985 0.583900 -0.523942 0.779569 -0.343157
-3.102636 -109.285391 171.173623 -1955.116900 0.296476 0.749063 0.592458 -0.785027 0.544435 -0.295504 0.543906 0.377486 -0.749447
-1.613464 -112.498230 637.910742 -1200.979855 0.269144 0.759714 0.591943 -0.676200 0.586717 -0.445552 0.685795 0.280355 -0.671629
-1.928567 -109.336330 429.497233 -1000.324740 0.263724 0.770162 0.580776 -0.651595 0.586191 -0.481460 0.711248 0.251458 -0.656426
-8.511363 -110.603928 1205.010015 3780.258974 0.291075 0.875264 0.386249 0.701671 0.079132 -0.708093 0.650333 -0.477127 0.591114
-11.967443 -110.211472 1657.631709 4996.842393 0.293680 0.868950 0.398344 0.608526 0.151424 -0.778953 0.737190 -0.471165 0.484309
-8.071340 -102.524198 1417.338591 2488.005436 0.268621 0.873896 0.405152 0.576962 0.190838 -0.794163 0.771335 -0.447087 0.452942
-5.056054 -114.721027 1330.667653 3380.410639 0.256835 0.888432 0.380426 0.658319 0.127363 -0.741886 0.707568 -0.440984 0.552160
-2.357886 -163.814752 1309.593448 -12477.990331 0.684028 -0.402338 0.608465 -0.570474 0.224786 0.789956 0.454604 0.887466 0.075764
-1.950903 -152.514297 2305.111251 -6628.923999 0.649277 -0.389003 0.653541 -0.524052 0.393928 0.755109 0.551188 0.832765 -0.051911
-9.939762 -170.178156 2851.892831 19352.612064 0.633072 -0.397920 0.663987 0.643050 -0.207177 -0.737268 0.430937 0.893721 0.124724
-43.120895 -1982.530963 -12503.524440 -822650.509921 -0.417000 0.622382 -0.662383 0.455451 0.773756 0.440302 0.786559 -0.118078 -0.606121
-34.925901 -717.094848 -5219.075814 222353.062827 -0.456516 0.648405 -0.609233 -0.766144 -0.634629 -0.101340 0.452346 -0.420496 -0.786489
-51.946460 -2620.646055 -8853.958833 -866475.210827 -0.507964 0.640006 -0.576511 0.785436 0.618923 -0.004958 0.353643 -0.455331 -0.817074
-8.966973 -1755.998500 -4681.322641 -737277.791575 -0.387069 0.649044 -0.654919 0.379127 0.759495 0.528611 0.840500 -0.043689 -0.540048
-57.941392 -1518.902667 -16678.766542 -538244.310243 -0.434593 0.593278 -0.677607 0.541540 0.773307 0.329743 0.719627 -0.223647 -0.657357
-1120.848602 -2619.458842 -27171.226288 -808603.114952 -0.488830 0.853945 -0.178392 -0.007828 -0.208775 -0.977932 0.872344 0.476646 -0.108740
9.278342 -1801.429947 -10498.002670 794765.547955 -0.392165 0.599275 -0.697909 -0.310244 0.628070 0.713636 0.866000 0.496385 -0.060386
10.238271 -115.613530 195.830288 6240.734052 -0.642350 0.587661 -0.491978 0.766162 0.475979 -0.431787 -0.019573 -0.654293 -0.755988
9.851186 -116.824859 -1296.938418 5414.497876 -0.663841 0.554001 -0.502392 0.746408 0.532836 -0.398700 0.046812 -0.639663 -0.767229
8.316881 -102.382559 -295.474680 3739.971030 -0.659211 0.568075 -0.492678 0.737070 0.617879 -0.273776 0.148890 -0.543615 -0.826023
12.716315 -129.318352 -1517.836334 7509.782756 -0.656152 0.556539 -0.509635 0.739382 0.339069 -0.581675 -0.150924 -0.758483 -0.633976
5.676600 -101.514441 2456.483827 4441.809284 -0.641139 0.612847 -0.461909 0.755253 0.610654 -0.238108 0.136142 -0.501518 -0.854368
10.824432 -128.559146 2464.937075 7312.347567 -0.617464 0.630437 -0.470412 0.741851 0.267895 -0.614727 -0.261526 -0.728547 -0.633106
6.872697 -115.144880 4259.741610 5471.037307 -0.615745 0.647050 -0.449648 0.783623 0.443179 -0.435347 -0.082417 -0.620418 -0.779929
1.541455 -91.577843 3051.738270 4084.710947 -0.640481 0.624030 -0.447627 0.737438 0.662467 -0.131618 0.214404 -0.414396 -0.884481
0.415608 -101.368284 3456.628383 4973.657622 -0.625482 0.635888 -0.452127 0.777006 0.560342 -0.286841 0.070947 -0.530719 -0.844573
23.880602 -29.940438 3063.171436 3695.370310 0.621435 0.756997 -0.201928 0.710708 -0.436211 0.551919 0.329717 -0.486493 -0.809080
27.186639 -17.910334 3417.482298 -6478.860497 0.688353 0.712292 -0.137149 -0.617513 0.476224 -0.626010 0.380588 -0.515607 -0.767660
18.097251 -31.355236 2327.479832 4941.531374 0.566217 0.801993 -0.190277 0.737491 -0.389836 0.551484 0.368110 -0.452587 -0.812194
30.199288 -17.781426 2697.363354 -4330.621912 0.731751 0.658323 -0.176500 -0.609195 0.515604 -0.602522 0.305650 -0.548419 -0.778341
16.858683 -40.263221 1340.659199 2608.414407 0.516366 0.819686 -0.247954 0.812864 -0.378029 0.443109 0.269477 -0.430359 -0.861495
24.944608 -30.499230 2792.110156 2570.637303 0.623068 0.742877 -0.244786 0.740199 -0.458879 0.491462 0.252769 -0.487405 -0.835790
-13.356386 -32.948917 -198.349304 427.103131 0.652909 0.712197 -0.257847 -0.663771 0.701975 0.258145 -0.364852 -0.002606 -0.931062
-13.819050 -34.642193 224.122039 190.268135 -0.656271 -0.691005 0.303019 -0.653186 0.721333 0.230274 -0.377698 -0.046806 -0.924745
-13.674537 -33.553334 -638.810788 -436.876650 0.635072 0.718079 -0.284685 -0.659988 0.695914 0.283054 -0.401372 -0.008129 -0.915879
-5.183064 -61.879205 -899.601902 -1338.495760 -0.242700 0.732869 0.635609 0.798654 -0.220980 0.559750 0.550681 0.643483 -0.531677
-4.944884 -59.081002 -336.701821 -2809.298282 -0.220182 0.719988 0.658131 0.882188 -0.140927 0.449315 0.416250 0.679527 -0.604136
-4.974209 -63.165512 -524.264645 -2135.095392 -0.239164 0.718009 0.653654 0.840499 -0.183980 0.509621 0.486171 0.671278 -0.559484
-251.624565 -1150.131662 65921.935489 -395721.887541 0.812520 -0.573288 0.105602 -0.556893 -0.709843 0.431268 0.172280 0.409223 0.896022
-84.635215 -702.381952 36651.053305 -240120.730370 0.962321 -0.262893 -0.069468 -0.169184 -0.778882 0.603920 0.212874 0.569412 0.794012
-86.984266 -4386.651565 33716.830243 23430.904376 0.890769 -0.451546 0.051361 -0.407849 -0.844147 -0.347959 -0.200475 -0.289003 0.936102
-183.815287 -1603.321453 63424.246923 -588316.002835 0.957606 -0.274344 0.087902 -0.178384 -0.325088 0.928707 0.226209 0.905015 0.360245
-2604.640214 -5629.784351 692069.788933 1425780.659375 0.890857 0.276274 0.360620 0.387141 -0.877042 -0.284464 -0.237689 -0.393027 0.888276
-66.121469 -6666.470245 18151.312469 -3107312.095243 0.817610 -0.571991 0.065875 -0.571792 -0.793196 0.209510 0.067586 0.208964 0.975585
-37.732746 -822.157952 13706.347421 -263099.681472 0.942344 -0.334413 0.012477 -0.225277 -0.606355 0.762617 0.247464 0.721458 0.646730
-11.871097 -52.695038 -2710.250832 4045.346827 -0.233472 0.935175 0.266343 0.952622 0.165070 0.255465 0.194940 0.313368 -0.929408
-22.160763 -57.062765 -10815.876483 3594.067944 0.152511 0.929946 0.334576 -0.943089 0.238164 -0.232081 0.295507 0.280140 -0.913344
11.346551 -72.566899 -27.934573 1635.994100 0.074084 0.906336 0.416012 0.963942 -0.171997 0.203057 0.255590 0.385969 -0.886398
-1.551094 -66.703822 121.153797 3127.374624 -0.035426 -0.860006 -0.509053 0.901070 -0.247788 0.355913 -0.432224 -0.446084 0.783704
-1.085773 -65.067114 823.271184 1856.084413 -0.033549 -0.858529 -0.511667 0.919143 -0.227556 0.321551 -0.392494 -0.459507 0.796745
-2.429338 -67.156748 -172.649106 2811.399789 0.056534 0.857993 0.510541 0.865900 -0.296695 0.402728 -0.497013 -0.419310 0.759709
-40.241367 -59.575702 646.546354 163.514305 0.883764 -0.454427 0.111613 -0.153831 -0.507414 -0.847860 -0.441925 -0.732138 0.518339
-37.798615 -55.630323 -315.548525 -1537.185809 0.856132 -0.513952 0.053776 -0.292086 -0.567129 -0.770098 -0.426291 -0.643598 0.635655
-39.550396 -56.157377 -1486.198279 -840.064912 0.781373 -0.623888 0.014841 -0.349840 -0.457594 -0.817447 -0.516786 -0.633539 0.575813
-42.161703 -58.105367 265.108763 -319.320353 0.830485 -0.545086 0.114787 -0.164496 -0.436858 -0.884362 -0.532199 -0.715567 0.452468
-40.650157 -59.152098 1451.023461 869.944516 0.899638 -0.415464 0.134314 -0.050893 -0.405289 -0.912771 -0.433660 -0.814328 0.385758
-38.948543 -60.688536 1144.814089 1571.474751 0.936099 -0.337023 0.100669 -0.068134 -0.454528 -0.888123 -0.345075 -0.824512 0.448446
103.346087 -104.978243 -502.030872 -12119.352507 0.508388 0.695022 0.508415 0.423703 0.312102 -0.850334 0.749678 -0.647717 0.135814
111.001276 -114.654338 10674.557183 -5500.373022 0.309059 0.778579 0.546166 0.249078 0.487971 -0.836567 0.917847 -0.394586 0.043116
130.191392 -119.479099 -90.182384 -3364.234014 0.588080 0.646501 0.486002 0.173601 0.485990 -0.856549 0.789952 -0.588090 -0.173568
17.542763 -71.124341 1429.812586 -3558.401896 0.219597 0.925377 0.308957 0.940803 -0.284681 0.183973 -0.258198 -0.250268 0.933113
20.470772 -73.420154 -693.398392 2823.941073 -0.212615 -0.932129 -0.293137 0.973592 -0.227614 0.017622 -0.083148 -0.281650 0.955908
19.029793 -69.335168 288.425732 2335.955532 -0.246014 -0.899655 -0.360690 0.966701 -0.254798 -0.023820 -0.070473 -0.354540 0.932381
15.672774 -66.499147 1044.468976 -3479.676992 -0.225955 -0.892747 -0.389804 0.932389 -0.314092 0.178877 -0.282126 -0.323031 0.903358
13.796395 -66.595465 3102.480814 682.014413 -0.251086 -0.863862 -0.436689 0.958740 -0.284083 0.010722 -0.133318 -0.415979 0.899549
16.565855 -62.608259 3008.337153 5279.462403 -0.266187 -0.862072 -0.431250 0.962440 -0.212901 -0.168471 0.053421 -0.459897 0.886364
21.791392 -61.613172 411.760419 6318.202496 -0.269904 -0.889012 -0.369877 0.957725 -0.208136 -0.198602 0.099575 -0.407844 0.907606
43.789282 -64.651538 226.023619 10230.549251 -0.132320 -0.936281 0.325376 0.964317 -0.045656 0.260782 -0.229310 0.348273 0.908913
39.715933 -47.633216 -3427.642878 -1953.416584 -0.132161 -0.878830 0.458467 0.975390 -0.032952 0.218009 -0.176486 0.475996 0.861557
44.829937 -52.118673 -272.226816 4450.237687 -0.077763 -0.942819 0.324108 0.985614 -0.023770 0.167329 -0.150057 0.332458 0.931104
43.289668 -73.419006 -2594.269051 12379.854153 0.097800 0.971233 -0.217124 0.964654 -0.038870 0.260638 -0.244701 0.234939 0.940704
43.452035 -88.166965 -1990.741265 15322.044872 0.137791 0.954796 -0.263399 0.926169 -0.029955 0.375918 -0.351035 0.295749 0.888429
152.141474 -27.079547 -22716.675701 760.605412 0.510271 0.851539 0.120436 0.829029 -0.449789 -0.332266 -0.228766 0.269390 -0.935465
120.383666 -33.776181 -23591.407060 -5724.110490 0.378900 0.924335 -0.045159 -0.905086 0.380303 0.190232 -0.193012 0.031206 -0.980700
108.307456 -28.004138 9899.581205 3369.492100 0.477312 0.799782 0.364036 0.877782 -0.414685 -0.239864 -0.040879 0.434034 -0.899969
113.470941 -30.398347 -17307.963219 -4729.218670 0.378123 0.924958 0.038406 -0.920686 0.371393 0.120022 -0.096752 0.080743 -0.992028
16.003751 -39.663528 -4201.014205 -1209.955068 0.814322 0.576014 -0.071321 0.438592 -0.691167 -0.574392 0.380153 -0.436459 0.815468
24.283695 -41.450496 -4179.983481 -1437.605157 0.793568 0.602921 -0.082076 0.444563 -0.666590 -0.598349 0.415469 -0.438342 0.797021
18.315780 -42.464200 -4256.462571 -1151.322503 0.815494 0.573159 -0.080363 0.395014 -0.652676 -0.646511 0.423005 -0.495482 0.758660
5.293133 -39.761780 -4714.943776 -1153.726236 0.835243 0.546942 -0.056768 0.411017 -0.689560 -0.596298 0.365286 -0.474721 0.800753
-5.500918 -78.401025 -1502.778313 10582.318324 0.426030 0.873073 -0.237155 0.890310 -0.451171 -0.061589 -0.160769 -0.184902 -0.969518
-9.075925 -79.072964 -659.917449 12146.131978 0.495016 0.839112 -0.225501 0.855985 -0.515510 -0.039224 -0.149161 -0.173609 -0.973453
-3.162900 -64.548605 -379.878481 11304.171452 0.472355 0.851581 -0.227357 0.881019 -0.463831 0.093090 -0.026181 -0.244277 -0.969352
0.934027 -58.223894 -241.666989 11107.716449 0.418679 0.879045 -0.228009 0.908081 -0.402536 0.115554 0.009795 -0.255431 -0.966778
0.467698 -71.275949 -1341.138712 10223.712433 0.377667 0.892176 -0.247770 0.919106 -0.393664 -0.016552 -0.112306 -0.221476 -0.968677
-3.206939 -85.479981 -1493.291453 -7080.009748 0.386353 0.889998 -0.242149 -0.887730 0.430061 0.164263 -0.250333 -0.151499 -0.956233
2.778052 -99.970363 -847.681075 -5637.548310 0.488799 0.773506 -0.403441 -0.142360 -0.385530 -0.911647 0.860703 -0.503045 0.078330
6.234601 -101.680001 -1220.199445 -3705.601990 0.487445 0.763013 -0.424510 -0.257594 -0.338877 -0.904880 0.834292 -0.550430 -0.031364
0.465430 -103.808504 -680.948807 -3173.117392 0.478512 0.765119 -0.430836 -0.384751 -0.258349 -0.886128 0.789299 -0.589787 -0.170757
-0.873607 -97.693582 -1244.355147 -4034.261245 0.495964 0.771089 -0.399301 -0.206016 -0.342224 -0.916755 0.843550 -0.536940 0.010874
1.606669 -90.174701 -2185.632139 -396.780417 0.524058 0.777060 -0.348626 -0.006253 -0.405817 -0.913933 0.851660 -0.481134 0.207812
-2.224051 -173.909632 -1144.522966 -4106.942302 0.288719 0.919492 -0.266788 0.773763 -0.388205 -0.500588 0.563855 0.061901 0.823551
-3.372310 -166.028629 -664.510071 12376.768625 0.264951 0.927953 -0.262115 0.529923 -0.367225 -0.764413 0.805594 -0.063631 0.589040
-3.054009 -177.570027 -1026.556420 11829.800578 0.262849 0.932344 -0.248283 0.547885 -0.356050 -0.757001 0.794187 -0.062946 0.604405
-1.721972 -183.935098 -393.239157 -4019.583817 0.267980 0.925290 -0.268374 0.759113 -0.374321 -0.532570 0.593240 0.061008 0.802711
-12.667333 -45.630276 3290.765766 -355.450828 0.782738 -0.116784 -0.611296 0.216945 0.971827 0.092128 0.583315 -0.204729 0.786021
-23.947017 -51.075812 5184.723875 -2015.771280 0.773124 -0.226733 -0.592344 0.334958 0.939020 0.077755 0.538593 -0.258524 0.801925
-16.381516 -43.301340 3380.956770 -2610.494102 0.722646 -0.302608 -0.621460 0.453352 0.886184 0.095656 0.521781 -0.350865 0.777585
-9.788327 -40.358244 841.190712 -1518.054024 0.759093 -0.193691 -0.621500 0.333334 0.935705 0.115517 0.559166 -0.294855 0.774851
9.760036 -108.514900 2256.444760 -12545.463546 0.472275 0.845910 -0.247776 0.619615 -0.518529 -0.589241 0.626924 -0.124758 0.769026
12.368696 -96.157105 2561.038094 -20439.057248 0.424589 0.881508 -0.206563 0.773622 -0.471753 -0.423033 0.470354 -0.019813 0.882255
7.803521 -118.375258 -1324.741461 -7367.189312 0.494597 0.840159 -0.222501 0.593009 -0.513379 -0.620309 0.635385 -0.174858 0.752137
7.518760 -117.527382 -400.643897 3720.581182 0.515520 0.820217 -0.247959 0.434388 -0.499594 -0.749476 0.738611 -0.278659 0.613842
-4.297511 -85.606495 818.916602 6152.104808 0.499948 0.834223 -0.232647 0.544812 -0.094126 0.833259 -0.673225 0.543335 0.501553
-3.552154 -76.397814 246.833880 6819.264639 0.467067 0.844272 -0.262782 0.677900 -0.151093 0.719460 -0.567715 0.514175 0.642902
-3.198834 -83.634906 856.756836 6756.062045 0.497847 0.828679 -0.255809 0.640339 -0.152299 0.752842 -0.584905 0.538605 0.606458
-4.254713 -96.362771 812.385894 5131.156607 0.522205 0.825171 -0.215395 0.454105 -0.055261 0.889233 -0.721866 0.562173 0.403571
-5.516120 -97.042928 654.270902 2463.154616 0.511382 0.834006 -0.207177 0.357928 0.012466 0.933666 -0.781266 0.551615 0.292139
1.376918 -59.905051 -327.919739 1721.594246 0.282702 0.928197 -0.241931 -0.845719 0.122188 -0.519451 0.452591 -0.351456 -0.819537
3.747881 -59.134423 -1235.861277 530.403134 0.257439 0.927897 -0.269687 -0.819346 0.061664 -0.569973 0.512246 -0.367701 -0.776144
2.518840 -56.259305 -861.699677 1989.505202 0.278961 0.926612 -0.252132 -0.885714 0.146813 -0.440406 0.371069 -0.346172 -0.861668
1.550069 -63.221300 -922.830162 684.737411 0.259532 0.929224 -0.263033 -0.777191 0.039292 -0.628037 0.573252 -0.367423 -0.732381
-0.621490 -59.224114 -558.297950 1780.804360 0.314297 0.922022 -0.226036 -0.885001 0.198422 -0.421190 0.343496 -0.332421 -0.878354
-1.824609 -63.074985 -972.996490 1746.254483 0.300801 0.923253 -0.239003 -0.838807 0.136878 -0.526941 0.453786 -0.358982 -0.815604
-11.254701 -46.729839 1500.176624 -2159.296171 -0.383218 -0.905869 0.180406 0.920254 -0.357697 0.158701 -0.079231 0.226836 0.970705
-13.072832 -50.727943 489.064353 1002.180230 -0.366674 -0.902836 0.224582 0.927810 -0.372682 0.016621 0.068691 0.214464 0.974314
-13.606937 -47.949409 360.149343 -2846.490874 -0.394526 -0.888503 0.234334 0.914297 -0.354126 0.196610 -0.091705 0.291818 0.952067
-11.374823 -49.715282 2013.022997 1772.872294 -0.346068 -0.921439 0.176597 0.934456 -0.355342 -0.022881 0.083836 0.157104 0.984017
-12.774198 -47.202099 751.508544 -4869.946685 -0.413565 -0.887154 0.204748 0.893831 -0.352805 0.276757 -0.173289 0.297467 0.938874
-10.384554 -43.579553 1369.426179 -3276.332946 -0.418026 -0.892364 0.170117 0.888116 -0.362062 0.283127 -0.191060 0.269438 0.943875
-7.910843 -43.957066 1732.865561 -2194.251740 -0.384431 -0.911966 0.143286 0.914200 -0.354523 0.196346 -0.128263 0.206473 0.970009
-9.142888 -46.970407 2357.981274 444.948705 -0.366852 -0.919660 0.140162 0.930147 -0.365151 0.038610 0.015672 0.144535 0.989376
-10.478929 -144.156169 -1523.015309 14258.146548 0.231163 0.868262 -0.438959 -0.151573 0.477810 0.865288 -0.961036 0.133488 -0.242057
-7.997284 -159.509233 -2052.915910 14227.493277 0.204130 0.885506 -0.417384 -0.008203 0.427894 0.903792 -0.978909 0.181067 -0.094610
-8.777336 -131.635693 -652.605224 5051.548927 0.224018 0.899315 -0.375565 0.066388 0.370382 0.926504 -0.972321 0.232486 -0.023269
-7.343343 -181.011231 -579.118721 13697.644926 0.233388 0.859426 -0.454881 -0.350372 0.510703 0.785125 -0.907066 0.023861 -0.420311
-9.361449 -123.176283 -154.770717 2837.493749 0.255327 0.900605 -0.351737 0.043686 0.352677 0.934725 -0.965867 0.254027 -0.050705
-12.051768 -119.491337 -559.374242 9991.638045 0.271203 0.874270 -0.402618 -0.119111 0.445563 0.887291 -0.955124 0.192680 -0.224973
-11.651133 -147.839457 -965.581921 18298.866269 0.276062 0.845957 -0.456230 -0.326165 0.528964 0.783463 -0.904105 0.067478 -0.421948
-9.396291 -164.919686 -1925.124835 11323.130532 0.241298 0.841504 -0.483371 -0.456771 0.537949 0.708500 -0.856233 -0.049830 -0.514180
8.894010 -110.112473 -1236.167771 6909.782168 0.486779 0.776814 -0.399507 -0.243331 -0.318662 -0.916103 0.838949 -0.543152 -0.033905
5.233659 -126.267799 -1388.234684 7976.950462 0.491585 0.774241 -0.398617 -0.017716 -0.448757 -0.893478 0.870649 -0.446283 0.206886
10.101213 -120.000723 -1659.831900 10386.812539 0.469731 0.790510 -0.392998 -0.092452 -0.398670 -0.912423 0.877955 -0.464927 0.114183
5.375019 -114.819935 -1852.487401 5155.440293 0.501989 0.760009 -0.412787 -0.203825 -0.359877 -0.910464 0.840513 -0.541179 0.025745
17.452476 -472.908940 -5257.799788 75322.495255 0.312470 0.858908 -0.405757 -0.226555 -0.347437 -0.909923 0.922516 -0.376250 -0.086026
-3.889545 -1016.123047 -3330.157720 297227.042282 0.232740 0.860025 -0.454080 -0.027822 -0.460823 -0.887056 0.972141 -0.219086 0.083324
154.347426 -2127.022554 -26629.617750 994252.963509 0.276673 0.852509 -0.443487 -0.534622 -0.246936 -0.808210 0.798518 -0.460708 -0.387449
-3905.329169 -258959.732489 137395.463475 140216778.061700 0.170381 0.773280 -0.610745 -0.523684 0.596090 0.608631 -0.834700 -0.216138 -0.506517
-131.802325 -2550.664245 55882.485180 1873339.409805 0.291920 0.733290 -0.614059 0.902984 -0.422938 -0.075785 -0.315281 -0.532363 -0.785613
332.027732 -21471.769835 154016.834297 106766937.394163 0.453368 0.713912 -0.533655 0.646203 0.149108 0.748457 0.613905 -0.684176 -0.393731
1351.246338 -269123.473357 -746060.435862 182957356.266022 0.340638 0.753501 -0.562319 0.790647 0.094068 0.605003 0.508767 -0.650683 -0.563710
-1276.772811 -25383.031016 397012.589177 -16727539.445944 0.428913 0.779754 -0.456089 0.513468 -0.625838 -0.587093 0.743226 -0.017625 0.668809
3.566310 -52.182921 -5610.009402 -937.510344 0.591297 0.805640 0.036224 -0.114394 0.128253 -0.985122 0.798299 -0.578356 -0.167995
6.522464 -50.667956 -5045.166838 -832.566871 0.584152 0.810710 0.038937 -0.016026 0.059484 -0.998101 0.811486 -0.582418 -0.047740
10.677901 -51.787659 -2991.243062 -928.189110 0.561289 0.826423 0.044491 -0.125515 0.138137 -0.982428 0.818047 -0.545842 -0.181263
0.260187 -48.360878 1458.283732 -738.410764 0.555618 0.768942 -0.316254 0.079671 0.329381 0.940830 -0.827611 0.547939 -0.121748
-3.161809 -47.057230 420.637033 -986.310237 0.534291 0.779547 -0.326862 0.034167 0.366450 0.929810 -0.844610 0.507958 -0.169156
-0.919813 -48.837735 923.556492 -936.886323 0.546323 0.770088 -0.329387 0.132905 0.308576 0.941869 -0.826963 0.558342 -0.066233
-0.961600 -46.158417 1076.469901 -856.868767 0.547767 0.776228 -0.312123 -0.018532 0.384238 0.923048 -0.836426 0.499831 -0.224858
0.131497 -50.147209 1411.930591 -1202.178795 0.556537 0.765340 -0.323297 0.187106 0.263676 0.946291 -0.809480 0.587137 -0.003545
5.841785 -129.416129 660.186322 -10542.550752 0.502821 0.859966 -0.087349 -0.716297 0.471104 0.514761 -0.483828 0.196265 -0.852872
1.270529 -120.033395 1699.327501 -8820.502781 0.515864 0.854092 -0.066424 -0.708455 0.468921 0.527451 -0.481639 0.225035 -0.846985
3.770304 -135.837758 1284.935889 -6141.778693 0.521544 0.848018 -0.094114 -0.555018 0.420968 0.717454 -0.648033 0.321949 -0.690219
14.657481 -139.788513 523.346343 -3291.498131 0.464483 0.879962 -0.099610 0.264386 -0.030439 0.963936 -0.845195 0.474068 0.246788
11.525720 -151.243564 1485.798264 12526.603723 0.483798 0.869719 -0.097611 0.100661 0.055494 0.993372 -0.869371 0.490417 0.060699
9.005251 -159.407676 437.680478 18812.632156 0.493115 0.858718 -0.139428 0.138419 0.080783 0.987074 -0.858882 0.506041 0.079027
11.151260 -138.085214 1361.165901 1608.435629 0.497664 0.854693 -0.147751 0.304763 -0.012823 0.952342 -0.812065 0.518976 0.266860
15.411223 -149.950226 983.214359 -14758.423243 0.443517 0.882737 -0.155136 0.487798 -0.092533 0.868038 -0.751895 0.460665 0.471638
20.692235 -159.738447 401.475300 -20693.221334 0.422395 0.902293 -0.086315 0.432676 -0.117037 0.893920 -0.796476 0.414934 0.439836
27.531611 -214.447596 3634.695508 37724.753188 0.571713 0.598673 0.561012 -0.386342 0.799669 -0.459641 -0.723798 0.046040 0.688474
-2.286317 -151.586240 1078.254312 21952.142044 0.557807 0.662289 0.500225 -0.238882 0.705310 -0.667437 -0.794850 0.252806 0.551636
38.332131 -259.044413 -1282.024587 -55790.531608 0.504333 0.748682 0.430261 0.490892 -0.658504 0.570437 -0.710404 0.076478 0.699627
7.170703 -224.451836 3089.450234 57775.097401 0.588774 0.456545 0.667017 -0.142563 0.870929 -0.470274 -0.795626 0.181793 0.577867
23.552985 -1452.415000 -4009.554745 559573.742322 0.364852 0.903689 -0.224120 -0.584078 0.409607 0.700768 -0.725077 0.124773 -0.677270
15.410394 -786.855902 -5135.919199 216347.631390 0.401596 0.887014 -0.227876 -0.406737 0.395685 0.823406 -0.820540 0.237991 -0.519687
16.704829 -985.428031 -10542.528323 321426.408479 0.361314 0.894620 -0.262882 -0.176749 0.342527 0.922732 -0.915539 0.286932 -0.281883
-5.986783 -43.281857 2222.300672 -1583.734001 0.517442 0.849017 -0.106882 0.687284 -0.486749 -0.539182 0.509799 -0.205537 0.835380
-1.320613 -43.280840 1113.064982 -1699.569433 0.537692 0.834486 -0.120500 0.673629 -0.511130 -0.533826 0.507061 -0.205862 0.836965
-4.714695 -38.760604 2059.213021 -2536.548837 0.529823 0.839579 -0.119978 0.720281 -0.520128 -0.458979 0.447753 -0.156760 0.880309
-7.835513 -38.571666 1232.688685 -2145.684416 0.538154 0.837803 -0.092069 0.719309 -0.513462 -0.467922 0.439301 -0.185588 0.878961
-54.525244 -80.804848 -936.962031 -2112.041558 0.293292 0.847535 0.442339 -0.584006 -0.207491 0.784783 -0.756913 0.488499 -0.434110
-47.172389 -76.683260 903.987133 -3685.702874 0.069707 0.805850 0.588003 -0.687625 -0.388217 0.613563 -0.722712 0.447095 -0.527061
-41.837622 -68.605921 640.503015 -5908.079067 -0.144633 0.749867 0.645585 -0.764239 -0.499080 0.408482 -0.628506 0.434302 -0.645262
123.221191 -80.089466 8880.000969 4695.597506 0.462449 0.709991 0.531088 -0.679029 0.668765 -0.302775 0.570141 0.220606 -0.791374
134.892890 -88.653983 -620.844613 4626.094054 0.527702 0.726981 0.439351 -0.560717 0.686654 -0.462711 0.638064 0.002178 -0.769980
30.724714 -131.097956 -9111.622176 23666.881733 0.822825 0.227877 0.520606 -0.542546 0.042366 0.838957 -0.169123 0.972768 -0.158494
25.843468 -89.021668 -2590.453131 18012.222879 0.760805 0.252063 0.598031 -0.584534 -0.134191 0.800195 -0.281950 0.958362 -0.045246
26.848146 -49.454922 -202.370329 -9522.556664 0.648202 0.232247 0.725186 0.665050 0.291168 -0.687699 -0.370867 0.928053 0.034280
-2.738748 -50.014962 -413.500804 451.223806 -0.126895 0.725429 0.676498 -0.448198 0.566485 -0.691530 0.884882 0.390958 -0.253252
-1.634294 -51.875086 1626.860711 -746.784350 -0.164246 0.750241 0.640439 -0.310533 0.576919 -0.755469 0.936265 0.322960 -0.138218
2.102602 -48.120612 351.918082 609.503399 0.089002 0.778145 0.621747 -0.369327 -0.553943 0.746153 -0.925028 0.296037 -0.238088
2.416189 -45.321964 465.493455 -603.864523 0.085860 0.770579 0.631534 -0.490422 -0.519074 0.700034 -0.867245 0.369823 -0.333342
1.102835 -43.800768 -255.581451 619.272702 0.074148 0.767569 0.636664 -0.451665 -0.543340 0.707659 -0.889101 0.340030 -0.306396
2.245075 -46.334273 23.432424 -1078.824058 0.078264 0.763530 0.641012 -0.573469 -0.491474 0.655428 -0.815480 0.418897 -0.399396
0.491584 -48.710938 -349.546651 524.246876 0.076791 0.772162 0.630769 -0.345133 -0.572940 0.743386 -0.935407 0.274785 -0.222502
1.182516 -44.466640 -30.468953 -259.491042 0.072379 0.756719 0.649721 -0.529719 -0.522792 0.667897 -0.845079 0.392511 -0.363009
-1.950010 -54.452148 438.684403 -1451.774924 -0.015964 0.908297 0.418020 0.896552 0.198088 -0.396176 0.442651 -0.368452 0.817498
-2.482021 -52.814922 -426.876838 -623.032613 -0.030485 0.897810 0.439327 0.908989 0.207702 -0.361384 0.415703 -0.388327 0.822431
-1.075634 -54.475650 -173.864580 -766.208807 -0.049460 0.893221 0.446890 0.842113 0.277876 -0.462201 0.537028 -0.353471 0.765937
-6.893852 -85.572848 928.304647 -2505.073603 0.474212 0.777203 0.413616 -0.510587 -0.139950 0.848360 -0.717234 0.613489 -0.330464
-9.069036 -81.627063 457.440139 1981.144758 0.472128 0.784281 0.402491 0.637205 0.011881 -0.770603 -0.609151 0.620292 -0.494138
-8.979835 -80.535300 248.544348 -1813.858558 0.471764 0.797072 0.376981 -0.630502 0.006084 0.776163 -0.616365 0.603853 -0.505426
0.344310 -39.112106 15877.738266 1040.170077 0.313692 -0.667541 -0.675267 0.949466 0.228467 0.215216 0.010611 -0.708655 0.705476
-30.794231 -39.467588 -3054.554334 -313.192547 0.579545 -0.646641 -0.495966 0.812001 0.406557 0.418768 -0.069154 -0.645420 0.760691
162.869169 -47.569855 82494.094726 1371.223667 0.345359 -0.562651 -0.751100 0.938453 0.211976 0.272713 0.005773 -0.799055 0.601230
-12.019764 -47.921582 -3809.480974 1253.786220 0.750778 -0.601856 0.272218 0.658929 0.653479 -0.372529 -0.046320 -0.459059 -0.887197
-19.536290 -43.860579 -1473.950991 1144.803429 0.735019 -0.588373 0.336993 0.677924 0.647146 -0.348743 0.012892 -0.484788 -0.874537
-21.930699 -39.414713 -713.794253 953.138444 0.813975 -0.484208 0.320915 0.573995 0.755346 -0.316198 0.089296 -0.441581 -0.892767
-8.009178 -26.916243 -7631.809215 -2914.849346 0.349042 0.698802 0.624376 0.765992 0.171070 -0.619670 -0.539839 0.694558 -0.475566
-2.324052 -121.765615 730.118018 -2601.443571 0.282581 0.738705 0.611933 -0.697977 0.595944 -0.397088 0.658009 0.314906 -0.684002
-0.306506 -116.285744 992.961026 -615.367509 0.251365 0.767584 0.589601 -0.540425 0.616666 -0.572419 0.802967 0.174749 -0.569830
-10.585323 -121.902065 1637.001997 4228.678097 0.308621 0.876764 0.368832 0.794722 -0.024614 -0.606474 0.522657 -0.480290 0.704380
7.049838 -146.352818 -150.298548 3867.219451 0.735850 -0.374551 0.564124 -0.437155 0.373453 0.818186 0.517126 0.848672 -0.111069
9.858497 -140.581283 -48.341983 6171.515369 0.710541 -0.365611 0.601215 -0.357103 0.548850 0.755805 0.606307 0.751727 -0.259420
3.071646 -132.168433 3885.850806 2174.313475 0.638480 -0.389116 0.664027 -0.406526 0.562092 0.720270 0.653513 0.729822 -0.200699
36.182621 -38.562385 11257.348880 295.861269 0.918139 0.361030 -0.163335 0.142337 0.084204 0.986230 -0.369812 0.928745 -0.025923
40.746419 -38.074007 7432.858415 -112.102045 0.876187 0.472242 -0.096351 0.034863 0.137288 0.989917 -0.480708 0.870712 -0.103826
18.914695 -35.551729 10855.612625 -903.299175 0.916929 0.348268 -0.194808 0.131504 0.197197 0.971504 -0.376759 0.916418 -0.135017
31.291686 -52.161898 4690.480971 587.069661 -0.898407 0.317052 -0.303881 0.318343 0.946825 0.046700 0.302528 -0.054782 -0.951565
33.731351 -53.541529 2139.658730 1909.932313 -0.885141 0.277037 -0.373867 0.246955 0.960646 0.127170 0.394384 0.020235 -0.918723
27.011522 -46.009139 3741.776751 1694.560445 -0.921871 0.260389 -0.286970 0.233051 0.964233 0.126259 0.309583 0.049516 -0.949582
-25.618848 -158.285373 -6272.842927 -35689.394325 -0.260451 0.792827 -0.550990 0.950737 0.309980 -0.003376 0.168119 -0.524726 -0.834505
-9.554530 -518.577467 -2070.371884 184231.899918 -0.368989 0.703860 -0.606982 -0.768202 -0.598571 -0.227110 0.523176 -0.382484 -0.761573
163.244877 -9181.502611 -36880.612023 -4437201.141553 -0.390103 0.726662 -0.565493 0.890871 0.453105 -0.032320 0.232743 -0.516390 -0.824119
9.393726 -123.010963 -2297.350053 5561.233117 -0.673509 0.524654 -0.520695 0.736945 0.421876 -0.528141 -0.057423 -0.739431 -0.670779
6.245876 -110.907915 -2267.221805 3960.657513 -0.681704 0.516663 -0.518015 0.718927 0.604405 -0.343276 0.135733 -0.606428 -0.783468
-3.596588 -90.457696 2406.330739 3966.739741 -0.633265 0.618700 -0.464957 0.737464 0.664639 -0.120006 0.234781 -0.418885 -0.877162
-0.878982 -84.061997 1949.111203 4300.691359 -0.645233 0.611074 -0.458545 0.677784 0.734819 0.025515 0.352539 -0.294331 -0.888305
20.852282 -12.357293 2860.033231 -9293.798123 0.638927 0.762736 -0.100035 -0.624591 0.438447 -0.646258 0.449064 -0.475392 -0.756534
30.671262 3.504193 3737.072316 -10197.364125 0.786972 0.616411 -0.026686 -0.464643 0.563644 -0.682944 0.405933 -0.549858 -0.729983
34.925848 -1.609724 3675.171545 -7370.374066 0.783856 0.612205 -0.103799 -0.514787 0.547231 -0.659949 0.347222 -0.570739 -0.744106
-13.457640 -34.695353 733.718357 459.026617 -0.697161 -0.653873 0.293967 -0.643334 0.751544 0.145958 -0.316367 -0.087363 -0.944606
-13.868515 -35.952733 -226.362410 500.505009 -0.683289 -0.657687 0.317118 -0.650208 0.745688 0.145529 -0.332184 -0.106754 -0.937154
4.628687 -40.817133 -706.426750 -2666.059145 -0.118450 0.712390 0.691716 0.840788 -0.298639 0.451542 0.528247 0.635071 -0.563595
4.103696 -39.263875 -193.018516 -784.225752 -0.106864 0.705158 0.700951 0.864192 -0.282753 0.416200 0.491683 0.650233 -0.579176
2.997367 -41.519813 -896.379744 -1308.010349 -0.105563 0.717398 0.688619 0.861240 -0.280222 0.423959 0.497114 0.637821 -0.588271
3.866049 -40.004774 514.846372 -1938.630742 -0.124256 0.698740 0.704502 0.846235 -0.296115 0.442947 0.518118 0.651213 -0.554504
-673.203719 -1089.935519 216780.603314 -73618.960457 0.912940 0.133879 -0.385509 0.377670 -0.635075 0.673828 0.154616 0.760760 0.630348
-2612.826812 -9246.961617 888919.520256 -3976676.841880 0.963271 -0.008475 0.268396 -0.018819 0.994914 0.098955 -0.267870 -0.100372 0.958213
776.815436 -489.383527 94415.952594 138066.225499 -0.204305 0.065448 0.976717 0.944368 -0.249523 0.214259 0.257736 0.966155 -0.010828
-5.801265 -260.084040 -13794.402914 92085.245671 0.491527 0.769583 0.407606 -0.731468 0.618841 -0.286339 0.472605 0.157407 -0.867103
-21.473294 -77.560027 -11691.805528 12909.833041 0.374877 0.854440 0.359722 -0.848271 0.472687 -0.238756 0.374038 0.215638 -0.901996
-81.987691 -134.581592 -30205.201409 27504.248926 0.330930 0.889740 0.314401 -0.835874 0.431010 -0.339919 0.437949 0.150310 -0.886345
-261.552057 -307.464187 -17018.472295 69041.457214 -0.321211 0.946216 -0.038707 -0.717966 -0.269973 -0.641591 0.617534 0.178295 -0.766070
-103.563058 -514.153774 -36251.561785 162193.850428 0.404567 0.837245 0.367895 -0.690629 0.543414 -0.477214 0.599464 0.061014 -0.798073
-16.801971 -663.837828 -9954.245035 221242.183340 0.416950 0.842806 0.340338 -0.709865 0.535798 -0.457180 0.567666 0.050972 -0.821679
-34.693952 -48.081566 -1114.999389 -5080.015408 0.812214 -0.582701 -0.027720 -0.441980 -0.583660 -0.681172 -0.380740 -0.565509 0.731599
