12254
24498
-40.575312 -58.212328 -1453.731976 7477.498799 0.310030 0.949578 0.046717 0.770755 -0.222269 -0.597104 0.556613 -0.221128 0.800802
-49.031793 -71.132958 120.260330 6748.768412 0.254206 0.966559 0.033796 0.859426 -0.209726 -0.466263 0.443583 -0.147572 0.884000
-43.452966 -77.198429 -2847.021347 9069.332310 0.019636 0.970169 0.241633 0.903847 0.086090 -0.419105 0.427405 -0.226629 0.875194
-43.726684 -66.173992 -108.743949 6118.276340 0.510365 0.825975 -0.239362 0.689971 -0.559436 -0.459317 0.513292 -0.069267 0.855414
-25.901574 -70.304948 -5400.825833 12309.654477 0.151353 0.949659 0.274298 0.818523 0.035166 -0.573396 0.554177 -0.311304 0.771996
-28.862043 -45.795560 -3922.389798 5707.345032 0.395201 0.915834 0.071163 0.679686 -0.239425 -0.693327 0.617934 -0.322372 0.717101
-32.392626 -44.866172 -356.428332 3219.660745 0.644425 0.694925 -0.319054 0.443198 -0.679455 -0.584736 0.623131 -0.235415 0.745847
-38.083929 -52.901627 597.426874 -3927.492701 0.632432 0.686399 -0.359006 -0.491707 0.713850 0.498640 0.598543 -0.138830 0.788969
-3.464680 -81.581699 -13782.389496 481.471907 0.610053 0.765251 -0.205491 0.687099 -0.381749 0.618194 0.394627 -0.518323 -0.758690
-28.234053 -77.694927 -4793.773817 514.355944 0.595408 0.800509 -0.068377 -0.611142 0.396020 -0.685327 0.521532 -0.449837 -0.725018
-2.774777 -75.775780 -14393.072068 -1102.763645 0.655764 0.735702 -0.169459 -0.559142 0.322458 -0.763794 0.507281 -0.595620 -0.622818
-58.670771 -84.047461 -3000.111161 -8909.042547 0.480141 -0.098480 0.871646 -0.488894 0.794992 0.359124 -0.728318 -0.598573 0.333562
-59.839566 -73.587302 3125.792656 11860.659541 -0.506424 0.010623 -0.862219 0.622194 -0.687793 -0.373919 -0.597000 -0.725829 0.341705
-63.517716 -91.862024 -487.157217 -5010.268590 0.655057 -0.126585 0.744901 -0.350966 0.822082 0.448336 -0.669122 -0.555120 0.494083
-42.069966 -63.622063 13836.248394 4813.600919 0.047469 -0.292724 -0.955018 0.790076 -0.573991 0.215206 -0.611168 -0.764753 0.204027
-62.203788 -93.900340 -1374.649188 301.912634 0.583238 -0.157240 0.796937 -0.237495 0.905208 0.352413 -0.776807 -0.394809 0.490608
-54.326004 -91.597775 -3988.836991 -1054.123711 0.443044 -0.233259 0.865622 -0.257168 0.891911 0.371967 -0.858823 -0.387408 0.335169
-46.908982 -76.565635 -5750.475058 -8804.672035 0.288484 -0.053007 0.956016 -0.577728 0.786594 0.217946 -0.763549 -0.615192 0.196296
1.616162 -36.678437 875.660873 -7038.406739 -0.349257 -0.109470 -0.930610 -0.113682 0.990766 -0.073882 0.930105 0.079990 -0.358477
4.753114 -40.082014 530.600933 -5661.873971 -0.352408 -0.016214 -0.935706 -0.159316 0.986295 0.042911 0.922186 0.164196 -0.350161
1.654000 -44.582670 1897.254920 -4186.370777 -0.345015 -0.097572 -0.933512 -0.227446 0.973630 -0.017704 0.910622 0.206215 -0.358109
-2.627380 -41.129629 2310.147280 -6350.192543 -0.344427 -0.143832 -0.927730 -0.144788 0.984510 -0.098881 0.927581 0.100267 -0.359917
-3.889028 -27.496403 2392.542771 -4198.226040 -0.346539 -0.197220 -0.917069 -0.095435 0.979988 -0.174689 0.933168 0.026984 -0.358425
0.060923 -43.099858 -2856.777523 -1253.035958 -0.680207 -0.692202 0.241195 0.728480 -0.674915 0.117501 0.081452 0.255631 0.963337
-2.979574 -42.432577 -2609.689608 1365.764314 -0.687176 -0.682999 0.247592 0.725805 -0.660233 0.193131 0.031561 0.312419 0.949420
-3.757193 -42.267821 -2363.905781 -190.112019 -0.677968 -0.696767 0.234254 0.730988 -0.672661 0.114825 0.077568 0.249085 0.965370
-1.879326 -41.797993 -2421.299456 -2913.682646 -0.672207 -0.703483 0.230759 0.731853 -0.678503 0.063448 0.111936 0.211531 0.970940
-6.659450 -42.049799 -792.687211 -1871.170094 -0.673029 -0.710791 0.204473 0.733450 -0.677031 0.060669 0.095312 0.190803 0.976990
-8.608026 -42.674339 -661.173131 1400.227387 -0.640531 -0.740442 0.203632 0.765879 -0.635329 0.098926 0.056124 0.219323 0.974037
2.995389 -46.342115 -690.554953 730.276474 0.425936 0.763741 -0.485055 -0.674458 0.625380 0.392435 -0.603063 -0.159998 -0.781483
1.726472 -44.888817 -793.393793 179.296678 0.441779 0.748112 -0.495136 -0.721775 0.624172 0.299081 -0.532797 -0.225249 -0.815715
3.946894 -48.282285 -890.830629 592.959938 0.451292 0.742705 -0.494696 -0.737408 0.622572 0.261980 -0.502558 -0.246563 -0.828639
3.907686 -44.612353 -327.041803 607.057924 0.420578 0.772704 -0.475439 -0.605569 0.629310 0.487089 -0.675574 -0.083052 -0.732600
2.207692 -44.572861 -1125.002024 607.022406 0.409253 0.770527 -0.488671 -0.598498 0.630958 0.493652 -0.688703 -0.090440 -0.719381
4.213979 -46.835409 -117.770509 1003.013912 0.432429 0.772747 -0.464615 -0.641875 0.625708 0.443267 -0.633247 -0.106543 -0.766582
4.925114 -49.429478 -348.763262 769.502242 0.452571 0.751586 -0.479895 -0.719808 0.625566 0.300905 -0.526361 -0.209251 -0.824110
9.627644 -78.528192 -721.054134 -4102.531261 0.654863 0.669030 -0.351503 -0.639258 0.242275 -0.729830 0.403118 -0.702639 -0.586339
6.938532 -82.890854 -195.747478 1358.943656 0.646768 0.667135 -0.369625 0.710025 -0.349715 0.611199 0.278489 -0.657746 -0.699867
7.247515 -75.214682 -1105.018948 -3690.696475 0.666044 0.649763 -0.366324 -0.613984 0.198697 -0.763900 0.423566 -0.733708 -0.531286
6.539576 -67.665050 -1222.975856 -3796.383113 0.667457 0.641608 -0.377942 -0.526618 0.047872 -0.848753 0.526474 -0.765537 -0.369835
11.469931 -69.253953 -1956.099639 -4852.081128 0.661500 0.656080 -0.363286 -0.556052 0.104041 -0.824610 0.503213 -0.747486 -0.433638
3.396104 -72.814793 -813.548556 -2614.971879 0.666272 0.644446 -0.375194 -0.593490 0.153630 -0.790043 0.451499 -0.749058 -0.484831
3.104518 -134.399463 -1575.789746 -2504.221553 0.073954 0.996122 0.047657 -0.861378 0.039723 0.506408 -0.502552 0.078502 -0.860976
2.035111 -141.076957 -1559.941367 -4037.063669 0.039398 0.997234 0.063031 -0.698831 -0.017588 0.715071 -0.714201 0.072220 -0.696205
1.582938 -135.297145 -662.946975 -3625.013563 0.068324 0.994435 0.080190 -0.737777 -0.003744 0.675034 -0.671578 0.105283 -0.733415
1.572415 -136.543566 -710.252410 -3860.925358 0.048163 0.993808 0.100133 -0.556328 -0.056570 0.829035 -0.829566 0.095636 -0.550159
2.188602 -127.330912 -926.791562 -2808.546757 0.090798 0.994177 0.058030 -0.876322 0.052081 0.478903 -0.473092 0.094336 -0.875948
-1.791428 -142.520747 -382.220625 1799.408644 0.051367 0.993578 0.100818 -0.549378 -0.056191 0.833682 -0.833993 0.098211 -0.542964
1.359049 -77.354835 -301.534029 2613.618906 0.063052 0.948417 0.310693 0.302063 -0.314846 0.899794 -0.951201 -0.037115 0.306333
0.581534 -77.340480 625.350024 -1953.711323 0.072175 0.960307 0.269448 0.428956 -0.273778 0.860838 -0.900437 -0.053451 0.431689
0.515057 -78.248106 -469.681611 -2720.266978 0.049530 0.961973 0.268618 0.476457 -0.259130 0.840143 -0.877801 -0.086373 0.471173
0.430954 -77.675669 556.126907 4018.649571 0.082878 0.948001 0.307288 0.272754 -0.318153 0.907956 -0.958508 -0.008565 0.284939
1.638400 -83.133069 375.458401 5861.577466 0.084638 0.939892 0.330816 0.145906 -0.340119 0.928994 -0.985671 0.030360 0.165923
3.754978 -86.884712 -253.774840 4824.487519 0.065301 0.941778 0.329832 0.101693 -0.335097 0.936679 -0.992670 0.027624 0.117654
-3.741851 -57.809835 219.875007 3702.140584 0.524433 0.766669 -0.370390 0.793973 -0.283216 0.537955 0.307533 -0.576201 -0.757242
2.867877 -54.153709 960.570251 2817.853803 0.475203 0.788104 -0.391246 0.846091 -0.287260 0.449012 0.241479 -0.544402 -0.803315
2.188958 -52.596258 776.505712 3288.611436 0.506115 0.775798 -0.376808 0.792071 -0.245218 0.559010 0.341279 -0.581383 -0.738595
12.674040 -47.366579 3864.983655 2059.819532 0.462103 0.804625 -0.372880 0.831858 -0.247555 0.496717 0.307363 -0.539718 -0.783730
5.248167 -128.947460 -2341.202668 5842.721872 0.032208 0.983194 0.179702 0.178576 -0.182563 0.966841 -0.983399 -0.000950 0.181455
8.986964 -132.318188 -1654.750031 2900.672337 0.058102 0.984181 0.167367 0.197874 -0.175678 0.964356 -0.978504 0.022914 0.204951
8.131306 -154.258574 -1505.471302 -15747.017746 0.084174 0.967342 0.239091 0.397901 -0.252612 0.881965 -0.913559 -0.020896 0.406170
3.757485 -108.582076 -1370.291981 -995.665851 0.053987 0.976639 0.207996 0.335341 -0.213935 0.917485 -0.940549 -0.020217 0.339057
4.173757 -160.812836 78.324345 -3907.806471 -0.270517 0.026024 -0.962363 0.941472 0.215987 -0.258804 0.201123 -0.976049 -0.082929
3.070848 -160.906317 -457.780839 -4581.174644 -0.263348 0.024628 -0.964386 0.841699 0.494326 -0.217222 0.471371 -0.868928 -0.150909
5.562789 -156.553140 1060.410219 -7672.145895 -0.273590 0.053767 -0.960343 0.853721 0.473497 -0.216705 0.443068 -0.879153 -0.175446
4.525269 -155.082441 1981.632290 -4227.522185 -0.262638 0.055822 -0.963278 0.951294 0.182007 -0.248823 0.161434 -0.981711 -0.100905
-25.511630 -48.917537 -1050.602631 -219.377927 0.565706 -0.806306 0.172761 0.823390 0.563714 -0.065239 -0.044785 0.179155 0.982801
-20.661698 -46.764652 -2784.528032 63.394743 0.614914 -0.750318 0.242698 0.777131 0.628848 -0.024859 -0.133968 0.203894 0.969783
-22.925829 -48.426908 511.926699 45.258121 -0.655733 0.731989 -0.184948 0.734385 0.675244 0.068728 -0.175193 0.090756 0.980342
-22.841487 -49.597649 -1620.401997 -219.182598 -0.565227 0.817505 -0.110473 0.818277 0.572595 0.050579 -0.104605 0.061809 0.992591
74.154626 -1683.938183 -10610.336235 -633170.366044 -0.387117 -0.070096 -0.919362 0.851423 0.355500 -0.385615 0.353863 -0.932044 -0.077939
41.662427 -1934.451363 -17781.543706 742373.254908 -0.437573 -0.117196 -0.891513 0.523868 0.772596 -0.358689 0.730816 -0.623988 -0.276671
145.702207 -3277.482991 24205.308716 -1427093.530895 -0.511529 0.036932 -0.858472 0.599414 0.731174 -0.325711 0.615663 -0.681191 -0.396154
150.089935 -1242.252672 -46444.944648 -380293.589714 -0.270215 0.216905 -0.938049 0.945471 0.243797 -0.215980 0.181847 -0.945259 -0.270955
74.762738 -805.046058 -9645.881161 -166369.675995 -0.452317 -0.056025 -0.890096 0.872704 -0.233529 -0.428780 -0.183841 -0.970734 0.154523
51.532047 -766.215273 -11935.880887 -202023.285772 -0.448288 -0.192863 -0.872835 0.890777 -0.014977 -0.454194 0.074525 -0.981111 0.178512
-151.359466 -21376.974521 13941.433438 596653.024593 0.403238 -0.310888 0.860667 0.902783 0.288911 -0.318610 -0.149604 0.905472 0.397164
5.438784 -2675.001430 5076.057090 -839837.876276 -0.272996 0.306168 -0.911995 -0.152207 0.922318 0.355195 0.949898 0.235779 -0.205188
4.247313 -225.920816 6719.125915 -34204.935603 -0.366774 0.219180 -0.904122 -0.569091 0.715945 0.404424 0.735943 0.662860 -0.137856
62.305640 -3923.642860 -10213.487427 -2587036.475195 0.425861 -0.358169 0.830877 0.863068 0.436447 -0.254220 -0.271581 0.825366 0.494990
57.420129 -2710.549262 -8282.788732 -1023398.264437 0.527892 -0.229075 0.817835 -0.020956 0.959133 0.282179 -0.849053 -0.166099 0.501518
24.352828 -11.896773 -3740.537612 -2349.511946 -0.298406 0.268783 -0.915811 -0.341114 0.866119 0.365347 0.891401 0.421417 -0.166769
17.632568 -19.949810 -1495.443123 -2676.632802 -0.331776 0.255526 -0.908092 -0.382002 0.843771 0.376994 0.862554 0.471970 -0.182332
23.723275 -13.132337 1609.926505 -2205.014548 -0.449393 0.264380 -0.853317 -0.324986 0.841372 0.431830 0.832124 0.471377 -0.292187
40.456349 30.116629 7285.514003 2832.603537 -0.359898 0.014004 -0.932887 -0.357748 0.921390 0.151846 0.861679 0.388387 -0.326596
28.908833 26.655746 14614.963665 5672.627685 -0.288544 -0.445348 -0.847589 -0.550480 0.801467 -0.233715 0.783399 0.399144 -0.476413
33.108255 25.865072 7811.821370 2387.371329 -0.296114 -0.225337 -0.928192 -0.505723 0.861372 -0.047778 0.810285 0.455260 -0.369022
36.564728 26.656767 -7650.469947 1687.271473 -0.083913 -0.053697 -0.995025 -0.437364 0.899209 -0.011642 0.895361 0.434211 -0.098940
-2.140544 -122.438664 867.247976 5715.234124 -0.155478 -0.929159 -0.335395 0.987612 -0.153485 -0.032620 -0.021169 -0.336312 0.941513
-3.683985 -111.818464 1564.553032 7457.402095 -0.189422 -0.921386 -0.339364 0.960289 -0.101732 -0.259798 0.204850 -0.375099 0.904067
-2.702140 -119.099036 700.165390 5619.871097 -0.158233 -0.930746 -0.329657 0.986766 -0.161035 -0.018978 -0.035423 -0.328297 0.943910
-1.949860 -126.074543 617.314469 3641.411115 -0.137881 -0.933253 -0.331703 0.966993 -0.199295 0.158764 -0.214274 -0.298864 0.929928
7.271982 -285.620895 641.824036 67436.787993 0.202187 0.970352 0.132432 -0.810149 0.089743 0.579314 -0.550253 0.224420 -0.804274
523.165336 -6619.532479 -11018.717947 2335547.789901 0.436439 0.899380 -0.025223 -0.789292 0.396173 0.469112 -0.431903 0.184830 -0.882778
13.749657 -538.777070 968.953948 -132443.327081 0.227650 0.961263 0.155396 0.971249 -0.212744 -0.106839 -0.069641 0.175251 -0.982058
9.433193 -264.039851 2085.100139 55223.007659 0.202299 0.973960 0.102356 -0.752630 0.087747 0.652571 -0.626597 0.209051 -0.750782
16.850331 -689.281851 2102.746106 207891.177051 0.196579 0.961918 0.189925 -0.918586 0.112944 0.378740 -0.342866 0.248914 -0.905806
6.144894 -366.063268 212.236856 97449.374295 0.175182 0.966780 0.186140 -0.791603 0.025899 0.610487 -0.585386 0.254295 -0.769842
-6.675958 -184.445032 2861.735524 38302.997366 0.164880 0.970950 0.173408 -0.731024 0.002273 0.682348 -0.662132 0.239271 -0.710162
30.272833 -74.954302 -836.070615 6485.290794 0.156580 0.772108 -0.615899 0.284526 -0.632417 -0.720481 0.945795 0.062426 0.318709
-5.030239 -70.857012 -3601.961699 1541.380259 0.140239 0.555346 -0.819710 -0.098343 0.831610 0.546584 0.985222 0.003961 0.171238
13.715097 -64.643444 116.434844 4560.332682 0.192163 0.898009 -0.395794 0.171960 -0.427883 -0.887325 0.966180 -0.102450 0.236645
29.672865 -89.466549 -2167.697005 1046.452834 0.228277 0.914086 -0.335166 0.345180 -0.397880 -0.850025 0.910352 -0.078349 0.406351
51.288637 -122.109517 -621.750080 17458.718900 0.202911 0.801523 -0.562484 0.492246 -0.580070 -0.649009 0.846475 0.145190 0.512249
-3.789872 -62.936847 -635.187795 -2487.384533 0.384735 0.883021 -0.268799 0.244590 0.183274 0.952148 -0.890031 0.432070 0.145466
-3.540802 -56.900394 -572.898226 -1316.164196 0.378027 0.871181 -0.313273 0.131636 0.284365 0.949636 -0.916388 0.400226 0.007182
-2.515079 -62.522600 -536.501057 -1951.743570 0.377483 0.886712 -0.266926 0.205722 0.200747 0.957799 -0.902876 0.416465 0.106637
-36.176549 -73.093135 -3715.781799 -6237.002722 0.481373 0.754433 0.446219 0.211499 -0.594015 0.776154 -0.850616 0.279244 0.445504
-29.706538 -65.746697 -4649.631959 -10606.621481 0.422549 0.826920 0.371020 0.081101 -0.442216 0.893234 -0.902704 0.347345 0.253922
-14.910973 -74.380008 -11477.434171 -7594.687157 0.339097 0.826269 0.449771 0.186810 -0.527718 0.828623 -0.922017 0.196962 0.333303
-38.695204 -69.308210 -6064.071956 2945.216316 0.419204 0.836026 0.354018 0.492614 -0.536995 0.684813 -0.762627 0.112682 0.636948
-51.213592 -70.485389 112.512374 -5843.274125 0.576309 0.685799 0.444464 0.208582 -0.649287 0.731382 -0.790165 0.328794 0.517236
-16.487336 -68.754780 -13321.914636 8002.913297 0.303974 0.844526 0.440880 0.461086 -0.535383 0.707647 -0.833666 0.011823 0.552142
11.360580 -57.014097 -760.389379 6129.391157 0.174400 0.975238 -0.136000 0.217027 0.096650 0.971369 -0.960460 0.198922 0.194797
12.378623 -56.911993 -163.131737 5343.165858 0.233731 0.969179 -0.077859 0.131452 0.047844 0.990167 -0.963374 0.241667 0.116218
9.210249 -45.671120 144.630759 4076.766725 0.217922 0.966114 -0.138324 0.269404 0.076676 0.959970 -0.938047 0.246464 0.243565
7.861553 -41.569771 -45.465695 4980.010345 0.159688 0.964109 -0.212118 0.359206 0.143396 0.922176 -0.919495 0.223454 0.323415
-2.127336 -101.259124 -189.850411 -10524.857281 -0.645590 0.761191 -0.061657 -0.752582 -0.647845 -0.117975 0.129746 0.029762 -0.991101
0.337319 -172.536092 772.806283 36404.814949 -0.652167 0.756987 -0.040608 0.758004 0.651902 -0.021279 0.010364 -0.044659 -0.998949
-4.348762 -95.131262 177.036734 -10471.167861 -0.665824 0.744331 -0.051478 -0.722699 -0.660543 -0.203442 0.185432 0.098254 -0.977733
0.091170 -147.353601 -1540.715436 23560.331915 -0.644788 0.760435 -0.077375 0.764257 0.639709 -0.081755 -0.012672 -0.111849 -0.993644
-1.190549 -85.501716 -553.959633 -8552.098037 -0.636532 0.768867 -0.060579 -0.746742 -0.634045 -0.200908 0.192882 0.082648 -0.977735
3.022174 -134.645658 -1052.829212 23687.896309 -0.608827 0.790239 -0.069653 0.792641 0.609556 -0.012726 0.032401 -0.062957 -0.997490
-4.866908 -75.178348 78.370114 -2984.929721 -0.684398 0.726582 -0.060648 -0.677083 -0.664218 -0.316816 0.270477 0.175765 -0.946546
-5.209294 -55.855039 -225.259242 -4511.783869 -0.532433 0.830851 -0.161869 -0.642258 -0.271963 0.716617 -0.551380 -0.485513 -0.678423
-2.578362 -49.891678 29.135848 -2486.863679 -0.509348 0.838528 -0.193481 -0.710483 -0.282894 0.644348 -0.485570 -0.465662 -0.739852
-2.903355 -57.969452 -311.180196 -4499.166986 -0.553232 0.817475 -0.160215 -0.632405 -0.286968 0.719523 -0.542216 -0.499384 -0.675735
-4.489161 -120.785511 -278.168827 4372.736116 -0.445069 0.878316 -0.174570 0.894664 0.444527 -0.044407 0.038598 -0.175945 -0.983643
-4.940261 -107.040390 -548.341910 -394.630786 -0.426846 0.887381 -0.174234 -0.892482 -0.444441 -0.077118 0.145870 -0.122583 -0.981680
-5.427311 -112.143925 110.996316 -2837.194752 -0.416525 0.893276 -0.169012 -0.868232 -0.445984 -0.217419 0.269592 -0.056181 -0.961335
-4.528440 -117.154422 202.975472 -2524.633152 -0.408715 0.895540 -0.175954 -0.875080 -0.439288 -0.203126 0.259202 -0.070953 -0.963213
-3.390310 -96.166851 -2482.153916 1615.377420 0.700193 -0.712516 -0.045292 0.197469 0.132309 0.971339 0.686102 0.689069 -0.233342
-8.527542 -95.691677 1662.285360 -4080.015867 -0.688304 0.724396 0.038579 -0.219419 -0.157207 -0.962882 0.691442 0.671221 -0.267152
-5.456023 -101.407351 -2559.199548 3576.333714 0.700945 -0.710825 -0.058342 0.341242 0.262417 0.902603 0.626283 0.652583 -0.426503
12.711274 -86.699850 -2805.079642 18815.176988 -0.320306 0.947313 -0.001466 -0.628146 -0.211230 0.748875 -0.709110 -0.240790 -0.662709
8.945100 -101.438158 -1885.855544 10196.863598 -0.394668 0.916594 0.063971 -0.759962 -0.364770 0.537960 -0.516425 -0.163700 -0.840540
12.929654 -81.942480 -3293.921734 13216.633952 -0.322797 0.946040 0.028461 -0.720839 -0.265221 0.640350 -0.613346 -0.186187 -0.767555
10.780095 -88.262387 -2236.072340 4874.939473 -0.374348 0.923615 0.082457 -0.807856 -0.368495 0.459978 -0.455227 -0.105579 -0.884094
20.761684 -57.928101 -3643.550973 11582.470137 -0.198670 0.978724 -0.051276 -0.668123 -0.096973 0.737705 -0.717037 -0.180818 -0.673174
16.716269 -64.220172 -1940.334614 7211.033430 -0.237864 0.970306 0.043906 -0.775924 -0.217015 0.592322 -0.584262 -0.106824 -0.804504
-3.523812 -166.787174 750.837494 15857.979484 -0.597983 0.799681 0.054089 -0.205269 -0.218030 0.954111 -0.774778 -0.559440 -0.294528
-5.702600 -182.919053 2213.012936 21371.039364 -0.589128 0.806883 0.043230 -0.101328 -0.126848 0.986733 -0.801661 -0.576932 -0.156489
-2.762050 -150.770245 714.743648 16737.658762 -0.603722 0.795111 0.057609 0.027863 -0.051174 0.998301 -0.796708 -0.604301 -0.008741
-1.478386 -151.381665 285.623761 16557.186140 -0.595626 0.801102 0.058867 0.022625 -0.056525 0.998145 -0.802943 -0.595853 -0.015543
-1.409647 -122.469389 628.446162 9636.541335 -0.607357 0.792604 0.053824 0.206806 0.092328 0.974016 -0.767039 -0.602706 0.219991
-11.528531 -91.054006 -116.857774 -1728.051941 -0.398095 0.916819 -0.031053 -0.304869 -0.164153 -0.938141 0.865203 0.364002 -0.344858
-11.691882 -87.628003 -261.573188 -2094.107047 -0.380846 0.924556 -0.012328 -0.136773 -0.069516 -0.988160 0.914467 0.374651 -0.152929
-10.315368 -92.318219 -709.827730 -2728.521216 -0.352669 0.935430 -0.024397 -0.214820 -0.106310 -0.970850 0.910756 0.337148 -0.238441
-9.837386 -95.131543 -563.416536 -666.638282 -0.363826 0.930127 -0.049948 -0.401569 -0.205009 -0.892588 0.840460 0.304689 -0.448098
-10.635276 -92.648710 -211.626079 -164.902439 -0.396807 0.916500 -0.050721 -0.487781 -0.257354 -0.834170 0.777569 0.306263 -0.549171
-11.899171 -91.370430 365.748995 -15.007243 -0.434326 0.900265 -0.029721 -0.442007 -0.241760 -0.863818 0.784851 0.362042 -0.502926
-8.739282 -133.975803 -2220.068917 -1233.040019 -0.693868 0.710921 -0.114625 0.669194 0.695379 0.261969 -0.265947 -0.105065 0.958245
-8.724046 -129.201881 -1340.316194 -723.208537 -0.694244 0.706760 -0.136070 0.618666 0.682601 0.388985 -0.367800 -0.185868 0.911140
-5.369204 -130.741233 -2358.460361 -4644.738398 -0.679664 0.728663 -0.084309 0.583494 0.606718 0.539841 -0.444513 -0.317716 0.837535
-5.293148 -140.074283 -1341.878294 -3111.772582 -0.672066 0.730456 -0.121497 0.694854 0.678810 0.237475 -0.255938 -0.075177 0.963766
5.971990 -25.735124 695.567122 221.554153 -0.403106 0.774336 0.487759 -0.175954 -0.588615 0.789033 -0.898079 -0.232241 -0.373522
5.656963 -23.651964 -243.804337 -112.002849 -0.463752 0.653100 0.598661 0.098623 0.709571 -0.697698 -0.880459 -0.264517 -0.393476
1.179999 -29.543425 -11.817097 3570.357110 -0.432339 0.752650 0.496590 -0.180367 -0.611773 0.770196 -0.883488 -0.243417 -0.400246
0.827587 -33.961458 251.965417 3846.770519 -0.367423 0.857520 0.360083 -0.271601 -0.469216 0.840279 -0.889513 -0.210939 -0.405304
4.193889 -29.845154 1357.202966 1260.250961 -0.356352 0.855933 0.374689 -0.239691 -0.471338 0.848757 -0.903084 -0.212647 -0.373122
8.132181 -24.799601 -130.930559 144.799938 -0.420797 0.766846 0.484641 -0.104518 -0.571669 0.813800 -0.901114 -0.291791 -0.320706
-534.407966 -4764.885032 140571.667916 2334156.961500 0.604856 -0.663411 0.440495 -0.570172 0.025374 0.821134 0.555926 0.747825 0.362910
241.461209 87.679151 4237971.771988 206424.469014 -0.123701 0.832294 0.540357 -0.759427 0.271100 -0.591418 0.638724 0.483521 -0.598531
-612.827714 -2159.637050 -130021.017623 1867511.748874 0.442876 -0.684601 0.578950 0.891038 0.264370 -0.368999 0.099560 0.679287 0.727088
1.136617 -44.002442 -1710.505055 1526.104530 -0.667802 0.743221 -0.040778 -0.625788 -0.590261 -0.509883 0.403025 0.314983 -0.859277
-0.153745 -51.470396 1330.881502 1854.654683 -0.705396 0.707683 -0.040027 -0.589718 -0.617268 -0.520781 0.393255 0.343751 -0.852752
-1.006505 -49.659975 -1163.404684 797.061281 -0.738808 0.665266 -0.107627 -0.474947 -0.627299 -0.617189 0.478109 0.404867 -0.779419
-12.583717 -44.952260 381.828326 -1487.446398 -0.445203 0.874384 0.192996 -0.795458 -0.485166 0.363125 -0.411145 -0.008144 -0.911533
-13.791301 -43.917440 153.492570 -684.905882 -0.477708 0.864770 0.154817 -0.796816 -0.500714 0.338187 -0.369973 -0.038194 -0.928257
-13.482114 -43.425038 -333.103828 -1189.544759 -0.449589 0.883823 0.129333 -0.779577 -0.458928 0.426198 -0.436038 -0.090789 -0.895337
115.245289 -272.252010 -15531.010400 -39938.650018 0.001203 0.989619 0.143707 -0.852451 -0.074117 0.517527 -0.522806 0.123126 -0.843513
115.751432 -823.491312 -18809.690645 -247918.574912 0.146526 0.951564 0.270288 -0.722476 -0.083694 0.686311 -0.675691 0.295840 -0.675219
116.695231 -447.086556 -17745.630682 -117589.868179 -0.081381 0.988575 0.126876 -0.686224 -0.147896 0.712197 -0.722824 0.029106 -0.690419
128.903955 -355.676503 -11042.071782 -84631.479848 0.210598 0.931509 0.296545 -0.896371 0.062959 0.438811 -0.390086 0.358227 -0.848237
-54.471050 -81.020221 283.815836 3838.830285 0.057314 0.989897 0.129689 0.957641 -0.017792 -0.287413 0.282202 -0.140668 0.948986
-51.766764 -74.990178 598.754761 3992.817948 0.353113 0.932626 -0.074290 0.874042 -0.357168 -0.329365 0.333709 -0.051371 0.941275
125.658030 -84.769531 4823.839972 1016.935211 -0.120117 0.882872 0.453993 -0.441625 0.362046 -0.820908 0.889123 0.299100 -0.346410
100.434307 -68.504962 15196.127154 7335.618624 -0.429780 0.778330 0.457703 -0.361078 0.316462 -0.877197 0.827594 0.542268 -0.145029
104.668875 -68.463018 14168.569337 -50.818593 -0.279004 0.777174 0.564054 -0.531393 0.364299 -0.764793 0.799861 0.513115 -0.311344
142.007918 -93.181900 1708.246352 -3636.108908 0.074355 0.925268 0.371956 -0.482562 0.359795 -0.798550 0.872700 0.120115 -0.473251
137.885153 -85.933358 -4200.540154 -1248.346629 0.093936 0.937717 0.334459 -0.306154 0.346874 -0.886537 0.947336 0.019118 -0.319670
137.252841 -98.019774 10282.269040 -6698.803975 -0.038506 0.855163 0.516927 -0.613621 0.388050 -0.687667 0.788661 0.343677 -0.509804
-61.977945 -83.921756 -177.349589 7373.097416 0.737222 -0.140892 0.660797 0.369225 -0.735056 -0.568653 -0.565841 -0.663206 0.489879
-59.646517 -64.187624 174.475734 14852.030254 0.755040 -0.113541 0.645773 0.469388 -0.594074 -0.653262 -0.457809 -0.796357 0.395255
-29.474725 -58.153968 21413.166270 605.080298 0.364402 -0.444032 -0.818564 0.799783 -0.301045 0.519344 -0.477030 -0.843924 0.245428
5.527158 -39.306157 -604.170619 -1656.631357 -0.363053 0.094228 -0.926992 -0.238813 0.952232 0.190324 0.900644 0.290476 -0.323208
1.575197 -37.422152 -783.603197 -6156.800985 -0.354966 0.074777 -0.931884 -0.104208 0.987419 0.118927 0.929053 0.139325 -0.342708
1.980640 -37.496347 -1168.149870 -4800.520702 -0.372501 0.235333 -0.897698 -0.135328 0.943199 0.303417 0.918112 0.234507 -0.319495
-1.809897 -23.354393 -1305.571195 -3290.865969 -0.324588 -0.027465 -0.945457 -0.090119 0.995929 0.002008 0.941553 0.085856 -0.325742
-2.843705 -31.003400 -1269.863943 -5319.837952 -0.360291 0.170970 -0.917038 -0.072714 0.974922 0.210330 0.930002 0.142462 -0.338824
1.215613 -43.741085 1498.234084 683.517908 0.717625 0.662162 -0.215766 0.695356 -0.698457 0.169228 0.038647 0.271477 0.961669
-3.006050 -41.472164 1463.088825 1803.604466 0.720275 0.659452 -0.215238 0.692514 -0.665517 0.278408 -0.040352 0.349585 0.936035
0.814566 -44.806603 -407.850316 90.981402 0.447215 0.743865 -0.496653 -0.758112 0.609902 0.230837 -0.474621 -0.273285 -0.836690
2.730685 -47.775919 -684.473482 320.050914 0.466909 0.730776 -0.497958 -0.765623 0.615845 0.185896 -0.442513 -0.294452 -0.847042
7.209962 -86.565746 673.562078 -1079.982772 0.607224 0.703717 -0.368865 0.782352 -0.448598 0.432071 0.138584 -0.550946 -0.822954
6.055955 -81.152454 -41.893054 -1434.287530 0.609721 0.683889 -0.400670 0.788060 -0.468934 0.398826 0.084866 -0.558924 -0.824864
9.715290 -86.524682 -204.126007 3601.579707 0.625804 0.692378 -0.359141 0.717298 -0.330022 0.613652 0.306355 -0.641637 -0.703171
2.428740 -147.869808 -28.211222 -1853.695954 0.077513 0.992320 0.096398 -0.834357 0.011638 0.551102 -0.545748 0.123147 -0.828851
2.013642 -151.364979 159.564149 -1924.796766 0.056210 0.992565 0.107962 -0.622277 -0.049733 0.781216 -0.780777 0.111094 -0.614855
3.340963 -151.317973 1346.243297 -243.351853 0.095123 0.988140 0.120541 -0.780687 -0.001080 0.624922 -0.617641 0.153549 -0.771325
3.316829 -137.249011 -19.473370 -3515.784232 0.112243 0.990843 0.075042 -0.955221 0.086784 0.282881 -0.273779 0.103433 -0.956215
2.872104 -150.998002 60.648538 -780.488799 0.115311 0.989139 0.091148 -0.921100 0.072125 0.382588 -0.371858 0.128073 -0.919412
4.483692 -84.600788 2507.594645 -3133.600925 0.041170 0.975142 0.217722 0.595016 -0.198982 0.778693 -0.802659 -0.097490 0.588417
2.387590 -78.615266 262.103991 -3374.556579 0.047309 0.966984 0.250407 0.520981 -0.237776 0.819781 -0.852256 -0.091674 0.515029
1.611404 -86.043816 361.474482 -6739.448713 0.034539 0.973991 0.223941 0.646132 -0.192708 0.738496 -0.762444 -0.119189 0.635983
4.448549 -96.221790 1929.045554 -7794.391639 0.026496 0.979551 0.199445 0.731691 -0.154945 0.663793 -0.681122 -0.128345 0.720834
8.489952 -100.499105 3000.728686 -5524.713572 0.015698 0.976848 0.213358 0.691946 -0.164648 0.702924 -0.721779 -0.136598 0.678510
7.983604 -90.609340 2076.647664 -527.905927 0.026162 0.969362 0.244239 0.525906 -0.221126 0.821295 -0.850140 -0.106960 0.515579
-5.598660 -56.076131 486.150588 570.412442 0.549700 0.761409 -0.343637 0.746050 -0.262402 0.612009 0.375818 -0.592792 -0.712292
-5.466236 -59.231678 1331.660781 2301.023557 0.525395 0.776243 -0.348435 0.772398 -0.263360 0.577964 0.356877 -0.572790 -0.737937
-5.487157 -58.880165 187.960898 545.603870 0.539075 0.750844 -0.381617 0.739077 -0.204400 0.641861 0.403936 -0.628055 -0.665118
-6.481522 -60.518980 788.817524 2412.326326 0.517392 0.760718 -0.391935 0.794210 -0.256320 0.550935 0.318646 -0.596329 -0.736788
10.333275 -146.237644 -1050.046375 -8082.903500 0.116205 0.971377 0.207180 0.324463 -0.234275 0.916427 -0.938733 0.039272 0.342400
-18.299570 -87.636464 -701.903727 1861.293826 0.131477 0.940647 0.312885 -0.703763 0.310855 -0.638817 0.698163 0.136207 -0.702863
-16.938233 -89.457682 148.089931 1478.179763 0.148603 0.944282 0.293681 -0.689465 0.311828 -0.653759 0.708911 0.105332 -0.697389
-18.031617 -85.348186 -372.712072 -52.121745 0.133487 0.944134 0.301319 -0.815942 0.277269 -0.507307 0.562512 0.178139 -0.807370
-18.007050 -91.113720 -927.867233 2229.902720 0.146576 0.944175 0.295041 -0.548274 0.325800 -0.770227 0.823354 0.048867 -0.565421
-17.209290 -83.448983 253.995800 217.318627 0.099039 0.933794 0.343833 -0.826421 0.269652 -0.494284 0.554274 0.235197 -0.798412
-17.888085 -92.035975 -1040.012290 3352.709060 0.122581 0.941409 0.314202 -0.564515 0.326524 -0.758093 0.816270 0.084444 -0.571466
-8.058954 -99.850507 518.853961 -1254.225968 0.115683 0.949020 0.293222 -0.725470 -0.120912 0.677549 -0.678462 0.291105 -0.674498
-4.234778 -102.844605 877.745041 -345.358296 0.106844 0.940858 0.321513 -0.558566 -0.210716 0.802249 -0.822550 0.265301 -0.503018
-4.425857 -99.357960 964.743055 -1966.146074 0.099721 0.934796 0.340898 -0.712981 -0.171848 0.679798 -0.694056 0.310844 -0.649356
4.864524 -152.899733 -602.216478 3290.283653 -0.276897 0.031583 -0.960380 0.659356 0.733278 -0.165991 0.698983 -0.679195 -0.223867
1.233332 -151.740696 -1262.441875 4160.802049 -0.266841 0.023619 -0.963451 0.650902 0.741654 -0.162095 0.710719 -0.670366 -0.213277
-16.748058 -45.679255 3044.059499 151.242591 -0.654835 0.706599 -0.268157 0.716711 0.693179 0.076343 -0.239825 0.142199 0.960346
-8.740474 -44.966486 -5790.875164 36.159645 0.595899 -0.739996 0.311945 0.781390 0.623916 -0.012611 -0.185296 0.251266 0.950016
-13.713639 -45.653217 -5151.283233 -273.913688 0.575236 -0.759609 0.303476 0.810913 0.578252 -0.089694 -0.107353 0.297688 0.948608
15.752878 -555.280868 -2599.253517 127384.355516 -0.434330 -0.119717 -0.892763 0.211644 0.949818 -0.230332 0.875537 -0.288988 -0.387197
20.362921 -444.729627 -1303.374789 -19444.423506 -0.417713 0.096583 -0.903431 0.239540 0.970861 -0.006963 0.876434 -0.219317 -0.428677
305.298750 -5045.661281 73592.834024 2184278.976290 -0.358928 0.136523 -0.923327 0.442794 0.895745 -0.039684 0.821647 -0.423087 -0.381959
-16.798873 -40.622126 1912.729492 -3018.132063 -0.516170 0.527243 -0.674970 -0.406152 0.543147 0.734868 0.754062 0.653457 -0.066215
-12.099505 -38.489305 1898.552292 2351.460157 -0.600601 0.583545 -0.546584 0.271573 -0.494086 -0.825910 0.752015 0.644479 -0.138273
-9.803400 -47.467642 1302.230783 3280.548393 -0.572196 0.557544 -0.601445 0.410540 -0.440136 -0.798585 0.709964 0.703864 -0.022950
-11.841193 -52.739859 -607.099340 4888.002188 0.421339 -0.467093 0.777366 0.575516 -0.524744 -0.627236 0.700896 0.711665 0.047725
-3.875213 -102.331049 -719.641577 3947.701762 0.223998 0.923827 0.310434 0.879069 -0.053993 -0.473626 0.420787 -0.378984 0.824202
-4.131039 -95.543440 -1322.881225 4870.699776 0.223835 0.919632 0.322761 0.883554 -0.051690 -0.465467 0.411375 -0.389365 0.824115
10.544161 -398.566566 166.699572 -87335.716038 0.245270 0.961113 0.126902 0.969437 -0.243949 -0.026088 0.005884 0.129422 -0.991572
-18.114267 -51.545909 3315.360486 5310.093706 0.127358 0.838825 -0.529295 0.047481 -0.538184 -0.841489 0.990720 -0.082039 0.108370
-1.192108 -59.102449 -947.221829 -658.364400 0.365845 0.882106 -0.296726 0.123403 0.270036 0.954910 -0.922458 0.385966 0.010064
-23.058444 -50.784656 -4537.472319 -5363.824279 0.356191 0.923342 0.143411 0.067786 -0.178606 0.981583 -0.931951 0.339910 0.126207
-14.999705 -69.108818 -7008.872323 -11580.352622 0.319699 0.881910 0.346449 0.044990 -0.379354 0.924157 -0.946450 0.279866 0.160956
129.369139 -104.220660 14325.944002 -9510.632190 -0.065770 0.737226 0.672438 -0.805929 0.358098 -0.471427 0.588347 0.572943 -0.570600
113.666601 -116.045367 13795.161730 6259.252760 -0.079681 0.631800 0.771025 0.930361 -0.230564 0.285078 0.357883 0.740046 -0.569431
140.174174 -119.497144 5747.611313 1110.587995 0.073025 0.831480 0.550734 0.918583 -0.271140 0.287558 0.388424 0.484896 -0.783583
123.911849 -117.459974 -610.454731 -11219.521644 0.151121 0.901041 0.406557 0.983652 -0.177816 0.028456 0.097932 0.395610 -0.913182
135.518045 -125.004079 -9012.155241 3140.599188 0.230665 0.937209 0.261598 -0.916924 0.299336 -0.263911 0.325646 0.178991 -0.928395
3.061571 -152.535165 1779.860731 -6443.025045 0.667095 -0.736803 0.110026 0.743878 0.666813 -0.044788 -0.040367 0.111724 0.992919
-1.748176 -149.182879 -1148.297821 -4582.250307 -0.668601 0.733932 -0.119652 0.736768 0.675602 0.027092 -0.100721 0.070042 0.992446
1.251879 -140.182081 -1688.762758 -12354.659714 -0.669248 0.735179 -0.107791 0.688259 0.668019 0.282931 -0.280012 -0.115163 0.953064
-1.516961 -151.035472 2482.510559 -1703.018242 0.664142 -0.741147 0.098063 0.731268 0.616743 -0.291333 0.155441 0.265197 0.951582
4.737759 -141.320419 -848.705292 -7701.630119 -0.672709 0.730216 -0.119363 0.707303 0.682003 0.185993 -0.217221 -0.040693 0.975274
5.543166 -147.341969 161.701430 -3028.014483 0.671286 -0.729776 0.129626 0.741193 0.660251 -0.121252 0.002902 0.177472 0.984121
4.687395 -156.657865 1688.893641 2100.504983 0.664713 -0.740561 0.098617 0.707758 0.581931 -0.400544 0.239239 0.336045 0.910955
-4.528142 -99.732314 130.955300 -9703.038244 -0.682815 0.729628 -0.037508 -0.714796 -0.677790 -0.172241 0.151095 0.090798 -0.984340
1.273616 -196.528644 -175.164569 39626.323437 -0.648321 0.759808 -0.048708 0.746604 0.621910 -0.236240 -0.149205 -0.189525 -0.970473
1.078517 -241.462148 -618.156886 47883.886369 -0.673980 0.737823 -0.036977 0.704185 0.626510 -0.334078 -0.223324 -0.251201 -0.941820
-2.354960 -174.784652 -127.584793 33877.751358 -0.683903 0.728767 -0.034299 0.729453 0.682179 -0.050303 -0.013261 -0.059422 -0.998145
359.310240 -28.289047 -100541.585906 -5404.074310 -0.186600 -0.802702 -0.566437 0.881760 -0.391082 0.263729 -0.433219 -0.450249 0.780767
216.682821 -17.001548 61455.593921 -5195.160745 0.148926 0.824487 0.545933 0.825613 -0.407526 0.390239 -0.544228 -0.392613 0.741398
324.875433 -31.711627 114295.295055 -5298.377183 0.239098 0.885215 0.399032 0.822441 -0.403081 0.401393 -0.516162 -0.232208 0.824413
231.040825 -48.599567 80469.682385 -4056.870081 0.141750 0.935954 0.322330 0.917067 -0.246755 0.313209 -0.372686 -0.251201 0.893310
449.364537 -49.921390 -130817.868266 480.849067 -0.114574 -0.735894 -0.667332 0.950083 -0.277405 0.142787 -0.290198 -0.617662 0.730944
1481.268846 -40.427494 -478016.590632 -14775.173256 -0.300931 -0.263495 -0.916521 0.878681 -0.450119 -0.159100 -0.370622 -0.853207 0.366983
-1.555523 -50.766190 -120.670441 -2338.773941 -0.515597 0.833485 -0.198651 -0.712569 -0.288356 0.639606 -0.475820 -0.471332 -0.742591
-0.409343 -42.928541 -462.801312 1612.164221 -0.486931 0.843351 -0.227285 0.783356 0.306569 -0.540711 -0.386330 -0.441334 -0.809922
4.009520 -75.166260 -253.528652 -7574.781971 -0.658384 0.749450 -0.069678 0.719945 0.600040 -0.348758 -0.219567 -0.279781 -0.934619
4.885691 -85.631691 398.680268 -3868.092980 -0.614013 0.785809 -0.074113 0.788902 0.608028 -0.089086 -0.024942 -0.113167 -0.993263
4.834319 -92.119790 1513.583663 -5036.185277 -0.638590 0.768277 -0.044193 0.766198 0.629409 -0.129559 -0.071722 -0.116596 -0.990586
-4.276145 -96.127282 -227.686217 -622.813623 -0.427230 0.891075 -0.153164 -0.895916 -0.440024 -0.060934 0.121693 -0.111189 -0.986320
-3.555184 -105.509965 -367.486383 526.402128 -0.450163 0.879382 -0.155053 0.891508 0.432760 -0.133910 -0.050658 -0.198513 -0.978788
-5.187405 -100.422103 161.924199 2534.250984 -0.457870 0.879885 -0.127112 0.889019 0.453254 -0.064850 0.000554 -0.142698 -0.989766
-5.487917 -94.679933 8.462529 -1777.458272 -0.431392 0.892823 -0.129491 -0.879505 -0.448169 -0.160049 0.200930 -0.044844 -0.978579
-11.273873 -96.461962 1092.510441 -3490.340934 -0.667328 0.744251 0.027656 -0.251294 -0.190054 -0.949068 0.701089 0.640289 -0.313854
-10.490580 -92.093943 1517.034451 -2019.571904 -0.679079 0.733892 0.015934 -0.085669 -0.057675 -0.994653 0.729049 0.676813 -0.102038
-12.970728 -89.274352 843.615076 -3393.373792 -0.654901 0.755642 0.010468 -0.118173 -0.088717 -0.989022 0.746418 0.648949 -0.147398
-13.448921 -91.392842 -308.561430 -4465.113889 -0.629562 0.776950 0.001138 -0.218059 -0.175287 -0.960065 0.745723 0.604668 -0.279775
-13.160856 -95.896576 -487.705627 -2434.471988 -0.612787 0.790144 0.012829 -0.381448 -0.281532 -0.880476 0.692091 0.544437 -0.473918
8.990544 -115.956462 187.098485 13216.169779 -0.391187 0.918161 0.062874 -0.716486 -0.346715 0.605340 -0.577599 -0.191753 -0.793480
-13.833185 -82.166771 -108.850485 381.171200 -0.422845 0.906201 -0.001056 0.178318 0.082063 -0.980545 0.888484 0.414807 0.196292
-12.615431 -84.249196 -145.395031 -1495.947480 -0.395191 0.918597 0.001696 0.024523 0.012395 -0.999622 0.918271 0.395000 0.027426
-13.558010 -84.255974 -226.537894 -1700.686926 -0.422350 0.906298 -0.015610 0.013404 -0.010976 -0.999850 0.906334 0.422496 0.007512
-14.074058 -138.912179 -404.282244 4925.427383 0.703824 -0.676802 0.215802 0.655312 0.735854 0.170541 -0.274221 0.021387 0.961429
-12.052407 -137.059802 358.941922 2844.226582 0.698062 -0.694360 0.174852 0.643747 0.715511 0.271356 -0.313527 -0.076863 0.946463
-14.929987 -134.092587 804.850930 3148.790601 0.702781 -0.685566 0.189995 0.697789 0.716295 0.003551 -0.138527 0.130081 0.981779
-14.169865 -141.112781 -278.824885 11162.946088 0.687709 -0.685745 0.238351 0.717169 0.692714 -0.076265 -0.112810 0.223386 0.968180
-15.008141 -131.936865 -52.068448 3230.778142 0.671946 -0.705397 0.225619 0.739762 0.624791 -0.249777 0.035227 0.334741 0.941652
1.488656 -25.490346 -1152.269778 -2596.036883 -0.476852 0.659547 0.581043 0.127843 0.706051 -0.696526 -0.869637 -0.257857 -0.421000
6.102271 -257.901010 -752.092053 -18297.071327 -0.435538 0.884311 -0.168227 0.628154 0.432432 0.646858 -0.644770 -0.176059 0.743825
4.008310 -353.504780 2163.593620 -15783.619594 -0.431305 0.882134 -0.189250 0.575261 0.430481 0.695529 -0.695018 -0.191116 0.693126
3.197118 -261.469304 -998.094217 25309.186874 -0.412739 0.894424 -0.172196 0.432941 0.358973 0.826862 -0.801379 -0.266728 0.535395
3.982270 -56.171342 2202.077203 2451.961931 -0.686266 0.727147 -0.017188 -0.634442 -0.609995 -0.474753 0.355700 0.314902 -0.879951
3.841732 -59.397684 3079.098679 882.139151 -0.734707 0.676155 -0.054961 -0.516596 -0.610158 -0.600697 0.439699 0.412943 -0.797586
1.279160 -55.792365 1744.235517 1214.928805 -0.760205 0.643856 -0.086820 -0.459385 -0.627209 -0.628947 0.459406 0.438245 -0.772585
-2.978869 -59.901740 604.198317 678.195864 -0.595894 0.802862 0.017992 0.146232 0.086450 0.985466 -0.789637 -0.589864 0.168919
-3.115432 -56.446915 -28.795730 931.758997 -0.587526 0.807208 0.056818 0.177954 0.060389 0.982184 -0.789396 -0.587169 0.179126
-3.487611 -61.069865 435.937415 548.193579 -0.594306 0.804223 -0.004951 0.019192 0.020336 0.999609 -0.804010 -0.593979 0.027521
1.163781 -619.228910 7766.042940 184694.986801 0.083354 0.964703 0.249801 0.665248 -0.240506 0.706825 -0.741955 -0.107263 0.661814
-0.343923 -159.948521 3800.882751 22930.660334 -0.018139 0.993986 0.107991 0.847214 -0.042075 0.529583 -0.530942 -0.101097 0.841356
28.670280 -318.700536 3113.117758 67988.477135 -0.052742 0.993478 0.101095 0.596055 -0.049905 0.801391 -0.801209 -0.102525 0.589536
-11.315729 -151.847823 1642.982244 26709.905333 0.049866 0.977588 0.204534 0.876630 -0.140970 0.460052 -0.478574 -0.156360 0.864013
45.767116 -341.013105 2452.700679 59096.883849 0.051221 0.983682 0.172469 0.295222 -0.179892 0.938340 -0.954055 -0.002854 0.299619
62.576910 -398.433410 -8146.717812 107139.701493 0.249164 0.883524 0.396613 0.445134 -0.468186 0.763320 -0.860100 0.013646 0.509942
-4.643987 -176.304528 -1751.664024 35994.403618 0.180403 0.914873 0.361195 0.754710 -0.364246 0.545654 -0.630768 -0.174160 0.756175
4.498573 -425.024510 3440.445360 120013.385069 -0.434558 0.899222 0.050588 -0.380316 -0.132296 -0.915346 0.816406 0.417011 -0.399479
