14576
29144
-39.112735 -56.189005 -1573.552341 7510.078393 0.435249 0.896259 -0.085312 0.702085 -0.397209 -0.591018 0.563592 -0.197344 0.802135
-42.940100 -68.321028 -142.406827 7668.655808 0.407521 0.909366 -0.083545 0.778981 -0.393913 -0.487874 0.476565 -0.133739 0.868907
-44.112521 -74.742163 -2004.614065 9952.924820 0.108759 0.977655 0.179895 0.881016 -0.010981 -0.472959 0.460416 -0.209929 0.862524
-41.094423 -63.569481 -145.933808 6037.017904 0.564625 0.768617 -0.300710 0.620521 -0.635556 -0.459372 0.544199 -0.072776 0.835794
-31.677964 -56.360425 -4034.728529 10335.076328 0.264057 0.949871 0.167388 0.779051 -0.107729 -0.617636 0.568642 -0.293495 0.768445
-31.381177 -43.272454 526.082871 -3637.560415 0.667025 0.672641 -0.320361 -0.422359 0.695616 0.581146 0.613751 -0.252332 0.748090
-34.747860 -48.766801 416.184976 -2505.270240 0.710984 0.512345 -0.481669 -0.319577 0.845552 0.427682 0.626397 -0.150145 0.764907
-45.030493 -70.465209 -339.977377 -859.472878 -0.579761 -0.237267 0.779475 0.602407 -0.768969 0.213992 0.548619 0.593626 0.588749
-46.810534 -70.440758 -296.611597 -2282.339092 -0.564068 -0.281769 0.776166 0.700474 -0.661000 0.269100 0.437221 0.695475 0.570221
-47.208168 -72.643865 561.600658 -1200.221553 -0.624509 -0.333172 0.706388 0.634300 -0.744065 0.209836 0.455687 0.579107 0.676006
-44.033028 -69.137838 -1574.835186 -614.104914 -0.506443 -0.165203 0.846300 0.669633 -0.693687 0.265310 0.543237 0.701075 0.461938
-43.044464 -68.227990 2078.871498 -73.634367 0.528560 0.102594 -0.842674 -0.541226 0.805478 -0.241414 0.653987 0.583678 0.481269
-42.774210 -65.788771 3428.241027 2763.383228 0.699537 0.705910 0.111078 -0.653565 0.694872 -0.300009 0.288965 -0.137271 -0.947447
-41.565885 -70.331711 347.643596 -1704.085814 0.653199 0.756397 -0.034568 0.703300 -0.589166 0.397810 0.280536 -0.284161 -0.916816
-44.789003 -67.345250 294.392794 -268.092471 0.557907 0.828559 -0.047218 -0.810116 0.531372 -0.247704 0.180147 -0.176447 -0.967685
-41.580832 -63.419637 1594.926996 1526.968165 0.612762 0.772430 0.166958 -0.739190 0.634941 -0.224604 0.279500 -0.014215 -0.960041
-41.171459 -71.694635 -311.069474 6146.307307 0.640947 0.753077 0.148531 -0.687912 0.649409 -0.324105 0.340534 -0.105558 -0.934288
-45.376160 -63.650501 3587.656047 -444.557705 0.596390 0.798700 0.079982 -0.774933 0.598877 -0.202054 0.209280 -0.058523 -0.976103
-19.716165 -71.139091 -8195.050973 -5436.064328 0.114657 -0.224634 0.967674 -0.404371 0.879191 0.252007 -0.907380 -0.420194 0.009970
-1.463358 -53.387282 -6785.438076 -6450.568679 0.024969 -0.074150 0.996934 -0.498486 0.863497 0.076710 -0.866538 -0.498873 -0.015403
-12.270468 -57.006531 -10407.770559 -5472.372855 -0.043429 0.025161 0.998740 -0.583559 0.810778 -0.045801 -0.810909 -0.584813 -0.020529
13.760983 -43.433598 -17918.901540 -430.557735 -0.307820 0.333463 0.891094 -0.617554 0.642451 -0.453745 -0.723791 -0.689971 0.008172
-26.549301 -60.778745 -12402.180985 -5934.645273 -0.064904 0.119996 0.990651 -0.680257 0.721007 -0.131902 -0.730094 -0.682458 0.034832
-18.112081 -52.107425 -4262.976222 53.315181 0.528019 0.566091 -0.633038 -0.357843 -0.527704 -0.770375 0.770159 -0.633301 0.076065
-17.261314 -51.912440 -2949.664289 352.888195 0.521488 0.551681 -0.650921 0.263354 0.621554 0.737777 0.811600 -0.556165 0.178845
-11.156123 -50.103916 -4025.859905 1030.687539 0.572661 0.577227 -0.582124 -0.337372 -0.481232 -0.809071 0.747154 -0.659716 0.080843
-14.845722 -67.963025 -1545.386234 -7606.586246 0.432337 0.853438 -0.291080 0.631083 -0.055809 0.773705 -0.644065 0.518197 0.562719
-13.680260 -69.222350 -1328.300253 -458.771790 0.438588 0.854460 -0.278458 0.592219 -0.041742 0.804695 -0.675956 0.517838 0.524335
-11.185776 -66.743372 -1261.823863 -7006.176913 0.433109 0.863184 -0.259480 0.623831 -0.079281 0.777527 -0.650577 0.498626 0.572819
5.223965 -51.310864 1339.271859 -32.722183 0.605072 0.770652 -0.199957 0.316744 -0.463422 -0.827595 0.730452 -0.437420 0.524503
5.654549 -52.078942 1697.818873 591.959594 0.596633 0.779567 -0.190537 0.375376 -0.480945 -0.792328 0.709311 -0.401206 0.579579
3.685841 -52.186892 1814.070318 227.464996 0.602892 0.767145 -0.219111 0.278442 -0.459688 -0.843301 0.747657 -0.447410 0.490748
3.240140 -50.818729 1102.833479 627.093001 0.614463 0.758069 -0.218554 0.162244 -0.392516 -0.905322 0.772083 -0.520828 0.364179
0.813902 -50.827293 1281.842985 457.987114 0.611053 0.752667 -0.245165 0.143933 -0.410193 -0.900569 0.778394 -0.515009 0.358983
0.801672 -180.269175 622.619478 7384.055496 -0.217868 -0.917292 -0.333329 0.975822 -0.198615 -0.091238 0.017488 -0.345147 0.938386
-0.143469 -188.444155 1452.395480 1558.288164 -0.197107 -0.920167 -0.338292 0.968670 -0.235969 0.077444 -0.151088 -0.312429 0.937849
2.817400 -183.128944 -1849.628529 -4180.401507 0.188190 0.921162 0.340655 0.927680 -0.280609 0.246309 -0.322482 -0.269666 0.907351
3.660572 -193.899857 1852.491116 6977.059314 -0.214664 -0.913069 -0.346733 0.971745 -0.235337 0.018112 -0.098136 -0.333048 0.937789
-9.268935 -103.111652 2102.042885 2680.968383 -0.076789 0.927837 0.364997 -0.187047 0.346172 -0.919336 0.979345 0.138866 -0.146967
-7.933383 -103.391656 1316.707260 -102.940707 -0.063093 0.935746 0.346986 0.035130 0.349546 -0.936260 0.997389 0.046882 0.054926
-9.425149 -101.159894 716.487921 2067.170086 -0.044546 0.928599 0.368400 -0.186683 0.354533 -0.916218 0.981410 0.109588 -0.157561
-10.756361 -101.230436 -288.191555 -865.158627 0.007564 0.937239 0.348607 -0.007914 0.348662 -0.937215 0.999940 -0.004330 -0.010055
-9.561747 -100.679511 -1797.829025 1255.132611 0.007396 0.930699 0.365711 -0.233422 0.357224 -0.904381 0.972347 0.078677 -0.219888
1.059903 -57.590288 -2038.276361 2669.296996 0.542464 0.752271 -0.373927 0.781268 -0.288145 0.553708 0.308794 -0.592504 -0.744034
1.747731 -54.181430 -687.766698 2844.476404 0.492655 0.777360 -0.391155 0.810436 -0.246114 0.531621 0.316992 -0.578912 -0.751250
-1.258423 -53.940578 -1940.099081 -594.767076 0.558688 0.748670 -0.356877 0.749167 -0.270936 0.604436 0.355832 -0.605051 -0.712247
-3.929705 -56.425795 -636.151594 -1531.297692 0.589664 0.738937 -0.325990 0.719993 -0.298066 0.626712 0.365934 -0.604260 -0.707787
-7.220563 -55.579295 -1585.574331 4197.991770 0.006658 0.983844 0.178904 -0.259266 -0.171092 0.950531 -0.965783 0.052712 -0.253938
0.260804 -70.714757 -495.485061 2783.187688 -0.009635 0.963777 0.266534 -0.205273 -0.262776 0.942768 -0.978657 0.045629 -0.200369
-3.629334 -58.923112 -2889.078345 -4224.918390 -0.064575 0.926391 0.370984 -0.193493 -0.376328 0.906056 -0.978974 0.013275 -0.203552
-2.963075 -64.337308 188.276479 1367.766049 0.513080 0.722398 -0.463563 0.723226 -0.072985 0.686744 0.462269 -0.687615 -0.559904
-3.861661 -58.523290 1243.714468 2092.217297 0.533312 0.730531 -0.426501 0.590346 0.039691 0.806174 0.605863 -0.681725 -0.410098
-4.685384 -65.346781 1129.388625 1349.281009 0.515012 0.721685 -0.462529 0.712809 -0.060872 0.698712 0.476095 -0.689540 -0.545773
-1.918151 -57.442623 -117.264642 1860.973021 0.543402 0.720787 -0.430326 0.623766 -0.003624 0.781603 0.561810 -0.693148 -0.451571
-4.639188 -68.064787 1391.013909 1110.898594 0.489058 0.730550 -0.476570 0.802279 -0.162335 0.574452 0.342302 -0.663282 -0.665497
-2.899949 -64.641571 -661.092283 1460.096843 0.513259 0.723460 -0.461704 0.750177 -0.116861 0.650829 0.416894 -0.680404 -0.602703
-3.182835 -67.860491 -1295.816084 1447.421710 0.501928 0.712243 -0.490691 0.804195 -0.175507 0.567862 0.318336 -0.679637 -0.660875
-16.567028 -42.884047 -1657.258829 -1106.866164 0.459987 0.718676 -0.521456 0.066867 0.557569 0.827433 -0.885404 0.415477 -0.208419
-17.746138 -42.506529 -1186.298886 -3472.465622 0.470885 0.729257 -0.496440 0.107892 0.510903 0.852841 -0.875572 0.455152 -0.161895
-24.722852 -42.383146 -2427.805450 -647.936854 0.483766 0.641390 -0.595474 0.163801 0.602012 0.781505 -0.859733 0.475604 -0.186173
-5.896368 -253.530030 -2459.870365 33574.670127 -0.434178 -0.149683 -0.888304 0.438976 0.825937 -0.353733 0.786632 -0.543528 -0.292896
-6.787122 -302.601560 -2148.141153 42387.068417 -0.472283 -0.174155 -0.864071 0.659221 0.580955 -0.477409 0.585129 -0.795086 -0.159568
-9.925178 -286.101181 -2311.033031 47527.905718 -0.476263 -0.173664 -0.861983 0.613910 0.636149 -0.467363 0.629514 -0.751768 -0.196360
-10.556877 -220.046057 -1970.526664 32172.566285 -0.462671 -0.148283 -0.874041 0.559054 0.716366 -0.417467 0.688036 -0.681786 -0.248543
-9.989344 -226.684267 -3923.477764 31780.519529 -0.414745 -0.151521 -0.897233 0.359608 0.878476 -0.314582 0.835864 -0.453124 -0.309856
-17.309848 -215.672746 1993.468563 26453.913990 -0.473296 0.093499 -0.875928 0.837879 -0.259175 -0.480402 -0.271936 -0.961294 0.044325
-19.415828 -217.946638 -1497.651215 10054.995023 -0.544850 0.024166 -0.838185 0.728557 -0.481233 -0.487462 -0.415142 -0.876259 0.244594
-20.638018 -217.857621 1264.332371 5838.215945 -0.496067 0.093762 -0.863207 0.653229 -0.614643 -0.442159 -0.572022 -0.783213 0.243656
-15.484833 -205.378419 2490.528982 17319.001547 -0.432243 0.112667 -0.894691 0.790319 -0.430441 -0.436024 -0.434237 -0.895560 0.097013
-21.487942 -34.569659 -1649.283335 2587.441880 0.131004 0.888566 0.439647 -0.101908 0.453189 -0.885570 0.986130 -0.071209 -0.149922
-24.223676 -36.445364 -251.367176 1785.165550 0.041754 0.917682 0.395117 -0.067256 0.397146 -0.915288 0.996862 -0.011643 -0.078302
-23.022271 -39.592988 -1639.958268 2439.753252 0.121250 0.902638 0.412969 -0.017619 0.417931 -0.908308 0.992466 -0.102856 -0.066578
1.277866 -38.338525 -3342.799603 1831.892928 -0.216872 0.976200 -0.000659 0.835784 0.185328 -0.516835 0.504412 0.112638 0.856085
4.983378 -36.077124 -3943.738941 1568.430686 -0.148356 0.988544 -0.027776 0.833855 0.109942 -0.540924 0.531674 0.103411 0.840613
-4.382855 -35.504408 -1478.645236 740.480840 -0.290219 0.956043 0.041888 0.769394 0.259140 -0.583849 0.569040 0.137215 0.810781
-87.376185 -351.011491 -13194.199849 84667.350926 0.374152 -0.238728 -0.896113 0.702420 -0.557953 0.441921 -0.605488 -0.794794 -0.041072
-65.425426 -349.079368 -8754.034671 83804.085617 0.301922 -0.217373 -0.928220 0.893028 -0.276308 0.355182 -0.333681 -0.936164 0.110697
-40.012885 -267.434984 -9830.827997 48552.603963 0.210790 -0.312110 -0.926366 0.781606 -0.515324 0.351473 -0.587077 -0.798140 0.135322
-132.914607 -1233.412501 -13106.162210 390975.243419 0.542550 -0.180381 -0.820428 0.767554 -0.290393 0.571430 -0.341322 -0.939752 -0.019101
63.632765 -47.935601 -21122.274470 8858.486608 -0.503842 -0.786880 0.356318 0.795980 -0.262729 0.545334 -0.335498 0.558384 0.758715
158.330537 -48.618602 -67335.473645 34.478570 -0.398737 -0.780836 0.480941 0.789669 -0.025685 0.612995 -0.466296 0.624208 0.626844
80.316280 -55.421622 -35364.396753 5363.656032 -0.573264 -0.697707 0.429621 0.736250 -0.208515 0.643784 -0.359590 0.685366 0.633221
21.258413 -69.698400 6140.243602 13802.465930 0.688208 0.689160 -0.226779 0.646583 -0.440819 0.622583 -0.329091 0.575097 0.748974
26.786267 -62.008337 -7341.591140 16242.792736 -0.659121 -0.712648 0.240192 0.695636 -0.456400 0.554788 -0.285745 0.532759 0.796566
-24.800928 -44.117571 -10076.551840 1231.808243 0.397135 0.835375 -0.380043 -0.742522 0.535839 0.401917 -0.539393 -0.122575 -0.833085
-11.010132 -32.783064 -8847.703187 2754.792149 0.497640 0.703972 -0.506732 -0.608438 0.699680 0.374501 -0.618188 -0.121949 -0.776512
-22.915649 -39.687492 10852.657956 -1944.093505 -0.663991 -0.504022 0.552339 -0.422943 0.862316 0.278444 -0.616632 -0.048723 -0.785742
-38.725104 -45.674276 4782.488490 -629.613235 -0.648861 -0.647021 0.400429 -0.538352 0.762269 0.359336 -0.537733 0.017587 -0.842932
-39.228044 -50.708943 -3713.525376 702.639660 0.273029 0.943802 -0.186258 -0.849628 0.327382 0.413465 -0.451207 -0.045362 -0.891266
-51.072927 -262.867083 3754.667374 -101315.568585 0.335846 0.939072 -0.073151 -0.872670 0.339442 0.351036 -0.354479 0.054058 -0.933500
-32.044319 -70.984282 -2265.946640 -10209.322954 -0.584484 -0.700982 0.408661 -0.484440 0.705500 0.517289 -0.650920 0.104375 -0.751937
-28.780180 -61.522183 -714.968877 -12154.898572 0.499850 0.754362 -0.425544 -0.592084 0.656208 0.467790 -0.632129 -0.018132 -0.774651
30.620771 -75.319278 918.776190 -5748.387740 -0.022850 0.954964 -0.295839 -0.083842 0.293043 0.952416 -0.996217 -0.046566 -0.073370
35.209129 -60.244601 2652.570906 -9756.004558 -0.029499 0.947201 -0.319281 -0.282125 0.298543 0.911744 -0.958924 -0.116973 -0.258422
30.590965 -65.597595 2202.544847 -8856.874675 0.054217 0.954210 -0.294183 -0.291578 0.296905 0.909302 -0.955009 -0.036477 -0.294324
33.757167 -52.617660 1980.237894 -7092.912328 0.025678 0.938273 -0.344942 -0.388291 0.327324 0.861446 -0.921179 -0.111817 -0.372728
32.162721 -49.504127 1231.378310 -7668.151733 0.078774 0.937492 -0.338974 -0.442738 0.337557 0.830686 -0.893184 -0.084640 -0.441654
-0.273750 -36.541660 563.110925 667.207882 -0.356324 0.904915 0.232728 0.930899 0.322389 0.171732 0.080374 0.277838 -0.957260
-0.736856 -38.194192 532.985586 158.196421 -0.357375 0.904970 0.230895 0.933779 0.341340 0.107439 0.018415 0.254001 -0.967029
-2.274494 -38.479772 -376.930527 929.501804 -0.359018 0.904323 0.230882 0.932367 0.336263 0.132737 0.042400 0.262922 -0.963885
-1.558799 -36.685749 662.413419 379.163240 -0.378697 0.898141 0.223455 0.923167 0.349352 0.160360 0.065961 0.267014 -0.961433
-1.616639 -35.692692 -157.701856 1270.861218 -0.365722 0.902313 0.228209 0.919386 0.312082 0.239447 0.144836 0.297383 -0.943709
-1.207254 -34.909387 424.257555 1474.309407 -0.368633 0.901399 0.227132 0.913727 0.306439 0.266830 0.170918 0.305899 -0.936596
58.010272 -28.763894 21866.619178 4701.298238 -0.473469 0.859864 -0.190948 0.407886 0.021899 -0.912770 0.780677 0.510053 0.361095
118.014716 -31.053367 38283.656655 6623.014467 -0.382562 0.920266 -0.082200 0.399327 0.084460 -0.912910 0.833178 0.382069 0.399798
78.498384 -35.934960 32456.296742 4164.736115 -0.450786 0.884292 -0.121740 0.463202 0.115150 -0.878740 0.763044 0.452514 0.461513
23.282809 -34.909544 13823.892069 2972.890971 -0.486262 0.865425 -0.120784 0.432798 0.118452 -0.893675 0.759101 0.486836 0.432153
25.570610 -44.491630 16011.635814 1313.019857 -0.495856 0.866454 -0.058180 0.509111 0.235773 -0.827778 0.703514 0.440079 0.558031
199.326979 -49.143601 64251.771813 1856.883770 -0.479528 0.877302 -0.019848 0.546452 0.280837 -0.789000 0.686617 0.389194 0.614072
-2.448850 -104.827413 978.237456 -1117.567368 -0.640381 0.767278 -0.034608 -0.088311 -0.028796 0.995677 -0.762964 -0.640668 -0.086199
0.068844 -94.317070 1387.689817 -1852.889358 -0.625332 0.777670 -0.064721 -0.186527 -0.068422 0.980064 -0.757738 -0.624938 -0.187843
-2.370376 -98.313998 1817.461052 -6810.849351 -0.627468 0.776821 -0.053227 -0.342409 -0.213890 0.914881 -0.699314 -0.592284 -0.400200
-0.002993 -96.925156 1515.354085 -1100.146205 -0.633110 0.773415 -0.031650 -0.001214 0.039897 0.999203 -0.774061 -0.632644 0.024320
-7.041398 -110.212179 3491.062296 -3524.677551 -0.623609 0.781428 -0.021965 -0.138807 -0.083034 0.986832 -0.769314 -0.618446 -0.160249
-3.591540 -102.508129 -322.544340 2240.044187 -0.665284 0.746258 0.022295 0.139919 0.095292 0.985567 -0.733362 -0.658801 0.167811
-9.547470 -110.168018 1576.895618 3845.884832 -0.653870 0.756283 0.022120 0.132128 0.085352 0.987551 -0.744981 -0.648653 0.155735
-2.506524 -109.011712 -2672.460295 11832.831131 -0.585071 0.810679 0.022170 -0.092519 -0.093881 0.991275 -0.805687 -0.577915 -0.129931
-0.354665 -104.870470 -2536.954123 9719.176023 -0.580890 0.813981 0.001395 -0.069361 -0.051206 0.996277 -0.811021 -0.578631 -0.086204
-0.184169 -86.567022 -2176.996219 8355.990573 -0.579877 0.814699 0.002829 0.050862 0.032736 0.998169 -0.813115 -0.578959 0.060421
-4.385393 -93.989361 889.738207 9879.993414 -0.546637 0.836430 0.039662 0.005748 -0.043615 0.999032 -0.837350 -0.546336 -0.019034
-11.777922 -45.376689 -1693.486896 -1403.036472 -0.093760 0.978227 0.185152 -0.733468 0.057885 -0.677254 0.673226 0.199302 -0.712071
-12.155431 -41.266992 -1806.136201 -2528.556640 -0.081930 0.976415 0.199754 -0.654904 0.098336 -0.749287 0.751258 0.192208 -0.631402
-8.218491 -42.472990 -1923.306572 -2233.245131 -0.074255 0.982862 0.168728 -0.671628 0.075780 -0.737003 0.737158 0.168048 -0.654491
-7.718352 -46.806253 -2102.352084 -1253.317224 -0.079439 0.985262 0.151488 -0.750487 0.040909 -0.659618 0.656093 0.166089 -0.736177
-21.918378 -34.521803 3436.719747 710.624323 0.441095 0.724289 0.529944 0.187505 -0.651837 0.734814 -0.877654 0.224755 0.423330
-32.983063 -42.539572 4418.840623 2466.572774 0.430996 0.457018 0.778060 -0.053138 0.873614 -0.483710 -0.900788 0.167133 0.400809
-23.546125 -38.204498 3239.862283 3302.546164 0.491645 0.270266 0.827793 0.000288 0.950567 -0.310521 -0.870796 0.152904 0.467263
-15.062545 -33.242938 3154.774903 3825.796139 0.523498 0.086531 0.847621 0.076472 0.986043 -0.147892 -0.848588 0.142241 0.509574
-16.696768 -27.061436 1549.225413 -270.955046 0.504797 0.570457 0.647888 -0.135928 0.793697 -0.592932 -0.852469 0.211244 0.478197
-3.871565 -43.819224 -4401.587401 -525.232557 -0.197112 0.975104 0.101584 -0.963877 -0.211683 0.161651 -0.179130 0.066051 -0.981606
-9.061493 -41.419518 -2230.117484 343.177844 -0.196195 0.972534 0.125242 -0.939413 -0.223035 0.260303 -0.281087 0.066584 -0.957370
-10.212658 -42.938167 -1404.753679 -3.561173 -0.118262 0.985770 0.119466 -0.975437 -0.137845 0.171820 -0.185843 0.096212 -0.977858
-2.539673 -108.179850 -1232.175165 -3975.361133 -0.315444 0.946887 -0.062458 -0.214946 -0.135404 -0.967194 0.924280 0.291670 -0.246242
0.664654 -121.643989 -1152.070591 -5189.228026 -0.314108 0.945367 -0.087276 -0.248147 -0.170486 -0.953602 0.916384 0.277877 -0.288141
-1.329982 -117.375937 -1609.904423 -690.130191 -0.325719 0.940421 -0.097552 -0.433820 -0.240332 -0.868355 0.840064 0.240520 -0.486254
-4.294307 -111.996454 -2412.075616 -1604.854846 -0.314787 0.943349 -0.104887 -0.435967 -0.241860 -0.866854 0.843114 0.227147 -0.487404
-8.431499 -98.775614 -588.230917 2455.152833 -0.557571 0.829623 -0.028982 0.714093 0.461538 -0.526359 0.423303 0.314178 0.849769
-9.093446 -100.203148 1422.897422 2035.776326 -0.594544 0.802589 -0.048674 0.695127 0.482627 -0.532794 0.404123 0.350604 0.844844
-5.382432 -106.745495 -219.114317 2599.075176 -0.563919 0.825320 -0.029039 0.784210 0.524145 -0.332094 0.258863 0.210047 0.942799
-8.639331 -106.210448 -1533.806369 3803.501058 -0.528415 0.848857 -0.014790 0.755298 0.462076 -0.464770 0.387689 0.256763 0.885308
4.430222 -157.096032 2263.822459 2568.225990 -0.534753 0.843844 0.044340 -0.635230 -0.436048 0.637452 -0.557245 -0.312713 -0.769213
6.151224 -153.130716 1068.148932 1236.010326 -0.551809 0.833661 0.022733 -0.659658 -0.452988 0.599711 -0.510253 -0.315930 -0.799894
4.709049 -152.315782 1349.242908 352.846424 -0.547103 0.836829 0.019880 -0.786210 -0.521871 0.330946 -0.287320 -0.165432 -0.943440
5.501510 -153.419933 1834.157648 1778.678288 -0.543672 0.838715 0.031270 -0.476230 -0.338952 0.811367 -0.691105 -0.426226 -0.583700
2.022421 -150.322909 1122.249561 -789.311767 -0.539825 0.841151 0.032450 -0.734775 -0.489665 0.469397 -0.410724 -0.229549 -0.882391
-0.111948 -155.359212 199.276520 -1145.071025 -0.552856 0.832745 0.029772 -0.597039 -0.420790 0.682993 -0.581287 -0.359822 -0.729818
1.646223 -154.774286 2019.811284 4135.957208 -0.538148 0.841473 0.048158 -0.456181 -0.338834 0.822855 -0.708728 -0.420849 -0.566207
-5.224707 -11.142395 -2204.247202 -1005.953632 0.705170 -0.615371 0.352213 -0.171250 0.334225 0.926805 0.688047 0.713871 -0.130303
-4.777943 -9.646638 -1763.390344 -897.980680 -0.599411 0.705940 0.377300 -0.364274 0.179144 -0.913899 0.712749 0.685242 -0.149775
-4.091937 -12.435236 -811.768021 1301.825289 0.680450 -0.710577 -0.179076 0.237988 -0.016840 0.971122 0.693072 0.703418 -0.157650
3.116186 -18.776958 -2964.881220 1485.119263 0.689883 -0.703123 -0.172279 0.251973 0.010127 0.967681 0.678654 0.710996 -0.184154
1.290350 -15.597426 -4046.853618 498.470077 0.730501 -0.681767 0.039526 0.063412 0.125345 0.990085 0.679961 0.720752 -0.134797
26.432433 -72.150545 2296.618616 7189.251706 -0.162487 0.907091 -0.388309 0.566453 0.407983 0.716018 -0.807916 0.103615 0.580116
23.687481 -58.915131 1315.583075 5014.487805 -0.159768 0.870990 -0.464598 0.639285 0.449911 0.623614 -0.752189 0.197377 0.628692
25.019214 -59.452530 1797.569681 3162.344978 -0.215694 0.849927 -0.480730 0.659386 0.489894 0.570275 -0.720199 0.193981 0.666097
25.457397 -70.081259 3964.567694 5532.706762 -0.239458 0.871863 -0.427218 0.646163 0.471528 0.600112 -0.724661 0.132351 0.676277
-90.258082 -2328.164107 -27250.292479 665986.298422 -0.687335 0.718582 -0.105875 -0.123500 -0.259262 -0.957878 0.715764 0.645308 -0.266945
-0.440315 -1358.177676 -5269.155919 499577.096279 -0.625823 0.764629 -0.153906 0.364407 0.112178 -0.924459 0.689603 0.634632 0.348840
6.396345 -1179.681670 -11303.487910 664044.153442 -0.620317 0.782144 -0.058795 -0.423654 -0.397196 -0.814096 0.660094 0.480089 -0.577746
175.730367 -2088.053631 -58767.969786 1605311.959116 -0.546829 0.837227 0.005369 -0.829203 -0.540679 -0.141732 0.115759 0.081955 -0.989890
48.275492 -1946.257029 -52034.885538 -1036422.664385 -0.589488 0.801669 -0.099149 -0.774459 -0.595788 -0.212720 0.229603 0.048609 -0.972070
12.778492 -127.487911 871.671448 -8058.867416 0.691897 -0.705223 0.154719 -0.155711 0.063497 0.985760 0.705005 0.706136 0.065878
11.717791 -135.438012 -1259.769520 6229.950236 -0.668817 0.727628 -0.152452 0.224092 0.001790 -0.974566 0.708849 0.685970 0.164253
10.614750 -135.038268 -1300.196419 -5768.340070 0.712436 -0.678475 0.179183 -0.364171 -0.139200 0.920871 0.599845 0.721315 0.346252
10.560907 -126.762426 -3176.122677 -6094.827246 0.733871 -0.658816 0.165512 -0.183413 0.042427 0.982120 0.654059 0.751107 0.089699
5.723206 -133.151466 -3615.085281 -7171.808225 0.737759 -0.647271 0.191707 -0.347202 -0.120281 0.930045 0.578933 0.752710 0.313472
12.700673 -36.752911 -4384.258742 -2860.290918 -0.045272 0.982167 0.182479 -0.564706 0.125519 -0.815691 0.824050 0.139974 -0.548953
7.675040 -32.535829 -2949.675527 -2944.801745 -0.051122 0.980577 0.189357 -0.529424 0.134161 -0.837682 0.846815 0.143074 -0.512283
14.203187 -32.140237 -2642.951033 -1974.666539 -0.065003 0.971446 0.228183 -0.504725 0.165254 -0.847316 0.860830 0.170248 -0.479571
-13.166551 -39.234977 836.856650 542.641306 -0.295449 0.923009 0.246504 -0.574755 0.034379 -0.817603 0.763129 0.383240 -0.520347
-11.227096 -42.783664 611.002876 1014.817452 -0.331947 0.913806 0.234029 -0.550880 0.013600 -0.834474 0.765730 0.405923 -0.498883
-14.281433 -40.999134 620.395638 1767.940908 -0.352037 0.926856 0.130413 -0.463911 -0.051768 -0.884368 0.812930 0.371830 -0.448203
-16.583059 -35.512753 -1644.577176 1778.830156 -0.180877 0.909563 0.374137 -0.614972 0.192275 -0.764748 0.767524 0.368409 -0.524578
-14.359060 -32.736343 -243.595612 560.706279 -0.189979 0.910482 0.367329 -0.671804 0.152282 -0.724906 0.715952 0.384490 -0.582735
-17.581334 -33.335622 -681.479767 1025.059697 -0.331850 0.910445 0.246913 -0.590361 0.003713 -0.807131 0.735765 0.413614 -0.536259
-15.212371 -36.575534 -229.453873 865.575603 -0.073309 0.879428 0.470354 -0.618222 0.330005 -0.713371 0.782577 0.343080 -0.519490
-20.031803 -35.937457 301.291385 2838.748955 -0.335288 0.897816 0.285495 -0.555874 0.056139 -0.829368 0.760648 0.436777 -0.480250
-16.811949 -39.156129 -3322.170541 1805.817423 -0.053559 0.881952 0.468287 -0.557049 0.362821 -0.747033 0.828751 0.300869 -0.471858
-115.248728 -131.855705 33285.689137 31182.547680 -0.167446 0.870985 0.461895 -0.711418 0.217603 -0.668231 0.682529 0.440494 -0.583198
-43.293254 -109.293266 17886.830389 21123.046149 -0.425014 0.893325 0.146059 -0.611597 -0.164446 -0.773891 0.667317 0.418244 -0.616246
-75.188716 -343.258664 24739.081641 85052.446739 -0.393852 0.897017 0.200603 -0.519570 -0.037230 -0.853616 0.758240 0.440426 -0.480727
-96.424093 -4750.602229 -27049.810587 1994793.302423 0.003431 0.726487 0.687172 -0.582671 0.559924 -0.589050 0.812701 0.398374 -0.425224
13.005539 -14.563478 497.252764 -772.144494 -0.342227 0.900690 0.267652 -0.361780 -0.389200 0.847135 -0.867177 -0.193081 -0.459047
10.907289 -15.799489 2042.385447 -384.219691 -0.317503 0.893209 0.318385 -0.348178 -0.422118 0.837012 -0.882022 -0.154899 -0.445020
11.747656 -17.346280 685.516279 -2083.154558 -0.354244 0.874771 0.330585 -0.310256 -0.443426 0.840901 -0.882186 -0.195318 -0.428484
11.237257 -16.779520 -1122.855271 -2110.603569 -0.393348 0.873622 0.286464 -0.321093 -0.422497 0.847582 -0.861497 -0.241413 -0.446703
-50.702436 -78.848917 296.871751 4668.277631 0.248617 0.968007 0.033941 0.900239 -0.217997 -0.376890 0.357433 -0.124257 0.925636
-47.543693 -73.179257 -105.758997 5437.170757 0.427853 0.889864 -0.158378 0.807677 -0.455066 -0.374930 0.405709 -0.032497 0.913424
-50.196298 -73.774980 -503.536472 -1768.435768 -0.571721 -0.418933 0.705429 0.749304 -0.616830 0.240964 0.334183 0.666345 0.666563
-47.223152 -69.197248 -37.436362 -1975.940124 -0.529395 -0.304971 0.791665 0.779085 -0.544129 0.311369 0.335810 0.781612 0.525657
-46.028035 -68.550656 -702.861537 -817.458524 -0.488110 -0.197235 0.850204 0.764777 -0.566044 0.307751 0.420554 0.800433 0.427132
-27.563570 -76.324431 -8089.185567 173.866282 0.607235 0.765088 -0.214256 0.748293 -0.460072 0.477903 0.267065 -0.450526 -0.851882
-35.165929 -73.892823 -6827.248079 989.874484 0.545158 0.815890 -0.192683 0.821744 -0.474567 0.315472 0.165949 -0.330319 -0.929167
-7.562432 -65.593899 -7318.729665 -4501.983577 0.103091 -0.257194 0.960845 -0.337297 0.899717 0.277020 -0.935737 -0.352648 0.006002
7.292804 -46.206752 -3858.900380 -5034.124215 0.095863 -0.135893 0.986075 -0.408002 0.898230 0.163452 -0.907934 -0.417989 0.030663
15.083644 -30.584686 -4390.073497 -1950.556586 -0.068616 0.185299 0.980284 -0.522230 0.830551 -0.193549 -0.850040 -0.525214 0.039780
-23.433998 -53.511342 -2306.520785 545.569645 0.457024 0.551945 -0.697485 0.280251 0.654872 0.701856 0.844149 -0.516236 0.144609
-21.986821 -52.004377 -2672.657238 1051.961697 0.483909 0.520271 -0.703669 0.162242 0.736809 0.656346 0.859948 -0.431776 0.272138
-14.557388 -50.330145 -2985.839314 947.801845 0.543014 0.527637 -0.653249 0.173333 0.690751 0.702011 0.821639 -0.494431 0.283631
-10.960540 -61.004398 -1280.239804 7105.357668 0.424792 0.865478 -0.265516 0.550019 -0.013781 0.835039 -0.719049 0.500757 0.481883
-10.302928 -70.522829 -1139.093236 -2241.431314 0.430509 0.866487 -0.252711 0.579158 -0.050449 0.813653 -0.692270 0.496645 0.523551
-8.091652 -69.731385 -1075.558616 -817.151691 0.417463 0.877357 -0.236579 0.566354 -0.047618 0.822785 -0.710611 0.477470 0.516773
-8.692421 -60.620050 -948.458197 -932.528254 0.412067 0.868680 -0.274946 0.382796 0.108784 0.917406 -0.826842 0.483281 0.287701
-7.286972 -62.205431 -813.028640 7519.572496 0.415012 0.878024 -0.238408 0.528028 -0.019051 0.849013 -0.740912 0.478237 0.471528
5.572654 -49.765086 2525.846521 -739.917043 0.585417 0.786042 -0.198555 0.428735 -0.508016 -0.747065 0.688094 -0.352217 0.634405
60.651379 -94.947115 -2972.310001 6280.775741 0.185247 0.982429 0.022747 -0.361644 0.089678 -0.927993 0.913727 -0.163682 -0.371902
58.860501 -93.819956 739.614305 5635.456010 0.116872 0.991962 0.048491 -0.443520 0.095817 -0.891128 0.888612 -0.082641 -0.451153
65.126020 -85.046343 449.752469 4714.889008 0.182054 0.981990 -0.050516 -0.438114 0.035016 -0.898237 0.880291 -0.185660 -0.436599
51.945483 -92.987593 1145.219151 5475.363186 0.195626 0.980505 -0.018436 -0.265067 0.034767 -0.963603 0.944177 -0.193392 -0.266700
6.730750 -143.932839 -1560.707751 -16675.647088 0.111942 0.953135 0.281073 0.523143 -0.297007 0.798817 -0.844861 -0.057620 0.531873
9.525523 -176.773881 -1357.848305 -20374.483252 0.172540 0.939683 0.295341 0.655173 -0.333377 0.677944 -0.735512 -0.076527 0.673175
4.113319 -169.326605 -1600.911235 -15354.476680 0.156374 0.932915 0.324373 0.762253 -0.322835 0.561023 -0.628106 -0.159524 0.761600
-4.483509 -106.201615 2677.079390 3739.249473 -0.092360 0.929251 0.357717 -0.192025 0.335887 -0.922121 0.977034 0.153858 -0.147417
4.049836 -108.625637 3408.909693 2215.675769 -0.075912 0.943574 0.322345 0.019514 0.324622 -0.945643 0.996924 0.065495 0.043056
4.291137 -54.923246 121.114295 4845.490104 0.455106 0.795647 -0.399781 0.854954 -0.264973 0.445918 0.248862 -0.544734 -0.800833
8.706405 -49.700651 3001.477451 3006.615142 0.416476 0.812843 -0.407227 0.870497 -0.227315 0.436536 0.262267 -0.536296 -0.802248
6.553344 -48.557693 2824.598796 1494.310466 0.485216 0.789438 -0.375970 0.808874 -0.241940 0.535899 0.332096 -0.564139 -0.755949
-5.044138 -60.566964 918.508056 1842.446159 0.533683 0.716739 -0.448851 0.626901 0.020938 0.778818 0.567607 -0.697027 -0.438150
-4.889217 -56.511003 767.805747 -2232.799529 0.551690 0.716802 -0.426418 -0.535900 -0.087116 -0.839775 0.639100 -0.691813 -0.336073
-3.412477 -53.344438 604.604253 -2084.580460 0.570170 0.726216 -0.384079 -0.443174 -0.121763 -0.888127 0.691739 -0.676598 -0.252415
-1.159183 -51.945041 1856.063900 -1943.051194 0.555509 0.736727 -0.385543 -0.484473 -0.090067 -0.870157 0.675793 -0.670165 -0.306891
-17.998625 -59.594194 1235.082114 -6428.287304 0.572209 0.745047 -0.342756 0.340026 0.164795 0.925864 -0.746297 0.646334 0.159038
-17.698283 -57.694762 1411.460076 -2622.559357 0.655831 0.706574 -0.265780 0.349740 0.027622 0.936440 -0.669005 0.707100 0.229002
-20.461593 -55.667288 529.956852 -4196.110931 0.600837 0.733632 -0.317457 0.280860 0.178070 0.943085 -0.748407 0.655801 0.099057
-19.515685 -56.788671 338.969557 -4777.799848 0.529851 0.746846 -0.401843 0.313906 0.267466 0.911002 -0.787858 0.608837 0.092722
-16.930190 -60.223333 -313.889227 -8569.972841 0.478918 0.793199 -0.376128 0.326948 0.236470 0.914979 -0.814704 0.561174 0.146085
-1.418731 -316.370565 -3764.993407 23068.087367 -0.476845 -0.206590 -0.854365 0.801558 0.296693 -0.519113 0.360728 -0.932359 0.024117
-5.021624 -344.647188 -3350.336054 59331.220131 -0.457356 -0.213846 -0.863189 0.587917 0.655561 -0.473913 0.667217 -0.724231 -0.174101
-0.684183 -366.117168 -2823.389722 12887.192602 -0.465780 -0.205957 -0.860599 0.810065 0.292183 -0.508355 0.356151 -0.933922 0.030745
2.044294 -390.594903 -5824.270532 -63744.445219 -0.452206 -0.229915 -0.861771 0.891740 -0.135603 -0.431754 -0.017592 -0.963717 0.266345
-2.819400 -310.603946 -3075.787528 -32469.555461 -0.485775 -0.199807 -0.850941 0.874055 -0.119008 -0.471026 -0.007155 -0.972581 0.232453
-23.340671 -38.633117 1434.426646 1383.401518 -0.016780 0.883919 0.467340 0.014468 0.467571 -0.883837 0.999755 0.008070 0.020634
-24.008719 -39.682631 257.813976 1289.298839 0.042012 0.908340 0.416117 0.028350 0.415234 -0.909273 0.998715 -0.049997 0.008307
-24.154973 -36.500832 1403.694439 993.876990 -0.029527 0.863420 0.503620 -0.078515 0.500280 -0.862297 0.996476 0.065003 -0.053019
-25.967019 -32.413218 19.357224 1086.902456 0.032017 0.873208 0.486294 -0.140672 0.485638 -0.862767 0.989538 0.040784 -0.138385
1.179175 -251.676741 -1513.095981 -16467.176952 -0.392965 0.005573 -0.919537 -0.281184 0.951355 0.125931 0.875508 0.308046 -0.372282
5.296330 -272.340842 -2329.815850 -28817.406660 -0.428760 0.052060 -0.901917 -0.513984 0.806961 0.290920 0.742957 0.588306 -0.319234
3.216567 -229.458059 -660.710378 -13805.940950 -0.413735 -0.010452 -0.910337 -0.240028 0.965807 0.098001 0.878186 0.259053 -0.402097
1.132673 -285.442191 1218.184901 6902.619731 -0.408396 -0.097360 -0.907598 -0.002263 0.994400 -0.105654 0.912802 -0.041095 -0.406329
-1.432934 -258.053314 -2594.098185 -3013.239814 -0.384218 -0.085864 -0.919241 0.032386 0.993800 -0.106365 0.922674 -0.070638 -0.379055
-1.419150 -198.443086 -2155.696645 -5311.078331 -0.365034 -0.016944 -0.930840 -0.115704 0.992908 0.027300 0.923776 0.117668 -0.364406
-59.495083 -79.610717 682.489801 8846.077720 0.640431 -0.003443 0.768008 -0.063677 0.996309 0.057566 -0.765371 -0.085771 0.637848
-53.100157 -65.000287 3787.247088 8462.470139 0.641220 0.346401 0.684721 -0.186028 0.935866 -0.299246 -0.744466 0.064505 0.664537
-54.845002 -68.749099 -3289.093386 10717.964430 0.522542 -0.209002 0.826600 0.167505 0.975761 0.140827 -0.835997 0.064872 0.544885
-0.934656 -31.788032 -1991.757908 721.948535 -0.164725 0.985637 -0.037209 0.778435 0.106744 -0.618582 0.605726 0.130861 0.784839
8.021225 -35.223547 -3819.421742 2060.588742 -0.077078 0.993755 -0.080684 0.840258 0.021186 -0.541772 0.536680 0.109554 0.836644
-1.121602 -74.337038 335.539433 674.661913 0.377833 0.905147 -0.194810 0.816170 -0.226264 0.531668 -0.437159 0.359880 0.824244
0.021165 -74.169469 24.336927 -2760.143476 0.386705 0.901808 -0.192877 0.839451 -0.257628 0.478486 -0.381813 0.346943 0.856650
-1.271650 -74.780096 5.600610 3606.585182 0.394683 0.902365 -0.173099 0.800446 -0.245182 0.546966 -0.451122 0.354434 0.819063
-1.792238 -72.995709 -771.770122 302.142293 0.369318 0.912640 -0.175192 0.684271 -0.139506 0.715759 -0.628790 0.384221 0.676015
-0.021275 -70.255816 -498.734872 4777.967042 0.367636 0.911599 -0.183934 0.771919 -0.188824 0.607031 -0.518638 0.365149 0.773099
-8.427174 -125.695639 -1985.146854 -3182.035958 0.060524 0.993081 0.100631 -0.650145 -0.037277 0.758895 -0.757396 0.111356 -0.643391
-6.570745 -122.654286 -376.003052 435.949213 0.054142 0.990449 0.126803 -0.408968 -0.093855 0.907710 -0.910941 0.101004 -0.399980
-10.197213 -121.406031 -2674.119463 1859.842572 0.026981 0.990339 0.136014 -0.407976 -0.113306 0.905935 -0.912594 0.079934 -0.400977
-55.868102 -75.718750 -889.698527 1608.273522 -0.539395 -0.829868 0.142732 0.779858 -0.428392 0.456400 -0.317606 0.357491 0.878252
-55.801699 -76.791794 -1118.138733 241.855959 -0.466863 -0.869944 0.158859 0.868079 -0.416549 0.270047 -0.168753 0.263977 0.949652
-54.327148 -77.594387 1233.967992 468.763033 -0.484319 -0.845975 0.223072 0.861579 -0.416874 0.289653 -0.152046 0.332479 0.930774
20.567603 -337.998490 356.582207 -86521.787204 0.182728 0.958029 0.220886 -0.378386 0.275891 -0.883577 0.907433 -0.077874 -0.412918
15.912478 -330.952711 563.754131 -92606.533394 0.171460 0.973984 0.148178 -0.319998 0.197309 -0.926645 0.931774 -0.111466 -0.345504
15.842722 -162.172938 -1431.268007 -24477.799769 0.181090 0.975565 0.124420 -0.255713 0.168867 -0.951890 0.949641 -0.140562 -0.280044
-20.717235 -1553.986574 18273.584353 -505865.731615 0.199983 0.938275 0.282217 -0.383334 0.340001 -0.858752 0.901699 -0.063553 -0.427667
0.819135 -1733.351093 23033.356332 -710671.418862 0.149541 0.946975 0.284388 -0.305898 0.317821 -0.897450 0.940247 -0.047212 -0.337205
8.824387 -161.850345 1415.349272 -37531.374486 0.141066 0.972060 0.187618 -0.186136 0.212176 -0.959341 0.972344 -0.100408 -0.210866
2.975390 -80.599615 947.456138 -1534.979568 0.170529 0.984845 0.031625 -0.091652 0.047809 -0.994643 0.981081 -0.166717 -0.098416
-16.902325 -182.571929 7041.960831 -12328.225337 -0.105146 0.318285 0.942146 -0.612934 0.725307 -0.313435 -0.783107 -0.610430 0.118824
-32.087698 -207.575164 10193.081098 10921.441385 -0.120278 0.310707 0.942865 -0.420841 0.844240 -0.331892 -0.899125 -0.436716 0.029215
26.866298 -48.140563 -12263.126646 2833.636377 0.230376 0.924567 -0.303485 -0.844674 0.344851 0.409394 -0.483170 -0.162031 -0.860403
51.300831 -50.606998 -8872.110265 3774.546880 0.236843 0.953451 -0.186646 -0.866640 0.294167 0.402991 -0.439137 -0.066309 -0.895970
39.407170 -48.853340 -6249.321693 -4512.689536 0.172720 0.976987 -0.125159 -0.870287 0.210879 0.445119 -0.461268 -0.032043 -0.886682
12.071748 -30.593938 -9978.211682 4824.445921 0.195025 0.945937 -0.259168 -0.797470 0.306763 0.519556 -0.570971 -0.105352 -0.814183
-46.786218 -62.470752 1988.937554 2039.150016 0.160295 0.985691 0.052144 -0.973733 0.149254 0.171954 -0.161711 0.078337 -0.983724
-48.428294 -66.652673 889.652726 1625.346800 0.278491 0.956650 -0.085223 -0.954383 0.285592 0.087120 -0.107683 -0.057073 -0.992546
-47.172705 -62.019486 386.952101 3767.522344 0.147910 0.986813 -0.065753 -0.952589 0.160023 0.258778 -0.265888 -0.024360 -0.963696
-46.726710 -62.780267 2111.634263 1249.122195 0.275439 0.960680 0.035045 0.961270 -0.274874 -0.020126 -0.009701 0.039231 -0.999183
-46.804905 -59.578298 2389.219162 3623.372500 0.004947 0.997336 0.072772 -0.960174 -0.015593 0.278968 -0.279359 0.071254 -0.957539
-45.071575 -58.349757 2073.416607 3275.861854 0.081009 0.988282 0.129368 -0.954131 0.039359 0.296790 -0.288221 0.147477 -0.946139
-42.599485 -59.675561 1534.022045 1374.751875 0.288715 0.948951 0.127024 0.957413 -0.285867 -0.040509 -0.002129 0.133310 -0.991072
-1.990094 -38.595956 902.360937 937.803527 -0.375316 0.898076 0.229343 0.926860 0.361413 0.101548 0.008310 0.250681 -0.968034
100.603765 -27.544182 32059.467745 1975.880463 -0.394501 0.911367 -0.117385 0.386263 0.048560 -0.921110 0.833769 0.408720 0.371184
132.262536 -27.479749 24967.400663 3858.923522 -0.239028 0.970078 0.042589 0.391917 0.136512 -0.909816 0.888407 0.200781 0.412820
161.501111 -31.505809 35303.381784 7329.848982 -0.245573 0.967271 0.063880 0.412266 0.163854 -0.896208 0.877343 0.193749 0.439012
-1.135336 -42.352508 -602.997578 3739.176698 -0.456066 0.858838 -0.233240 -0.749851 -0.229690 0.620456 -0.479298 -0.457865 -0.748754
0.155320 -38.961098 -336.689361 485.355753 -0.450897 0.859229 -0.241698 0.817281 0.288581 -0.498772 -0.358810 -0.422429 -0.832352
-1.416954 -43.417276 -298.594834 3532.943560 -0.474575 0.850620 -0.226329 -0.738732 -0.245095 0.627856 -0.478595 -0.465161 -0.744696
2.236688 -90.495476 1333.000365 -502.232824 -0.633551 0.772070 -0.050208 -0.025522 0.044003 0.998705 -0.773280 -0.634013 0.008174
2.872557 -87.719186 -647.260841 -410.807369 -0.662857 0.742405 -0.097239 -0.197501 -0.048095 0.979122 -0.722229 -0.668222 -0.178506
1.083037 -84.209205 -1828.526524 8424.793313 -0.574737 0.818293 -0.008635 0.129974 0.101696 0.986288 -0.807951 -0.565734 0.164805
1.774722 -102.121730 73.918933 9082.007075 -0.560839 0.827720 -0.018410 -0.066648 -0.022973 0.997512 -0.825238 -0.560671 -0.068050
-14.665429 -44.044878 -1007.778270 -1476.374695 -0.107076 0.969502 0.220455 -0.715792 0.078722 -0.693862 0.690055 0.232096 -0.685533
-15.431512 -40.209763 -679.521156 -2188.690693 -0.106242 0.963598 0.245339 -0.651613 0.118901 -0.749175 0.751074 0.239460 -0.615261
-40.342305 -45.730935 6439.083988 1214.056778 0.317817 0.838687 0.442262 0.174370 -0.510191 0.842200 -0.931980 0.190549 0.308389
-43.498745 -56.326651 4557.379578 6729.728243 0.359300 -0.032180 0.932667 0.082234 0.996609 0.002706 -0.929592 0.075725 0.360728
-26.583575 -40.044339 4844.212904 1704.619543 0.371403 0.857433 0.356185 0.216087 -0.452916 0.864970 -0.902976 0.244286 0.353495
-0.448355 -128.030937 -751.196268 831.032000 -0.330786 0.935934 -0.120864 -0.534180 -0.291278 -0.793605 0.777967 0.197951 -0.596308
-5.023212 -105.647046 464.901512 1016.496354 -0.588922 0.807335 -0.037166 0.780945 0.556627 -0.283357 0.208076 0.195900 0.958294
-6.623151 -100.444784 857.325227 3762.101811 -0.615523 0.787573 -0.029325 0.702096 0.531056 -0.474384 0.358039 0.312583 0.879829
-9.615642 -94.599655 1082.362165 3800.562598 -0.614445 0.788266 -0.033074 0.595872 0.436183 -0.674300 0.517102 0.434028 0.737716
-12.418104 -93.232131 2714.598532 3682.828015 -0.608018 0.792607 -0.045696 0.551390 0.380165 -0.742592 0.571212 0.476706 0.668183
8.914983 -154.818778 2268.954612 1391.122924 -0.547297 0.836716 0.019318 -0.610677 -0.415015 0.674415 -0.572311 -0.357308 -0.738100
8.640172 -146.242388 1991.045216 4119.363113 -0.546460 0.837351 0.015003 -0.743840 -0.493510 0.450721 -0.384816 -0.235141 -0.892539
-6.983127 -8.526372 189.690646 -743.819924 -0.046783 -0.142140 -0.988740 -0.691555 0.718863 -0.070621 0.720807 0.680465 -0.131928
-2.756679 -8.711753 -2538.137892 -517.176333 -0.472621 0.642511 0.603166 -0.490698 0.376652 -0.785716 0.732015 0.667318 -0.137265
-1.706931 -11.443577 -1637.767965 -1150.034925 -0.539473 0.676515 0.501295 -0.444617 0.276710 -0.851908 0.715042 0.682466 -0.151513
23.992402 -63.670877 950.758937 3119.170095 -0.135657 0.891863 -0.431484 0.563776 0.427614 0.706614 -0.814711 0.147403 0.560820
