17018
34013
-47.185065 -65.970983 1243.217828 7335.045594 0.057689 0.820084 0.569328 -0.871615 0.319439 -0.371815 0.486785 0.474785 -0.733226
-43.881946 -68.584134 467.581678 3388.007392 -0.195448 0.864684 0.462733 -0.808568 0.124937 -0.574986 0.554994 0.486531 -0.674737
-57.906597 -83.954636 1079.590325 7394.085284 0.213354 0.670640 0.710438 -0.725837 0.595550 -0.344210 0.653942 0.442224 -0.613838
-39.056686 -58.830687 1035.562564 -5132.350193 -0.439884 0.824627 0.355656 0.770718 0.143363 0.620839 0.460973 0.547208 -0.698618
-45.740563 -101.010397 870.067373 12690.997079 -0.358207 -0.646158 -0.673920 -0.717479 0.652389 -0.244154 0.597420 0.396066 -0.697295
-35.301456 -99.822498 -4565.116557 18061.010650 0.369337 0.735141 0.568470 -0.806004 0.557886 -0.197790 0.462545 0.385138 -0.798575
-40.417077 -58.030531 -1322.852497 -10090.556817 0.150856 0.829131 0.538317 0.917992 -0.319541 0.234912 0.366787 0.458733 -0.809340
-33.411684 -48.030123 2060.508261 -4429.991218 -0.590020 0.763916 0.261359 0.722833 0.355569 0.592523 0.359707 0.538519 -0.761977
42.015179 -86.124061 -6655.574891 -5408.385337 0.197932 0.951335 0.236188 -0.536183 -0.096631 0.838553 -0.820568 0.292616 -0.490963
59.119678 -92.355086 -9697.394481 -2408.616087 0.293193 0.916770 0.271240 -0.474500 -0.106763 0.873757 -0.829992 0.384883 -0.403706
51.122035 -93.989504 -4954.978468 -4232.009058 0.219907 0.935750 0.275706 -0.353314 -0.187037 0.916617 -0.909291 0.298981 -0.289483
41.866980 -94.512779 -1572.127351 -6886.686656 0.106988 0.958575 0.263983 -0.377743 -0.206410 0.902610 -0.919709 0.196286 -0.340011
61.971439 -98.557113 -8804.383049 435.717975 0.254123 0.926102 0.278848 -0.186758 -0.235900 0.953663 -0.948969 0.294425 -0.113010
51.326124 -104.344940 -5078.254575 -2789.021034 0.176855 0.947436 0.266623 -0.143672 -0.243141 0.959292 -0.973694 0.207962 -0.093119
-31.651097 -54.660415 3510.418053 -3524.978489 -0.199303 0.889920 0.410269 -0.665682 -0.430192 0.609756 -0.719129 0.151582 -0.678142
-31.269740 -59.660799 21.333982 -4493.983924 -0.217149 0.864728 0.452871 -0.583263 -0.486955 0.650138 -0.782720 0.122966 -0.610105
-30.707611 -51.157663 -1254.245762 -3111.281386 -0.188890 0.870458 0.454559 -0.684823 -0.448522 0.574322 -0.703802 0.202809 -0.680831
55.972122 -31.047730 18392.044434 -158.215550 0.090146 0.995872 -0.010653 -0.906545 0.077622 -0.414911 0.412371 -0.047060 -0.909800
55.754766 -28.673830 19437.875697 637.789695 0.026996 0.999318 -0.025176 -0.888576 0.012451 -0.458561 0.457935 -0.034750 -0.888306
25.596211 -27.228204 8667.868932 -1299.959038 0.028993 0.999479 -0.014176 -0.910561 0.020558 -0.412864 0.412357 -0.024879 -0.910683
76.918377 -36.250914 16237.670711 2961.869087 0.133145 0.986103 -0.099362 -0.884545 0.073010 -0.460706 0.447050 -0.149231 -0.881973
26.673933 -32.221464 9046.341340 -2322.182992 0.067384 0.997726 0.001208 -0.929904 0.063242 -0.362324 0.361576 -0.023291 -0.932052
52.931019 -33.223972 16118.096417 -1740.414465 0.146421 0.989207 -0.005579 -0.922540 0.134513 -0.361698 0.357044 -0.058107 -0.932278
72.336985 -34.958655 14075.358806 716.853558 0.194947 0.976926 -0.087243 -0.895426 0.140970 -0.422302 0.400259 -0.160446 -0.902247
-13.077496 -47.056499 771.556166 -1632.145599 0.090618 0.977091 -0.192564 0.195606 0.172130 0.965458 -0.976487 0.125155 0.175527
-11.079842 -43.909446 1992.151840 -2257.493886 0.072383 0.973243 -0.218082 0.079295 0.212348 0.973972 -0.994220 0.087791 0.061803
-15.479444 -47.868668 2305.284381 -2408.130991 0.067015 0.985448 -0.156208 0.156410 0.144248 0.977102 -0.985416 0.089913 0.144467
-15.246077 -48.542792 959.245923 -641.062477 0.102576 0.987516 -0.119542 0.290357 0.085217 0.953116 -0.951405 0.132477 0.277991
-16.886424 -44.511870 -1065.398147 -202.034566 0.129188 0.979743 -0.153017 0.309527 0.106758 0.944879 -0.942074 0.169430 0.289465
10.998167 -53.968499 459.729855 -430.470606 -0.304259 0.945091 -0.119290 -0.364474 0.000201 0.931214 -0.880105 -0.326809 -0.344399
14.946814 -53.822459 2013.649947 -313.199698 -0.261481 0.956040 -0.132725 -0.203276 0.079880 0.975858 -0.943561 -0.282148 -0.173453
21.312691 -53.907121 2780.901846 200.605967 -0.331210 0.941843 -0.056849 -0.162984 0.002237 0.986626 -0.929374 -0.336046 -0.152765
1.897377 -53.799965 658.814128 -143.101428 0.006224 0.998645 0.051658 0.986579 0.002297 -0.163270 0.163167 -0.051981 0.985228
3.119513 -52.803585 -344.599470 -682.006287 0.011038 -0.998097 -0.060673 0.999812 0.010047 0.016611 -0.015969 -0.060845 0.998019
1.245983 -54.026812 539.782170 -176.007691 0.035021 0.998291 0.046773 0.994142 -0.030010 -0.103829 0.102248 -0.050135 0.993495
2.805144 -51.174475 37.673751 -284.668456 0.032997 -0.996184 -0.080800 0.999163 0.034835 -0.021444 0.024177 -0.080025 0.996500
0.015952 -55.443735 372.019011 -219.910106 0.047899 0.997662 0.048741 0.964096 -0.033417 -0.263445 0.261200 -0.059610 0.963442
1.754204 -54.123673 450.245893 -671.300273 0.017612 0.998034 0.060150 0.945996 0.002843 -0.324165 0.323699 -0.062611 0.944086
2.384601 -51.886935 74.433508 159.814135 -0.012621 0.996491 0.082747 0.981952 0.027969 -0.187052 0.188710 -0.078893 0.978859
0.520066 -56.240643 784.994623 -701.382260 0.032814 0.998746 0.037799 0.944341 -0.018596 -0.328443 0.327328 -0.046473 0.943767
15.918187 -107.160247 717.454890 -411.938180 0.163161 0.974507 0.153997 -0.576642 -0.032458 0.816352 -0.800539 0.221997 -0.556646
17.500536 -100.445948 836.751143 6992.846156 0.169811 0.974512 0.146598 -0.405742 -0.066429 0.911571 -0.898075 0.214275 -0.384120
20.693602 -109.135396 -805.593639 3616.678761 0.078817 0.990150 0.115720 -0.543330 -0.054658 0.837738 -0.835811 0.128902 -0.533670
13.075623 -98.364957 2747.838915 -277.591228 0.258136 0.951626 0.166657 -0.461381 -0.030132 0.886690 -0.848819 0.305779 -0.431284
19.539175 -105.425488 -542.207934 -6662.148100 0.094450 0.989025 0.113616 -0.709222 -0.013242 0.704861 -0.698629 0.147153 -0.700188
15.536730 -98.629349 861.450970 -3645.346445 0.155655 0.972278 0.174491 -0.722687 -0.008336 0.691125 -0.673420 0.233679 -0.701356
11.983113 -97.732379 2527.115476 -1318.153685 0.228834 0.952258 0.202089 -0.615273 -0.019392 0.788075 -0.754370 0.304678 -0.581461
-9.510177 -55.293837 1112.895462 8094.991385 0.192671 0.976532 0.096246 0.970695 -0.175321 -0.164357 0.143626 -0.125092 0.981694
-9.633586 -41.260716 624.303675 3437.916367 0.206966 0.972092 0.110464 0.948502 -0.171692 -0.266207 0.239812 -0.159871 0.957565
-7.567714 -50.388629 526.676230 4765.853518 0.191464 0.977836 0.084723 0.970724 -0.175899 -0.163568 0.145040 -0.113560 0.982887
-5.798728 -50.159637 373.774033 2495.458994 0.152896 0.985168 0.077885 0.975446 -0.137805 -0.171799 0.158518 -0.102240 0.982048
-4.796729 -58.304257 -216.126747 4217.911689 -0.149643 -0.985945 -0.074287 0.988519 -0.147599 -0.032321 0.020902 -0.078271 0.996713
27.971485 -52.597793 885.249804 888.319633 -0.507127 0.850212 0.141285 -0.088366 -0.214356 0.972750 -0.857329 -0.480824 -0.183835
14.506583 -54.552431 714.556095 -213.007948 -0.475516 0.875848 0.082310 -0.288956 -0.243880 0.925757 -0.830897 -0.416428 -0.369050
26.281392 -52.597469 2320.312045 729.675370 -0.408975 0.912142 0.027129 -0.134253 -0.089547 0.986893 -0.902616 -0.399973 -0.159081
43.984280 -50.789343 5341.182502 1664.013716 -0.427604 0.898824 0.096283 0.052822 -0.081486 0.995274 -0.902421 -0.430669 0.012634
41.073716 -52.642288 6345.082069 1043.534710 -0.349856 0.936624 0.018337 0.051972 -0.000139 0.998649 -0.935361 -0.350336 0.048629
1.365929 -123.870310 320.147761 -769.155688 -0.038966 -0.003041 0.999236 0.999238 0.002178 0.038973 -0.002295 0.999993 0.002954
-1.520429 -126.997519 -87.924724 -773.776755 -0.011049 -0.000627 0.999939 0.977025 -0.212858 0.010662 0.212838 0.977083 0.002965
0.693296 -126.461355 -256.830368 638.190681 -0.014361 0.000004 0.999897 0.999849 -0.009768 0.014360 0.009767 0.999952 0.000136
2.968741 -112.885447 -1329.467676 -3954.602429 0.041830 -0.011825 -0.999055 0.048391 0.998780 -0.009795 0.997952 -0.047936 0.042351
1.847555 -102.749852 -1767.128792 -2341.089390 0.044582 -0.026715 -0.998648 0.176308 0.984162 -0.018456 0.983325 -0.175247 0.048585
1.206054 -107.906670 -1520.643073 -4646.378637 0.043310 0.000215 -0.999062 0.033328 0.999443 0.001660 0.998506 -0.033369 0.043278
-4.087799 -103.319017 -229.584194 8574.701562 0.142806 0.987861 -0.061137 -0.722146 0.061754 -0.688979 0.676840 -0.142540 -0.722198
-5.114434 -98.465174 -320.625754 7267.861551 0.145356 0.988607 -0.039081 -0.720192 0.078641 -0.689303 0.678377 -0.128340 -0.723418
-3.786372 -116.260914 -282.934669 9628.696164 0.163594 0.986407 -0.015435 -0.518967 0.072743 -0.851693 0.838994 -0.147342 -0.523813
-3.459539 -123.115376 -205.944544 6035.535993 0.165723 0.985920 0.022306 -0.261707 0.065776 -0.962903 0.950813 -0.153737 -0.268923
-2.594983 -126.952107 -254.228937 5228.038374 0.174481 0.984658 0.002086 -0.248501 0.046084 -0.967535 0.952787 -0.168298 -0.252730
-2.982420 -121.596133 -272.171261 9924.287812 0.164203 0.985814 -0.034746 -0.515415 0.055711 -0.855128 0.841061 -0.158323 -0.517252
1.155184 -129.320309 -2991.427054 -8758.025516 0.153427 0.107267 -0.982321 0.947245 0.267127 0.177118 0.281403 -0.957673 -0.060623
2.362510 -117.965246 -1701.345673 -12201.074900 0.194366 0.129458 -0.972349 0.974963 0.083662 0.206028 0.108021 -0.988049 -0.109955
-1.557194 -134.559233 860.291861 -17343.174185 0.153131 0.149453 -0.976839 0.963500 0.197072 0.181191 0.219588 -0.968931 -0.113820
-4.141562 -151.010826 -270.187487 -11729.722257 0.095039 0.117686 -0.988493 0.908685 0.395249 0.134423 0.406520 -0.911004 -0.069376
-3.465381 -140.451392 -61.194568 -20150.180192 0.125850 0.128225 -0.983728 0.982518 0.121016 0.141470 0.137187 -0.984334 -0.110754
-9.123557 -133.423031 -34.364221 12656.290027 -0.264864 -0.288430 0.920139 -0.651257 0.757216 0.049893 -0.711134 -0.586031 -0.388401
-8.521846 -122.849977 45.925293 3645.154823 -0.286548 -0.261165 0.921783 -0.511120 0.855445 0.083481 -0.810337 -0.447221 -0.378612
-9.329981 -136.826163 250.315120 15647.697715 -0.283636 -0.295454 0.912281 -0.611895 0.788260 0.065045 -0.738332 -0.539771 -0.404366
-9.950649 -156.323063 -1127.475220 -19413.323500 0.249310 0.316692 -0.915178 0.755416 -0.654914 -0.020841 -0.605963 -0.686144 -0.402511
-9.795439 -152.670824 -96.433859 -16328.285676 0.233294 0.315860 -0.919677 0.794517 -0.607202 -0.006996 -0.560639 -0.729067 -0.392612
0.171526 -185.895122 648.560571 9425.598261 0.118307 0.310556 -0.943164 0.831276 0.488551 0.265137 0.543123 -0.815398 -0.200359
1.435176 -174.127396 178.852454 18606.805386 0.118748 0.309270 -0.943531 0.658739 0.686476 0.307918 0.742941 -0.658105 -0.122210
-2.018771 -184.734717 1503.700287 10782.295161 0.099228 0.304560 -0.947310 0.784430 0.561796 0.262784 0.612228 -0.769174 -0.183160
-5.476778 -184.939117 2321.756469 12094.192803 0.076175 0.287626 -0.954709 0.735528 0.630250 0.248562 0.673198 -0.721149 -0.163548
-8.227512 -185.688687 2629.965090 -4828.391505 0.085548 0.292315 -0.952488 0.899514 0.388427 0.199997 0.428434 -0.873886 -0.229713
3.326771 -367.830277 -36434.536315 55708.378604 0.917510 -0.161741 -0.363340 -0.378572 -0.635182 -0.673221 0.121899 -0.755238 0.644016
42.123990 -380.376214 -42685.734783 17358.108040 0.898661 -0.166426 -0.405847 -0.335430 -0.856939 -0.391334 0.282658 -0.487809 0.825922
53.783985 -300.736462 -37935.156094 74478.525037 0.879723 -0.178567 -0.440683 -0.455661 -0.581434 -0.674023 0.135870 -0.793756 0.592867
-7.987822 -424.659902 -25382.185824 -32158.596227 0.906475 -0.102511 -0.409628 -0.264289 -0.894314 -0.361045 0.329325 -0.435538 0.837766
6.481522 -271.762047 -25391.470092 78406.082597 0.934716 -0.125359 -0.332552 -0.355178 -0.296802 -0.886430 -0.012420 -0.946675 0.321950
-31.555167 -398.637671 -16618.432218 42732.464797 0.919080 -0.052077 -0.390615 -0.315232 -0.691981 -0.649455 0.236476 -0.720035 0.652402
-27.505905 -351.751293 -18501.461240 98468.296603 0.933123 -0.043895 -0.356869 -0.348118 -0.358663 -0.866126 0.089977 -0.932434 0.349957
-65.929434 -1132.988704 -33500.331751 79559.501045 0.892863 0.003963 -0.450310 0.244881 -0.843465 0.478122 0.377926 0.537170 0.754069
-295.169274 -2025.946291 -291594.778809 6285996.591814 0.889062 -0.004964 -0.457761 0.250751 -0.831315 0.496023 0.383006 0.555779 0.737846
-917.165274 -1733.633326 -310543.726846 -2890.157669 0.807351 0.011419 -0.589962 0.588505 0.057238 0.806465 -0.042977 0.998295 -0.039491
-543.612248 -2327.832101 -209199.100277 1527038.594224 0.888246 0.039006 -0.457709 0.100015 0.956064 0.275569 0.448348 -0.290551 0.845319
12.409579 -25.501204 8919.055693 3075.040475 -0.484293 0.835224 0.260501 -0.850037 -0.519672 0.085893 -0.207115 0.179838 -0.961645
-5.262134 -25.272219 5245.682554 2728.487556 -0.517380 0.819902 0.245109 -0.831883 -0.549056 0.080668 -0.200719 0.162166 -0.966134
7.532651 -19.481360 9056.363845 1849.185734 -0.519058 0.811336 0.268911 -0.818126 -0.562689 0.118534 -0.247485 0.158477 -0.955843
27.132273 -19.453542 12735.721758 1821.832800 -0.504678 0.827145 0.247248 -0.832511 -0.542102 0.114244 -0.228530 0.148180 -0.962194
16.563322 -16.736028 12256.873521 268.731734 -0.527530 0.808263 0.261578 -0.805049 -0.573951 0.149920 -0.271308 0.131495 -0.953468
-1.694380 -18.316719 8081.077567 663.904729 -0.585547 0.764171 0.270514 -0.761260 -0.633047 0.140483 -0.278601 0.123672 -0.952411
-4.552880 -49.424956 527.597494 910.350256 -0.266131 0.962557 0.051553 -0.353120 -0.147117 0.923939 -0.896928 -0.227684 -0.379050
-8.668293 -49.957990 3115.573772 1675.408733 -0.256878 0.964334 0.063824 -0.330110 -0.149619 0.932009 -0.908318 -0.218344 -0.356771
-6.712959 -46.710596 288.032172 1085.647781 -0.268765 0.962719 0.030632 -0.245891 -0.099325 0.964195 -0.931291 -0.251610 -0.263419
-5.106085 -41.920342 -311.575648 1258.821555 -0.282751 0.959084 0.014524 -0.133148 -0.054240 0.989611 -0.949907 -0.277879 -0.143036
-7.068157 -44.122344 -138.092414 449.642486 -0.271444 0.960480 0.061614 -0.161380 -0.108532 0.980906 -0.948828 -0.256317 -0.184463
-9.294083 -45.185004 -1009.244507 1267.564531 -0.265164 0.962216 0.061867 -0.225014 -0.124146 0.966414 -0.937580 -0.242338 -0.249431
-5.812942 -60.399267 -1587.873577 -1231.021271 -0.080516 0.002231 0.996751 -0.231922 0.972510 -0.020911 -0.969396 -0.232852 -0.077785
-1.747766 -63.979348 -997.357204 1793.992954 -0.085682 0.025445 0.995998 -0.275758 0.960016 -0.048248 -0.957401 -0.278788 -0.075239
-2.221126 -61.744348 -845.818178 1622.491732 -0.057527 -0.038037 0.997619 -0.341218 0.939845 0.016158 -0.938222 -0.339476 -0.067046
-3.469511 -57.414933 381.269114 -1119.968736 -0.041309 -0.081154 0.995845 -0.300484 0.951564 0.065081 -0.952892 -0.296548 -0.063694
-23.277334 -39.049523 2513.395124 -2237.488301 -0.539187 -0.077488 -0.838614 0.195641 0.956994 -0.214213 0.819147 -0.279568 -0.500839
-14.301140 -36.943416 3713.042169 -1775.406020 -0.617906 -0.248668 -0.745893 0.093430 0.918725 -0.383686 0.780681 -0.306771 -0.544453
-18.382627 -39.174358 3134.063158 -765.467472 -0.600749 -0.187374 -0.777169 0.079331 0.953373 -0.291180 0.795492 -0.236580 -0.557874
-1567.464610 -5092.805038 -1373366.394587 7515393.844038 0.841026 0.075350 0.535722 0.243361 0.831711 -0.499031 0.483168 -0.550071 -0.681153
-1568.901400 -3319.688432 1021601.084351 3916267.083029 -0.748735 -0.395775 -0.531750 -0.241615 0.909953 -0.337058 0.617266 -0.123888 -0.776939
-1820.493165 -4077.569534 -779632.717608 4967952.409216 0.570927 0.807490 0.148335 -0.364712 0.411318 -0.835346 0.735546 -0.422821 -0.529333
-2679.914276 -6640.765369 2588493.448917 -10560775.749027 -0.051922 0.394293 -0.917517 0.876086 0.458986 0.147667 0.479352 -0.796156 -0.369266
2093.959183 -4086.245812 1126502.169471 -1485518.314808 0.541109 0.339359 0.769439 0.504969 0.600526 -0.619980 0.672464 -0.724019 -0.153585
1982.385176 -2950.328967 867327.642350 1591153.343502 0.185874 -0.110138 -0.976381 -0.049505 0.991386 -0.121255 0.981326 0.070874 0.178820
-611.245186 -12388.361571 -26318.623470 -9172471.890600 0.997466 0.068295 0.019924 -0.060853 0.964140 -0.258322 0.036852 -0.256455 -0.965853
397.811905 -1833.376690 -322468.744958 129986.753064 0.828279 -0.089723 -0.553085 -0.363286 -0.837503 -0.408181 0.426588 -0.539016 0.726282
-81.931071 -1305.433154 8421.123674 -19698.896218 0.858920 0.181452 -0.478886 -0.387349 -0.381503 -0.839295 0.334988 -0.906383 0.257395
9.804896 -296.761707 -3466.708544 14013.053763 0.911659 -0.400410 0.092463 -0.359554 -0.668243 0.651286 0.198994 0.626996 0.753178
-4.569705 -272.711266 -4728.902970 -29009.639733 0.923424 -0.376770 0.073023 -0.266778 -0.493391 0.827886 0.275894 0.783971 0.556123
11.334781 -265.548704 -3554.595032 -45714.953416 0.903029 -0.424001 0.069012 -0.217244 -0.312147 0.924862 0.370600 0.850169 0.373989
-9.883827 -310.739689 -5674.410018 3685.470217 0.935398 -0.339212 0.099829 -0.335124 -0.760404 0.556308 0.112796 0.553824 0.824958
20.320804 -262.166387 -2711.767123 -20225.640811 0.892481 -0.449324 0.039815 -0.248678 -0.416455 0.874485 0.376346 0.790363 0.483415
4.060633 -300.008232 -5132.819793 36118.570037 0.930008 -0.346489 0.122603 -0.367410 -0.867559 0.335188 0.009774 0.356772 0.934140
10.329325 -289.595949 -458.713872 33991.927286 0.912035 -0.407917 0.042365 -0.402505 -0.870530 0.283138 0.078617 0.275284 0.958143
18.082598 -300.683196 -704.004019 42112.781057 0.881996 -0.470243 0.030893 -0.405839 -0.724607 0.556992 0.239536 0.503803 0.829943
-15.906696 -32.868045 -2050.972277 -228.971089 -0.319036 0.768238 0.555002 0.829674 0.509450 -0.228257 0.458101 -0.387649 0.799920
-21.112759 -42.023555 -7540.137775 -4780.631424 0.084402 0.914263 0.396233 0.853493 0.138882 -0.502257 0.514224 -0.380573 0.768594
-23.873662 -40.015717 -3205.566632 -3354.518551 0.526396 -0.598179 -0.604226 0.678651 0.723706 -0.125229 0.512191 -0.344139 0.786911
-101.589464 -430.160224 -46455.611513 201235.969119 0.249094 -0.698805 -0.670541 0.920346 0.386357 -0.060751 0.301521 -0.601997 0.739381
-221.420699 -2482.225612 169534.217228 1087430.589794 -0.337182 0.839822 0.425449 0.802144 0.492849 -0.337143 0.492822 -0.227592 0.839838
-41.405617 -184.496915 -19873.643644 -34717.386248 0.389167 -0.702848 -0.595444 0.900522 0.154192 0.406553 -0.193932 -0.694428 0.692936
-158.022291 -711.515199 -840.099375 375931.748805 -0.313231 0.696114 0.645997 0.819027 0.542331 -0.187276 0.480709 -0.470428 0.740011
-20.737204 -245.267831 18552.924139 -122791.727458 0.621748 -0.369750 -0.690445 0.765982 0.103144 0.634533 -0.163404 -0.923388 0.347351
3516.115838 -14109.197802 -9687.555018 7118536.518219 0.618502 -0.691094 -0.373958 -0.400995 0.131678 -0.906567 -0.675765 -0.710669 0.195681
1.389762 -16.140293 4018.578713 -1232.994858 -0.618149 0.782684 0.072786 -0.243194 -0.102370 -0.964560 0.747495 0.613943 -0.253624
6.100076 -12.511971 3909.930740 -986.333299 -0.625317 0.779435 -0.038212 -0.176850 -0.189234 -0.965875 0.760068 0.597220 -0.256174
-0.687045 -16.649851 1867.154918 2967.582080 -0.554110 0.793489 0.251670 -0.349912 0.052304 -0.935321 0.755330 0.606333 -0.248669
-2.461939 -20.312416 1268.446294 2234.675251 -0.504696 0.789653 0.348898 -0.394255 0.148714 -0.906889 0.768013 0.595258 -0.236270
-2.845384 -51.840761 -1158.089830 -1126.215293 -0.110031 0.993917 0.004735 0.965729 0.108035 -0.236002 0.235078 0.021395 0.971741
-5.935996 -50.770984 -748.233772 -348.214745 -0.026367 0.999005 -0.035974 0.962274 0.015616 -0.271632 0.270800 0.041779 0.961728
-7.318555 -49.929788 -995.380654 -1088.974373 -0.090284 0.995916 -0.000324 0.990323 0.089743 -0.105865 0.105404 0.009879 0.994380
-7.188137 -43.992370 -1401.847689 -980.517060 0.021977 0.999602 0.017715 0.214687 0.012587 -0.976602 0.976436 -0.025266 0.214324
-8.677006 -44.627190 -1036.188120 904.962458 0.020624 0.999787 -0.000630 0.100772 -0.002706 -0.994906 0.994696 -0.020455 0.100806
-10.242751 -43.719307 -1071.892228 -257.725336 -0.010285 0.998436 0.054955 0.190724 0.055908 -0.980050 0.981590 -0.000402 0.191001
-8.528865 -39.956505 -1105.340512 -2375.714537 -0.020325 0.996259 0.083988 0.304509 0.086183 -0.948602 0.952292 -0.006294 0.305122
-10.404408 -40.417869 -385.022076 -1628.831219 -0.066430 0.987592 0.142298 0.275484 0.155223 -0.948691 0.959008 0.023821 0.282377
-12.642758 -43.002782 -1031.616015 -162.286520 -0.043850 0.994543 0.094670 0.169994 0.100807 -0.980276 0.984469 0.026892 0.173486
-20.199667 -84.606548 -1950.052699 -17180.333611 -0.080294 0.692640 0.716801 0.849672 -0.328432 0.412540 0.521162 0.642170 -0.562146
-21.533522 -86.645018 -934.862219 -16138.715461 -0.266089 0.742037 0.615287 0.804767 -0.180346 0.565531 0.530610 0.645644 -0.549179
-36.204820 -122.481665 847.010764 20831.205426 -0.167603 0.718155 0.675398 -0.681258 0.410829 -0.605894 0.712598 0.561670 -0.420393
-26.484414 -104.040518 -2294.977674 15407.248416 0.043004 0.616842 0.785912 -0.700884 0.579215 -0.416259 0.711978 0.532932 -0.457243
-43.784369 -142.365891 702.170102 13460.450396 -0.141529 0.729937 0.668701 -0.414112 0.569901 -0.709735 0.899156 0.377365 -0.221618
-37.145935 -125.906114 -1200.962689 10149.293720 -0.005026 0.684529 0.728968 -0.478602 0.638416 -0.602797 0.878017 0.351916 -0.324409
-39.922317 -142.928067 1008.666429 15804.861160 -0.284290 0.725337 0.626949 -0.433366 0.486093 -0.758886 0.855204 0.487442 -0.176145
-2.624482 -102.840763 212.183231 -3086.312480 0.160439 -0.240279 -0.957353 0.980226 -0.075030 0.183103 -0.115826 -0.967800 0.223490
-3.294260 -99.107758 106.991714 -1621.776608 0.151852 -0.255167 -0.954898 0.983627 -0.055850 0.171344 -0.097053 -0.965283 0.242508
-2.828520 -111.841215 173.552565 4367.357316 0.189881 -0.244519 -0.950871 0.938625 -0.238858 0.248859 -0.287974 -0.939764 0.184157
-2.026467 -114.484994 408.331188 5481.976709 0.198393 -0.228604 -0.953090 0.937042 -0.240893 0.252832 -0.287391 -0.943245 0.166420
-2.838901 -126.810468 140.161751 8380.593657 0.211520 -0.257843 -0.942749 0.865149 -0.399378 0.303339 -0.454728 -0.879781 0.138596
-2.335541 -134.887827 296.817040 13078.219998 0.215984 -0.239660 -0.946527 0.869376 -0.394066 0.298156 -0.444450 -0.887285 0.123243
-20.767306 -65.261977 -4696.799835 4021.840681 0.762344 -0.014754 -0.647003 0.205446 0.953545 0.220327 0.613696 -0.300889 0.729961
-29.822013 -72.626542 -5247.981701 4601.458933 0.732417 -0.000793 -0.680855 0.206979 0.952931 0.221544 0.648633 -0.303186 0.698107
-27.336857 -64.338816 -4054.840701 1828.333601 0.714528 -0.109387 -0.691002 0.228065 0.970166 0.082251 0.661389 -0.216364 0.718158
1.090042 -77.751760 254.416856 -2042.935358 0.001900 -0.480428 -0.877032 -0.488823 0.764663 -0.419932 0.872381 0.429511 -0.233391
-0.068789 -85.407933 411.330150 -7028.136671 0.022801 -0.509752 -0.860019 -0.606856 0.676570 -0.417107 0.794484 0.531419 -0.293920
0.332017 -75.023510 163.085344 -2660.149080 -0.011947 -0.467441 -0.883944 -0.484256 0.776129 -0.403881 0.874845 0.423230 -0.235633
0.925586 -76.575928 54.731153 5012.330989 -0.026993 -0.434964 -0.900043 -0.366242 0.842069 -0.395963 0.930128 0.318945 -0.182032
0.281087 -73.533716 -14.955217 -2698.294132 -0.026713 -0.449671 -0.892795 -0.485198 0.786689 -0.381712 0.873996 0.422985 -0.239195
1.062759 -74.664434 -128.028909 4458.848857 -0.032489 -0.435333 -0.899683 -0.366110 0.842777 -0.394576 0.930004 0.316564 -0.186761
1.315821 -54.865365 -278.605944 28.855154 0.760973 -0.374837 -0.529544 -0.568442 0.008210 -0.822682 -0.312719 -0.927055 0.206825
1.357494 -51.416867 202.026582 506.568977 0.747702 -0.354560 -0.561452 -0.585037 0.048235 -0.809571 -0.314123 -0.933788 0.171365
-0.483190 -54.206861 -329.761012 158.089309 0.784634 -0.382203 -0.488130 -0.471214 0.143990 -0.870186 -0.402874 -0.912791 0.067120
0.801867 -58.033611 -70.639418 856.039293 -0.847974 0.445123 0.287759 0.453633 0.890274 -0.040352 -0.274146 0.096319 -0.956852
1.051622 -66.005227 -196.077904 1444.396075 -0.865268 0.403714 0.297198 0.356916 0.912412 -0.200288 -0.352026 -0.067228 -0.933573
0.595525 -61.662340 -386.197859 1706.159936 -0.862552 0.418842 0.283859 0.387318 0.907564 -0.162209 -0.325560 -0.029970 -0.945046
27.855550 -126.774571 4742.445444 11806.394272 -0.555778 -0.289823 0.779175 -0.101843 0.953939 0.282184 -0.825069 0.077478 -0.559695
16.086462 -131.134906 4382.496778 8833.701686 -0.500731 -0.322726 0.803191 -0.253194 0.941923 0.220621 -0.827744 -0.092892 -0.553363
15.122326 -152.981886 1853.166369 11651.951399 -0.564179 -0.274292 0.778759 -0.300454 0.946742 0.115791 -0.769044 -0.168654 -0.616544
-26.415988 -118.666329 -4867.630348 -10316.869513 0.883028 -0.143338 -0.446896 -0.353211 -0.829984 -0.431705 0.309037 -0.539056 0.783527
-32.506532 -117.528660 -4803.237980 -13894.491022 0.856829 -0.144016 -0.495079 -0.369174 -0.841667 -0.394090 0.359936 -0.520438 0.774332
-27.987791 -102.537936 -5303.866673 -13013.297571 0.883246 -0.137841 -0.448192 -0.296254 -0.904928 -0.305515 0.363469 -0.402623 0.840110
-20.091070 -105.982996 -3849.238776 -10003.869418 0.899898 -0.143679 -0.411753 -0.293328 -0.898096 -0.327691 0.322712 -0.415667 0.850340
-19.212928 -119.404841 -3680.630701 -8134.644826 0.900277 -0.147646 -0.409515 -0.342772 -0.820326 -0.457790 0.268345 -0.552509 0.789129
2584.524005 -55.214518 -1659339.203768 31808.479161 0.771422 0.048474 0.634475 0.456076 0.653198 -0.604422 0.443737 -0.755634 -0.481784
2310.695669 -25.702854 -1340078.095198 -1753.771787 0.548061 0.244214 0.799993 0.507515 0.663162 -0.550132 0.664875 -0.707514 -0.239511
1986.616673 -57.453586 -1095185.584413 15678.850789 0.871220 -0.202357 0.447244 0.455845 0.671572 -0.584120 0.182156 -0.712772 -0.677330
-16.803253 -53.407800 -3050.586830 3796.167923 0.986515 -0.163619 -0.004171 -0.159901 -0.968908 0.188809 0.034934 0.185596 0.982005
-20.690295 -55.517318 -3488.577856 4586.340055 0.979712 -0.197314 -0.035090 -0.187653 -0.964649 0.185036 0.070360 0.174698 0.982105
-18.736837 -62.083404 -3613.037717 5706.677746 0.970509 -0.240311 0.019033 -0.236269 -0.932569 0.272933 0.047839 0.269381 0.961845
-13.591856 -58.762223 -1537.855707 4024.692986 0.982227 -0.186416 0.021898 -0.186187 -0.952894 0.239431 0.023768 0.239253 0.970666
-35.021677 -1635.909715 7659.329578 727532.665158 -0.336042 -0.083007 0.938182 0.835906 0.432696 0.337692 -0.433978 0.897710 -0.076019
18.087351 -1298.671829 3325.161554 104623.384896 -0.405996 -0.156438 0.900386 0.279336 0.916843 0.285254 -0.870137 0.367322 -0.328536
39.007812 -917.839107 28183.701053 325649.660622 -0.435234 -0.219077 0.873256 0.633003 0.615267 0.469845 -0.640218 0.757266 -0.129108
-189.672405 -2023.761587 -9125.405701 -1135347.893301 -0.488187 0.617635 0.616604 0.686419 -0.164597 0.708334 0.538983 0.769048 -0.343603
-11.017523 -2323.948154 -5949.806940 1105512.054196 -0.212274 0.416215 -0.884141 0.036938 0.907531 0.418358 0.976512 0.056148 -0.208020
-120.282974 -215.860888 -17915.069898 57480.070259 0.364957 -0.330493 -0.870391 -0.541835 0.684849 -0.487234 0.757114 0.649428 0.070867
-263.969087 -5159.382879 410195.623585 -3472767.259213 -0.794599 0.362238 -0.487233 0.452210 0.888595 -0.076848 0.405115 -0.281395 -0.869884
317.640099 -9850.628625 -116973.351196 -5043876.711942 0.723211 -0.095852 -0.683943 0.564271 -0.488987 0.665199 0.398200 0.867008 0.299554
45.971726 -4002.439435 15190.319873 1193284.821752 0.986600 -0.096123 -0.131834 0.110969 0.987682 0.110315 -0.119606 0.123466 -0.985114
21.530655 -498.984364 -12258.502958 224005.701861 0.573297 -0.065694 -0.816710 -0.391816 0.853440 -0.343687 0.719591 0.517035 0.463535
115.451119 -5360.030932 -59553.153297 3087516.806441 0.662261 0.074972 -0.745513 0.444727 0.761430 0.471637 -0.603015 0.643897 -0.470924
9.687779 -3170.287451 31495.281142 -393908.780850 -0.554692 -0.150190 0.818388 -0.571230 0.783898 -0.243311 -0.604990 -0.602451 -0.520615
190.511570 -3883.182135 -60657.576655 -3731576.484739 0.623589 0.178389 -0.761127 -0.546845 0.795305 -0.261629 -0.558657 -0.579368 -0.593494
479.622586 -6694.897163 -114728.345290 11000617.045681 0.512893 0.258036 -0.818754 0.720655 0.388840 0.573986 0.466473 -0.884433 0.013478
4006.542998 -10451.823350 1324574.591362 37750839.529280 -0.732680 -0.135557 0.666937 0.281173 0.832128 0.478022 -0.619776 0.537762 -0.571568
-58.739741 -1436.296818 70214.389630 313609.118022 0.734674 0.218033 -0.642429 -0.554773 0.738128 -0.383920 -0.390488 -0.638459 -0.663242
98.711177 -3751.310503 -10729.005941 -1287575.320527 0.459433 0.280482 -0.842764 0.752338 0.381467 0.537095 0.472132 -0.880802 -0.035759
-1.928980 -48.653349 -2056.862225 -10984.632406 0.373377 -0.017054 0.927523 -0.040721 0.998566 0.034752 -0.926785 -0.050745 0.372147
-3.284554 -46.386936 -608.956430 -8792.508242 0.407283 0.111398 0.906483 -0.084237 0.992885 -0.084168 -0.909409 -0.042079 0.413769
0.753605 -48.708758 -2157.691282 3217.757346 0.363929 0.075716 0.928344 0.098594 0.987959 -0.119229 -0.926194 0.134920 0.352082
2.345354 -41.865703 -1577.427933 -2007.807586 0.367885 -0.133128 0.920292 0.108225 0.989102 0.099820 -0.923552 0.062876 0.378284
8.540943 -48.552208 -2132.439401 18811.333973 0.384829 0.147168 0.911180 0.210326 0.947251 -0.241823 -0.898704 0.284705 0.333577
12.290562 -28.261770 -3320.121644 11684.044272 0.346765 0.036004 0.937261 0.275774 0.951182 -0.138569 -0.896495 0.306523 0.319908
-0.795648 -26.652450 -6986.900185 -3689.488754 0.406247 0.726903 0.553693 0.451680 0.366997 -0.813203 0.794323 -0.580453 0.179236
-15.311952 -42.322672 -2010.888933 -4359.027671 0.298029 0.622462 0.723685 0.446342 0.579279 -0.682066 0.843776 -0.526286 0.105189
-16.403627 -38.603817 4823.304218 -6544.829190 -0.205405 -0.502438 -0.839860 0.557229 0.645435 -0.522407 0.804552 -0.575299 0.147398
-6.114024 -19.712781 -8726.219409 -4452.416759 0.367909 0.679504 0.634758 0.523038 0.413180 -0.745462 0.768813 -0.606265 0.203394
-300.401483 -1460.481711 -168162.415906 -187054.395854 0.715025 -0.139978 -0.684942 0.307001 0.943096 0.127748 0.628084 -0.301621 0.717311
-285.298920 -1563.243647 -83719.424599 918370.933507 0.662670 -0.091559 -0.743293 -0.003562 0.992102 -0.125383 0.748903 0.085736 0.657110
-79.409783 -636.774666 -60745.498515 -97666.249178 0.757768 -0.151371 -0.634723 0.401272 0.875152 0.270352 0.514556 -0.459560 0.723903
-570.979062 -4788.881551 -258682.231890 -1758210.479116 0.888798 0.025735 -0.457576 -0.320886 -0.677908 -0.661418 0.327216 -0.734697 0.594265
212.190082 -1335.507473 -327705.589046 -490172.472706 0.859109 -0.227635 -0.458383 -0.504014 -0.531870 -0.680503 0.088894 -0.815657 0.571665
708.386703 -2026.264585 -1923502.492434 3284416.161480 0.901605 0.174572 -0.395769 -0.272224 -0.482045 -0.832783 0.336159 -0.858579 0.387092
6.349518 -423.279343 -2408.910867 -200905.703871 0.629068 -0.023886 -0.776983 0.444309 0.831215 0.334172 0.637858 -0.555438 0.533504
-0.899603 -1989.190883 -53517.466888 -571201.880132 0.725874 -0.059181 -0.685277 -0.687825 -0.065282 -0.722935 0.001953 -0.996110 0.088093
15.635950 -1958.112574 -90340.540285 420627.648176 0.698819 -0.062512 -0.712562 0.715298 0.060006 0.696238 -0.000765 -0.996239 0.086648
-57.226335 -1676.090945 -5253.707388 -548905.748267 0.591330 -0.098388 -0.800406 0.741372 0.456882 0.491555 0.317327 -0.884070 0.343110
-17.757004 -1236.941481 -8055.620333 -502176.645043 0.711703 0.098427 -0.695550 -0.493211 -0.635041 -0.594530 0.500221 -0.766182 0.403416
-8.262585 -33.818079 -2068.856433 -988.345120 0.535543 0.709228 -0.458464 -0.565821 0.704347 0.428651 -0.626929 -0.029847 -0.778505
-19.025690 -54.090112 1889.622434 -13870.486075 -0.726479 -0.338917 0.597799 -0.290890 0.939804 0.179307 -0.622584 -0.043631 -0.781336
-7.376649 -35.519326 -2236.992980 68.983808 0.424973 0.832775 -0.354800 -0.707595 0.550065 0.443550 -0.564541 -0.062558 -0.823031
-12.153564 -37.087229 4961.151842 1796.112827 0.552694 0.726039 -0.409142 -0.622703 0.686058 0.376252 -0.553869 -0.046822 -0.831286
-6.446755 -26.157074 4941.136616 -1199.246717 0.426975 0.827035 -0.365658 -0.742758 0.551399 0.379828 -0.515755 -0.109419 -0.849720
-20.077596 -41.036536 6562.203153 4050.545262 -0.631884 -0.617403 0.468547 -0.564160 0.780903 0.268166 -0.531456 -0.094886 -0.841755
58.835841 -73.731288 340.365839 29729.021849 0.529927 0.211730 0.821187 0.825284 0.094078 -0.556827 -0.195152 0.972790 -0.124882
76.305893 -225.416866 993.236132 88562.408539 0.445026 0.261418 0.856512 0.850706 0.175355 -0.495530 -0.279734 0.949163 -0.144353
59.456048 -70.484386 -5059.592048 41084.090763 0.407478 0.309818 0.859054 0.876027 0.133101 -0.463531 -0.257951 0.941433 -0.217173
-46.351672 -74.270430 -30.367687 2734.304445 -0.176757 0.844126 0.506170 -0.764742 0.205964 -0.610532 0.619619 0.495005 -0.609133
-38.925090 -67.931841 -1271.078563 -3960.731593 -0.376871 0.827409 0.416369 0.741780 0.000387 0.670644 0.554735 0.561600 -0.613901
80.248472 -35.124297 17959.297963 407.042348 0.058927 0.992187 -0.109969 -0.842596 -0.009637 -0.538459 0.535312 -0.124389 -0.835445
-15.386792 -42.294735 3102.392509 -2687.505628 0.051745 0.989927 -0.131787 0.025592 0.130606 0.991104 -0.998332 0.054657 0.018576
-9.197270 -38.009941 3211.083896 -2422.962495 0.067665 0.972159 -0.224340 -0.048311 0.227784 0.972512 -0.996538 0.054967 -0.062379
6.883712 -52.135428 -370.202776 384.015079 -0.222710 0.955807 -0.191922 -0.567063 0.033127 0.823008 -0.792994 -0.292124 -0.534625
8.197247 -52.829677 -552.969622 -547.816157 -0.236410 0.952174 -0.193586 -0.424700 0.077934 0.901974 -0.873922 -0.295452 -0.385963
7.241027 -53.176315 -468.556392 4.216685 -0.268336 0.947792 -0.172294 -0.518751 0.008537 0.854883 -0.811722 -0.318774 -0.489378
2.425608 -54.031925 524.581137 -559.846492 0.019266 0.998780 0.045477 0.998365 -0.021666 0.052902 -0.053823 -0.044384 0.997564
4.357858 -52.157882 115.232495 -940.013396 -0.037583 0.997385 0.061729 0.985886 0.026923 0.165238 -0.163144 -0.067067 0.984320
3.631806 -50.093058 -348.248703 -897.288299 -0.059943 0.994687 0.083697 0.990011 0.048523 0.132374 -0.127610 -0.090796 0.987660
15.032098 -88.964538 3205.451537 6035.674518 0.277451 0.948427 0.153323 -0.289390 -0.069674 0.954672 -0.916119 0.309245 -0.255134
-10.401127 -43.227010 484.093207 6839.351153 0.219498 0.964787 0.144936 0.945160 -0.173459 -0.276739 0.241854 -0.197731 0.949952
-10.859092 -38.379645 -32.976193 -340.034990 0.220835 0.962072 0.160153 0.926662 -0.155758 -0.342106 0.304186 -0.223956 0.925913
-10.819412 -43.694455 33.587064 -3875.206143 0.131282 0.978805 0.157183 0.944810 -0.075528 -0.318795 0.300167 -0.190360 0.934699
3.482386 -53.334417 -740.844514 -670.410462 -0.529984 0.838022 0.129755 -0.420530 -0.392598 0.817937 -0.736391 -0.378928 -0.560484
4.948697 -53.372816 146.261188 -514.323539 -0.448096 0.892845 0.045149 -0.471499 -0.278937 0.836590 -0.759539 -0.353585 -0.545966
54.193902 -39.280770 -3843.475817 4172.975824 0.388950 -0.219996 0.894606 0.714445 -0.541040 -0.443670 0.581623 0.811713 -0.053263
47.250339 -49.842054 12046.933964 6432.488606 0.292457 -0.305401 0.906200 0.741470 -0.526016 -0.416568 0.603896 0.793749 0.072608
59.356594 -51.872129 -1123.105499 6650.036272 0.273989 -0.129264 0.953006 0.839948 -0.450476 -0.302587 0.468420 0.883381 -0.014851
56.572614 -35.966129 -12634.531475 3590.417721 0.400960 -0.111280 0.909312 0.747006 -0.534863 -0.394846 0.530296 0.837579 -0.131332
63.147273 -65.927599 -2611.313257 7814.701125 0.230224 -0.059538 0.971315 0.921831 -0.306474 -0.237280 0.311810 0.950015 -0.015673
66.397506 -61.145617 2069.230614 6639.746970 0.258001 0.010925 0.966083 0.917506 -0.316040 -0.241455 0.302683 0.948683 -0.091562
59.626533 -72.049173 2046.641259 8135.735249 0.196759 -0.114798 0.973708 0.928047 -0.298530 -0.222728 0.316250 0.947471 0.047800
-5.107157 -92.301697 -333.796720 2180.728874 0.111121 0.989753 -0.089673 -0.848357 0.047473 -0.527291 0.517631 -0.134668 -0.844939
3.107590 -115.263405 -1501.623108 -5519.535004 0.180293 0.142752 -0.973199 0.971302 0.130213 0.199041 0.155137 -0.981156 -0.115179
2.240011 -108.235509 -636.953390 -4123.160889 0.191501 0.156873 -0.968875 0.981433 -0.019768 0.190782 0.010776 -0.987421 -0.157746
-8.407005 -123.941967 211.194090 4028.518503 -0.305613 -0.267231 0.913886 -0.476558 0.873868 0.096163 -0.824314 -0.406132 -0.394416
95.518760 -347.706301 -34766.507537 69143.387710 0.821021 -0.154862 -0.549493 -0.441264 -0.782841 -0.438686 0.362230 -0.602642 0.711064
80.697421 -381.670775 -41039.430529 1604.314514 0.866705 -0.160896 -0.472160 0.245067 0.961786 0.122103 0.434471 -0.221538 0.873015
45.515922 -391.512047 -40079.988756 53117.480695 0.883215 -0.170330 -0.436942 0.215240 0.975011 0.054995 0.416656 -0.142620 0.897807
23.787618 -400.944177 -24987.854115 69604.603854 0.880463 -0.140302 -0.452881 0.175683 0.983759 0.036784 0.440365 -0.111950 0.890812
-1.366858 -635.086116 -324.199215 227991.882813 -0.246912 0.136443 0.959384 0.299947 0.952177 -0.058222 -0.921448 0.273389 -0.276030
-2.118466 -283.932035 -2884.470554 71211.893585 -0.294035 0.189759 0.936768 0.486497 0.873347 -0.024209 -0.822717 0.448617 -0.349111
-0.272162 -288.300993 751.874923 89301.473308 -0.266527 0.190993 0.944714 0.620464 0.784061 0.016534 -0.737555 0.590568 -0.327478
254.922453 -3199.069777 495616.583013 -2365259.055301 0.722699 0.044344 -0.689739 0.617957 -0.488436 0.616084 0.309574 0.871472 0.380395
-1792.823078 -9599.760434 -181835.917005 -6648353.941703 0.649341 -0.388867 -0.653559 0.335022 0.917770 -0.213212 0.682727 -0.080510 0.726224
-12.840608 -33.421834 3714.175989 -3842.881346 -0.553199 0.802956 0.221883 0.819607 0.572266 -0.027485 -0.149046 0.166652 -0.974686
-18.743167 -27.555504 1191.727650 -1340.903498 -0.841434 0.496772 0.212619 0.507414 0.861687 -0.005205 -0.185797 0.103507 -0.977121
-3.730544 -62.340612 -1854.019354 -511.683123 -0.096067 0.052752 0.993976 -0.183444 0.980551 -0.069769 -0.978325 -0.189042 -0.084521
-0.176020 -64.262839 -1326.050419 935.435753 -0.107042 0.080736 0.990971 -0.151261 0.983773 -0.096488 -0.982681 -0.160223 -0.093092
114.974715 -141.374487 -45940.836401 -18706.003460 0.923594 0.382772 -0.021430 -0.052627 0.071217 -0.996072 0.379742 -0.921094 -0.085920
127.121245 -155.705538 -3348.923916 -24235.918226 0.727600 0.685687 0.020776 -0.007303 0.038026 -0.999250 0.685963 -0.726903 -0.032675
93.697504 -153.609593 -18211.211998 -10359.634559 0.839153 0.543468 -0.021550 -0.213611 0.292876 -0.931984 0.500192 -0.786681 -0.361858
60.726527 -142.549654 -45744.477726 -12439.995637 0.956549 0.285877 -0.057343 -0.138559 0.272647 -0.952084 0.256545 -0.918661 -0.300412
-2046.215445 -17304.009661 2381701.927383 -21342219.597798 -0.413321 0.724599 -0.551472 0.853113 0.519891 0.043707 0.318376 -0.452403 -0.833047
-1617.324875 -2839.965017 1071436.302139 -1662624.498017 -0.803476 0.485929 -0.343946 0.480850 0.870333 0.106321 0.351012 -0.079961 -0.932951
-1276.279357 -2157.966685 1005931.032856 243810.132791 -0.792093 0.300667 -0.531213 0.101713 0.923118 0.370821 0.601866 0.239693 -0.761777
-1812.847636 -3417.596110 1840300.292011 1699630.036150 -0.502298 0.787008 -0.358210 -0.296616 -0.545950 -0.783555 0.812229 0.287327 -0.507668
29.152600 -2040.863693 -79760.300068 -1553318.316244 0.972451 -0.226459 -0.055276 0.232752 0.930193 0.283844 0.012862 0.288890 -0.957276
6377.788315 -141.758439 -6576017.314536 -65476.782736 0.545687 0.521884 0.655639 0.828967 -0.450682 -0.331209 0.122632 0.724240 -0.678556
3044.763956 -683.696775 -3135328.787307 -298088.592997 -0.195587 0.861470 -0.468631 0.753678 -0.173706 -0.633873 0.627467 0.477175 0.615297
55.082100 -75.182025 64044.748494 21162.671607 0.591581 -0.447244 0.670824 -0.527696 0.414275 0.741561 0.609564 0.792685 -0.009069
2296.254351 -3256.850002 -4480849.496274 6932356.248262 0.760816 -0.110036 -0.639572 0.105050 0.993405 -0.045947 0.640409 -0.032230 0.767357
0.316271 -230.412629 -3008.389890 -51628.034035 0.904798 -0.418802 0.077100 -0.159104 -0.164525 0.973456 0.395001 0.893049 0.215496
-15.051408 -48.936089 17973.704060 -799.469351 -0.689142 -0.514815 -0.509950 0.693275 -0.263659 -0.670711 0.210839 -0.815751 0.538607
-35.656663 -66.779058 -2518.534042 -8764.704433 -0.172228 -0.677567 -0.715010 0.909577 0.169267 -0.379497 0.378162 -0.715717 0.587147
-33.623052 -53.867464 -1839.317817 -5601.321688 -0.235116 -0.708215 -0.665696 0.920665 0.057297 -0.386125 0.311602 -0.703668 0.638558
