16130
32250
-37.782830 -58.900124 -1243.527715 8692.490386 0.486490 0.785229 0.383069 0.282367 -0.556232 0.781585 -0.826799 0.272067 0.492324
-36.037577 -58.414021 -1144.283991 -6087.085523 0.602367 0.547791 0.580585 -0.054906 0.754062 -0.654504 -0.796329 0.362374 0.484299
-45.479187 -69.864238 628.891568 5429.652806 0.555508 0.739967 0.379289 0.115131 -0.520198 0.846250 -0.823502 0.426430 0.374168
-31.393860 -47.230572 -279.414561 -4380.989856 0.610872 0.376296 0.696589 -0.019365 0.886671 -0.461995 -0.791492 0.268731 0.548930
-45.703163 -81.765628 -353.367411 11111.168106 0.404236 0.914057 0.033062 0.299422 -0.166400 0.939499 -0.864257 0.369880 0.340953
-34.656174 -73.438979 -2562.118127 15967.423609 0.360215 0.917324 0.169594 0.403400 -0.317093 0.858324 -0.841139 0.240767 0.484270
-24.573192 -50.494165 -3336.923054 9161.318822 0.417853 0.813171 0.405157 0.386577 -0.562710 0.730695 -0.822166 0.148698 0.549483
-23.731018 -41.125598 -2646.395487 -4720.823454 0.553532 0.485196 0.676896 -0.162102 0.859991 -0.483879 -0.816900 0.158116 0.554684
-42.547408 -61.156817 675.202698 -1056.669001 -0.355291 0.926926 -0.120736 0.643857 0.149036 -0.750491 0.677656 0.344379 0.649758
-38.748879 -60.288371 286.993997 -2013.258962 -0.494059 0.863511 -0.101270 0.634304 0.278333 -0.721242 0.594613 0.420571 0.685241
-37.267867 -56.787811 -65.108807 -3018.281518 -0.400809 0.911366 -0.093617 0.719351 0.249780 -0.648185 0.567351 0.327142 0.755706
-39.505840 -58.957491 297.777838 -2557.530487 -0.233984 0.961320 -0.145310 0.759473 0.087413 -0.644640 0.607003 0.261194 0.750550
17.927604 -15.889155 -2615.024298 1398.031724 -0.627341 -0.629339 0.458667 -0.164791 0.682927 0.711656 -0.761109 0.370867 -0.532138
17.787600 -15.815067 -3633.204279 -470.130271 -0.655477 -0.609778 0.445557 -0.139784 0.677739 0.721893 -0.742166 0.410902 -0.529479
21.462063 -15.451689 156.641172 -443.210192 0.575065 0.678847 -0.456581 -0.181004 0.649837 0.738207 -0.797833 0.341874 -0.496573
20.151535 -18.505608 -553.047662 2618.727972 0.565473 0.676353 -0.472003 -0.190191 0.663796 0.723327 -0.802538 0.319251 -0.503995
16.318077 -19.745228 -2320.109507 2915.018347 -0.617516 -0.641216 0.455538 -0.195632 0.686162 0.700649 -0.761841 0.343544 -0.549159
30.165600 -44.763727 4003.187225 -414.476015 0.683478 0.436898 -0.584789 0.629828 0.052031 0.774990 -0.369019 0.898005 0.239608
24.282701 -45.075396 5007.032946 -730.445921 0.701553 0.402556 -0.588025 0.641667 0.002088 0.766981 -0.309980 0.915393 0.256842
26.989126 -44.739868 364.028847 -460.345075 -0.651446 -0.495038 0.574939 0.668898 -0.017134 0.743156 -0.358040 0.868702 0.342292
20.559672 -44.887650 4627.027520 161.124475 0.698243 0.402429 -0.592037 0.677511 -0.104437 0.728060 -0.231162 0.909474 0.345573
23.918174 -45.434239 678.713156 10.619387 -0.654948 -0.497810 0.568532 0.707194 -0.138639 0.693293 -0.266308 0.856133 0.442850
21.739692 -44.678612 5823.171015 -405.493376 -0.598359 -0.587548 0.544752 0.709636 -0.072957 0.700781 -0.371999 0.805894 0.460599
4078.230022 -101.315718 -1893506.109891 -2603.556999 -0.737111 -0.450505 -0.503700 -0.138687 0.830352 -0.539705 0.661388 -0.327966 -0.674540
487.342931 -48.038123 9106.728958 1418.719803 0.987311 0.118403 -0.105817 -0.154378 0.871788 -0.464923 -0.037202 -0.475359 -0.879005
427.082727 -45.871221 3123.523477 -405.046989 0.996145 0.062693 -0.061350 -0.087524 0.756773 -0.647792 -0.005816 -0.650664 -0.759343
4540.918912 -301.762410 1370888.693560 -26470.651450 -0.685741 0.431470 0.586168 -0.034822 0.784976 -0.618547 -0.727012 -0.444574 -0.523266
27695.316729 -581.737103 -10832055.990509 80547.153646 -0.771501 -0.437754 -0.461690 -0.052107 0.766705 -0.639882 0.634091 -0.469612 -0.614323
19675.517591 -198.537183 6278226.799165 113882.143490 -0.643900 0.537188 0.544814 -0.060904 0.673826 -0.736375 -0.762682 -0.507333 -0.401160
560.556587 -52.570205 -178177.483656 -1734.080589 0.937696 -0.265788 -0.223791 0.025579 0.695142 -0.718417 -0.346513 -0.667933 -0.658631
-2.390043 -62.803633 -77.779496 1954.726720 0.672428 0.613473 0.414116 0.696133 -0.334085 -0.635442 -0.251477 0.715568 -0.651707
-3.398960 -65.522970 -191.103284 8154.550991 0.680503 0.607428 0.409813 0.721072 -0.455703 -0.521910 -0.130270 0.650666 -0.748107
-2.321520 -67.982156 150.614197 8359.177430 0.678530 0.608973 0.410791 0.719411 -0.437869 -0.539183 -0.148475 0.661379 -0.735209
-1.936766 -65.246291 226.216034 64.006216 0.676464 0.612131 0.409503 0.687885 -0.326532 -0.648222 -0.263081 0.720189 -0.641962
-2.208668 -68.628908 127.173572 8414.580060 0.664835 0.621212 0.414838 -0.616959 0.143554 0.773792 -0.421137 0.770382 -0.478702
-3.110835 -68.819061 -294.060733 9507.869659 0.659022 0.624268 0.419501 -0.621256 0.137428 0.771463 -0.423948 0.769028 -0.478398
1.793650 -80.590380 1097.177971 828.556993 0.653943 0.624101 0.427617 -0.211255 0.693378 -0.688911 -0.726450 0.360172 0.585274
-0.491197 -84.252453 1796.250272 -329.695166 0.646836 0.673917 0.356987 0.256825 -0.633249 0.730094 -0.718084 0.380567 0.582687
6.614787 -82.528001 1067.841749 -2993.424336 0.654197 0.629236 0.419628 -0.352492 0.744547 -0.566921 -0.669160 0.222962 0.708881
7.350561 -79.190928 569.700036 -930.236103 0.660773 0.580623 0.475664 -0.267494 0.774277 -0.573535 -0.701303 0.251739 0.666934
12.061974 -79.586291 820.328988 -3162.014707 0.663123 0.584787 0.467217 -0.417337 0.807026 -0.417777 -0.621368 0.082050 0.779211
-1.015753 -73.248029 -403.979032 5965.405477 0.442145 0.882212 0.161895 0.862430 -0.368562 -0.346952 -0.246417 0.293026 -0.923804
-0.338240 -98.888095 -494.944653 -11695.481310 0.403576 0.895934 0.185548 -0.808916 0.254632 0.529922 -0.427529 0.363956 -0.827499
-0.975753 -79.543491 -289.671954 -10829.522334 0.425436 0.889982 0.164123 -0.838198 0.319126 0.442247 -0.341216 0.325716 -0.881749
-1.609991 -62.289121 -361.066818 4573.369724 0.482613 0.864578 0.139961 0.850089 -0.423946 -0.312438 -0.210791 0.269766 -0.939571
-1.013688 -64.560364 542.242467 8864.016468 0.456840 0.874194 0.164568 0.847498 -0.371523 -0.379101 -0.270267 0.312659 -0.910604
43.049267 -14.515055 7508.697986 -1852.917108 0.266298 0.957891 -0.107379 -0.856433 0.286253 0.429630 -0.442276 0.022446 -0.896598
40.801375 -20.260275 13471.870796 -2431.007749 0.275923 0.961096 -0.012698 -0.847498 0.249500 0.468506 -0.453447 0.118510 -0.883369
39.948439 -12.520874 762.977802 -1482.096146 0.085679 0.979112 -0.184390 -0.855176 0.167229 0.490620 -0.511207 -0.115650 -0.851641
36.948600 -9.874971 -1149.481948 -198.172577 0.210352 0.956056 -0.204228 -0.845659 0.282759 0.452668 -0.490523 -0.077487 -0.867976
27.772970 -13.738984 5198.681248 -190.913078 0.362061 0.922860 -0.131304 -0.832724 0.383518 0.399356 -0.418908 0.035251 -0.907344
1.940267 -21.377402 487.139182 2780.727014 -0.249324 0.708360 0.660351 0.914808 0.396007 -0.079399 -0.317747 0.584299 -0.746747
5.586737 -31.077933 1319.328771 3347.922924 -0.130593 0.754261 0.643456 0.920663 0.333072 -0.203574 -0.367865 0.565821 -0.737918
6.688454 -25.527185 1758.503788 1567.615452 -0.337902 0.671709 0.659264 0.893936 0.448192 0.001530 -0.294449 0.589857 -0.751910
4.946248 -17.092276 399.845778 -899.016028 -0.597574 0.492087 0.633052 0.754372 0.612590 0.235914 -0.271711 0.618533 -0.737286
12.190631 -85.661817 -3703.583811 -5645.031013 0.336506 0.940636 -0.044359 -0.931022 0.339395 0.134199 -0.141288 0.003860 -0.989961
2.631691 -91.341137 -8413.384997 8700.763616 0.354332 0.924929 -0.137678 0.929484 -0.364499 -0.056577 -0.102513 -0.107923 -0.988860
10.413148 -73.175059 -1644.574155 -6053.702988 0.335812 0.941884 -0.009237 -0.939352 0.334153 -0.077198 0.069625 -0.034601 -0.996973
4.538486 -74.301826 -4591.835912 12279.964893 0.321383 0.943077 -0.085546 0.938935 -0.305632 0.158081 0.122937 -0.131126 -0.983714
2.473523 -44.217895 -820.796029 303.695388 0.809502 0.291701 0.509527 0.308946 0.526341 -0.792160 0.499258 -0.798671 -0.335954
1.090843 -44.059486 350.655982 1320.050987 0.810244 0.307210 0.499127 0.310995 0.496479 -0.810426 0.496777 -0.811868 -0.306728
0.109387 -47.051868 -530.112704 1620.720146 0.802840 0.282113 0.525225 0.373435 0.448784 -0.811874 0.464752 -0.847942 -0.254950
1.910140 -41.956473 -31.382047 286.890446 0.819034 0.316467 0.478573 0.227770 0.586232 -0.777466 0.526596 -0.745775 -0.408063
1.972961 -48.205688 -1908.085019 1380.643421 0.805240 0.268991 0.528424 0.386669 0.437409 -0.811887 0.449527 -0.858090 -0.248208
3.156808 -43.081329 -519.769038 -181.903993 0.818222 0.316615 0.479861 0.202734 0.622156 -0.756188 0.537969 -0.716015 -0.444873
3.924712 -44.668774 -1085.349186 415.272450 0.809812 0.300666 0.503791 0.268062 0.574206 -0.773583 0.521870 -0.761503 -0.384402
4.995864 -48.131090 -1296.050087 581.577614 0.803071 0.288294 0.521501 0.357994 0.466204 -0.809008 0.476358 -0.836385 -0.271187
17.586374 -36.124789 3847.960005 -1923.908112 0.484437 0.757590 -0.437468 0.024264 0.488235 0.872375 -0.874489 0.433225 -0.218137
10.648233 -30.684204 2628.272374 -2303.331379 0.489932 0.725936 -0.482685 -0.029404 0.567135 0.823100 -0.871265 0.389070 -0.299203
11.675224 -36.966877 2587.016338 -1493.896825 0.504993 0.710833 -0.489590 0.050754 0.541794 0.838978 -0.861630 0.448526 -0.237525
16.860590 -39.776303 4318.304022 -908.964845 0.502441 0.733866 -0.457157 0.096903 0.477615 0.873209 -0.859164 0.483036 -0.168860
10.982728 -40.818381 2462.772683 -648.798196 0.511531 0.702163 -0.495280 0.135474 0.503287 0.853433 -0.848518 0.503656 -0.162322
8.643947 -37.769650 -155.204823 -2009.993768 0.500542 0.690541 -0.522121 0.043302 0.582386 0.811758 -0.864629 0.428928 -0.261607
1.533616 -229.074848 24.302253 -11535.196513 0.688511 -0.516647 -0.508948 0.557174 -0.072387 0.827235 0.464230 0.853133 -0.238023
0.374139 -224.731438 597.765116 -2027.270292 0.693410 -0.528832 -0.489407 0.331327 -0.369136 0.868309 0.639847 0.764248 0.080746
-1.047381 -238.024860 -642.642803 -17080.473724 0.711137 -0.512465 -0.481315 0.419404 -0.240227 0.875438 0.564256 0.824421 -0.044095
0.465947 -208.033114 201.411028 -10771.592025 0.706134 -0.503265 -0.498095 0.539423 -0.073349 0.838834 0.458691 0.861013 -0.219678
2.260783 -227.444581 -158.103956 -26085.374978 0.698629 -0.503948 -0.507891 0.618264 0.067953 0.783027 0.360092 0.861057 -0.359047
-3.116183 -108.625631 -74.504342 -6013.071000 0.796449 -0.433460 -0.421642 0.554953 0.800899 0.224916 -0.240200 0.413126 -0.878425
-2.655314 -101.465874 -283.484200 -4596.685850 -0.801240 0.436615 0.409124 0.498707 0.865122 0.053429 -0.330614 0.246842 -0.910913
-2.460421 -104.402814 436.257039 -2103.150933 -0.803146 0.429974 0.412407 0.504063 0.859413 0.085621 -0.317613 0.276645 -0.906967
-6.494193 -60.738120 -2784.463471 6206.146247 -0.323383 0.753900 0.571890 0.875778 0.467340 -0.120855 -0.358380 0.461766 -0.811379
-3.974246 -50.920373 -3210.988473 1898.250304 -0.358450 0.736318 0.573890 0.885148 0.463433 -0.041737 -0.296692 0.493017 -0.817868
3.885293 -60.942418 -5040.576294 4857.894424 -0.269982 0.798221 0.538473 0.877975 0.433683 -0.202678 -0.395308 0.418047 -0.817905
12.351491 -56.031215 -4680.826618 3702.701610 -0.251351 0.803572 0.539531 0.878100 0.423796 -0.222118 -0.407139 0.417933 -0.812139
12.614040 -69.874829 -4830.090819 -7630.723994 -0.218106 0.827556 0.517282 -0.829876 -0.436189 0.347916 -0.513553 0.353397 -0.781904
3.144560 -76.099504 -3920.269383 -8214.114714 -0.256562 0.809380 0.528281 -0.822349 -0.469994 0.320701 -0.507857 0.352151 -0.786175
-23.529785 -1131.279622 -3203.389497 -337035.770028 0.724610 -0.360574 -0.587305 -0.612133 -0.728247 -0.308138 0.316596 -0.582789 0.748414
305.135290 -6003.446766 -9537.600512 1968446.244040 0.738702 -0.501312 -0.450561 0.410745 0.864804 -0.288793 0.534423 0.028267 0.844744
-49.670369 -2155.925992 31300.801322 -793902.792359 0.808373 -0.222518 -0.544994 -0.440296 -0.843056 -0.308862 0.390734 -0.489634 0.779478
-10.401447 -599.997918 3310.999901 173126.040865 0.801105 -0.158715 -0.577096 0.321768 0.927217 0.191661 0.504674 -0.339232 0.793868
-18.089141 -1131.094174 2780.490008 292851.529683 0.763896 -0.321644 -0.559471 -0.635705 -0.225813 -0.738165 -0.111090 -0.919540 0.376969
-25.318899 -1076.925865 -4894.596282 286862.368533 0.798421 -0.272795 -0.536756 -0.595601 -0.227223 -0.770473 -0.088218 -0.934855 0.343896
-27.756592 -1273.492831 1481.105325 -368591.375688 0.703839 -0.222646 -0.674566 -0.669360 -0.525813 -0.524859 0.237838 -0.820944 0.519118
209.198311 -4448.607959 25226.234855 -5062128.089279 0.826654 -0.533957 0.177576 -0.301288 -0.686521 -0.661751 -0.475256 -0.493537 0.728390
-448.030549 -2463.515775 163913.528589 -596002.142886 0.690767 -0.707926 0.147249 0.721547 0.688102 -0.076712 -0.047016 0.159237 0.986120
-205.182903 -1392.363199 94200.889003 24612.059519 0.749427 -0.648289 0.134464 -0.202850 -0.418149 -0.885440 -0.630247 -0.636296 0.444878
40829.880341 -127303.313221 -581419.307983 242392387.451223 0.749544 -0.654672 0.097919 0.326610 0.237094 -0.914938 -0.575768 -0.717768 -0.391535
-11.568326 -44.296353 -1537.672892 1490.236948 0.810983 0.130346 0.570366 0.057160 0.952552 -0.298961 -0.582271 0.275054 0.765053
-12.720091 -44.383966 101.472483 1714.881791 0.803735 0.165847 0.571407 0.041370 0.942466 -0.331734 -0.593548 0.290265 0.750631
-10.071716 -46.476469 -1143.166495 -670.145934 0.801786 0.088353 0.591043 0.002499 0.988506 -0.151158 -0.597605 0.122673 0.792350
-14.842896 -43.474116 -1090.460579 3168.911024 0.804100 0.206763 0.557380 0.076916 0.893507 -0.442413 -0.589498 0.398616 0.702565
-12.120472 -45.430809 -529.809569 -946.927817 0.824750 0.089010 0.558449 0.023717 0.981221 -0.191421 -0.565000 0.171119 0.807151
-12.309786 -41.162534 -2023.064977 2960.706521 0.816829 0.158665 0.554631 0.099186 0.908488 -0.405969 -0.568288 0.386619 0.726343
-14.674742 -43.112025 -63.720488 953.204678 0.840428 0.093869 0.533732 0.076060 0.954704 -0.287673 -0.536559 0.282364 0.795220
177.736844 -497.071267 -40984.018809 113030.860535 0.249152 -0.396393 0.883626 0.817354 0.575470 0.027689 -0.519476 0.715337 0.467373
-92.596532 -593.261367 8492.117237 177506.959404 0.148140 -0.540174 0.828412 0.969796 0.243477 -0.014661 -0.193780 0.805562 0.559927
-303.784741 -1379.150594 -70771.727345 409359.114379 -0.161782 0.383012 0.909466 0.982742 -0.021234 0.183760 0.089694 0.923499 -0.372966
483.000112 -32639.966313 66194.787386 -14836993.521195 0.602496 -0.432956 0.670483 0.245531 0.899882 0.360453 -0.759416 -0.052547 0.648480
11.278777 -270.740191 4226.268520 -66496.181988 0.829145 -0.558126 -0.031856 -0.542342 -0.816901 0.196311 0.135589 0.145493 0.980024
-3.342851 -422.036597 5540.722247 125104.286707 0.777374 -0.628628 -0.022745 0.621687 0.773298 -0.124562 0.095891 0.082691 0.991951
112.409338 -1820.063826 42382.366594 -658250.589567 0.853506 -0.519228 -0.043933 -0.513022 -0.822536 -0.245447 -0.091307 -0.232028 0.968414
-32.717609 -54.833707 -492.736561 -480.209892 -0.637754 0.757526 -0.139372 0.112552 -0.087350 -0.989799 0.761973 0.646935 0.029554
-33.619334 -55.025180 -177.154766 -750.065253 -0.690666 0.711631 -0.128690 -0.000310 -0.178243 -0.983986 0.723174 0.679566 -0.123327
-32.085780 -53.127975 -1833.401204 1.833445 -0.686869 0.716307 -0.122940 0.076898 -0.096580 -0.992350 0.722701 0.691069 -0.011255
-35.766849 -55.019013 1101.380259 -240.931182 0.755168 -0.647121 0.104669 -0.003559 0.155620 0.987811 0.655522 0.746335 -0.115216
-33.092281 -54.175800 -1154.715289 849.929683 -0.657549 0.739525 -0.143985 0.188989 -0.023098 -0.981708 0.729323 0.672733 0.124574
-34.704008 -54.395329 666.325466 -43.187577 0.729705 -0.655257 0.195368 -0.176624 0.095393 0.979645 0.660556 0.749359 0.046125
3.065318 -23.717371 -1431.588783 -2484.119866 -0.759410 -0.439626 -0.479610 -0.501656 0.865066 0.001372 0.414291 0.241641 -0.877481
0.627413 -18.908240 -1313.890522 -2913.755956 -0.823073 -0.287925 -0.489541 -0.346727 0.937434 0.031603 0.449813 0.195748 -0.871407
-0.905197 -31.917932 -4396.958216 -2502.226375 -0.723800 -0.468302 -0.506761 -0.543369 0.839494 0.000303 0.425281 0.275578 -0.862086
-1.194490 -33.094140 -406.828801 -1705.656461 -0.678829 -0.556534 -0.479020 -0.629074 0.777260 -0.011561 0.378757 0.293491 -0.877728
-2.539575 -26.008541 4141.055679 -3286.222437 -0.765718 -0.467354 -0.441877 -0.524700 0.851241 0.008920 0.371975 0.238683 -0.897031
13.499996 -68.833768 -1434.879382 7493.104856 0.741353 0.659181 0.126002 -0.670612 0.734892 0.101059 0.025981 0.159419 -0.986869
14.663146 -75.531092 955.799067 5843.246100 0.748743 0.650816 0.125790 -0.659056 0.751221 0.036227 0.070919 0.110028 -0.991395
15.419463 -73.490456 1541.285963 3646.551222 -0.721095 -0.680836 -0.128390 -0.683088 0.729612 -0.032513 0.115810 0.064257 -0.991191
14.655180 -65.173581 -1058.683654 -4516.366154 0.701627 0.692674 0.167099 0.705509 -0.708200 -0.026647 0.099882 0.136586 -0.985580
17.248314 -25.243276 -4236.653618 1537.468014 0.218128 0.972688 0.079364 0.904098 -0.170786 -0.391713 0.367460 -0.157196 0.916658
11.399377 -20.228482 -4026.426164 -264.948478 0.029597 0.982401 0.184427 0.951261 0.028979 -0.307023 0.306964 -0.184525 0.933662
23.791489 -25.573218 -4690.822091 -759.532517 0.137104 0.985321 0.101709 0.946046 -0.099817 -0.308274 0.293597 -0.138487 0.945845
6.179949 -20.617493 -3374.361941 1019.733386 0.127300 0.980644 0.148771 0.920252 -0.060815 -0.386571 0.370040 -0.186117 0.910181
26.557557 -29.596421 -2717.801111 343.389929 0.227140 0.973794 0.011526 0.910703 -0.208201 -0.356754 0.345005 -0.091530 0.934127
18.568769 -29.418770 -2426.085647 756.421946 0.333052 0.942577 -0.024998 0.836654 -0.307644 -0.453173 0.434841 -0.130015 0.891072
10.862060 -23.209789 -4064.943396 705.896797 0.308859 0.949721 0.051344 0.856386 -0.254209 -0.449423 0.413774 -0.182779 0.891842
-26.623291 -52.445551 2031.961500 -2915.670627 0.038529 0.864403 -0.501321 -0.811973 0.319497 0.488489 -0.582422 -0.388238 -0.714182
-19.311436 -45.508431 2495.887232 -2420.682106 0.239915 0.778728 -0.579675 -0.820721 0.481626 0.307331 -0.518515 -0.402019 -0.754668
-23.279019 -49.106845 1183.766720 -6180.795933 -0.009526 0.845294 -0.534216 -0.873671 0.252843 0.415655 -0.486424 -0.470689 -0.736100
-19.059341 -52.052247 -1968.819180 -1964.833002 -0.154132 0.827851 -0.539357 -0.795534 0.219763 0.564651 -0.585978 -0.516107 -0.624711
-26.697868 -56.945363 1744.138297 -2483.480431 -0.073467 0.870782 -0.486149 -0.776381 0.256028 0.575919 -0.625968 -0.419748 -0.657249
-14.745385 -49.627266 -3259.596281 8207.603200 -0.182545 0.817578 -0.546117 0.879607 -0.112367 -0.462240 -0.439283 -0.564748 -0.698635
-1.606734 -65.995197 2172.193594 -94.917403 0.698585 0.567285 -0.436081 -0.136760 0.704077 0.696830 0.702336 -0.427156 0.569440
-3.817110 -65.347515 606.019358 1094.427253 0.715257 0.565522 -0.410600 -0.120241 0.678348 0.724835 0.688440 -0.469072 0.553192
-1.006807 -64.164466 3112.442553 -1479.346184 0.687992 0.571354 -0.447460 -0.006600 0.621477 0.783405 0.725688 -0.536023 0.431342
-0.271307 -67.828792 2051.393325 -399.329799 0.698496 0.561026 -0.444245 -0.176469 0.736656 0.652838 0.693514 -0.377609 0.613555
-2.692763 -67.693423 2504.110177 -259.759706 0.688197 0.575280 -0.442083 -0.246264 0.758375 0.603507 0.682450 -0.306463 0.663583
1.898222 -64.790216 1175.179895 -1008.016086 0.714993 0.541691 -0.441991 -0.028652 0.654372 0.755630 0.698545 -0.527606 0.483392
20.171701 -96.391163 -4907.186012 7435.119429 0.332111 0.592528 -0.733903 0.943163 -0.198654 0.266420 0.012068 -0.780671 -0.624826
10.802189 -95.146947 -5728.537817 10234.213707 0.325808 0.557607 -0.763495 0.940975 -0.112897 0.319092 0.091732 -0.822392 -0.561477
14.057665 -82.413907 -3898.645475 6764.421595 0.337046 0.605288 -0.721129 0.914419 -0.028112 0.403792 0.224138 -0.795510 -0.562962
14.817754 -81.642466 -943.864591 793.541239 0.396780 0.647374 -0.650748 0.853588 0.000495 0.520949 0.337571 -0.762173 -0.552394
20.335434 -89.041445 -2334.556919 5045.412104 0.344143 0.626134 -0.699658 0.925286 -0.099648 0.365946 0.159412 -0.773321 -0.613646
8.883763 -72.641417 -1312.505433 2507.048848 0.405917 0.635329 -0.656954 0.830775 0.043040 0.554941 0.380846 -0.771042 -0.510345
-1.010019 -148.594527 2663.897207 -1086.080539 0.655801 0.607598 -0.448052 0.737082 -0.387026 0.554005 0.163205 -0.693568 -0.701661
-2.472863 -146.618820 2980.879400 -1031.430972 0.676089 0.610287 -0.412859 -0.647779 0.225300 -0.727751 0.351120 -0.759466 -0.547655
-3.898581 -152.976396 484.706103 1192.436583 0.684560 0.580234 -0.441255 -0.669070 0.259857 -0.696290 0.289348 -0.771883 -0.566105
-2.238278 -162.457315 1822.042170 -3771.708517 0.671848 0.594695 -0.441541 0.727026 -0.415499 0.546621 0.141612 -0.688258 -0.711511
5.679621 -69.504897 223.352721 -2081.873458 -0.521318 -0.667238 0.531997 -0.535383 0.741189 0.404973 -0.664524 -0.073702 -0.743623
3.894014 -67.142005 -561.139500 259.231294 -0.514080 -0.685161 0.516018 -0.602292 0.716686 0.351576 -0.610709 -0.130056 -0.781101
5.210185 -72.621256 321.331606 -2964.530243 -0.539395 -0.651242 0.533795 -0.472090 0.758805 0.448717 -0.697270 -0.009964 -0.716740
7.313117 -73.527414 -568.682114 -4461.512307 -0.545049 -0.647130 0.533052 -0.417082 0.760825 0.497179 -0.727299 0.048660 -0.684593
-6.257243 -52.836165 -393.793430 -814.706554 0.732891 0.649665 -0.202007 0.270751 -0.550901 -0.789432 0.624152 -0.523874 0.579648
-4.440033 -60.995187 -406.870537 2492.608679 0.729395 0.655093 -0.197068 0.331992 -0.590847 -0.735310 0.598134 -0.470907 0.648446
-4.132786 -55.060240 305.747593 -542.927154 0.739494 0.626036 -0.247442 0.250975 -0.597481 -0.761595 0.624628 -0.501094 0.598953
-17.244954 -31.276603 2661.217328 -1148.411730 0.244018 0.871801 0.424757 0.947266 -0.120464 -0.296945 -0.207709 0.474818 -0.855222
-26.658094 -37.657670 3384.230945 -15.963415 0.049452 0.904181 0.424278 0.975802 0.046850 -0.213578 -0.212990 0.424573 -0.879984
-23.309382 -35.405678 2567.501195 1981.385307 -0.260241 0.821324 0.507642 0.925161 0.362572 -0.112331 -0.276317 0.440417 -0.854214
-17.012087 -27.193757 1638.181272 -223.091494 -0.005547 0.861877 0.507088 0.964684 0.138159 -0.224271 -0.263353 0.487935 -0.832204
-17.444858 -32.037530 2130.270535 2870.022871 -0.410109 0.721610 0.557753 0.855220 0.516741 -0.039717 -0.316875 0.460713 -0.829056
-19.807070 -45.512157 -5014.303075 -4039.635340 -0.675958 -0.638171 -0.368537 -0.410595 0.741418 -0.530765 0.611958 -0.207455 -0.763197
-17.162348 -34.451633 -4307.491200 -1641.265236 -0.731813 -0.447741 -0.513787 -0.163025 0.847025 -0.505936 0.661719 -0.286491 -0.692857
-28.180049 -41.439103 -4676.457012 -556.254362 -0.780933 -0.265337 -0.565456 -0.008633 0.909786 -0.414989 0.624555 -0.319197 -0.712772
-12.650875 -88.664760 -1610.380847 -313.019886 0.584989 0.649419 -0.485842 -0.464857 0.759351 0.455294 0.664602 -0.040495 0.746100
-11.352885 -87.277569 -1805.954239 -2315.664496 0.576277 0.652917 -0.491532 -0.279527 0.722640 0.632184 0.767964 -0.226916 0.598949
-11.985825 -88.548019 -1000.796830 -413.564802 0.565618 0.633560 -0.527900 -0.416275 0.771945 0.480434 0.711893 -0.051991 0.700361
-3.610170 -41.737876 1008.852361 -835.900686 0.511376 0.809740 -0.287778 0.814826 -0.350480 0.461761 0.273046 -0.470622 -0.839024
-1.371646 -37.560677 489.440507 259.231544 0.520560 0.810544 -0.268396 0.826611 -0.399690 0.396185 0.213850 -0.428097 -0.878067
1.003360 -36.918412 1232.311144 -655.740479 0.462294 0.836290 -0.294793 0.861575 -0.345014 0.372363 0.209696 -0.426127 -0.880024
14.228153 -279.714395 6226.872189 -62744.612092 -0.655954 -0.622382 0.427043 0.708715 -0.313187 0.632168 -0.259706 0.717325 0.646527
17.223226 -193.447536 -8990.903460 -49773.745363 0.636072 0.649005 -0.417378 0.566484 -0.025485 0.823678 -0.523935 0.760357 0.383861
26.601803 -186.868655 -6626.176049 -47270.898644 0.675499 0.592854 -0.438434 0.618850 -0.132539 0.774247 -0.400906 0.794328 0.456418
27.401119 -116.806955 -3686.383409 -27798.131716 0.701749 0.565154 -0.433762 0.509712 0.027089 0.859918 -0.497736 0.824541 0.269056
26.520573 -283.297510 3909.368683 -62674.125358 -0.684236 -0.552676 0.475784 0.711453 -0.362592 0.601965 -0.160177 0.750384 0.641302
29.481078 -170.970583 892.771114 -35793.392801 0.721207 0.491376 -0.488272 0.605999 -0.106059 0.788363 -0.335597 0.864465 0.374264
-1.587580 -108.509507 83.803611 6487.015234 -0.447255 -0.652934 0.611261 -0.654038 0.704927 0.274431 -0.610080 -0.277047 -0.742325
-2.780939 -99.288744 1475.801343 1821.579042 -0.468149 -0.597628 0.650904 -0.465718 0.792871 0.393017 -0.750962 -0.119147 -0.649508
-2.574516 -105.617582 1161.505985 2116.317012 -0.438011 -0.642237 0.629030 -0.643641 0.712538 0.279314 -0.627593 -0.282527 -0.725469
-6.388500 -39.454196 997.237698 1055.798673 0.304738 0.922172 -0.238188 0.324812 -0.335714 -0.884191 0.895339 -0.192081 0.401838
-7.083757 -40.308995 582.873638 -325.502409 0.317347 0.915526 -0.247191 0.411425 -0.367777 -0.833948 0.854412 -0.162951 0.493384
-8.920121 -39.940665 930.958740 -170.319324 0.325619 0.918754 -0.223301 0.379948 -0.343412 -0.858899 0.865801 -0.194831 0.460900
-8.110193 -39.093072 1303.194415 1050.048499 0.316237 0.920757 -0.228476 0.306989 -0.327198 -0.893700 0.897637 -0.212481 0.386134
-2.072021 -295.460224 2859.551165 -42223.371712 0.664731 0.634731 -0.394018 0.733378 -0.654960 0.182165 -0.142440 -0.410055 -0.900870
-0.940652 -245.645094 -3654.469933 33674.138650 -0.694874 -0.618971 0.366095 -0.617424 0.774507 0.137574 -0.368698 -0.130439 -0.920352
1.074194 -282.426041 -1381.133708 45985.682511 -0.679821 -0.615690 0.398458 -0.618012 0.773468 0.140739 -0.394847 -0.150575 -0.906324
4.266356 -248.540358 -2387.623591 36724.962967 -0.694503 -0.607889 0.384886 -0.460792 0.786636 0.410943 -0.552573 0.108048 -0.826431
1.850036 -319.391725 -110.840779 58265.470287 -0.667061 -0.623163 0.408286 -0.643072 0.758326 0.106772 -0.376150 -0.191334 -0.906588
0.589485 -317.872232 2.434783 -35220.599432 0.654162 0.628087 -0.421401 0.746614 -0.625354 0.226935 -0.120990 -0.463076 -0.878022
-5.983412 -13.601407 291.521410 -371.538580 0.522244 0.789513 -0.322383 0.822779 -0.367057 0.433941 0.224269 -0.491873 -0.841287
-7.571288 -14.217876 362.576459 -1513.310369 0.723758 0.661902 -0.195090 -0.656753 0.573962 -0.489126 0.211779 -0.482135 -0.850115
-6.482173 -14.368557 -431.507658 -146.915551 0.652196 0.718402 -0.241948 0.723976 -0.495685 0.479745 0.224720 -0.488052 -0.843390
36.706834 -92.131316 -947.774861 8179.699535 0.629749 0.226567 -0.743023 0.608444 -0.738519 0.290492 0.482921 0.635025 0.602935
31.449441 -86.188543 -8564.261688 6597.432866 -0.557408 -0.037272 0.829402 0.591150 -0.719265 0.364966 0.582957 0.693735 0.422957
31.761006 -74.647482 4410.633717 -5538.450314 0.545708 0.176667 -0.819141 -0.533698 0.826900 -0.177208 0.646041 0.533877 0.545533
34.042382 -82.893819 -4959.130401 -5977.243563 0.621926 0.288655 -0.727933 -0.539119 0.832030 -0.130675 0.567942 0.473713 0.673080
-3.664875 -31.292882 1029.353938 -3904.864091 0.463592 0.780551 -0.419312 0.763262 -0.592152 -0.258432 0.450016 0.200238 0.870282
-5.971179 -37.929447 802.357331 -2566.930208 0.437176 0.805092 -0.400879 0.729646 -0.578091 -0.365278 0.525827 0.132809 0.840160
-4.509480 -35.136456 -143.496720 -3584.938362 0.387981 0.837252 -0.385331 0.782341 -0.520190 -0.342555 0.487250 0.168556 0.856841
-17.242737 -31.693746 1409.931886 1361.079727 0.332694 0.943027 -0.003821 0.538135 -0.193175 -0.820424 0.774420 -0.270894 0.571743
-18.802370 -36.307988 -304.819786 1890.378379 0.241193 0.948771 0.204106 0.653327 -0.003221 -0.757069 0.717627 -0.315948 0.620635
-17.595267 -32.341114 429.945395 913.673913 0.332843 0.940646 0.066342 0.531887 -0.129180 -0.836904 0.778660 -0.313844 0.543314
2.974112 -177.793551 -279.529283 -30648.595603 0.755915 0.564013 -0.332388 -0.087225 -0.416424 -0.904977 0.648833 -0.713078 0.265585
-0.017651 -179.503938 -615.197648 -24200.573372 0.765318 0.537760 -0.353698 -0.102581 -0.440590 -0.891828 0.635426 -0.718815 0.282027
0.418549 -122.795395 -740.202859 -6013.994945 0.769454 0.567496 -0.293066 0.059058 -0.520098 -0.852063 0.635965 -0.638315 0.433707
-15.534511 -125.159230 231.920104 34361.341734 -0.407028 -0.036309 0.912694 0.294146 0.940771 0.168605 -0.864758 0.337092 -0.372240
-16.291293 -81.363711 -4476.464690 17332.612729 -0.453138 -0.193562 0.870172 0.362126 0.852002 0.378096 -0.814574 0.486442 -0.315981
-6.030536 -65.680099 5905.733204 11040.224725 -0.454522 -0.312827 0.833995 0.245118 0.856222 0.454753 -0.856345 0.411123 -0.312492
-37.471183 -212.748898 -7299.488156 60796.996247 -0.391719 0.147657 0.908159 0.391730 0.919875 0.019404 -0.832528 0.363354 -0.418175
-10.595831 -44.703304 146.402626 -3177.249691 0.629102 0.730067 -0.266894 0.777215 -0.596494 0.200329 -0.012947 -0.333461 -0.942675
-10.548402 -53.067453 -1010.263108 -5471.422483 0.646985 0.700084 -0.302147 0.762250 -0.583628 0.279916 0.019624 -0.411414 -0.911238
-10.801260 -46.500996 -1039.886368 -2841.628740 0.635819 0.710790 -0.300851 0.771468 -0.597329 0.219171 -0.023923 -0.371450 -0.928145
20.946603 -43.471640 4767.368428 -316.708565 0.779365 0.513997 -0.358325 0.588302 -0.797091 0.136188 0.215618 0.316944 0.923610
13.987092 -47.976727 2234.172239 1693.295477 0.802051 0.497761 -0.330073 -0.544789 0.836222 -0.062744 0.244783 0.230145 0.941868
17.730379 -48.838305 4082.416036 -4449.898478 0.782678 0.529110 -0.327807 0.584642 -0.805649 0.095514 0.213560 0.266406 0.939904
-41.221128 -66.212812 -672.482760 -5363.951755 0.642910 0.514186 0.567696 0.052760 0.709685 -0.702541 -0.764122 0.481622 0.429136
-35.728622 -53.095029 249.825005 -4575.219961 0.659118 0.247024 0.710312 0.135922 0.889829 -0.435580 -0.739654 0.383646 0.552926
-41.212380 -66.153973 1500.141334 610.948927 0.728119 -0.440658 0.525036 -0.685445 -0.465000 0.560304 0.002760 0.767851 0.640622
-42.346581 -68.834044 -419.674701 -830.442501 0.688601 -0.352785 0.633539 0.715772 0.470663 -0.515894 -0.116184 0.808715 0.576613
-41.525533 -64.964508 941.071695 398.947981 0.667377 -0.459907 0.585742 0.736674 0.522997 -0.428703 -0.109177 0.717607 0.687837
-38.278655 -61.150535 1769.313963 417.540297 0.597818 -0.591974 0.540536 0.798812 0.496414 -0.339811 -0.067171 0.634932 0.769642
-40.888504 -64.747017 866.686980 -770.590848 0.678041 -0.521266 0.518211 0.734669 0.458712 -0.499845 0.022842 0.719629 0.693983
-38.942799 -61.914417 870.731164 570.733659 -0.534899 0.842725 -0.060806 0.494598 0.253960 -0.831190 0.685022 0.474678 0.552653
-37.874937 -63.456569 -98.160144 916.985966 -0.593377 0.793679 -0.134077 0.524104 0.254541 -0.812726 0.610916 0.552523 0.567010
-44.252908 -61.581846 1758.201247 1089.523221 -0.427948 0.898683 -0.096070 0.492380 0.142683 -0.858606 0.757907 0.414742 0.503554
-37.333784 -61.649463 1130.013420 1436.384953 -0.600722 0.793570 -0.096842 0.418711 0.209115 -0.883715 0.681039 0.571416 0.457897
-40.573258 -60.209804 2562.212813 2060.043090 -0.537459 0.839781 -0.076849 0.381384 0.160781 -0.910327 0.752120 0.518573 0.406692
21.219478 -19.239892 -2937.651748 -2270.307200 -0.648020 -0.620935 0.441032 -0.123900 0.657301 0.743373 -0.751477 0.427077 -0.502878
23.242260 -17.674168 295.919576 -1885.567608 0.601206 0.664416 -0.443962 -0.152912 0.640971 0.752180 -0.784327 0.384328 -0.486953
13.996200 -18.137304 -3804.856855 -1053.502385 -0.692493 -0.518797 0.501301 -0.046039 0.725240 0.686955 -0.719954 0.452632 -0.526109
9.714874 -16.327452 -4584.484911 -60.880123 -0.692150 -0.522624 0.497787 -0.081842 0.742074 0.665302 -0.717098 0.419749 -0.556400
23.967244 -45.469511 7842.205112 272.773352 0.719393 0.371771 -0.586736 0.603696 0.083142 0.792868 -0.343548 0.924594 0.164625
14.073209 -45.324694 7539.839095 -3.639496 0.728745 0.352867 -0.586869 0.632285 -0.017638 0.774535 -0.262957 0.935507 0.235966
2971.150384 -98.049080 -878187.547053 18559.759669 -0.761266 -0.286450 -0.581739 -0.078408 0.931218 -0.355930 0.643682 -0.225345 -0.731364
548.404061 -52.844530 -95738.108600 -194.936420 0.974034 0.080643 -0.211553 -0.154634 0.919473 -0.361467 -0.165367 -0.384795 -0.908068
2224.885501 -92.138429 762050.793956 11482.501615 -0.673492 0.208421 0.709203 -0.164760 0.892965 -0.418889 -0.720598 -0.398967 -0.567066
-2.907267 -67.805332 -31.932654 937.493509 0.687079 0.606077 0.400741 0.720216 -0.495250 -0.485815 -0.095974 0.622413 -0.776782
-3.609642 -67.298739 -118.282114 1050.131967 0.694299 0.595158 0.404643 0.712863 -0.491472 -0.500282 -0.098876 0.635800 -0.765495
-3.359634 -63.239941 85.340888 -6677.183057 0.700848 0.593531 0.395642 0.710312 -0.529904 -0.463314 -0.065339 0.605741 -0.792974
-3.286843 -64.019356 -476.060721 -7055.312019 0.702336 0.592832 0.394048 0.710028 -0.543886 -0.447268 -0.050838 0.593917 -0.802918
-4.223018 -66.703848 -261.198503 8902.353089 0.679767 0.599563 0.422422 0.719590 -0.433859 -0.542178 -0.141798 0.672525 -0.726363
-5.248281 -64.347736 -508.573264 -57.769934 0.695771 0.588290 0.412089 0.711055 -0.483068 -0.510926 -0.101506 0.648505 -0.754412
-4.625330 -62.632925 -308.354965 7930.705094 0.710405 0.581248 0.396832 -0.701298 0.537193 0.468620 -0.059209 0.611208 -0.789252
5.128550 -86.692960 -206.869978 5624.485482 0.596776 0.736765 0.317861 0.531027 -0.659610 0.531907 -0.601555 0.148637 0.784881
-1.081977 -93.996125 -569.410334 1649.959821 0.562536 0.786107 0.256105 0.418998 -0.538103 0.731359 -0.712737 0.304108 0.632079
4.678746 -96.295580 92.102459 5759.117080 0.553928 0.810220 0.191588 0.600067 -0.548045 0.582724 -0.577134 0.207821 0.789764
-2.034884 -89.706596 467.883680 1948.346264 0.596209 0.736874 0.318672 0.369556 -0.604280 0.705885 -0.712716 0.303088 0.632593
1.345343 -117.771973 -1930.271113 -11233.068901 0.370969 0.912785 0.170899 -0.732492 0.174493 0.658034 -0.570822 0.369292 -0.733339
-0.220107 -118.296867 -777.079620 -10872.874737 0.390984 0.900031 0.192551 -0.698958 0.154235 0.698334 -0.598824 0.407622 -0.689387
0.421941 -77.909023 -353.140171 7982.469770 0.441119 0.880549 0.173341 0.858840 -0.358148 -0.366230 -0.260402 0.310423 -0.914237
1.566361 -96.706732 -1099.295457 -10835.372421 0.407874 0.896061 0.175254 -0.840049 0.293089 0.456527 -0.357711 0.333427 -0.872278
59.886292 -21.737586 5530.486871 -1268.375901 0.088123 0.984814 -0.149582 -0.815456 0.157564 0.556960 -0.572071 -0.072897 -0.816958
0.964003 -41.235462 165.619694 335.684203 0.822257 0.315237 0.473835 0.244143 0.556695 -0.794031 0.514089 -0.768581 -0.380783
16.391117 -30.603338 2348.913105 -2140.039797 0.451517 0.782421 -0.428894 -0.040687 0.498236 0.866087 -0.891334 0.373602 -0.256796
10.856225 -25.246857 1636.856177 -1956.225945 0.444686 0.783340 -0.434319 -0.109318 0.528742 0.841713 -0.888990 0.326819 -0.320757
2.865631 -261.247200 -1853.227498 13142.913616 0.707035 -0.495694 -0.504370 0.288372 -0.449130 0.845650 0.645711 0.743351 0.174607
-0.223296 -221.417881 -242.422907 -17294.159091 0.706493 -0.520426 -0.479609 -0.048702 0.640325 -0.766559 0.706043 0.564926 0.427039
1.810795 -240.926959 -924.471384 -1770.275085 0.693510 -0.507945 -0.510917 0.490418 -0.186663 0.851262 0.527764 0.840921 -0.119652
-4.668619 -15.572341 375.197867 -2324.055721 -0.728132 0.668547 0.151220 0.403797 0.596652 -0.693508 0.553869 0.443903 0.704399
-4.711023 -13.334757 868.680015 -2993.055092 -0.632093 0.774824 -0.010335 0.569830 0.455741 -0.683808 0.525121 0.438119 0.729588
-5.689937 -10.252317 -96.288892 -3036.757456 -0.700978 0.703085 0.119586 0.467712 0.579786 -0.667153 0.538400 0.411728 0.735259
-1.968786 -15.389643 2040.716865 -823.186660 -0.631301 0.774987 -0.029237 0.551176 0.421827 -0.719907 0.545586 0.470593 0.693454
-4.919789 -12.578279 107.267832 -2102.349786 0.774158 -0.566780 -0.281852 0.275532 0.702603 -0.656073 0.569879 0.430244 0.700091
-2.189999 -13.093464 813.724736 1681.690773 -0.717573 0.682748 0.137635 0.385146 0.553633 -0.738344 0.580302 0.476807 0.660230
-13.388019 -57.389057 -117.356588 1856.223913 -0.468356 0.641347 0.607714 0.841125 0.534202 0.084475 -0.270464 0.550728 -0.789650
54.568711 -1819.999158 -31557.091117 574906.726033 0.814108 -0.342544 -0.468926 0.215359 0.928008 -0.304010 0.539304 0.146510 0.829268
-29.721784 -222.290658 9651.628321 54392.211001 0.850592 -0.063447 -0.521985 -0.144553 0.926232 -0.348136 0.505567 0.371576 0.778674
-10.096486 -576.913054 -2870.006763 188395.761518 0.811039 -0.286527 -0.510017 0.193768 0.954201 -0.227936 0.551969 0.086040 0.829414
-7.012829 -240.969242 2591.830552 68653.399858 0.847222 -0.115220 -0.518593 -0.083770 0.935007 -0.344593 0.524592 0.335390 0.782507
-1244.929718 -2578.763435 344568.684193 1354178.226537 0.846997 -0.523010 -0.095162 -0.090534 -0.318315 0.943652 0.523831 0.790655 0.316963
-1373.658897 -2772.342013 445263.617946 1494751.530105 0.690739 -0.521195 0.501234 -0.633774 -0.770102 0.072619 -0.348153 0.367830 0.862259
-181.051445 -1508.840358 -41645.557855 -838583.776760 -0.549876 0.813906 -0.187596 0.381609 0.444598 0.810375 -0.742974 -0.374017 0.555068
-13.569136 -46.583215 292.543943 -2011.230182 0.789415 0.161723 0.592174 -0.028038 0.973165 -0.228395 -0.613220 0.163695 0.772765
-16.589400 -43.866096 3584.498016 3441.942461 0.820384 0.192256 0.538524 0.093077 0.884325 -0.457501 -0.564187 0.425450 0.707591
-2829.005272 -4124.341878 -1262662.275081 -1819227.322839 -0.690318 0.394360 0.606581 0.415660 0.902393 -0.113638 -0.592189 0.173685 -0.786858
-363.175168 -10461.987155 55049.988839 11031924.796290 -0.114690 -0.531127 0.839494 0.299760 0.787175 0.538980 -0.947095 0.313463 0.068930
-1986.244494 -3071.050660 501945.827982 1630030.215297 0.689650 0.042450 -0.722897 0.565082 0.592724 0.573899 -0.452840 0.804286 -0.384785
-1014.823141 -1119.535449 -286223.874478 38229.112416 -0.129601 0.729209 -0.671906 -0.642551 0.454332 0.617017 -0.755203 -0.511700 -0.409672
-288.197862 -1181.872970 76697.693517 266645.959375 0.936205 -0.339538 0.090741 0.135545 0.587036 0.798133 0.324265 0.734917 -0.595609
-1126.690927 -2556.919309 -347579.432865 -375832.666216 -0.495916 0.868265 0.013541 -0.850060 -0.488586 0.196675 -0.177382 -0.086024 -0.980375
19.972841 -237.299453 6885.313896 -56093.433915 0.902825 -0.429133 0.027410 -0.411942 -0.844856 0.341352 0.123328 0.319473 0.939536
48.661839 -82.023580 6710.856047 2996.535364 0.988186 -0.144234 0.051809 -0.152787 -0.900692 0.406707 0.011997 0.409818 0.912088
32.957180 -86.930850 3906.426035 -2716.458557 0.976447 -0.215755 -0.000164 -0.185791 -0.841224 0.507763 0.109690 0.495773 0.861497
16.714152 -388.431660 5096.042501 -122243.879374 0.903340 -0.426010 0.049919 -0.398977 -0.791834 0.462402 0.157461 0.437623 0.885264
-20.990882 -33.468165 -1183.740338 -1600.049074 0.921197 0.384718 0.058213 0.353091 -0.889399 0.290337 -0.163473 0.246903 0.955152
-23.390243 -35.066971 -1011.415253 -1523.916283 0.942749 0.330525 0.044471 0.314687 -0.925772 0.209565 -0.110437 0.183573 0.976783
-23.869996 -32.780199 -1004.032769 -1088.228482 0.887393 0.460753 -0.015499 0.448726 -0.855541 0.258253 -0.105731 0.236127 0.965953
-34.998229 -55.377781 1507.258009 -1901.066794 -0.625353 0.749581 -0.216938 0.082617 -0.212843 -0.973587 0.775956 0.626759 -0.071174
-32.861511 -55.463758 357.717802 -2588.849654 -0.658194 0.728845 -0.188591 0.005707 -0.245666 -0.969338 0.752827 0.639088 -0.157536
-36.667391 -56.410519 1177.847799 377.524196 0.755052 -0.645891 0.112792 0.082282 0.264009 0.961004 0.650482 0.716327 -0.252486
8.934047 -12.761524 -5387.341027 -12.310765 -0.871353 0.253125 -0.420323 0.168737 0.958995 0.227720 0.460730 0.127501 -0.878335
1.349080 -22.572501 -5067.185752 -3918.446036 -0.862047 -0.134252 -0.488724 -0.182216 0.981899 0.051680 0.472940 0.133604 -0.870906
-2.668970 -30.296146 -4458.444632 -3995.225125 -0.769281 -0.396120 -0.501294 -0.451636 0.892123 -0.011875 0.451920 0.217268 -0.865195
13.471938 -65.760315 109.796341 7476.358222 0.773090 0.623343 0.117369 -0.633412 0.748911 0.194733 -0.033486 0.224889 -0.973809
14.613400 -74.652129 2247.945261 7124.983756 0.780458 0.615756 0.108301 -0.625180 0.766980 0.144541 -0.005938 0.180516 -0.983554
17.140317 -79.679534 -1618.916325 3330.371424 -0.766434 -0.635147 -0.095747 -0.635008 0.771673 -0.035861 0.096662 0.033315 -0.994760
19.492048 -14.278275 -5650.616856 -3870.279134 -0.062230 0.967801 0.243904 0.967760 0.118270 -0.222378 0.244064 -0.222203 0.943959
