18061
36100
-26.226340 -42.030691 -1968.083150 2976.087716 -0.318715 0.600968 0.732979 0.478620 -0.565439 0.671716 -0.818134 -0.564904 0.107422
-31.734756 -51.280806 -1580.542963 3041.392497 -0.381226 0.707848 0.594658 0.325824 -0.499086 0.802965 -0.865162 -0.499865 0.040369
-32.224850 -51.793051 -303.511111 5928.249128 -0.526359 0.788418 0.318345 0.245335 -0.217654 0.944689 -0.814099 -0.575347 0.078862
-28.391911 -43.263926 -783.566639 -2345.931692 -0.173179 0.555812 0.813069 -0.462457 0.682986 -0.565388 -0.869565 -0.473923 0.138761
-23.507438 -35.236380 -1844.177860 3601.046223 -0.333367 0.573983 0.747937 0.563682 -0.514565 0.646130 -0.755731 -0.636997 0.152005
-23.289753 -36.278092 -1000.883669 -2305.969666 -0.077749 0.409635 0.908930 -0.582812 0.721011 -0.374797 -0.808879 -0.558876 0.182682
61.323669 -71.991154 5163.557654 4361.229490 0.796566 -0.603706 -0.031967 -0.512106 -0.645712 -0.566394 -0.321295 -0.467541 0.823514
40.158752 -74.108470 5721.228530 -1237.685007 0.806569 -0.546856 -0.224490 -0.565260 -0.602344 -0.563615 -0.172996 -0.581489 0.794948
48.165743 -70.996210 4934.324758 1071.409960 0.827304 -0.555776 -0.081738 -0.462292 -0.590915 -0.661139 -0.319145 -0.584750 0.745797
60.864624 -66.912954 7069.108438 2850.247155 0.823743 -0.566788 -0.014072 -0.429958 -0.608317 -0.667148 -0.369571 -0.555609 0.744793
72.580809 -66.618771 5234.886690 5796.974703 0.776949 -0.622034 0.097083 -0.408097 -0.615032 -0.674680 -0.479383 -0.484572 0.731698
76.377762 -77.152338 3381.384687 -9483.113357 0.732121 -0.656264 0.182531 0.466324 0.678199 0.567969 -0.496529 -0.330704 0.802554
41.786028 -25.028621 -7213.995363 -454.623289 0.848518 -0.314185 -0.425798 -0.524524 -0.393030 -0.755249 -0.069937 -0.864184 0.498291
6.394046 -74.999380 10443.969509 23709.959483 0.344438 -0.247448 -0.905611 0.888987 0.396039 0.229901 0.301769 -0.884264 0.356389
25.248765 -43.226557 -440.278821 1090.358157 0.655339 -0.354276 -0.667098 0.755292 0.297954 0.583744 -0.008043 -0.886404 0.462843
0.396717 -20.906879 -244.971792 -618.799704 -0.089682 0.769843 0.631901 -0.047593 -0.637045 0.769356 -0.994833 -0.038923 -0.093771
1.613614 -22.084909 -111.558411 -856.171532 -0.089088 0.726877 0.680965 0.008960 -0.683071 0.730297 -0.995983 -0.071162 -0.054340
1.048481 -19.582272 -255.258386 -351.589666 -0.096191 0.731382 0.675150 -0.033859 -0.680307 0.732145 -0.994787 -0.047566 -0.090203
0.389907 -18.957223 -341.070031 -7.386806 -0.093608 0.777755 0.621558 -0.087059 -0.628302 0.773083 -0.991796 -0.018254 -0.126524
-7.493261 -28.603620 -313.919293 -881.086616 0.816210 0.027421 -0.577105 -0.116291 0.986227 -0.117612 0.565931 0.163108 0.808157
-1.103862 -26.694012 -1542.824418 -1157.744042 0.802711 0.116124 -0.584953 -0.127609 0.991586 0.021734 0.582555 0.057199 0.810776
-5.747379 -29.289691 -796.994121 -1117.010719 0.810651 -0.113184 -0.574486 0.046569 0.990494 -0.129433 0.583675 0.078171 0.808216
-2.534891 -26.505685 -998.882681 -701.855888 0.777959 0.240166 -0.580603 -0.252530 0.965659 0.061075 0.575333 0.099106 0.811893
-8.869498 -31.815469 -17.298972 -567.206299 0.807079 -0.150945 -0.570823 0.004351 0.968264 -0.249890 0.590428 0.199197 0.782123
10.579465 -34.638472 6496.189673 78.258544 -0.599027 0.786488 -0.150339 0.699242 0.605287 0.380379 -0.390163 -0.122734 0.912529
7.999519 -34.152071 5550.598351 -197.917621 -0.581214 0.803547 -0.128464 0.659838 0.557763 0.503502 -0.476240 -0.207877 0.854391
-2.173502 -33.993767 4053.767959 -81.550392 -0.610607 0.777772 -0.149098 0.684866 0.613145 0.393715 -0.397639 -0.138293 0.907060
-0.079349 -33.915288 4724.587752 119.040127 -0.626559 0.761620 -0.165406 0.714732 0.646129 0.267723 -0.310777 -0.049524 0.949192
13.819315 -34.784811 7018.591244 172.245440 -0.622747 0.764717 -0.165511 0.721668 0.643121 0.256107 -0.302293 -0.040046 0.952373
3.305973 -47.341414 -951.481682 356.471673 0.624526 -0.725123 -0.290110 0.424395 0.003253 0.905472 0.655635 0.688611 -0.309770
-1.536736 -45.468296 -297.405626 -826.830919 0.620199 -0.737732 -0.266654 0.552874 0.169938 0.815752 0.556491 0.653355 -0.513268
11.057953 -46.356274 -2318.315900 189.686274 0.590753 -0.716904 -0.370215 0.516594 -0.016392 0.856074 0.619792 0.696979 -0.360664
-1.942104 -47.003464 160.965228 -608.501916 0.640871 -0.741627 -0.198178 0.479953 0.185623 0.857432 0.599108 0.644619 -0.474906
21.077067 -46.133076 3404.129290 -980.693757 -0.599585 0.703662 0.381257 -0.369841 0.178847 -0.911719 0.709729 0.687658 -0.153009
-0.235974 -47.727912 21.345193 -496.954865 -0.644329 0.736233 0.206884 -0.339711 -0.033177 -0.939945 0.685155 0.675914 -0.271483
6.813184 -45.353909 1288.165727 -1132.233694 -0.634593 0.714998 0.293377 -0.265616 0.154708 -0.951585 0.725769 0.681795 -0.091738
0.839493 -58.872770 76.860030 -1983.837814 0.848427 -0.469308 -0.244791 -0.285985 -0.017277 -0.958078 -0.445405 -0.882866 0.148873
0.998541 -65.965416 -125.619337 -2103.426290 0.837277 -0.488604 -0.245425 -0.170886 0.192536 -0.966296 -0.519389 -0.850997 -0.077711
1.662819 -59.364369 393.350903 -2953.998954 0.851326 -0.461188 -0.250099 -0.286303 -0.008929 -0.958098 -0.439630 -0.887258 0.139640
1.953067 -52.041242 564.880416 -1422.125704 0.861246 -0.448072 -0.239763 -0.357556 -0.199018 -0.912439 -0.361121 -0.871564 0.331614
0.788246 -53.874473 -39.385840 -1606.281341 0.857853 -0.460939 -0.227207 -0.362108 -0.228462 -0.903705 -0.364645 -0.857520 0.362897
2.074925 -90.391519 -18.198674 -270.603614 -0.565417 0.786048 0.249866 -0.392793 0.009769 -0.919575 0.725271 0.618089 -0.303231
1.471412 -81.798701 -123.322915 -353.449476 -0.552859 0.795358 0.248503 -0.376155 0.027896 -0.926137 0.743542 0.605498 -0.283756
1.808718 -88.852589 -23.707441 127.043963 -0.553004 0.781204 0.289665 -0.284431 0.149769 -0.946926 0.783126 0.606044 -0.139376
2.233941 -100.479274 -65.127515 851.946271 -0.560954 0.775162 0.290611 -0.308223 0.130243 -0.942356 0.768329 0.618192 -0.165862
96.507903 -31.351557 -32587.978126 1362.181947 -0.404182 0.668022 -0.624807 0.904067 0.395513 -0.161964 0.138924 -0.630330 -0.763796
34.072715 -16.823626 -26588.932756 4565.519494 -0.195548 0.684968 -0.701840 0.957376 0.288466 0.014785 0.212584 -0.669033 -0.712181
116.897352 -13.941843 -28770.791670 1876.176163 -0.199810 0.770151 -0.605759 0.956016 0.288718 0.051728 0.214732 -0.568779 -0.793965
254.294174 -2.970401 42659.640167 -3930.068320 0.257016 0.803775 -0.536553 0.934700 -0.065701 0.349312 0.245516 -0.591295 -0.768175
197.044609 -18.761250 -27147.992438 -1947.713226 -0.172134 0.860475 -0.479533 0.962111 0.251352 0.105665 0.211454 -0.443176 -0.871139
33.412128 -15.300893 2293.848664 -437.885125 -0.114513 0.948176 -0.296393 0.167981 0.312541 0.934934 -0.979117 -0.057274 0.195066
33.900892 -16.359722 7038.721166 -1008.560697 -0.078105 0.990302 -0.114899 0.093313 0.122007 0.988133 -0.992568 -0.066456 0.101938
26.116808 -13.343820 320.381474 -39.474454 -0.086847 0.915848 -0.392020 0.137052 0.400748 0.905879 -0.986749 -0.024946 0.160322
39.518363 -16.271918 -268.742150 -406.932750 -0.084023 0.885021 -0.457906 0.196183 0.465230 0.863176 -0.976961 0.017307 0.212716
44.055918 -18.034125 2647.335337 -371.861850 -0.129774 0.933334 -0.334732 0.213677 0.355980 0.909736 -0.968246 -0.046536 0.245630
3.483314 -73.270143 -426.355798 4609.261629 -0.649925 0.746131 0.144520 -0.615815 -0.628455 0.475202 -0.445387 -0.219849 -0.867927
6.167783 -76.056512 -660.696214 2740.429160 -0.631247 0.761258 0.148370 -0.634758 -0.617012 0.465165 -0.445656 -0.199454 -0.872702
4.353724 -72.216532 -455.303150 -1336.319437 -0.669372 0.723141 0.170317 -0.531854 -0.626500 0.569762 -0.518722 -0.290799 -0.803968
2.223828 -67.120016 -240.867099 -231.083599 -0.684198 0.707933 0.175229 -0.502826 -0.631945 0.589756 -0.528242 -0.315400 -0.788342
1.313270 -73.318685 -265.571305 4844.578172 -0.666936 0.730969 0.144502 -0.593576 -0.638438 0.489963 -0.450403 -0.241002 -0.859683
1.100626 -43.299765 -512.805433 418.919220 0.698520 -0.623940 -0.350383 0.338707 0.719602 -0.606177 0.630354 0.304750 0.713990
-1.243838 -44.088645 505.639984 160.065862 -0.681067 0.662183 0.312508 0.277457 0.628357 -0.726764 0.677617 0.408267 0.611681
0.658212 -41.645181 490.028336 123.201366 -0.684496 0.656142 0.317715 0.264447 0.629606 -0.730523 0.679362 0.416021 0.604478
41.887453 -33.398222 9262.162150 693.655225 -0.398905 0.914940 0.061320 -0.686126 -0.342170 0.641990 -0.608364 -0.214020 -0.764257
48.827007 -35.873089 13150.574341 540.559344 -0.422815 0.894661 0.144256 -0.742296 -0.433231 0.511183 -0.519831 -0.109055 -0.847280
18.241705 -33.747209 6526.918810 607.387750 -0.459880 0.868785 0.183639 -0.627028 -0.464149 0.625620 -0.628765 -0.172563 -0.758206
15.673238 -31.439357 4688.759405 589.936816 -0.442619 0.887922 0.125232 -0.557574 -0.381899 0.737065 -0.702282 -0.256413 -0.664118
32.226807 -29.964738 6000.058816 744.307142 -0.396421 0.918068 -0.001509 -0.614214 -0.263994 0.743672 -0.682343 -0.295734 -0.668543
-2.522252 -113.881137 622.951190 2910.080420 -0.082783 -0.754014 0.651620 0.991363 0.004433 0.131075 -0.101721 0.656843 0.747135
-3.511029 -108.545402 315.861117 -988.724033 -0.113272 -0.748212 0.653719 0.988543 -0.150933 -0.001461 0.099761 0.646064 0.756736
-3.860415 -105.729259 -216.582722 124.065596 -0.070326 -0.740063 0.668850 0.996758 -0.025856 0.076194 -0.039094 0.672040 0.739482
10.250068 -60.314053 -4648.224610 -2373.051355 0.005800 -0.647444 0.762091 0.875081 -0.365534 -0.317205 0.483943 0.668730 0.564446
9.432654 -75.386758 -3266.723047 9411.347523 -0.045954 -0.668205 0.742557 0.898772 -0.352098 -0.261221 0.436002 0.655385 0.616744
2.086954 -65.231839 -2729.727731 -1428.592481 0.007982 -0.653334 0.757028 0.905951 -0.315751 -0.282053 0.423306 0.688082 0.589368
-0.721988 -68.496522 -1715.163448 -6574.471770 -0.055111 -0.635557 0.770084 0.830155 -0.457712 -0.318343 0.554802 0.621745 0.552836
-3.850192 -71.861177 -842.133762 -4595.280788 -0.057847 -0.649796 0.757904 0.855648 -0.423381 -0.297682 0.514315 0.631279 0.580488
-2.043096 -71.537300 -1552.900152 -294.512447 -0.000329 -0.663352 0.748308 0.930562 -0.274185 -0.242647 0.366135 0.696267 0.617380
43.417618 -29.308356 10512.297429 646.038281 0.959073 -0.094124 -0.267057 -0.258351 0.095171 -0.961352 -0.115902 -0.991001 -0.066959
44.376615 -26.693043 1675.240004 1014.350411 0.898055 -0.295976 -0.325415 -0.314090 0.086471 -0.945447 -0.307969 -0.951273 0.015307
31.956819 -29.048969 8167.701935 -102.834411 0.962438 -0.115410 -0.245752 -0.247192 0.001888 -0.968965 -0.112292 -0.993316 0.026711
30.817330 -19.057665 -4475.013494 105.756749 0.792281 0.158759 -0.589140 0.016890 0.959480 0.281271 0.609923 -0.232796 0.757496
30.906643 -22.772368 -7619.203872 1617.031742 0.818421 0.090532 -0.567442 0.091847 0.954204 0.284709 0.567231 -0.285130 0.772626
24.799873 -18.735535 -8224.998550 164.508897 0.833989 0.090190 -0.544360 0.063690 0.964222 0.257330 0.548092 -0.249281 0.798407
24.835718 -17.481958 -8590.735965 -353.120805 0.834688 0.089996 -0.543320 0.045914 0.971751 0.231499 0.548805 -0.218176 0.806977
8.166327 -19.447601 -6412.745114 -643.296876 0.840070 -0.015910 -0.542245 0.132459 0.975330 0.176594 0.526058 -0.220176 0.821453
-2.796420 -117.365753 -285.024896 15991.324951 0.259103 0.681908 -0.684008 -0.527207 0.693236 0.491402 0.809270 0.233290 0.539127
-1.324112 -100.284392 -336.899685 -1849.628999 0.234731 0.711872 -0.661922 0.644831 -0.623583 -0.441970 0.727389 0.323084 0.605411
-1.065408 -124.863811 -370.811339 14855.552805 0.265040 0.679866 -0.683766 -0.555655 0.687233 0.467931 0.788037 0.255918 0.559915
-2.855186 -164.937059 -290.783704 38645.874340 0.292083 0.651740 -0.699945 -0.404416 0.747375 0.527142 0.866681 0.129099 0.481869
-3.501539 -131.832636 -101.858682 18740.039405 0.264090 0.660867 -0.702504 -0.375368 0.741362 0.556311 0.888457 0.116781 0.443855
-10.330990 -76.925662 14075.593903 -27151.264315 -0.547083 -0.190102 -0.815207 0.311170 0.857898 -0.408882 0.777093 -0.477360 -0.410187
14.215922 -59.682221 19386.327796 -18637.243684 -0.574330 -0.256446 -0.777419 0.311856 0.809516 -0.497422 0.756896 -0.528127 -0.384955
24.457974 -62.743358 23257.720953 -10195.409703 -0.577463 -0.600703 -0.552895 0.021754 0.665659 -0.745939 0.816127 -0.442780 -0.371326
-5.933552 -104.692149 -3020.781284 11209.874004 -0.142377 0.805648 -0.575030 0.712666 0.486601 0.505299 -0.686904 0.337861 0.643439
-4.181821 -96.497027 -2357.154577 1344.851440 -0.186658 0.769716 -0.610489 0.782478 0.492228 0.381366 -0.594043 0.406509 0.694163
-10.709777 -108.517667 -3193.450971 12948.401998 -0.110521 0.802362 -0.586516 0.749454 0.454874 0.481049 -0.652766 0.386401 0.651606
-12.104344 -129.291417 -2846.833108 16759.734639 -0.082462 0.831507 -0.549359 0.635453 0.468514 0.613755 -0.767724 0.298480 0.567018
-6.293840 -118.358878 -2388.762322 17743.680835 -0.102277 0.834834 -0.540917 0.616890 0.479810 0.623882 -0.780376 0.269877 0.564075
88.388337 -990.833136 42827.634455 275428.936148 -0.173374 0.719926 -0.672047 0.448485 0.665235 0.596929 -0.876814 0.197911 0.438211
56.049038 -1018.967292 -47651.007037 153278.239537 0.172037 -0.581513 0.795139 -0.081023 0.796086 0.599735 -0.981753 -0.167601 0.089841
655.541192 -4574.752773 257100.520622 4457076.164924 -0.227776 0.644213 -0.730142 -0.400049 0.621730 0.673359 -0.887738 -0.445468 -0.116101
143.252971 -1465.743831 48549.937907 638746.853562 -0.294605 0.805716 -0.513838 0.755808 0.525493 0.390655 -0.584775 0.273274 0.763779
104.128613 -2383.374536 43029.660520 789992.911416 -0.129377 0.563777 -0.815731 0.978599 0.205348 -0.013286 0.160018 -0.799992 -0.578279
127.429257 -2255.472117 41002.975294 1503905.300456 -0.080058 0.763772 -0.640502 0.996628 0.049746 -0.065250 -0.017974 -0.643567 -0.765179
8.663994 -35.192725 7034.147846 472.769732 0.552758 -0.570505 -0.607439 0.643522 0.755345 -0.123825 0.529469 -0.322455 0.784656
7.112724 -34.176836 5832.040388 676.652520 0.564123 -0.562423 -0.604521 0.579121 0.791369 -0.195840 0.588544 -0.239613 0.772141
4.449720 -35.478478 1444.281650 525.500014 0.559936 -0.593758 -0.577861 0.653304 0.745354 -0.132820 0.509574 -0.303148 0.805255
4.491555 -36.502825 -4897.025272 235.650585 0.573793 -0.626262 -0.527785 0.675256 0.726420 -0.127841 0.463455 -0.283036 0.839702
-0.716396 -36.882159 -3239.686506 -46.505924 0.541067 -0.655001 -0.527466 0.747038 0.662397 -0.056256 0.386240 -0.363599 0.847711
20.352921 -20.665495 -1210.476563 -824.510165 0.768828 0.233470 -0.595311 -0.109048 0.965198 0.237701 0.630089 -0.117834 0.767530
12.426014 -23.203212 -341.488437 -748.161372 0.752528 0.297279 -0.587645 -0.192194 0.952610 0.235788 0.629891 -0.064496 0.774001
21.626718 -22.168283 4401.878108 -780.107416 0.703691 0.317598 -0.635571 -0.169004 0.943679 0.284444 0.690114 -0.092746 0.717733
26.284695 -19.851075 2194.994675 -686.494100 0.741727 0.238463 -0.626878 -0.071165 0.957365 0.279977 0.666915 -0.163054 0.727074
2.179071 -65.211147 2497.081242 4985.286010 -0.130942 -0.856803 0.498741 0.976071 -0.023321 0.216198 -0.173608 0.515116 0.839354
-5.949163 -53.846578 -50.042116 3892.727290 -0.004727 -0.837566 0.546316 0.998258 0.028177 0.051837 -0.058810 0.545609 0.835974
1.846450 -67.606589 2384.264344 5903.404357 -0.082426 -0.858218 0.506625 0.971439 0.044314 0.233116 -0.222515 0.511369 0.830053
185.605781 -834.647969 186564.982340 -92155.649450 0.456718 0.885184 0.088647 0.307487 -0.063570 -0.949427 0.834782 -0.460878 0.301216
467.529439 -3457.331334 438938.707705 1413363.286488 0.271727 0.947731 0.167243 0.774896 -0.112407 -0.622014 0.570703 -0.298614 0.764937
450.996590 -14026.986679 180597.194585 13969853.526901 0.490425 0.857506 -0.155456 0.577719 -0.453448 -0.678694 0.652476 -0.243038 0.717780
2.884321 -322.940762 -2523.140329 -88946.226390 0.388423 0.921469 0.004690 0.859237 -0.360342 -0.363133 0.332926 -0.145079 0.931726
0.264711 -168.557385 -1372.905032 -44266.005731 0.320837 0.947004 -0.015701 0.931214 -0.318427 -0.177326 0.172929 -0.042271 0.984027
8.217223 -538.631765 985.791325 -144174.248738 0.361129 0.925262 -0.116091 0.853685 -0.378124 -0.358112 0.375244 -0.030219 0.926433
-8.960447 -152.686318 -3656.408733 -46681.131446 0.347998 0.937338 0.017194 0.927419 -0.341518 -0.152513 0.137084 -0.069020 0.988152
2.946712 -265.388048 -1237.199975 -26698.408341 0.399779 0.912497 -0.086752 0.570730 -0.321865 -0.755427 0.717248 -0.252492 0.649464
-8.313228 -208.670897 -4999.448023 -62192.321473 0.397220 0.917417 0.023703 0.887031 -0.377183 -0.266288 0.235357 -0.126800 0.963602
-5.569371 -261.012716 -4169.583665 -65455.471052 0.437058 0.899348 -0.012399 0.753163 -0.373483 -0.541531 0.491656 -0.227342 0.840589
-78.360327 -270.868841 -13832.086723 48308.180393 0.355839 0.878592 -0.318520 -0.206708 -0.258393 -0.943666 0.911400 -0.401634 -0.089665
-26.130580 -167.788802 -5752.253798 26990.536810 0.412992 0.885805 -0.211630 -0.272760 -0.101403 -0.956723 0.868930 -0.452843 -0.199734
-55.827869 -178.347233 -8870.689252 -9443.987248 0.454578 0.889840 -0.039300 -0.262848 0.091858 -0.960455 0.851041 -0.446931 -0.275649
-125.929263 -263.574098 -20033.691486 -42622.140430 0.462879 0.800252 0.381234 -0.072153 0.462670 -0.883589 0.883480 -0.381488 -0.271901
-167.061902 -250.149559 -35206.197464 54249.570290 0.223913 0.923231 -0.312261 -0.189127 -0.273145 -0.943198 0.956083 -0.270252 -0.113447
-32.657197 -52.720277 1104.100111 -4957.592405 -0.166234 0.948897 0.268255 -0.903156 -0.037313 -0.427688 0.395822 0.313372 -0.863205
-28.944293 -56.831577 2570.758530 2632.920346 -0.291814 0.903419 0.314131 0.909299 0.160160 0.384090 0.296683 0.397721 -0.868215
-28.056202 -44.677346 2655.400382 4148.686769 -0.388793 0.880033 0.272729 0.827452 0.203351 0.523422 0.405169 0.429174 -0.807247
-25.084284 -36.545650 -6974.683317 985.883503 -0.701035 0.669587 -0.245363 0.458392 0.686676 0.564227 0.546284 0.283070 -0.788318
-16.460216 -32.035198 -8733.865070 689.600330 -0.788637 0.495935 -0.363456 0.232700 0.787892 0.570155 0.569124 0.365069 -0.736765
-27.110157 -35.368407 2783.882968 2630.936396 -0.342412 0.875092 0.342006 0.824770 0.105612 0.555519 0.450010 0.472292 -0.757912
19.341431 -39.706793 1291.487814 332.936721 0.776515 -0.418579 -0.470973 0.612478 0.325888 0.720186 0.147971 0.847696 -0.509428
19.298202 -39.067928 -1676.846604 265.668408 0.802696 -0.336960 -0.492075 0.591648 0.346086 0.728133 0.075051 0.875604 -0.477164
17.581473 -39.511543 870.028103 -424.894452 0.774155 -0.412317 -0.480290 0.631095 0.443986 0.636079 0.049024 0.795532 -0.603925
21.542289 -38.384660 -1724.332594 936.026285 0.809110 -0.335976 -0.482142 0.565524 0.222115 0.794259 0.159761 0.915306 -0.369718
20.937231 -38.766088 2045.287842 752.930761 0.773512 -0.433523 -0.462317 0.585039 0.207880 0.783910 0.243736 0.876837 -0.414426
9.661077 -34.744651 -2369.691290 -553.749304 0.687242 -0.506185 -0.521033 0.464746 -0.244886 0.850906 0.558310 0.826927 -0.066951
8.090878 -34.845591 2284.793335 -319.149327 0.678490 -0.527889 -0.510866 0.459302 -0.237897 0.855831 0.573317 0.815315 -0.081050
8.134485 -34.619553 -2151.313720 68.216677 0.690969 -0.502709 -0.519467 0.515666 -0.160834 0.841559 0.506607 0.849362 -0.148098
15.422665 -34.320465 -5723.699577 21.697439 0.700273 -0.497300 -0.512162 0.503827 -0.163980 0.848097 0.505743 0.851941 -0.135722
16.632717 -34.545499 -5703.628878 -565.679370 0.699056 -0.506117 -0.505140 0.446387 -0.242997 0.861215 0.558623 0.827525 -0.056056
-2.832240 -44.116597 -360.655121 -202.368859 -0.297727 0.874005 0.384023 -0.546391 0.173855 -0.819287 0.782826 0.453750 -0.425787
-0.773245 -42.579063 -392.055280 -616.840113 -0.282074 0.867347 0.410052 -0.368912 0.296488 -0.880908 0.885629 0.399755 -0.236343
-0.824837 -45.184200 -391.225142 -193.240435 -0.309665 0.886749 0.343196 -0.517174 0.145803 -0.843370 0.797896 0.438654 -0.413453
-2.784247 -41.127829 -394.072148 -541.732784 -0.268386 0.844957 0.462620 -0.407667 0.335491 -0.849266 0.872798 0.416526 -0.254420
-3.422244 -44.107057 -280.817255 107.385399 -0.327294 0.881328 0.340792 -0.678138 0.032078 -0.734235 0.658033 0.471415 -0.587163
-5.518595 -42.837949 -308.049051 102.693898 -0.321103 0.867728 0.379396 -0.706464 0.047329 -0.706165 0.630715 0.494781 -0.597821
-5.168004 -42.362521 -411.077850 -214.904738 -0.289236 0.855220 0.430048 -0.581919 0.199624 -0.788366 0.760074 0.478277 -0.439930
6.263468 -36.521751 1666.408943 6991.628634 0.554136 -0.633297 -0.540249 0.313841 0.760055 -0.569052 0.770997 0.145780 0.619929
1.844485 -43.908802 242.522999 7237.210272 -0.494880 0.744843 0.447551 0.422263 0.656275 -0.625297 0.759465 0.120463 0.639298
1.240278 -52.748339 694.790636 6677.170637 0.532430 -0.693036 -0.486024 0.465695 0.719295 -0.515503 0.706857 0.048130 0.705718
10.276783 -46.400878 3674.140807 7622.423702 0.567195 -0.584084 -0.580634 0.361497 0.810027 -0.461710 0.740007 0.051982 0.670588
-10.117194 -61.128656 143.495658 450.979405 -0.589187 0.756149 0.284776 0.670736 0.654231 -0.349422 0.450524 0.014866 0.892640
-10.654723 -59.620773 135.153626 460.868022 -0.595234 0.752266 0.282474 0.578180 0.645079 -0.499582 0.558036 0.134047 0.818918
-9.335800 -61.297622 208.942229 661.353342 -0.632828 0.733549 0.247862 0.650939 0.677364 -0.342720 0.419295 0.055540 0.906150
-8.201810 -64.279736 215.709905 1139.615271 -0.628323 0.736879 0.249438 0.716528 0.673033 -0.183341 0.302980 -0.063532 0.950877
-6.703682 -63.905086 -341.937621 1364.719253 0.673397 -0.706090 -0.219030 0.683607 0.707524 -0.179138 0.281456 -0.029099 0.959133
-8.094186 -60.848049 277.629525 494.805768 -0.670985 0.708026 0.220177 0.627787 0.700490 -0.339407 0.394541 0.089513 0.914508
17.590604 -76.970303 1863.618422 3240.390876 -0.717458 0.637948 0.279779 -0.213342 -0.583564 0.783542 -0.663128 -0.502470 -0.554784
11.387351 -73.064403 1804.915812 4056.087201 -0.672181 0.667948 0.319402 -0.183024 -0.567916 0.802480 -0.717408 -0.480954 -0.503993
12.903782 -65.874376 1615.421354 1180.116584 -0.682279 0.673732 0.283867 -0.072843 -0.448992 0.890562 -0.727454 -0.586934 -0.355414
18.254290 -67.354124 1584.824473 1410.495437 -0.719525 0.651645 0.240087 -0.087763 -0.428266 0.899381 -0.688898 -0.626057 -0.365338
18.960438 -74.710125 383.755806 3089.932903 -0.777197 0.587414 0.225629 -0.179066 -0.550198 0.815609 -0.603241 -0.593486 -0.532798
17.796364 -79.494047 -285.913774 -2001.625574 -0.792614 0.567001 0.224217 0.311280 0.692498 -0.650809 -0.524279 -0.446046 -0.725379
5405.817637 -286.997160 -2680510.894638 82000.177825 0.537810 0.593871 -0.598396 -0.471994 -0.376025 -0.797387 0.698557 -0.711282 -0.078074
2105.733006 -93.697802 -576823.224824 -26839.578212 0.539219 -0.193691 -0.819589 0.767263 0.514208 0.383272 0.347203 -0.835508 0.425883
1418.624760 -6.897489 -358854.514113 -5106.284432 0.555125 0.212271 -0.804225 0.617375 0.542784 0.569415 0.557390 -0.812605 0.170262
-2.705319 -31.116707 743.373188 -96.271052 -0.645167 0.558052 0.521860 0.733124 0.259822 0.628508 0.215149 0.788081 -0.576749
-4.756732 -31.393173 562.499941 -621.572600 -0.631005 0.587511 0.506620 0.760744 0.340665 0.552463 0.151990 0.734015 -0.661907
-2.852112 -31.545954 568.623222 80.222116 -0.639224 0.571491 0.514577 0.757540 0.352756 0.549268 0.132382 0.740919 -0.658418
-3.765256 -77.993225 -1089.517468 1135.516636 -0.212898 -0.087246 0.973171 0.976147 -0.062385 0.207956 0.042568 0.994232 0.098446
1.378026 -77.017803 -1535.822137 1510.344704 -0.191514 -0.072507 0.978808 0.979715 -0.074075 0.186204 0.059004 0.994613 0.085222
-1.206194 -81.425788 -1359.391709 831.460769 -0.217940 -0.077012 0.972919 0.965874 0.125941 0.226330 -0.139960 0.989044 0.046936
2.941221 -100.784961 -320.810055 -7369.176119 0.206632 0.568138 -0.796569 0.892906 -0.442360 -0.083883 -0.400027 -0.693929 -0.598700
2.410074 -98.541197 680.065834 -7220.939124 0.235928 0.577946 -0.781228 0.874005 -0.477624 -0.089396 -0.424799 -0.661706 -0.617812
3.882867 -98.687484 -31.227841 -614.877252 0.225366 0.562917 -0.795195 0.820347 -0.549946 -0.156811 -0.525586 -0.616996 -0.585726
0.804102 -114.054299 99.913649 -8849.781584 0.226628 0.572961 -0.787627 0.953171 -0.296739 0.058398 -0.200260 -0.763978 -0.613379
3.638503 -97.035725 -300.037956 -932.932473 0.200325 0.565312 -0.800182 0.852478 -0.503104 -0.142015 -0.482857 -0.653689 -0.582700
3.141796 -97.767853 -7.963181 -6195.790276 0.188135 0.578215 -0.793897 0.911909 -0.403022 -0.077430 -0.364729 -0.709394 -0.603102
1.708198 -104.999738 -480.246959 -11248.912953 0.196247 0.568679 -0.798806 0.940386 -0.339933 -0.010972 -0.277780 -0.749033 -0.601488
-6.323518 -98.502319 247.188751 -8914.144013 0.216787 0.366892 -0.904651 -0.548164 0.812552 0.198180 0.807787 0.452934 0.377268
-7.529722 -93.389114 -174.160327 -6768.613501 0.232713 0.375355 -0.897192 -0.509981 0.832610 0.216057 0.828109 0.407271 0.385183
-6.412858 -87.679020 239.510941 -6468.565451 0.205848 0.379780 -0.901883 -0.404155 0.872343 0.275095 0.891227 0.307873 0.333060
-5.678493 -95.133852 924.415634 -9772.176044 0.176296 0.366321 -0.913635 -0.456281 0.852843 0.253902 0.872197 0.372112 0.317498
-11.124959 -102.948023 -2039.003005 10170.214602 -0.355459 -0.403192 0.843259 -0.399085 0.881277 0.253144 -0.845210 -0.246550 -0.474166
-16.700017 -121.179419 -421.630479 8147.443256 -0.326062 -0.341434 0.881536 -0.562846 0.819323 0.109153 -0.759532 -0.460579 -0.459325
-13.887955 -104.568718 -2137.685278 9257.294207 -0.348547 -0.348749 0.869994 -0.388412 0.898493 0.204564 -0.853025 -0.266616 -0.448625
-15.696879 -78.167376 -476.424169 3568.696978 -0.339263 -0.298740 0.891995 0.931065 0.028667 0.363724 -0.134229 0.953904 0.268421
-16.099851 -76.989669 932.100479 4083.061706 -0.314329 -0.343631 0.884938 0.940866 0.011317 0.338589 -0.126364 0.939037 0.319754
-14.468829 -69.714317 423.714749 4719.513070 -0.324669 -0.308615 0.894062 0.945180 -0.140835 0.294619 0.034991 0.940703 0.337422
-14.725244 -70.523783 -807.222454 4769.342869 -0.330220 -0.263802 0.906291 0.942166 -0.150358 0.299526 0.057252 0.952786 0.298197
-12.267483 -60.206502 765.331602 5016.772822 -0.291472 -0.306967 0.905988 0.938253 -0.276246 0.208254 0.186349 0.910746 0.368531
-2.289907 -455.103266 2276.046247 -225504.294852 0.545327 0.522053 -0.655804 0.710778 0.126713 0.691909 0.444312 -0.843448 -0.301964
150.998275 -9214.663802 6052.914497 5089532.192301 0.531934 0.463524 -0.708655 -0.478921 -0.525487 -0.703206 0.698342 -0.713449 0.057533
117.467592 -6463.774981 4292.208744 -2922004.905574 0.449452 0.480182 -0.753272 0.733392 0.283098 0.618055 0.510028 -0.830230 -0.224922
0.876720 -229.777066 2991.664492 -115031.501180 0.603996 0.536676 -0.589209 0.717875 -0.045221 0.694702 0.346185 -0.842576 -0.412579
-3.451336 -203.411882 4384.598599 -95122.230872 0.651310 0.526355 -0.546577 0.683200 -0.093322 0.724243 0.330201 -0.845128 -0.420387
-15.742036 -346.696340 4499.967789 116404.397403 0.620729 0.506808 -0.598198 -0.585161 -0.208326 -0.783700 0.521806 -0.836508 -0.167250
-150.416098 -324.215194 22167.540111 217409.685497 0.207790 0.941041 -0.266955 -0.664406 -0.064516 -0.744582 0.717906 -0.332083 -0.611827
248.347805 -956.910698 36777.556654 -209052.564454 -0.221189 0.070969 -0.972645 0.507717 0.859910 -0.052716 0.832646 -0.505489 -0.226234
-9.271766 -1444.400335 -1711.603608 -34285.182791 -0.120404 0.341475 -0.932147 -0.095774 0.930602 0.353280 0.988094 0.131811 -0.079344
1032.763696 -3020.431202 -486104.820182 1350519.802090 0.884927 0.440324 -0.151721 -0.327605 0.820069 0.469215 -0.331028 0.365516 -0.869953
3.515713 -818.106541 14904.109879 -351098.732000 0.652716 0.621415 -0.433364 0.694846 -0.263080 0.669312 0.301911 -0.737992 -0.603504
-123.824907 -632.892896 -23141.097796 383740.851714 0.601913 0.622289 -0.500456 -0.591975 -0.072915 -0.802652 0.535972 -0.779384 -0.324491
-50.260296 -223.216865 -10021.408212 -110991.353727 0.413963 0.610777 -0.674971 0.778560 0.146648 0.610195 0.471677 -0.778104 -0.414819
-24.106406 -561.885421 -1438.792044 -219398.199531 0.554422 0.598675 -0.578104 0.554520 0.252241 0.793021 0.620583 -0.760239 -0.192129
7.246807 -1175.545222 -12223.100170 -493965.246020 0.565139 0.471654 -0.676876 0.271628 0.668337 0.692492 0.778997 -0.575212 0.249589
-0.409964 -927.016059 -1647.437212 -310087.401123 0.459437 0.512670 -0.725319 0.140394 0.764425 0.629240 0.877044 -0.390927 0.279230
-15.709020 -529.245197 646.311693 182843.807442 0.470098 0.547219 -0.692502 -0.531088 -0.451290 -0.717135 0.704949 -0.704903 -0.078470
1.689934 -4.344568 2212.516155 3952.519466 -0.138653 -0.462185 0.875877 -0.038924 0.886279 0.461513 -0.989576 0.029898 -0.140875
8.566006 -2.417484 3894.249145 -4234.479035 -0.130100 0.403603 0.905637 0.048110 0.914894 -0.400817 -0.990333 -0.008576 -0.138445
0.827802 -6.036817 3492.364309 -2499.845191 -0.119270 0.460958 0.879370 0.096227 0.886890 -0.451849 -0.988188 0.030727 -0.150137
-122.758553 -1634.836923 -112689.080505 -819137.900878 -0.313239 -0.265193 -0.911896 0.812895 -0.571327 -0.113081 -0.491002 -0.776697 0.394536
69.568154 -1126.278064 -165417.646755 -111270.924802 -0.148808 -0.221566 -0.963724 0.988859 -0.037025 -0.144176 -0.003737 -0.974442 0.224607
118.035191 -1357.152472 -148785.153765 -176212.158564 -0.359374 -0.356204 -0.862537 0.859772 -0.485743 -0.157624 -0.362825 -0.798231 0.480817
246.228279 -1599.986732 237612.024067 257673.829243 0.425405 0.242189 0.871995 -0.516056 0.856442 0.013890 -0.743449 -0.455907 0.489318
117.995232 -1502.371893 -91267.654991 -761011.808710 -0.383858 -0.266740 -0.884027 0.794072 -0.583974 -0.168594 -0.471278 -0.766697 0.435974
18.360890 -77.201723 202.618798 2364.583090 -0.222930 0.488620 0.843536 0.973303 0.160051 0.164515 -0.054623 0.857691 -0.511255
24.580323 -77.913265 1675.574503 7503.706215 -0.224590 0.527111 0.819581 0.969085 0.032658 0.244555 0.102142 0.849169 -0.518150
17.116600 -71.448425 621.692112 5358.532983 -0.216351 0.458074 0.862183 0.961510 -0.053241 0.269562 0.169383 0.887318 -0.428924
-1.054198 -103.981805 -2544.025270 -44904.810679 -0.232599 -0.249709 -0.939970 0.725292 0.599361 -0.338701 0.647958 -0.760534 0.041701
1.011018 -28.577650 -1569.348477 -7357.381765 -0.387953 -0.373480 -0.842618 0.674248 0.508309 -0.535735 0.628396 -0.775973 0.054618
-8.724575 -39.769636 -2394.369915 -14537.399947 -0.347598 -0.344690 -0.871989 0.684635 0.542125 -0.487212 0.640664 -0.766348 0.047545
7.279936 -40.823642 -1265.121900 -8578.533713 -0.343334 -0.304741 -0.888400 0.710169 0.534782 -0.457896 0.614640 -0.788125 0.032808
-11.764971 -151.911610 -3478.301433 -59011.242979 -0.228692 -0.245502 -0.942034 0.703702 0.626973 -0.334228 0.672683 -0.739347 0.029376
4.720425 -621.939058 -3294.357560 -213295.836860 -0.277201 -0.301141 -0.912400 0.595150 0.691684 -0.409108 0.754292 -0.656420 -0.012511
5.148668 -127.682944 -1649.299856 -51004.876131 -0.257992 -0.229531 -0.938486 0.727201 0.593402 -0.345040 0.636097 -0.771485 0.013822
-11.273853 -24.484371 -968.698205 673.914018 0.546084 -0.463544 -0.697796 -0.430249 0.559521 -0.708394 0.718803 0.687069 0.106106
-14.503452 -26.914274 -1575.669001 745.104484 0.473049 -0.416408 -0.776420 -0.459502 0.635302 -0.620684 0.751719 0.650381 0.109189
-11.590847 -22.813001 -1227.182845 -965.414032 0.531295 -0.476065 -0.700777 0.487106 -0.505119 0.712448 0.693147 0.719872 0.036473
4.864790 -35.138130 -372.400834 2294.317094 0.017327 0.917743 0.396797 -0.555318 -0.321186 0.767113 -0.831458 0.233640 -0.504074
2.830501 -31.582807 634.199099 1547.907695 0.055856 0.940227 0.335937 -0.523999 -0.258796 0.811449 -0.849886 0.221355 -0.478222
6.767900 -38.289532 358.227558 1482.483396 0.046065 0.931874 0.359846 -0.609523 -0.259177 0.749205 -0.791429 0.253847 -0.556060
-41.145327 -63.196942 -867.055592 4705.455149 -0.465054 0.843289 0.269423 0.054993 -0.276229 0.959517 -0.883573 -0.461044 -0.082086
-35.584789 -57.771233 -1288.161480 2976.798134 -0.350442 0.745147 0.567403 0.217046 -0.524717 0.823142 -0.911088 -0.411616 -0.022152
-31.641712 -51.855826 -680.416092 -3005.486940 -0.195286 0.627313 0.753885 -0.348226 0.674248 -0.651251 -0.916843 -0.389703 0.086775
34.454861 -63.189809 4184.174398 -4592.841254 0.789061 -0.525707 -0.317828 -0.613132 -0.641851 -0.460540 -0.038111 -0.558264 0.828787
41.867991 -60.465728 4809.183719 -789.262173 0.774516 -0.560639 -0.292932 -0.631922 -0.665079 -0.397924 -0.028269 -0.493309 0.869395
37.411689 -55.713810 2293.125664 -124.441253 0.710346 -0.585070 -0.391283 -0.701496 -0.633943 -0.325606 0.057549 -0.505777 0.860743
47.917393 -63.739365 4323.555606 2665.465672 0.714194 -0.626726 -0.311677 -0.697252 -0.676064 -0.238281 0.061377 -0.387496 0.919826
0.284579 -23.893614 432.049684 -1054.723586 -0.078791 0.765354 0.638768 -0.003394 -0.640962 0.767565 -0.996885 -0.058309 -0.053099
1.467932 -25.502346 414.993473 -1240.512199 -0.076857 0.716987 0.692836 0.056605 -0.690633 0.720987 -0.995434 -0.094631 -0.012495
2.825815 -23.312307 166.985407 768.320913 -0.082989 0.683952 0.724792 -0.066874 0.721839 -0.688823 -0.994304 -0.105634 -0.014167
34.646864 -26.876218 9117.645223 -2278.068465 0.125396 0.782559 -0.609817 0.221467 0.577079 0.786087 -0.967072 0.233627 0.100948
30.428559 -28.897923 6987.526232 -2499.569088 0.138883 0.730744 -0.668375 0.226170 0.633673 0.739801 -0.964136 0.253912 0.077266
38.747364 -42.020266 10604.238879 -4435.409304 0.147216 0.793862 -0.590008 0.320242 0.526122 0.787808 -0.935827 0.304923 0.176775
22.978489 -21.222040 -3041.051896 -837.655997 -0.079331 -0.648047 0.757458 0.148519 0.743688 0.651821 -0.985722 0.164207 0.037249
25.600228 -19.180520 3001.222729 -719.949889 0.065115 0.728520 -0.681922 0.150639 0.668365 0.728420 -0.986442 0.150155 0.066223
5.744442 -33.317092 5026.688353 -370.923687 -0.564936 0.817346 -0.113108 0.605288 0.503665 0.616399 -0.560780 -0.279763 0.779268
19.942361 -34.130532 7102.055284 -377.034232 -0.563400 0.821453 -0.088286 0.624163 0.493211 0.605940 -0.541295 -0.286281 0.790596
-3.714489 -33.618448 3631.747606 -209.866430 -0.595232 0.792195 -0.134631 0.641826 0.569521 0.513522 -0.483485 -0.219255 0.847449
17.360882 -32.942931 6427.519059 -502.359893 -0.547826 0.833708 -0.069410 0.562320 0.428386 0.707306 -0.619421 -0.348450 0.703492
4.312903 -32.414053 5039.489792 -373.157913 -0.551809 0.827719 -0.101920 0.537812 0.446588 0.715065 -0.637389 -0.339766 0.691588
-4.915801 -33.022104 3774.087131 -208.500272 -0.581948 0.803253 -0.126965 0.582516 0.520683 0.624151 -0.567460 -0.289264 0.770918
3.186665 -42.426496 1331.753492 -1445.330430 -0.603851 0.727845 0.324969 0.625503 0.179985 0.759179 0.494075 0.661700 -0.563953
-4.629569 -41.573243 86.132948 -1765.414335 0.641142 -0.733501 -0.225640 0.627718 0.332100 0.704045 0.441483 0.593031 -0.673355
-3.751441 -43.854491 375.574387 -1509.952338 0.646037 -0.741738 -0.180167 0.582035 0.325990 0.744960 0.493833 0.586135 -0.642319
0.445527 -72.470519 -541.790891 -1365.023419 0.827994 -0.513701 -0.224805 -0.009410 0.388124 -0.921559 -0.560658 -0.765161 -0.316531
0.969762 -68.241381 -38.909169 -410.617596 0.840763 -0.492057 -0.225825 -0.025896 0.380083 -0.924590 -0.540783 -0.783209 -0.306818
0.873663 -69.186511 -146.448746 311.443205 0.836643 -0.512282 -0.193895 0.142283 0.545089 -0.826216 -0.528945 -0.663661 -0.528934
0.642695 -65.537143 281.314440 290.603859 0.852548 -0.474257 -0.219638 -0.038892 0.361509 -0.931557 -0.521199 -0.802740 -0.289759
0.642749 -65.400596 219.676129 479.631739 0.849072 -0.493224 -0.189226 0.117942 0.526137 -0.842181 -0.514943 -0.692755 -0.504900
1.594855 -83.821949 -115.901046 -1416.294736 -0.568146 0.793884 0.216699 -0.471159 -0.097910 -0.876597 0.674699 0.600135 -0.429673
0.065635 -77.492592 -349.481558 -899.358390 -0.555065 0.803630 0.214666 -0.468565 -0.088851 -0.878950 0.687277 0.588460 -0.425870
-0.070227 -75.248198 -377.752469 -236.565648 -0.540116 0.805229 0.244707 -0.369749 0.034157 -0.928504 0.756016 0.591980 -0.279284
24.372615 -33.220064 -22023.619367 -33.227234 -0.484289 0.569921 -0.663817 0.869774 0.395690 -0.294825 0.094638 -0.720152 -0.687331
-11.465917 -32.201098 -16288.995406 -7215.015583 -0.630684 0.456679 -0.627441 0.770112 0.468046 -0.433428 0.095734 -0.756556 -0.646883
19.221955 -18.021415 9730.269410 6780.844582 0.143012 0.797841 -0.585659 0.951784 0.051397 0.302434 0.271396 -0.600672 -0.752022
14.635022 -13.301879 1248.785793 -204.409122 -0.085049 0.954060 -0.287290 0.075989 0.293706 0.952871 -0.993475 -0.059210 0.097477
22.292013 -14.487938 8455.496603 -451.004890 -0.021968 0.997935 -0.060362 0.064485 0.061665 0.996012 -0.997677 -0.017988 0.065706
43.625219 -14.361295 16395.921588 -963.970962 -0.020560 0.998886 0.042467 0.057666 -0.041220 0.997485 -0.998124 -0.022958 0.056754
6.385666 -81.080011 -579.501373 -4244.253423 -0.661516 0.725903 0.188310 -0.527095 -0.628672 0.571789 -0.533449 -0.278990 -0.798497
8.482159 -82.323138 -483.574789 -611.934958 -0.601202 0.775326 0.193455 -0.649375 -0.615110 0.447161 -0.465691 -0.143210 -0.873283
-0.857832 -45.742473 -553.479826 355.684951 0.694663 -0.633194 -0.341334 0.358549 0.716152 -0.598806 0.623607 0.293584 0.724515
-2.709943 -46.117362 381.571056 180.573881 -0.671568 0.669123 0.318230 0.288867 0.631951 -0.719162 0.682314 0.391040 0.617686
1.718941 -45.379841 -496.692654 667.808049 0.712413 -0.593831 -0.373943 0.412451 0.785429 -0.461504 0.567761 0.174548 0.804475
-0.122896 -47.390811 -577.832448 578.590767 0.708750 -0.605859 -0.361397 0.435673 0.778828 -0.451238 0.554853 0.162364 0.815951
-2.455349 -47.793716 -431.801152 319.180260 0.683599 -0.645687 -0.340265 0.378635 0.712303 -0.590982 0.623961 0.275159 0.731410
17.426918 -36.272875 8443.212415 613.364291 -0.494489 0.830937 0.254997 -0.675609 -0.552024 0.488694 -0.546839 -0.069376 -0.834359
-3.216881 -110.949947 -290.359525 2226.421218 -0.037049 -0.735781 0.676206 0.985896 0.083602 0.144983 -0.163208 0.672040 0.722306
-2.719573 -117.363672 68.190304 8878.897083 -0.021245 -0.732813 0.680098 0.955295 0.185765 0.230006 -0.294890 0.654581 0.696106
-1.714189 -120.396787 -72.811540 8181.005518 -0.031369 -0.737628 0.674479 0.936954 0.213276 0.276821 -0.348041 0.640639 0.684433
16.627901 -67.502300 -3268.305547 9099.433947 -0.089321 -0.681716 0.726144 0.863721 -0.416074 -0.284373 0.495991 0.601786 0.625977
9.099909 -117.931807 -1936.289580 26599.474587 -0.189392 -0.674159 0.713891 0.885509 -0.431419 -0.172487 0.424269 0.599489 0.678681
2.321022 -114.830302 -1425.086250 22743.260316 -0.150290 -0.674393 0.722916 0.933390 -0.337816 -0.121095 0.325878 0.656563 0.680241
51.232864 -26.237107 -385.008213 745.543389 0.881470 -0.304169 -0.361236 -0.324056 0.166822 -0.931213 -0.343508 -0.937898 -0.048481
49.123533 -23.788177 -8978.459565 1242.327409 0.776126 -0.505633 -0.376780 -0.347188 0.156139 -0.924706 -0.526392 -0.848502 0.054366
41.974171 -25.492818 -5609.512141 916.432041 0.802144 -0.485361 -0.347836 -0.360295 0.071126 -0.930123 -0.476185 -0.871416 0.117820
2.940692 -105.246954 -484.954796 2943.825207 0.351614 0.723269 -0.594348 -0.029020 -0.626163 -0.779152 0.935695 -0.291209 0.199179
1.822766 -109.060821 1950.654379 3327.577015 0.313618 0.738399 -0.597001 -0.002584 -0.628054 -0.778165 0.949546 -0.245590 0.195061
3.588618 -100.601919 1718.095029 8127.664351 0.323767 0.742620 -0.586252 -0.258294 -0.526714 -0.809849 0.910197 -0.413628 -0.021281
-0.285301 -100.082854 -276.312875 7550.366267 0.216361 0.729703 -0.648630 0.742204 -0.554557 -0.376298 0.634288 0.399999 0.661573
-2.306456 -96.381106 -388.959968 6396.712920 0.211019 0.734708 -0.644729 0.717307 -0.564466 -0.408470 0.664034 0.376274 0.646124
-1.509909 -104.801656 -254.674282 10821.782946 0.196035 0.743546 -0.639304 0.816181 -0.485087 -0.313909 0.543524 0.460251 0.701962
-3.564826 -102.099464 -817.972154 10392.457775 0.191579 0.747571 -0.635953 0.795116 -0.498085 -0.345979 0.575402 0.439374 0.689828
-4.154378 -93.262276 -751.157551 5044.035635 0.204991 0.737568 -0.643407 0.692520 -0.573838 -0.437179 0.691660 0.355954 0.628413
-24.795671 -218.767555 8995.786020 -56355.754440 0.099532 0.994981 0.010338 -0.383217 0.047919 -0.922415 0.918280 -0.087848 -0.386063
-30.488907 -156.234908 12435.511761 -42883.661121 0.151312 0.986505 0.062544 -0.167884 0.088001 -0.981871 0.974125 -0.138069 -0.178934
