14239
28468
-37.124129 -57.129483 -1090.265775 7016.839493 0.161313 0.986237 -0.036256 0.673637 -0.136882 -0.726276 0.721243 -0.092734 0.686446
-49.265858 -71.923209 562.909254 7269.639365 -0.015858 0.996929 0.076688 0.805636 0.058166 -0.589548 0.592198 -0.052433 0.804084
-41.890772 -70.538444 -760.391050 11206.032700 -0.072589 0.972128 0.222929 0.739283 0.202479 -0.642232 0.669471 -0.118189 0.733376
-43.949613 -66.528517 -524.013492 5758.097684 0.310587 0.908625 -0.279172 0.712902 -0.416930 -0.563861 0.628733 0.023894 0.777254
-29.213494 -68.299567 -4267.813700 13874.940348 -0.043277 0.952942 0.300048 0.688543 0.246062 -0.682175 0.723903 -0.177073 0.666790
-24.148828 -47.693250 -4674.806628 8050.573549 0.125862 0.980047 0.153838 0.613761 0.044905 -0.788214 0.779395 -0.193626 0.595863
-31.471812 -42.609117 -1088.783244 3199.568323 0.477537 0.749454 -0.458559 0.405196 -0.650953 -0.641932 0.779599 -0.120740 0.614530
-34.954397 -52.404773 -1305.239775 4127.305604 0.418423 0.822350 -0.385568 0.544818 -0.566913 -0.617886 0.726702 -0.048473 0.685241
-53.852197 -77.153132 -925.990748 -1235.099256 -0.320951 -0.662392 0.676925 0.910141 -0.413420 0.026983 0.261981 0.624757 0.735558
-51.639191 -77.214427 -712.954586 -1117.394632 -0.395490 -0.606852 0.689433 0.821586 -0.569305 -0.029814 0.410591 0.554637 0.723736
-50.955606 -75.327688 -779.834690 -1396.755087 -0.357561 -0.505723 0.785108 0.878854 -0.466551 0.099729 0.315857 0.725654 0.611277
-54.360854 -78.371067 -155.968523 -1689.553797 -0.348402 -0.751909 0.559686 0.875039 -0.474960 -0.093377 0.336040 0.457215 0.823427
-52.106253 -73.594002 -1229.923011 199.708442 -0.273682 -0.548578 0.790039 0.946229 -0.300863 0.118879 0.172479 0.780092 0.601421
-55.539839 -78.570406 -10.948789 -2232.664987 -0.330287 -0.779261 0.532601 0.922915 -0.384895 0.009187 0.197836 0.494579 0.846317
-54.288771 -75.928024 -1095.646999 182.212269 -0.293399 -0.678087 0.673881 0.948186 -0.296297 0.114682 0.121905 0.672612 0.729885
-42.713044 -76.232449 -1671.284396 7941.327945 0.408276 0.908193 0.092173 -0.885289 0.418550 -0.202682 0.222653 -0.001151 -0.974897
-49.363396 -87.760874 -3793.791469 11940.086653 0.216772 0.966743 0.135711 -0.946877 0.242043 -0.211751 0.237557 0.082600 -0.967855
-44.465331 -84.147456 -3825.410974 7895.796939 0.338877 0.940019 0.039071 -0.866139 0.327921 -0.377189 0.367377 -0.093980 -0.925312
14.055216 -8.464428 -1002.955135 83.724153 -0.193847 0.955352 -0.222992 0.617478 0.295447 0.728994 -0.762328 -0.003621 0.647180
15.297208 -9.314492 -1254.642536 522.754752 -0.245971 0.936769 -0.248924 0.624340 0.349564 0.698574 -0.741417 -0.016416 0.670844
9.594706 -8.729555 -2227.029824 -241.614444 -0.217173 0.961429 -0.168788 0.617517 0.269234 0.739043 -0.755981 -0.056271 0.652170
11.669556 -4.437023 -2061.490827 -1474.800895 -0.185959 0.969977 -0.156731 0.587050 0.237595 0.773900 -0.787903 -0.051905 0.613608
15.673650 -7.894560 -1792.333532 -1675.436027 -0.185111 0.956595 -0.225078 0.586253 0.291312 0.755939 -0.788696 -0.007980 0.614732
13.229974 -10.837610 830.199633 264.411450 -0.124428 0.968540 -0.215518 0.625531 0.245175 0.740676 -0.770214 0.042652 0.636358
20.389460 -46.890703 10380.967848 -1173.297573 -0.356502 0.436108 -0.826267 0.722617 0.689288 0.052029 0.592226 -0.578525 -0.560871
-13.753814 -49.367203 1518.013817 -492.979755 -0.045211 0.530512 -0.846471 0.739030 0.587886 0.328975 0.672153 -0.610694 -0.418643
24.233505 -45.178368 10902.199855 -1567.365260 -0.330600 0.474460 -0.815838 0.813025 0.582158 0.009100 0.479264 -0.660288 -0.578209
-13.744365 -50.402847 1721.411236 336.093664 -0.106483 0.508172 -0.854647 0.629424 0.699844 0.337704 0.769731 -0.501976 -0.394378
111.101894 -42.464995 27986.186137 -1331.151375 -0.524182 0.373326 -0.765415 0.728280 0.662378 -0.175681 0.441407 -0.649525 -0.619093
81.988999 -46.553200 22075.466081 -1306.016294 -0.510161 0.335337 -0.792013 0.658365 0.744804 -0.108726 0.553435 -0.576902 -0.600745
16.725520 -48.540556 9997.512127 -289.534038 -0.378891 0.393960 -0.837399 0.612457 0.785104 0.092244 0.693786 -0.477920 -0.538752
28.671969 -34.126975 9456.087985 -649.787486 -0.571979 0.773896 -0.271889 0.775149 0.618378 0.129434 -0.268299 0.136721 0.953584
17.357535 -37.284646 10716.561062 -426.676932 -0.586706 0.740156 -0.328551 0.774368 0.631484 0.039783 -0.236921 0.231078 0.943648
33.042507 -37.572546 -10549.599204 -794.077909 0.570231 -0.771349 0.282592 0.797322 0.602499 0.035667 -0.197773 0.204978 0.958577
-1.179801 -119.138764 -490.012451 -9095.341738 0.416080 0.882710 0.218406 0.064644 0.210863 -0.975376 0.907027 -0.419953 -0.030674
1.359647 -123.023738 -815.745813 -12265.949477 0.425775 0.879305 0.213399 0.074260 0.201091 -0.976754 0.901777 -0.431724 -0.020322
-1.347063 -129.428887 -78.091286 -8740.574959 0.402390 0.891251 0.209172 -0.103508 0.271315 -0.956909 0.909598 -0.363399 -0.201426
2.112478 -114.718800 -991.742036 -7793.818524 0.428241 0.876075 0.221591 0.224750 0.134253 -0.965124 0.875270 -0.463108 0.139405
-2.826372 -116.232453 -320.402805 -4762.540643 0.403894 0.890483 0.209547 0.042236 0.210665 -0.976645 0.913830 -0.403312 -0.047476
-1.171345 -112.760266 -587.311488 -6604.524080 0.420902 0.878314 0.226731 0.231418 0.137708 -0.963059 0.877090 -0.457823 0.145296
-2.586497 -123.430036 -125.645556 -2525.683078 0.393953 0.897058 0.200218 -0.141243 0.274332 -0.951206 0.908213 -0.346451 -0.234777
3.991068 -14.130266 -1080.877724 -2581.275327 0.810335 -0.372832 0.452055 -0.153526 0.609431 0.777832 0.565497 0.699707 -0.436604
-0.536157 -21.148567 -815.961106 -5126.312314 0.827940 -0.490647 0.271626 0.019082 0.508707 0.860728 0.560492 0.707448 -0.430542
4.285645 -12.512024 -2341.696992 -124.426056 0.825755 -0.389912 0.407551 -0.120043 0.584523 0.802448 0.551107 0.711549 -0.435866
12.000848 -11.275230 -4129.179744 -495.487287 0.736419 -0.192571 0.648539 -0.367459 0.691042 0.622443 0.568032 0.696690 -0.438134
3.847528 -119.756723 -413.207938 3575.790054 0.253903 -0.658216 0.708721 0.876570 -0.153138 -0.456261 0.408850 0.737089 0.538090
6.242247 -119.246139 -983.718086 4072.048543 0.248322 -0.667782 0.701715 0.890784 -0.127186 -0.436265 0.380578 0.733411 0.563267
3.376409 -123.657892 -532.630589 3151.539413 0.263959 -0.659865 0.703494 0.939053 0.009272 -0.343647 0.220238 0.751327 0.622096
113.732954 -93.273169 -18085.788197 16333.324862 -0.544754 -0.309610 -0.779349 0.808816 -0.439446 -0.390774 -0.221494 -0.843226 0.489807
154.300212 -70.075159 -11722.335054 16324.305265 -0.548000 -0.103220 -0.830085 0.800803 -0.351458 -0.484966 -0.241682 -0.930496 0.275258
127.290459 -92.148537 -20286.200060 19427.396763 -0.551449 -0.185111 -0.813411 0.791306 -0.424747 -0.439801 -0.264082 -0.886185 0.380706
-1.762219 -199.674543 -220.748011 -1267.873275 0.258251 -0.594450 0.761535 0.964414 0.112394 -0.239318 0.056671 0.796239 0.602321
-3.371902 -188.819229 578.031018 15462.586025 0.246794 -0.607914 0.754674 0.893777 -0.158171 -0.419696 0.374507 0.778089 0.504304
-3.724859 -187.090012 95.916213 -73.921383 0.262532 -0.594375 0.760128 0.944377 -0.003427 -0.328847 0.198063 0.804180 0.560415
-3.392746 -189.612291 366.424507 -9145.592694 0.272109 -0.597772 0.754073 0.962094 0.183845 -0.201436 -0.018220 0.780301 0.625138
-2.617068 -192.360684 434.462021 -3171.338401 0.264870 -0.595770 0.758223 0.955562 0.056645 -0.289298 0.129406 0.801155 0.584298
16.865574 -85.080449 2179.396738 18401.801175 0.379063 -0.605135 0.700087 0.488394 0.773425 0.404085 -0.785991 0.188745 0.588721
7.059848 -111.621924 -2534.639696 23452.706846 0.350686 -0.607087 0.713067 0.375530 0.788684 0.486780 -0.857903 0.097071 0.504560
14.235181 -86.296586 -3092.424015 21159.447991 0.369572 -0.508376 0.777798 0.459911 0.827416 0.322280 -0.807402 0.238612 0.539598
25.163741 -63.111642 -388.698698 8779.424044 0.405135 -0.483514 0.775938 0.497754 0.828550 0.256410 -0.766881 0.282346 0.576346
21.505348 -62.169273 -3212.724858 12064.583361 0.380036 -0.398089 0.834924 0.458292 0.865103 0.203875 -0.803456 0.305159 0.511211
13.406172 -85.451246 -2488.771140 24690.447101 0.370063 -0.437806 0.819377 0.422787 0.864732 0.271092 -0.827227 0.246101 0.505104
4.423313 -233.932902 4784.527790 -11409.716057 0.226461 -0.638599 0.735464 0.973943 0.157981 -0.162719 -0.012277 0.753149 0.657735
3.872819 -257.280640 3467.902994 12982.725649 0.200403 -0.612869 0.764350 0.908446 -0.175873 -0.379202 0.366830 0.770364 0.521513
1.953316 -211.105916 4268.977103 13534.848839 0.214018 -0.627620 0.748525 0.934722 -0.090978 -0.343538 0.283711 0.773186 0.567179
-32.191902 -39.285371 582.517680 4143.841895 0.120775 -0.159108 -0.979846 -0.693296 0.692927 -0.197973 0.710460 0.703233 -0.026621
-29.662727 -40.280817 2540.071098 2650.757677 0.240179 -0.391154 -0.888433 -0.609917 0.651203 -0.451593 0.755192 0.650333 -0.082166
-30.569411 -33.660736 -846.305083 149.019823 0.677018 -0.664418 -0.316536 0.299476 -0.144170 0.943148 0.672280 0.733323 -0.101372
-32.648837 -36.444794 -1667.703921 -1062.605023 0.441284 -0.386346 0.809942 0.614013 -0.528215 -0.586496 0.654414 0.756126 0.004129
15.117440 -603.522031 5085.053867 -83926.789033 0.217608 -0.562913 0.797355 0.513050 0.760936 0.397185 -0.830317 0.322652 0.454388
89.747159 -872.769306 21581.740964 219133.280011 0.155358 -0.558415 0.814885 0.538280 0.739535 0.404157 -0.828323 0.375847 0.415476
20.246934 -2051.947463 -38475.779922 727045.416808 0.188712 -0.564074 0.803871 0.922031 0.383517 0.052662 -0.338003 0.731256 0.592468
1320.546009 -37303.610935 -106206.427079 17700040.512323 -0.023759 -0.543565 0.839031 0.999706 -0.016928 0.017342 0.004777 0.839196 0.543807
-7.758174 -428.877559 -7602.833579 39106.147106 0.230938 -0.517045 0.824216 0.921615 -0.155327 -0.355668 0.311919 0.841747 0.440645
-10.664265 -246.272024 4652.595184 15565.017868 0.173697 -0.730850 0.660066 0.853318 -0.222892 -0.471346 0.491607 0.645118 0.584932
-10.605521 -282.888901 -6992.411554 -42087.179539 -0.218250 0.734957 -0.642032 0.693751 -0.345852 -0.631741 0.686350 0.583288 0.434395
-22.371285 -288.799809 4648.389028 -14777.075672 0.185246 -0.700677 0.689011 0.852801 -0.233757 -0.466998 0.488276 0.674099 0.554236
-13.993084 -287.128674 4211.701283 29122.026702 0.089771 -0.726581 0.681191 0.976967 -0.068701 -0.202028 0.193588 0.683638 0.703678
-0.873252 -33.120193 1672.107147 1618.260059 -0.684996 0.722622 -0.092729 0.123024 -0.010723 -0.992346 0.718085 0.691160 0.081555
-2.133355 -37.276359 2503.627501 1908.977788 -0.679911 0.720920 -0.134145 0.207742 0.013927 -0.978085 0.703253 0.692878 0.159234
-6.271011 -32.539584 2092.098200 1563.481028 -0.686052 0.724153 -0.070247 0.109464 0.007284 -0.993964 0.719271 0.689601 0.084265
5.647841 -38.069122 2715.197330 2199.271241 -0.684423 0.721916 -0.101989 0.182649 0.034348 -0.982578 0.705836 0.691127 0.155365
-3.901654 -28.169805 1448.584265 1746.353545 -0.684548 0.726621 -0.058452 0.049013 -0.034124 -0.998215 0.727318 0.686191 0.012255
0.221625 -28.312942 1015.393401 1617.600853 -0.683056 0.727575 -0.063796 0.051683 -0.038979 -0.997903 0.728535 0.684920 0.010978
5.146246 -33.400887 2211.067803 1707.754281 -0.690020 0.722104 -0.049380 0.088091 0.016069 -0.995983 0.718409 0.691598 0.074699
-19.381685 -40.238412 -106.990702 -110.417192 0.448047 0.763625 -0.464899 0.553469 -0.645305 -0.526549 0.702087 0.021389 0.711769
-16.592821 -40.588159 851.534188 2282.739114 0.292387 0.871529 -0.393634 0.698776 -0.475721 -0.534230 0.652857 0.118860 0.748098
-19.548524 -47.913415 164.705389 1253.704633 0.431024 0.817873 -0.381186 0.649110 -0.574480 -0.498628 0.626797 0.032511 0.778504
-19.094419 -44.828857 2.622835 -645.331319 0.506019 0.717030 -0.479387 0.456888 -0.694245 -0.556127 0.731572 -0.062385 0.678904
-18.835165 -53.625369 218.215360 2082.508650 0.433142 0.841539 -0.322801 0.762547 -0.533081 -0.366534 0.480532 0.087390 0.872612
-19.561272 -52.883686 -271.137135 1187.095196 0.491083 0.821126 -0.290842 0.695341 -0.570613 -0.436922 0.524726 -0.012331 0.851182
-19.118785 -47.832560 251.259547 -437.550946 0.489466 0.787604 -0.374304 0.563933 -0.613292 -0.553039 0.665133 -0.059611 0.744342
0.570334 -135.130795 -699.118601 -11118.831666 0.422137 0.883297 0.203927 -0.097776 0.268005 -0.958443 0.901243 -0.384656 -0.199500
3.927597 -126.516281 -1122.446995 -12295.046376 0.426410 0.884691 0.188403 0.055521 0.182297 -0.981675 0.902824 -0.429056 -0.028614
5.961950 -115.925200 -1200.616488 -6865.356869 0.419772 0.886119 0.196429 0.202447 0.119556 -0.971968 0.884763 -0.447772 0.129206
-209.064146 -280.448781 16821.266455 85065.090648 -0.698412 -0.393976 0.597497 -0.078235 0.871872 0.483444 -0.711407 0.290898 -0.639749
-111.071585 -151.995904 25350.285965 37689.905496 -0.358254 0.436239 0.825439 0.497091 0.837514 -0.226874 -0.790288 0.329039 -0.516893
-78.935338 -247.581213 24783.417229 61492.811620 0.293621 0.931092 0.216460 -0.657630 0.032410 0.752644 -0.693765 0.363343 -0.621830
-194.506881 -424.260218 38790.573850 141437.575728 -0.598377 0.077707 0.797437 0.190382 0.980570 0.047306 -0.778267 0.180124 -0.601545
18.961453 -25.050904 2933.966593 4694.148661 0.549029 -0.822709 -0.147369 0.759860 0.417886 0.497981 -0.348110 -0.385385 0.854575
21.982461 -18.113626 3502.449285 2959.404739 0.569196 -0.811412 -0.132765 0.760649 0.458373 0.459681 -0.312134 -0.362637 0.878104
12.989956 -23.889804 2148.374812 4082.804591 0.524091 -0.829950 -0.191081 0.786741 0.385879 0.481805 -0.326140 -0.402841 0.855191
9.197901 -33.709871 1679.805564 4698.687136 0.498941 -0.841485 -0.207273 0.778691 0.330320 0.533412 -0.380392 -0.427542 0.820067
14.722174 -35.296425 3271.272657 4392.720166 0.539093 -0.826063 -0.164314 0.739838 0.371211 0.561108 -0.402515 -0.424055 0.811270
13.654883 -69.719960 3419.151393 -10582.145157 -0.128685 0.673098 0.728271 -0.292168 0.676049 -0.676458 -0.947670 -0.299828 0.109660
9.483790 -76.686887 3309.835123 -3292.199119 -0.110891 0.639598 0.760669 -0.356513 0.688847 -0.631180 -0.927686 -0.341181 0.151638
19.588344 -67.051191 5944.017609 4732.553281 -0.113407 0.571753 0.812550 -0.365798 0.736352 -0.569190 -0.923759 -0.361779 0.125638
22.127276 -61.683524 6366.696088 -5229.331344 -0.138833 0.616836 0.774751 -0.288480 0.723209 -0.627494 -0.947367 -0.310617 0.077540
16.501042 -86.328675 2763.272746 14523.339399 -0.146922 0.730633 0.666775 0.105327 -0.658702 0.744995 -0.983524 -0.179686 -0.019822
36.473387 -71.571536 -3174.002398 10594.457453 -0.264730 0.408801 0.873384 -0.389358 0.783277 -0.484642 -0.882224 -0.468358 -0.048187
32.164309 -70.893321 5080.463940 8543.103651 -0.171917 0.518217 0.837792 -0.353140 0.761512 -0.543500 -0.919640 -0.389295 0.052086
35.424018 -111.764594 607.813120 22893.616613 -0.191141 0.472954 0.860104 -0.484965 0.716334 -0.501672 -0.853390 -0.513010 0.092445
14.071392 -51.719660 -6923.518301 1210.143551 -0.525676 0.790928 0.313205 -0.731374 -0.608238 0.308446 -0.434461 0.066927 -0.898200
6.227946 -51.393578 -2527.724933 577.702854 -0.523152 0.788770 0.322729 -0.733651 -0.609512 0.300420 -0.433669 0.079605 -0.897549
12.423627 -51.885335 -5796.991644 179.975365 -0.520560 0.792003 0.318980 -0.785410 -0.590706 0.184928 -0.334887 0.154264 -0.929545
22.024178 -51.834388 -5017.514589 820.102583 -0.498045 0.786234 0.365768 -0.783947 -0.588534 0.197624 -0.370646 0.188318 -0.909482
19.902605 -51.343340 -5078.788519 762.937207 -0.497909 0.791846 0.353648 0.831977 0.551234 -0.062896 -0.244747 0.262911 -0.933261
11.338594 -50.838694 -5021.032968 830.502727 -0.509740 0.797752 0.322112 0.829109 0.555457 -0.063603 -0.229659 0.234645 -0.944562
-10.201730 -45.807151 -1357.000614 37.353711 -0.476922 0.848170 0.230551 0.876733 0.477665 0.056351 -0.062331 0.229006 -0.971427
-9.673981 -44.947201 664.234084 -365.684680 -0.435114 0.870812 0.228828 0.896466 0.442657 0.020078 -0.083809 0.213873 -0.973260
-5.919127 -44.561116 -778.681365 548.901747 -0.430428 0.875537 0.219470 0.889393 0.452871 -0.062357 -0.153988 0.168355 -0.973624
-6.412792 -46.262675 -3109.581572 671.831382 -0.521511 0.823583 0.223019 0.839972 0.541474 -0.035394 -0.149909 0.168871 -0.974171
210.156954 -47.435142 -37669.009427 -2245.636801 0.130339 -0.906319 -0.401992 0.929808 -0.029018 0.366898 -0.344192 -0.421597 0.838921
203.428568 -33.938221 53675.557874 275.602734 0.275273 -0.642050 -0.715540 0.925428 -0.024632 0.378122 -0.260398 -0.766267 0.587390
175.520597 -41.631561 -21902.069622 923.035236 0.207626 -0.863767 -0.459128 0.879320 -0.040841 0.474478 -0.428589 -0.502234 0.751047
182.418356 -48.164723 81711.125748 -51.895357 -0.097601 0.974215 0.203417 0.873729 -0.013987 0.486212 -0.476521 -0.225186 0.849835
-1.147410 -80.273619 739.645531 778.562475 0.695407 -0.716079 0.060330 0.364807 0.279448 -0.888158 -0.619133 -0.639640 -0.455560
-2.755077 -78.233724 545.159186 1645.320156 0.686136 -0.724909 0.061029 0.397869 0.303705 -0.865716 -0.609030 -0.618280 -0.496802
-0.880598 -73.588359 558.480628 3921.026240 0.685621 -0.724253 0.073364 0.528917 0.426375 -0.733792 -0.500171 -0.541906 -0.675401
14.463163 -115.180402 3811.879853 4020.791595 -0.546008 0.819525 0.173937 -0.208030 -0.333740 0.919424 -0.811541 -0.465829 -0.352711
19.932404 -112.683430 2087.086570 2318.890942 -0.621655 0.760511 0.187530 -0.222284 -0.400854 0.888766 -0.751089 -0.510822 -0.418243
10.690928 -114.122200 2796.452837 -1313.615631 -0.563443 0.806080 0.181018 -0.441605 -0.479039 0.758621 -0.698224 -0.347501 -0.625880
3.348568 -117.939963 2094.063616 -1837.741626 -0.546744 0.824215 0.147445 -0.456872 -0.441239 0.772384 -0.701669 -0.354933 -0.617806
-3.024027 -139.712284 692.158007 16928.442813 0.991678 -0.111919 0.063629 0.127361 0.925048 -0.357862 0.018808 -0.362988 -0.931604
-1.409770 -122.565842 731.565759 10634.160799 0.993948 -0.092235 0.059668 0.103313 0.969475 -0.222361 0.037337 -0.227179 -0.973137
-2.713166 -162.670438 972.057872 24014.332031 0.995648 -0.072799 0.058190 0.090755 0.899351 -0.427704 0.021197 -0.431124 -0.902044
-4.312303 -159.510443 -423.980220 19008.379348 0.992758 -0.114934 0.034947 0.114686 0.820201 -0.560462 -0.035753 -0.560411 -0.827442
-6.787071 -154.001003 375.601312 16927.712269 0.990485 -0.126606 0.053955 0.135865 0.837069 -0.529959 -0.021932 -0.532246 -0.846305
-28.104875 -41.274691 4862.586384 219.021980 0.286937 0.841244 0.458231 0.444663 -0.540655 0.714120 -0.848494 0.001149 0.529204
-26.128225 -43.208533 6088.078068 563.243433 0.181219 0.944267 0.274808 0.429214 -0.327358 0.841791 -0.884836 0.034598 0.464616
-37.980111 -47.126050 6519.984310 -1082.528173 0.236542 0.839204 0.489677 0.393724 -0.543536 0.741316 -0.888273 -0.017445 0.458984
-18.407849 -37.523886 4657.269325 1508.943955 0.220808 0.935006 0.277502 0.485791 -0.352155 0.799997 -0.845725 0.041837 0.531976
-20.459762 -35.180195 3557.675726 982.665209 0.321551 0.843344 0.430552 0.482309 -0.537169 0.691974 -0.814851 0.014846 0.579480
-14.722405 -86.969113 1627.558255 -4278.246234 0.987071 0.005192 0.160198 -0.134049 0.574684 0.807322 0.087871 0.818359 -0.567950
-17.513554 -95.491708 3966.846131 -5447.811697 0.978554 -0.043985 0.201242 -0.152210 0.503870 0.850263 0.138799 0.862659 -0.486369
-13.733555 -82.683697 1430.559734 -4464.736819 0.989849 -0.012888 0.141535 -0.097570 0.662486 0.742692 0.103337 0.748963 -0.654504
-16.555303 -84.149980 -2266.660050 -2755.609846 0.991589 0.043090 0.122041 -0.119612 0.665273 0.736956 0.049435 0.745356 -0.664832
-13.366704 -76.770922 -1327.606003 -4770.541327 0.994636 0.011698 0.102776 -0.074005 0.774660 0.628033 0.072270 0.632270 -0.771370
-12.382228 -75.919654 1158.378222 -3640.794750 0.992015 -0.047792 0.116711 -0.040277 0.756901 0.652288 0.119513 0.651780 -0.748932
-9.333287 -45.158655 364.847841 -1361.770692 -0.418551 0.900350 -0.119105 -0.577099 -0.162402 0.800364 -0.701264 -0.403728 -0.587564
-9.651441 -46.519006 -89.001250 -1242.582947 -0.459398 0.877836 -0.135490 -0.581429 -0.181882 0.793007 -0.671487 -0.443083 -0.593955
-10.174027 -49.308422 116.553687 -1289.883038 -0.454298 0.886334 -0.089585 -0.420221 -0.124539 0.898835 -0.785511 -0.445984 -0.429034
-9.092321 -47.648370 511.686196 -1338.740716 -0.415065 0.906192 -0.080856 -0.414360 -0.109171 0.903542 -0.809955 -0.408532 -0.420802
-9.607414 -49.305652 673.780525 -380.090533 -0.427635 0.902622 -0.048998 -0.236922 -0.059607 0.969698 -0.872351 -0.426286 -0.239341
-10.948242 -51.063191 -114.105721 -345.471933 -0.476722 0.877310 -0.055347 -0.236952 -0.067616 0.969166 -0.846516 -0.475137 -0.240114
-4.127356 -120.310685 -1197.102293 -5306.085179 0.924399 -0.242338 0.294547 0.183405 0.959499 0.213834 -0.334438 -0.143646 0.931406
-3.480513 -138.917983 -117.865937 -7326.144659 0.936097 -0.191235 0.295216 0.199288 0.979937 0.002863 -0.289840 0.056153 0.955426
-3.528069 -127.357774 673.828968 -6715.691594 0.927687 -0.243601 0.282941 0.174969 0.953111 0.246913 -0.329822 -0.179551 0.926811
-9.708508 -119.295086 -136.604631 1364.392789 -0.964280 0.201969 -0.171381 0.209479 0.977448 -0.026736 0.162116 -0.061682 -0.984842
-10.526271 -123.936751 -795.504265 2947.192962 -0.966681 0.205442 -0.152713 0.205807 0.978498 0.013583 0.152220 -0.018299 -0.988177
-9.521064 -118.978145 -26.965885 -6140.622467 -0.968588 0.181373 -0.170121 0.158799 0.977600 0.138134 0.191364 0.106779 -0.975693
-10.757906 -131.994935 1005.642572 13677.342766 0.958123 -0.236469 0.161501 0.260710 0.953631 -0.150391 0.118449 -0.186198 -0.975346
-8.855284 -116.414165 249.989521 -8324.176793 -0.966293 0.175546 -0.188314 0.161187 0.982889 0.089151 0.200742 0.055792 -0.978054
-9.039226 -115.591609 -62.384978 -1568.675632 -0.960478 0.199082 -0.194548 0.216214 0.973762 -0.070982 0.175313 -0.110241 -0.978321
-10.727663 -129.239691 -143.403521 14449.099105 0.957782 -0.233731 0.167400 0.261958 0.949413 -0.173185 0.118453 -0.209725 -0.970559
-9.225620 -137.479463 1447.366572 -3604.611396 0.964313 0.066840 0.256191 0.136700 -0.954356 -0.265550 -0.226748 -0.291095 0.929435
-7.369379 -131.960643 -734.652225 9614.714513 0.954425 0.098235 0.281821 -0.118572 0.991365 0.056000 -0.273887 -0.086864 0.957831
-8.452707 -143.875277 -523.180167 2895.135762 0.954572 0.053091 0.293214 -0.127285 0.962359 0.240133 -0.269428 -0.266545 0.925398
41.977366 -79.437352 -3924.246732 8449.414747 0.740913 -0.573744 0.349093 0.255437 0.721467 0.643613 -0.621128 -0.387690 0.681100
38.739573 -76.652930 -2472.120431 6636.315062 0.839999 -0.381965 0.385363 0.222742 0.890379 0.397003 -0.494760 -0.247646 0.832997
47.126738 -92.226850 -1200.029144 8141.162945 0.811119 -0.488175 0.322136 0.201436 0.750240 0.629733 -0.549099 -0.445898 0.706870
58.660089 -100.141481 1726.458080 7173.403470 0.776145 -0.568118 0.273571 0.142624 0.580786 0.801465 -0.614212 -0.583035 0.531801
56.716783 -107.614828 825.643380 -7738.663175 0.849799 -0.453258 0.269069 -0.133628 -0.679040 -0.721836 -0.509887 -0.577461 0.637616
36.045892 -391.678962 -1373.938357 -25732.809028 0.959394 -0.227970 0.166112 0.023726 -0.521595 -0.852863 -0.281070 -0.822173 0.495006
37.521166 -593.617517 -12147.973279 -31340.693254 0.937860 -0.315112 0.145339 0.107762 -0.133653 -0.985152 -0.329858 -0.939596 0.091391
18.792252 -405.728495 -6876.904524 17454.888721 0.941582 -0.298468 0.156014 0.021264 -0.409636 -0.912001 -0.336112 -0.862042 0.379359
82.595446 -575.837086 -7502.375816 150609.755267 0.948203 -0.156621 0.276370 0.213031 -0.331862 -0.918959 -0.235645 -0.930235 0.281308
55.806747 -757.458272 -1031.038124 236871.815884 0.982926 -0.114761 0.143824 0.037019 -0.642336 -0.765529 -0.180236 -0.757783 0.627121
8.849920 -48.949797 1096.708575 -275.197767 -0.452266 0.831821 0.321760 0.733053 0.141197 0.665355 0.508024 0.536785 -0.673627
10.778962 -48.230416 2661.720343 -738.304071 -0.465973 0.825969 0.317244 0.729973 0.156253 0.665376 0.500009 0.541627 -0.675745
8.999360 -48.607458 769.335849 -295.651956 -0.449573 0.835406 0.316198 -0.666850 -0.078377 -0.741059 0.594302 0.544016 -0.592327
8.557215 -48.792702 -2290.755287 -606.657235 -0.442005 0.844451 0.302544 -0.666206 -0.083187 -0.741114 0.600667 0.529133 -0.599348
8.544329 -49.304659 -1726.701312 323.519335 -0.446944 0.834666 0.321829 0.753498 0.157349 0.638344 0.482164 0.527801 -0.699245
7.078471 -78.756922 -5352.951016 -6294.246524 0.960770 0.115657 0.252079 -0.265350 0.118919 0.956790 -0.080683 0.986145 -0.144943
12.570782 -81.446083 -356.529410 -5162.192621 0.958788 0.042835 0.280876 -0.283990 0.114269 0.951994 -0.008683 0.992526 -0.121724
6.232134 -90.816863 -4918.992451 -4503.563394 0.957104 0.102123 0.271152 -0.266200 -0.059606 0.962073 -0.114412 0.992984 0.029864
-4.733777 -78.058009 423.846799 4359.614059 0.995636 -0.044672 0.081929 0.034563 0.992062 0.120905 0.086680 0.117545 -0.989277
-4.862634 -74.467639 235.334058 753.174451 0.996487 -0.010522 0.083085 -0.009401 0.971751 0.235822 0.083219 0.235775 -0.968238
-4.576578 -70.960165 1002.266422 1751.557021 0.994736 -0.006009 0.102291 -0.019543 0.968829 0.246959 0.100586 0.247658 -0.963612
-23.870693 -53.658527 2344.951565 1172.515665 0.223750 0.724341 0.652124 -0.323487 0.686351 -0.651366 0.919397 0.065211 -0.387886
-21.763183 -55.731680 -1133.525717 959.572150 -0.230886 -0.669378 -0.706134 -0.139703 0.741029 -0.656779 0.962899 -0.052992 -0.264608
-24.411719 -55.549189 709.867682 972.088068 0.274278 0.737340 0.617334 -0.277853 0.675336 -0.683168 0.920635 -0.015849 -0.390102
-27.318748 -52.458107 2546.621484 1405.899881 0.253068 0.773898 0.580550 -0.443979 0.626064 -0.641035 0.859558 0.095527 -0.502031
-23.933548 -49.020545 3446.163341 1470.663268 0.179800 0.808236 0.560738 -0.517558 0.562478 -0.644789 0.836544 0.174281 -0.519442
2.204808 -179.590206 -772.368006 6212.975025 -0.344431 0.935407 -0.079878 -0.002456 -0.085982 -0.996294 0.938808 0.342958 -0.031912
3.427058 -157.804534 -447.886226 18054.453301 -0.344317 0.933292 -0.102035 -0.248319 -0.195340 -0.948778 0.905419 0.301344 -0.299013
0.848867 -157.288286 -171.574996 2176.807489 -0.354829 0.929655 -0.099186 -0.006516 -0.108546 -0.994070 0.934909 0.352079 -0.044572
-0.004347 -170.107056 -189.507323 -5369.207277 -0.359281 0.931159 -0.062135 0.212721 0.016885 -0.976967 0.908662 0.364223 0.204144
0.124544 -144.737491 325.933900 -3836.631472 -0.367831 0.927275 -0.069723 0.191262 0.002067 -0.981537 0.910011 0.374375 0.178112
0.650729 -142.591812 94.279599 -2967.084678 -0.362912 0.926077 -0.103325 0.003075 -0.109695 -0.993961 0.931818 0.361038 -0.036962
-356.451489 -658.221546 -32190.396532 -188421.383685 -0.393848 -0.896761 -0.201752 0.919168 -0.385157 -0.082370 -0.003840 -0.217885 0.975967
-284.009575 -461.400985 38337.721921 -103561.575273 0.298811 0.893229 0.335938 0.821726 -0.061827 -0.566519 0.485261 -0.445332 0.752463
-232.880135 -371.993703 7632.795508 -92105.332460 0.383816 0.920484 0.073449 0.876500 -0.338134 -0.342657 0.290574 -0.195895 0.936585
-135.767674 -407.224539 34364.206745 -107946.096158 -0.255401 0.965302 0.054434 0.941864 0.261123 -0.211441 0.218318 0.002733 0.975874
-44.284895 -84.748195 -390.226003 9651.336741 -0.170234 0.945854 0.276369 0.807786 0.294575 -0.510595 0.564360 -0.136327 0.814195
-53.782140 -77.725647 -34.723351 3695.654805 0.134482 0.987764 -0.078976 0.878314 -0.155721 -0.452012 0.458779 0.008579 0.888509
-51.146049 -81.943827 -889.017308 2712.438266 -0.102252 0.984574 0.141977 0.905102 0.151299 -0.397365 0.412716 -0.087873 0.906611
-51.560617 -75.872515 -355.453665 1522.264352 0.376175 0.744009 -0.552216 0.791967 -0.567534 -0.225151 0.480916 0.352641 0.802723
-53.311948 -70.761482 -1164.039542 288.962929 -0.497757 0.556273 0.665430 0.854427 0.182724 0.486381 0.148971 0.810662 -0.566247
-50.175576 -67.708818 1936.761280 -362.795334 -0.250821 0.424831 0.869832 0.957995 -0.020138 0.286078 0.139051 0.905049 -0.401935
-49.988788 -68.849658 -427.361451 2284.808955 -0.360918 0.551083 0.752360 0.877244 -0.073186 0.474433 0.316514 0.831235 -0.457020
14.403236 -9.368355 -30.931405 127.859136 -0.290770 0.905494 -0.309085 0.621446 0.424359 0.658578 -0.727501 0.000585 0.686106
10.165947 -11.995751 -5195.189356 -565.667877 -0.325101 0.915452 -0.237185 0.605138 0.394119 0.691721 -0.726717 -0.081349 0.682103
-12.596506 -47.970113 1182.278915 -949.017577 0.034999 0.557196 -0.829643 0.824899 0.452549 0.338735 0.564196 -0.696227 -0.443792
-22.567505 -52.054873 -4.099221 26.994903 0.176869 0.604123 -0.777015 -0.669077 -0.505194 -0.545083 0.721841 -0.616291 -0.314852
-23.297737 -53.058719 85.132458 737.219631 0.091734 0.602942 -0.792494 0.575774 0.617206 0.536228 0.812446 -0.505487 -0.290540
15.156832 -34.728137 10925.577190 -368.637237 -0.603968 0.726039 -0.328771 0.733086 0.667926 0.128294 -0.312741 0.163532 0.935655
-4.283006 -39.109428 -8696.478941 153.570954 0.651571 -0.677549 0.341149 0.711885 0.701493 0.033568 -0.262057 0.220987 0.939410
2.442313 -39.798419 -11115.927644 -565.618890 0.588787 -0.727847 0.351525 0.785038 0.618499 -0.034271 -0.192474 0.296138 0.935551
31.165355 -82.235803 -1921.626545 -518.412886 0.538977 0.810794 -0.228290 -0.084648 -0.217517 -0.972379 0.838056 -0.543415 0.048604
35.464499 -74.983126 -2899.517039 6595.643603 0.544986 0.792895 -0.272593 -0.255505 -0.152598 -0.954689 0.798566 -0.589941 -0.119425
24.952935 -77.272032 -3365.202228 381.483093 0.601090 0.748676 -0.279599 -0.109919 -0.269083 -0.956824 0.791586 -0.605871 0.079450
22.525074 -81.126297 -2662.797761 -1833.750793 0.589251 0.771696 -0.239310 0.051795 -0.331665 -0.941974 0.806288 -0.542664 0.235404
16.524322 -72.912049 -3675.450014 864.982420 0.642669 0.697325 -0.317355 -0.132501 -0.306819 -0.942500 0.754599 -0.647766 0.104787
15.432077 -77.176206 -3099.642593 -828.982776 0.636207 0.721563 -0.273108 0.025769 -0.373664 -0.927206 0.771088 -0.582857 0.256322
-3.285992 -118.204781 -176.915944 928.905225 0.384708 0.905352 0.179826 -0.166221 0.259585 -0.951308 0.907949 -0.336085 -0.250353
0.577839 -19.587621 -420.481001 -8033.200802 0.813915 -0.403310 0.418191 -0.114185 0.594714 0.795787 0.569653 0.695454 -0.437994
-3.740931 -27.716413 396.463666 -8392.181863 0.820377 -0.475434 0.317716 -0.030512 0.518432 0.854574 0.571008 0.710768 -0.410803
-5.662309 -29.260404 -1405.039893 -4190.544007 0.824916 -0.526311 0.206181 0.045407 0.425279 0.903922 0.563429 0.736298 -0.374718
0.433459 -127.895855 -296.294566 1429.244251 0.286675 -0.649933 0.703850 0.957982 0.187237 -0.217287 0.009436 0.736566 0.676300
-3.152467 -131.102512 -114.265920 179.097041 0.315352 -0.645680 0.695450 0.926682 0.367436 -0.079065 -0.204482 0.669394 0.714212
-0.452824 -130.120894 187.005458 -59.256168 0.318340 -0.644544 0.695142 0.947976 0.217067 -0.232859 -0.000805 0.733107 0.680113
154.627471 -71.111712 -35785.763238 17295.621358 -0.556546 -0.403495 -0.726256 0.828966 -0.327999 -0.453025 -0.055418 -0.854171 0.517030
180.793665 -44.627596 -17470.541834 13522.459195 -0.564197 -0.129159 -0.815475 0.814273 -0.250378 -0.523709 -0.136536 -0.959494 0.246433
1860.096431 56.631872 413548.913981 -27035.959682 -0.651802 0.182055 -0.736213 0.745704 0.330663 -0.578436 0.138131 -0.926023 -0.351286
708.743016 -85.988005 149146.459301 -11853.263636 -0.429788 0.573628 -0.697304 0.897196 0.358201 -0.258324 0.101594 -0.736643 -0.668607
169.020038 -10.337082 37721.664996 -10203.321351 -0.298976 0.661673 -0.687606 0.954235 0.212579 -0.210347 0.006990 -0.719027 -0.694947
-0.798511 -193.990788 -342.961816 18042.321683 0.242630 -0.586686 0.772613 0.906941 -0.145528 -0.395321 0.344367 0.796631 0.496780
-1.498457 -180.988364 401.607921 24073.963508 0.220304 -0.594529 0.773305 0.800017 -0.343441 -0.491956 0.558067 0.727038 0.399972
-3.781598 -176.163789 417.961841 25024.793411 0.234782 -0.601628 0.763492 0.775519 -0.357609 -0.520275 0.586044 0.714254 0.382614
9.847180 -107.747539 1879.452267 16304.469267 0.355597 -0.664496 0.657264 0.376354 0.745498 0.550083 -0.855516 0.051756 0.515183
3.835232 -131.999976 -2549.563633 18306.657040 0.340448 -0.650313 0.679108 0.229233 0.757865 0.610813 -0.911892 -0.052276 0.407086
-4.348063 -140.774385 -2999.001030 15728.147502 0.354976 -0.597462 0.719048 0.122449 0.792226 0.597816 -0.926822 -0.124163 0.354380
5.891707 -255.794865 70.929002 -5326.675784 0.237534 -0.570496 0.786201 0.970167 0.179746 -0.162685 -0.048505 0.801389 0.596173
5.301189 -291.723465 -975.055230 15434.453624 0.229516 -0.557282 0.797972 0.928267 -0.121178 -0.351620 0.292648 0.821433 0.489495
3.103768 -279.314862 1107.270196 21422.549853 0.188427 -0.578642 0.793517 0.733156 -0.454719 -0.505681 0.653436 0.677055 0.338553
-23.110847 -43.466017 2227.870157 843.977835 0.264634 -0.520748 -0.811659 -0.526888 0.626856 -0.573969 0.807687 0.579545 -0.108489
-26.477555 -41.980375 1830.416572 -426.793972 0.160511 -0.284478 -0.945150 -0.539390 0.776656 -0.325366 0.826616 0.562029 -0.028783
-25.217730 -38.388595 -2805.371784 1914.554291 -0.367962 0.591576 0.717385 -0.569032 0.466915 -0.676900 0.735395 0.657289 -0.164819
-21.576733 -42.885055 2734.976210 -1462.754078 0.214918 -0.425905 -0.878871 -0.477348 0.739275 -0.474986 0.852026 0.521611 -0.044421
-18.804038 -42.545569 -1879.237691 1988.691016 -0.325388 0.629937 0.705196 -0.562093 0.470854 -0.679962 0.760378 0.617637 -0.200873
28.337841 -773.594364 4646.866295 -211409.800057 0.151613 -0.598700 0.786493 0.076955 0.800426 0.594471 -0.985440 -0.029604 0.167428
353.290137 -2131.651836 -144602.332717 -685831.007865 0.060999 -0.315717 0.946891 0.096926 0.946048 0.309192 -0.993421 0.072918 0.088309
10.148562 -528.159647 -1492.064427 41902.997872 -0.070895 0.675344 -0.734087 0.602423 0.615552 0.508116 -0.795022 0.406209 0.450483
-11.073539 -320.725131 -940.892358 -17522.941976 -0.194792 0.675944 -0.710744 0.665900 -0.440902 -0.601816 0.720162 0.590513 0.364227
57.375544 -43.269533 4438.446561 1312.268926 -0.312724 0.848628 0.426654 -0.022137 0.442550 -0.896471 0.949586 0.289792 0.119609
52.289278 -43.775193 -420.095245 666.277150 -0.168672 0.870041 0.463226 -0.020011 0.466840 -0.884116 0.985469 0.158395 0.061332
57.022633 -47.552769 1782.491971 905.241636 -0.287448 0.857353 0.426989 0.073147 0.464152 -0.882730 0.954999 0.222506 0.196132
-8.823870 -36.262122 2536.248731 1486.736329 -0.678389 0.727567 -0.102151 0.191705 0.041071 -0.980593 0.709251 0.684807 0.167340
-3.914308 -41.184147 -3097.941640 -1846.065023 0.668347 -0.722792 0.175738 -0.302695 -0.048462 0.951855 0.679476 0.689365 0.251175
5.666421 -42.301422 -3507.933401 -2018.790473 0.678164 -0.720149 0.146560 -0.280257 -0.069067 0.957437 0.679375 0.690374 0.248665
44.865193 -50.233159 2790.835928 -2342.048002 -0.269293 0.043099 -0.962093 0.534106 0.837971 -0.111959 0.801381 -0.544010 -0.248680
45.690322 -50.677758 14226.181627 -423.094752 -0.487691 0.217106 -0.845590 0.446225 0.894492 -0.027697 0.750360 -0.390831 -0.533114
61.223404 -49.306491 17718.046732 -993.593031 -0.500150 0.276206 -0.820707 0.561078 0.825271 -0.064187 0.659577 -0.492583 -0.567732
-16.718143 -33.143901 942.958248 108.547262 0.294799 0.841799 -0.452182 0.643567 -0.524702 -0.557234 0.706339 0.126737 0.696436
-28.390542 -119.045276 14114.386386 16096.157134 0.091074 0.895054 0.436559 -0.628890 -0.288211 0.722102 -0.772142 0.340313 -0.536642
-52.001882 -158.542573 8920.536419 34333.075181 -0.281146 0.434863 0.855483 0.419493 0.857450 -0.298001 -0.863124 0.275088 -0.423490
-115.446133 -485.691670 20595.852141 134688.096111 -0.429368 0.199452 0.880830 0.254709 0.962460 -0.093776 -0.866468 0.184091 -0.464052
15.593808 -17.394948 3209.772392 1850.912140 0.574002 -0.802093 -0.164831 0.765015 0.453499 0.457264 -0.292018 -0.388569 0.873922
6.247925 -91.525638 3640.114137 9480.559434 -0.102507 0.612549 0.783758 -0.430382 0.683033 -0.590116 -0.896807 -0.397807 0.193614
15.042270 -106.874740 4192.465328 14321.267156 -0.130745 0.595347 0.792759 -0.438588 0.682389 -0.584795 -0.889127 -0.424154 0.171894
6.682736 -50.199749 -3863.001860 885.872759 -0.526628 0.789301 0.315702 -0.672021 -0.613979 0.414026 -0.520626 -0.005879 -0.853765
1.815815 -50.506743 987.754217 572.771917 -0.502172 0.799818 0.328808 -0.683656 -0.600025 0.415433 -0.529563 0.016173 -0.848116
3.543952 -51.313897 2255.084425 105.179835 -0.498165 0.799287 0.336113 -0.747828 -0.592246 0.299997 -0.438845 0.101906 -0.892765
-12.583635 -45.993422 208.448076 -1369.837134 -0.451488 0.861432 0.232579 0.892261 0.437459 0.111806 -0.005430 0.258000 -0.966130
-10.076356 -45.621970 791.423024 -769.672147 -0.402679 0.888702 0.219224 0.912935 0.407286 0.025839 -0.066324 0.210542 -0.975332
250.961866 -54.834395 36048.241503 -7355.622508 0.183949 -0.732900 -0.654996 0.957073 -0.018307 0.289268 -0.223996 -0.680090 0.698071
167.562609 7.045561 39682.512537 -1163.209586 0.034254 -0.371249 -0.927901 0.984121 -0.149266 0.096050 -0.174162 -0.916457 0.360241
126.366239 -24.861863 79112.775508 3740.203208 0.386979 -0.376553 -0.841698 0.899862 -0.044989 0.433847 -0.201234 -0.925302 0.321436
275.087548 -25.499452 71146.740507 -10867.731106 0.110797 -0.435307 -0.893438 0.978087 -0.111680 0.175708 -0.176266 -0.893328 0.413395
0.709238 -68.615887 220.468118 4872.361872 0.672628 -0.735526 0.081073 0.631938 0.513959 -0.580087 -0.385001 -0.441416 -0.810510
2.155376 -64.689006 141.176659 3051.999147 -0.640600 0.763113 -0.085382 0.710639 0.547050 -0.442414 -0.290903 -0.344086 -0.892737
1.418459 -71.803614 16.912292 3876.951554 0.679045 -0.730572 0.071852 0.606044 0.502670 -0.616469 -0.414257 -0.462155 -0.784094
25.487000 -108.464577 3417.514953 4640.279542 -0.621810 0.766296 0.161691 -0.015805 -0.218694 0.975666 -0.783009 -0.604123 -0.148097
23.961907 -108.016228 635.666553 1989.610286 -0.682053 0.708592 0.180834 -0.094762 -0.330827 0.938922 -0.725137 -0.623259 -0.292789
15.588126 -102.846423 -1079.622020 596.808912 -0.694212 0.698294 0.174516 -0.280427 -0.485700 0.827923 -0.662896 -0.525815 -0.532999
-0.585969 -117.307919 -436.243509 9003.996070 0.996618 -0.069434 0.043954 0.073867 0.991302 -0.108919 0.036009 -0.111797 -0.993078
-0.672994 -101.871743 -976.656676 4309.637164 -0.993464 0.090571 -0.069468 0.092497 0.995399 -0.025021 0.066882 -0.031283 -0.997270
0.182255 -94.669512 -88.371134 4005.383108 0.996766 -0.055779 0.057843 0.048669 0.991847 0.117775 0.063941 0.114579 -0.991354
-2.622046 -102.340755 -942.009453 3656.081582 -0.991281 0.117742 -0.059150 0.116713 0.992953 0.020576 0.061156 0.013493 -0.998037
0.344267 -93.434063 1586.135985 3080.132964 0.993563 -0.076952 0.083132 0.061404 0.982540 0.175629 0.095195 0.169394 -0.980940
-35.803427 -48.385853 7831.579183 367.304367 0.101266 0.972935 0.207710 0.365869 -0.230573 0.901652 -0.925140 0.015312 0.379316
-15.053081 -39.568592 4867.046779 1504.160397 0.147128 0.977740 0.149592 0.451488 -0.200948 0.869355 -0.880064 0.060367 0.471003
-21.023356 -45.362137 5988.757613 1267.795683 0.103055 0.990582 0.090155 0.368777 -0.122229 0.921447 -0.923787 0.061713 0.377900
-15.879049 -89.879967 1450.966999 -4353.148641 0.984133 0.015878 0.176718 -0.164046 0.460917 0.872149 0.067604 0.887301 -0.456208
-18.783022 -98.791783 4033.977539 -5440.891056 0.974460 -0.019578 0.223704 -0.203027 0.348855 0.914921 0.095953 0.936972 -0.335971
-13.223058 -104.453710 2543.913975 -5539.152232 0.967992 -0.020034 0.250181 -0.237835 0.245170 0.939854 0.080166 0.969273 -0.232558
-12.578357 -89.646680 496.679564 -3895.479110 0.981757 -0.026185 0.188330 -0.152095 0.486267 0.860472 0.114110 0.873418 -0.473413
-9.327097 -194.723765 1557.002669 -7246.833796 0.928596 -0.310913 0.202591 0.322257 0.404915 -0.855684 -0.184011 -0.859870 -0.476196
-6.953300 -211.380602 -3254.306527 238.372306 0.917019 -0.364700 0.161463 0.317369 0.422036 -0.849213 -0.241565 -0.829988 -0.502759
-10.373930 -187.177785 2064.126686 3889.686177 0.931846 -0.303235 0.199277 0.345892 0.576384 -0.740365 -0.109645 -0.758835 -0.641987
-6.747294 -204.778123 -1842.608131 -5270.854837 0.916025 -0.355322 0.186128 0.278940 0.230822 -0.932155 -0.288253 -0.905797 -0.310552
-11.209307 -181.250486 2262.845714 10701.752233 0.934289 -0.291685 0.204997 0.351559 0.658201 -0.665716 -0.059250 -0.694040 -0.717495
-8.675238 -192.523476 1078.906638 -3167.893602 0.924535 -0.316540 0.212221 0.331624 0.393843 -0.857271 -0.187779 -0.862954 -0.469094
-7.708075 -195.924913 854.109584 -7213.859057 0.918558 -0.329418 0.218482 0.288398 0.180506 -0.940343 -0.270328 -0.926769 -0.260809
