13208
26396
-41.436529 -71.220961 -1666.366269 9755.866895 -0.300437 0.710111 0.636774 -0.267460 0.578109 -0.770880 0.915534 0.401912 -0.016241
-45.071754 -75.437509 -426.536291 7879.888907 -0.377737 0.737062 0.560405 -0.150830 0.548179 -0.822648 0.913545 0.395271 0.095897
-33.072703 -88.940377 -4077.183003 8533.690779 -0.290666 0.694888 0.657757 -0.097297 0.662408 -0.742798 0.951865 0.279904 0.124929
-45.374884 -64.056287 1288.668199 5038.625888 -0.466606 0.876497 0.118461 0.012224 0.140313 -0.990032 0.884381 0.460506 0.076185
-22.401138 -84.913612 -5384.540184 13790.815477 -0.200966 0.750047 0.630113 -0.234252 0.587778 -0.774366 0.951177 0.303227 -0.057577
-31.272355 -58.602574 -3160.690819 10232.426080 -0.258963 0.796665 0.546134 -0.332671 0.457262 -0.824768 0.906790 0.395268 -0.146613
-36.695044 -48.853834 1399.712527 3784.655817 -0.487678 0.866920 -0.103048 -0.022539 -0.130499 -0.991192 0.872732 0.481060 -0.083181
-52.331978 -78.688161 -170.284868 -552.523607 0.602354 -0.687966 0.404812 0.656236 0.138075 -0.741815 0.454449 0.712487 0.534638
-50.521737 -77.423341 -379.755984 294.423674 0.577883 -0.670237 0.465653 0.605773 -0.030080 -0.795069 0.546891 0.741537 0.388629
-51.359365 -76.935321 -874.965129 -620.407483 0.615415 -0.560158 0.554516 0.714798 0.100159 -0.692122 0.332158 0.822309 0.462038
-51.633057 -77.691058 -283.562984 -156.917665 -0.559623 0.780613 -0.278328 0.527443 0.076431 -0.846146 0.639239 0.620324 0.454501
-52.506155 -75.974235 -963.165844 108.726110 0.672312 -0.561515 0.482387 0.704260 0.284404 -0.650486 0.228065 0.777056 0.586661
-53.393856 -79.453332 594.287852 -1266.849241 0.571084 -0.786385 0.235503 0.602493 0.206674 -0.770901 0.557553 0.582138 0.591820
-53.962964 -77.474504 -461.075244 350.636104 0.643570 -0.683208 0.345028 0.678032 0.299767 -0.671128 0.355092 0.665858 0.656158
11.689220 -22.279577 3897.265090 -1261.425040 0.092895 0.865712 0.491846 -0.472968 0.473059 -0.743315 0.876169 0.163577 -0.453399
23.010293 -27.754076 4332.113676 -1350.191928 0.086588 0.874155 0.477865 -0.539576 0.444372 -0.715116 0.837473 0.195924 -0.510150
23.698722 -24.008307 3272.198322 -1936.782353 0.078410 0.934231 0.347943 -0.489354 0.340145 -0.803016 0.868553 0.107302 -0.483840
12.842997 -28.102266 5431.584848 -1366.384162 0.116579 0.814180 0.568788 -0.526748 0.536198 -0.659567 0.841990 0.222716 -0.491377
-0.735687 -23.468421 2127.076414 -1208.880973 0.194178 0.713946 0.672738 -0.397364 0.684253 -0.611473 0.896882 0.148587 -0.416564
3.355871 -27.858995 3894.186135 -1265.262878 0.155314 0.757409 0.634200 -0.488178 0.616970 -0.617277 0.858813 0.213731 -0.465574
-5.465187 -41.746876 10187.093555 -37.456889 0.135609 0.719949 0.680649 0.848941 -0.438620 0.294808 0.510793 0.537853 -0.670675
2.077732 -42.156294 14136.410927 512.122789 0.106859 0.720957 0.684692 0.901904 -0.360146 0.238463 0.418510 0.592044 -0.688718
23.447072 -41.133224 14828.443425 173.509386 0.092520 0.738637 0.667724 0.864768 -0.392024 0.313836 0.493575 0.548390 -0.675020
-3.443213 -78.509082 10.503178 -1522.380235 0.301581 0.950932 0.069118 0.263913 -0.013597 -0.964451 0.916187 -0.309102 0.255063
-3.414553 -78.334014 153.329917 241.879444 0.303529 0.951473 0.050689 0.013975 0.048748 -0.998713 0.952720 -0.303847 -0.001500
-3.651919 -76.903217 340.009102 -1135.733622 0.283701 0.956838 0.063043 0.228278 -0.003538 -0.973589 0.931345 -0.290599 0.219429
-5.610429 -123.523534 1050.976699 12396.802080 0.287470 0.912244 0.291841 0.196091 0.242193 -0.950206 0.937502 -0.330383 0.109259
-8.419634 -135.612993 -213.691584 6328.924362 0.315982 0.888778 0.332008 0.493437 0.144940 -0.857620 0.810355 -0.434818 0.392758
-7.016898 -124.260763 2410.518069 7164.996816 0.266804 0.903187 0.336256 0.299384 0.253969 -0.919711 0.916070 -0.346052 0.202640
-1.076981 -58.562605 563.710195 -1565.384683 0.208587 0.966916 0.146849 0.943204 -0.159187 -0.291593 0.258569 -0.199331 0.945203
0.187838 -55.557424 -802.519517 -259.429046 -0.178144 -0.972584 -0.149483 0.977875 -0.158050 -0.137041 0.109658 -0.170589 0.979221
-1.124322 -57.814178 -50.904745 -1325.762712 -0.218515 -0.962157 -0.162803 0.957951 -0.179712 -0.223681 0.185959 -0.204835 0.960969
0.185186 -56.599498 657.026312 -1706.006987 0.189471 0.970202 0.151028 0.949851 -0.142139 -0.278531 0.248764 -0.196228 0.948478
-1.777126 -62.877787 -140.114735 -2712.494290 0.243994 0.957621 0.153066 0.907600 -0.169882 -0.383929 0.341656 -0.232599 0.910587
-2.302995 -63.093812 246.325185 -2561.248226 0.248073 0.959565 0.133025 0.875774 -0.163444 -0.454210 0.414102 -0.229177 0.880907
-0.871258 -60.740393 510.270318 -2716.168858 0.226481 0.963925 0.139838 0.887794 -0.145238 -0.436724 0.400659 -0.223057 0.888661
-15.953520 -55.988770 722.634069 -1868.437314 -0.112467 -0.992441 -0.049112 0.993654 -0.112244 -0.007291 0.001723 -0.049620 0.998767
-23.046308 -52.023368 -4014.425551 -3298.977800 0.080432 0.996326 0.029421 0.989851 -0.083309 0.115133 -0.117161 -0.019863 0.992914
-14.312781 -51.647941 -250.996748 -3006.193973 0.101390 0.994077 0.039126 0.982320 -0.106258 0.154133 -0.157377 -0.022807 0.987275
2.404685 -89.235402 -220.941828 -9196.629585 0.496323 0.385188 -0.778006 0.094539 0.866867 0.489494 0.862975 -0.316499 0.393831
0.096711 -85.416601 148.278505 -7719.488224 0.487876 0.409476 -0.770913 0.132328 0.838249 0.528987 0.862825 -0.360094 0.354777
2.176916 -100.610187 -175.690998 -7186.385442 0.495110 0.414468 -0.763599 -0.053936 0.891848 0.449108 0.867155 -0.181173 0.463917
75.046873 -39.035284 18548.270590 421.349972 -0.255423 0.856195 0.449098 0.411425 0.516605 -0.750899 0.874922 0.007026 0.484213
120.900873 -43.844611 18119.974385 1535.693379 -0.157561 0.808663 0.566779 0.498486 0.560587 -0.661252 0.852459 -0.178344 0.491434
107.825900 -43.241085 29775.046390 1034.345763 -0.268275 0.880604 0.390597 0.531636 0.473463 -0.702279 0.803362 -0.019251 0.595179
2.187440 -227.030317 -1609.753604 19120.886005 -0.564650 -0.477926 0.672872 0.825329 -0.328713 0.459108 0.001762 0.814576 0.580054
-0.687418 -217.635878 -2417.212695 9115.662021 -0.528267 -0.499726 0.686446 0.823329 -0.499073 0.270288 0.207517 0.707955 0.675083
-0.233628 -246.587953 -945.908430 10198.236869 -0.566462 -0.506099 0.650373 0.819119 -0.259249 0.511697 -0.090361 0.822590 0.561410
0.849292 -194.160876 -557.318690 11810.383549 -0.532149 -0.512644 0.673806 0.822068 -0.503245 0.266363 0.202540 0.695659 0.689229
-1.027687 -185.886946 129.468265 15860.784052 -0.548948 -0.515276 0.658139 0.801403 -0.548192 0.239249 0.237507 0.658769 0.713872
7.536689 -86.475133 2891.687163 10349.415464 -0.425549 -0.544237 0.722990 -0.595095 0.770190 0.229497 -0.681741 -0.332585 -0.651626
10.323849 -79.092847 2983.810875 9522.315942 -0.421271 -0.584438 0.693515 -0.589329 0.757638 0.280493 -0.689364 -0.290545 -0.663597
2.866772 -64.070032 2661.045334 788.352742 -0.469116 -0.510290 0.720788 -0.471258 0.834897 0.284362 -0.746891 -0.206278 -0.632141
1.030515 -63.636317 1700.278842 2892.841513 -0.489208 -0.474056 0.732083 -0.455250 0.854757 0.249275 -0.743924 -0.211333 -0.633968
-0.041049 -68.392868 446.440274 6409.020515 -0.507853 -0.461460 0.727420 -0.468984 0.856419 0.215870 -0.722592 -0.231518 -0.651353
-24.243588 -296.948886 10924.585751 135088.943870 0.334255 0.483792 -0.808838 0.710184 0.434909 0.553619 0.619607 -0.759473 -0.198211
-1.694643 -493.513840 -432.594238 170763.070788 0.388566 0.419570 -0.820352 0.814064 0.260753 0.518950 0.431645 -0.869465 -0.240237
-9.414769 -468.358750 1213.303606 162571.126812 0.370639 0.415083 -0.830863 0.748362 0.396351 0.531846 0.550074 -0.818909 -0.163729
-0.819322 -232.503977 -1700.003785 93537.278623 0.280560 0.414973 -0.865496 0.712244 0.514452 0.477542 0.643424 -0.750424 -0.151228
7.228885 -7.682458 2536.975992 -1648.329261 0.043186 -0.047709 0.997927 0.284900 0.957973 0.033470 -0.957584 0.282864 0.054964
0.146816 -11.114721 3106.633232 -1769.177011 0.112442 0.121383 0.986216 0.285755 0.946634 -0.149091 -0.951683 0.298580 0.071756
-0.931528 -9.198428 3635.451434 -2845.716666 0.084614 0.022308 0.996164 0.270148 0.961791 -0.044485 -0.959094 0.272875 0.075354
-3.605796 -42.831590 -1551.997742 9705.404220 0.208733 0.771578 -0.600914 0.167151 0.577261 0.799269 -0.963582 0.267277 0.008476
-9.070406 -51.970847 -737.313831 7415.723320 0.226521 0.757280 -0.612548 0.059907 0.616873 0.784780 -0.972162 0.214465 -0.094368
-5.256561 -46.525932 -2361.024759 6230.844019 0.175416 0.708983 -0.683061 0.094382 0.678513 0.728500 -0.979960 0.192259 -0.052107
-17.510414 -46.912747 3122.195367 -3980.067163 -0.597894 0.720239 -0.351822 0.652539 0.692245 0.308203 -0.465527 0.045305 0.883873
-24.600293 -40.764727 -2639.101834 431.181759 -0.396356 0.897326 -0.194188 0.838480 0.439949 0.321553 -0.373970 0.035373 0.926766
-28.079056 -45.081926 -1813.406590 977.079207 0.737171 -0.557689 0.381526 0.537559 0.826131 0.168932 -0.409402 0.080561 0.908790
8.570526 -236.725023 -1133.224577 -54428.712195 -0.009634 0.997971 -0.062944 -0.668903 0.040358 0.742253 -0.743287 -0.049255 -0.667157
5.156516 -191.142212 -536.858964 -19223.663636 0.000795 0.993843 -0.110795 -0.651858 0.084535 0.753614 -0.758340 -0.071623 -0.647912
11.433215 -181.371571 -1554.290750 -49824.747726 0.001834 0.992775 -0.119974 -0.840606 0.066514 0.537548 -0.541644 -0.099865 -0.834655
3.290600 -221.955814 -316.412114 -7423.635055 -0.013180 0.997553 -0.068659 -0.412071 0.057145 0.909358 -0.911056 -0.040278 -0.410309
18.700654 -268.132652 -3299.973664 -118113.752080 -0.022775 0.997745 -0.063136 -0.870870 0.011215 0.491386 -0.490986 -0.066174 -0.868650
5.928723 -278.080815 -502.515593 -13737.836127 0.000212 0.999670 -0.025704 -0.374286 0.023914 0.927005 -0.927313 -0.009424 -0.374168
16.457220 -383.872382 -3913.143036 -165275.465702 -0.040923 0.999162 -0.001190 -0.677679 -0.026880 0.734866 -0.734218 -0.030879 -0.678211
-2.321093 -13.326866 2178.855234 489.345172 0.150699 0.506101 0.849207 0.586335 0.645855 -0.488960 -0.795928 0.571606 -0.199415
4.697362 -11.309022 5268.987566 -4238.647523 0.286419 0.613690 0.735764 -0.586742 -0.494742 0.641065 -0.757428 0.615317 -0.218375
-3.577262 -10.117989 1679.207277 4251.998713 -0.057121 0.261637 0.963475 0.640603 0.749796 -0.165632 -0.765745 0.607744 -0.210435
-41.144839 -64.136248 -919.416295 2426.810360 0.755427 -0.024464 0.654776 -0.480530 -0.700038 0.528241 -0.445445 0.713687 0.540584
-39.254382 -62.570008 -300.660540 2652.382186 0.701157 0.084725 0.707955 -0.476075 -0.683524 0.553305 -0.530784 0.724994 0.438922
-39.798119 -59.320952 -569.267183 1144.032698 0.781939 0.066233 0.619827 -0.346526 -0.780355 0.520544 -0.518162 0.621819 0.587238
-39.783180 -66.902501 -620.902030 2277.416432 0.690113 0.020265 0.723418 -0.581733 -0.579092 0.571173 -0.430500 0.815010 0.387850
-42.700669 -61.312712 -1088.673698 1461.624137 0.836351 -0.025954 0.547579 -0.337545 -0.811446 0.477093 -0.431949 0.583850 0.687415
-44.228386 -65.667131 -1477.873051 2740.768522 0.805320 -0.126098 0.579275 -0.473824 -0.724159 0.501083 -0.356302 0.678006 0.642928
-42.143466 -68.041408 -1122.044509 2012.706250 0.735959 -0.093517 0.670536 -0.584653 -0.587200 0.559801 -0.341388 0.804021 0.486831
308.639964 -66.867395 -112377.859049 5401.470560 0.348095 -0.394041 -0.850624 0.120953 0.918666 -0.376064 0.929624 0.028020 0.367443
518.312666 -66.850261 -230176.895855 2266.779072 0.388159 -0.414274 -0.823231 0.255169 0.906659 -0.335943 0.885563 -0.079664 0.457638
147.116435 -70.013732 -36985.123434 637.924849 0.444948 -0.665029 -0.599798 0.324647 0.743970 -0.584049 0.834641 0.065148 0.546928
113.177733 -61.421899 -26905.021376 1943.360884 0.455353 -0.632632 -0.626443 0.195025 0.757411 -0.623133 0.868688 0.161573 0.468268
107.860170 -59.408856 -28262.000858 2368.737213 0.348487 -0.557146 -0.753754 0.061278 0.815986 -0.574814 0.935308 0.154127 0.318502
11.373549 -114.753170 -276.172057 15980.881435 0.035481 -0.549835 0.834519 0.948891 -0.243502 -0.200779 0.313603 0.798992 0.513094
1.877165 -109.773206 -921.319201 591.111748 0.131472 -0.536005 0.833915 0.989341 0.017813 -0.144527 0.062613 0.844027 0.532633
14.492722 -106.369616 -63.212082 15115.394657 0.216900 -0.525349 0.822778 0.916330 -0.181044 -0.357160 0.336593 0.831403 0.442124
-6.452874 -50.608984 1453.308846 1254.803617 0.837637 -0.482148 -0.256705 0.469093 0.875739 -0.114163 0.279850 -0.024792 0.959724
-2.306108 -50.251548 812.574036 1322.008994 0.846333 -0.467341 -0.255564 0.461372 0.882957 -0.086739 0.266189 -0.044500 0.962893
-3.786104 -47.544423 1208.402994 418.667403 0.848529 -0.458861 -0.263524 0.391995 0.879624 -0.269448 0.355441 0.125334 0.926258
-8.819275 -49.114161 1931.618582 319.699375 0.855723 -0.439724 -0.272729 0.362766 0.885683 -0.289771 0.368970 0.149027 0.917416
-7.803349 -49.868442 1349.940039 -871.409255 0.870840 -0.402006 -0.282893 0.261888 0.866442 -0.425081 0.415995 0.296091 0.859813
-3.215385 -48.395105 405.966931 -832.500673 0.852550 -0.459544 -0.248955 0.334382 0.845683 -0.415943 0.401681 0.271366 0.874650
1.896714 -56.263385 -562.680404 -1041.233925 0.763234 -0.600181 -0.239286 -0.638624 -0.644478 -0.420485 -0.098152 -0.473742 0.875177
1.214470 -54.984924 -447.563043 -551.470530 0.745765 -0.617415 -0.250265 -0.665905 -0.702166 -0.252057 0.020104 -0.354628 0.934791
2.467811 -53.903745 -125.715948 -562.417066 0.756146 -0.600445 -0.260210 -0.653987 -0.707538 -0.267752 0.023338 -0.372633 0.927685
0.921772 -89.688384 148.072470 3382.571741 0.694958 -0.670511 -0.259709 -0.580783 -0.310484 -0.752523 -0.423939 -0.673806 0.605195
2.613865 -87.890186 212.119814 1051.208396 0.716953 -0.660256 -0.223698 -0.460623 -0.207815 -0.862925 -0.523264 -0.721717 0.453123
1.461158 -94.125863 -1015.325468 1782.266785 0.683276 -0.687664 -0.245465 -0.497366 -0.192216 -0.845979 -0.534567 -0.700122 0.473357
3.408270 -93.006734 -911.098223 -280.763005 0.700726 -0.678708 -0.219860 -0.367150 -0.078829 -0.926815 -0.611706 -0.730165 0.304426
-0.158064 -97.430857 -1923.658102 1849.492993 0.671200 -0.699757 -0.244602 -0.396668 -0.060297 -0.915980 -0.626215 -0.711832 0.318042
42.823858 -1295.558326 -11202.501714 1544919.800404 0.582476 0.451489 0.675929 0.738284 0.054060 -0.672320 -0.340086 0.890638 -0.301839
108.225529 -362.957544 15814.218240 134936.560670 -0.237371 -0.640674 -0.730200 0.968672 -0.212599 -0.128359 -0.073004 -0.737793 0.671068
14.018115 -8.318896 8283.641576 99118.263099 0.771854 0.456232 0.442825 -0.544027 0.113453 0.831362 -0.329054 0.882599 -0.335772
-18.792572 -44.058319 5086.909179 3331.000078 -0.092581 0.537159 -0.838384 -0.321215 0.780871 0.535781 0.942470 0.318905 0.100250
-20.185616 -56.620390 6751.266039 6726.732850 -0.051244 0.368337 -0.928279 -0.239833 0.897760 0.369467 0.969461 0.241565 0.042335
-5.763409 -44.028513 4548.635208 4148.986011 -0.049242 0.348891 -0.935869 -0.265408 0.898747 0.349017 0.962878 0.265573 0.048342
-30.956722 -57.966829 8047.038726 5161.140526 -0.052428 0.462791 -0.884916 -0.271290 0.846208 0.458621 0.961069 0.264113 0.081185
-6.460759 -36.125687 2934.591112 2402.839937 -0.062833 0.433651 -0.898887 -0.323610 0.843152 0.429384 0.944102 0.317868 0.087356
-12.173554 -34.489864 2255.962310 3027.742517 -0.124583 0.585962 -0.800704 -0.360433 0.725137 0.586741 0.924428 0.361698 0.120860
-17.316967 -36.728948 3310.615933 -1511.802685 -0.194632 0.741575 -0.642017 0.357222 -0.555995 -0.750508 0.913516 0.375415 0.156692
-35.427197 -54.186019 6459.032872 5590.197923 -0.034238 0.563882 -0.825145 -0.346934 0.767581 0.538940 0.937265 0.304723 0.169350
-28.227816 -43.459434 5585.493570 -2552.208508 -0.179296 0.787620 -0.589498 0.391578 -0.492563 -0.777205 0.902507 0.370185 0.220100
-5.383674 -123.626045 799.487213 2998.813353 0.926303 -0.329534 0.182673 -0.297027 -0.340381 0.892141 0.231812 0.880652 0.413177
-1.942801 -124.570920 453.421668 1887.459559 0.917154 -0.306767 0.254407 -0.301373 -0.116156 0.946405 0.260775 0.944670 0.198984
-8.060960 -125.734661 45.218842 827.269131 0.914314 -0.328103 0.237440 -0.348383 -0.338173 0.874224 0.206539 0.882036 0.423502
5.380834 -123.691502 2171.506334 3034.196832 0.943801 -0.323122 0.069515 -0.208308 -0.418232 0.884133 0.256610 0.848925 0.462036
1.612724 -127.785498 1695.479522 2764.886117 0.944635 -0.321745 0.064383 -0.135939 -0.205164 0.969241 0.298640 0.924331 0.237543
1.325598 -124.135956 1891.134783 3145.783748 0.945333 -0.319925 0.063195 -0.198653 -0.411267 0.889605 0.258616 0.853527 0.452338
-7.689668 -139.415538 615.957160 -74.713472 0.970322 0.186796 -0.153569 0.149022 -0.962046 -0.228604 0.190442 -0.198934 0.961331
-6.593884 -128.603447 1636.693373 -361.381335 0.966168 0.210374 -0.149205 0.144201 -0.920259 -0.363771 0.213835 -0.329949 0.919461
-7.287800 -137.256904 1541.913536 2126.666637 0.961157 0.220134 -0.166487 0.104533 -0.848616 -0.518579 0.255440 -0.481033 0.838664
-10.150022 -168.618647 -8057.179533 -28064.413251 0.968536 0.017821 0.248235 0.030471 0.981438 -0.189345 -0.247002 0.190951 0.950015
-3.686142 -172.901437 -7159.944848 -21097.718099 0.966459 -0.048072 0.252283 0.094965 0.979594 -0.177138 -0.238620 0.195155 0.951302
-13.799282 -128.580111 -7512.326367 -17143.795890 0.974151 0.056887 0.218620 -0.063697 0.997675 0.024223 -0.216734 -0.037522 0.975509
1.763502 -198.263027 -4042.879565 21917.895110 0.969936 -0.025471 0.242024 -0.125004 -0.905427 0.405679 -0.208802 0.423737 0.881390
-14.144106 -180.142945 -3629.148082 13366.553431 0.981304 0.062068 0.182180 -0.009106 -0.930538 0.366082 -0.192247 0.360896 0.912576
27.065515 -10.754409 -13777.655966 11272.355187 0.824361 0.556809 -0.101941 0.192775 -0.445471 -0.874296 0.532228 -0.701084 0.474568
38.174001 -0.427382 -12634.133581 8138.614085 0.786206 0.617332 -0.027938 0.278618 -0.394465 -0.875654 0.551590 -0.680660 0.482131
20.618034 -2.639285 -15160.186508 5694.169792 0.760128 0.638656 0.119678 0.399132 -0.313592 -0.861599 0.512736 -0.702694 0.493278
-1.969772 -21.668407 -4166.003285 14996.328980 0.832652 0.319342 -0.452451 -0.145982 -0.661537 -0.735567 0.534210 -0.678520 0.504212
5.709004 -31.523232 -3765.728497 7898.839850 0.830664 0.371922 -0.414332 -0.042012 -0.700176 -0.712733 0.555186 -0.609449 0.565986
-41.989663 -688.043637 -4102.281594 -215481.435355 0.947738 -0.296236 -0.118475 -0.157445 -0.757224 0.633895 0.277495 0.582113 0.764291
54.600495 -1061.450600 -1509.340174 -366056.717497 0.930380 -0.210091 0.300425 -0.349629 -0.754943 0.554817 -0.110242 0.621227 0.775837
261.878393 -14083.667115 -318745.363992 -5254232.023707 -0.458375 0.429759 -0.777946 -0.032916 0.866507 0.498078 0.888149 0.253914 -0.383039
21.782696 -20.885230 3414.237925 -12696.054747 0.232119 0.937786 -0.258220 -0.441061 0.338086 0.831362 -0.866940 0.079084 -0.492097
20.430138 -31.881536 2883.068064 -8313.480552 0.224631 0.938015 -0.263948 -0.364201 0.332057 0.870112 -0.903824 0.099324 -0.416217
26.930668 -11.669503 4411.291200 -15016.722919 0.291871 0.862997 -0.412369 -0.428270 0.503425 0.750432 -0.855217 0.042424 -0.516531
-4.016806 -27.842402 1411.969383 -1920.121231 0.500015 0.865747 -0.021623 0.051364 -0.004723 0.998669 -0.864492 0.500460 0.046830
-7.483823 -28.009335 1587.044195 -1930.831914 0.493595 0.865101 0.089243 -0.001561 -0.101732 0.994811 -0.869690 0.491173 0.048864
-6.126881 -31.230573 2170.220925 -1091.102413 0.500808 0.865032 -0.030165 0.126020 -0.038391 0.991285 -0.856335 0.500245 0.128238
-3.608215 -70.338221 9.321399 1635.039111 -0.633080 0.763078 0.130088 -0.082841 0.100301 -0.991502 0.769641 0.638477 0.000284
-3.453307 -69.947351 630.617673 1455.404925 -0.655381 0.744394 0.127881 -0.029209 0.144206 -0.989116 0.754733 0.651984 0.072767
-3.780639 -74.765949 -359.633421 911.821313 -0.621834 0.765926 0.163341 0.078750 0.268666 -0.960009 0.779180 0.584103 0.227382
-4.002079 -76.717972 -310.528145 501.852199 -0.629905 0.751230 0.197162 0.239463 0.429338 -0.870819 0.738835 0.501320 0.450334
-3.075824 -79.038667 -729.151032 307.879877 -0.618284 0.760692 0.197665 0.224537 0.411974 -0.883097 0.753198 0.501622 0.425521
-1.970493 -42.084319 -4166.419078 1193.119151 0.837797 0.297593 -0.457749 -0.014721 0.850405 0.525923 0.545783 -0.433878 0.716848
7.814938 -45.817350 -3698.099655 3049.928106 0.828814 0.355305 -0.432233 -0.063364 0.827134 0.558422 0.555925 -0.435440 0.708054
2.089733 -49.119731 -3855.502988 4491.811879 0.836740 0.307902 -0.452838 0.002654 0.824661 0.565622 0.547594 -0.474480 0.689209
-9.175759 -48.843584 -3799.736231 2208.705569 0.826338 0.223051 -0.517121 0.095579 0.849360 0.519088 0.555005 -0.478368 0.680539
-15.303092 -44.471340 -3229.920352 1053.307988 0.810133 0.131223 -0.571372 0.132375 0.908509 0.396343 0.571106 -0.396725 0.718642
-539.767190 -4334.683492 -420456.374275 2007510.198298 0.946131 -0.318913 -0.055946 -0.295868 -0.781372 -0.549472 -0.131519 -0.536426 0.833637
-3124.651308 -15054.407114 -1181818.724743 12022477.614064 0.853112 0.482766 0.197830 0.444343 -0.473598 -0.760437 0.273421 -0.736642 0.618546
-1643.179687 -2821.397777 -910781.494009 1763983.565032 0.911783 -0.173577 -0.372186 0.175671 0.984034 -0.028565 0.371202 -0.039337 0.927718
-1949.429705 -8475.929458 -1251088.451693 -7125360.440897 0.868719 0.027974 0.494515 0.480112 -0.292953 -0.826844 -0.121740 -0.955717 0.267925
-13.095758 -155.070179 -3223.056044 -40985.188210 0.917011 0.278308 0.285720 -0.032165 0.765604 -0.642508 0.397563 -0.579997 -0.711019
-21.370855 -69.515583 -1091.327757 3376.148933 0.909006 0.221794 0.352868 0.052208 0.779383 -0.624369 0.413500 -0.585978 -0.696884
-0.843109 -865.531949 8098.601634 -249451.577642 0.917103 0.030639 0.397471 0.195680 0.834065 -0.515795 0.347320 -0.550814 -0.758929
-39.008799 -75.057217 -724.451488 -11289.071665 0.524060 0.774436 -0.354414 0.732755 -0.197892 0.651083 0.434087 -0.600905 -0.671179
-38.628843 -92.091130 -7008.743251 -16997.328918 0.516619 0.777305 -0.359030 0.743566 -0.199397 0.638240 0.424517 -0.596689 -0.680989
-52.704581 -79.987584 -900.232155 5751.763314 -0.409179 0.749283 0.520718 -0.028547 0.559887 -0.828077 0.912007 0.353697 0.207705
-47.624203 -73.755419 -708.212433 3043.727574 -0.544544 0.769908 -0.332736 0.435874 -0.079167 -0.896519 0.716579 0.633225 0.292474
18.200112 -32.750607 8978.482406 -1350.412822 0.098018 0.813182 0.573696 -0.592204 0.510956 -0.623072 0.799804 0.278673 -0.531652
31.302416 -32.942973 4308.843332 -1411.420278 0.099002 0.871874 0.479620 -0.598344 0.437279 -0.671396 0.795100 0.220508 -0.564972
39.502426 -40.186287 13792.959333 -31.994649 0.090662 0.788073 0.608869 -0.816764 0.408652 -0.407308 0.569804 0.460375 -0.680719
49.310395 -39.835972 4376.401641 -240.796447 0.129558 0.855380 0.501537 -0.768003 0.406501 -0.494902 0.627205 0.321064 -0.709600
32.340992 -38.918160 12970.319313 -398.672042 0.086381 0.796153 0.598898 -0.753381 0.445550 -0.483634 0.651886 0.409422 -0.638294
-3.472614 -72.851127 73.694686 -847.714199 0.265558 0.960152 0.087100 0.414342 -0.032088 -0.909555 0.870517 -0.277628 0.406353
-3.630353 -65.630143 -451.965047 -825.592922 0.241719 0.962707 0.121522 0.581089 -0.043316 -0.812686 0.777115 -0.267057 0.569889
-2.723952 -67.521497 225.678600 -705.898457 0.243174 0.963475 0.112170 0.600888 -0.058852 -0.797164 0.761446 -0.261251 0.593252
-9.889011 -119.611808 80.544711 -6327.626826 0.306091 0.892266 0.331918 0.733565 0.001165 -0.679619 0.606787 -0.451509 0.654178
-10.923704 -126.018743 699.375733 -6509.182069 0.275562 0.909600 0.310957 0.713475 0.023258 -0.700295 0.644220 -0.414834 0.642567
-0.166311 -55.307241 -319.918508 430.510188 -0.193694 -0.967379 -0.163280 0.980089 -0.183393 -0.076107 0.043680 -0.174770 0.983640
1.576373 -53.823570 -487.566915 -240.588632 -0.155726 -0.973608 -0.166842 0.982416 -0.135040 -0.128933 0.103000 -0.183986 0.977517
-10.138951 -47.825916 -202.252795 -548.646689 -0.005270 0.996537 -0.082978 -0.949670 -0.030978 -0.311717 0.313209 -0.077159 -0.946545
-12.043701 -45.948528 -486.280262 -101.709768 -0.003261 0.998868 -0.047464 -0.944147 -0.018715 -0.328993 0.329509 -0.043740 -0.943139
-10.025687 -45.738659 -355.890669 -643.012641 0.032145 0.995828 -0.085405 -0.863291 -0.015398 -0.504471 0.503681 -0.089945 -0.859194
-11.009077 -49.009965 -242.342543 -292.302296 -0.064063 0.995208 -0.073868 -0.990061 -0.072669 -0.120406 0.125197 -0.065421 -0.989973
-7.517955 -157.370711 881.353983 -10709.566777 0.514572 0.542679 -0.663864 0.857225 -0.343201 0.383898 -0.019505 -0.766625 -0.641799
-8.657434 -160.030924 1362.424112 667.322455 0.519917 0.548491 -0.654862 0.835652 -0.167624 0.523056 0.177121 -0.819183 -0.545498
-6.680899 -163.169852 -115.298266 -10243.521745 0.528556 0.502024 -0.684544 0.848897 -0.313688 0.425409 -0.001168 -0.805960 -0.591969
-8.209089 -154.830656 -146.034703 1695.986009 0.522459 0.540979 -0.659074 0.822816 -0.117150 0.556102 0.223629 -0.832837 -0.506333
-5.867358 -153.983651 117.907982 -17648.388976 0.520451 0.503802 -0.689430 0.829087 -0.491341 0.266830 -0.204315 -0.710470 -0.673415
-6.085001 -145.597985 219.526801 -14745.533796 0.503043 0.531322 -0.681649 0.832363 -0.510142 0.216628 -0.232638 -0.676353 -0.698875
-7.410205 -152.234914 -299.971288 -9898.495773 0.505655 0.545692 -0.668231 0.861336 -0.363410 0.355011 -0.049115 -0.755085 -0.653784
2.719624 -274.554852 -2340.675636 8939.302843 -0.567454 -0.511462 0.645293 0.823095 -0.373863 0.427483 0.022610 0.773714 0.633132
0.420403 -185.081522 933.811787 -16284.555038 0.491921 0.546681 -0.677609 -0.720934 0.692118 0.035013 0.488127 0.471288 0.734588
2.102218 -236.634134 -3712.946243 23957.580435 -0.521194 -0.504620 0.688270 0.760973 -0.639881 0.107106 0.386364 0.579578 0.717504
-0.481817 -171.163555 -1453.259195 7442.934181 -0.510422 -0.521669 0.683616 0.767880 -0.634343 0.089269 0.387078 0.570500 0.724362
25.738912 -46.008739 -3450.962155 2261.260345 -0.008303 0.609647 -0.792629 -0.596902 0.632926 0.493064 0.802271 0.477216 0.358645
34.490334 -41.509735 -11214.749702 1684.452603 0.139161 0.536051 -0.832636 -0.706926 0.642581 0.295543 0.693462 0.547484 0.468371
32.052833 -39.151158 153.456184 2462.716956 -0.002587 0.523933 -0.851755 -0.642311 0.651953 0.402981 0.766439 0.548135 0.334842
44.036223 -32.114303 -2913.811223 1237.626525 0.095453 0.381501 -0.919427 -0.694871 0.686904 0.212879 0.712772 0.618563 0.330661
27.199255 -40.057777 2714.143195 2237.805525 -0.065714 0.574947 -0.815548 -0.545141 0.663877 0.511947 0.835765 0.478230 0.269801
34.668730 -31.330484 1810.711761 1188.403223 0.028471 0.420281 -0.906947 -0.630081 0.711914 0.310123 0.776007 0.562621 0.285080
-45.205760 -623.969387 -16018.201084 146120.011359 0.436364 0.467276 -0.768921 0.879060 -0.403695 0.253541 -0.191936 -0.786564 -0.586922
-150.871640 -1109.512860 -23756.303458 238002.036385 0.282426 0.398490 -0.872606 0.924005 -0.357443 0.135829 -0.257781 -0.844654 -0.469158
-51.426852 -289.642107 -16457.569769 80227.400025 0.030822 0.229119 -0.972910 0.878830 0.457469 0.135575 0.476139 -0.859201 -0.187257
-9.078665 -13.135432 3181.589125 -3544.875535 0.209923 0.460326 0.862573 0.213883 0.839242 -0.499927 -0.954037 0.289436 0.077720
-6.524492 -16.924851 4199.294099 -2422.737070 0.191720 0.343925 0.919217 0.270530 0.881788 -0.386345 -0.943428 0.322746 0.076014
-9.296395 -47.319440 866.781912 7938.107784 0.260949 0.802083 -0.537186 0.088514 0.534242 0.840685 -0.961286 0.266924 -0.068415
-14.813775 -50.516358 1075.562404 2755.101661 0.261833 0.797508 -0.543529 -0.056686 0.574912 0.816249 -0.963447 0.182910 -0.195738
-23.454949 -39.355218 2868.732856 -1285.593989 0.285113 0.791298 0.540886 0.861060 0.036441 -0.507197 -0.421055 0.610343 -0.670965
-29.736900 -40.253019 -763.592927 -633.778425 0.372791 0.829704 0.415474 0.856917 -0.136059 -0.497174 -0.355978 0.541369 -0.761708
-26.004312 -38.581908 -735.930831 -966.253168 0.446062 0.822144 0.353706 0.770524 -0.151706 -0.619094 -0.455325 0.548694 -0.701152
2.427624 -183.407616 -220.257147 -1258.199939 -0.020061 0.995608 -0.091446 -0.436148 0.073588 0.896861 -0.899651 -0.057876 -0.432756
-20.181937 -49.004260 -667.101529 -1415.516791 0.095995 -0.559101 -0.823524 0.599478 0.692944 -0.400569 0.794614 -0.455231 0.401688
-13.921148 -45.540206 1102.750917 -2950.502085 0.043528 0.681108 0.730887 0.666232 0.525369 -0.529265 0.744473 -0.509979 0.430908
-22.906620 -45.842880 -1736.555941 1328.695431 0.005965 -0.621719 -0.783218 0.524224 0.668924 -0.527000 0.851559 -0.407438 0.329910
-38.969131 -57.787103 50.307634 1491.076275 0.711522 0.153722 0.685643 -0.358911 -0.759374 0.542710 -0.604086 0.632235 0.485138
-40.811938 -61.929691 849.721122 3123.376123 0.627319 0.167007 0.760644 -0.490186 -0.674290 0.552314 -0.605136 0.719334 0.341130
-39.915592 -66.183719 305.657414 2394.075389 0.637056 0.125268 0.760571 -0.581797 -0.569117 0.581049 -0.505641 0.812658 0.289679
292.695373 -68.046175 -70877.904751 -6531.532118 0.496715 -0.625717 -0.601459 0.458467 0.777582 -0.430318 0.736941 -0.062004 0.673108
95417.199778 -3551.399618 -43017691.649133 884309.417411 0.343843 -0.262107 -0.901705 0.315462 0.936688 -0.151982 0.884452 -0.232196 0.404759
889.493858 -111.452149 226563.303528 -1265.255144 -0.492351 -0.231526 -0.839039 0.373489 0.814517 -0.443924 0.786191 -0.531938 -0.314556
1704.933070 -223.342812 -537923.931150 -87067.057314 0.411050 -0.583476 -0.700424 0.591012 0.755556 -0.282561 0.694077 -0.297812 0.655412
46.521012 -71.428197 -2759.684032 16724.589168 -0.185530 -0.548064 0.815601 0.805551 -0.560155 -0.193167 0.562731 0.621170 0.545419
31.850631 -99.979771 -3459.630101 18591.357163 -0.186707 -0.537413 0.822391 0.882124 -0.460181 -0.100449 0.432431 0.706697 0.559984
24.208634 -99.381755 1153.451692 20527.149579 -0.060832 -0.565794 0.822300 0.882250 -0.415783 -0.220817 0.466835 0.712041 0.524464
-0.415778 -57.742848 -183.904843 1453.648252 0.714079 -0.651024 -0.257406 -0.685872 -0.724257 -0.070932 0.140250 -0.227199 0.963696
-0.060043 -60.213242 439.116423 1646.864341 0.702692 -0.659765 -0.266336 -0.693778 -0.718391 -0.050850 0.157784 -0.220510 0.962538
-1.256478 -63.377646 63.662075 -2800.343584 0.685327 -0.680714 -0.258758 0.677008 0.726453 -0.118009 0.268306 -0.094306 0.958707
0.288102 -58.346900 263.805016 -335.463855 0.733918 -0.628959 -0.256467 -0.678145 -0.699908 -0.224161 0.038515 -0.338438 0.940200
-0.930009 -60.675484 -457.272832 -2567.171997 0.702457 -0.666137 -0.250633 0.667129 0.738958 -0.094232 0.247978 -0.101011 0.963485
0.201030 -56.354044 -303.332879 -398.495582 0.739531 -0.625046 -0.249822 -0.672643 -0.700226 -0.239236 0.025398 -0.344964 0.938272
0.257707 -55.833481 -528.259641 1150.735323 0.726560 -0.639395 -0.251564 -0.675343 -0.731987 -0.090031 0.126576 -0.235306 0.963644
4.252199 -88.797115 471.477161 -4424.072510 0.690128 -0.676471 -0.257119 0.712020 0.698242 0.074068 0.129426 -0.234191 0.963537
1.481931 -81.617087 692.238164 -3486.882425 0.665830 -0.695913 -0.269027 0.741630 0.656744 0.136649 0.081586 -0.290503 0.953390
0.608092 -83.458407 130.303466 2322.622029 0.706857 -0.659054 -0.256907 -0.705972 -0.634580 -0.314502 -0.044246 -0.403677 0.913831
4.042714 -90.234501 -1774.450088 -4349.848004 -0.636186 0.720401 0.276206 0.719532 0.683190 -0.124596 0.278460 -0.119472 0.952988
1.427271 -86.258368 -422.516041 3814.566783 0.739161 -0.632832 -0.230573 -0.672759 -0.677351 -0.297642 -0.032178 -0.375126 0.926415
5.165862 -97.797080 -830.099793 5462.362871 0.732082 -0.644426 -0.220842 -0.667742 -0.743006 -0.045415 0.134821 -0.180713 0.974252
9.490963 -102.713143 371.860331 -3819.429110 0.675055 -0.693583 -0.251481 0.660456 0.720030 -0.212966 0.328784 -0.022328 0.944141
-1.905945 -69.905178 -276.552995 -568.823750 0.672385 -0.693292 -0.259317 0.707385 0.705009 -0.050682 0.217958 -0.149359 0.964462
-2.873778 -69.074572 992.442036 799.598053 0.664256 -0.689902 -0.287748 0.699971 0.709164 -0.084424 0.262305 -0.145336 0.953978
-2.348055 -77.709868 149.976320 -4884.848322 0.661295 -0.700239 -0.268988 0.663805 0.713286 -0.224915 0.349359 -0.029820 0.936514
-2.988619 -72.636920 -261.803117 3786.980377 0.673847 -0.694032 -0.253476 0.730262 0.677794 0.085509 0.112459 -0.242724 0.963555
0.061263 -74.558629 -618.823771 -3556.861684 0.677102 -0.692611 -0.248643 0.660816 0.720945 -0.208711 0.323814 -0.022988 0.945842
-0.208390 -69.610400 -899.667448 -1453.465349 0.676992 -0.694676 -0.243121 0.712224 0.701622 -0.021511 0.185522 -0.158594 0.969757
-1.801025 -71.601486 -1240.534011 1604.605432 0.680515 -0.695269 -0.231300 0.730062 0.670299 0.133073 0.062519 -0.259422 0.963739
-33.289776 -68.452641 6173.383933 5622.716760 0.020815 0.346308 -0.937890 -0.163931 0.926579 0.338493 0.986252 0.146704 0.076057
134.796599 -82.009075 31744.690331 -14.955371 -0.579913 0.667616 -0.466893 0.776450 0.626426 -0.068671 0.246628 -0.402342 -0.881644
1474.555792 -50.364723 322649.665052 15873.099655 -0.049464 0.861605 -0.505164 0.982935 0.131718 0.128413 0.177181 -0.490191 -0.853416
26329.078905 -971.175967 7465005.778838 836835.254513 -0.090037 0.847969 -0.522343 0.955408 0.221638 0.195121 0.281228 -0.481483 -0.830112
85.330426 -62.201068 14496.878918 2446.498796 -0.612711 0.698571 -0.369572 0.763973 0.643253 -0.050697 0.202313 -0.313406 -0.927818
156.161159 -214.885256 51872.601045 -39316.956003 -0.718040 0.536115 -0.443846 0.614618 0.787657 -0.042909 0.326595 -0.303606 -0.895075
76.376858 -194.712892 15085.076391 -63606.701734 -0.836725 0.401813 -0.372073 0.460624 0.883859 -0.081354 0.296171 -0.239457 -0.924631
55.328546 -104.655772 -1589.140432 -23765.365978 0.792744 -0.491883 0.360011 0.556707 0.824794 -0.098951 0.248262 -0.278864 -0.927686
7.313197 -194.852489 -1676.935505 15007.655854 0.977493 0.210894 -0.005561 -0.207428 0.955951 -0.207680 0.038483 -0.204159 -0.978181
6.512586 -150.500201 4141.083511 13964.069067 -0.965085 -0.249958 0.078303 -0.246708 0.967856 0.048892 -0.088007 0.027867 -0.995730
3.311624 -156.324564 -2844.065559 10334.211557 0.967000 0.245511 -0.068086 -0.253854 0.951188 -0.175498 -0.021676 -0.186990 -0.982123
7.468571 -192.867323 -177.890919 14644.814767 0.984588 0.174126 0.016318 -0.164209 0.952536 -0.256342 0.060179 -0.249712 -0.966448
10.943099 -168.338719 -1360.618258 15925.295841 -0.980959 -0.190359 -0.038505 -0.190210 0.981714 -0.007552 0.039238 -0.000084 -0.999230
2.301000 -224.683180 1958.757108 14127.913865 0.977805 0.208611 0.019476 -0.172851 0.855724 -0.487708 0.118407 -0.473517 -0.872789
1.372170 -185.154677 -2732.200301 10119.633845 0.972505 0.226083 -0.055853 -0.229591 0.890614 -0.392549 0.039005 -0.394580 -0.918034
3.143658 -218.102175 -2307.445828 8945.147622 0.976584 0.213544 -0.026139 -0.193839 0.820675 -0.537511 0.093330 -0.529992 -0.842851
15.017223 -157.778379 -1453.755024 19500.686758 0.971856 0.235400 0.009079 -0.232926 0.954450 0.186469 -0.035229 0.183336 -0.982419
25.692157 5.371211 -7178.014809 2591.930358 0.704307 0.691679 0.159787 0.475189 -0.292129 -0.829973 0.527397 -0.660485 0.534427
7.892137 -398.652475 2844.790580 -102464.230517 0.963205 -0.013520 -0.268429 0.119190 -0.873669 0.471695 0.240896 0.486333 0.839910
296.283753 -4763.021954 13333.388710 -2029091.663379 0.962085 0.049927 -0.268143 0.206745 -0.774726 0.597541 0.177904 0.630322 0.755674
-2.552000 -201.800127 773.167512 -15288.491642 0.953101 0.041659 -0.299771 0.251443 -0.660266 0.707690 0.168446 0.749875 0.639776
-3.052355 -280.060579 2048.564797 -53038.211918 0.967153 -0.047384 -0.249738 0.103278 -0.824475 0.556395 0.232267 0.563911 0.792500
16.593633 -52.615199 -4797.828440 828.427058 -0.173914 -0.982562 -0.065767 0.984247 -0.175593 0.020633 -0.031821 -0.061143 0.997622
21.504405 -53.572145 5259.097186 104.236978 0.191461 0.978845 0.072141 0.967428 -0.200607 0.154399 -0.165605 -0.040230 0.985371
15.973981 -53.263604 -14.391897 412.161665 0.167128 0.981060 0.097929 0.981934 -0.174566 0.073024 -0.088736 -0.083955 0.992511
22.452286 -52.197827 -8266.320422 2241.769998 -0.185618 -0.981049 -0.055575 0.982622 -0.185351 -0.009966 -0.000523 -0.056460 0.998405
7.828482 -49.741107 3373.662397 1502.743579 -0.128404 -0.987446 -0.091998 0.990066 -0.122278 -0.069412 0.057292 -0.099997 0.993337
17.863044 -49.417560 4820.602291 2323.430487 0.162176 0.984971 0.059415 0.981967 -0.155167 -0.107996 0.097154 -0.075858 0.992374
-2.392168 -34.831868 1802.743688 -378.610128 0.489214 0.866054 -0.103053 0.243030 -0.021887 0.969772 -0.837619 0.499471 0.221184
5.198678 -37.965255 1941.872900 -370.727346 0.479954 0.869086 -0.119726 0.327043 -0.050612 0.943653 -0.814056 0.492066 0.308520
5.312500 -35.342507 1489.079358 -710.086849 0.486083 0.868317 -0.098737 0.243121 -0.025839 0.969652 -0.839414 0.495336 0.223667
11.227236 -41.112764 -3841.703116 1647.771134 0.826648 0.397129 -0.398674 -0.068226 0.773984 0.629519 0.558567 -0.493191 0.666907
16.396652 -40.474839 -2034.603194 1667.379516 0.785301 0.468312 -0.404953 -0.145883 0.775636 0.614090 0.601682 -0.423170 0.677427
103.519076 -1351.187563 -135976.289379 209700.084660 0.798119 -0.257146 0.544869 -0.555870 0.034576 0.830550 0.232412 0.965754 0.115344
-185.781686 -1064.198868 -97136.124021 229550.868955 0.844258 -0.287291 0.452430 -0.517755 -0.655235 0.550087 -0.138413 0.698664 0.701934
-529.234196 -3793.600720 -293636.014644 2605549.828818 0.878581 -0.229672 0.418743 -0.459935 -0.170676 0.871395 0.128665 0.958186 0.255587
388.585695 -2350.959114 26222.988841 -1075086.069905 0.662814 -0.551775 0.506184 0.743698 0.563767 -0.359278 -0.087129 0.614582 0.784026
569.526108 -9744.504739 -718832.800722 -7008479.073579 0.841169 -0.055587 0.537907 -0.373673 0.659279 0.652472 0.390900 0.749841 -0.533794
-223.353424 -3636.025139 -222449.717984 -1736046.776976 0.887724 -0.273983 0.369972 0.017053 0.822648 0.568295 0.460060 0.498180 -0.734957
271.843044 -1298.957705 72049.056655 -516924.129736 0.380150 -0.663543 0.644358 0.857556 -0.008154 -0.514326 0.346532 0.748094 0.565926
-18.038062 -80.573112 -1311.767450 4258.665327 0.935610 0.131315 0.327705 0.086161 0.815245 -0.572671 0.342360 -0.564032 -0.751437
-18.596519 -987.371437 -2639.490182 279325.658442 0.868703 0.024653 0.494720 0.291431 0.782164 -0.550715 0.400529 -0.622585 -0.672283
109.705695 -2737.662690 50291.929096 717692.423733 0.879981 0.435016 0.190772 -0.155357 0.643107 -0.749852 0.448884 -0.630218 -0.633504
-23.642756 -38.349008 1933.924136 13088.468068 0.698521 -0.223745 0.679710 0.559256 0.763279 -0.323479 0.446431 -0.606089 -0.658297
-48.405638 -80.416940 -1454.827064 -622.724082 -0.337398 0.698437 0.631149 0.112926 0.695651 -0.709449 0.934564 0.168093 0.313582
-58.164850 -80.724893 909.882358 1163.653548 -0.422804 0.745953 0.514579 0.179389 0.625486 -0.759333 0.888289 0.228739 0.398273
-51.328305 -74.842427 1137.146172 5684.886029 -0.492732 0.860190 0.131486 0.131471 0.222957 -0.965922 0.860192 0.458654 0.222948
-53.793469 -79.676155 419.645240 5321.318802 -0.441783 0.841137 0.311955 0.131319 0.404615 -0.905010 0.887459 0.358852 0.289209
-49.470477 -74.044876 -999.852560 314.373299 0.682127 -0.430057 0.591400 0.723056 0.276069 -0.633227 0.109056 0.859556 0.499269
-8.264026 -47.874968 -533.549078 -884.189310 0.042055 0.990259 -0.132738 -0.893295 -0.022238 -0.448920 0.447499 -0.137454 -0.883658
-8.132547 -49.830769 -420.737165 -678.691762 0.010888 0.991657 -0.128440 -0.964540 -0.023459 -0.262892 0.263712 -0.126748 -0.956238
-6.560335 -51.817545 -904.257100 -1073.885021 0.036434 0.984583 -0.171081 -0.959951 -0.013106 -0.279862 0.277789 -0.174426 -0.944674
-5.839585 -53.406855 -728.510646 783.306466 -0.010872 0.986376 -0.164146 0.997172 0.022901 0.071574 0.074358 -0.162904 -0.983836
-8.802390 -51.835691 -129.138322 486.119742 -0.035880 0.993177 -0.110957 0.994956 0.045908 0.089189 0.093674 -0.107197 -0.989815
-0.735076 -48.749142 706.397032 94.444838 -0.150243 -0.966955 -0.205973 0.987946 -0.138983 -0.068172 0.037292 -0.213733 0.976180
-1.723090 -47.855381 806.240178 -487.187324 -0.140756 -0.968198 -0.206834 0.983590 -0.160569 0.082274 -0.112868 -0.191859 0.974911
1.556647 -49.421803 495.421910 -100.165107 -0.131985 -0.971200 -0.198369 0.991251 -0.129600 -0.025015 -0.001414 -0.199935 0.979808
-3.995705 -47.853564 889.908815 -729.760069 -0.169446 -0.963545 -0.207047 0.982324 -0.182080 0.043428 -0.079544 -0.196029 0.977367
