12611
25211
-39.220454 -62.301435 -1918.804586 7231.696220 0.298671 0.926279 0.229788 -0.479426 -0.062566 0.875349 -0.825195 0.371607 -0.425396
-52.910570 -74.314154 150.639939 7568.329873 0.485681 0.871544 0.067263 -0.511218 0.220780 0.830610 -0.709063 0.437797 -0.552777
-41.192015 -84.877547 -2994.730127 10846.829887 0.484808 0.872132 -0.065932 -0.458470 0.317606 0.830019 -0.744827 0.372172 -0.553824
-44.545458 -66.776476 345.897684 3424.777273 0.148680 0.802599 0.577692 -0.693338 -0.331937 0.639609 -0.705107 0.495633 -0.507121
-26.900158 -86.860669 -5915.757602 14424.325114 0.376956 0.921188 -0.096524 -0.398960 0.255532 0.880644 -0.835904 0.293455 -0.463842
-26.007972 -56.999049 -4529.321130 10000.028337 0.239107 0.958361 0.156113 -0.359113 -0.062096 0.931226 -0.902145 0.278725 -0.329312
-30.985612 -43.842667 -1483.892241 5281.438136 0.042174 0.730293 0.681831 -0.453882 -0.593950 0.664240 -0.890063 0.337484 -0.306417
-35.406125 -53.989667 -296.414701 5068.607067 0.045533 0.730965 0.680895 -0.566854 -0.542334 0.620121 -0.822559 0.414204 -0.389656
-24.495117 -71.012485 -3591.539999 270.329887 0.090883 0.828690 0.552280 0.878820 -0.327591 0.346928 -0.468418 -0.453825 0.758042
-11.923385 -73.937180 9645.187803 783.113948 -0.053631 -0.771745 -0.633667 0.898959 -0.313587 0.305835 -0.434737 -0.553238 0.710585
-23.932308 -72.965600 4174.113561 566.553938 -0.119310 -0.805482 -0.580486 0.938659 -0.282038 0.198428 -0.323549 -0.521204 0.789723
-32.907075 -69.617311 1728.836493 -424.528872 0.131386 0.889811 0.437006 0.865526 -0.317891 0.387054 -0.483325 -0.327387 0.811920
-28.056091 -67.174905 -75.452516 -735.957034 0.118265 0.863454 0.490368 0.806506 -0.371614 0.459839 -0.579277 -0.341102 0.740329
-36.032759 -73.188144 -702.810771 -400.412709 -0.150374 -0.871845 -0.466127 0.930708 -0.283853 0.230671 -0.333421 -0.399141 0.854117
-36.054722 -64.786586 2155.881367 15736.308157 0.065664 0.850905 0.521200 0.484294 -0.483860 0.728930 -0.872438 -0.204549 0.443860
-28.825997 -66.972238 3301.757256 12689.123291 0.213457 0.735513 0.643006 0.366423 -0.670402 0.645209 -0.905633 -0.097888 0.412611
-97.571277 -994.067719 1939.072685 402450.624113 0.028785 0.974242 0.223661 0.854267 -0.140161 0.500582 -0.519036 -0.176657 0.836298
21.505549 1.126503 4124.156701 -1539.399014 0.994971 -0.079386 0.061074 0.077277 0.996354 0.036151 -0.063721 -0.031250 0.997478
10.952370 2.568275 4840.074295 1018.731436 0.957537 -0.288291 0.003435 -0.287906 -0.956755 -0.041591 -0.015276 -0.038836 0.999129
22.622900 8.096429 4847.310441 -2804.401731 0.973550 -0.223215 0.048746 0.220415 0.973749 0.056840 -0.060154 -0.044593 0.997193
13.838985 -0.486868 6005.825774 -2807.077809 0.821505 -0.570086 -0.011478 -0.570011 -0.820543 -0.042391 -0.014749 -0.041367 0.999035
27.193613 8.573676 2700.181842 -3175.650908 0.975543 -0.187039 0.115470 0.181178 0.981654 0.059410 -0.124464 -0.037037 0.991533
27.802198 8.156829 2816.043601 -677.404026 0.961086 -0.249643 0.118289 0.246406 0.968279 0.041480 -0.124892 -0.010719 0.992112
22.740402 2.372762 4466.700482 2227.494670 0.933158 -0.355429 0.053722 0.353911 0.934591 0.035864 -0.062955 -0.014454 0.997912
-28.857321 -42.369575 4051.413306 -13513.672628 0.316912 0.886926 -0.336049 0.932486 -0.226618 0.281273 0.173314 -0.402500 -0.898864
-30.248137 -60.202440 4463.710293 -2384.321832 0.172864 0.913478 -0.368343 0.942104 -0.044252 0.332388 0.287329 -0.404476 -0.868241
-40.525032 -57.580244 4168.016272 -23745.401599 0.273064 0.869414 -0.411770 0.945828 -0.164489 0.279917 0.175632 -0.465899 -0.867232
-13.852645 -38.670275 -22559.702280 4967.013031 0.909881 0.398786 -0.114398 -0.402025 0.779443 -0.480462 0.102435 -0.483155 -0.869522
-7.801877 -27.805209 -13315.495279 3975.883820 0.875958 0.471711 -0.100931 -0.468327 0.781452 -0.412312 0.115619 -0.408437 -0.905434
-8.077850 -47.523863 -840.916816 -2326.855920 0.000979 0.999909 0.013443 0.494656 0.011199 -0.869017 0.869089 -0.007501 0.494600
-7.727876 -50.943915 -746.055200 -801.257304 -0.011624 0.999299 0.035575 0.348478 0.037396 -0.936571 0.937245 -0.001510 0.348669
-9.780056 -49.860806 -794.162618 -2155.867740 -0.025624 0.999643 0.007539 0.459613 0.018478 -0.887927 0.887749 0.019287 0.459923
-8.666004 -44.940235 -294.066842 -2734.909482 -0.015714 0.999655 -0.021070 0.586842 -0.007841 -0.809663 0.809549 0.025088 0.586516
-10.013691 -47.350829 -398.548302 -3046.263244 -0.053277 0.998504 -0.012320 0.561548 0.019756 -0.827208 0.825727 0.050990 0.561760
-10.719341 -51.940279 -637.704702 -1869.094044 -0.049381 0.998776 -0.002938 0.424345 0.018317 -0.905315 0.904153 0.045952 0.424730
17.516368 -117.363713 -501.812962 -3076.506038 0.212896 0.974182 0.075129 0.899757 -0.165491 -0.403795 0.380937 -0.153564 0.911760
17.006546 -112.137165 1026.162404 -1065.811134 0.210561 0.977508 -0.011922 0.877219 -0.194312 -0.439009 0.431452 -0.081979 0.898404
15.163400 -109.962823 68.424439 2014.627530 0.196443 0.980153 0.026660 0.785561 -0.141056 -0.602492 0.586774 -0.139298 0.797680
-5.323238 -110.760761 -448.636057 3831.017846 0.042221 0.993636 0.104429 0.634548 0.054066 -0.770990 0.771730 -0.098817 0.628226
-4.347439 -119.029684 -908.965387 -902.371863 0.036391 0.987546 0.153062 0.781320 0.067378 -0.620483 0.623069 -0.142170 0.769138
-3.426185 -113.753492 -495.314438 3353.078627 0.048724 0.990640 0.127505 0.605158 0.072280 -0.792818 0.794613 -0.115790 0.595972
-10.428423 -27.495205 2701.217046 -23.395343 0.898571 0.189679 0.395716 -0.170975 0.981826 -0.082378 -0.404150 0.006365 0.914671
-10.333395 -25.753503 2360.965951 1093.458637 0.892589 0.224451 0.391034 -0.167211 0.970226 -0.175221 -0.418719 0.091015 0.903543
-19.596474 -28.413979 2852.006109 460.785332 0.822074 0.408103 0.397047 -0.349244 0.912160 -0.214460 -0.449692 0.037636 0.892390
-2.905086 -24.489783 1459.854532 538.387769 0.912734 0.072981 0.401982 -0.044335 0.995798 -0.080123 -0.406141 0.055309 0.912135
-20.500047 -30.805898 3113.251416 169.779107 0.825425 0.381180 0.416383 -0.362267 0.923361 -0.127147 -0.432938 -0.045892 0.900255
-9.539177 -29.647557 3213.088391 41.863105 0.903333 0.173803 0.392150 -0.188376 0.982096 -0.001337 -0.385361 -0.072664 0.919900
-1.622540 -26.822328 1792.326724 -217.403694 0.916424 0.068255 0.394346 -0.074889 0.997191 0.001436 -0.393140 -0.030848 0.918961
19.497842 -102.982155 5699.187150 658.834070 0.505672 0.465138 0.726597 0.716921 -0.695060 -0.053988 0.479916 0.548213 -0.684940
46.593669 -103.104350 -13434.718822 5728.171657 -0.613420 -0.358875 -0.703508 -0.551627 0.832176 0.056476 0.565175 0.422718 -0.708439
26.770891 -113.705486 -9840.324451 8397.423878 -0.501502 -0.443383 -0.742905 -0.628824 0.776569 -0.038983 0.594202 0.447607 -0.668261
2.985308 -115.907010 -1708.859321 -3752.709343 0.446192 0.520980 0.727662 0.759663 -0.650317 -0.000212 0.473100 0.552873 -0.685936
1.401486 -131.727641 1268.499775 9955.321188 -0.449895 -0.525249 -0.722294 -0.652684 0.745411 -0.135523 0.609589 0.410458 -0.678178
4.843724 -127.257858 -1228.263839 -7194.781752 0.456931 0.498477 0.736705 0.741811 -0.670579 -0.006364 0.490846 0.549404 -0.676184
6.069556 -120.947890 -1422.895670 -2516.590124 0.447165 0.506567 0.737179 0.832206 -0.537702 -0.135315 0.327836 0.673993 -0.662010
3.748469 -112.672722 -2475.172696 2519.932580 0.437295 0.538176 0.720513 0.838843 -0.532926 -0.111052 0.324215 0.652960 -0.684491
-29.154085 -53.152473 -24140.385230 18225.082869 0.777485 0.565348 -0.275498 -0.621925 0.626094 -0.470336 0.093416 -0.537018 -0.838382
42.218814 -43.511302 -46612.843284 4709.528054 0.900247 0.399650 -0.172730 -0.425553 0.723897 -0.543026 0.091981 -0.562363 -0.821758
-1.773941 -123.247482 1118.953122 -11173.598633 -0.393619 -0.066483 -0.916866 -0.246993 0.968355 0.035820 0.885471 0.240559 -0.397584
-1.544309 -153.157260 910.541412 -16381.905537 -0.357296 -0.111118 -0.927358 -0.505220 0.858090 0.091835 0.785552 0.501332 -0.362731
-2.687752 -124.503689 1805.604349 -11507.688418 -0.394599 -0.079720 -0.915389 -0.322900 0.944720 0.056919 0.860249 0.318039 -0.398527
-7.803909 -246.315732 1375.123329 29889.589900 -0.344874 0.060553 -0.936694 0.757734 0.606926 -0.239749 0.553986 -0.792449 -0.255196
-9.775139 -220.540102 -248.002890 33194.525617 -0.365687 0.029908 -0.930257 0.664852 0.707844 -0.238598 0.651341 -0.705735 -0.278734
-10.636680 -256.372745 36.001987 23134.095944 -0.348048 0.061241 -0.935474 0.863700 0.408961 -0.294572 0.364533 -0.910495 -0.195232
-5.930728 -239.664544 -1151.282268 8738.749939 -0.357280 0.026404 -0.933624 0.869963 0.373154 -0.322366 0.339874 -0.927394 -0.156291
-8.714562 -233.032424 575.834565 3715.429467 -0.328706 0.049641 -0.943127 0.940575 0.107370 -0.322165 0.085271 -0.992979 -0.081984
67.479428 -104.282757 12195.079566 -17778.652798 0.769900 -0.217427 0.599983 0.383651 -0.593608 -0.707418 -0.509967 -0.774826 0.373603
35.630612 -77.897779 5270.665691 -11628.613643 0.743164 -0.182414 0.643765 0.319600 -0.748499 -0.581038 -0.587846 -0.637554 0.497958
43.575055 -90.688302 14332.656466 -16180.141717 0.752834 0.011502 0.658109 0.462617 -0.720485 -0.516611 -0.468215 -0.693376 0.547727
57.621029 -135.106045 15932.337862 -26763.732542 0.746090 0.118969 0.655130 0.584966 -0.587110 -0.559568 -0.318062 -0.800717 0.507630
-26.178316 -53.353598 -24478.338361 1783.516772 0.900041 0.435623 0.012585 -0.118090 0.271579 -0.955144 0.419501 -0.858182 -0.295875
22.890061 -190.087781 -4088.872913 -85513.088124 0.684864 0.306573 0.661040 0.490662 0.476666 -0.729411 0.538713 -0.823895 -0.176028
-28.551927 -89.732819 -34232.289026 -21923.546381 0.786489 0.322327 0.526820 0.255054 0.607357 -0.752373 0.562478 -0.726100 -0.395469
-17.642875 -42.389652 -26655.409568 -2874.059117 0.872593 0.366894 0.322444 0.178563 0.374836 -0.909732 0.454639 -0.851403 -0.261566
-120.072631 -1198.848407 -30438.571487 -532507.766277 0.473531 0.550852 -0.687263 0.741379 0.171991 0.648672 0.475526 -0.816689 -0.326947
-30.615784 -958.599478 -11307.563169 -368268.048590 0.394065 0.441856 -0.805900 0.799327 0.268030 0.537806 0.453639 -0.856109 -0.247567
5584.413245 -14488.834282 10224098.962690 -198776509.492906 -0.264894 -0.163786 0.950266 -0.195738 0.974086 0.113328 -0.944202 -0.155983 -0.290089
-104.162101 -1281.592426 -33847.926863 -348668.835116 0.377663 0.285616 -0.880792 0.837481 0.300389 0.456500 0.394963 -0.910050 -0.125752
2968.021767 -8518.361138 1365054.294159 -24969345.523152 -0.554188 -0.151784 0.818436 -0.259520 0.965732 0.003371 -0.790901 -0.210532 -0.574588
-19.406076 -48.387548 1030.494108 762.304323 0.401455 0.597602 0.694051 -0.638028 0.726146 -0.256187 -0.657080 -0.339976 0.672802
-18.888055 -47.554376 -727.448986 490.544370 0.454165 0.575573 0.680037 -0.681809 0.715870 -0.150554 -0.573473 -0.395278 0.717554
-17.731394 -44.649996 -475.398744 729.556329 0.379214 0.655319 0.653264 -0.623507 0.702616 -0.342885 -0.683693 -0.277287 0.675038
-18.188734 -44.766553 1173.841881 1014.199112 0.325860 0.688516 0.647890 -0.568505 0.690255 -0.447605 -0.755392 -0.222472 0.616352
-22.550345 -48.617786 2379.618730 1080.408823 0.338577 0.629234 0.699593 -0.586935 0.722359 -0.365656 -0.735441 -0.286813 0.613893
-8.145348 -7818.012228 13692.125625 16506984.483092 -0.538537 -0.467036 0.701324 0.839864 -0.230485 0.491432 -0.067872 0.853671 0.516371
-27.393382 -5634.661432 -8163.429534 -8165197.406684 -0.533284 -0.418095 0.735394 0.729109 0.213652 0.650195 -0.428962 0.882921 0.190899
-33.373934 -11207.052310 20481.108722 17172806.130306 -0.548283 -0.401085 0.733837 0.653911 -0.752621 0.077214 0.521332 0.522199 0.674923
-39.880627 -3349.201006 15075.590667 -3779084.121714 -0.537898 -0.448380 0.713878 0.449372 0.563972 0.692821 -0.713254 0.693464 -0.101870
-212.800166 -22396.378392 -30659.523753 -40859220.092817 -0.532363 -0.400258 0.745911 0.553401 0.502230 0.664464 -0.640576 0.766524 -0.045866
13.662199 -37.611169 648.649490 -207.052100 0.914858 -0.057806 0.399617 0.123414 -0.902304 -0.413057 -0.384453 -0.427207 0.818346
10.224843 -37.827468 5696.142552 -362.467740 0.945979 0.046945 0.320810 0.178296 -0.901743 -0.393790 -0.270801 -0.429716 0.861400
16.082823 -42.311941 -38.774511 -2178.449962 0.901491 -0.061907 0.428348 0.159330 -0.872739 -0.461454 -0.402404 -0.484245 0.776903
13.481860 -37.416016 -4955.116153 825.311324 0.841259 -0.169243 0.513459 -0.066793 0.909925 0.409358 -0.536490 -0.378672 0.754179
18.852754 -46.177572 -336.257122 -3241.805887 0.898144 -0.066159 0.434696 0.199315 -0.819956 -0.536605 -0.391933 -0.568590 0.723252
16.153304 -43.368461 -6252.831436 2641.907791 0.824053 -0.215145 0.524071 -0.098459 0.856612 0.506479 -0.557892 -0.468965 0.684711
-50.687038 -67.037626 1284.302294 -7065.292977 0.001612 0.949149 0.314824 -0.690350 0.228824 -0.686336 0.723474 0.216232 -0.655613
-53.618928 -74.360957 70.255062 -7031.848082 -0.199745 0.977715 0.064618 -0.741087 -0.107602 -0.662730 0.641008 0.180265 -0.746065
-55.343603 -71.991961 535.185148 -4555.155896 -0.097565 0.955127 0.279668 -0.793795 0.094819 -0.600749 0.600309 0.280611 -0.748924
-52.521801 -70.267586 842.202803 -4051.185911 0.155346 0.801050 0.578089 -0.767866 0.466077 -0.439493 0.621489 0.375622 -0.687502
-43.123098 -57.912859 -1128.552240 -2816.266586 -0.321078 -0.667151 -0.672174 -0.567546 0.703734 -0.427375 0.758156 0.244269 -0.604593
70.640514 -31.047642 17046.461945 -1860.600722 0.077730 0.984049 0.160020 -0.485838 0.177546 -0.855826 0.870586 0.011221 -0.491889
62.268080 -26.632182 15169.878308 -1407.884714 0.055018 0.992655 0.107741 -0.435481 0.120956 -0.892034 0.898515 -0.002158 -0.438938
34.392254 -22.955514 12026.986743 -3593.276549 0.012732 0.971156 0.238106 -0.439394 0.219337 -0.871105 0.898204 0.093532 -0.429512
72.593463 -33.159070 4181.015219 -1493.817499 0.257132 0.964931 -0.052825 -0.479455 0.079921 -0.873920 0.839051 -0.250040 -0.483191
34.905385 -28.199226 12753.591744 -4434.391953 0.027377 0.945839 0.323480 -0.475266 0.297003 -0.828198 0.879416 0.131066 -0.457656
82.593913 -37.052388 5319.016313 1130.672861 0.275339 0.961112 -0.021280 -0.565651 0.144070 -0.811962 0.777321 -0.235602 -0.583322
80.375352 -34.182852 21208.575217 -135.535114 0.049320 0.973132 0.224905 -0.559878 0.213411 -0.800620 0.827106 0.086433 -0.555360
-9.637729 -47.976758 -719.494808 142.610661 0.328832 0.930170 0.163257 0.450019 -0.002355 -0.893016 0.830272 -0.367121 0.419369
-2.514648 -52.600607 294.923778 -704.399666 0.317149 0.926922 0.200577 0.350837 0.081821 -0.932855 0.881096 -0.366224 0.299249
-4.873017 -53.519701 1040.376425 -1054.144029 0.401044 0.916031 -0.007079 0.362054 -0.165599 -0.917330 0.841475 -0.365327 0.398065
-11.503371 -44.613604 1092.555872 -1057.187487 0.380978 0.924578 -0.003265 0.484142 -0.202499 -0.851235 0.787695 -0.322721 0.524775
-21.759318 -43.021641 146.910410 -177.821145 0.874281 -0.481639 -0.060463 -0.329886 -0.498149 -0.801887 -0.356101 -0.721021 0.594408
-23.557702 -42.228509 -534.471403 -994.673047 0.877339 -0.479104 0.027131 -0.313646 -0.615304 -0.723206 -0.363185 -0.625987 0.690099
-12.084432 -43.864595 -3118.867099 -634.285688 0.881996 -0.420575 0.212603 -0.093224 -0.597937 -0.796103 -0.461944 -0.682340 0.566586
-24.605675 -41.940656 598.992448 -539.380755 0.852039 -0.499949 -0.155178 -0.458284 -0.569133 -0.682688 -0.252993 -0.652793 0.714042
-9.821323 -44.770988 -2550.876114 136.123749 0.885702 -0.445271 0.131396 -0.102550 -0.463681 -0.880047 -0.452786 -0.765985 0.456346
-22.636462 -42.777752 1120.626319 -168.930533 0.842437 -0.482743 -0.239288 -0.478096 -0.464979 -0.745130 -0.248442 -0.742128 0.622513
-19.767762 -44.519034 737.811950 -52.089141 0.865242 -0.475909 -0.157693 -0.358399 -0.367192 -0.858324 -0.350581 -0.799175 0.488275
0.156129 -86.592514 -515.450895 6409.740391 0.209118 -0.398920 -0.892823 0.485924 0.834701 -0.259138 0.848615 -0.379653 0.368396
-1.325089 -73.956558 -836.001581 2473.083928 0.156498 -0.484255 -0.860817 0.337952 0.845202 -0.414031 0.928061 -0.226120 0.295928
0.825909 -67.138302 -173.074223 1513.351139 0.152328 -0.472728 -0.867943 0.353644 0.846118 -0.398774 0.922893 -0.246198 0.296065
12.317648 -46.507009 4355.267811 -1317.301144 -0.200734 0.933726 -0.296414 0.809350 -0.012411 -0.587196 0.551959 0.357773 0.753220
4.233004 -43.568416 3158.272622 -695.295336 -0.174089 0.934762 -0.309698 0.865750 -0.004571 -0.500456 0.469223 0.355245 0.808475
-2.768952 -45.422078 4011.105735 -1324.384774 -0.196353 0.930488 -0.309254 0.808804 -0.024606 -0.587563 0.554329 0.365496 0.747751
-2.086751 -62.870708 116.742344 -1457.670284 -0.270276 0.591835 0.759396 0.940637 0.330519 0.077192 -0.205310 0.735179 -0.646033
-2.906016 -68.044813 -21.641798 -1997.141136 -0.225318 0.605162 0.763551 0.974102 0.155132 0.164499 -0.018902 0.780841 -0.624444
-2.880564 -65.458188 -36.197891 -1518.679784 -0.266461 0.603145 0.751808 0.939562 0.336529 0.063024 -0.214993 0.723163 -0.656364
-2.477279 -50.516564 -357.018811 1849.980429 0.337828 -0.353893 -0.872142 0.867964 -0.241240 0.434098 -0.364020 -0.903639 0.225669
-3.841653 -54.080970 -513.013618 1388.485701 0.354255 -0.353124 -0.865914 0.863781 -0.231230 0.447678 -0.358311 -0.906552 0.223107
-1.856857 -48.024485 -270.655401 412.844677 0.272223 -0.339469 -0.900364 0.934177 -0.131072 0.331865 -0.230670 -0.931440 0.281443
-1.736398 -44.139871 -96.172260 582.621559 0.264497 -0.338532 -0.903015 0.931745 -0.151849 0.329839 -0.248783 -0.928621 0.275262
-2.085276 -47.262338 -103.000815 2048.877157 0.330136 -0.355174 -0.874564 0.866057 -0.254538 0.430297 -0.375440 -0.899479 0.223569
-0.408430 -64.963287 129.787921 1421.161918 -0.458984 0.309953 0.832624 0.082363 0.947979 -0.307492 -0.884619 -0.072557 -0.460635
0.880044 -57.823463 12.415131 763.403953 -0.454173 0.383740 0.804034 0.272204 0.919097 -0.284897 -0.848311 0.089469 -0.521885
0.151650 -63.498053 6.302230 1376.288763 -0.456195 0.359083 0.814215 0.235043 0.931100 -0.278940 -0.858278 0.064124 -0.509163
-7.605579 -186.148055 -3741.370275 3770.734039 0.378321 -0.129835 -0.916524 0.925048 0.089464 0.369165 0.034065 -0.987491 0.153949
-2.210674 -185.186955 -2625.030185 -7801.676480 0.432656 -0.132149 -0.891821 0.896622 0.166449 0.410321 0.094219 -0.977155 0.190503
3.139676 -190.803383 -3757.258127 -3481.607270 0.436031 -0.162449 -0.885148 0.886915 -0.089113 0.453256 -0.152509 -0.982685 0.105222
4.491923 -198.640709 -184.505721 -9614.847195 0.470842 -0.132392 -0.872227 0.849718 -0.197824 0.488718 -0.237250 -0.971256 0.019352
53.175678 -54.820200 4338.154821 640.276802 0.992191 0.124663 0.003927 -0.103747 0.807433 0.580766 -0.069229 0.576638 -0.814061
115.806740 -57.212268 20241.505750 4774.046714 0.994688 0.097897 0.031799 -0.101726 0.887793 0.448861 -0.015711 0.449712 -0.893036
66.882392 -53.437604 7214.557314 386.339129 0.967079 0.202238 0.154458 -0.253969 0.805266 0.535767 0.016027 0.557357 -0.830119
123.266555 -58.489776 43543.222836 5096.817467 0.958380 0.139251 0.249233 -0.234196 0.882727 0.407364 0.163279 0.448779 -0.878600
56.551395 -55.557696 13033.036724 1059.522595 0.907884 0.257191 0.331058 -0.392734 0.798045 0.457039 0.146652 0.544956 -0.825540
-1.416655 -779.894148 -1828.759966 5654.215262 -0.572687 -0.039746 -0.818810 -0.035592 0.999088 -0.023604 0.819001 0.015626 -0.573579
-4.575452 -379.753164 95.281361 32611.195862 -0.581530 -0.085414 -0.809029 -0.431178 0.875664 0.217481 0.689861 0.475307 -0.546053
-3.098802 -689.387978 692.659042 176572.224961 -0.603634 -0.047718 -0.795832 -0.509741 0.790625 0.339229 0.613017 0.610438 -0.501572
9.513101 -45.116719 3787.573296 727.207154 -0.130113 0.990029 0.053969 0.081085 0.064874 -0.994594 0.988178 0.125033 0.088717
14.630586 -44.132121 1562.504894 745.837907 -0.097032 0.990086 0.101557 0.050303 0.106787 -0.993009 0.994009 0.091245 0.060166
17.027858 -47.411012 4024.736009 281.613000 -0.128354 0.989081 0.072419 0.187518 0.095911 -0.977568 0.973839 0.111895 0.197781
11.114609 -42.299462 3009.499536 1730.236144 -0.109763 0.991682 0.067217 -0.053174 0.061670 -0.996679 0.992534 0.112973 -0.045963
12.377982 -47.520180 5624.005878 514.192217 -0.142230 0.989180 0.035960 0.198823 0.064139 -0.977934 0.969660 0.131942 0.205794
3.551239 -42.784365 3764.803324 1183.486735 -0.140195 0.989937 0.019239 -0.041418 0.013551 -0.999050 0.989257 0.140859 -0.039101
-15.799829 -45.593453 -4590.490884 -1853.667353 -0.454769 0.228604 -0.860770 0.385870 0.921646 0.040906 0.802677 -0.313543 -0.507347
-7.986077 -39.028481 -6270.596759 -4790.630619 -0.399829 0.306924 -0.863675 0.506824 0.859147 0.070686 0.763719 -0.409469 -0.499068
-21.519117 -44.557586 -2850.191071 -5139.408693 -0.585306 0.043296 -0.809655 0.312506 0.933469 -0.175996 0.748169 -0.356034 -0.559896
-7.443763 -42.984596 -5434.940532 -1524.183097 -0.360230 0.376484 -0.853519 0.440161 0.875289 0.200316 0.822492 -0.303526 -0.481019
-16.212308 -44.543155 -3770.281247 -90.061252 -0.433900 0.235084 -0.869751 0.301241 0.947654 0.105858 0.849108 -0.216072 -0.482004
256.095168 -495.093639 308219.934970 -237206.151157 -0.099280 0.943690 -0.315584 -0.562467 -0.314844 -0.764528 0.820837 -0.101604 -0.562052
81.341460 -2812.596159 -2880.007944 1470141.481311 -0.574488 -0.197565 -0.794312 0.097683 0.946949 -0.306179 0.812663 -0.253487 -0.524712
-337.731654 -923.949291 -16826.182484 322274.935062 0.352487 0.426381 -0.833038 0.571203 0.607086 0.552426 0.741269 -0.670557 -0.029560
-1130.459237 -1987.478483 -509948.994746 463818.174903 -0.408105 -0.350015 -0.843173 0.623343 0.567951 -0.537471 0.667004 -0.744930 -0.013604
-1394.033757 -7615.705507 -482090.770941 -1117054.736566 -0.361414 -0.413347 -0.835777 0.932191 -0.140948 -0.333398 0.020008 -0.899599 0.436259
-57.434865 -8601.738630 -72984.824592 3685298.269143 -0.247758 -0.278425 -0.927952 0.867678 0.362324 -0.340378 0.430989 -0.889495 0.151814
-18.934159 -151.055113 5373.593875 49434.455501 -0.294408 -0.688575 -0.662713 0.935615 -0.066320 -0.346736 0.194802 -0.722126 0.663767
-22.232212 -55.214456 509.592124 -7131.391074 0.771988 0.542278 0.331616 0.602332 -0.457436 -0.654177 0.203053 -0.704760 0.679767
-34.887291 -43.996743 12633.173574 -1450.381185 0.929656 0.365235 0.048397 0.287517 -0.637069 -0.715176 0.230375 -0.678783 0.697267
-46.702234 -78.292692 -1055.566702 615.507876 0.446631 0.891153 0.079792 -0.671986 0.275229 0.687520 -0.590724 0.360687 -0.721768
-57.541146 -78.657234 746.345920 4147.907843 0.471836 0.855279 0.214167 -0.657409 0.179413 0.731864 -0.587524 0.486115 -0.646921
-12.281880 -75.439028 10642.544905 829.855398 -0.122044 -0.741928 -0.659279 0.953872 -0.271243 0.128667 -0.274286 -0.613165 0.740808
7.005131 -77.769010 13005.530032 1512.738280 -0.102925 -0.750361 -0.652966 0.960123 -0.246496 0.131921 -0.259942 -0.613350 0.745810
11.355124 -2.945442 3881.310114 -610.992443 0.999525 0.007643 0.029872 -0.008232 0.999773 0.019641 -0.029715 -0.019878 0.999361
1.878235 -2.799923 3554.450414 -437.750179 0.962866 -0.269929 0.005161 -0.269763 -0.962685 -0.021589 -0.010796 -0.019396 0.999754
1.113372 -7.028298 2869.516630 3808.366137 0.671316 -0.740725 -0.025737 0.741143 0.670582 0.032035 -0.006470 -0.040581 0.999155
5.408542 -8.424301 5262.478549 -3871.907935 0.719407 -0.693801 -0.033082 -0.694585 -0.718429 -0.037569 -0.002298 -0.050006 0.998746
-29.768541 -73.168457 2139.092922 -12659.442846 0.274683 0.903171 -0.329896 -0.858772 0.076110 -0.506674 0.432505 -0.422480 -0.796524
-25.195377 -62.602962 8015.585244 -6211.078923 0.238215 0.933784 -0.267023 -0.887662 0.097768 -0.449998 0.394094 -0.344223 -0.852174
-40.381418 -77.606961 3053.717597 2304.013966 0.187280 0.885655 -0.424902 0.930670 -0.021580 0.365222 0.314291 -0.463843 -0.828294
-25.143489 -52.180516 4964.152017 -8755.060136 0.304724 0.918458 -0.252147 -0.798864 0.102317 -0.592745 0.518613 -0.382055 -0.764902
-38.747403 -88.650344 797.807111 21768.738257 0.259382 0.881673 -0.394174 0.846083 -0.010645 0.532945 0.465688 -0.471740 -0.748730
-26.640426 -62.338551 -1471.412733 -15333.476347 0.421947 0.871982 -0.248210 -0.738353 0.171633 -0.652210 0.526114 -0.458464 -0.716250
-5.706700 -49.082158 -933.630028 -1330.726590 0.008626 0.998856 0.047044 0.392987 0.039874 -0.918679 0.919504 -0.026413 0.392193
15.852505 -120.821828 2020.365364 -9160.826327 -0.202280 -0.968288 -0.146629 0.968286 -0.175325 -0.177997 0.146644 -0.177984 0.973045
9.382020 -117.150906 4262.809761 -7710.497227 -0.156572 -0.961392 -0.226296 0.986149 -0.164868 0.018113 -0.054722 -0.220325 0.973890
20.441788 -113.067519 1415.707658 -6682.391573 -0.219131 -0.967117 -0.129097 0.975133 -0.221570 0.004670 -0.033121 -0.124864 0.991621
-1.618734 -119.347240 -245.472143 3599.113065 0.049326 0.989556 0.135444 0.613326 0.077019 -0.786066 0.788288 -0.121844 0.603122
0.052406 -123.496189 -211.846753 4952.942688 0.057622 0.988586 0.139204 0.611020 0.075347 -0.788021 0.789515 -0.130463 0.599705
-1.083517 -109.681280 -295.059449 10127.124569 0.061324 0.990166 0.125744 0.385851 0.092670 -0.917895 0.920521 -0.104807 0.376374
-2.410742 -103.721238 -331.828519 8661.713597 0.055969 0.992027 0.112918 0.379272 0.083493 -0.921510 0.923591 -0.094402 0.371575
-5.027027 -22.741223 1124.874200 1560.211636 0.907224 0.137400 0.397575 -0.066174 0.979999 -0.187679 -0.415410 0.143958 0.898171
9.084516 -38.623127 1999.345627 -1274.889802 0.070390 0.980053 0.185851 0.996013 -0.079290 0.040886 0.054807 0.182232 -0.981727
9.818810 -35.177880 2451.768859 -2840.266099 0.121788 0.974122 0.190405 0.991569 -0.110856 -0.067090 -0.044246 0.196970 -0.979411
12.703370 -40.357285 298.336795 -1876.750717 0.075727 0.985495 0.151870 0.996824 -0.078584 0.012893 0.024641 0.150412 -0.988316
12.107845 -39.899937 301.731098 719.873824 0.043567 0.987348 0.152468 0.989696 -0.063489 0.128339 0.136395 0.145306 -0.979940
8.871676 -37.239040 2073.307311 812.001961 0.019359 0.982384 0.185869 0.987470 -0.047908 0.150359 0.156615 0.180630 -0.971002
0.926639 -139.337949 284.117246 7103.194793 -0.441745 -0.535800 -0.719569 -0.505765 0.811196 -0.293537 0.740988 0.234265 -0.629330
7.323509 -139.667322 -1382.199098 10687.829928 -0.444918 -0.534258 -0.718760 -0.521235 0.807112 -0.277281 0.728260 0.251275 -0.637572
2.872881 -134.511597 1156.706682 3078.033643 -0.460982 -0.512219 -0.724657 -0.573136 0.795291 -0.197553 0.677503 0.324259 -0.660186
6.548944 -132.150018 -2071.528685 -6735.472121 -0.448195 -0.538438 -0.713587 -0.251683 0.841967 -0.477228 0.857775 -0.034294 -0.512881
-0.115847 -136.944697 520.082982 -279.637456 -0.453665 -0.542021 -0.707390 -0.391205 0.834330 -0.388398 0.800717 0.100532 -0.590547
-10.235100 -65.308700 -49299.405809 24597.783168 0.736375 0.550831 -0.392856 -0.674198 0.548803 -0.494239 0.056642 -0.628808 -0.775494
53.150955 -66.328526 -75649.908896 10025.939882 0.861546 0.440033 -0.253197 -0.496642 0.627089 -0.600088 0.105282 -0.642752 -0.758805
119.842031 -49.584700 -54496.412135 5079.118022 0.858851 0.496063 -0.127659 -0.474007 0.675231 -0.565138 0.194145 -0.545880 -0.815060
-3.059472 -117.440711 2075.772039 2310.803027 -0.387508 -0.042217 -0.920899 -0.207068 0.977411 0.042326 0.898310 0.207090 -0.387496
-5.469580 -107.121497 1198.924530 5796.592430 -0.378057 -0.013277 -0.925687 -0.103028 0.994289 0.027817 0.920031 0.105888 -0.377266
-2.889779 -127.747079 1386.401409 21654.540940 -0.382010 -0.020087 -0.923940 -0.029037 0.999531 -0.009725 0.923702 0.023114 -0.382414
-4.786970 -214.484348 1407.491527 34820.593533 -0.370250 0.058987 -0.927057 0.516661 0.842456 -0.152741 0.771995 -0.535527 -0.342396
21.550834 -52.379527 407.316867 3613.304174 0.691463 -0.404650 0.598446 -0.149687 0.730169 0.666669 -0.706734 -0.550556 0.444314
9.255885 -57.694661 3373.252789 1687.660050 0.707263 -0.092540 0.700867 -0.317715 0.844029 0.432057 -0.631535 -0.528254 0.567549
16.807778 -67.634271 7238.499909 -5390.990155 0.695619 0.071571 0.714837 0.464729 -0.803623 -0.371775 -0.547851 -0.590820 0.592277
104.124944 -552.955834 -20878.357923 -209024.719298 0.602507 0.349132 0.717699 0.427442 0.618250 -0.659591 0.674002 -0.704183 -0.223266
9.093848 -39.085772 -654.882957 -3615.830771 0.697633 0.434860 0.569389 0.353343 0.482526 -0.801447 0.623263 -0.760306 -0.182971
-0.596516 -28.809967 20581.142591 -11661.295710 0.525026 0.409763 0.745950 0.501542 0.559152 -0.660155 0.687606 -0.720724 -0.088056
-39.015628 -101.316949 -19043.342413 -50686.602524 0.661227 0.647770 -0.378382 -0.352574 -0.176868 -0.918917 0.662171 -0.741020 -0.111437
-769.997442 -1793.641737 -261024.824433 -418525.484241 0.362175 0.289467 -0.886024 0.059346 0.941468 0.331839 0.930219 -0.172766 0.323797
-66.130035 -2966.098757 -62927.850248 1401603.065431 0.280467 0.241006 -0.929115 -0.436286 0.894206 0.100251 0.854981 0.377243 0.355943
-436.589743 -8296.083175 -141888.018061 -5016417.413784 0.291654 0.235541 -0.927070 0.937652 0.121174 0.325770 0.189069 -0.964281 -0.185515
-20.068384 -44.207127 -1688.485915 410.077658 0.428490 0.638030 0.639777 -0.674487 0.697019 -0.243378 -0.601219 -0.327236 0.729008
1655.735460 -91250.311207 1747606.064831 128549392.882988 0.675480 0.301054 -0.673122 0.671795 -0.627604 0.393452 0.304004 0.717969 0.626181
-91.538893 -11625.563792 -16507.927577 -17037844.259979 -0.540394 -0.412482 0.733371 0.610863 0.407067 0.679075 -0.578637 0.814957 0.031994
-65.486117 -8992.566806 34800.996846 -9052093.057334 -0.558942 -0.448414 0.697502 0.291648 0.681110 0.671588 -0.776225 0.578803 -0.249922
-48.289293 -78.758019 -1519.584286 -4205.095466 -0.211107 0.977365 -0.013854 -0.804739 -0.181831 -0.565095 0.554823 0.108147 -0.824910
-58.050637 -77.686952 -411.319442 238.280628 -0.221202 0.967305 0.124058 -0.850392 -0.129049 -0.510078 0.477391 0.218329 -0.851135
67.944550 -28.686893 8518.974582 -1455.421607 0.154637 0.986853 -0.046992 -0.428657 0.024164 -0.903144 0.890135 -0.159803 -0.426758
-14.581922 -43.122387 -3066.484718 -1279.266264 0.884514 -0.376919 0.274895 -0.081722 -0.705331 -0.704152 -0.459301 -0.600367 0.654677
-25.299225 -40.634989 -408.103041 -970.384225 0.883884 -0.459143 0.089089 -0.298606 -0.700588 -0.648082 -0.359977 -0.546227 0.756342
-26.185085 -40.619411 32.986871 -787.710318 0.846097 -0.524976 -0.092303 -0.465424 -0.643221 -0.607986 -0.259807 -0.557375 0.788564
-2.306282 -67.669620 -634.757568 1844.274435 0.269587 -0.333276 -0.903465 0.760130 0.649644 -0.012828 0.591206 -0.683293 0.428469
-2.654913 -76.208109 83.460425 2789.537843 0.305632 -0.292492 -0.906111 0.747254 0.663458 0.037885 0.590086 -0.688674 0.421340
-0.011061 -65.026012 -467.042145 2458.376582 0.219256 -0.367156 -0.903949 0.647498 0.747816 -0.146688 0.729845 -0.553143 0.401696
-4.936247 -76.519948 209.320869 1553.867460 0.356865 -0.260177 -0.897193 0.826601 0.535366 0.173536 0.435176 -0.803549 0.406116
2.104067 -59.391359 -931.911871 1308.316380 0.184603 -0.399947 -0.897755 0.670527 0.719094 -0.182475 0.718550 -0.568284 0.400922
-4.557815 -68.865568 -679.913150 1609.195776 0.318967 -0.305044 -0.897334 0.837884 0.533259 0.116556 0.442957 -0.789039 0.425684
0.476176 -61.336735 -1291.493827 1025.018672 0.225842 -0.375640 -0.898827 0.780198 0.622249 -0.064017 0.583341 -0.686805 0.433604
-1.844374 -127.847105 -178.853197 5785.587540 0.880165 0.452536 0.143252 -0.145377 0.544291 -0.826204 0.451858 -0.706370 -0.544854
-0.921130 -134.525495 -407.209845 7088.390934 0.886757 0.436741 0.151390 -0.134038 0.556401 -0.820032 0.442375 -0.706877 -0.551932
-0.734611 -116.775013 -94.496155 13733.583649 0.875922 0.465038 0.128451 -0.292227 0.723253 -0.625706 0.383880 -0.510533 -0.769410
-2.243687 -135.910349 -329.705620 -4531.830396 0.883880 0.434762 0.172446 0.034773 0.306596 -0.951204 0.466419 -0.846747 -0.255877
-0.876808 -113.834093 101.457434 13404.420497 0.868784 0.480460 0.119888 -0.309988 0.716474 -0.624958 0.386164 -0.505790 -0.771398
-1.943483 -122.146732 -34.293270 4773.889805 0.873817 0.467494 0.133767 -0.157065 0.531712 -0.832234 0.460189 -0.706210 -0.538046
-2.870813 -128.562373 -175.361583 -5655.722028 0.878948 0.448892 0.161080 0.027844 0.288877 -0.956961 0.476105 -0.845604 -0.241409
-5.444749 -57.170220 -547.568040 892.396955 0.383640 -0.340241 -0.858520 0.854475 -0.221834 0.469748 -0.350276 -0.913798 0.205623
-5.836131 -60.845237 -489.696425 1638.976090 0.410880 -0.347807 -0.842738 0.771187 -0.360431 0.524748 -0.486260 -0.865517 0.120130
-2.776754 -52.227804 -435.692861 422.757907 0.303755 -0.342073 -0.889224 0.928701 -0.102068 0.356505 -0.212712 -0.934114 0.286680
-7.510797 -61.950503 -511.215325 1020.108918 0.430553 -0.323772 -0.842494 0.766615 -0.361479 0.530692 -0.476367 -0.874360 0.092573
-4.376741 -56.084049 -629.643409 310.592376 0.348939 -0.335655 -0.874973 0.915057 -0.079484 0.395416 -0.202269 -0.938626 0.279408
-7.320440 -59.131076 -668.432494 120.356532 0.415397 -0.323035 -0.850349 0.841509 -0.218503 0.494084 -0.345411 -0.920817 0.181071
-0.361219 -82.299202 -269.236052 3257.288051 -0.459053 0.309189 0.832870 0.150256 0.951000 -0.270226 -0.875610 0.001096 -0.483017
-1.093610 -82.299428 -159.938430 2821.435338 -0.454995 0.237999 0.858100 -0.030798 0.958841 -0.282270 -0.889961 -0.154859 -0.428938
-0.461385 -71.396419 -41.588355 2168.219107 -0.458163 0.333917 0.823763 0.193862 0.941983 -0.274016 -0.867470 0.034152 -0.496316
-23.197206 -156.907663 -3569.944340 3719.045034 0.258243 -0.093420 -0.961553 0.948769 0.212098 0.234203 0.182064 -0.972773 0.143407
-11.679684 -162.587149 -3340.791414 11517.782645 0.284459 -0.100504 -0.953406 0.958095 -0.005182 0.286404 -0.033726 -0.994923 0.094818
-21.405287 -184.248375 -2774.768291 16575.522824 0.098884 -0.080687 -0.991822 0.995086 0.013158 0.098139 0.005132 -0.996653 0.081592
76.051015 -58.590846 2407.787269 6862.473812 0.987729 0.051940 -0.147288 0.031705 0.856756 0.514746 -0.152926 0.513100 -0.844596
156.218399 -64.824630 6182.540535 8891.124165 0.978718 0.130903 -0.158038 -0.067232 0.932160 0.355748 -0.193885 0.337552 -0.921123
263.612280 -70.529742 89616.643265 7986.203206 0.975352 0.083173 0.204381 -0.136181 0.955695 0.260963 0.173621 0.282363 -0.943465
-13.384436 -337.230706 1631.628576 -22607.539001 0.616482 0.084489 0.782823 0.679858 -0.558632 -0.475103 0.397169 0.825101 -0.401827
16.797838 -47.607327 -1600.664907 460.198819 -0.054550 0.991507 0.118057 0.166186 0.125599 -0.978063 0.984584 0.033734 0.171626
11.658293 -44.502509 -2906.139767 840.204798 -0.020535 0.989286 0.144541 0.034752 0.145191 -0.988793 0.999185 0.015281 0.037361
12.583867 -40.993505 597.035087 2024.665941 -0.090677 0.991144 0.097014 -0.085825 0.089276 -0.992302 0.992175 0.098305 -0.076969
31.943495 -33.939930 -4280.842995 -2214.177861 0.118319 0.990781 0.065986 0.863654 -0.135475 0.485540 -0.490003 0.000459 0.871721
23.648214 -32.807097 -4225.573080 -5997.855787 0.068609 0.991729 0.108475 0.849297 -0.115109 0.515213 -0.523438 -0.056779 0.850170
34.681261 -21.213205 -4166.110232 -7439.140821 0.184357 0.978752 0.089758 0.801224 -0.202552 0.563039 -0.569256 0.031884 0.821542
22.077050 -40.916107 -3743.649947 -2294.021554 0.021440 0.996292 0.083317 0.901187 -0.055343 0.429883 -0.432900 -0.065867 0.899032
38.523565 -22.897518 -2420.026990 -4136.541722 0.237401 0.971114 0.024041 0.820595 -0.213726 0.530042 -0.519869 0.106105 0.847631
35.162806 -31.788927 -2206.999959 -739.873779 0.178146 0.983997 0.003823 0.873209 -0.159877 0.460376 -0.453619 0.078676 0.887716
28.793990 -38.874482 -4149.939646 -1124.467226 0.070117 0.996489 0.045751 0.908251 -0.082740 0.410165 -0.412510 -0.012793 0.910863
-1.973370 -54.335168 815.700335 -860.408773 0.084282 -0.395032 -0.914793 0.075883 0.917938 -0.389399 0.993548 -0.036598 0.107342
-2.779651 -52.860760 -211.125691 -258.516924 0.118501 -0.341529 -0.932371 0.060879 0.939720 -0.336483 0.991086 -0.016888 0.132150
0.344734 -52.661217 579.642026 -74.626117 0.087371 -0.351175 -0.932224 0.260280 0.911344 -0.318915 0.961572 -0.214775 0.171029
-14.212709 -31.962772 -2695.252931 -10014.645057 -0.594935 0.028941 -0.803253 0.378278 0.891841 -0.248041 0.709195 -0.451421 -0.541536
0.089443 -20.828683 -6307.048679 -9207.685871 -0.326261 0.423020 -0.845345 0.606951 0.779332 0.155733 0.724682 -0.462273 -0.511018
0.664197 -39.966039 -4730.683441 -2462.948873 -0.335838 0.448263 -0.828416 0.529435 0.817252 0.227591 0.779046 -0.362159 -0.511790
-185.798786 -2415.443726 118912.119421 -1958892.252498 0.392629 0.891757 0.224974 -0.835897 0.448030 -0.317088 0.383560 0.063557 -0.921326
20.312705 -179.101750 -17323.449629 -81535.924786 0.667593 0.637297 0.384931 0.092938 0.441639 -0.892366 0.738703 -0.631513 -0.235606
-13.817390 -203.481772 -5800.737213 66980.827155 -0.331678 -0.230634 -0.914767 0.224001 0.922673 -0.313845 0.916414 -0.309004 -0.254368
7.960542 -90.356667 -1005.914165 -6478.131970 0.779342 0.514808 0.357211 0.493114 -0.152161 -0.856554 0.386607 -0.843694 0.372445
-3.746096 -84.859923 -1971.069253 -7087.341526 0.783987 0.500190 0.367660 0.552406 -0.291916 -0.780790 0.283218 -0.815227 0.505166
3.630185 -90.143142 -2861.452746 -2740.762911 0.711789 0.536596 0.453235 0.645061 -0.244047 -0.724111 0.277944 -0.807779 0.519847
1.272685 -96.593331 230.346224 -1937.387259 0.804263 0.501722 0.318491 0.435721 -0.133404 -0.890141 0.404115 -0.854680 0.325903
7.214773 -113.321439 1893.534342 -7108.372134 0.751734 0.542089 0.375546 0.417806 0.049104 -0.907208 0.510229 -0.838885 0.189575
-3.264296 -61.702382 7425.159327 -116.819164 -0.116470 0.121748 0.985704 0.905381 -0.394997 0.155767 0.408314 0.910579 -0.064223
3.651407 -59.947921 4014.090070 1197.496972 -0.129487 0.170483 0.976816 0.796457 -0.568931 0.204874 0.590668 0.804521 -0.062113
-6.908229 -59.920974 2818.687778 1691.211344 -0.137254 0.182120 0.973650 0.762518 -0.607973 0.221212 0.632240 0.772788 -0.055423
-22.664524 -80.141604 -7580.293155 1257.360193 0.352719 0.935528 -0.019423 -0.645989 0.258468 0.718256 -0.676969 0.240796 -0.695507
50.823874 -95.867999 -1131.752808 -2912.872871 0.134011 0.990925 0.010466 0.896669 -0.125747 0.424467 -0.421931 0.047499 0.905383
51.810925 -88.840662 -1784.791487 -4886.820906 0.169917 0.985404 0.010335 0.787539 -0.142088 0.599661 -0.592377 0.093753 0.800188
52.027481 -87.825847 -4540.303336 -1295.786785 0.167434 0.984985 -0.042079 0.889007 -0.132394 0.438337 -0.426184 0.110801 0.897825
51.536330 -97.563146 1448.428286 -5740.741775 0.118975 0.988734 0.090828 0.851946 -0.148639 0.502090 -0.509934 -0.017644 0.860032
50.706868 -97.971190 -2904.095046 -2891.477955 0.102339 0.993258 -0.054451 0.962055 -0.084908 0.259310 -0.252939 0.078922 0.964258
52.772261 -111.950532 1692.716678 -5042.110989 0.081539 0.996618 0.010234 0.965610 -0.081537 0.246880 -0.246880 0.010249 0.968992
19.706472 -3.529623 3171.499776 -945.701423 0.996523 -0.040232 0.072963 0.038073 0.998802 0.030753 -0.074113 -0.027869 0.996860
24.325412 1.145152 2022.305228 -1546.693565 0.982754 -0.139864 0.120964 0.135227 0.989757 0.045763 -0.126125 -0.028616 0.991601
-6.547045 -45.494973 -743.168973 -1797.372775 0.009170 0.999450 0.031868 0.518940 0.022485 -0.854515 0.854761 -0.024373 0.518448
-3.525284 -47.800649 -806.740213 -1095.026837 0.011565 0.997865 0.064277 0.424908 0.053285 -0.903667 0.905163 -0.037762 0.423384
-8.228655 -42.711055 -338.618197 -1933.936913 0.006320 0.999905 -0.012248 0.603175 -0.013581 -0.797494 0.797584 0.002348 0.603203
-4.620960 -44.552583 -666.078096 -1104.866988 0.002610 0.997704 0.067680 0.543242 0.055408 -0.837746 0.839572 -0.038953 0.541850
-7.843333 -41.575708 -516.720820 -995.932916 0.001342 0.999593 0.028513 0.620201 0.021535 -0.784147 0.784442 -0.018736 0.619919
9.974259 -72.808665 3743.543989 5748.019519 0.267147 0.959030 -0.094307 0.766656 -0.152222 0.623753 -0.583842 0.238935 0.775912
14.058120 -66.165494 4606.283718 923.613170 0.317035 0.946216 -0.064528 0.819886 -0.239236 0.520147 -0.476734 0.217811 0.851635
22.364096 -60.910869 5508.210216 6694.823338 0.313723 0.948711 -0.039056 0.764612 -0.228029 0.602803 -0.562980 0.218976 0.796933
0.783299 -74.839649 2233.827490 1860.699521 0.246753 0.965099 -0.087734 0.836644 -0.166471 0.521837 -0.489020 0.202167 0.848521
17.980496 -75.178454 4215.826271 12044.728294 0.252547 0.964867 -0.072472 0.706577 -0.132734 0.695076 -0.661036 0.226746 0.715274
-1.731738 -80.237164 1921.454363 2056.780975 0.218873 0.970526 -0.100870 0.748384 -0.100638 0.655587 -0.626112 0.218980 0.748352
