10331
20649
-49.179268 -72.134146 -745.961774 5476.048798 0.136373 0.986896 -0.086245 0.820120 -0.161303 -0.548986 0.555703 -0.004136 0.831370
-39.229453 -68.159837 -2840.831882 8948.723055 -0.004734 0.988142 0.153467 0.733577 0.107728 -0.671014 0.679590 -0.109404 0.725389
-42.704749 -59.929207 -663.376007 6379.341788 0.253982 0.944459 -0.208544 0.684718 -0.327857 -0.650900 0.683121 -0.022523 0.729958
-36.435298 -46.391001 -1393.643486 3411.692233 0.350414 0.887852 -0.298209 0.556988 -0.453520 -0.695761 0.752977 -0.077706 0.653443
-47.225241 -67.086113 -386.120499 6254.623824 0.317364 0.871400 -0.374088 0.713707 -0.479233 -0.510840 0.624422 0.104867 0.774016
-40.445575 -56.810767 296.988307 -4487.744589 0.462993 0.696297 -0.548460 -0.515782 0.714870 0.472155 0.720837 0.064281 0.690117
-45.553202 -65.081570 254.143176 640.281113 -0.053961 -0.253695 -0.965778 -0.434900 0.876606 -0.205971 0.898860 0.408903 -0.157635
-45.882436 -64.213056 -550.151485 -2333.520176 0.003638 -0.201888 -0.979402 -0.269083 0.943087 -0.195402 0.963110 0.264251 -0.050894
-45.542666 -65.052800 792.999790 -2316.023030 -0.126995 -0.240289 -0.962358 -0.279130 0.939663 -0.197788 0.951819 0.243505 -0.186405
-46.652055 -66.876787 230.738479 2047.980960 -0.173757 -0.305028 -0.936358 -0.490452 0.851319 -0.186314 0.853970 0.426866 -0.297524
30.332803 -41.938865 -10283.662167 -363.326396 -0.057201 0.841438 0.537318 0.588703 0.463102 -0.662545 0.806323 -0.278422 0.521847
10.908968 -41.502499 -5812.579810 -563.477901 0.019355 0.877869 0.478509 0.574867 0.381804 -0.723708 0.818018 -0.289087 0.497268
11.075638 -38.376147 -8892.048165 -530.976762 -0.023780 0.837622 0.545733 0.665316 0.420707 -0.616734 0.746183 -0.348419 0.567288
10.440705 -48.513641 -6912.950408 -441.824461 0.618386 -0.731450 0.287367 0.757835 0.458221 -0.464456 0.208048 0.504990 0.837676
22.687619 -47.171691 -7239.214793 -837.071826 0.617172 -0.740953 0.264742 0.778265 0.525356 -0.343956 0.115772 0.418319 0.900892
2.484175 -46.901283 -7145.630109 -681.406723 0.595236 -0.742735 0.306657 0.799689 0.510170 -0.316582 0.078690 0.433672 0.897629
-4.435673 -47.784873 -6694.545449 -585.182430 0.579494 -0.753675 0.310099 0.796018 0.441844 -0.413676 0.174762 0.486567 0.855985
-10.417348 -48.775757 -5613.391677 -227.918056 0.576483 -0.762093 0.294759 0.769965 0.385887 -0.508178 0.273535 0.519910 0.809242
4.086272 -49.396264 -6645.288320 -173.158105 0.624549 -0.725574 0.288930 0.708863 0.371374 -0.599662 0.327799 0.579330 0.746274
80.282790 -39.861528 15231.701428 -2134.577377 -0.152245 0.828326 0.539164 0.790363 -0.225506 0.569625 -0.593420 -0.512857 0.620346
71.489234 -36.124421 10310.176096 -2659.006677 0.320898 -0.594855 -0.737002 0.777135 -0.279421 0.563901 -0.541373 -0.753705 0.372618
63.886924 -31.249459 11012.261308 -3375.973395 -0.141584 0.804316 0.577088 0.719275 -0.316948 0.618214 -0.680146 -0.502614 0.533649
54.056985 -36.726989 19497.129865 -2861.400750 -0.026783 0.913140 0.406766 0.727297 -0.261360 0.634610 -0.685800 -0.312837 0.657124
64.730042 -25.399265 17482.042931 -2534.782413 -0.064110 0.891198 0.449061 0.667827 -0.296062 0.682901 -0.741550 -0.343676 0.576186
54.639266 -19.389538 5587.871086 -2533.839284 -0.202093 0.770580 0.604454 0.673544 -0.338699 0.656979 -0.710983 -0.539897 0.450571
-1.720202 -80.293255 1053.046826 7617.271860 0.264281 0.955028 -0.134448 -0.633273 0.276979 0.722667 -0.727407 0.105845 -0.677994
-5.088430 -61.464830 -79.327204 6781.632238 0.186175 0.978290 -0.091034 -0.475799 0.170835 0.862804 -0.859624 0.117319 -0.497275
-3.087583 -62.462009 1177.175254 4985.987244 0.263099 0.953004 -0.150205 -0.558480 0.277396 0.781762 -0.786689 0.121795 -0.605217
0.151864 -79.421340 -479.923634 8480.616729 0.192283 0.978234 -0.078009 -0.571175 0.176201 0.801694 -0.797989 0.109595 -0.592623
-15.786530 -85.683152 -94.918918 -227.151062 0.225954 0.960383 0.163124 -0.945530 0.256505 -0.200443 0.234344 0.108948 -0.966030
-13.639227 -86.617088 -282.625180 921.478237 0.243712 0.959479 0.141439 -0.892937 0.278902 -0.353380 0.378508 0.040173 -0.924726
-13.091809 -87.126458 -292.385174 -6.712264 0.240854 0.963445 0.117315 -0.951969 0.258053 -0.164813 0.189062 0.071984 -0.979323
-14.896533 -91.500410 238.558690 1714.693076 0.210639 0.962800 0.169257 0.977453 -0.210045 -0.021613 0.014742 0.169993 -0.985335
15.615245 -109.916047 -1271.844955 -7750.948152 0.238192 -0.666930 -0.706024 0.725999 -0.360604 0.585568 -0.645128 -0.652050 0.398297
23.217893 -97.425374 4006.036872 -2314.825560 0.301467 -0.705557 -0.641332 0.755390 -0.233700 0.612185 -0.581810 -0.669009 0.462518
30.155999 -103.493239 2978.985442 5072.586609 0.321937 -0.687371 -0.651059 0.875365 -0.045870 0.481282 -0.360683 -0.724857 0.586933
-7.190776 -42.830500 158.256957 1331.742369 0.457338 0.798120 -0.392233 -0.802285 0.560566 0.205193 -0.383641 -0.220840 -0.896688
-1.364893 -41.169898 2777.361042 1115.797132 0.460923 0.823343 -0.331143 -0.809298 0.543082 0.223828 -0.364125 -0.164826 -0.916649
-7.238170 -42.536465 1903.365983 2412.289124 0.490370 0.798543 -0.349094 -0.807574 0.566944 0.162476 -0.327661 -0.202246 -0.922895
97.468083 -37.642883 -21625.526995 -321.291238 -0.133628 0.990471 0.033333 0.819772 0.091574 0.565322 -0.556882 -0.102868 0.824197
90.204315 -37.525425 15987.012889 -2468.642055 0.158016 0.922304 -0.352683 0.796992 0.091736 0.596983 -0.582954 0.375419 0.720573
60.229600 -38.434748 5455.419829 -3570.646193 0.067520 0.962188 -0.263885 0.858228 0.078870 0.507172 -0.508808 0.260718 0.820452
86.514501 -41.059006 -23715.149912 -1494.913517 -0.300478 -0.847553 0.437456 0.815381 0.009692 0.578844 -0.494840 0.530623 0.688166
43.435144 -38.046957 -10750.168347 -273.090482 -0.266079 -0.901128 0.342301 0.885091 -0.087719 0.457077 -0.381859 0.424586 0.820920
43.331256 -44.796004 8723.378206 -4410.408151 0.080753 0.952307 -0.294264 0.921022 0.041572 0.387287 -0.381049 0.302298 0.873738
-8.990173 -147.438420 -968.722953 -4433.464490 -0.335061 0.711918 -0.617177 0.391339 0.701019 0.596175 -0.857081 0.041771 0.513485
-8.307764 -130.544308 -1256.570011 -8263.914560 -0.314884 0.719780 -0.618680 0.177008 0.684937 0.706774 -0.932479 -0.113041 0.343082
-6.901501 -138.357104 -823.397262 -2930.022228 -0.317543 0.716938 -0.620618 0.104307 0.676930 0.728619 -0.942490 -0.166633 0.289736
-7.556666 -134.658923 -317.428838 -6926.659917 -0.306771 0.707783 -0.636345 0.238991 0.704444 0.668313 -0.921290 -0.052938 0.385257
-3.419898 -141.465474 -1251.539023 1794.437308 -0.333035 0.724926 -0.602967 0.245567 0.684087 0.686820 -0.910376 -0.080667 0.405843
-4.616624 -134.203920 -1190.067086 296.380836 -0.350713 0.717188 -0.602197 0.488894 0.688675 0.535452 -0.798738 0.106620 0.592157
-7.189877 -142.687627 248.839091 -1328.015052 -0.334245 0.699113 -0.632077 0.640516 0.660472 0.391812 -0.691390 0.273895 0.668552
-7.915600 -143.020429 -17.853242 -1513.483181 -0.308391 0.704737 -0.638938 0.516801 0.688029 0.509444 -0.798632 0.173096 0.576390
-9.076708 -150.171512 -1573.781863 -1356.544550 -0.345308 0.705506 -0.618889 0.632911 0.661983 0.401499 -0.692954 0.253061 0.675111
-3.734594 -34.107186 -1470.452990 -835.441899 0.053762 0.184568 -0.981348 -0.320787 0.933869 0.158064 0.945624 0.306306 0.109414
-9.021842 -39.646561 -1978.892487 -2064.977463 -0.007755 0.320636 -0.947171 -0.432515 0.852939 0.292278 0.901593 0.411932 0.132066
0.640906 -41.365967 -3241.884865 -1351.708144 -0.003723 0.400833 -0.916144 -0.412299 0.834041 0.366587 0.911041 0.379090 0.162159
3.971706 -37.842317 -2210.311471 -401.579239 0.016947 0.292121 -0.956231 -0.304109 0.912565 0.273392 0.952486 0.286166 0.104302
4.121792 -32.022636 -706.828741 -348.090737 0.074118 0.084703 -0.993646 -0.209223 0.975532 0.067553 0.975055 0.202887 0.090026
-1.316159 -29.811460 87.292093 -506.806545 0.118902 -0.076997 -0.989916 -0.215916 0.971125 -0.101470 0.969145 0.225803 0.098844
6.934696 -99.716468 8455.199157 7568.609620 0.652390 -0.420362 0.630622 0.632233 -0.156994 -0.758706 -0.417935 -0.893672 -0.163345
-53.592281 -683.550852 61909.079451 167252.882880 0.686167 0.057687 -0.725153 -0.599043 0.610353 -0.518283 -0.412701 -0.790027 -0.453361
-24.886625 -129.537482 5141.754589 -28018.878690 0.355059 0.098656 -0.929624 0.853108 -0.440837 0.279052 -0.382282 -0.892149 -0.240687
-115.196380 -5961.281233 13807.657249 -2105209.670862 0.101939 0.438017 -0.893168 0.947973 0.229424 0.220706 0.301587 -0.869198 -0.391841
-10.103318 -457.318991 2787.751648 -86429.771666 -0.233148 0.706675 -0.668022 0.972426 0.165525 -0.164286 -0.005522 -0.687904 -0.725780
36.448582 -36.380615 -26996.776415 10737.195779 -0.641141 0.378713 -0.667469 0.736756 0.060334 -0.673462 -0.214778 -0.923545 -0.317702
16.485056 -257.092101 -84831.842299 51893.964917 0.744576 0.632903 -0.212229 -0.415935 0.688532 0.594072 0.522116 -0.354058 0.775911
12.930453 -2946.516627 10286.060153 -415045.714075 -0.524040 0.803019 -0.283800 0.149114 0.414577 0.897714 -0.838539 -0.428119 0.336997
-73.067783 -473.682315 -1101.647902 117948.622291 0.931590 -0.275536 -0.237108 -0.266967 -0.075890 -0.960713 -0.246717 -0.958290 0.144258
874.702449 -28023.909448 387947.468661 8996169.659421 0.366724 -0.195156 -0.909630 0.901135 -0.168506 0.399452 -0.231234 -0.966188 0.114066
-190.706432 -341.699603 -2198.244195 67047.617144 0.980263 -0.184624 -0.070693 -0.089723 -0.096833 -0.991248 -0.176163 -0.978027 0.111487
32.950112 -60.988929 2897.017740 5253.639407 -0.220784 0.944186 -0.244474 0.258127 0.298288 0.918909 -0.940545 -0.139775 0.309577
26.242219 -57.518014 2888.639241 4555.538646 -0.121410 0.976583 -0.177612 0.258057 0.203838 0.944382 -0.958471 -0.068823 0.276762
21.178187 -45.109490 1588.987534 3504.796137 -0.178801 0.953478 -0.242714 0.369578 0.293712 0.881559 -0.911835 -0.067921 0.404901
27.538500 -49.389098 2776.159244 4456.513701 -0.268295 0.906239 -0.326724 0.347679 0.407391 0.844483 -0.898408 -0.112976 0.424381
17.971551 -34.431089 1870.299866 3802.003606 -0.219178 0.925059 -0.310205 0.435079 0.377240 0.817555 -0.873308 -0.044226 0.485156
10.008803 -28.953378 998.863083 3359.566700 -0.106256 0.972288 -0.208243 0.485506 0.233498 0.842474 -0.867752 0.011586 0.496862
19.723283 -48.748249 -1658.606212 -1090.224754 -0.463636 0.785334 0.410234 0.878448 0.347008 0.328503 0.115630 0.512675 -0.850761
22.765859 -47.956049 -95.466861 -1202.457793 -0.455996 0.753650 0.473369 0.889972 0.383682 0.246450 0.004114 0.533666 -0.845685
23.567586 -48.517176 -4184.790137 45.040033 -0.469494 0.799210 0.375284 0.882778 0.416864 0.216630 0.016691 0.432998 -0.901240
19.252474 -46.352897 2380.845346 -800.064456 -0.465057 0.715507 0.521318 0.882628 0.329195 0.335556 0.068478 0.616183 -0.784621
-8.600823 -54.116040 -693.853325 -13.804357 -0.523533 0.835472 0.167031 0.719330 0.328370 0.612158 -0.456593 -0.440635 0.772893
-5.506983 -51.525956 1128.297521 174.484913 0.534561 -0.822610 -0.193797 0.700324 0.302808 0.646416 -0.473065 -0.481270 0.737963
-6.593701 -54.143245 1036.536921 492.763179 0.545235 -0.819218 -0.177766 0.745167 0.376511 0.550423 -0.383985 -0.432575 0.815741
-8.743029 -55.855527 898.692519 629.927218 0.533844 -0.830533 -0.158826 0.753593 0.382102 0.534879 -0.383547 -0.405232 0.829867
-11.345774 -57.606226 -1045.666248 -738.986394 -0.534702 0.834885 0.130616 0.733974 0.382243 0.561403 -0.418780 -0.396052 0.817170
-9.724355 -54.649557 105.627629 -1204.263821 -0.498598 0.854124 0.147891 0.680023 0.279608 0.677782 -0.537559 -0.438510 0.720236
10.486978 -77.066698 -988.529344 -8873.466570 -0.508830 0.851777 0.124773 -0.116490 0.075480 -0.990320 0.852949 0.518439 -0.060817
14.235596 -79.838099 -2532.795277 -7267.067097 -0.515104 0.838612 0.177195 -0.065575 0.167569 -0.983677 0.854616 0.518315 0.031324
14.903092 -89.816587 -1517.770017 -7293.880229 -0.531113 0.838361 0.122754 -0.264545 -0.026441 -0.964011 0.804944 0.544473 -0.235828
8.915019 -65.841411 -2324.086946 -1464.788665 -0.484859 0.853274 0.191923 -0.042468 0.196214 -0.979641 0.873561 0.483138 0.058900
13.697395 -85.018109 194.568362 -6241.112660 -0.522487 0.849056 0.078171 -0.315848 -0.107573 -0.942692 0.791989 0.517235 -0.324378
11.748420 -77.759460 1433.585587 -11969.771226 -0.521440 0.849507 0.080240 -0.185592 -0.021126 -0.982400 0.832860 0.527154 -0.168677
2.596704 -65.754261 -249.637262 539.271562 -0.481480 0.870259 0.104054 -0.039474 0.097069 -0.994495 0.875568 0.482937 0.012384
-7.240575 -96.635527 -251.406934 1613.175256 -0.494406 0.866292 -0.071418 0.869151 0.493805 -0.027081 0.011807 -0.075462 -0.997079
-8.495749 -93.352662 -60.457404 1646.527061 -0.510244 0.858718 -0.047474 0.852203 0.497400 -0.162308 -0.115764 -0.123274 -0.985597
-10.630854 -90.579973 150.072286 126.113482 -0.498384 0.865713 -0.046415 -0.864678 -0.500240 -0.045739 0.062815 -0.017339 -0.997875
-6.663704 -100.962698 -901.762375 3053.838965 -0.520461 0.850280 -0.078384 0.828911 0.481067 -0.285450 -0.205004 -0.213539 -0.955183
-6.917974 -97.225229 -1118.594799 -715.660316 -0.450848 0.885390 -0.113226 -0.876028 -0.463233 -0.134127 0.171205 -0.038719 -0.984474
-5.800354 -97.057907 -1700.761286 1690.434592 -0.481879 0.867508 -0.123380 0.875893 0.472944 -0.095575 -0.024560 -0.154124 -0.987746
-6.419622 -103.839991 -267.991682 -7431.008284 -0.557214 0.826778 0.077148 -0.728578 -0.531364 0.432235 -0.398356 -0.184639 -0.898455
-3.711175 -96.891507 1258.473022 -7043.950814 -0.543949 0.830316 0.121224 -0.774525 -0.552393 0.308177 -0.322848 -0.073742 -0.943574
-6.983733 -93.607500 578.557529 -3915.846292 -0.543843 0.832163 0.108352 -0.800392 -0.553163 0.231047 -0.252205 -0.038929 -0.966890
-3.411526 -53.734436 -3489.490278 305.119395 -0.410156 0.894966 0.175523 -0.857505 -0.443970 0.259952 -0.310575 0.043891 -0.949535
4.112047 -53.736590 -3720.089741 -96.465642 -0.422385 0.886708 0.187989 -0.864147 -0.456528 0.211734 -0.273569 0.073017 -0.959077
0.419193 -53.312446 -3017.897636 671.505185 -0.422118 0.886646 0.188878 -0.800788 -0.462351 0.380749 -0.424917 -0.009470 -0.905183
2.322211 -52.423461 -4020.953145 -785.576100 -0.420131 0.891031 0.171911 -0.896435 -0.436955 0.073991 -0.141046 0.123022 -0.982330
-5.616719 -52.694979 -2800.857372 1040.371147 -0.405439 0.895152 0.185265 -0.781916 -0.444590 0.436975 -0.473526 -0.032305 -0.880187
-6.193088 -52.726217 -63.105912 845.333982 -0.388995 0.894033 0.222234 -0.816180 -0.446332 0.366931 -0.427238 0.038649 -0.903313
-5.523118 -52.464708 -2230.631248 -489.893467 -0.385220 0.901381 0.197784 -0.903995 -0.411666 0.115433 -0.185470 0.134329 -0.973425
-9.681714 -53.245934 -1228.627250 -22.911601 -0.371072 0.903443 0.214700 -0.877534 -0.416782 0.237122 -0.303709 0.100418 -0.947458
14.021035 -508.066075 4982.351549 141520.227157 0.973111 -0.211800 0.090533 -0.222369 -0.761344 0.609022 0.060065 0.612778 0.787969
12.395802 -453.572634 1018.647274 112309.345992 0.963436 -0.216935 0.157257 -0.239245 -0.432260 0.869433 0.120634 0.875266 0.468356
-4.890125 -462.838306 7232.114556 112417.400715 0.945807 -0.276383 0.170474 -0.281688 -0.437117 0.854155 0.161557 0.855886 0.491282
2.749627 -382.695995 887.533062 -43576.783231 0.969667 -0.164957 0.180373 -0.148183 0.190144 0.970509 0.194389 0.967799 -0.159932
-1.903588 -343.145744 7526.217989 89036.683679 0.949652 -0.273769 0.152351 -0.312169 -0.785431 0.534461 0.026657 0.555112 0.831348
-13.358377 -341.580199 6184.823830 -32512.053272 0.946610 -0.267985 0.179200 -0.145313 0.141504 0.979214 0.287773 0.952975 -0.095008
249.907297 -3242.096489 65956.516195 1185677.142183 0.866723 -0.391861 0.308603 -0.495466 -0.605076 0.623215 0.057486 0.693057 0.718587
-16.185999 -294.138028 6160.283941 20910.208414 0.953146 -0.241154 0.182641 -0.245971 -0.266350 0.931963 0.176100 0.933222 0.313187
-17.306513 -38.076088 -344.304592 -94.804349 0.715462 -0.661928 -0.223529 0.648329 0.509802 0.565483 0.260354 0.549502 -0.793891
-18.807652 -38.535278 -246.905986 367.835095 -0.666363 0.695084 0.269849 0.722915 0.513627 0.462148 0.182630 0.503036 -0.844749
-18.005462 -38.840051 -661.661974 169.960000 -0.661803 0.685650 0.303152 0.706130 0.434306 0.559248 0.251788 0.584177 -0.771583
-15.589303 -38.077184 -113.581293 -117.023943 0.707055 -0.660373 -0.252944 0.627756 0.421461 0.654441 0.325569 0.621513 -0.712549
-16.242832 -38.092644 -747.005271 -241.174381 0.742686 -0.646307 -0.175226 0.582416 0.494305 0.645333 0.330468 0.581334 -0.743533
1.754315 -133.311442 -1880.296478 7853.814280 0.978428 0.025948 0.204952 0.078653 -0.964153 -0.253420 -0.191030 -0.264074 0.945396
2.841343 -155.520655 131.535756 -6301.164975 0.980018 0.066405 0.187496 -0.092063 0.987014 0.131636 -0.176320 -0.146268 0.973405
4.333585 -147.546115 -1502.662567 -2878.663493 0.977226 0.043115 0.207777 -0.040362 0.999032 -0.017474 -0.208329 0.008690 0.978020
-9.317677 -22.843217 -1609.014557 660.340207 -0.375310 0.358003 0.854972 -0.207090 0.866696 -0.453819 -0.903469 -0.347379 -0.251141
-12.775966 -21.420658 -263.205174 1531.002882 -0.337772 0.511450 0.790145 -0.098021 0.815804 -0.569961 -0.936110 -0.269968 -0.225423
-9.717818 -19.227311 414.456257 1070.519452 -0.347130 0.523447 0.778142 -0.045275 0.819416 -0.571409 -0.936724 -0.233584 -0.260744
-8.679391 -20.479043 -190.781151 1214.458443 -0.369383 0.402247 0.837707 -0.079314 0.884525 -0.459701 -0.925886 -0.236248 -0.294824
-8.599635 -21.960771 -664.918482 1114.122718 -0.362031 0.307714 0.879912 -0.172928 0.905388 -0.387773 -0.915985 -0.292547 -0.274567
-16.774608 -37.232213 1294.444104 1484.078141 -0.007539 0.931994 0.362395 -0.830699 0.195909 -0.521113 0.556671 0.304970 -0.772729
-18.266394 -40.615706 1239.591121 1096.479997 0.031195 0.905034 0.424194 -0.735610 0.308114 -0.603278 0.676687 0.293222 -0.675363
-20.117235 -41.695912 1292.874036 1870.326642 0.120430 0.899204 0.420630 -0.766494 0.353490 -0.536221 0.630860 0.257833 -0.731804
-15.341448 -36.571450 605.655963 925.086297 -0.104140 0.929841 0.352918 -0.793197 0.136421 -0.593488 0.599995 0.341739 -0.723340
-13.399998 -33.453263 1607.616863 1223.115274 -0.101149 0.945999 0.307985 -0.885873 0.055244 -0.460626 0.452766 0.319427 -0.832448
-13.270356 -34.197980 1062.009384 1338.742500 -0.131230 0.938273 0.320034 -0.848379 0.060720 -0.525896 0.512866 0.340523 -0.788043
-1027.418482 -3700.047596 -435384.749290 -705793.273949 -0.608745 0.036743 0.792515 -0.295754 0.916413 -0.269661 -0.736179 -0.398544 -0.546995
-239.658337 -1175.941951 5645.421821 -49658.824699 0.341383 0.924647 -0.168776 -0.201151 0.247274 0.947836 -0.918148 0.289626 -0.270409
364.678348 -8990.986738 -62758.436596 6235838.846399 -0.921013 -0.341091 0.188128 -0.332841 0.940009 0.074833 -0.202367 0.006305 -0.979290
-54.814909 -559.638748 37304.272291 -86628.570278 0.770299 0.357142 -0.528289 -0.632939 0.327338 -0.701597 0.077641 -0.874814 -0.478197
-42.374985 -56.726460 -91.253536 -161.692856 0.365560 -0.903205 -0.224915 0.904815 0.288144 0.313500 -0.218346 -0.318110 0.922568
-32.817094 -126.508868 -207.061161 30451.884224 0.329332 0.839008 0.433135 0.856928 -0.458217 0.236034 -0.396505 -0.293432 0.869875
-43.523568 -79.697683 -1297.152337 -12736.313742 0.931192 0.089110 0.353470 0.207392 -0.926942 -0.312678 -0.299783 -0.364471 0.881641
-23.311989 -81.913869 -1834.153308 12228.475244 0.013192 -0.969133 -0.246185 0.972908 -0.044393 0.226893 -0.230818 -0.242508 0.942291
-48.636698 -80.848719 -884.099635 7704.667333 -0.116687 0.982309 0.146466 0.848270 0.175275 -0.499717 0.516549 -0.065932 0.853716
-29.924654 -86.539450 -5277.157152 10770.215215 -0.064371 0.964502 0.256111 0.818436 0.197868 -0.539454 0.570980 -0.174886 0.802120
-21.539241 -75.143883 -5079.336633 12354.097960 0.038578 0.964459 0.261402 0.710060 0.157603 -0.686277 0.703083 -0.212086 0.678744
-27.419816 -51.902685 -3991.241913 6854.418171 0.137806 0.983021 0.121159 0.624332 0.008750 -0.781110 0.768908 -0.183285 0.612525
28.504885 -66.436889 2783.500146 -4063.513395 0.394355 0.851556 0.345452 0.843339 -0.484691 0.232064 -0.365053 -0.199818 0.909290
22.436962 -56.405753 1495.260334 -5158.550075 0.426447 0.810900 0.400729 0.740235 -0.567478 0.360585 -0.519803 -0.142863 0.842256
18.379019 -56.806844 1632.343387 -4375.010333 0.367516 0.881410 0.296728 0.803170 -0.461659 0.376548 -0.468880 -0.099936 0.877590
20.785068 -64.766919 2777.529040 -2893.762505 0.339006 0.902255 0.266478 0.884761 -0.402047 0.235703 -0.319801 -0.155865 0.934577
10.549633 -57.473338 2447.991803 -2638.280397 0.331272 0.916827 0.222907 0.847939 -0.392899 0.355850 -0.413833 -0.071128 0.907570
23.361576 -45.721637 -7776.858840 -1440.378105 0.614735 -0.738701 0.276446 0.788709 0.572917 -0.222945 0.006309 0.355088 0.934812
76.254463 -45.350602 12966.947639 -1412.847559 0.355990 -0.560203 -0.747959 0.841873 -0.155151 0.516892 -0.405611 -0.813696 0.416388
63.599491 -48.256923 31661.120073 -1486.481808 0.437780 -0.307031 -0.845033 0.834185 -0.211899 0.509151 -0.335386 -0.927810 0.163355
19.188012 -118.111584 -3290.234594 2684.638703 0.264032 0.942670 -0.204110 -0.921455 0.309056 0.235382 -0.284969 -0.125930 -0.950229
16.467620 -113.169253 -2389.806596 4366.614063 0.325166 0.915575 -0.236623 -0.904774 0.373989 0.203755 -0.275047 -0.147836 -0.949997
33.139524 -112.687108 -5925.219643 3261.247288 0.262466 0.933655 -0.243720 0.964931 -0.255134 0.061771 -0.004509 -0.251386 -0.967877
30.125325 -117.811948 -7380.771283 -1249.417564 0.184218 0.962596 -0.198676 -0.959512 0.219944 0.175956 -0.213072 -0.158218 -0.964141
-30.423059 -48.762224 2527.092911 -1859.277406 0.883254 0.452172 -0.124108 0.341390 -0.801579 -0.490840 0.321426 -0.391167 0.862365
-24.834495 -42.074284 2348.720677 -3632.637225 0.911948 0.291437 -0.288818 0.130800 -0.873676 -0.468595 0.388899 -0.389556 0.834867
-24.399047 -39.794277 3522.838947 881.148266 0.656468 0.754352 -0.001566 0.671581 -0.585380 -0.454213 0.343553 -0.297125 0.890892
13.727743 -29.728627 -325.191594 -1561.138315 -0.408649 0.896683 0.170190 0.430509 0.024952 0.902241 -0.804778 -0.441969 0.396227
13.587782 -33.964102 1853.908839 -1575.609156 -0.374476 0.914745 0.151689 0.519711 0.071584 0.851338 -0.767898 -0.397640 0.502210
14.019437 -35.093697 -2603.208401 -2309.187851 -0.461984 0.866591 0.188654 0.503890 0.081424 0.859921 -0.729839 -0.492331 0.474284
8.835830 -29.073356 -3344.993436 -1586.757468 -0.488516 0.849363 0.199838 0.441538 0.043093 0.896207 -0.752593 -0.526047 0.396077
10.531147 -27.731677 -3557.428263 -7.559081 -0.491736 0.848060 0.197461 0.380477 0.005292 0.924775 -0.783220 -0.529874 0.325270
15.348670 -27.612258 -698.333787 -108.455427 -0.421907 0.890506 0.170277 0.355472 -0.010297 0.934630 -0.834047 -0.454856 0.312205
8.369594 -28.404811 4310.928191 -1587.398347 -0.284291 0.944235 0.166130 0.381279 -0.047639 0.923232 -0.879662 -0.325808 0.346474
-7.027534 -39.764400 1059.927710 576.169868 0.451878 0.815497 -0.361624 -0.773349 0.560172 0.296881 -0.444677 -0.145507 -0.883793
116.637390 -34.649965 9320.162695 -420.022349 0.042393 0.954798 -0.294216 0.751883 0.163434 0.638718 -0.657932 0.248294 0.710968
138.983568 -40.388371 -40710.159840 895.642426 -0.352452 -0.773804 0.526313 0.791800 0.053203 0.608459 -0.498829 0.631187 0.593947
-6.413091 -125.451051 -192.400106 -3105.134440 -0.294963 0.705657 -0.644240 -0.010711 0.671753 0.740698 -0.955449 -0.225379 0.190584
-4.374906 -41.710793 -3411.153301 -2160.893571 -0.019771 0.430565 -0.902343 -0.460957 0.796948 0.390374 0.887202 0.423659 0.182716
-20.904182 -31.738931 3716.239647 1366.312973 -0.363240 0.283266 -0.887591 -0.236648 0.893368 0.381956 0.901141 0.348789 -0.257473
-29.843292 -30.588249 1238.304667 -1102.678211 -0.355771 0.699499 -0.619781 0.108331 -0.627833 -0.770772 0.928273 0.341360 -0.147588
-28.722250 -35.061092 1492.978637 1384.805097 -0.301609 0.507745 -0.806986 -0.103484 0.823968 0.557107 0.947799 0.251539 -0.195972
-22.121279 -35.561521 3524.178844 1287.388161 -0.366958 0.329698 -0.869851 -0.135190 0.906257 0.400528 0.920362 0.264572 -0.287986
-22.342417 -38.491101 3364.292528 1076.527073 -0.339150 0.352532 -0.872181 -0.024963 0.923430 0.382953 0.940401 0.151651 -0.304381
-30.594339 -35.665784 -707.667134 -1321.913064 -0.203797 0.752972 -0.625699 0.056662 -0.628969 -0.775363 0.977372 0.193470 -0.085517
-29.426434 -37.882903 431.204263 1019.667968 -0.241195 0.565883 -0.788417 0.001028 0.812551 0.582890 0.970476 0.139780 -0.196564
95.046195 -88.106408 -8127.222537 12456.460830 -0.009300 0.960937 0.276611 -0.921582 -0.115591 0.370575 -0.388073 0.251473 -0.886657
99.062611 -96.330480 -20695.070110 7410.463649 0.013053 0.989603 -0.143231 -0.963498 0.050754 0.262861 -0.267398 -0.134572 -0.954143
136.988271 -110.752396 -12074.514123 -3628.379671 0.017820 0.975728 0.218259 0.998439 -0.005808 -0.055553 -0.052937 0.218908 -0.974308
-0.658709 -152.795239 1662.139011 6327.139293 0.988802 0.008010 0.149018 0.032660 -0.985967 -0.163717 -0.145615 -0.166750 0.975187
2.826527 -152.186640 1220.930151 9933.326837 0.990080 0.009452 0.140186 0.043344 -0.969620 -0.240746 -0.133651 -0.244434 0.960411
3.287510 -158.018450 2358.299121 -8336.347513 0.990367 0.018266 0.137257 -0.013828 0.999353 -0.033216 -0.137774 0.030999 0.989978
-0.127952 -138.389618 1038.254086 5231.444764 0.991580 0.009209 0.129166 0.072126 -0.867701 -0.491826 -0.107548 -0.497001 0.861059
-1.421185 -154.333019 1804.819088 1101.644017 0.988666 0.030036 0.147099 0.002685 -0.983164 0.182707 -0.150111 0.180242 0.972101
-6.971439 -151.409569 2278.914169 -4271.065762 0.989412 0.030623 0.141867 -0.023362 0.998344 -0.052566 -0.143242 0.048695 0.988489
-5.264959 -144.315641 2526.975285 9199.792579 0.992059 0.031098 0.121868 0.067565 -0.949039 -0.307831 -0.106085 -0.313621 0.943604
24.443634 -47.646854 -811.226643 927.886641 -0.454565 0.760658 0.463433 0.886467 0.437085 0.152092 -0.086870 0.479954 -0.872982
22.255862 -46.746232 4170.593964 -265.493922 -0.441269 0.705342 0.554774 0.895190 0.389109 0.217322 -0.062581 0.592525 -0.803117
-3.560739 -51.140931 1264.639396 -618.565083 0.547757 -0.813283 -0.196300 0.698389 0.315289 0.642531 -0.460668 -0.489044 0.740689
-4.208954 -51.320759 -1373.691590 -466.448336 -0.547404 0.812781 0.199339 0.629655 0.243106 0.737858 -0.551257 -0.529421 0.644848
10.118561 -73.363601 566.037621 -9863.878245 -0.495613 0.867939 0.032402 -0.153950 -0.051072 -0.986758 0.854791 0.494038 -0.158931
13.689732 -82.187929 1639.054455 -5565.416592 -0.525800 0.849654 0.040284 -0.330950 -0.160718 -0.929861 0.783586 0.502252 -0.365698
12.802237 -77.713391 -647.175924 -6393.662266 -0.472046 0.881305 -0.021771 -0.265539 -0.165690 -0.949756 0.840632 0.442547 -0.312235
8.953594 -66.619319 -621.860086 -6296.370106 -0.444418 0.895505 -0.023736 -0.106358 -0.079055 -0.991180 0.889483 0.437974 -0.130378
-10.033280 -90.987351 -280.986454 1649.422447 -0.522884 0.851476 -0.039763 0.844256 0.510888 -0.161944 -0.117577 -0.118248 -0.985998
-8.021525 -96.871363 -50.317487 -4657.637612 -0.537128 0.842987 -0.029449 -0.795302 -0.494495 0.350670 -0.281048 -0.211775 -0.936036
35.139777 -68.461208 -9847.242888 -2644.105659 -0.183993 0.587347 0.788144 -0.162262 0.772682 -0.613705 -0.969442 -0.240803 -0.046864
26.406559 -71.491797 -8495.004301 -1231.265826 -0.225505 0.660907 0.715786 0.316632 -0.645107 0.695400 -0.921353 -0.383457 0.063789
15.118442 -79.788165 -6580.017840 -2562.432321 -0.223445 0.585423 0.779328 -0.137209 0.772690 -0.619777 -0.965011 -0.245417 -0.092329
51.485097 -31.846172 14923.924691 -2242.334343 -0.356573 0.909012 0.215763 -0.118740 -0.273163 0.954611 -0.926691 -0.314769 -0.205338
17.643635 -30.439731 8509.701236 -2349.774349 -0.317741 0.940320 0.121816 -0.170798 -0.183133 0.968138 -0.932667 -0.286811 -0.218794
57.761760 -35.554280 14350.865179 -1104.866904 -0.317555 0.930574 0.182185 -0.026185 -0.200662 0.979310 -0.947878 -0.306215 -0.088088
7.671997 -53.011581 -1635.574116 277.051799 -0.439205 0.871422 0.218455 -0.833840 -0.485920 0.261903 -0.334380 0.067128 -0.940045
8.500342 -52.146714 -2624.334641 -891.928010 -0.448368 0.870180 0.204335 -0.873631 -0.474968 0.105706 -0.189035 0.131118 -0.973177
3680.692647 -24637.628014 439267.210975 9491729.130846 0.844252 -0.431151 0.318351 -0.535172 -0.646279 0.543979 0.028793 0.629628 0.776363
27.736445 -696.983919 -3138.951157 213935.251316 0.959308 -0.240487 0.147970 -0.235759 -0.393788 0.888453 0.155393 0.887185 0.434461
13.320057 -290.767318 3409.774120 5291.766131 0.951326 -0.232452 0.202350 -0.203221 0.020454 0.978919 0.231691 0.972393 0.027781
-19.899988 -40.074344 -1066.678642 -7.105092 -0.508917 0.792364 0.336397 0.860807 0.470206 0.194727 -0.003881 0.388672 -0.921368
-18.442225 -38.573059 -539.447271 229.755914 -0.586756 0.752140 0.300004 0.804394 0.498793 0.322731 0.093099 0.430686 -0.897687
-15.898802 -37.230218 -1140.468681 183.399144 -0.506049 0.817955 0.273615 0.860193 0.455414 0.229490 0.063104 0.351494 -0.934061
-15.519450 -39.253546 -1256.598098 354.421114 -0.423076 0.855425 0.298755 0.904143 0.420183 0.077273 -0.059430 0.302810 -0.951196
-11.772338 -36.511711 -1361.301854 377.938440 -0.419923 0.870510 0.256666 0.907442 0.398177 0.134178 0.014605 0.289254 -0.957141
-11.798378 -34.024928 -1528.848562 526.839319 -0.464661 0.854641 0.231688 0.876131 0.405798 0.260234 0.128389 0.323910 -0.937336
-15.032609 -34.921640 -1217.872489 281.661005 -0.564873 0.795579 0.219028 0.806151 0.475383 0.352324 0.176180 0.375588 -0.909887
-17.124364 -24.149564 280.250734 1572.872003 -0.321367 0.568479 0.757334 -0.145022 0.760778 -0.632603 -0.935784 -0.313127 -0.162047
-12.648742 -21.680596 3485.825718 -936.728430 -0.298193 0.806353 0.510760 -0.012313 -0.538309 0.842658 -0.954426 -0.244986 -0.170448
-14.021962 -24.200871 -2169.391931 1207.865711 -0.347395 0.339375 0.874152 -0.240434 0.868810 -0.432851 -0.906371 -0.360547 -0.220223
-19.444910 -41.817251 -518.627925 978.141754 0.040023 0.858065 0.511979 -0.586441 0.435029 -0.683255 0.809002 0.272900 -0.520616
-19.301229 -46.568769 771.827207 1759.870661 0.123017 0.820114 0.558820 -0.538103 0.528257 -0.656803 0.833853 0.219905 -0.506291
-18.405765 -41.001452 37.361440 825.667579 0.024679 0.885897 0.463225 -0.656452 0.363829 -0.660832 0.753964 0.287776 -0.590528
-20.592473 -45.331545 -407.599504 1365.526202 0.109954 0.781733 0.613844 -0.464647 0.586377 -0.663524 0.878643 0.212263 -0.427705
-19.301127 -38.284401 -999.513212 564.204790 -0.105733 0.913642 0.392529 -0.662529 0.229640 -0.712966 0.741536 0.335446 -0.581033
-21.834070 -40.625928 -1632.497228 833.067755 -0.001798 0.855470 0.517849 -0.553012 0.430608 -0.713271 0.833172 0.287659 -0.472311
-6.588795 -136.090571 1301.425443 -7826.770535 0.438929 -0.878487 -0.188687 0.897709 0.419824 0.133666 -0.038209 -0.228056 0.972898
-6.934472 -124.205419 1633.444536 -7350.227864 0.483114 -0.859568 -0.166565 0.851308 0.416692 0.318814 -0.204636 -0.295822 0.933067
-5.398852 -119.132511 1067.845752 -7430.323738 0.477953 -0.860245 -0.177593 0.830140 0.376289 0.411430 -0.287104 -0.344072 0.893972
-588.840125 -2722.988279 156496.449166 1100625.974604 0.620164 0.483130 0.618047 -0.110414 0.833765 -0.540966 -0.776663 0.267247 0.570415
-245.386971 -448.312017 69630.683772 -8386.533585 0.867126 0.321279 -0.380621 0.159683 0.544516 0.823410 -0.471798 0.774779 -0.420861
-28.055469 -139.232311 -3785.910469 -18814.698579 0.628905 0.583636 0.513662 -0.622949 0.773577 -0.116246 -0.465202 -0.246878 0.850081
7.747624 -201.695812 -3750.539527 41960.688534 0.379309 0.791467 0.479276 0.654526 -0.595642 0.465625 -0.654003 -0.137082 0.743968
-7.035490 -129.719002 -1859.711640 21770.599056 0.163391 0.927499 0.336228 0.847444 -0.306441 0.433511 -0.505115 -0.214103 0.836074
-58.076530 -78.405937 791.438104 425.891827 0.006298 0.999968 -0.004974 0.941681 -0.007605 -0.336422 0.336449 0.002565 0.941698
-55.095075 -76.646118 -460.407197 3327.954278 0.188079 0.953568 -0.235233 0.868135 -0.273414 -0.414231 0.459313 0.126306 0.879249
-45.976639 -66.221862 293.735086 -1971.333698 -0.211059 -0.304062 -0.928978 -0.319484 0.919648 -0.228423 0.923788 0.248583 -0.291243
25.471474 -57.855212 1683.907595 -5448.659608 0.487591 0.719180 0.495010 0.674271 -0.670367 0.309785 -0.554630 -0.182722 0.811787
14.589455 -40.524776 960.756935 -4689.892932 0.488737 0.727367 0.481740 0.591084 -0.682203 0.430371 -0.641682 -0.074411 0.763352
-1.758018 -41.644878 -2809.766846 356.349021 0.585714 0.644393 -0.491626 -0.368647 -0.328389 -0.869632 0.721829 -0.690593 -0.045212
-7.079301 -43.639345 -2498.161237 45.137073 0.563780 0.616390 -0.549742 -0.287239 -0.477730 -0.830222 0.774368 -0.625969 0.092283
-2.632419 -40.489572 -711.137752 586.020534 0.579420 0.675492 -0.456052 -0.266323 -0.371917 -0.889241 0.770289 -0.636701 0.035597
-7.083065 -44.074732 -1485.704441 724.742100 0.560134 0.625363 -0.543297 -0.191955 -0.540006 -0.819479 0.805856 -0.563307 0.182434
4.729459 -39.866537 -1830.677017 -82.456026 0.616650 0.675627 -0.404067 -0.341846 -0.232547 -0.910529 0.709143 -0.699607 -0.087561
-1.889933 -37.398300 2192.187856 1196.256662 0.567126 0.749069 -0.342438 -0.257556 -0.233626 -0.937595 0.782326 -0.619931 -0.060432
2.719836 -38.547834 460.077866 -7.859731 0.602201 0.714576 -0.355999 -0.305815 -0.205432 -0.929664 0.737449 -0.668715 -0.094816
-2.683439 -38.211024 1067.569342 85.905058 0.568251 0.712786 -0.411130 -0.173013 -0.384972 -0.906567 0.804461 -0.586288 0.095439
-5.253799 -42.874035 303.863680 1107.791709 0.563722 0.673793 -0.477723 -0.155466 -0.481487 -0.862555 0.811201 -0.560511 0.166673
10.529717 -108.883362 -687.742797 5472.449995 0.407765 0.868602 -0.281529 -0.876972 0.458413 0.144142 -0.254258 -0.188117 -0.948665
5.937308 -98.670242 -669.495670 6824.990740 0.351617 0.899923 -0.257882 -0.808666 0.430764 0.400627 -0.471620 -0.067673 -0.879201
6.136760 -94.998215 -422.144288 6083.079150 0.398016 0.868419 -0.295689 -0.815237 0.482630 0.320089 -0.420679 -0.113656 -0.900062
3.851567 -81.327006 -230.660517 6317.608071 0.341275 0.899613 -0.272448 -0.728930 0.436294 0.527549 -0.593458 -0.018557 -0.804651
-0.903045 -106.445092 -758.162190 -2626.311677 0.228344 0.973122 0.029890 -0.964525 0.230291 -0.129066 0.132480 -0.000642 -0.991185
-5.654262 -114.846204 -1241.783957 -4013.094501 0.223875 0.974083 0.032294 -0.967505 0.226115 -0.113164 0.117533 0.005910 -0.993051
-2.196678 -110.923759 -910.454286 -1862.024296 0.259179 0.965187 0.035221 -0.923218 0.258292 -0.284525 0.283717 -0.041226 -0.958021
1.347914 -122.872846 -1199.991940 -1314.954873 0.243149 0.969941 0.009672 -0.961168 0.242267 -0.132147 0.130518 -0.022835 -0.991183
0.452395 -125.690770 -956.229199 -539.076883 0.299821 0.953497 0.030830 -0.857969 0.283631 -0.428302 0.417129 -0.101963 -0.903110
-17.754889 -37.585343 833.358314 -1641.807390 0.875055 -0.027322 -0.483251 -0.243197 -0.888046 -0.390166 0.418489 -0.458942 0.783734
-21.263925 -31.102314 1818.039846 3020.121634 0.858320 0.454918 -0.237353 -0.308037 0.826777 0.470695 0.410365 -0.330894 0.849771
17.391036 -38.140402 -1305.174536 -1868.021313 -0.449008 0.879282 0.158922 0.555817 0.135592 0.820172 -0.699614 -0.456595 0.549602
11.556654 -36.741736 2307.195002 -969.235888 -0.395286 0.911193 0.116089 0.583745 0.151612 0.797656 -0.709218 -0.383069 0.591834
-6.797477 -42.071248 -530.831441 395.742973 0.432344 0.801319 -0.413481 -0.747698 0.574895 0.332329 -0.504010 -0.165478 -0.847697
-8.600994 -49.455440 -865.611199 -2323.203147 0.482974 0.760428 -0.434150 0.824665 -0.561706 -0.066440 -0.294387 -0.325939 -0.898387
-7.715694 -45.577428 -396.544630 1380.280927 0.459467 0.779539 -0.425687 -0.794268 0.575121 0.195892 -0.397527 -0.248104 -0.883412
152.270030 -32.197496 -43485.467920 -421.592425 -0.318715 0.939650 0.124412 0.760144 0.174978 0.625751 -0.566218 -0.294007 0.770037
59.443739 -29.929187 -23701.807180 -1869.297469 -0.429377 0.896583 0.108506 0.776892 0.305422 0.550597 -0.460515 -0.320711 0.827689
-4.132413 -133.601421 16.936243 174.195478 -0.303762 0.732045 -0.609786 0.013116 0.643181 0.765602 -0.952658 -0.224562 0.204975
10.287502 -36.862984 -1685.507283 190.548019 0.034959 0.171460 -0.984571 -0.191747 0.968021 0.161770 0.980822 0.183133 0.066718
8.080325 -45.306102 -2456.552435 44.564017 -0.045575 0.414958 -0.908698 -0.385853 0.831736 0.399165 0.921434 0.368816 0.122206
10.807344 -41.608179 -2831.860767 377.457285 -0.003724 0.313257 -0.949661 -0.273635 0.913103 0.302271 0.961827 0.260986 0.082317
12.204612 -730.965170 3135.964500 -71623.290416 -0.177393 0.655356 -0.734194 -0.211468 0.703217 0.678799 0.961152 0.275672 0.013841
26.329180 -592.351719 -681.774766 -89117.028800 -0.212606 0.712314 -0.668885 0.325842 -0.593671 -0.735786 0.921209 0.374383 0.105884
51.840090 -909.892424 9736.917157 122986.265015 -0.259852 0.690238 -0.675314 0.214625 0.723128 0.656523 0.941495 0.025660 -0.336049
-2.766175 -19.044114 2290.427946 1688.264080 -0.329992 0.720205 -0.610254 0.431564 0.690053 0.581016 -0.839558 0.071633 0.538527
-7.468436 -22.869278 1588.262774 -492.262953 -0.127545 0.942920 -0.307628 0.575216 0.322994 0.751532 -0.807997 0.081098 0.583579
-1.392134 -15.536701 1786.370459 -1260.273032 -0.063824 0.967856 -0.243273 0.585779 0.233690 0.776049 -0.807954 0.092973 0.581865
-5.663185 -25.629595 1948.461292 -1527.041069 0.066965 0.995910 -0.060648 0.640359 0.003715 0.768066 -0.765151 0.090270 0.637492
3.606328 -9.631386 -2561.609799 995.225467 0.331617 -0.699447 0.633091 0.430295 0.709335 0.558292 -0.839569 0.087277 0.536196
-25.899079 -29.400278 1712.435871 1762.709201 -0.351584 0.855753 0.379573 -0.252497 0.303749 -0.918685 0.901462 0.418836 -0.109281
-26.892146 -32.611524 1306.545431 197.111602 -0.313352 0.873447 0.372693 -0.155939 0.339805 -0.927478 0.936746 0.348745 -0.029726
-3.105707 -112.939049 -845.185464 424.285025 0.367159 0.906171 0.209874 0.282920 0.106146 -0.953252 0.886087 -0.409373 0.217401
-2.354842 -131.908587 -1343.900395 -2791.599168 0.394060 0.895996 0.204715 0.235461 0.116886 -0.964829 0.888411 -0.428403 0.164912
-2.783217 -119.744494 -1813.731445 -473.010837 0.389838 0.904254 0.174213 0.051904 0.167304 -0.984538 0.919419 -0.392853 -0.018287
-791.894527 -1415.807134 166814.557452 -334542.839734 0.903267 -0.181018 -0.389025 0.168060 -0.684959 0.708934 0.394796 0.705737 0.588279
-37.900083 -601.508747 9239.830109 -152072.643547 0.946305 -0.028570 -0.322011 0.214985 -0.688286 0.692852 0.241431 0.724877 0.645186
-315.196985 -536.278525 -59503.844369 -123966.378459 0.931821 0.354616 0.077181 0.232133 -0.745860 0.624345 -0.278969 0.563861 0.777327
-0.744239 -834.907591 -7805.105900 -227930.639449 0.937733 -0.093830 -0.334445 0.248546 -0.491362 0.834738 0.242657 0.865886 0.437445
-157.671925 -4023.148435 45410.933280 -1952998.909859 0.757706 0.065402 -0.649310 0.231200 0.903530 0.360804 0.610269 -0.423504 0.669490
-303.011356 -3188.352041 -71669.092009 1179697.892242 0.991082 -0.129650 -0.030784 0.129016 0.991403 -0.021776 0.033343 0.017611 0.999289
-291.957972 -936.815076 32732.901768 -229231.601796 0.709528 0.127760 -0.692998 0.626654 -0.564182 0.537590 0.322295 0.815706 0.480364
-22.091877 -166.026371 6806.258905 -42988.158854 0.360397 0.734485 -0.575018 -0.063139 0.634238 0.770556 -0.930660 0.241399 -0.274952
-4.196706 -316.413068 3149.539087 -93389.970806 0.371355 0.821135 -0.433397 -0.204138 0.527560 0.824626 -0.905772 0.217756 -0.363537
-25.120658 -66.432550 859.369358 339.486902 0.196114 0.980568 -0.004975 -0.478179 0.100063 0.872544 -0.856087 0.168739 -0.488511
5.268270 -160.408634 1164.750438 -6496.358667 0.991080 0.021822 0.131472 -0.015075 0.998528 -0.052096 -0.132415 0.049649 0.989950
5.753889 -156.882230 -619.375020 11332.858438 0.981900 0.020291 0.188312 0.054536 -0.982427 -0.178502 -0.181381 -0.185541 0.965751
2.414056 -136.935068 347.429302 15614.061489 0.988164 -0.001753 0.153389 0.080523 -0.845166 -0.528403 -0.130565 -0.534500 0.835022
-3.127455 -52.385680 937.041777 100.443104 0.557477 -0.810589 -0.179346 0.746533 0.394954 0.535443 -0.363190 -0.432385 0.825309
-0.044858 -48.730848 874.465538 -1272.210456 0.549036 -0.812741 -0.194965 0.712752 0.333462 0.617080 -0.436513 -0.477761 0.762366
-1.284864 -51.048501 1636.460841 -882.639003 0.558972 -0.803148 -0.206163 0.652138 0.272255 0.707527 -0.512120 -0.529934 0.675946
