17991
35963
-22.831309 -36.537716 728.727835 -3087.750310 0.277590 0.935737 0.217578 0.671951 -0.027250 -0.740094 0.686605 -0.351645 0.636333
-26.559201 -44.176759 807.141169 -2168.826711 0.207928 0.931391 0.298793 0.611838 0.114488 -0.782654 0.763165 -0.345548 0.546055
-26.267830 -42.777825 -41.119705 -3750.179631 -0.013034 0.893653 0.448570 0.702609 0.327378 -0.631795 0.711457 -0.306934 0.632155
-23.898534 -37.795373 275.984780 -2705.355284 0.427972 0.888872 0.163547 0.582372 -0.132837 -0.801996 0.691146 -0.438477 0.574505
-19.443233 -30.512470 914.624725 -2804.403752 0.331619 0.935272 0.123674 0.701222 -0.156661 -0.695518 0.631124 -0.317370 0.707785
-19.728752 -31.593183 -147.836552 -1623.665166 0.544932 0.838468 -0.004580 0.549951 -0.361534 -0.752893 0.632932 -0.407757 0.658128
100.093650 -66.699357 -4037.438696 -775.849987 0.442410 -0.439367 -0.781812 0.882623 0.367780 0.292770 0.158901 -0.819570 0.550505
94.750729 -63.819300 6527.704745 -1134.249632 0.373608 -0.260105 -0.890372 0.922843 0.201179 0.328462 0.093690 -0.944390 0.315198
93.169793 -58.937003 -2040.553320 -904.931402 0.398773 -0.565699 -0.721779 0.911386 0.157131 0.380376 -0.101764 -0.809502 0.578230
104.811306 -71.963028 2835.530140 -272.156657 0.363954 -0.233691 -0.901624 0.888137 0.378724 0.260348 0.280626 -0.895520 0.345387
-24.383534 -31.181607 124.129748 2154.117128 0.264888 0.899871 0.346507 0.874050 -0.375836 0.307871 -0.407274 -0.221313 0.886086
-26.111856 -36.865765 776.160668 2472.786021 0.220036 0.899154 0.378294 0.838454 -0.372530 0.397765 -0.498578 -0.229659 0.835869
-26.082412 -29.202808 567.499801 1648.701845 0.065131 0.933188 0.353439 0.916278 -0.196207 0.349195 -0.395212 -0.301105 0.867839
-23.992620 -26.678948 -474.023385 160.933049 -0.180275 0.956014 0.231385 0.923248 0.083320 0.375061 -0.339285 -0.281240 0.897658
12.874751 -17.528529 906.629147 1073.430168 0.316741 -0.521301 -0.792414 -0.177485 0.788099 -0.589405 0.931759 0.327331 0.157101
20.099027 -17.792846 3148.509440 744.034700 0.355773 -0.570675 -0.740105 -0.169255 0.739479 -0.651554 0.919118 0.357072 0.166497
8.848935 -15.495443 846.076756 615.565516 0.324113 -0.552512 -0.767907 -0.216311 0.746938 -0.628724 0.920956 0.369884 0.122578
23.077121 -20.819373 3312.843953 1077.745299 0.350589 -0.540938 -0.764508 -0.123328 0.782545 -0.610257 0.928373 0.308235 0.207639
8.910526 -16.784037 256.969273 933.626084 0.263675 -0.442048 -0.857362 -0.217051 0.838833 -0.499247 0.939875 0.317730 0.125233
17.302550 -21.083361 1205.371975 1230.636899 0.317267 -0.508187 -0.800679 -0.121902 0.815440 -0.565860 0.940469 0.277134 0.196763
12.917020 -20.258118 24.236387 1061.639551 0.276101 -0.457122 -0.845463 -0.150940 0.848119 -0.507850 0.949203 0.267832 0.165168
-8.070404 -13.875214 608.259688 -695.616980 -0.131872 -0.126853 -0.983116 0.843108 -0.535946 -0.043938 -0.521324 -0.834668 0.177627
-8.024446 -12.409461 -238.732535 -631.953053 0.053671 -0.262437 -0.963455 0.839973 -0.509871 0.185677 -0.539967 -0.819242 0.193075
-5.359773 -11.775775 853.759532 -718.029338 -0.272750 -0.006965 -0.962060 0.785316 -0.579274 -0.218449 -0.555775 -0.815103 0.163467
-4.713927 -13.131908 1076.134989 -429.409239 -0.299564 0.026914 -0.953697 0.785000 -0.561174 -0.262411 -0.542252 -0.827260 0.146980
-6.711400 -14.395769 1126.610918 -1012.961967 -0.232627 -0.034889 -0.971940 0.825493 -0.535491 -0.178354 -0.514243 -0.843820 0.153370
-2.269683 -28.793715 -204.634409 -472.592048 -0.407613 -0.910533 -0.069154 0.911431 -0.401023 -0.092060 0.056091 -0.100553 0.993349
-1.138637 -27.601797 -6.735215 27.857969 0.430771 0.899300 0.075475 0.898989 -0.434940 0.051450 -0.079096 -0.045688 0.995819
-3.122804 -29.655343 124.806521 -547.529386 -0.468713 -0.879264 -0.084868 0.881198 -0.458706 -0.114359 0.061623 -0.128387 0.989808
-4.503044 -32.222304 141.911154 -829.460337 0.444058 0.892990 0.073364 0.875458 -0.414990 -0.247703 0.190751 -0.174221 0.966054
-5.253563 -32.940602 120.760159 -738.973008 -0.515882 -0.851951 -0.089694 0.829147 -0.470247 -0.302295 0.215362 -0.230318 0.948985
-2.869844 -30.847631 233.477085 -542.532050 -0.550306 -0.831081 -0.080422 0.830476 -0.534832 -0.155771 0.086446 -0.152510 0.984514
2.455598 -30.708354 279.219562 -228.057001 0.606986 0.747218 0.270615 -0.549759 0.148907 0.821944 -0.573875 0.647682 -0.501175
1.417094 -29.676264 340.262884 -116.456776 0.611880 0.740383 0.278273 -0.564283 0.162088 0.809514 -0.554246 0.652350 -0.516964
2.314082 -30.959128 244.840496 -164.668672 0.617668 0.746584 0.247182 -0.451083 0.078862 0.888991 -0.644213 0.660601 -0.385482
3.009980 -32.417989 215.335553 -376.661942 0.611351 0.754016 0.240228 -0.436122 0.067715 0.897336 -0.660339 0.653356 -0.370241
1.861105 -31.580307 132.874026 -30.116551 0.622847 0.749736 0.223510 -0.344447 0.006282 0.938785 -0.702437 0.661707 -0.262157
2.923570 -33.289357 189.624914 -252.029375 0.620699 0.755314 0.210316 -0.323446 0.002321 0.946244 -0.714223 0.655359 -0.245744
-8.087941 -66.111296 2375.029087 -6371.863083 -0.292741 0.649278 0.701955 0.916082 -0.019953 0.400495 0.274039 0.760290 -0.588950
-11.790451 -75.810214 1572.843703 -3782.852591 -0.231259 0.662311 0.712645 0.820812 -0.260414 0.508381 0.522289 0.702516 -0.483410
-16.075510 -70.927808 793.763854 -7060.276904 -0.172538 0.715697 0.676763 0.944290 -0.075307 0.320383 0.280262 0.694339 -0.662832
-2.603880 -63.025446 3568.419365 -3875.168608 -0.336300 0.604651 0.722010 0.867639 -0.099190 0.487199 0.366202 0.790290 -0.491262
-8.736386 -55.920205 1588.576723 -5905.361082 -0.278190 0.692596 0.665524 0.958048 0.150333 0.244017 0.068955 0.705487 -0.705361
-1.817663 -53.728685 2314.271870 -5284.300717 -0.360294 0.640774 0.677936 0.921733 0.132737 0.364401 0.143512 0.756168 -0.638447
-7.969518 -35.883267 655.319708 -252.228625 0.400595 0.915471 0.037898 0.160473 -0.029377 -0.986603 0.902093 -0.401310 0.158677
-3.650984 -33.105747 908.949558 -299.012158 0.350374 0.935564 -0.044237 0.026364 -0.057063 -0.998022 0.936239 -0.348515 0.044659
-5.430244 -34.084679 804.535186 4.359259 0.370635 0.928236 0.031741 0.216805 -0.053236 -0.974762 0.903120 -0.368162 0.220978
0.512841 -84.843653 320.975459 -448.950185 0.788959 -0.302504 0.534823 0.607923 0.510794 -0.607881 0.089298 -0.804724 -0.586894
1.406560 -81.752107 72.305380 -1532.766011 0.810292 -0.287385 0.510722 0.584107 0.325591 -0.743512 -0.047388 -0.900778 -0.431687
0.407703 -83.336798 -48.542248 -897.645645 0.808890 -0.288055 0.512564 0.582532 0.510825 -0.632230 0.079713 -0.809989 -0.581002
-1.355845 -86.175175 116.458281 -178.907953 0.790498 -0.301711 0.532995 0.571696 0.675691 -0.465410 0.219720 -0.672616 -0.706619
-0.706083 -56.660166 -242.208422 26.709324 0.804590 -0.274344 0.526659 -0.293933 0.586630 0.754632 0.515983 0.761972 -0.391358
-0.401033 -59.072508 -95.641527 1351.588700 0.793865 -0.264038 0.547779 -0.243056 0.687949 0.683849 0.557407 0.676025 -0.481963
0.060726 -53.284174 -378.043345 1545.323879 0.802044 -0.263690 0.535903 -0.316650 0.573051 0.755874 0.506416 0.775938 -0.376115
-0.760729 -50.953286 -435.132881 371.910479 0.818186 -0.279535 0.502425 -0.343534 0.463037 0.817057 0.461037 0.841105 -0.282821
-9.254581 -62.751570 221.557249 587.612040 0.235111 -0.782567 -0.576465 0.949980 0.059573 0.306577 -0.205576 -0.619710 0.757429
-9.580784 -61.109757 -20.180688 564.334742 0.191481 -0.819289 -0.540463 0.957297 0.034371 0.287057 -0.216607 -0.572349 0.790884
-9.778653 -62.767669 249.784157 593.761988 0.246777 -0.783162 -0.570752 0.885071 -0.057709 0.461866 -0.394653 -0.619134 0.678912
-8.604662 -59.538186 12.121568 341.507612 0.190356 -0.815233 -0.546955 0.981646 0.151432 0.115932 -0.011685 -0.558984 0.829096
-8.154165 -64.089069 458.127593 -71.974582 0.284400 -0.744632 -0.603855 0.872230 -0.060454 0.485346 -0.397909 -0.664732 0.632297
-7.378404 -64.036585 362.057568 38.285894 0.272154 -0.747342 -0.606145 0.938948 0.068454 0.337180 -0.210496 -0.660904 0.720345
-8.164738 -61.180352 203.825102 631.422548 0.229931 -0.779600 -0.582542 0.973205 0.185348 0.136081 0.001884 -0.598222 0.801328
0.778479 -92.647566 -188.862015 -2884.044707 -0.050067 0.799868 0.598084 -0.738555 -0.432773 0.516957 -0.672332 0.415836 -0.612414
1.416007 -88.197528 -187.292990 -926.740240 -0.041944 0.802184 0.595602 -0.698592 -0.449729 0.556519 -0.714290 0.392740 -0.579262
1.070903 -92.520451 -206.136939 -296.123556 -0.042092 0.806804 0.589318 -0.584506 -0.498255 0.640387 -0.810297 0.317504 -0.492554
0.609189 -96.155326 -47.891739 -3594.412034 -0.043987 0.799286 0.599338 -0.649649 -0.478641 0.590643 -0.758961 0.363379 -0.540309
1.383852 -91.663902 -185.108684 4459.750435 -0.029785 0.816564 0.576485 -0.398382 -0.538652 0.742392 -0.916736 0.207549 -0.341349
0.815429 -100.045526 -40.489325 2378.987182 -0.036089 0.806448 0.590203 -0.474413 -0.533622 0.700128 -0.879562 0.254733 -0.401848
1.310417 -66.645338 -2080.753074 1858.180981 0.775539 -0.408273 0.481511 -0.537007 -0.827648 0.163160 -0.331908 0.385112 0.861119
-1.567974 -67.280727 -787.821860 -2801.765430 0.754661 -0.456423 0.471344 0.548022 0.833504 -0.070310 -0.360776 0.311367 0.879142
-5.083276 -75.063465 -365.058920 6210.571086 0.730934 -0.486820 0.478269 -0.628407 -0.753440 0.193477 -0.266158 0.441967 0.856636
-0.079054 -86.456250 231.795863 2346.841427 0.867378 -0.362869 0.340561 0.395088 0.918220 -0.027889 -0.302590 0.158742 0.939809
-1.075370 -84.085784 356.375288 1638.426754 0.861373 -0.381224 0.335716 0.414012 0.909805 -0.029129 -0.294332 0.164081 0.941513
-1.631883 -84.008836 387.010273 -1128.112827 0.870363 -0.360792 0.335110 0.326954 0.932312 0.154581 -0.368198 -0.024976 0.929412
17.525738 -8.788021 -2533.051557 -4515.417496 -0.082278 0.554574 0.828057 0.926553 -0.263448 0.268504 0.367056 0.789330 -0.492166
9.437543 -10.096441 -8486.227356 -2023.683572 0.122006 0.556535 0.821817 0.916563 -0.380871 0.121855 0.380823 0.738380 -0.556569
9.428866 -13.311868 -7332.267429 -3486.237945 -0.050837 0.608394 0.792006 0.910605 -0.297438 0.286931 0.410139 0.735791 -0.538885
45.492557 -71.725816 -6785.485750 -20086.183559 0.828742 -0.437899 0.348470 -0.454868 -0.164341 0.875264 0.326009 0.883876 0.335383
51.659119 -97.565491 -4750.096320 -28679.336475 0.812881 -0.524307 0.253628 -0.448923 -0.286586 0.846367 0.371070 0.801855 0.468333
43.571119 -104.042048 -6257.115785 -25165.172977 0.835079 -0.442171 0.327305 -0.482059 -0.301477 0.822637 0.265071 0.844746 0.464909
30.643597 -78.270600 -4622.421000 -16805.683694 0.843638 -0.370783 0.388323 -0.476217 -0.182706 0.860137 0.247975 0.910571 0.330711
1.446932 -67.471188 390.308036 2779.865976 -0.656733 0.657558 -0.369215 -0.164792 -0.602896 -0.780615 0.735898 0.451812 -0.504302
1.516557 -59.440986 595.571807 3943.170446 -0.652140 0.676018 -0.343094 -0.295470 -0.643435 -0.706178 0.698148 0.359153 -0.619353
2.184759 -67.482514 4.613081 2960.513764 -0.644549 0.665609 -0.376194 -0.222534 -0.634057 -0.740574 0.731461 0.393620 -0.556801
0.875410 -75.961525 -210.187951 3723.608234 -0.647379 0.645085 -0.405912 -0.091566 -0.594547 -0.798830 0.756648 0.479978 -0.443965
-1.391104 -77.047148 -833.018919 -2761.641686 -0.640526 0.637899 -0.427564 0.133278 0.640663 0.756167 0.756283 0.427360 -0.495379
0.907277 -66.931066 -715.790896 -3019.345678 -0.633625 0.662356 -0.399754 0.269561 0.673355 0.688425 0.725159 0.328446 -0.605200
85.497697 5.486394 26822.083197 7124.776698 -0.630454 -0.508451 0.586520 0.769235 -0.510436 0.384361 0.103952 0.693493 0.712925
44.077490 1.528483 23909.840998 4250.942340 -0.530791 -0.632171 0.564465 0.845266 -0.443234 0.298442 0.061524 0.635534 0.769618
37.561365 -13.123787 -25358.178514 13161.109944 0.710400 0.529800 -0.463297 0.701276 -0.588535 0.402292 0.059532 0.610687 0.789631
82.480525 16.469412 22249.686045 1950.500202 -0.513415 -0.540974 0.666147 0.852555 -0.409973 0.324148 0.097747 0.734350 0.671696
64.031137 -13.800182 21455.498192 11598.577979 -0.677276 -0.506922 0.533224 0.728704 -0.562109 0.391183 0.101430 0.653501 0.750099
-266.589786 -356.893015 -3314.450688 -18592.204862 0.999530 -0.029627 -0.007884 0.000297 0.266502 -0.963834 -0.030657 -0.963379 -0.266386
-1.154537 -411.244009 6707.535371 -131664.788950 0.716220 -0.310981 0.624755 0.680284 0.510842 -0.525599 0.155700 -0.801456 -0.577431
-13.183677 -418.305132 12823.020363 -126274.054695 0.888762 -0.162861 0.428460 0.458149 0.286695 -0.841371 -0.014189 -0.944077 -0.329418
-0.406634 -372.973255 24022.294942 -88162.913949 0.992125 -0.074672 0.100557 0.097549 -0.042905 -0.994306 -0.078561 -0.996285 0.035283
-9.391446 -282.598676 -1577.361028 -39073.031011 0.560602 -0.229000 0.795791 -0.014281 0.958185 0.285792 -0.827962 -0.171580 0.533891
-8.703853 -278.883970 3101.536943 -50554.713824 0.628764 -0.208500 0.749121 -0.275229 0.841344 0.465177 -0.727258 -0.498667 0.471622
-15.692374 -416.597963 4484.992026 -93231.574288 0.606659 -0.339941 0.718613 0.036881 0.915021 0.401716 -0.794106 -0.217201 0.567643
15.894935 -34.367517 -1803.740818 283.936534 0.864012 -0.055807 0.500368 -0.321564 0.703550 0.633730 0.387401 0.708451 -0.589930
8.961217 -37.172084 -2397.586612 -111.233320 0.868648 -0.003040 0.495420 -0.337043 0.729290 0.595432 0.363115 0.684198 -0.632471
15.683406 -32.136368 -2043.270427 -1216.568048 0.843036 -0.017692 0.537565 -0.314303 0.794849 0.519065 0.436467 0.606549 -0.664526
19.823392 -30.559209 -1081.991966 -769.844598 0.825528 -0.083998 0.558075 -0.297825 0.775116 0.557221 0.479379 0.626210 -0.614863
20.146945 -31.171523 -1225.184187 664.221736 0.836146 -0.093237 0.540525 -0.338674 0.687408 0.642472 0.431463 0.720262 -0.543197
-7.542214 -25.515920 1536.873151 -567.407913 -0.099083 -0.107436 -0.989262 0.979936 0.162245 -0.115769 0.172941 -0.980884 0.089204
-3.797751 -27.937676 1812.993005 -721.595257 -0.182912 -0.108800 -0.977090 0.947362 0.246131 -0.204754 0.262770 -0.963111 0.058053
-9.794247 -27.102440 1557.267757 -608.930142 -0.138945 -0.125488 -0.982317 0.952939 0.252949 -0.167103 0.269446 -0.959307 0.084437
10.107394 -1.162861 3419.857137 -8244.710996 -0.839443 0.019951 -0.543082 -0.066027 0.988179 0.138360 0.539422 0.152004 -0.828202
1.952140 -5.163877 2223.666453 -3931.305564 -0.807032 -0.130946 -0.575807 -0.229340 0.968062 0.101285 0.544154 0.213796 -0.811288
10.671334 7.073692 3599.748095 1209.262522 -0.607488 -0.573273 -0.549833 -0.597483 0.785905 -0.159274 0.523423 0.231759 -0.819949
15.649706 5.442814 3716.793952 -4340.271576 -0.804830 -0.117552 -0.581747 -0.218322 0.970101 0.106016 0.551891 0.212333 -0.806431
12.925994 4.012549 -1119.318454 3618.045262 0.316529 0.776620 0.544674 -0.779059 0.540423 -0.317821 0.541181 0.323734 -0.776093
13.755397 10.843674 -935.921489 3559.368555 0.277136 0.795988 0.538144 -0.781497 0.512575 -0.355708 0.558979 0.321978 -0.764116
-1363.504786 -1731.899805 260138.321525 -1012464.198254 -0.533932 0.741634 0.406073 0.317267 0.620898 -0.716817 0.783746 0.253898 0.566814
-1556.209246 -6425.390653 -594495.711468 -5050255.508573 0.011095 0.977087 0.212553 0.285900 0.200592 -0.937029 0.958195 -0.071166 0.277123
-1178.169095 -1519.627545 215669.480493 -19776.979291 -0.468085 0.739172 0.484274 -0.258253 0.409667 -0.874916 0.845104 0.534601 0.000866
-1167.367056 -1626.119340 -719822.737155 76301.600441 0.712690 -0.325072 -0.621612 0.347294 -0.606408 0.715301 0.609475 0.725670 0.319285
-2085.133608 -5730.337198 -221509.112390 -4200526.541263 0.326458 -0.195638 0.924744 0.894975 -0.250729 -0.368993 0.304049 0.948083 0.093238
-2673.437214 -6032.105869 -1390599.427346 -4160090.786658 0.816866 -0.562222 -0.128983 0.359493 0.321330 0.876077 0.451104 0.762006 -0.464599
18.691679 -1302.156329 -37264.827780 -590714.144624 0.986558 0.139646 0.084862 0.161171 -0.745883 -0.646283 0.026953 -0.651274 0.758364
-327.733340 -7231.955005 -9447.471559 -3316181.781338 0.990177 -0.097883 -0.099842 -0.112254 -0.982248 -0.150291 0.083359 -0.160022 0.983587
-399.111515 -1898.233918 58961.715071 -513255.745110 -0.361144 -0.099380 -0.927199 -0.079097 0.993986 -0.075731 0.929150 0.045989 -0.366833
-20.030941 -630.602668 -42148.122575 -111841.442405 0.993922 0.109792 -0.008057 0.028439 -0.326773 -0.944675 0.106350 -0.938704 0.327909
960.411688 -786.297779 856118.483041 262645.731112 0.474955 0.875345 0.090488 -0.686310 0.432810 -0.584512 0.550814 -0.215514 -0.806324
90.476641 0.459354 -22629.946193 28343.042998 -0.383900 0.158712 -0.909633 0.743315 0.637566 -0.202466 0.547817 -0.753870 -0.362734
347.197318 -1384.083235 319202.788233 466514.993782 -0.812815 0.188717 -0.551105 -0.036735 0.927580 0.371815 0.581362 0.322462 -0.747019
354.498898 -1888.425271 -281225.695513 245744.917240 0.875539 -0.126983 0.466163 -0.303093 0.607019 0.734617 0.376253 0.784476 -0.492981
-6.072254 -79.899105 -287.177077 19726.250950 0.996353 -0.027819 -0.080664 0.054790 -0.516122 0.854761 0.065412 0.856063 0.512715
-10.156971 -132.539729 1600.211154 32876.387350 0.993638 -0.106479 -0.036679 -0.020870 -0.494149 0.869127 0.110669 0.862832 0.493228
-9.148524 -167.675718 -487.053998 37917.386286 0.998065 -0.037956 -0.049254 0.029494 -0.408359 0.912345 0.054742 0.912032 0.406449
-4.402451 -143.888239 -1767.311004 33325.462446 0.998270 0.031948 -0.049367 0.058016 -0.398205 0.915460 -0.009589 0.916740 0.399370
-5.023293 -27.202835 -10351.152274 3603.425637 -0.534128 0.232276 -0.812869 -0.151538 0.919637 0.362359 0.831711 0.316727 -0.456005
9.979720 -30.627486 -6127.183966 1029.399002 -0.626876 0.246723 -0.739022 -0.051623 0.933298 0.355372 0.777407 0.260925 -0.572326
-12.951822 -30.660194 -7697.359757 -1567.988886 -0.494187 -0.161034 -0.854311 -0.309584 0.950872 -0.000153 0.812365 0.264406 -0.519762
-0.331839 -37.653414 -5888.697719 8705.193626 -0.508051 0.836808 -0.204051 -0.404234 -0.440841 -0.801408 0.760578 0.324671 -0.562236
-13.429004 -29.465719 -4421.259494 -4459.027534 -0.324440 -0.414638 -0.850185 -0.533853 0.822241 -0.197286 0.780859 0.389866 -0.488123
-12.085723 -21.533250 -3813.125397 -7230.518830 -0.161143 -0.572642 -0.803812 -0.607292 0.699542 -0.376613 0.777965 0.427460 -0.460487
14.260506 -58.748610 -1817.037196 -367.085189 -0.866376 0.327678 0.376855 0.355979 0.934476 0.005850 -0.350245 0.139221 -0.926254
16.329328 -57.627537 -99.443416 -991.634631 -0.805203 0.392847 0.444207 0.431942 0.901784 -0.014546 -0.406293 0.180160 -0.895806
21.256035 -58.283262 -1535.817587 1717.643457 -0.831893 0.368919 0.414552 0.367213 0.926040 -0.087208 -0.416064 0.079681 -0.905838
16.821182 -62.208306 -3020.971175 3555.649434 -0.891297 0.282495 0.354663 0.276168 0.958593 -0.069503 -0.359612 0.035999 -0.932407
-30.584777 -34.063531 435.097239 -236.907595 -0.327369 0.311952 0.891917 0.531437 0.841271 -0.099181 -0.781284 0.441529 -0.441189
-27.781190 -30.842309 1806.024153 -1267.993703 0.112926 0.675385 0.728768 -0.672253 -0.488162 0.556573 -0.731658 0.552768 -0.398903
-30.624828 -31.826776 814.446707 2587.608568 -0.546240 0.045954 0.836367 0.455140 0.854514 0.250306 -0.703185 0.517391 -0.487685
-30.526522 -33.720568 42.440658 -419.479282 -0.281273 0.541971 0.791930 0.621300 0.731784 -0.280140 -0.731349 0.413230 -0.542558
-29.832073 -33.787524 -602.299506 1822.996424 -0.160599 0.666699 0.727819 -0.572168 -0.663737 0.481744 -0.804258 0.339067 -0.488059
34.600175 -71.693716 3724.082107 -712.163053 -0.390571 0.007761 -0.920540 0.754390 0.575787 -0.315222 0.527589 -0.817563 -0.230740
30.106031 -71.540987 1073.266371 -332.649939 -0.334007 -0.039599 -0.941738 0.784088 0.542821 -0.300918 0.523112 -0.838914 -0.150258
38.758853 -72.466777 2452.943299 1042.094931 -0.342656 -0.031264 -0.938941 0.631748 0.732057 -0.254925 0.695328 -0.680526 -0.231093
-6.684629 -8.207119 46.713235 -167.167060 0.814458 -0.475201 0.332930 -0.038026 -0.616279 -0.786609 -0.578975 -0.628000 0.520003
-7.097076 -8.534725 -349.602619 435.231317 0.002262 -0.628415 -0.777875 0.806468 -0.458792 0.372986 -0.591273 -0.628175 0.505759
-5.724212 -14.773771 118.191771 -1888.191517 0.709985 -0.086624 0.698869 0.403963 -0.762793 -0.504936 -0.576832 -0.640814 0.506579
-4.476691 -16.730715 237.864234 -2274.515008 0.791493 -0.207182 0.574990 0.261891 -0.735072 -0.625366 -0.552224 -0.645558 0.527545
-5.925397 -17.311130 -211.174096 -649.691459 -0.269147 0.198274 0.942469 0.956607 -0.058391 0.285469 0.111633 0.978406 -0.173955
-8.175108 -18.803011 -486.232945 -1255.456244 -0.321318 0.177026 0.930278 0.939180 -0.066184 0.336988 0.121225 0.981978 -0.144993
-6.064013 -21.770077 -372.846671 -1285.814705 -0.229238 0.200872 0.952418 0.958260 -0.125165 0.257043 0.170842 0.971588 -0.163795
-4.447499 -13.101702 675.982154 280.741599 -0.626549 0.165479 0.761612 0.776225 0.044626 0.628874 0.070078 0.985203 -0.156409
-5.807848 -21.111920 32.081271 -791.216288 -0.243541 0.220114 0.944583 0.955312 -0.113786 0.272822 0.167533 0.968815 -0.182566
-6.414648 -18.180405 137.339285 -322.948180 -0.338009 0.219108 0.915282 0.935903 -0.024225 0.351423 0.099172 0.975400 -0.196876
-3.971682 -14.474807 363.558603 -58.740781 -0.524941 0.188301 0.830048 0.849784 0.060956 0.523594 0.047996 0.980218 -0.192013
0.301033 -32.143554 -152.459638 -1240.415929 0.087905 0.199990 0.975847 0.572288 0.791692 -0.213801 -0.815328 0.577259 -0.044858
0.934293 -30.291691 -83.657769 -936.628647 0.120160 0.229248 0.965923 0.568053 0.782072 -0.256279 -0.814173 0.579490 -0.036251
1.608670 -28.815938 -152.931797 -109.593956 0.123370 0.243812 0.961944 0.452033 0.849136 -0.273194 -0.883429 0.468534 -0.005453
0.774825 -29.938124 -106.954941 -289.661412 0.102293 0.221889 0.969691 0.461426 0.853004 -0.243864 -0.881262 0.472387 -0.015129
2.356307 -31.400439 -179.488788 877.126713 0.135074 0.266037 0.954452 0.328966 0.896599 -0.296467 -0.934632 0.354027 0.033590
1.445929 -31.721412 -204.600791 848.921374 0.118523 0.263943 0.957228 0.339597 0.895115 -0.288865 -0.933073 0.359309 0.016457
3.373780 -65.356502 2701.203394 -2389.653173 -0.213655 -0.094008 0.972375 0.869302 0.435841 0.233144 -0.445719 0.895100 -0.011398
-1.464431 -66.577462 284.865335 -2073.991398 -0.273711 -0.018841 0.961627 0.908934 0.321876 0.265019 -0.314518 0.946594 -0.070976
1.071460 -59.139647 554.155065 -4629.403645 -0.229652 -0.009724 0.973224 0.796057 0.573430 0.193575 -0.559958 0.819197 -0.123949
3.604174 -56.320473 553.943103 229.416948 0.032188 -0.182579 -0.982664 -0.291769 0.938633 -0.183956 0.955947 0.292632 -0.023058
6.366567 -57.162213 364.704504 248.323359 0.063375 -0.162359 -0.984694 -0.272769 0.946291 -0.173582 0.959990 0.279595 0.015684
4.367799 -52.851782 453.034659 54.735693 0.047432 -0.193717 -0.979910 -0.464070 0.864438 -0.193353 0.884528 0.463918 -0.048896
1.662592 -51.742646 443.988898 394.017191 0.038067 -0.213695 -0.976158 -0.487753 0.848620 -0.204796 0.872151 0.483920 -0.071926
0.475243 -56.535362 582.859089 516.201479 0.022900 -0.215481 -0.976239 -0.313987 0.925535 -0.211655 0.949151 0.311373 -0.046464
-13.350481 -48.170629 -10573.051492 3930.294558 -0.296908 0.067152 -0.952542 0.279478 0.959955 -0.019439 0.913092 -0.271987 -0.303786
12.615709 -44.995907 -27157.899792 4057.250496 -0.250217 0.038356 -0.967430 0.269423 0.962506 -0.031523 0.929948 -0.268535 -0.251170
-4.533648 -57.607473 -14450.105049 2895.015741 -0.226245 0.214417 -0.950178 0.525286 0.848334 0.066360 0.820297 -0.484102 -0.304562
10.076796 -38.105765 -26645.329951 2105.578403 -0.293038 -0.151542 -0.944015 0.059225 0.982586 -0.176119 0.954265 -0.107518 -0.278960
-21.446823 -59.572213 1297.386785 2056.667985 -0.276161 0.283446 -0.918365 0.551808 0.829105 0.089963 0.786920 -0.481917 -0.385374
-4.401227 -40.108243 -15299.389868 1823.389152 -0.346079 -0.223241 -0.911259 -0.001494 0.971409 -0.237409 0.938204 -0.080800 -0.336518
-20.630455 -49.927375 -896.065929 3512.883206 -0.392303 0.038138 -0.919045 0.255360 0.964382 -0.068983 0.883679 -0.261750 -0.388069
0.759110 -56.701834 422.160616 6435.802098 -0.141659 -0.060984 -0.988035 -0.667899 0.742576 0.049926 0.730646 0.666980 -0.145924
0.260749 -42.689764 15.865577 -5302.898804 0.150386 0.019398 0.988437 0.756734 -0.645643 -0.102463 0.636190 0.763393 -0.111775
1.181930 -58.238269 260.698004 -8258.958187 0.134016 0.038072 0.990248 0.730159 -0.679399 -0.072696 0.670005 0.732781 -0.118849
0.727542 -66.860352 -263.483974 3905.423654 -0.108877 -0.065259 -0.991911 -0.575608 0.817672 0.009386 0.810445 0.571973 -0.126590
-5.603151 -34.051469 439.892106 -1671.822523 0.103607 -0.271293 -0.956904 -0.072728 0.957440 -0.279320 0.991956 0.098534 0.079467
-4.847061 -33.110947 999.642524 -1226.260236 0.099377 -0.229789 -0.968153 -0.051967 0.970443 -0.235667 0.993692 0.073732 0.084498
-2.457041 -29.866214 1388.862161 -925.930510 0.093787 -0.271927 -0.957737 0.038883 0.962243 -0.269399 0.994833 -0.011973 0.100819
-1.019168 -30.418144 498.319938 -1469.013641 0.107884 -0.322732 -0.940322 0.016404 0.946291 -0.322899 0.994028 0.019411 0.107384
-6.062303 -35.223450 -195.209379 -1846.773142 0.106629 -0.342265 -0.933533 -0.096269 0.930921 -0.352304 0.989627 0.127436 0.066314
5.628907 -60.733220 -651.582364 -2805.421893 -0.005639 -0.055973 -0.998416 0.711723 -0.701572 0.035311 -0.702437 -0.710397 0.043794
3.483195 -55.142185 322.508575 2119.062871 -0.015640 0.069704 0.997445 -0.606978 0.792067 -0.064869 -0.794565 -0.606442 0.029921
3.581932 -62.610025 -478.527522 -3112.173879 0.009176 -0.095007 -0.995434 0.733826 -0.675591 0.071245 -0.679275 -0.731130 0.063519
4.919697 -54.428694 519.696244 957.933358 0.001042 0.042297 0.999105 -0.597492 0.801183 -0.033295 -0.801874 -0.596922 0.026107
5.397517 -67.979401 -493.735318 -2865.253929 -0.007607 -0.075982 -0.997080 0.837165 -0.545816 0.035207 -0.546898 -0.834453 0.067761
6.504987 -60.186700 622.740134 1315.643793 0.005524 0.026330 0.999638 -0.681644 0.731520 -0.015502 -0.731663 -0.681311 0.021989
7.079343 -67.296067 -575.215632 -2294.225239 -0.016913 -0.046605 -0.998770 0.814048 -0.580646 0.013309 -0.580552 -0.812821 0.047760
-9.009312 -113.527909 569.749797 -1413.653154 -0.219412 -0.100709 -0.970421 -0.293864 0.955288 -0.032696 0.930324 0.277997 -0.239196
-9.450209 -105.018505 -901.411395 2874.195499 -0.181643 -0.039351 -0.982577 -0.346763 0.937577 0.026555 0.920196 0.345544 -0.183950
-7.464314 -103.012687 -376.608949 -2595.373501 -0.199415 -0.020678 -0.979697 -0.131819 0.991256 0.005909 0.971008 0.130322 -0.200397
-5.587556 -103.898066 1211.789246 -6329.858049 -0.263761 -0.147951 -0.953174 -0.069923 0.988500 -0.134085 0.962050 0.031282 -0.271073
-10.177152 -116.293326 1105.812380 -1784.492659 -0.246419 -0.168565 -0.954392 -0.312053 0.946116 -0.086533 0.917551 0.276498 -0.285742
-5.767856 -103.071488 696.722291 -5938.222897 -0.227720 -0.068402 -0.971321 -0.050627 0.997012 -0.058342 0.972410 0.035889 -0.230502
-5.705002 -77.513582 -77.381468 -540.192687 0.210976 0.191664 0.958517 -0.584410 0.810767 -0.033487 -0.783552 -0.553102 0.283062
-6.027469 -72.958873 -103.371544 -1108.143613 0.230251 0.199666 0.952427 -0.546630 0.836261 -0.043165 -0.805096 -0.510687 0.301693
-6.017830 -76.576732 -173.788263 -1567.255438 0.186739 0.221200 0.957183 -0.432615 0.893282 -0.122033 -0.882028 -0.391303 0.262505
-11.182701 -26.386420 444.700601 -33.976634 -0.371941 0.215513 0.902892 -0.333208 0.876852 -0.346560 -0.866391 -0.429750 -0.254327
-9.708399 -25.349158 174.322479 -193.482360 -0.336952 0.164914 0.926966 -0.459358 0.830616 -0.314749 -0.821860 -0.531865 -0.204123
-9.335671 -25.623858 -299.663174 25.350198 -0.344127 0.213465 0.914336 -0.321764 0.888034 -0.328426 -0.882068 -0.407221 -0.236911
-10.336972 -26.218501 87.723832 14.875348 -0.367228 0.273279 0.889079 -0.188481 0.914170 -0.358842 -0.910834 -0.299351 -0.284201
28.797180 -54.371251 -1153.923989 -10266.995250 0.259263 0.443469 0.857973 0.925625 -0.367667 -0.089666 0.275685 0.817408 -0.505808
28.687343 -65.187872 -1701.070524 -5818.686573 0.241106 0.432409 0.868844 0.856520 -0.515763 0.019000 0.456334 0.739602 -0.494721
29.730637 -55.472199 -1423.997997 -8978.899043 0.236064 0.391629 0.889326 0.899020 -0.435389 -0.046906 0.368833 0.810594 -0.454862
-2.247590 -181.032924 156.493289 7298.393485 -0.106101 -0.225967 -0.968340 0.217494 0.944982 -0.244347 0.970278 -0.236533 -0.051117
-0.776995 -172.809660 -29.738760 4714.322155 -0.118316 -0.257978 -0.958879 0.281539 0.917319 -0.281535 0.952228 -0.303272 -0.035903
-5.544015 -180.761019 -439.342711 -1512.181132 -0.104920 -0.233021 -0.966795 0.490441 0.833595 -0.254141 0.865135 -0.500820 0.026822
-6.082075 -184.078581 -65.677244 44.726243 -0.111811 -0.186302 -0.976110 0.439154 0.871883 -0.216713 0.891427 -0.452893 -0.015670
45.696234 -234.955330 -9163.909293 5258.903574 0.201740 0.049212 -0.978202 -0.345328 0.938175 -0.024020 0.916542 0.342647 0.206262
22.688324 -251.903829 -16660.076548 -15682.352906 0.313628 0.040279 -0.948691 -0.235229 0.971253 -0.036527 0.919948 0.234616 0.314087
31.769045 -244.364293 -16516.724905 35018.031539 0.285428 0.071273 -0.955746 -0.644747 0.752116 -0.136462 0.709106 0.655165 0.260628
47.848161 -230.022480 7928.032097 -42406.091901 -0.170618 -0.042646 0.984414 0.695924 -0.712485 0.089751 0.697552 0.700390 0.151241
27.587639 -363.118539 -27011.852173 -60116.984545 -0.112201 0.381904 0.917366 0.993442 0.063563 0.095044 -0.022013 0.922014 -0.386531
-2.315652 -389.266201 -15750.198963 -176072.521119 0.071529 0.424207 0.902736 0.991224 -0.131107 -0.016931 0.111173 0.896024 -0.429862
-58.561344 -710.792277 -34725.276500 82095.252551 -0.013280 0.364321 0.931179 0.950308 -0.285076 0.125088 0.311029 0.886568 -0.342431
39.716557 -863.759857 -4538.035738 252349.195319 -0.092265 0.410080 0.907370 0.963890 -0.191832 0.184709 0.249808 0.891647 -0.377573
1.070089 -62.543504 -2008.357075 5343.327814 -0.133438 -0.184799 -0.973675 0.983195 0.098819 -0.153498 0.124584 -0.977796 0.168508
-5.483788 -58.573864 -4343.988250 2503.095580 -0.080246 -0.191935 -0.978122 0.966551 0.224828 -0.123414 0.243597 -0.955308 0.167473
5.342790 -68.435253 -3143.784134 3660.713155 -0.044337 -0.169630 -0.984510 0.977067 0.198081 -0.078131 0.208266 -0.965396 0.156957
-5.784527 -26.803442 -382.287611 -2228.439300 -0.395765 -0.208809 -0.894298 0.757905 -0.624185 -0.189665 -0.518604 -0.752855 0.405289
-7.565465 -22.782430 -609.981727 -2758.161326 -0.446741 -0.182411 -0.875870 0.692163 -0.690763 -0.209180 -0.566862 -0.699694 0.434850
-9.426024 -24.895408 -376.179583 -1850.645328 -0.269881 -0.286703 -0.919220 0.784959 -0.618406 -0.037582 -0.557677 -0.731693 0.391947
-4.762930 -26.983088 -605.546814 -789.457182 -0.293827 -0.274501 -0.915595 0.837167 -0.536198 -0.107903 -0.461321 -0.798211 0.387352
-12.167605 -20.489192 -35.293614 -170.615416 0.021857 -0.482860 -0.875425 0.778624 -0.541028 0.317856 -0.627110 -0.688575 0.364141
-11.553285 -23.876168 -54.040636 -1212.367801 -0.058174 -0.403092 -0.913309 0.796258 -0.570555 0.201098 -0.602154 -0.715530 0.354156
-8.383593 -27.066940 -695.442376 -1455.323411 -0.184699 -0.337235 -0.923124 0.837763 -0.545124 0.031524 -0.513848 -0.767537 0.383207
0.880345 -25.529435 -521.081241 1211.062495 -0.302221 0.437943 0.846681 -0.381957 0.758158 -0.528493 -0.873368 -0.483117 -0.061856
-3.366121 -28.556384 -205.240109 809.433254 -0.310468 0.460636 0.831519 -0.469937 0.686000 -0.555485 -0.826298 -0.563222 0.003489
-2.572402 -27.210648 -257.428196 919.347265 -0.334439 0.515169 0.789146 -0.413042 0.672529 -0.614085 -0.847082 -0.531324 -0.012134
-4.670932 -62.567505 228.074772 305.145607 0.078880 0.386426 0.918941 -0.387179 0.861322 -0.328962 -0.918624 -0.329846 0.217557
-3.638982 -65.502024 93.972355 386.457524 0.097874 0.392403 0.914571 -0.390564 0.860402 -0.327365 -0.915358 -0.325158 0.237470
-4.490942 -62.166141 204.672553 19.485481 0.086625 0.362588 0.927915 -0.191360 0.920128 -0.341680 -0.977690 -0.147968 0.149091
3.186845 -77.248501 569.875572 3968.747272 0.151665 0.441542 0.884329 -0.560330 0.775439 -0.291075 -0.814265 -0.451371 0.365016
2.083405 -84.965194 343.555361 6284.175750 0.146024 0.439065 0.886509 -0.673140 0.700780 -0.236200 -0.724955 -0.562254 0.397883
5.221669 -77.615462 476.685451 2731.053521 0.099618 0.466653 0.878812 -0.584619 0.742134 -0.327807 -0.805169 -0.481115 0.346744
7.026436 -71.588711 647.410611 614.996350 0.102077 0.459756 0.882159 -0.473028 0.802552 -0.363531 -0.875114 -0.380178 0.299400
4.149137 -70.854206 643.121025 1801.231824 0.153184 0.435315 0.887150 -0.435418 0.835634 -0.334853 -0.887100 -0.334987 0.317550
-162.073138 -1859.703563 -16612.584923 196828.053120 0.011168 0.967201 -0.253768 -0.363408 0.240356 0.900091 -0.931563 -0.082169 -0.354173
-84.674920 -837.328913 -17312.621179 -218797.325352 -0.040375 0.907480 -0.418151 -0.281538 0.391204 0.876183 -0.958700 -0.153101 -0.239695
-214.951925 -1937.929471 -69511.618696 -806956.775621 -0.003033 0.834303 -0.551298 0.098705 0.548859 0.830067 -0.995112 0.051898 0.084014
-250.056793 -3943.414952 -157765.815718 3327668.690021 0.117981 0.942962 -0.311293 -0.307208 0.332763 0.891567 -0.944301 0.009557 -0.328945
-3568.091728 -17310.965150 -3070920.016870 -8656735.665408 0.047135 0.122625 0.991333 0.167406 0.977430 -0.128865 -0.984761 0.172029 0.025543
-277.431681 -1184.054977 -115413.670352 282126.102636 0.030909 0.918091 -0.395163 0.539476 0.317498 0.779847 -0.841433 0.237286 0.485474
-103.306257 -994.830191 -33943.215141 400550.930066 -0.066266 0.869177 -0.490041 0.569550 0.436201 0.696664 -0.819281 0.232938 0.523945
9.683238 -108.461249 1014.689382 4496.745796 0.082226 0.277824 0.957106 0.995954 -0.057832 -0.068776 0.036244 0.958889 -0.281456
20.541019 -112.104229 2201.793006 2625.062587 0.103487 0.317250 0.942679 0.994379 -0.011683 -0.105231 -0.022371 0.948270 -0.316676
12.483632 -103.354150 950.979128 -2854.464002 0.045544 0.309051 0.949954 0.980496 -0.195830 0.016701 0.191191 0.930666 -0.311942
-20.642801 -314.082490 4400.374940 66423.108870 0.013831 -0.409938 -0.912009 0.375890 0.847325 -0.375163 0.926561 -0.337626 0.165811
-18.440169 -311.866664 3721.752745 52378.575684 0.072394 -0.383464 -0.920714 0.715321 0.663263 -0.219995 0.695035 -0.642680 0.322316
-5.368018 -437.377172 2595.565900 96978.406645 0.030024 -0.337390 -0.940886 0.411764 0.861903 -0.295928 0.910796 -0.378538 0.164803
-6.504278 -180.197820 3133.184899 42829.799537 -0.009418 -0.366375 -0.930420 0.107698 0.924677 -0.365204 0.994139 -0.103643 0.030750
-28.267724 -145.430621 6706.585284 32698.050350 -0.013300 -0.483916 -0.875013 0.071106 0.872417 -0.483562 0.997380 -0.068650 0.022806
-33.467527 -50.898685 -138.712359 -1315.021509 0.032057 0.876925 0.479558 0.517680 0.395863 -0.758485 0.854974 -0.272572 0.441276
-29.195265 -49.708401 900.822144 -1038.496368 0.214395 0.916128 0.338740 0.519394 0.186776 -0.833873 0.827203 -0.354718 0.435788
-27.227343 -46.131597 485.192558 -2720.979107 0.382923 0.890641 0.245213 0.532444 0.004129 -0.846455 0.754900 -0.454689 0.472635
79.649685 -50.158958 8000.495764 -3324.965597 0.425760 -0.274802 -0.862098 0.886823 -0.062435 0.457872 -0.179650 -0.959472 0.217119
69.382350 -55.490334 12168.111614 -4594.176391 0.330557 -0.066401 -0.941447 0.943495 0.048023 0.327889 0.023439 -0.996637 0.078523
89.287985 -68.198549 13144.250979 -1559.614008 0.268688 -0.050487 -0.961903 0.923929 0.295842 0.242553 0.272326 -0.953902 0.126136
-25.567409 -38.826428 -209.514941 2456.949118 0.287896 0.899826 0.327765 0.807582 -0.412067 0.421914 -0.514711 -0.143229 0.845316
-27.410833 -46.373874 836.318346 2571.465280 0.207741 0.925347 0.317138 0.763383 -0.356085 0.538934 -0.611629 -0.130139 0.780368
-29.630518 -45.825344 1468.002049 3376.707247 0.106608 0.927983 0.357047 0.805488 -0.291134 0.516168 -0.582944 -0.232570 0.778516
18.017930 -17.275699 3403.881186 -272.771077 0.361503 -0.610584 -0.704630 -0.198355 0.688075 -0.698003 0.911027 0.392097 0.127629
34.656786 -19.063949 6578.316809 485.501294 0.387582 -0.560017 -0.732231 -0.182811 0.731849 -0.656489 0.903527 0.388303 0.181274
33.319154 -21.458172 5025.533643 1019.398367 0.405104 -0.530218 -0.744822 -0.130633 0.772736 -0.621140 0.904890 0.348925 0.243774
-6.053153 -9.456473 238.569237 -1490.992366 -0.174510 -0.101240 -0.979437 0.795162 -0.601158 -0.079538 -0.580744 -0.792691 0.185410
-5.709106 -12.653558 -921.651117 -1061.110365 0.403621 -0.475834 -0.781455 0.731737 -0.344840 0.587917 -0.549227 -0.809116 0.209001
-2.901665 -14.342126 -826.829784 -1233.856556 0.527083 -0.540362 -0.655891 0.649950 -0.240908 0.720783 -0.547493 -0.806209 0.224230
-1.798290 -9.629660 -622.645589 -1741.588024 0.448838 -0.505999 -0.736552 0.673698 -0.349910 0.650918 -0.587091 -0.788370 0.183838
-4.701990 -17.475073 -648.074516 -936.910575 0.540510 -0.535191 -0.649168 0.667964 -0.196157 0.717877 -0.511540 -0.821640 0.251463
-4.691338 -7.817965 -963.288665 -1479.888409 0.207905 -0.376137 -0.902938 0.776156 -0.498345 0.386308 -0.595279 -0.781136 0.188333
-7.450467 -17.512428 -886.202475 -1040.771919 0.520157 -0.519167 -0.678161 0.690369 -0.211888 0.691732 -0.502819 -0.827991 0.248202
-0.738149 -27.525432 223.388326 59.205457 0.404112 0.912400 0.064963 0.910890 -0.407892 0.062480 -0.083505 -0.033925 0.995930
-0.079988 -28.456744 -27.924924 439.218635 0.436004 0.896640 0.077049 0.872652 -0.442154 0.207312 -0.219951 0.023152 0.975236
0.912623 -28.489629 -454.301395 323.650819 0.446404 0.889426 0.098212 0.866029 -0.457047 0.202736 -0.225206 0.005448 0.974296
1.610055 -29.726695 418.755600 77.818036 0.599365 0.742098 0.300087 0.650001 -0.232406 -0.723524 -0.467183 0.628711 -0.621660
0.574492 -28.816668 388.878693 94.192098 0.597965 0.741858 0.303455 0.664499 -0.247133 -0.705243 -0.448196 0.623356 -0.640740
-4.493193 -72.967950 2913.208570 -2684.334738 -0.304310 0.617556 0.725273 0.762417 -0.298545 0.574100 0.571065 0.727665 -0.379985
0.486230 -38.114502 425.164169 541.125310 0.435615 0.784428 0.441489 0.788249 -0.095610 -0.607883 -0.434630 0.612806 -0.659974
-1.431087 -37.946770 235.174233 -396.844846 0.442507 0.788217 0.427671 0.836515 -0.190955 -0.513594 -0.323157 0.585022 -0.743854
-1.071586 -37.620377 105.362903 49.063769 0.448161 0.791815 0.414946 0.771363 -0.107916 -0.627178 -0.451830 0.601151 -0.659141
-5.568693 -33.494798 620.674184 213.280598 0.385828 0.922488 -0.012344 -0.060147 0.011800 -0.998120 0.920608 -0.385845 -0.060037
-1.971975 -30.404923 517.700964 388.852211 0.370861 0.927748 -0.041771 -0.186329 0.030270 -0.982021 0.909804 -0.371977 -0.184092
-8.411552 -35.023164 131.415245 -44.768546 0.440651 0.892077 0.100123 0.091124 0.066508 -0.993616 0.893041 -0.446962 0.051983
-4.791401 -30.904995 44.123375 1402.844134 0.430314 0.897859 0.093166 -0.109009 0.154143 -0.982017 0.896073 -0.412419 -0.164205
-1.143710 -29.134669 246.252354 1450.678634 0.413780 0.910338 0.008463 -0.262299 0.128115 -0.956444 0.871771 -0.393538 -0.291792
2.197638 -84.171275 401.678111 -943.398166 0.795498 -0.298757 0.527188 0.604412 0.329150 -0.725497 -0.043224 -0.895770 -0.442411
2.353538 -79.042598 68.662156 -1755.340118 0.818870 -0.284005 0.498792 0.550057 0.140025 -0.823305 -0.163979 -0.948543 -0.270881
2.540186 -76.555296 -236.342229 -1856.785896 0.824146 -0.272327 0.496609 0.543777 0.135242 -0.828261 -0.158395 -0.952653 -0.259545
-0.401692 -61.311511 35.388378 -390.629448 0.792019 -0.265922 0.549538 -0.227044 0.707282 0.669480 0.566708 0.655010 -0.499804
-0.539390 -62.821685 -266.115622 1378.964424 -0.784357 0.260423 -0.562995 -0.158193 0.793616 0.587494 0.599799 0.549867 -0.581281
-0.780210 -63.879186 -53.252219 2959.076060 -0.790625 0.272718 -0.548213 -0.159495 0.772696 0.614412 0.591163 0.573207 -0.567415
-8.231426 -58.743562 -232.010441 -77.518164 0.151116 -0.853882 -0.498045 0.985774 0.092670 0.140221 -0.073578 -0.512150 0.855739
1.225785 -75.648626 -270.614189 4963.263141 0.890387 -0.309181 0.334093 -0.454667 -0.639686 0.619742 -0.022102 0.703711 0.710142
-0.350718 -86.951635 -765.064272 7108.681945 0.879720 -0.310730 0.359917 -0.474161 -0.516668 0.712900 0.035562 0.797810 0.601859
2.114987 -76.984178 -491.053384 3990.478098 0.893603 -0.307118 0.327342 -0.448845 -0.617242 0.646182 -0.003595 0.724356 0.689417
-2.149324 -89.252842 -358.334725 9296.375535 0.865292 -0.328529 0.378600 -0.501077 -0.546062 0.671370 0.013825 0.770639 0.637121
1.947197 -73.051269 -391.299729 -500.306861 0.892493 -0.310747 0.326945 -0.447181 -0.704441 0.551173 -0.059038 0.638122 0.767668
