13281
26549
-38.548041 -57.157753 1187.240344 5980.902122 -0.209271 -0.965980 0.151948 0.971849 -0.222658 -0.077023 0.108235 0.131552 0.985383
-43.898662 -65.280553 -239.609303 3687.317832 -0.328160 -0.919740 0.215382 0.944254 -0.313028 0.101969 -0.026364 0.236837 0.971192
-49.078687 -75.216139 1112.401044 8233.947972 0.193732 -0.968251 0.157981 0.979801 0.199096 0.018710 -0.049570 0.151165 0.987265
-35.001323 -55.566556 326.226615 3750.056689 -0.587526 -0.772055 0.242372 0.801838 -0.595775 0.045919 0.108947 0.221322 0.969096
-33.585550 -73.196189 -4929.275684 14028.914978 -0.238784 0.969754 -0.050589 0.964586 0.230855 -0.127589 0.112051 0.079263 0.990536
-26.499133 -49.419915 -4184.857192 7744.257150 0.112250 0.991505 -0.065707 0.966299 -0.124334 -0.225403 0.231658 0.038191 0.972047
-28.622292 -45.658015 -2162.867403 4579.654950 0.593678 0.778554 -0.203472 0.775210 -0.621162 -0.114919 0.215860 0.089509 0.972313
-54.562852 -75.276885 -4227.153684 -9589.524163 -0.125643 0.979845 0.155296 -0.111141 0.141649 -0.983658 0.985830 0.140849 -0.091104
-57.248719 -80.636128 -4128.452876 -5637.604709 -0.192455 0.973657 0.122280 -0.293385 0.061820 -0.953993 0.936422 0.219476 -0.273759
-59.166780 -77.800978 -2857.149645 -11642.313057 -0.264528 0.950492 0.163065 -0.134209 0.131159 -0.982235 0.954994 0.281714 -0.092869
-56.794763 -66.528349 -951.890355 -6651.341698 -0.258675 0.870934 0.417806 -0.095983 0.407212 -0.908276 0.961184 0.275051 0.021740
53.406088 -139.449368 21342.285559 4954.249874 0.641475 -0.496040 -0.585196 0.674544 0.001395 0.738233 -0.365377 -0.868298 0.335496
-47.070792 -144.148527 41004.173692 -9252.180559 0.708161 -0.311670 -0.633538 -0.681321 -0.066248 -0.728981 -0.185231 -0.947878 0.259262
-5.352791 -141.945289 39091.086868 12524.803265 0.727475 -0.301523 -0.616331 -0.564271 0.248134 -0.787419 -0.390358 -0.920605 -0.010370
60.769492 -144.415083 21809.565687 18722.218135 0.673840 -0.496374 -0.547314 -0.419192 0.353164 -0.836393 -0.608455 -0.793025 -0.029900
86.019661 -141.260467 243.709769 -12211.248545 -0.466157 0.754076 0.462675 0.494287 -0.211747 0.843115 -0.733742 -0.621718 0.274023
-14.187516 -45.256108 -1484.512892 -1147.921551 0.128659 0.906582 0.401941 -0.091245 0.414412 -0.905504 0.987482 -0.079826 -0.136039
-17.197122 -43.053864 -2772.389487 -553.392896 0.109201 0.894594 0.433333 -0.118938 0.444567 -0.887814 0.986878 -0.045410 -0.154949
-12.780110 -39.381875 -1528.770049 -2043.422133 0.111345 0.830114 0.546364 0.044646 0.545049 -0.837215 0.992778 -0.117613 -0.023627
-12.595811 -43.370357 -882.070344 -2223.059363 0.150340 0.895378 0.419160 0.004619 0.423338 -0.905960 0.988624 -0.138138 -0.059509
-8.167156 -38.048147 271.778956 -2852.156661 0.125847 0.838684 0.529879 0.138195 0.514097 -0.846526 0.982377 -0.179759 0.051204
4.769249 -40.634741 -6613.383866 -328.752008 0.169956 -0.938786 0.299660 0.983815 0.179155 0.003281 -0.056766 0.294252 0.954040
7.398534 -41.895425 -6762.810826 -94.876933 0.154468 -0.942547 0.296217 0.987444 0.137245 -0.078217 0.033069 0.304580 0.951913
14.263554 -40.258556 -6789.881730 -572.850020 0.121220 -0.951038 0.284312 0.989919 0.136964 0.036086 -0.073259 0.277071 0.958052
-4.839386 -41.263653 -4831.022845 -428.494898 0.195256 -0.938841 0.283641 0.979517 0.201189 -0.008363 -0.049214 0.279465 0.958894
3.936904 -39.224787 -5471.769731 -803.009377 0.155499 -0.944230 0.290259 0.978069 0.188382 0.088840 -0.138565 0.270079 0.952815
-9.131943 -42.684955 4157.142063 468.178571 0.489586 0.826263 0.278558 0.526403 -0.534757 0.661011 -0.695130 0.176988 0.696757
-18.407735 -43.787822 455.016915 -538.695018 0.435708 0.853228 0.286636 0.470825 -0.487459 0.735329 -0.767126 0.185433 0.614110
-18.699593 -43.536588 -418.103364 1234.543489 0.435861 0.837586 0.329355 0.548964 -0.537402 0.640186 -0.713207 0.098228 0.694037
-17.192234 -39.051660 -901.097316 2958.668795 0.424978 0.841546 0.333457 0.627630 -0.539391 0.561371 -0.652283 0.029283 0.757409
-12.559016 -40.079756 2009.203257 2413.394234 0.493775 0.808971 0.318987 0.589616 -0.581085 0.560975 -0.639171 0.088916 0.763908
5.641820 -75.363338 -160.873123 279.389211 0.162824 0.974813 0.152408 -0.617783 0.221168 -0.754605 0.769306 -0.028713 -0.638234
5.123157 -77.324333 74.317081 1626.239546 0.135222 0.981562 0.135098 -0.724439 0.190965 -0.662360 0.675946 0.008305 -0.736904
5.406725 -71.882160 240.837614 1660.173731 0.149703 0.980068 0.130601 -0.726298 0.198631 -0.658056 0.670880 -0.003657 -0.741557
-2.247940 -128.045918 356.370781 -1799.002545 -0.091276 0.987464 0.128780 0.094053 -0.120193 0.988285 -0.991374 -0.102319 0.081903
-1.119044 -122.158385 220.866832 -9672.883329 -0.099930 0.987603 0.121051 -0.163632 -0.136316 0.977058 -0.981447 -0.077829 -0.175225
-1.975124 -129.575832 823.116497 259.343579 -0.091821 0.986733 0.133891 0.138951 -0.120447 0.982947 -0.986033 -0.108860 0.126048
-1.182051 -118.869917 51.972326 -10895.895987 -0.098140 0.989054 0.110188 -0.213236 -0.129050 0.968440 -0.972059 -0.071546 -0.223566
-2.714198 -128.241650 429.891872 5675.058753 -0.084557 0.985913 0.144309 0.382014 -0.101685 0.918545 -0.920280 -0.132798 0.368034
-3.313117 -124.937483 -1203.731286 6405.871498 -0.114362 0.982641 0.146075 0.380825 -0.092444 0.920014 -0.917548 -0.160843 0.363642
-1.893482 -125.135704 -946.646695 -2671.070410 -0.112404 0.986863 0.116045 0.060989 -0.109713 0.992090 -0.991789 -0.118592 0.047856
-14.403132 -90.298536 -725.150380 14269.143215 -0.100892 0.988804 -0.109947 -0.972803 -0.074886 0.219197 -0.208509 -0.129072 -0.969466
-7.138256 -76.952623 -2200.872755 17421.671059 -0.093003 0.982076 -0.163945 -0.940287 -0.032483 0.338830 -0.327431 -0.185667 -0.926454
-10.705127 -64.810356 -431.521351 13643.203644 -0.147368 0.984598 -0.094068 -0.926604 -0.104167 0.361324 -0.345960 -0.140411 -0.927683
-9.140927 -44.123010 -978.672988 10792.274157 -0.146802 0.980650 -0.129516 -0.889433 -0.073568 0.451107 -0.432850 -0.181419 -0.883022
-9.503581 -37.340028 -650.950158 8134.692887 -0.195349 0.977292 -0.082090 -0.873781 -0.135424 0.467084 -0.445360 -0.162973 -0.880394
-11.336503 -44.276875 885.008914 -2003.879974 -0.179969 -0.959286 -0.217674 0.977627 -0.198923 0.068367 -0.108884 -0.200500 0.973624
-10.572152 -40.431716 781.427824 3432.755053 -0.224144 -0.949122 -0.221195 0.963228 -0.250262 0.097774 -0.148157 -0.191146 0.970316
-9.940759 -39.256443 732.009418 3286.483410 -0.216562 -0.948019 -0.233154 0.965719 -0.243037 0.091210 -0.143134 -0.205409 0.968153
-12.857738 -28.189373 -501.034898 3179.385217 0.189002 0.971768 0.141229 0.169145 -0.173888 0.970130 -0.967299 0.159468 0.197235
-9.811018 -25.039365 -1504.923685 2352.842332 0.156501 0.968135 0.195504 0.186622 -0.223363 0.956703 -0.969886 0.113240 0.215632
-13.548886 -24.365349 -282.730652 1071.505307 0.214864 0.947022 0.238711 0.193442 -0.280844 0.940057 -0.957295 0.155807 0.243537
-14.351415 -28.549843 -279.625890 3233.631886 0.218457 0.971359 0.093478 0.175116 -0.133259 0.975488 -0.960006 0.196733 0.199211
-8.771686 -38.019737 -118.638285 -420.767051 0.194542 0.964639 0.177833 0.874317 -0.252717 0.414373 -0.444662 -0.074870 0.892564
-8.898740 -39.147590 104.766941 -1505.391328 0.210701 0.955263 0.207551 0.869423 -0.280184 0.406940 -0.446887 -0.094706 0.889563
-9.863021 -38.057237 94.092447 -3463.447698 0.196366 0.966085 0.167693 0.887241 -0.247873 0.389054 -0.417425 -0.072387 0.905824
-10.119934 -42.143210 -429.057406 -2022.692711 0.180326 0.974210 0.135633 0.886434 -0.220721 0.406839 -0.426284 -0.046866 0.903375
-8.804742 -40.495911 -428.275332 978.456947 0.209158 0.963540 0.166863 0.872430 -0.260946 0.413248 -0.441723 -0.059142 0.895200
-4.892194 -21.243230 -3633.971527 1017.784351 -0.400033 0.903149 -0.155869 0.354972 0.309476 0.882167 -0.844967 -0.297567 0.444393
3.303415 -19.024360 -5300.550697 -908.911765 -0.462337 0.835217 -0.297752 0.314703 0.468498 0.825513 -0.828979 -0.287962 0.479449
-8.585800 -21.019597 -4138.806179 -767.255669 -0.433951 0.861134 -0.264829 0.334627 0.426979 0.840068 -0.836488 -0.275929 0.473447
-14.607903 -24.462941 -2960.034362 1248.252184 -0.286037 0.958182 0.008334 0.412802 0.115372 0.903484 -0.864741 -0.261870 0.428541
-15.918080 -24.273979 -3329.599609 -1039.675511 -0.430909 0.831906 -0.349642 0.316013 0.502039 0.805042 -0.845253 -0.236409 0.479226
2.976442 -269.066070 858.791488 45543.310288 -0.617140 -0.015186 0.786707 -0.296158 0.930775 -0.214357 -0.728992 -0.365277 -0.578916
6.496382 -224.113996 -112.024128 -734.961394 -0.621994 -0.072428 0.779665 -0.125105 0.992114 -0.007641 -0.772963 -0.102293 -0.626150
4.494867 -207.621785 640.951436 792.001711 -0.597647 -0.084087 0.797338 -0.126828 0.991879 0.009539 -0.791665 -0.095424 -0.603458
38.230682 -703.133699 16634.691740 89932.565965 0.828986 0.177622 -0.530314 -0.227409 0.973353 -0.029472 0.510948 0.145030 0.847289
87.854871 -761.347346 -49308.602716 287980.915726 0.497378 0.780860 -0.377984 0.772601 -0.596872 -0.216407 0.394591 0.184395 0.900164
34.279047 -637.110737 -3983.997000 -24144.791394 0.684863 0.538232 -0.491192 0.587952 -0.009985 0.808834 -0.430436 0.842738 0.323292
8.528357 -12.712601 1284.810640 -1213.008214 0.451755 0.806576 -0.381251 0.569526 0.068204 0.819139 -0.686701 0.587182 0.428555
25.345397 -19.849247 7833.818858 -2498.076237 0.512366 0.794831 -0.325154 0.524611 0.010071 0.851283 -0.679900 0.606748 0.411817
10.494849 -14.596866 4117.457892 217.491418 0.578185 0.789204 -0.207026 0.453457 -0.099881 0.885664 -0.678291 0.605955 0.415620
4.301237 -10.410966 1238.906081 431.481215 0.575141 0.798891 -0.176026 0.433147 -0.114856 0.893975 -0.693971 0.590407 0.412096
1.439407 -29.225014 -674.367145 -529.677298 0.076687 0.993275 0.086740 0.669484 0.013170 -0.742709 0.738857 -0.115027 0.663972
-1.848639 -30.402878 -1748.023419 -347.209410 0.031757 0.986021 0.163566 0.651179 0.103739 -0.751800 0.758259 -0.130386 0.638782
1.380047 -28.889375 -1355.295018 -190.986278 0.072978 0.990754 0.114373 0.710585 0.028816 -0.703021 0.699816 -0.132577 0.701912
-3.025352 -30.339194 -1333.328025 -528.802705 0.050914 0.989016 0.138762 0.608029 0.079527 -0.789921 0.792280 -0.124589 0.597302
3.165012 -28.564019 481.799180 -155.806434 0.097049 0.994333 0.043403 0.722450 -0.040383 -0.690242 0.684578 -0.098343 0.722275
-0.385114 -29.930061 88.092937 -539.678643 0.099910 0.993597 0.052750 0.619920 -0.020692 -0.784392 0.778279 -0.111069 0.618018
2.391361 -29.296661 811.676594 -502.886692 0.110070 0.993464 0.030227 0.672483 -0.052044 -0.738281 0.731882 -0.101590 0.673816
-16.539891 -38.436774 -2733.267425 -1184.802337 0.280548 0.892631 -0.352850 0.055482 -0.382080 -0.922462 0.958235 -0.239218 0.156716
-21.533973 -39.903987 -2370.192600 -671.553933 0.242281 0.895139 -0.374201 -0.053475 -0.372785 -0.926376 0.968731 -0.244454 0.042451
-19.097053 -37.068514 -2751.430431 -1270.067088 0.238670 0.929426 -0.281431 0.072120 -0.305971 -0.949305 0.968419 -0.206274 0.140056
-237.367904 -671.368045 82829.815046 650667.077778 0.954599 0.189652 0.229724 -0.109943 -0.492421 0.863385 -0.276864 0.849443 0.449214
-172.974791 -1492.842817 70894.878462 233105.481282 0.390950 -0.126363 0.911696 0.835384 0.464533 -0.293841 -0.386383 0.876494 0.287171
-12.182604 -661.198902 20124.742101 68252.524172 0.747066 0.442060 0.496463 -0.647457 0.314636 0.694121 -0.150638 0.839992 -0.521269
-271.950846 -2273.881227 74065.636819 935961.012480 0.951486 0.257590 0.168293 -0.280487 0.501255 0.818578 -0.126500 0.826069 -0.549188
202.622336 -1503.737655 8355.925220 2520466.474472 0.931087 0.363526 -0.030427 -0.175594 0.519724 0.836094 -0.319755 0.773134 -0.547741
-142.554232 -1986.783801 -35659.499875 148930.563400 -0.992388 -0.041333 0.116010 -0.053168 0.993480 -0.100850 -0.111085 -0.106250 -0.988115
-205.517354 -4181.125020 -41812.426956 1187737.792285 -0.999291 -0.026903 -0.026328 -0.026518 0.999538 -0.014870 0.026716 -0.014162 -0.999543
-71.448663 -402.634304 29855.652109 47731.498214 -0.347221 0.936312 -0.052516 0.166758 0.006539 -0.985976 0.922838 0.351109 0.158408
10.032078 -437.232474 13373.086610 -58565.309691 -0.331327 0.942461 -0.044601 0.428127 0.108050 -0.897236 0.840791 0.316374 0.439293
-51.777234 -588.033849 26266.702914 -185290.956515 -0.326871 0.942078 -0.075133 0.655797 0.168858 -0.735810 0.680504 0.289787 0.673007
5.642246 -552.525141 20205.818771 160858.511901 -0.333458 0.938968 -0.084530 -0.189475 -0.154580 -0.969641 0.923528 0.307319 -0.229457
-69.823788 -971.163903 34235.071713 283108.807283 -0.355343 0.932592 -0.063273 -0.334344 -0.190022 -0.923096 0.872895 0.306861 -0.379329
-11.351702 -52.674631 -1697.265797 -1218.723396 0.115182 0.976955 0.179699 0.407349 -0.211447 0.888458 -0.905980 0.029134 0.422317
-10.429784 -54.087569 -1868.278518 -3156.863970 0.139553 0.967254 0.211999 0.438785 -0.252332 0.862436 -0.887690 0.027333 0.459631
-13.188357 -51.530119 -1258.858115 -1199.306212 0.161309 0.967448 0.194999 0.364711 -0.242036 0.899113 -0.917042 0.073917 0.391882
-10.687877 -49.323989 -825.778016 492.898439 0.107435 0.982401 0.152794 0.338286 -0.180635 0.923544 -0.934891 0.047533 0.351739
-14.989305 -50.736267 -630.684613 -1472.313007 0.214994 0.948636 0.232093 0.357056 -0.297549 0.885424 -0.909004 0.107491 0.402687
-17.034790 -43.469492 -1325.936884 236.997411 0.204036 0.948389 0.242752 0.258368 -0.291343 0.921067 -0.944254 0.125211 0.304477
-28.773371 -39.511918 -10821.707037 -556.808639 0.938390 0.246611 -0.242091 -0.295012 0.936507 -0.189530 -0.179980 -0.249273 -0.951562
-36.749663 -44.691584 -4612.888511 -6367.956561 0.015203 0.941328 -0.337151 0.994968 -0.047640 -0.088144 -0.099034 -0.334114 -0.937315
-22.685402 -34.457463 -10136.346876 -3902.775309 0.918354 0.271729 -0.287731 -0.355573 0.885729 -0.298415 -0.173763 -0.376360 -0.910033
-16.586885 -41.567976 -9590.825964 -2042.799403 0.882137 0.321272 -0.344409 -0.399120 0.898153 -0.184454 -0.250073 -0.300174 -0.920521
13.212079 -52.915535 -1089.447942 2412.798429 0.475453 0.847347 0.236532 0.859829 -0.390700 -0.328706 -0.186115 0.359661 -0.914333
8.512826 -52.730518 3261.091835 2415.601806 0.503898 0.813480 0.290407 0.851772 -0.412148 -0.323449 -0.143429 0.410346 -0.900580
11.325839 -52.447047 3106.743089 2537.278702 0.508172 0.817488 0.271063 0.820353 -0.363601 -0.441379 -0.262263 0.446663 -0.855401
13.618692 -52.141324 -118.976737 620.665569 0.454955 0.858003 0.238427 0.815428 -0.293779 -0.498769 -0.357900 0.421337 -0.833296
9.886456 -53.698920 2683.987412 -790.843824 0.529266 0.812411 0.244675 0.732144 -0.291576 -0.615588 -0.428770 0.504947 -0.749123
9.404250 -53.062217 95.471305 223.815471 0.867551 0.453385 -0.204441 -0.496852 0.808416 -0.315597 -0.022186 -0.375374 -0.926608
9.923182 -50.345021 762.046097 124.902460 0.877088 0.437686 -0.197859 -0.480238 0.807123 -0.343400 -0.009396 -0.396212 -0.918111
10.596442 -49.537541 794.742757 -11.666607 0.872359 0.448043 -0.195568 -0.487885 0.772589 -0.406293 0.030943 -0.449848 -0.892569
-1.782486 -365.707195 -10210.413668 -85423.087181 0.683844 0.105402 0.721975 -0.627866 0.589070 0.508706 0.371675 0.801179 -0.469010
404.103687 -50.297299 -136789.899922 42231.419548 0.737148 -0.671536 -0.075185 0.510098 0.480030 0.713702 0.443186 0.564456 -0.696402
-37.666990 -770.561503 26011.574191 212110.984778 0.558801 0.173505 0.810949 0.756153 -0.508158 -0.412321 0.340550 0.843606 -0.415156
10.369305 -162.651026 -10897.819429 6022.872841 0.875622 -0.276218 0.396219 -0.052182 0.761432 0.646141 0.480170 0.586451 -0.652313
-25.085003 -140.784868 -268.876845 12453.539719 0.830453 -0.160191 0.533560 -0.315119 0.654738 0.687036 0.459399 0.738686 -0.493250
1.824446 -47.679362 111.427877 297.544155 0.847074 0.520924 0.105378 0.398075 -0.753232 0.523621 -0.352141 0.401597 0.845409
2.322702 -48.482395 1280.980035 1149.677933 0.864316 0.492921 0.099932 0.410839 -0.806561 0.425053 -0.290119 0.326324 0.899635
0.209779 -51.049313 1286.261818 383.551283 0.850550 0.519074 0.084422 0.382775 -0.721129 0.577457 -0.360622 0.458842 0.812045
1.125992 -53.047194 -173.035135 274.503178 0.832380 0.545597 0.097296 0.380452 -0.690197 0.615536 -0.402988 0.475343 0.782080
-9.889315 -43.215076 -511.290646 1203.272317 0.937303 0.275857 -0.212991 -0.149547 0.870364 0.469151 -0.314798 0.407885 -0.857048
-12.780618 -47.806648 -294.201535 -466.493768 0.935712 0.303173 -0.180358 -0.219581 0.900710 0.374842 -0.276092 0.311141 -0.909376
-10.338250 -49.963561 242.891740 -2949.313696 -0.943845 -0.235072 0.232157 -0.162932 0.942471 0.291895 -0.287418 0.237678 -0.927847
-7.277583 -40.072250 2220.043516 2101.656134 0.916909 0.391517 -0.077408 -0.294975 0.795473 0.529351 -0.268826 0.462533 -0.844864
-7.291200 -46.043330 -1329.770879 1267.943976 0.930677 0.246639 -0.270203 -0.116233 0.899654 0.420848 -0.346887 0.360267 -0.865955
-8.012381 -44.062272 -2277.125175 5115.458976 0.917501 0.306295 -0.253722 -0.115693 0.815864 0.566552 -0.380535 0.490458 -0.783992
-6.947787 -41.874504 898.814934 2939.657102 0.926491 0.343254 -0.154244 -0.182542 0.768360 0.613434 -0.329078 0.540185 -0.774537
211.429396 -43.938669 -79329.285979 -5230.237467 -0.353921 0.471398 0.807790 -0.269720 0.775554 -0.570760 -0.895540 -0.419880 -0.147339
310.078404 -39.726399 -101181.717977 -4373.894301 -0.340347 0.375716 0.861975 -0.303684 0.823656 -0.478922 -0.889910 -0.424768 -0.166230
10.793262 -28.494481 -15194.841436 -3611.145288 -0.287155 0.385502 0.876887 -0.290344 0.837346 -0.463198 -0.912821 -0.387608 -0.128520
502.578668 -55.107040 -156403.472125 -4250.011246 -0.343325 0.446126 0.826499 -0.247412 0.805947 -0.537807 -0.906044 -0.389128 -0.166325
0.763892 -32.719816 -14166.654973 -7602.662005 -0.305685 0.529679 0.791200 -0.260142 0.752897 -0.604543 -0.915905 -0.390624 -0.092357
325.527906 -57.004814 -98573.963273 2645.176480 -0.374278 0.538995 0.754586 -0.102617 0.784659 -0.611375 -0.921621 -0.306258 -0.238370
6.186589 -173.817384 976.270238 32892.134417 0.974598 0.162084 0.154553 -0.005629 0.707601 -0.706590 0.223889 -0.687771 -0.690539
23.105994 -191.416285 6540.211769 39982.762113 0.964019 0.109276 0.242335 0.110558 0.664219 -0.739317 0.241753 -0.739508 -0.628239
25.056577 -209.704686 4300.803480 33066.331006 0.973508 0.112027 0.199327 0.124547 0.471268 -0.873152 0.191753 -0.874847 -0.444831
4.348167 -114.818903 1744.843543 14332.034319 0.970000 0.122208 0.210157 0.026118 0.807076 -0.589870 0.241699 -0.577662 -0.779672
7.375094 -208.432125 2047.408430 31236.363248 0.971330 0.196001 0.134545 0.004874 0.549405 -0.835542 0.237686 -0.812243 -0.532698
4.310789 -170.682750 1199.487402 30807.153695 0.969615 0.202224 0.137665 -0.079423 0.792473 -0.604714 0.231384 -0.575406 -0.784455
1.484150 -111.821074 -619.636561 13647.680385 0.974749 0.156623 0.159165 -0.053010 0.854700 -0.516409 0.216920 -0.494932 -0.841420
130.013870 -26.702882 -64441.836173 -3585.720948 -0.136208 -0.437600 -0.888793 0.986554 0.021878 -0.161962 0.090320 -0.898904 0.428736
346.896771 -20.003898 -108867.040510 -5341.519222 0.003431 -0.348703 -0.937227 0.999487 -0.028655 0.014320 -0.031849 -0.936795 0.348426
201.311979 -8.087119 -77450.576419 -3637.768996 -0.066933 -0.442847 -0.894096 0.997736 -0.023885 -0.062862 0.006482 -0.896279 0.443443
3.072794 -206.950056 -273.351179 -18111.569335 0.798688 -0.038127 -0.600537 -0.409419 -0.765813 -0.495889 0.440992 -0.641932 0.627255
0.973560 -245.875970 1165.509213 -23140.428694 0.788778 -0.033578 -0.613761 -0.557976 -0.457993 -0.692029 0.257862 -0.888321 0.379990
-0.955748 -248.801904 -3190.466064 -24623.898969 0.799682 -0.105562 -0.591071 -0.557767 -0.495027 -0.666216 0.222269 -0.862441 0.454743
4.429639 -190.423275 1421.157529 -15696.325046 0.790783 -0.055562 -0.609570 -0.502132 -0.628390 -0.594129 0.350037 -0.775912 0.524819
4.958125 -193.477750 -2371.010875 4104.816449 0.825295 -0.000153 -0.564702 0.206008 0.931164 0.300822 0.525784 -0.364600 0.768517
5.999381 -209.316748 618.197048 1727.803033 0.806092 -0.005293 -0.591766 0.239588 0.917264 0.318157 0.541122 -0.398244 0.740668
3.875639 -203.407559 -585.411110 -14199.691506 0.795711 -0.072682 -0.601299 -0.429574 -0.767590 -0.475681 0.426978 -0.636807 0.642002
-3.167240 -136.546180 -1749.750719 3276.478860 -0.978362 -0.145296 -0.147298 -0.139337 0.988979 -0.050053 0.152948 -0.028446 -0.987825
-3.832220 -149.312971 1797.056084 5836.273434 0.980578 0.123044 0.152732 -0.067441 0.942776 -0.326534 0.184170 -0.309892 -0.932764
-6.929848 -134.088131 2280.280328 4346.325708 0.984411 0.130881 0.117499 -0.108437 0.977591 -0.180438 0.138481 -0.164884 -0.976543
-1.780533 -145.479764 -906.684573 5718.011502 0.985050 0.114713 0.128517 -0.070499 0.949145 -0.306844 0.157180 -0.293197 -0.943043
45.944535 -89.207902 8328.360813 -442.229490 0.890262 0.084361 0.447568 0.065137 0.949011 -0.308441 -0.450767 0.303746 0.839373
71.937956 -109.599147 19992.147734 6011.212788 0.941234 0.037180 0.335702 0.014030 0.988761 -0.148848 -0.337463 0.144811 0.930134
83.371522 -90.439651 19389.668295 5011.527451 0.865417 -0.058898 0.497578 0.121534 0.988086 -0.094420 -0.486089 0.142185 0.862265
153.718613 -92.940733 38755.567381 9467.640416 0.859536 -0.183909 0.476840 0.150177 0.982708 0.108311 -0.488514 -0.021487 0.872292
1177.425871 -3073.728924 443530.663964 -1413650.145619 0.899912 0.258930 -0.350875 0.435876 -0.510078 0.741506 -0.013024 0.820229 0.571887
-3.428678 -246.613396 16869.362298 -1684.534544 0.751779 0.342008 -0.563789 0.589166 -0.732371 0.341344 0.296160 0.588781 0.752081
26.876583 -210.209843 20717.475408 -23719.808755 0.920301 0.092409 -0.380140 0.308404 -0.769213 0.559641 0.240693 0.632275 0.736407
-41.066582 -185.311857 3393.553589 -34272.890374 0.809095 0.305423 -0.502078 0.587503 -0.399528 0.703717 -0.014338 0.864346 0.502693
-41.022541 -129.678104 -2036.224738 5487.322978 0.774148 0.280107 -0.567657 0.616097 -0.539292 0.574098 0.145324 0.794169 0.590065
23.414291 -153.854216 26005.972603 -16614.800589 0.974893 -0.137578 -0.175086 -0.014633 -0.824179 0.566141 0.222190 0.549365 0.805500
19863.933697 -64.996664 46136875.571982 41064.884128 0.360551 -0.098995 0.927471 0.813984 0.518928 -0.261044 -0.455449 0.849066 0.267680
-3627.920438 -154096.938490 -1866793.551353 949869661.484954 -0.744063 -0.267842 0.612071 -0.411842 0.905241 -0.104522 -0.526076 -0.329848 -0.783865
-1350.602252 -5075.236022 723868.212205 -16482544.541662 0.833447 -0.525532 -0.170826 -0.288405 -0.149985 -0.945688 -0.471368 -0.837449 0.276571
3819.935451 -247572.906754 -2364825.266129 383196244.555110 0.967831 0.085657 -0.236570 -0.199655 -0.310693 -0.929305 0.153103 -0.946643 0.283597
-7.971201 -41.304888 -2814.995330 15.127527 -0.809629 0.393881 -0.435154 0.357868 0.918912 0.165925 0.465223 -0.021390 -0.884935
-0.077658 -35.652502 -3405.931662 823.105640 -0.691523 0.603484 -0.396994 0.589051 0.789218 0.173650 0.418109 -0.113767 -0.901245
-7.293199 -44.085629 -2336.797789 -203.556564 -0.797261 0.449226 -0.403201 0.446028 0.888484 0.107959 0.406736 -0.093767 -0.908721
5.247616 -43.267575 3501.939625 1467.209590 0.177147 0.942628 0.282970 -0.785785 -0.037653 0.617352 -0.592588 0.331716 -0.734033
10.480525 -42.228570 716.575837 1726.269554 0.178862 0.962446 0.204221 -0.769114 0.007329 0.639070 -0.613573 0.271375 -0.741541
9.774326 -45.434434 3406.541178 1229.791649 0.182515 0.946742 0.265269 -0.842921 0.011783 0.537908 -0.506134 0.321777 -0.800180
-55.219281 -77.137551 315.022711 4335.900150 0.072406 -0.969558 0.233910 0.981158 0.111363 0.157885 -0.179128 0.218071 0.959353
-47.841223 -71.064552 -271.344240 3000.065108 -0.357729 -0.895226 0.265707 0.923138 -0.296092 0.245246 -0.140877 0.333016 0.932338
-41.023865 -63.783556 -521.576501 3233.295474 -0.586272 -0.758704 0.283994 0.809974 -0.555497 0.188057 0.015079 0.340280 0.940203
-50.682325 -79.166230 -4150.141250 -1491.398377 -0.046551 0.992993 0.108617 -0.390310 0.082010 -0.917024 0.919506 0.085083 -0.383758
-56.339686 -81.098602 -2519.454181 4886.119379 -0.252360 0.962567 0.098893 -0.507057 -0.044503 -0.860763 0.824141 0.267367 -0.499307
-4.111057 -83.641694 -10417.808272 -3106.043276 0.383523 0.864429 -0.325073 -0.597291 -0.036295 -0.801203 0.704382 -0.501443 -0.502396
25.773480 -96.298925 -9299.014941 -4031.851056 0.338530 0.898073 -0.280825 -0.632642 -0.003689 -0.774436 0.696536 -0.439832 -0.566909
10.420081 -87.874325 -12634.467767 -156.581181 0.315934 0.867181 -0.384944 -0.791770 0.017426 -0.610570 0.522767 -0.497688 -0.692114
-11.036997 -81.620430 -12926.664828 -1452.076699 0.318741 0.851613 -0.416124 -0.781202 -0.012592 -0.624151 0.536775 -0.524020 -0.661268
39.357691 -63.165567 -9888.628804 -6278.274506 0.133157 -0.169356 0.976518 0.978257 0.180530 -0.102085 -0.159002 0.968879 0.189713
52.890275 -65.212668 -8318.325634 -6119.162780 0.159008 -0.270934 0.949374 0.982356 0.139312 -0.124774 -0.098453 0.952464 0.288306
51.146265 -45.961490 -7597.765108 -4973.320731 0.200102 -0.238392 0.950331 0.947647 0.293439 -0.125927 -0.248844 0.925777 0.284630
25.869949 -54.699754 -9902.394936 -5714.390486 0.188863 -0.103290 0.976556 0.938246 0.312526 -0.148398 -0.289871 0.944277 0.155936
30.085021 -40.135979 -6803.196627 -4460.048049 0.294517 -0.119718 0.948118 0.874256 0.434405 -0.216721 -0.385922 0.892726 0.232604
46.006466 -33.095441 -5128.386951 -3663.401621 0.260337 -0.242442 0.934584 0.907943 0.390732 -0.151555 -0.328428 0.888004 0.321846
-5.277412 -42.502464 -5876.322090 -486.789869 0.193830 -0.936882 0.291002 0.978632 0.163903 -0.124159 0.068626 0.308850 0.948632
-1.439003 -41.749398 6568.812174 -549.795843 0.474127 0.854108 0.213783 0.481489 -0.454808 0.749211 -0.737138 0.252287 0.626880
-4.895939 -39.921194 5234.358041 -1752.294802 0.441780 0.873747 0.203460 0.417623 -0.401016 0.815338 -0.793990 0.275231 0.542058
2.478535 -70.496675 -702.059431 -1412.014875 0.183655 0.977486 0.103882 -0.538683 0.188479 -0.821155 0.822247 -0.094850 -0.561171
1.671383 -68.065255 -368.423959 -1703.962686 0.157208 0.984985 0.071353 -0.550682 0.147408 -0.821596 0.819778 -0.089869 -0.565587
0.702377 -65.762460 -426.731476 -818.585783 0.171790 0.981580 0.083601 -0.448999 0.153551 -0.880240 0.876863 -0.113680 -0.467107
-0.920961 -132.487849 -398.469415 -3415.355712 -0.115076 0.983717 0.138055 0.050951 -0.132950 0.989812 -0.992049 -0.120938 0.034822
-0.016719 -104.304073 -544.354584 -11866.476668 -0.109763 0.989394 0.095135 -0.404855 -0.131917 0.904815 -0.907769 -0.060800 -0.415041
-0.604498 -105.789698 494.255108 -11854.473169 -0.093520 0.989760 0.107835 -0.411565 -0.137054 0.901017 -0.906570 -0.039882 -0.420167
-0.490975 -121.336731 -171.328014 -10828.248382 -0.107159 0.986849 0.121017 -0.259364 -0.145250 0.954795 -0.959816 -0.070927 -0.271518
-11.804102 -100.411639 -2374.981938 -15524.519916 -0.078349 0.986146 -0.146209 0.985194 0.054157 -0.162663 -0.152491 -0.156789 -0.975789
-5.471415 -109.679552 -3664.117257 -18722.681032 -0.050979 0.978935 -0.197704 0.987292 0.019563 -0.157711 -0.150521 -0.203232 -0.967492
-0.671973 -83.191312 -2694.502677 18559.404966 -0.073902 0.980344 -0.182934 -0.951296 -0.014248 0.307949 -0.299290 -0.196783 -0.933650
-0.522734 -53.092222 -2190.689646 12029.049289 -0.161661 0.977386 -0.136315 -0.894845 -0.086946 0.437827 -0.416074 -0.192760 -0.888665
-3.638716 -42.166933 -2007.054011 12341.866607 -0.138796 0.979911 -0.143217 -0.888284 -0.059252 0.455456 -0.437820 -0.190432 -0.878663
-10.681722 -36.114250 287.530024 -611.220205 0.222773 0.958524 0.177776 0.930669 -0.263395 0.253926 -0.290219 -0.108883 0.950746
-9.737378 -36.276161 -336.295996 512.699488 0.233940 0.945107 0.228136 0.934857 -0.283112 0.214221 -0.267050 -0.163159 0.949770
-11.118560 -39.687749 -89.375985 2725.356998 0.198997 0.961940 0.187274 0.966671 -0.224083 0.123832 -0.161084 -0.156390 0.974471
-10.188858 -38.696056 28.072310 -3506.069104 0.234512 0.943322 0.234837 0.887410 -0.306362 0.344449 -0.396872 -0.127619 0.908959
-11.321515 -37.317226 393.780932 3232.654283 0.187846 0.970326 0.152256 0.968476 -0.208805 0.135851 -0.163611 -0.121937 0.978960
-10.557977 -38.137378 434.985426 2429.169873 0.147389 0.982422 0.114562 0.971528 -0.165522 0.169518 -0.185501 -0.086315 0.978846
-10.065084 -37.314054 91.331753 -279.497520 0.156895 0.979227 0.128445 0.939413 -0.188104 0.286565 -0.304774 -0.075702 0.949412
-10.790722 -39.054943 152.772226 -4592.949282 0.245956 0.946318 0.209734 0.878668 -0.309031 0.363928 -0.409205 -0.094776 0.907507
-0.990726 -19.505192 5673.735121 1423.218037 0.333401 0.942062 -0.036919 0.291725 -0.065847 0.954233 -0.896515 0.328913 0.296777
6.975458 -20.335653 8108.828236 -2363.352457 0.367849 0.929202 -0.035634 0.303869 -0.083901 0.949012 -0.878835 0.359922 0.313218
19.498384 -17.603891 10629.615176 477.943724 0.368291 0.929149 -0.032311 0.299040 -0.085482 0.950404 -0.880305 0.359688 0.309335
-8.577476 -20.222617 2650.298694 -2583.432097 0.330950 0.943542 -0.014166 0.286760 -0.086257 0.954111 -0.899022 0.319826 0.299116
18.461173 -21.041430 11699.545595 3946.807981 0.349269 0.933227 -0.084252 0.298126 -0.025432 0.954188 -0.888331 0.358386 0.287102
-12.740901 -18.821584 1336.045223 -6.370710 0.281783 0.954483 -0.097780 0.301793 0.008567 0.953335 -0.910779 0.298143 0.285643
-13.040905 -20.229459 905.194186 3166.572006 0.298132 0.954513 -0.004642 0.266974 -0.078715 0.960484 -0.916429 0.287590 0.278297
-3.069354 -25.239588 3920.446530 3779.891954 0.322384 0.946179 -0.028541 0.243870 -0.053883 0.968310 -0.914656 0.319128 0.248116
25.573496 -36.180438 13712.025428 1760.986795 0.457564 0.866041 0.201516 0.673499 -0.485529 0.557369 -0.580547 0.119311 0.805438
36.906451 -33.241459 14456.893582 2626.992282 0.402732 0.897685 0.178797 0.737920 -0.433997 0.516837 -0.541554 0.076209 0.837204
62.001555 -39.220572 21218.899469 623.202725 0.401132 0.897636 0.182601 0.676849 -0.424768 0.601205 -0.617226 0.117569 0.777952
2.775043 -28.733302 4746.499696 3791.697269 0.412001 0.879717 0.237387 0.745890 -0.475254 0.466671 -0.523357 0.015204 0.851978
50.847565 -40.288499 23102.385672 -258.313901 0.470600 0.865051 0.173846 0.602843 -0.459094 0.652543 -0.644295 0.202285 0.737540
-2.654993 -35.787954 4257.879569 2969.023865 0.501323 0.817470 0.283582 0.639079 -0.570770 0.515557 -0.583312 0.077229 0.808568
7.636245 -40.063106 10238.227888 776.935113 0.509860 0.822258 0.252854 0.581461 -0.546019 0.603131 -0.633992 0.160488 0.756504
-8.397070 -36.826730 6.745187 3718.438946 0.217163 0.956549 0.194560 0.856900 -0.282272 0.431330 -0.467507 -0.073050 0.880966
-8.635158 -37.600132 554.078411 2780.327102 0.209714 0.953902 0.214688 0.859484 -0.284530 0.424652 -0.466162 -0.095466 0.879534
-8.253450 -39.101603 -109.315381 -223.094199 0.206555 0.947004 0.246005 0.884316 -0.288285 0.367257 -0.418714 -0.141688 0.896997
-1.726548 -45.718121 1625.044692 -1703.251554 0.066479 0.997678 -0.014784 -0.330518 0.035999 0.943113 -0.941455 0.057810 -0.332144
-3.476693 -46.242964 830.742524 -1283.745911 0.046114 0.998639 0.024380 -0.223508 -0.013472 0.974609 -0.973611 0.050392 -0.222582
-2.332254 -46.246937 205.349860 -1519.743246 0.054980 0.997907 -0.034036 -0.240567 0.046322 0.969527 -0.969074 0.045117 -0.242610
-6.038176 -49.549428 105.969493 -827.915121 0.037811 0.998802 0.031051 -0.105193 -0.026922 0.994087 -0.993733 0.040854 -0.104049
-9.587298 -149.391672 -1320.761783 -8626.406906 0.713665 0.206140 -0.669469 0.064406 0.932361 0.355745 0.697521 -0.297001 0.652116
-9.135445 -161.692297 -1953.099005 -5002.340971 0.724549 0.177028 -0.666101 0.235845 0.844425 0.480961 0.647616 -0.505576 0.570076
-9.980521 -148.816545 -148.979366 -3891.040825 0.686061 0.178836 -0.705222 0.286987 0.824199 0.488196 0.668550 -0.537321 0.514126
-9.651122 -163.599866 -637.778345 -10172.352914 0.686333 0.129735 -0.715623 -0.438631 -0.711030 -0.549581 0.580130 -0.691090 0.431097
-10.129976 -152.404478 -362.770629 -3775.971321 0.678918 0.173703 -0.713371 0.225279 0.875462 0.427570 0.698799 -0.450992 0.555235
-9.471838 -164.725905 74.251401 -4863.583456 0.656085 0.142961 -0.741023 -0.448835 -0.715455 -0.535417 0.606712 -0.683876 0.405233
-408.384813 -104191.318602 -159445.697265 23969331.628668 0.875167 0.282061 -0.393096 -0.339330 -0.221308 -0.914264 0.344874 -0.933522 0.097970
134.673273 -3611.004160 15099.838963 1482028.348271 0.873249 0.094294 -0.478064 -0.376662 -0.491791 -0.785027 0.309131 -0.865593 0.393939
-90.627035 -825.066215 32748.590227 28925.438652 -0.461492 -0.215820 0.860492 -0.585147 0.803101 -0.112395 -0.666805 -0.555384 -0.496911
12.935096 -18.108277 -2318.253545 -2835.809009 0.174555 0.429726 0.885927 -0.193864 0.897128 -0.396961 -0.965374 -0.102458 0.239906
12.785135 -16.236355 1506.020974 -9491.050399 0.277236 0.055944 0.959172 -0.056028 0.997546 -0.041988 -0.959167 -0.042100 0.279690
21.217672 -1.600344 -8813.946977 -3247.211704 0.107483 0.872593 0.476476 0.285627 -0.486150 0.825879 -0.952295 -0.047327 0.301488
-5.420529 -31.870088 -981.400673 -761.360612 -0.033164 0.971011 0.236724 0.585953 0.210768 -0.782455 0.809666 -0.112759 0.575957
-6.610385 -33.036314 -1105.515480 -683.665094 -0.078004 0.957750 0.276821 0.592366 0.267863 -0.759837 0.801884 -0.104709 0.588233
-4.095346 -45.530096 -849.206302 848.357753 0.055410 0.998350 -0.015043 -0.997973 0.055849 0.030499 -0.031288 -0.013323 -0.999422
-7.555183 -46.594826 -1196.481241 1985.097718 0.045042 0.998947 -0.008725 -0.998620 0.044787 -0.027437 0.027017 -0.009948 -0.999585
-4.626710 -48.584560 -797.563626 1817.646822 0.076067 0.996964 -0.016606 -0.992799 0.074182 -0.094060 0.092543 -0.023641 -0.995428
467.945049 -1157.440542 316520.058618 2411292.421459 0.917757 0.171883 0.358021 -0.201332 0.978425 0.046365 -0.342327 -0.114632 0.932562
-914.940192 -3594.589682 22945.472834 -1381629.114697 -0.280165 -0.022518 0.959688 -0.286281 0.956193 -0.061139 -0.916270 -0.291869 -0.274338
-16.835754 -302.572631 -13758.938513 12101.285411 0.592924 0.332669 0.733330 -0.591954 -0.437325 0.677006 -0.545922 0.835511 0.062376
-158.536731 -864.576179 34159.573648 263337.386864 0.925035 0.331836 0.184921 -0.261395 0.202788 0.943689 -0.275650 0.921283 -0.274326
31.943144 -767.275657 4434.296122 273681.714105 -0.233305 0.972355 -0.009700 -0.090889 -0.031737 -0.995355 0.968147 0.231340 -0.095781
-45.838004 -59.563356 -3601.015507 753.786784 0.754901 -0.291483 -0.587505 0.586659 0.700577 0.406230 -0.293183 0.651329 -0.699867
-46.582939 -60.315700 -3208.112960 -1345.900067 0.755756 -0.268920 -0.597089 0.533266 0.781939 0.322799 -0.380080 0.562364 -0.734361
-42.540321 -58.781414 -2363.622529 1345.817522 0.675145 -0.308184 -0.670225 0.674880 0.624886 0.392498 -0.297853 0.717314 -0.629876
-50.243233 -61.513440 -1895.959034 -492.661405 0.853625 -0.271515 -0.444526 0.457533 0.798745 0.390730 -0.248973 0.536922 -0.806056
-47.880536 -59.416091 -2560.633360 2772.785229 0.783995 -0.338507 -0.520350 0.603239 0.613227 0.509955 -0.146470 0.713698 -0.684968
-31.842183 -62.178089 2411.315412 14150.101738 0.425617 0.841375 -0.333073 0.889988 -0.455768 -0.014043 -0.163619 -0.290454 -0.942796
-21.200092 -48.122823 4719.915170 -3336.206973 -0.673280 -0.650755 0.351016 -0.681351 0.730429 0.047263 -0.287149 -0.207344 -0.935176
-46.915055 -156.463822 6794.238070 61098.271789 0.012859 0.994809 -0.100942 0.999496 -0.015718 -0.027573 -0.029016 -0.100537 -0.994510
-10.744177 -16.691258 923.146086 -118.448637 -0.031088 0.824920 0.564394 -0.519440 -0.495760 0.695992 -0.853941 0.271532 -0.443908
-5.624358 -15.757213 3119.449535 635.072685 0.176979 0.933655 0.311394 -0.522200 -0.179106 0.833804 -0.834258 0.310176 -0.455856
-8.104364 -17.123919 -577.309271 486.817355 -0.052876 0.829362 0.556203 -0.556305 -0.487013 0.673307 -0.829294 0.273817 -0.487130
-4.650008 -15.921667 3624.841021 -472.895545 0.208816 0.938564 0.274762 -0.480645 -0.146186 0.864644 -0.851690 0.312615 -0.420590
-9.929804 -20.282917 -2046.502005 1080.984808 -0.305535 0.513970 0.801551 0.425452 0.826790 -0.367980 -0.851844 0.228590 -0.471283
-14.280201 -20.287409 -1282.961781 1872.076816 -0.327465 0.381409 0.864461 0.370773 0.893393 -0.253723 -0.869076 0.237434 -0.433972
-9.924950 -18.427565 3150.651040 -1030.870910 0.162428 0.935536 0.313672 -0.461739 -0.208873 0.862072 -0.872017 0.284860 -0.398047
-2.085060 -43.483998 -970.874963 794.844174 -0.906133 -0.351191 0.235770 -0.278585 0.914909 0.292116 -0.318297 0.199014 -0.926866
-0.680842 -44.803794 -1394.236605 948.271245 -0.915402 -0.332265 0.227242 -0.260161 0.919113 0.295883 -0.307172 0.211732 -0.927801
-0.467292 -46.256864 -1042.793944 -4766.846317 -0.905745 -0.356253 0.229586 -0.332793 0.933252 0.135237 -0.262440 0.046086 -0.963847
-2.265376 -47.065749 1955.328378 4947.839390 0.918478 0.321226 -0.230676 -0.199910 0.880406 0.430025 -0.341223 0.348854 -0.872850
-1.834492 -46.399787 58.782017 -3960.954704 -0.903433 -0.347470 0.251145 -0.320839 0.936497 0.141546 -0.284379 0.047300 -0.957544
-3.157491 -44.487478 742.904743 1330.589487 -0.882623 -0.396852 0.251962 -0.314557 0.896918 0.310793 -0.349328 0.195057 -0.916473
-4.124188 -47.508952 -575.391608 4454.681644 -0.901974 -0.355842 0.244580 -0.230859 0.876097 0.423270 -0.364893 0.325316 -0.872366
2.859500 -56.563048 1507.956822 -151.496260 0.905198 0.405799 -0.126265 -0.407214 0.743148 -0.530950 0.121625 -0.532032 -0.837943
0.330264 -56.778623 1525.490977 410.943835 0.929344 0.357739 -0.091331 -0.327248 0.683574 -0.652407 0.170960 -0.636199 -0.752346
-2.489795 -61.429543 2597.029514 498.340245 0.935097 0.349960 -0.055867 -0.306173 0.718380 -0.624651 0.178469 -0.601214 -0.778903
0.040208 -60.642196 1857.639164 252.018446 0.916707 0.387581 -0.097103 -0.382922 0.782799 -0.490505 0.114098 -0.486833 -0.866011
121.420226 -407.922363 39405.959510 -34315.148750 -0.756100 0.471295 -0.454087 0.109811 0.775361 0.621898 0.645178 0.420353 -0.638004
7.314698 -179.321157 9964.301271 -17993.352240 -0.879222 0.331930 -0.341749 0.238813 0.927772 0.286719 0.412235 0.170476 -0.894986
55.499210 -198.637529 27469.012907 -19501.021218 -0.857063 0.394654 -0.331198 0.254377 0.883162 0.394103 0.448036 0.253522 -0.857316
40.469077 -145.072501 16937.735406 -3111.094028 -0.845052 0.467642 -0.259227 0.272378 0.793707 0.543912 0.460106 0.389026 -0.798099
2.683443 -47.687199 1014.054686 809.346018 0.872347 0.472189 0.126683 -0.404716 0.842852 -0.354689 -0.274255 0.258141 0.926362
1.856642 -49.767234 -907.778285 577.133178 0.869520 0.472670 0.143241 -0.407475 0.850430 -0.332766 -0.279105 0.230979 0.932067
0.396446 -51.588472 -283.207147 267.701116 0.867202 0.482143 0.124491 -0.424258 0.846281 -0.322200 -0.260700 0.226596 0.938451
2.432417 -51.613310 -878.088765 257.900984 0.884708 0.441041 0.150914 -0.416821 0.893428 -0.167474 -0.208694 0.085261 0.974257
-10.583278 -52.155452 1957.202321 3685.653921 0.921243 0.379280 -0.086360 -0.312227 0.853411 0.417379 -0.232004 0.357543 -0.904620
347.322319 -62.967838 -131022.463890 -12813.655881 -0.317951 0.237941 0.917764 -0.334488 0.877604 -0.343409 -0.887144 -0.416168 -0.199447
501.762016 -48.039489 -181245.572047 -4002.265892 -0.297104 0.336524 0.893577 -0.362810 0.825861 -0.431652 -0.883232 -0.452444 -0.123272
58.539897 -226.399696 15082.667690 39668.862744 0.937315 0.043856 0.345713 0.281628 0.488960 -0.825593 0.205247 -0.871203 -0.445959
20.765562 -190.728222 3660.550237 37990.245025 0.961083 0.025996 0.275033 0.168441 0.733957 -0.657978 0.218967 -0.678699 -0.701014
2881.533165 -115.024028 -953720.176082 14844.952981 0.169431 -0.318412 -0.932688 0.979243 0.161214 0.122851 0.111245 -0.934143 0.339118
-2.648574 -189.410954 -3239.554407 -12378.850776 0.825686 -0.089826 -0.556933 -0.464624 -0.668202 -0.581060 0.319949 -0.738537 0.593460
-3.139420 -215.072694 -850.153634 -11631.424250 0.801667 -0.066482 -0.594062 -0.575968 -0.351857 -0.737873 0.159970 -0.933690 0.320364
-3.436358 -237.723343 893.175205 -33946.920914 0.795493 -0.034212 -0.604996 -0.507416 -0.583370 -0.634198 0.331240 -0.811485 0.481427
40.306494 -102.287735 4514.790993 19924.572627 0.761534 -0.497379 0.415548 0.643313 0.658057 -0.391293 0.078833 -0.565310 -0.821103
17.053969 -65.515487 3824.569667 5688.288006 0.808819 -0.415629 0.416009 0.559135 0.762671 -0.325116 0.182151 -0.495565 -0.849256
