17589
35167
-37.311549 -58.652545 -121.049732 8210.804403 0.413327 0.909675 -0.040658 0.878809 -0.410198 -0.243788 0.238445 -0.065033 0.968976
-42.493746 -69.239504 694.488114 5015.376806 0.386617 0.920382 -0.058525 0.912745 -0.390948 -0.118559 0.132000 0.007582 0.991221
-41.486013 -76.099433 -544.413019 12008.916435 0.030886 0.997712 0.060141 0.988256 -0.021474 -0.151289 0.149651 -0.064107 0.986658
-37.706337 -61.263243 -66.348763 5671.670219 0.606340 0.776864 -0.169805 0.765938 -0.627953 -0.137892 0.213753 0.046451 0.975783
-30.485834 -60.266009 -3599.338535 12853.979329 0.167243 0.979378 0.113350 0.943937 -0.125869 -0.305188 0.284627 -0.158035 0.945522
-31.130191 -47.098483 30.215579 6843.131524 0.586495 0.805783 -0.082082 0.748004 -0.577719 -0.326696 0.310666 -0.130207 0.941559
-32.026331 -50.551287 1188.736243 -3758.873314 0.760101 0.612180 -0.217904 -0.574936 0.789852 0.213502 0.302813 -0.037002 0.952331
95.162937 -99.237733 15319.916398 9529.636298 -0.618664 0.785290 0.023971 0.286746 0.254098 -0.923694 0.731459 0.564583 0.382380
89.488227 -83.963014 11568.168808 11974.746662 -0.538501 0.833661 0.122579 0.073575 0.191436 -0.978744 0.839407 0.518035 0.164425
107.046146 -96.999222 4840.526082 4104.997937 -0.419789 0.891728 0.169112 0.238290 0.288070 -0.927488 0.875783 0.349051 0.333419
67.175085 -76.970710 16848.849735 12987.194251 -0.674759 0.738011 0.006261 0.138952 0.135366 -0.981004 0.724839 0.661072 0.193888
100.504796 -109.562040 16021.468711 245.038417 -0.648664 0.759382 -0.050738 0.496824 0.371999 -0.784081 0.576542 0.533813 0.618581
76.441108 -102.795300 -18043.204161 -7190.724936 0.691735 -0.710167 0.131021 -0.434065 -0.263882 0.861368 0.577141 0.652709 0.490794
62.215525 -90.728609 -16696.368240 -14364.932021 0.691074 -0.715875 0.099697 -0.298311 -0.156859 0.941491 0.658352 0.680381 0.321955
-45.634196 -72.144543 152.461483 -1741.134315 -0.537866 0.791817 0.289356 -0.456047 0.015387 -0.889823 0.709029 0.610565 -0.352829
-49.412909 -77.786925 4590.926877 -1742.777321 -0.486754 0.835459 0.255104 -0.436663 0.020220 -0.899398 0.756568 0.549180 -0.354972
-49.372061 -78.362906 3418.237128 1877.553534 -0.548130 0.825296 0.135795 -0.496446 -0.190365 -0.846937 0.673123 0.531646 -0.514060
-43.903469 -67.390154 -2143.236256 -3088.284138 -0.514177 0.725021 0.458221 -0.497244 0.183319 -0.848023 0.698835 0.663881 -0.266254
-39.684216 -66.281410 -483.081113 -3548.778317 -0.504504 0.748945 0.429602 -0.430017 0.213509 -0.877211 0.748707 0.627292 -0.214343
-46.104593 -68.934941 2564.343361 -38.785537 0.575706 -0.747694 -0.330932 0.523090 0.025717 0.851889 0.628442 0.663545 -0.405917
-3.070547 -131.963441 -144.735728 -3806.936448 0.205378 -0.242054 0.948277 0.582102 0.809125 0.080463 -0.786751 0.535469 0.307077
-1.456858 -120.906763 -1233.234992 -3257.051595 0.192307 -0.239559 0.951646 0.409219 0.900984 0.144112 -0.891940 0.361718 0.271298
-2.945324 -121.166555 639.720952 -5289.226400 0.220441 -0.250875 0.942586 0.377566 0.912970 0.154692 -0.899360 0.321788 0.295978
-4.243011 -129.923674 -268.789807 -5914.731773 0.211321 -0.252403 0.944265 0.569935 0.816663 0.090746 -0.794051 0.518993 0.316432
-1.521445 -111.468392 751.043958 -4292.223735 0.218219 -0.261902 0.940100 0.155799 0.960310 0.231368 -0.963383 0.095977 0.250362
-3.502743 -118.419800 -13.402974 -5772.704020 0.206478 -0.259989 0.943277 0.361587 0.916082 0.173344 -0.909187 0.305285 0.283160
-1.099533 -19.342573 1605.076374 -4271.802422 -0.294302 -0.206860 -0.933057 0.021451 0.974619 -0.222841 0.955472 -0.085597 -0.282395
0.234775 -26.037040 446.618832 -6339.630276 -0.284191 -0.122322 -0.950933 0.029341 0.990254 -0.136149 0.958319 -0.066593 -0.277832
-2.201046 -34.533788 1594.409440 -8600.875909 -0.287861 -0.106171 -0.951769 0.011160 0.993396 -0.114190 0.957607 -0.043493 -0.284775
-5.729040 -23.336552 2585.998241 -5630.920112 -0.290192 -0.150234 -0.945103 0.031101 0.985598 -0.166220 0.956463 -0.077629 -0.281340
-3.143308 -15.320573 2994.694721 -1539.205832 -0.298837 -0.327788 -0.896243 -0.000638 0.939227 -0.343296 0.954304 -0.102017 -0.280885
0.157877 -13.178847 1965.408469 -248.202018 -0.291044 -0.458185 -0.839857 -0.039097 0.882823 -0.468076 0.955911 -0.103395 -0.274854
5.749993 -42.903393 3793.724769 -5613.938988 0.681399 0.669835 -0.294985 -0.633423 0.741619 0.220852 0.366701 0.036362 0.929628
5.347122 -40.185643 2475.181433 -1609.646930 0.675877 0.684681 -0.272767 -0.683058 0.720919 0.117082 0.276807 0.107183 0.954929
2.604931 -40.911221 2127.897613 -3069.921298 0.684113 0.678394 -0.267901 -0.646310 0.734062 0.208413 0.338042 0.030569 0.940635
3.907474 -44.904181 2839.410850 -782.197031 0.674630 0.684484 -0.276325 -0.631502 0.729018 0.264079 0.382204 -0.003656 0.924071
0.409472 -43.781978 1157.187449 -3327.983716 0.686454 0.678700 -0.261050 -0.623439 0.734086 0.269151 0.374306 -0.022011 0.927044
-2.166352 -42.133058 964.775692 -2139.762786 0.672102 0.695638 -0.253705 -0.659709 0.718153 0.221450 0.336248 0.018535 0.941591
-5.575443 -40.461376 -961.331938 95.113490 0.363792 0.781139 -0.507422 -0.078639 0.568558 0.818876 -0.928155 0.257997 -0.268265
-8.256140 -41.301492 -1629.989495 -1373.817857 0.380749 0.732236 -0.564678 -0.102202 0.640258 0.761331 -0.919013 0.232165 -0.318613
-4.775386 -42.227423 -457.985423 -1110.990707 0.373942 0.777687 -0.505341 -0.197938 0.599237 0.775716 -0.906084 0.190047 -0.378014
-8.376392 -42.062817 -1100.443110 1104.392129 0.374942 0.752877 -0.540920 0.011144 0.579784 0.814694 -0.926981 0.311490 -0.208996
-6.762123 -41.473923 -1066.093667 1419.020814 0.359290 0.780212 -0.512035 0.013598 0.544237 0.838821 -0.933127 0.308343 -0.184930
-4.262761 -43.392369 -1508.311991 105.849786 0.340956 0.816694 -0.465575 -0.026049 0.503269 0.863737 -0.939718 0.282369 -0.192867
-7.450679 -47.475567 -1869.638314 2269.631283 0.325371 0.837047 -0.439871 -0.537261 0.546450 0.642451 -0.778129 -0.027290 -0.627512
-4.264290 -44.979276 -305.322013 1959.105708 0.341606 0.824310 -0.451462 -0.531485 0.565606 0.630566 -0.775131 -0.024540 -0.631323
-4.282183 -43.959701 -620.020629 97.859526 0.353373 0.809409 -0.469026 -0.475630 0.587186 0.654972 -0.805545 0.008366 -0.592475
-8.024147 -46.765721 -2727.007143 133.874027 0.357577 0.805208 -0.473053 -0.467709 0.592846 0.655577 -0.808324 0.013168 -0.588591
5.493738 -78.842410 -1769.301302 -1287.452942 0.580696 0.672273 -0.459174 0.814107 -0.482740 0.322786 -0.004661 -0.561258 -0.827628
6.950227 -82.438003 -959.034421 -2438.624565 0.549287 0.705855 -0.447272 0.832269 -0.510093 0.217100 -0.074909 -0.491501 -0.867649
4.572853 -74.049839 -1089.247780 -3081.359810 0.540205 0.699911 -0.467229 0.826807 -0.544843 0.139769 -0.156741 -0.461813 -0.873019
4.859238 -72.510702 -1107.105755 -2666.978253 0.575697 0.672244 -0.465469 0.813529 -0.528092 0.243494 -0.082124 -0.518851 -0.850911
-9.193248 -109.854141 2820.094030 -2100.828016 0.062681 0.955240 0.289117 -0.628539 -0.187239 0.754904 -0.775248 0.229039 -0.588669
-9.110532 -111.796761 1754.902379 -200.927495 0.058539 0.951366 0.302451 -0.449420 -0.245416 0.858948 -0.891400 0.186210 -0.413196
-10.269567 -110.074869 1740.935154 -2923.645782 0.061761 0.950659 0.304028 -0.638484 -0.196498 0.744128 -0.767153 0.240075 -0.594845
-11.064620 -105.711777 1498.344725 -2546.570323 0.077030 0.958945 0.272931 -0.778702 -0.113090 0.617117 -0.622647 0.260069 -0.738021
-0.336983 -53.304621 2479.334372 3629.848785 0.187890 0.977145 -0.099428 -0.482235 0.179965 0.857358 -0.855656 0.113141 -0.505027
-3.565272 -56.221007 913.334993 4997.297543 0.132270 0.990499 -0.037641 -0.462904 0.095306 0.881270 -0.876484 0.099141 -0.471112
-4.015604 -46.809059 899.580176 1575.645633 0.123068 0.992179 -0.020880 -0.412569 0.070287 0.908211 -0.902575 0.103157 -0.417992
-1.952913 -46.600609 2576.020055 -810.128675 0.183251 0.978648 -0.093099 -0.438786 0.166171 0.883093 -0.879708 0.120977 -0.459868
-6.854066 -44.753480 1852.293488 -2690.883695 0.172423 0.978158 -0.116089 -0.355750 0.171738 0.918666 -0.918538 0.117101 -0.377591
-10.698429 -46.020875 -359.774593 1491.893314 0.104234 0.991801 -0.073929 -0.283823 0.100907 0.953552 -0.953194 0.078410 -0.292014
60.820018 -25.032797 7702.542775 -2525.198895 -0.084962 0.834462 0.544476 0.437865 -0.459590 0.772691 -0.895017 -0.304056 0.326334
60.546811 -23.074568 -7671.571229 -2153.114391 -0.245670 0.700881 0.669636 0.445721 -0.531772 0.720105 -0.860802 -0.475379 0.181757
57.741619 -17.170829 -232.887954 -1204.170079 -0.142120 0.820353 0.553916 0.416399 -0.458125 0.785323 -0.898005 -0.342261 0.276486
-7.823105 -57.894686 -947.505720 -192.999606 0.494048 0.742462 -0.452401 0.794026 -0.173338 0.582647 0.354175 -0.647074 -0.675171
-9.891151 -62.132049 -2396.948913 5000.831253 0.485846 0.736234 -0.471077 0.826267 -0.211120 0.522217 0.285020 -0.642952 -0.710898
-7.411279 -57.253528 575.005337 2209.729880 0.496896 0.762599 -0.414172 0.793792 -0.206540 0.572045 0.350698 -0.613013 -0.707973
-1.952188 -59.297603 402.455219 -2760.046468 0.348279 0.885147 -0.308574 0.018401 0.322664 0.946335 -0.937210 0.335266 -0.096089
-0.039796 -56.979261 216.769232 -1652.543025 0.351004 0.885892 -0.303303 0.022646 0.315786 0.948560 -0.936100 0.339817 -0.090780
-1.113704 -55.973340 519.972811 -1617.521122 0.350430 0.871641 -0.342695 -0.077125 0.391510 0.916936 -0.933408 0.294892 -0.204423
-1.040672 -65.062150 158.370831 -2964.865415 0.353789 0.897719 -0.262554 0.139114 0.227082 0.963889 -0.924922 0.377538 0.044546
-2.540888 -57.302379 705.678892 -1400.322491 0.350106 0.867292 -0.353880 -0.105664 0.411945 0.905061 -0.930731 0.279475 -0.235866
-2.511560 -68.623022 685.906736 -2874.250267 0.357649 0.894106 -0.269560 0.145742 0.231675 0.961814 -0.922413 0.383278 0.047451
-2.916675 -61.749127 1814.123708 -2773.566031 0.365061 0.876604 -0.313522 0.011707 0.332415 0.943060 -0.930910 0.347945 -0.111089
-7.599610 -109.725891 3505.193446 5095.850073 0.140006 -0.398451 0.906441 0.803946 -0.488641 -0.338971 0.577988 0.776187 0.251920
-10.340528 -105.618542 1122.400759 5426.594027 0.185478 -0.390133 0.901883 0.810589 -0.458070 -0.364853 0.555467 0.798729 0.231276
-6.946277 -115.013709 1929.791693 4394.709366 0.191074 -0.400376 0.896209 0.904580 -0.282649 -0.319131 0.381085 0.871670 0.308165
-7.158149 -118.015413 537.794784 1709.339834 0.227512 -0.381723 0.895838 0.947540 -0.125324 -0.294044 0.224513 0.915741 0.333185
-2.582130 -120.025532 2402.361840 946.061555 0.189873 -0.406612 0.893653 0.968448 -0.072082 -0.238562 0.161419 0.910753 0.380097
-2.261430 -117.622841 3237.492939 4133.737001 0.155075 -0.404966 0.901085 0.918981 -0.275583 -0.282007 0.362527 0.871812 0.329420
1.392578 -92.040286 -818.736590 3047.286262 0.183537 0.975320 0.122742 -0.944494 0.209576 -0.253000 0.272479 0.069495 -0.959649
3.260331 -100.766145 -1585.268661 3871.702793 0.198183 0.972415 0.123013 -0.936477 0.224904 -0.269127 0.289369 0.061863 -0.955217
2.443429 -96.144546 -1194.590406 -1953.792864 0.151722 0.981343 0.118099 -0.976983 0.167018 -0.132703 0.149952 0.095247 -0.984095
-0.400273 -175.092089 2096.083544 21703.699519 0.467465 0.039125 0.883145 -0.363761 0.919035 0.151830 -0.805701 -0.392229 0.443849
-3.624669 -205.562403 3827.718967 25769.662393 0.492212 0.021072 0.870220 -0.549394 0.782960 0.291788 -0.675199 -0.621715 0.396960
-1.064335 -211.165777 47.506370 -22332.330678 -0.456684 -0.012180 -0.889545 0.616651 -0.725054 -0.306655 -0.641233 -0.688584 0.338632
1.284599 -136.221671 -487.963964 13305.790283 0.431246 0.058597 0.900330 -0.212280 0.976465 0.038127 -0.876906 -0.207564 0.433536
1.824756 -138.781930 825.778042 16958.381228 0.444483 0.064236 0.893481 -0.157122 0.987553 0.007165 -0.881900 -0.143571 0.449043
1.124232 -171.034368 -1301.462856 19863.101329 0.434515 0.021025 0.900419 -0.406077 0.896923 0.175017 -0.803927 -0.441686 0.398265
-0.505851 -43.861819 3755.291684 2781.016588 -0.485384 0.817109 0.311022 0.573479 0.029031 0.818706 -0.659943 -0.575751 0.482686
5.668668 -34.785292 2404.200430 5329.648294 -0.460266 0.810481 0.362320 0.664786 0.044154 0.745728 -0.588400 -0.584098 0.559119
2.632045 -40.261470 -316.485861 1571.960571 -0.429004 0.796168 0.426699 0.623055 -0.081211 0.777951 -0.654032 -0.599601 0.461217
-2.085155 -44.010704 834.702543 32.454935 -0.479306 0.813502 0.329364 0.511890 -0.045713 0.857834 -0.712905 -0.579763 0.394513
-5.143212 -46.484603 3269.118577 -136.482025 -0.520460 0.813838 0.258436 0.465093 0.016364 0.885111 -0.716108 -0.580861 0.387027
-91.722012 -304.469418 -46159.808273 64279.280808 0.089258 -0.038009 -0.995283 -0.536072 0.840357 -0.080168 0.839440 0.540699 0.054633
566.971400 -1134.238344 -256418.184021 448180.845016 0.432024 -0.500184 -0.750448 -0.372070 0.659143 -0.653524 0.821535 0.561557 0.098662
-26.539239 -725.665205 1835.832207 259207.969420 -0.342927 0.455066 -0.821776 -0.294322 0.778723 0.554045 0.892063 0.431864 -0.133109
-55.071138 -1111.689162 15778.516308 401587.082537 -0.443734 0.588051 -0.676237 -0.011006 0.750962 0.660254 0.896091 0.300420 -0.326755
36.689357 7.835359 -428.809392 1338.917869 -0.283113 0.238099 -0.929062 -0.310087 0.893943 0.323592 0.907575 0.379703 -0.179255
37.653175 10.202448 -5865.747744 -2593.394227 -0.202339 0.275750 -0.939692 -0.260402 0.909847 0.323063 0.944060 0.310065 -0.112291
38.819953 11.333221 2870.696540 -3111.123058 -0.335347 0.187550 -0.923238 -0.274579 0.917980 0.286217 0.901193 0.349483 -0.256344
30.744207 4.324627 -7585.971682 2604.061168 -0.185635 0.396059 -0.899265 -0.284924 0.854157 0.435010 0.940403 0.336975 -0.045714
-14.174297 -36.244967 -722.491787 -202.113640 -0.537736 0.782803 0.313144 0.258220 0.506477 -0.822681 0.802597 0.361526 0.474486
-13.079571 -34.720026 -63.475157 162.404929 -0.505091 0.814345 0.285875 0.330129 0.488337 -0.807801 0.797432 0.313638 0.515494
-13.303639 -35.600235 455.708576 -660.425787 -0.516270 0.794230 0.320410 0.248397 0.496908 -0.831494 0.819612 0.349687 0.453823
-13.636687 -37.038449 -425.173748 -786.177184 -0.537005 0.767941 0.349131 0.171852 0.504778 -0.845971 0.825889 0.394292 0.403040
-15.736697 -37.669320 -1369.996975 -728.157317 -0.563720 0.754334 0.336453 0.187332 0.513496 -0.837394 0.804442 0.409027 0.430779
-17.075757 -37.005487 -1806.472663 115.228433 -0.563717 0.772392 0.292632 0.274130 0.509165 -0.815846 0.779150 0.379687 0.498761
-0.339844 -51.823870 -470.572153 -2512.848478 0.339848 0.873115 -0.349534 0.050736 0.354093 0.933833 -0.939111 0.335095 -0.076040
-1.483299 -49.514577 -350.499078 -1733.413264 0.343655 0.866808 -0.361309 0.114009 0.343387 0.932249 -0.932150 0.361565 -0.019183
-0.079268 -48.278542 54.995774 -3438.564599 0.345038 0.854470 -0.388368 -0.003692 0.415011 0.909809 -0.938582 0.312484 -0.146350
-1.951275 -58.292858 -823.072848 -1953.071745 0.341669 0.889062 -0.304681 0.188686 0.252698 0.948969 -0.920685 0.381722 0.081414
0.878091 -48.417308 146.661968 -957.374210 0.348513 0.853162 -0.388140 -0.053088 0.431405 0.900595 -0.935799 0.293264 -0.195643
-4.856789 -100.332026 -1111.559782 2338.349784 0.222629 0.961871 0.158875 -0.700520 0.271170 -0.660105 0.678018 -0.035664 -0.734180
-6.102089 -93.437573 -1526.068165 3451.696503 0.209426 0.967974 0.138445 -0.830902 0.250809 -0.496685 0.515502 0.011015 -0.856818
-9.205896 -98.385831 -2186.380551 1725.241021 0.222490 0.962099 0.157683 -0.701876 0.270320 -0.659012 0.676659 -0.035949 -0.735418
-6.007846 -101.775278 -1124.929139 1381.134570 0.237241 0.955093 0.177519 -0.573812 0.285225 -0.767715 0.783873 -0.080271 -0.615711
-10.011557 -98.279246 -1960.925112 -86.626620 0.232295 0.955036 0.184245 -0.546519 0.284857 -0.787511 0.804584 -0.082241 -0.588116
-54.491298 -76.009618 1121.430554 1642.129478 -0.590201 -0.704465 0.394198 0.681741 -0.173457 0.710733 -0.432310 0.688216 0.582637
-54.498735 -75.251961 2590.854052 1786.780640 -0.627495 -0.659290 0.414230 0.729301 -0.311337 0.609253 -0.272709 0.684402 0.676183
-55.436849 -75.273899 2770.051525 680.491270 -0.588602 -0.638268 0.496147 0.731565 -0.159355 0.662887 -0.344035 0.753140 0.560731
-53.372197 -75.585051 1095.438392 -853.673173 -0.584292 -0.652388 0.482694 0.664246 -0.042740 0.746291 -0.466240 0.756679 0.458319
-52.012693 -74.749527 -1169.436302 -1277.399273 -0.633046 -0.527667 0.566411 0.692249 -0.058388 0.719293 -0.346475 0.847442 0.402239
25.602063 -206.917985 -4847.330740 -14744.276076 0.201241 0.946602 0.251887 0.481288 -0.319520 0.816253 -0.853149 0.043034 0.519889
39.016662 -230.994582 -1858.182092 -20005.859650 0.257781 0.952632 0.161372 0.454000 -0.266856 0.850101 -0.852897 0.145877 0.501286
38.341149 -250.587011 -5279.335757 -12245.853651 0.256851 0.940105 0.224122 0.714416 -0.340871 0.611079 -0.650874 -0.003160 0.759179
19.800540 -182.418846 -4250.769798 -17400.403364 0.170665 0.934870 0.311275 0.506166 -0.354222 0.786335 -0.845381 -0.023357 0.533653
18.445318 -153.763314 -3084.341304 -10422.075071 0.138526 0.962200 0.234482 0.269828 -0.264477 0.925875 -0.952892 0.064988 0.296265
27.078919 -224.966915 -6967.213670 -17291.252143 0.206620 0.920817 0.330763 0.703970 -0.374690 0.603352 -0.679510 -0.108183 0.725646
4.165923 -138.432025 -2971.787873 34900.096626 0.023721 0.952406 0.303908 -0.672996 -0.209582 0.709332 -0.739266 0.221355 -0.635994
-7.540809 -194.282423 2530.937554 54586.196214 0.114101 0.953162 0.280113 -0.668131 -0.135046 0.731685 -0.735243 0.270639 -0.621428
-0.322396 -81.704070 2901.224447 12087.407411 0.033829 0.939322 0.341363 -0.601626 -0.253601 0.757451 -0.798061 0.230997 -0.556542
-29.165715 -89.057689 16892.580820 9662.806947 0.063078 0.910868 0.407849 -0.552614 -0.308418 0.774271 -0.831047 0.274222 -0.483904
-3.079314 -62.337316 1462.234272 1910.958287 -0.074334 0.897912 0.433853 -0.506451 -0.408767 0.759221 -0.859059 0.163290 -0.485134
4.951046 -67.823843 -5424.359519 4996.797288 -0.073215 0.942432 0.326284 -0.601135 -0.302753 0.739579 -0.795787 0.141993 -0.588695
14.151528 -87.536643 145.683897 -2561.176838 -0.060976 0.891285 0.449326 0.329047 -0.407050 0.852079 -0.942343 -0.199806 0.268454
10.650966 -96.917835 -5643.352105 -3856.517785 -0.129294 0.885930 0.445433 0.450454 -0.347705 0.822309 -0.883388 -0.306967 0.354115
7.756298 -94.826426 -5332.599007 -4591.166395 -0.121890 0.874115 0.470176 0.341791 -0.407770 0.846701 -0.931838 -0.263906 0.249062
7.299991 -84.085295 -3897.291141 -6068.416658 -0.097915 0.880899 0.463065 0.166045 -0.444318 0.880347 -0.981245 -0.163089 0.102763
-22.760686 -40.748162 349.985913 -1932.989088 0.473086 0.792137 -0.385626 0.646099 -0.609513 -0.459402 0.598954 0.031816 0.800151
-21.782640 -46.843253 1364.872317 4747.336113 0.438898 0.820593 -0.366054 0.699354 -0.567756 -0.434231 0.564156 0.065418 0.823073
-22.291803 -43.959035 -596.321979 137.728904 0.467660 0.818211 -0.334402 0.662359 -0.574909 -0.480375 0.585299 -0.003158 0.810812
-21.112621 -48.754340 268.580966 4864.860786 0.465586 0.818593 -0.336355 0.702718 -0.572979 -0.421761 0.537975 0.039997 0.842011
-46.896638 -61.260072 3317.041415 438.823069 -0.642306 0.369574 0.671460 0.750108 0.483047 0.451668 -0.157422 0.793776 -0.587484
-44.155951 -60.274614 -3488.137091 -2318.811795 0.681510 -0.286024 -0.673598 0.669665 0.614937 0.416416 -0.295115 0.734876 -0.610626
-40.462425 -59.773724 4318.566714 -731.342405 -0.570777 0.279869 0.771937 0.770298 0.508071 0.385363 -0.284347 0.814578 -0.505578
-51.302941 -61.995605 -2233.237063 -2615.119568 0.784996 -0.292412 -0.546148 0.572307 0.679800 0.458625 -0.237163 0.672583 -0.700989
-40.456583 -59.901578 4506.592068 2297.385297 -0.536502 0.329576 0.776882 0.830813 0.367768 0.417728 -0.148039 0.869555 -0.471124
-44.909444 -60.915127 4302.216620 2635.808389 -0.547553 0.404872 0.732300 0.836459 0.288707 0.465815 -0.022825 0.867598 -0.496742
-51.868544 -62.813687 3529.223801 2617.794324 -0.649936 0.442494 0.617885 0.759983 0.381502 0.526195 -0.002886 0.811576 -0.584240
-54.827318 -63.151862 -2228.877911 -500.859381 0.762335 -0.392151 -0.514842 0.638841 0.583281 0.501663 -0.103570 0.711338 -0.695177
58.770137 -107.647092 5159.580718 22331.565948 -0.442389 0.651789 0.616005 -0.044513 0.670070 -0.740962 -0.895718 -0.355214 -0.267419
64.182433 -142.142490 1389.410196 -22582.190601 -0.477852 0.606049 0.635895 0.270321 -0.587312 0.762883 -0.835813 -0.536441 -0.116820
46.345479 -103.053778 -8123.253992 19000.851006 -0.575318 0.559469 0.596660 -0.094604 0.679065 -0.727957 -0.812440 -0.475254 -0.337750
47.632526 -66.170528 -5746.168457 12617.946238 -0.558632 0.603269 0.569207 0.079389 0.722015 -0.687307 -0.825607 -0.338763 -0.451234
14.666019 -96.841895 -21910.831247 16762.988239 -0.674872 0.429104 0.600348 -0.174214 0.697908 -0.694675 -0.717075 -0.573406 -0.396243
21.506209 -65.956960 -18396.826551 9440.988078 -0.668562 0.525674 0.526015 0.023142 0.721700 -0.691819 -0.743296 -0.450351 -0.494666
-10.489177 -17.833490 -88.420427 -2588.038735 -0.009974 0.978567 -0.205685 -0.472890 0.176624 0.863237 -0.881065 -0.105877 -0.460993
-7.875915 -21.211815 1430.031048 -2712.028332 -0.011781 0.987681 -0.156037 -0.451668 0.133965 0.882071 -0.892108 -0.080868 -0.444526
-7.523938 -16.445288 595.395429 -689.053494 -0.113733 0.993467 0.009401 -0.474866 -0.062670 0.877824 -0.872678 -0.095373 -0.478891
-11.039765 -23.199122 755.560263 -3392.930962 0.001053 0.975058 -0.221949 -0.437722 0.200007 0.876583 -0.899110 -0.096229 -0.427015
-8.626571 -14.395309 -1008.522609 -834.540603 -0.188121 0.977956 0.090618 -0.457910 -0.168958 0.872795 -0.868866 -0.122696 -0.479601
-10.585085 -16.531838 -230.745447 -2667.850446 -0.123433 0.991497 -0.041203 -0.461147 -0.020545 0.887086 -0.878696 -0.128496 -0.459762
9.910608 -50.412099 -6510.522334 1109.658286 0.012394 0.999886 0.008600 -0.935303 0.014634 -0.353544 0.353630 0.003662 -0.935378
0.434143 -49.030500 -6151.033374 777.434098 0.033464 0.999414 0.007219 -0.953071 0.034085 -0.300821 0.300891 -0.003186 -0.953653
1.558628 -50.811139 -5567.254185 812.630252 0.033927 0.999348 0.012382 -0.914710 0.036041 -0.402500 0.402684 -0.002330 -0.915336
9.207814 -51.701707 -5734.960486 712.811078 0.027298 0.999565 0.011175 -0.883474 0.029355 -0.467560 0.467684 -0.002891 -0.883891
-1.258593 -51.461905 -3815.901250 -57.617854 0.048806 0.998263 0.032990 -0.865184 0.058757 -0.498001 0.499075 0.004237 -0.866549
10.430632 -40.549593 -9820.695005 -2030.222090 0.326014 0.629045 0.705703 0.356767 0.609424 -0.708040 0.875461 -0.482603 0.025742
4.955435 -43.774735 -8728.849577 -2134.305573 0.321665 0.660105 0.678817 0.264811 0.625593 -0.733831 0.909069 -0.415806 -0.026428
-6.486073 -48.736765 3968.801796 -2386.745273 -0.228469 -0.491600 -0.840316 0.331470 0.772296 -0.541929 0.915385 -0.402353 -0.013495
5.101745 -61.360621 -418.159048 -738.073403 -0.413837 0.887064 -0.204586 -0.514091 -0.413192 -0.751654 0.751298 0.205887 -0.627026
5.679398 -59.611856 -263.310540 -2544.039930 -0.393993 0.899014 -0.191165 -0.441229 -0.367458 -0.818713 0.806279 0.238220 -0.541447
6.614701 -59.526423 -752.602397 -3163.195649 -0.414040 0.885002 -0.212939 -0.380688 -0.380847 -0.842634 0.826830 0.267821 -0.494596
-2.974267 -39.459695 -185.154860 2715.418563 -0.496494 0.840128 -0.218356 -0.722965 -0.260992 0.639691 -0.480433 -0.475467 -0.736964
-3.848786 -41.718014 -1068.696076 3284.325446 -0.506307 0.836284 -0.210433 -0.666206 -0.224376 0.711214 -0.547561 -0.500285 -0.670740
-3.491599 -38.556158 -849.549120 2880.437235 -0.490698 0.842425 -0.222564 -0.719605 -0.247783 0.648669 -0.491308 -0.478459 -0.727801
-3.144449 -42.275553 68.953885 3955.759894 -0.518775 0.832429 -0.194768 -0.659845 -0.245019 0.710331 -0.543579 -0.497018 -0.676384
-3.512950 -38.948642 -339.893124 3653.437498 -0.487364 0.846427 -0.214564 0.789150 0.321763 -0.523174 -0.373790 -0.424299 -0.824773
-1.588769 -42.846932 -901.746080 2820.030016 -0.537828 0.820882 -0.192078 -0.679357 -0.287086 0.675319 -0.499214 -0.493695 -0.712075
-1.605194 -39.069194 -384.801553 2407.970569 -0.500111 0.837366 -0.220695 0.775749 0.319957 -0.543912 -0.384841 -0.443221 -0.809600
-15.964043 -107.542620 -501.983147 427.500863 -0.581430 0.787329 0.205064 0.766704 0.614561 -0.185685 0.272220 -0.049261 0.960973
-9.889060 -112.022902 -2487.531029 1162.899496 -0.565260 0.789563 0.238897 0.762247 0.610655 -0.214664 0.315375 -0.060757 0.947020
-10.725389 -109.781568 -2667.826201 4739.147905 -0.535411 0.815167 0.220994 0.703954 0.575286 -0.416528 0.466674 0.067444 0.881854
-4.023411 -117.574713 -5257.577624 3756.168613 -0.537828 0.795036 0.280463 0.726307 0.605864 -0.324664 0.428042 -0.029089 0.903290
-16.099644 -103.271910 -290.190244 5176.874181 -0.552629 0.812699 0.184721 0.701705 0.573300 -0.423010 0.449680 0.104148 0.887097
-16.755350 -103.802118 -899.155139 1229.149868 -0.522059 0.832985 0.183279 0.630344 0.521573 -0.575003 0.574562 0.184656 0.797358
-0.029098 -115.350879 -6486.526467 4915.347887 -0.507180 0.817264 0.273583 0.623362 0.567072 -0.538376 0.595137 0.102512 0.797059
-9.609642 -107.700540 -6251.029901 1523.262909 -0.482507 0.845525 0.228635 0.601498 0.509610 -0.615222 0.636700 0.159326 0.754472
24.723809 -99.078637 4557.898980 4614.492754 -0.648944 0.729982 0.214471 -0.049996 -0.322194 0.945353 -0.759191 -0.602758 -0.245582
16.212662 -99.387542 6821.647017 7230.258727 -0.588716 0.780928 0.208723 -0.011575 -0.266329 0.963813 -0.808257 -0.564996 -0.165832
23.374735 -96.257752 5659.441644 5850.004690 -0.627370 0.753673 0.195916 0.059156 -0.204734 0.977028 -0.776471 -0.624548 -0.083860
31.088865 -97.701499 2050.050395 4669.091172 -0.696617 0.688129 0.202986 0.045193 -0.240280 0.969651 -0.716018 -0.684649 -0.136284
28.960684 -101.471943 -619.877216 968.437826 -0.729074 0.652072 0.207974 -0.045392 -0.349259 0.935926 -0.682928 -0.672919 -0.284234
-7.994827 -87.732675 -92.806708 -6781.723732 -0.619501 0.779335 0.094100 -0.717337 -0.610709 0.335354 -0.318821 -0.140251 -0.937381
-7.627365 -87.272326 779.535672 -7464.364691 -0.608691 0.783949 0.122147 -0.730437 -0.613807 0.299504 -0.309770 -0.093084 -0.946244
-7.983360 -79.663300 1222.423719 -405.679213 -0.616393 0.777426 0.125171 -0.744629 -0.627170 0.228442 -0.256100 -0.047604 -0.965477
-8.611875 -83.064481 -76.369304 -963.393175 -0.620728 0.779425 0.084817 -0.737583 -0.617211 0.273902 -0.265836 -0.107459 -0.958010
-25.123565 -52.267843 -1695.029001 1172.722084 0.437124 -0.554159 -0.708400 0.676053 -0.317029 0.665165 -0.593191 -0.769676 0.236060
-12.574164 -52.882252 5931.537322 -6634.878668 0.454649 -0.476266 -0.752639 0.586699 -0.475646 0.655396 -0.670133 -0.739548 0.063173
-15.191641 -53.372077 6187.950688 1716.131551 0.456060 -0.449992 -0.767800 0.700596 -0.350483 0.621552 -0.548795 -0.821382 0.155421
-17.438629 -43.186476 2612.594279 11365.878407 0.407921 -0.490673 -0.769961 0.789576 -0.233860 0.567344 -0.458444 -0.839375 0.292027
-4.525092 -122.915818 -1968.796696 -3109.092336 0.467180 -0.864811 0.183970 0.805266 0.330262 -0.492417 0.365089 0.378192 0.850694
-5.936007 -126.520615 2231.857027 -990.597216 -0.478465 0.860181 -0.176523 0.680874 0.236478 -0.693173 0.554511 0.451849 0.698821
-2.416505 -123.870632 -2156.605676 -2798.245175 0.483445 -0.856291 0.181791 0.778857 0.325967 -0.535843 0.399580 0.400639 0.824515
-1.962039 -116.957682 -2548.087998 -4090.552031 0.460022 -0.863649 0.206131 0.866482 0.385965 -0.316607 0.193878 0.324255 0.925889
0.131064 -63.074758 -416.211121 1880.663494 0.714306 -0.699071 0.032656 0.576685 0.561534 -0.593392 -0.396485 -0.442696 -0.804251
0.899151 -62.807935 -381.366733 4003.146362 0.708984 -0.703861 0.043841 0.586927 0.554449 -0.590002 -0.390972 -0.444034 -0.806210
0.988242 -56.847464 -823.906369 551.934965 0.709014 -0.704710 0.026130 0.611982 0.596462 -0.519338 -0.350397 -0.384209 -0.854170
1.176476 -60.002195 1286.117461 154.267540 0.712979 -0.699278 0.051673 0.632517 0.609602 -0.477815 -0.302626 -0.373356 -0.876939
-2.365799 -207.449242 1083.873193 23087.793070 -0.030313 0.977702 -0.207799 0.290083 0.207552 0.934224 -0.956521 0.031960 0.289906
-2.818946 -172.639914 1786.614432 16613.978898 -0.026513 0.971078 -0.237285 0.465932 0.222012 0.856515 -0.884423 0.087850 0.458343
-0.280681 -173.513883 779.536442 21594.034065 -0.042712 0.970973 -0.235344 0.592060 0.214341 0.776868 -0.804762 0.106156 0.584029
-1.178343 -188.357699 -1146.231942 24652.811433 -0.058434 0.979260 -0.193998 0.482602 0.197824 0.853206 -0.873888 0.043767 0.484153
-5.964031 -136.609359 1190.812478 -2061.354976 0.382654 -0.911496 0.150836 0.923377 0.382757 -0.029516 -0.030830 0.150573 0.988118
-5.159286 -137.834634 2455.779191 833.584421 0.368755 -0.918828 0.140623 0.909657 0.325607 -0.257883 0.191163 0.223014 0.955888
-9.233977 -137.738981 1854.315207 -1553.037801 0.377011 -0.913191 0.154739 0.909900 0.333954 -0.246082 0.173044 0.233573 0.956817
42.545773 -48.427218 2201.125281 -9208.095280 -0.011041 0.891948 -0.452002 -0.124988 0.447254 0.885631 -0.992097 -0.066273 -0.106545
44.003897 -38.978241 -2470.524779 1779.906715 -0.104180 0.858923 -0.501397 -0.128885 0.488229 0.863146 -0.986172 -0.154545 -0.059838
43.833228 -39.031191 566.423098 -310.244189 0.001726 0.855124 -0.518421 -0.171601 0.510985 0.842287 -0.985165 -0.087507 -0.147622
-1.163382 -373.670268 -2515.707037 -45825.598842 -0.105459 0.990194 -0.091618 -0.879859 -0.049981 0.472598 -0.463385 -0.130450 -0.876503
0.596479 -347.966844 4100.024773 -30360.337895 -0.035188 0.997860 -0.055106 -0.804628 0.004417 0.593762 -0.592735 -0.065233 -0.802751
1.668283 -336.341447 4230.460839 -34387.997467 -0.082099 0.994969 -0.057417 -0.964282 -0.064745 0.256843 -0.251833 -0.076452 -0.964746
-5.142396 -52.249734 -8398.675269 1215.922102 0.319022 0.874724 0.364804 -0.537870 0.484027 -0.690228 0.780334 -0.023981 -0.624903
-17.095621 -53.338680 -4967.113094 1801.674956 0.329681 0.809513 0.485798 -0.496278 0.586335 -0.640249 0.803130 0.030013 -0.595047
-6.380514 -55.189218 -8585.455625 1458.743714 0.332895 0.845416 0.417675 -0.420712 0.529569 -0.736585 0.843909 -0.069485 -0.531968
1.558293 -40.904531 -607.663516 4432.796304 -0.516079 0.831842 -0.204209 0.799345 0.382070 -0.463756 -0.307750 -0.402568 -0.862107
0.125396 -40.402231 -563.599548 2020.246712 -0.524912 0.827182 -0.200595 0.754123 0.342692 -0.560232 -0.394671 -0.445345 -0.803680
0.445444 -40.730105 -362.061141 5304.050252 -0.500872 0.836962 -0.220505 0.806831 0.359285 -0.468976 -0.313291 -0.412807 -0.855242
-20.173833 -34.361655 -2275.953210 -680.174453 -0.444377 0.740807 0.503720 0.256770 -0.433369 0.863864 -0.858253 -0.513222 -0.002363
-16.505784 -31.594895 -2712.883594 -717.233832 -0.506835 0.742979 0.437151 0.193054 -0.396401 0.897550 -0.840148 -0.539304 -0.057475
-16.975365 -34.077991 -2762.428723 -570.751669 -0.502145 0.767111 0.399237 0.236309 -0.322374 0.916642 -0.831870 -0.554631 0.019397
-512.246683 -1595.085468 192119.048410 -42430.038780 0.850861 0.524165 0.035866 -0.345802 0.507321 0.789333 -0.395545 0.684015 -0.612917
-245.838983 -6325.495258 -387490.562596 2053924.305612 -0.949171 -0.230115 -0.214761 -0.258759 0.958935 0.116133 0.179218 0.165801 -0.969738
-6287.203481 -10115.811010 -3002251.273520 4738499.669875 -0.958280 -0.213616 0.189915 -0.199402 0.975658 0.091270 -0.204789 0.049593 -0.977549
14.936688 -78.666642 2636.854825 20936.505796 0.918983 0.244446 0.309382 0.311687 0.030215 -0.949704 0.241499 -0.969192 0.048424
17.292128 -130.275776 4210.744697 31693.378810 0.902276 0.281418 0.326652 0.366590 -0.101926 -0.924782 0.226956 -0.954157 0.195131
11.078488 -122.909262 3498.834798 36782.072152 0.914498 0.283790 0.288369 0.308867 -0.029316 -0.950653 0.261332 -0.958438 0.114463
-50.871777 -79.596662 -1385.594314 2901.374956 -0.150802 -0.988155 0.028444 0.988561 -0.150808 0.001963 0.002349 0.028415 0.999593
-45.379848 -73.027277 60.878742 3995.637499 -0.451576 -0.883710 0.123027 0.889503 -0.456671 -0.015340 0.069739 0.102506 0.992285
110.801134 -96.584085 -2899.131603 -1180.516908 -0.341934 0.910206 0.233680 0.383310 0.362134 -0.849666 0.857995 0.200958 0.472717
112.520549 -86.061781 -3259.626544 -3950.309824 -0.166631 0.953894 0.249641 0.282325 0.288737 -0.914835 0.944736 0.081960 0.317421
97.559030 -87.093050 -8660.727118 -491.724695 -0.171691 0.933007 0.316259 0.423552 0.359750 -0.831374 0.889452 0.008787 0.456943
1.381003 -122.921629 -1843.712276 -254.277350 0.200666 -0.229994 0.952279 0.450524 0.884829 0.118768 -0.869920 0.405192 0.281173
1.339871 -116.178908 -1775.519087 -5598.987755 0.185485 -0.248219 0.950780 0.205831 0.955920 0.209406 -0.960848 0.156859 0.228400
-1.674861 -126.293819 -1546.664395 -37.884280 0.197843 -0.224368 0.954210 0.601089 0.796718 0.062708 -0.774306 0.561159 0.292491
-4.163876 -18.807543 -1753.346115 -3375.187256 -0.261996 -0.039742 -0.964250 0.033804 0.998161 -0.050324 0.964477 -0.045781 -0.260170
-0.647806 -25.535446 -990.840427 -6012.539466 -0.270578 -0.055662 -0.961088 0.032962 0.997206 -0.067034 0.962134 -0.049817 -0.267987
-2.162564 -13.157212 -2025.865336 -2564.821509 -0.256617 -0.210101 -0.943401 0.008088 0.975586 -0.219469 0.966479 -0.063950 -0.248652
-6.349812 -9.892528 -1178.357538 -723.060222 -0.248232 0.143562 -0.958004 0.095386 0.987774 0.123307 0.963993 -0.060772 -0.258891
-4.437402 -6.020289 2412.092946 -633.414605 0.210523 0.765906 0.607510 -0.141589 0.638773 -0.756255 0.967281 -0.073192 -0.242920
0.086182 -8.532309 -2409.988418 -649.821345 -0.249654 -0.483201 -0.839160 -0.053593 0.872168 -0.486263 0.966851 -0.076424 -0.243636
7.293028 -37.621843 628.466463 -2144.475393 0.668338 0.701450 -0.247571 0.719491 -0.694079 -0.024229 0.188829 0.161932 0.968567
5.264247 -43.979123 -1436.017797 -7452.918258 -0.650133 -0.717686 0.249508 0.744094 -0.667835 0.017891 0.153790 0.197288 0.968208
-2.831849 -41.761546 174.862276 870.381368 0.375471 0.785774 -0.491509 -0.275020 0.600882 0.750536 -0.885091 0.146630 -0.441717
-1.578980 -41.829576 36.341442 1183.834472 0.355642 0.803404 -0.477558 -0.290729 0.580710 0.760429 -0.888254 0.131600 -0.440098
-3.318888 -41.512467 1122.626120 -881.757291 0.374714 0.800849 -0.467150 -0.239735 0.570419 0.785588 -0.895609 0.182379 -0.405736
-6.709233 -40.975326 -646.738177 -1390.703705 0.348027 0.814025 -0.465016 -0.665238 0.563940 0.489317 -0.660557 -0.139051 -0.737787
-4.187549 -43.470735 -840.760130 787.759836 0.348814 0.805777 -0.478594 -0.566866 0.588061 0.576929 -0.746319 -0.070058 -0.661891
-5.934751 -42.525729 149.710500 529.679328 0.335998 0.835623 -0.434558 -0.613934 0.544205 0.571775 -0.714276 -0.074674 -0.695869
-4.317840 -41.599522 -2782.785140 -308.669620 0.361367 0.771470 -0.523686 -0.633028 0.615355 0.469695 -0.684609 -0.161776 -0.710731
-8.630238 -41.600283 1383.212215 -2726.767341 0.330343 0.850475 -0.409347 -0.704392 0.510817 0.492847 -0.628255 -0.125532 -0.767813
-8.049403 -40.616035 247.206216 -1493.711932 0.340391 0.833346 -0.435509 -0.728064 0.526690 0.438772 -0.595027 -0.167724 -0.786010
-6.856164 -41.281502 -1615.299739 -1783.907187 0.361116 0.788931 -0.497174 -0.704511 0.580110 0.408823 -0.610949 -0.202632 -0.765298
8.589651 -82.419905 -891.265166 1556.219349 0.622480 0.665153 -0.412420 0.748369 -0.351654 0.562391 0.229047 -0.658720 -0.716677
8.841973 -78.406066 -988.017310 3593.890152 0.642637 0.654941 -0.397580 0.687309 -0.263493 0.676888 0.338562 -0.708254 -0.619478
9.548630 -87.306314 -523.824791 1947.569782 0.614750 0.676746 -0.405091 0.751993 -0.348001 0.559823 0.237885 -0.648776 -0.722842
-9.962496 -113.062445 540.101219 -1922.748066 0.032001 0.963816 0.264639 -0.483307 -0.216839 0.848172 -0.874866 0.155044 -0.458880
-8.066962 -112.008076 35.149239 2922.893814 0.025522 0.962170 0.271252 -0.268094 -0.254813 0.929083 -0.963055 0.096433 -0.251449
-11.070289 -111.410898 -176.408286 -3319.005156 0.040773 0.971370 0.234047 -0.654751 -0.150964 0.740615 -0.754744 0.183439 -0.629850
-9.627185 -118.098133 -990.857646 -456.918812 0.023274 0.973694 0.226666 -0.462854 -0.190469 0.865730 -0.886129 0.125062 -0.446245
-0.466521 -67.583142 1704.567987 6750.522764 0.198323 0.971019 -0.133378 -0.545531 0.222412 0.808040 -0.814287 0.087491 -0.573830
-4.583344 -69.805244 311.191113 7324.713986 0.130007 0.990631 -0.041823 -0.465598 0.098236 0.879527 -0.875395 0.094872 -0.474007
-10.701764 -29.895875 4783.032339 -3667.405457 -0.030938 0.959263 0.280814 0.392450 -0.246728 0.886063 -0.919253 -0.137618 0.368830
10.247791 -30.779284 13593.695211 -2412.919522 0.050330 0.951955 0.302075 0.422012 -0.294401 0.857458 -0.905192 -0.084324 0.416553
6.972226 -22.904947 10626.562963 -3844.810573 0.014029 0.970527 0.240582 0.352122 -0.229988 0.907257 -0.935849 -0.071986 0.344971
9.701234 -16.657087 9870.380848 -4508.006454 0.007180 0.967225 0.253820 0.287412 -0.245113 0.925913 -0.957780 -0.066303 0.279752
-9.696635 -20.986698 3731.920880 -5872.045821 -0.082446 0.987093 0.137298 0.300882 -0.106684 0.947675 -0.950091 -0.119442 0.288202
1855.066838 -74.668702 548784.172571 -12453.182803 0.060341 -0.010847 -0.998119 0.988988 -0.134724 0.061253 -0.135135 -0.990824 0.002599
671.352355 -39.688868 242913.167727 -1863.105046 -0.041177 0.851779 -0.522281 0.978352 -0.071731 -0.194118 -0.202810 -0.518968 -0.830386
392.995428 -43.414654 123972.485110 -852.369393 0.010402 0.868259 -0.496002 0.941670 -0.175368 -0.287235 -0.336377 -0.464082 -0.819438
1972.521954 -80.112327 -784530.609252 21893.450555 -0.256804 -0.275198 -0.926455 0.943222 -0.280328 -0.178182 -0.210676 -0.919610 0.331562
4008.876805 -161.833936 -1461957.813243 12437.180417 -0.150959 -0.851927 -0.501430 0.984554 -0.175076 0.001046 -0.088679 -0.493527 0.865198
553.916611 -34.856320 -189489.226397 11754.578471 -0.058523 -0.886422 -0.459163 0.993767 -0.008017 -0.111184 0.094875 -0.462808 0.881367
2191.113234 -88.823443 134169.695852 -13895.422434 -0.057373 -0.152481 -0.986640 0.998329 -0.015530 -0.055653 -0.006837 -0.988184 0.153117
0.611247 -53.928249 801.233254 -909.734779 0.358494 0.866634 -0.347028 -0.082038 0.399545 0.913035 -0.929920 0.298848 -0.214332
0.139009 -55.763977 154.453750 -1419.685147 0.354061 0.886114 -0.299070 0.044452 0.303478 0.951801 -0.934165 0.350290 -0.068060
0.158345 -62.607270 165.753436 -2123.700886 0.353994 0.898266 -0.260398 0.139848 0.224457 0.964397 -0.924733 0.377807 0.046164
4.112306 -102.808779 -1643.686767 -3034.464834 0.148489 0.981522 0.120689 -0.979045 0.163108 -0.121931 0.139364 0.100054 -0.985174
-6.705529 -218.591904 -3626.129594 -14705.511007 -0.481999 -0.019806 -0.875948 0.743553 -0.538084 -0.396981 -0.463471 -0.842659 0.274083
-11.651121 -208.081329 -4498.222335 -13506.175908 -0.484410 0.012913 -0.874746 0.627358 -0.691755 -0.357626 -0.609728 -0.722016 0.326992
9.149620 -32.501353 3354.883673 4081.627118 0.406179 -0.775883 -0.482725 0.720020 -0.053532 0.691886 -0.562664 -0.628601 0.536908
13.564770 -24.110076 -724.934977 6619.297653 0.445295 -0.794360 -0.413164 0.723379 0.047227 0.688834 -0.527670 -0.605609 0.595653
9.383904 -338.709283 1796.277138 81759.301735 -0.351607 0.494426 -0.794932 -0.249487 0.768951 0.588617 0.902291 0.405287 -0.147016
11.567436 -383.529149 -6034.893419 100641.802426 -0.267042 0.445752 -0.854397 -0.298126 0.804889 0.513102 0.916411 0.391738 -0.082049
-6.023663 -246.688947 -4905.534026 38151.699606 -0.287381 0.482491 -0.827415 -0.519772 0.647036 0.557836 0.804518 0.590378 0.064840
-1.615561 -225.187731 2854.058909 38480.321443 -0.333705 0.498462 -0.800110 -0.527234 0.604909 0.596749 0.781451 0.620984 0.060945
0.714588 -427.659936 965.850764 147121.089932 -0.342825 0.488360 -0.802481 -0.363569 0.718702 0.592694 0.866192 0.494947 -0.068836
-442.744710 -6474.463711 -181411.749434 750828.664470 0.637056 -0.430308 0.639528 -0.114386 0.767713 0.630501 -0.762284 -0.474817 0.439855
448.752010 -5166.213568 -263998.335531 -5758992.066903 0.553271 -0.567189 0.610072 0.524353 0.806210 0.274008 -0.647260 0.168293 0.743459
-136.426511 -5291.977479 9443.837676 -1946990.558681 -0.543844 0.404855 -0.735069 0.758357 -0.137980 -0.637069 -0.359345 -0.903910 -0.231985
299.852251 -13055.775496 -328534.664790 6183128.777384 0.574720 -0.579919 0.577400 0.807436 0.516691 -0.284742 -0.133210 0.629861 0.765200
-1728.751320 -15001.736990 633587.855901 -4283121.751035 -0.502933 0.404574 -0.763792 0.806887 0.536535 -0.247112 0.309826 -0.740574 -0.596287
