11086
22163
-54.929820 -80.771202 -518.665786 6129.529877 0.197428 -0.964373 0.176090 0.980317 0.194302 -0.034999 -0.000463 0.179534 0.983752
-43.212189 -86.242184 -1995.214074 11910.925385 -0.357017 0.932581 -0.053217 0.924941 0.344985 -0.159590 0.130471 0.106199 0.985748
-41.387137 -65.872400 -1078.300737 7309.126149 -0.027218 0.989070 -0.144911 0.977511 -0.003992 -0.210847 0.209121 0.147390 0.966718
-29.918805 -70.721127 -4922.413872 13770.309985 -0.241126 0.970157 0.025572 0.922775 0.237351 -0.303565 0.300575 0.049600 0.952468
-45.526117 -69.263117 171.853546 5520.301629 -0.219557 -0.936464 0.273552 0.967630 -0.244795 -0.061382 0.124446 0.251220 0.959897
-30.292744 -49.378888 -2835.976849 5707.842409 0.104316 0.988738 -0.107311 0.933311 -0.134598 -0.332888 0.343583 0.065429 0.936840
-36.729529 -52.960613 -1312.941745 5382.693614 0.360591 0.881191 -0.305739 0.882827 -0.428220 -0.192989 0.300984 0.200325 0.932351
-47.828850 -61.384069 189.677452 -3985.841577 0.443047 -0.337484 -0.830550 -0.149959 0.885487 -0.439801 0.883867 0.319401 0.341704
-46.937016 -60.974636 -143.460302 -2861.186498 0.541772 -0.233563 -0.807423 -0.195823 0.899109 -0.391480 0.817396 0.370205 0.441375
-47.435521 -55.850664 641.610872 -4631.229817 0.477955 -0.338229 -0.810654 -0.026355 0.916955 -0.398119 0.877989 0.211648 0.429349
-45.872747 -64.354819 -354.371739 -103.589027 0.539565 -0.322837 -0.777590 -0.319500 0.775971 -0.543864 0.778967 0.541890 0.315541
-47.393399 -65.352327 -51.086622 -2897.401230 0.405504 -0.321995 -0.855503 -0.271551 0.851218 -0.449096 0.872827 0.414423 0.257735
-1.182601 -135.990790 -3271.760473 225.444671 0.792724 -0.151409 0.590478 -0.404596 -0.855221 0.323881 -0.455951 0.495653 0.739213
4.367647 -137.436137 -2550.569516 -437.899486 0.792990 -0.156240 0.588859 -0.404574 -0.857714 0.317248 -0.455506 0.489812 0.743369
2.279917 -126.843207 -2953.495923 -5201.340061 0.785646 -0.157659 0.598251 0.250531 0.965227 -0.074638 -0.565681 0.208519 0.797825
6.797820 -135.823456 -1874.964885 -6583.358025 0.805170 -0.171958 0.567567 0.265705 0.960209 -0.086019 -0.530191 0.220065 0.818821
4.212214 -118.301851 -1347.684097 -10106.928245 0.812062 -0.165884 0.559497 0.080550 0.981433 0.174071 -0.577985 -0.096289 0.810347
2.342194 -111.261156 -2264.677162 -8084.038656 0.798773 -0.157996 0.580516 0.063094 0.981580 0.180335 -0.598315 -0.107419 0.794028
31.797047 -49.362987 -999.875969 -399.719141 -0.111056 0.993801 0.005157 -0.083238 -0.004130 -0.996521 0.990322 0.111099 -0.083180
31.584627 -47.239711 1588.282973 -1472.425475 -0.082690 0.996290 0.023851 0.039393 0.027182 -0.998854 0.995796 0.081656 0.041494
37.273108 -47.501300 -3072.579530 -576.058330 -0.142933 0.989723 -0.004210 0.057276 0.004025 -0.998350 0.988074 0.142939 0.057263
27.597130 -47.745628 1215.604088 -838.795072 -0.051591 0.998428 0.021887 -0.084125 0.017494 -0.996302 0.995119 0.053242 -0.083091
39.383891 -49.129253 -4806.821360 -858.872010 -0.172064 0.985015 -0.011784 -0.032162 -0.017573 -0.999328 0.984561 0.171570 -0.034704
34.688648 -49.462441 -4220.906825 433.887874 -0.138231 0.990327 -0.012052 -0.159006 -0.034202 -0.986685 0.977553 0.134474 -0.162196
30.344879 -50.083785 -1206.881928 280.577219 -0.105363 0.994433 0.001198 -0.176500 -0.017515 -0.984145 0.978645 0.103903 -0.177363
28.010309 -49.738045 26.532726 -672.467995 -0.058641 0.998180 0.014068 -0.206324 0.001669 -0.978482 0.976725 0.060282 -0.205851
31.173443 -27.863693 4012.111344 -128.082408 -0.417729 0.873557 -0.249801 0.774834 0.486094 0.404159 -0.474483 0.024726 0.879917
34.410700 -24.170213 -2488.341714 -144.672348 -0.501922 0.857450 -0.113370 0.769565 0.502565 0.393952 -0.394770 -0.110487 0.912113
35.312231 -27.352566 1917.977745 535.571775 -0.504811 0.823399 -0.259191 0.684076 0.564718 0.461665 -0.526504 -0.055747 0.848343
30.251601 -31.360677 6652.697924 590.295340 -0.424620 0.839705 -0.338518 0.700760 0.541565 0.464373 -0.573266 0.040037 0.818391
-9.550558 -104.431590 -1754.211756 6375.844794 -0.335436 0.940267 0.058142 -0.510493 -0.233293 0.827630 -0.791757 -0.247936 -0.558254
-5.967100 -111.483553 -1993.821674 3316.825383 -0.356030 0.932233 0.064691 -0.544792 -0.263310 0.796159 -0.759239 -0.248213 -0.601619
-9.743123 -90.706248 -675.812898 7958.147473 -0.343316 0.932279 0.113974 -0.323999 -0.231458 0.917307 -0.881566 -0.277999 -0.381520
-9.526884 -85.440338 672.238126 8613.914133 -0.313156 0.939470 0.139030 -0.326963 -0.244095 0.912969 -0.891644 -0.240444 -0.383612
-8.731177 -67.234269 1022.305479 9243.041670 -0.323468 0.925797 0.195622 -0.139468 -0.251125 0.957854 -0.935904 -0.282552 -0.210350
-8.474879 -72.306415 -519.988701 10541.905627 -0.361482 0.918766 0.158742 -0.115547 -0.213086 0.970177 -0.925192 -0.332359 -0.183187
-7.549171 -88.905680 -1203.502490 1615.805337 -0.174389 0.983609 0.045837 0.984339 0.172921 0.034282 0.025794 0.051098 -0.998360
-10.918930 -84.709659 -963.374303 1296.651870 -0.175736 0.980401 0.089052 0.984372 0.173964 0.027336 0.011308 0.092464 -0.995652
-8.540846 -85.343748 -1224.816314 -1306.483934 -0.152211 0.986881 0.053821 -0.969213 -0.138380 -0.203658 0.193539 0.083163 -0.977562
-3.915128 -91.184606 -936.559197 17.546825 -0.142117 0.988818 0.045183 -0.969973 -0.130017 -0.205541 0.197368 0.073038 -0.977605
-7.375547 -87.079883 -1047.204572 895.076809 -0.131659 0.989242 0.063771 -0.926695 -0.099981 -0.362270 0.351996 0.106792 -0.929889
-10.878380 -83.235621 -903.596265 -654.498763 -0.149443 0.983811 0.098903 -0.936445 -0.108717 -0.333543 0.317391 0.142463 -0.937532
-10.602978 -36.987976 2170.110916 1454.332950 0.555747 -0.585191 -0.590506 0.620722 0.764588 -0.173521 0.553036 -0.270106 0.788158
-18.860127 -42.584170 4252.283908 1635.594591 0.662703 -0.454688 -0.595049 0.518897 0.851721 -0.072923 0.539973 -0.260443 0.800374
-5.263970 -36.220791 -3348.708738 -109.417276 -0.449069 0.685291 0.573335 0.750933 0.637194 -0.173446 0.484186 -0.352647 0.800752
-20.039005 -39.461316 3444.792251 2283.130474 0.725863 -0.321535 -0.608060 0.364733 0.929422 -0.056072 0.583174 -0.181079 0.791908
0.567947 -30.830024 -3580.280888 165.205445 -0.285110 0.801867 0.525092 0.813068 0.492437 -0.310526 0.507575 -0.338402 0.792371
-15.341661 -32.185403 1723.873812 2998.675543 0.655997 -0.437320 -0.615158 0.438256 0.884263 -0.161277 0.614491 -0.163800 0.771732
-9.962557 -31.648008 657.170036 1395.202126 0.458142 -0.685590 -0.565749 0.667081 0.685836 -0.290915 0.587460 -0.244120 0.771555
11.695492 -22.229281 -1318.527632 827.555365 0.372543 -0.684585 0.626542 0.872953 0.487612 0.013725 -0.314906 0.541829 0.779267
17.508106 -22.539837 -6261.504612 1641.870901 0.337923 -0.667286 0.663730 0.895241 0.445513 -0.007891 -0.290435 0.596865 0.747931
28.129713 -30.088911 -9989.925161 4240.335676 0.172663 -0.748694 0.640034 0.934672 0.329554 0.133355 -0.310768 0.575196 0.756685
55.475818 -40.149850 -16041.438729 5104.211204 0.112077 -0.815638 0.567603 0.954514 0.247190 0.166733 -0.276300 0.523098 0.806242
30.693169 -31.062150 -9427.331589 2395.810765 0.071063 -0.795587 0.601657 0.929562 0.271577 0.249321 -0.361752 0.541560 0.758847
9.904947 -129.628727 1953.958862 1408.874778 0.799664 -0.290296 0.525610 -0.581981 -0.590145 0.559488 -0.147769 0.753298 0.640864
11.170181 -134.279106 135.472044 153.516821 0.791825 -0.243440 0.560134 -0.581721 -0.579994 0.570270 -0.186048 0.777396 0.600868
10.262875 -135.163576 1909.541470 3213.095791 0.781053 -0.302765 0.546158 -0.624464 -0.379554 0.682630 -0.000620 0.874227 0.485517
7.800121 -125.378542 1988.113355 1230.947045 0.789470 -0.318846 0.524476 -0.613790 -0.409495 0.674964 0.000440 0.854781 0.518988
6.498219 -40.734478 429.727029 -2036.971709 0.007985 0.999968 -0.000538 0.961224 -0.007824 -0.275658 0.275654 -0.001684 0.961256
5.457243 -34.850077 310.170619 -3184.097092 -0.035144 0.999351 0.007895 0.984083 0.035982 -0.174027 0.174198 -0.001653 0.984709
7.183941 -41.442739 353.885702 -2056.014095 -0.022494 0.999728 -0.006196 0.965540 0.020116 -0.259477 0.259282 0.011819 0.965729
8.477629 -45.190706 265.470466 -821.729838 0.010813 0.999878 -0.011299 0.928298 -0.014237 -0.371565 0.371680 0.006471 0.928338
8.778119 -41.213474 -1054.892336 -2353.975477 -0.057150 0.998335 -0.007765 0.970946 0.053768 -0.233179 0.232374 0.020866 0.972403
9.703029 -45.045086 -1086.199562 -509.210167 -0.029680 0.999529 -0.007846 0.933920 0.024932 -0.356610 0.356247 0.017912 0.934220
-8.462475 -350.581355 -2593.041958 8733.805272 -0.830656 -0.046880 -0.554809 0.176945 0.922566 -0.342875 0.527921 -0.382982 -0.758040
-10.854454 -443.824678 4718.037275 35651.244873 0.871300 0.091004 0.482239 0.308975 0.661720 -0.683126 0.381274 -0.744208 -0.548439
18.187647 -927.307163 -3815.264622 255310.190657 0.869393 0.085311 0.486701 0.213952 0.822867 -0.526417 0.445400 -0.561793 -0.697142
-10.490804 -268.735689 -1625.570885 26688.872518 -0.828459 -0.024767 -0.559502 0.129646 0.963404 -0.234614 0.544838 -0.266905 -0.794930
-11.030308 -481.975493 1204.479549 109286.928752 -0.816485 -0.046007 -0.575531 0.053334 0.986548 -0.154525 0.574898 -0.156863 -0.803048
-14.092513 -480.623647 4813.225055 87925.513402 0.883662 0.175787 0.433867 0.181542 0.725601 -0.663736 0.431490 -0.665283 -0.609273
0.640886 -103.758558 1354.555605 8168.510418 0.921528 0.027130 0.387363 0.101354 0.946172 -0.307386 -0.374851 0.322525 0.869174
-3.048753 -120.617658 3164.483096 16466.631092 0.931367 -0.018464 0.363614 0.081937 0.983723 -0.159923 -0.354743 0.178741 0.917720
-1.333740 -137.180555 2415.880236 20988.478296 0.928794 0.020944 0.370003 0.024118 0.992869 -0.116742 -0.369810 0.117352 0.921666
2.655483 -105.537344 -790.585687 10668.165096 0.902627 0.070984 0.424530 0.017257 0.979546 -0.200477 -0.430077 0.188282 0.882940
0.162336 -141.855051 1078.410659 19414.831316 0.915886 0.055052 0.397646 -0.073166 0.996853 0.030512 -0.394714 -0.057040 0.917032
-12.073886 -84.983830 -1232.766762 -1942.502515 0.815745 -0.207974 0.539728 -0.180411 0.795084 0.579045 0.549555 0.569726 -0.611066
-11.005255 -90.207261 -1634.770742 -4502.454136 0.837540 -0.213941 0.502749 -0.222691 0.706589 0.671670 0.498934 0.674508 -0.544154
-13.093926 -96.246229 284.000779 -4975.526680 0.803394 -0.264204 0.533624 -0.235805 0.681739 0.692552 0.546767 0.682223 -0.485404
-15.290083 -39.917787 -4068.586654 -2227.039343 -0.328232 -0.801328 0.500136 0.888202 -0.081616 0.452147 -0.321499 0.592631 0.738530
-5.801532 -36.030155 -3012.147597 -1950.565334 -0.336673 -0.793104 0.507580 0.890744 -0.093458 0.444793 -0.305329 0.601874 0.737917
-6.690587 -31.817180 -2367.325675 -1308.284420 -0.271469 -0.799910 0.535209 0.889581 0.003714 0.456763 -0.367357 0.600108 0.710576
-13.584788 -33.006763 -2638.270613 -898.897438 -0.059274 -0.781001 0.621711 0.892518 0.237484 0.383422 -0.447099 0.577615 0.682981
-11.474625 -46.102927 -211.909737 -1235.123075 0.250171 0.958197 -0.138827 -0.264321 -0.070348 -0.961866 0.931423 -0.277325 -0.235673
-9.528079 -44.866338 -1164.124038 514.307086 0.286073 0.941341 -0.178994 -0.399919 -0.052459 -0.915048 0.870762 -0.333354 -0.361453
-12.867773 -46.932279 -457.903393 -1387.774706 0.220182 0.955400 -0.196800 -0.378906 -0.102140 -0.919781 0.898860 -0.277088 -0.339518
39.974102 -48.214456 -2871.588774 -1004.106164 0.733044 -0.000516 0.680181 0.425343 0.780701 -0.457808 0.530782 -0.624904 -0.572508
59.575583 -47.498538 -16710.249113 839.925467 -0.493074 -0.247489 -0.834043 0.380826 0.800556 -0.462690 0.782209 -0.545765 -0.300483
44.350666 -46.087639 -12170.009812 378.112259 -0.522600 -0.196167 -0.829703 0.332243 0.849378 -0.410087 0.785177 -0.489975 -0.378710
42.097088 -701.924316 -5470.316459 250792.961848 -0.133337 0.981190 0.139597 -0.876588 -0.182477 0.445304 -0.462401 0.062993 -0.884430
117.792563 -2655.497157 -10813.064666 893373.501386 -0.288114 0.937863 0.193399 -0.851123 -0.343356 0.397110 -0.438839 0.050194 -0.897163
1604.302355 -8591.862836 -295076.044321 4269394.555687 -0.076186 0.996904 0.019458 -0.744534 -0.069858 0.663919 -0.663223 -0.036094 -0.747551
-49.446910 -73.502183 -864.861281 -7481.747701 0.151650 0.914402 0.375328 0.006669 -0.380657 0.924692 -0.988412 0.137727 0.063825
-39.103435 -69.690318 -3631.121946 -1484.993766 0.071064 0.950480 0.302553 0.137954 -0.309770 0.940750 -0.987886 0.025115 0.153136
-56.095354 -72.574775 676.766275 -4776.525330 0.235427 0.922704 0.305272 0.104769 -0.336365 0.935886 -0.966229 0.188349 0.175860
-53.468824 -63.127288 123.359150 808.758418 0.953063 -0.210079 -0.218030 0.301270 0.729611 0.613925 -0.030105 0.650795 -0.758656
-52.952122 -61.328267 145.278381 121.560145 0.952181 -0.163227 -0.258281 0.280853 0.800448 0.529532 -0.120307 0.576749 -0.808014
-52.518801 -63.086887 -1869.826319 2199.742071 0.865560 -0.211619 -0.453897 0.467013 0.668352 0.578969 -0.180842 0.713109 -0.677327
-53.466314 -63.160083 950.688765 -2084.895928 0.958198 -0.260287 -0.118774 0.284037 0.815595 0.504112 0.034343 0.516775 -0.855432
-53.837148 -65.618016 -609.875581 377.594915 0.883497 -0.338411 -0.323899 0.467823 0.602061 0.647043 0.023960 0.723188 -0.690236
-53.520532 -65.941940 567.910415 -1488.923844 0.928371 -0.352404 -0.118059 0.349920 0.721771 0.597161 0.125230 0.595699 -0.793385
8.071699 -39.501464 -757.727064 1445.977706 0.104236 0.981095 0.163055 -0.242309 -0.133956 0.960907 -0.964583 0.139671 -0.223765
6.109768 -41.339900 -1573.798095 1660.304698 0.085483 0.985128 0.149051 -0.248447 -0.123797 0.960702 -0.964866 0.119155 -0.234169
8.315732 -43.556838 -247.693849 1038.302961 0.094878 0.969014 0.228059 -0.372800 -0.177836 0.910711 -0.923049 0.171427 -0.344375
7.504985 -38.600725 1202.748037 1339.373120 0.126402 0.966842 0.221898 -0.263283 -0.182971 0.947208 -0.956402 0.178151 -0.231425
3.170505 -60.814953 2630.713123 4606.236523 0.385221 0.515835 0.765192 0.875687 -0.465950 -0.126739 0.291165 0.718891 -0.631204
14.177142 -59.966463 5494.770699 8888.119849 0.268875 0.561452 0.782610 0.929353 -0.364660 -0.057680 0.253002 0.742829 -0.619834
8.412766 -52.184346 3556.393238 2889.471457 0.284090 0.563191 0.775957 0.906216 -0.422049 -0.025456 0.313155 0.710416 -0.630272
13.987151 -78.260635 4233.305669 11890.043693 0.339707 0.529902 0.777048 0.925316 -0.336304 -0.175187 0.168493 0.778527 -0.604571
-0.511775 -72.849643 2873.322985 7376.269889 0.451582 0.474254 0.755749 0.861060 -0.453579 -0.229875 0.233773 0.754553 -0.613189
-3.395113 -29.874895 -921.406703 -4026.511609 0.014563 0.993591 -0.112097 0.208322 0.106634 0.972230 -0.977952 0.037511 0.205434
0.904882 -30.191909 -1031.007997 -4745.661754 0.043410 0.998979 0.012512 0.201220 -0.021009 0.979321 -0.978584 0.039995 0.201926
-3.824967 -37.441662 -459.346973 -2780.822331 0.028744 0.996740 -0.075383 0.297794 0.063451 0.952519 -0.954197 0.049828 0.294999
6.695632 -72.601994 -1230.666152 -1362.548411 0.129851 0.987942 -0.084317 -0.985468 0.137981 0.099069 -0.109509 -0.070227 -0.991502
3.078733 -71.665995 -1414.643630 -318.934672 0.130719 0.986037 -0.103166 -0.983571 0.142048 0.111403 -0.124502 -0.086909 -0.988406
6.363774 -72.859652 -1465.506410 3351.094236 0.143227 0.984848 -0.097776 0.984969 -0.132208 0.111166 0.096555 -0.112228 -0.988980
3.700543 -71.875438 -1236.704132 2838.511828 0.114354 0.989330 -0.090269 -0.932639 0.138211 0.333290 -0.342210 -0.046075 -0.938493
10.359986 -73.064510 -1192.885344 -4307.816748 0.135850 0.988090 -0.072273 -0.984740 0.126659 -0.119355 0.108779 -0.087384 -0.990218
9.772781 -74.055262 -764.121490 -2689.415144 0.119474 0.991367 -0.054016 -0.988170 0.124005 0.090234 -0.096153 -0.042596 -0.994455
6.492603 -74.570482 -830.129615 2317.354836 0.110661 0.991784 -0.064180 -0.936794 0.125656 0.326538 -0.331920 -0.023988 -0.943003
5.453318 -153.011161 -271.313940 12363.078865 0.119116 0.992621 0.022691 0.185521 -0.044702 0.981623 -0.975394 0.112717 0.189477
6.006249 -168.428464 36.452234 10043.235821 0.152242 0.988313 0.007717 0.166587 -0.033356 0.985462 -0.974203 0.148743 0.169718
6.270186 -134.591473 -237.495703 13974.585945 0.142334 0.987801 0.063166 0.411945 -0.117142 0.903648 -0.900024 0.102599 0.423593
4.781157 -119.678288 -491.258449 14008.227254 0.110656 0.990843 0.077369 0.418215 -0.117042 0.900776 -0.901583 0.067320 0.427336
3.933974 -139.882387 -415.210945 12961.393238 0.091200 0.995202 0.035440 0.198895 -0.053075 0.978583 -0.975768 0.082198 0.202781
30.490207 -24.936768 -7338.675547 1554.318404 0.143088 0.603514 0.784409 -0.511608 0.723562 -0.463374 -0.847221 -0.335006 0.412295
61.462102 -29.866340 -10485.016344 932.103150 0.212735 0.654165 0.725818 -0.565602 0.688163 -0.454452 -0.796768 -0.313846 0.516393
46.747260 -31.454612 -14444.373464 1586.613954 0.130133 0.543147 0.829492 -0.574800 0.723001 -0.383242 -0.807880 -0.426919 0.406287
-11.119137 -44.664202 541.923562 1288.022164 0.219763 0.975351 0.019866 -0.726608 0.150062 0.670464 -0.650957 0.161778 -0.741676
-9.348424 -40.406067 909.359946 1533.293745 0.190285 0.980380 0.051448 -0.612372 0.077570 0.786755 -0.767328 0.181213 -0.615118
-7.427615 -40.760629 1449.010846 1713.963612 0.178068 0.976516 0.121275 -0.695571 0.037734 0.717466 -0.696041 0.212113 -0.685955
-9.327567 -44.319341 893.121185 612.931969 0.209673 0.974420 0.080886 -0.796469 0.122225 0.592198 -0.567163 0.188591 -0.801723
-12.222576 -48.437292 217.059257 459.973722 0.252177 0.967681 0.000990 -0.826938 0.214968 0.519579 -0.502574 0.131844 -0.854422
-6.655848 -47.341159 -195.223849 -1228.467496 0.148929 0.988486 -0.026761 -0.085398 0.039818 0.995551 -0.985153 0.145981 -0.090345
-6.471246 -51.076053 -162.164295 -906.198916 0.135629 0.990683 -0.012347 0.078377 0.001695 0.996922 -0.987655 0.136179 0.077416
-7.612230 -50.856842 -295.393878 -670.049800 0.155234 0.987099 -0.039228 0.105824 0.022865 0.994122 -0.982193 0.158473 0.100909
-8.036637 -49.010867 -348.366275 -970.511150 0.173201 0.983172 -0.058096 -0.042497 0.066393 0.996888 -0.983969 0.170193 -0.053281
2.774827 -191.618573 -707.480320 22273.580513 -0.586078 -0.450120 -0.673724 0.315385 0.639190 -0.701404 0.746354 -0.623560 -0.232654
-0.603780 -232.645853 1186.365285 33272.799565 0.572449 0.476463 0.667297 0.429814 0.518684 -0.739071 0.698257 -0.709894 -0.092130
-2.444272 -250.670094 -350.961516 48252.943439 0.582142 0.436172 0.686196 0.542326 0.420494 -0.727370 0.605800 -0.795575 -0.008240
-3.831959 -276.569765 -1317.914560 63128.855203 0.586747 0.409582 0.698549 0.520616 0.469931 -0.712828 0.620232 -0.781925 -0.062496
-3.779629 -246.663412 1624.632771 25315.633119 -0.602534 -0.397255 -0.692200 0.734127 0.064344 -0.675957 0.313066 -0.915450 0.252866
8.685456 -386.157078 -4337.381194 -67045.707160 0.736465 0.327367 0.591988 0.664504 -0.186184 -0.723720 0.126703 -0.926373 0.354654
-4.154140 -913.985089 -6901.124072 -247056.339304 0.744041 0.333890 0.578724 0.600288 0.046246 -0.798446 0.293356 -0.941477 0.166021
-41.890790 -1618.116282 492.783610 -660939.311457 0.744858 0.336228 0.576313 0.502790 0.284968 -0.816086 0.438621 -0.897633 -0.043209
1119.040608 -1250.387111 -12357475.694984 628374.045333 -0.918236 -0.000845 0.396033 -0.084425 0.977429 -0.193662 -0.386931 -0.211262 -0.897582
2291.134281 -285.435083 -3489895.643835 63664.702569 -0.760121 -0.023023 0.649373 0.133790 0.972413 0.191083 -0.635859 0.232126 -0.736072
61.298016 -6475.725745 29672.811235 -3869585.209527 -0.466341 -0.564458 -0.681112 0.173695 0.696544 -0.696173 0.867384 -0.442960 -0.226784
35.152288 -2857.284251 9773.406686 -2124172.524957 -0.398749 -0.567303 -0.720532 0.901665 -0.099169 -0.420910 0.167330 -0.817516 0.551061
10.863550 -47.643288 273.231319 1867.917169 0.096219 0.995220 -0.016678 -0.846472 0.072999 -0.527405 0.523667 -0.064864 -0.849450
9.077677 -46.062042 -747.455270 1115.753394 0.085875 0.995183 -0.047295 -0.886068 0.054583 -0.460330 0.455531 -0.081437 -0.886487
9.114493 -46.289489 -533.195294 2568.885765 0.106802 0.993449 -0.040650 -0.842362 0.068688 -0.534517 0.528223 -0.091329 -0.844180
21.214937 -536.672885 -8186.109094 139002.029360 0.376868 0.923017 0.077521 0.765478 -0.357480 0.535024 -0.521549 0.142293 0.841272
23.814148 -401.072885 -908.392107 53506.486836 0.486014 0.872746 0.045875 0.413357 -0.275805 0.867795 -0.770017 0.402798 0.494801
46.411414 -1925.773397 -12928.919883 539064.885670 0.504679 0.861135 0.061199 0.753544 -0.473997 0.455519 -0.421271 0.183775 0.888120
1.807368 -314.269181 -3480.388270 81003.258733 0.413186 0.907413 0.076674 0.890763 -0.420227 0.173061 -0.189259 0.003208 0.981922
6.054851 -231.374635 1632.992097 40081.831157 0.601707 0.798284 0.026287 0.739889 -0.569484 0.358123 -0.300854 0.196036 0.933304
-6.761004 -299.484734 1292.207163 79961.438972 0.532044 0.844632 0.059384 0.834865 -0.534998 0.129526 -0.141171 0.019336 0.989796
-49.084011 -83.394067 323.817628 1170.270793 -0.337045 0.935985 -0.101652 0.936505 0.344396 0.065960 -0.096746 0.072966 0.992631
-32.290285 -84.493695 -5130.685579 2779.098013 -0.355411 0.934709 0.001701 0.934371 0.355233 0.027574 -0.025169 -0.011389 0.999618
-22.143727 -89.831532 -8526.150138 16127.834263 -0.309687 0.947089 0.084356 0.930711 0.320094 -0.176967 0.194605 -0.023707 0.980595
1.167040 -143.418737 -3092.929091 -1837.923838 0.802258 -0.149013 0.578080 -0.491896 -0.713691 0.498682 -0.338261 0.684427 0.645864
8.720759 -144.160758 -487.038498 -1787.454401 0.806736 -0.198421 0.556602 -0.459848 -0.802360 0.380472 -0.371101 0.562893 0.738536
4.879059 -142.872619 -2468.524477 -3141.341118 0.789257 -0.158635 0.593218 -0.510546 -0.706301 0.490389 -0.341198 0.689908 0.638444
34.626786 -46.871997 -1230.350892 -1200.974186 -0.133982 0.990940 0.009329 0.172927 0.032648 -0.984393 0.975779 0.130278 0.175735
33.504241 -46.150477 2738.703273 -1680.171555 -0.090362 0.995333 0.033868 0.150447 0.047259 -0.987488 0.984480 0.084137 0.154015
28.324663 -46.088454 1241.539527 -621.470746 0.017233 0.998918 0.043192 -0.018668 0.043512 -0.998878 0.999677 -0.016408 -0.019398
31.591675 -46.101008 2041.223285 -1226.931543 -0.005347 0.999139 0.041145 0.099051 0.041472 -0.994218 0.995068 0.001240 0.099188
30.645960 -28.495794 3893.510604 -602.386814 -0.351788 0.914494 -0.199865 0.855826 0.400708 0.327101 -0.379220 0.055980 0.923612
26.608943 -22.234185 -5741.173692 -329.459687 -0.551619 0.834094 0.001600 0.775381 0.512081 0.369536 -0.307408 -0.205084 0.929215
26.764328 -21.057764 -5060.621819 -360.216398 -0.601475 0.798688 -0.018050 0.711987 0.546156 0.441349 -0.362358 -0.252608 0.897154
30.959402 -25.674639 -2352.109740 -403.644146 -0.426981 0.900835 -0.078641 0.849723 0.429454 0.305842 -0.309286 -0.063765 0.948829
-5.024789 -117.445429 -3107.206122 1903.046025 -0.336996 0.941414 0.013210 -0.719559 -0.266576 0.641227 -0.607181 -0.206585 -0.767238
3.981766 -122.537052 -2963.031323 -1372.158512 -0.369282 0.928360 0.042178 -0.720818 -0.314782 0.617522 -0.586560 -0.197637 -0.785422
2.125385 -116.041006 -2254.652717 1429.007582 -0.379599 0.922604 0.068601 -0.555329 -0.286536 0.780709 -0.739942 -0.258261 -0.621117
-10.756852 -86.664741 -815.773384 -1068.768340 -0.190231 0.977181 0.094498 -0.969185 -0.202270 0.140597 -0.156503 0.064840 -0.985547
-13.097062 -84.889630 -349.514926 -219.428264 -0.186930 0.970540 0.152017 -0.965589 -0.210006 0.153414 -0.180819 0.118108 -0.976399
-13.475329 -83.416808 -379.643621 980.957682 -0.176513 0.972311 0.153150 0.984253 0.175840 0.018042 -0.009387 0.153923 -0.988038
-16.598931 -44.692087 5229.304486 246.863996 0.592890 -0.539401 -0.597936 0.637378 0.768138 -0.060942 0.492170 -0.344979 0.799224
-28.181749 -48.922084 4907.750060 2058.451445 0.778192 -0.269558 -0.567235 0.351621 0.935376 0.037886 0.520366 -0.228934 0.822684
-29.181209 -44.507797 3324.572449 857.801714 0.831394 -0.000375 -0.555683 0.071869 0.991673 0.106859 0.551016 -0.128778 0.824498
9.515682 -126.520731 47.955054 -850.033395 0.811622 -0.228952 0.537448 -0.470710 -0.801168 0.369543 -0.345978 0.552912 0.758016
10.285157 -127.830277 499.671713 -1531.803279 0.804670 -0.226465 0.548834 -0.514359 -0.727611 0.453891 -0.296548 0.647530 0.701972
11.439249 -148.550525 170.132534 -3827.785952 0.798940 -0.229176 0.556033 -0.571208 -0.578465 0.582323 -0.188191 0.782851 0.593066
5.448162 -34.260219 -147.583999 -2854.605633 0.003181 0.999821 0.018659 0.981305 0.000470 -0.192457 0.192432 -0.018923 0.981128
4.319063 -27.245460 -512.721589 -3262.083350 -0.043518 0.998574 0.030911 0.992442 0.046762 -0.113458 0.114742 -0.025740 0.993062
21.309463 -985.889219 -8464.413894 65403.482817 0.823922 0.071605 0.562161 0.431470 0.563858 -0.704200 0.367403 -0.822762 -0.433680
18.573028 -54.802879 21.628650 -497.260264 -0.721790 -0.012260 -0.692004 -0.305543 0.902783 0.302700 0.621018 0.429922 -0.655365
19.179047 -56.409089 1820.652681 2887.652617 -0.732061 -0.069703 -0.677664 -0.266270 0.944895 0.190454 0.627046 0.319866 -0.710281
19.749874 -52.245667 -2435.041438 733.581911 -0.672702 -0.047695 -0.738375 -0.299240 0.930206 0.212538 0.676703 0.363926 -0.640024
16.089200 -54.106283 -4207.658935 -2280.576021 -0.655109 0.014356 -0.755398 -0.344436 0.884204 0.315512 0.672455 0.466881 -0.574305
15.297708 -57.842564 -585.528636 -3625.754242 -0.711860 0.026334 -0.701827 -0.354796 0.848925 0.391722 0.606114 0.527857 -0.594973
12.115094 -62.352018 3247.324236 -3739.224335 -0.778547 0.026261 -0.627036 -0.310131 0.852508 0.420772 0.545604 0.522054 -0.655573
-9.320858 -44.252342 -3157.497272 -3078.695191 -0.450010 -0.775443 0.442921 0.862852 -0.249724 0.439459 -0.230168 0.579936 0.781471
-18.126783 -37.280983 2898.854626 -1369.457407 -0.107200 0.852406 -0.511774 -0.151334 -0.522731 -0.838958 0.982653 0.012488 -0.185035
-14.878053 -35.545433 2617.152251 -1188.956757 -0.130717 0.876635 -0.463060 -0.148205 -0.479098 -0.865159 0.980280 0.044463 -0.192548
-16.870390 -34.587337 2347.983722 -1070.624368 -0.097017 0.890514 -0.444491 -0.077629 -0.452007 -0.888630 0.992251 0.051707 -0.112982
-20.063691 -40.548732 2341.080455 -1650.405140 -0.127900 0.792451 -0.596375 -0.236333 -0.608344 -0.757671 0.963218 -0.044037 -0.265089
29.949921 -395.842319 -4389.866357 -81032.057836 -0.147311 0.973536 0.174718 0.987433 0.154974 -0.030981 -0.057238 0.167958 -0.984131
41.552703 -485.952681 -3944.515947 31474.905772 -0.190743 0.945881 0.262537 0.940479 0.099455 0.324973 0.281276 0.308897 -0.908552
94.200250 -1332.203280 -5653.965974 366582.667412 -0.209414 0.899350 0.383816 -0.822707 -0.374198 0.427936 -0.528487 0.226153 -0.818264
6.128068 -445.291714 1538.295220 10829.364624 0.094129 0.680382 -0.726787 0.291139 0.679303 0.673636 -0.952039 0.275005 0.134143
13.114553 -403.375538 -2485.100138 17997.943839 0.038111 0.712857 -0.700273 0.232859 0.675154 0.699960 -0.971764 0.189740 0.140264
8.356079 -325.339226 343.617694 21206.221821 -0.063597 -0.678962 0.731413 0.010261 0.732413 0.680783 -0.997923 0.050801 -0.039613
-23.889546 -74.727629 -12421.611639 6510.280005 -0.125937 0.962551 0.240073 0.388144 -0.174899 0.904850 -0.912953 -0.207137 0.351583
-45.337732 -70.264177 -2752.668810 1388.528270 0.130766 0.945462 0.298332 0.279862 -0.323880 0.903758 -0.951093 0.034689 0.306952
-24.234374 -71.544316 -7874.966695 -2857.053095 -0.062869 0.967627 0.244429 0.065539 -0.240382 0.968463 -0.995868 -0.076906 0.048304
-53.177027 -62.052972 -16.421799 -704.633317 0.897401 -0.200702 -0.392925 0.366064 0.835834 0.409119 -0.246309 0.510979 -0.823549
-53.666228 -59.505742 1087.993119 -2025.816186 0.894957 -0.352383 -0.273640 0.429585 0.846200 0.315282 -0.120454 0.399715 -0.908691
4.622211 -43.133045 -1465.613820 1637.238875 0.086361 0.986053 0.142275 -0.246014 -0.117279 0.962145 -0.965411 0.118093 -0.232455
6.057959 -37.593284 -1598.541839 2433.812401 0.096529 0.988907 0.112898 -0.128233 -0.100127 0.986677 -0.987035 0.109720 -0.117145
2.398484 -38.473057 -31.713007 2696.773497 0.102592 0.986880 0.124670 -0.113294 -0.112923 0.987123 -0.988251 0.115396 -0.100223
4.041248 -32.716792 -927.860726 3431.138300 0.103346 0.990411 0.091680 -0.030685 -0.088955 0.995563 -0.994172 0.105700 -0.021198
5.900240 -31.217211 -1228.220016 3231.627965 0.106836 0.992177 0.064589 -0.027201 -0.062020 0.997704 -0.993905 0.108347 -0.020363
17.872821 -55.506849 4826.204360 6077.266539 0.170486 0.616040 0.769045 0.939451 -0.337073 0.061748 0.297264 0.711953 -0.636206
30.948640 -76.664761 7415.551552 10937.364622 0.194428 0.605858 0.771449 0.969093 -0.240382 -0.055456 0.151844 0.758388 -0.633869
-7.902061 -41.398519 -868.311392 -399.385456 0.014143 0.991813 -0.126910 0.419636 0.109317 0.901086 -0.907583 0.066000 0.414654
-10.747838 -41.020785 -1575.954073 1635.561973 0.016677 0.988478 -0.150442 0.533885 0.118414 0.837224 -0.845393 0.094281 0.525759
-8.939740 -40.978027 -1148.093292 -325.638131 0.006460 0.981325 -0.192248 0.433307 0.170519 0.884968 -0.901223 0.089019 0.424114
7.151257 -187.270447 -7.749150 3614.433555 0.185370 0.982598 -0.011791 0.126764 -0.012012 0.991860 -0.974458 0.185356 0.126785
6.176662 -195.807837 -278.178554 8885.086165 0.174415 0.983423 -0.049584 -0.111730 0.069796 0.991284 -0.978313 0.167355 -0.122051
8.221567 -215.699791 -766.836842 525.054902 0.197346 0.979129 -0.048590 -0.131173 0.075492 0.988481 -0.971518 0.188699 -0.143333
4.647390 -190.783794 -333.819495 4115.222874 0.179945 0.980949 -0.073199 -0.388153 0.139183 0.911024 -0.903857 0.135522 -0.405803
6.806320 -199.076255 -653.667125 5108.109615 0.197619 0.977273 -0.076715 -0.392683 0.150625 0.907255 -0.898191 0.149166 -0.413525
14.340699 -14.339020 -1786.681876 -1034.759705 0.020389 0.770785 0.636769 0.420974 -0.584308 0.693805 -0.906844 -0.253917 0.336394
20.156305 -18.649042 -3260.897248 -1895.069142 0.117422 0.689073 0.715116 0.442068 -0.681085 0.583694 -0.889263 -0.247592 0.384591
7.375661 -15.087404 -1312.843781 -1243.487738 -0.002616 0.780686 0.624919 0.453720 -0.555967 0.696447 -0.891140 -0.285360 0.352759
4.947485 -14.455312 -2123.863914 -550.317739 -0.117553 0.849185 0.514846 0.438057 -0.420933 0.794306 -0.891228 -0.318905 0.322510
-0.279951 -19.067026 76.947989 -2307.029966 -0.047159 0.821026 0.568939 0.483335 -0.479699 0.732308 -0.874164 -0.309523 0.374209
0.860961 -17.134998 -834.237945 -1986.981575 -0.177825 0.899720 0.398600 0.446382 -0.287236 0.847490 -0.876996 -0.328633 0.350541
-5.407446 -38.042818 1694.665722 1139.083882 0.172581 0.975121 0.139122 -0.595818 -0.009124 0.803067 -0.784357 0.221486 -0.579420
-7.524024 -38.138092 1092.575724 475.171677 0.177659 0.981658 0.069165 -0.503393 0.030261 0.863527 -0.845596 0.188231 -0.499536
-1.083095 -165.210486 3772.597721 20455.675133 0.741755 0.604588 0.290298 -0.170278 0.588433 -0.790413 0.648695 -0.536861 -0.539421
14.473240 -173.713687 -7568.192832 22266.234834 -0.763797 -0.543057 -0.348860 -0.009581 0.549965 -0.835133 0.645385 -0.634530 -0.425265
7.052625 -185.575163 6726.952757 21359.482904 0.739557 0.600196 0.304664 0.057027 0.395133 -0.916852 0.670674 -0.695438 -0.257996
-5.230586 -159.168225 3838.044113 23965.170540 0.751105 0.600878 0.273474 -0.122131 0.533558 -0.836899 0.648788 -0.595199 -0.474144
-3.849974 -122.209730 -1059.060681 9395.384649 -0.763537 -0.587613 -0.267812 -0.244547 0.646941 -0.722263 0.597669 -0.485982 -0.637662
-1.698576 -122.485347 -311.598765 8555.501705 -0.755615 -0.596455 -0.270716 -0.346321 0.714597 -0.607793 0.555975 -0.365503 -0.746525
-7.527287 -52.491935 -307.762503 -294.070601 0.139382 0.990231 0.003934 0.267838 -0.041524 0.962569 -0.953329 0.133111 0.271009
13.514605 -161.546958 -3916.467903 10925.153397 -0.601651 -0.492128 -0.629147 0.169355 0.691154 -0.702585 0.780599 -0.529260 -0.332488
6.227637 -199.669009 -2629.691559 17930.194559 -0.642799 -0.491637 -0.587454 0.294897 0.548958 -0.782100 0.706997 -0.675972 -0.207888
-15.474958 -36.790355 -431.414830 -12.418240 -0.277841 0.923360 0.264973 0.959430 0.280498 0.028560 -0.047953 0.262158 -0.963833
-16.191308 -38.231304 -488.445210 -212.752564 -0.192578 0.941567 0.276341 0.967974 0.228499 -0.103991 -0.161058 0.247465 -0.955417
-17.413435 -38.449765 -15.566698 301.607111 -0.284832 0.904975 0.316056 0.957981 0.280363 0.060568 -0.033798 0.320027 -0.946805
-12.978054 -35.899340 -1591.471075 -99.369865 -0.150949 0.965127 0.213880 0.975174 0.180841 -0.127798 -0.162020 0.189279 -0.968464
-16.335230 -37.535615 -199.931219 663.674834 -0.361926 0.885109 0.292561 0.929232 0.317490 0.189020 0.074418 0.340269 -0.937379
-13.073612 -34.624047 -1530.625209 -60.234717 -0.243348 0.947771 0.206184 0.968288 0.249780 -0.005351 -0.056573 0.198343 -0.978499
-14.773618 -36.020000 -399.262896 262.346837 -0.358771 0.901253 0.242954 0.931802 0.330456 0.150148 0.055035 0.280254 -0.958347
30.223090 -617.956479 -6515.938616 -58343.877208 0.752295 0.364387 0.548884 0.310311 0.538947 -0.783099 0.581170 -0.759446 -0.292374
50.749317 -480.264183 -7395.218666 -28116.822960 0.713497 0.396486 0.577686 0.514619 0.262977 -0.816094 0.475488 -0.879569 0.016406
88.363892 -1198.933846 12770.542808 488914.202771 -0.672885 -0.407821 -0.617178 0.714886 -0.144013 -0.684250 0.190170 -0.901633 0.388450
8.409610 -29.950773 -2602.190929 -1745.939632 0.082884 0.964416 -0.251061 -0.863662 -0.056179 -0.500931 0.497211 -0.258351 -0.828273
11.439247 -31.934863 -1221.278100 -1038.326030 0.110576 0.977496 -0.179650 -0.854111 0.001033 -0.520090 0.508201 -0.210951 -0.835004
13.279125 -34.474385 -2592.945502 -1424.394528 0.060176 0.963419 -0.261156 -0.901574 -0.059833 -0.428468 0.428420 -0.261235 -0.864993
36.413346 -598.850109 -1417.451682 -139301.237537 0.475403 0.879694 0.011410 -0.058101 0.018452 0.998140 -0.877847 0.475182 -0.059883
28.075938 -387.914307 -165.626001 -31936.101713 0.553262 0.830607 0.063188 0.098515 -0.140566 0.985158 -0.827161 0.538826 0.159597
-51.798267 -80.841547 -514.647236 84.493717 -0.272344 0.952777 -0.134333 0.937581 0.294156 0.185513 -0.216267 0.075425 0.973416
-57.842895 -80.865151 -670.205678 1051.088266 0.141779 -0.964811 0.221448 0.971494 0.178554 0.155941 -0.189994 0.193026 0.962623
-51.601314 -78.593984 236.020467 2379.908127 -0.172395 -0.938716 0.298482 0.977411 -0.125408 0.170120 -0.122263 0.321068 0.939131
-2.679138 -142.138242 -1565.699247 -828.252292 0.813754 -0.145715 0.562647 -0.474440 -0.725722 0.498232 -0.335725 0.672380 0.659692
41.554688 -47.281052 -5051.342638 -403.658908 -0.206214 0.978410 -0.013772 0.190676 0.026375 -0.981299 0.959749 0.204983 0.191998
35.601807 -47.465324 -4534.283129 134.964523 -0.151235 0.988413 0.012927 0.275844 0.054757 -0.959641 0.949230 0.141565 0.280929
33.509146 -45.590991 2470.055622 -234.492915 -0.120419 0.992239 0.030996 0.236399 0.058987 -0.969864 0.964165 0.109462 0.241668
30.397413 -46.244887 416.310103 -51.227706 -0.142612 0.989626 0.017388 0.254366 0.053622 -0.965620 0.956535 0.133286 0.259375
24.354561 -31.701311 7112.077366 -47.747958 -0.354651 0.882688 -0.308358 0.788363 0.459615 0.408948 -0.502700 0.098064 0.858881
22.283372 -32.664735 6883.063449 -768.375180 -0.289963 0.919080 -0.266860 0.860766 0.372335 0.347057 -0.418334 0.129070 0.899076
12.467071 -35.657082 5427.497649 -569.965547 -0.300627 0.902630 -0.308031 0.789971 0.416623 0.449857 -0.534387 0.108096 0.838300
7.212561 -38.014192 5024.638574 -1327.501301 -0.199765 0.944390 -0.261191 0.880345 0.290025 0.375338 -0.430217 0.154959 0.889326
-9.480399 -96.503469 308.089860 7503.219365 -0.296662 0.950700 0.090339 -0.498551 -0.234862 0.834438 -0.814517 -0.202508 -0.543647
-6.992551 -86.034446 2258.271141 7198.919655 -0.256980 0.954127 0.153631 -0.435133 -0.256179 0.863152 -0.862914 -0.154963 -0.481005
-6.758971 -72.808047 1936.645693 7971.795225 -0.285689 0.937342 0.199430 -0.257376 -0.275505 0.926204 -0.923114 -0.213278 -0.319958
-3.351766 -93.221035 -974.958625 1691.500461 -0.173627 0.984137 0.036431 0.984419 0.172395 0.034625 0.027796 0.041876 -0.998736
-0.418389 -97.258880 -618.415176 140.415658 -0.135474 0.989762 0.044916 -0.975134 -0.125173 -0.182879 0.175385 0.068574 -0.982109
-3.621407 -92.719800 -780.651958 2728.297066 -0.113227 0.991835 0.058678 -0.922072 -0.082898 -0.378037 0.370086 0.096910 -0.923929
-0.699256 -97.628544 -688.628812 2551.286677 -0.101676 0.993415 0.052816 -0.935761 -0.077486 -0.344015 0.337657 0.084401 -0.937477
10.534734 -31.797995 -5918.536279 -887.461470 -0.199041 0.834483 0.513829 0.884736 0.378503 -0.271988 0.421455 -0.400467 0.813635
6.835953 -114.287919 1464.749133 3856.085920 0.794393 -0.309559 0.522602 -0.593426 -0.579055 0.559053 -0.129555 0.754234 0.643698
7.192417 -108.178883 605.909437 3342.509421 0.815854 -0.277357 0.507401 -0.517517 -0.741694 0.426692 -0.257990 0.610707 0.748651
4.609012 -110.933860 4.529727 5963.701085 0.801514 -0.291126 0.522322 -0.568962 -0.640064 0.516333 -0.184002 0.711030 0.678660
7.574782 -27.200772 1831.188466 -2755.473160 0.027387 0.998924 0.037417 0.990356 -0.022029 -0.136780 0.135808 -0.040802 0.989895
5.141772 -21.845122 1123.408249 -2753.878683 0.027602 0.998510 0.047077 0.996888 -0.024017 -0.075081 0.073839 -0.049003 0.996066
2.881598 -21.210658 -932.269291 -3065.845310 -0.087790 0.995220 0.042789 0.994638 0.089934 -0.051058 0.054662 -0.038077 0.997779
-12.041617 -690.148904 -437.195007 60577.666385 0.846280 0.060598 0.529280 0.479783 0.345135 -0.806653 0.231555 -0.936595 -0.263007
-3.229546 -687.987950 4090.515455 -54982.596460 0.859495 0.106945 0.499831 0.508625 -0.081980 -0.857077 0.050684 -0.990879 0.124856
-11.161742 -443.030637 3708.362902 36148.287207 0.848002 0.100480 0.520382 0.240293 0.802257 -0.546482 0.472390 -0.588461 -0.656171
-1.308309 -101.064470 -1944.035451 -3125.222440 0.881760 0.041734 0.469849 0.128658 0.937032 -0.324681 -0.453814 0.346740 0.820868
19.412694 -51.399590 -1721.906953 1823.784363 -0.656449 -0.126162 -0.743746 -0.254054 0.965297 0.060491 0.710303 0.228661 -0.665720
287.461649 -900.110936 -127295.567698 76445.103878 -0.093726 0.266395 -0.959296 -0.682950 0.683896 0.256644 0.724428 0.679205 0.117835
569.284595 -445.886989 -80996.206489 -257425.408093 0.235963 -0.286002 0.928722 0.932112 -0.203600 -0.299524 0.274752 0.936349 0.218544
602.746237 -156.316194 -520526.608847 -11131047.721607 -0.595788 0.004610 -0.803129 -0.175127 0.975175 0.135513 0.783816 0.221387 -0.580190
-27.390673 -52.436350 -5331.920214 -3510.292046 -0.533803 -0.755841 0.379157 0.821329 -0.356761 0.445129 -0.201178 0.549023 0.811234
-18.454371 -57.006596 -4059.257599 -3420.818087 -0.571528 -0.727516 0.379574 0.815783 -0.453788 0.358571 -0.088620 0.514583 0.852849
-4.531490 -49.470551 -3064.078847 -3408.992702 -0.504484 -0.750499 0.426903 0.853552 -0.358951 0.377629 -0.130173 0.554892 0.821675
-12.356492 -33.367728 1183.924053 -591.294282 -0.128729 0.927408 -0.351203 -0.123609 -0.366393 -0.922213 0.983946 0.075303 -0.161801
-13.767030 -36.542060 1607.103145 -1353.031194 -0.141995 0.872536 -0.467459 -0.200503 -0.487808 -0.849613 0.969348 0.026913 -0.244212
-8.354875 -50.768045 0.193287 2293.748660 0.032895 0.993826 -0.105957 0.968663 -0.057816 -0.241556 0.246190 0.094691 0.964585
-4.046104 -53.274952 2039.047064 -264.779470 -0.003067 0.986832 -0.161722 0.985307 -0.024634 -0.169006 0.170764 0.159864 0.972257
-7.399838 -52.177067 -417.140653 425.963680 -0.055720 -0.991880 0.114317 0.995313 -0.064244 -0.072282 0.079039 0.109754 0.990811
-10.311888 -50.214287 -885.792009 1227.083965 0.055740 0.996694 -0.059116 0.992971 -0.061528 -0.101107 0.104410 0.053065 0.993118
-8.883934 -46.579227 -494.660291 1347.767314 -0.026879 0.997861 -0.059591 0.962591 0.009758 -0.270784 0.269624 0.064640 0.960794
15.378204 -464.012933 -1537.621066 136531.519189 -0.155594 0.976927 0.146302 -0.932122 -0.194232 0.305650 -0.327014 0.088814 -0.940837
-1.634649 -846.482762 -8820.221126 -197359.762169 -0.171395 -0.591245 0.788069 -0.366602 0.780738 0.506014 -0.914454 -0.202179 -0.350567
-6.834012 -358.042236 -2088.268176 -46095.205439 -0.106429 -0.610852 0.784559 -0.570407 0.683803 0.455026 -0.814438 -0.399090 -0.421211
-16.421962 -404.208115 4790.764243 97483.621890 0.144480 0.589181 -0.794979 0.833860 -0.505035 -0.222749 -0.532731 -0.630718 -0.564262
20.098385 -35.993237 7547.355745 -2218.369885 -0.000081 0.998953 0.045740 0.978532 0.009506 -0.205877 0.206096 -0.044742 0.977508
20.113844 -38.643411 7061.882075 -1972.964535 -0.028900 0.998218 0.052202 0.957011 0.042710 -0.286891 0.288610 -0.041667 0.956540
