15320
30630
-57.791902 -87.087454 1182.196802 -14483.739768 -0.496930 -0.322414 -0.805673 -0.529629 0.848134 -0.012737 0.687425 0.420379 -0.592224
-60.066375 -92.496248 1905.856903 -11182.322951 -0.416900 -0.496310 -0.761493 -0.672906 0.731726 -0.108508 0.611058 0.467176 -0.639027
-74.809222 -104.415759 -3262.308307 -8995.137012 0.638600 0.168153 0.750942 -0.538123 0.795152 0.279567 0.550103 0.582631 -0.598271
-49.207414 -75.901918 -97.673575 -9751.805399 0.247043 0.705968 0.663761 -0.674216 0.617227 -0.405541 0.695990 0.347332 -0.628457
-56.305736 -109.126706 -3183.096862 -18575.561066 -0.637665 -0.041683 -0.769185 -0.411614 0.862465 0.294495 0.651120 0.504397 -0.567121
-40.712951 -104.622927 -10053.767082 -29377.708866 -0.544422 -0.051517 -0.837228 -0.358925 0.916429 0.177006 0.758141 0.396868 -0.517415
-45.540569 -70.881806 -2737.686604 -15134.500151 -0.431582 -0.351038 -0.830969 -0.457687 0.879015 -0.133625 0.777342 0.322653 -0.540032
-57.575583 -93.051813 -934.973400 -222.690109 0.014202 0.965895 -0.258546 0.977318 -0.068051 -0.200546 -0.211300 -0.249833 -0.944953
-58.562366 -93.199021 -612.451584 -480.043529 0.013831 0.975652 -0.218888 -0.945610 0.083917 0.314294 -0.325009 -0.202636 -0.923747
-60.464597 -92.676331 -886.505856 78.460414 0.053422 0.986633 -0.153955 -0.972836 0.086200 0.214848 -0.225247 -0.138295 -0.964437
-55.432027 -93.755254 -2133.827065 -680.780011 -0.015799 0.939749 -0.341501 0.946523 -0.096019 -0.308018 -0.322250 -0.328104 -0.887976
-54.232206 -92.707142 -1954.253188 210.199164 -0.035525 0.926672 -0.374188 0.977004 -0.046565 -0.208074 -0.210240 -0.372975 -0.903708
-80.518876 -122.772661 -2387.995962 -3685.229413 -0.602538 0.017725 0.797893 0.774830 -0.226616 0.590156 0.191276 0.973823 0.122811
-74.096541 -115.787116 -2851.775767 -3086.183566 -0.501272 0.136967 0.854380 0.819522 -0.241720 0.519571 0.277685 0.960631 0.008920
-73.278383 -110.497403 -5056.220969 -8787.370779 -0.408778 0.051629 0.911173 0.911763 -0.020507 0.410204 0.039864 0.998456 -0.038690
-81.866260 -119.119183 -4446.714039 -9466.104520 -0.583166 -0.080271 0.808377 0.812309 -0.047306 0.581305 -0.008421 0.995650 0.092792
12.234864 -92.201290 -8133.186134 -17267.137176 0.976894 -0.108842 -0.183935 0.034259 0.929229 -0.367913 -0.210962 -0.353110 -0.911487
-4.536065 -79.927619 527.048173 -12758.822413 0.974198 0.033149 -0.223246 -0.126866 0.898520 -0.420198 -0.186662 -0.437678 -0.879543
6.445253 -67.559956 -8648.008302 -10412.044932 0.970035 -0.184262 -0.158365 0.091245 0.880369 -0.465430 -0.225181 -0.437033 -0.870802
48.068527 -95.883250 -28842.043506 -17353.907116 0.941753 -0.313377 -0.122049 0.252562 0.898666 -0.358625 -0.222066 -0.306912 -0.925469
49.554264 -71.193835 -29177.218384 -16113.770167 0.897407 -0.440667 -0.021778 0.379974 0.797009 -0.469463 -0.224234 -0.413024 -0.882684
13.816517 -62.563042 6485.210646 -3947.362611 0.919042 -0.091327 0.383432 0.282089 0.831827 -0.478007 0.275294 -0.547470 -0.790246
12.623569 -66.002729 7991.672245 -2200.487496 0.927536 -0.048325 0.370597 0.208137 0.890391 -0.404824 0.310413 -0.452624 -0.835928
19.143295 -58.282397 6703.799291 -2633.831697 0.915513 -0.128755 0.381127 0.301287 0.847240 -0.437505 0.266575 -0.515370 -0.814451
9.409458 -68.193667 765.912691 -4222.125002 0.934236 -0.048171 0.353386 0.219465 0.858682 -0.463142 0.281136 -0.510240 -0.812784
19.322209 -56.555862 5253.317031 -4853.497784 0.901538 -0.147429 0.406811 0.358809 0.780179 -0.512423 0.241839 -0.607936 -0.756259
15.455009 -62.318269 1690.420136 -4163.316002 0.916538 -0.108078 0.385068 0.315741 0.786500 -0.530778 0.245491 -0.608060 -0.754981
-14.058745 -74.592661 132.367653 -1916.629563 0.305893 0.606702 0.733718 0.928435 -0.019454 -0.370986 -0.210804 0.794692 -0.569234
-13.103861 -67.290798 -1058.769505 -576.314047 0.260833 0.607321 0.750418 0.962111 -0.099575 -0.253827 -0.079431 0.788191 -0.610283
-16.502661 -64.776031 -3744.594849 -494.880396 0.242745 0.640530 0.728557 0.966878 -0.098682 -0.235390 -0.078879 0.761566 -0.643269
-13.610943 -62.859139 -1451.897105 8011.260047 0.234178 0.615001 0.752951 0.968312 -0.216683 -0.124175 0.086784 0.758170 -0.646255
-1.825921 -59.895299 2914.332037 -3026.333109 0.586890 0.004900 0.809652 0.220768 0.961123 -0.165845 -0.778987 0.276078 0.562992
-16.491648 -84.898640 6936.163588 -22136.636173 0.630863 0.074849 0.772275 0.174252 0.956243 -0.235024 -0.756074 0.282839 0.590216
-8.299675 -56.950746 5724.901223 -1003.390282 0.616280 0.086622 0.782749 0.142367 0.965302 -0.218914 -0.774552 0.246350 0.582564
-3.915754 -83.616950 5317.213412 -17019.430226 0.594590 -0.030232 0.803461 0.267909 0.949636 -0.162530 -0.758082 0.311893 0.572743
-1.693439 -62.086406 378.085700 13472.519830 0.590810 0.141906 0.794233 0.108449 0.961509 -0.252466 -0.799489 0.235293 0.552680
1.339058 -75.604326 504.492872 5412.935506 0.581467 0.076486 0.809967 0.189803 0.955346 -0.226472 -0.791120 0.285420 0.540985
-14.398165 -105.586467 611.381680 2674.678873 -0.525657 -0.138392 -0.839364 -0.288083 0.957339 0.022570 0.800433 0.253671 -0.543101
-11.244477 -107.463383 1823.257950 2838.537299 -0.555310 -0.128396 -0.821672 -0.327619 0.941889 0.074233 0.764393 0.310418 -0.565105
-12.484348 -105.617784 590.294646 3564.570362 -0.529662 -0.129640 -0.838243 -0.429398 0.893242 0.133178 0.731489 0.430479 -0.528784
-15.274005 -106.290020 123.112370 3833.973415 -0.491701 -0.142703 -0.858992 -0.329592 0.943584 0.031908 0.805978 0.298805 -0.510995
-15.732379 -109.088628 -963.186343 2253.228320 -0.486879 -0.150005 -0.860492 -0.208119 0.976693 -0.052506 0.848313 0.153521 -0.506750
-7.510503 -59.342732 4038.702013 10951.194260 0.620142 0.213889 0.754768 0.009582 0.959977 -0.279915 -0.784431 0.180820 0.593273
-2.182618 -79.450353 891.593546 18819.894463 0.583074 0.298287 0.755679 -0.096019 0.948941 -0.300486 -0.806725 0.102646 0.581943
0.487258 -31.701427 -4264.804273 -5047.762183 0.924387 0.176151 -0.338349 -0.376386 0.565340 -0.733978 -0.061992 -0.805830 -0.588894
-5.167919 -43.610675 -1384.938487 -5389.300033 0.950760 0.150422 -0.270977 -0.302000 0.646131 -0.700936 -0.069650 -0.748257 -0.659743
-8.805169 -36.320431 -3237.028630 -4102.780465 0.973310 0.085990 -0.212774 -0.219563 0.618692 -0.754329 -0.066777 -0.780914 -0.621059
-6.315454 -25.723105 -4062.418917 -4172.913702 0.968288 0.094465 -0.231291 -0.243766 0.560082 -0.791761 -0.054748 -0.823034 -0.565348
2.669640 -41.214070 -4205.069939 -6195.873600 0.894260 0.224792 -0.386998 -0.439948 0.600212 -0.667976 -0.082125 -0.767603 -0.635642
12.097512 -30.074424 -7725.527749 -6045.017363 0.857693 0.256969 -0.445343 -0.510684 0.526341 -0.679829 -0.059707 -0.810514 -0.582669
6.418552 -177.925500 3605.938919 7745.264540 -0.579225 -0.575990 0.576830 -0.240472 0.796866 0.554236 -0.778891 0.182316 -0.600074
11.843016 -178.758485 2720.869759 7241.346321 -0.590356 -0.586815 0.554192 -0.406953 0.809351 0.423485 -0.697043 0.024477 -0.716611
11.543647 -175.692619 3541.457221 4417.468413 -0.585810 -0.581826 0.564185 -0.238084 0.788970 0.566430 -0.774689 0.197497 -0.600710
16.370862 -181.143577 2479.816042 1489.156943 -0.604067 -0.583065 0.543266 -0.347604 0.806203 0.478757 -0.717129 0.100360 -0.689676
12.757929 -180.876642 512.629171 2102.089388 -0.616753 -0.575786 0.536736 -0.117609 0.741619 0.660431 -0.778321 0.344198 -0.525114
1.988322 -123.586195 -1560.894284 -3320.204303 0.455350 0.608853 0.649580 -0.450467 -0.471771 0.757966 -0.767942 0.637754 -0.059447
4.562856 -119.118936 -1493.847968 412.453871 0.435830 0.595486 0.674869 -0.549368 -0.417932 0.723553 -0.712915 0.686097 -0.144993
4.077005 -120.731841 -2663.088844 -3180.881275 0.444380 0.614706 0.651661 -0.411650 -0.505967 0.757986 -0.795657 0.605090 -0.028202
-4.990468 -150.241434 -511.816132 -5746.393120 -0.450821 -0.361831 0.815990 0.764413 0.315530 0.562240 -0.460905 0.877222 0.134341
-4.540175 -157.544806 -906.801552 -4894.325891 -0.471919 -0.355815 0.806652 0.765779 0.287966 0.575029 -0.436892 0.889084 0.136579
-8.344608 -158.893792 -1776.515397 8931.311190 -0.503730 -0.397337 0.767059 0.612541 0.461832 0.641487 -0.609138 0.792991 0.010746
-2.901598 -170.391300 -339.628182 -16610.362560 -0.448223 -0.348236 0.823303 0.848847 0.122962 0.514140 -0.280277 0.929307 0.240484
-8.674734 -146.721931 941.450480 -1801.439265 -0.455321 -0.398210 0.796311 0.657597 0.452541 0.602307 -0.600208 0.797895 0.055810
-2.466618 -168.697151 1669.696545 -19708.783603 -0.422987 -0.369486 0.827383 0.845908 0.166320 0.506731 -0.324841 0.914231 0.242201
-3.360210 -156.671862 2017.263669 -16147.318210 -0.414643 -0.371157 0.830851 0.788778 0.308692 0.531544 -0.453763 0.875758 0.164764
7.229234 -135.604135 4810.921606 7923.277144 0.422686 0.645963 -0.635664 0.834652 -0.004175 0.550762 0.353118 -0.763358 -0.540919
5.449906 -154.099306 4490.542353 16269.741916 0.466178 0.637966 -0.612925 0.853497 -0.141964 0.501387 0.232854 -0.756865 -0.610683
10.995451 -163.126090 5321.227446 23479.940153 0.446654 0.636345 -0.628939 0.865223 -0.128233 0.484713 0.227794 -0.760671 -0.607856
0.668259 -142.392694 2121.850067 -611.964029 0.450004 0.644394 -0.618266 0.799907 0.016957 0.599884 0.397046 -0.764506 -0.507825
10.721327 -136.425882 4450.100564 8210.276025 0.397276 0.643106 -0.654666 0.824533 0.063046 0.562290 0.402886 -0.763178 -0.505215
4.233915 -136.473759 3431.625837 -8755.414944 0.416086 0.644211 -0.641767 0.756197 0.146825 0.637659 0.505014 -0.750623 -0.426058
63.649720 -663.015767 -9504.526130 207558.514479 -0.438060 -0.534274 0.722949 0.877372 -0.078973 0.473267 -0.195761 0.841614 0.503351
77.370457 -435.514835 -21030.366216 1612.306670 -0.425653 -0.485617 0.763541 0.888028 -0.386294 0.249365 0.173856 0.784189 0.595669
93.368897 -902.116812 -10741.805552 289128.361851 -0.491883 -0.603628 0.627443 0.870492 -0.355172 0.340729 0.017177 0.713783 0.700156
57.209414 -1067.032436 -19662.009449 374593.836815 -0.531036 -0.600059 0.598272 0.747887 -0.000011 0.663826 -0.398328 0.799956 0.448782
-9.622142 -966.988619 -4334.375684 492188.349128 0.794638 0.442580 -0.415540 -0.535002 0.187024 -0.823890 0.286921 -0.877009 -0.385397
194.398277 -41632.468079 22399.086972 22372343.513913 0.879563 0.353117 -0.318870 -0.475629 0.669605 -0.570444 -0.012084 -0.653405 -0.756912
-79.642783 -7510.742790 -11187.745273 4393303.972775 0.756413 0.434686 -0.488761 0.085563 0.675056 0.732788 0.648473 -0.596111 0.473428
19.662780 -68.838385 -4877.751111 894.412648 0.912459 -0.074419 0.402345 0.279305 0.831875 -0.479555 0.299012 -0.549951 -0.779837
25.596165 -65.974222 -10801.441150 1981.883859 0.917305 -0.121630 0.379154 0.260778 0.903090 -0.341209 0.300909 -0.411867 -0.860127
14.908556 -66.836232 -3502.380437 -2711.963915 0.923612 -0.080334 0.374816 0.272220 0.825875 -0.493788 0.269883 -0.558101 -0.784657
14.581370 -67.821781 -1543.787165 -1798.172636 0.918342 -0.054889 0.391963 0.286022 0.776557 -0.561383 0.273568 -0.627651 -0.728845
-9.959646 -62.030110 9312.640793 -1863.024964 -0.991089 -0.094415 -0.093957 -0.090775 0.994972 -0.042305 0.097479 -0.033399 -0.994677
-13.124823 -63.723027 9568.017777 -634.981790 -0.986472 -0.130462 -0.099264 -0.136234 0.989218 0.053750 0.091182 0.066546 -0.993608
-24.104309 -61.508996 6813.127432 -1265.684175 -0.984446 -0.116981 -0.131079 -0.116678 0.993119 -0.010015 0.131348 0.005435 -0.991321
-23.331870 -57.676564 6387.269688 -3367.515741 -0.988961 -0.047409 -0.140389 -0.030392 0.992191 -0.120970 0.145028 -0.115368 -0.982678
-9.985518 -58.686676 -8171.007630 -3685.658262 0.993410 0.051343 0.102475 -0.035696 0.988183 -0.149066 0.108918 -0.144426 -0.983503
-4.515169 -12.164264 7582.084063 2249.678045 0.801439 0.271370 0.532967 0.327614 0.546348 -0.770826 0.500364 -0.792378 -0.348960
-2.720022 -9.337049 -1484.194333 -2717.071334 0.741351 0.582915 -0.332579 -0.452903 0.068847 -0.888898 0.495255 -0.809611 -0.315044
-6.551255 -14.932932 1588.758265 1952.661771 0.379255 0.562403 -0.734758 0.795961 0.206616 0.568995 0.471817 -0.800633 -0.369291
-3.846081 -18.714248 -1377.012547 581.522619 0.387765 0.542575 -0.745151 0.799356 0.204599 0.564950 0.458985 -0.814709 -0.354374
-4.616871 -19.406571 2309.109021 -1449.771646 0.323543 0.547530 -0.771706 0.840238 0.208785 0.500409 0.435110 -0.810320 -0.392505
-1.264455 -17.862139 4166.914524 -245.008008 0.191771 0.516630 -0.834456 0.871469 0.301422 0.386894 0.451404 -0.801398 -0.392423
-22.045445 -49.335651 1699.140421 -1288.396288 0.842580 -0.385256 0.376347 0.477407 0.857712 -0.190820 0.249283 -0.340452 -0.906615
-20.766873 -46.973645 396.213944 -2229.413787 0.876282 -0.339551 0.341812 0.440124 0.852776 -0.281184 0.196013 -0.396836 -0.896716
-22.684892 -48.145544 -567.217163 -1297.053426 0.905987 -0.296367 0.302247 0.374925 0.893286 -0.247934 0.196514 -0.337945 -0.920422
18.198218 -58.039962 -22310.440284 1361.011709 0.650790 0.578484 -0.491760 -0.526830 -0.122343 -0.841120 0.546738 -0.806467 -0.225143
45.536531 -60.534116 -23413.605207 -3246.838270 0.579620 0.583126 -0.569214 0.588763 0.183254 0.787259 0.563382 -0.791443 -0.237105
27.499365 -55.887336 -22252.758135 3215.403617 0.618091 0.580824 -0.529724 -0.606365 -0.076587 -0.791490 0.500286 -0.810419 -0.304853
45.099969 -61.143967 -25452.070006 414.994283 0.617856 0.567956 -0.543765 -0.508830 -0.238424 -0.827192 0.599455 -0.787769 -0.141681
8.063838 -61.819767 -17269.673442 849.698909 0.661573 0.604940 -0.443135 -0.437600 -0.168439 -0.883252 0.608956 -0.778252 -0.153288
40.336431 -138.957728 -5881.289708 16656.216996 0.500467 0.849758 -0.165661 -0.693567 0.278997 -0.664173 0.518167 -0.447294 -0.728993
16.126767 -221.505930 -5556.430823 -61029.591849 0.392214 0.838241 -0.378840 0.761197 -0.064523 0.645303 0.516476 -0.541468 -0.663374
18.097729 -963.801912 -1374.107190 417325.347069 0.231843 0.855300 -0.463370 -0.753617 -0.143267 -0.641511 0.615069 -0.497933 -0.611353
57.779960 -1954.008458 25688.231262 791806.232838 0.148390 0.738250 -0.658003 -0.674300 -0.411181 -0.613392 0.723394 -0.534713 -0.436787
31.909665 -115.738425 151.292853 10430.036559 0.452612 0.885507 -0.104980 -0.635617 0.237811 -0.734464 0.625407 -0.399154 -0.670479
18.331492 -681.594951 -291.635191 254822.415188 0.241666 0.820714 -0.517712 -0.553066 -0.321886 -0.768445 0.797318 -0.472036 -0.376120
9.281792 -460.828324 11181.273465 182667.331507 0.169451 0.841745 -0.512593 -0.694841 -0.266812 -0.667838 0.698916 -0.469336 -0.539667
-4.282273 -56.338778 -1049.581753 9531.402925 0.134864 0.675892 0.724556 0.419645 0.623459 -0.659695 0.897614 -0.393025 0.199552
-1.674104 -58.647900 -5503.507154 6742.296453 0.160679 0.674460 0.720615 0.384434 0.629678 -0.675067 0.909062 -0.385498 0.158110
-5.799405 -55.970134 -1607.107331 8281.271721 0.130832 0.678247 0.723093 0.352655 0.649821 -0.673326 0.926562 -0.343095 0.154170
-5.351835 -56.197973 2471.707864 9336.506078 0.105403 0.686561 0.719391 0.370489 0.644227 -0.669110 0.922837 -0.337053 0.186460
287.221009 -5485.545443 25712.189691 2864106.612080 0.501158 0.639072 0.583462 -0.428807 -0.402246 0.808902 -0.751642 0.655580 -0.072449
-200.396033 -682.042690 56641.751476 -337301.055159 0.500532 0.067711 0.863066 0.663516 0.610350 -0.432688 -0.556070 0.789233 0.260572
-213.057415 -1050.785122 39112.976516 -479650.753499 0.577259 0.094607 0.811062 0.748793 0.334853 -0.571999 -0.325702 0.937509 0.122456
-61.012393 -84.225005 -3899.772770 2262.212619 0.226781 0.941760 -0.248312 -0.589592 0.335679 0.734644 -0.775211 0.020201 -0.631379
-61.642512 -88.399243 -1072.371824 2634.530828 0.240568 0.964714 -0.107022 -0.686663 0.247078 0.683700 -0.686018 0.090989 -0.721873
-60.919452 -87.704031 -4102.829421 1995.757564 0.123341 0.977560 -0.170775 -0.743061 0.205042 0.637039 -0.657759 -0.048323 -0.751677
-59.591131 -84.163404 -1884.208114 1909.015359 0.145013 0.947902 -0.283641 -0.669813 0.305043 0.676979 -0.728232 -0.091816 -0.679152
-57.673601 -80.821636 -4313.833540 836.065614 0.205773 0.912499 -0.353558 -0.517939 0.408091 0.751798 -0.830299 -0.028422 -0.556593
7.454474 -17.661705 5207.538518 1160.240602 -0.139666 -0.266432 0.953681 0.806002 0.528881 0.265793 -0.575199 0.805791 0.140878
5.780002 -23.430992 3952.712759 3964.513207 -0.070369 -0.239478 0.968348 0.813574 0.547921 0.194626 -0.577187 0.801519 0.156276
13.541632 -23.093252 6573.172234 4181.165371 -0.321719 -0.411319 0.852827 0.715079 0.484830 0.503589 -0.620612 0.771853 0.138147
10.790809 -13.222911 1023.581662 2917.683411 -0.360244 -0.370036 0.856328 0.718369 0.475578 0.507712 -0.595122 0.798060 0.094498
32.869183 -61.636809 -9036.400258 2078.312302 0.657722 -0.501312 0.562218 0.469071 -0.311417 -0.826433 -0.589385 -0.807283 -0.030325
16.056168 -61.983988 -10835.787701 1317.853493 0.628381 -0.533684 0.565967 0.447557 -0.347050 -0.824166 -0.636263 -0.771192 -0.020775
28.079497 -64.799929 -9032.405641 1665.432009 0.643210 -0.507656 0.573207 0.402085 -0.413148 -0.817090 -0.651620 -0.756039 0.061620
37.968534 -63.860137 66.384924 2103.413078 0.713612 -0.421762 0.559352 0.435165 -0.358842 -0.825750 -0.548989 -0.832676 0.072538
4.390759 -84.368088 595.713095 -2227.632663 0.925762 0.223478 0.304996 0.334955 -0.110495 -0.935733 0.175415 -0.968426 0.177147
6.552857 -87.156456 1142.719965 -130.143402 0.917562 0.233003 0.322164 0.317728 0.057404 -0.946443 0.239017 -0.970780 0.021360
9.453149 -87.689602 1307.378096 320.171284 0.931620 0.215229 0.292850 0.290481 0.043290 -0.955901 0.218415 -0.975604 0.022191
7.433202 -85.655831 1724.582175 -1412.292819 0.934933 0.214779 0.282436 0.309459 -0.104136 -0.945194 0.173596 -0.971095 0.163825
3.852563 -86.002938 879.075712 -1409.818406 0.934116 0.212406 0.286900 0.338579 -0.272536 -0.900605 0.113104 -0.938407 0.326496
0.401339 -82.503873 1128.269212 -4162.687054 0.921490 0.233507 0.310373 0.368679 -0.274451 -0.888117 0.122199 -0.932819 0.338993
11.335128 -80.089659 1214.559337 5654.430412 0.896289 0.246477 0.368666 0.222384 0.469436 -0.854503 0.383680 -0.847867 -0.365938
13.421314 -74.821006 2371.893628 2292.920764 0.905599 0.265110 0.331071 0.159109 0.511224 -0.844591 0.393161 -0.817537 -0.420783
11.918286 -78.077587 1051.534718 7807.494223 0.913797 0.237497 0.329499 0.191538 0.463399 -0.865202 0.358173 -0.853731 -0.377963
4.205778 -91.123531 -3473.001690 1706.916901 0.947354 -0.122697 0.295746 -0.143340 0.663421 0.734389 0.286311 0.738118 -0.610907
3.866844 -92.422009 -910.437325 402.170859 0.936577 -0.117702 0.330106 -0.137702 0.742572 0.655458 0.322276 0.659343 -0.679268
4.944304 -89.872155 -2844.842196 1510.107802 0.935389 -0.092566 0.341290 -0.152839 0.764501 0.626242 0.318885 0.637942 -0.700958
-13.986235 -111.487747 899.577114 -1022.563387 0.933209 -0.009804 0.359201 0.321559 -0.423371 -0.846970 -0.160379 -0.905904 0.391941
-14.773581 -114.364595 770.681475 -621.953115 0.932874 0.017796 0.359764 0.338512 -0.384682 -0.858737 -0.123113 -0.922878 0.364883
-13.765310 -114.573240 2108.293093 1154.682574 0.941830 0.011010 0.335909 0.287878 -0.542213 -0.789387 -0.173443 -0.840169 0.513842
-13.543804 -112.668631 2198.240231 -1493.068915 0.943386 -0.017512 0.331235 0.253681 -0.605284 -0.754505 -0.213703 -0.795817 0.566574
-14.114461 -109.283455 -1816.392535 103.654305 0.931908 -0.054267 0.358611 0.270635 -0.554205 -0.787155 -0.241461 -0.830609 0.501782
-15.110414 -108.403061 -338.786682 -1848.277251 0.924952 -0.042220 0.377731 0.326102 -0.422360 -0.845736 -0.195245 -0.905444 0.376895
7.801044 -152.578460 2460.514017 2321.370038 0.894214 -0.113914 0.432904 -0.447394 -0.259504 0.855860 -0.014846 0.959000 0.283017
9.799711 -157.868059 1666.206117 8940.543209 0.876059 -0.118725 0.467359 -0.476350 -0.062519 0.877030 0.074907 0.990957 0.111325
6.839331 -161.560414 2294.675264 16509.293082 0.879833 -0.145749 0.452384 -0.467778 -0.097066 0.878500 0.084129 0.984548 0.153580
6.075599 -142.955022 151.616027 10903.974072 0.887799 -0.116602 0.445216 -0.458495 -0.308046 0.833601 -0.039947 0.944199 0.326944
-17.413279 -56.987467 470.084876 -6092.814836 0.910465 0.082441 0.405286 0.300771 -0.804605 -0.512004 -0.283885 -0.588060 0.757360
-17.617113 -59.691553 315.016562 -7535.113669 0.919005 0.077466 0.386560 0.303628 -0.764498 -0.568641 -0.251474 -0.639955 0.726098
-15.817898 -56.505655 540.808741 -3820.008421 0.916279 0.114444 0.383843 0.313554 -0.801245 -0.509599 -0.249232 -0.587290 0.770048
-21.607421 -60.887397 1019.260555 755.918785 0.896721 0.032748 0.441383 0.352631 -0.655538 -0.667774 -0.267475 -0.754452 0.599382
-22.903116 -60.611505 1863.494553 -1248.101632 0.902610 0.006346 0.430412 0.307441 -0.709352 -0.634271 -0.301289 -0.704826 0.642219
-24.397295 -61.216670 1675.656798 3415.335155 0.889638 -0.005860 0.456629 0.358701 -0.609873 -0.706674 -0.282627 -0.792478 0.540464
-23.441435 -58.947015 1091.807675 4209.716409 0.884859 0.033237 0.464672 0.406386 -0.542734 -0.735045 -0.227763 -0.839247 0.493750
-20.106530 -61.163301 891.066949 5588.606626 0.896178 0.052072 0.440629 0.389240 -0.568949 -0.724423 -0.212973 -0.820723 0.530148
1.056644 -119.497057 1045.542203 -132.343028 0.960493 -0.254841 0.111844 0.123732 0.031054 -0.991830 -0.249286 -0.966484 -0.061359
1.864656 -132.106763 145.685019 -7450.075821 0.958871 -0.258251 0.117783 0.162072 0.157484 -0.974131 -0.233021 -0.953156 -0.192862
3.841110 -130.694267 1961.962904 -8017.492305 0.964753 -0.248728 0.085942 0.140390 0.210234 -0.967519 -0.222581 -0.945482 -0.237743
3.589068 -118.333533 1451.609742 602.457967 0.962907 -0.257961 0.079158 0.099286 0.065938 -0.992872 -0.250903 -0.963903 -0.089104
-0.138829 -123.613370 1942.605191 6446.383367 0.962873 -0.245660 0.111924 0.082495 -0.127008 -0.988465 -0.257041 -0.961000 0.102027
-1.176942 -90.746737 3087.986675 8112.252411 0.902427 0.122077 0.413187 0.233805 0.666765 -0.707643 0.361886 -0.735201 -0.573164
4.015620 -95.208348 3224.270225 8429.238756 0.904706 0.134245 0.404333 0.227592 0.649999 -0.725054 0.360151 -0.747984 -0.557505
-0.049741 -98.743628 4672.884502 6352.330019 0.906360 0.144116 0.397167 0.255442 0.561853 -0.786810 0.336541 -0.814587 -0.472428
-11.941932 -68.708103 -2815.346126 -1563.382150 0.887630 0.142838 0.437847 0.456296 -0.401762 -0.793966 -0.062502 -0.904536 0.421792
-13.072372 -66.000326 98.916810 430.187771 0.894578 0.137763 0.425149 0.441100 -0.425094 -0.790396 -0.071840 -0.894604 0.441047
-10.572839 -64.402132 -621.598735 -6646.331259 0.843968 0.182831 0.504272 0.535116 -0.351826 -0.768030 -0.036997 -0.918037 0.394765
2.042660 -290.842347 -3285.425022 -10865.505035 0.981664 -0.157610 0.107214 0.176252 0.536272 -0.825438 -0.072602 -0.829199 -0.554218
-2.379248 -257.210630 31.399285 5597.913319 0.986635 -0.118784 0.111543 0.153512 0.448052 -0.880729 -0.054639 -0.886081 -0.460299
-3.259928 -255.020858 -3431.876381 -3829.525663 0.978433 -0.163565 0.126158 0.162598 0.233166 -0.958747 -0.127402 -0.958582 -0.254733
1.216088 -293.594545 -1036.886012 -14251.118882 0.978248 -0.147460 0.145900 0.181967 0.272317 -0.944845 -0.099596 -0.950841 -0.293226
-5.293525 -272.361141 -5018.092554 -20508.435925 0.971032 -0.178975 0.158318 0.143497 -0.093005 -0.985271 -0.191064 -0.979448 0.064628
-6.198921 -222.932669 -1797.526501 -15037.069098 0.979453 -0.145080 0.140087 0.135980 -0.037893 -0.989987 -0.148936 -0.988694 0.017387
3.634102 -173.510739 -2717.451493 16946.010985 0.938119 -0.250592 0.239032 0.074581 -0.527836 -0.846066 -0.338187 -0.811537 0.476484
0.438839 -168.502054 -2795.249446 16328.602265 0.936782 -0.256036 0.238506 0.076529 -0.515198 -0.853648 -0.341442 -0.817934 0.463034
0.491188 -193.852943 -2554.705538 20574.940676 0.936243 -0.254484 0.242256 -0.000761 -0.690959 -0.722894 -0.351353 -0.676620 0.647099
-2.743836 -76.676029 -2927.892083 -679.845146 0.945592 -0.233344 -0.226730 -0.120039 0.397493 -0.909720 -0.302401 -0.887440 -0.347856
-9.285730 -74.233983 -1372.175240 -2580.176819 0.944445 -0.201949 -0.259308 -0.147413 0.444877 -0.883376 -0.293757 -0.872525 -0.390392
-7.525308 -70.849600 1058.542085 -1776.102961 0.957698 -0.223487 -0.181293 -0.102795 0.322745 -0.940887 -0.268788 -0.919722 -0.286119
-1.594806 -76.679416 -3099.138282 -1762.517016 0.951548 -0.260362 -0.163610 -0.086718 0.283262 -0.955114 -0.295020 -0.923025 -0.246959
-5.711641 -70.125744 1561.683027 -2229.558198 0.962252 -0.241685 -0.125138 -0.077321 0.198084 -0.977131 -0.260945 -0.949922 -0.171920
45.575822 -576.585061 -8632.326562 33498.397603 0.984890 -0.043185 0.167709 0.121223 -0.519681 -0.845717 -0.123677 -0.853268 0.506594
38.429639 -620.399765 926.830344 76467.339774 0.995363 -0.031110 0.091025 0.082005 -0.220215 -0.971998 -0.050284 -0.974955 0.216642
21.879032 -488.533534 -1507.527951 72173.325173 0.983144 -0.038822 0.178665 0.175258 -0.078277 -0.981406 -0.052085 -0.996175 0.070153
19.084455 -668.695158 -12942.922328 95289.773902 0.962269 -0.045009 0.268353 0.232622 -0.375549 -0.897134 -0.141159 -0.925709 0.350909
-5.893985 -405.288004 -9530.954208 -76563.019552 0.994594 -0.103350 0.010095 0.095534 0.872578 -0.479042 -0.040700 -0.477416 -0.877734
-14.567508 -548.710521 -1043.106110 -210808.813854 0.991978 -0.085207 0.093380 0.117573 0.893254 -0.433906 0.046440 -0.441404 -0.896106
-10.504218 -356.233300 -1953.697750 19838.009370 0.997442 -0.062898 0.033951 0.069644 0.748392 -0.659591 -0.016078 -0.660268 -0.750858
-35.422316 -52.336582 -2248.906493 734.538401 0.758919 -0.194369 0.621500 0.615723 0.524849 -0.587723 0.211959 -0.828707 -0.517995
-37.336547 -51.508012 2231.014141 -815.388911 -0.677115 0.268931 -0.684976 0.690384 0.554366 -0.464809 0.254726 -0.787626 -0.561035
-37.217949 -55.075149 -105.675810 -723.117466 -0.647263 0.220642 -0.729635 0.707299 0.530739 -0.466953 0.284216 -0.818311 -0.499587
-31.401504 -52.306418 -2840.345073 -357.363156 -0.587716 0.213016 -0.780522 0.768443 0.448820 -0.456131 0.253151 -0.867862 -0.427469
-34.356733 -57.148025 -4912.811074 -708.383179 -0.497208 0.240091 -0.833751 0.793614 0.514223 -0.325194 0.350657 -0.823366 -0.446215
0.376948 -101.779528 626.780430 -14766.231878 0.950017 -0.064474 0.305467 -0.269534 -0.663118 0.698302 -0.157538 0.745733 0.647351
-0.301543 -90.632515 1179.294768 -9486.560993 0.948745 -0.066802 0.308901 -0.291927 -0.559701 0.775573 -0.121082 0.825998 0.550515
0.203460 -85.577155 -714.907226 -7926.957216 0.943750 -0.067277 0.323744 -0.306598 -0.544707 0.780572 -0.123831 0.835924 0.534694
-10.141348 -67.703617 -341.850159 -2612.395543 0.932407 -0.124745 0.339199 -0.322673 -0.710076 0.625838 -0.162787 0.692986 0.702332
-8.364088 -72.607888 -57.319566 -5244.413066 0.941664 -0.111172 0.317663 -0.291451 -0.741370 0.604506 -0.168302 0.661825 0.730522
-7.224649 -69.071399 1534.710435 -1927.515897 0.926463 -0.162197 0.339645 -0.356838 -0.665539 0.655533 -0.119722 0.728525 0.674476
-66.278487 -101.699002 -727.078391 6171.905483 0.452717 0.475103 0.754536 0.751603 -0.658619 -0.036250 0.479729 0.583522 -0.655257
-56.953591 -93.896505 1083.186065 -10350.846306 0.310372 0.674699 0.669664 -0.770540 0.591115 -0.238434 0.556720 0.442000 -0.703348
-59.510506 -90.908070 595.043156 1022.581480 0.032636 0.982275 -0.184581 -0.882745 0.114937 0.455577 -0.468717 -0.148070 -0.870850
-55.613367 -90.395562 -2181.855952 1235.784285 -0.013884 0.954494 -0.297906 -0.898067 0.119093 0.423429 -0.439639 -0.273419 -0.855546
-56.415529 -87.539687 80.026271 3724.392566 0.021042 0.964846 -0.261974 -0.830465 0.162766 0.532762 -0.556673 -0.206349 -0.804695
-53.858107 -90.756695 -3738.243879 2730.723579 -0.027002 0.912871 -0.407355 -0.893561 0.160639 0.419219 -0.448130 -0.375316 -0.811368
-54.019509 -86.998739 -4159.573643 3237.275796 -0.010407 0.931539 -0.363494 -0.832187 0.193473 0.519647 -0.554397 -0.307903 -0.773201
-64.265442 -106.187393 -6527.242531 -5974.432388 -0.302533 0.158385 0.939887 0.941392 -0.104683 0.320659 0.149178 0.981812 -0.117432
-65.053639 -107.682004 -6189.925554 -4056.409898 -0.356017 0.221613 0.907821 0.885449 -0.230542 0.403522 0.298717 0.947490 -0.114150
-73.012304 -110.871419 -3219.334808 4261.081795 -0.596182 0.246077 0.764207 0.648906 -0.412798 0.639154 0.472745 0.876951 0.086422
-67.812618 -107.749461 -4191.415723 1021.629379 -0.470974 0.270419 0.839676 0.764722 -0.349346 0.541440 0.439754 0.897123 -0.042262
9.252496 -105.957054 -3097.850804 -20948.577907 0.973510 0.019638 -0.227800 -0.089550 0.949459 -0.300846 -0.210379 -0.313276 -0.926066
-4.417307 -85.188715 778.175456 -10952.714688 0.957334 0.124462 -0.260808 -0.225616 0.885854 -0.405413 -0.180579 -0.446958 -0.876139
-9.069335 -66.365294 1742.539269 -3481.059939 0.957805 0.122691 -0.259917 -0.238777 0.843028 -0.481964 -0.159984 -0.523690 -0.836752
8.811109 -70.356261 1316.490729 -1913.771486 0.935669 -0.029386 0.351652 0.160674 0.922711 -0.350412 0.314176 -0.384371 -0.868074
-21.887816 -123.508976 6779.611803 -33048.788916 0.642612 0.053662 0.764311 0.274559 0.915170 -0.295095 -0.715310 0.399479 0.573366
-7.895486 -106.889139 2444.197723 3550.481049 -0.569459 -0.130642 -0.811572 -0.293119 0.954661 0.051999 0.767983 0.267498 -0.581934
-9.388657 -106.263015 1075.637768 -366.718543 -0.555375 -0.132295 -0.821010 -0.423242 0.894801 0.142118 0.715838 0.426415 -0.552943
-10.977489 -108.785559 1865.290686 -1097.350367 -0.552573 -0.135256 -0.822417 -0.478269 0.859574 0.179977 0.682585 0.492787 -0.539665
2.306705 -106.957901 2400.111605 18401.571730 0.581507 0.363717 0.727708 -0.240611 0.931368 -0.273238 -0.777146 -0.016205 0.629112
10.931658 -136.710514 3020.736849 7919.411668 0.578264 0.383370 0.720165 -0.409192 0.899949 -0.150510 -0.705813 -0.207651 0.677281
6.076294 -116.766835 2705.331376 20711.746027 0.595140 0.314016 0.739731 -0.170772 0.948891 -0.265411 -0.785267 0.031632 0.618348
-0.861033 -22.509763 -8282.865038 -6116.602838 0.947661 -0.300629 -0.107523 0.183438 0.788302 -0.587308 -0.261322 -0.536845 -0.802190
-2.332866 -39.526835 -3850.539956 4071.817322 0.879143 0.223006 -0.421160 -0.427930 0.758338 -0.491732 -0.209722 -0.612530 -0.762118
3.327145 -34.741712 -2730.898421 7800.269491 0.760596 0.406628 -0.506110 -0.619930 0.686421 -0.380149 -0.192825 -0.602892 -0.774170
-2.214695 -15.527028 -5432.516079 -12942.725802 0.546271 0.610710 -0.573255 0.803333 -0.575772 0.152127 -0.237159 -0.543617 -0.805131
5.640709 -186.172968 3729.954990 77.797641 -0.567905 -0.578198 0.585808 -0.448129 0.814182 0.369172 -0.690409 -0.052862 -0.721486
1.192366 -185.592428 2657.839576 6429.830773 -0.578687 -0.566749 0.586445 -0.213597 0.799303 0.561686 -0.787082 0.199777 -0.583602
0.013653 -183.519836 793.568352 -1216.171676 -0.589529 -0.565067 0.577195 -0.374843 0.824356 0.424182 -0.715506 0.033710 -0.697793
-3.539541 -185.310164 9.590354 4474.959287 -0.600515 -0.544753 0.585342 -0.135519 0.790778 0.596912 -0.788046 0.279130 -0.548699
3.369344 -181.317004 832.438513 9885.565642 0.556302 0.588548 -0.586634 0.781933 -0.609695 0.129819 -0.281263 -0.530927 -0.799379
2.050361 -161.725235 -230.432269 13791.229932 0.530570 0.610654 -0.587875 0.844144 -0.443589 0.301081 -0.076918 -0.655995 -0.750835
3.508134 -169.705475 -437.110593 6847.686938 0.557484 0.596785 -0.577113 0.776945 -0.619991 0.109395 -0.292520 -0.509371 -0.809304
1.442461 -188.545121 -87.674536 -7072.203775 -0.574053 -0.577974 0.580008 -0.675631 0.734522 0.063251 -0.462586 -0.355562 -0.812151
-1.558466 -50.502651 -881.819703 -4638.291877 -0.015050 0.695872 0.718008 0.953138 0.226989 -0.200012 -0.302162 0.681351 -0.666678
4.095444 -50.937716 -1279.088547 -9724.153608 -0.110000 0.678584 0.726240 0.966258 0.244226 -0.081845 -0.232905 0.692732 -0.682552
4.425312 -39.116402 -1003.256589 -7314.620756 -0.025646 0.689605 0.723732 0.950723 0.240590 -0.195556 -0.308979 0.683053 -0.661793
0.533298 -50.860279 -1300.991161 7806.404634 0.072246 0.712934 0.697499 0.941094 0.182893 -0.284417 -0.330338 0.676960 -0.657725
9.904716 -40.943050 -3646.758483 1995.546466 0.000584 0.697969 0.716128 0.947043 0.229568 -0.224519 -0.321107 0.678335 -0.660872
-6.356992 -169.981905 -1804.063691 15363.365569 -0.515093 -0.381921 0.767343 0.644997 0.416885 0.640457 -0.564498 0.824829 0.031604
-3.274260 -176.400830 -1667.880254 4142.791630 -0.498610 -0.358463 0.789235 0.753117 0.271662 0.599178 -0.429189 0.893143 0.134511
-2.936119 -186.121861 -1013.986696 -15050.743259 -0.462642 -0.348304 0.815259 0.851250 0.082365 0.518256 -0.247659 0.933756 0.258388
9.646191 -186.137967 4596.488460 24560.922960 0.512672 0.615777 -0.598319 0.858543 -0.360867 0.364250 0.008383 -0.700424 -0.713678
4.473544 -153.279669 1983.738511 14234.580387 0.493229 0.623972 -0.606123 0.865492 -0.281943 0.414043 0.087459 -0.728812 -0.679105
0.576604 -137.265037 2053.967624 5048.500686 0.468255 0.643489 -0.605524 0.838042 -0.106238 0.535163 0.280042 -0.758047 -0.589017
14.426731 -124.435015 -3189.316459 -19341.344904 -0.921505 -0.280398 0.268712 -0.312303 0.946302 -0.083538 -0.230859 -0.160900 -0.959591
-0.029840 -97.845695 -1069.828925 -14482.740589 0.917028 0.260863 -0.301678 -0.342113 0.903304 -0.258847 -0.204983 -0.340578 -0.917599
2.732715 -99.826850 1453.692785 -16146.954145 0.946394 0.183681 -0.265705 -0.258941 0.923160 -0.284121 -0.193101 -0.337693 -0.921236
14.650499 -116.102978 2901.326788 -21002.413835 -0.958024 -0.115378 0.262445 -0.165397 0.970169 -0.177247 -0.234165 -0.213215 -0.948528
25.919798 -130.248262 -1712.920592 -17776.916115 -0.955417 -0.159208 0.248660 -0.166854 0.985932 -0.009841 -0.243595 -0.050893 -0.968541
82.480837 -544.503943 -29544.195761 -135922.081687 -0.372988 -0.441693 0.815958 0.784719 -0.619409 0.023410 0.495072 0.649029 0.577637
89.345153 -570.902063 -4511.798155 -57425.992068 -0.487401 -0.509280 0.709277 0.780624 -0.618101 0.092616 0.391237 0.598820 0.698819
49.071761 -441.864949 -23786.542983 -20548.063715 -0.376323 -0.441201 0.814692 0.899233 -0.385654 0.206521 0.223072 0.810316 0.541873
-2.719839 -229.827585 -3283.248623 40199.851441 0.782678 0.469865 -0.408219 -0.621450 0.626649 -0.470225 -0.034868 -0.621722 -0.782461
6.920910 -571.178151 -3547.176627 237770.050224 0.766082 0.467175 -0.441437 -0.639373 0.483664 -0.597722 0.065733 -0.740147 -0.669225
0.375461 -377.146878 -2074.116521 102843.392099 0.772067 0.470963 -0.426740 -0.633691 0.621679 -0.460382 -0.048472 -0.625866 -0.778423
-5.609586 -207.043886 -2476.123812 -2891.096153 0.697996 0.547876 -0.461122 -0.694456 0.675007 -0.249191 -0.174735 -0.494164 -0.851628
-9.652558 -266.990962 220.412416 15121.245832 0.639678 0.605867 -0.473009 0.731374 -0.669061 0.132095 -0.236440 -0.430445 -0.871099
-8.090483 -416.745612 7501.430113 104451.324442 0.717700 0.544461 -0.434129 -0.695690 0.587807 -0.412915 -0.030368 -0.598369 -0.800645
33.935979 -66.545976 18756.910954 2477.437606 -0.927743 0.142607 -0.344900 0.223667 0.952231 -0.207916 0.298774 -0.270036 -0.915322
43.369170 -62.373475 13194.683307 2828.166914 -0.890441 0.178051 -0.418822 0.286590 0.934275 -0.212124 0.353526 -0.308914 -0.882945
49.350751 -63.424965 15341.239723 988.983725 -0.887819 0.193477 -0.417546 0.265681 0.956339 -0.121777 0.375754 -0.219050 -0.900459
62.893295 -60.763813 8387.367620 -1618.594182 -0.804295 0.219619 -0.552157 0.353932 0.923446 -0.148254 0.477328 -0.314665 -0.820453
-25.084772 -63.573993 6359.286642 -743.687601 -0.978068 -0.152017 -0.142389 -0.165764 0.982032 0.090196 0.126119 0.111821 -0.985693
-9.021776 -64.548657 -9858.220817 399.090878 0.985609 0.138190 0.097353 -0.152952 0.974270 0.165542 0.071972 0.178050 -0.981386
0.972503 -64.758070 -12644.317251 691.356010 0.987731 0.134416 0.079496 -0.150796 0.953273 0.261786 0.040593 0.270562 -0.961846
-14.832799 -64.298291 -7954.840385 474.553086 0.981490 0.156414 0.110506 -0.181595 0.943380 0.277594 0.060829 0.292523 -0.954322
-25.479241 -64.380216 -6476.050163 165.702489 0.973768 0.172069 0.148891 -0.200803 0.957596 0.206611 0.107027 0.231089 -0.967028
2.221613 -9.661336 -5652.955403 6364.177408 0.426737 0.531112 -0.731994 0.746226 0.250478 0.616772 0.510924 -0.809432 -0.289441
37.048877 -53.651418 -15252.231319 -2609.210946 0.532185 0.622669 -0.573640 0.670650 0.103489 0.734519 0.516727 -0.775612 -0.362518
51.072752 -57.489466 2034.109672 2222.593093 0.408180 0.719413 -0.561991 -0.625935 -0.227567 -0.745935 0.664526 -0.656246 -0.357418
58.925608 -62.629247 -9097.741022 2277.899637 0.483190 0.669048 -0.564714 -0.529291 -0.290569 -0.797133 0.697409 -0.684065 -0.213721
28.958322 -165.615576 3899.675377 3828.168883 -0.476169 -0.409852 -0.778000 0.025616 0.877901 -0.478157 0.878981 -0.247613 -0.407530
37.133544 -164.021335 235.368881 16883.308129 -0.477361 -0.527545 -0.702725 -0.288521 0.849488 -0.441730 0.829989 -0.008114 -0.557720
21.640388 -152.158585 9202.453974 -679.448218 -0.534747 -0.420303 -0.733070 0.057304 0.847491 -0.527707 0.843067 -0.324198 -0.429108
23.169511 -191.618652 5551.047877 -9845.059719 -0.491319 -0.319407 -0.810299 0.398506 0.744802 -0.535221 0.774466 -0.585874 -0.238650
30.250765 -144.582391 -4239.890631 -24408.081981 0.504649 0.838376 -0.206048 0.756609 -0.314545 0.573240 0.415779 -0.445182 -0.793058
6.248506 -299.908412 -2933.289407 -107985.512112 0.360286 0.835401 -0.415089 0.849198 -0.109560 0.516584 0.386077 -0.538611 -0.748894
33.012804 -1122.381033 -20381.064478 -470943.852209 0.398780 0.774151 -0.491594 0.695797 0.093768 0.712092 0.597362 -0.626017 -0.501259
-2.220779 -51.157401 3047.714504 39.247335 -0.128849 -0.660174 -0.739979 0.337436 0.672483 -0.658713 0.932489 -0.334570 0.136118
5.620229 -53.845172 -5212.360135 1593.543518 0.152326 0.678817 0.718334 0.360693 0.638503 -0.679864 0.920162 -0.362659 0.147584
1.275967 -48.535324 4397.661528 -1710.047148 -0.143410 -0.664505 -0.733394 0.304506 0.675476 -0.671571 0.941652 -0.319633 0.105476
-67.617535 -92.964842 -1798.665385 3815.112671 0.374785 0.926731 0.026557 -0.653369 0.243693 0.716745 -0.657758 0.285977 -0.696830
-65.709163 -89.413992 1192.844298 3885.488946 0.351918 0.933593 -0.067514 -0.625920 0.288343 0.724625 -0.695972 0.212751 -0.685828
-65.390451 -86.647198 -168.797025 4279.743318 0.430243 0.896417 -0.106426 -0.490213 0.331009 0.806303 -0.758012 0.294735 -0.581850
-65.681934 -88.829009 -585.425567 6453.509181 0.449873 0.889974 0.074565 -0.532099 0.200041 0.822712 -0.717276 0.409792 -0.563547
-43.516043 -204.055770 -3643.959924 -98394.365008 0.482609 0.681187 0.550521 0.096192 -0.665989 0.739734 -0.870537 0.304046 0.386937
-101.205325 -376.332724 -10182.720703 177001.451583 0.547541 0.517758 0.657363 0.045660 0.765930 -0.641300 -0.835532 0.381153 0.395737
-54.455694 -265.207002 -28076.161886 119405.235764 0.534271 0.543062 0.647795 -0.061936 0.789427 -0.610712 -0.843041 0.286164 0.455403
21.308555 -31.560905 -10661.058341 1390.126240 0.095890 -0.076139 0.992476 0.804916 0.592508 -0.032314 -0.585589 0.801959 0.118101
9.276120 -23.422985 -5260.678080 6007.188963 0.181753 -0.040528 0.982509 0.844048 0.519067 -0.134728 -0.504528 0.853772 0.128549
18.948423 -28.874629 -4898.631914 -655.210913 -0.116287 -0.247795 0.961808 0.753110 0.609343 0.248043 -0.647535 0.753192 0.115758
37.281955 -38.007774 -18797.932249 9283.252399 0.276319 0.049720 0.959779 0.831417 0.488563 -0.264673 -0.482072 0.871111 0.093661
45.579675 -43.958865 -24769.175999 -7152.007179 0.037486 -0.087360 0.995471 0.730757 0.681872 0.032322 -0.681607 0.726236 0.089400
54.127189 -48.223800 -27242.500655 150.395595 0.176200 -0.012025 0.984281 0.775271 0.617845 -0.131236 -0.606555 0.786208 0.118187
26.225544 -65.992501 -11700.104126 1832.375021 0.606197 -0.471765 0.640283 -0.117866 0.742889 0.658956 -0.786532 -0.474925 0.394732
31.773046 -68.054946 -10068.631711 144.496456 0.633257 -0.474908 0.611104 -0.225123 0.642428 0.732534 -0.740476 -0.601456 0.299909
14.696149 -66.284507 -11813.017267 512.159045 0.597202 -0.503265 0.624560 -0.215611 0.649278 0.729349 -0.772568 -0.570230 0.279241
3.331836 -65.482442 -11180.388263 -733.115328 0.600169 -0.520421 0.607421 -0.293119 0.563472 0.772386 -0.744230 -0.641609 0.185633
-6.373337 -64.793894 -9259.423718 623.517145 0.600771 -0.493679 0.628773 -0.205487 0.664742 0.718257 -0.772560 -0.560713 0.297914
9.435418 -64.596084 -11393.587609 1686.844640 0.592812 -0.489112 0.639800 -0.133866 0.723548 0.677169 -0.794137 -0.487081 0.363452
7.675687 -86.311133 771.326221 -659.343402 0.908596 0.237166 0.343810 0.307559 0.177033 -0.934915 0.282596 -0.955202 -0.087909
