17980
35945
-36.644203 -53.330686 -1461.154538 4831.257276 0.115696 0.981960 -0.149565 0.948792 -0.153815 -0.275925 0.293953 0.109982 0.949471
-41.878538 -64.207472 -634.310673 5097.888500 0.069913 0.983399 -0.167450 0.978737 -0.100071 -0.179054 0.192838 0.151371 0.969485
-42.044566 -69.701843 -1068.630029 11023.590736 -0.293264 0.956018 -0.005121 0.923726 0.281969 -0.259277 0.246429 0.080767 0.965789
-36.520933 -55.678426 -1026.058869 3976.547810 0.339749 0.892409 -0.296946 0.905288 -0.395897 -0.154008 0.254998 0.216498 0.942393
-30.849456 -51.370384 -3440.850689 7397.328999 -0.103260 0.994652 0.002275 0.922942 0.096668 -0.372604 0.370831 0.036375 0.927988
-30.556263 -43.457961 -1276.939422 4167.104676 0.426184 0.869966 -0.248047 0.823044 -0.486684 -0.292810 0.375455 0.079363 0.923437
-32.009343 -47.167209 115.802344 2120.289700 0.550381 0.758037 -0.349944 0.759904 -0.628442 -0.166155 0.345871 0.174475 0.921917
52.274671 -102.260194 -10275.421882 9962.160850 -0.239938 0.911225 0.334813 0.345478 0.402458 -0.847746 0.907235 0.087736 0.411373
42.250722 -106.464611 -8689.973816 4927.958392 -0.234698 0.915064 0.327987 0.531922 0.403309 -0.744581 0.813619 0.000288 0.581399
66.870723 -100.111193 -16523.595011 5813.112188 -0.319688 0.887121 0.332889 0.470977 0.453626 -0.756574 0.822180 0.085085 0.562832
35.276724 -100.830441 -3405.616166 9345.496702 -0.188272 0.921934 0.338514 0.412130 0.387026 -0.824839 0.891461 0.015782 0.452823
-21.720344 -55.409790 3111.601424 -4476.186802 0.584951 0.666269 -0.462512 -0.573829 0.742972 0.344547 0.573194 0.063860 0.816927
-28.371897 -49.065530 2470.118033 -4187.192123 0.719924 0.444532 -0.533011 -0.318959 0.893973 0.314765 0.616421 -0.056598 0.785380
-22.162201 -43.457441 2440.938432 -5572.154778 0.620287 0.590690 -0.516072 -0.441789 0.806752 0.392395 0.648126 -0.015402 0.761378
-14.488734 -50.370353 3447.101568 5389.684503 0.505150 0.728957 -0.462002 0.606004 -0.680752 -0.411505 0.614478 0.072103 0.785632
-11.275592 -61.037621 3988.488699 2967.721411 0.498132 0.740145 -0.451720 0.695418 -0.652186 -0.301740 0.517937 0.163828 0.839584
4.644150 -48.703267 -10155.562447 -498.496459 0.373119 0.922305 -0.100676 -0.126109 -0.057088 -0.990372 0.919173 -0.382222 -0.095010
0.875229 -48.663231 -7642.501559 374.650732 0.361168 0.925542 -0.113704 -0.234973 -0.027671 -0.971608 0.902411 -0.377631 -0.207484
-9.376604 -49.230771 -6019.031023 -97.106632 0.343986 0.925138 -0.160602 -0.140755 -0.118302 -0.982951 0.928365 -0.360727 -0.089524
-6.327635 -47.500545 -7718.570469 -489.257461 0.361057 0.921572 -0.142626 -0.031427 -0.140831 -0.989535 0.932014 -0.361761 0.021886
2.577983 -46.452259 -7687.707086 -347.907333 0.227651 0.654208 -0.721240 0.825761 0.262825 0.499040 0.516036 -0.709179 -0.480387
-9.745945 -48.018548 -4939.084186 -1784.512640 0.094670 0.608567 -0.787835 0.855292 0.355250 0.377191 0.509425 -0.709537 -0.486871
-7.900044 -46.309367 -7068.041346 -773.928877 0.180337 0.616636 -0.766315 0.774621 0.391095 0.496997 0.606168 -0.683231 -0.407130
-15.620139 -48.328731 -1133.680369 -1367.914450 0.020220 0.608857 -0.793022 0.804140 0.461421 0.374767 0.594097 -0.645278 -0.480276
3.737019 -55.471390 763.666843 -801.679380 -0.020082 0.986147 -0.164656 -0.461711 0.136929 0.876398 -0.886803 -0.093623 -0.452565
0.695842 -54.399138 204.189979 1627.887075 -0.042764 0.990467 -0.130944 -0.347610 0.108124 0.931384 -0.936663 -0.085347 -0.339672
3.159529 -53.981197 1143.681951 210.529561 -0.018126 0.987052 -0.159373 -0.383316 0.140359 0.912890 -0.923440 -0.077637 -0.375808
1.290732 -51.759121 501.258081 2666.968741 -0.034797 0.988825 -0.144962 -0.259391 0.131143 0.956827 -0.965145 -0.070896 -0.251929
4.969143 -81.747749 92.109197 -6177.328556 -0.007250 0.990404 -0.138010 0.587855 -0.107426 -0.801802 0.808934 0.086943 0.581435
1.557718 -94.114487 514.321117 -11269.795998 -0.020981 0.992703 -0.118746 0.450817 -0.096619 -0.887372 0.892370 0.072151 0.445500
3.975750 -96.709469 -355.829836 -10998.880662 -0.017992 0.996254 -0.084578 0.455574 -0.067131 -0.887663 0.890016 0.054502 0.452660
1.354554 -80.054853 1213.409693 -8243.504467 -0.010212 0.983383 -0.181256 0.507620 -0.151074 -0.848233 0.861520 0.100671 0.497642
6.985411 -84.544979 437.111237 -10833.850496 -0.016429 0.993378 -0.113708 0.591194 -0.082064 -0.802343 0.806362 0.080405 0.585931
7.561363 -74.735630 -686.153328 -4483.032312 0.009259 0.990667 -0.135991 0.686105 -0.105228 -0.719852 0.727443 0.086639 0.680676
7.574708 -73.757574 469.196540 1977.921201 0.000803 0.982740 -0.184988 0.693005 -0.133911 -0.708387 0.720932 0.127629 0.681152
3.643573 -69.832936 1782.511358 -2710.517022 -0.003946 0.975911 -0.218135 0.621339 -0.168526 -0.765204 0.783532 0.138556 0.605707
4.497239 -153.725376 253.038628 3377.634672 0.067718 0.916634 -0.393951 -0.414650 0.384998 0.824525 -0.907458 -0.107516 -0.406153
4.482302 -153.558954 601.991019 5773.640946 0.091636 0.908550 -0.407602 -0.537582 0.389689 0.747762 -0.838217 -0.150598 -0.524130
5.954402 -146.511650 614.838883 5801.849446 0.086443 0.908336 -0.409210 -0.311581 0.414791 0.854907 -0.946279 -0.053602 -0.318876
-24.955362 -97.670631 -6309.895717 5667.426086 0.840597 -0.016004 0.541425 -0.508856 -0.365908 0.779215 -0.185641 0.930513 0.315725
-3.994912 -90.335475 -12544.646837 7123.776097 0.799574 0.058188 0.597742 -0.538706 -0.370471 0.756668 -0.265475 0.927020 0.264872
-11.689776 -81.501769 -12202.696869 6521.647401 0.839980 0.086408 0.535693 -0.430166 -0.495713 0.754471 -0.330742 0.864177 0.379219
-23.056450 -80.582948 -7568.323581 8718.112347 0.881731 0.060239 0.467890 -0.349520 -0.582701 0.733686 -0.316836 0.810451 0.492731
-4.928461 -65.040480 -11842.714803 7107.099522 0.864653 0.154128 0.478142 -0.290217 -0.623636 0.725846 -0.410060 0.766370 0.494498
-12.029320 -46.658295 -1815.353661 -2844.348219 0.182288 0.960508 -0.210228 0.781368 -0.271299 -0.562015 0.596855 0.061817 0.799964
-12.826446 -45.084701 -584.934968 -2182.496627 0.168753 0.954348 -0.246461 0.729236 -0.289111 -0.620185 0.663127 0.075070 0.744733
-11.801832 -43.101275 -789.206363 -3147.126089 0.121173 0.970033 -0.210600 0.810811 -0.219117 -0.542746 0.572628 0.104991 0.813065
-10.758808 -41.036746 -828.310378 434.275995 0.153604 0.966902 -0.203729 0.825734 -0.238846 -0.510995 0.542743 0.089735 0.835092
-10.401687 -39.753768 71.772111 -411.592176 0.081608 0.974787 -0.207677 0.843914 -0.178440 -0.505933 0.530235 0.133974 0.837199
-9.758128 -40.234200 1696.065742 -2996.738202 0.048593 0.975368 -0.215164 0.841955 -0.155892 -0.516535 0.537354 0.156059 0.828792
8.411254 -154.206362 -957.646214 -17098.130722 0.166983 0.944561 -0.282704 0.674093 0.099875 0.731863 -0.719524 0.312778 0.620045
8.206043 -127.369858 -1600.522502 -10243.770173 0.098100 0.947878 -0.303156 0.567374 0.196996 0.799550 -0.817596 0.250438 0.518476
10.192200 -135.778916 -1079.587590 -11795.988394 0.127515 0.936748 -0.325948 0.498833 0.223473 0.837392 -0.857266 0.269374 0.438785
9.569516 -177.779784 -677.273349 -27927.201801 0.200995 0.938478 -0.280820 0.627241 0.096899 0.772774 -0.752443 0.331465 0.569176
-1.172574 -57.148566 131.374509 -1386.213263 0.062750 0.944298 -0.323053 -0.869745 -0.107018 -0.481758 0.489495 -0.311204 -0.814584
-0.958253 -57.581207 824.991104 -2645.669077 0.060592 0.948362 -0.311350 -0.881959 -0.095199 -0.461611 0.467415 -0.302568 -0.830648
-0.446051 -55.316037 863.746496 -768.574188 0.083137 0.951269 -0.296944 -0.834034 -0.096665 -0.543179 0.545414 -0.292820 -0.785354
-1.870951 -57.076513 393.066061 1178.773049 0.086391 0.948534 -0.304663 -0.834035 -0.098402 -0.542865 0.544905 -0.300998 -0.782610
0.421584 -51.002416 803.280631 -485.953376 0.122948 0.955394 -0.268524 -0.750684 -0.087449 -0.654849 0.649121 -0.282089 -0.706447
-0.770555 -54.368857 1544.677634 -299.799922 0.111027 0.958172 -0.263779 -0.753038 -0.092097 -0.651500 0.648542 -0.270970 -0.711314
-4.936497 -95.287607 -2157.193702 -2201.948281 0.095716 0.886252 -0.453206 -0.888322 0.281485 0.362837 -0.449135 -0.367864 -0.814219
-8.122066 -96.040138 -2758.195650 1791.821012 0.104322 0.887782 -0.448286 0.919786 -0.257575 -0.296054 -0.378299 -0.381442 -0.843440
-4.650162 -92.470804 -1950.458666 271.800206 0.111758 0.881825 -0.458142 0.939851 -0.243547 -0.239510 -0.322785 -0.403818 -0.856003
-1.564139 -102.261315 -1344.514011 -2611.475342 0.096904 0.881973 -0.461231 -0.905404 0.270570 0.327164 -0.413345 -0.385897 -0.824761
10.484133 -192.189571 2099.787131 15281.943378 0.916058 -0.106998 0.386509 -0.394682 -0.069511 0.916185 0.071164 0.991826 0.105907
11.662851 -180.265964 1629.781466 7834.567478 0.902993 -0.107776 0.415918 -0.397168 0.159877 0.903713 0.163895 0.981236 -0.101563
9.087252 -166.756262 372.848450 8604.115210 0.912918 -0.110368 0.392936 -0.398769 -0.036053 0.916343 0.086969 0.993237 0.076924
4.960931 -147.477502 1666.501753 8245.484406 0.917880 -0.155922 0.364946 -0.395408 -0.280755 0.874545 0.033901 0.947029 0.319352
6.071473 -158.551435 533.632794 15596.149845 0.927720 -0.101304 0.359268 -0.371635 -0.340864 0.863539 -0.034981 0.934639 0.353874
6.309579 -151.980371 1013.929090 3715.749361 0.899365 -0.152866 0.409603 -0.415892 -0.010231 0.909356 0.134819 0.988194 0.072777
8.103225 -156.131476 185.960104 1715.531509 0.885572 -0.132104 0.445321 -0.406437 0.243766 0.880561 0.224880 0.960795 -0.162180
-1.895415 -211.924711 884.117666 -15118.204920 0.914616 -0.185632 0.359191 -0.313389 0.235842 0.919873 0.255470 0.953897 -0.157530
-0.497646 -215.911371 3034.857666 4578.105449 0.915056 -0.204303 0.347754 -0.381825 -0.161049 0.910095 0.129929 0.965569 0.225377
-1.339758 -220.848063 -1976.624385 1639.113697 0.923680 -0.143083 0.355447 -0.375839 -0.157790 0.913152 0.074571 0.977051 0.199524
9.483350 -92.010498 -4419.735739 -3736.405119 0.776630 -0.025708 0.629432 -0.568543 0.401706 0.717908 0.271302 0.915408 -0.297361
8.856171 -82.897088 -2036.081870 -5088.848677 0.776692 -0.036515 0.628821 -0.504323 0.562054 0.655556 0.377369 0.826294 -0.418128
10.495989 -82.657022 -100.569323 -5568.580205 0.780626 -0.070372 0.621025 -0.486808 0.554706 0.674773 0.391971 0.829065 -0.398760
17.152433 -97.135816 -2123.079682 -3717.494216 0.785322 -0.070235 0.615091 -0.562912 0.332528 0.756674 0.257680 0.940474 -0.221605
14.245533 -99.498939 -7425.965728 -2621.585098 0.772245 -0.010465 0.635238 -0.617723 0.221355 0.754599 0.148510 0.975137 -0.164476
2.274778 -100.439645 -7107.700036 -3664.430706 0.781849 -0.010812 0.623374 -0.605330 0.226250 0.763143 0.149289 0.974009 -0.170348
29.933027 -641.818584 -6327.142030 153997.450624 0.889742 -0.017296 0.456137 0.181485 -0.903501 -0.388264 -0.418836 -0.428236 0.800744
7.853986 -466.361097 -705.256448 -69940.696138 0.899585 -0.101527 0.424780 0.079406 0.994416 0.069512 -0.429466 -0.028802 0.902624
5.724448 -458.664981 1347.398660 -80113.651551 0.902202 -0.078269 0.424152 0.058009 0.996482 0.060490 -0.427394 -0.029970 0.903568
8.824760 -461.658936 5628.824267 68358.611514 0.923384 0.007583 0.383804 0.152772 -0.924478 -0.349286 -0.352170 -0.381159 0.854807
1.136997 -611.633536 6316.147347 -174817.575410 0.921637 -0.088850 0.377746 0.088815 0.995893 0.017551 -0.377754 0.017374 0.925743
-0.012969 -483.879226 907.747935 41416.776607 0.918688 -0.067451 0.389181 -0.239724 -0.878304 0.413660 -0.313918 0.473320 0.823057
-64.918450 -198.541476 -28077.888533 -52774.108002 0.457508 -0.075458 0.885998 0.632112 -0.673185 -0.383740 0.625397 0.735614 -0.260290
-56.452684 -454.738887 -10728.703066 79210.457605 -0.667093 0.501067 -0.551288 0.180212 0.826570 0.533203 0.722849 0.256348 -0.641697
72.734476 -442.202863 55907.268875 174694.399994 0.530389 -0.181742 0.828044 -0.514745 0.707046 0.484895 0.673591 0.683415 -0.281458
-77.848341 -175.147334 -4025.216546 33100.015530 0.764375 -0.538480 0.354642 -0.124542 0.416365 0.900627 0.632630 0.732584 -0.251196
-72.484096 -182.763789 -9840.415363 -66776.975952 0.273846 -0.001540 0.961772 0.712006 -0.671945 -0.203806 0.646572 0.740599 -0.182913
-57.235398 -198.261123 -15906.601517 -60063.732084 0.453586 -0.257454 0.853216 0.603313 -0.615939 -0.506590 0.655952 0.744538 -0.124056
-87.542469 -285.076238 -27107.164389 110329.521371 0.747993 -0.662219 0.044406 0.125340 0.206643 0.970355 0.651764 0.720253 -0.237570
22.801081 -61.946316 5015.310374 -2610.258985 -0.858312 -0.109531 -0.501302 0.024502 0.967089 -0.253255 0.512543 -0.229655 -0.827381
27.177126 -60.718190 2744.801615 -3630.399582 -0.823239 -0.185330 -0.536591 -0.056349 0.967220 -0.247610 0.564891 -0.173606 -0.806697
19.177803 -65.868252 3841.144389 -1707.633417 -0.839876 -0.126052 -0.527939 -0.066684 0.989254 -0.130112 0.538667 -0.074073 -0.839256
34.335068 -55.901955 2751.959966 -4199.501903 -0.819775 -0.214216 -0.531113 -0.011078 0.933164 -0.359279 0.572579 -0.288645 -0.767358
19.939935 -62.071181 6152.990802 -1009.650954 -0.882665 -0.024038 -0.469388 0.132592 0.945391 -0.297749 0.450913 -0.325050 -0.831276
33.135498 -56.916548 4991.126259 -1958.572109 -0.862235 -0.153320 -0.482747 0.060628 0.914993 -0.398889 0.502868 -0.373204 -0.779643
37.005147 10.920797 -5255.088359 -2073.781824 -0.788612 -0.034412 -0.613927 -0.165102 0.973619 0.157505 0.592311 0.225571 -0.773489
39.288226 6.594131 2586.770976 808.897458 -0.853495 -0.178057 -0.489737 -0.263809 0.958120 0.111406 0.449390 0.224281 -0.864723
36.341816 4.119904 -3020.102919 5671.557871 -0.813325 -0.058937 -0.578816 -0.210526 0.957254 0.198351 0.542384 0.283180 -0.790967
29.196040 -0.838152 -7616.207102 5489.847004 -0.762597 0.114005 -0.636748 -0.100311 0.951599 0.290513 0.639049 0.285417 -0.714250
-3.908931 -42.052500 -1076.316770 -165.163344 -0.020209 0.959294 -0.281686 -0.640310 0.203963 0.740542 -0.767851 -0.195332 -0.610123
-2.571061 -42.391877 -689.284056 -1286.922247 -0.037780 0.964894 -0.259907 -0.572915 0.192186 0.796764 -0.818744 -0.179006 -0.545542
-4.589659 -41.316918 -1710.889088 -1203.233363 -0.041411 0.965704 -0.256320 -0.575569 0.186640 0.796169 -0.816704 -0.180500 -0.548101
-6.608333 -40.837529 -2018.945564 -159.683579 -0.019299 0.958301 -0.285110 -0.668741 0.199613 0.716198 -0.743245 -0.204487 -0.637003
-138.051718 -194.484954 15693.638197 25517.047730 0.828066 0.363078 -0.427179 0.559882 -0.496186 0.663575 -0.028970 0.788653 0.614156
-123.068905 -235.359860 -44519.882195 75094.896625 -0.427376 -0.515206 0.742908 0.901725 -0.183724 0.391327 -0.065124 0.837143 0.543093
-373.704022 -3403.429707 -179209.767646 1332097.649074 -0.321626 -0.379311 0.867571 0.943162 -0.047366 0.328940 -0.083677 0.924056 0.372986
14.587273 -78.821705 -6811.666904 6465.217151 0.186936 0.961858 -0.199711 0.226382 -0.240001 -0.944008 0.955932 -0.131258 0.262612
14.584003 -87.543621 -8847.879991 6605.281681 0.175411 0.982659 -0.060107 0.149644 -0.086957 -0.984909 0.973056 -0.163769 0.162302
13.395167 -99.141122 -5532.195337 -2842.299707 0.172058 0.968759 -0.178610 0.336472 -0.228205 -0.913624 0.925842 -0.097099 0.365224
20.974946 -79.425811 -3756.732183 1233.395989 0.177270 0.927020 -0.330469 0.407558 -0.374789 -0.832724 0.895808 -0.012931 0.444253
-39.464831 -58.017403 663.594582 -728.105193 0.193608 0.845651 -0.497384 0.181590 0.467328 0.865234 -0.964127 0.257837 0.063084
-44.055742 -65.045581 -69.174634 -3628.769604 0.207498 0.940462 -0.269214 0.216448 0.224244 0.950192 -0.953989 0.255434 0.157031
-44.106756 -60.854284 1456.644755 -3042.952525 0.229341 0.804659 -0.547655 0.295554 0.478516 0.826844 -0.927389 0.351491 0.128077
51.992770 -71.883297 4156.923081 35.837347 -0.094395 0.889743 0.446595 0.952944 -0.049054 0.299150 0.288074 0.453819 -0.843245
53.942017 -71.621306 4967.737465 3562.022895 0.014741 0.850431 0.525880 0.987845 -0.093781 0.123969 0.154745 0.517661 -0.841476
62.118488 -87.544403 -979.534969 1459.236690 -0.011733 0.935831 0.352254 0.988082 -0.043220 0.147733 0.153478 0.349790 -0.924171
58.018337 -89.306148 -1819.638838 1513.849270 -0.083394 0.957835 0.274950 -0.943920 0.012526 -0.329936 0.319468 0.287045 -0.903075
-50.852078 -90.696550 2759.837060 -3541.451782 0.773214 0.049232 0.632231 -0.205535 0.962619 0.176408 -0.599912 -0.266347 0.754430
-48.578597 -91.678895 4586.880946 1623.789460 0.811250 0.096771 0.576636 -0.138879 0.989877 0.029264 -0.567966 -0.103823 0.816477
-55.166699 -94.497193 1119.589671 2277.426774 0.718684 0.117743 0.685295 -0.159344 0.987220 -0.002511 -0.676833 -0.107393 0.728261
2.559269 -40.035231 44.250397 -303.539808 0.081855 0.987258 0.136464 -0.785571 -0.020351 0.618437 -0.613334 0.157824 -0.773895
3.070907 -40.498599 -911.381285 -1071.929661 0.098182 0.988637 0.113832 -0.816995 0.014763 0.576456 -0.568225 0.149598 -0.809161
3.838290 -38.864129 1404.250862 264.030266 0.070495 0.983049 0.169249 -0.829999 -0.036306 0.556582 -0.553292 0.179712 -0.813370
1.939097 -42.110992 -800.379160 -1970.281351 0.108386 0.989335 0.097309 -0.759118 0.019166 0.650671 -0.641866 0.144393 -0.753099
0.332391 -39.816339 1458.920087 1363.521634 0.062777 0.982054 0.177845 -0.772068 -0.065133 0.632193 -0.632431 0.176996 -0.754124
-0.644765 -42.056025 196.832653 -1564.593968 0.105911 0.988263 0.110090 -0.732176 0.002592 0.681110 -0.672830 0.152742 -0.723857
211.186710 -38.180336 -68722.492569 1.112524 -0.489518 -0.858872 -0.150703 0.869415 -0.494007 -0.008661 -0.067010 -0.135264 0.988541
171.003183 -26.359322 -17223.390457 2223.828811 -0.462889 -0.752527 -0.468440 0.861083 -0.507180 -0.036117 -0.210405 -0.420084 0.882757
152.989390 -40.909973 36953.528267 938.005802 0.433001 0.863228 0.259515 0.877506 -0.469519 0.097650 -0.206142 -0.185443 0.960789
120.321689 -46.991722 53566.597315 1000.326789 0.403785 0.914757 -0.013286 0.913547 -0.402390 0.059274 -0.048876 0.036071 0.998153
95.959777 -43.055016 39056.468414 -2353.222636 0.417404 0.901156 0.117015 0.855749 -0.433122 0.283020 -0.305726 0.017998 0.951949
67.442475 -45.561419 31733.755812 -1782.910836 0.380934 0.924223 0.026490 0.897233 -0.376425 0.230820 -0.223300 0.064160 0.972636
-11.057611 -55.701208 -800.084231 -2697.563388 -0.065335 0.985979 -0.153545 -0.931306 -0.004995 0.364204 -0.358331 -0.166793 -0.918574
-9.891468 -56.587558 164.251711 3279.527585 0.031798 0.984380 -0.173161 -0.962077 0.077105 0.261653 -0.270918 -0.158275 -0.949501
-9.223699 -56.676099 -1224.353762 -1440.314630 -0.023794 0.982006 -0.187345 -0.956473 0.032159 0.290044 -0.290850 -0.186091 -0.938497
-4.012566 -56.896538 -1191.096009 -1913.613018 0.082970 0.993652 -0.075967 -0.483401 -0.026532 -0.874997 0.871458 -0.109321 -0.478131
-1.010020 -56.015784 -1400.205271 -1854.747052 0.076989 0.992140 -0.098642 -0.490737 -0.048414 -0.869962 0.867900 -0.115384 -0.483153
-3.933117 -59.021725 -1839.629498 -1659.242562 0.081568 0.992358 -0.092589 -0.591536 -0.026565 -0.805841 0.802142 -0.120501 -0.584848
-0.884836 -59.885263 -1446.790588 -2393.349856 0.070380 0.992749 -0.097443 -0.610022 -0.034455 -0.791635 0.789252 -0.115158 -0.603174
-5.648672 -57.123156 -389.961662 -615.533283 0.069714 0.995527 -0.063759 -0.577143 -0.011881 -0.816557 0.813662 -0.093723 -0.573734
-5.645235 -60.130705 -725.684469 -460.415148 0.067065 0.994510 -0.080324 -0.658157 -0.016411 -0.752702 0.749888 -0.103346 -0.653443
-3.210242 -63.489934 -1289.929401 -1882.942044 0.060684 0.993295 -0.098399 -0.708180 -0.026627 -0.705529 0.703419 -0.112498 -0.701816
-2.329576 -84.321548 -1420.820211 1343.353770 0.137887 0.990295 0.017423 -0.058496 0.025702 -0.997957 0.988719 -0.136586 -0.061472
-4.353652 -87.623453 -1572.305451 2926.005491 0.126867 0.990823 0.046632 0.108168 0.032912 -0.993588 0.986004 -0.131097 0.103000
-0.079839 -88.521326 -1491.841651 2410.617115 0.144397 0.989021 0.031415 0.054729 0.023717 -0.998220 0.988005 -0.145859 0.050703
-0.784302 -86.799227 -719.840055 -545.305921 0.134188 0.990874 -0.012726 -0.133305 0.005324 -0.991061 0.981949 -0.134685 -0.132803
-4.462895 -84.352178 -691.385009 -1708.241537 0.121208 0.992516 -0.014866 -0.221312 0.012422 -0.975124 0.967641 -0.121482 -0.221161
-6.143712 -97.609565 -950.027113 -12271.846307 -0.250891 0.963662 0.091698 -0.057988 -0.109519 0.992292 -0.966277 -0.243640 -0.083358
-1.988334 -73.026952 -1485.234517 -8027.763916 -0.246325 0.969162 0.007081 -0.230582 -0.065699 0.970832 -0.941359 -0.237507 -0.239655
-1.655411 -76.638690 -1097.718087 -8693.316628 -0.252330 0.963921 0.084773 -0.201109 -0.137936 0.969809 -0.946512 -0.227663 -0.228658
-16.701866 -47.768146 1780.144319 4119.635757 0.099961 0.993225 -0.059256 -0.700821 0.112558 0.704401 -0.706299 0.028885 -0.707324
-17.330367 -46.786483 2771.080683 1001.049965 0.145644 0.987189 -0.065160 -0.795432 0.156008 0.585618 -0.588281 0.033461 -0.807964
-17.962187 -47.517953 878.653393 4524.827644 0.088907 0.990695 -0.103047 -0.714409 0.135516 0.686480 -0.694057 -0.012585 -0.719810
-17.133553 -45.219463 918.555817 3576.905705 0.064128 0.995543 -0.069150 -0.660398 0.094285 0.744973 -0.748172 0.002107 -0.663501
1.108283 -77.438309 100.142457 -2941.932182 -0.209341 0.977267 0.033557 0.906573 0.181108 0.381217 -0.366473 -0.110226 0.923877
3.408372 -75.668760 1305.218798 -5237.420774 -0.204453 0.978731 0.016870 0.867201 0.173107 0.466901 -0.454050 -0.110089 0.884149
1.493170 -71.555171 583.727643 -5555.270976 -0.194919 0.980386 0.029140 0.823103 0.147347 0.548444 -0.533393 -0.130887 0.835680
-3.487511 -101.167712 1357.186738 3175.859347 -0.235708 0.970568 0.049393 0.630595 0.191420 -0.752136 0.739453 0.146138 0.657155
1.113339 -100.350501 1941.313311 3687.006065 -0.272428 0.958343 0.085795 0.594048 0.237671 -0.768517 0.756894 0.158399 0.634051
1.005431 -104.377259 1597.701023 3539.663018 -0.243301 0.968188 0.058457 0.733838 0.223150 -0.641628 0.634261 0.113211 0.764785
-5.988365 -92.166412 932.420226 2686.611530 -0.242776 0.967939 0.064452 0.466001 0.174637 -0.867378 0.850825 0.180544 0.493458
-1.741886 -104.326456 609.924374 2070.029097 -0.206716 0.977687 0.037386 0.746178 0.182252 -0.640315 0.632841 0.104467 0.767202
4.345063 -151.770989 -1029.802864 17058.339401 0.839946 0.478305 -0.256348 0.374557 -0.169160 0.911643 -0.392680 0.861748 0.321238
6.951935 -162.353358 793.764945 10006.826097 0.829073 0.463124 -0.313296 0.291542 0.120068 0.948993 -0.477118 0.878123 0.035475
11.726631 -184.072258 -2497.866997 21031.977263 0.841054 0.463267 -0.279306 0.311723 0.006921 0.950148 -0.442106 0.886192 0.138590
9.828165 -152.820009 -4447.240802 21950.074544 0.857100 0.466190 -0.219196 0.374391 -0.271434 0.886654 -0.353852 0.842016 0.407183
5.360140 -127.509947 -3242.925642 15828.150791 0.858535 0.473359 -0.197103 0.409449 -0.401495 0.819240 -0.308658 0.784049 0.538513
-0.245315 -126.749152 -998.652658 9638.961606 0.834859 0.492669 -0.245537 0.431610 -0.309024 0.847476 -0.341648 0.813499 0.470633
-7.792152 -38.630175 385.539217 -890.479084 0.991584 0.022127 -0.127561 -0.002684 0.988588 0.150618 -0.129438 0.149008 -0.980328
-7.652077 -40.768819 -4050.165340 275.440108 -0.992878 0.023915 0.116707 0.033114 0.996440 0.077532 -0.114437 0.080844 -0.990136
-9.454742 -40.743538 2895.271491 113.144995 0.986110 0.123425 -0.111143 -0.100273 0.975857 0.194032 -0.132408 0.180193 -0.974679
-9.619716 -40.199407 226.997292 -1138.243259 0.984743 0.131320 -0.114181 -0.099912 0.963881 0.246883 -0.142477 0.231708 -0.962295
-13.382717 -39.842117 -2565.776265 -1496.249062 0.988972 0.060966 -0.134973 -0.024701 0.966477 0.255564 -0.146029 0.249412 -0.957324
-11.657318 -36.651128 -3325.933808 -1406.778388 0.981937 -0.094073 -0.164164 0.118317 0.982366 0.144768 -0.147650 0.161577 -0.975752
70.400946 -369.474891 -18613.368976 58227.865214 0.804991 0.446492 -0.390685 -0.030667 -0.626313 -0.778968 0.592494 -0.639043 0.490484
38.759477 -232.872189 -9951.230498 10997.500689 0.842063 0.352559 -0.408207 -0.040598 -0.713233 -0.699750 0.537850 -0.605806 0.586273
39.088043 -365.430085 -7018.797039 -70891.398324 0.797023 0.434588 -0.419390 -0.152852 0.816955 0.556076 0.584287 -0.379100 0.717559
49.203245 -857.160861 754.580529 -275991.303339 0.703014 0.512346 -0.493226 -0.220494 0.816387 0.533756 0.676131 -0.266485 0.686901
-103.530515 -244.699433 24826.059704 -81038.177917 0.344373 0.875966 -0.337773 0.403551 0.186732 0.895699 -0.847675 0.444763 0.289192
-238.605522 -509.177516 57454.526152 -196752.459433 0.408879 0.844136 -0.346774 0.534121 0.086749 0.840946 -0.739955 0.529064 0.415401
-15.923375 -436.541581 5334.244313 -145620.330051 0.572676 0.803162 -0.164233 0.491522 -0.176068 0.852881 -0.656086 0.569149 0.495602
-12.096795 -522.237845 -15501.744707 -232914.406318 0.085145 0.856864 -0.508463 0.293662 0.466066 0.834593 -0.952110 0.220377 0.211945
0.024665 -10.395853 198.440369 911.584901 0.300566 0.890866 -0.340615 0.818100 -0.057232 0.572220 -0.490277 0.450647 0.746020
1.639821 -11.130425 -1194.205004 662.976556 0.420796 0.876448 -0.234027 0.740487 -0.182833 0.646723 -0.524031 0.445433 0.725934
3.249102 -7.431789 -1396.160409 850.000826 0.418766 0.875097 -0.242568 0.754809 -0.186922 0.628748 -0.504874 0.446391 0.738808
45.204373 -16.067306 -3575.615146 -9777.241353 -0.186380 0.982260 -0.020664 -0.558358 -0.123205 -0.820401 0.808393 0.141368 -0.571416
48.753932 1.204739 -4915.003445 -16833.919636 -0.220209 0.974190 -0.049623 -0.499413 -0.156296 -0.852149 0.837911 0.162869 -0.520940
46.879755 -11.666920 -1013.280341 -9409.030583 -0.284210 0.958713 0.009715 -0.544272 -0.152991 -0.824840 0.789299 0.239715 -0.565282
49.203742 15.846746 -2025.435943 -14236.499475 -0.289966 0.956670 0.026501 -0.507829 -0.130334 -0.851542 0.811190 0.260377 -0.523617
41.954008 3.934285 6347.808912 -11849.616958 -0.426549 0.899610 0.093579 -0.507003 -0.152141 -0.848411 0.749002 0.409334 -0.521001
-4.385708 -26.598972 64.141243 -373.103421 0.065174 0.988078 0.139479 0.992179 -0.079078 0.096582 0.106461 0.132094 -0.985504
-2.350151 -25.870788 779.358529 18.155574 0.088096 0.986188 0.140260 0.995374 -0.092573 0.025710 0.038339 0.137347 -0.989781
-2.883727 -26.423934 450.100819 -91.169748 0.014326 0.989596 0.143160 0.997913 -0.023167 0.060277 0.062966 0.141997 -0.987862
11.478201 -40.499798 581.679715 1283.325390 0.056353 0.993142 -0.102439 -0.617700 -0.045928 -0.785071 0.784392 -0.107518 -0.610876
10.733016 -41.017223 628.933516 -2018.330376 0.037638 0.992431 -0.116895 -0.650044 -0.064529 -0.757152 0.758964 -0.104484 -0.642695
12.303405 -39.005925 234.719205 -1816.546228 0.062967 0.989729 -0.128345 -0.642716 -0.058169 -0.763893 0.763512 -0.130589 -0.632452
12.340579 -41.436299 -523.479760 2455.032684 0.087320 0.988529 -0.123229 -0.608097 -0.045087 -0.792581 0.789045 -0.144144 -0.597185
-10.970494 -40.245286 1733.390694 718.550003 0.129405 0.983587 0.125745 -0.940839 0.081740 0.328848 -0.313172 0.160861 -0.935974
-10.134930 -37.237245 1879.574885 1003.284653 0.190339 0.975073 0.114036 -0.951526 0.154650 0.265858 -0.241596 0.159111 -0.957244
-13.686246 -40.275046 354.767069 1075.327207 0.171200 0.982719 0.070384 -0.947120 0.144478 0.286514 -0.271394 0.115714 -0.955487
-15.734064 -41.905283 26.856772 -530.185045 0.261992 0.965025 0.009309 -0.944490 0.254412 0.207877 -0.198238 0.063254 -0.978111
-14.694462 -42.615950 -383.280464 106.353377 0.171666 0.984458 0.037051 -0.931590 0.149985 0.331126 -0.320423 0.091360 -0.942859
15.670427 -118.968983 1879.335797 -3325.312740 -0.129310 -0.988738 -0.075339 0.991387 -0.127315 -0.030718 0.020780 -0.078662 0.996685
11.798004 -154.495713 -3885.881268 -28064.492876 0.095716 0.987845 0.122477 0.980753 -0.072555 -0.181270 0.170181 -0.137470 0.975777
10.472845 -120.779725 2222.083088 -13398.482298 -0.113107 -0.987053 -0.113727 0.992115 -0.105978 -0.066914 0.053995 -0.120399 0.991256
11.793272 -107.025206 -1870.494996 43.003778 0.127200 0.985896 0.108764 0.986724 -0.136940 0.087314 -0.100976 -0.096214 0.990226
15.717301 -119.512898 -1564.028619 9573.662378 0.123652 0.990646 0.057703 0.973632 -0.132352 0.185806 -0.191705 -0.033206 0.980891
20.043055 -122.603167 -1341.541109 12996.757845 0.143464 0.989595 0.010923 0.985368 -0.143860 0.091401 -0.092022 0.002349 0.995754
5.386409 -119.269307 -1085.228396 5213.159987 0.017519 0.981419 -0.191076 0.998708 -0.026295 -0.043491 -0.047707 -0.190067 -0.980611
1.990053 -103.071570 -1996.721403 -1479.466252 0.044940 0.973719 -0.223275 0.997971 -0.033668 0.054041 0.045104 -0.225250 -0.973256
5.682480 -119.620062 -1960.065243 -8058.954526 0.036624 0.976730 -0.211323 0.986704 -0.001836 0.162518 0.158348 -0.214465 -0.963810
1.921124 -116.187961 -2199.674028 -13401.974243 0.049920 0.972213 -0.228712 0.977689 -0.000786 0.210056 0.204039 -0.234096 -0.950562
13.153886 -132.778013 1002.058831 -18636.905872 0.641992 0.756561 0.124342 -0.432674 0.223611 0.873379 -0.632961 0.614502 -0.470901
21.140892 -165.025926 4550.726747 -25444.407959 0.631369 0.763649 0.134954 -0.485700 0.253740 0.836487 -0.604539 0.593680 -0.531109
17.777475 -117.454860 222.062788 6325.605974 0.588950 0.783863 0.196717 0.598635 -0.259608 -0.757786 -0.542931 0.564060 -0.622144
-10.096040 -42.434748 -2451.624416 -3359.347789 0.059458 0.997395 0.040848 -0.501252 -0.005556 0.865284 -0.863256 0.071923 -0.499616
-7.012665 -37.936961 -1414.349897 -3402.346625 -0.012383 0.987577 0.156646 -0.583941 -0.134312 0.800608 -0.811702 0.081558 -0.578350
-7.997887 -39.087936 -1802.929578 -1787.988519 0.031555 0.997902 0.056531 -0.481661 -0.034377 0.875683 -0.875789 0.054861 -0.479566
-10.206891 -47.444959 -3562.236452 -1527.447202 0.057354 0.998157 -0.019826 -0.381527 0.040265 0.923480 -0.922577 0.045401 -0.383133
-49.390496 -77.702588 -745.468263 7964.491305 0.266248 -0.960274 0.083586 0.958569 0.254666 -0.127630 0.101274 0.114104 0.988293
-45.090637 -71.363923 352.682979 4643.953280 -0.061922 -0.980340 0.187348 0.995047 -0.075262 -0.064944 0.077768 0.182399 0.980144
-40.361489 -65.730502 1252.195090 4916.606107 -0.228590 -0.932837 0.278499 0.962719 -0.259107 -0.077687 0.144630 0.250358 0.957289
43.327028 -84.217816 -3619.225376 8389.450176 -0.154532 0.952110 0.263830 0.144154 0.285909 -0.947352 0.977415 0.108364 0.181432
47.325135 -77.418231 -1520.358728 -291.807993 -0.125430 0.976498 0.175267 0.031343 0.180475 -0.983080 0.991607 0.117815 0.053243
35.942817 -76.736333 -1723.565868 8567.176914 -0.052378 0.975680 0.212850 0.144767 0.218310 -0.965082 0.988078 0.019736 0.152681
32.726691 -90.007068 -2668.284549 9898.722784 -0.124488 0.942503 0.310145 0.284046 0.333346 -0.898999 0.950695 0.023820 0.309212
-40.993357 -65.598222 2219.064887 -2244.973727 0.863312 0.287746 -0.414602 -0.195967 0.948201 0.250023 0.465069 -0.134599 0.874982
-34.135648 -58.724197 2415.252776 -3247.741945 0.787630 0.394123 -0.473609 -0.291626 0.915569 0.276924 0.542764 -0.079997 0.836067
-35.871663 -67.449302 3011.584312 -1484.509883 0.764560 0.505926 -0.399358 -0.458608 0.862364 0.214493 0.452909 0.019156 0.891351
-37.206622 -72.025785 3826.437104 52.166679 0.751998 0.556056 -0.353978 -0.558699 0.822650 0.105370 0.349792 0.118529 0.929299
-44.586071 -73.256288 2704.631796 -907.064796 0.856108 0.401865 -0.324936 -0.361153 0.914959 0.180050 0.369659 -0.036791 0.928439
13.183693 -48.466484 -7082.769446 -110.896170 0.356593 0.931029 -0.077628 -0.223698 0.004413 -0.974648 0.907083 -0.364918 -0.209844
9.456764 -46.310835 -6655.142460 1487.153958 0.356349 0.929412 -0.095965 -0.333143 0.030427 -0.942385 0.872944 -0.367788 -0.320470
-1.706833 -46.606326 -5392.013955 1709.547840 0.338363 0.930971 -0.137123 -0.347464 -0.011816 -0.937619 0.874517 -0.364901 -0.319481
-20.972407 -49.763493 -1325.582012 473.404431 0.029563 0.554842 -0.831431 0.516083 0.703878 0.488072 0.856028 -0.443516 -0.265536
-13.129766 -49.463887 -3999.557120 1820.072917 0.113328 0.580823 -0.806103 0.470537 0.683200 0.558420 0.875073 -0.442585 -0.195873
-15.161411 -50.335006 -3167.123970 -276.448663 0.087193 0.589933 -0.802731 0.591771 0.617545 0.518117 0.801376 -0.520209 -0.295260
-21.069795 -50.372919 -1065.928044 345.880904 0.004009 0.574182 -0.818718 0.592666 0.658073 0.464421 0.805439 -0.487088 -0.337660
8.104782 -44.127030 -1202.107959 -87.873265 0.266019 0.923863 -0.275156 -0.816199 0.063999 -0.574215 0.512887 -0.377334 -0.771081
10.192944 -41.724184 -2548.632708 -1056.044409 0.303029 0.915758 -0.263742 -0.744598 0.054793 -0.665261 0.594767 -0.397975 -0.698475
10.652833 -41.713301 661.641930 -497.484313 0.234982 0.939214 -0.250321 -0.752269 0.012644 -0.658735 0.615528 -0.343100 -0.709513
10.953738 -41.633367 -889.498920 -470.424280 0.264660 0.929468 -0.256992 -0.682686 -0.007636 -0.730672 0.681099 -0.368824 -0.632514
7.834516 -46.014484 1275.701006 -636.930356 0.188186 0.946629 -0.261686 -0.821030 0.005409 -0.570859 0.538976 -0.322279 -0.778229
10.391808 -43.188002 2363.888642 -799.624774 0.187884 0.949790 -0.250197 -0.764876 -0.018318 -0.643917 0.616169 -0.312352 -0.723030
10.676922 -42.377804 1387.905158 -910.306125 0.208804 0.947883 -0.240664 -0.693596 -0.029952 -0.719741 0.689439 -0.317208 -0.651194
2.602021 -57.309490 151.114678 -577.021047 -0.033247 0.988575 -0.147021 -0.486906 0.112444 0.866187 -0.872822 -0.100384 -0.477604
-0.366956 -56.795562 811.034603 1265.069909 -0.042630 0.995290 -0.087064 -0.371835 0.065078 0.926015 -0.927319 -0.071849 -0.367310
-1.868623 -53.491300 88.761800 3222.429777 -0.055524 0.994623 -0.087424 -0.236207 0.071988 0.969032 -0.970115 -0.074455 -0.230940
-0.951388 -51.710185 83.298274 2838.561560 -0.050333 0.993142 -0.105526 -0.222664 0.091842 0.970560 -0.973595 -0.072348 -0.216514
5.903265 -101.499439 -2138.003430 6577.148925 0.070084 0.996985 -0.033311 0.347072 -0.055677 -0.936184 0.935216 -0.054050 0.349928
8.263085 -87.925619 -1072.228041 11846.904939 0.054725 0.996404 -0.064681 0.088596 -0.069368 -0.993649 0.994563 -0.048647 0.092074
6.312284 -93.807714 -3163.908161 14317.155656 0.105188 0.993043 -0.052924 0.166847 -0.070088 -0.983489 0.980356 -0.094620 0.173058
5.442691 -103.890044 -3233.885522 2935.390620 0.092071 0.995131 -0.035168 0.406539 -0.069807 -0.910963 0.908982 -0.069576 0.410987
-0.704320 -106.436667 622.828654 -7908.705860 -0.029590 0.994980 -0.095603 0.251170 -0.085175 -0.964188 0.967491 0.052543 0.247389
-1.829234 -96.634727 879.632781 -12142.595214 -0.026546 0.989045 -0.145208 0.382924 -0.124119 -0.915403 0.923398 0.079904 0.375434
3.292608 -126.229801 -574.740513 8835.444041 0.034979 0.930171 -0.365457 0.095539 0.360894 0.927700 -0.994811 0.067366 0.076243
1.263278 -137.670120 -617.352770 3178.622061 0.028770 0.924614 -0.379818 -0.177469 0.378664 0.908360 -0.983706 -0.041272 -0.174985
3.397830 -137.536261 -710.582568 3303.069516 0.037053 0.925395 -0.377188 -0.182036 0.377382 0.907990 -0.982594 -0.035018 -0.182438
6.642866 -129.899232 -2026.232967 10716.121892 0.026798 0.922999 -0.383868 0.048073 0.382372 0.922757 -0.998484 0.043181 0.034124
-13.772444 -100.423114 -8815.462630 3168.154673 0.800299 -0.004873 0.599581 -0.588447 -0.198368 0.783824 -0.115118 0.980115 0.161621
-1.194947 -58.397166 -218.298051 -2393.908801 0.054991 0.941394 -0.332796 -0.916966 -0.084293 -0.389960 0.395158 -0.326607 -0.858591
-1.361485 -59.709868 -456.576198 -1246.866345 0.073509 0.941161 -0.329867 -0.890418 -0.087034 -0.446745 0.449169 -0.326559 -0.831629
-0.451813 -61.811935 -743.094770 1559.409784 0.060508 0.939840 -0.336213 0.950018 0.049128 0.308306 0.306276 -0.338063 -0.889892
-0.921319 -61.998617 -58.275153 580.068817 0.052328 0.942726 -0.329439 0.967761 0.033517 0.249630 0.246374 -0.331881 -0.910579
-8.273840 -102.118251 -2473.557498 -4025.474678 0.081205 0.894515 -0.439600 -0.831795 0.303814 0.464559 -0.549111 -0.327933 -0.768724
-13.024733 -95.784712 -2145.727933 -2504.923072 0.108042 0.897280 -0.428038 -0.894493 0.275629 0.352010 -0.433831 -0.344845 -0.832390
13.481991 -207.973189 4063.449205 10084.585603 0.893359 -0.091222 0.439986 -0.405303 0.259178 0.876673 0.194007 0.961512 -0.194566
12.992239 -184.628402 1439.140356 -5494.570882 0.884403 -0.076585 0.460398 -0.371816 0.480637 0.794192 0.282108 0.873569 -0.396602
10.316847 -72.355358 1036.855544 -5861.235503 0.775029 -0.053947 0.629619 -0.424425 0.693737 0.581887 0.468181 0.718205 -0.514770
5.094601 -81.854684 -544.119473 -5839.025134 0.798186 -0.048031 0.600493 -0.458713 0.597686 0.657537 0.390488 0.800290 -0.455032
21.494235 -661.896536 -7161.907042 -183837.934211 0.887989 -0.080365 0.452788 0.008897 0.987430 0.157809 -0.459778 -0.136104 0.877542
193.960995 -11399.063265 -27119.205455 -5982801.898211 -0.813026 0.487304 -0.318626 0.526000 0.849390 -0.043125 0.249623 -0.202659 -0.946899
179.391647 -16.148535 185242.496167 12510.773149 0.617930 0.512899 -0.595900 0.750218 -0.157878 0.642065 0.235235 -0.843806 -0.482344
-56.093897 -888.976246 -57554.805679 332463.397518 0.780677 -0.379620 0.496418 -0.204926 0.594924 0.777220 0.590380 0.708487 -0.386649
26.603014 -61.605371 2849.237694 -1500.699548 -0.811212 -0.188770 -0.553444 -0.129301 0.980938 -0.145056 0.570277 -0.046110 -0.820157
31.005849 -56.186373 -1214.159004 -3492.776093 -0.767540 -0.250332 -0.590098 -0.093360 0.954430 -0.283456 0.634165 -0.162472 -0.755935
40.371546 9.206672 -4364.195950 -3213.247742 -0.800528 -0.098307 -0.591177 -0.195997 0.975154 0.103245 0.566339 0.198519 -0.799907
41.514749 8.168212 3343.496559 -3085.202527 -0.877450 -0.106237 -0.467756 -0.180121 0.976776 0.116036 0.444565 0.186068 -0.876208
-1.080807 -42.843260 -284.924684 -622.730041 -0.023864 0.962162 -0.271431 -0.609529 0.201202 0.766807 -0.792405 -0.183744 -0.581664
0.984810 -104.806339 -512.739204 2824.027751 0.113775 0.882970 -0.455434 0.929471 -0.256512 -0.265113 -0.350911 -0.393149 -0.849879
2.266713 -109.610382 -46.153507 3458.694177 0.120670 0.886794 -0.446134 0.927884 -0.260483 -0.266795 -0.352803 -0.381767 -0.854274
1.817935 -113.912046 -11.379956 -6056.865477 0.088155 0.897787 -0.431517 -0.839061 0.300400 0.453583 -0.536848 -0.322083 -0.779780
0.620662 -108.238197 -481.867040 -5087.966571 0.084428 0.893379 -0.441300 -0.844816 0.299016 0.443707 -0.528354 -0.335356 -0.779986
-22.388133 -32.459855 -3223.664419 -1338.394280 0.064976 0.916897 0.393799 0.711324 -0.319328 0.626137 -0.699855 -0.239434 0.672960
-20.609013 -30.855622 -3095.551449 -777.750061 -0.092101 0.959281 0.267016 0.657579 -0.142771 0.739734 -0.747734 -0.243714 0.617654
-15.095850 -33.775047 -2343.163348 -1156.381593 -0.072148 0.947068 0.312821 0.716591 -0.168936 0.676726 -0.693752 -0.272989 0.666472
-26.651922 -30.311786 -1288.283626 -796.435185 0.256565 0.818231 0.514463 0.613774 -0.549108 0.567240 -0.746630 -0.170230 0.643091
-28.195565 -197.343153 7479.721928 9864.663912 -0.677178 -0.381609 0.629130 0.735811 -0.355303 0.576491 0.003538 0.853308 0.521395
-39.039726 -256.505601 -14650.930904 79968.920528 -0.255053 -0.589231 0.766652 0.966915 -0.151437 0.205286 -0.004861 0.793646 0.608360
636.223691 -6305.344512 168852.817538 2591762.478532 0.143713 -0.556353 0.818424 0.966848 0.255325 0.003791 -0.211073 0.790747 0.574602
-48.025071 -67.609211 248.651698 -3969.311150 0.252870 0.924841 -0.284124 0.329643 0.193739 0.924013 -0.909611 0.327315 0.255876
-51.426227 -71.327363 125.536452 -3376.573554 0.234107 0.972155 0.010381 0.298275 -0.081983 0.950953 -0.925325 0.219529 0.309163
-48.579245 -70.575725 33.332754 -4889.274708 0.177161 0.984096 0.012972 0.182855 -0.045864 0.982069 -0.967046 0.171613 0.188072
38.591493 -55.468524 8676.057646 1836.894751 -0.047470 0.804850 0.591577 0.966866 -0.111698 0.229552 0.250833 0.582872 -0.772879
39.083203 -57.776854 8120.119553 5654.131873 0.103288 0.747602 0.656066 0.981579 -0.183202 0.054228 0.160733 0.638379 -0.752753
59.092860 -74.915882 6046.894777 7308.173343 0.112196 0.792493 0.599473 0.993063 -0.110779 -0.039411 0.035176 0.599736 -0.799424
-48.820008 -86.995218 3727.479097 5755.617749 0.795456 0.140257 0.589557 -0.067920 0.987353 -0.143253 -0.602193 0.073909 0.794922
3.966258 -39.074046 -576.361062 -554.806881 0.078981 0.987892 0.133536 -0.864591 0.001202 0.502475 -0.496231 0.155140 -0.854217
279.771688 -0.845181 -49227.050140 -6914.003036 -0.682715 -0.595458 -0.423474 0.715602 -0.662031 -0.222778 -0.147698 -0.455132 0.878089
211.253805 3.547153 42246.417641 542.058645 -0.469397 -0.419235 -0.777115 0.810507 -0.553775 -0.190818 -0.350349 -0.719427 0.599733
-8.817392 -52.481563 1156.549456 3674.838882 0.096382 0.982546 -0.159105 -0.979951 0.121676 0.157771 -0.174376 -0.140709 -0.974574
