10694
21370
-52.088698 -73.772153 519.234268 5949.230138 0.250271 0.967254 0.042244 0.874736 -0.207201 -0.438070 0.414972 -0.146588 0.897948
-41.987536 -72.902721 -1833.770221 9466.298790 0.143056 0.969544 0.198797 0.870410 -0.027641 -0.491551 0.471085 -0.243354 0.847855
-38.580116 -58.253897 -1025.412391 6882.693119 0.419024 0.907717 -0.021672 0.715243 -0.344688 -0.607962 0.559327 -0.239250 0.793670
-28.480486 -66.308318 -5272.917477 11584.385896 0.244712 0.938414 0.243915 0.790721 -0.047560 -0.610327 0.561139 -0.342223 0.753662
-44.324220 -64.245092 363.736596 5533.977323 0.565795 0.789442 -0.238028 0.629635 -0.600047 -0.493461 0.532387 -0.129327 0.836564
-30.718824 -45.181683 -2527.353301 5021.553697 0.519849 0.853148 -0.043543 0.587702 -0.394167 -0.706568 0.619971 -0.341718 0.706304
-34.447858 -50.207724 -821.524156 -3517.199264 0.670895 0.643173 -0.369091 -0.400517 0.733168 0.549591 0.624088 -0.220891 0.749481
29.484178 -47.938857 1860.642665 389.794418 0.618411 -0.779430 0.100287 0.754489 0.553179 -0.353184 0.219805 0.294078 0.930163
30.471770 -47.040360 2006.124760 -655.771180 0.618318 -0.781461 0.083669 0.775894 0.589998 -0.223362 0.125184 0.203027 0.971138
28.147793 -47.535416 -3558.270367 -246.100483 0.619513 -0.753118 0.221398 0.779020 0.555137 -0.291462 0.096599 0.353038 0.930609
28.270667 -48.661808 -1165.335088 60.136259 0.618115 -0.763288 0.187947 0.748040 0.497656 -0.439061 0.241598 0.411982 0.878579
28.311198 -47.897960 3624.930342 -34.695789 0.609249 -0.790054 0.068049 0.727028 0.522255 -0.445734 0.316615 0.321037 0.892575
7.408984 -43.606815 -2845.948308 1519.721838 -0.162848 0.982591 -0.089419 0.893160 0.108303 -0.436504 0.419221 0.150949 0.895248
7.271885 -43.401534 1060.156663 1027.902870 -0.129760 0.973796 -0.186769 0.901915 0.037659 -0.430268 0.411960 0.224282 0.883169
4.790215 -39.153517 -1477.603190 1182.342849 -0.151416 0.980324 -0.126638 0.849214 0.063446 -0.524223 0.505874 0.186919 0.842112
3.182834 -39.362066 1652.146233 1692.498355 -0.102747 0.970732 -0.217076 0.851001 -0.027206 -0.524460 0.515016 0.238618 0.823298
3.024776 -40.274927 -3064.083471 1309.016334 -0.199282 0.977692 -0.066368 0.843881 0.136790 -0.518801 0.498149 0.159395 0.852315
-2.937945 -35.971459 -1817.032021 1288.218645 -0.225116 0.972460 -0.060370 0.775442 0.141304 -0.615405 0.589926 0.185351 0.785896
-0.800777 -35.014766 -364.370091 1549.718427 -0.138134 0.979289 -0.148025 0.786737 0.017705 -0.617034 0.601634 0.201690 0.772889
-0.908474 -45.177419 -66.612963 -284.761168 0.583046 0.803760 -0.118434 0.746820 -0.587624 -0.311381 0.319870 -0.093100 0.942876
0.987013 -46.711858 -569.931019 -1389.806894 0.601947 0.791150 -0.108355 0.683057 -0.580423 -0.443330 0.413633 -0.192849 0.889785
-1.579595 -44.587027 -610.564707 -824.596284 0.613511 0.780681 -0.118918 0.724245 -0.616275 -0.309312 0.314761 -0.103641 0.943496
-1.240039 -122.968648 902.708845 -8537.665757 0.186402 0.953118 0.238370 0.770224 -0.292388 0.566802 -0.609926 -0.077945 0.788616
-0.945677 -130.718293 -261.345865 -1305.197882 0.192293 0.945540 0.262635 0.881710 -0.283963 0.376765 -0.430825 -0.159118 0.888297
-1.690394 -128.702158 894.943793 2368.338726 0.195962 0.949220 0.246131 0.925682 -0.261890 0.272994 -0.323591 -0.174343 0.929997
-0.339836 -124.988911 -601.146415 -11758.721021 0.179087 0.946557 0.268248 0.721236 -0.311755 0.618569 -0.669138 -0.082692 0.738523
-1.376197 -107.235474 27.053931 -11744.344455 0.156160 0.958190 0.239764 0.577598 -0.285498 0.764769 -0.801245 -0.019061 0.598032
447.002765 -42.717930 121579.658381 -751.426572 0.618568 0.546130 -0.564904 0.312910 0.488261 0.814670 -0.720737 0.680693 -0.131133
1067.128596 -44.559470 344268.112133 -6626.510973 0.681060 0.571337 -0.457964 0.169531 0.485408 0.857693 -0.712332 0.661780 -0.233733
65.643397 -43.151526 31132.394952 426.476384 0.649403 0.578889 -0.493115 0.269492 0.431176 0.861081 -0.711091 0.692079 -0.124002
7924.005751 -143.879280 2360860.572403 -17595.860783 0.450517 0.638279 -0.624207 0.272311 0.567619 0.776953 -0.850224 0.520009 -0.081911
48.910992 -46.422190 20005.441099 -1760.245043 0.622515 0.623410 -0.473111 0.330596 0.338469 0.880991 -0.709352 0.704839 -0.004605
451.355085 -46.718027 118693.235889 -177.751980 0.592381 0.561644 -0.577617 0.380002 0.437410 0.815028 -0.710411 0.702303 -0.045687
-17.722482 -48.216893 416.830608 -329.042080 0.528070 0.772273 -0.353180 0.490449 -0.616877 -0.615567 0.693255 -0.151846 0.704514
-17.550351 -49.630939 -1569.908670 -783.420051 0.569536 0.778335 -0.264243 0.491227 -0.580053 -0.649795 0.659033 -0.240278 0.712700
-16.879312 -52.343172 -193.989055 1600.165352 0.550317 0.768830 -0.325655 0.376034 -0.576448 -0.725469 0.745486 -0.276781 0.606336
-19.022646 -48.840427 -934.196367 -2991.002549 0.518568 0.814196 -0.261099 0.625240 -0.569382 -0.533741 0.583235 -0.113531 0.804331
-17.460537 -49.910544 1097.176944 820.941893 0.524823 0.750802 -0.401070 0.370762 -0.625762 -0.686263 0.766222 -0.211465 0.606783
-18.952013 -46.442361 1387.961337 -1221.692364 0.494271 0.758626 -0.424479 0.501543 -0.647691 -0.573543 0.710036 -0.070591 0.700618
-19.574570 -48.442118 670.807787 -751.686823 0.490510 0.800767 -0.343761 0.631775 -0.598476 -0.492632 0.600216 -0.024461 0.799464
-11.058459 -100.801701 -1220.659616 556.085049 0.324799 0.942468 0.079123 -0.487989 0.238660 -0.839588 0.810168 -0.234086 -0.537431
-9.260446 -103.827311 -1362.730184 -765.062788 0.344433 0.934022 0.094706 -0.254663 0.190051 -0.948170 0.903611 -0.302463 -0.303321
-6.896979 -104.925736 -1102.507985 -812.886548 0.342062 0.937672 0.061352 -0.413338 0.208777 -0.886320 0.843887 -0.277818 -0.458990
-7.716717 -102.443884 -1352.418839 1985.246605 0.324349 0.945541 0.027396 -0.666358 0.248945 -0.702847 0.671390 -0.209712 -0.710813
44.539953 -31.737517 -5871.272208 -1748.272262 -0.623794 -0.473543 -0.621803 0.768264 -0.517770 -0.376409 -0.143705 -0.712511 0.686788
53.894383 -44.120454 -4316.040424 -7131.514411 -0.587871 -0.349001 -0.729799 0.771633 -0.512779 -0.376351 -0.242878 -0.784383 0.570749
48.971939 -37.954233 -5304.968101 2965.910723 -0.641547 -0.363756 -0.675352 0.732553 -0.551711 -0.398724 -0.227561 -0.750531 0.620419
-19.515832 -100.347317 1502.104470 -5513.693609 0.428782 -0.183646 0.884545 0.779713 0.569751 -0.259675 -0.456282 0.801036 0.387491
-20.631419 -83.818019 -893.516893 -8062.209190 0.448240 -0.127923 0.884713 0.615526 0.761871 -0.201696 -0.648235 0.634972 0.420241
-21.474543 -96.094308 4750.419638 -9500.676492 0.528505 -0.167911 0.832159 0.615157 0.751276 -0.239096 -0.585034 0.638272 0.500344
-16.766001 -111.782475 4401.710954 -6294.182249 0.509756 -0.217766 0.832302 0.777941 0.529779 -0.337848 -0.367365 0.819702 0.439467
24.891263 11.412180 -3133.553730 5448.278938 0.715502 -0.683122 -0.146288 0.172959 -0.029665 0.984482 0.676861 0.729701 -0.096927
27.998578 16.457892 357.687586 -2185.175924 -0.584916 0.734821 0.343382 -0.339097 0.163041 -0.926516 0.736809 0.658373 -0.153810
24.696787 12.290645 -4130.553423 -3678.665630 0.549130 -0.626750 -0.552848 0.541592 -0.236938 0.806560 0.636502 0.742324 -0.209333
17.530582 5.310071 -7191.239150 1871.393623 0.736662 -0.586823 -0.336106 0.340002 -0.108236 0.934175 0.584574 0.802449 -0.119788
29.340633 11.053133 -499.528781 5810.383812 -0.449904 0.732746 0.510559 -0.560853 0.213076 -0.800026 0.695003 0.646284 -0.315099
5.359038 -49.442251 -129.200414 896.465675 0.426724 0.806183 -0.409847 -0.762322 0.564466 0.316611 -0.486591 -0.177330 -0.855443
5.294745 -48.483542 -555.696941 705.087676 0.430124 0.796324 -0.425279 -0.753826 0.576013 0.316157 -0.496730 -0.184599 -0.848046
5.215357 -52.213336 -258.440308 828.407879 0.460383 0.781229 -0.421578 -0.809691 0.564235 0.161368 -0.363934 -0.267057 -0.892318
3.366336 -39.072649 6293.715835 1270.148465 -0.345832 0.147018 -0.926707 -0.097292 0.976706 0.191258 0.933239 0.156305 -0.323472
17.309770 -44.045126 9358.185750 1006.248309 -0.371982 0.129804 -0.919119 0.045074 0.991532 0.121789 0.927145 0.003875 -0.374682
16.914430 -39.378442 5708.973721 575.700275 -0.322848 0.080240 -0.943043 -0.078094 0.990744 0.111033 0.943224 0.109493 -0.313593
27.286446 4.091264 -100.586451 -7210.170373 -0.651445 0.758673 -0.005862 -0.042795 -0.044459 -0.998094 0.757488 0.649952 -0.061430
27.989839 14.973413 -1560.130419 -7720.852786 -0.581443 0.810443 0.071457 -0.098558 0.017020 -0.994986 0.807596 0.585570 -0.069979
-9.345866 -37.156251 2701.115676 2152.381846 -0.075529 0.990770 0.112562 -0.884083 -0.118747 0.451992 -0.461186 0.065376 -0.884892
-14.445942 -34.925133 -368.734321 2268.325273 -0.221660 0.965279 0.138217 -0.848920 -0.260765 0.459712 -0.479793 0.015435 -0.877246
-15.350991 -28.187654 3451.403267 3176.237827 -0.016702 0.997292 0.071621 -0.823436 -0.054351 0.564800 -0.567163 0.049542 -0.822114
-4.481587 -35.009584 4219.788903 2698.160630 0.008985 0.995212 0.097327 -0.840768 -0.045171 0.539509 -0.541322 0.086677 -0.836336
-6.650556 -26.922291 4572.861084 2836.461116 0.139541 0.990215 0.001694 -0.777512 0.108508 0.619436 -0.613191 0.087754 -0.785045
-19.065392 -23.407532 2606.958927 2812.853011 -0.788469 0.082187 0.609558 0.059702 0.996579 -0.057144 -0.612170 -0.008665 -0.790679
-13.455903 -22.115381 2439.559759 725.467583 0.441352 0.850830 -0.285124 -0.637964 0.520971 0.567090 -0.631039 0.068388 -0.772731
-2.573790 -37.695622 -357.585490 721.867346 -0.393192 0.898167 0.196712 0.919427 0.382362 0.091946 0.007368 0.217014 -0.976141
-1.639838 -39.992984 -1255.706634 896.283617 -0.380830 0.905092 0.189148 0.919785 0.391764 -0.022739 -0.094682 0.165315 -0.981685
-4.475540 -39.337990 -1505.361975 824.850043 -0.385954 0.901469 0.195943 0.920350 0.390815 0.014827 -0.063211 0.186059 -0.980503
-4.843822 -37.300794 -1766.584390 931.046169 -0.395719 0.898816 0.188511 0.916955 0.375300 0.135435 0.050983 0.226450 -0.972688
-5.382625 -61.585688 -107.974961 105.248201 -0.590339 0.804676 -0.063216 -0.176241 -0.052074 0.982969 -0.787679 -0.591426 -0.172559
-4.990654 -64.731383 -76.301943 662.408568 -0.605166 0.793470 -0.064647 -0.170714 -0.050027 0.984050 -0.777580 -0.606549 -0.165731
-4.918506 -60.715412 -315.680361 1000.368345 -0.602168 0.797793 -0.030343 -0.029201 0.015972 0.999446 -0.797836 -0.602720 -0.013679
-4.697618 -63.197766 74.814701 1201.266185 -0.607820 0.793303 -0.035000 -0.023277 0.026258 0.999384 -0.793733 -0.608261 -0.002505
-5.982047 -56.607062 -397.424970 980.808776 -0.586160 0.809829 -0.024382 -0.032979 0.006221 0.999437 -0.809524 -0.586634 -0.023061
-4.897063 -55.567875 -604.173982 2353.508231 -0.592298 0.805676 0.008366 0.114512 0.073898 0.990669 -0.797540 -0.587730 0.136029
-4.039616 -59.399318 -414.671139 1534.192220 -0.601976 0.798459 0.009436 0.126934 0.084018 0.988346 -0.788361 -0.596158 0.151928
-1.462193 -72.135488 -1476.293277 -1873.849302 -0.389530 0.911302 -0.133397 -0.306963 -0.265013 -0.914080 0.868355 0.315114 -0.382967
-3.751058 -74.741647 -1164.030225 -316.332859 -0.399339 0.904280 -0.151018 -0.461060 -0.340461 -0.819457 0.792434 0.257613 -0.552886
-4.544164 -70.449864 -515.070248 -2013.028839 -0.402344 0.907111 -0.123565 -0.281515 -0.251021 -0.926141 0.871130 0.337842 -0.356363
-0.442602 -76.969460 -1464.384079 242.856597 -0.395057 0.906392 -0.149610 -0.470330 -0.339454 -0.814592 0.789126 0.251445 -0.560407
-2.654350 -67.012826 -1098.832740 -3392.803340 -0.387668 0.914759 -0.113705 -0.152176 -0.185168 -0.970853 0.909151 0.359065 -0.210988
1.819227 -74.067039 -1705.308354 -1790.321623 -0.381174 0.913563 -0.141806 -0.309000 -0.270459 -0.911795 0.871335 0.303735 -0.385383
0.514273 -68.003902 -1620.083855 -4198.619464 -0.371759 0.920458 -0.120635 -0.149478 -0.187605 -0.970804 0.916216 0.342873 -0.207332
-0.042639 -137.710284 78.235263 2824.839694 -0.526153 0.845606 -0.090070 -0.414496 -0.162532 0.895420 -0.742533 -0.508462 -0.436017
-0.380952 -126.045554 105.311381 10658.399836 -0.538258 0.840689 -0.059335 -0.153668 -0.028676 0.987706 -0.828652 -0.540758 -0.144622
-1.121423 -134.967056 59.745168 3578.330819 -0.529451 0.844230 -0.083404 -0.393210 -0.157098 0.905928 -0.751710 -0.512440 -0.415136
-2.095437 -134.125824 -55.711829 -4633.852842 -0.520046 0.848120 -0.101220 -0.627961 -0.299314 0.718384 -0.578979 -0.437154 -0.688243
-1.533370 -138.587127 265.640769 -3239.077694 -0.508305 0.854684 -0.105551 -0.612555 -0.272680 0.741904 -0.605312 -0.441769 -0.662146
857.939285 -70.418512 263715.096823 -1962.512632 0.082014 0.989374 0.120053 0.985749 -0.098280 0.136532 -0.146880 -0.107145 0.983334
573.666294 -75.164531 -147953.044409 5409.199359 0.098849 -0.971426 -0.215780 0.995049 0.098744 0.011294 0.010336 -0.215828 0.976377
647.916560 -81.629750 -167893.831263 -12500.898613 -0.137445 -0.839099 -0.526329 0.983849 -0.177172 0.025535 -0.114677 -0.514318 0.849898
1450.516382 -93.078265 395479.163562 -5558.350921 0.153941 0.953494 0.259135 0.941782 -0.220931 0.253449 -0.298913 -0.205032 0.931994
5.688936 -49.387267 2715.128689 686.075551 -0.254074 0.945909 0.201750 0.967003 0.244389 0.071972 0.018774 0.213379 -0.976789
2.936260 -51.120448 3846.799742 369.741293 -0.271785 0.935964 0.223841 0.955021 0.290983 -0.057135 -0.118610 0.198245 -0.972950
8.039898 -49.954883 986.370674 -189.138037 -0.285505 0.943218 0.169785 -0.948449 -0.303512 0.091243 -0.137594 0.134983 -0.981248
-2.335966 -52.083583 3036.303104 437.173835 -0.272600 0.938614 0.211408 0.960998 0.276271 0.012563 -0.046614 0.206587 -0.977317
8.152955 -47.366813 -409.895315 272.055489 -0.257020 0.956938 0.134946 0.966010 0.258394 0.007533 -0.027661 0.132295 -0.990824
-1.590057 -51.083970 3144.170530 287.831539 -0.255918 0.942487 0.214997 0.961270 0.224571 0.159774 0.102303 0.247559 -0.963457
5.011883 -50.813066 4499.810556 63.913228 -0.244221 0.942841 0.226730 0.955708 0.194418 0.220963 0.164253 0.270652 -0.948561
2.177626 -116.211044 426.500648 -7616.601859 0.703401 -0.710628 -0.015346 0.487819 0.466930 0.737569 0.516972 0.526293 -0.675097
0.034392 -103.693513 -183.313977 -1484.829226 0.695992 -0.717148 -0.035970 0.605262 0.558981 0.566743 0.386332 0.416221 -0.823109
0.334721 -108.217948 -356.702248 -1318.126688 0.685960 -0.726053 -0.048021 0.603303 0.530609 0.595381 0.406798 0.437379 -0.802007
3.538171 -113.389034 699.091492 -5959.905987 0.721726 -0.692160 -0.005135 0.483484 0.498799 0.719335 0.495334 0.521645 -0.694644
-2.013145 -104.544682 -950.983722 -5110.913838 -0.277333 0.960343 -0.028776 -0.068081 -0.049519 -0.996450 0.958359 0.274389 -0.079115
-2.964096 -97.082064 -1185.280773 -1531.674416 -0.274039 0.961546 0.018219 0.115856 0.051814 -0.991914 0.954714 0.269713 0.125600
0.828820 -106.367890 -1657.494096 -2145.789662 -0.270567 0.962697 0.002779 0.102518 0.031683 -0.994227 0.957227 0.268720 0.107266
-0.172524 -114.256599 -1452.579855 -4354.716676 -0.267986 0.961783 -0.056179 -0.106335 -0.087484 -0.990474 0.957537 0.259459 -0.125715
-2.267615 -108.434657 -988.788441 -2964.305487 -0.284772 0.955844 -0.072574 -0.300574 -0.160926 -0.940084 0.910253 0.245896 -0.333129
-5.716958 -105.140734 -97.194221 -4918.337344 -0.316203 0.947596 -0.045579 -0.239111 -0.126097 -0.962770 0.918064 0.293533 -0.266453
2.504341 -206.032254 791.066682 -996.706966 -0.478681 0.853036 -0.207830 0.640413 0.501160 0.581987 -0.600612 -0.145489 0.786192
3.501452 -191.135820 250.335286 -1995.771655 -0.516658 0.823533 -0.234218 0.723009 0.566176 0.395856 -0.458609 -0.035181 0.887941
2.629591 -238.650269 2129.183928 -22586.432139 -0.555080 0.797440 -0.236592 0.763042 0.601400 0.236823 -0.331139 0.049074 0.942305
4.053605 -287.626391 -2.767611 -45158.228497 -0.533648 0.824651 -0.187538 0.733439 0.561688 0.382849 -0.421055 -0.066759 0.904575
10.444937 -584.601041 -1945.765472 -165298.306227 0.619190 -0.763312 0.184277 0.778400 0.627564 -0.016012 -0.103424 0.153356 0.982744
-2.543608 -294.390100 383.363556 43446.336185 -0.474694 0.855902 -0.205176 0.089259 0.278727 0.956213 -0.875613 -0.435595 0.208707
-6.308344 -273.647052 -255.265532 27084.653781 -0.489969 0.846948 -0.206421 0.021241 0.248321 0.968445 -0.871481 -0.470124 0.139660
-1.869860 -253.617904 1085.101188 30748.794340 -0.480677 0.850392 -0.213969 0.355015 0.411837 0.839258 -0.801819 -0.327450 0.499863
-29.703032 -177.883712 -10178.770817 38800.339535 0.840907 -0.504529 0.195771 0.128476 0.537518 0.833407 0.525709 0.675666 -0.516823
-38.271747 -95.600678 -1036.145864 -6823.156968 0.707981 -0.704589 -0.048137 0.308455 0.247184 0.918562 0.635310 0.665172 -0.392335
-41.299557 -684.066059 2614.386087 -251231.465466 -0.743728 0.637326 -0.201705 -0.214114 -0.512951 -0.831286 0.633265 0.575063 -0.517956
-14.384740 -26.344919 -2706.476660 14.488167 -0.506690 0.475572 0.719094 -0.279451 0.698460 -0.658833 -0.815581 -0.534776 -0.221004
-14.874555 -27.372121 -1842.378126 -639.081704 -0.573803 0.635344 0.516806 0.214610 -0.492332 0.843535 -0.790375 -0.594935 -0.146151
-20.340796 -29.344398 -2261.221924 494.330559 -0.498502 0.577293 0.646705 -0.253071 0.616599 -0.745494 -0.829126 -0.535293 -0.161280
-37.221172 -3748.181248 -2461.490925 -1055971.308125 0.749632 0.107886 0.653002 0.542960 0.463954 -0.699958 0.378479 -0.879265 -0.289217
580.497899 -22714.071733 -6930.144206 -8522402.281149 -0.757305 -0.323463 -0.567328 0.111314 0.792073 -0.600191 0.643505 -0.517679 -0.563835
-27.138556 -1601.288476 -883.296640 -423901.700245 0.792851 0.152610 0.589998 0.544759 0.256496 -0.798403 0.273177 -0.954421 -0.120227
-40.420572 -81.132208 -3145.250879 2979.321154 0.139145 0.973630 0.180786 0.951323 -0.080729 -0.297433 0.274995 -0.213372 0.937470
-28.597269 -79.554974 -5708.228515 9105.609675 0.154611 0.944614 0.289481 0.901643 -0.015122 -0.432217 0.403901 -0.327834 0.854043
32.428447 -46.392292 5092.650013 -977.958624 0.611429 -0.790471 0.036203 0.789365 0.606099 -0.097705 0.055291 0.088317 0.994557
32.855755 -45.981667 -835.821909 -1249.908830 0.613970 -0.768742 0.179102 0.789283 0.600375 -0.128770 -0.008538 0.220423 0.975367
13.991324 -47.579213 -2452.157426 1222.571612 -0.132659 0.983434 -0.123527 0.945850 0.088355 -0.312349 0.296261 0.158273 0.941902
11.152136 -46.382197 2521.815118 218.978093 -0.101991 0.968844 -0.225696 0.944226 0.022873 -0.328504 0.313107 0.246612 0.917140
3.727054 -43.295092 3957.919639 1184.107785 -0.063650 0.960994 -0.269146 0.903395 -0.059115 -0.424714 0.424058 0.270178 0.864395
-0.538862 -68.860744 -997.210473 -511.944899 0.623806 0.735013 -0.265748 0.191215 -0.473204 -0.859951 0.757828 -0.485628 0.435733
-1.598727 -65.259931 -532.975306 -766.770693 0.617950 0.736362 -0.275513 0.151545 -0.455416 -0.877286 0.771473 -0.500367 0.393017
-0.501998 -65.373686 -655.015684 -230.578758 0.608977 0.759109 -0.230002 0.326057 -0.503917 -0.799847 0.723073 -0.412094 0.554387
-0.810268 -67.462166 -1429.798579 -348.612892 0.630089 0.715142 -0.302590 0.025717 -0.408677 -0.912317 0.776097 -0.567059 0.275894
0.163059 -69.133787 -1025.696175 13.988780 0.611017 0.759117 -0.224497 0.358676 -0.518295 -0.776352 0.705698 -0.393843 0.588964
2.904363 -73.877909 -1133.110338 -291.575706 0.608571 0.753830 -0.247753 0.237584 -0.471010 -0.849531 0.757097 -0.458138 0.465741
2.099033 -71.279502 -1291.288095 -311.675172 0.621120 0.728390 -0.289238 0.059478 -0.411806 -0.909328 0.781455 -0.547599 0.299105
-2.754078 -133.413520 198.459247 4315.622078 -0.200811 -0.939918 -0.276095 0.960399 -0.244458 0.133695 -0.193156 -0.238314 0.951786
-0.143520 -139.343728 -1087.326075 -2582.385531 0.190914 0.939541 0.284278 0.880027 -0.292120 0.374458 -0.434862 -0.178683 0.882591
-1.457040 -140.644265 640.757006 6130.359085 -0.208803 -0.938817 -0.273905 0.963327 -0.245713 0.107825 -0.168529 -0.241346 0.955694
31.528786 -39.762490 26997.690132 373.657258 0.635462 0.587143 -0.501450 0.176791 0.521543 0.834708 -0.751621 0.619077 -0.227620
115.332205 -41.366228 53805.931530 1232.071862 0.698025 0.556358 -0.450808 0.099341 0.548229 0.830407 -0.709149 0.624429 -0.327408
781.254035 -65.034503 259150.912694 -918.590088 0.647308 0.648374 -0.400753 0.012712 0.516508 0.856188 -0.762122 0.559312 -0.326098
583.960301 -29.030467 155362.828779 841.271362 0.257915 0.741815 -0.619024 0.166633 0.596947 0.784785 -0.951690 0.305557 -0.030351
-15.295140 -52.168611 -314.199750 442.269368 0.575695 0.765196 -0.288185 0.371250 -0.558640 -0.741684 0.728525 -0.319995 0.605686
-16.363360 -51.958383 -1045.832528 -2042.337772 0.580640 0.783094 -0.222758 0.549946 -0.578993 -0.601936 0.600348 -0.227003 0.766846
-19.472835 -51.391033 -2548.897716 -3300.809694 0.541924 0.816736 -0.198144 0.618542 -0.547217 -0.563878 0.568968 -0.183018 0.801736
-16.388055 -94.731001 -545.170636 -1220.486343 0.191288 0.959318 0.207647 -0.065232 0.223511 -0.972516 0.979364 -0.172485 -0.105334
-14.345251 -94.265075 -801.705889 -1153.283296 0.241051 0.953369 0.181610 -0.104626 0.211565 -0.971748 0.964856 -0.215240 -0.150745
-16.761670 -92.675614 -613.083801 514.339085 0.198670 0.956687 0.212791 -0.284160 0.264021 -0.921708 0.937968 -0.122649 -0.324305
-17.389608 -96.692691 -228.513555 1383.614305 0.159073 0.958633 0.236048 -0.262590 0.271563 -0.925905 0.951705 -0.085302 -0.294925
-17.724980 -93.711079 -67.081405 3254.061032 0.172834 0.955633 0.238527 -0.474424 0.292998 -0.830105 0.863163 -0.030307 -0.504015
-16.494840 -91.720353 -760.536167 2181.115132 0.213409 0.953445 0.213073 -0.489241 0.293077 -0.821431 0.845636 -0.071056 -0.529010
-2.783462 -324.628404 2937.609094 28735.067889 0.529465 -0.081793 0.844380 0.788615 -0.319381 -0.525436 0.312656 0.944090 -0.104598
-1.728591 -309.009363 2875.964323 -2223.587457 0.549779 -0.070126 0.832361 0.833902 0.103916 -0.542042 -0.048485 0.992111 0.115609
0.874377 -337.024175 2005.942975 771.787276 0.550705 -0.061854 0.832405 0.831379 0.129522 -0.540401 -0.074389 0.989645 0.122752
-3.463617 -275.916215 1236.285005 29570.548329 0.546626 -0.064605 0.834881 0.781835 -0.317687 -0.536478 0.299890 0.945992 -0.123145
0.731199 -401.355509 928.041166 54398.036025 0.551062 -0.049376 0.833002 0.782233 -0.317058 -0.536270 0.290589 0.947120 -0.136095
-1.934918 -362.679534 3427.600805 61671.512151 0.514882 -0.079584 0.853559 0.582776 -0.697726 -0.416594 0.628705 0.711930 -0.312867
-3.755444 -255.297464 553.207745 32381.759145 0.530894 -0.055458 0.845621 0.632768 -0.637812 -0.439091 0.563698 0.768193 -0.303519
-13.956612 -67.744613 -4912.380676 -7228.477783 0.470414 0.011553 0.882370 0.426773 0.872222 -0.238944 -0.772383 0.488974 0.405375
-21.744191 -74.544941 1431.976537 -8293.324327 0.556026 -0.051005 0.829598 0.407151 0.886875 -0.218361 -0.724612 0.459186 0.513892
33.937411 -1197.545693 -3643.740941 218619.022985 0.315427 -0.193685 0.928974 0.563400 0.825964 -0.019091 -0.763601 0.529406 0.369653
20.924913 -658.450110 3088.223654 102827.045175 0.266743 -0.295925 0.917211 0.822996 0.565181 -0.056996 -0.501524 0.770065 0.394303
2819.831531 -49910.216271 950758.379306 -27965739.957944 0.594550 0.012852 0.803956 0.704326 0.473991 -0.528448 -0.387859 0.880436 0.272759
9.834634 -3.044474 -5129.006247 3742.159182 0.799441 -0.597745 0.059957 0.025243 0.133141 0.990776 0.600214 0.790553 -0.121528
20.148970 -4.240726 -3747.199450 5532.574757 0.744368 -0.667753 -0.004602 0.055438 0.054927 0.996950 0.665464 0.742353 -0.077905
4.577293 -49.163250 -903.209852 831.312534 0.444009 0.777702 -0.445013 -0.798247 0.568925 0.197804 -0.407011 -0.267403 -0.873406
23.487503 -43.221697 2729.622567 1140.597586 -0.235083 0.051963 -0.970585 -0.013349 0.998303 0.056680 0.971884 0.026281 -0.233990
31.078746 -46.730540 3477.118415 635.937138 -0.252168 0.063732 -0.965582 0.143974 0.989194 0.027691 0.956913 -0.132036 -0.258619
-1.340309 -44.120543 7904.996508 1361.654543 -0.346639 0.230454 -0.909248 0.126248 0.971992 0.198227 0.929464 -0.046078 -0.366025
20.661517 -47.257351 10958.100229 994.413553 -0.404696 0.174032 -0.897738 0.201086 0.974630 0.098289 0.892068 -0.140746 -0.429425
-0.413374 -172.340301 -728.800237 7224.476883 0.395921 0.888879 0.230522 0.566967 -0.039148 -0.822809 0.722354 -0.456466 0.519465
1.916450 -174.018207 2.596785 -11515.958484 0.423736 0.888191 0.177664 0.301889 0.046446 -0.952211 0.853997 -0.457121 0.248454
0.004186 -169.192560 -1514.506006 -10544.867732 0.448095 0.875520 0.180766 0.301095 0.042587 -0.952643 0.841756 -0.481302 0.244532
-21.083422 -38.172610 1383.550311 -4364.911654 -0.087348 0.704094 0.704714 0.436695 -0.608759 0.662352 -0.895359 -0.365600 0.254300
-20.400143 -33.995779 2467.571280 -2316.792083 -0.198875 0.809341 0.552645 0.326755 -0.476883 0.815974 -0.923948 -0.342856 0.169616
-21.684097 -39.690106 501.135682 -1999.792522 -0.196699 0.696817 0.689751 0.471435 -0.549617 0.689688 -0.859685 -0.460834 0.220395
-10.715347 -40.600329 313.105892 1170.091662 -0.176858 0.976429 0.123721 -0.911164 -0.209959 0.354538 -0.372158 0.050028 -0.926820
-8.154121 -39.686527 -3103.175730 1360.687963 -0.331846 0.935101 0.124358 -0.850287 -0.353593 0.389851 -0.408522 -0.023630 -0.912443
-10.050847 -34.688636 -4036.947134 2142.046427 -0.438301 0.880616 0.180018 -0.738125 -0.466930 0.486979 -0.512897 -0.080567 -0.854661
-12.731291 -41.836301 -257.842917 871.374174 -0.381804 0.883648 0.270908 0.912431 0.407081 -0.041884 -0.147292 0.231194 -0.961694
-11.693301 -39.206967 -689.240902 493.042954 -0.395507 0.881873 0.256661 0.916663 0.396494 0.050219 -0.057478 0.255134 -0.965196
-10.336684 -40.638972 -1025.349279 727.686246 -0.377149 0.895406 0.236658 0.918006 0.395239 -0.032427 -0.122571 0.205023 -0.971052
-10.432472 -42.787908 -692.950913 -1135.837636 -0.363372 0.898401 0.246651 -0.907123 -0.401525 0.126115 -0.212338 0.177916 -0.960863
-4.057445 -65.800267 -515.631434 48.682349 -0.609223 0.786550 -0.100922 -0.312117 -0.120841 0.942327 -0.728992 -0.605587 -0.319115
-4.706456 -67.232157 119.044180 944.954026 -0.614841 0.786363 -0.060033 -0.143817 -0.036951 0.988914 -0.775427 -0.616659 -0.135812
0.285243 -109.955810 -190.101383 10881.736327 -0.543912 0.838416 -0.034900 0.046948 0.071929 0.996304 -0.837828 -0.540263 0.078485
-1.042463 -104.784139 -269.500752 11639.516554 -0.549294 0.834513 -0.043178 0.073452 0.099690 0.992304 -0.832394 -0.541895 0.116056
0.375125 -129.196713 -2.436607 10695.695877 -0.536845 0.841068 -0.066349 -0.165508 -0.027874 0.985815 -0.827287 -0.540211 -0.154167
3.340578 -64.033092 827.942311 -1237.267317 0.682301 -0.725436 0.090595 0.651114 0.546644 -0.526527 -0.332438 -0.418238 -0.845318
4.986402 -59.230602 1744.954998 -330.334629 0.682348 -0.724544 0.097143 0.619166 0.502165 -0.603709 -0.388632 -0.472087 -0.791264
3.333439 -65.405881 1486.375221 2446.077255 0.674307 -0.729173 0.116692 0.607066 0.457397 -0.649815 -0.420453 -0.509014 -0.751082
4.982079 -66.113337 1240.983517 -6519.523002 0.673563 -0.734786 0.080015 0.659589 0.548693 -0.513690 -0.333549 -0.398780 -0.854236
2.446645 -61.430737 304.517721 1423.828219 0.669303 -0.735609 0.104462 0.638036 0.497006 -0.588128 -0.380714 -0.460287 -0.801993
2.206938 -62.138967 425.648676 -530.672310 0.679613 -0.727482 0.094324 0.673860 0.568299 -0.472175 -0.289895 -0.384457 -0.876444
3.823415 -69.010009 -423.705418 -3712.646126 -0.648451 0.754983 -0.097530 0.729981 0.580339 -0.361019 -0.215963 -0.305298 -0.927445
3.370673 -75.768798 881.114999 -5952.910725 -0.640432 0.765933 -0.056505 0.723226 0.576692 -0.379961 -0.258439 -0.284205 -0.923275
3.455082 -51.987886 3415.827031 -400.461113 -0.288866 0.932415 0.217160 -0.927589 -0.328721 0.177543 -0.236929 0.150149 -0.959854
-3.278129 -53.527052 3273.846833 -547.916664 -0.283087 0.934765 0.214653 -0.940072 -0.314787 0.131049 -0.190070 0.164691 -0.967859
-8.138917 -100.651786 29.952229 -7790.430949 0.720778 -0.693151 0.004632 -0.273640 -0.290673 -0.916859 -0.636868 -0.659584 0.399185
-5.740746 -95.951951 834.650691 5575.976255 -0.696619 0.717363 0.010591 0.329108 0.306403 0.893199 -0.637503 -0.625705 0.449537
-7.561462 -122.466568 1074.188844 19149.298420 -0.675596 0.735868 0.045492 0.235338 0.156764 0.959188 -0.698704 -0.658729 0.279087
-3.985261 -90.711549 44.907847 -4622.136491 -0.723881 0.687774 -0.054427 0.352426 0.436438 0.827839 -0.593120 -0.580076 0.558319
-9.193902 -137.858068 224.055262 -19678.428005 0.700131 -0.712352 -0.048697 -0.162567 -0.092625 -0.982340 -0.695262 -0.695683 0.180655
-8.520639 -127.829298 976.707739 -20623.244263 0.725691 -0.687384 -0.029580 -0.218680 -0.189676 -0.957184 -0.652343 -0.701089 0.287964
-4.515528 -85.494231 694.508005 -3776.371681 0.743795 -0.666620 0.048864 -0.278422 -0.375456 -0.884033 -0.607660 -0.643934 0.464863
-0.556102 -99.927043 -1667.224960 2404.651918 -0.279409 0.958804 0.051246 0.287040 0.134340 -0.948452 0.916263 0.250297 0.312751
-4.438228 -278.683469 272.207521 9269.504698 -0.490170 0.851038 -0.188329 -0.299745 0.038305 0.953250 -0.818466 -0.523705 -0.236319
-4.943006 -262.642337 1025.511927 -1034.517354 -0.481543 0.857659 -0.180380 -0.349859 0.000593 0.936802 -0.803564 -0.514218 -0.299774
-6.397011 -272.689914 855.279422 -26019.369147 -0.482213 0.856387 -0.184587 -0.655474 -0.212904 0.724587 -0.581227 -0.470397 -0.664004
-3.937962 -262.766083 924.318408 20336.274581 -0.476901 0.857871 -0.191372 -0.005356 0.214886 0.976624 -0.878941 -0.466778 0.097885
-3.983596 -242.380201 559.729628 -22840.023638 -0.487992 0.849669 -0.199814 -0.658025 -0.207716 0.723780 -0.573469 -0.484681 -0.660468
-2.081238 -238.046891 793.236132 -5907.470821 -0.473556 0.857169 -0.202498 -0.370455 0.014742 0.928734 -0.799067 -0.514824 -0.310561
28.101654 -75.549056 1028.330791 4691.479252 -0.366965 0.841788 -0.395891 0.627909 0.538151 0.562248 -0.686343 0.042258 0.726049
24.560502 -65.347640 1304.629348 4009.157190 -0.278733 0.857170 -0.433091 0.599679 0.507585 0.618661 -0.750128 0.087274 0.655508
30.849558 -55.921213 -541.762522 2588.157334 -0.423005 0.761896 -0.490490 0.674259 0.626283 0.391337 -0.605343 0.165180 0.778636
28.683948 -75.753199 1750.451205 1845.688473 -0.481513 0.761595 -0.433725 0.687722 0.635097 0.351696 -0.543307 0.128936 0.829574
36.294212 -1963.040191 7893.453225 609019.671176 -0.389689 0.837627 -0.382785 0.610127 0.546154 0.573987 -0.689846 0.009871 0.723888
127.731005 -488.872288 69049.155713 -48311.481161 0.013098 0.991198 0.131736 0.102691 -0.132384 0.985865 -0.994627 -0.000615 0.103521
24.729030 -561.340768 -49952.949229 -171084.831423 0.896978 -0.025385 0.441345 -0.436253 0.110661 0.892994 0.071508 0.993534 -0.088187
2.897445 -520.726548 -6147.827059 -242453.271056 0.787637 -0.591808 0.171437 -0.024369 0.248104 0.968427 0.615657 0.766947 -0.180994
28.827858 -137.688202 -6009.759281 63049.008774 0.665657 -0.561661 0.491363 -0.577036 0.030131 0.816162 0.473212 0.826819 0.304042
-5.615768 -50.752588 -1102.611269 986.082684 -0.463343 0.884748 0.050330 0.308487 0.214276 -0.926780 0.830752 0.413891 0.372217
-3.296525 -46.772307 -489.821330 431.887506 -0.437707 0.896549 -0.067915 0.219150 0.033124 -0.975129 0.872001 0.441704 0.210978
-4.221192 -46.232624 -179.602773 1251.359298 -0.459639 0.888064 -0.008660 0.285883 0.138720 -0.948171 0.840835 0.438292 0.317644
-5.947318 -50.068183 -409.718268 1747.877159 -0.491161 0.868273 0.069726 0.375590 0.283324 -0.882417 0.785934 0.407221 0.465273
-19.876196 -31.924021 -2246.343575 -697.930710 -0.540623 0.680196 0.495036 0.226878 -0.448755 0.864375 -0.810095 -0.579614 -0.088286
0.548017 -999.587975 2416.764518 -305041.226277 0.780555 0.395857 0.483768 -0.195233 -0.580817 0.790275 -0.593817 0.711301 0.376076
0.086115 -372.003808 3111.181482 -92397.316215 0.786624 0.400756 0.469698 -0.363727 -0.313939 0.877009 -0.498923 0.860719 0.101186
0.280121 -743.936160 6151.061878 -221808.561842 0.818877 0.384490 0.426154 -0.103459 -0.631431 0.768499 -0.564567 0.673396 0.477285
-24.293211 -1481.468721 -4987.489913 -444743.868128 0.757354 0.403355 0.513537 -0.515672 -0.113046 0.849295 -0.400621 0.908034 -0.122383
12.368790 -1148.864548 13084.191930 259478.870402 0.838831 0.327314 0.435002 -0.106063 0.882011 -0.459138 -0.533959 0.339002 0.774574
34.101225 -503.063434 3181.584554 -133401.658801 0.710792 0.443836 0.545696 -0.431360 -0.337752 0.836572 -0.555610 0.830020 0.048619
37.855786 -1229.934058 11359.759438 385816.169692 0.774627 0.401928 0.488270 -0.111863 0.846973 -0.519733 -0.622447 0.347980 0.701049
34.463713 -419.677849 3983.537100 -8414.427269 0.733636 0.413254 0.539444 0.044992 0.762553 -0.645360 -0.678052 0.497730 0.540843
9.749856 -21.752357 -1314.643096 -2675.814260 -0.449653 0.851439 0.269933 -0.204645 -0.392373 0.896752 -0.869444 -0.347987 -0.350675
4.448663 -22.268082 -2051.667096 -2960.568251 -0.480057 0.839669 0.253971 -0.210754 -0.391426 0.895750 -0.851545 -0.376486 -0.364870
7.034059 -17.749631 -1801.876212 -1730.686727 -0.469960 0.843321 0.260668 -0.244244 -0.408022 0.879695 -0.848223 -0.349755 -0.397730
-54.997391 -79.019342 -214.459514 997.185170 0.193458 0.979169 0.061669 0.959585 -0.175746 -0.219797 0.204380 -0.101698 0.973595
-55.497511 -75.211524 979.260645 3792.767791 0.436731 0.887143 -0.149139 0.825247 -0.461088 -0.326138 0.358097 -0.019358 0.933484
-37.813533 -61.786119 1371.821267 -641.569658 0.504580 -0.220923 -0.834621 -0.120191 0.939319 -0.321300 0.854958 0.262436 0.447409
-39.656926 -64.081680 1532.580238 -549.538983 0.481262 -0.147723 -0.864040 -0.337794 0.878317 -0.338312 0.808877 0.454684 0.372800
-40.673760 -65.421479 2270.435429 -193.661915 0.526319 -0.070704 -0.847342 -0.325955 0.903628 -0.277865 0.785329 0.422442 0.452551
33.329302 -44.264183 1540.561970 -1229.818938 0.605142 -0.786995 0.120174 0.793204 0.608921 -0.006509 -0.068054 0.099261 0.992732
31.015942 -44.630813 5447.855071 -903.597461 0.597943 -0.801407 -0.014493 0.801496 0.597626 0.021169 -0.008304 -0.024274 0.999671
1.430203 -43.869381 -3269.384518 1622.014579 -0.229945 0.971897 -0.050421 0.873622 0.183309 -0.450757 0.428847 0.147698 0.891222
-4.585573 -40.408564 -2094.399537 1394.512235 -0.269744 0.962206 -0.037381 0.811363 0.206207 -0.546963 0.518583 0.177869 0.836322
-2.821411 -65.843819 12.566080 -785.745979 0.608650 0.730014 -0.310845 -0.000855 -0.391166 -0.920320 0.793438 -0.560418 0.237460
-2.806442 -61.512711 423.751406 -183.462772 0.601073 0.747940 -0.281598 0.114472 -0.429292 -0.895882 0.790954 -0.506255 0.343654
-1.741273 -123.270609 -107.999761 6020.980210 -0.224483 -0.937308 -0.266572 0.972851 -0.231362 -0.005741 -0.056294 -0.260624 0.963798
-1.889196 -125.751790 -653.247118 5577.792868 -0.210182 -0.945734 -0.247814 0.965557 -0.240565 0.099141 -0.153376 -0.218441 0.963722
-12.337252 -43.675039 5742.374987 -1104.823876 0.602028 0.702946 -0.378721 0.152447 0.364392 0.918683 -0.783787 0.610807 -0.112212
-10.323048 -48.054686 4494.322150 -1340.239117 0.609452 0.718118 -0.335970 0.226104 0.248735 0.941811 -0.759898 0.649952 0.010777
-14.559506 -51.540132 185.455648 905.663115 0.561240 0.736576 -0.377446 0.272799 -0.595191 -0.755863 0.781403 -0.321254 0.534982
-14.684652 -49.934577 239.855669 312.419530 0.547426 0.697256 -0.462772 0.270117 -0.670613 -0.690880 0.792061 -0.253203 0.555452
-16.351495 -46.859765 741.058097 -913.453963 0.522135 0.703908 -0.481548 0.377036 -0.696967 -0.609984 0.764996 -0.136933 0.629310
-13.937976 -94.577822 -762.396385 -523.007902 0.235182 0.954427 0.183735 0.104834 0.163025 -0.981037 0.966281 -0.249984 0.061716
-12.650108 -94.825601 -764.116864 -133.611807 0.273277 0.946829 0.169809 0.019183 0.171129 -0.985062 0.961744 -0.272452 -0.028602
-0.693782 -322.210199 3467.950783 -24802.825914 0.561300 -0.054770 0.825798 0.722869 0.518311 -0.456961 -0.402993 0.853436 0.330520
-3.471260 -282.201510 2135.182239 -27027.918750 0.557553 -0.060357 0.827944 0.741470 0.484707 -0.463985 -0.373305 0.872592 0.315003
-5.660922 -265.842565 1846.527272 618.883801 0.553866 -0.067907 0.829832 0.832395 0.067602 -0.550045 -0.018746 0.995399 0.093968
53.470650 -61.085969 6344.536851 -6607.562162 -0.500699 -0.058135 -0.863667 0.738519 -0.549151 -0.391181 -0.451543 -0.833698 0.317893
59.013237 -88.527902 1460.736896 -18363.998082 -0.485663 -0.210999 -0.848299 0.808165 -0.478245 -0.343731 -0.333168 -0.852503 0.402788
55.953587 -129.922471 6928.011599 -29900.502006 -0.417806 -0.090585 -0.904009 0.834024 -0.432875 -0.342085 -0.360335 -0.896891 0.256408
66.174665 -190.925352 2272.187320 -46174.389740 -0.397893 -0.239280 -0.885679 0.899601 -0.291166 -0.325485 -0.179998 -0.926265 0.331109
61.344838 -229.214146 6677.316500 -55030.583834 -0.389518 -0.122461 -0.912841 0.912503 -0.185778 -0.364451 -0.124955 -0.974931 0.184110
3.305155 -3940.655520 6995.763017 1422889.138877 -0.068364 -0.139852 -0.987810 0.723580 -0.688610 0.047415 -0.686847 -0.711517 0.148270
234.820433 -4120.687499 -226224.093797 611943.174841 0.499937 -0.259450 -0.826286 0.841127 0.372744 0.391877 0.206320 -0.890925 0.404579
129.046167 -2033.253592 -23096.787901 462819.425608 0.107537 -0.124418 -0.986385 0.788535 -0.593585 0.160839 -0.605515 -0.795096 0.034276
-38.619567 -937.476550 280.611342 90627.402096 0.076700 -0.128435 0.988747 0.231287 0.966911 0.107657 -0.969858 0.220427 0.103867
14.694797 -34.704441 -1368.309262 -5199.993218 0.336507 -0.216422 0.916474 -0.320214 0.888938 0.327494 -0.885565 -0.403672 0.229832
5.626468 -47.156164 -3989.308157 -5814.835860 0.213792 -0.151740 0.965022 -0.405472 0.884964 0.228980 -0.888755 -0.440244 0.127672
10.433186 -52.093486 -4634.994427 -1202.248484 0.270432 -0.285857 0.919322 -0.185608 0.921507 0.341136 -0.944678 -0.262888 0.196148
11.522564 -23.371713 -679.502235 -5805.326422 0.140413 0.086346 0.986321 -0.537650 0.843164 0.002726 -0.831395 -0.530678 0.164815
20.313406 -45.797486 -2686.621037 -901.946411 0.361082 -0.302298 0.882176 -0.124251 0.921969 0.366791 -0.924219 -0.242053 0.295346
20.283466 -39.416829 -210.672541 -2755.056369 0.440753 -0.285417 0.851043 -0.208419 0.889650 0.406305 -0.873097 -0.356454 0.332630
10.390626 -12.517699 1994.715619 -7110.973096 0.280844 -0.019541 0.959554 -0.484377 0.860236 0.159287 -0.828556 -0.509521 0.232127
14.763542 -23.015407 -762.693406 -7052.199597 0.452552 -0.313308 0.834886 -0.308607 0.823366 0.476266 -0.836635 -0.473187 0.275927
33.377663 29.645064 5814.436685 3182.623752 -0.207510 -0.403558 -0.891112 -0.519907 0.817131 -0.248985 0.828635 0.411628 -0.379375
32.279576 25.488626 -2734.866623 1963.294137 -0.072950 -0.346540 -0.935194 -0.556479 0.792301 -0.250182 0.827653 0.502165 -0.250640
38.713218 26.366637 -9317.796175 -1523.639770 0.084265 -0.379428 -0.921376 -0.424039 0.823106 -0.377740 0.901715 0.422530 -0.091533
35.634960 26.890897 284.820586 -4115.318059 -0.045405 0.702048 0.710681 -0.387793 0.643236 -0.660199 0.920627 0.305574 -0.243043
36.002508 30.392404 -2280.496063 9864.446302 -0.060620 0.893705 0.444542 -0.574152 0.333087 -0.747932 0.816501 0.300574 -0.492931
-2.612299 -43.134418 -924.043295 -62.041729 0.380028 0.821524 -0.425062 -0.672048 0.560983 0.483374 -0.635555 -0.101967 -0.765292
-3.402755 -42.558871 -750.315239 -13.872415 0.368563 0.833091 -0.412457 -0.625649 0.550462 0.552770 -0.687550 -0.054323 -0.724102
-4.109397 -42.243484 -1261.157792 -52.857911 0.375335 0.824674 -0.423126 -0.701547 0.551103 0.451793 -0.605768 -0.127269 -0.785396
-3.422386 -42.536651 -1219.590283 -225.018030 0.394875 0.806590 -0.439871 -0.741888 0.562353 0.365187 -0.541919 -0.182132 -0.820458
-5.435551 -41.315828 -1057.243838 -450.047710 0.393957 0.817339 -0.420421 -0.765277 0.545029 0.342482 -0.509066 -0.186816 -0.840209
-22.913797 -35.926601 804.475027 -1565.430531 -0.305844 0.764368 0.567627 0.329652 -0.474301 0.816314 -0.893191 -0.436784 0.106913
-10.944717 -29.999692 5304.140658 1238.606342 -0.261077 0.942725 0.207624 0.200356 -0.157480 0.966984 -0.944297 -0.294055 0.147766
-16.740710 -31.944440 3788.493944 114.080827 -0.286536 0.908527 0.304099 0.174109 -0.262744 0.949027 -0.942116 -0.324877 0.082897
-18.799865 -76.526522 -7782.453827 -800.509490 0.488043 0.839872 -0.237549 0.872775 -0.472334 0.123140 -0.008781 -0.267425 -0.963539
1.254336 -78.787715 -13329.922168 -5180.147136 0.409374 0.854157 -0.320670 0.885646 -0.456469 -0.085248 -0.219191 -0.249101 -0.943347
-24.508606 -69.589982 -6599.642004 2700.258423 0.388434 0.894304 -0.222123 -0.903220 0.417256 0.100451 -0.182516 -0.161608 -0.969830
