13555
27096
-42.049790 -63.160368 -786.101781 6847.261144 -0.197702 -0.954597 0.222842 0.977448 -0.174760 0.118550 -0.074223 0.241254 0.967619
-45.406887 -70.531150 -830.820447 5244.247121 -0.213971 -0.938949 0.269427 0.958729 -0.148992 0.242159 -0.187232 0.310123 0.932077
-51.359613 -80.079796 -1043.614565 8288.694590 0.187637 -0.938655 0.289342 0.955495 0.242700 0.167710 -0.227645 0.244996 0.942420
-36.233748 -57.769894 683.753903 4935.284875 -0.499501 -0.829276 0.250598 0.865462 -0.464856 0.186776 -0.038397 0.310178 0.949903
-38.710240 -67.881994 1314.750305 11121.909416 0.107396 -0.974690 0.196076 0.993554 0.112414 0.014610 -0.036282 0.193243 0.980480
-32.281198 -48.904904 801.421912 5575.637850 -0.421411 -0.885241 0.196878 0.905800 -0.421415 0.043987 0.044028 0.196868 0.979441
3.871936 -16.229040 1752.206534 -1370.966795 0.263594 0.870417 -0.415803 0.646208 0.160697 0.746051 -0.716194 0.465350 0.520111
6.789812 -11.353348 2016.203299 -2416.484968 0.188858 0.851047 -0.489950 0.624624 0.280882 0.728663 -0.757745 0.443649 0.478538
1.068242 -14.312854 2560.150106 -1757.601352 0.174246 0.826793 -0.534838 0.642207 0.316322 0.698219 -0.746464 0.465139 0.475855
-1.430009 -20.487203 807.075005 -1198.522043 0.254781 0.875637 -0.410299 0.656977 0.154597 0.737890 -0.709555 0.457558 0.535885
0.112137 -49.330704 14195.940496 301.421000 -0.388326 0.566439 -0.726877 0.675008 0.711824 0.194092 0.627349 -0.415276 -0.658770
-19.988743 -51.976314 1209.582125 -2433.810373 -0.118216 0.688629 -0.715412 -0.695492 -0.571650 -0.435324 0.708742 -0.446101 -0.546515
-11.992529 -50.064786 3518.726887 851.823937 -0.205099 0.631245 -0.747973 -0.783288 -0.564088 -0.261275 0.586851 -0.532291 -0.610141
-14.792039 -51.210843 4401.162482 2458.714627 -0.229144 0.646201 -0.727954 0.606243 0.679840 0.412658 0.761552 -0.346759 -0.547536
20.667910 -49.485312 20850.748442 -988.653985 -0.434782 0.575511 -0.692641 0.750411 0.656743 0.074638 0.497842 -0.487315 -0.717410
41.581310 -50.305421 34946.138280 -819.975094 -0.526173 0.535834 -0.660321 0.687249 0.725269 0.040907 0.500830 -0.432281 -0.749868
51.665673 -49.639602 27962.296453 -1607.385458 -0.532580 0.458351 -0.711528 0.609788 0.790792 0.052984 0.586955 -0.405663 -0.700657
14.789384 -48.414699 18264.105052 487.736720 -0.483907 0.480485 -0.731415 0.548757 0.817656 0.174079 0.681689 -0.317131 -0.659339
-5.383758 -69.288047 -551.870709 -1684.375108 0.093397 0.993855 0.059403 0.585570 -0.103086 0.804040 -0.805223 0.040311 0.591600
-6.010514 -70.403042 -288.839327 -2702.158311 0.113827 0.991073 0.069410 0.685541 -0.128918 0.716529 -0.719081 0.033976 0.694095
-7.056431 -69.368887 -828.824686 -2035.134341 0.109606 0.992403 0.055887 0.629628 -0.112826 0.768661 -0.769126 0.049062 0.637211
1.391571 -44.041281 -579.335096 -349.695948 0.272107 0.955245 0.116039 0.885109 -0.201149 -0.419668 0.377545 -0.216902 0.900230
3.162669 -45.951725 -180.985590 -795.753630 0.266709 0.957389 0.110779 0.840607 -0.174858 -0.512645 0.471430 -0.229848 0.851424
1.750272 -45.057307 -782.230945 -705.564171 0.298055 0.947908 0.112402 0.828065 -0.198186 -0.524434 0.474838 -0.249386 0.843999
3.866557 -47.564993 260.632485 -955.600784 0.278853 0.955091 0.100214 0.770009 -0.160008 -0.617644 0.573871 -0.249397 0.780047
-0.640019 -43.609225 -484.996520 -995.676168 0.313977 0.944111 0.100362 0.864089 -0.240353 -0.442244 0.393405 -0.225577 0.891262
2.799462 -47.320774 -1471.723619 -588.860335 0.332034 0.936948 0.109007 0.738482 -0.186310 -0.648022 0.586854 -0.295664 0.753781
0.498591 -44.213358 -1116.491930 -1346.500441 0.337448 0.936046 0.099732 0.808336 -0.233843 -0.540287 0.482412 -0.262936 0.835550
-21.859886 -131.361904 -1491.106614 -10607.343738 -0.219088 0.947709 0.232052 0.364803 -0.141018 0.920344 -0.904942 -0.286290 0.314832
-13.061493 -107.091074 -3426.700709 -15951.622604 -0.238570 0.924460 0.297418 0.117991 -0.276400 0.953772 -0.963931 -0.262634 0.043137
-14.582623 -121.185318 -4014.012196 -7875.806553 -0.261997 0.917806 0.298311 0.362125 -0.193027 0.911924 -0.894552 -0.346948 0.281788
2.900555 -144.332237 -2069.206976 -13996.272692 0.036619 0.957358 0.286573 0.559708 -0.257215 0.787761 -0.827880 -0.131550 0.545260
2.670176 -152.831130 -650.332231 -12007.968893 0.075373 0.949939 0.303207 0.775260 -0.247061 0.581319 -0.627129 -0.191249 0.755072
2.561672 -127.789340 -653.495280 -14394.740790 0.051761 0.957364 0.284209 0.653058 -0.247756 0.715634 -0.755537 -0.148563 0.638039
2.735807 -108.924740 -677.814899 -11967.476203 0.032526 0.965422 0.258656 0.510979 -0.238477 0.825850 -0.858978 -0.105307 0.501067
1.356732 -120.771758 381.168048 -13626.799227 0.049996 0.960388 0.274146 0.614593 -0.245949 0.749523 -0.787259 -0.131015 0.602544
-15.658256 -94.423470 1564.841769 3706.280111 -0.048723 0.941129 0.334518 -0.509861 0.264558 -0.818567 0.858876 0.210441 -0.466954
-16.848240 -89.336346 514.134586 3437.046312 -0.002998 0.949291 0.314385 -0.596525 0.250626 -0.762459 0.802589 0.189825 -0.565524
-15.391259 -89.552256 1839.203987 2408.844115 -0.049989 0.939380 0.339213 -0.699632 0.209445 -0.683117 0.712753 0.271473 -0.646750
-10.875281 -84.140257 1611.633158 2185.196372 -0.076165 0.934398 0.347994 -0.724187 0.188062 -0.663465 0.685385 0.302545 -0.662355
-13.660272 -90.317103 1927.272525 4356.115397 -0.069295 0.936657 0.343326 -0.594229 0.237681 -0.768375 0.801305 0.257259 -0.540118
-11.722031 -84.162149 1209.456648 335.430128 -0.062571 0.938918 0.338405 -0.824944 0.142189 -0.547038 0.561741 0.313394 -0.765657
-14.803265 -86.228330 1382.102619 -172.739606 -0.043513 0.942933 0.330127 -0.824974 0.152465 -0.544217 0.563493 0.296027 -0.771261
16.093557 -51.244083 2894.582814 -1753.754380 0.339212 0.929594 -0.144186 -0.844572 0.233446 -0.481873 0.414286 -0.285232 -0.864297
4.884146 -54.209640 137.068475 -1561.130889 0.337336 0.931418 -0.136622 -0.842989 0.234281 -0.484234 0.419016 -0.278520 -0.864206
4.324433 -58.899783 157.751938 -4471.905095 0.299906 0.939937 -0.163019 -0.890299 0.214390 -0.401751 0.342671 -0.265624 -0.901122
19.465089 -53.496019 4215.031272 -2880.676692 0.266946 0.949057 -0.167424 -0.903853 0.186286 -0.385158 0.334348 -0.254143 -0.907537
37.872917 -44.923066 11140.285434 -360.535078 0.309249 0.941203 -0.136023 -0.847970 0.208169 -0.487455 0.430478 -0.266089 -0.862488
6.906498 -63.971957 -164.820340 -1389.765414 -0.136739 0.939196 0.314981 -0.153824 -0.334242 0.929850 -0.978591 -0.078695 -0.190175
7.459184 -75.897570 -2625.088602 -9610.266430 -0.207094 0.898696 0.386599 -0.043897 -0.403303 0.914013 -0.977336 -0.172316 -0.122971
3.050422 -58.598046 -1953.859975 -6521.837146 -0.201003 0.909880 0.362928 -0.152295 -0.395010 0.905965 -0.967680 -0.126829 -0.217968
11.094924 -73.430190 739.459726 -3496.241302 -0.115556 0.921756 0.370152 -0.005839 -0.373272 0.927704 -0.993284 -0.105041 -0.048516
9.189610 -72.666927 1460.336299 2031.242712 -0.080257 0.945823 0.314607 -0.149805 -0.323486 0.934299 -0.985453 -0.027855 -0.167651
-2.480907 -57.800049 614.508546 -30.914968 0.271166 0.947230 -0.170953 -0.527510 -0.002311 -0.849545 0.805110 -0.320548 -0.499047
-2.169620 -56.026951 602.018394 -1433.675526 0.286221 0.947876 -0.140034 -0.378293 -0.022486 -0.925413 0.880325 -0.317846 -0.352138
-2.281094 -58.499265 192.843292 -408.199991 0.285591 0.943080 -0.170404 -0.472265 -0.016227 -0.881307 0.833908 -0.332170 -0.440750
-2.045381 -57.745099 717.691521 -1849.301606 0.290760 0.946798 -0.137955 -0.318023 -0.040353 -0.947224 0.902397 -0.319288 -0.289371
-2.190066 -60.450006 -147.566885 435.634556 0.278023 0.939719 -0.199078 -0.600933 0.008469 -0.799255 0.749388 -0.341844 -0.567062
-2.597652 -62.578491 -655.052437 862.281622 0.301565 0.933931 -0.191915 -0.557095 0.009246 -0.830397 0.773759 -0.357334 -0.523077
-3.027673 -59.522527 -436.995726 -1260.103584 0.303783 0.937718 -0.168527 -0.410924 -0.030630 -0.911155 0.859568 -0.346045 -0.376025
0.384655 -38.082762 -583.932279 -636.804968 0.429747 0.902892 0.010169 0.874801 -0.419114 0.243036 -0.223697 0.095548 0.969964
0.352643 -40.134239 29.530601 -962.059731 0.445310 0.895330 0.009102 0.864291 -0.432483 0.256826 -0.233881 0.106500 0.966415
0.294291 -39.271119 111.689899 -485.660920 0.461622 0.887001 0.011624 0.878639 -0.458995 0.131593 -0.122058 0.050532 0.991236
-1.139861 -40.285201 -531.361328 -1222.301882 0.436486 0.899660 0.009575 0.892605 -0.434349 0.120818 -0.112854 0.044189 0.992628
1.047059 -218.377875 -481.144085 -34658.821600 0.686677 0.282564 0.669800 0.643342 -0.665233 -0.378915 -0.338505 -0.691103 0.638585
0.747832 -232.171036 1127.008997 -10676.214257 -0.694237 -0.265919 -0.668821 0.715657 -0.353948 -0.602126 -0.076611 -0.896665 0.436031
-0.910749 -251.165390 661.453515 -31135.361468 -0.683226 -0.276350 -0.675894 0.719045 -0.415841 -0.556822 -0.127187 -0.866434 0.482821
29.955112 -62.066840 4199.746447 -1706.175040 -0.502472 -0.289258 -0.814771 -0.176589 0.956844 -0.230793 0.846367 0.027913 -0.531868
32.799300 -62.482391 4212.202856 1554.331095 -0.490299 -0.264374 -0.830490 -0.297703 0.946373 -0.125508 0.819134 0.185703 -0.542710
21.074649 -67.310696 6502.126801 -869.833108 -0.558626 -0.255043 -0.789234 -0.247868 0.959399 -0.134590 0.791517 0.120440 -0.599162
34.857502 -56.034873 104.676408 -499.945214 -0.402878 -0.289471 -0.868272 -0.196186 0.953930 -0.226998 0.893980 0.078890 -0.441108
18.061578 -65.334256 5244.666429 -3135.351071 -0.557875 -0.267920 -0.785490 -0.122443 0.962672 -0.241392 0.820843 -0.038489 -0.569855
26.715098 -60.116548 3984.492826 -3893.027950 -0.516571 -0.310828 -0.797835 -0.078599 0.945064 -0.317297 0.852629 -0.101198 -0.512624
33.932209 -55.569312 645.831989 -3764.763614 -0.437282 -0.323606 -0.839085 -0.082376 0.943507 -0.320948 0.895544 -0.071224 -0.439236
-29.501173 -215.714916 2353.876727 -58560.684934 0.714748 -0.310997 0.626431 -0.678001 -0.088339 0.729733 0.171607 0.946296 0.273997
-55.270872 -135.688627 -10718.700369 19832.563099 0.473124 -0.318005 0.821600 0.808715 -0.213172 -0.548214 0.349477 0.923813 0.156319
-10.937071 -114.366252 -888.621158 12451.810249 0.570434 -0.315286 0.758420 0.748462 -0.180729 -0.638076 0.338245 0.931629 0.132886
-13.581708 -114.831347 -1003.382352 8456.775728 0.572307 -0.294071 0.765498 0.803885 0.016815 -0.594547 0.161967 0.955636 0.246022
-27.895957 -143.332158 4370.704927 12036.261226 0.702043 -0.238944 0.670852 0.711395 0.278239 -0.645368 -0.032450 0.930317 0.365319
74.153123 -1816.529638 11324.045736 -806511.519939 0.873623 -0.156527 0.460742 -0.483187 -0.391060 0.783328 -0.057565 0.906957 0.417271
-783.395972 -17900.510447 -234973.160352 -16377931.514232 0.465295 -0.003302 0.885150 -0.457854 0.854926 0.243868 -0.757543 -0.518740 0.396281
-248.556311 -3582.151354 -62776.357514 -1701852.586313 0.082270 -0.115510 0.989893 0.113318 0.987903 0.105860 -0.990147 0.103463 0.094364
-482.445176 -2548.141635 251724.884000 -2734544.218697 -0.144127 0.003308 -0.989554 0.937880 -0.318480 -0.137665 -0.315609 -0.947924 0.042799
-873.501594 -4065.074190 303897.169495 -445373.633390 0.375235 -0.368474 -0.850544 0.841427 0.520332 0.145794 0.388844 -0.770378 0.505290
-3734.344861 -6435.904676 -454660.779710 -3116360.716507 0.879475 -0.453105 0.145669 0.422000 0.883904 0.201570 -0.220090 -0.115803 0.968581
-15.867477 -35.615913 1987.972109 -1233.833108 -0.668076 0.481244 -0.567520 -0.098069 0.699100 0.708267 0.737602 0.528832 -0.419857
-20.029417 -30.434953 2717.241165 -378.012364 -0.645054 0.658634 -0.387435 -0.125550 -0.591484 -0.796482 0.753752 0.465132 -0.464230
-12.742417 -31.667925 2821.843298 -1210.415569 -0.693102 0.574715 -0.435101 0.092151 0.669293 0.737262 0.714925 0.470902 -0.516849
-18.978166 -34.857999 1270.290402 83.394221 -0.344088 0.784484 0.515934 -0.136707 0.501775 -0.854127 0.928932 0.364427 0.065410
-21.634826 -33.262498 1337.544044 951.132857 -0.323043 0.817312 0.477122 -0.200847 0.433460 -0.878506 0.924826 0.379624 -0.024129
-18.549093 -32.775663 1199.739355 1013.608792 -0.354832 0.763778 0.539201 -0.233054 0.486264 -0.842160 0.905417 0.424488 -0.005459
15.056869 -53.555891 3627.635423 2227.750812 0.295502 0.954852 -0.030612 0.828722 -0.240263 0.505464 -0.475288 0.174734 0.862305
11.034353 -54.908195 4746.360079 1531.617765 0.339266 0.938345 -0.066391 0.770802 -0.236846 0.591412 -0.539224 0.251820 0.803632
3.598256 -54.117368 1325.888246 5144.104598 0.373801 0.927503 0.003425 0.829105 -0.335795 0.447019 -0.415762 0.164256 0.894518
28.261599 -49.733551 9452.745262 -478.868259 0.249189 0.961373 -0.116903 0.789084 -0.131568 0.600030 -0.561472 0.241767 0.791390
26.845048 5.012049 -8148.753108 -1261.025653 -0.351825 0.116782 -0.928752 -0.228480 0.951464 0.206189 0.907753 0.284744 -0.308066
27.049886 2.441924 -8254.704059 -1796.468959 -0.337417 0.037429 -0.940611 -0.252931 0.958861 0.128887 0.906739 0.281398 -0.314069
37.454166 5.520222 -5307.518889 -2690.396287 -0.421068 0.021037 -0.906785 -0.245672 0.959716 0.136343 0.873125 0.280182 -0.398938
38.668412 0.105481 -5587.395209 -1508.402738 -0.430455 0.042484 -0.901612 -0.236662 0.958633 0.158159 0.871034 0.281457 -0.402594
61.812928 -74.912882 -1314.679044 2306.175656 -0.029628 0.993883 -0.106389 0.997245 0.036632 0.064500 0.068003 -0.104184 -0.992230
76.356170 -81.073212 -1993.826578 6098.123840 -0.034710 0.999164 0.021617 -0.990107 -0.031437 -0.136745 0.135951 0.026150 -0.990370
64.423970 -85.883898 -4155.757543 4720.337840 -0.120020 0.992626 0.017016 0.992768 0.120045 -0.000421 -0.002461 0.016842 -0.999855
56.476179 -96.998588 -4996.540451 -13054.030992 -0.212113 0.976986 0.022498 -0.966672 -0.213140 0.141832 -0.143363 -0.008337 -0.989635
51.919352 -82.632015 -2803.047978 9713.183164 -0.138939 0.986395 -0.087870 0.987977 0.131991 -0.080498 -0.067805 -0.097998 -0.992874
79.571264 -34.449141 10647.253438 3577.698738 0.421702 0.662124 0.619482 -0.213023 -0.591734 0.777478 -0.881356 0.459828 0.108488
81.088515 -45.036513 -1843.984673 2329.062613 0.199658 0.811694 0.548898 -0.122799 -0.535033 0.835859 -0.972141 0.234290 0.007148
89.550029 -48.279920 107.725737 5580.003200 0.217979 0.722540 0.656065 -0.262600 -0.604016 0.752466 -0.939961 0.336305 -0.058076
86.320541 -34.126494 5607.465862 -3475.526641 0.394682 0.574938 0.716710 0.358939 0.621573 -0.696283 -0.845807 0.532065 0.038956
72.674276 -26.740260 9723.304762 -1245.288900 0.512358 0.507330 0.692896 0.334308 0.625370 -0.705090 -0.791030 0.592899 0.150809
63.351947 -25.645431 14231.966049 -954.054535 0.560676 0.555501 0.614053 0.234665 0.604577 -0.761196 -0.794087 0.570881 0.208616
4.824175 -45.945676 -4323.397799 -499.042919 -0.088276 0.982018 -0.166878 0.990026 0.104965 0.093970 0.109797 -0.156918 -0.981489
5.174702 -46.743585 -6409.694650 -45.372614 -0.059713 0.983035 -0.173425 -0.973349 -0.095877 -0.208327 0.221420 -0.156363 -0.962561
17.076619 -47.665708 -8300.714818 -822.043479 -0.064954 0.980873 -0.183493 0.985797 0.091611 0.140752 0.154870 -0.171744 -0.972892
23.417709 -47.637799 -6641.046636 -633.967729 -0.086201 0.985714 -0.144695 0.993923 0.095066 0.055500 0.068463 -0.139031 -0.987919
13.029768 -45.545327 -7028.114875 -682.429777 -0.079235 0.980321 -0.180811 0.996248 0.084205 0.019968 0.034800 -0.178551 -0.983315
24.969859 -48.689120 -4043.018433 1355.883597 -0.066033 0.993949 -0.087776 -0.978798 -0.081616 -0.187863 0.193891 -0.073509 -0.978265
7.564223 -50.416304 241.384886 -2332.619498 -0.291867 0.937369 0.190141 -0.625224 -0.036539 -0.779590 0.723816 0.346417 -0.596730
11.210208 -49.031016 972.000572 -1664.344539 -0.304064 0.931257 0.200764 -0.521344 0.013720 -0.853236 0.797337 0.364105 -0.481333
7.178235 -52.943263 74.662476 -1955.573417 -0.344420 0.925912 0.155120 -0.596825 -0.088401 -0.797487 0.724690 0.367250 -0.583054
4.441437 -56.874060 -229.080468 -1851.569529 -0.335322 0.930338 0.148424 -0.693490 -0.137113 -0.707299 0.637677 0.340104 -0.691157
3.860385 -55.960773 -134.505229 -1798.252852 -0.292022 0.939658 0.178228 -0.719072 -0.092840 -0.688707 0.630602 0.329276 -0.702793
-4.124479 -59.775696 1777.736080 -239.663692 -0.324459 0.874483 0.360563 0.705393 0.477653 -0.523706 0.630196 -0.084417 0.771834
-7.958656 -62.286331 36.216374 446.410028 -0.364227 0.835189 0.412066 0.654702 0.544297 -0.524506 0.662348 -0.078741 0.745047
3.693022 -59.754207 5987.802879 2216.087820 -0.314134 0.898519 0.306567 0.594857 0.437951 -0.674051 0.739909 0.029378 0.672066
24.966548 -57.806249 11625.668847 1864.184967 -0.259081 0.932582 0.251330 0.652337 0.360851 -0.666515 0.712274 0.008730 0.701848
40.923527 -58.657278 15836.468241 2570.231042 -0.272937 0.935534 0.224236 0.535614 0.341392 -0.772379 0.799139 0.090706 0.594263
13.132522 -56.359040 6664.743663 2578.058823 -0.342325 0.889243 0.303415 0.465847 0.441073 -0.767099 0.815966 0.121252 0.565242
16.204686 -53.319851 -5296.604129 3478.503913 -0.414770 0.692755 0.589962 -0.088038 0.614769 -0.783778 0.905657 0.377027 0.193999
6.629922 -55.610688 -2744.104872 9079.360733 -0.404826 0.750576 0.522256 -0.079260 0.540196 -0.837798 0.910952 0.380557 0.159194
12.198577 -65.497647 -5992.589165 11521.782431 -0.388196 0.714990 0.581458 -0.016230 0.625536 -0.780026 0.921434 0.312240 0.231226
10.331697 -50.834431 -2387.478463 -1006.499399 -0.430042 0.726504 0.535963 -0.117020 0.543798 -0.831018 0.895193 0.420091 0.148841
25.260336 -60.975575 6145.992227 6470.900536 0.441840 -0.659360 -0.608294 -0.030334 0.666703 -0.744706 0.896581 0.347493 0.274575
25.766700 -57.005755 -3694.754540 -3815.595724 -0.481159 0.661613 0.575112 -0.055842 0.631582 -0.773295 0.874853 0.404194 0.266946
20.473295 -54.217923 -2303.885737 -7068.558519 -0.466979 0.690435 0.552477 -0.109041 0.575054 -0.810816 0.877520 0.438877 0.193252
14.643677 -92.454257 -2539.327508 5320.647879 -0.710565 0.540582 0.450409 0.259971 0.796525 -0.545860 -0.653844 -0.270776 -0.706518
16.101273 -93.452952 -750.014277 2167.550537 -0.673923 0.597708 0.434249 0.364640 0.780293 -0.508115 -0.642546 -0.184086 -0.743806
22.167915 -100.783951 408.968339 2755.459743 -0.680728 0.565727 0.465361 0.178110 0.744034 -0.643964 -0.710553 -0.355479 -0.607247
14.561182 -101.078382 -5308.532079 5195.496933 -0.762125 0.487427 0.426123 0.104422 0.742101 -0.662104 -0.638953 -0.460110 -0.616472
22.881998 -104.042026 33.243029 386.345629 -0.679213 0.566697 0.466395 0.006803 0.640300 -0.768095 -0.733910 -0.518527 -0.438755
0.903103 -55.185120 222.730991 -1866.028313 0.562587 -0.728357 -0.391142 0.808915 0.387245 0.442377 -0.170741 -0.565276 0.807038
0.782567 -53.481948 778.285820 -331.649214 0.577441 -0.717008 -0.390463 0.774583 0.329973 0.539573 -0.258036 -0.614017 0.745922
1.645225 -54.971658 889.493691 -1449.640371 0.578574 -0.714532 -0.393315 0.790689 0.373021 0.485455 -0.200158 -0.591861 0.780793
5.096158 -33.540792 -2073.872220 -118.432091 -0.344340 -0.138776 -0.928532 -0.562368 0.822441 0.085630 0.751779 0.551663 -0.361242
-0.372977 -39.270383 -798.215712 -101.258401 -0.242986 -0.271107 -0.931374 -0.686042 0.726832 -0.032587 0.685788 0.631043 -0.362601
-0.256396 -26.197827 695.570721 22.752640 -0.202760 -0.319323 -0.925700 -0.714675 0.694510 -0.083035 0.669423 0.644739 -0.369031
5.199561 -29.164053 -894.667577 998.645066 -0.446749 -0.037993 -0.893852 -0.515500 0.827505 0.222475 0.731215 0.560172 -0.389272
2.860312 -61.225143 -799.716092 4361.926727 -0.632051 0.729497 0.261429 -0.661066 -0.683608 0.309309 -0.404355 -0.022677 -0.914321
0.599748 -56.470594 287.025085 -118.169718 -0.630668 0.730340 0.262414 -0.644701 -0.681290 0.346705 -0.431992 -0.049478 -0.900519
1.379694 -61.668461 -341.866734 1964.099551 -0.615517 0.745969 0.254302 -0.705097 -0.665376 0.245180 -0.352103 0.028395 -0.935531
-7.661724 -165.090132 -1293.543814 -9285.648388 0.737029 -0.523402 0.427597 0.436992 -0.113591 -0.892264 -0.515584 -0.844481 -0.145002
-7.401278 -170.776356 -606.062937 -989.844384 0.729655 -0.525464 0.437597 0.572577 0.119625 -0.811077 -0.373844 -0.842364 -0.388154
-8.368853 -174.301522 -210.639807 3478.551688 0.741959 -0.505537 0.440374 0.583272 0.162836 -0.795788 -0.330591 -0.847300 -0.415683
-6.284528 -163.508609 55.853376 9238.624772 0.733107 -0.514537 0.444754 0.660762 0.383960 -0.644957 -0.161086 -0.766698 -0.621470
-5.865792 -106.491638 -291.025168 -3837.988049 -0.338189 0.884270 0.322016 -0.475428 0.134763 -0.869372 0.812155 0.447108 -0.374831
-4.013079 -112.936586 -802.062525 -4552.310618 -0.314979 0.898371 0.306133 -0.467787 0.133705 -0.873670 0.825811 0.418393 -0.378132
-5.138125 -110.880565 -514.472446 548.781810 -0.341878 0.892581 0.293970 -0.632110 0.013056 -0.774768 0.695382 0.450698 -0.559746
-7.373848 -106.594397 122.213724 -241.488221 -0.366236 0.877252 0.310322 -0.619756 0.018799 -0.784570 0.694099 0.479662 -0.536797
-7.977360 -104.146877 -61.986476 -4448.287154 -0.360372 0.870737 0.334588 -0.466970 0.142108 -0.872780 0.807509 0.470768 -0.355396
-7.503470 -99.464041 17.887613 -5046.514011 -0.337976 0.867906 0.364021 -0.308656 0.263176 -0.914040 0.889103 0.421281 -0.178937
-10.622285 -120.182380 -1390.083167 6542.445250 -0.370703 0.783711 0.498373 0.756893 0.565902 -0.326906 0.538231 -0.256030 0.802967
-9.297897 -107.408546 -1707.465069 6589.268817 -0.349090 0.794909 0.496242 0.601269 0.596180 -0.532020 0.718757 -0.112652 0.686074
-13.489507 -112.650683 -1026.781091 6567.475624 -0.388121 0.791486 0.472136 0.651513 0.597974 -0.466860 0.651837 -0.126405 0.747750
-15.418857 -103.811332 -597.521515 5656.399078 -0.397088 0.802642 0.445069 0.538463 0.596452 -0.595233 0.743222 -0.003293 0.669037
-15.381740 -115.131709 -401.072883 5608.582994 -0.423162 0.792410 0.439340 0.699665 0.593870 -0.397225 0.575676 -0.139301 0.805725
-11.546871 -126.561754 1331.889571 3860.037416 0.763865 -0.325712 0.557155 0.433905 0.898253 -0.069771 -0.477741 0.295048 0.827472
-7.555855 -130.295338 915.830776 319.299444 0.761831 -0.354044 0.542463 0.426735 0.904331 -0.009082 -0.487351 0.238407 0.840031
-11.112422 -126.025315 1783.677304 -1613.612559 0.754312 -0.346464 0.557652 -0.532106 -0.820172 0.210191 -0.384547 0.455280 0.803021
-12.268975 -119.323050 1608.222793 -5660.048227 0.741440 -0.327144 0.585869 -0.556585 -0.787514 0.264640 -0.374805 0.522301 0.765979
-14.031569 -127.998316 1507.306294 7565.581287 0.753400 -0.298584 0.585863 0.446608 0.886286 -0.122629 -0.482627 0.354040 0.801078
-11.632180 -135.123737 1439.181263 2893.267169 0.759397 -0.317700 0.567788 0.312738 0.943490 0.109644 -0.570537 0.094306 0.815840
-23.739012 -43.034546 -1696.338112 1039.746815 -0.365558 0.794145 0.485491 0.928117 0.350484 0.125533 -0.070466 0.496483 -0.865182
-21.519962 -40.587094 -1268.193030 225.452514 -0.407318 0.796669 0.446554 0.913134 0.346321 0.215053 0.016675 0.495359 -0.868528
-20.032833 -41.438174 -1493.966015 990.228396 -0.325166 0.831777 0.449904 0.943407 0.318127 0.093693 -0.065195 0.454908 -0.888149
-20.121943 -43.460646 -1799.141124 668.538900 -0.278392 0.843410 0.459518 0.943682 0.329245 -0.032589 -0.178780 0.424567 -0.887570
17.047924 -35.654819 -1138.084470 -1893.196936 0.009982 0.999675 0.023468 -0.675100 0.024051 -0.737334 0.737659 0.008483 -0.675120
15.548288 -37.014241 2355.627725 -1359.160998 -0.029624 0.994627 0.099198 -0.660280 0.055035 -0.749000 0.750435 0.087687 -0.655102
18.225722 -40.978031 2938.148719 -2353.546076 -0.054155 0.996834 0.058216 -0.733120 -0.000110 -0.680099 0.677940 0.079510 -0.730805
15.622635 -32.164164 133.156679 -433.142682 0.038048 0.994223 0.100364 -0.606736 0.102789 -0.788229 0.793992 0.030904 -0.607142
18.016416 -40.499747 -1389.558688 -2436.180753 -0.006114 0.999405 -0.033956 -0.745462 -0.027189 -0.665994 0.666520 -0.021241 -0.745184
13.528359 -29.482231 -2829.329161 -1677.718622 0.059354 0.998160 0.012376 -0.621523 0.046654 -0.782006 0.781144 -0.038723 -0.623148
-17.741761 -44.871052 502.084744 2066.792904 -0.314668 0.936140 -0.156926 -0.587829 -0.321995 -0.742143 0.745279 0.141284 -0.651612
-17.097043 -42.199273 -293.371571 1346.547880 -0.352295 0.890655 -0.287441 -0.465571 -0.433216 -0.771730 0.811869 0.138052 -0.567283
-19.169619 -41.457693 88.650846 1057.810114 -0.266057 0.950304 -0.161665 -0.613191 -0.296250 -0.732279 0.743781 0.095696 -0.661537
-17.673680 -40.080325 313.522526 -42.948885 -0.143157 0.989576 -0.015646 -0.719591 -0.114927 -0.684822 0.679482 0.086778 -0.728542
-17.712174 -42.981708 605.000076 977.061512 -0.238150 0.969537 -0.057296 -0.702123 -0.212624 -0.679569 0.671050 0.121611 -0.731371
7.753358 -46.318040 206.169482 -1230.028277 -0.384824 0.901138 0.199651 -0.328068 0.068640 -0.942157 0.862718 0.428063 -0.269220
9.842765 -43.270036 962.128870 -2065.787598 -0.362979 0.907463 0.211558 -0.241522 0.127657 -0.961962 0.899952 0.400268 -0.172836
6.635321 -44.113525 793.007134 -822.629087 -0.385458 0.890112 0.243150 -0.227744 0.163586 -0.959882 0.894178 0.425370 -0.139662
5.261528 -46.936206 336.961646 -1098.215684 -0.390451 0.889159 0.238630 -0.279932 0.132265 -0.950865 0.877032 0.438066 -0.197261
-65.841083 -1129.385450 2831.096111 356839.057654 0.366027 0.865984 -0.340728 -0.290561 0.454181 0.842196 -0.884080 0.209264 -0.417864
21.666658 -418.407707 -3334.181476 145751.630712 0.417637 0.852985 -0.313044 -0.234427 0.434020 0.869868 -0.877852 0.289903 -0.381225
-16.745940 -251.800698 4352.931985 85442.737819 0.369017 0.896775 -0.244176 -0.222345 0.340268 0.913663 -0.902435 0.282866 -0.324958
-34.117633 -327.158366 -6954.042827 100737.397394 0.378391 0.895212 -0.235404 -0.239909 0.340470 0.909133 -0.894015 0.287533 -0.343601
-331.438865 -3618.809537 58691.808371 1223929.319720 -0.503443 -0.663082 0.553956 -0.143309 0.696334 0.703265 -0.852061 0.274667 -0.445590
-13.395499 -129.914585 1200.179086 -42103.229244 0.758187 0.598502 0.258741 0.649794 -0.726426 -0.223770 -0.054030 -0.337788 0.939670
-15.188245 -190.622556 2379.459941 -39528.107506 -0.647921 -0.667327 -0.367251 0.754600 -0.496631 -0.428878 0.103814 -0.555007 0.825343
-25.568756 -251.015113 6116.973565 -69093.155746 -0.651765 -0.668670 -0.357887 0.758421 -0.574969 -0.306934 -0.000536 -0.471478 0.881878
-21.767348 -197.740866 7184.302078 -13042.758929 -0.652130 -0.638760 -0.408304 0.688204 -0.272907 -0.672233 0.317966 -0.719380 0.617568
-25.013120 -126.391772 -2818.027531 -42193.102364 0.802799 0.552867 0.223273 0.583540 -0.805425 -0.103784 -0.122451 -0.213606 0.969215
-57.093749 -403.878861 14323.514756 -127386.299029 -0.622307 -0.713568 -0.321799 0.775409 -0.618209 -0.128677 -0.107119 -0.329603 0.938023
-46.177602 -243.839848 13657.297744 -41810.336641 -0.628220 -0.660379 -0.411387 0.749598 -0.372080 -0.547412 0.208430 -0.652270 0.728767
-55.030997 -79.134616 742.418121 2744.817525 -0.002908 0.944763 -0.327742 0.934892 0.118892 0.334429 -0.354921 0.305431 0.883597
-46.810331 -74.992035 292.818068 2894.796607 -0.309587 -0.896557 0.316768 0.900074 -0.168882 0.401678 -0.306631 0.409469 0.859251
-41.380205 -67.747948 514.415821 4808.575138 -0.440941 -0.848521 0.292546 0.883771 -0.353602 0.306454 -0.156588 0.393671 0.905816
9.672592 -14.241327 -481.126148 239.853403 0.042589 0.858714 -0.510682 0.714266 0.331230 0.616531 -0.698577 0.391020 0.599244
8.756560 -14.046245 1790.335619 256.281464 0.110547 0.852657 -0.510642 0.719376 0.285868 0.633070 -0.685768 0.437327 0.581779
7.897199 -14.142242 574.964134 55.984674 -0.016243 0.826648 -0.562485 0.738427 0.389210 0.550673 -0.674138 0.406409 0.616741
6.236014 -16.097953 -2864.254464 -355.389434 -0.073830 0.840172 -0.537271 0.729750 0.412707 0.545103 -0.679716 0.351829 0.643586
5.685904 -16.457929 -836.723943 -736.418472 -0.215891 0.740986 -0.635871 0.739106 0.549571 0.389479 -0.638055 0.385891 0.666314
-25.064934 -54.063870 -1916.587816 -868.377140 -0.024227 0.713637 -0.700097 -0.710960 -0.504627 -0.489783 0.702815 -0.485875 -0.519593
-23.627217 -53.884263 -993.322647 -3377.361823 -0.064403 0.720365 -0.690599 -0.632952 -0.564509 -0.529813 0.771507 -0.402994 -0.492313
3.140801 -45.216211 -719.389862 -928.783243 0.253002 0.958709 0.129876 0.866311 -0.164736 -0.471558 0.430691 -0.231818 0.872219
4.482310 -46.394137 -56.227376 -935.508462 0.260704 0.958278 0.117206 0.805640 -0.149053 -0.573347 0.531956 -0.243900 0.810886
0.271782 -97.934971 -4887.210914 -11498.984155 -0.254282 0.891993 0.373750 0.138173 -0.348982 0.926887 -0.957209 -0.287333 0.034509
-2.843676 -81.317021 -4217.346202 -15663.762721 -0.247059 0.895681 0.369754 -0.074923 -0.398098 0.914278 -0.966100 -0.198178 -0.165460
4.921402 -184.782781 -2125.984327 -18268.842905 0.076946 0.945209 0.317269 0.764869 -0.260086 0.589347 -0.639574 -0.197321 0.742974
-16.298093 -94.065381 364.627995 1922.098171 -0.009064 0.953529 0.301163 -0.375104 0.275941 -0.884960 0.926938 0.120989 -0.355172
-17.356369 -90.961905 -1157.742039 2705.230736 0.038861 0.959389 0.279398 -0.526829 0.257262 -0.810104 0.849083 0.115713 -0.515431
-16.732716 -89.100625 -1112.862616 793.784377 0.055403 0.959337 0.276774 -0.686458 0.237892 -0.687155 0.725055 0.151923 -0.671725
0.658263 -58.366643 974.974220 -2827.101690 0.298051 0.945004 -0.134657 -0.865201 0.207860 -0.456313 0.403228 -0.252510 -0.879572
12.388097 -83.031449 -3578.964814 -8101.981011 -0.215511 0.888314 0.405529 0.124433 -0.386920 0.913679 -0.968541 -0.247369 0.027150
-1.244387 -52.553059 975.483861 -1821.061663 0.295662 0.949349 -0.106399 -0.296078 -0.014828 -0.955049 0.908252 -0.313874 -0.276697
-1.244813 -54.299559 604.325763 -713.027367 0.304972 0.947702 -0.094089 -0.227985 -0.023273 -0.973386 0.924670 -0.318306 -0.208965
0.847211 -44.642836 -565.320086 4209.509590 0.341141 0.939932 -0.012241 0.871429 -0.311342 0.379049 -0.352469 0.139977 0.925296
0.364165 -44.530682 145.452876 3958.899962 0.366177 0.930494 -0.009752 0.869426 -0.338372 0.360004 -0.331682 0.140304 0.932900
-0.775330 -52.424017 -1156.447467 5981.834024 0.350073 0.936721 -0.001578 0.843443 -0.314479 0.435553 -0.407496 0.153806 0.900162
-11.271922 -201.549074 2001.996928 26879.214467 0.642902 0.075902 0.762179 -0.575422 -0.608903 0.546010 -0.505536 0.789605 0.347789
-9.183505 -228.987870 1068.981440 -20204.605921 0.651754 0.063251 0.755788 0.713556 0.286550 -0.639317 -0.257009 0.955975 0.141627
-14.910199 -247.762830 2868.408557 -42067.043713 0.643697 0.068976 0.762166 0.683771 0.395416 -0.613273 -0.343674 0.915909 0.207364
-16.177719 -202.146823 1885.831955 30167.458357 0.626761 0.108793 0.771579 -0.556088 -0.631185 0.540713 -0.545835 0.767964 0.335104
-15.417128 -245.794116 3145.487475 -32099.253179 0.643249 0.102576 0.758755 0.694790 0.338187 -0.634741 -0.321710 0.935472 0.146269
27.755922 -66.848672 8649.977041 156.080454 -0.570417 -0.240055 -0.785492 -0.353993 0.934810 -0.028622 0.741157 0.261732 -0.618210
35.511728 -60.916143 4889.898423 1277.845291 -0.483210 -0.209449 -0.850082 -0.381959 0.924119 -0.010575 0.787792 0.319586 -0.526544
34.112382 -55.366960 -1950.472138 1383.815838 -0.364162 -0.220911 -0.904756 -0.313901 0.943733 -0.104083 0.876842 0.246101 -0.413016
-57.000379 -124.968329 -20317.042079 13658.016824 0.651152 -0.363926 0.666002 -0.604478 0.281940 0.745061 0.458919 0.887732 0.036399
-40.498081 -89.039333 6765.732587 -10685.095856 0.868207 -0.458762 0.189087 -0.203692 0.017973 0.978870 0.452467 0.888377 0.077842
-37.315548 -125.882150 -3881.258890 28923.620602 0.444775 -0.340812 0.828264 0.828892 -0.193684 -0.524809 0.339283 0.919964 0.196351
-19.145029 -34.844519 1338.463351 -608.172960 -0.325460 0.827411 0.457675 -0.008397 0.481479 -0.876417 0.945519 0.289082 0.149754
-19.654191 -33.503724 1739.142683 -472.879985 -0.301011 0.880415 0.366417 0.086622 0.407893 -0.908911 0.949678 0.241853 0.199043
-22.866094 -34.423658 890.687913 -392.453233 -0.249891 0.921843 0.296243 0.022391 0.311370 -0.950025 0.968015 0.230769 0.098450
-23.255625 -34.773610 790.272281 -176.687430 -0.266790 0.886361 0.378401 -0.064345 0.375374 -0.924637 0.961604 0.271032 0.043113
-10.018095 -76.903623 -307.672548 -1561.819045 0.020743 0.967317 0.252721 0.714041 0.162596 -0.680961 0.699797 -0.194578 0.687331
-9.626708 -77.449486 110.806313 90.630274 -0.002368 0.968104 0.250539 0.812853 0.147794 -0.563406 0.582464 -0.202317 0.787276
-9.478752 -81.350150 -589.948684 -721.804121 0.045042 0.961605 0.270715 0.801621 0.126919 -0.584205 0.596133 -0.243325 0.765126
-37.317819 -104.780180 9724.609862 15992.724544 -0.303596 0.584016 0.752831 0.340629 0.804434 -0.486680 -0.889832 0.108682 -0.443156
-16.982455 -70.837965 -3859.344262 -5686.153078 -0.306580 0.716596 0.626498 -0.317280 -0.697487 0.642531 -0.897408 0.001788 -0.441197
-6.815237 -66.910004 -1524.632792 2025.143342 -0.222198 0.878997 0.421891 -0.495444 -0.474470 0.727608 -0.839740 0.047350 -0.540920
-1.337989 -59.292446 2640.776150 6397.078555 0.404507 0.914317 -0.019949 0.794892 -0.340718 0.502055 -0.452240 0.218942 0.864606
0.227757 -60.854123 4082.160516 -1349.280721 0.402103 0.914480 -0.045152 0.670241 -0.260396 0.694961 -0.623770 0.309709 0.717629
15.815645 -42.807168 2682.853200 1886.022439 0.584078 -0.097125 0.805866 0.170147 0.985408 -0.004555 -0.793664 0.139776 0.592081
19.189643 -48.927663 2951.148198 976.509285 0.586640 -0.149435 0.795942 0.063497 0.988290 0.138747 -0.807355 -0.030855 0.589259
23.457226 -44.869782 760.226615 1270.521263 0.518168 -0.142097 0.843393 0.103715 0.989264 0.102953 -0.848967 0.034126 0.527342
23.746871 -43.233507 886.182963 -831.515210 0.528653 -0.172087 0.831211 0.002072 0.979493 0.201468 -0.848836 -0.104784 0.518168
71.796716 -79.357264 -2837.271748 8293.220319 0.069659 0.988038 -0.137584 -0.979791 0.041840 -0.195602 0.187505 -0.148428 -0.970984
86.267107 -93.504373 -3602.127589 8876.868017 0.022873 0.999594 -0.017009 -0.941539 0.015818 -0.336531 0.336125 -0.023712 -0.941519
83.367523 -60.931779 -11579.464745 5752.514442 0.001755 0.820678 0.571388 -0.217614 -0.557382 0.801230 -0.976033 0.125748 -0.177613
78.029346 -55.798467 -14374.890475 776.740191 -0.037190 0.871910 0.488251 -0.083021 -0.489596 0.867988 -0.995854 0.008255 -0.090595
70.630712 -44.676823 1965.086060 -1877.677954 0.229684 0.870899 0.434488 0.002271 -0.446902 0.894580 -0.973263 0.204484 0.104624
-5.024366 -46.271172 -1436.733298 12.251723 -0.091669 0.985803 -0.140673 -0.974456 -0.117890 -0.191149 0.205019 -0.119557 -0.971428
2.046455 -47.140409 -4100.540571 -762.612489 -0.055329 0.986981 -0.151024 -0.946507 -0.100004 -0.306794 0.317903 -0.125971 -0.939718
18.939462 -45.330502 2027.022552 28.573289 -0.239683 0.938488 0.248582 -0.482327 0.107105 -0.869419 0.842563 0.328283 -0.426986
15.123504 -46.582522 1848.090470 -524.387089 -0.314890 0.926370 0.206598 -0.452499 0.044817 -0.890638 0.834319 0.373938 -0.405070
9.741646 -50.333033 715.573502 -1408.205538 -0.362567 0.917185 0.165276 -0.490553 -0.037032 -0.870624 0.792403 0.396736 -0.463354
-10.870017 -59.944346 -801.062232 -1948.059098 -0.389855 0.811973 0.434410 0.747946 0.554392 -0.365002 0.537206 -0.182617 0.823445
-9.546027 -62.300248 -1700.413046 -917.857957 -0.394867 0.789610 0.469677 0.700205 0.589617 -0.402573 0.594805 -0.169908 0.785709
6.742935 -51.165521 -384.244234 1368.055877 -0.418531 0.787880 0.451750 -0.106355 0.451470 -0.885925 0.901954 0.418833 0.105159
10.300354 -82.755871 -1483.793945 2078.203240 -0.680041 0.592084 0.432412 0.423969 0.798742 -0.426921 -0.598159 -0.106994 -0.794203
13.460829 -83.595910 -719.369793 -266.724598 -0.653184 0.630600 0.419158 0.499767 0.774899 -0.386993 -0.568843 -0.043296 -0.821306
-4.306884 -115.870648 -1259.200315 121.197482 -0.325493 0.904665 0.275018 -0.631603 0.008428 -0.775246 0.703656 0.426039 -0.568646
-3.088606 -123.142385 -519.518951 -2701.098222 -0.326337 0.900312 0.287997 -0.541932 0.071431 -0.837381 0.774476 0.429343 -0.464598
-2.857210 -123.930801 182.989452 3043.729563 -0.350199 0.896695 0.270738 -0.688037 -0.050131 -0.723942 0.635583 0.439802 -0.634515
-3.799598 -121.345041 -915.677340 3866.356149 -0.339482 0.904069 0.259637 -0.741420 -0.087331 -0.665335 0.578834 0.418369 -0.699942
-7.361606 -119.363549 -1416.843904 7580.842147 -0.352828 0.787042 0.506040 0.694435 0.582725 -0.422127 0.627115 -0.202474 0.752151
-5.662734 -104.460746 -1825.970706 5589.459996 -0.325186 0.799398 0.505190 0.539255 0.595609 -0.595360 0.776826 -0.078823 0.624763
-9.826301 -129.538586 565.997856 -736.223801 0.743912 -0.362085 0.561684 -0.561639 -0.794232 0.231857 -0.362155 0.487945 0.794200
-6.241271 -126.356662 838.840142 -1874.177315 0.758879 -0.368964 0.536626 0.481443 0.872748 -0.080773 -0.438537 0.319652 0.839945
-4.555939 -121.633410 925.388108 -3389.442521 0.760659 -0.381792 0.525007 0.365708 0.920238 0.139351 -0.536335 0.086000 0.839613
-23.884951 -45.049671 -305.467884 403.292142 -0.362274 0.758430 0.541794 0.914331 0.402043 0.048574 -0.180985 0.512976 -0.839107
-21.784019 -45.441400 -929.947085 102.230765 -0.283382 0.812894 0.508821 0.916015 0.386518 -0.107337 -0.283922 0.435670 -0.854155
-21.869458 -46.530341 479.903066 -99.622221 -0.333251 0.749735 0.571700 0.893494 0.444721 -0.062386 -0.301020 0.490020 -0.818088
4.628854 -2297.733713 -5733.393497 897618.645352 -0.299638 0.157043 -0.941039 0.051288 0.987585 0.148480 0.952673 -0.003774 -0.303973
91.946230 -581.203200 -52043.821342 -59549.991969 -0.256497 0.327864 0.909238 0.862793 -0.346346 0.368284 0.435658 0.878948 -0.194042
-89.077719 -1460.978944 -18954.528170 447144.853070 -0.374377 0.218778 -0.901099 0.101606 0.975596 0.194651 0.921693 -0.018684 -0.387469
219.840166 -5445.904649 18963.734195 -1934060.766035 -0.191408 0.433488 -0.880597 0.979359 0.143723 -0.142125 0.064953 -0.889625 -0.452050
15.132399 -36.781257 1699.902138 454.979106 -0.001648 0.987115 0.160005 -0.595512 0.127570 -0.793153 0.803345 0.096592 -0.587629
-15.915952 -45.878128 1007.613197 607.753522 -0.355823 0.921713 -0.154388 -0.508143 -0.329459 -0.795769 0.784334 0.204702 -0.585591
-13.658959 -41.203528 438.031151 -2862.208975 -0.378088 0.895406 -0.235153 -0.361813 -0.376725 -0.852742 0.852139 0.237330 -0.466405
-13.318130 -40.210582 -718.543573 -1287.756897 -0.413472 0.796638 -0.440918 -0.275291 -0.570963 -0.773444 0.867903 0.198417 -0.455385
-5.527174 -31.013616 -1908.092547 354.550306 -0.372652 0.879378 0.296354 0.858885 0.205932 0.468944 0.351350 0.429287 -0.832025
-9.836389 -32.143007 -1398.007915 -95.094034 -0.511330 0.830137 0.222293 0.743694 0.297814 0.598520 0.430652 0.471359 -0.769649
-5.659244 -29.246448 -1229.892909 43.741528 -0.371491 0.878980 0.298977 0.829993 0.170103 0.531204 0.416061 0.445487 -0.792739
-5.197398 -173.592286 4873.489373 -3655.678511 -0.648611 -0.639331 -0.412989 0.678992 -0.240859 -0.693511 0.343911 -0.730235 0.590324
-38.900640 -90.021677 2131.675197 14346.941702 0.316015 -0.921732 0.224820 0.933758 0.344127 0.098349 -0.168018 0.178848 0.969424
-23.547409 -85.784654 8089.261175 18779.882043 0.246776 -0.963470 0.104054 0.968747 0.248049 -0.000731 -0.025106 0.100982 0.994571
-24.576510 -53.785693 4885.431905 11566.157487 0.035949 -0.992145 0.119812 0.995790 0.025446 -0.088063 0.084323 0.122474 0.988883
-14.236887 -36.104642 2570.375804 9384.603597 0.504727 0.850560 -0.147645 0.761357 -0.519196 -0.388293 0.406923 -0.083572 0.909632
-7.100060 -33.168910 4622.854546 8444.877995 0.569526 0.791695 -0.221040 0.711542 -0.609481 -0.349630 0.411520 -0.041844 0.910440
-15.905675 -51.384948 1730.443894 10467.554144 0.340397 0.936827 -0.080532 0.877000 -0.347210 -0.332138 0.339117 -0.042432 0.939787
-21.819618 -70.901774 652.044513 11631.103969 0.257584 0.966244 -0.004719 0.934726 -0.250413 -0.252153 0.244823 -0.060540 0.967676
-22.002555 -50.141723 798.739394 9127.329082 0.348083 0.937037 -0.028275 0.870946 -0.334397 -0.360043 0.346829 -0.100699 0.932507
10.390458 -13.016981 1010.687504 -390.886466 0.135408 0.868185 -0.477410 0.684667 0.266300 0.678466 -0.716168 0.418736 0.558358
23.068635 -48.231388 19757.174130 -393.967410 -0.400348 0.600067 -0.692562 0.803719 0.592973 0.049174 0.440179 -0.536938 -0.719681
-24.574335 -53.722152 -1325.929578 603.743764 0.012259 0.709507 -0.704592 -0.788153 -0.426784 -0.443475 0.615357 -0.560763 -0.553968
-13.011831 -47.477248 1898.255418 -274.064499 -0.109376 0.664466 -0.739271 0.849108 0.449117 0.278046 0.516772 -0.597310 -0.613326
-8.562778 -57.654222 -301.436442 -1648.122024 0.105384 0.994366 -0.011417 0.427804 -0.034969 0.903195 -0.897707 0.100067 0.429079
