17822
35637
-39.100576 -59.918129 578.138208 8437.657774 0.159934 0.987113 -0.005449 0.871836 -0.143841 -0.468201 0.462950 -0.070130 0.883605
-45.195672 -69.560348 773.503709 7166.766914 0.154763 0.987259 -0.036975 0.918010 -0.157537 -0.363923 0.365112 -0.022378 0.930695
-44.808016 -75.610715 537.522127 11273.600195 -0.076758 0.991068 0.109057 0.924108 0.111782 -0.365415 0.374342 -0.072732 0.924434
-37.324721 -54.513304 755.003548 5346.221483 0.428894 0.874437 -0.226740 0.755709 -0.484825 -0.440283 0.494929 -0.017485 0.868758
-28.439453 -75.254760 -6908.806262 15626.906165 -0.054255 0.976317 0.209433 0.877154 0.146823 -0.457214 0.477135 -0.158899 0.864346
-33.830589 -45.698696 -31.781886 5481.059707 0.354110 0.929896 -0.099496 0.758836 -0.347880 -0.550589 0.546603 -0.119467 0.828826
29.854529 -91.567935 -2392.039448 17898.286084 0.450739 -0.649479 -0.612382 0.892639 0.332171 0.304726 0.005502 -0.683988 0.729473
36.189454 -66.221252 -5386.231032 2143.300893 0.509379 -0.672101 -0.537413 0.860028 0.419184 0.290924 0.029744 -0.610381 0.791549
46.722265 -75.613056 -8077.700605 13489.286853 0.431971 -0.641938 -0.633496 0.895260 0.390201 0.215063 0.109133 -0.660045 0.743257
38.852554 -112.173641 -8464.954163 26861.522997 0.376971 -0.651497 -0.658366 0.926195 0.259375 0.273657 -0.007523 -0.712935 0.701190
-34.263558 -39.798109 -1705.823814 -514.917854 0.313668 0.926742 -0.206791 0.003699 -0.218973 -0.975724 0.949526 -0.305288 0.072113
-0.905213 -44.481792 -18487.361522 2498.682921 0.316222 0.476437 -0.820373 0.249652 0.792476 0.556467 0.915247 -0.380774 0.131655
-36.211645 -41.239482 -673.895280 -698.051756 0.348023 0.894430 -0.280848 -0.111257 -0.258053 -0.959703 0.930861 -0.365245 -0.009703
28.486136 -44.580269 3168.518034 -4934.672289 0.398573 0.776262 0.488423 0.691102 -0.604307 0.396472 -0.602924 -0.179527 0.777337
22.678972 -37.099799 3642.558971 -5909.337089 0.427025 0.736221 0.525003 0.615753 -0.661941 0.427414 -0.662192 -0.140755 0.735996
15.115544 -39.682702 1166.847097 -4449.032919 0.310157 0.862930 0.398941 0.693815 -0.492346 0.525563 -0.649941 -0.113784 0.751418
14.366336 -32.824204 1034.798704 -4459.201626 0.364526 0.800160 0.476302 0.622502 -0.589802 0.514416 -0.692540 -0.108981 0.713100
9.008284 -28.571909 81.010251 -3384.063256 0.308278 0.863459 0.399253 0.640324 -0.498727 0.584172 -0.703527 -0.075564 0.706640
-1.661904 -46.727389 -3424.489394 2071.684709 0.310161 -0.642324 -0.700871 0.336364 0.763686 -0.551039 0.889191 -0.064837 0.452920
20.809036 -45.652630 -11930.572290 832.734356 0.385490 -0.555945 -0.736425 0.374627 0.823668 -0.425705 0.843239 -0.111780 0.525788
2.997156 -46.000329 -636.111538 -575.650508 -0.227305 0.726915 0.648018 0.437601 0.670712 -0.598875 0.869965 -0.147446 0.470554
4.196202 -44.964546 -11628.088903 2865.731679 0.400855 -0.562777 -0.722909 0.248035 0.826277 -0.505712 0.881926 0.023410 0.470806
-8.939499 -46.467500 -3848.967165 139.761710 -0.168146 0.821919 0.544221 0.353225 0.565658 -0.745160 0.920304 -0.066937 0.385436
-10.746032 -43.770057 -753.295659 1549.535049 0.280737 -0.704127 -0.652221 0.262921 0.709974 -0.653307 0.923071 0.011924 0.384446
-3.897955 -40.974943 1040.117492 6330.651899 0.635184 0.750769 -0.181351 0.006884 -0.240294 -0.970676 0.772330 -0.615309 0.157800
-5.464483 -41.884719 -567.047869 1097.363834 0.643362 0.751102 -0.148090 0.140475 -0.305978 -0.941618 0.752564 -0.584998 0.302366
-4.162806 -43.182177 1133.399339 6688.868260 0.640348 0.753814 -0.147374 0.031914 -0.217819 -0.975467 0.767422 -0.619935 0.163537
-2.217807 -38.683787 309.860092 3433.662792 0.643196 0.741327 -0.191658 -0.031906 -0.224138 -0.974035 0.765036 -0.632611 0.120512
-2.364319 -41.941418 220.478438 3845.794720 0.653415 0.742672 -0.146583 -0.005290 -0.189152 -0.981934 0.756981 -0.642386 0.119667
-1.550791 -44.553222 154.622207 5769.297124 0.653254 0.745479 -0.132359 0.042918 -0.210993 -0.976545 0.755921 -0.632252 0.169827
6.512574 -44.399651 3582.137451 1177.894046 0.499983 -0.829944 -0.247407 0.710200 0.229441 0.665562 -0.495614 -0.508478 0.704143
-0.944157 -44.427498 2523.856555 2024.819206 0.452532 -0.843864 -0.288286 0.759139 0.194927 0.621057 -0.467892 -0.499897 0.728820
-3.891989 -46.011397 -2647.368288 105.496477 -0.464248 0.838534 0.285192 0.695619 0.145878 0.703444 -0.548259 -0.524958 0.651023
-8.127884 -46.056193 -2159.689740 1673.327589 -0.401850 0.855022 0.327803 0.755279 0.107076 0.646597 -0.517755 -0.507418 0.688809
-10.088705 -45.261746 -2102.075244 -923.279394 -0.418365 0.851855 0.315140 0.679156 0.063014 0.731284 -0.603090 -0.519973 0.604905
-7.666958 -42.578655 -2589.693283 -3035.605001 -0.460174 0.839965 0.287573 0.626360 0.077593 0.775663 -0.629216 -0.537064 0.561827
2.930895 -45.020471 -3985.379371 -1408.808532 -0.500168 0.828128 0.253052 0.641219 0.157809 0.750956 -0.581953 -0.537866 0.609943
29.653328 -53.046948 -6518.113772 2604.973069 0.641956 0.649192 -0.407974 -0.458317 -0.101669 -0.882955 0.614685 -0.753799 -0.232268
13.691426 -54.303389 -3925.362418 1414.385168 0.672538 0.619539 -0.404801 -0.443893 -0.099969 -0.890486 0.592158 -0.778574 -0.207776
19.647603 -52.948694 -6167.823710 3802.734046 0.662596 0.616230 -0.425708 -0.428136 -0.154741 -0.890368 0.614546 -0.772215 -0.161299
-1.973744 -88.215539 -326.627673 -9309.114273 0.063559 0.959521 0.274371 0.648822 -0.248624 0.719178 -0.758282 -0.132308 0.638360
-4.192712 -99.647420 1131.871482 -6653.185417 0.091210 0.963490 0.251729 0.814088 -0.217728 0.538383 -0.573535 -0.155824 0.804224
-3.123728 -92.651140 -21.503367 -7402.166231 0.063770 0.963341 0.260591 0.718168 -0.225610 0.658281 -0.692941 -0.145170 0.706228
-1.580888 -79.768316 374.502885 -7211.942454 0.051955 0.962305 0.266965 0.577150 -0.247094 0.778359 -0.814984 -0.113639 0.568232
-0.169685 -82.553586 59.171411 -6615.565505 0.049350 0.966635 0.251358 0.586862 -0.231703 0.775827 -0.808182 -0.109225 0.578716
-1.489120 -93.739440 -1198.288665 -6034.919717 0.046109 0.965115 0.257733 0.746295 -0.204785 0.633330 -0.664017 -0.163143 0.729703
22.997331 -51.576210 -19404.244215 -459.016664 -0.692481 -0.567559 0.445361 -0.236802 0.761940 0.602803 -0.681465 0.311968 -0.662028
23.159631 -53.096508 -17002.479592 211.489427 -0.641027 -0.650106 0.407979 -0.349349 0.720440 0.599101 -0.683404 0.241513 -0.688935
-29.875413 -55.560128 1924.824265 -4839.768930 -0.639273 -0.406402 0.652815 -0.149729 0.898472 0.412711 -0.754262 0.166089 -0.635219
259.866875 -64.659237 110724.085627 -7843.990734 0.678381 0.724175 -0.123979 -0.433189 0.530535 0.728616 -0.593420 0.440572 -0.673609
189.148881 -51.768293 101437.722510 -5281.886015 0.701464 0.693546 -0.164145 -0.365470 0.547761 0.752588 -0.611866 0.467923 -0.637705
1.524203 -32.827777 -369.324633 -5637.267533 0.663933 -0.137260 0.735087 -0.559402 0.561177 0.610041 0.496248 0.816236 -0.295800
1.283414 -33.918875 650.276625 -3987.410557 0.634972 -0.122657 0.762736 -0.611034 0.524384 0.593009 0.472703 0.842601 -0.258021
0.097003 -40.585460 -565.874502 -3139.340445 0.695063 -0.158656 0.701224 -0.578401 0.455897 0.676469 0.427012 0.875777 -0.225110
5.371040 -90.237292 525.203715 2152.451329 0.055395 0.948543 0.311766 0.057294 -0.314751 0.947443 -0.996819 0.034621 0.071782
7.317498 -93.296412 1114.749698 3632.494326 0.045923 0.951736 0.303463 0.038456 -0.305242 0.951498 -0.998204 0.032026 0.050617
5.903681 -99.382761 -803.096119 5839.947640 0.042515 0.951542 0.304565 -0.093774 -0.299694 0.949415 -0.994685 0.068925 -0.076488
4.720947 -27.033959 1408.537016 -3714.472886 0.746763 0.636008 -0.194521 0.635463 -0.595980 0.490912 -0.196293 0.490205 0.849216
1.538119 -39.108682 533.468923 -6793.722497 0.814372 0.563974 -0.136865 0.556899 -0.693077 0.457720 -0.163284 0.448974 0.878499
1.890223 -36.016704 1108.143871 -6053.408977 0.759632 0.624718 -0.180792 0.625356 -0.625316 0.466808 -0.178572 0.467662 0.865682
2.825523 -36.320979 61.274374 -6560.558344 0.844873 0.523439 -0.110455 0.499921 -0.699012 0.511333 -0.190442 0.487231 0.852255
8.379827 -26.228890 3317.890023 -2187.353693 0.751007 0.627820 -0.204525 0.626569 -0.579873 0.520728 -0.208325 0.519219 0.828862
5.498146 -30.335243 687.216189 135.437127 0.763585 0.622804 -0.170448 0.601852 -0.590857 0.537273 -0.233906 0.512838 0.826005
3.524337 -117.883512 3158.686750 2042.845624 -0.085656 0.947272 -0.308770 -0.732016 -0.270069 -0.625472 0.675881 -0.172449 -0.716551
8.801502 -127.302416 3559.165901 15216.732765 -0.084988 0.943555 -0.320126 -0.684850 -0.288682 -0.669062 0.723711 -0.162376 -0.670728
2.931117 -120.557532 2546.758917 12752.202792 -0.105621 0.932079 -0.346516 -0.619115 -0.334326 -0.710579 0.778165 -0.139481 -0.612376
5.426537 -132.295077 3266.007759 1818.784891 -0.071200 0.950398 -0.302776 -0.773889 -0.244144 -0.584371 0.629306 -0.192708 -0.752886
-2.661261 -116.441075 1558.249990 -1955.576978 -0.111054 0.942825 -0.314242 -0.722068 -0.293807 -0.626335 0.682851 -0.157347 -0.713412
37.165579 -37.291889 4593.483734 -1734.982418 0.180417 0.109930 -0.977428 0.130745 0.982236 0.134605 0.974862 -0.152079 0.162840
37.375824 -41.151154 7478.992208 2463.547392 0.220048 -0.157285 -0.962725 0.111892 0.984472 -0.135263 0.969051 -0.077957 0.234230
22.863434 -35.382468 7043.579949 820.833513 0.178972 0.015185 -0.983737 -0.004754 0.999883 0.014569 0.983843 0.002070 0.179023
43.304492 -43.041906 2476.856157 -1296.569608 0.112360 0.368431 -0.922840 0.154480 0.910953 0.382494 0.981586 -0.185537 0.045439
62.814662 -43.627773 3006.014087 -1257.176940 0.196929 0.093849 -0.975916 0.251644 0.957222 0.142831 0.947573 -0.273710 0.164888
23.134108 -45.535956 -2860.224659 -818.223630 0.163775 0.383636 -0.908846 0.024259 0.919441 0.392480 0.986199 -0.086326 0.141274
19.920973 -40.471802 976.836153 -498.536373 0.172766 0.218351 -0.960455 0.012131 0.974573 0.223743 0.984888 -0.050306 0.165724
3.910894 -228.895653 -1077.994735 37220.634680 -0.064155 0.875923 -0.478167 -0.543786 0.371084 0.752724 -0.836768 -0.308311 -0.452508
1.574942 -248.461101 -916.166523 54387.114312 -0.101071 0.880055 -0.463992 -0.718459 0.258044 0.645934 -0.688187 -0.398644 -0.606203
1.725573 -309.792702 -1565.215312 74213.987572 -0.053998 0.876164 -0.478979 -0.770027 0.268851 0.578600 -0.635723 -0.400070 -0.660152
4.821443 -222.970158 -455.672572 35568.366192 -0.060974 0.883834 -0.463811 -0.591054 0.342475 0.730319 -0.804324 -0.318667 -0.501511
6.599157 -173.696553 186.272945 5429.623755 -0.057029 0.891615 -0.449188 -0.393765 0.393361 0.830793 -0.917440 -0.224254 -0.328654
6.472023 -175.830820 69.121862 -1606.087821 -0.087666 0.896472 -0.434342 -0.343426 0.382091 0.857942 -0.935079 -0.224377 -0.274376
-30.844888 -152.816049 2175.764797 10472.630082 -0.168061 0.982634 0.078652 0.958739 0.181489 -0.218816 0.229290 -0.038632 0.972591
-28.671917 -121.537558 6309.518306 -10192.708805 0.023300 0.999580 -0.017229 0.993582 -0.025061 -0.110300 0.110685 0.014548 0.993749
-43.498572 -119.035617 1931.635117 -10428.172265 0.255058 -0.966749 -0.018511 0.966893 0.254843 0.013175 -0.008020 -0.021259 0.999742
8.919991 -40.316209 3442.587445 3616.420109 0.507503 -0.826849 -0.242407 0.758370 0.295079 0.581208 -0.409042 -0.478799 0.776812
18.100069 -40.616010 4273.425816 2586.831855 0.535716 -0.821803 -0.194030 0.713944 0.318133 0.623759 -0.450880 -0.472685 0.757150
17.044452 -34.681617 3812.401724 4709.464205 0.543977 -0.815048 -0.199466 0.755740 0.372596 0.538543 -0.364618 -0.443700 0.818648
-20.298889 -41.124970 -990.992971 1917.559783 -0.265003 0.884424 0.384145 -0.267600 0.315283 -0.910487 0.926371 0.344079 -0.153121
-22.561458 -37.904371 -620.776764 1430.056991 -0.253668 0.822959 0.508321 -0.377786 0.399483 -0.835279 0.890466 0.403920 -0.209567
-21.512587 -43.491289 -517.850540 1992.544655 -0.306076 0.868227 0.390512 -0.241596 0.325932 -0.914002 0.920841 0.374101 -0.110000
27.935309 -45.084537 -3046.672353 3982.856136 0.542870 -0.229408 0.807877 -0.100590 0.937280 0.333747 -0.833771 -0.262445 0.485745
27.805932 -49.823049 -6135.824236 4141.070587 0.488243 -0.269786 0.829960 -0.144044 0.913061 0.381536 -0.860738 -0.305834 0.406935
17.702608 -44.164960 -5732.033990 4046.068118 0.470166 -0.312943 0.825234 -0.065769 0.920003 0.386352 -0.880124 -0.235925 0.411972
19.756186 -37.007770 -5380.917758 3675.877339 0.494155 -0.272647 0.825515 -0.008134 0.948060 0.317989 -0.869336 -0.163850 0.466270
-20.958575 -47.798102 -2508.638369 1258.420077 0.130849 0.515688 -0.846725 0.576351 0.655348 0.488199 0.806659 -0.551891 -0.211466
-23.225503 -49.236149 -1281.130896 -1077.652860 0.134215 0.540880 -0.830322 0.503750 0.684321 0.527201 0.853359 -0.489033 -0.180622
-21.768840 -48.895621 1495.929026 -577.312891 0.162610 0.558497 -0.813412 0.556324 0.628957 0.543063 0.814900 -0.540828 -0.208431
-22.067062 -48.673345 3470.367616 -1200.925648 0.171977 0.550913 -0.816651 0.497101 0.667179 0.554763 0.850479 -0.501365 -0.159120
-21.465498 -46.832008 2749.147460 -1066.702396 0.202872 0.555145 -0.806633 0.556292 0.612580 0.561503 0.805843 -0.562636 -0.184547
-1.929889 -55.984372 2422.605959 3271.706968 0.555862 0.750465 -0.357520 0.578217 -0.040063 0.814898 0.597229 -0.659695 -0.456201
0.558459 -52.071156 1270.201564 -2412.004102 0.596089 0.735329 -0.322443 -0.502396 0.028322 -0.864174 0.626320 -0.677118 -0.386309
0.027459 -52.744550 2358.467923 -3027.421294 0.571267 0.742243 -0.350328 -0.506893 -0.016650 -0.861848 0.645534 -0.669924 -0.366726
-2.486270 -57.717587 1257.103984 -4441.146701 0.568244 0.732460 -0.374968 -0.560623 0.011055 -0.827998 0.602329 -0.680721 -0.416916
-2.275475 -53.191586 1034.901759 -2526.720483 0.581544 0.728839 -0.361387 -0.494076 -0.036487 -0.868653 0.646294 -0.683713 -0.338883
0.151747 -45.412748 2989.316730 -1832.543595 0.588975 0.747198 -0.307903 -0.409452 -0.052577 -0.910816 0.696748 -0.662519 -0.274974
-5.113801 -94.881998 -4606.026297 3230.926428 0.299886 0.952339 0.055838 -0.744493 0.270231 -0.610496 0.596489 -0.141508 -0.790048
-8.945191 -87.153777 -4403.802178 5396.459393 0.263868 0.962818 0.057919 -0.852009 0.260807 -0.453939 0.452166 -0.070433 -0.889148
-8.762163 -89.736789 -4888.432753 6037.468348 0.276199 0.958837 0.065925 -0.794665 0.266412 -0.545465 0.540575 -0.098269 -0.835537
-7.967005 -95.441259 -3277.171216 -823.684639 0.289570 0.952305 0.096254 -0.594065 0.257661 -0.762035 0.750490 -0.163481 -0.640342
-3.692790 -99.792041 -2290.401101 1322.796950 0.300863 0.948283 0.101194 -0.591597 0.268810 -0.760102 0.747994 -0.168820 -0.641876
107.209471 -52.326682 24719.751119 6362.707909 -0.370108 0.434808 0.820952 0.846730 -0.205671 0.490661 0.382189 0.876722 -0.292044
144.617704 -80.750235 14398.839669 7481.936389 -0.190322 0.692945 0.695417 0.880888 -0.192163 0.432562 0.433375 0.694910 -0.573834
132.293259 -61.253498 18923.211147 3426.088774 -0.377337 0.643656 0.665825 0.742299 -0.219674 0.633037 0.553723 0.733110 -0.394894
-101.387727 -370.603864 20279.115602 93411.737882 0.242755 -0.032789 -0.969533 -0.571383 0.802837 -0.170217 0.783958 0.595296 0.176158
-39.773326 -1330.194437 760.416212 503738.495266 0.229530 -0.068227 -0.970907 -0.330144 0.932942 -0.143608 0.915599 0.353502 0.191613
-36.055639 -335.412440 -2729.627542 -105481.111067 -0.185387 -0.131050 0.973888 0.772422 -0.632078 0.061982 0.607451 0.763743 0.218405
-71.060672 -356.027715 -10883.586570 -103053.227663 -0.264752 -0.204235 0.942441 0.866765 -0.478736 0.139747 0.422639 0.853873 0.303771
-2.069501 -84.087321 8092.579394 15203.813352 0.118691 0.934687 0.335071 -0.599974 -0.201373 0.774261 -0.791166 0.292932 -0.536887
-59.927482 -101.015423 27267.042772 13940.092361 0.113403 0.898510 0.424051 -0.578770 -0.287170 0.763255 -0.807567 0.331983 -0.487465
-8.512261 -56.453579 5699.369730 -270.086176 -0.013935 0.868328 0.495795 -0.536096 -0.425041 0.729343 -0.844042 0.255630 -0.471430
4.198073 -50.945466 -1765.033462 4609.125681 0.026215 0.947792 0.317808 -0.571324 -0.246674 0.782777 -0.820306 0.202092 -0.535030
9.346969 -76.928994 293.230896 14232.577832 0.079947 0.946563 0.312452 -0.639560 -0.191719 0.744451 -0.764573 0.259348 -0.590057
14.470519 -6.159609 565.553965 2161.757113 0.500297 -0.028411 0.865388 0.622030 -0.683462 -0.382046 0.602314 0.729433 -0.324261
12.328352 -8.624411 -375.994256 1352.653469 0.509262 -0.019437 0.860392 0.638190 -0.662193 -0.392701 0.577378 0.749082 -0.324825
12.547015 -6.824718 -1593.777227 -1150.024315 0.630391 -0.087266 0.771357 -0.544215 0.658904 0.519303 0.553568 0.747148 -0.367876
38.513918 2.404614 13498.732556 -1604.022094 0.786854 -0.583792 -0.200119 -0.503231 -0.419244 -0.755641 -0.357238 -0.695285 0.623666
16.439335 -17.933078 5765.027232 8421.514851 0.421376 -0.696155 -0.581214 0.834233 0.046204 0.549473 -0.355664 -0.716403 0.600225
16.826199 -8.643715 -1293.541398 8317.557934 0.613278 -0.720061 -0.324656 0.681033 0.273840 0.679122 -0.400105 -0.637592 0.658325
-40.678467 -46.859722 -4204.787755 -8390.765584 -0.418078 0.881224 0.220579 -0.312572 -0.367541 0.875907 -0.852942 -0.297251 -0.429107
-42.934331 -77.515281 3318.148350 -6913.437172 -0.134661 0.949369 -0.283838 -0.291632 0.235788 0.927014 -0.947004 -0.207609 -0.245115
-38.962107 -56.086032 2553.159742 -9937.745175 -0.139818 0.982957 -0.119361 -0.365682 0.060763 0.928754 -0.920178 -0.173505 -0.350953
-20.402695 -38.103159 -17133.081556 506.111807 -0.560416 0.427076 0.709606 0.032647 0.867518 -0.496332 -0.827567 -0.254986 -0.500114
-32.765344 -42.721003 1931.528353 -7081.489332 -0.090808 0.991353 -0.094723 -0.412311 0.049155 0.909716 -0.906506 -0.121665 -0.404283
-3.474569 -27.386172 -8992.464296 -5861.247236 -0.392706 -0.605249 0.692427 -0.368566 0.793382 0.484463 -0.842580 -0.064954 -0.534640
4.741558 -43.566759 -3020.664858 4884.954836 -0.331629 -0.610790 0.718997 -0.277875 0.791557 0.544263 -0.901558 -0.019298 -0.432227
-0.271519 -31.915766 751.558823 -7789.360094 -0.264393 -0.677026 0.686828 -0.455532 0.715388 0.529822 -0.850051 -0.172791 -0.497550
-91.398843 -571.677457 -47214.392750 279275.617000 -0.212499 0.969235 0.124206 -0.064741 -0.140795 0.987920 -0.975014 -0.201891 -0.092668
-19.107965 -154.645597 -13068.742452 74260.463780 -0.085035 0.978984 0.185361 -0.156629 -0.196856 0.967840 -0.983990 -0.053267 -0.170077
-62.453931 -336.587723 -23515.023687 127459.213680 0.020381 0.998926 -0.041612 -0.229084 0.045180 0.972358 -0.973193 0.010285 -0.229759
-131.257880 -667.306392 -31002.713205 296279.963782 -0.035667 0.986681 -0.158708 -0.166948 0.150695 0.974382 -0.985320 -0.061250 -0.159349
-123.443653 -923.980156 -18151.817623 402083.549567 -0.066800 0.994765 -0.077331 -0.047531 0.074243 0.996107 -0.996634 -0.070215 -0.042323
15.266958 -6.146065 -1748.808936 -1453.775626 0.340002 0.718726 0.606490 0.479934 -0.687218 0.545339 -0.808741 -0.105659 0.578597
14.019556 -2.672548 -1926.115309 1942.869008 0.332932 0.687906 0.644935 -0.453278 0.716502 -0.530249 -0.826859 -0.115798 0.550359
12.130149 -2.665259 1968.353993 -2255.698961 0.336913 0.762107 0.552886 0.496355 -0.642756 0.583520 -0.800076 -0.077832 0.594828
-10.770027 -38.183805 -979.123465 -547.600886 -0.323000 0.906181 0.272961 0.932501 0.353979 -0.071700 -0.161596 0.231377 -0.959349
-12.445760 -40.422123 -2030.933910 455.657897 -0.332563 0.897959 0.288221 -0.914626 -0.381604 0.133555 -0.229914 0.219199 -0.948204
-11.896084 -37.863440 -1969.287908 309.455220 -0.390621 0.874926 0.286217 0.908496 0.416552 -0.033453 -0.148493 0.246959 -0.957581
-14.495310 -39.328332 -1144.899592 875.695285 -0.410821 0.860227 0.302051 0.908432 0.414319 0.055602 -0.077315 0.297235 -0.951669
-0.760642 -63.578769 349.096758 1028.389394 -0.440374 0.869381 -0.224158 -0.850691 -0.483870 -0.205414 0.287047 -0.100230 -0.952658
2.673098 -65.069470 -1113.450746 3995.912289 -0.455854 0.856694 -0.241399 -0.819290 -0.509863 -0.262306 0.347796 -0.078203 -0.934303
-0.069260 -63.760349 206.877889 -1916.481622 -0.451412 0.863147 -0.226286 -0.843654 -0.495444 -0.206842 0.290647 -0.097536 -0.951846
3.327779 -62.389269 -1509.079617 1204.932163 -0.466389 0.848342 -0.250593 -0.839447 -0.513795 -0.177039 0.278943 -0.127791 -0.951767
-2.595501 -76.200418 -5339.646926 14980.782039 -0.423466 0.880818 0.211744 0.120667 0.286496 -0.950452 0.897840 0.376934 0.227607
-3.460182 -68.391272 -822.447514 10463.714492 -0.469328 0.871062 0.144850 0.087570 0.209143 -0.973956 0.878671 0.444421 0.174436
-12.820793 -85.812651 1621.145663 12074.371988 -0.474307 0.868209 0.145760 0.217136 0.275824 -0.936362 0.853162 0.412473 0.319345
13.027139 -97.161795 -7561.145390 271.513456 0.705312 -0.702095 -0.097966 0.260006 0.127645 0.957133 0.659494 0.700549 -0.272578
18.145548 -94.543927 4582.792245 -2926.118263 -0.695587 0.712585 0.091545 -0.151916 -0.021344 -0.988163 0.702196 0.701261 -0.123100
12.834399 -90.781993 -7402.759917 2737.669450 0.715378 -0.695065 -0.071550 0.117671 0.018904 0.992873 0.688758 0.718699 -0.095312
3.938651 -95.571382 -3627.504400 627.369010 0.689337 -0.718584 -0.091929 0.345619 0.214690 0.913486 0.636680 0.661472 -0.396350
10.989558 -98.836977 -6299.619152 -1782.654802 0.687913 -0.715282 -0.123073 0.419808 0.253809 0.871403 0.592061 0.651117 -0.474880
4.954950 -149.382729 1163.973550 -14835.338593 0.499204 -0.846073 -0.186965 0.850781 0.437718 0.290818 -0.164215 -0.304243 0.938333
4.469715 -164.334442 1299.137748 -20780.170438 0.486225 -0.855233 -0.179338 0.871375 0.459149 0.172883 -0.065512 -0.240331 0.968478
4.170258 -164.005528 -195.977511 -11804.183768 0.484622 -0.859157 -0.164290 0.870845 0.491555 -0.001777 0.082284 -0.142210 0.986410
13.969669 -88.159801 1052.019957 7505.813698 -0.648574 0.756875 0.080571 0.682293 0.531192 0.502307 0.337385 0.380757 -0.860927
11.559791 -96.074661 -688.827757 4622.416469 0.679840 -0.730242 -0.067553 0.675597 0.587797 0.445043 0.285281 0.348196 -0.892958
12.415688 -99.067998 545.023491 9659.814018 -0.674492 0.737139 0.041076 0.701755 0.622843 0.345842 0.229350 0.262093 -0.937393
-5.788077 -31.052571 -2983.655191 970.466948 -0.042403 -0.227423 -0.972872 -0.463682 0.867010 -0.182466 0.884987 0.443366 -0.142216
-8.224884 -28.360026 -3036.808877 1549.000851 -0.007069 -0.278924 -0.960287 -0.537757 0.810690 -0.231514 0.843070 0.514765 -0.155724
-0.210965 -28.081292 -1220.579455 1825.535290 -0.053795 -0.208377 -0.976568 -0.518783 0.841470 -0.150973 0.853212 0.498505 -0.153369
2.623460 -29.399961 -2226.041964 1030.876895 -0.063987 -0.171086 -0.983176 -0.473163 0.872619 -0.121053 0.878648 0.457457 -0.136787
4.261704 -25.521900 -1376.684350 1514.936790 -0.085664 -0.150165 -0.984943 -0.529434 0.844313 -0.082678 0.844015 0.514379 -0.151829
0.241958 -91.853059 -817.634721 -3949.406602 0.599412 0.800395 -0.008531 -0.709937 0.536531 0.456206 -0.369722 0.267399 -0.889833
1.182107 -96.572327 -1329.076704 -3059.745014 0.607666 0.793870 -0.022626 -0.674534 0.530940 0.512940 -0.419221 0.296434 -0.858126
1.694473 -101.285731 -1119.921076 -7234.011254 0.584352 0.811497 0.002364 -0.650067 0.466360 0.599934 -0.485742 0.352109 -0.800046
-13.581263 -105.276736 1793.443686 4070.386568 -0.651959 0.748087 0.123756 0.361432 0.163120 0.918019 -0.666571 -0.643240 0.376730
-12.988306 -105.796124 796.642645 -5868.185701 0.705803 -0.698353 -0.118937 -0.368274 -0.218288 -0.903728 -0.605158 -0.681655 0.411253
-12.063414 -84.454598 -1142.608440 -4690.671116 0.643796 -0.749850 -0.152483 -0.491343 -0.252334 -0.833613 -0.586608 -0.611598 0.530885
19.533163 -46.854373 2871.888379 2054.221943 -0.512218 0.789923 0.337125 0.849229 0.524431 0.061492 -0.128225 0.317794 -0.939450
14.274784 -45.805035 6709.381245 1561.352771 -0.522524 0.750345 0.404908 0.842648 0.526896 0.111014 -0.130046 0.399202 -0.907593
13.572058 -47.943843 6246.664495 1186.299291 -0.508190 0.768265 0.389246 0.829890 0.557663 -0.017190 -0.230275 0.314296 -0.920973
20.246996 -44.848888 4280.496864 1344.917440 -0.530240 0.769569 0.355821 0.845739 0.509667 0.158003 -0.059756 0.384712 -0.921101
17.292941 -50.125097 13.657286 -1620.100702 -0.499261 0.810970 0.305067 -0.835067 -0.544270 0.080212 -0.231088 0.214704 -0.948947
24.242471 -45.596727 -3086.405246 1666.086395 -0.521213 0.807452 0.276330 0.853180 0.500787 0.145936 -0.020545 0.311823 -0.949918
18.518774 -48.793016 -3111.153617 1348.353748 -0.498144 0.827494 0.259047 0.857762 0.513991 0.007585 -0.126871 0.225979 -0.965835
3352.893798 -79.322088 1408911.853147 -364.928330 0.686812 0.508163 0.519673 0.597848 0.011653 -0.801525 0.413361 -0.861182 0.295800
31154.621393 -1234.968303 13334302.247943 -561271.100004 0.874605 0.385180 0.294454 0.358869 -0.105936 -0.927357 0.326006 -0.916741 0.230882
1297.179364 -35.159357 -43771.746147 -3213.999114 0.825931 -0.320314 0.463936 0.478860 -0.035723 -0.877164 -0.297541 -0.946638 -0.123881
1305.589455 -49.133424 251739.475411 -6826.716520 0.838411 -0.284972 0.464606 0.487343 0.010256 -0.873150 -0.244058 -0.958481 -0.147478
10.455213 -177.278148 -1720.767518 -3039.011652 0.627415 0.762470 0.158080 -0.303625 0.052607 0.951338 -0.717051 0.644881 -0.264511
10.611999 -162.961674 -1200.652367 -13894.676044 0.634814 0.767082 0.092714 -0.456792 0.275807 0.845737 -0.623179 0.579237 -0.525483
13.532263 -200.656719 -2165.348117 -18897.470625 0.640618 0.753800 0.146263 -0.445925 0.210151 0.870050 -0.625107 0.622593 -0.470765
19.065243 -208.135086 -4768.983062 2534.126891 0.619527 0.763383 0.182847 -0.233054 -0.043556 0.971488 -0.749581 0.644476 -0.150925
25.000455 -31.677391 8642.124075 -2184.440148 0.852993 -0.253901 -0.456000 -0.068669 0.811504 -0.580298 -0.517385 -0.526303 -0.674773
35.828153 -31.049085 -3667.148119 -2315.673762 -0.754209 0.498031 0.427941 0.109640 0.738085 -0.665740 -0.647416 -0.455187 -0.611274
41.250620 -30.826220 10547.257013 -2745.740585 0.847790 -0.354255 -0.394658 -0.005975 0.737744 -0.675054 -0.530298 -0.574663 -0.623335
9.977644 -67.549194 4198.754896 -1797.613271 0.862325 0.173507 0.475700 -0.219080 0.974821 0.041581 -0.456508 -0.140073 0.878624
-7.338729 -78.894762 -1863.697512 -7270.508557 0.780731 0.413915 0.468117 -0.369587 0.909941 -0.188181 -0.503850 -0.026092 0.863397
9.375433 -78.926714 -3349.767464 -2838.724599 0.763497 0.448999 0.464189 -0.463905 0.881354 -0.089484 -0.449293 -0.147019 0.881204
32.825099 -66.994238 1946.440229 1269.868701 0.860095 0.174535 0.479348 -0.289048 0.940994 0.176014 -0.420343 -0.289943 0.859793
32.837064 -58.349935 5863.430978 -735.194100 0.873464 -0.075191 0.481047 -0.052560 0.967668 0.246690 -0.484043 -0.240759 0.841271
-62.839437 -97.809137 -1623.547694 -22569.947923 -0.122449 0.683026 0.720056 -0.521662 -0.661506 0.538776 -0.844319 0.309653 -0.437310
-54.849034 -118.510761 3950.351787 -6265.679190 -0.605629 -0.548648 0.576367 -0.163270 0.794575 0.584802 -0.778818 0.260070 -0.570795
-22.676598 -263.946014 -3875.987296 78913.377717 0.448015 0.856209 -0.257273 -0.666833 0.511707 0.541748 -0.595497 0.071153 -0.800200
-18.273568 -379.633209 -22837.753251 -150221.565448 0.270346 0.960771 0.061911 -0.779015 0.180510 0.600459 -0.565728 0.210562 -0.797255
-16.731208 -2621.128127 -2252.777480 -530426.634296 0.569037 0.790595 -0.226177 0.821940 -0.538569 0.185359 0.024732 -0.291380 -0.956288
5.834527 -37.873865 -294.826143 -3838.597776 -0.670776 0.631481 0.388962 0.737987 0.620429 0.265410 -0.073722 0.465079 -0.882194
10.052442 -30.192628 2970.155862 -4048.282801 0.791852 -0.523022 -0.315306 0.602335 0.754072 0.261854 -0.100808 0.397269 -0.912148
6.645122 -38.316197 1221.452203 -4041.145776 0.752574 -0.562538 -0.342321 0.656230 0.683873 0.318872 -0.054726 0.464616 -0.883819
-1.435393 -43.446198 240.647851 -2035.101151 -0.702199 0.608887 0.369017 0.711925 0.593954 0.374675 0.008956 0.525809 -0.850556
-0.572230 -43.152816 884.290618 -1914.364203 -0.609449 0.677596 0.411626 0.792795 0.525390 0.308935 -0.006931 0.514615 -0.857393
-13.571097 -35.796931 725.013527 2436.153279 -0.298237 0.936108 0.186428 0.950490 0.273400 0.147723 0.087315 0.221255 -0.971299
-10.729246 -35.952601 1276.306704 1345.570304 -0.357916 0.911100 0.204434 0.933340 0.342564 0.107360 0.027784 0.229232 -0.972975
-9.699643 -33.362453 1331.117786 1888.138425 -0.328341 0.918366 0.220899 0.939856 0.294337 0.173314 0.094147 0.264519 -0.959774
-10.456662 -33.615960 -975.126280 1595.171955 0.705892 -0.660781 -0.255117 0.477306 0.177628 0.860597 0.523350 0.729258 -0.440781
-7.593513 -33.192331 -209.934276 2560.188684 0.644074 -0.668921 -0.371097 0.552904 0.071828 0.830144 0.528646 0.739855 -0.416111
-5.283555 -27.253264 -1245.841393 2037.036124 0.649463 -0.656025 -0.384485 0.521724 0.016604 0.852953 0.553175 0.754556 -0.353048
16.664805 -158.186699 -1453.382769 17472.361802 -0.435713 0.897232 0.071619 0.632599 0.248654 0.733478 -0.640292 -0.364892 0.675930
16.892060 -211.531574 -1935.672221 30013.020103 -0.460652 0.887562 0.005787 0.372503 0.187406 0.908912 -0.805631 -0.420847 0.416948
19.809497 -172.291896 -386.362164 23938.014765 -0.389003 0.920717 0.030923 0.612199 0.233280 0.755508 -0.688396 -0.312826 0.654409
-129.829032 -140.898980 -37507.117103 38996.529458 0.982309 0.041462 0.182617 -0.064343 0.990539 0.121210 -0.175864 -0.130816 0.975684
-33.364289 -92.173792 15980.061129 -9894.295963 -0.618880 0.785218 -0.020496 0.761590 0.606236 0.229040 -0.192272 -0.126139 0.973201
-61.753548 -140.170047 -21211.817371 37318.307774 0.957975 -0.187604 0.216998 0.143409 0.968387 0.204111 -0.248430 -0.164414 0.954594
-112.826823 -345.249989 -20782.189048 -117455.225238 0.944183 0.166228 0.284406 0.235311 -0.944522 -0.229145 -0.230537 -0.283279 0.930917
-177.937700 -356.259001 -27074.193712 -110855.284490 0.890359 0.419769 0.176224 0.451756 -0.862562 -0.227825 -0.056370 -0.282456 0.957623
31.246613 -98.386763 1340.460232 3894.603235 -0.669041 0.714443 0.204832 -0.080374 -0.343532 0.935695 -0.738867 -0.609555 -0.287260
33.372202 -97.807441 -3104.861713 2788.832131 -0.712095 0.680728 0.171845 0.024178 -0.220843 0.975010 -0.701667 -0.698454 -0.140803
27.514850 -103.153313 -2405.788106 1004.713984 -0.715380 0.673342 0.186661 -0.043130 -0.309185 0.950023 -0.697403 -0.671577 -0.250226
-54.353728 -89.709114 1957.537667 8520.124328 -0.256881 0.962746 0.084454 0.944627 0.268584 -0.188525 0.204185 -0.031349 0.978430
-42.677458 -72.524345 -1434.764115 6983.653724 0.240079 0.962433 -0.126827 0.919860 -0.267289 -0.287077 0.310192 0.047742 0.949474
-51.121618 -77.974332 388.590629 2876.654713 0.075331 0.996997 -0.017954 0.979838 -0.077352 -0.184211 0.185046 0.003716 0.982723
-41.371215 -64.897180 17.508501 7918.863620 0.353172 0.907517 -0.227339 0.831840 -0.415812 -0.367617 0.428149 0.059278 0.901762
-0.638327 -43.546984 -17838.342713 6.736664 0.265095 0.395611 -0.879327 0.349666 0.810435 0.470031 0.898587 -0.432074 0.076511
20.480430 -55.061571 -22504.582180 -341.282761 0.390891 0.432048 -0.812735 0.262511 0.793986 0.548337 0.882209 -0.427692 0.196945
-0.141073 -133.094762 1791.069145 -6474.984970 -0.092082 0.987728 -0.126156 0.146656 0.138765 0.979406 -0.984892 -0.071685 0.157634
0.039173 -135.478985 1982.055915 438.590552 -0.084766 0.987025 -0.136367 0.432238 0.159738 0.887499 -0.897767 -0.016286 0.440170
3.407413 -137.097262 1433.996651 -1317.075550 -0.095867 0.988304 -0.118593 0.303297 0.142479 0.942184 -0.948062 -0.054355 0.313408
4.628331 -135.767658 1449.479050 2046.884163 -0.095625 0.988419 -0.117831 0.542906 0.151005 0.826105 -0.834331 -0.015025 0.551059
3.376884 -130.592809 1443.643146 -6083.849860 -0.092828 0.989443 -0.111289 0.016121 0.113250 0.993436 -0.995552 -0.090424 0.026464
6.217138 -137.222687 1359.210834 1376.430429 -0.087711 0.989744 -0.112756 0.421374 0.139430 0.896105 -0.902636 -0.031085 0.429282
4.938873 -131.571619 1000.719815 -1377.476495 -0.094760 0.989885 -0.105581 0.157509 0.119631 0.980245 -0.982961 -0.076258 0.167252
47.880440 -42.353096 -18062.562010 -2338.306684 0.372417 -0.585096 -0.720394 0.515062 0.776021 -0.364009 0.772022 -0.235485 0.590364
10.338145 -43.249631 2389.738156 -1231.110309 -0.232270 0.743312 0.627326 0.522357 0.639390 -0.564202 0.820484 -0.196641 0.536785
31.430650 -43.490475 -16555.652910 4440.990053 0.416358 -0.409252 -0.811886 0.184224 0.912418 -0.365453 0.890341 0.002591 0.455287
-4.915695 -43.367017 -21.245839 6958.110475 0.637992 0.744923 -0.195077 0.015491 -0.265698 -0.963932 0.769887 -0.611959 0.181053
-5.656052 -46.892609 -2146.852534 -4546.911667 0.653266 0.743210 -0.144505 0.251155 -0.392771 -0.884676 0.714258 -0.541636 0.443245
-5.286371 -48.042418 -678.013000 -4287.661953 0.644602 0.752265 -0.136326 0.247739 -0.374228 -0.893632 0.723266 -0.542264 0.427594
-7.750694 -47.774546 -2792.199427 -3343.185732 0.649489 0.743878 -0.157510 0.234237 -0.392814 -0.889286 0.723393 -0.540687 0.429372
2.686118 -39.152978 2563.751314 3434.748489 0.453567 -0.842664 -0.290162 0.803042 0.245219 0.543130 -0.386523 -0.479359 0.787918
-5.232673 -41.044806 2158.812586 2552.436056 0.377601 -0.861161 -0.340323 0.821626 0.142109 0.552029 -0.427023 -0.488065 0.761212
3.226784 -46.608364 310.575491 -761.350287 0.565212 0.814800 -0.128983 0.711322 -0.560555 -0.424026 0.417799 -0.147917 0.896418
3.346227 -47.208267 62.739340 -4501.282259 0.572667 0.810374 -0.123878 0.750335 -0.579002 -0.318991 0.330228 -0.089726 0.939627
2.615960 -49.572480 316.833319 -1021.056546 0.551711 0.823638 -0.131284 0.769243 -0.563337 -0.301525 0.322304 -0.065365 0.944377
2.406044 -49.004182 756.361757 -1508.183943 0.551635 0.820463 -0.150134 0.720775 -0.559490 -0.409212 0.419742 -0.117523 0.900003
3.018936 -49.477848 640.518889 2411.915464 0.576152 0.802330 -0.155935 0.638487 -0.560916 -0.526979 0.510278 -0.204058 0.835450
4.848569 -45.424687 667.137347 3392.804122 0.595220 0.790002 -0.147007 0.611753 -0.564114 -0.554558 0.521030 -0.240152 0.819057
-3.039744 -102.847846 35.256417 -11074.193785 0.075416 0.957217 0.279370 0.767803 -0.234506 0.596227 -0.636232 -0.169536 0.752639
-2.077207 -116.261606 986.768016 10651.523235 0.048998 0.988042 0.146192 -0.087414 -0.141564 0.986062 -0.994966 0.061094 -0.079433
-1.265190 -112.520361 162.598715 11888.707814 0.045621 0.988597 0.143512 -0.021702 -0.142646 0.989536 -0.998723 0.048258 -0.014947
-1.683598 -99.033202 528.448942 13622.295925 0.052183 0.983662 0.172294 0.177650 -0.178921 0.967692 -0.982709 0.019889 0.184084
-1.841114 -99.813460 -744.606403 13178.376523 0.029794 0.985040 0.169730 0.102541 -0.171921 0.979759 -0.994283 0.011787 0.106129
-2.245160 -115.411142 128.878228 5726.347304 0.046624 0.988988 0.140463 -0.187713 -0.129436 0.973658 -0.981117 0.071763 -0.179611
-24.514129 -52.306490 2398.357924 -2231.868016 -0.628771 -0.516416 0.581345 -0.303774 0.851346 0.427705 -0.715799 0.092331 -0.692176
24.639056 -51.455888 -15159.643041 -2558.160433 -0.611856 -0.686734 0.392465 -0.466176 0.713936 0.522470 -0.638993 0.136718 -0.756965
124.449374 -54.581179 -53759.767349 3171.273723 -0.705451 -0.656513 0.267075 -0.381155 0.669103 0.637983 -0.597545 0.348268 -0.722253
-14.238740 -48.639976 -1853.895629 -2779.437752 -0.626779 -0.601087 0.495824 -0.457949 0.798998 0.389724 -0.630421 0.017209 -0.776063
51.629284 -53.690565 21430.373673 -3960.784678 0.582499 0.716653 -0.383540 -0.573744 0.696752 0.430528 -0.575771 0.030728 -0.817033
146.547278 -59.269422 57300.206211 1137.604200 0.640713 0.718752 -0.269965 -0.511536 0.661829 0.548009 -0.572554 0.213020 -0.791710
3.977583 -25.569809 267.611327 4784.743764 0.584441 -0.076821 0.807791 0.620336 -0.599438 -0.505823 0.523079 0.796726 -0.302682
0.956318 -28.489724 449.935872 5143.395134 0.546922 -0.045848 0.835927 0.671525 -0.572236 -0.470744 0.499930 0.818806 -0.282181
-2.142812 -35.063817 1093.626043 2380.929244 0.597282 -0.093268 0.796590 0.663427 -0.500666 -0.556056 0.450688 0.860601 -0.237162
-0.397356 -35.786557 1616.143682 666.266446 0.651779 -0.142045 0.744988 -0.631914 0.441458 0.637024 0.419367 0.885967 -0.197973
26.964570 -52.419790 -3608.067763 5142.416231 -0.109809 -0.951690 0.286756 0.993703 -0.111586 0.010192 0.022298 0.286069 0.957950
13.236274 -49.463156 -7790.525461 3495.261597 -0.148991 -0.916462 0.371349 0.985306 -0.169309 -0.022524 0.083515 0.362536 0.928220
20.483833 -49.851910 -5652.372457 1019.551476 -0.056861 -0.949570 0.308357 0.992831 -0.086306 -0.082697 0.105140 0.301444 0.947669
-1.752723 -48.526545 1605.590445 -8549.215372 0.861243 0.493598 -0.120923 0.490228 -0.744225 0.453657 -0.133931 0.449989 0.882934
9.895983 -124.332411 4798.841089 6868.064076 -0.118959 0.935074 -0.333894 -0.489788 -0.347784 -0.799471 0.863688 -0.068433 -0.499360
11.644218 -135.207339 442.584309 10191.515113 -0.035708 0.937883 -0.345110 -0.637859 -0.287230 -0.714587 0.769325 -0.194615 -0.608494
28.214053 -36.278030 7827.678245 2760.762943 0.218017 -0.200476 -0.955132 0.043728 0.979698 -0.195651 0.974965 0.000889 0.222357
-1.617900 -293.626241 -30.254075 -44574.804246 -0.054943 0.884572 -0.463157 0.927017 -0.127149 -0.352808 -0.370973 -0.448739 -0.813027
19.654702 -209.068995 -41748.880018 43349.298515 -0.282443 0.860242 0.424511 0.852571 0.427951 -0.299967 0.439714 -0.277203 0.854289
6102.963506 -1965.895799 2591799.342852 767120.623820 0.426004 -0.244783 -0.870977 0.388192 0.919035 -0.068421 0.817207 -0.308958 0.486536
-35.214373 -94.367916 3288.663332 25775.058361 0.282303 0.948604 0.143025 0.764456 -0.132372 -0.630939 0.579579 -0.287452 0.762535
33.735641 -52.417245 -1750.483174 3807.449247 0.546828 -0.217468 0.808509 -0.199006 0.904242 0.377813 -0.813250 -0.367497 0.451187
-48.117999 -69.884633 -2153.692012 8342.372457 -0.252515 0.966423 0.047563 -0.821997 -0.188328 -0.537451 0.510447 0.174811 -0.841953
-48.393090 -75.511440 -110.518548 9366.389404 -0.001318 0.989649 0.143505 -0.844843 0.075675 -0.529635 0.535013 0.121938 -0.835998
-42.952999 -60.754909 -2840.249395 4792.188761 0.016305 0.988385 0.151091 -0.901267 0.079962 -0.425822 0.432958 0.129230 -0.892103
-47.449067 -66.408434 -3160.712902 6727.837826 -0.349952 0.933744 0.075208 -0.829214 -0.271422 -0.488604 0.435818 0.233351 -0.869258
-41.196168 -55.552172 -4585.992649 1112.234545 0.012870 0.983219 0.181977 -0.937137 0.075331 -0.340735 0.348725 0.166152 -0.922380
-37.036492 -53.730064 -1963.555336 451.638762 0.237508 0.948422 0.209968 -0.906290 0.294148 -0.303504 0.349611 0.118207 -0.929408
34.026315 -246.781985 -4114.905588 -24316.595089 0.304982 0.943789 0.127472 0.574760 -0.289129 0.765543 -0.759366 0.160211 0.630631
25.968404 -212.017480 632.575698 -32336.384995 0.309667 0.949803 0.044507 0.267621 -0.131978 0.954443 -0.912406 0.283649 0.295056
35.151951 -214.384031 -1100.153513 -20564.667244 0.341568 0.939126 -0.037069 0.464616 -0.134437 0.875248 -0.816985 0.316180 0.482252
52.435736 -252.705772 -3633.424591 -16052.541627 0.344174 0.938783 -0.015196 0.710597 -0.249870 0.657737 -0.613675 0.237174 0.753095
49.039365 -246.601370 -5402.206362 -39925.369260 0.341835 0.925059 -0.165572 0.604048 -0.081315 0.792789 -0.719913 0.371017 0.586576
23.219213 -195.522423 -1219.280243 -23612.591564 0.362596 0.921308 -0.140415 0.380818 -0.008960 0.924606 -0.850589 0.388731 0.354100
-54.031014 -131.876491 19757.544418 38223.637686 -0.266662 0.418676 0.868102 0.433879 0.856433 -0.279770 -0.860605 0.302047 -0.410033
-22.312549 -89.257107 10376.208333 20005.035947 -0.162464 0.638076 0.752638 0.477870 0.718230 -0.505753 -0.863276 0.277497 -0.421604
12.807588 -8.399662 1352.419084 1758.708981 0.408296 0.021881 0.912587 0.685402 -0.667645 -0.290644 0.602925 0.744158 -0.287594
10.899919 -11.046475 588.047394 1230.219164 0.411943 0.034049 0.910573 0.702147 -0.648777 -0.293391 0.580769 0.760217 -0.291166
-44.870137 -64.752153 2706.742841 -16955.048601 -0.230157 0.913560 -0.335313 -0.419905 0.217608 0.881094 -0.877899 -0.343590 -0.333525
-41.395432 -87.868224 2139.101759 -3462.112117 -0.171117 0.896732 -0.408156 -0.201949 0.373547 0.905361 -0.964332 -0.237350 -0.117174
-25.570158 -149.615864 34227.412976 57152.767099 0.371862 0.922163 0.106459 -0.291642 0.007181 0.956501 -0.881285 0.386734 -0.271612
10.641941 -5.752953 -3188.672319 -1263.322880 0.243951 0.770121 0.589408 0.493238 -0.621820 0.608323 -0.834987 -0.142317 0.531547
10.536945 -3.270475 -2376.738266 -2712.433359 0.288171 0.708243 0.644476 0.448030 -0.694538 0.562927 -0.846302 -0.126525 0.517460
