12189
24365
-23.662157 -39.899026 729.682230 -3276.055434 0.808211 -0.191396 0.556923 0.527553 -0.184943 -0.829147 -0.261694 -0.963931 0.048501
-31.559610 -47.065353 110.144850 -3055.033689 0.742073 -0.246380 0.623397 0.628979 -0.065611 -0.774649 -0.231760 -0.966950 -0.106279
-28.055603 -52.070618 -431.530650 -4428.233417 -0.668277 0.184961 -0.720552 0.718948 -0.088239 -0.689440 -0.191100 -0.978776 -0.074010
-27.303019 -41.297610 -35.399683 -1830.872494 0.930695 -0.332881 0.151647 0.179472 0.054304 -0.982263 -0.318742 -0.941404 -0.110283
-15.635663 -53.449387 2467.811791 -5820.600568 0.699443 -0.084251 0.709705 0.696387 -0.142944 -0.703286 -0.160701 -0.986138 0.041309
-9.927547 -47.467536 2759.770312 -6081.975078 0.758376 -0.028145 0.651210 0.625663 -0.248737 -0.739375 -0.182790 -0.968162 0.171027
-18.043777 -31.537866 1684.277014 -2849.021211 0.840758 -0.116849 0.528651 0.481667 -0.284449 -0.828906 -0.247231 -0.951543 0.182871
-20.622913 -31.136344 680.461310 -2001.986024 0.950671 -0.294514 0.097392 0.060827 -0.130879 -0.989531 -0.304178 -0.946642 0.106508
-35.101220 -48.801676 -266.722610 366.940405 0.910518 -0.373997 0.176306 0.394298 0.657066 -0.642490 -0.124445 -0.654516 -0.745736
-36.638190 -49.780027 -1022.977915 296.124975 0.856755 -0.369448 0.359833 0.510005 0.503317 -0.697544 -0.076596 -0.781141 -0.619639
-33.835319 -49.729150 -119.347422 312.186233 0.891637 -0.410589 0.190786 0.392401 0.490622 -0.778018 -0.225842 -0.768574 -0.598572
-34.771824 -49.290139 -70.886761 385.751211 0.899990 -0.434179 0.038822 0.349998 0.666650 -0.658088 -0.259847 -0.605860 -0.751940
0.782658 -17.684619 -37.994355 522.468093 0.842158 -0.531371 0.091734 0.396264 0.494478 -0.773606 -0.365711 -0.687849 -0.626992
0.162642 -15.754433 256.179074 337.984934 0.813856 -0.560366 0.153718 0.482573 0.504465 -0.715988 -0.323670 -0.656891 -0.680979
-0.305132 -16.681041 -70.058146 440.030574 0.782781 -0.591473 0.193425 0.528073 0.466913 -0.709317 -0.329230 -0.657383 -0.677832
-0.268313 -20.086640 -480.644895 693.763476 0.818604 -0.561550 0.120622 0.430164 0.460258 -0.776609 -0.380587 -0.687622 -0.618328
2.008422 -22.348010 -345.131044 931.355229 0.866380 -0.499095 0.017030 0.283234 0.463009 -0.839882 -0.411296 -0.732480 -0.542502
16.747841 -62.801989 421.851339 -2396.022471 -0.183160 -0.526808 0.830016 -0.247249 0.841845 0.479755 -0.951483 -0.117348 -0.284445
24.955804 -61.134074 1115.439733 -4905.895255 -0.169484 -0.533537 0.828622 -0.472086 0.781998 0.406957 -0.865107 -0.322208 -0.384412
21.832467 -62.049208 -4.993723 -3746.881993 -0.233068 -0.613428 0.754576 -0.416340 0.764178 0.492639 -0.878829 -0.199341 -0.433500
14.414104 -60.441146 870.483514 -156.824033 -0.214628 -0.619700 0.754922 -0.137320 0.784403 0.604860 -0.966994 0.026154 -0.253452
7.492743 -60.245246 105.759256 2996.703340 -0.184165 -0.497002 0.847981 0.110732 0.846754 0.520332 -0.976638 0.189725 -0.100908
-5.553164 -35.951077 51.045024 545.759215 0.934484 0.118383 0.335746 0.225860 0.531847 -0.816165 0.275186 -0.838525 -0.470265
-5.352051 -36.204107 71.912698 -107.818375 0.945750 0.134219 0.295876 0.239074 0.329166 -0.913506 0.220003 -0.934684 -0.279220
-6.355536 -34.492652 200.709851 507.666890 0.943890 0.098330 0.315283 0.221590 0.519312 -0.825356 0.244887 -0.848909 -0.468385
-6.289793 -32.563659 122.590254 700.087236 0.935249 0.073468 0.346283 0.209088 0.674701 -0.707856 0.285643 -0.734426 -0.615652
-7.354659 -33.165065 289.826191 450.582241 0.955762 0.080542 0.282901 0.204639 0.508793 -0.836213 0.211288 -0.857113 -0.469803
-7.636705 -31.880972 314.013246 765.290823 0.945029 0.059149 0.321593 0.203249 0.664169 -0.719423 0.256145 -0.745239 -0.615637
0.279611 -40.677865 37.699048 -1551.615570 0.901838 0.282876 0.326604 0.418871 -0.386940 -0.821477 0.106000 -0.877644 0.467446
0.638133 -34.900159 9.498311 -1004.360686 0.918138 0.261814 0.297450 0.395336 -0.553953 -0.732697 0.027057 -0.790310 0.612109
-0.192702 -38.736288 23.271829 -1524.952044 0.907487 0.278535 0.314462 0.409032 -0.415322 -0.812527 0.095714 -0.865982 0.490829
-0.561239 -44.847578 100.058066 -1382.025408 0.896071 0.289227 0.336756 0.400610 -0.200086 -0.894135 0.191227 -0.936116 0.295158
-0.835379 -43.179912 75.274223 -1489.144130 0.902172 0.282790 0.325753 0.394475 -0.235234 -0.888287 0.174570 -0.929890 0.323775
-0.228683 -36.682014 46.113480 -1328.427171 0.914917 0.274854 0.295605 0.392685 -0.436609 -0.809427 0.093410 -0.856638 0.507392
3.302769 -50.431697 91.585733 788.417408 0.884607 0.181407 0.429607 0.435291 -0.651719 -0.621115 -0.167308 -0.736447 0.655480
4.357341 -48.907991 158.678578 -1819.919816 0.870384 0.172100 0.461317 0.480372 -0.502418 -0.718902 -0.108051 -0.847324 0.519968
3.169090 -50.058387 -235.426757 -1201.242063 0.889930 0.123169 0.439152 0.408641 -0.642971 -0.647766 -0.202578 -0.755922 0.622531
2.522579 -52.787643 -589.047912 -2095.535416 0.896902 0.075996 0.435650 0.384003 -0.622434 -0.681995 -0.219335 -0.778974 0.587445
0.713290 -51.238116 -472.498603 251.348250 0.897376 0.086147 0.432776 0.340683 -0.758583 -0.555416 -0.280449 -0.645856 0.710083
2.450884 -41.418175 724.283499 -1191.962942 0.881821 0.321552 0.344956 0.425488 -0.227084 -0.876010 0.203349 -0.919259 0.337064
2.231278 -40.667605 694.566910 995.569741 0.871198 0.321410 0.371093 0.471597 -0.337855 -0.814524 0.136420 -0.884618 0.445914
1.216210 -42.917177 352.839302 -910.674611 0.879410 0.317198 0.354998 0.436964 -0.241856 -0.866354 0.188947 -0.917001 0.351294
-2.254851 -72.454748 -82.026501 -3324.916862 -0.305648 -0.673286 0.673250 0.931999 -0.356242 0.066856 0.194826 0.647902 0.736387
-2.845247 -73.180982 0.178099 -2682.990014 -0.272656 -0.681230 0.679400 0.939105 -0.341942 0.034018 0.209142 0.647303 0.732979
-1.876930 -64.117459 -202.941880 -1463.446057 -0.273117 -0.677934 0.682505 0.961194 -0.221006 0.165113 0.038902 0.701115 0.711986
-1.989592 -64.461545 -325.965728 -1395.937566 -0.294730 -0.677938 0.673450 0.955579 -0.210509 0.206290 0.001915 0.704334 0.709866
-2.783352 -73.452252 -159.170198 -3238.664916 -0.329335 -0.677296 0.657882 0.929532 -0.354954 0.099893 0.165861 0.644420 0.746467
-0.834531 -25.793722 -382.980018 747.524853 0.924550 0.059099 0.376450 -0.257419 0.825272 0.502654 0.280968 0.561634 -0.778218
3.116871 -22.394499 -735.171355 545.654105 0.938761 0.014934 0.344244 -0.237132 0.752839 0.614004 0.249991 0.658035 -0.710278
0.334751 -24.926368 -819.113005 731.812802 0.908979 0.107859 0.402647 -0.318550 0.802757 0.504090 0.268857 0.586470 -0.764047
-3.006023 -23.594210 924.464268 467.217913 0.955138 -0.084973 0.283711 -0.116079 0.773900 0.622579 0.272466 0.627582 -0.729317
-2.458253 -28.538734 -281.248099 827.876638 0.899451 0.116767 0.421134 -0.296052 0.871647 0.390622 0.321468 0.476023 -0.818572
-3.677659 -29.405384 50.529117 929.125022 0.911864 0.086863 0.401196 -0.252787 0.888874 0.382102 0.323422 0.449842 -0.832490
-5.053025 -26.489091 713.560478 709.055484 0.938282 0.006385 0.345812 -0.188595 0.847559 0.496060 0.289929 0.530662 -0.796454
16.335571 -13.051753 -2533.231043 284.961128 -0.587441 -0.004245 -0.809256 0.759264 0.343166 -0.552951 0.280056 -0.939265 -0.198367
17.069639 -15.255406 848.273565 275.533768 0.707959 -0.091445 0.700308 0.690866 0.295525 -0.659825 0.146621 -0.950948 -0.272396
12.874189 -14.398136 -2136.832918 296.310287 -0.633104 0.009314 -0.774011 0.746862 0.270116 -0.607647 0.203413 -0.962783 -0.177967
1.847120 -49.279865 -630.929760 1981.852557 0.260649 0.463096 -0.847115 0.902405 -0.428708 0.043298 -0.343114 -0.775727 -0.529642
0.150617 -46.566137 -896.203225 1947.518272 0.307344 0.434315 -0.846705 0.892318 -0.440672 0.097859 -0.330617 -0.785607 -0.522985
5.433531 -46.436147 -794.706351 88.853142 0.320918 0.435916 -0.840826 0.920829 -0.351285 0.169333 -0.221555 -0.828599 -0.514137
-13.768882 -1211.224856 11114.594299 242044.857006 0.456622 0.540627 -0.706554 0.755751 -0.654738 -0.012563 -0.469400 -0.528243 -0.707548
33.361646 -840.904930 -4280.049248 160790.411138 0.310224 0.685858 -0.658300 0.850955 -0.509061 -0.129358 -0.423836 -0.520053 -0.741557
8.029183 -263.017279 -1110.189484 -33241.565805 -0.438586 -0.596074 0.672561 -0.541392 0.772585 0.331674 -0.717313 -0.218652 -0.661554
9.955269 -307.179206 -2174.644973 -47419.604374 -0.368053 -0.567464 0.736561 -0.541309 0.774853 0.326478 -0.755991 -0.278545 -0.592360
0.172152 -184.175151 -1119.136913 6699.316762 -0.410214 -0.566245 0.714906 -0.107549 0.808464 0.578636 -0.905626 0.160477 -0.392542
7.272401 -179.649983 -1295.128093 9901.386610 -0.444101 -0.558831 0.700344 -0.079398 0.803125 0.590496 -0.892452 0.206634 -0.401039
0.208583 -53.268228 401.183781 -537.339569 0.245651 0.660004 -0.709965 -0.601276 -0.470739 -0.645656 0.760344 -0.585491 -0.281208
1.609714 -55.746532 748.455716 2450.705358 0.201408 0.643292 -0.738655 0.735375 0.398838 0.547861 0.647038 -0.653532 -0.392732
0.587050 -50.305341 77.220282 -552.106381 0.226071 0.627560 -0.745024 -0.619091 -0.497930 -0.607282 0.752076 -0.598527 -0.275949
11.296615 -470.811051 9405.909604 77747.366009 0.211693 0.585016 -0.782907 -0.608737 0.705627 0.362671 0.764608 0.399810 0.505497
37.276318 -1329.123938 -3272.844594 -342266.431073 0.380901 0.549897 -0.743322 -0.200125 0.833900 0.514355 0.902698 -0.047161 0.427682
27.857842 -434.487569 -3547.305752 -79701.784552 0.427728 0.656914 -0.620897 -0.540459 0.736456 0.406862 0.724536 0.161543 0.670038
-2.431558 -28.779792 -1679.690339 -34.963731 0.604279 -0.147899 0.782925 -0.235877 0.905369 0.353085 -0.761058 -0.398036 0.512210
-6.062427 -28.198224 -1159.515509 -30.826555 0.625538 -0.138182 0.767859 -0.245010 0.899609 0.361489 -0.740724 -0.414258 0.528883
-3.431723 -28.450365 -1623.879285 95.609664 0.602726 -0.116491 0.789399 -0.157978 0.952284 0.261148 -0.782153 -0.282109 0.555563
26.234348 13.216554 6927.576118 163.621403 -0.270218 -0.852266 0.447911 0.896566 -0.053174 0.439707 -0.350930 0.520399 0.778481
12.030080 11.931082 -734.483072 6214.773263 0.906453 -0.064125 0.417409 -0.258952 -0.865178 0.429430 -0.333596 0.497347 0.800849
20.522043 13.098408 2294.866301 15.046830 -0.567486 -0.704972 0.425410 0.784028 -0.304830 0.540721 -0.251515 0.640385 0.725704
22.139133 13.697166 6004.876691 152.031753 -0.555397 -0.783961 0.277379 0.778497 -0.372895 0.504867 -0.292363 0.496341 0.817416
-1.270908 -43.027076 25.219226 544.706725 0.876025 0.237759 0.419584 0.054961 0.815140 -0.576651 0.479124 -0.528222 -0.701015
-1.364788 -46.318954 58.627524 455.647139 0.878010 0.261111 0.401149 0.133220 0.671668 -0.728776 0.459730 -0.693313 -0.554946
-1.172759 -41.753965 -40.809577 502.557405 0.882097 0.219827 0.416631 0.077914 0.804174 -0.589265 0.464580 -0.552250 -0.692232
-1734.902039 -2581.091019 -93644.373098 598219.631120 0.011893 0.531867 -0.846745 -0.068440 0.845252 0.529968 0.997584 0.051648 0.046453
-537.090825 -2668.376853 71239.777421 -263340.636265 -0.446021 0.894945 0.011770 -0.648770 -0.314218 -0.693084 0.616573 0.316766 -0.720761
-107.481743 -629.892976 12811.167164 -155105.483350 -0.378228 0.839164 0.390828 0.002228 0.423016 -0.906120 0.925710 0.341849 0.161866
-153.192775 -2200.827900 19424.625221 -665633.799235 -0.317840 0.923592 0.214375 0.585379 0.369013 -0.721915 0.745861 0.103963 0.657938
-151.305883 -1351.752529 -97592.476408 -715231.771877 0.110448 0.968181 0.224559 0.768803 0.059965 -0.636668 0.629876 -0.242960 0.737717
13.433118 -157.247128 -193.181775 -21308.266852 0.896365 -0.441339 0.041824 0.159668 0.233390 -0.959185 -0.413564 -0.866458 -0.279670
10.966690 -122.007333 -590.493605 -14852.262619 0.893248 -0.439952 0.092470 0.094542 -0.017258 -0.995371 -0.439512 -0.897855 -0.026178
12.759619 -182.846630 -588.150016 -19822.919451 0.915180 -0.394906 0.080593 0.163223 0.180309 -0.969973 -0.368517 -0.900854 -0.229473
14.390459 -170.369394 -305.184386 -10274.585926 0.887809 -0.458983 0.033599 0.303001 0.528018 -0.793340 -0.346389 -0.714515 -0.607851
11.824599 -173.319000 -692.983799 -1491.256664 0.912495 -0.405273 0.055742 0.314906 0.608887 -0.728073 -0.261128 -0.681916 -0.683229
12.978388 -202.761643 -1139.954140 -18247.363845 0.940863 -0.329918 0.077009 0.223062 0.432178 -0.873765 -0.254989 -0.839272 -0.480212
15.687027 -192.213439 -1110.192000 -23412.039324 0.937719 -0.331980 0.102333 0.143865 0.102976 -0.984225 -0.316205 -0.937649 -0.144322
-5.853113 -41.056718 5028.459265 6031.711851 0.679142 -0.529097 0.508746 -0.427235 0.278652 0.860130 0.596855 0.801505 0.036804
-23.445254 -176.412821 3493.696193 33474.721489 0.789300 -0.539706 0.292786 -0.426092 -0.138115 0.894075 0.442099 0.830447 0.338979
-10.737972 -25.359391 2863.098774 787.621526 0.781175 -0.505408 0.366509 -0.294136 0.219879 0.930127 0.550681 0.834396 -0.023105
-18.965129 -37.037683 -201.405780 4467.545447 0.881596 -0.436120 0.180522 -0.147354 0.109043 0.983055 0.448414 0.893258 -0.031868
-14.529669 -24.050520 2297.984792 1098.501800 0.782520 -0.485455 -0.389867 0.384402 -0.115896 0.915862 0.489794 0.866546 -0.095919
-16.067704 -19.870598 1806.316039 -1378.098125 0.850006 -0.524943 -0.043881 0.034055 -0.028367 0.999017 0.525672 0.850665 0.006235
47.375888 -31.542591 -783.353527 -1673.443865 0.887351 0.460921 0.012628 -0.455052 0.879813 -0.137321 0.074405 -0.116106 -0.990446
43.172711 -22.083951 -2293.012001 -514.612239 0.901463 0.405859 -0.150474 -0.424654 0.896576 -0.125781 -0.083862 -0.177286 -0.980580
47.506065 -26.603503 -1794.917983 -2865.845084 0.930585 0.365860 -0.012602 -0.353571 0.889341 -0.289932 0.094867 -0.274262 -0.956964
45.663837 -34.809458 -2571.410675 -2212.258707 -0.874845 -0.399887 -0.273380 -0.332646 0.906202 -0.261045 0.352127 -0.137435 -0.925807
6.891177 -0.136485 2037.513969 663.893139 -0.456783 -0.773143 0.440000 0.735601 -0.050139 0.675557 -0.500241 0.632247 0.591627
-1.372389 -2.760891 370.324489 1753.185230 0.809716 0.107579 0.576876 -0.295157 -0.774990 0.558813 -0.507190 0.622749 0.595770
6.984959 -2.042951 2079.942047 392.899100 -0.498614 -0.768402 0.401175 0.703263 -0.088032 0.705459 -0.506760 0.633884 0.584283
16.762177 1.140046 3366.629608 787.050368 -0.389459 -0.769689 0.505866 0.776906 0.020477 0.629284 -0.494711 0.638091 0.590001
17.458167 -1.753280 3337.845192 188.814924 -0.429861 -0.761837 0.484586 0.750391 -0.002965 0.660988 -0.502129 0.647762 0.572950
6.827161 -3.752239 2121.772154 202.013872 -0.551908 -0.758795 0.345873 0.655459 -0.138321 0.742456 -0.515531 0.636473 0.573699
-2.292198 -24.825126 -1168.892235 676.743166 -0.900752 -0.327391 -0.285414 -0.310124 0.944869 -0.105101 0.304088 -0.006156 -0.952624
2.057371 -25.812489 -1805.725721 132.844598 -0.914838 -0.265029 -0.304682 -0.243608 0.963949 -0.107038 0.322066 -0.023699 -0.946420
0.252879 -23.786482 -1728.502732 732.066311 -0.870110 -0.404581 -0.281465 -0.350948 0.909571 -0.222521 0.346040 -0.094838 -0.933414
-4.384936 -23.688631 70.056690 1691.341816 -0.833665 -0.508506 -0.215465 -0.465787 0.857013 -0.220387 0.296724 -0.083368 -0.951317
-3.894048 -22.047442 -193.204743 124.375944 -0.913786 -0.301531 -0.272168 -0.287464 0.953443 -0.091164 0.286985 -0.005066 -0.957922
1.398403 -38.551707 -0.430736 -461.050933 0.966954 -0.193999 0.165420 -0.225888 -0.952755 0.203056 -0.118212 0.233712 0.965093
1.281327 -37.845563 6.558259 -544.281202 0.963883 -0.209852 0.163988 -0.239001 -0.953244 0.184944 -0.117510 0.217457 0.968970
1.244921 -39.766948 108.179814 149.673429 0.971678 -0.177293 0.156232 0.180972 0.983442 -0.009533 -0.151955 0.037537 0.987674
7.917448 -57.900297 -1224.178628 -100.759604 0.854730 0.041594 0.517404 -0.373458 -0.643011 0.668630 -0.360508 0.764727 0.534067
2.899799 -54.024976 -977.354036 -755.864612 0.848580 0.039037 0.527624 -0.397520 -0.611049 0.684542 -0.349127 0.790630 0.503006
7.132639 -58.583688 -1145.336300 -340.303279 0.873307 0.059942 0.483469 -0.393778 -0.497451 0.772970 -0.286835 0.865419 0.410823
-10.077525 -31.802445 -207.943184 134.025588 0.844344 -0.349188 0.406387 0.518532 0.341525 -0.783891 -0.134934 -0.872599 -0.469430
-5.547874 -31.331979 -900.920633 49.772102 0.874588 -0.363162 0.321260 0.449839 0.360480 -0.817129 -0.180942 -0.859166 -0.478636
-8.697375 -31.813108 144.663535 -256.065367 0.865232 -0.348539 0.360408 0.495514 0.484900 -0.720651 -0.076413 -0.802118 -0.592257
-9.122926 -31.412898 80.716303 -333.254926 0.880955 -0.306311 0.360682 0.470969 0.493644 -0.731098 -0.045895 -0.813935 -0.579141
-8.066425 -32.362375 276.567557 -292.538829 0.879874 -0.318997 0.352224 0.474695 0.624379 -0.620335 0.022036 -0.713016 -0.700801
-8.836025 -32.156032 735.642763 -275.446185 0.874142 -0.340321 0.346493 0.485668 0.614800 -0.621408 0.001545 -0.711479 -0.702705
-10.651273 -34.658978 -1695.965945 2758.218375 0.720416 0.386402 -0.575929 -0.679428 0.559885 -0.474242 -0.139206 -0.732954 -0.665883
-16.176904 -42.568184 -1850.464819 -3104.700605 0.641975 0.470612 -0.605304 0.764490 -0.453130 0.458506 -0.058503 -0.757098 -0.650676
-5.738903 -35.969248 -1953.010781 -2436.634860 0.644801 0.415801 -0.641359 0.756916 -0.464101 0.460096 -0.106347 -0.782125 -0.613980
-4.412548 -29.539610 -1787.181942 2288.822249 0.723080 0.352800 -0.593875 -0.668813 0.572586 -0.474168 -0.172758 -0.740053 -0.649982
-5.833137 -25.834533 400.891683 343.035821 0.967084 -0.120672 0.224026 0.061306 -0.743975 -0.665389 -0.246963 -0.657221 0.712088
-5.364967 -23.547506 -48.876072 -17.999672 0.945986 -0.096382 0.309551 0.148201 -0.720645 -0.677279 -0.288354 -0.686572 0.667436
-5.038651 -25.823655 261.144473 -261.743542 0.957234 -0.069615 0.280813 0.168011 -0.656424 -0.735445 -0.235531 -0.751173 0.616656
-3.813285 -26.417195 400.621916 -182.153294 0.970002 -0.075819 0.230971 0.120258 -0.676060 -0.726967 -0.211268 -0.732936 0.646661
-3.706685 -27.797242 385.650220 327.400112 0.973623 -0.119584 0.194316 0.035581 -0.761654 -0.647006 -0.225373 -0.636854 0.737309
-4.228225 -30.608147 445.799454 994.099743 0.974402 -0.156479 0.161416 -0.036682 -0.819043 -0.572559 -0.221800 -0.551981 0.803817
18.380796 -20.514361 -451.836143 -580.423360 -0.941769 -0.202250 -0.268636 -0.101262 0.932390 -0.346979 0.320650 -0.299571 -0.898577
21.631856 -20.805239 -2650.568527 -67.079113 0.983768 0.106467 0.144447 -0.055294 0.945659 -0.320424 0.170712 -0.307236 -0.936196
24.070462 -16.550294 -2293.006994 305.290237 0.963785 0.195056 0.181854 -0.111226 0.913792 -0.390657 0.242377 -0.356282 -0.902395
17.208542 -17.162410 -1664.143674 -655.649116 -0.905397 -0.306571 -0.293719 -0.151612 0.879656 -0.450798 0.396573 -0.363620 -0.842918
11.414411 -21.733244 -5196.755969 -1862.913275 -0.857841 -0.335860 -0.388981 -0.165088 0.896875 -0.410318 0.486677 -0.287771 -0.824823
2.288690 -112.857913 398.434926 4136.974191 0.584737 0.290776 -0.757319 0.017952 0.928686 0.370433 0.811024 -0.230201 0.537817
0.463895 -118.830057 -640.571435 5632.714840 0.628184 0.298922 -0.718353 0.044453 0.907959 0.416694 0.776794 -0.293694 0.557078
4.316573 -111.233482 87.700550 -596.732842 0.591854 0.262419 -0.762132 -0.167058 0.964925 0.202512 0.788543 0.007462 0.614934
4.177257 -107.424994 722.499058 352.031472 0.556111 0.235371 -0.797083 -0.222962 0.966155 0.129739 0.800643 0.105569 0.589768
3.820370 -99.866101 613.833178 682.913574 0.559078 0.241471 -0.793173 0.042286 0.947101 0.318138 0.828036 -0.211404 0.519293
1.472750 -99.202453 93.304973 196.065062 0.592031 0.252408 -0.765369 0.273510 0.830398 0.485419 0.758085 -0.496719 0.422585
-18.840550 -65.855357 -5816.765277 13221.387694 0.489406 0.857231 -0.160115 0.183933 -0.280945 -0.941933 0.852438 -0.431538 0.295170
-10.913666 -121.810134 547.183153 21200.234616 0.315423 0.908377 -0.274516 0.242488 -0.356834 -0.902147 0.917446 -0.217992 0.332824
-13.909648 -117.630116 -3591.281234 19847.793713 0.409458 0.902720 -0.132061 0.365187 -0.294821 -0.883017 0.836052 -0.313332 0.450379
1.447472 -31.418438 -3021.466479 203.843274 0.892931 -0.147555 0.425326 -0.252801 0.617401 0.744921 0.372513 0.772686 -0.513994
2.864994 -31.846761 677.135987 -3.267448 0.881098 -0.196750 0.430065 -0.225309 0.624898 0.747488 0.415815 0.755508 -0.506267
3.621656 -31.736699 -2218.797596 -145.910934 0.887327 -0.161961 0.431763 -0.189389 0.725694 0.661437 0.420455 0.668683 -0.613255
0.093591 -31.239071 447.793526 171.930519 0.883331 -0.197145 0.425277 -0.276536 0.513393 0.812376 0.378490 0.835201 -0.398979
0.150326 -30.507654 -3672.758757 -25.309144 0.902158 -0.147588 0.405375 -0.279955 0.514649 0.810408 0.328233 0.844603 -0.422977
8.080278 -30.599117 -5807.047140 126.626798 0.901384 -0.100299 0.421244 -0.298658 0.560396 0.772503 0.313545 0.822129 -0.475177
-1.856597 -11.622082 -553.886175 253.126566 -0.757107 -0.636820 -0.145772 -0.559909 0.747488 -0.357440 0.336588 -0.189002 -0.922490
-2.890452 -10.733945 -102.835574 14.302466 -0.804396 -0.573046 -0.156732 -0.507569 0.799998 -0.319963 0.308739 -0.177825 -0.934376
-1.261821 -12.017973 -236.217383 -199.396999 -0.828743 -0.529121 -0.182252 -0.467718 0.833695 -0.293586 0.307285 -0.158064 -0.938398
-0.802890 -12.972094 -466.410062 -68.827055 -0.805655 -0.565007 -0.178008 -0.492751 0.805971 -0.328035 0.328811 -0.176569 -0.927743
-1.057109 -13.993498 627.370860 410.189465 0.705187 0.698167 0.123587 -0.608062 0.685162 -0.401015 0.364653 -0.207643 -0.907697
-7.085684 -48.209386 349.255603 -112.181685 0.936682 -0.227370 0.266326 -0.328618 -0.833488 0.444194 -0.120983 0.503588 0.855431
-8.673576 -48.128874 160.404123 14.681733 0.921245 -0.208665 0.328277 -0.348927 -0.816306 0.460321 -0.171922 0.538613 0.824826
-8.865175 -48.056598 137.385411 -162.265599 0.923564 -0.203126 0.325222 -0.307757 -0.898605 0.312722 -0.228724 0.388908 0.892433
-30.297811 -53.262782 -389.981577 -1490.008224 -0.677083 0.239270 -0.695923 0.731971 0.121289 -0.670454 -0.076011 -0.963348 -0.257261
-34.576051 -49.190461 -283.405792 -2016.332471 0.780298 -0.316459 0.539433 0.590391 0.088164 -0.802288 -0.206333 -0.944500 -0.255629
-35.407927 -45.982502 -130.533149 538.975435 0.880302 -0.223431 0.418506 0.471722 0.506068 -0.722062 0.050461 -0.833051 -0.550890
-36.763836 -49.979798 -599.598620 -297.356703 0.753086 -0.318057 0.575935 0.655219 0.283296 -0.700308 -0.059578 -0.904756 -0.421743
-38.048269 -49.151036 -840.505686 421.863592 0.901649 -0.300094 0.311403 0.428870 0.713146 -0.554521 0.055667 -0.633535 -0.771709
-36.822726 -45.158376 -113.161746 110.846226 0.900161 -0.222788 0.374266 0.425989 0.629443 -0.649873 0.090795 -0.744424 -0.661505
-0.173390 -13.471093 -225.512018 505.687012 0.753344 -0.614085 0.235314 0.589579 0.472162 -0.655331 -0.291323 -0.632426 -0.717752
0.114980 -12.570905 -164.548937 452.181025 0.792175 -0.581141 0.186371 0.534994 0.514315 -0.670270 -0.293668 -0.630679 -0.718334
-5.034842 -38.098133 12.723145 25.990536 0.935125 0.157267 0.317503 0.249004 0.345805 -0.904663 0.252068 -0.925033 -0.284211
-4.690968 -36.798821 -26.525694 -668.501256 0.948105 0.161505 0.273884 0.258774 0.108567 -0.959817 0.184750 -0.980882 -0.061139
1.326823 -36.930522 115.602737 -1040.273849 0.911454 0.272769 0.307974 0.409592 -0.531531 -0.741423 0.038539 -0.801917 0.596191
1.693263 -34.917158 154.713071 -61.428441 0.935692 0.231847 0.265948 0.351746 -0.671745 -0.651946 -0.027497 -0.703567 0.710097
0.903384 -32.987275 78.547463 19.966459 0.939820 0.227362 0.255038 0.340599 -0.682470 -0.646704 -0.027020 -0.694651 0.718839
4.124117 -48.611222 193.717356 -2605.973900 0.846406 0.190017 0.497485 0.531194 -0.367606 -0.763347 -0.037830 -0.910362 0.412080
5.357523 -54.781652 590.935523 -2211.635573 0.846014 0.200340 0.494090 0.532273 -0.263885 -0.804395 0.030770 -0.943519 0.329886
-3.158790 -79.055294 44.185598 -4580.122230 -0.261490 -0.681775 0.683231 0.909024 -0.411931 -0.063146 0.324496 0.604562 0.727466
-3.451974 -89.445361 -146.896171 -4171.957527 -0.275590 -0.677559 0.681883 0.846910 -0.506710 -0.161209 0.454745 0.533066 0.713476
-2.626251 -94.849188 167.409931 -6332.155069 0.270438 0.678141 -0.683366 0.806900 -0.546841 -0.223334 0.525144 0.491010 0.695078
-4.081584 -99.522110 501.121519 -3972.713643 0.263275 0.678416 -0.685884 0.701988 -0.622400 -0.346166 0.661739 0.390346 0.640103
-3.542566 -93.006983 83.718153 -4546.071008 0.291544 0.676893 -0.675883 0.761948 -0.591510 -0.263725 0.578306 0.438100 0.688209
-2.621133 -55.046035 -516.859074 3082.258463 0.229711 0.484992 -0.843810 0.847185 -0.526406 -0.071930 -0.479072 -0.698341 -0.531799
7.250225 -105.677666 733.348205 12650.594338 0.457781 0.551883 -0.697038 0.850668 -0.499812 0.162950 -0.258458 -0.667543 -0.698273
2.530476 -99.474353 2550.721195 10658.601780 0.481643 0.576586 -0.659976 0.863436 -0.441101 0.244760 -0.149991 -0.687734 -0.710299
10.773722 -33.694138 -63.704053 -23.934493 0.412041 0.750854 -0.516179 0.644040 0.160733 0.747915 -0.644542 0.640612 0.417351
12.610647 -34.046937 89.623352 -540.022586 -0.464719 -0.748071 0.473737 0.709283 0.005775 0.704900 -0.530051 0.663594 0.527910
10.812444 -30.313829 -1436.217251 -562.420908 0.404392 0.794387 -0.453229 0.674945 0.075201 0.734025 -0.617183 0.602739 0.505757
8.108432 -31.742710 -1257.864092 629.289213 0.354884 0.792570 -0.495873 0.617835 0.199254 0.760643 -0.701667 0.576308 0.418966
6.376206 -37.631080 309.430716 1097.865185 0.373719 0.726854 -0.576209 0.579106 0.302421 0.757085 -0.724548 0.616623 0.307905
-0.488780 -31.129310 345.966332 -268.892425 0.930005 -0.118393 0.347958 0.029520 -0.919581 -0.391790 -0.366360 -0.374639 0.851719
0.592908 -31.887498 525.952934 -85.483356 0.932760 -0.103492 0.345323 0.087813 -0.863826 -0.496078 -0.349639 -0.493046 0.796655
2.501718 -31.114934 2648.092011 -254.165852 0.939865 -0.083199 0.331257 0.051616 -0.924138 -0.378557 -0.337623 -0.372891 0.864270
-6.574120 -28.291247 -1335.617499 -87.742904 0.624829 -0.161542 0.763867 -0.332327 0.830283 0.447425 -0.706504 -0.533417 0.465100
-10.913739 -28.013959 -1027.853289 45.426659 0.642560 -0.133041 0.754597 -0.254683 0.891737 0.374088 -0.722671 -0.432557 0.539111
-10.383229 -27.721876 -1177.916924 -11.706347 0.632320 -0.103555 0.767755 -0.178864 0.944737 0.274737 -0.753777 -0.311046 0.578853
-2.109007 -8.730198 -286.927442 -350.845836 -0.581534 -0.601954 0.547239 0.811701 -0.384341 0.439800 -0.054413 0.699953 0.712113
-3.787230 -7.153834 -519.363357 -222.493155 -0.406106 -0.676515 0.614333 0.912145 -0.259340 0.317386 -0.055395 0.689254 0.722399
-0.681322 -7.232937 -443.065270 -97.288942 -0.217679 -0.702785 0.677280 0.975961 -0.149096 0.158966 -0.010739 0.695603 0.718346
0.524215 -6.828389 -47.695862 308.923121 -0.464718 -0.642281 0.609518 0.885458 -0.336495 0.320523 -0.000766 0.688655 0.725089
-1.523210 -8.978628 61.166772 -284.391510 -0.626119 -0.578786 0.522477 0.777490 -0.412708 0.474532 -0.059022 0.703334 0.708405
-1.791329 -9.038645 20.633838 17.130142 0.706166 0.540417 -0.457470 0.702300 -0.452461 0.549594 -0.090022 0.709386 0.699048
-1.036215 -49.466346 125.993372 561.614431 0.877064 0.284031 0.387408 0.201977 0.513678 -0.833870 0.435848 -0.809605 -0.393161
-1.410109 -49.007601 110.686530 599.314844 0.880407 0.277761 0.384360 0.211795 0.494874 -0.842759 0.424295 -0.823376 -0.376862
31.600158 -58.447766 -3982.008208 2769.996290 0.692457 0.699028 0.178501 -0.388100 0.152349 0.908938 -0.608178 0.698677 -0.376788
47.498765 -66.250670 -1819.595931 -764.404166 0.749311 0.607193 0.264292 -0.550161 0.348653 0.758791 -0.368586 0.713974 -0.595303
43.717680 -60.588516 -1187.341431 2448.780284 0.773355 0.535557 0.339266 -0.458520 0.102936 0.882702 -0.437815 0.838202 -0.325169
27.903070 -48.373371 -3182.849727 4122.173870 0.706302 0.643792 0.294395 -0.304557 -0.099069 0.947328 -0.639048 0.758760 -0.126099
44.981069 -27.062837 377.970761 -1335.114426 0.860121 0.494195 -0.126349 -0.502796 0.863141 -0.046739 -0.085959 -0.103729 -0.990884
40.502956 -20.791168 507.665843 -324.579516 -0.873047 -0.429209 0.231450 -0.451666 0.890668 -0.052032 -0.183813 -0.149964 -0.971454
38.944489 -15.050665 2191.763962 413.418762 -0.875647 -0.373526 0.306137 -0.417205 0.904354 -0.089910 -0.243273 -0.206451 -0.947732
6.244314 0.570958 2219.794122 462.314159 -0.239903 -0.762722 0.600584 0.832894 0.156114 0.530958 -0.498733 0.627601 0.597814
0.816974 -6.264288 1146.162052 -2163.519432 0.445215 -0.406078 0.798050 0.733617 0.676441 -0.065070 -0.513410 0.614433 0.599067
-3.499731 -11.555510 743.680251 2567.282900 0.621977 -0.211246 0.754003 -0.592319 -0.756740 0.276590 -0.512156 0.618643 0.595800
-5.226358 -11.357091 244.766802 2471.250679 0.753969 -0.003854 0.656899 -0.412762 -0.780706 0.469175 -0.511037 0.624886 0.590219
4.173882 -28.696638 -564.361632 -500.758731 -0.953395 -0.145945 -0.264080 -0.156516 0.987486 0.019322 0.257955 0.059754 -0.964307
7.941310 -26.654113 -964.432447 -653.643458 -0.939880 -0.194437 -0.280749 -0.165772 0.978500 -0.122712 0.298573 -0.068794 -0.951904
5.964930 -23.627897 -3644.958712 -861.991235 -0.884554 -0.297351 -0.359371 -0.215679 0.943887 -0.250121 0.413579 -0.143736 -0.899051
1.876147 -40.007874 120.607679 -451.118887 0.972484 -0.167297 0.162133 0.140569 0.976344 0.164295 -0.185783 -0.136984 0.972995
2.818910 -39.227972 132.300023 685.575279 0.970093 -0.167403 0.175772 -0.108284 -0.946545 -0.303855 -0.217243 -0.275734 0.936363
2.378843 -40.840621 80.047321 -464.505057 0.967573 -0.184248 0.172786 0.161145 0.977028 0.139456 -0.194512 -0.107091 0.975037
3.475086 -52.615408 -1083.578525 -219.560483 0.832681 0.021866 0.553321 -0.357344 -0.742105 0.567085 -0.423023 0.669927 0.610123
-2.238901 -50.714286 -542.809464 -794.728293 0.837292 -0.004425 0.546738 -0.386469 -0.712139 0.586088 -0.386761 0.702024 0.597979
-2.122768 -50.918776 -594.002991 511.401549 0.849609 0.027781 0.526681 -0.405197 -0.604852 0.685543 -0.337609 0.795853 0.502631
-7.630191 -32.687178 -1403.030409 498.617196 0.838816 -0.372049 0.397452 0.490535 0.199844 -0.848197 -0.236143 -0.906445 -0.350135
7.710104 -30.072656 -4559.974279 285.374320 0.917743 -0.351001 0.185867 0.289463 0.270664 -0.918124 -0.271955 -0.896403 -0.350002
7.165112 -29.228405 -3437.697104 -45.453097 0.944442 -0.304128 0.124638 0.251469 0.424438 -0.869837 -0.211641 -0.852853 -0.477336
-16.227034 -32.873648 -1755.363085 2736.912511 0.773578 0.372727 -0.512496 -0.615582 0.634000 -0.468084 -0.150455 -0.677583 -0.719892
-27.280388 -50.659246 -1808.134634 -4108.129120 0.553343 0.599397 -0.578390 0.832618 -0.378318 0.404503 0.023643 -0.705407 -0.708408
-17.867256 -51.292925 -2467.532920 -2616.956382 0.531863 0.505109 -0.679696 0.843872 -0.249101 0.475214 0.070722 -0.826325 -0.558735
-23.510445 -38.628936 -1967.028444 -3310.405147 0.682974 0.502021 -0.530586 0.724676 -0.556788 0.405994 -0.091607 -0.661786 -0.744075
108.061618 -22.881241 -13823.304392 1375.975183 0.994268 -0.056067 0.091031 -0.013407 -0.910122 -0.414124 -0.106068 -0.410530 0.905657
149.962381 -11.287624 -18529.626778 743.565574 0.984179 0.139289 -0.109501 0.082675 -0.907652 -0.411501 0.156706 -0.395938 0.904808
143.550721 -18.718349 -21464.595069 293.478510 0.998905 0.041936 0.020747 0.046787 -0.897149 -0.439244 -0.000193 -0.439733 0.898128
-5.135256 -25.435607 -4.569634 -623.467882 0.939985 -0.059764 0.335941 0.221306 -0.642598 -0.733547 -0.259714 -0.763869 0.590806
17.825173 -21.464553 -1629.429477 -366.983318 0.988120 0.069674 0.136986 -0.015438 0.931822 -0.362588 0.152909 -0.356165 -0.921827
15.038239 -24.150145 -2224.631473 -661.708055 0.991921 -0.002686 0.126832 0.035635 0.965421 -0.258250 0.121753 -0.260683 -0.957716
23.432700 -18.048877 16.245049 -45.929641 0.965746 0.188060 0.178797 -0.092582 0.893400 -0.439619 0.242413 -0.408007 -0.880208
13.910946 -23.422167 -1665.914081 -692.902505 0.993207 -0.018011 0.114962 0.059775 0.926607 -0.371250 0.099838 -0.375600 -0.921389
17.273110 -20.123735 -35.630673 -475.866006 0.978999 0.150353 0.137677 -0.065409 0.871286 -0.486397 0.193088 -0.467177 -0.862823
-4.279276 -117.972071 -689.390071 9375.759567 0.629836 0.343500 -0.696645 0.053354 0.875645 0.479998 0.774893 -0.339489 0.533186
-6.829545 -129.595829 -1005.402696 4914.752349 0.670304 0.324370 -0.667440 0.289154 0.714158 0.637470 0.683434 -0.620292 0.384911
-9.242673 -133.608852 -710.149023 -43.339895 0.673694 0.332253 -0.660109 -0.509421 -0.438313 -0.740521 0.535375 -0.835159 0.126032
-13.996728 -146.449445 -1845.873196 -1382.251574 0.702995 0.345472 -0.621649 -0.488303 -0.401034 -0.775069 0.517066 -0.848423 0.113230
-11.340506 -134.267025 -712.680281 6386.516279 0.648361 0.403873 -0.645380 0.283913 0.658287 0.697174 0.706415 -0.635252 0.312143
31.250378 -52.937028 -206.657401 -2025.277076 -0.059060 0.759064 -0.648331 0.928565 0.280181 0.243446 0.366441 -0.587640 -0.721388
22.214552 -47.949459 -1888.488762 -3151.248980 -0.075898 0.734150 -0.674732 0.981622 0.173841 0.078731 0.175096 -0.656356 -0.733851
17.689875 -46.067132 -1637.217182 -2478.472724 0.074900 0.724768 -0.684910 0.988493 0.036557 0.146784 0.131423 -0.688023 -0.713690
30.323649 -55.858116 -1161.085496 -1945.159753 0.115323 0.705216 -0.699550 0.924873 0.180681 0.334612 0.362369 -0.685583 -0.631399
-5.276801 -633.287490 3791.883315 -99890.321713 -0.665046 -0.676426 0.316483 0.690291 -0.395079 0.606144 -0.284975 0.621579 0.729677
-10.999609 -315.978608 -1861.886231 -43134.786460 0.642570 0.672031 -0.368074 0.405697 0.109113 0.907471 -0.650011 0.732440 0.202528
39.357393 -3880.053088 -1542.523787 -802559.318989 0.627859 0.643220 -0.438246 0.472352 0.132624 0.871375 -0.618608 0.754108 0.220558
0.171846 -1720.351556 -4855.907771 -362691.190348 -0.464127 -0.752017 0.468035 0.784482 -0.103625 0.611432 -0.411307 0.650948 0.638039
-75.958631 -1312.651298 -1336.610525 359551.421348 -0.659208 -0.684236 0.311874 0.743338 -0.655588 0.132867 0.113548 0.319415 0.940787
-1.989327 -11.662594 33.483031 -350.096221 -0.848942 -0.495215 -0.184553 -0.442212 0.856855 -0.265044 0.289389 -0.143396 -0.946410
-7.509909 -45.361883 -1920.351440 1805.276853 0.668149 -0.698526 -0.256199 0.627879 0.714107 -0.309545 0.399179 0.045961 0.915720
2.529936 -78.595720 -1216.371345 12530.969910 0.722362 -0.641518 -0.258163 0.601989 0.767093 -0.221760 0.340298 0.004780 0.940306
-3.471132 -87.446920 -2460.823266 14853.741399 0.682606 -0.694644 -0.226976 0.633052 0.717240 -0.291226 0.365094 0.055105 0.929338
-15.051358 -54.436244 -3217.297524 -1932.108908 -0.696712 0.077378 -0.713165 0.717351 0.075782 -0.692579 0.000454 -0.994118 -0.108306
-35.774283 -50.012295 1080.894557 2978.759928 0.543132 0.507997 -0.668541 0.703086 0.160098 0.692848 0.458997 -0.846350 -0.270211
-38.697546 -47.487729 418.290031 4111.776527 0.559164 0.343342 -0.754620 0.705901 0.280178 0.650541 0.434786 -0.896447 -0.085700
-37.821004 -56.140568 1141.021739 1239.319899 0.496033 0.438180 -0.749633 0.802976 0.097046 0.588057 0.330424 -0.893633 -0.303710
-30.401377 -38.780241 5009.573548 -1282.042849 0.823795 0.561474 0.078163 0.043377 0.075043 -0.996236 0.565226 -0.824085 -0.037465
-34.749503 -55.607678 1727.324450 -522.346893 0.444188 0.566659 -0.693970 0.852180 -0.028119 0.522493 0.276562 -0.823472 -0.495385
-29.681004 -41.540406 1890.291901 -3336.802096 0.700627 0.609427 -0.371107 -0.410763 -0.080783 -0.908156 0.583434 -0.788716 -0.193732
-27.934201 -49.433916 1723.057490 1523.584206 0.548364 0.633209 -0.546209 0.679606 0.043148 0.732308 0.487271 -0.772778 -0.406671
-4.145214 -28.252710 -573.234869 419.345775 -0.141920 -0.387243 0.910990 0.699599 0.611841 0.369069 -0.700300 0.689706 0.184082
-2.957210 -29.618777 -422.597951 10.884158 -0.140453 -0.373724 0.916844 0.681191 0.635540 0.363412 -0.718507 0.675588 0.165314
-3.475786 -32.129050 -760.127856 923.363522 -0.166298 -0.389161 0.906035 0.618323 0.674591 0.403241 -0.768129 0.627280 0.128444
-1.996026 -33.139423 -96.051013 991.401935 -0.131726 -0.376566 0.916977 0.608480 0.699545 0.374685 -0.782560 0.607317 0.136985
-4.351283 -29.960739 -548.317007 874.704211 -0.160331 -0.418850 0.893789 0.640478 0.644849 0.417082 -0.751054 0.639324 0.164875
-3.453764 -33.261110 -366.214572 1431.109923 -0.177242 -0.438927 0.880868 0.556572 0.693463 0.457534 -0.811673 0.571360 0.121384
-1.273250 -38.328459 -427.076637 2445.115089 -0.154639 -0.392205 0.906787 0.519770 0.748246 0.412272 -0.840194 0.535074 0.088148
-4.362452 -38.764477 24.747312 -641.494619 0.936711 0.189800 0.294192 0.274306 0.124286 -0.953577 0.217553 -0.973924 -0.064357
-3.739402 -35.348523 -21.535603 -970.349988 0.953323 0.184982 0.238657 0.262639 -0.118006 -0.957651 0.148986 -0.975631 0.161082
-4.335837 -33.740917 -34.188833 -756.196131 0.961962 0.157240 0.223393 0.243087 -0.119564 -0.962608 0.124651 -0.980296 0.153239
-0.119396 -46.417977 81.893398 -1239.683227 0.891475 0.291371 0.346951 0.404231 -0.165662 -0.899530 0.204620 -0.942157 0.265464
-0.873213 -49.031378 144.835781 -568.699610 0.886777 0.295137 0.355698 0.357800 0.048817 -0.932521 0.292586 -0.954207 0.062310
-1.230332 -47.728493 143.959041 -802.792007 0.891627 0.290308 0.347451 0.359885 0.011243 -0.932929 0.274743 -0.956867 0.094453
1.282416 -50.283524 377.225670 -2907.748399 0.880945 0.308321 0.358991 0.391078 -0.047201 -0.919146 0.266448 -0.950110 0.162160
3.018135 -42.556443 474.501291 -2362.401313 0.877329 0.294499 0.378900 0.446753 -0.212914 -0.868953 0.175232 -0.931632 0.318364
-1.305411 -60.206810 228.857400 -1174.829010 -0.239263 -0.697846 0.675103 0.969864 -0.138823 0.200230 -0.046010 0.702666 0.710031
-2.667163 -63.840600 343.268324 -2085.568790 -0.241931 -0.693963 0.678148 0.960992 -0.267916 0.068672 0.134031 0.668308 0.731710
-2.692970 -27.667115 -164.650016 757.360563 0.886097 0.129012 0.445183 -0.326692 0.855176 0.402425 0.328792 0.502025 -0.799916
0.202958 -56.598139 -847.964062 2730.339845 0.181936 0.503588 -0.844570 0.853855 -0.506889 -0.118304 -0.487679 -0.699616 -0.522212
-2.429734 -62.490851 635.980444 -2587.619458 -0.166189 -0.515875 0.840390 -0.756674 0.613201 0.226781 -0.632318 -0.598213 -0.492256
-5.063538 -62.102509 104.059112 -2532.624085 -0.204837 -0.508393 0.836408 -0.732005 0.646849 0.213905 -0.649777 -0.568439 -0.504645
12.525529 -216.537023 -2263.445433 32201.259489 0.260876 0.599147 -0.756946 0.850464 -0.513650 -0.113464 -0.456787 -0.614155 -0.643552
7.667371 -98.949704 -608.625597 11967.982005 0.406560 0.531332 -0.743233 0.878382 -0.451085 0.158010 -0.251306 -0.717083 -0.650106
10.465166 -30.447869 1282.221713 -522.447411 -0.466533 -0.790826 0.396158 0.720985 -0.080558 0.688252 -0.512374 0.606716 0.607757
13.902665 -32.318831 1262.722792 -388.400612 -0.502644 -0.773275 0.386517 0.745948 -0.161978 0.646006 -0.436933 0.613032 0.658241
36.016213 -493.936009 -2766.648198 -86887.759719 0.481672 0.568527 -0.666910 -0.181664 0.809253 0.558665 0.857315 -0.147940 0.493076
9.010002 -28.825400 -305.426361 279.371761 0.875799 -0.131019 0.464554 -0.334365 -0.858802 0.388150 -0.348105 0.495272 0.795945
9.157640 -29.828725 -327.262457 -423.208949 0.870593 -0.116499 0.478012 0.281369 0.914896 -0.289476 -0.403607 0.386513 0.829282
9.371842 -29.285412 -286.332228 -100.286502 0.859802 -0.132165 0.493227 -0.349661 -0.856317 0.380076 -0.372126 0.499252 0.782476
9.428758 -28.697678 298.397152 339.990459 0.901331 -0.104206 0.420409 -0.257247 -0.909682 0.326041 -0.348463 0.402020 0.846731
8.663008 -29.185909 206.957674 -272.184810 0.864932 -0.151638 0.478434 -0.396776 -0.790354 0.466808 -0.307346 0.593588 0.743768
7.577836 -29.279990 -100.390232 262.659001 0.876857 -0.146603 0.457853 -0.379644 -0.795443 0.472377 -0.294944 0.588029 0.753147
7.839571 -28.506879 -89.481835 482.952744 0.894119 -0.120135 0.431415 -0.312868 -0.856828 0.409828 -0.320414 0.501411 0.803693
-11.042232 -28.152591 -1038.658148 34.396523 0.646029 -0.142029 0.749983 -0.345277 0.821897 0.453067 -0.680757 -0.551646 0.481930
-7.298162 -27.898366 -1210.792618 -96.482921 0.627047 -0.165815 0.761129 -0.423776 0.747236 0.511910 -0.653625 -0.643540 0.398284
-3.629907 -27.338705 -1650.502240 210.732628 0.620415 -0.195833 0.759430 0.486187 -0.663772 -0.568356 -0.615391 -0.721842 0.316603
-7.854186 -27.358837 -962.019120 122.801041 0.624063 -0.162192 0.764356 0.512418 -0.653550 -0.557046 -0.589893 -0.739301 0.324746
-10.859973 -27.939931 -889.299121 30.162017 0.646514 -0.140839 0.749789 0.437440 -0.736765 -0.515581 -0.625032 -0.661318 0.414720
