17743
35471
-40.018858 -57.161079 81.505062 6062.563019 0.183076 0.968498 -0.168803 0.953422 -0.216783 -0.209742 0.239729 0.122542 0.963075
-45.006629 -67.657229 57.643607 5627.334103 -0.060411 -0.984684 0.163546 0.989683 -0.080412 -0.118581 0.129916 0.154695 0.979383
-41.845295 -73.216459 -2521.835365 11104.299336 -0.294053 0.955556 -0.021106 0.936186 0.283502 -0.207805 0.192586 0.080864 0.977943
-37.478973 -56.624646 -53.980525 4610.405891 0.403065 0.866609 -0.294156 0.883725 -0.452095 -0.120993 0.237840 0.211185 0.948068
-36.089092 -50.683932 -1927.659824 6694.863209 0.164910 0.978705 -0.122237 0.933576 -0.194870 -0.300767 0.318183 0.064519 0.945831
-31.664094 -48.304944 -552.848093 3817.648043 0.509095 0.810739 -0.289006 0.800231 -0.569486 -0.187925 0.316943 0.135600 0.938701
-52.735394 -70.691189 -3136.604483 3751.380272 0.692169 -0.695383 -0.193245 0.386581 0.131105 0.912889 0.609472 0.706579 -0.359569
-56.644640 -77.085236 3568.706786 -964.124898 -0.639796 0.765046 0.073248 -0.412119 -0.261072 -0.872926 0.648705 0.588682 -0.482323
-52.321442 -75.761912 -3014.677536 1201.723925 0.716863 -0.695988 -0.041335 0.389989 0.351129 0.851244 0.577942 0.626345 -0.523139
-48.303623 -72.692486 -683.579321 2224.329367 0.750501 -0.652066 -0.107506 0.385724 0.300113 0.872439 0.536624 0.696234 -0.476752
-47.400126 -67.781731 -463.329996 3590.725625 0.724611 -0.620640 -0.299575 0.457139 0.107573 0.882866 0.515716 0.776681 -0.361668
-33.469253 -56.460449 2698.385172 -3071.298454 0.822054 0.362669 -0.438975 -0.273370 0.927641 0.254461 0.499496 -0.089178 0.861714
-33.069804 -52.838235 3020.439963 -1079.684439 0.857020 0.034845 -0.514103 0.077226 0.977757 0.195008 0.509463 -0.206829 0.835266
-29.376438 -48.398331 2299.380390 -2576.437134 0.814385 0.278066 -0.509368 -0.172547 0.954058 0.244953 0.554080 -0.111596 0.824950
-38.120093 -60.253627 2570.783275 -2253.332081 0.889475 0.197367 -0.412166 -0.105717 0.966330 0.234587 0.444588 -0.165086 0.880391
17.120470 -50.214400 -4284.378460 -262.206088 0.359950 0.931646 -0.049722 -0.071742 -0.025497 -0.997097 0.930209 -0.362472 -0.057661
15.713021 -48.972144 -7978.442089 795.126442 0.393318 0.917271 -0.062569 -0.196489 0.017380 -0.980352 0.898161 -0.397884 -0.187069
4.978550 -50.208558 -9239.476695 -129.903737 0.413659 0.907093 -0.077906 -0.101099 -0.039275 -0.994101 0.904801 -0.419095 -0.075459
10.538877 -47.418082 -11927.357293 1910.222420 -0.017046 0.665790 -0.745944 0.869073 0.378761 0.318203 0.494391 -0.642856 -0.585076
31.997575 -41.721406 -16134.731528 -679.026912 0.065805 0.693693 -0.717259 0.908392 0.255803 0.330739 0.412908 -0.673317 -0.613312
1.393808 -43.513145 -8561.253830 -1619.516133 -0.134745 0.619894 -0.773030 0.905461 0.393906 0.158045 0.402472 -0.678653 -0.614367
-10.220840 -48.852790 -5784.025053 331.621845 -0.216641 0.571813 -0.791263 0.837118 0.525826 0.150797 0.502295 -0.629712 -0.592590
-2.021302 -48.378124 -474.853721 -656.176046 0.094708 0.995499 0.003454 0.455391 -0.040239 -0.889382 0.885240 -0.085804 0.457152
-0.835230 -47.955092 -1194.421520 -4884.069763 0.107095 0.993927 0.025298 0.558177 -0.039048 -0.828803 0.822782 -0.102881 0.558968
-0.352191 -49.782058 -409.152759 -190.791601 0.091900 0.995392 0.027370 0.419651 -0.013789 -0.907581 0.903021 -0.094892 0.418985
-0.664661 -53.475138 -454.116627 2325.437011 0.091925 0.995711 0.010449 0.328375 -0.020406 -0.944327 0.940063 -0.090239 0.328843
-3.545195 -51.973370 -732.430150 1771.806189 0.096656 0.995175 -0.016893 0.343282 -0.049263 -0.937940 0.934246 -0.084858 0.346387
-6.558433 -61.997206 153.417217 8647.851280 0.096175 -0.986954 -0.129121 0.989458 0.108907 -0.095457 0.108274 -0.118579 0.987024
-7.543302 -56.506053 204.248062 2055.521083 -0.084885 0.988868 0.122209 0.983684 0.102695 -0.147713 0.158619 -0.107676 0.981451
-8.028887 -61.520536 -210.253258 7045.224206 0.108758 -0.986716 -0.120681 0.988309 0.120377 -0.093568 0.106853 -0.109094 0.988272
-5.892766 -58.344925 -847.304257 1097.805254 -0.064531 0.988085 0.139728 0.984019 0.086292 -0.155760 0.165962 -0.127444 0.977862
-5.554004 -62.094077 1631.289503 5180.005636 0.100594 -0.980795 -0.167097 0.990386 0.114741 -0.077261 0.094950 -0.157719 0.982909
-12.923509 -117.343480 -2249.770389 225.888644 -0.290752 0.953278 -0.082000 -0.800136 -0.195258 0.567148 -0.524639 -0.230511 -0.819523
-15.640656 -113.119413 -1321.125502 2197.262871 -0.285837 0.957106 -0.047375 -0.737119 -0.188010 0.649083 -0.612334 -0.220453 -0.759241
-15.551968 -116.536240 210.691981 807.164863 -0.238581 0.969630 -0.053821 -0.882244 -0.193250 0.429301 -0.405862 -0.149906 -0.901557
-12.422350 -116.996634 -1831.585756 317.335839 -0.254287 0.962352 -0.095999 -0.909289 -0.204086 0.362689 -0.329442 -0.179518 -0.926952
-5.406763 -122.743798 -4672.525727 1532.126380 -0.302356 0.945702 -0.119284 -0.868244 -0.221602 0.443898 -0.393362 -0.237783 -0.888102
5.389175 -104.522103 -3563.834265 -657.449003 0.291172 -0.953359 -0.079532 0.949385 0.277714 0.146775 -0.117842 -0.118244 0.985967
-4.508020 -104.424396 -887.065564 4125.095114 0.270207 -0.958036 -0.095686 0.962718 0.270159 0.013709 0.012716 -0.095823 0.995317
1.075549 -109.109721 2516.776095 255.939243 -0.291098 0.952612 0.088276 0.949924 0.298762 -0.091568 0.113603 -0.057200 0.991878
0.911351 -100.241698 2650.505597 -3024.313285 -0.266460 0.961258 0.070583 0.934377 0.239650 0.263641 -0.236512 -0.136201 0.962035
10.481708 -95.839871 4125.520435 -7214.619969 -0.293642 0.952906 0.075788 0.869856 0.233489 0.434550 -0.396390 -0.193527 0.897453
-2.160998 -113.832162 -239.790895 1877.891701 0.069523 0.996516 0.046076 0.337964 0.019928 -0.940948 0.938588 -0.080990 0.335401
-2.154444 -119.645083 248.189962 7918.963418 0.034517 0.995817 0.084596 0.535327 0.053057 -0.842977 0.843939 -0.074384 0.531256
-1.799502 -125.372696 11.775382 10050.734182 0.045475 0.995378 0.084588 0.524135 0.048310 -0.850264 0.850420 -0.083001 0.519516
-0.110137 -126.568727 345.541859 15062.463010 0.050992 0.996530 0.065781 0.430799 0.037476 -0.901669 0.901006 -0.074316 0.427394
-2.910621 -99.447348 750.558629 8628.185826 -0.809166 0.132835 -0.572368 0.361896 0.880089 -0.307367 0.462906 -0.455848 -0.760211
-2.866696 -97.826502 -242.293494 6176.861473 -0.796209 0.127991 -0.591328 0.325249 0.914676 -0.239961 0.510161 -0.383387 -0.769903
-4.032035 -119.260252 -254.579401 11509.224308 0.807941 -0.110709 0.578770 0.410665 0.810172 -0.418301 0.422593 -0.575643 -0.700036
-2.790185 -125.632221 -1075.495207 14610.103482 0.813280 -0.116537 0.570083 0.445276 0.755340 -0.480823 0.374573 -0.644888 -0.666194
9.760488 -41.279360 -94.470171 1104.867726 -0.043264 0.997727 -0.051666 0.922410 0.059757 0.381562 -0.383782 0.031149 0.922898
7.562826 -43.265573 -2021.851579 1423.029297 -0.053904 0.998450 -0.013871 0.930034 0.055257 0.363296 -0.363499 -0.006682 0.931571
7.287645 -42.004162 -2399.943048 -1441.477143 -0.047586 0.998728 -0.016647 0.878914 0.049784 0.474375 -0.474600 -0.007942 0.880166
-3.816162 -68.150580 1698.637575 4840.591366 -0.126335 0.974676 0.184517 0.950380 0.172230 -0.259066 0.284285 -0.142632 0.948071
-3.488644 -63.161706 1676.322432 3262.287989 -0.170653 0.964807 0.200063 0.903623 0.234197 -0.358633 0.392866 -0.119580 0.911788
-2.151848 -68.672100 1113.259297 4869.764305 -0.147272 0.971299 0.186785 0.922495 0.203008 -0.328314 0.356810 -0.123957 0.925917
-1.750143 -59.712893 1394.137210 1902.795600 -0.186800 0.962072 0.198803 0.870640 0.255865 -0.420143 0.455074 -0.094603 0.885414
-8.892467 -41.631188 -396.858959 -2311.571984 -0.229027 0.968282 -0.099881 0.522527 0.208864 0.826645 -0.821287 -0.137134 0.553789
-10.467875 -40.490281 -1010.077228 -1473.039836 -0.236667 0.961722 -0.138125 0.521513 0.245692 0.817104 -0.819764 -0.121348 0.559698
-8.514993 -39.635700 -1705.999318 -585.584810 -0.256718 0.958126 -0.126847 0.452243 0.235076 0.860358 -0.854150 -0.163504 0.493654
-6.752364 -40.393188 -274.119553 -1694.105927 -0.243638 0.964597 -0.100959 0.463668 0.207274 0.861423 -0.851852 -0.163064 0.497752
-7.582817 -41.505432 -105.697103 -2019.138084 -0.234322 0.969695 -0.069172 0.548697 0.190655 0.813992 -0.802512 -0.152782 0.576743
1.120440 -224.433100 718.120978 -13318.706923 0.872000 -0.179852 0.455269 -0.446173 0.090563 0.890353 0.201362 0.979516 0.001274
3.046295 -228.866255 1260.130876 3270.693792 0.883202 -0.179436 0.433309 -0.468736 -0.307162 0.828214 0.015515 0.934588 0.355394
4.200672 -239.491043 425.863853 -11618.314212 0.874013 -0.165566 0.456824 -0.482339 -0.181980 0.856874 0.058736 0.969263 0.238912
-0.275970 -209.171807 -231.341266 -13275.431948 0.858452 -0.161547 0.486787 -0.396958 0.391737 0.830040 0.324783 0.905784 -0.272160
-1.510527 -204.406502 1042.462289 -14988.247088 0.860563 -0.189929 0.472607 -0.366700 0.412946 0.833671 0.353500 0.890732 -0.285719
2.867496 -229.111003 1144.178828 -21854.565997 0.861173 -0.175571 0.477027 -0.456473 0.145767 0.877716 0.223636 0.973615 -0.045387
-2.600296 -120.935037 -967.219808 6240.198458 0.841161 -0.172007 0.512701 -0.411342 -0.818968 0.400111 -0.351064 0.547453 0.759638
-2.193238 -113.515730 -1018.424408 -4274.744712 0.830324 -0.194825 0.522117 0.345472 0.915101 -0.207940 -0.437277 0.353035 0.827137
-2.380446 -108.218213 -727.621350 4225.058961 0.844094 -0.191770 0.500729 -0.403596 -0.842047 0.357865 -0.353009 0.504164 0.788165
-2.449594 -118.478509 1491.336964 -5544.127434 0.842057 -0.191389 0.504292 0.336389 0.917177 -0.213609 -0.421643 0.349509 0.836696
-1.917560 -116.276267 -1222.685412 4700.282313 0.853895 -0.161912 0.494619 -0.439166 -0.734150 0.517840 -0.279280 0.659400 0.697993
-3.673068 -124.975603 1696.415432 3963.935249 0.852210 -0.174223 0.493340 -0.421133 -0.787942 0.449215 -0.310460 0.590587 0.744863
-1.927420 -129.573601 -536.541850 2232.377717 0.855511 -0.149042 0.495871 -0.467604 -0.633673 0.616283 -0.222369 0.759108 0.611807
5.500013 -362.737931 1014.710703 -45372.703176 0.881868 -0.123045 0.455157 -0.468725 -0.124286 0.874557 0.051040 0.984588 0.167278
6.416417 -350.136311 -3857.333674 -29977.981042 0.870631 -0.100663 0.481526 -0.491911 -0.187888 0.850130 -0.004896 0.977018 0.213098
7.571689 -319.963289 -3911.368353 -18456.558054 0.861805 -0.105265 0.496196 -0.468625 0.209133 0.858285 0.194119 0.972205 -0.130902
4.766368 -71.979125 484.906446 -6165.998925 0.725013 -0.160477 0.669779 -0.420140 0.667529 0.614725 0.545746 0.727085 -0.416544
-3.016129 -57.564977 1581.020494 -4439.286301 0.729833 -0.184220 0.658336 -0.313877 0.765204 0.562089 0.607310 0.616868 -0.500649
3.698945 -70.939914 1733.228237 -6374.640187 0.747529 -0.239145 0.619686 -0.353670 0.646394 0.676086 0.562244 0.724558 -0.398620
3.079301 -60.874191 2246.390396 -4580.650584 0.698670 -0.113234 0.706427 -0.379810 0.778067 0.500357 0.606304 0.617892 -0.500604
12.052371 -85.662493 2015.921574 -8205.970574 0.732143 -0.232402 0.640279 -0.451526 0.538204 0.711661 0.509991 0.810140 -0.289106
11.991374 -86.036841 -2301.940761 -7045.833000 0.728223 -0.125183 0.673810 -0.513735 0.551039 0.657596 0.453616 0.825037 -0.336968
-2.378718 -82.839350 1126.118599 3613.512914 -0.799672 0.174392 -0.574554 0.313772 0.937213 -0.152244 0.511930 -0.302025 -0.804182
-0.589464 -79.293913 489.315300 4189.074552 -0.803645 0.152004 -0.575369 0.331715 0.917121 -0.221031 0.494085 -0.368489 -0.787461
-1.454427 -74.948654 213.504428 401.451457 -0.780726 0.211912 -0.587844 0.298106 0.953097 -0.052338 0.549181 -0.216101 -0.807280
-1.309089 -79.672653 498.985607 1114.628378 -0.784570 0.199388 -0.587107 0.252634 0.967520 -0.009023 0.566238 -0.155402 -0.809459
-2.827153 -84.529241 429.725131 4712.622826 -0.794528 0.159654 -0.585863 0.297094 0.943658 -0.145752 0.529585 -0.289861 -0.797196
-0.961285 -78.192468 486.063351 -157.208653 -0.779175 0.227240 -0.584165 0.257599 0.965719 0.032071 0.571428 -0.125491 -0.811001
-11.172064 -35.945164 -3271.512603 -355.966034 0.043371 0.803026 -0.594364 0.050950 -0.595927 -0.801421 0.997759 -0.004475 0.066760
-9.008417 -38.653266 -4125.759118 -1852.196951 0.052897 0.774928 -0.629833 -0.032188 -0.629065 -0.776686 0.998081 -0.061357 0.008332
-14.520719 -35.464525 -2384.678468 -1070.068878 0.004094 0.795238 -0.606283 0.007331 -0.606296 -0.795205 0.999965 0.001189 0.008312
-14.064845 -33.669538 -1833.542915 -689.077937 0.001119 0.810463 -0.585788 0.077752 -0.584086 -0.807959 0.996972 0.044642 0.063669
-12.648758 -34.070456 -2453.237849 -629.452139 0.024615 0.824874 -0.564781 0.135368 -0.562499 -0.815641 0.990490 0.056377 0.125507
-3.205019 -65.984256 -457.270258 -580.305418 -0.233081 0.961738 0.143988 0.643899 0.041672 0.763975 -0.728743 -0.270782 0.628976
-3.090292 -69.499885 -594.699631 -1872.266304 -0.219889 0.959846 0.174197 0.744796 0.049859 0.665427 -0.630022 -0.276062 0.725853
-2.978964 -62.611866 -139.133424 -911.745214 -0.220941 0.963213 0.152992 0.726421 0.057854 0.684810 -0.650767 -0.262439 0.712481
-3.069022 -67.073838 -381.427855 -521.608688 -0.194652 0.962958 0.186608 0.832902 0.061789 0.549960 -0.518058 -0.262477 0.814077
-12.639164 -88.035340 -997.108642 1520.363109 -0.084114 0.992637 0.087154 0.022879 0.089365 -0.995736 0.996193 0.081762 0.030228
-10.598951 -89.700923 -917.582546 1016.926492 -0.060548 0.995189 0.077028 0.057797 0.080536 -0.995075 0.996491 0.055798 0.062395
-12.537049 -92.175399 -1431.194585 544.059131 -0.058756 0.995790 0.070355 -0.102032 0.064117 -0.992713 0.993044 0.065506 -0.097835
28.278351 -36.494090 11880.177848 535.836744 -0.791501 0.138781 -0.595202 0.188786 0.981769 -0.022134 0.581279 -0.129885 -0.803271
10.388534 -37.270986 10702.982402 817.541405 -0.780370 0.236723 -0.578779 0.285259 0.958422 0.007383 0.556462 -0.159340 -0.815451
31.475853 -37.351488 12774.769440 -926.079739 -0.800133 0.128839 -0.585823 0.235416 0.965747 -0.109143 0.551694 -0.225241 -0.803056
-4.390124 -524.831359 -5032.230723 156872.144549 -0.184389 -0.500002 0.846167 0.772302 0.458786 0.439391 -0.607906 0.734516 0.301558
-20.745249 -673.965100 -6463.242452 150655.463092 -0.185440 -0.414043 0.891168 0.433095 0.779626 0.452341 -0.882066 0.469843 0.034746
-32.938373 -462.303718 -6167.110601 92430.621011 -0.132014 -0.408391 0.903210 0.551594 0.726812 0.409253 -0.823599 0.552233 0.129317
4.106095 -463.760840 -2616.628419 119352.157791 -0.146149 -0.505769 0.850199 0.778906 0.470999 0.414084 -0.609874 0.722743 0.325110
-3.233827 -813.993083 2478.382913 -271597.674352 -0.080218 0.263222 -0.961394 0.930555 0.365465 0.022416 0.357257 -0.892832 -0.274259
5.159700 -526.699463 1305.231514 -125014.877278 -0.056957 0.296274 -0.953403 0.594054 0.777564 0.206142 0.802406 -0.554631 -0.220291
-3.804392 -738.656986 1851.015589 -200613.862369 -0.038648 0.343152 -0.938485 0.521232 0.808215 0.274054 0.852540 -0.478576 -0.210097
-7.736025 -1174.568997 4131.998252 -434899.609480 -0.110037 0.247094 -0.962723 0.799421 0.597563 0.061999 0.590607 -0.762800 -0.263286
-3.876380 -1024.934243 -3222.335601 -370375.380816 0.048602 0.328611 -0.943214 0.950676 0.274423 0.144594 0.306354 -0.903718 -0.299065
12.242383 -23.342199 -1149.495043 3655.953291 -0.112211 0.993104 -0.033945 0.988627 0.115017 0.096893 -0.100129 0.022686 0.994716
15.234224 -17.062429 -481.889389 2261.775794 -0.153245 0.986190 -0.062816 0.985766 0.157008 0.060114 -0.069146 0.052709 0.996213
12.778762 -16.715383 -1572.029539 2228.119766 -0.125461 0.991996 -0.014246 0.990586 0.126050 0.053398 -0.054766 0.007413 0.998472
8.949977 -21.926206 -1929.994308 3553.279687 -0.066422 0.997702 0.013353 0.995029 0.065237 0.075244 -0.074200 -0.018284 0.997076
8.407041 -29.440046 -2141.383063 3989.906688 -0.046043 0.998879 0.011023 0.989783 0.044128 0.135583 -0.134945 -0.017154 0.990705
10.439370 -33.378499 -1465.860822 3586.717831 -0.083051 0.996165 -0.027520 0.977877 0.086784 0.190330 -0.191988 0.011104 0.981334
-33.455921 -51.510422 -7383.712953 -797.846372 -0.259769 0.918830 0.297107 -0.660714 -0.393494 0.639234 -0.704257 0.030250 -0.709301
-42.077491 -50.423150 -975.118063 -1374.130171 -0.466812 0.619858 0.630764 0.485007 0.775857 -0.403501 -0.739496 0.117566 -0.662815
-44.682214 -48.701775 -2796.746779 -583.240125 -0.356241 0.809295 0.467048 -0.671057 -0.569411 0.474819 -0.650211 0.144266 -0.745931
-32.095706 -49.320828 -7157.998697 -972.389966 0.047198 0.998671 0.020693 -0.794221 0.024955 0.607116 -0.605793 0.045089 -0.794343
-45.916019 -48.485472 -3887.776140 263.525574 0.011187 0.978372 0.206552 -0.824880 -0.107728 0.554949 -0.565197 0.176588 -0.805834
-54.920976 -62.941135 2659.522867 -2605.822665 0.998198 0.022553 -0.055613 0.010914 0.843020 0.537772 -0.059011 0.537409 -0.841254
-53.077113 -59.061985 2522.979341 -2160.875657 0.975375 -0.192736 -0.107225 0.220405 0.869715 0.441608 -0.008142 0.454367 -0.890778
-53.994377 -58.662813 2388.824821 -1992.144193 0.914364 -0.306401 -0.264684 0.384479 0.862007 0.330333 -0.126946 0.403810 -0.905993
1.387537 -52.763652 3449.743483 365.331550 0.095751 0.980775 0.170033 -0.721530 -0.049290 0.690627 -0.685731 0.188812 -0.702939
1.709256 -52.269504 4327.436607 -71.559276 0.106101 0.978997 0.174090 -0.641956 -0.066262 0.763873 -0.759365 0.192805 -0.621442
7.472146 -52.576849 7383.078179 480.994180 0.124380 0.981156 0.147861 -0.721528 -0.012858 0.692266 -0.681122 0.192790 -0.706332
7.059757 -52.822740 5465.672468 118.742878 0.113919 0.981182 0.155897 -0.786120 -0.006926 0.618035 -0.607484 0.192960 -0.770538
-2.536847 -37.779520 -797.033781 -6512.435241 -0.651793 0.441729 -0.616475 0.394448 0.891722 0.221908 0.647747 -0.098529 -0.755457
1.162940 -35.045875 -879.446687 -5281.237712 -0.694033 0.308451 -0.650519 0.290300 0.946758 0.139198 0.658820 -0.092238 -0.746625
-4.002466 -29.652020 -805.397958 -6893.150247 -0.664105 0.402265 -0.630197 0.403907 0.902360 0.150352 0.629146 -0.154691 -0.761739
-7.796334 -19.985318 -733.216230 -2381.348134 -0.533125 0.622181 -0.573296 0.582976 0.761232 0.284016 0.613120 -0.182802 -0.768548
-6.920046 -30.943473 -1222.468342 -5893.876206 -0.586594 0.558440 -0.586559 0.513522 0.816514 0.263819 0.626261 -0.146456 -0.765734
-4.353891 -47.991137 771.480947 -775.357043 -0.099034 -0.968462 -0.228636 0.990563 -0.117825 0.070019 -0.094750 -0.219544 0.970991
-5.138348 -48.522027 857.882940 -668.206267 -0.093190 -0.970878 -0.220708 0.995628 -0.089454 -0.026884 0.006358 -0.222248 0.974969
-5.844926 -48.614127 1092.615215 -908.474428 -0.107454 -0.968757 -0.223523 0.987713 -0.129679 0.087210 -0.113472 -0.211406 0.970789
7.903393 -74.614261 -1335.180598 5199.205166 0.079008 0.990710 -0.110684 0.992373 -0.067625 0.103071 0.094628 -0.117983 -0.988497
10.638971 -69.591036 -1251.392011 -4980.999495 0.073324 0.992673 -0.096039 -0.982244 0.055207 -0.179301 0.172685 -0.107481 -0.979095
10.050685 -73.749486 -848.871788 9215.252481 0.073327 0.993543 -0.086572 0.994771 -0.066677 0.077360 0.071088 -0.091791 -0.993238
8.828590 -77.787054 -127.115628 -1881.810977 0.075958 0.993610 -0.083484 -0.992684 0.083236 0.087461 -0.093851 -0.076230 -0.992664
8.618868 -69.915835 -2016.936307 -319.851191 0.068994 0.990151 -0.121823 -0.973128 0.039906 -0.226779 0.219684 -0.134196 -0.966297
19.507945 -113.946437 2619.327996 -2351.964769 -0.084364 0.981683 0.170827 0.871224 0.155872 -0.465481 0.483582 -0.109559 0.868415
16.596117 -106.579681 2662.774858 -6861.277044 -0.054426 0.988470 0.141298 0.971806 0.084950 -0.219948 0.229415 -0.125343 0.965224
14.646252 -106.242382 1847.969428 -5518.360117 -0.084736 0.987222 0.134953 0.925194 0.128237 -0.357171 0.369913 -0.094592 0.924239
14.754913 -108.289372 2933.020924 1941.704724 -0.110288 0.983692 0.142080 0.804978 0.172254 -0.567750 0.582965 -0.051755 0.810847
298.178712 -35.016709 135436.893513 4972.501987 0.058134 0.978579 0.197493 0.598109 0.124251 -0.791724 0.799303 -0.164148 0.578074
286.376830 -35.806308 110344.655691 1724.103976 0.189735 0.928348 0.319641 0.591457 0.151786 -0.791921 0.783696 -0.339309 0.520279
370.395355 -41.823130 123236.336719 -1417.493192 0.217229 0.931685 0.291161 0.621615 0.097942 -0.777176 0.752600 -0.349815 0.557873
558.249975 -43.656586 180281.450888 -8340.651859 0.416965 0.788790 0.451609 0.645203 0.093100 -0.758318 0.640199 -0.607571 0.470110
-12.283763 -80.267993 -147.268194 -5387.827746 -0.070810 0.989910 0.122734 -0.510067 0.069805 -0.857297 0.857215 0.123308 -0.499977
-10.567064 -74.718838 792.857435 -2449.487377 -0.091369 0.987095 0.131512 -0.410027 0.083058 -0.908284 0.907485 0.136913 -0.397146
-13.479426 -79.314202 601.961393 -2579.567128 -0.064492 0.992860 0.100343 -0.454663 0.060275 -0.888622 0.888325 0.102932 -0.447530
-13.736021 -89.016529 -467.519392 -4081.100441 -0.054470 0.993468 0.100271 -0.616930 0.045476 -0.785703 0.785131 0.104657 -0.610423
16.154240 -46.199163 4108.913280 -1012.864489 0.108864 0.982131 0.153515 -0.962612 0.065620 0.262817 -0.248047 0.176386 -0.952555
15.538082 -47.703976 370.433193 -1830.990600 0.091255 0.983419 0.156714 -0.953903 0.041142 0.297283 -0.285906 0.176618 -0.941841
17.767827 -48.757080 7190.092735 -1135.213111 0.123144 0.979561 0.159048 -0.927451 0.056576 0.369640 -0.353087 0.193028 -0.915462
21.771921 -46.449286 6865.142977 -612.117277 0.112536 0.984535 0.134266 -0.958895 0.072180 0.274427 -0.260491 0.159630 -0.952188
-11.919533 -21.919782 -3427.693444 2867.341834 -0.442077 -0.478859 0.758460 -0.274836 0.877217 0.393645 -0.853835 -0.034430 -0.519405
-17.666516 -27.098481 3118.969575 3086.015045 -0.517481 0.178706 0.836826 0.005395 0.978611 -0.205649 -0.855677 -0.101905 -0.507377
-11.389823 -25.496601 1273.819409 4463.332291 -0.502775 0.090657 0.859650 0.005872 0.994820 -0.101478 -0.864397 -0.045972 -0.500703
-6.113470 -17.533296 -3644.151122 2569.683561 -0.460099 -0.424512 0.779807 -0.219614 0.905413 0.363314 -0.860278 -0.004096 -0.509809
-5.994029 -17.551251 -2481.707639 2567.924630 -0.484530 -0.277535 0.829581 -0.133144 0.960686 0.243631 -0.864583 0.007592 -0.502433
-9.661596 -30.144132 444.399898 4222.418583 -0.486563 0.174774 0.855985 0.033983 0.982830 -0.181356 -0.872984 -0.059152 -0.484148
-14.494097 -80.098192 -198.582016 -1680.953980 0.176634 0.984245 0.007917 -0.436999 0.085626 -0.895377 0.881948 -0.154694 -0.445238
-12.157493 -84.772385 484.871903 -2081.515561 0.187617 0.982227 0.005496 -0.570644 0.113551 -0.813309 0.799478 -0.149454 -0.581806
-14.671266 -83.256256 -322.170361 -3138.806626 0.165367 0.986214 0.005961 -0.537502 0.095192 -0.837873 0.826889 -0.135352 -0.545833
297.132332 -50.859814 94270.983870 -13031.835245 0.837464 0.545632 0.030663 0.434917 -0.631456 -0.641958 0.330911 -0.550952 0.766126
619.731980 -40.292053 189634.485370 -1168.433531 0.853409 0.458861 0.247266 0.498007 -0.577731 -0.646696 0.153890 -0.675036 0.721557
3596.999642 -149.711200 1294377.838432 -16573.763193 0.801052 0.591629 0.091053 0.521534 -0.615146 -0.591268 0.293800 -0.521123 0.801319
1427.014218 -107.943053 456533.116996 -13040.165419 0.780238 0.575684 0.244576 0.571213 -0.496496 -0.653611 0.254843 -0.649677 0.716223
-3.669255 -145.742493 -875.680743 -12566.613348 0.734272 0.435290 0.520929 0.621423 -0.739893 -0.257666 -0.273272 -0.512914 0.813782
-2.217354 -126.779470 1427.060899 -11167.399297 0.758482 0.440449 0.480322 0.562603 -0.814528 -0.141502 -0.328911 -0.377557 0.865603
-4.428060 -126.887504 -786.306724 6680.543078 0.728749 0.456623 0.510314 -0.543974 0.838687 0.026369 -0.415953 -0.296814 0.859584
-4.469089 -143.927831 -717.364003 -12128.665608 0.735799 0.451456 0.504765 0.589808 -0.793472 -0.150094 -0.332756 -0.408154 0.850108
-17.402789 -45.524933 -470.530280 1140.161753 0.038482 0.958788 0.281504 -0.637309 -0.193431 0.745937 -0.769647 0.208110 -0.603601
-16.023946 -45.287474 -331.156794 385.168103 0.040701 0.970365 0.238191 -0.674275 -0.149249 0.723242 -0.737358 0.190042 -0.648218
-14.508533 -45.569932 -182.408209 703.762831 0.043857 0.970964 0.235172 -0.587822 -0.165258 0.791932 -0.807801 0.172970 -0.563506
30.733536 -13.083806 -22918.923828 -6436.653916 0.119772 -0.188623 -0.974718 0.846606 0.532220 0.001037 0.518569 -0.825326 0.223435
-40.011415 -51.266965 -27122.996860 -38217.340931 0.856206 0.379134 -0.350954 -0.172630 -0.430312 -0.886020 0.486940 -0.819201 0.302986
7.797884 -214.562230 -8560.594407 -123892.223964 -0.333439 -0.440568 -0.833498 0.831944 0.278389 -0.479968 0.443495 -0.853463 0.273702
14.371900 -8896.186007 27171.399367 -5060837.834221 0.258770 0.735404 0.626274 0.041922 -0.656297 0.753337 -0.965029 0.168686 0.200660
709.050035 -3463.511502 250030.756269 -1477075.387041 0.378732 0.615983 0.690743 -0.515663 0.760207 -0.395193 -0.768540 -0.206519 0.605555
13.938302 -2748.645617 5395.430252 1375579.593609 0.275869 0.797717 0.536231 -0.405493 -0.409221 0.817382 -0.871477 0.442928 -0.210578
269.921781 -3739.230532 241670.476839 -421471.364173 0.314517 0.588027 0.745187 -0.171951 0.807331 -0.564491 -0.933548 0.049406 0.355031
-539.244799 -52710.626051 -130877.890309 -11751869.776466 0.442136 0.783081 0.437378 0.896896 -0.380732 -0.224990 -0.009662 0.491759 -0.870678
-0.500739 -966.661145 -4428.446441 -328147.445244 0.335364 0.712259 0.616618 0.709792 0.239341 -0.662503 -0.619456 0.659850 -0.425290
48.399647 -2541.506591 9305.377008 -625445.960153 0.439814 0.769446 0.463159 0.881651 -0.468137 -0.059497 0.171042 0.434512 -0.884276
26.786021 -12.210505 8786.629115 -3141.528640 -0.583344 0.808664 0.075978 -0.502188 -0.285571 -0.816245 0.638371 0.514307 -0.572688
45.323328 -17.377219 7009.867035 -3776.200669 -0.450187 0.888841 0.085403 -0.550938 -0.201223 -0.809924 0.702709 0.411669 -0.580284
40.449806 0.170449 8796.743309 -12120.252494 -0.571460 0.819474 0.043531 -0.445304 -0.265102 -0.855234 0.689302 0.508117 -0.516411
18.180453 -1.104087 8362.570919 -7045.116246 -0.670150 0.742224 0.001602 -0.404126 -0.363071 -0.839561 0.622560 0.563279 -0.543264
8.995949 -10.151666 5724.507015 -1223.955695 -0.661992 0.749232 -0.020443 -0.435855 -0.407007 -0.802730 0.609752 0.522491 -0.595992
-19.698566 -43.293711 2001.573982 1757.293298 0.593268 0.776054 0.213946 -0.685704 0.626400 -0.370721 0.421715 -0.073233 -0.903766
-19.488129 -41.064230 1609.353996 1868.952692 0.587707 0.788820 0.179897 -0.735999 0.613586 -0.286039 0.336016 -0.035703 -0.941179
-16.428316 -40.510183 2292.475986 1182.278763 0.515089 0.833261 0.200896 -0.755423 0.552064 -0.352933 0.404993 -0.030030 -0.913826
-15.726893 -37.129834 1583.848438 1344.512093 0.475758 0.862664 0.171652 -0.822776 0.505471 -0.259884 0.310958 0.017590 -0.950261
-0.468632 -47.796241 -276.622707 1964.066512 0.093245 0.970986 0.220209 0.907750 -0.173767 0.381832 -0.409018 -0.164290 0.897615
-1.246804 -48.407988 212.145907 1792.169950 0.065368 0.978255 0.196838 0.849838 -0.157961 0.502815 -0.522974 -0.134412 0.841684
1.563363 -48.677259 1090.099627 3425.268846 0.078485 0.977929 0.193638 0.907416 -0.150515 0.392354 -0.412839 -0.144917 0.899201
2.200350 -47.758370 399.910470 -210.598837 0.110025 0.971131 0.211656 0.927275 -0.176961 0.329918 -0.357849 -0.159964 0.919976
1.315695 -79.826326 -1029.516405 9188.472045 0.005467 0.997231 0.074170 0.553226 -0.064803 0.830507 -0.833013 -0.036492 0.552048
-0.027870 -69.664144 -657.867788 3095.877378 0.048901 0.991562 0.120060 0.663439 -0.122101 0.738201 -0.746631 -0.043554 0.663811
0.178119 -73.189691 -712.558096 9232.085918 0.005008 0.997558 0.069658 0.579416 -0.059668 0.812845 -0.815017 -0.036290 0.578300
-7.421597 -21.135071 -3137.674669 -3030.706324 -0.019285 0.661993 0.749262 -0.436613 0.668592 -0.601958 -0.899443 -0.338746 0.276141
-12.212917 -25.685180 -2222.761705 -1590.414505 0.085524 0.507752 0.857247 -0.375806 0.813288 -0.444222 -0.922744 -0.284167 0.260372
-4.597437 -23.079023 -2385.292454 -2062.907148 0.024955 0.581915 0.812867 -0.380649 0.757399 -0.530521 -0.924383 -0.296178 0.240406
18.505929 -272.743905 -962.066370 23275.312030 0.226118 0.971194 -0.075180 0.557846 -0.065837 0.827329 -0.798548 0.229013 0.556664
20.193397 -283.119673 290.118666 58936.456960 0.235481 0.970572 -0.050389 0.848201 -0.179928 0.498177 -0.474450 0.160051 0.865610
18.276096 -282.300559 -476.058636 50041.289635 0.199725 0.979470 -0.027370 0.743780 -0.133362 0.654985 -0.637888 0.151174 0.755146
14.662312 -271.728421 -1827.774775 6553.341277 0.172160 0.983849 -0.049004 0.334402 -0.011578 0.942359 -0.926572 0.178623 0.330995
15.249716 -229.848119 -1300.759443 36371.817079 0.164159 0.986383 -0.010057 0.676321 -0.105124 0.729067 -0.718082 0.126485 0.684368
15.856975 -193.827200 -1012.292792 32665.681089 0.206161 0.977684 0.040383 0.855856 -0.200170 0.476909 -0.474350 0.063758 0.878024
-40.583509 -101.056190 -28515.322541 -28213.592485 0.455591 -0.880632 0.130094 0.874271 0.415127 -0.251634 0.167592 0.228380 0.959039
-38.727927 -253.448057 19837.070529 -78438.314890 -0.316298 0.937453 -0.145389 0.900059 0.248124 -0.358230 0.299749 0.244166 0.922244
2.481237 -82.898772 10450.985611 -21373.090110 -0.434278 0.899223 -0.052925 0.873739 0.406226 -0.267508 0.219050 0.162415 0.962101
-32.346091 -77.190091 -18772.444549 -12700.619242 0.865983 -0.498980 -0.033049 -0.479736 -0.847603 0.226767 0.141165 0.180522 0.973388
8.189175 -27.591194 -4558.925358 510.677952 0.583379 -0.039995 0.811215 -0.550398 -0.753948 0.358643 -0.597270 0.655715 0.461851
12.670517 -32.667572 -4557.601250 460.717981 0.549777 -0.118327 0.826888 0.591369 0.754263 -0.285252 -0.589938 0.645822 0.484652
9.169142 -30.377787 -4683.114380 486.506941 0.484194 -0.178749 0.856507 0.610215 0.770535 -0.184155 -0.627051 0.611820 0.482164
-54.553158 -82.687131 -720.016244 8042.797916 0.360515 -0.927648 0.097461 0.932634 0.356828 -0.053540 0.014889 0.110198 0.993798
-48.464128 -76.126534 484.755811 4259.484376 -0.022400 -0.984058 0.176432 0.999700 -0.020304 0.013677 -0.009876 0.176685 0.984218
-41.854577 -68.343045 732.366540 5426.429130 -0.273841 -0.923780 0.267660 0.956370 -0.291008 -0.025906 0.101823 0.248888 0.963165
4.918568 -21.482167 2452.787376 1364.434281 0.167694 0.985098 0.038214 0.984665 -0.165477 -0.055250 0.048103 -0.046893 0.997741
8.167451 -23.480824 2765.815809 -697.807777 0.084352 0.995716 0.037876 0.992617 -0.080644 -0.090594 0.087151 -0.045238 0.995167
22.195130 -26.108813 9934.441565 1770.578608 0.178536 0.983579 0.026414 0.982890 -0.177047 -0.050813 0.045302 -0.035034 0.998359
3.117147 -19.594852 -1246.489619 -1851.818756 -0.004717 0.998666 0.051412 0.997622 0.008235 -0.068425 0.068757 -0.050967 0.996331
19.382555 -27.866326 -10420.618334 2981.030255 -0.283524 -0.958954 -0.004663 0.958965 -0.283517 -0.002155 0.000745 -0.005082 0.999987
1.967050 -24.334517 -2826.804355 3502.102597 -0.294335 -0.955119 -0.033390 0.955615 -0.293658 -0.023744 0.012873 -0.038897 0.999160
0.000267 -17.625167 1690.401901 385.225354 -0.042805 -0.997539 -0.055536 0.998115 -0.040251 -0.046318 0.043969 -0.057414 0.997382
6.640923 -3.725866 7334.076774 -1324.713369 -0.922541 0.050575 -0.382570 -0.012395 0.986980 0.160366 0.385699 0.152686 -0.909903
1.713368 -2.546117 6256.089010 -213.871025 -0.836196 -0.367266 -0.407298 -0.393048 0.919256 -0.021964 0.382477 0.141722 -0.913031
23.511281 1.080386 8499.774859 -2549.244383 -0.905455 -0.065868 -0.419301 -0.117028 0.988335 0.097458 0.407990 0.137314 -0.902601
-6.045254 -11.375828 -1412.098026 6871.240182 0.088952 0.975972 0.198915 -0.916787 0.158289 -0.366668 0.389344 0.149747 -0.908838
24.731322 -2.948690 8418.741569 -1126.456381 -0.909915 0.017983 -0.414405 -0.047736 0.987882 0.147684 0.412039 0.154162 -0.898030
14.555356 -6.375896 7368.409157 -599.821791 -0.917715 0.077319 -0.389643 0.006700 0.983748 0.179430 0.397183 0.162055 -0.903318
-4.424274 -8.971119 5042.023768 -2086.025307 -0.839020 0.471682 -0.271223 0.383219 0.866146 0.320834 0.386250 0.165248 -0.907471
-21.094739 -52.638549 -1290.438646 1512.206654 -0.493558 0.495954 -0.714443 0.758400 0.647527 -0.074423 0.425711 -0.578566 -0.695724
-18.230090 -52.242925 -502.098249 2422.114708 -0.543112 0.472128 -0.694352 0.709296 0.700529 -0.078472 0.449365 -0.535120 -0.715344
-21.983705 -51.983951 -84.338468 1834.401383 -0.500738 0.506539 -0.701911 0.705337 0.708823 0.008344 0.501758 -0.490906 -0.712215
-1.602539 -46.118877 -1065.281323 -3281.743592 0.100390 0.994511 0.029480 0.633385 -0.041030 -0.772748 0.767297 -0.096248 0.634028
-0.823413 -46.880353 -347.977921 -5304.771541 0.097567 0.994779 0.029924 0.571183 -0.031348 -0.820224 0.815003 -0.097119 0.571260
-14.913758 -106.525265 -475.880139 2202.418989 -0.280101 0.959948 -0.006488 -0.683601 -0.194712 0.703404 -0.673968 -0.201460 -0.710760
-15.570772 -110.267993 306.974743 -1159.462479 -0.241627 0.969883 -0.030704 -0.842485 -0.193978 0.502584 -0.481492 -0.147306 -0.863983
-7.079461 -107.197198 379.838012 -386.365998 -0.247676 0.963061 0.105690 0.957207 0.260098 -0.126904 0.149706 -0.069736 0.986268
-5.935132 -108.888209 -1434.990830 5998.074315 0.243854 -0.965521 -0.091127 0.968999 0.246417 -0.017853 0.039693 -0.083948 0.995679
-1.849306 -127.511398 744.772632 12892.837507 0.020371 0.995003 0.097740 0.646031 0.061511 -0.760829 0.763040 -0.078642 0.641550
-0.422634 -138.457372 144.571401 14682.775561 -0.011763 0.992235 0.123819 0.717206 0.094656 -0.690402 0.696762 -0.080683 0.712751
-9.870941 -89.961032 56.769099 7437.488614 -0.245154 0.962309 0.117737 0.823145 0.270767 -0.499116 0.512183 0.025445 0.858499
-10.601136 -84.503607 2031.110042 9658.483775 -0.251468 0.961607 0.109888 0.749857 0.265350 -0.606056 0.611947 0.070003 0.787795
-10.125911 -79.380816 953.368456 6770.976743 -0.262873 0.958057 0.114129 0.709312 0.272085 -0.650266 0.654044 0.089984 0.751085
-10.364775 -72.821936 -112.296709 2943.478902 -0.248100 0.958873 0.137870 0.676478 0.273359 -0.683851 0.693414 0.076397 0.716478
-6.997104 -54.131205 694.535365 4162.285390 0.060102 0.984113 -0.167060 -0.017420 -0.166303 -0.985921 0.998040 -0.062166 -0.007148
-6.603250 -56.285570 -405.710124 5348.272104 0.083889 0.988745 -0.123881 -0.036907 -0.121151 -0.991948 0.995791 -0.087785 -0.026329
-3.688467 -52.418117 -61.995816 -318.873067 0.078830 0.975779 -0.204061 -0.093645 -0.196545 -0.976013 0.992480 -0.096048 -0.075884
-4.416919 -50.360147 494.940251 -78.044782 0.064043 0.969078 -0.238299 -0.059745 -0.234638 -0.970245 0.996157 -0.076375 -0.042870
-5.377815 -49.251233 1430.683444 3389.205756 0.036366 0.970827 -0.237005 0.006381 -0.237383 -0.971395 0.999318 -0.033814 0.014827
-8.027681 -49.928938 366.191991 928.689287 0.060927 0.983635 -0.169557 0.138551 -0.176563 -0.974489 0.988479 -0.035880 0.147042
-3.607705 -35.219918 -3012.600902 -3784.421646 -0.018959 0.999785 0.008433 0.819741 0.010715 0.572634 -0.572420 -0.017769 0.819768
-9.332004 -33.260137 -1691.331105 -3816.818687 0.044056 0.998608 0.029006 0.811087 -0.052704 0.582546 -0.583264 0.002138 0.812280
-6.727620 -28.161821 -2492.937418 -3328.276693 -0.009197 0.999938 0.006288 0.778406 0.003212 0.627753 -0.627694 -0.010668 0.778387
-5.819292 -39.890101 -2273.106326 -2716.392187 0.022296 0.999388 0.026952 0.856585 -0.032998 0.514949 -0.515523 -0.011605 0.856797
4.444208 -105.055133 -816.021065 -7214.248857 0.830272 -0.162674 0.533091 0.086292 0.982444 0.165398 -0.550638 -0.091324 0.829734
5.779543 -115.883591 738.262225 -6776.222850 0.847969 -0.163729 0.504124 0.175187 0.984218 0.024978 -0.500258 0.067136 0.863270
5.170226 -102.069318 838.102640 -8544.653610 0.843945 -0.163002 0.511064 0.052821 0.973337 0.223217 -0.533823 -0.161388 0.830053
4.257930 -92.566957 41.904379 -5466.701791 0.836010 -0.159119 0.525137 -0.029106 0.942824 0.332018 -0.547942 -0.292855 0.783579
0.119439 -76.495877 140.156596 827.585886 0.140189 -0.971652 -0.190365 0.984148 0.157837 -0.080873 0.108627 -0.176009 0.978377
-0.743777 -72.091741 -215.279603 4950.591001 -0.135459 0.972040 0.191805 0.939765 0.187373 -0.285891 0.313836 -0.141525 0.938870
0.652508 -73.378264 -309.638431 3702.176978 -0.149366 0.970346 0.190050 0.955077 0.191341 -0.226313 0.255966 -0.147709 0.955334
1.307383 -78.468438 -590.436747 -1001.736012 0.157631 -0.971372 -0.177730 0.986328 0.163632 -0.019530 0.048054 -0.172222 0.983885
1.789535 -79.060655 -370.712414 -1450.493444 0.147808 -0.972225 -0.181471 0.988424 0.138865 0.061103 -0.034206 -0.188402 0.981496
1.327857 -219.190951 610.023686 -2543.865193 0.891333 -0.169055 0.420648 -0.449528 -0.449782 0.771765 -0.058729 0.876993 0.476901
3.117974 -225.055788 907.340499 5531.540852 0.892216 -0.156093 0.423776 -0.429816 -0.581485 0.690749 -0.138598 0.798442 0.585902
5.211750 -243.232084 1202.075993 5797.776941 0.890119 -0.158768 0.427178 -0.438359 -0.554597 0.707293 -0.124616 0.816832 0.563254
-1.791837 -103.925589 -635.472367 -1035.933751 0.827795 -0.223627 0.514535 0.368565 0.908222 -0.198224 -0.422984 0.353729 0.834243
-1.454229 -112.241537 19.864648 -1244.904370 0.827687 -0.197516 0.525282 0.251386 0.967346 -0.032368 -0.501736 0.158839 0.850312
-1.230664 -109.045860 -679.332150 1032.862969 0.823716 -0.210435 0.526506 0.279521 0.958610 -0.054170 -0.493315 0.191791 0.848444
29.215805 -38.911315 -864.611653 -11666.663934 0.714243 0.697573 -0.057000 0.524348 -0.587260 -0.616591 0.463591 -0.410508 0.785217
41.383317 -62.922007 9221.713446 -15299.418391 0.701596 0.712385 -0.016482 0.534792 -0.541697 -0.648507 0.470915 -0.446175 0.761030
40.152529 -31.004079 9453.742902 -9806.489182 0.730314 0.679126 -0.073686 0.526818 -0.628603 -0.572120 0.434861 -0.379008 0.816853
5.649259 -307.656458 -1121.433793 -27692.403345 0.860622 -0.121156 0.494623 -0.479198 0.136028 0.867102 0.172337 0.983269 -0.059011
40.536017 -374.090720 11249.154892 -51440.664248 0.847878 0.102820 0.520125 0.497140 0.186770 -0.847330 0.184267 -0.977008 -0.107243
64.153094 -385.242027 15618.338350 -62023.719657 0.851980 0.039261 0.522100 0.496118 0.258141 -0.828993 0.167322 -0.965309 -0.200453
67.037075 -334.778807 17829.821851 -16851.944185 0.857876 0.049960 0.511422 0.513762 -0.102447 -0.851794 -0.009837 -0.993483 0.113554
39.182117 -336.340746 11083.524429 -42195.425242 0.857933 0.089680 0.505874 0.513646 -0.170606 -0.840870 -0.010896 -0.981250 0.192432
10.357381 -46.691221 -875.990350 -821.304512 -0.025975 0.999455 -0.020358 0.926103 0.016392 -0.376914 0.376375 0.028644 0.926025
7.833413 -45.226822 469.110706 -1392.785191 0.005778 0.999746 -0.021794 0.945094 -0.012581 -0.326557 0.326748 0.018710 0.944926
7.405862 -41.874219 161.785814 -2376.676913 -0.024064 0.999325 -0.027759 0.970096 0.016634 -0.242152 0.241527 0.032756 0.969841
10.848190 -44.141913 -1847.948057 -1149.355113 -0.047791 0.998481 -0.027419 0.955119 0.037647 -0.293821 0.292343 0.040231 0.955467
-2.422445 -53.015469 -2647.146747 -3536.543793 -0.694313 0.109609 -0.711278 -0.321933 0.836630 0.443181 0.643653 0.536690 -0.545596
-0.148964 -70.584077 167.711892 590.789164 -0.793011 0.176747 -0.583004 0.306769 0.942658 -0.131489 0.526333 -0.283120 -0.801758
-10.354278 -41.672865 -4665.940884 -2498.700026 0.046714 0.749761 -0.660058 -0.113143 -0.652555 -0.749247 0.992480 -0.109681 -0.054347
-14.492047 -38.528142 -3255.512069 -2440.907860 0.018072 0.760696 -0.648857 -0.055675 -0.647190 -0.760293 0.998285 -0.049865 -0.030655
-2.321196 -64.518117 182.184454 2198.692338 -0.224040 0.965058 0.135903 0.624253 0.035017 0.780437 -0.748408 -0.259687 0.610285
-2.412612 -60.508697 124.493356 2821.090720 -0.239804 0.964575 0.109949 0.540067 0.038432 0.840744 -0.806735 -0.260993 0.530151
-2.698081 -63.804616 -1740.167529 557.124103 -0.254189 0.955893 0.147162 0.546460 0.016405 0.837325 -0.797978 -0.293257 0.526527
-2.966830 -60.393952 750.597074 1331.488896 -0.227766 0.967860 0.106624 0.579232 0.046655 0.813827 -0.782696 -0.247122 0.571242
-3.221068 -62.740582 316.647743 -196.983233 -0.217440 0.966529 0.136169 0.672283 0.047159 0.738791 -0.707641 -0.252186 0.660035
-9.166733 -94.180629 -418.114581 875.854339 -0.046706 0.997189 0.058589 -0.101336 0.053621 -0.993406 0.993755 0.052335 -0.098547
-8.108941 -91.321460 -1109.426114 -186.193478 -0.026876 0.996778 0.075573 0.106210 0.078020 -0.991278 0.993980 0.018615 0.107964
23.327384 -33.299994 -8736.934137 -460.204008 -0.570205 -0.144287 -0.808732 -0.044344 0.988426 -0.145081 0.820305 -0.046864 -0.570003
22.309734 -33.803012 -6591.638016 506.818212 -0.602618 -0.084738 -0.793518 -0.054179 0.996397 -0.065257 0.796188 0.003667 -0.605038
