17907
35801
-36.236504 -55.509226 -32.198998 7432.252047 0.365138 0.924137 -0.112451 0.867230 -0.381575 -0.319863 0.338506 -0.019273 0.940767
-42.428665 -67.355837 -661.058032 6500.390423 0.237646 0.967391 -0.087630 0.941535 -0.251592 -0.224084 0.238824 0.029254 0.970622
-45.235765 -71.857833 1708.389885 9160.182392 0.032276 0.999130 0.026426 0.968204 -0.024693 -0.248941 0.248072 -0.033621 0.968158
-38.030145 -55.831943 389.971454 5971.977092 0.504281 0.826375 -0.250609 0.796314 -0.557272 -0.235227 0.334044 0.080943 0.939076
-35.036139 -58.052262 -1561.223741 10628.684030 0.144851 0.988264 0.048507 0.922785 -0.117238 -0.367047 0.357053 -0.097928 0.928937
-30.643448 -44.666730 -391.660780 6554.257582 0.514117 0.842868 -0.158925 0.754733 -0.532584 -0.383056 0.407507 -0.076990 0.909951
-30.443283 -46.947148 2221.745085 -2196.114862 0.699164 0.641198 -0.316284 -0.592164 0.767228 0.246378 0.400640 0.015033 0.916112
95.564201 -63.362638 -10792.966959 5447.428493 0.087741 0.933724 0.347074 0.179444 0.327903 -0.927513 0.979848 -0.143661 0.138781
135.373195 -70.315413 -18371.592823 -3854.607618 0.076312 0.954468 0.288388 0.077888 0.282641 -0.956058 0.994037 -0.095421 0.052773
98.383775 -61.454546 -12149.541077 -4702.080057 0.289700 0.933558 0.211053 0.090738 0.192728 -0.977048 0.952807 -0.302202 0.028875
141.926900 -85.797920 -16495.105164 -16242.613045 0.161796 0.964399 0.209181 0.005671 0.211062 -0.977456 0.986808 -0.159335 -0.028680
-57.495246 -71.765255 679.038919 1838.287652 0.604838 -0.740503 -0.292960 0.550640 0.123128 0.825612 0.575297 0.660677 -0.482223
-54.201361 -71.166463 -1372.802419 -3951.891261 -0.584888 0.801168 0.126632 -0.412033 -0.158992 -0.897190 0.698667 0.576932 -0.423100
-55.653714 -73.503851 -1573.778522 256.501881 -0.574204 0.809053 0.125395 -0.563056 -0.279050 -0.777881 0.594355 0.517267 -0.615773
-54.116240 -67.454200 -33.171249 4505.021114 0.566907 -0.716826 -0.405927 0.485696 -0.107154 0.867535 0.665369 0.688969 -0.287413
-59.371448 -72.473121 853.705213 -1266.684919 0.666210 -0.714907 -0.212302 0.593609 0.336019 0.731246 0.451435 0.613187 -0.648234
-58.068534 -70.575219 924.734783 -1033.539077 -0.592537 0.651226 0.474136 0.694467 0.114721 0.710320 0.408185 0.750163 -0.520231
-54.333699 -69.157570 1696.430358 1751.235269 -0.505829 0.616583 0.603294 0.685746 -0.136878 0.714854 0.523344 0.775300 -0.353582
51.056474 -24.498786 -10602.890657 -1855.467828 0.506979 -0.775344 -0.376581 0.860468 0.429564 0.273988 -0.050669 -0.462942 0.884939
76.457240 -28.061621 -16437.251099 -220.738673 0.500410 -0.733360 -0.460189 0.865437 0.408545 0.290018 -0.024680 -0.543392 0.839116
48.288146 -21.385633 -11738.528529 -1448.007031 0.489059 -0.785924 -0.378344 0.866261 0.386887 0.316085 -0.102042 -0.482329 0.870026
65.181661 -29.589002 -13759.044612 -2389.515189 0.524112 -0.738318 -0.424491 0.851647 0.455635 0.259027 0.002169 -0.497276 0.867590
34.734589 -23.257707 -3899.545341 -2240.524657 0.535624 -0.785996 -0.308735 0.839505 0.456085 0.295326 -0.091315 -0.417368 0.904138
39.522189 -29.161963 -2350.990878 -2692.981140 0.520545 -0.789031 -0.326285 0.853033 0.464043 0.238743 -0.036965 -0.402609 0.914625
48.339396 -30.105354 -6934.263908 -3098.230983 0.510277 -0.771935 -0.379122 0.860000 0.455902 0.229244 -0.004118 -0.443023 0.896501
-7.612471 -42.311251 9262.023062 -412.992544 -0.020012 0.979575 0.200082 0.624784 0.168488 -0.762402 0.780541 -0.109751 0.615394
-15.100915 -45.799028 6612.390491 -1787.843763 -0.030606 0.977164 0.210268 0.548377 0.192296 -0.813821 0.835671 -0.090398 0.541740
-3.478974 -43.131433 9285.090552 -749.906873 -0.099112 0.956331 0.274968 0.578053 0.280255 -0.766363 0.809958 -0.082990 0.580587
-2.048351 -23.460134 15792.983301 1006.016030 -0.537024 0.831712 -0.140925 0.645269 0.512618 0.566437 -0.543353 -0.213255 0.811967
-8.744120 -25.741826 19749.762797 1289.502986 -0.444291 0.893518 -0.065041 0.677585 0.382639 0.628065 -0.586075 -0.234973 0.775438
-17.849903 -27.037157 -944.445521 6611.249625 0.835638 -0.297470 0.461758 0.130001 0.923883 0.359916 -0.533674 -0.240731 0.810704
-1.274374 -54.675472 199.877963 240.302183 0.419781 0.827962 -0.371836 -0.461157 0.547426 0.698326 -0.781741 0.121669 -0.611620
-0.093672 -52.366000 439.053763 -297.882773 0.436386 0.812010 -0.387566 -0.443148 0.568845 0.692846 -0.783062 0.130599 -0.608077
0.252751 -53.956010 533.719959 282.496050 0.449133 0.800443 -0.396951 -0.559966 0.598380 0.573044 -0.696217 0.035095 -0.716973
34.089626 -113.377364 6894.197924 4047.460416 -0.082793 0.966571 0.242664 -0.095674 0.234666 -0.967356 0.991964 0.103307 -0.073047
42.318915 -106.805715 8277.522268 4017.400125 -0.087645 0.961441 0.260672 -0.292664 0.225278 -0.929300 0.952190 0.157737 -0.261635
55.570842 -102.443136 7331.174838 3058.509004 0.027693 0.989821 0.139597 -0.282635 0.141705 -0.948703 0.958828 0.013182 -0.283682
-14.242227 -59.614485 -1745.678058 4377.756991 0.084406 0.994785 0.057264 -0.289834 -0.030473 0.956592 -0.953348 0.097339 -0.285750
-15.032824 -58.236268 -158.882472 1475.746921 0.173182 0.983266 -0.056526 -0.323668 0.111025 0.939634 -0.930186 0.144432 -0.337480
-10.256884 -65.324706 -302.899770 5925.336796 0.145117 0.989401 -0.005096 -0.421684 0.066507 0.904301 -0.895055 0.129081 -0.426866
-4.413680 -141.693355 -481.377261 -3026.348449 0.038575 0.987237 -0.154514 -0.834545 -0.053216 -0.548364 0.549588 -0.150102 -0.821841
-4.190332 -140.868806 -550.288733 1507.440353 0.051182 0.987490 -0.149145 -0.927807 -0.008243 -0.372971 0.369534 -0.157467 -0.915778
-6.293256 -146.773104 -665.555821 -3241.251595 0.033295 0.989377 -0.141508 -0.846921 -0.047249 -0.529616 0.530676 -0.137479 -0.836351
-5.786473 -142.514393 -432.540829 -2996.913910 0.024697 0.988914 -0.146419 -0.727570 -0.082664 -0.681035 0.685589 -0.123350 -0.717462
-6.942950 -146.578366 -607.654424 -4177.834036 0.028262 0.992120 -0.122059 -0.743943 -0.060681 -0.665483 0.667645 -0.109613 -0.736366
-8.559586 -151.679241 -1003.800844 -2931.313046 0.038396 0.992412 -0.116808 -0.861932 -0.026249 -0.506344 0.505568 -0.120122 -0.854384
29.272968 -38.163876 4356.745135 -2614.145429 0.424794 -0.422470 0.800668 0.301113 0.900012 0.315134 -0.853745 0.107224 0.509531
29.408918 -31.167862 3496.541858 -606.547350 0.490637 -0.310687 0.814094 0.206452 0.949121 0.237794 -0.846553 0.051401 0.529816
26.515996 -36.813084 2684.947118 1640.895934 0.484738 -0.230769 0.843668 0.148976 0.972256 0.180347 -0.861879 0.038265 0.505668
4.507280 -121.831569 -892.666311 1524.006189 -0.097130 0.984346 0.147069 0.783420 -0.015523 0.621299 -0.613856 -0.175564 0.769648
0.847996 -122.410663 -2694.974698 -744.678501 -0.108084 0.981764 0.156388 0.890341 0.025609 0.454574 -0.442279 -0.188371 0.876872
0.594670 -121.766047 -2898.781772 -137.411717 -0.133267 0.980638 0.143485 0.764366 0.009543 0.644712 -0.630861 -0.195594 0.750838
15.120742 -69.813512 -4404.929087 -7002.065087 -0.252823 0.708002 -0.659404 0.735961 0.583147 0.343949 -0.628046 0.398338 0.668495
12.352987 -65.937544 -1029.098439 -7122.112447 -0.308226 0.691669 -0.653139 0.709787 0.624334 0.326205 -0.633402 0.363045 0.683374
17.868776 -49.680738 3756.753961 -5059.910695 0.340595 -0.628322 0.699433 0.588971 0.722447 0.362192 -0.732877 0.288586 0.616125
9.553693 -158.594872 -2819.321613 -18827.186483 -0.300647 0.951308 -0.067997 0.885723 0.304938 0.350010 -0.353702 -0.045003 0.934275
0.878288 -149.374250 -815.690791 -13395.249398 -0.281237 0.958104 -0.054250 0.908058 0.283979 0.307874 -0.310381 -0.037323 0.949879
8.635788 -132.122303 -5311.461339 -14556.721025 -0.331327 0.941938 -0.054549 0.792073 0.309095 0.526385 -0.512682 -0.131199 0.848495
23.100724 -134.294680 -11174.262373 -20467.246698 -0.341287 0.938398 -0.054147 0.760423 0.309502 0.570934 -0.552522 -0.153678 0.819208
18.538280 -109.392487 -12642.702879 -13386.058431 -0.361076 0.931896 -0.034547 0.657812 0.280787 0.698886 -0.660990 -0.229625 0.714398
2.258920 -114.477846 -7047.929049 -7863.629664 -0.346427 0.937535 -0.031871 0.693552 0.278854 0.664248 -0.631644 -0.208010 0.746832
-2.706881 -203.832617 -825.998770 20784.403160 -0.060131 0.941566 -0.331417 -0.916963 0.079086 0.391054 -0.394414 -0.327412 -0.858626
-1.041802 -181.785847 -1572.283000 18368.682622 -0.074987 0.934190 -0.348805 -0.813272 0.145116 0.563497 -0.577031 -0.325929 -0.748869
-2.487497 -172.862281 -877.263041 17596.809730 -0.067913 0.941967 -0.328764 -0.799218 0.145880 0.583069 -0.597192 -0.302352 -0.742930
-4.609440 -13.447611 74.416449 -1749.688881 0.136286 -0.392823 -0.909459 -0.689674 0.621408 -0.371755 0.711179 0.677896 -0.186230
-4.636544 -11.387244 442.062492 -1618.438070 0.255103 -0.486792 -0.835438 -0.636770 0.565624 -0.524016 0.727630 0.665660 -0.165682
-3.666292 -10.555303 357.010877 -824.138414 0.237126 -0.480370 -0.844402 -0.649744 0.567759 -0.505453 0.722222 0.668501 -0.177487
-4.121169 -11.993547 754.123101 -515.286369 0.147656 -0.432843 -0.889294 -0.697810 0.591605 -0.403813 0.700899 0.680184 -0.214688
-2.212036 -10.799916 342.610589 105.402095 0.227799 -0.488606 -0.842242 -0.670340 0.548672 -0.499603 0.706223 0.678398 -0.202546
-3.005310 -8.791843 5.730997 -331.817205 0.229766 -0.468151 -0.853254 -0.644760 0.583503 -0.493770 0.729035 0.663595 -0.167776
25.572939 -173.103451 -7243.512811 7177.543449 0.099293 0.941537 -0.321946 -0.504228 0.326538 0.799454 -0.857843 -0.082954 -0.507172
19.044540 -174.670183 -5903.531781 -6887.918585 0.072955 0.953897 -0.291134 -0.298383 0.299417 0.906265 -0.951654 -0.020752 -0.306471
13.544444 -148.337316 -3358.979693 -2143.265270 0.067186 0.935604 -0.346600 -0.386228 0.344689 0.855580 -0.919953 -0.076384 -0.384515
13.198373 -137.571024 -3185.258106 -1790.567461 0.078132 0.924807 -0.372326 -0.504866 0.358742 0.785121 -0.859654 -0.126632 -0.494933
11.035055 -129.826589 347.916520 -11605.713825 0.070817 0.933105 -0.352562 -0.444544 0.345931 0.826264 -0.892954 -0.098216 -0.439304
11.297459 -137.561657 239.991012 -10086.366573 0.062763 0.942936 -0.327006 -0.330409 0.328807 0.884712 -0.941749 -0.052518 -0.332192
105.058376 -230.829574 71561.894597 -66152.956737 -0.054847 0.939543 0.338011 0.996990 0.070107 -0.033094 -0.054790 0.335178 -0.940560
84.503707 -263.888358 71408.514546 -41516.203239 -0.119191 0.910351 0.396301 0.986531 0.063549 0.150727 0.112030 0.408928 -0.905664
35.750485 -227.675623 63956.470658 -88910.825347 -0.129829 0.917540 0.375853 0.986171 0.158870 -0.047189 -0.103010 0.364529 -0.925477
51.423543 -158.934113 73286.066318 -88697.228332 -0.017608 0.934285 0.356092 0.958637 0.116968 -0.259486 -0.284085 0.336794 -0.897700
-71.523973 -1913.986485 -1097.298030 -1536655.687004 0.398871 0.909267 0.118893 -0.835274 0.413760 -0.362106 0.378444 -0.045125 -0.924524
40.996083 -1167.423327 19039.507748 287728.974875 0.363740 0.921362 0.137061 0.922455 -0.335833 -0.190506 -0.129495 0.195728 -0.972071
119.748671 -3616.131321 104952.216038 3457946.634508 0.502648 0.852469 0.143673 -0.852831 0.516176 -0.078999 0.141505 0.082820 -0.986467
115.268698 -1467.205540 114908.840266 283864.203751 0.362864 0.914616 0.178343 -0.767193 0.401857 -0.499926 0.528908 -0.044582 -0.847507
334.727549 -1443.869311 194586.834226 -239575.680461 0.521502 0.839277 0.153786 -0.818773 0.542951 -0.186586 0.240095 0.028611 -0.970328
-4.256142 -57.560235 41.118405 -1194.592302 0.669885 0.653051 -0.353240 -0.134327 -0.361315 -0.922718 0.730213 -0.665564 0.154317
-5.406626 -61.373735 -277.125354 -2345.048995 0.674700 0.620953 -0.398995 -0.269752 -0.295731 -0.916394 0.687032 -0.725921 0.032027
-5.438591 -59.496371 53.809315 -2051.665816 0.657501 0.647423 -0.385403 -0.267337 -0.277773 -0.922699 0.704431 -0.709708 0.009556
-2.567659 -10.616246 67.629862 765.470262 -0.169610 -0.055584 -0.983943 -0.625179 0.777867 0.063825 0.761829 0.625966 -0.166684
-2.191389 -12.672708 275.376544 444.900078 -0.012762 -0.257074 -0.966307 -0.662391 0.726103 -0.184422 0.749049 0.637720 -0.179551
-3.235915 -8.485775 177.519057 298.426170 0.031782 -0.279242 -0.959695 -0.667721 0.708546 -0.228278 0.743733 0.648063 -0.163937
-7.449431 -685.946615 79399.402292 -94372.272213 0.357221 0.091307 -0.929546 0.907583 0.201175 0.368541 0.220652 -0.975291 -0.011005
4.061418 -1439.563588 25494.075462 -208703.392897 0.245849 0.040421 -0.968465 0.954846 -0.182045 0.234794 -0.166813 -0.982459 -0.083351
34.617673 -425.899187 25471.698679 282462.648625 0.442704 0.096362 -0.891475 0.863055 0.223869 0.452790 0.243205 -0.969844 0.015942
168.870932 -1605.346510 217827.118616 947269.626171 0.257893 0.198124 -0.945641 0.699397 0.636979 0.324194 0.666584 -0.744987 0.025705
18.414247 -277.367089 -10995.473502 242693.978688 0.398868 -0.081516 -0.913378 0.905746 0.190645 0.378521 0.143276 -0.978269 0.149875
313.521710 -107.601619 946774.823119 -51962.923411 0.840970 0.477003 -0.255417 -0.055787 -0.393095 -0.917804 0.538198 -0.786095 0.303970
-11.510368 -104.509943 679.973351 -45807.980767 0.161717 -0.044023 -0.985855 0.956308 -0.239574 0.167569 -0.243562 -0.969880 0.003357
-4.870522 -41.949468 1742.017306 -19802.999792 0.204750 -0.026306 -0.978461 0.938343 -0.279199 0.203862 -0.278548 -0.959873 -0.032482
-9.532869 -206.406224 4411.034177 -106946.514551 -0.005189 0.027586 -0.999606 0.967205 -0.253711 -0.012023 -0.253943 -0.966887 -0.025364
16.885781 -251.521052 3104.001991 -86670.562397 0.052513 0.971731 0.230177 -0.259758 0.235852 -0.936429 0.964245 0.010616 -0.264800
23.505519 -803.327514 -14147.789171 -362327.125289 0.160248 0.959470 0.231816 -0.296652 0.270807 -0.915784 0.941445 -0.077984 -0.328025
20.985694 -93.332873 -2526.478871 -9957.327172 0.148414 0.957283 0.248160 -0.215979 0.276257 -0.936501 0.965052 -0.085392 -0.247754
-10.975665 -41.348021 -5837.659634 -7524.625613 -0.033331 0.987157 0.156238 0.328599 -0.136810 0.934508 -0.943881 -0.082487 0.319818
-4.013648 -57.382987 9334.698404 -26419.771878 0.212833 0.826292 0.521483 0.285218 -0.563005 0.775678 -0.934534 0.016354 0.355499
-19.866854 -29.119033 -6843.998130 17066.142726 -0.182293 0.955443 -0.232159 0.361333 0.284690 0.887913 -0.914444 -0.077974 0.397130
-6.745056 -46.451733 -7385.859253 12053.269301 -0.229773 0.937687 -0.260667 0.278692 0.320009 0.905497 -0.932489 -0.135413 0.334856
-55.464296 -66.134865 2070.271960 -923.510300 0.247577 0.956229 -0.155985 -0.915813 0.178422 -0.359795 0.316215 -0.231930 -0.919900
-54.351146 -68.018791 2311.045203 551.643119 0.001646 0.978714 -0.205222 0.980674 0.038570 0.191811 0.195644 -0.201572 -0.959735
-51.770490 -62.169693 4683.228786 -2198.393965 0.098267 0.993697 -0.053937 -0.931572 0.072789 -0.356196 0.350025 -0.085248 -0.932853
-51.892652 -61.238736 4532.952440 698.340272 0.538287 0.827208 0.161162 -0.703233 0.546266 -0.455036 0.464446 -0.131606 -0.875768
-45.578236 -58.105984 2968.009634 -52.232333 0.242599 0.960329 0.137531 -0.850486 0.278734 -0.446073 0.466712 0.008751 -0.884366
-43.235061 -58.798272 4316.720658 -1953.319799 0.133888 0.985970 0.099690 -0.923627 0.160610 -0.348019 0.359148 0.045480 -0.932172
-23.030672 -40.565767 3325.209580 1396.227358 -0.220872 0.969262 0.108380 -0.834022 -0.245313 0.494195 -0.505592 -0.018762 -0.862569
-27.054720 -36.072661 2687.011999 1659.461763 -0.064484 0.997180 -0.038401 -0.826902 -0.031852 0.561444 -0.558637 -0.067958 -0.826623
-15.374714 -41.990097 5767.967234 2701.559906 -0.123303 0.985358 0.117752 -0.812902 -0.168349 0.557539 -0.569199 0.026975 -0.821757
-13.781230 -44.068065 5847.914819 394.361649 -0.188280 0.966481 0.174542 -0.850889 -0.249276 0.462439 -0.490448 0.061448 -0.869302
-18.688550 -43.109516 3165.986809 -1518.601878 -0.267713 0.950197 0.159549 -0.866685 -0.309833 0.390973 -0.420935 0.033610 -0.906468
-16.650188 -46.786451 -593.651296 1163.708300 -0.453375 0.854355 0.254024 0.889606 0.451401 0.069553 -0.055244 0.257515 -0.964694
-16.021029 -46.169595 -611.048750 1298.044424 -0.431538 0.870737 0.235778 0.894339 0.447156 -0.014478 -0.118036 0.204618 -0.971699
-20.531981 -47.627002 -2917.077414 2777.072885 -0.426153 0.864057 0.267952 0.899634 0.435926 0.025068 -0.095147 0.251742 -0.963106
-11.922048 -45.381289 -295.629223 63.929832 -0.475493 0.850174 0.226074 0.876092 0.480943 0.034018 -0.079808 0.214237 -0.973516
-21.172199 -48.188975 -2963.627727 1760.017848 -0.446001 0.850230 0.279630 0.894240 0.436443 0.099256 -0.037652 0.294324 -0.954964
-12.757976 -44.758503 50.677643 -1523.315750 -0.503779 0.829419 0.241394 0.863621 0.489777 0.119491 -0.019121 0.268670 -0.963043
-18.098307 -46.602189 -900.563366 -797.588549 -0.492114 0.829057 0.265495 0.870528 0.467900 0.152481 0.002190 0.306159 -0.951978
-5.421017 -45.614730 114.746871 571.834897 -0.351241 0.897361 0.267158 -0.497287 -0.420563 0.758836 -0.793306 -0.133680 -0.593965
-6.701230 -47.031900 910.531154 -840.125271 -0.348774 0.903321 0.249735 -0.629589 -0.423213 0.651543 -0.694244 -0.070010 -0.716327
-7.047610 -46.238034 1179.602481 278.141441 -0.347929 0.904601 0.246257 -0.519838 -0.404738 0.752300 -0.780201 -0.133733 -0.611066
-0.153063 -58.947035 -1122.949628 -87.761080 -0.505577 0.847153 0.163473 0.544287 0.460179 -0.701418 0.669435 0.265645 0.693750
-3.486421 -58.518223 -1041.216266 202.916558 -0.526484 0.831797 0.175866 0.543141 0.488211 -0.683116 0.654074 0.264129 0.708818
0.578655 -58.241543 -1091.031716 -759.938745 -0.512505 0.840981 0.173465 0.647068 0.511039 -0.565811 0.564484 0.177738 0.806082
3.336131 -58.698587 -799.511159 -670.920723 -0.508824 0.847936 0.148670 0.641772 0.488730 -0.590992 0.573783 0.205299 0.792859
3.768824 -56.695423 -682.725534 -1037.871394 -0.516629 0.842756 0.151186 0.721663 0.523625 -0.452791 0.460757 0.124820 0.878705
1.225871 -55.821653 -865.282969 -1703.016883 -0.521997 0.835378 0.172228 0.729956 0.541979 -0.416441 0.441230 0.091662 0.892701
28.649139 -70.117865 3341.088756 10748.201381 -0.705336 0.661309 0.255288 0.193975 0.526444 -0.827786 0.681817 0.534348 0.499598
20.042658 -70.302210 5829.755610 5177.577980 -0.759872 0.624894 0.179170 0.275484 0.559186 -0.781933 0.588815 0.544811 0.597058
28.036013 -56.583970 6148.619384 5155.343824 -0.739977 0.620334 0.260038 0.103646 0.487138 -0.867153 0.664599 0.614722 0.424766
29.949636 -55.582849 -1691.629774 11668.083201 -0.599331 0.717043 0.355882 0.022990 0.459808 -0.887721 0.800171 0.523857 0.292062
-0.273114 -99.636613 -389.512021 -7833.437993 -0.532365 0.829331 0.169701 0.667603 0.288068 0.686529 -0.520474 -0.478777 0.707021
-1.523092 -89.019148 -378.124875 -8523.557760 -0.546142 0.825263 0.143769 0.518384 0.198134 0.831878 -0.658032 -0.528851 0.536013
0.087556 -92.178075 -554.824912 -8286.061284 -0.540627 0.826764 0.155510 0.530870 0.191878 0.825446 -0.652610 -0.528813 0.542638
-22.929095 -49.323684 -2785.779836 -1173.920240 0.850161 0.493992 0.182206 -0.442501 0.482808 0.755705 -0.285342 0.723097 -0.629056
-20.838768 -50.158680 -1531.209832 -1731.900742 0.813126 0.549538 0.191921 -0.487553 0.462867 0.740301 -0.317990 0.695530 -0.644299
-22.385496 -52.878755 -2531.997984 -1525.317741 0.804866 0.541019 0.243904 -0.481887 0.355929 0.800687 -0.346374 0.761980 -0.547185
-26.751426 -49.983278 -1743.577792 -730.507391 0.824036 0.493515 0.278221 -0.481108 0.350259 0.803651 -0.299165 0.796091 -0.526060
-27.812695 -47.342119 -2068.066700 -450.035538 0.893934 0.413907 0.171940 -0.381583 0.501604 0.776394 -0.235109 0.759654 -0.606341
-7.786531 -58.606388 -833.394037 -3633.830920 -0.273083 0.576470 0.770135 -0.315172 0.702765 -0.637799 -0.908896 -0.416897 -0.010226
3.784104 -55.138605 -7950.324201 -2317.537684 -0.331054 0.582775 0.742143 -0.305250 0.678063 -0.668620 -0.892875 -0.447889 -0.046584
2.669249 -63.490524 -8776.536773 -5467.412345 -0.358377 0.630004 0.688956 0.338071 -0.600311 0.724800 -0.870215 -0.492668 -0.002152
-23.771142 -37.206347 -913.552382 -4748.029771 0.015544 0.970956 0.238754 -0.499916 -0.199249 0.842843 -0.865935 0.132458 -0.482299
-17.177335 -43.930926 1429.319575 -4280.947644 -0.034667 0.941825 0.334312 -0.435314 -0.315343 0.843244 -0.899611 0.116299 -0.420921
-19.270258 -39.029233 4572.083749 -6018.294843 -0.089760 0.878783 0.468705 -0.488466 -0.448962 0.748221 -0.867954 0.161786 -0.469554
33.523976 -40.961207 10493.787327 -955.069461 -0.218070 0.906837 0.360684 0.479882 -0.222176 0.848735 -0.849799 -0.358170 0.386724
49.161428 -40.069900 9159.360308 -464.633724 -0.213604 0.810961 0.544716 0.527085 -0.373796 0.763190 -0.822530 -0.450132 0.347601
16.789496 -38.171369 5095.504633 -438.269607 -0.253394 0.876657 0.408979 0.376052 -0.300256 0.876602 -0.891278 -0.375923 0.253586
-0.745758 -170.988047 -561.345724 -2588.111329 0.274511 0.961557 0.007250 0.108897 -0.038579 0.993304 -0.955398 0.271884 0.115301
0.518153 -173.701812 -474.005695 -2504.261260 0.275024 0.961426 0.004733 0.144101 -0.046087 0.988489 -0.950577 0.271177 0.151217
-0.568579 -172.069610 -631.940391 5157.921758 0.275515 0.961218 0.012348 0.327847 -0.106030 0.938762 -0.903664 0.254595 0.344345
-2.969901 -171.988420 -820.625693 4402.690622 0.275883 0.961153 0.008537 0.298002 -0.093974 0.949928 -0.913829 0.259525 0.312351
-2.971637 -170.583028 -703.667722 -2860.856252 0.276915 0.960852 0.009037 0.071644 -0.030024 0.996978 -0.958220 0.275431 0.077153
32.749879 -73.508985 9947.425250 -27721.573580 0.448653 0.889513 0.086471 0.888832 -0.434022 -0.146978 -0.093208 0.142801 -0.985353
29.104970 -74.140970 -5431.175353 29530.884182 0.415248 0.909631 -0.011807 -0.900488 0.412848 0.136667 -0.129191 0.046118 -0.990547
30.851718 -112.721936 4560.658412 -37873.751196 0.443324 0.895052 0.048436 0.896237 -0.441713 -0.040605 -0.014949 0.061411 -0.998001
-8.828465 -187.579404 2204.474963 13590.027739 0.346395 0.932842 0.099080 0.184717 0.035725 -0.982142 0.919723 -0.358511 0.159937
-11.586213 -201.591482 -418.060605 -6211.683616 0.369374 0.918289 0.142505 0.442064 -0.038748 -0.896146 0.817399 -0.394010 0.420256
-7.732313 -189.690338 705.381202 13457.501533 0.375985 0.914539 0.149174 0.201097 0.076618 -0.976570 0.904542 -0.397174 0.155104
-10.426913 -36.984759 195.339467 303.227721 -0.337763 0.839262 0.426093 -0.441687 -0.541087 0.715638 -0.831161 -0.053517 -0.553450
-8.659660 -39.937114 596.914277 286.508420 -0.337954 0.851550 0.400811 -0.442982 -0.519667 0.730557 -0.830394 -0.069342 -0.552845
-9.194206 -34.724536 -259.869902 707.646876 -0.387926 0.764781 0.514416 -0.294056 -0.631650 0.717321 -0.873524 -0.127000 -0.469922
-11.163131 -32.241788 -1257.636808 284.042955 -0.392798 0.741497 0.543960 -0.301782 -0.662679 0.685408 -0.868698 -0.105070 -0.484070
-11.861203 -34.361988 -1188.867447 503.684650 -0.340780 0.828464 0.444427 -0.440638 -0.558333 0.702924 -0.830486 -0.043711 -0.555322
-21.344989 -88.636488 -2439.595568 -6027.914896 0.690595 0.711225 0.131291 -0.251726 0.066188 0.965533 -0.678021 0.699842 -0.224742
-22.074962 -88.889038 316.158495 -5629.028735 0.672060 0.725992 0.145843 -0.263002 0.049908 0.963504 -0.692217 0.685890 -0.224479
-22.233899 -98.273404 93.816003 -3735.017365 0.675942 0.720514 0.154796 -0.119742 -0.099879 0.987768 -0.727162 0.686210 -0.018764
8.364826 -216.715942 -260.437216 10164.763865 0.359728 0.932938 0.014931 0.680439 -0.273250 0.679953 -0.638434 0.234439 0.733103
8.393325 -211.544029 1712.333979 9909.494312 0.364572 0.931143 -0.007755 0.622510 -0.237521 0.745698 -0.692509 0.276688 0.666239
8.227695 -232.148769 218.999040 -11019.580060 0.358092 0.933663 -0.006642 0.508819 -0.189175 0.839831 -0.782863 0.304116 0.542807
8.994538 -198.838696 691.630460 8744.712880 0.373599 0.927341 0.021517 0.758977 -0.318942 0.567653 -0.533270 0.195744 0.822987
3.738259 -259.245780 -1192.596609 -3611.028833 0.374584 0.927187 0.003258 0.653291 -0.266420 0.708683 -0.657950 0.263332 0.705520
7.718490 -221.254847 -1114.452271 13404.054423 0.375403 0.926103 0.037494 0.785582 -0.339388 0.517375 -0.491867 0.164769 0.854937
79.008677 -432.545761 43731.915695 198218.733915 0.262176 0.950687 0.165706 0.795250 -0.115572 -0.595164 0.546664 -0.287815 0.786334
54.411600 -286.517146 42294.736990 156395.897030 0.259292 0.951019 0.168319 0.630685 -0.034742 -0.775261 0.731440 -0.307175 0.608802
83.643195 -434.381550 73288.713620 222940.354690 0.227945 0.947231 0.225375 0.717245 -0.006814 -0.696788 0.658483 -0.320478 0.680950
145.745654 -562.381273 93913.238643 284548.901845 0.250350 0.935086 0.250875 0.852549 -0.090132 -0.514817 0.458786 -0.342768 0.819772
111.571068 -411.979278 26905.198124 224397.020853 0.276517 0.895700 0.348223 0.685512 0.070106 -0.724678 0.673507 -0.439097 0.594628
46.340875 -1142.937550 41173.257503 -311173.158820 0.141558 0.941317 -0.306405 -0.212012 -0.273512 -0.938212 0.966960 -0.197773 -0.160853
11.583001 -1002.366959 10443.469429 -547046.499491 0.127839 0.951373 -0.280260 -0.254208 -0.241708 -0.936459 0.958663 -0.190960 -0.210947
22.249795 -1457.044611 81194.857582 -908988.688113 0.122789 0.952246 -0.279554 -0.549148 -0.169440 -0.818368 0.826656 -0.254003 -0.502118
69.664702 -4054.752663 73114.581764 5153656.086500 0.222729 0.933634 -0.280571 -0.318727 -0.202246 -0.926018 0.921306 -0.295676 -0.252528
131.416075 -16328.053965 -73986.442253 -11794998.712873 -0.367070 -0.874545 0.316908 0.930188 -0.346307 0.121746 0.003275 0.339473 0.940610
3.684387 -3269.722820 2734.604363 -1279628.758108 0.236298 0.904202 -0.355783 0.677029 0.109432 0.727775 -0.696990 0.412847 0.586313
-626.748701 -4204.565263 -193676.895942 1978321.769920 -0.203955 -0.931231 0.302011 0.978888 -0.189752 0.075980 -0.013448 0.311131 0.950272
-11.879747 -1690.240082 38721.730309 -674776.071867 0.372743 0.846737 -0.379604 0.575913 -0.531858 -0.620847 0.727590 -0.012798 0.685893
-4.378345 -11.866426 5082.661688 4756.584982 0.034771 0.990362 0.134071 0.658609 -0.123608 0.742263 -0.751681 -0.062492 0.656559
-11.361691 -15.215432 3865.288082 5026.660337 0.629672 0.173317 0.757281 -0.182533 0.980513 -0.072632 -0.755112 -0.092494 0.649038
-0.750484 -5.483434 7409.415206 7327.439585 0.676314 -0.167612 0.717290 0.070243 0.984005 0.163706 -0.733257 -0.060333 0.677270
4.525651 -2.522058 7591.277564 7335.653370 0.248714 0.909134 0.334090 0.644069 -0.412855 0.643993 -0.723407 -0.055007 0.688228
13.281844 0.703121 7599.418798 11125.191266 0.679422 -0.143737 0.719531 0.076258 0.989147 0.125590 -0.729774 -0.030459 0.683010
9.855474 -10.204956 8780.051794 8511.271287 0.679383 -0.159277 0.716289 0.062251 0.985149 0.160018 -0.731138 -0.064124 0.679209
-22.528612 -56.901439 539.541697 -4645.492056 0.730233 0.654337 0.196476 -0.519932 0.345689 0.781133 -0.443205 0.672563 -0.592645
-20.762034 -57.472435 2000.148545 -4459.837070 0.748029 0.624068 0.225815 -0.516574 0.333883 0.788463 -0.416658 0.706443 -0.572131
-20.852070 -50.485876 1080.895513 -2253.889848 0.742875 0.635379 0.210785 -0.556177 0.410565 0.722567 -0.372563 0.654011 -0.658382
-21.362634 -50.464855 -533.025755 -1563.479191 0.707582 0.685701 0.170708 -0.555016 0.389778 0.734867 -0.437361 0.614725 -0.656376
-23.035378 -56.963876 -2478.293836 -4705.652380 0.716292 0.680544 0.154224 -0.499688 0.345975 0.794112 -0.487071 0.645880 -0.587879
-15.871041 -41.299698 -146.369010 506.379327 0.703462 -0.502393 -0.502735 0.648250 0.163527 0.743660 0.291399 0.849035 -0.440712
-17.736727 -41.855996 1167.217095 362.503243 0.782756 -0.460988 -0.418071 0.586293 0.320970 0.743800 0.208695 0.827326 -0.521516
-16.525103 -38.804975 987.427039 403.478805 -0.675152 0.480574 0.559659 0.688724 0.138876 0.711599 0.264253 0.865888 -0.424745
-13.633098 -37.343089 1968.965613 1437.988393 -0.596580 0.492950 0.633319 0.720676 -0.018197 0.693034 0.353155 0.869868 -0.344401
-13.407153 -39.115655 1382.155459 1753.856355 -0.632917 0.514104 0.578890 0.676601 0.003837 0.736339 0.376334 0.857719 -0.350272
-10.817277 -32.167347 -430.761284 1367.653025 -0.550415 0.823540 0.137201 -0.717422 -0.382490 -0.582243 0.427023 0.418907 -0.801354
-7.232862 -28.570733 -235.503436 -1174.186152 -0.421154 0.881844 0.212087 0.829897 0.280332 0.482374 0.365924 0.379164 -0.849902
-8.887070 -29.709847 -846.983706 -1094.559538 -0.517870 0.839564 0.164147 0.776198 0.380492 0.502736 0.359622 0.387762 -0.848712
-17.391539 -37.045467 -1982.521904 589.617261 -0.149512 0.917937 0.367475 -0.663236 0.182534 -0.725809 0.733324 0.352240 -0.581518
-13.234569 -36.635704 -1912.585225 292.247570 -0.148743 0.924961 0.349747 -0.732705 0.134432 -0.667137 0.664093 0.355493 -0.657728
-19.312125 -35.981265 -914.255911 147.274198 -0.311426 0.913340 0.262342 -0.653846 -0.005622 -0.756606 0.689564 0.407158 -0.598935
-13.914381 -38.950362 -1852.748938 772.805203 -0.037287 0.899247 0.435849 -0.666288 0.302684 -0.681501 0.744762 0.315812 -0.587871
-17.691448 -39.544258 -2447.483273 835.222665 -0.033885 0.886286 0.461897 -0.583857 0.357543 -0.728885 0.811149 0.294380 -0.505349
136.388906 -187.225521 -15657.023622 -7275.551257 0.065126 0.978153 0.197424 -0.762871 -0.078732 0.641739 -0.643262 0.192403 -0.741077
106.856370 -188.922929 -21423.570094 -2654.034065 -0.164796 0.986274 -0.010312 -0.756238 -0.119633 0.643266 -0.633203 -0.113806 -0.765573
103.490326 -147.043140 -15812.921972 -12951.748992 0.000171 0.994523 0.104517 -0.913476 -0.042372 0.404680 -0.406892 0.095543 -0.908466
76.620852 -174.332222 -15754.121019 -2046.637267 -0.234308 0.969552 -0.071201 -0.871449 -0.177007 0.457434 -0.430903 -0.169228 -0.886389
56.741576 -140.958501 -8529.474218 -14182.688583 -0.214703 0.976526 -0.017317 -0.967548 -0.210243 0.140176 -0.133244 -0.046851 -0.989975
123.805337 -156.589125 -7003.147377 -17597.219999 0.210986 0.920119 0.329947 -0.859482 0.013850 0.510978 -0.465591 0.391393 -0.793749
95.759804 -118.490103 -13611.162596 17183.478799 0.167290 0.952474 0.254573 0.958207 -0.096298 -0.269380 -0.232063 0.288999 -0.928777
-116.349041 -5232.896837 -73067.387850 -5435033.632851 0.743393 0.183715 0.643130 0.590599 -0.631619 -0.502245 -0.313943 -0.753197 0.578043
379.305710 -955.066307 -340352.356501 -565197.453212 0.994210 -0.105501 0.020405 -0.003652 -0.222957 -0.974821 -0.107394 -0.969102 0.222052
117.233058 -161.495946 43402.454913 -19358.811174 -0.354978 0.257565 -0.898694 0.909077 -0.129169 -0.396099 -0.218105 -0.957588 -0.188294
-53.325892 -82.441562 988.337996 1950.532466 -0.044077 0.998900 -0.016025 0.996837 0.042912 -0.066895 0.066133 0.018923 0.997631
-46.611655 -76.119302 -1612.947627 5200.619524 0.207196 0.972301 -0.108168 0.967854 -0.219841 -0.122183 0.142579 0.079375 0.986596
-43.337163 -69.249503 -959.238340 9051.602597 0.357478 0.905807 -0.227427 0.900029 -0.399142 -0.175024 0.249314 0.142124 0.957937
208.192262 -103.496964 61219.182015 4530.289560 0.543264 -0.623627 -0.562097 0.421845 0.781622 -0.459471 0.725886 0.012497 0.687701
158.887142 -109.109366 -48737.859153 -2705.159183 -0.349629 0.728684 0.588880 0.359372 0.684777 -0.633981 0.865223 0.010031 0.501286
110.344200 -112.829122 -38211.602875 13883.570200 -0.325570 0.723536 0.608687 0.438589 0.685876 -0.580701 0.837642 -0.077905 0.540636
65.051551 -102.974707 -19464.031289 10886.940760 -0.189283 0.798232 0.571837 0.451514 0.587900 -0.671199 0.871956 -0.131146 0.471692
92.972399 -103.761788 -28628.898064 8591.827646 -0.364940 0.698403 0.615672 0.563368 0.692127 -0.451195 0.741239 -0.182191 0.646042
45.815618 -105.024018 -9594.727787 10654.985979 -0.230121 0.782930 0.577983 0.574480 0.588686 -0.568702 0.785505 -0.201169 0.585246
60.458499 -25.121186 -18552.218601 1407.872883 0.432132 -0.793190 -0.429083 0.896222 0.324842 0.302097 -0.100236 -0.515100 0.851249
83.242938 -31.321119 -21519.230521 1633.913276 0.445342 -0.741821 -0.501371 0.892376 0.322062 0.316135 -0.073043 -0.588199 0.805410
84.964768 -35.306631 -1736.418571 1964.668659 0.512744 -0.531358 -0.674353 0.851033 0.418221 0.317544 0.113299 -0.736716 0.666643
83.122454 -32.536922 -10240.615136 -1228.451046 0.551517 -0.600296 -0.579201 0.828753 0.473273 0.298632 0.094852 -0.644715 0.758515
78.276396 -30.123110 -18190.028757 -2607.892229 0.534612 -0.694828 -0.481045 0.844424 0.461922 0.271248 0.033734 -0.551219 0.833679
46.692661 -49.716152 15156.228253 -2511.186783 -0.260954 0.778155 0.571295 0.701352 0.559475 -0.441693 0.663331 -0.285418 0.691758
19.864415 -47.071692 -5967.242166 -501.541607 -0.030201 0.912811 0.407263 0.757224 0.286858 -0.586791 0.652456 -0.290668 0.699866
11.339410 -50.961764 -10561.233192 871.768603 -0.083117 0.876090 0.474929 0.699008 0.390927 -0.598802 0.710267 -0.282208 0.644887
14.457615 -46.191467 -6486.874465 677.096094 -0.067746 0.913281 0.401656 0.682958 0.335925 -0.648632 0.727310 -0.230372 0.646490
19.072176 -54.355900 4125.779495 -1683.501784 -0.255019 0.765028 0.591353 0.638180 0.592620 -0.491455 0.726424 -0.252059 0.639354
5.912607 -49.898519 -10056.418556 -252.503099 -0.130436 0.848491 0.512883 0.635552 0.468595 -0.613589 0.760960 -0.245930 0.600382
11.710637 -27.109800 15364.990683 1675.327731 -0.443688 0.894456 -0.055581 0.692224 0.381441 0.612641 -0.569182 -0.233347 0.788404
10.706072 -30.373445 14005.312164 1474.660158 -0.380322 0.924625 0.020596 0.691194 0.269369 0.670591 -0.614497 -0.269276 0.741542
-14.024909 -28.885627 20582.215633 1172.630059 -0.299551 0.951206 0.074002 0.709933 0.170407 0.683342 -0.637389 -0.257232 0.726338
2.278281 -66.965251 85.638124 1111.586005 0.490365 0.765936 -0.415793 -0.729325 0.621825 0.285341 -0.477104 -0.163327 -0.863537
0.857097 -64.005014 -59.899305 943.006447 0.440813 0.805581 -0.395883 -0.677595 0.587912 0.441843 -0.588684 -0.073478 -0.805017
0.957636 -59.053024 474.378819 285.451418 0.464067 0.787787 -0.405011 -0.660312 0.612431 0.434646 -0.590449 -0.065729 -0.804394
-4.844501 -73.637936 -773.948436 -2608.640329 0.071224 0.975353 0.208837 0.939823 0.004518 -0.341631 0.334154 -0.220602 0.916338
-0.010851 -89.377671 -1534.452421 -7546.566144 0.097726 0.966778 0.236201 0.864731 0.034996 -0.501014 0.492635 -0.253212 0.832583
-7.103987 -77.746675 -1264.467097 -7741.164583 0.158472 0.970431 0.182074 0.936322 -0.089180 -0.339630 0.313350 -0.224302 0.922768
1.133317 -87.420155 -789.103712 -3397.959705 0.028506 0.967708 0.250459 0.862598 0.102792 -0.495337 0.505086 -0.230165 0.831813
-13.001868 -65.691297 85.820049 -2014.288400 0.117399 0.981412 0.151814 0.977857 -0.087571 -0.190072 0.173244 -0.170766 0.969961
-2.708824 -81.268203 -971.275557 1258.923613 -0.009940 0.969464 0.245030 0.945312 0.089002 -0.313789 0.326015 -0.228511 0.917331
-9.592886 -71.205222 1045.234106 2983.165985 0.025508 -0.978536 -0.204490 0.984273 0.060352 -0.166024 0.174802 -0.197039 0.964686
-4.512249 -85.143602 -337.131821 6581.301855 0.154331 0.987867 -0.017344 -0.535641 0.098406 0.838692 -0.830223 0.120146 -0.544329
6.092956 -101.556692 -1172.233147 -917.865472 0.128766 0.991663 0.004936 -0.711188 0.088876 0.697361 -0.691108 0.093307 -0.716703
-0.813289 -94.830966 -1207.328967 10308.877965 0.109303 0.993764 0.022051 -0.504089 0.036297 0.862889 -0.856707 0.105432 -0.504913
-2.243540 -135.543030 -666.542719 363.092872 0.063006 0.985498 -0.157556 -0.915874 -0.005623 -0.401426 0.396490 -0.169594 -0.902238
-1.711551 -133.095450 -599.054607 7769.082954 0.075396 0.985452 -0.152315 -0.974405 0.040370 -0.221145 0.211779 -0.165090 -0.963273
-3.940648 -136.128891 -724.073485 10236.375557 0.062533 0.987156 -0.147011 -0.982362 0.034871 -0.183708 0.176222 -0.155906 -0.971926
65.340776 -67.870375 13669.003745 10028.695831 0.737274 -0.621154 -0.265696 -0.666459 -0.604248 -0.436711 -0.110718 -0.499051 0.859470
38.783739 -61.839983 10659.235646 6697.674931 0.702616 -0.626088 -0.338149 -0.700338 -0.524355 -0.484333 -0.125924 -0.577119 0.806893
46.362137 -61.378105 18747.010634 5811.388748 0.714124 -0.632365 -0.300235 -0.680479 -0.526471 -0.509683 -0.164241 -0.568281 0.806277
6.802419 -122.046639 -839.058261 846.747539 -0.079813 0.986210 0.144982 0.903085 0.009968 0.429346 -0.421981 -0.165198 0.891427
4.079508 -121.149237 -2911.329751 -825.953543 -0.085225 0.983437 0.159964 0.969507 0.044828 0.240930 -0.229768 -0.175619 0.957269
-3.346463 -121.404810 -4204.979632 -1977.378207 -0.116928 0.979928 0.161460 0.961814 0.071223 0.264275 -0.247470 -0.186196 0.950836
-4.273500 -105.040448 -691.995123 1800.714901 0.264678 0.953319 0.145359 -0.574454 0.276938 -0.770265 0.774563 -0.120370 -0.620937
-4.411421 -109.197614 -436.080823 1161.654116 0.280057 0.943743 0.175835 -0.400972 0.281419 -0.871794 0.872232 -0.173648 -0.457228
-1.677388 -111.623468 -358.128326 1397.683844 0.279155 0.948051 0.152554 -0.567650 0.291065 -0.770100 0.774497 -0.128380 -0.619413
-6.924225 -102.180115 -693.660681 166.121611 0.267867 0.946346 0.180768 -0.391135 0.278283 -0.877252 0.880489 -0.164282 -0.444692
-7.386860 -99.190212 -1073.578101 1067.226059 0.257489 0.954634 0.149580 -0.565896 0.274454 -0.777455 0.783238 -0.115539 -0.610892
587.710638 -2.715150 411516.944188 -5644.246082 0.139994 0.949375 0.281226 0.912489 -0.013436 -0.408881 0.384403 -0.313856 0.868175
436.186038 -6.780595 256374.797251 -4768.978140 0.090972 0.975969 0.198009 0.913243 -0.002468 -0.407407 0.397128 -0.217893 0.891522
980.420359 -33.173314 -662004.105103 -20838.876065 -0.155167 -0.926510 -0.342787 0.915951 -0.004942 -0.401260 0.370078 -0.376239 0.849404
117127.286737 -2408.814842 113719245.465317 2559456.851129 -0.543755 0.670806 -0.504331 0.824203 0.313573 -0.471552 -0.158175 -0.672080 -0.723388
505.885646 -4.876971 -252440.987275 -18809.805473 -0.263148 -0.896085 -0.357471 0.882784 -0.074187 -0.463885 0.389161 -0.437640 0.810571
4.514732 -168.537387 -336.060594 -9682.075791 -0.242933 0.968456 -0.055459 0.965849 0.246798 0.078908 -0.090106 0.034396 0.995338
2.058545 -152.837314 32.626321 -6909.969912 -0.205428 0.977864 -0.039767 0.976916 0.207323 0.051499 -0.058603 0.028270 0.997881
-2.399642 -139.263182 -450.280204 -7981.731863 -0.239595 0.970193 -0.036332 0.933429 0.240485 0.266227 -0.267029 -0.029873 0.963225
-2.151810 -209.900243 -104.721567 18270.254822 -0.055791 0.938408 -0.340995 -0.931690 0.073849 0.355668 -0.358944 -0.337544 -0.870186
-1.095382 -192.709809 247.311262 22240.626593 -0.048758 0.938360 -0.342202 -0.826180 0.154643 0.541767 -0.561292 -0.309136 -0.767715
-4.125917 -215.349900 -293.336468 -12942.767090 -0.047580 0.941901 -0.332504 0.989132 -0.001933 -0.147014 -0.139116 -0.335885 -0.931573
-3.761728 -219.059475 141.643110 -8499.281821 -0.037218 0.938376 -0.343605 0.994414 0.000792 -0.105548 -0.098771 -0.345614 -0.933164
-2.580883 -217.749004 67.740303 -14918.346976 -0.037937 0.935404 -0.351540 0.944987 -0.080798 -0.316971 -0.324900 -0.344225 -0.880880
259.998777 -113.574694 160551.337474 -25928.299084 -0.009666 0.991790 0.127515 -0.812669 -0.082095 0.576914 -0.582645 0.098051 -0.806790
458.037679 -141.669364 320910.413111 -17988.836861 -0.001788 0.999994 -0.003013 -0.662928 0.001070 0.748683 -0.748681 -0.003336 -0.662922
2224.193634 -320.103768 1191122.130767 -66094.450309 -0.039558 0.996648 0.071604 -0.814338 -0.073683 0.575694 -0.579041 0.035536 -0.814524
35.520468 -201.312021 -9718.330232 -15710.224945 0.098382 0.971638 -0.215037 -0.354279 0.236125 0.904838 -0.929950 0.012837 -0.367461
20.162096 -214.107753 -4955.098930 -40689.984199 0.077090 0.974686 -0.209867 -0.173057 0.220379 0.959940 -0.981890 0.037683 -0.185665
11.639708 -203.268085 -2368.219845 -32510.187310 0.049332 0.967787 -0.246892 -0.107958 0.250911 0.961971 -0.992931 0.020802 -0.116859
129.340793 -274.556983 76808.491669 -31231.846572 -0.092067 0.924393 0.370165 0.975798 0.009706 0.218459 0.198349 0.381319 -0.902914
87.199722 -280.450266 52676.222490 -6971.188407 -0.146077 0.919785 0.364221 0.932687 0.005314 0.360648 0.329784 0.392386 -0.858648
-8.921522 -1300.730479 3022.415541 368201.694491 0.334096 0.925483 0.178497 0.939543 -0.311922 -0.141291 -0.075085 0.214911 -0.973743
-19.306394 -48.887975 -4612.582433 37.876713 0.488950 -0.808332 0.327912 0.791163 0.252609 -0.557000 0.367407 0.531778 0.763036
-17.974065 -48.834203 -4006.750217 -35.524033 0.521118 -0.795077 0.310305 0.717581 0.211316 -0.663644 0.462076 0.568506 0.680652
-9.995609 -49.128134 -4356.316492 -116.089072 0.536297 -0.782004 0.317576 0.765287 0.291838 -0.573731 0.355979 0.550727 0.754969
-33.285690 -78.151729 -5795.913830 -7843.909549 -0.396172 0.801606 -0.447745 0.363947 0.584799 0.724950 -0.842965 -0.124250 0.523423
