11732
23453
-40.367255 -58.388486 1397.786982 7512.298306 -0.052291 -0.984853 0.165320 0.987464 -0.075682 -0.138517 0.148930 0.156004 0.976464
-46.893462 -68.649487 -70.708879 6687.818278 -0.057309 -0.975420 0.212770 0.998078 -0.061011 -0.010870 0.023584 0.211738 0.977042
-48.371087 -78.066012 1087.560005 7979.659881 0.260252 -0.950099 0.171993 0.964459 0.264232 0.000255 -0.045688 0.165814 0.985098
-42.308305 -62.839062 -39.012352 5569.569723 -0.384712 -0.875417 0.292646 0.920145 -0.388796 0.046586 0.072997 0.287199 0.955085
-30.489622 -76.026567 -3961.069232 13908.465511 -0.209597 0.975903 -0.060684 0.967092 0.197750 -0.160086 0.144228 0.092240 0.985236
-27.902503 -48.960951 -3818.132169 7338.350428 0.055032 0.995162 -0.081390 0.965144 -0.073905 -0.251069 0.255870 0.064736 0.964541
-31.784512 -43.863871 -544.368422 3884.071128 0.527854 0.811816 -0.249652 0.811511 -0.568808 -0.133817 0.250639 0.131959 0.959045
-36.669603 -51.556177 -701.434549 3341.301078 -0.597913 -0.742926 0.300935 0.777303 -0.629067 -0.008609 0.195704 0.228770 0.953606
-52.748901 -77.524480 177.619072 -497.107515 -0.401128 -0.826416 0.395137 0.848514 -0.172691 0.500202 -0.345138 0.535924 0.770496
-55.341064 -79.965438 535.625603 201.700212 -0.423194 -0.812027 0.401895 0.779289 -0.099949 0.618642 -0.462185 0.574998 0.675102
-54.607035 -79.128065 39.078130 -917.292636 -0.241842 -0.903345 0.354231 0.875215 -0.045462 0.481594 -0.418941 0.426498 0.801616
-52.957953 -76.871284 334.244440 514.596607 -0.553266 -0.719753 0.419347 0.794412 -0.304445 0.525569 -0.250611 0.623914 0.740220
-65.062618 -81.659830 525.406403 7639.237273 0.799799 0.297467 0.521377 0.458087 -0.863772 -0.209893 -0.387915 -0.406709 0.827110
-66.677374 -92.949891 1079.843866 -1130.774304 0.786122 0.314332 0.532172 -0.372628 0.927978 0.002326 -0.493113 -0.200131 0.846633
-64.194472 -84.506782 -1417.769074 -7962.265531 0.663194 0.348430 0.662397 -0.536100 0.838728 0.095563 -0.522274 -0.418488 0.743033
-45.300479 -67.720007 13136.215605 5691.783278 -0.091804 -0.675361 -0.731751 0.864847 -0.418317 0.277579 -0.493570 -0.607369 0.622488
-53.197906 -64.271057 13437.771860 3248.744192 -0.041442 -0.753375 -0.656284 0.915187 -0.292175 0.277609 -0.400894 -0.589118 0.701587
6.003431 -26.470481 1222.671239 -4306.803157 -0.470914 -0.580853 -0.663965 -0.196613 0.802816 -0.562877 0.859991 -0.134522 -0.492260
5.066373 -36.809111 1449.353796 -5722.478376 -0.484902 -0.546294 -0.682959 -0.239969 0.834047 -0.496770 0.841002 -0.076996 -0.535525
-1.058912 -32.180080 3067.568005 -4914.248451 -0.495356 -0.570742 -0.654887 -0.207083 0.809728 -0.549051 0.843646 -0.136359 -0.519295
1.349920 -21.569559 3153.578534 -2203.092750 -0.476199 -0.640829 -0.602140 -0.207326 0.747283 -0.631335 0.854547 -0.175802 -0.488715
-9.069802 -45.894598 18.242091 763.860607 0.546451 0.835869 -0.052105 0.710077 -0.429430 0.558015 -0.444052 0.341926 0.828193
-8.015214 -46.609608 -334.492762 1062.113739 0.497482 0.866175 -0.047461 0.772622 -0.417545 0.478237 -0.394420 0.274584 0.876947
-7.432448 -45.440236 378.235078 1775.432070 0.560014 0.827036 -0.048953 0.758553 -0.488089 0.431703 -0.333140 0.278893 0.900687
-9.689864 -50.757797 -371.634781 656.779711 0.472118 0.878298 -0.075482 0.713073 -0.330149 0.618489 -0.518297 0.345823 0.782160
-11.025011 -51.728069 -285.083099 1557.468250 0.497084 0.863298 -0.087318 0.673381 -0.320340 0.666289 -0.547234 0.390000 0.740564
-16.888033 -71.950762 2293.215588 4118.437009 0.242097 0.967433 -0.073911 0.744602 -0.136413 0.653421 -0.622059 0.213225 0.753378
-20.494776 -69.402494 905.972041 5793.907091 0.156864 0.986130 -0.054237 0.776719 -0.089261 0.623490 -0.610001 0.139930 0.779948
-15.439870 -61.923728 1273.070338 2076.040833 0.186807 0.979959 -0.069158 0.839546 -0.122690 0.529253 -0.510162 0.156929 0.845641
-11.475783 -67.119221 2392.531054 2405.225825 0.244218 0.965032 -0.095241 0.830153 -0.157295 0.534888 -0.501203 0.209693 0.839538
-5.187190 -106.251504 -180.977692 -2207.623208 -0.203489 0.963101 0.176148 0.963642 0.228833 -0.137945 0.173164 -0.141673 0.974650
-4.134237 -109.051773 -235.426601 4651.076455 0.247096 -0.954665 -0.166004 0.968409 0.237362 0.076438 -0.033570 -0.179648 0.983158
-4.664708 -120.609462 969.189715 1591.094967 0.238181 -0.954128 -0.181409 0.971219 0.234320 0.042748 0.001721 -0.186369 0.982478
-3.249956 -123.640152 610.764504 8144.634721 0.283807 -0.943872 -0.168994 0.938185 0.236915 0.252349 -0.198148 -0.230166 0.952765
-4.788274 -118.139581 -611.069864 -3305.683425 -0.195355 0.964366 0.178423 0.946515 0.233030 -0.223172 0.256798 -0.125283 0.958311
-3.265421 -127.148854 441.483595 3178.192456 0.234526 -0.954134 -0.186079 0.971865 0.234425 0.022866 0.021804 -0.186207 0.982269
-3.011951 -135.723758 749.137330 9288.575381 0.281481 -0.943917 -0.172593 0.937641 0.232333 0.258557 -0.203957 -0.234609 0.950453
-16.015120 -90.027057 1034.773430 2551.715703 -0.476795 0.878981 0.007685 0.150295 0.090134 -0.984524 0.866071 0.468261 0.175082
-17.575088 -90.420528 140.104330 2591.366421 -0.420686 0.906919 0.022815 0.141354 0.090369 -0.985826 0.896126 0.411499 0.166213
-14.942935 -86.815406 1076.752362 1403.641549 -0.475882 0.879335 0.017491 -0.021107 0.008463 -0.999741 0.879256 0.476128 -0.014533
-9.941018 -82.647630 1774.320943 1085.152590 -0.521349 0.853257 -0.012195 -0.016184 -0.024175 -0.999577 0.853190 0.520931 -0.026413
-12.940448 -88.983423 1471.238242 2727.099204 -0.512326 0.858760 -0.007318 0.123406 0.065184 -0.990213 0.849878 0.508215 0.139372
-12.255305 -82.187706 1099.482759 611.527077 -0.489626 0.871863 0.011050 -0.175932 -0.086373 -0.980606 0.853999 0.482074 -0.195679
-16.088728 -85.230361 464.297641 -41.383854 -0.428380 0.903240 0.025462 -0.198741 -0.066694 -0.977780 0.881472 0.423922 -0.208081
2.466854 -47.608012 1890.533609 -5060.569717 0.717042 0.696988 -0.007609 0.568064 -0.578013 0.585836 -0.403923 0.424392 0.810394
-1.751364 -34.794254 1341.778607 -4314.167523 0.714468 0.699613 0.008753 0.513777 -0.533097 0.672191 -0.474940 0.475762 0.740326
-1.356314 -44.281405 -118.496498 -5553.573098 0.650283 0.758526 -0.042069 0.609675 -0.488032 0.624597 -0.453242 0.431813 0.779813
-4.014168 -31.953287 -527.024795 -4512.645752 0.623573 0.779646 -0.057526 0.584971 -0.416520 0.695932 -0.518620 0.467615 0.715800
4.217766 -61.223048 1526.680408 -6253.809009 0.692070 0.721186 -0.030492 0.639994 -0.593523 0.487994 -0.333837 0.357240 0.872314
-2.419579 -34.177917 -1458.805175 -4802.923357 0.588646 0.804130 -0.082894 0.616580 -0.380292 0.689352 -0.522804 0.456895 0.719668
-5.642736 -135.711885 366.107788 5903.871122 0.760329 0.071096 0.645635 0.390034 0.744862 -0.541344 0.519397 -0.663419 -0.538611
-4.731517 -136.182060 -1183.490306 8781.665810 0.776677 0.039922 0.628633 0.377827 0.768999 -0.515642 0.504004 -0.638002 -0.582180
-5.185457 -124.364211 286.778335 5942.937983 -0.758959 -0.039947 -0.649912 0.268873 0.889822 -0.368679 0.593034 -0.454556 -0.664598
-4.048639 -131.742919 -1124.239721 7416.406131 -0.732764 -0.056036 -0.678171 0.205555 0.931820 -0.299096 0.648694 -0.358568 -0.671286
-4.763226 -143.955880 1173.553042 5453.313907 0.742340 0.079950 0.665236 0.378847 0.768823 -0.515156 0.552636 -0.634444 -0.540440
-5.021344 -108.068047 211.378987 6702.514066 -0.744107 -0.010584 -0.667976 0.149880 0.971741 -0.182359 0.651030 -0.235811 -0.721493
-4.021800 -111.594921 579.509972 3181.648669 -0.756162 0.008999 -0.654322 0.130057 0.982025 -0.136794 0.641330 -0.188538 -0.743740
-21.572415 -33.587023 -2538.717718 3830.040209 0.170780 0.983938 -0.051971 -0.395074 0.020062 -0.918430 0.902635 -0.177382 -0.392155
-23.370905 -37.306042 -1057.345926 1833.344909 0.076474 0.990755 -0.112057 -0.318542 -0.082219 -0.944336 0.944819 -0.107912 -0.309309
-20.301447 -38.616572 -1481.340036 2240.018789 0.142668 0.983062 -0.115040 -0.298631 -0.068059 -0.951939 0.943645 -0.170166 -0.283863
-5.984602 -267.392458 8017.242000 -107972.946015 0.977674 -0.194563 0.079359 -0.013334 -0.434358 -0.900642 -0.209702 -0.879476 0.427255
-9.033351 -69.203059 -1976.843500 -9832.855981 0.951301 -0.290827 -0.102207 -0.199934 -0.329732 -0.922661 -0.234634 -0.898163 0.371820
-36.197761 -49.935833 15571.091777 3034.067507 0.640798 -0.212029 -0.737849 0.765688 0.106814 0.634281 -0.055673 -0.971409 0.230794
-38.919402 -150.656260 -2325.890568 50899.041860 -0.472807 -0.057505 -0.879288 0.866124 -0.213921 -0.451738 -0.162120 -0.975157 0.150950
-24.901982 -194.155388 11326.747303 -73463.158156 0.978960 -0.139423 0.148992 0.085452 -0.382939 -0.919813 -0.185298 -0.913192 0.362968
-26.393464 -352.437160 8403.445864 117732.121530 -0.220051 -0.080462 -0.972164 0.971482 -0.108306 -0.210933 -0.088319 -0.990856 0.102000
2.958231 -105.451612 -2851.152603 12110.693239 0.806716 -0.038058 0.589713 0.353902 0.830290 -0.430548 0.473247 -0.556030 -0.683277
-4.119664 -98.003733 469.580581 5948.384529 -0.775603 0.049253 -0.629296 0.319000 0.890857 -0.323440 0.544682 -0.451607 -0.706663
-3.475419 -125.295893 -1623.568413 12913.910565 0.796372 -0.027251 0.604193 0.416971 0.748357 -0.515847 0.438094 -0.662737 -0.607333
-1.476537 -35.414897 3350.872777 -814.099937 -0.274670 0.869324 -0.410892 0.827377 0.431402 0.359639 -0.489903 0.241180 0.837751
-2.868566 -31.715986 2485.492335 -1092.887208 -0.318037 0.844020 -0.431836 0.751647 0.502073 0.427727 -0.577823 0.188556 0.794082
-6.084398 -34.920400 1479.039687 -879.101622 -0.327991 0.856117 -0.399356 0.768497 0.487658 0.414248 -0.549394 0.171034 0.817871
-8.382049 -37.653280 2401.989078 -826.740498 -0.292362 0.875477 -0.384791 0.840531 0.427156 0.333234 -0.456105 0.226004 0.860750
-2.416252 -33.969039 -1983.786190 247.249136 -0.023786 0.998361 -0.052063 0.869502 -0.005040 -0.493904 0.493357 0.057016 0.867956
2.002152 -34.564738 -3174.452236 714.754723 0.020883 0.997951 -0.060485 0.909593 -0.044075 -0.413157 0.414976 0.046389 0.908649
3.149442 -33.379160 -1577.305571 330.231214 0.045596 0.995006 -0.088796 0.899891 -0.079505 -0.428806 0.433724 0.060355 0.899022
41.919604 -405.332149 -7292.320454 56784.108032 -0.123755 0.992289 0.006887 0.188335 0.016673 0.981963 -0.974276 -0.122819 0.188947
23.975727 -280.177977 -3856.353467 -4266.180930 -0.191376 0.980412 0.046561 0.002960 -0.046861 0.998897 -0.981512 -0.191302 -0.006066
27.424100 -338.935635 -2879.621996 -41572.497683 -0.123277 0.992274 0.013999 -0.350732 -0.056761 0.934754 -0.928327 -0.110324 -0.355019
48.251998 -325.914282 -4718.607956 10473.186362 -0.036609 0.998867 -0.030418 -0.000129 0.030434 0.999537 -0.999330 -0.036596 0.000986
43.863423 -90.400950 1482.346491 8166.145591 -0.273325 0.920028 0.280787 -0.466275 -0.382035 0.797895 -0.841357 -0.087161 -0.533406
45.328722 -75.174125 4663.368981 7381.618348 -0.357009 0.878590 0.317212 -0.295122 -0.428288 0.854092 -0.886255 -0.211302 -0.412194
35.193584 -77.142055 193.907568 7882.365192 -0.335023 0.925323 0.177584 -0.551768 -0.345454 0.759087 -0.763749 -0.156326 -0.626299
40.938855 -92.755465 -2586.481549 -415.022940 -0.278374 0.945324 0.169913 -0.723268 -0.322720 0.610521 -0.631974 -0.047060 -0.773559
36.711821 -77.367798 -2036.046769 -263.471697 -0.281372 0.957948 0.056267 -0.795596 -0.265666 0.544471 -0.536523 -0.108434 -0.836890
27.870445 -52.945394 -2100.713690 143.452912 -0.284925 0.937639 0.199125 0.958312 0.274013 0.080964 0.021352 0.213893 -0.976624
31.162677 -50.872922 -1329.350846 2147.785017 -0.275742 0.939201 0.204616 0.944297 0.224895 0.240261 0.179636 0.259468 -0.948898
29.592357 -52.967601 -675.708791 765.625310 -0.290048 0.913278 0.286000 0.956771 0.270010 0.108094 0.021497 0.304988 -0.952113
-10.538145 -18.334633 -548.623646 2291.232707 -0.358849 0.647256 0.672523 0.341228 0.761609 -0.550922 -0.868787 0.031786 -0.494165
-6.429302 -22.235727 -2154.898683 2323.273686 -0.447559 0.511918 0.733233 0.245212 0.858764 -0.449884 -0.859978 -0.021552 -0.509876
-13.054702 -23.353221 -1815.887001 2794.192738 -0.439484 0.404272 0.802133 0.164858 0.914129 -0.370393 -0.882992 -0.030543 -0.468393
-58.249435 -80.110561 442.380450 7482.132085 0.240520 0.146295 0.959556 -0.051785 0.989103 -0.137820 -0.969262 -0.016542 0.245475
-55.307612 -84.299501 1505.253669 3297.552930 0.337848 0.145231 0.929928 -0.198391 0.976813 -0.080477 -0.920054 -0.157301 0.358828
-52.571693 -74.412820 1899.290911 8326.846742 0.377794 0.231495 0.896483 -0.007996 0.969019 -0.246856 -0.925855 0.086093 0.367941
-42.311714 -73.044535 4500.417215 5925.690070 0.525335 0.219750 0.822030 -0.063245 0.973488 -0.219821 -0.848542 0.063490 0.525305
-45.588766 -61.128982 2784.790013 8223.960617 0.475694 0.380456 0.793075 0.012292 0.898657 -0.438479 -0.879525 0.218331 0.422809
-48.943890 -51.360712 2914.197407 8141.272248 0.414208 0.551153 0.724336 0.030228 0.787045 -0.616154 -0.909680 0.277111 0.309340
-55.586907 -63.953796 -260.164764 8813.187143 0.221804 -0.026977 0.974718 0.173682 0.984725 -0.012269 -0.959499 0.172012 0.223101
-33.522131 -81.492844 1196.605181 15226.215202 -0.114625 0.950170 0.289894 0.700712 -0.129521 0.701588 -0.704176 -0.283552 0.650950
-31.855746 -70.070437 496.416630 12769.565327 -0.199524 0.941705 0.270891 0.752585 -0.029775 0.657822 -0.627540 -0.335120 0.702772
-29.179250 -68.836339 1446.154643 12244.402570 -0.027587 0.946208 0.322381 0.766200 -0.187114 0.614757 -0.642010 -0.263968 0.719822
-29.711203 -87.226223 2319.264715 11740.497388 0.005378 0.957814 0.287338 0.668082 -0.217247 0.711667 -0.744068 -0.188138 0.641067
-5.036639 -108.623659 -369.416363 -4238.567322 -0.553840 0.832623 0.000083 -0.559703 -0.372375 0.740317 -0.616436 -0.409971 -0.672258
-6.099007 -109.316558 -1220.748404 -6549.819344 -0.557461 0.829423 -0.035977 -0.691163 -0.439656 0.573582 -0.459924 -0.344616 -0.818358
-3.926573 -120.732053 -707.245514 -6387.545108 -0.566809 0.823539 -0.022625 -0.524098 -0.339255 0.781171 -0.635649 -0.454632 -0.623907
7.885167 -80.081920 1086.849958 -1630.914335 -0.573374 0.813865 0.094164 0.484313 0.243993 0.840183 -0.660820 -0.527344 0.534064
6.062960 -77.564938 1120.335321 -308.862871 -0.558153 0.822198 0.111605 0.374899 0.129903 0.917919 -0.740214 -0.554180 0.380747
4.494513 -76.331695 972.482905 -2948.008099 -0.572445 0.817915 0.057629 0.481678 0.278575 0.830892 -0.663546 -0.503399 0.553441
10.048691 -86.159618 1136.302910 1598.982741 -0.572187 0.809990 0.128523 0.343800 0.094623 0.934263 -0.744583 -0.578760 0.332616
7.815057 -84.347200 1469.321024 -2302.051297 -0.578310 0.813823 0.057006 0.589424 0.368494 0.718883 -0.564037 -0.449337 0.692790
10.360925 -86.758550 529.841700 -2147.312809 -0.580823 0.808239 0.096922 0.601657 0.346038 0.719908 -0.548319 -0.476452 0.687269
9.562324 -82.466998 122.220107 -789.219201 -0.594098 0.796694 0.111027 0.484110 0.243894 0.840329 -0.642407 -0.552987 0.530584
25.767791 -54.555952 6643.626223 1447.640248 0.490666 0.853181 0.177001 0.628713 -0.206009 -0.749854 0.603297 -0.479210 0.637487
40.952126 -46.814451 -1453.340733 801.515692 -0.561659 -0.758645 -0.330149 0.632808 -0.136834 -0.762123 0.533005 -0.636973 0.556930
42.809479 -52.202329 -8111.340136 -210.788051 -0.479905 -0.836682 -0.263921 0.724359 -0.208158 -0.657247 0.494969 -0.506590 0.705955
-4.850988 -107.168298 -569.626748 -6458.005648 0.971290 -0.149302 -0.185213 -0.228985 -0.797832 -0.557701 0.064503 -0.584101 0.809114
-3.678297 -95.898655 -1515.840054 88.283426 0.985695 -0.081864 -0.147322 -0.133364 -0.913315 -0.384799 0.103050 -0.398942 0.911168
-2.683740 -103.530465 888.038546 -5.249347 0.978824 -0.101695 -0.177655 -0.167684 -0.896114 -0.410927 0.117410 -0.432015 0.894191
-1.543290 -107.028422 1394.100573 -803.265262 0.976153 -0.114978 -0.184135 -0.187287 -0.874951 -0.446525 0.109769 -0.470363 0.875620
-2.288348 -113.410271 819.389487 -4597.520180 0.967633 -0.152231 -0.201277 -0.244646 -0.761571 -0.600132 0.061928 -0.629949 0.774164
-6.262723 -225.371997 425.837020 5705.186228 0.990083 -0.112724 0.083835 0.071801 -0.106881 -0.991676 -0.120746 -0.987861 0.097727
-7.301574 -233.836968 -292.577041 -4450.089891 0.984837 -0.148916 0.088990 0.060366 -0.186741 -0.980553 -0.162638 -0.971057 0.174920
-8.122928 -217.167452 239.676269 14141.986276 0.990173 -0.120489 0.070992 0.101137 0.266363 -0.958552 -0.096586 -0.956312 -0.275932
-5.933108 -234.430672 1176.200415 -11983.791784 0.989599 -0.099269 0.104112 0.044894 -0.474474 -0.879124 -0.136669 -0.874654 0.465082
-5.097992 -278.536038 279.919579 46449.971682 0.989659 -0.099519 0.103300 0.121899 0.203942 -0.971364 -0.075602 -0.973912 -0.213964
15.438839 -251.692919 -1128.967771 -45973.216632 0.997075 -0.075620 -0.011102 0.074051 0.919833 0.385258 0.018921 0.384953 -0.922742
12.409917 -180.965131 -1151.056279 -23592.857457 0.990826 -0.113550 -0.073282 0.133041 0.914839 0.381273 -0.023748 0.387525 -0.921553
15.662088 -172.920600 -1209.114440 -23646.300986 0.989005 -0.126160 -0.077152 0.134378 0.984500 0.112707 -0.061737 0.121836 -0.990628
66.751333 -260.583607 13845.819949 -72809.660450 0.997812 -0.033205 -0.057175 -0.066042 -0.541951 -0.837811 0.003166 -0.839754 0.542958
144.981390 -93.248649 34363.186026 -19461.053784 0.986317 -0.037813 0.160467 0.096095 -0.659037 -0.745946 -0.133960 -0.751159 0.646386
67.269171 -296.091348 15946.040845 -86370.264197 0.997210 0.015833 -0.072946 -0.045379 -0.647321 -0.760865 0.059267 -0.762053 0.644797
-1.713750 -930.654162 -1470.179853 -290874.303000 0.921930 -0.052834 0.383736 0.330492 -0.409422 -0.850381 -0.202039 -0.910814 0.359997
12.310359 -2755.479176 18795.385508 -1173827.125471 0.942890 -0.044243 0.330153 0.331114 0.232661 -0.914457 0.036356 -0.971551 -0.234023
-0.158570 -785.889564 120.804187 -269292.207713 0.937492 -0.024230 0.347163 0.344232 0.211114 -0.914842 0.051124 -0.977161 -0.206258
-6.060624 -21.350164 -399.245712 -6464.010944 -0.555903 0.744652 -0.369413 -0.193526 -0.548136 -0.813692 0.808406 0.380843 -0.448819
0.891568 -12.868581 -2562.561391 7874.714787 -0.582211 0.479105 -0.656878 -0.061024 0.779901 0.622921 0.810744 0.402757 -0.424830
-7.946371 -27.949689 -852.362006 6085.549229 -0.596785 0.526993 -0.605083 0.031863 0.769061 0.638381 0.801768 0.361697 -0.475756
-10.985812 -32.559880 -302.996768 -4164.664410 -0.553131 0.732520 -0.396814 -0.257908 -0.603479 -0.754517 0.792168 0.315005 -0.522725
-9.471023 -31.993082 717.729308 -5791.620147 -0.515161 0.835048 -0.193141 -0.348398 -0.409908 -0.842967 0.783089 0.366974 -0.502098
-16.629958 -31.995213 126.502753 1108.018766 -0.317052 0.929428 -0.188791 -0.428211 -0.317902 -0.845916 0.846235 0.187357 -0.498782
-18.147547 -34.005494 318.552726 509.385576 -0.327491 0.923604 -0.199263 -0.327470 -0.308771 -0.892986 0.886292 0.227192 -0.403572
-18.645174 -32.527894 434.075674 1155.279009 -0.236996 0.965641 -0.106627 -0.430714 -0.202815 -0.879404 0.870815 0.162490 -0.463982
-16.248546 -29.603729 80.242973 912.377963 -0.192432 0.980253 -0.045542 -0.531770 -0.143170 -0.834699 0.824737 0.136405 -0.548820
-14.695999 -29.191988 -1.622363 908.613756 -0.288536 0.950145 -0.118203 -0.537592 -0.262923 -0.801166 0.792302 0.167621 -0.586653
13.071512 -150.667366 -1641.184159 1557.047577 -0.434584 0.893281 0.114830 0.758818 0.294491 0.580921 -0.485109 -0.339595 0.805819
22.117702 -205.998662 -3272.549177 12712.658534 -0.416193 0.908377 0.040436 0.655603 0.268971 0.705577 -0.630054 -0.320166 0.707479
20.372946 -202.189485 -2840.899299 -9853.708599 -0.398300 0.912127 0.096860 0.847363 0.325464 0.419582 -0.351187 -0.249196 0.902535
12.681877 -184.893330 2653.161814 -17968.186193 0.400504 -0.901816 -0.162251 0.878983 0.328109 0.346024 -0.258814 -0.281200 0.924090
-95.488546 -125.185048 29191.981719 21660.357367 -0.456517 0.889600 0.014273 -0.767513 -0.385650 -0.512053 0.450018 0.244715 -0.858835
-41.821248 -69.492731 9593.725185 9502.548319 -0.489188 0.871240 -0.040444 -0.774894 -0.455438 -0.438309 0.400292 0.183076 -0.897914
-25.644439 -128.328505 10266.985742 24360.782605 -0.344735 0.936705 0.061159 -0.780304 -0.249739 -0.573372 0.521807 0.245384 -0.817009
-118.263497 -489.709472 40422.773535 130481.625750 -0.381712 0.923888 0.026966 -0.673631 -0.258103 -0.692535 0.632864 0.282514 -0.720880
-200.659899 -356.054728 36605.477405 101412.178460 -0.741719 -0.340501 -0.577851 -0.369037 0.926597 -0.072313 0.560058 0.159613 -0.812932
-4.562748 -61.008111 -388.433490 2806.749368 0.205327 0.966302 0.155244 0.059712 -0.170697 0.983513 -0.976870 0.192671 0.092748
-2.466590 -62.714476 -560.956397 2218.954775 0.187293 0.970792 0.149949 0.138239 -0.177180 0.974421 -0.972528 0.161773 0.167386
-3.098861 -59.616410 -448.798759 1536.929312 0.205043 0.961252 0.184262 0.162957 -0.219163 0.961984 -0.965092 0.167221 0.201581
-52.166392 -74.448870 25.112279 3748.601525 -0.076982 -0.963592 0.256056 0.988125 -0.039482 0.148495 -0.132979 0.264446 0.955188
-57.307029 -78.997921 156.700440 573.484973 0.261836 0.901134 -0.345541 0.771281 0.019840 0.636185 -0.580144 0.433086 0.689833
-55.524005 -79.915830 -209.846095 933.977662 0.359885 0.847946 -0.389192 0.689426 0.039369 0.723285 -0.628629 0.528619 0.570428
-55.768290 -77.695367 636.619035 1942.881329 -0.532036 -0.724204 0.438709 0.706422 -0.094005 0.701520 -0.466803 0.683148 0.561608
-56.346400 -80.366941 798.113010 410.777595 -0.447637 -0.783045 0.431812 0.663823 0.032552 0.747181 -0.599133 0.621113 0.505232
-54.996926 -77.454308 108.182116 -30.750128 -0.593410 -0.673817 0.440266 0.726860 -0.213651 0.652708 -0.345743 0.707335 0.616554
-61.178521 -90.456461 -2960.025779 6008.273308 0.643633 0.194739 0.740144 -0.151374 0.980373 -0.126310 -0.750215 -0.030741 0.660479
-64.655648 -89.678114 116.676475 4995.155165 0.754007 0.303288 0.582657 -0.230621 0.952788 -0.197508 -0.615051 0.014550 0.788353
-58.159821 -78.968923 -4031.505265 9377.685496 0.641037 0.130714 0.756297 0.048873 0.976439 -0.210187 -0.765952 0.171700 0.619545
-51.263470 -86.395109 -5869.126086 6652.188810 0.530428 0.087495 0.843202 -0.052100 0.996144 -0.070590 -0.846127 -0.006488 0.532942
9.709708 -39.944481 -722.114767 -5384.456291 -0.488565 -0.391660 -0.779684 -0.252190 0.918840 -0.303536 0.835287 0.048332 -0.547685
10.564176 -39.943435 117.498931 -5244.248103 -0.474480 -0.473788 -0.741885 -0.248835 0.880613 -0.403239 0.844364 -0.006722 -0.535728
7.659210 -32.393272 -968.581905 -5774.097759 -0.461359 -0.461518 -0.757726 -0.211956 0.886656 -0.410993 0.861523 -0.029010 -0.506889
4.552638 -22.894273 -1268.187098 -2255.503181 -0.394114 -0.583215 -0.710306 -0.256044 0.811937 -0.524595 0.882675 -0.024880 -0.469324
4.063172 -30.515930 -2260.621915 -4333.894938 -0.462252 -0.385292 -0.798670 -0.225991 0.922118 -0.314047 0.857468 0.035324 -0.513324
-5.035229 -45.981824 343.303765 306.260444 0.623104 0.781722 -0.025552 0.721040 -0.561463 0.406030 -0.303056 0.271423 0.913502
-5.903762 -45.457214 663.191971 360.481496 0.586200 0.808777 -0.047417 0.758223 -0.527056 0.383809 -0.285425 0.260942 0.922194
-3.609278 -44.061435 16.686478 -461.726248 0.614337 0.788562 -0.027580 0.749021 -0.571828 0.334634 -0.248108 0.226236 0.941945
-3.400263 -46.972078 -467.164626 -1123.781408 0.621171 0.783354 -0.022440 0.726186 -0.564602 0.392274 -0.294619 0.259964 0.919575
-3.986491 -44.074050 539.256396 -389.823155 0.633797 0.772786 -0.033228 0.694185 -0.549334 0.465123 -0.341187 0.317859 0.884622
3.931221 -43.335616 -704.566326 863.155471 0.393766 0.849071 -0.352176 -0.683924 0.526604 0.504912 -0.614163 -0.042045 -0.788059
3.856796 -43.519126 376.364622 3.143823 0.399194 0.859616 -0.318912 -0.651451 0.510683 0.561083 -0.645179 0.016226 -0.763859
3.554267 -42.142799 -326.552903 274.223091 0.389653 0.855608 -0.340743 -0.614512 0.517123 0.595784 -0.685964 0.022759 -0.727280
3.432880 -42.092322 -907.753999 1210.349045 0.391119 0.847273 -0.359381 -0.650510 0.530731 0.543287 -0.651047 -0.021291 -0.758739
-4.150775 -101.012840 -225.253618 -3204.448650 0.217656 -0.961876 -0.165589 0.968916 0.233378 -0.082073 0.117590 -0.142578 0.982774
-3.116249 -114.664833 976.829484 8903.393951 -0.280688 0.951023 0.129499 0.937038 0.242316 0.251482 -0.207786 -0.191933 0.959159
-16.694412 -94.668422 698.456558 3054.278146 -0.451203 0.892407 0.005084 0.323286 0.168759 -0.931132 0.831807 0.418486 0.364647
-17.505557 -94.025481 -42.738918 1469.314625 -0.387669 0.921620 0.018144 0.380364 0.177863 -0.907573 0.839664 0.344936 0.419503
-18.330457 -91.969174 -340.135727 2438.259306 -0.378830 0.925030 0.028408 0.197783 0.110909 -0.973951 0.904085 0.363343 0.224971
-18.088600 -87.687036 -521.776875 1300.652193 -0.374039 0.926842 0.032528 0.000004 0.035075 -0.999385 0.927413 0.373809 0.013123
4.074783 -44.383413 2751.756772 -4175.289425 0.761480 0.647089 0.037734 0.492771 -0.615736 0.614854 -0.421099 0.449605 0.787738
0.748431 -31.833226 2330.985245 -2786.933772 0.791027 0.602405 0.106700 0.377864 -0.618250 0.689192 -0.481140 0.504851 0.716680
-4.582749 -25.049736 1454.268792 -3557.322794 0.761232 0.642783 0.085771 0.396835 -0.566348 0.722338 -0.512883 0.515829 0.686201
-6.284596 -23.168056 -268.710409 -3932.906148 0.671013 0.741288 -0.015273 0.515349 -0.451485 0.728407 -0.533064 0.496641 0.684975
-4.748166 -141.422002 -515.384707 7139.317925 0.778144 0.060488 0.625167 0.476133 0.592333 -0.649953 0.409622 -0.803419 -0.432120
-6.110410 -150.848976 -882.333717 12642.770582 0.778786 0.035831 0.626265 0.494457 0.579294 -0.648021 0.386011 -0.814331 -0.433429
-5.452400 -134.235248 -710.196480 10740.033026 0.780029 0.027117 0.625156 0.377069 0.776929 -0.504183 0.499373 -0.629004 -0.595802
-3.715905 -118.259136 187.928031 774.435717 -0.151342 0.984507 0.088547 0.483521 0.151863 -0.862059 0.862150 0.087652 0.499013
-3.820749 -122.723216 -135.185240 1175.852748 -0.139865 0.983618 0.113730 0.522659 0.170893 -0.835238 0.840991 0.057378 0.537999
-2.470077 -120.323624 -255.016351 2014.880142 -0.120329 0.988797 0.088328 0.330086 0.123763 -0.935802 0.936250 0.083448 0.341280
2.901552 -549.954139 1707.809201 79464.980087 0.821655 -0.012493 0.569849 -0.508972 -0.466119 0.723658 -0.256576 0.884634 0.389348
5.054057 -364.954592 2056.293587 -17050.516128 0.845583 -0.038436 0.532458 -0.533623 -0.089521 0.840971 -0.015343 0.995243 0.096207
4.101326 -344.582925 1381.428810 19176.521682 0.857913 -0.018766 0.513453 -0.457067 -0.484330 0.745999 -0.234681 0.874684 0.424090
-22.509225 -38.011377 1130.061520 -272.848935 0.048508 0.998367 0.030180 -0.240718 0.041010 -0.969728 0.969382 -0.039775 -0.242315
-21.137657 -39.689569 -87.813275 -954.368271 0.097312 0.995180 -0.012091 -0.177593 0.005409 -0.984089 0.979281 -0.097911 -0.177263
-24.155091 -36.384165 1251.348500 1435.215335 0.049334 0.995352 0.082710 -0.336664 0.094537 -0.936867 0.940332 -0.018374 -0.339763
24.927681 -174.966789 16336.080131 -53407.339109 0.287399 -0.540617 -0.790655 0.895098 -0.142193 0.422589 -0.340884 -0.829165 0.443039
-15.044697 -122.826890 -20711.121722 39787.663267 0.963156 -0.266491 -0.036251 -0.114875 -0.285768 -0.951389 -0.243177 -0.920500 0.305852
61.016744 -1396.440471 -10851.944266 -479509.376044 0.941555 -0.322549 0.097143 -0.069892 -0.469156 -0.880345 -0.329530 -0.822104 0.464280
-24.114613 -29.523011 -392.127525 -77.343308 0.335532 0.503345 0.796280 -0.352366 0.850982 -0.389445 -0.873645 -0.149911 0.462894
-22.099675 -30.807569 -621.167248 -2037.978154 0.201879 0.634636 0.745978 -0.424979 0.742982 -0.517078 -0.882404 -0.212638 0.419700
-20.098182 -29.536336 2357.306780 -1240.727641 0.533766 -0.095631 0.840208 -0.154283 0.965895 0.207949 -0.831439 -0.240626 0.500808
-22.507270 -27.577766 2495.559482 1770.894430 0.545987 -0.174494 0.819421 -0.024282 0.974363 0.223668 -0.837442 -0.142018 0.527752
-7.586712 -31.415104 2631.273800 670.086886 0.195580 0.954551 -0.224903 0.823129 -0.284450 -0.491475 0.533111 0.089001 0.841351
-0.750357 -31.790251 1710.527763 470.507716 0.083095 0.983033 -0.163530 0.854460 -0.154728 -0.495940 0.512828 0.098519 0.852820
0.270663 -32.007397 2962.511662 390.543723 0.124086 0.972279 -0.198181 0.877430 -0.200783 -0.435664 0.463378 0.119830 0.878021
87.581722 -13.048441 -27465.298474 -5726.968560 -0.365289 0.411298 0.835103 -0.527195 0.647964 -0.549735 -0.767222 -0.641074 -0.019860
94.316893 11.599838 -12398.792084 -1338.098899 -0.092626 0.113343 0.989229 -0.669048 0.728710 -0.146139 -0.737425 -0.675378 0.008335
48.208438 -3.089742 20482.889862 -3987.973524 0.313889 -0.306691 0.898562 -0.571135 0.695031 0.436734 -0.758471 -0.650287 0.043000
18.391887 -16.163443 -14254.241651 -7657.185400 -0.375216 0.416738 0.827975 -0.510524 0.652641 -0.559844 -0.773678 -0.632764 -0.032126
53.450576 -69.108882 4427.932746 2256.684249 -0.388405 0.836286 0.386998 -0.115550 -0.460856 0.879920 -0.914215 -0.297048 -0.275632
42.529195 -56.766764 -5895.200867 -2.209122 -0.579811 0.744425 0.331136 -0.201511 -0.524824 0.827014 -0.789438 -0.412784 -0.454309
-55.965753 -77.967513 -1029.365373 -1582.926246 0.438461 0.751798 -0.492495 0.554366 0.205086 0.806609 -0.707411 0.626689 0.326849
-54.999323 -74.958590 -1337.386098 -2530.934464 0.459713 0.644795 -0.610657 0.542462 0.340547 0.767960 -0.703135 0.684300 0.193223
-54.067302 -73.198217 -582.192654 -3212.583422 0.424294 0.740038 -0.521841 0.394914 0.367369 0.842071 -0.814873 0.563368 0.136379
-56.974152 -77.832722 700.855055 -1088.033312 0.392987 0.832863 -0.389745 0.529499 0.141563 0.836415 -0.751793 0.535070 0.385368
29.574856 -50.887047 -349.537400 2892.581334 -0.291572 0.905580 0.308077 0.941495 0.214777 0.259726 0.169035 0.365782 -0.915222
32.019888 -47.396911 -2081.526836 3023.916471 -0.279895 0.929870 0.238749 0.921422 0.190383 0.338726 0.269518 0.314796 -0.910090
30.439019 -47.121086 -788.356066 -1923.518791 -0.262729 0.948874 0.174961 -0.910603 -0.183887 -0.370119 0.319024 0.256561 -0.912360
30.003080 -48.630510 769.835904 1390.478043 -0.254901 0.954613 0.154076 0.943995 0.211141 0.253562 0.209522 0.210080 -0.954970
-19.909017 -30.171155 6423.379056 434.363306 0.075778 0.977389 -0.197403 -0.211851 0.209233 0.954642 -0.974360 0.030521 -0.222916
-13.409182 -30.606993 6936.288380 173.777122 0.051511 0.995798 -0.075711 -0.131352 0.081909 0.987946 -0.989997 0.040946 -0.135019
-5.659857 -30.072822 5297.081538 65.825237 0.026152 0.998909 0.038681 -0.199204 -0.032711 0.979412 -0.979609 0.033319 -0.198132
-26.553711 -32.508760 2592.451125 1914.641857 0.084179 0.790871 -0.606165 -0.171503 0.610746 0.773031 -0.981581 -0.038887 -0.187048
-6.483481 -28.564194 5412.684492 -642.081425 0.024216 0.997976 0.058803 -0.272625 -0.049999 0.960820 -0.961816 0.039298 -0.270863
-21.067709 -26.964352 5669.863752 -489.619393 0.088757 0.978459 -0.186388 -0.294092 0.204527 0.933637 -0.951647 0.028052 -0.305910
-25.800665 -32.388552 -743.500864 3487.015097 -0.200470 -0.554881 0.807415 -0.198042 0.830083 0.521289 -0.959474 -0.055399 -0.276297
-30.836555 -93.509605 -2184.725891 13003.904055 -0.483999 0.849831 0.208643 0.543055 0.104738 0.833139 -0.686175 -0.516543 0.512198
-32.506611 -78.167956 -280.617742 14070.207954 -0.346148 0.910475 0.226312 0.687224 0.081853 0.721819 -0.638674 -0.405383 0.654034
-35.436777 -97.445979 -1117.376081 10676.718802 -0.389689 0.895723 0.214063 0.509160 0.015862 0.860526 -0.767397 -0.444329 0.462248
-36.102494 -113.606176 -2006.941578 7422.437304 -0.459667 0.860722 0.218779 0.340251 -0.056867 0.938613 -0.820326 -0.505889 0.266722
-38.344007 -112.446226 -388.203997 6278.965950 -0.325249 0.917525 0.228826 0.360188 -0.103537 0.927116 -0.874344 -0.383964 0.296806
-3.342779 -103.662606 -70.216773 11854.699151 -0.549841 0.831769 0.076391 -0.008526 -0.097041 0.995244 -0.835226 -0.546574 -0.060449
-2.628681 -104.481971 -507.333008 11453.077082 -0.560910 0.825149 0.067154 0.027179 -0.062719 0.997661 -0.827431 -0.561423 -0.012752
-2.280214 -94.410783 715.399278 9197.041408 -0.535003 0.840040 0.090023 0.120697 -0.029466 0.992252 -0.836184 -0.541724 0.085626
-3.386967 -105.598366 536.135092 8455.072570 -0.530655 0.840401 0.110141 -0.045888 -0.158241 0.986334 -0.846345 -0.518349 -0.122536
2.153945 -72.073033 1363.259714 152.610834 -0.545501 0.833873 0.084167 0.379889 0.156493 0.911699 -0.747070 -0.529307 0.402146
2.766077 -83.828913 1548.760066 4640.468932 -0.534525 0.835746 0.125743 0.272186 0.029376 0.961796 -0.800124 -0.548329 0.243180
6.480852 -88.880742 1285.737140 4251.252222 -0.554340 0.818853 0.148953 0.250221 -0.006721 0.968165 -0.793786 -0.573964 0.201169
71.892067 -48.546789 29022.516920 -367.083474 0.484305 0.838632 0.249288 0.802215 -0.539369 0.255992 -0.349141 -0.076005 0.933983
41.504190 -43.474547 17229.865714 1297.201138 0.412599 0.876945 0.246434 0.860917 -0.463807 0.209059 -0.297631 -0.125902 0.946343
352.797623 -67.424031 102621.780995 593.021097 0.473290 0.841002 0.262130 0.840943 -0.519963 0.149848 -0.262320 -0.149515 0.953328
346.081952 -64.625187 112627.165027 -4852.489645 0.526883 0.783980 0.328283 0.766431 -0.605203 0.215204 -0.367393 -0.138219 0.919738
200.921840 -52.775623 64480.978124 -1613.231062 0.548487 0.779170 0.303409 0.705761 -0.625986 0.331727 -0.448401 -0.032186 0.893253
-8.739173 -240.054688 368.078938 23526.882120 0.986638 -0.143785 0.076620 0.088251 0.076333 -0.993169 -0.136954 -0.986661 -0.088002
-5.392895 -239.444176 -276.856177 -19683.224344 0.981526 -0.139680 0.130749 0.037338 -0.530401 -0.846924 -0.187648 -0.836160 0.515388
-7.408964 -254.100727 -210.056067 -8280.662593 0.982817 -0.154616 0.100816 0.033691 -0.386747 -0.921570 -0.181480 -0.909132 0.374892
91.888164 -72.769798 21225.570853 -19844.269127 0.998272 0.046697 0.035671 0.058331 -0.714093 -0.697616 0.007105 -0.698491 0.715583
146.208294 -56.292614 31429.810671 -3315.301168 0.974329 -0.082921 0.209303 0.093114 -0.698022 -0.709996 -0.204972 -0.711259 0.672382
-70.419906 -376.247214 3006.073907 -104432.382476 0.781416 0.261305 -0.566664 0.622640 -0.266355 0.735782 -0.041330 0.927779 0.370833
-11.499746 -619.514350 -10489.069572 -169292.658472 0.720661 0.332457 -0.608375 0.649556 -0.017054 0.760123 -0.242333 0.942964 0.228240
-50.993452 -2778.510109 10629.017859 -906778.457339 0.956405 -0.038514 -0.289493 0.156833 -0.768468 0.620371 0.246359 0.638728 0.728927
-107.485402 -201.887180 -13412.301373 -54268.408356 -0.657937 -0.150526 0.737876 0.753056 -0.138188 0.643282 0.005135 0.978900 0.204274
-73.055431 -838.061637 15148.494345 -310126.453452 0.951889 0.208899 -0.224208 0.269754 -0.224057 0.936500 -0.145398 0.951924 0.269628
-34.128857 -310.839049 8035.456895 -72951.789394 0.775159 0.126483 -0.618976 0.610111 -0.404196 0.681462 0.163994 0.905885 0.390484
12.720730 -10.372610 -5653.059336 7006.035408 -0.503256 0.082476 -0.860192 -0.329558 0.901883 0.279282 0.798827 0.424033 -0.426698
10.492273 0.273620 -5917.972132 2316.208163 -0.482600 0.061613 -0.873671 -0.303560 0.923925 0.232838 0.821553 0.377580 -0.427183
22.134476 2.956858 -5913.193083 176.826044 -0.454281 -0.127253 -0.881723 -0.375859 0.924720 0.060191 0.807687 0.358747 -0.467912
-20.111784 -34.600638 644.853393 430.973258 -0.264477 0.955790 -0.128516 -0.322859 -0.213324 -0.922093 0.908743 0.202380 -0.365004
-19.403128 -34.000339 460.922528 -572.057801 -0.327727 0.929048 -0.171653 -0.234813 -0.256083 -0.937702 0.915127 0.267004 -0.302078
-16.794803 -34.168114 941.782575 -157.840702 -0.392581 0.891799 -0.224890 -0.258407 -0.341624 -0.903614 0.882670 0.296628 -0.364562
-21.626693 -34.282737 492.258815 -485.262686 -0.242690 0.968494 -0.055860 -0.237664 -0.115184 -0.964494 0.940541 0.220797 -0.258130
-17.473671 -32.933787 893.532974 -1084.044790 -0.385884 0.902334 -0.192061 -0.182315 -0.278668 -0.942924 0.904353 0.328844 -0.272042
-20.056585 -30.779302 734.374061 -1180.931508 -0.314651 0.947390 -0.058714 -0.180672 -0.120501 -0.976134 0.931854 0.296534 -0.209083
2.325582 -311.136284 340.112250 -31465.179886 -0.376961 0.926229 0.000074 0.591397 0.240751 -0.769603 0.712847 0.290066 0.638523
-1.565078 -382.505327 -1468.782289 -52939.269306 -0.350789 0.936454 0.001220 0.437537 0.165050 -0.883923 0.827955 0.309537 0.467631
6.569305 -358.034022 1314.016137 37760.988138 -0.397364 0.917661 0.000738 0.244022 0.106441 -0.963911 0.884622 0.382843 0.266225
-6.966056 -102.841071 241.822966 14200.326180 -0.293980 0.955693 -0.015048 -0.805536 -0.256203 -0.534295 0.514477 0.144951 -0.845164
-1.064927 -57.635984 -615.538798 638.209422 0.193120 0.961103 0.197449 0.236410 -0.240888 0.941320 -0.952268 0.135108 0.273735
-56.835229 -79.220337 929.370339 1551.287428 -0.191806 0.950232 -0.245499 0.940520 0.249438 0.230658 -0.280416 0.186655 0.941556
-39.453258 -73.807855 -2778.043411 -2935.925120 -0.221912 0.967943 -0.117653 0.933583 0.245739 0.260835 -0.281385 0.051956 0.958187
-31.673239 -84.685886 -4216.133479 8925.113895 -0.299849 0.951100 -0.074158 0.951969 0.303363 0.041551 -0.062016 0.058137 0.996380
-59.076505 -77.645528 1566.528284 -1735.497821 0.105043 0.953000 -0.284178 0.817889 0.079765 0.569820 -0.565706 0.292282 0.771070
-62.728978 -90.037950 2825.463331 1519.901605 0.818904 0.423234 0.387646 -0.391092 0.905836 -0.162812 -0.420051 -0.018278 0.907317
-63.215963 -86.879501 2240.050002 -2659.835473 0.870568 0.322796 0.371368 -0.379533 0.920859 0.089290 -0.313155 -0.218680 0.924182
7.822492 -40.888869 1949.561656 -950.449838 -0.491245 -0.522436 -0.696950 -0.371858 0.849360 -0.374579 0.787655 0.075157 -0.611515
12.297319 -38.425001 -558.525593 1478.144271 -0.483958 -0.422202 -0.766506 -0.388819 0.888450 -0.243877 0.783967 0.180005 -0.594132
-6.002183 -45.702067 -100.848757 1053.922401 0.533678 0.844877 -0.037012 0.796522 -0.487465 0.357675 -0.284149 0.220364 0.933113
-6.141758 -45.922653 -133.797555 1195.249084 0.491683 0.869812 -0.040929 0.824293 -0.449771 0.343870 -0.280694 0.202813 0.938125
-8.354463 -48.867934 -758.342798 -557.616501 0.444843 0.893743 -0.057778 0.736557 -0.328379 0.591313 -0.509509 0.305598 0.804370
-6.854170 -49.455918 -343.860925 1230.477211 0.448524 0.892457 -0.048450 0.789674 -0.370312 0.489166 -0.418618 0.257663 0.870844
5.519749 -50.717300 235.130898 -454.754998 0.460250 0.831355 -0.311478 0.861771 -0.502678 -0.068301 -0.213356 -0.236987 -0.947795
5.055137 -52.169684 684.245066 -474.996622 0.445128 0.849255 -0.283950 0.873260 -0.481868 -0.072254 -0.198188 -0.215800 -0.956113
4.047867 -50.603425 360.957533 -32.848653 0.428246 0.852917 -0.298559 -0.851177 0.491680 0.183711 -0.303486 -0.175453 -0.936543
6.016949 -51.259701 627.932939 -468.831849 0.479238 0.827245 -0.293252 0.872723 -0.484621 0.059137 -0.093195 -0.284268 -0.954205
5.202183 -48.701905 7.993532 -80.452265 0.445372 0.834829 -0.323581 -0.839112 0.515249 0.174386 -0.312307 -0.193854 -0.929992
6.274429 -51.207845 -306.400725 -843.820070 0.490929 0.806636 -0.329131 0.865652 -0.494218 0.079970 -0.098156 -0.324172 -0.940892
5.684067 -49.225570 -421.682454 -341.667096 0.467796 0.816981 -0.337207 0.853994 -0.516115 -0.065721 -0.227730 -0.257229 -0.939134
-25.790815 -104.913430 2578.110689 4576.463647 0.189065 0.971638 -0.142036 0.305207 0.079335 0.948976 -0.933329 0.222769 0.281551
-21.641388 -94.266024 2459.528843 6694.314797 0.221669 0.970067 -0.099155 0.505133 -0.027256 0.862611 -0.834088 0.241301 0.496055
-16.235563 -98.095538 3397.172134 3025.455557 0.270415 0.952377 -0.140903 0.335550 0.043944 0.940997 -0.902376 0.301739 0.307687
-30.339482 -104.497269 1559.298736 9808.924168 0.091972 0.988536 -0.119740 0.515709 0.055579 0.854959 -0.851813 0.140384 0.504685
-17.787035 -101.676630 3328.507629 -268.880816 0.256382 0.950340 -0.176412 0.117311 0.150569 0.981615 -0.959430 0.272364 0.072882
-27.400497 -111.369542 3133.782285 -840.132846 0.189133 0.964801 -0.182721 0.040839 0.178190 0.983148 -0.981102 0.193408 0.005700
-33.784812 -116.322109 2791.535567 2849.892854 0.113903 0.980467 -0.160347 0.204484 0.134805 0.969543 -0.972220 0.143222 0.185135
-4.426571 -106.080505 246.301354 -5636.946465 -0.192682 0.969607 0.150787 0.925480 0.230642 -0.300484 0.326129 -0.081653 0.941792
-7.967427 -88.539137 1960.516675 2729.332594 -0.535779 0.843988 -0.024983 0.127791 0.051806 -0.990447 0.834632 0.533854 0.135611
-0.311996 -88.844624 3151.325407 1394.556777 -0.547874 0.835419 -0.043691 0.049647 -0.019665 -0.998573 0.835086 0.549261 0.030702
-7.258964 -83.366310 1862.991679 192.888078 -0.529609 0.848093 -0.015893 -0.148158 -0.110936 -0.982722 0.835202 0.518104 -0.184405
