13835
27662
-42.679016 -64.030345 -47.702824 8320.282017 0.097000 0.993543 0.058856 0.728732 -0.030621 -0.684114 0.677894 -0.109249 0.726997
-44.410605 -69.927408 -1441.429273 7430.042969 0.209233 0.974239 -0.084137 0.757732 -0.215917 -0.615810 0.618113 -0.065095 0.783389
-52.373454 -78.067019 -552.020341 3594.400267 0.043397 0.994829 0.091821 0.871504 0.007240 -0.490335 0.488465 -0.101301 0.866683
-41.629780 -61.376623 568.073338 7094.311077 0.305240 0.906959 -0.290265 0.647191 -0.421174 -0.635418 0.698551 -0.006098 0.715535
-36.244945 -86.080734 -2672.509536 10182.407086 -0.121352 0.957209 0.262725 0.804335 0.249926 -0.539057 0.581652 -0.145903 0.800246
-28.360784 -66.737541 -3612.628709 11732.898886 -0.011815 0.963779 0.266442 0.695792 0.199295 -0.690040 0.718146 -0.177236 0.672944
-29.292504 -49.647093 -3239.381563 7082.509025 0.168998 0.984262 0.051646 0.619344 -0.065288 -0.782400 0.766715 -0.164211 0.620631
-35.565835 -49.075395 -240.212729 3735.322477 0.363616 0.879025 -0.308380 0.554054 -0.470196 -0.686979 0.748871 -0.078937 0.657998
-46.281615 -72.199863 -851.195355 359.640028 -0.387824 -0.290750 0.874675 0.757615 -0.641039 0.122834 0.524987 0.710305 0.468887
-47.660439 -72.882502 -596.416005 -419.392022 -0.345017 -0.357389 0.867892 0.861541 -0.487500 0.141745 0.372439 0.796628 0.476101
-48.618199 -74.723422 -624.419000 -846.959333 -0.415614 -0.443868 0.793881 0.781471 -0.620855 0.061990 0.465370 0.646158 0.604905
-45.119166 -71.224395 -811.996888 713.325104 -0.306449 -0.202777 0.930038 0.848376 -0.501271 0.170249 0.431678 0.841195 0.325646
-43.716383 -69.177632 -979.411294 1008.852114 -0.356187 -0.130545 0.925251 0.740006 -0.644012 0.194011 0.570545 0.753795 0.325993
29.155043 -139.714477 -6494.955365 22313.123704 0.232022 -0.640128 -0.732395 0.945011 -0.030064 0.325654 -0.230479 -0.767680 0.597952
25.818911 -135.096310 -6443.099250 -1813.380230 0.180867 -0.641946 -0.745112 0.864110 -0.258079 0.432099 -0.469682 -0.722011 0.508034
21.451688 -130.420801 293.720740 14994.374068 0.274310 -0.622242 -0.733191 0.911827 -0.073908 0.403867 -0.305491 -0.779329 0.547103
-2.355615 -14.398909 -2071.740272 -2782.114952 -0.261855 0.941141 -0.213740 0.562470 0.328788 0.758635 -0.784258 -0.078430 0.615458
1.925042 -9.781085 -2066.036218 -882.138086 -0.194032 0.972968 -0.125242 0.599290 0.218640 0.770096 -0.776662 -0.074368 0.625513
1.277478 -13.940743 -5757.111276 -3060.812494 -0.305797 0.932069 -0.194256 0.583290 0.344660 0.735515 -0.752503 -0.111611 0.649062
-10.239517 -13.692235 2279.031878 1128.289845 -0.347763 0.159971 -0.923834 -0.540861 0.770631 0.337041 0.765853 0.616876 -0.181475
-13.030872 -18.040205 930.793160 3021.108313 -0.527262 0.752237 0.395138 -0.345855 0.234772 -0.908442 0.776131 0.615647 -0.136378
-11.446585 -16.339706 2842.725616 1058.865904 -0.358251 0.177278 -0.916640 -0.500913 0.792035 0.348951 0.787872 0.584169 -0.194946
-3.914753 -17.003490 1423.658126 1036.186074 -0.327434 0.109905 -0.938460 -0.517815 0.809912 0.275518 0.790351 0.576163 -0.208282
-53.521491 -82.321428 -4340.983612 10362.384789 0.632384 -0.267686 0.726936 -0.026951 0.930228 0.365991 -0.774186 -0.251038 0.581047
-52.653496 -64.061040 -4634.989968 10503.635687 0.664372 -0.314154 0.678171 0.134179 0.942764 0.305275 -0.735259 -0.111820 0.668499
-44.420066 -70.886150 -5857.399829 10347.386344 0.548870 -0.447138 0.706264 0.151454 0.884118 0.442037 -0.822073 -0.135654 0.552987
-58.894731 -78.704087 -1432.589575 11233.637369 0.726707 -0.022019 0.686595 -0.144477 0.972232 0.184097 -0.671583 -0.232981 0.703346
16.302485 -102.787412 -1463.525771 -3105.448698 0.520478 0.798466 -0.302581 0.849141 -0.446740 0.281750 0.089793 -0.403579 -0.910528
12.108956 -98.952975 -2220.963252 -4894.442326 0.551324 0.764014 -0.335149 0.833666 -0.488954 0.256759 0.032295 -0.420959 -0.906504
19.027239 -95.228448 -1976.878011 3029.569443 0.538473 0.779200 -0.320772 0.796336 -0.346110 0.496041 0.275493 -0.522547 -0.806876
-14.046888 -71.112249 3093.650081 -21371.500955 -0.793834 -0.406678 0.452151 -0.486213 0.871015 -0.070218 -0.365274 -0.275583 -0.889173
-15.106814 -87.842489 -3255.323800 -34538.833554 0.816158 0.400684 -0.416338 -0.513825 0.832866 -0.205714 -0.264328 -0.381820 -0.885632
-2.938048 -51.939783 -5951.630931 5085.673657 0.603578 0.649692 -0.462161 0.728421 -0.685031 -0.011684 -0.324186 -0.329595 -0.886719
-17.580655 -107.000876 1137.720671 -33022.327515 -0.876007 -0.277803 0.394255 -0.362482 0.918459 -0.158239 -0.318148 -0.281529 -0.905275
-5.042562 -47.043738 3973.256946 -3817.576431 -0.598034 -0.661405 0.452658 -0.680420 0.717442 0.149353 -0.423538 -0.218679 -0.879087
-18.390366 -97.665132 1010.306906 -36076.617148 -0.870771 -0.215638 0.441880 -0.285730 0.953302 -0.097849 -0.400145 -0.211462 -0.891722
-16.925425 -68.728147 2100.996607 -20971.819327 -0.800989 -0.342321 0.491155 -0.389861 0.920854 0.006014 -0.454341 -0.186665 -0.871051
-17.752715 -127.563211 -4047.362171 104024.106528 -0.902229 -0.090919 0.421564 -0.012228 0.982524 0.185731 -0.431084 0.162417 -0.887574
-16.880297 -145.891884 -983.609090 -5437.066735 -0.910909 -0.117595 0.395495 -0.102428 0.992969 0.059332 -0.399692 0.013536 -0.916550
-21.654047 -171.207974 -1894.154772 -54584.876114 -0.903755 -0.029693 0.427019 -0.021562 0.999483 0.023867 -0.427507 0.012363 -0.903927
-17.623578 -146.046919 -3743.266796 130467.856171 -0.892269 0.010146 0.451390 0.115290 0.971725 0.206054 -0.436537 0.235897 -0.868210
883.233133 6.693418 1957450.742281 -6477.586703 0.415056 0.893183 0.173069 -0.813092 0.278820 0.511018 -0.408178 0.352822 -0.841966
-23.869726 -188.251308 -2244.575592 -63988.425884 -0.878695 0.057804 0.473871 0.085544 0.995641 0.037171 -0.469657 0.073199 -0.879809
11.198590 -115.448440 -2948.394481 6822.732964 0.347157 -0.620747 0.702962 0.113838 0.771930 0.625431 -0.930872 -0.137099 0.338645
19.516173 -116.197018 -6981.393081 8555.355890 0.340303 -0.595237 0.727933 0.047799 0.784086 0.618809 -0.939100 -0.175788 0.295278
12.042373 -123.821717 -3116.528553 5472.222008 0.353819 -0.627509 0.693574 -0.080710 0.718291 0.691045 -0.931825 -0.300483 0.203499
4.100609 -125.219566 1054.777635 6189.821327 0.357176 -0.646003 0.674615 0.076165 0.739996 0.668285 -0.930927 -0.187313 0.313511
4.929808 -119.535957 1326.805414 7125.870248 0.347577 -0.650399 0.675405 0.271983 0.759280 0.591201 -0.897338 -0.021789 0.440806
-5.060157 -66.204841 24.659574 1437.641359 0.533581 0.752302 -0.386436 0.763883 -0.232568 0.601993 0.363008 -0.616403 -0.698765
-3.924535 -62.772349 163.999190 2437.246947 0.543938 0.754125 -0.368005 0.655544 -0.108121 0.747376 0.523826 -0.647770 -0.553173
-5.094576 -67.845831 -43.469783 817.873499 0.525668 0.743731 -0.412961 0.771383 -0.212060 0.599998 0.358665 -0.633951 -0.685175
11.651758 -164.246774 -128.815207 6190.332913 0.343026 -0.534764 0.772244 0.784909 -0.288431 -0.548384 0.515995 0.794251 0.320802
7.630062 -143.797757 803.655986 8676.266870 0.273217 -0.575613 0.770728 0.733777 -0.393383 -0.553914 0.622031 0.716882 0.314893
9.253140 -161.784440 562.560642 226.949574 0.365910 -0.550294 0.750524 0.856895 -0.115427 -0.502402 0.363099 0.826954 0.429308
16.997701 -181.815772 2317.282932 -2333.991866 0.379697 -0.543483 0.748636 0.868451 -0.069453 -0.490886 0.318784 0.836542 0.445617
188.748091 -48.286997 54624.692280 -8301.274839 -0.368567 0.478181 -0.797184 0.816902 -0.242666 -0.523244 -0.443654 -0.844071 -0.301189
189.665196 -111.806058 48682.166380 -29464.452471 -0.319980 0.449152 -0.834192 0.873370 -0.201418 -0.443458 -0.367201 -0.870456 -0.327826
138.623722 -62.831980 47866.600983 -11163.809469 -0.265571 0.631525 -0.728457 0.816317 -0.254705 -0.518414 -0.512932 -0.732327 -0.447882
-0.798486 -230.775656 -2898.328750 8751.291509 -0.168845 0.424148 -0.889713 -0.088126 0.892562 0.442230 0.981695 0.153075 -0.113327
11.128151 -830.537238 -3004.690210 303826.085872 -0.207377 0.241411 -0.948006 0.235805 0.952834 0.191058 0.949416 -0.183924 -0.254522
-5.195776 -173.388798 -3186.102041 -655.233242 -0.166566 0.404706 -0.899149 0.112635 0.913728 0.390402 0.979576 -0.036248 -0.197780
-2.299060 -154.999148 -1376.637385 -5455.943513 -0.170684 0.473191 -0.864267 -0.130267 0.858602 0.495816 0.976677 0.197213 -0.084908
-4.848696 -146.351608 -2630.309067 -7061.688811 -0.164533 0.474221 -0.864895 -0.087298 0.866403 0.491655 0.982501 0.156397 -0.101153
-8.681616 -148.363276 -2173.967683 6102.493473 -0.188870 0.399138 -0.897228 0.288405 0.895925 0.337848 0.938696 -0.194956 -0.284326
-6.931096 -140.373498 -2595.582886 -9228.192855 -0.165721 0.456547 -0.874129 0.105010 0.889515 0.444675 0.980566 -0.018100 -0.195353
8.232315 -13629.439587 -1259.602809 1876710.312858 -0.153086 0.739347 -0.655691 -0.551364 -0.614539 -0.564216 0.820099 -0.275151 -0.501726
55.571336 -1980.974772 24651.839845 -764525.115932 -0.249024 0.673388 -0.696086 0.916850 0.395483 0.054585 0.312047 -0.624613 -0.715880
-28.219350 -580.151098 11099.253749 -86907.899854 -0.221243 0.729042 -0.647726 0.197129 -0.617042 -0.761840 0.955087 0.296238 0.007199
-5.907638 -127.374344 2930.167875 9591.519770 -0.358412 0.415418 -0.836044 0.573104 0.804839 0.154223 0.736948 -0.423865 -0.526542
-6.330978 -136.382959 2762.083080 17078.585203 -0.374563 0.406809 -0.833192 0.684520 0.727448 0.047452 0.625408 -0.552563 -0.550944
-3.988470 -166.587016 3167.526086 20124.237933 -0.383173 0.405164 -0.830073 0.666350 0.743582 0.055351 0.639653 -0.531910 -0.554902
-4.370198 -173.001274 2127.646357 22019.680119 -0.399311 0.388441 -0.830460 0.785433 0.612172 -0.091322 0.472912 -0.688737 -0.549541
-183.439593 -1291.290723 83457.052079 -167603.078820 0.176847 0.238741 -0.954844 -0.490900 0.862250 0.124670 0.853078 0.446686 0.269684
-457.867100 -3794.525556 362995.461918 -417795.152557 0.065717 0.168242 -0.983553 -0.366659 0.920799 0.133009 0.928032 0.351887 0.122199
269.463823 -2964.614589 572357.996673 429873.853881 0.091470 0.236102 -0.967414 0.282242 0.925501 0.252560 0.954972 -0.296147 0.018018
-304.516490 -4014.373265 -88575.822238 -461735.154288 0.827237 -0.340599 0.446845 0.241532 0.933647 0.264510 -0.507287 -0.110885 0.854613
-183.519791 -1556.931956 273835.946005 -763595.848536 0.291519 0.285285 -0.913033 0.829581 0.399815 0.389800 0.476248 -0.871069 -0.120114
-59.081880 -934.257244 20492.466371 285659.648174 0.291296 0.027586 -0.956235 0.813577 0.518678 0.262802 0.503228 -0.854524 0.128646
-12.410930 -517.167005 869.079373 -151407.957444 0.112435 -0.010969 -0.993599 0.982327 -0.149357 0.112809 -0.149638 -0.988723 -0.006017
2.524745 -310.687705 2736.265583 -139199.248063 -0.022362 0.019204 -0.999565 0.952809 -0.302357 -0.027125 -0.302746 -0.953001 -0.011537
-9.614606 -565.749779 -3222.303067 -202630.974018 0.067290 -0.057774 -0.996059 0.988578 -0.131076 0.074387 -0.134857 -0.989687 0.048294
-3.567118 -125.510821 3585.199624 -37866.451425 0.166030 0.901298 0.400121 0.758140 -0.376135 0.532678 -0.630601 -0.214907 0.745760
-31.849224 -112.910209 9947.212837 -34315.848017 0.077080 0.944727 0.318669 0.717247 -0.274553 0.640451 -0.692543 -0.179198 0.698765
-34.448719 -134.179501 9836.554327 -19513.436696 0.104887 0.920870 0.375496 0.876888 -0.263747 0.401877 -0.469112 -0.287116 0.835164
-47.613777 -52.959207 134.478192 -1926.329020 -0.436281 -0.036345 0.899076 0.411836 0.880320 0.235432 -0.800031 0.472987 -0.369099
-49.637050 -58.262919 1307.705724 -2691.958900 -0.466748 -0.006474 0.884367 0.491211 0.829647 0.265324 -0.735430 0.558250 -0.384056
-50.944121 -51.446456 -1408.175876 -1753.986196 0.611686 0.711112 -0.346641 -0.185073 0.554648 0.811242 -0.769148 0.432071 -0.470877
-46.161027 -51.096438 -2972.729573 -1225.856408 0.296809 0.934493 0.196540 -0.471184 -0.035700 0.881312 -0.830596 0.354188 -0.429722
126.308476 -31.696856 5572.587946 -2830.409330 0.625173 0.085274 0.775814 0.264539 0.912024 -0.313419 -0.734287 0.401174 0.547614
129.262515 -39.221958 -11798.600038 -4796.878834 0.388132 0.226079 0.893444 0.254693 0.905376 -0.339743 -0.885711 0.359419 0.293825
121.641165 -55.107524 7716.848479 -9559.102315 0.631494 0.074481 0.771796 0.280917 0.905777 -0.317261 -0.722705 0.417158 0.551069
107.968879 -25.130336 -7501.804553 -96.290628 0.401158 0.252896 0.880406 0.203333 0.912570 -0.354784 -0.893156 0.321340 0.314663
123.058357 -36.611068 19282.515239 -5400.858144 0.771566 -0.044806 0.634569 0.278076 0.920923 -0.273084 -0.572154 0.387161 0.723012
103.253978 -18.798408 -3578.364640 1642.782739 0.591947 0.093438 0.800543 0.249050 0.923443 -0.291938 -0.766533 0.372187 0.523358
104.728088 -23.415733 6646.976074 227.553054 0.712709 -0.037994 0.700430 0.284440 0.928408 -0.239065 -0.641202 0.369614 0.672492
11.590621 -62.684318 2026.352384 176.890924 -0.602546 0.755706 0.256607 -0.674179 -0.654042 0.343092 -0.427108 -0.033730 -0.903571
12.766196 -57.743748 1346.624452 -1299.884082 -0.467884 0.857101 0.215551 -0.729870 -0.512262 0.452634 -0.498372 -0.054455 -0.865251
19.262559 -58.162389 2788.369933 3147.277813 -0.505525 0.832091 0.228185 -0.651573 -0.541532 0.531221 -0.565594 -0.119866 -0.815926
8.415592 -52.641022 -431.337340 -517.364143 -0.465923 0.859199 0.211408 -0.767014 -0.511309 0.387624 -0.441141 -0.018450 -0.897248
20.237531 -79.429141 2437.545894 1263.622584 -0.660507 0.714463 0.230810 -0.601374 -0.687474 0.407099 -0.449533 -0.130089 -0.883740
14.393514 -75.019271 3154.871996 1737.084477 -0.710149 0.645576 0.280927 0.610207 0.763407 -0.211797 -0.351192 0.021017 -0.936067
5.634787 -61.967170 2751.102925 1861.636653 -0.698543 0.653205 0.292166 0.648660 0.750429 -0.126868 -0.302121 0.100894 -0.947915
1.235104 -55.093576 991.669129 -522.875895 -0.584451 0.764085 0.273115 -0.730162 -0.642051 0.233739 -0.353950 0.062809 -0.933153
-2.998385 -42.202003 658.852111 2135.059456 -0.353099 0.893915 0.276112 -0.358960 -0.401977 0.842355 -0.863984 -0.198322 -0.462817
-4.380736 -43.221179 1143.445151 1333.632078 -0.335824 0.915940 0.219717 -0.400223 -0.349915 0.846983 -0.852668 -0.196502 -0.484091
-0.012742 -36.858673 1320.241893 2180.048927 -0.340799 0.886354 0.313420 -0.229024 -0.401605 0.886714 -0.911814 -0.230411 -0.339863
-6.000768 -46.546450 1176.240528 360.262339 -0.342722 0.911960 0.225545 -0.524593 -0.384949 0.759353 -0.779323 -0.141927 -0.610338
0.131212 -35.353498 627.632943 2921.609624 -0.365934 0.851875 0.374701 -0.190525 -0.462674 0.865813 -0.910929 -0.245441 -0.331612
-1.457995 -58.019965 -921.411336 602.147837 -0.450323 0.889432 0.078226 0.318533 0.241884 -0.916531 0.834114 0.387818 0.392239
-3.952921 -55.034917 -928.861187 898.765558 -0.467820 0.879690 0.085385 0.324334 0.260740 -0.909298 0.822163 0.397694 0.407293
-0.852028 -58.876862 -1029.476400 371.591131 -0.464721 0.877167 0.120882 0.446826 0.350178 -0.823239 0.764448 0.328563 0.554676
10.458730 -96.908459 2593.843056 1309.902987 -0.684023 0.725976 0.071213 -0.152231 -0.046593 -0.987246 0.713399 0.686140 -0.142387
3.503599 -90.884788 2472.391781 2123.294122 -0.691643 0.718749 0.070918 -0.172508 -0.069051 -0.982585 0.701335 0.691832 -0.171749
9.942508 -97.067552 2676.380970 1342.349805 -0.672778 0.731604 0.110119 -0.298015 -0.131750 -0.945425 0.677169 0.668878 -0.306667
-14.161283 -47.313405 37.352261 -1195.013154 -0.453566 0.891099 -0.014858 0.327135 0.181972 0.927291 -0.829012 -0.415727 0.374046
-12.365727 -49.006202 402.929896 -1869.269852 -0.441961 0.894687 -0.064847 0.294055 0.212796 0.931799 -0.847468 -0.392750 0.357135
-11.671327 -45.515359 450.354399 422.581329 -0.425371 0.905012 0.003555 0.232375 0.105422 0.966896 -0.874678 -0.412116 0.255145
-11.992765 -45.408127 123.565562 694.131868 -0.446362 0.893412 0.050759 0.266957 0.078806 0.960481 -0.854105 -0.442272 0.273679
-11.128897 -47.001420 182.950043 1650.930995 -0.445067 0.895181 0.023796 0.133003 0.039802 0.990316 -0.885565 -0.443922 0.136776
-9.918689 -46.115704 880.202006 1308.261561 -0.406438 0.913660 -0.005874 0.106970 0.053968 0.992796 -0.907395 -0.402882 0.119669
13.668492 -24.824338 1187.938172 -12394.735126 -0.463086 0.865739 0.189860 -0.185499 0.114799 -0.975916 0.866684 0.487151 -0.107432
13.108244 -24.256903 -1204.533430 -10746.959863 -0.489738 0.863670 0.119290 -0.165882 0.042020 -0.985250 0.855944 0.502302 -0.122688
9.983508 -45.123296 220.171310 -4253.674089 -0.454218 0.865376 0.211685 -0.295704 0.077694 -0.952115 0.840384 0.495064 -0.220605
44.720342 -23.159131 10945.111245 -1693.553231 0.791201 -0.611427 0.012544 -0.120167 -0.175545 -0.977110 -0.599634 -0.771583 0.212365
64.701166 -20.761408 -8154.936134 2188.729080 -0.645856 0.745978 0.162442 0.245597 0.001546 0.969371 -0.722878 -0.665969 0.184208
37.624544 -12.350980 7220.206475 -2272.413613 0.729743 -0.683264 -0.025008 -0.185324 -0.162460 -0.969155 -0.658126 -0.711869 0.245180
21.793591 -29.478799 1796.024680 3276.630519 0.785849 -0.490546 0.376573 0.128945 -0.465570 -0.875567 -0.604827 -0.736620 0.302614
11.946973 -229.475024 3199.635391 46303.205963 0.981852 -0.170725 0.082579 0.186482 0.789890 -0.584208 -0.034511 -0.589005 -0.807392
4.129823 -207.577699 1765.410586 44885.313462 0.988025 -0.136358 0.072204 0.153855 0.835384 -0.527696 -0.011638 -0.532486 -0.846359
5.642203 -171.490568 2643.859084 34664.190228 0.983743 -0.159467 0.082582 0.178335 0.921586 -0.344784 0.021125 -0.353906 -0.935042
19.530090 -230.875416 3407.428024 56169.181861 0.971394 -0.220649 0.087788 0.234488 0.832830 -0.501407 -0.037522 -0.507650 -0.860746
11.060458 -168.554604 2152.625745 37677.646439 0.971777 -0.220843 0.082927 0.235270 0.933001 -0.272318 0.017231 -0.284143 -0.958627
-0.148760 -109.526229 1699.635676 11711.968267 0.984494 -0.150620 0.089920 0.164493 0.970746 -0.174915 0.060944 -0.186994 -0.980469
2.439936 -105.638475 1212.670841 11887.226085 0.979041 -0.185045 0.085067 0.196813 0.967043 -0.161530 0.052373 -0.174887 -0.983195
-11.742443 -45.939543 -168.759351 664.629404 -0.472608 0.878419 0.070862 0.291032 0.079672 0.953390 -0.831831 -0.471203 0.293302
-10.698706 -47.162239 -444.337848 752.530384 -0.504277 0.859175 0.086742 0.317495 0.091054 0.943878 -0.803058 -0.503516 0.318700
-12.810163 -46.673845 -626.803432 -608.336817 -0.480714 0.872224 0.090218 0.413173 0.134556 0.900657 -0.773435 -0.470233 0.425063
-10.760716 -49.824141 -496.887168 1453.473040 -0.515999 0.855763 0.037623 0.159101 0.052590 0.985861 -0.841684 -0.514689 0.163289
-11.686575 -48.283024 -283.599145 1558.435872 -0.480307 0.876353 0.036192 0.147942 0.040273 0.988176 -0.864533 -0.479982 0.148993
-12.024100 -215.941733 415.744117 -27853.295588 0.954343 -0.213306 0.209119 -0.165718 0.204391 0.964760 0.248531 0.955367 -0.159710
-13.462315 -268.380509 3782.997136 -47518.984648 0.927770 -0.311082 0.206082 -0.079806 0.374079 0.923957 0.364518 0.873666 -0.322233
-10.860462 -212.427945 286.978309 -37718.245448 0.948602 -0.212623 0.234403 -0.122288 0.436880 0.891169 0.291889 0.874030 -0.388424
-2.669352 -257.589833 -2636.239996 -4845.834599 0.897216 -0.415148 0.150518 0.274246 0.256685 -0.926770 -0.346111 -0.872792 -0.344154
-1.524617 -283.999517 -4160.788625 -28187.349194 0.881620 -0.453863 0.129438 0.128823 -0.032429 -0.991137 -0.454038 -0.890481 -0.029878
-3.872665 -298.684990 -2869.807021 -2695.173837 0.904986 -0.410819 0.110578 0.271151 0.356677 -0.894013 -0.327836 -0.839053 -0.434182
21.972716 -163.770924 3158.320806 33977.935758 0.938036 -0.339967 0.067163 0.346533 0.921304 -0.176390 0.001911 -0.188735 -0.982026
17.164711 -86.028542 -4838.422606 8661.153036 -0.942269 0.327341 -0.070547 0.329354 0.944020 -0.018762 0.060456 -0.040914 -0.997332
23.928472 -105.187719 2453.763747 18633.749061 0.921271 -0.388255 0.022776 0.388517 0.916056 -0.099476 -0.017758 -0.100493 -0.994779
6.448712 -203.302926 341.919277 6209.945479 0.910379 -0.355766 0.211284 -0.164629 -0.779900 -0.603865 -0.379615 -0.514962 0.768574
6.861615 -231.278313 305.446723 12935.720935 0.917238 -0.328245 0.225677 -0.189526 -0.857926 -0.477538 -0.350364 -0.395244 0.849133
7.666590 -299.055458 -1314.064331 -44687.583251 0.925978 -0.288252 0.243874 0.204040 0.925476 0.319158 -0.317697 -0.245774 0.915786
4.990640 -301.991859 -1707.338699 18437.037644 0.900921 -0.377825 0.213518 -0.185797 -0.780420 -0.597012 -0.392200 -0.498190 0.773296
0.132418 -21.562332 -2551.744410 722.523506 -0.018038 0.859998 0.509979 -0.601614 0.398058 -0.692539 0.798583 0.319303 -0.510207
0.826980 -22.798623 -2655.056891 -926.440990 -0.124650 0.915090 0.383500 -0.622171 0.228994 -0.748642 0.772895 0.331920 -0.540798
-4.690386 -18.623623 -997.892364 136.557796 -0.060404 0.866353 0.495766 -0.621258 0.356118 -0.698011 0.781275 0.350161 -0.516717
-4.854475 -17.316899 -915.801911 177.392749 0.042977 0.790505 0.610946 -0.592200 0.512660 -0.621674 0.804644 0.335085 -0.490170
-8.412011 -15.532931 -545.268122 718.287977 0.051250 0.763291 0.644018 -0.614335 0.532518 -0.582252 0.787379 0.365802 -0.496208
-8.446367 -16.795731 -327.724456 -206.498893 -0.108632 0.871458 0.478288 -0.634242 0.309725 -0.708383 0.765464 0.380304 -0.519070
18.814288 -21.073758 -2206.961277 3261.875626 0.714616 -0.698705 -0.033683 0.161527 0.117972 0.979792 0.680612 0.705616 -0.197165
10.016604 -11.693417 -4800.260823 3882.325768 0.800037 -0.589790 0.109946 0.022098 0.212104 0.976997 0.599543 0.779205 -0.182725
9.716436 -18.067002 -4506.009392 1554.593834 0.772006 -0.635311 -0.019671 0.154864 0.157990 0.975221 0.616461 0.755923 -0.220356
12.136278 -112.909954 -870.214590 -2463.639365 0.909493 -0.050535 0.412637 -0.386628 -0.467606 0.794899 -0.152781 0.882491 0.444822
6.653667 -111.537556 -3691.121175 -2505.300846 0.910810 -0.036314 0.411226 -0.371441 -0.506796 0.777939 -0.180158 0.861301 0.475083
8.184195 -106.237747 1025.879345 -2788.895595 0.926724 -0.043910 0.373169 -0.369444 -0.287577 0.883635 -0.068515 0.956750 0.282727
-13.358991 -37.877285 -87.702586 109.317735 0.723797 -0.664198 -0.186969 0.532111 0.364776 0.764066 0.439289 0.652517 -0.617451
-12.357569 -36.947169 -221.290462 541.233344 0.722488 -0.668188 -0.177582 0.483392 0.304556 0.820718 0.494311 0.678800 -0.543035
-14.046889 -38.162338 -600.049386 172.556471 0.737972 -0.661843 -0.131760 0.499069 0.403838 0.766710 0.454232 0.631568 -0.628327
-14.676421 -37.871113 -592.293589 -88.332085 0.735270 -0.660384 -0.152547 0.551993 0.452850 0.700165 0.393297 0.599015 -0.697495
-11.436825 -32.372149 503.097783 1039.140854 -0.211317 0.932972 0.291391 -0.843431 -0.023402 -0.536728 0.493933 0.359188 -0.791842
-9.969638 -30.262414 851.232072 887.694244 -0.244737 0.932361 0.266094 -0.871296 -0.091080 -0.482231 0.425378 0.349867 -0.834654
-9.777135 -30.917615 -103.026614 738.324809 -0.328643 0.915456 0.232239 -0.818882 -0.153685 -0.553003 0.470558 0.371917 -0.800158
-13.604624 -32.318128 1558.854880 1638.108312 -0.135551 0.941492 0.308575 -0.881108 0.027872 -0.472093 0.453073 0.335881 -0.825778
-12.490607 -32.876398 -361.917241 584.430657 -0.317233 0.917432 0.240169 -0.776950 -0.106210 -0.620539 0.543794 0.383455 -0.746492
-13.196011 -34.296731 37.058205 647.300164 -0.196332 0.930410 0.309500 -0.797290 0.032258 -0.602734 0.570773 0.365097 -0.735474
-14.244205 -34.287232 1282.060661 1632.129429 -0.116211 0.935818 0.332776 -0.846141 0.082179 -0.526586 0.520136 0.342771 -0.782283
13.483915 -220.736528 1124.429992 34607.900322 -0.445418 0.894322 0.042314 -0.425013 -0.169608 -0.889155 0.788015 0.414030 -0.455645
12.231814 -192.881348 -1049.033323 21336.606438 -0.388319 0.920845 0.035388 -0.438562 -0.150894 -0.885943 0.810477 0.359548 -0.462442
25.873353 -615.519568 -6728.920652 181670.597875 -0.367077 0.928250 0.060049 -0.284389 -0.050529 -0.957377 0.885651 0.368509 -0.282532
26.982496 -944.201486 3476.249726 265743.263281 -0.496709 0.867536 0.025697 -0.171544 -0.069108 -0.982750 0.850795 0.492549 -0.183147
6.597640 -309.042669 6484.382172 68465.663631 -0.492050 0.868153 0.064785 -0.388167 -0.152177 -0.908938 0.779239 0.472390 -0.411867
9.478129 -121.493453 1195.495035 12930.735902 -0.417576 0.904598 0.085630 -0.546904 -0.174959 -0.818710 0.725621 0.388705 -0.567787
6.583683 -85.516086 4639.812726 -14719.824847 0.585512 -0.803962 -0.104026 0.810490 0.583203 0.054589 0.016781 -0.116275 0.993075
-4.770092 -58.671411 4058.113615 8548.833844 0.507532 -0.851710 -0.130388 0.858282 0.513070 -0.010595 0.075922 -0.106532 0.991406
-4.187083 -62.007196 8638.816719 2705.877769 0.576713 -0.797611 -0.176689 0.816916 0.561159 0.133225 -0.007111 -0.221173 0.975209
-48.171629 -77.697918 -1112.008038 3831.080396 0.166132 0.981516 -0.095011 0.836618 -0.191294 -0.513300 0.521987 -0.005787 0.852934
-45.286364 -71.738278 -273.152595 7615.269920 0.239125 0.933191 -0.268280 0.754811 -0.352455 -0.553205 0.610802 0.070216 0.788664
-51.045183 -75.455870 -840.400461 -1473.342891 -0.343113 -0.515736 0.785041 0.884941 -0.457673 0.086105 0.314884 0.724259 0.613430
-48.793946 -72.737940 -611.733070 -432.009485 -0.284055 -0.409183 0.867111 0.934382 -0.320967 0.154631 0.215042 0.854136 0.473506
-45.702926 -71.394588 -784.981971 201.355147 -0.274896 -0.250737 0.928204 0.921906 -0.342838 0.180420 0.272986 0.905314 0.325401
169.373434 -99.648356 7903.656122 -2018.537981 0.749013 -0.621691 -0.229084 0.560776 0.778994 -0.280531 0.352859 0.081657 0.932107
184.282987 -103.593796 -7707.711694 5013.842867 0.800514 -0.581810 -0.143788 0.456439 0.747345 -0.482844 0.388383 0.320893 0.863821
237.708259 -110.257308 51502.074365 9112.692860 0.548312 -0.633139 -0.546341 0.424638 0.773605 -0.470338 0.720442 0.025895 0.693032
167.945047 -97.016871 -44667.560836 4149.046291 0.846156 -0.479377 0.232847 -0.532495 -0.778244 0.332843 -0.021655 0.405627 0.913782
159.212600 -83.209475 -34453.324775 4197.565282 0.811219 -0.551209 0.195174 -0.582276 -0.792095 0.183138 -0.053649 0.262211 0.963518
150.618565 -86.437081 2114.679622 -3420.914548 0.765805 -0.630186 -0.128096 0.615882 0.776037 -0.135849 0.185017 0.025142 0.982414
90.618432 -39.129865 13993.500666 5082.444474 -0.420406 0.902008 -0.098189 0.775631 0.413423 0.476946 -0.470803 -0.124353 0.873431
87.919013 -23.827980 23426.945210 32.192812 -0.404440 0.846545 -0.346108 0.726846 0.527212 0.440161 -0.555089 0.073549 0.828533
99.242310 -34.383250 8944.532593 -4863.340951 -0.538478 0.836861 -0.098520 0.726132 0.520162 0.449626 -0.427521 -0.170575 0.887767
65.282369 -33.555366 18509.815620 5932.780146 -0.308708 0.908139 -0.282811 0.757939 0.414510 0.503696 -0.574654 0.058859 0.816277
98.594213 -47.205466 9381.895741 234.266596 0.555077 -0.810345 -0.187697 0.772974 0.419168 0.476245 -0.307246 -0.409437 0.859046
95.347811 -60.782936 -2644.773051 17649.593393 -0.445575 0.883656 0.143580 0.821280 0.339638 0.458415 -0.356316 -0.322178 0.877063
81.518729 -47.474132 17766.429467 11720.767658 -0.303028 0.949517 -0.081186 0.806323 0.300870 0.509235 -0.507954 -0.088850 0.856790
-10.991096 -16.045206 1291.639694 2751.858129 -0.582622 0.747549 0.318940 -0.307886 0.160169 -0.937844 0.752169 0.644606 -0.136842
-11.357474 -22.850064 773.494417 2778.713550 -0.566018 0.735838 0.371706 -0.293097 0.241805 -0.925000 0.770530 0.632513 -0.078806
-12.945147 -25.432409 656.581758 2488.650796 -0.519540 0.735949 0.434117 -0.309333 0.311601 -0.898453 0.796487 0.601069 -0.065764
-11.315130 -55.174779 -933.987559 358.947111 0.604061 0.776531 -0.179191 0.438743 -0.511748 -0.738660 0.665293 -0.367577 0.649825
-10.053824 -56.509363 -1029.006630 -425.886540 0.597374 0.787827 -0.149909 0.595348 -0.560893 -0.575291 0.537313 -0.254416 0.804094
-6.289163 -56.369526 -1187.523375 712.362764 0.628017 0.767390 -0.129257 0.443216 -0.489238 -0.751136 0.639652 -0.414438 0.647369
-15.056942 -55.069202 -877.762661 -426.040441 0.568939 0.800783 -0.187228 0.616030 -0.565814 -0.548052 0.544807 -0.196471 0.815220
-6.630941 -53.124754 -1174.362596 1559.048014 0.637674 0.755093 -0.152337 0.281428 -0.412461 -0.866415 0.717057 -0.509618 0.475520
-9.791044 -51.783451 -845.302732 1558.715065 0.623080 0.752123 -0.214669 0.234045 -0.441166 -0.866369 0.746321 -0.489575 0.450912
-12.654672 -51.093090 -288.014825 787.432185 0.592271 0.747554 -0.300630 0.253645 -0.527124 -0.811052 0.764774 -0.404108 0.501813
-15.850446 -52.514618 -803.279952 -387.092191 0.583319 0.772440 -0.251147 0.459912 -0.568964 -0.681734 0.669492 -0.282163 0.687142
7.330996 -85.765176 -667.522543 2822.370711 0.396637 0.867024 -0.301575 -0.816493 0.483353 0.315767 -0.419545 -0.120989 -0.899635
6.824641 -95.135373 68.366979 4660.434126 0.385579 0.880802 -0.274803 -0.826640 0.462074 0.321176 -0.409872 -0.103325 -0.906272
6.029967 -80.569735 -969.561629 6056.650043 0.343941 0.894639 -0.285177 -0.733205 0.445612 0.513654 -0.586613 -0.032427 -0.809218
9.408804 -100.890176 331.961213 1815.118557 0.434155 0.855156 -0.283227 -0.873286 0.476697 0.100658 -0.221092 -0.203637 -0.953756
4.271465 -73.479747 -992.053575 3532.279980 0.352629 0.884256 -0.306177 -0.734738 0.464258 0.494596 -0.579494 -0.050551 -0.813407
4.972463 -77.095983 -312.827621 1263.096981 0.409187 0.854914 -0.318886 -0.809098 0.501520 0.306329 -0.421812 -0.132664 -0.896925
8.575836 -91.268637 -121.806170 1144.975711 0.451306 0.837396 -0.308367 -0.858630 0.501614 0.105538 -0.243058 -0.217143 -0.945395
-7.185880 -65.436959 -6170.905699 11670.152799 0.665421 0.589806 -0.457542 0.717012 -0.675507 0.172001 -0.207625 -0.442516 -0.872394
-15.561504 -116.402439 -2800.715314 -52031.163779 0.823722 0.418382 -0.382674 -0.546192 0.766660 -0.337501 -0.152176 -0.487020 -0.860031
-17.144615 -126.731934 -1045.396159 -33543.322536 0.870635 0.339427 -0.356067 -0.431395 0.874667 -0.221034 -0.236415 -0.346046 -0.907943
-16.524815 -108.723120 -41.726660 37000.663890 -0.915174 -0.193053 0.353818 -0.200687 0.979535 0.015372 -0.349545 -0.056939 -0.935188
250.066219 -17.682411 705736.125222 1998.820418 -0.030606 0.999200 0.025756 -0.927181 -0.038007 0.372680 -0.373361 0.012474 -0.927602
-19.005613 -145.786524 -996.519749 -25914.542650 -0.914342 -0.119191 0.387005 -0.136666 0.990456 -0.017847 -0.381185 -0.069209 -0.921905
56.860378 -23.204573 243237.053161 -2638.830940 0.110427 0.990596 -0.080776 -0.939032 0.130614 0.318056 -0.325615 -0.040729 -0.944625
-17.663592 -125.591484 -357.862346 22893.901262 -0.921827 -0.183008 0.341677 -0.215856 0.974557 -0.060378 -0.321934 -0.129411 -0.937876
-14.007056 -59.161183 -4178.064860 84982.179876 -0.872430 -0.378806 0.308824 -0.385404 0.921796 0.041914 -0.300550 -0.082455 -0.950195
7.641056 -41.627029 -4635.687461 -327.214265 0.567378 -0.820079 -0.074515 0.822572 0.560247 0.097461 -0.038179 -0.116591 0.992446
7.473532 -41.442057 4937.946482 -941.683553 0.582054 -0.806898 -0.100644 0.811905 0.569848 0.126817 -0.044977 -0.155528 0.986807
8.875153 -43.830015 2569.480929 -420.035966 0.561788 -0.822079 -0.092636 0.826439 0.562737 0.018020 0.037315 -0.086681 0.995537
12.197692 -43.685165 6569.879116 -199.584801 -0.546736 0.834348 0.070303 0.835348 0.549270 -0.022300 0.057222 -0.046535 0.997276
21.646230 -104.613854 -8000.367138 4551.814839 0.367409 -0.583631 0.724145 0.172409 0.807845 0.563615 -0.913940 -0.082228 0.397432
29.917307 -118.429701 -5329.567384 10497.277083 0.403879 -0.521985 0.751275 -0.004927 0.819981 0.572370 -0.914799 -0.234869 0.328601
24.896736 -123.218585 -8720.907819 6276.244876 0.329543 -0.599694 0.729224 -0.153137 0.728190 0.668048 -0.931639 -0.331822 0.148135
-3.561994 -192.356089 2119.625803 19020.884178 -0.394612 0.394783 -0.829716 0.895508 0.367472 -0.251058 0.205784 -0.842087 -0.498540
-4.576485 -199.989946 -848.488435 24832.009387 -0.380722 0.334991 -0.861877 0.877120 0.425933 -0.221906 0.292766 -0.840454 -0.455989
-3.317472 -198.656644 -914.596427 5740.848126 -0.388785 0.335159 -0.858204 0.921280 0.151012 -0.358384 0.009484 -0.929980 -0.367487
-6.907860 -222.836819 -853.066765 -5966.244898 -0.382329 0.330936 -0.862732 0.921377 0.065879 -0.383047 -0.069928 -0.941351 -0.330104
-2.992640 -206.496836 -760.023362 -19555.951888 -0.393337 0.343179 -0.852945 0.875254 -0.144234 -0.461657 -0.281455 -0.928130 -0.243636
-2.524098 -199.117523 2387.576311 -2864.714321 -0.390720 0.400900 -0.828623 0.912879 0.053093 -0.404762 -0.118276 -0.914582 -0.386718
11.977825 -150.749399 413.871682 14290.664206 0.286785 -0.531282 0.797179 0.664956 -0.488630 -0.564867 0.689629 0.692084 0.213147
6.505302 -119.871685 -1941.296329 6511.168764 -0.215557 0.593194 -0.775664 0.680013 -0.478883 -0.555205 0.700797 0.647141 0.300153
6.239150 -129.473586 1453.486726 4125.540036 0.255185 -0.603049 0.755786 0.788955 -0.322007 -0.523318 0.558955 0.729824 0.393607
10.172537 -122.030266 -1488.986950 -14393.469359 -0.212247 0.532839 -0.819167 -0.550730 0.627243 0.550694 0.807247 0.568023 0.160320
6.494327 -115.399452 -1859.467371 -11000.113592 -0.193368 0.574898 -0.795048 -0.572002 0.592320 0.567425 0.797134 0.564491 0.214307
185.250230 -41.905830 18009.943228 -10698.527662 -0.457629 0.200462 -0.866251 0.831682 -0.248045 -0.496768 -0.314453 -0.947781 -0.053208
-7.518735 -1094.473061 801.899456 430365.521586 -0.250139 0.263985 -0.931527 0.168315 0.959319 0.226664 0.953468 -0.100092 -0.284396
-12.988048 -40.392006 -1145.946006 966.392422 0.164614 -0.682726 -0.711890 0.183166 0.730342 -0.658066 0.969202 -0.022067 0.245277
-17.210530 -41.869994 -1183.417691 -1165.871318 -0.084991 0.827149 0.555518 0.176622 0.561213 -0.808607 0.980602 -0.029393 0.193791
-17.128514 -39.437512 302.885025 -370.673358 -0.142635 0.793107 0.592146 0.118021 0.607623 -0.785408 0.982714 0.042141 0.180272
60.177785 -73.883649 17469.168508 3791.758889 0.371871 -0.748565 -0.548966 0.688906 -0.173829 0.703699 -0.622190 -0.639871 0.451048
39.548867 -87.373718 12986.139311 -3494.150141 0.386436 -0.707855 -0.591277 0.734986 -0.150947 0.661067 -0.557191 -0.690041 0.461932
22.494041 -88.810676 -8738.238945 -109.936122 -0.312439 0.697111 0.645305 0.675731 -0.314353 0.666760 -0.667659 -0.644375 0.372843
75.418219 -49.223824 -11710.208922 8353.475163 -0.277379 0.853008 0.442083 0.682612 -0.148830 0.715466 -0.676093 -0.500226 0.540991
80.569862 -65.605147 -15127.913398 -14565.796119 -0.379408 0.845742 0.375193 0.633836 -0.057825 0.771303 -0.674019 -0.530449 0.514122
64.285586 -64.077788 -13399.483378 13580.692859 -0.242055 0.794058 0.557567 0.644135 -0.298240 0.704374 -0.725603 -0.529646 0.439290
41.395006 -76.102420 -13951.933897 6840.386037 -0.289836 0.730281 0.618615 0.613283 -0.354508 0.705838 -0.734764 -0.583964 0.345120
-1530.331541 -3154.945259 884913.184770 -1828299.826238 0.842710 -0.513195 -0.162699 0.001466 -0.300019 0.953932 0.538366 0.804126 0.252077
-897.034696 -2030.923696 -651848.350643 1554611.208554 0.057540 -0.634066 0.771135 0.815496 -0.415717 -0.402674 0.575895 0.652027 0.493158
124.674663 -59.847456 -13830.414398 -10909.529119 0.392773 0.230400 0.890306 0.272919 0.895291 -0.352093 -0.878205 0.381274 0.288766
118.721281 -51.683606 -20270.866382 -4893.746640 0.157699 0.325951 0.932141 0.277517 0.891281 -0.358613 -0.947690 0.315238 0.050098
107.482305 -37.333088 -14563.095748 -2910.065285 0.174835 0.360141 0.916368 0.159993 0.907942 -0.387355 -0.971512 0.214335 0.101120
10.172772 -48.817382 2505.033713 -213.434604 -0.354279 0.915147 0.192336 -0.762103 -0.401743 0.507741 -0.541927 -0.033303 -0.839765
354.521552 12.839687 1867.120344 -1072.623436 0.145539 0.705880 0.693219 0.679952 0.437610 -0.588356 0.718668 -0.556984 0.416275
161.794807 -14.183592 -6961.377579 2073.721995 0.132391 0.879924 0.456297 0.449211 0.357095 -0.818958 0.883562 -0.313396 0.347996
195.772760 5.641304 -19501.110708 614.555821 0.289249 0.613736 0.734618 0.644460 0.442600 -0.623520 0.707819 -0.653784 0.267506
373.389014 -24.205733 67186.986535 2867.049664 -0.198567 0.905189 0.375770 0.479650 0.424104 -0.768161 0.854697 -0.027707 0.518387
256.423277 -3.774878 36939.685194 3044.032202 -0.404605 -0.424861 -0.809808 0.687091 0.443145 -0.575785 0.603490 -0.789377 0.112620
860.751405 18.818220 255971.941855 2997.467052 -0.557119 -0.494340 -0.667268 0.632620 0.267889 -0.726655 0.537968 -0.826961 0.163483
985.024245 -16.284597 171402.286915 -13617.651443 -0.058856 0.738502 0.671677 0.726433 0.493189 -0.478602 0.684712 -0.459760 0.565500
2.211999 -60.262578 -575.110089 -647.548089 -0.472721 0.873532 0.116091 0.565903 0.401914 -0.719874 0.675492 0.274603 0.684327
4.424438 -60.384998 -236.342623 -843.559264 -0.482785 0.869771 0.102064 0.654848 0.435932 -0.617363 0.581457 0.231217 0.780029
3.084890 -62.265921 71.018988 -1594.555250 -0.470714 0.879014 0.075911 0.569878 0.368595 -0.734423 0.673549 0.302443 0.674434
4.025821 -88.609422 2550.610142 -149.103258 -0.696292 0.716573 0.041236 -0.022117 0.036003 -0.999107 0.717418 0.696582 0.009220
-4.268686 -85.558278 1563.494069 400.529307 -0.682868 0.729601 0.037068 -0.038609 0.014627 -0.999147 0.729521 0.683717 -0.018181
-4.319802 -86.767484 1670.072202 -638.484575 -0.684654 0.725785 0.066967 -0.175809 -0.075280 -0.981542 0.707347 0.683790 -0.179141
-15.593828 -53.116738 -86.266930 -2789.687519 -0.484157 0.869084 -0.101417 0.391710 0.318930 0.863045 -0.782403 -0.378123 0.494841
-5.114001 -51.805902 2216.537086 -2315.556943 -0.417214 0.908219 -0.032737 0.437935 0.232480 0.868427 -0.796332 -0.347983 0.494735
-3.385452 -48.084470 1767.846437 -1907.781287 -0.393463 0.919335 0.003240 0.326242 0.136331 0.935404 -0.859507 -0.369104 0.353567
7.926099 -52.282753 421.527383 -431.229897 -0.427603 0.868196 0.251777 -0.418834 0.056543 -0.906301 0.801083 0.492990 -0.339452
6.903944 -51.319103 -171.459506 1834.937460 -0.412872 0.874339 0.255086 -0.527511 -0.001242 -0.849548 0.742475 0.485315 -0.461736
9.613248 -50.496179 777.352912 -275.576902 -0.388794 0.875381 0.287311 -0.449784 0.091817 -0.888405 0.804073 0.474634 -0.358034
53.484573 -15.153105 -5837.453947 1523.904938 -0.563260 0.800159 0.206116 0.314361 -0.023173 0.949021 -0.764144 -0.599340 0.238486
-11.361493 -47.937059 -663.574196 -457.952639 -0.493892 0.860101 0.127659 0.455990 0.131189 0.880263 -0.740367 -0.492966 0.456991
-9.226318 -49.260621 -374.258686 561.146901 -0.525873 0.843771 0.107274 0.347581 0.098071 0.932507 -0.776302 -0.527667 0.344852
-9.270375 -51.885213 -507.474737 1418.647723 -0.547785 0.835465 0.043920 0.175988 0.063749 0.982326 -0.817899 -0.545833 0.181952
-10.550936 -186.635895 2930.197089 -32177.012967 0.930230 -0.272098 0.246243 -0.024251 0.623957 0.781082 0.366176 0.732557 -0.573825
-16.144803 -319.086439 -4188.079392 -54172.057123 0.959020 -0.228826 0.167089 -0.054975 0.428234 0.901994 0.277953 0.874216 -0.398106
-8.880708 -203.242805 908.826338 -40655.331017 0.926392 -0.279737 0.252080 -0.005907 0.658550 0.752514 0.376513 0.698612 -0.608423
-16.495319 -276.883618 1284.860205 9099.382031 0.948999 -0.269712 0.163268 -0.202308 -0.123763 0.971470 0.241811 0.954955 0.172016
4.012725 -238.030444 163.097177 -12328.496363 0.901427 -0.390034 0.187892 -0.120793 -0.643351 -0.755982 -0.415739 -0.658766 0.627048
4.204709 -204.398055 -2957.870353 -13469.926927 0.879229 -0.407903 0.246114 -0.126902 -0.698479 -0.704289 -0.459187 -0.587998 0.665887
4.816658 -191.255154 -1529.079272 -7736.878906 0.896839 -0.357439 0.260608 0.200600 0.853704 0.480572 -0.394258 -0.378718 0.837337
6.656166 -244.462501 -2064.679527 -32286.640916 0.925701 -0.262176 0.272655 0.214641 0.957619 0.192079 -0.311458 -0.119285 0.942743
20.477239 -9.902396 -2370.048454 7030.877429 0.741156 -0.669014 0.055739 0.056722 0.145136 0.987784 0.668932 0.728941 -0.145517
9.075824 -2.221170 -5721.197672 7757.506544 0.821603 -0.535388 0.195779 -0.079894 0.231901 0.969453 0.564434 0.812147 -0.147756
-1.295254 -7.367786 -2526.370834 3852.508564 0.701935 -0.358503 0.615438 -0.412276 0.500096 0.761533 0.580789 0.788277 -0.203233
-11.622474 -36.829989 -102.343892 258.679238 0.687753 -0.672146 -0.274254 0.573470 0.271394 0.772966 0.445115 0.688887 -0.572108
-9.805769 -34.754883 -348.593232 1168.819965 0.684188 -0.675816 -0.274154 0.528856 0.200901 0.824591 0.502193 0.709163 -0.494863
-10.692768 -33.564349 -491.913817 1409.230320 0.714793 -0.675120 -0.182438 0.441782 0.233683 0.866153 0.542124 0.699718 -0.465291
-12.929747 -30.346017 1707.930322 610.954979 -0.170688 0.944399 0.281027 -0.902213 -0.035151 -0.429855 0.396076 0.326918 -0.858049
