17783
35543
-36.516945 -59.707163 2964.081704 -6457.594479 0.957901 -0.199138 0.206810 -0.161252 0.222811 0.961433 0.237537 0.954306 -0.181319
-39.818526 -71.410183 3665.240051 -5869.075058 0.972335 -0.213452 0.094884 -0.076718 0.091853 0.992813 0.220634 0.972626 -0.072936
-44.693336 -69.221749 907.783744 -8545.066295 0.947994 -0.303656 -0.095398 0.134589 0.110825 0.984685 0.288433 0.946314 -0.145930
-39.821893 -61.397998 7.732868 -5149.194668 0.948667 -0.078772 0.306311 -0.288898 0.178340 0.940602 0.128721 0.980811 -0.146428
-37.285142 -51.301125 1274.826137 -7376.712716 0.952665 -0.225548 0.203857 -0.127783 0.311371 0.941658 0.275864 0.923134 -0.267811
-34.107430 -51.576208 -639.969259 -4100.020428 0.859053 -0.034509 0.510723 -0.478361 0.301021 0.824959 0.182207 0.952993 -0.242085
94.540710 -103.222634 5862.758258 6662.720674 0.704308 -0.386603 -0.595389 0.618058 0.746525 0.246383 -0.349221 0.541515 -0.764727
77.356667 -87.741958 5974.615067 3508.814519 0.752024 -0.466594 -0.465564 0.621267 0.737727 0.264171 -0.220199 0.487902 -0.844668
92.286753 -93.294029 -9345.683435 9392.483511 -0.692769 0.451927 0.561990 0.701290 0.603841 0.378903 -0.168116 0.656611 -0.735255
82.852302 -93.656699 5767.236642 1157.441006 0.771241 -0.417852 -0.480195 0.546170 0.821850 0.162054 -0.326933 0.387250 -0.862063
104.446239 -102.920059 -4938.521582 17879.138375 -0.628219 0.307677 0.714616 0.714027 0.592820 0.372464 -0.309041 0.744244 -0.592110
97.306582 -120.343980 752.719666 16555.857659 -0.608743 0.236687 0.757239 0.633035 0.720234 0.283776 -0.478224 0.652106 -0.588269
95.181613 -120.878083 2211.875126 -4285.374547 -0.663376 0.279931 0.693953 0.490564 0.862987 0.120830 -0.565049 0.420584 -0.709809
89.599449 -108.358410 -5831.244356 -1257.467814 -0.746053 0.370714 0.553151 0.516043 0.846878 0.128439 -0.420838 0.381272 -0.823120
25.631535 -97.024530 -2251.271110 10347.826193 0.696736 -0.226221 0.680723 -0.654931 0.186498 0.732315 0.292618 0.956056 0.018219
25.828171 -85.957500 -1416.320728 -14634.923943 0.665365 -0.230478 0.710049 0.719197 -0.057061 -0.692460 0.200113 0.971403 0.127792
21.126957 -82.126065 -3939.309606 9780.506108 0.701201 -0.157875 0.695265 -0.688043 0.105732 0.717926 0.186854 0.981782 0.034485
16.394305 -70.313801 -3285.858982 6986.173432 0.722280 -0.113101 0.682290 -0.681966 0.047626 0.729832 0.115040 0.992441 0.042732
19.296448 -76.516692 -1037.990924 3968.538771 0.737336 -0.134635 0.661974 -0.647561 0.138165 0.749383 0.192355 0.981216 -0.014690
21.334521 -83.565098 -851.501644 5557.143182 0.746536 -0.146704 0.648970 -0.615787 0.217043 0.757429 0.251972 0.965075 -0.071692
23.417164 -90.661265 -1478.551377 6639.513451 0.734440 -0.187104 0.652372 -0.602363 0.263128 0.753606 0.312660 0.946444 -0.080548
71.614892 -163.524575 -25890.058849 -27322.973409 0.173203 0.514526 -0.839799 0.771403 0.459259 0.440475 0.612322 -0.724116 -0.317362
102.099676 -132.312827 -30197.801144 -30505.673862 0.015903 0.557702 -0.829889 0.854141 0.423906 0.301241 0.519798 -0.713633 -0.469615
53.581832 -129.178847 -20717.040077 -27005.018704 0.157705 0.532642 -0.831518 0.883806 0.299469 0.359452 0.440473 -0.791588 -0.423524
30.595213 -146.755416 -14569.144687 -26197.465618 0.260950 0.509919 -0.819688 0.836975 0.303586 0.455311 0.481018 -0.804871 -0.347568
39.700645 -163.124631 -15929.900993 -21028.298453 0.258860 0.511689 -0.819247 0.741922 0.437767 0.507850 0.618500 -0.739280 -0.266313
52.315659 -175.297177 -18815.933389 -8706.721775 0.252119 0.513745 -0.820063 0.610818 0.572798 0.546630 0.750558 -0.638724 -0.169391
5.346687 -45.098732 9025.692518 -1987.041278 0.924920 0.378984 -0.029891 -0.153755 0.301014 -0.941143 0.347681 -0.875078 -0.336684
35.631420 -38.424258 18767.325139 -3451.124517 0.923525 0.340954 0.175648 0.082659 0.270269 -0.959230 0.374526 -0.900392 -0.221417
9.103778 -39.251700 2020.027983 -4894.830655 0.841126 0.422391 -0.337777 -0.397945 0.060403 -0.915419 0.366262 -0.904399 -0.218895
-1.839209 -50.322161 -1180.500389 -1797.376269 0.772494 0.422972 -0.473654 -0.564464 0.115662 -0.817314 0.290917 -0.898731 -0.328100
-2.587364 -39.302450 -4758.418003 1086.190900 0.908101 -0.148488 -0.391540 0.411726 0.146065 0.899526 0.076378 0.978068 -0.193778
-0.715346 -42.044329 -5518.016300 559.086059 0.910725 -0.144890 -0.386764 0.412271 0.262798 0.872336 0.024752 0.953910 -0.299071
7.351817 -39.581459 -5391.455198 1066.423781 0.925375 -0.149543 -0.348307 0.371276 0.172418 0.912374 0.076385 0.973606 -0.215073
-8.829292 -41.999195 -4625.442971 496.076033 0.896877 -0.159451 -0.412538 0.440572 0.240185 0.864990 0.038838 0.957542 -0.285666
4.265577 -35.377874 -3973.701891 1862.600198 0.923013 -0.156409 -0.351544 0.364402 0.062032 0.929174 0.123524 0.985743 -0.114252
-3.915331 -35.054009 -3680.941821 1831.603687 0.902503 -0.152172 -0.402905 0.412118 0.033425 0.910517 0.125088 0.987789 -0.092879
-9.333911 -39.024305 -4163.225203 1080.568948 0.894376 -0.158919 -0.418135 0.438045 0.121820 0.890661 0.090605 0.979747 -0.178567
-0.127233 -115.013157 -631.254204 6938.929616 -0.737809 0.568588 -0.363793 0.566579 0.814608 0.124108 0.366915 -0.114549 -0.923175
-2.272373 -114.999573 -422.509936 4194.456641 -0.738611 0.574118 -0.353330 0.571960 0.811111 0.122315 0.356813 -0.111747 -0.927468
-0.210902 -108.674413 -668.294406 1222.336327 -0.732655 0.577031 -0.360904 0.505496 0.816423 0.279154 0.455731 0.022089 -0.889843
2.457992 -109.840576 -1090.306076 -433.340480 -0.728761 0.579697 -0.364498 0.519160 0.814831 0.257921 0.446521 -0.001270 -0.894772
-1.704471 -112.783268 -471.092978 -4030.411257 -0.727294 0.595517 -0.341178 0.426276 0.781553 0.455482 0.537896 0.185834 -0.822273
-0.130260 -116.134828 -532.774093 -9272.454302 -0.723452 0.598432 -0.344233 0.454222 0.788090 0.415447 0.519903 0.144198 -0.841966
14.070799 -33.554654 1456.771207 1456.070863 0.968743 -0.237797 0.070642 0.231103 0.761626 -0.605407 -0.090161 -0.602809 -0.792775
14.091212 -30.978415 2100.473734 -709.038771 0.938092 -0.306464 0.161440 0.343614 0.764491 -0.545421 -0.043732 -0.567128 -0.822468
16.033870 -34.419335 -428.701491 -81.551299 0.946076 -0.308454 0.098973 0.310306 0.775199 -0.550251 -0.093004 -0.551291 -0.829113
-1.567922 -49.916667 1679.488609 1833.274745 -0.393753 -0.240433 0.887215 -0.426285 0.902885 0.055491 -0.814395 -0.356356 -0.458007
-2.727913 -49.603138 1182.421268 -2266.198213 -0.386657 -0.267179 0.882673 -0.521090 0.852977 0.029926 -0.760895 -0.448381 -0.469034
3.977350 -47.311511 4975.946862 2299.076088 -0.342609 -0.279701 0.896876 -0.505017 0.859825 0.075229 -0.792198 -0.427163 -0.435837
4.217544 -45.418482 5281.735215 2032.431120 -0.361304 -0.227172 0.904352 -0.433425 0.899640 0.052828 -0.825592 -0.372881 -0.423505
1.326563 -47.238282 2604.055928 852.496702 -0.405824 -0.189746 0.894038 -0.353498 0.934667 0.037908 -0.842820 -0.300656 -0.446385
-3.193300 -51.972457 -657.960506 617.896308 -0.424352 -0.223277 0.877538 -0.341271 0.937094 0.073401 -0.838725 -0.268331 -0.473856
-1.818510 -84.208824 -449.919792 2254.560402 0.350173 0.611534 -0.709510 -0.440039 0.776081 0.451734 0.826888 0.154027 0.540862
-2.939986 -91.730383 -98.487031 5339.416325 0.325762 0.651940 -0.684729 -0.347812 0.756083 0.554405 0.879151 0.057553 0.473056
-2.267608 -94.215031 -731.560035 2139.699641 0.340839 0.630466 -0.697382 -0.425253 0.764964 0.483725 0.838444 0.131692 0.528837
-1.734132 -90.514716 -930.179157 1039.033670 0.371419 0.583043 -0.722571 -0.516157 0.776563 0.361292 0.771771 0.238770 0.589372
-0.264133 -80.711387 -740.630452 23.401576 0.383718 0.558908 -0.735107 -0.514476 0.790445 0.332432 0.766861 0.250635 0.590852
-1.488283 -74.231342 76.657663 2814.002942 -0.639776 0.768298 0.020119 -0.203327 -0.143954 -0.968471 0.741178 0.623695 -0.248314
-0.853439 -70.689361 319.989991 1387.797473 -0.646296 0.762344 0.033676 -0.346861 -0.254179 -0.902818 0.679698 0.595168 -0.428702
-1.238251 -75.360466 449.892994 3874.272704 -0.651073 0.758701 0.021860 -0.231007 -0.170637 -0.957872 0.723008 0.628694 -0.286362
4.610825 -216.416014 -6223.152421 22723.701588 0.183402 0.617394 -0.764976 0.677092 0.484821 0.553619 -0.712678 0.619494 0.329115
8.513989 -177.542600 5353.296253 28640.035378 -0.166076 -0.596185 0.785482 0.847105 0.321513 0.423134 -0.504809 0.735658 0.451636
-2.685920 -218.089730 -5372.905552 27286.780171 0.200018 0.622151 -0.756915 0.717735 0.432841 0.545441 -0.666971 0.652363 0.359963
16.126536 -173.364439 5777.800549 20705.686181 -0.160721 -0.577668 0.800293 0.808893 0.387525 0.442172 -0.565562 0.718418 0.404989
-5.017905 -239.578684 -4740.420328 19854.825601 0.207064 0.624077 -0.753427 0.500697 0.594016 0.629640 -0.840492 0.507615 0.189474
2.393185 -240.744237 6129.178659 23014.462419 -0.193465 -0.626325 0.755174 0.450940 0.626830 0.635404 -0.871335 0.463466 0.161165
11.386049 -209.928830 -6789.483938 20813.154504 0.182339 0.606098 -0.774207 0.632586 0.530488 0.564285 -0.752720 0.592644 0.286681
9.610602 -123.906951 -1248.309087 -13857.862349 -0.297079 -0.672530 0.677826 -0.559462 0.697861 0.447206 -0.773787 -0.246362 -0.583574
6.881169 -104.557964 2118.862676 -12668.518697 0.296991 0.690481 -0.659570 -0.674324 0.640716 0.367110 -0.676079 -0.335736 -0.655895
6.698523 -116.646366 -1284.859541 -11020.082171 -0.336896 -0.651153 0.680074 -0.555015 0.720806 0.415209 -0.760565 -0.237569 -0.604236
10.217306 -141.850884 -521.348006 -11568.883768 -0.319911 -0.633663 0.704363 -0.399894 0.764274 0.505935 -0.858919 -0.119817 -0.497898
1.552406 -100.768420 -548.811021 -8494.307320 -0.355141 -0.635957 0.685152 -0.646891 0.696290 0.310986 -0.674838 -0.332775 -0.658676
4.220087 -113.132081 -817.307609 -8953.481213 -0.371112 -0.619715 0.691541 -0.524067 0.754563 0.394954 -0.766570 -0.215842 -0.604799
8.831855 -133.258233 -1286.761504 -9726.974367 -0.360439 -0.616341 0.700149 -0.386788 0.781786 0.489086 -0.848810 -0.094524 -0.520179
-13.355460 -29.663777 -243.261336 -3249.478919 -0.016200 0.659915 0.751166 0.943942 -0.237640 0.229130 0.329714 0.712769 -0.619071
-13.071111 -34.399338 2074.962614 -3418.710285 -0.161022 0.703110 0.692610 0.909234 -0.167277 0.381197 0.383881 0.691126 -0.612356
-14.485103 -28.204026 2025.753661 -3061.416635 -0.146881 0.699622 0.699253 0.932222 -0.138460 0.334350 0.330738 0.700969 -0.631867
-5.827320 -71.683617 5878.005647 -5355.609588 -0.310573 -0.500187 0.808306 -0.468434 0.820466 0.327727 -0.827112 -0.276855 -0.489119
-1.248624 -65.280092 10387.856206 -1348.618322 -0.249989 -0.559672 0.790110 -0.570448 0.744493 0.346870 -0.782365 -0.364003 -0.505379
4.495607 -65.018143 9361.661145 -6118.841132 -0.263714 -0.554847 0.789050 -0.516403 0.772119 0.370351 -0.814729 -0.309801 -0.490144
0.025365 -74.462171 5679.063509 -8328.802224 -0.300963 -0.523954 0.796802 -0.397088 0.828515 0.394821 -0.867031 -0.197574 -0.457408
-10.037987 -81.207790 4950.611676 -8608.382678 -0.343324 -0.444279 0.827493 -0.338462 0.880374 0.332244 -0.876112 -0.166007 -0.452625
-41.679217 -648.490439 5064.132681 -114661.077056 0.716332 0.560289 -0.415865 -0.203377 0.737778 0.643678 0.667462 -0.376510 0.642444
-58.127786 -486.561202 2623.075948 126236.777740 0.664271 0.652644 -0.364418 0.015891 -0.499741 -0.866029 0.747323 -0.569487 0.342334
-53.213777 -663.896446 492.632613 -169734.946908 0.626209 0.640836 -0.444062 -0.256989 0.707390 0.658449 0.736083 -0.298207 0.607662
-50.611634 -458.591405 1255.307873 130081.646312 0.717127 0.584346 -0.379826 -0.062298 -0.489062 -0.870021 0.694152 -0.647578 0.314317
-55.414663 -642.254320 -2163.764641 21257.525355 0.686016 0.566074 -0.457102 -0.463439 0.824277 0.325257 0.560898 -0.011293 0.827808
-46.251089 -493.110860 2253.839681 86888.549196 0.725527 0.578953 -0.372054 -0.455848 0.809309 0.370435 0.515571 -0.099161 0.851090
-48.240381 -452.308346 215.692716 -24255.410925 0.717838 0.591140 -0.367781 -0.213151 0.689499 0.692213 0.662779 -0.418503 0.620950
0.123373 -261.251726 -4448.779046 25168.752601 -0.423646 -0.368290 0.827578 -0.354659 0.908117 0.222578 -0.833511 -0.199214 -0.515338
8.077292 -294.862371 -562.962016 -15298.639021 -0.406837 -0.374140 0.833368 -0.567548 0.818369 0.090339 -0.715802 -0.436223 -0.545286
-5.951934 -304.770151 2947.360072 40746.602834 -0.356142 -0.441152 0.823740 -0.333563 0.883482 0.328932 -0.872868 -0.157623 -0.461797
-6.952601 -251.115380 -5305.661887 47347.843486 -0.434267 -0.377698 0.817776 -0.096397 0.922121 0.374701 -0.895612 0.083889 -0.436855
10.064056 -36.331387 -8459.908809 -3800.874000 0.860813 -0.389032 0.328109 -0.343450 0.031692 0.938636 0.375558 0.920679 0.106332
-3.233899 -27.011470 -2528.960253 -4176.920068 0.855061 -0.407909 0.320125 -0.296600 0.121642 0.947223 0.425322 0.904883 0.016974
12.442084 -31.547365 -7744.145836 -3788.784006 0.876646 -0.404035 0.261243 -0.254622 0.071119 0.964422 0.408240 0.911975 0.040530
-20.825456 -36.734833 6460.514692 -1255.695093 -0.472076 -0.265860 0.840513 -0.456775 0.889239 0.024724 -0.753990 -0.372254 -0.541226
-15.141221 -42.840253 3370.935111 -2886.231564 -0.454252 -0.307150 0.836250 -0.434138 0.896005 0.093273 -0.777933 -0.320678 -0.540357
-19.604644 -42.846950 4612.337933 -2054.012747 -0.389573 -0.452852 0.801971 -0.486209 0.840661 0.238514 -0.782198 -0.297007 -0.547680
-13.739948 -38.728363 2934.230106 -806.448548 -0.513244 -0.174975 0.840217 -0.425025 0.902336 -0.071713 -0.745610 -0.393920 -0.537487
-20.361974 -33.814697 4594.889837 389.313593 -0.590039 -0.050612 0.805787 -0.390549 0.891390 -0.229991 -0.706630 -0.450403 -0.545721
31.588013 -32.721155 3037.580085 -2913.797426 0.859263 -0.511486 -0.007064 0.331439 0.567208 -0.753939 -0.389636 -0.645490 -0.656907
35.285550 -19.382249 3547.796472 -8602.269044 0.836654 -0.545752 0.046528 0.352195 0.470971 -0.808792 -0.419487 -0.693066 -0.586251
24.749448 -35.717787 3102.615059 -3899.163236 0.898132 -0.439712 0.003312 0.283873 0.574037 -0.768048 -0.335819 -0.690749 -0.640384
36.927501 -19.764282 1670.481471 -6100.965595 0.778754 -0.627062 0.018300 0.394228 0.466486 -0.791817 -0.487982 -0.623846 -0.610484
22.445760 -41.527778 2643.713164 -1151.940256 0.910275 -0.411930 -0.041393 0.268847 0.664187 -0.697550 -0.314835 -0.623834 -0.715339
32.997601 -29.714929 1476.642576 -1848.358426 0.808613 -0.587605 -0.029424 0.379076 0.558595 -0.737748 -0.449941 -0.585399 -0.674434
28.079255 -37.764511 2947.818949 -663.542736 0.875333 -0.481188 -0.047439 0.321573 0.652615 -0.686065 -0.361086 -0.585280 -0.725992
-9.520927 -38.286620 595.261385 -276.472025 -0.648381 0.753513 0.108725 -0.712627 -0.650946 0.261596 -0.267890 -0.092134 -0.959034
-10.337271 -39.392905 -78.295291 40.265676 -0.623560 0.771363 0.127172 -0.716135 -0.628842 0.302835 -0.313567 -0.097763 -0.944520
-9.025898 -38.194628 160.620923 -452.042915 -0.674996 0.727302 0.124145 -0.708838 -0.685931 0.164457 -0.204765 -0.023009 -0.978541
40.907837 -139.250041 4490.394391 -1814.642669 0.836874 -0.458794 0.298579 0.142146 0.708885 0.690852 0.528618 0.535714 -0.658463
29.732686 -137.494092 -2187.376918 -2295.769981 -0.820594 0.503816 -0.269806 0.304961 0.785270 0.538841 0.483347 0.359890 -0.798032
30.539087 -158.483515 -4532.908171 -9570.688942 -0.766422 0.560569 -0.313623 0.185214 0.660377 0.727735 0.615055 0.499665 -0.609952
780.767719 -2151.355662 -2879076.443559 1344891.686662 0.331978 0.913533 0.235049 0.800956 -0.404615 0.441312 -0.498258 -0.041758 0.866023
916.198981 -7217.357846 -6730257.244655 11305232.314225 0.475922 0.845240 0.243039 0.744192 -0.534295 0.400882 -0.468696 0.009921 0.883304
-975.885006 -6949.467068 -837535.642999 -9989217.967455 0.780954 0.434081 0.449094 -0.168124 0.838580 -0.518187 -0.601536 0.329176 0.727872
-134.353876 -5125.877628 189384.479512 -490469.730899 0.734424 0.628895 0.255172 -0.291409 0.631758 -0.718306 -0.612946 0.453181 0.647244
54.801924 -243.340005 -10190.186280 -52308.970519 0.825108 0.557875 0.089292 -0.240845 0.204351 0.948807 -0.511069 0.804373 -0.302973
49.607028 -276.317241 -9851.306278 -51601.196331 0.789563 0.594302 0.152952 -0.127481 -0.084959 0.988196 -0.600282 0.799742 -0.008682
29.282233 -217.341403 -6066.242780 -53126.832996 0.784940 0.610107 0.107888 -0.303697 0.227099 0.925308 -0.540035 0.759076 -0.363547
-1.188657 -23.206512 -1641.449420 -5011.385242 0.966747 0.059750 -0.248655 0.210338 -0.738817 0.640241 0.145457 0.671253 0.726817
-5.545340 -19.742985 -3233.752883 -5455.983536 0.971410 0.054719 -0.231016 0.194084 -0.743445 0.640017 0.136727 0.666555 0.732809
-6.497640 -20.443711 -10196.754704 2481.785160 0.900333 0.240596 -0.362649 0.417212 -0.714266 0.561923 0.123832 0.657219 0.743457
30.639906 -57.709723 -7069.053771 -12654.619242 0.852665 -0.382482 -0.355907 -0.516141 -0.511056 -0.687328 -0.081002 -0.769759 0.633174
30.230922 -66.541900 -1885.188610 -10877.000276 0.775579 -0.473879 -0.417033 -0.627710 -0.509089 -0.588905 -0.066763 -0.718518 0.692297
27.352431 -57.330654 -1248.823538 -14928.449981 0.772926 -0.428389 -0.468048 -0.634452 -0.530529 -0.562147 0.007495 -0.731452 0.681852
21.762451 -42.904494 799.329752 -9057.502044 0.871513 -0.285948 -0.398369 -0.490308 -0.495060 -0.717296 -0.007893 -0.820457 0.571654
102.982120 -71.424323 10195.385169 18967.678399 0.843752 -0.515314 0.150115 -0.533252 -0.773019 0.343633 0.061037 0.369990 0.927028
84.995248 -67.581625 -60.849220 8297.504831 0.873809 -0.457807 0.163921 -0.475252 -0.732677 0.487155 0.102923 0.503584 0.857793
87.212276 -83.549742 14332.743821 19517.793390 0.829643 -0.557759 0.024436 -0.514604 -0.747013 0.420897 0.216505 0.361770 0.906779
101.197730 -74.628071 24496.333755 20746.480029 0.824192 -0.565992 0.019012 -0.538677 -0.773174 0.334707 0.174741 0.286104 0.942131
82.951872 -71.396225 21769.433917 13329.134809 0.793773 -0.607021 -0.038086 -0.555865 -0.749444 0.359650 0.246859 0.264310 0.932310
-1.338606 -15.893347 8323.199110 -616.347369 0.866434 -0.328048 0.376399 -0.491531 -0.692822 0.527632 -0.087689 0.642170 0.761530
-6.762240 -24.098882 5180.259678 876.401099 0.847935 -0.338159 0.408234 -0.517471 -0.695126 0.499023 -0.115024 0.634388 0.764409
1.203681 -16.596273 7847.553604 2168.836909 0.660417 -0.538069 0.523767 0.740970 0.580033 -0.338417 -0.121711 0.611591 0.781756
5.145805 -19.612978 6232.765306 3465.968802 0.456642 -0.661828 0.594526 0.876340 0.449787 -0.172393 -0.153315 0.599729 0.785378
12.482982 -12.299220 3731.211781 630.584486 0.619258 -0.531906 0.577577 0.766687 0.568356 -0.298601 -0.169441 0.627732 0.759765
4.213141 -49.815036 1792.971851 -617.727030 0.866779 -0.465638 0.178535 -0.285813 -0.757222 -0.587304 -0.408662 -0.458035 0.789430
2.751726 -51.261411 5558.646346 410.590438 0.863012 -0.493021 0.110181 -0.375276 -0.771667 -0.513516 -0.338197 -0.401822 0.850977
-3.585358 -49.754716 4073.017058 40.074890 0.861107 -0.494333 0.118864 -0.329105 -0.720154 -0.610793 -0.387536 -0.486840 0.782817
97.377052 -29.194721 23839.660222 2577.788341 0.755484 -0.278206 -0.593166 -0.051640 0.877264 -0.477223 0.653129 0.391165 0.648392
118.863411 -35.964142 23142.864989 1808.572886 0.784077 -0.291457 -0.547974 0.034052 0.901756 -0.430902 0.619729 0.319201 0.716971
91.584841 -32.056368 -7483.284002 -3231.824101 0.921495 -0.206065 -0.329219 -0.012692 -0.863171 0.504753 0.388184 0.460948 0.798022
79.650615 -22.035424 13205.323508 2203.301178 0.849237 -0.273573 -0.451612 -0.018311 0.839535 -0.542998 0.527694 0.469403 0.707955
56.690601 -23.744803 16184.591961 2069.765564 0.720603 -0.180920 -0.669328 -0.199137 0.870678 -0.449737 0.664136 0.457370 0.591385
10.591264 -74.335455 992.282466 4275.140648 0.920160 -0.260801 0.292041 0.289532 -0.048894 -0.955919 -0.263584 -0.964153 -0.030520
10.078582 -75.554167 657.432313 2696.985124 0.919598 -0.278443 0.277143 0.212242 -0.241521 -0.946901 -0.330594 -0.929590 0.163005
7.307320 -74.047529 1159.405855 1614.783172 0.926463 -0.247596 0.283484 0.222712 -0.246554 -0.943192 -0.303424 -0.936967 0.173281
7.101824 -76.104814 824.620232 -2097.770122 0.925654 -0.267623 0.267476 0.126598 -0.447112 -0.885474 -0.356565 -0.853504 0.379990
4.339759 -73.573613 1318.574909 -2507.513633 0.933088 -0.240071 0.267793 0.136692 -0.451991 -0.881487 -0.332659 -0.859110 0.388932
8.794135 -162.293124 454.931408 -10966.424385 0.859023 -0.321934 0.398043 -0.488893 -0.746536 0.451296 -0.151866 0.582274 0.798682
6.766804 -140.685809 431.388510 -13593.469356 0.859045 -0.350208 0.373358 -0.499810 -0.731402 0.463941 -0.110599 0.585155 0.803344
7.094161 -174.430405 282.670472 -8132.743435 0.878885 -0.294567 0.375223 -0.402995 -0.879366 0.253595 -0.255258 0.374094 0.891570
8.903307 -193.342025 405.943869 -1279.283781 0.876674 -0.265533 0.401166 -0.374648 -0.899936 0.223055 -0.301796 0.345843 0.888432
-13.547682 -25.226586 -5214.446806 1739.811143 0.908440 -0.399384 0.123404 -0.417934 -0.861985 0.286904 0.008213 0.312210 0.949978
-22.341788 -24.714402 -5443.721773 1771.934484 0.972427 -0.231285 0.029885 -0.229664 -0.927501 0.294952 0.040500 0.293683 0.955045
-14.328410 -29.039521 -5858.747394 1384.358872 0.932322 -0.347170 0.101237 -0.359826 -0.862659 0.355449 0.036068 0.367821 0.929197
-5.679004 -29.806092 -3345.679669 1345.093803 0.899669 -0.415530 0.133907 -0.435353 -0.830993 0.346291 0.032618 0.369844 0.928521
45.434328 -21.161793 -14271.252820 -43.607125 0.531719 -0.523793 0.665520 0.736318 0.674173 -0.057680 -0.418463 0.520703 0.744148
18.820885 -23.276350 -427.911244 -421.986546 0.358860 -0.671223 0.648598 0.850238 0.521782 0.069559 -0.385117 0.526501 0.757946
46.472175 -20.077653 -20198.572866 -125.838490 0.581659 -0.471766 0.662653 0.718065 0.680531 -0.145805 -0.382171 0.560637 0.734596
73.933108 -22.064475 -35352.090492 814.166543 0.625982 -0.433200 0.648447 0.679279 0.711327 -0.180538 -0.383049 0.553490 0.739542
62.491215 -24.759982 -18895.839396 2564.842518 0.590591 -0.528370 0.609941 0.722295 0.683167 -0.107578 -0.359850 0.504092 0.785111
-11.602141 -102.869050 -1450.666725 16245.834008 -0.155671 0.447347 -0.880708 -0.406357 0.783643 0.469870 0.900356 0.431027 0.059792
-8.969282 -108.234811 -1727.149961 13456.769914 -0.119319 0.448522 -0.885771 -0.376155 0.805217 0.458403 0.918842 0.387883 0.072636
-12.587739 -125.719241 -1874.746258 14838.376797 -0.146084 0.444054 -0.884011 -0.238827 0.851336 0.467107 0.960011 0.279363 -0.018315
-13.171880 -119.688179 -475.051405 19668.003902 -0.188773 0.444821 -0.875499 -0.295598 0.824441 0.482616 0.936475 0.349901 -0.024144
-11.239089 -95.049527 691.947788 18007.293867 -0.208234 0.454371 -0.866133 -0.434464 0.750413 0.498118 0.876287 0.480029 0.041146
3.100488 -66.175115 971.600566 -1849.299261 0.879655 -0.243655 0.408459 0.413005 0.817229 -0.401950 0.235868 -0.522273 -0.819510
4.508597 -71.077852 891.075917 -2766.551886 0.876590 -0.256384 0.407256 0.385645 0.880466 -0.275784 0.287868 -0.398806 -0.870681
4.458175 -71.065330 -240.671509 -3845.459837 0.897232 -0.243819 0.368140 0.370164 0.869867 -0.326051 0.240736 -0.428816 -0.870726
29.441623 -182.272105 10765.168870 45710.703360 0.081774 0.593281 -0.800831 0.820248 -0.496491 -0.284060 -0.566133 -0.633652 -0.527237
34.385191 -155.641286 10134.561086 56871.648844 0.088038 0.606417 -0.790258 0.922881 -0.348227 -0.164405 -0.374888 -0.714840 -0.590308
21.987371 -205.181759 10109.138323 -46367.458148 0.080739 0.621971 -0.778866 -0.795062 0.511460 0.326014 -0.601131 -0.592925 -0.535800
24.125863 -210.917873 -4519.071737 -26323.581020 -0.019171 -0.614235 0.788890 -0.617548 0.627807 0.473808 -0.786300 -0.478094 -0.391355
22.033660 -233.883378 2600.263811 -28264.609912 0.034598 0.646274 -0.762320 -0.630528 0.605923 0.485068 -0.775395 -0.463882 -0.428458
-0.920551 -96.881037 -2099.035841 -9456.464693 -0.115405 0.436245 -0.892397 0.965767 -0.160849 -0.203524 -0.232328 -0.885335 -0.402749
-1.502546 -110.077738 -1765.246402 -10482.467328 -0.138402 0.441912 -0.886317 0.986040 -0.022164 -0.165026 -0.092571 -0.896785 -0.432675
-0.312908 -107.440365 -1002.434765 -12774.046204 -0.140840 0.444791 -0.884492 0.984445 -0.031862 -0.172778 -0.105031 -0.895068 -0.433385
-28.210684 -115.237512 -420.350533 177.115766 -0.050496 0.680019 -0.731454 0.497572 0.652152 0.571944 -0.865952 0.335070 0.371289
-30.069278 -106.083711 -4444.738730 6126.521336 -0.070661 0.722274 -0.687988 0.713369 0.518675 0.471255 -0.697217 0.457490 0.551898
-34.933305 -104.900961 -2368.196595 3948.022846 -0.021414 0.678915 -0.733904 0.682349 0.546444 0.485591 -0.730712 0.490381 0.474959
-21.698915 -75.063165 5363.341912 -13496.778809 -0.263852 0.753899 -0.601679 -0.124893 0.591831 0.796328 -0.956443 -0.285258 0.062000
-25.652644 -77.751009 7336.761936 -12327.659342 -0.294138 0.751030 -0.591131 -0.153979 0.573176 0.804835 -0.943278 -0.327754 0.052949
-24.350446 -94.910250 10851.241948 -12373.419752 -0.261099 0.786866 -0.559168 -0.022559 0.574130 0.818454 -0.965048 -0.226312 0.132153
-16.042968 -94.137969 7804.289255 -8839.900838 -0.248264 0.795220 -0.553164 0.026223 0.576350 0.816782 -0.968337 -0.188272 0.163941
-29.619253 -170.734233 -38158.870323 -94416.976831 -0.039145 0.543239 -0.838665 0.290795 0.809174 0.510564 0.955984 -0.223893 -0.189646
-40.221236 -64.012781 62741.685658 34221.427401 -0.313505 -0.209017 -0.926297 0.152427 0.951748 -0.266349 0.937273 -0.224694 -0.266518
-35.308754 -113.173024 27465.948588 114765.858414 -0.008168 0.809194 -0.587485 -0.315468 -0.559587 -0.766383 0.948901 -0.179073 -0.259845
-7.567134 -51.306160 -1845.305058 35.457460 0.955068 -0.291073 0.055868 -0.056213 -0.362969 -0.930104 -0.291007 -0.885172 0.363022
3.582287 -49.542018 -14989.706533 -322.285891 0.931458 -0.363771 0.007544 -0.125105 -0.339673 -0.932186 -0.341665 -0.867348 0.361901
-7.779544 -51.353895 -5262.829825 -360.245617 0.948728 -0.308417 0.069236 -0.011558 -0.252739 -0.967465 -0.315882 -0.917061 0.243345
10.542951 -65.856793 2912.751551 -7493.229116 0.075257 -0.439359 0.895154 -0.507107 0.756086 0.413735 -0.858592 -0.485075 -0.165901
12.310132 -58.343371 679.521639 -5086.299630 0.048402 -0.459442 0.886888 -0.578294 0.711079 0.399928 -0.814391 -0.532239 -0.231275
11.321597 -69.102735 864.039981 -8277.629884 0.058947 -0.461737 0.885056 -0.487965 0.760129 0.429062 -0.870871 -0.457168 -0.180504
4.402777 -55.704556 -263.230777 673.098779 -0.788220 0.469314 -0.398062 0.024517 0.670276 0.741707 0.614905 0.574869 -0.539831
2.975186 -53.291994 -661.551904 296.716853 -0.773311 0.481926 -0.411991 0.009081 0.658153 0.752830 0.633961 0.578431 -0.513333
3.859220 -53.837176 155.332074 37.962753 0.788274 -0.484515 0.379300 -0.040902 0.573802 0.817972 0.613963 0.660301 -0.432496
-20.270763 -30.610833 4130.286180 -2637.789665 0.895562 0.039964 -0.443138 -0.173718 0.948316 -0.265554 0.409622 0.314801 0.856218
-25.156355 -37.217397 2539.604878 3132.658735 0.796189 0.302344 -0.524091 0.465689 -0.859233 0.211781 0.386286 0.412681 0.824910
-25.500486 -36.476885 2387.128462 -4245.469061 0.758358 0.426530 -0.492915 -0.540743 0.833921 -0.110333 0.363992 0.350212 0.863053
504.103127 -17283.534450 1301344.057965 27501387.839282 0.178882 -0.089544 0.979787 0.745623 0.662063 -0.075623 -0.641909 0.744080 0.185197
-237.334929 -1984.999727 -79161.936277 1346106.618559 0.300072 0.253718 0.919556 0.288105 0.894857 -0.340919 -0.909369 0.367229 0.195424
-359.275411 -2084.569393 -502634.593874 2679932.556278 0.222870 -0.110646 0.968549 0.742750 0.662767 -0.095198 -0.631389 0.740606 0.229893
-1003.053175 -2244.644664 -22264.428209 674886.366873 -0.308519 -0.238274 0.920892 0.926776 0.142760 0.347428 -0.214250 0.960648 0.176782
-169.897092 -2052.578168 -77595.842063 -458249.535050 0.089306 0.007282 0.995978 0.987403 0.130490 -0.089491 -0.130616 0.991423 0.004464
7.296685 -2043.213163 70479.228638 176477.534939 -0.280878 -0.232324 -0.931200 0.931975 -0.297729 -0.206831 -0.229194 -0.925950 0.300146
-3.696183 -2070.754217 53386.118267 -433205.932815 -0.229978 -0.233862 -0.944679 0.937785 -0.312719 -0.150884 -0.260133 -0.920606 0.291231
-222.981369 -2639.078812 -78582.014191 -1147130.603459 -0.062683 -0.265465 -0.962081 0.981670 0.157445 -0.107402 0.179986 -0.951178 0.250730
-31.271340 -1586.375651 68039.043954 572506.887078 -0.227543 -0.216859 -0.949314 0.963042 0.094186 -0.252349 0.144136 -0.971649 0.187413
-5.189505 -30.138077 -1703.635113 -537.467334 0.264988 0.828251 0.493743 0.068665 0.494540 -0.866439 0.961804 -0.263499 -0.074175
-11.156527 -50.332975 3411.750943 -16863.361658 -0.256719 -0.472290 -0.843230 0.162389 0.838989 -0.519353 0.952746 -0.270259 -0.138690
-15.401998 -48.283036 2038.388549 -14126.317119 -0.216274 -0.537012 -0.815379 0.190912 0.795762 -0.574730 0.957485 -0.279965 -0.069581
6.500331 -103.566803 4881.705095 -34924.294091 -0.259260 -0.197857 -0.945324 0.058293 0.973801 -0.219805 0.964047 -0.112092 -0.240933
-3.257846 -53.287913 4735.511253 -20667.403165 -0.268710 -0.368344 -0.890010 0.151475 0.896337 -0.416696 0.951236 -0.246785 -0.185059
7.155314 -58.061295 5372.663603 -23323.826384 -0.260524 -0.250428 -0.932423 0.149712 0.943613 -0.295264 0.953789 -0.216518 -0.208341
19.210323 -100.763159 5016.115067 -30564.174260 -0.236068 -0.160586 -0.958376 0.011068 0.985742 -0.167898 0.971673 -0.050242 -0.230925
17.331460 -142.055469 5432.264875 -37953.745557 -0.265662 -0.136324 -0.954379 -0.129066 0.986070 -0.104923 0.955388 0.095304 -0.279556
-13.181656 -34.762686 -1225.114744 -1280.965214 0.752658 -0.466357 0.464777 0.517637 -0.017111 -0.855429 -0.406888 -0.884431 -0.228525
-16.859213 -37.693401 -2041.463373 -1646.122014 0.690816 -0.439342 0.574240 0.623741 -0.039555 -0.780629 -0.365678 -0.897448 -0.246710
-13.194189 -32.846976 -1703.506494 -1554.201346 0.743855 -0.447506 0.496405 0.513135 -0.093486 -0.853202 -0.428220 -0.889381 -0.160091
-52.301511 -82.672838 1283.414190 -4286.162466 0.953922 -0.261304 -0.147489 0.127773 -0.090999 0.987620 0.271491 0.960958 0.053418
-44.658381 -80.307398 3265.807867 -5850.702509 0.980738 -0.183309 0.067458 -0.073834 -0.028175 0.996873 0.180835 0.982652 0.041167
-44.658538 -73.054854 167.352108 -7142.186250 0.975143 -0.073756 0.208939 -0.204432 0.064202 0.976773 0.085457 0.995208 -0.047528
72.436098 -89.613826 7598.118084 -2446.300657 0.732129 -0.514910 -0.445932 0.672928 0.648251 0.356285 -0.105621 0.560927 -0.821100
59.065432 -88.201756 8178.107160 -3863.720149 0.787679 -0.531276 -0.311942 0.611853 0.733831 0.295174 -0.072093 0.423365 -0.903086
68.084497 -87.249195 5649.293074 4051.751812 0.826682 -0.443492 -0.346283 0.519259 0.838354 0.165930 -0.216719 0.316982 -0.923339
25.936931 -93.894436 1398.749548 -14426.874079 0.653503 -0.286472 0.700619 0.709409 -0.090976 -0.698901 0.263955 0.953759 0.143773
81.935442 -102.236808 -26738.124705 -20293.114437 0.061149 0.566383 -0.821870 0.916073 0.295101 0.271524 0.396322 -0.769497 -0.500803
117.339106 -102.996739 -23879.524839 -27538.509783 -0.091812 0.629651 -0.771434 0.893599 0.393928 0.215176 0.439375 -0.669597 -0.598823
29.855901 -44.593856 13545.332749 -1175.448862 0.952703 0.221556 0.208013 0.093601 0.437280 -0.894441 0.289129 -0.871607 -0.395860
52.630803 -42.581689 13247.396463 -3714.337130 0.958256 0.124024 0.257612 0.201685 0.345420 -0.916520 0.202655 -0.930217 -0.305987
73.071405 -38.208332 25257.425689 -4277.786729 0.922146 0.297484 0.247284 0.194030 0.197329 -0.960944 0.334662 -0.934112 -0.124246
-8.006992 -43.690911 -4795.830316 222.258228 0.900047 -0.159057 -0.405730 0.435564 0.358492 0.825692 -0.014119 0.919883 -0.391939
9.653067 -69.402376 786.364019 -9970.693308 0.821246 -0.557438 0.121733 0.481604 0.562821 -0.671781 -0.305962 -0.610325 -0.730678
11.284620 -81.952978 1244.749691 -6083.409027 0.811323 -0.569083 0.133789 0.540476 0.642959 -0.542669 -0.222803 -0.512590 -0.829223
10.470068 -74.070766 1341.649294 -11473.704613 0.832425 -0.548244 0.080600 0.455387 0.593931 -0.663226 -0.315739 -0.588790 -0.744066
7.941931 -77.832028 368.139470 -5465.406373 0.807644 -0.569574 0.152634 0.547208 0.627492 -0.553912 -0.219717 -0.530886 -0.818465
8.126594 -56.056125 847.218993 -9500.193662 0.842838 -0.534914 0.059078 0.389831 0.531154 -0.752269 -0.371020 -0.657071 -0.656203
7.536798 -56.151886 -48.675302 -7437.268216 0.819873 -0.559198 0.122908 0.440889 0.479669 -0.758640 -0.365275 -0.676177 -0.639812
7.233522 -67.007562 177.169436 -7838.919619 0.812932 -0.561698 0.153743 0.499410 0.536612 -0.680175 -0.299553 -0.629717 -0.716746
-2.398651 -123.800480 360.577012 5136.579444 0.747396 -0.567373 0.345669 0.622595 0.779728 -0.066332 0.231893 -0.264788 -0.936009
-3.764297 -120.291286 168.872969 1611.793493 0.754909 -0.567692 0.328388 0.620521 0.780355 -0.077454 0.212289 -0.262242 -0.941362
43.870124 -3.805103 -13210.317810 -2187.338198 0.029996 0.503703 -0.863356 0.836188 -0.485863 -0.254413 -0.547621 -0.714297 -0.435765
42.898243 -4.492848 -13403.379839 223.373969 0.043513 0.493067 -0.868902 0.837676 -0.491961 -0.237219 -0.544431 -0.717537 -0.434437
21.217945 -5.659922 -9929.834666 -423.319932 0.062105 0.437925 -0.896864 0.835205 -0.514766 -0.193517 -0.546421 -0.737047 -0.397726
54.806991 -3.784316 -9577.490297 -1130.180800 0.073032 0.563270 -0.823039 0.833101 -0.488129 -0.260140 -0.548278 -0.666676 -0.504910
55.243868 -3.842309 -9560.682756 -484.688197 0.061985 0.570120 -0.819220 0.840868 -0.472007 -0.264860 -0.537679 -0.672438 -0.508653
6.072410 -45.976927 4654.917325 -3932.472298 -0.320266 -0.331030 0.887609 -0.601670 0.794796 0.079322 -0.731726 -0.508643 -0.453717
-0.535634 -44.026816 1320.370026 -6189.304758 -0.381514 -0.273300 0.883037 -0.610009 0.792182 -0.018373 -0.694504 -0.545670 -0.468944
-4.729730 -46.892012 -27.560289 -3302.923246 -0.425919 -0.220171 0.877564 -0.530474 0.846502 -0.045084 -0.732933 -0.484727 -0.477336
-3.905306 -103.644185 433.100969 9113.064397 0.310153 0.672562 -0.671912 -0.232838 0.738979 0.632216 0.921733 -0.039637 0.385794
-4.991942 -97.938758 891.925792 10993.062307 0.320044 0.649321 -0.689895 -0.265819 0.760489 0.592450 0.909347 -0.006223 0.415992
-2.253502 -100.167194 -330.576850 3525.650574 0.318730 0.664423 -0.675983 -0.311888 0.746981 0.587150 0.895063 0.023689 0.445310
-6.643101 -115.775234 1360.215339 15124.795514 0.309810 0.659303 -0.685082 -0.137058 0.743975 0.654000 0.940868 -0.108720 0.320853
-4.852057 -118.842323 855.077764 12254.971726 0.302583 0.674029 -0.673891 -0.092158 0.724411 0.683180 0.948657 -0.144615 0.281312
-2.069072 -108.870848 105.625664 6455.781250 0.306145 0.679556 -0.666693 -0.183751 0.729331 0.659024 0.934083 -0.079251 0.348150
-0.729061 -81.873949 319.532771 3533.549649 -0.660745 0.750443 0.015848 -0.076302 -0.046148 -0.996016 0.746723 0.659322 -0.087752
-0.384959 -86.266532 16.587294 1463.510922 -0.663649 0.747793 0.019392 0.086144 0.102150 -0.991032 0.743067 0.656027 0.132210
-0.398772 -87.221904 -54.068566 1014.748150 -0.659791 0.751313 0.014293 0.120134 0.124237 -0.984953 0.741784 0.648146 0.172229
-11.530181 -106.679326 209.735026 3156.381371 0.840953 -0.540704 0.020916 0.037037 0.018954 -0.999134 -0.539839 -0.840999 -0.035965
-13.468199 -113.955033 374.001411 1098.421391 0.841452 -0.540257 -0.009038 -0.105823 -0.148372 -0.983253 -0.529868 -0.828317 0.182019
-12.429554 -104.366669 -1598.631790 1902.079866 0.813831 -0.578736 0.052388 0.024899 -0.055341 -0.998157 -0.580569 -0.813635 0.030628
1.682906 -177.433631 6045.170391 32811.264358 -0.180849 -0.617313 0.765649 0.873898 0.256294 0.413058 -0.451217 0.743800 0.493118
12.844982 -137.179511 3891.736960 32254.561874 -0.127292 -0.569616 0.811994 0.956932 0.144824 0.251608 -0.260917 0.809051 0.526649
17.144193 -138.303019 1583.248407 26488.403298 -0.134286 -0.542266 0.829406 0.924816 0.232047 0.301446 -0.355926 0.807528 0.470336
7.943943 -107.889666 1072.048951 -15276.253474 0.252346 0.709195 -0.658304 -0.689646 0.609031 0.391752 -0.678756 -0.355140 -0.642780
4.832423 -90.170409 1522.828421 -10273.324532 0.254731 0.715119 -0.650935 -0.770608 0.556772 0.310109 -0.584188 -0.422622 -0.692904
-11.175254 -36.007959 1898.696677 -2202.386658 -0.241319 0.719153 0.651601 0.859413 -0.153500 0.487695 0.450748 0.677685 -0.581007
-17.320615 -33.268892 2990.986466 -1129.437469 -0.384997 0.743422 0.546901 0.814128 -0.005551 0.580660 0.434711 0.668799 -0.603103
4.686760 -62.165423 14490.201310 452.788595 -0.190397 -0.608016 0.770757 -0.670174 0.654214 0.350530 -0.717367 -0.449801 -0.532037
-8.315090 -67.480658 7152.050972 708.360558 -0.260172 -0.577261 0.774003 -0.652410 0.696040 0.299816 -0.711809 -0.426963 -0.557701
-2.823988 -68.771791 -9412.568365 1278.964432 0.205819 0.628899 -0.749750 -0.746810 0.596048 0.294960 -0.632387 -0.499212 -0.592346
-16.708233 -72.906514 788.598140 985.774371 -0.332270 -0.549111 0.766860 -0.631894 0.733210 0.251225 -0.700220 -0.401100 -0.590603
-12.886013 -72.942428 4214.365496 -46.968999 -0.267105 -0.605985 0.749291 -0.742506 0.625052 0.240821 -0.614279 -0.492029 -0.616902
40.755006 -101.458333 14727.213112 -33011.648311 0.342071 0.610691 -0.714174 0.869126 -0.494547 -0.006599 -0.357223 -0.618450 -0.699937
29.840178 -75.977459 20296.633009 -25233.978293 0.379821 0.640847 -0.667122 0.834371 -0.548737 -0.052082 -0.399451 -0.536845 -0.743126
42.994096 -70.546767 22827.190890 -31471.102915 0.371201 0.620243 -0.691020 0.818613 -0.569847 -0.071740 -0.438272 -0.539048 -0.719267
-62.287445 -649.654214 -1871.192151 228236.013646 0.593143 0.701783 -0.394566 0.075562 -0.536447 -0.840544 0.801543 -0.468749 0.371218
-36.323626 -1319.595833 -18813.701684 850880.309206 0.606823 0.658009 -0.445860 -0.254294 -0.370741 -0.893245 0.753061 -0.655420 0.057646
-57.787696 -337.131087 -5609.218886 106480.567058 0.706410 0.651069 -0.277657 -0.182816 -0.211138 -0.960208 0.683786 -0.729061 0.030125
23.453646 -318.811376 3801.663436 22050.694976 0.391078 0.389247 -0.833993 0.756772 -0.651710 0.050697 -0.523788 -0.650969 -0.549441
35.007612 -291.848188 -15503.695609 -28710.955462 -0.456230 -0.342517 0.821302 -0.671418 0.738214 -0.065104 -0.583997 -0.581139 -0.566767
7.883173 -339.403845 2693.378911 7075.352263 -0.347583 -0.453807 0.820515 -0.656389 0.742661 0.132691 -0.669581 -0.492456 -0.556010
50.241290 -281.148915 12985.662770 29533.577479 0.440042 0.342348 -0.830157 0.802097 -0.565500 0.191962 -0.403736 -0.750338 -0.523440
44.299031 -285.902094 4406.539340 24556.472551 0.380678 0.386070 -0.840258 0.860819 -0.479848 0.169520 -0.337750 -0.787843 -0.515004
34.704828 -373.142736 6313.760562 12301.437696 0.326251 0.473837 -0.817948 0.870438 -0.488039 0.064467 -0.368643 -0.733005 -0.571669
-1.903999 -214.731543 -10209.396669 -17400.367556 0.795502 0.478011 -0.372401 0.601718 -0.550638 0.578561 -0.071501 0.684327 0.725661
-10.753175 -179.777686 -14109.319002 -24086.311597 0.769432 0.503950 -0.392439 0.592096 -0.332299 0.734166 -0.239576 0.797252 0.554068
11.663733 -231.224297 -12712.122350 -13045.263352 0.776814 0.482964 -0.404112 0.623388 -0.498916 0.602055 -0.089153 0.719603 0.688639
3.916400 -204.490520 -3410.554045 -12001.410937 0.709335 0.472569 -0.522994 0.656481 -0.172740 0.734298 -0.256665 0.864199 0.432763
2.563451 -49.874810 2228.050982 1240.373750 0.901962 -0.431458 0.017577 0.185870 0.424657 0.886069 0.389766 0.795934 -0.463219
1.738942 -52.242438 2212.270618 741.867959 0.906163 -0.421210 0.038085 0.214161 0.534646 0.817489 0.364697 0.732622 -0.574683
4.960502 -48.680922 -2953.618592 1277.984947 0.908466 -0.417828 -0.010434 0.200851 0.414535 0.887592 0.366536 0.808443 -0.460512
4.537423 -45.250635 -1529.120270 2084.283074 0.903268 -0.428300 -0.025826 0.170991 0.304103 0.937168 0.393535 0.850929 -0.347922
3.106044 -46.191692 2309.003893 2127.538719 0.899903 -0.436085 -0.001956 0.154594 0.314819 0.936477 0.407768 0.843041 -0.350722
-13.562386 -50.399274 2225.020175 -5389.635172 -0.411684 -0.431674 0.802604 -0.417911 0.872063 0.254670 -0.809856 -0.230573 -0.539416
-11.332899 -47.151146 331.983558 -4715.958274 -0.452799 -0.325336 0.830138 -0.406836 0.903867 0.132322 -0.793384 -0.277815 -0.541628
-11.021806 -42.746838 373.459836 -2186.582788 -0.484048 -0.230468 0.844146 -0.427820 0.903863 0.001452 -0.763326 -0.360440 -0.536112
-17.930678 -41.586392 2313.843397 -1212.584347 0.785428 -0.604127 -0.134663 0.287247 0.548491 -0.785268 -0.548263 -0.578090 -0.604334
