15362
30712
-34.400679 -51.311708 -1717.111473 6022.481389 0.287496 0.937802 -0.194612 0.939325 -0.315771 -0.134006 0.187124 0.144278 0.971683
-42.070628 -66.063741 1930.437830 6971.720639 -0.112998 -0.976279 0.184689 0.992169 -0.120827 -0.031659 0.053223 0.179665 0.982287
-39.868846 -71.425264 527.881382 11395.432116 0.208721 -0.971324 0.113866 0.970381 0.191209 -0.147649 0.121642 0.141311 0.982463
-36.100954 -56.172596 1436.379207 6466.480904 -0.421632 -0.864380 0.273998 0.896225 -0.443192 -0.019010 0.137865 0.237548 0.961543
-33.402256 -50.752762 -3885.776040 8163.122929 -0.094025 0.994329 -0.049699 0.962369 0.077991 -0.260315 0.254963 0.072305 0.964244
-29.614246 -41.545982 117.891667 -1615.410723 0.750006 0.591582 -0.295839 -0.603458 0.795126 0.060118 0.270794 0.133437 0.953344
-31.200969 -45.919784 972.210740 -2427.662944 0.712016 0.625557 -0.318924 -0.663340 0.748198 -0.013384 0.230246 0.221084 0.947686
82.967425 -1693.624795 32144.884900 -728218.572031 0.359713 0.933017 0.009246 0.061263 -0.033505 0.997559 -0.931050 0.358269 0.069212
-33.431194 -304.777993 -90704.232346 69686.117818 -0.251554 -0.845848 0.470385 0.836989 0.053914 0.544557 -0.485973 0.530692 0.694403
63.232338 -177.845777 13024.867794 -29947.904206 0.180083 0.977031 -0.113930 0.586484 -0.013665 0.809846 -0.789688 0.212658 0.575474
68.526271 -210.131021 -28683.588509 -74984.858319 0.014708 0.998656 0.049704 0.448439 -0.051017 0.892356 -0.893693 -0.009165 0.448586
87.672736 -372.214472 -11324.704154 -202394.251336 -0.037403 0.998389 -0.042658 0.106610 0.046431 0.993216 -0.993597 -0.032601 0.108175
72.378365 -44.578558 12583.426329 1256.859209 0.060263 0.970111 0.235059 0.850755 -0.173089 0.496242 -0.522096 -0.170073 0.835758
83.331783 -47.817013 6108.719511 3996.353198 -0.071793 0.949406 0.305735 0.912388 -0.061333 0.404706 -0.402982 -0.308004 0.861823
71.248548 -51.650982 13654.881132 3651.465201 0.177147 -0.823075 -0.539598 0.873001 -0.121730 0.472282 -0.454409 -0.554733 0.696981
74.095763 -42.786700 27537.775063 3272.819002 0.052472 0.993852 0.097494 0.909393 -0.087894 0.406546 -0.412615 -0.067328 0.908414
71.631363 -50.248998 -19006.832066 -3195.763441 -0.168690 0.806152 0.567153 0.772983 -0.248827 0.583595 -0.611589 -0.536846 0.581167
82.415375 -43.889527 1241.333017 -6051.739602 0.006017 0.942226 0.334923 0.735433 -0.231112 0.636966 -0.677571 -0.242481 0.694335
78.220874 -43.018910 27038.538353 -2989.786744 0.173465 0.977456 0.120373 0.764138 -0.210689 0.609675 -0.621292 0.013776 0.783458
44.448000 -38.812739 19647.174171 2175.718843 0.178821 0.978201 0.105573 0.844691 -0.207657 0.493331 -0.504500 -0.000959 0.863411
48.613167 -36.484430 20617.897831 3985.647543 0.106339 0.991158 0.079355 0.902246 -0.129726 0.411246 -0.417905 -0.027866 0.908063
-2.695602 -107.354618 -19.639169 -11508.001345 0.815613 0.026995 0.577968 0.479800 -0.589831 -0.649531 -0.323369 -0.807075 0.494026
-4.606317 -129.494059 252.026771 -12886.390548 0.819350 0.033783 0.572298 0.531521 -0.418842 -0.736245 -0.214830 -0.907430 0.361135
-5.372900 -121.618579 759.061524 -12531.515464 0.812325 0.048514 0.581183 0.520376 -0.510232 -0.684743 -0.263319 -0.858667 0.439720
-5.859623 -128.862987 -421.647248 -9317.904753 0.801333 0.052428 0.595917 0.573569 -0.350340 -0.740460 -0.169953 -0.935154 0.310810
-4.047039 -112.997855 -457.631543 -10125.683605 0.795254 0.058247 0.603471 0.533310 -0.540631 -0.650614 -0.288359 -0.839241 0.461003
-3.656787 -100.572021 1344.855248 -13086.089793 0.815088 0.047037 0.577425 0.447455 -0.684205 -0.575889 -0.367989 -0.727771 0.578734
-2.961088 -104.336329 -345.576162 -12748.814391 0.800008 0.050033 0.597900 0.472427 -0.666835 -0.576319 -0.369865 -0.743524 0.557110
3.931451 -54.436292 923.897581 -1881.409419 0.527711 0.814550 -0.240893 -0.336053 -0.060254 -0.939914 0.780122 -0.576955 -0.241935
7.449402 -47.899452 965.920602 -844.470454 0.563897 0.803762 -0.189702 -0.191647 -0.096076 -0.976750 0.803301 -0.587142 -0.099861
3.829900 -49.749258 732.146078 -1123.713806 0.544570 0.819256 -0.179621 -0.156614 -0.111066 -0.981395 0.823963 -0.562569 -0.067824
0.599625 -56.893085 770.937714 -1596.607118 0.512420 0.824510 -0.240020 -0.314433 -0.079945 -0.945908 0.799098 -0.560172 -0.218287
0.494997 -61.936945 576.492913 -2084.067130 0.503811 0.815248 -0.285560 -0.486831 -0.005103 -0.873481 0.713561 -0.579089 -0.394317
34.292933 -76.419011 -5727.912822 -15063.943642 0.279642 0.912973 -0.297120 -0.326686 -0.200521 -0.923617 0.902816 -0.355347 -0.242181
21.801555 -99.029291 -3089.567869 -11789.704931 0.271807 0.924447 -0.267431 -0.490462 -0.106024 -0.864989 0.827990 -0.366275 -0.424588
19.700769 -86.365812 -860.029004 -12994.220749 0.362181 0.910205 -0.200879 -0.353854 -0.065114 -0.933031 0.862330 -0.409008 -0.298496
28.381740 -61.445493 -2906.292371 -12380.089769 0.377592 0.897282 -0.228713 -0.223859 -0.151215 -0.962819 0.898505 -0.414752 -0.143767
20.902794 -72.047914 -888.092510 -10829.215102 0.445264 0.882479 -0.151559 -0.248239 -0.040965 -0.967832 0.860300 -0.468564 -0.200826
16.007302 -92.692468 -145.645020 -10539.640444 0.427688 0.889826 -0.159037 -0.392201 0.024157 -0.919562 0.814409 -0.455660 -0.359322
-8.955464 -109.998529 -416.291140 4377.373889 -0.258003 0.958181 -0.123791 0.964894 0.262062 0.017425 0.049137 -0.114949 -0.992155
-7.335302 -108.482861 -1201.582012 -4974.252125 -0.217582 0.960744 -0.172131 -0.951774 -0.247928 -0.180712 0.216295 -0.124511 -0.968356
-6.510961 -115.217798 -1116.322777 4256.652396 -0.241631 0.954693 -0.173713 0.970313 0.239629 -0.032732 0.010378 -0.176465 -0.984252
1.103562 -75.820953 144.628221 -3530.996462 -0.358596 0.931391 -0.062599 -0.303514 -0.052916 0.951356 -0.882773 -0.360153 -0.301666
0.643680 -71.981978 95.112689 2516.184145 -0.369242 0.928841 -0.030255 -0.406902 -0.132315 0.903838 -0.835518 -0.346046 -0.426804
0.531579 -73.743161 -7.876577 -4119.811770 -0.361167 0.931061 -0.051802 -0.299386 -0.063165 0.952039 -0.883134 -0.359354 -0.301560
-18.109409 -50.526572 2308.155106 -2835.672909 0.364248 0.900097 -0.239058 0.350482 -0.370307 -0.860253 0.862836 -0.229560 0.450352
-14.632012 -53.047089 3012.918924 -2547.164171 0.317972 0.926930 -0.199233 0.302489 -0.298341 -0.905259 0.898551 -0.227581 0.375251
-12.299639 -48.610460 5799.043939 -3644.783708 0.306445 0.928759 -0.208563 0.406710 -0.325850 -0.853469 0.860627 -0.176716 0.477590
9.078952 -39.196486 2904.293671 -550.024490 0.379994 0.868934 -0.317110 -0.876134 0.448054 0.177867 -0.296637 -0.210242 -0.931560
16.530692 -37.947662 3754.585251 227.786787 0.406547 0.849406 -0.336496 0.892827 -0.447510 -0.050941 -0.193854 -0.279723 -0.940306
6.231345 -38.945076 3189.791957 -568.848627 0.358638 0.882038 -0.305593 -0.894150 0.418620 0.158913 -0.268094 -0.216254 -0.938808
13.809605 -39.356052 1195.152235 -201.639001 0.460882 0.810545 -0.361393 0.855734 -0.513800 -0.061058 -0.235174 -0.281115 -0.930412
2.264878 -40.759761 2146.598779 -937.925227 0.344622 0.887552 -0.305756 -0.858652 0.429673 0.279459 -0.379410 -0.166230 -0.910173
4.449389 -41.475453 1780.498886 -1158.469707 0.356805 0.879441 -0.315077 -0.843437 0.448274 0.296081 -0.401626 -0.160105 -0.901700
8.853785 -39.687808 1884.900826 -233.378363 0.405028 0.851044 -0.334180 -0.853084 0.483257 0.196750 -0.328938 -0.205395 -0.921745
-8.664142 -104.936498 324.763030 -8180.221912 0.824917 -0.209115 0.525150 -0.283208 0.651128 0.704149 0.489188 0.729591 -0.477904
-7.230923 -112.615255 423.819175 -6267.905644 0.828703 -0.220498 0.514424 -0.361878 0.490065 0.793020 0.426961 0.843337 -0.326325
-6.638391 -109.001783 536.379213 -6735.071413 0.813510 -0.210348 0.542176 -0.289022 0.662770 0.690798 0.504646 0.718672 -0.478375
-8.787489 -98.579676 -498.496070 -5060.163460 0.818135 -0.195772 0.540673 -0.219044 0.763263 0.607823 0.531671 0.615713 -0.581570
-3.952515 -109.980771 1289.130774 -5320.199378 0.801613 -0.213184 0.558542 -0.295470 0.670912 0.680128 0.519725 0.710232 -0.474822
-5.978210 -100.651585 228.929045 -4333.996971 0.804585 -0.191675 0.562054 -0.206738 0.796856 0.567696 0.556689 0.572958 -0.601512
-7.063462 -275.758593 4205.317639 -2411.054122 0.878956 0.245342 0.408955 0.446828 -0.123960 -0.885990 0.166676 -0.961479 0.218581
-5.999377 -224.333702 760.369895 -8077.309812 0.896183 0.192910 0.399551 0.434379 -0.198017 -0.878694 0.090391 -0.961028 0.261256
-7.189886 -228.196176 2636.279675 5409.838659 0.883737 0.212452 0.416981 0.413345 0.063454 -0.908361 0.219442 -0.975109 0.031739
-8.431854 -201.753679 2091.627628 13222.503207 0.872263 0.205138 0.443932 0.375758 0.299847 -0.876868 0.312990 -0.931671 -0.184463
-8.294493 -258.539772 3772.031175 21969.616274 0.866879 0.241571 0.436078 0.379316 0.247986 -0.891416 0.323481 -0.938161 -0.123342
-8.211486 -154.714865 -3982.959042 280.688282 0.828111 -0.048252 0.558483 0.355927 -0.724430 -0.590353 -0.433068 -0.687657 0.582734
-8.576291 -152.213059 -5283.746555 -4958.525231 0.832606 -0.075860 0.548647 0.227291 -0.856527 -0.463358 -0.505081 -0.510497 0.695907
-4.086626 -144.408728 -5919.270033 -18.034889 0.811445 -0.039942 0.583062 0.375241 -0.729251 -0.572178 -0.448052 -0.683080 0.576759
-1.163003 -143.006530 -4321.145813 4714.729068 0.796920 -0.004155 0.604071 0.495326 -0.567911 -0.657365 -0.345790 -0.823080 0.450521
-5.746423 -155.832530 -2816.831944 9867.550645 0.817352 -0.016474 0.575904 0.473867 -0.549329 -0.688250 -0.327699 -0.835443 0.441189
-5.259668 -235.968169 3130.115719 -22149.565708 0.894759 0.226447 0.384874 0.445073 -0.382217 -0.809827 0.036278 -0.895897 0.442777
-4.099964 -93.818491 -6160.933277 -7093.510987 0.868820 -0.047373 0.492857 -0.343551 0.659124 0.668975 0.356545 0.750540 -0.556385
-8.421900 -108.626419 -4962.262751 -6266.000538 0.876597 -0.078653 0.474754 -0.376874 0.501256 0.778915 0.299237 0.861717 -0.409757
-6.239056 -97.062885 -4953.428372 -8584.485450 0.874872 -0.086633 0.476544 -0.304077 0.667585 0.679608 0.377010 0.739476 -0.557708
-4.325321 -103.942846 -4907.732489 -7458.770478 0.862698 -0.027972 0.504945 -0.412515 0.538668 0.734621 0.292546 0.842054 -0.453169
2.892025 -80.278322 -6128.180123 -10844.707611 0.856008 -0.020118 0.516570 -0.289175 0.809653 0.510724 0.428518 0.586564 -0.687252
4.869721 -84.280387 -5642.999736 -5216.676474 0.816441 0.025811 0.576851 -0.434222 0.685957 0.583879 0.380625 0.727184 -0.571251
9.735846 -722.150422 -8435.961137 -300361.180201 0.843990 -0.327456 0.424799 0.345675 -0.273500 -0.897612 -0.410110 -0.904417 0.117638
-0.634239 -1385.425623 -19851.799880 -608813.812698 0.823735 -0.431503 0.367784 0.468260 0.152023 -0.870414 -0.319675 -0.889210 -0.327282
0.171117 -1070.249834 -3323.255551 -519875.363361 0.919989 -0.306138 0.244746 0.224315 -0.100812 -0.969288 -0.321409 -0.946634 0.024075
18.634179 -37.566027 -1510.230390 -7368.723827 0.418435 0.083380 0.904411 -0.255474 0.966378 0.029105 -0.871576 -0.243232 0.425668
12.061278 -49.987137 -4937.031200 -7057.538787 0.357318 0.082170 0.930361 -0.259519 0.965631 0.014387 -0.897203 -0.246588 0.366362
22.949691 -52.397455 -4140.395362 -4533.517333 0.421906 -0.019586 0.906428 -0.099804 0.992687 0.067905 -0.901130 -0.119114 0.416865
13.756579 -28.155421 -3594.615701 -5208.382477 0.249809 0.376312 0.892180 -0.463559 0.855422 -0.231012 -0.850123 -0.355869 0.388135
27.506865 -45.833375 -1914.626380 -5135.628137 0.488307 -0.047847 0.871359 -0.094787 0.989680 0.107462 -0.867509 -0.135068 0.478733
15.684779 -12.640011 1272.612191 -6072.015905 0.310371 0.393541 0.865330 -0.455122 0.860693 -0.228192 -0.834586 -0.323007 0.446243
20.315981 -27.888900 135.851962 -7740.939390 0.494208 0.004769 0.869331 -0.210714 0.970823 0.114463 -0.843421 -0.239748 0.480793
-3.448001 -31.079930 5169.824052 -611.368194 -0.349429 0.813761 -0.464427 0.742122 0.542959 0.393001 -0.571974 0.207336 0.793636
-4.315446 -27.425844 3649.280111 -403.114863 -0.409471 0.767809 -0.492750 0.661560 0.621807 0.419158 -0.628229 0.154351 0.762564
-7.691148 -31.851668 3416.066904 -707.407897 -0.428343 0.763539 -0.483250 0.683811 0.623497 0.379016 -0.590699 0.168103 0.789187
-7.980666 -35.099243 4137.456596 -1084.312712 -0.373393 0.811518 -0.449461 0.766918 0.542632 0.342618 -0.521933 0.216769 0.824983
-1.269863 -34.332123 6679.128618 -757.855884 -0.298971 0.843998 -0.445291 0.811648 0.470306 0.346467 -0.501841 0.257836 0.825637
-3.868045 -152.711325 -1393.785070 19665.432798 0.825581 -0.006210 0.564249 0.531042 -0.329582 -0.780622 -0.190814 -0.944107 0.268799
-11.769003 -177.027585 -2817.822992 15030.140936 0.856973 -0.032398 0.514343 0.422966 -0.525991 -0.737857 -0.294445 -0.849873 0.437057
-8.442315 -168.765866 -1251.920470 13063.704752 0.837448 -0.022737 0.546043 0.450318 -0.537420 -0.713017 -0.309667 -0.843008 0.439822
-21.836598 -41.647070 530.623032 404.102655 -0.342843 0.928332 -0.143732 0.622524 0.109938 -0.774840 0.703507 0.355125 0.615601
-19.749052 -40.427003 51.968558 500.496983 -0.385527 0.920673 -0.061073 0.504221 0.154782 -0.849591 0.772742 0.358334 0.523895
-17.264888 -42.827440 2618.525929 355.261268 -0.349679 0.909007 -0.226785 0.632694 0.050597 -0.772747 0.690957 0.413699 0.592816
-18.393057 -43.953906 2841.025767 250.873746 -0.305882 0.911419 -0.275229 0.734212 0.041779 -0.677634 0.606110 0.409352 0.681954
-23.425675 -42.768598 1001.746131 369.463670 -0.288421 0.933191 -0.214403 0.731914 0.070500 -0.677740 0.617345 0.352399 0.703349
18.852517 -43.617095 4897.687235 -8800.017268 0.629508 0.640339 -0.440097 0.758696 -0.628775 0.170362 -0.167633 -0.441144 -0.881641
10.842570 -36.757534 -6.495029 -4720.895255 0.591844 0.685837 -0.423496 0.776805 -0.625548 0.072547 -0.215162 -0.371910 -0.902989
38.785867 -27.999567 32591.547690 -5081.301741 0.419195 0.792292 -0.443338 0.885599 -0.464392 0.007453 -0.199977 -0.395744 -0.896324
9.520356 -45.998158 -4206.332555 -1147.006570 0.660178 0.625306 -0.416121 0.730584 -0.663215 0.162459 -0.174391 -0.411263 -0.894679
164.131880 -29.748358 133435.106988 -6837.841925 0.324857 0.824722 -0.462926 0.930371 -0.366619 -0.000263 -0.169934 -0.430608 -0.886397
115.191050 -41.743752 71903.397214 -10082.229715 0.412265 0.762304 -0.498930 0.900996 -0.422329 0.099224 -0.135073 -0.490441 -0.860943
18.678894 -53.679122 -3246.700143 218.110787 0.665030 0.595158 -0.451134 0.736433 -0.622993 0.263715 -0.124101 -0.507608 -0.852603
5.772126 -157.861486 -820.351844 -16769.194315 -0.124352 0.986224 0.109081 0.264596 0.138913 -0.954302 0.956308 0.089806 0.278225
3.020912 -152.905914 -432.438384 -4810.205608 -0.119762 0.985847 0.117316 0.244780 0.143840 -0.958850 0.962154 0.086117 0.258543
6.343359 -140.437373 -829.454790 -23688.315410 -0.111183 0.987271 0.113730 0.482667 0.153681 -0.862215 0.868718 0.040970 0.493610
9.624425 -139.507585 -1306.859862 -33295.397085 -0.116869 0.988004 0.100943 0.491368 0.145851 -0.858653 0.863075 0.050750 0.502519
10.186292 -126.016667 -979.096938 -19807.915288 -0.101101 0.991712 0.079289 0.643649 0.125972 -0.754883 0.758614 0.025285 0.651050
7.132124 -136.085857 -1026.067485 -18036.094858 -0.089266 0.990038 0.108884 0.642122 0.140773 -0.753566 0.761387 -0.002649 0.648292
-1317.554834 -6566.390167 -615902.168724 -16718458.307525 -0.842473 -0.461247 0.278372 -0.264114 0.803966 0.532805 -0.469557 0.375352 -0.799142
-1618.316522 -14464.690102 302347.330118 28513920.307534 -0.687394 0.619252 0.379495 0.462957 0.776196 -0.428009 -0.559608 -0.118521 -0.820239
-912.759497 -3027.160645 -297855.363350 -2254084.584505 -0.670645 -0.616134 0.413055 -0.111911 0.634511 0.764769 -0.733288 0.466663 -0.494484
-23.652772 -524.341904 -689.296929 186606.066265 0.910133 0.093746 -0.403572 -0.366552 -0.271852 -0.889796 0.193127 -0.957762 0.213058
1.506985 -1416.159701 -2394.312338 439941.436326 0.946358 0.045339 -0.319922 -0.304762 -0.203732 -0.930384 0.107360 -0.977976 0.178986
-18.431814 -193.947103 2929.882295 93579.667560 0.887070 0.055236 -0.458319 -0.453990 -0.075557 -0.887798 0.083668 -0.995610 0.041948
-7.213702 -211.188686 1935.799339 104903.221940 0.916926 0.110503 -0.383452 -0.376664 -0.077698 -0.923086 0.131797 -0.990834 0.029621
-14.008602 -49.537640 4286.963601 18949.685214 0.951137 0.109354 -0.288758 -0.288156 -0.021614 -0.957340 0.110930 -0.993768 -0.010954
3.977694 -175.845496 -2679.663707 15889.269730 0.870663 -0.030760 -0.490918 -0.490563 -0.127308 -0.862056 0.035981 -0.991386 0.125932
-5.923246 -228.480720 -5165.214331 29110.488448 0.865704 -0.015028 -0.500330 -0.493792 -0.189404 -0.848702 0.082010 -0.981784 0.171389
12.057190 -578.205825 -4887.296270 184768.390607 0.917819 0.016738 -0.396645 -0.372551 -0.308878 -0.875100 0.137162 -0.950954 0.277259
23.588351 -35.139851 137.063865 -377.280619 0.542340 -0.086878 0.835655 0.317665 0.942006 -0.108230 -0.777789 0.324156 0.538486
19.045827 -26.428667 -1129.447633 597.407600 0.534263 -0.084095 0.841125 0.360931 0.922471 -0.137027 -0.764390 0.376797 0.523195
18.959159 -33.070787 3203.269993 2184.206568 0.628345 -0.079861 0.773824 0.312691 0.936752 -0.157229 -0.712325 0.340762 0.613575
25.411946 -40.325675 1400.579882 3112.465192 0.588166 -0.096749 0.802932 0.285006 0.953922 -0.093831 -0.756857 0.284029 0.588639
-2.751023 -43.096088 -6065.974184 838.832159 -0.383701 0.897424 -0.217723 -0.790935 -0.197679 0.579089 -0.476649 -0.394402 -0.785654
15.285040 -45.793488 -10475.878154 511.323503 -0.393955 0.887504 -0.239029 -0.814766 -0.216847 0.537711 -0.425388 -0.406587 -0.808537
16.583190 -41.940935 -9874.467137 2881.868120 -0.429157 0.873496 -0.229846 -0.729651 -0.185278 0.658242 -0.532386 -0.450196 -0.716860
11.606561 -33.417745 4633.706922 -6774.111815 0.951738 0.140303 -0.272966 -0.055173 -0.796691 -0.601863 0.301913 -0.587876 0.750500
0.326818 -49.991467 3142.205813 -13575.346364 0.938759 0.070293 -0.337327 -0.143996 -0.809359 -0.569388 0.313043 -0.583092 0.749672
5.673384 -68.338158 3032.953556 -20703.743809 0.929945 0.009663 -0.367571 -0.223994 -0.777872 -0.587148 0.291597 -0.628349 0.721214
18.326636 -41.010514 5719.314514 -12414.423092 0.955909 0.111259 -0.271770 -0.083997 -0.783195 -0.616077 0.281393 -0.611741 0.739318
2.817197 -136.726265 2751.671523 -39956.954524 0.923376 -0.016799 -0.383529 -0.287368 -0.692681 -0.661522 0.254550 -0.721048 0.644433
14.827695 -75.419285 4019.363257 -21888.863164 0.941241 0.021106 -0.337075 -0.206656 -0.753406 -0.624237 0.267130 -0.657217 0.704775
28.303653 -46.169749 -4236.075002 -354.077001 -0.222045 0.959588 0.172876 -0.695171 -0.031480 -0.718155 0.683691 0.279641 -0.674068
30.937649 -45.406781 -4077.982702 -219.988470 -0.260442 0.942195 0.210806 -0.689391 -0.028614 -0.723824 0.675951 0.333842 -0.656992
29.825248 -45.596902 -4562.095044 642.461024 -0.226853 0.956943 0.181103 -0.766342 -0.060630 -0.639565 0.601047 0.283874 -0.747100
25.776223 -45.174371 -88.896181 755.806412 -0.216845 0.962202 0.164759 -0.775656 -0.067347 -0.627553 0.592737 0.263878 -0.760941
22.727811 -46.660391 -1305.691271 170.558284 -0.200255 0.966422 0.161017 -0.710129 -0.029947 -0.703435 0.674993 0.255209 -0.692281
-3.911880 -65.348271 110.153472 1823.678679 0.453421 0.875997 0.164433 0.286435 0.031487 -0.957582 0.844017 -0.481288 0.236640
-3.119368 -64.017765 -626.995008 1948.172545 0.479615 0.866576 0.137899 0.243151 0.019748 -0.969787 0.843117 -0.498655 0.201238
-5.201408 -60.539400 304.297888 150.988459 0.453635 0.877584 0.155119 0.150937 0.095887 -0.983882 0.878313 -0.469737 0.088962
-1.497610 -69.934419 -652.760109 3090.517084 0.472609 0.868505 0.149464 0.376204 -0.045457 -0.925421 0.796939 -0.493591 0.348218
-3.993536 -61.140992 584.490475 638.999016 0.431988 0.885925 0.168886 0.169707 0.104066 -0.979985 0.885769 -0.452003 0.105392
-2.057678 -69.195553 42.825182 2180.090614 0.444213 0.877269 0.181863 0.432427 -0.032161 -0.901095 0.784654 -0.478921 0.393641
-2.860896 -65.210672 345.229706 1569.977361 0.429218 0.882543 0.192067 0.323234 0.048473 -0.945077 0.843381 -0.467726 0.264462
17.443657 -80.034938 6038.710774 1531.515881 -0.704296 0.706578 0.068660 0.394105 0.469602 -0.790035 0.590465 0.529359 0.609205
-4.404526 -83.328172 1803.424025 1111.527029 -0.653026 0.757038 0.021234 0.433574 0.396699 -0.809100 0.620943 0.519157 0.587287
11.074216 -78.247936 5017.685918 -123.445359 -0.694803 0.717083 0.055153 0.308378 0.366319 -0.877903 0.649733 0.592961 0.475652
-21.950285 -87.342907 2193.506352 8183.596412 0.060457 0.964992 0.255215 0.592910 -0.240406 0.768546 -0.802996 -0.104855 0.586688
-30.264304 -106.139446 1855.901897 9009.142723 -0.056127 0.973634 0.221102 0.462651 -0.170879 0.869916 -0.884762 -0.151119 0.440862
-26.868132 -86.323225 1169.593069 11686.771922 -0.042477 0.964452 0.260824 0.677092 -0.164178 0.717351 -0.734671 -0.207072 0.646049
18.191918 -47.288060 -7265.391287 -69.708895 -0.159574 0.983176 -0.088889 -0.956130 -0.176333 -0.233928 0.245666 -0.047661 -0.968182
17.945721 -48.939757 -7053.207188 103.094407 -0.162300 0.982972 -0.086164 -0.978558 -0.171562 -0.113975 0.126817 -0.065819 -0.989740
5.457487 -48.258175 -6527.980137 13.163311 -0.129147 0.984935 -0.114997 -0.965871 -0.151202 -0.210311 0.224530 -0.083911 -0.970848
4.921493 -48.177697 -6067.400411 136.445640 -0.135509 0.983558 -0.119379 -0.933220 -0.167177 -0.318046 0.332774 -0.068309 -0.940529
-5.396642 -39.703036 -1266.192457 626.883708 -0.232197 -0.944951 -0.230548 0.967654 -0.248455 0.043770 -0.098641 -0.212928 0.972076
-2.956421 -39.479022 -1674.710264 1341.448640 -0.242747 -0.945952 -0.215056 0.962675 -0.262255 0.066930 -0.119712 -0.190782 0.974306
-8.112660 -42.300689 79.165893 1353.655666 0.191958 0.950701 0.243558 0.955813 -0.237407 0.173377 -0.222652 -0.199515 0.954264
-8.333390 -42.632571 153.592582 778.279511 -0.207217 -0.940907 -0.267870 0.957493 -0.251225 0.141749 -0.200669 -0.227111 0.952971
-8.053427 -41.143339 -39.433189 -165.211373 -0.257938 -0.929801 -0.262560 0.963143 -0.268921 0.006137 -0.076315 -0.251300 0.964896
15.920907 -27.116253 1534.705312 366.060097 -0.486405 0.870957 0.069591 -0.848307 -0.489825 0.201114 -0.209250 -0.038788 -0.977093
14.256740 -29.734309 7081.001718 -314.356170 -0.447548 0.889179 0.095189 -0.862489 -0.457316 0.216736 -0.236249 -0.014901 -0.971578
21.534078 -29.500955 5944.956931 -1739.052907 -0.511576 0.855373 0.081408 -0.824023 -0.515249 0.235593 -0.243466 -0.053441 -0.968436
20.594560 -28.204049 -1405.455253 -1067.061924 -0.565782 0.822866 0.052740 -0.794784 -0.561269 0.230858 -0.219566 -0.088699 -0.971557
1.204191 -159.951551 -2814.249646 -16483.828998 0.989479 -0.143633 0.017364 -0.140211 -0.981587 -0.129720 -0.035677 -0.125920 0.991399
1.018654 -131.889040 -2232.480788 -7474.896528 0.992547 -0.120757 0.016386 -0.121109 -0.992383 0.022532 -0.013541 0.024349 0.999612
3.661758 -164.755688 -2305.103671 -143.110537 0.992566 -0.120732 0.015353 -0.121356 -0.991357 0.049847 -0.009202 0.051339 0.998639
3.541153 -167.428169 -641.708864 -15354.928209 0.987365 -0.158418 -0.003655 -0.156945 -0.974480 -0.160493 -0.021863 -0.159039 0.987030
5.483575 -193.499280 -1836.265689 -13855.541470 0.986265 -0.165070 0.005727 -0.162147 -0.974238 -0.156745 -0.031453 -0.153664 0.987622
6.531114 -193.636932 -350.258389 6790.744414 0.993109 -0.111962 -0.034637 -0.105686 -0.983292 0.148216 0.050653 0.143534 0.988348
-8.840481 -127.917212 1102.082512 -9886.543340 0.985847 -0.028882 -0.165141 -0.025394 0.947957 -0.317385 -0.165714 -0.317086 -0.933807
-9.641205 -134.875202 1109.315333 -13044.687226 0.981082 -0.037662 -0.189896 -0.019981 0.955957 -0.292826 -0.192561 -0.291081 -0.937119
-8.878776 -134.919411 -1742.965230 -9407.409303 -0.987227 0.008693 0.159080 -0.015716 0.988327 -0.151537 -0.158540 -0.152102 -0.975567
7.310642 -102.458086 6220.726646 -43.762889 0.987412 0.010368 -0.157828 -0.155549 0.244508 -0.957090 -0.028667 -0.969592 -0.243043
16.308150 -103.367176 4302.857176 -14495.298146 0.979980 -0.044077 -0.194158 -0.178588 0.236498 -0.955079 -0.088015 -0.970632 -0.223891
15.343778 -91.684246 9693.100752 -2566.031690 0.981628 0.019782 -0.189778 -0.190598 0.148182 -0.970420 -0.008925 -0.988762 -0.149230
-18.997827 -38.819323 -1675.294001 1359.196578 -0.434180 0.856439 -0.279285 -0.605085 -0.506947 -0.613903 0.667353 0.097553 -0.738325
-15.963006 -36.583016 -573.181618 2982.166123 -0.540359 0.712695 -0.447301 -0.436201 -0.691849 -0.575390 0.719542 0.115804 -0.684725
-16.536301 -35.229638 -1693.890996 -581.737225 -0.325296 0.922707 -0.206867 -0.679319 -0.380211 -0.627666 0.657805 0.063649 -0.750494
6.941440 -132.168969 -2083.565392 -2406.706529 0.949754 -0.223034 -0.219599 -0.089101 0.479914 -0.872779 -0.300048 -0.848492 -0.435927
9.089939 -125.662938 -823.710747 -8743.728150 0.953048 -0.208809 -0.219314 -0.151673 0.297689 -0.942537 -0.262098 -0.931547 -0.252041
9.333757 -135.900920 -1068.392541 -4516.750078 0.955994 -0.202751 -0.212054 -0.092191 0.478570 -0.873196 -0.278524 -0.854320 -0.438819
0.567437 -778.598954 7012.000063 -184240.960283 0.965457 0.260504 0.005461 -0.167085 0.635047 -0.754187 0.199937 -0.727223 -0.656637
30.147776 -753.201172 3914.545493 -121317.044282 0.969647 0.230423 -0.081786 -0.222101 0.690174 -0.688718 0.102250 -0.685978 -0.720402
49.432097 -946.222979 19778.236648 -333697.269487 0.964310 0.264749 -0.003743 -0.056566 0.192183 -0.979728 0.258663 -0.944973 -0.200300
91.260765 -1047.140595 -19546.887625 -417145.313168 0.941494 0.106095 -0.319896 -0.335808 0.214512 -0.917179 0.028687 -0.970942 -0.237589
34.543816 -432.710885 10004.089517 -146303.476400 0.973921 0.157372 -0.163436 -0.122501 -0.241590 -0.962615 0.190973 -0.957532 0.216011
350.851586 -2327.594232 -6138.922494 -2431538.896548 0.607915 0.547744 0.574818 -0.428859 -0.382754 0.818278 -0.668221 0.743960 -0.002223
-13.587527 -10072.408324 2954.589716 3309550.556859 0.891492 0.422362 0.163871 -0.088494 -0.192399 0.977318 -0.444310 0.885773 0.134146
8.998749 -10670.576113 -14936.259263 4399996.849320 0.917631 0.228982 0.324838 -0.280324 0.952300 0.120597 -0.281729 -0.201724 0.938049
133.085488 -1619.360881 -96016.017762 -592071.063286 0.856969 -0.293592 0.423566 0.051536 -0.768933 -0.637249 -0.512785 -0.567932 0.643821
-11.229304 -1069.397625 11586.236041 -396753.802193 0.981829 0.155904 0.108195 0.061017 0.280513 -0.957909 0.179692 -0.947104 -0.265903
-420.632178 -22603.451331 14966.691264 -6520883.127126 0.974522 0.168562 0.147965 0.136239 0.079189 -0.987506 0.178173 -0.982505 -0.054207
-27.363912 -37.501702 -939.856427 9717.095536 -0.198830 -0.356412 0.912928 -0.056324 0.934143 0.352428 -0.978414 0.018653 -0.205811
-27.041902 -44.219141 -887.732733 2810.750370 -0.196415 -0.248860 0.948414 -0.139414 0.964517 0.224213 -0.970559 -0.088184 -0.224140
-27.813565 -37.166676 -1023.919115 8134.802924 -0.117775 -0.468107 0.875788 -0.052230 0.883625 0.465273 -0.991666 0.009055 -0.128519
-3.356093 -8.996030 -14.091390 -72.245081 0.209352 -0.612005 -0.762641 -0.369843 0.672429 -0.641136 0.905201 0.416281 -0.085571
-3.224046 -10.142740 137.602578 531.664799 0.143789 -0.491515 -0.858916 -0.383780 0.772314 -0.506205 0.912161 0.402422 -0.077583
-3.303867 -10.830800 473.229592 -367.812717 -0.261080 0.692033 0.672999 -0.354056 0.579944 -0.733696 0.898043 0.429833 -0.093606
93.758938 -31.525269 -36158.123814 -1993.094459 -0.395218 -0.868250 -0.299909 0.916457 -0.394919 -0.064391 -0.062532 -0.300301 0.951792
41.242800 -35.853832 -12714.143481 -1101.619217 -0.440433 -0.865778 -0.237586 0.894266 -0.446475 -0.030794 -0.079416 -0.226028 0.970878
78.487065 -36.052099 -23094.012663 -3354.484658 -0.443645 -0.850378 -0.282907 0.895994 -0.427668 -0.119559 -0.019320 -0.306525 0.951667
27.238653 -154.546088 -3046.483352 34640.657815 -0.247318 0.967868 0.045445 0.838825 0.190396 0.510021 -0.484980 -0.164258 0.858961
23.293541 -111.763018 -1516.177851 21091.803118 -0.200595 0.976945 0.073076 0.928878 0.165957 0.331126 -0.311365 -0.134301 0.940752
22.172187 -125.878895 -1991.169983 20637.882797 -0.291830 0.952741 0.084376 0.824301 0.205778 0.527430 -0.485142 -0.223472 0.845398
23.274681 -162.653454 -1795.870481 27369.090575 -0.328255 0.944473 0.014835 0.685421 0.227355 0.691743 -0.649959 -0.237236 0.721992
28.238243 -179.036457 -2606.233503 34299.919740 -0.288044 0.957616 -0.001699 0.687251 0.207955 0.696017 -0.666871 -0.199316 0.718023
100.304659 29.103368 -105316.844627 135384.011548 0.861856 -0.400122 -0.311621 -0.241956 0.215612 -0.946028 -0.445715 -0.890738 -0.089014
182.854211 -893.923621 57491.243195 158407.579690 0.920173 0.167954 -0.353657 -0.357155 0.730140 -0.582525 -0.160382 -0.662335 -0.731841
23175.510900 -47627.657232 342079.760749 -40480706.497013 -0.526667 -0.098538 0.844341 -0.478414 0.855384 -0.198589 -0.702668 -0.508536 -0.497644
204.364021 -1148.563723 173569.534727 448585.345787 0.837488 0.266347 0.477151 0.474822 -0.786880 -0.394162 -0.270477 -0.556668 0.785470
-64.026220 -295.864396 -6348.837184 -18945.747892 0.918042 -0.068725 0.390481 0.329456 -0.415702 -0.847733 -0.220584 -0.906901 0.358990
24.275519 -97.916573 3463.396673 -4223.704254 0.705339 0.569223 0.422473 -0.702545 0.481890 0.523653 -0.094489 0.666159 -0.739800
13.109454 -108.608319 3850.836881 -164.846721 0.771206 0.484058 0.413436 -0.631671 0.662446 0.402687 0.078955 0.571710 -0.816648
3.848227 -134.843283 1224.145329 16251.199111 0.836678 0.391374 0.383140 -0.547602 0.610694 0.572001 0.010115 0.688388 -0.725272
-52.169926 -80.340476 556.721176 6266.201531 0.199703 -0.962093 0.185732 0.974495 0.214811 0.064925 -0.102361 0.168029 0.980453
-45.698199 -74.576189 1896.398381 4503.222651 -0.102242 -0.968361 0.227647 0.992210 -0.082900 0.092987 -0.071173 0.235380 0.969294
-40.702172 -68.467698 1300.928114 6306.403798 -0.325630 -0.899053 0.292692 0.945195 -0.317363 0.076728 0.023907 0.301636 0.953123
66.724962 -84.149425 -3462.835884 -7381.968493 -0.144364 0.988305 0.049109 0.123995 0.067306 -0.989998 0.981725 0.136830 0.132261
59.541324 -75.188386 -292.556233 -5964.579617 -0.002272 0.999825 0.018558 0.139184 0.018694 -0.990090 0.990264 -0.000334 0.139202
58.562317 -74.522689 -6332.013624 583.101988 -0.103496 0.985449 0.134830 0.242277 0.156452 -0.957509 0.964671 0.066432 0.254944
69.039529 -101.376848 -666.237801 -10929.476898 -0.115956 0.993233 -0.006488 -0.068793 -0.014548 -0.997525 0.990869 0.115223 -0.070015
-313.914580 -6768.305805 44098.957239 -2701797.189857 0.483100 0.860029 0.164209 0.029854 -0.203617 0.978595 -0.875056 0.467857 0.124043
81.124487 -53.838553 24785.924355 1593.670816 0.237522 -0.789151 -0.566414 0.896453 -0.046490 0.440694 -0.374107 -0.612438 0.696394
83.195112 -45.521440 5972.762064 -766.558310 0.162361 -0.904299 -0.394820 0.910686 -0.016705 0.412761 -0.379855 -0.426573 0.820820
76.151419 -41.977150 21582.559787 962.514757 -0.033197 0.991943 0.122256 0.918189 -0.018045 0.395732 -0.394749 -0.125392 0.910192
-0.443956 -112.733106 -2049.402747 -13398.294552 0.818137 -0.013477 0.574865 0.465981 -0.570220 -0.676543 -0.336917 -0.821381 0.460238
-2.867026 -143.319363 -2114.204194 -12565.373312 0.825293 -0.015130 0.564503 0.530645 -0.321143 -0.784400 -0.193154 -0.946910 0.257008
6.048013 -46.202517 185.856477 -278.953550 0.579942 0.803986 -0.131433 -0.018198 -0.148510 -0.988743 0.814455 -0.575805 0.071496
8.837842 -45.549618 917.739189 66.960455 0.586248 0.794380 -0.158975 -0.058296 -0.154359 -0.986293 0.808032 -0.587480 0.044183
43.560510 -91.403065 -11444.915094 -14374.721486 0.190484 0.909281 -0.370032 -0.464696 -0.248511 -0.849883 0.864739 -0.333842 -0.375201
27.128388 -109.592846 -8341.702835 -10192.715693 0.188242 0.916488 -0.353008 -0.629449 -0.163326 -0.759683 0.753896 -0.365205 -0.546138
11.774825 -110.579058 -1241.894613 -2409.682054 0.251106 0.932774 -0.258608 -0.676076 -0.022189 -0.736498 0.692724 -0.359777 -0.625055
-10.476363 -101.490847 315.111567 -4686.188427 -0.276567 0.958378 -0.070869 -0.942301 -0.284923 -0.175747 0.188624 -0.018174 -0.981881
-11.059331 -92.523840 428.882676 -4544.689272 -0.298684 0.953404 -0.042528 -0.887622 -0.293894 -0.354618 0.350593 0.068170 -0.934044
-11.583159 -93.532497 333.229199 -3052.885565 -0.263732 0.962495 -0.063638 -0.896132 -0.268891 -0.353052 0.356922 0.036083 -0.933437
15.698422 -107.621032 2713.717643 -4612.180283 -0.387250 0.908435 -0.157425 0.128548 0.222280 0.966471 -0.912969 -0.354030 0.202856
15.602421 -97.503987 2947.678046 -4553.756021 -0.376592 0.918904 -0.117447 -0.093751 0.088325 0.991670 -0.921623 -0.384466 -0.052886
12.202808 -104.730728 3368.674266 -6236.852727 -0.341150 0.929533 -0.139948 0.095754 0.182469 0.978538 -0.935119 -0.320427 0.151256
13.356859 -101.012752 -662.270869 -3682.070728 -0.458947 0.880930 -0.115456 -0.073349 0.091939 0.993059 -0.885431 -0.464230 -0.022421
8.938978 -112.720288 -3520.776661 -4772.865738 -0.513052 0.847709 -0.134789 0.116622 0.224416 0.967490 -0.850398 -0.480653 0.213998
68.047963 -128.092361 45266.759467 -8875.915349 0.501121 0.857105 0.119371 0.531639 -0.196077 -0.823962 0.682816 -0.476367 0.553929
92.034855 -142.761878 42399.168584 -5173.164381 0.488208 0.850502 0.195702 0.451339 -0.054125 -0.890710 0.746958 -0.523179 0.410289
121.513614 -140.266110 55317.274177 -19694.638858 0.577069 0.805281 0.136062 0.555345 -0.264763 -0.788348 0.598818 -0.530493 0.599996
28.563076 -122.475033 16615.735482 -423.781848 0.454082 0.864023 0.217424 0.516632 -0.056526 -0.854340 0.725879 -0.500269 0.472050
62.536042 -117.536098 43274.154859 -16417.096118 0.539600 0.837881 0.082392 0.600560 -0.314475 -0.735142 0.590051 -0.446164 0.672888
9.164382 -111.748702 19355.404814 -8796.974642 0.499184 0.852995 0.152366 0.611494 -0.222206 -0.759407 0.613914 -0.472255 0.632523
-8.634594 -110.131915 -29.271498 -7554.467643 0.842530 -0.218344 0.492412 -0.325755 0.521501 0.788619 0.428984 0.824841 -0.368254
-6.711577 -117.419252 -1.855480 -2256.612594 0.840919 -0.214534 0.496820 -0.428658 0.296304 0.853497 0.330314 0.930687 -0.157206
-7.696564 -195.992091 3065.401633 24584.941832 0.858944 0.213626 0.465381 0.316739 0.492460 -0.810654 0.402358 -0.843711 -0.355332
-10.314447 -178.844649 -1791.011139 14522.027353 0.887145 0.138080 0.440350 0.336072 0.460640 -0.821503 0.316276 -0.876781 -0.362249
-10.986053 -161.925785 -874.260413 17623.639435 0.874946 0.139432 0.463712 0.285662 0.624615 -0.726810 0.390982 -0.768384 -0.506674
-11.971833 -161.238175 -1391.198917 19814.762092 0.878346 0.121261 0.462389 0.281400 0.650768 -0.705205 0.386422 -0.749531 -0.537477
-12.098012 -192.476727 -1933.189149 15373.427813 0.898060 0.136092 0.418291 0.354413 0.339372 -0.871331 0.260537 -0.930755 -0.256544
-5.180509 -143.381480 -5841.888366 -502.171598 0.825118 -0.063364 0.561396 0.251099 -0.849019 -0.464883 -0.506093 -0.524549 0.684630
-2.402843 -322.352866 1994.221283 -46704.534178 0.875285 0.223884 0.428663 0.483051 -0.447252 -0.752747 -0.023192 -0.865934 0.499620
-1.086471 -233.097951 3243.274018 -31674.969752 0.899425 0.223938 0.375348 0.429451 -0.612480 -0.663656 -0.081275 -0.758103 0.647051
-9.711548 -112.453317 -755.284987 -7009.566189 0.869477 -0.070970 0.488848 -0.434941 0.359143 0.825737 0.234169 0.930580 -0.281399
44.661051 -1338.834938 -3422.522936 -504090.019438 0.492678 -0.261816 0.829892 -0.498744 0.696542 0.515833 -0.713108 -0.668043 0.212592
-7.443230 -955.013376 -5097.327015 -324143.249067 0.439534 -0.259583 0.859899 -0.046151 0.949540 0.310233 -0.897039 -0.176044 0.405375
58.798651 -1031.725159 -30347.241115 -380888.482744 0.497558 -0.287161 0.818520 -0.453652 0.718139 0.527708 -0.739348 -0.633888 0.227045
-62.381872 -1172.413551 -13660.453141 -437681.538877 0.445632 -0.172739 0.878393 -0.183500 0.942747 0.278489 -0.876208 -0.285288 0.388420
17.547774 -416.453043 9569.729156 164271.039584 -0.468463 0.180137 -0.864924 0.711109 -0.504073 -0.490136 -0.524277 -0.844666 0.108042
-14.701728 -512.303457 11706.851965 157314.458372 -0.425281 0.026999 -0.904658 0.752187 -0.545347 -0.369880 -0.503339 -0.837775 0.211617
112.100833 -2018.459230 -16866.483996 692249.647472 -0.564884 0.147611 -0.811860 0.746851 -0.326909 -0.579089 -0.350884 -0.933457 0.074422
12.931021 -59.562655 -5214.651546 -2399.814146 0.387537 -0.034917 0.921193 -0.053258 0.996765 0.060186 -0.920315 -0.072386 0.384423
-7.767689 -28.420468 -1910.420855 -388.961054 0.489842 -0.695231 0.526032 0.583842 0.709692 0.394291 -0.647444 0.113979 0.753542
-6.050534 -24.916542 -1487.480179 -24.637634 0.481732 -0.691552 0.538229 0.563957 0.714759 0.413609 -0.670736 0.104289 0.734328
-17.251277 -39.121447 -319.361370 292.466804 -0.408871 0.912485 0.014015 0.392942 0.189891 -0.899743 0.823663 0.362371 0.436195
-17.605947 -39.177208 -1722.979556 332.675249 -0.400734 0.909234 0.112719 0.401682 0.284932 -0.870325 0.823446 0.303492 0.479405
-15.476359 -38.388798 -1709.611432 174.542418 -0.402808 0.900624 0.163162 0.302492 0.299238 -0.904961 0.863854 0.315170 0.392967
-14.652697 -38.168811 -1493.159477 364.327132 -0.386219 0.905024 0.178232 0.390592 0.335508 -0.857247 0.835627 0.261469 0.483075
-16.698839 -38.559596 -1812.226084 439.267086 -0.370129 0.921123 0.120567 0.493961 0.305058 -0.814212 0.786770 0.241808 0.567910
9.109698 -38.664755 -3386.128388 -1216.095080 0.572028 0.710642 -0.409600 0.784211 -0.620198 0.019170 -0.240411 -0.332179 -0.912064
2.889058 -165.948917 -374.779552 1783.271556 -0.120580 0.988101 0.095487 0.019908 0.098577 -0.994930 0.992504 0.118068 0.031558
1.638368 -150.879437 -169.601497 3763.434272 -0.113191 0.989208 0.093037 0.017370 0.095594 -0.995269 0.993421 0.111039 0.028003
1.604817 -148.117568 -413.643813 2680.703704 -0.109594 0.986452 0.122069 0.219256 0.143775 -0.965016 0.969493 0.078996 0.232042
-29.626687 -235.881049 3112.949411 89469.165817 0.874227 -0.101998 -0.474682 -0.484157 -0.110019 -0.868037 -0.036314 -0.988682 0.145564
-37.911966 -774.605495 575.971540 271540.570546 0.918376 -0.068285 -0.389772 -0.393859 -0.252845 -0.883711 0.038208 -0.965094 0.259101
-21.034675 -877.218545 8400.952722 369378.292258 0.872445 -0.190159 -0.450198 -0.484656 -0.218230 -0.847044 -0.062827 -0.957191 0.282556
-30.116477 -131.999181 -2450.909832 46959.437893 0.954898 -0.138514 -0.262648 -0.284737 -0.176232 -0.942267 -0.084230 -0.974554 0.207724
-8.647340 -607.490032 -3686.591909 184474.029803 0.864416 0.013216 -0.502604 -0.457173 -0.395351 -0.796675 0.209233 -0.918435 0.335705
-53.192269 -852.251181 -10576.179916 263124.086900 0.854013 -0.014218 -0.520057 -0.493423 -0.338994 -0.801010 0.164907 -0.940681 0.296521
-32.881336 -229.319193 -7392.911814 9717.894138 0.919069 -0.013644 -0.393859 -0.392096 -0.132211 -0.910374 0.039651 -0.991128 0.126861
18.248718 -16.978867 -3341.038693 8602.039635 0.507838 -0.053072 0.859816 0.455780 0.863511 -0.215900 -0.731003 0.501529 0.462713
20.464068 -20.448403 1102.229894 6230.010172 0.595599 -0.076869 0.799596 0.407460 0.886758 -0.218257 -0.692271 0.455797 0.559473
-31.805849 -54.009204 -2512.574148 2238.717537 -0.147294 0.988614 0.030766 -0.987977 -0.148533 0.042884 -0.046966 0.024080 -0.998606
-32.466154 -55.982993 -418.624911 3089.901514 -0.152239 0.988301 0.009197 -0.983475 -0.150560 -0.100544 0.097983 0.024352 -0.994890
-32.968842 -55.483509 1597.084822 82.123028 -0.216757 0.976215 -0.004491 0.976215 0.216731 -0.005726 -0.004616 -0.005625 -0.999974
23.891083 -37.883710 -14465.090637 3512.236329 -0.483774 0.851441 -0.202510 -0.639636 -0.186041 0.745824 -0.597350 -0.490343 -0.634615
30.488519 -33.404820 -6914.491388 1601.127776 -0.445416 0.888887 -0.107170 -0.591781 -0.202465 0.780259 -0.671863 -0.410960 -0.616207
16.367839 -30.091992 -14362.143244 2815.625610 -0.536350 0.833485 -0.132784 -0.547433 -0.223812 0.806365 -0.642375 -0.505184 -0.576319
5.530952 -32.845823 4264.585207 -331.044413 0.948178 0.229851 -0.219379 0.058653 -0.805185 -0.590116 0.312279 -0.546668 0.776940
-3.304941 -40.461630 3340.111289 -709.461050 0.951448 0.195775 -0.237525 0.029057 -0.825344 -0.563881 0.306434 -0.529602 0.790961
32.222016 -45.589006 -4662.580823 223.456496 -0.258219 0.938939 0.227411 -0.760416 -0.052341 -0.647323 0.595894 0.340079 -0.727500
-4.464097 -59.062757 -617.504535 52.556873 0.483234 0.864885 0.135861 0.117718 0.089585 -0.988998 0.867541 -0.493911 0.058522
0.007504 -62.029615 -1615.255913 2372.909763 0.502251 0.857577 0.110928 0.191430 0.014830 -0.981394 0.843266 -0.514141 0.156718
