11486
22961
-38.780619 -58.213863 2323.851407 8262.875159 -0.092755 -0.985380 0.142907 0.995439 -0.088556 0.035482 -0.022308 0.145546 0.989100
-46.461823 -68.114978 426.826207 6990.032804 -0.163218 -0.964510 0.207560 0.975528 -0.126360 0.179938 -0.147324 0.231850 0.961531
-37.289448 -80.167109 -3606.078181 10695.914325 -0.130985 0.976219 -0.172743 0.975314 0.158136 0.154130 -0.177781 0.148290 0.972833
-37.313281 -53.171023 -309.502898 4306.076885 -0.672419 -0.719859 0.172209 0.740106 -0.650848 0.169231 -0.009741 0.241247 0.970415
-27.638672 -70.608823 4825.157770 13263.866903 0.046321 -0.996264 0.072881 0.998850 0.047099 0.008985 -0.012384 0.072381 0.997300
-26.171339 -44.011180 -4088.784916 5608.817176 0.276141 0.958651 -0.068802 0.959046 -0.279536 -0.045721 0.063063 0.053358 0.996582
-31.025766 -42.398612 -939.294255 3150.439876 0.715745 0.685037 -0.135770 0.696155 -0.715312 0.060799 0.055468 0.138033 0.988873
-63.994303 -84.070409 401.532110 2252.179346 0.712414 0.056065 0.699516 -0.154687 0.984831 0.078606 -0.684499 -0.164206 0.710280
-61.032244 -77.750815 2741.371246 4443.623855 0.747142 0.253140 0.614573 -0.185098 0.967301 -0.173402 -0.638371 0.015800 0.769566
-61.804960 -81.562098 -1309.299898 4879.410521 0.632614 -0.004826 0.774453 -0.029121 0.999125 0.030014 -0.773920 -0.041541 0.631920
-62.515639 -82.265465 2930.557661 1017.028300 0.805379 0.145851 0.574536 -0.230546 0.970015 0.076931 -0.546088 -0.194415 0.814856
0.398171 -47.319393 2061.920396 -1383.704807 0.286030 0.927624 0.240208 0.593013 0.025546 -0.804788 0.752677 -0.372640 0.542786
0.813469 -49.146621 1097.115542 -550.694787 0.272581 0.921809 0.275624 0.534107 0.093302 -0.840253 0.800268 -0.376249 0.466912
3.820290 -49.103786 133.451635 -918.564882 0.258364 0.906661 0.333489 0.636035 0.100185 -0.765129 0.727123 -0.409792 0.550784
4.827526 -46.476484 2834.698289 -1984.727363 0.286518 0.927676 0.239426 0.676331 -0.018841 -0.736357 0.678590 -0.372910 0.632815
-15.688960 -65.902035 -78.813335 -760.777533 0.230870 0.962495 -0.142489 0.574398 -0.016621 0.818408 -0.785345 0.270791 0.556692
-14.564494 -65.979541 -616.337671 -1039.843974 0.228979 0.965850 -0.121250 0.681626 -0.070164 0.728329 -0.694950 0.249419 0.674415
-15.915756 -65.945418 -592.006897 -1232.975830 0.252529 0.956520 -0.145943 0.594162 -0.034251 0.803616 -0.763676 0.289650 0.576977
-15.126760 -61.461302 -401.187191 -1834.613657 0.236826 0.957589 -0.164125 0.439655 0.045014 0.897038 -0.866382 0.284601 0.410348
-17.356631 -61.464020 -1604.229439 -2093.935453 0.239272 0.954789 -0.176430 0.441309 0.054913 0.895673 -0.864867 0.292170 0.408218
1.976294 -53.702253 529.680533 1202.737386 0.153500 0.971197 -0.182249 -0.782238 0.232121 0.578120 -0.603772 -0.053820 -0.795338
0.244055 -54.184380 749.301986 156.954994 0.127737 0.979059 -0.158516 -0.713008 0.201746 0.671505 -0.689422 -0.027247 -0.723847
1.237281 -52.198600 -54.800458 -67.945207 0.141638 0.971187 -0.191664 -0.712653 0.234420 0.661191 -0.687070 -0.042941 -0.725322
0.838307 -56.998380 501.664324 1300.352722 0.137461 0.975038 -0.174369 -0.793421 0.213774 0.569898 -0.592948 -0.060009 -0.803002
-7.761097 -73.069210 764.222962 -5500.492214 0.118276 0.990184 0.074477 0.933665 -0.085363 -0.347825 0.338053 -0.110676 0.934597
-6.335822 -65.139389 1604.089496 -2914.967954 0.165903 0.985766 0.027242 0.942932 -0.150485 -0.297043 0.288715 -0.074968 0.954476
-10.140223 -62.478135 2.504803 -2350.599187 0.139940 0.986685 0.082883 0.974433 -0.122374 -0.188430 0.175778 -0.107133 0.978583
-10.625950 -61.448878 -72.603658 -4290.494018 0.106769 0.987192 0.118544 0.984499 -0.088279 -0.151554 0.139148 -0.132887 0.981315
1.175946 -139.690791 344.032259 -13993.941721 0.034634 0.942845 0.331426 0.693491 -0.261464 0.671347 -0.719632 -0.206590 0.662910
0.591783 -159.148251 -133.179808 -10668.272857 0.065369 0.933948 0.351379 0.856109 -0.233397 0.461090 -0.512645 -0.270677 0.814818
1.195111 -143.585876 512.928277 -6789.769685 0.044665 0.938632 0.342017 0.865297 -0.207447 0.456319 -0.499266 -0.275565 0.821461
1.625108 -139.946488 355.368521 -10160.310429 0.029315 0.941592 0.335477 0.798464 -0.223964 0.558834 -0.601328 -0.251484 0.758393
-20.790829 -32.309262 2021.957865 -2795.909106 0.946838 -0.168616 -0.273984 -0.240416 -0.936757 -0.254334 0.213772 -0.306683 0.927495
-27.744689 -38.500637 2255.761683 1605.860894 0.948556 0.308591 -0.070803 0.272380 -0.909382 -0.314378 0.161401 -0.278919 0.946654
-23.729709 -39.688877 3474.650142 -2063.615077 0.918063 -0.289383 -0.270956 -0.367870 -0.876610 -0.310204 0.147755 -0.384463 0.911239
-15.832980 -35.020547 2151.686750 -2082.605964 0.836786 -0.413331 -0.359092 -0.511346 -0.824406 -0.242651 0.195743 -0.386667 0.901207
23.442271 -45.534147 -11608.021134 -3753.889877 0.464599 0.211210 0.859964 0.523154 0.718075 -0.458998 -0.714463 0.663143 0.223121
63.437588 -42.328304 -18210.081741 -5051.930364 0.406672 0.038532 0.912761 0.665188 0.672356 -0.324751 -0.626214 0.739225 0.247797
36.230432 -32.052280 -7817.824111 -1108.433445 0.524434 0.087300 0.846964 0.548702 0.725981 -0.414582 -0.651072 0.682152 0.332827
66.191927 -26.137649 -10895.028645 -1361.870171 0.450029 -0.148284 0.880617 0.699952 0.670953 -0.244723 -0.554564 0.726522 0.405740
16.083255 -41.079503 -6581.503353 -530.320957 0.585522 0.316307 0.746401 0.346793 0.734497 -0.583308 -0.732734 0.600386 0.320371
22.786262 -30.994783 -1742.560783 489.261808 0.644471 0.212149 0.734609 0.360253 0.763178 -0.536449 -0.674444 0.610370 0.415419
34.059172 -20.827017 -2518.733244 260.521461 0.561531 -0.073504 0.824185 0.577144 0.748551 -0.326460 -0.592948 0.658991 0.462757
6.203235 -102.129228 262.106720 -9610.644183 0.528472 0.226703 0.818122 -0.206699 0.969045 -0.135006 -0.823403 -0.097758 0.558972
5.934745 -80.681033 -821.365620 -7990.825191 0.511583 0.244148 0.823817 -0.408325 0.912680 -0.016917 -0.756012 -0.327731 0.566603
5.213083 -94.168010 -168.104393 -10138.098463 0.510146 0.239857 0.825966 -0.276277 0.955134 -0.106728 -0.814507 -0.173749 0.553524
5.814945 -112.634381 128.693176 -9737.425936 0.511381 0.222083 0.830162 -0.059050 0.972828 -0.223874 -0.857323 0.065464 0.510600
6.715208 -114.954541 -129.998487 -4668.908356 0.510138 0.208626 0.834407 0.061856 0.958725 -0.277526 -0.857866 0.193189 0.476177
2.897091 -38.582850 394.834250 -138.396072 0.342574 0.933725 -0.103922 0.886523 -0.284660 0.364755 -0.310998 0.217084 0.925286
0.602763 -41.036457 721.265645 -2562.977800 0.274654 0.953532 -0.123861 0.930894 -0.231420 0.282633 -0.240836 0.192928 0.951198
8.643685 -42.863009 945.922132 292.799296 0.222355 0.969830 -0.099943 0.925875 -0.177929 0.333313 -0.305474 0.166649 0.937504
-11.956832 -225.898517 2113.407501 -12345.126164 0.524644 0.249683 0.813884 0.800513 0.180646 -0.571443 -0.289704 0.951328 -0.105099
-9.660727 -236.984983 897.126974 13030.682598 0.524809 0.244972 0.815208 0.848974 -0.220156 -0.480390 0.061791 0.944204 -0.323515
-12.751166 -243.305753 1013.035635 5533.313938 0.518315 0.286703 0.805699 0.855099 -0.160042 -0.493145 -0.012440 0.944557 -0.328111
-13.663260 -280.274759 735.086292 26264.835075 0.514398 0.308809 0.800020 0.841231 -0.362854 -0.400834 0.166510 0.879189 -0.446431
-12.244888 -287.667274 1117.362598 -44564.080806 0.508184 0.304288 0.805703 0.809721 0.149925 -0.567340 -0.293429 0.940708 -0.170199
0.643968 -1014.215639 12982.835192 285683.370215 -0.020548 -0.285376 0.958195 0.807284 0.560652 0.184289 -0.589805 0.777322 0.218860
-40.992818 -424.705427 -1041.041592 118028.448475 -0.018789 -0.273645 0.961647 0.881173 0.449930 0.145248 -0.472420 0.850107 0.232675
345.852885 -44226.851453 -208078.455065 14964405.534448 0.136278 0.152546 0.978855 0.599906 0.773605 -0.204079 -0.788379 0.615033 0.013912
-47.135340 -694.664310 -11762.802496 200411.104155 0.032019 -0.071731 0.996910 0.810376 0.585689 0.016114 -0.585035 0.807356 0.076882
-7.062616 -1474.530225 3400.492816 538193.352589 0.035850 -0.033593 0.998792 0.098407 0.994696 0.029923 -0.994500 0.097216 0.038966
-16.026931 -39.192317 -1226.874713 -40.982521 -0.564886 0.697827 0.440388 0.033235 0.552502 -0.832849 0.824499 0.455829 0.335293
-16.501871 -39.240312 -1127.712049 -373.818216 -0.565820 0.719850 0.402074 0.145604 0.567211 -0.810599 0.811571 0.400110 0.425752
-13.809493 -38.235482 -392.222685 -24.715843 -0.538520 0.709464 0.454595 0.049012 0.564967 -0.823656 0.841186 0.421275 0.339018
-13.462595 -36.943118 -844.624832 778.775714 -0.548304 0.695760 0.463983 -0.062241 0.519329 -0.852305 0.833959 0.496201 0.241446
25.197159 -373.981639 -1147.515700 -85313.163185 0.123935 0.966849 0.223257 0.238387 -0.247413 0.939127 -0.963230 0.063169 0.261147
16.272143 -241.802835 -1189.276098 -38655.390016 0.093185 0.980203 0.174698 -0.098072 -0.165572 0.981309 -0.990807 0.108576 -0.080701
17.226555 -701.094255 -4457.208043 -204984.237861 0.130249 0.957678 0.256688 -0.056714 -0.251273 0.966253 -0.989858 0.140411 -0.021586
31.129348 -356.530794 -3860.648203 -58828.865056 0.183865 0.972752 0.141232 0.384608 -0.203422 0.900387 -0.904583 0.111230 0.411530
-147.875353 -664.157368 43612.815302 -209300.059891 0.029420 0.967520 0.251076 -0.726450 0.193231 -0.659494 0.686590 0.162992 -0.708540
1.528278 -2828.289552 18353.015536 -980230.130062 -0.019654 0.955122 0.295560 -0.682844 0.203107 -0.701763 0.730300 0.215613 -0.648208
-93.972951 -610.400737 32311.960547 -182070.647880 -0.089742 0.960482 0.263479 -0.381861 0.211148 -0.899777 0.919853 0.181360 -0.347821
-86.174949 -381.296988 31975.236462 629.532943 -0.038589 0.970041 0.239857 0.970723 -0.020559 0.239319 0.237081 0.242070 -0.940848
-90.061240 -101.512113 -16519.977560 16978.329514 -0.591446 0.428854 0.682844 -0.244019 0.711937 -0.658483 -0.768535 -0.556084 -0.316424
-87.160295 -100.873235 -17182.783279 11909.086842 -0.148451 -0.404785 0.902281 -0.377276 0.866566 0.326689 -0.914125 -0.291911 -0.281358
-62.710399 -69.741779 -6510.112916 -9273.328169 -0.120532 -0.520318 0.845423 -0.602598 0.715128 0.354215 -0.788890 -0.466756 -0.399739
-51.844797 -98.119374 27092.636930 15632.373637 0.794117 -0.426402 -0.433081 -0.146944 0.556734 -0.817591 -0.589733 -0.712901 -0.379455
-46.543510 -58.076153 2177.606657 -13783.589905 -0.057851 0.762281 -0.644656 -0.716416 0.418016 0.558579 -0.695271 -0.494156 -0.521928
-46.377738 -62.125850 21901.852077 5232.429554 0.783036 -0.412173 -0.465799 -0.100085 0.655643 -0.748409 -0.613871 -0.632650 -0.472140
56.603681 -65.570918 -1251.736696 -2204.936066 -0.564622 0.751601 0.341026 -0.224454 -0.537446 0.812879 -0.794243 -0.382424 -0.472153
34.310669 -57.643014 -18952.110223 -2653.196803 -0.761176 0.609244 0.222337 -0.244928 -0.587479 0.771284 -0.600518 -0.532627 -0.596395
51.810824 -59.141362 -3320.977063 1264.563262 -0.566326 0.773695 0.284025 -0.348850 -0.537247 0.767899 -0.746712 -0.335800 -0.574160
-50.652192 -67.082892 -1611.724649 418.442089 -0.434707 -0.436277 0.787840 -0.215603 0.899799 0.379312 -0.874383 -0.004971 -0.485211
-50.302539 -67.662605 -1560.539522 -253.516964 -0.496586 -0.032170 0.867391 -0.200698 0.976488 -0.078684 -0.844466 -0.213157 -0.491367
-54.844612 -72.492248 -490.551080 -471.175492 -0.340390 -0.259564 0.903748 -0.210938 0.957726 0.195618 -0.916319 -0.124049 -0.380752
-51.393368 -71.209283 -2162.729502 622.563367 -0.320144 -0.604583 0.729374 -0.126288 0.790258 0.599619 -0.938914 0.099853 -0.329348
-55.943253 -76.689433 -1242.023842 1107.615048 -0.218196 -0.415001 0.883269 -0.102824 0.909816 0.402073 -0.970473 -0.003090 -0.241191
-5.521686 -20.092564 1056.095961 -1115.404630 -0.185129 0.885721 0.425706 -0.211450 -0.458950 0.862933 -0.959696 -0.069739 -0.272251
-1.629452 -20.349712 1877.244527 -1442.443088 -0.160339 0.896084 0.413913 -0.218865 -0.441176 0.870323 -0.962491 -0.048956 -0.266859
-3.219370 -17.926045 1658.391653 -575.350913 -0.169716 0.883406 0.436795 -0.260664 -0.467679 0.844589 -0.950395 -0.029483 -0.309645
-0.039521 -65.755286 -560.303318 1224.907464 -0.457844 0.846319 0.272257 0.390357 0.466512 -0.793718 0.798749 0.257122 0.543956
1.810464 -67.078085 -317.793378 -283.367588 -0.473054 0.830336 0.294555 0.499088 0.528067 -0.687063 0.726038 0.178009 0.664215
2.180651 -69.240664 -575.478085 -347.264655 -0.460445 0.847454 0.264220 0.516768 0.497913 -0.696443 0.721762 0.184133 0.667199
4.465590 -72.389140 -458.439283 -1229.679442 -0.466822 0.849695 0.245146 0.589364 0.505588 -0.630104 0.659339 0.149666 0.736799
3.403369 -71.663835 -607.535170 27.421668 -0.449565 0.865146 0.222290 0.477688 0.443136 -0.758581 0.754788 0.234846 0.612489
0.461395 -67.564200 -525.779519 1722.330496 -0.448886 0.863556 0.229723 0.377388 0.416233 -0.827242 0.809988 0.284642 0.512736
-0.659840 -86.660514 431.831008 7732.381704 -0.631222 0.750766 0.194704 0.270729 -0.021970 0.962405 -0.726818 -0.660203 0.189386
0.635878 -104.711576 -276.797197 10768.376642 -0.641952 0.745043 0.181134 0.150405 -0.109286 0.982565 -0.751849 -0.658003 0.041902
0.782906 -91.390799 -1124.659144 9268.207743 -0.652632 0.730397 0.201475 0.276570 -0.017914 0.960827 -0.705394 -0.682788 0.190314
-0.176495 -75.435673 268.986328 -3870.965045 0.623421 -0.742865 -0.243920 -0.423695 -0.058775 -0.903896 -0.657136 -0.666856 0.351390
1.107109 -91.957543 966.167893 -7761.737414 0.640775 -0.729113 -0.240419 -0.366588 -0.015428 -0.930256 -0.674552 -0.684219 0.277170
7.292731 -144.845787 1034.234679 4692.259808 0.530910 -0.783803 -0.322159 0.708073 0.201436 0.676799 -0.465583 -0.587432 0.661934
8.795766 -146.799970 1246.268067 -2066.302954 0.475778 -0.794466 -0.377437 0.843780 0.291105 0.450880 -0.248335 -0.532993 0.808856
6.326016 -146.890433 1451.356574 -8369.577945 0.507341 -0.767032 -0.392769 0.824032 0.298455 0.481556 -0.252145 -0.567967 0.783477
5.993200 -132.345880 1892.064300 834.363435 0.548186 -0.760004 -0.349121 0.699520 0.187833 0.689486 -0.458435 -0.622184 0.634605
-2.251628 -109.535699 475.505220 -9092.431199 -0.624616 0.706644 -0.332431 -0.734289 -0.676352 -0.058031 0.265847 -0.207854 -0.941341
-2.409324 -133.669312 485.969337 12112.863826 -0.605707 0.724225 -0.329571 0.793170 0.582485 -0.177742 0.063245 -0.369066 -0.927249
-0.474591 -124.396171 103.734906 14045.445414 -0.601779 0.722608 -0.340147 0.770503 0.637371 -0.009124 0.210207 -0.267575 -0.940328
-1.251768 -113.286611 260.326511 -7263.109608 -0.589543 0.741496 -0.320346 -0.765533 -0.639438 -0.071255 0.257677 -0.203228 -0.944617
0.711667 -101.154262 -67.346506 -6865.512279 -0.613979 0.712747 -0.339148 -0.692569 -0.692577 -0.201706 0.378652 -0.111040 -0.918854
-0.338914 -97.672543 222.173540 -6800.563391 -0.617492 0.708073 -0.342545 -0.697125 -0.694347 -0.178602 0.364308 -0.128511 -0.922369
2.321908 -79.055207 194.069684 -2968.324978 0.665092 -0.702647 -0.252863 -0.439728 -0.094820 -0.893112 -0.603566 -0.705193 0.372037
3.325814 -78.682053 980.422028 -1588.953530 0.689388 -0.688500 -0.225191 -0.337503 -0.030214 -0.940840 -0.640965 -0.724606 0.253200
2.917857 -84.454123 -322.495261 -1144.457717 0.671228 -0.707968 -0.219622 -0.280703 0.031447 -0.959280 -0.686046 -0.705544 0.177620
-1.539405 -92.400638 1069.524506 -560.385670 -0.550847 0.802382 0.229675 0.664399 0.588127 -0.461173 0.505115 0.101440 0.857070
2.268329 -86.040540 959.101010 -1934.538183 -0.523170 0.826110 0.209368 0.630376 0.540445 -0.557266 0.573515 0.159564 0.803505
2.335391 -86.666128 1290.087834 -164.457382 -0.557903 0.798787 0.225129 0.692114 0.597517 -0.404910 0.457955 0.070086 0.886208
-0.415805 -88.517464 1320.327922 -54.817829 -0.588253 0.774132 0.233831 0.724528 0.632961 -0.272799 0.359189 -0.008942 0.933222
12.936525 -152.128695 1291.230959 -5982.223530 -0.553256 0.769567 -0.318864 0.761367 0.311853 -0.568390 -0.337976 -0.557238 -0.758458
8.570718 -156.134619 991.814295 -455.203948 -0.547026 0.783822 -0.293915 0.770477 0.334147 -0.542873 -0.327305 -0.523420 -0.786704
9.188511 -159.479955 1443.684581 1242.680880 -0.541727 0.784197 -0.302601 0.648957 0.161402 -0.743508 -0.534217 -0.599153 -0.596346
12.279174 -151.740474 1609.702170 -987.976650 -0.542862 0.769647 -0.336073 0.665816 0.150527 -0.730774 -0.511849 -0.620472 -0.594159
-0.566047 -31.585642 -1614.779520 -1666.179353 -0.428123 0.683398 0.591335 0.104517 0.687386 -0.718733 -0.897657 -0.245901 -0.365712
-3.463383 -29.991817 -724.412514 -427.043927 -0.420195 0.629741 0.653347 0.115698 0.751298 -0.649742 -0.900028 -0.197427 -0.388552
-3.620845 -33.230423 -865.622932 496.611080 -0.400606 0.722739 0.563173 -0.244698 -0.676716 0.694390 -0.882971 -0.140369 -0.447949
-1.170788 -35.419251 -1594.390669 934.258855 -0.411486 0.743186 0.527592 -0.247122 -0.648163 0.720288 -0.877274 -0.166009 -0.450368
2.556379 -33.785866 -2805.679512 2028.205803 -0.433073 0.738540 0.516726 -0.164939 -0.628528 0.760097 -0.886139 -0.243949 -0.394013
4.964103 -31.414957 -1182.841835 1729.011018 -0.411887 0.732298 0.542299 -0.086122 -0.623745 0.776869 -0.907156 -0.273279 -0.319979
-92.817802 -8948.846234 180611.709205 7921810.236053 0.780384 -0.583368 0.225128 0.518108 0.804819 0.289535 -0.350092 -0.109308 0.930316
-822.629603 -13931.028850 198703.761387 2855808.281696 0.781559 -0.610393 0.128789 0.559001 0.776892 0.289753 -0.276918 -0.154465 0.948397
-329.840660 -54957.259529 -924329.915071 -4331755.069070 0.814026 -0.580007 -0.030877 0.114283 0.212060 -0.970551 -0.569474 -0.786525 -0.238907
41.846435 -9.070335 -268.462529 -6938.563843 -0.448153 0.879207 0.161723 -0.160958 0.098591 -0.982025 0.879347 0.466128 -0.097332
33.792660 -0.924035 6117.669992 -5767.648631 -0.645392 0.743322 0.175904 -0.159084 0.094436 -0.982738 0.747102 0.662235 -0.057302
34.847441 -17.022055 4290.904225 -3821.857061 -0.583332 0.787610 0.198481 -0.228173 0.075623 -0.970679 0.779526 0.611516 -0.135598
38.260870 -29.423050 -464.948104 -4061.425123 -0.406729 0.887763 0.215517 -0.285379 0.100636 -0.953117 0.867831 0.449164 -0.212417
-13.083866 -34.803377 -1033.168372 437.015039 -0.585749 0.778327 0.226064 0.719725 0.371253 0.586657 0.372685 0.506338 -0.777643
-13.260773 -35.078571 235.083273 1114.677362 0.655264 -0.730404 -0.192714 0.621205 0.375872 0.687623 0.429807 0.570289 -0.700026
-12.682780 -33.196102 -1253.328943 644.588667 -0.617377 0.768215 0.169388 0.644295 0.370236 0.669186 0.451365 0.522275 -0.723532
11.454545 -328.791328 -5409.853750 -2600.501383 -0.406796 0.881285 0.240528 0.213614 0.347766 -0.912923 0.888193 0.319993 0.329725
6.270426 -265.745165 -4293.839398 12728.152288 -0.397223 0.892460 0.213844 -0.027338 0.221405 -0.974799 0.917315 0.393058 0.063549
2.752398 -297.193020 -1732.093976 -14361.834698 -0.427390 0.869336 0.248179 0.358165 0.414867 -0.836423 0.830094 0.268589 0.488675
14.036948 -314.448616 -5987.686986 -40318.178023 -0.387191 0.882069 0.268398 0.571121 0.457984 -0.681229 0.723813 0.110478 0.681095
6.155122 -178.955225 2130.830423 -33543.816297 0.259782 0.923868 0.281036 -0.548035 -0.098571 0.830627 -0.795091 0.369800 -0.480705
1.692163 -112.139839 1100.311894 2399.977144 0.201062 0.888379 0.412743 -0.689606 -0.170882 0.703735 -0.695714 0.426124 -0.578273
0.418787 -117.795052 553.920527 -15253.200392 0.249284 0.923121 0.292754 -0.523772 -0.125753 0.842526 -0.814568 0.363364 -0.452156
8.556241 -125.924674 1511.390361 -6235.773071 0.175957 0.900888 0.396787 -0.732707 -0.149326 0.663960 -0.657404 0.407557 -0.633812
18.254170 -222.136511 4871.251456 -40211.653687 0.216435 0.921242 0.323218 -0.624718 -0.123731 0.770985 -0.750256 0.368788 -0.548736
15.494610 -317.353812 4820.633010 -72138.389667 0.282736 0.930980 0.230948 -0.287404 -0.147486 0.946386 -0.915128 0.333953 -0.225868
-47.860160 -82.283894 -1774.057073 5883.808014 -0.060382 0.964732 -0.256215 0.938863 0.142055 0.313618 -0.338954 0.221614 0.914329
-52.910521 -72.989668 -180.632106 3929.264025 -0.254245 -0.936349 0.242095 0.923200 -0.160373 0.349260 -0.288204 0.312300 0.905211
-43.386894 -64.390755 -256.996453 5577.202678 -0.583420 -0.785827 0.205174 0.804311 -0.523974 0.280239 -0.112714 0.328521 0.937747
9.908019 -71.898135 -744.518156 7475.272570 0.652767 0.644307 0.398452 -0.371512 0.730643 -0.572834 -0.660207 0.225898 0.716308
10.144502 -52.706174 1650.091682 4876.884281 0.708603 0.586611 0.392135 -0.273544 0.740658 -0.613677 -0.650428 0.327587 0.685296
10.428848 -67.140582 1463.556702 7011.142024 0.690321 0.641860 0.333874 -0.419846 0.731209 -0.537645 -0.589225 0.230972 0.774252
10.890341 -55.144543 -1108.328663 4199.614491 0.672284 0.580661 0.459203 -0.216244 0.747277 -0.628344 -0.708006 0.323125 0.627947
11.898491 -80.201648 -399.691073 8201.963111 0.645585 0.669581 0.367262 -0.484879 0.730921 -0.480257 -0.590010 0.131969 0.796538
10.224551 -87.107396 -1744.777011 7234.058908 0.618053 0.667214 0.415736 -0.495776 0.741223 -0.452543 -0.610095 0.073583 0.788904
7.019860 -75.654201 -3045.318094 7504.597479 0.615398 0.640735 0.459068 -0.338907 0.740921 -0.579808 -0.711637 0.201231 0.673111
0.137893 -49.800511 -802.716605 -562.072971 0.264416 0.908618 0.323260 0.530211 0.143027 -0.835715 0.805581 -0.392372 0.443941
-4.156102 -50.023283 133.798158 -314.598228 0.269479 0.919236 0.287030 0.433050 0.150547 -0.888709 0.860145 -0.363786 0.357506
-12.984786 -62.491358 -649.929827 2988.323198 0.223278 0.970706 -0.088755 0.819814 -0.137750 0.555815 -0.527307 0.196863 0.826554
-11.783345 -65.728977 -1138.362884 -1450.977246 0.200913 0.976400 -0.079233 0.720707 -0.092548 0.687035 -0.663488 0.195138 0.722292
-11.465692 -60.738234 -615.362481 3401.601632 0.231823 0.971261 -0.053942 0.890759 -0.189671 0.413006 -0.390906 0.143793 0.909129
-14.084658 -58.982466 -334.508054 5815.129644 0.241549 0.966260 -0.089422 0.884434 -0.181299 0.430008 -0.399288 0.182956 0.898386
-10.446287 -63.142355 -1281.975065 2934.794119 0.191030 0.980580 -0.044388 0.820660 -0.134739 0.555304 -0.538540 0.142507 0.830462
-0.903061 -52.969521 305.943335 -833.876220 0.122310 0.978669 -0.165066 -0.609743 0.205322 0.765543 -0.783105 -0.007014 -0.621850
-1.346488 -52.032292 670.581182 -564.595185 0.104288 0.985050 -0.137118 -0.639205 0.172010 0.749553 -0.761932 -0.009477 -0.647587
-0.365120 -54.018284 469.479054 895.476982 0.099180 0.984156 -0.146973 -0.703852 0.173791 0.688759 -0.703388 -0.035137 -0.709937
10.494199 -81.800482 619.693908 4687.204169 0.254388 0.966876 -0.020933 0.474649 -0.143682 -0.868369 0.842612 -0.210967 0.495477
16.666361 -80.385297 -557.479490 1655.586007 0.297505 0.953503 -0.048204 0.315774 -0.145923 -0.937546 0.900987 -0.263703 0.344504
12.658775 -79.466261 -337.789215 2579.634232 0.330313 0.941470 -0.067284 0.415745 -0.209119 -0.885113 0.847378 -0.264391 0.460486
2.336523 -144.910094 -168.240929 -15138.244407 0.034600 0.942853 0.331407 0.666698 -0.268812 0.695165 -0.744525 -0.196896 0.637899
1.564747 -171.389697 -1914.789814 -17353.531861 0.056907 0.928560 0.366795 0.739191 -0.286138 0.609690 -0.671088 -0.236435 0.702666
0.736874 -199.815902 -1531.660009 -16214.007338 0.099130 0.922338 0.373451 0.910688 -0.235341 0.339503 -0.401025 -0.306442 0.863291
-1.667309 -171.694853 631.597465 1149.882726 -0.108701 -0.924741 -0.364745 0.981774 -0.157411 0.106499 -0.155899 -0.346520 0.924997
-18.689656 -29.349429 2969.737367 2752.965806 0.813709 0.578481 -0.056895 0.533499 -0.782106 -0.322008 0.230774 -0.231667 0.945026
-22.556764 -42.690596 3050.254921 4761.044292 0.735456 0.677284 0.019752 0.661187 -0.710995 -0.239411 0.148106 -0.189136 0.970717
36.202125 -59.787769 -17662.730807 -7419.921999 0.363886 0.186637 0.912553 0.655331 0.644920 -0.393217 -0.661913 0.741111 0.112368
3.662356 -81.984313 -299.449618 -5976.250976 0.493490 0.248900 0.833377 -0.391654 0.919126 -0.042590 -0.776579 -0.305377 0.551062
1.884452 -75.653682 -541.947868 -737.376316 0.468106 0.279282 0.838379 -0.531920 0.846663 0.014954 -0.705647 -0.452950 0.544883
3.178992 -45.512019 371.243035 4815.822100 0.451053 0.887730 -0.092122 0.806829 -0.361454 0.467309 -0.381547 0.285108 0.879281
2.544972 -38.624350 805.596332 1240.668018 0.445236 0.889423 -0.103404 0.836763 -0.372181 0.401633 -0.318736 0.265346 0.909944
3.092596 -41.914628 881.834354 2890.088738 0.432829 0.896250 -0.096931 0.837715 -0.360163 0.410508 -0.333007 0.258880 0.906691
4.609922 -55.062283 64.107104 6624.969780 0.441786 0.894781 -0.064746 0.785646 -0.351039 0.509443 -0.433112 0.275932 0.858065
-7.864279 -240.975590 504.503685 -10467.476374 0.517691 0.259452 0.815279 0.825042 0.100877 -0.555993 -0.226497 0.960473 -0.161835
-6.753245 -255.634583 47.693374 30810.379354 0.513526 0.255097 0.819278 0.835219 -0.367499 -0.409090 0.196726 0.894354 -0.401782
43.311386 -194.893117 4488.443666 -45209.608351 -0.459479 -0.496748 -0.736288 0.856932 -0.465919 -0.220428 -0.233553 -0.732231 0.639759
41.781183 -215.251349 -764.720078 -44728.822420 -0.436862 -0.620119 -0.651616 0.898107 -0.341403 -0.277215 -0.050557 -0.706326 0.706079
39.578299 -198.778429 4174.842590 -30491.315763 -0.458650 -0.485095 -0.744528 0.886279 -0.188989 -0.422838 0.064409 -0.853795 0.516610
35.866600 -202.265743 4904.766572 -42740.362497 -0.456966 -0.435268 -0.775709 0.866156 -0.416168 -0.276727 -0.202374 -0.798340 0.567184
9.416841 -917.209668 -9443.494036 217647.907215 0.033144 -0.122609 0.991901 0.732750 0.677908 0.059312 -0.679690 0.724850 0.112310
31.173229 -721.529662 -14372.472384 -16576.591091 0.124406 0.038183 0.991496 0.342589 0.936155 -0.079037 -0.931212 0.349508 0.103382
42.023416 -640.950160 -22784.378574 74642.535385 -0.041698 -0.080500 0.995882 0.329139 0.940005 0.089765 -0.943360 0.331526 -0.012700
-15.410027 -371.083041 -7230.025316 69793.439035 0.035623 -0.060026 0.997561 0.745306 0.666586 0.013496 -0.665770 0.743007 0.068484
8.929377 -41.506795 7036.897441 801.085503 0.196636 0.910259 0.364366 0.773291 -0.372448 0.513131 -0.602790 -0.180861 0.777132
1.516387 -41.524166 5268.180295 -211.433330 0.190798 0.911456 0.364479 0.705612 -0.385471 0.594578 -0.682428 -0.143736 0.716681
-6.591132 -38.367803 2023.236043 2014.834366 0.179058 0.900418 0.396466 0.800626 -0.367560 0.473178 -0.571783 -0.232695 0.786713
-4.625216 -31.706884 1397.846130 3405.393600 0.119241 0.916368 0.382168 0.871569 -0.280970 0.401775 -0.475551 -0.285177 0.832181
7.254920 -36.607934 6065.763169 2877.589580 0.159479 0.919146 0.360190 0.843538 -0.316419 0.433961 -0.512845 -0.234626 0.825797
-9.715251 -33.936535 -822.392279 3129.943652 0.060932 0.920213 0.386646 0.847892 -0.252107 0.466391 -0.526656 -0.299416 0.795603
-20.976020 -40.220716 548.548983 -833.673587 0.138963 0.824567 0.548433 -0.243447 0.565255 -0.788175 0.959908 0.023987 -0.279288
-16.604188 -40.151053 10.261232 -392.605173 0.189623 0.713651 0.674348 -0.340701 0.691960 -0.636486 0.920851 0.109059 -0.374353
-16.848319 -41.539262 599.554770 772.692215 0.071631 0.841186 0.535981 -0.361967 0.522651 -0.771891 0.929435 0.138716 -0.341919
-12.967855 -37.568307 -36.115867 2701.286025 0.142231 0.757348 0.637334 -0.473430 0.617506 -0.628133 0.869272 0.212393 -0.446380
-13.552262 -38.212162 -372.492530 3131.814073 0.038449 0.852634 0.521092 -0.484523 0.471981 -0.736527 0.873933 0.224162 -0.431268
14.095347 -207.316851 -1627.335848 -18189.294004 0.040160 0.979715 0.196331 0.016724 -0.197121 0.980236 -0.999053 0.036083 0.024302
-489.043540 -904.869920 83834.655634 220975.092307 0.244861 0.968478 0.045752 -0.937654 0.224534 0.265311 -0.246674 0.107864 -0.963077
-390.422028 -1347.490900 101540.798567 437641.643769 0.056949 0.998207 -0.018429 -0.866339 0.058583 0.496009 -0.496199 0.012281 -0.868122
-186.569476 -624.360495 27615.292760 173932.942627 0.250991 0.967040 0.042873 -0.761971 0.170062 0.624883 -0.596996 0.189508 -0.779540
-85.593275 -670.410432 29022.627682 180158.509988 0.037777 0.962664 0.268052 -0.945304 -0.052544 0.321929 -0.323994 0.265552 -0.908025
-106.849050 -152.819769 2874.424726 -35504.885313 -0.411347 0.824522 0.388532 0.027805 -0.414716 0.909526 -0.911055 -0.384934 -0.147666
-88.601244 -113.266452 23231.820440 -8873.521224 -0.071983 0.947929 -0.310240 -0.178130 0.293828 0.939114 -0.981371 -0.122863 -0.147704
51.951640 -85.414563 -15261.347802 -10947.875263 -0.720427 0.615106 0.320356 -0.095799 -0.545755 0.832451 -0.686882 -0.569030 -0.452104
2.794378 -71.569019 29451.971446 6979.336280 0.837212 -0.465068 -0.287727 0.031511 0.566276 -0.823613 -0.545969 -0.680473 -0.488748
-21.065895 -52.241726 26696.465196 1478.880441 0.815615 -0.548323 -0.184697 0.212864 0.581193 -0.785432 -0.538015 -0.601295 -0.590749
31.472057 -56.623393 -502.791770 -8558.137868 0.269254 0.891129 -0.365228 -0.440555 0.451197 0.776101 -0.856396 0.048065 -0.514078
32.995949 -58.224475 683.544842 -10735.731470 0.229175 0.859238 -0.457371 -0.436665 0.510696 0.740617 -0.869944 -0.029987 -0.492238
38.225815 -38.331480 1539.973739 -8146.546715 0.284246 0.858227 -0.427377 -0.525994 0.512283 0.678894 -0.801583 -0.031825 -0.597036
38.349104 -35.824390 414.293716 -5952.549463 0.205153 0.811110 -0.547734 -0.498504 0.568202 0.654706 -0.842262 -0.138733 -0.520910
34.152466 -39.673246 1483.440898 -7189.653361 0.330157 0.882831 -0.334075 -0.528642 0.466145 0.709399 -0.782006 0.057607 -0.620603
42.606171 -27.588802 1618.054205 -2019.282810 0.248601 0.844229 -0.474842 -0.547762 0.526848 0.649914 -0.798845 -0.098532 -0.593412
40.636786 -26.514954 3129.883446 -4946.293227 0.333883 0.854696 -0.397514 -0.553741 0.519122 0.651063 -0.762819 -0.002741 -0.646606
45.033181 -46.844173 -12814.909758 -1384.834282 0.252698 0.906239 0.338932 -0.172738 0.386929 -0.905786 0.952001 -0.170344 -0.254318
39.841052 -47.413752 -4890.980050 -2516.413670 0.112464 0.939119 0.324666 -0.238032 0.342688 -0.908794 0.964724 -0.024926 -0.262080
28.565526 -49.789603 -10981.959881 -1635.613383 0.252831 0.896726 0.363262 -0.282260 0.427492 -0.858825 0.925422 -0.114603 -0.361193
52.466910 -44.160848 -3448.576445 -903.797296 0.037545 0.950413 0.308716 -0.166599 0.310564 -0.935839 0.985310 0.016296 -0.169998
14.708823 -50.735908 -9323.500120 -1795.033989 0.333240 0.820247 0.464916 -0.195971 0.542589 -0.816818 0.922251 -0.181086 -0.341557
29.270088 -45.246394 -15187.064209 -1932.033994 0.360843 0.822632 0.439395 -0.061100 0.490977 -0.869027 0.930623 -0.286736 -0.227429
58.935091 -40.038578 -11417.125259 -1388.987981 0.200935 0.917646 0.342856 -0.049014 0.358974 -0.932060 0.978378 -0.170479 -0.117108
0.062643 -24.786213 1777.700254 -2047.896175 -0.160230 0.902227 0.400391 -0.169867 -0.424784 0.889215 -0.972354 -0.074466 -0.221321
2.823419 -21.714040 1789.994332 -2144.441538 -0.157096 0.903474 0.398818 -0.219444 -0.425670 0.877866 -0.962894 -0.050391 -0.265133
1.246502 -17.805222 2392.563209 -913.999440 -0.141305 0.910116 0.389515 -0.271130 -0.413998 0.868962 -0.952114 -0.017179 -0.305260
1.250750 -64.755864 367.017283 1169.609237 -0.483158 0.824129 0.295583 0.403512 0.509213 -0.760184 0.777005 0.248018 0.578577
2.979742 -66.204177 417.782815 -385.565099 -0.495679 0.810580 0.311870 0.531034 0.567005 -0.629689 0.687245 0.146510 0.711498
9.320990 -170.168108 1384.179906 14136.402389 0.511848 -0.807198 -0.294012 0.721479 0.218122 0.657184 -0.466348 -0.548502 0.694022
11.718244 -171.299897 1951.809372 -1538.951617 0.468543 -0.805304 -0.363253 0.857054 0.314603 0.408025 -0.214304 -0.502505 0.837594
7.610017 -184.364644 1980.413780 -22259.536061 0.462777 -0.796499 -0.389136 0.885361 0.393284 0.247920 -0.044427 -0.459257 0.887192
-2.177124 -182.001671 665.741298 28495.171426 -0.601304 0.722403 -0.341420 0.793220 0.488308 -0.363809 -0.096099 -0.489581 -0.866646
-2.644402 -180.615056 558.933949 24149.635663 -0.606880 0.728594 -0.317565 0.781491 0.474224 -0.405442 -0.144806 -0.494229 -0.857187
-2.503675 -200.570994 390.405576 24677.544010 -0.611530 0.725923 -0.314748 0.703033 0.316018 -0.637085 -0.363008 -0.610875 -0.703602
-4.823661 -206.396039 -508.632486 19738.072810 -0.616735 0.721008 -0.315888 0.709750 0.335789 -0.619275 -0.340431 -0.606130 -0.718828
7.289114 -68.375186 1128.744004 283.369576 0.740366 -0.593138 -0.316299 -0.622926 -0.428551 -0.654452 -0.252630 -0.681565 0.686766
2.101052 -61.333548 2089.417671 896.142171 0.746805 -0.571645 -0.339858 -0.624910 -0.428349 -0.652691 -0.227530 -0.699813 0.677120
7.088824 -71.094961 2237.639321 -6341.790386 0.797163 -0.531686 -0.286080 -0.524014 -0.373910 -0.765246 -0.299902 -0.759935 0.576678
10.483251 -76.050343 731.313458 434.590930 0.740727 -0.602412 -0.297361 -0.602086 -0.398928 -0.691628 -0.298019 -0.691344 0.658200
14.546307 -78.300464 825.354412 -2431.530932 0.771693 -0.576233 -0.269159 -0.492774 -0.274175 -0.825834 -0.402076 -0.769925 0.495531
13.064263 -89.849933 3997.155303 -6764.771077 0.820613 -0.491805 -0.291070 -0.421865 -0.177726 -0.889069 -0.385518 -0.852374 0.353320
0.860320 -90.248190 1935.585505 -128.631221 -0.647797 0.730648 0.215666 0.221032 -0.090656 0.971044 -0.729043 -0.676709 0.102770
0.047364 -89.693991 2665.384498 -1232.161701 -0.637522 0.748825 0.181181 0.062440 -0.184176 0.980908 -0.767898 -0.636663 -0.070660
-3.597703 -98.037862 1557.863063 -64.704521 -0.660937 0.720501 0.209858 0.151903 -0.145408 0.977641 -0.734907 -0.678037 0.013341
-0.429087 -92.243215 1309.041341 -481.992071 -0.527225 0.825105 0.203065 0.556132 0.515747 -0.651708 0.642457 0.230666 0.730782
5.004758 -159.009178 1217.777820 2346.018981 -0.533163 0.799072 -0.277887 0.790859 0.354095 -0.499159 -0.300465 -0.485902 -0.820743
6.165369 -146.324911 1314.188850 3471.354826 -0.538864 0.791616 -0.288045 0.840332 0.481242 -0.249496 -0.058886 -0.376498 -0.924544
2.057758 -149.395102 1011.946186 4558.498693 -0.541594 0.790135 -0.286989 0.839262 0.488686 -0.238378 -0.048104 -0.369963 -0.927800
0.388973 -164.338844 879.010521 4936.967433 -0.539185 0.793016 -0.283558 0.789083 0.358024 -0.499166 -0.294326 -0.492894 -0.818797
-6.094583 -31.485617 317.009051 17.448947 -0.387066 0.692809 0.608437 0.249164 0.713915 -0.654403 -0.887748 -0.101696 -0.448955
-4.902079 -28.758131 368.134815 635.577447 -0.406280 0.576275 0.709114 0.112523 0.801696 -0.587045 -0.906794 -0.158713 -0.390558
-4.175114 -26.212644 1025.382962 1055.204930 -0.393596 0.481441 0.783133 0.037413 0.859578 -0.509633 -0.918522 -0.171291 -0.356339
-6.034202 -26.803443 639.399316 375.782444 -0.386498 0.616824 0.685673 0.169069 0.778233 -0.604789 -0.906662 -0.117824 -0.405071
-1609.239816 -7214.521456 773790.760653 -14609216.075165 0.784374 0.428884 0.448125 -0.333951 -0.316822 0.887750 -0.522718 0.845980 0.105281
2534.024098 -18376.062855 -1717252.361438 -8771128.068184 0.813969 -0.406820 0.414672 -0.393177 0.139663 0.908794 0.427630 0.902769 0.046271
-195.185670 -4528.047856 125997.742597 -511323.387990 -0.629352 0.385593 0.674710 0.656465 0.728440 0.196034 -0.415896 0.566297 -0.711574
-12.794438 -44114.753987 158000.779399 89480483.568365 -0.854891 0.514162 -0.069272 0.488209 0.842445 0.227899 0.175535 0.161010 -0.971217
41.423497 9.178178 3253.953015 -6955.015165 -0.551545 0.807080 0.210761 -0.181861 0.130242 -0.974661 0.814079 0.575898 -0.074942
-3.687861 -30.840589 -1727.636567 359.296587 -0.391215 0.873406 0.290021 0.854981 0.228324 0.465699 0.340526 0.430151 -0.836070
0.741304 -30.758007 -747.961668 261.288808 -0.309625 0.888567 0.338498 0.905910 0.167504 0.388935 0.288895 0.427072 -0.856825
-0.825334 -31.878451 -2141.235781 -20.512281 -0.345886 0.886723 0.306733 0.902575 0.225122 0.366986 0.256363 0.403784 -0.878201
-1.260770 -66.156113 -318.280101 2380.747832 0.616342 -0.747184 -0.248672 -0.511135 -0.139362 -0.848127 -0.599051 -0.649841 0.467807
-1.182116 -71.983923 -986.898835 5487.805729 0.615521 -0.751762 -0.236618 -0.551546 -0.196425 -0.810688 -0.562966 -0.629501 0.535535
0.767416 -65.100544 -884.721785 -490.658247 0.627248 -0.746720 -0.221291 -0.474683 -0.141283 -0.868744 -0.617443 -0.649961 0.443075
-0.319398 -65.561583 -311.570775 -4614.315961 0.624982 -0.744939 -0.233374 -0.434993 -0.084091 -0.896499 -0.648212 -0.661811 0.376599
0.958100 -70.858263 455.131263 6245.934347 -0.628308 0.745388 0.222768 0.374011 0.038329 0.926632 -0.682162 -0.665528 0.302866
4.242734 -214.869547 -1062.359998 11631.615401 -0.411220 0.894802 0.173860 -0.193861 0.100518 -0.975866 0.890683 0.435000 -0.132132
5.861626 -357.701961 -7213.670728 83582.157703 -0.328702 0.914233 0.236925 -0.449704 0.069089 -0.890502 0.830495 0.399256 -0.388424
4.125702 -189.644962 -573.217842 12128.331595 -0.423884 0.895577 0.135146 -0.439950 -0.073168 -0.895036 0.791686 0.438849 -0.425024
-3.235370 -216.361046 -138.013569 7101.976718 -0.419223 0.890771 0.175442 -0.268386 0.063013 -0.961248 0.867307 0.450064 -0.212653
-1.667406 -103.415210 224.303911 9537.779791 0.214350 0.880845 0.422098 -0.642505 -0.198335 0.740169 -0.735691 0.429855 -0.523434
-2.277709 -143.815751 2079.736855 24696.725455 0.243073 0.853489 0.460946 -0.756672 -0.130493 0.640640 -0.606929 0.504507 -0.614092
3.765943 -180.923722 174.879440 33635.687112 0.246103 0.872782 0.421527 -0.825527 -0.039135 0.563004 -0.507876 0.486539 -0.710874
-26.763906 -76.430951 -7508.225687 -985.040084 -0.048383 0.995738 -0.078513 0.897410 0.077848 0.434275 -0.438536 0.049447 0.897352
-14.909685 -80.495706 -8428.879406 9253.309548 -0.056275 0.997997 -0.028907 0.977590 0.060960 0.201498 -0.202857 0.016920 0.979062
7.203574 -49.393298 3169.175025 4974.442839 0.723310 0.600600 0.340738 -0.313237 0.725140 -0.613233 -0.615391 0.336826 0.712631
6.780144 -35.462213 2621.768550 3167.960855 0.742831 0.512328 0.430955 -0.149557 0.754439 -0.639104 -0.652560 0.410294 0.637043
10.717322 -41.360247 1734.836609 2468.077523 0.723391 0.506500 0.469216 -0.124543 0.764167 -0.632880 -0.679114 0.399382 0.615872
1.184670 -49.633627 -1810.974135 162.798024 0.225256 0.883765 0.410145 0.570502 0.221606 -0.790834 0.789802 -0.412128 0.454272
5.514969 -51.993196 547.125321 141.377109 0.162543 0.866969 0.471111 0.653653 0.263050 -0.709607 0.739133 -0.423285 0.523940
11.997043 -47.136592 1334.149504 -919.075159 0.290922 0.909408 0.297224 0.720515 -0.003860 -0.693428 0.629462 -0.415888 0.656365
12.505317 -50.497870 -374.559177 -1626.973894 0.228941 0.883211 0.409298 0.723369 0.127007 -0.678680 0.651401 -0.451451 0.609810
-12.449057 -66.627101 -1047.962691 -523.890241 0.208124 0.972388 -0.105577 0.587606 -0.038011 0.808254 -0.781923 0.230254 0.579292
-10.572531 -67.743404 -1175.021302 -2225.379264 0.194772 0.977597 -0.079803 0.619396 -0.059502 0.782821 -0.760535 0.201901 0.617109
0.281581 -49.744792 -102.756059 -375.965298 0.140091 0.969708 -0.200104 -0.644372 0.242733 0.725166 -0.751770 -0.027352 -0.658857
16.685991 -79.908676 -1734.852901 -382.059082 0.367209 0.925706 -0.090696 0.247207 -0.191131 -0.949925 0.896686 -0.326400 0.299026
21.754438 -80.991409 -1419.766800 -4046.784426 0.321396 0.944080 -0.073606 0.173087 -0.134989 -0.975612 0.930992 -0.300817 0.206793
2.360009 -123.925185 -160.526505 -9111.072634 -0.000949 0.956017 0.293311 0.496681 -0.254124 0.829897 -0.867933 -0.146469 0.474594
1.609221 -126.482554 -40.810520 -12919.737978 -0.012055 0.952504 0.304287 0.539903 -0.249938 0.803764 -0.841641 -0.173975 0.511246
-16.734875 -30.096039 379.518024 -2075.490128 0.811933 -0.437202 -0.386806 -0.532432 -0.826312 -0.183643 0.239334 -0.355054 0.903690
-10.101006 -33.057986 1669.825393 1163.029061 0.650737 -0.606079 -0.457395 0.736686 0.649879 0.186952 0.183944 -0.458613 0.869390
1.699045 -52.856354 -6944.834711 -3257.260796 0.562197 0.348439 0.750017 0.344892 0.725497 -0.595571 -0.751654 0.593503 0.287698
4.942888 -47.484657 -5691.134514 215.583004 0.616954 0.441839 0.651264 0.168878 0.733926 -0.657901 -0.768666 0.515879 0.378182
13.547700 -40.181051 -3426.772919 1328.657743 0.656370 0.404742 0.636681 0.167150 0.744923 -0.645872 -0.735690 0.530352 0.421292
4.158407 -100.846218 -634.038628 -9353.159146 0.485813 0.243228 0.839539 -0.219695 0.963646 -0.152054 -0.846002 -0.110573 0.521588
3.714947 -43.189986 -2296.057730 -845.323647 -0.143602 -0.975784 0.165000 0.983269 -0.121799 0.135452 -0.112075 0.181690 0.976948
9.140730 -43.393955 1780.579422 -1151.399786 0.134220 0.981749 -0.134739 0.965807 -0.099164 0.239549 -0.221816 0.162284 0.961489
-5.046985 -226.191230 542.389648 261.541603 0.510589 0.248035 0.823272 0.858999 -0.105201 -0.501052 -0.037669 0.963022 -0.266776
-5.730688 -217.423482 371.995231 24364.335837 0.493882 0.252296 0.832122 0.746801 -0.613254 -0.257306 0.445385 0.748509 -0.491291
