15169
30327
-37.312783 -52.882419 -49.699914 -2992.582680 -0.222147 -0.754612 0.617423 0.956076 -0.044391 0.289739 -0.191232 0.654668 0.731328
-35.317507 -52.439333 -310.980318 -4977.489155 -0.058912 -0.699998 0.711711 0.962009 0.150584 0.227736 -0.266587 0.698088 0.664533
-29.708661 -42.921726 -666.058565 -3271.337328 -0.479306 -0.730719 0.486124 0.811009 -0.157054 0.563559 -0.335455 0.664368 0.667896
-25.602750 -37.174189 -1257.272795 -3498.368471 -0.448095 -0.700566 0.555353 0.799709 -0.036447 0.599280 -0.399594 0.712656 0.576581
-31.321976 -46.810467 -65.527345 -2926.494870 -0.496888 -0.759402 0.420012 0.816216 -0.244561 0.523432 -0.294777 0.602908 0.741356
-23.464898 -34.737677 -368.564296 -1768.434066 0.764043 0.634013 -0.119443 0.474855 -0.427299 0.769369 -0.436752 0.644549 0.627539
-26.660645 -39.897046 -797.400928 -1834.698325 0.718163 0.679575 -0.149734 0.571031 -0.452541 0.684931 -0.397701 0.577395 0.713056
-30.625566 -52.989734 -6164.778337 -1384.218824 -0.314799 -0.550811 0.772987 0.830782 -0.553748 -0.056251 0.459023 0.624476 0.631924
-26.309750 -56.284726 -9691.747197 624.378969 -0.084126 -0.537927 0.838784 0.913144 -0.378561 -0.151194 0.398862 0.753211 0.523051
-45.758852 -53.244429 1687.009339 2541.106370 0.025939 -0.757760 0.652018 0.951910 -0.180458 -0.247593 0.305278 0.627085 0.716638
-45.081880 -54.334909 1762.057929 1535.176014 -0.323385 -0.709930 0.625637 0.874619 -0.476618 -0.088753 0.361198 0.518493 0.775049
-46.194225 -52.628060 -1235.004450 943.617820 0.176348 0.754765 -0.631847 0.839146 -0.450812 -0.304306 0.514524 0.476549 0.712858
28.936296 -43.192255 -2666.577561 -7053.771012 0.831652 0.480746 -0.277918 0.370828 -0.108284 0.922367 -0.413330 0.870148 0.268329
21.693111 -49.394856 -140.270574 -5039.783745 0.811757 0.517129 -0.271345 0.427851 -0.210376 0.879025 -0.397485 0.829650 0.392029
23.071331 -34.600959 348.784952 -5603.378694 0.796205 0.518781 -0.311325 0.392030 -0.050431 0.918569 -0.460836 0.853418 0.243532
27.231932 -26.401532 -2354.127160 -6019.158578 0.811937 0.500433 -0.300541 0.355728 -0.015960 0.934453 -0.462834 0.865628 0.190977
24.236353 -20.235465 863.656269 -2969.677708 0.784648 0.526532 -0.327248 0.375186 0.016910 0.926795 -0.493521 0.849987 0.184279
22.533447 -24.286839 1052.722343 -4305.761295 0.747508 0.579100 -0.325384 0.401735 -0.004024 0.915747 -0.528999 0.815247 0.235652
-5.781541 -25.482754 -658.502176 -221.862057 -0.312158 -0.570808 0.759431 0.264938 0.715359 0.646583 -0.912341 0.403038 -0.072077
-5.092107 -26.395978 -186.570024 -651.181835 -0.304750 -0.597739 0.741509 0.315897 0.671037 0.670760 -0.898519 0.438654 -0.015675
-2.375978 -25.821992 -1408.399663 -515.541070 -0.361581 -0.586197 0.725005 0.312729 0.656314 0.686624 -0.878328 0.475001 -0.053990
-1.598583 -23.970704 -1122.153096 -272.125719 -0.349928 -0.576003 0.738763 0.239692 0.707317 0.665019 -0.905593 0.409785 -0.109447
-0.257341 -41.323468 13.856545 800.924619 0.332346 0.355290 -0.873679 0.330822 0.823566 0.460755 0.883234 -0.442162 0.156172
0.582458 -43.396352 -31.139069 -482.439189 0.341818 0.372687 -0.862708 0.444085 0.744983 0.497783 0.828220 -0.553267 0.089144
-0.689045 -42.567579 29.724096 1423.575957 0.320255 0.330927 -0.887651 0.328761 0.839943 0.431755 0.888455 -0.430097 0.160200
-1.282404 -39.921335 294.742762 1766.984415 0.317144 0.337022 -0.886474 0.204269 0.888513 0.410877 0.926118 -0.311386 0.212944
-0.325832 -39.431279 -299.748615 1416.793266 0.348871 0.371394 -0.860439 0.240052 0.852081 0.465117 0.905905 -0.368816 0.208112
3.237219 -53.146341 -872.756458 -1165.022705 -0.610087 -0.373236 0.698920 0.057253 0.859030 0.508714 -0.790263 0.350375 -0.502714
4.253411 -53.265976 -413.087223 -1076.435587 -0.597563 -0.393119 0.698839 -0.076596 0.895565 0.438288 -0.798155 0.208377 -0.565267
1.518756 -52.920114 -838.799975 -727.382568 -0.616316 -0.382556 0.688336 -0.021956 0.882086 0.470577 -0.787193 0.274911 -0.552043
2.561385 -52.470956 -1596.372324 -365.637684 -0.625185 -0.355381 0.694873 0.136224 0.826966 0.545500 -0.768496 0.435697 -0.468596
-9.316843 -59.856740 621.073974 -339.250442 0.491617 0.369114 -0.788712 0.870632 -0.189972 0.453773 0.017661 -0.909761 -0.414756
-8.421561 -61.922212 -11.034530 -350.221626 0.485183 0.339750 -0.805709 0.866362 -0.062037 0.495548 0.118378 -0.938468 -0.324446
-8.925584 -60.559202 -110.361185 -658.185333 0.484340 0.334708 -0.808323 0.874344 -0.217533 0.433823 -0.030633 -0.916870 -0.398010
-8.201392 -64.175447 -715.668397 -1088.255518 0.468630 0.286352 -0.835697 0.881600 -0.091336 0.463075 0.056273 -0.953761 -0.295251
-8.794919 -61.158483 -703.810428 -700.902003 0.458454 0.289735 -0.840162 0.883942 -0.246534 0.397325 -0.092010 -0.924810 -0.369134
1.775777 -88.198139 -504.516916 7178.991199 0.415112 0.500413 -0.759782 -0.244989 0.865773 0.436370 0.876163 0.004996 0.481988
1.749088 -96.566589 -510.760894 5749.197703 0.416315 0.502347 -0.757845 -0.067622 0.848310 0.525165 0.906702 -0.167387 0.387134
1.923393 -84.816759 -201.479385 6138.944861 0.421240 0.485183 -0.766260 -0.311302 0.870896 0.380303 0.851850 0.078339 0.517895
1.096532 -73.426187 -684.254054 3435.459384 0.432397 0.468095 -0.770662 -0.416579 0.861715 0.289669 0.799684 0.195790 0.567602
0.660045 -72.781699 245.349198 3741.898145 0.412710 0.472685 -0.778614 -0.404242 0.861066 0.308469 0.816247 0.187441 0.546450
30.249265 -31.309824 4766.499465 -509.041391 0.488178 0.850123 -0.197415 0.865817 -0.500194 -0.012933 -0.109741 -0.164612 -0.980235
15.935128 -34.549907 5135.197142 -118.110546 0.387741 0.912590 -0.129754 -0.911583 0.400507 0.092793 -0.136649 -0.082302 -0.987195
28.393961 -33.659494 4365.926537 189.346952 0.513142 0.826452 -0.231650 -0.835593 0.542701 0.085206 -0.196136 -0.149842 -0.969060
-9.352737 -28.533897 -66.652136 -1036.636186 -0.414977 -0.505741 0.756320 0.743496 0.290635 0.602284 -0.524413 0.812254 0.255410
-10.424949 -30.358580 -486.382272 123.181943 -0.454219 -0.488961 0.744717 0.713868 0.300345 0.632602 -0.532989 0.818969 0.212631
-10.385283 -31.084099 275.087318 377.879058 -0.403357 -0.519352 0.753377 0.722599 0.324329 0.610460 -0.561385 0.790623 0.244463
-9.582075 -30.076692 367.161304 -214.746434 -0.367490 -0.529976 0.764249 0.749605 0.317614 0.580701 -0.550493 0.786287 0.280553
0.994627 -87.587192 935.974880 3074.782329 -0.642438 0.753551 -0.139411 0.691878 0.648560 0.317293 -0.329512 -0.107386 0.938025
3.083676 -85.129841 729.933195 2722.952683 -0.653693 0.743680 -0.140088 0.736900 0.667667 0.105821 -0.172230 0.034056 0.984468
4.892531 -91.850080 1099.052833 3563.291315 -0.633533 0.762064 -0.133770 0.741372 0.647374 0.176846 -0.221368 -0.012864 0.975106
3.005272 -91.621132 993.118149 467.780745 -0.627598 0.768733 -0.123167 0.644668 0.601835 0.471378 -0.436490 -0.216434 0.873288
-2.930286 -87.467821 975.192215 50.802001 -0.638994 0.756113 -0.141347 0.573087 0.590535 0.568190 -0.513086 -0.282067 0.810667
-3.830479 -62.396580 -795.221577 1384.545275 0.399264 0.243598 -0.883883 0.743699 -0.649856 0.156840 -0.536191 -0.719963 -0.440627
-3.453751 -58.386714 -1234.389599 113.393749 0.383715 0.236510 -0.892651 0.841741 -0.487126 0.232767 -0.379782 -0.840697 -0.385998
-1.384370 -59.610632 -93.062570 869.345872 0.396187 0.269649 -0.877682 0.830267 -0.513360 0.217066 -0.392036 -0.814709 -0.427267
-14.237026 -160.160842 667.450373 4590.811624 0.811919 -0.583324 0.022820 0.042033 0.097405 0.994357 0.582255 0.806378 -0.103604
-11.645415 -155.180014 -98.037343 -7460.098092 0.796076 -0.605138 0.008404 0.150590 0.211518 0.965703 0.586161 0.767508 -0.259512
-12.230054 -156.651955 1038.369835 -13057.898406 0.800532 -0.598799 0.024257 0.297526 0.432245 0.851260 0.520218 0.674243 -0.524184
-10.619172 -80.919643 89.990968 -659.327283 -0.749335 0.654005 -0.103801 0.376991 0.550201 0.745088 -0.544403 -0.519189 0.658839
-10.927719 -83.074369 -487.289839 251.196329 0.760507 -0.640319 0.107802 0.475273 0.662044 0.579495 -0.442431 -0.389474 0.807815
-9.520031 -83.424857 24.325149 -250.051752 -0.745726 0.656090 -0.115928 0.478830 0.648758 0.591468 -0.463266 -0.385563 0.797951
-9.945543 -83.543664 308.065497 -1045.488300 -0.718312 0.683497 -0.129847 0.389106 0.549398 0.739431 -0.576737 -0.480618 0.660592
-10.513262 -77.207215 123.254240 -1840.298592 -0.727407 0.675895 -0.118510 0.242810 0.415052 0.876798 -0.641811 -0.609014 0.466026
-1.672560 -266.444416 1089.489531 -20760.911919 0.833813 -0.520443 -0.184104 0.547932 0.820861 0.161112 -0.067275 0.235214 -0.969613
-1.117164 -256.027642 2124.617476 16884.431878 0.826867 -0.528201 -0.193117 0.534873 0.632477 0.560253 0.173785 0.566548 -0.805495
-0.290511 -268.896846 -520.144380 30222.892030 0.829382 -0.514613 -0.217484 0.522237 0.575826 0.629041 0.198479 0.635293 -0.746330
6.690259 -35.171536 -3888.347599 68.702683 0.375624 0.678385 -0.631428 0.025592 0.673467 0.738774 -0.926419 0.293660 -0.235609
4.672172 -35.349560 -3888.345392 164.120218 0.374076 0.686298 -0.623748 0.125070 0.629101 0.767196 -0.918926 0.365002 -0.149496
0.778734 -35.680691 -1943.704749 -10.962812 0.404496 0.680855 -0.610589 0.033476 0.656176 0.753865 -0.913927 0.325376 -0.242628
-7.475668 -26.472002 875.614848 663.922737 0.045746 -0.727918 0.684136 0.924576 0.290164 0.246911 -0.378242 0.621240 0.686289
-8.903275 -28.512537 663.183788 491.640293 0.046650 -0.712206 0.700419 0.879211 0.362098 0.309634 -0.474144 0.601372 0.643071
-6.117565 -28.704597 1508.939331 426.100232 0.057116 -0.737111 0.673353 0.874434 0.362399 0.322541 -0.481771 0.570380 0.665254
-9.547136 -26.733410 133.016603 578.717014 0.012605 -0.701099 0.712952 0.920632 0.286395 0.265357 -0.390227 0.653022 0.649064
-4.055962 -26.643822 1234.072314 629.514989 0.042244 -0.744695 0.666067 0.920015 0.288957 0.264719 -0.389600 0.601609 0.697337
-6.201542 -23.326372 1040.867859 835.896452 0.073085 -0.731793 0.677597 0.956761 0.243244 0.159504 -0.281545 0.636641 0.717928
-8.411812 -24.478658 390.336488 847.842796 0.047450 -0.712235 0.700335 0.951421 0.245759 0.185473 -0.304214 0.657513 0.689297
29.348634 15.120198 5020.652261 81.554381 0.818704 -0.567910 -0.084859 0.389820 0.658205 -0.644055 -0.421620 -0.494210 -0.760258
19.189210 12.491796 10485.860247 -362.636717 0.920383 -0.373702 -0.115071 0.217101 0.733147 -0.644487 -0.325210 -0.568193 -0.755907
30.129893 16.605418 7081.035100 410.859434 0.879500 -0.452565 -0.147189 0.240799 0.689968 -0.682612 -0.410482 -0.564915 -0.715805
33.122578 14.697280 1065.342430 364.752452 -0.748775 0.611149 0.256579 0.320396 0.672596 -0.667054 -0.580244 -0.417266 -0.699433
32.744918 16.297813 1510.229686 295.746470 -0.748236 0.603753 0.275000 0.270320 0.655991 -0.704701 -0.605863 -0.452945 -0.654042
24.934095 18.469470 2055.488991 -3147.391525 0.796598 0.061322 -0.601391 -0.395621 0.805090 -0.441944 -0.457073 -0.589975 -0.665593
28.431664 20.025152 1522.658867 920.779120 -0.759100 0.569244 0.315797 0.206239 0.670426 -0.712737 -0.617440 -0.475909 -0.626321
-16.496188 -25.759060 -106.331103 144.897581 -0.354770 -0.556636 0.751195 -0.506613 0.789731 0.345931 -0.785800 -0.257840 -0.562172
-16.556820 -25.807249 350.301919 -265.149759 -0.374872 -0.418095 0.827446 -0.515674 0.835754 0.188668 -0.770423 -0.355966 -0.528902
-15.587773 -25.621787 78.920158 121.945979 -0.388613 -0.424580 0.817748 -0.430290 0.868411 0.246400 -0.814758 -0.256115 -0.520168
-13.862708 -24.911764 -69.864186 358.128587 -0.371201 -0.496638 0.784577 -0.384638 0.851286 0.356884 -0.845141 -0.169302 -0.507024
-1.391421 -88.019420 161.589567 -540.970959 -0.510403 -0.334211 0.792333 0.855306 -0.292781 0.427471 0.089114 0.895869 0.435289
-0.815764 -85.863557 412.826718 3238.702046 -0.510799 -0.338754 0.790146 0.815958 -0.480471 0.321497 0.270734 0.808946 0.521833
-2.155669 -89.210639 210.154579 -2123.600743 -0.519889 -0.323527 0.790598 0.853511 -0.234799 0.465176 0.035135 0.916624 0.398204
-2.262918 -89.501431 37.943493 -3857.889162 -0.533354 -0.322843 0.781861 0.834904 -0.052415 0.547894 -0.135902 0.945000 0.297499
-2.052924 -85.242998 545.854203 -4234.127993 -0.534627 -0.327117 0.779210 0.823695 0.004449 0.567016 -0.188947 0.944973 0.267066
-15.638963 -24.011880 -2340.893078 -1707.907899 -0.631378 0.585656 0.508300 -0.161826 0.541533 -0.824957 0.758403 0.603115 0.247138
-15.681586 -25.821484 -2761.636919 -1227.711886 -0.639668 0.667709 0.380774 -0.130663 0.393712 -0.909900 0.757464 0.631787 0.164601
-22.440392 -24.470639 -1522.600242 -1606.471841 -0.629162 0.766323 -0.130021 0.282675 0.069762 -0.956676 0.724052 0.638657 0.260512
-19.726173 -22.661822 -1574.979877 -887.763029 0.261359 0.178409 -0.948610 -0.632248 0.774238 -0.028582 0.729351 0.607227 0.315153
32.001297 -128.184525 2970.662896 -7122.989233 0.628405 0.556105 -0.543925 0.522608 0.216112 0.824728 -0.576184 0.802523 0.154819
28.367365 -94.876411 1438.127541 3852.321166 0.565387 0.605709 -0.559871 0.375207 0.415614 0.828544 -0.734546 0.678515 -0.007716
23.441020 -110.114657 1322.659226 4230.507123 0.619375 0.504247 -0.601755 0.447598 0.402908 0.798324 -0.645005 0.763806 -0.023851
39.656736 -121.728235 3982.119177 -8808.851309 0.601046 0.631413 -0.489960 0.470075 0.216504 0.855661 -0.646354 0.744610 0.166682
24.688350 -131.700619 1632.725516 -7500.422439 0.649994 0.492961 -0.578358 0.573833 0.180572 0.798818 -0.498221 0.851107 0.165506
32.654205 -204.073166 -3757.762282 -28365.902642 -0.643988 -0.530246 0.551470 0.654680 -0.009008 0.755852 -0.395820 0.847796 0.352943
44.442782 -243.544409 2083.131376 -42649.016810 0.631736 0.620185 -0.465059 0.578058 0.022829 0.815677 -0.516487 0.784124 0.344081
13.417364 -74.502656 -779.382700 6669.143870 0.097714 0.993551 -0.057515 0.280994 0.027898 0.959304 -0.954722 0.109899 0.276456
22.603927 -70.459276 -1302.462252 95.689800 0.135899 0.980442 -0.142354 0.348031 0.087284 0.933411 -0.927581 0.176393 0.329363
16.222274 -65.671213 821.284459 113.144444 0.121498 0.982194 -0.143297 0.406966 0.082382 0.909721 -0.905327 0.168846 0.389710
10.325316 -83.091359 562.248521 5735.877737 0.120900 0.992370 -0.024196 0.386332 -0.024585 0.922032 -0.914402 0.120822 0.386357
-8.706422 -30.717416 1905.583497 2320.579281 0.293316 0.738806 -0.606738 -0.234166 -0.559799 -0.794853 0.926894 -0.375221 -0.008805
-6.900530 -22.717394 2343.446234 1202.523389 0.332578 0.855109 -0.397719 -0.224778 -0.337697 -0.914022 0.915897 -0.393382 -0.079899
-0.843609 -24.596149 -426.769682 656.488611 0.370793 0.834285 -0.408022 -0.230975 -0.342695 -0.910610 0.899535 -0.431890 -0.065631
-10.855102 -26.452888 1571.317953 1988.479553 0.345140 0.873913 -0.342278 -0.141550 -0.312048 -0.939463 0.927816 -0.372695 -0.016002
1.585031 -19.136173 -3753.662822 2617.459330 0.505904 0.860805 -0.055458 -0.270406 0.097212 -0.957826 0.819110 -0.499564 -0.281947
5.820840 -22.606746 -3799.052739 -2381.711915 0.542880 0.826805 0.147225 -0.182899 0.287500 -0.940155 0.819652 -0.483464 -0.307299
-4.983306 -22.819785 -2180.145164 2678.795319 0.457003 0.883126 -0.106007 -0.309632 0.046227 -0.949732 0.833832 -0.466853 -0.294570
-3.568130 -25.372709 -2074.399698 4263.052160 0.410281 0.864549 -0.290215 -0.333681 -0.153849 -0.930047 0.848720 -0.478420 -0.225362
11.132614 -21.389632 246.836780 1932.875500 0.485822 0.539963 -0.687326 -0.093890 0.814051 0.573154 0.869001 -0.213918 0.446181
10.222140 -19.151147 -1026.044679 1650.601433 0.518608 0.526477 -0.673697 -0.102202 0.820460 0.562494 0.848882 -0.222861 0.479305
10.619286 -15.863378 -867.136361 1720.163771 0.499244 0.546284 -0.672554 -0.147638 0.818489 0.555228 0.853790 -0.177900 0.489279
10.599384 -10.789490 -275.521668 1378.821364 0.470990 0.513562 -0.717232 -0.163055 0.849734 0.501364 0.866938 -0.119189 0.483955
11.646885 -16.698967 370.433311 1894.054026 0.464240 0.545649 -0.697673 -0.138507 0.822734 0.551294 0.874812 -0.159300 0.457522
2.179200 -29.658605 1512.797839 -762.241478 0.534072 0.509439 -0.674714 0.643571 0.272556 0.715213 0.548255 -0.816202 -0.182295
-3.357133 -28.688065 1275.331548 -602.610413 0.524797 0.499104 -0.689553 0.693726 0.218664 0.686244 0.493288 -0.838499 -0.231487
1.440677 -27.866216 1965.647067 -725.919691 0.527047 0.515587 -0.675567 0.695367 0.195361 0.691592 0.488555 -0.834269 -0.255558
-3.567261 -30.868371 1132.339935 -487.043227 0.534740 0.494106 -0.685501 0.632675 0.303652 0.712403 0.560157 -0.814650 -0.150234
-0.021963 -31.721871 1044.356752 -667.507814 0.547117 0.503609 -0.668611 0.588021 0.337242 0.735187 0.595730 -0.795390 -0.111622
4.062233 -31.138659 757.511299 -780.404639 0.543192 0.493139 -0.679527 0.596135 0.343400 0.725741 0.591241 -0.799306 -0.107445
-2.331424 -31.283081 2264.937370 -872.312288 0.215506 0.850734 -0.479384 0.975155 -0.213276 0.059890 -0.051290 -0.480380 -0.875559
3.472938 -30.057302 2428.643047 -764.019152 0.224958 0.846454 -0.482607 0.970237 -0.240160 0.031036 -0.089633 -0.475225 -0.875287
2.190680 -33.099844 3165.476760 -447.179056 0.201377 0.859757 -0.469325 0.978080 -0.150581 0.143822 0.052980 -0.488000 -0.871234
-3.728888 -31.965257 1925.269547 -283.887983 0.209542 0.843560 -0.494469 0.977698 -0.173454 0.118409 0.014118 -0.508253 -0.861092
-7.227720 -31.095343 722.391470 -486.430202 0.218436 0.826623 -0.518633 0.974705 -0.210569 0.074908 -0.047287 -0.521877 -0.851709
6.335454 -55.956963 -412.286907 -549.811868 -0.633837 -0.610915 0.474377 -0.099893 0.672832 0.733020 -0.766989 0.417228 -0.487492
5.742976 -53.644849 -359.116398 1.792187 -0.640610 -0.610479 0.465762 -0.147228 0.692965 0.705778 -0.753620 0.383555 -0.533800
6.122280 -53.504111 -95.036769 -720.452130 -0.634310 -0.596860 0.491334 -0.019409 0.647650 0.761691 -0.772835 0.473611 -0.422395
5.938510 -57.411229 83.211377 -698.430171 -0.618259 -0.602083 0.505225 0.030486 0.623946 0.780872 -0.785383 0.498183 -0.367405
6.376532 -52.865991 30.371016 8.232510 -0.629089 -0.577295 0.520556 0.119008 0.590246 0.798402 -0.768169 0.564216 -0.302615
-10.149638 -64.282081 355.215656 -1740.143222 -0.596788 -0.605738 0.526237 -0.039437 0.677179 0.734760 -0.801429 0.417743 -0.428021
-9.988136 -59.750561 851.563953 -1191.355948 -0.579194 -0.609975 0.540800 -0.140762 0.728274 0.670674 -0.802945 0.312326 -0.507673
-9.182331 -68.520829 114.166011 -2160.363372 -0.579291 -0.605305 0.545920 -0.030335 0.685286 0.727642 -0.814556 0.404956 -0.415342
-9.243553 -72.072283 -502.953386 -2505.226928 0.587447 0.607940 -0.534149 0.099097 0.601037 0.793054 -0.803172 0.518810 -0.292833
-6.979644 -74.447395 -235.524621 -2077.435125 0.567512 0.602675 -0.560992 0.173728 0.578354 0.797073 -0.804828 0.549809 -0.223521
1.244906 -83.961999 110.299236 5046.217473 0.738385 0.437965 -0.512811 0.674170 -0.498350 0.545107 0.016821 0.748220 0.663237
1.043464 -100.733222 1264.576620 7214.471470 0.747411 0.411546 -0.521542 0.658616 -0.355966 0.662958 -0.087187 0.838998 0.537104
1.096416 -103.012942 191.015418 6340.541066 0.748814 0.422528 -0.510635 0.653805 -0.344546 0.673667 -0.108705 0.838307 0.534252
0.746744 -86.701530 -568.319520 5681.655639 0.733881 0.445990 -0.512359 0.676785 -0.544642 0.495306 0.058151 0.710253 0.701541
-6.192122 -18.210862 614.370077 -1338.731212 0.111830 0.857664 -0.501903 0.916949 -0.283731 -0.280538 -0.383013 -0.428847 -0.818163
-8.354749 -18.334023 682.642053 -1135.342465 0.042360 0.867357 -0.495880 0.914128 -0.233948 -0.331117 -0.403206 -0.439272 -0.802786
-6.750100 -14.996343 705.669879 921.001844 -0.073990 0.902340 -0.424628 -0.895753 0.127027 0.426016 -0.438351 -0.411882 -0.798875
-8.356146 -23.084417 488.212544 -1320.422021 0.201369 0.816818 -0.540609 0.923076 -0.342885 -0.174240 -0.327690 -0.463937 -0.823032
-4.402126 -15.434908 607.636682 1366.045824 0.080250 0.876092 -0.475418 -0.908738 0.260287 0.326260 -0.409579 -0.405848 -0.817027
-6.715460 -22.849768 615.218981 -1215.848011 0.203927 0.827755 -0.522720 0.927522 -0.334200 -0.167372 -0.313236 -0.450702 -0.835913
-4.865345 -19.789884 693.105868 -1255.289856 0.155822 0.853056 -0.498011 0.925512 -0.302264 -0.228174 -0.345176 -0.425361 -0.836613
1.201304 -24.371900 1630.388879 1676.250345 0.371197 0.568013 -0.734557 -0.666796 0.713598 0.214851 0.646217 0.410048 0.643634
3.376701 -28.652580 1527.022111 1187.949352 0.381661 0.553840 -0.739998 -0.593605 0.760547 0.263062 0.708497 0.338866 0.619033
6.097456 -24.524864 1886.528247 2165.309208 0.378348 0.555930 -0.740132 -0.661990 0.721375 0.203439 0.647010 0.412989 0.640951
-2.220132 -28.472343 956.626030 1193.047818 0.366073 0.597104 -0.713762 -0.612151 0.732205 0.298574 0.700901 0.327630 0.633559
5.570497 -20.508284 2153.722395 1749.915202 0.353295 0.570161 -0.741687 -0.716383 0.674759 0.177470 0.601647 0.468632 0.646843
1.723921 -64.832657 -892.996001 -903.524932 0.574260 0.602330 -0.554458 0.168182 0.576023 0.799945 -0.801212 0.552626 -0.229485
-2.529351 -69.731704 -1329.091747 -1214.046578 0.563056 0.608604 -0.559079 0.151400 0.589094 0.793755 -0.812432 0.531573 -0.239551
0.241220 -66.231740 1120.489492 -766.215911 -0.569916 -0.638164 0.517631 -0.035999 0.648736 0.760162 -0.820914 0.414594 -0.392699
-1.142800 -68.380935 -1183.079150 -166.787615 0.552961 0.582601 -0.595659 0.339936 0.494950 0.799668 -0.760708 0.644672 -0.075641
4.121920 -61.639950 560.154939 -827.573524 -0.592567 -0.616332 0.518652 0.021860 0.631330 0.775206 -0.805225 0.470699 -0.360632
2.783775 -61.975333 -1011.462250 991.474407 0.551255 0.583776 -0.596090 0.373028 0.466617 0.801947 -0.746303 0.664435 -0.039460
-4.373110 -108.608053 422.709690 3413.325351 0.942254 -0.164966 -0.291452 0.056438 -0.779602 0.623727 0.330111 0.604158 0.725272
-7.278456 -115.091685 -1713.283878 1820.451132 0.948154 -0.139514 -0.285552 0.094536 -0.734016 0.672521 0.303426 0.664648 0.682771
-3.740174 -117.767197 579.401621 1088.818662 0.950161 -0.208620 -0.231671 0.100041 -0.499780 0.860355 0.295272 0.840653 0.454002
-0.833178 -95.527046 537.703350 -1036.337205 0.952997 -0.218447 -0.209948 0.099168 -0.429877 0.897425 0.286292 0.876063 0.388008
-2.851675 -99.394160 680.767671 379.202104 0.947118 -0.190299 -0.258368 0.074731 -0.652220 0.754337 0.312063 0.733754 0.603508
0.018603 -107.225349 243.347026 -522.033719 0.959859 -0.228719 -0.162355 0.113673 -0.211962 0.970644 0.256418 0.950137 0.177455
-2.508295 -124.354351 -1240.292170 507.267789 0.967283 -0.200833 -0.155015 0.121467 -0.169821 0.977960 0.222731 0.964794 0.139871
-3.382022 -506.534209 3498.719181 87920.948573 -0.598892 0.347758 0.721382 0.392394 0.912679 -0.114211 -0.698108 0.214666 -0.683055
23.098752 -524.577931 1056.866975 -2883.909443 -0.739895 0.334494 0.583669 0.162486 0.930793 -0.327449 -0.652805 -0.147440 -0.743039
22.247824 -404.296051 5545.314364 87810.288080 -0.731058 0.276530 0.623768 0.491631 0.847402 0.200522 -0.473132 0.453256 -0.755450
29.537629 -398.534884 -1046.352330 38238.241001 -0.836003 0.324150 0.442748 0.320337 0.943407 -0.085833 -0.445514 0.070072 -0.892528
37.552662 -318.623659 -5730.785494 57742.282563 0.800855 -0.316757 -0.508229 0.528203 0.773528 0.350223 -0.282194 0.548926 -0.786795
-2940.991452 -11471.999595 726052.280288 -7272045.315203 -0.531415 0.348386 0.772156 0.610201 -0.474825 0.634189 0.587582 0.808188 0.039744
-58.752919 -3075.343111 -17485.836322 -503156.878414 0.571566 -0.203899 -0.794819 0.678508 0.662169 0.318056 0.461453 -0.721081 0.516820
-2284.384879 -35805.647249 -558370.723704 23692461.905541 0.364307 -0.027994 -0.930858 0.497495 0.850822 0.169116 0.787260 -0.524708 0.323887
-103.929275 -3554.754793 106897.355161 -3346972.050814 0.711457 -0.549773 -0.437698 0.675657 0.363937 0.641122 0.193177 0.751864 -0.630383
-255.536987 -4236.385549 104829.476734 -3145693.708156 -0.676053 0.304023 0.671209 0.407870 0.913036 -0.002744 -0.613673 0.271911 -0.741263
-9.452672 -35.779332 -960.115120 1536.948175 0.765641 -0.241825 -0.596083 -0.508073 0.341000 -0.790937 -0.394533 -0.908427 -0.138219
-8.403110 -38.968110 -375.390551 2028.452827 0.752505 -0.251954 -0.608486 -0.522171 0.334784 -0.784383 -0.401340 -0.907986 -0.120364
-9.679721 -32.310450 -688.312871 1092.870530 0.723786 -0.219555 -0.654164 -0.521889 0.446007 -0.727125 -0.451405 -0.867683 -0.208230
-2.526926 -85.320355 289.998046 902.677205 0.674239 0.667729 -0.315500 0.738126 -0.595461 0.317169 0.023915 -0.446726 -0.894351
-2.579480 -88.163623 55.627772 3029.813462 0.661632 0.674449 -0.327662 0.740519 -0.519085 0.426828 0.117789 -0.525043 -0.842885
-2.666535 -81.397074 72.606556 3144.328289 0.649169 0.685487 -0.329678 0.717812 -0.408694 0.563663 0.251646 -0.602559 -0.757362
12.043365 -102.469279 -894.659562 -3045.931819 0.631780 0.609283 -0.479195 0.734348 -0.272537 0.621656 0.248166 -0.744646 -0.619610
11.541687 -112.248272 583.063254 2478.149459 0.643619 0.652831 -0.399458 -0.580450 0.076188 -0.810724 0.498832 -0.753663 -0.427971
14.230455 -104.261340 1089.014295 -4730.678261 0.639497 0.663856 -0.387735 0.705897 -0.307240 0.638211 0.304552 -0.681835 -0.665093
23.353700 -198.472454 -1274.546278 37192.643804 0.598632 0.657729 -0.457201 0.799973 -0.461663 0.383289 0.041027 -0.595197 -0.802531
-16.931260 -57.273692 -2341.595414 -11532.434209 0.884731 0.428652 0.183053 0.405588 -0.514493 -0.755510 0.229672 -0.742668 0.629044
-5.441776 -50.574153 -888.359647 -5914.435346 0.937624 0.345852 0.035329 0.237057 -0.561704 -0.792649 0.254295 -0.751581 0.608654
-31.107472 -189.033194 349.309361 -43793.778968 0.815572 0.482882 0.318854 0.535276 -0.420237 -0.732722 0.219824 -0.768262 0.601208
-177.007185 -2132.145644 -16381.530580 -590271.779370 0.120278 -0.623090 -0.772847 0.968471 0.244730 -0.046585 0.218166 -0.742877 0.632880
-5.888472 -85.597915 -2575.174811 15568.962042 0.972045 0.113457 0.205565 -0.226309 0.685994 0.691518 0.062559 0.718707 -0.692493
1.203191 -69.876149 -2622.554264 10715.602954 0.949783 0.167614 0.264230 -0.307155 0.660605 0.685023 0.059732 0.731783 -0.678915
-3.748063 -47.235282 -1888.989042 -5626.137254 0.885845 0.283781 0.367080 -0.460663 0.632392 0.622792 0.055402 0.720797 -0.690928
-5.800857 -25.492492 515.092722 1805.186036 0.546273 0.667346 -0.506196 -0.060110 -0.571544 -0.818367 0.835447 -0.477479 0.272105
-5.910965 -27.415487 662.441928 374.912300 0.536439 0.689295 -0.486934 -0.090232 -0.526826 -0.845170 0.839101 -0.497320 0.220414
-4.242932 -25.995854 564.022830 1710.486388 0.534686 0.684248 -0.495898 -0.054829 -0.557499 -0.828365 0.843270 -0.470105 0.260571
-40.310498 -62.347235 -94.449285 -3895.199054 0.125535 -0.726018 0.676121 0.990761 0.126993 -0.047590 -0.051311 0.675848 0.735252
-29.458169 -69.440391 -1928.168414 -9000.266215 0.167882 -0.620569 0.765970 0.965476 0.260491 -0.000565 -0.199178 0.739621 0.642876
-25.044472 -52.365699 -2801.008373 -7549.129660 0.015877 -0.619793 0.784605 0.936753 0.283612 0.205082 -0.349631 0.731725 0.585096
-35.441432 -47.839848 733.571801 1426.698069 0.433374 -0.172154 0.884619 -0.558956 0.718633 0.413684 -0.706934 -0.673743 0.215210
-35.298116 -48.374213 -286.128449 -947.951284 -0.438462 0.080795 -0.895111 0.678542 -0.623329 -0.388642 -0.589348 -0.777775 0.218483
-32.061121 -46.095076 -109.694991 1751.062720 0.395622 0.010201 0.918357 -0.605239 0.754988 0.252346 -0.690774 -0.655659 0.304864
25.776263 -57.443699 -2223.727876 -3754.224836 0.853069 0.457844 -0.250303 0.418326 -0.313359 0.852531 -0.311892 0.831976 0.458845
19.413411 -58.384861 -870.410409 -376.285386 0.837041 0.494713 -0.233714 0.471905 -0.436593 0.765958 -0.276892 0.751429 0.598904
18.038797 -52.819131 668.832897 -1522.931572 0.794476 0.553997 -0.248789 0.493312 -0.349792 0.796423 -0.354192 0.755469 0.551194
20.665331 -45.843231 994.360494 -4146.338937 0.768462 0.573933 -0.282962 0.453127 -0.175842 0.873931 -0.451821 0.799801 0.395192
2.310073 -29.973239 396.161268 -464.854792 0.356264 0.628637 -0.691297 0.543974 0.461999 0.700463 -0.759715 0.625598 0.177369
2.021285 -28.374040 -243.572004 -732.801206 0.333502 0.628307 -0.702856 0.456104 0.544946 0.703565 -0.825073 0.555215 0.104833
0.504967 -28.653697 1388.244432 -714.064723 0.374106 0.602274 -0.705203 0.457792 0.541381 0.705219 -0.806518 0.586663 0.073182
-0.996191 -30.417565 1863.066533 -756.933069 0.383356 0.614844 -0.689207 0.512514 0.479173 0.712546 -0.768354 0.626387 0.131422
1.224095 -30.543109 2407.153696 -442.713110 0.394760 0.604888 -0.691574 0.553372 0.444339 0.704515 -0.733447 0.660812 0.159321
-2.684317 -29.600372 1105.671549 -809.345879 0.357521 0.623996 -0.694843 0.465015 0.526283 0.711890 -0.809901 0.577628 0.102010
15.917377 -32.180125 -2010.631843 -1134.243538 -0.271161 -0.599914 0.752712 -0.586920 0.722861 0.364687 -0.762887 -0.342893 -0.548113
14.596130 -34.858446 -2582.838385 -1153.089818 -0.251769 -0.631492 0.733369 -0.499849 0.733732 0.460205 -0.828712 -0.250708 -0.500382
18.552959 -30.289502 -950.365036 -959.635700 -0.220810 -0.571631 0.790242 -0.547614 0.743134 0.384540 -0.807070 -0.347837 -0.477124
10.999029 -36.162648 -1515.173631 -1152.049839 -0.261324 -0.653379 0.710497 -0.520667 0.715223 0.466221 -0.812783 -0.248098 -0.527098
18.791024 -28.146293 -612.421146 -770.135272 -0.249883 -0.529829 0.810456 -0.606169 0.738299 0.295760 -0.755061 -0.417369 -0.505655
17.958087 -28.703793 -979.602394 -718.469325 -0.284776 -0.542935 0.790015 -0.649350 0.715511 0.257661 -0.705157 -0.439621 -0.556315
13.661279 -32.271858 -1635.266053 -1120.017667 -0.294847 -0.626080 0.721865 -0.651427 0.684388 0.327500 -0.699077 -0.373679 -0.609635
10.800699 -34.985636 -1641.781365 -1162.375015 -0.272726 -0.655330 0.704389 -0.589193 0.692555 0.416196 -0.760573 -0.301514 -0.574994
2.077189 -44.595428 -155.395571 -356.719961 0.359204 0.388125 -0.848723 0.545046 0.650963 0.528367 0.757560 -0.652385 0.022283
0.271588 -45.892444 -191.215203 26.105447 0.341030 0.345123 -0.874408 0.478359 0.737022 0.477463 0.809241 -0.581110 0.086254
5.297843 -54.216368 121.231551 -1313.769173 -0.575730 -0.385769 0.720914 0.071534 0.854556 0.514410 -0.814505 0.347731 -0.464398
7.218241 -53.748120 -298.946033 -1961.574962 -0.571478 -0.397682 0.717817 -0.052494 0.890653 0.451643 -0.818936 0.220423 -0.529865
5.860650 -54.313970 -105.945730 834.883972 -0.578297 -0.400860 0.710552 -0.157342 0.909410 0.384991 -0.800510 0.110840 -0.588981
3.528831 -53.948627 -382.381617 907.137655 -0.595374 -0.399920 0.696846 -0.210933 0.914697 0.344727 -0.775266 0.058254 -0.628943
-11.116831 -60.693467 -485.975284 -576.957407 0.519480 0.410363 -0.749495 0.853901 -0.281650 0.437637 -0.031505 -0.867338 -0.496721
-12.674570 -61.849706 -801.210742 -8.678841 0.506174 0.377521 -0.775413 0.857033 -0.320623 0.403354 -0.096340 -0.868722 -0.485839
-11.638793 -59.148160 -379.209979 -573.725159 0.527446 0.408393 -0.744994 0.826855 -0.448252 0.339678 -0.195223 -0.795164 -0.574110
-13.129493 -62.032556 -854.491259 -101.209838 0.516797 0.364980 -0.774410 0.806744 -0.510342 0.297851 -0.286504 -0.778679 -0.558188
-12.298114 -59.987131 620.168193 -759.005270 0.539027 0.461100 -0.704866 0.836921 -0.387523 0.386508 -0.094933 -0.798256 -0.594790
-12.287564 -59.459949 -388.646650 341.117004 0.536625 0.397955 -0.744087 0.769678 -0.592287 0.238312 -0.345876 -0.700591 -0.624133
-11.887968 -59.142239 902.689276 -513.494618 0.555125 0.451321 -0.698674 0.795137 -0.534480 0.286511 -0.244118 -0.714591 -0.655565
1.436392 -94.111132 23.527052 6455.087263 0.412081 0.496027 -0.764295 -0.145300 0.863867 0.482308 0.899487 -0.087697 0.428056
-9.706118 -29.432728 209.423154 -388.367606 -0.503912 -0.499987 0.704334 0.692479 0.253547 0.675416 -0.516281 0.828086 0.218465
-9.144770 -27.515662 -9.746477 1320.960162 -0.524220 -0.491671 0.695308 0.731893 0.157281 0.663020 -0.435346 0.856459 0.277401
-8.140961 -27.050125 447.936077 1355.795217 -0.557985 -0.485713 0.672856 0.707592 0.145133 0.691557 -0.433552 0.861986 0.262704
-7.229176 -26.885865 26.080101 2302.647434 -0.563247 -0.462120 0.684980 0.753708 0.052408 0.655117 -0.338641 0.885267 0.318785
-7.902784 -25.501758 -398.603396 1395.826283 -0.523887 -0.467629 0.711945 0.779762 0.073086 0.621796 -0.342803 0.880898 0.326350
5.783583 -83.719074 -365.571517 1721.190261 0.664903 -0.736083 0.126829 0.746216 0.662042 -0.069726 -0.032642 0.141003 0.989471
-6.416746 -61.310318 -1175.957719 1152.773665 0.399858 0.243327 -0.883689 0.785029 -0.588577 0.193149 -0.473121 -0.770954 -0.426366
-2.066811 -111.010190 233.524923 7186.979310 0.871317 -0.478244 -0.109952 0.001839 -0.220877 0.975300 0.490718 0.849997 0.191574
0.350761 -134.688394 1933.936789 9314.531941 0.857344 -0.504721 -0.101082 0.092849 -0.041516 0.994814 0.506301 0.862283 -0.011269
-2.581775 -130.924449 -12.644141 9278.129992 0.873795 -0.471332 -0.119701 0.151226 0.029424 0.988061 0.462183 0.881465 -0.096988
-1.056807 -156.123907 1351.755163 8868.985741 0.867825 -0.485749 -0.104532 0.252897 0.250728 0.934440 0.427694 0.837367 -0.340433
-4.422685 -167.711918 -615.784949 9744.933580 0.877442 -0.461649 -0.130292 0.291802 0.298118 0.908833 0.380719 0.835468 -0.396291
-9.095204 -146.449208 477.140042 -14992.761358 0.779118 -0.626847 -0.006239 0.365196 0.445774 0.817262 0.509517 0.639022 -0.576232
-8.389090 -135.473361 949.701782 -6741.375553 0.747275 -0.664429 -0.010687 0.302492 0.325802 0.895741 0.591675 0.672597 -0.444448
-2.266053 -250.246801 591.230498 -20390.397048 0.819603 -0.528740 -0.220648 0.561828 0.817179 0.128713 -0.112253 0.229460 -0.966823
-2.948045 -237.989314 -573.389923 12982.171244 0.814308 -0.523749 -0.250177 0.578301 0.695184 0.426951 0.049696 0.492347 -0.868979
-1.268967 -252.661259 -141.158218 37304.073922 0.821155 -0.515884 -0.244064 0.501553 0.448288 0.739921 0.272303 0.730001 -0.626857
10.154814 -34.399887 -4872.645917 209.919590 0.365671 0.659763 -0.656504 0.231344 0.618790 0.750719 -0.901534 0.426395 -0.073642
2.689875 -35.362520 -3962.637588 78.209230 0.373217 0.669639 -0.642100 0.230647 0.603407 0.763349 -0.898616 0.432994 -0.070752
-11.422044 -28.829250 36.373533 552.023673 0.011993 -0.691286 0.722482 0.868247 0.365593 0.335394 -0.495987 0.623271 0.604591
-10.720240 -29.877339 563.197327 374.279665 0.040217 -0.698916 0.714073 0.826863 0.424498 0.368917 -0.560964 0.575603 0.594979
-17.635779 -24.217883 585.580288 -647.302973 -0.332500 -0.470028 0.817629 -0.599177 0.774784 0.201734 -0.728307 -0.422828 -0.539246
-16.004431 -23.176670 480.394882 -801.994655 -0.342096 -0.390104 0.854862 -0.581396 0.802579 0.133585 -0.738206 -0.451315 -0.501364
-14.520753 -25.592905 687.223112 -541.702694 -0.390038 -0.283609 0.876034 -0.480703 0.874166 0.068980 -0.785363 -0.394207 -0.477290
-0.073998 -82.262756 128.193117 5901.161871 -0.503249 -0.336464 0.795948 0.770238 -0.592226 0.236647 0.391758 0.732161 0.557194
-0.749658 -77.026232 -35.772036 6470.857772 -0.497547 -0.328835 0.802692 0.712904 -0.682193 0.162421 0.494181 0.653054 0.573851
-14.315829 -26.774357 -2288.362464 490.116750 -0.667345 0.720869 0.187080 -0.069740 0.189607 -0.979380 0.741477 0.666631 0.076260
8.072936 -25.275541 -9606.858952 249.859228 -0.523150 0.590169 0.614830 -0.350600 0.508517 -0.786441 0.776784 0.626986 0.059117
2.717299 -19.652181 -3849.440442 1396.064007 -0.638411 0.718694 0.275520 -0.190103 0.199640 -0.961252 0.745850 0.666050 -0.009173
-4.842561 -26.966252 -5280.463834 -1029.002431 0.651499 -0.657378 0.378686 -0.310660 0.224219 0.923697 0.692127 0.719430 0.058142
40.446604 -100.818200 3300.204017 -6952.855257 0.553893 0.693442 -0.460805 0.408311 0.256098 0.876183 -0.725593 0.673463 0.141289
30.570480 -75.108976 1429.240638 2725.851130 0.472132 0.734690 -0.487156 0.322397 0.370434 0.871113 -0.820458 0.568339 0.061968
20.519786 -73.699171 -557.072508 2553.954504 0.470190 0.638284 -0.609520 0.178100 0.607795 0.773865 -0.864409 0.472418 -0.172101
20.059399 -89.829772 851.761115 2204.619599 -0.505338 -0.569555 0.648260 0.175046 0.667960 0.723317 -0.844981 0.478995 -0.237847
20.755261 -84.711404 -734.772031 -8670.043642 0.183196 0.978035 -0.099433 0.474244 0.000675 0.880393 -0.861122 0.208440 0.463704
30.608075 -81.621886 -3752.859956 -7491.492289 0.166453 0.975134 -0.146314 0.424692 0.063018 0.903142 -0.889904 0.212469 0.403642
-8.733056 -29.349054 -63.990391 -1744.411252 -0.586765 -0.523630 0.617672 0.760495 -0.094356 0.642452 -0.278126 0.846705 0.453583
-9.948810 -29.877161 -146.010311 -131.622004 -0.516557 -0.533437 0.669787 0.795485 -0.009543 0.605898 -0.316817 0.845786 0.429270
-9.251124 -33.149599 -152.414683 -1164.291607 -0.564403 -0.545894 0.619233 0.775070 -0.092265 0.625103 -0.284106 0.832759 0.475180
-0.431079 -26.171657 -3316.949441 -3426.867781 0.494848 0.868979 0.000423 -0.269723 0.154059 -0.950534 0.826060 -0.470256 -0.310620
4.984833 -36.043282 -2014.884587 -7030.560396 0.443045 0.895063 -0.050731 -0.285269 0.087106 -0.954481 0.849901 -0.437351 -0.293926
-4.414149 -45.057544 654.523758 -11953.468889 0.475974 0.879043 -0.027046 -0.221089 0.089834 -0.971107 0.851216 -0.468202 -0.237105
-4.154748 -15.573434 282.780090 -503.369570 0.514241 0.649996 0.559519 0.039178 0.633905 -0.772418 0.856751 -0.419130 -0.300514
9.717748 -23.426710 -135.804912 1405.083987 0.512696 0.496867 -0.700189 -0.018371 0.821692 0.569636 0.858373 -0.279187 0.430407
-3.246429 -26.598716 1411.761276 -498.435564 0.510185 0.495222 -0.703183 0.754476 0.134802 0.642335 0.412889 -0.858245 -0.304859
-6.530740 -29.179899 999.748931 -637.091013 0.520967 0.485404 -0.702123 0.695730 0.235085 0.678745 0.494524 -0.842092 -0.215239
-7.517065 -27.552639 845.568230 -644.817550 0.493124 0.472576 -0.730411 0.764200 0.165903 0.623277 0.415723 -0.865533 -0.279332
8.437950 -25.560261 1369.652000 -995.872784 0.292163 0.801937 -0.521093 0.925075 -0.375210 -0.058766 -0.242646 -0.464881 -0.851475
6.395761 -27.413533 2288.228705 -858.285954 0.249428 0.831777 -0.495916 0.952020 -0.304388 -0.031703 -0.177321 -0.464214 -0.867792
5.214415 -24.376518 1979.442361 -1032.003814 0.267677 0.822603 -0.501670 0.930675 -0.355509 -0.086356 -0.249384 -0.443776 -0.860738
1.760877 -21.709125 1152.294634 -1299.599527 0.237693 0.828202 -0.507527 0.922228 -0.356460 -0.149773 -0.304955 -0.432455 -0.848519
5.469209 -21.679952 1301.312120 -943.907809 0.340739 0.777162 -0.529071 0.881504 -0.459750 -0.107619 -0.326877 -0.429708 -0.841726
-4.229556 -36.625729 -977.624160 -1766.372909 0.536565 0.652524 -0.535080 -0.085249 0.672758 0.734935 0.839542 -0.348725 0.416605
-4.929171 -40.012387 -458.845583 -4015.967811 0.527116 0.617988 -0.583301 -0.110063 0.730270 0.674234 0.842636 -0.291200 0.452955
-3.587922 -38.865043 -843.783235 -4616.655902 0.545640 0.628706 -0.554081 -0.095711 0.703605 0.704116 0.832536 -0.331162 0.444089
5.641749 -56.146282 -154.794643 526.524553 -0.621564 -0.636124 0.457169 -0.221487 0.702494 0.676347 -0.751400 0.319136 -0.577539
5.296670 -53.804712 -593.986997 395.241780 -0.633731 -0.634730 0.442158 -0.272371 0.718083 0.640446 -0.724016 0.285439 -0.627953
-11.109557 -59.996872 205.396591 -654.981706 -0.617235 -0.594427 0.515439 -0.174913 0.742404 0.646717 -0.767090 0.309019 -0.562210
2.838429 -85.875031 1176.632677 5911.691177 0.722819 0.430413 -0.540627 0.684533 -0.553056 0.474914 0.094587 0.713354 0.694392
3.246313 -104.694306 1209.448033 6220.168213 0.740135 0.423022 -0.522736 0.671544 -0.424443 0.607352 -0.035052 0.800563 0.598223
1.407622 -74.111494 -63.991443 4026.386409 0.720029 0.458421 -0.520969 0.674058 -0.640456 0.368051 0.164935 0.616171 0.770149
3.765820 -91.075474 1091.057603 2637.602167 0.710728 0.449922 -0.540773 0.689393 -0.598469 0.408132 0.140008 0.662877 0.735522
2.890124 -76.682622 944.871712 2057.858215 0.696463 0.465779 -0.545884 0.680299 -0.670616 0.295748 0.228325 0.577342 0.783929
-8.838406 -18.008664 832.350532 -753.040430 -0.349577 0.893483 -0.281928 -0.816621 -0.143068 0.559161 -0.459266 -0.425698 -0.779651
-10.437565 -20.472403 674.272090 -469.140829 -0.068995 0.877942 -0.473770 0.903791 -0.146058 -0.402279 -0.422375 -0.455944 -0.783399
-9.864746 -23.035765 700.218696 -1285.951231 0.186074 0.811527 -0.553895 0.918265 -0.344177 -0.195783 -0.349521 -0.472193 -0.809240
8.029712 -26.583316 803.295133 1300.834068 0.408523 0.567892 -0.714568 -0.609922 0.752272 0.249161 0.679046 0.334043 0.653690
6.152326 -30.351215 1255.317924 0.685758 0.395590 0.544158 -0.739865 -0.494404 0.805068 0.327766 0.773998 0.236131 0.587510
