14501
28992
-37.177645 -58.342833 -598.880042 8224.770176 0.964340 0.090808 0.248601 0.247879 0.019320 -0.968598 0.092760 -0.995681 0.003879
-41.919761 -63.701835 399.732760 6129.828549 0.987077 0.139845 0.078247 0.095033 -0.117689 -0.988493 0.129027 -0.983155 0.129458
-45.177806 -76.280534 -118.460072 9158.769955 0.870023 0.138464 0.473168 0.489640 -0.130622 -0.862085 0.057562 -0.981716 0.181441
-32.714483 -50.276987 -146.171056 4529.872912 0.961579 0.148611 -0.230826 -0.228235 -0.034494 -0.972995 0.152560 -0.988294 -0.000750
-29.422792 -79.143515 -4630.151588 13841.545158 0.845642 0.046897 0.531686 0.533279 -0.032378 -0.845320 0.022428 -0.998375 0.052390
-27.578181 -57.839486 -3669.882055 11439.196023 0.915607 0.011261 0.401918 0.398802 0.101856 -0.911363 0.051200 -0.994735 -0.088769
-23.972611 -41.000456 -1414.346482 3622.394948 0.990238 0.075631 -0.117088 -0.124947 0.109266 -0.986128 0.061788 -0.991131 -0.117649
-45.471649 -69.300710 749.653118 -1237.231904 0.688028 0.308880 -0.656666 -0.336711 -0.665710 -0.665925 0.642840 -0.679282 0.354024
-47.578433 -69.720643 694.703171 1547.391870 0.707951 0.368839 -0.602299 0.164421 0.743294 0.648444 0.686856 -0.558097 0.465571
-47.202427 -70.993448 1206.875055 -1188.553360 0.791310 0.301393 -0.531969 -0.247870 -0.637219 -0.729734 0.558917 -0.709305 0.429532
-48.485127 -69.005548 2547.101202 -568.425167 0.732424 0.430203 -0.527713 -0.006150 0.779229 0.626709 0.680821 -0.455771 0.573372
-49.753807 -71.128440 2503.192728 -2194.982169 0.744597 0.460367 -0.483361 -0.145584 0.818689 0.555476 0.651445 -0.343235 0.676616
-49.867153 -71.271962 889.358110 -784.129753 0.826985 0.365873 -0.426887 -0.011734 0.770350 0.637513 0.562101 -0.522205 0.641361
-49.339561 -69.979093 1052.502900 -1757.278712 0.679465 0.501439 -0.535617 -0.164200 0.815422 0.555090 0.715098 -0.289216 0.636387
23.458339 -45.456546 -21986.484864 190.284084 0.189080 -0.525506 0.829514 -0.428106 0.716129 0.551258 -0.883727 -0.459351 -0.089567
-12.851296 -50.193244 -15110.349299 1238.109944 0.143655 -0.384665 0.911809 -0.486784 0.774730 0.403528 -0.861629 -0.501823 -0.075955
0.067491 -49.644069 -19421.208405 450.456651 0.195325 -0.497996 0.844895 -0.359644 0.765104 0.534109 -0.912417 -0.408186 -0.029657
19.098183 -45.796819 -7557.852161 457.896531 -0.288257 -0.439282 -0.850846 0.707712 0.500811 -0.498329 0.645020 -0.745801 0.166523
15.140921 -45.593089 -8263.142897 50.795180 -0.297040 -0.461343 -0.836020 0.764033 0.410317 -0.497889 0.572731 -0.786640 0.230601
5.051887 -44.583097 -6277.150790 -30.068212 -0.303257 -0.447588 -0.841249 0.726235 0.463008 -0.508140 0.616942 -0.765042 0.184644
1.212297 -44.874093 -6402.457988 367.279449 -0.300238 -0.450144 -0.840968 0.660891 0.537563 -0.523689 0.687809 -0.713019 0.136099
14.365710 -45.466552 -6484.679792 137.868057 -0.295740 -0.435288 -0.850331 0.615299 0.594103 -0.518121 0.730715 -0.676437 0.092132
25.316294 -44.547634 -3068.289567 -352.917407 -0.346038 -0.362673 -0.865290 0.671079 0.548851 -0.498414 0.655676 -0.753147 0.053459
0.986043 -51.028260 -372.316515 1578.400588 0.962187 0.220076 -0.160509 -0.272298 0.761788 -0.587821 0.007091 -0.609300 -0.792908
1.876171 -47.840523 1915.031306 1299.530498 0.960148 0.244962 -0.134570 -0.279491 0.842089 -0.461272 -0.000326 -0.480500 -0.876994
1.618657 -50.942053 2062.475731 1918.404014 0.959175 0.240980 -0.148026 -0.282192 0.780857 -0.557342 0.018721 -0.576361 -0.816981
-2.983696 -53.446011 -38.490827 2494.162010 0.814568 0.570592 -0.104423 -0.056111 0.256680 0.964866 -0.577348 0.780090 -0.241100
-3.622640 -58.776411 -253.560458 2604.517675 0.809846 0.571583 -0.132073 -0.096655 0.352061 0.930973 -0.578626 0.741179 -0.340361
-2.045305 -53.308817 -963.480312 2071.857478 0.807684 0.576502 -0.123662 -0.009166 0.221984 0.975007 -0.589544 0.786364 -0.184577
-3.275879 -49.395503 -1365.350333 2213.394175 0.805673 0.586961 -0.079805 -0.000372 0.135224 0.990815 -0.592361 0.798243 -0.109165
-3.271876 -48.507311 318.392565 2077.569959 0.822881 0.562292 -0.081824 -0.006221 0.152908 0.988221 -0.568180 0.812679 -0.129323
-32.003536 -82.192311 1729.657427 14525.569079 0.858973 0.045058 0.510035 0.511296 -0.128486 -0.849746 -0.027244 -0.990687 0.133404
-34.150594 -83.469565 5422.401851 15583.990581 0.910104 0.101784 0.401684 0.414340 -0.236765 -0.878786 -0.005659 -0.966221 0.257654
-36.663253 -106.831512 1219.281016 16278.699275 0.853609 0.061367 0.517287 0.502266 -0.360288 -0.786080 -0.138133 -0.930820 0.338368
-0.284338 -157.721882 -1370.021712 803.251503 0.829448 -0.343070 0.440816 0.371329 -0.250894 -0.893961 -0.417289 -0.905182 0.080712
-2.428921 -153.741084 -1562.928665 8328.985284 0.845894 -0.347778 0.404370 0.454281 0.072559 -0.887898 -0.279450 -0.934765 -0.219366
-0.781687 -148.327078 578.596034 2117.171177 0.844310 -0.320682 0.429307 0.390342 -0.180812 -0.902740 -0.367116 -0.929769 0.027485
4.929065 -42.816576 2235.272577 1369.910005 0.901971 0.419883 -0.100732 -0.231774 0.667619 0.707506 -0.364321 0.614803 -0.699491
0.466213 -50.245046 -581.619776 650.135557 0.894188 0.430457 -0.123025 -0.222611 0.665928 0.712028 -0.388423 0.609300 -0.691289
2.017911 -52.218568 -85.792782 -3697.505171 0.884484 0.461209 -0.070530 -0.257670 0.608879 0.750248 -0.388965 0.645409 -0.657384
8.321545 -46.284678 3378.590948 -1743.318243 0.898180 0.432426 -0.079253 -0.238274 0.630326 0.738860 -0.369457 0.644745 -0.669182
16.056042 -39.909115 5568.792452 1741.587074 0.917417 0.383997 -0.104365 -0.217167 0.702921 0.677304 -0.333443 0.598706 -0.728263
0.586250 -71.304188 -1326.806899 3026.697522 0.728585 -0.310065 0.610757 0.367042 0.929580 0.034072 -0.578312 0.199349 0.791085
0.823257 -81.765569 -627.633814 -7181.559853 0.801018 -0.160450 0.576738 0.310159 0.935256 -0.170582 -0.512027 0.315520 0.798921
5.859785 -79.541168 668.414693 -200.126154 0.765097 -0.288736 0.575551 0.316307 0.947082 0.054645 -0.560872 0.140242 0.815938
8.756008 -81.706580 -404.016325 4046.951353 0.717812 -0.336403 0.609572 0.261111 0.941693 0.212214 -0.645420 0.006836 0.763798
-0.973789 -81.661864 -3677.722808 7116.973836 0.685253 -0.343958 0.641967 0.309098 0.935480 0.171278 -0.659460 0.081062 0.747356
-10.528641 -79.127567 -4569.538991 10488.125046 0.691903 -0.304419 0.654675 0.351842 0.933974 0.062442 -0.630458 0.187138 0.753327
-19.984493 -56.926310 -1879.667809 5782.220859 0.875326 0.481981 -0.038706 -0.482381 0.875961 -0.001146 0.033352 0.019674 0.999250
-21.169691 -61.418122 -1159.650408 7743.661701 0.886086 0.457808 -0.072545 -0.452351 0.888229 0.080180 0.101144 -0.038230 0.994137
-23.295831 -55.086524 -1311.268472 3768.090074 0.870485 0.479451 -0.111273 -0.477970 0.877401 0.041387 0.117475 0.017158 0.992928
-9.807564 -242.123729 856.958844 -29854.383567 -0.267750 0.963388 -0.013938 -0.905820 -0.246768 0.344376 -0.328328 -0.104832 -0.938728
-7.454721 -275.534806 229.811939 -26891.297056 -0.300583 0.953752 -0.002696 -0.742073 -0.232093 0.628857 -0.599148 -0.191024 -0.777516
-8.427111 -263.323803 267.493327 -20603.522039 -0.304726 0.952312 0.015586 -0.690754 -0.232239 0.684780 -0.655744 -0.197905 -0.728583
-6.750633 -271.812114 -153.633068 3859.890199 -0.316453 0.948578 0.007575 -0.419132 -0.146980 0.895949 -0.850991 -0.280351 -0.444092
-8.625885 -258.487476 -492.157082 -33091.394431 -0.280144 0.959953 0.002998 -0.863013 -0.253219 0.437137 -0.420390 -0.119874 -0.899390
-7.174046 -277.638750 -351.477503 -19352.425598 -0.293982 0.955526 0.023334 -0.602440 -0.204192 0.771603 -0.742052 -0.212780 -0.635676
-6.176316 -253.426404 305.168219 9498.230544 -0.307133 0.951009 0.035381 -0.346678 -0.146430 0.926484 -0.886275 -0.272288 -0.374667
4.222539 -128.880543 -559.212641 -14233.773302 -0.037161 0.992024 -0.120449 -0.985737 -0.056187 -0.158637 0.164139 -0.112836 -0.979962
4.336700 -110.703231 -1260.854119 -9770.473041 -0.035913 0.989633 -0.139055 -0.928334 -0.084554 -0.362005 0.370009 -0.116089 -0.921746
9.445679 -120.492043 -3500.957878 -13704.262398 -0.043388 0.988546 -0.144549 -0.944805 -0.087631 -0.315698 0.324749 -0.122873 -0.937785
8.574230 -135.946549 -2342.020098 13605.738468 -0.044185 0.990496 -0.130249 0.996835 0.052336 0.059837 0.066085 -0.127193 -0.989674
-5.559632 -111.687129 -213.766744 1172.728793 0.046595 0.980621 0.190294 0.444279 0.150277 -0.883194 0.894676 -0.125696 0.428668
-7.059274 -111.765704 -1772.611516 2021.946455 0.049586 0.978243 0.201449 0.603653 0.131335 -0.786355 0.795703 -0.160597 0.584007
-4.592684 -114.264682 -1926.408096 -1073.379948 0.067485 0.969398 0.236037 0.642148 0.138862 -0.753899 0.763604 -0.202448 0.613126
-7.455212 -107.672705 -887.871364 3181.790289 0.053768 0.987168 0.150360 0.414597 0.114916 -0.902720 0.908415 -0.110876 0.403098
-5.507115 -118.397313 620.955708 -572.438821 0.060048 0.979664 0.191449 0.564701 0.124814 -0.815803 0.823108 -0.157098 0.545723
5.188778 -403.915823 3359.791286 72354.887802 -0.137196 0.990522 -0.006557 -0.158791 -0.028527 -0.986900 0.977734 0.134357 -0.161199
-0.726404 -306.973410 576.157748 -21351.948296 -0.149324 0.988389 -0.028097 -0.394776 -0.085646 -0.914777 0.906562 0.125506 -0.402981
1.869342 -304.190333 -1722.227022 18182.326717 -0.135892 0.990592 -0.016148 -0.472506 -0.079128 -0.877768 0.870788 0.111652 -0.478813
6.978299 -455.362389 -1047.442778 77418.201114 -0.096370 0.995325 0.006456 -0.064873 0.000192 -0.997894 0.993229 0.096586 -0.064551
0.588460 -19.438816 7986.504215 1438.101465 0.987411 -0.142410 -0.068845 -0.057638 0.081382 -0.995015 -0.147303 -0.986456 -0.072149
20.670153 -18.815711 9914.006243 665.282569 0.986451 -0.160699 0.033024 0.043670 0.063175 -0.997047 -0.158138 -0.984980 -0.069337
11.984041 -22.043842 8904.296847 2655.550093 0.989621 -0.142532 0.018298 0.023603 0.035613 -0.999087 -0.141750 -0.989149 -0.038608
7.096263 -18.803119 8549.521603 -793.245432 0.988324 -0.151974 -0.010900 0.004871 0.103016 -0.994668 -0.152286 -0.983001 -0.102553
-6.931670 -25.543525 6016.149897 3093.402167 0.983963 -0.162897 -0.072678 -0.067197 0.038918 -0.996980 -0.165234 -0.985875 -0.027348
-11.165795 -41.524584 -116.738827 -3364.678553 0.770181 0.602141 -0.210350 -0.475755 0.322678 -0.818252 0.424828 -0.730277 -0.534992
-12.849818 -46.952874 1405.429687 -1969.636433 0.756141 0.618904 -0.212622 -0.539174 0.405061 -0.738388 0.370867 -0.672966 -0.639980
-11.804696 -44.751235 -571.465569 -1754.600561 0.744306 0.628549 -0.225689 -0.555376 0.394869 -0.731871 0.370899 -0.670079 -0.642984
-11.857903 -47.650593 -594.073470 -357.795719 0.720889 0.646308 -0.250209 -0.628688 0.457900 -0.628554 0.291669 -0.610421 -0.736421
-14.201436 -44.077584 -1267.866485 -810.312795 0.717142 0.663109 -0.214463 -0.591134 0.415767 -0.691157 0.369146 -0.622434 -0.690150
-13.286553 -38.722371 -1055.407409 -1995.370274 0.759953 0.632720 -0.148781 -0.466732 0.371905 -0.802401 0.452363 -0.679228 -0.577941
-10.058954 -38.672274 -1605.946528 -2617.314967 0.769036 0.610261 -0.190170 -0.465248 0.330387 -0.821212 0.438324 -0.720017 -0.538002
-12.424016 -89.505430 -634.879465 -2977.781987 -0.777929 0.276944 -0.564029 0.418523 0.897911 -0.136358 0.468684 -0.342136 -0.814419
-13.058017 -88.743279 -834.043088 -2808.664322 -0.772979 0.294737 -0.561813 0.364425 0.931143 -0.012906 0.519325 -0.214715 -0.827163
-14.293548 -96.965752 -1689.030708 -2095.791248 -0.732490 0.315829 -0.603084 0.324177 0.940807 0.098954 0.598638 -0.123023 -0.791516
-12.604701 -92.284573 278.461545 -1307.416095 -0.758553 0.298753 -0.579090 0.429269 0.897716 -0.099168 0.490231 -0.323809 -0.809210
-11.378535 -100.026472 18.547709 -2188.823289 -0.731752 0.329171 -0.596813 0.352640 0.932179 0.081770 0.583253 -0.150625 -0.798203
-12.303453 -99.951231 580.553919 589.276190 -0.734143 0.345888 -0.584290 0.209339 0.933905 0.289825 0.645919 0.090458 -0.758028
-15.332300 -97.588759 -2257.674942 -208.145404 -0.718260 0.350880 -0.600820 0.189673 0.929565 0.316121 0.669422 0.113098 -0.734222
-16.263712 -95.290493 -3396.497273 -626.369408 -0.728355 0.325654 -0.602867 0.212191 0.943788 0.253453 0.651517 0.056681 -0.756513
-9.834835 -24.746783 -318.059615 2244.674320 -0.331657 0.037548 -0.942653 0.035336 0.999001 0.027360 0.942738 -0.024235 -0.332652
-12.230958 -30.509738 6.480876 1962.916675 -0.330522 0.048695 -0.942541 0.120103 0.992719 0.009171 0.936125 -0.110171 -0.333964
-12.255076 -30.221038 -17.661269 2146.553346 -0.327068 0.203409 -0.922849 0.156444 0.974739 0.159401 0.931961 -0.092239 -0.350628
-174.980470 -265.444062 -24938.141694 -23606.708461 0.180991 0.970758 0.157708 -0.955316 0.135428 0.262737 -0.233696 0.198214 -0.951891
-162.796294 -309.096255 -35768.224345 51203.523084 -0.013319 0.999610 0.024545 -0.802483 -0.025330 0.596137 -0.596526 0.011757 -0.802507
-277.805056 -359.369478 -40672.879471 -23046.784628 0.561188 0.799450 -0.214353 -0.507710 0.537024 0.673673 -0.653681 0.269228 -0.707261
-229.750706 -303.957965 14338.045433 -34030.663580 0.738579 0.661660 0.129259 -0.599366 0.556670 0.575221 -0.308646 0.502319 -0.807721
0.578388 -72.883473 -210.086517 4026.567407 0.942703 0.303867 0.137754 0.319412 -0.702734 -0.635721 0.096370 -0.643296 0.759528
0.390770 -72.495269 458.912322 599.359666 0.944664 0.309820 0.107799 0.289466 -0.632688 -0.718273 0.154332 -0.709731 0.687360
1.609530 -73.421704 -7.123898 61.782386 0.945886 0.300616 0.122187 0.291561 -0.622027 -0.726687 0.142451 -0.722988 0.676015
-0.221171 -76.097813 597.383633 2027.503364 0.942588 0.317120 0.104703 0.299869 -0.665704 -0.683313 0.146992 -0.675480 0.722579
1.002391 -73.665801 110.888633 3166.107582 0.943558 0.306711 0.125006 0.304642 -0.655589 -0.690939 0.129966 -0.690023 0.712023
5.645765 -61.419424 -9680.403779 827.604137 0.793251 0.455682 0.403864 -0.316825 -0.257520 0.912856 -0.519975 0.852078 0.059907
39.879959 -51.799382 2182.745607 7593.081102 0.806378 0.177518 0.564129 -0.478935 -0.363590 0.799014 -0.346951 0.914489 0.208172
22.811773 -49.541530 1150.314333 8659.187029 0.803901 0.209672 0.556580 -0.437766 -0.424894 0.792355 -0.402622 0.880626 0.249785
-2.263995 -35.453348 -3344.171647 949.179604 0.827475 0.413791 0.379555 -0.231802 -0.363935 0.902119 -0.511422 0.834463 0.205230
-1.894043 -46.804393 -14604.789848 -348.925372 0.237788 0.120954 0.963757 0.425989 0.878717 -0.215386 -0.872921 0.461766 0.157423
22.541244 -41.564889 -14420.959784 -302.655034 0.256730 0.125728 0.958270 0.484889 0.840932 -0.240240 -0.836045 0.526332 0.154928
35.093209 -41.714871 -15060.461172 -247.943308 0.299161 0.174394 0.938131 0.384536 0.877754 -0.285796 -0.873289 0.446244 0.195529
25.008390 -44.443417 -16853.509773 747.696262 0.275344 0.208516 0.938460 0.336054 0.893731 -0.297175 -0.900696 0.397198 0.176011
29.826532 -43.005686 -1950.151281 -1050.884740 -0.444753 0.246043 -0.861195 -0.527871 0.704776 0.473966 0.723566 0.665398 -0.183572
23.096594 -41.332222 -4368.504693 -997.721047 -0.383508 0.325206 -0.864386 -0.526906 0.691627 0.493986 0.758480 0.644897 -0.093892
26.609506 -43.560854 79.339727 421.469253 0.470692 -0.250880 0.845877 0.597970 -0.614238 -0.514921 0.648754 0.748178 -0.139098
29.369172 -43.448090 2351.059193 -400.416431 0.443125 -0.301628 0.844192 0.666887 -0.518399 -0.535279 0.599084 0.800177 -0.028563
30.005279 -44.163953 -3237.106952 -597.297621 0.519467 -0.200919 0.830533 0.677820 -0.494941 -0.543685 0.520302 0.845378 -0.120919
29.881857 -44.150113 -3331.012070 1279.044943 0.516128 -0.165805 0.840310 0.543363 -0.695006 -0.470875 0.662094 0.699625 -0.268620
19.482841 -41.675970 3965.026574 -72.415149 0.392801 -0.356915 0.847537 0.609188 -0.589414 -0.530549 0.688911 0.724709 -0.014094
25.640680 -39.542478 -4112.811074 -647.663096 -0.379682 0.273863 -0.883652 -0.470969 0.764914 0.439426 0.796260 0.583015 -0.161444
18.322768 -38.803052 -5346.463670 -470.575239 -0.355220 0.325678 -0.876215 -0.478090 0.742181 0.469678 0.803274 0.585748 -0.107934
4.805236 -53.881168 -202.940131 -761.397944 -0.365314 -0.048815 -0.929604 0.930595 -0.044039 -0.363391 -0.023200 -0.997836 0.061515
5.176644 -56.145522 -485.110721 -547.069998 -0.368801 -0.070366 -0.926841 0.927247 0.041656 -0.372126 0.064794 -0.996651 0.049884
5.633031 -54.633184 154.981953 -683.295439 -0.398665 -0.041754 -0.916146 0.908571 0.117916 -0.400743 0.124761 -0.992145 -0.009073
5.422793 -51.939379 558.164967 -669.310096 -0.385467 -0.017767 -0.922551 0.922383 0.019683 -0.385776 0.025013 -0.999648 0.008801
5.543066 -50.824024 1070.512298 -544.456537 -0.364359 -0.015003 -0.931138 0.924785 -0.123519 -0.359883 -0.109614 -0.992229 0.058880
4.577515 -72.955702 828.213438 5814.261323 -0.518920 -0.210373 -0.828532 0.237822 0.895449 -0.376315 0.821074 -0.392320 -0.414634
3.925072 -71.212607 1132.935178 5857.509775 -0.528410 -0.214758 -0.821378 0.229532 0.895311 -0.381751 0.817373 -0.390254 -0.423797
4.123774 -76.013249 437.738582 1930.730727 -0.509693 -0.191162 -0.838851 0.379599 0.825005 -0.418654 0.772087 -0.531812 -0.347934
4.573819 -63.568009 859.464232 5831.016543 -0.529358 -0.230200 -0.816571 0.116071 0.933784 -0.338488 0.840421 -0.273962 -0.467586
4.423613 -77.876743 -202.100887 4659.011553 -0.485903 -0.202983 -0.850116 0.317083 0.865452 -0.387881 0.814467 -0.458030 -0.356163
5.292730 -68.090314 189.631142 6851.466506 -0.505861 -0.221864 -0.833595 0.131731 0.935155 -0.328835 0.852497 -0.276155 -0.443832
-5.732611 -111.853819 -1603.824746 5450.192398 0.294368 0.130922 0.946682 0.564108 0.775800 -0.282697 -0.771447 0.617247 0.154517
-7.040689 -103.124621 -2247.297567 1641.687337 0.286306 0.128189 0.949524 0.678763 0.672311 -0.295429 -0.676246 0.729085 0.105477
-6.011200 -106.695081 -1949.641138 5081.282690 0.284484 0.145184 0.947624 0.735160 0.601391 -0.312839 -0.615312 0.785653 0.064353
-6.537471 -105.862478 679.506292 4562.189439 0.318819 0.128243 0.939100 0.713237 0.620069 -0.326816 -0.624218 0.773995 0.106222
-4.870761 -113.285109 -321.061230 4493.083125 0.304782 0.126553 0.943977 0.532929 0.798786 -0.279155 -0.789363 0.588154 0.176012
-7.591173 -92.893652 635.258746 3752.982291 0.306599 0.124624 0.943645 0.856717 0.395872 -0.330637 -0.414768 0.909810 0.014606
-7.093027 -91.679234 -1132.709603 4705.937570 0.289021 0.128200 0.948700 0.882638 0.348052 -0.315928 -0.370699 0.928668 -0.012560
-15.433772 -52.394997 1145.150461 3267.572075 0.502033 0.077118 0.861403 -0.506195 0.833789 0.220369 -0.701234 -0.546670 0.457627
-7.212183 -49.142087 2413.451193 2210.146623 0.554576 0.038600 0.831237 -0.471627 0.837570 0.275761 -0.685575 -0.544964 0.482702
-13.549393 -45.668084 446.708971 2439.355857 0.485871 0.104741 0.867732 -0.420721 0.898235 0.127152 -0.766109 -0.426852 0.480493
-20.907178 -28.370965 -854.541065 -1441.106132 -0.488938 0.172536 -0.855085 -0.130211 0.954827 0.267116 0.862545 0.241945 -0.444385
-16.095012 -24.404105 -2297.195474 -254.907045 -0.390304 0.755135 -0.526720 -0.268366 -0.640563 -0.719485 0.880705 0.139464 -0.452667
-22.233102 -29.177686 -2138.744723 191.195331 -0.491170 0.597494 -0.633840 0.188179 0.783263 0.592526 0.850494 0.171755 -0.497151
-23.856968 -32.357626 -1225.705439 -822.272392 -0.540640 0.173701 -0.823126 -0.129674 0.949550 0.285551 0.831200 0.261118 -0.490840
-22.967081 -33.477065 -1166.702349 -935.341367 -0.510980 0.016013 -0.859443 -0.270435 0.946062 0.178414 0.815944 0.323590 -0.479088
-20.158721 -32.683207 -741.941040 -1170.195099 -0.426301 -0.107150 -0.898213 -0.359969 0.931047 0.059778 0.829874 0.348812 -0.435477
-18.994825 -29.492552 -682.715173 -1534.945781 -0.401287 -0.053834 -0.914369 -0.290885 0.954084 0.071487 0.868536 0.294663 -0.398520
19.098503 -40.730331 575.583708 -7594.909998 0.976120 0.138824 0.167085 -0.058773 -0.571695 0.818358 -0.209129 0.808636 0.549884
23.709736 -28.859060 2114.132791 -4846.874056 0.967308 0.233831 0.098176 0.035127 -0.506926 0.861274 -0.251160 0.829668 0.498567
23.010408 -25.550382 1642.541721 -5248.094654 0.980817 0.170543 0.094412 0.003671 -0.500406 0.865783 -0.194897 0.848828 0.491433
22.222787 -22.634352 1585.814617 -3932.962826 0.985543 0.145779 0.086336 -0.003805 -0.490403 0.871488 -0.169384 0.859217 0.482758
16.954184 -36.812369 1012.300226 -6512.291393 0.984114 0.092237 0.151695 -0.075675 -0.555000 0.828401 -0.160600 0.826721 0.539203
38.033396 -30.632069 12631.517549 1219.931569 0.785561 0.033436 0.617880 0.261011 0.887454 -0.379868 -0.561041 0.459683 0.688422
10.070566 -28.288537 8410.790221 2544.062950 0.819412 0.110541 0.562444 0.202172 0.862435 -0.464040 -0.536367 0.493951 0.684341
29.089447 -32.989082 13315.535847 1488.509356 0.836812 0.073429 0.542545 0.167791 0.908884 -0.381807 -0.521146 0.410535 0.748244
0.860366 -33.308641 5693.632289 2051.145013 0.826489 0.183903 0.532068 0.093237 0.887367 -0.451538 -0.555178 0.422800 0.716252
50.723949 -34.202472 13482.540058 563.013307 0.778592 0.073193 0.623247 0.187549 0.920640 -0.342415 -0.598849 0.383491 0.703076
48.626019 -34.802646 14518.133689 171.469374 0.810403 0.093960 0.578289 0.106467 0.947002 -0.303070 -0.576117 0.307177 0.757450
20.874515 -35.921601 11797.226276 1509.691114 0.845147 0.104553 0.524209 0.108564 0.926670 -0.359855 -0.523393 0.361041 0.771822
-11.627446 -92.260771 -3857.889244 -610.764135 0.484477 0.265830 0.833437 0.727548 -0.651452 -0.215139 0.485754 0.710595 -0.509017
-10.931264 -91.384848 3176.447658 -1481.674242 -0.503443 -0.222899 -0.834782 -0.562935 0.817567 0.121194 0.655477 0.530942 -0.537076
-8.280863 -97.887654 893.975446 -1526.415519 -0.490221 -0.225419 -0.841944 -0.612608 0.776242 0.148862 0.619996 0.588757 -0.518623
-7.982301 -100.171489 -631.999461 -463.586337 0.457044 0.257555 0.851338 0.802512 -0.532125 -0.269847 0.383518 0.806541 -0.449896
-10.485510 -90.107719 -3342.118926 -1826.879566 0.454899 0.278273 0.845950 0.836018 -0.460724 -0.298005 0.306823 0.842792 -0.442224
-9.653210 -88.881040 -1159.201882 -1182.114297 0.440740 0.240612 0.864785 0.821300 -0.496870 -0.280332 0.362234 0.833802 -0.416606
1.183201 -96.461916 -2394.163415 -2960.599337 -0.248643 -0.203082 -0.947066 0.963224 0.050984 -0.263818 0.101862 -0.977834 0.182936
-2.224250 -99.006334 -249.227056 -824.484154 -0.280417 -0.172928 -0.944173 0.941147 0.143839 -0.305863 0.188701 -0.974375 0.122416
-1.888828 -98.348557 -2012.846793 573.478325 -0.232864 -0.189362 -0.953895 0.915059 0.289469 -0.280847 0.329305 -0.938270 0.105871
3.053501 -101.243925 -2639.538815 -2813.167122 -0.217651 -0.186943 -0.957956 0.967522 0.087957 -0.236989 0.128562 -0.978425 0.161727
-7.128279 -112.367393 -1140.157558 1887.835733 0.613442 0.257482 0.746587 -0.540989 0.825721 0.159736 -0.575344 -0.501884 0.645827
-7.378250 -121.944433 -98.816792 -13.414487 0.621257 0.274985 0.733773 -0.532266 0.835318 0.137609 -0.575093 -0.476053 0.665313
-5.058792 -115.332250 -214.230410 -775.463256 0.646577 0.211148 0.733044 -0.365000 0.929426 0.054232 -0.669860 -0.302627 0.678015
-5.134579 -105.955143 -552.604692 -1866.635781 0.648471 0.194885 0.735870 -0.364780 0.928013 0.075683 -0.668147 -0.317509 0.672880
-5.041563 -103.157264 -687.939434 1763.356662 0.617952 0.252813 0.744460 -0.536114 0.828103 0.163792 -0.575081 -0.500331 0.647264
-14.477004 -35.444894 -194.228304 -199.155366 0.414389 -0.085432 0.906081 0.821081 -0.394344 -0.412697 0.392565 0.914983 -0.093265
-15.895006 -37.154195 328.536502 -412.715134 0.393094 -0.129849 0.910284 0.817948 -0.402862 -0.410686 0.420045 0.906003 -0.052153
-14.680662 -36.268088 326.143053 -377.573915 0.355307 -0.079376 0.931373 0.806923 -0.476908 -0.348475 0.471840 0.875362 -0.105398
-14.060845 -36.313936 -102.726482 -192.771379 0.466795 -0.112825 0.877139 0.826169 -0.298216 -0.478029 0.315511 0.947807 -0.045993
-12.248083 -34.512892 -1078.057558 -1.847310 0.484527 -0.061867 0.872586 0.810930 -0.342321 -0.474562 0.328064 0.937544 -0.115694
-82.385957 -1495.843533 -42743.585247 -520064.628300 0.768402 0.300889 0.564823 0.623503 -0.550888 -0.554767 -0.144231 -0.778453 0.610908
80.008667 -1424.404297 -31071.629678 533184.052399 0.812771 0.197669 0.548024 -0.240255 0.970690 0.006198 -0.530737 -0.136703 0.836439
52.173379 -803.274442 -24023.198586 266785.918600 0.884345 0.252222 0.392834 -0.219899 0.967344 -0.126057 -0.411800 0.025094 0.910929
0.779226 -36.991738 -2000.528140 1083.499110 0.579064 -0.052641 0.813581 0.248760 0.961734 -0.114827 -0.776404 0.268879 0.570001
5.820428 -32.620081 -1579.084446 1810.889545 0.570216 -0.105163 0.814736 0.337675 0.934117 -0.115760 -0.748885 0.341124 0.568160
5.980474 -37.065990 -2406.993466 627.768204 0.571687 -0.083586 0.816203 0.240368 0.968212 -0.069206 -0.784473 0.235753 0.573605
2.427337 -79.321096 -1348.997941 3286.105473 -0.486279 -0.291964 -0.823583 -0.645818 0.754982 0.113675 0.588602 0.587162 -0.555687
4.019404 -89.907085 -1921.033671 4154.734028 -0.480519 -0.290563 -0.827450 -0.530503 0.847619 0.010430 0.698332 0.443976 -0.561442
-1.910758 -82.360476 -2416.933399 4669.685115 -0.472503 -0.288258 -0.832855 -0.631761 0.769682 0.092023 0.614507 0.569647 -0.545787
-1.517404 -74.125504 279.640188 -2492.464485 0.492412 0.303404 0.815767 0.719647 -0.669090 -0.185541 0.489528 0.678428 -0.547812
2.553664 -75.647357 1291.789633 -2704.149639 0.492006 0.281310 0.823890 0.712470 -0.673962 -0.195350 0.500317 0.683110 -0.532018
-7.655573 -33.675869 -390.907494 -3182.056030 -0.603310 -0.375787 -0.703421 -0.267888 0.926267 -0.265076 0.751168 0.028515 -0.659495
-6.284534 -34.097961 -1805.470281 -3636.569841 -0.615768 -0.236728 -0.751524 -0.183747 0.970645 -0.155196 0.766203 0.042526 -0.641190
-2.649065 -26.005561 -1165.400678 -5211.494349 -0.625284 -0.218965 -0.749049 -0.107931 0.974870 -0.194881 0.772898 -0.041010 -0.633204
-25.324048 -33.692512 -1034.982562 316.465322 -0.592451 0.332369 -0.733848 -0.006648 0.908878 0.417010 0.805579 0.251937 -0.536256
-25.802373 -35.549509 -835.342765 -337.993828 -0.601142 0.168179 -0.781245 -0.148425 0.937099 0.315937 0.785238 0.305879 -0.538367
-23.749653 -34.858932 -1208.240202 189.196828 -0.585376 0.104983 -0.803936 -0.257199 0.916319 0.306934 0.768885 0.386443 -0.509390
-2.575042 -65.781679 1261.601855 2410.203002 0.313862 0.148562 0.937774 -0.523421 0.851118 0.040349 -0.792162 -0.503514 0.344895
-5.195532 -73.226433 1374.266751 6117.208545 0.340782 0.119540 0.932511 -0.606490 0.785846 0.120900 -0.718358 -0.606759 0.340302
-3.857815 -73.696430 632.134500 5403.627276 0.311670 0.136852 0.940284 -0.643424 0.758567 0.102867 -0.699191 -0.637062 0.324476
-13.064953 -37.095674 -1064.230690 -739.111084 0.567063 -0.279627 0.774757 0.749064 0.566258 -0.343882 -0.342554 0.775346 0.530562
-9.226249 -36.054645 1207.949366 -1064.689334 0.526286 -0.369829 0.765669 0.781739 0.564698 -0.264575 -0.334525 0.737796 0.586302
-15.314382 -37.676726 -545.672251 -459.067562 0.523018 -0.346833 0.778562 0.809118 0.489180 -0.325624 -0.267919 0.800256 0.536479
-9.999468 -34.107821 717.491175 -1073.610887 0.528014 -0.347856 0.774724 0.747269 0.623728 -0.229244 -0.403472 0.699971 0.589279
-16.272277 -38.898312 -1809.447156 -699.394728 0.579106 -0.270744 0.768982 0.772573 0.483442 -0.411600 -0.260320 0.832455 0.489133
-14.386290 -39.629351 -1375.010804 -740.196728 0.614338 -0.220638 0.757567 0.742087 0.487827 -0.459707 -0.268133 0.844597 0.463423
-9.979069 -36.838580 -1484.510615 -648.730284 0.584223 -0.238692 0.775699 0.705426 0.621960 -0.339912 -0.401320 0.745783 0.531743
-9.836778 -34.811061 -1617.564738 -529.978082 0.538657 -0.296152 0.788760 0.723649 0.642080 -0.253113 -0.431487 0.707126 0.560171
9.684704 -372.743005 704.451081 -268.655074 0.798573 -0.469069 -0.377167 -0.578249 -0.423965 -0.697053 -0.167061 -0.774744 0.609806
22.677636 -265.489167 683.636952 7160.504822 0.831942 -0.480403 -0.277644 -0.532027 -0.548576 -0.644990 -0.157546 -0.684308 0.711970
22.178587 -358.305640 2918.304388 -44205.104600 0.819562 -0.484985 -0.305136 -0.569834 -0.745687 -0.345312 0.060065 -0.456881 0.887498
-9.868271 -43.278964 309.836615 -2949.498523 0.628339 0.144818 0.764341 0.136613 0.946711 -0.291676 -0.765850 0.287691 0.575072
-3.050711 -37.889960 2358.913488 -2944.097733 0.655241 0.014097 0.755289 0.148443 0.977929 -0.147032 -0.740692 0.208459 0.638686
-7.116879 -43.539631 1014.996013 -3376.315714 0.660171 0.168264 0.732025 0.121148 0.937971 -0.324859 -0.741281 0.303146 0.598837
-49.712792 -74.382207 763.129657 3117.175042 0.954215 0.164590 0.249770 0.287114 -0.269739 -0.919133 0.083907 -0.948763 0.304645
-42.852804 -68.582510 -341.573294 4814.348536 0.982976 0.180102 -0.036343 0.009856 -0.249207 -0.968400 0.183467 -0.951556 0.246740
-38.817756 -60.887273 -98.051257 5245.058171 0.950372 0.203250 -0.235546 -0.203973 -0.164626 -0.965035 0.234921 -0.965188 0.114998
-49.124583 -71.095741 1260.016651 -1053.263644 0.801143 0.354417 -0.482243 -0.100644 -0.714529 -0.692329 0.589950 -0.603189 0.536770
-50.292493 -73.109665 375.532288 -1676.780329 0.879648 0.302106 -0.367359 -0.074166 -0.675795 -0.733348 0.469808 -0.672334 0.572056
-51.060271 -72.514641 -247.263098 -2187.218359 0.848506 0.403089 -0.342866 -0.162788 0.815316 0.555662 0.503525 -0.415668 0.757418
-50.085557 -72.249203 626.302368 -1219.729534 0.796530 0.477606 -0.370720 -0.297479 0.843404 0.447410 0.526352 -0.246094 0.813874
-52.494641 -72.357022 -387.172169 429.327460 0.900625 0.330389 -0.282342 0.075240 -0.758389 -0.647445 0.428034 -0.561862 0.707883
-52.844516 -73.159152 -626.964499 1324.223065 0.906084 0.358257 -0.225086 0.190184 -0.820089 -0.539707 0.377944 -0.446212 0.811205
-52.302847 -74.072050 -934.419144 -1008.477780 0.892667 0.383770 -0.236359 -0.271527 0.876462 0.397602 0.359747 -0.290748 0.886593
-38.460173 -55.218147 -10028.278516 2386.233678 0.100407 -0.153900 0.982972 -0.534434 0.824993 0.183757 -0.839225 -0.543784 0.000586
-24.566663 -52.413859 -10063.464970 1592.569888 0.049607 -0.207221 0.977036 -0.623097 0.758105 0.192424 -0.780570 -0.618334 -0.091511
2.070161 -44.958133 -5582.941652 -601.938688 -0.313064 -0.442785 -0.840198 0.784155 0.378591 -0.491700 0.535809 -0.812779 0.228689
19.161107 -44.626293 -7088.910310 -122.025630 -0.319507 -0.444136 -0.837054 0.821664 0.310153 -0.478198 0.471999 -0.840564 0.265835
13.102474 -43.687761 -6442.900540 -692.048026 -0.335178 -0.454696 -0.825171 0.873316 0.178692 -0.453199 0.353519 -0.872537 0.337199
1.582459 -43.932451 -5846.109904 -274.226068 -0.321025 -0.450962 -0.832812 0.827893 0.293421 -0.478014 0.459931 -0.842934 0.279153
2.219838 -49.133811 2053.786280 255.897686 0.953564 0.259419 -0.153025 -0.293597 0.687255 -0.664441 0.067201 -0.678515 -0.731506
3.421440 -49.659197 392.448767 893.429269 0.955334 0.238228 -0.174884 -0.294056 0.707264 -0.642892 0.029465 -0.665602 -0.745725
0.222686 -50.123632 -202.905359 -1235.782037 0.956437 0.234124 -0.174400 -0.280231 0.568771 -0.773285 0.081851 -0.788470 -0.609602
1.758914 -49.757860 455.970099 -2489.518344 0.953559 0.250285 -0.167582 -0.282353 0.548994 -0.786691 0.104896 -0.797473 -0.594166
-2.735174 -59.565589 -730.850474 2114.922172 0.812303 0.561850 -0.156490 -0.082471 0.376267 0.922834 -0.577376 0.736714 -0.351979
0.823128 -55.683680 -1004.172170 2067.937662 0.809968 0.565299 -0.156169 -0.003311 0.270688 0.962661 -0.586464 0.779208 -0.221121
-0.040487 -61.054469 -1285.702987 2066.449098 0.810279 0.557558 -0.180492 -0.085044 0.416591 0.905107 -0.579841 0.718040 -0.384972
-3.098996 -65.204646 -1893.870980 1158.392923 0.808263 0.560320 -0.180976 -0.181040 0.528946 0.829121 -0.560299 0.637384 -0.528967
-38.743594 -132.122199 -986.333197 6460.129566 0.757057 -0.037702 0.652261 0.461401 -0.675972 -0.574605 -0.462573 -0.735962 0.494353
-34.884400 -113.947730 -1698.592056 11267.476853 0.706375 -0.060961 0.705208 0.603871 -0.467875 -0.645316 -0.369289 -0.881690 0.293682
-37.503567 -112.830399 -1434.086701 11655.550514 0.768930 -0.011900 0.639223 0.563888 -0.458558 -0.686845 -0.301294 -0.888585 0.345888
-33.840404 -94.607268 -3760.142371 15144.041616 0.739846 -0.082660 0.667679 0.636621 -0.234939 -0.734518 -0.217579 -0.968489 0.121196
-1.503171 -142.948949 -526.992975 -4583.219312 0.819393 -0.335030 0.465134 0.311578 -0.420788 -0.851972 -0.481160 -0.843026 0.240403
0.435954 -136.523592 -1115.391219 -9505.975892 0.806179 -0.341520 0.483156 0.274494 -0.507515 -0.816750 -0.524146 -0.791070 0.315403
-0.065151 -128.159123 -950.139635 -13287.494700 0.801755 -0.321655 0.503713 0.166650 -0.689070 -0.705273 -0.573948 -0.649400 0.498862
-1.030425 -131.553814 1612.590932 -13325.330230 0.825313 -0.290872 0.483996 0.152073 -0.710963 -0.686590 -0.543813 -0.640254 0.542533
-2.962899 -82.852132 1598.534568 333.258125 0.780010 -0.195265 0.594521 0.613241 0.427661 -0.664109 0.124577 -0.882597 -0.453325
-0.594387 -90.852223 1765.897022 -3537.092882 0.752990 -0.214497 0.622090 0.605276 0.596665 -0.526907 0.258160 -0.773292 -0.579113
2.154886 -84.046088 1985.622616 -1745.289699 0.775358 -0.192252 0.601547 0.612891 0.458738 -0.643369 0.152264 -0.867524 -0.473516
2.221670 -83.125253 3378.615512 4187.269539 0.781301 -0.152707 0.605185 0.617858 0.326601 -0.715250 0.088430 -0.932745 -0.349525
-1.945898 -88.362606 1327.171141 5437.407841 0.787905 -0.193009 0.584767 0.614890 0.298082 -0.730108 0.033391 -0.934823 -0.353540
-0.172931 -54.806388 -1377.107889 -2459.017785 0.886363 0.449868 -0.109450 -0.221987 0.620387 0.752225 -0.406303 0.642448 -0.649753
-2.817403 -53.439927 -709.392605 1036.363158 0.903599 0.402817 -0.145763 -0.194033 0.688221 0.699073 -0.381915 0.603399 -0.700036
-6.752463 -63.866694 1293.164402 -1880.983040 -0.827007 -0.524338 0.202805 -0.435406 0.825576 0.358951 -0.355642 0.208552 -0.911057
-5.825831 -58.111525 -277.744582 -1672.910655 -0.854745 -0.486950 0.179696 -0.453458 0.869013 0.197972 -0.252561 0.087732 -0.963596
-5.458075 -59.365296 -377.594971 -1396.281413 -0.843827 -0.502908 0.187190 -0.471058 0.861289 0.190490 -0.257024 0.072563 -0.963677
-5.217417 -53.038575 14.492277 -1689.884798 -0.872850 -0.449025 0.191076 -0.453115 0.891122 0.024255 -0.181163 -0.065408 -0.981276
-5.811057 -61.090700 574.399254 -272.059325 -0.827285 -0.521685 0.208433 -0.453877 0.839315 0.299243 -0.331051 0.152956 -0.931134
-4.538200 -54.530170 -612.105473 -2082.375094 -0.863166 -0.465211 0.196272 -0.473908 0.880569 0.003003 -0.174228 -0.090423 -0.980545
-4.792603 -58.559381 -246.931141 -1080.552260 -0.841432 -0.499514 0.206102 -0.478952 0.866024 0.143552 -0.250196 0.022076 -0.967944
-16.634091 -60.936133 -1518.146001 -8715.770462 0.889982 0.455962 -0.005502 0.455299 -0.889225 -0.044525 0.025194 -0.037121 0.998993
-8.404632 -247.724420 -465.722082 -31595.393080 -0.262216 0.964443 -0.033041 -0.931117 -0.243864 0.271204 -0.253504 -0.101879 -0.961955
-3.929820 -310.633871 -2254.314877 -45902.930951 -0.295230 0.954823 -0.033935 -0.822243 -0.235828 0.517978 -0.486575 -0.180825 -0.854721
-5.000245 -291.239188 -894.166098 -6315.226224 -0.307608 0.951393 -0.015133 -0.523013 -0.155774 0.837969 -0.794880 -0.265681 -0.545508
-3.891554 -138.051563 -78.957227 -2630.223945 0.016018 0.996979 0.076005 0.907610 0.017395 -0.419454 0.419509 -0.075701 0.904589
-2.325402 -134.816956 374.147954 409.381962 0.006312 0.997719 0.067215 0.800059 0.035285 -0.598883 0.599888 -0.057556 0.798011
-2.217628 -143.152436 150.152785 -715.877605 0.018829 0.998417 0.052997 0.740235 0.021711 -0.671997 0.672084 -0.051883 0.738655
-3.261547 -132.707006 15.695267 -2935.179898 0.025774 0.997749 0.061914 0.892997 0.004859 -0.450037 0.449324 -0.066888 0.890861
24.535183 -49.954852 -6247.796314 -29.735100 0.146839 0.953535 -0.263076 -0.582029 -0.131756 -0.802423 0.799800 -0.270945 -0.535639
19.882938 -47.456407 -5245.856213 576.607193 0.108923 0.948242 -0.298283 -0.688909 -0.144312 -0.710336 0.716617 -0.282862 -0.637534
12.633154 -45.928456 -6083.966036 782.260358 0.174852 0.945262 -0.275510 -0.598369 -0.120200 -0.792153 0.781908 -0.303366 -0.544599
15.887668 -49.681195 -7771.649210 1025.349514 0.204910 0.945412 -0.253394 -0.508364 -0.118431 -0.852959 0.836408 -0.303596 -0.456346
-831.672976 -5163.257992 239407.055013 5221695.143270 -0.306629 0.905068 0.294669 0.847639 0.118816 0.517099 -0.432999 -0.408331 0.803603
-1456.897205 -10648.131364 450282.549695 -14482209.656191 0.263814 0.962081 -0.069298 0.337471 -0.159364 -0.927748 0.903613 -0.221367 0.366716
-9617.869279 -12965.165041 25133785.328166 -4343966.564979 0.967967 -0.249032 0.031975 -0.243813 -0.962721 -0.117145 -0.059956 -0.105597 0.992600
-1305.088576 -14761.223453 453619.127907 -7186960.312849 -0.025501 0.999643 0.007937 -0.027577 -0.008640 0.999582 -0.999294 -0.025272 -0.027788
29.863634 -25.588129 8502.028172 3373.693003 0.980888 -0.189717 0.043206 0.048320 0.022415 -0.998580 -0.188479 -0.981583 -0.031154
37.497945 -21.003579 6037.732927 -554.786690 0.959005 -0.278675 0.051467 0.066312 0.044104 -0.996824 -0.275520 -0.959372 -0.060775
28.846763 -20.870390 9572.440943 -1877.566873 0.977768 -0.199286 0.065224 0.084079 0.087658 -0.992596 -0.192093 -0.976013 -0.102464
-15.283605 -44.135398 3641.411124 -4269.360185 0.769856 0.609973 -0.187763 -0.458566 0.324051 -0.827471 0.443890 -0.723135 -0.529186
-1.025346 -42.086971 367.259398 -1977.420643 0.834535 0.550942 -0.003878 0.298350 -0.445984 0.843852 -0.463184 0.705380 0.536563
-0.322050 -39.853693 -1094.545980 888.394562 0.812982 0.582086 -0.015339 0.350575 -0.468264 0.811065 -0.464927 0.664759 0.584755
-1.090898 -39.535674 -540.039749 1465.574708 0.821218 0.570614 -0.001003 0.362961 -0.521009 0.772534 -0.440296 0.634783 0.634973
-14.101401 -89.542716 773.512241 -1728.313227 -0.820646 0.274392 -0.501248 0.356786 0.931221 -0.074366 0.446368 -0.239866 -0.862102
74.676064 -284.968110 -8685.775482 3914.925059 0.937702 0.250484 0.240775 0.346052 -0.611443 -0.711608 0.031026 -0.750597 0.660032
38.081515 -260.884012 -6726.710435 -28509.791795 0.960175 0.125245 0.249756 0.218403 -0.893949 -0.391351 -0.174254 -0.430313 0.885701
53.054168 -304.303669 -10234.501496 -52754.092121 0.909365 0.356007 0.215206 0.405692 -0.873385 -0.269468 -0.092025 -0.332353 0.938655
74.974388 -307.542066 -7363.415774 -35985.695668 0.853433 0.492690 0.170024 0.494192 -0.661286 -0.564336 0.165609 -0.565647 0.807847
41.031265 -316.382493 -3070.075220 -75882.449212 0.824615 0.542431 0.160559 0.561819 -0.818454 -0.120385 -0.066109 -0.189476 0.979657
11.162335 -213.464988 -571.940247 32969.948277 0.906903 0.366124 0.208517 -0.354815 0.930529 -0.090673 -0.227228 0.008247 0.973807
-228.055975 -342.127252 -53276.711734 43242.455877 0.093294 0.988531 -0.118753 -0.514346 0.149976 0.844367 -0.852493 0.017694 -0.522439
-115.810908 -372.311952 -25598.345319 79863.937191 -0.069980 0.991652 -0.108298 -0.557337 0.051172 0.828708 -0.827332 -0.118351 -0.549104
0.026202 -74.146664 94.962256 -6113.485041 0.945094 0.305731 0.115439 0.284193 -0.594494 -0.752204 0.161344 -0.743711 0.648739
-0.757651 -73.885827 247.222484 -106.881576 0.943415 0.310067 0.117585 0.282588 -0.566156 -0.774346 0.173528 -0.763758 0.621741
31.807436 -62.285840 4044.672715 -7771.223841 0.591032 -0.244502 0.768700 0.699428 0.630068 -0.337364 -0.401847 0.737043 0.543402
27.135904 -80.493158 5756.138897 -10624.701742 0.620683 -0.285322 0.730304 0.678746 0.661805 -0.318304 -0.392500 0.693257 0.604433
40.327434 -59.175679 7772.262177 -5125.818455 0.506334 -0.342287 0.791495 0.688837 0.712715 -0.132444 -0.518777 0.612272 0.596652
36.240840 -43.870842 -752.566475 -1046.710308 0.385633 -0.264616 0.883892 0.749440 0.648618 -0.132792 -0.538169 0.713633 0.448443
41.539526 -51.803031 -890.111287 1594.989148 0.332054 -0.332478 0.882722 0.705546 0.708662 0.001513 -0.626055 0.622299 0.469893
41.024913 -55.866471 8018.767468 -2931.137539 0.466995 -0.397502 0.789879 0.662036 0.749335 -0.014313 -0.586194 0.529612 0.613096
53.870787 -40.333988 -8076.555649 511.258622 0.468631 0.197109 0.861123 0.213956 0.920442 -0.327124 -0.857093 0.337543 0.389174
50.954957 -40.700372 -11936.177146 -327.718856 0.403027 0.232447 0.885177 0.131454 0.942475 -0.307345 -0.905698 0.240228 0.349286
31.697438 -44.616888 -16621.341110 242.433959 0.293246 0.239085 0.925659 0.228429 0.922660 -0.310676 -0.928346 0.302552 0.215952
59.767396 -38.256960 3142.454795 836.414481 0.635195 0.149581 0.757728 0.171366 0.929319 -0.327109 -0.753101 0.337627 0.564666
29.719099 -44.868696 1670.278883 150.544482 0.453283 -0.307425 0.836675 0.717314 -0.431403 -0.547131 0.529146 0.848163 0.024973
