12186
24366
-55.926003 -90.151988 2124.363614 22201.890948 -0.152105 -0.771137 -0.618232 0.985419 -0.166578 -0.034667 -0.076251 -0.614491 0.785231
-75.097318 -114.809673 290.296371 18934.523686 -0.036420 -0.833277 -0.551655 0.971737 -0.158369 0.175063 -0.233240 -0.529688 0.815493
-58.344492 -124.255681 8335.725213 27974.707426 0.087594 -0.796872 -0.597764 0.971861 -0.063359 0.226876 -0.218664 -0.600816 0.768899
-63.227971 -99.492321 -2226.403151 11164.737218 -0.556812 -0.675986 -0.482704 0.812181 -0.564898 -0.145781 -0.174133 -0.473215 0.863565
-35.647943 -118.360515 12265.534552 37792.122118 0.075952 -0.727031 -0.682391 0.991863 -0.015041 0.126421 -0.102176 -0.686440 0.719973
-30.073129 -84.482199 11480.741392 27504.977474 -0.078118 -0.707552 -0.702330 0.996943 -0.054582 -0.055900 0.001218 -0.704550 0.709653
-36.083792 -64.304192 4271.727457 13469.999538 -0.402453 -0.674267 -0.619189 0.915218 -0.281452 -0.288375 0.020169 -0.682751 0.730373
-43.961588 -76.007758 -2892.503273 11507.071888 -0.666268 -0.588268 -0.458288 0.745495 -0.540287 -0.390290 -0.018012 -0.601689 0.798527
90.436059 -164.940557 8866.685530 -8757.189700 -0.085694 -0.694077 -0.714783 -0.150839 0.718190 -0.679302 0.984837 0.049605 -0.166238
90.770801 -151.927874 3501.107580 10372.291178 0.006247 -0.662059 -0.749426 -0.358065 0.698267 -0.619849 0.933676 0.272216 -0.232698
82.561871 -177.892771 3471.563327 1924.583911 -0.114922 -0.665021 -0.737930 -0.466334 0.692027 -0.551028 0.877112 0.280796 -0.389651
81.744247 -178.225047 3168.506032 -7747.585658 -0.205540 -0.695288 -0.688715 -0.252873 0.717574 -0.648955 0.945415 0.040771 -0.323310
78.943611 -161.780451 6232.728624 -21420.197814 -0.166604 -0.683396 -0.710783 0.078375 0.709399 -0.700436 0.982904 -0.172403 -0.064628
2.924223 -22.335111 2780.478665 -650.397268 -0.178432 0.983869 -0.012789 0.906096 0.169367 0.387691 -0.383603 -0.057588 0.921701
2.988079 -21.171756 2554.274842 -728.396748 -0.376711 0.920817 -0.100918 0.858897 0.388015 0.334276 -0.346964 -0.039248 0.937057
8.916526 -24.414240 -2356.804919 -489.662021 -0.302157 0.952722 -0.031970 0.891973 0.294403 0.343091 -0.336283 -0.075151 0.938758
6.227074 -26.025989 -2317.010777 -1598.248733 -0.126585 0.990748 0.048932 0.909368 0.096199 0.404716 -0.396265 -0.095728 0.913132
-33.351910 -64.109849 4017.659948 -369.965678 -0.143101 -0.321366 -0.936080 -0.425431 0.873947 -0.234999 0.893606 0.364609 -0.261782
-31.137274 -67.549772 3463.506385 -437.961311 -0.107737 -0.446856 -0.888095 -0.505886 0.793639 -0.337959 0.855846 0.412864 -0.311563
-36.567455 -60.385193 3598.642838 -1671.826257 -0.040164 -0.445962 -0.894150 -0.499448 0.784020 -0.368599 0.865412 0.431777 -0.254224
-41.320052 -55.255268 3033.553265 -1438.375882 -0.050384 -0.304853 -0.951066 -0.432522 0.865003 -0.254353 0.900215 0.398541 -0.175438
137.444165 -53.203776 46818.955181 7587.027189 -0.189341 0.977201 -0.096065 -0.970207 -0.171126 0.171508 -0.151158 -0.125677 -0.980488
109.397445 -59.202743 35884.107750 -5549.176644 -0.237118 0.966574 -0.097516 0.971249 0.233673 -0.045517 -0.021209 -0.105505 -0.994193
64.708356 -48.203562 23515.682695 4734.900787 0.012177 0.997466 -0.070089 -0.993952 0.019724 0.108026 -0.109135 -0.068350 -0.991674
3.617100 -82.344780 1355.450881 941.016792 0.784804 0.443547 0.432837 0.143024 0.549937 -0.822869 0.603015 -0.707697 -0.368155
4.580299 -82.036284 981.954596 -618.954652 0.782114 0.425188 0.455536 0.273451 0.422701 -0.864031 0.559931 -0.800337 -0.214332
1.236135 -86.069195 2225.304875 165.208369 0.781822 0.458279 0.422771 0.144618 0.526281 -0.837923 0.606499 -0.716246 -0.345182
-0.060598 -86.074462 -2434.986176 820.271805 -0.781207 -0.482171 -0.396518 0.006355 0.628994 -0.777384 0.624239 -0.609818 -0.488310
-3.118667 -90.246151 2101.507042 -680.388842 0.786680 0.466427 0.404452 0.140701 0.502432 -0.853091 0.601114 -0.728016 -0.329627
-4.108988 -90.232839 2562.520196 308.845746 0.785123 0.490711 0.377868 0.001259 0.608850 -0.793285 0.619339 -0.623302 -0.477404
12.810822 -148.479120 -4740.747645 7299.833255 0.015121 -0.386319 -0.922241 0.312441 0.877986 -0.362658 0.949817 -0.282662 0.133978
18.103320 -141.065032 -7397.583675 6132.898400 0.027186 -0.389011 -0.920832 0.123421 0.915431 -0.383085 0.991982 -0.103235 0.072899
33.917752 -136.839282 -10545.577069 3472.435744 -0.012398 -0.447123 -0.894386 0.235466 0.867996 -0.437194 0.971803 -0.216018 0.094521
-1.026701 -151.307645 -5326.103421 4490.968931 0.042785 -0.360857 -0.931639 0.327373 0.886075 -0.328174 0.943926 -0.290952 0.156045
23.989769 -147.431753 -8494.911776 13073.846980 -0.009211 -0.433501 -0.901106 0.407188 0.821422 -0.399330 0.913298 -0.370598 0.168950
-1.869828 -152.464035 -2877.005159 5322.467989 0.013020 -0.361956 -0.932104 0.512592 0.802794 -0.304582 0.858533 -0.473824 0.195988
8.718390 -152.445069 -2816.082253 13914.852528 -0.003548 -0.378494 -0.925597 0.481536 0.810574 -0.333305 0.876419 -0.446891 0.179383
-43.792980 -62.882393 -8571.946241 -262.595432 0.685735 0.686543 0.241715 0.173651 -0.476822 0.861676 -0.706833 0.548907 0.446193
-34.775217 -64.486021 -2258.847819 2924.454759 0.726696 0.572378 0.379863 -0.136042 0.661920 -0.737126 -0.673353 0.483989 0.558882
-35.839637 -61.148291 2945.823458 380.399656 0.751694 0.552852 0.359598 -0.060159 0.600454 -0.797393 -0.656763 0.577763 0.484617
-32.385287 -65.902254 -6147.333251 -3340.142236 0.664138 0.673539 0.324446 0.195235 -0.575172 0.794393 -0.721667 0.464244 0.513492
-50.948766 -64.567902 -6444.744965 3068.174994 0.703014 0.707316 0.073995 0.219203 -0.314492 0.923604 -0.676551 0.633087 0.376138
-47.760716 -66.458044 -11483.790485 2614.243914 0.661223 0.745654 0.082365 0.199867 -0.280923 0.938688 -0.723075 0.604220 0.334785
-33.887844 -63.873679 -8301.059975 54.123585 0.650793 0.708577 0.272740 0.141345 -0.466008 0.873418 -0.745982 0.529864 0.403428
-18.239105 -71.172408 -2302.241271 9238.935544 0.468111 0.700318 0.538912 -0.304150 0.700284 -0.645829 0.829678 -0.138409 -0.540812
-23.030500 -74.444888 -1477.448289 8021.253355 0.422566 0.705075 0.569480 -0.291160 0.700635 -0.651411 0.858291 -0.109454 -0.501354
-19.997402 -76.829113 -2674.875926 212.715218 0.448473 0.712600 0.539512 -0.218776 0.672776 -0.706759 0.866608 -0.198930 -0.457622
31.309718 -77.109726 -70742.304810 1936.930487 -0.020551 -0.098045 0.994970 -0.638843 0.766805 0.062366 -0.769063 -0.634348 -0.078394
-45.447292 -92.034616 -29809.761935 -12303.589117 0.299979 -0.396666 0.867565 -0.475556 0.726202 0.496466 -0.826958 -0.561505 0.029208
15.330009 -75.597515 -56880.539209 3680.326199 0.062370 -0.176072 0.982399 -0.546702 0.817481 0.181223 -0.835001 -0.548383 -0.045272
-22.436175 -174.294263 1280.591864 6543.264744 -0.153667 0.984825 0.080656 0.772319 0.170622 -0.611892 0.616368 0.031735 0.786818
-21.056044 -175.436469 1464.130770 2661.264410 -0.194729 0.977003 0.086866 0.882050 0.213162 -0.420178 0.429032 0.005200 0.903274
-15.508146 -175.833377 -3442.137342 -3324.326415 -0.137569 0.985314 0.101152 0.900982 0.166906 -0.400467 0.411468 -0.036044 0.910711
-12.670433 -159.354835 -11883.553392 7010.725868 -0.025084 0.996420 0.080730 0.472886 0.082976 -0.877208 0.880767 -0.016172 0.473274
-6.296333 -176.526919 -12213.463608 5609.121968 -0.033235 0.994104 0.103209 0.610652 0.101947 -0.785309 0.791201 -0.036925 0.610440
-2.674806 -164.904979 -9729.908379 7065.525357 -0.010544 0.998027 0.061901 0.391265 0.061086 -0.918248 0.920218 -0.014538 0.391137
-16.163825 -147.994003 -11041.594690 5372.953076 -0.022670 0.998714 0.045342 0.274588 0.049829 -0.960270 0.961295 0.009319 0.275365
13.466323 -180.672852 -1697.688607 7426.310181 -0.069592 0.997031 0.032950 0.492695 0.063073 -0.867913 0.867415 0.044165 0.495622
8.727105 -163.413337 -3851.904096 12544.870473 -0.053691 0.998014 0.032935 0.194676 0.042811 -0.979933 0.979397 0.046202 0.196588
-4.895371 -145.935142 -11663.824202 9709.831291 -0.011559 0.999332 0.034678 0.089881 0.035579 -0.995317 0.995885 0.008388 0.090232
1.430131 -355.900825 -1966.613622 48780.249355 -0.092342 0.895226 -0.435939 0.931995 -0.076408 -0.354326 -0.350511 -0.439012 -0.827291
2.654856 -357.873370 -4738.864336 23531.644878 -0.116734 0.885960 -0.448830 -0.672955 0.261801 0.691803 -0.730414 -0.382800 -0.565650
1.167602 -391.480836 -4797.613797 -46131.625569 -0.099073 0.891915 -0.441217 -0.839953 0.162782 0.517669 -0.533539 -0.421889 -0.733039
2.187238 -380.785475 -1365.523776 46185.766651 -0.085577 0.908128 -0.409855 -0.528611 0.307308 0.791285 -0.844540 -0.284369 -0.453748
3.645295 -402.098796 4627.225612 90096.131083 -0.044238 0.898075 -0.437613 0.994449 -0.002275 -0.105198 -0.095471 -0.439837 -0.892989
-11.474967 -364.748844 -7211.878236 68340.343881 -0.094271 0.890222 -0.445667 0.980254 0.004839 -0.197684 -0.173826 -0.455502 -0.873099
-3.679003 -396.521541 -6113.419759 27751.321969 -0.131124 0.897677 -0.420692 -0.536950 0.292414 0.791315 -0.833362 -0.329651 -0.443665
-10.125237 -399.588147 -7322.614499 -90557.710659 -0.118495 0.897059 -0.425728 -0.868111 0.114539 0.482974 -0.482018 -0.426809 -0.765175
-11.865290 -47.286316 3719.128732 -1898.512816 0.127805 -0.319990 -0.938761 0.965767 0.255592 0.044359 0.225745 -0.912293 0.341702
-13.952225 -48.749612 9868.819828 -4283.063093 -0.121344 -0.368818 -0.921547 0.948370 0.231006 -0.217328 0.293037 -0.900339 0.321745
-22.183414 -48.108437 -5858.288343 3566.050406 0.380095 -0.273788 -0.883498 0.876442 0.411870 0.249425 0.295597 -0.869139 0.396509
-9.473599 -50.310144 -1257.389310 2931.266373 0.480884 -0.212186 -0.850722 0.841551 0.383990 0.379926 0.246054 -0.898626 0.363220
-34.963261 -150.887147 3220.648087 10177.665840 -0.318665 0.921326 -0.222736 0.691310 0.065137 -0.719616 0.648492 0.383296 0.657679
-42.789367 -158.282382 -1680.894274 4859.700700 -0.332612 0.925746 -0.179900 0.819828 0.189555 -0.540325 0.466103 0.327205 0.822001
-36.751138 -152.101305 -2323.730438 5099.652012 -0.326029 0.937490 -0.121729 0.711879 0.158738 -0.684127 0.622039 0.309702 0.719133
-31.344686 -142.168807 1985.476981 10863.189071 -0.321653 0.937729 -0.131162 0.559557 0.076505 -0.825253 0.763829 0.338838 0.549321
-23.110717 -135.255696 3376.585624 14491.046349 -0.298208 0.918011 -0.261395 0.543526 -0.061801 -0.837114 0.784635 0.391709 0.480534
-38.013458 -1375.686061 9668.276083 207752.885515 0.161113 0.981911 -0.099467 -0.958123 0.131438 -0.254411 0.236736 -0.136290 -0.961967
17.249604 -1948.660419 22008.845691 1037700.162432 0.165183 0.984467 -0.059486 -0.941983 0.175349 0.286219 -0.292204 -0.008756 -0.956316
7.369739 -1402.953700 37299.361076 529815.803176 0.186990 0.982208 0.017359 -0.966095 0.187067 -0.177950 0.178031 -0.016504 -0.983886
6.223834 -24.365249 3003.604410 -2880.546451 -0.043472 -0.635327 -0.771018 0.936105 -0.295516 0.190728 -0.349023 -0.713463 0.607580
5.881051 -32.332443 1279.749103 -7580.739504 -0.074906 -0.640773 -0.764067 0.943070 -0.294514 0.154534 -0.324050 -0.708993 0.626355
0.598936 -27.030389 3498.405779 -2017.665143 -0.009512 -0.641046 -0.767444 0.946057 -0.254337 0.200722 -0.323861 -0.724136 0.608885
10.245205 -29.493981 2366.036389 -8296.384304 -0.110113 -0.633658 -0.765737 0.929869 -0.337770 0.145794 -0.351026 -0.695981 0.626412
-2.825215 -26.190478 5152.237952 3171.124071 -0.090556 -0.601549 -0.793687 0.933808 -0.328274 0.142261 -0.346124 -0.728269 0.591459
5.461971 -23.372766 5432.928268 2612.104025 -0.070718 -0.608694 -0.790247 0.927812 -0.331049 0.171964 -0.366284 -0.721040 0.588164
12.215042 -21.962211 4212.314686 -3651.345706 -0.069792 -0.632136 -0.771708 0.925722 -0.329296 0.186019 -0.371710 -0.701404 0.608165
38.116394 -54.115898 7086.046211 -3424.914333 -0.274002 -0.479424 -0.833712 -0.312997 0.864147 -0.394059 0.909371 0.152976 -0.386836
42.289852 -49.191598 2108.848188 -859.671824 -0.201869 -0.430157 -0.879894 -0.290121 0.884333 -0.365766 0.935456 0.181439 -0.303317
46.510364 -45.471628 3665.825635 608.048262 -0.230629 -0.386480 -0.892997 -0.354506 0.888036 -0.292777 0.906165 0.249050 -0.341817
-11.576904 -94.889445 11560.862359 4216.689696 0.443432 0.596683 0.668832 0.469706 0.480840 -0.740384 0.763376 -0.642465 0.067046
-86.032310 -99.562917 -4257.152867 62856.077906 0.408652 0.395937 -0.822337 0.418466 0.719435 0.554345 0.811104 -0.570654 0.128312
-10.049922 -103.010804 -9843.605895 -12283.054739 -0.316480 -0.446627 -0.836878 0.507787 0.665417 -0.547150 0.801244 -0.598118 0.016200
8.133531 -182.377862 2781.802202 -45020.309764 -0.370546 -0.443814 -0.815919 0.475550 0.663927 -0.577108 0.797840 -0.601855 -0.034960
2.338608 -113.851074 -4110.218146 3268.484339 -0.492289 -0.581907 -0.647329 0.536516 0.382760 -0.752094 0.685421 -0.717550 0.123774
3.009487 -29.183058 5830.673241 7496.598865 -0.181986 -0.558726 -0.809139 0.900236 -0.425685 0.091469 -0.395545 -0.711770 0.580454
-5.740965 -32.716371 5606.629372 7709.753115 -0.249765 -0.527115 -0.812261 0.886671 -0.461616 0.026919 -0.389142 -0.713485 0.582673
11.939208 -22.645386 6112.678770 3573.110669 -0.104776 -0.602793 -0.790988 0.918061 -0.364413 0.156102 -0.382344 -0.709819 0.591582
-4.870942 -45.431956 5231.860142 9855.994371 -0.320176 -0.482980 -0.814996 0.835786 -0.549047 -0.002969 -0.446037 -0.682113 0.579459
9.801453 -30.908357 6048.088356 8901.284069 -0.188954 -0.562342 -0.805026 0.892192 -0.440786 0.098493 -0.410231 -0.699628 0.585006
25.887870 -83.386139 -22580.398513 -12866.547805 0.358396 0.863349 0.355218 0.928994 -0.367439 -0.044251 0.092317 0.345855 -0.933735
1.126553 -88.508965 -18277.752284 -6259.793512 0.396314 0.849942 0.347179 0.906212 -0.422823 0.000662 0.147358 0.314356 -0.937798
18.255324 -111.538059 -22636.890872 -14165.288709 0.439459 0.821780 0.362704 0.864667 -0.496401 0.077051 0.243366 0.279758 -0.928714
46.267158 -119.094487 -16344.366919 -16403.686020 0.404840 0.808734 0.426677 0.877766 -0.474458 0.066457 0.256186 0.347619 -0.901959
38.766267 -134.246467 -22208.606236 15752.233814 0.469896 0.781649 0.410150 -0.781299 0.584527 -0.218860 0.410816 0.217608 -0.885368
5.754744 -120.640071 -24282.478259 13472.141093 0.504103 0.788801 0.351672 -0.786669 0.587427 -0.189952 0.356416 0.180894 -0.916649
12.286751 -127.364814 4766.002269 24132.398523 0.827904 -0.209488 0.520278 -0.478481 -0.747782 0.460302 -0.292627 0.630029 0.719328
4.635555 -139.930750 -884.564112 12158.819653 0.839879 -0.160556 0.518484 -0.503507 -0.587193 0.633786 -0.202692 0.793364 0.574012
12.688628 -127.285861 -1923.124509 23808.815054 0.852909 -0.155985 0.498211 -0.426467 -0.758616 0.492572 -0.301117 0.632590 0.713553
6.519691 -144.333266 3188.892481 21803.990223 0.776341 -0.233455 0.585485 -0.581377 -0.624068 0.522054 -0.243506 0.745679 0.620216
12.485612 -67.490566 -1273.079882 -1629.942525 -0.689009 -0.237893 -0.684597 -0.160794 0.971230 -0.175665 0.706691 -0.010956 -0.707438
8.770148 -69.870020 -1459.285238 -2103.019390 -0.658507 -0.248908 -0.710221 -0.173059 0.968514 -0.178974 0.732407 0.005054 -0.680849
9.051239 -74.561159 -1108.799867 -4238.009219 -0.678163 -0.266299 -0.684967 -0.287767 0.953838 -0.085921 0.676229 0.138843 -0.723490
10.195828 -66.299936 -1617.595890 766.308551 -0.667127 -0.202028 -0.717026 -0.035502 0.970052 -0.240289 0.744098 -0.134847 -0.654320
17.333052 -63.316664 -2690.768852 1126.377754 -0.693811 -0.200047 -0.691814 -0.030426 0.967929 -0.249374 0.719514 -0.151969 -0.677647
13.016480 -145.921072 2335.077530 -21255.325755 -0.439647 0.025393 -0.897811 0.694603 -0.624110 -0.357790 -0.569418 -0.780924 0.256751
14.182355 -172.310874 2598.175251 -19097.237436 -0.436499 0.032706 -0.899110 0.803265 -0.435971 -0.405827 -0.405259 -0.899366 0.164029
7.325051 -153.298779 4451.132385 -23694.638290 -0.441440 0.058950 -0.895352 0.702563 -0.597993 -0.385760 -0.558154 -0.799331 0.222562
7.893855 -119.857491 -2971.981412 26355.637374 0.440753 -0.036712 0.896877 -0.581217 0.749753 0.316317 -0.684049 -0.660699 0.309119
11.374219 -114.225718 -1151.079931 17240.000098 0.441929 0.006195 0.897029 -0.592868 0.752466 0.286885 -0.673206 -0.658602 0.336209
-5.867372 -130.570542 -381.694165 11737.598080 0.524284 -0.020826 0.851289 -0.213496 0.964556 0.155083 -0.824346 -0.263054 0.501255
-8.813031 -148.142219 -791.322793 7420.378301 0.534717 -0.044042 0.843883 -0.385439 0.875995 0.289947 -0.752007 -0.480305 0.451434
-5.828701 -125.633563 412.932665 10007.817171 0.532293 0.025995 0.846161 -0.240027 0.963145 0.121405 -0.811820 -0.267724 0.518914
-6.269381 -155.428690 -979.202140 8067.817268 0.524358 -0.079907 0.847740 -0.374823 0.872281 0.314062 -0.764563 -0.482433 0.427436
-3.271651 -113.601239 131.546924 12286.502780 0.523962 0.035323 0.851009 -0.063953 0.997951 -0.002047 -0.849337 -0.053352 0.525147
-3.251584 -117.608139 -318.715057 13595.479353 0.518968 -0.005503 0.854776 -0.033626 0.999074 0.026847 -0.854132 -0.042675 0.518302
-4.160193 -135.647266 -645.153774 12948.908562 0.516886 -0.057085 0.854149 -0.194714 0.963781 0.182243 -0.833615 -0.260514 0.487050
-25.370909 -39.794235 -6280.424891 1019.762083 -0.346838 0.541167 -0.766056 0.075181 0.830169 0.552420 0.934907 0.134008 -0.328620
-34.497071 -41.916418 -2354.049840 -1226.516756 -0.362922 -0.029384 -0.931356 -0.214724 0.975241 0.052903 0.906742 0.219184 -0.360246
-24.536722 -37.256568 -5664.567395 348.433626 -0.336627 0.522999 -0.783042 0.008040 0.833140 0.553003 0.941604 0.179860 -0.284663
-11.945495 -36.298454 -4680.187973 547.308035 -0.304853 0.684926 -0.661771 0.104289 0.714675 0.691638 0.946672 0.141833 -0.289301
70.448219 -32.918667 -21048.911327 -1568.097651 0.188152 0.275324 0.942760 0.316861 0.891558 -0.323609 -0.929622 0.359611 0.080509
93.248881 -35.917280 9701.051481 2206.001315 0.365780 0.201033 0.908730 0.358384 0.870678 -0.336870 -0.858933 0.448895 0.246430
66.804242 -27.630725 3769.539183 1919.771910 0.263980 0.199278 0.943718 0.289979 0.916762 -0.274700 -0.919906 0.346174 0.184221
4.570645 -151.216518 -442.273667 -11001.086642 0.764347 0.325873 0.556400 -0.260241 0.945400 -0.196199 -0.589956 0.005166 0.807419
24.371654 -151.730890 4565.034928 -10612.400134 0.800400 0.258776 0.540735 -0.317753 0.948027 0.016650 -0.508323 -0.185147 0.841028
20.826210 -140.353820 -3228.178382 -7183.754843 0.793040 0.176505 0.583038 -0.246914 0.968093 0.042775 -0.556885 -0.177883 0.811318
28.712077 -788.195988 -18709.898824 -291360.177518 0.899684 0.290700 0.325673 -0.411524 0.315847 0.854920 -0.145662 0.903180 -0.403793
-4.668175 -445.883381 8487.797481 -42654.827755 0.917245 0.237113 0.320061 -0.304468 -0.100729 0.947181 -0.256828 0.966246 0.020200
12.495240 -427.774852 4171.087952 -45304.500248 0.904661 0.253731 0.342357 -0.346504 -0.029631 0.937580 -0.248038 0.966821 -0.061112
21.520770 -445.822645 1022.682576 118848.123497 0.904741 0.251537 0.343764 -0.199825 -0.462086 0.864029 -0.376184 0.850415 0.367804
19.040112 -391.145574 4659.185829 -26905.574411 0.895912 0.231040 0.379422 -0.373515 -0.070571 0.924936 -0.240473 0.970382 -0.023071
17.145472 -353.849922 2985.801218 -66041.928089 0.896892 0.261047 0.356986 -0.419705 0.247986 0.873127 -0.139400 0.932929 -0.331980
16.414082 -501.353734 -1616.921433 -166501.248662 0.917282 0.252951 0.307587 -0.394264 0.467967 0.790925 -0.056125 0.846772 -0.528987
162.430416 -20.437067 95304.970902 2613.095590 0.571853 0.734437 0.365495 -0.457553 -0.084250 0.885182 -0.680903 0.673428 -0.287865
222.532572 -48.512687 129342.698928 13375.493290 0.535070 0.752547 0.383891 -0.485245 -0.098203 0.868846 -0.691547 0.651175 -0.312624
7.994308 -30.249827 10365.708488 7255.912791 0.748238 0.628945 -0.211114 -0.071901 0.393218 0.916630 -0.659523 0.670678 -0.339442
131.305720 -18.550360 99636.471899 2860.836199 0.662263 0.706331 0.250009 -0.380837 0.029967 0.924156 -0.645268 0.707247 -0.288843
9.574739 -120.044356 4663.428811 13848.773978 0.927391 0.210536 0.309225 -0.276672 0.942364 0.188153 0.251789 0.260046 -0.932190
22.873340 -90.308221 12990.100069 1346.649099 0.975986 -0.115770 0.184525 0.062464 0.960248 0.272068 0.208687 0.254009 -0.944420
64.603814 -145.258020 -22125.764507 37057.057864 -0.953429 0.018835 -0.301030 -0.006672 0.996487 0.083479 0.301545 0.081600 -0.949954
82.678095 -25611.276304 596375.043697 18065690.358824 0.893409 0.281392 0.350198 -0.284961 0.957598 -0.042470 -0.347299 -0.061850 0.935712
257.328161 -3144.659701 112174.483910 2396597.348043 0.834085 0.525733 0.167054 -0.438263 0.815455 -0.378099 -0.335004 0.242153 0.910568
64.630137 -2249.689112 18873.896713 1279719.846286 0.894287 0.343252 0.287105 0.436663 -0.529056 -0.727616 0.097861 -0.776065 0.623014
27.218256 -1215.585975 -4279.166306 -436862.734515 0.714102 0.480855 0.508759 -0.217885 -0.537988 0.814307 -0.665270 0.692349 0.279407
11.150969 -74.508577 7987.562682 247.930242 0.343532 0.599839 0.722619 0.913361 -0.034347 -0.405700 -0.218535 0.799383 -0.559669
20.375423 -71.712238 16897.591409 31.905749 0.305428 0.592946 0.745070 0.945407 -0.095433 -0.311605 -0.113661 0.799567 -0.589723
25.756998 -74.010474 -6700.526848 2598.932252 0.322555 0.637864 0.699348 0.931581 -0.083047 -0.353920 -0.167674 0.765658 -0.621010
-0.932224 -64.019453 13645.671272 -1274.893224 0.208257 0.036159 0.977406 0.847888 0.491475 -0.198843 -0.487561 0.870140 0.071694
6.732611 -67.908840 14602.826645 -2350.245410 0.224958 0.047753 0.973197 0.893748 0.387701 -0.225617 -0.388083 0.920547 0.044537
-13.280079 -68.593489 14614.242110 -1149.794826 0.163261 0.019794 0.986384 0.904030 0.397354 -0.157604 -0.395063 0.917452 0.046978
-14.750767 -64.296625 12389.765140 -1437.616278 0.153185 0.013725 0.988102 0.849525 0.508969 -0.138772 -0.504818 0.860676 0.066307
-27.363584 -68.554095 10931.193859 -1105.375967 0.107589 0.027912 0.993804 0.900666 0.420535 -0.109317 -0.420981 0.906847 0.020106
-27.093364 -71.638206 13444.733990 -650.068521 0.113528 0.031332 0.993041 0.948232 0.294956 -0.117712 -0.296591 0.954997 0.003775
23.794024 -164.942147 3694.731505 2769.818879 -0.519308 -0.271285 -0.810385 -0.341642 0.935107 -0.094106 0.783326 0.227992 -0.578290
32.492555 -190.814126 -6224.101582 -15415.959564 -0.518256 -0.177677 -0.836565 -0.195948 0.976829 -0.086076 0.832475 0.119314 -0.541063
82.435412 -1042.997175 -9859.658712 463531.501773 -0.352894 -0.415897 -0.838150 -0.274669 0.902362 -0.332114 0.894440 0.113013 -0.432672
6.119965 -159.111942 -15091.573419 37428.968560 -0.344472 -0.388831 -0.854488 -0.475071 0.857249 -0.198572 0.809720 0.337540 -0.480021
-1.018694 -100.170556 -1412.693804 -6797.863824 -0.569646 -0.216999 -0.792726 -0.473051 0.875304 0.100326 0.672106 0.432150 -0.601266
15.965666 -122.930351 13934.532577 -17695.025733 -0.585239 -0.273717 -0.763266 -0.451002 0.892148 0.025874 0.673864 0.359377 -0.645566
4.582651 -399.548655 -8990.655858 -217857.218971 -0.615887 0.737707 -0.276536 0.724209 0.391935 -0.567370 -0.310168 -0.549706 -0.775641
17.134676 -476.266772 -4045.748691 -202934.427510 -0.635727 0.740556 -0.217778 0.694102 0.424979 -0.581046 -0.337746 -0.520547 -0.784193
17.696423 -171.095290 3737.984889 -44339.155144 0.691752 -0.697081 0.188566 0.608349 0.421841 -0.672281 -0.389089 -0.579766 -0.715878
13.676224 -147.184859 5396.684230 -29161.573238 0.747433 -0.644272 0.162039 0.557424 0.475514 -0.680562 -0.361415 -0.598999 -0.714548
-69.841882 -130.614720 5423.259807 11324.181645 0.079185 -0.842119 -0.533446 0.903453 -0.165539 0.395436 -0.421310 -0.513256 0.747707
-81.319121 -120.230848 -849.755732 13800.632467 -0.144714 -0.843915 -0.516590 0.931159 -0.292734 0.217369 -0.334665 -0.449572 0.828182
79.352974 -111.341371 8297.431355 21265.866969 -0.422188 0.702954 0.572374 -0.105442 0.589039 -0.801196 0.900355 0.398608 0.174564
87.945350 -119.019848 4662.636198 10945.044021 -0.224946 0.674883 0.702803 -0.226024 0.665472 -0.711379 0.947793 0.318873 -0.002845
98.205673 -133.410164 3467.981135 15598.880246 -0.284010 0.710816 0.643490 -0.049129 0.659456 -0.750136 0.957562 0.244660 0.152370
91.179104 -136.356781 14304.082079 33335.966614 -0.462709 0.715960 0.522784 0.027681 0.601090 -0.798702 0.886078 0.355095 0.297948
-6.706727 -15.101356 7466.939893 350.488336 -0.257144 0.963884 -0.069311 0.892910 0.264413 0.364413 -0.369578 -0.031818 0.928655
0.051294 -19.950371 3732.147878 -2277.706678 -0.593932 0.775775 -0.213115 0.724458 0.630922 0.277666 -0.349865 -0.010522 0.936741
-22.259835 -73.851257 1829.406200 -3781.327438 -0.245508 -0.380594 -0.891557 -0.319538 0.900076 -0.296240 0.915217 0.212157 -0.342590
-26.129199 -74.569770 1283.662943 -472.539619 -0.177915 -0.424411 -0.887819 -0.469415 0.829549 -0.302487 0.864868 0.362938 -0.346814
-23.630301 -72.419066 2528.747724 -2976.540582 -0.221085 -0.347296 -0.911322 -0.341753 0.902782 -0.261133 0.913415 0.253714 -0.318281
33.269975 -44.204879 -2341.986852 3073.371862 0.507850 0.857769 -0.079501 0.861258 -0.507497 0.026099 -0.017959 -0.081726 -0.996493
35.197119 -65.951839 -88.748197 -4413.708117 -0.736988 -0.668849 -0.097414 -0.658181 0.742959 -0.121696 0.153771 -0.025573 -0.987775
51.140457 -49.979482 4137.129156 -809.560520 0.539532 0.841374 0.031563 0.838234 -0.533238 -0.114113 -0.079181 0.088024 -0.992966
5.141840 -79.558898 -487.372914 54.041145 0.796226 0.402151 0.451994 0.260374 0.446591 -0.856015 0.546104 -0.799269 -0.250878
5.244138 -78.136219 -718.606673 -1365.805212 0.789356 0.391217 0.473145 0.376954 0.299460 -0.876487 0.484585 -0.870214 -0.088909
43.997691 -135.979419 -14377.131083 4919.002012 -0.001664 -0.453778 -0.891113 0.042553 0.890275 -0.453431 0.999093 -0.038674 0.017828
1.234644 -143.994089 -6396.683441 6616.222163 0.051135 -0.347143 -0.936417 0.123167 0.932678 -0.339031 0.991068 -0.097999 0.090449
-28.410195 -71.891660 -2600.663339 4447.506317 0.697003 0.598463 0.395005 -0.235957 0.711602 -0.661776 -0.677135 0.368055 0.637200
-2.247265 -90.873554 16176.282099 6369.896074 -0.304750 0.828399 -0.469982 0.421548 0.559807 0.713382 -0.854063 -0.019283 0.519811
-17.760649 -91.970435 13817.772310 10508.513469 -0.291363 0.862288 -0.414206 0.511469 0.506327 0.694285 -0.808397 0.009564 0.588559
7.377567 -75.287511 11787.343832 10112.922216 -0.305138 0.847881 -0.433577 0.537598 0.529173 0.656478 -0.786053 0.032774 0.617290
-20.231917 -105.706228 16146.557509 9433.794465 -0.322190 0.814144 -0.483077 0.368398 0.577892 0.728234 -0.872053 -0.056665 0.486120
16.871605 -84.941131 11889.907643 5513.014417 -0.349876 0.800817 -0.486085 0.391268 0.596375 0.700890 -0.851173 -0.055035 0.521992
7.760424 -93.136669 14877.003247 -413.972596 -0.338027 0.772357 -0.537775 0.251879 0.624809 0.739034 -0.906805 -0.114360 0.405743
1214.952783 -48.748156 -1124265.459633 -7784.606913 -0.348961 0.874995 -0.335575 -0.692195 0.000730 0.721710 -0.631737 -0.484132 -0.605413
925.371749 -33.311850 -692378.611522 44898.950288 -0.394519 0.780593 -0.484799 0.747690 -0.033988 -0.663178 -0.534149 -0.624115 -0.570232
1254.140164 -12.903875 -382155.068391 -43157.529003 -0.242076 0.922704 -0.300027 -0.754989 0.015089 0.655564 -0.609419 -0.385213 -0.692979
1187.161257 -28.488583 -713009.659440 -24631.508507 -0.214082 0.957832 -0.191640 -0.714147 -0.019619 0.699721 -0.666455 -0.286657 -0.688233
-27.771354 -67.350985 4873.006081 -1673.344396 -0.289431 -0.659967 -0.693306 0.941997 -0.067811 -0.328700 0.169917 -0.748228 0.641314
-20.996187 -65.121828 7964.060424 -1500.879131 -0.276570 -0.648349 -0.709333 0.959925 -0.151576 -0.235732 0.045318 -0.746102 0.664287
-20.009124 -68.794168 10165.017435 -1652.439722 -0.359620 -0.607006 -0.708673 0.919320 -0.100450 -0.380475 0.159764 -0.788323 0.594156
-2.143206 -390.296721 3444.674799 5643.588734 -0.066429 0.904866 -0.420481 -0.748069 0.233704 0.621109 -0.660288 -0.355809 -0.661377
-2.181913 -385.245703 -6603.201475 87802.927114 -0.123830 0.876694 -0.464837 -0.394480 0.386344 0.833741 -0.910523 -0.286610 -0.297997
7.007410 -339.548685 555.204127 62286.939694 -0.094585 0.895377 -0.435148 -0.378716 0.371880 0.847514 -0.920667 -0.244960 -0.303919
-24.226149 -46.765896 6096.910948 -1476.599939 -0.110342 -0.424142 -0.898848 0.922639 0.292544 -0.251306 0.369542 -0.857042 0.359050
-41.109162 -157.797381 -4000.525221 4610.847281 -0.348399 0.933649 -0.083176 0.813695 0.257196 -0.521296 0.465315 0.249299 0.849313
-46.494954 -156.074422 -5043.779568 -3098.650704 -0.353646 0.926474 -0.128764 0.901095 0.300511 -0.312604 0.250925 0.226580 0.941115
-13.427028 -1521.417967 4450.971914 -790029.171062 -0.554959 -0.559614 0.615511 -0.463353 0.822444 0.329985 -0.690887 -0.102071 -0.715721
-55.297667 -208.244479 -1230.859022 98433.008498 0.091092 0.944264 -0.316336 -0.612133 0.303651 0.730130 -0.785491 -0.127131 -0.605675
-52.505475 -99.808129 36417.444987 -76392.117189 -0.611101 -0.111122 0.783714 -0.264185 0.961957 -0.069603 -0.746165 -0.249579 -0.617210
-23.137429 -182.292565 -23063.485738 -124248.582830 -0.690341 -0.216749 0.690253 -0.364441 0.928363 -0.072969 -0.624989 -0.301931 -0.719880
-28.269004 -975.926516 -28934.731366 -471700.860250 -0.617266 -0.546928 0.565555 -0.423885 0.836782 0.346580 -0.662800 -0.025798 -0.748352
1.636403 -33.943904 1365.164243 -6783.777745 -0.063617 -0.640528 -0.765295 0.951888 -0.269290 0.146259 -0.299769 -0.719171 0.626843
7.831956 -41.108133 1989.601087 -8771.490375 -0.166705 -0.616548 -0.769466 0.943514 -0.326375 0.057100 -0.286339 -0.716483 0.636130
-31.558006 -43.868075 14697.886762 -16723.509901 -0.094118 -0.037954 0.994837 -0.459612 0.888068 -0.009602 -0.883119 -0.458143 -0.101027
-14.759377 -20.183608 -23822.425634 15396.076499 -0.466476 0.755581 0.459888 0.153142 -0.443081 0.883304 -0.871176 -0.482468 -0.090976
-20.812369 -51.357543 18330.232394 -19675.029682 0.082753 -0.351931 0.932361 -0.463879 0.814433 0.348590 -0.882025 -0.461349 -0.095857
0.016007 -26.997072 -26986.999688 11941.896222 -0.481348 0.824826 0.296590 0.057635 -0.307852 0.949687 -0.874633 -0.474224 -0.100645
-38.266931 -63.451979 12964.448134 -21772.497796 -0.024143 -0.186796 0.982102 -0.447150 0.880660 0.156510 -0.894133 -0.435368 -0.104788
-37.199855 -54.340581 1046.398114 -13675.679421 -0.082529 -0.155115 0.984443 -0.425690 0.898650 0.105910 -0.901098 -0.410327 -0.140195
-129.898123 -297.142400 -73534.780896 -87880.210810 -0.146948 -0.477218 -0.866412 0.425165 0.760403 -0.490939 0.893107 -0.440511 0.091157
-12.941041 -187.312334 -16248.993195 -46513.597833 -0.239680 -0.412668 -0.878783 0.433513 0.764424 -0.477203 0.868689 -0.495340 -0.004320
1.007861 -69.984917 -18606.205568 -9684.645496 0.344202 0.873593 0.344035 0.938021 -0.335780 -0.085843 0.040528 0.352259 -0.935025
98.690009 -52.727139 -31434.722017 -5199.536758 -0.635539 0.716746 0.286994 0.770899 0.609559 0.184804 -0.042482 0.338693 -0.939937
93.493995 -57.543454 9117.940297 4428.714904 -0.495383 0.684682 0.534609 0.859085 0.477342 0.184710 -0.128724 0.550776 -0.824667
151.481001 -62.829406 -1175.419736 241.857044 -0.618474 0.668795 0.412557 0.759950 0.642627 0.097497 -0.199914 0.373822 -0.905699
127.037545 -70.394666 59896.856312 7772.069746 -0.378155 0.606276 0.699592 0.881387 0.466906 0.071795 -0.283116 0.643761 -0.710927
117.558638 -61.423614 49834.816217 -4074.803401 0.751396 -0.650964 -0.107937 0.659845 0.742002 0.118480 -0.002963 0.160246 -0.987073
205.244799 -76.757845 65710.437254 2832.228307 -0.465346 0.625610 0.626151 0.795058 0.606349 -0.014950 -0.389019 0.490870 -0.779558
224.643427 -73.545179 -65003.310232 6341.142271 -0.705245 0.685793 0.179773 0.693171 0.720222 -0.028192 -0.148810 0.104731 -0.983304
-5.290574 -46.385394 7463.637043 1848.192696 0.406767 0.480979 0.776659 -0.013166 0.853171 -0.521466 -0.913437 0.201890 0.353375
-18.679171 -45.358589 12007.550249 1836.024347 0.406520 0.509835 0.758162 -0.029218 0.836655 -0.546951 -0.913175 0.200194 0.355013
-5.961935 -48.257020 8033.446086 1893.014543 0.403050 0.530945 0.745417 -0.101956 0.835486 -0.539971 -0.909481 0.141636 0.390876
-17.012901 -40.699894 9839.348695 1697.137733 0.406597 0.511946 0.756697 0.025524 0.821563 -0.569547 -0.913251 0.250890 0.320978
5.618660 -49.578505 3205.548127 2841.896433 0.387616 0.495275 0.777468 -0.060439 0.855244 -0.514689 -0.919837 0.152512 0.361441
4.312342 -44.020627 3620.062800 2591.318295 0.390218 0.419006 0.819856 0.053973 0.878507 -0.474670 -0.919139 0.229475 0.320194
-5.054610 -40.500418 6543.862253 1776.531778 0.401833 0.439199 0.803514 0.065544 0.861428 -0.503633 -0.913364 0.255041 0.317363
7.923509 -76.221192 -1348.828562 -4646.965349 -0.646163 -0.292781 -0.704806 -0.309551 0.944658 -0.108622 0.697604 0.147986 -0.701034
6.924105 -73.166141 -1233.271384 -2338.095489 -0.643167 -0.258524 -0.720765 -0.190631 0.965706 -0.176272 0.741617 0.024028 -0.670393
6.787356 -70.492789 -1318.225811 278.124675 -0.650519 -0.201510 -0.732270 -0.044423 0.972604 -0.228183 0.758190 -0.115908 -0.641649
16.411956 -186.742593 2477.518329 -6524.732180 -0.433784 0.035545 -0.900315 0.878703 -0.204308 -0.431438 -0.199277 -0.978261 0.057392
18.857608 -175.675187 -843.882871 -8280.643418 -0.429071 -0.041508 -0.902316 0.875211 -0.266158 -0.403938 -0.223392 -0.963035 0.150529
20.954712 -175.400516 -2423.684663 11654.994225 -0.412995 -0.051849 -0.909256 0.910730 -0.020960 -0.412469 0.002328 -0.998435 0.055877
15.552648 -166.624484 -4147.903015 5450.392719 -0.418938 -0.122779 -0.899676 0.907056 -0.102105 -0.408441 -0.041713 -0.987168 0.154143
16.078231 -162.536191 -2535.086360 -8005.036803 -0.443422 -0.104500 -0.890200 0.860305 -0.328301 -0.389992 -0.251500 -0.938775 0.235478
-9.476321 -141.211793 171.265703 5845.468199 0.541829 0.009153 0.840439 -0.408372 0.876844 0.253726 -0.734611 -0.480688 0.478837
-8.432174 -177.557626 -1717.549663 9902.508762 0.538036 -0.104848 0.836375 -0.513919 0.745683 0.424081 -0.668135 -0.658000 0.347321
-36.527945 -44.838478 -3355.878807 -463.485463 -0.425568 0.065305 -0.902567 -0.129850 0.982664 0.132326 0.895562 0.173512 -0.409710
-36.558562 -49.373915 -1645.989531 -1264.411553 -0.349727 -0.356512 -0.866366 -0.401424 0.892595 -0.205262 0.846493 0.275995 -0.455277
-34.429987 -47.236341 -1390.658832 -2286.503296 -0.242248 -0.446059 -0.861596 -0.451104 0.838003 -0.307012 0.858965 0.314296 -0.404223
-14.397862 -98.481321 -3012.382326 -2952.544368 0.827114 0.444346 0.344149 -0.560813 0.692834 0.453288 0.037021 0.567924 -0.822248
-23.353117 -98.391688 -3596.917407 -6222.426383 0.834559 0.419482 0.357137 -0.550849 0.625003 0.553116 -0.008811 0.658336 -0.752673
-20.529903 -96.451418 -2796.983812 -1922.671717 0.876568 0.357477 0.322240 -0.478130 0.723275 0.498261 0.054951 0.590833 -0.804920
-28.081274 -101.455711 -2293.876690 -4039.602271 0.855803 0.365703 0.365872 -0.517173 0.589119 0.620862 -0.011509 0.720555 -0.693302
-10.646426 -101.013035 -1492.267991 3055.773063 0.889802 0.339314 0.305153 -0.442611 0.804519 0.396037 0.111120 0.487459 -0.866046
-14.836534 -98.064438 -679.887108 1276.394961 0.920047 0.261036 0.292189 -0.372906 0.812232 0.448576 0.120231 0.521669 -0.844633
-24.011278 -94.108943 -1443.731104 168.124875 0.919794 0.259894 0.293998 -0.386381 0.730598 0.562972 0.068481 0.631413 -0.772417
44.927301 -22.715054 -9036.691537 601.120553 0.106277 0.171649 0.979409 0.227193 0.954739 -0.191979 -0.968033 0.242918 0.062469
24.498346 -21.446102 -15277.126570 -1690.600821 -0.018788 0.130646 0.991251 0.184517 0.974850 -0.124987 -0.982650 0.180554 -0.042422
24.639810 -23.259371 -20774.489257 -1637.436780 -0.009224 0.156503 0.987634 0.225841 0.962483 -0.150408 -0.974120 0.221661 -0.044223
45.079938 -128.577739 5600.737315 3481.222221 0.841280 0.053215 0.537974 -0.221628 0.941621 0.253437 -0.493081 -0.332442 0.803961
28.150807 -167.075659 10216.085126 -6296.327094 0.776756 0.370173 0.509531 -0.416537 0.908769 -0.025229 -0.472385 -0.192642 0.860083
49.541060 -161.800771 18394.759523 9631.188801 0.839673 0.206108 0.502463 -0.331752 0.927167 0.174076 -0.429989 -0.312860 0.846893
-3.289409 -1097.543184 -17607.464525 -392853.973885 0.923785 0.280774 0.260359 -0.352173 0.356076 0.865554 -0.150317 0.891278 -0.427819
-24.099856 -366.942817 8127.111026 -36395.682939 0.917496 0.271395 0.290767 -0.284860 -0.061835 0.956573 -0.277589 0.960480 -0.020576
-9.482455 -470.321797 5914.457129 -131055.775277 0.921995 0.268889 0.278612 -0.372121 0.416466 0.829507 -0.107013 0.868479 -0.484038
5.568858 -34.605508 18002.094394 5469.251144 0.660092 0.744459 0.100296 -0.339931 0.176971 0.923649 -0.669870 0.643787 -0.369882
39.446079 -65.243736 -2274.263988 951.769861 -0.401433 0.833432 -0.379794 0.620923 0.552479 0.556077 -0.673280 0.012595 0.739280
28.875885 -54.576507 7646.117266 3937.742587 -0.347090 0.828921 -0.438655 0.696046 0.541162 0.471872 -0.628528 0.141542 0.764799
29.278261 -63.816725 -10852.200191 445.045042 -0.536216 0.734385 -0.416115 0.637818 0.675424 0.370122 -0.552867 0.066940 0.830577
30.320848 -51.218190 8643.893981 958.867071 -0.219896 0.902592 -0.370100 0.674380 0.414781 0.610875 -0.704881 0.115259 0.699898
18.949031 -75.059859 15948.891912 -366.542603 0.619788 -0.670872 0.407177 0.521544 0.739811 0.425055 -0.586392 -0.051083 0.808415
63.217423 -76.827512 -24058.306111 4934.920100 -0.520371 0.790035 -0.324127 0.516107 0.593366 0.617698 -0.680329 -0.154147 0.716513
74.764607 -80.258013 1157.970801 9594.877655 -0.336121 0.887212 -0.316035 0.563640 0.458325 0.687203 -0.754542 -0.052853 0.654120
53.498591 -65.625535 6263.294488 3074.985634 -0.242588 0.907298 -0.343456 0.615976 0.417564 0.667992 -0.749483 0.049514 0.660170
-46.465110 -404.743181 -14917.289679 -177803.493826 0.682969 0.241800 0.689265 0.620303 0.306294 -0.722086 0.385718 -0.920715 -0.059200
3.909049 -1145.213441 521.141482 -507083.141891 -0.728774 -0.493795 -0.474400 0.145897 0.564921 -0.812144 0.669031 -0.661083 -0.339656
-30.291627 -334.749679 -1079.238250 -153582.336815 0.685795 0.308134 0.659348 0.557323 0.360290 -0.748052 0.468057 -0.880480 -0.075355
24.400588 -72.081054 -3149.849623 1624.929476 -0.291916 -0.470163 -0.832906 -0.706077 0.693355 -0.143923 0.645167 0.546082 -0.534373
20.962507 -70.057025 -436.896383 172.392206 -0.300501 -0.533703 -0.790481 -0.716989 0.672961 -0.181795 0.628988 0.512137 -0.584885
20.604161 -70.232727 -2216.856612 3812.030228 -0.298360 -0.494752 -0.816212 -0.653376 0.729251 -0.203204 0.695759 0.472665 -0.540839
17.861499 -69.030820 549.994297 3579.083723 -0.311036 -0.551527 -0.773999 -0.660881 0.710777 -0.240898 0.683002 0.436594 -0.585571
23.475321 -71.280978 1211.277509 517.420138 -0.307924 -0.460832 -0.832356 -0.633608 0.751961 -0.181922 0.709735 0.471370 -0.523533
22.453347 -70.509370 2720.059885 795.634097 -0.308802 -0.490070 -0.815152 -0.557824 0.787482 -0.262116 0.770373 0.373769 -0.516549
17.573091 -70.745373 29.803237 3900.707221 -0.299280 -0.523377 -0.797815 -0.571979 0.767659 -0.289032 0.763722 0.369832 -0.529106
-16.603471 -44.898419 -3347.269782 -4937.080256 0.019549 -0.284091 -0.958598 -0.539594 0.804161 -0.249326 0.841698 0.522128 -0.137573
-22.611459 -50.002834 829.324199 -3746.754633 0.103741 -0.474126 -0.874324 -0.563257 0.696513 -0.444535 0.819744 0.538585 -0.194798
-21.106059 -50.983543 -1542.900519 -2937.012054 0.055275 -0.338543 -0.939326 -0.610849 0.732702 -0.300019 0.789815 0.590370 -0.166298
65.633131 -460.589329 2421.308972 182561.609268 -0.534434 -0.264396 -0.802792 -0.136736 0.964348 -0.226576 0.834076 -0.011320 -0.551533
26.131376 -215.932279 -1566.184234 -27870.852518 0.679832 -0.719277 0.143070 0.574665 0.401278 -0.713257 -0.455619 -0.567112 -0.686145
24.466236 -545.538135 -3851.364904 -190138.056393 -0.612366 0.759371 -0.219917 0.736972 0.447632 -0.506456 -0.286146 -0.472209 -0.833750
20.675005 -288.184079 -1217.468796 -83669.676211 -0.604772 0.768339 -0.209540 0.693463 0.378671 -0.612959 -0.391613 -0.516008 -0.761823
-27.384957 -131.915193 21904.529899 12671.856702 0.106815 -0.718801 -0.686961 0.926069 -0.179572 0.331888 -0.361920 -0.671624 0.646479
-81.696581 -116.894516 -463.571542 -1560.529751 0.588416 0.737610 0.331208 0.553673 -0.666093 0.499766 -0.589248 0.110689 0.800334
-80.999932 -119.705637 763.649841 -2383.584480 0.476650 0.777482 0.410277 0.676282 -0.622475 0.393913 -0.561648 -0.089704 0.822499
-79.623101 -114.858113 -954.998609 -1702.409900 0.613407 0.712644 0.340398 0.610348 -0.701290 0.368330 -0.501206 0.018175 0.865137
