15729
31440
-24.587217 -34.996525 1111.420358 -2440.209489 0.850456 0.158582 -0.501574 -0.489900 0.586104 -0.645353 -0.191634 -0.794565 -0.576145
-31.618493 -45.432095 415.627801 -2944.106152 0.887421 0.047949 -0.458459 -0.353269 0.709650 -0.609588 -0.296116 -0.702921 -0.646697
-24.841286 -51.083101 715.025166 -5229.237578 0.966417 -0.070437 -0.247137 -0.140364 0.660881 -0.737247 -0.215258 -0.747178 -0.628800
-26.946402 -37.436585 440.825525 1835.538136 0.606838 0.300749 -0.735729 0.732169 -0.571745 0.370185 -0.309316 -0.763320 -0.567156
-12.207816 -43.206220 2848.400454 -5146.440657 0.960652 0.080406 -0.265863 -0.262357 0.576959 -0.773490 -0.091199 -0.812806 -0.575352
-19.627827 -26.870766 1502.168251 -1766.431979 0.778457 0.275717 -0.563902 -0.622517 0.454308 -0.637242 -0.080487 -0.847103 -0.525298
-21.303078 -28.191909 -65.830927 863.798035 0.222431 0.455139 -0.862191 0.961908 -0.246607 0.117976 -0.158927 -0.855589 -0.492655
-23.764899 -31.500940 444.090881 1271.600280 0.428996 0.408282 -0.805772 0.872207 -0.419275 0.251921 -0.234985 -0.810873 -0.535973
55.881502 -76.716472 -614.641903 7658.839372 0.950868 -0.305411 0.050725 -0.057095 -0.334020 -0.940835 -0.304285 -0.891714 0.335046
60.890240 -64.434336 1213.234015 5866.862629 0.962449 -0.261985 0.071101 0.012374 -0.219310 -0.975577 -0.271180 -0.939823 0.207833
57.044984 -70.463859 -916.891894 7821.898749 0.903342 -0.422673 0.072939 -0.018906 -0.209125 -0.977706 -0.428504 -0.881824 0.196903
46.061313 -77.858301 -2620.263162 739.796726 0.926502 -0.371374 0.060622 -0.157063 -0.528070 -0.834550 -0.341943 -0.763691 0.547587
52.351593 -72.231010 -690.569995 1128.881197 0.984093 -0.177635 -0.002685 -0.098404 -0.532450 -0.840722 -0.147912 -0.827613 0.541460
43.575033 -79.733084 -3577.303069 7529.320273 0.865656 -0.493818 0.082357 -0.095084 -0.323680 -0.941377 -0.491526 -0.807078 0.327150
-24.789638 -45.285555 -895.924540 -229.649950 0.673711 0.479494 -0.562316 -0.271687 0.868340 0.414936 0.687240 -0.126773 0.715283
-25.739963 -46.212755 -817.837361 234.516244 0.734714 0.475752 -0.483585 -0.306453 0.868740 0.389072 0.605212 -0.137660 0.784072
-24.463184 -46.911220 -975.387320 34.541447 0.702330 0.444691 -0.555862 -0.168102 0.862391 0.477518 0.691718 -0.241934 0.680436
11.247035 -26.595759 -3181.009099 -383.663811 0.645441 0.325646 -0.690912 0.648194 0.244970 0.720996 0.404042 -0.913205 -0.052968
8.144615 -23.650851 -3707.475029 -834.116681 0.609969 0.286581 -0.738789 0.717826 0.195077 0.668334 0.335652 -0.937985 -0.086724
3.376911 -24.926680 -2784.099536 -180.959130 0.631755 0.296638 -0.716165 0.664911 0.267547 0.697361 0.398472 -0.916747 -0.028214
-2.828196 -25.946833 -2590.075912 313.604469 0.635115 0.300178 -0.711704 -0.624530 -0.342626 -0.701833 0.454523 -0.890225 0.030137
5.427947 -26.680185 -2974.249103 104.628261 0.679072 0.327578 -0.656928 -0.579753 -0.309602 -0.753679 0.450275 -0.892659 0.020328
7.305822 -15.932936 1047.653613 9.458126 0.731665 -0.042593 -0.680332 0.049894 0.998715 -0.008867 0.679836 -0.027456 0.732850
4.241029 -14.868695 1222.626268 -134.925149 0.719047 0.163005 -0.675574 -0.051936 0.981989 0.181661 0.693018 -0.095536 0.714562
7.561587 -18.965477 726.974492 -550.782248 0.739017 0.120117 -0.662893 -0.023216 0.987933 0.153133 0.673287 -0.097778 0.732887
-13.850042 -32.760909 198.613404 -424.147776 0.445130 -0.613498 -0.652288 0.380881 0.788971 -0.482134 0.810425 -0.033832 0.584864
-8.918399 -31.580748 682.568455 -557.112433 -0.421091 0.762444 0.491286 0.415839 0.643654 -0.642485 0.806077 0.066249 0.588091
-14.288204 -30.145874 386.437692 -301.866930 0.487808 -0.582213 -0.650440 0.429686 0.808731 -0.401651 0.759877 -0.083556 0.644674
-7.133181 -33.192481 891.073086 -524.346133 -0.420772 0.752195 0.507103 0.327977 0.647323 -0.688044 0.845803 0.123192 0.519078
-13.644316 -30.944114 286.136147 -278.460969 0.476208 -0.511978 -0.714916 0.459109 0.838170 -0.294431 0.749963 -0.188014 0.634197
-14.496989 -32.885302 -136.737999 -274.316894 0.416677 -0.568059 -0.709710 0.428318 0.811304 -0.397906 0.801825 -0.138184 0.581362
-13.060362 -33.471765 25.958827 -345.094798 0.428082 -0.603092 -0.673072 0.302622 0.797426 -0.522046 0.851567 0.019792 0.523872
1.595970 -38.119133 126.140421 -75.185784 0.868545 0.248878 -0.428590 -0.469190 0.134320 -0.872822 0.159659 -0.959176 -0.233434
1.610889 -40.709442 271.975895 1008.881438 0.838285 0.253688 -0.482619 -0.490587 -0.035295 -0.870677 0.237914 -0.966642 -0.094869
0.876537 -36.199812 112.957547 52.586068 0.863869 0.256647 -0.433431 -0.474245 0.124386 -0.871562 0.169771 -0.958468 -0.229167
6.474873 -70.010471 2425.630143 -1614.349228 0.987711 0.055984 -0.145919 -0.131567 0.801791 -0.582942 -0.084361 -0.594976 -0.799304
12.034884 -73.661666 1052.716719 425.957868 0.973075 0.049227 -0.225172 -0.148124 0.882042 -0.447281 -0.176593 -0.468591 -0.865585
7.642681 -67.262363 1038.568152 -941.050635 0.972245 0.041502 -0.230253 -0.187334 0.727661 -0.659860 -0.140161 -0.684680 -0.715240
-2.614987 -59.126272 -526.664060 -1917.575670 -0.315999 0.934616 0.163210 0.548230 0.320273 -0.772573 0.774331 0.154655 0.613591
-1.427831 -59.212041 -236.106951 -571.645644 -0.313189 0.934370 0.169898 0.638298 0.339568 -0.690847 0.703198 0.107920 0.702756
-2.464310 -64.893181 -529.191732 -1343.313470 -0.288840 0.945655 0.149357 0.464794 0.274899 -0.841663 0.836981 0.173686 0.518937
17.241408 -41.803807 1453.150262 3079.605209 0.315105 0.545588 -0.776558 0.947223 -0.129959 0.293050 0.058964 -0.827916 -0.557745
19.669206 -38.361481 -92.275719 2591.155427 0.350904 0.476305 -0.806226 0.935337 -0.137053 0.326129 0.044841 -0.868533 -0.493599
20.692722 -31.724108 1289.398957 3780.191818 0.354502 0.518441 -0.778170 0.920773 -0.048649 0.387054 0.162808 -0.853729 -0.494612
4.792177 -64.981364 -132.327842 -445.365953 -0.457045 0.883085 0.106161 -0.435511 -0.326259 0.838979 -0.775526 -0.337217 -0.533708
4.551051 -68.373869 -4.413659 1514.968051 -0.431906 0.898984 0.072696 -0.582216 -0.339459 0.738777 -0.688826 -0.276757 -0.670018
5.428140 -69.786623 152.616423 91.841196 -0.435648 0.893362 0.110069 -0.431652 -0.314653 0.845381 -0.789865 -0.320777 -0.522700
5.918493 -69.841141 -128.684579 -1075.845765 -0.459942 0.876339 0.143120 -0.260184 -0.287114 0.921884 -0.848975 -0.386775 -0.360065
5.169080 -66.142351 -280.616821 -1777.249407 -0.480718 0.864695 0.145646 -0.269869 -0.303926 0.913674 -0.834315 -0.399914 -0.379457
6.692553 -24.249700 -222.408710 63.185256 0.777314 0.300498 -0.552706 -0.044133 0.902430 0.428569 0.627563 -0.308740 0.714733
7.741411 -25.711569 475.821966 539.644683 0.768309 0.329104 -0.548992 -0.016520 0.867603 0.496982 0.639866 -0.372766 0.672024
6.350340 -26.108333 664.437981 -254.829651 0.786636 0.274753 -0.552915 -0.012048 0.902189 0.431172 0.617299 -0.332514 0.713005
5.483520 -26.837885 -23.601280 -881.931979 0.790131 0.231892 -0.567380 -0.025000 0.937094 0.348181 0.612428 -0.260924 0.746224
6.249014 -24.747853 -637.133882 -524.430943 0.781918 0.258714 -0.567160 -0.053371 0.934256 0.352586 0.621092 -0.245424 0.744320
-10.268569 -117.116696 -1180.660075 8756.170578 -0.398574 0.902592 -0.162684 -0.905416 -0.415508 -0.087032 0.146151 -0.112608 -0.982832
-8.619960 -100.731123 -1477.060597 -7393.492019 -0.393476 0.904408 -0.164993 0.917583 0.375277 -0.131183 -0.056725 -0.203012 -0.977532
-12.532178 -118.462525 -130.989905 -5662.465737 -0.432098 0.895158 -0.109469 0.898876 0.437311 0.027946 0.072888 -0.086324 -0.993597
-12.633779 -128.379688 -174.060103 7062.178063 -0.421470 0.897292 -0.131265 -0.852676 -0.441399 -0.279484 0.308719 0.005868 -0.951135
-13.368716 -130.895891 468.326903 2710.197259 -0.434779 0.896631 -0.083789 -0.870044 -0.442242 -0.217818 0.232357 0.021803 -0.972386
-12.890255 -123.724239 -597.870367 -7693.628179 -0.455226 0.886343 -0.084653 0.888514 0.446070 -0.107536 -0.057552 -0.124169 -0.990591
-0.592116 -79.001542 39.769424 2729.321870 -0.360058 0.925637 0.116419 -0.905266 -0.376814 0.196225 -0.225501 0.034738 -0.973623
-0.322603 -73.430345 64.568191 2630.389551 -0.403234 0.905812 0.130023 -0.834206 -0.422268 0.354668 -0.376167 -0.034549 -0.925907
-0.335181 -72.925283 -252.152236 2588.071425 -0.365757 0.923797 0.113229 -0.902244 -0.381795 0.200471 -0.228425 0.028836 -0.973134
-0.249770 -77.033808 -422.208194 -1270.390811 -0.322235 0.940608 0.106869 0.944851 0.326538 -0.025082 -0.058489 0.092893 -0.993957
-1.100214 -69.787662 -252.134128 -1345.766496 -0.327632 0.938477 0.109173 0.941877 0.333519 -0.040403 -0.074328 0.089590 -0.993201
-0.695178 -66.244445 -87.946904 2053.485543 -0.377761 0.918539 0.116544 -0.896786 -0.394290 0.200774 -0.230371 0.028671 -0.972680
-1.526570 -10.214183 721.254181 -50.285900 -0.193689 0.918885 -0.343709 -0.501200 0.208495 0.839838 -0.843376 -0.334934 -0.420162
0.073573 -8.607634 770.544687 -585.559976 -0.359503 0.932638 -0.030718 -0.402337 -0.125219 0.906888 -0.841952 -0.338387 -0.420251
-3.563480 -8.778996 -134.008313 886.534870 -0.058366 0.838239 -0.542171 -0.561193 0.421610 0.712256 -0.825625 -0.345834 -0.445806
-4.052246 -13.110244 142.797937 1731.226921 0.096300 0.686158 -0.721050 -0.567486 0.632994 0.526572 -0.817732 -0.358477 -0.450343
-2.687758 -13.620714 105.004063 920.988077 -0.038658 0.807589 -0.588477 -0.546896 0.475785 0.688864 -0.836307 -0.348466 -0.423275
3.810180 -28.797619 3485.385187 4972.292721 0.141827 0.809109 -0.570287 -0.681143 0.497804 0.536875 -0.718282 -0.312304 -0.621721
-5.076859 -24.075951 3357.590766 2173.838668 0.065384 0.853418 -0.517109 -0.636807 0.434659 0.636827 -0.768246 -0.287661 -0.571882
6.546339 -23.894037 4002.030643 3140.270342 0.105812 0.831941 -0.544682 -0.656051 0.470034 0.590478 -0.747262 -0.294859 -0.595531
-7.812764 -28.756092 1999.774405 3607.173521 0.094357 0.815237 -0.571388 -0.665015 0.478728 0.573214 -0.740845 -0.325896 -0.587317
10.110560 -29.000353 2882.335986 4849.834481 0.139267 0.790312 -0.596667 -0.707988 0.500743 0.498005 -0.692356 -0.353078 -0.629268
9.484564 -38.546970 2579.749606 5189.731330 0.180838 0.763288 -0.620233 -0.750193 0.514861 0.414884 -0.636010 -0.390268 -0.665720
1.756119 -37.551250 2389.789094 5261.617483 0.162946 0.783128 -0.600133 -0.730382 0.504681 0.460259 -0.663318 -0.363329 -0.654218
-12.400116 -101.125453 3542.176758 1093.574417 -0.600013 0.736541 0.312236 0.123148 -0.300610 0.945763 -0.790455 -0.605922 -0.089667
-6.032630 -118.949037 239.067750 1443.316402 -0.631718 0.710049 0.311067 0.102621 -0.321144 0.941454 -0.768376 -0.626655 -0.130006
-9.717074 -193.541479 4397.525705 -33913.244705 -0.591409 0.602099 0.536388 -0.077188 0.619862 -0.780905 -0.802669 -0.503237 -0.320117
-31.905381 -108.790428 12269.861011 12001.545078 -0.609161 0.641847 0.465785 0.097564 -0.522221 0.847211 -0.787022 -0.561532 -0.255496
-14.891780 -85.127971 3241.610952 -2526.013905 -0.625899 0.747258 0.223283 0.071513 -0.230100 0.970536 -0.776618 -0.623425 -0.090581
42.364428 14.683555 -2269.618517 -545.321008 -0.056723 0.977808 0.201678 0.825601 0.159526 -0.541235 0.561397 -0.135805 0.816328
41.077077 13.465485 9736.892239 -359.312311 -0.132698 0.988189 -0.076643 0.848474 0.073285 -0.524138 0.512331 0.134581 0.848177
40.368096 15.789488 -1067.024662 670.138934 -0.039163 0.977775 0.205966 0.848562 0.141388 -0.509855 0.527645 -0.154808 0.835240
40.417815 14.129605 -12155.648926 -361.789499 0.078348 0.896652 0.435749 0.828784 0.184339 -0.528334 0.554057 -0.402536 0.728688
42.259988 13.255291 -11071.791883 -588.674145 0.123254 0.908992 0.398174 0.798114 0.147654 -0.584134 0.589765 -0.389785 0.707280
5.221303 -21.230834 -1635.356741 -316.565328 0.062045 0.952757 0.297329 0.872285 0.093012 -0.480070 0.485045 -0.289142 0.825305
2.681354 -19.363048 -1159.953403 -368.168306 0.051858 0.955830 0.289309 0.909482 0.074458 -0.409021 0.412496 -0.284333 0.865449
6.765989 -19.655674 -121.300523 -335.661874 -0.087121 0.962356 0.257452 0.894276 0.189424 -0.405448 0.438953 -0.194911 0.877115
16.968279 -63.542724 485.469840 5020.361230 0.762866 0.148896 -0.629178 0.197428 0.873000 0.445975 0.615676 -0.464436 0.636586
14.173316 -65.059175 865.538351 9624.871045 0.724476 0.152313 -0.672261 0.319347 0.790133 0.523170 0.610861 -0.593709 0.523792
15.680078 -71.752728 -201.491469 16740.656255 0.788625 0.127116 -0.601591 0.243216 0.834112 0.495078 0.564727 -0.536748 0.626886
11.395222 -73.117237 1931.418625 364.114401 0.983720 0.040494 -0.175085 -0.103900 0.923094 -0.370273 -0.146627 -0.382436 -0.912274
16.275082 -70.086932 -265.546029 1770.508381 -0.967012 -0.064819 0.246346 -0.115366 0.973658 -0.196672 -0.227109 -0.218604 -0.949017
-7.696741 -15.336951 -537.017129 1932.827680 -0.729608 -0.442933 0.521039 -0.340527 0.896038 0.284881 -0.593055 0.030424 -0.804587
-7.707162 -13.240646 -196.542918 293.489675 -0.768153 -0.320594 0.554220 -0.234320 0.946322 0.222640 -0.595848 0.041157 -0.802042
-7.427606 -16.173206 -164.035230 1768.902471 -0.734761 -0.460819 0.497767 -0.363832 0.887062 0.284161 -0.572497 0.027686 -0.819439
-6.242537 -13.194683 340.583811 253.754090 -0.771121 -0.256520 0.582727 -0.179108 0.965683 0.188086 -0.610978 0.040666 -0.790603
-5.202204 -16.549138 847.254269 1092.809971 -0.756858 -0.281012 0.590083 -0.209128 0.959508 0.188707 -0.619218 0.019422 -0.784979
-6.668159 -15.767150 -3949.638909 -4722.596891 -0.575322 -0.018986 0.817707 0.685149 -0.557224 0.469119 0.446739 0.830145 0.333591
6.690616 -18.204445 5847.052488 -3002.471958 0.757249 -0.145525 -0.636708 0.475824 -0.544869 0.690441 0.447399 0.825797 0.343357
-1.788232 -8.804810 -4447.811480 -1186.137323 0.857845 -0.451900 0.244722 -0.352156 -0.170091 0.920356 0.374284 0.875703 0.305051
-11.824186 -18.114610 -5209.419895 2767.799251 0.270203 -0.471164 0.839640 0.887140 -0.217038 -0.407280 0.374129 0.854926 0.359345
56.157914 -23.287868 7629.787124 6200.548233 -0.580195 0.007291 0.814445 0.780813 0.289496 0.553645 -0.231742 0.957151 -0.173657
109.162142 -22.149569 20534.832179 7333.436383 -0.550079 0.101523 0.828919 0.817394 0.268832 0.509506 -0.171113 0.957822 -0.230863
102.140106 -10.383968 20082.879542 5571.407050 -0.528624 0.073333 0.845683 0.830991 0.248025 0.497933 -0.173235 0.965974 -0.192051
69.388674 -10.396580 14748.798678 4133.374841 -0.508323 -0.004460 0.861155 0.830351 0.262573 0.491500 -0.228308 0.964902 -0.129768
34.672986 -20.265012 5114.131116 4412.511729 -0.570482 -0.073491 0.818015 0.767706 0.306208 0.562906 -0.291851 0.949124 -0.118267
34.919700 -33.505315 4688.932015 3212.917099 -0.561121 -0.034275 0.827024 0.748277 0.406146 0.524525 -0.353871 0.913165 -0.202249
24.890369 -28.836027 -442.161730 72.486004 0.901431 0.406185 -0.149788 0.419957 -0.736384 0.530447 -0.105158 0.541066 0.834380
24.215445 -29.460586 -644.462183 264.486960 0.894681 0.421830 -0.146990 0.417758 -0.673579 0.609730 -0.158193 0.606920 0.778860
21.804830 -29.998940 2677.715550 220.543944 0.898824 0.356920 -0.254408 0.436073 -0.669621 0.601205 -0.044225 0.651318 0.757515
22.336316 -28.161422 -3046.703328 163.023366 0.884607 0.464203 -0.044572 0.413672 -0.736989 0.534530 -0.215281 0.491287 0.843974
22.988254 -27.646185 -2909.688442 152.781176 0.895207 0.443756 -0.041054 0.413539 -0.792833 0.447662 -0.166104 0.417728 0.893260
-3.976662 -43.235927 175.693462 -131.844018 0.925731 0.158349 -0.343436 0.086476 0.795428 0.599847 -0.368163 0.584996 -0.722659
-3.108266 -44.210273 224.148096 558.124363 0.928181 0.113687 -0.354339 0.203766 0.641488 0.739576 -0.311384 0.758662 -0.572251
-3.213407 -45.519271 198.432168 -146.942643 0.933483 0.147521 -0.326874 0.077205 0.807434 0.584885 -0.350212 0.571217 -0.742336
10.092888 -49.883659 2.280031 239.314335 0.914894 0.185261 -0.358674 0.308071 -0.894582 0.323752 0.260885 0.406695 0.875522
10.595855 -56.682470 393.160588 -3947.856124 0.919028 0.208055 -0.334813 0.296381 -0.924703 0.238919 0.259894 0.318806 0.911492
9.782730 -52.800708 -1.027135 1016.559086 0.933200 0.185496 -0.307782 0.289460 -0.895563 0.337905 0.212958 0.404423 0.889433
8.485707 -54.752068 77.983750 4201.745381 0.928673 0.141597 -0.342807 0.291199 -0.850790 0.437446 0.229716 0.506070 0.831339
8.848785 -50.877310 -99.938146 3722.153119 0.906654 0.151253 -0.393828 0.319204 -0.856323 0.405979 0.275838 0.493794 0.824670
-2.760952 -80.532342 -58.721986 3095.769905 0.911333 0.167010 -0.376271 0.333296 0.237152 0.912509 -0.241631 0.957009 -0.160461
-3.250468 -78.946432 25.552441 2619.647271 0.917539 0.181681 -0.353715 0.306359 0.244111 0.920083 -0.253507 0.952576 -0.168322
-4.066383 -73.764346 141.705453 3513.181388 0.907545 0.158197 -0.389019 0.398421 -0.031516 0.916661 -0.132752 0.986905 0.091631
-3.301313 -75.959461 112.982531 3965.360022 0.900997 0.138930 -0.410979 0.418604 -0.029667 0.907684 -0.113912 0.989858 0.084886
-5.346627 -62.937294 216.843021 1968.382446 0.900277 0.156690 -0.406140 0.434538 -0.267659 0.859962 -0.026041 0.950688 0.309055
-4.406138 -64.095122 217.191635 2330.264126 0.889061 0.137564 -0.436631 0.457788 -0.265155 0.848601 -0.000962 0.954342 0.298715
-8.101738 -58.577014 -227.678633 -2131.893883 0.951969 0.126942 -0.278641 -0.048252 0.960837 0.272881 0.302368 -0.246329 0.920812
-9.053593 -61.207499 -47.207223 -1045.239013 0.931593 0.152468 -0.329983 -0.136371 0.988071 0.071541 0.336954 -0.021647 0.941272
-8.212689 -62.355933 -164.225708 -1523.032941 0.951103 0.133273 -0.278642 -0.115243 0.990095 0.080192 0.286569 -0.044160 0.957041
397.976622 -37.586694 -44269.578965 2732.366943 0.570540 0.820788 0.028136 -0.526736 0.391996 -0.754247 0.630106 -0.415508 -0.655988
801.809825 -30.520784 -134817.925579 -1124.874616 0.253127 0.964095 0.080300 -0.614434 0.224324 -0.756406 0.747260 -0.142127 -0.649155
392.745444 -36.203256 -44243.149351 -5521.117758 0.575266 0.814944 -0.070249 -0.559564 0.329438 -0.760499 0.596621 -0.476798 -0.645528
0.010689 -36.187950 -272.628727 146.691690 0.828031 0.285645 -0.482464 0.018829 0.845842 0.533101 0.560366 -0.450509 0.695005
1.423003 -34.669098 -226.615742 322.409188 0.825772 0.292540 -0.482204 0.015366 0.842979 0.537727 0.563795 -0.451449 0.691613
0.471948 -38.327515 -159.312108 -553.077240 0.826978 0.320609 -0.461863 -0.073765 -0.752507 -0.654440 0.557375 -0.575277 0.598657
-0.352305 -39.326222 -170.352734 -521.591054 0.824631 0.304621 -0.476643 -0.085441 -0.765875 -0.637288 0.559181 -0.566253 0.605537
1.062080 -40.527304 -85.877568 -675.231837 0.829399 0.343880 -0.440278 -0.141485 -0.633109 -0.761023 0.540444 -0.693484 0.476445
0.587787 -41.426200 -110.468301 -719.062985 0.828112 0.324312 -0.457222 -0.152705 -0.654287 -0.740668 0.539362 -0.683176 0.492299
-5.463239 -73.293205 4.595191 1958.135560 -0.236293 -0.791847 0.563155 0.927577 -0.356450 -0.112001 0.289424 0.495904 0.818726
-5.702004 -71.586582 6.706634 2119.001240 -0.212859 -0.805220 0.553455 0.916891 -0.360350 -0.171635 0.337641 0.470924 0.815003
-4.400721 -70.766095 -262.612077 1701.579380 0.227318 0.796057 -0.560910 0.852630 -0.440973 -0.280296 0.470478 0.414533 0.778982
-4.599848 -69.690990 -102.324531 3232.848212 -0.234663 -0.771543 0.591316 0.882844 -0.423747 -0.202546 0.406842 0.474509 0.780590
1.701237 -60.880924 1419.317501 -3297.383428 -0.237847 -0.848749 0.472286 0.968983 -0.240926 0.055016 0.067091 0.470722 0.879727
8.164437 -56.417358 3073.717444 -8546.271169 -0.213662 -0.865610 0.452845 0.970517 -0.241015 -0.002788 0.111556 0.438898 0.891585
-1.021435 -68.312150 376.864193 -4741.290491 -0.148970 -0.861353 0.485673 0.950669 -0.259904 -0.169349 0.272097 0.436486 0.857580
-3.165645 -69.056620 -128.732149 -1364.645607 -0.184727 -0.846336 0.499591 0.958279 -0.267934 -0.099566 0.218123 0.460355 0.860520
-2.003286 -73.026405 1449.640223 2645.302656 -0.247623 -0.851437 0.462318 0.968377 -0.202496 0.145743 -0.030473 0.483788 0.874655
-7.315166 -36.664621 1015.162781 -2110.476965 0.132909 -0.839144 0.527420 0.983911 0.047607 -0.172199 0.119390 0.541821 0.831971
-5.795339 -34.719418 23.891775 -1713.201146 0.160276 -0.843048 0.513402 0.983992 0.095403 -0.150526 0.077921 0.529310 0.844843
-4.721175 -41.165880 1873.713732 -1305.859414 0.169968 -0.848180 0.501699 0.957183 0.021035 -0.288718 0.234331 0.529291 0.815439
-8.053932 -41.135431 1400.515923 -1996.621297 0.118326 -0.831229 0.543191 0.971106 -0.017305 -0.238022 0.207251 0.555660 0.805164
-4.619104 -44.171308 1832.922873 -1071.368399 0.153345 -0.834894 0.528619 0.928757 -0.060929 -0.365649 0.337486 0.547028 0.766070
-0.279655 -44.427981 2713.095763 -369.495526 0.221678 -0.858957 0.461576 0.886796 -0.019271 -0.461758 0.405525 0.511685 0.757448
-4.552023 -68.182328 598.277862 -435.948543 -0.310372 -0.808940 0.499285 0.929408 -0.147903 0.338119 -0.199672 0.568982 0.797741
-3.371429 -74.310110 1454.062506 3137.243513 -0.267633 -0.842468 0.467568 0.951107 -0.153348 0.268104 -0.154168 0.516461 0.842319
-5.157720 -70.096329 307.613746 -910.957154 -0.257139 -0.812579 0.523063 0.966150 -0.204513 0.157251 -0.020806 0.545793 0.837662
38.773420 -12.558511 5485.682132 -5144.570341 0.038355 0.905537 0.422531 0.268694 0.397923 -0.877189 0.962462 -0.147176 0.228050
18.884328 -91.098065 -7809.361526 -26657.954333 0.309024 0.943674 -0.118253 0.109939 -0.158950 -0.981146 0.944679 -0.290197 0.152866
31.535145 -4.362475 -5537.725250 -3495.130673 0.252491 0.851368 0.459805 0.251545 0.401108 -0.880816 0.934331 -0.338060 0.112881
-9.008211 -57.205052 -1452.484127 4434.759063 0.268304 0.962476 0.040648 0.779597 -0.241724 0.577753 -0.565899 0.123325 0.815199
-6.811826 -55.452167 -2614.354250 4745.713340 0.285972 0.954273 0.087076 0.787223 -0.285774 0.546454 -0.546351 0.087723 0.832950
-9.007462 -44.905326 -1720.965738 2725.258195 0.268271 0.961387 0.061368 0.857082 -0.267279 0.440423 -0.439819 0.065556 0.895691
-6.346194 -66.934299 -2752.813780 5246.616241 0.266124 0.961899 0.062668 0.695848 -0.236693 0.678064 -0.667063 0.136842 0.732326
-6.968569 -68.640261 -1216.693914 4511.901465 0.231749 0.972730 -0.009379 0.671801 -0.153065 0.724745 -0.703546 0.174259 0.688954
-36.596885 -477.255109 -24496.463817 393987.095243 -0.165194 0.838663 -0.518995 -0.594863 -0.504458 -0.625828 0.786670 -0.205348 -0.582222
-9.722499 -2328.609372 -47176.054464 811662.214764 0.045475 0.894706 -0.444336 0.962227 0.080286 0.260139 0.268422 -0.439382 -0.857259
-100.035968 -1117.188635 -107412.648590 231985.936174 -0.000005 0.939198 -0.343375 -0.621107 -0.269115 -0.736073 0.783726 -0.213269 -0.583344
18.347921 -202.510499 13205.342331 -58498.570573 -0.615115 0.604300 -0.506414 0.243132 0.756383 0.607266 0.750014 0.250413 -0.612187
-15.057178 -4301.803183 -109411.805704 -376019.493459 -0.142145 0.761549 -0.632327 -0.192974 -0.647877 -0.736897 0.970853 -0.017276 -0.239051
-87.019364 -763.494367 -24079.014430 -221799.885694 -0.261017 0.488733 -0.832473 0.142769 0.872428 0.467425 0.954718 0.003154 -0.297495
13.887453 -67.023149 379.374920 4723.187065 0.936661 -0.013359 -0.349982 0.001654 0.999430 -0.033720 0.350233 0.031005 0.936149
9.492735 -66.823715 1434.760390 -4524.467513 0.915826 0.059191 -0.397190 -0.066453 0.997779 -0.004532 0.396040 0.030545 0.917725
16.636539 -105.263888 122.140719 23184.273636 0.920482 0.061539 -0.385908 -0.054112 0.998081 0.030090 0.387019 -0.006815 0.922046
9.301516 -57.402909 2150.724198 305.011921 0.918313 -0.005037 -0.395823 -0.070008 0.982091 -0.174918 0.389615 0.188340 0.901514
25.456275 -164.251451 -975.253321 38003.910122 0.955521 0.011703 -0.294691 -0.004405 0.999667 0.025416 0.294890 -0.022988 0.955255
8.207653 -155.136439 -1778.779249 30594.965537 0.972291 -0.034644 -0.231191 0.008055 0.993336 -0.114974 0.233634 0.109926 0.966091
-30.440020 -57.187378 -122.546934 -4673.622560 0.951107 -0.177137 -0.253019 -0.033175 0.755866 -0.653885 -0.307076 -0.630308 -0.713033
-33.949383 -48.219439 267.736239 -2183.097002 0.820137 0.099925 -0.563373 -0.424739 0.766058 -0.482443 -0.383369 -0.634956 -0.670715
-34.090007 -53.345956 822.414511 -2224.920357 0.925034 -0.111311 -0.363211 -0.112489 0.832969 -0.541765 -0.362848 -0.542008 -0.758003
-29.778028 -44.147224 270.641176 2320.048766 0.639449 0.242020 -0.729747 0.655167 -0.668216 0.352483 -0.402321 -0.703501 -0.585853
58.875958 -54.074546 -2146.193291 2441.019033 0.885181 -0.459088 0.075447 0.028070 -0.109171 -0.993627 -0.464399 -0.881657 0.083750
-7.668942 -50.385824 4173.267665 450.881869 0.531224 0.403479 -0.744987 0.005135 0.877770 0.479054 0.847216 -0.258310 0.464221
-11.912560 -47.522585 4421.617595 -191.079376 0.539284 0.380400 -0.751311 -0.077726 0.910838 0.405380 0.838530 -0.160218 0.520767
-17.871760 -47.144228 1332.208670 -75.089030 0.621312 0.409514 -0.668034 -0.030142 0.864419 0.501867 0.782983 -0.291680 0.549418
3.504986 -25.154151 6880.551009 402.393718 0.788762 0.542443 -0.289155 -0.415835 0.124435 -0.900887 0.452699 -0.830826 -0.323717
5.612289 -25.579919 6576.863353 -368.913829 0.718322 0.550744 -0.425082 -0.462189 -0.078910 -0.883263 0.519995 -0.830936 -0.197865
-7.270245 -23.128963 3851.290381 249.464374 0.795059 0.494311 -0.351480 -0.438950 0.069015 -0.895857 0.418575 -0.866541 -0.271848
-7.753196 -22.361628 2616.618325 1041.253859 0.898628 0.422784 -0.117141 -0.260917 0.300383 -0.917438 0.352691 -0.854999 -0.380244
2.711895 -23.900948 5196.469709 911.101210 0.860203 0.484949 -0.157720 -0.337447 0.309423 -0.889037 0.382335 -0.817974 -0.429811
40.921261 -22.717414 6341.038324 -180.144184 -0.350795 0.936396 -0.010302 -0.909576 -0.343323 -0.234094 0.222741 0.072749 -0.972159
45.249667 -27.718975 6436.298016 -5072.478832 -0.344930 0.936698 -0.060166 -0.912882 -0.349689 -0.210625 0.218332 0.017727 -0.975714
59.316589 -19.028319 6377.806668 -1125.053307 -0.261129 0.954844 -0.141721 -0.919214 -0.290790 -0.265492 0.294715 -0.060944 -0.953640
28.495929 -31.636267 5415.628833 -5136.600648 -0.409752 0.911231 0.041965 -0.896333 -0.393657 -0.204012 0.169382 0.121209 -0.978069
57.272775 -20.863936 8087.584660 2797.457453 -0.243603 0.966759 -0.077683 -0.926252 -0.255650 -0.276948 0.287602 -0.004488 -0.957739
26.106978 -26.096855 4422.710570 48.893901 -0.401809 0.913343 0.065981 -0.896385 -0.377572 -0.232235 0.187198 0.152458 -0.970419
38.480231 -25.074207 7569.099426 3852.508924 -0.320613 0.946188 0.043991 -0.919235 -0.299605 -0.255429 0.228504 0.122332 -0.965827
-10.000419 -28.675698 785.471117 -512.405885 -0.438931 0.764838 0.471552 0.494834 0.643817 -0.583643 0.749986 0.022839 0.661059
4.738830 -30.024671 3444.833313 -802.980303 -0.399213 0.877639 0.265290 0.497124 0.450318 -0.741675 0.770388 0.164204 0.616068
10.713832 -31.675172 4000.603158 -219.382826 -0.414083 0.874807 0.251494 0.405866 0.424755 -0.809232 0.814745 0.233016 0.530938
2.694163 -43.232741 279.078419 1077.211408 0.843338 0.243576 -0.479012 -0.487650 -0.027639 -0.872601 0.225784 -0.969488 -0.095471
2.637262 -45.942847 386.807971 1421.559185 0.818768 0.237210 -0.522829 -0.482682 -0.208675 -0.850572 0.310865 -0.948781 0.056360
1.131608 -43.759071 363.826511 1331.849687 0.817411 0.247829 -0.520019 -0.478075 -0.211775 -0.852406 0.321378 -0.945374 0.054626
6.215647 -50.668800 617.915838 -151.552543 0.801075 0.200943 -0.563826 -0.274597 -0.713619 -0.644472 0.531860 -0.671096 0.516484
8.674621 -54.010712 762.558686 2252.124512 0.813256 0.179594 -0.553498 -0.213228 -0.793050 -0.570619 0.541431 -0.582081 0.606658
5.967411 -52.413592 614.520131 1431.832980 0.798086 0.186330 -0.573009 -0.211618 -0.803726 -0.556095 0.564160 -0.565071 0.602012
-3.379666 -77.575228 -143.287191 -3573.534709 -0.304215 0.943525 0.131200 0.294318 0.224085 -0.929066 0.905997 0.244022 0.345866
-3.198078 -92.343369 442.207006 -5904.633684 -0.324858 0.936803 0.129873 0.092888 0.168260 -0.981356 0.941190 0.306738 0.141679
-3.573965 -86.199359 -361.184960 -6327.048404 -0.311255 0.941075 0.132285 0.218519 0.206342 -0.953767 0.924862 0.267958 0.269867
30.116654 -14.066695 6632.981160 1050.047216 0.733375 0.678006 0.049687 -0.672836 0.713442 0.195686 -0.097227 0.176943 -0.979407
24.296031 -6.503262 -5276.700290 1242.223271 -0.783653 -0.617569 0.067052 -0.591951 0.775125 0.220852 -0.188365 0.133380 -0.973000
47.754654 -12.431168 -5762.691954 1075.478313 -0.840883 -0.516009 0.163252 -0.496803 0.855593 0.145424 -0.214717 0.041181 -0.975808
10.120561 -19.907740 1314.115792 2196.880466 0.332893 0.931567 0.146171 0.924893 -0.292364 -0.243096 -0.183725 0.216117 -0.958926
4.577405 -74.891613 85.049631 2748.615106 -0.419258 0.906144 0.055909 -0.702738 -0.362902 0.611933 -0.574789 -0.217268 -0.788931
4.849836 -72.584227 -58.947359 3408.575099 -0.432922 0.900784 0.034171 -0.701064 -0.360280 0.615393 -0.566647 -0.242461 -0.787480
5.164897 -73.095295 170.892633 1408.829264 -0.414992 0.906042 0.082880 -0.585775 -0.335777 0.737646 -0.696167 -0.257568 -0.670082
4.669384 -77.671312 59.708224 2679.663621 -0.437294 0.898824 0.029816 -0.794126 -0.401492 0.456255 -0.422063 -0.175840 -0.889350
4.875488 -76.238316 35.535192 1095.124964 -0.428702 0.901705 0.056061 -0.794234 -0.405727 0.452303 -0.430589 -0.149377 -0.890101
5.372911 -76.200183 99.320466 1085.856677 -0.412640 0.908086 0.071474 -0.705978 -0.368409 0.604872 -0.575608 -0.199135 -0.793108
8.814121 -28.007063 942.380321 1048.726046 0.763349 0.338033 -0.550483 0.029237 0.833207 0.552188 0.645324 -0.437607 0.626145
7.849248 -26.722306 -476.793045 958.327754 0.770910 0.335092 -0.541674 0.014658 0.840868 0.541042 0.636775 -0.425034 0.643322
11.041224 -29.109686 -338.149093 1053.181332 0.773345 0.344761 -0.532051 0.059816 0.795794 0.602606 0.631158 -0.497848 0.594801
12.137390 -27.180941 -1845.416361 1399.329039 0.778332 0.340508 -0.527498 0.009192 0.833890 0.551853 0.627786 -0.434374 0.645913
-6.582025 -103.370372 -1754.551647 -7892.599885 -0.352462 0.915158 -0.195590 0.935809 0.343418 -0.079529 -0.005612 -0.211066 -0.977456
-5.179230 -89.012367 -1887.020941 -5301.807823 -0.350742 0.915316 -0.197930 0.921634 0.299912 -0.246259 -0.166043 -0.268793 -0.948778
-1.919998 -70.819673 565.347262 2358.613385 -0.440007 0.885096 0.151653 -0.736763 -0.452371 0.502535 -0.513395 -0.109387 -0.851152
0.050133 -67.369645 35.628037 1430.305067 -0.439205 0.886401 0.146265 -0.746214 -0.450602 0.490023 -0.500263 -0.106075 -0.859351
-4.979827 -62.133141 -149.230071 -556.671513 -0.343322 0.934939 -0.089554 -0.711557 -0.196682 0.674539 -0.613039 -0.295307 -0.732787
-3.546129 -72.925338 -803.335953 -2169.365530 -0.396616 0.914056 -0.084834 -0.637520 -0.207770 0.741890 -0.660503 -0.348329 -0.665134
-4.719480 -67.080139 -533.600888 -3103.774714 -0.394431 0.918037 -0.040403 -0.591440 -0.219968 0.775766 -0.703294 -0.329882 -0.629726
-3.394657 -6.023969 263.534526 -374.413772 -0.366994 0.929668 -0.032132 -0.422539 -0.135829 0.896109 -0.828720 -0.342443 -0.442669
-15.270641 -27.042192 812.126582 -268.704298 -0.190891 0.936301 -0.294790 -0.586517 0.132017 0.799106 -0.787121 -0.325441 -0.523955
2.231306 -115.243901 -340.233975 -1193.767631 -0.346668 0.935416 0.069419 0.899411 0.310492 0.307661 -0.266237 -0.169093 0.948960
1.845898 -119.100272 -188.059709 4241.368899 -0.359348 0.931173 0.061523 0.822401 0.284834 0.492469 -0.441050 -0.227565 0.868153
3.078548 -118.855475 -304.998362 -2278.438148 -0.347504 0.935468 0.064350 0.886020 0.305122 0.349098 -0.306935 -0.178328 0.934874
2.475868 -117.134107 906.323866 -803.757344 0.332194 -0.939314 -0.085654 0.937490 0.318829 0.139499 -0.103725 -0.126640 0.986511
1.691090 -110.174830 338.850784 619.650401 0.331480 -0.940470 -0.075088 0.941018 0.323847 0.098020 -0.067867 -0.103151 0.992348
-2.665306 -194.573931 2529.829409 23886.344441 -0.614331 0.642632 0.457845 -0.034940 -0.601836 0.797855 -0.788274 -0.474150 -0.392180
-8.957353 -29.771394 -1103.821155 -992.530743 0.792931 0.539332 -0.283516 -0.404787 0.814058 0.416483 0.455421 -0.215479 0.863806
-6.716023 -29.689312 -1135.481879 -472.499979 0.784422 0.580435 -0.218581 -0.465836 0.784034 0.410229 0.409486 -0.219970 0.885401
-6.163645 -28.507615 -1842.583308 -1029.767088 0.793451 0.561943 -0.233788 -0.403381 0.773166 0.489385 0.455763 -0.293997 0.840146
-8.866718 -31.531787 -917.014892 -91.816059 0.782120 0.565674 -0.261344 -0.482301 0.815108 0.320911 0.394555 -0.124945 0.910338
-11.227852 -30.275524 -656.824357 -967.454168 0.764958 0.555190 -0.326500 -0.436712 0.819693 0.370655 0.473414 -0.140949 0.869490
38.997016 15.873780 9102.189579 640.739834 -0.095949 0.992803 -0.071660 0.868818 0.048400 -0.492760 0.485745 0.109539 0.867210
23.849199 12.255536 10350.927722 -200.824175 -0.084176 0.980877 -0.175485 0.860192 -0.017365 -0.509674 0.502975 0.193853 0.842281
5.666092 -22.188075 1570.912310 -441.574611 -0.234674 0.950010 0.205935 0.855925 0.302365 -0.419485 0.460783 -0.077822 0.884094
-1.039026 -22.768251 2144.675152 -490.701479 -0.328316 0.911825 0.246544 0.808309 0.406263 -0.426132 0.488719 -0.059378 0.870418
8.045675 -23.298919 2089.698147 149.046405 -0.232988 0.954811 0.184533 0.803462 0.295901 -0.516616 0.547874 -0.027900 0.836096
50.254201 -27.980647 -17082.963086 310.988540 -0.670464 0.739129 -0.064547 -0.702055 -0.660155 -0.267046 0.239992 0.133729 -0.961520
7.128449 -24.825417 -9801.284994 -1518.331088 -0.603363 0.795642 -0.053917 -0.747884 -0.588022 -0.308057 0.276807 0.145547 -0.949839
39.629008 -22.775396 -15474.139122 -185.901630 -0.619558 0.783201 -0.052374 -0.725921 -0.597075 -0.341379 0.298640 0.173485 -0.938465
13.855462 -64.636917 1395.773590 -1461.858378 0.706763 0.179801 -0.684221 0.258774 0.834435 0.486574 0.658424 -0.520951 0.543220
9.469825 -63.063900 1070.399465 -3865.843236 0.686460 0.176582 -0.705402 -0.373734 -0.746464 -0.550559 0.623776 -0.641569 0.446423
19.135158 -85.617107 1777.155251 -20135.518219 0.740845 0.209121 -0.638293 0.150367 0.874542 0.461048 0.654629 -0.437543 0.616455
13.305411 -70.383917 1621.265679 -10401.514436 0.701398 0.215926 -0.679276 0.185615 0.864795 0.466558 0.688177 -0.453327 0.566487
8.169757 -66.765638 1233.025961 -4635.373350 0.682134 0.213023 -0.699510 0.293066 0.796788 0.528433 0.669930 -0.565464 0.481086
-117.198206 -233.983028 -24360.682843 1685.286780 0.921450 0.339391 -0.189060 0.387042 -0.844048 0.371189 0.033597 0.415206 0.909107
-215.660597 -318.376835 17728.982348 -42945.980387 -0.686462 -0.456549 0.565979 0.726912 -0.410316 0.550671 -0.019178 0.789432 0.613538
-78.636678 -345.832455 -22317.138575 -66130.355259 0.933173 0.350823 -0.078179 0.302216 -0.648111 0.699012 -0.194560 0.675926 0.710824
-31.726577 -303.330372 -13242.009072 39318.132908 0.911715 0.395230 -0.112113 0.409190 -0.897931 0.162120 0.036595 0.193682 0.980382
13.555981 -71.635800 -1198.589027 1846.026542 -0.979609 -0.038617 0.197166 -0.073094 0.982607 -0.170709 -0.187144 -0.181640 -0.965393
5.713193 -75.339908 3741.125863 -360.180315 0.994741 0.041191 -0.093775 -0.077863 0.898939 -0.431098 -0.066540 -0.436132 -0.897419
-7.911598 -14.000305 156.855060 -86.126643 -0.777704 -0.318860 0.541761 -0.236994 0.946937 0.217125 -0.582246 0.040465 -0.812005
-6.795261 -14.027506 340.617643 -1273.413649 -0.790291 -0.156447 0.592423 -0.096877 0.986597 0.131306 -0.605025 0.046378 -0.794854
13.007930 -16.470780 2207.364984 630.809386 0.910130 -0.246135 -0.333289 0.215041 -0.406967 0.887770 0.354149 0.879656 0.317464
1333.403284 13.643943 604065.278696 -333.215001 -0.531890 0.175081 0.828516 0.839945 0.233434 0.489899 -0.107631 0.956481 -0.271220
21.080790 -30.999066 2521.319687 438.517963 0.898247 0.364624 -0.245360 0.427716 -0.596906 0.678794 -0.101048 0.714669 0.692125
20.783134 -28.969354 -3202.431719 300.436685 0.876553 0.478959 -0.047468 0.403454 -0.677412 0.615092 -0.262448 0.558312 0.787025
22.902690 -30.614025 -855.337739 432.738373 0.889433 0.433280 -0.145525 0.406032 -0.602808 0.686848 -0.209874 0.669993 0.712083
-5.158947 -32.651039 -209.533999 172.445916 -0.871360 -0.369711 0.322560 -0.425612 0.896639 -0.122036 -0.244102 -0.243623 -0.938649
-3.673229 -32.479396 351.647044 -23.160674 0.881700 0.366012 -0.297726 -0.426462 0.888185 -0.171046 -0.201831 -0.277780 -0.939203
-5.500629 -33.657897 341.279901 211.774494 0.880789 0.355271 -0.313039 -0.442740 0.852333 -0.278405 -0.167905 -0.383811 -0.908018
-3.859937 -32.817509 -309.903268 -265.610036 -0.889144 -0.348772 0.296280 -0.371413 0.928208 -0.021962 -0.267350 -0.129570 -0.954848
-6.929275 -34.169294 263.039609 444.615912 0.873415 0.348635 -0.339999 -0.437380 0.868587 -0.232927 -0.214113 -0.352151 -0.911123
-6.504619 -32.555530 -141.663349 368.623966 -0.863552 -0.364170 0.348794 -0.413495 0.907291 -0.076453 -0.288616 -0.210246 -0.934076
-5.019652 -32.412899 -126.569448 -65.286803 -0.875863 -0.355281 0.326557 -0.366318 0.930028 0.029326 -0.314126 -0.093938 -0.944723
9.739634 -56.689953 -98.993459 -1769.921566 0.937387 0.211773 -0.276510 0.275198 -0.936960 0.215343 0.213475 0.277955 0.936573
9.952879 -62.065775 383.024480 4247.550004 0.925271 0.214822 -0.312609 -0.243267 0.968425 -0.054538 0.291023 0.126510 0.948315
-1.913323 -77.395724 -53.647452 -1120.755087 0.916970 0.183767 -0.354113 0.204332 0.546019 0.812472 -0.342658 0.817369 -0.463134
-1.932474 -76.540900 -21.189653 -1427.046377 0.921013 0.204788 -0.331355 0.171463 0.550674 0.816920 -0.349764 0.809210 -0.472064
-1.421135 -49.511488 -252.507156 -251.987122 -0.957076 -0.128924 0.259583 -0.044478 0.950344 0.308008 -0.286403 0.283241 -0.915286
-0.179344 -50.943954 -343.680372 -119.422089 -0.958671 -0.134880 0.250513 -0.058958 0.955553 0.288864 -0.278341 0.262156 -0.924013
-1.670029 -47.196762 -169.318445 -531.639588 -0.952118 -0.161166 0.259800 -0.138233 0.984885 0.104372 -0.272694 0.063461 -0.960006
0.029370 -52.315976 393.578866 -95.077488 0.959672 0.101635 -0.262106 0.039473 0.874405 0.483589 -0.278336 0.474433 -0.835130
-2.118232 -46.003867 -49.354007 -636.889053 -0.948954 -0.162571 0.270292 -0.135705 0.984005 0.115403 -0.284730 0.072832 -0.955837
-1.385513 -51.461146 311.557309 -297.968124 0.958210 0.102690 -0.267000 0.047462 0.863345 0.502378 -0.282102 0.494055 -0.822391
-2.200659 -48.917948 -88.372991 -353.011780 -0.952813 -0.135671 0.271551 -0.041820 0.944703 0.325251 -0.300662 0.298547 -0.905799
1219.005709 -34.572206 -703139.427374 2175.328560 0.328672 0.943441 0.043522 -0.590732 0.241315 -0.769937 0.736892 -0.227346 -0.636634
873.252383 -25.446462 -139784.345835 -6206.950046 0.027096 0.987958 0.152330 -0.590308 0.138793 -0.795156 0.806723 0.068376 -0.586960
2.603632 -34.229980 416.057029 -2624.939557 0.991031 0.053685 -0.122376 -0.085331 0.958975 -0.270343 -0.102843 -0.278361 -0.954955
4.721140 -35.309475 224.011678 670.659938 0.968926 0.153913 -0.193634 -0.204415 0.939029 -0.276476 -0.139274 -0.307466 -0.941311
1.575303 -31.539035 385.678908 1829.323425 0.967875 0.184662 -0.170641 -0.227939 0.930876 -0.285506 -0.106123 -0.315230 -0.943063
1.376142 -33.802349 -326.084801 -0.488787 0.830129 0.246051 -0.500345 -0.031921 0.916865 0.397919 0.556657 -0.314353 0.768970
3.176731 -31.800541 -343.842686 151.027633 0.823574 0.243922 -0.512081 -0.022827 0.916332 0.399769 0.566749 -0.317550 0.760235
53.885387 -27.290920 11141.733264 287.263021 -0.658005 -0.602291 0.451968 -0.591007 0.785008 0.185672 -0.466627 -0.144943 -0.872497
23.072970 -28.487636 6365.907634 375.676114 -0.718185 -0.475368 0.508169 -0.487554 0.864815 0.119944 -0.496490 -0.161618 -0.852864
69.044088 -28.792693 17554.302831 236.889912 -0.649675 -0.555563 0.518914 -0.631638 0.774322 0.038206 -0.423032 -0.302944 -0.853972
18.522660 -27.479257 4425.674417 233.526916 -0.720433 -0.508977 0.471083 -0.437733 0.860578 0.260374 -0.537928 -0.018626 -0.842785
40.046502 -25.974510 6747.862521 259.052099 -0.670494 -0.628826 0.393720 -0.540478 0.777541 0.321424 -0.508253 0.002716 -0.861204
-6.248342 -71.869057 -118.033388 170.898348 -0.236824 -0.802367 0.547833 0.961656 -0.273869 0.014603 0.138317 0.530285 0.836460
-5.532115 -68.791393 49.353447 -527.106026 -0.214659 -0.818975 0.532167 0.960311 -0.276343 -0.037918 0.178115 0.502907 0.845790
-3.852049 -67.522486 -112.650286 1425.929898 -0.198842 -0.815952 0.542849 0.904354 -0.366203 -0.219179 0.377632 0.447346 0.810725
18.031253 -59.091170 6076.544594 -11383.144057 -0.188016 -0.872439 0.451111 0.970335 -0.236074 -0.052142 0.151986 0.427925 0.890943
22.219300 -43.095773 7265.738535 -5195.530615 -0.264463 -0.856970 0.442336 0.963671 -0.252614 0.086749 0.037399 0.449209 0.892644
