14832
29649
-38.083813 -63.085019 -3567.066365 8621.171094 -0.241662 0.969065 -0.050125 0.938739 0.220395 -0.264946 0.245702 0.111082 0.962960
-46.836415 -69.153980 535.277951 6102.734005 0.146838 -0.977790 0.149552 0.982524 0.126692 -0.136369 0.114393 0.166962 0.979305
-42.123039 -86.998493 2533.566930 9612.633192 0.435659 -0.897596 0.067243 0.898873 0.429926 -0.084800 0.047207 0.097387 0.994126
-41.007550 -57.362825 621.383610 4710.390180 -0.250977 -0.930165 0.267962 0.947050 -0.293223 -0.130832 0.200268 0.220937 0.954505
-29.893531 -85.856417 -5010.337230 14511.278312 -0.436212 0.898278 0.053053 0.874101 0.436998 -0.212084 0.213695 0.046140 0.975810
-20.849824 -65.721511 -5674.333467 12664.831615 -0.232639 0.970694 0.060261 0.904482 0.238713 -0.353452 0.357480 0.027722 0.933509
-30.414519 -44.961504 -3800.089263 5781.381615 0.063403 0.993030 -0.099356 0.930814 -0.094750 -0.352998 0.359952 0.070101 0.930334
-36.637112 -47.282469 861.422824 4189.422583 0.478085 0.814846 -0.327812 0.819580 -0.548070 -0.167057 0.315789 0.188801 0.929855
32.614157 -81.061332 -11704.584689 -1355.063214 0.354262 0.914859 -0.193728 -0.411909 -0.033325 -0.910616 0.839541 -0.402395 -0.365033
39.687320 -75.071034 -10044.451335 -1589.268119 0.338981 0.930767 -0.136984 -0.263709 -0.045763 -0.963516 0.903078 -0.362738 -0.229939
53.028922 -91.098679 -6125.008688 -4272.072971 0.223576 0.965538 -0.133229 -0.407319 -0.031626 -0.912738 0.885497 -0.258334 -0.386211
26.669466 -81.709887 -10822.206992 -2715.993638 0.318511 0.914099 -0.250947 -0.561610 -0.031295 -0.826810 0.763639 -0.404283 -0.503399
10.342265 -73.067083 -10778.518289 1729.196677 0.385326 0.897187 -0.215822 -0.465085 -0.013185 -0.885168 0.797007 -0.441454 -0.412187
48.420044 -95.261480 -8532.620989 -4910.902019 0.236918 0.950911 -0.199095 -0.561818 -0.033092 -0.826599 0.792610 -0.307691 -0.526398
2.946635 -73.104814 -11184.352756 -2032.470630 0.360511 0.894359 -0.264866 -0.562254 -0.018206 -0.826764 0.744246 -0.446979 -0.496293
10.227778 -80.427021 -11217.435503 -5959.954367 0.303020 0.902875 -0.304952 -0.658072 -0.033208 -0.752222 0.689289 -0.428618 -0.584094
-12.675934 -74.041000 -12816.222461 -5063.843740 0.324820 0.883073 -0.338636 -0.678488 -0.031872 -0.733920 0.658898 -0.468153 -0.588801
-65.959442 -80.399429 883.489588 8699.043823 0.899686 0.294616 0.322129 0.393889 -0.865989 -0.308083 -0.188194 -0.404061 0.895164
-61.309716 -80.937536 1525.865040 3606.722256 0.996933 0.056225 0.054438 0.072866 -0.920643 -0.383544 -0.028553 -0.386335 0.921917
-67.476674 -92.790422 1839.820397 2467.072973 0.947599 0.225449 0.226336 0.268149 -0.946423 -0.179944 -0.173642 -0.231207 0.957284
-60.054330 -64.428999 1781.347327 12023.444388 0.989658 -0.143194 0.008539 -0.116664 -0.838084 -0.532921 -0.083467 -0.526413 0.846122
-52.088902 -62.193157 17612.377111 1856.390836 -0.110707 -0.789259 -0.603999 0.973802 -0.207605 0.092794 -0.198632 -0.577902 0.791565
34.355258 -50.409951 4246.805126 495.506033 -0.189179 0.955853 -0.224848 0.732128 -0.015293 -0.680995 0.654370 0.293448 0.696913
31.310448 -51.025077 5562.928521 430.441299 -0.193867 0.948784 -0.249450 0.814121 0.013719 -0.580534 0.547379 0.315629 0.775084
24.683078 -50.086493 8215.720044 650.086385 -0.250312 0.927488 -0.277687 0.747777 0.003029 -0.663943 0.614958 0.373841 0.694312
28.194969 -49.400503 7472.281930 343.004967 -0.253480 0.933154 -0.254894 0.659650 -0.025986 -0.751123 0.707537 0.358536 0.608969
36.087005 -49.544826 2774.043314 463.963270 -0.183766 0.962734 -0.198429 0.641035 -0.035661 -0.766682 0.745187 0.268090 0.610593
-5.204547 -46.893122 -383.375820 -321.171494 0.121261 0.945883 -0.301001 -0.407939 0.323936 0.853611 -0.904921 -0.019280 -0.425144
-5.379039 -48.185378 -377.463580 -754.499460 0.121106 0.947481 -0.295995 -0.269824 0.318384 0.908750 -0.955263 0.030189 -0.294211
-5.626922 -47.552993 83.139372 -102.845100 0.140224 0.942330 -0.303895 -0.366670 0.334528 0.868127 -0.919723 0.010303 -0.392433
-5.980590 -47.663784 -216.369627 -92.784681 0.127228 0.949217 -0.287749 -0.502425 0.311809 0.806439 -0.855209 -0.041970 -0.516582
-5.665214 -48.727878 153.997900 160.509101 0.142059 0.948719 -0.282405 -0.467095 0.315785 0.825894 -0.872721 -0.014584 -0.488002
-5.073888 -48.008623 688.786663 837.997374 0.162397 0.941878 -0.294096 -0.316757 0.332041 0.888490 -0.934501 0.051131 -0.352269
13.943229 -80.434799 306.330701 10552.762743 0.130787 0.981885 -0.137099 0.568802 -0.187578 -0.800799 0.812009 -0.026752 0.583031
11.198818 -88.644868 -132.927097 8015.430422 0.092203 0.989413 -0.112073 0.747225 -0.143144 -0.648972 0.658144 0.023906 0.752512
13.146040 -86.802222 -224.796370 11601.393981 0.079506 0.987178 -0.138413 0.608139 -0.158054 -0.777937 0.789839 0.022324 0.612907
12.197327 -81.190256 247.106101 6289.850686 0.147123 0.982031 -0.118192 0.717655 -0.188211 -0.670483 0.680680 -0.013822 0.732450
15.035605 -75.786783 -393.714692 7760.435569 0.196193 0.972504 -0.125476 0.549591 -0.215034 -0.807286 0.812070 -0.089423 0.576667
-3.465160 -116.987053 -109.713958 -2722.921336 0.095591 0.980341 -0.172610 0.659061 0.067621 0.749043 -0.745989 0.185363 0.639641
-2.839897 -120.080812 -137.680164 -2933.018704 0.106496 0.983242 -0.147963 0.658444 0.041768 0.751470 -0.745057 0.177454 0.642962
-4.428125 -119.419600 -147.420459 5743.140431 0.114900 0.982460 -0.146871 0.860271 -0.024481 0.509249 -0.496721 0.184862 0.847994
-1.724630 -109.952209 -187.523185 -10273.969072 0.086174 0.980228 -0.178122 0.399558 0.129776 0.907475 -0.912648 0.149371 0.380475
-1.521818 -107.913913 -48.167454 -9659.615039 0.079993 0.975237 -0.206189 0.399890 0.158079 0.902828 -0.913066 0.154673 0.377343
0.318089 -78.695417 -656.630615 793.458523 0.042053 0.996767 -0.068461 0.278262 0.054126 0.958979 -0.959584 0.059378 0.275087
-0.855707 -76.550316 -456.228540 -620.668335 0.037774 0.993749 -0.105051 0.050430 0.103097 0.993392 -0.998013 0.042823 0.046220
1.836814 -82.601039 -304.921848 1125.273938 0.045623 0.994589 -0.093339 0.250490 0.079061 0.964885 -0.967043 0.067402 0.245528
2.812922 -82.011873 -207.865254 1729.359057 0.063681 0.996358 -0.056703 0.471855 0.020006 0.881449 -0.879373 0.082887 0.468863
0.866685 -79.339584 -1431.450948 -450.281114 0.034204 0.998965 -0.029989 0.472764 0.010264 0.881129 -0.880525 0.044315 0.471923
-2.018003 -65.488512 146.672778 -2055.975136 0.063840 0.987862 -0.141610 -0.108371 0.147922 0.983044 -0.992059 0.047411 -0.116499
-1.197874 -62.848925 409.091431 -1905.480171 0.081685 0.984283 -0.156570 -0.082501 0.163234 0.983132 -0.993238 0.067390 -0.094538
-0.700612 -60.115659 456.834667 -2899.172947 0.081911 0.980538 -0.178425 -0.300580 0.194995 0.933611 -0.950233 0.022842 -0.310702
-2.878782 -69.647054 351.377064 -342.733915 0.069419 0.991637 -0.108799 0.127680 0.099333 0.986829 -0.989383 0.082396 0.119717
-1.376017 -61.139749 290.709186 -3311.484519 0.070809 0.982752 -0.170835 -0.318778 0.184579 0.929683 -0.945181 0.011372 -0.326350
-2.739870 -71.788266 -294.713069 -657.243882 0.049346 0.994300 -0.094517 0.094901 0.089537 0.991452 -0.994263 0.057894 0.089942
-2.368547 -67.834443 -224.348872 -2425.210940 0.049574 0.990854 -0.125504 -0.132417 0.131069 0.982490 -0.989954 0.032087 -0.137703
-3.999488 -40.211447 355.053367 230.132776 0.158008 0.946984 -0.279741 -0.887166 0.260536 0.380864 -0.433554 -0.187997 -0.881299
-5.082142 -41.692971 -506.052126 -531.563148 0.120927 0.947868 -0.294827 -0.846379 0.253641 0.468304 -0.518671 -0.192905 -0.832928
-4.815651 -41.485049 -80.541890 -805.648717 0.116651 0.955666 -0.270361 -0.832758 0.242456 0.497724 -0.541209 -0.167085 -0.824121
10.756099 -37.605654 2282.714584 -1987.169823 0.106831 0.991582 -0.073160 0.626235 -0.009952 0.779571 -0.772281 0.129097 0.622026
5.042112 -36.418058 3245.961389 488.348141 0.111520 0.989958 -0.086866 0.691624 -0.014549 0.722111 -0.713596 0.140609 0.686302
10.207208 -38.875920 1732.054798 214.988414 0.064961 0.993060 -0.098041 0.710077 0.023028 0.703748 -0.701121 0.115333 0.703653
-6.014629 -161.592819 3199.052325 12878.970228 0.966813 -0.111591 0.229825 -0.255035 -0.474863 0.842295 -0.015143 0.872956 0.487564
-5.162310 -177.988224 2855.376361 4266.736426 0.963650 -0.112151 0.242489 -0.264018 -0.260776 0.928596 0.040907 0.958863 0.280907
-11.175553 -178.191336 1467.115616 22150.898365 0.965949 -0.069228 0.249300 -0.254867 -0.420551 0.870735 -0.044565 0.904624 0.423875
-2.136952 -180.571379 1816.986482 7798.349306 0.967162 -0.096577 0.235096 -0.253968 -0.403119 0.879201 -0.009861 0.910037 0.414409
-9.341808 -148.722507 1723.216147 15644.777958 0.967380 -0.071347 0.243074 -0.234480 -0.615370 0.752555 -0.095888 0.785003 0.612026
-6.391915 -149.236755 3144.627236 14426.745256 0.969801 -0.104065 0.220580 -0.235727 -0.632043 0.738211 -0.062594 0.767914 0.637487
21.556650 -90.793462 7035.137356 -17570.287889 -0.980083 0.000582 -0.198586 -0.024920 0.991730 0.125897 0.197017 0.128338 -0.971964
19.903041 -80.873752 12312.984584 8810.791163 -0.993723 -0.006659 -0.111672 -0.017585 0.995115 0.097146 0.110479 0.098500 -0.988985
26.959947 -70.043196 6148.802772 -2846.015919 -0.975525 0.009553 -0.219681 -0.006606 0.997332 0.072703 0.219790 0.072375 -0.972859
25.281681 -92.006882 723.906492 -27005.439150 -0.955990 0.003788 -0.293376 -0.022986 0.995877 0.087758 0.292499 0.090639 -0.951961
20.993556 -140.580816 1368.137276 -42027.257000 -0.953337 -0.037699 -0.299546 -0.096424 0.978229 0.183767 0.286097 0.204076 -0.936217
15.322151 -145.210231 -5175.443714 -40096.798960 0.969028 0.047216 0.242394 -0.102570 0.969835 0.221133 0.224641 0.239146 -0.944640
33.783891 -20.641344 1401.113498 -3023.731597 0.429590 0.879650 -0.204127 0.601472 -0.447336 -0.661907 0.673561 -0.161572 0.721256
34.899480 -27.246532 -397.973099 -6503.795190 0.468658 0.866547 -0.171630 0.585914 -0.450322 -0.673732 0.661109 -0.215189 0.718769
33.267533 -18.493866 -1295.157543 -2650.227053 0.497143 0.849710 -0.175621 0.588068 -0.478794 -0.651868 0.637985 -0.220794 0.737716
30.833048 -16.895563 -152.549414 664.812501 0.455397 0.867425 -0.200465 0.604875 -0.466677 -0.645243 0.653253 -0.172586 0.737207
-10.557649 -77.531097 -3324.397468 -7496.461973 0.940627 -0.154551 0.302216 -0.046432 0.823380 0.565587 0.336250 0.546040 -0.767318
-9.430162 -72.116917 -4262.984099 -1986.358669 0.939919 -0.099467 0.326587 -0.068157 0.882688 0.464992 0.334526 0.459313 -0.822875
-2.988028 -71.134112 -7955.993975 -6319.880899 0.944765 -0.040434 0.325244 -0.131421 0.862351 0.488957 0.300245 0.504694 -0.809405
-14.780040 -79.583922 -43.668592 -4401.423051 0.929432 -0.210508 0.303056 0.005728 0.829436 0.558573 0.368949 0.517420 -0.772110
-4.345329 -80.518241 -6201.253967 -9042.980405 0.948330 -0.069906 0.309489 -0.137267 0.789023 0.598833 0.286056 0.610374 -0.738658
-13.453421 -87.199427 -1928.963800 -9192.271671 0.937356 -0.183892 0.295886 -0.069437 0.733672 0.675947 0.341384 0.654148 -0.674942
-15.004400 -88.023284 762.847976 -6530.021162 0.923623 -0.231273 0.305668 -0.030281 0.750943 0.659673 0.382103 0.618545 -0.686585
183.607406 -3573.629034 -20468.444053 -1901238.585925 0.931519 -0.187096 0.311877 0.362405 0.405433 -0.839218 -0.030569 -0.894773 -0.445473
24.632960 -38.597546 19755.494150 -21552.106006 0.767534 0.227950 0.599108 0.630270 -0.438730 -0.640528 -0.116838 -0.869227 0.480410
-108.883545 -507.214842 5325.928958 -23539.151267 0.981656 0.104492 0.159478 0.126064 0.271789 -0.954064 0.143037 -0.956667 -0.253631
12.181363 -18.088799 -2418.321640 -895.628053 -0.295444 0.949919 -0.101820 0.920409 0.311578 0.236149 -0.256047 0.023947 0.966368
12.501628 -22.650959 -187.200197 -2887.899133 -0.251767 0.959999 -0.122535 0.937259 0.273413 0.216311 -0.241161 0.060387 0.968605
7.959313 -19.596287 -3872.532759 -1042.720379 -0.263693 0.962587 -0.062389 0.938714 0.270963 0.213064 -0.221997 0.002382 0.975044
2.920549 -18.482326 -4906.763318 1361.336052 -0.202920 0.978830 -0.026757 0.950141 0.203433 0.236321 -0.236761 -0.022531 0.971307
8.788569 -16.844485 -4154.680932 921.317382 -0.254135 0.965379 -0.058815 0.929051 0.260571 0.262617 -0.268850 -0.012098 0.963106
13.561212 -5.349022 -4176.803082 -14878.287651 0.621995 -0.140853 0.770248 -0.551025 -0.777628 0.302764 -0.556321 0.612744 0.561295
5.093797 -4.964390 -5307.270588 5572.338669 0.395699 -0.384726 0.833912 0.692611 0.721300 0.004122 -0.603086 0.575945 0.551883
12.266667 2.714787 -3536.240909 2580.427841 0.410476 -0.422161 0.808263 0.698912 0.714969 0.018491 -0.585690 0.557314 0.588531
13.582610 0.040644 1346.976618 -9580.850074 0.732732 -0.114145 0.670876 -0.456275 -0.813818 0.359880 -0.504892 0.569800 0.648392
17.466917 4.558919 76.821470 -4298.877483 -0.076026 0.760391 -0.645001 0.790780 0.440006 0.425514 -0.607361 0.477703 0.634754
13.184539 8.309953 -2097.587736 -446.320565 -0.251340 0.702122 -0.666223 0.806511 0.532483 0.256910 -0.535134 0.472745 0.700103
-5381.109490 -15344.655380 1072637.915581 15910806.169978 0.914307 0.221011 0.339405 -0.108376 0.940939 -0.320763 -0.390252 0.256492 0.884260
-1693.685089 -3227.464607 1092165.200678 -738261.742699 0.926563 0.363383 -0.097129 -0.337482 0.917166 0.211927 0.166094 -0.163584 0.972447
-1381.444557 -4170.379139 719143.030413 2596755.752919 0.721333 0.510416 -0.468140 0.630252 -0.764005 0.138124 0.287160 0.394680 0.872793
-61.240937 -1226.483163 -307.406323 174526.458616 -0.806193 -0.472700 0.355820 -0.405135 0.879339 0.250257 -0.431183 0.057601 -0.900424
-86.496562 -1252.738372 -3852.520143 128574.968190 -0.839035 -0.374615 0.394568 -0.190371 0.881500 0.432106 -0.509685 0.287438 -0.810925
96.209500 -2315.505059 39851.228239 1035500.948081 0.746516 0.618611 -0.245017 -0.194408 0.554966 0.808838 -0.636332 0.556177 -0.534554
-8.149167 -501.626517 -6562.232697 60826.402041 -0.757231 -0.544242 0.361112 -0.256777 0.756421 0.601575 -0.600555 0.362806 -0.712535
11.814581 -400.755325 2663.792070 80183.814704 0.721733 0.599239 -0.346430 -0.055255 0.548780 0.834139 -0.689962 0.582884 -0.429183
3.920639 -67.292818 4835.717335 -22144.377949 0.885651 0.407407 -0.222806 -0.341663 0.246791 -0.906841 0.314467 -0.879269 -0.357766
-0.365325 -51.152514 3211.547030 -10824.641323 0.891535 0.382883 -0.242003 -0.342852 0.221286 -0.912954 0.296003 -0.896902 -0.328557
-12.793605 -76.428289 2644.198141 -20212.698425 0.913730 0.357618 -0.192892 -0.280178 0.210719 -0.936535 0.294276 -0.909784 -0.292737
-17.102702 -75.256695 3778.195798 7809.270550 0.827629 0.378919 -0.414065 -0.487686 0.120301 -0.864691 0.277835 -0.917577 -0.284358
-26.708321 -42.697665 -3978.513515 2673.116694 -0.045985 0.993608 -0.103098 -0.861014 0.012906 0.508418 -0.506499 -0.112148 -0.854916
-29.930645 -48.662855 -4197.084695 2868.033252 -0.175288 0.983991 0.032183 -0.820487 -0.164072 0.547614 -0.544128 -0.069584 -0.836112
-31.827460 -53.213103 -627.404134 -346.112018 -0.379064 0.913336 0.148755 -0.814453 -0.405602 0.414913 -0.439290 -0.036125 -0.897618
-33.420188 -45.040628 2621.198437 5169.096884 -0.354456 0.934954 0.014882 -0.870980 -0.335910 0.358551 -0.340228 -0.114129 -0.933391
-8.730449 -37.275692 21125.980836 1760.241697 -0.748267 -0.460157 0.477863 -0.503400 0.862994 0.042763 -0.432071 -0.208558 -0.877393
-17.046386 -36.287121 -19120.115465 421.620043 0.551444 0.720829 -0.419899 -0.697754 0.674428 0.241426 -0.457219 -0.159853 -0.874870
-38.189580 -42.498490 1344.074268 10264.117725 -0.502818 0.863826 -0.031283 -0.795613 -0.448359 0.407400 -0.337897 -0.229737 -0.912714
-40.410156 -55.944049 1372.530235 4948.248203 -0.411110 0.907952 -0.081311 -0.876956 -0.369564 0.307200 -0.248873 -0.197599 -0.948165
14.790582 -36.979331 -2262.456602 2341.809328 0.013075 0.990916 0.133848 -0.459444 -0.112938 0.880997 -0.888110 0.073014 -0.453794
15.109621 -41.638615 -4155.852172 478.294924 -0.027727 0.986455 0.161669 -0.569806 -0.148480 0.808254 -0.821311 0.069710 -0.566205
18.361181 -33.594083 -910.594981 1927.569084 0.030097 0.971180 0.236440 -0.489822 -0.191867 0.850448 -0.871303 0.141409 -0.469930
15.065717 -29.700490 -350.809472 2151.278409 0.065196 0.986487 0.150309 -0.399369 -0.112245 0.909893 -0.914469 0.119351 -0.386654
13.877408 -32.124581 -1683.333792 2370.862631 0.047538 0.995944 0.076391 -0.375248 -0.053069 0.925404 -0.925705 0.072658 -0.371203
-10.251264 -175.437597 -873.839191 -5321.161303 0.715700 -0.000798 -0.698407 -0.689979 -0.155700 -0.706885 0.108178 -0.987804 0.111985
-11.996457 -183.857780 -1059.502822 1574.474027 0.690404 0.014243 -0.723283 0.706368 0.202549 0.678246 0.156161 -0.979169 0.129780
-12.783420 -162.135317 -1767.243091 -13931.205724 0.692787 -0.023339 -0.720764 -0.647306 -0.460682 -0.607262 0.317870 -0.887258 0.334263
-9.789139 -178.991226 -583.102742 9055.076116 0.709390 0.029928 -0.704180 -0.703732 0.085463 -0.705307 -0.039073 -0.995892 -0.081688
-9.246050 -159.885031 -673.241097 -15777.352913 0.715319 -0.016628 -0.698600 -0.659462 -0.346747 -0.666990 0.231147 -0.937811 0.259000
-8.303995 -169.636671 -886.883181 9596.089268 0.728103 -0.010067 -0.685394 -0.676476 0.150871 -0.720845 -0.110663 -0.988502 -0.103039
-8.294149 -167.844104 105.335165 -5863.917537 0.731831 -0.007449 -0.681445 -0.679697 -0.080393 -0.729074 0.049353 -0.996735 0.063897
10.736436 -46.225134 1485.749047 1100.129954 0.207086 0.977516 0.039730 0.023644 0.035598 -0.999086 0.978037 -0.207836 0.015740
22.187605 -46.038547 3705.463921 1166.715382 0.244701 0.969454 0.016756 0.060362 0.002016 -0.998174 0.967718 -0.245265 0.058025
12.300769 -51.783775 2311.396392 1945.875008 0.205467 0.976550 0.064289 0.195529 0.023404 -0.980419 0.958933 -0.214014 0.186135
5.269273 -52.698992 809.089988 1568.537176 0.173765 0.979053 0.106117 0.177372 0.074879 -0.981291 0.968682 -0.189337 0.160645
9.199425 -57.405832 1971.018146 2316.976607 0.210353 0.974673 0.075922 0.370167 -0.007529 -0.928935 0.904836 -0.223508 0.362376
3.192928 -57.349492 318.096444 1914.512896 0.176608 0.974287 0.139910 0.354704 0.069596 -0.932385 0.918147 -0.214293 0.333293
26.671285 -63.782648 -8627.658704 14210.430257 0.026497 0.954768 0.296168 0.072012 0.293679 -0.953188 0.997052 -0.046584 0.060973
10.646365 -71.516595 -2349.942336 13170.589664 0.035095 0.986011 0.162943 0.096096 0.158959 -0.982597 0.994753 -0.050142 0.089174
16.275249 -87.872284 -6480.331215 13306.652324 0.020819 0.969207 0.245365 0.231339 0.234088 -0.944291 0.972650 -0.076422 0.219342
34.835802 -82.352036 -10214.166607 15587.624800 -0.031702 0.940193 0.339164 0.214413 0.337832 -0.916459 0.976228 -0.043668 0.212300
7.738998 -107.519491 -4968.274902 9152.937980 0.011567 0.973880 0.226767 0.418772 0.201218 -0.885518 0.908018 -0.105206 0.405506
23.977206 -105.536666 -8743.953341 13011.313859 -0.029614 0.949559 0.312186 0.389533 0.298594 -0.871267 0.920536 -0.095805 0.378727
-13.973382 -78.440188 392.499487 736.935873 -0.341477 0.939781 0.014356 0.201716 0.088197 -0.975465 0.917989 0.330203 0.219686
-13.202585 -79.898039 492.542538 1298.198811 -0.341538 0.939847 0.006341 0.357074 0.135995 -0.924123 0.869397 0.313359 0.382042
-14.841734 -78.053492 170.272696 789.402160 -0.283430 0.958983 0.004351 0.209084 0.066221 -0.975653 0.935923 0.275620 0.219277
-11.131340 -79.699565 661.981550 754.167310 -0.391218 0.920050 0.021364 0.345261 0.168250 -0.923302 0.853079 0.353836 0.383479
-15.322835 -78.726352 113.460921 -71.969497 -0.287192 0.957835 0.008508 0.041898 0.021435 -0.998892 0.956956 0.286517 0.046288
-12.083472 -78.716563 557.723135 560.400140 -0.388057 0.921365 0.022316 0.191191 0.104164 -0.976010 0.901586 0.374481 0.216579
-14.462056 -78.256101 364.726378 -279.358256 -0.344393 0.938654 0.017958 0.037342 0.032809 -0.998764 0.938083 0.343296 0.046351
13.243587 -95.677622 2611.249590 6988.120384 -0.329754 0.936731 0.117460 0.299566 -0.014166 0.953970 -0.895278 -0.349763 0.275942
19.883442 -100.830734 2525.274162 5575.613581 -0.383422 0.914422 0.129694 0.265441 -0.025396 0.963793 -0.884606 -0.403966 0.232988
14.171777 -110.180045 3518.395205 8028.504714 -0.308357 0.940986 0.139506 0.075774 -0.121889 0.989647 -0.948248 -0.315735 0.033717
6.436880 -111.034114 1707.988923 10527.432766 -0.307304 0.943502 0.123965 0.108370 -0.094723 0.989588 -0.945420 -0.317539 0.073139
109.332681 -179.477586 15191.152222 -45182.083108 0.755496 -0.633099 -0.168560 -0.088933 0.155801 -0.983777 -0.649090 -0.758230 -0.061404
85.935600 -221.164276 5509.516757 -70070.154180 -0.661259 0.698828 0.272720 -0.054889 -0.407649 0.911487 -0.748147 -0.587760 -0.307919
93.581542 -155.466912 15179.541035 -2939.473232 -0.584033 0.797970 0.148825 -0.091633 -0.246983 0.964678 -0.806541 -0.549766 -0.217366
119.895050 -165.600532 16422.570236 55178.193626 -0.609799 0.785744 0.103691 0.013339 -0.120638 0.992607 -0.792444 -0.606674 -0.063084
144.768498 -187.878579 31439.393613 -104897.218715 0.802417 -0.585784 -0.113949 -0.166096 -0.035827 -0.985458 -0.573184 -0.809675 0.126045
19.366116 -30.869384 1603.451013 1440.916358 0.106503 0.910651 0.399214 -0.078706 -0.392517 0.916371 -0.991192 0.129017 -0.029869
19.863930 -29.064302 365.659011 1024.677768 0.035906 0.894236 0.446153 -0.116497 -0.439652 0.890581 -0.992542 0.083953 -0.088389
15.090553 -36.466133 3555.001056 1596.314615 0.134965 0.925114 0.354893 -0.192727 -0.326820 0.925227 -0.971926 0.193270 -0.134185
4.431677 -206.120254 -1001.611849 22186.956114 0.860029 0.050662 -0.507724 0.113286 0.951264 0.286815 0.497510 -0.304188 0.812375
-0.443505 -204.721124 -3612.423287 14772.963911 0.873300 0.059734 -0.483507 0.053856 0.974535 0.217670 0.484197 -0.216131 0.847845
5.313347 -180.112666 -322.000703 16897.029129 0.858971 0.033669 -0.510916 -0.016945 0.999158 0.037354 0.511744 -0.023429 0.858819
-1.941820 -218.870188 -4327.120699 -18587.498254 0.873617 0.065275 -0.482216 -0.186629 -0.870239 -0.455910 0.449403 -0.488286 0.748074
4.670237 -166.352105 2106.459140 13368.608603 0.841898 0.038080 -0.538291 0.043002 0.989601 0.137262 0.537920 -0.138708 0.831506
4.325474 -187.837755 1644.137938 16411.147040 0.846841 0.067721 -0.527516 0.153621 0.918437 0.364519 0.509176 -0.389727 0.767367
2.766131 -213.539977 -1647.861401 -19635.846217 0.863015 0.063367 -0.501188 -0.245144 -0.814931 -0.525158 0.441712 -0.576083 0.687764
-17.841740 -100.339150 239.761558 4262.084088 0.859182 0.204848 -0.468874 0.511590 -0.360063 0.780148 0.009013 0.910161 0.414158
-12.143206 -110.423643 -318.375338 10485.657758 0.898482 0.174390 -0.402888 0.434746 -0.225831 0.871777 -0.061045 0.958430 0.278721
-8.041147 -92.237117 -7433.032405 8677.162814 0.884150 0.237666 -0.402235 0.466237 -0.393520 0.792316 -0.030019 0.888063 0.458740
-14.756812 -93.783297 -4320.675561 -3392.350705 0.803610 0.298297 -0.515005 0.593311 -0.469615 0.653792 0.046830 0.830952 0.554370
-20.583516 -104.817781 1243.471182 -3683.336118 0.788161 0.254471 -0.560399 0.606674 -0.474597 0.637734 0.103678 0.842617 0.528439
-15.084392 -84.730300 1181.106834 6821.902229 0.998223 -0.010414 0.058673 -0.052570 -0.617533 0.784786 -0.028059 0.786476 0.616983
-16.073057 -90.994888 -4218.204249 7034.444864 0.997658 0.023955 0.064062 -0.034632 -0.630762 0.775203 -0.058978 0.775607 0.628455
-9.129880 -73.681842 3824.130730 3766.831840 0.961818 -0.179154 0.206905 -0.270029 -0.744406 0.610692 -0.044613 0.643245 0.764360
-1.447303 -68.733906 10874.090204 3780.891700 0.964439 -0.179533 0.193972 -0.263030 -0.723950 0.637740 -0.025931 0.666082 0.745428
-3.372445 -1131.683256 14306.627220 401324.784026 0.790038 0.133813 -0.598276 0.579147 -0.482970 0.656756 0.201067 0.865352 0.459062
9.018049 -307.953569 -5740.531751 95.903975 0.778690 0.207678 -0.592040 0.624629 -0.167878 0.762664 -0.058998 0.963684 0.260447
3.203953 -546.694526 -2678.674000 -73931.073728 0.805681 0.103962 -0.583155 0.574693 0.101386 0.812064 -0.143547 0.989400 -0.021939
7.402461 -349.003919 4619.561064 -8797.489251 0.772827 0.053155 -0.632386 0.628967 -0.196825 0.752104 0.084491 0.978997 0.185544
12.527829 -417.083822 2694.394335 -30499.510073 0.760749 0.094675 -0.642104 0.476716 0.589860 0.651773 -0.440458 0.801937 -0.403602
12.374577 -755.147181 -2248.821174 -312526.988252 0.785402 0.114636 -0.608278 0.504566 0.450663 0.736421 -0.358548 0.885303 -0.296110
8.399654 -338.964275 1813.879298 -33397.376862 0.757989 0.101849 -0.644267 0.615378 0.215800 0.758116 -0.216246 0.971111 -0.100898
7.643491 -138.537766 -32105.890864 -42621.902737 0.664430 -0.256383 -0.701998 -0.582409 -0.766255 -0.271390 0.468330 -0.589169 0.658443
12.862935 -181.686261 -11443.391405 58258.484580 0.847453 0.523823 -0.086215 0.173533 -0.426821 -0.887530 0.501707 -0.737179 0.452611
-9.816793 -118.548427 -19190.615735 23921.103565 0.930740 0.286713 -0.226979 0.017849 -0.655578 -0.754916 0.365247 -0.698579 0.615290
22.417658 -49.164104 -242.217353 90.322328 -0.006688 0.995449 0.095059 -0.797176 0.052083 -0.601496 0.603710 0.079802 -0.793200
18.413300 -48.786757 -771.361543 1005.021249 -0.003900 0.999277 0.037826 -0.805178 0.019294 -0.592719 0.593020 0.032768 -0.804521
18.580712 -51.417531 -2269.804646 860.977225 0.011330 0.997767 0.065821 -0.714024 0.054155 -0.698024 0.700030 0.039090 -0.713043
26.740162 -49.527688 -3334.358884 148.347377 -0.005212 0.994355 0.105976 -0.731629 0.068452 -0.678258 0.681683 0.081071 -0.727142
22.477486 -49.717976 -3947.464176 -734.502403 -0.007507 0.997951 0.063548 -0.578303 0.047512 -0.814437 0.815787 0.042864 -0.576761
24.873051 -49.321268 -3474.557125 -25.039413 -0.006700 0.994944 0.100204 -0.654051 0.071440 -0.753069 0.756421 0.070584 -0.650266
2.631492 -84.770514 -3662.874379 -6945.140381 0.947813 0.108311 -0.299865 0.162627 0.644733 0.746908 -0.274231 0.756696 -0.593472
2.954916 -88.733428 -1719.845440 -6672.975646 0.948053 0.086474 -0.306135 0.176548 0.657510 0.732470 -0.264626 0.748467 -0.608087
2.274737 -99.591994 -2704.218676 -5121.664600 0.952615 0.118581 -0.280112 0.188188 0.493728 0.849010 -0.238975 0.861493 -0.448018
2.523578 -96.935410 -5245.174463 -5638.546106 0.947831 0.144787 -0.283994 0.182401 0.484306 0.855674 -0.261430 0.862835 -0.432631
-4.575235 -23.495289 260.215842 -3432.187013 0.139298 0.849497 0.508873 -0.771066 0.415484 -0.482525 0.621332 0.325160 -0.712894
-2.818931 -16.549111 -63.444682 -2823.541525 0.206067 0.810876 0.547737 -0.729208 0.500514 -0.466627 0.652527 0.303258 -0.694437
-5.559098 -24.024279 122.727313 -3419.244408 0.054899 0.890830 0.451007 -0.777002 0.321796 -0.541032 0.627100 0.320731 -0.709843
-496.331611 -2504.080788 269038.702555 694309.229662 0.925820 0.312632 -0.212412 -0.377911 0.756204 -0.534170 0.006372 -0.574818 -0.818256
-251.876926 -3375.881222 125792.482960 287195.716439 0.901812 0.431723 0.018706 -0.245104 0.546680 -0.800665 0.355891 -0.717465 -0.598820
-816.003597 -2128.740277 561134.224660 -1410178.730456 0.940785 0.331564 -0.070637 -0.173095 0.290661 -0.941039 0.291483 -0.897542 -0.330841
-31.368127 -235.193675 8858.721963 -118739.617004 0.900867 0.370665 0.225933 0.260371 -0.044936 -0.964462 0.347340 -0.927679 0.136992
-18.715152 -73.329755 2447.836650 -16244.642924 0.930506 0.325613 -0.167734 -0.101989 -0.209502 -0.972475 0.351791 -0.922001 0.161734
-34.792048 -383.397800 3658.702947 -111004.658666 0.945763 0.296013 0.133823 0.146740 -0.021753 -0.988936 0.289827 -0.954936 0.064010
-3.423798 -322.249055 5110.597100 -112265.178894 0.909398 0.406607 0.087557 0.150985 -0.126571 -0.980400 0.387555 -0.904793 0.176495
-30.915552 -356.102655 4398.211151 -103200.438750 0.899160 0.385825 0.206522 0.190486 0.079809 -0.978440 0.393989 -0.919114 0.001734
-230.128760 -444.420906 -60945.004260 -115299.134616 0.764115 0.420552 0.489147 0.404925 0.277576 -0.871199 0.502160 -0.863763 -0.041808
-285.972752 -463.849506 -82970.684656 83519.587885 0.911613 0.403880 -0.076441 0.013259 -0.214761 -0.976577 0.410837 -0.889246 0.201133
-117.328762 -282.349029 -28434.943820 -12473.710501 0.875459 0.370591 0.310215 0.334371 -0.000996 -0.942441 0.348951 -0.928796 0.124787
-53.434528 -78.491341 302.329850 3946.245772 0.168419 -0.969613 0.177443 0.985077 0.172038 0.005098 -0.035470 0.173937 0.984118
-46.041482 -67.788225 351.497808 3704.857114 -0.167043 -0.945313 0.280143 0.983266 -0.180672 -0.023360 0.072697 0.271553 0.959674
-61.417181 -88.172646 1896.117444 987.851681 0.980484 0.189904 0.050872 0.196371 -0.958486 -0.206746 -0.009498 -0.212700 0.977071
-56.739807 -78.186153 1512.483101 2041.610596 0.994454 0.052597 -0.091076 0.019179 -0.942140 -0.334670 0.103409 -0.331068 0.937924
-54.053580 -62.992219 5335.403120 7369.362551 0.880962 -0.384376 -0.275972 -0.472152 -0.752599 -0.458985 0.031273 -0.534649 0.844495
-52.737089 -63.816438 4320.272195 6273.550588 0.932041 -0.251517 -0.260842 -0.343563 -0.842199 -0.415529 0.115168 -0.476906 0.871376
21.289109 -50.104609 7900.241504 216.512558 -0.237399 0.926691 -0.291352 0.830517 0.038052 -0.555693 0.503869 0.373894 0.778665
-4.128938 -47.875903 -1149.959512 -1032.310743 0.089026 0.952605 -0.290892 -0.322528 0.303887 0.896453 -0.942364 -0.014013 -0.334296
-4.529939 -50.881691 -1318.101794 -1613.011164 0.072837 0.963122 -0.259021 -0.194604 0.268443 0.943434 -0.978174 0.018311 -0.206980
-5.779319 -50.114856 -293.559524 -984.921057 0.115664 0.959824 -0.255657 -0.114677 0.268567 0.956411 -0.986646 0.081305 -0.141133
10.716942 -96.159128 -796.530165 7708.346539 0.048157 0.993106 -0.106874 0.784358 -0.103847 -0.611554 0.618436 0.054377 0.783952
8.591206 -94.690190 -160.107967 -1037.171645 0.052241 0.993139 -0.104618 0.902982 -0.091718 -0.419775 0.426490 0.072539 0.901579
8.820881 -88.632556 635.869805 -567.899618 0.100351 0.988098 -0.116587 0.877688 -0.143103 -0.457369 0.468609 0.056429 0.881602
-3.278361 -123.085496 -258.707347 5622.885690 0.121836 0.985323 -0.119557 0.853116 -0.042394 0.519996 -0.507295 0.165350 0.845760
-1.331919 -112.466350 -103.688611 -11035.503699 0.097087 0.982873 -0.156633 0.398394 0.105840 0.911087 -0.912062 0.150856 0.381295
-1.933820 -124.006424 -229.215733 -3857.288070 0.110189 0.986036 -0.124869 0.647798 0.024034 0.761433 -0.753801 0.164791 0.636104
-1.754801 -71.644590 -143.992891 -2619.730432 0.040908 0.989402 -0.139323 -0.170697 0.144310 0.974698 -0.984474 0.016091 -0.174791
-2.550253 -70.168892 -142.500160 -1903.046865 0.047246 0.991782 -0.118898 -0.116634 0.123694 0.985442 -0.992051 0.032691 -0.121519
-2.361448 -64.159930 260.824376 -3260.512818 0.063217 0.986191 -0.153074 -0.302017 0.165093 0.938898 -0.951204 0.013124 -0.308283
580.273304 -48.753930 746236.035448 9366.717898 -0.089523 0.920273 -0.380898 -0.847467 0.130530 0.514549 -0.523244 -0.368862 -0.768216
1018.970963 -57.452316 1106258.044497 -12689.993666 -0.147453 0.810765 -0.566496 0.866661 -0.170087 -0.469009 -0.476610 -0.560116 -0.677579
525.712181 -39.515604 572592.858141 -3213.765691 -0.185469 0.860072 -0.475265 0.881015 -0.068669 -0.468079 -0.435217 -0.505529 -0.745001
-2.240443 -67.425214 330.943555 -552.118874 0.076872 0.989728 -0.120538 0.150469 0.107995 0.982698 -0.985622 0.093679 0.140622
3.294470 -39.576058 2318.812788 -237.689610 0.113567 0.970369 -0.213276 0.931165 -0.178813 -0.317737 0.346459 0.162511 0.923881
5.832764 -41.244509 864.167198 780.417215 0.128960 0.975117 -0.180321 0.937247 -0.179254 -0.299058 0.323940 0.130439 0.937043
3.163384 -42.349001 1823.864519 356.496099 0.146582 0.966556 -0.210436 0.963296 -0.187840 -0.191773 0.224888 0.174602 0.958613
-0.878860 -41.204262 2187.996526 -685.308211 0.154600 0.959971 -0.233570 0.957127 -0.204144 -0.205509 0.244965 0.191785 0.950374
-2.446720 -39.582515 1794.472230 171.098878 0.162746 0.960602 -0.225293 0.905246 -0.236200 -0.353185 0.392485 0.146466 0.908022
-2.374375 -194.142199 2100.338069 -1632.116057 0.962144 -0.102635 0.252476 -0.262231 -0.096243 0.960194 0.074250 0.990052 0.119514
14.154639 -103.668132 9829.563894 23026.169895 -0.990219 -0.035603 -0.134903 -0.031157 0.998904 -0.034925 0.135999 -0.030381 -0.990243
4.999622 -96.129341 5744.694151 17320.830965 -0.989983 -0.039536 -0.135538 -0.040312 0.999183 0.002983 0.135309 0.008417 -0.990768
25.660629 -86.604460 12316.943779 23110.759167 -0.989764 -0.030634 -0.139389 -0.036266 0.998618 0.038044 0.138031 0.042710 -0.989507
-0.419881 -116.070436 -2572.745403 13378.828538 0.983217 0.076617 0.165571 -0.041564 0.977748 -0.205624 0.177641 -0.195291 -0.964523
9.749250 -121.380670 -6950.297354 16988.073493 0.983400 0.082877 0.161420 -0.042183 0.969644 -0.240855 0.176481 -0.230047 -0.957044
23.508325 -109.894017 14745.790223 30344.466233 -0.989838 -0.059398 -0.129197 -0.047708 0.994637 -0.091766 0.133955 -0.084669 -0.987364
-0.665686 -65.424305 -12274.119175 -2727.951764 0.939033 0.035119 0.342029 -0.174859 0.905299 0.387114 0.296044 0.423320 -0.856247
-3.455682 -66.194866 -5368.264531 94.174109 0.933731 -0.020835 0.357369 -0.106511 0.936923 0.332913 0.341763 0.348915 -0.872615
-13.847787 -74.055007 2615.449942 -1137.889964 0.925372 -0.179175 0.334039 0.004481 0.886341 0.463011 0.379033 0.426961 -0.820999
10.549811 -23.194179 -2032.327697 -2792.837687 -0.228678 0.970233 -0.079711 0.952620 0.239890 0.186996 -0.200552 0.033173 0.979121
11.349194 -17.369336 -3150.811854 10027.139031 0.665450 -0.094909 0.740384 0.473155 0.820787 -0.320051 -0.577322 0.563294 0.591100
-79.586908 -580.423561 -49999.099431 45964.116701 -0.475086 -0.247042 0.844549 0.583131 0.630380 0.512425 -0.658978 0.735928 -0.155427
-299.664018 -3741.697191 -258778.169463 1637472.013933 -0.410227 0.039671 0.911120 0.512367 0.836504 0.194268 -0.754449 0.546522 -0.363483
586.434109 -64161.910798 -76362.364533 31679848.629391 -0.076725 -0.281511 0.956486 0.937324 0.306677 0.165449 -0.339908 0.909231 0.240337
-291.698414 -7060.226954 164195.546296 -3877756.992235 -0.459243 -0.381968 0.801995 -0.011181 0.905246 0.424741 -0.888240 0.186092 -0.419998
-8.371061 -82.487353 -14483.844292 19459.353849 -0.423548 -0.321857 0.846768 0.840292 0.209600 0.499977 -0.338404 0.923296 0.181678
171.384617 -496.872101 93869.033691 178150.110646 0.030253 -0.080176 0.996322 0.811433 0.584018 0.022358 -0.583662 0.807772 0.082726
20.198306 -155.689107 177.105658 39128.774184 0.635717 0.689073 -0.347912 0.587623 -0.139728 0.796979 -0.500563 0.711094 0.493742
18.798123 -276.361233 1529.760869 79889.651523 0.674294 0.667262 -0.316367 0.457644 -0.041359 0.888173 -0.579560 0.743673 0.333257
19.219260 -107.818714 926.556808 27822.861900 0.652460 0.662424 -0.368091 0.595740 -0.148132 0.789399 -0.468391 0.734337 0.491283
26.783360 -263.177546 -2296.768608 63341.696407 0.629982 0.720188 -0.290607 0.390078 0.030131 0.920289 -0.671537 0.693125 0.261947
23.683633 -60.840709 1075.879596 8072.989988 -0.529138 -0.676362 0.512393 0.753203 -0.096299 0.650702 -0.390767 0.730247 0.560393
21.212148 -87.583556 587.053767 12765.868109 -0.526794 -0.709602 0.467924 0.753020 -0.134260 0.644155 -0.394270 0.691693 0.605072
19.725644 -184.097748 3607.826105 40297.782876 -0.572831 -0.747886 0.335458 0.588307 -0.090158 0.803596 -0.570754 0.657677 0.491631
12.009690 -75.282730 4058.159936 -23224.229945 0.838525 0.428745 -0.336235 -0.470240 0.257738 -0.844065 0.275228 -0.865881 -0.417732
-5.970026 -70.968320 3229.795856 18013.932036 0.778445 0.401272 -0.482705 -0.565129 0.113294 -0.817187 0.273226 -0.908925 -0.314964
6.853955 -57.347166 2919.749514 -4754.481893 0.806045 0.395885 -0.439961 -0.540262 0.188612 -0.820087 0.241678 -0.898722 -0.365911
20.001994 -38.998402 -7329.628479 502.258018 -0.130987 -0.127995 -0.983087 0.373969 0.911994 -0.168567 0.918145 -0.389724 -0.071594
16.318446 -35.678908 -6400.223481 712.964798 -0.147266 -0.106985 -0.983294 0.292194 0.945058 -0.146586 0.944953 -0.308900 -0.107914
19.794954 -36.858155 -1109.403925 -689.858438 -0.284443 -0.007048 -0.958667 0.339719 0.934344 -0.107666 0.896484 -0.356302 -0.263374
-30.928756 -52.738518 1418.291084 -2415.111342 -0.395452 0.909541 0.127880 -0.856319 -0.415447 0.306791 -0.332166 -0.011815 -0.943147
-32.974967 -53.061103 3045.707777 -1032.795171 -0.360184 0.929396 0.080565 -0.901083 -0.368963 0.227851 -0.241489 -0.009472 -0.970357
30.617414 -49.101154 30293.327936 2115.096983 -0.607846 -0.599753 0.520403 -0.597310 0.777183 0.198011 -0.523206 -0.190482 -0.830646
30.039067 -53.189110 24745.057668 291.358648 -0.717148 -0.440475 0.540074 -0.493888 0.867965 0.052077 -0.491704 -0.229390 -0.840004
-1.819835 -39.789592 19792.963514 -1710.600187 -0.822255 -0.298617 0.484484 -0.393924 0.913034 -0.105800 -0.410756 -0.277845 -0.868379
17.464560 -45.572568 -6507.764794 -40.823004 -0.070906 0.981203 0.179481 -0.656924 -0.181338 0.731825 -0.750615 0.066015 -0.657434
12.692741 -47.563390 -3386.338426 895.228755 -0.046697 0.987813 0.148477 -0.644125 -0.143386 0.751361 -0.763493 0.060551 -0.642971
15.382037 -49.997012 -4188.377453 800.248457 -0.072562 0.983035 0.168453 -0.731822 -0.167229 0.660659 -0.677622 0.075338 -0.731541
10.316023 -48.987991 553.366053 1638.533418 -0.015442 0.991941 0.125754 -0.631205 -0.107212 0.768170 -0.775462 0.067515 -0.627774
13.522613 -50.999695 1017.989441 1190.633231 -0.033188 0.988380 0.148334 -0.728068 -0.125585 0.673903 -0.684701 0.085632 -0.723776
-13.084528 -166.629455 -1178.357227 -9823.607669 0.677595 0.002647 -0.735430 -0.665506 -0.423383 -0.614694 0.312996 -0.905947 0.285121
-10.028995 -171.263889 1297.898265 16575.929467 0.654684 0.056480 -0.753789 0.662751 0.436681 0.608335 0.363525 -0.897842 0.248456
-10.081917 -192.394928 545.492056 -928.936143 0.671242 0.056496 -0.739082 0.717152 0.202620 0.666812 0.187425 -0.977626 0.095491
-8.913217 -195.499247 826.072793 -13249.896631 0.686178 0.064771 -0.724544 0.726993 -0.026416 0.686136 0.025302 -0.997550 -0.065215
17.586459 -42.569073 1949.344655 464.033250 0.256827 0.966391 -0.011315 -0.119991 0.020267 -0.992568 0.958980 -0.256276 -0.121164
30.624518 -43.271140 4780.071234 666.651824 0.291582 0.956512 0.008006 -0.053045 0.024526 -0.998291 0.955074 -0.290659 -0.057889
18.871336 -48.912335 -4337.866032 10973.356223 0.045828 0.970718 0.235811 -0.026702 0.237165 -0.971102 0.998592 -0.038207 -0.036789
9.805252 -58.067936 -402.351421 12003.499585 0.068364 0.993353 0.092605 -0.008001 0.093365 -0.995600 0.997628 -0.067322 -0.014331
-14.154130 -78.763358 13.845805 232.990419 -0.271610 0.962407 0.000775 0.373928 0.106272 -0.921349 0.886795 0.249958 0.388736
-12.194397 -82.628537 343.807363 1558.148871 -0.325261 0.945624 -0.000653 0.492772 0.168906 -0.853608 0.807082 0.277967 0.520916
-10.281107 -82.734669 784.885997 1363.997013 -0.383205 0.923648 0.005290 0.495518 0.210408 -0.842728 0.779497 0.320316 0.538314
14.870240 -86.910193 2296.068551 1778.349540 -0.353169 0.930543 0.096759 0.444866 0.076052 0.892362 -0.823022 -0.358199 0.440826
20.343808 -89.093739 2003.913255 2458.270447 -0.405539 0.908726 0.098766 0.444356 0.101565 0.890074 -0.798803 -0.404848 0.444986
19.779083 -97.108651 -72.481849 4941.006658 -0.454848 0.877847 0.149992 0.316145 0.001708 0.948709 -0.832566 -0.478938 0.278304
18.845047 -104.316418 -916.976954 3604.494442 -0.467061 0.868311 0.167003 0.106337 -0.132340 0.985484 -0.877808 -0.478040 0.030523
76.170123 -218.603420 2936.570409 -82862.668204 -0.694253 0.648669 0.311837 -0.115205 -0.527837 0.841496 -0.710451 -0.548286 -0.441182
75.377804 -163.528119 13566.090323 -55750.079312 -0.590639 0.762216 0.264900 -0.172663 -0.440053 0.881215 -0.788247 -0.474742 -0.391519
79.000130 -159.482185 14435.450192 -27184.350042 -0.564572 0.796596 0.216085 -0.171508 -0.369307 0.913344 -0.807368 -0.478589 -0.345123
4.066807 -57.828480 -402.197137 -2200.182599 0.124068 0.967669 0.219601 0.873055 -0.001278 -0.487621 0.471575 -0.252222 0.844986
5.208515 -55.852379 -17.535476 -1349.352220 0.105284 0.974498 0.198166 0.922002 -0.020993 -0.386616 0.372596 -0.223414 0.900699
5.024999 -59.346084 -70.296790 -1964.617093 0.119601 0.973583 0.194502 0.855617 -0.001702 -0.517607 0.503603 -0.228325 0.833218
-0.763232 -46.501903 1509.249630 2672.103308 0.195961 0.974390 0.110292 -0.262116 -0.056332 0.963391 -0.944931 0.217696 -0.244364
5.570622 -39.405615 1723.318854 2357.698912 0.174661 0.968055 0.179899 -0.136964 -0.157045 0.978048 -0.975056 0.195466 -0.105159
7.057359 -42.057088 2693.561924 2224.336033 0.169783 0.957238 0.234241 -0.255832 -0.186730 0.948516 -0.951695 0.220969 -0.213188
