15870
31727
-44.571427 -67.560805 1204.256698 4988.651445 0.108430 0.975592 -0.190953 0.911375 -0.174273 -0.372860 0.397037 0.133600 0.908027
-45.039599 -73.239764 -2762.089165 10468.911987 -0.251636 0.966564 0.049328 0.855206 0.245928 -0.456226 0.453103 0.072617 0.888496
-38.283635 -55.092181 818.850544 5313.317883 0.254349 0.923246 -0.287965 0.807976 -0.366495 -0.461364 0.531490 0.115322 0.839178
-35.550133 -55.315494 -2253.149296 8940.257939 -0.015841 0.999445 -0.029319 0.817307 -0.003949 -0.576188 0.575984 0.033090 0.816791
-38.453184 -63.966559 -253.311345 4495.630874 0.268684 0.907617 -0.322551 0.865227 -0.374577 -0.333278 0.423309 0.189533 0.885938
-27.252421 -41.363203 -1066.757605 4686.836924 0.398078 0.848924 -0.347652 0.666892 -0.528034 -0.525770 0.629911 0.022549 0.776340
-36.775461 -57.017297 17.580923 3909.118769 0.415975 0.781532 -0.464943 0.761315 -0.578918 -0.291982 0.497357 0.232511 0.835807
-30.534313 -47.246506 283.600344 -2970.011927 0.557361 0.647035 -0.520284 -0.587027 0.750253 0.304169 0.587153 0.135889 0.797989
47.271420 -78.052140 962.632045 -5491.532824 0.034224 0.990463 0.133461 -0.395599 0.136058 -0.908289 0.917785 0.021711 -0.396483
48.015914 -74.281369 2878.456450 -7302.410305 0.106399 0.992979 0.051689 -0.389160 0.089423 -0.916820 0.915005 -0.077433 -0.395942
37.789844 -76.214298 2565.827090 4562.563097 0.073803 0.982919 0.168590 -0.310199 0.183291 -0.932835 0.947802 -0.016550 -0.318428
53.709141 -91.305473 4.728695 -13628.278657 0.055280 0.995394 0.078321 -0.485773 0.095344 -0.868870 0.872335 -0.009985 -0.488806
-40.208586 -71.702907 -1162.227790 -2294.429784 0.256111 0.963909 -0.072707 -0.606060 0.101523 -0.788914 0.753060 -0.246115 -0.610188
-39.469572 -66.780841 -720.134029 -2593.078166 0.265717 0.957622 -0.111151 -0.499080 0.037998 -0.865722 0.824811 -0.285511 -0.488027
-37.365398 -71.575399 -518.949926 -1538.918094 0.318574 0.939772 -0.123848 -0.603804 0.100472 -0.790775 0.730706 -0.326701 -0.599446
-41.082640 -70.498077 -2026.482301 -3805.555314 0.204395 0.978505 -0.027398 -0.514559 0.083589 -0.853371 0.832737 -0.188523 -0.520584
-40.078319 -74.807794 -475.355451 -792.686935 0.284438 0.957005 -0.056888 -0.704146 0.168278 -0.689827 0.650595 -0.236271 -0.721735
-40.916415 -75.907724 -1765.033595 -1204.430095 0.208769 0.977951 -0.005324 -0.685879 0.142534 -0.713621 0.697127 -0.152633 -0.700512
-12.525194 -38.937826 -5105.921847 -52.646685 0.357619 0.906575 -0.224121 -0.249813 -0.138378 -0.958355 0.899835 -0.398714 -0.176988
-11.415638 -41.013827 -7339.735208 508.319007 0.350203 0.886946 -0.301139 -0.382972 -0.157813 -0.910180 0.854804 -0.434076 -0.284409
-21.296387 -39.546948 -1281.344614 -224.689676 0.261037 0.890732 -0.372097 -0.353756 -0.270378 -0.895406 0.898174 -0.365366 -0.244523
16.616009 -93.543430 -1450.869126 3616.025611 0.966998 -0.245756 0.067228 -0.008224 0.233617 0.972294 0.254653 0.940759 -0.223886
20.683032 -93.877500 780.252179 3017.885725 0.945739 -0.322867 -0.036525 0.107877 0.205965 0.972595 0.306496 0.923761 -0.229619
33.363964 -92.522161 -1468.818828 6695.329311 0.958665 -0.284404 -0.008682 0.017795 0.029475 0.999407 0.283979 0.958251 -0.033318
27.274379 -92.065867 -5559.141407 4740.803462 0.981146 -0.174386 0.083318 -0.071038 0.075525 0.994610 0.179739 0.981777 -0.061713
97.804230 -39.447004 -11031.661849 -8900.405789 -0.201365 0.844485 -0.496284 -0.756729 0.187585 0.626237 -0.621943 -0.501655 -0.601273
108.786058 -37.874541 16714.273008 -5376.538753 0.047198 0.953084 -0.299004 -0.782476 0.221340 0.582013 -0.620889 -0.206493 -0.756213
113.395818 -43.208941 15936.249143 -7423.101670 0.036339 0.945267 -0.324269 -0.732294 0.245988 0.635008 -0.680018 -0.214385 -0.701152
24.194486 -122.786615 -2286.258760 -5509.806081 0.117702 0.972455 0.201192 -0.140533 -0.184249 0.972781 -0.983055 0.142773 -0.114976
28.324585 -113.661017 -1778.139881 -7827.768218 0.097792 0.974904 0.199995 -0.374333 -0.150168 0.915054 -0.922124 0.164349 -0.350253
25.465279 -107.749099 500.058343 -6860.877369 0.161532 0.954724 0.249821 -0.330116 -0.186288 0.925376 -0.930017 0.231948 -0.285078
8.792517 -137.490708 1259.624525 -13125.156178 -0.262368 -0.964886 -0.012568 0.964968 -0.262346 -0.003380 -0.000036 -0.013015 0.999915
8.748946 -155.261598 -1086.634894 -14166.475216 0.320958 0.947088 0.003282 0.910360 -0.307552 -0.276869 0.261210 -0.091851 0.960902
7.511676 -132.763112 -394.706746 -10109.298047 0.305219 0.952276 0.003349 0.942184 -0.301470 -0.146303 0.138311 -0.047809 0.989234
5.726203 -116.490497 -298.991300 -5049.841553 0.242730 0.970055 0.008724 0.967010 -0.242665 0.077501 -0.077297 0.010375 0.996954
4.890564 -129.998322 -338.356678 -12422.787377 0.310807 0.950237 0.021173 0.940265 -0.304137 -0.152979 0.138927 -0.067455 0.988003
5.766717 -50.837536 -5798.660152 -4366.663184 0.969018 -0.244402 0.035674 -0.241249 -0.905600 0.348836 0.052950 0.346635 0.936504
-11.588990 -57.952036 -5670.163356 -5784.127941 0.952910 -0.300866 0.037979 -0.294529 -0.888381 0.352182 0.072219 0.346784 0.935161
-6.109704 -47.141613 -4943.746201 -4468.087287 0.934609 -0.348719 0.070003 -0.344297 -0.837627 0.424076 0.089247 0.420447 0.902917
2.605900 -40.024270 -4514.442617 -3000.392041 0.951899 -0.302802 0.046895 -0.290867 -0.844835 0.449055 0.096356 0.441095 0.892273
14.059160 -41.780786 -4716.163096 -2770.534062 0.976231 -0.214909 -0.028071 -0.184573 -0.892255 0.412085 0.113607 0.397109 0.910713
20.065201 -49.319287 -3618.179291 -4364.851457 0.979752 -0.190762 -0.060797 -0.162058 -0.933901 0.318696 0.117573 0.302390 0.945905
15.176265 -55.364009 -5269.942803 -2632.676790 0.985195 -0.170930 -0.013176 -0.164770 -0.965304 0.202579 0.047346 0.197409 0.979177
7.844346 -115.172247 -810.026173 4865.523391 0.725803 -0.495522 0.477146 -0.687879 -0.528624 0.497373 -0.005772 0.689213 0.724535
5.487964 -121.448423 301.905056 2967.476487 0.716469 -0.507676 0.478474 -0.673238 -0.323433 0.664937 0.182818 0.798534 0.573516
11.277627 -111.142215 -1128.143999 5309.172828 0.745999 -0.492182 0.448600 -0.665937 -0.547666 0.506547 0.003630 0.676623 0.736321
18.240508 -109.800889 -4899.447440 2213.213865 0.770667 -0.446567 0.454588 -0.618763 -0.694945 0.366311 -0.152332 0.563586 0.811890
47.464684 -102.997832 -12700.255699 -5378.588321 0.854719 -0.315079 0.412529 -0.445641 -0.852928 0.271878 -0.266194 0.416219 0.869427
99.002538 -99.617542 -26603.145877 10289.155378 0.940957 -0.156964 0.299937 0.220488 0.956473 -0.191168 -0.256875 0.246013 0.934608
61.374482 -111.407276 -18109.784938 6926.230126 0.833485 -0.307140 0.459312 0.383526 0.919992 -0.080766 -0.397757 0.243475 0.884596
45.717031 -90.737510 -10459.292109 -2435.529503 0.905810 -0.292085 0.306913 -0.392325 -0.851742 0.347300 -0.159969 0.434997 0.886108
22.312406 -114.232291 -5816.164372 -5627.979403 0.783889 -0.413262 0.463393 -0.555611 -0.800020 0.226417 -0.277154 0.434952 0.856739
-13.408389 -86.920458 -1137.573834 3168.847389 0.257481 0.957569 -0.129481 -0.956422 0.271650 0.107066 -0.137696 -0.096271 -0.985785
-11.665314 -84.663096 -197.986410 1909.254183 0.244449 0.959751 -0.138284 -0.937950 0.270211 0.217340 -0.245958 -0.076575 -0.966251
-14.943244 -81.607086 -524.759692 1922.589443 0.247965 0.962182 -0.112783 -0.914405 0.270909 0.300785 -0.319964 -0.028545 -0.947000
30.035007 -78.144988 -579.212946 3236.852914 0.925706 -0.324505 0.194331 -0.378242 -0.795831 0.472848 -0.001213 0.511222 0.859448
37.189937 -61.401396 6632.431711 -467.106431 0.978941 -0.196653 -0.054788 -0.154690 -0.889712 0.429516 0.133211 0.411996 0.901396
56.639566 -78.957384 -3042.269763 -1757.128447 0.973302 -0.208274 0.096463 -0.228188 -0.923377 0.308717 -0.024774 0.322486 0.946250
-4.030294 -195.385502 -1582.547075 -15928.039043 -0.677534 0.199757 -0.707845 -0.312361 0.793154 0.522817 0.665867 0.575329 -0.474992
-5.226544 -185.778618 -1338.720765 -8269.726369 -0.674502 0.182693 -0.715311 -0.155451 0.912031 0.379518 0.721721 0.367182 -0.586768
-6.635777 -193.888343 338.585811 -12367.490099 -0.695635 0.183255 -0.694629 -0.209291 0.873278 0.439980 0.687233 0.451446 -0.569129
-6.303443 -189.724190 -1252.458952 29470.182033 0.816002 -0.227878 0.531236 0.439188 -0.353123 -0.826086 -0.375839 -0.907401 0.188068
-7.346996 -199.305199 -2591.272117 17158.809329 0.825777 -0.242017 0.509430 0.283882 -0.602130 -0.746224 -0.487343 -0.760833 0.428521
-5.605384 -202.989468 2257.141055 12042.307127 0.846267 -0.228246 0.481389 0.213315 -0.682819 -0.698753 -0.488189 -0.694019 0.529159
-4.642641 -202.423110 815.681490 3671.542964 0.844446 -0.238607 0.479559 -0.064516 0.843475 0.533280 -0.531741 -0.481265 0.696876
-4.647159 -175.839980 1687.954651 19827.969897 0.830386 -0.229149 0.507888 0.347290 -0.499944 -0.793376 -0.435716 -0.835193 0.335565
-8.566297 -57.547600 -2752.913756 -4404.218911 0.773928 -0.470966 -0.423351 0.633097 0.591188 0.499686 -0.014945 0.654743 -0.755704
-9.551771 -63.999736 -1679.886575 -5457.610812 0.811618 -0.464157 -0.354731 0.579256 0.560676 0.591697 0.075751 0.685712 -0.723921
-13.177982 -52.061996 -2157.280500 -2777.242942 0.798998 -0.474038 -0.369985 0.601279 0.638044 0.481003 -0.008053 0.606785 -0.794825
-4.990935 -75.583327 -1948.594512 -8135.848224 0.759767 -0.489136 -0.428369 0.642712 0.465317 0.608607 0.098364 0.737717 -0.667906
-3.333457 -67.343455 -1612.465223 -7791.175246 0.725907 -0.511887 -0.459380 0.686210 0.493725 0.534184 0.046634 0.702999 -0.709660
-11.123471 -332.449474 -1278.894806 -56.360115 0.649676 -0.151165 0.745030 -0.455256 0.707502 0.540539 0.608821 0.690355 -0.390829
1.593058 -390.611605 -2140.649910 52926.684371 -0.653960 0.211317 -0.726417 -0.142555 0.908575 0.392644 0.742977 0.360327 -0.564048
-5.351287 -346.004427 1990.073483 41188.979781 -0.680574 0.136072 -0.719933 -0.242547 0.885359 0.396624 0.691368 0.444550 -0.569548
-9.358178 -321.035817 -2239.132026 10210.413140 0.675923 -0.123337 0.726578 -0.485199 0.667606 0.564698 0.554717 0.734227 -0.391407
-2.263874 -361.549556 2225.985956 24074.187795 -0.675595 0.081963 -0.732703 -0.317487 0.864595 0.389458 0.665412 0.495739 -0.558094
17.464949 -46.687178 829.795561 368.224642 0.094143 0.995547 0.004908 -0.986716 0.093962 -0.132525 0.132396 -0.007633 -0.991167
21.031359 -46.309702 2270.599108 -266.426932 0.119543 0.992434 0.027988 -0.952417 0.122592 -0.279059 0.280379 -0.006703 -0.959866
17.701964 -46.305463 656.823706 1647.584835 0.083248 0.995851 0.036761 -0.980599 0.088431 -0.174946 0.177471 0.021484 -0.983892
17.163710 -45.202954 -901.915323 1567.356761 0.092228 0.995543 0.019678 -0.993238 0.093378 -0.068988 0.070518 0.013182 -0.997423
19.987638 -43.360501 -1742.485369 2409.108799 0.112431 0.992136 0.055004 -0.989926 0.116631 -0.080274 0.086058 0.045425 -0.995254
17.222198 -47.128510 -1222.060115 2036.505430 0.076003 0.995430 0.057808 -0.974882 0.086357 -0.205299 0.209353 0.040753 -0.976991
4.020685 -39.370827 2221.314371 208.244629 -0.892953 -0.407910 -0.190378 -0.318470 0.871359 -0.373243 0.318137 -0.272659 -0.907990
3.175514 -36.602379 3551.603019 -393.454371 -0.897768 -0.395225 -0.194447 -0.329438 0.895524 -0.299177 0.292374 -0.204534 -0.934175
-1.094480 -41.205554 1499.683997 -528.298149 -0.927380 -0.291794 -0.234143 -0.229273 0.937818 -0.260637 0.295636 -0.188027 -0.936614
-19.309414 -36.854411 2048.087764 -969.870000 -0.202020 0.911318 -0.358731 -0.833070 -0.352489 -0.426316 0.514958 -0.212723 -0.830402
-19.895585 -40.345850 1164.648857 -1807.843054 -0.298190 0.865260 -0.402999 -0.850181 -0.432695 -0.299945 0.433906 -0.253181 -0.864653
-17.159440 -36.663264 2851.181011 -717.480757 -0.182558 0.934040 -0.306988 -0.862688 -0.301952 -0.405702 0.471638 -0.190770 -0.860909
3.262333 -45.803293 -880.773249 -2958.357925 0.454671 0.888439 -0.062846 -0.195409 0.030664 -0.980242 0.868959 -0.457969 -0.187551
3.702698 -45.827809 -1348.132127 -2640.103272 0.466116 0.883757 -0.041347 -0.274627 0.100103 -0.956326 0.841021 -0.457114 -0.289363
1.461014 -44.937001 -631.308632 -4744.055048 0.452637 0.888933 -0.070129 -0.225122 0.037822 -0.973596 0.862809 -0.456473 -0.217238
1.596128 -46.069822 -822.602845 -975.819671 0.455178 0.887200 -0.075424 -0.183761 0.010718 -0.982912 0.871232 -0.461260 -0.167912
-10.911991 -28.527715 635.554485 -1424.777761 0.202390 0.907827 0.367272 0.964585 -0.249578 0.085362 0.169157 0.336989 -0.926188
-12.658778 -31.957570 -404.196595 -1818.216001 0.364845 0.863715 0.347683 0.911328 -0.407764 0.056655 0.190706 0.296183 -0.935899
-9.678575 -26.759734 376.899480 -2045.793588 0.240728 0.905720 0.348887 0.963550 -0.266231 0.026302 0.116707 0.329838 -0.936796
9.614208 -281.227120 874.677179 -2810.342770 0.307423 0.932098 -0.191533 0.922567 -0.341270 -0.180011 0.233153 0.121363 0.964837
8.198103 -275.116216 1735.227676 6452.847436 0.294442 0.932147 -0.210726 0.906894 -0.342081 -0.246018 0.301410 0.118668 0.946081
11.824710 -296.772043 457.960449 42332.477178 0.317376 0.927414 -0.197929 0.712398 -0.370935 -0.595732 0.625909 -0.048066 0.778414
8.902363 -295.444195 -478.462645 28050.742387 0.285646 0.935960 -0.205877 0.793386 -0.351457 -0.497008 0.537537 0.021371 0.842970
12.195368 -264.558522 -661.745362 44446.769172 0.292977 0.935633 -0.196865 0.508078 -0.326774 -0.796916 0.809951 -0.133455 0.571112
12.146279 -242.184182 123.920974 39973.675356 0.312628 0.930988 -0.188481 0.432039 -0.316082 -0.844651 0.845935 -0.182630 0.501039
20.359337 -149.414472 -1853.581995 -20986.827000 0.225556 -0.595597 0.770966 -0.451358 0.637419 0.624478 -0.863366 -0.488837 -0.125054
15.382287 -198.741328 -1180.056746 -32012.611833 0.203362 -0.660311 0.722934 -0.267185 0.672913 0.689783 -0.941943 -0.333432 -0.039580
13.883682 -175.347013 2058.553556 -15283.684393 0.247937 -0.632597 0.733722 -0.187450 0.711731 0.676979 -0.950468 -0.305384 0.057884
19.201661 -146.775379 869.521078 -13238.188847 0.282339 -0.534785 0.796423 -0.393861 0.692382 0.604550 -0.874733 -0.484368 -0.015144
-11.023004 -48.653096 2640.014548 -1598.326461 0.134855 0.964597 -0.226641 0.798136 -0.241291 -0.552048 0.587190 0.106444 0.802420
-4.819406 -42.170321 4375.530629 -4940.188364 0.008577 0.984818 -0.173381 0.888885 -0.086932 -0.449807 0.458050 0.150257 0.876135
-13.475091 -47.753213 -269.705795 -5779.904458 0.182202 0.963164 -0.197784 0.859142 -0.253776 -0.444379 0.478203 0.088958 0.873733
-15.689536 -51.730407 -649.844420 -2055.037452 0.271832 0.933437 -0.234100 0.764258 -0.357224 -0.536936 0.584822 0.032956 0.810492
-16.081221 -54.894611 1220.091968 1606.760944 0.224289 0.941482 -0.251608 0.676214 -0.336270 -0.655483 0.701733 0.023123 0.712065
-9.082067 -51.016061 3653.330252 299.667583 0.117992 0.960739 -0.251114 0.720077 -0.256913 -0.644581 0.683789 0.104766 0.722120
5.012080 -54.003224 1099.172679 -407.367118 0.365280 0.928551 -0.066057 -0.908145 0.339861 -0.244472 0.204555 -0.149290 -0.967404
7.083623 -53.360056 1423.580894 282.232561 0.381078 0.922326 -0.063985 -0.891356 0.348141 -0.290315 0.245489 -0.167666 -0.954790
4.780347 -55.731045 1035.693302 750.972392 0.390968 0.918903 -0.052554 -0.869267 0.349876 -0.349230 0.302521 -0.182221 -0.935562
-17.612484 -90.180976 1890.896329 -30482.854051 0.224547 0.841466 0.491440 0.485566 -0.533869 0.692250 -0.844869 -0.083184 0.528466
-1.599820 -105.035597 5450.287553 -31904.345975 0.064877 0.953330 0.294878 0.588339 -0.275220 0.760336 -0.806007 -0.124159 0.578737
-6.524492 -166.399258 -2628.476029 -50041.468205 -0.002597 0.957664 0.287876 0.672005 -0.211515 0.709698 -0.740542 -0.195297 0.643005
-40.227198 -51.698730 -3159.618493 -1123.195342 0.167226 0.965033 0.201858 0.985899 -0.164965 -0.028096 0.006186 0.203710 -0.979012
-40.854078 -55.346699 -3282.955824 -1923.983030 0.094116 0.983040 0.157400 0.986002 -0.113897 0.121768 0.137630 0.143736 -0.979999
-36.082893 -54.327441 -1585.291708 599.200106 0.102933 0.987101 0.122619 0.993073 -0.109004 0.043862 0.056662 0.117255 -0.991484
40.841936 -36.406828 5224.994358 3881.948464 0.860464 0.110948 -0.497286 0.474164 -0.531566 0.701859 0.186471 0.839719 0.510000
32.987627 -51.159995 3454.555976 6305.583528 0.827305 0.106275 -0.551609 0.531075 -0.468024 0.706338 0.183100 0.877302 0.443638
30.741289 -40.224221 2964.952969 3664.197476 0.869500 0.057719 -0.490548 0.434588 -0.561386 0.704257 0.234738 0.825538 0.513210
38.634671 -29.074776 4019.422786 1213.846312 0.892247 0.096534 -0.441108 0.410748 -0.579294 0.704062 0.187565 0.809382 0.556525
-18.367680 -50.904739 1599.847461 -539.973197 0.576424 0.323186 -0.750524 0.728331 -0.619631 0.292558 -0.370498 -0.715268 -0.592557
-19.292166 -52.805170 -854.770490 554.843524 0.588378 0.255961 -0.767005 0.735053 -0.564553 0.375468 -0.336910 -0.784706 -0.520315
-18.514522 -52.031014 -550.009080 -1330.196930 0.515729 0.301486 -0.801954 0.722205 -0.656553 0.217619 -0.460916 -0.691408 -0.556338
-18.076769 -50.420726 1413.310494 1341.077200 0.623197 0.284346 -0.728541 0.745074 -0.498975 0.442593 -0.237675 -0.818640 -0.522819
-17.120230 -48.039595 946.353884 -1832.366750 0.506454 0.375467 -0.776227 0.701223 -0.703215 0.117367 -0.501787 -0.603749 -0.619433
-17.169220 -49.765126 3104.780530 400.154183 0.609007 0.341990 -0.715649 0.748620 -0.545954 0.376168 -0.262066 -0.764838 -0.588510
-15.293605 -48.126938 2194.825178 -299.412148 0.558816 0.378795 -0.737726 0.734160 -0.639669 0.227668 -0.385660 -0.668833 -0.635553
-1.836855 -56.411560 1069.750506 815.389385 0.120494 -0.485282 0.866015 -0.623926 0.641514 0.446291 -0.772138 -0.594105 -0.225481
-5.122528 -58.003933 2290.668174 1490.744700 0.139248 -0.490406 0.860297 -0.652752 0.607844 0.452152 -0.744665 -0.624522 -0.235473
-2.842426 -57.446309 1045.072641 1823.290616 0.138543 -0.500663 0.854484 -0.702983 0.558022 0.440937 -0.697582 -0.661777 -0.274648
1.269775 -56.256211 649.010160 1730.762346 0.128181 -0.494841 0.859478 -0.669174 0.596465 0.443212 -0.731968 -0.631951 -0.254680
1.010900 -60.135283 228.076881 -163.070785 0.043675 0.666618 -0.744119 0.681937 0.524431 0.509836 -0.730105 0.529709 0.431688
1.798374 -58.159358 1159.630550 -1762.455657 0.031164 0.647617 -0.761329 0.616805 0.586906 0.524493 -0.786499 0.485937 0.381163
2.134331 -56.382956 308.653611 -4435.949550 0.031892 0.653849 -0.755953 0.510126 0.639761 0.574872 -0.859508 0.403965 0.313142
0.524989 -64.246965 591.738340 -103.971824 0.042030 0.653168 -0.756046 0.748292 0.480837 0.457006 -0.662036 0.584951 0.468551
-1.091720 -67.252367 -176.348968 -145.954414 0.066328 0.688377 -0.722314 0.753534 0.439963 0.488486 -0.654054 0.576689 0.489534
-0.145025 -65.522756 426.910036 997.112668 0.057347 0.673352 -0.737094 0.774338 0.436026 0.458565 -0.630168 0.597057 0.496398
-30.291418 -75.507942 1884.796211 -477.399341 -0.074228 0.808790 -0.583395 0.792265 0.403115 0.458055 -0.605646 0.428203 0.670698
-24.915430 -76.648962 -3379.844841 -547.459110 0.018065 -0.799814 0.599976 0.885300 0.291677 0.362172 -0.464670 0.524616 0.713344
-22.144160 -76.295797 -1935.496321 3371.018427 -0.019585 -0.804028 0.594269 0.867010 0.282346 0.410579 -0.497906 0.523278 0.691570
-33.001658 -79.411888 2500.047064 -1304.491210 -0.120303 0.826922 -0.549297 0.849292 0.372233 0.374361 -0.514034 0.421476 0.747079
-38.687449 -78.912790 1861.028236 -964.402669 -0.229767 0.786426 -0.573359 0.736553 0.525586 0.425734 -0.636158 0.324490 0.700007
-29.865531 -73.734128 2659.179109 -1633.214094 -0.024610 0.806765 -0.590359 0.672959 0.450069 0.586996 -0.739270 0.382841 0.553996
-38.093663 -76.577964 1370.648654 -921.366031 -0.186876 0.769225 -0.611040 0.630606 0.570863 0.525787 -0.753269 0.287068 0.591759
-19.112993 -29.833234 -4430.916259 296.656829 -0.952443 -0.266107 0.148456 -0.267480 0.963501 0.011016 -0.145969 -0.029217 -0.988858
-26.420197 -29.979606 -2216.509981 -532.513357 -0.763031 -0.623618 0.169953 -0.613686 0.781510 0.112394 -0.202911 -0.018537 -0.979022
-20.186210 -27.626901 -4340.350199 -97.738835 -0.917540 -0.377059 0.126279 -0.368381 0.925587 0.087083 -0.149718 0.033384 -0.988165
157.143276 -30.599115 48334.386010 -6460.027425 -0.247950 0.805259 -0.538589 0.491687 0.583627 0.646238 -0.834724 0.104583 0.540646
49.601368 -34.931662 13411.313023 -5451.377576 -0.140142 0.824838 -0.547725 0.540449 0.527233 0.655699 -0.829624 0.204126 0.519670
109.998816 -44.984521 35673.729879 -5792.942189 -0.252709 0.812558 -0.525251 0.575960 0.562542 0.593142 -0.777437 0.152631 0.610160
105.793325 -22.366521 37809.834365 -3621.189599 -0.175871 0.793478 -0.582634 0.475399 0.586728 0.655551 -0.862012 0.161691 0.480407
9.576087 -143.377613 3703.628370 6173.848387 0.408957 0.481548 -0.775155 -0.372327 0.863566 0.340039 0.833143 0.149550 0.532455
3.439995 -139.819027 1939.054557 8673.711884 0.390616 0.488384 -0.780321 -0.531757 0.811645 0.241800 0.751435 0.320490 0.576743
0.341426 -138.597743 1729.471098 5335.134732 0.389887 0.503854 -0.770791 -0.315134 0.859497 0.402436 0.865262 0.085998 0.493889
8.042326 -130.735076 3704.903254 -9852.638553 0.402076 0.492186 -0.772067 -0.059797 0.855546 0.514262 0.913651 -0.160605 0.373426
28.807975 -130.933227 10242.917632 -10329.333975 0.398986 0.443333 -0.802662 -0.025637 0.880405 0.473529 0.916598 -0.168353 0.362635
200.373763 -55.442657 88179.495397 3506.962866 0.097683 0.330420 -0.938766 -0.607349 0.767051 0.206784 0.788407 0.549959 0.275608
667.402481 -75.638360 240435.323438 3301.818660 0.052508 0.338971 -0.939330 -0.586594 0.771714 0.245694 0.808177 0.538104 0.239360
600.579700 -61.423440 204282.777327 -1609.879949 0.137592 0.285284 -0.948515 -0.638725 0.757469 0.135170 0.757033 0.587242 0.286440
462.333572 -53.075399 205661.469467 -969.339072 0.141748 0.215578 -0.966144 -0.685242 0.725723 0.061396 0.714388 0.653340 0.250593
171.477408 -48.471560 77530.922671 -1424.948451 0.158864 0.285451 -0.945135 -0.650546 0.750357 0.117276 0.742665 0.596223 0.304904
-21.071694 -124.004928 4068.078053 -8861.081529 0.144150 -0.108017 0.983643 -0.459105 0.873267 0.163177 -0.876609 -0.475117 0.076290
-16.823393 -116.407732 3860.176988 -149.248484 0.168813 -0.117547 0.978614 -0.222900 0.962589 0.154073 -0.960114 -0.244142 0.136296
-24.815918 -120.682502 2228.529923 3116.660296 0.084803 -0.127106 0.988257 -0.243368 0.959148 0.144245 -0.966220 -0.252742 0.050406
-29.495879 -127.356933 3679.779035 -3529.728586 0.083402 -0.151324 0.984960 -0.453496 0.874360 0.172732 -0.887348 -0.461081 0.004298
37.131527 -91.863533 14130.994467 -6618.334162 -0.172080 0.021555 -0.984847 -0.419471 0.902986 0.093056 0.891309 0.429128 -0.146345
51.996196 -85.637922 15629.138211 5836.180840 -0.134595 0.038516 -0.990152 -0.328099 0.941146 0.081209 0.935005 0.335798 -0.114036
86.398904 -87.752478 24533.779655 -1230.284580 -0.081486 0.039130 -0.995906 -0.430736 0.899713 0.070594 0.898792 0.434725 -0.056459
-0.444353 -110.053214 58.363775 2917.589806 -0.496276 -0.476044 0.726012 0.856704 -0.403967 0.320732 0.140602 0.781148 0.608308
-2.092342 -109.062050 -242.901319 3467.824310 -0.547404 -0.446447 0.707837 0.828368 -0.409310 0.382456 0.118979 0.795707 0.593880
-5.849237 -112.727330 274.911608 1709.574304 -0.499094 -0.478821 0.722243 0.864630 -0.219752 0.451800 -0.057617 0.849964 0.523680
0.346911 -217.674089 1412.684241 -6641.842600 0.351082 -0.210064 0.912477 0.311911 0.945089 0.097561 -0.882866 0.250359 0.397325
-1.265106 -189.544570 1601.188916 -5578.321537 0.335358 -0.244314 0.909860 0.393621 0.913786 0.100286 -0.855919 0.324509 0.402613
-2.189062 -190.824312 1991.946075 -6387.778412 0.353283 -0.194173 0.915143 0.081841 0.980887 0.176528 -0.931930 0.012532 0.362423
-5.483585 -169.693957 1153.267805 -12416.026155 0.332191 -0.219737 0.917259 0.153488 0.972116 0.177292 -0.930640 0.081893 0.356655
-6.234962 -163.947622 1695.225645 -5516.766708 0.343117 -0.175540 0.922744 -0.084590 0.972615 0.216481 -0.935476 -0.152333 0.318872
-770.041693 -6315.055275 270341.233288 1257804.991600 -0.195485 0.485874 -0.851888 -0.430212 0.738120 0.519708 0.881308 0.468087 0.064737
-1192.464702 -6418.513311 -366795.403148 1115614.250607 0.384099 -0.563959 0.731039 0.905600 0.384373 -0.179292 -0.179878 0.730895 0.658359
-442.378813 -12424.014248 285578.011229 -39360263.519190 0.065741 0.615607 -0.785307 -0.137487 0.785091 0.603928 0.988319 0.068267 0.136251
-848.491494 -6747.147912 305051.401420 22919.934553 -0.282429 0.376560 -0.882290 0.803160 0.595757 -0.002830 0.524565 -0.709419 -0.470697
1.140376 -18.498547 -2232.364481 -1312.572337 0.419094 0.847579 -0.325531 0.875291 -0.472448 -0.103239 -0.241300 -0.241667 -0.939878
-4.665535 -13.989400 -1116.619721 1380.712256 0.562741 0.756786 -0.332562 -0.790892 0.609935 0.049685 -0.240442 -0.235060 -0.941772
-0.531346 -18.221292 -1361.386633 -2019.023725 0.679469 0.653368 -0.333815 0.703115 -0.709847 0.041801 -0.209646 -0.263113 -0.941711
-11.303217 -55.121743 -6173.898174 2799.035726 0.188785 -0.774316 0.603983 0.964915 0.260551 0.032429 -0.182478 0.576670 0.796337
-32.503616 -59.143505 -7890.497136 3049.439355 0.317206 -0.756474 0.571950 0.925029 0.379745 -0.010766 -0.209051 0.532486 0.820218
-22.533087 -52.176652 -7124.305550 2860.575145 0.199242 -0.784517 0.587227 0.974885 0.219532 -0.037484 -0.099508 0.579947 0.808554
-17.704932 -60.080894 -7522.186253 2396.250952 0.205736 -0.769046 0.605178 0.930431 0.345361 0.122568 -0.303265 0.537860 0.786598
-1.349879 -59.351128 -5196.439345 2635.467788 0.161656 -0.783207 0.600378 0.944341 0.299401 0.136304 -0.286508 0.544928 0.788015
2.252899 -53.276798 -3377.400884 2799.619284 0.177098 -0.787281 0.590614 0.970483 0.239508 0.028259 -0.163704 0.568176 0.806460
-29.833402 -35.929264 184.380367 1822.737009 0.252833 0.944870 -0.208078 -0.890036 0.311470 0.332899 -0.379356 -0.101029 -0.919718
-28.862087 -35.468822 1243.366778 391.132780 0.083034 0.993987 -0.071384 -0.933847 0.102617 0.342635 -0.347900 -0.038212 -0.936753
-30.733628 -34.833005 1193.235117 -358.957512 0.439119 0.869846 -0.224817 -0.855543 0.481243 0.190921 -0.274264 -0.108504 -0.955514
-31.071999 -37.360016 -948.658397 1667.287181 0.405196 0.862110 -0.304274 -0.852333 0.476606 0.215350 -0.330674 -0.172083 -0.927924
-30.315865 -37.463701 -1729.601935 2166.792003 0.372120 0.864926 -0.336793 -0.835956 0.469990 0.283349 -0.403365 -0.176104 -0.897933
-15.916821 -30.029929 94.660069 520.303399 0.343342 0.884122 -0.316929 -0.627230 0.467008 0.623287 -0.699070 0.015213 -0.714891
-17.043417 -31.104098 595.351014 656.765810 0.411326 0.802267 -0.432641 -0.579938 0.596534 0.554815 -0.703195 -0.022695 -0.710635
-14.528115 -28.930333 478.090666 943.764328 0.353219 0.869949 -0.344128 -0.578244 0.492175 0.650690 -0.735439 0.030846 -0.676889
-3.198014 -242.216622 -516.770978 39725.412756 0.618989 -0.643719 -0.449977 -0.429574 0.202153 -0.880114 -0.657510 -0.738079 0.151394
-0.760828 -233.315436 -1032.829474 36020.230425 0.609360 -0.652028 -0.451154 -0.405536 0.232648 -0.883977 -0.681338 -0.721619 0.122654
-3.803301 -179.428914 2060.744222 -8968.517603 -0.584743 0.642994 0.494605 0.276638 -0.415104 0.866695 -0.762592 -0.643620 -0.064853
-5.874101 -161.053221 -1642.592110 -11092.307566 -0.630616 0.611205 0.478280 0.294680 -0.381543 0.876121 -0.717975 -0.693435 -0.060497
8.010513 -132.980606 -1986.759981 -13875.967502 -0.581882 0.687294 0.434787 0.408041 -0.215733 0.887109 -0.703503 -0.693604 0.154913
13.160737 -105.543162 -2432.104746 -5283.731983 -0.541634 0.667779 0.510591 0.271798 -0.435656 0.858097 -0.795461 -0.603552 -0.054465
14.358391 -97.492708 -3279.267797 -119.533042 -0.539123 0.675035 0.503660 0.415179 -0.307296 0.856269 -0.732784 -0.670743 0.114590
-54.229464 -81.905270 367.891373 7299.632956 -0.275612 0.960633 -0.034965 0.917748 0.252139 -0.306863 0.285967 0.116665 0.951111
-38.310319 -84.821970 -3688.461509 8712.445991 -0.336431 0.937834 0.085330 0.889510 0.346224 -0.298161 0.309169 0.024408 0.950694
-28.262933 -80.090033 -8064.753658 16257.454059 -0.241782 0.957159 0.159338 0.822070 0.289297 -0.490417 0.515503 -0.012413 0.856798
42.126499 -69.497452 2637.337576 1275.482392 0.177189 0.983912 0.022847 -0.300033 0.076112 -0.950888 0.937328 -0.161632 -0.308692
57.356107 -92.683895 1920.425357 -13134.566196 0.139991 0.989980 -0.018485 -0.524183 0.058260 -0.849611 0.840021 -0.128628 -0.527086
53.079556 -73.664659 2083.914320 -9338.541921 0.192310 0.980394 -0.042957 -0.393239 0.036882 -0.918696 0.899099 -0.193567 -0.392622
-34.586868 -68.103854 -613.198807 -1229.967262 0.338447 0.927819 -0.156860 -0.502879 0.037445 -0.863546 0.795341 -0.371146 -0.479254
-40.374287 -63.331910 -1477.470651 -3152.790515 0.242481 0.969289 -0.041011 -0.373857 0.054351 -0.925892 0.895228 -0.239843 -0.375555
-8.638982 -41.848475 -6135.852909 -316.740507 0.314541 0.875705 -0.366340 -0.499901 -0.175261 -0.848164 0.806946 -0.449917 -0.382639
5.004540 -41.929284 -10093.025830 1057.602427 0.395716 0.879353 -0.264852 -0.415800 -0.085589 -0.905420 0.818852 -0.468415 -0.331766
7.740179 -41.895976 -10885.897662 -516.350922 0.383835 0.870010 -0.309439 -0.500015 -0.085901 -0.861746 0.776309 -0.485493 -0.402047
19.309381 -44.081596 -9224.698949 81.358051 0.370432 0.893958 -0.252227 -0.463607 -0.057363 -0.884182 0.804890 -0.444464 -0.393196
3.994887 -89.169703 450.482203 -4582.509337 0.953285 -0.302014 -0.005867 0.148383 0.451265 0.879967 0.263115 0.839730 -0.474999
9.548906 -93.347323 465.768125 -1783.352272 0.912996 -0.382785 -0.141116 0.265188 0.293980 0.918287 0.310022 0.875815 -0.369912
83.280345 -30.596424 -21497.845410 -5809.125257 -0.284089 0.765567 -0.577235 0.754402 -0.193090 -0.627371 -0.591753 -0.613696 -0.522691
74.814907 -37.722546 -14485.943757 -5651.456803 -0.198443 0.812209 -0.548577 0.814271 -0.174902 -0.553509 -0.545512 -0.556530 -0.626650
92.461996 -33.612010 256.766529 4467.429867 -0.055014 0.912175 -0.406092 -0.767177 0.221694 0.601906 -0.639072 -0.344658 -0.687603
1.158352 -46.547392 3957.245927 3418.391417 0.189082 0.979322 0.071945 0.006747 -0.074560 0.997194 -0.981938 0.188066 0.020705
4.291740 -52.663646 5006.501785 3915.712402 0.201115 0.978688 0.041512 -0.102557 -0.021107 0.994503 -0.974184 0.204266 -0.096127
-8.388823 -51.002984 908.072742 3363.061150 0.163244 0.982417 0.090597 -0.044575 -0.084391 0.995435 -0.985578 0.166537 -0.030015
38.541258 -47.516401 16501.997487 3246.626149 0.227287 0.973398 -0.028943 -0.043946 0.039943 0.998235 -0.972836 0.225614 -0.051856
-7.998789 -43.588409 794.420009 2372.135837 0.158924 0.980148 0.118542 0.079647 -0.132405 0.987991 -0.984073 0.147574 0.099108
-2.458456 -42.029045 2589.526779 1566.534129 0.180061 0.976468 0.118691 0.103052 -0.138726 0.984955 -0.978242 0.165121 0.125606
20.184106 -41.670633 10463.099638 1949.867098 0.199657 0.979866 0.000645 0.051366 -0.011124 0.998618 -0.978519 0.199348 0.052552
-3.559908 -63.540337 -255.734398 1853.542850 0.226016 0.967465 -0.113705 -0.887891 0.252616 0.384492 -0.400706 -0.014056 -0.916099
-1.692497 -64.076628 -846.423544 233.009462 0.221912 0.967448 -0.121651 -0.845846 0.253065 0.469577 -0.485077 0.001307 -0.874470
-2.104501 -64.131630 -72.799836 -849.155898 0.205307 0.973435 -0.101360 -0.832957 0.228170 0.504105 -0.513840 0.019067 -0.857674
0.861762 -66.168203 -719.558864 -2242.236131 0.213982 0.969998 -0.115396 -0.770599 0.240221 0.590314 -0.600324 0.037393 -0.798882
-4.106924 -63.504981 291.229382 577.994917 0.203142 0.974864 -0.091508 -0.887378 0.222799 0.403635 -0.413877 0.000793 -0.910332
-1.521374 -63.705179 99.711093 -1306.233742 0.171308 0.981957 -0.080091 -0.829590 0.187621 0.525908 -0.531446 0.023650 -0.846762
0.701850 -65.581728 181.101241 -2031.637240 0.182602 0.979904 -0.080283 -0.752038 0.191804 0.630595 -0.633321 0.054772 -0.771948
9.005797 -118.878031 -720.775042 12000.342200 0.082719 0.988489 0.126674 0.395337 -0.149229 0.906333 -0.914804 0.024892 0.403130
13.416643 -121.544018 -1409.245197 6223.830606 0.094075 0.986911 0.130985 0.279107 -0.152437 0.948084 -0.955641 0.052632 0.289794
12.634746 -111.270429 -1879.663175 14080.739826 0.100238 0.983818 0.148504 0.481840 -0.178586 0.857868 -0.870507 0.014436 0.491945
7.744605 -101.493552 -1783.123691 15994.968410 0.091005 0.982020 0.165394 0.585062 -0.187121 0.789106 -0.805866 -0.024953 0.591572
5.649046 -103.966979 -1711.421111 15401.394945 0.067538 0.987746 0.140701 0.519457 -0.155214 0.840282 -0.851824 -0.016337 0.523574
3.081869 -116.238607 -2065.929837 8669.427876 0.065086 0.989922 0.125767 0.336333 -0.140422 0.931215 -0.939491 0.018310 0.342083
9.068913 -153.576406 -781.241459 -11189.175512 0.284064 0.958706 -0.013795 0.954631 -0.284139 -0.089129 0.089368 -0.012149 0.995925
8.885138 -167.210602 277.609564 -5422.063537 0.330848 0.943114 -0.032799 0.856328 -0.314645 -0.409512 0.396537 -0.107400 0.911715
-18.976871 -50.555007 -4640.001540 -4540.855877 0.890090 -0.448979 0.078469 -0.432544 -0.777819 0.455964 0.143683 0.439790 0.886533
-31.302960 -65.901129 -5890.045414 -6775.171500 0.938036 -0.346182 -0.015691 -0.314810 -0.870206 0.378993 0.144854 0.350570 0.925266
-19.736218 -71.362281 -6527.654150 -6314.277329 0.971434 -0.237257 0.004956 -0.231375 -0.942294 0.241966 0.052738 0.236201 0.970272
3.597877 -127.574450 306.942652 156.113882 0.707825 -0.504543 0.494389 -0.615993 -0.098317 0.781592 0.345740 0.857770 0.380386
-0.214336 -126.753726 1278.319380 2104.527034 0.714537 -0.519354 0.468730 -0.616140 -0.149811 0.773258 0.331374 0.841325 0.427041
7.345348 -125.390278 759.202963 373.055870 0.703791 -0.510567 0.493963 -0.642165 -0.159860 0.749713 0.303813 0.844847 0.440376
6.418111 -123.737747 701.371686 1564.094859 0.711896 -0.507076 0.485879 -0.688556 -0.367835 0.624971 0.138184 0.779469 0.611010
143.649498 -112.956420 -45068.519258 7216.397564 0.885421 -0.193001 0.422823 0.196421 0.979861 0.035947 -0.421246 0.051223 0.905499
93.564476 -89.173483 -5800.781915 -8803.810939 0.994745 -0.102313 0.003681 -0.101477 -0.980572 0.167875 0.013566 0.167366 0.985801
152.779347 -94.184295 -23796.268636 6869.314354 0.996770 -0.028143 0.075218 0.026421 0.999368 0.023793 -0.075840 -0.021729 0.996883
-12.720972 -82.935912 -393.630136 -483.276295 0.232245 0.963041 -0.136435 -0.884453 0.267464 0.382368 -0.404728 -0.031867 -0.913882
-9.692856 -82.870704 -2331.423614 407.172822 0.201798 0.965191 -0.166384 -0.905996 0.248493 0.342669 -0.372086 -0.081593 -0.924605
-8.818435 -85.709028 -1743.507087 2788.373354 0.222748 0.960289 -0.168014 -0.947713 0.253701 0.193585 -0.228522 -0.116109 -0.966590
-5.914200 -236.465825 820.175378 -19796.211754 0.818144 -0.021353 0.574617 0.403416 -0.690788 -0.600056 -0.409751 -0.722742 0.556550
-5.194404 -238.681960 13.275613 -20096.105419 0.817940 -0.021618 0.574898 0.417856 -0.664546 -0.619496 -0.395438 -0.746935 0.534525
-3.850068 -207.990131 323.754394 -24781.557318 0.820439 -0.027104 0.571091 0.281741 -0.850007 -0.445096 -0.497496 -0.526074 0.689742
-3.414471 -217.252111 576.693316 30210.111617 0.818370 -0.021359 0.574295 -0.216406 0.914299 0.342382 -0.532390 -0.404476 0.743613
-15.728041 -59.401478 -416.321145 -5573.347338 0.843723 -0.458493 -0.279132 0.530746 0.634836 0.561509 0.080245 0.621906 -0.778969
5.986403 -324.917185 -546.335320 2462.274453 0.708624 -0.128523 0.693782 -0.697782 0.018189 0.716079 0.104652 0.991540 0.076791
5.568115 -310.802315 1106.879891 -8119.801661 0.713158 -0.139420 0.686999 -0.697595 -0.044629 0.715101 0.069039 0.989227 0.129087
5.187875 -286.289948 -2081.374468 -32014.926895 0.714834 -0.119381 0.689029 -0.638591 0.290102 0.712771 0.284980 0.949520 -0.131139
-7.462333 -377.645868 -1518.195375 56856.900854 0.590777 -0.138354 0.794884 0.691431 -0.420923 -0.587151 0.415820 0.896483 -0.153009
-11.078241 -233.691329 1680.352767 -26918.660058 0.591378 -0.194178 0.782666 -0.515752 0.655030 0.552211 0.619897 0.730227 -0.287223
-4.405100 -284.308783 3076.208492 46701.980265 0.506930 -0.166992 0.845657 0.740986 -0.416823 -0.526496 0.440410 0.893517 -0.087561
23.075222 -43.691301 926.155076 -870.805677 0.187073 0.981886 -0.030046 -0.937357 0.169272 -0.304483 0.293881 -0.085124 -0.952044
25.542557 -45.566999 2454.499608 -4.059655 0.177756 0.983838 0.021567 -0.905036 0.172045 -0.388987 0.386411 -0.049626 -0.920991
19.699120 -44.919270 1040.592563 -826.470715 0.134146 0.990515 -0.029758 -0.972262 0.125749 -0.197217 0.191604 -0.055389 -0.979908
-8.841920 -49.030872 174.825008 -1100.757835 0.155089 0.934256 -0.321112 -0.840882 -0.045767 -0.539280 0.518522 -0.353653 -0.778501
-9.379416 -46.496615 -1231.182275 -1075.308094 0.208504 0.940108 -0.269673 -0.819884 0.017686 -0.572256 0.533213 -0.340418 -0.774467
-5.710020 -46.586284 271.660166 -570.687788 0.203750 0.936644 -0.284928 -0.778641 -0.021387 -0.627105 0.593468 -0.349629 -0.724952
-10.912359 -49.703483 -249.600255 -1995.502457 0.136820 0.936070 -0.324120 -0.881055 -0.034567 -0.471749 0.452793 -0.350113 -0.820000
-8.709761 -49.567649 1772.195937 -626.718743 0.139417 0.929803 -0.340630 -0.826475 -0.080215 -0.557229 0.545437 -0.359210 -0.757276
-11.230298 -51.449424 642.219035 -1045.250497 0.111367 0.925092 -0.363045 -0.881632 -0.076616 -0.465678 0.458610 -0.371933 -0.807058
-19.813684 -48.521179 501.127659 992.480775 -0.520769 0.782077 -0.342280 0.851764 0.502970 -0.146696 0.057429 -0.367937 -0.928076
-21.401991 -48.634296 1231.308278 954.229020 -0.481788 0.792392 -0.374160 0.865304 0.497594 -0.060410 0.138312 -0.352867 -0.925394
-21.853049 -51.159896 757.453316 872.481979 -0.552153 0.746037 -0.372231 0.832707 0.515701 -0.201621 0.041543 -0.421285 -0.905976
-18.702121 -45.893127 845.247880 1563.957626 -0.457167 0.828963 -0.322209 0.880060 0.473957 -0.029304 0.128422 -0.296960 -0.946215
-13.783529 -32.363571 201.456319 -1251.295116 0.273434 0.885531 0.375592 0.930805 -0.342058 0.128836 0.242563 0.314375 -0.917786
5.588529 -282.115087 -273.314105 -8408.677377 -0.270926 -0.940626 0.204503 0.950623 -0.294857 -0.096828 0.151378 0.168172 0.974065
16.891484 -162.559329 3394.808861 -31361.417866 -0.175562 0.624512 -0.761027 -0.510022 0.603509 0.612907 -0.842054 -0.495744 -0.212562
7.594343 -221.226119 -2085.352444 -36896.530158 0.159507 -0.667823 0.727028 -0.272917 0.677924 0.682594 -0.948722 -0.307297 -0.074127
5.879248 -34.655703 6511.100554 -3044.085699 -0.131720 0.984881 -0.112512 0.910314 0.075250 -0.407021 0.392400 0.156034 0.906463
-7.195821 -40.154394 1647.849888 -4395.206798 0.073594 0.984221 -0.160913 0.910965 -0.132008 -0.390790 0.405866 0.117826 0.906306
0.555999 -59.882134 768.738870 1664.458487 0.369036 0.927736 -0.055843 -0.871727 0.324666 -0.366994 0.322344 -0.184114 -0.928545
-0.229266 -58.788369 443.395136 -74.201931 0.344537 0.936573 -0.064223 -0.914450 0.319353 -0.248586 0.212309 -0.144376 -0.966478
2.079658 -57.832045 755.034079 1359.093751 0.375976 0.925175 -0.051889 -0.882485 0.340425 -0.324549 0.282600 -0.167813 -0.944445
-18.565433 -64.888047 -3243.370229 -11548.452022 -0.159171 0.983632 0.084457 0.539286 0.014972 0.841990 -0.826944 -0.179567 0.532842
-11.495786 -123.593755 5846.275876 -34635.615505 -0.063259 0.976560 0.205740 0.629562 -0.120911 0.767484 -0.774371 -0.178077 0.607156
-9.856666 -74.686085 -12693.740152 -4315.996341 0.088979 0.876408 -0.473278 0.981555 -0.157877 -0.107815 -0.169209 -0.454955 -0.874290
-30.495026 -65.097103 -6377.610301 -3471.540446 -0.026451 0.934121 -0.355976 0.970813 -0.060910 -0.231973 -0.238373 -0.351722 -0.905246
-29.749762 -71.301842 -7959.938501 -1607.254446 0.072834 0.913832 -0.399508 0.993113 -0.103311 -0.055258 -0.091770 -0.392732 -0.915063
-40.540318 -67.285165 -514.717971 -537.038093 -0.030422 0.964676 -0.261678 0.994250 0.002314 -0.107060 -0.102673 -0.263430 -0.959199
-18.422668 -77.624737 -10527.029064 -343.856923 0.189367 0.874235 -0.447050 0.978974 -0.132941 0.154713 0.075824 -0.466948 -0.881028
-35.082377 -71.445256 -4434.645025 -610.581056 0.121093 0.933350 -0.337927 0.992263 -0.104424 0.067150 0.027387 -0.343444 -0.938774
32.727275 -66.330381 2455.994917 8945.081659 0.805715 0.151778 -0.572527 0.583843 -0.366306 0.724532 0.099752 0.918032 0.383753
23.711145 -72.058059 1854.751496 8226.377198 0.767896 0.116162 -0.629955 0.624807 -0.352675 0.696589 0.141252 0.928508 0.343396
17.543248 -58.666024 5534.192521 6533.964632 0.810438 0.023107 -0.585368 0.516243 -0.500497 0.694979 0.276916 0.865430 0.417551
