11114
22217
-41.497750 -70.110706 -2376.403927 10407.978693 0.068773 0.997618 -0.005254 0.991349 -0.068929 -0.111698 0.111795 -0.002474 0.993728
-50.588516 -72.497705 -428.865487 7082.347388 -0.215255 -0.971289 0.101302 0.976234 -0.216696 -0.003304 0.025161 0.098184 0.994850
-42.520889 -79.568727 -2066.926764 3949.589665 0.045829 0.998762 -0.019333 0.992816 -0.043398 0.111505 -0.110528 0.024304 0.993576
-41.532633 -61.000691 36.357346 6505.837898 0.567846 0.809388 -0.149808 0.806021 -0.583672 -0.098269 0.166976 0.064947 0.983820
-27.107663 -80.790352 -5641.251034 12760.163702 0.039221 0.995566 0.085502 0.994655 -0.030718 -0.098581 0.095517 -0.088912 0.991449
-33.104391 -57.507669 -3690.742124 10030.846115 0.160777 0.986071 0.042599 0.960399 -0.146349 -0.237097 0.227560 -0.079032 0.970552
2.301312 -135.361295 -2148.561282 -3504.799827 0.151831 -0.111185 0.982133 0.419694 0.906879 0.037784 -0.894877 0.406458 0.184356
7.573289 -143.468881 -2196.560135 -1578.696596 0.154417 -0.122169 0.980423 0.519631 0.854037 0.024578 -0.840321 0.505663 0.195361
4.298904 -126.843613 -1211.410161 -10907.025620 0.187396 -0.134612 0.973017 0.156362 0.982023 0.105744 -0.969760 0.132327 0.205076
13.078312 -46.254297 -4551.325897 -798.924081 -0.530828 0.846231 0.045980 0.630858 0.430791 -0.645319 0.565897 0.313547 0.762528
18.312077 -48.873579 -5668.835798 -2450.372376 -0.508527 0.861005 0.008457 0.599543 0.361117 -0.714243 0.618020 0.358142 0.699847
17.404997 -47.706933 350.354152 -2021.458429 -0.535433 0.844098 0.028458 0.577002 0.390198 -0.717505 0.616749 0.367756 0.695971
13.755174 -45.080350 6262.385727 -75.689790 -0.572557 0.818568 0.046095 0.597953 0.455388 -0.659601 0.560920 0.350097 0.750201
662.657659 -40.088863 -208676.356216 1817.363961 -0.279469 0.796751 -0.535803 0.209613 0.595205 0.775753 -0.936995 -0.104488 0.333351
517.816284 -40.675978 231160.046844 1677.418651 0.322481 0.691677 -0.646212 0.290033 0.577647 0.763024 -0.901048 0.433483 0.014329
601.273413 -34.627277 -204196.391771 4362.870757 -0.273644 0.843405 -0.462372 0.409416 0.537133 0.737473 -0.870343 -0.012503 0.492287
28.531176 -109.065991 -3648.786149 4405.638042 0.256088 0.936276 -0.240431 -0.848613 0.336857 0.407901 -0.462899 -0.099574 -0.880800
33.720158 -109.439988 -10259.039369 6175.386994 0.137146 0.963018 -0.231921 -0.863310 0.231005 0.448700 -0.485681 -0.138682 -0.863065
15.870682 -101.534577 -2298.571426 6027.416216 0.239253 0.944722 -0.224182 -0.733418 0.327143 0.595882 -0.636283 -0.021853 -0.771146
8.547339 -96.371999 2498.200818 6632.953478 0.325346 0.904487 -0.275777 -0.702199 0.426423 0.570158 -0.633298 -0.008151 -0.773865
-7.186822 -83.513315 -1096.236992 5611.498688 0.123917 0.972613 0.196645 0.992239 -0.119399 -0.034710 -0.010281 0.199420 -0.979860
-10.078541 -80.282800 -497.778827 3374.950149 0.134661 0.959256 0.248382 0.990618 -0.124436 -0.056493 -0.023284 0.253659 -0.967013
-6.911225 -80.301119 -1169.905923 303.650874 0.153933 0.968661 0.194938 0.980450 -0.174215 0.091471 0.122566 0.177047 -0.976541
-3.104841 -83.471645 -1086.496742 1887.202502 0.148625 0.971711 0.183544 0.980274 -0.169223 0.102114 0.130285 0.164746 -0.977694
-16.966689 -31.861401 200.619624 -3454.997762 0.895273 -0.341707 -0.285871 -0.432249 -0.821647 -0.371561 0.107920 -0.456216 0.883300
-17.786036 -41.087235 1042.556707 -4225.549014 0.971748 -0.177122 -0.155993 -0.226420 -0.886176 -0.404260 0.066634 -0.428159 0.901243
-16.631690 -40.287597 790.676433 -1216.133736 0.927250 -0.300686 -0.223148 -0.371264 -0.815763 -0.443501 0.048681 -0.494084 0.868050
-10.854376 -33.981595 2471.738260 -1123.570997 0.725682 -0.542575 -0.423082 -0.686152 -0.616117 -0.386777 0.050812 -0.570975 0.819394
-49.254322 -70.990288 1446.668320 -952.112021 0.896704 0.148176 0.417092 0.281823 -0.917747 -0.279851 -0.341318 -0.368490 0.864706
-43.514753 -68.131023 3379.853374 731.812632 0.788312 0.461938 0.406421 -0.500768 0.865493 -0.012407 -0.357485 -0.193742 0.913602
-49.574335 -73.954368 3470.368210 819.466460 0.813975 0.326131 0.480712 -0.382944 0.923512 0.021886 -0.436806 -0.201900 0.876605
53.208714 -43.360813 5898.459921 880.271969 -0.312283 0.909777 0.273468 0.154683 0.332718 -0.930254 0.937311 0.248202 0.244629
50.501032 -40.468956 5330.222737 -254.477464 -0.293164 0.919831 0.260703 0.090655 0.298201 -0.950188 0.951754 0.254927 0.170809
61.116321 -40.394421 3535.337707 739.405931 -0.179335 0.917423 0.355211 0.159441 0.383395 -0.909718 0.970782 0.106509 0.215031
67.509292 -45.532267 5578.123364 2213.474401 -0.217348 0.914339 0.341679 0.229111 0.388057 -0.892704 0.948825 0.115745 0.293828
66.589337 -44.011374 1201.802954 1686.003083 -0.072520 0.908959 0.410529 0.236879 0.415532 -0.878192 0.968829 -0.033559 0.245448
55.580961 -39.170662 -4713.800785 1141.245893 0.036277 0.906789 0.420022 0.165775 0.409015 -0.897344 0.985496 -0.102182 0.135486
-2.852413 -374.611456 2656.033083 71637.574261 -0.329355 -0.138562 -0.933984 0.901853 0.246769 -0.354634 0.279617 -0.959117 0.043688
-1.080851 -272.016296 2168.505310 18401.578045 -0.340100 -0.119368 -0.932782 0.935907 -0.139698 -0.323362 -0.091709 -0.982973 0.159229
-5.115120 -284.364871 -2999.240096 11632.009722 -0.365323 -0.196315 -0.909945 0.915362 -0.253506 -0.312806 -0.169268 -0.947204 0.272311
-0.676504 -284.791239 992.404785 -34387.114059 -0.354062 -0.142078 -0.924367 0.771063 -0.603684 -0.202554 -0.529247 -0.784461 0.323293
-7.798060 -308.143621 -2418.710048 54861.816323 -0.367123 -0.145528 -0.918718 0.906653 0.164712 -0.388393 0.207846 -0.975547 0.071474
-6.112757 -241.289845 -2046.412280 20515.876624 -0.360614 -0.135841 -0.922770 0.925930 -0.171256 -0.336638 -0.112301 -0.975817 0.187537
-6.274915 -267.671367 -2220.057054 -16690.843432 -0.371314 -0.130909 -0.919233 0.814222 -0.521752 -0.254592 -0.446283 -0.842993 0.300322
-7.375460 -191.129156 -934.232240 -16726.162818 -0.304521 -0.029688 -0.952043 -0.297410 0.952505 0.065427 0.904884 0.303071 -0.298887
-6.830985 -145.516593 -354.207428 -3552.652863 -0.289488 -0.044499 -0.956147 0.010612 0.998708 -0.049692 0.957123 -0.024532 -0.288642
-5.945654 -173.852947 -71.058195 -9999.045081 -0.306266 -0.057475 -0.950209 -0.194484 0.980900 0.003353 0.931867 0.185828 -0.311595
-5.298824 -389.222887 -775.041762 -74226.007417 -0.295828 -0.061059 -0.953288 -0.487839 0.867659 0.095814 0.821279 0.493395 -0.286464
-1.467933 -506.881674 -7171.257011 -121137.172843 -0.302167 -0.048412 -0.952025 -0.410168 0.908133 0.084005 0.860498 0.415873 -0.294265
-1.307429 -130.859975 304.366543 5983.628612 -0.297643 -0.067272 -0.952304 -0.011537 0.997695 -0.066872 0.954608 -0.008918 -0.297733
-2.834288 -147.279391 1340.953518 -6004.607781 -0.312930 -0.079329 -0.946457 -0.240737 0.970589 -0.001755 0.918760 0.227298 -0.322824
-87.345889 -4567.235170 -77666.763714 -16922039.317652 0.328031 0.032545 0.944106 -0.478457 0.867463 0.136338 -0.814540 -0.496437 0.300126
53.001477 -2864.122806 18887.209257 -2816155.711860 0.128223 -0.232452 0.964119 0.968694 0.237734 -0.071513 -0.212581 0.943106 0.255658
-269.964808 -3469.813875 -72789.009420 -1548285.340294 0.079295 -0.025847 0.996516 -0.637867 0.766900 0.070648 -0.766054 -0.641246 0.044324
-23.298578 -88.239529 4836.221719 -9153.856825 0.319700 -0.133349 0.938088 0.674402 0.727460 -0.126427 -0.665563 0.673067 0.322500
-16.761331 -90.901595 4766.095587 -7473.338456 0.334162 -0.180515 0.925068 0.716627 0.686170 -0.124969 -0.612195 0.704688 0.358654
-24.469280 -105.600275 5610.216722 -7884.986646 0.276659 -0.190409 0.941915 0.844849 0.515265 -0.143987 -0.457919 0.835611 0.303420
11.122155 -37.552540 3852.723527 1077.549168 -0.348206 0.118181 -0.929939 -0.130218 0.976305 0.172832 0.928330 0.181276 -0.324566
13.212237 -36.650191 -976.903724 11.911794 -0.206187 0.053529 -0.977047 -0.143286 0.986088 0.084263 0.967965 0.157371 -0.195649
7.055668 -33.650966 2995.515789 1223.549451 -0.323894 0.108548 -0.939846 -0.226495 0.955613 0.188425 0.918582 0.273900 -0.284932
1.239787 -22.126941 18664.883811 -6363.452514 0.816064 -0.106875 0.567994 0.412192 -0.581268 -0.701588 -0.405139 -0.806663 0.430299
-17.161276 -24.962333 1550.006450 17843.961041 0.215359 -0.518448 -0.827546 0.894770 -0.234686 0.379882 -0.391162 -0.822274 0.413350
-24.159861 -41.405375 -4312.810264 13728.398963 0.447616 -0.571026 -0.688164 0.791689 -0.104754 0.601876 -0.415775 -0.814221 0.405186
-25.944524 -32.399987 -3007.653863 -10524.172037 0.781010 -0.546132 -0.302925 -0.464216 -0.183202 -0.866568 -0.417764 -0.817421 0.396606
-30.608704 -56.115619 -7614.035560 14193.014875 0.496718 -0.568208 -0.656057 0.741538 -0.114946 0.660991 -0.450992 -0.814817 0.364252
-25.619831 -59.717996 -1699.987135 10258.634848 0.435567 -0.572645 -0.694521 0.750324 -0.195273 0.631571 -0.497287 -0.796207 0.344615
5061.186682 -2121.757062 1517878.473744 -891605.122850 0.876270 -0.415482 0.243980 -0.479557 -0.801102 0.358134 -0.046655 0.430825 0.901229
73.395796 -8653.525891 -19540.766114 -4739667.257509 0.514312 -0.012682 -0.857509 0.413671 0.879548 0.235101 0.751239 -0.475642 0.457608
-165.860533 -1914.030614 51325.115153 558964.866953 0.432696 0.150295 -0.888924 -0.489773 0.867002 -0.091816 0.756899 0.475099 0.448759
-146.264944 -926.480538 12641.335286 -257071.126388 0.465167 -0.129841 -0.875649 0.719973 0.631010 0.288902 0.515032 -0.764832 0.387007
-146.045708 -765.924852 -60097.169919 -207299.707037 0.972470 0.079897 -0.218903 0.138634 -0.953423 0.267890 0.187303 0.290863 0.938252
-175.103780 -6349.346758 -11605.705328 -1551359.345922 -0.466495 -0.203483 0.860800 0.779493 -0.554534 0.291347 0.418059 0.806900 0.417301
-172.236208 -4767.752757 2038.087591 1688229.153307 0.528926 -0.235363 -0.815378 0.035308 0.966045 -0.255950 0.847933 0.106589 0.519276
-267.127290 -803.921309 -53617.801179 221242.713517 0.428620 0.188848 -0.883528 0.896572 -0.209648 0.390137 -0.111554 -0.959366 -0.259175
-246.563079 -491.253782 -23369.195926 -75744.521963 0.032257 0.516097 -0.855922 0.905449 -0.377717 -0.193629 -0.423227 -0.768748 -0.479484
-255.652302 -606.065505 -14991.444446 115961.947466 0.297971 0.559613 -0.773335 0.953678 -0.139402 0.266583 0.041379 -0.816946 -0.575228
-291.819438 -584.164965 -48336.866579 38570.469352 0.308567 0.223200 -0.924645 0.942524 0.059268 0.328841 0.128199 -0.972969 -0.192083
-46.081220 -57.723602 319.032985 -8829.425328 -0.243753 0.954761 -0.170338 -0.600390 -0.010619 0.799637 -0.761654 -0.297183 -0.575818
-50.649694 -70.389481 3435.752926 -11135.189111 0.014666 0.820591 -0.571327 -0.519480 0.494475 0.696875 -0.854357 -0.286573 -0.433533
-40.227587 -71.580091 3753.742188 -5256.422201 0.045292 0.923635 -0.380589 -0.443799 0.359924 0.820669 -0.894981 -0.131735 -0.426210
-30.536709 -62.777939 -748.473791 -7077.928877 0.604223 0.763809 -0.226960 -0.726465 0.645076 0.236907 -0.327358 -0.021734 -0.944650
-15.097210 -43.351230 6888.131625 -3543.834123 -0.863812 -0.330973 0.379850 -0.366732 0.930026 -0.023626 -0.345451 -0.159712 -0.924746
-29.981870 -86.232102 -2543.234422 -17848.934685 0.454645 0.841573 -0.291639 -0.857002 0.502522 0.114104 -0.242581 -0.198058 -0.949699
-60.538417 -336.007769 8782.344907 -127398.322773 0.230843 0.966525 0.111984 -0.961147 0.244421 -0.128280 0.151357 0.078020 -0.985395
-33.826800 -70.075570 3313.616949 -9234.262931 0.488928 0.871258 -0.043111 -0.796625 0.466091 0.384899 -0.355440 0.153844 -0.921951
-11.451224 -63.142341 6990.129074 -3056.675152 0.479788 -0.348051 0.805397 -0.139555 0.875993 0.461693 -0.866215 -0.333912 0.371719
2.522582 -60.692301 7010.956451 -3126.184005 0.473047 -0.284624 0.833796 -0.077849 0.929175 0.361350 -0.877591 -0.235846 0.417386
-10.432156 -64.764177 7020.556008 -337.092953 0.454299 -0.257057 0.852956 -0.040856 0.950445 0.308197 -0.889912 -0.174862 0.421284
17.123435 -42.895778 5743.092089 237.606286 -0.446776 0.709923 0.544427 0.856152 0.162688 0.490446 0.259607 0.685231 -0.680487
26.259646 -44.240247 4648.919467 1211.925155 -0.437289 0.744706 0.504174 0.848955 0.156847 0.504653 0.296740 0.648700 -0.700809
17.288858 -42.083846 5597.851200 771.405531 -0.466242 0.707832 0.530653 0.813969 0.108286 0.570727 0.346517 0.698031 -0.626641
4.565004 -40.357246 4310.377446 543.017635 -0.473811 0.699144 0.535444 0.810258 0.107943 0.576047 0.344943 0.706785 -0.617632
3.663239 -41.304020 4975.594235 262.073353 -0.446713 0.696912 0.561036 0.857848 0.155575 0.489789 0.254056 0.700078 -0.667342
2.581497 -51.816024 414.525337 479.716957 0.579868 -0.790449 -0.197343 0.813801 0.550526 0.186143 -0.038494 -0.268536 0.962500
0.774605 -51.648386 456.801331 804.082942 0.580834 -0.787174 -0.207339 0.811650 0.540608 0.221285 -0.062101 -0.296817 0.952913
2.465906 -52.028222 349.053152 514.438073 0.579749 -0.790446 -0.197704 0.798982 0.503937 0.328139 -0.159746 -0.348200 0.923709
3.408855 -52.143833 468.712923 387.649180 0.587368 -0.785661 -0.194257 0.800107 0.527591 0.285441 -0.121772 -0.323085 0.938503
2.759101 -52.958171 469.185636 314.587831 0.594215 -0.780736 -0.193287 0.768940 0.480961 0.421198 -0.235881 -0.398908 0.886133
2.266372 -52.543415 226.596940 -38.311466 0.585299 -0.787069 -0.194800 0.754560 0.440803 0.486140 -0.296757 -0.431525 0.851893
-1.445285 -108.151522 4563.518926 -5362.046301 0.860686 -0.490141 -0.137776 -0.251641 -0.174279 -0.952000 -0.442602 -0.854043 0.273339
-0.195288 -96.049497 3518.460456 -14303.203911 0.848877 -0.508854 -0.143091 -0.384657 -0.408992 -0.827505 -0.362556 -0.757491 0.542918
-9.930654 -114.108301 269.804696 -7451.011791 0.816045 -0.562311 -0.133705 -0.282962 -0.186957 -0.940734 -0.503988 -0.805514 0.311678
-12.938048 -125.577115 -637.420438 2736.095971 0.812184 -0.566592 -0.139036 -0.124049 0.065150 -0.990135 -0.570061 -0.821419 0.017372
0.424407 -55.234712 -287.677537 -1240.238740 0.654266 -0.748119 -0.110700 0.721556 0.573679 0.387620 -0.226480 -0.333483 0.915148
1.193736 -54.772310 -352.463091 -479.324151 0.641108 -0.758576 -0.116377 0.729400 0.555119 0.399772 -0.238655 -0.341182 0.909197
0.037212 -56.412396 9.182965 697.948088 0.662405 -0.740328 -0.114602 0.677229 0.526365 0.514102 -0.320282 -0.418156 0.850039
-1.384600 -55.611354 -295.583252 283.453173 0.664875 -0.737947 -0.115651 0.681487 0.535899 0.498386 -0.305805 -0.410178 0.859207
-1.136230 -60.883097 -163.382999 -2889.879000 0.663217 -0.738537 -0.121267 -0.634171 -0.468497 -0.615092 -0.397455 -0.484844 0.779074
-0.111424 -61.680640 396.768371 -2848.777333 0.675344 -0.729442 -0.108740 -0.609650 -0.469194 -0.638893 -0.415015 -0.497766 0.761572
-6.033108 -147.452596 3053.889072 -9029.479128 -0.195301 0.979007 0.058339 -0.874970 -0.200801 0.440575 -0.443041 -0.035000 -0.895818
-8.951882 -144.447949 955.430318 -10241.804487 -0.216541 0.975965 0.024544 -0.855500 -0.201806 0.476858 -0.470350 -0.082262 -0.878638
-6.232042 -154.317232 2576.137602 -10620.534493 -0.197556 0.978317 0.062184 -0.762078 -0.193171 0.617999 -0.616611 -0.074700 -0.783716
-8.235180 -134.051631 993.654529 -7601.659026 -0.215474 0.976091 0.028592 -0.931149 -0.214197 0.295096 -0.294165 -0.036962 -0.955040
-0.202701 -166.201648 2049.526728 -9952.951155 -0.202988 0.978006 0.047957 -0.810933 -0.195358 0.551564 -0.548802 -0.073071 -0.832753
-2.772598 -154.097578 2259.523873 -11112.301366 -0.200138 0.978921 0.040723 -0.945497 -0.203867 0.253915 -0.256865 -0.012315 -0.966369
22.196119 -27.138884 1390.111632 -3559.297980 0.412537 0.906225 -0.092572 -0.676691 0.372898 0.634851 -0.609838 0.199257 -0.767069
18.673561 -39.482446 1029.370026 -5435.105959 0.402544 0.913938 -0.051726 -0.675378 0.334664 0.657165 -0.617919 0.229603 -0.751970
20.718969 -38.430246 896.097291 -7372.290909 0.401166 0.911003 -0.095604 -0.657304 0.358987 0.662631 -0.637979 0.202984 -0.742819
-6.635491 -56.681076 -806.963739 -2687.504333 -0.597820 0.774416 0.207102 0.732167 0.632676 -0.252295 0.326410 -0.000807 0.945228
-6.713383 -55.769864 -175.695779 -2949.211906 -0.623814 0.759840 0.183028 0.730808 0.650098 -0.208067 0.277084 -0.003963 0.960838
-5.259090 -50.983000 -745.079629 -1143.661094 -0.593727 0.779496 0.199684 0.776089 0.620276 -0.113770 0.212542 -0.087425 0.973233
-3.046863 -52.153674 -912.766888 -1165.813157 -0.567173 0.795341 0.213885 0.783225 0.601176 -0.158573 0.254703 -0.077582 0.963902
-4.162295 -56.996099 -896.978303 -2367.473928 -0.568502 0.793195 0.218283 0.736212 0.608926 -0.295300 0.367148 0.007176 0.930135
0.558718 -31.797930 1214.337630 1450.482940 -0.321818 0.863996 0.387226 -0.139096 -0.447689 0.883304 -0.936529 -0.230402 -0.264252
-0.742945 -34.044130 1099.928097 1794.104084 -0.305695 0.906024 0.292695 -0.157028 -0.351176 0.923048 -0.939091 -0.236210 -0.249624
4.627410 -28.347660 43.316394 2120.212242 -0.356601 0.805081 0.474004 0.026668 -0.498382 0.866548 -0.933876 -0.321653 -0.156254
5.738334 -25.735033 -8.021726 316.203416 -0.378312 0.747122 0.546525 -0.005666 -0.592262 0.805725 -0.925661 -0.301719 -0.228293
1.956830 -29.727071 2071.777557 191.558966 -0.319496 0.823799 0.468271 -0.148921 -0.531683 0.833748 -0.935812 -0.196644 -0.292552
-7.608207 -186.774549 -1291.700176 -22714.081232 -0.173278 0.976087 -0.131259 -0.605117 -0.000362 0.796136 -0.777051 -0.217380 -0.590710
-16.105256 -290.247481 806.818193 -42099.278962 -0.117839 0.972044 -0.203088 -0.399776 0.140771 0.905739 -0.909006 -0.187921 -0.372012
-8.438663 -218.622642 -1342.517402 -21111.751632 -0.143392 0.977786 -0.152883 -0.685954 0.013158 0.727525 -0.713376 -0.209192 -0.668830
0.242417 -154.119825 -452.105857 1471.054874 -0.167908 0.981756 -0.089229 -0.751765 -0.068968 0.655815 -0.637696 -0.177196 -0.749630
2.967109 -164.905285 -1019.203730 -2195.164795 -0.132523 0.984428 -0.115496 -0.869455 -0.059509 0.490414 -0.475904 -0.165410 -0.863802
7.608579 -418.670363 320.084479 -35397.957504 -0.091213 0.991361 -0.094255 0.882500 0.124322 0.453583 -0.461382 0.041808 0.886216
179.478391 -2632.769009 -14286.003854 -817095.643443 -0.269721 0.941054 -0.204129 0.893286 0.323682 0.311882 -0.359571 0.098224 0.927934
6.183637 -462.215869 -934.585346 -34655.636409 0.146746 -0.987544 0.056761 0.987564 0.142993 -0.065349 0.056418 0.065645 0.996247
6.466941 -657.798766 135.659437 -152846.073916 -0.111520 0.989129 -0.095848 0.942909 0.135778 0.304117 -0.313825 0.056461 0.947800
178.821186 -3873.306162 -25508.009324 -1734262.687628 -0.250199 0.965756 -0.068669 0.917798 0.213994 -0.334445 0.308297 0.146702 0.939910
-355.520539 -4517.701344 -23346939.114038 -6260296.487095 0.783878 -0.536817 -0.312031 0.240974 0.726160 -0.643913 0.572248 0.429557 0.698579
-10765.558894 -23936.550445 -9921735.724728 -38288909.896200 -0.403848 0.331792 0.852538 0.906982 0.266988 0.325731 -0.119543 0.904783 -0.408752
-711.197307 -26111.207573 -96667.944854 -46606002.294641 0.730274 0.669944 -0.133698 -0.112395 0.310864 0.943785 -0.673845 0.674195 -0.302315
-688.514118 -4354.692207 -200321.825280 13197.076362 0.154711 0.948538 -0.276298 0.168613 0.250211 0.953396 -0.973465 0.194088 0.121225
33.900367 -29.876482 9663.766139 -228.811606 -0.259236 0.910546 0.322030 -0.512870 -0.412316 0.752968 -0.818389 -0.030037 -0.573879
40.015200 -32.180147 8547.072074 791.978627 -0.293327 0.903373 0.312851 -0.521126 -0.425442 0.739883 -0.801491 -0.053993 -0.595565
23.180628 -31.079442 9072.188241 1831.904115 -0.220974 0.918006 0.329295 -0.548786 -0.396156 0.736135 -0.806229 0.018045 -0.591329
5.742452 -36.205670 5864.458405 2263.052495 -0.187029 0.943129 0.274824 -0.636641 -0.329428 0.697256 -0.748137 0.044557 -0.662047
4.191480 -32.090333 5506.851000 2050.737909 -0.195058 0.938754 0.284064 -0.567709 -0.344243 0.747799 -0.799786 0.015402 -0.600087
21.327164 -29.717256 10027.988898 681.681877 -0.194806 0.933068 0.302382 -0.521268 -0.359635 0.773914 -0.830862 0.006859 -0.556437
7.470898 -459.130225 2052.274767 64511.024086 -0.555003 0.828708 0.072212 0.212025 0.224869 -0.951041 0.804374 0.512520 0.300510
1894.724407 -22663.309441 -168330.716483 7042735.967536 -0.573605 0.806192 -0.145025 -0.165776 -0.287636 -0.943283 0.802182 0.517030 -0.298637
14.614534 -810.983392 -4503.623788 235174.576516 -0.449442 0.887119 0.104981 -0.009683 0.112674 -0.993585 0.893257 0.447575 0.042050
9.844834 -569.574838 14379.216949 129925.648633 -0.578764 0.814509 -0.040085 -0.160046 -0.161646 -0.973784 0.799636 0.557176 -0.223914
32.457090 -1058.900539 -8546.754642 -311856.393820 -0.431339 0.899350 0.071532 0.698980 0.383262 -0.603769 0.570415 0.210430 0.793943
21.711731 -935.865903 -3773.969316 -282223.691394 -0.504949 0.863099 -0.009312 0.736726 0.425344 -0.525659 0.449735 0.272291 0.850644
-5.973295 -440.143335 5678.766249 22779.677133 -0.543753 0.834807 0.086193 0.297878 0.287993 -0.910126 0.784603 0.469209 0.405268
-54.788831 -79.897546 -774.747127 2595.154104 -0.230787 -0.961651 0.148207 0.962073 -0.202764 0.182491 -0.145442 0.184703 0.971973
-48.602845 -72.339858 593.110571 3954.885613 -0.601060 -0.782783 0.161176 0.798936 -0.583296 0.146514 -0.020675 0.216833 0.975990
-1.403819 -151.827060 -2071.155047 -5373.948316 0.167247 -0.100061 0.980824 0.594720 0.803698 -0.019419 -0.786344 0.586563 0.193925
-2.723500 -143.931194 -1632.982495 330.333082 0.169122 -0.093115 0.981187 0.751178 0.656674 -0.067158 -0.638067 0.748404 0.181004
0.344573 -157.291133 -1550.042693 344.822820 0.171886 -0.104555 0.979553 0.828590 0.553157 -0.086354 -0.532817 0.826490 0.181713
27.378045 -48.073840 -7475.604720 -2546.257824 -0.516023 0.856021 -0.030800 0.624033 0.351059 -0.698098 0.586774 0.379455 0.715340
22.743175 -50.049618 -2860.775148 -1601.780563 -0.539148 0.839523 -0.067231 0.539545 0.282997 -0.792972 0.646692 0.463803 0.605538
23.033037 -46.672029 -9900.573024 -828.029935 -0.516201 0.856244 0.019559 0.654392 0.409038 -0.635971 0.552547 0.315490 0.771465
316.438427 -17.567972 -94944.448867 -464.976998 -0.617265 0.779419 -0.107192 0.441470 0.455909 0.772820 -0.651221 -0.429713 0.625507
166.947074 -7.442448 -30900.687642 2183.587873 -0.598524 0.783244 -0.168222 0.440204 0.496997 0.747806 -0.669320 -0.373528 0.642252
502.212854 -26.603737 -169010.197530 2705.725916 -0.444021 0.856255 -0.263955 0.466351 0.472387 0.747908 -0.765089 -0.208992 0.609066
60.789418 -110.226275 -16000.658119 2918.301063 0.126675 0.950985 -0.282102 -0.955832 0.193061 0.221612 -0.265213 -0.241570 -0.933438
51.296450 -112.578982 -10040.998573 1842.821616 0.055755 0.988453 -0.140899 -0.928146 0.103326 0.357587 -0.368017 -0.110838 -0.923189
-10.488669 -86.732558 -184.861228 7328.654375 0.107948 0.958655 0.263302 0.981551 -0.060732 -0.181296 -0.157810 0.278015 -0.947525
-12.751944 -83.709228 48.606372 4320.245214 0.115168 0.944162 0.308697 0.975392 -0.048670 -0.215038 -0.188007 0.325866 -0.926534
-12.809535 -79.654190 -469.139040 875.381913 0.126824 0.947687 0.292924 0.990665 -0.106135 -0.085543 -0.049978 0.301038 -0.952301
-18.204802 -31.681800 1933.444050 -4032.798651 0.994602 0.026677 -0.100276 -0.011964 -0.930456 -0.366208 0.103072 -0.365431 0.925114
-21.173209 -39.910552 1710.047890 -3879.987374 0.992972 -0.086736 -0.080522 -0.111298 -0.915708 -0.386124 0.040244 -0.392372 0.918926
4.189832 -145.426732 -1233.479632 8447.667905 0.135590 -0.145235 0.980062 0.969196 -0.185839 -0.161626 0.205608 0.971787 0.115564
0.416853 -139.599783 -2850.016923 4511.401551 0.142357 -0.081539 0.986451 0.986959 -0.063966 -0.147718 0.075144 0.994615 0.071369
2.280836 -133.100015 -1299.696131 4938.445481 0.138636 -0.099511 0.985331 0.932484 -0.321978 -0.163718 0.333547 0.941503 0.048154
3.508797 -133.141674 -1668.782888 8683.237223 0.120190 -0.128837 0.984355 0.865151 -0.472710 -0.167506 0.486896 0.871749 0.054648
10.351471 -128.371851 -1507.807748 6196.351373 0.135310 -0.156367 0.978387 0.915325 -0.358299 -0.183852 0.379304 0.920419 0.094645
12.303345 -129.234668 -1960.813264 1535.049236 0.133575 -0.148883 0.979792 0.979235 -0.132302 -0.153603 0.152498 0.979964 0.128119
-14.534058 -25.036572 2334.476637 1577.452269 0.462202 -0.752954 -0.468434 0.877218 0.465566 0.117204 0.129838 -0.465090 0.875690
-13.265957 -25.238241 2837.696326 -2128.642758 0.034550 -0.877801 -0.477778 0.983311 0.115301 -0.140731 0.178622 -0.464942 0.867135
-17.528640 -22.656200 -4738.633086 -1901.203042 -0.661935 -0.721412 -0.203486 0.735183 -0.571940 -0.363854 0.146107 -0.390448 0.908957
0.833683 -31.999186 7567.733714 -1168.228133 0.235311 -0.775825 -0.585427 0.962231 0.270801 0.027892 0.136895 -0.569879 0.810245
-15.066109 -21.699355 3763.329005 23.881898 0.856213 0.510601 0.078651 0.500165 -0.781154 -0.373675 0.129361 -0.359284 0.924219
-9.663178 -30.584215 4407.985505 1219.689105 0.539193 -0.667850 -0.513077 0.836402 0.495898 0.233488 0.098499 -0.555034 0.825975
36.357143 -44.323052 5120.016734 -27.880284 -0.383886 0.906391 0.176315 0.114444 0.236176 -0.964947 0.916261 0.350252 0.194396
30.618593 -44.739435 3609.556937 -1339.089826 -0.389770 0.912936 0.120942 0.050708 0.152405 -0.987016 0.919515 0.378576 0.105696
-1.061740 -285.019094 2459.522754 42284.912224 -0.348954 -0.111675 -0.930462 0.878817 0.305800 -0.366287 0.325441 -0.945524 -0.008568
-3.082673 -269.645964 780.759144 -23962.787083 -0.338655 -0.154316 -0.928170 0.842216 -0.489530 -0.225904 -0.419507 -0.858223 0.295749
-2.309555 -259.129748 1358.562225 13352.053428 -0.336465 -0.136423 -0.931762 0.941549 -0.066210 -0.330305 -0.016631 -0.988436 0.150727
16.697883 -39.318167 -931.324041 -281.291657 -0.208220 0.053461 -0.976620 -0.043499 0.997011 0.063852 0.977114 0.055777 -0.205272
10.180542 -38.426362 -4578.081412 -285.064754 -0.084700 -0.019780 -0.996210 -0.091995 0.995688 -0.011948 0.992151 0.090635 -0.086154
6.196187 -36.653589 -3687.955897 344.517091 -0.098895 -0.026080 -0.994756 -0.194456 0.980890 -0.006384 0.975913 0.192805 -0.102076
85.735538 -19.314260 58397.629944 1615.241986 0.829969 -0.093856 0.549857 0.409612 -0.566577 -0.714989 -0.378642 -0.818646 0.431797
-144.154737 -568.770695 28013.891697 -237844.009564 0.045229 -0.327452 -0.943785 0.883512 -0.427801 0.190769 -0.466220 -0.842473 0.269959
-183.412370 -477.122652 -35799.054828 115410.663591 0.464070 0.001014 -0.885798 0.832573 -0.341914 0.435794 -0.302425 -0.939731 -0.159516
-167.842384 -289.054739 -31791.005037 23712.122137 0.305775 0.024390 -0.951791 0.723995 -0.655179 0.215804 -0.618330 -0.755080 -0.217996
-61.652574 -73.821691 -17666.894358 7711.126006 -0.602030 0.541862 0.586469 -0.023534 0.722127 -0.691360 -0.798126 -0.430021 -0.421990
-42.195416 -56.449079 1591.632696 -1210.097540 0.166776 0.980434 0.104567 -0.918695 0.193025 -0.344587 0.358029 0.038596 -0.932912
-43.216865 -55.045060 1298.219449 -1458.423890 0.293789 0.918208 0.265672 -0.805555 0.387452 -0.448289 0.514558 0.082311 -0.853496
-41.934810 -56.896595 2336.662941 -1221.578889 0.350530 0.919701 0.176856 -0.793652 0.391960 -0.465279 0.497238 -0.022732 -0.867316
-44.944575 -59.731614 1360.032176 -71.055780 0.232058 0.972700 -0.001688 -0.908289 0.216070 -0.358223 0.348079 -0.084662 -0.933634
2.746238 -12.519589 2103.221193 1537.885199 0.533163 0.804880 0.260586 0.203759 -0.421117 0.883823 -0.821109 0.418125 0.388525
4.850625 -9.215426 2587.135234 -66.361035 0.547155 0.720153 0.426615 0.097575 -0.561078 0.821992 -0.831324 0.408130 0.377266
0.397566 -16.225577 339.043414 3543.009432 0.446676 0.894623 -0.011381 0.316851 -0.146279 0.937127 -0.836711 0.422199 0.348802
29.517763 -43.871384 6739.481519 1124.454209 -0.465014 0.732558 0.497112 0.805141 0.116458 0.581538 0.368117 0.670669 -0.643967
0.468142 -50.340289 583.969005 589.225850 0.574020 -0.791699 -0.209078 0.816729 0.571890 0.076781 0.058782 -0.214834 0.974880
-1.450719 -49.970168 580.915473 748.428655 0.584593 -0.783809 -0.209513 0.810889 0.572947 0.119129 0.026665 -0.239534 0.970522
-0.695416 -51.645586 398.678454 697.438691 0.591309 -0.779673 -0.206065 0.800646 0.536981 0.265738 -0.096536 -0.322119 0.941764
10.752366 -94.858006 6355.855655 -8258.416154 0.862342 -0.477018 -0.169766 -0.329718 -0.274596 -0.903262 -0.384255 -0.834896 0.394077
5.157219 -82.523769 2524.128370 -11821.074768 0.838344 -0.532699 -0.115807 -0.427180 -0.509968 -0.746626 -0.338669 -0.675400 0.655087
-2.901630 -79.586469 2613.575738 -16444.206227 0.844882 -0.523922 -0.108080 -0.451312 -0.589609 -0.669835 -0.287216 -0.614709 0.734601
-8.815040 -146.588215 -661.748107 -13163.607454 -0.250151 0.968157 -0.009811 -0.914483 -0.232930 0.330854 -0.318033 -0.091736 -0.943631
-6.127749 -49.949142 -311.812739 -889.588606 -0.618751 0.764995 0.178691 0.767286 0.637307 -0.071507 0.168584 -0.092862 0.981303
-2.481730 -36.227752 1208.685845 1053.645083 -0.292537 0.939158 0.180014 -0.220972 -0.249546 0.942814 -0.930373 -0.236030 -0.280529
-6.324381 -40.095700 50.200444 512.794990 -0.311396 0.939215 0.144593 -0.363720 -0.258371 0.894959 -0.877918 -0.226095 -0.422067
4.581393 -30.898142 2485.011582 1902.656181 -0.282582 0.885489 0.368859 -0.009902 -0.387204 0.921941 -0.959192 -0.256872 -0.118185
-8.134724 -41.484936 89.372283 -591.392096 -0.295303 0.954531 0.040834 -0.439227 -0.173591 0.881445 -0.848455 -0.242358 -0.470518
2.188650 -33.836127 3204.091153 1655.592608 -0.269265 0.929446 0.252243 -0.064182 -0.278652 0.958245 -0.960925 -0.241833 -0.134685
-6.044696 -39.042600 1208.984961 208.571780 -0.286609 0.955908 0.063998 -0.296852 -0.152120 0.942729 -0.910898 -0.251196 -0.327362
-16.651807 -235.635047 -822.447321 -12961.012220 -0.154209 0.970299 -0.186384 0.024718 0.192370 0.981011 -0.987729 -0.146674 0.053649
-14.133070 -334.404441 2364.939454 -44756.187518 -0.064421 0.972954 -0.221833 -0.033543 0.220058 0.974910 -0.997359 -0.070246 -0.018459
-13.299504 -215.643948 -1454.723982 -33670.858961 -0.176651 0.974626 -0.137470 -0.353684 0.067483 0.932927 -0.918532 -0.213424 -0.332789
-8.831776 -38.276351 126.018676 191.244601 -0.310431 0.856309 0.412755 -0.498118 -0.516353 0.696605 -0.809637 -0.010647 -0.586835
-9.025279 -33.460041 -1391.922649 805.317378 -0.365553 0.780927 0.506482 -0.368058 -0.621069 0.691959 -0.854929 -0.066533 -0.514460
-10.122457 -36.179373 -1743.372690 582.564896 -0.325483 0.841751 0.430716 -0.496193 -0.539812 0.679997 -0.804894 -0.007609 -0.593370
9.285178 -526.559756 -960.871152 -57065.931995 -0.043451 0.994145 -0.098933 0.677970 0.102076 0.727968 -0.733804 0.035443 0.678436
1.266679 -396.896271 4218.081031 5251.215585 -0.021305 0.986873 -0.160086 0.734626 0.124062 0.667033 -0.678138 0.103392 0.727626
6.986508 -321.586536 -689.437136 -18092.847957 -0.073819 0.990405 -0.116828 0.845878 0.124233 0.518707 -0.528244 0.060532 0.846932
-22.032201 -1386.627148 -4500.961830 -485000.977198 -0.219126 0.964143 -0.149709 0.958064 0.241656 0.153997 -0.184654 0.109686 0.976664
7.473540 -60.364684 333.685673 -2309.286384 -0.473410 0.860843 -0.186637 -0.345051 -0.376188 -0.859897 0.810446 0.342684 -0.475126
6.355628 -61.697678 372.289918 -1696.282508 -0.487145 0.859286 -0.155938 -0.387614 -0.372746 -0.843099 0.782588 0.350268 -0.514653
7.557228 -65.525713 -266.618820 -1767.250525 -0.458463 0.866981 -0.195336 -0.495108 -0.431695 -0.753995 0.738025 0.248966 -0.627165
15.771525 -451.553718 -3345.946357 110570.374117 -0.456076 0.884504 0.098220 -0.433431 -0.124375 -0.892563 0.777259 0.449648 -0.440096
13.486838 -348.553295 4948.385689 73305.694203 -0.563745 0.825602 0.023927 -0.452062 -0.284178 -0.845507 0.691253 0.487467 -0.533428
-51.940966 -82.116518 -809.242796 -56.461510 0.067342 0.994849 -0.075770 0.955373 -0.042404 0.292342 -0.287623 0.092075 0.953308
-59.959151 -79.035814 1628.893095 -669.926049 0.223110 0.958448 -0.177760 0.916348 -0.144022 0.373583 -0.332459 0.246240 0.910405
-55.940257 -78.824182 396.844186 -203.415898 -0.501349 -0.841662 0.200636 0.828771 -0.400509 0.390808 -0.248572 0.362213 0.898340
34.753259 -44.094056 2883.657088 -1957.348487 0.544381 -0.838674 0.016572 0.838536 0.543549 -0.037574 0.022505 0.034351 0.999156
32.465141 -47.925338 -4719.035536 -2022.917897 -0.552823 0.833109 0.017765 0.821251 0.548318 -0.157780 0.141189 0.072635 0.987314
24.924532 -46.243702 -8613.178801 -1659.684389 -0.544828 0.833260 0.094026 0.830719 0.551624 -0.074947 0.114318 -0.037276 0.992745
37.728254 -46.813842 -3930.363209 -1519.816887 0.561950 -0.813866 0.147765 0.825007 0.538549 -0.171254 0.059799 0.218143 0.974083
24.567621 -43.833250 8861.871555 -1824.413460 0.531591 -0.841779 -0.093913 0.846980 0.529089 0.051873 0.006023 -0.107118 0.994228
34.864036 -41.402336 6269.463784 -1246.701438 0.517261 -0.855225 -0.032121 0.854698 0.514286 0.070723 -0.043965 -0.064036 0.996979
37.836799 -39.477131 723.886588 -1267.614596 -0.515785 0.853346 -0.075938 0.850918 0.520573 0.070293 -0.099515 0.028361 0.994632
35.356435 -41.977556 -4214.119693 -2365.876092 0.547299 -0.820103 0.167020 0.832258 0.554364 -0.005141 -0.088374 0.141817 0.985940
35.106866 -46.086346 -4355.888422 1004.989880 -0.542721 0.837971 -0.057089 0.718323 0.427855 -0.548591 0.435277 0.338740 0.834140
34.405544 -47.611084 -3259.647758 1855.149005 0.577986 -0.803964 0.139907 0.757982 0.465396 -0.457023 0.302319 0.370200 0.878383
37.557594 -46.246071 -6629.417216 1923.874027 0.581915 -0.793302 0.179017 0.718563 0.398466 -0.569993 0.380844 0.460323 0.801910
34.908541 -46.683033 -3076.923585 -703.338352 0.574450 -0.805025 0.148131 0.682184 0.370839 -0.630161 0.452363 0.463049 0.762203
31.973810 -47.072964 -7556.222703 -925.813074 -0.526250 0.849437 -0.038947 0.672154 0.387490 -0.630920 0.520835 0.358200 0.774870
-3.354339 -29.513610 5742.641155 -1935.303983 -0.159339 0.964598 0.210146 0.385301 -0.135221 0.912830 -0.908930 -0.226419 0.350115
-3.489169 -34.697395 5934.194308 -1261.718274 -0.155189 0.962438 0.222775 0.465212 -0.127738 0.875934 -0.871489 -0.239573 0.427915
8.082757 -29.298832 5323.641322 -2192.307750 -0.184792 0.972202 0.143789 0.380863 -0.064032 0.922412 -0.905978 -0.225218 0.358443
7.335413 -25.394831 5322.067270 -1707.782576 -0.183955 0.975487 0.120773 0.297534 -0.061844 0.952706 -0.936821 -0.211189 0.278864
-4.928004 -27.035023 4762.476358 -1813.627420 -0.184409 0.965955 0.181448 0.296904 -0.121240 0.947179 -0.936932 -0.228541 0.264438
10.910537 -106.669303 2530.906715 4493.074600 0.369056 0.878728 -0.302712 -0.800589 0.466005 0.376693 -0.472076 -0.103327 -0.875482
37.411883 -113.951828 -3316.005634 2943.916796 0.290805 0.915562 -0.277812 -0.917409 0.349264 0.190725 -0.271650 -0.199403 -0.941512
8.564579 -92.259492 1836.595037 6826.582224 0.347996 0.879017 -0.325926 -0.689108 0.475553 0.546789 -0.635632 -0.034317 -0.771229
14.014807 -105.796077 -558.278315 5073.296364 0.392421 0.831124 -0.394003 -0.808807 0.515792 0.282471 -0.437992 -0.207824 -0.874627
20.377136 -114.863637 1812.323820 3062.047461 0.376568 0.872752 -0.310645 -0.881686 0.440555 0.168941 -0.284300 -0.210274 -0.935392
-3.274292 -88.068847 -1221.130621 6475.687137 0.107764 0.977888 0.179229 0.994047 -0.103069 -0.035330 -0.016076 0.181969 -0.983173
-7.703081 -91.024612 -1410.968274 6087.680484 0.087278 0.977790 0.190550 0.980191 -0.050154 -0.191601 -0.177789 0.203498 -0.962798
0.253848 -89.704060 -708.716848 2701.989066 0.141864 0.971682 0.188966 0.981682 -0.162628 0.099261 0.127182 0.171423 -0.976954
-3.599404 -97.783815 -1379.953623 6255.958128 0.068396 0.980883 0.182180 0.979637 -0.031479 -0.198294 -0.188768 0.192033 -0.963063
0.389711 -96.178328 -765.164089 8085.059537 0.099556 0.977079 0.188160 0.994770 -0.093395 -0.041354 -0.022833 0.191293 -0.981267
-28.228506 -44.873008 2918.339950 -3095.377333 0.999794 0.013610 0.015065 0.018373 -0.922229 -0.386207 -0.008637 -0.386404 0.922289
-20.003777 -32.609460 2663.999916 -1506.181032 0.945687 0.320713 0.053088 0.320274 -0.891238 -0.321122 0.055674 -0.320684 0.945549
-33.975873 -49.576210 3143.215002 -386.272204 0.945633 0.278997 0.167151 0.318128 -0.900326 -0.296999 -0.067629 -0.334028 0.940134
-36.961287 -57.584623 3969.152672 -1592.075420 0.994545 -0.068910 0.078302 -0.024070 -0.882051 -0.470538 -0.101491 -0.466087 0.878898
-20.318244 -39.896669 4643.425029 3527.460690 0.721726 0.663160 0.198321 0.691970 -0.698295 -0.183197 -0.016998 -0.269450 0.962864
1.264863 -141.966652 -717.511318 1373.374637 0.152511 -0.101725 0.983053 0.980831 -0.106490 -0.163186 0.121286 0.989096 0.083534
-10.396934 -25.206335 -5771.113794 -2685.307567 -0.496492 -0.833067 -0.243917 0.846146 -0.401755 -0.350186 0.193734 -0.380254 0.904364
54.437375 -46.180570 5533.668978 557.030488 -0.331765 0.903996 0.269672 0.243126 0.358141 -0.901457 0.911494 0.233507 0.338603
33.904633 -46.259367 6283.576564 1122.421592 -0.438152 0.886517 0.148694 0.168397 0.243441 -0.955185 0.882986 0.393477 0.255951
-7.472980 -289.369222 3769.196631 49122.005914 -0.332081 -0.099380 -0.938001 0.723599 0.611078 -0.320919 0.605084 -0.785307 -0.131016
-6.600212 -221.071808 -1114.882634 31481.016687 -0.344392 -0.137681 -0.928675 0.775451 0.515889 -0.364053 0.529216 -0.845519 -0.070903
-10.065032 -310.643486 -1974.497787 -52344.083828 -0.277160 -0.028653 -0.960397 -0.574687 0.805994 0.141802 0.770011 0.591229 -0.239856
118.243579 -3648.069157 39418.589322 1199990.143097 0.254475 0.075074 0.964161 0.723271 -0.676591 -0.138213 0.641967 0.732522 -0.226475
-0.294858 -31.210996 1589.550320 -2904.844359 -0.498490 0.547265 -0.672316 -0.197108 0.683680 0.702660 0.844190 0.482788 -0.232937
-8.362370 -34.625680 1562.821743 1858.879156 -0.502672 0.633426 -0.588295 0.194812 -0.580014 -0.790969 0.842240 0.512205 -0.168158
-4.282520 -29.631973 1823.318053 -2449.835103 -0.515519 0.613524 -0.598187 -0.126981 0.635694 0.761426 0.847417 0.468488 -0.249807
14.163889 -40.757548 5114.319513 1421.636672 -0.368595 0.128672 -0.920642 -0.036830 0.987575 0.152772 0.928860 0.090218 -0.359277
360.703066 -32.606206 159526.917824 -4124.836806 0.856083 -0.181305 0.483995 0.309020 -0.571072 -0.760515 -0.414281 -0.800628 0.432858
159.684565 -21.714312 73475.187148 3130.687765 0.875610 -0.136117 0.463443 0.317664 -0.560501 -0.764806 -0.363863 -0.816891 0.447541
256.067016 -32.570542 124146.956703 -9154.803714 0.827809 -0.124468 0.547028 0.381842 -0.589360 -0.711935 -0.411009 -0.798225 0.440351
-116.358642 -2486.639092 2544.165176 -651393.383756 0.516756 -0.258718 -0.816106 0.855168 0.110733 0.506386 -0.040641 -0.959585 0.278469
-109.915258 -955.422338 73.001658 -275287.861372 0.776101 0.043908 -0.629078 0.549497 -0.536513 0.640474 0.309387 0.842749 0.440516
-126.177604 -538.296022 -21182.668792 122359.894582 0.395168 -0.170517 -0.902644 0.851522 -0.300623 0.429578 -0.344606 -0.938376 0.026403
-101.000752 -242.883119 20935.079061 -19995.813509 -0.304271 0.269715 0.913605 -0.613578 0.678132 -0.404547 -0.728657 -0.683659 -0.040845
-22.860653 -59.461107 -19189.491329 5130.254669 -0.692914 0.587544 0.417925 0.166722 0.694484 -0.699925 -0.701479 -0.415311 -0.579175
-23.965190 -83.662518 -20126.287551 11507.047519 -0.692154 0.490750 0.529233 -0.053429 0.696412 -0.715650 -0.719769 -0.523617 -0.455804
-73.462590 -130.506475 -26603.590490 20033.796312 -0.641458 0.448302 0.622541 -0.228039 0.663386 -0.712683 -0.732482 -0.599120 -0.323304
-43.966214 -61.760073 1288.946834 794.465391 0.377521 0.895480 0.235784 -0.710413 0.443406 -0.546538 0.593962 -0.038825 -0.803556
-48.545131 -60.216077 -2379.596233 2280.935350 0.266053 0.930898 0.250288 -0.759641 0.362314 -0.540068 0.593431 0.046442 -0.803544
7.899321 -9.250740 2418.799941 776.723299 0.549533 0.683788 0.480050 0.088979 -0.619218 0.780161 -0.830720 0.386010 0.401124
9.278485 -7.050348 312.056129 -131.091740 0.511545 0.632755 0.581329 -0.015735 0.683333 -0.729937 -0.859112 0.364248 0.359513
7.585844 -7.176817 3110.164470 962.471107 0.537571 0.604745 0.587623 0.026009 0.684658 -0.728401 -0.842817 0.406850 0.352323
-0.104234 -47.283149 5358.012918 1436.958380 -0.287519 0.763475 0.578307 -0.811619 -0.514808 0.276129 -0.508534 0.389972 -0.767668
9.727150 -45.864126 4825.615724 1396.045291 -0.281203 0.775111 0.565799 -0.765634 -0.536664 0.354676 -0.578557 0.333459 -0.744363
14.515659 -49.164234 4179.776359 1883.789976 -0.309167 0.774587 0.551752 -0.815576 -0.514356 0.265090 -0.489133 0.368039 -0.790757
3.908604 -52.018792 382.187041 -80.257110 0.582888 -0.790302 -0.188852 0.812311 0.561083 0.159175 -0.019834 -0.246188 0.969019
3.352224 -53.123839 98.567409 -284.256031 0.596113 -0.783782 -0.174170 0.790665 0.535322 0.297119 -0.139639 -0.314827 0.938821
