12456
24900
-35.675440 -56.083585 -321.057847 -5479.792293 0.675340 -0.351213 0.648510 0.735305 0.252757 -0.628841 0.056942 0.901534 0.428946
-40.269094 -59.452703 414.215307 -3525.839562 0.501378 -0.461828 0.731666 0.841783 0.064844 -0.535907 0.200052 0.884596 0.421270
-44.974133 -65.526267 497.753399 2935.643533 0.775679 -0.363872 0.515673 -0.588851 -0.123242 0.798790 0.227105 0.923260 0.309863
-33.544960 -49.820146 410.493920 -4382.981491 0.351285 -0.497224 0.793327 0.934065 0.128017 -0.333369 0.064200 0.858126 0.509409
-29.424325 -66.337189 -2428.207509 6072.905046 0.802186 -0.260992 0.537010 -0.590134 -0.209849 0.779554 0.090766 0.942256 0.322359
-24.993601 -56.772901 -3464.113844 7731.325446 0.778938 -0.222989 0.586116 -0.622569 -0.387133 0.680099 -0.075251 0.894653 0.440379
-29.088420 -41.994751 -645.279420 -4065.334183 0.442363 -0.422497 0.791082 0.894730 0.268326 -0.357016 -0.061429 0.865735 0.496718
-47.444436 -58.609120 1622.910744 -2326.751960 0.921676 0.037701 0.386125 0.196811 -0.903129 -0.381606 -0.334334 -0.427710 0.839812
-46.813663 -63.254406 1164.746164 -1072.394590 0.936625 -0.173790 0.304188 0.075362 -0.748005 -0.659401 -0.342132 -0.640536 0.687503
-44.591726 -58.463707 1460.647515 -3491.340747 0.974694 -0.104396 0.197667 0.018380 -0.843831 -0.536294 -0.222784 -0.526356 0.820559
-44.348321 -61.948873 283.466728 -1125.391758 0.973230 -0.178827 0.144372 -0.021263 -0.695530 -0.718182 -0.228846 -0.695887 0.680714
-42.803601 -53.265335 2560.774644 -451.654710 0.867357 0.359393 0.344279 0.454609 -0.853649 -0.254192 -0.202539 -0.376988 0.903802
-41.460857 -53.974836 1908.981223 -2755.323006 0.962009 0.190831 0.195249 0.259933 -0.858931 -0.441218 -0.083507 -0.475207 0.875902
-42.995697 -59.480801 608.378984 -3592.030727 0.992995 -0.070765 0.094622 0.000540 -0.798091 -0.602537 -0.118155 -0.598368 0.792462
10.491493 -15.116004 724.085603 1749.414317 -0.407207 0.909343 0.085316 -0.518554 -0.153289 -0.841192 0.751854 0.386780 -0.533964
13.506644 -16.071280 458.543051 1180.056241 -0.287883 0.932880 0.216467 -0.528761 0.033623 -0.848105 0.798458 0.358614 -0.483591
18.901890 -17.077169 -1439.160343 156.502458 -0.430190 0.902354 0.026325 -0.423665 -0.176057 -0.888545 0.797148 0.393396 -0.458034
16.596994 -17.659134 -1651.991871 -195.750136 -0.548379 0.823628 -0.144631 -0.354989 -0.385883 -0.851514 0.757141 0.415610 -0.503989
7.627949 -12.179375 1420.023698 1045.457805 -0.533230 0.841829 -0.083608 -0.451400 -0.366718 -0.813484 0.715475 0.396033 -0.575546
5.589548 -34.574534 2953.889474 -525.362943 0.874594 -0.013049 0.484680 -0.409679 -0.554539 0.724327 -0.259322 0.832056 0.490343
20.651489 -39.062510 3551.220031 -1144.597925 0.918701 0.161491 0.360430 -0.238973 -0.499290 0.832827 -0.314453 0.851252 0.420106
18.168740 -35.241837 4498.854809 -349.382827 0.871918 -0.005084 0.489626 -0.437146 -0.458570 0.773703 -0.220595 0.888644 0.402058
4.459379 -37.123025 1335.524691 -597.551689 0.905886 0.109463 0.409131 -0.259804 -0.619282 0.740940 -0.334473 0.777501 0.532560
-1.252150 -36.242876 1710.536083 -1067.330544 0.855356 -0.043706 0.516194 -0.422557 -0.635301 0.646404 -0.299687 0.771027 0.561877
47.417723 -16.853453 18952.263577 3600.763254 -0.536336 0.704949 0.464101 0.822862 0.314443 0.473311 0.187727 0.635746 -0.748723
-11.343594 -27.652857 3969.864769 3584.975159 0.977625 -0.180434 0.108135 0.091306 0.827090 0.554604 0.189507 0.532321 -0.825059
29.826280 -21.731498 18143.886984 1592.015355 -0.482830 0.743354 0.462927 0.867459 0.333573 0.369113 0.119962 0.579788 -0.805887
184.648783 -31.947127 55144.198282 2942.743199 -0.441112 0.677942 0.588060 0.894242 0.276661 0.351837 0.075831 0.681068 -0.728283
271.755693 -36.230794 73133.672524 3399.934407 -0.502877 0.691282 0.518887 0.847610 0.276789 0.452708 0.169327 0.667470 -0.725129
-0.938997 -57.674703 -60.513173 -1402.067789 -0.293895 0.362616 -0.884384 0.047262 0.929626 0.365461 0.954668 0.065610 -0.290351
-0.817180 -56.898598 -220.615911 -82.997091 -0.287717 0.353948 -0.889910 -0.125350 0.907290 0.401387 0.949477 0.227036 -0.216676
-1.467608 -56.036289 0.932465 -924.602485 -0.285380 0.366038 -0.885762 0.011188 0.925405 0.378815 0.958349 0.098196 -0.268187
-1.146601 -54.900473 373.230230 -824.519157 -0.300924 0.384707 -0.872609 0.173468 0.921838 0.346589 0.937739 -0.047073 -0.344137
-2.120601 -54.700057 368.952272 -537.419502 -0.291251 0.377612 -0.878966 0.105039 0.925867 0.362956 0.950863 0.013385 -0.309324
-2.987057 -54.851104 381.879695 -200.916839 -0.283693 0.356732 -0.890090 -0.045657 0.922148 0.384132 0.957828 0.149614 -0.245320
-3.799399 -68.490448 2733.925578 -8587.838670 -0.835959 0.141135 -0.530334 0.338585 0.893160 -0.296015 0.431895 -0.427019 -0.794432
-16.458360 -90.125835 2789.630362 -13172.670274 -0.787274 0.261650 -0.558336 0.391558 0.911638 -0.124895 0.476322 -0.316947 -0.820160
-9.241107 -60.522825 -2924.715134 -10498.057947 0.801705 -0.201374 0.562777 0.444413 0.830448 -0.335936 0.399708 -0.519427 -0.755268
-1.371797 -52.801853 -1364.162585 -2844.936070 0.808569 -0.140110 0.571476 0.406052 0.835771 -0.369606 0.425837 -0.530901 -0.732671
-5.953404 -85.392695 -169.122528 3803.316068 0.705565 -0.149244 0.692751 -0.603413 0.386061 0.697746 0.371579 0.910320 -0.182336
-7.129019 -76.843118 -661.296351 2717.339717 0.708844 -0.142412 0.690839 -0.663565 0.197514 0.721575 0.239211 0.969901 -0.045507
-6.261800 -84.001068 -183.062170 3003.132096 0.713412 -0.173608 0.678899 -0.594632 0.362605 0.717586 0.370751 0.915630 -0.155454
-5.244248 -90.425909 29.104374 3371.436616 0.707833 -0.169370 0.685775 -0.517591 0.536302 0.666693 0.480700 0.826858 -0.291948
-4.934361 -90.340168 -65.062882 1598.116191 0.714485 -0.190195 0.673303 -0.479064 0.568370 0.668920 0.509910 0.800488 -0.314977
-5.261670 -84.128526 468.274136 2024.563963 0.712209 -0.218841 0.666984 -0.570385 0.373427 0.731583 0.409170 0.901477 -0.141134
-6.621986 -75.182272 504.544559 3535.334502 0.710037 -0.210242 0.672046 -0.643377 0.194213 0.740504 0.286205 0.958165 -0.002634
-9.714474 -36.726106 213.761983 -787.498109 -0.072773 -0.434187 0.897878 0.857582 0.432368 0.278587 -0.509173 0.790278 0.340887
-11.493710 -39.607497 135.864546 -105.689078 -0.083261 -0.465294 0.881231 0.914357 0.315960 0.253219 -0.396255 0.826844 0.399138
-12.266270 -41.230751 87.749771 -687.189982 -0.013845 -0.404502 0.914432 0.923616 0.345184 0.166677 -0.383068 0.846892 0.368825
-9.103271 -37.183444 242.936643 -1014.584237 0.007689 -0.363835 0.931432 0.847911 0.496137 0.186801 -0.530082 0.788335 0.312314
-7.263518 -34.303227 561.729608 -1418.281840 -0.045808 -0.417526 0.907509 0.777138 0.555911 0.294991 -0.627661 0.718773 0.299010
-6.216948 -34.100380 218.111316 -1504.745691 -0.116857 -0.471112 0.874299 0.760622 0.523595 0.383800 -0.638591 0.709861 0.297152
5.631373 -68.104704 -27.270197 1629.715201 -0.765118 0.150773 -0.625989 0.405703 0.867826 -0.286851 0.500000 -0.473440 -0.725158
7.623646 -75.036856 -164.254962 2528.315007 -0.764309 0.150878 -0.626952 0.355623 0.909653 -0.214625 0.537927 -0.386998 -0.748911
7.926820 -67.701687 246.750049 -1956.370516 -0.799138 0.110965 -0.590817 0.273019 0.942603 -0.192249 0.535574 -0.314937 -0.783566
9.872712 -76.528614 1206.629879 -3385.132213 -0.826881 0.117981 -0.549863 0.155501 0.987592 -0.021941 0.540451 -0.103647 -0.834967
4.196768 -71.905356 2922.733756 -6113.848800 -0.848796 0.115505 -0.515950 0.239660 0.953888 -0.180721 0.471284 -0.277048 -0.837338
4.417183 -52.934367 -58.454240 1387.561764 0.020164 0.457808 -0.888822 0.793896 -0.547706 -0.264098 -0.607720 -0.700307 -0.374496
5.216707 -52.204808 130.825348 -1291.402426 -0.048166 -0.450871 0.891288 -0.734539 0.620664 0.274277 -0.676855 -0.641475 -0.361077
4.841114 -58.072253 -55.540044 -1888.753310 -0.053805 -0.428789 0.901801 -0.677052 0.679479 0.282683 -0.733966 -0.595356 -0.326872
3.889064 -60.023483 176.490018 -1961.303888 -0.026909 -0.425905 0.904368 -0.712987 0.642291 0.281267 -0.700660 -0.637234 -0.320948
5.425438 -99.802153 2905.704494 -5987.785329 -0.478060 0.843128 -0.246159 -0.480159 -0.485543 -0.730545 0.735463 0.231049 -0.636954
9.066972 -95.015858 864.399699 -8769.846908 -0.407697 0.872734 -0.268547 -0.489004 -0.457050 -0.742953 0.771141 0.171579 -0.613109
16.576768 -84.951354 2755.990242 413.255997 -0.408752 0.889008 -0.206365 -0.370012 -0.368127 -0.852979 0.834274 0.272300 -0.479416
2.982498 -120.988220 831.161680 -10881.786058 -0.426878 0.856843 -0.289129 -0.663856 -0.514028 -0.543204 0.614061 0.039942 -0.788247
13.039400 -92.743116 4856.503358 1135.928267 -0.473675 0.858346 -0.197167 -0.322653 -0.377441 -0.868005 0.819467 0.347536 -0.455733
4.348859 -99.670303 3571.166044 126.966289 -0.492397 0.842770 -0.217448 -0.313363 -0.404738 -0.859064 0.812003 0.354860 -0.463384
-0.099425 -98.000760 2064.422701 -546.157786 -0.484777 0.832226 -0.269058 -0.445309 -0.499614 -0.743025 0.752789 0.240387 -0.612799
0.216487 -100.230655 1462.100347 -1970.638395 -0.464960 0.834441 -0.295839 -0.610907 -0.544250 -0.574965 0.640785 0.086606 -0.762820
1.603363 -117.281666 2429.827658 -8153.987550 -0.455738 0.844610 -0.280955 -0.677694 -0.533881 -0.505670 0.577091 0.040052 -0.815697
-2.595270 -10.719549 -458.185937 -936.332835 -0.700097 -0.689229 -0.186620 0.714046 -0.676425 -0.180522 -0.001813 -0.259638 0.965704
-2.877477 -9.058376 144.105490 -1211.577521 0.820119 0.552900 0.147329 0.571589 -0.803454 -0.166576 -0.026273 -0.220824 0.974960
-3.313727 -8.143702 -163.995676 -678.380221 0.836724 0.524866 0.156234 0.546715 -0.817060 -0.183072 -0.031564 -0.238596 0.970606
-3.036373 -9.075622 95.257012 -819.838159 0.719378 0.664445 0.202506 0.694441 -0.694553 -0.188011 -0.015728 -0.275879 0.961064
-2.852945 -8.147038 -832.555542 -390.429549 0.855643 0.489212 0.168956 0.516125 -0.830861 -0.208052 -0.038597 -0.265220 0.963415
-2.618144 -7.736262 33.272737 -168.027033 0.898853 0.420394 0.123826 0.437233 -0.879469 -0.188044 -0.029848 -0.223165 0.974324
-2.184968 -7.901593 -502.811188 168.607218 0.904459 0.403693 0.137793 0.425110 -0.879686 -0.213152 -0.035167 -0.251364 0.967253
10.970879 -301.634683 2466.480410 42796.966254 -0.143327 0.944550 -0.295437 -0.922749 -0.235454 -0.305116 0.357759 -0.228883 -0.905329
31.074418 -682.596006 6040.901377 150199.359766 -0.198022 0.924080 -0.326901 -0.868611 -0.319972 -0.378329 0.454205 -0.209032 -0.866027
7.057190 -400.589203 1287.631334 88701.704929 -0.181667 0.928817 -0.322948 -0.740859 -0.345229 -0.576147 0.646626 -0.134592 -0.750839
26.887899 -1990.229368 6514.078566 678582.025925 -0.147289 0.951727 -0.269298 -0.740356 -0.286627 -0.608045 0.655881 -0.109818 -0.746833
-18.712459 -221.553242 -9719.201166 43825.672655 0.027033 -0.615163 0.787937 0.999260 -0.004948 -0.038146 0.027365 0.788385 0.614574
-19.838392 -128.700282 -544.691375 -2204.104376 0.175623 -0.676515 0.715182 0.984426 0.126460 -0.122116 -0.007829 0.725490 0.688188
-386.835232 -8753.449823 -95254.931419 -3829245.240230 0.808974 0.255539 -0.529397 0.227849 0.693867 0.683106 -0.541891 0.673237 -0.503095
-158.073899 -11743.634271 -169752.529287 8507352.702598 -0.169115 0.765153 -0.621241 0.715711 0.528693 0.456335 -0.677612 0.367456 0.637038
422.762262 -699.082218 -82181.197068 133916.593322 0.928621 -0.369669 0.031767 -0.174042 -0.358383 0.917208 0.327678 0.857267 0.397139
28.938551 -328.987900 13650.173608 12995.036260 -0.173991 0.921840 -0.346320 -0.406000 0.253250 0.878082 -0.897157 -0.293384 -0.330204
36.729508 -63.902276 12128.091055 15088.307807 -0.630723 0.762548 0.143906 -0.547095 -0.568470 0.614434 -0.550342 -0.308808 -0.775733
-175.443078 -11020.451686 30313.165391 -1460000.295043 -0.751839 0.619447 -0.225884 0.476186 0.747085 0.463800 0.456054 0.241140 -0.856660
-2.677739 -107.259667 3943.792473 -29699.046722 -0.085339 0.940401 -0.329186 -0.909614 0.061293 0.410909 -0.406596 -0.334499 -0.850171
-9.496749 -25.134530 409.556227 1008.532341 0.992131 -0.120575 0.033741 -0.121609 -0.992110 0.030491 -0.029798 0.034355 0.998965
-10.260105 -22.413471 664.721699 -1498.103617 0.991856 -0.115179 0.054366 0.113369 0.992926 0.035283 -0.058045 -0.028832 0.997898
-8.812193 -20.413680 592.146165 1450.811517 0.987150 -0.157295 0.028157 -0.155446 -0.986088 -0.058884 -0.037028 -0.053750 0.997868
-8.376612 -22.858672 240.225891 1343.568564 0.983695 -0.179555 0.010235 -0.179329 -0.983589 -0.019856 -0.013632 -0.017696 0.999750
-9.265406 -25.790549 -63.208615 945.831314 0.986468 -0.163783 0.007486 -0.163948 -0.985011 0.053619 0.001408 0.054121 0.998533
-9.762575 -76.319428 -363.489932 542.695800 0.617284 -0.125587 0.776652 0.400264 0.899999 -0.172598 -0.677310 0.417408 0.605823
-8.928213 -76.917950 -363.881961 344.745831 0.583894 -0.134946 0.800536 0.338425 0.936782 -0.088927 -0.737927 0.322845 0.592651
-10.297982 -75.256021 -530.804883 889.122566 0.597211 -0.130172 0.791451 0.251758 0.967298 -0.030876 -0.761549 0.217694 0.610452
-10.174774 -72.812781 -374.464336 -51.336508 0.633856 -0.138982 0.760862 0.511969 0.812759 -0.278047 -0.579754 0.565780 0.586327
-9.005897 -75.254447 -436.308081 526.084401 0.615434 -0.120057 0.778991 -0.541336 -0.782739 0.307042 -0.572885 0.610660 0.546716
-8.376446 -76.039928 -453.867051 -257.608835 0.590825 -0.123469 0.797296 0.473115 0.853495 -0.218423 -0.653520 0.506263 0.562681
2.865002 -214.098914 1528.650219 32551.551169 -0.535712 0.305851 -0.787063 0.827871 0.006714 -0.560879 -0.166261 -0.952056 -0.256802
8.035403 -274.965143 2217.981108 52728.299335 -0.515258 0.327811 -0.791865 0.856839 0.216814 -0.467780 0.018344 -0.919528 -0.392596
4.866140 -152.314763 1070.456061 10649.268081 -0.577805 0.313479 -0.753574 0.816104 0.234069 -0.528380 0.010753 -0.920295 -0.391077
1.560309 -186.477028 894.060645 15984.758913 -0.549471 0.278937 -0.787576 0.796742 -0.108885 -0.594429 -0.251564 -0.954116 -0.162411
2.492099 -154.183960 412.405209 10069.688259 -0.580967 0.303883 -0.755071 0.812402 0.159734 -0.560793 -0.049805 -0.939223 -0.339676
-41.706407 -181.469589 -7710.790656 40743.373065 0.662244 0.728606 -0.174830 -0.579986 0.646187 0.496044 -0.474393 0.227103 -0.850515
-25.668515 -593.647070 3138.049512 143591.919362 0.501418 0.854352 -0.136613 -0.850382 0.515748 0.104187 -0.159470 -0.063932 -0.985130
-24.375985 -457.038145 529.658804 108941.050956 0.553067 0.815352 -0.171225 -0.769802 0.578713 0.269252 -0.318626 0.017105 -0.947726
2.970175 -264.803321 3640.377074 62545.851102 -0.686700 -0.675135 0.269510 -0.521647 0.715864 0.464137 -0.506288 0.178134 -0.843766
-41.370326 -46.025621 -2359.729642 -205.903476 0.821644 0.067475 0.565993 0.554553 0.134974 -0.821129 0.131800 -0.988549 -0.073482
-36.034480 -45.381480 -2009.275146 486.815857 0.773447 -0.046351 0.632163 0.626641 0.206011 -0.751586 0.095396 -0.977451 -0.188384
-41.942246 -45.598169 -2222.814512 768.650313 0.871486 0.122919 0.474767 0.435839 0.249728 -0.864685 0.224849 -0.960483 -0.164061
-36.969592 -46.047168 -1649.638876 -641.256294 0.788182 -0.039028 0.614203 0.615240 0.024424 -0.787961 -0.015751 -0.998940 -0.043263
-45.296955 -49.261909 -1002.713628 1952.193428 0.916989 0.185321 -0.353252 -0.338363 -0.107687 -0.934834 0.211285 -0.976760 0.036042
-42.855873 -46.358816 -2061.615167 -943.376479 0.941668 0.078921 0.327158 0.329255 -0.014838 -0.944124 0.069657 -0.996770 0.039958
11.956787 -24.706450 1847.566128 1270.192306 0.969030 -0.053711 0.241031 0.201432 0.736545 -0.645699 0.142849 -0.674253 -0.724553
14.376835 -28.160464 1826.753911 1077.526081 0.973556 -0.045580 0.223855 0.195606 0.672511 -0.713769 0.118012 -0.738682 -0.663643
7.266514 -26.297299 2633.953920 991.070282 0.971566 0.017758 0.236104 0.157591 0.695719 -0.700814 0.176707 -0.718094 -0.673138
4.314724 -22.537014 2495.156668 1189.915287 0.969646 0.023847 0.243348 0.140163 0.761280 -0.633093 0.200353 -0.647985 -0.734830
9.607790 -20.762707 1379.560674 1085.368581 0.965665 -0.070312 0.250093 0.208630 0.783529 -0.585283 0.154802 -0.617364 -0.771296
12.943814 -36.688840 3010.187581 -209.822641 0.999484 0.002485 0.032017 0.027837 -0.564133 -0.825215 -0.016011 -0.825680 0.563911
17.862480 -38.522971 1297.507348 -65.190549 0.995448 -0.078692 0.053774 -0.001092 -0.573577 -0.819151 -0.095304 -0.815363 0.571052
14.622627 -36.517124 2190.006338 -195.043584 0.998494 -0.053427 0.012474 -0.025180 -0.648279 -0.760986 -0.048744 -0.759526 0.648648
9.268098 -35.068771 2724.188875 -517.653313 0.999864 -0.004838 0.015765 0.009112 -0.634707 -0.772699 -0.013745 -0.772738 0.634576
3.680591 -34.752515 2718.067794 -576.213111 0.998748 0.026384 0.042510 0.049929 -0.579991 -0.813092 -0.003203 -0.814196 0.580582
47.135453 -23.865633 -6198.091591 2100.114385 0.890063 -0.420228 -0.176627 0.449633 0.873078 0.188589 -0.074959 0.247273 -0.966042
46.615599 -30.434436 -11091.501754 1076.112827 0.851790 -0.422063 -0.310349 0.471804 0.875519 0.104247 -0.227718 0.235220 -0.944889
54.046408 -28.586534 1715.189074 934.729832 0.908853 -0.416670 0.019305 0.412797 0.905119 0.101777 0.059881 0.084531 -0.994620
50.464622 -23.495618 -5084.866861 2080.164036 -0.901587 0.409055 -0.140764 0.375912 0.901840 0.213012 0.214080 0.139134 -0.966856
43.920047 -17.045050 -3188.014728 1776.258416 0.909578 -0.409832 -0.068601 0.413852 0.878624 0.238217 0.037354 0.245067 -0.968786
31.459707 -18.985816 -6299.176884 1336.176982 0.811580 -0.520527 -0.265312 0.576142 0.788401 0.215600 -0.096947 0.327834 -0.939748
4.700027 -54.616788 -2330.670817 3185.446194 0.921867 -0.341068 0.183940 -0.369113 -0.917384 0.148870 -0.117969 0.205133 0.971599
-1.722985 -51.743575 -227.906906 7161.543334 0.882018 -0.434704 0.181868 -0.456833 -0.883469 0.103851 -0.115530 0.174682 0.977824
-3.017647 -64.596521 -909.405981 6956.460772 0.890854 -0.416998 0.180255 -0.450950 -0.859744 0.239761 -0.054993 0.294878 0.953951
7.181709 -64.932138 -4214.317292 6712.090975 0.928720 -0.305926 0.209496 -0.358295 -0.885862 0.294743 -0.095415 0.348795 0.932329
-0.601273 -72.904018 -229.552502 3836.932274 0.856338 -0.511888 0.068239 0.468273 0.825409 0.315311 0.217729 0.238058 -0.946532
-0.429353 -76.772633 -187.036744 6824.024094 -0.841168 0.536136 -0.070670 0.511729 0.831415 0.216525 0.174844 0.145970 -0.973716
-0.423039 -84.651629 212.574903 6413.022422 -0.833026 0.549809 -0.061456 0.541903 0.833283 0.109460 0.111392 0.057880 -0.992090
-0.453631 -95.190435 -89.854809 6304.389275 0.823328 -0.563719 0.065977 0.567564 0.818065 -0.092953 0.001574 -0.113977 -0.993482
0.160660 -98.197445 -605.249236 8022.488012 0.823579 -0.564971 0.050265 0.566769 0.823176 -0.033991 0.022173 -0.056483 -0.998157
0.064679 -84.138522 383.423840 7774.887475 -0.844693 0.531809 -0.060603 0.506878 0.831147 0.228625 0.171955 0.162400 -0.971626
7.536043 -69.484694 -122.606446 -23.169927 0.872213 -0.488448 0.025765 0.266337 0.518454 0.812570 0.410256 0.701872 -0.582293
6.953384 -72.085892 507.844740 -895.383446 0.848718 -0.527591 0.036410 0.226968 0.425571 0.875999 0.477665 0.735212 -0.480936
7.648287 -74.837914 296.694188 -547.570220 0.859537 -0.510762 0.017824 0.182404 0.339165 0.922874 0.477414 0.789993 -0.384690
8.651439 -74.327775 -318.956825 -92.512878 0.880288 -0.474439 -0.000334 0.201253 0.372773 0.905835 0.429640 0.797463 -0.423630
-5.728144 -43.702254 1233.587801 -756.358747 0.237355 -0.395564 -0.887238 0.934012 0.343956 0.096519 0.266992 -0.851600 0.451102
-8.951307 -44.136017 1371.826913 -1018.449592 0.201379 -0.432546 -0.878835 0.916846 0.399006 0.013705 0.344733 -0.808516 0.476929
-10.075046 -41.093497 838.535485 -747.794934 0.265775 -0.417887 -0.868754 0.942462 0.302205 0.142958 0.202801 -0.856763 0.474161
-13.618861 -38.636153 1481.097117 -878.026668 0.336197 -0.413699 -0.846064 0.929320 0.291441 0.226774 0.152762 -0.862505 0.482441
-9.086110 -39.254967 88.328008 -820.693023 0.348875 -0.404056 -0.845591 0.935739 0.200007 0.290498 0.051747 -0.892601 0.447868
-6.170231 -41.241938 524.665648 -618.257515 0.280355 -0.398638 -0.873206 0.949508 0.248644 0.191341 0.140842 -0.882759 0.448218
-6.974920 -61.593231 464.201301 -2685.215593 0.206634 -0.284750 -0.936066 0.970566 -0.061310 0.232900 -0.123708 -0.956639 0.263700
-9.090192 -67.715883 725.534223 -3552.533293 0.181474 -0.284953 -0.941206 0.982230 0.099118 0.159376 0.047875 -0.953403 0.297877
-8.552048 -61.472002 246.523191 -2145.413370 0.243404 -0.311546 -0.918528 0.967425 0.010030 0.252959 -0.069596 -0.950178 0.303839
-11.075566 -67.381110 426.778679 -2724.845099 0.210694 -0.317179 -0.924665 0.969858 0.186270 0.157097 0.122410 -0.929893 0.346865
-9.663132 -62.227066 -145.318322 -2717.122903 0.283008 -0.335423 -0.898553 0.958973 0.115255 0.259013 0.016684 -0.934991 0.354279
16.359043 -42.061678 -13368.300994 -232.691835 -0.797883 0.430855 -0.421601 0.003683 0.702861 0.711318 0.602802 0.565996 -0.562387
37.891168 -39.489321 19324.911900 -794.496331 0.768985 -0.367483 0.523086 -0.167511 0.673834 0.719644 0.616930 0.641018 -0.456611
69.694826 -35.688256 -27211.733006 228.765306 -0.770721 0.306931 -0.558375 -0.182101 0.733676 0.654644 0.610597 0.606228 -0.509567
0.077855 -190.118113 781.162649 -5455.967403 0.261163 -0.359685 -0.895779 0.815925 0.578129 0.005744 0.515810 -0.732389 0.444462
-3.712977 -154.348764 873.707066 -1472.084072 0.260519 -0.375931 -0.889273 0.914974 0.390110 0.103134 0.308143 -0.840530 0.445598
-1.943687 -194.769580 1604.092719 -10082.440040 0.279248 -0.355811 -0.891862 0.944341 0.269976 0.187972 0.173899 -0.894713 0.411397
1.053735 -209.448035 1601.757989 -6319.223188 0.310801 -0.348352 -0.884338 0.933907 0.284890 0.216000 0.176695 -0.893022 0.413872
2.577010 -228.979520 2556.538056 -9749.375933 0.259196 -0.364179 -0.894534 0.821740 0.569830 0.006116 0.507505 -0.736660 0.446958
-2.553323 -188.511209 1370.303759 1882.660647 0.335779 -0.352050 -0.873678 0.934301 0.006587 0.356424 -0.119724 -0.935958 0.331132
-5.073384 -174.076453 1647.630991 -5735.142814 0.319240 -0.352668 -0.879608 0.925119 -0.085324 0.369967 -0.205527 -0.931850 0.299021
-9.736375 -82.768891 -527.003108 -3164.615579 0.133180 -0.446648 -0.884742 0.753529 0.625500 -0.202345 0.643783 -0.639731 0.419866
-12.082509 -84.441093 -405.944153 -2157.450995 0.142314 -0.404111 -0.903571 0.761960 0.627399 -0.160586 0.631794 -0.665631 0.397203
-9.068150 -90.005380 -36.601781 -1574.783403 0.112978 -0.428438 -0.896480 0.592599 0.753273 -0.285316 0.797535 -0.499019 0.338996
-11.245538 -74.797752 -613.508266 -2851.383793 0.176483 -0.413656 -0.893164 0.865060 0.498097 -0.059756 0.469601 -0.762095 0.445743
-6.291353 -88.147882 -980.161058 -2830.663486 0.123711 -0.482653 -0.867030 0.599489 0.732625 -0.322295 0.790764 -0.479904 0.379979
-8.502737 -73.217071 -1185.985485 -2815.545252 0.171393 -0.455738 -0.873457 0.849330 0.517632 -0.103423 0.499263 -0.724127 0.475790
14.086857 -382.677516 -5697.767801 -53278.307387 0.268151 -0.131047 -0.954422 -0.441672 0.863730 -0.242685 0.856167 0.486618 0.173730
-6.688933 -451.530323 -6057.385759 -101785.671447 0.322153 -0.187337 -0.927967 -0.206905 0.942594 -0.262119 0.923801 0.276443 0.264898
11.382052 -608.082944 11748.447406 135464.552443 -0.275174 -0.013534 0.961299 0.678011 -0.711633 0.184064 0.681601 0.702421 0.204999
1.947281 -33.603861 2044.719785 -581.134747 0.999859 -0.011465 0.012286 0.001450 -0.669510 -0.742801 -0.016742 -0.742714 0.669399
-5.002453 -33.105415 2066.180411 -602.535935 0.999538 0.008013 0.029325 0.028027 -0.616494 -0.786861 -0.011774 -0.787319 0.616433
0.025501 -41.510528 -621.817187 777.172378 0.918197 -0.392249 0.055269 0.266323 0.714571 0.646885 0.293233 0.579249 -0.760582
1.653867 -41.506387 -125.287196 -18.130228 0.914164 -0.400998 0.059197 0.260651 0.693382 0.671776 0.310427 0.598684 -0.738385
0.923768 -40.010685 -662.484197 -848.460623 0.922692 -0.380319 0.063229 0.223468 0.661216 0.716139 0.314169 0.646646 -0.695088
2.983218 -31.158585 1846.487315 -667.942007 0.999214 -0.037594 -0.012597 -0.036512 -0.748660 -0.661948 -0.015455 -0.661888 0.749444
8.945506 -31.845242 1875.703852 -871.930878 0.996631 -0.076840 -0.028678 -0.077760 -0.774058 -0.628321 -0.026082 -0.628434 0.777426
3.159943 -28.225968 1531.731154 -806.466237 0.996917 -0.068731 -0.037844 -0.077922 -0.810907 -0.579963 -0.009174 -0.581124 0.813763
19.834992 -217.383180 -4996.375671 2835.486521 0.774710 -0.611138 0.162278 0.630725 0.765074 -0.129799 0.044830 -0.202909 -0.978171
53.611432 -617.899324 7682.514972 172162.153461 -0.711674 0.668850 -0.214847 0.636500 0.743335 0.205722 0.297301 0.009657 -0.954735
14.834661 -186.085493 1370.156344 10458.556121 -0.804780 0.561603 -0.192175 0.517851 0.822532 0.235098 0.290102 0.089684 -0.952784
11.560600 -194.126461 -659.511744 13482.682168 0.796021 -0.582697 0.163751 0.598291 0.798462 -0.067122 0.091638 -0.151401 -0.984216
-45.054329 -64.153361 664.080530 -381.180626 0.561564 -0.452734 0.692587 0.739686 -0.100447 -0.665413 0.370824 0.885970 0.278474
-36.193736 -54.149792 -227.004797 -4096.472890 0.209904 -0.565686 0.797458 0.963501 -0.018929 -0.267036 0.166153 0.824403 0.541066
-39.892701 -61.701419 -529.191145 -2313.923350 0.356285 -0.529980 0.769534 0.865503 -0.123146 -0.485529 0.352086 0.839021 0.414824
-48.966244 -63.996189 323.808731 -2912.595125 0.868801 -0.131888 0.477274 0.135819 -0.863433 -0.485836 -0.476170 -0.486918 0.732238
-47.106960 -65.147093 -11.254200 2270.208286 0.852695 -0.212446 0.477261 0.193648 -0.719956 -0.666456 -0.485193 -0.660705 0.572763
-46.384388 -63.000121 -57.120753 4134.039094 0.881852 -0.235519 0.408495 0.208114 -0.582972 -0.785387 -0.423115 -0.777608 0.465080
-44.870332 -61.123572 -273.491004 2576.631686 0.950986 -0.242587 0.191774 0.035940 -0.529251 -0.847704 -0.307139 -0.813046 0.494592
20.769563 -17.568588 -265.982603 22.982488 -0.333121 0.930331 0.153348 -0.440976 -0.009969 -0.897463 0.833409 0.366586 -0.413575
16.515603 -17.804250 525.736522 702.518132 -0.200604 0.939798 0.276655 -0.511672 0.140309 -0.847647 0.835434 0.311599 -0.452722
10.369514 -15.304022 85.496340 1288.847533 -0.098406 0.926395 0.363467 -0.581057 0.243024 -0.776731 0.807891 0.287630 -0.514374
50.938572 -48.257267 9345.893535 71.549940 0.916371 0.350498 0.193432 -0.020750 -0.440947 0.897293 -0.399793 0.826267 0.396798
47.180330 -42.269036 7701.106900 -566.933182 0.907751 0.174850 0.381335 -0.289003 -0.398243 0.870563 -0.304082 0.900461 0.310973
20.106140 -40.066576 3788.383169 -566.375824 0.932612 0.251633 0.258679 -0.083452 -0.546997 0.832965 -0.351098 0.798421 0.489137
-15.576888 -35.129180 2616.270347 1584.825087 0.990531 -0.104746 0.088747 0.053521 0.889913 0.452979 0.126425 0.443940 -0.887093
-7.492721 -35.105870 2014.408201 937.192024 0.984555 -0.123107 0.124487 0.053502 0.888582 0.455587 0.166703 0.441890 -0.881444
-1.026117 -58.064284 -115.541698 171.895758 -0.295080 0.350608 -0.888820 -0.128949 0.907118 0.400636 0.946731 0.232832 -0.222462
-0.853314 -56.759874 -19.814148 1507.077642 -0.292149 0.328169 -0.898306 -0.325271 0.849195 0.416013 0.899359 0.413731 -0.141348
-5.826201 -76.589232 -425.541365 1939.546900 0.699430 -0.129278 0.702912 -0.673895 0.208278 0.708862 0.238042 0.969488 -0.058556
-7.296995 -68.613125 -636.396415 -1294.929981 0.694740 -0.126154 0.708111 0.715006 0.014209 -0.698974 0.078116 0.991909 0.100072
-8.483372 -66.594127 -698.398682 3425.034681 0.706599 -0.147691 0.692029 -0.698179 0.013654 0.715793 0.115165 0.988939 0.093467
-9.690211 -37.671290 3.859106 -160.361429 -0.176209 -0.534143 0.826826 0.883933 0.283747 0.371685 -0.433142 0.796354 0.422148
-12.240023 -39.230390 341.474611 -97.170395 -0.116082 -0.508681 0.853094 0.938426 0.225214 0.261983 -0.325395 0.830977 0.451216
-16.400953 -73.886051 -1277.273060 -8182.774439 -0.343400 0.515522 -0.785056 0.740758 0.662531 0.111041 0.577368 -0.543405 -0.609391
-21.337422 -92.440803 -2070.912585 -9941.152043 -0.388492 0.477861 -0.787860 0.614532 0.771467 0.164893 0.686604 -0.420105 -0.593369
-19.008322 -90.930830 -1729.207066 -7198.204778 -0.340373 0.485628 -0.805178 0.566393 0.789416 0.236690 0.750564 -0.375484 -0.543752
4.927405 -48.288171 -25.599463 1386.537215 0.007615 0.480869 -0.876759 0.847163 -0.468932 -0.249834 -0.531278 -0.740856 -0.410946
5.222184 -46.827017 -72.506403 897.534889 0.030975 0.476557 -0.878598 0.817937 -0.517301 -0.251751 -0.574473 -0.710840 -0.405817
16.629319 -76.344023 908.333977 -4858.674748 -0.348148 0.914555 -0.205868 -0.417226 -0.347824 -0.839608 0.839473 0.206415 -0.502670
4.331253 -119.640791 -1113.127484 -14217.739233 -0.375997 0.878842 -0.293704 -0.666288 -0.476697 -0.573429 0.643962 0.019916 -0.764799
7.667322 -97.638547 -194.006762 -12299.054838 -0.318681 0.916664 -0.241183 -0.535741 -0.384101 -0.751963 0.781936 0.110425 -0.613501
-1.789886 -12.156204 768.618715 -1195.153012 0.819807 0.557036 0.132770 0.572604 -0.794814 -0.200984 0.006428 -0.240793 0.970555
33.191836 -534.946607 12798.103754 -60303.736872 -0.289360 0.881827 -0.372361 0.943384 0.328617 0.045132 0.162163 -0.338220 -0.926990
19.216867 -475.762952 5303.701443 24795.195646 -0.234587 0.889223 -0.392749 -0.758363 -0.420170 -0.498340 0.608157 -0.180942 -0.772920
15.538727 -486.661315 12896.542609 -4713.283487 -0.142136 0.951404 -0.273181 0.986700 0.158170 0.037477 0.078865 -0.264221 -0.961232
-44.355395 -804.408861 -6489.441585 217941.095728 -0.130407 0.696461 -0.705645 0.159323 0.717194 0.678416 0.978576 -0.023955 -0.204489
-50.048046 -499.124234 -2672.977145 131261.289728 -0.245816 0.669926 -0.700552 0.097681 0.736169 0.669711 0.964382 0.096195 -0.246401
-50.917257 -2985.132427 -1820.106404 -819935.955159 -0.139459 0.764247 -0.629665 0.911502 0.347545 0.219946 0.386930 -0.543267 -0.745081
-2.076785 -1620.560539 -3459.418693 -211331.761996 0.013003 0.739022 -0.673556 0.985564 0.104244 0.133403 0.168802 -0.665568 -0.726998
-11.418964 -29.077906 -644.521022 111.275523 0.985892 -0.167377 -0.001576 -0.162091 -0.957023 0.240486 0.041760 0.236838 0.970651
-13.027517 -29.833368 -924.286730 -77.335630 0.977601 -0.210431 0.003944 -0.199594 -0.920983 0.334592 0.066776 0.327885 0.942355
-11.106560 -29.146038 -123.620121 -118.820379 0.986055 -0.165064 0.021205 -0.163343 -0.935546 0.313164 0.031853 0.312261 0.949462
-11.206252 -28.114212 202.829163 -178.461423 0.986128 -0.156724 0.054671 -0.165858 -0.917430 0.361682 0.006528 0.365733 0.930697
-10.355597 -28.749805 163.216547 -142.878076 0.989751 -0.136998 0.040309 -0.142804 -0.949029 0.280981 0.000239 0.283858 0.958866
4.024154 -107.447902 -2033.452732 -13422.442045 -0.419114 0.284630 -0.862165 0.855581 0.441603 -0.270125 0.303848 -0.850866 -0.428606
11.217010 -155.518242 -799.223678 -17512.452829 -0.464377 0.292050 -0.836099 0.753946 0.625690 -0.200194 0.464672 -0.723338 -0.510746
4.640155 -129.545828 -599.448783 -799.521432 -0.492689 0.296121 -0.818273 0.848088 0.374049 -0.375278 0.194946 -0.878863 -0.435426
6.817053 -261.499948 -1056.337054 48319.602349 -0.559698 0.268367 -0.784039 0.828470 0.203318 -0.521822 0.019369 -0.941616 -0.336131
3.119258 -103.512857 -1120.297699 2496.049625 -0.532196 0.274230 -0.800978 0.838158 0.304098 -0.452786 0.119409 -0.912317 -0.391688
-46.596934 -720.241764 -8242.578932 206561.978103 0.597242 0.790400 -0.136274 -0.726671 0.605152 0.325177 -0.339486 0.095183 -0.935783
-32.746649 -46.158400 -353.760811 447.854528 0.782727 -0.127450 0.609176 0.622169 0.135654 -0.771040 -0.015632 -0.982525 -0.185475
-32.745887 -45.016995 -495.440950 1172.536493 0.806840 -0.116904 0.579088 0.586799 0.272042 -0.762666 0.068377 -0.955158 -0.288093
-15.492872 -34.963564 -1001.321159 164.379168 0.906142 -0.289756 -0.308138 -0.419304 -0.519601 -0.744445 -0.055598 -0.803776 0.592328
-16.704563 -34.621264 -429.913375 498.437718 0.826905 -0.321782 -0.461178 -0.562094 -0.448637 -0.694820 -0.016679 -0.833776 0.551852
-18.912005 -34.281927 -939.254691 -899.790864 0.890975 -0.280536 -0.357019 -0.453618 -0.584344 -0.672884 0.019854 -0.761473 0.647892
-11.630334 -33.090287 -234.143886 1169.992152 0.847864 -0.318020 -0.424252 -0.521428 -0.355066 -0.775913 -0.096119 -0.879086 0.466872
-17.935196 -34.453134 -1048.508519 -906.540120 0.943203 -0.233296 -0.236518 -0.332209 -0.657567 -0.676197 -0.002227 -0.716365 0.697722
-14.291940 -36.474665 -850.560726 -387.213769 0.952988 -0.241970 -0.182383 -0.295448 -0.608438 -0.736555 -0.067256 -0.755813 0.651324
-11.889173 -35.344988 -645.082796 604.733474 0.935209 -0.267337 -0.232197 -0.337965 -0.478228 -0.810603 -0.105661 -0.836558 0.537594
17.029557 -38.496441 -439.332010 275.098757 0.986519 -0.148754 0.068211 -0.045039 -0.647518 -0.760718 -0.157328 -0.747391 0.645488
61.120429 -32.727413 10614.896737 -140.109029 -0.886957 0.391338 0.245280 0.408720 0.912388 0.022281 -0.215072 0.120013 -0.969196
36.658976 -36.758925 16422.295803 52.277012 -0.803327 0.402961 0.438506 0.453149 0.891366 0.011040 -0.386421 0.207578 -0.898660
16.080641 -36.332393 -12524.290173 399.577253 0.731680 -0.518889 -0.442039 0.609881 0.787971 0.084537 -0.304448 0.331445 -0.893004
-0.665148 -52.528591 379.363861 7333.994147 0.838170 -0.511333 0.189763 -0.535441 -0.837656 0.107864 -0.103802 0.192015 0.975887
1.534362 -41.762263 26.958147 -3698.132781 0.878848 -0.441235 0.181487 0.451774 0.891925 -0.019242 -0.153382 0.098902 0.983205
3.446872 -45.640158 -8.486342 -4462.786089 0.815994 -0.540879 0.203968 0.552996 0.833179 -0.002907 -0.168369 0.115166 0.978973
1.333579 -56.189411 682.195635 6171.646498 0.802074 -0.568036 0.184425 -0.593336 -0.793090 0.137697 -0.068049 0.219869 0.973153
-1.701624 -65.421729 917.774626 5446.425013 0.808555 -0.560031 0.180565 -0.588266 -0.762314 0.269853 0.013479 0.324411 0.945820
-0.744028 -66.527450 74.184329 2189.912506 0.866695 -0.492264 0.080721 0.433007 0.822747 0.368229 0.247678 0.284189 -0.926225
-0.668705 -65.844170 44.977255 2521.560773 0.859033 -0.506273 0.075832 0.456004 0.824078 0.336089 0.232644 0.254132 -0.938772
5.077026 -71.773701 581.183796 -1896.537942 0.846779 -0.530238 0.042568 0.253235 0.472194 0.844337 0.467800 0.704187 -0.534119
5.937656 -66.895565 392.234889 -1359.063171 0.857293 -0.512702 0.046744 0.311454 0.588787 0.745873 0.409933 0.624873 -0.664446
4.650613 -64.278004 491.071043 -2302.467557 0.849400 -0.525519 0.048468 0.341860 0.617855 0.708087 0.402059 0.584880 -0.704460
3.727032 -70.941335 1018.958854 -2713.439962 0.831378 -0.552822 0.056556 0.289027 0.517084 0.805660 0.474630 0.653462 -0.589672
1.865923 -81.847787 1110.370581 -2739.660620 0.831589 -0.552626 0.055365 0.157160 0.329755 0.930893 0.532692 0.765419 -0.361071
-15.727114 -43.932497 1553.835885 -1628.600566 0.108346 -0.545050 -0.831373 0.909900 0.391232 -0.137913 0.400430 -0.741524 0.538329
-11.509466 -47.673334 1121.547033 -1884.500445 0.126172 -0.506536 -0.852937 0.885336 0.445366 -0.133526 0.447505 -0.738289 0.504648
-10.031544 -52.673567 705.042216 -2531.247468 0.020275 -0.589278 -0.807676 0.822334 0.469297 -0.321755 0.568643 -0.657656 0.494099
-15.031304 -43.625647 -42.922717 -2423.111141 -0.050364 -0.666823 -0.743512 0.879039 0.323786 -0.349933 0.474083 -0.671200 0.569856
-19.839707 -36.349481 678.798359 -973.498977 0.082975 -0.619469 -0.780624 0.934168 0.321145 -0.155551 0.347053 -0.716327 0.605335
0.225028 -39.039416 2357.038621 -2075.736315 0.876762 -0.473667 0.083230 -0.212051 -0.225422 0.950904 0.431650 0.851366 0.298083
59.301857 -41.281071 21807.833766 -2988.612674 0.812787 -0.542128 0.213246 -0.342617 -0.148791 0.927618 0.471159 0.827018 0.306678
-3.056791 -36.537122 1545.022035 -840.736743 0.881800 -0.468613 0.053196 -0.147575 -0.167033 0.974844 0.447940 0.867468 0.216446
-8.385669 -39.056334 -410.215823 -1372.507599 0.906851 -0.421452 0.000477 -0.113146 -0.242369 0.963564 0.405980 0.873863 0.267478
102.661753 -32.537595 37361.764605 -2265.393950 0.699126 -0.268477 0.662679 -0.381046 0.644337 0.663049 0.605002 0.716066 -0.348171
4.635765 -44.569394 7861.425502 -30.549312 0.814409 -0.430289 0.389345 -0.072045 0.590782 0.803608 0.575802 0.682516 -0.450138
170.450913 -41.870124 50127.833793 -64.359653 0.702135 -0.322838 0.634651 -0.439734 0.504432 0.743090 0.560036 0.800827 -0.212216
404.064242 -37.970672 107080.527578 -3064.386014 0.709084 -0.047327 0.703534 -0.543339 0.599259 0.587938 0.449425 0.799155 -0.399210
45.739895 -38.493530 23420.255001 -989.860551 0.744746 -0.316172 0.587698 -0.343724 0.573116 0.743903 0.572021 0.756025 -0.318150
-2.910067 -174.100685 -263.549146 -8911.419472 0.247237 -0.408385 -0.878690 0.815524 0.577414 -0.038898 0.523253 -0.706976 0.475806
-6.383168 -152.996976 -9.355413 -2075.122313 0.253349 -0.410090 -0.876151 0.938915 0.322312 0.120637 0.232922 -0.853195 0.466697
2.409917 -2252.933603 8879.558885 810107.089977 -0.232896 0.258451 0.937530 0.696775 -0.628178 0.346260 0.678427 0.733890 -0.033782
26.137259 -1060.430003 -1962.500817 -289448.291578 -0.232125 0.296135 0.926511 0.932852 -0.202022 0.298285 0.275508 0.933537 -0.229355
20.707999 -568.940418 -2089.142550 14700.662345 -0.242195 0.349085 0.905252 0.679115 -0.605364 0.415135 0.692924 0.715314 -0.090453
13.183591 -359.137050 2373.643138 -37472.516101 0.174196 -0.303172 -0.936879 -0.229930 0.912602 -0.338068 0.957491 0.274306 0.089263
11.194440 -322.993201 287.786491 -50822.019903 0.198781 -0.219622 -0.955119 -0.159208 0.954386 -0.252588 0.967026 0.202272 0.154748
-9.920365 -35.494466 2394.757634 783.752217 0.979912 0.037146 0.195942 0.165778 0.394455 -0.903838 0.110865 -0.918164 -0.380373
-0.474215 -35.183536 3566.700087 893.994315 0.978741 0.076574 0.190271 0.140242 0.427077 -0.893273 0.149662 -0.900967 -0.407258
-1.366743 -37.769318 3597.023342 691.433276 0.982648 0.082013 0.166360 0.133494 0.309973 -0.941327 0.128769 -0.947201 -0.293646
-6.200059 -32.324564 2683.013360 828.644188 0.978242 0.045015 0.202526 0.152680 0.504737 -0.849664 0.140470 -0.862099 -0.486882
-10.221819 -38.421057 3124.604675 968.505708 0.982808 0.062179 0.173847 0.149578 0.283844 -0.947132 0.108237 -0.956852 -0.269664
-12.100979 -32.097610 979.239721 838.481853 0.970417 -0.021414 0.240484 0.217536 0.509633 -0.832437 0.104733 -0.860125 -0.499215
-4.195663 -26.312566 700.577658 -598.576812 0.892506 -0.322261 0.315566 0.192937 -0.359624 -0.912933 -0.407687 -0.875682 0.258790
-5.789408 -24.312457 776.427793 -448.772822 0.885181 -0.305771 0.350654 0.184158 -0.461857 -0.867625 -0.427247 -0.832582 0.352517
-7.629152 -26.451211 973.577033 -629.488442 0.881146 -0.321352 0.346863 0.210688 -0.389893 -0.896434 -0.423310 -0.862969 0.275848
-3.073728 -24.145070 428.633891 -683.429851 0.896858 -0.317195 0.308274 0.156227 -0.424866 -0.891673 -0.413810 -0.847865 0.331490
43.416549 -345.505808 -8884.133369 6489.748791 0.770533 -0.591257 0.238106 0.637224 0.705762 -0.309588 -0.015000 -0.390275 -0.920576
46.455848 -304.417429 6753.865685 -11629.331962 -0.795076 0.500046 -0.343233 0.545361 0.837056 -0.043810 0.265398 -0.222019 -0.938228
-35.199538 -63.067471 -2612.463588 -1406.818331 0.804328 -0.276072 0.526157 -0.542318 0.020746 0.839917 0.242793 0.960913 0.133032
-49.761103 -64.959070 1855.217501 -648.457180 0.768033 -0.413972 0.488623 -0.509887 0.066361 0.857678 0.387480 0.907868 0.160112
-48.571708 -58.791591 549.121076 2253.333932 0.833558 0.128815 0.537204 -0.284833 0.933427 0.218139 -0.473341 -0.334845 0.814756
-43.298911 -55.759547 1684.098894 -926.260909 0.748997 0.487498 0.448720 -0.557489 0.829672 0.029180 -0.358065 -0.272012 0.893196
35.273173 -18.864981 -6490.391545 -284.386141 -0.443349 0.895154 -0.046273 -0.322425 -0.207432 -0.923588 0.836352 0.394552 -0.380584
35.263640 -21.755368 -7196.793533 -577.194728 -0.527358 0.828470 -0.188495 -0.276852 -0.377299 -0.883741 0.803272 0.413863 -0.428335
133.942677 -65.899271 29593.690314 1955.092301 0.894861 0.377853 0.237593 -0.119211 -0.310645 0.943021 -0.430130 0.872197 0.232940
215.988055 -49.993652 54917.622439 -2710.875098 0.918075 0.253211 0.304995 -0.241242 -0.253630 0.936736 -0.314548 0.933572 0.171767
44.920176 -34.662606 11464.068478 -504.862362 0.885948 0.023578 0.463185 -0.425816 -0.354407 0.832512 -0.183785 0.934794 0.303946
120.016783 -31.992206 46344.572236 933.280091 -0.349020 0.715936 0.604666 0.937101 0.263109 0.229379 0.005128 0.646691 -0.762734
-12.093317 -24.777473 4191.480511 65.779455 -0.674670 0.657161 0.336095 0.736670 0.570976 0.362358 0.046225 0.492063 -0.869331
