17562
35109
-40.990320 -56.522006 441.423471 5508.687422 0.217823 0.960505 -0.173158 0.956492 -0.245370 -0.157848 0.194102 0.131242 0.972163
-48.077670 -70.347068 -763.296784 6273.016346 0.033949 -0.988455 0.147665 0.996978 0.023165 -0.074146 0.069869 0.149736 0.986254
-46.842046 -78.159167 -1670.842181 12853.947336 -0.391143 0.920113 -0.019977 0.910523 0.383723 -0.153964 0.133999 0.078411 0.987874
-39.417415 -59.695112 -495.173559 4321.758205 -0.332079 -0.905812 0.263111 0.932730 -0.356889 -0.051438 0.140495 0.228330 0.963393
-38.377927 -54.557067 -3160.719189 9107.477627 -0.148793 0.988778 -0.013370 0.954420 0.140059 -0.263564 0.258733 0.051977 0.964549
-31.841599 -46.338152 1473.459384 4201.997793 0.584360 0.765891 -0.268205 0.754963 -0.634300 -0.166416 0.297579 0.105238 0.948879
-33.120551 -50.014940 1729.752121 2449.668654 0.602828 0.730340 -0.321250 0.757873 -0.650026 -0.055635 0.249454 0.209928 0.945359
57.213742 -76.208190 -5762.936982 -2512.832704 -0.224348 0.962311 0.153707 0.187921 0.197488 -0.962125 0.956218 0.186966 0.225144
74.075168 -88.307138 -8931.327238 -4085.377758 -0.373886 0.912202 0.167623 0.192550 0.253136 -0.948075 0.907267 0.322196 0.270288
65.839532 -92.341778 -8537.125176 -6503.788467 -0.293761 0.948765 0.116399 0.059232 0.139606 -0.988434 0.954042 0.283469 0.097208
57.546898 -74.992776 -3203.130290 -9352.277053 -0.187210 0.977103 0.101106 0.129826 0.126634 -0.983417 0.973703 0.170979 0.150561
60.553947 -86.402557 -3852.639601 -10013.478303 -0.187283 0.979285 0.076984 0.012953 0.080826 -0.996644 0.982221 0.185658 0.027822
-54.977462 -72.452431 -1559.596147 -1811.229465 0.744219 -0.663703 -0.075080 0.430656 0.390877 0.813481 0.510563 0.637741 -0.576725
-52.135185 -69.795507 -2215.370611 1298.129758 0.741437 -0.642818 -0.192502 0.422856 0.224840 0.877861 0.521023 0.732279 -0.438524
-56.636329 -71.982533 -2109.665572 529.275308 0.687879 -0.718005 -0.106266 0.399781 0.252601 0.881117 0.605803 0.648585 -0.460804
7.004832 -37.285499 -91.937965 -3542.540889 -0.427522 -0.834044 0.348706 0.859566 -0.255594 0.442513 -0.279948 0.488920 0.826188
8.549677 -41.482371 314.141226 -4786.634077 -0.471449 -0.825018 0.311578 0.847031 -0.325253 0.420415 -0.245508 0.462121 0.852156
6.507587 -34.404020 252.887605 -3755.984299 -0.474600 -0.825432 0.305642 0.826742 -0.298866 0.476631 -0.302081 0.478896 0.824261
4.043220 -27.545126 163.230320 -1446.754627 -0.453740 -0.833910 0.314188 0.819673 -0.252218 0.514317 -0.349651 0.490898 0.797975
5.095070 -30.880380 -83.561349 -2128.824752 -0.409919 -0.839694 0.356202 0.847804 -0.206712 0.488363 -0.336444 0.502179 0.796632
8.664876 -40.565204 6308.898582 -454.188221 0.156875 0.978049 -0.137151 0.467281 -0.195848 -0.862144 0.870080 -0.071160 0.487747
7.328332 -41.331359 5729.952355 -476.179253 0.140354 0.985446 -0.095900 0.401024 -0.145139 -0.904497 0.905252 -0.088491 0.415559
16.708879 -43.853713 4985.422117 -167.134999 0.153894 0.987343 -0.038349 0.431825 -0.102114 -0.896158 0.888731 -0.121353 0.442074
22.095576 -44.425669 5400.368733 -573.160988 0.199828 0.975219 -0.094956 0.516433 -0.187183 -0.835619 0.832686 -0.117942 0.541040
25.017681 -44.078776 4938.072969 979.558554 -0.389792 0.920069 0.039178 -0.121712 -0.009301 -0.992522 0.912824 0.391646 -0.115609
25.179963 -46.284865 4764.880446 364.854960 -0.387263 0.921887 0.012336 -0.000702 0.013086 -0.999914 0.921969 0.387239 0.004421
15.746695 -44.098433 5336.385046 786.893037 -0.431346 0.901868 0.023976 -0.050643 0.002329 -0.998714 0.900764 0.432006 -0.044669
4.283076 -44.406195 4945.089183 598.539051 -0.446389 0.894616 0.019978 0.006997 0.025815 -0.999642 0.894812 0.446089 0.017783
4.958781 -41.745306 4216.685232 956.569330 -0.438879 0.897198 0.049206 -0.120144 -0.004324 -0.992747 0.890478 0.441607 -0.109691
16.544785 -41.868745 5095.990587 936.730442 -0.425031 0.903674 0.052165 -0.158333 -0.017481 -0.987231 0.891223 0.427863 -0.150511
0.232624 -43.850759 -1161.263898 -1269.627956 0.328212 0.879515 0.344573 0.648146 0.055674 -0.759478 0.687156 -0.472603 0.551781
-1.562431 -43.594132 -74.644621 -4686.863481 0.335934 0.884739 0.323089 0.623230 0.048398 -0.780539 0.706210 -0.463568 0.535137
-2.711720 -44.376863 -133.395906 279.729676 0.334239 0.887417 0.317451 0.654741 0.023651 -0.755483 0.677937 -0.460360 0.573123
-1.791592 -41.759539 -439.408084 1604.562421 0.340332 0.883118 0.322917 0.681612 0.004873 -0.731698 0.647749 -0.469125 0.600286
2.375178 -43.960703 191.746031 843.626936 0.227730 0.891588 0.391419 0.849579 0.014475 -0.527262 0.475767 -0.452615 0.754179
3.422508 -39.875887 1126.201436 262.775261 0.219661 0.897350 0.382769 0.791773 0.065239 -0.607322 0.569952 -0.436470 0.696167
4.129613 -40.692877 -625.928150 376.330165 0.248343 0.885232 0.393306 0.792051 0.048175 -0.608551 0.557657 -0.462648 0.689185
4.831001 -40.829108 502.119658 389.700055 0.230551 0.893050 0.386403 0.719299 0.111023 -0.685772 0.655329 -0.436044 0.616773
4.554359 -40.064929 301.621565 517.098757 0.253124 0.890825 0.377306 0.726243 0.082689 -0.682447 0.639139 -0.446760 0.626025
0.077200 -40.682277 -1600.826998 -3398.226278 -0.122587 0.848109 0.515445 0.080705 -0.509124 0.856901 -0.989171 -0.146644 0.006035
-4.961422 -52.515087 -2431.129088 -13214.171659 -0.152990 0.879365 0.450900 0.066288 -0.446112 0.892519 -0.986002 -0.166436 -0.009959
-2.426584 -33.916565 -3104.510450 -1691.287234 -0.151259 0.866762 0.475230 0.058621 -0.472050 0.879621 -0.986754 -0.160909 -0.020591
-2.414302 -67.605821 -2413.726925 -15426.751966 -0.136615 0.843021 0.520243 0.110289 -0.508958 0.853697 -0.984466 -0.174005 0.023445
-2.572088 -38.166781 -1224.676371 6653.142695 -0.126125 0.874777 0.467823 0.049467 -0.465456 0.883687 -0.990780 -0.134597 -0.015433
4.826116 -48.278802 -3139.819526 -8993.633745 -0.113205 0.814997 0.568300 0.102675 -0.559318 0.822570 -0.988252 -0.151470 0.020362
0.978876 -45.124881 -356.068656 8589.499949 -0.105438 0.910546 0.399735 0.049081 -0.396721 0.916626 -0.993214 -0.116266 0.002861
4.942749 -40.241225 -1586.118788 4782.272946 -0.100617 0.877567 0.468777 0.090325 -0.461166 0.882705 -0.990817 -0.131157 0.032865
0.990461 -70.252824 1265.190162 -6908.829462 0.125915 0.946776 0.296244 0.630007 -0.306988 0.713337 -0.766314 -0.096816 0.635130
0.506238 -92.744969 2156.673691 -11236.799935 0.154490 0.936780 0.313969 0.746898 -0.318758 0.583556 -0.646743 -0.144349 0.748923
-0.008825 -92.035367 1854.998534 -11090.627015 0.145550 0.936589 0.318772 0.739647 -0.316999 0.593661 -0.657067 -0.149371 0.738885
0.730281 -90.619610 -937.493804 -11131.382958 0.129487 0.933238 0.335112 0.739972 -0.315910 0.593837 -0.660057 -0.171079 0.731476
0.333135 -69.636173 474.600024 -5918.381740 0.115596 0.946090 0.302573 0.621779 -0.306473 0.720740 -0.774615 -0.104819 0.623686
-1.244131 -166.829923 -1682.913885 11138.046207 0.343710 0.896326 0.280113 0.763790 -0.093288 -0.638688 0.546342 -0.433471 0.716668
-1.002168 -144.282504 -514.364837 14597.249199 0.361848 0.901319 0.238096 0.528409 0.012112 -0.848904 0.768017 -0.432986 0.471882
-0.988629 -147.531339 -8.678465 12422.057918 0.342858 0.903025 0.258831 0.688811 -0.054323 -0.722903 0.638739 -0.426139 0.640639
-14.213110 -80.387632 2286.698462 781.373567 0.074189 0.919742 0.385449 -0.815362 0.278485 -0.507573 0.574178 0.276625 -0.770583
-12.511296 -80.222004 591.210717 522.772436 0.067708 0.917153 0.392742 -0.810945 0.279901 -0.513833 0.581192 0.283702 -0.762712
-14.343177 -85.065830 1347.964811 4731.956384 0.069360 0.918725 0.388759 -0.727522 0.313222 -0.610413 0.682569 0.240492 -0.690118
-13.064616 -76.841749 747.326812 -2042.884259 0.080511 0.921362 0.380277 -0.892920 0.236215 -0.383272 0.442959 0.308700 -0.841720
-14.707046 -84.778331 2278.737175 4748.097562 0.078702 0.923080 0.376468 -0.744525 0.305557 -0.593563 0.662939 0.233575 -0.711305
-7.837816 -152.790082 -351.970969 13595.622854 0.722091 -0.102050 0.684229 0.588747 0.610009 -0.530345 0.363264 -0.785796 -0.500564
-8.533249 -162.349210 929.633196 5906.747771 0.706236 -0.091399 0.702052 0.682023 0.353866 -0.640018 0.189935 -0.930820 -0.312249
-8.212063 -162.556198 -360.257145 12545.219453 0.707142 -0.124312 0.696058 0.638586 0.534938 -0.553217 0.303577 -0.835696 -0.457661
-7.106762 -154.923771 432.307843 10489.886177 0.715368 -0.077231 0.694467 0.587309 0.604926 -0.537711 0.378573 -0.792528 -0.478103
-6.371707 -38.999125 183.092573 -193.982092 -0.261147 -0.941374 -0.213584 0.962012 -0.235563 -0.137997 0.079595 -0.241508 0.967129
-6.544773 -44.042164 37.265823 3975.653703 -0.265722 -0.944751 -0.191932 0.963043 -0.251035 -0.097619 0.044044 -0.210779 0.976541
-6.941188 -44.692576 -491.837295 3201.734658 -0.240119 -0.946796 -0.214291 0.969346 -0.222017 -0.105249 0.052073 -0.232995 0.971083
-6.664532 -225.962005 514.671448 -2288.558862 0.826272 0.093856 0.555396 0.539504 0.151529 -0.828236 0.161893 -0.983987 -0.074569
-8.907028 -220.438096 155.769755 27779.590078 0.823746 0.076324 0.561798 0.444115 0.529083 -0.723072 0.352426 -0.845131 -0.401933
-7.752383 -236.243410 1183.469532 17325.292336 0.812135 0.108412 0.573309 0.505517 0.359918 -0.784163 0.291356 -0.926664 -0.237498
-6.163055 -231.460155 278.214374 -10349.298221 0.822683 0.101069 0.559444 0.564845 -0.033907 -0.824500 0.064362 -0.994301 0.084983
-4.068224 -217.173726 84.962787 -21508.702920 0.837180 0.092729 0.539009 0.543387 -0.252984 -0.800456 -0.062135 -0.963016 0.262181
-5.362552 -216.095642 162.392185 -12265.060269 0.843947 0.081564 0.530189 0.530250 0.022715 -0.847537 0.081171 -0.996409 0.024079
-2.907946 -111.190225 -383.336728 1033.554164 0.751156 -0.214258 0.624387 0.013658 0.950703 0.309802 -0.659984 -0.224182 0.717052
-3.800730 -114.233678 -766.792982 -2820.769448 0.751847 -0.228184 0.618593 0.167052 0.973517 0.156070 -0.637824 -0.014004 0.770055
-3.135698 -113.500770 62.219607 -4948.353986 0.759399 -0.223100 0.611178 0.126474 0.972071 0.197692 -0.638214 -0.072829 0.766406
-1.844200 -107.688958 123.260908 325.531604 0.757533 -0.238206 0.607785 0.109755 0.964268 0.241125 -0.643505 -0.115952 0.756609
-0.443963 -9.650077 -191.679339 364.096083 -0.104251 0.874952 0.472853 -0.706658 0.269389 -0.654266 0.699833 0.402353 -0.590208
2.889755 -13.826276 1024.062149 740.074073 -0.176714 0.897265 0.404583 -0.681322 0.185140 -0.708183 0.710332 0.400797 -0.578610
1.489698 -11.177031 -894.776182 1452.499031 -0.292510 0.916309 0.273524 -0.638077 0.026020 -0.769533 0.712247 0.399625 -0.577065
3.453709 -16.154511 139.006754 1628.232228 -0.293043 0.916553 0.272132 -0.618849 0.035131 -0.784724 0.728802 0.398367 -0.556913
-0.319276 -6.702367 -911.719994 929.514567 -0.261577 0.913836 0.310612 -0.665414 0.062370 -0.743864 0.699143 0.401264 -0.591765
2.640506 -14.470870 -254.658551 2021.857190 -0.355481 0.912698 0.201534 -0.591268 -0.052589 -0.804759 0.723903 0.405237 -0.558343
2.054856 -10.191734 -378.035889 1593.996745 -0.367634 0.909737 0.192936 -0.603222 -0.075377 -0.794003 0.707791 0.408286 -0.576485
-9.658070 -70.624895 3577.831817 6344.005728 0.900111 -0.106418 0.422463 -0.298015 -0.857737 0.418897 -0.317784 0.502954 0.803773
-14.961428 -58.490193 2641.158287 4280.088335 0.912066 -0.003256 0.410030 -0.186756 -0.893529 0.408323 -0.365045 0.448993 0.815566
-9.854435 -62.301492 5109.692084 1509.346281 0.929414 0.015202 0.368727 -0.137259 -0.913231 0.383627 -0.342565 0.407159 0.846682
-17.705573 -67.330225 2932.254521 8548.641415 0.879127 -0.096466 0.466723 -0.323772 -0.839509 0.436345 -0.349726 0.534714 0.769267
-116.092533 -931.166592 10016.781513 12905.137630 0.369883 -0.190307 0.909379 -0.568282 0.728002 0.383494 -0.735012 -0.658632 0.161128
-109.289215 -2773.006760 18586.140336 1302443.276017 -0.536347 0.236276 -0.810250 0.802989 -0.152756 -0.576085 -0.259885 -0.959604 -0.107797
-51.322290 -1095.690298 -9286.468230 412270.922881 -0.521004 0.113375 -0.845991 0.765923 -0.375344 -0.521995 -0.376719 -0.919925 0.108720
-69.330729 -6098.861911 -6180.046914 3185466.992626 0.438121 -0.113052 0.891779 -0.347382 0.893696 0.283960 -0.829081 -0.434197 0.352275
172.063455 -22659.635152 -192134.369714 11222427.772957 0.412715 -0.059971 0.908884 -0.094197 0.989670 0.108076 -0.905976 -0.130219 0.402803
-84.045615 -1079.180845 -7288.927827 306092.335296 0.372696 -0.277498 0.885490 -0.258039 0.885612 0.386143 -0.891355 -0.372405 0.258459
18.548025 -39.600604 2889.222324 2526.397288 0.128154 0.991681 -0.012034 -0.414883 0.042586 -0.908878 0.900804 -0.121469 -0.416889
17.423360 -37.537952 -2201.811409 2467.565311 0.205231 0.978499 -0.020484 -0.430574 0.071474 -0.899721 0.878912 -0.193470 -0.435985
18.450289 -42.605588 -563.376500 2774.707080 0.187991 0.982103 -0.011523 -0.352204 0.056457 -0.934219 0.916849 -0.179684 -0.356515
15.046124 -37.777527 4645.773076 2083.749640 0.078952 0.996863 -0.005505 -0.444935 0.030296 -0.895050 0.892076 -0.073116 -0.445932
16.420772 -35.874633 2884.076363 1391.436196 0.089513 0.995519 -0.030472 -0.498117 0.018253 -0.866918 0.862477 -0.092779 -0.497519
13.987876 -41.671885 5222.360577 2674.212262 0.074888 0.997165 0.007289 -0.371090 0.034652 -0.927950 0.925572 -0.066787 -0.372633
17.454671 -45.130751 3253.451052 2037.463361 0.110660 0.993853 -0.003130 -0.290249 0.029305 -0.956502 0.950531 -0.106755 -0.291708
-10.840924 -47.571207 -44.603005 1767.300548 0.161618 0.969582 -0.183823 -0.319771 -0.124769 -0.939244 0.933609 -0.210580 -0.289879
-9.775249 -48.685108 -891.469889 846.141549 0.186271 0.971301 -0.147913 -0.208226 -0.108100 -0.972089 0.960180 -0.211871 -0.182114
-7.131471 -46.486711 -1733.667790 1691.271300 0.203794 0.969305 -0.137536 -0.302103 -0.071366 -0.950600 0.931237 -0.235276 -0.278286
22.996757 -56.462675 4871.650292 -2168.809253 -0.720528 -0.116847 -0.683511 0.038223 0.977509 -0.207399 0.692372 -0.175563 -0.699856
12.113147 -62.993892 4219.825147 774.233478 -0.742584 0.055934 -0.667413 0.149975 0.985089 -0.084308 0.652746 -0.162701 -0.739900
30.318841 -57.383374 8030.066404 436.736802 -0.752753 -0.084321 -0.652880 0.123713 0.955973 -0.266104 0.646574 -0.281080 -0.709180
-6.477516 -34.012442 -1375.655377 -8.154282 -0.047885 0.988941 0.140366 0.328696 0.148302 -0.932720 0.943221 -0.001474 0.332162
-11.152840 -35.102788 -1427.695619 147.480738 -0.080236 0.976275 0.201121 0.270702 0.215530 -0.938225 0.959314 0.020835 0.281573
-10.008314 -35.520609 -1050.997414 36.235160 -0.062543 0.990151 0.125260 0.361298 0.139455 -0.921963 0.930350 0.012406 0.366462
-1.894171 -61.130070 426.309292 -3200.818491 -0.006586 0.932551 0.360979 0.290197 -0.343669 0.893128 -0.956944 -0.110637 0.268360
-0.303226 -56.100316 -383.805058 -2255.169129 -0.030677 0.944023 0.328449 0.183606 -0.317690 0.930248 -0.982521 -0.088842 0.163582
-1.393326 -57.875134 744.153840 -2516.668728 -0.009345 0.938447 0.345297 0.170725 -0.338745 0.925259 -0.985274 -0.067597 0.157051
-1.742372 -59.585299 -1150.830036 -3760.178305 -0.036302 0.934698 0.353585 0.284531 -0.329507 0.900260 -0.957979 -0.133287 0.253989
-6.748302 -104.359186 674.898758 1101.172425 -0.059354 -0.961169 -0.269502 0.978907 -0.003171 -0.204281 0.195494 -0.275943 0.941083
-5.150307 -109.669382 -118.220868 4214.558132 -0.059393 -0.961813 -0.267186 0.997383 -0.046120 -0.055686 0.041237 -0.269794 0.962035
-7.749701 -106.119402 -12.914883 1958.890707 -0.077421 -0.960476 -0.267379 0.983443 -0.029498 -0.178800 0.163846 -0.276795 0.946858
5.552660 -24.100353 606.913211 2102.463490 -0.376813 0.910865 0.168338 -0.513827 -0.054334 -0.856171 0.770710 0.409113 -0.488501
8.093065 -28.860535 1463.800771 1911.081425 -0.380896 0.911913 0.152748 -0.458910 -0.043033 -0.887440 0.802695 0.408120 -0.434877
3.860161 -26.226770 1011.340642 1565.894567 -0.403008 0.904628 0.138683 -0.472282 -0.075770 -0.878185 0.783922 0.419413 -0.457776
1.900281 -186.584955 1395.538160 11776.449188 0.137608 0.981094 0.136081 -0.840280 0.042895 0.540454 -0.524399 0.188717 -0.830296
2.536113 -160.593309 501.636493 8902.556346 0.110123 0.985366 0.130099 -0.666220 -0.023956 0.745370 -0.737579 0.168757 -0.653833
2.197461 -179.314761 539.455682 7479.983387 0.124615 0.983698 0.129654 -0.842704 0.035952 0.537176 -0.523757 0.176200 -0.833446
11.042486 -61.138154 66.082921 -4717.354519 0.169324 -0.715891 0.677369 0.888535 -0.186484 -0.419200 0.426420 0.672847 0.604519
-7.209918 -135.007783 -392.262789 -41773.524569 -0.020657 -0.591152 0.806296 0.895962 -0.368811 -0.247447 0.443649 0.717299 0.537269
13.071518 -64.928353 -1112.057699 -7207.772837 0.217145 -0.714570 0.665010 0.846160 -0.201874 -0.493214 0.486685 0.669803 0.560805
13.912588 -64.836581 -687.918120 5393.342658 0.132824 -0.730005 0.670411 0.862492 -0.248129 -0.441066 0.488329 0.636808 0.596666
-10.353121 -50.428812 -1435.395013 1463.996621 0.314124 0.930843 0.186699 0.936197 -0.336373 0.101921 -0.157673 -0.142771 0.977116
-10.631103 -55.465419 -1634.045590 -2133.893273 0.300050 0.934724 0.190425 0.906938 -0.341407 0.246787 -0.295690 -0.098655 0.950176
-9.478956 -53.764907 -625.679614 -953.842871 0.274626 0.942650 0.189714 0.926812 -0.312055 0.208905 -0.256125 -0.118459 0.959358
-7.890137 -48.104116 81.176909 3592.917933 -0.289358 -0.939769 -0.181954 0.954341 -0.297961 0.021260 -0.074194 -0.167495 0.983077
-9.509330 -47.796907 1054.113730 4748.911742 -0.290753 -0.939566 -0.180773 0.956793 -0.284918 -0.058035 0.003022 -0.189836 0.981811
-11.142373 -49.420824 1145.632847 5002.257241 -0.309999 -0.936831 -0.162015 0.949922 -0.312256 -0.012000 -0.039348 -0.157622 0.986715
32.237690 -69.489459 520.723266 3160.076454 -0.373603 0.920978 0.110545 -0.717007 -0.362337 0.595494 -0.588491 -0.143217 -0.795718
42.802123 -55.770223 5328.736180 4053.290664 -0.345134 0.938407 0.016572 -0.776594 -0.295448 0.556428 -0.527053 -0.179172 -0.830730
36.458310 -70.845225 -1284.342150 -6288.438811 -0.281706 0.959491 0.004247 -0.884601 -0.261427 0.386183 -0.371649 -0.105033 -0.922413
44.277321 -70.891853 -774.401691 -6349.320861 -0.180368 0.983591 0.004109 -0.962050 -0.177285 0.207434 -0.204759 -0.033462 -0.978240
42.515174 -86.614756 -3823.535364 -9024.078632 -0.279719 0.953757 0.110018 -0.883325 -0.300558 0.359726 -0.376158 -0.003441 -0.926549
32.876222 -84.760525 -3751.657011 -2293.381817 -0.337712 0.934740 0.110508 -0.783796 -0.344282 0.516851 -0.521167 -0.087931 -0.848913
-56.613694 -283.890867 4341.282467 113986.181443 -0.230677 0.970501 -0.070113 0.973010 0.230540 -0.010151 0.006312 -0.070563 -0.997487
-23.656690 -62.840284 2280.906718 -7907.673882 0.374167 0.891004 -0.257122 -0.843039 0.442327 0.305993 -0.386373 -0.102272 -0.916655
-15.848743 -53.560053 5082.360404 -4589.917714 -0.669942 -0.614013 0.417331 -0.648513 0.757633 0.073635 -0.361397 -0.221314 -0.905766
1.089022 -38.575294 18627.147458 -4537.382677 -0.860543 -0.258567 0.438873 -0.361737 0.916807 -0.169148 -0.358626 -0.304316 -0.882485
-35.736615 -58.020004 8314.496415 15593.253737 0.574018 0.725301 -0.380056 0.784425 -0.620222 0.001122 -0.234905 -0.298770 -0.924963
2.049777 -41.349248 5819.329505 2271.070817 -0.033708 0.946533 -0.320842 -0.721057 0.199261 0.663605 -0.692056 -0.253714 -0.675787
-4.214138 -39.549952 1113.475573 2218.619656 -0.086345 0.950333 -0.299019 -0.731641 0.143228 0.666474 -0.676200 -0.276321 -0.682935
-9.441076 -34.615763 6655.786412 3396.747349 0.026668 0.925274 -0.378360 -0.667374 0.298272 0.682382 -0.744245 -0.234310 -0.625459
3.182041 -35.008649 9598.416162 3328.715994 0.071138 0.912517 -0.402804 -0.646635 0.349666 0.677936 -0.759475 -0.212240 -0.614941
107.107377 -49.509975 2707.765999 11613.091663 0.665658 -0.121985 0.736220 0.473745 -0.693185 -0.543194 -0.576598 -0.710362 0.403634
94.667733 -61.784435 11772.114200 14686.590612 0.762665 0.074997 0.642431 0.484818 -0.723746 -0.491064 -0.428128 -0.685979 0.588335
107.155191 -37.413853 14344.898019 5265.767993 0.768049 0.084798 0.634752 0.505041 -0.689641 -0.518969 -0.393743 -0.719169 0.572505
116.287339 -29.772256 1704.795971 3154.727701 0.663068 -0.127899 0.737551 0.497250 -0.661238 -0.561700 -0.559538 -0.739193 0.374848
113.208781 -33.677037 17375.303573 -2332.599403 0.789729 0.119762 0.601652 0.521559 -0.647412 -0.555728 -0.322962 -0.752672 0.573743
-14.221858 -29.754497 4619.481486 1309.973957 0.032393 0.994764 -0.096928 0.593438 0.058891 0.802722 -0.804228 0.083524 0.588423
-23.929506 -30.790428 3866.514360 967.206050 -0.126334 0.955585 -0.266266 0.542491 0.291276 0.787948 -0.830508 0.044902 0.555194
-22.319495 -28.747111 3561.459405 1683.847742 -0.142649 0.957742 -0.249763 0.612931 0.283615 0.737481 -0.777153 0.047887 0.627487
-12.494044 -27.572529 3948.462183 1720.785664 0.024706 0.994992 -0.096849 0.653966 0.057188 0.754359 -0.756120 0.081973 0.649279
-1.319044 -40.020950 5234.165858 127.491096 -0.021425 0.966129 -0.257169 0.471957 0.236536 0.849298 -0.881361 0.103177 0.461039
2.817210 -39.194353 7622.302449 -881.191064 -0.034155 0.952516 -0.302568 0.360828 0.294077 0.885055 -0.932007 0.078946 0.353739
-11.827281 -41.367135 754.158657 124.252151 -0.047132 0.965660 -0.255498 0.421438 0.251126 0.871393 -0.905632 0.066606 0.418802
2.732444 -47.149149 466.043034 3838.327482 0.117742 0.987336 -0.106323 -0.661233 0.157830 0.733390 -0.740883 0.016046 -0.671442
3.244051 -47.018301 4.601911 2572.371805 0.115782 0.986299 -0.117510 -0.655813 0.164761 0.736724 -0.745991 0.008235 -0.665905
2.871960 -50.978888 1155.283793 4486.901076 0.130036 0.985768 -0.106543 -0.711736 0.167616 0.682156 -0.690306 0.012875 -0.723403
2.124335 -48.406473 925.284110 3239.607995 0.123843 0.986737 -0.104948 -0.664115 0.161002 0.730089 -0.737302 0.020719 -0.675246
13.102248 -68.986846 -391.900169 3482.327426 0.218651 0.970797 -0.098721 0.975645 -0.219314 0.004218 -0.017556 -0.097239 -0.995106
12.995743 -65.337696 -237.445991 1526.350227 0.200001 0.977604 -0.065499 0.979778 -0.199150 0.019349 0.005872 -0.068044 -0.997665
11.799136 -72.513856 -382.062346 -9254.878753 0.207953 0.975231 -0.075369 -0.974996 0.212840 0.063889 -0.078348 -0.060199 -0.995107
11.067167 -75.093663 1056.106133 -6204.291015 0.217793 0.972659 -0.080632 -0.962594 0.227712 0.146835 -0.161181 -0.045637 -0.985869
11.734357 -70.153260 -348.653736 5180.936116 0.214263 0.969002 -0.122992 0.973425 -0.222250 -0.055221 -0.080844 -0.107892 -0.990870
12.750222 -66.854126 -1001.145697 135.103843 0.221162 0.968054 -0.118149 0.974828 -0.215932 0.055531 0.028244 -0.127456 -0.991442
-16.412741 -74.752636 64.460625 1688.356913 0.292045 0.955024 -0.051374 -0.325311 0.048680 -0.944353 0.899379 -0.292507 -0.324896
-16.299485 -74.730757 1052.949075 754.724801 0.252539 0.967207 -0.027105 -0.292394 0.049581 -0.955012 0.922350 -0.249103 -0.295327
-15.934657 -76.264553 1549.910682 748.087687 0.269294 0.962123 -0.042420 -0.171126 0.004458 -0.985239 0.947732 -0.272579 -0.165845
-14.783938 -79.860583 1347.479829 1600.683579 0.255507 0.966021 -0.038990 -0.014256 -0.036560 -0.999230 0.966702 -0.255866 -0.004430
-15.953593 -79.491579 -106.638536 1223.805514 0.317201 0.946970 -0.051294 -0.045272 -0.038905 -0.998217 0.947277 -0.318958 -0.030530
-8.264199 -44.982915 -1366.730567 -8214.670086 -0.044387 -0.974210 -0.221235 0.999013 -0.043636 -0.008281 -0.001586 -0.221384 0.975185
-3.766561 -34.222369 -933.382562 -4357.193038 0.044026 -0.973900 -0.222665 0.996056 0.025604 0.084956 -0.077038 -0.225527 0.971186
-5.919851 -35.185359 -376.568091 -7857.661580 -0.043095 -0.970731 -0.236271 0.995939 -0.060453 0.066720 -0.079050 -0.232436 0.969394
22.002301 -10.822678 -4232.132944 -373.827712 0.096327 0.725268 0.681694 0.399677 -0.655424 0.640842 -0.911581 -0.210726 0.353008
32.556993 -14.997985 -3800.463299 3062.142958 0.227890 0.673566 0.703118 -0.379777 0.726415 -0.572792 -0.896569 -0.136495 0.421348
18.966955 -10.179219 -2199.833800 2328.379361 0.163417 0.683078 0.711828 -0.395956 0.706276 -0.586850 -0.903611 -0.185952 0.385886
12.575416 -9.534152 -3831.949883 16.435656 0.012152 0.785923 0.618205 0.432616 -0.561524 0.705361 -0.901497 -0.258873 0.346826
10.307962 -12.746527 -5226.333058 2786.756167 0.026836 0.717541 0.695999 0.434911 -0.635282 0.638176 -0.900073 -0.285571 0.329115
17.890716 -13.409735 -7670.783101 3585.816324 0.029547 0.711848 0.701711 0.425262 -0.644266 0.635667 -0.904588 -0.279629 0.321759
96.073723 -67.075132 3223.180693 16550.837960 -0.458135 0.664703 -0.590154 -0.483594 0.370686 0.792924 -0.745821 -0.648661 -0.151623
95.055189 -99.643574 6170.151616 -14106.806131 -0.532145 0.683838 -0.499187 0.560008 -0.157907 -0.813299 -0.634990 -0.712342 -0.298925
80.344298 -63.878594 5577.515418 11371.139121 -0.343871 0.795428 -0.499045 -0.530365 0.274046 0.802254 -0.774897 -0.540548 -0.327631
120.288973 -96.557869 -17680.358347 -22734.247577 0.561488 -0.580809 0.589399 0.512687 -0.314917 -0.798736 -0.649525 -0.750658 -0.120951
84.763969 -42.515506 510.805961 11157.622893 -0.316913 0.736951 -0.597050 -0.473187 0.422708 0.772924 -0.821985 -0.527466 -0.214754
95.520409 -37.133309 -694.774397 11175.990046 -0.404427 0.629052 -0.663876 -0.461515 0.486317 0.741957 -0.789584 -0.606456 -0.093637
109.105758 -58.093125 8756.254310 15638.504871 -0.494104 0.570620 -0.655938 -0.472546 0.457029 0.753541 -0.729768 -0.682289 -0.043825
-8.341422 -41.627398 1860.136309 3746.080935 -0.146820 -0.959243 -0.241446 0.988528 -0.151031 -0.001078 -0.035432 -0.238835 0.970414
-7.532324 -41.804795 2932.346007 8430.973588 -0.145948 -0.953231 -0.264670 0.986515 -0.160266 0.033212 -0.074076 -0.256254 0.963767
-5.674671 -33.279034 1620.108308 -1478.268556 0.000247 -0.971881 -0.235473 0.998779 -0.011391 0.048061 -0.049392 -0.235197 0.970692
-2.015741 -120.827967 -9362.284543 7362.479558 0.461746 0.872879 0.157710 0.231728 0.052918 -0.971340 0.856209 -0.485058 0.177836
0.336169 -131.547211 -8838.021248 3128.845655 0.445437 0.872073 0.202670 0.434739 -0.012788 -0.900466 0.782680 -0.489209 0.384820
12.631969 -128.492380 -8492.051202 15160.063200 0.435759 0.874376 0.213495 0.212750 0.130416 -0.968364 0.874558 -0.467395 0.129194
4.424489 -105.299446 -10824.351745 16259.141430 0.475036 0.863345 0.170224 0.008817 0.188764 -0.981983 0.879922 -0.467978 -0.082058
-7.516719 -197.186367 2383.707174 30323.058459 0.684336 0.306855 0.661456 0.674595 0.077899 -0.734067 0.276779 -0.948563 0.153694
-6.006959 -211.550779 -839.953397 37049.942815 -0.665742 -0.274674 -0.693788 0.688889 0.131046 -0.712923 0.286740 -0.952565 0.101977
2.418955 -153.532556 4211.038748 18666.069367 0.701168 0.310126 0.642017 0.563099 0.311482 -0.765440 0.437360 -0.898221 -0.043770
-9.205909 -239.571081 91.378031 35741.941816 -0.658738 -0.268236 -0.702932 0.751153 -0.181290 -0.634747 0.042827 -0.946141 0.320909
4.174261 -162.088951 4280.823825 21254.052095 0.754630 0.316245 0.574911 0.518618 0.249277 -0.817861 0.401956 -0.915342 -0.024102
-11.180224 -222.952851 357.992857 40658.275307 0.730117 0.301226 0.613345 0.642245 0.004011 -0.766489 0.233346 -0.953544 0.190532
-15.261528 -228.101976 119.340095 30606.371508 -0.671914 -0.300983 -0.676713 0.739866 -0.231311 -0.631739 0.033612 -0.925151 0.378108
8.324384 -229.022600 -5287.451084 -68359.481919 -0.737334 -0.192384 -0.647555 -0.277629 0.960193 0.030854 0.615842 0.202530 -0.761394
1.532865 -285.715486 2707.329016 -72924.574778 0.752360 0.207306 0.625283 -0.473605 0.829975 0.294687 0.457879 0.517847 -0.722621
17.059874 -305.586865 -6683.042874 -88717.767504 -0.758495 -0.151612 -0.633797 -0.386089 0.888046 0.249619 0.524996 0.434037 -0.732114
21.779371 -215.253418 -4695.266154 -72571.583676 -0.766223 -0.165056 -0.621014 -0.193187 0.980907 -0.022350 0.612846 0.102847 -0.783481
-0.306744 -37.735836 2806.981663 -548.817292 -0.968369 0.142008 -0.205174 0.106528 0.978841 0.174705 0.225642 0.147322 -0.963007
5.947898 -40.618988 -381.556346 390.794057 -0.962179 0.093008 -0.256048 0.064568 0.990991 0.117338 0.264655 0.096368 -0.959516
1.755880 -42.494383 517.352496 -366.521561 -0.961405 -0.031824 -0.273292 -0.083447 0.980229 0.179410 0.262179 0.195291 -0.945052
6.036401 -35.257846 2393.626988 -695.915099 -0.944278 0.269964 -0.188304 0.252360 0.961086 0.112375 0.211313 0.058593 -0.975661
-6.520869 -38.523837 -3991.434885 -818.141776 0.974279 -0.037616 0.222181 -0.016774 0.971128 0.237970 0.224718 0.235577 -0.945519
8.489608 -328.633207 -4573.711063 -39998.129714 0.771223 0.071150 0.632576 0.635668 -0.033334 -0.771243 0.033788 -0.996908 0.070936
0.301539 -298.043807 -4194.920238 -41039.263649 0.770015 0.055385 0.635618 0.606981 -0.370565 -0.703033 -0.196600 -0.927154 0.318959
11.109531 -300.722027 -5283.050630 -48367.579475 0.765728 0.067631 0.639599 0.603473 -0.419490 -0.678121 -0.222444 -0.905237 0.362029
24.929967 -299.911735 -8478.842010 -30746.803809 0.768128 0.064042 0.637086 0.625053 -0.290814 -0.724387 -0.138883 -0.954634 0.263412
27.832446 -43.001247 -5463.782537 -264.560472 -0.048086 0.997620 0.049420 -0.745932 -0.002962 -0.666016 0.664284 0.068890 -0.744299
30.754149 -41.392135 -4983.345785 -1447.780503 -0.040650 0.994017 0.101375 -0.793348 0.029568 -0.608050 0.607409 0.105143 -0.787400
20.401286 -46.009308 -4465.079743 -763.608514 0.011626 0.998054 0.061261 -0.784185 0.047113 -0.618736 0.620418 0.040847 -0.783207
21.568656 -44.934664 -4586.528062 459.127410 -0.022985 0.999532 0.020193 -0.725179 -0.002766 -0.688555 0.688177 0.030470 -0.724903
-18.873052 -33.779851 -385.857398 1308.759785 0.122516 0.979115 0.162249 -0.935979 0.168354 -0.309193 0.330051 0.113980 -0.937057
-18.224536 -34.584645 -1828.539610 1417.836977 0.352523 0.917163 0.185848 -0.875374 0.393400 -0.280993 0.330829 0.063630 -0.941543
-14.889401 -31.785239 -438.067442 774.315968 0.157176 0.973396 0.166724 -0.954520 0.193045 -0.227213 0.253353 0.123429 -0.959467
-16.279071 -32.831679 194.586977 673.482931 -0.005612 0.988240 0.152807 -0.954692 0.040173 -0.294870 0.297541 0.147539 -0.943240
-10.996861 -29.538266 64.599347 522.911372 0.173465 0.969592 0.172629 -0.971239 0.197451 -0.133071 0.163111 0.144580 -0.975957
-12.132377 -30.161486 -99.169914 1357.612394 -0.027378 0.986506 0.161422 -0.984814 0.001077 -0.173612 0.171443 0.163724 -0.971495
14.672510 -148.591305 1560.091900 1016.649003 0.320275 0.943529 -0.084718 -0.846995 0.325261 0.420482 -0.424292 0.062914 -0.903337
9.597308 -130.508345 3601.437006 1411.105414 0.294700 0.954458 -0.046496 -0.904735 0.294348 0.307917 -0.307580 0.048677 -0.950276
8.983583 -145.671228 2289.594572 2302.297758 0.328777 0.941278 -0.076817 -0.790011 0.318684 0.523759 -0.517484 0.111513 -0.848396
3.482062 -136.496195 5993.978651 2916.542957 0.342996 0.938962 -0.026537 -0.819657 0.312975 0.479801 -0.458820 0.142818 -0.876976
12.417991 -161.475077 1620.354517 -10370.935901 0.361002 0.925437 -0.115084 -0.698584 0.350110 0.624022 -0.617785 0.144878 -0.772886
9.455210 -162.047652 93.847988 -6384.334930 0.367685 0.920955 -0.129036 -0.651232 0.354046 0.671229 -0.663856 0.162768 -0.729933
-10.386763 -142.780962 3482.059238 50021.997599 0.846502 0.280729 -0.452355 -0.397602 -0.231687 -0.887825 0.354043 -0.931404 0.084505
-19.847448 -339.194836 5408.751985 109748.229063 0.867666 0.307631 -0.390536 -0.245981 -0.417005 -0.874986 0.432028 -0.855260 0.286150
-19.087382 -163.698514 2857.694614 55838.747825 0.848641 0.234948 -0.473928 -0.433077 -0.205847 -0.877537 0.303732 -0.949961 0.072940
-22.240816 -77.499143 922.366873 29406.754877 0.820454 0.154402 -0.550469 -0.532526 -0.143940 -0.834085 0.208019 -0.977467 0.035873
-14.528143 -56.421644 2162.345752 15896.393015 0.732687 0.187815 -0.654137 -0.626225 -0.190298 -0.756061 0.266481 -0.963593 0.021814
-0.146426 -37.478179 -321.042837 2039.379952 0.207118 0.930241 -0.302907 -0.365213 0.360757 0.858180 -0.907591 0.067119 -0.414456
-1.660969 -37.458470 1639.786210 -5965.376525 0.230969 0.933499 -0.274286 -0.370922 0.345100 0.862162 -0.899483 0.097394 -0.425963
-0.899806 -39.136705 -1154.258020 -1678.633038 0.200700 0.928583 -0.312175 -0.345211 0.365255 0.864533 -0.916814 0.065745 -0.393864
0.019928 -39.069039 2170.084245 445.022365 0.212837 0.943692 -0.253269 -0.394632 0.320150 0.861261 -0.893849 0.083360 -0.440550
0.447800 -38.460268 -2746.921463 4022.087904 0.178149 0.935144 -0.306216 -0.363425 0.351721 0.862679 -0.914431 0.042399 -0.402514
0.018524 -36.915695 -631.047531 5078.874603 0.185598 0.944981 -0.269379 -0.411289 0.323680 0.852099 -0.892409 0.047355 -0.448735
-54.614740 -91.594088 228.687104 11966.633149 0.497683 -0.862769 0.089110 0.866790 0.498446 -0.015068 -0.031416 0.084739 0.995908
-54.070723 -78.560667 -917.732097 3963.827146 0.138909 -0.975694 0.169485 0.986687 0.150977 0.060459 -0.084578 0.158831 0.983676
-44.491793 -71.045088 -162.734509 5149.098462 -0.157258 -0.955702 0.248803 0.987469 -0.155545 0.026659 0.013222 0.249878 0.968187
47.207680 -75.476932 -3900.010279 -2899.782861 0.490702 -0.858564 -0.148593 0.871181 0.480301 0.101760 -0.015998 -0.179385 0.983649
50.777425 -81.594452 -9434.552255 5312.012956 0.460613 -0.873265 -0.158882 0.878292 0.422565 0.223700 -0.128211 -0.242584 0.961621
45.548364 -69.960793 979.487118 191.218527 0.465656 -0.876546 -0.121784 0.881137 0.446442 0.155845 -0.082236 -0.179878 0.980245
48.749053 -76.216187 983.177123 6937.359203 0.426467 -0.897780 -0.110077 0.884183 0.388137 0.259941 -0.190645 -0.208185 0.959330
52.971424 -68.444974 8338.904581 -4843.703835 0.494207 -0.858997 -0.133728 0.868418 0.494902 0.030354 0.040108 -0.131133 0.990553
62.693287 -65.768492 12835.618368 2407.034238 0.449221 -0.888286 -0.095645 0.890152 0.435856 0.132888 -0.076355 -0.144835 0.986505
-51.393972 -69.830572 -831.328706 -682.551657 0.795450 -0.580710 -0.173304 0.447568 0.370131 0.814055 0.408585 0.725106 -0.554328
-49.433671 -68.661363 -1396.452261 1845.438877 0.788127 -0.552496 -0.271301 0.451354 0.219079 0.865034 0.418491 0.804210 -0.422033
-52.250230 -69.158444 -336.117339 -1670.466665 0.813065 -0.580547 -0.043488 0.413929 0.523952 0.744404 0.409376 0.623250 -0.666312
-51.318081 -66.803661 -236.067377 -1485.326936 0.860742 -0.491308 -0.133194 0.413314 0.521789 0.746263 0.297145 0.697390 -0.652190
-51.048402 -67.383519 563.881113 -428.581476 0.819917 -0.506570 -0.266689 0.486201 0.370234 0.791540 0.302233 0.778662 -0.549856
8.337992 -47.166193 -825.379800 -4287.236663 -0.442852 -0.825249 0.350495 0.875530 -0.313797 0.367394 -0.193207 0.469570 0.861496
11.057206 -50.800800 553.308194 -4653.850978 -0.482533 -0.825098 0.293898 0.860804 -0.384750 0.333141 -0.161797 0.413740 0.895902
10.178973 -43.573549 4926.360349 -309.090533 0.127888 0.991645 -0.016877 0.351698 -0.061255 -0.934107 0.927337 -0.113526 0.356593
-1.347376 -41.533833 4821.669436 -1001.915871 0.145693 0.984036 -0.102214 0.339632 -0.146786 -0.929034 0.929206 -0.100638 0.355596
-7.915842 -43.949843 3948.501388 -1802.092647 0.160146 0.978932 -0.126674 0.253012 -0.164752 -0.953332 0.954116 -0.120622 0.274066
0.501719 -43.728463 4394.803827 -877.877331 0.122449 0.991477 -0.044503 0.270049 -0.076433 -0.959808 0.955029 -0.105509 0.277106
-0.996227 -49.244221 1221.401985 1355.130932 -0.220422 -0.886285 -0.407324 0.942522 -0.086016 -0.322882 0.251129 -0.455082 0.854303
0.434820 -49.295545 278.294888 2989.606305 -0.216037 -0.887943 -0.406061 0.904094 -0.024876 -0.426610 0.368704 -0.459281 0.808157
-0.419678 -49.704846 984.574996 3904.797724 -0.236103 -0.885104 -0.401056 0.899091 -0.042409 -0.435704 0.368635 -0.463456 0.805802
-0.818405 -54.403657 818.193375 852.991851 -0.183853 -0.889719 -0.417850 0.967806 -0.089508 -0.235244 0.171900 -0.447648 0.877532
-2.302785 -46.757424 788.236180 3149.436939 -0.242880 -0.889468 -0.387111 0.903574 -0.062249 -0.423886 0.352936 -0.452737 0.818819
-1.546602 -56.453525 1329.157734 85.030441 -0.181774 -0.893179 -0.411327 0.977617 -0.119083 -0.173446 0.105936 -0.433649 0.894833
-2.692635 -50.670986 1665.442589 152.951809 -0.215291 -0.889405 -0.403247 0.960890 -0.119281 -0.249925 0.174185 -0.441282 0.880301
-4.076643 -42.928492 -2629.064126 -7394.308399 -0.156697 0.895497 0.416571 0.053015 -0.413547 0.908938 -0.986223 -0.164513 -0.017326
-0.665682 -92.833465 -937.734138 -9747.268491 0.151465 0.926389 0.344763 0.762007 -0.331593 0.556229 -0.629605 -0.178462 0.756140
-0.574286 -108.602114 942.857732 -12987.930974 0.167644 0.928199 0.332178 0.826609 -0.315961 0.465710 -0.537227 -0.196508 0.820227
-0.128633 -77.587358 -265.618723 -8598.470679 0.127552 0.938655 0.320402 0.650165 -0.323084 0.687679 -0.749010 -0.120599 0.651490
-15.123295 -80.667703 -345.343405 3915.503302 0.126813 0.930796 0.342837 -0.764759 0.311860 -0.563814 0.631713 0.190689 -0.751383
-14.729876 -86.174269 558.917224 7000.465417 0.114596 0.928794 0.352434 -0.677360 0.332567 -0.656188 0.726671 0.163528 -0.667239
-16.478339 -84.219493 -975.083983 4396.305380 0.161556 0.933976 0.318728 -0.735839 0.329219 -0.591740 0.657603 0.138933 -0.740443
-15.865631 -80.128349 -547.046151 1243.829506 0.136601 0.935401 0.326138 -0.833742 0.286356 -0.472095 0.534990 0.207427 -0.819000
48.103649 -8.504020 -8770.496840 -1902.541190 0.054750 0.927829 0.368965 0.784310 -0.268649 0.559183 -0.617948 -0.258768 0.742415
63.930242 -17.173605 -10129.841529 -2829.753272 0.064341 0.899871 0.431385 0.796519 -0.306727 0.521034 -0.601181 -0.310082 0.736499
43.602038 -11.811169 -11214.962823 -2492.757303 0.134438 0.823171 0.551649 0.765525 -0.439765 0.469657 -0.629204 -0.359161 0.689279
22.027389 -6.303559 -1471.586089 399.620006 0.333058 0.698084 0.633839 0.683978 -0.641579 0.347204 -0.649035 -0.317893 0.691156
23.545426 -21.436354 -3500.900447 -3166.789510 0.373195 0.564697 0.736100 -0.642314 0.729782 -0.234204 -0.669446 -0.385404 0.635063
-7.114305 -155.688138 94.531392 3659.198305 0.709367 -0.074900 0.700848 0.675598 0.355685 -0.645798 0.200911 -0.931600 -0.302914
-6.459573 -152.559127 -201.805658 -6191.483409 -0.701307 0.077747 -0.708607 0.712859 0.077827 -0.696975 0.000962 -0.993931 -0.110003
0.779447 -63.569399 -392.113274 -762.277903 0.090810 0.946206 0.310559 0.574978 -0.304435 0.759421 -0.813114 -0.109602 0.571693
0.454210 -60.517251 -2.902817 -1088.403128 0.107257 0.939627 0.324956 0.558217 -0.327376 0.762377 -0.822733 -0.099626 0.559629
-0.194015 -63.962075 -134.989831 -5635.320208 0.088707 0.948669 0.303574 0.624170 -0.290457 0.725291 -0.776237 -0.125143 0.617896
-5.867420 -33.505888 81.566801 -204.728574 -0.252435 -0.947201 -0.197704 0.954878 -0.210816 -0.209200 0.156476 -0.241593 0.957679
-5.754152 -38.195496 609.318436 -201.095796 -0.251939 -0.946868 -0.199918 0.964672 -0.229276 -0.129772 0.077040 -0.225549 0.971181
-7.069847 -33.549177 -135.860146 -791.736396 -0.290423 -0.934402 -0.206269 0.943632 -0.243895 -0.223770 0.158783 -0.259630 0.952565
-6.867345 -34.225476 665.358300 1061.494661 0.285017 0.941869 0.177898 0.921807 -0.218462 -0.320229 0.262750 -0.255259 0.930487
-8.629938 -187.607004 -349.087915 27565.115723 0.828008 0.061151 0.557371 0.358098 0.707242 -0.609569 0.431472 -0.704322 -0.563705
-9.464738 -188.311859 -420.772077 26544.998834 0.811693 0.053938 0.581588 0.331255 0.777594 -0.534433 0.481066 -0.626449 -0.613300
-10.017827 -207.312437 531.594209 27744.024079 0.803093 0.089545 0.589087 0.401177 0.649733 -0.645681 0.440566 -0.754870 -0.485873
2.224839 -13.661053 1704.802754 -361.140920 0.001531 0.821040 0.570869 -0.726561 0.393158 -0.563502 0.687100 0.413909 -0.597138
11.124176 -18.455345 4586.660408 259.205488 -0.135036 0.883267 0.449004 -0.700934 0.235134 -0.673352 0.700326 0.405649 -0.587360
8.750310 -19.504160 3001.624589 1051.893049 -0.229379 0.909821 0.345849 -0.643879 0.124631 -0.754909 0.729935 0.395845 -0.557226
-20.997866 -52.778008 2220.277509 3810.832713 0.911359 0.077213 0.404304 -0.119269 -0.890571 0.438928 -0.393953 0.448243 0.802421
137.014861 -18676.712565 60418.209292 7816345.687918 -0.338223 0.067176 -0.938665 0.936352 0.123736 -0.328534 0.094078 -0.990039 -0.104751
-71.405096 -549.254028 7523.463493 216881.690898 -0.383754 0.202336 -0.900996 0.909138 0.253811 -0.330224 0.161866 -0.945854 -0.281352
-44.520436 -564.116376 6068.161469 209215.925312 -0.362762 0.321631 -0.874618 0.918969 -0.032234 -0.393011 -0.154597 -0.946316 -0.283875
-11.850621 -4030.984182 -12673.797926 457640.695129 0.785868 -0.215120 0.579772 0.593363 0.526355 -0.608991 0.174160 -0.822602 -0.541290
