13604
27194
-47.658515 -70.544681 84.666069 5328.851015 0.008492 -0.984966 0.172537 0.999206 0.001641 -0.039808 0.038927 0.172738 0.984198
-42.631553 -71.747047 -3357.406487 9977.088039 -0.321700 0.945950 -0.041071 0.937485 0.312138 -0.153922 0.132783 0.088020 0.987229
-42.772778 -58.144495 -88.924463 6465.641171 0.103060 0.979016 -0.175801 0.978552 -0.131487 -0.158580 0.178368 0.155687 0.971569
-35.940625 -50.896792 -2446.484020 7331.824461 0.017658 0.995001 -0.098293 0.963326 -0.043257 -0.264823 0.267751 0.090012 0.959274
-41.246837 -61.206775 -635.844072 5161.442094 -0.316357 -0.905086 0.284142 0.939309 -0.340771 -0.039664 0.132727 0.254349 0.957961
-34.741447 -50.426372 1036.427903 3652.473765 0.546163 0.773478 -0.321617 0.798752 -0.596549 -0.078258 0.252391 0.214150 0.943630
-39.717463 -63.579714 645.762362 1033.245911 0.788770 -0.011822 -0.614575 0.549619 -0.434138 0.713753 0.275249 0.900769 0.335937
-40.432310 -64.606925 485.598543 1811.988410 0.751978 -0.049700 -0.657312 0.616894 -0.298364 0.728299 0.232315 0.953157 0.193704
-41.179518 -66.156310 -256.922384 1993.525343 0.745311 0.081981 -0.661658 0.648567 -0.319137 0.691023 0.154509 0.944156 0.291026
-41.968359 -68.343237 202.109932 579.753530 0.715478 0.051278 -0.696751 0.694449 -0.161220 0.701248 0.076371 0.985585 0.150959
-42.426711 -67.272621 525.279505 1567.178047 0.760433 0.152960 -0.631146 0.628524 -0.417875 0.656001 0.163398 0.895535 0.413905
-43.062110 -69.144142 488.757302 1127.627237 0.714833 0.172120 -0.677782 0.698129 -0.231603 0.677477 0.040369 0.957463 0.285720
79.427983 -128.380961 -12913.581721 14295.820686 0.398931 -0.872599 -0.281826 0.813360 0.194802 0.548177 -0.423438 -0.447911 0.787449
94.030261 -137.929553 11806.263123 -7413.453302 -0.433832 0.808970 0.396683 0.644426 -0.029096 0.764113 -0.629686 -0.587130 0.508698
70.383948 -114.858149 6916.560278 -1211.721322 -0.316105 0.906436 0.280091 0.684678 0.013595 0.728719 -0.656729 -0.422124 0.624914
59.802987 -103.252301 1546.300600 6919.096952 -0.336471 0.919031 0.205349 0.810274 0.171434 0.560417 -0.479837 -0.354953 0.802349
9.000700 -15.396757 101.427039 296.123265 -0.072691 0.805584 -0.588006 0.827215 0.378053 0.415681 -0.557163 0.456191 0.693872
7.565406 -15.906423 1340.924334 178.365821 -0.007254 0.813878 -0.580990 0.848301 0.312639 0.427367 -0.529465 0.489755 0.692681
8.315109 -15.239369 -292.685149 435.327724 -0.095786 0.808508 -0.580637 0.846908 0.372704 0.379260 -0.523040 0.455419 0.720432
6.949482 -15.171335 -1413.254734 266.139355 -0.086293 0.825448 -0.557843 0.829080 0.369980 0.419215 -0.552431 0.426321 0.716289
4.155147 -16.230420 -2548.401096 18.182954 -0.130469 0.825772 -0.548706 0.840927 0.385331 0.379949 -0.525185 0.411850 0.744688
5.244164 -15.385862 -1321.944118 170.923242 -0.185304 0.786359 -0.589324 0.850986 0.428309 0.303931 -0.491412 0.445187 0.748548
34.801103 -27.066214 -14870.347971 -3774.580108 -0.058619 0.672604 -0.737677 0.995721 0.092274 0.005009 0.071438 -0.734227 -0.675135
11.560310 -37.768575 4577.571141 -4461.659441 -0.444858 0.609141 -0.656543 0.888231 0.393930 -0.236356 0.114658 -0.688307 -0.716301
1.085336 -39.101221 -7780.514886 -3387.756478 -0.171369 0.672658 -0.719836 0.970794 0.239810 -0.007021 0.167901 -0.700016 -0.694109
20.787904 -34.698263 -15522.381712 -2713.040212 0.051585 0.704748 -0.707580 0.984392 0.083492 0.154924 0.168260 -0.704528 -0.689441
73.916205 -33.177794 -28591.286179 -1964.698832 0.221253 0.714545 -0.663681 0.971344 -0.100880 0.215209 0.086824 -0.692278 -0.716389
80.670244 -27.708520 -23628.590309 1694.707644 0.070845 0.704520 -0.706140 0.996195 -0.013954 0.086023 0.050751 -0.709547 -0.702828
-8.351007 -57.732585 -1115.927124 -1390.094000 0.018041 0.938093 0.345914 0.813067 -0.215115 0.540969 -0.581890 -0.271491 0.766613
-8.722460 -53.530706 -495.793423 -3165.355860 0.009139 0.951601 0.307199 0.741437 -0.212584 0.636458 -0.670960 -0.221952 0.707495
-8.138088 -53.986806 -844.601671 -2080.375745 -0.014033 0.948215 0.317319 0.708623 -0.214465 0.672204 -0.705448 -0.234292 0.668917
13.692283 -102.577716 -1043.146068 3446.888437 -0.025762 0.951190 0.307529 -0.620114 0.226084 -0.751229 0.784089 0.210056 -0.584022
12.151681 -108.988030 -1941.760035 -3079.091599 -0.017481 0.951180 0.308142 -0.413106 0.273783 -0.868554 0.910515 0.142479 -0.388152
10.096564 -108.908933 2049.370506 -1057.686735 -0.071222 0.929462 0.361978 -0.434373 0.297781 -0.850086 0.897913 0.217779 -0.382524
10.974085 -100.349324 2840.115536 2401.999871 -0.074873 0.918579 0.388080 -0.619572 0.262088 -0.739892 0.781360 0.295841 -0.549503
3.141697 -143.603821 249.902620 -5734.096645 0.036625 0.986478 0.159750 -0.634109 -0.100612 0.766670 -0.772376 0.129378 -0.621849
3.455832 -154.809394 550.003755 -4476.602523 0.060418 0.986173 0.154313 -0.690386 -0.070368 0.720011 -0.720914 0.150038 -0.676588
3.787266 -148.597688 -127.799585 -30.586840 0.035993 0.985839 0.163788 -0.433245 -0.132299 0.891513 -0.900557 0.103048 -0.422348
-8.872241 -86.831626 1390.398984 4544.882674 -0.012648 0.903516 0.428368 -0.704034 0.296166 -0.645462 0.710053 0.309750 -0.632360
-6.714174 -97.097255 1490.286951 4324.619698 -0.042173 0.902226 0.429197 -0.590910 0.323868 -0.738874 0.805635 0.284777 -0.519475
-9.821479 -92.389545 1404.888510 5354.154187 -0.013297 0.907680 0.419451 -0.569897 0.337807 -0.749069 0.821609 0.249004 -0.512793
-12.429892 -93.977942 660.606636 4495.424020 0.021419 0.915060 0.402749 -0.505854 0.357390 -0.785101 0.862353 0.186916 -0.470542
-12.670845 -87.336355 1037.844719 4133.430451 0.024228 0.913141 0.406923 -0.658566 0.320818 -0.680710 0.752133 0.251494 -0.609136
-9.582762 -48.439352 -820.261253 1130.052484 -0.039382 0.986411 0.159504 0.275137 -0.142753 0.950748 -0.960598 -0.081328 0.265776
-9.525946 -50.690175 -1350.881259 1171.369383 -0.047245 0.982981 0.177526 0.176440 -0.166718 0.970090 -0.983177 -0.077154 0.165561
-7.030435 -48.601736 -301.298252 1196.686033 -0.059874 0.984876 0.162584 0.253777 -0.142506 0.956708 -0.965408 -0.098542 0.241406
-8.414745 -46.824788 -639.302716 1076.714431 -0.048999 0.985767 0.160820 0.374487 -0.131136 0.917912 -0.925936 -0.105202 0.362732
1.928090 -50.563245 -1531.047713 6804.303628 -0.155709 0.913547 0.375749 0.008221 -0.379177 0.925288 -0.987769 -0.147165 -0.051532
9.057482 -56.472978 -770.714606 7047.761736 -0.114104 0.908995 0.400886 0.022915 -0.401006 0.915789 -0.993205 -0.113681 -0.024926
8.101848 -49.389346 -2288.328001 -3334.542405 -0.143896 0.843100 0.518147 0.070521 -0.513529 0.855169 -0.987077 -0.159596 -0.014438
-0.477547 -56.619048 -748.088003 -72.252289 0.130813 0.973673 0.186679 -0.795270 0.215490 -0.566666 0.591974 0.074333 -0.802522
-0.693544 -57.108406 -468.767343 -60.258152 0.100957 0.979760 0.172854 -0.881675 0.168601 -0.440707 0.460931 0.107908 -0.880851
-0.010117 -54.779432 119.526243 444.849751 0.118173 0.972844 0.199021 -0.846832 0.203401 -0.491430 0.518566 0.110463 -0.847872
0.316808 -53.908459 321.855024 -863.907258 0.137963 0.966723 0.215438 -0.759436 0.242883 -0.603544 0.635786 0.080344 -0.767673
4.816515 -168.074758 1241.135970 -1630.384221 0.837345 0.077095 0.541211 0.326565 -0.864495 -0.382105 -0.438415 -0.496694 0.749057
3.807907 -188.474899 1205.389290 -18117.564725 0.818512 0.115116 0.562838 0.479408 -0.676710 -0.558777 -0.316554 -0.727195 0.609083
7.076058 -180.716448 1499.092354 -1059.003547 0.817731 0.089187 0.568649 0.388300 -0.814744 -0.430600 -0.424899 -0.572921 0.700873
-6.730986 -34.960781 2999.552080 -1610.694117 0.102194 0.935759 0.337509 -0.295090 0.352530 -0.888056 0.949989 0.008842 -0.312160
-7.576222 -34.982735 2278.645970 -1926.601656 0.094192 0.959682 0.264835 -0.246417 0.280214 -0.927771 0.964576 -0.022129 -0.262876
-13.356914 -39.905335 213.239553 -1306.252046 0.060944 0.994893 0.080459 -0.358330 0.097042 -0.928538 0.931604 -0.027758 -0.362414
-14.829921 -40.447186 346.640990 -1064.439132 0.060987 0.988763 0.136487 -0.428793 0.149434 -0.890958 0.901342 0.004188 -0.433088
0.418027 -266.691701 15.775915 15260.872273 -0.727931 0.027609 -0.685094 -0.156288 0.966204 0.204997 0.667600 0.256296 -0.699015
-25.417965 -689.860689 1074.561910 232702.131200 -0.723230 -0.072720 -0.686768 -0.028840 0.996753 -0.075172 0.690005 -0.034561 -0.722979
-2.894717 -243.521810 -1404.352664 5872.299440 -0.719651 0.028332 -0.693758 -0.129473 0.976166 0.174171 0.682158 0.215166 -0.698831
184.393788 -2401.835381 1063.732782 3950260.965594 0.985394 -0.164785 0.042955 -0.139125 -0.633561 0.761081 0.098200 0.755940 0.647233
-32.934182 -3367.810486 -51270.933189 6886756.377826 0.957242 -0.256656 0.133472 -0.286915 -0.783331 0.551427 0.036974 0.566145 0.823476
-250.923573 -6377.416875 -56789.677032 1879621.113618 0.934646 -0.253165 0.249689 -0.114426 0.450709 0.885307 0.336666 0.856019 -0.392285
10.185277 -5199.891646 30467.347054 1990181.052589 0.969453 -0.180106 0.166502 0.058844 0.829789 0.554967 0.238114 0.528216 -0.815039
28.751188 -364.278695 2329.054271 127263.798398 0.946468 -0.317660 -0.057363 0.035451 -0.074340 0.996603 0.320846 0.945286 0.059099
44.007876 -6922.831744 -110013.962319 2096320.208252 0.963388 -0.037679 -0.265452 -0.103302 -0.965800 -0.237822 0.247413 -0.256537 0.934332
-21.017425 -39.233463 2235.304547 -1513.795533 -0.024240 0.886576 -0.461947 -0.200950 -0.456972 -0.866485 0.979301 -0.071825 -0.189235
-16.734352 -36.864349 2451.746011 -1235.167408 -0.049246 0.928121 -0.369006 -0.200071 -0.371133 -0.906770 0.978543 -0.029173 -0.203967
-16.916100 -34.972212 2310.696022 -764.133710 -0.018530 0.953120 -0.302025 -0.109097 -0.302200 -0.946981 0.993858 -0.015403 -0.109582
-19.666293 -40.409444 2347.451423 -1594.660714 -0.066011 0.879179 -0.471898 -0.284603 -0.469873 -0.835596 0.956370 -0.079145 -0.281234
-23.474399 -43.656235 2078.672899 -2003.484625 -0.050533 0.819150 -0.571350 -0.303303 -0.557649 -0.772680 0.951553 -0.134246 -0.276631
-13.422295 -87.162030 -21.355659 -243.894178 0.182878 0.963749 0.194277 -0.916438 0.238654 -0.321225 0.355945 0.119298 -0.926861
-13.388813 -88.153832 23.224320 584.043266 0.170258 0.968533 0.181539 0.976727 -0.190260 0.099027 0.130451 0.160454 -0.978385
-14.853567 -84.738479 -584.111081 -922.253847 0.173844 0.963164 0.205169 -0.961367 0.211141 -0.176615 0.213429 0.166539 -0.962659
-14.450766 -85.517842 -322.055926 1041.553654 0.160028 0.966777 0.199332 0.986832 -0.161498 -0.008968 0.023522 0.198142 -0.979891
-15.278464 -84.219030 -1111.163895 77.543147 0.184399 0.959322 0.213771 -0.898082 0.252826 -0.359900 0.399306 0.125619 -0.908171
-143.210226 -3992.499256 -363.866680 -1689481.324178 0.459288 0.236770 -0.856151 0.461402 0.760010 0.457704 0.759054 -0.605248 0.239817
-99.441341 -936.901475 -1236.768126 283740.434652 0.448192 0.156628 -0.880109 -0.382072 0.923639 -0.030194 0.808174 0.349797 0.473811
-141.138168 -2485.155198 25511.317437 -766803.904765 0.332280 0.313036 -0.889718 0.166900 0.908916 0.382122 0.928297 -0.275465 0.249769
-127.174364 -1851.858344 43828.596448 -643111.662874 0.342119 0.260016 -0.902965 0.428632 0.811966 0.396214 0.836199 -0.522592 0.166338
-176.544268 -499.890508 28409.775678 -115933.506817 0.385666 0.024977 -0.922300 0.908094 0.166522 0.384235 0.163180 -0.985721 0.041540
-84.755139 -624.722094 -92.947811 -165953.137857 0.337299 0.027204 -0.941005 0.924959 0.176407 0.336647 0.175157 -0.983941 0.034340
-54.023490 -1435.455440 31612.660783 -519272.544643 0.126738 0.039400 -0.991153 0.702986 0.701385 0.117771 0.699821 -0.711693 0.061195
25.098662 -673.949126 2585.345485 -158245.148293 -0.152037 -0.416033 0.896550 0.193244 0.877076 0.439767 -0.969300 0.240113 -0.052952
17.317037 -352.819965 3832.459667 -5036.772334 -0.131537 -0.481354 0.866601 0.402684 0.772876 0.490416 -0.905839 0.413474 0.092172
7.281087 -271.532711 5479.845500 4515.790713 -0.102734 -0.398843 0.911246 0.033175 0.914210 0.403881 -0.994155 0.071723 -0.080689
5.584874 -493.248755 5644.397071 -136044.676332 -0.129296 -0.426374 0.895258 -0.290068 0.879608 0.377028 -0.948232 -0.210937 -0.237407
12.249993 -246.507738 3452.607756 -30889.078204 -0.100763 -0.329231 0.938857 -0.441837 0.860308 0.254266 -0.891419 -0.389201 -0.232154
0.740399 -189.336898 5453.265509 -5190.166227 -0.083057 -0.303057 0.949346 -0.290830 0.918538 0.267778 -0.953163 -0.253858 -0.164429
-6.111056 -191.306787 6743.303584 -2824.742595 -0.073310 -0.445579 0.892236 0.052050 0.891715 0.449595 -0.995950 0.079401 -0.042180
13.738275 -35.007903 -4050.740759 -1917.277317 0.280322 -0.944483 0.171382 0.948982 0.245820 -0.197497 0.144403 0.218001 0.965206
4.222994 -31.923559 -2851.461670 -1911.686081 0.324906 -0.929776 0.173070 0.941789 0.301360 -0.149048 0.086425 0.211422 0.973566
6.164279 -35.920227 -3962.160497 -1887.017752 0.332306 -0.926612 0.175961 0.930373 0.291412 -0.222452 0.154849 0.237632 0.958933
5.951063 -22.370728 417.321911 720.024582 -0.726285 0.132290 -0.674544 -0.036871 0.972396 0.230404 0.686404 0.192210 -0.701360
2.486906 -19.685859 -59.557456 1273.730467 -0.723004 0.177252 -0.667717 -0.057067 0.947898 0.313422 0.688482 0.264710 -0.675219
2.284559 -22.850352 1029.102186 1379.021253 -0.739311 0.264663 -0.619172 0.043731 0.936449 0.348066 0.671943 0.230252 -0.703901
12.865124 -70.494455 34044.764622 7905.880516 0.808125 -0.307937 -0.502105 -0.296285 0.524233 -0.798370 -0.509068 -0.793949 -0.332409
26.163249 -110.381850 33946.280631 18152.769159 0.773998 -0.287590 -0.564109 -0.434693 0.406450 -0.803642 -0.460401 -0.867232 -0.189578
-40.385305 -77.316714 33194.243459 11729.118861 0.724059 -0.210439 -0.656851 -0.474026 0.539959 -0.695517 -0.501037 -0.814960 -0.291209
-6.601928 -59.640568 7819.459862 -5481.200902 0.871793 -0.201686 0.446430 -0.007936 0.905381 0.424525 -0.489810 -0.373641 0.787705
6.485910 -48.403754 13210.002133 3750.318084 0.855500 -0.449285 0.257416 -0.178084 -0.722097 -0.668477 -0.486217 -0.526040 0.697764
14.299271 -37.839090 5954.298506 -3501.922724 0.832714 -0.430906 0.347718 0.174152 0.799938 0.574257 -0.525604 -0.417636 0.741162
2.164777 -56.777822 7009.910970 -3658.887575 0.867785 -0.136981 0.477687 -0.013331 0.954496 0.297927 -0.496761 -0.264905 0.826471
13.881498 -40.470958 3013.938178 -3923.624517 0.836875 -0.221697 0.500491 0.041333 0.937297 0.346071 -0.545831 -0.268931 0.793564
43.032038 -21.115443 -10887.925629 1481.726112 -0.654634 0.746990 -0.116014 0.454663 0.511673 0.729021 -0.603933 -0.424495 0.674588
20.771040 -18.452290 2082.414947 -1675.545554 0.756464 -0.557747 0.341586 0.285391 0.751419 0.594913 -0.588485 -0.352545 0.727597
-20.134600 -54.323800 -772.027515 -2041.944455 0.798360 0.480632 0.362787 0.049128 0.548462 -0.834731 0.600173 -0.684239 -0.414258
-17.035227 -52.456782 -2645.064557 -2527.977864 0.819912 0.495986 0.285906 0.069666 0.409255 -0.909756 0.568235 -0.765838 -0.301000
-11.930433 -49.269308 -4376.163436 -2843.277685 0.853769 0.490893 0.173502 -0.050790 0.410175 -0.910591 0.518169 -0.768622 -0.375127
-22.720527 -56.817438 136.909166 918.904885 -0.802221 -0.439789 -0.403766 -0.019832 0.695550 -0.718203 0.596697 -0.568151 -0.566707
-24.179662 -56.557037 -158.673358 -18.316908 -0.759761 -0.479896 -0.438707 0.030492 0.647684 -0.761299 0.649487 -0.591782 -0.477452
47.314969 -33.223861 4935.343247 1304.115489 0.463817 0.838635 0.285597 0.401548 -0.486356 0.776027 -0.789705 0.245253 0.562332
37.375558 -35.183691 9101.106258 348.387041 0.502381 0.845285 0.181950 0.353436 -0.392806 0.848991 -0.789111 0.362209 0.496093
36.042086 -37.077265 11565.573931 933.206752 0.554043 0.818391 0.152554 0.431638 -0.439097 0.787961 -0.711846 0.370716 0.596527
51.095057 -35.723438 10457.555833 -810.397344 0.543057 0.804214 0.241514 0.429756 -0.513288 0.742862 -0.721387 0.299624 0.624361
0.572530 -55.982891 -366.740441 3288.772259 0.200464 0.974687 -0.098989 -0.732808 0.216239 0.645162 -0.650236 0.056792 -0.757606
1.668888 -53.711122 -524.181958 1422.802595 0.169503 0.983190 -0.067870 -0.686559 0.167208 0.707586 -0.707040 0.073341 -0.703360
-0.108648 -49.965681 -239.396717 804.914217 0.166422 0.984001 -0.063609 -0.662246 0.159333 0.732149 -0.730570 0.079721 -0.678168
2.619702 -59.684934 -592.402531 3613.438315 0.206612 0.973618 -0.096847 -0.758881 0.221943 0.612242 -0.617585 0.053001 -0.784717
-1.968939 -185.085370 -500.033934 13406.512216 0.535861 0.843205 0.043096 0.256939 -0.114238 -0.959652 0.804261 -0.525313 0.277868
-1.899680 -150.756380 -111.946927 9574.481222 0.544413 0.838785 0.007421 0.093032 -0.051586 -0.994326 0.833643 -0.542014 0.106118
-0.715519 -165.111316 291.290106 8928.759224 0.521715 0.850072 0.072051 0.385218 -0.159378 -0.908959 0.761197 -0.501973 0.410613
-0.108322 -152.345402 1042.358558 8828.794982 0.505364 0.858973 0.082299 0.394435 -0.145122 -0.907392 0.767482 -0.491025 0.412148
0.323927 -167.611673 89.063990 6206.887346 0.503906 0.857394 0.104661 0.607794 -0.265871 -0.748264 0.613731 -0.440667 0.655093
0.764204 -172.908296 162.014096 1500.100294 0.506653 0.855891 0.103698 0.634807 -0.288957 -0.716605 0.583372 -0.428898 0.689727
-0.518156 -190.224604 -398.438600 5181.464107 0.521277 0.849413 0.082261 0.549340 -0.260226 -0.794046 0.653067 -0.459107 0.602266
-1.112522 -73.271036 -1038.741426 -326.279970 0.125465 0.981499 0.144632 0.648934 -0.191462 0.736361 -0.750429 -0.001469 0.660949
-0.002674 -73.780405 -1116.534604 2228.128558 0.144167 0.977186 0.155963 0.757871 -0.210375 0.617554 -0.636276 -0.029169 0.770910
-2.408281 -71.478761 -573.337080 1676.630302 0.144603 0.977225 0.155309 0.792029 -0.208394 0.573813 -0.593110 -0.040034 0.804126
2.294818 -76.314929 -1755.703019 -399.869767 0.121939 0.981372 0.148459 0.613246 -0.192103 0.766176 -0.780423 0.002385 0.625247
0.559572 -74.916918 -1230.349135 -1152.475519 0.114769 0.984575 0.132058 0.524307 -0.172949 0.833781 -0.843760 0.026454 0.536069
-2.460468 -73.448016 -993.406860 -1079.282622 0.114622 0.985822 0.122543 0.512542 -0.164356 0.842786 -0.850977 0.033794 0.524114
0.532106 -20.371471 -3826.192789 1354.202821 0.340703 -0.308863 0.887989 0.552860 0.829756 0.076488 -0.760439 0.464874 0.453458
0.616506 -25.811608 -1248.884661 2132.795470 0.132861 -0.573142 0.808614 0.592203 0.700108 0.398930 -0.794760 0.425861 0.432433
-5.512590 -16.550677 -668.056481 4140.599557 -0.083486 0.653337 -0.752450 0.670716 0.595289 0.442461 -0.737001 0.467741 0.487902
-5.717224 -14.060748 372.463913 -1466.095725 0.591918 0.051454 0.804354 0.378385 0.863412 -0.333683 -0.711658 0.501869 0.491600
26.597287 -42.723419 5637.323021 3103.174377 0.369632 0.921617 0.118301 0.059801 -0.150649 0.986777 -0.927252 0.357670 0.110799
33.062512 -37.500880 522.615110 2528.223780 0.261182 0.941269 0.214000 0.079984 -0.242036 0.966965 -0.961970 0.235437 0.138502
27.056497 -41.443174 1053.548686 2463.281101 0.262911 0.947546 0.181755 -0.026791 -0.181140 0.983092 -0.964448 0.263335 0.022238
20.415603 -47.030064 5124.723391 1978.258109 0.364980 0.927265 0.083480 -0.072455 -0.061104 0.995498 -0.928192 0.369386 -0.044883
25.740039 -45.507871 2298.457063 1812.060862 0.259066 0.952221 0.161740 -0.130728 -0.131347 0.982679 -0.956972 0.275722 -0.090455
15.060795 -113.221957 -3957.307081 -2182.068916 -0.643684 -0.296978 -0.705319 0.238096 0.798182 -0.553368 0.727311 -0.524128 -0.443068
2.680581 -127.097338 -1016.285674 -948.130012 -0.635649 -0.274447 -0.721547 0.288534 0.782470 -0.551805 0.716030 -0.558944 -0.418189
8.454897 -108.682637 -3930.799257 3580.360945 -0.620770 -0.285555 -0.730139 0.094653 0.897198 -0.431366 0.778258 -0.336889 -0.529925
25.197105 -104.327435 -8164.640032 10296.853899 -0.614060 -0.296473 -0.731460 -0.028900 0.934593 -0.354544 0.788730 -0.196572 -0.582464
23.002937 -127.436476 -5010.207190 -2783.488140 -0.690703 -0.303658 -0.656294 0.308218 0.697377 -0.647045 0.654164 -0.649197 -0.388087
11.520408 -123.071426 3882.171346 -3491.400025 0.657477 0.300371 0.691015 0.391090 0.647847 -0.653715 0.644028 -0.700052 -0.308473
29.713463 -114.507502 -6935.991614 6011.983862 -0.662894 -0.308255 -0.682313 0.124932 0.852997 -0.506743 0.738217 -0.421160 -0.526935
39.521749 -1130.608382 11583.899424 -390930.217157 0.751464 0.587925 0.299409 0.109792 -0.558909 0.821928 -0.650575 0.584777 0.484550
-15.136741 -303.835625 9017.663087 -66705.760813 0.748564 0.589744 0.303075 -0.049629 -0.405969 0.912538 -0.661203 0.698134 0.274626
-25.723449 -1060.219833 20390.100187 -355064.265597 0.709744 0.689905 0.142457 0.373731 -0.540174 0.754014 -0.597150 0.481916 0.641224
-46.497318 -314.272120 13853.127714 -71099.339411 0.742095 0.625929 0.239809 0.122157 -0.478066 0.869788 -0.659070 0.616171 0.431232
-10.842470 -34.376030 1298.258382 1038.605399 -0.131216 0.883074 0.450513 0.934463 -0.041556 0.353627 0.331001 0.467390 -0.819747
-7.150211 -34.586066 3307.137331 1235.659804 -0.063200 0.856051 0.513014 0.942060 -0.118512 0.313812 0.329437 0.503123 -0.798961
-7.234692 -31.624881 1857.856224 1752.603835 -0.114634 0.874249 0.471750 0.904417 -0.104606 0.413627 0.410961 0.474075 -0.778694
-11.515660 -33.222123 -104.182283 1215.847414 -0.210997 0.898652 0.384584 0.900458 0.025607 0.434188 0.380336 0.437915 -0.814602
-7.970512 -29.108312 734.335592 -1976.884683 -0.157015 0.889225 0.429679 -0.872433 0.079004 -0.482307 0.462826 0.450596 -0.763384
-3.395315 -26.626312 1527.612264 -1989.194481 -0.079147 0.867275 0.491497 -0.868030 0.182473 -0.461766 0.490163 0.463182 -0.738379
-3.016312 -47.671294 505.838853 -865.014225 0.738527 0.672653 -0.045995 -0.644412 0.684167 -0.341540 0.198270 -0.281876 -0.938741
-3.954679 -50.106720 -2081.054559 711.430988 0.812298 0.582146 -0.035738 -0.548909 0.742332 -0.384242 0.197156 -0.331736 -0.922540
1.787942 -49.870404 -39.212224 -431.617481 0.748796 0.660125 -0.059495 -0.613727 0.656660 -0.438334 0.250287 -0.364737 -0.896841
1.460557 -50.074694 778.315203 2281.170267 0.676042 0.732130 -0.083386 0.685602 -0.583501 0.435289 0.270032 -0.351443 -0.896421
-3.013708 -47.963334 534.280027 2098.986290 0.665577 0.741001 -0.089014 0.718698 -0.604208 0.344103 0.201198 -0.293002 -0.934703
5.695230 -60.029105 208.632426 -1433.563012 0.411556 0.906965 0.089642 0.512585 -0.149019 -0.845606 0.753577 -0.393963 0.526227
5.958696 -61.689372 -433.072546 -2093.712248 0.423488 0.902647 0.076723 0.448678 -0.135418 -0.883374 0.786985 -0.408523 0.462345
5.503921 -62.787673 -77.917113 -2440.361751 0.427557 0.900015 0.084662 0.415378 -0.112415 -0.902676 0.802905 -0.421112 0.421910
5.164469 -58.570826 -231.909532 -1765.692512 0.423589 0.899648 0.105860 0.537078 -0.155318 -0.829110 0.729465 -0.408057 0.548972
-2.799391 -39.292966 1876.910691 2213.240143 0.313755 0.939260 0.139096 -0.643589 0.102667 0.758454 -0.698105 0.327490 -0.636710
1.730380 -36.350211 1323.788682 1554.877692 0.271028 0.947703 0.168534 -0.634918 0.044412 0.771302 -0.723480 0.316050 -0.613750
0.323578 -40.215690 1755.360426 3581.730019 0.268058 0.947046 0.176773 -0.683595 0.057681 0.727579 -0.678854 0.315874 -0.662858
-0.213582 -37.326155 1160.484932 -223.815597 0.306656 0.945261 0.111550 -0.580958 0.093048 0.808597 -0.753956 0.312767 -0.577691
-4.013960 -37.203605 2145.576730 1037.568052 0.322810 0.938666 0.121241 -0.574736 0.092633 0.813079 -0.751979 0.332151 -0.569388
-195.174026 -329.002354 63761.986081 -142120.828777 0.804786 0.536690 -0.253542 0.125226 0.264017 0.956354 -0.580206 0.801410 -0.145270
-319.822189 -511.220118 105898.623888 -203987.406502 0.793749 0.154300 -0.588349 0.356395 0.665863 0.655446 -0.492895 0.729944 -0.473536
-287.602124 -3408.535569 119415.663371 -1402642.513960 0.920219 0.286797 -0.266354 0.229675 0.155366 0.960787 -0.316933 0.945309 -0.077101
-393.837244 -7331.289101 86196.197335 -2231545.307501 0.932655 0.354514 -0.066896 0.062265 0.024469 0.997760 -0.355357 0.934730 -0.000748
-250.075765 -360.463868 5285.058036 -13382.757413 0.583556 0.812072 -0.001059 0.228479 -0.165437 -0.959389 0.779269 -0.559615 0.282083
-243.909040 -364.265797 7449.031495 26754.529048 0.567553 0.821440 -0.055863 -0.129717 0.022210 -0.991302 0.813054 -0.569863 -0.119160
-281.378322 -374.630480 71190.977721 15878.803953 0.204979 0.977345 -0.052722 -0.076137 -0.037780 -0.996381 0.975801 -0.208251 -0.066668
-286.351238 -363.274499 60292.422482 -45061.432125 0.225187 0.927399 -0.298700 0.295321 -0.357120 -0.886144 0.928481 -0.111336 0.354299
12.133766 -14.870407 -1500.302575 -2001.631352 0.030794 0.982871 0.181703 0.098682 -0.183891 0.977981 -0.994642 0.012185 0.102655
14.666923 -12.377033 -689.922296 -1141.444759 0.075828 0.973756 0.214590 0.092051 -0.221126 0.970891 -0.992863 0.053867 0.106403
12.332354 -17.882773 -762.351928 -3140.682274 0.067726 0.976683 0.203722 0.119179 -0.210648 0.970270 -0.990560 0.041433 0.130667
12.477304 -23.899967 -666.570737 -4021.741290 0.081608 0.972304 0.219010 0.156594 -0.229522 0.960624 -0.984286 0.044099 0.170987
9.488667 -27.399073 -1560.696130 -3927.817214 0.036826 0.986428 0.160012 0.176777 -0.164025 0.970487 -0.983562 0.007452 0.180418
7.204221 -22.456917 -1544.480715 -3645.644582 0.003998 0.993698 0.112022 0.136928 -0.111511 0.984284 -0.990573 -0.011404 0.136511
-50.400542 -82.817896 977.613622 6175.382525 0.359509 -0.925601 0.118394 0.931011 0.364358 0.021478 -0.063018 0.102504 0.992734
-27.574150 -88.674786 -6828.593770 11879.951902 -0.404316 0.914400 0.020018 0.913504 0.404807 -0.040529 0.045163 -0.001900 0.998978
-28.371328 -72.215250 -6126.770566 14292.424980 -0.347272 0.935941 0.058456 0.903141 0.350581 -0.247849 0.252466 0.033277 0.967033
-39.475469 -61.000007 800.942564 886.242806 0.796360 -0.147715 -0.586507 0.489744 -0.411542 0.768625 0.354910 0.899341 0.255393
-40.753276 -62.429781 -85.707121 2602.436001 0.752606 -0.151011 -0.640921 0.584705 -0.294373 0.755953 0.302827 0.943684 0.133250
-41.519391 -66.794342 -307.084916 1103.118340 0.718924 -0.064125 -0.692125 0.678087 -0.154183 0.718627 0.152796 0.985959 0.067363
77.606477 -97.445779 -12013.029865 907.934375 -0.550686 0.818575 0.163336 0.639580 0.539532 -0.547580 0.536361 0.197078 0.820657
83.221287 -83.134572 3575.706061 -100.287542 0.661467 -0.749042 0.037378 0.676236 0.574138 -0.461595 0.324294 0.330606 0.886303
87.324120 -92.375637 -156.858675 2470.278126 0.716474 -0.697307 0.020697 -0.545705 -0.541730 0.639323 0.434592 0.469353 0.768659
16.413278 -47.597301 18272.302906 -668.194882 -0.667159 0.496538 -0.555292 0.721804 0.615154 -0.317150 0.184113 -0.612402 -0.768808
49.053006 -40.179306 -33081.672097 -4890.170615 0.706537 -0.504564 0.496207 0.704394 0.568869 -0.424520 0.068079 -0.649464 -0.757338
74.288361 -50.628088 -30687.922983 -1696.285360 0.795287 -0.375671 0.475805 0.581279 0.695403 -0.422528 0.172145 -0.612606 -0.771414
119.943920 -46.225542 -41969.190992 -5396.725971 0.777674 -0.399452 0.485450 0.624557 0.579061 -0.524040 0.071776 -0.710723 -0.699801
-5.731586 -47.971690 -56.090092 921.796026 -0.064116 0.981688 0.179382 0.294550 -0.153128 0.943288 -0.953483 -0.113317 0.279338
-5.752319 -49.655866 -94.573027 408.548393 -0.061776 0.980825 0.184842 0.148637 -0.174090 0.973447 -0.986960 -0.087610 0.135032
-4.684770 -48.713541 -214.812144 253.937293 -0.074399 0.977217 0.198774 0.176374 -0.183290 0.967108 -0.981507 -0.107011 0.158720
-5.097690 -47.734010 -873.053512 766.613751 -0.087778 0.975733 0.200598 0.275119 -0.169796 0.946297 -0.957395 -0.138253 0.253538
-6.809700 -46.583471 -218.690221 270.547592 -0.063753 0.978908 0.194098 0.412642 -0.151232 0.898252 -0.908660 -0.137359 0.394297
-6.990490 -46.919071 -131.079640 1129.040871 -0.063350 0.984491 0.163598 0.370894 -0.128962 0.919678 -0.926512 -0.118939 0.356972
-5.867436 -48.119293 -518.355198 457.266672 -0.080461 0.973053 0.216088 0.361114 -0.173607 0.916219 -0.929044 -0.151753 0.337415
1.811607 -49.427690 192.581328 2185.106694 0.074847 0.894396 0.440970 0.877708 0.150806 -0.454848 0.473315 -0.421087 0.773731
2.097809 -43.740440 41.096824 701.973968 0.114921 0.899804 0.420886 0.805007 0.163889 -0.570178 0.582028 -0.404342 0.705515
2.108593 -45.381090 653.018359 1571.749572 0.091012 0.899752 0.426805 0.854928 0.149197 -0.496828 0.510700 -0.410105 0.755645
2.330648 -41.776134 388.255835 492.359186 0.123710 0.902671 0.412166 0.788012 0.163078 -0.593669 0.603103 -0.398235 0.691141
1.262723 -56.338364 -787.454182 4754.026330 -0.066027 -0.895890 -0.439343 0.906657 0.129996 -0.401340 0.416669 -0.424833 0.803682
1.468452 -51.453326 -61.446450 3033.914551 0.094393 0.892369 0.441325 0.885259 0.127556 -0.447265 0.455419 -0.432906 0.777937
2.472788 -42.597547 -37.581787 516.524720 0.132994 0.895020 0.425738 0.811402 0.148353 -0.565348 0.569157 -0.420632 0.706490
4.741292 -156.043041 -350.689120 -4099.553914 0.063620 0.985521 0.157166 -0.699998 -0.068181 0.710883 -0.711305 0.155242 -0.685525
6.158682 -149.552575 4.786694 119.645364 0.058860 0.984363 0.166024 -0.482364 -0.117563 0.868046 -0.873991 0.131177 -0.467901
4.339802 -151.622079 736.567440 -3134.963871 0.094151 0.983434 0.154895 -0.850218 -0.001517 0.526428 -0.517943 0.181259 -0.835991
3.034382 -144.679112 196.108855 -5003.760145 0.081872 0.987560 0.134244 -0.883898 0.009717 0.467579 -0.460458 0.156940 -0.873698
-2.362621 -96.926236 1394.417743 3064.957562 -0.046570 0.906178 0.420324 -0.606332 0.308755 -0.732825 0.793847 0.288983 -0.535066
-5.277419 -104.296888 1206.017474 4918.461513 -0.056189 0.910654 0.409331 -0.432238 0.347381 -0.832164 0.900007 0.223687 -0.374100
-4.743552 -90.094807 1319.143547 2835.102202 -0.029140 0.898018 0.438992 -0.755154 0.267962 -0.598280 0.654899 0.348940 -0.670334
56.054607 -33.346887 -11725.446680 3046.395494 -0.667477 0.731945 -0.136858 0.448660 0.542008 0.710585 -0.594287 -0.412897 0.690173
64.193588 -37.804683 -14046.545900 1747.475823 -0.687099 0.715919 -0.123915 0.367819 0.489825 0.790431 -0.626581 -0.497526 0.599887
66.056858 -36.442449 278.077980 1871.073552 -0.472222 0.849219 -0.236292 0.440778 0.459633 0.771007 -0.763361 -0.259934 0.591366
36.645723 -34.433256 14930.990818 -3055.068219 0.765775 -0.637804 0.082426 -0.396148 -0.568784 -0.720799 -0.506611 -0.519317 0.688226
52.614603 -32.271971 -217.170955 879.134411 -0.525011 0.824806 -0.209901 0.509130 0.501994 0.699134 -0.682019 -0.260187 0.683486
45.693507 -28.671574 -8660.871895 1200.647912 -0.667441 0.734332 -0.123607 0.497122 0.562975 0.660249 -0.554430 -0.379230 0.740805
39.341406 -29.909148 -14272.846648 2796.261121 -0.747371 0.656610 -0.101487 0.439681 0.603297 0.665367 -0.498114 -0.452654 0.739586
14.640091 -62.850822 -655.679270 -3191.152152 -0.094132 0.865177 0.492553 0.137191 -0.478757 0.867162 -0.986062 -0.149202 0.073628
11.627998 -66.269692 85.519869 5704.517656 -0.069016 0.923173 0.378138 0.029104 -0.377017 0.925749 -0.997191 -0.074897 0.000848
-1.227215 -61.052146 49.372413 -895.505243 0.087176 0.981780 0.168847 -0.924216 0.142963 -0.354100 0.371787 0.125182 -0.919839
-0.989475 -58.466705 -822.715656 -139.861974 0.070566 0.985869 0.151929 -0.944121 0.115169 -0.308822 0.321955 0.121647 -0.938907
-0.370806 -62.024561 -495.870587 -1422.938415 0.057760 0.986513 0.153151 -0.974665 0.088928 -0.205232 0.216083 0.137417 -0.966656
-1.479284 -59.085105 -193.005753 269.737534 0.108019 0.978613 0.175069 -0.857415 0.180834 -0.481807 0.503161 0.098063 -0.858611
-1.772331 -59.513163 941.596897 128.786123 0.111340 0.975747 0.188470 -0.864704 0.188589 -0.465533 0.489786 0.111138 -0.864730
-0.455412 -64.238916 954.314145 -1721.287972 0.078036 0.980141 0.182302 -0.973210 0.114562 -0.199345 0.216271 0.161861 -0.962823
-2.409320 -62.394357 1164.477516 -883.955909 0.098974 0.977476 0.186398 -0.926925 0.158698 -0.340036 0.361959 0.139122 -0.921754
3.703645 -238.647984 1093.450835 -37566.761104 0.793667 0.124427 0.595491 0.580111 -0.449575 -0.679230 -0.183204 -0.884534 0.428995
5.690886 -208.452204 2502.862556 -23614.690428 0.801937 0.140493 0.580653 0.530422 -0.614633 -0.583849 -0.274862 -0.776201 0.567417
0.363793 -230.058014 1690.297441 -27641.024796 0.803708 0.132018 0.580193 0.580854 -0.385595 -0.716886 -0.129077 -0.913175 0.386589
-10.216849 -223.825160 1948.569619 -7181.500654 0.865399 0.027597 0.500322 0.484313 -0.302219 -0.821039 -0.128549 -0.952839 0.274906
-12.692150 -236.033956 1925.100974 -12523.672799 0.863304 0.009476 0.504595 0.463085 -0.412366 -0.784542 -0.200643 -0.910969 0.360385
-12.154221 -233.467597 1275.394448 21166.976382 0.860277 0.003177 0.509817 0.509344 0.038135 -0.859718 0.022173 -0.999268 -0.031188
-9.089329 -223.131530 2126.090746 7469.309205 0.859631 0.052024 0.508259 0.509006 -0.001300 -0.860762 0.044119 -0.998645 0.027598
23.302560 -32.399544 6440.940006 813.697791 0.187358 0.775220 0.603267 -0.101722 0.626153 -0.773037 0.977010 -0.083469 -0.196172
19.242806 -30.471542 7283.178638 -580.855976 0.177189 0.759154 0.626330 -0.145976 0.649632 -0.746102 0.973291 -0.040772 -0.225926
28.001079 -32.645065 -2483.427327 176.148649 -0.295027 -0.690038 -0.660913 -0.118313 0.712761 -0.691357 0.948136 -0.125774 -0.291924
6.466858 -31.499724 6797.206386 -706.997921 0.120208 0.855005 0.504497 -0.166159 0.518341 -0.838877 0.978745 -0.017013 -0.204375
12.161484 -32.644390 7225.869155 510.562472 0.116038 0.854383 0.506522 -0.090077 0.516917 -0.851283 0.989152 -0.053155 -0.136942
-12.440184 -793.975891 -10044.860331 296053.362289 -0.707126 -0.150284 -0.690932 -0.170021 0.984622 -0.040158 0.686342 0.089076 -0.721803
-13.677259 -3095.976507 -14091.644103 -515105.383494 0.955484 -0.294792 -0.012179 -0.175735 -0.601779 0.779088 0.236998 0.742266 0.626796
230.950895 -1631.119375 72264.733287 214919.719687 0.932790 0.344851 0.104791 0.359347 -0.912257 -0.196613 -0.027794 -0.221055 0.974865
-13.438599 -34.004549 1502.055330 -743.865764 -0.050803 0.965348 -0.255974 -0.167810 -0.260912 -0.950666 0.984510 0.005342 -0.175250
-15.397712 -37.785058 1087.348862 -1381.250969 -0.074908 0.921776 -0.380418 -0.269332 -0.386013 -0.882300 0.960130 -0.036367 -0.277179
-13.646694 -90.587492 37.137776 1409.849443 0.154599 0.970576 0.184613 0.981740 -0.129954 -0.138918 -0.110839 0.202718 -0.972944
-172.681028 -2792.519800 3532.512550 -921866.860179 -0.518363 -0.246188 0.818957 0.725874 -0.632975 0.269166 0.452114 0.733985 0.506812
-74.327954 -754.126042 8682.342204 -225794.549902 -0.428002 -0.207896 0.879542 0.801980 -0.536070 0.263548 0.416705 0.818174 0.396167
-43.853460 -3026.189853 14258.044814 1065318.999710 0.171829 0.210591 -0.962355 -0.579065 0.811891 0.074273 0.796968 0.544503 0.261452
3.062763 -20.202760 -520.724478 648.043859 -0.696316 0.039136 -0.716667 -0.140209 0.971858 0.189298 0.703907 0.232295 -0.671233
0.452230 -17.842470 -430.709198 937.457331 -0.698193 0.044620 -0.714518 -0.173624 0.957706 0.229464 0.694537 0.284267 -0.660916
5.560223 -22.739416 -853.903953 596.734581 -0.686755 0.025934 -0.726426 -0.110956 0.983912 0.140023 0.718370 0.176763 -0.672829
-0.056162 -21.482224 -1638.613361 761.495395 -0.654912 -0.085053 -0.750904 -0.227264 0.969816 0.088364 0.720723 0.228524 -0.654473
-1.662228 -18.288794 -1143.198646 904.615614 -0.659914 -0.098079 -0.744912 -0.279180 0.952468 0.121916 0.697548 0.288419 -0.655928
-17.617250 -36.698585 -4524.715712 -3218.160899 0.108202 0.887480 -0.447964 -0.428821 0.448199 0.784366 -0.896886 -0.107227 -0.429066
-9.814094 -32.908240 -4340.441599 -1719.060735 0.046883 0.943060 -0.329301 -0.483023 0.309963 0.818909 -0.874352 -0.120667 -0.470051
-13.034794 -40.788829 -4988.500446 -3713.482599 -0.047088 0.988632 -0.142788 -0.420853 0.110005 0.900434 -0.905906 -0.102493 -0.410889
17.498028 -47.787468 23303.695082 462.414060 0.819083 -0.568696 0.075416 -0.288783 -0.522331 -0.802356 -0.495688 -0.635417 0.592062
60.689946 -37.021101 23023.347176 -1437.994962 0.710149 -0.704032 0.005182 -0.414928 -0.424457 -0.804780 -0.568790 -0.569364 0.593551
-10.906162 -50.409684 -6469.543102 5.240161 0.841172 0.527026 0.121132 -0.011920 0.242017 -0.970199 0.540636 -0.814661 -0.209860
-6.707149 -47.529321 -6325.440004 -1756.087941 0.845354 0.525692 0.094993 -0.065657 0.278715 -0.958127 0.530156 -0.803720 -0.270128
51.709224 -21.849946 -3557.883376 51.495577 0.218126 0.868066 0.445962 0.330242 -0.495661 0.803281 -0.918347 0.027941 0.394789
52.785371 -25.785500 -2614.076334 287.204152 0.260490 0.893753 0.365173 0.297025 -0.434072 0.850504 -0.918652 0.113082 0.378538
55.326445 -27.317324 -3527.589854 1046.885268 0.312534 0.853423 0.417123 0.383632 -0.515116 0.766474 -0.868993 0.079528 0.488392
52.417088 -22.947753 -5477.557218 296.552937 0.220657 0.816044 0.534211 0.386332 -0.576040 0.720365 -0.895577 -0.047429 0.442371
3.103609 -57.469285 -739.235359 2405.199617 0.168411 0.983706 -0.062931 -0.697859 0.164075 0.697189 -0.696154 0.073497 -0.714120
1.787320 -53.527932 -1052.943035 -1090.494266 0.132378 0.990215 -0.044154 -0.634446 0.118873 0.763772 -0.761548 0.073093 -0.643974
8.048167 -80.067859 -570.885695 -1648.252914 0.162652 0.964820 0.206557 -0.531899 -0.090583 0.841949 -0.831040 0.246812 -0.498454
7.450750 -87.818875 -3698.267058 -8315.386122 0.089846 0.961412 0.260027 -0.395838 -0.205107 0.895122 -0.913915 0.183352 -0.362135
5.555851 -72.806454 -184.722220 -3623.480854 0.136077 0.964235 0.227453 -0.503228 -0.130490 0.854245 -0.853373 0.230703 -0.467473
7.864221 -70.950471 413.479197 5563.721559 0.180593 0.973494 0.140343 -0.568518 -0.013119 0.822566 -0.802604 0.228337 -0.551080
-3.328203 -172.921619 -1518.717386 5673.585553 0.556695 0.829976 -0.035066 -0.033775 -0.019563 -0.999238 0.830030 -0.557455 -0.017142
-3.595628 -68.410903 -279.602591 1198.644472 0.156839 0.976441 0.148203 0.825334 -0.211999 0.523336 -0.542426 -0.040237 0.839140
-2.606893 -67.391670 -589.886256 1396.876119 0.161352 0.972925 0.165479 0.871834 -0.219095 0.438068 -0.462463 -0.073587 0.883580
-3.340602 -63.748419 -36.085955 2158.687572 0.183199 0.970426 0.157200 0.890684 -0.231524 0.391253 -0.416078 -0.068338 0.906758
-4.425185 -67.696947 -494.392182 1417.521048 0.165340 0.974572 0.151235 0.818766 -0.221127 0.529835 -0.549804 -0.036223 0.834508
7.903581 -136.659616 -1196.024290 -11399.472446 0.862177 0.321539 0.391488 -0.455443 0.830371 0.321022 0.221859 0.455078 -0.862370
6.918204 -148.326386 -1235.320710 -6428.281747 0.837391 0.368277 0.403917 -0.545429 0.611425 0.573294 0.035834 0.700379 -0.712871
4.952741 -132.491466 -2456.710090 -7539.475389 0.853549 0.374446 0.362277 -0.507556 0.754605 0.415883 0.117650 0.538852 -0.834145
41.589110 -33.525003 111.062116 812.969828 0.264745 0.931938 0.247793 0.143726 -0.292225 0.945488 -0.953547 0.214699 0.211309
32.972064 -33.677611 -7937.124938 1329.458031 0.086337 0.947381 0.308246 0.092204 -0.315672 0.944378 -0.991990 0.053114 0.114606
34.918121 -37.385144 6602.666298 1541.452608 0.384999 0.908386 0.163131 0.124636 -0.226310 0.966048 -0.914462 0.351596 0.200347
-3.106416 -116.668581 -634.076926 -1865.216342 -0.631822 -0.280943 -0.722407 0.235735 0.818206 -0.524374 0.738397 -0.501608 -0.450732
-0.786058 -125.354368 -998.556699 4743.381827 -0.613610 -0.281027 -0.737907 0.381618 0.712585 -0.588719 0.691267 -0.642843 -0.330005
1.605349 -156.483930 1021.049103 12328.812822 0.616672 0.283456 0.734417 0.470488 0.615267 -0.632525 0.631156 -0.735595 -0.246055
-2.804682 -143.006096 506.137899 11951.996798 -0.615056 -0.248704 -0.748233 0.412086 0.707647 -0.573952 0.672229 -0.661349 -0.332755
-0.364650 -161.618789 187.251470 24241.885498 0.606574 0.273715 0.746423 0.514227 0.580957 -0.630920 0.606332 -0.766530 -0.211642
42.980498 -655.588337 18358.452198 58527.989306 0.760876 0.564695 0.319668 -0.348895 0.771381 -0.532207 -0.547120 0.293412 0.783944
38.417620 -752.391924 -4309.511825 48730.317772 0.698342 0.494696 0.517295 -0.217002 0.835031 -0.505601 -0.682077 0.240828 0.690487
29.124990 -463.260963 10049.401645 -99955.877920 0.713007 0.597566 0.366791 -0.051055 -0.477486 0.877155 -0.699295 0.644145 0.309942
-12.620436 -36.697150 1479.256235 703.597776 -0.090651 0.874891 0.475761 0.967379 -0.036120 0.250745 0.236559 0.482972 -0.843077
-5.536473 -37.033222 3933.804428 847.720401 -0.021283 0.842239 0.538685 0.967928 -0.117550 0.222031 0.250326 0.526133 -0.812724
151.394163 -1740.160841 -184055.151948 2257017.448625 -0.808694 -0.147774 0.569365 -0.120380 0.989021 0.085711 -0.575779 0.000774 -0.817605
