13467
26916
-41.647004 -58.597395 54.035712 -6546.653560 0.994578 0.103433 -0.010824 -0.086543 0.765439 -0.637662 0.057670 -0.635141 -0.770240
-53.338641 -75.478890 -1947.403739 -6956.072884 0.981867 -0.121696 0.145354 0.179088 0.846909 -0.500672 0.062172 -0.517625 -0.853346
-45.276968 -71.186858 2716.273346 -11886.300486 0.910075 -0.246739 0.332991 0.397003 0.749641 -0.529553 0.118963 -0.614132 -0.780186
-45.253696 -68.396265 -909.001673 -5403.382986 0.978218 0.156492 -0.136378 -0.205336 0.825811 -0.525236 -0.030427 -0.541799 -0.839957
-34.401187 -57.699724 6883.750758 -11608.958729 0.919126 -0.167248 0.356702 0.369230 0.681460 -0.631887 0.137396 -0.712489 -0.688100
-37.515276 -48.563593 -991.544777 -5241.439337 0.927593 0.305763 -0.214662 -0.366213 0.630551 -0.684319 0.073884 -0.713382 -0.696869
-37.331492 -56.724871 -968.452041 -3322.121944 0.855762 0.376245 -0.355120 -0.516937 0.649849 -0.557200 -0.021131 -0.660406 -0.750612
-44.941445 -66.932637 -363.456135 -1157.255888 0.004005 -0.369888 0.929068 -0.487978 0.810224 0.324676 -0.872847 -0.454665 -0.177252
-43.211369 -69.297486 -529.180600 -2985.087925 -0.067098 -0.303129 0.950584 -0.350073 0.899316 0.262070 -0.934316 -0.315189 -0.166460
-44.347500 -68.579210 -496.013666 -2212.102248 -0.111468 -0.367317 0.923392 -0.413116 0.862218 0.293112 -0.903831 -0.348796 -0.247854
-63.783881 -80.112735 -2106.449031 -755.929258 0.289399 -0.507498 0.811599 0.151177 0.861473 0.484778 -0.945195 -0.017599 0.326032
-57.286534 -77.737304 -4167.229778 1163.174978 0.201681 -0.276009 0.939757 0.058517 0.961155 0.269735 -0.977702 0.000591 0.209998
-59.678679 -76.974076 -2770.390301 -4904.888553 0.281203 -0.334856 0.899331 -0.085043 0.924764 0.370917 -0.955873 -0.180785 0.231569
-10.754932 -49.675927 5460.417030 1484.169714 0.540110 -0.814862 0.210429 0.676350 0.271477 -0.684727 0.500832 0.512152 0.697759
3.684512 -43.712985 -13584.373102 2750.586415 -0.624292 0.779304 -0.054267 0.512132 0.355828 -0.781734 0.589898 0.515822 0.621247
-9.133026 -49.314742 -4518.227172 2873.183906 -0.494546 0.823084 -0.279208 0.671495 0.157869 -0.723997 0.551832 0.545537 0.630770
-18.232570 -54.124106 655.943964 -759.866416 0.407440 -0.823148 0.395499 0.795776 0.107547 -0.595965 0.448033 0.557549 0.698860
-19.630034 -53.669366 2225.301923 -1652.690672 0.459876 -0.830177 0.315151 0.806359 0.241786 -0.539744 0.371884 0.502341 0.780613
12.498880 -28.430652 -4699.106074 2247.524325 0.986438 -0.009629 0.163850 0.091122 0.862430 -0.497906 0.136515 -0.506084 -0.851612
17.580559 -29.485985 -1186.589711 2928.780496 0.970869 0.006330 0.239528 0.117443 0.858769 -0.498722 0.208856 -0.512325 -0.833008
16.765616 -27.164819 -396.772237 760.774487 0.966659 0.013514 0.255709 0.107946 0.884033 -0.454789 0.232202 -0.467229 -0.853100
15.600111 -32.567530 -3497.692289 2889.158294 0.978258 -0.011837 0.207052 0.125459 0.828748 -0.545378 0.165138 -0.559497 -0.812215
11.388738 -25.568702 -4796.535028 1283.994720 0.982908 -0.049577 0.177296 0.122941 0.893605 -0.431689 0.137030 -0.446108 -0.884427
2.666302 -27.094719 -5520.674896 2618.480620 0.985610 -0.040602 0.164084 0.113898 0.876786 -0.467198 0.124897 -0.479164 -0.868794
-0.836861 -81.106780 656.327739 1667.477405 0.972442 0.178152 0.150394 0.206649 -0.957292 -0.202207 -0.107947 -0.227714 0.967726
-0.731894 -76.849422 780.947647 -410.954136 0.966820 0.206173 0.150837 0.246748 -0.906559 -0.342441 -0.066141 -0.368297 0.927352
-0.782942 -81.313126 1267.048237 2168.809640 0.972891 0.180654 0.144389 0.211871 -0.946520 -0.243333 -0.092707 -0.267329 0.959135
0.797472 -81.858301 1085.769637 -4075.056372 0.976458 0.159231 0.145517 -0.174852 0.979331 0.101676 -0.126319 -0.124726 0.984117
-0.612159 -81.364917 -205.588984 -1297.821320 0.977307 0.140575 0.158460 -0.149200 0.987834 0.043857 -0.150367 -0.066504 0.986391
17.105754 -75.540454 -6537.139665 -7249.275482 0.809519 0.272152 0.520205 -0.270438 -0.613604 0.741858 -0.521098 0.741231 0.423124
23.122262 -76.107546 -4676.590547 -12855.649071 0.834482 0.182870 0.519806 -0.306034 -0.630661 0.713169 -0.458239 0.754205 0.470311
15.533117 -84.663471 -5373.344112 -15116.065225 0.830681 0.273661 0.484850 -0.193323 -0.674893 0.712142 -0.522107 0.685295 0.507715
258.989005 -53.713116 -98052.624869 30.347031 0.982616 -0.020028 0.184567 -0.153948 0.467736 0.870358 0.103760 0.883641 -0.456521
562.520762 -69.060631 -204026.318742 -1122.622487 0.982577 -0.009241 0.185625 -0.170821 0.348621 0.921566 0.073229 0.937218 -0.340968
300.792591 -52.620356 -103983.622636 -2110.227018 0.971342 0.068631 0.227562 -0.236139 0.387694 0.891028 0.027073 0.919229 -0.392790
165.927788 -46.490122 -58807.853516 -1423.029747 0.980362 0.009491 0.196978 -0.177666 0.476004 0.861310 0.085588 0.879392 -0.468342
97.385269 -46.445539 -41857.318402 -3555.863571 0.988736 -0.038981 0.144503 -0.103367 0.520386 0.847652 0.108240 0.853041 -0.510495
390.108101 -47.710489 -145957.979055 2374.009010 0.989593 -0.131980 0.057325 0.026632 0.559501 0.828402 0.141406 0.818254 -0.557193
-4.016472 -27.223630 3721.658188 -1846.871277 0.641707 -0.109583 0.759081 0.542322 0.764677 -0.348074 0.542309 -0.635028 -0.550128
-11.893887 -32.103446 1559.853764 -3499.769828 0.752488 0.035625 0.657642 0.380616 0.791382 -0.478379 0.537489 -0.610283 -0.581945
-8.104055 -32.318069 2236.802930 -4848.454586 0.696849 -0.031675 0.716518 0.450118 0.797100 -0.402525 0.558386 -0.603016 -0.569716
-12.854820 -27.253865 2190.748458 -859.375427 0.703573 -0.053548 0.708602 0.488388 0.760776 -0.427431 0.516200 -0.646802 -0.561414
4.609124 -150.582759 1502.532814 4863.894037 -0.292574 0.948744 0.119519 -0.124387 -0.161686 0.978972 -0.948118 -0.271555 -0.165316
9.212017 -152.820504 2246.792698 196.564764 -0.309134 0.941926 0.131190 -0.179668 -0.193307 0.964547 -0.933893 -0.274603 -0.228992
5.247441 -151.330420 1584.936376 2098.578145 -0.302925 0.945159 0.122113 -0.329622 -0.224135 0.917122 -0.894196 -0.237568 -0.379441
-3.539239 -107.051616 804.664981 -2848.318648 0.244484 -0.946808 -0.209240 0.941914 0.180649 0.283131 -0.230272 -0.266308 0.935978
-4.270947 -107.042179 -75.702903 -4335.230315 0.232500 -0.953042 -0.194047 0.966954 0.205044 0.151517 -0.104614 -0.222862 0.969220
-1.563921 -102.615656 -787.684376 1480.826977 0.263657 -0.946839 -0.184340 0.931728 0.200500 0.302790 -0.249733 -0.251587 0.935060
-5.014668 -120.680441 1464.150741 -8508.099189 0.207152 -0.952722 -0.222281 0.976370 0.187036 0.108256 -0.061564 -0.239454 0.968954
-9.021310 -111.270788 3730.692024 -3286.446641 0.991923 0.081414 0.097263 0.053446 -0.963696 0.261598 -0.115030 0.254287 0.960264
-13.751570 -107.744267 1344.391900 -4696.139308 0.981199 0.105527 0.161595 0.021377 -0.891552 0.452414 -0.191812 0.440453 0.877046
-12.116953 -103.893771 391.951420 -2142.172595 0.980155 0.114064 0.162127 0.060835 -0.951482 0.301630 -0.188666 0.285781 0.939539
-8.784976 -107.906571 1727.024215 -4044.800293 0.988404 0.080257 0.128907 0.010676 -0.883541 0.468232 -0.151473 0.461426 0.874152
-11.426492 -108.586164 1076.656491 -1390.748973 0.981028 0.118108 0.153739 -0.100749 0.988102 -0.116207 -0.165634 0.098513 0.981254
-8.671540 -118.745169 2541.637658 -2842.818939 0.993493 0.065481 0.093185 0.035529 -0.955551 0.292677 -0.108208 0.287462 0.951660
-8.193924 -119.334774 2676.316446 -653.533764 0.987487 0.115889 0.106958 -0.117523 0.993029 0.009082 -0.105160 -0.021539 0.994222
4.157296 -79.185451 -548.214820 -723.509270 0.928238 0.132385 0.347633 -0.371216 0.269516 0.888572 -0.023941 0.953853 -0.299318
3.058981 -85.607066 -1407.950090 -1624.757662 0.938510 0.148291 0.311784 -0.333816 0.159236 0.929091 -0.088129 0.976040 -0.198947
2.284664 -83.505314 -1038.622580 -889.137774 0.916507 0.161961 0.365765 -0.399593 0.328470 0.855823 -0.018467 0.930525 -0.365763
5.187290 -82.524947 -952.485554 -2143.246036 0.948289 0.125147 0.291697 -0.304766 0.102197 0.946929 -0.088695 0.986861 -0.135052
38.561451 -151.541762 -10358.082926 -11196.251776 -0.198390 0.980042 -0.012609 -0.821123 -0.159168 0.548108 -0.535162 -0.119092 -0.836313
45.199730 -139.742954 -1096.864509 -12017.076798 -0.106083 0.988406 0.108628 -0.852244 -0.146658 0.502167 -0.512276 0.039306 -0.857921
44.544562 -204.862795 -814.047942 -39093.707929 -0.105896 0.986690 0.123404 -0.726030 -0.161520 0.668425 -0.679460 0.018812 -0.733471
40.148516 -205.645527 -8839.274675 -29578.269675 -0.188933 0.980955 0.045080 -0.647063 -0.158894 0.745696 -0.738657 -0.111717 -0.664759
14.589108 -30.181710 2807.953028 -2839.588417 0.947954 0.057037 0.313256 0.087241 0.899648 -0.427811 0.306221 -0.432874 -0.847849
15.172879 -28.075696 -1274.353202 -2407.269449 0.971930 -0.016567 0.234686 0.116864 0.899751 -0.420465 0.204194 -0.436089 -0.876431
13.151076 -26.602501 4032.885821 369.537964 0.937777 0.080376 0.337808 0.092530 0.879823 -0.466208 0.334683 -0.468456 -0.817641
-1.002191 -471.234031 4763.504142 -173277.019332 -0.315149 0.898250 0.306314 0.467360 -0.134021 0.873849 -0.825988 -0.418552 0.377570
-17.576480 -451.923189 3393.020230 -141133.024486 -0.294315 0.907523 0.299633 0.659284 -0.034184 0.751117 -0.691899 -0.418608 0.588255
1.417018 -471.798354 8087.553237 -122175.233158 -0.369452 0.908520 0.195181 0.580770 0.061787 0.811720 -0.725404 -0.413247 0.550468
-10.874421 -315.799415 5686.402606 -40841.552372 -0.262356 0.889991 0.372941 0.398082 -0.252239 0.881990 -0.879033 -0.379856 0.288113
-10.536363 -150.749106 4175.736111 -1397.252880 -0.269957 0.880757 0.389090 0.348951 -0.287132 0.892070 -0.897416 -0.376594 0.229828
26.485528 -3.814744 355.114496 -11063.326322 0.897090 -0.352410 0.266527 -0.440417 -0.761691 0.475248 -0.035529 0.543723 0.838512
30.624797 -2.013545 -1690.977716 -14067.505636 0.908452 -0.288385 0.302571 -0.409530 -0.758981 0.506194 -0.083667 0.583765 0.807601
33.955021 23.936898 -5400.105264 14190.383680 0.688961 -0.552395 0.469248 0.723197 0.566936 -0.394423 -0.048156 0.611101 0.790087
41.887539 31.302707 -9911.720764 -210.837906 -0.017486 -0.866377 0.499084 0.990315 0.053753 0.128009 -0.137731 0.496489 0.857047
31.269639 28.930877 -136.903654 4198.045888 0.195257 -0.851362 0.486886 0.980258 0.185167 -0.069334 -0.031127 0.490812 0.870709
22.130684 9.790252 4011.422678 -9527.622934 0.909032 -0.375523 0.180676 -0.414438 -0.769269 0.486279 0.043621 0.516921 0.854921
-12.570133 -39.101950 -1370.144043 1657.053696 0.762321 -0.232627 0.603947 0.625831 0.027151 -0.779486 -0.164932 -0.972187 -0.166283
-13.514594 -42.319890 -2381.348492 987.262592 0.755335 -0.237716 0.610704 0.609633 -0.087040 -0.787890 -0.240450 -0.967427 -0.079176
-6.896029 -39.700781 -4460.464035 1201.341281 0.769863 -0.275531 0.575668 0.600532 0.007411 -0.799567 -0.216039 -0.961264 -0.171171
-17.256181 -41.768503 284.615387 1396.801824 0.777800 -0.191686 0.598568 0.599204 -0.061271 -0.798248 -0.189688 -0.979542 -0.067203
-6.935884 -35.987189 -3855.821561 2259.422272 0.772581 -0.272191 0.573612 0.615881 0.101717 -0.781245 -0.154302 -0.956852 -0.246222
-14.871210 -38.336579 869.023730 1453.309639 0.781351 -0.192268 0.593736 0.611963 0.049391 -0.789343 -0.122440 -0.980099 -0.156253
-11.388455 -34.883144 -1089.951780 1784.635826 0.767579 -0.232129 0.597443 0.631918 0.118103 -0.765984 -0.107248 -0.965488 -0.237340
-2.877149 -72.032791 489.887276 176.232813 -0.870733 -0.240150 -0.429130 -0.118395 0.949355 -0.291046 0.477292 -0.202617 -0.855067
-3.107920 -71.027784 -141.926889 1579.032793 -0.861219 -0.246614 -0.444390 -0.190204 0.967236 -0.168156 0.471300 -0.060294 -0.879910
-2.745670 -72.754012 -417.807005 -912.015365 -0.853489 -0.279665 -0.439709 -0.141711 0.936553 -0.320604 0.501472 -0.211320 -0.838969
-4.029614 -71.206546 -248.874887 -2033.280180 -0.855498 -0.281394 -0.434673 -0.075160 0.898043 -0.433439 0.512322 -0.338136 -0.789424
-3.786838 -71.234664 108.399880 -357.116055 -0.868628 -0.234388 -0.436518 -0.049007 0.917351 -0.395051 0.493036 -0.321760 -0.808323
-2.276459 -68.711469 164.507765 943.878096 -0.873256 -0.215023 -0.437251 -0.112154 0.961969 -0.249072 0.474178 -0.168464 -0.864162
-4.897062 -99.144623 2400.527158 4529.135893 0.967948 0.226477 0.108555 0.235310 -0.666743 -0.707165 0.087778 -0.710043 0.698665
-5.974409 -108.970394 2263.060353 7101.813363 0.973157 0.208900 0.096572 0.226867 -0.800217 -0.555144 0.038691 -0.562151 0.826129
-5.052693 -100.540378 1157.135316 5182.554241 0.970140 0.207542 0.125520 0.237888 -0.713247 -0.659308 0.047307 -0.669481 0.741321
-4.260903 -96.568332 1532.015698 -724.280285 0.962719 0.225706 0.149096 0.254911 -0.572540 -0.779242 0.090517 -0.788197 0.608730
13.897429 -19.270730 -6622.093719 618.704520 0.956890 -0.263681 -0.121793 0.182114 0.871339 -0.455634 -0.226265 -0.413811 -0.881796
42.288693 -27.500100 -16190.927605 -1390.113011 0.968886 -0.210743 -0.129797 0.131108 0.881796 -0.453041 -0.209930 -0.421928 -0.881990
23.788253 -21.820183 -10798.557793 -3716.614933 0.973287 -0.071287 -0.218244 -0.028022 0.906586 -0.421090 -0.227875 -0.415957 -0.880371
6.676843 -14.312219 -2140.358432 -1822.151944 0.977879 -0.060754 -0.200153 -0.029869 0.906525 -0.421095 -0.207027 -0.417758 -0.884657
-31.784095 -4472.200448 16725.626639 -2092654.189518 -0.650455 0.748234 0.130589 0.756909 0.652857 0.029441 -0.063227 0.117994 -0.990999
-53.109369 -791.422860 56.290734 -211160.573899 -0.687666 0.679961 0.254497 0.682581 0.724933 -0.092491 -0.247384 0.110112 -0.962640
-82.871096 -1275.732965 -6191.529499 -69112.506372 -0.673247 0.672608 0.307145 0.735957 0.569403 0.366263 0.071462 0.472630 -0.878359
-65.054920 -938.940054 -9017.457600 36122.030730 -0.620938 0.760452 0.190130 0.669982 0.388974 0.632315 0.406890 0.520012 -0.751018
-59.026609 -1847.288751 4365.769925 -770604.706237 -0.588377 0.796922 0.136851 -0.582595 -0.300453 -0.755190 0.560710 0.524065 -0.641062
10.241555 -186.594369 -3606.221308 -24467.352514 -0.541510 0.730522 0.416058 -0.128759 0.416992 -0.899744 0.830776 0.540791 0.131744
10.182718 -203.597559 -895.876463 19813.144958 -0.556969 0.783655 0.275081 0.154868 0.423396 -0.892609 0.815966 0.454555 0.357182
17.279755 -197.294983 2947.148769 26647.762523 -0.607051 0.760129 0.231715 0.126774 0.380491 -0.916054 0.784485 0.526716 0.327342
17.958420 -148.564203 -1592.330914 -16593.498986 -0.607289 0.717512 0.341139 -0.095504 0.360343 -0.927918 0.788720 0.596095 0.150307
-12.638218 -38.379127 -242.853484 649.634417 0.986650 -0.143684 0.076654 -0.072534 -0.809156 -0.583100 -0.145807 -0.569756 0.808776
-14.133502 -37.845562 -446.239469 -965.846889 0.984679 -0.144650 0.097384 -0.053110 -0.780716 -0.622625 -0.166092 -0.607914 0.776437
-13.030873 -41.159971 1220.077798 819.657637 0.993659 -0.057596 0.096561 0.018513 -0.763290 -0.645790 -0.110898 -0.643483 0.757384
-11.430663 -40.687204 656.069481 1855.173558 0.994134 -0.090034 0.059934 -0.035855 -0.797129 -0.602743 -0.102042 -0.597059 0.795681
-12.433029 -44.722655 1298.744986 479.857227 0.991936 0.030356 0.123049 0.105645 -0.734377 -0.670470 -0.070011 -0.678063 0.731662
-13.482193 -43.678961 2222.742934 -2247.134163 0.987003 0.046954 0.153688 0.141021 -0.711654 -0.688230 -0.077057 -0.700959 0.709027
-58.534063 -73.531925 -924.516196 5948.085778 0.892386 0.194783 0.407071 -0.450883 0.422348 0.786337 0.018760 0.885258 -0.464722
-46.070834 -89.829407 2535.513667 8275.396369 0.750506 0.203211 0.628845 -0.640756 0.456693 0.617141 0.161779 0.866104 -0.472960
-59.497710 -85.549214 -754.961457 5960.808663 0.720800 0.317405 0.616199 -0.678585 0.504381 0.533969 0.141315 0.803028 -0.578944
-63.763706 -78.973790 -346.775892 4618.100630 0.801756 0.308524 0.511860 -0.592853 0.518882 0.615863 0.075587 0.797229 -0.598926
-58.368602 -72.797929 135.858993 4476.087588 0.991108 0.112192 0.071538 -0.121474 0.543497 0.830575 -0.054303 0.831880 -0.552293
-51.307906 -64.160264 -2173.810176 692.933614 0.936459 -0.050751 -0.347086 0.331962 0.447930 0.830157 -0.113339 0.892627 -0.436316
-47.114058 -61.434679 -2695.739099 252.907363 0.959665 -0.056673 -0.275376 0.277032 0.357580 0.891846 -0.047925 0.932161 -0.358857
-0.336603 -91.070870 16161.166966 -7739.016531 0.978483 -0.070925 -0.193754 -0.024097 -0.971917 0.234087 0.204915 0.224381 0.952713
-23.264868 -79.850395 14853.466395 -8427.408620 0.972689 -0.171984 -0.155877 -0.103139 -0.921867 0.373529 0.207939 0.347251 0.914428
-26.737834 -82.378595 14052.180783 -4527.082361 0.982586 -0.103096 -0.154582 -0.066936 -0.972492 0.223113 0.173332 0.208881 0.962458
-25.248477 -88.076542 13971.205275 1540.620741 0.985173 -0.010514 -0.171241 -0.000193 0.998052 -0.062388 0.171563 0.061496 0.983252
-39.566194 -81.690936 6305.674648 -1661.446618 0.997036 -0.069480 -0.033048 -0.063125 -0.984283 0.164931 0.043988 0.162356 0.985751
74.810298 -76.004574 -19438.417944 -2412.276498 0.724493 -0.688499 -0.032836 0.682562 0.709981 0.173308 0.096010 0.147973 -0.984320
83.223666 -80.111571 24414.401469 4504.766650 -0.602215 0.796782 -0.049752 -0.791736 -0.604072 -0.090834 0.102428 0.015311 -0.994623
302.952814 -76.343881 98202.225969 1502.938630 -0.528185 0.849060 -0.010791 -0.804429 -0.504409 -0.313793 0.271873 0.157060 -0.949430
96.203600 -71.349728 -23636.751803 5011.326153 0.768088 -0.636194 -0.072788 0.613031 0.697715 0.370658 0.185025 0.329319 -0.925913
260.319971 -69.412669 -77461.516235 8630.951874 0.684031 -0.728644 -0.034340 0.641644 0.578629 0.503469 0.346980 0.366423 -0.863331
763.862792 -101.607133 247875.818892 -15137.513596 -0.455580 0.865815 -0.206908 -0.678348 -0.488165 -0.549125 0.576446 0.109815 -0.809722
599.026850 -140.007300 231184.158628 23643.748477 -0.154730 0.949474 -0.273053 -0.882352 -0.257136 -0.394127 0.444425 -0.179945 -0.877557
-10.210410 -50.898616 1033.632415 -1366.949077 0.916896 -0.271103 0.292926 -0.269960 0.119329 0.955449 0.293980 0.955125 -0.036225
-13.841798 -51.175929 1037.691199 -535.589806 0.918363 -0.256285 0.301541 -0.310903 0.004182 0.950432 0.244843 0.966592 0.075840
-10.492531 -52.362894 1124.456922 -1243.643833 0.925057 -0.276721 0.260184 -0.274001 -0.011776 0.961657 0.263047 0.960878 0.086715
-13.971768 -52.788774 1583.840867 -280.361699 0.924138 -0.263099 0.277035 -0.314383 -0.111626 0.942711 0.217102 0.958289 0.185871
-4.268080 -50.821361 2901.462833 -1177.334877 0.923901 -0.285073 0.255225 -0.231234 0.115464 0.966022 0.304856 0.951526 -0.040759
-2.019389 -51.250387 5309.652541 -1561.843640 0.918273 -0.306928 0.250141 -0.257725 0.016272 0.966081 0.300588 0.951594 0.064161
23.605752 -29.953325 -8120.669513 -4991.628684 0.647609 0.511111 -0.565126 -0.089550 0.787575 0.609678 0.756692 -0.344226 0.555811
5.520509 -43.818139 -3034.667916 -6821.218262 0.631462 0.513206 -0.581270 -0.167885 0.822339 0.543666 0.757014 -0.245718 0.605436
245.139280 -13.060531 -110706.541315 224.552076 0.483952 0.875094 0.000477 0.519623 -0.286928 -0.804776 0.704118 -0.389721 0.593579
154.716491 -22.873760 -66118.304236 6915.845402 0.658818 0.716826 -0.228297 0.250302 -0.495036 -0.832039 0.709442 -0.491019 0.505562
44.911474 -22.942367 -14916.734337 -1120.501363 0.728019 0.417573 -0.543711 -0.008443 0.798495 0.601943 0.685505 -0.433635 0.584845
14.372839 -46.748849 2603.064882 -3524.958763 0.662237 -0.032722 -0.748580 0.293933 0.930313 0.219365 0.689236 -0.365304 0.625706
2.547510 -160.031586 1062.090659 -2131.361077 0.598995 -0.238445 -0.764427 0.589173 -0.515268 0.622394 0.542292 0.823191 0.168157
-2.375420 -140.659193 136.999484 -3993.882591 -0.588626 0.236023 0.773183 0.623595 -0.476069 0.620070 0.514440 0.847143 0.133044
2.445280 -140.295010 1036.449414 -13362.779454 0.556672 -0.197855 -0.806827 -0.478672 0.717392 -0.506184 0.678962 0.667984 0.304644
-2.366600 -142.321428 45.975226 -17810.540950 -0.631278 0.280049 0.723229 0.697570 -0.202520 0.687301 0.338946 0.938381 -0.067507
35.826426 -147.869072 10907.001367 -32520.021183 0.621896 -0.338811 -0.706011 -0.306300 0.724493 -0.617487 0.720712 0.600264 0.346782
0.360840 -171.472499 663.261614 -19793.415440 -0.643347 0.272748 0.715341 0.662721 -0.269386 0.698736 0.383282 0.923601 -0.007447
17.294152 -170.266587 5635.954448 6738.216301 0.661601 -0.310435 -0.682579 0.491080 -0.508537 0.707269 0.566678 0.803131 0.184001
0.350044 -133.737081 -3940.294790 9832.640527 -0.201927 0.090795 -0.975183 0.869286 0.475306 -0.135746 0.451185 -0.875123 -0.174904
-0.573301 -156.746403 1900.911415 8819.529839 -0.261628 0.151432 -0.953215 0.951148 0.208180 -0.227988 0.163915 -0.966297 -0.198500
-0.333135 -150.857513 -2500.524854 7726.280039 -0.252007 0.114200 -0.960963 0.952134 0.206794 -0.225117 0.173013 -0.971697 -0.160847
-4.422128 -153.300159 -2099.024430 5803.529511 -0.255256 0.129643 -0.958143 0.966056 -0.006543 -0.258249 -0.039750 -0.991539 -0.123573
-2.702254 -140.532770 -2267.390767 6931.806640 -0.235877 0.137257 -0.962041 0.950819 0.237118 -0.199296 0.200763 -0.961736 -0.186437
0.782476 -126.818974 -1433.224393 6868.323944 -0.229320 0.138105 -0.963504 0.901372 0.403714 -0.156665 0.367344 -0.904401 -0.217064
-1.851679 -85.897799 -2009.379010 -6681.419448 -0.104591 0.196012 -0.975008 0.341182 0.927959 0.149954 0.934160 -0.316971 -0.163932
-2.964171 -96.979135 -1023.295227 -9271.358504 -0.126916 0.181111 -0.975239 0.225018 0.962814 0.149520 0.966054 -0.200469 -0.162949
-1.735556 -101.121679 -1484.617722 -11576.861637 -0.107601 0.199018 -0.974071 0.197661 0.964483 0.175225 0.974347 -0.173681 -0.143118
-22.638598 -50.297869 4195.274678 1105.126058 0.731842 -0.023690 -0.681062 -0.554074 0.561153 -0.614906 -0.396748 -0.827373 -0.397549
-30.810480 -51.577298 4350.417951 1385.583784 0.660927 -0.012441 -0.750347 -0.602088 0.588045 -0.540086 -0.447957 -0.808732 -0.381164
-29.455378 -50.666582 4431.711873 843.510160 0.663812 0.031056 -0.747254 -0.575651 0.659082 -0.483980 -0.477471 -0.751430 -0.455384
-17.317274 -50.712282 2739.335736 447.036279 0.751439 -0.017335 -0.659575 -0.479900 0.671682 -0.564393 -0.452809 -0.740636 -0.496409
-24.402171 -50.176399 3777.764638 -185.160550 0.702535 0.018148 -0.711417 -0.500892 0.722730 -0.476202 -0.505521 -0.690892 -0.516834
-29.339562 -50.081475 2599.556448 265.013692 0.678370 -0.026964 -0.734226 -0.474445 0.746959 -0.465783 -0.560996 -0.664323 -0.493922
1.741146 -90.968166 -2505.260101 5070.700703 -0.162180 0.175156 -0.971091 0.615618 0.787072 0.039151 0.771176 -0.591471 -0.235476
1.482119 -107.448451 -3995.800965 15871.415432 -0.174039 0.130502 -0.976053 0.705398 0.708129 -0.031099 0.687113 -0.693918 -0.215298
-0.150558 -89.394204 -1499.412895 7174.230185 -0.180065 0.174282 -0.968092 0.626557 0.779015 0.023704 0.758289 -0.602297 -0.249471
-0.206695 -86.964032 -1417.163215 -3020.620994 -0.138724 0.222775 -0.964949 0.531040 0.839175 0.117394 0.835914 -0.496141 -0.234716
-1.267047 -77.746922 -461.284565 841.698860 -0.159046 0.202140 -0.966356 0.560124 0.824509 0.080281 0.812997 -0.528511 -0.244359
-4.164314 -123.896720 3062.641114 2422.003438 0.806979 0.042201 -0.589071 0.364332 0.749453 0.552795 -0.464810 0.660711 -0.589418
2.128639 -132.847118 3102.684030 2902.887332 0.806585 0.031532 -0.590277 0.352577 0.775839 0.523224 -0.474458 0.630142 -0.614663
-0.638736 -130.853447 -2351.670294 239.205798 -0.805699 -0.050386 0.590178 0.239712 0.883400 0.402669 -0.541652 0.465903 -0.699677
-16.231762 -182.409588 2142.242225 19771.340368 0.451527 -0.324283 -0.831242 -0.119498 0.901246 -0.416504 0.884219 0.287395 0.368186
-22.808722 -165.656835 1294.254879 10274.100262 0.489535 -0.313734 -0.813589 -0.175068 0.878672 -0.444169 0.854229 0.359870 0.375216
-16.776386 -193.092282 195.731185 21580.878171 0.498208 -0.282197 -0.819850 0.060742 0.954590 -0.291664 0.864927 0.095509 0.492725
-21.926253 -153.409711 4019.144198 7952.460669 0.443725 -0.358261 -0.821436 -0.339458 0.781117 -0.524046 0.829383 0.511376 0.224986
-13.876843 -209.887049 1082.928060 16027.542520 0.458268 -0.315414 -0.830966 0.197141 0.947699 -0.251002 0.866675 -0.048791 0.496481
-13.851025 -160.967574 2108.185630 14062.526742 0.434685 -0.368069 -0.821933 -0.341024 0.777430 -0.528493 0.833517 0.510027 0.212416
64.505617 -33.339418 8647.413523 916.222781 -0.878506 0.002329 -0.477725 -0.137700 0.956314 0.257882 0.457456 0.292333 -0.839807
76.123504 -38.567834 4172.403219 119.578361 -0.799705 0.064362 -0.596934 -0.076044 0.975372 0.207041 0.595558 0.210965 -0.775116
61.230475 -39.451470 -12615.956229 2498.907625 -0.685293 0.041839 -0.727064 -0.209767 0.944698 0.252078 0.697403 0.325261 -0.638619
62.161849 -33.120690 8104.320342 1476.502655 -0.868775 -0.040246 -0.493569 -0.219911 0.924378 0.311711 0.443699 0.379348 -0.811927
9.449073 -47.940702 -3848.595250 812.668999 0.824432 0.460929 0.328415 -0.235007 -0.249085 0.939536 -0.514862 0.851764 0.097032
-3.873971 -47.696697 -5915.797975 1037.671173 0.803775 0.497236 0.326652 -0.235916 -0.237654 0.942266 -0.546158 0.834432 0.073714
8.663603 -49.671475 -5041.740768 882.767884 0.819036 0.475872 0.320509 -0.283654 -0.149730 0.947165 -0.498719 0.866676 -0.012349
-4.551277 -50.593055 -5198.178654 567.420184 0.819786 0.494370 0.289049 -0.319190 -0.024616 0.947371 -0.475467 0.868903 -0.137618
13.227492 -51.636845 -5550.941620 484.635310 0.825657 0.475058 0.304320 -0.330888 -0.029134 0.943220 -0.456950 0.879472 -0.133136
24.916450 -52.328240 -4434.003367 -2627.625872 0.164905 0.825111 -0.540369 0.985589 -0.158790 0.058312 -0.037691 -0.542198 -0.839405
15.624138 -49.329821 -4243.305036 -2958.593898 0.217189 0.798743 -0.561105 0.971224 -0.234383 0.042287 -0.097737 -0.554143 -0.826664
21.046597 -56.887280 -5802.795036 -4568.646213 0.195466 0.794446 -0.575021 0.980640 -0.165352 0.104898 -0.011745 -0.584393 -0.811386
44.714091 -350.923406 19019.226075 61091.138637 0.401848 -0.339814 0.850320 0.433968 0.888365 0.149931 -0.806343 0.308763 0.504456
106.437224 -456.752539 34920.128364 145543.673103 0.389287 -0.404836 0.827384 0.693923 0.719594 0.025601 -0.605744 0.564175 0.561054
17.181860 -258.257319 8055.226624 33372.396524 0.402324 -0.411354 0.817877 0.654837 0.753624 0.056915 -0.639785 0.512678 0.572571
137.652522 -896.988403 50598.359527 266148.915514 0.306361 -0.301215 0.903002 0.534535 0.839370 0.098638 -0.787664 0.452468 0.418160
58.017224 -391.414967 19479.808187 -16830.000309 0.364972 -0.316637 0.875520 0.065018 0.946763 0.315299 -0.928745 -0.058150 0.366129
-43.386157 -420.501538 -6584.440725 -98404.450363 0.703895 -0.538475 0.463225 0.368453 -0.280749 -0.886241 -0.607268 -0.794497 -0.000785
-1.889719 -1181.833600 1849.128002 491428.815273 -0.711444 0.583136 -0.392173 -0.007572 0.551667 0.834030 -0.702702 -0.596336 0.388064
78.116577 -2741.864391 -31767.357439 -1284153.580120 0.614611 -0.635244 0.467674 0.357887 -0.303788 -0.882966 -0.702972 -0.710055 -0.040635
-53.068523 -90.046282 2225.669119 -12760.715724 0.817582 -0.424992 0.388511 0.554241 0.763779 -0.330846 0.156129 -0.485822 -0.860000
-55.181990 -81.371388 -1525.875915 -5730.282404 0.998318 -0.050398 0.028672 0.057631 0.916875 -0.394993 0.006382 -0.395981 -0.918236
-62.603879 -89.916755 -242.316784 -6809.382158 0.886517 -0.379595 0.264564 0.447674 0.848200 -0.283100 0.116940 -0.369411 -0.921879
-43.133052 -66.560246 336.819229 -3538.537044 0.024447 -0.243847 0.969505 -0.362267 0.901719 0.235933 -0.931754 -0.356988 -0.066294
-43.717387 -72.781031 296.714641 -1255.065244 -0.047144 -0.201209 0.978413 -0.167246 0.967265 0.190857 -0.984787 -0.154638 -0.079252
-45.660671 -63.802547 385.272278 -1084.103812 0.093569 -0.274923 0.956902 -0.462114 0.839325 0.286330 -0.881871 -0.468989 -0.048511
-46.380198 -64.995536 239.402985 -4565.243667 0.100792 -0.162796 0.981498 -0.385358 0.903127 0.189370 -0.917246 -0.397315 0.028293
-44.736492 -69.269815 -1388.366052 -4294.862524 0.046061 -0.182416 0.982142 -0.251150 0.949490 0.188130 -0.966852 -0.255330 -0.002079
3.053037 -21.078918 2827.939109 4245.486936 0.786137 -0.592370 0.176315 0.587050 0.626457 -0.512761 -0.193290 -0.506606 -0.840232
15.612677 -28.920723 -5994.669411 5790.106125 0.821524 -0.562697 0.092040 0.525218 0.683998 -0.506253 -0.221912 -0.464240 -0.857459
2.242014 -18.220989 173.733845 3502.021837 0.869662 -0.490281 0.057555 0.452903 0.746056 -0.488139 -0.196386 -0.450582 -0.870866
11.297104 -37.209319 -4247.540856 -155.395822 0.969625 -0.062843 0.236387 0.209244 0.713593 -0.668582 0.126668 -0.697736 -0.705067
16.178318 -36.808336 -3030.945492 2067.346622 0.973658 -0.021056 0.227038 0.157443 0.782323 -0.602646 0.164928 -0.622517 -0.765031
10.098690 -35.441462 -4663.984445 1241.388609 0.982597 -0.021213 0.184532 0.132486 0.776354 -0.616216 0.130191 -0.629940 -0.765654
0.490793 -35.567948 -4011.704813 28.139190 0.978811 -0.035608 0.201644 0.162711 0.733100 -0.660371 0.124311 -0.679188 -0.723360
-0.226735 -76.184176 215.075546 -2379.152546 0.966699 0.193745 0.167199 0.240327 -0.911813 -0.332927 -0.087951 -0.362023 0.928011
-6.315355 -121.422699 -2640.752850 5133.171142 0.841207 0.219897 0.493979 -0.243757 0.969695 -0.016565 -0.482652 -0.106477 0.869316
-4.759345 -114.131285 -2057.136343 7465.053591 0.845801 0.234115 0.479385 -0.129691 0.961843 -0.240910 -0.517494 0.141590 0.843891
2.387843 -113.616384 -2433.439914 2308.860147 0.847862 0.210124 0.486804 -0.168025 0.977281 -0.129186 -0.502889 0.027737 0.863906
-7.199443 -117.286886 -687.979078 5300.759522 0.855739 0.232961 0.461996 -0.208381 0.972461 -0.104386 -0.473591 -0.006945 0.880717
1.144912 -116.324288 -2493.423464 1529.469514 0.841363 0.208865 0.498482 -0.287795 0.953813 0.086106 -0.457475 -0.215907 0.862613
-4.757833 -120.410413 -1299.112422 -1945.891338 0.855088 0.208768 0.474595 -0.342665 0.914498 0.215113 -0.389107 -0.346568 0.853514
-8.372651 -120.879102 -1027.360235 2865.439327 0.859047 0.215771 0.464199 -0.285120 0.954820 0.083821 -0.425141 -0.204359 0.881756
623.928025 -55.830850 -203499.566216 25.394359 0.950820 0.056614 0.304525 -0.308554 0.259177 0.915217 0.027112 0.964169 -0.263900
679.089916 -54.533458 -228953.186168 2655.052348 0.925883 -0.216883 0.309359 -0.231669 0.320907 0.918340 0.298448 0.921944 -0.246877
702.507161 -57.692387 -215426.640388 9240.460793 0.905389 -0.206275 0.371108 -0.327065 0.218509 0.919392 0.270738 0.953784 -0.130371
988.125638 -0.994180 -151830.120112 -16024.362150 -0.277120 0.835371 -0.474721 0.369633 -0.363361 -0.855184 0.886891 0.412461 0.208086
3653.339209 -119.652597 -2010328.433954 6697.198947 -0.038175 0.888581 -0.457128 0.189942 -0.442668 -0.876337 0.981053 0.120282 0.151880
104.236588 1.851268 -22685.757974 16414.003088 -0.400723 0.636958 -0.658563 0.381839 0.769505 0.511919 0.832838 -0.046327 -0.551574
146.862695 10.874138 62634.044955 -10163.472933 -0.083212 0.989335 -0.119550 -0.493965 -0.145140 -0.857282 0.865491 0.012282 -0.500774
312.628337 26.651330 76961.365008 -59.242074 -0.213055 0.938457 -0.271858 -0.490060 -0.343358 -0.801216 0.845251 0.037476 -0.533054
26.082190 -10.870986 -13173.472862 12525.690214 -0.345553 0.624601 -0.700333 0.421174 0.770145 0.479051 0.838573 -0.129425 -0.529192
73.248499 -44.894959 -29254.631023 3624.528254 -0.482135 0.334957 -0.809537 0.393028 0.908521 0.141838 0.782991 -0.249785 -0.569677
2.719163 -119.014792 -162.896010 8.862355 -0.198297 0.956076 0.215863 0.914231 0.101023 0.392398 -0.353355 -0.275161 0.894107
-0.074432 -119.755156 -459.082605 -2139.018416 -0.210749 0.952076 0.221669 0.937215 0.132333 0.322669 -0.277872 -0.275754 0.920189
2.147046 -118.784231 -768.042151 4460.540015 -0.234966 0.948476 0.212567 0.839412 0.087740 0.536367 -0.490080 -0.304459 0.816778
5.308813 -127.682202 -582.169290 6865.457782 -0.212984 0.954733 0.207661 0.816930 0.057422 0.573871 -0.535969 -0.291870 0.792180
6.582884 -138.587263 -572.938134 9268.472822 -0.237424 0.952838 0.189021 0.689726 0.028334 0.723516 -0.684038 -0.302153 0.663924
-14.904464 -101.061955 1585.007801 -2210.931223 0.983861 0.088917 0.155280 -0.030009 -0.773513 0.633069 -0.176402 0.627512 0.758361
-20.315823 -99.488116 3644.344151 -3259.815996 0.981408 0.100121 0.163750 -0.000122 -0.852838 0.522176 -0.191933 0.512488 0.836969
0.661877 -89.982873 -831.001065 -848.289148 0.933269 0.148837 0.326890 -0.352622 0.206566 0.912682 -0.068316 0.967046 -0.245264
3.024334 -90.995473 -1347.299393 -3099.830172 0.955329 0.141460 0.259492 -0.260646 -0.010633 0.965376 -0.139322 0.989887 -0.026713
0.848070 -90.783204 -590.909123 -1149.174300 0.949079 0.135872 0.284232 -0.294766 0.064573 0.953385 -0.111184 0.988620 -0.101335
47.395993 -161.772333 8080.024613 -29650.593136 -0.032364 0.973729 0.225400 -0.803869 -0.159371 0.573058 -0.593925 0.162646 -0.787908
42.290433 -113.338688 3759.963414 -6253.320371 -0.053726 0.981486 0.183842 -0.896171 -0.128600 0.424664 -0.440444 0.141939 -0.886489
-1.596174 -30.167282 -5500.374493 -2567.161812 0.968735 -0.124381 0.214664 0.195512 0.915390 -0.351905 0.152731 -0.382872 -0.911088
-13.867788 -30.953246 -5319.630806 -1112.356589 0.916843 -0.275288 0.289164 0.365888 0.869184 -0.332634 0.159766 -0.410774 -0.897630
-0.716650 -26.474597 -5823.839563 -784.102070 0.965020 -0.145885 0.217839 0.220469 0.901195 -0.373151 0.141878 -0.408125 -0.901834
7.689445 -27.911678 -5012.506784 -1909.768927 0.980527 -0.075641 0.181233 0.143585 0.905719 -0.398820 0.133979 -0.417076 -0.898942
-1.909249 -471.220542 5298.454767 -104523.923219 -0.336375 0.911070 0.238335 0.844577 0.179898 0.504308 -0.416584 -0.370929 0.829982
-6.245515 -42.623028 -5405.617900 512.467305 0.758198 -0.279739 0.588966 0.587773 -0.097764 -0.803097 -0.282237 -0.955085 -0.090299
-17.808454 -44.585010 -866.144336 1040.238024 0.770047 -0.200017 0.605823 0.577953 -0.183441 -0.795186 -0.270183 -0.962467 0.025658
-47.879661 -77.966095 -5356.446751 148.953059 0.748256 0.008370 -0.663357 -0.656089 0.157477 -0.738071 -0.098286 -0.987487 -0.123325
-35.602736 -75.978699 -7269.685429 -79.000993 0.856948 -0.090739 -0.507352 -0.463424 0.295152 -0.835538 -0.225562 -0.951132 -0.210879
-51.541656 -81.503206 -7147.862367 1663.970705 0.786294 0.061016 -0.614833 -0.599335 0.317125 -0.735003 -0.150132 -0.946419 -0.285923
-3.937683 -74.366724 -584.499371 -718.868075 -0.850657 -0.307273 -0.426574 -0.020880 0.830515 -0.556605 0.525306 -0.464573 -0.712899
-5.565542 -74.280849 146.965073 208.391654 -0.855950 -0.289980 -0.428090 -0.022552 0.848083 -0.529383 0.516566 -0.443471 -0.732457
-4.295829 -81.342573 191.115847 4861.666752 0.857392 0.301404 0.417175 0.035699 0.773796 -0.632428 0.513425 -0.557132 -0.652686
-4.061990 -109.187139 67.494856 4874.630564 0.972098 0.204656 0.114639 0.227446 -0.702741 -0.674110 0.057400 -0.681375 0.729681
-5.497532 -118.401316 95.037529 4776.923514 0.979431 0.176326 0.098100 0.201603 -0.875395 -0.439364 -0.008405 -0.450104 0.892937
-6.476202 -119.418456 609.732512 5051.649983 0.980892 0.168387 0.097447 0.190939 -0.929284 -0.316187 -0.037315 -0.328752 0.943679
59.599772 -32.398378 -17171.956155 -2329.369772 0.986398 -0.096147 -0.133326 0.035344 0.916181 -0.399204 -0.160533 -0.389062 -0.907117
-38.395606 -631.541319 10513.695246 -89936.129578 -0.720790 0.614335 0.321020 0.636205 0.770182 -0.045417 -0.275145 0.171498 -0.945983
-108.252788 -2032.959885 791.442860 591036.911402 0.820869 -0.506987 -0.262943 0.554467 0.597094 0.579694 0.136895 0.621646 -0.771243
-31.588018 -1528.516190 3913.897989 -748331.264280 -0.692678 0.609701 0.385307 0.707009 0.679616 0.195604 -0.142601 0.407906 -0.901819
32.938916 -934.849754 21509.573505 -343090.664815 -0.836852 0.423134 0.347328 0.430297 0.900659 -0.060476 -0.338414 0.098845 -0.935792
0.575308 -183.642905 -6035.937250 -27548.648015 -0.536996 0.761437 0.363110 0.053375 0.460243 -0.886187 0.841894 0.456498 0.287791
8.718672 -191.442584 -7288.108825 35156.265664 -0.539947 0.802824 0.252844 0.231296 0.430355 -0.872523 0.809296 0.412635 0.418059
-12.066949 -36.473959 -317.358324 0.189185 0.976036 -0.209266 0.059669 -0.141546 -0.818815 -0.556333 -0.165280 -0.534556 0.828814
-39.218696 -77.149133 8209.501642 -5496.106101 0.833315 0.074347 0.547776 -0.449484 0.667956 0.593127 0.321793 0.740478 -0.590035
-18.382852 -81.690871 14555.104497 -6237.990344 0.821864 -0.043867 0.567992 -0.429874 0.606500 0.668854 0.373828 0.793872 -0.479604
-22.810572 -84.608507 11791.294481 11232.850543 0.831105 -0.026947 0.555462 -0.503445 0.387840 0.772090 0.236236 0.921333 -0.308770
38.428535 -73.997337 -6344.227116 -3790.069588 0.758079 -0.652162 -0.001328 0.651999 0.757840 0.024003 0.014648 0.019062 -0.999711
36.691954 -71.084365 6205.408891 -5597.912565 -0.668523 0.741495 -0.057124 0.743132 0.663067 -0.089981 -0.028843 -0.102605 -0.994304
-11.739904 -49.866514 -90.909863 -339.795574 0.898585 -0.223798 0.377439 -0.368329 0.082816 0.926000 0.238495 0.971111 0.008014
-16.343644 -50.465276 604.532126 285.251956 0.919618 -0.220980 0.324762 -0.347853 -0.074042 0.934621 0.182487 0.972464 0.144958
62.587279 -38.741826 -37611.961057 4737.033500 0.574503 0.781476 -0.243394 0.421230 -0.537249 -0.730704 0.701791 -0.317267 0.637833
378.171782 -29.174608 -135667.738003 2545.704474 0.450481 0.892550 -0.020541 0.514445 -0.278314 -0.811103 0.729667 -0.354819 0.584542
159.089541 -40.271506 -70905.894504 476.563498 0.509682 0.850261 -0.131456 0.550170 -0.439566 -0.709996 0.661466 -0.289549 0.691827
-3.955853 -74.661770 -804.912534 3168.393762 -0.880541 0.239119 0.409231 0.312022 0.942372 0.120735 -0.356778 0.234001 -0.904408
-3.642339 -74.988799 -431.816683 -75.560788 -0.882044 0.241590 0.404514 0.295422 0.952389 0.075367 -0.367047 0.185980 -0.911421
-4.605736 -83.008012 -972.986214 -8120.717514 -0.874969 0.237499 0.421929 0.224216 0.971112 -0.081664 -0.429135 0.023150 -0.902944
-4.673255 -77.514587 1054.023999 10642.702625 0.884246 -0.247823 -0.395844 0.373743 0.883755 0.281591 -0.280045 0.396940 -0.874079
-5.922913 -71.345334 -1603.191139 710.844466 -0.877038 0.246646 0.412275 0.314663 0.943377 0.105006 -0.363032 0.221822 -0.904988
-3.778323 -126.353446 2.555399 -10449.115822 -0.617689 0.261672 0.741612 0.680481 -0.294872 0.670817 0.394215 0.919009 0.004076
1.713180 -156.537764 1874.804319 9010.809509 -0.271094 0.160635 -0.949054 0.944355 0.235201 -0.229942 0.186281 -0.958581 -0.215458
-0.141255 -165.375724 343.698512 3786.120525 -0.279806 0.140143 -0.949773 0.957418 -0.032566 -0.286863 -0.071132 -0.989596 -0.125064
1.201262 -139.420912 3402.286867 11504.057555 -0.253139 0.174470 -0.951568 0.859510 0.492013 -0.138438 0.444031 -0.852926 -0.274507
-2.643053 -102.407427 -2229.469949 -2597.712148 -0.152927 0.179906 -0.971724 0.001917 0.983342 0.181755 0.988236 0.025933 -0.150724
0.658680 -103.585298 4340.370385 -1934.356125 -0.206583 0.173578 -0.962909 -0.037888 0.981981 0.185145 0.977695 0.074730 -0.196284
-1.617976 -96.895933 629.220887 -2089.186129 -0.169531 0.182970 -0.968391 0.180736 0.971722 0.151959 0.968810 -0.149261 -0.197807
-9.985616 -99.496508 -5009.792219 -1781.306440 -0.139841 0.187732 -0.972214 0.224627 0.962278 0.153504 0.964358 -0.196919 -0.176736
-15.134040 -102.209295 -9188.514020 -289.576300 -0.132709 0.177220 -0.975183 0.089255 0.982025 0.166317 0.987128 -0.064969 -0.146141
-6.535663 -86.036450 -1073.052321 -740.486194 0.934464 -0.159879 -0.318145 -0.058610 0.812263 -0.580340 -0.351201 -0.560953 -0.749660
-7.249312 -84.442132 -208.381083 -42.409681 0.935287 -0.155103 -0.318090 -0.013824 0.882139 -0.470786 -0.353620 -0.444717 -0.822909
-8.956594 -86.935384 1123.104867 1217.470773 -0.933812 0.173991 0.312605 0.041653 0.920707 -0.388026 -0.355331 -0.349323 -0.867014
-1.332911 -121.143292 3327.170862 6176.524469 0.800585 0.016737 -0.598985 0.486680 0.565002 0.666269 -0.349580 0.824920 -0.444186
6.405897 -131.112879 1575.055024 5861.974809 0.780683 0.040322 -0.623626 0.467870 0.623839 0.626037 -0.414285 0.780512 -0.468155
9.229380 -140.554126 2633.186168 2238.202046 0.792203 0.041873 -0.608819 0.315077 0.826324 0.466814 -0.522628 0.561637 -0.641423
-19.276714 -185.740867 -1978.380551 17592.781908 0.542312 -0.248463 -0.802598 -0.031063 0.948690 -0.314678 0.839603 0.195585 0.506768
-25.805329 -160.368786 -1292.009457 -5852.928066 0.528414 -0.245197 -0.812808 -0.213880 0.888061 -0.406943 0.821605 0.388878 0.416821
-28.673496 -158.583897 2508.413440 -6850.471469 0.476052 -0.298491 -0.827211 -0.372293 0.783784 -0.497072 0.796726 0.544597 0.261996
