12566
25119
-37.331345 -59.838032 -854.520536 7638.633364 0.025721 0.990962 -0.131656 0.978205 -0.052094 -0.200999 0.206041 0.123617 0.970704
-47.877020 -73.794379 1330.111447 8370.690679 0.173398 -0.972904 0.152939 0.983421 0.162679 -0.080115 0.053064 0.164295 0.984983
-31.455730 -82.376437 -4767.618352 14565.268388 -0.279161 0.958169 -0.063101 0.953553 0.268873 -0.135805 0.113158 0.098082 0.988724
-44.078412 -66.911189 14.278454 4715.727909 -0.320029 -0.911069 0.259877 0.944427 -0.328527 0.011288 0.075092 0.249047 0.965576
-19.538691 -69.026783 -6490.187770 13098.628439 -0.197613 0.980176 0.014250 0.947231 0.194673 -0.254669 0.252394 0.036828 0.966923
-21.844987 -48.712982 -4590.643584 6350.997430 -0.010815 0.999338 -0.034739 0.944994 -0.001144 -0.327086 0.326910 0.036366 0.944356
-32.844498 -50.145256 -1216.461271 5128.105084 0.396240 0.889507 -0.227532 0.882742 -0.437232 -0.172031 0.252507 0.132687 0.958454
-13.789165 -76.774114 -9474.623591 -868.170307 0.416973 0.876139 -0.241898 -0.504619 0.001794 -0.863340 0.755972 -0.482056 -0.442864
-27.297717 -75.579270 -4186.027629 -984.067530 0.373959 0.910516 -0.176395 -0.448641 0.011136 -0.893643 0.811712 -0.413323 -0.412660
-10.934355 -74.774696 -9703.516282 -1697.597439 0.441107 0.871492 -0.214305 -0.341704 -0.057713 -0.938034 0.829857 -0.487002 -0.272335
7.653862 -84.271466 -13181.301720 -2616.650652 0.400009 0.863238 -0.307916 -0.539423 -0.049867 -0.840557 0.740956 -0.502328 -0.445703
4.693445 -12.047205 -815.786392 1177.558532 0.687024 -0.483022 0.542852 -0.663754 -0.721172 0.198347 -0.295684 0.496590 0.816070
3.191934 -11.873139 -1345.992884 1412.160649 0.846234 -0.249247 0.470917 -0.448960 -0.809513 0.378318 -0.286919 0.531568 0.796940
6.714662 -15.716081 1856.790207 1270.176236 0.804932 -0.361854 0.470262 -0.538983 -0.777334 0.324422 -0.248157 0.514600 0.820734
5.092463 -16.002248 2415.129853 -1205.139993 0.670458 -0.530751 0.518449 0.687823 0.706616 -0.166110 -0.278181 0.467971 0.838820
-15.007209 -42.965132 762.951272 -1977.344234 0.180569 0.905714 0.383506 -0.630809 0.405804 -0.661365 0.754636 0.122497 -0.644608
-16.892723 -47.360917 725.695673 -1910.654991 0.143823 0.928756 0.341653 -0.720904 0.334844 -0.606776 0.677948 0.159031 -0.717702
-17.035580 -44.411152 354.301266 -898.589008 0.122440 0.918597 0.375751 -0.744903 0.335240 -0.576830 0.655841 0.209271 -0.725313
-16.743215 -47.124188 307.259229 195.011300 0.115877 0.934284 0.337174 -0.800051 0.288967 -0.525753 0.588635 0.208834 -0.780959
-15.613181 -43.058688 583.477293 -1534.845681 0.188674 0.881260 0.433339 -0.672885 0.437412 -0.596571 0.715282 0.179030 -0.675515
-17.453375 -42.767842 72.929330 620.942814 0.036759 0.939016 0.341903 -0.834819 0.216915 -0.505990 0.549297 0.266827 -0.791882
62.939472 -34.544833 -3716.979002 4128.020080 -0.101291 0.828045 -0.551436 0.994669 0.095061 -0.039962 0.019330 -0.552544 -0.833260
119.414387 -17.041986 -25383.137378 -1191.303304 0.706143 -0.575856 0.412010 0.694106 0.447972 -0.563506 -0.139929 -0.683894 -0.716037
43.241800 -29.283489 -9831.471348 470.791403 -0.156080 0.720579 -0.675577 0.987238 0.135694 -0.083352 0.031610 -0.679966 -0.732562
5.177042 -62.006660 144.624061 -1191.111493 0.204899 0.946676 0.248637 0.090249 0.234671 -0.967876 0.974614 -0.220756 0.037352
4.737984 -63.572802 405.628642 -97.228223 0.199333 0.951472 0.234452 -0.110939 0.259627 -0.959316 0.973632 -0.165214 -0.157307
5.732026 -61.242282 -208.398535 -839.227825 0.233764 0.940973 0.244794 0.062574 0.236688 -0.969569 0.970278 -0.241967 0.003551
5.256742 -57.964226 -478.437904 -1391.737795 0.236093 0.936017 0.261020 0.259421 0.198152 -0.945218 0.936462 -0.290874 0.196040
5.234204 -57.983465 -42.376012 -1769.123667 0.206930 0.942503 0.262429 0.283331 0.199010 -0.938147 0.936431 -0.268485 0.225859
7.349701 -88.560689 2145.570511 6843.804320 -0.041455 0.938300 0.343327 -0.936175 0.083578 -0.341455 0.349082 0.335570 -0.874949
2.907438 -78.897680 1785.782865 -4194.714926 -0.009955 0.939161 0.343332 0.966839 -0.078585 0.242997 0.255194 0.334366 -0.907235
11.233710 -71.647862 3196.329697 -12104.032698 -0.086644 0.930784 0.355152 0.983949 0.024128 0.176812 0.156005 0.364772 -0.917935
-14.571018 -48.580698 -777.309672 -1057.353173 0.079810 0.987717 0.134332 0.733784 -0.149427 0.662746 -0.674679 -0.045677 0.736697
-15.905009 -47.864798 -829.347591 524.333915 0.084946 0.982460 0.166003 0.637321 -0.181641 0.748885 -0.765902 -0.042182 0.641572
-12.678039 -48.342411 -603.391849 -999.785587 0.036916 0.989121 0.142397 0.726305 -0.124428 0.676017 -0.686380 -0.078468 0.722997
-12.395442 -51.797019 -828.147652 -1994.501772 0.053874 0.986807 0.152675 0.819161 -0.131111 0.558377 -0.571028 -0.094984 0.815417
-13.473783 -50.652144 -761.673030 -1977.029522 0.098824 0.986302 0.132072 0.820355 -0.155872 0.550202 -0.563251 -0.053972 0.824521
-12.447011 -41.943787 -588.401321 3091.566672 0.161775 0.980815 -0.108768 -0.603800 0.011200 -0.797057 0.780548 -0.194618 -0.594028
-9.912264 -36.959333 -868.511507 3763.751682 0.215250 0.973497 -0.077269 -0.650349 0.083873 -0.754991 0.728501 -0.212764 -0.651166
-13.613329 -37.240783 -963.290650 3610.958209 0.151887 0.983969 -0.093465 -0.673741 0.033881 -0.738191 0.723190 -0.175093 -0.668086
-14.678731 -41.549158 -553.447724 2699.877859 0.128743 0.988115 -0.083985 -0.612154 0.012559 -0.790639 0.780188 -0.153201 -0.606495
-13.736815 -29.048746 -1579.890571 2390.428054 0.232034 0.972682 -0.007111 -0.714316 0.165430 -0.679990 0.660237 -0.162860 -0.733187
-15.836437 -35.556189 -1588.904130 2736.701997 0.142926 0.986900 -0.074834 -0.689213 0.044979 -0.723161 0.710322 -0.154935 -0.686613
-13.335473 -87.047195 1176.661628 932.387934 0.783770 -0.264222 0.562042 -0.244169 0.701012 0.670047 0.571040 0.662396 -0.484917
-13.198450 -83.143908 -872.276280 1623.690296 -0.783824 0.228337 -0.577479 -0.191771 0.795484 0.574830 0.590630 0.561309 -0.579731
-14.894832 -86.186309 406.730850 144.576100 0.799786 -0.231387 0.553898 -0.261272 0.696559 0.668238 0.540444 0.679165 -0.496643
-12.852878 -93.658307 250.388583 -3674.820700 0.803005 -0.263661 0.534477 -0.310400 0.580550 0.752737 0.508759 0.770353 -0.384344
-13.182292 -87.746702 265.562673 -4613.431696 0.818176 -0.245812 0.519773 -0.299935 0.588788 0.750579 0.490537 0.770004 -0.408005
-13.696147 -82.808200 170.755817 -749.838800 0.808871 -0.210521 0.549006 -0.245167 0.727914 0.640339 0.534434 0.652550 -0.537176
-7.747422 -47.883900 -96.172745 980.619007 -0.208172 -0.967818 -0.141397 0.966568 -0.181432 -0.181185 0.149700 -0.174388 0.973231
-8.400005 -44.519691 -152.786051 339.702861 0.204941 0.970022 0.130603 0.936024 -0.155232 -0.315851 0.286108 -0.186978 0.939777
-8.868001 -47.605440 497.015809 1160.387426 -0.224502 -0.965687 -0.130570 0.966287 -0.203277 -0.158012 0.126049 -0.161642 0.978766
-9.051748 -50.969217 -101.594628 1083.342135 -0.218146 -0.967334 -0.129140 0.975237 -0.221012 0.008113 -0.036389 -0.124173 0.991593
-9.816456 -50.277565 1017.981687 485.557279 -0.238439 -0.963110 -0.124763 0.968397 -0.245471 0.044179 -0.073175 -0.110286 0.991202
-10.908799 -48.466747 1617.756035 1320.033718 -0.227973 -0.965689 -0.124388 0.968335 -0.211515 -0.132620 0.101760 -0.150683 0.983331
4.948308 -336.049870 2671.104025 -75133.424036 0.866423 0.162579 0.472102 0.494035 -0.416224 -0.763339 -0.072397 -0.894609 0.440946
5.926880 -217.078416 2185.111382 -27939.538217 0.876256 0.137153 0.461914 0.416782 -0.696806 -0.583741 -0.241803 -0.704024 0.667743
1.832005 -205.240958 2405.488317 -28518.929450 0.886656 0.147894 0.438141 0.424798 -0.634877 -0.645351 -0.182722 -0.758326 0.625743
-1.531227 -231.309727 2864.116349 -53112.627647 0.884132 0.148633 0.442965 0.456324 -0.478390 -0.750274 -0.100395 -0.865477 0.490785
-0.779332 -241.505224 544.337488 -38881.323462 0.878436 0.125876 0.460984 0.471273 -0.387834 -0.792140 -0.079074 -0.913094 0.400009
-14.677752 -40.246162 -535.224917 96.299374 0.149645 0.977149 0.150954 -0.559068 0.209546 -0.802206 0.815506 -0.035653 -0.577650
-11.737849 -38.567812 -470.951661 259.115256 0.167683 0.972356 0.162498 -0.448937 0.222065 -0.865531 0.877689 -0.072183 -0.473763
-14.111571 -40.605634 287.970676 283.594336 0.127643 0.988690 0.078740 -0.507980 0.133355 -0.850983 0.851859 -0.068624 -0.519257
-16.578714 -40.386064 409.672603 -613.238162 0.137835 0.983500 0.117172 -0.601550 0.177109 -0.778955 0.786854 -0.036883 -0.616036
-16.654268 -46.433755 170.892265 -2489.328204 0.187275 0.931450 0.311976 -0.670602 0.353302 -0.652281 0.717789 0.087056 -0.690797
-16.959595 -47.557416 88.635842 -1045.081496 0.152626 0.941379 0.300851 -0.766447 0.304930 -0.565312 0.623911 0.144305 -0.768057
-17.640449 -47.330142 78.771962 -2238.744368 0.214308 0.934481 0.284285 -0.710394 0.348870 -0.611252 0.670382 0.070958 -0.738616
-24.894749 -49.703449 291.608228 1482.857951 -0.223029 0.680749 -0.697738 0.510638 0.691293 0.511237 0.830366 -0.242271 -0.501794
-24.202200 -47.125012 -2477.967104 -1856.890743 -0.147068 0.705164 -0.693624 -0.430172 -0.677058 -0.597114 0.890687 -0.210562 -0.402915
-17.477710 -49.353155 -5110.260550 -372.460829 -0.090452 0.744299 -0.661693 -0.586050 -0.576978 -0.568895 0.805210 -0.336328 -0.488386
-26.002374 -44.624596 1807.813318 -2292.374262 -0.205675 0.721452 -0.661214 -0.387546 -0.680468 -0.621910 0.898613 -0.128339 -0.419551
-18.950028 -50.022241 -2335.409358 102.679323 -0.174761 0.717985 -0.673763 -0.666296 -0.590048 -0.455952 0.724920 -0.369243 -0.581508
-24.932114 -51.698253 1764.585358 1353.313942 -0.313985 0.643895 -0.697719 0.572806 0.714543 0.401649 0.757170 -0.273546 -0.593183
-25.158583 -47.188727 2684.580574 -2124.707285 -0.267257 0.701965 -0.660166 -0.457669 -0.695352 -0.554099 0.848005 -0.154051 -0.507105
5.894809 -92.810612 -25743.605249 9580.079669 -0.101689 0.986150 0.131027 0.749489 -0.010664 0.661931 -0.654160 -0.165514 0.738024
-25.997839 -79.260712 -16401.814650 -4691.702980 -0.028605 0.994032 0.105271 0.620591 -0.064899 0.781444 -0.783612 -0.087683 0.615031
16.764837 -104.571470 -21296.031241 -27980.030874 -0.125802 0.982778 0.135353 0.488525 -0.057378 0.870661 -0.863433 -0.175654 0.472894
0.817330 -225.865879 1024.883487 -24058.597189 0.231950 0.972515 -0.020349 0.489422 -0.098600 0.866455 -0.840634 0.210934 0.498840
6.884873 -304.921754 -5593.105195 -60011.694424 0.176019 0.984109 0.023368 0.547871 -0.117659 0.828248 -0.817836 0.132985 0.559875
5.808465 -263.072273 -1486.458396 -41388.032337 0.208853 0.977909 -0.008667 0.702103 -0.143768 0.697411 -0.680758 0.151742 0.716619
21.983003 -53.420941 -3936.193298 929.435397 0.055602 0.959098 0.277558 -0.573787 -0.196807 0.795007 -0.817115 0.203463 -0.539375
18.160736 -54.606313 -4617.491028 938.278730 0.027110 0.973304 0.227914 -0.567852 -0.172645 0.804822 -0.822684 0.151240 -0.548012
23.677427 -54.303237 -3456.377169 1117.773072 0.043625 0.968521 0.245078 -0.661138 -0.155925 0.733883 -0.748995 0.194046 -0.633524
28.669703 -53.903476 -3092.081076 666.382286 0.082287 0.939440 0.332688 -0.658162 -0.199445 0.725978 -0.748366 0.278701 -0.601892
24.420481 -52.054922 1357.435019 626.972860 0.132512 0.918874 0.371633 -0.578713 -0.232671 0.781636 -0.804693 0.318645 -0.500933
21.861945 -80.626327 4957.381872 12163.016528 0.846609 0.426937 0.317769 0.532116 -0.690502 -0.489958 -0.010238 -0.583893 0.811766
12.470599 -81.861352 3859.474183 10199.296981 0.840660 0.452742 0.297179 0.541553 -0.706213 -0.456052 -0.003398 -0.544323 0.838869
17.021707 -57.676500 6178.770280 745.623707 0.849523 0.449262 0.276540 0.521772 -0.638148 -0.566146 0.077875 -0.625245 0.776533
8.177729 -59.523297 4502.206826 4025.070534 0.826099 0.480104 0.295062 0.561770 -0.660316 -0.498394 0.044447 -0.577479 0.815194
43.798517 -52.551015 9331.072518 5943.966012 0.885228 0.346872 0.309923 0.465049 -0.645558 -0.605792 0.010059 -0.680394 0.732778
30.216342 -54.628584 4046.425245 1880.503085 0.169348 0.947903 -0.269815 -0.568390 -0.129719 -0.812469 0.805143 -0.290950 -0.516811
16.756350 -50.209703 2283.582844 1234.645351 0.111283 0.963548 -0.243291 -0.620294 -0.123923 -0.774518 0.776435 -0.237103 -0.583893
21.371380 -46.997550 2815.037991 1224.928968 0.147167 0.953575 -0.262747 -0.736642 -0.071607 -0.672481 0.660076 -0.292517 -0.691905
31.621613 -48.367778 3099.351484 2149.851517 0.244966 0.932239 -0.266312 -0.631572 -0.054967 -0.773366 0.735600 -0.357644 -0.575311
38.485580 -55.171242 2557.256943 3175.982925 0.338411 0.902006 -0.268074 -0.487906 -0.075403 -0.869634 0.804628 -0.425089 -0.414577
4.719098 -47.322658 -2905.573914 12601.876226 0.152598 0.988047 0.021836 -0.690823 0.122442 -0.712581 0.706737 -0.093654 -0.701250
-0.936393 -57.953234 363.629155 13373.460855 0.025147 0.994372 -0.102919 -0.686163 -0.057703 -0.725156 0.727013 -0.088854 -0.680850
-2.034440 -69.878129 -1088.963429 11995.813907 0.076058 0.996023 -0.046406 -0.592439 0.007706 -0.805578 0.802017 -0.088763 -0.590669
9.044396 -61.037170 -5921.904348 13717.278271 0.202904 0.978033 0.047753 -0.593549 0.161633 -0.788400 0.778800 -0.131626 -0.613307
-14.296747 -80.994519 310.052446 880.179662 -0.071082 0.992656 -0.097886 -0.342083 -0.116443 -0.932427 0.936977 0.032793 -0.347848
-14.951830 -78.665603 294.356322 862.292971 -0.073642 0.993163 -0.090576 -0.501945 -0.115392 -0.857168 0.861759 0.017659 -0.507011
-13.239220 -80.952627 413.072278 1041.143693 -0.111866 0.992438 -0.050519 -0.346897 -0.086641 -0.933893 0.931208 0.086946 -0.353966
-11.855657 -85.191611 451.764656 2052.484480 -0.109682 0.992520 -0.053617 -0.182704 -0.073155 -0.980443 0.977031 0.097741 -0.189361
-9.743247 -84.573778 565.371822 2439.971030 -0.141493 0.989938 0.001532 -0.196807 -0.026613 -0.980081 0.970179 0.138976 -0.198592
-11.522294 -80.289188 444.839848 745.612721 -0.141404 0.989940 -0.004831 -0.356568 -0.055484 -0.932620 0.923506 0.130153 -0.360827
23.321314 -101.716526 3420.520894 5812.752434 -0.077084 0.994244 0.074407 0.839314 0.024428 0.543097 -0.538154 -0.104315 0.836366
13.498960 -97.205194 2802.286048 7460.176930 -0.037093 0.999032 0.023660 0.859527 0.019818 0.510706 -0.509742 -0.039280 0.859430
15.305161 -87.111039 2536.085256 1945.989490 -0.068486 0.997226 0.029157 0.936111 0.054129 0.347514 -0.344972 -0.051094 0.937221
24.713706 -91.664150 3309.512423 2716.053362 -0.108586 0.991375 0.073387 0.935966 0.077086 0.343548 -0.334928 -0.105992 0.936263
24.285271 -100.609016 1230.924037 5109.098230 -0.110177 0.984875 0.133723 0.860237 0.027100 0.509174 -0.497849 -0.171133 0.850212
25.680237 -103.195427 1420.575473 4500.296296 -0.094137 0.984952 0.144942 0.733946 -0.029706 0.678558 -0.672652 -0.170257 0.720105
13.339462 -141.761569 561.249422 18531.288028 -0.120938 -0.977654 0.171950 0.989421 -0.132703 -0.058616 0.080125 0.163042 0.983360
14.967722 -114.907603 -1228.790275 6954.169823 0.200264 0.967887 -0.151952 0.951172 -0.229253 -0.206676 0.234874 0.103143 0.966538
11.148982 -114.418450 767.957868 6728.265223 -0.160988 -0.979527 0.120871 0.985961 -0.165113 -0.024860 0.044308 0.115172 0.992357
13.249490 -124.568953 -1378.850986 14495.819730 0.825030 0.173966 0.537644 -0.275249 -0.707220 0.651213 -0.493521 0.685256 0.535593
17.983638 -200.162293 -5186.268841 41564.858947 0.832792 0.259019 0.489251 -0.324472 -0.487670 0.810491 -0.448526 0.833719 0.322083
19.669898 -215.639942 513.823628 45515.483237 0.853506 0.146737 0.499996 -0.364999 -0.516454 0.774629 -0.371892 0.843649 0.387238
17.329978 -122.899784 2312.035141 24543.777852 0.845020 0.097499 0.525771 -0.298348 -0.730010 0.614877 -0.443768 0.676446 0.587784
10.214068 -83.466893 -2212.494455 2921.730286 0.820303 0.146826 0.552762 -0.239979 -0.788929 0.565687 -0.519147 0.596686 0.611925
-0.408090 -49.084691 7006.463615 655.214087 0.740115 -0.304433 0.599625 0.465759 0.875232 -0.130525 -0.485075 0.375884 0.789565
-12.251210 -52.128887 1239.054926 -1975.756604 0.813835 -0.092288 0.573721 0.310960 0.903216 -0.295813 -0.490894 0.419147 0.763766
2.337680 -50.337811 4051.198836 3585.647562 0.753837 -0.245876 0.609323 0.397593 0.908995 -0.125090 -0.523115 0.336560 0.782993
16.138066 -51.938212 663.075209 90.018832 0.040030 0.998215 0.044319 -0.365514 -0.026652 0.930424 -0.929945 0.053444 -0.363794
13.998982 -52.388370 3083.037884 118.030260 0.066930 0.992166 0.105482 -0.356731 -0.074936 0.931197 -0.931807 0.099954 -0.348921
12.092358 -49.138698 1163.208019 1299.122296 0.052786 0.994965 0.085197 -0.224121 -0.071336 0.971947 -0.973131 0.070400 -0.219227
11.907262 -47.978875 -2269.825406 1053.660183 -0.006154 0.999474 0.031849 -0.224919 -0.032416 0.973838 -0.974358 0.001171 -0.225000
10.325479 -42.926169 -1769.367015 2849.261084 0.003126 0.998224 0.059482 -0.085298 -0.058999 0.994607 -0.996351 0.008183 -0.084962
10.390517 -44.634356 -45.383944 3287.207371 0.044105 0.994415 0.095880 -0.082929 -0.091998 0.992300 -0.995579 0.051717 -0.078408
-19.493141 -26.038768 -3615.327020 -1982.132658 -0.560118 0.801865 -0.208037 0.392084 0.477825 0.786100 -0.729752 -0.358741 0.582037
-24.919311 -30.481456 1379.180697 -1960.408412 0.652534 -0.494260 0.574375 0.133357 0.821066 0.555038 -0.745933 -0.285584 0.601686
-22.412446 -24.266999 -1226.448404 -4621.188909 0.599963 -0.139652 0.787745 -0.205446 0.924732 0.320409 -0.773199 -0.354072 0.526114
-12.060856 -19.259047 -5504.330297 -2680.585343 -0.352335 0.916956 0.187219 0.542583 0.037145 0.839180 -0.762538 -0.397254 0.510612
-18.298005 -28.842372 -3311.469445 -5157.570973 0.376568 0.332320 0.864731 -0.456685 0.878730 -0.138825 -0.805999 -0.342633 0.482667
-12.383868 -19.270116 -4639.063809 3504.647289 0.114055 0.659630 0.742886 0.604889 -0.639293 0.474778 -0.788100 -0.395213 0.471917
7422.678074 -3533.396897 -17755440.535590 3637882.155407 0.742132 -0.634857 -0.214936 0.574173 0.767609 -0.284783 0.345784 0.087936 0.934185
-1556.550742 -9337.169097 598860.759943 8697598.892856 0.659280 0.473658 -0.583951 -0.463253 0.867603 0.180723 0.592239 0.151370 0.791417
-45.505344 -1166.455294 -9262.730142 66747.559071 -0.490622 -0.781132 0.386165 0.742682 -0.143068 0.654182 -0.455755 0.607754 0.650325
-49.091863 -86.748436 -1234.942339 4915.170548 -0.319928 0.934488 -0.156137 0.934972 0.338050 0.107469 -0.153211 0.111602 0.981871
-55.452923 -78.712291 -727.150010 5642.760778 0.054280 -0.975560 0.212925 0.995717 0.068865 0.061687 -0.074843 0.208665 0.975119
70.398272 -72.411269 1091.837947 5366.592326 -0.440823 0.869471 0.222923 -0.575524 -0.083209 -0.813540 0.688801 0.486925 -0.537082
79.004398 -91.994710 -1866.826191 5155.366797 -0.308850 0.937425 0.160766 -0.560090 -0.042645 -0.827333 0.768707 0.345565 -0.538213
77.658064 -86.043488 1086.210913 6524.488296 -0.521980 0.837911 0.159508 -0.380028 -0.061042 -0.922958 0.763620 0.542384 -0.350292
57.777638 -58.371299 -5339.768842 -5220.813838 0.601853 -0.768271 -0.218020 0.501442 0.151071 0.851900 0.621554 0.622042 -0.476166
57.067125 -67.213441 -8146.556846 -11111.341453 0.715781 -0.677608 -0.168835 0.385021 0.181235 0.904938 0.582594 0.712742 -0.390618
75.767174 -94.212972 -10511.529796 -11725.187645 0.734875 -0.663534 -0.140290 0.238461 0.059152 0.969349 0.634898 0.745804 -0.201696
89.751256 -106.900582 -1959.325158 11119.609030 -0.574304 0.807387 0.135286 -0.222451 0.005127 -0.974930 0.787839 0.590001 -0.176660
-1.698986 -7.486570 -3921.262942 71.708578 0.645246 -0.497317 0.579942 0.698720 0.691133 -0.184732 -0.308947 0.524414 0.793436
-2.338960 -8.926667 1087.541329 -762.846751 0.950132 0.236217 0.203597 0.080170 -0.815946 0.572543 -0.301368 0.527669 0.794193
3.810891 -13.175294 -730.460703 1409.560489 0.940143 0.045548 0.337722 -0.148524 -0.837185 0.526367 -0.306711 0.545021 0.780308
-13.900023 -41.698428 3733.530065 -1614.632309 0.245602 0.962951 -0.111381 0.176227 -0.157339 -0.971694 0.953218 -0.219022 0.208340
-3.587667 -42.186451 5660.074347 -921.956628 0.203122 0.974245 -0.097925 0.221909 -0.143211 -0.964493 0.953676 -0.174179 0.245283
-11.207803 -39.839984 2595.139582 -1560.778524 0.260014 0.956482 -0.132423 0.257476 -0.200852 -0.945180 0.930644 -0.211664 0.298495
-5.779138 -41.259738 -2907.068355 -1588.844491 0.294616 0.955395 -0.020538 0.186779 -0.078648 -0.979249 0.937185 -0.284666 0.201618
-1.909622 -39.830467 -3695.884780 -1320.840508 0.297516 0.954636 0.012399 0.284276 -0.076183 -0.955711 0.911412 -0.287864 0.294046
191.326322 -6.472949 39029.398554 -490.418475 -0.621404 0.693147 -0.365245 0.749175 0.389218 -0.535954 -0.229335 -0.606676 -0.761150
441.906400 -14.019234 -112822.320613 -10238.095288 0.896664 -0.386832 0.215300 0.396181 0.484107 -0.780180 -0.197570 -0.784857 -0.587337
90.708016 -43.498222 7956.171604 593.377988 -0.112020 0.912393 -0.393688 0.983297 0.044583 -0.176463 -0.143452 -0.406880 -0.902148
393.031112 -32.151364 76727.705717 -4275.022261 -0.521531 0.804248 -0.284940 0.745543 0.267140 -0.610575 -0.414935 -0.530869 -0.738923
3.911776 -63.373293 692.338409 810.953609 0.189530 0.956717 0.220840 -0.302288 0.270847 -0.913928 0.934184 -0.106459 -0.340538
2.050032 -65.183119 920.402172 537.466274 0.171712 0.962667 0.209255 -0.280603 0.251405 -0.926314 0.944340 -0.100342 -0.313296
0.729736 -64.229042 1022.051268 799.131281 0.160325 0.968539 0.190335 -0.455594 0.243672 -0.856188 0.875631 -0.050553 -0.480327
-0.129514 -67.161413 882.050902 366.735590 0.162329 0.968129 0.190723 -0.261031 0.228534 -0.937889 0.951584 -0.102462 -0.289810
-1.342301 -66.384011 857.178355 614.743845 0.153302 0.973436 0.170063 -0.437929 0.221200 -0.871372 0.885842 -0.059108 -0.460206
2.031110 -105.238977 2041.777379 4913.269972 -0.120117 0.944781 0.304895 -0.259866 0.266488 -0.928146 0.958145 0.190718 -0.213506
-2.896643 -110.529620 1621.807818 4614.292097 -0.104559 0.944932 0.310115 -0.225706 0.281141 -0.932747 0.968568 0.167522 -0.183881
-2.468692 -105.578391 1801.751534 5879.178729 -0.104484 0.947608 0.301865 -0.432516 0.230023 -0.871791 0.895552 0.221650 -0.385821
-0.777812 -98.709175 1938.055247 4568.785968 -0.107115 0.950860 0.290501 -0.603594 0.169988 -0.778960 0.790064 0.258783 -0.555725
3.339326 -99.377303 1943.194316 1852.134380 -0.117818 0.953469 0.277518 -0.443902 0.199421 -0.873603 0.888296 0.226117 -0.399751
-6.514733 -100.816752 1288.733876 5836.114050 -0.077092 0.950850 0.299901 -0.582505 0.201166 -0.787541 0.809163 0.235407 -0.538366
-7.474337 -109.226346 1162.342133 5346.059144 -0.077137 0.950152 0.302094 -0.394135 0.249257 -0.884606 0.915810 0.187302 -0.355262
-18.203533 -49.735537 -1368.419873 1429.586002 0.084403 0.972570 0.216757 0.514922 -0.228808 0.826137 -0.853072 -0.041885 0.520110
-17.918088 -50.938972 -83.580257 1876.817558 0.146591 0.964272 0.220662 0.520760 -0.264885 0.811569 -0.841023 0.004057 0.540984
-13.629204 -47.127077 -986.078684 122.572807 0.021779 0.987653 0.155135 0.619512 -0.135122 0.773270 -0.784685 -0.079267 0.614806
-21.595560 -54.136215 -207.463873 2091.437553 0.139228 0.950529 0.277685 0.381360 -0.310255 0.870808 -0.913882 0.015343 0.405690
-21.746525 -53.294447 -2266.093948 1958.203041 0.066573 0.966174 0.249150 0.381337 -0.255385 0.888460 -0.922036 -0.035863 0.385440
-15.757447 -49.029233 -1743.341554 961.998066 0.007283 0.984305 0.176324 0.496152 -0.156651 0.853987 -0.868205 -0.081264 0.489506
-9.137667 -40.896631 -1188.522177 2325.140327 0.225554 0.968956 -0.101240 -0.569337 0.046773 -0.820773 0.790557 -0.242769 -0.562212
-21.609781 -40.069206 -6072.954743 1162.901710 0.222961 -0.747591 0.625617 0.876223 0.434954 0.207482 -0.427226 0.501919 0.752034
-28.767925 -47.636539 -6193.337260 4594.043642 0.502432 -0.566378 0.653283 0.718455 0.693846 0.048990 -0.481024 0.444740 0.755527
-32.012959 -45.881641 -6979.639637 2204.947694 0.305604 -0.740054 0.599105 0.859820 0.484796 0.160258 -0.409044 0.466146 0.784469
-33.215784 -46.911954 -7943.865926 -1549.349780 -0.085495 -0.872572 0.480945 0.943529 0.084162 0.320420 -0.320067 0.481180 0.816102
-19.756275 -43.148027 -5747.722895 -2160.453142 -0.180919 -0.855822 0.484599 0.938435 -0.002780 0.345444 -0.294291 0.517263 0.803637
-10.990166 -33.691514 -2207.345091 -804.059123 0.021598 -0.830038 0.557289 0.920680 0.233801 0.312547 -0.389720 0.506334 0.769249
-10.150778 -31.187379 1088.705741 1664.359779 -0.404382 0.630005 -0.663000 0.770804 0.624945 0.123710 -0.492277 0.461017 0.738327
-11.103044 -84.287750 -2319.471586 754.578539 -0.755809 0.266224 -0.598228 -0.164142 0.807412 0.566695 0.633884 0.526508 -0.566551
-11.027745 -78.748735 -624.655182 -3232.669974 -0.775533 0.215983 -0.593211 -0.085300 0.895190 0.437446 0.625517 0.389855 -0.675826
-5.260762 -185.707049 -1604.063293 -8118.611025 0.860557 -0.121206 0.494722 -0.297314 0.669109 0.681100 0.413576 0.733214 -0.539770
-4.770968 -177.802895 -1319.399793 -6563.559256 0.859606 -0.129798 0.494197 -0.370254 0.508302 0.777523 0.352122 0.851341 -0.388881
-2.748475 -171.431378 389.714016 1793.019114 0.838626 -0.142701 0.525683 -0.327868 0.638428 0.696356 0.434981 0.756337 -0.488615
-3.068806 -234.904765 -692.568164 -15606.065172 0.862682 -0.157903 0.480465 -0.362124 0.470330 0.804771 0.353053 0.868249 -0.348564
-3.857012 -172.074192 619.995611 -4609.371348 0.825720 -0.131532 0.548531 -0.225846 0.814000 0.535161 0.516895 0.565776 -0.642430
-5.404628 -163.368223 623.238791 -4078.688905 0.835464 -0.121784 0.535882 -0.212044 0.828182 0.518799 0.506989 0.547068 -0.666092
-6.268294 -195.385649 -886.023141 -12313.259405 0.859359 -0.128726 0.494906 -0.219268 0.781560 0.584025 0.461978 0.610405 -0.643415
-5.583606 -226.586870 539.317926 -30118.781978 0.897277 0.106755 0.428365 0.439802 -0.300356 -0.846381 -0.038307 -0.947834 0.316454
-6.772902 -240.967143 1184.452777 -24545.308983 0.892688 0.112242 0.436475 0.432340 0.060160 -0.899702 0.127243 -0.991858 -0.005177
-7.188300 -247.029205 -746.373436 -45443.970131 0.891689 0.098301 0.441845 0.452201 -0.150087 -0.879197 0.020111 -0.983774 0.178283
-6.214322 -220.158672 1230.610480 -30344.762240 0.902418 0.099222 0.419281 0.429365 -0.126060 -0.894290 0.035879 -0.987048 0.156362
-4.081187 -194.914057 399.570601 -23929.539052 0.902935 0.086733 0.420934 0.418950 -0.396080 -0.817069 -0.095856 -0.914111 0.393971
-8.309272 -34.867312 1394.717545 -977.741909 0.202727 0.925837 0.318947 -0.391637 0.375184 -0.840153 0.897509 -0.045411 -0.438652
-8.141514 -35.458660 928.727168 -993.041622 0.200783 0.941242 0.271568 -0.324006 0.325417 -0.888326 0.924503 -0.090371 -0.370307
-12.101142 -38.429653 -644.673545 81.663132 0.180385 0.956259 0.230284 -0.501592 0.290826 -0.814755 0.846089 -0.031460 -0.532113
-397.466425 -14113.608325 -112305.849435 -4528638.519545 0.978889 -0.204286 -0.006631 -0.151025 -0.701056 -0.696931 -0.137725 -0.683219 0.717108
1.976808 -13296.022014 -26718.333740 13928984.495527 0.910589 -0.410435 -0.048683 -0.271152 -0.682126 0.679103 0.311936 0.605183 0.732427
1432.165461 -9150.605981 -465854.544228 20197162.563902 0.874511 -0.403888 -0.268522 -0.446163 -0.887024 -0.118856 0.190181 -0.223745 0.955913
-314.978470 -2341.137699 -138015.654307 727577.269787 0.853362 -0.262545 -0.450381 0.301244 0.953429 0.014993 0.425470 -0.148469 0.892710
-57.643439 -1228.509076 -15914.806050 -464631.037601 0.972391 -0.152052 0.177018 0.229807 0.492161 -0.839623 -0.040545 -0.857122 -0.513516
-74.591077 -4145.550972 40052.212461 892403.439952 -0.919923 0.295687 -0.257511 0.311075 0.950170 -0.020241 0.238694 -0.098725 -0.966063
-104.309751 -2862.538295 33220.012361 -1841026.255017 -0.725218 0.346465 -0.594996 0.294505 0.937219 0.186779 0.622354 -0.039774 -0.781724
-26.035562 -41.426948 -121.747823 -2476.156546 -0.145266 0.753570 -0.641116 -0.314870 -0.649511 -0.692093 0.937952 -0.101330 -0.331628
-5.215040 -105.919976 438.379005 -7764.542046 -0.060188 0.959487 0.275249 0.123573 0.280790 -0.951781 0.990508 0.023273 0.135467
-9.226506 -105.633124 203.350424 -3450.455107 -0.026610 0.966167 0.256542 -0.094775 0.253039 -0.962803 0.995143 0.049934 -0.084836
-6.883712 -109.972471 816.460755 -72.201994 -0.069212 0.954657 0.289550 -0.156917 0.276215 -0.948200 0.985184 0.111062 -0.130684
-30.630215 -74.937457 -11192.376885 -4729.402303 -0.043086 0.997982 0.046651 0.509288 -0.018232 0.860403 -0.859517 -0.060830 0.507474
-16.499003 -77.466076 2770.007293 -17366.385532 -0.091729 0.957478 0.273536 0.296888 -0.235905 0.925314 -0.950496 -0.166088 0.262624
-3.475344 -151.375297 2196.778167 -41038.504215 -0.118375 0.973178 0.197263 0.379812 -0.139176 0.914534 -0.917459 -0.183181 0.353149
-35.629197 -204.707471 -9367.118162 -72954.131996 -0.196034 0.972783 0.123544 0.217880 -0.079629 0.972722 -0.956085 -0.217604 0.196340
-36.922147 -46.745158 -4394.103027 -491.128314 0.069417 0.997395 0.019622 -0.875122 0.051441 0.481161 -0.478898 0.050572 -0.876413
-36.944454 -48.647148 -5820.097351 -484.542838 -0.097013 0.988903 0.112512 -0.807113 -0.144314 0.572488 -0.582372 0.035271 -0.812157
-44.963068 -49.223194 -2030.929643 635.050322 -0.436749 0.805544 0.400436 -0.740321 -0.574734 0.348720 -0.511053 0.144148 -0.847376
15.567827 -54.935776 -2392.595688 702.179339 0.047264 0.976572 0.209938 -0.598156 -0.140652 0.788940 -0.799985 0.162864 -0.577494
11.577556 -53.525004 -826.147824 443.005475 0.057277 0.977802 0.201550 -0.477704 -0.150428 0.865546 -0.876652 0.145857 -0.458484
12.268470 -54.363376 1632.474020 -334.590407 0.076218 0.978884 0.189678 -0.588948 -0.109303 0.800745 -0.804569 0.172742 -0.568180
9.123817 -50.431558 -2832.178536 712.146714 0.050843 0.978967 0.197584 -0.351474 -0.167644 0.921065 -0.934816 0.116276 -0.335558
4.441043 -51.604600 1111.306426 499.028069 0.075272 0.980104 0.183659 -0.340556 -0.147840 0.928528 -0.937206 0.132439 -0.322652
8.047382 -52.379581 2185.696458 696.246281 0.077579 0.983881 0.161117 -0.355921 -0.123624 0.926303 -0.931290 0.129206 -0.340594
14.460343 -54.373076 3286.124933 -655.982618 0.084998 0.985489 0.146927 -0.509461 -0.083741 0.856409 -0.856285 0.147647 -0.494950
10.879259 -96.647427 -1469.855333 -3843.883791 0.892985 0.329387 0.306729 -0.386023 0.210065 0.898253 -0.231440 0.920531 -0.314736
-0.164466 -82.815439 -2133.256250 -8044.076488 0.880975 0.333409 0.335739 -0.462390 0.456092 0.760378 -0.100389 0.825117 -0.555971
3.701571 -84.038650 -543.499307 -7578.031423 0.926356 0.266410 0.266252 -0.364079 0.452264 0.814189 -0.096491 0.851166 -0.515952
1.904431 -91.668031 -1326.345378 -9795.904031 0.823157 0.387176 0.415341 -0.546902 0.343930 0.763289 -0.152679 0.855457 -0.494856
24.291671 -98.512148 383.478941 2022.007467 0.928137 0.256441 0.269814 -0.274676 -0.017381 0.961380 -0.251226 0.966404 -0.054306
27.827000 -98.822839 -2348.686309 5117.138831 0.870575 0.350713 0.345108 -0.327479 -0.110480 0.938377 -0.367228 0.929943 -0.018670
10.384058 -95.800642 729.490541 -4244.215385 0.948865 0.208917 0.236661 -0.287185 0.260006 0.921912 -0.131070 0.942736 -0.306708
14.631511 -99.961041 -1822.994661 550.732820 0.823960 0.394002 0.407250 -0.461686 0.050098 0.885627 -0.328537 0.917743 -0.223184
9.481174 -49.214252 830.522251 1173.376023 0.095632 0.973002 -0.210052 -0.651177 -0.098452 -0.752513 0.752877 -0.208745 -0.624181
10.288645 -55.416371 1576.396923 1851.872562 0.099315 0.975106 -0.198253 -0.505614 -0.122148 -0.854069 0.857024 -0.185062 -0.480897
5.500256 -55.027186 616.817148 1538.908064 0.094519 0.984041 -0.150764 -0.530256 -0.078408 -0.844204 0.842552 -0.159737 -0.514383
3.308756 -59.331940 333.384373 1696.146898 0.107467 0.984549 -0.138250 -0.364450 -0.090364 -0.926828 0.925001 -0.149989 -0.349108
7.841416 -60.337322 1485.930503 2062.858185 0.098036 0.974105 -0.203738 -0.335203 -0.160439 -0.928385 0.937031 -0.159309 -0.310794
4.641861 -40.880779 -1423.409260 10042.736690 0.113325 0.993058 -0.031513 -0.758558 0.065993 -0.648255 0.641676 -0.097368 -0.760770
3.433501 -50.898940 35.719691 11560.948467 0.004524 0.989323 -0.145670 -0.748575 -0.093235 -0.656462 0.663034 -0.112015 -0.740161
0.139826 -67.940608 1032.328986 10226.076258 -0.043298 0.983261 -0.176984 -0.638074 -0.163529 -0.752410 0.768757 -0.080351 -0.634473
-15.218576 -77.952779 -38.959120 549.250759 -0.019345 0.990355 -0.137196 -0.502698 -0.128250 -0.854896 0.864246 -0.052430 -0.500330
-15.360576 -78.253589 -63.333673 252.861690 -0.023385 0.990690 -0.134117 -0.647808 -0.117195 -0.752735 0.761445 -0.069279 -0.644517
-15.330709 -78.833393 250.089300 250.190930 -0.073854 0.993652 -0.084855 -0.646268 -0.112490 -0.754774 0.759528 0.000904 -0.650473
41.091414 -61.182964 6963.690678 94.266030 0.124231 0.955864 -0.266254 -0.137402 -0.249176 -0.958662 0.982694 -0.155679 -0.100382
81.711138 -46.915309 10732.184770 -2961.779970 0.355844 0.932048 -0.068280 -0.015457 -0.067182 -0.997621 0.934418 -0.356053 0.009500
147.816762 -43.094247 29567.752435 -2397.572808 0.160062 0.986810 -0.024215 0.111347 -0.042424 -0.992876 0.980807 -0.156225 0.116669
8.101118 -115.883968 -563.620626 10318.564559 0.086233 0.991507 -0.097354 0.984771 -0.070023 0.159129 -0.150961 0.109593 0.982446
5.997244 -115.592791 -427.897129 13229.814943 0.000012 0.995968 -0.089710 0.938452 0.030976 0.344019 -0.345411 0.084193 0.934667
7.943068 -138.549323 -306.647608 17093.475868 0.012790 0.991846 -0.126796 0.941107 0.030906 0.336694 -0.337867 0.123635 0.933038
-11.744764 -93.539176 -1124.869671 3215.612390 0.119421 0.981046 -0.152600 -0.041814 -0.148594 -0.988014 0.991963 -0.124370 -0.023276
-11.500995 -103.091249 -1122.719074 6237.062694 0.118783 0.983876 -0.133712 0.125782 -0.148490 -0.980882 0.984921 -0.099694 0.141392
-8.031618 -95.136442 -1495.326474 3378.749333 0.170948 0.973010 -0.155012 -0.047444 -0.149016 -0.987696 0.984137 -0.176199 -0.020690
-13.367663 -101.365329 -268.178203 5303.182420 0.050776 0.989608 -0.134525 0.136766 -0.140320 -0.980615 0.989301 -0.031394 0.142470
-13.698143 -92.460810 -196.736039 3866.790976 0.047822 0.988017 -0.146748 -0.040526 -0.144875 -0.988620 0.998033 -0.053225 -0.033113
19.796919 -305.466036 -6119.282294 81995.737655 0.874205 0.245039 0.419191 -0.380093 -0.191874 0.904828 -0.302150 0.950337 0.074599
39.594157 -72.113545 7648.097721 6527.106213 0.657521 -0.462192 0.595017 0.380979 0.885292 0.266671 -0.650017 0.051347 0.758183
32.548290 -70.532052 8479.029121 7368.147194 0.608391 -0.536496 0.584835 0.504625 0.830261 0.236686 -0.612547 0.151124 0.775853
22.406376 -58.835423 6038.178643 5897.716234 0.694527 -0.383838 0.608523 0.428281 0.900186 0.078999 -0.578107 0.205752 0.789594
28.409963 -68.932517 6357.828671 6046.521325 0.723969 -0.355121 0.591404 0.327884 0.931426 0.157914 -0.606928 0.079587 0.790762
2.436577 -60.701281 2325.785645 5313.988233 0.756677 -0.226281 0.613381 0.355556 0.929750 -0.095628 -0.548652 0.290451 0.783976
31.188010 -622.201827 9034.119353 186987.801959 0.920385 0.359218 0.154445 0.313999 -0.443625 -0.839405 0.233014 -0.821072 0.521100
31.617316 -573.818824 8902.855446 34708.498056 0.886243 0.307094 0.346793 0.435537 -0.297499 -0.849589 0.157734 -0.903984 0.397408
68.793116 -521.526462 895.792206 93316.556996 0.863020 0.359723 0.354677 0.503523 -0.555909 -0.661385 0.040747 -0.749376 0.660889
-2.706233 -87.308850 -1613.277753 2530.328396 0.935990 0.322849 0.140323 -0.275282 0.919726 -0.279863 0.219412 -0.223320 -0.949730
-3.122660 -100.128520 -2139.365813 6473.119602 0.945541 0.290102 0.147628 -0.200729 0.876702 -0.437151 0.256244 -0.383711 -0.887189
-1.353016 -107.163612 -1283.412822 3723.713155 0.941293 0.296562 0.161304 -0.202413 0.878186 -0.433381 0.270179 -0.375288 -0.886658
-4.841878 -74.664320 -616.099870 -8379.586420 0.817607 0.378010 0.434313 -0.575087 0.499209 0.648124 -0.028185 0.779678 -0.625546
-24.609860 -30.638471 -2036.251790 -463.814916 -0.618596 0.714987 -0.325779 0.378903 0.634694 0.673495 -0.688311 -0.293183 0.663530
281.995376 249.412563 -77218.802381 63962.222734 0.776928 0.580162 0.244529 0.214588 0.121121 -0.969165 0.591890 -0.805445 0.030394
-78.476435 -1646.661693 55391.911694 -152364.831328 0.790045 0.370145 -0.488694 -0.159721 -0.645344 -0.747007 0.591876 -0.668224 0.450731
-151.755972 -2583.895698 37060.968104 1200403.608847 0.564831 0.386251 0.729230 -0.617238 0.784276 0.062679 -0.547707 -0.485511 0.681392
40.913667 -1647.778333 -31733.747002 1326132.991450 0.359304 0.228018 -0.904936 0.903472 -0.327878 0.276107 -0.233751 -0.916790 -0.323816
-55.713138 -2696.606597 131219.918933 2279741.276773 0.435015 0.412724 -0.800263 0.798636 -0.587334 0.131222 -0.415863 -0.696202 -0.585116
-87.835316 -682.085005 27631.173092 198302.660797 0.090743 0.333587 -0.938342 0.972338 -0.233315 0.011085 -0.215232 -0.913391 -0.345531
202.242086 -226.858970 44318.050714 69435.648899 -0.647969 -0.362629 -0.669803 0.656046 0.181054 -0.732682 0.386963 -0.914177 0.120584
-201.666768 -3399.510974 -24148.422207 -1373916.410357 0.025856 0.644913 -0.763818 0.726205 -0.537206 -0.428995 0.686992 0.543596 0.482229
38.254134 -985.501242 -113730.652349 325191.800200 0.785290 -0.571049 -0.239212 -0.152906 -0.553284 0.818839 0.599949 0.606449 0.521805
-140.660722 -183.971447 -18671.910071 -83544.809086 0.179215 0.642738 -0.744829 0.802575 -0.533383 -0.267165 0.568996 0.549901 0.611435
-157.390667 -1663.249418 -7328.791723 -648765.398647 0.187699 0.703339 -0.685626 0.723089 -0.571369 -0.388175 0.664764 0.422909 0.615822
-23.439811 -88.439534 -7831.509332 4804.100837 -0.296442 0.954985 -0.011191 0.950063 0.296069 0.098609 -0.097483 -0.018600 0.995063
-16.735168 -88.360229 12638.149108 13079.540677 0.285268 -0.955129 -0.079690 0.956675 0.288809 -0.036909 0.058268 -0.065709 0.996136
-7.134415 -81.107421 -12335.332816 13307.043519 -0.219451 0.967714 0.123980 0.962726 0.235389 -0.133230 0.158112 -0.090121 0.983300
-56.260759 -79.704138 -303.041320 -1359.655977 -0.382238 -0.844977 0.374043 0.761877 -0.059118 0.645018 -0.522912 0.531525 0.666366
-55.634369 -81.001727 -1021.325657 -738.872839 -0.248225 -0.902655 0.351565 0.879295 -0.057667 0.472773 -0.406478 0.426483 0.808015
-54.243902 -79.116974 555.864519 -1186.981462 -0.397259 -0.837423 0.375377 0.821873 -0.142663 0.551517 -0.408301 0.527608 0.744930
-52.375367 -79.602493 1021.053573 -1195.909831 -0.511056 -0.749138 0.421442 0.789731 -0.215669 0.574292 -0.339333 0.626321 0.701837
-54.329402 -78.897494 323.226042 -931.307846 -0.466723 -0.758339 0.455073 0.752480 -0.070135 0.654870 -0.464697 0.648076 0.603369
6.145477 -14.205121 862.383299 -318.220842 0.573761 -0.602586 0.554697 0.762625 0.640042 -0.093536 -0.298666 0.476693 0.826778
2.255763 -17.613255 2806.530154 -255.411150 0.472173 -0.696963 0.539717 0.824060 0.566405 0.010495 -0.313013 0.439804 0.841781
1.493168 -22.009128 2319.463600 -3.213071 0.591759 -0.611507 0.525243 0.759747 0.640876 -0.109828 -0.269455 0.464044 0.843835
12.047108 -45.755163 5410.662588 332.818040 0.200114 0.979772 0.001443 0.223324 -0.044179 -0.973742 0.953982 -0.195181 0.227648
11.827039 -44.038985 5378.461702 160.397259 0.210734 0.976705 -0.040487 0.311152 -0.106282 -0.944399 0.926702 -0.186419 0.326300
1.135746 -44.678680 5290.368056 -845.213419 0.185220 0.982180 -0.031860 0.129661 -0.056563 -0.989944 0.974105 -0.179227 0.137827
-9.073459 -44.210927 4299.019174 -1170.073360 0.211774 0.974632 -0.072419 0.115265 -0.098490 -0.988440 0.970498 -0.200979 0.133199
160.084730 -39.588303 -41102.352904 -6823.583603 0.868471 -0.374851 0.324416 0.489862 0.548415 -0.677699 -0.076122 -0.747481 -0.659908
5.777512 -62.374543 38.986586 134.217214 0.228380 0.945674 0.231392 -0.137958 0.266710 -0.953852 0.963748 -0.185918 -0.191374
4.506613 -99.175808 1784.417196 1045.127587 -0.110915 0.956728 0.269015 -0.609983 0.148167 -0.778439 0.784614 0.250435 -0.567154
-5.356498 -94.107800 1496.701783 4941.259687 -0.070197 0.947874 0.310819 -0.727237 0.164646 -0.666347 0.682788 0.272814 -0.677771
-11.710613 -44.629469 -798.234999 1399.796449 0.182662 0.975916 -0.119260 -0.531468 -0.004040 -0.847069 0.827149 -0.218110 -0.517930
-8.695359 -45.356637 -1076.523062 988.358290 0.220914 0.969743 -0.103903 -0.465447 0.011208 -0.885005 0.857062 -0.243871 -0.453840
-13.459056 -44.321428 -439.113393 1131.603332 0.147466 0.984499 -0.094946 -0.531358 -0.002109 -0.847145 0.834214 -0.175375 -0.522810
-12.150172 -45.519529 -551.932479 -431.528592 0.176242 0.980101 -0.091330 -0.455691 -0.001005 -0.890137 0.872516 -0.198498 -0.446446
