14910
29812
-34.487694 -58.716483 216.484620 -4308.039324 0.826087 -0.526338 0.201367 -0.190396 -0.596984 -0.779333 -0.530405 -0.605457 0.593374
-28.126738 -49.347865 404.116837 -5606.843452 0.826961 -0.557187 0.075359 -0.363337 -0.631853 -0.684652 -0.429095 -0.538799 0.724964
-30.269729 -45.861608 -443.944576 -3735.004248 0.672676 -0.736360 -0.072676 -0.560891 -0.443378 -0.699155 -0.482606 -0.511068 0.711267
-21.804860 -35.696693 400.752002 3082.598618 0.604430 -0.772075 -0.196379 0.708232 0.407886 0.576226 -0.364790 -0.487370 0.793347
-33.322399 -52.205370 620.967222 2619.824348 -0.657226 0.752391 0.044291 0.480129 0.372654 0.794107 -0.580973 -0.543173 0.606162
-28.463054 -46.248489 -84.829710 2735.921541 -0.451221 0.869793 0.199650 0.678620 0.189140 0.709718 -0.579546 -0.455726 0.675603
-24.354510 -37.662341 -183.601326 2167.648198 -0.359712 0.884969 0.295699 0.813197 0.141949 0.564413 -0.457513 -0.443487 0.770714
48.887612 -58.963238 -17.795444 -3328.633517 0.743103 -0.642650 -0.186548 0.406681 0.655089 -0.636765 0.531422 0.397316 0.748152
46.987376 -53.596012 -1056.250046 -3922.364914 0.823588 -0.552043 -0.130195 0.414612 0.742600 -0.525967 0.387040 0.379200 0.840480
55.583077 -64.407921 -657.899822 3298.808768 0.845407 -0.527731 -0.082377 -0.335857 -0.645157 0.686274 0.415315 0.552514 0.722663
56.163590 -71.377046 -709.268464 3343.736914 0.777835 -0.613191 -0.137725 -0.288633 -0.543215 0.788422 0.558268 0.573510 0.599519
4.847258 -31.485038 1655.921761 -1024.832904 0.948591 -0.301934 -0.094925 -0.316108 -0.888794 -0.331845 -0.015827 -0.344792 0.938546
7.437335 -29.607351 553.964938 -416.755190 0.935600 -0.346268 -0.068931 -0.350357 -0.886446 -0.302429 -0.043617 -0.307103 0.950676
4.573661 -29.015711 1451.224609 -372.524533 0.950249 -0.299762 -0.084677 -0.311451 -0.918810 -0.242459 0.005122 -0.256769 0.966459
17.457586 -32.319461 -3728.498556 -687.943115 0.946599 -0.057469 0.317249 -0.203012 -0.870668 0.448022 -0.250471 0.488503 0.835840
14.920405 -30.201921 -3112.993875 -564.797442 0.956906 -0.012662 0.290123 -0.181301 -0.806477 0.562783 -0.226852 0.591130 0.774018
24.057373 -33.138093 -2446.659865 -859.402511 0.969561 -0.066434 0.235664 -0.180234 -0.845123 0.503272 -0.165731 0.530428 0.831372
0.606159 -33.955654 372.700850 96.192139 0.744434 -0.667696 0.000534 0.665990 0.742587 0.070866 0.047714 0.052399 -0.997486
-0.299912 -32.816165 -31.420610 557.256199 0.738469 -0.674114 -0.015259 0.670404 0.731604 0.123752 0.072259 0.101617 -0.992196
0.797106 -32.311233 361.807629 606.831479 0.728523 -0.685008 -0.004243 0.672672 0.714206 0.193448 0.129483 0.143786 -0.981101
5.833203 -86.837166 3354.446174 -665.775922 0.823153 -0.567070 -0.029189 0.526732 0.743380 0.412238 0.212069 0.354710 -0.910608
2.410198 -81.747833 3136.515688 -2549.862925 0.841463 -0.539723 -0.025273 0.535826 0.827544 0.167516 0.069498 0.154501 -0.985545
-1.012510 -83.437934 1479.967272 -3611.422652 0.815529 -0.574218 -0.072018 0.570805 0.777621 0.263603 0.095363 0.256084 -0.961939
-5.303266 -81.293719 14.136982 -3007.391498 0.796631 -0.597183 -0.093543 0.594651 0.746481 0.298590 0.108485 0.293492 -0.949786
-0.471318 -86.641603 1182.523033 -1413.015710 0.788697 -0.606563 -0.100191 0.562597 0.646391 0.515426 0.247876 0.462882 -0.851057
-4.554847 -60.075037 -851.071813 -2382.735644 0.937127 -0.268598 -0.222819 0.227155 0.954169 -0.194841 0.264941 0.131976 0.955190
-5.687161 -65.748748 -1073.145535 1948.659516 0.941940 -0.233483 -0.241319 -0.134192 -0.920545 0.366863 0.307802 0.313180 0.898430
-3.957049 -66.980781 -1565.643925 2397.246906 0.948538 -0.230348 -0.217290 -0.149201 -0.930348 0.334949 0.279310 0.285292 0.916839
-4.649518 -71.675469 -1063.254920 1502.690495 0.950001 -0.198523 -0.241010 -0.046736 -0.853572 0.518875 0.308728 0.481668 0.820173
-3.112276 -61.862953 -1287.873294 -2506.358791 0.940045 -0.266887 -0.212336 0.234596 0.957915 -0.165418 0.247548 0.105687 0.963094
-2.186342 -69.417965 -637.022394 -2603.924324 0.944674 -0.225256 -0.238432 0.141183 0.935359 -0.324299 0.296070 0.272695 0.915413
491.677384 -50.094289 -106089.235179 -3991.622822 0.622433 0.215175 -0.752513 -0.431157 -0.708159 -0.559119 0.653208 -0.672466 0.348007
14372.803550 -249.068808 4933448.402722 33756.235528 -0.151156 0.675487 -0.721713 0.460564 0.694140 0.553219 0.874661 -0.248773 -0.416029
9207.278474 -953.320652 3089444.603964 117837.521243 0.075580 0.827690 -0.556072 -0.578501 -0.417825 -0.700542 0.812173 -0.374635 -0.447240
965.834156 -51.374958 -233785.546941 -1956.031867 0.366690 0.154720 -0.917388 0.614913 0.699671 0.363789 0.698155 -0.697511 0.161423
3.969094 -98.646400 -1174.379331 270.574320 -0.097021 -0.051525 0.993948 0.389499 0.917045 0.085558 -0.915903 0.395442 -0.068904
1.152173 -94.733820 -997.809340 164.096216 -0.100521 -0.035851 0.994289 0.436133 0.896631 0.076423 -0.894250 0.441324 -0.074494
2.940377 -99.297189 -890.001569 1579.123780 -0.103207 -0.057261 0.993010 0.634989 0.764636 0.110089 -0.765596 0.641913 -0.042556
5.764638 -97.194455 -644.112968 1804.816236 -0.075772 -0.067644 0.994828 0.647162 0.755676 0.100674 -0.758577 0.651443 -0.013483
7.264327 -92.739800 -704.665251 -275.887816 -0.066451 -0.070617 0.995288 0.495824 0.863282 0.094355 -0.865877 0.499758 -0.022352
-1.153156 -89.708821 -359.446773 -7929.205401 0.233783 0.021078 -0.972060 0.875106 0.431129 0.219814 0.423716 -0.902044 0.082345
-0.314901 -70.346407 -163.654358 -5825.642410 0.210008 0.025587 -0.977365 0.945183 0.250355 0.209647 0.250053 -0.967816 0.028392
-2.250766 -90.285183 -266.715577 -10170.908320 0.210948 0.023963 -0.977204 0.885261 0.419236 0.201381 0.414504 -0.907561 0.067224
-4.655459 -139.111078 842.503352 8112.783106 -0.097883 -0.075616 0.992321 0.993110 0.057140 0.102315 -0.064438 0.995499 0.069502
-1.742672 -162.827715 863.845168 9126.845736 -0.060948 -0.056616 0.996534 0.910932 0.404976 0.078720 -0.408029 0.912573 0.026891
-0.042149 -148.953068 981.835401 3745.745789 -0.097896 -0.079644 0.992005 0.954381 0.275028 0.116264 -0.282089 0.958132 0.049086
-4.168437 -129.353414 427.289341 3433.643071 -0.071044 -0.055461 0.995930 0.955533 0.282697 0.083906 -0.286200 0.957605 0.032911
-1.943692 -137.364608 1281.043766 6600.425524 -0.130026 -0.088774 0.987528 0.989764 -0.070714 0.123964 0.058827 0.993539 0.097060
-5.334648 -117.010996 52.077960 1848.631273 -0.092133 -0.043452 0.994798 0.995443 0.020645 0.093094 -0.024583 0.998842 0.041352
-4.270525 -120.521527 787.236706 7655.838609 -0.132516 -0.077018 0.988184 0.955856 -0.273719 0.106848 0.262256 0.958721 0.109890
-5.961984 -117.329695 223.508943 4917.374495 -0.109111 -0.055560 0.992476 0.968960 -0.228763 0.093719 0.221835 0.971895 0.078796
-1.888249 -102.914245 598.981693 -245.249505 -0.048150 -0.006510 0.998819 0.082681 0.996521 0.010481 -0.995412 0.083088 -0.047444
-1.867715 -95.897924 4.252391 -582.369492 -0.062297 -0.007670 0.998028 -0.036262 0.999328 0.005416 -0.997399 -0.035853 -0.062534
-2.691541 -98.577911 -125.226165 -1148.091612 -0.069607 -0.003066 0.997570 -0.222098 0.974944 -0.012501 -0.972536 -0.222429 -0.068544
15.272607 -74.424651 -2642.119277 2916.074227 -0.091901 -0.242442 0.965803 0.698280 0.675774 0.236082 -0.709901 0.696097 0.107188
21.609618 -65.304643 -791.252993 3545.546161 -0.078252 -0.284095 0.955598 0.841579 0.495027 0.216084 -0.534436 0.821120 0.200351
23.643597 -70.579724 -2430.162185 2721.581845 -0.044639 -0.300719 0.952668 0.719641 0.651751 0.239451 -0.692909 0.696268 0.187316
16.123151 -66.570203 -1427.746214 3435.631981 -0.081682 -0.190707 0.978243 0.840713 0.513971 0.170397 -0.535284 0.836340 0.118348
23.610456 -74.722403 -4632.897296 1506.686535 -0.092395 -0.266931 0.959276 0.570953 0.775082 0.270669 -0.815767 0.572710 0.080791
12.378921 -76.916813 -5362.874062 1324.851760 -0.122371 -0.248463 0.960881 0.490586 0.826467 0.276184 -0.862758 0.505192 0.020757
1.773508 -77.928785 -1711.289723 2579.790848 -0.065760 -0.174330 0.982489 0.558591 0.809450 0.181014 -0.826832 0.560713 0.044149
7.346626 -74.206243 -1181.611466 3350.667752 -0.048948 -0.147441 0.987859 0.721665 0.678544 0.137033 -0.690510 0.719611 0.073190
2.918719 -206.468805 -309.553064 19450.452121 0.171592 -0.058600 -0.983424 0.938714 -0.293190 0.181262 -0.298952 -0.954256 0.004699
3.821252 -146.349306 138.313030 8217.674102 0.216226 -0.117500 -0.969247 0.970997 -0.077867 0.226056 -0.102034 -0.990015 0.097255
3.951655 -168.791057 -192.896614 1912.176561 0.237738 -0.088518 -0.967288 0.969732 0.078725 0.231134 0.055690 -0.992959 0.104555
7.862374 -160.044788 -833.146577 10241.289371 0.203544 -0.062108 -0.977094 0.971017 -0.114896 0.209581 -0.125281 -0.991434 0.036921
7.892367 -207.278407 -1438.762161 24089.484411 0.170089 -0.067652 -0.983104 0.912988 -0.364618 0.183049 -0.370841 -0.928697 -0.000252
4.941130 -26.281651 741.231869 -1526.363318 0.974780 -0.199074 -0.100865 -0.133571 -0.158360 -0.978305 -0.178782 -0.967105 0.180957
7.152154 -19.955990 617.619151 -2129.945139 0.977838 -0.200661 -0.059732 -0.113130 -0.266354 -0.957213 -0.176166 -0.942757 0.283152
3.621854 -23.403298 871.577706 -2011.350035 0.973137 -0.189631 -0.130555 -0.171265 -0.217292 -0.960964 -0.153860 -0.957509 0.243932
-120.059000 -1420.742411 27916.088207 375429.630034 -0.090869 0.791945 -0.603793 0.357043 0.591902 0.722615 -0.929657 0.149917 0.336544
-161.963592 -1007.107012 45594.559545 263595.771186 -0.295849 0.768138 -0.567835 0.413609 0.638842 0.648698 -0.861047 0.042945 0.506710
-62.957005 -250.113901 6232.507651 47963.970658 0.482318 0.646654 0.590939 -0.222717 0.742945 -0.631213 -0.847211 0.172833 0.502357
-1140.527983 -2496.628114 324337.843853 594354.988790 -0.203917 0.739698 -0.641299 0.396715 0.661304 0.636627 -0.895006 0.124593 0.428300
-2.206498 -441.460922 -1361.815089 87089.865815 -0.092617 0.826309 -0.555550 -0.197318 0.531651 0.823658 -0.975955 -0.185904 -0.113806
17.732000 -137.777671 1620.789196 24398.724651 -0.149581 0.788522 -0.596538 0.783715 0.462401 0.414700 -0.602840 0.405485 0.687143
13.195285 -81.520810 1945.494333 9962.676227 -0.198766 0.716536 -0.668631 0.836346 0.479668 0.265411 -0.510898 0.506452 0.694614
28.836107 -81.480886 -3573.827761 7857.390775 0.259419 -0.724223 0.638907 0.844766 0.490783 0.213314 -0.468052 0.484389 0.739118
26.342842 5.514040 3158.151827 1314.606769 0.017469 -0.344902 0.938476 0.972328 -0.212838 -0.096320 0.232965 0.914189 0.331640
20.350924 3.152626 3665.128103 1170.561586 -0.020024 -0.389250 0.920914 0.972940 -0.219656 -0.071688 0.230189 0.894559 0.383116
26.453477 3.017376 811.695446 1115.959414 0.021390 -0.256999 0.966175 0.974045 -0.212461 -0.078078 0.225341 0.942768 0.245784
22.634879 0.016380 3055.349143 770.788795 -0.006750 -0.358163 0.933635 0.973743 -0.214812 -0.075367 0.227549 0.908612 0.350209
-29.446703 -42.251054 -1207.220771 5411.830663 0.779949 -0.495508 0.382297 0.566326 0.818787 -0.094144 0.266371 -0.289932 -0.919231
-12.611600 -34.292063 -11669.829435 657.324713 -0.883353 -0.305053 -0.355852 -0.191722 0.927964 -0.319572 0.427704 -0.214070 -0.878205
-28.866339 -35.869596 -2095.894935 4451.589504 -0.806439 0.321564 -0.496239 0.442181 0.885124 -0.145026 0.392598 -0.336382 -0.855987
-35.468658 -40.807242 -1302.709269 183.530878 0.828320 0.497981 0.256710 -0.386694 0.176609 0.905139 -0.405405 0.849014 -0.338855
-35.422139 -41.410693 -1608.998014 -1181.316491 0.859233 0.468513 0.205460 -0.292334 0.120067 0.948749 -0.419832 0.875259 -0.240128
-38.112557 -43.359143 -274.371807 -161.894254 0.736719 0.393247 0.550092 -0.614441 0.049663 0.787398 -0.282323 0.918090 -0.278215
21.241392 -35.705662 -3272.621322 -383.721504 0.944189 -0.312471 -0.104252 0.328472 0.916910 0.226677 -0.024759 0.248270 -0.968374
17.044132 -35.975472 -2542.304691 219.757520 0.936129 -0.333507 -0.111518 0.350689 0.861834 0.366414 0.026092 0.382119 -0.923745
13.212629 -36.936767 -3897.888862 -254.162014 0.935851 -0.309977 -0.167624 0.345925 0.898822 0.269174 -0.067227 0.309892 -0.948392
17.690795 -36.079631 -4935.394689 -360.566538 0.940003 -0.299698 -0.163020 0.326190 0.929518 0.172036 -0.099971 0.214890 -0.971508
-4.185667 -25.952020 674.426559 3906.937391 0.371347 -0.403643 0.836166 0.791248 -0.333639 -0.512456 0.485827 0.851914 0.195486
-5.513741 -28.604966 648.754559 3810.611923 0.497240 -0.420140 0.759101 0.747065 -0.237576 -0.620847 0.441187 0.875808 0.195739
-0.698253 -30.372328 810.789190 2377.265667 0.361307 -0.392031 0.846031 0.848535 -0.237932 -0.472628 0.386583 0.888651 0.246686
76.898536 -37.477179 -21648.445896 1107.163097 0.993198 -0.102039 -0.056089 -0.108357 -0.986293 -0.124442 0.042622 -0.129673 0.990640
4.021598 -41.479239 -3879.261257 712.505771 0.996601 -0.004564 -0.082248 -0.014780 -0.992167 -0.124038 0.081038 -0.124833 0.988863
16.929456 -40.448137 -6977.204683 650.041689 0.991747 -0.107804 -0.069392 0.106080 0.993961 -0.028082 0.072001 0.020489 0.997194
97.848455 -37.277290 -27553.914923 -1561.407511 0.993083 -0.100526 -0.060670 -0.094989 -0.991570 0.088128 0.069018 0.081755 0.994260
29.603870 -41.673294 -9672.514663 -1879.079377 0.991433 -0.126391 -0.032940 -0.117573 -0.973448 0.196406 0.056889 0.190851 0.979969
2.943454 -49.177590 370.672440 -58.229873 0.989816 0.079070 -0.118369 -0.076256 0.996692 0.028121 0.120201 -0.018809 0.992571
2.092759 -48.300304 7.043563 -293.925225 0.989422 0.081057 -0.120310 -0.087327 0.995033 -0.047788 0.115839 0.057788 0.991586
3.208829 -47.939808 303.028391 -388.359497 0.987899 0.096787 -0.121192 -0.083104 0.990082 0.113279 0.130954 -0.101836 0.986144
3.953778 -48.684312 355.993482 -41.234877 0.989421 0.098787 -0.106237 0.077837 -0.979485 -0.185879 0.122420 -0.175643 0.976813
3.530568 -45.892486 -116.290926 508.157524 0.986113 0.111701 -0.122894 0.088020 -0.979052 -0.183601 0.140829 -0.170234 0.975288
3.654412 -46.081436 200.409391 169.771757 0.985475 0.121879 -0.118253 0.087938 -0.961967 -0.258624 0.145276 -0.244468 0.958713
12.941354 -63.644894 -2434.048206 3033.103710 0.906121 0.410256 0.103124 0.170770 -0.577795 0.798117 -0.387017 0.705580 0.593611
18.337781 -55.007829 -2717.764710 4638.810658 0.904248 0.417922 0.087617 0.264351 -0.709030 0.653755 -0.335342 0.567995 0.751617
10.253154 -57.989624 -2723.826365 2759.670577 0.905630 0.402343 0.133996 0.191617 -0.670126 0.717087 -0.378309 0.623739 0.683982
-1.868320 -96.386725 -480.950820 -708.723415 0.998847 -0.046856 -0.010421 0.007683 -0.058251 0.998272 0.047382 0.997202 0.057824
-3.146408 -97.129497 -167.461897 -2972.866593 0.997392 -0.071954 0.005663 -0.001546 0.057140 0.998365 0.072160 0.995770 -0.056880
-2.413372 -93.419049 -119.164061 -3642.098561 0.997937 -0.062148 0.016128 0.001108 0.267821 0.963468 0.064197 0.961462 -0.267337
-1.959195 -50.717067 559.552987 -230.506920 0.964217 0.246081 0.098644 0.000581 0.370116 -0.928985 0.265115 -0.895801 -0.356729
-0.879662 -51.723957 124.339975 -60.150776 0.965647 0.239966 0.099711 0.004737 0.367397 -0.930052 0.259815 -0.898574 -0.353639
-1.552249 -49.964771 297.694354 -613.179525 0.965854 0.244852 0.084699 0.028928 0.222951 -0.974400 0.257467 -0.943579 -0.208255
-2.903959 -49.958021 617.707198 62.169967 0.965937 0.243938 0.086369 0.007089 0.308689 -0.951136 0.258679 -0.919350 -0.296445
-2.824694 -50.704509 473.392514 -230.157311 0.967234 0.237045 0.090927 -0.026190 0.449390 -0.892952 0.252531 -0.861312 -0.440873
21.382659 -65.736022 -2009.061545 -11979.006544 -0.616970 0.136891 -0.774990 0.772289 0.294742 -0.562758 0.151385 -0.945721 -0.287566
15.201494 -121.612254 -2418.276813 -26157.093634 -0.634623 0.073715 -0.769298 0.739298 0.347911 -0.576538 0.225148 -0.934625 -0.275290
17.436276 -125.168485 -1568.477341 -25808.977948 -0.656017 0.119977 -0.745149 0.706090 0.446307 -0.549770 0.266606 -0.886801 -0.377499
25.744410 -65.662775 -2542.812427 -11077.837824 -0.608456 0.179916 -0.772924 0.776687 0.334942 -0.533452 0.162908 -0.924902 -0.343536
22.140453 -125.975137 -1984.680065 -24914.782730 -0.663095 0.146072 -0.734144 0.696673 0.479147 -0.533914 0.273773 -0.865494 -0.419485
15.527713 -157.328662 1024.888208 -25808.361179 0.674449 -0.151918 0.722523 0.601989 0.679733 -0.419014 0.427467 -0.717554 -0.549898
6.914155 -59.125389 -365.850635 427.428230 0.955307 0.283598 0.083427 0.108067 -0.072351 -0.991507 0.275153 -0.956210 0.099765
4.767190 -55.326808 -7.414488 1600.817363 0.957456 0.281266 0.064563 0.042898 0.082518 -0.995666 0.285374 -0.956075 -0.066941
4.957319 -57.329680 -50.609129 980.607576 0.957549 0.272360 0.094442 0.115483 -0.062252 -0.991357 0.264127 -0.960179 0.091062
-0.756194 -36.004278 -199.834696 214.315198 0.992955 0.062269 -0.100811 0.114997 -0.711541 0.693170 0.028568 0.699880 0.713689
-0.328307 -34.608285 -208.270458 68.120814 0.993717 0.067688 -0.089139 0.110799 -0.707629 0.697843 0.015842 0.703335 0.710682
-0.588211 -36.705837 168.621687 -734.405795 0.989542 0.081516 -0.119000 0.138881 -0.761271 0.633387 0.038960 0.643290 0.764631
9.384989 -29.507254 -312.977589 28.230369 0.922338 -0.353572 -0.155818 0.132144 -0.090300 0.987109 0.363084 0.931039 0.036564
8.216647 -31.298193 154.210643 -838.078318 0.924499 -0.333876 -0.183923 0.146484 -0.134273 0.980058 0.351914 0.933005 0.075228
8.958330 -31.710192 785.953470 -437.192856 0.930390 -0.336522 -0.145353 0.143038 -0.031803 0.989206 0.337512 0.941139 -0.018546
9.827866 -30.038833 -796.807634 -897.728458 0.912203 -0.336793 -0.233358 0.170544 -0.205763 0.963627 0.372559 0.918821 0.130260
7.923295 -31.100724 187.196420 680.910184 0.922816 -0.366953 -0.117286 0.132228 0.015753 0.991094 0.361838 0.930106 -0.063059
11.194852 -26.853481 -974.959952 34.255931 0.910415 -0.366329 -0.192217 0.149875 -0.141007 0.978598 0.385593 0.919739 0.073472
-2.999517 -144.479151 136.261724 8494.926316 -0.604325 0.347100 -0.717156 0.440373 0.895644 0.062398 0.663975 -0.278108 -0.694114
-2.805038 -149.329881 720.262042 13101.118085 -0.616049 0.348225 -0.706557 0.249090 0.937070 0.244651 0.747287 -0.025279 -0.664020
-2.764359 -133.954844 -282.518723 10968.455478 -0.581823 0.336588 -0.740399 0.231311 0.941234 0.246119 0.779729 -0.028065 -0.625487
-2.866204 -151.394844 -1073.851359 6402.909628 -0.576194 0.331044 -0.747269 0.507746 0.861450 -0.009880 0.640464 -0.385116 -0.664449
13.509378 -76.670232 2310.150256 -11841.417910 0.628819 -0.385650 0.675174 0.046644 0.885479 0.462332 -0.776151 -0.259230 0.574795
14.701547 -51.473978 -842.726074 -3676.916962 0.553533 -0.440099 0.707046 0.006191 0.851122 0.524932 -0.832804 -0.286190 0.473849
14.973758 -70.619030 -1408.191544 -10063.408482 0.543237 -0.402723 0.736687 0.092783 0.900870 0.424057 -0.834437 -0.162011 0.526752
-4.284265 -23.871351 -875.329877 -798.183401 0.729543 0.512574 -0.452807 -0.666854 0.680138 -0.304496 -0.151894 -0.524100 -0.838002
-1.816136 -22.707329 1014.865172 -2713.119427 0.823103 0.437122 -0.362527 -0.563590 0.707191 -0.426903 -0.069767 -0.555702 -0.828449
-1.598913 -20.464951 -129.746465 -1139.641779 0.723023 0.533015 -0.439469 -0.684527 0.638472 -0.351819 -0.093064 -0.555201 -0.826493
-3.899936 -21.213072 -868.639686 -585.565759 0.683841 0.547991 -0.481734 0.704710 -0.667142 0.241465 -0.189064 -0.504606 -0.842394
-0.242427 -13.903867 -572.173982 -1452.092446 0.954841 -0.083498 -0.285145 -0.050545 0.900064 -0.432817 -0.292788 -0.427684 -0.855197
-0.435387 -11.181517 158.938904 -1712.182013 0.957415 -0.037589 -0.286256 -0.100925 0.885362 -0.453815 -0.270499 -0.463380 -0.843866
-1.039023 -10.111058 260.117073 -504.318302 0.960956 -0.076439 -0.265933 -0.057625 0.884727 -0.462533 -0.270633 -0.459798 -0.845780
-2.366691 -10.339023 261.564345 90.898036 0.960403 -0.168119 -0.222178 0.043729 0.878506 -0.475726 -0.275163 -0.447173 -0.851071
-0.654533 -11.097636 -258.439193 -1105.512732 0.957632 -0.100011 -0.270073 -0.032378 0.894435 -0.446024 -0.286170 -0.435871 -0.853301
-2.610132 -11.741026 554.937781 1022.301958 0.959757 -0.213302 -0.182670 0.093894 0.856755 -0.507105 -0.264670 -0.469546 -0.842304
-0.365889 -9.636190 626.016977 717.110927 0.965581 -0.113727 -0.233922 -0.014918 0.873651 -0.486325 -0.259675 -0.473076 -0.841884
-4.623160 -20.618083 -251.162712 734.298959 0.954772 0.296269 -0.025209 0.075779 -0.160475 0.984127 -0.287521 0.941527 0.175668
-7.321015 -23.108142 -151.642686 497.144819 0.955622 0.292415 -0.035764 0.056325 -0.062196 0.996473 -0.289160 0.954267 0.075906
-4.661925 -21.747268 -1298.849781 740.405094 0.935502 0.331115 -0.123282 0.162913 -0.094623 0.982093 -0.313520 0.938834 0.142463
-7.190699 -22.657614 259.862365 198.155699 0.963370 0.249996 0.097055 -0.069731 -0.115947 0.990805 -0.258951 0.961280 0.094267
-2.142207 -19.760517 -902.560682 869.279960 0.937033 0.327657 -0.120872 0.182779 -0.165184 0.969178 -0.297592 0.930244 0.214672
-4.847736 -20.502722 -243.442003 747.255804 0.961596 0.267911 0.059647 -0.003916 -0.203902 0.978983 -0.274442 0.941620 0.195022
-2.824704 -17.916964 -605.694380 884.515939 0.952149 0.303325 -0.037493 0.113924 -0.238397 0.964463 -0.283607 0.922584 0.261545
-4.369753 -42.747387 -26.481142 -463.819603 0.989553 0.099891 0.103957 -0.039555 0.881509 -0.470508 0.138639 -0.461480 -0.876251
-2.697858 -43.001057 2.098535 1352.478806 0.988336 0.100446 0.114469 -0.052975 0.931462 -0.359963 0.142780 -0.349700 -0.925918
-3.093656 -46.653810 154.678325 -766.566613 0.985932 0.130855 0.103997 -0.050888 0.827641 -0.558947 0.159213 -0.545791 -0.822656
-3.888075 -40.967484 57.775759 2306.334505 0.989425 0.083005 0.118948 -0.047239 0.959764 -0.276807 0.137138 -0.268261 -0.953535
-4.219858 -44.906116 81.991624 -892.092408 0.988619 0.117396 0.094073 -0.041221 0.812789 -0.581098 0.144680 -0.570607 -0.808378
-4.125692 -17.967340 -414.261121 581.077581 0.740350 0.487173 -0.463189 -0.632347 0.738504 -0.233984 -0.228077 -0.466127 -0.854814
-5.656534 -20.484678 -1034.917648 831.252245 0.788465 0.430130 -0.439672 -0.567134 0.785086 -0.248996 -0.238080 -0.445677 -0.862954
4.263113 -121.772146 -264.733121 12376.448748 0.999112 -0.035243 0.023072 0.011689 0.758170 0.651952 0.040469 0.651104 -0.757909
2.241505 -113.702026 887.189291 10602.672163 0.996636 -0.051604 0.063670 -0.003742 0.747419 0.664342 0.081871 0.662345 -0.744712
4.223362 -102.875480 595.249626 5048.174374 0.996547 -0.082279 0.011122 0.039271 0.585138 0.809982 0.073153 0.806749 -0.586349
-11.545809 -57.353307 -355.712446 -5041.204366 0.869357 -0.301758 -0.391357 -0.491493 -0.445421 -0.748354 -0.051503 -0.842936 0.535543
-15.931392 -54.839820 223.412916 -10575.613495 0.476464 -0.555783 -0.681240 0.879127 0.291595 0.376972 -0.010868 -0.778510 0.627538
-14.599637 -44.432586 -1885.567063 -7650.491159 0.945817 -0.228939 -0.230256 -0.321206 -0.555933 -0.766658 -0.047510 -0.799078 0.599347
-2.223552 -94.016167 -708.924939 -14939.707977 0.950927 -0.184908 -0.248085 -0.304051 -0.409788 -0.860015 -0.057361 -0.893243 0.445900
-2.727214 -68.639997 268.481768 -9931.038447 0.986607 -0.086559 -0.138256 -0.163109 -0.532187 -0.830766 0.001668 -0.842191 0.539177
-22.501506 -63.950107 2482.572896 -9070.980928 0.894115 -0.412578 0.174179 -0.178408 -0.684887 -0.706470 -0.410767 -0.600591 0.685975
-19.674121 -47.057936 2629.507805 -7294.298311 0.877950 -0.476583 0.045519 -0.352946 -0.708550 -0.611053 -0.323471 -0.520408 0.790280
-22.835863 -48.936740 10731.558581 1566.273178 0.923258 -0.366500 -0.115208 -0.141603 -0.045872 -0.988860 -0.357132 -0.929287 0.094250
-35.347836 -48.716016 3469.869480 155.173742 0.837865 -0.538455 -0.089711 -0.087127 0.030324 -0.995736 -0.538879 -0.842109 0.021507
-12.846427 -50.565161 13898.440624 -3590.535394 0.918463 -0.377182 -0.118993 -0.110890 0.043213 -0.992893 -0.379644 -0.925130 0.002136
-32.613851 -53.336122 3703.142346 -160.354897 0.811944 -0.582846 -0.032215 0.052838 0.128344 -0.990321 -0.581340 -0.802383 -0.135004
21.429231 -51.240225 22233.706412 -7938.011009 0.925848 -0.228861 -0.300714 -0.315496 -0.030106 -0.948449 -0.208010 -0.972993 0.100078
-1.384451 -55.700962 11840.194048 528.239761 0.885826 -0.461276 -0.050363 0.038130 0.180532 -0.982830 -0.462448 -0.868696 -0.177509
29.380173 -75.443428 17165.363219 -15999.065531 0.908690 -0.396690 -0.130076 -0.163682 -0.051912 -0.985146 -0.384045 -0.916484 0.112103
-31.344795 -46.979538 -290.114137 859.328597 0.898665 0.421374 0.121841 -0.001198 -0.275414 0.961325 -0.438634 0.864055 0.246999
-31.292004 -46.668723 159.493513 1361.603870 0.931148 0.314749 0.184111 -0.073009 -0.333757 0.939828 -0.357258 0.888560 0.287798
-33.692146 -48.143000 26.278628 199.295281 0.920225 0.299355 0.252136 -0.193177 -0.212883 0.957791 -0.340395 0.930090 0.138072
-33.053739 -47.118170 -939.927981 -653.680810 0.892286 0.437685 0.110717 -0.073936 -0.100261 0.992210 -0.445376 0.893521 0.057101
-45.306149 -52.649722 -623.691607 3117.546473 -0.373765 -0.210527 -0.903315 0.918964 0.047952 -0.391416 0.125719 -0.976411 0.175544
-42.385409 -50.390810 -1551.416711 1937.312604 -0.589204 -0.342136 -0.731971 0.792013 -0.065329 -0.606999 0.159858 -0.937377 0.309468
-46.422026 -59.247274 -468.362690 984.962807 -0.243307 -0.256509 -0.935417 0.969121 -0.104128 -0.223520 -0.040068 -0.960917 0.273923
-37.229768 -44.128017 5384.435169 1132.660500 0.941462 0.313919 0.122898 0.174888 -0.143134 -0.974129 0.288207 -0.938599 0.189656
9.338519 -29.604728 -248.738598 -44.591529 0.919696 -0.389093 -0.052593 -0.380903 -0.851687 -0.359921 -0.095250 -0.351050 0.931499
7.196225 -28.709891 -1079.142734 -10.499742 0.907179 -0.420300 -0.019368 -0.408778 -0.869539 -0.277135 -0.099639 -0.259328 0.960636
8.137127 -29.609871 -1470.645828 534.121534 0.895932 -0.444034 -0.011822 -0.414057 -0.825220 -0.384146 -0.160818 -0.349064 0.923197
9.470125 -32.051112 1234.252712 -889.509887 0.933344 -0.347087 -0.091646 -0.353585 -0.844744 -0.401727 -0.062016 -0.407354 0.911162
10.062838 -30.696585 -98.569616 -386.894869 0.915865 -0.397704 -0.054981 -0.382489 -0.822683 -0.420588 -0.122038 -0.406232 0.905584
6.085885 -30.613138 -3403.435543 -770.280551 0.941248 -0.022595 0.336958 -0.193965 -0.852948 0.484621 -0.276458 0.521507 0.807218
11.561282 -26.459951 -2734.328331 -649.920396 0.960535 0.015161 0.277747 -0.174521 -0.744681 0.644199 -0.216600 0.667248 0.712646
19.032015 -28.272353 -2580.503210 -561.103775 0.977253 0.005455 0.212008 -0.137739 -0.743809 0.654046 -0.161261 0.668370 0.726138
5.228340 -26.370833 -2278.892419 -682.568340 0.957738 0.017832 0.287088 -0.175506 -0.754531 0.632362 -0.227893 0.656022 0.719513
3.657676 -28.523006 -2850.738618 -712.563323 0.948618 0.001321 0.316421 -0.186623 -0.805215 0.562851 -0.255531 0.592982 0.763595
-1.847819 -30.812968 102.843531 662.592074 0.724252 -0.689242 -0.020101 0.681260 0.710754 0.175252 0.106504 0.140620 -0.984318
0.100612 -31.072753 55.604672 467.874164 0.718055 -0.695701 -0.019932 0.681317 0.696784 0.224273 0.142139 0.174620 -0.974323
11.022042 -88.447768 3199.182524 -639.390119 0.861987 -0.506218 -0.026873 0.491621 0.821848 0.287878 0.123643 0.261358 -0.957290
5.670912 -79.269507 -2070.528012 -3903.986113 -0.872520 0.486757 0.042153 0.487123 0.873332 -0.001802 -0.037691 0.018962 -0.999110
-6.560713 -66.928844 -348.634643 1485.538622 0.932761 -0.239813 -0.269159 -0.092966 -0.881400 0.463132 0.348302 0.406969 0.844430
7.812043 -49.439353 -391.921589 1265.492819 0.943078 -0.134518 -0.304152 -0.076882 0.801592 -0.592908 -0.323563 -0.582542 -0.745622
4.860985 -43.410904 453.054206 -2335.928306 0.951717 -0.220475 -0.213603 0.075126 0.841946 -0.534306 -0.297643 -0.492461 -0.817858
6.155263 -52.965093 -336.127059 -2436.955721 0.938408 -0.248669 -0.239906 0.094397 0.852400 -0.514299 -0.332386 -0.459976 -0.823372
6.824565 -57.266150 -1194.903977 -1116.732188 0.927726 -0.229683 -0.294228 0.008609 0.801219 -0.598309 -0.373163 -0.552534 -0.745289
-0.337129 -95.982701 -116.708401 -325.513808 -0.072536 -0.019659 0.997172 0.218882 0.975118 0.035146 -0.973051 0.220813 -0.066428
0.413817 -96.817612 -32.371892 426.280855 -0.077948 -0.030173 0.996501 0.469970 0.880401 0.063419 -0.879234 0.473268 -0.054445
1.402468 -97.157930 -351.482588 508.125372 -0.101173 -0.038811 0.994111 0.655351 0.749206 0.095947 -0.748518 0.661199 -0.050364
-0.663072 -72.247413 -49.323880 -4945.667348 0.228854 0.026143 -0.973110 0.939849 0.254479 0.227869 0.253593 -0.966725 0.033668
1.073698 -164.597028 577.858573 9809.751895 -0.077335 -0.050017 0.995750 0.836117 0.540765 0.092100 -0.543073 0.839685 0.000000
-2.420830 -144.249749 1115.342710 8081.208868 -0.027856 -0.054183 0.998142 0.833206 0.550405 0.053130 -0.552261 0.833138 0.029813
24.111584 -60.672290 1039.666475 3123.798249 -0.012402 -0.337252 0.941333 0.849095 0.493637 0.188043 -0.528094 0.801613 0.280237
22.743087 -53.907591 2822.135449 2367.527331 -0.072265 -0.339537 0.937813 0.926252 0.325883 0.189360 -0.369912 0.882335 0.290947
22.287926 -57.774018 357.066581 2655.011216 -0.087957 -0.238509 0.967149 0.906350 0.383649 0.177039 -0.413271 0.892147 0.182428
2.685651 -158.915447 -78.086113 -18807.080465 0.253279 -0.151666 -0.955430 0.958390 0.173767 0.226480 0.131673 -0.973038 0.189367
1.179771 -167.337194 -927.052610 -16925.604947 0.251595 -0.188588 -0.949281 0.929917 0.318951 0.183099 0.268244 -0.928819 0.255618
0.964904 -218.433122 -663.349223 -29763.366975 0.269007 -0.156525 -0.950334 0.838708 0.523158 0.151243 0.473501 -0.837739 0.272012
2.245718 -224.247954 -982.201094 -32663.676593 0.315560 -0.117979 -0.941543 0.865438 0.442707 0.234580 0.389152 -0.888871 0.241804
3.756209 -145.267192 -70.761283 -8762.076736 0.266172 -0.132697 -0.954748 0.955218 0.169145 0.242794 0.129272 -0.976617 0.171776
5.411270 -128.935004 381.786716 248.039412 0.230359 -0.131149 -0.964228 0.971283 -0.029638 0.236075 -0.059539 -0.990920 0.120556
7.637022 -15.051599 1490.741162 -1071.826199 0.750362 -0.471113 -0.463691 0.185901 -0.522762 0.831962 0.634348 0.710473 0.304681
5.890029 -12.358002 1555.061565 -865.804394 0.781685 -0.528598 -0.330988 0.100571 -0.416927 0.903359 0.615512 0.739430 0.272743
3.598826 -12.695182 380.985681 -1255.978174 0.730691 -0.424862 -0.534400 0.274083 -0.534360 0.799586 0.625276 0.730720 0.274005
5.255052 -17.666880 1369.351470 -1177.589478 0.726063 -0.452515 -0.517748 0.213936 -0.566923 0.795506 0.653502 0.688352 0.314813
1.507619 -10.315385 -196.060912 -1049.613124 0.683458 -0.350385 -0.640403 0.393577 -0.561979 0.727514 0.614803 0.749273 0.246186
1.024011 -14.791423 717.832658 -1388.624671 0.705210 -0.416839 -0.573519 0.302257 -0.554968 0.775017 0.641342 0.719900 0.265376
-18.805775 -26.571443 216.517999 627.088495 0.539388 0.051501 -0.840481 0.840536 -0.092910 0.533730 -0.050601 -0.994342 -0.093403
-18.316170 -24.605743 -291.565010 803.493041 0.146482 0.015485 -0.989092 0.989131 0.010634 0.146654 0.012789 -0.999824 -0.013759
-19.889911 -24.825528 -42.920114 -2.640534 0.314580 -0.012946 -0.949143 0.945727 -0.081560 0.314560 -0.081485 -0.996584 -0.013414
-17.367715 -23.203690 207.862661 1305.755621 0.267419 0.060483 -0.961680 0.961125 0.054454 0.270689 0.068740 -0.996683 -0.043569
-16.418219 -24.495891 651.736384 1461.331354 0.559842 0.119154 -0.819987 0.825781 0.001315 0.563989 0.068280 -0.992875 -0.097659
7.017560 -18.041983 -1056.527369 -519.876729 0.103221 -0.449841 0.887124 0.992162 -0.016582 -0.123851 0.070423 0.892955 0.444604
4.114211 -16.965646 -762.078618 -572.045498 0.172748 -0.442393 0.880026 0.984562 0.051956 -0.167149 0.028223 0.895315 0.444539
3.984676 -19.036548 -1622.878738 -634.188908 0.221823 -0.425962 0.877126 0.972666 0.033319 -0.229804 0.068663 0.904127 0.421710
249.472665 -3683.902237 24444.291348 1116496.972046 0.428596 0.149160 0.891098 0.082833 0.975637 -0.203152 -0.899691 0.160883 0.405799
-16.145213 -91.663473 -3576.175315 -18194.828954 0.342251 0.914943 0.213879 0.369298 -0.340293 0.864766 -0.863993 0.216982 0.454352
13.592497 -285.770864 2164.058117 60496.478675 -0.072433 0.800758 -0.594592 0.720722 0.454115 0.523775 -0.689430 0.390597 0.610016
18.966874 -37.729462 6257.500093 -1746.165493 -0.637291 0.751061 0.172534 0.216731 -0.040169 0.975405 -0.739518 -0.659010 0.137179
44.010023 -33.036716 13109.975576 -1596.341048 -0.648364 0.761104 0.018553 0.054633 0.022206 0.998260 -0.759367 -0.648250 0.055979
21.203601 -37.133881 7254.327206 -2131.548584 -0.630041 0.766688 0.123442 0.081258 -0.092999 0.992345 -0.772298 -0.635249 0.003707
30.290563 -34.431451 8720.988740 -784.428317 -0.677934 0.729775 0.088509 0.223793 0.090195 0.970454 -0.700230 -0.677712 0.224465
4.450241 -41.094286 2312.746985 -282.166561 -0.617617 0.734586 0.280951 0.337680 -0.074942 0.938273 -0.710297 -0.674365 0.201769
12.436197 -39.677098 -3166.411804 -1330.792914 0.655601 -0.713815 -0.246284 -0.375291 -0.024996 -0.926570 -0.655243 -0.699888 0.284276
-32.053078 -50.841265 -248.297187 7920.902681 -0.284813 0.784268 -0.551186 0.911006 0.400355 0.098911 0.298243 -0.473963 -0.828499
-23.206581 -35.774017 -15308.436721 358.479463 -0.810459 -0.536758 -0.234621 -0.327821 0.747510 -0.577722 0.485478 -0.391306 -0.781787
-25.920221 -44.715897 12144.767132 2711.398348 0.721714 0.690057 0.054308 -0.479006 0.554535 -0.680473 0.499681 -0.465093 -0.730758
8.138289 -37.102662 -3449.509512 302.337212 0.929020 -0.323253 -0.180081 0.369604 0.833985 0.409710 -0.017745 0.447188 -0.894264
16.336076 -33.897178 1779.668180 271.162611 0.915887 -0.400552 0.026625 0.356717 0.842489 0.403690 0.184131 0.360237 -0.914508
20.709035 -34.618454 -1184.679385 723.531324 0.928283 -0.364098 -0.075647 0.353310 0.800038 0.484883 0.116025 0.476836 -0.871301
16.214252 -35.815467 -4961.996529 627.419257 0.931566 -0.323979 -0.164994 0.362379 0.790641 0.493527 0.029441 0.519543 -0.853937
-7.971241 -13.680734 518.869522 -886.862518 0.623665 -0.499780 0.601051 -0.579103 0.221065 0.784710 0.525053 0.837467 0.151553
-6.494629 -14.114804 929.415558 1151.132537 0.836991 -0.542924 0.068406 -0.121337 -0.062239 0.990658 0.533595 0.837472 0.117970
-9.913196 -16.967397 708.083034 -548.994497 0.720779 -0.502514 0.477449 -0.469688 0.152494 0.869562 0.509775 0.851014 0.126110
-12.217495 -25.641600 -1674.084211 -210.360565 0.875402 0.360738 -0.321777 -0.455627 0.393377 -0.798536 0.161483 -0.845649 -0.508724
-8.698325 -22.913971 -1969.489748 1059.864690 0.859538 0.365600 -0.357115 -0.502945 0.480982 -0.718125 0.090780 -0.796865 -0.597298
-11.033227 -24.677526 -859.490410 228.391830 0.745382 0.480753 -0.461825 -0.644082 0.340672 -0.684910 0.171942 -0.807972 -0.563575
-7.212665 -23.324363 577.417831 -1908.798389 0.685844 0.542551 -0.485032 0.715830 -0.382814 0.583987 0.131166 -0.747725 -0.650925
-14.498402 -28.112658 -444.206826 589.201118 0.664023 0.523540 -0.533834 0.705489 -0.202163 0.679276 0.247707 -0.827669 -0.503593
-9.918493 -27.791892 2310.444608 -50.505661 0.555283 0.603478 -0.572254 0.794330 -0.181002 0.579895 0.246375 -0.776564 -0.579868
-8.268554 -42.957441 -541.833293 982.116022 0.990387 0.115776 -0.075693 0.093803 -0.964308 -0.247609 0.101658 -0.238128 0.965899
-6.988594 -44.922132 -73.909579 41.484375 0.988336 0.113915 -0.101074 0.100423 -0.986441 -0.129802 0.114490 -0.118138 0.986375
-4.064135 -40.190013 -2401.086379 1083.728452 0.995481 0.084738 -0.042862 0.069257 -0.956672 -0.282811 0.064970 -0.278565 0.958217
17.526506 -36.968152 -8238.192570 1478.116286 0.998124 -0.047408 -0.038741 -0.056013 -0.962561 -0.265216 0.024717 -0.266888 0.963410
2.098333 -49.304389 198.823033 148.744421 0.991892 0.054799 -0.114664 0.067032 -0.992136 0.105699 0.107970 0.112528 0.987765
0.750231 -47.415078 50.535165 -328.152011 0.991525 0.054929 -0.117731 0.081515 -0.968677 0.234563 0.101159 0.242172 0.964945
1.712959 -47.211268 67.627083 395.625299 0.987041 0.088369 -0.133940 0.104442 -0.987488 0.118149 0.121824 0.130607 0.983921
3.903316 -56.424162 -2128.263289 2288.826901 0.905313 0.392482 0.162377 0.200194 -0.731454 0.651842 -0.374608 0.557614 0.740767
13.761713 -49.602754 -3076.899109 4007.778133 0.892145 0.430890 0.135689 0.285707 -0.770842 0.569363 -0.349927 0.469187 0.810811
0.328311 -54.504128 -1863.621619 1601.467222 0.904487 0.384158 0.185272 0.246495 -0.825350 0.507973 -0.348056 0.413787 0.841212
-3.602329 -55.297448 -779.162728 331.261191 0.924133 0.339023 0.176188 0.156464 -0.756504 0.634997 -0.348566 0.559254 0.752155
-2.588176 -58.002334 -1208.850839 327.255528 0.916819 0.364511 0.163017 0.122438 -0.645218 0.754124 -0.380067 0.671436 0.636178
-1.816468 -85.175294 -221.737319 -3559.698173 0.998512 -0.052665 0.014122 0.001798 0.290660 0.956825 0.054496 0.955376 -0.290322
-2.171280 -82.487235 90.524246 -2795.570378 0.997083 -0.063698 0.042040 -0.005890 0.484969 0.874512 0.076093 0.872208 -0.483179
-1.438938 -83.164355 -393.997999 -3381.476392 0.999141 -0.041133 0.005037 0.008054 0.311981 0.950054 0.040650 0.949198 -0.312044
-1.149518 -88.900999 -16.382463 -2320.227012 0.998278 -0.054557 -0.021537 0.023903 0.043090 0.998785 0.053563 0.997580 -0.044320
0.095329 -52.812044 113.765759 -231.587713 0.965604 0.243000 0.092520 0.005743 0.335807 -0.941913 0.259954 -0.910047 -0.322861
-0.803727 -50.998862 -33.711590 -457.540889 0.966718 0.242089 0.082757 0.027432 0.223523 -0.974313 0.254369 -0.944156 -0.209442
22.626493 -51.842536 -2051.808938 -9609.039696 -0.569130 0.146887 -0.809021 0.817798 0.203346 -0.538384 0.085430 -0.968026 -0.235854
15.468853 -59.987483 -2387.609239 -10335.644041 -0.604430 0.060664 -0.794345 0.785987 0.208067 -0.582179 0.129959 -0.976232 -0.173443
0.464891 -32.899454 -269.368226 143.120250 0.998192 0.031801 -0.051006 0.059749 -0.617410 0.784369 0.006548 0.785998 0.618194
-0.416229 -33.225096 55.033447 -167.507507 0.993784 0.059267 -0.094235 0.108465 -0.706057 0.699799 0.025061 0.705671 0.708096
-0.686084 -34.259545 -232.371625 632.109997 0.996573 0.041956 -0.071286 0.081433 -0.648872 0.756528 0.014515 0.759740 0.650065
10.068218 -34.309623 464.265060 -985.251864 0.931148 -0.300083 -0.207154 0.165941 -0.157143 0.973535 0.324694 0.940881 0.096528
9.361092 -33.543804 -305.631001 -1337.202028 0.918149 -0.306102 -0.251602 0.177845 -0.249070 0.952016 0.354081 0.918839 0.174245
-6.171781 -171.761211 236.274647 13717.087441 -0.636490 0.317166 -0.703055 0.344952 0.932350 0.108315 0.689847 -0.173579 -0.702838
-5.499523 -154.060894 -497.047156 11299.043209 -0.618396 0.311226 -0.721612 0.254039 0.948105 0.191208 0.743674 -0.065075 -0.665368
-4.639320 -162.424731 -525.154687 -348.358210 -0.618920 0.331325 -0.712153 0.555064 0.826002 -0.098104 0.555736 -0.456009 -0.695136
-2.367463 -182.918472 243.960573 -12052.457395 -0.603484 0.366699 -0.708053 0.737623 0.594000 -0.321055 0.302853 -0.716028 -0.628955
-3.119474 -167.862382 -307.355419 -6363.520696 -0.616649 0.355909 -0.702192 0.728494 0.596077 -0.337622 0.298398 -0.719736 -0.626848
-3.680116 -182.136145 495.204022 662.485962 0.634493 -0.327909 0.699924 0.618766 0.758158 -0.205730 0.463193 -0.563624 -0.683945
-5.183327 -24.589183 -109.241605 -106.788921 0.816930 0.426191 -0.388570 -0.551547 0.774261 -0.310348 -0.168587 -0.467847 -0.867581
-2.265825 -24.652002 1907.066980 -1191.448108 0.900927 0.325130 -0.287438 -0.418433 0.826453 -0.376682 -0.115083 -0.459637 -0.880619
1.609775 -22.941201 2437.973287 -2726.499938 0.909288 0.318511 -0.267856 -0.413009 0.769788 -0.486672 -0.051181 -0.553152 -0.831507
-0.177250 -14.795998 249.840971 -2226.818723 0.961115 -0.075183 -0.265717 -0.050149 0.898706 -0.435675 -0.271557 -0.432059 -0.859989
0.055107 -10.992389 580.069852 -1906.315144 0.958450 -0.034089 -0.283217 -0.103761 0.883163 -0.457445 -0.265721 -0.467825 -0.842931
-5.681224 -23.985550 -1646.229702 486.352527 0.922635 0.342258 -0.177776 0.183204 0.016689 0.982933 -0.339384 0.939458 0.047305
-10.401857 -25.496606 277.356642 563.452621 0.957613 0.282319 -0.057203 0.045162 0.048980 0.997778 -0.284494 0.958069 -0.034154
-9.954915 -24.566173 901.951862 153.821649 0.965257 0.247019 0.085206 -0.079355 -0.033565 0.996281 -0.248961 0.968429 0.012796
-2.364178 -42.605316 0.657971 1978.118800 0.988993 0.061554 0.134553 -0.034546 0.980288 -0.194530 0.143875 -0.187740 -0.971624
-1.875810 -45.024658 440.624872 3054.553773 0.985415 0.090854 0.143888 -0.048747 0.960824 -0.272838 0.163039 -0.261845 -0.951239
-4.273217 -17.614799 -547.312320 243.157996 0.849499 0.333008 -0.409214 -0.463026 0.842374 -0.275705 -0.252899 -0.423688 -0.869787
