14635
29255
-36.333604 -55.750591 -1755.702498 6753.462973 0.154313 0.896960 0.414307 -0.865793 -0.079268 0.494085 -0.476016 0.434948 -0.764349
-46.060349 -66.592987 603.828003 -4846.028578 0.170764 0.870513 0.461570 0.924735 0.020128 -0.380079 -0.340154 0.491734 -0.801557
-44.303310 -80.482574 -1802.616530 -13926.937395 0.534117 0.820310 0.204478 0.756581 -0.355880 -0.548575 -0.377232 0.447707 -0.810712
-34.716418 -53.749606 1712.952104 -3817.586534 -0.257556 0.692769 0.673599 0.852038 0.491622 -0.179830 -0.455736 0.527616 -0.716886
-23.761084 -64.384120 -6864.999102 14221.219081 0.343836 0.917502 0.199918 -0.764572 0.149937 0.626857 -0.545167 0.368387 -0.753050
-29.487836 -44.002309 -2572.601638 7437.906978 0.017868 0.894846 0.446017 -0.819076 -0.242730 0.519805 -0.573407 0.374609 -0.728609
-27.763795 -45.294554 1471.816647 5018.489347 -0.342148 0.652162 0.676476 -0.761413 -0.614294 0.207108 -0.550623 0.444215 -0.706744
-14.654283 -65.175953 14137.743443 19675.449001 -0.116429 0.915137 0.385965 0.992442 0.122369 0.009234 -0.038780 0.384123 -0.922467
-26.421002 -63.496690 2743.061930 19017.258146 -0.241479 0.936099 0.255745 0.968502 0.248987 0.003116 -0.060760 0.248443 -0.966739
-27.430509 -84.616149 3145.232181 -3072.293226 -0.062400 0.958518 0.278119 -0.959409 -0.134397 0.247934 -0.275027 0.251359 -0.927997
-29.577404 -92.309097 -1381.308986 8431.306267 -0.058458 0.975083 0.214001 -0.880922 -0.151233 0.448448 -0.469638 0.162303 -0.867812
-20.541539 -86.077377 7809.348650 -1171.859682 0.012015 0.940482 0.339632 -0.937908 -0.107160 0.329917 -0.346676 0.322508 -0.880798
-42.716932 -157.561043 -21930.805894 -6408.964192 0.365318 0.926138 -0.093864 -0.834363 0.281060 -0.474176 0.412772 -0.251542 -0.875412
-29.344192 -173.076773 -12151.708631 -58730.154251 0.268417 0.962343 -0.042986 -0.593893 0.130185 -0.793941 0.758448 -0.238636 -0.606473
-2.465853 -137.580102 1551.059426 -28164.886523 0.258756 0.962782 0.078078 -0.739655 0.249477 -0.625037 0.621254 -0.103981 -0.776680
-163.942929 -731.323347 -65066.503534 -291744.455118 0.660546 0.748120 0.063204 -0.394652 0.417599 -0.818450 0.638693 -0.515681 -0.571091
30.098263 -41.541417 7132.588092 343.978116 0.414870 0.859926 0.297338 0.791307 -0.179690 -0.584419 -0.449128 0.477743 -0.755013
27.895775 -43.408129 7721.181319 -603.800653 0.433059 0.850008 0.299910 -0.735723 0.141111 0.662419 -0.520741 0.507518 -0.686480
37.143950 -43.027286 3233.402714 -7.577043 0.350412 0.904006 0.244916 -0.780820 0.137555 0.609426 -0.517235 0.404785 -0.754067
14.361881 -43.691364 6170.665711 -1575.948627 -0.326237 0.939648 -0.103105 0.677928 0.308583 0.667225 -0.658774 -0.147776 0.737685
28.872169 -44.539914 10520.943809 3861.557522 -0.310997 0.946091 -0.090516 0.667523 0.285230 0.687791 -0.676531 -0.153479 0.720243
11.461579 -50.380675 3622.156836 2694.416068 -0.346612 0.933821 -0.088534 0.614069 0.297246 0.731139 -0.709069 -0.199056 0.676460
0.546756 -50.639646 1751.265217 -1852.985536 -0.318873 0.945281 -0.069026 0.650841 0.271328 0.709075 -0.689004 -0.181180 0.701746
3.851244 -54.857628 843.334372 728.038274 -0.355493 0.932503 -0.063742 0.561430 0.267559 0.783077 -0.747276 -0.242591 0.618650
12.779503 -54.827487 1957.745429 3313.921065 -0.382607 0.920797 -0.075794 0.530074 0.285965 0.798277 -0.756725 -0.265250 0.597503
9.026543 -53.112145 -1016.030017 -4000.542693 -0.393341 0.919128 -0.022059 -0.009604 0.019884 0.999756 -0.919342 -0.393457 -0.001006
7.135395 -50.054912 -1248.377555 799.268340 -0.398574 0.917122 -0.005192 -0.047026 -0.014782 0.998784 -0.915930 -0.398333 -0.049020
8.699992 -50.085615 -251.699148 187.751546 -0.358220 0.932437 -0.047324 -0.042301 0.034427 0.998512 -0.932678 -0.359689 -0.027111
10.392403 -50.270230 -1182.162002 -1708.694185 -0.384383 0.920962 -0.063868 0.043301 0.087093 0.995259 -0.922158 -0.379795 0.073356
14.405721 -78.528578 -3339.779884 -3340.038026 -0.296786 0.953992 -0.042627 -0.374325 -0.075154 0.924247 -0.878521 -0.290260 -0.379408
24.475737 -80.400642 -5017.632241 -778.056753 -0.269429 0.962607 -0.028209 -0.325991 -0.063603 0.943231 -0.906166 -0.263330 -0.330938
16.815577 -76.750904 -4239.309343 492.266386 -0.308293 0.950878 -0.028025 -0.206768 -0.038224 0.977643 -0.928548 -0.307195 -0.208396
10.896998 -73.418530 -2112.577033 4689.841648 -0.303859 0.952210 -0.031092 -0.061032 0.013113 0.998050 -0.950760 -0.305164 -0.054130
6.632558 -74.546840 -1128.354630 -514.643710 -0.303752 0.952143 -0.034042 -0.216882 -0.034309 0.975595 -0.927738 -0.303721 -0.216924
-11.247706 -87.731051 -1356.304856 -1009.661037 -0.099926 0.991065 0.088347 0.515274 -0.024414 0.856678 -0.851180 -0.131127 0.508230
-9.240040 -84.833800 -2978.994693 249.845739 -0.137487 0.985286 0.101528 0.413719 -0.036008 0.909692 -0.899963 -0.167075 0.402681
-8.789161 -90.950863 -2963.917780 -1298.982379 -0.125263 0.984504 0.122720 0.524129 -0.039358 0.850729 -0.842377 -0.170886 0.511077
-10.414681 -95.428443 -1118.869194 -3458.846990 -0.083640 0.990169 0.112119 0.677017 -0.026095 0.735504 -0.731199 -0.137424 0.668179
-4.984644 -101.297023 -2067.262370 -2472.678310 -0.119016 0.981974 0.146841 0.611644 -0.043989 0.789909 -0.782129 -0.183827 0.595383
-8.612590 -92.530961 -2401.335238 -3430.652009 -0.104450 0.985692 0.132292 0.636023 -0.036058 0.770827 -0.764569 -0.164654 0.623156
-13.558052 -38.049368 -1460.461196 -310.690330 -0.297230 0.944241 0.141641 -0.557012 -0.291965 0.777492 -0.775495 -0.152198 -0.612735
-11.500951 -39.943185 -2266.559700 -902.729031 -0.354790 0.924698 0.138051 -0.549283 -0.325642 0.769575 -0.756579 -0.197209 -0.623455
-13.198202 -40.724620 -1881.471317 4511.733662 -0.370302 0.898724 0.234885 -0.390050 -0.379926 0.838759 -0.843053 -0.218977 -0.491235
-11.376125 -40.694572 -1918.467862 -5166.952141 -0.261524 0.963000 0.065085 -0.696753 -0.235022 0.677717 -0.667938 -0.131891 -0.732437
-13.474787 -35.924295 1312.117036 2297.065868 -0.296330 0.925419 0.236193 -0.456681 -0.354489 0.815953 -0.838827 -0.133927 -0.527667
-13.902005 -36.099096 977.280062 -2165.598335 -0.246837 0.956122 0.157806 -0.617925 -0.280739 0.734407 -0.746485 -0.083766 -0.660109
-12.522333 -48.135265 -2142.609496 -124.615385 -0.270739 0.926490 0.261373 0.213309 -0.207026 0.954798 -0.938722 -0.314254 0.141579
-13.849777 -48.440158 -1678.189380 36.362836 -0.242825 0.916902 0.316742 0.328145 -0.229628 0.916292 -0.912884 -0.326437 0.245118
-15.486744 -45.087639 -1624.836296 -385.675506 -0.242080 0.946985 0.211225 0.246204 -0.150620 0.957443 -0.938499 -0.283783 0.196689
-13.048151 -42.087874 1821.742232 514.057455 -0.239192 0.970967 0.003173 0.123999 0.027305 0.991907 -0.963022 -0.237649 0.126930
-12.819668 -45.730850 -1192.017392 86.059887 -0.260118 0.956721 0.130473 0.139934 -0.096347 0.985462 -0.955383 -0.274594 0.108816
-15.885492 -40.403940 469.780489 -169.666527 -0.230317 0.971767 0.051209 0.213512 -0.000877 0.976940 -0.949403 -0.235939 0.207282
-8.246489 -38.612199 24.590851 2380.858799 -0.199563 0.978593 0.050302 0.979831 0.198748 0.020764 0.010322 0.053432 -0.998518
-8.783434 -43.196951 340.536406 -807.684172 -0.229020 0.971520 0.060811 0.972138 0.225064 0.065522 0.049969 0.074123 -0.995996
-8.733262 -42.530612 -782.349061 -702.684356 -0.195130 0.980344 0.029138 -0.978658 -0.192670 -0.071466 0.064447 0.042462 -0.997017
-8.294353 -38.476969 -1079.792923 -3599.949380 -0.187418 0.982109 0.018333 -0.981966 -0.186854 -0.028772 0.024832 0.023395 -0.999418
-7.533107 -41.713820 -1019.148014 -2197.921809 -0.230909 0.972968 -0.003702 -0.969786 -0.230459 -0.080020 0.078710 0.014887 -0.996786
-8.012840 -40.397501 -823.807892 3100.493639 -0.273132 0.961924 0.010017 -0.955869 -0.270212 -0.115321 0.108223 0.041073 -0.993278
-34.966359 -42.743980 -9.432316 1029.776616 0.250714 0.912317 0.323759 -0.521058 -0.154686 0.839387 -0.815868 0.379143 -0.436588
-33.566616 -43.727574 1949.387139 99.066141 0.268452 0.896743 0.351833 -0.610981 -0.123868 0.781895 -0.744739 0.424864 -0.514640
-33.454536 -43.202830 -1165.037388 323.543664 0.181836 0.931419 0.315270 -0.601615 -0.148230 0.784913 -0.777815 0.332396 -0.533402
-31.649011 -44.487214 789.109152 -418.439713 0.222602 0.906668 0.358331 -0.702874 -0.105451 0.703455 -0.675586 0.408452 -0.613800
-32.607107 -40.708648 -2133.522012 797.419165 0.247401 0.956435 0.155000 -0.437097 -0.032600 0.898823 -0.864719 0.290120 -0.409989
-30.541628 -44.184623 -1214.599709 2.683626 0.110738 0.936219 0.333514 -0.709760 -0.160403 0.685938 -0.695685 0.312675 -0.646728
-30.660384 -41.094092 -3136.967683 1268.450092 0.169966 0.964914 0.200132 -0.513148 -0.086719 0.853908 -0.841303 0.247833 -0.480405
-30.388044 -41.686117 -2944.909211 819.461587 0.104492 0.953003 0.284370 -0.613467 -0.163291 0.772654 -0.782777 0.255188 -0.567574
10.670791 -41.636876 -127.456206 2375.349681 0.798642 -0.400327 0.449343 0.333317 0.915920 0.223587 -0.501070 -0.028792 0.864927
5.059359 -43.853381 322.988738 -3149.034790 0.785157 -0.471119 0.401964 0.314028 0.862303 0.397265 -0.533774 -0.185687 0.824988
3.751649 -39.843494 -592.223621 -4712.794119 0.813369 -0.347172 0.466801 0.180925 0.913577 0.364202 -0.552899 -0.211775 0.805887
9.850263 -33.170709 -791.287614 4488.819123 0.823632 -0.280314 0.493006 0.256687 0.959425 0.116683 -0.505710 0.030445 0.862166
1.636985 -32.767690 -1997.144367 -1323.577011 0.813104 -0.189855 0.550289 0.098286 0.976523 0.191682 -0.573761 -0.101772 0.812675
-1.497898 -29.308616 578.337799 -763.918858 0.107296 0.994158 0.011697 -0.234907 0.013918 0.971918 -0.966078 0.107031 -0.235028
-3.652934 -30.224600 1579.640984 -472.076022 0.098335 0.993202 0.062297 -0.249409 -0.036005 0.967729 -0.963393 0.110699 -0.244173
-4.147189 -30.475501 800.876094 -610.134955 0.096128 0.993620 0.058984 -0.179604 -0.040970 0.982885 -0.979031 0.105077 -0.174520
20.705304 -147.530155 -684.735921 794.012834 -0.077741 0.996424 -0.033086 0.996934 0.077990 0.006295 0.008852 -0.032496 -0.999433
22.520798 -128.126715 -698.379570 -10454.656998 -0.073597 0.997087 0.020045 -0.996729 -0.074214 0.031997 -0.033392 0.017625 -0.999287
22.106755 -134.060396 934.175767 3238.568043 -0.050550 0.998201 0.032249 -0.964368 -0.057182 0.258312 -0.259691 0.018042 -0.965523
26.259359 -136.396113 -1012.751519 -6722.688833 -0.108962 0.994038 0.003936 -0.979040 -0.106631 -0.173522 0.172068 0.022761 -0.984822
25.500934 -167.136636 -1027.368549 7669.908505 -0.116563 0.992378 -0.039980 -0.956408 -0.123008 -0.264864 0.267764 -0.007364 -0.963457
25.397436 -96.089451 246.159323 4494.949619 0.719186 -0.515291 -0.466098 0.690585 0.456177 0.561245 0.076581 0.725519 -0.683928
21.779459 -103.417630 986.326452 12253.890012 0.743608 -0.450967 -0.493635 0.667703 0.462296 0.583485 0.034927 0.763486 -0.644879
5.906041 -276.461247 1436.954418 80602.037516 0.884562 -0.277652 -0.374780 0.457689 0.671472 0.582791 -0.089841 0.687047 -0.721037
-32.573483 -71.665548 -1841.267985 8942.157045 0.435221 0.725121 0.533650 -0.201212 0.656078 -0.727376 0.877551 -0.209192 -0.431442
-26.079976 -56.383868 -3835.855739 18421.114051 -0.434192 -0.620146 -0.653373 -0.352821 0.784434 -0.510079 0.828851 0.009051 -0.559396
-23.840554 -78.560429 5484.071527 10051.008618 0.312280 0.799742 0.512733 -0.255039 0.590488 -0.765689 0.915115 -0.108342 -0.388363
-79.022165 -548.185231 -8852.073255 -244343.744427 -0.373700 -0.913401 -0.161392 0.907479 -0.324036 -0.267363 0.191913 -0.246373 0.949984
-51.242442 -172.187160 3342.816470 -64927.306086 -0.325448 -0.842740 -0.428803 0.810711 -0.015293 -0.585247 0.486654 -0.538103 0.688196
-70.386980 -200.523783 8226.902076 -78209.603676 0.377017 0.915780 0.138582 0.736285 -0.205561 -0.644693 0.561910 -0.345096 0.751775
-96.539983 -298.312684 -14735.905389 98752.018914 0.360865 0.851392 0.380667 0.250019 0.304913 -0.918977 0.898480 -0.426801 0.102832
-17.121929 -43.517962 -2382.567658 73.153734 0.564544 0.824772 -0.032273 0.823340 -0.565465 -0.048579 0.058316 -0.000853 0.998298
-18.131014 -39.632288 -1868.509985 -1920.888158 0.706995 0.701946 -0.086195 -0.686598 0.710481 0.154276 0.169534 -0.049891 0.984261
-22.981792 -41.633118 -2166.055073 -453.099511 0.668259 0.738040 -0.093418 0.739324 -0.672816 -0.026809 0.082639 0.051151 0.995266
-24.794375 -39.871652 -502.351557 123.465322 0.808641 0.566983 -0.156937 -0.570408 0.820926 0.026738 0.143993 0.067897 0.987247
-22.919619 -42.325094 2485.460448 -1063.348180 -0.550119 -0.831789 0.074137 0.835084 -0.548150 0.046540 0.001927 0.087513 0.996161
-28.969995 -39.624792 -1024.604948 -1495.345740 0.753348 0.641999 -0.142490 0.654850 -0.752223 0.073013 0.060310 0.148314 0.987100
6.690947 -48.675726 -10495.510201 -1393.179820 0.659151 -0.511019 0.551706 0.334159 -0.458199 -0.823645 -0.673690 -0.727264 0.131261
0.752712 -49.098255 -8127.303648 -2989.622757 0.706521 -0.534730 0.463565 0.315148 -0.348771 -0.882633 -0.633648 -0.769690 0.077895
-16.095293 -49.541801 990.260916 -2889.417634 0.799252 -0.530644 0.282157 0.142560 -0.288689 -0.946750 -0.583843 -0.796916 0.155087
35.456287 -53.222050 -24289.458137 -2910.183083 0.612020 -0.550846 0.567451 0.426715 -0.374101 -0.823385 -0.665842 -0.746068 -0.006097
-17.745774 -44.649186 -777.609024 -599.893705 0.745942 -0.503550 0.435899 0.190373 -0.465976 -0.864074 -0.638223 -0.727533 0.251728
-3.599638 -45.725633 -7407.959353 538.750982 0.656859 -0.463705 0.594570 -0.284011 0.578307 0.764787 -0.698479 -0.671222 0.248169
9.932709 -46.913120 -15450.365460 258.922641 0.600834 -0.479557 0.639549 -0.350785 0.560740 0.750013 -0.718295 -0.674978 0.168690
61.904520 -53.979206 -26300.202650 -2417.631765 0.563389 -0.492852 0.663091 0.476214 -0.462134 -0.748099 -0.675139 -0.737244 0.025658
46.253372 -51.669654 -22746.411597 675.030177 0.563807 -0.465201 0.682429 -0.424963 0.545103 0.722682 -0.708186 -0.697460 0.109640
-8.834471 -63.436184 -491.204078 1227.711712 -0.407391 0.543880 0.733640 -0.534915 0.508996 -0.674380 0.740202 0.667171 -0.083569
-7.443751 -61.081605 -1426.975813 -7043.043354 -0.399229 0.573105 0.715658 -0.572019 0.454321 -0.682925 0.716527 0.682013 -0.146449
-8.786744 -58.335517 -500.026517 -7117.819110 -0.426872 0.553072 0.715466 -0.567153 0.452498 -0.688174 0.704356 0.699541 -0.120518
-6.273965 -65.922536 -1088.345459 366.203479 -0.373086 0.566775 0.734557 -0.555312 0.497838 -0.666172 0.743260 0.656448 -0.129001
-8.744304 -65.965625 -1596.215650 6187.605828 -0.367328 0.556270 0.745409 -0.516712 0.544331 -0.660842 0.773356 0.627908 -0.087484
10.965710 -45.736512 167.241416 682.460894 0.339997 -0.326179 -0.882048 0.883882 0.431157 0.181263 0.321177 -0.841256 0.434896
9.952401 -45.919203 -3728.047859 875.214336 0.349675 -0.384194 -0.854472 0.882361 0.441617 0.162525 0.314908 -0.810783 0.493420
10.163661 -47.514642 -435.040088 1174.948218 0.336665 -0.365939 -0.867609 0.826684 0.556013 0.086271 0.450832 -0.746283 0.489706
6.968797 -45.345481 1592.589833 1510.264981 0.321804 -0.288027 -0.901933 0.835084 0.535258 0.127021 0.446181 -0.794065 0.412775
8.431838 -46.552916 4967.419722 725.783147 0.311233 -0.259097 -0.914332 0.895610 0.401739 0.191018 0.317830 -0.878336 0.357085
-38.752905 -89.817915 -6729.392665 -5424.112371 0.671389 0.664233 0.328682 0.066055 0.388104 -0.919246 0.738156 -0.638882 -0.216693
-47.029327 -86.182226 -2274.095722 -8873.575076 0.552873 0.718595 0.421844 0.175804 0.394265 -0.902025 0.814509 -0.572867 -0.091647
-36.415460 -76.737860 -4046.697229 -5962.356750 0.627423 0.665828 0.403749 0.271764 0.298662 -0.914847 0.729715 -0.683721 -0.006439
-24.282942 -84.177124 -6109.084508 -3896.576446 0.702692 0.614053 0.359392 0.187172 0.327791 -0.926023 0.686433 -0.717977 -0.115403
-25.464800 -74.052296 -3661.048493 -1113.065626 0.632025 0.607419 0.481233 0.439751 0.230207 -0.868115 0.638093 -0.760294 0.121616
-36.674805 -64.901647 -238.780668 -1178.808128 0.501918 0.657309 0.562160 0.448119 0.358293 -0.819033 0.739775 -0.663002 0.114719
-1.919192 -117.898614 -964.765807 2090.982216 0.477793 0.537620 0.694750 -0.169428 0.832409 -0.527626 -0.861979 0.134386 0.488808
-0.758437 -117.083935 -230.225619 -155.028916 0.476652 0.550966 0.685011 -0.097103 0.807455 -0.581883 -0.873713 0.210839 0.438375
-0.473439 -132.598197 -1019.427144 9790.117557 0.474409 0.508612 0.718505 -0.275531 0.860982 -0.427543 -0.836073 0.004860 0.548596
-1.706282 -131.053631 -1207.808716 7078.148206 0.483989 0.492734 0.723165 -0.360650 0.865272 -0.348190 -0.797300 -0.092290 0.596486
-3.112683 -119.912755 -928.069025 6931.142133 0.480979 0.516714 0.708284 -0.239821 0.854597 -0.460597 -0.843294 0.051676 0.534962
-3.425359 -107.712507 -1097.662871 172.531450 0.466954 0.573379 0.673194 -0.061537 0.780514 -0.622102 -0.882138 0.249067 0.399749
9.308686 -44.364472 -19110.553755 -182.650873 0.607842 0.704927 -0.365521 -0.256305 -0.261506 -0.930550 0.751555 -0.659312 -0.021722
-21.392495 -57.715733 -9881.980262 2688.408229 0.450494 0.593130 -0.667272 -0.395762 -0.537288 -0.744778 0.800268 -0.599599 0.007306
-16.477733 -52.875313 -8179.601898 -2305.632531 0.441362 0.559362 -0.701651 0.328202 0.627124 0.706399 0.835154 -0.542061 0.093205
-33.882176 -68.686656 -5150.117509 -1903.215813 0.268249 0.425591 -0.864243 0.401252 0.766238 0.501872 0.875808 -0.481405 0.034773
-30.316250 -65.921932 -5236.894181 -1219.534116 0.270876 0.314499 -0.909789 0.306070 0.867937 0.391159 0.912659 -0.384415 0.138845
-18.643493 -57.497498 -4687.360904 -514.435034 0.333907 0.349226 -0.875527 0.276453 0.851709 0.445158 0.901155 -0.390683 0.187847
64.999488 -20.536394 -6690.842148 -562.886865 0.786344 -0.605774 0.121253 0.123045 0.345907 0.930166 0.605412 0.716510 -0.346539
54.381118 -18.625763 -1419.803362 420.806547 0.829697 -0.535664 0.157057 0.081062 0.393993 0.915532 0.552297 0.746883 -0.370317
62.482496 -20.352006 -11185.473105 -506.991938 0.773066 -0.631597 0.058772 0.204403 0.335750 0.919506 0.600490 0.698826 -0.388657
57.436930 -22.993277 338.545149 -152.837102 0.850025 -0.496340 0.176364 0.021911 0.367848 0.929628 0.526287 0.786342 -0.323556
65.803463 -26.188979 -2113.682720 -697.543132 0.789663 -0.585197 0.184329 0.038799 0.347463 0.936891 0.612313 0.732676 -0.297083
2.350997 -120.770032 260.288548 -6017.086701 0.636896 -0.264674 -0.724093 -0.132786 0.887526 -0.441209 0.759428 0.377154 0.530117
3.006020 -123.992097 116.197675 -4738.600666 0.650399 -0.271538 -0.709400 -0.284537 0.778829 -0.558985 0.704287 0.565414 0.429287
2.282760 -118.299349 -505.574439 -4013.076758 0.654234 -0.264027 -0.708709 -0.230868 0.822633 -0.519591 0.720193 0.503553 0.477239
-7.624977 -44.652803 3613.619853 -1695.814005 0.878638 -0.417605 -0.231522 -0.234872 0.044169 -0.971022 -0.415730 -0.907555 0.059275
-6.503584 -42.202584 1896.281426 663.172957 0.840006 -0.417622 -0.346384 -0.334479 0.104095 -0.936637 -0.427217 -0.902638 0.052246
-12.576850 -42.832633 976.087421 -40.450080 0.863959 -0.459547 -0.205890 -0.269694 -0.076985 -0.959864 -0.425252 -0.884811 0.190449
-11.709617 -43.288162 2835.198137 -1648.727466 0.881863 -0.445379 -0.154772 -0.202071 -0.060416 -0.977506 -0.426010 -0.893301 0.143276
16.348396 -221.915333 12318.193017 -20176.718305 0.002340 -0.271651 0.962393 0.991635 0.124832 0.032825 -0.129054 0.954266 0.269671
68.407820 -216.524553 30055.509476 -24304.310021 -0.157146 -0.296690 0.941955 0.929889 0.276759 0.242304 -0.332584 0.913991 0.232397
17.457086 -232.569121 9493.952396 -16181.290625 -0.174337 -0.226397 0.958306 0.984378 -0.064431 0.163858 0.024648 0.971902 0.234092
63.688401 -206.516302 14426.540064 -19731.648147 -0.383463 -0.129851 0.914382 0.894826 0.192792 0.402640 -0.228568 0.972610 0.042266
-7.337996 -208.361077 7446.219028 -3260.683926 -0.006020 -0.233462 0.972347 0.970882 -0.234235 -0.050229 0.239484 0.943732 0.228074
-8.078830 -209.000324 3231.979536 -12499.333760 -0.217006 -0.160768 0.962841 0.917783 -0.369607 0.145137 0.332539 0.915175 0.227757
-8.965476 -208.890735 6613.566889 6854.009500 -0.099612 -0.189128 0.976887 0.891755 -0.452506 0.003325 0.441419 0.871475 0.213731
11.102809 -214.755923 5847.547855 -7503.987803 -0.357336 -0.106714 0.927859 0.924756 -0.179674 0.335476 0.130913 0.977921 0.162889
-18.179917 -104.758218 937.270104 -6406.163411 0.702671 -0.400735 -0.587933 -0.188746 0.691724 -0.697060 0.686024 0.600774 0.410417
-21.981308 -89.421929 1200.541870 -6650.435435 0.712898 -0.393859 -0.580216 -0.032688 0.807819 -0.588523 0.700505 0.438523 0.563019
-18.423736 -93.273677 1260.213692 -6626.776466 0.675121 -0.393106 -0.624244 -0.098092 0.790844 -0.604106 0.731157 0.469077 0.495355
109.567947 -1646.829309 44575.389358 -662070.130918 0.844532 0.060857 0.532036 -0.272915 0.903727 0.329840 -0.460743 -0.423761 0.779835
30.924317 -808.107871 23867.432352 48192.714945 0.871012 -0.062119 0.487318 0.063321 0.997895 0.014027 -0.487163 0.018640 0.873112
-2.001357 -1420.087095 15371.618889 624641.039279 0.859751 0.140699 0.490951 0.384754 -0.810595 -0.441475 -0.335847 -0.568453 0.751044
66.803285 -754.245144 1941.454299 98150.653176 0.660174 -0.069607 0.747880 0.137783 0.990024 -0.029482 -0.738367 0.122508 0.663179
100.310970 -970.273187 -9422.371964 -343084.584810 0.617842 0.066096 0.783519 -0.372965 0.901867 0.218021 -0.692219 -0.426928 0.581863
94.411056 -645.374905 18878.096732 214635.264968 0.653713 0.083633 0.752107 0.622959 -0.623731 -0.472103 -0.429629 -0.777152 0.459842
-879.443838 -3368.456199 329718.823433 1471200.484641 -0.552431 -0.514055 0.656176 -0.617255 0.781315 0.092426 -0.560192 -0.353969 -0.748926
60.656197 -18055.669525 -64081.287360 -8431859.422894 -0.202369 -0.158149 0.966455 -0.377450 0.923224 0.072039 -0.903647 -0.350210 -0.246525
7.405625 -21499.290057 33578.896591 -16858908.083708 -0.289385 -0.092186 -0.952763 -0.451417 0.890859 0.050913 0.844084 0.444827 -0.299416
8432.258858 -1055.301155 28305603.610084 -357463.142172 0.907577 -0.333772 -0.254755 0.007427 0.619392 -0.785047 -0.419820 -0.710599 -0.564625
-810.461874 -3441.065756 350823.583578 11584184.165623 0.011496 0.197107 -0.980315 0.946857 0.313017 0.074040 0.321449 -0.929069 -0.183033
-4.165805 -68.191552 -120.489763 -100.673010 -0.655553 0.365884 0.660590 -0.202513 0.757557 -0.620561 -0.727488 -0.540588 -0.422523
-3.056710 -65.721340 357.029030 1437.745704 -0.652051 0.362324 0.665997 -0.061492 0.850253 -0.522770 -0.755678 -0.381826 -0.532128
-4.766120 -68.204016 813.461049 139.712260 -0.650902 0.353642 0.671761 -0.226104 0.754408 -0.616234 -0.724709 -0.552996 -0.411086
-5.591060 -67.398794 34.804524 -1030.929440 -0.654860 0.365467 0.661508 -0.327134 0.651972 -0.684044 -0.681280 -0.664355 -0.307393
-4.159477 -112.905588 1388.724558 -10675.703158 0.703154 0.438575 0.559666 0.562468 0.138425 -0.815149 0.434976 -0.887970 0.149351
-2.715793 -118.657075 -458.001140 -11080.633713 0.712885 0.410193 0.568803 0.529352 0.217253 -0.820114 0.459979 -0.885744 0.062260
-2.949059 -126.198310 674.451623 -6607.960754 0.714089 0.435882 0.547799 0.400174 0.387897 -0.830299 0.574402 -0.812122 -0.102564
-4.681547 -103.675546 264.729343 -10612.366027 0.692514 0.408336 0.594715 0.646826 0.013580 -0.762517 0.319439 -0.912731 0.254718
-3.067256 -103.875786 -139.150758 -8076.998293 0.691062 0.416304 0.590868 0.639838 0.027913 -0.768002 0.336215 -0.908797 0.247078
-4.172738 -97.893399 1946.525334 -7446.223394 0.684337 0.427282 0.590857 0.660824 -0.020913 -0.750250 0.308212 -0.903876 0.296670
2.029724 -20.593877 98.782435 868.638415 0.659324 -0.147778 0.737193 0.213548 0.976921 0.004844 -0.720895 0.154232 0.675665
3.832888 -23.319945 -420.906588 234.435533 0.660922 -0.145503 0.736214 0.160345 0.985749 0.050875 -0.733125 0.084424 0.674834
0.605984 -20.563543 -1030.696742 556.554270 0.637717 -0.216379 0.739254 0.259705 0.963938 0.058110 -0.725169 0.154930 0.670915
-0.798077 -18.495964 -442.890117 1043.641516 0.639631 -0.210789 0.739216 0.295735 0.955128 0.016463 -0.709517 0.208082 0.673267
-0.428231 -18.530043 -208.655346 1308.870540 0.662770 -0.116465 0.739711 0.237589 0.969496 -0.060233 -0.710132 0.215668 0.670224
-57.286530 -87.810721 968.191093 -8869.864254 0.623652 0.735335 0.265218 0.762333 -0.497063 -0.414459 -0.172936 0.460663 -0.870565
-51.141725 -76.664138 707.004950 -3702.860914 0.190004 0.859281 0.474904 0.963573 -0.070480 -0.257991 -0.188215 0.506624 -0.841372
-40.819456 -65.997279 -526.569798 -4076.914008 -0.080523 0.790744 0.606827 0.949535 0.246015 -0.194579 -0.303150 0.560536 -0.770649
-3.773959 -20.894788 443.826046 -376.681053 0.598609 0.754327 0.269552 0.787107 -0.616385 -0.023053 0.148758 0.225966 -0.962710
1.470196 -19.137001 2606.627190 77.782744 0.387144 0.875875 0.288032 0.912794 -0.408170 0.014316 0.130105 0.257372 -0.957514
-3.233104 -20.394328 2333.022619 -830.358925 0.422903 0.860798 0.283161 0.887572 -0.456471 0.062056 0.182672 0.225082 -0.957063
4.881678 -19.971793 3526.342903 -1565.944978 0.245883 0.930857 0.270274 0.952069 -0.284274 0.112926 0.181949 0.229553 -0.956138
-0.982573 -24.533581 3459.916118 2024.924266 0.244255 0.931937 0.268015 -0.944482 0.291268 -0.152040 0.219756 0.215999 -0.951342
-6.147405 -22.780104 -128.393273 1167.093260 0.705260 0.658062 0.263746 -0.686715 0.726546 0.023509 0.176153 0.197698 -0.964306
-9.037705 -23.548901 -119.160774 1571.781111 0.660021 0.698021 0.277740 -0.722508 0.691078 -0.019862 0.205804 0.187560 -0.960451
-10.934296 -24.195114 1880.322248 1255.148846 0.452190 0.847482 0.278025 -0.857937 0.498515 -0.124205 0.243861 0.182364 -0.952510
-10.830738 -43.144317 -2375.455609 1150.470188 -0.050033 0.977511 0.204861 -0.813755 -0.158822 0.559088 -0.579051 0.138734 -0.803401
-14.914265 -42.207000 -2663.184334 1446.217722 -0.021941 0.979927 0.198144 -0.743668 -0.148459 0.651857 -0.668189 0.133051 -0.731998
-15.188579 -44.538864 -3464.624896 1214.336118 -0.050254 0.975369 0.214777 -0.817017 -0.163833 0.552849 -0.574420 0.147693 -0.805127
-14.846890 -45.703324 -3290.071208 410.053097 -0.073428 0.972544 0.220830 -0.883192 -0.166261 0.438553 -0.463228 0.162833 -0.871152
-7.527983 -44.690899 -1566.318183 924.534259 -0.073344 0.973599 0.216161 -0.868839 -0.168789 0.465434 -0.489632 0.153672 -0.858281
-11.267737 -43.968311 -763.822243 3027.796940 -0.384201 0.894426 0.228893 -0.383571 -0.380148 0.841642 -0.839799 -0.235562 -0.489129
-10.126561 -43.443659 2.245843 -1964.393614 -0.376598 0.911221 0.166883 -0.533942 -0.360723 0.764712 -0.757021 -0.198883 -0.622387
-9.063294 -41.894761 -1762.233149 -4883.424563 -0.320350 0.943060 0.089524 -0.682820 -0.295381 0.668212 -0.656607 -0.152933 -0.738565
-10.281534 -49.947892 -881.141186 33.237698 -0.275809 0.912340 0.302598 0.270226 -0.228516 0.935285 -0.922446 -0.339730 0.183511
-11.258675 -49.044744 -849.945136 591.344376 -0.262282 0.906462 0.330960 0.385202 -0.216111 0.897171 -0.884775 -0.362799 0.292489
-4.842083 -121.683504 2025.034108 583.012250 -0.347399 -0.308118 -0.885651 0.088828 0.929415 -0.358187 0.933501 -0.203105 -0.295508
-6.905381 -128.805732 1644.501916 -1803.039431 -0.348877 -0.326678 -0.878389 -0.146805 0.944758 -0.293053 0.925599 0.026713 -0.377562
-5.886609 -114.035984 1092.702757 -238.548216 -0.333977 -0.327902 -0.883708 -0.085241 0.944205 -0.318135 0.938719 -0.030922 -0.343293
637.621752 -523.131143 410809.970751 40642.966071 0.909870 0.105023 -0.401381 0.206053 0.725304 0.656869 -0.360109 0.680371 -0.638292
-129.232982 -1230.693171 64956.226832 -392506.440249 -0.856589 -0.372331 -0.357246 -0.272011 0.914158 -0.300543 0.438480 -0.160268 -0.884336
111.062944 -812.494657 -26819.866898 298614.954500 -0.381888 0.227781 0.895699 0.911271 0.254397 0.323832 -0.154100 0.939892 -0.304722
-38.769893 -181.062671 3548.534530 11314.951498 -0.059949 0.304426 0.950647 0.801529 0.582302 -0.135925 -0.594943 0.753823 -0.278915
15.562186 -12.086334 -3859.881410 -4864.572536 -0.658983 0.721888 -0.211230 0.371320 0.556456 0.743289 -0.654112 -0.411381 0.634747
13.614973 1.244110 6403.459718 -5980.166626 0.763496 -0.563668 0.315201 0.210590 0.678689 0.703586 -0.610513 -0.470807 0.636879
24.732143 -5.490371 -5385.733095 -10745.309365 -0.664816 0.702295 -0.254561 0.276892 0.548176 0.789198 -0.693794 -0.454186 0.558896
4.924616 -8.502544 2183.105520 -1429.015520 0.741488 -0.558237 0.372246 0.238825 0.738041 0.631077 -0.627023 -0.379034 0.680569
18.205786 -23.418538 -2838.346673 -4025.188450 -0.500911 0.856112 -0.127124 0.494498 0.403634 0.769773 -0.710324 -0.322726 0.625530
11.808149 -21.949879 -3615.557916 -710.747467 -0.565499 0.811320 -0.148227 0.506066 0.483253 0.714397 -0.651235 -0.328978 0.683861
8.756535 -17.996179 -2447.278541 -434.196077 -0.678404 0.676989 -0.285402 0.360245 0.645082 0.673864 -0.640306 -0.354337 0.681508
-7.223462 -31.560976 1868.797499 -731.623393 0.082121 0.988611 0.126114 -0.188744 -0.108824 0.975978 -0.978587 0.103952 -0.177658
-5.992493 -29.764299 2048.663392 111.949946 0.090572 0.993812 0.064308 -0.303989 -0.033903 0.952072 -0.948361 0.105780 -0.299037
-9.167064 -31.374277 2705.655509 -857.935065 0.076772 0.990046 0.117961 -0.249384 -0.095482 0.963686 -0.965357 0.103402 -0.239571
30.477565 -126.294795 -2522.115830 -9278.791250 -0.163339 0.985740 0.040462 -0.976243 -0.155574 -0.150820 0.142374 0.064135 -0.987733
22.805807 -118.407605 -668.466602 -6570.808726 -0.097435 0.992342 0.075919 -0.987216 -0.106036 0.119001 -0.126139 0.063354 -0.989987
6.081449 -25.410058 -3176.700954 3252.253155 0.015157 0.999337 0.033114 -0.695958 0.034323 -0.717262 0.717923 0.012174 -0.696016
1.203950 -32.995632 -2885.579813 4060.999239 -0.020015 0.999773 0.007336 -0.643366 -0.007262 -0.765524 0.765297 0.020042 -0.643366
7.575990 -33.191597 -2711.080425 3802.310758 -0.011275 0.999746 0.019507 -0.646777 0.007586 -0.762642 0.762596 0.021215 -0.646527
-6.320440 -56.349357 14573.888617 21833.374818 0.253608 0.782349 0.568871 -0.475688 0.612941 -0.630891 0.842261 0.110606 -0.527601
-65.005192 -440.240447 1030.437372 -201646.584163 -0.290932 -0.839011 -0.459804 0.952205 -0.207165 -0.224471 0.093078 -0.503134 0.859181
-48.228045 -180.804265 10329.405985 -59350.532032 -0.256250 -0.744618 -0.616345 0.853466 0.125060 -0.505921 0.453798 -0.655671 0.603459
-115.487216 -305.414316 -1783.259781 124874.036085 0.387095 0.823816 0.414106 0.267084 0.329681 -0.905526 0.882510 -0.461126 0.092410
-10.578204 -38.035257 -1777.687581 3434.797858 0.614520 0.788132 -0.034835 0.759635 -0.603061 -0.243459 0.212885 -0.123148 0.969286
-11.474059 -33.754034 -1707.281388 -3033.488780 0.774487 0.623460 -0.107084 -0.583143 0.769256 0.261131 0.245180 -0.139797 0.959345
-12.265685 -43.091200 -2060.779944 1814.787588 0.529786 0.848128 -0.002290 0.838683 -0.524283 -0.147440 0.126249 -0.076191 0.989068
5.437299 -54.173388 -7614.545250 -2628.594900 0.735053 -0.548485 0.398575 0.322869 -0.233763 -0.917121 -0.596199 -0.802820 -0.005261
-7.113359 -56.615303 -1699.751831 959.341357 -0.414483 0.589254 0.693530 0.670177 -0.317933 0.670657 0.615684 0.742764 -0.263126
-8.536890 -56.303274 -661.733690 489.354032 -0.443572 0.561312 0.698693 0.659416 -0.323567 0.678583 0.606971 0.761730 -0.226613
-8.272880 -61.655943 -1045.444208 -6606.179697 -0.440773 0.568736 0.694448 0.764342 -0.167833 0.622586 0.470638 0.805215 -0.360732
-4.435187 -59.839658 -1071.041361 2596.924721 -0.378867 0.580468 0.720775 0.623487 -0.415457 0.662313 0.683903 0.700322 -0.204512
-5.055289 -58.581995 -966.299647 -3301.939319 -0.409627 0.583014 0.701641 0.761573 -0.204867 0.614846 0.502207 0.786209 -0.360089
11.053677 -45.933642 -381.577968 962.493692 0.329761 -0.381762 -0.863432 0.867420 0.483502 0.117506 0.372612 -0.787708 0.490588
-50.643690 -103.951715 -3762.582643 -7995.288229 0.568644 0.725758 0.387193 -0.019722 0.482597 -0.875620 0.822347 -0.490280 -0.288740
-56.587765 -98.443583 6.475095 -11532.124057 0.436881 0.756560 0.486572 0.078829 0.506643 -0.858545 0.896059 -0.413438 -0.161703
-1.261632 -126.092155 -1727.371341 3113.084198 0.454178 0.543557 0.705881 -0.144668 0.826795 -0.543582 -0.879087 0.144764 0.454147
-33.288519 -63.514997 -5555.615555 -4197.726213 0.311350 0.556131 -0.770571 0.465859 0.617432 0.633840 0.828274 -0.556323 -0.066841
47.321990 -17.560887 -3567.340238 440.105165 0.813551 -0.568011 0.124491 0.148295 0.409674 0.900098 0.562266 0.713814 -0.417524
51.730752 -22.622812 1357.656710 7.599349 0.893459 -0.397255 0.209571 -0.016994 0.436364 0.899610 0.448824 0.807326 -0.383122
2.112916 -130.933397 208.164057 1606.987156 0.658560 -0.286788 -0.695738 0.423155 -0.623394 0.657510 0.622285 0.727415 0.289186
1.941772 -131.340579 -165.831678 -6067.722549 0.656335 -0.271877 -0.703781 -0.286709 0.772958 -0.565980 0.697870 0.573253 0.429370
2.005129 -149.728296 -18.544440 4280.173231 0.686685 -0.284643 -0.668910 0.434703 -0.576733 0.691673 0.582663 0.765739 0.272299
-0.254604 -136.350418 290.434382 -2774.086252 0.682768 -0.303511 -0.664612 0.553905 -0.378174 0.741737 0.476464 0.874566 0.090089
-5.076307 -71.805405 -2079.157780 -4899.912254 0.325175 -0.569058 -0.755272 0.170558 0.820871 -0.545051 0.930146 0.048419 0.363984
-10.064262 -73.687958 -1605.332888 -4256.627514 0.304212 -0.561190 -0.769753 0.141194 0.825689 -0.546170 0.942082 0.057467 0.330422
-6.359971 -77.470330 -1910.121173 -2722.917145 0.321886 -0.580575 -0.747879 -0.014463 0.786812 -0.617023 0.946668 0.209427 0.244867
-1.463606 -76.960719 -3416.923453 -3265.302489 0.342257 -0.573373 -0.744382 0.044183 0.801172 -0.596801 0.938567 0.171370 0.299540
-2.077966 -79.784960 -2737.407572 170.925012 0.341301 -0.577049 -0.741976 -0.182073 0.733837 -0.654471 0.922151 0.358465 0.145394
-6.253349 -80.500408 -1322.711839 580.915249 0.322735 -0.586864 -0.742585 -0.204828 0.722671 -0.660146 0.924060 0.365154 0.113025
-10.840269 -42.103670 -26.649222 2394.026205 0.831061 -0.454098 -0.321142 -0.357378 0.006437 -0.933938 -0.426166 -0.890928 0.156935
63.408564 -192.286328 30795.166686 -17204.985678 -0.036497 -0.320532 0.946534 0.905970 0.389135 0.166709 -0.421765 0.863616 0.276190
144.654398 -188.062352 42739.682448 -29484.442477 -0.277267 -0.259371 0.925122 0.740106 0.556340 0.377794 -0.612671 0.789438 0.037707
-4.664458 -158.091131 -640.789489 13242.692661 -0.140761 0.203377 -0.968929 0.732186 0.680132 0.036391 0.666401 -0.704314 -0.244646
-3.842330 -210.399156 -1030.339069 22711.857836 -0.132786 0.204647 -0.969787 0.926769 0.372515 -0.048287 0.351379 -0.905181 -0.239125
-4.120911 -180.267301 -1451.477492 20448.510063 -0.126276 0.220064 -0.967278 0.850422 0.526031 0.008656 0.510722 -0.821501 -0.253572
-19.160700 -115.512577 1331.905352 2893.189052 0.769270 -0.399228 -0.498839 0.312496 -0.445895 0.838764 0.557287 0.801121 0.218256
-22.748952 -106.333724 1247.913249 6484.221313 0.771946 -0.396410 -0.496949 0.167069 -0.627753 0.760272 0.613341 0.669914 0.418364
-16.372070 -115.567847 1324.857986 5515.649884 0.720314 -0.418490 -0.553185 0.306780 -0.523063 0.795167 0.622121 0.742476 0.248385
-12.051292 -122.062581 994.394413 830.741941 0.743498 -0.405715 -0.531607 0.454203 -0.277089 0.846712 0.490826 0.870986 0.021738
-106.597877 -1612.875637 -726.043379 649855.961380 0.889932 -0.015261 0.455837 0.226190 -0.853108 -0.470154 -0.396054 -0.521511 0.755756
-43.077187 -1466.966195 22625.907540 455105.722665 0.893499 -0.151824 0.422622 0.167387 0.985891 0.000288 -0.416703 0.070484 0.906306
43.233695 -983.443315 31076.773775 -343056.744762 0.898477 0.047516 0.436442 -0.200617 -0.839824 0.504429 -0.390503 0.540776 0.745030
62.653840 -629.805266 12654.964849 -178849.340805 0.778365 0.059402 0.624995 -0.333213 -0.804635 0.491458 -0.532087 0.590790 0.606506
-13.782067 -24.881458 786.537423 759.188761 -0.127190 -0.988005 -0.087574 0.991865 -0.126239 -0.016330 0.005079 -0.088939 0.996024
-15.364071 -26.344439 939.948291 1125.075343 -0.239832 -0.969361 -0.053108 0.970479 -0.240828 0.013126 -0.025514 -0.048393 0.998502
-14.087726 -27.550036 419.544460 2061.260212 -0.285904 -0.955255 -0.075805 0.956836 -0.288893 0.031711 -0.052192 -0.063466 0.996618
-13.836679 -25.870979 21.255567 1747.480517 -0.207680 -0.972187 -0.108263 0.976508 -0.212548 0.035427 -0.057452 -0.098362 0.993491
-12.911585 -23.537840 4.694699 612.403882 -0.045805 -0.991033 -0.125520 0.998865 -0.047083 0.007228 -0.013073 -0.125046 0.992065
-4.583392 -67.047221 497.036398 627.916682 -0.656226 0.335964 0.675645 -0.146954 0.821362 -0.551153 -0.740116 -0.460969 -0.489628
-1.348357 -60.721897 284.623340 2461.860311 -0.651402 0.376932 0.658481 0.080137 0.897195 -0.434303 -0.754489 -0.230137 -0.614641
-2.019064 -61.744347 360.311849 2254.010163 -0.654751 0.357551 0.665927 0.054390 0.901040 -0.430312 -0.753886 -0.245527 -0.609404
-3.054948 -64.698695 214.714179 1498.366678 -0.660000 0.334666 0.672606 -0.034016 0.881067 -0.471768 -0.750495 -0.334246 -0.570120
-2.248058 -131.934382 -472.633105 -4461.781232 0.724806 0.414996 0.549941 0.361127 0.450934 -0.816239 0.586723 -0.790213 -0.176974
-36.197592 -706.121776 -9391.580206 -199403.108621 -0.298700 -0.334229 -0.893907 -0.154134 0.941267 -0.300432 0.941818 0.048043 -0.332672
-6.146178 -914.501127 4878.621200 -308616.846451 -0.359475 -0.302223 -0.882859 0.205943 0.897078 -0.390945 0.910146 -0.322354 -0.260236
-46.972925 -579.231413 -7055.627088 -159813.433307 -0.314373 -0.396399 -0.862576 0.103721 0.888862 -0.446281 0.943616 -0.229766 -0.238319
-11.248199 -210.801016 -6812.765874 -67748.914155 -0.328613 -0.346100 -0.878765 0.287776 0.849502 -0.442188 0.899555 -0.398197 -0.179558
-25.587204 -532.972769 -859.814394 -128231.016229 -0.240490 -0.414723 -0.877593 -0.450164 0.848668 -0.277694 0.859952 0.328279 -0.390789
-28.243569 -826.197086 -162.271902 -245654.799316 -0.218955 -0.466241 -0.857134 -0.298090 0.868415 -0.396230 0.929086 0.168746 -0.329126
-67.527040 -222.308468 -22165.819868 -46339.648261 -0.240804 -0.314592 -0.918175 0.289575 0.879640 -0.377333 0.926369 -0.356744 -0.120723
-18.311182 -383.669682 3791.381722 -120747.437504 0.164748 0.307956 0.937028 0.516928 0.782130 -0.347934 -0.840026 0.541698 -0.030337
-24.002782 -147.942470 5603.901645 -39096.703292 0.059646 0.187524 0.980447 0.276404 0.940689 -0.196735 -0.959189 0.282734 0.004276
-9.811193 -183.716903 7606.263353 -52791.466938 0.131507 0.218718 0.966886 0.387062 0.886607 -0.253202 -0.912628 0.407542 0.031937
2.190636 -23.228868 -1981.989935 582.099095 0.626237 -0.227446 0.745718 0.221478 0.968992 0.109554 -0.747513 0.096553 0.657192
-34.940950 -99.792733 -4911.660899 -13917.295491 0.583121 0.798485 0.149641 0.768950 -0.483075 -0.418753 -0.262080 0.359251 -0.895686
-24.882670 -96.383548 -8505.609874 21393.516170 0.484835 0.867855 0.108451 -0.752231 0.350520 0.557928 -0.446187 0.352084 -0.822772
-9.763037 -75.759658 -9399.435654 -998.918347 -0.118542 0.777780 0.617257 0.747127 -0.339589 0.571385 -0.654025 -0.528902 0.540845
12.551358 -84.571569 -10887.745254 -1947.301120 -0.129685 0.786473 0.603855 0.778030 -0.296825 0.553682 -0.614696 -0.541622 0.573406
-12.446939 -79.909801 10680.325538 -2515.355307 0.046214 -0.749040 -0.660911 0.861056 -0.305535 0.406486 -0.506406 -0.587866 0.630846
2.844635 -20.885070 2444.651077 827.191866 0.375778 0.880270 0.289683 0.922628 -0.384683 -0.027889 0.086886 0.277749 -0.956716
8.327516 -19.629137 3391.268322 919.557793 0.247227 0.925199 0.287898 0.965703 -0.259600 0.004980 0.079346 0.276793 -0.957648
-1.952392 -21.884488 594.149935 476.540570 0.560779 0.784428 0.264951 0.820253 -0.569919 -0.048764 0.112749 0.244673 -0.963028
-19.407938 -45.035545 -3598.234627 1034.908249 -0.057265 0.967900 0.244723 -0.823141 -0.184483 0.537034 -0.564942 0.170688 -0.807283
-4.452373 -51.201654 983.988223 -874.546311 -0.284826 0.958018 -0.032803 0.742314 0.242088 0.624790 -0.606502 -0.153606 0.780103
0.891752 -52.282876 3802.798870 -1218.400113 -0.284550 0.957594 -0.045230 0.782252 0.259203 0.566477 -0.554179 -0.125810 0.822835
-5.874455 -55.574223 -211.709661 1339.617380 -0.244041 0.969404 0.026453 0.826509 0.193645 0.528569 -0.507274 -0.150857 0.848478
-4.581441 -54.723800 -1514.108524 -979.949953 -0.277720 0.960190 0.030103 0.758490 0.199936 0.620257 -0.589546 -0.195091 0.783821
10.260806 -48.772045 406.685210 300.227147 -0.330670 0.940865 -0.073690 0.044032 0.093378 0.994657 -0.942719 -0.325659 0.072306
10.148277 -50.215845 -439.921394 -251.104364 -0.366000 0.928714 -0.059449 0.160006 0.125731 0.979076 -0.916756 -0.348830 0.194617
