17536
35063
-37.687151 -55.159997 -459.892634 7056.065518 0.262379 0.961796 -0.078136 0.900565 -0.273149 -0.338191 0.346613 -0.018367 0.937828
-46.020306 -69.707126 167.900757 7592.859309 0.122298 0.990435 -0.063888 0.963472 -0.133929 -0.231914 0.238253 0.033192 0.970636
-40.362052 -74.492369 -1968.598589 12333.454466 -0.110712 0.989967 0.087792 0.955690 0.130288 -0.263973 0.272763 -0.054677 0.960526
-38.657094 -57.285107 754.606790 5830.054592 0.490872 0.836416 -0.243829 0.804245 -0.542640 -0.242346 0.335013 0.077138 0.939050
-31.549229 -55.893887 -3627.896555 9853.954413 0.087232 0.992176 0.089318 0.919383 -0.045659 -0.390705 0.383570 -0.116199 0.916172
-31.041084 -45.296044 655.762998 4001.842830 0.558833 0.806270 -0.193997 0.716806 -0.587270 -0.375902 0.417007 -0.071009 0.906125
-32.891534 -46.828714 124.068374 -2277.069723 0.665464 0.679157 -0.309684 -0.621978 0.733912 0.272979 0.412676 0.010959 0.910812
22.020006 -122.063343 -4821.869342 26929.081860 0.443615 -0.653357 -0.613458 0.884999 0.211391 0.414837 -0.141357 -0.726938 0.671997
34.539952 -83.324992 -5243.141192 17131.120969 0.494328 -0.639942 -0.588314 0.869154 0.375187 0.322190 0.014545 -0.670603 0.741674
38.379638 -132.888470 -8310.287292 28378.706234 0.423241 -0.628566 -0.652512 0.899590 0.205915 0.385146 -0.107728 -0.750002 0.652603
28.618935 -148.544927 -8704.481231 20621.017969 0.397402 -0.653446 -0.644266 0.851129 0.000045 0.524956 -0.343002 -0.756973 0.556185
11.854417 -138.655703 -3845.703647 21852.632407 0.409400 -0.665512 -0.624088 0.844106 0.016706 0.535915 -0.346232 -0.746201 0.568602
-30.969663 -39.783421 -3909.400362 -438.690965 0.409023 0.662031 -0.628025 -0.175030 -0.618531 -0.766018 0.895581 -0.423242 0.137118
-37.108451 -41.092671 155.780103 -963.792121 0.370077 0.914225 -0.165030 0.064232 -0.202398 -0.977195 0.926778 -0.351037 0.133625
-7.182660 -42.379556 -17303.633298 1145.226734 0.416986 0.491268 -0.764708 0.163959 0.786885 0.594920 0.894002 -0.373454 0.247573
16.158925 -49.321301 -25839.012276 -231.203621 0.516923 0.467759 -0.716933 0.140597 0.779742 0.610111 0.844407 -0.416179 0.337301
3.061283 -43.520546 -23574.978976 -199.189493 0.419240 0.327153 -0.846881 0.297320 0.831902 0.468552 0.857810 -0.448230 0.251498
-2.775580 -131.614536 2389.319936 -2285.028377 -0.067134 0.997636 -0.014662 0.270523 0.032345 0.962170 -0.960370 -0.060628 0.272055
-1.684215 -125.965894 2302.059674 -2656.662218 -0.065807 0.997751 -0.012775 0.075518 0.017746 0.996986 -0.994971 -0.064644 0.076516
-5.143583 -127.310565 1925.023452 -4180.898201 -0.075787 0.997089 -0.008377 0.069145 0.013637 0.997513 -0.994724 -0.075020 0.069977
-6.741674 -135.858479 1525.181079 -4262.404280 -0.084457 0.996387 -0.008958 0.288737 0.033076 0.956837 -0.953676 -0.078226 0.290487
-4.000468 -133.005296 2248.826733 -1280.851703 -0.067800 0.997534 -0.018165 0.478405 0.048482 0.876800 -0.875518 -0.050757 0.480512
0.187769 -135.065059 2187.567330 704.313946 -0.061325 0.998087 -0.007823 0.466455 0.035587 0.883829 -0.882416 -0.050552 0.467746
48.938670 -43.935408 -22079.478027 -2238.316860 0.442483 -0.536567 -0.718543 0.498385 0.813254 -0.300383 0.745534 -0.225197 0.627268
57.278867 -47.059908 -18148.193954 -615.116862 0.472242 -0.287840 -0.833148 0.320108 0.936655 -0.142158 0.821290 -0.199565 0.534468
248.386626 -76.758264 -101048.860177 11473.919254 0.582126 -0.062432 -0.810698 0.287905 0.948280 0.133704 0.760421 -0.311236 0.569993
-3.745075 -35.909797 -324.248729 247.948188 0.651224 0.717414 -0.247436 -0.041488 -0.291907 -0.955546 0.757751 -0.632540 0.160333
-2.359248 -31.076373 -232.994974 -4172.239563 0.651840 0.707261 -0.273652 -0.086887 -0.288822 -0.953432 0.753362 -0.645262 0.126814
-3.465209 -34.288282 -88.251596 -1356.243743 0.635700 0.703584 -0.317577 -0.077153 -0.351433 -0.933029 0.768071 -0.617628 0.169122
-5.352403 -36.936591 65.382413 5804.875244 0.639692 0.714714 -0.282803 -0.045346 -0.332198 -0.942119 0.767293 -0.615490 0.180095
-5.451783 -39.179581 1302.326639 6668.462922 0.618099 0.704630 -0.348497 -0.077308 -0.386689 -0.918964 0.782290 -0.594952 0.184538
-5.846234 -37.654411 652.404677 3325.759713 0.612256 0.682957 -0.398389 -0.110383 -0.425101 -0.898390 0.782917 -0.594019 0.184884
-3.165643 -36.029030 -215.576391 -4428.841314 0.628404 0.689675 -0.359801 -0.097043 -0.389417 -0.915935 0.771810 -0.610493 0.177783
-5.772473 -42.435055 -1523.665931 1595.264253 0.479377 0.698645 -0.531124 -0.232832 0.684752 0.690582 -0.846160 0.207386 -0.490922
-7.681735 -41.435503 -583.121641 -898.856954 0.491491 0.687794 -0.534206 -0.185923 0.682134 0.707196 -0.850805 0.248259 -0.463139
-10.409059 -43.884754 3074.109957 717.237299 -0.499060 -0.665739 0.554735 -0.180493 0.705969 0.684858 -0.847562 0.241659 -0.472482
1.941493 -51.222207 780.452934 -530.246416 0.655162 0.722476 -0.220887 0.253986 -0.485992 -0.836243 0.711515 -0.491773 0.501902
3.361600 -51.347672 481.497014 -345.121994 0.653135 0.728093 -0.208076 0.337073 -0.525598 -0.781107 0.678083 -0.440031 0.588707
0.788042 -52.679979 331.510055 -388.247916 0.660707 0.710161 -0.243182 0.257847 -0.518966 -0.814978 0.704968 -0.475758 0.525998
-0.292759 -50.011227 419.440942 393.003646 0.662954 0.706857 -0.246670 0.155671 -0.452433 -0.878106 0.732297 -0.543745 0.409979
-0.956930 -51.448659 107.848538 250.499064 0.669393 0.689215 -0.277300 0.141291 -0.484558 -0.863273 0.729349 -0.538689 0.421739
-0.805500 -53.811568 -429.049651 77.329074 0.676958 0.680128 -0.281343 0.179355 -0.523161 -0.833147 0.713834 -0.513546 0.476142
0.636047 -54.186894 382.304644 -58.880652 0.661271 0.704344 -0.258110 0.284062 -0.553572 -0.782859 0.694284 -0.444362 0.566138
-0.821984 -82.322133 937.061015 -402.447560 0.436735 0.867117 -0.239523 0.621684 -0.098475 0.777054 -0.650209 0.488274 0.582080
-5.462040 -88.627435 1509.359689 720.335311 0.429658 0.872945 -0.230999 0.635175 -0.110342 0.764446 -0.641831 0.475175 0.601882
-1.114291 -82.147808 724.862205 5203.245232 0.441489 0.867970 -0.227413 0.715386 -0.187522 0.673096 -0.541582 0.459852 0.703722
-1.738936 -89.496615 1106.655291 -3524.731551 0.409820 0.875169 -0.257151 0.514308 0.011132 0.857534 -0.753349 0.483689 0.445544
1.532669 -80.793844 1485.706904 566.280713 0.435478 0.863850 -0.253223 0.632072 -0.093130 0.769293 -0.640971 0.495065 0.586572
-19.295478 -83.362152 398.575187 720.970038 0.065455 0.932786 0.354436 0.994939 -0.088146 0.048238 0.076238 0.349485 -0.933835
-18.702746 -85.565474 -1201.269055 -891.534525 0.080854 0.947468 0.309462 0.995272 -0.059982 -0.076391 -0.053815 0.314175 -0.947839
-16.585155 -84.440369 1725.452576 -489.624952 0.049228 0.917121 0.395558 0.995284 -0.011901 -0.096272 -0.083585 0.398432 -0.913381
-16.932985 -85.021291 3163.286876 2760.720526 0.042541 0.904401 0.424558 0.993817 -0.081927 0.074941 0.102560 0.418745 -0.902294
1.642746 -94.031894 -1145.112169 12652.043261 0.097824 0.994359 0.040987 -0.450924 0.007572 0.892530 -0.887185 0.105793 -0.449121
7.415986 -103.693262 -2534.881112 10605.805265 0.047807 0.995300 0.084210 -0.483802 -0.050684 0.873709 -0.873871 0.082511 -0.479105
1.556344 -87.297190 -643.961737 14101.207069 0.057320 0.991179 0.119491 -0.347759 -0.092369 0.933023 -0.935830 0.095035 -0.339397
1.002841 -68.213940 243.513054 9223.831260 0.026527 0.965239 0.260018 -0.227167 -0.247484 0.941885 -0.973494 0.084053 -0.212706
-2.167892 -65.797838 -447.555826 12607.655275 0.043252 0.983320 0.176667 -0.273288 -0.158444 0.948794 -0.960959 0.089318 -0.261877
143.627247 2.455435 51493.342812 216.978239 0.892886 -0.428993 0.136819 -0.175440 -0.611279 -0.771725 -0.414699 -0.665059 0.621065
185.826880 -6.590101 72433.150218 1153.011648 0.895680 -0.442956 0.039329 -0.233615 -0.543940 -0.805949 -0.378393 -0.712685 0.590677
24.070933 -1.961590 10674.190422 -3027.115654 0.706417 -0.607572 -0.363087 -0.623134 -0.290571 -0.726135 -0.335677 -0.739206 0.583863
21.413688 0.555515 2395.642127 -4607.485477 0.775143 -0.616161 -0.139641 -0.489944 -0.446703 -0.748606 -0.398884 -0.648693 0.648143
170.636786 -113.639602 -33307.294249 6068.291378 0.864434 -0.484854 0.132928 -0.501441 -0.812472 0.297400 0.036195 0.323738 0.945454
162.586868 -115.583348 24868.469195 -380.130776 0.745928 -0.602320 -0.284258 0.519311 0.793210 -0.318015 0.417023 0.089598 0.904469
136.284393 -97.784751 -2222.627881 8437.158943 0.832302 -0.554145 0.014014 -0.552707 -0.827683 0.097240 0.042286 0.088679 0.995162
-4.592114 -56.344172 -378.268873 -5156.999724 0.359642 0.874589 -0.325195 -0.317824 0.442493 0.838563 -0.877294 0.198227 -0.437105
-0.644562 -55.932298 -1907.617314 -4183.818178 0.347781 0.872752 -0.342566 -0.315930 0.453094 0.833603 -0.882744 0.181684 -0.433306
-3.390455 -62.272231 -1964.689656 -6758.928565 0.350024 0.868680 -0.350539 -0.237251 0.444221 0.863933 -0.906198 0.219231 -0.361583
-5.082878 -96.827704 -898.845050 -1555.207331 0.276846 0.944459 0.177070 -0.248396 0.248348 -0.936281 0.928254 -0.215222 -0.303354
-6.965858 -93.869456 -1065.644184 -1641.632346 0.268070 0.944286 0.190952 -0.218532 0.252641 -0.942558 0.938287 -0.210943 -0.274082
-5.401225 -98.414371 -1062.344672 302.967862 0.288752 0.936020 0.201217 -0.108842 0.240900 -0.964428 0.951197 -0.256579 -0.171439
-4.164134 -105.312831 -796.392212 -1887.073182 0.291750 0.939495 0.179531 -0.227239 0.250403 -0.941096 0.929110 -0.233768 -0.286545
4.182812 -125.496520 2783.273925 2297.364803 -0.031306 0.977550 -0.208366 -0.737887 -0.163222 -0.654891 0.674198 -0.133248 -0.726431
-3.853249 -145.104402 2488.428769 -14249.649187 -0.063086 0.976981 -0.203784 -0.816397 -0.167966 -0.552525 0.574036 -0.131512 -0.808200
-1.068158 -140.887613 2088.957499 -13624.591010 -0.054067 0.978755 -0.197776 -0.837279 -0.152362 -0.525119 0.544097 -0.137202 -0.827728
5.182465 -124.588363 3417.193369 -6105.326420 -0.006480 0.985245 -0.171029 -0.823977 -0.102168 -0.557336 0.566586 -0.137313 -0.812481
-1.521452 -157.634461 1935.316691 -35062.005446 -0.026243 0.985472 -0.167797 -0.902268 -0.095616 -0.420440 0.430376 -0.140364 -0.891670
-10.114844 -221.131378 399.804575 -21836.720101 -0.041592 0.990242 -0.133004 -0.948592 0.002667 0.316491 -0.313758 -0.139330 -0.939225
-8.650115 -204.789945 -719.899065 32551.126450 -0.036798 0.987774 -0.151490 0.998522 0.042411 0.033995 0.040004 -0.150015 -0.987874
-9.560490 -231.850939 -121.904354 -23239.761625 -0.065779 0.980944 -0.182817 -0.949254 -0.005046 0.314471 -0.307556 -0.194225 -0.931497
-25.653069 -98.620138 -3277.236561 4275.023099 -0.191816 0.980534 -0.041943 0.959602 0.178414 -0.217562 0.205844 0.081980 0.975145
-27.512069 -87.964876 -2236.706265 3855.333941 -0.191786 0.978923 -0.070204 0.908087 0.149864 -0.391047 0.372284 0.138749 0.917689
-29.419216 -98.475786 -101.351108 3711.474521 -0.226032 0.963379 -0.144260 0.954710 0.189670 -0.229245 0.193488 0.189543 0.962619
-28.868924 -106.789593 129.208161 2653.357457 0.242679 -0.958539 0.149367 0.969875 0.243091 -0.015777 -0.021187 0.148696 0.988656
-26.955093 -106.959780 2612.288338 4354.060594 0.216921 -0.972777 0.081547 0.975072 0.211920 -0.065763 0.046692 0.093779 0.994498
-4.843275 -298.185996 2663.950998 -36831.076566 0.077329 0.984320 -0.158537 0.415965 -0.176365 -0.892114 0.906087 -0.003041 0.423081
-7.377726 -281.412746 3387.594805 -27141.530029 0.045345 0.993608 -0.103383 0.355478 -0.112764 -0.927857 0.933584 -0.005324 0.358319
10.147318 -361.300210 -1097.496976 -37169.411382 0.080000 0.981518 -0.173844 -0.020197 -0.172771 -0.984755 0.996590 -0.082291 -0.006002
-16.501172 -272.057572 2894.280930 -14794.163148 0.046697 0.994701 -0.091589 0.682381 -0.098726 -0.724299 0.729503 0.028676 0.683376
-10.189052 -270.640146 3335.500545 -11762.911127 0.070572 0.983822 -0.164664 0.712654 -0.165231 -0.681779 0.697957 0.069234 0.712785
-4.241455 -197.663379 -3074.156313 12012.346624 -0.302822 -0.943623 -0.133699 0.950437 -0.309382 0.030868 -0.070492 -0.117725 0.990541
-1.932037 -319.410268 3062.712613 58939.027128 0.392657 0.904625 0.165752 0.854709 -0.425481 0.297388 -0.339548 -0.024898 0.940259
-8.261646 -258.946437 6595.428769 52925.744026 0.467597 0.868985 0.161921 0.828039 -0.494722 0.263821 -0.309363 -0.010715 0.950884
-15.253635 -159.173607 4436.863573 4452.946484 0.317565 0.936204 0.150582 0.940435 -0.331285 0.076374 -0.121387 -0.117359 0.985643
-9.664494 -151.636322 -1722.976250 708.729414 -0.192828 -0.971811 -0.135648 0.972394 -0.170743 -0.159047 0.131403 -0.162572 0.977908
-3.241611 -125.490044 -1329.388893 -4015.011066 -0.121670 0.989406 0.079197 -0.280166 -0.110779 0.953538 -0.952210 -0.093829 -0.290676
-0.208461 -123.209119 -989.389014 -2855.041467 -0.106870 0.993155 0.047146 -0.162130 -0.064190 0.984679 -0.980965 -0.097589 -0.167881
-1.172400 -130.475670 -485.158636 2606.736868 -0.099356 0.992914 0.065197 0.026298 -0.062878 0.997675 -0.994704 -0.100840 0.019864
66.153404 -35.893924 -8236.920068 -2837.634128 0.534275 -0.707506 -0.462585 0.841898 0.494497 0.216058 0.075884 -0.504884 0.859845
71.312577 -35.579304 -4705.933888 -1414.219168 0.558299 -0.614231 -0.557694 0.820566 0.507971 0.261988 0.122371 -0.603893 0.787616
76.088024 -30.867862 -13839.351389 -970.183699 0.519158 -0.703118 -0.485902 0.853803 0.452381 0.257627 0.038670 -0.548614 0.835181
55.875007 -30.603818 -9819.068022 -2213.914269 0.505756 -0.767710 -0.393488 0.862661 0.447299 0.236094 -0.005245 -0.458852 0.888497
48.642865 -36.915081 -5661.158777 -2964.813307 0.514479 -0.773558 -0.370024 0.855870 0.489849 0.165937 0.052894 -0.402064 0.914082
-24.108419 -38.817366 753.713732 670.144299 -0.269195 0.710331 0.650357 -0.434949 0.512828 -0.740153 0.859275 0.482117 -0.170907
-23.913374 -43.623824 -446.826164 -2522.253503 0.158084 -0.550742 -0.819568 -0.550926 0.639610 -0.536078 0.819445 0.536267 -0.202306
-23.768644 -42.790813 860.040342 117.257050 -0.297997 0.680647 0.669266 -0.423205 0.534245 -0.731765 0.855626 0.501301 -0.128850
27.573662 -53.149971 -3593.278689 3693.886508 0.497381 -0.248402 0.831209 -0.203146 0.898142 0.389965 -0.843412 -0.362818 0.396257
18.834750 -48.618864 -6486.375717 4416.307830 0.454086 -0.302535 0.838021 -0.116820 0.912247 0.392631 -0.883266 -0.276186 0.378896
26.812055 -46.387742 -4321.161224 4477.517688 0.502054 -0.245575 0.829237 -0.104673 0.934534 0.340131 -0.858478 -0.257563 0.443482
30.670077 -48.764495 951.928929 4555.205984 0.578946 -0.179552 0.795351 -0.147509 0.936293 0.318743 -0.801912 -0.301857 0.515577
31.568331 -54.731878 813.106410 1719.610644 0.563604 -0.185261 0.805002 -0.290566 0.867783 0.403143 -0.773254 -0.461119 0.435256
-22.173839 -47.641926 -287.699201 1744.782369 0.254717 0.538683 -0.803081 -0.647191 -0.522097 -0.555480 0.718514 -0.661237 -0.215644
-19.774035 -45.510274 -1552.944304 -811.405558 0.262677 0.541397 -0.798680 0.717106 0.444277 0.537008 0.645570 -0.713798 -0.271537
-21.344819 -48.128850 -283.763111 -138.354646 0.189806 0.539413 -0.820370 0.658398 0.549914 0.513913 0.728344 -0.637674 -0.250772
-23.181282 -49.121482 1823.233828 463.593441 0.188726 0.549999 -0.813563 0.558488 0.621322 0.549592 0.807759 -0.558087 -0.189908
8.259432 -130.485516 -668.320646 -1065.246954 0.127314 0.987793 0.089755 -0.354044 -0.039272 0.934404 -0.926523 0.150740 -0.344722
12.262904 -135.140396 -1522.095397 -9210.383927 0.175839 0.982771 0.056945 -0.256643 -0.010081 0.966454 -0.950376 0.184555 -0.250448
13.416067 -135.520106 -645.855877 -6070.743334 0.150568 0.983600 0.099298 -0.106197 -0.083769 0.990810 -0.982879 0.159729 -0.091842
10.872853 -135.961595 157.989131 4335.077783 0.107735 0.987228 0.117360 -0.216366 -0.091935 0.971974 -0.970350 0.130109 -0.203698
6.604702 -147.755906 257.665584 8195.922572 0.095758 0.988467 0.117320 -0.469384 -0.059095 0.881015 -0.877787 0.139432 -0.458311
-1.733603 -110.824527 -1480.896979 2086.434317 0.369429 0.886395 0.278973 0.402256 0.118084 -0.907880 0.837683 -0.447616 0.312934
0.705298 -126.638190 -1986.760999 -5790.910817 0.377951 0.883831 0.275675 0.292140 0.168698 -0.941379 0.878526 -0.436331 0.194443
-1.762647 -111.440044 -1008.767259 -5667.595232 0.365275 0.889898 0.273233 0.270892 0.179200 -0.945783 0.890613 -0.419487 0.175609
0.339598 -222.039169 5908.489920 10200.100050 -0.172100 -0.272778 0.946559 0.253808 0.916175 0.310169 -0.951821 0.293625 -0.088440
12.907513 -273.610765 2747.615975 -17062.367226 -0.219666 -0.341100 0.914001 0.469741 0.784146 0.405534 -0.855038 0.518425 -0.012021
6.431523 -229.394087 2906.274092 -18164.289818 -0.225971 -0.388820 0.893172 0.442429 0.775902 0.449703 -0.867868 0.496785 -0.003306
-8.594552 -161.760615 3583.763998 -4346.711306 -0.226469 -0.339725 0.912852 0.259769 0.882190 0.392760 -0.938740 0.326078 -0.111539
9.948827 -198.691083 -2879.431799 -31844.344570 -0.280907 -0.498110 0.820352 0.419217 0.705230 0.571758 -0.863336 0.504517 0.010712
-0.636564 -63.529842 -50.740425 1660.774557 0.425824 0.870255 -0.247649 0.196920 0.178007 0.964124 -0.883118 0.459314 0.095571
-1.459400 -64.628936 -202.799427 -107.696103 0.424222 0.871883 -0.244656 0.237605 0.153535 0.959151 -0.873831 0.465024 0.142030
-0.627654 -59.155985 -340.235619 -4210.078216 0.425090 0.875020 -0.231601 0.246158 0.134470 0.959856 -0.871037 0.465035 0.158231
-23.504795 -37.145554 5634.852342 -5588.021156 -0.327408 -0.631788 0.702600 -0.076397 0.758850 0.646769 -0.941790 0.158081 -0.296720
-21.211412 -27.885020 -10453.981473 -5177.769720 0.287450 0.783253 -0.551260 -0.210984 0.613193 0.761236 -0.934269 0.102510 -0.341516
-5.942663 -28.738585 -6092.475947 -4306.198394 0.261440 0.877644 -0.401734 -0.257096 0.464493 0.847436 -0.930350 0.118270 -0.347076
-11.240769 -35.114479 -5183.593437 -3908.858630 0.251178 0.907465 -0.336775 -0.208232 0.390442 0.896769 -0.945277 0.155122 -0.287034
-53.609543 -58.991143 1657.273130 -4710.104610 0.930037 -0.236796 -0.280996 0.343293 0.832659 0.434544 -0.131076 0.500606 -0.855695
-54.717773 -63.271565 3009.053173 -1854.281558 0.938301 -0.248913 -0.240071 0.342691 0.762435 0.548868 -0.046418 0.597273 -0.800693
-54.074485 -60.597829 2655.373704 -3672.219197 0.952601 -0.259361 -0.159009 0.304215 0.808318 0.504058 0.002203 0.528539 -0.848906
-50.421614 -55.836328 -3755.259594 1031.525670 -0.399655 0.823684 0.402269 0.916121 0.374021 0.144325 -0.031579 0.426208 -0.904074
-0.874545 -114.172748 -1240.199605 2665.655937 0.376217 0.882165 0.283275 0.659046 -0.469689 0.587411 -0.651244 0.034303 0.758092
-0.123837 -99.769125 -3321.242758 7051.997536 0.470683 0.808268 0.353779 0.689520 -0.587142 0.424058 -0.550472 -0.044341 0.833676
-11.694613 -113.618843 -3794.358195 5509.840034 0.422606 0.842252 0.334688 0.553675 -0.532288 0.640401 -0.717529 0.085329 0.691282
-13.147854 -97.946405 -6478.781187 6797.210950 0.528268 0.723528 0.444342 0.585823 -0.689396 0.426080 -0.614609 -0.035221 0.788045
6.971043 -55.822588 -195.216720 -6834.959981 -0.279609 0.954414 -0.104465 -0.488151 -0.235010 -0.840523 0.826757 0.184023 -0.531609
2.205592 -59.397821 -755.209957 25.303518 -0.281061 0.951606 -0.124300 -0.618199 -0.278593 -0.734993 0.734053 0.129736 -0.666584
5.345512 -56.219907 1525.825394 -4859.577853 -0.252445 0.966374 -0.048924 -0.550115 -0.184934 -0.814354 0.796018 0.178666 -0.578303
12.363032 -55.132772 2377.661759 -4914.702382 -0.225392 0.974203 -0.011246 -0.480599 -0.121218 -0.868522 0.847480 0.190353 -0.495523
8.709610 -56.266964 2471.316928 -4016.073333 -0.161288 0.985537 0.051997 -0.581968 -0.052426 -0.811520 0.797057 0.161149 -0.582007
34.402241 -22.672835 7872.596936 -2044.248945 -0.250671 0.771257 0.585087 0.249861 -0.532361 0.808803 -0.935272 -0.348934 0.059259
36.740246 -19.685632 580.438758 683.370268 -0.363469 0.694526 0.620906 0.270693 -0.558999 0.783738 -0.891412 -0.452939 -0.015176
30.428889 -22.742601 4818.729449 1728.869860 -0.295487 0.769344 0.566390 0.236266 -0.515598 0.823612 -0.925670 -0.377186 0.029417
29.356128 -19.443189 -5254.947795 3453.325783 -0.429710 0.664398 0.611493 0.255747 -0.559923 0.788086 -0.865992 -0.495036 -0.070687
22.238404 -24.206923 10004.053030 -327.658114 -0.221732 0.848727 0.480102 0.175589 -0.449556 0.875824 -0.959168 -0.278499 0.049346
-7.118430 -57.014573 -1550.168090 -1448.867309 -0.522944 0.830968 0.189795 0.476488 0.469622 -0.743246 0.706745 0.298241 0.641532
-3.934481 -58.293679 -1481.850767 -1007.921229 -0.512354 0.838700 0.184598 0.515942 0.472457 -0.714554 0.686511 0.270863 0.674786
-5.795028 -54.514945 -1286.056156 2220.457831 -0.514768 0.838837 0.177105 0.391082 0.413586 -0.822193 0.762935 0.353976 0.540955
-1.610023 -56.472096 -1445.390073 -570.487233 -0.504609 0.845245 0.175869 0.467153 0.438625 -0.767709 0.726043 0.305235 0.616193
-8.673829 -53.976007 -820.416925 3486.075946 -0.544848 0.818333 0.182952 0.356451 0.423515 -0.832813 0.759001 0.388543 0.522447
-2.857741 -54.321954 -1495.723443 3523.615470 -0.496104 0.854566 0.153615 0.342273 0.355076 -0.869925 0.797954 0.378995 0.468650
-8.389128 -52.608465 -777.441268 3395.620124 -0.531127 0.831907 0.160731 0.296018 0.359935 -0.884771 0.793900 0.422347 0.437431
-6.330807 -53.424030 -811.290183 3204.479436 -0.517090 0.841308 0.157541 0.301182 0.351130 -0.886565 0.801191 0.410985 0.434953
2.485263 -68.247905 833.211381 -590.794705 -0.627406 0.776803 0.054220 0.760482 0.626216 -0.171814 0.167419 0.066564 0.983636
3.586707 -63.087632 306.374388 -1063.296459 -0.616777 0.783822 0.072170 0.771908 0.620245 -0.139481 0.154092 0.030320 0.987591
2.063583 -64.688346 -37.327524 -373.992817 -0.644044 0.761038 0.077641 0.761000 0.647729 -0.036428 0.078014 -0.035624 0.996316
1.514217 -67.211680 414.729135 -1368.431944 -0.663452 0.745468 0.064098 0.745147 0.666054 -0.033588 0.067731 -0.025478 0.997378
-6.141380 -83.382626 432.581418 -4303.038486 -0.596144 0.794280 0.117182 0.786565 0.548506 0.283650 0.161022 0.261268 -0.951741
-8.212306 -76.862893 1676.158433 -1244.985326 -0.576729 0.806695 0.128946 0.810613 0.545493 0.212939 0.101438 0.227334 -0.968519
-6.241000 -74.936421 1174.393286 -1634.688309 -0.579812 0.804223 0.130549 0.814539 0.568518 0.115386 0.018576 0.173240 -0.984705
-2.146696 -75.767534 761.751144 -2403.638341 -0.580412 0.803135 0.134522 0.813871 0.566620 0.128667 0.027114 0.184164 -0.982522
1.717313 -52.182425 -1296.422899 380.200810 0.640802 -0.762311 -0.090855 0.716962 0.551928 0.425843 -0.274479 -0.338020 0.900224
-1.105322 -52.379525 -288.693880 -822.861792 0.678982 -0.730334 -0.074804 -0.663888 -0.567300 -0.487261 -0.313427 -0.380503 0.870047
0.688972 -52.863962 -1004.287278 650.874866 0.665259 -0.743059 -0.072757 0.705471 0.593706 0.387071 -0.244421 -0.308831 0.919175
2.668022 -53.918432 -1019.614250 -685.214820 0.630003 -0.770745 -0.095127 0.754561 0.578550 0.309706 -0.183669 -0.266895 0.946062
3.964791 -52.363675 -810.434144 -301.218360 0.623854 -0.773710 -0.110356 0.752366 0.556327 0.352768 -0.211546 -0.303104 0.929180
2.990099 -50.561487 -1058.015612 1391.193727 0.616198 -0.779919 -0.109666 0.740631 0.526450 0.417513 -0.267892 -0.338493 0.902029
0.306318 -51.896213 -802.312835 -157.236648 0.621662 -0.775864 -0.107572 0.687335 0.474479 0.549946 -0.375643 -0.415818 0.828244
-0.464549 -71.216055 2338.908416 -1736.444090 0.722441 -0.689528 -0.051280 -0.385345 -0.339939 -0.857876 -0.574097 -0.639526 0.511292
1.639995 -71.607947 -130.409317 -2064.334686 0.696323 -0.715867 -0.051651 -0.418638 -0.346645 -0.839392 -0.582989 -0.606112 0.541066
-0.791885 -64.464087 1201.830295 -2272.813497 0.706060 -0.705022 -0.066508 -0.499197 -0.428909 -0.752887 -0.502276 -0.564785 0.654780
1.583679 -64.805868 187.228468 -2824.959329 0.686588 -0.723511 -0.071606 -0.516268 -0.415821 -0.748706 -0.511922 -0.551021 0.659024
-2.631514 -65.739491 1823.314007 -1677.787785 0.714377 -0.696699 -0.065389 -0.457095 -0.393846 -0.797465 -0.529839 -0.599580 0.599812
-2.203541 -61.302853 1170.549000 -3872.850968 0.702951 -0.708016 -0.067625 -0.549612 -0.480399 -0.683479 -0.451427 -0.517620 0.726831
-1.795955 -58.951241 812.749290 -2386.945286 0.698873 -0.711665 -0.071483 -0.581960 -0.507690 -0.635274 -0.415811 -0.485576 0.768971
0.136335 -59.330893 325.860927 -3465.001421 0.688782 -0.721109 -0.074715 -0.583275 -0.490004 -0.647832 -0.430547 -0.489794 0.758110
-6.727505 -43.080890 1467.207435 162.279941 -0.615948 0.780230 0.108854 0.753209 0.623752 -0.208829 0.230833 0.046638 0.971875
-9.808271 -43.511938 -146.015301 578.551053 -0.647584 0.747848 0.146148 0.725065 0.663744 -0.183643 0.234342 0.012958 0.972068
-10.437198 -46.203414 133.305079 -1721.547629 -0.659160 0.738297 0.142918 0.701495 0.672156 -0.236876 0.270948 0.055883 0.960970
-15.035352 -88.535751 -2313.476669 81.107029 -0.554884 0.831352 0.030934 -0.503003 -0.305647 -0.808436 0.662640 0.464148 -0.587771
-15.976306 -89.016700 -704.263491 54.018157 -0.588014 0.806852 0.056836 -0.480002 -0.291530 -0.827411 0.651028 0.513810 -0.558714
-15.183058 -88.544012 -1696.893732 -954.702754 -0.557917 0.828930 0.040038 -0.391487 -0.220341 -0.893414 0.731756 0.514125 -0.447447
-15.213125 -89.745207 1245.963083 -1177.837204 -0.615189 0.785502 0.067292 -0.391412 -0.230220 -0.890952 0.684353 0.574443 -0.449084
-2.663118 -129.994404 673.238744 -12033.656285 0.514051 0.854410 0.075735 0.791304 -0.438296 -0.426302 0.331042 -0.279071 0.901405
-1.428226 -132.870936 1689.756909 -12563.228659 0.529213 0.846746 0.054354 0.800602 -0.477103 -0.362503 0.281015 -0.235357 0.930396
-4.348095 -116.342372 966.805307 -6733.550602 0.517312 0.853688 0.060046 0.835191 -0.488307 -0.253006 0.186667 -0.181033 0.965600
-4.865469 -127.654146 990.915120 -9796.061892 -0.510599 -0.854031 -0.099600 0.835769 -0.465770 -0.290771 0.201937 -0.231710 0.951594
-3.102843 -154.487294 -357.261236 -12866.486541 0.510440 0.853919 0.101359 0.747141 -0.382053 -0.543889 0.425713 -0.353352 0.833013
4.191554 -122.164850 320.935634 8534.594812 0.443023 0.893827 -0.069306 -0.890561 0.447658 0.080646 -0.103109 -0.025993 -0.994330
6.479819 -107.582870 -574.393197 2117.194180 0.453047 0.888632 -0.071292 -0.840583 0.452445 0.297848 -0.296933 0.075012 -0.951947
4.587581 -124.240366 -1054.291803 7711.485587 0.436658 0.895584 -0.085199 -0.875763 0.444833 0.187517 -0.205836 0.007266 -0.978559
3.542734 -110.423996 -2223.761704 5170.626223 0.409285 0.907433 -0.095136 -0.867603 0.419338 0.267246 -0.282402 0.026840 -0.958921
2.157381 -124.322449 -1542.796570 9480.486184 0.430807 0.897923 -0.090217 -0.898433 0.436159 0.050836 -0.084996 -0.059153 -0.994624
2.970363 -136.305191 -705.288661 -8542.496895 0.444350 0.892215 -0.080654 0.895583 -0.440202 0.064445 0.021994 -0.100868 -0.994657
-12.206025 -38.049619 -1277.749129 1235.270460 -0.273971 0.890726 0.362694 -0.591144 -0.453437 0.667041 -0.758610 0.031654 -0.650776
-14.000521 -35.566682 -2291.091263 1143.141423 -0.300379 0.854389 0.424018 -0.541349 -0.518721 0.661717 -0.785311 0.030776 -0.618336
-15.913035 -38.848117 -2226.420723 1646.996647 -0.285374 0.869305 0.403573 -0.625270 -0.487996 0.609013 -0.726360 0.078546 -0.682812
-10.857625 -34.898314 -1718.257014 435.739048 -0.314681 0.846672 0.429094 -0.487431 -0.532044 0.692344 -0.814486 -0.008714 -0.580118
5.018378 -152.109715 8806.050176 -83006.311818 0.187032 0.937507 0.293427 0.729581 0.067455 -0.680559 0.657822 -0.341365 0.671372
-1.002083 -252.698532 5262.513755 -112448.699963 0.171224 0.907532 0.383495 0.691150 0.166755 -0.703210 0.702135 -0.385459 0.598688
-3.943018 -334.414399 6116.605025 -138917.120225 0.178304 0.910954 0.371982 0.696739 0.150058 -0.701454 0.694811 -0.384246 0.607941
-18.431035 -99.176932 8292.201224 -47618.097369 0.206519 0.905840 0.369870 0.693344 0.131242 -0.708554 0.690379 -0.402777 0.600955
11.973704 -89.880873 7779.559646 -66129.965004 0.154444 0.891347 0.426201 0.747435 0.176703 -0.640403 0.646133 -0.417464 0.638934
-2.904665 -29.447792 -13365.096569 13669.250148 0.502988 -0.383159 -0.774721 0.478962 0.869709 -0.119171 0.719443 -0.311120 0.620972
6.964548 -14.846771 6279.045499 5549.035209 0.673211 -0.089340 0.734033 -0.012580 0.991147 0.132172 -0.739343 -0.098213 0.666128
-0.854082 -6.089358 5290.198066 4533.086291 0.657964 0.156213 0.736669 -0.151776 0.985682 -0.073456 -0.737596 -0.063478 0.672252
-10.991142 -15.272786 3310.410737 3435.250299 0.582336 0.341666 0.737665 -0.286629 0.935415 -0.206985 -0.760742 -0.090901 0.642657
12.316307 -2.486923 4716.516638 6556.745651 0.664748 -0.064191 0.744305 0.008372 0.996879 0.078497 -0.747020 -0.045949 0.663211
18.482651 -13.653470 4353.877218 6238.516924 0.636416 -0.166058 0.753259 0.046522 0.983037 0.177408 -0.769942 -0.077863 0.633345
18.711020 -26.313953 5851.176020 3759.934341 0.655857 -0.131736 0.743302 -0.032207 0.978875 0.201905 -0.754198 -0.156360 0.637760
-0.196458 -74.833135 -928.242403 6916.320187 0.422148 0.906191 -0.024675 -0.906057 0.422649 0.020684 -0.029172 -0.013625 -0.999482
-4.107674 -67.666126 -843.031924 3435.894397 0.371712 0.928133 -0.019981 -0.917860 0.370654 0.141948 -0.139153 0.034424 -0.989672
-4.179484 -65.148986 -830.143979 3654.088387 0.434473 0.900509 -0.017784 -0.893530 0.433422 0.117257 -0.113299 0.035055 -0.992942
-2.523690 -26.026699 158.057984 207.308845 -0.346872 0.905260 0.245324 0.897401 0.244291 0.367416 0.272676 0.347600 -0.897119
-1.897679 -27.136445 258.447018 1242.333059 -0.342625 0.906751 0.245787 0.912546 0.259026 0.316490 0.223312 0.332729 -0.916200
-2.596234 -27.185666 -647.533182 1426.917518 -0.362036 0.901561 0.236894 0.901243 0.273623 0.335993 0.238098 0.335140 -0.911587
-9.782864 -29.578055 -1637.938243 -910.252659 -0.411699 0.599626 0.686260 0.144267 0.786427 -0.600600 -0.899828 -0.148262 -0.410277
-10.843108 -28.105742 301.469791 -923.025488 -0.370750 0.662572 0.650801 0.216269 0.743070 -0.633305 -0.903201 -0.094050 -0.418787
-10.232954 -31.481122 -1563.448864 -272.753504 -0.388143 0.702200 0.596875 0.262739 0.705087 -0.658650 -0.883353 -0.098828 -0.458170
-7.449998 -33.596676 -1675.239592 -1252.223897 -0.412046 0.679034 0.607561 0.206091 0.718972 -0.663782 -0.887550 -0.148296 -0.436192
-6.311320 -30.360515 -1946.073757 -2314.503106 -0.430858 0.603065 0.671322 0.094860 0.770059 -0.630881 -0.897420 -0.208138 -0.388993
-256.903735 -994.781954 64850.767402 -150021.136148 0.709079 -0.203584 0.675100 0.571442 -0.395008 -0.719322 -0.413112 -0.895836 0.163756
541.270203 -1541.420881 239003.196050 -4269100.921542 0.733398 0.013994 0.679655 -0.236985 0.942333 0.236321 -0.637154 -0.334385 0.694421
-1237.975525 -5667.780856 649751.913160 2876009.174692 0.075630 0.466359 0.881357 -0.209252 0.871630 -0.443256 -0.974933 -0.150902 0.163508
18.752937 -83.383092 1295.053858 5027.583361 0.507689 0.422684 0.750727 0.859708 -0.191748 -0.473429 -0.056160 0.885760 -0.460733
33.739426 -94.979083 6972.038521 6975.316007 0.530901 0.439829 0.724358 0.845921 -0.224007 -0.483982 -0.050608 0.869696 -0.490986
20.349003 -81.677162 1557.148202 -1884.600337 0.478384 0.423505 0.769280 0.877186 -0.271521 -0.396007 0.041164 0.864245 -0.501384
-25.975379 -417.392616 -7997.991379 -127857.923357 0.832897 -0.021057 0.553028 0.497427 0.466507 -0.731395 0.242590 -0.884267 -0.399027
-54.428386 -406.845920 -13619.332240 -107648.180806 0.804824 -0.049466 0.591449 0.459783 0.682117 -0.568609 0.375310 -0.729568 -0.571728
-67.034585 -305.342864 -18260.819438 -78108.475068 0.793500 -0.039653 0.607277 0.565776 0.415651 -0.712132 0.224177 -0.908659 -0.352254
-30.151769 -223.219892 -4425.568940 16101.190116 0.878133 -0.008916 0.478333 0.455659 0.320288 -0.830536 0.145799 -0.947278 -0.285318
-7.216720 -46.204828 2872.079722 -4812.349341 -0.221887 0.971305 -0.085635 -0.450369 -0.024195 0.892515 -0.864832 -0.236605 -0.442814
-7.285261 -40.798948 235.623560 -1999.051072 -0.244953 0.963376 -0.109108 -0.495072 -0.027526 0.868416 -0.833608 -0.266737 -0.483684
-9.355903 -45.636169 2184.692219 -4738.662029 -0.264675 0.961453 -0.074530 -0.478396 -0.063803 0.875823 -0.837308 -0.267464 -0.476842
-49.544195 -85.509609 -949.023840 8162.661201 -0.184422 0.982354 0.031146 0.976276 0.186755 -0.109581 0.113464 -0.010197 0.993490
-51.276201 -78.358331 64.345989 5061.517885 0.124956 0.988338 -0.087027 0.986411 -0.133183 -0.096205 0.106673 0.073823 0.991550
-43.918941 -70.086401 -146.413473 7262.380425 0.381809 0.898568 -0.216326 0.896563 -0.416938 -0.149456 0.224491 0.136886 0.964814
35.390749 -61.520482 -6701.687913 3628.291593 0.539533 -0.654086 -0.530167 0.841101 0.447222 0.304207 0.038125 -0.610053 0.791443
27.080566 -66.019435 -1945.603531 3773.604348 0.568980 -0.647682 -0.506725 0.822172 0.435169 0.366962 -0.017164 -0.625409 0.780108
-39.383819 -49.905616 738.798075 -666.794176 0.415204 0.909165 -0.032021 0.012711 -0.040992 -0.999079 0.909640 -0.414414 0.028576
-1.126207 -106.927239 1349.734963 -6112.702574 -0.077258 0.996993 0.005938 -0.395177 -0.036090 0.917896 -0.915350 -0.068569 -0.396778
-1.953673 -118.689869 2079.399078 -6295.404022 -0.067026 0.997748 -0.002664 -0.153176 -0.007651 0.988169 -0.985923 -0.066641 -0.153344
1.710026 -116.145403 1782.709503 -6733.530037 -0.073831 0.997248 0.006710 -0.243806 -0.024574 0.969513 -0.967010 -0.069944 -0.244950
0.881645 -105.438914 1383.378692 -7380.710709 -0.075968 0.996804 0.024711 -0.422902 -0.054654 0.904526 -0.902985 -0.058265 -0.425703
2.953781 -118.851569 492.642714 -7035.116336 -0.087115 0.996149 0.009954 -0.229114 -0.029759 0.972945 -0.969493 -0.082478 -0.230824
20.411762 -45.890191 -12584.268130 1146.996438 0.438234 -0.528169 -0.727316 0.355802 0.844992 -0.399241 0.825443 -0.083820 0.558228
-3.269813 -32.677216 -355.577461 -3384.308193 0.658173 0.715529 -0.234150 -0.056153 -0.263489 -0.963027 0.750769 -0.646987 0.133243
-2.932326 -31.574517 108.736986 -1803.840418 0.657384 0.715284 -0.237096 -0.125358 -0.206447 -0.970394 0.743056 -0.667643 0.046048
-6.674721 -44.668683 -147.816426 -817.479107 0.450340 0.777940 -0.438181 -0.502653 0.626502 0.595680 -0.737925 0.048006 -0.673173
-4.845549 -43.853519 1223.074330 -1581.107250 0.464969 0.767144 -0.441921 -0.500279 0.639497 0.583750 -0.730428 0.050341 -0.681132
-5.121744 -41.803196 245.174222 -1582.325789 0.479097 0.744329 -0.465232 -0.428572 0.660911 0.616054 -0.766024 0.095764 -0.635639
-10.277374 -45.304967 -2056.600378 -1257.117197 0.477853 0.743017 -0.468596 -0.427489 0.662709 0.614873 -0.767404 0.093499 -0.634309
4.567345 -50.192439 422.829078 90.540703 0.652297 0.735585 -0.182821 0.353121 -0.508346 -0.785423 0.670682 -0.447771 0.591343
4.953745 -49.118557 109.797174 -1194.682802 0.647024 0.740673 -0.181009 0.447969 -0.561378 -0.695830 0.616996 -0.369132 0.695023
3.629527 -51.251797 1609.884333 16.358497 0.645820 0.735893 -0.203415 0.286826 -0.480763 -0.828612 0.707564 -0.476789 0.521560
-6.217890 -88.824068 1468.806464 4035.219435 0.467428 0.861825 -0.196900 0.734683 -0.254824 0.628733 -0.491683 0.438547 0.752280
-8.013803 -97.992890 3164.639796 -2242.364664 0.414014 0.864646 -0.284571 0.500044 0.045195 0.864820 -0.760624 0.500345 0.413649
-14.675063 -82.712397 -1234.494481 -268.310216 0.142128 0.962982 0.229055 0.989796 -0.140644 -0.022876 0.010186 0.229969 -0.973145
-17.962073 -80.224375 -1745.323882 -851.012365 0.110857 0.955953 0.271781 0.992948 -0.118098 0.010377 0.042016 0.268714 -0.962303
-17.356919 -81.383550 -2165.698642 -553.597552 0.110844 0.962847 0.246251 0.982506 -0.143472 0.118730 0.149649 0.228783 -0.961906
-16.816031 -81.282406 -2295.302577 -1678.706765 0.119016 0.957566 0.262495 0.988941 -0.090761 -0.117299 -0.088497 0.273552 -0.957777
-14.347444 -82.546498 -1646.028179 1543.171865 0.136013 0.965180 0.223444 -0.967560 0.177881 -0.179402 0.212902 0.191795 -0.958064
-13.329126 -79.743954 -786.527970 556.682683 0.159642 0.966365 0.201626 0.980527 -0.178888 0.081032 0.114375 0.184764 -0.976105
-12.109637 -83.426641 -119.548135 1443.249098 0.156784 0.961065 0.227535 0.976663 -0.116629 -0.180354 -0.146795 0.250501 -0.956922
-13.127611 -84.373784 -1541.052501 1376.141987 0.148084 0.956658 0.250752 0.972941 -0.095453 -0.210413 -0.177358 0.275126 -0.944907
-13.578221 -82.345690 576.222363 2113.060857 0.168988 0.964472 0.203069 0.985377 -0.160762 -0.056468 -0.021816 0.209642 -0.977535
327.506924 -13.228285 113714.140659 32.578355 0.828435 -0.555811 0.069063 -0.301299 -0.546202 -0.781590 -0.472138 -0.626688 0.619958
71452.794875 -1072.885245 -35723172.038994 -210822.747327 -0.556277 0.815566 -0.159398 0.412032 0.437273 0.799388 -0.721654 -0.379004 0.579284
310.578097 -15.486060 126014.680739 -1644.471652 0.842893 -0.536712 -0.038360 -0.347057 -0.487794 -0.801005 -0.411197 -0.688475 0.597428
341.582068 -18.719624 123579.800800 -12.635713 0.798438 -0.601116 -0.033996 -0.375033 -0.452381 -0.809136 -0.471006 -0.658795 0.586637
248.665570 -13.368713 116636.417749 -1446.137065 0.897495 -0.435361 -0.070450 -0.304179 -0.495396 -0.813669 -0.319339 -0.751694 0.577043
307.302083 -14.948027 138172.385013 570.555998 0.855789 -0.485328 -0.179114 -0.406317 -0.416277 -0.813400 -0.320205 -0.768876 0.553442
-10.141144 -140.350459 2574.051368 37533.057497 0.158204 0.980961 0.112636 -0.963956 0.128725 0.232849 -0.213917 0.145414 -0.965968
-13.521730 -155.817920 2182.556073 -34483.083478 0.126915 0.988206 0.085684 0.987704 -0.117953 -0.102609 -0.091292 0.097653 -0.991024
-15.187575 -104.777493 1404.347187 23964.349305 0.145908 0.986307 0.076875 -0.947084 0.116803 0.298980 -0.285907 0.116430 -0.951158
0.005119 -60.835822 -2443.946167 -5334.306341 0.342716 0.870038 -0.354371 -0.230015 0.443447 0.866284 -0.910845 0.215378 -0.352098
2.047608 -55.228813 -1715.970111 -4067.460534 0.349557 0.871633 -0.343606 -0.318703 0.455493 0.831237 -0.881044 0.181056 -0.437013
-8.173497 -35.228108 2571.690489 3041.750581 0.134843 0.930899 -0.339477 0.734744 -0.323803 -0.596073 0.664807 0.169053 0.727635
-7.020068 -42.826217 2891.211093 5315.118357 0.157458 0.924043 -0.348356 0.766276 -0.336841 -0.547138 0.622919 0.180786 0.761110
-13.237044 -41.905395 1434.656193 3694.961500 0.278336 0.870849 -0.405155 0.705693 -0.471566 -0.528794 0.651557 0.138733 0.745806
-1.341080 -40.475920 3166.453476 3387.258995 0.035240 0.955867 -0.291677 0.791960 -0.204725 -0.575228 0.609555 0.210726 0.764223
-3.047148 -33.967372 2467.772235 2102.915983 0.004249 0.967574 -0.252553 0.747724 -0.170772 -0.641675 0.663997 0.186114 0.724203
-9.014191 -30.133381 2450.088684 1524.902624 0.101458 0.942930 -0.317159 0.697563 -0.294730 -0.653100 0.709304 0.154976 0.687656
-13.543390 -33.873594 1266.301310 1907.026691 0.275806 0.860103 -0.429132 0.661441 -0.493763 -0.564530 0.697443 0.128144 0.705090
-5.384605 -93.926846 -1326.805023 1397.353750 0.281864 0.924664 0.256024 0.169838 0.214545 -0.961834 0.944303 -0.314589 0.096571
-4.967919 -95.759333 74.565025 1011.966437 0.268842 0.925518 0.266721 0.320320 0.175243 -0.930959 0.908361 -0.335717 0.249349
-4.848635 -96.762459 -531.687050 1549.793878 0.283073 0.929158 0.237770 0.095433 0.219392 -0.970958 0.954339 -0.297543 0.026568
-4.066314 -98.466075 31.548050 733.720118 0.287268 0.924217 0.251595 0.193671 0.201197 -0.960214 0.938067 -0.324565 0.121197
-15.642028 -86.757578 294.172645 -208.199888 0.077381 0.930219 0.358754 0.966563 0.018242 -0.255781 -0.244476 0.366551 -0.897704
-12.824440 -88.365483 787.740862 -1249.495673 0.093122 0.928753 0.358811 -0.902050 -0.073852 0.425267 -0.421467 0.363267 -0.830904
-10.356157 -87.692107 2568.834602 349.568373 0.067393 0.908251 0.412962 0.921213 0.102315 -0.375364 -0.383177 0.405723 -0.829798
-16.143781 -83.948629 -1175.681284 1598.966667 0.114998 0.943043 0.312162 0.939378 -0.001051 -0.342883 -0.323025 0.332668 -0.885995
-12.080239 -85.988333 3060.132159 -278.397249 0.047477 0.901144 0.430912 0.974246 0.053427 -0.219069 -0.220435 0.430215 -0.875399
-17.104755 -84.267497 -1679.259505 1235.585157 0.107540 0.950534 0.291411 0.974923 -0.043381 -0.218275 -0.194836 0.307576 -0.931362
-6.362700 -179.220863 -534.502838 -28016.563104 -0.088870 0.961557 -0.259827 -0.887829 -0.194721 -0.416946 0.451511 -0.193628 -0.871003
-8.685376 -210.340389 -449.868663 25669.618093 -0.112913 0.961285 -0.251361 0.983598 0.143954 0.108684 0.140661 -0.234966 -0.961772
-7.325666 -193.987667 1126.687954 -34839.908544 -0.094880 0.970120 -0.223303 -0.918409 -0.171850 -0.356359 0.384086 -0.171273 -0.907273
