14807
29606
-78.982056 -119.592120 -3175.727092 -22895.267584 0.844950 0.437989 0.306962 -0.514837 0.510537 0.688691 -0.144923 0.739945 -0.656871
-86.408716 -131.232650 -666.105858 -17904.519292 0.811496 0.501814 0.299428 -0.524534 0.399678 0.751746 -0.257561 0.767099 -0.587556
-94.660136 -158.601424 -1060.447822 -30224.683973 0.967357 0.253347 -0.005886 -0.131188 0.520519 0.843712 -0.216816 0.815399 -0.536764
-67.655411 -106.485290 -1892.480704 17285.124068 0.595657 0.648740 0.473634 0.781174 -0.330611 -0.529589 -0.186977 0.685444 -0.703709
-71.586228 -129.232421 1724.001362 -33455.025606 0.951750 0.268232 0.149076 -0.287805 0.611630 0.736938 -0.106491 0.744285 -0.659317
-65.404407 -95.479732 786.035018 -21013.570792 0.800655 0.471908 0.369128 -0.595897 0.563361 0.572304 -0.062122 0.678180 -0.732266
-83.697915 -134.564804 -1319.518816 1873.207273 -0.131032 0.893543 0.429432 -0.621107 -0.411608 0.666937 -0.772694 0.179333 -0.608920
-82.652340 -133.067265 -690.934913 1836.201282 -0.097245 0.927773 0.360250 -0.442630 -0.364514 0.819273 -0.891416 0.079787 -0.446107
-85.565322 -133.859217 4433.758748 3011.314410 -0.032759 0.893586 0.447696 -0.551786 -0.389654 0.737362 -0.833342 0.222877 -0.505832
-81.400801 -128.599820 -6087.551788 465.770570 -0.190163 0.929184 0.316946 -0.548432 -0.368309 0.750713 -0.814285 0.031065 -0.579633
-87.935102 -134.000254 -437.504381 3899.807353 -0.011056 0.866867 0.498417 -0.665774 -0.378282 0.643155 -0.746072 0.324722 -0.581319
-79.713892 -126.253296 -9239.330208 4799.245361 -0.265843 0.898659 0.348913 -0.646733 -0.434657 0.626745 -0.714887 0.059038 -0.696743
167.937253 -192.394284 -11343.392476 6566.262652 0.949993 0.105001 0.294088 0.224109 0.426579 -0.876245 0.217458 -0.898335 -0.381715
168.602342 -185.485758 12.555598 -10037.311511 0.959553 0.104325 0.261484 0.153814 0.583649 -0.797304 0.235794 -0.805276 -0.543996
163.507924 -180.317870 9624.472664 -13018.195836 0.964814 0.013959 0.262563 0.225932 0.466782 -0.855026 0.134495 -0.884262 -0.447204
171.225967 -188.424767 500.049610 7354.555398 0.943734 0.047961 0.327208 0.297993 0.305728 -0.904284 0.143407 -0.950910 -0.274234
151.101955 -141.869347 -13578.984599 3534.117780 0.942253 -0.171451 0.287686 0.326835 0.283363 -0.901601 -0.073061 -0.943562 -0.323036
25.625907 -131.430360 231.804836 27186.924142 0.406052 0.343757 0.846731 0.892054 -0.350255 -0.285590 0.198398 0.871293 -0.448872
27.448910 -97.495218 -7007.171930 41417.752439 0.403569 0.335134 0.851362 0.835453 -0.514347 -0.193558 0.373028 0.789387 -0.487563
29.119774 -126.775282 5342.460523 36018.484642 0.403247 0.275711 0.872568 0.877931 -0.385530 -0.283907 0.258125 0.880539 -0.397519
-12.883665 -87.986532 15221.349445 -2644.999415 0.967593 -0.072808 0.241790 -0.055737 0.872333 0.485724 0.246286 0.483460 -0.840006
-24.597968 -89.827036 13893.442093 396.974847 0.975000 -0.089457 0.203403 -0.036920 0.837441 0.545279 0.219117 0.539157 -0.813202
-0.882417 -88.626304 15488.298773 206.093420 0.966485 -0.057218 0.250264 -0.105894 0.799197 0.591668 0.233864 0.598340 -0.766353
1.265357 -93.085513 -10471.620726 -2621.346397 0.726369 0.472996 0.498660 0.461591 0.201841 -0.863825 0.509236 -0.857633 0.071720
4.941225 -87.411098 -11094.588036 13335.080800 0.736709 0.478039 0.478267 0.471159 0.144450 -0.870140 0.485046 -0.866379 0.118814
13.477402 -90.016277 -8549.825305 -350.789696 0.713110 0.512656 0.478181 0.462400 0.168729 -0.870469 0.526934 -0.841852 0.116730
8.752483 -87.292052 -6012.318249 -17413.929014 0.698220 0.504700 0.507707 0.461606 0.224674 -0.858162 0.547183 -0.833546 0.076101
29.257326 -87.508105 -10156.586393 -10245.819341 0.692942 0.542355 0.475061 0.458230 0.177422 -0.870946 0.556648 -0.821202 0.125580
35.025209 -82.435098 -12359.830701 3799.545136 0.702371 0.554780 0.445975 0.464415 0.117653 -0.877768 0.539438 -0.823636 0.175012
0.032724 -83.216628 1671.061830 9889.949327 0.830042 0.256069 0.495438 -0.520635 0.674239 0.523775 0.199921 0.692698 -0.692966
3.161276 -77.674346 1551.474094 -524.946221 0.827665 0.257003 0.498920 -0.494581 0.754179 0.431976 0.265256 0.604287 -0.751316
0.729353 -72.135071 1717.775632 579.562376 0.812463 0.272899 0.515198 -0.514285 0.751713 0.412842 0.274617 0.600378 -0.751087
2.940395 -79.208305 1469.625476 -11156.110918 0.803403 0.287799 0.521264 -0.491325 0.814962 0.307304 0.336368 0.502999 -0.796146
1.134338 -74.506298 1457.005920 -16406.977659 0.796621 0.295821 0.527147 -0.499491 0.813296 0.298426 0.340446 0.501038 -0.795649
-14.874366 -172.850665 -9316.140392 -7298.376314 0.865429 0.265614 0.424832 -0.475932 0.170803 0.862737 -0.156593 0.948828 -0.274232
-2.985858 -164.073077 -4110.871185 -2545.298880 0.889125 0.241771 0.388592 -0.423538 0.112949 0.898809 -0.173415 0.963737 -0.202825
-10.071984 -180.793798 -4631.058463 4522.061395 0.898863 0.243382 0.364432 -0.361589 -0.057927 0.930536 -0.247586 0.968199 -0.035936
-23.764182 -197.381325 -12013.573733 -4467.772176 0.889867 0.250390 0.381369 -0.389328 -0.018986 0.920903 -0.237825 0.967959 -0.080589
-18.014833 -193.688540 -11075.952982 2007.000142 0.913849 0.262379 0.309900 -0.237634 -0.273279 0.932121 -0.329258 0.925460 0.187386
-2.413575 -174.376852 -6510.634436 242.562453 0.910400 0.261795 0.320367 -0.265334 -0.224681 0.937612 -0.317442 0.938607 0.135086
-4.698510 -244.245394 7080.387858 -11534.066407 0.943880 0.093174 0.316874 -0.120965 0.990245 0.069150 -0.307340 -0.103600 0.945943
0.037396 -262.352889 1235.691947 -17971.306052 0.930889 0.104476 0.350043 -0.185372 0.960789 0.206208 -0.314774 -0.256845 0.913755
0.356628 -265.430748 6048.504586 1124.475855 0.944497 0.074368 0.319993 -0.035291 0.991372 -0.126236 -0.326620 0.107937 0.938972
-5.453294 -223.025009 7949.216350 13887.398856 0.933758 0.142509 0.328311 0.259186 -0.901839 -0.345700 -0.246818 -0.407893 0.879036
-5.126278 -244.108393 6103.384341 3726.402636 0.945215 0.060774 0.320742 -0.002293 0.983730 -0.179639 -0.326441 0.169061 0.929975
-8.299267 -234.868043 4078.489130 -9665.401809 0.933626 0.069588 0.351425 -0.037067 0.994452 -0.098440 -0.356326 0.078880 0.931026
-8.610234 -227.883045 8336.873028 -12401.330517 0.936392 0.110142 0.333224 -0.158737 0.979725 0.122234 -0.313005 -0.167354 0.934891
27.362311 -117.269924 9584.475110 -16136.155221 0.743839 0.531461 0.405282 0.198715 0.403104 -0.893319 0.638135 -0.745021 -0.194235
20.668114 -104.383353 8389.512159 -8408.935634 0.734260 0.541831 0.409001 0.272349 0.316757 -0.908565 0.621843 -0.778514 -0.085014
13.119923 -112.112377 5944.801994 -15420.162387 0.723547 0.550275 0.416746 0.195171 0.416017 -0.888166 0.662108 -0.723967 -0.193610
19.477093 -123.259385 8946.071994 -12404.390512 0.729350 0.537030 0.423848 0.114207 0.515267 -0.849386 0.674541 -0.667906 -0.314477
3.025492 -117.969111 4273.298816 -8695.358919 0.718136 0.557221 0.416877 0.165394 0.445215 -0.880016 0.675963 -0.700920 -0.227564
8.010954 -122.801986 3584.036795 -7740.572017 0.730026 0.540282 0.418519 0.092817 0.528334 -0.843948 0.677087 -0.654950 -0.335550
-20.944159 -78.590964 3379.844387 -5208.580911 0.783300 0.193239 0.590846 0.314644 0.696477 -0.644918 0.536134 -0.691070 -0.484749
-26.740591 -80.453920 5027.190318 -566.310937 0.796971 0.172480 0.578868 0.275243 0.749373 -0.602230 0.537661 -0.639289 -0.549755
-20.657545 -84.883331 3883.523709 -1052.233088 0.778688 0.179459 0.601198 0.259855 0.779924 -0.569381 0.571069 -0.599595 -0.560684
-26.927266 -75.076708 4091.037994 -5027.676390 0.813044 0.197609 0.547640 0.302980 0.659616 -0.687829 0.497154 -0.725160 -0.476425
60.617125 -44.727331 1090.472694 5949.179149 0.508484 0.452599 0.732529 0.740793 -0.663601 -0.104209 0.438942 0.595641 -0.672712
55.415080 -49.258590 12123.302295 9705.851547 0.425191 0.412492 0.805645 0.765364 -0.639004 -0.076761 0.483147 0.649249 -0.587405
57.818137 -64.653624 7496.991144 20258.036265 0.508714 0.429428 0.746192 0.753198 -0.641808 -0.144134 0.417016 0.635354 -0.649941
63.091528 -42.772148 10221.828856 -2526.252352 0.447880 0.407059 0.796057 0.740755 -0.667527 -0.075430 0.500685 0.623466 -0.600503
55.425437 -57.420713 -9979.548876 17388.694138 0.567983 0.485774 0.664393 0.736597 -0.660156 -0.147033 0.367179 0.572902 -0.732778
54.231019 -41.973166 -17055.020997 5409.142752 0.576067 0.505204 0.642585 0.722580 -0.682254 -0.111390 0.382132 0.528487 -0.758074
64.385462 -40.697156 -6648.260247 -4108.122782 0.543278 0.445807 0.711411 0.706755 -0.700222 -0.100928 0.453151 0.557625 -0.695492
21.119218 -185.584853 3559.336233 -13229.937821 -0.113914 -0.119884 0.986231 0.823206 0.544361 0.161256 -0.556197 0.830240 0.036679
17.212251 -204.546078 512.409572 -7408.620098 -0.120827 -0.121794 0.985174 0.895338 0.415214 0.161141 -0.428684 0.901534 0.058877
15.907610 -203.154775 860.627852 -5345.886277 -0.131811 -0.146016 0.980462 0.769398 0.608575 0.194069 -0.625022 0.779946 0.032128
1.181661 -184.934221 -1051.175518 -5657.814855 0.911453 0.001051 0.411404 -0.360405 -0.480206 0.799694 -0.198399 0.877155 0.437307
1.854216 -194.431708 -2267.485876 32296.243265 0.878182 -0.027921 0.477511 -0.462777 -0.302070 0.833421 -0.120972 0.952877 0.278194
1.249699 -201.202013 2461.612869 13255.031348 0.896476 -0.028180 0.442196 -0.414622 -0.405312 0.814746 -0.156267 0.913744 0.375036
3.038715 -205.183902 705.784815 -31388.282646 0.927165 0.022550 0.373974 -0.294217 -0.574165 0.764049 -0.231952 0.818429 0.525711
-9.540305 -169.127173 -5324.485796 -3263.504653 0.848965 -0.100082 0.518885 -0.147514 0.897988 0.414557 -0.507442 -0.428487 0.747597
-4.296419 -173.405843 -4697.345887 5626.257423 0.855904 -0.143507 0.496824 0.148825 -0.851726 -0.502408 -0.495257 -0.503953 0.707638
-15.185920 -165.189605 -2683.890126 2824.970021 0.860195 -0.086604 0.502558 0.242852 -0.796992 -0.553016 -0.448428 -0.597749 0.664536
25.223606 -214.917219 -3086.108231 59031.175041 0.052016 0.012024 0.998574 0.552073 0.832893 -0.038787 -0.832172 0.553303 0.036686
27.887815 -247.296455 -1716.216742 58763.291693 0.039964 0.003793 0.999194 0.340147 0.940216 -0.017174 -0.939523 0.340559 0.036285
17.236437 -199.720347 -10257.125146 36044.862385 -0.008261 0.023739 0.999684 0.499483 0.866168 -0.016441 -0.866284 0.499190 -0.019013
18.383149 -237.767219 -7716.756934 49381.088264 -0.010348 0.003444 0.999941 0.324482 0.945892 0.000100 -0.945835 0.324463 -0.010905
6.357243 -227.390224 -8581.688765 32914.414488 -0.042335 -0.021160 0.998879 0.407624 0.912416 0.036604 -0.912168 0.408717 -0.030002
55.809562 -97.251282 17688.321403 -2099.246653 -0.058887 0.482633 -0.873841 0.997768 0.056053 -0.036280 0.031472 -0.874027 -0.484856
67.083917 -104.498779 10857.490516 -1547.612107 0.005470 0.438361 -0.898783 0.990887 -0.123342 -0.054127 -0.134585 -0.890296 -0.435040
66.933674 -108.219151 748.773526 -5399.663307 -0.051752 0.366165 -0.929110 0.998431 -0.000970 -0.055995 -0.021404 -0.930549 -0.365541
60.575929 -106.785809 6043.132675 -3134.567772 -0.105001 0.387122 -0.916030 0.988192 0.143974 -0.052428 0.111589 -0.910719 -0.397668
55.144790 -93.577446 10547.661332 2342.631444 -0.111939 0.442941 -0.889535 0.978361 0.205875 -0.020603 0.174007 -0.872593 -0.456402
40.066691 -86.154666 13168.294501 4291.293032 -0.125647 0.501020 -0.856266 0.977689 0.208988 -0.021181 0.168337 -0.839823 -0.516100
13.929840 -225.992408 -68.145371 9828.811112 -0.082226 -0.168161 0.982324 0.830345 0.533533 0.160838 -0.551149 0.828893 0.095761
14.392403 -225.562975 -258.622109 4798.751074 -0.079019 -0.180071 0.980475 0.713003 0.677173 0.181830 -0.696694 0.713450 0.074882
16.634059 -231.016841 -352.467039 9320.374131 -0.105466 -0.189308 0.976237 0.654413 0.725963 0.211474 -0.748746 0.661166 0.047321
18.721917 -227.000854 -17.961082 -465.542116 -0.088783 -0.194521 0.976872 0.530524 0.820818 0.211663 -0.843007 0.537047 0.030323
12.846450 -215.825508 763.314179 3436.204608 -0.095230 -0.170354 0.980770 0.800184 0.572974 0.177218 -0.592146 0.801673 0.081750
13.694432 -210.915611 2560.938925 -2301.571533 -0.118207 -0.189818 0.974677 0.678193 0.701533 0.218873 -0.725314 0.686892 0.045807
18.256409 -210.165904 -1125.205482 1035.248804 -0.140769 -0.206229 0.968325 0.517087 0.818748 0.249544 -0.844278 0.535836 -0.008616
-42.158884 -68.596396 1127.035573 4814.120730 -0.751661 -0.656655 -0.061725 -0.546904 0.672857 -0.498156 0.368649 -0.340686 -0.864888
-38.353365 -62.862491 2694.482626 1858.017245 -0.825235 -0.551022 -0.123940 -0.461323 0.784227 -0.414933 0.325834 -0.285241 -0.901371
-39.964454 -67.893877 3470.684725 3596.100637 0.715893 0.690303 0.104781 -0.584462 0.674577 -0.450943 0.381970 -0.261587 -0.886381
-41.576339 -75.581359 3973.278312 5336.462990 0.633659 0.772667 0.038244 -0.629601 0.543796 -0.554877 0.449531 -0.327524 -0.831053
-8.111683 -411.679622 -3806.336327 -180781.440435 0.377521 0.842962 -0.383267 -0.550027 0.537101 0.639525 -0.744948 0.030627 -0.666419
-9.547186 -687.221977 5184.889667 -423431.507251 0.423068 0.815528 -0.394876 -0.453168 0.567819 0.687182 -0.784635 0.111780 -0.609798
-17.778759 -172.871236 1235.571516 -68687.442561 0.438351 0.793110 -0.422877 -0.550104 0.608815 0.571603 -0.710798 0.017936 -0.703168
-17.115950 -115.184449 44.906245 -32031.205165 -0.526380 -0.668791 0.525017 -0.485647 0.743340 0.459992 -0.697905 -0.012842 -0.716075
-13.049837 -137.715781 2575.616312 -15371.714640 -0.513741 -0.650865 0.558967 -0.528128 0.753363 0.391824 -0.676129 -0.093910 -0.730774
10.543445 -119.314463 -9522.278167 -19367.521488 0.073095 0.817562 -0.571183 0.477795 -0.531420 -0.699503 0.875425 0.221778 0.429471
19.745412 -143.883319 -8685.493359 78856.100117 0.032772 0.888446 -0.457811 0.509763 -0.408857 -0.756953 0.859691 0.208568 0.466295
25.391612 -137.043810 -3702.563075 61925.034739 0.028140 0.835991 -0.548021 0.526324 -0.478478 -0.702881 0.849818 0.268658 0.453467
452.567875 -18348.132238 435075.182301 -13182459.778972 0.144419 0.708002 -0.691286 0.438255 -0.672120 -0.596815 0.887173 0.216768 0.407352
-2.356859 -166.427784 -8091.537562 -69177.672965 0.096840 0.794664 -0.599275 0.463928 -0.568735 -0.679198 0.880564 0.212247 0.423743
15.157912 -155.704397 -5622.301503 -41282.438766 0.069834 0.781807 -0.619597 0.480453 -0.570688 -0.665943 0.874236 0.251182 0.415475
-72.889069 -103.459308 7834.594118 -5117.305825 0.991034 -0.007514 0.133397 0.097467 -0.642241 -0.760281 -0.091386 -0.766466 0.635750
-65.618231 -96.612232 -4158.905371 -3441.515510 0.975799 0.116326 0.185162 0.216297 -0.637879 -0.739139 -0.032129 -0.761301 0.647602
-66.090062 -91.775890 4462.928206 -2239.639495 0.936093 0.191862 0.294821 0.339432 -0.712591 -0.614003 -0.092283 -0.674835 0.732176
-71.035029 -104.835627 3326.922647 -4644.693883 0.993851 0.057435 0.094663 0.110650 -0.546516 -0.830106 -0.004058 -0.835477 0.549511
-88.839835 -106.499274 13356.298111 -10953.326406 0.978544 -0.194773 0.067189 -0.066562 -0.607466 -0.791552 -0.194988 -0.770097 0.607397
-81.056929 -106.733685 9041.270192 -7889.440089 0.993702 -0.098954 0.052582 -0.009649 -0.543064 -0.839636 -0.111641 -0.833840 0.540598
101.987241 -83.718678 79608.268436 4547.941730 0.906762 -0.352642 -0.231141 -0.204722 -0.847454 0.489806 0.368608 0.396818 0.840633
120.291205 -82.740352 89048.959346 -350.050823 0.910941 -0.320227 -0.260080 -0.112421 -0.799273 0.590359 0.396924 0.508544 0.764091
31.892116 -89.939513 84751.056438 -902.245844 0.877963 -0.400747 -0.261882 0.203608 0.807677 -0.553355 0.433271 0.432504 0.790706
44.881386 -86.662381 86825.642539 -199.537561 0.856281 -0.460163 -0.234590 0.331173 0.837669 -0.434321 0.396367 0.294211 0.869674
98.369418 -73.952445 59494.334207 1580.756608 0.913919 -0.375374 -0.154423 -0.289169 -0.869114 0.401275 0.284839 0.322078 0.902847
2.722118 -91.498076 69892.150754 3513.491082 0.870129 -0.451623 -0.197263 0.313321 0.815911 -0.485921 0.380402 0.361008 0.851450
60.578195 -82.846983 11235.385772 -5858.460396 0.868467 -0.326169 0.373334 0.239967 -0.382384 -0.892299 -0.433798 -0.864521 0.253818
62.441357 -79.649745 -3275.857799 -806.347132 0.791948 -0.477403 0.380664 0.251010 -0.313770 -0.915720 -0.556608 -0.820753 0.128657
63.390917 -81.761324 6717.567863 -2939.607218 0.832193 -0.406447 0.377168 0.200394 -0.413775 -0.888050 -0.517008 -0.814611 0.262891
-15.909443 -89.829524 18631.218070 -3261.470564 -0.015714 0.611737 -0.790905 0.851764 0.422482 0.309851 0.523691 -0.668795 -0.527694
-38.376691 -94.045549 10975.501006 -7567.217101 -0.070265 0.566100 -0.821337 0.891703 0.404715 0.202662 0.447134 -0.718148 -0.533230
-17.428341 -87.765848 16917.786278 -9515.360033 -0.002439 0.611343 -0.791362 0.919031 0.313308 0.239205 0.394177 -0.726703 -0.562608
29.267083 -89.009899 35645.331083 -6945.898927 0.093082 0.695935 -0.712047 0.863808 0.299203 0.405355 0.495147 -0.652803 -0.573304
-36.409135 -80.205345 14364.908178 -4331.863085 -0.156344 0.568369 -0.807783 0.942986 0.329188 0.049110 0.293825 -0.754050 -0.587431
-7.660883 -77.211754 19669.953670 -7217.249179 0.030356 0.637686 -0.769698 0.955502 0.207538 0.209627 0.293418 -0.741812 -0.603010
1.529150 -93.850076 444.373975 -978.860900 0.828446 -0.531043 0.177963 0.125042 0.485105 0.865469 0.545933 0.694741 -0.468286
-0.618801 -93.101426 1417.138730 617.509651 0.829647 -0.531366 0.171279 0.162797 0.523717 0.836192 0.534026 0.665861 -0.521005
-1.654016 -94.361855 1193.494226 -2687.180430 0.827463 -0.533150 0.176229 0.109645 0.461212 0.880490 0.550712 0.709249 -0.440093
-4.066520 -94.356322 5622.939215 -1872.242857 0.817366 -0.546880 0.181205 0.166828 0.525726 0.834135 0.551435 0.651564 -0.520945
-4.379728 -95.116914 3594.351729 -1547.848998 0.821607 -0.546498 0.162182 0.111766 0.433410 0.894240 0.558991 0.716587 -0.417172
-18.441396 -76.082314 -44.343491 -8119.392756 0.765619 -0.638435 -0.078919 0.104832 0.002784 0.994486 0.634695 0.769671 -0.069060
-21.864595 -88.678814 1712.513163 -28351.320062 0.778215 -0.627975 -0.005393 0.042421 0.043998 0.998131 0.626564 0.776988 -0.060879
-25.410138 -116.178943 -236.556016 -41594.328926 0.771779 -0.634564 -0.041062 0.043262 -0.012027 0.998991 0.634418 0.772777 -0.018170
-19.461962 -81.226785 1458.068432 -36678.581167 0.746604 -0.655680 -0.112546 0.132138 -0.019646 0.991037 0.652014 0.754784 -0.071972
-22.734757 -127.759320 1990.637210 -60967.929792 0.735271 -0.666942 -0.120685 0.091272 -0.079005 0.992687 0.671600 0.740909 -0.002783
-28.446607 -217.228604 -1220.613322 -8450.901807 0.876417 -0.455928 0.154993 0.326153 0.798802 0.505509 0.354285 0.392485 -0.848786
-28.595511 -219.839495 -5336.445286 -27043.476482 -0.865267 0.455494 -0.209375 0.399721 0.878928 0.260208 0.302549 0.141458 -0.942578
-32.105516 -206.498836 -2551.380922 -19651.195815 -0.876219 0.449790 -0.173002 0.401742 0.880033 0.253268 0.266164 0.152416 -0.951801
-10.189802 -164.126961 443.749273 18597.381536 0.861863 -0.500105 0.084192 -0.013414 0.143475 0.989563 0.506964 0.853997 -0.116947
-15.028778 -198.165095 2888.383543 26263.483750 0.857590 -0.495031 0.139585 0.041228 0.336679 0.940717 0.512679 0.800994 -0.309142
-14.736261 -179.499055 -314.387144 16043.369013 0.865486 -0.492596 0.091015 0.073226 0.304149 0.949806 0.495553 0.815379 -0.299307
-9.891716 -166.418674 -2226.038752 15313.468197 0.868389 -0.494380 0.038598 0.058382 0.179224 0.982075 0.492435 0.850569 -0.184499
-4.041469 -143.236558 -2975.017022 21373.886155 0.865331 -0.500440 0.027616 -0.047614 -0.027231 0.998495 0.498935 0.865343 0.047392
-5.364410 -140.472363 -1501.956233 21118.987941 0.861958 -0.503936 0.055470 -0.102624 -0.066284 0.992509 0.496485 0.861194 0.108850
-8.942072 -292.155483 1507.498610 7301.384230 0.908710 -0.065853 -0.412201 -0.021136 0.978953 -0.202991 0.416892 0.193172 0.888192
-6.168586 -272.965770 -170.560201 1875.763569 0.917430 -0.062851 -0.392902 0.015981 0.992469 -0.121446 0.397576 0.105139 0.911526
-7.810151 -288.638224 1916.190663 -31208.823105 0.909738 -0.058220 -0.411080 0.118035 0.985531 0.121639 0.398051 -0.159181 0.903447
-5.674762 -269.070195 54.592015 20310.273730 0.917741 -0.071513 -0.390688 -0.066830 0.941829 -0.329381 0.391517 0.328397 0.859576
-10.195559 -286.491448 -3540.163889 -34691.334570 0.918601 -0.046080 -0.392492 0.096965 0.989100 0.110815 0.383107 -0.139852 0.913056
-9.656298 -296.046404 -2510.847907 -40085.755447 0.913850 -0.058798 -0.401772 0.130808 -0.894083 0.428374 0.384405 0.444025 0.809367
-5.820565 -280.615690 1684.080083 -39957.355675 0.909957 -0.083183 -0.406275 0.139981 -0.860568 0.489722 0.390364 0.502497 0.771436
17.532589 -228.568153 3721.923911 -17246.197869 0.792033 0.030786 -0.609702 0.530706 0.458884 0.712584 -0.301720 0.887962 -0.347113
12.035077 -218.225349 783.051987 -16382.891440 0.783608 0.002256 -0.621251 0.514537 0.558041 0.651032 -0.348153 0.829811 -0.436124
12.099023 -231.418069 1211.972526 -16779.808207 0.785037 0.004701 -0.619432 0.577713 0.355283 0.734862 -0.223528 0.934747 -0.276194
21.314186 -219.190102 3654.777131 4924.614145 0.793203 0.032270 -0.608102 0.594696 0.173801 0.784939 -0.131019 0.984252 -0.118668
-7.240359 -183.061834 3455.408335 15739.299737 0.915472 -0.401133 -0.031687 -0.375480 -0.823303 -0.425661 -0.144658 -0.401579 0.904328
-7.461880 -169.540329 2996.747981 757.732143 0.934841 -0.354264 -0.023867 -0.308664 -0.777605 -0.547775 -0.175498 -0.519450 0.836285
-5.708782 -189.270547 2748.666839 15656.340882 0.921010 -0.387384 -0.040921 -0.370534 -0.838815 -0.398866 -0.120189 -0.382522 0.916096
9.319132 -121.708219 1811.453044 4158.988238 0.871329 -0.476954 0.115330 0.310941 0.718488 0.622166 0.379608 0.506250 -0.774344
11.397186 -125.018412 1402.273322 7276.135413 0.880950 -0.456805 0.123519 0.328794 0.778603 0.534483 0.340327 0.430241 -0.836105
8.920813 -117.648309 689.356728 6318.538716 0.878135 -0.455738 0.145540 0.311008 0.774965 0.550185 0.363529 0.437873 -0.822262
7.978585 -114.140073 443.536586 2388.219651 0.867593 -0.481037 0.126039 0.294164 0.700823 0.649857 0.400936 0.526736 -0.749533
-0.170415 -273.817642 -5010.138432 -3680.905362 0.880123 -0.006191 -0.474705 0.402812 -0.519446 0.753604 0.251249 0.854481 0.454683
-5.435698 -246.766533 -4337.728222 -4370.844959 0.867113 0.000400 -0.498111 0.468929 -0.337910 0.816041 0.167991 0.941178 0.293193
-11.792734 -314.391661 -4594.195083 -28045.108744 0.839708 0.023456 -0.542531 0.530477 -0.249066 0.810284 0.116120 0.968202 0.221586
-22.704278 -356.969149 11303.202169 -29745.709816 0.806186 -0.004535 -0.591645 0.573369 -0.240743 0.783129 0.145986 0.970578 0.191483
-6.420285 -332.686666 3743.150360 -3899.463638 0.858324 -0.006152 -0.513071 0.411921 -0.587950 0.696158 0.305942 0.808874 0.502117
11.851960 -124.498626 11449.573593 -3055.297611 0.855068 -0.018411 -0.518189 -0.513610 -0.167214 -0.841572 0.071154 -0.985749 0.152435
0.032557 -122.953974 9529.983299 -6215.433610 0.855519 -0.023746 -0.517226 -0.508943 -0.222241 -0.831616 0.095201 -0.974703 0.202217
0.975944 -129.686328 16395.636480 -6341.060572 0.850404 -0.003391 -0.526120 -0.525401 -0.058133 -0.848867 0.027706 -0.998303 0.051218
-39.711155 -119.841152 -53393.529047 -68271.881402 0.682944 -0.727572 0.065016 -0.630182 -0.541831 0.556139 0.369403 0.420784 0.828543
-18.700461 -136.505591 56538.643353 55921.460099 -0.677813 -0.652791 0.338280 0.698588 -0.715258 0.019504 0.229225 0.249539 0.940843
-8.145702 -2505.077213 -52753.752463 1523354.915873 0.754343 0.535224 -0.380134 -0.584875 0.810904 -0.018890 0.298142 0.236580 0.924738
-25.502592 -50.842715 -5436.210241 20846.334937 -0.314616 0.918428 -0.239805 0.842093 0.153467 -0.517037 0.438059 0.364606 0.821685
-4455.604229 -12482.399522 2259232.094583 9335635.014443 0.825855 -0.498609 -0.263349 -0.018100 -0.490228 0.871406 0.563592 0.714889 0.413882
-2454.691857 -15579.715379 1623692.239558 22889168.321645 0.864531 -0.428853 -0.262051 0.260053 0.827902 -0.496942 0.430067 0.361474 0.827272
-500.940489 -4763.495593 275298.354048 682074.848287 0.729956 -0.408537 -0.547962 0.526000 0.847706 0.068686 0.436450 -0.338366 0.833679
-25.672823 -60.683913 -5025.314557 -6059.191687 0.688032 -0.193466 0.699416 0.667872 -0.208148 -0.714577 -0.283829 -0.958773 0.014002
-27.383377 -65.723269 6916.095875 -6376.931045 -0.649528 0.210367 -0.730657 0.720258 -0.137646 -0.679913 -0.243603 -0.967884 -0.062113
-33.009099 -72.182813 4805.495514 -7998.510639 -0.566168 0.156549 -0.809288 0.799028 -0.136968 -0.585486 -0.202503 -0.978127 -0.047540
-18.598817 -55.283885 -3311.076192 -2710.564039 0.784383 -0.253660 0.566040 0.543520 -0.158643 -0.824269 -0.298882 -0.954196 -0.013433
-16.761054 -51.982006 -3741.321026 -3484.992726 0.797225 -0.246418 0.551099 0.506249 -0.224395 -0.832681 -0.328852 -0.942828 0.054145
-23.589512 -55.387340 3064.567645 -3425.835782 0.879427 -0.300698 0.369039 0.378587 -0.028174 -0.925137 -0.288584 -0.953303 -0.089064
-31.275531 -62.067200 1283.172051 -6317.337230 0.893881 -0.315678 0.318314 0.354024 0.061456 -0.933215 -0.275033 -0.946874 -0.166692
-26.539258 -61.745130 5297.972114 -5265.745155 0.803170 -0.266917 0.532610 0.549473 -0.013571 -0.835401 -0.230211 -0.963624 -0.135764
-20.435846 -57.079869 1890.580180 -3686.346588 0.802282 -0.261991 0.536381 0.534056 -0.086429 -0.841020 -0.266698 -0.961192 -0.070577
-33.121077 -71.098310 -7131.439072 -4984.449973 -0.699092 0.254434 -0.668232 0.701609 0.063861 -0.709695 -0.137897 -0.964979 -0.223158
-25.868123 -66.586219 526.778717 -6030.104175 0.704400 -0.250904 0.663979 0.678447 -0.036969 -0.733718 -0.208639 -0.967306 -0.144184
70.531053 -1801.034767 701297.909631 1311332.217902 -0.034825 0.998769 0.035321 0.482275 0.047750 -0.874718 0.875328 0.013428 0.483344
-381.246074 -859.350445 77113.131563 531708.120266 0.136202 0.987526 0.079004 -0.298547 0.116954 -0.947202 0.944626 -0.105424 -0.310752
1034.062429 -4104.230351 566991.988526 2005464.600643 0.501091 -0.299441 0.811938 0.605086 -0.549529 -0.576097 0.618691 0.779970 -0.094177
-767.976004 -2418.072093 -474745.926528 1666124.205853 0.755785 0.627110 0.188473 0.384552 -0.192099 -0.902894 0.530009 -0.754871 0.386342
15.740497 -620.041509 -2669.358247 15177.057314 -0.465607 -0.130647 -0.875295 0.846528 0.222663 -0.483540 0.258069 -0.966102 0.006923
12.996249 -818.808949 -8453.825711 -302498.170335 -0.465922 -0.117656 -0.876969 0.884623 -0.040693 -0.464529 0.018968 -0.992220 0.123041
19.425780 -1159.766207 -752.847367 -747654.878904 -0.419249 -0.121686 -0.899679 0.877779 -0.307354 -0.367473 -0.231804 -0.943783 0.235671
49.732456 -191.672194 -9561.834332 8012.777574 -0.709813 0.700473 0.074184 0.581706 0.642314 -0.499049 0.397220 0.311078 0.863392
47.605155 -189.920479 -14155.710657 10204.505107 -0.702825 0.701717 0.116750 0.472393 0.583104 -0.660935 0.531866 0.409370 0.741306
37.481098 -196.037702 -22909.121186 5030.894807 -0.659565 0.740195 0.130709 0.597645 0.621900 -0.506024 0.455845 0.255639 0.852558
36.731930 -186.794672 -6706.853550 2847.376160 -0.690612 0.720814 0.059016 0.661211 0.662348 -0.352272 0.293012 0.204261 0.934035
31.323179 -72.524243 23767.029311 -3042.449917 0.157999 0.674111 -0.721534 0.936869 0.128506 0.325213 0.311951 -0.727366 -0.611249
54.090070 -80.149790 34308.854174 -7389.827007 0.160027 0.694369 -0.701600 0.906510 0.177928 0.382858 0.390679 -0.697275 -0.600980
35.369894 -82.384204 36413.405105 -9600.259128 0.112447 0.700396 -0.704841 0.913320 0.206564 0.350968 0.391411 -0.683211 -0.616458
-95.891902 -146.499104 -801.328731 -7235.572526 0.889097 0.420722 0.180276 -0.331108 0.319241 0.887949 -0.316028 0.849163 -0.423141
-76.229515 -121.190065 1222.848183 18629.737728 0.561584 0.696637 0.446452 0.763705 -0.228778 -0.603668 -0.318399 0.679968 -0.660504
-81.425748 -134.882368 2415.463775 -13931.807780 0.660970 0.652513 0.370601 -0.631450 0.216791 0.744495 -0.405450 0.726105 -0.555321
-81.309481 -140.792853 4853.879557 -10624.750001 0.772518 0.550301 0.316836 -0.515698 0.252579 0.818694 -0.370502 0.795847 -0.478911
-87.574146 -132.195584 3649.416913 924.407314 0.019196 0.911330 0.411229 -0.413844 -0.367173 0.833017 -0.910145 0.186175 -0.370100
-82.234864 -126.963342 -3869.433493 -1455.422088 -0.183252 0.944950 0.271086 -0.414138 -0.324298 0.850482 -0.891576 -0.043585 -0.450768
-81.700082 -128.097376 -2073.226083 1745.089636 -0.150451 0.946573 0.285243 -0.261460 -0.316352 0.911899 -0.953417 -0.062616 -0.295086
-84.896183 -130.497525 449.779827 1917.849736 -0.024784 0.948558 0.315631 -0.250803 -0.311531 0.916540 -0.967721 0.056446 -0.245622
75.418517 -87.945622 3369.067091 255.799129 0.985532 -0.169124 -0.011116 0.159391 0.902516 0.400073 0.057630 0.396057 -0.916416
68.030320 -86.962559 -17522.486012 -1386.353594 0.985995 -0.121921 -0.113792 0.160174 0.882339 0.442518 -0.046450 0.454547 -0.889511
68.503185 -87.713691 -10464.405550 -745.278228 0.984033 -0.137607 -0.112888 0.167134 0.932480 0.320229 -0.061200 0.333984 -0.940590
73.252562 -88.745144 14749.124801 -1518.020954 0.978820 -0.192488 0.069707 0.165703 0.944881 0.282388 0.120221 0.264857 -0.956764
-35.850456 -87.527673 11648.181204 1134.497056 0.982810 -0.129021 0.132050 0.018733 0.781265 0.623919 0.183664 0.610720 -0.770252
-40.255045 -88.933132 10171.421214 771.907931 0.984706 -0.112790 0.132791 0.029061 0.857824 0.513121 0.171786 0.501414 -0.847982
-20.344887 -88.851998 17519.182406 2291.496687 0.974015 -0.117317 0.193728 -0.042727 0.744838 0.665876 0.222415 0.656851 -0.720471
-46.519685 -87.857724 4271.322235 998.441656 0.986563 -0.159077 0.037262 0.106362 0.798443 0.592601 0.124021 0.580675 -0.804633
-29.498533 -85.608671 12860.323309 -142.096125 0.981408 -0.173295 0.082502 0.058694 0.680239 0.730637 0.182737 0.712211 -0.677763
-41.697143 -84.967495 4833.603490 992.056980 0.982525 -0.185222 0.018373 0.121699 0.713958 0.689532 0.140834 0.675246 -0.724023
1.359036 -92.512897 -10443.224509 5851.398117 0.723391 0.469235 0.506483 0.487555 0.172243 -0.855933 0.488872 -0.866113 0.104179
3.862964 -86.222452 -2950.668800 -2762.399214 0.727673 0.502815 0.466551 0.532706 0.014222 -0.846181 0.432108 -0.864277 0.257503
-4.479539 -99.794571 -439.323540 -29188.829275 0.841316 0.244429 0.482122 -0.518630 0.616395 0.592520 0.152348 0.748540 -0.645351
-3.079953 -99.600019 1859.081482 -27447.302514 0.851437 0.223778 0.474319 -0.499015 0.623939 0.601402 0.161365 0.748748 -0.642913
-3.105926 -91.800420 1579.165352 -11952.971738 0.829439 0.253771 0.497626 -0.527272 0.649816 0.547471 0.184433 0.716478 -0.672789
0.752867 -94.548360 1049.537306 -11177.118915 0.848235 0.234444 0.474904 -0.498539 0.656111 0.566549 0.178766 0.717325 -0.673415
-7.274151 -94.463352 2116.098271 -22913.237323 0.829591 0.252851 0.497840 -0.534717 0.616512 0.577919 0.160797 0.745640 -0.646657
-7.306958 -87.396804 2769.515457 -7011.627942 0.804120 0.286618 0.520808 -0.564176 0.644038 0.516644 0.187341 0.709271 -0.679586
-11.162989 -153.954744 -2526.963608 -16889.672454 0.869102 0.232446 0.436612 -0.493364 0.344207 0.798820 -0.035398 0.909665 -0.413831
-2.261546 -152.162705 -2305.462413 719.737085 0.882483 0.236943 0.406303 -0.458188 0.237943 0.856415 -0.106245 0.941935 -0.318546
3.555794 -157.622507 -3864.284548 4255.635814 0.888248 0.249087 0.385969 -0.427439 0.140406 0.893074 -0.168261 0.958249 -0.231185
5.213802 -158.148229 -3484.773535 -730.395608 0.898107 0.244346 0.365648 -0.381362 0.018653 0.924238 -0.219014 0.969509 -0.109936
0.575985 -234.181483 2459.602903 20725.123607 0.922204 0.139807 0.360547 0.310208 -0.824145 -0.473873 -0.230892 -0.548852 0.803399
7.325135 -239.919419 629.902523 16586.698148 0.927345 0.114727 0.356187 0.240907 -0.911396 -0.333649 -0.286349 -0.395215 0.872817
6.930987 -253.675916 1446.603128 -10414.011229 0.934160 0.095729 0.343773 -0.128754 0.988874 0.074506 -0.332816 -0.113862 0.936092
-0.777991 -102.387069 19803.600029 -8822.720987 -0.439477 -0.551304 0.709172 0.809113 0.099929 0.579095 -0.390124 0.828298 0.402151
-15.682683 -100.468225 15652.927912 -14637.605260 -0.519882 -0.546703 0.656383 0.719806 0.133413 0.681235 -0.460003 0.826630 0.324161
7.896396 -86.368687 15605.975835 -7822.811910 -0.486091 -0.547113 0.681456 0.742507 0.152666 0.652209 -0.460867 0.823019 0.332025
-22.211424 -118.929452 21630.604186 -11874.316033 -0.428613 -0.544660 0.720858 0.834198 0.067857 0.547274 -0.346994 0.835907 0.425270
21.026720 -94.081024 15187.187731 -8690.275178 -0.409178 -0.519876 0.749868 0.840182 0.105884 0.531868 -0.355904 0.847654 0.393465
2.810820 -109.725779 20071.127367 -2545.064533 -0.363146 -0.549456 0.752478 0.891658 0.029365 0.451756 -0.270316 0.835007 0.479263
46.597684 -50.904505 16316.612036 -5984.604718 0.375920 0.370368 0.849419 0.761006 -0.646414 -0.054939 0.528728 0.667066 -0.524852
48.530917 -89.404638 -5678.032047 26684.120666 0.566599 0.467870 0.678280 0.763005 -0.608702 -0.217498 0.311110 0.640765 -0.701877
42.438668 -71.613734 -18496.303060 22556.153591 0.603954 0.513020 0.609959 0.740176 -0.644859 -0.190516 0.295599 0.566540 -0.769190
36.430069 -95.248253 -15752.347905 23738.445901 0.610450 0.501923 0.612718 0.758672 -0.592755 -0.270293 0.227525 0.629853 -0.742643
-2.563486 -166.973351 -6997.625845 6905.326647 0.860967 -0.171003 0.479055 0.237103 -0.698304 -0.675392 -0.450020 -0.695076 0.560671
6.354633 -172.808776 -5066.960069 4468.930838 0.871916 -0.167031 0.460286 0.131079 -0.826092 -0.548078 -0.471785 -0.538212 0.698389
23.805679 -174.633078 -14217.485795 -7743.436224 0.862735 -0.186818 0.469880 -0.083089 0.864241 0.496169 -0.498783 -0.467104 0.730089
21.127180 -171.212974 -14776.108488 11332.354949 0.859822 -0.206931 0.466783 0.151994 -0.769021 -0.620891 -0.487447 -0.604803 0.629768
23.937669 -402.942612 228.216003 98871.225562 0.054739 -0.087175 0.994688 -0.216451 0.971458 0.097050 -0.974758 -0.220613 0.034308
24.650408 -320.024504 -4833.087263 85505.967886 0.014482 -0.039189 0.999127 0.098062 0.994470 0.037585 -0.995075 0.097432 0.018245
24.143654 -431.770793 4321.746463 141865.638713 0.066201 -0.074177 0.995045 -0.137981 0.986972 0.082755 -0.988220 -0.142775 0.055104
25.136414 -446.044150 2859.082075 87052.486005 0.074574 -0.101547 0.992032 -0.480639 0.867967 0.124978 -0.873742 -0.486129 0.015921
22.819917 -420.070933 664.722437 41343.745831 0.066091 -0.119823 0.990593 -0.508165 0.850332 0.136761 -0.858720 -0.512424 -0.004691
-22.781662 -61.975042 -82.919835 -4969.507559 0.648090 -0.756032 -0.091623 0.552295 0.383753 0.740070 0.524356 0.530235 -0.666259
-26.767893 -55.283094 2432.553017 4276.080937 -0.760823 0.638725 -0.114800 -0.375966 -0.578009 -0.724262 0.528960 0.507874 -0.679901
-30.878356 -51.143868 2055.412566 -9518.737796 -0.587930 0.792821 0.160540 0.663654 0.359287 0.656107 0.462495 0.492288 -0.737394
65.893657 -113.596633 15709.131834 8719.225988 0.082921 0.446560 -0.890903 0.957909 -0.282263 -0.052325 -0.274836 -0.849065 -0.451169
68.637497 -111.021024 -12475.977176 -341.799705 0.007322 0.315644 -0.948849 0.976598 -0.206223 -0.061066 -0.214950 -0.926197 -0.309767
59.823934 -100.332057 36941.100810 3926.679609 0.079938 0.545813 -0.834085 0.977818 -0.205458 -0.040735 -0.193603 -0.812327 -0.550130
-28.012749 -118.245273 -32477.601636 -71028.227540 0.153752 -0.035092 -0.987486 -0.281057 0.956536 -0.077753 0.947295 0.289495 0.137207
-29.923132 -515.567534 -20931.923813 -422202.475249 0.235130 -0.613844 -0.753598 -0.239251 0.714926 -0.656993 0.942058 0.334778 0.021237
-134.403877 -739.840666 -37527.841123 -512824.863159 -0.015291 -0.128338 -0.991613 -0.359975 0.925935 -0.114287 0.932836 0.355209 -0.060357
-63.064437 -1374.456038 -104578.247921 -900954.988428 -0.053809 0.163201 -0.985124 -0.400851 0.900043 0.171001 0.914562 0.404090 0.016988
12.810295 -236.604606 281.010340 21020.217645 -0.067239 -0.169985 0.983150 0.837007 0.526709 0.148311 -0.543045 0.832876 0.106863
43.869939 -79.710649 -18591.701290 4555.265230 0.912171 -0.142687 0.384168 -0.180324 0.702051 0.688918 0.368005 0.697685 -0.614660
53.457508 -74.845926 -269.115241 1928.365124 0.872800 -0.273243 0.404425 -0.129195 0.669710 0.731298 0.470669 0.690526 -0.549221
56.478284 -74.012237 -19035.760987 1988.604581 0.903910 -0.198332 0.378961 -0.182075 0.623292 0.760497 0.387034 0.756420 -0.527289
35.949305 -75.356458 -18407.502414 6323.004861 0.916179 -0.128715 0.379537 -0.216977 0.636914 0.739771 0.336953 0.760114 -0.555599
-32.158855 -58.882422 -5728.840697 235.265622 0.907906 0.392632 0.146789 -0.321158 0.876606 -0.358356 0.269378 -0.278211 -0.921973
-35.610673 -61.673274 -7108.520393 2739.834708 0.873552 0.476079 0.101267 -0.387807 0.806508 -0.446264 0.294130 -0.350562 -0.889153
-27.609120 -57.412774 -6179.402448 304.029642 0.943483 0.297815 0.145416 -0.224399 0.896932 -0.380996 0.243895 -0.326831 -0.913070
-24.987943 -55.970687 -4616.285809 -1589.077482 0.963427 0.203435 0.174418 -0.145023 0.943164 -0.299017 0.225335 -0.262786 -0.938172
-28.792033 -57.516636 5734.836860 1183.188497 -0.938375 -0.295041 -0.180011 -0.239703 0.930781 -0.276023 0.248989 -0.215864 -0.944144
-0.593478 -513.595244 5397.913631 -40996.888989 0.851996 0.188496 0.488439 0.518469 -0.433422 -0.737113 -0.072758 -0.881257 0.467003
-2.099157 -493.915446 7012.817260 119293.401352 0.846791 0.209281 0.489025 0.504212 -0.022931 -0.863275 0.169453 -0.977587 0.124940
8.853308 -634.345582 9507.271784 256747.086390 0.853646 0.218270 0.472913 0.462553 0.099713 -0.880967 0.239444 -0.970781 0.015842
14.435290 -640.469278 9555.232545 134468.202933 0.876213 0.174434 0.449248 0.476265 -0.170990 -0.862516 0.073635 -0.969709 0.232900
25.199040 -957.316968 19228.844996 431622.233239 0.838575 0.243461 0.487358 0.405183 0.319274 -0.856674 0.364167 -0.915856 -0.169089
29.436943 -327.112959 -2646.660638 191749.696660 0.086881 0.845439 -0.526958 0.642560 -0.451778 -0.618881 0.761294 0.284834 0.582496
-67.618566 -90.722895 12129.029344 -588.245296 0.927860 0.170740 0.331547 0.341793 -0.744963 -0.572894 -0.149174 -0.644886 0.749580
-52.746269 -91.536435 19502.347904 2529.286018 0.823217 0.393773 0.408970 0.548699 -0.736778 -0.395078 -0.145750 -0.549637 0.822591
-80.596664 -92.089971 13445.232203 798.387503 0.914042 0.126483 0.385395 0.336335 -0.767434 -0.545824 -0.226727 -0.628528 0.744007
143.449384 -76.261430 49215.024724 -2118.461635 0.969487 -0.200163 -0.141529 -0.060599 -0.755091 0.652813 0.237536 0.624317 0.744181
103.519423 -82.756021 102078.554333 9.104363 0.890625 -0.343581 -0.297891 -0.066880 -0.746928 0.661533 0.449793 0.569255 0.688211
49.842984 -86.260772 99137.874927 632.452445 0.874248 -0.381469 -0.300285 -0.126939 -0.776632 0.617032 0.468590 0.501322 0.727393
55.297245 -88.900129 1641.265391 6321.095305 0.807013 -0.428139 0.406726 0.068860 -0.615820 -0.784872 -0.586505 -0.661409 0.467494
54.500607 -90.458570 -15717.945565 -4929.066108 0.734623 -0.513786 0.443117 -0.024604 0.632503 0.774167 -0.678030 -0.579623 0.452010
56.368689 -93.963913 2899.146358 -7223.938230 0.791237 -0.445907 0.418463 -0.005131 0.679446 0.733708 -0.611488 -0.582684 0.535315
52.972131 -81.844401 -13575.288172 -5329.431212 0.731065 -0.532275 0.426881 -0.095280 0.539872 0.836337 -0.675622 -0.652090 0.343967
57.990488 -81.914865 3428.660325 3941.214689 0.820955 -0.409977 0.397432 0.123097 -0.552592 -0.824311 -0.557566 -0.725645 0.403186
-33.871009 -92.670919 4564.086147 1087.828202 -0.073570 0.531882 -0.843616 0.842660 0.485584 0.232665 0.533397 -0.693764 -0.483920
-41.240538 -92.314321 3114.210629 -2371.964127 -0.135960 0.487832 -0.862285 0.884824 0.451303 0.115808 0.445647 -0.747225 -0.493005
8.338059 -93.494272 3109.986467 3999.019649 0.830467 -0.535900 0.152104 0.168218 0.501545 0.848619 0.531062 0.679164 -0.506665
4.861356 -92.933248 3081.560317 898.800040 0.824824 -0.539797 0.168179 0.137073 0.479502 0.866769 0.548522 0.691879 -0.469496
6.313852 -93.488723 5252.786242 1332.436032 0.820881 -0.546764 0.164933 0.099589 0.421421 0.901380 0.562348 0.723501 -0.400389
8.806195 -93.240262 1144.937580 4183.242984 0.838678 -0.526623 0.138878 0.105031 0.406601 0.907548 0.534403 0.746555 -0.396319
5.855592 -92.652588 4347.181197 -1756.045701 0.823569 -0.542543 0.165475 0.025363 0.326663 0.944800 0.566649 0.773911 -0.282790
-17.851146 -71.823304 -2092.099937 1724.089334 0.782101 -0.616128 -0.093301 0.119957 0.001933 0.992777 0.611497 0.787644 -0.075421
-19.072168 -80.460971 2081.997728 -5867.538518 0.788206 -0.615158 -0.017658 0.077676 0.070981 0.994449 0.610489 0.785202 -0.103731
