17008
34002
-46.113531 -77.067107 -1350.921315 9458.282008 -0.283718 0.955645 -0.079037 0.950600 0.269476 -0.154082 0.125949 0.118848 0.984892
-35.769435 -54.406942 -2555.713923 7094.039962 0.111165 0.987596 -0.110888 0.953373 -0.137478 -0.268661 0.280573 0.075852 0.956831
-40.159251 -57.967313 -557.681370 5593.856352 0.213698 0.956812 -0.197091 0.951314 -0.249693 -0.180706 0.222114 0.148880 0.963587
-33.094008 -48.536203 -274.959873 4052.575024 0.493165 0.817405 -0.297721 0.809577 -0.556489 -0.186827 0.318392 0.148891 0.936193
-43.601442 -67.349696 649.816112 6108.091291 -0.171115 -0.959620 0.223269 0.977142 -0.194306 -0.086246 0.126145 0.203407 0.970934
-37.146587 -53.633431 876.805152 3149.727218 0.498511 0.792438 -0.351468 0.825540 -0.557681 -0.086457 0.264519 0.247051 0.932199
8.135697 -12.539536 -9490.907293 -13565.635625 0.393124 0.917518 0.060124 0.298407 -0.065461 -0.952191 0.869717 -0.392270 0.299528
17.940514 -41.777695 -9990.640755 -7105.499683 0.441796 0.893392 -0.081648 0.153515 -0.164956 -0.974280 0.883883 -0.417899 0.210027
-6.186876 -24.913517 -7680.984029 -12855.219316 0.469871 0.864022 -0.180795 0.158969 -0.284287 -0.945468 0.868303 -0.415507 0.270931
-2.960726 -16.679538 -15141.155007 -8986.290539 0.369325 -0.041899 -0.928355 0.372320 0.921973 0.106508 0.851456 -0.384981 0.356107
-10.860225 -26.529780 -14854.544753 -4674.575199 0.426403 0.292029 -0.856096 0.211831 0.887891 0.408383 0.879379 -0.355483 0.316739
-18.987594 -41.792246 -6895.632052 -6441.584912 0.430559 0.884210 -0.181082 0.119199 -0.254581 -0.959677 0.894656 -0.391613 0.215009
10.743963 -18.281375 10141.716409 -2771.669723 0.672557 0.460582 -0.579250 -0.267443 0.881093 0.390064 0.690030 -0.107424 0.715765
-4.922273 -25.357013 6836.557469 6923.823856 0.544580 0.735865 -0.402412 0.496353 -0.669523 -0.552605 0.676067 -0.101199 0.729858
16.179615 -37.352647 11136.108538 6169.221452 0.647396 0.554710 -0.522662 -0.342764 0.824412 0.450398 0.680729 -0.112436 0.723855
4.327930 -35.685846 -618.650283 7128.404316 0.680051 0.562354 -0.470414 -0.360526 0.815185 0.453315 0.638398 -0.138681 0.757110
39.041394 -46.131807 823.687509 -1010.675143 -0.332679 0.937124 -0.105470 0.743380 0.191782 -0.640786 0.580268 0.291580 0.760440
42.408073 -47.862108 -835.170902 -1089.780503 -0.309472 0.948224 -0.071395 0.685225 0.170319 -0.708137 0.659313 0.268071 0.702456
38.322087 -48.382824 -4188.604856 164.438462 -0.229129 0.973206 -0.019245 0.719155 0.155926 -0.677128 0.655984 0.168990 0.735613
-5.173386 -46.854178 3639.772173 -888.667426 0.269598 0.959736 -0.078892 0.037666 -0.092373 -0.995012 0.962236 -0.265282 0.061053
0.494356 -45.656847 3547.211431 -821.895909 0.270165 0.962316 -0.030969 0.164961 -0.077954 -0.983215 0.948577 -0.260521 0.179805
-7.734907 -47.806286 3284.381393 -1069.286403 0.280520 0.952027 -0.122285 0.059110 -0.144293 -0.987768 0.958026 -0.269860 0.096752
-10.111176 -49.047089 2491.820184 -570.228407 0.284677 0.943898 -0.167378 -0.068390 -0.154161 -0.985676 0.956181 -0.292046 -0.020667
-20.454051 -31.866434 2483.288191 -16.538307 -0.022450 0.999740 -0.004045 0.844380 0.021127 0.535327 -0.535273 -0.008602 0.844635
-23.723804 -31.567901 2071.286028 -252.074199 -0.048652 0.998569 0.022194 0.823374 0.027518 0.566831 -0.565409 -0.045851 0.823535
-23.661640 -31.100939 1831.077923 672.035944 -0.101172 0.994834 0.008330 0.874396 0.084924 0.477724 -0.474548 -0.055616 0.878471
-19.385636 -31.583336 2428.053018 624.391505 -0.035729 0.999154 -0.020385 0.881577 0.041119 0.470245 -0.470685 0.001170 0.882300
-13.268446 -44.944975 -2323.604798 -228.808885 0.278321 0.956741 0.084760 0.878020 -0.289207 0.381366 -0.389382 0.031721 0.920530
-11.327645 -44.491470 -2571.091355 258.691792 0.289243 0.953179 0.088246 0.912371 -0.302404 0.275917 -0.289685 -0.000706 0.957122
-14.775218 -44.316671 -1690.625827 521.495756 0.360179 0.929514 0.079216 0.882891 -0.367071 0.292853 -0.301289 0.035540 0.952870
1.612337 -65.953553 -385.169527 10110.007989 -0.132568 0.968651 0.210096 0.895742 0.207830 -0.393005 0.424349 -0.136092 0.895213
1.126569 -65.932885 -426.404912 788.939918 -0.152522 0.964998 0.213344 0.956456 0.198484 -0.214002 0.248856 -0.171414 0.953251
0.584770 -64.956759 -107.518297 6089.804949 -0.141627 0.967248 0.210650 0.917286 0.208237 -0.339447 0.372195 -0.145151 0.916735
0.882728 -61.824618 214.325281 5202.094763 -0.119318 0.974359 0.190753 0.878959 0.193011 -0.436093 0.461729 -0.115631 0.879452
-1.010805 -64.215361 707.331668 4969.926701 -0.126517 0.973706 0.189448 0.892093 0.195200 -0.407514 0.433779 -0.117448 0.893332
-1.720858 -67.829419 1080.990208 8167.921369 -0.153789 0.968749 0.194611 0.919725 0.212336 -0.330180 0.361185 -0.128211 0.923638
-15.178214 -120.957698 -1002.620035 8589.653658 0.431429 -0.844889 -0.316279 0.897880 0.368076 0.241521 -0.087644 -0.388179 0.917407
-18.144981 -130.618462 655.552047 2539.126331 0.466471 -0.809476 -0.356587 0.834831 0.269662 0.479937 -0.292340 -0.521566 0.801565
-14.066185 -122.471229 -416.506174 353.823100 0.488424 -0.804697 -0.337498 0.851952 0.356099 0.383889 -0.188731 -0.475033 0.859491
-11.473729 -110.515313 -1197.745058 5698.693913 0.493413 -0.812425 -0.310661 0.869744 0.456952 0.186389 -0.009470 -0.362162 0.932067
-13.118007 -85.379807 -2803.229090 -1493.295842 -0.173838 0.984472 0.024405 -0.968330 -0.166373 -0.186166 0.179215 0.055995 -0.982215
-8.866434 -85.216890 -3192.212633 -1540.237361 -0.183994 0.982914 0.005131 -0.947607 -0.175993 -0.266586 0.261128 0.053913 -0.963797
-9.194128 -87.692040 -3695.707146 -2404.268514 -0.192868 0.981222 -0.002454 -0.975650 -0.192038 -0.105962 0.104444 0.018042 -0.994367
-10.791845 -84.912917 -1621.726167 407.796608 -0.160519 0.986408 0.035124 -0.920777 -0.136832 -0.365304 0.355532 0.090979 -0.930226
-14.415777 -88.398756 -3880.758734 -2276.207818 -0.197710 0.980220 0.008872 -0.980212 -0.197783 0.008179 -0.009772 0.007080 -0.999927
-14.901219 -86.449607 136.150705 2301.712259 -0.182486 0.980910 0.067189 0.983082 0.180939 0.028482 0.015781 0.071250 -0.997334
-13.004486 -83.051836 -315.228297 -773.853439 -0.159431 0.984702 0.070305 -0.933925 -0.127362 -0.334009 0.319945 0.118911 -0.939944
9.645581 -81.442779 -1765.821463 -3514.018872 -0.018413 0.998503 0.051498 0.341529 0.054690 -0.938279 0.939691 -0.000312 0.342025
9.197020 -76.836414 -579.296578 114.876693 -0.018942 0.999772 0.009868 0.207948 0.013593 -0.978045 0.977957 0.016474 0.208158
7.455660 -78.271893 283.597140 -5081.588477 -0.031896 0.999402 0.013332 0.372745 0.024271 -0.927616 0.927385 0.024618 0.373297
6.030925 -70.471125 -265.274549 -3868.765793 -0.021295 0.998392 0.052531 0.458544 0.056445 -0.886878 0.888417 -0.005202 0.459008
7.095679 -75.853906 -275.674726 -4231.165720 -0.044353 0.996863 0.065557 0.454811 0.078576 -0.887115 0.889483 0.009530 0.456870
4.880263 -71.907819 -605.908073 -4005.206328 0.004934 0.999576 0.028703 0.389843 0.024510 -0.920555 0.920868 -0.015731 0.389556
-4.620404 -138.330330 266.396027 1230.984897 0.785004 0.015230 0.619304 0.573623 0.359644 -0.735944 0.233937 -0.932965 -0.273586
-3.944959 -140.260105 220.439262 -3351.399839 0.775126 0.007164 0.631766 0.626662 0.118621 -0.770210 0.080458 -0.992914 -0.087457
-5.577807 -151.348417 109.334834 1766.375206 0.781791 0.002560 0.623535 0.601154 0.262449 -0.754807 0.165578 -0.964943 -0.203641
-4.718425 -143.877866 750.172907 -4824.647656 0.770113 0.014346 0.637746 0.637463 -0.054633 -0.768542 -0.023817 -0.998403 0.051218
-5.869717 -146.139142 -265.556046 5798.861888 0.790833 -0.009488 0.611959 0.534352 0.498227 -0.682816 0.298416 -0.866995 -0.399084
-5.057975 -142.747565 -208.118441 4829.037253 0.790094 -0.001026 0.612985 0.522136 0.525007 -0.672117 0.321132 -0.851097 -0.415340
-5.716275 -155.591580 -298.397424 6770.747334 0.783568 -0.023353 0.620867 0.588219 0.349637 -0.729213 0.200049 -0.936594 -0.287701
1.674898 -110.748218 -112.216802 -4551.837131 -0.762358 0.124971 -0.634974 -0.278561 0.822262 0.496275 0.584135 0.555218 -0.592047
-0.719676 -102.070863 8.170007 -5307.633828 -0.755050 0.103613 -0.647428 -0.172216 0.921425 0.348307 0.632646 0.374487 -0.677878
0.361410 -102.100639 586.636597 -4503.274295 -0.771174 0.124981 -0.624236 -0.146854 0.919172 0.365454 0.619455 0.373500 -0.690487
5.769767 -56.455008 117.344276 -507.013533 0.016945 0.992865 0.118030 0.323817 0.106235 -0.940137 0.945968 -0.054151 0.319706
5.807049 -56.634186 385.783046 -6003.279372 0.013050 0.993007 0.117334 0.266595 0.109641 -0.957552 0.963720 -0.043777 0.263299
4.584352 -56.503999 -63.416041 626.654143 0.036193 0.993018 0.112271 0.303182 0.096139 -0.948071 0.952245 -0.068352 0.297586
4.691937 -51.613010 -792.186365 3409.859848 0.046520 0.991841 0.118689 0.370249 0.093234 -0.924242 0.927767 -0.086941 0.362891
3.037867 -53.792451 -716.435555 3927.899956 0.057106 0.991507 0.116848 0.327719 0.091938 -0.940291 0.943048 -0.091990 0.319685
4.741498 -56.348326 -465.647652 -1239.295570 0.060783 0.992976 0.101509 0.290165 0.079727 -0.953650 0.955044 -0.087420 0.283281
13.750316 -52.883001 -3892.024698 -37.068394 0.097103 0.995042 0.021512 0.568912 -0.037757 -0.821531 0.816645 -0.092012 0.569758
12.002106 -52.819241 -2936.464291 -40.598569 0.088865 0.995959 0.012967 0.656408 -0.048767 -0.752828 0.749154 -0.075412 0.658089
18.252789 -52.371119 -1654.644884 -293.679040 0.051421 0.998383 0.024249 0.592452 -0.010948 -0.805531 0.803963 -0.055788 0.592057
23.132257 -51.884111 -1360.523031 1096.592231 0.026955 0.998987 0.036030 0.476208 0.018858 -0.879130 0.878919 -0.040855 0.475217
22.699542 -51.310883 -331.780681 -211.542169 -0.031737 0.999066 0.029330 0.580412 0.042312 -0.813223 0.813704 0.008786 0.581213
-2.287959 -123.589201 1458.700276 5423.712177 0.841323 -0.194228 0.504431 -0.402145 -0.848487 0.344019 -0.361185 0.492285 0.791960
-1.914516 -117.110453 787.546808 -4215.040850 0.823103 -0.201862 0.530805 0.311838 0.941826 -0.125387 -0.474615 0.268732 0.838167
-2.835682 -115.560690 -879.349866 -464.490104 0.816845 -0.202025 0.540324 0.364403 0.906828 -0.211833 -0.447185 0.369931 0.814356
-1.925213 -117.803057 -322.594731 3345.356281 0.839687 -0.174517 0.514265 -0.428740 -0.794257 0.430509 -0.333327 0.581979 0.741750
-2.231460 -131.142397 1536.706639 3699.291985 0.844049 -0.181164 0.504739 -0.481700 -0.669778 0.565122 -0.235683 0.720123 0.652592
-3.572216 -122.471934 1741.613667 5275.854272 0.838919 -0.178825 0.514039 -0.439860 -0.779001 0.446857 -0.320528 0.600981 0.732177
39.056622 -802.143018 -10331.797898 186351.889320 -0.847137 0.053521 -0.528672 0.141504 0.981711 -0.127358 0.512186 -0.182699 -0.839218
40.185269 -578.543862 -11126.351133 12351.456411 -0.869929 0.171484 -0.462404 0.170562 0.984356 0.044171 0.462745 -0.040443 -0.885568
51.226300 -806.668971 -2921.652977 -149973.556360 0.873357 -0.080886 0.480317 0.352642 0.785234 -0.508971 0.335992 -0.613894 -0.714313
-0.223247 -41.479109 5693.217592 548.510642 0.398710 0.917074 -0.002565 0.883355 -0.383295 0.269757 -0.246404 0.109821 0.962925
20.970050 -40.365640 13594.849048 443.084211 0.372221 0.926853 -0.048945 0.898648 -0.346702 0.268755 -0.232127 0.144021 0.961964
25.860284 -39.703652 16265.320327 -614.576933 0.362443 0.929553 -0.067573 0.878412 -0.316471 0.358104 -0.311492 0.189149 0.931233
-4.135426 -42.138709 5876.144711 -256.530156 0.396478 0.918031 0.005038 0.866533 -0.376038 0.328202 -0.303194 0.125759 0.944594
-15.396456 -32.700922 2543.482833 -412.985843 -0.098767 0.907321 -0.408674 -0.009706 -0.411541 -0.911340 0.995063 0.086044 -0.049453
-19.409105 -35.776330 1923.906378 -1201.041489 -0.081024 0.839359 -0.537505 -0.066792 -0.542638 -0.837307 0.994472 0.031941 -0.100029
-15.317461 -34.507501 2902.467493 -786.146293 -0.115792 0.900184 -0.419834 -0.091368 -0.430538 -0.897936 0.989062 0.065615 -0.132101
-11.207107 -31.610387 1562.958586 -231.712788 -0.125507 0.943299 -0.307302 -0.031160 -0.313346 -0.949128 0.991603 0.109546 -0.068720
-11.060364 -30.691784 2697.866368 -420.700833 -0.125491 0.946622 -0.296914 0.042330 -0.293899 -0.954899 0.991191 0.132400 0.003189
-10.877820 -116.091687 -4746.760377 -2010.806210 -0.334087 0.939213 0.079155 -0.460224 -0.235840 0.855905 -0.822545 -0.249517 -0.511040
-4.943296 -128.285990 998.799307 1516.878411 -0.275872 0.954856 0.110204 -0.267065 -0.186283 0.945503 -0.923348 -0.231406 -0.306399
-8.200291 -117.975710 -3923.574149 1838.348413 -0.334629 0.934627 0.120400 -0.197320 -0.194428 0.960866 -0.921460 -0.297776 -0.249481
-36.752519 -44.302159 -5963.830364 -14339.787827 -0.180011 0.728473 -0.661002 0.291433 -0.602313 -0.743159 0.939501 0.326415 0.103878
-12.519064 -52.732384 2819.266964 6956.012393 -0.224179 0.913365 -0.339864 0.251224 -0.282792 -0.925697 0.941611 0.292904 0.166063
-14.608358 -238.236907 -3512.480640 102495.043220 -0.001095 0.453635 -0.891187 -0.329426 0.841279 0.428635 0.944181 0.294049 0.148518
-60.402979 -71.139764 800.249221 1711.243576 0.327414 0.898608 0.292069 0.310070 -0.394171 0.865151 -0.892557 0.192700 0.407688
-54.830135 -71.630869 1762.207467 -1772.739080 0.305712 0.938931 -0.157950 0.347017 0.044604 0.936798 -0.886634 0.341201 0.312189
-52.908268 -70.737918 709.718861 -3158.378935 0.272984 0.958135 0.086357 0.218713 -0.149228 0.964311 -0.936827 0.244355 0.250293
-57.302173 -75.412345 -1044.905539 -1671.961397 0.276312 0.814694 0.509830 0.190379 -0.566369 0.801862 -0.942023 0.124503 0.311595
-7.716152 -39.979461 5908.073807 3209.517716 0.276297 0.760547 -0.587562 -0.626364 0.606185 0.490110 -0.728922 -0.232611 -0.643867
-17.374581 -42.773882 5356.752650 3421.598443 0.193451 0.822908 -0.534228 -0.584024 0.534118 0.611256 -0.788348 -0.193754 -0.583924
-11.611692 -37.488229 4441.094397 496.739009 0.291281 0.741463 -0.604473 -0.555499 0.645524 0.524136 -0.778830 -0.183113 -0.599912
-2.819852 -23.342710 3988.316565 -4137.742290 0.005698 0.913739 -0.406261 -0.778994 0.258792 0.571135 -0.627006 -0.313220 -0.713272
-17.549492 -22.682160 6985.193613 -8545.700221 0.237333 0.769480 -0.592936 -0.712512 0.552775 0.432165 -0.660303 -0.319907 -0.679456
-0.660525 -41.614586 -2758.036232 294.931519 0.039623 0.835017 -0.548796 -0.743591 0.391516 0.542022 -0.667459 -0.386603 -0.636424
3.763560 -51.049070 1543.186983 13836.496566 0.269894 0.694146 -0.667322 -0.541523 0.682477 0.490895 -0.796185 -0.228881 -0.560093
4.295512 -33.508745 -8059.402989 5504.674208 -0.438398 -0.560750 0.702401 -0.470367 0.809081 0.352340 -0.765874 -0.175921 -0.618457
58.576068 -30.739684 18815.536587 -3041.765220 0.635409 0.769303 0.066538 0.309073 -0.332351 0.891076 -0.707622 0.545633 0.448950
37.915554 -22.308741 14627.712673 -247.980057 0.729189 0.658400 0.186529 0.169664 -0.438012 0.882814 -0.662947 0.612090 0.431100
27.147898 -22.402296 12286.645422 -1174.246433 0.699511 0.702390 0.131654 0.261101 -0.422697 0.867844 -0.665214 0.572692 0.479076
40.542874 -28.682474 20114.420684 -3500.535210 0.643014 0.765842 -0.004330 0.372947 -0.308184 0.875176 -0.668912 0.564366 0.483785
9.558302 -49.235891 3805.683029 -914.590006 0.043263 0.878792 0.475239 -0.838590 -0.226617 0.495390 -0.543042 0.419963 -0.727143
16.496832 -50.653851 5570.812012 -1013.703106 0.061932 0.889516 0.452687 -0.840337 -0.198245 0.504512 -0.538515 0.411655 -0.735216
15.780031 -48.739844 5335.122945 -875.939712 0.035355 0.877646 0.478003 -0.892787 -0.187198 0.409742 -0.449090 0.441241 -0.776933
7.054078 -47.751220 4148.574640 899.808879 0.017730 0.866146 0.499476 0.901722 0.201967 -0.382240 -0.431954 0.457165 -0.777442
13.069134 -46.102071 5545.220606 732.407173 0.012282 0.864304 0.502820 0.941952 0.158733 -0.295856 -0.335524 0.477266 -0.812183
10.415963 -42.861867 -1766.616092 -2905.935130 0.291709 0.950357 -0.108291 -0.409436 0.021745 -0.912080 0.864447 -0.310400 -0.395454
10.838405 -43.340657 -866.083381 -2302.544805 0.263454 0.962177 -0.069338 -0.410592 0.046802 -0.910617 0.872930 -0.268375 -0.407392
10.479272 -39.471346 -1192.644560 38.807615 0.260154 0.959595 -0.107227 -0.503783 0.040158 -0.862896 0.823725 -0.278505 -0.493875
9.389431 -41.585944 1128.199452 -413.562470 0.233393 0.971382 -0.044095 -0.458535 0.069956 -0.885919 0.857481 -0.226986 -0.461740
9.936421 -40.270966 -1499.661327 2582.369671 0.276426 0.953056 -0.123582 -0.533298 0.045145 -0.844722 0.799488 -0.299409 -0.520743
10.336075 -38.372656 -593.783059 5266.911749 0.263915 0.959428 -0.099226 -0.615150 0.088185 -0.783463 0.742926 -0.267807 -0.613465
9.845510 -38.986599 823.261572 2088.320811 0.220724 0.973263 -0.063561 -0.586201 0.080294 -0.806177 0.779519 -0.215203 -0.588250
-8.339402 -57.551444 1238.163497 -8064.041292 0.027840 0.999312 0.024501 -0.152098 -0.019991 0.988163 -0.987973 0.031237 -0.151437
-7.962750 -56.212408 270.485080 -1652.072287 0.020585 0.999661 0.015959 -0.188287 -0.011801 0.982043 -0.981898 0.023220 -0.187980
-9.183929 -59.903598 1223.918473 -8944.935269 0.017438 0.998876 0.044082 -0.139134 -0.041235 0.989415 -0.990120 0.023387 -0.138259
-2.319804 -44.511189 -185.152095 8448.517090 0.069811 -0.958490 -0.276448 0.963732 -0.006754 0.266787 -0.257579 -0.285046 0.923256
-1.268782 -40.846950 -301.499281 3825.953670 0.111824 -0.958251 -0.263154 0.967559 0.044620 0.248674 -0.226551 -0.282424 0.932154
-4.154970 -58.394271 -797.617423 9732.066541 0.007548 0.954489 0.298150 0.950141 -0.099793 0.295420 -0.311729 -0.281055 0.907653
-5.629030 -81.245147 1821.837379 1586.774609 -0.077949 0.987208 0.139087 0.097688 0.146404 -0.984390 0.992160 0.063145 0.107851
-0.981370 -85.696165 3344.207836 1758.487044 -0.101590 0.981972 0.159404 0.257150 0.180708 -0.949325 0.961017 0.055451 0.270872
-6.977789 -85.873835 1560.701690 1481.634501 -0.057237 0.989660 0.131521 0.186638 0.140022 -0.972399 0.980760 0.031111 0.192722
-10.153877 -80.041678 1244.569158 2298.963422 -0.049598 0.990134 0.131055 -0.055563 0.128278 -0.990181 0.997223 0.056393 -0.048652
-10.694504 -82.440251 1110.049935 1695.333455 -0.038014 0.992329 0.117632 0.115529 0.121292 -0.985871 0.992576 0.023887 0.119253
-8.820514 -88.941218 479.183268 3055.127511 -0.026428 0.992827 0.116599 0.293518 0.119205 -0.948492 0.955588 -0.009158 0.294563
1.022048 -50.412532 299.766603 -1314.386125 -0.087254 -0.973266 -0.212462 0.990732 -0.062491 -0.120606 0.104105 -0.221016 0.969698
-0.012651 -48.432156 -462.087110 1839.499144 -0.056467 -0.977527 -0.203105 0.998080 -0.050083 -0.036444 0.025453 -0.204773 0.978479
1.054948 -51.210348 -760.815863 -542.709297 -0.055687 -0.978090 -0.200598 0.992950 -0.033196 -0.113788 0.104636 -0.205521 0.973043
0.981034 -48.092294 -955.431855 1380.001508 -0.080327 -0.976771 -0.198661 0.996448 -0.073632 -0.040872 0.025295 -0.201239 0.979216
2.836985 -49.124116 -588.404336 -1223.081238 -0.113387 -0.973017 -0.200952 0.988704 -0.090547 -0.119441 0.098023 -0.212225 0.972292
16.592029 -37.416753 -11220.103628 649.510072 -0.545837 0.728032 0.414766 0.014087 -0.486968 0.873306 -0.837773 -0.482525 -0.255550
10.175461 -34.712652 -7529.165348 1132.103161 -0.513790 0.736325 0.440279 -0.037374 -0.531919 0.845970 -0.857102 -0.418196 -0.300814
37.047313 -33.961070 -12043.395291 426.746976 -0.489050 0.831906 0.262224 -0.066785 -0.335458 0.939685 -0.869695 -0.442040 -0.219615
40.516105 -36.005252 -14257.826090 -148.783203 -0.532473 0.803079 0.267463 -0.000071 -0.316026 0.948751 -0.846447 -0.505165 -0.168332
-3.300832 -59.017730 365.198619 2403.141517 -0.002896 0.981107 0.193442 0.960273 -0.051251 0.274315 -0.279046 -0.186552 0.941983
-2.389790 -57.942838 79.229169 2838.489197 -0.012140 0.978559 0.205608 0.971947 -0.036754 0.232310 -0.234886 -0.202661 0.950661
-2.650877 -55.222753 539.477608 744.122835 0.002600 -0.977483 -0.210998 0.981191 -0.038234 0.189214 -0.193020 -0.207521 0.958998
-3.510706 -55.802922 173.660070 1318.180172 0.012928 0.980819 0.194492 0.972521 -0.057552 0.225590 -0.232457 -0.186231 0.954611
-3.411514 -59.293393 -558.777477 2703.027112 0.002180 0.978948 0.204100 0.941461 -0.070814 0.329599 -0.337114 -0.191433 0.921796
-7.137791 -110.785238 -1178.623755 997.397509 0.616789 0.725206 0.306020 -0.377628 -0.068489 0.923421 -0.690630 0.685117 -0.231614
-10.188906 -109.253999 -1554.854956 1473.198567 0.620882 0.709718 0.332876 -0.394378 -0.084184 0.915084 -0.677474 0.699438 -0.227629
-10.976368 -110.124679 -1132.764206 -14.531510 0.624274 0.717145 0.309815 -0.522409 0.088365 0.848104 -0.580837 0.691300 -0.429807
0.176258 -123.124495 35.930148 -14947.614920 0.138768 0.986869 -0.082665 -0.806984 0.161068 0.568185 -0.574039 0.012137 -0.818738
-1.820306 -113.268985 976.041553 -9921.989706 0.139886 0.987900 -0.066971 -0.822339 0.153584 0.547878 -0.551534 0.021567 -0.833873
-0.880166 -106.341289 -667.870641 -2650.506819 0.170390 0.978291 -0.117957 -0.864150 0.205877 0.459194 -0.473510 -0.023691 -0.880470
-17.976467 -112.772804 825.773080 4044.104046 0.182274 0.977420 0.106895 0.360592 0.034691 -0.932078 0.914740 -0.208439 0.346127
-15.754104 -116.046804 -1594.522835 4984.442520 0.218515 0.961541 0.166401 0.370928 0.075879 -0.925557 0.902587 -0.263971 0.340082
-13.073110 -100.053960 -1336.255373 9500.745816 0.219351 0.967348 0.126980 0.141998 0.097111 -0.985092 0.965257 -0.234112 0.116060
-20.805769 -120.097460 -107.603120 713.621922 0.180886 0.972625 0.145882 0.565048 0.018631 -0.824847 0.804985 -0.231634 0.546210
-14.296767 -99.819451 1155.765185 6960.984869 0.190694 0.979681 0.062141 0.118509 0.039865 -0.992152 0.974470 -0.196562 0.108499
-19.432651 -114.103394 594.484686 132.817389 0.161466 0.978783 0.126144 0.561026 0.014120 -0.827678 0.811898 -0.204412 0.546843
-6.495351 -104.946183 130.728202 2861.040905 -0.626871 -0.492655 -0.603592 -0.453984 0.860569 -0.230908 0.633191 0.129271 -0.763124
-2.047820 -103.046803 -824.855490 2304.968920 -0.639989 -0.457876 -0.617060 -0.344425 0.888811 -0.302301 0.686867 0.019062 -0.726533
-5.036848 -111.172064 -52.116571 -3627.052581 -0.642840 -0.464823 -0.608848 -0.238679 0.876818 -0.417400 0.727866 -0.123002 -0.674597
-6.038837 -110.501800 510.395491 -4330.555687 -0.645232 -0.487478 -0.588253 -0.319870 0.871615 -0.371444 0.693801 -0.051503 -0.718323
-8.002811 -152.339924 213.120323 8748.708331 -0.730087 -0.475347 -0.490937 -0.296849 0.867709 -0.398700 0.615511 -0.145351 -0.774609
-7.650990 -152.992727 206.874436 -4693.596287 -0.702799 -0.529856 -0.474685 -0.458144 0.847582 -0.267785 0.544223 0.029275 -0.838430
-9.998260 -155.124352 -129.493917 10083.065210 -0.713246 -0.474919 -0.515493 -0.257112 0.861466 -0.437915 0.652054 -0.179802 -0.736544
-4.395580 -32.678541 3061.084510 -1501.000233 -0.281551 0.954761 -0.095713 0.958362 0.284754 0.021361 0.047649 -0.085714 -0.995180
-8.402309 -34.778176 2142.359150 2778.224904 -0.263455 0.959995 -0.094870 -0.958627 -0.271527 -0.085480 0.107820 -0.068425 -0.991813
-11.981658 -40.318768 24.467982 2243.390717 -0.009253 0.993854 -0.110311 -0.992114 -0.022914 -0.123225 0.124995 -0.108301 -0.986229
-2.220309 -221.520630 -2228.161953 -24956.586388 0.702386 0.354253 0.617380 0.701397 -0.196741 -0.685081 0.121228 -0.914220 0.386660
0.502156 -184.111979 1432.189839 -18166.131697 -0.688531 -0.357752 -0.630824 0.721062 -0.430588 -0.542830 -0.077427 -0.828618 0.554434
1.675695 -214.793356 2705.126427 -24393.844158 -0.702261 -0.340567 -0.625175 0.705687 -0.448948 -0.548135 -0.093995 -0.826111 0.555612
-469.578445 -4189.205269 -162116.869454 522753.431749 -0.562735 -0.695093 -0.447410 -0.545953 0.718917 -0.430225 0.620697 0.002162 -0.784047
-34.916079 -5016.465394 -4383.458454 -611325.352369 0.424494 0.827332 0.367867 0.740570 -0.083503 -0.666771 -0.520923 0.555472 -0.648144
-144.487911 -5525.737987 58007.125901 1830280.280519 0.602577 0.705592 0.372882 -0.511977 0.700195 -0.497601 0.612193 -0.108936 -0.783168
-303.928305 -12852.253193 -70128.828651 2157856.928114 -0.507616 -0.671339 -0.540028 0.686683 0.063327 -0.724194 0.520378 -0.738440 0.428851
24.088040 -47.218351 5295.008255 7.504180 0.108880 0.985785 0.127957 -0.953189 0.067007 0.294857 -0.282092 0.154071 -0.946935
26.829565 -48.167015 -297.287091 -854.405443 0.091076 0.995699 0.016994 -0.935309 0.079668 0.344746 -0.341909 0.047292 -0.938542
26.460288 -46.712778 -835.995333 510.285016 0.079225 0.996806 0.010036 -0.965076 0.074173 0.251251 -0.249704 0.029591 -0.967870
-12.912229 -40.801309 -947.164624 -1169.895838 -0.452399 -0.619073 -0.641938 -0.756851 0.647248 -0.090810 0.471711 0.444769 -0.761360
-10.306273 -38.091835 1238.366645 -805.292260 0.350133 0.692813 0.630411 -0.752001 0.609170 -0.251805 0.558481 0.385905 -0.734286
-13.437618 -36.357149 1786.104628 -353.088233 0.352919 0.711947 0.607108 -0.786554 0.577158 -0.219593 0.506736 0.400025 -0.763674
-16.007110 -39.125187 1656.742799 1846.917088 0.520531 0.579383 0.627186 0.740566 -0.671955 0.006108 0.424980 0.461294 -0.778845
-14.996560 -46.566224 28.292185 2251.345998 0.574272 0.508638 0.641482 0.723079 -0.682568 -0.106104 0.383887 0.524774 -0.759765
-2.895885 -99.915878 1322.373234 10157.096704 0.580611 0.433103 0.689429 0.814167 -0.303868 -0.494769 -0.004790 0.848579 -0.529048
-8.921889 -77.823251 2397.360003 8546.017762 0.552090 0.428318 0.715360 0.809383 -0.481357 -0.336444 0.200239 0.764748 -0.612426
-9.169445 -84.657681 1635.990992 7791.441032 0.606026 0.410459 0.681363 0.783223 -0.457493 -0.421025 0.138905 0.788811 -0.598734
-1.120316 -29.683855 -1313.777120 971.046806 0.001921 0.990070 0.140562 0.993477 0.014136 -0.113149 -0.114013 0.139863 -0.983585
-0.514502 -31.108011 -1765.849290 -952.620656 0.023473 0.990587 0.134860 -0.984008 -0.000933 0.178120 -0.176570 0.136884 -0.974724
-4.234970 -31.437139 -1881.847603 655.573300 -0.053385 0.986629 0.153989 0.989815 0.072664 -0.122415 -0.131968 0.145885 -0.980460
3.234484 -65.397916 -1689.374844 -1681.889175 0.258548 0.958043 0.123721 0.399665 0.010511 -0.916601 0.879444 -0.286432 0.380179
3.643805 -65.946024 -793.268714 -2262.596120 0.256986 0.958321 0.124818 0.274986 0.051306 -0.960078 0.926467 -0.281050 0.250340
3.924906 -65.382693 -660.262058 -1502.974626 0.247194 0.960376 0.128739 0.361698 0.031804 -0.931753 0.898927 -0.276888 0.339504
-271.535536 -399.049069 66244.160131 -105996.338688 0.109199 0.967182 -0.229423 0.902798 -0.193084 -0.384283 0.415969 0.165159 0.894255
-320.031441 -446.163705 91752.715414 -106488.324932 -0.064662 0.992591 -0.102864 0.619741 -0.040848 -0.783743 0.782138 0.114427 0.612508
-176.940001 -404.600517 59368.917656 -125152.708068 -0.246649 0.954093 -0.169913 0.823956 0.114161 -0.555035 0.510158 0.276900 0.814288
-41.168062 -508.268697 31966.325006 -153385.267960 -0.363506 0.913941 -0.180484 0.830778 0.230368 -0.506694 0.421510 0.334129 0.843023
-86.552538 -332.770201 -52300.416835 -111845.500975 0.449776 -0.882010 0.140571 0.860708 0.386012 -0.331928 0.238502 0.270284 0.932772
-25.763934 -70.277435 -6047.250005 15691.704211 -0.260178 0.964561 0.043917 0.919546 0.261396 -0.293439 0.294520 0.035962 0.954969
-26.896907 -45.598782 -5077.188182 7837.635987 -0.008225 0.999738 -0.021378 0.930666 -0.000167 -0.365871 0.365778 0.022905 0.930420
-27.269385 -42.500299 -1183.808589 4268.457663 0.482477 0.833711 -0.268593 0.789709 -0.546693 -0.278365 0.378914 0.077805 0.922155
-35.748779 -64.735087 -270.873573 -3603.208517 0.256789 0.959952 -0.112034 -0.084086 -0.093291 -0.992082 0.962803 -0.264176 -0.056762
-35.908287 -56.418597 -468.231759 -3615.809147 0.250582 0.962870 -0.100448 0.055406 -0.117853 -0.991484 0.966509 -0.242883 0.082881
-31.457567 -62.886359 -3018.751149 -3995.026774 0.325870 0.940912 -0.092158 -0.029791 -0.087211 -0.995744 0.944945 -0.327228 0.000389
-38.331993 -63.652173 -615.101016 -4342.858919 0.182735 0.978233 -0.098323 -0.050392 -0.090557 -0.994616 0.981870 -0.186706 -0.032747
-30.305459 -70.160548 -2166.308727 -2750.282685 0.323663 0.941883 -0.089993 -0.184177 -0.030577 -0.982417 0.928074 -0.334547 -0.163576
-36.914360 -70.505554 -891.480713 -3515.907461 0.225490 0.969629 -0.094735 -0.189139 -0.051820 -0.980582 0.955709 -0.239030 -0.171710
38.522056 -46.430657 5538.338216 -899.290947 -0.399190 0.905780 -0.142160 0.683501 0.190640 -0.704616 0.611125 0.378442 0.695203
41.899820 -48.135244 1164.540600 713.153844 -0.343554 0.936036 -0.076200 0.594309 0.153869 -0.789380 0.727164 0.316481 0.609157
1.871440 -45.768016 1887.954534 -96.555303 0.281388 0.959382 0.020167 0.100216 -0.008479 -0.994930 0.954347 -0.281982 0.098531
9.691609 -46.726551 2373.114914 190.373420 0.287042 0.953126 0.095701 0.186782 0.042298 -0.981490 0.939532 -0.299604 0.165885
13.765142 -46.385792 2856.617635 -973.210367 0.291292 0.956130 0.031072 0.278268 -0.053610 -0.959006 0.915268 -0.287997 0.281677
2.746522 -44.198042 5349.411543 -588.332708 0.261155 0.961707 -0.083177 0.255531 -0.151969 -0.954782 0.930861 -0.228092 0.285433
-26.208507 -30.949215 1201.966387 -403.762684 -0.096879 0.993764 0.055202 0.802168 0.045128 0.595390 -0.589186 -0.101962 0.801538
-22.595049 -29.240481 2655.259236 -1161.331223 -0.048684 0.998803 -0.004689 0.766333 0.040363 0.641174 -0.640596 -0.027622 0.767381
-25.293770 -28.710936 1792.339856 -1079.507059 -0.131904 0.991198 -0.011264 0.736571 0.105612 0.668064 -0.663374 -0.079823 0.744019
-21.835984 -26.747256 2239.827772 -1346.609786 -0.120061 0.989759 -0.077222 0.703679 0.139712 0.696646 -0.700300 -0.029301 0.713247
-19.107066 -27.406667 1648.890374 -1648.594631 -0.069057 0.995112 -0.070599 0.725660 0.098668 0.680942 -0.684579 0.004207 0.728926
1.359581 -71.628960 160.872597 -8381.712681 0.150237 -0.968285 -0.199631 0.983954 0.166101 -0.065156 0.096249 -0.186639 0.977702
1.065546 -73.042568 210.088050 -7479.539255 0.149936 -0.967872 -0.201848 0.986071 0.161253 -0.040750 0.071989 -0.192927 0.978569
-4.234155 -88.532458 -2494.888053 -1213.982060 -0.177046 0.984197 -0.003288 -0.951156 -0.171959 -0.256384 0.252898 0.042264 -0.966569
-7.447239 -86.102442 -2297.183045 1115.149640 -0.158434 0.987259 0.014784 -0.904651 -0.139146 -0.402796 0.395607 0.077191 -0.915170
12.524727 -76.879035 -3161.524635 5074.226417 0.008851 0.999369 0.034391 0.110393 0.033205 -0.993333 0.993849 -0.012588 0.110029
10.878624 -73.040019 -308.452535 9399.899049 -0.016947 0.999851 0.003298 0.010497 0.003477 -0.999939 0.999801 0.016911 0.010554
-2.425162 -141.600224 1618.167484 -2482.701024 0.769328 0.032142 0.638045 0.604725 0.285429 -0.743530 0.206015 -0.957861 -0.200151
-1.396643 -139.867984 1877.222396 -4507.828277 0.764244 0.030269 0.644217 0.643453 0.031727 -0.764828 0.043590 -0.999038 -0.004770
-2.228920 -132.384614 615.084704 -4788.333469 0.759155 0.009543 0.650840 0.645817 -0.135882 -0.751303 -0.081268 -0.990679 0.109319
2.460079 -119.753225 209.309686 -3641.145231 0.767960 -0.123221 0.628533 -0.375070 0.708947 0.597258 0.519192 0.694414 -0.498226
5.068460 -134.789209 417.744706 -4772.025070 0.790798 -0.121555 0.599886 -0.453463 0.541932 0.707588 0.411108 0.831585 -0.373438
4.028984 -123.835484 176.427903 -6383.474228 0.772648 -0.091931 0.628143 -0.370314 0.738411 0.563575 0.515638 0.668055 -0.536488
5.388778 -56.109620 -204.813041 -4589.063136 0.015298 0.992545 0.120917 0.268071 0.112433 -0.956816 0.963278 -0.047052 0.264353
7.001255 -52.979640 -3684.830022 -48.012225 0.124143 0.992256 0.004050 0.638674 -0.076781 -0.765638 0.759398 -0.097636 0.643259
6.847505 -52.541372 -2953.142009 -625.556991 0.111733 0.993738 0.001007 0.731121 -0.081519 -0.677360 0.673036 -0.076420 0.735651
3.940494 -96.334546 2267.783093 -2267.620740 -0.780850 0.182134 -0.597579 -0.114928 0.898350 0.423980 0.614056 0.399744 -0.680544
2.259732 -97.810292 -251.167887 -2710.075989 -0.762479 0.171416 -0.623893 -0.131453 0.903114 0.408786 0.633518 0.393704 -0.666072
2.312715 -92.513297 468.074736 -2306.995185 -0.768897 0.168918 -0.616656 -0.012232 0.960407 0.278331 0.639256 0.221551 -0.736388
4.635809 -102.575680 935.532689 -3186.799714 -0.773722 0.183989 -0.606220 -0.232060 0.808082 0.541434 0.589494 0.559599 -0.582534
4.145858 -92.839032 1582.845388 -2503.666550 -0.772976 0.208801 -0.599091 -0.035781 0.928440 0.369756 0.633425 0.307249 -0.710191
6.793646 -103.199337 2299.677262 -3664.990440 -0.784293 0.201683 -0.586693 -0.174808 0.835524 0.520905 0.595254 0.511101 -0.620039
-2.395878 -118.232852 -976.623338 1295.929595 0.810781 -0.202807 0.549094 0.240806 0.970569 0.002909 -0.533524 0.129866 0.835756
-0.938650 -113.161024 141.514517 -48.531912 0.813243 -0.197882 0.547246 0.200655 0.978089 0.055486 -0.546235 0.064685 0.835130
-4.176544 -114.513296 954.039187 -3518.262425 0.824847 -0.190514 0.532288 0.312105 0.938489 -0.147745 -0.471399 0.287997 0.833571
-1.805791 -109.380932 734.729612 -2821.823672 0.819913 -0.193501 0.538795 0.194204 0.979351 0.056190 -0.538542 0.058565 0.840561
13.130166 -32.231681 11002.984139 3698.232995 0.349121 0.936965 -0.014506 0.936316 -0.348172 0.045706 -0.037774 0.029539 0.998850
12.328494 -36.866903 10108.368301 1951.151084 0.384046 0.923249 -0.010992 0.916575 -0.379780 0.125133 -0.111354 0.058132 0.992079
-3.066449 -33.040530 2694.860048 3530.514092 0.437873 0.898258 0.037403 0.896572 -0.439373 0.055764 -0.066525 -0.009117 0.997743
0.402561 -26.663569 -3221.103997 4438.557571 -0.367811 -0.929559 -0.025197 0.929867 -0.367434 -0.018415 0.007859 -0.030203 0.999513
-8.517407 -29.059361 -793.936359 3789.753487 0.392954 0.917298 0.064426 0.917433 -0.395843 0.040318 -0.062486 -0.043264 0.997108
-7.817400 -24.670089 701.792359 4587.479613 -0.408936 -0.910791 -0.056841 0.912507 -0.408808 -0.014402 -0.010120 -0.057757 0.998279
-17.720485 -43.767048 -2167.050910 -308.525710 0.932173 0.302628 0.198671 0.145138 -0.815176 0.560734 -0.331646 0.493866 0.803808
-11.919032 -47.877291 -956.163574 -3955.796953 0.933256 0.318563 0.165986 0.195909 -0.838696 0.508142 -0.301087 0.441708 0.845127
-19.347397 -51.257188 3408.353361 800.340967 0.961454 0.100885 0.255791 -0.050572 -0.849513 0.525139 -0.270276 0.517833 0.811665
-15.623604 -61.903020 5124.160075 7043.181786 0.930297 -0.113201 0.348902 -0.294314 -0.798058 0.525817 -0.218921 0.591852 0.775748
-22.634551 -64.155851 4667.688236 7355.399966 0.917221 -0.106745 0.383811 -0.321055 -0.768463 0.553524 -0.235859 0.630928 0.739121
-25.161986 -51.010330 903.876707 5102.690148 0.943112 0.079993 0.322708 -0.122676 -0.818409 0.561389 -0.309014 0.569041 0.762038
-20.530953 -40.000332 139.661084 -1914.018892 -0.068535 0.770239 -0.634063 -0.150384 -0.636271 -0.756666 0.986249 -0.043495 -0.159439
-19.408502 -37.883235 2888.279528 -1677.844387 -0.118477 0.827326 -0.549085 -0.151512 -0.561567 -0.813441 0.981329 0.013181 -0.191883
0.556329 -61.964775 1047.655659 1578.162676 -0.010534 0.999341 0.034750 -0.277953 0.030456 -0.960112 0.960537 0.019773 -0.277449
-1.776994 -63.989620 1906.982785 1147.031396 -0.031237 0.999313 0.019966 -0.248270 0.011592 -0.968621 0.968187 0.035213 -0.247738
-2.135455 -60.490160 1593.776657 1173.813423 -0.032628 0.999463 0.003086 -0.394487 -0.010041 -0.918847 0.918322 0.031197 -0.394602
0.871035 -58.608717 1560.936800 1684.239598 -0.020448 0.999493 0.024414 -0.376281 0.014930 -0.926385 0.926280 0.028129 -0.375785
89.761374 -4792.860891 18002.768162 1740785.620607 0.991754 0.055414 -0.115558 -0.113821 -0.033551 -0.992935 0.058900 -0.997900 0.026967
1644.087003 -771.638265 -549418.494105 -305909.692026 0.457654 -0.004241 -0.889120 0.888465 -0.036491 0.457491 -0.034385 -0.999325 -0.012932
521.206105 -4383.008736 528378.732864 -1974737.132927 -0.464688 0.848871 0.251959 0.501463 0.017765 0.864997 -0.729795 -0.528302 0.433932
-9.083533 -626.279419 18077.338584 167839.618382 0.691368 0.490609 -0.530390 -0.325802 -0.443528 -0.834947 0.644875 -0.750057 0.146800
180.528040 -760.925251 -183748.926719 232883.060696 0.971205 0.127214 -0.201438 -0.153600 -0.311985 -0.937589 0.182120 -0.941532 0.283461
-100.879442 -324.725972 20342.689272 -91041.111886 0.641741 0.225890 -0.732900 0.734859 0.092312 0.671908 0.219433 -0.969769 -0.106757
-22.084383 -133.402884 1487.535877 30388.962802 0.940247 0.163135 -0.298868 -0.304992 0.013282 -0.952262 0.151377 -0.986514 -0.062243
23.664112 -87.661071 3019.712326 4228.827211 -0.196050 0.812064 -0.549651 0.550492 -0.372723 -0.747018 0.811494 0.449032 0.373962
11.242257 -84.050607 -1705.766314 -3724.021617 -0.115289 0.757031 -0.643127 0.456187 -0.534778 -0.711270 0.882384 0.375388 0.283694
25.431284 -69.780714 1077.628983 5999.721727 -0.188707 0.890374 -0.414276 0.465489 -0.290354 -0.836071 0.864702 0.350613 0.359667
34.127602 -78.375744 1138.067005 1845.216634 -0.182668 0.919763 -0.347373 0.578584 -0.185096 -0.794343 0.794904 0.346085 0.498349
44.525562 -91.766266 5750.981138 6500.145352 -0.217211 0.866090 -0.450231 0.691916 -0.188735 -0.696872 0.688529 0.462890 0.558266
-8.180178 -26.552602 519.854610 224.916968 0.735389 -0.674200 0.068242 0.672166 0.738515 0.052802 -0.085997 0.007039 0.996271
-7.445470 -27.934527 25.246481 732.301694 -0.689968 0.721562 -0.057374 0.718276 0.692320 0.069084 -0.089570 -0.006455 0.995960
-8.902777 -28.385198 -386.820206 -84.683763 -0.612500 0.789022 -0.047835 0.789353 0.613729 0.016042 -0.042015 0.027933 0.998726
-4.609644 -27.273998 -2070.948113 4217.504121 0.173147 0.981932 0.076354 0.982343 -0.177757 0.058355 -0.070873 -0.064902 0.995372
-6.187083 -35.174972 -2156.253078 4808.360886 0.226066 0.970392 0.085047 0.965591 -0.234756 0.111912 -0.128563 -0.056821 0.990072
-0.226260 -27.007668 -2262.151018 4056.715210 0.082809 0.993695 0.075580 0.992729 -0.088901 0.081152 -0.087359 -0.068310 0.993832
-28.928667 -52.106111 2793.530357 -1774.438595 -0.269252 -0.550830 0.789993 0.008433 0.818907 0.573864 -0.963033 0.161176 -0.215847
-29.699914 -52.739251 1089.635269 -1816.952748 0.243894 0.728005 -0.640722 -0.032456 0.666430 0.744861 -0.969259 0.160872 -0.186166
-33.688134 -54.899058 1081.317804 -1030.506113 -0.251461 -0.652503 0.714848 0.085463 0.720726 0.687932 -0.964087 0.234081 -0.125470
-24.851119 -45.384043 -749.449028 -3262.141783 0.227317 0.713636 -0.662609 -0.157656 0.698414 0.698113 -0.960974 0.054228 -0.271271
-33.971056 -55.508343 2422.155618 -1148.020751 -0.286537 -0.438485 0.851838 0.141856 0.859902 0.490353 -0.947509 0.261342 -0.184192
-29.699013 -50.204566 3239.805128 -2672.584144 -0.303393 -0.447114 0.841452 -0.035840 0.887805 0.458821 -0.952191 0.109045 -0.285378
-34.141301 -54.933293 2810.689316 -1603.592001 -0.327892 -0.304857 0.894175 0.097830 0.930457 0.353100 -0.939636 0.203255 -0.275265
13.025335 -50.222738 5233.517285 517.937670 0.083581 0.891723 0.444796 -0.754286 -0.235077 0.613018 -0.651204 0.386740 -0.652967
9.497721 -43.620528 -775.189533 -615.375771 0.271505 0.960408 -0.062468 -0.365162 0.042743 -0.929962 0.890473 -0.275300 -0.362310
8.090356 -44.100091 1161.448702 827.252055 0.235866 0.971561 -0.020890 -0.388328 0.074525 -0.918503 0.890824 -0.224756 -0.394863
-8.317557 -50.644759 -2400.065589 5321.753605 0.001423 0.999905 -0.013704 -0.229362 0.013665 0.973245 -0.973340 -0.001758 -0.229359
-8.512752 -57.107736 -681.938805 -1816.945173 -0.001567 0.999932 0.011592 -0.184338 -0.011682 0.982794 -0.982862 0.000596 -0.184343
-7.443991 -50.822186 -2924.803874 5224.648550 -0.013112 0.999541 -0.027324 -0.218400 0.023804 0.975569 -0.975771 -0.018759 -0.217988
-6.738756 -45.520999 -2019.213922 -41.301221 -0.016820 0.999179 -0.036869 -0.380678 0.027697 0.924293 -0.924555 -0.029582 -0.379899
-1.060333 -40.760598 1808.996101 5304.840793 0.176313 -0.953106 -0.245974 0.945706 0.094703 0.310919 -0.273045 -0.287438 0.918055
-3.130744 -41.275071 1952.768783 6495.784490 0.184932 -0.949678 -0.252810 0.948443 0.105092 0.299018 -0.257402 -0.295073 0.920150
-5.070043 -73.992350 2602.049587 17683.842201 0.189870 -0.945851 -0.263278 0.935989 0.093415 0.339410 -0.296437 -0.310869 0.903042
-3.007385 -34.132830 836.875428 -3405.631943 0.173788 -0.955945 -0.236573 0.949210 0.098620 0.298788 -0.262294 -0.276483 0.924532
-0.473707 -54.228841 2313.633670 13440.795545 0.237481 -0.943204 -0.232313 0.929369 0.151033 0.336841 -0.282623 -0.295898 0.912452
0.795712 -36.390499 -1486.120801 -4964.590728 -0.046233 0.961458 0.271037 0.958158 -0.034044 0.284209 -0.282482 -0.272836 0.919654
2.539439 -35.392296 -1339.660990 1512.923442 -0.146588 0.960740 0.235566 0.944104 0.064800 0.323215 -0.295261 -0.269779 0.916537
