10790
21564
-47.860498 -73.666962 -939.763896 4183.309376 -0.274513 -0.929597 0.245950 0.919997 -0.179498 0.348405 -0.279729 0.321915 0.904501
-44.465663 -78.919181 -2293.536480 9011.034908 -0.102997 0.963626 -0.246611 0.968215 0.153939 0.197135 -0.227928 0.218469 0.948852
-39.548903 -62.213306 881.271027 6626.614238 -0.274883 -0.940847 0.198106 0.957646 -0.249535 0.143689 -0.085755 0.229213 0.969591
-27.864794 -73.237443 4473.901320 13905.346205 0.085935 -0.987723 0.130451 0.995748 0.089508 0.021766 -0.033175 0.128026 0.991216
-41.266133 -67.639255 97.146369 4898.759873 -0.526297 -0.816011 0.239035 0.833883 -0.440346 0.332768 -0.166284 0.374462 0.912210
-29.132440 -49.922080 2755.038235 6788.446813 -0.227816 -0.964711 0.132034 0.973101 -0.230343 -0.003992 0.034264 0.127573 0.991237
-31.246347 -47.654071 1424.804364 4443.115631 -0.602529 -0.776930 0.182591 0.797391 -0.595654 0.096771 0.033577 0.203904 0.978415
-37.466281 -57.445945 257.404868 5104.079070 -0.630645 -0.744762 0.218210 0.775335 -0.592385 0.218943 -0.033796 0.307261 0.951025
-44.037859 -71.261854 319.008036 790.313446 0.886362 -0.037790 -0.461447 0.444124 -0.212229 0.870467 0.130828 0.976489 0.171328
-42.166261 -67.318491 57.627189 177.597117 0.857265 -0.169918 -0.486030 0.456844 -0.184351 0.870235 0.237469 0.968061 0.080412
-42.133588 -70.142891 -558.522630 176.609565 0.864585 -0.117388 -0.488582 0.483725 -0.068777 0.872514 0.136026 0.990702 0.002680
-44.255751 -71.537426 379.638922 -600.774970 0.863661 -0.019509 -0.503695 0.503859 0.062522 0.861520 -0.014685 0.997853 -0.063827
-46.673121 -72.493683 1333.511673 228.357974 0.871917 0.083543 -0.482474 0.488987 -0.097174 0.866861 -0.025537 0.991755 0.125579
3.053581 -35.306043 592.727127 -2638.934814 0.571247 0.820184 -0.031226 0.585591 -0.380608 0.715696 -0.575118 0.427125 0.697713
-1.243720 -32.540897 1125.030568 -2050.178283 0.512681 0.851888 -0.106984 0.601604 -0.267533 0.752661 -0.612561 0.450237 0.649658
-0.691666 -39.685444 1489.766600 -3269.837270 0.550644 0.831761 -0.070468 0.614492 -0.346772 0.708624 -0.564969 0.433501 0.702058
2.507890 -46.017440 1091.214094 -3943.848216 0.589878 0.807347 -0.015332 0.626125 -0.445316 0.640047 -0.509912 0.387150 0.768182
33.497615 -50.073993 -938.115982 275.273924 -0.408037 0.910971 0.060317 0.441670 0.254789 -0.860238 0.799020 0.324369 0.506312
31.164674 -50.309823 -2933.341808 998.490412 -0.349478 0.931369 0.102066 0.317879 0.220336 -0.922174 0.881373 0.289835 0.373065
33.960476 -50.061095 -3894.077099 -40.582628 -0.324392 0.936578 0.132633 0.448742 0.275804 -0.850037 0.832707 0.216227 0.509750
0.298244 -45.385882 -299.348142 -1656.192980 0.422054 0.905934 0.033978 0.785171 -0.346545 -0.513238 0.453184 -0.243293 0.857574
0.347556 -44.327778 419.256604 -841.709356 0.430241 0.902618 0.013158 0.833511 -0.391619 -0.389736 0.346630 -0.178648 0.920833
-0.963130 -44.702959 85.870005 -792.076972 0.410276 0.911652 0.023765 0.827284 -0.361089 -0.430367 0.383763 -0.196229 0.902341
1.097578 -47.769535 -209.308942 -807.548816 0.381141 0.923347 0.046507 0.766790 -0.287613 -0.573858 0.516493 -0.254381 0.817634
0.631347 -47.987820 -174.301285 -172.475495 0.398903 0.916098 0.040512 0.710367 -0.280778 -0.645401 0.579876 -0.286231 0.762769
0.556515 -49.291575 -404.067193 135.751439 0.415288 0.909196 0.029979 0.703057 -0.299870 -0.644817 0.577275 -0.288862 0.763749
-1.091634 -61.306924 1.477149 -1196.341443 0.343858 0.939007 0.005316 0.631168 -0.226930 -0.741707 0.695262 -0.258397 0.670703
0.678120 -55.639057 470.939350 -1879.368791 0.308970 0.950637 0.028746 0.751325 -0.225435 -0.620234 0.583137 -0.213231 0.783890
-0.216996 -58.936470 35.949179 -2114.976347 0.332091 0.943083 0.017593 0.728428 -0.244565 -0.639985 0.599256 -0.225349 0.768186
-1.307481 -65.446578 -1030.909633 -955.273108 0.368122 0.929765 -0.004752 0.585483 -0.235775 -0.775642 0.722285 -0.282749 0.631156
-1.691365 -64.238294 -173.400567 -172.935379 0.364247 0.930973 -0.024778 0.491555 -0.214785 -0.843943 0.791010 -0.295224 0.535860
-1.492866 -62.155819 464.801306 -574.387011 0.344661 0.938623 -0.014019 0.521760 -0.203961 -0.828352 0.780369 -0.278186 0.560033
-1.358801 -127.665334 -346.298390 -9779.357470 0.046958 0.939935 0.338108 0.808981 -0.234339 0.539106 -0.585957 -0.248207 0.771393
-0.997873 -142.449341 -421.849845 -2262.716434 0.078011 0.936877 0.340845 0.946609 -0.176878 0.269527 -0.312802 -0.301621 0.900655
-1.925792 -135.256929 -248.873172 -2812.463232 0.055973 0.938544 0.340590 0.935705 -0.168315 0.310041 -0.348314 -0.301338 0.887622
-0.607411 -133.884686 -78.798721 -11978.594571 0.067154 0.939824 0.334995 0.785499 -0.256825 0.563056 -0.615208 -0.225327 0.755478
-0.538295 -105.452114 153.918204 -10273.240080 0.029293 0.950128 0.310481 0.594403 -0.266285 0.758800 -0.803634 -0.162323 0.572559
-8.472376 -57.572260 127.069366 -712.636410 -0.109055 -0.985031 -0.133496 0.989984 -0.095514 -0.103968 0.089661 -0.143497 0.985581
-9.462410 -59.310332 259.382661 1158.994140 -0.147313 -0.978966 -0.141156 0.988550 -0.150440 0.011683 -0.032673 -0.137819 0.989918
-9.941076 -60.646731 1493.980568 417.073978 -0.089905 -0.978600 -0.185094 0.995711 -0.084245 -0.038238 0.021826 -0.187738 0.981977
-7.986712 -66.502144 -1233.655913 1386.124491 -0.153937 -0.984469 -0.084406 0.987108 -0.149435 -0.057333 0.043829 -0.092143 0.994781
-7.954948 -61.755244 -746.933840 -3368.295195 0.092205 0.983179 0.157663 0.980607 -0.062159 -0.185864 0.172938 -0.171743 0.969844
-7.225320 -65.308355 1207.974304 -1220.271793 0.116918 0.989127 0.089204 0.967437 -0.093129 -0.235356 0.224490 -0.113817 0.967807
-1.074024 -73.461773 302.016618 4148.116661 -0.001563 0.957972 0.286859 0.275106 -0.275378 0.921132 -0.961413 -0.080356 0.263113
-0.157536 -73.024596 -345.935092 3918.256062 -0.016224 0.955837 0.293448 0.296292 -0.275709 0.914438 -0.954960 -0.101782 0.278733
-1.827298 -82.228401 139.921610 9413.897596 -0.002602 0.954979 0.296663 0.154510 -0.292717 0.943633 -0.987988 -0.048293 0.146792
-0.347801 -66.433398 -107.333269 -3416.412532 -0.014633 0.964109 0.265104 0.385889 -0.239146 0.891010 -0.922429 -0.115339 0.368539
-2.486344 -82.489060 781.268076 9344.339449 0.006871 0.961196 0.275779 0.168131 -0.272970 0.947217 -0.985741 -0.039859 0.163482
-1.858586 -74.274571 -33.934114 3229.168859 -0.010176 0.960505 0.278076 0.298765 -0.262467 0.917524 -0.954272 -0.092416 0.284295
-15.502586 -93.460784 -678.914913 1666.762667 0.104271 0.963583 0.246243 -0.545861 0.262415 -0.795722 0.831362 0.051443 -0.553345
-14.180721 -94.274985 -202.536916 1017.652432 0.124226 0.966650 0.223956 -0.502105 0.255913 -0.826075 0.855838 0.009829 -0.517150
-14.898914 -92.295731 -112.375930 -102.382877 0.120003 0.970218 0.210420 -0.685314 0.234308 -0.689525 0.718293 0.061458 -0.693021
-17.165189 -93.797468 -426.125503 2226.302201 0.052600 0.959498 0.276760 -0.485483 0.266758 -0.832554 0.872662 0.090570 -0.479852
-15.722838 -93.096162 -750.660348 954.300357 0.079532 0.964748 0.250872 -0.355851 0.262565 -0.896900 0.931152 0.017940 -0.364189
28.686329 -32.306461 3204.628094 -1328.909802 -0.631967 -0.734163 -0.248240 0.766515 -0.544863 -0.339969 0.114336 -0.405129 0.907082
25.683044 -41.158914 3467.321885 -4666.972231 -0.568081 -0.759624 -0.316632 0.809449 -0.446274 -0.381616 0.148580 -0.473087 0.868397
23.086233 -33.233054 4116.255780 -3853.852006 -0.657577 -0.684536 -0.314647 0.750839 -0.561141 -0.348369 0.061910 -0.465329 0.882970
0.926994 -128.705897 2644.001271 2878.521087 -0.633396 -0.296469 -0.714784 -0.213542 0.954797 -0.206792 0.743781 0.021655 -0.668073
5.117611 -181.879825 4088.011314 -26214.642367 -0.614264 -0.340714 -0.711754 -0.374952 0.919676 -0.116652 0.694328 0.195219 -0.692675
-4.713645 -157.955001 1815.181169 -13463.262737 -0.629308 -0.302767 -0.715753 -0.354626 0.931389 -0.082186 0.691528 0.202104 -0.693500
-3.926707 -127.099796 605.581095 650.135450 -0.619637 -0.291606 -0.728708 -0.132424 0.953954 -0.269140 0.773636 -0.070271 -0.629721
-5.028319 -118.923269 532.359067 2440.662515 -0.624021 -0.275767 -0.731130 -0.282265 0.952030 -0.118172 0.728646 0.132630 -0.671926
-6.914548 -152.986612 329.613231 -6774.918144 -0.605510 -0.274983 -0.746822 -0.414734 0.909942 0.001215 0.679230 0.310468 -0.665023
-9.011780 -282.338635 -628.320545 -53888.240567 -0.611900 -0.264405 -0.745432 -0.522269 0.842852 0.129752 0.593982 0.468711 -0.653832
18.581213 -72.422255 6641.713750 -1538.081758 -0.526279 -0.282419 -0.802041 -0.331606 0.936716 -0.112250 0.782987 0.206887 -0.586626
22.539586 -66.104346 5628.619825 -2147.823464 -0.499242 -0.314514 -0.807365 -0.177464 0.949157 -0.260014 0.848094 0.013469 -0.529674
30.383455 -65.592889 5012.767721 -501.967294 -0.459018 -0.288386 -0.840319 -0.322146 0.935507 -0.145083 0.827964 0.204110 -0.522317
33.109756 -57.148356 -1055.050758 -34.868320 -0.327378 -0.283451 -0.901376 -0.283606 0.939438 -0.192415 0.901327 0.192644 -0.387940
33.268621 -61.774001 993.222414 43.939826 -0.387060 -0.228968 -0.893173 -0.415554 0.908041 -0.052698 0.823103 0.350764 -0.446615
99.261843 -4720.644409 -10685.355461 -2173757.124701 0.726555 -0.005910 0.687082 0.485702 0.711726 -0.507484 0.486015 -0.702432 -0.519979
-219.668985 -7722.281515 19794.435027 2005483.702357 -0.705868 -0.092493 -0.702279 0.090891 0.971416 -0.219295 0.702488 -0.218625 -0.677284
-31.201138 -809.686621 -890.382019 -247359.983154 0.748872 0.163236 0.642296 0.575603 0.320115 -0.752468 0.328439 -0.933210 -0.145766
-37.790087 -1069.361834 2745.560352 -313140.345865 -0.579168 -0.038326 -0.814307 0.815031 -0.006394 -0.579382 0.016999 -0.999245 0.034940
-15.101114 -37.509820 3218.062949 -1960.034932 0.384234 0.887414 -0.254678 0.635942 -0.054423 0.769815 -0.669284 0.457750 0.585255
-5.737873 -30.750673 1285.538660 -1780.457050 0.416221 0.882968 -0.217090 0.618855 -0.100170 0.779092 -0.666168 0.458621 0.588122
-8.631158 -27.819546 1610.823124 -999.971992 0.283261 0.879704 -0.381947 0.637104 0.125073 0.760562 -0.716841 0.458778 0.525035
-13.547817 -31.275521 2190.660316 -213.234313 0.168276 0.851430 -0.496740 0.652465 0.281532 0.703584 -0.738900 0.442501 0.508153
3.009284 -44.528620 -2340.749124 16.444171 -0.048207 -0.992981 0.108000 0.997172 -0.054085 -0.052172 0.057647 0.105180 0.992781
9.418633 -47.419763 -3149.151068 1551.179927 -0.045204 -0.994024 0.099362 0.998652 -0.042425 0.029901 -0.025507 0.100580 0.994602
4.906014 -45.459668 -1831.524727 796.411132 -0.102204 -0.990148 0.095711 0.991905 -0.094149 0.085207 -0.075357 0.103645 0.991756
-0.096987 -42.630939 -1386.237493 -765.762866 -0.129636 -0.987056 0.094419 0.990065 -0.123622 0.066998 -0.054459 0.102166 0.993276
-4.533135 -44.651940 -2007.647269 -1011.888219 -0.120985 -0.985501 0.118959 0.988062 -0.131071 -0.080957 0.095375 0.107744 0.989593
-2.306725 -44.850196 2301.473586 -878.466820 0.054762 0.991107 -0.121278 0.978217 -0.077609 -0.192531 0.200231 0.108093 0.973768
-30.306479 -9148.413059 -98327.417214 -4140417.247877 0.491206 -0.244268 0.836092 0.050375 0.966234 0.252694 -0.869586 -0.082007 0.486925
115.790999 -909.098371 -18756.596307 -318683.230408 0.906415 0.083073 0.414139 -0.288515 -0.594334 0.750684 -0.308499 0.799916 0.514745
-690.282099 -3581.365313 190173.506260 1278412.251312 0.981251 -0.149269 0.121924 -0.052223 -0.814851 -0.577313 -0.185525 -0.560121 0.807369
-148.195542 -400.729143 47920.955154 -101441.087784 0.995982 0.046137 -0.076757 0.088974 -0.607296 0.789478 0.010190 0.793135 0.608961
-56.111996 -405.485959 -27847.234987 96737.813092 0.919946 -0.378039 -0.103857 -0.140344 -0.070201 -0.987611 -0.366065 -0.923124 0.117637
372.528541 -860.279924 -85797.329974 204595.655349 0.985277 -0.121533 -0.120243 -0.133553 -0.108048 -0.985134 -0.106734 -0.986689 0.122688
-131.540307 -465.575285 27427.150986 99647.746004 0.330010 -0.096281 -0.939054 0.938386 -0.074656 0.337430 -0.102594 -0.992550 0.065711
-3.711205 -247.528783 3458.040531 -25299.660418 -0.120294 -0.409936 0.904147 0.224069 0.876047 0.427007 -0.967121 0.253958 -0.013529
1.346285 -1173.455629 -1823.198452 -342014.314577 -0.137905 -0.614924 0.776435 0.361633 0.698541 0.617464 -0.922065 0.365936 0.126044
-24.824987 -557.497769 2559.769446 -160057.824200 -0.130225 -0.578081 0.805521 -0.022591 0.813959 0.580484 -0.991227 0.057396 -0.119057
-8.945453 -47.321996 -1281.127663 -1696.481438 -0.211487 -0.301685 -0.929656 -0.690594 0.719207 -0.076288 0.691630 0.625881 -0.360445
-12.815728 -41.293086 -1825.190559 -1796.620026 -0.207060 -0.338524 -0.917893 -0.622536 0.769358 -0.143310 0.754702 0.541747 -0.370047
-13.386787 -48.541066 -1093.164019 -2567.972478 -0.312844 -0.265623 -0.911906 -0.691877 0.721503 0.027198 0.650719 0.639435 -0.409497
-6.140058 -40.076582 -1731.885904 -2227.118783 -0.192905 -0.291641 -0.936874 -0.581968 0.802744 -0.130059 0.790001 0.520141 -0.324579
-7.314812 -56.551238 465.231682 4226.965291 0.271903 0.278941 0.921011 0.758563 -0.651050 -0.026766 0.592158 0.705922 -0.388617
73.531513 -16.073981 -46.382102 3137.211254 0.086445 -0.447766 -0.889962 0.868719 -0.403427 0.287358 -0.487704 -0.797967 0.354109
67.034504 -40.470216 15290.706403 467.054093 -0.101606 0.760514 0.641322 0.766809 -0.350827 0.537517 -0.633782 -0.546387 0.547524
117.779766 -18.970506 -29911.943586 -415.099452 -0.133298 -0.685715 -0.715561 0.860445 -0.438349 0.259778 -0.491799 -0.581073 0.648451
348.707398 -8.470423 -90263.364045 -1429.627942 -0.419410 -0.217291 -0.881408 0.822519 -0.501807 -0.267679 -0.384133 -0.837242 0.389189
161.259460 10.812461 -27148.308022 3164.854984 -0.319608 0.013000 -0.947461 0.882469 -0.360091 -0.302626 -0.345106 -0.932827 0.103616
63.448151 -10.087910 17852.776353 7120.038376 0.224437 -0.171861 -0.959214 0.881032 -0.384844 0.275096 -0.416426 -0.906840 0.065042
2.439274 -65.063018 -429.217409 -597.831102 -0.438117 0.797451 0.414880 0.559163 0.603138 -0.568824 0.703839 0.017226 0.710150
0.828848 -64.211025 -459.263837 -568.332448 -0.441497 0.790707 0.424102 0.551703 0.611981 -0.566661 0.707605 0.016201 0.706423
2.093370 -63.582380 -521.105399 -1588.468005 -0.439176 0.792086 0.423939 0.652455 0.605594 -0.455586 0.617598 -0.076519 0.782763
3.430651 -64.667300 -170.436199 -1796.830798 -0.442844 0.800490 0.403861 0.674726 0.594169 -0.437844 0.590452 -0.078599 0.803236
2.085957 -60.801416 -740.038815 -1460.308492 -0.440812 0.785399 0.434549 0.727456 0.596204 -0.339631 0.525825 -0.166401 0.834157
3.005693 -61.369658 -467.728545 -1920.079707 -0.440666 0.794489 0.417852 0.732816 0.587232 -0.343715 0.518454 -0.154745 0.840987
27.208895 -72.708463 -1430.906369 -4059.997584 -0.611899 0.642054 0.461894 -0.033744 0.562261 -0.826271 0.790216 0.521181 0.322382
25.878212 -73.651236 -3563.859253 2002.840991 0.718338 -0.561918 -0.410169 0.074088 0.648020 -0.758012 0.691738 0.514120 0.507129
25.948238 -77.010166 -5266.036955 -6691.422819 0.737154 -0.556238 -0.383672 -0.003034 0.565062 -0.825043 0.675718 0.609347 0.414850
26.686248 -75.110916 -3605.833120 4942.709754 -0.560221 0.650949 0.512268 0.044786 0.641322 -0.765963 0.827132 0.406166 0.388436
21.390711 -67.661051 -5261.670512 4895.843060 -0.492412 0.702913 0.513267 -0.028296 0.576476 -0.816624 0.869902 0.416639 0.263974
23.711731 -68.061328 -4173.922331 -4577.544691 -0.525471 0.700012 0.483594 -0.077380 0.526715 -0.846512 0.847285 0.482238 0.222607
-15.045421 -42.526801 -711.309088 -273.012371 -0.030801 0.999278 -0.022248 -0.842326 -0.037933 -0.537631 0.538087 -0.002180 -0.842887
-14.874085 -40.855273 -1060.381850 -1292.073415 0.010106 0.999922 -0.007395 -0.767757 0.003021 -0.640734 0.640661 -0.012153 -0.767728
-11.687205 -43.269812 -1815.702306 -1031.432808 0.013983 0.998235 -0.057725 -0.816031 -0.021969 -0.577590 0.577839 -0.055182 -0.814284
-6.793798 -45.906797 -2274.910550 -392.232062 -0.010887 0.995293 -0.096297 -0.875458 -0.056021 -0.480036 0.483171 -0.079078 -0.871947
-12.980324 -43.724469 -1355.793568 -32.074843 -0.029951 0.997361 -0.066135 -0.874863 -0.058158 -0.480866 0.483443 -0.043457 -0.874296
-14.172155 -95.206385 -69.509244 -886.638535 -0.522581 0.810291 0.265213 -0.516610 -0.053478 -0.854549 0.678250 0.583583 -0.446551
-13.309122 -93.646402 -183.121083 -2216.970216 -0.486821 0.833056 0.262722 -0.454539 0.015245 -0.890596 0.745922 0.552979 -0.371235
-12.766580 -96.282952 -159.654685 -286.115661 -0.494333 0.830812 0.255709 -0.603559 -0.116344 -0.788784 0.625581 0.544257 -0.558957
-13.293217 -94.587138 -133.190316 -934.907118 -0.522862 0.811894 0.259700 0.664301 0.197191 0.720985 0.534153 0.549495 -0.642446
-13.853332 -96.281023 -132.316556 -253.469237 -0.557942 0.783929 0.272316 0.579802 0.133457 0.803753 0.593743 0.606337 -0.528985
12.520351 -202.406291 -3292.745517 -35491.372692 -0.504128 0.649931 -0.568722 0.489329 0.757581 0.432005 0.711626 -0.060507 -0.699948
3.643493 -168.869082 -4814.356779 -23597.624918 -0.465624 0.621246 -0.630276 0.451887 0.779248 0.434247 0.760916 -0.082618 -0.643569
1.673751 -382.248041 -3794.236448 -106101.267412 -0.486318 0.671940 -0.558563 0.340289 0.734422 0.587220 0.804797 0.095503 -0.585816
-7.614268 -315.489296 -2177.604044 -77671.373377 -0.512873 0.610311 -0.603723 0.270519 0.782328 0.561055 0.814727 0.124431 -0.566336
-60.875951 -5368.679971 2965.258503 -2069608.518427 -0.529939 0.615731 -0.583129 0.067713 0.716151 0.694653 0.845328 0.328639 -0.421209
12.362710 -78.327872 -928.420136 -7130.403851 0.564494 -0.336642 0.753670 0.712103 0.660361 -0.238396 -0.417440 0.671264 0.612493
16.983506 -73.814220 4529.845694 -6931.283750 0.611358 -0.336639 0.716181 0.705825 0.641198 -0.301124 -0.357844 0.689593 0.629610
16.005503 -88.921213 326.396126 -6746.887508 0.651029 -0.280365 0.705377 0.724454 0.506869 -0.467172 -0.226555 0.815156 0.533099
13.662667 -87.137202 -5081.770063 -6211.562474 0.584846 -0.299359 0.753883 0.740500 0.576395 -0.345583 -0.331081 0.760364 0.558778
15.996801 -99.478337 -4374.823424 -5318.722957 0.637890 -0.273347 0.719984 0.749446 0.435534 -0.498639 -0.177276 0.857666 0.482682
-11.083578 -21.983563 1420.702825 1787.122851 0.643267 0.493999 0.584955 0.002501 0.762646 -0.646811 -0.765638 0.417535 0.489350
-5.956349 -15.013956 2175.840060 1184.633772 0.608452 0.759415 0.230382 0.260371 -0.465265 0.846012 -0.749662 0.454773 0.480820
-10.893748 -24.172872 1894.947883 1232.581134 0.538721 0.837268 0.093606 0.314478 -0.302922 0.899634 -0.781590 0.455215 0.426493
-18.773243 -29.956910 2046.602933 1468.986762 0.610925 0.592041 0.525603 -0.051879 0.692413 -0.719634 -0.789987 0.412374 0.453727
-11.736197 -32.328900 2801.920968 3858.758142 0.610754 0.196847 0.766962 0.168206 0.914245 -0.368596 -0.773748 0.354129 0.525268
-10.530285 -36.000386 611.198082 -3838.882176 -0.318970 0.943186 -0.093046 -0.332721 -0.203362 -0.920837 0.887443 0.262761 -0.378684
-9.626284 -33.071574 617.519267 -3648.120724 -0.365694 0.887206 -0.281307 -0.235067 -0.380484 -0.894413 0.900562 0.260955 -0.347694
-14.366263 -38.696812 932.439813 -828.850912 -0.323091 0.924821 -0.200794 -0.404604 -0.326791 -0.854109 0.855516 0.194713 -0.479770
19.516467 -35.512801 -4560.573720 81.091936 -0.130706 0.108633 -0.985452 -0.078897 0.989687 0.119564 0.988277 0.093377 -0.120787
28.484612 -38.576663 -7391.260328 -1713.848829 -0.107026 0.107491 -0.988429 0.043915 0.993680 0.103307 0.993286 -0.032350 -0.111070
17.476729 -38.767602 -8531.093201 382.939484 -0.052389 0.033455 -0.998066 -0.017627 0.999252 0.034420 0.998471 0.019396 -0.051760
-53.841758 -82.616040 -81.940976 4303.793481 -0.042305 0.946464 -0.320026 0.919748 0.161998 0.357519 -0.390223 0.279219 0.877361
-43.526621 -82.626362 -2915.012431 1764.348808 -0.118286 0.962731 -0.243223 0.886129 0.212874 0.411655 -0.448089 0.166834 0.878284
-28.522799 -85.415131 -5480.380972 9124.436138 -0.172608 0.973626 -0.149192 0.951510 0.203972 0.230269 -0.254627 0.102211 0.961623
-1.449428 -128.647297 -1820.710292 -6111.156728 0.537373 0.204525 0.818168 0.113692 0.943722 -0.310584 -0.835646 0.259919 0.483878
-2.846997 -125.680864 -1387.583364 -3315.407101 0.549822 0.200230 0.810928 0.301454 0.857846 -0.416205 -0.778987 0.473296 0.411302
-0.551595 -141.535492 -2940.871982 -2017.987418 0.518848 0.208911 0.828947 0.366536 0.821660 -0.436494 -0.772301 0.530313 0.349743
-4.763831 -130.182915 110.023073 -6710.312933 0.571248 0.193644 0.797608 0.160092 0.926819 -0.339672 -0.805013 0.321728 0.498442
1.713438 -137.506589 -1999.400677 -8558.419707 0.538017 0.203973 0.817883 0.096203 0.949083 -0.299977 -0.837426 0.240075 0.491000
-0.768425 -122.573076 -1863.733951 -7872.956760 0.534760 0.217261 0.816596 -0.117307 0.976112 -0.182881 -0.836822 0.002004 0.547472
-3.402105 -124.322608 -168.845302 -4452.155681 0.558049 0.207046 0.803563 -0.050151 0.975017 -0.216394 -0.828291 0.080459 0.554491
24.174473 -48.071833 6764.773216 -188.438707 -0.531362 0.837295 -0.128805 0.713313 0.360195 -0.601203 0.456989 0.411335 0.788647
35.348123 -49.426384 3658.567113 -230.077531 -0.490942 0.870208 -0.041405 0.648741 0.333449 -0.684067 0.581473 0.362699 0.728243
35.159678 -49.340503 2152.789534 -175.692227 -0.461191 0.887164 -0.015572 0.722435 0.365252 -0.587093 0.515161 0.282012 0.809369
37.659897 -49.781147 -3166.345728 -505.050269 -0.391453 0.916817 0.078809 0.637933 0.332102 -0.694802 0.663179 0.221707 0.714870
35.555241 -49.436667 3727.366509 549.502951 -0.468472 0.882195 -0.047604 0.783003 0.389635 -0.484861 0.409194 0.264418 0.873295
30.655574 -48.531547 6653.288344 -190.061380 -0.512724 0.851045 -0.113302 0.763867 0.391942 -0.512727 0.391945 0.349435 0.851043
-1.526133 -42.707824 1096.664057 1092.416760 0.429083 0.903264 0.001363 0.845007 -0.400874 -0.353926 0.319142 -0.153015 0.935273
-2.930910 -42.714469 -26.234536 632.527108 0.404776 0.913840 0.032440 0.855974 -0.366189 -0.364984 0.321658 -0.175504 0.930448
-3.375983 -37.180112 135.560817 -1065.039261 0.422245 0.906031 0.028585 0.883578 -0.404327 -0.236240 0.202483 -0.125008 0.971274
1.485875 -55.716450 870.659635 -1709.086836 0.295098 0.955001 0.029836 0.722343 -0.202549 -0.661207 0.625410 -0.216673 0.749610
2.237824 -51.183887 668.296045 -1775.304844 0.277642 0.959291 0.051723 0.836638 -0.214979 -0.503806 0.472177 -0.183151 0.862267
-2.721861 -135.009758 296.106986 4806.523522 -0.078854 -0.936229 -0.342428 0.994286 -0.098656 0.040772 -0.071954 -0.337257 0.938659
0.229222 -152.912235 -260.986104 -9454.670818 0.087693 0.936576 0.339316 0.896499 -0.222701 0.383006 -0.434280 -0.270610 0.859169
-1.870021 -137.843143 521.223703 4007.229768 -0.094352 -0.936136 -0.338744 0.993256 -0.111549 0.031613 -0.067380 -0.333477 0.940347
-0.236297 -153.755922 1114.497439 5412.309975 -0.105481 -0.929894 -0.352380 0.992366 -0.121204 0.022792 -0.063904 -0.347286 0.935579
-9.288987 -72.098843 607.590450 4306.459933 0.163980 0.980652 0.106918 0.979977 -0.174351 0.096157 -0.112938 -0.089010 0.989607
-10.627578 -65.416835 346.439011 4612.125332 -0.134549 -0.977805 -0.160607 0.986518 -0.147419 0.071057 -0.093156 -0.148881 0.984457
-0.342930 -77.643841 242.154345 6455.437591 -0.004732 0.951127 0.308764 0.195571 -0.301924 0.933056 -0.980678 -0.064800 0.184584
-0.180000 -68.147467 -505.501277 -2746.638617 -0.023134 0.961079 0.275303 0.407519 -0.242394 0.880439 -0.912904 -0.132559 0.386050
-13.228349 -93.683502 -845.479701 834.321179 0.159512 0.966876 0.199267 -0.518739 0.253831 -0.816382 0.839920 -0.026855 -0.542046
-12.903349 -92.615452 -794.790662 2030.512201 0.154284 0.966325 0.205945 -0.368163 0.249656 -0.895616 0.916871 -0.062358 -0.394283
-11.804284 -99.027684 -254.933842 1472.141394 0.160484 0.968456 0.190627 -0.362981 0.237503 -0.901020 0.917872 -0.075405 -0.389647
-11.797979 -95.852458 -1031.412067 367.051998 0.164320 0.965068 0.204065 -0.159079 0.230096 -0.960078 0.973495 -0.125298 -0.191331
25.886697 -90.565604 -2644.797914 -4663.940421 0.677365 0.260419 0.688010 -0.313258 0.948322 -0.050539 -0.665617 -0.181291 0.723939
21.335380 -96.956635 -1415.763072 3195.552067 0.684616 0.249300 0.684946 -0.129167 0.966314 -0.222605 -0.717368 0.063927 0.693755
18.746895 -87.309602 705.681398 605.191450 0.735943 0.331300 0.590447 -0.258187 0.943525 -0.207604 -0.625881 0.000339 0.779919
30.983278 -79.603949 -12.077910 -10126.424216 0.728140 0.344785 0.592398 -0.479538 0.873787 0.080862 -0.489750 -0.342956 0.801577
31.073897 -83.393566 -2888.593211 -13964.279822 0.681050 0.248178 0.688896 -0.459079 0.877664 0.137668 -0.570453 -0.410016 0.711667
10.113507 -129.650846 4897.401970 -2680.940124 -0.644398 -0.311580 -0.698333 -0.254264 0.948567 -0.188602 0.721180 0.056026 -0.690479
14.217425 -202.783937 3653.411930 -42676.333683 -0.588981 -0.319184 -0.742444 -0.362870 0.925331 -0.109945 0.722099 0.204655 -0.660825
49.656197 -937.926904 7041.973887 -286272.391780 -0.532036 -0.411599 -0.739949 -0.604526 0.796541 -0.008413 0.592862 0.442842 -0.672611
8.776875 -72.823527 5265.560243 -2671.297578 -0.538844 -0.271426 -0.797480 -0.206667 0.960333 -0.187213 0.816661 0.063934 -0.573565
14.477994 -67.628621 5307.961425 -2868.499093 -0.524167 -0.307182 -0.794285 -0.049843 0.942147 -0.331474 0.850156 -0.134159 -0.509153
27.197490 -60.853844 4321.122343 -2299.961536 -0.468794 -0.363254 -0.805157 -0.030850 0.917703 -0.396068 0.882768 -0.160835 -0.441420
6.178072 -920.466873 -4043.209058 -295433.000665 0.690922 -0.121062 0.712720 0.613080 0.620554 -0.488923 0.383091 -0.774762 -0.502976
-11.219590 -749.195525 729.435446 -215670.275543 -0.576606 0.080590 -0.813038 0.813930 0.143156 -0.563049 0.071015 -0.986414 -0.148139
7.928457 -819.337808 -12124.236374 -253413.179578 0.678275 -0.187431 0.710501 0.641278 0.623068 -0.447825 0.358755 -0.759378 -0.542808
-7.803990 -39.701237 2483.705777 -2732.891615 0.499486 0.856994 -0.126787 0.624416 -0.254690 0.738402 -0.600515 0.447989 0.662335
8.355078 -36.285306 553.620874 4317.787972 -0.448799 -0.253167 -0.857021 -0.323753 0.939943 -0.108121 0.832924 0.228939 -0.503810
12.370581 -35.840988 372.789168 8958.257162 -0.472353 -0.114786 -0.873903 -0.354986 0.932291 0.069418 0.806764 0.343013 -0.481118
15.097837 -26.282080 2586.666952 7479.942417 -0.492748 -0.231055 -0.838936 -0.424223 0.905558 -0.000237 0.759760 0.355779 -0.544230
20.265659 -21.975927 971.824062 11038.649496 -0.485393 -0.050698 -0.872825 -0.394356 0.903690 0.166817 0.780306 0.425175 -0.458637
12.158218 -48.703037 2467.184370 1616.702711 0.110855 0.990364 -0.083008 0.978593 -0.094201 0.182983 -0.173400 0.101516 0.979606
-45.100667 -55.610362 -2908.058780 -1597.064003 -0.305837 0.949486 0.070281 0.952071 0.305384 0.017360 -0.004980 0.072222 -0.997376
-38.552968 -52.313333 -1130.632943 1737.325898 -0.046990 0.998432 -0.030416 -0.997276 -0.048626 -0.055461 0.056853 -0.027727 -0.997997
-37.514111 -52.396758 -2584.173283 408.464795 0.062723 0.997801 -0.021407 -0.993358 0.064489 0.095299 -0.096470 -0.015288 -0.995218
-43.716007 -57.460765 -2876.065081 1289.827991 -0.312582 0.949745 0.016654 -0.938497 -0.306078 -0.159811 0.146683 0.065584 -0.987007
-44.534500 -52.119262 -3660.287957 895.227998 -0.077173 0.992364 0.096216 -0.985891 -0.090333 0.140924 -0.148539 0.083983 -0.985334
-49.476491 -57.784335 -2903.156270 -1298.946334 -0.482401 0.869620 0.105117 0.870088 0.461850 0.172166 0.101170 0.174514 -0.979443
-52.107538 -57.482504 -1730.786774 -2211.498500 -0.689373 0.703508 0.172746 0.723844 0.678362 0.125994 -0.028546 0.211898 -0.976875
-4.038673 -18.186461 -1130.874306 -2753.424479 -0.448647 0.022199 -0.893433 0.061339 0.998099 -0.006003 0.891602 -0.057496 -0.449155
-7.737198 -17.422396 -660.218307 -3833.439179 -0.426158 0.344493 -0.836489 0.203174 0.937481 0.282576 0.881538 -0.049531 -0.469507
-0.528011 -29.085573 -859.111324 -4458.341688 -0.438189 0.211023 -0.873762 0.096008 0.977480 0.187925 0.893741 -0.001542 -0.448581
-6.301083 -10.739655 80.500474 788.350268 -0.410746 -0.582563 -0.701361 -0.221073 0.809928 -0.543271 0.884542 -0.068094 -0.461464
-1.645466 -12.274613 546.346824 463.179750 -0.396244 -0.615043 -0.681698 -0.207742 0.783276 -0.585937 0.894334 -0.090557 -0.438139
43.040485 -44.008072 18332.269362 -521.533912 -0.089629 0.849139 0.520508 0.802608 -0.247869 0.542569 -0.589735 -0.466394 0.659310
56.529939 -41.501683 8219.292176 1034.858026 -0.179611 0.670658 0.719693 0.720931 -0.408032 0.560151 -0.669327 -0.619458 0.410211
46.002054 -41.280796 13202.723208 -519.684219 -0.113960 0.782656 0.611934 0.662174 -0.399345 0.634074 -0.740634 -0.477466 0.472745
31.363312 -43.041270 10895.211320 -1239.648149 -0.138142 0.832295 0.536844 0.702519 -0.299734 0.645466 -0.698129 -0.466309 0.543297
0.867378 -63.266187 -416.590509 1030.260519 -0.441410 0.796043 0.414092 0.429017 0.592548 -0.681785 0.788100 0.123294 0.603073
-1.001395 -63.531254 -257.383758 1035.727043 -0.449627 0.787082 0.422301 0.455800 0.608775 -0.649337 0.768167 0.099475 0.632474
28.729272 -92.554016 -653.315297 10680.827472 0.653412 -0.594581 -0.468535 0.172314 0.719510 -0.672766 0.737129 0.358858 0.572592
23.900041 -89.214611 -5152.707638 8843.114423 0.750334 -0.540298 -0.380890 0.201950 0.735986 -0.646175 0.629457 0.407926 0.661348
-10.719880 -59.691039 1726.735215 -9787.939320 0.640523 -0.622140 -0.450190 0.740520 0.345136 0.576638 -0.203372 -0.702725 0.681775
-8.438786 -97.049416 3356.759802 -15814.647370 0.579438 -0.632343 -0.514193 0.814421 0.425125 0.394952 -0.031149 -0.647619 0.761327
-12.512584 -73.711009 1276.343410 -11249.129617 0.624898 -0.644583 -0.440471 0.772634 0.429679 0.467348 -0.111983 -0.632367 0.766532
-15.951656 -40.832186 -312.549249 -289.988525 -0.033472 0.999073 0.027058 -0.803999 -0.010835 -0.594533 0.593688 0.041655 -0.803616
-16.900363 -39.720939 -740.475669 -1094.533074 -0.035714 0.999323 0.008790 -0.727070 -0.019948 -0.686274 0.685634 0.030900 -0.727290
-14.249294 -87.627252 -109.294422 -2729.038736 -0.470254 0.837458 0.278433 -0.309578 0.138914 -0.940672 0.826452 0.528552 -0.193933
-11.664382 -93.525527 -886.770021 -4003.350792 -0.430565 0.864099 0.260667 -0.393344 0.080291 -0.915879 0.812339 0.496877 -0.305318
-9.973667 -100.620694 -978.598257 -1658.952182 -0.432403 0.869273 0.239567 -0.537367 -0.035082 -0.842619 0.724061 0.493086 -0.482288
40.150064 -41.446585 -4193.773147 6497.203272 -0.050914 0.856164 -0.514190 -0.550114 0.405668 0.729937 -0.833536 -0.320027 -0.450333
41.501785 -38.123109 -2521.576170 8265.883868 -0.003328 0.892918 -0.450206 -0.589001 0.362077 0.722481 -0.808126 -0.267576 -0.524725
46.573237 -25.832168 550.985892 2199.741395 0.145534 0.858915 -0.491004 -0.568419 0.478792 0.669072 -0.809765 -0.181723 -0.557904
13.150698 -128.120087 -5458.352964 2995.471877 -0.471479 0.616577 -0.630508 0.574138 0.757296 0.311237 0.669383 -0.215257 -0.711050
2.470908 -126.110239 -5218.974082 4602.449335 -0.466786 0.594596 -0.654650 0.559479 0.771828 0.302100 0.684905 -0.225247 -0.692943
-1.404073 -157.074699 -1943.921720 -13887.253465 -0.500626 0.579658 -0.642939 0.443594 0.809567 0.384480 0.743369 -0.092724 -0.662424
18.898805 -58.333668 4553.484686 -3583.212256 0.518437 -0.411624 0.749526 0.697325 0.710831 -0.091957 -0.494935 0.570337 0.655557
37.806313 -59.372662 13269.585975 -6030.565970 0.645081 -0.323041 0.692470 0.667826 0.678738 -0.305488 -0.371320 0.659515 0.653576
11.768576 -563.675712 2795.504022 -4196.276850 0.695772 -0.468620 0.544331 0.591747 0.803531 -0.064611 -0.407108 0.367061 0.836379
32.692484 -1195.331845 5737.270397 -353752.263850 0.802929 -0.280851 0.525764 -0.554229 -0.676408 0.485080 -0.219396 0.680878 0.698764
18.419903 -1040.053051 -7735.147073 -16168.872651 0.697658 -0.452971 0.555059 0.499609 0.862891 0.076223 -0.513482 0.224135 0.828311
-2.838395 -61.726945 -535.652885 1489.110478 -0.441252 0.799601 0.407352 0.493731 0.595371 -0.633848 0.749351 0.078565 0.657496
-4.399636 -62.571229 -812.708841 -999.779721 -0.433178 0.805837 0.403713 0.601135 0.592050 -0.536762 0.671561 -0.010173 0.740880
-4.080273 -63.595562 -1040.122617 -470.978490 -0.454846 0.778419 0.432641 0.620642 0.625466 -0.472859 0.638684 -0.053437 0.767611
29.032654 -40.960068 -9161.968729 799.434365 -0.050075 0.078349 -0.995668 0.097665 0.992524 0.073190 0.993959 -0.093577 -0.057353
26.867728 -375.119717 -1548.787122 -6291.057878 -0.213640 0.941394 0.261029 0.069897 -0.251783 0.965256 -0.974409 -0.224462 0.012010
15.113271 -423.164979 -3473.429732 100157.488527 -0.141465 0.936492 0.320891 0.537018 -0.199713 0.819589 -0.831625 -0.288267 0.474661
12.604826 -758.715883 -4453.912468 278336.706274 -0.201153 0.934591 0.293387 0.596451 -0.120727 0.793519 -0.777035 -0.334610 0.533153
36.306931 -384.807777 -1523.915237 -33766.058165 -0.115498 0.940897 0.318391 -0.107631 -0.330503 0.937648 -0.987459 -0.074028 -0.139442
39.509977 -530.575273 -1464.781142 -129444.727632 -0.160859 0.945317 0.283724 -0.431571 -0.325898 0.841152 -0.887621 -0.012859 -0.460395
-55.608850 -78.707913 1247.739540 144.845869 0.263115 0.922523 -0.282349 0.829979 -0.067245 0.553727 -0.491839 0.380038 0.783368
-47.735536 -76.101240 -540.178812 2313.557554 -0.438680 -0.853477 0.281312 0.833948 -0.270011 0.481274 -0.334799 0.445725 0.830204
-45.099457 -58.998304 816.974294 -4671.621563 0.634615 -0.430849 -0.641586 0.114529 0.873444 -0.473264 0.764295 0.226860 0.603645
-45.037602 -61.835120 -1209.217300 -3057.159162 0.750045 -0.409289 -0.519533 0.057743 0.823045 -0.565033 0.658861 0.393800 0.640955
-44.973439 -53.350242 235.140033 -3287.976734 0.723214 -0.375321 -0.579737 0.133501 0.899582 -0.415848 0.677598 0.223352 0.700696
-45.180502 -64.623004 798.981965 -4108.196961 0.652241 -0.422037 -0.629655 0.003017 0.832106 -0.554608 0.758006 0.359839 0.544007
-45.042978 -62.683814 1554.144501 -3957.905238 0.537829 -0.503223 -0.676392 0.062249 0.823826 -0.563414 0.840753 0.260916 0.474402
-2.330544 -132.925754 -1629.414014 -1655.452588 0.546569 0.205436 0.811824 0.478142 0.719321 -0.503941 -0.687490 0.663606 0.294931
-5.405832 -137.005160 707.845488 -4595.590789 0.583787 0.182258 0.791186 0.398869 0.784394 -0.475004 -0.707175 0.592881 0.385222
25.716762 -47.705563 -6631.654076 650.897164 0.498485 -0.855995 0.137061 0.813761 0.407542 -0.414371 0.298841 0.318092 0.899728
0.826584 -61.967693 -367.410231 -1596.699866 0.338437 0.940989 0.000742 0.709274 -0.254579 -0.657358 0.618377 -0.223000 0.753578
-6.101193 -76.255496 910.354683 4697.999899 0.156380 0.983826 0.087363 0.979367 -0.165917 0.115374 -0.128003 -0.067518 0.989473
7.340362 -47.506799 -6866.705505 -130.417730 0.543338 -0.823171 0.164844 0.747839 0.385359 -0.540588 0.381472 0.416998 0.824979
9.897695 -47.906272 7685.673394 3.509485 -0.564244 0.810580 -0.156811 0.673462 0.342017 -0.655342 0.477575 0.475378 0.738876
-1.485043 -88.048860 590.868093 6223.259713 0.003986 0.951514 0.307579 0.010198 -0.307604 0.951460 -0.999940 0.000656 0.010930
14.412038 -91.724161 -22.018292 5639.564954 0.714081 0.256700 0.651301 -0.022004 0.938117 -0.345620 -0.699717 0.232469 0.675540
6.579535 -118.271902 4953.024695 10340.554355 -0.644705 -0.302958 -0.701834 -0.140047 0.949384 -0.281170 0.751493 -0.082982 -0.654501
0.978822 -82.107583 4090.053794 -2344.236312 -0.553953 -0.220299 -0.802873 -0.378511 0.925569 0.007193 0.741530 0.307881 -0.596107
36.815767 -1108.266500 -10021.676464 -311593.140873 0.612765 0.131519 0.779244 0.533424 0.658700 -0.530636 0.583076 -0.740822 -0.333473
64.298911 -512.280267 9504.838546 -21870.582540 -0.495398 -0.017877 -0.868482 0.866212 0.064935 -0.495439 0.065252 -0.997729 -0.016684
60.870256 -646.811210 -4755.933841 -123151.952638 -0.523998 -0.314874 -0.791379 0.746654 0.277233 -0.604690 0.409797 -0.907743 0.089832
8.632278 -35.437164 13.144169 323.135479 -0.467480 -0.107930 -0.877390 -0.188567 0.981850 -0.020310 0.863658 0.155952 -0.479347
12.153661 -28.070250 -963.474155 5815.797049 -0.446148 0.071377 -0.892108 -0.258711 0.943971 0.204909 0.856750 0.322218 -0.402684
-11.270965 -32.954738 4582.080373 1325.317316 -0.380196 0.413804 -0.827175 -0.130301 0.861450 0.490841 0.915682 0.294398 -0.273601
0.125015 -32.000537 5697.641566 1597.330687 -0.400389 0.315321 -0.860384 -0.189130 0.890277 0.414290 0.896615 0.328602 -0.296821
-13.765539 -29.843152 4112.001824 1379.135209 -0.375637 0.398249 -0.836836 -0.209590 0.843064 0.495293 0.902756 0.361443 -0.233217
4.615035 -44.388955 430.381290 186.210282 0.175771 0.982928 -0.054387 0.965931 -0.161544 0.202192 -0.189954 0.088073 0.977835
321.333417 -70049.448661 -546372.657344 26319280.495293 -0.633909 0.773167 0.019302 0.316345 0.281979 -0.905767 0.705752 0.568068 0.423336
2106.192683 62.682647 758773.066945 262262.448412 0.112035 -0.627204 0.770755 0.983352 -0.041688 -0.176862 0.143060 0.777739 0.612092
1087.806752 -5217.162071 -198597.653255 2337953.326807 0.364708 0.074640 -0.928126 0.100740 0.987768 0.119022 0.925656 -0.136907 0.352728
-248.224154 -1818.914216 92350.473508 588300.600939 0.623746 0.304159 -0.720019 -0.417518 -0.649094 -0.635890 0.660772 -0.697255 0.277878
323.591618 -953.781249 170228.001602 -288196.106248 0.951303 -0.261086 0.163880 -0.263693 -0.413905 0.871292 0.159651 0.872076 0.462595
25.772224 -619.461109 15591.305825 -158543.168826 0.987713 -0.058470 -0.144930 0.011734 -0.897011 0.441851 0.155839 0.438123 0.885304
-33.505374 -48.939172 -2285.570411 156.588392 0.343896 0.929622 -0.132435 -0.932642 0.354545 0.066909 -0.109154 -0.100504 -0.988931
-37.141884 -48.732505 1153.158197 -1482.983298 0.018364 0.993991 -0.107913 0.998294 -0.012246 0.057090 0.055425 -0.108777 -0.992520
-39.564915 -57.857321 -1039.033933 907.836816 -0.196919 0.978906 -0.054455 -0.949609 -0.204251 -0.237747 0.243855 -0.004894 -0.969799
-38.469140 -56.483284 763.857780 1038.168608 -0.183459 0.975673 -0.120020 -0.966355 -0.201389 -0.160001 0.180279 -0.086628 -0.979793
-3.894004 -30.646676 -1714.538882 -4727.421803 -0.416512 0.376048 -0.827711 0.162502 0.926575 0.339192 0.894489 0.006773 -0.447038
-9.457171 -22.339760 -809.288599 -3411.215371 -0.359064 0.620199 -0.697443 0.330120 0.783365 0.526650 0.872980 -0.041139 -0.486018
-6.966269 -16.157325 -1575.916469 -1750.933555 -0.047810 0.976978 -0.207915 -0.504350 -0.203282 -0.839230 0.862175 -0.064739 -0.502458
-4.669535 -13.064766 -2261.625180 -1044.701572 0.133413 0.985666 0.103263 -0.473978 0.154964 -0.866793 0.870371 -0.066697 -0.487859
245.535632 -28.453823 -71011.455991 -5849.318871 -0.286454 -0.639278 -0.713630 0.880309 -0.469600 0.067313 -0.378153 -0.608933 0.697282
74.542124 -38.642428 29261.686772 -685.904066 0.043103 0.839613 0.541472 0.883872 -0.284700 0.371100 -0.465738 -0.462597 0.754382
-0.524377 -59.073044 -130.352580 2566.178118 -0.447217 0.798664 0.402657 0.303415 0.558957 -0.771691 0.841390 0.222941 0.492302
-1.867852 -57.092614 -291.192147 2847.761452 -0.445297 0.797478 0.407111 0.305103 0.562611 -0.768362 0.841797 0.217939 0.493842
-2.671499 -62.349685 -716.532577 2300.858237 -0.445539 0.786596 0.427506 0.432893 0.607270 -0.666203 0.783645 0.111755 0.611074
-6.927081 -64.995866 2471.448065 -9840.780995 0.638679 -0.603453 -0.477425 0.749889 0.349036 0.561997 -0.172500 -0.716951 0.675445
-3.045569 -98.029250 2592.262014 -15593.266746 0.598631 -0.624638 -0.501466 0.796681 0.399173 0.453829 -0.083308 -0.671184 0.736594
-7.898946 -50.354621 1752.807968 1901.765308 0.701157 -0.582134 -0.411701 -0.669536 -0.339026 -0.660895 -0.245152 -0.739041 0.627471
-3.404228 -66.902945 2280.094293 5308.881123 0.691207 -0.577231 -0.434785 -0.689498 -0.346617 -0.635963 -0.216394 -0.739365 0.637584
-3.141683 -57.969116 5927.552888 2230.862602 0.611710 -0.083656 0.786646 0.071331 0.996175 0.050471 -0.787860 0.025239 0.615338
1.677042 -48.334710 4819.900242 2988.541910 0.609980 -0.071273 0.789205 0.156669 0.987135 -0.031942 -0.776775 0.143128 0.613299
-11.490192 -57.606446 4738.598908 4735.843171 0.591083 -0.002491 0.806607 0.107523 0.991314 -0.075731 -0.799412 0.131492 0.586217
10.688798 -51.255150 4922.633888 812.268012 0.590442 -0.167768 0.789450 0.080032 0.985506 0.149576 -0.803102 -0.025135 0.595311
-18.064077 -64.795199 5418.280592 3348.423409 0.573545 -0.076038 0.815638 0.041616 0.997102 0.063691 -0.818117 -0.002586 0.575047
-3.515504 -61.478391 6437.731148 -124.552182 0.615805 -0.167913 0.769799 -0.002126 0.976670 0.214737 -0.787896 -0.133873 0.601081
