17370
34721
-74.289299 -110.319424 1682.380878 19664.306850 -0.485350 0.080818 0.870577 0.697224 -0.565029 0.441158 0.527555 0.821103 0.217889
-72.175098 -114.165996 6061.890099 16751.843619 -0.559946 0.178245 0.809129 0.660338 -0.493827 0.565764 0.500414 0.851096 0.158814
-90.855187 -133.033871 -125.019187 14537.399576 -0.310421 0.018977 0.950410 0.869165 -0.399214 0.291856 0.384956 0.916661 0.107430
-70.594103 -107.477355 -164.469406 12830.261536 0.658770 -0.395232 -0.640167 0.489298 -0.421287 0.763613 0.571498 0.816278 0.084145
-74.832892 -163.973818 2089.219917 43432.092130 -0.207879 -0.110201 0.971927 0.873232 -0.468622 0.133636 0.440740 0.876498 0.193647
-54.420377 -157.086538 12598.232487 49021.770586 -0.248772 -0.182967 0.951123 0.824826 -0.554776 0.109016 0.507714 0.811632 0.288929
-59.901828 -92.014603 9860.069219 24673.977469 -0.444295 -0.034708 0.895208 0.685507 -0.656508 0.314767 0.576786 0.753520 0.315476
-60.301259 -86.185207 -2553.428520 9977.708904 0.752486 -0.441586 -0.488637 0.272910 -0.466167 0.841552 0.599404 0.766610 0.230271
108.743884 -145.077990 -25248.790383 18436.722339 0.472727 0.288938 -0.832493 0.188748 0.889591 0.415935 0.860757 -0.353755 0.365998
100.322986 -127.120546 -9633.316396 27376.263255 0.538848 0.181583 -0.822600 0.234514 0.905556 0.353514 0.809102 -0.383401 0.445373
84.849698 -114.179661 -13821.813611 6481.267190 0.549138 0.252014 -0.796829 0.116276 0.921138 0.371462 0.827603 -0.296636 0.476529
111.590329 -151.107060 -12047.945706 26116.502634 0.542490 0.150445 -0.826481 0.362979 0.845274 0.392120 0.757596 -0.512716 0.403944
53.924532 -105.706021 100905.065504 -2022.178793 -0.524465 0.752210 0.398895 0.482456 0.648577 -0.588713 0.701550 0.116310 0.703064
2.193675 -77.499892 93921.444490 -5332.716299 -0.413461 0.829570 0.375318 0.595670 0.558195 -0.577577 0.688641 0.015240 0.724942
-8.347730 -73.676982 93604.971364 1202.203543 -0.481086 0.743612 0.464325 0.497007 0.667648 -0.554283 0.722177 0.035885 0.690777
73.848191 -46.761024 -47117.187252 1338.410876 -0.633638 -0.090360 0.768334 0.639389 -0.620280 0.454350 0.435527 0.779158 0.450809
72.468337 -46.816231 -43440.703368 -2790.966059 -0.588225 -0.149926 0.794679 0.660996 -0.655276 0.365647 0.465914 0.740362 0.484550
113.610815 -52.165981 -54829.288826 -1716.642117 -0.597652 -0.196764 0.777236 0.685941 -0.627375 0.368626 0.415086 0.753449 0.509920
118.221650 -55.270268 -61468.327462 2805.673801 -0.633769 -0.137225 0.761253 0.668518 -0.592250 0.449804 0.389128 0.793983 0.467088
74.832463 -51.959826 49868.943841 5962.883910 0.680597 0.024470 -0.732249 0.605031 -0.582416 0.542890 0.413189 0.812523 0.411195
-24.309880 -48.773857 1177.637701 -5784.044263 0.275193 0.365333 -0.889270 0.949868 0.039449 0.310152 0.148389 -0.930041 -0.336162
-24.976949 -48.185981 3244.875942 -4182.954497 0.104534 0.372159 -0.922264 0.979243 0.123406 0.160790 0.173652 -0.919929 -0.351534
-31.077503 -53.403258 -1917.546966 -3526.757586 0.430238 0.377570 -0.819961 0.874952 0.049122 0.481712 0.222158 -0.924677 -0.309221
-27.443993 -57.563493 334.364553 -5666.104165 0.508771 0.360642 -0.781722 0.837151 0.004567 0.546953 0.200824 -0.932693 -0.299589
-36.906605 -55.484823 -4415.137611 -3019.804719 0.579824 0.401707 -0.708827 0.760407 0.045577 0.647846 0.292551 -0.914633 -0.279034
-30.755706 -64.305016 -1008.959915 -4259.950662 0.647404 0.365917 -0.668560 0.711103 0.025615 0.702621 0.274226 -0.930295 -0.243622
-9.850336 -77.231680 -613.139622 1505.333325 0.744820 0.078739 -0.662604 -0.238365 0.958889 -0.153994 0.623238 0.272640 0.732968
-10.429649 -75.338949 -1108.029631 574.871619 0.751588 0.092404 -0.653129 -0.358494 0.888369 -0.286851 0.553713 0.449736 0.700813
-6.807955 -76.436984 -1314.860168 876.522096 0.769274 0.101817 -0.630754 -0.324114 0.912954 -0.247923 0.550607 0.395157 0.735312
-5.103265 -120.042119 -47.743698 -4714.453893 -0.595820 -0.357197 0.719312 0.758275 0.044895 0.650388 -0.264610 0.932949 0.244104
-4.703843 -104.948658 370.765806 -4938.534059 -0.561077 -0.339600 0.754893 0.722234 0.244737 0.646902 -0.404438 0.908171 0.107954
-3.558372 -108.452013 -441.626620 -4181.671018 -0.572030 -0.346456 0.743471 0.703838 0.258102 0.661812 -0.421180 0.901860 0.096207
-13.560593 -195.443417 -732.932560 -22336.276567 -0.450390 -0.485646 0.749198 0.749028 0.251153 0.613090 -0.485908 0.837300 0.250646
-13.581803 -221.537350 659.609021 7789.934191 -0.446552 -0.497538 0.743671 0.864504 -0.025614 0.501972 -0.230702 0.867064 0.441561
-16.400400 -207.026509 -2293.381837 -24224.167031 -0.453926 -0.455868 0.765594 0.762597 0.245647 0.598418 -0.460866 0.855477 0.236138
0.824333 -89.709830 -1110.881779 732.374900 -0.520908 -0.323427 0.789968 0.208817 0.849042 0.485307 -0.827678 0.417759 -0.374736
-1.136020 -93.366677 -521.571313 -3774.205578 -0.522440 -0.339829 0.782031 0.317409 0.773728 0.548267 -0.791396 0.534660 -0.296362
1.493351 -90.260061 -1969.990524 -1013.350842 -0.522171 -0.300610 0.798104 0.267719 0.830737 0.488060 -0.809731 0.468519 -0.353308
0.593665 -91.704598 -1129.477262 -3597.582966 -0.515342 -0.303118 0.801587 0.384280 0.754314 0.532297 -0.765997 0.582349 -0.272248
3.040323 -88.286723 -708.930300 -782.786506 -0.498961 -0.284966 0.818433 0.275645 0.843162 0.461625 -0.821619 0.455930 -0.342155
-21.085030 -93.885086 3908.943950 183.485718 -0.538318 -0.236803 0.808788 0.288623 0.849867 0.440934 -0.791777 0.470797 -0.389152
-22.131794 -93.147518 3498.755837 4384.560993 -0.538254 -0.230434 0.810668 0.426196 0.755410 0.497706 -0.727076 0.613396 -0.308392
-29.145598 -94.706485 6139.755175 1010.723827 -0.561889 -0.217093 0.798218 0.320144 0.832683 0.451825 -0.762751 0.509421 -0.398374
-25.340466 -91.139209 5155.947364 -5459.939265 -0.560616 -0.198496 0.803933 0.187341 0.915271 0.356627 -0.806606 0.350541 -0.475929
-4.385587 -144.756463 864.867221 5533.851105 0.743887 0.258593 0.616248 0.515903 0.363959 -0.775485 0.424824 -0.894798 -0.137336
-5.683096 -154.384552 992.233924 15981.089407 0.737986 0.257258 0.623855 0.574882 0.244466 -0.780863 0.353395 -0.934909 -0.032519
-5.510733 -148.069997 129.495257 6813.818665 0.734203 0.241257 0.634618 0.538169 0.363050 -0.760637 0.413907 -0.899994 -0.136715
-17.108840 -155.057053 2652.966812 -7054.686671 -0.525257 -0.027915 0.850486 -0.403721 0.887989 -0.220191 -0.749076 -0.459016 -0.477693
-11.468459 -160.764120 3749.048384 -8028.851621 -0.490403 -0.002433 0.871492 -0.403512 0.886983 -0.224587 -0.772452 -0.461796 -0.435961
-16.755545 -165.139821 2820.054438 -13977.213589 -0.515686 -0.047818 0.855442 -0.285702 0.950892 -0.119076 -0.807739 -0.305807 -0.504024
-19.749213 -159.874020 858.521061 -12279.545804 -0.557259 -0.073381 0.827090 -0.286479 0.951916 -0.108562 -0.779354 -0.297441 -0.551486
-20.506892 -152.583282 565.527254 -6836.323131 -0.567379 -0.063687 0.820990 -0.404888 0.889737 -0.210794 -0.717040 -0.452009 -0.530605
-19.171312 -276.569606 185.494592 -64833.095183 0.820864 -0.113154 0.559802 -0.129273 0.917926 0.375101 -0.556301 -0.380274 0.738864
-11.135338 -225.832858 -4408.091528 54300.768774 0.804362 -0.077245 0.589097 0.291210 -0.812991 -0.504225 -0.517879 -0.577130 0.631445
-18.836877 -275.611776 6307.897777 -55117.508668 0.841261 -0.105671 0.530201 -0.156081 0.891479 0.425327 -0.517608 -0.440566 0.733474
-20.692847 -311.837623 7113.711858 -44871.873966 0.842982 -0.128127 0.522460 0.003904 0.972653 0.232231 -0.537928 -0.193727 0.820429
-23.893852 -315.283357 1889.093709 -47566.547623 0.822626 -0.130894 0.553311 0.040729 0.984206 0.172275 -0.567122 -0.119182 0.814965
-0.328074 -214.747294 3665.795091 23038.818195 0.760350 0.263777 0.593540 0.645146 -0.200914 -0.737170 0.075198 -0.943427 0.322939
-1.418322 -194.361945 3467.214122 25513.160472 0.744548 0.270537 0.610293 0.639979 -0.029156 -0.767839 0.189936 -0.962268 0.194846
2.768242 -220.737051 4108.014617 32753.658288 0.751050 0.267355 0.603693 0.653256 -0.168215 -0.738214 0.095815 -0.948802 0.300989
3.932005 -232.156122 3836.676681 12146.239186 0.764586 0.259359 0.590035 0.643365 -0.361949 -0.674592 -0.038601 -0.895391 0.443604
-52.857980 -184.032584 -15554.111328 1645.757720 -0.755455 -0.053447 -0.653017 -0.256444 0.941275 0.219631 0.602930 0.333384 -0.724797
-71.136090 -167.616901 28546.885412 19340.912197 0.771523 0.031921 0.635400 -0.397141 0.804415 0.441809 0.497022 0.593209 -0.633303
-52.057544 -169.518004 19754.211206 19655.207270 0.752204 -0.003654 0.658920 -0.389571 0.804034 0.449182 0.531435 0.594573 -0.603374
-32.065509 -185.707716 -12391.674712 -11728.102207 -0.748098 -0.052871 -0.661479 -0.073163 0.997315 0.003030 0.659543 0.050662 -0.749958
-40.297239 -182.979770 -10327.124595 -10518.259459 -0.762220 -0.133935 -0.633310 -0.136443 0.989622 -0.045073 0.632775 0.052055 -0.772584
-37.968157 -184.539421 -10307.513680 6068.823009 -0.741538 0.019787 -0.670619 -0.246109 0.921862 0.299335 0.624141 0.387013 -0.678726
-31.964847 -187.008394 -11365.625000 -9101.689863 -0.735636 0.002690 -0.677372 -0.075540 0.993429 0.085983 0.673152 0.114421 -0.730599
-29.451875 -326.668179 839.466599 74925.162547 0.768426 0.041307 0.638604 -0.441976 0.755935 0.482928 0.462795 0.653342 -0.599137
-28.677890 -355.022392 115.526894 54825.418359 -0.773992 -0.036570 -0.632138 -0.303721 0.897429 0.319959 0.555598 0.439640 -0.705711
-29.218265 -379.619421 -5348.012680 130648.307322 0.798998 0.070778 0.597154 -0.432908 0.756942 0.489519 0.417364 0.649637 -0.635436
-26.087447 -338.451370 -6334.688275 50227.710288 -0.736789 0.000748 -0.676122 -0.333972 0.869086 0.364901 0.587881 0.494661 -0.640083
-26.868036 -286.907999 -1677.377864 92532.403140 0.780692 0.052491 0.622707 -0.529847 0.583931 0.615050 0.331333 0.810105 -0.483683
-25.933666 -299.930230 5212.842721 63498.365270 0.740163 0.004745 0.672411 -0.474374 0.712413 0.517144 0.476580 0.701745 -0.529552
-22.894430 -168.812585 22986.883655 -35260.138524 -0.615965 -0.024166 -0.787403 -0.065576 0.997633 0.020680 0.785039 0.064373 -0.616092
-32.267150 -161.310275 9492.092486 -44052.082283 -0.567077 -0.012283 -0.823573 0.005802 0.999804 -0.018906 0.823644 -0.015500 -0.566895
-28.216258 -143.931938 10482.325388 -41603.641829 -0.586354 0.014232 -0.809930 0.111233 0.991789 -0.063099 0.802382 -0.127089 -0.583123
-20.315994 -149.825888 12701.882587 -35475.534049 -0.598855 0.009493 -0.800802 0.081756 0.995430 -0.049339 0.796674 -0.095018 -0.596894
-12.894324 -169.229697 15728.728567 -33036.278194 -0.612179 -0.009165 -0.790666 -0.031832 0.999408 0.013061 0.790078 0.033165 -0.612108
-18.998910 -188.655571 16673.044603 -7247.681953 -0.608630 -0.026547 -0.793010 -0.228709 0.962890 0.143299 0.759777 0.268585 -0.592116
255.218943 -2404.741513 18768.738121 1002952.316947 0.335260 0.706873 0.622841 0.445631 0.463488 -0.765893 0.830069 -0.534331 0.159616
3000.557047 -11518.986114 -2238711.997396 -25556528.566171 0.763134 0.231832 0.603225 0.590938 0.127475 -0.796582 0.261569 -0.964367 0.039718
324.770082 -5090.973286 75137.526706 1520359.155118 -0.659977 -0.476943 -0.580479 0.734813 -0.248880 -0.630959 0.156462 -0.842962 0.514718
547.706894 -702.178585 1630394.853727 3150952.501963 -0.373586 -0.487894 -0.788919 0.889301 -0.430236 -0.155049 -0.263774 -0.759511 0.594615
719.548632 -1313.195999 -275264.530430 -1462197.142302 -0.076272 0.982342 0.170843 0.976195 0.108460 -0.187828 0.203041 -0.152450 0.967230
13.135150 -79.247210 2346.666697 16140.690679 0.994969 0.096131 0.028209 0.007625 0.208087 -0.978081 0.099894 -0.973375 -0.206307
-1.032509 -77.098896 -3874.442978 3279.396092 0.993635 0.083796 -0.075288 -0.085815 0.130083 -0.987783 0.072978 -0.987956 -0.136446
-1.480426 -78.726175 -1928.475684 -11437.624688 0.996316 0.083468 0.019675 0.015760 0.047305 -0.998756 0.084295 -0.995387 -0.045815
-80.289700 -106.161667 -8047.029646 -1802.208167 0.594528 0.167361 -0.786465 0.776060 0.136500 0.615710 0.210399 -0.976401 -0.048729
-90.781886 -106.945396 -6534.932301 -3828.801611 0.393269 0.300592 -0.868898 0.869782 0.184698 0.457565 0.298024 -0.935698 -0.188814
-87.812714 -113.719249 -7387.652393 -6778.529634 0.458716 0.194072 -0.867131 0.819900 0.283757 0.497238 0.342554 -0.939052 -0.028956
-3448.717368 -9729.941857 -3982780.900259 15645788.308270 0.125820 0.318684 0.939473 0.763505 -0.635767 0.113409 0.633427 0.703023 -0.323308
-11742.810773 -112793.756801 -6835095.937434 137277334.155030 -0.401083 0.818072 -0.412178 0.210568 -0.355571 -0.910621 0.891512 0.452026 0.029646
-1918.234683 -6949.332328 -1685386.971561 -2987094.613262 -0.109427 0.519267 0.847577 0.781155 -0.482372 0.396376 0.614673 0.705463 -0.352844
168.119762 -1443.329893 83573.475074 -897953.008600 0.645455 0.667085 -0.372002 -0.561298 0.083957 -0.823344 0.518008 -0.740236 -0.428623
46.048559 -913.213446 80494.655752 -543344.516690 0.622982 0.673584 -0.397717 -0.507761 -0.038545 -0.860635 0.595040 -0.738105 -0.318007
33.320250 -722.886641 77941.459166 177314.905703 0.664324 0.659479 -0.351797 0.671266 -0.319389 0.668875 0.328749 -0.680499 -0.654863
10.926071 -945.687319 79841.734423 -460750.618107 0.665439 0.654072 -0.359696 0.742373 -0.630206 0.227425 -0.077930 -0.418366 -0.904929
101.615452 -814.637104 74584.256898 -370089.069218 0.677393 0.620253 -0.395505 0.735620 -0.571998 0.362878 -0.001152 -0.536753 -0.843739
62.456428 -13.972378 -22346.738509 -4196.467794 0.807822 -0.078173 0.584219 0.576974 0.307530 -0.756655 0.120514 -0.948322 -0.293533
66.047565 -9.426093 2425.553233 -2846.405296 0.834616 0.068647 0.546537 0.505232 0.299879 -0.809205 0.219445 -0.951504 -0.215601
63.388341 -10.550963 4339.612011 -1710.573169 0.816578 0.074794 0.572369 0.525687 0.313233 -0.790910 0.238441 -0.946726 -0.216461
34.897038 -32.588593 8786.693902 -9217.764496 -0.583746 -0.075723 0.808397 0.804065 0.084390 0.588522 -0.112786 0.993551 0.011624
35.689674 -32.340866 12477.974158 5626.504245 -0.543320 -0.093780 0.834271 0.830910 0.081933 0.550341 -0.119966 0.992216 0.033407
38.249698 -24.274440 400.570554 -7128.776851 -0.598931 -0.018492 0.800587 0.795600 0.100010 0.597510 -0.091116 0.994815 -0.045187
22.094674 -35.398748 17162.382807 -7035.745573 -0.535804 -0.149533 0.830996 0.832553 0.070327 0.549463 -0.140605 0.986252 0.086813
95.201205 -144.651059 -2732.955164 28988.573279 -0.411592 -0.437365 0.799565 -0.300800 0.893353 0.333826 -0.860298 -0.103109 -0.499256
89.019946 -126.562490 -10600.579205 22410.593399 -0.373653 -0.424271 0.824850 -0.344047 0.889220 0.301528 -0.861403 -0.171120 -0.478229
81.964329 -159.896464 10055.590693 5590.724756 -0.428531 -0.334667 0.839261 -0.432567 0.891494 0.134625 -0.793251 -0.305345 -0.526799
94.033079 -170.993381 15752.176670 6676.688933 -0.468872 -0.378252 0.798176 -0.423370 0.889334 0.172752 -0.775188 -0.256925 -0.577124
92.178871 -156.762090 6252.900941 33434.331449 -0.473934 -0.431923 0.767352 -0.275293 0.900432 0.336803 -0.836421 -0.051624 -0.545650
-99.533303 -158.251769 -2898.684396 2729.261497 0.689945 0.525752 0.497555 -0.452884 -0.222689 0.863311 -0.564688 0.820971 -0.084462
-97.204282 -152.035277 -4250.727170 7842.577135 0.720256 0.523341 0.455352 -0.317617 -0.334776 0.887155 -0.616726 0.783606 0.074902
-101.437572 -160.519016 187.395579 3123.206492 0.741451 0.432120 0.513346 -0.468854 -0.213662 0.857044 -0.480028 0.876140 -0.044181
-94.536164 -149.321123 -5720.558236 6159.393456 0.658541 0.627233 0.415815 -0.286077 -0.302408 0.909235 -0.696048 0.717724 0.019711
-99.918937 -153.559341 57.138487 -6168.224384 0.711082 0.445686 0.543806 -0.571131 -0.084968 0.816449 -0.410087 0.891148 -0.194126
-97.655970 -154.507969 -3488.120062 1132.205034 0.622757 0.625398 0.470160 -0.449476 -0.205897 0.869240 -0.640426 0.752651 -0.152878
-98.685700 -151.851439 -3072.172773 -7152.523348 0.651465 0.529820 0.543032 -0.583410 -0.107718 0.805003 -0.485001 0.841242 -0.238928
212.465572 -271.950534 85484.270783 -96026.674748 0.688826 -0.059609 0.722472 -0.324829 0.865584 0.381118 -0.648078 -0.497204 0.576874
178.653887 -216.276287 62287.790525 153356.324575 0.655263 -0.099893 0.748767 0.463045 -0.730045 -0.502617 -0.596841 -0.676059 0.432116
188.819758 -240.548378 1509.208043 -85280.961963 0.499636 -0.117257 0.858263 -0.393792 0.851751 0.345612 -0.771551 -0.510658 0.379391
228.113088 -278.661930 -16982.566518 23078.289406 0.511754 -0.108590 0.852242 -0.112604 0.974945 0.191842 -0.851721 -0.194142 0.486704
243.352593 -338.030612 82662.805944 73706.644734 0.714367 -0.089231 0.694059 -0.030147 0.986992 0.157920 -0.699121 -0.133737 0.702384
-21.352699 -27.857516 6760.509258 2117.015902 0.942184 0.334995 0.008160 -0.105336 0.319201 -0.941815 0.318108 -0.886504 -0.336033
-27.065224 -32.627194 6748.411128 776.747623 0.917913 0.361280 -0.164048 -0.258173 0.229865 -0.938354 0.301300 -0.903681 -0.304269
-26.473824 -36.785807 4133.468155 6748.887136 0.433076 0.456214 -0.777376 0.862188 0.041809 0.504861 0.262825 -0.888888 -0.375235
-21.569407 -34.210872 2906.279525 6642.519234 0.427304 0.481694 -0.765103 0.861784 0.038887 0.505782 0.273385 -0.875476 -0.398500
-24.231763 -47.877883 2263.116485 6275.272704 0.288335 0.448772 -0.845853 0.938896 0.040918 0.341760 0.187983 -0.892709 -0.409552
-28.407149 -50.899706 3251.033679 4913.405323 0.295081 0.415854 -0.860228 0.943389 0.015926 0.331306 0.151475 -0.909292 -0.387612
73.441265 -68.384912 -16059.588169 2709.181540 -0.499356 -0.192067 0.844840 0.089090 0.958567 0.270579 -0.861805 0.210382 -0.461554
78.451395 -59.916733 -4116.281947 101.270866 -0.472672 -0.270242 0.838779 0.148434 0.913804 0.378060 -0.868648 0.303202 -0.391816
67.941107 -58.268059 28325.358973 64.087530 -0.345931 -0.317181 0.883022 0.078361 0.928072 0.364062 -0.934982 0.195135 -0.296194
36.460654 -52.557368 40790.436432 -2728.725870 -0.234554 -0.523776 0.818928 0.066303 0.831847 0.551030 -0.969839 0.183543 -0.160386
40.118367 -56.033174 51608.984709 4535.804176 -0.243746 -0.370856 0.896132 0.053419 0.917465 0.394214 -0.968367 0.143959 -0.203818
8.434646 -81.102213 -1407.707505 -10730.478373 0.462785 -0.085869 -0.882302 0.875027 0.203661 0.439148 0.141982 -0.975268 0.169389
9.747499 -68.905740 -3179.241233 -5045.097705 0.552838 -0.050741 -0.831742 0.823066 0.189120 0.535534 0.130125 -0.980642 0.146316
12.856997 -83.118319 -3533.766611 16024.509309 0.507508 -0.082462 -0.857692 0.856655 0.155279 0.491965 0.092614 -0.984423 0.149447
2.934903 -83.542654 497.198801 -31200.113051 0.473302 -0.058096 -0.878982 0.862425 0.233848 0.448931 0.179467 -0.970536 0.160784
8.473830 -88.720351 -2054.158562 7334.530503 0.457248 -0.105830 -0.883020 0.884138 0.161321 0.438492 0.096044 -0.981211 0.167332
6.709096 -93.971471 -560.099424 -11126.579651 0.417251 -0.107530 -0.902407 0.892290 0.236838 0.384352 0.172394 -0.965580 0.194769
4.910059 -99.886468 1328.187541 -26125.208124 0.406439 -0.082640 -0.909933 0.885494 0.281076 0.369996 0.225184 -0.956121 0.187418
1.760234 -232.315846 1019.067317 -49534.687415 -0.348201 0.176447 0.920664 0.061200 0.984309 -0.165499 -0.935420 -0.001282 -0.353536
-0.600551 -215.272724 864.517872 -38891.720785 -0.349529 0.155424 0.923944 0.081603 0.987447 -0.135236 -0.933365 0.028128 -0.357824
-0.086691 -188.245583 1347.821011 -38091.059973 -0.340411 0.214566 0.915468 -0.141652 0.950802 -0.275519 -0.929546 -0.223468 -0.293269
-3.672869 -53.831495 -11754.380152 732.052046 0.919151 0.334332 0.208289 -0.009694 0.547816 -0.836543 0.393787 -0.766890 -0.506766
0.184358 -57.960548 -7598.943340 600.124758 0.917646 0.319259 0.236642 0.034339 0.529549 -0.847584 0.395912 -0.785908 -0.474976
-4.235485 -60.109916 -6991.296194 2006.521092 0.903200 0.421172 0.082732 -0.167361 0.523063 -0.835701 0.395248 -0.740958 -0.542918
-6.646490 -54.709570 -4869.685739 -984.489740 0.873614 0.486412 -0.014251 -0.292590 0.501651 -0.814087 0.388832 -0.715367 -0.580568
2.190122 -159.637720 253.439728 24533.376175 0.966055 -0.178365 0.186880 -0.240585 -0.357631 0.902341 0.094112 0.916671 0.388403
0.348597 -158.537122 320.571852 19034.837746 0.962903 -0.191414 0.190209 -0.247545 -0.345963 0.905004 0.107425 0.918515 0.380512
-0.442355 -141.165176 -598.865113 21855.554379 0.964968 -0.182848 0.188159 -0.255016 -0.485071 0.836465 0.061676 0.855145 0.514707
0.645107 -175.738416 1101.597332 20477.198289 0.961798 -0.191116 0.196009 -0.232727 -0.193765 0.953044 0.144163 0.962252 0.230840
1.301453 -143.393106 179.310555 30963.940009 0.972444 -0.161417 0.168220 -0.227641 -0.501647 0.834584 0.050329 0.849880 0.524568
3.836054 -181.696845 2688.457975 18555.744957 0.961560 -0.192191 0.196124 -0.231329 -0.182141 0.955673 0.147949 0.964307 0.219599
4.816916 -169.873134 2765.415605 29025.530567 0.969680 -0.171443 0.174149 -0.225244 -0.350591 0.909039 0.094794 0.920702 0.378578
-21.266224 -157.034985 -524.367305 -1050.115055 0.455456 -0.019087 -0.890054 0.743249 -0.542170 0.391960 -0.490042 -0.840052 -0.232748
-20.229134 -159.827215 497.194817 1127.763612 0.460786 0.048379 -0.886192 0.764750 -0.528344 0.368797 -0.450372 -0.847651 -0.280451
-22.146758 -154.840267 620.294230 7240.740374 0.448573 0.042409 -0.892739 0.846628 -0.340207 0.409242 -0.286361 -0.939394 -0.188513
-18.800115 -156.804652 120.287408 -6690.295787 0.472538 0.018855 -0.881109 0.626844 -0.709955 0.320984 -0.619495 -0.703995 -0.347300
-20.135876 -156.111921 -402.346778 -4446.559177 0.464406 -0.036076 -0.884887 0.613105 -0.707927 0.350631 -0.639084 -0.705364 -0.306648
743.663695 -111.869658 1714273.204915 136289.773769 0.622237 0.429073 -0.654765 -0.384841 0.896023 0.221448 0.681703 0.114187 0.722664
468.686243 -64.777551 887829.175426 41695.087655 0.640685 0.321304 -0.697342 -0.315812 0.938122 0.142092 0.699847 0.129193 0.702512
257.746012 -102.550554 681172.860959 149445.329949 0.495437 0.554669 -0.668494 -0.418345 0.826814 0.375987 0.761268 0.093383 0.641678
666.033291 -337.644087 1628413.496046 473366.686457 0.388502 0.680932 -0.620804 -0.468079 0.726166 0.503572 0.793705 0.094947 0.600847
44.489389 -243.551030 27784.135309 131110.078758 0.901142 -0.170634 0.398531 0.182661 -0.684256 -0.705995 -0.393164 -0.708997 0.585444
27.864755 -189.233528 23330.398674 60314.344898 0.909406 -0.183732 0.373126 0.195890 -0.602180 -0.773955 -0.366889 -0.776931 0.511635
49.580436 -185.881627 30993.551226 78624.910587 0.877301 -0.157008 0.453532 0.269279 -0.621195 -0.735938 -0.397280 -0.767766 0.502696
-14.754755 -152.496561 87753.778879 -47975.418896 0.307670 0.937726 -0.161274 0.911619 -0.241958 0.332276 -0.272562 0.249252 0.929292
42.784823 -131.418755 102201.990461 -37941.544690 0.004369 0.978406 -0.206646 0.924056 0.075039 0.374819 -0.382232 0.192590 0.903774
-42.352933 -221.053832 -16419.577158 -173743.733112 0.619797 0.783613 0.042460 0.715216 -0.586311 0.380401 -0.322982 0.205403 0.923847
-17.610123 -2280.343379 -12225.647814 -1143978.566728 0.938269 0.318305 0.135403 0.326715 -0.686915 -0.649157 0.113619 -0.653322 0.748506
18.332297 -2366.166344 50509.295913 1836122.902152 0.928069 0.329419 0.173697 0.303800 -0.399937 -0.864729 0.215390 -0.855297 0.471247
50.267603 -2366.907088 67294.066165 1554003.606473 0.951605 0.300692 0.063505 0.121579 -0.178553 -0.976390 0.282254 -0.936858 0.206469
-13.949615 -1911.156927 -45817.067564 -1380944.789874 0.961538 0.212375 0.174190 0.271555 -0.830297 -0.486688 -0.041269 -0.515271 0.856033
-27.236502 -2097.065627 -53989.887251 1722000.824281 0.927617 0.308603 0.210457 0.323253 -0.380882 -0.866277 0.187176 -0.871604 0.453069
-39.986238 -1016.117102 -18623.270015 44211.415127 0.919425 0.345858 0.187187 0.387404 -0.714674 -0.582374 0.067641 -0.607966 0.791076
-34.374655 -1021.764880 4315.180993 571689.981447 0.900618 0.412255 0.137599 0.339974 -0.471034 -0.813969 0.270749 -0.779855 0.564377
-50.755241 -824.063091 -17021.148469 -16493.897618 0.909028 0.387096 0.154356 0.403307 -0.723897 -0.559747 0.104938 -0.571078 0.814161
-7.350259 -52.906411 -1514.838535 4884.974170 -0.777515 -0.364335 0.512573 0.099652 0.733397 0.672457 -0.620919 0.573924 -0.533920
-6.511129 -54.340414 -2063.669308 5364.498022 -0.784679 -0.375248 0.493425 0.070885 0.736436 0.672783 -0.615836 0.562895 -0.551266
-9.810267 -60.693287 -1864.388964 4801.491857 -0.775772 -0.364320 0.515218 0.040603 0.785981 0.616916 -0.629706 0.499506 -0.594949
-10.401504 -59.285492 80.892782 4273.775648 -0.763174 -0.338374 0.550517 0.084634 0.792259 0.604287 -0.640627 0.507768 -0.575994
-7.319938 -51.694362 14.959961 4453.733634 -0.765205 -0.340830 0.546165 0.142300 0.737836 0.659810 -0.627863 0.582609 -0.516095
-12.957016 -150.737590 10458.372765 -19976.334147 0.914450 -0.159136 0.372098 0.283837 0.907585 -0.309396 0.288474 -0.388542 -0.875110
-5.880631 -131.465442 10490.842828 -19692.430523 0.915710 -0.164305 0.366714 0.323557 0.842657 -0.430395 0.238298 -0.512770 -0.824791
-20.323996 -153.218627 9614.763910 -23055.434044 0.935008 -0.110178 0.337076 0.229678 0.912363 -0.338882 0.270198 -0.394277 -0.878373
-1.895928 -194.863324 -596.148966 -41181.013360 0.612066 -0.163391 -0.773743 0.373788 0.922000 0.100985 0.696892 -0.351025 0.625399
-5.846574 -204.067555 -1759.636382 -36127.317482 0.619341 -0.146902 -0.771257 0.233435 0.972370 0.002247 0.749617 -0.181430 0.636520
-2.213377 -218.362683 -595.775108 -37419.229462 0.620532 -0.138619 -0.771832 0.220392 0.975409 0.002009 0.752574 -0.171352 0.635823
7.910694 -288.507403 -1398.928616 7732.297304 -0.389448 0.225157 0.893104 0.564331 0.824666 0.038180 -0.727916 0.518875 -0.448227
10.865375 -306.274400 232.589086 14361.805690 -0.378046 0.208886 0.901913 0.584413 0.809417 0.057499 -0.718013 0.548827 -0.428073
9.641470 -272.580050 -733.429875 -16694.458069 -0.386888 0.207008 0.898591 0.316404 0.945117 -0.081499 -0.866144 0.252787 -0.431153
-2428.543435 -11919.113147 -2659496.189046 5463779.636568 -0.189905 0.977020 0.096788 0.816512 0.211907 -0.537032 0.545201 0.022957 0.837991
-2286.197598 -5978.105143 -2933985.469099 1224606.362926 -0.446118 0.813406 0.373295 0.182225 0.490919 -0.851935 0.876226 0.312040 0.367231
-5600.884081 -12922.793067 -11195397.232867 -27810731.814129 -0.470199 0.882560 0.000769 0.819869 0.437122 -0.369783 0.326692 0.173241 0.929118
-1633.235145 -12450.549512 -1992614.624657 -32460931.708781 -0.228823 0.966933 0.112608 0.961416 0.206327 0.181954 -0.152704 -0.149899 0.976838
-1105.514020 -7786.114152 1067695.943213 8662445.792539 0.300562 -0.926632 -0.225866 0.952825 0.281226 0.114179 -0.042283 -0.249529 0.967444
-78.309270 -120.528586 3503.767278 16033.500581 -0.510654 0.209003 0.833996 0.720297 -0.425660 0.547709 0.469472 0.880415 0.066821
74.925129 -131.509356 -22855.154900 40262.828937 -0.292792 -0.467309 0.834203 0.950551 -0.236745 0.201007 0.103561 0.851806 0.513518
50.897410 -129.571593 -9745.703870 28656.147452 -0.346987 -0.374089 0.860033 0.932019 -0.239813 0.271718 0.104600 0.895850 0.431870
45.961245 -111.442082 -15701.779327 8377.340655 -0.322870 -0.401414 0.857101 0.927043 -0.316549 0.200965 0.190645 0.859455 0.474333
39.963372 -119.485547 -1472.831179 5315.836676 -0.391984 -0.336721 0.856136 0.894910 -0.355302 0.269995 0.213274 0.871997 0.440607
79.601206 -106.201539 -32689.048227 27928.790171 -0.259712 -0.489502 0.832428 0.946300 -0.300858 0.118322 0.192524 0.818457 0.541353
51.975613 -105.969444 -25259.735329 -11579.627159 -0.309423 -0.426156 0.850087 0.917852 -0.367558 0.149828 0.248606 0.826615 0.504879
46.823959 -107.318730 -782.621781 -12067.745024 -0.324267 -0.393551 0.860215 0.904217 -0.396119 0.159628 0.277926 0.829583 0.484303
110.639031 -90.529368 124019.450853 -8447.083050 -0.314284 0.926608 0.206454 0.658800 0.369465 -0.655345 0.683526 0.069952 0.726567
20.486950 -63.453590 87260.114002 -10487.744917 -0.316659 0.911565 0.262253 0.698693 0.411151 -0.585476 0.641525 0.002162 0.767099
-47.231665 -69.318175 -8009.938242 1537.647338 0.631504 -0.478544 -0.610080 0.421340 0.872307 -0.248098 0.650903 -0.100376 0.752496
69.947068 -50.565298 -37721.282680 -4934.767866 -0.559867 -0.192576 0.805893 0.663304 -0.687050 0.296630 0.496565 0.700626 0.512393
30.068517 -47.978648 -17489.974792 -6733.462514 -0.584898 -0.150668 0.796991 0.640641 -0.688458 0.340005 0.497467 0.709453 0.499202
110.800870 -51.248965 -47815.710615 -4931.198533 -0.563035 -0.256307 0.785683 0.699589 -0.653930 0.288012 0.439962 0.711816 0.547495
31.144630 -56.358621 -18475.476157 -7550.468828 -0.562764 -0.167985 0.809369 0.623707 -0.728864 0.282395 0.542481 0.663730 0.514952
68.211861 -57.263027 -35612.080130 -3754.138589 -0.553613 -0.206817 0.806684 0.628747 -0.738982 0.242038 0.546068 0.641196 0.539145
94.611322 -54.004704 -30769.112956 -3717.720431 -0.553821 -0.296725 0.777970 0.681822 -0.697908 0.219188 0.477913 0.651828 0.588829
-15.578845 -41.577236 6181.324628 -5660.600067 -0.115801 0.356329 -0.927157 0.986178 0.152607 -0.064522 0.118500 -0.921814 -0.369076
2.738015 -85.968287 637.186695 -3260.402261 0.616658 -0.138370 -0.774975 0.667550 0.613699 0.421604 0.417264 -0.777320 0.470812
4.702467 -87.690310 -1382.926803 3524.425397 0.681071 -0.074409 -0.728426 -0.613687 -0.600667 -0.512433 0.399412 -0.796029 0.454761
17.185472 -80.384121 2361.076813 -2810.115921 0.574987 -0.167005 -0.800937 0.765772 0.454530 0.454967 0.288068 -0.874935 0.389236
-3.565619 -92.083786 -1744.007971 2597.971190 0.710678 -0.035316 -0.702631 -0.484905 -0.748192 -0.452853 0.509710 -0.662541 0.548848
17.645539 -79.783969 4218.433062 -1791.619785 0.487558 -0.236280 -0.840511 0.817061 0.462787 0.343859 0.307731 -0.854400 0.418690
-7.095554 -88.674408 20.356224 1707.014570 0.654522 -0.090747 -0.750577 -0.524489 -0.769529 -0.364330 0.544529 -0.632131 0.551270
1.744361 -81.873558 2145.789504 -1838.430841 0.537393 -0.202421 -0.818679 0.714585 0.624830 0.314573 0.447858 -0.754065 0.480426
-0.909553 -84.870256 1407.933999 -551.786605 -0.467564 -0.285255 0.836668 0.226862 0.876075 0.425471 -0.854352 0.388743 -0.344908
-2.192536 -82.908696 1813.641953 -2826.133984 -0.465624 -0.282691 0.838618 0.090593 0.927406 0.362920 -0.880334 0.244957 -0.406212
2.106333 -84.760009 1659.176714 -1411.213703 -0.466085 -0.275298 0.840819 0.195221 0.894932 0.401230 -0.862933 0.351153 -0.363370
-5.249406 -83.298768 1603.981714 -2787.431998 -0.473602 -0.299114 0.828391 0.113213 0.912086 0.394059 -0.873432 0.280412 -0.398102
2.573044 -85.440328 1111.622492 200.004100 -0.470908 -0.282166 0.835840 0.336366 0.818463 0.465807 -0.815539 0.500501 -0.290509
-3.923738 -85.556271 1551.003543 336.253450 -0.472227 -0.294371 0.830871 0.256044 0.856141 0.448848 -0.843471 0.424698 -0.328921
0.407764 -85.454555 996.112988 1844.876326 -0.471354 -0.281380 0.835854 0.375707 0.793380 0.478950 -0.797916 0.539791 -0.268246
-1.310708 -208.671384 7289.793074 -251.696906 -0.442726 -0.522911 0.728394 0.845871 0.025945 0.532757 -0.297483 0.851992 0.430828
-12.943033 -209.005309 -3543.366702 14940.728997 -0.438235 -0.476335 0.762270 0.898860 -0.232350 0.371569 0.000122 0.848009 0.529982
-1.502945 -93.013743 195.018045 -3458.095410 -0.514924 -0.354607 0.780453 0.291759 0.783580 0.548524 -0.806058 0.510153 -0.300024
-2.382364 -102.258217 970.377345 -8540.539668 -0.517542 -0.364775 0.774009 0.405317 0.692142 0.597208 -0.753570 0.622800 -0.210363
-2.952137 -101.948739 8.735064 -7253.641235 -0.530565 -0.354632 0.769894 0.431630 0.668668 0.605458 -0.729518 0.653544 -0.201702
-17.621202 -92.131623 2325.153879 2971.537841 -0.516703 -0.247554 0.819595 0.392698 0.782124 0.483807 -0.760793 0.571838 -0.306912
-16.851023 -87.348004 944.666571 4023.308004 -0.511499 -0.221536 0.830235 0.530378 0.678787 0.507885 -0.676067 0.700121 -0.229702
-21.580435 -87.500935 2618.434307 5106.672840 -0.534520 -0.212418 0.818027 0.554555 0.642251 0.529134 -0.637776 0.736473 -0.225498
170.182000 -144.629190 1471.354770 33578.449742 -0.185709 0.445273 -0.875925 -0.310357 0.819218 0.482246 0.932304 0.361407 -0.013943
172.093679 -127.656870 -7986.341981 7510.483372 -0.090065 0.454393 -0.886236 -0.395527 0.800350 0.450554 0.914028 0.391110 0.107641
161.675595 -117.260114 22823.008708 -2835.543199 -0.219892 0.385345 -0.896190 -0.389777 0.807452 0.442826 0.894271 0.446688 -0.027353
-0.671513 -159.579224 287.212207 -17576.398534 0.723750 0.222110 0.653340 0.443297 0.575935 -0.686867 0.528841 -0.786744 -0.318373
0.087174 -161.015791 1048.597960 -20799.765514 0.734962 0.239794 0.634295 0.417825 0.576591 -0.702115 0.534091 -0.781052 -0.323580
-3.062979 -149.200561 25.481458 -7216.859959 0.727749 0.228295 0.646732 0.499679 0.469429 -0.727981 0.469789 -0.852946 -0.227553
-12.150371 -160.163843 -1834.065081 -8623.888162 0.617594 -0.047759 -0.785046 0.783816 0.119720 0.609344 0.064884 -0.991658 0.111373
-12.506795 -152.408855 -2181.395484 -7965.657470 0.598322 -0.051633 -0.799590 0.796266 -0.072874 0.600541 -0.089277 -0.996004 -0.002488
-17.313533 -152.507578 -2054.592041 -7227.451882 0.616973 -0.011250 -0.786904 0.785211 0.075890 0.614560 0.052805 -0.997053 0.055655
-4.982547 -167.907300 2306.620154 -12963.044085 -0.486897 -0.001251 0.873459 -0.411005 0.882701 -0.227845 -0.770718 -0.469932 -0.430298
-5.313670 -159.644883 2767.226481 -121.319976 -0.498170 0.025198 0.866713 -0.502021 0.806616 -0.312003 -0.706966 -0.590539 -0.389182
-10.892871 -171.785969 3276.693288 -18307.675231 -0.483470 -0.029300 0.874871 -0.291980 0.947601 -0.129618 -0.825230 -0.318111 -0.466691
-0.423731 -169.740509 1149.792160 -4229.334006 -0.504101 0.018006 0.863457 -0.504199 0.805583 -0.311159 -0.701189 -0.592210 -0.397016
-0.306593 -177.673435 871.569209 -18027.621417 -0.491319 -0.009545 0.870928 -0.415207 0.881573 -0.224570 -0.765643 -0.471951 -0.437097
-4.595436 -179.358637 1837.275094 -23203.107772 -0.479810 -0.027052 0.876955 -0.301287 0.943824 -0.135729 -0.824020 -0.329339 -0.461007
0.419272 -188.752057 -10262.448774 28505.625754 0.776374 -0.030914 0.629514 0.433830 -0.698322 -0.569331 -0.457204 -0.715116 0.528748
10.937678 -188.054148 -24137.085364 22236.783410 0.745930 -0.010193 0.665946 0.433142 -0.752131 -0.496676 -0.505941 -0.658935 0.556622
23.914056 -174.665578 -25925.442671 718.501500 0.740721 0.016362 0.671614 0.522025 -0.643284 -0.560068 -0.422874 -0.765453 0.485035
21.037048 -178.569417 -32388.913973 34291.539806 0.721166 0.027769 0.692206 0.430991 -0.800266 -0.416919 -0.542371 -0.599002 0.589093
38.521445 -162.899917 -31901.198469 678.988650 0.716769 0.067537 0.694032 0.519520 -0.715612 -0.466903 -0.465124 -0.695226 0.548015
-5.527668 -190.198807 2030.220814 19449.687690 0.753026 0.261056 0.603988 0.635565 -0.050972 -0.770363 0.170322 -0.963977 0.204301
-5.676652 -171.366350 1654.367050 20738.730182 0.741035 0.260729 0.618779 0.614470 0.108234 -0.781481 0.270728 -0.959326 0.080004
-2.377769 -169.829304 2643.291692 23422.355543 0.735844 0.269577 0.621178 0.613393 0.123235 -0.780104 0.286849 -0.955061 0.074675
-69.210811 -144.206807 28068.067130 28331.417823 0.808157 -0.019976 0.588628 -0.438265 0.647259 0.623682 0.393454 0.762008 -0.514332
-81.703349 -144.802878 27215.111371 26950.849521 0.842322 0.006023 0.538941 -0.402561 0.671923 0.621663 0.358383 0.740597 -0.568400
-66.219543 -111.046365 7481.529709 25184.601584 0.942794 -0.119138 0.311362 -0.217362 0.488473 0.845073 0.252772 0.864408 -0.434633
-49.208225 -141.300700 15358.054658 28143.352776 0.772277 -0.021540 0.634921 -0.483108 0.629102 0.608964 0.412547 0.777024 -0.475435
-53.147695 -102.890967 12387.965832 23246.416965 0.867921 -0.054955 0.493654 -0.410886 0.478984 0.775724 0.279082 0.876102 -0.393139
-28.926153 -389.367254 4523.236490 51727.440301 -0.804938 -0.060094 -0.590308 -0.257901 0.931404 0.256854 0.534380 0.358993 -0.765220
-92.843569 -130.868872 151607.599873 -46871.877707 -0.543775 -0.022870 -0.838919 0.101802 0.990449 -0.092988 0.833034 -0.135969 -0.536253
218.028809 -558.349405 292933.423533 454574.830175 0.563775 0.683908 0.463063 -0.673057 0.705377 -0.222347 -0.478698 -0.186314 0.857983
8.129014 -2683.514388 -8342.799502 2730169.160702 0.759996 0.365447 0.537451 -0.424532 0.905284 -0.015240 -0.492116 -0.216583 0.843157
38.457449 -199.385132 -2675.585052 -142890.951197 0.478123 0.773211 0.416586 0.633278 -0.632148 0.446484 -0.608570 -0.050340 0.791902
47.432024 -135.237250 9134.814703 -146478.492192 0.382824 0.851951 0.357248 0.608381 -0.523506 0.596501 -0.695211 0.011012 0.718721
81.712924 -207.066839 132335.401045 236091.963726 0.549606 0.704314 0.449304 -0.519167 0.709304 -0.476816 -0.654522 0.028797 0.755495
29.857203 -156.069222 -13306.276875 -71816.393489 0.304774 0.897040 0.320051 0.694594 -0.439262 0.569726 -0.651653 -0.048668 0.756954
9.176479 -429.565852 -2292.604028 13072.634237 0.795605 0.014699 0.605638 -0.583120 0.289655 0.758993 0.164270 0.957018 -0.239023
5.989987 -425.236468 489.002651 -38589.700251 0.778225 0.011498 0.627881 -0.562023 0.458821 0.688196 0.280172 0.888454 -0.363528
6.685104 -433.096344 -2599.499003 -31910.163469 0.785134 0.021164 0.618965 -0.525341 0.552052 0.647499 0.327997 0.833541 -0.444553
-166.028764 -5133.510670 -603702.389801 -106052.139222 -0.135028 0.506724 0.851468 0.982008 -0.046056 0.183138 0.132015 0.860877 -0.491388
-424.650633 -7815.833194 219422.418287 -1633748.784384 0.044481 0.572778 0.818503 0.912343 0.310504 -0.266867 -0.407004 0.758626 -0.508758
-521.429282 -4700.071063 -889120.221012 -6943661.391148 -0.059101 0.557627 0.827985 0.936703 0.317718 -0.147114 -0.345100 0.766882 -0.541108
70.268208 -9.415078 6369.257490 -4398.193423 0.847264 0.102262 0.521236 0.476196 0.288524 -0.830657 0.235333 -0.951996 -0.195759
62.632620 -7.849517 22188.784681 -462.361832 0.836063 0.204435 0.509122 0.445506 0.288610 -0.847484 0.320193 -0.935367 -0.150219
59.772383 -7.150756 21035.981895 1789.065603 0.834262 0.190599 0.517378 0.450995 0.303927 -0.839185 0.317193 -0.933435 -0.167596
33.908933 -24.492233 375.377003 10260.615560 -0.488303 -0.011781 0.872594 0.869700 0.075909 0.487708 -0.071984 0.997045 -0.026821
30.810109 -36.253274 1648.425681 21052.421166 -0.452061 -0.016157 0.891841 0.889528 0.066023 0.452085 -0.066186 0.997687 -0.015474
16.806729 -32.611117 19080.206473 3625.146350 -0.560056 -0.171614 0.810485 0.811539 0.083041 0.578367 -0.166559 0.981658 0.092764
20.424456 -41.870187 13977.596202 13858.055803 -0.584007 -0.144992 0.798695 0.793315 0.106548 0.599415 -0.172010 0.983679 0.052800
29.337467 -45.657330 5266.245032 17769.430234 -0.542508 -0.070192 0.837113 0.831208 0.099352 0.547012 -0.121565 0.992574 0.004445
73.933864 -139.982094 4830.106737 1443.982034 -0.394132 -0.285258 0.873664 -0.460382 0.884022 0.080950 -0.795430 -0.370315 -0.479749
-92.512269 -134.060168 -6103.399506 17318.342840 0.692818 0.611905 0.381543 -0.135556 -0.409158 0.902338 -0.708257 0.676877 0.200524
149.077372 -166.383326 -13443.452365 100986.797206 -0.519224 0.153737 -0.840697 0.530174 -0.713590 -0.457935 -0.670314 -0.683487 0.289006
134.235224 -159.903300 43624.807367 94055.955861 0.702471 -0.138641 0.698078 0.466298 -0.651347 -0.598593 -0.537681 -0.746006 0.392905
-14.167378 -33.034152 6320.373243 3248.317818 0.898306 0.212320 0.384665 0.295272 0.356592 -0.886373 0.325363 -0.909814 -0.257636
-27.294429 -38.589228 7685.041186 2263.080139 0.957539 0.276942 0.080141 0.007373 0.254360 -0.967081 0.288211 -0.926609 -0.241518
-34.404007 -43.473162 2292.025723 5552.864816 0.569538 0.359518 -0.739171 0.794361 -0.009650 0.607369 0.211227 -0.933088 -0.291083
66.803077 -66.781626 -31132.908995 2053.709959 -0.550953 -0.181272 0.814611 0.162425 0.934166 0.317730 -0.818578 0.307367 -0.485238
68.812273 -61.393244 -30602.703532 4100.936461 -0.554992 -0.213426 0.804011 0.236073 0.886380 0.398247 -0.797655 0.410829 -0.441549
82.717620 -54.698153 -13118.026424 6086.980377 -0.485329 -0.333419 0.808262 0.239792 0.838230 0.489766 -0.840807 0.431512 -0.326866
15.420526 -83.699175 -1750.244423 29747.950957 0.560433 -0.030928 -0.827622 0.818327 0.174517 0.547618 0.127497 -0.984168 0.123115
4.366334 -67.283356 -3842.578067 -26670.460872 0.606023 -0.013288 -0.795336 0.778700 0.214000 0.589771 0.162365 -0.976743 0.140036
1.572569 -169.503546 1608.958450 -24493.468850 -0.350908 0.267710 0.897327 -0.312656 0.869775 -0.381757 -0.882672 -0.414516 -0.221510
4.538795 -174.378800 2904.014791 3461.725325 -0.368369 0.306867 0.877574 -0.422651 0.785488 -0.452078 -0.828052 -0.537439 -0.159652
