16498
32980
-39.808401 -60.804253 -510.440418 4374.491345 -0.370139 -0.921727 0.115834 0.909815 -0.334480 0.245681 -0.187707 0.196324 0.962405
-44.548566 -69.099538 1331.852255 2315.726100 0.322271 0.935197 -0.146795 0.888186 -0.245061 0.388679 -0.327518 0.255641 0.909604
-50.816667 -78.312982 494.668733 9348.780081 -0.192040 0.950741 -0.243337 0.937308 0.251163 0.241600 -0.290817 0.181684 0.939370
-37.043561 -63.051913 775.047279 3135.566247 -0.566864 -0.815529 0.116528 0.788512 -0.496156 0.363426 -0.238568 0.297897 0.924307
-36.294937 -65.501155 -2577.099935 10877.175517 -0.027935 0.992861 -0.115960 0.989650 0.043805 0.136654 -0.140758 0.110942 0.983808
-32.512018 -51.348178 421.159970 6594.934225 -0.478604 -0.875260 0.069698 0.874623 -0.468255 0.125590 -0.077287 0.121067 0.989631
-31.767167 -52.431546 930.083552 3768.358285 -0.684040 -0.723527 0.092730 0.724319 -0.658678 0.203729 -0.086324 0.206524 0.974626
21.407321 -14.893101 13636.293661 -1307.173477 -0.280856 0.715037 0.640189 0.774536 0.562767 -0.288769 0.566758 -0.414747 0.711878
28.869163 -17.930517 2258.827119 1338.092285 0.059666 0.900461 0.430826 0.797653 0.216479 -0.562927 0.600158 -0.377237 0.705338
14.328762 -14.096068 -9709.797799 -10441.637834 0.269593 0.891887 0.363120 0.746089 0.044950 -0.664327 0.608827 -0.450018 0.653309
-34.577496 -61.041761 1273.862978 -1768.874525 0.325302 0.944615 -0.043371 0.333480 -0.157520 -0.929504 0.884856 -0.287906 0.366252
-34.029590 -60.228562 43.530611 -2594.672317 0.335541 0.941033 0.043239 0.458542 -0.123061 -0.880111 0.822892 -0.315140 0.472795
-30.381246 -63.681010 -2103.522491 -2233.093014 0.399619 0.916558 0.015004 0.345731 -0.135539 -0.928493 0.848984 -0.376231 0.371047
-34.845912 -56.510507 732.476367 -1905.204351 0.249597 0.967400 0.042871 0.488842 -0.087661 -0.867957 0.835903 -0.237596 0.494786
-34.343792 -64.554553 1043.908848 -4.299826 0.379378 0.922627 -0.069505 0.186715 -0.149918 -0.970908 0.906206 -0.355364 0.229144
-35.140432 -62.669666 803.787975 -508.668732 0.308785 0.945931 -0.099327 0.199669 -0.166571 -0.965602 0.929938 -0.278331 0.240308
-35.190248 -59.083132 -154.729581 -2214.567967 0.262478 0.963493 -0.052791 0.346408 -0.145150 -0.926786 0.900615 -0.224974 0.371860
-13.898345 -41.302325 -3600.852906 -911.556593 -0.615298 -0.728622 -0.300862 0.782640 -0.610273 -0.122642 -0.094248 -0.310928 0.945749
-14.261631 -42.724501 -806.185861 -1069.728744 -0.575191 -0.742718 -0.342820 0.816429 -0.547345 -0.184003 -0.050978 -0.385725 0.921204
-10.126929 -43.292459 -4047.798532 -1057.162187 -0.579900 -0.763015 -0.285523 0.814325 -0.553333 -0.175207 -0.024304 -0.334111 0.942220
18.689254 -95.569098 -3044.171255 -1952.268139 -0.359156 -0.317573 0.877584 0.896419 -0.379039 0.229701 0.259692 0.869182 0.420813
31.926496 -95.169112 -2368.944984 -7825.760419 -0.357737 -0.337647 0.870643 0.931774 -0.190785 0.308866 0.061818 0.921735 0.382861
27.956899 -94.762322 -508.455705 -7155.603947 -0.436192 -0.282916 0.854222 0.893157 -0.251712 0.372708 0.109572 0.925527 0.362483
15.637112 -93.548049 1324.495201 -930.095742 -0.453270 -0.287166 0.843849 0.842864 -0.446122 0.300923 0.290045 0.847650 0.444256
15.402186 -95.600153 247.268790 -2449.540817 -0.510823 -0.210241 0.833582 0.822812 -0.400501 0.403211 0.249079 0.891851 0.377574
3.321828 -45.443089 -923.779789 -149.430794 0.242709 0.959881 0.140434 0.651566 -0.268549 0.709467 -0.718717 0.080692 0.690605
2.985455 -45.999826 -1294.427661 928.840861 0.225216 0.966543 0.122772 0.597748 -0.236579 0.765982 -0.769399 0.099124 0.631030
2.897140 -47.499721 1646.978227 1757.525333 0.258119 0.960095 0.107665 0.612639 -0.248830 0.750171 -0.747026 0.127674 0.652420
-4.379360 -71.376845 1306.877194 -614.487755 -0.034098 -0.951074 -0.307076 0.995328 -0.004545 -0.096445 0.090331 -0.308930 0.946785
-6.410115 -68.762043 -228.691585 -929.479528 -0.014779 -0.960295 -0.278595 0.990968 0.023073 -0.132099 0.133282 -0.278031 0.951281
-5.310946 -69.330123 187.656046 -179.290824 -0.011719 -0.957939 -0.286732 0.999921 -0.009939 -0.007661 0.004489 -0.286799 0.957980
-3.289790 -67.990400 -641.999584 1326.127411 0.018734 -0.962530 -0.270526 0.995180 -0.008098 0.097729 -0.096258 -0.271053 0.957739
-3.703017 -70.186100 1033.115537 230.850124 -0.016058 -0.951634 -0.306813 0.996872 -0.038987 0.068750 -0.077387 -0.304750 0.949283
16.025422 -107.205429 -3643.213047 -2660.974272 -0.005678 0.999374 -0.034919 0.948545 -0.005673 -0.316592 0.316591 0.034920 0.947919
16.653652 -98.845918 -2216.212287 -12706.485107 -0.029169 0.997739 -0.060553 0.997338 0.025000 -0.068503 0.066835 0.062390 0.995812
17.288685 -105.482779 -1890.093409 -3329.853761 -0.046902 0.995514 -0.082167 0.978121 0.029080 -0.205996 0.202683 0.090031 0.975097
-4.290948 -93.394583 123.675150 -313.999067 -0.169263 0.965809 0.196376 0.562327 -0.068998 0.824031 -0.809406 -0.249905 0.531422
-5.439222 -97.657751 568.097070 -4301.064978 -0.145993 0.964246 0.221170 0.716613 -0.051051 0.695601 -0.682021 -0.260046 0.683538
-4.071944 -90.192622 344.255200 -2972.044786 -0.159215 0.967141 0.198213 0.620602 -0.058096 0.781970 -0.767791 -0.247512 0.590960
-4.247424 -92.814758 336.622655 1030.344941 -0.177452 0.969926 0.166598 0.462955 -0.067112 0.883838 -0.868437 -0.233966 0.437123
-2.972661 -86.482367 648.150255 -414.535501 -0.159167 0.971841 0.173753 0.479747 -0.077681 0.873962 -0.862849 -0.222463 0.453873
-0.285741 -72.887959 21.198221 1886.609623 -0.037824 0.999258 0.007204 -0.686096 -0.020727 -0.727216 0.726527 0.032449 -0.686371
-2.547027 -71.942703 568.371835 3168.113461 -0.094826 0.995099 -0.028025 -0.799495 -0.092900 -0.593445 0.593140 0.033869 -0.804386
-1.364937 -68.349219 -1266.427318 2207.172636 -0.082571 0.995517 -0.046135 -0.797526 -0.093767 -0.595953 0.597608 0.012414 -0.801693
-12.114604 -45.383364 -367.642407 -2090.067847 0.613804 -0.057333 -0.787374 -0.028027 0.995148 -0.094310 0.788961 0.079955 0.609219
-10.272743 -41.648619 -1755.237320 -870.311987 0.612533 -0.140162 -0.777919 0.088760 0.990125 -0.108507 0.785445 -0.002584 0.618926
-14.466799 -41.705410 -2330.966579 -1112.020012 0.598740 -0.170114 -0.782670 0.066108 0.984347 -0.163376 0.798211 0.046079 0.600613
-12.311624 -39.361385 -3146.192814 -326.976865 0.579795 -0.260311 -0.772059 0.179936 0.965101 -0.190271 0.794645 -0.028603 0.606400
-15.369467 -44.917416 -2753.248345 -1883.090462 0.606921 -0.074363 -0.791275 -0.063990 0.987809 -0.141914 0.792182 0.136764 0.594763
-19.046664 -40.958942 -2714.694149 -1293.698876 0.572102 -0.178598 -0.800501 0.016835 0.978355 -0.206247 0.820010 0.104518 0.562725
-18.958365 -39.911488 -2665.715192 -441.781361 0.552397 -0.303504 -0.776365 0.148291 0.952285 -0.266765 0.820285 0.032232 0.571046
-4.449079 -114.552110 -1695.173515 7383.733250 0.852842 0.436467 -0.286629 -0.223314 0.801060 0.555368 0.472007 -0.409633 0.780647
-4.453495 -104.857300 -399.601611 5204.871831 0.837811 0.464083 -0.287575 -0.262373 0.804168 0.533362 0.478782 -0.371405 0.795503
-2.777507 -104.856324 -991.377784 3817.207618 0.845046 0.457757 -0.276325 -0.337308 0.857370 0.388768 0.414874 -0.235321 0.878922
-8.220760 -51.085079 -291.826086 4954.199978 0.002916 0.977297 0.211853 0.118690 -0.210694 0.970320 -0.992927 -0.022316 0.116610
-8.803340 -45.543873 -195.457948 1893.056227 0.020413 0.976294 0.215482 0.174909 -0.215690 0.960669 -0.984373 -0.018079 0.175165
-9.296199 -51.438126 -507.433707 3660.909857 0.020345 0.973583 0.227425 0.073265 -0.228313 0.970827 -0.997105 0.003089 0.075975
-7.995820 -45.987870 -814.587941 1621.690939 -0.012735 0.973897 0.226631 0.168324 -0.221327 0.960563 -0.985649 -0.050381 0.161112
-8.224561 -54.006878 -185.765721 4908.854363 -0.018749 0.973240 0.229023 0.137299 -0.224387 0.964779 -0.990352 -0.049534 0.129418
14.969315 -135.943013 365.954116 17658.676035 -0.851924 -0.309313 0.422552 -0.141934 0.913098 0.382239 -0.504063 0.265665 -0.821792
3.710137 -171.390467 565.648553 21953.320727 -0.854134 -0.315208 0.413641 -0.281683 0.949012 0.141527 -0.437161 0.004368 -0.899373
15.031417 -132.831110 -1235.872351 15170.761512 -0.884874 -0.241126 0.398569 -0.118747 0.944101 0.307528 -0.450442 0.224794 -0.864043
21.652369 -105.321155 -2226.696723 11107.175893 -0.892426 -0.205475 0.401692 0.011378 0.879753 0.475294 -0.451051 0.428735 -0.782776
24.963556 -108.088156 855.650146 15156.700151 -0.849738 -0.306586 0.428895 -0.011402 0.824022 0.566444 -0.527083 0.476438 -0.703698
13.956639 -131.090154 2213.712829 16336.209403 -0.812063 -0.403806 0.421301 -0.192343 0.866802 0.460064 -0.550961 0.292567 -0.781567
-8.938515 -148.318111 -937.354851 2249.954619 0.976085 0.143811 -0.163025 0.004542 -0.763244 -0.646095 0.217343 -0.629903 0.745644
-8.446114 -149.495779 -224.729814 9175.002364 0.973611 0.176025 -0.145247 0.092419 -0.886043 -0.454297 0.208663 -0.428885 0.878930
-7.295439 -154.749600 -627.081419 -402.320678 0.980064 0.141957 -0.139005 0.034865 -0.811666 -0.583081 0.195598 -0.566610 0.800434
-8.854600 -179.597434 -1101.723349 -20458.796387 0.976265 0.096587 -0.193852 -0.088125 -0.640457 -0.762921 0.197842 -0.761896 0.616744
-9.933087 -173.592229 -1585.266792 -14094.781218 0.970727 0.094379 -0.220864 -0.117516 -0.615346 -0.779448 0.209472 -0.782587 0.586242
-29.475600 -38.713041 -3513.951909 -476.975523 -0.388616 0.921345 -0.010081 0.912895 0.383523 -0.139763 0.124904 0.063518 0.990134
-32.615775 -40.689067 -2428.548459 -646.830095 -0.493967 0.869190 -0.022483 0.849858 0.477196 -0.223666 0.183680 0.129591 0.974406
-35.146196 -40.112186 2023.147782 -290.601427 0.224486 -0.966570 0.123891 0.972795 0.214812 -0.086751 0.057237 0.139994 0.988497
-34.089624 -40.478817 1355.719149 -205.491220 0.351270 -0.927535 0.127629 0.919802 0.316410 -0.232054 0.174855 0.198907 0.964293
-28.366231 -37.211833 -3450.812157 -532.939455 -0.259283 0.965496 -0.024296 0.965127 0.258079 -0.043877 0.036093 0.034826 0.998741
-33.797217 -40.559149 3745.831078 1258.822572 -0.025463 -0.997755 0.061944 0.998850 -0.022875 0.042126 -0.040614 0.062946 0.997190
-34.112411 -40.905912 -1247.847155 26.817017 0.062447 -0.969661 0.236343 0.995469 0.043502 -0.084550 0.071704 0.240552 0.967984
-34.466702 -42.178275 -1860.186260 695.580269 -0.077791 -0.966600 0.244199 0.996693 -0.069632 0.041883 -0.023480 0.246649 0.968820
-38.072327 -42.318016 1183.077243 1373.519602 -0.115233 -0.979446 0.165549 0.992363 -0.106127 0.062867 -0.044005 0.171529 0.984196
-23.556584 -1173.523387 -10139.165307 450870.390044 0.911177 0.342442 -0.229107 -0.374778 0.457861 -0.806167 0.171166 -0.820425 -0.545532
0.051167 -1423.630178 -509.470248 520467.017628 0.894260 0.358284 -0.268200 -0.420011 0.464895 -0.779399 0.154561 -0.809633 -0.566220
-11.697049 -456.001181 213.617545 164928.083679 0.827329 0.438218 -0.351413 -0.559032 0.703450 -0.438909 -0.054864 -0.559573 -0.826963
-76.117367 -6648.963251 70158.531265 4036341.835574 0.915032 0.402681 0.023742 0.060873 -0.079663 -0.994961 0.398761 -0.911867 0.097407
97.559081 -2154.281676 11191.744043 898878.989075 0.781223 0.511158 -0.358341 -0.614578 0.529116 -0.585090 0.109469 -0.677314 -0.727504
-6.379770 -760.274147 4325.581620 263192.293727 0.862273 0.455670 -0.221021 -0.333480 0.182412 -0.924941 0.381151 -0.871258 -0.309246
-419.696571 -2986.969028 107503.164391 -1636347.139359 0.998054 0.047020 0.040947 -0.062136 0.695763 0.715579 -0.005157 0.716731 -0.697331
-998.197978 -3428.023018 187601.672202 791901.922550 0.971317 -0.237058 -0.018613 0.112611 0.389644 0.914055 0.209431 0.889933 -0.405163
-1801.022288 -3161.110924 541849.168998 -1543041.418293 0.999349 -0.012379 0.033885 0.021048 0.962913 -0.268991 0.029299 -0.269529 -0.962547
-827.252211 -6877.599517 -199539.966905 -1093219.330706 -0.645861 0.565342 0.513080 0.355223 0.817402 -0.453509 -0.675781 -0.110646 -0.728751
-8090.550005 -8699.821295 5621481.948093 5535415.904504 0.060679 0.468921 0.881153 0.588514 0.696209 -0.411027 -0.806206 0.543512 -0.233722
24.043498 -8.893197 3076.982385 8901.255740 0.088885 -0.284986 -0.954402 -0.042280 0.956251 -0.289475 0.995144 0.066082 0.072947
22.069766 3.430976 5165.250298 3249.944924 0.026728 -0.362052 -0.931775 0.011900 0.932157 -0.361859 0.999572 -0.001416 0.029223
15.708635 -13.271096 3859.848900 10155.805496 0.035409 -0.400632 -0.915554 -0.023563 0.915540 -0.401537 0.999095 0.035791 0.022979
28.502885 6.063357 3127.377135 714.499138 0.107683 -0.152536 -0.982414 0.009727 0.988274 -0.152379 0.994138 0.006853 0.107904
15.806110 -32.385425 1130.895773 14236.741508 0.097732 -0.305277 -0.947235 -0.052948 0.948849 -0.311260 0.993803 0.080575 0.076569
21.011569 -27.729269 852.318039 17752.205551 0.133185 -0.190447 -0.972621 -0.102597 0.973442 -0.204657 0.985766 0.127045 0.110109
25.146934 -9.102603 101.256748 10154.572733 0.164326 -0.102550 -0.981061 -0.082804 0.989636 -0.117316 0.982924 0.100514 0.154132
-15.699190 -30.976268 4720.532965 -451.801391 0.327345 0.508719 -0.796272 -0.046020 0.850284 0.524308 0.943784 -0.134985 0.301748
-16.572859 -30.607350 4115.464524 -633.271084 0.316171 0.578733 -0.751734 -0.139200 0.812105 0.566665 0.938435 -0.074521 0.337324
-24.032782 -32.529903 4679.500035 -1372.560708 0.322208 0.685421 -0.652978 -0.143356 0.717137 0.682029 0.935752 -0.126147 0.329326
-20.568405 -33.423736 5162.712186 624.854718 0.343630 0.531817 -0.774008 -0.012092 0.826635 0.562609 0.939027 -0.183970 0.290487
-27.636017 -34.996977 3194.083123 2555.775354 0.359342 0.766845 -0.531811 0.147747 -0.609437 -0.778946 0.921436 -0.201335 0.332295
-5.931260 -34.222555 1523.480143 -937.388682 0.299769 0.953349 -0.035550 0.867020 -0.287792 -0.406758 0.398013 -0.091110 0.912844
-4.584932 -33.135133 1207.103929 -285.532457 0.251607 0.967251 -0.033467 0.865684 -0.240380 -0.439100 0.432765 -0.081509 0.897815
-2.096392 -31.845649 782.571716 -790.562482 0.205281 0.978690 -0.005094 0.914689 -0.193703 -0.354715 0.348143 -0.068157 0.934961
-4.454499 -31.777050 -609.000541 5.122662 0.158744 0.986947 0.027117 0.889711 -0.131089 -0.437298 0.428035 -0.093545 0.898908
-4.888408 -33.155176 2099.356046 -1469.759748 0.258760 0.965663 -0.023216 0.906720 -0.251112 -0.338823 0.333018 -0.066624 0.940564
15.619077 -213.386928 -2519.908064 3503.841390 -0.161533 0.970645 0.178203 -0.574720 -0.239319 0.782575 -0.802250 -0.023996 -0.596506
15.034098 -206.810340 -2564.548740 15917.785795 -0.172899 0.966788 0.188220 -0.250131 -0.227932 0.941000 -0.952649 -0.115618 -0.281233
10.985558 -196.121899 -1505.996642 6591.018307 -0.175639 0.970674 0.164143 -0.499843 -0.231574 0.834584 -0.848120 -0.064540 -0.525858
23.440151 -240.558982 -2732.018810 14088.024142 -0.117662 0.968844 0.217937 -0.470462 -0.247654 0.846955 -0.874541 0.002877 -0.484944
14.023846 -201.993907 -263.482118 -6022.431481 -0.134275 0.975768 0.172763 -0.763249 -0.213029 0.609975 -0.631997 0.049957 -0.773359
20.407387 -233.456027 -3281.972306 -13117.007807 -0.133575 0.975714 0.173610 -0.795083 -0.210081 0.568954 -0.591608 0.062036 -0.803835
-74.565073 -847.449562 4699.612941 -105696.417689 -0.679457 -0.112746 -0.725001 0.040256 0.980906 -0.190270 0.732610 -0.158466 -0.661945
-145.822801 -2675.037389 17881.762418 792876.777327 -0.765134 0.006342 -0.643840 -0.052596 0.995994 0.072315 0.641720 0.089194 -0.761735
-16.799981 -2936.146653 -4209.923164 1412981.062053 -0.672479 -0.077738 -0.736022 -0.404234 0.871615 0.277276 0.619973 0.483988 -0.617568
-64.380191 -799.824873 1472.272403 166384.413857 -0.650461 0.075525 -0.755775 -0.177598 0.952337 0.248018 0.738484 0.295550 -0.606045
-43.464960 -64.418195 591.550466 -1685.383156 0.802730 0.140319 -0.579599 0.452040 0.490742 0.744871 -0.388954 0.859932 -0.330503
-46.927449 -66.779857 961.657707 -2155.502847 0.771435 0.242603 -0.588245 0.410971 0.515819 0.751687 -0.485790 0.821629 -0.298218
-46.446886 -68.670765 111.496271 -1727.210423 0.835170 0.272608 -0.477677 0.380391 0.340982 0.859671 -0.397232 0.899676 -0.181080
-47.286558 -70.485364 -1280.596438 -611.032114 0.877338 0.325930 -0.352204 0.314939 0.162688 0.935065 -0.362065 0.931291 -0.040084
-45.471502 -69.162789 730.339809 -640.776922 0.892077 0.208835 -0.400734 0.368689 0.176388 0.912664 -0.261281 0.961912 -0.080357
-49.471816 -71.816706 446.440374 -519.176053 0.844369 0.377476 -0.380200 0.319393 0.215103 0.922886 -0.430150 0.900690 -0.061063
3.819881 -7.581346 1972.407871 1020.364076 0.669777 0.653334 0.352920 -0.290550 -0.206801 0.934245 -0.683359 0.728277 -0.051315
1.958229 -14.856253 293.897350 2639.843272 0.720060 0.686959 0.097988 -0.117676 -0.018279 0.992884 -0.683861 0.726467 -0.067677
4.397547 -11.576034 1898.833938 -469.148400 0.644646 0.634650 0.426205 -0.334808 -0.266820 0.903720 -0.687266 0.725277 -0.040481
9.070329 -7.837983 2716.608375 -1798.643712 0.537633 0.577821 0.614063 -0.476624 -0.392490 0.786626 -0.695543 0.715593 -0.064388
8.649763 -5.325775 3494.775795 -1316.391191 0.521223 0.570950 0.634305 -0.498345 -0.399747 0.769321 -0.692805 0.717091 -0.076173
56.605520 -100.427591 8031.501449 -13610.759078 -0.394152 0.510408 0.764283 0.911549 0.323111 0.254317 -0.117142 0.796921 -0.592617
45.446254 -105.187824 5806.487954 -14223.008658 -0.353891 0.453405 0.818037 0.929306 0.269217 0.252811 -0.105603 0.849674 -0.516625
52.763986 -81.647332 2463.545747 -11284.827168 -0.330361 0.486368 0.808893 0.909837 0.392108 0.135822 -0.251114 0.780831 -0.572053
46.772227 -81.304990 -1446.162519 -13224.512049 -0.240781 0.440706 0.864756 0.932886 0.350971 0.080886 -0.267857 0.826195 -0.495635
55.419847 -57.980070 -4087.706676 -8132.389250 -0.208180 0.481799 0.851194 0.900902 0.433306 -0.024926 -0.380837 0.761653 -0.524259
60.340244 -64.017322 1663.889026 -6566.566972 -0.280353 0.542645 0.791795 0.889526 0.456880 0.001842 -0.360756 0.704839 -0.610784
64.055946 -86.343721 6859.137443 -11682.516404 -0.365995 0.555565 0.746589 0.899674 0.416382 0.131196 -0.237978 0.719704 -0.652222
-5.121207 -39.595282 -7695.169527 1829.283322 0.386379 -0.213658 -0.897252 0.611679 0.787458 0.075891 0.690333 -0.578153 0.434947
-8.641980 -41.378725 -5200.092367 999.879705 0.322311 -0.238619 -0.916066 0.675828 0.735612 0.046171 0.662852 -0.633984 0.398361
-21.694926 -38.524827 -1307.727878 1448.183964 0.226452 -0.301096 -0.926316 0.639804 0.763057 -0.091619 0.734418 -0.571913 0.365439
18.736541 -42.537093 -14445.835853 1542.646009 0.459363 -0.191212 -0.867423 0.638880 0.749580 0.173098 0.617104 -0.633694 0.466491
-10.452629 -36.918070 -6240.775868 2028.956111 0.383460 -0.182469 -0.905352 0.539385 0.839979 0.059162 0.749681 -0.511020 0.420520
15.671742 -39.686714 -13553.027819 1981.038367 0.487205 -0.145470 -0.861086 0.538650 0.826175 0.165198 0.687377 -0.544310 0.480874
-1.447771 -65.212033 -809.983234 4882.882552 0.740056 0.560104 0.372292 -0.581334 0.254391 0.772875 -0.338183 0.788397 -0.513871
-2.637269 -68.097042 125.073762 293.844412 0.729524 0.565875 0.384162 -0.565011 0.182087 0.804740 -0.385432 0.804133 -0.452562
-4.234884 -67.511539 -1419.880109 1583.790332 0.732238 0.562659 0.383722 -0.573054 0.204565 0.793575 -0.368016 0.800979 -0.472225
-5.313748 -64.346042 -2958.762931 2715.729712 0.740382 0.567093 0.360886 -0.604970 0.328150 0.725485 -0.292993 0.755462 -0.586031
-93.138336 -916.355804 33592.386632 -276883.130417 0.885217 -0.118961 -0.449711 -0.386917 0.348384 -0.853770 -0.258237 -0.929773 -0.262367
84.526225 -1364.944641 -45136.570401 -450923.976611 0.940963 -0.338248 -0.013323 0.117652 0.363689 -0.924061 -0.317407 -0.867939 -0.382014
-132.803044 -5851.627878 62610.677048 3322044.989924 -0.883413 0.151326 0.443489 0.254224 0.949806 0.182313 -0.393640 0.273803 -0.877542
-229.997271 -6660.043453 89191.430774 3506894.159723 -0.699898 0.146699 0.699015 0.422898 0.873803 0.240052 -0.575586 0.463624 -0.673612
-87.124706 -578.252782 -19053.603083 153869.588692 0.744358 -0.154321 -0.649704 0.665491 0.251915 0.702610 -0.055242 0.955366 -0.290214
-47.172805 -575.814641 6449.407012 186525.673666 0.867918 -0.069848 -0.491772 0.487810 0.306417 0.817404 -0.093594 0.949331 -0.300018
-61.904041 -604.774754 57.829842 182083.883530 0.787194 -0.137631 -0.601151 0.616179 0.135263 0.775904 0.025475 0.981204 -0.191284
-31.043500 -68.138002 1059.287439 3506.113346 0.390831 -0.136469 0.910290 0.914150 0.173164 -0.366528 -0.107610 0.975392 0.192431
-29.303838 -67.324250 1092.753238 961.144103 0.244860 -0.227288 0.942541 0.969433 0.041768 -0.241775 0.015585 0.972931 0.230568
-37.659975 -62.856098 2957.066182 -316.859105 0.194116 -0.125623 0.972902 0.979514 -0.029353 -0.199226 0.053585 0.991644 0.117351
-63.950859 -542.731917 494.825130 194492.886434 0.785648 -0.005748 -0.618647 0.616496 -0.076541 0.783629 0.051856 0.997050 0.056591
-66.569800 -205.255855 8341.871868 65973.352297 0.926073 0.108683 -0.361353 0.370448 -0.079619 0.925435 -0.071809 0.990883 0.113995
-58.256056 -139.708992 1454.700745 41221.085855 0.842725 -0.117571 -0.525349 0.508974 -0.143918 0.848665 0.175386 0.982581 0.061443
1.209355 -45.815004 523.206149 -848.703879 0.658929 0.481358 0.578020 0.049207 0.739203 -0.671682 -0.750594 0.471034 0.463396
0.599450 -47.279905 586.462703 -51.774051 0.664072 0.498010 0.557669 0.078868 0.695057 -0.714616 -0.743498 0.518538 0.422290
0.954172 -47.571774 1105.922744 -1706.315774 0.667844 0.469234 0.577757 -0.003527 0.778228 -0.627972 -0.744293 0.417349 0.521390
1.290827 -48.459042 191.863669 787.725586 0.659514 0.457509 0.596428 -0.055934 0.821117 -0.568013 -0.749608 0.341252 0.567128
1.905046 -47.262114 258.839504 -605.993744 0.654850 0.463777 0.596727 -0.019825 0.799842 -0.599882 -0.755499 0.381003 0.532971
-24.996161 -39.432880 -1260.821985 3634.704224 -0.808167 -0.270984 0.522909 -0.151793 0.953703 0.259633 -0.569057 0.130453 -0.811885
-25.704724 -33.283722 -1252.268232 3612.243189 -0.649551 -0.683285 0.333474 -0.454709 0.700625 0.549877 -0.609363 0.205540 -0.765787
-23.853698 -30.635307 -1232.803682 3881.540320 -0.761711 -0.522018 0.383788 -0.341535 0.826862 0.446825 -0.550591 0.209275 -0.808118
-20.727888 -31.936922 -1878.591678 3448.990212 -0.860242 -0.098310 0.500319 -0.006330 0.983220 0.182313 -0.509847 0.153666 -0.846430
-20.993854 -39.952422 -3007.551943 1834.308282 -0.851113 0.026794 0.524299 0.040944 0.999043 0.015410 -0.523384 0.034583 -0.851395
-25.586320 -46.530076 -1322.572761 1583.232800 -0.788651 -0.214801 0.576099 -0.157028 0.976282 0.149047 -0.594451 0.027082 -0.803676
-7.764898 -58.639954 256.283732 4322.528378 0.776243 0.307777 0.550200 0.628287 -0.449636 -0.634888 -0.051986 -0.838511 0.542399
-3.641345 -53.833958 1455.249043 1393.379176 0.815863 0.300531 0.494013 0.578212 -0.433286 -0.691328 -0.006284 -0.849673 0.527273
-5.374341 -58.430028 3867.549820 5017.731925 0.807690 0.346089 0.477346 0.589428 -0.493919 -0.639232 -0.014539 -0.797663 0.602928
38.665150 -48.592716 -23868.652619 -296.082082 0.353613 -0.339851 -0.871469 0.891810 0.403557 0.204490 0.282191 -0.849496 0.445786
3.126565 -47.739710 -13069.874014 850.586641 0.277418 -0.325246 -0.904021 0.863076 0.497736 0.085779 0.422065 -0.804036 0.418794
40.788040 -49.958681 -19993.734935 -92.612157 0.397652 -0.270865 -0.876644 0.834778 0.503344 0.223138 0.380813 -0.820535 0.426268
8.879022 -122.037216 -14181.853945 -4424.258596 0.528343 0.216407 0.820988 -0.016440 0.969397 -0.244947 -0.848872 0.115919 0.515732
-15.732546 -131.970109 -2579.378107 -5423.903632 0.589160 0.188393 0.785747 0.106456 0.945865 -0.306605 -0.800973 0.264287 0.537210
30.328246 -122.942050 -24871.475224 -3501.909333 0.508195 0.204221 0.836679 0.196213 0.918477 -0.343366 -0.838593 0.338664 0.426695
120.142306 -117.106161 -60674.531757 -3650.222139 0.428344 0.220804 0.876223 0.090236 0.954386 -0.284613 -0.899099 0.200979 0.388881
243.822466 -126.441392 -101384.195954 -3551.798109 0.448879 0.255362 0.856328 0.238214 0.889424 -0.390100 -0.861256 0.379097 0.338413
36.313363 -125.788629 -24447.950682 366.200090 0.519594 0.212246 0.827631 0.393818 0.800131 -0.452435 -0.758241 0.561019 0.332157
-105.275502 -5979.355358 -34946.951998 -3967989.511409 -0.728394 -0.499944 0.468506 -0.521569 0.848012 0.094023 -0.444305 -0.175872 -0.878443
221.549740 -2991.821066 148016.103417 -1799886.173754 0.756803 0.401311 -0.515944 -0.604827 0.729257 -0.319951 -0.247856 -0.554197 -0.794628
-180.765137 -3069.962027 57983.039677 440368.023939 0.880804 0.323661 -0.345582 -0.386314 0.069250 -0.919764 0.273760 -0.943635 -0.186030
-76.293304 -2176.003125 59531.776503 -3190985.965533 0.824582 0.357335 -0.438608 -0.559988 0.405230 -0.722635 0.080486 -0.841487 -0.534249
-1523.609777 -2947.308950 357005.082849 -1282341.521924 0.792689 0.600394 -0.105699 -0.473305 0.715386 0.514009 0.384223 -0.357422 0.851247
57.521396 -8443.615970 2474.970283 -9851812.668610 0.810587 0.507601 0.292043 -0.438899 0.856730 -0.270890 -0.387706 0.091403 0.917240
140.536258 -3064.982673 29860.953912 -366310.057816 0.928422 0.368688 -0.045849 0.343661 -0.899112 -0.271099 0.141174 -0.235937 0.961459
24.083191 -267.139294 -14189.954569 -90196.519901 0.943234 0.008987 -0.332006 -0.319513 -0.248332 -0.914463 0.090666 -0.968633 0.231364
-9.352046 -40.123216 6117.122908 -481.977293 0.885416 0.463699 0.031978 -0.455043 0.850753 0.262974 -0.094735 0.247392 -0.964273
1.891674 -41.596336 7682.242937 -2170.164000 0.776397 0.622678 0.097362 -0.616400 0.718028 0.323244 -0.131368 0.310980 -0.941294
11.664384 -32.918928 11017.693824 -1663.542389 0.829010 0.554487 0.072702 -0.554249 0.797331 0.238897 -0.074498 0.238343 -0.968319
57.384997 -25.491041 23703.448418 -1833.079100 0.777052 0.626263 0.063118 -0.624740 0.755142 0.198645 -0.076741 0.193789 -0.978037
9.049249 -28.335675 9283.548181 -1538.551635 0.895344 0.443678 0.038853 -0.443611 0.880639 0.166386 -0.039607 0.166208 -0.985295
-10.873760 -38.335832 4809.637628 606.095749 0.964849 0.262592 -0.010536 -0.256903 0.950876 0.172730 -0.055376 0.163952 -0.984913
-12.671964 -41.647062 -908.312696 655.096212 0.203190 0.732220 -0.650052 0.059715 -0.671933 -0.738201 0.977317 -0.111177 0.180255
-9.609922 -41.301378 -859.190442 -1308.541672 0.236382 0.621868 -0.746594 -0.030379 0.772724 0.634015 0.971185 -0.127189 0.201550
-13.610102 -41.732069 -973.332741 -4877.978490 0.222525 0.676757 -0.701771 0.040771 0.712730 0.700253 0.974074 -0.184436 0.131008
-16.310396 -32.935295 -511.200993 3846.705029 0.230813 0.749587 -0.620358 -0.096554 -0.616781 -0.781190 0.968195 -0.240207 0.069985
-16.827934 -40.144398 -778.310363 3487.354087 0.192261 0.814390 -0.547544 -0.033622 -0.552159 -0.833061 0.980768 -0.178575 0.078778
-53.512009 -69.496741 -4904.871762 4542.043146 -0.811078 -0.388086 0.437654 -0.047606 0.789520 0.611876 -0.582997 0.475444 -0.658838
-60.518149 -79.259331 -1745.957951 7397.219210 -0.683812 -0.093441 0.723650 0.221836 0.918196 0.328185 -0.695118 0.384949 -0.607145
-56.585628 -66.593901 -4636.103211 7069.266348 -0.741621 -0.380663 0.552353 0.099497 0.751874 0.651756 -0.663400 0.538313 -0.519730
-60.562365 -78.139462 584.897920 8937.203813 -0.541447 -0.050113 0.839240 0.335735 0.902287 0.270482 -0.770790 0.428213 -0.471716
-56.883376 -62.880428 515.578547 9851.602602 -0.504781 -0.072722 0.860179 0.450434 0.827853 0.334319 -0.736414 0.556211 -0.385128
-16.563807 -44.038792 -107.703761 592.327365 -0.394791 -0.289241 -0.872055 0.695398 0.526256 -0.489364 0.600468 -0.799621 -0.006623
-17.545816 -42.918589 801.915692 499.310008 -0.373593 -0.293110 -0.880066 0.656383 0.586854 -0.474092 0.655431 -0.754777 -0.026852
-18.155256 -43.428666 243.361719 -339.656944 -0.316893 -0.302930 -0.898784 0.724900 0.533740 -0.435479 0.611636 -0.789529 0.050455
-17.642595 -43.221489 1053.658332 703.034870 -0.425732 -0.291761 -0.856521 0.600912 0.616546 -0.508700 0.676503 -0.731264 -0.087161
-16.211903 -44.558698 -289.240188 1105.447918 -0.448915 -0.285359 -0.846786 0.617895 0.585433 -0.524856 0.645508 -0.758840 -0.086488
2.839460 -34.725024 760.327107 136.267518 0.883827 0.315881 0.345064 0.317321 0.137178 -0.938344 0.343741 -0.938830 -0.021006
1.911422 -30.657127 -1458.509488 -495.261163 0.895249 0.283274 0.343926 0.315094 0.143250 -0.938187 0.315031 -0.948280 -0.038987
3.546554 -33.194326 233.140798 1791.435942 0.872532 0.294399 0.389893 0.372564 0.115304 -0.920815 0.316043 -0.948701 0.009076
1.005105 -32.144660 -1580.141741 1112.492641 0.863962 0.266980 0.426957 0.408601 0.123859 -0.904270 0.294304 -0.955710 0.002079
25.270287 -45.275533 -2996.823634 2094.160420 0.746525 0.544433 0.382484 -0.660532 0.537307 0.524403 -0.079991 0.644123 -0.760728
18.131621 -47.893163 -3618.947979 -773.292627 0.674751 0.617159 0.404754 0.737468 -0.542094 -0.402834 -0.029198 0.570306 -0.820913
16.867909 -46.513266 -3700.078745 -1558.452196 0.735702 0.554787 0.388529 -0.676394 0.631558 0.378979 0.035126 0.541614 -0.839893
20.689316 -41.982200 3130.182689 -299.841240 0.783085 0.445476 0.433969 -0.620311 0.609560 0.493610 0.044639 0.655735 -0.753671
33.138835 -43.889194 2135.819694 1954.850539 0.773673 0.478807 0.414938 -0.628068 0.493347 0.601780 -0.083428 0.726190 -0.682413
34.353386 -45.160736 -2322.365733 -3163.824269 0.690406 0.602533 0.400366 0.698622 -0.411653 -0.585209 -0.187796 0.683736 -0.705150
8.069825 -168.852245 2108.689140 -3676.059060 -0.065675 0.616304 -0.784765 -0.733230 -0.563238 -0.380968 0.676802 -0.550393 -0.488884
2.556928 -171.313572 1949.265523 3673.848934 -0.003464 0.630314 -0.776333 0.925799 0.295478 0.235771 0.377999 -0.717912 -0.584568
7.071408 -196.186526 281.311373 14187.611589 0.027035 0.619030 -0.784902 0.856397 0.390657 0.337597 0.515610 -0.681314 -0.519574
-0.301057 -155.194358 2451.429541 8858.917367 -0.059595 0.611242 -0.789197 0.846862 0.449507 0.284199 0.528464 -0.651403 -0.544426
19.654410 -163.620182 1666.483011 1145.055948 -0.082311 0.601972 -0.794264 0.528500 0.702043 0.477309 0.844934 -0.380480 -0.375928
14.771027 -158.407309 5879.354234 -1550.919084 -0.151086 0.588497 -0.794257 0.545370 0.719759 0.429557 0.824467 -0.368264 -0.429694
5.408415 -156.293611 2897.216700 -1967.511665 -0.120392 0.584281 -0.802572 0.704566 0.619825 0.345549 0.699351 -0.523863 -0.486287
20.447532 -74.407356 -1414.189278 20704.150226 0.276275 0.735267 -0.618914 0.953552 -0.290144 0.080963 -0.120045 -0.612535 -0.781275
18.945248 -41.963437 474.141151 9063.167861 0.253182 0.781027 -0.570872 0.961519 -0.268228 0.059464 -0.106681 -0.563959 -0.818883
20.712231 -104.863159 -317.162676 39062.293303 0.343279 0.730569 -0.590279 0.925863 -0.368880 0.081889 -0.157917 -0.574628 -0.803035
14.783294 -285.084156 -4445.400017 8101.701231 -0.171770 -0.681770 0.711115 -0.486131 0.686495 0.540741 -0.856838 -0.252812 -0.449349
10.633381 -255.720140 -2622.039839 11483.170741 -0.203881 -0.664398 0.719032 -0.475449 0.709227 0.520524 -0.855792 -0.235738 -0.460486
10.410849 -286.361774 -5184.051174 66678.595077 -0.224756 -0.664485 0.712702 -0.096580 0.743005 0.662281 -0.969617 0.080019 -0.231171
14.956569 -341.215235 -544.821941 95532.701501 -0.132044 -0.660856 0.738806 0.065626 0.737868 0.671747 -0.989069 0.137185 -0.054062
-56.541718 -83.817439 1100.201213 7071.004856 -0.188184 0.929186 -0.318118 0.882261 0.302246 0.360921 -0.431513 0.212744 0.876662
-48.584043 -74.506631 616.629340 2513.207899 0.217204 0.956338 -0.195552 0.865580 -0.096096 0.491464 -0.451214 0.276014 0.848659
-42.257398 -72.271901 -950.551276 2742.430935 0.449615 0.880447 -0.150530 0.798027 -0.320248 0.510485 -0.401248 0.349648 0.846609
7.342841 -51.487083 -10413.459385 16252.131420 0.351140 0.877328 0.327104 0.689785 -0.006145 -0.723988 0.633165 -0.479853 0.607325
-27.684645 -60.841233 -3926.114637 -3767.414816 0.415237 0.905306 0.089441 0.492154 -0.140867 -0.859035 0.765090 -0.400722 0.504043
-33.279131 -50.761427 73.108210 -4151.212964 0.326400 0.943300 0.060405 0.551790 -0.138265 -0.822442 0.767457 -0.301776 0.565633
1.639482 -40.116371 10490.636650 -1676.744095 -0.048390 -0.892081 -0.449277 0.920960 -0.213966 0.325656 -0.386641 -0.398008 0.831925
-1.532744 -42.289431 12931.773778 744.574591 -0.149784 -0.856435 -0.494048 0.948929 -0.264852 0.171429 -0.277668 -0.443139 0.852366
-15.338747 -37.411895 7791.512790 -950.087483 -0.140285 -0.885268 -0.443419 0.934703 -0.266127 0.235599 -0.326574 -0.381415 0.864796
-14.990210 -33.987497 -5297.856197 -2760.690161 -0.048942 0.937717 0.343935 0.895182 -0.111549 0.431517 -0.443006 -0.329003 0.833968
5.470342 -38.521877 -7944.154847 -2635.179774 -0.056228 0.922818 0.381111 0.867312 -0.143942 0.476499 -0.494579 -0.357335 0.792277
22.742767 -98.946524 -945.292751 -2345.105530 -0.273086 -0.406905 0.871695 0.940349 -0.304030 0.152673 0.202898 0.861391 0.465659
36.908959 -93.097424 268.859785 -9737.067647 -0.290043 -0.425198 0.857369 0.955168 -0.073007 0.286922 -0.059405 0.902151 0.427311
11.784647 -42.232079 -923.216541 -1788.190111 0.145479 0.985642 -0.085706 0.239102 0.049033 0.969756 -0.960034 0.161572 0.228536
7.525448 -46.670318 249.546284 39.261061 0.183449 0.983020 -0.004341 0.337921 -0.058914 0.939329 -0.923123 0.173785 0.342991
7.725250 -40.144144 -2368.684444 -452.020186 0.099229 0.987228 -0.124637 0.303123 0.089312 0.948757 -0.947771 0.131924 0.290389
10.545932 -45.085808 3327.315503 -2144.019503 0.224170 0.974362 -0.019151 0.216396 -0.030606 0.975826 -0.950221 0.222895 0.217709
14.650133 -36.192431 -3255.138120 -2179.616726 0.072911 0.975709 -0.206582 0.189332 0.189826 0.963390 -0.979202 0.109355 0.170893
17.204386 -38.435112 -1022.630569 -4264.312591 0.134710 0.980791 -0.141072 0.134164 0.123005 0.983295 -0.981760 0.151387 0.115017
1.074301 -45.133260 -2360.555117 -455.844771 0.231972 0.961267 0.148848 0.640721 -0.266133 0.720174 -0.731892 0.071690 0.677639
-0.913242 -44.474637 -2518.448915 41.254021 0.225914 0.965409 0.130188 0.614299 -0.244905 0.750105 -0.756042 0.089485 0.648377
-6.686188 -70.506698 908.557150 -453.791344 -0.039815 -0.954536 -0.295426 0.970716 0.033149 -0.237930 0.236906 -0.296248 0.925264
-8.059562 -68.828935 702.647469 -625.900309 0.040039 0.963662 0.264107 0.953170 0.042463 -0.299439 0.299773 -0.263728 0.916833
17.902776 -97.057833 1644.231881 -8141.553930 0.051003 -0.995749 0.076693 0.998065 0.053555 0.031594 -0.035567 0.074933 0.996554
-5.233076 -102.762057 -112.290826 -5494.547387 -0.140483 0.959566 0.243920 0.784094 -0.042601 0.619178 -0.604534 -0.278241 0.746405
-4.233597 -98.226374 -399.367140 -1113.488077 -0.164566 0.960305 0.225237 0.646401 -0.067485 0.760007 -0.745039 -0.270664 0.609637
-5.575397 -111.069697 423.797606 -8161.297586 -0.130596 0.963286 0.234575 0.846230 -0.014971 0.532607 -0.516565 -0.268061 0.813206
-4.018189 -100.697070 -845.816722 -1999.566315 -0.163123 0.952728 0.256322 0.712818 -0.065812 0.698255 -0.682116 -0.296612 0.668386
-4.408688 -105.327911 -1177.263400 -7452.245405 -0.153416 0.952791 0.262017 0.825825 -0.021990 0.563498 -0.542657 -0.302829 0.783465
-4.762027 -118.735030 -228.206890 -8365.211390 -0.139259 0.958853 0.247401 0.904353 0.021364 0.426251 -0.403426 -0.283097 0.870117
-2.953878 -73.884516 1482.612345 4788.861124 -0.105369 0.993593 -0.040863 -0.807954 -0.109494 -0.578983 0.579748 0.027991 -0.814315
-3.578789 -64.599171 419.939723 4514.971553 -0.127189 0.989627 -0.066790 -0.861689 -0.143593 -0.486696 0.491238 0.004351 -0.871014
-2.797637 -79.277611 1540.502497 2306.122077 -0.069274 0.997584 0.005228 -0.699889 -0.044866 -0.712841 0.710885 0.053040 -0.701306
-8.408780 -42.557946 728.471952 -1138.945799 0.615935 -0.058834 -0.785597 0.059796 0.997822 -0.027845 0.785525 -0.029825 0.618111
-7.755553 -38.746029 -1900.640793 -823.218101 0.603089 -0.189951 -0.774727 0.183329 0.978241 -0.097136 0.776321 -0.083449 0.624790
1.350098 -105.997405 -151.610786 -46.468274 0.854657 0.430802 -0.289776 -0.373916 0.897943 0.232132 0.360205 -0.090041 0.928517
-0.128067 -111.873120 -651.479244 5191.553280 0.863904 0.415408 -0.284791 -0.275607 0.863183 0.423032 0.421558 -0.286968 0.860196
-0.684071 -104.914570 -134.341615 4379.916280 0.848777 0.443185 -0.288384 -0.343547 0.876830 0.336369 0.401937 -0.186429 0.896488
1.730297 -72.600672 870.884707 611.523206 -0.191859 0.976401 0.099153 0.036237 -0.093913 0.994921 -0.980753 -0.194478 0.017364
1.427688 -75.200554 230.793314 203.254575 -0.196625 0.975808 0.095584 -0.019450 -0.101350 0.994661 -0.980286 -0.193716 -0.038907
1.673272 -76.965700 1001.795505 -94.100136 -0.190611 0.974575 0.117772 -0.112712 -0.140905 0.983586 -0.975174 -0.174208 -0.136704
-9.785832 -50.695025 20.717283 6301.351104 0.042246 0.967168 0.250600 0.142762 -0.254094 0.956585 -0.988855 0.004636 0.148809
-8.281763 -36.929380 510.885134 724.725199 0.048869 0.964221 0.260557 0.267116 -0.263983 0.926802 -0.962425 -0.024307 0.270459
-8.717369 -42.023605 304.945481 832.401248 0.047680 0.967929 0.246656 0.180747 -0.251221 0.950904 -0.982373 0.000757 0.186929
-9.673034 -40.278095 -1541.827947 -1461.477819 -0.020689 0.972312 0.232768 0.226532 -0.222204 0.948319 -0.973784 -0.072350 0.215663
-6.287407 -191.563250 429.549244 15071.000684 -0.851198 -0.322851 0.413798 -0.417476 0.894309 -0.161012 -0.318080 -0.309804 -0.896017
-2.196519 -173.144273 1223.099361 14130.125106 -0.830168 -0.363711 0.422533 -0.398857 0.916995 0.005687 -0.389530 -0.163809 -0.906330
-9.148761 -185.626625 -484.480467 6617.634903 0.831463 0.376191 -0.408838 -0.498343 0.830309 -0.249484 -0.245608 -0.411179 -0.877843
-3.004083 -189.859702 1543.636104 18300.607954 -0.813692 -0.417530 0.404442 -0.458541 0.888659 -0.005116 -0.357275 -0.189616 -0.914549
-10.174856 -146.785999 -1519.591781 3389.397120 0.972601 0.185478 -0.140164 0.126503 -0.928061 -0.350286 0.195051 -0.322957 0.926096
-10.583771 -132.964397 -277.610980 4532.407753 0.965803 0.187446 -0.179135 0.082790 -0.877681 -0.472041 0.245705 -0.441067 0.863185
-10.849603 -137.204147 -1079.610409 3034.698342 0.964542 0.214816 -0.153337 0.173243 -0.953612 -0.246194 0.199110 -0.210900 0.957014
-7.495945 -159.910213 -3.665624 -7086.980462 0.967461 0.211639 -0.138663 -0.191442 0.970624 0.145738 0.165434 -0.114450 0.979557
-31.511557 -40.817269 -337.934726 -221.205835 -0.383889 0.917661 -0.102604 0.885433 0.334307 -0.322873 0.261986 0.214796 0.940864
-52.016017 -1758.025387 13719.969324 753343.452654 0.926284 0.367918 -0.081452 -0.068030 -0.049328 -0.996463 0.370635 -0.928549 0.020662
86.260114 -8153.357135 13000.681326 3108743.757823 0.924561 0.336042 -0.179618 -0.356297 0.595372 -0.720128 0.135054 -0.729799 -0.670189
11.836254 -5.637057 4287.554367 4702.721135 -0.011908 -0.532547 -0.846316 0.007794 0.846301 -0.532647 0.999899 -0.012939 -0.005927
-70.579771 -138.962270 24915.922818 -31363.522687 -0.112654 0.987690 0.108524 0.013340 -0.107706 0.994093 -0.993545 -0.113437 0.001043
-130.578568 -163.331840 34909.898222 -21621.560794 -0.040570 0.888503 0.457075 0.336744 -0.418531 0.843466 -0.940722 -0.188136 0.282218
-53.220486 -140.972248 18687.389414 -9850.086695 -0.128265 0.983474 0.127774 0.305598 -0.083375 0.948503 -0.943482 -0.160707 0.289854
-14.401025 -137.581259 9671.213360 -36351.538105 -0.146995 0.986131 0.077062 0.020504 -0.074854 0.996984 -0.988925 -0.148131 0.009216
-5.467564 -29.437099 3641.654680 -334.515977 0.324968 0.411834 -0.851345 -0.017708 0.902696 0.429915 0.945559 -0.124633 0.300640
-14.268463 -82.691703 -1092.967774 -2064.719779 -0.108438 0.993913 -0.019430 0.819224 0.100417 0.564614 -0.563128 -0.045308 0.825127
-13.645596 -78.319283 -88.675644 -2690.986993 -0.095488 0.995287 -0.016888 0.712230 0.080164 0.697354 -0.695421 -0.054561 0.716528
-14.592529 -83.495718 11.715248 -1731.584336 -0.086659 0.996227 0.004773 0.836247 0.070137 0.543850 -0.541463 -0.051121 0.839169
-15.023069 -86.820540 -386.638245 -3318.783721 -0.094192 0.995543 -0.004679 0.886372 0.086001 0.454916 -0.453291 -0.038702 0.890522
-13.742224 -90.925532 579.869146 -3456.588087 -0.104501 0.992995 -0.055143 0.895504 0.118070 0.429106 -0.432611 0.004539 0.901569
-6.990280 -34.957345 1121.859212 157.749179 0.319060 0.946229 -0.053404 0.823226 -0.304623 -0.479066 0.469574 -0.108887 0.876153
-7.879718 -33.304815 188.423859 -36.381930 0.271615 0.961478 -0.042257 0.820455 -0.254281 -0.512050 0.503070 -0.104410 0.857916
-10.733191 -37.450074 1995.301567 -582.053691 0.401354 0.912675 -0.077073 0.790785 -0.387748 -0.473614 0.462140 -0.129139 0.877354
