10066
20119
-22.839277 -33.006310 192.780955 -1866.917295 0.940119 0.250479 -0.231165 0.303538 -0.923764 0.233505 0.155054 0.289690 0.944478
-27.100516 -39.184505 -66.927408 1276.187230 0.944715 0.271527 -0.183813 -0.279109 0.960123 -0.016208 0.172082 0.066616 0.982828
-22.343899 -43.203288 792.291975 2072.500078 0.821344 0.496826 -0.280282 -0.509707 0.859809 0.030435 0.256110 0.117864 0.959435
-23.359568 -34.842848 78.698417 -1529.546762 0.995429 -0.083939 -0.045562 -0.073439 -0.977701 0.196742 0.061060 0.192497 0.979396
-17.454584 -40.175864 1285.623289 -3064.040725 0.780183 0.505842 -0.368019 0.574329 -0.812377 0.100939 0.247911 0.290115 0.924323
-16.202675 -29.421439 1098.434536 -2333.081318 0.864822 0.347463 -0.362426 0.459579 -0.838494 0.292773 0.202164 0.419760 0.884834
-17.344705 -24.166203 312.450208 -1013.440587 0.982245 -0.169422 -0.080562 -0.115764 -0.885307 0.450366 0.147624 0.433044 0.889202
-20.081905 -27.539797 -121.738747 -921.230993 0.954687 -0.294322 0.044136 -0.290530 -0.889496 0.352690 0.064546 0.349531 0.934699
12.656642 -18.024414 -109.542495 374.861693 0.393087 0.877917 0.273395 0.763123 -0.145611 -0.629636 0.512959 -0.456136 0.727196
8.880284 -16.353839 1107.286160 397.148510 -0.390605 -0.836403 -0.384522 0.765499 -0.063110 -0.640334 0.511310 -0.544470 0.664917
11.195482 -19.263045 1361.161396 256.867462 -0.395327 -0.826816 -0.400115 0.816116 -0.116277 -0.566069 0.421511 -0.550323 0.720745
-3.807934 -23.622172 -346.150582 -886.597525 0.994328 0.038451 0.099161 -0.059800 0.973144 0.222292 0.087950 0.226961 -0.969924
-3.870387 -25.261958 -742.061089 -1054.363388 0.996942 0.036371 0.069165 -0.055076 0.954919 0.291714 0.055437 0.294631 -0.954002
-4.496216 -28.500574 -221.536760 -809.470999 0.994232 0.008643 0.106897 -0.051655 0.912107 0.406684 0.093987 0.409861 -0.907293
-4.263263 -30.709851 -339.018634 -881.410061 0.995939 0.007320 0.089727 -0.051270 0.865383 0.498482 0.074000 0.501058 -0.862244
-4.641584 -32.678483 51.716148 -644.954084 0.993031 -0.019891 0.116162 -0.051598 0.812790 0.580267 0.105958 0.582217 -0.806099
-4.237678 -25.779838 64.591561 -627.947843 0.990492 -0.001748 0.137560 -0.040034 0.952982 0.300370 0.131618 0.303021 -0.943851
-4.782202 -29.853743 73.194176 -638.544326 0.990011 -0.008397 0.140737 -0.057569 0.887141 0.457893 0.128699 0.461422 -0.877797
2.821672 -41.251664 59.643298 -1215.428336 0.991527 -0.112520 0.064913 0.056406 0.823072 0.565130 0.117017 0.556680 -0.822444
2.776146 -43.845834 283.282040 -336.972137 0.988785 -0.140550 0.050504 0.059454 0.680647 0.730195 0.137005 0.719003 -0.681370
2.481060 -42.469094 119.110196 -1102.314539 0.993530 -0.095188 0.061954 0.045225 0.831960 0.552989 0.104181 0.546609 -0.830882
2.532503 -37.518163 -124.428002 -918.753137 0.994525 -0.071123 0.076555 0.032799 0.908067 0.417538 0.099213 0.412742 -0.905429
2.711968 -37.586795 -172.070569 -1035.214503 0.993070 -0.088629 0.077185 0.043283 0.886383 0.460924 0.109266 0.454389 -0.884077
2.624590 -110.285443 275.184134 -3415.102653 0.783300 0.459168 -0.419054 -0.142918 0.789065 0.597454 0.604992 -0.408095 0.683698
3.912934 -110.096818 379.329930 -5554.986089 0.778998 0.479181 -0.404410 0.026312 0.619415 0.784622 0.626474 -0.621860 0.469915
2.508850 -126.672041 620.700958 678.993072 0.787721 0.443346 -0.427714 -0.188365 0.834396 0.517978 0.586527 -0.327456 0.740783
0.956721 -115.749153 244.874954 3433.354400 0.801934 0.430982 -0.413710 -0.356396 0.900908 0.247683 0.479462 -0.051181 0.876069
456.353768 -47.478603 -65339.813531 -3979.867362 0.832430 0.157874 0.531165 -0.365363 0.877054 0.311908 0.416618 0.453710 -0.787767
1787.437545 -81.256282 149722.455108 -18391.898305 -0.348285 0.483977 -0.802785 -0.326797 0.739987 0.587897 0.878579 0.467103 -0.099564
1278.737754 -62.684314 -279396.916184 -1258.428198 -0.069465 0.417769 -0.905894 -0.460661 0.792037 0.400586 0.884853 0.445137 0.137431
54.727103 -4.160408 -10770.567175 -1724.840195 0.684504 0.353116 0.637780 0.720527 -0.460767 -0.518204 0.110882 0.814250 -0.569826
34.926712 -2.736200 -6026.519007 -148.118692 0.639271 0.278891 0.716626 0.728364 -0.518469 -0.447968 0.246614 0.808337 -0.534577
15.199786 -16.244592 -1308.412546 -928.654069 0.962092 0.042819 0.269341 -0.249567 0.536473 0.806172 0.109975 0.842831 -0.526823
28.855974 -85.565496 946.921799 -12411.172156 0.129815 0.065383 -0.989380 -0.198909 0.979257 0.038616 0.971382 0.191784 0.140127
28.744450 -33.615958 1547.755068 -2947.949147 0.102108 -0.061004 -0.992901 -0.054004 0.996306 -0.066767 0.993306 0.060438 0.098437
29.555831 -30.953226 -79.938281 -2937.677399 0.272761 -0.013907 -0.961981 -0.079888 0.996115 -0.037052 0.958759 0.086957 0.270591
5.947236 -12.429283 341.228196 687.433099 0.211517 0.204319 0.955779 0.301302 0.916647 -0.262633 -0.929773 0.343529 0.132324
9.088739 -8.291047 10.795622 684.342943 0.181317 0.269087 0.945894 0.347788 0.882136 -0.317616 -0.919874 0.386560 0.066361
7.582187 -9.251488 832.514600 781.684726 0.254571 0.129947 0.958284 0.366562 0.904017 -0.219967 -0.894889 0.407268 0.182503
2.953237 -14.753881 619.328606 332.690421 0.227110 0.035169 0.973234 0.241361 0.966137 -0.091236 -0.943486 0.255621 0.210931
4.675045 -14.173155 223.413372 189.234873 0.200258 0.202084 0.958675 0.191608 0.951524 -0.240602 -0.960824 0.231872 0.151829
2.081387 -12.530244 857.190446 770.192159 0.247720 0.011872 0.968759 0.343617 0.933844 -0.099310 -0.905849 0.357483 0.227253
3.408464 -1.664065 186.822282 514.459047 0.840478 0.480564 0.250310 0.284226 0.002289 -0.958755 0.461316 -0.876957 0.134664
2.175575 -0.177623 161.131902 163.132084 0.867459 0.486309 -0.104970 -0.013469 -0.187959 -0.982085 0.497327 -0.853332 0.156497
1.974080 -1.905844 -271.355858 -456.384355 -0.440597 -0.374892 -0.815677 0.787199 0.275400 -0.551791 0.431500 -0.885218 0.173774
-4.583753 -39.460422 372.771499 -1724.202603 -0.373562 0.491725 -0.786548 -0.244489 0.765758 0.594845 0.894806 0.414513 -0.165836
-1.038428 -59.802879 341.614113 7873.004478 -0.404253 0.516015 -0.755187 -0.216900 0.748024 0.627227 0.888557 0.417359 -0.190467
-0.282767 -47.376117 766.116774 -1349.659743 -0.363522 0.438463 -0.821950 -0.242394 0.807405 0.537906 0.899498 0.394776 -0.187228
-5.380503 -66.370331 1045.325119 -7838.769957 -0.306825 0.339249 -0.889252 -0.303216 0.850793 0.429198 0.902174 0.401324 -0.158179
783.146603 -17917.569162 26702.151155 -2817777.827077 -0.177013 0.102882 -0.978817 -0.401573 0.900423 0.167264 0.898558 0.422674 -0.118072
-19.174930 -39.705456 -519.049346 631.994824 0.858693 0.507338 0.072485 -0.159568 0.399079 -0.902925 0.487015 -0.763770 -0.423642
-18.286239 -28.150159 -761.393833 2400.994591 0.877501 0.479286 0.016608 -0.292172 0.561744 -0.774002 0.380298 -0.674335 -0.632966
-23.889213 -34.095475 -756.579126 2688.617469 0.829486 0.523746 0.194016 -0.170769 0.568558 -0.804724 0.531780 -0.634375 -0.561051
-14.834025 -23.354362 1372.042521 -1132.714582 0.990061 0.138680 -0.023387 -0.140593 0.980178 -0.139586 -0.003566 -0.141486 -0.989934
-19.676370 -27.046813 -356.718136 -646.925852 -0.968903 -0.176951 0.172958 -0.198490 0.973181 -0.116282 -0.147744 -0.146996 -0.978041
-16.142901 -31.461176 -1353.819888 -895.123341 -0.968687 -0.240065 0.063352 -0.239531 0.970757 0.015999 -0.065341 0.000323 -0.997863
10.676135 -26.834263 1059.168000 320.484700 0.329222 0.936768 -0.118651 -0.790456 0.342151 0.508047 -0.516519 0.073472 -0.853118
12.994001 -26.501937 764.609170 369.897683 0.290011 0.941188 -0.173377 -0.769007 0.337016 0.543184 -0.569669 0.024201 -0.821518
13.194352 -27.539764 797.455190 122.653596 0.287173 0.942109 -0.173095 -0.850056 0.333946 0.407290 -0.441516 -0.030178 -0.896746
11.778476 -26.080136 800.070004 70.778795 0.311563 0.938976 -0.145783 -0.711495 0.332217 0.619198 -0.629844 0.089195 -0.771583
9.320988 -25.966522 391.757547 134.373578 0.347881 0.930946 -0.110991 -0.728701 0.342976 0.592758 -0.589893 0.125329 -0.797696
-4.260473 -19.737410 -87.986642 867.605695 0.560920 0.767838 0.309505 -0.791381 0.607085 -0.071860 0.243072 0.204628 -0.948179
-4.317826 -19.343222 70.847768 42.400649 0.524609 0.783531 0.332964 -0.775027 0.601388 -0.194076 0.352304 0.156242 -0.922751
-4.584833 -19.540842 -48.322500 13.841651 0.562196 0.766429 0.310680 -0.746056 0.632116 -0.209354 0.356841 0.114086 -0.927172
-4.542728 -21.330039 121.519770 -872.544236 0.520802 0.790798 0.321563 -0.712668 0.610123 -0.346200 0.469967 0.048866 -0.881330
-4.753157 -21.579280 35.847669 -241.715202 0.548656 0.785108 0.287369 -0.705104 0.619221 -0.345534 0.449227 0.013046 -0.893323
-0.551950 -26.482071 -401.634009 1141.288719 0.382501 0.864993 0.324777 -0.880285 0.447955 -0.156314 0.280696 0.226106 -0.932784
0.024032 -24.094550 -104.077275 -1005.282431 0.378328 0.858770 0.345517 0.906119 -0.419883 0.051438 0.189250 0.293619 -0.937002
-1.263161 -28.925094 -249.868420 1070.183711 0.339402 0.884160 0.321043 -0.880371 0.418786 -0.222631 0.331289 0.207076 -0.920525
-0.512439 -27.516522 136.827311 -1429.665752 0.319135 0.877955 0.356859 0.917476 -0.380566 0.115793 0.237469 0.290456 -0.926954
-1.473475 -30.795984 -273.915957 1031.707701 0.372021 0.872463 0.316874 -0.824144 0.467528 -0.319692 0.427067 0.142218 -0.892966
-1.263620 -31.843735 385.196244 1015.301785 0.280073 0.890190 0.359335 -0.871115 0.392958 -0.294521 0.403383 0.230534 -0.885514
-1.725940 -32.885341 -95.734970 575.222776 0.311600 0.896607 0.314645 -0.816426 0.422042 -0.394118 0.486162 0.134078 -0.863521
7.598642 -59.533704 -151.837576 1377.323121 0.249856 0.953618 0.167881 0.818769 -0.115519 -0.562382 0.516904 -0.277971 0.809656
7.112540 -64.774034 -227.190683 1041.593037 0.237855 0.955454 0.174733 0.929598 -0.171782 -0.326094 0.281552 -0.239995 0.929048
8.338003 -65.352909 305.195936 1171.149890 0.213599 0.973682 0.079495 0.924933 -0.175370 -0.337259 0.314442 -0.145565 0.938050
7.449344 -60.440581 203.444922 2118.677289 0.222269 0.968587 0.111515 0.779619 -0.107882 -0.616892 0.585484 -0.224055 0.779107
-1.151225 -51.729394 1014.217265 3938.002482 0.210476 0.977469 -0.015913 0.736293 -0.169210 -0.655165 0.643096 -0.126180 0.755318
-2.205632 -59.463710 959.466034 2252.864428 0.265563 0.963385 -0.036965 0.877175 -0.257353 -0.405381 0.400050 -0.075229 0.913400
-4.139525 -50.443506 745.081021 3598.259818 0.246095 0.969245 -0.000948 0.748258 -0.190607 -0.635436 0.616074 -0.155669 0.772153
0.572922 -65.220469 399.310661 3105.149316 0.357721 0.932664 0.046622 0.292386 -0.064449 -0.954126 0.886875 -0.354942 0.295752
0.952852 -65.002590 217.019028 -194.022937 0.365086 0.920510 0.139189 0.062084 0.125104 -0.990199 0.928901 -0.370150 0.011476
2.158640 -71.558511 311.545069 454.833244 0.374345 0.922251 0.096533 0.238181 0.004979 -0.971208 0.896178 -0.386559 0.217799
0.248329 -53.971214 265.385451 872.384428 0.362977 0.927769 0.086559 0.126949 0.042790 -0.990986 0.923110 -0.370693 0.102247
-0.210514 -54.257812 162.151887 1666.944717 0.361375 0.928471 0.085737 0.176767 0.022065 -0.984005 0.915512 -0.370750 0.156149
-0.951049 -58.621527 218.389761 553.556059 0.607713 0.775815 0.169694 -0.213957 -0.045833 0.975767 -0.764793 0.629294 -0.138138
-2.300016 -57.879810 -32.821448 1107.724849 0.592230 0.791804 0.149366 -0.126506 -0.091703 0.987718 -0.795776 0.603852 -0.045859
-0.863419 -59.021787 443.710332 902.469721 0.619362 0.774233 0.130206 0.032169 -0.190732 0.981115 -0.784446 0.603477 0.143038
-1.137367 -61.138426 229.870938 874.385549 0.612968 0.771730 0.169418 -0.144070 -0.101658 0.984332 -0.776862 0.627772 -0.048870
-7.890844 -131.516211 -363.136825 235.410843 0.311192 0.878728 0.361936 0.307134 -0.453401 0.836718 -0.899349 0.149217 0.410982
-6.591695 -139.041533 -504.327930 1882.722263 0.304706 0.877827 0.369559 0.533401 -0.478731 0.697352 -0.789074 0.015364 0.614106
-7.839080 -129.389211 -685.995749 4458.248554 0.325541 0.873623 0.361672 0.631749 -0.485566 0.604251 -0.703502 -0.031777 0.709982
-8.833739 -135.587206 -3.922484 4888.004406 0.374406 0.866478 0.330205 0.558846 -0.495022 0.665316 -0.739941 0.064564 0.669567
-7.896910 -136.812604 21.887466 -5109.789520 0.371857 0.871561 0.319535 0.182151 -0.406035 0.895520 -0.910243 0.274802 0.309743
-12.989380 -1812.420642 -152.424010 -23088.124756 0.250265 0.928370 0.274765 -0.763301 0.014609 0.645878 -0.595600 0.371369 -0.712282
11.704601 -129.624976 -586.311904 1909.608008 0.286634 0.956752 0.049668 -0.251160 0.025013 0.967622 -0.924532 0.289828 -0.247467
72.728463 -1331.029660 6378.605922 269508.775500 0.340302 0.935395 0.096072 0.937123 -0.328958 -0.116568 -0.077433 0.129700 -0.988525
-3.165781 -25.856250 552.204840 194.286015 0.658003 0.747710 -0.089228 -0.397100 0.445229 0.802548 -0.639800 0.492646 -0.589878
-1.723935 -26.170919 631.950134 54.587640 0.661593 0.745756 -0.078377 -0.477022 0.499210 0.723353 -0.578571 0.441178 -0.686016
-4.627252 -25.755857 312.074078 77.315881 0.630487 0.769326 -0.103071 -0.460844 0.477869 0.747840 -0.624587 0.424004 -0.655829
-5.882344 -25.222904 370.079772 187.772576 0.625813 0.770456 -0.121471 -0.386142 0.441354 0.810001 -0.677682 0.460004 -0.573711
-4.071096 -24.636533 541.354420 321.262263 0.657670 0.744977 -0.111710 -0.314718 0.406456 0.857756 -0.684414 0.528964 -0.501772
77.723801 -463.682619 -10174.225636 -92754.252198 0.737651 0.661448 -0.135487 0.009047 -0.210333 -0.977588 0.675121 -0.719893 0.161136
27.874689 -206.209090 3210.471843 -20045.417758 0.606882 0.791196 0.075513 0.105351 0.014093 -0.994335 0.787779 -0.611400 0.074801
86.805704 -335.116692 9888.395854 -16304.595905 0.654077 0.756425 0.002239 -0.334289 0.291711 -0.896189 0.678553 -0.585428 -0.443666
41.167246 -267.476561 582.450444 -21718.443232 0.758726 0.610686 -0.226710 -0.369853 0.117360 -0.921648 0.536231 -0.783128 -0.314908
12.074080 -160.616085 -57.277576 -14886.783190 0.745520 0.603113 -0.283646 -0.144149 -0.269601 -0.952122 0.650708 -0.750713 0.114055
-11.864751 -32.889474 1651.462036 887.454529 0.282577 0.948835 0.140936 0.769603 -0.136550 -0.623751 0.572591 -0.284723 0.768812
-6.181001 -75.296076 492.906932 8056.997362 0.440155 0.895839 0.061124 0.765708 -0.338919 -0.546649 0.468993 -0.287414 0.835128
-9.655869 -40.656079 889.574747 311.288373 0.520710 0.850457 -0.074725 0.669963 -0.461307 -0.581674 0.529160 -0.252821 0.809982
-17.804171 -35.420094 -1104.278424 3620.802142 0.687656 0.630162 -0.360590 -0.299830 0.698806 0.649439 0.661234 -0.338475 0.669480
-20.517276 -36.203289 2106.913330 -4129.087706 -0.274687 0.722776 0.634147 0.685350 0.609756 -0.398111 0.674420 -0.325257 0.662847
-29.587383 -42.026906 -512.191316 314.813436 0.887437 0.413041 -0.204577 -0.371501 0.903674 0.212980 0.272840 -0.113005 0.955399
-28.939318 -41.374842 -364.756238 115.641379 0.970361 0.186748 -0.153375 -0.154466 0.967410 0.200643 0.185846 -0.171005 0.967584
-26.440759 -40.190908 211.907833 852.524510 0.995722 0.036112 -0.085047 -0.031249 0.997837 0.057831 0.086951 -0.054926 0.994697
-17.369708 -26.752896 1785.590855 851.994837 0.937333 0.178105 -0.299474 0.344754 -0.598652 0.723022 0.050507 0.780958 0.622538
-16.454611 -28.146417 -208.382444 730.875448 0.977587 0.123952 -0.170177 0.210526 -0.568750 0.795112 -0.001768 0.813117 0.582097
-17.059586 -26.947580 1642.663083 -16.760069 0.981467 0.110153 -0.156806 0.191274 -0.513350 0.836592 -0.011657 0.851081 0.524906
22.275103 -26.841519 4922.953390 -289.728606 -0.029195 0.824198 -0.565548 0.238120 -0.543766 -0.804747 0.970797 0.158163 0.180383
27.721463 -24.549349 263.172575 -752.970333 0.259880 0.815185 -0.517625 0.238731 -0.573641 -0.783546 0.935666 -0.080055 0.343687
26.228826 -24.246532 2319.279137 -573.366436 0.118119 0.842522 -0.525552 0.334983 -0.532042 -0.777636 0.934791 0.084198 0.345075
29.840799 -21.729342 -2166.466399 -795.618625 0.419783 0.812199 -0.405112 0.336532 -0.553811 -0.761603 0.842929 -0.183375 0.505811
7.648600 -27.300421 5840.216991 -199.808029 -0.112952 0.837438 -0.534733 0.330856 -0.475764 -0.814974 0.936897 0.268973 0.223333
24.121400 -23.006738 4743.588757 -245.398436 -0.016509 0.847760 -0.530124 0.430714 -0.472451 -0.768944 0.902338 0.241026 0.357342
29.808381 -20.720274 -258.895943 -222.808246 0.265662 0.858003 -0.439607 0.420003 -0.513449 -0.748310 0.867768 -0.014161 0.496768
-1.176483 -22.834475 -1031.842466 -595.019367 0.993727 0.086923 0.070365 -0.099298 0.975241 0.197599 0.051447 0.203347 -0.977754
2.575091 -42.923634 387.068952 870.081958 0.986086 -0.164892 0.021097 0.055335 0.445258 0.893691 0.156756 0.880089 -0.448187
2.340502 -42.027264 269.926901 233.544795 0.985984 -0.159764 0.048071 0.055830 0.587469 0.807319 0.157221 0.793320 -0.588154
1.831957 -40.860537 378.635555 985.766270 0.983875 -0.176125 0.031132 0.044625 0.410289 0.910863 0.173199 0.894787 -0.411532
2.957389 -88.374846 367.522633 6186.469915 0.770227 0.539536 -0.340075 -0.194020 -0.309727 -0.930820 0.607541 -0.782924 0.133879
5.109626 -112.702921 513.872414 7707.236622 0.781264 0.494805 -0.380519 -0.199021 -0.380331 -0.903183 0.591622 -0.781356 0.198662
8.551867 -157.849443 831.818646 7889.746901 0.826482 0.417341 -0.377828 -0.032326 -0.634853 -0.771956 0.562034 -0.650221 0.511204
5.679686 -24.873146 -4592.062209 -331.217876 0.971027 -0.217995 0.097898 0.229574 0.737240 -0.635432 -0.066346 -0.639496 -0.765926
14.958334 -25.728937 -5193.049790 -72.902743 0.984157 -0.146361 0.100065 0.177101 0.838115 -0.515944 0.008352 -0.525492 -0.850758
-9.556639 -25.487780 14.414176 3.588427 0.927143 -0.246617 0.282109 0.368578 0.735843 -0.568053 0.067496 -0.630646 -0.773130
152.455694 -28.009440 -32817.083406 198.502231 0.984588 -0.125383 -0.121927 0.027274 0.798706 -0.601103 -0.172752 -0.588513 -0.789816
0.113451 -23.472514 -1992.874793 -197.532680 0.969828 -0.170637 0.174115 0.243785 0.674870 -0.696505 -0.001345 -0.717937 -0.696107
186.449490 -31.032846 -34278.952823 934.116946 0.979832 -0.191585 -0.056785 0.093268 0.689806 -0.717961 -0.176721 -0.698185 -0.693763
122.915823 -12.030274 -20604.467676 -1728.939463 0.649447 0.444752 0.616777 0.752405 -0.493217 -0.436605 0.110024 0.747618 -0.654952
345.294422 -29.021938 -51562.178380 -534.467385 0.737437 0.452865 0.501099 -0.662563 0.629091 0.406515 0.131140 0.631789 -0.763967
205.439588 -19.752179 -30806.523862 -224.706501 0.633490 0.406078 0.658628 0.736225 -0.578215 -0.351625 0.238042 0.707649 -0.665258
17.012502 -44.932969 -1012.631880 -4688.060841 0.456403 0.297657 -0.838509 -0.417412 0.903877 0.093663 0.785788 0.307256 0.536778
21.578897 -23.933328 -1460.599597 -2025.268128 0.509273 0.111626 -0.853335 -0.195900 0.980558 0.011355 0.838012 0.161386 0.521239
16.314721 -21.716040 -333.312078 -1509.173196 0.565444 0.145760 -0.811805 -0.250052 0.968232 -0.000322 0.785969 0.203176 0.583929
17.561277 -19.518256 -787.378385 538.409554 0.607715 0.076699 -0.790443 -0.164115 0.985969 -0.030504 0.777013 0.148261 0.611776
29.524480 -983.662014 -3006.011142 139424.915391 0.252521 -0.000540 0.967591 -0.442047 0.889478 0.115862 -0.860713 -0.456978 0.224373
431.181908 -4689.477315 -12328.237947 -1906131.351605 0.396793 -0.645476 0.652622 0.892476 0.437499 -0.109915 -0.214574 0.626063 0.749669
-10.670426 -111.593532 -729.769678 7527.879773 0.386553 0.155119 0.909129 -0.496783 0.865545 0.063545 -0.777035 -0.476204 0.411640
-22.833930 -1623.043574 140.912022 285198.179388 0.320125 -0.106533 0.941366 0.520549 0.849998 -0.080828 -0.791548 0.515902 0.327561
8.757667 -5.115770 914.903838 631.620477 0.266918 0.158631 0.950574 0.385477 0.886445 -0.256170 -0.883268 0.434801 0.175460
2.401228 -84.425862 718.264399 10935.911390 -0.415158 0.496640 -0.762229 -0.152866 0.787850 0.596594 0.896814 0.364200 -0.251163
28.670544 -28.429395 -5365.300421 -1412.438466 0.991851 -0.083108 0.096565 0.049241 -0.448983 -0.892183 -0.117504 -0.889667 0.441232
28.800808 -30.073184 -4737.913246 516.141519 0.995101 -0.077750 0.061069 0.038748 -0.261577 -0.964405 -0.090956 -0.962046 0.257283
6.571747 -32.216370 -436.606257 -2210.545885 0.984610 -0.075278 -0.157721 -0.174301 -0.488697 -0.854865 0.012725 -0.869200 0.494297
14.948134 -29.927710 -2326.138383 -2514.358965 0.997431 -0.067281 -0.024607 -0.060664 -0.610528 -0.789668 -0.038107 -0.789132 0.613041
37.968799 -23.698073 -5398.503940 -1136.301100 0.985974 0.036339 0.162896 0.158641 -0.507281 -0.847053 -0.051853 -0.861014 0.505930
-14.325293 -21.847083 1224.421897 -60.458686 0.990755 -0.130272 0.037853 0.135657 0.953177 -0.270280 0.000870 -0.272916 -0.962037
7.926044 -27.366525 0.407460 234.127428 0.344893 0.932104 -0.110593 -0.852097 0.360329 0.379597 -0.393674 0.036684 -0.918518
6.034932 -28.039287 -114.395259 48.244072 0.372121 0.922814 -0.099698 -0.887940 0.385213 0.251344 -0.270348 0.005005 -0.962750
6.795596 -27.416588 -395.009810 302.694896 0.393420 0.914492 -0.094471 -0.832017 0.397875 0.386579 -0.391111 0.073486 -0.917405
7.904382 -26.439126 -498.561409 315.565840 0.355860 0.927559 -0.114011 -0.786687 0.363177 0.499225 -0.504467 0.087963 -0.858939
-3.280480 -17.870795 21.255069 401.702706 0.602414 0.733135 0.315612 0.777272 -0.628741 -0.023089 0.181511 0.259226 -0.948607
-3.882477 -19.792603 -75.668950 -362.258818 0.601616 0.739884 0.301048 0.770151 -0.637282 0.027171 0.211955 0.215506 -0.953222
-3.624360 -18.416442 113.965788 283.666396 0.639448 0.708581 0.298359 0.743217 -0.669038 -0.003959 0.196808 0.224278 -0.954445
-4.055564 -18.680954 231.475312 -297.325186 0.659344 0.695540 0.285465 -0.720863 0.692703 -0.022792 0.213595 0.190753 -0.958118
-3.942504 -17.546371 190.417539 152.051445 0.668975 0.691593 0.272345 0.728395 -0.682954 -0.054898 0.148031 0.235100 -0.960632
0.058810 -23.131759 -30.528984 -658.274438 0.370203 0.862806 0.344259 0.919799 -0.392347 -0.005788 0.130075 0.318792 -0.938857
3.671173 -50.866619 392.468210 2982.333036 0.208148 0.975872 0.065940 0.658736 -0.090032 -0.746968 0.723009 -0.198916 0.661582
6.788037 -57.714944 98.868943 2102.795706 0.226647 0.968464 0.103479 0.679185 -0.081004 -0.729484 0.698097 -0.235617 0.676125
6.233433 -65.701732 171.866274 3136.148206 0.253396 0.964982 0.067828 0.817663 -0.176187 -0.548073 0.516930 -0.194340 0.833676
-4.202337 -30.833196 103.180651 812.811976 0.142229 0.977056 0.158532 0.572957 0.049336 -0.818099 0.807150 -0.207190 0.552794
-2.459458 -35.560337 391.262435 718.894728 0.130024 0.983351 0.126947 0.559284 0.032982 -0.828320 0.818716 -0.178701 0.545683
-5.413238 -38.760005 288.658778 2592.785234 0.193146 0.978121 0.077288 0.651003 -0.068818 -0.755949 0.734091 -0.196323 0.650052
-6.918449 -22.427432 142.566935 -396.018133 0.632269 0.772035 0.064789 -0.609944 0.444465 0.656063 -0.477708 0.454326 -0.751920
-5.943218 -24.803135 44.002691 63.062387 0.669063 0.743022 0.016494 -0.468783 0.404692 0.785154 -0.576712 0.533049 -0.619081
-5.623820 -24.356731 58.882013 -249.642102 0.643302 0.758644 0.103063 -0.575199 0.390068 0.719022 -0.505280 0.521830 -0.687303
-7.363840 -22.617666 168.555918 -81.281088 0.655320 0.755317 -0.007221 -0.511600 0.450862 0.731429 -0.555716 0.475626 -0.681879
-6.409010 -22.833853 285.863216 958.087661 0.613959 0.774819 0.150698 0.692139 -0.436673 -0.574682 -0.379469 0.457136 -0.804382
-7.392754 -23.460338 253.409545 124.096518 0.579213 0.806987 0.115255 0.714042 -0.434048 -0.549315 -0.393264 0.400467 -0.827629
-7.991826 -21.856744 113.357777 -151.601429 0.603287 0.797005 0.028771 -0.636922 0.459775 0.618819 -0.479974 0.391650 -0.785007
2.232612 -97.033612 146.460703 -5668.104730 0.388782 0.902295 0.186312 0.029204 0.190050 -0.981340 0.920867 -0.386968 -0.047538
0.237158 -61.299258 102.061600 -2308.104346 0.365890 0.915431 0.167665 0.024004 0.170815 -0.985011 0.930349 -0.364430 -0.040525
-2.630853 -58.530695 -52.275527 -56.253378 0.579643 0.796322 0.172875 -0.376660 0.073705 0.923415 -0.722594 0.600366 -0.342665
-3.881758 -55.861029 55.344258 467.133090 0.584606 0.798176 0.145436 -0.168720 -0.055736 0.984087 -0.793580 0.599841 -0.102085
-4.436430 -25.615327 224.797964 -100.198615 0.620983 0.777967 -0.095643 -0.541384 0.513945 0.665405 -0.566818 0.361426 -0.740330
-10.341909 -21.692170 -110.571042 -570.495369 -0.659837 -0.567858 0.492091 0.072817 0.603485 0.794043 -0.747873 0.559771 -0.356852
-10.137002 -20.116494 -312.198443 -547.819989 0.615751 0.646071 -0.451046 -0.008919 0.578115 0.815907 -0.787890 0.498372 -0.361737
-10.607630 -23.004466 -34.198162 -573.158300 0.622125 0.578491 -0.527549 0.155882 0.568809 0.807563 -0.767243 0.584640 -0.263694
-9.411477 -24.653780 -725.195393 -577.421852 -0.685107 -0.507160 0.522894 0.188165 0.570251 0.799630 -0.703721 0.646222 -0.295253
-3.188653 -84.797097 336.160342 8296.590074 0.476628 0.876085 0.072812 0.804865 -0.401565 -0.436964 0.353578 -0.266873 0.896527
-11.010725 -39.730878 2413.610041 825.583546 0.781759 0.434551 -0.447234 -0.453666 0.888402 0.070204 0.427831 0.148012 0.891658
-10.260381 -39.570438 2143.354998 -3563.186972 0.759542 0.466261 -0.453538 0.582851 -0.797399 0.156332 0.288759 0.383086 0.877419
-22.188325 -34.461787 9.738655 468.178824 0.079449 -0.651068 0.754850 0.301985 0.737380 0.604215 -0.949996 0.179949 0.255197
-22.024851 -32.389770 -40.224426 372.266713 -0.014986 -0.652091 0.757993 0.408582 0.687905 0.599873 -0.912599 0.318692 0.256123
-22.844013 -33.785576 0.149695 748.531092 -0.045104 -0.659399 0.750439 0.277074 0.713474 0.643572 -0.959789 0.236955 0.150522
-23.361859 -34.876293 157.724271 382.558566 0.002009 -0.686695 0.726943 0.144221 0.719544 0.679307 -0.989543 0.103476 0.100481
-22.523314 -35.604430 222.571416 85.323533 0.150517 -0.635401 0.757371 0.137812 0.772104 0.620373 -0.978955 0.010998 0.203781
19.721546 -27.595693 4220.927447 368.404446 -0.013205 0.811618 -0.584039 0.067641 -0.582027 -0.810352 0.997622 0.050205 0.047213
25.965428 -23.777278 -1220.416453 447.901662 0.413451 0.766787 -0.491014 0.042935 -0.555083 -0.830686 0.909513 -0.322367 0.262421
28.041582 -22.159416 -3340.005338 -767.120381 0.528334 0.747294 -0.403008 0.235557 -0.585047 -0.776037 0.815706 -0.315075 0.485131
-9.347744 -12.649186 -380.258358 -795.557346 0.203419 0.940362 -0.272655 0.390473 0.177456 0.903349 -0.897859 0.290222 0.331088
-9.196495 -9.935080 -983.157145 -374.415971 0.257591 -0.036436 0.965567 0.301877 0.952303 -0.044598 -0.917887 0.302971 0.256304
-8.108006 -11.369044 -275.347336 -812.402892 0.183517 0.955690 -0.230171 0.361538 0.152118 0.919864 -0.914118 0.252026 0.317602
-11.129166 -13.114990 -361.518642 -866.843666 0.252311 0.917658 -0.306990 0.394811 0.192018 0.898473 -0.883438 0.347898 0.313853
-8.319994 -15.533053 -287.633639 -455.654019 0.180431 0.952918 -0.243704 0.455029 0.138794 0.879594 -0.872006 0.269598 0.408563
-10.171130 -15.437380 -395.505664 -372.666458 0.223563 0.937752 -0.265785 0.450445 0.142418 0.881372 -0.864360 0.316764 0.390566
3.981595 -46.755687 130.463493 -303.474898 0.995395 -0.091064 0.029944 0.043767 0.709640 0.703204 0.085286 0.698655 -0.710357
4.530306 -44.372891 253.198237 1001.094137 0.991900 -0.126034 0.015805 0.049035 0.494717 0.867670 0.117175 0.859867 -0.496890
7.277936 -46.612374 324.397204 1070.136429 0.996623 -0.079129 0.021946 0.023056 0.526154 0.850077 0.078813 0.846700 -0.526202
6.331235 -49.153561 487.480610 -584.712990 0.996871 -0.058821 0.052801 0.008951 0.747709 0.663966 0.078534 0.661416 -0.745896
3.442502 -45.634510 261.525276 -1001.173073 0.996254 -0.061528 0.060771 0.021885 0.859216 0.511145 0.083665 0.507900 -0.857343
5.016614 -87.308533 458.979948 3408.367600 0.796383 0.531213 -0.289114 -0.285025 -0.091967 -0.954098 0.533418 -0.842232 -0.078168
3.886065 -71.592965 546.085202 2346.262054 0.781721 0.570235 -0.252478 -0.276384 -0.046135 -0.959939 0.559039 -0.820185 -0.121539
1.566907 -63.835044 210.258836 2879.354439 0.771933 0.566475 -0.288488 -0.266044 -0.124281 -0.955916 0.577356 -0.814653 -0.054771
-8.965358 -25.887859 384.506064 255.718112 0.947350 -0.165120 0.274342 0.290202 0.804836 -0.517708 0.135317 -0.570065 -0.810380
21.360809 -26.921238 -4893.224888 65.643015 0.993091 -0.079017 0.086756 0.105818 0.922579 -0.371014 0.050723 -0.377631 -0.924566
-7.409053 -26.000180 192.597506 192.612464 0.963764 -0.134893 0.230136 0.223300 0.879922 -0.419374 0.145931 -0.455567 -0.878159
120.352759 -29.221349 -20649.185270 -620.548957 0.993275 -0.075395 -0.087866 0.021987 0.867933 -0.496194 -0.113672 -0.490925 -0.863754
502.020156 -34.315118 -77524.643959 -1344.099224 0.759043 0.401300 0.512653 -0.609786 0.714073 0.343890 0.228069 0.573635 -0.786719
-11.860532 -61.120602 -881.440403 2334.889410 0.950942 0.307446 0.034456 -0.006565 0.131404 -0.991307 0.309301 -0.942449 -0.126976
-6.490637 -56.313869 -491.755518 1035.504933 0.959951 0.273579 0.060405 0.037580 0.087921 -0.995418 0.277636 -0.957823 -0.074119
-8.524374 -49.781580 -437.890308 2471.661941 0.945643 0.311056 0.094884 -0.030361 0.374936 -0.926554 0.323786 -0.873308 -0.363999
17.951289 -18.557220 909.557153 -1196.384564 0.608580 0.148082 -0.779552 -0.263377 0.964433 -0.022411 0.748507 0.218955 0.625936
20.759440 -14.159932 900.777468 -908.793210 0.683584 0.153564 -0.713534 -0.261039 0.964391 -0.042530 0.681594 0.215333 0.699329
19.788683 -20.207878 1042.063851 -1812.756782 0.621522 0.221012 -0.751574 -0.351077 0.936226 -0.015015 0.700325 0.273193 0.659477
-58.572955 -2153.669514 -4039.576739 -306645.448890 0.012463 -0.173248 0.984799 0.861455 -0.498182 -0.098544 0.507682 0.849588 0.143036
15.736889 -412.965502 942.055541 64376.258446 0.114076 0.020995 -0.993250 -0.132078 0.991222 0.005782 0.984653 0.130527 0.115848
-41.325032 -99.942053 603.091834 5434.773508 0.601687 0.313682 0.734559 -0.497599 0.866595 0.037524 -0.624795 -0.388093 0.677507
59.051021 -1299.043879 70907.868074 224258.448688 -0.408767 0.795287 0.447692 0.562235 0.605848 -0.562886 0.718889 -0.021618 0.694789
-6.663541 -28.082010 -125.957838 1179.517445 0.299331 0.410260 0.861445 -0.098565 0.911306 -0.399757 -0.949045 0.034751 0.313219
-1.932423 -36.882617 207.348286 1891.485987 0.334660 0.373836 0.865014 -0.250903 0.920157 -0.300597 -0.908323 -0.116437 0.401736
-3.075954 -35.121259 432.004946 1673.562506 0.374026 0.222199 0.900407 -0.117226 0.974414 -0.191767 -0.919980 -0.033825 0.390504
-8.731660 -25.250087 112.962389 1089.618687 0.336150 0.225916 0.914311 0.050765 0.965046 -0.257117 -0.940439 0.132845 0.312932
-9.803235 -21.126859 -412.120713 733.382495 0.282653 0.472552 0.834747 0.022274 0.866765 -0.498219 -0.958963 0.159416 0.234468
-6.723830 -25.116141 -396.798790 1000.379368 0.241279 0.560025 0.792563 -0.065728 0.824247 -0.562403 -0.968227 0.083603 0.235683
15.777796 -16.050079 -2025.949933 853.433609 0.865954 0.486048 -0.117820 -0.015322 -0.209686 -0.977649 0.499889 -0.848404 0.174131
18.538144 -20.856511 -1618.120566 -132.244899 0.792487 0.544847 -0.274053 -0.118409 -0.303348 -0.945494 0.598284 -0.781743 0.175885
11.804621 -14.396373 -1473.202814 -413.041257 0.823907 0.427944 -0.371539 -0.231056 -0.344976 -0.909728 0.517484 -0.835378 0.185349
1.535893 -25.020078 -235.680447 139.434480 0.986736 0.093536 0.132676 -0.035486 0.921828 -0.385972 0.158406 -0.376145 -0.912920
0.408514 -26.948366 -80.557818 318.332182 0.983511 0.133998 0.121449 -0.058176 0.870287 -0.489097 0.171233 -0.473967 -0.863733
0.924280 -26.156671 10.536145 550.061420 0.981621 0.125543 0.143737 -0.039444 0.870366 -0.490823 0.186723 -0.476133 -0.859321
9.799961 -13.128816 2659.517964 444.591852 0.131406 0.907310 0.399400 0.545003 0.270423 -0.793626 0.828072 -0.321962 0.458952
43.153564 -12.754707 9903.313557 501.509627 0.355657 0.934447 0.017792 0.431500 -0.147286 -0.890008 0.829045 -0.324214 0.455598
4.066646 -16.732886 1711.728113 589.597643 0.138110 0.871884 0.469835 0.625465 0.291037 -0.723942 0.767932 -0.393848 0.505138
-16.986822 -461.822545 1147.210655 -63181.844587 -0.284325 0.482569 -0.828424 -0.345035 0.754684 0.558035 0.894489 0.444499 -0.048073
-39.745328 -407.398361 1726.276679 -56176.491960 -0.255614 0.435158 -0.863307 -0.498753 0.705613 0.503345 0.828195 0.559239 0.036672
-16.950898 -24.603252 1526.515943 -1308.943651 0.491001 0.821711 -0.289325 0.752075 -0.232210 0.616816 0.439660 -0.520451 -0.732004
-13.940345 -18.999121 1772.989343 -1434.211824 0.449388 0.805968 -0.385313 0.826371 -0.211198 0.522022 0.339356 -0.553002 -0.760938
-12.295263 -20.787155 -1031.185952 1587.749853 0.925791 0.377980 -0.006452 -0.272711 0.655943 -0.703824 0.261799 -0.653353 -0.710345
-15.536726 -29.814892 -745.020627 1381.322552 0.936092 0.351503 -0.013302 -0.213589 0.537950 -0.815469 0.279484 -0.766195 -0.578648
13.197154 -26.666644 -236.225642 259.491299 0.232589 0.937828 -0.257643 -0.772982 0.339025 0.536246 -0.590255 -0.074429 -0.803778
12.898544 -25.994089 213.023250 296.001098 0.254829 0.941104 -0.222228 -0.694885 0.338038 0.634717 -0.672456 0.007321 -0.740101
-3.769423 -19.992539 -10.498782 -436.191008 0.560318 0.760562 0.328007 0.802838 -0.596100 0.010750 0.203702 0.257313 -0.944614
3.866271 -43.638929 -974.402047 -85.845771 0.161685 0.967274 0.195549 0.675904 -0.252925 0.692230 -0.719035 -0.020249 0.694679
9.313333 -43.176359 -1551.750459 1128.900129 0.118232 0.977686 0.173643 0.636214 -0.208848 0.742707 -0.762399 -0.022662 0.646710
7.704858 -43.530819 -1310.317862 -365.868872 0.128275 0.975373 0.179424 0.759920 -0.212917 0.614156 -0.637234 -0.057567 0.768517
2.573717 -43.187793 -685.199829 924.633447 0.174050 0.966579 0.188233 0.537913 -0.253433 0.804003 -0.824837 0.038684 0.564045
2.581828 -51.988095 -622.350687 -1153.761925 0.177203 0.963338 0.201442 0.784366 -0.261866 0.562313 -0.594448 -0.058361 0.802013
-1.267184 -48.184254 -456.942515 -8.426194 0.193552 0.957436 0.214136 0.606993 -0.288337 0.740554 -0.770777 0.013356 0.636965
7.452312 -53.342181 -191.926471 1365.466413 0.249072 0.959529 0.131408 0.602388 -0.047243 -0.796804 0.758348 -0.277620 0.589775
7.640499 -47.804865 -110.803045 251.786748 0.195763 0.967721 0.158725 0.484467 0.045289 -0.873636 0.852624 -0.247923 0.459963
8.589125 -48.242847 -514.926101 157.457400 0.260834 0.950570 0.168468 0.419526 0.045559 -0.906599 0.869462 -0.307149 0.386906
8.395205 -54.350161 -470.411329 802.628756 0.274323 0.945991 0.172768 0.639441 -0.045257 -0.767507 0.718236 -0.321020 0.617320
-4.960120 -26.707962 -254.759937 63.100903 0.664215 0.746917 0.030560 -0.448781 0.365729 0.815376 -0.597841 0.555300 -0.578125
-3.856247 -27.162386 -90.480624 -503.293486 0.702585 0.709392 -0.056013 -0.336269 0.400350 0.852434 -0.627135 0.580071 -0.519826
-5.996890 -23.950191 221.708819 -79.763976 0.709640 0.700589 -0.074744 -0.360581 0.452270 0.815741 -0.605303 0.551931 -0.573568
3.503879 -77.789858 203.942200 -905.110694 0.387661 0.915800 0.105024 0.272206 -0.004877 -0.962227 0.880695 -0.401606 0.251177
-1.130682 -66.774306 206.740020 -158.428570 0.611917 0.764227 0.203751 -0.313155 -0.002457 0.949699 -0.726286 0.644942 -0.237818
0.005186 -72.225302 39.237333 591.180327 0.594687 0.786154 0.168254 -0.028755 -0.188349 0.981681 -0.803443 0.588631 0.089403
-4.671121 -129.803897 -369.620214 -464.042497 0.309560 0.862080 0.401237 0.468035 -0.505449 0.724889 -0.827717 0.036604 0.559950
-4.976728 -111.409615 -307.094094 3815.499970 0.309754 0.872590 0.377676 0.715108 -0.475582 0.512291 -0.626636 -0.111395 0.771310
-5.525940 -135.538803 -410.860208 10515.171013 0.319544 0.887707 0.331463 0.829876 -0.431020 0.354300 -0.457382 -0.161859 0.874416
-0.013029 -98.228847 459.172082 -9858.817399 -0.496913 -0.798169 -0.340594 0.790503 -0.254407 -0.557119 0.358026 -0.546081 0.757373
4.440898 -65.402909 63.220338 -5311.170988 -0.514047 -0.803722 -0.299644 0.843520 -0.410270 -0.346630 0.155659 -0.430940 0.888854
1.676368 -96.017049 62.934780 -10495.558250 -0.525086 -0.799295 -0.292255 0.796965 -0.341347 -0.498325 0.298548 -0.494581 0.816247
-1.414830 -6.179288 98.549089 241.152624 0.085498 0.951834 -0.294454 0.164439 0.278002 0.946401 -0.982675 0.129335 0.132750
-1.950014 -6.054326 -115.038240 94.023396 0.037852 0.878082 -0.477011 0.198225 0.461269 0.864834 -0.979425 0.127291 0.156598
-1.964860 -7.389303 -231.983000 269.594800 0.074278 0.950834 -0.300663 0.159474 0.286290 0.944778 -0.984404 0.118124 0.130368
-1.249675 -8.900659 -27.679613 413.623367 0.091886 0.976463 -0.195133 0.106093 0.185247 0.976948 -0.990102 0.110470 0.086574
784.541632 -5369.988408 244112.138488 -4661144.238539 -0.029937 -0.119952 -0.992328 0.707105 0.699142 -0.105844 0.706474 -0.704849 0.063888
32514.761749 872.135770 4758901.589405 -62819.221122 0.301497 0.785953 -0.539794 -0.816922 0.504873 0.278823 -0.491669 -0.356905 -0.794280
106.513979 -1607.704615 -49728.822737 446525.409702 -0.742788 0.573863 -0.344887 0.509971 0.818703 0.263920 0.433814 0.020155 -0.900777
261.110677 -793.200888 34325.280277 194340.944890 0.712819 -0.646253 -0.272482 0.672412 0.519277 0.527460 0.199379 0.559203 -0.804699
-15.901025 -79.717840 -63.971406 10283.216040 0.705968 0.277937 -0.651429 0.144161 0.844134 0.516387 0.693416 -0.458464 0.555864
-8.755184 -74.047989 498.197246 8215.433820 0.723227 0.474256 -0.502020 0.020745 0.711675 0.702202 0.690298 -0.518267 0.504864
-9.638047 -52.682290 -98.664231 4710.954304 0.718006 0.633473 -0.288408 -0.332672 0.676292 0.657236 0.611389 -0.375954 0.696320
-23.106892 -43.598907 899.903069 473.878162 0.801158 0.516708 -0.301925 -0.460752 0.854519 0.239800 0.381907 -0.053005 0.922679
-24.059201 -33.950119 214.484553 519.824407 -0.128758 -0.656336 0.743401 0.332195 0.677783 0.655940 -0.934381 0.331412 0.130762
-6.052567 -30.390934 5678.333548 -368.568290 -0.077026 0.806039 -0.586829 0.204000 -0.563385 -0.800613 0.975936 0.181381 0.121037
-7.191514 -8.565399 -822.807273 -302.871272 0.247741 -0.055462 0.967237 0.268893 0.963073 -0.013649 -0.930763 0.263465 0.253507
-3.884803 -10.734591 -731.705890 -410.958723 0.250038 0.026284 0.967879 0.303368 0.947171 -0.104093 -0.919483 0.319651 0.228855
-9.577831 -12.211847 -1065.265090 -375.237684 0.309125 0.131822 0.941841 0.313266 0.920962 -0.231718 -0.897945 0.366677 0.243397
0.389652 -27.781551 -1511.210135 405.974623 -0.607825 -0.789272 -0.087164 0.723176 -0.504877 -0.471292 0.327971 -0.349498 0.877660
8.605478 -26.093552 2637.947870 446.235968 0.585458 0.808204 0.063596 0.661176 -0.430610 -0.614346 0.469133 -0.401722 0.786469
8.212972 -27.449964 1288.459422 768.711321 0.670340 0.739483 0.061716 0.637462 -0.531288 -0.558010 0.379850 -0.413398 0.827536
7.215946 -163.724488 679.517266 15568.613197 0.801929 0.464857 -0.375258 -0.283932 -0.256098 -0.924011 0.525636 -0.847539 0.073385
-11.538124 -23.979668 887.680255 18.797001 0.949262 -0.135395 0.283848 0.289502 0.728773 -0.620547 0.122841 -0.671237 -0.730994
20.396662 -15.863186 -286.912779 -817.206244 0.750880 0.249975 -0.611303 -0.335091 0.941814 -0.026473 0.569117 0.224720 0.790953
5.537775 -89.933975 58.070310 -765.763286 0.057697 0.005408 0.998319 0.997034 -0.051336 -0.057345 0.050940 0.998667 -0.008354
6.839486 -85.775486 476.349086 -4023.199204 0.070703 -0.032371 0.996972 0.910466 0.410397 -0.051243 -0.407496 0.911332 0.058489
6.530909 -77.861700 -5.738720 -2867.041122 0.022698 0.021341 0.999515 0.984357 0.174245 -0.026074 -0.174717 0.984471 -0.017052
4.379664 -92.263277 589.150689 -2945.475439 0.073395 -0.061462 0.995407 0.996095 0.053617 -0.070136 -0.049060 0.996668 0.065157
4.713160 -83.094150 -96.795755 1031.697523 0.032623 0.011762 0.999399 0.973852 -0.225307 -0.029137 0.224829 0.974217 -0.018805
3.870227 -100.251433 -154.949947 894.609638 0.059586 0.009606 0.998177 0.918985 -0.390969 -0.051096 0.389765 0.920354 -0.032124
4.540041 -44.503022 550.141806 1642.270959 0.375079 0.301905 0.876453 -0.399930 0.905664 -0.140817 -0.836285 -0.297702 0.460436
-34.719960 -70.076220 -5747.792740 4883.367800 0.738674 0.456346 -0.496093 -0.313053 -0.419532 -0.852051 0.596957 -0.784691 0.167037
-69.247191 -85.149046 -7250.993087 -7832.903761 0.539193 0.220838 -0.812712 0.482870 0.709572 0.513171 0.690006 -0.669132 0.275961
-38.153938 -68.882464 -5538.746465 -2099.688626 0.711286 0.391909 -0.583506 0.149755 0.726586 0.670557 0.686765 -0.564341 0.458120
-12.822500 -76.209535 -2474.156439 6719.859770 0.732130 0.438766 -0.521028 -0.218738 -0.572956 -0.789858 0.645089 -0.692247 0.323503
-24.060911 -436.975161 874.650548 -60207.336541 -0.312993 0.384899 -0.868267 -0.473413 0.729307 0.493955 0.823356 0.565654 -0.046051
