18509
37003
-45.127142 -65.951954 344.402881 7762.370482 0.024717 0.993216 -0.113628 0.989896 -0.040191 -0.135979 0.139624 0.109118 0.984174
-41.086095 -65.067139 -754.093191 3161.250083 -0.300788 -0.931607 0.204047 0.951280 -0.308283 -0.005220 0.067768 0.192536 0.978947
-51.013651 -75.768742 -934.478554 6429.044869 0.160559 -0.975987 0.147206 0.986977 0.160244 -0.014075 -0.009852 0.147549 0.989006
-34.876039 -56.056738 281.476072 4078.696440 0.526114 0.816205 -0.238777 0.828089 -0.555607 -0.074631 0.193580 0.158464 0.968202
-42.544749 -95.888065 -2709.730770 19309.075597 -0.400748 0.915838 -0.025338 0.912012 0.396131 -0.106365 0.087376 0.065734 0.994004
-36.767530 -65.080682 -3606.312174 12613.420934 -0.098586 0.994935 -0.019648 0.969261 0.091532 -0.228376 0.225421 0.041558 0.973375
-29.530618 -50.195383 -789.063944 7542.979554 0.382709 0.909135 -0.164340 0.883832 -0.412084 -0.221423 0.269025 0.060509 0.961231
49.019451 -60.186683 -2688.365509 -11447.860841 0.286180 0.958112 0.011042 0.169089 -0.039156 -0.984823 0.943138 -0.283703 0.173211
53.559482 -79.316262 -3300.417349 -11484.876971 0.288030 0.957606 -0.005498 0.007451 -0.007982 -0.999940 0.957592 -0.287972 0.009434
43.683371 -64.613185 -8957.921399 -11636.282122 0.418596 0.908033 -0.015910 0.121929 -0.073551 -0.989810 0.899951 -0.412390 0.141504
38.513530 -51.589908 -6194.253026 -6048.409766 0.388598 0.921225 -0.018349 0.211032 -0.108368 -0.971453 0.896915 -0.373632 0.236519
-7.072144 -11.415429 -9531.619446 -7799.637137 0.706644 0.643784 -0.293591 -0.501127 0.748286 0.434672 0.499525 -0.160032 0.851390
-4.949118 -26.581700 -1151.995732 -19563.525490 -0.400686 0.853954 0.331983 0.800655 0.502508 -0.326246 0.445423 -0.135082 0.885071
-10.241781 -31.710265 -8240.021103 -12003.409132 -0.226675 0.926515 0.300313 0.831999 0.344501 -0.434853 0.506357 -0.151290 0.848949
-14.716882 -19.337934 -7847.322784 2241.829604 0.320645 0.946884 -0.024463 0.822313 -0.291093 -0.488944 0.470094 -0.136661 0.871972
-22.997829 -35.302160 -9074.834573 -9303.713542 -0.351454 0.879470 0.320957 0.786696 0.463283 -0.408018 0.507533 -0.109096 0.854698
-63.267412 -89.405501 201.373232 -2805.591804 0.892104 -0.232421 0.387468 0.103831 0.940056 0.324830 -0.439739 -0.249551 0.862760
-64.104097 -91.321354 857.335492 -3183.792557 0.845794 -0.212322 0.489440 0.070121 0.953680 0.292538 -0.528881 -0.213107 0.821505
-62.957246 -82.054107 22.114610 -6871.345347 0.847928 -0.275669 0.452796 0.040573 0.885396 0.463063 -0.528556 -0.374272 0.761938
-57.185461 -66.195910 -4100.567766 -8418.339678 0.650539 0.191748 0.734869 -0.457867 0.871008 0.178054 -0.605935 -0.452303 0.654420
-55.791221 -59.600395 9831.582205 -4330.208531 0.466478 -0.833266 -0.296761 0.733205 0.176591 0.656678 -0.494782 -0.523912 0.693330
-60.169149 -78.372402 832.321872 6052.061481 0.889089 -0.381085 0.253566 -0.202033 -0.823788 -0.529675 -0.410736 -0.419699 0.809412
49.774291 -64.461526 4988.082478 5676.018901 0.269452 0.615322 0.740793 0.631209 0.468114 -0.618421 0.727304 -0.634230 0.262262
38.062180 -57.769877 -5528.410435 4761.266205 -0.229293 -0.510487 -0.828751 0.608017 0.589765 -0.531501 0.760092 -0.625764 0.175156
63.840798 -71.307987 -9562.415501 8488.094295 -0.202273 -0.432120 -0.878839 0.716706 0.546239 -0.433539 0.667397 -0.717562 0.199213
78.685459 -76.649070 -17638.685553 7557.920337 -0.232005 -0.600304 -0.765382 0.740688 0.401016 -0.539044 0.630520 -0.691969 0.351600
53.906834 -70.237719 6927.999714 5931.045184 0.305047 0.709352 0.635425 0.632022 0.348321 -0.692258 0.712387 -0.612774 0.342072
-7.432647 -43.346544 4936.484799 798.743544 -0.261931 0.943098 -0.204835 0.831074 0.112522 -0.544660 0.490620 0.312896 0.813258
0.169246 -44.476054 6076.346111 -889.247179 -0.263288 0.941188 -0.211766 0.799304 0.089912 -0.594163 0.540179 0.325702 0.775967
7.109688 -43.499330 7014.979133 -94.758638 -0.257547 0.940770 -0.220502 0.837531 0.103539 -0.536489 0.481882 0.322849 0.814591
-0.960347 -42.602035 6497.299521 254.473903 -0.269767 0.936908 -0.222325 0.866905 0.135798 -0.479619 0.419168 0.322120 0.848845
49.351619 -42.123025 11055.080148 3895.838603 0.321519 0.928927 0.183630 -0.558533 0.342647 -0.755403 0.764635 -0.140313 -0.629004
36.399721 -40.791123 12557.336382 3912.319533 0.300548 0.923397 0.238766 -0.578797 0.375554 -0.723846 0.758067 -0.079354 -0.647331
60.079776 -38.611467 17521.662168 5712.872240 0.305292 0.937201 0.168674 -0.634350 0.332262 -0.697998 0.710209 -0.106095 -0.695951
26.780120 -45.997184 6037.864831 844.545953 0.307148 0.920883 0.240072 -0.457412 0.364070 -0.811312 0.834527 -0.139381 -0.533046
68.941582 -42.527323 13192.621111 4015.077470 0.348872 0.934988 0.063925 -0.597066 0.274323 -0.753830 0.722358 -0.224822 -0.653953
44.478139 -47.822430 8282.838521 -1752.524185 0.331706 0.937188 0.107929 -0.451340 0.258119 -0.854205 0.828410 -0.234633 -0.508610
1.214267 -48.186282 -392.506090 -217.542844 -0.000019 0.999982 0.006021 -0.842340 -0.003261 0.538937 -0.538947 0.005062 -0.842324
2.272383 -49.704492 -494.088451 -326.167613 -0.006723 0.999926 0.010170 -0.807781 -0.011426 0.589372 -0.589445 0.004253 -0.807798
1.335903 -49.202775 545.584728 -840.778840 -0.007314 0.999678 0.024306 -0.783305 -0.020837 0.621288 -0.621595 0.014495 -0.783205
2.941663 -48.671315 -969.949630 73.111101 0.005361 0.999972 -0.005140 -0.870436 0.007197 0.492229 -0.492252 -0.001835 -0.870451
1.869111 -47.219885 -402.224517 -424.210792 0.023197 0.999710 -0.006455 -0.889359 0.023585 0.456601 -0.456621 0.004851 -0.889648
0.670600 -45.625495 -79.730088 -719.972304 0.035666 0.999357 -0.003677 -0.903559 0.033819 0.427127 -0.426977 0.011911 -0.904184
19.597910 -75.876600 3727.681013 -1676.262340 -0.091448 0.989323 0.113476 0.664519 0.145497 -0.732970 0.741654 -0.008378 0.670730
21.744081 -84.188164 5948.242432 -14902.421838 -0.083439 0.991973 0.095018 0.604407 0.126187 -0.786619 0.792294 0.008205 0.610084
25.524915 -71.763129 1466.083150 -2884.460804 -0.023053 0.986597 0.161538 0.622288 0.140623 -0.770053 0.782448 -0.082771 0.617190
20.312211 -78.513790 313.807154 11766.062056 -0.045723 0.984386 0.169982 0.685829 0.154654 -0.711140 0.726325 -0.084063 0.682192
23.189845 -70.108132 -2489.227303 12220.341878 0.041139 0.978949 0.199917 0.638369 0.128170 -0.758985 0.768631 -0.158844 0.619658
24.414714 -70.544493 -2928.764737 628.051082 0.113174 0.973615 0.198153 0.613647 0.088357 -0.784621 0.781428 -0.210395 0.587456
27.822454 -80.424128 -1720.703586 -10642.093110 0.075674 0.984180 0.160194 0.542449 0.094170 -0.834794 0.836674 -0.150070 0.526741
1.299243 -141.542763 -884.561647 9708.698064 0.023482 0.966747 0.254653 0.812603 -0.166835 0.558429 -0.582344 -0.193819 0.789499
4.209195 -149.662194 -481.066108 857.531829 0.004478 0.973184 0.229983 0.579152 -0.190012 0.792767 -0.815208 -0.129645 0.564472
2.948415 -148.138259 1167.864252 2254.010020 0.045511 0.969830 0.239497 0.721166 -0.197797 0.663925 -0.691266 -0.142501 0.708410
1.375887 -124.468675 -1008.655407 11454.568851 0.064939 0.959313 0.274775 0.945086 -0.147509 0.291638 -0.320304 -0.240748 0.916213
0.315574 -121.313565 -1409.714627 12120.624372 0.034691 0.963146 0.266734 0.925191 -0.131874 0.355852 -0.377913 -0.234435 0.895669
14.615428 -75.623852 -3153.125168 -5594.574283 0.188747 0.964379 0.185334 0.456903 0.080816 -0.885838 0.869261 -0.251879 0.425374
8.149782 -73.888888 -2559.019387 -6351.604636 0.213871 0.957467 0.193690 0.401169 0.094699 -0.911096 0.890686 -0.272559 0.363853
7.904762 -72.069930 -961.595666 -4359.521267 0.206247 0.958462 0.197008 0.486620 0.074206 -0.870456 0.848919 -0.275397 0.451102
9.232773 -73.457437 -3650.502225 -540.778489 0.218334 0.956147 0.195227 0.566722 0.038632 -0.823003 0.794453 -0.290329 0.533435
6.396101 -70.225249 -1120.884812 2207.121435 0.207781 0.954006 0.216101 0.574533 0.059774 -0.816296 0.791668 -0.293768 0.535688
-10.765987 -39.058476 -124.497297 4158.652646 -0.270819 -0.948565 -0.163956 0.950770 -0.236920 -0.199761 0.150642 -0.209984 0.966030
-8.937325 -37.923217 324.614530 2313.743531 -0.303838 -0.935080 -0.182506 0.948921 -0.279923 -0.145573 0.085035 -0.217414 0.972368
-9.528654 -38.111231 222.765485 4003.614865 -0.278533 -0.942709 -0.183625 0.944736 -0.234510 -0.229085 0.172898 -0.237285 0.955930
-11.030706 -43.185057 351.093334 -1645.001652 -0.244311 -0.954850 -0.169037 0.952458 -0.203570 -0.226678 0.182032 -0.216381 0.959189
-0.022794 -38.756911 77.340265 -2507.599741 -0.644114 0.552294 -0.529234 0.157754 0.772911 0.614591 0.748486 0.312377 -0.584969
-0.953574 -41.187282 882.967855 -2591.494073 -0.650398 0.573362 -0.498235 0.125608 0.728076 0.673890 0.749136 0.375714 -0.545558
-1.536332 -45.378569 -1087.882955 -1440.954648 -0.620578 0.610034 -0.492688 0.116277 0.692957 0.711541 0.775476 0.384279 -0.500966
-1.743207 -48.207442 -664.778264 -2424.705845 -0.623456 0.626943 -0.467167 0.087060 0.649460 0.755396 0.776996 0.430285 -0.459492
-1.941087 -43.512276 -729.631556 -1112.665990 -0.624540 0.592782 -0.508487 0.146556 0.728465 0.669223 0.767119 0.343435 -0.541831
-0.914559 -50.544622 -1659.828360 -1900.348773 -0.611598 0.629777 -0.478883 0.048827 0.634177 0.771645 0.789660 0.448554 -0.418611
-8.074172 -26.195433 -423.301048 2013.878456 -0.262587 0.960421 0.092951 -0.627801 -0.243207 0.739403 -0.732744 -0.135803 -0.666816
-8.603470 -30.625671 376.504150 2380.645834 -0.200476 0.977077 0.071617 -0.651148 -0.187507 0.735424 -0.731995 -0.100802 -0.673812
-9.717558 -32.524362 -408.706791 8954.855057 -0.279520 0.953360 0.113898 -0.639627 -0.273366 0.718435 -0.716063 -0.127965 -0.686206
-9.022603 -32.615055 -1366.024092 4638.164382 -0.256345 0.964987 0.055562 -0.645682 -0.213732 0.733085 -0.719293 -0.152047 -0.677864
5.917724 -31.663836 2325.246985 451.103719 0.118864 0.992810 -0.014157 0.756442 -0.099782 -0.646404 0.643169 -0.066125 0.762864
8.768074 -33.048652 3340.853345 808.723411 0.120388 0.992459 -0.023046 0.789631 -0.109802 -0.603677 0.601655 -0.054477 0.796896
4.572463 -33.414576 3078.873173 1405.581501 0.114238 0.992958 -0.031376 0.795318 -0.110335 -0.596067 0.595331 -0.043140 0.802321
-0.550695 -32.776278 2375.505812 1458.053158 0.117783 0.992661 -0.027424 0.768430 -0.108600 -0.630651 0.629001 -0.053206 0.775582
2.384458 -95.949650 -719.411159 -2966.897430 0.208989 0.977162 0.038450 -0.525334 0.145345 -0.838391 0.824832 -0.155015 -0.543712
0.285631 -92.152328 -859.244508 -86.554106 0.223179 0.973195 0.055525 -0.385950 0.140528 -0.911753 0.895116 -0.182054 -0.406968
1.480100 -96.862703 -1628.612400 -411.916794 0.236535 0.968625 0.076273 -0.337263 0.155470 -0.928484 0.911211 -0.193895 -0.363455
0.086639 -100.962399 -1546.067575 2973.082352 0.248012 0.960950 0.122744 -0.147150 0.162601 -0.975658 0.957516 -0.223913 -0.181730
1.674372 -105.733412 -1230.368385 1889.862449 0.246607 0.962729 0.111079 -0.243312 0.172454 -0.954494 0.938075 -0.208358 -0.276772
3.370261 -103.958303 -1338.098643 -2447.152588 0.226389 0.972670 0.051589 -0.451381 0.151698 -0.879342 0.863136 -0.175787 -0.473387
17.583921 -38.806611 916.770849 -4872.341266 0.014290 0.993714 -0.111031 0.849974 0.046412 0.524776 -0.526630 0.101873 0.843968
24.842585 -32.498860 -2032.944870 -2639.644503 -0.101993 0.987303 -0.121777 0.825207 0.152334 0.543901 -0.555546 0.045017 0.830266
23.646061 -36.268375 3618.008489 -2998.576749 0.038543 0.989069 -0.142327 0.828085 0.048104 0.558535 -0.559276 0.139386 0.817179
18.315232 -34.217422 -3327.021962 -3651.697322 -0.148603 0.984030 -0.097989 0.837871 0.177920 0.516058 -0.525251 0.005414 0.850930
14.108400 -44.787398 4525.508688 -5380.449801 0.156272 0.981951 -0.106544 0.842177 -0.076109 0.533803 -0.516059 0.173148 0.838870
-0.903160 -163.278835 -535.553002 20752.869676 -0.325498 -0.127174 0.936951 -0.318308 0.947815 0.018068 -0.890355 -0.292358 -0.348992
-0.960207 -133.117728 -828.237445 14618.780282 -0.336011 -0.114403 0.934884 -0.084180 0.992271 0.091170 -0.938089 -0.048064 -0.343045
1.560358 -153.138109 -1137.974600 18719.370632 -0.328327 -0.132705 0.935195 -0.260346 0.964445 0.045454 -0.907976 -0.228551 -0.351203
-0.769867 -179.727970 -1021.480947 18858.871990 -0.316700 -0.142848 0.937708 -0.506360 0.861404 -0.039793 -0.802060 -0.487420 -0.345139
-2.793866 -203.249343 -875.071200 23311.960011 -0.321152 -0.133242 0.937607 -0.584431 0.806925 -0.085510 -0.745185 -0.575429 -0.337017
-31.250550 -43.805115 4455.221162 1730.875392 -0.197053 0.969618 -0.144954 0.654687 0.020086 -0.755633 0.729763 0.243799 0.638754
-31.067117 -43.343841 4729.352490 907.885138 -0.179438 0.970006 -0.163981 0.723842 0.017298 -0.689749 0.666224 0.242463 0.705235
-35.344107 -42.945072 1917.883128 1605.922354 -0.064001 0.984755 -0.161745 0.697187 -0.071844 -0.713280 0.714026 0.158417 0.681961
-24.991113 -43.897254 5450.951875 1225.476241 -0.247749 0.955194 -0.161940 0.684363 0.054230 -0.727122 0.685760 0.290970 0.667135
-36.434345 -41.701897 3170.583559 687.896938 -0.224399 0.974379 -0.015198 0.611712 0.128703 -0.780541 0.758586 0.184450 0.624920
-19.792477 -43.933040 5186.083217 1054.929365 -0.270588 0.949426 -0.159289 0.632447 0.050568 -0.772951 0.725805 0.309893 0.614145
21.061305 -52.775031 -3505.599239 4479.886685 0.789816 0.165151 0.590691 0.229512 0.813519 -0.534332 -0.568784 0.557595 0.604626
13.284973 -46.398031 -4265.463738 -1085.539860 0.792324 0.187596 0.580543 -0.257096 -0.760276 0.596559 -0.553285 0.621923 0.554155
24.384754 -54.615932 -3399.777761 -4713.256833 0.825515 0.237433 0.512006 -0.161311 -0.770093 0.617200 -0.540836 0.592100 0.597422
30.322621 -59.273281 -364.287804 5363.541465 0.820566 0.188595 0.539540 0.140508 0.848459 -0.510270 -0.554012 0.494519 0.669717
23.978111 -52.856493 3109.278127 -4734.838627 0.873300 0.238508 0.424806 -0.102987 -0.761882 0.639476 -0.476172 0.602204 0.640789
-85.520772 -1150.318557 7728.492067 470865.872536 0.887121 0.182152 -0.424073 0.454298 -0.182515 0.871953 -0.081429 0.966183 0.244664
-26.349130 -1270.561675 -9320.705709 272764.401711 0.974340 -0.022664 0.223936 -0.156067 -0.784931 0.599605 -0.162185 0.619168 0.768327
11.904311 -291.547951 -17289.917008 -56500.470398 0.752569 -0.108582 0.649500 -0.616133 -0.464223 0.636300 -0.232422 0.879038 0.416261
461.502825 -598.851028 -306111.428083 243866.814510 0.681842 -0.187711 0.707005 0.727180 0.278809 -0.627275 -0.079373 0.941823 0.326604
-41.845631 -174.974360 7625.086101 57542.889264 0.973067 0.088159 -0.213000 0.227693 -0.223214 0.947803 -0.036013 0.970775 0.237275
241.869996 -449.762522 -146604.774297 182101.910958 0.464662 -0.150882 0.872539 0.815900 0.455855 -0.355672 -0.344087 0.877172 0.334923
282.026705 -2257.732478 69343.233570 2020376.675592 0.670656 0.270318 -0.690760 -0.152015 0.961555 0.228698 0.726025 -0.048372 0.685965
46.359815 -587.649557 -13552.245106 114548.014059 -0.460385 -0.461347 0.758423 0.812921 -0.562353 0.151390 0.356658 0.686235 0.633937
112.402898 -1980.310937 38526.122944 -126098.547614 0.633496 0.276548 -0.722637 -0.000056 0.933962 0.357372 0.773746 -0.226353 0.591677
40.709540 -198.378331 3471.815890 63130.589594 -0.148558 -0.680444 0.717584 0.934334 -0.334293 -0.123561 0.323959 0.652107 0.685424
29.260283 -36.446388 1158.764261 2335.067953 0.428528 0.892455 0.141027 -0.112078 0.207384 -0.971818 0.896550 -0.400645 -0.188894
28.095869 -40.272599 -3836.523048 3360.313361 0.510674 0.850437 0.126367 -0.078678 0.192584 -0.978121 0.856167 -0.489559 -0.165258
30.116613 -41.934464 337.818388 3528.079507 0.442833 0.887742 0.125752 -0.053914 0.166365 -0.984589 0.894982 -0.429229 -0.121534
25.573190 -46.186577 -3300.974218 2301.396140 0.506598 0.853562 0.121614 0.017293 0.130965 -0.991236 0.862009 -0.504261 -0.051586
27.706098 -45.429360 1970.276481 2327.153302 0.400733 0.907216 0.127954 0.024617 0.128946 -0.991346 0.915864 -0.400415 -0.029340
-1.508722 -95.621040 -177.337063 5676.749118 0.253873 0.491919 -0.832805 0.449839 0.702182 0.551892 0.856267 -0.514739 -0.043020
-1.691610 -115.054242 449.468158 12047.832816 0.243216 0.495226 -0.834025 0.607015 0.592950 0.529097 0.756557 -0.634950 -0.156395
-1.599414 -92.714837 855.082084 6893.711870 0.236850 0.503500 -0.830897 0.469912 0.689170 0.551568 0.850344 -0.521088 -0.073371
-0.996496 -84.064013 175.151210 3175.007075 0.258408 0.518883 -0.814853 0.321730 0.749123 0.579055 0.910887 -0.411795 0.026639
-3.453729 -71.319907 -967.194340 1706.500472 0.253223 0.518027 -0.817023 0.358402 0.734216 0.576606 0.898569 -0.438833 0.000258
-4.388998 -72.429681 -1069.700332 -917.138677 0.266545 0.542465 -0.796672 0.228089 0.767594 0.598978 0.936445 -0.341366 0.080868
-2.359421 -75.567077 -663.006046 2185.745806 0.258931 0.524948 -0.810793 0.355547 0.728681 0.585330 0.898076 -0.439835 0.002034
-2.088008 -48.004339 -2877.443646 -613.747903 0.496628 0.750667 -0.435728 -0.029469 -0.487140 -0.872827 0.867463 -0.446311 0.219806
-7.623465 -44.292548 -2687.097165 -3718.019829 0.496841 0.747066 -0.441634 0.102153 -0.555694 -0.825087 0.861808 -0.364823 0.352407
0.497676 -46.490294 -981.605783 -2938.149539 0.486255 0.784080 -0.385713 0.084659 -0.481608 -0.872288 0.869706 -0.391501 0.300563
-12.820399 -46.748109 -5517.567147 -2143.046511 0.504159 0.710918 -0.490325 -0.006817 -0.564469 -0.825426 0.863584 -0.419489 0.279736
6.676796 -50.654280 -610.242765 1833.799277 0.486822 0.801988 -0.346150 -0.031259 -0.380030 -0.924446 0.872942 -0.460861 0.159938
5.967910 -50.561749 -4051.855778 2965.128951 0.517161 0.755588 -0.402033 -0.127814 -0.396279 -0.909190 0.846291 -0.521583 0.108365
-3.923721 -51.546216 -7748.112155 44.909897 0.523902 0.712697 -0.466465 -0.129276 -0.474762 -0.870568 0.841911 -0.516395 0.156595
5.962613 -27.013447 2379.647953 1382.878905 -0.326654 0.945139 -0.002992 -0.146982 -0.053926 -0.987668 0.933645 0.322186 -0.156534
2.555754 -29.070060 3410.234527 1361.127906 -0.341743 0.939130 -0.035303 -0.111037 -0.077650 -0.990778 0.933211 0.334671 -0.130814
-0.080175 -25.891802 2318.733882 1017.980673 -0.331828 0.943222 -0.014899 -0.166662 -0.074163 -0.983221 0.928501 0.323777 -0.181809
-3.642980 -28.055777 3263.040040 1093.822338 -0.333523 0.942607 -0.015948 -0.126219 -0.061412 -0.990100 0.934254 0.328208 -0.139457
12.096101 -130.591320 -1586.873068 9448.162464 0.223532 0.973897 0.039466 -0.970938 0.226040 -0.078650 0.085518 0.020738 -0.996121
10.347280 -136.076786 -1546.591887 3439.566368 0.205599 0.978593 0.009197 -0.976425 0.204494 0.069115 -0.065755 0.023190 -0.997566
6.810414 -156.782069 -2001.965735 14710.409547 0.173948 0.984739 -0.005660 -0.966954 0.169713 -0.190255 0.186391 -0.038567 -0.981718
10.014120 -181.074402 -2642.051078 29496.128246 0.167017 0.985842 0.014835 -0.921523 0.161435 -0.353176 0.350571 -0.045315 -0.935439
5.225564 -189.663802 -1380.034996 22949.771382 0.164159 0.986368 0.011427 -0.869307 0.150133 -0.470920 0.466216 -0.067373 -0.882102
3.007771 -158.209937 218.508980 10554.173429 0.145956 0.989185 0.014500 -0.928602 0.142042 -0.342815 0.341167 -0.036571 -0.939291
13.653400 -178.498595 443.368123 -16649.487461 0.127421 0.976779 0.172243 -0.275664 -0.131941 0.952156 -0.952771 0.168805 -0.252451
11.666184 -216.912220 -179.304196 -3152.608131 0.147369 0.965676 0.213898 -0.054010 -0.208079 0.976620 -0.987606 0.155476 -0.021491
12.493551 -190.399343 299.385087 -372.010776 0.126642 0.965096 0.229240 0.055606 -0.237644 0.969759 -0.990389 0.110066 0.083761
-34.610807 -77.315181 19333.343886 -10479.027232 -0.569642 0.802549 0.177265 0.793624 0.481024 0.372528 0.213703 0.352890 -0.910933
-25.674811 -192.771410 20543.776092 -52168.566285 -0.404224 0.883878 0.235293 0.840686 0.257682 0.476284 0.360346 0.390333 -0.847225
-107.438160 -121.986341 -13610.691362 47183.911270 0.768267 0.468148 0.436581 -0.569672 0.811081 0.132745 0.291958 0.350692 -0.889818
-64.184960 -143.034073 -17139.383460 49367.432292 0.983179 -0.033168 0.179608 -0.024835 0.949962 0.311376 0.180949 0.310599 -0.933159
-171.823197 -338.707718 26593.614573 118066.084507 -0.797441 -0.313281 -0.515696 -0.385514 0.921998 0.036029 0.464184 0.227539 -0.856014
-101.849522 -309.793595 18282.812863 110138.042201 -0.935735 -0.171714 -0.308082 -0.225519 0.962887 0.148289 0.271185 0.208237 -0.939732
1.797392 -44.924146 304.864721 1539.316403 -0.026354 -0.946368 -0.322013 0.998116 -0.042764 0.043995 -0.055406 -0.320247 0.945712
-0.166132 -52.328321 1290.833769 4971.231516 -0.034491 -0.941582 -0.335014 0.991746 -0.073666 0.104940 -0.123489 -0.328629 0.936351
-0.090849 -53.375678 213.168031 4719.956131 0.003206 -0.947554 -0.319581 0.991433 -0.038718 0.124744 -0.130575 -0.317243 0.939312
2.070141 -45.462723 259.631217 1506.189506 -0.013482 -0.946917 -0.321197 0.997305 -0.035901 0.063977 -0.072112 -0.319469 0.944849
8.465815 -52.336528 840.862960 1827.011645 0.204309 0.941125 0.269336 0.209571 0.226709 -0.951148 0.956210 -0.250773 0.150914
8.597357 -51.878642 979.488880 192.545392 0.204943 0.946632 0.248768 0.118894 0.228204 -0.966327 0.971526 -0.227619 0.065780
9.864026 -51.393656 1924.094405 1361.146037 0.214359 0.941298 0.260783 0.153710 0.231154 -0.960698 0.964585 -0.246019 0.095137
-10.555786 -69.102368 -31194.844726 -7832.590069 -0.251904 0.965342 0.068253 0.449857 0.054360 0.891445 -0.856839 -0.255262 0.447959
-16.852374 -56.645881 -32630.750860 12189.096467 -0.271392 0.935412 0.226606 0.449761 -0.084899 0.889105 -0.850918 -0.343214 0.397671
61.822683 -72.333611 -59391.349785 -15967.262624 -0.433471 0.898274 0.072161 0.349905 0.093975 0.932060 -0.830464 -0.429270 0.355046
59.718080 -174.716697 -37723.024150 -64586.958304 -0.167555 0.976959 0.132195 0.296655 -0.077913 0.951801 -0.940171 -0.198695 0.276765
-16.016770 -49.158546 -23555.183259 -1356.003194 -0.583631 0.800892 -0.133968 0.122254 0.249766 0.960558 -0.802764 -0.544233 0.243683
-50.905757 -53.177814 -16100.949884 -1202.982562 -0.496426 0.858117 -0.131136 0.087161 0.199573 0.975999 -0.863692 -0.473081 0.173868
10.606222 -46.486208 -29612.727030 -93.665044 -0.585007 0.810134 0.038066 0.133564 0.049941 0.989781 -0.799954 -0.584114 0.137420
-24.248779 -50.389719 -19747.585381 1401.864040 -0.515952 0.825385 0.229201 0.165795 -0.166287 0.972039 -0.840420 -0.539526 0.051049
54.758734 -43.513019 -39617.052889 60.852773 -0.601501 0.798865 0.003393 0.169712 0.123631 0.977708 -0.780637 -0.588669 0.209941
40.449711 -44.954293 -36588.420124 677.546724 -0.597924 0.800149 0.047414 0.064965 -0.010582 0.997831 -0.798916 -0.599707 0.045655
90.958236 -42.044527 -42525.031761 -403.698652 -0.561978 0.827151 0.001741 0.097762 0.064331 0.993128 -0.821355 -0.558286 0.117016
254.608628 -104.395944 79177.724581 27750.775415 0.985157 0.170439 0.020379 0.142611 -0.746615 -0.649791 0.095534 -0.643053 0.759840
192.654124 -53.932891 64693.912838 15221.235105 0.966474 0.254918 0.030734 0.205215 -0.694946 -0.689157 0.154319 -0.672359 0.723960
1682.290439 -152.419915 780453.691523 -9868.438840 0.997988 0.022165 0.059409 0.056856 -0.727598 -0.683643 -0.028073 -0.685645 0.727394
1410.832356 -151.961510 508269.323635 9441.260589 0.981154 -0.125423 0.146992 -0.020842 -0.824966 -0.564798 -0.192102 -0.551090 0.812033
751.347630 -92.599110 274066.097913 21595.073312 0.901185 -0.206860 0.380887 0.143177 -0.687360 -0.712065 -0.409105 -0.696236 0.589821
-9.444011 -51.289154 -2257.573644 -2886.682044 0.834677 0.396070 -0.382679 -0.549286 0.548221 -0.630665 0.039995 -0.736602 -0.675143
-9.860732 -50.282190 -681.134509 -4043.766206 0.824818 0.405262 -0.394257 -0.561692 0.507611 -0.653325 0.064638 -0.760325 -0.646319
-10.341860 -54.405440 -1417.085173 4584.450638 0.827791 0.397938 -0.395484 -0.558769 0.648085 -0.517458 -0.050391 -0.649331 -0.758834
-10.732423 -55.304093 -462.694949 3301.550350 0.834616 0.414580 -0.362683 -0.550701 0.642354 -0.533020 -0.011991 -0.644597 -0.764429
-10.881306 -44.559345 -1166.349103 -150.025496 0.849697 0.521810 -0.075695 -0.523500 0.852020 -0.002961 0.062949 0.042142 0.997127
-12.861285 -45.296185 -481.852424 -526.899291 0.837367 0.535572 -0.109451 -0.540782 0.840853 -0.022802 0.079820 0.078283 0.993731
-9.712004 -46.057810 -920.512802 257.049412 0.853242 0.515088 -0.081623 0.521014 -0.848780 0.090098 0.022871 0.119402 0.992582
1.814620 -80.589549 1344.388544 9421.454736 0.838536 -0.491842 0.234413 -0.168532 -0.643279 -0.746853 -0.518127 -0.586757 0.622303
2.418226 -85.956305 44.434700 10471.094722 0.829381 -0.496029 0.257064 -0.191324 -0.684476 -0.703483 -0.524902 -0.534273 0.662594
2.340973 -96.256135 38.543443 -7564.973361 0.835770 -0.486224 0.255097 0.258919 0.758687 0.597792 -0.484199 -0.433568 0.759980
1.299706 -87.672688 -265.068458 7691.107843 0.824734 -0.511765 0.240648 -0.219017 -0.681368 -0.698405 -0.521389 -0.523292 0.674032
20.409374 -41.834158 -875.553800 3045.159657 0.403905 0.892879 0.199067 -0.423960 0.375529 -0.824157 0.810628 -0.248485 -0.530223
17.785108 -38.712399 427.717146 2327.920638 0.324551 0.937496 0.125572 -0.540939 0.292872 -0.788423 0.775920 -0.187957 -0.602180
16.403387 -32.358829 -2065.241722 2156.369020 0.407539 0.902962 0.136278 -0.490436 0.342307 -0.801435 0.770314 -0.259781 -0.582349
36.209413 -62.608239 5884.928248 3174.726069 0.211490 0.689740 -0.692481 0.464831 0.552270 0.692048 -0.859770 0.468248 0.203813
18.729734 -55.058816 907.086990 4773.108165 0.238806 0.718166 -0.653612 0.579123 0.434961 0.689511 -0.779479 0.543181 0.312035
30.520140 -56.300646 5610.795930 2967.108927 0.118788 0.647758 -0.752529 0.577984 0.571144 0.582862 -0.807356 0.504187 0.306549
-3.252520 -69.860159 860.713369 1570.583648 0.720554 0.678774 -0.141661 0.607349 -0.519251 0.601254 -0.334558 0.519274 0.786401
-4.490914 -68.971777 -1136.274923 1847.857935 0.712233 0.690175 -0.127994 0.606352 -0.513061 0.607541 -0.353641 0.510320 0.783908
-4.147400 -73.806714 436.077103 1890.623706 0.703118 0.694191 -0.154025 0.561101 -0.408593 0.719873 -0.436796 0.592580 0.676801
-3.660931 -72.934576 905.542309 634.741525 0.706070 0.692752 -0.146835 0.576865 -0.442412 0.686657 -0.410722 0.569532 0.711998
-1.341960 -34.613369 1566.502243 143.317730 0.717680 0.686162 0.118820 -0.696259 0.710127 0.104604 0.012603 0.157802 -0.987390
-1.863807 -35.420405 360.888765 1034.882229 0.788151 0.609817 0.083318 -0.615257 0.776947 0.133461 -0.016653 0.156450 -0.987546
0.778529 -38.462861 3027.856872 -610.313610 0.696291 0.704603 0.136793 0.716061 -0.668811 -0.199871 -0.049341 0.237121 -0.970226
-4.689519 -34.455500 429.670724 -1138.582487 0.797493 0.597543 0.083350 -0.601791 0.797688 0.039248 0.043035 0.081459 -0.995747
2.389986 -35.432548 466.799172 -293.730678 0.629938 0.767432 0.119274 0.775314 -0.612409 -0.154415 -0.045458 0.189747 -0.980780
-2.832020 -32.889863 1475.036399 1349.846065 0.642332 0.754103 0.136887 0.764077 -0.644042 -0.037380 0.059973 0.128602 -0.989881
-4.256299 -33.637709 1245.553252 -2002.846445 0.731951 0.671804 0.113697 -0.677499 0.735335 0.016669 0.072407 0.089230 -0.993376
-3.863429 -85.795305 -1333.005926 88.098565 -0.589805 0.771756 -0.237743 0.301838 -0.062381 -0.951316 0.749015 0.632851 0.196153
-3.453096 -77.748167 271.358126 -2246.220295 -0.608137 0.754360 -0.247206 0.293172 -0.075969 -0.953037 0.737712 0.652051 0.174957
-3.018142 -78.956464 4.114030 617.262722 -0.617099 0.758088 -0.210930 0.357705 0.031497 -0.933303 0.700882 0.651391 0.290609
-3.073593 -92.114082 -708.185453 4213.997211 -0.617829 0.766181 -0.176786 0.397849 0.110672 -0.910751 0.678235 0.633023 0.373201
77.459215 -35.284643 8048.633164 -2.650375 0.772437 0.629250 -0.085940 0.062607 0.059214 0.996280 -0.631998 0.774944 -0.006343
65.933949 -34.230253 -5984.204606 621.202698 0.540709 0.833289 0.115168 -0.110839 -0.065140 0.991701 -0.833875 0.548987 -0.057139
62.574326 -36.052029 -921.392610 2557.974955 0.710522 0.697623 -0.092092 0.020559 0.110237 0.993693 -0.703375 0.707934 -0.063984
67.798826 -40.671481 7163.258558 -286.011531 0.793047 0.574306 -0.203096 0.136540 0.157334 0.978061 -0.593660 0.803379 -0.046358
78.344010 -41.630625 15192.132876 2406.095008 0.852229 0.487867 -0.188924 0.193850 0.040942 0.980176 -0.485931 0.871957 0.059681
139.785029 -44.151145 41988.760382 -2351.601200 0.890904 0.451591 -0.048543 0.097877 -0.086519 0.991431 -0.443521 0.888020 0.121281
-6.609281 -170.974083 370.454064 -4551.628814 0.650009 0.190017 -0.735786 0.608423 0.449991 0.653704 -0.455312 0.872583 -0.176887
-7.450077 -165.704303 144.013730 -6958.369227 0.649162 0.183073 -0.738290 0.509079 0.616612 0.600523 -0.565178 0.765685 -0.307083
-8.229524 -158.379429 1582.304356 -671.044977 0.645922 0.167718 -0.744752 0.470773 0.680473 0.561542 -0.600965 0.713321 -0.360575
-5.426291 -172.639923 172.867036 -8264.119644 0.626511 0.195079 -0.754605 0.577294 0.534329 0.617433 -0.523656 0.822458 -0.222145
-7.860810 -159.915414 -365.483140 -3927.077127 0.607077 0.181955 -0.773531 0.452132 0.721415 0.524535 -0.653479 0.668171 -0.355687
-11.529306 -140.168733 2310.208240 7784.083415 0.981657 0.146525 -0.121981 -0.176463 0.940505 -0.290362 -0.072178 -0.306561 -0.949110
-9.881368 -124.685140 2928.374629 6207.289084 0.981464 0.154108 -0.113926 -0.167110 0.979200 -0.115075 -0.093823 -0.131980 -0.986802
-6.899374 -137.264603 1556.314283 6223.916818 0.984105 0.147701 -0.098602 -0.173034 0.922439 -0.345204 -0.039968 -0.356778 -0.933334
-5.907556 -127.565789 1345.245625 5678.026006 0.982716 0.156575 -0.098756 -0.169701 0.975114 -0.142667 -0.073960 -0.156960 -0.984832
58.486274 -30.628101 -8529.160447 -321.366170 0.270752 0.878639 0.393301 -0.128292 -0.371983 0.919331 -0.954062 0.299369 -0.012007
111.218818 -28.506292 -41896.851840 -8521.980525 0.213447 0.945580 0.245598 -0.081022 -0.233392 0.969001 -0.973589 0.226730 -0.026796
47.023906 -30.536968 -10315.567751 -3225.634354 0.165051 0.868084 0.468176 -0.172591 -0.441941 0.880285 -0.971067 0.226095 -0.076880
36.682456 -29.918592 -7359.121907 4086.977977 0.188791 0.888090 0.419112 -0.157813 -0.393802 0.905547 -0.969254 0.237100 -0.065806
57.239767 -32.515066 -9130.525540 3893.501067 0.349847 0.893795 0.280602 -0.095329 -0.264010 0.959797 -0.931944 0.362531 0.007158
11.175382 -26.367879 16594.172920 23432.996730 0.944961 0.185305 -0.269648 -0.301035 0.169592 -0.938412 0.128162 -0.967936 -0.216042
-2.525028 -10.045206 11817.566507 25872.207220 -0.202954 0.103983 -0.973652 0.952095 0.253243 -0.171415 0.228746 -0.961798 -0.150398
30.654785 -12.089644 8510.286110 20536.716116 0.982135 0.095383 -0.162210 -0.177163 0.178126 -0.967928 0.063430 -0.979374 -0.191842
-15.351619 -45.719277 -2536.643361 704.469951 0.122638 0.975268 -0.183881 0.992064 -0.115290 0.050173 0.027733 -0.188575 -0.981667
-14.539537 -45.886302 -2781.243233 1051.521712 0.064400 0.980429 -0.186043 0.995743 -0.075450 -0.052935 -0.065936 -0.181842 -0.981115
-16.321233 -43.473977 -1756.785591 892.652567 0.082188 0.985791 -0.146498 0.996568 -0.082745 0.002295 -0.009860 -0.146184 -0.989208
-16.360452 -42.965341 -1662.462638 86.785535 0.147290 0.978583 -0.143808 0.986564 -0.134961 0.092074 0.070694 -0.155438 -0.985313
-15.116140 -44.809814 -1844.952241 -256.661810 0.176459 0.969467 -0.170282 0.976599 -0.150827 0.153317 0.122953 -0.193352 -0.973395
-2.823359 -81.942897 -2972.124429 -2828.019913 0.929850 0.361009 -0.071078 -0.316826 0.883819 0.344217 -0.187086 0.297551 -0.936196
-6.624617 -85.323704 -2707.258062 -3597.404610 0.924160 0.378998 -0.047838 -0.304292 0.806065 0.507607 -0.230943 0.454553 -0.860260
-7.828463 -76.764791 -3304.850528 -1781.378914 0.933529 0.352218 -0.066835 -0.306878 0.881469 0.358940 -0.185338 0.314571 -0.930965
-4.260126 -75.729130 -3228.963972 -1545.398190 0.940042 0.331423 -0.080500 -0.307864 0.926144 0.217891 -0.146769 0.180044 -0.972647
-3.530224 -61.859959 -420.046402 -1716.383045 0.760682 0.615499 -0.206214 0.333754 -0.098380 0.937512 -0.556750 0.781974 0.280261
-5.169137 -58.698404 -821.030171 1721.649957 0.771897 0.608875 -0.182885 0.347566 -0.163288 0.923328 -0.532328 0.776279 0.337665
-3.632497 -66.615712 -842.264016 -2051.280292 0.748848 0.624296 -0.222443 0.274141 0.013790 0.961591 -0.603385 0.781066 0.160818
-2.161211 -60.679035 -292.779953 5427.915346 0.774958 0.606526 -0.177668 0.407753 -0.265031 0.873783 -0.482885 0.749590 0.452701
-14.474674 -91.684000 1805.480099 -4020.668116 -0.790071 0.559864 -0.249682 0.529100 0.828485 0.183483 0.309583 0.012858 -0.950785
-12.844075 -90.458284 2406.484209 -5575.796291 -0.798970 0.559073 -0.221550 0.554831 0.827398 0.087035 0.231969 -0.053385 -0.971257
-15.855252 -95.724138 2407.671787 -3144.114112 -0.816392 0.534197 -0.219403 0.475914 0.837545 0.268375 0.327125 0.114682 -0.937996
-16.319410 -95.925343 1510.065266 -377.131882 -0.797178 0.547942 -0.253510 0.443044 0.816172 0.370912 0.410146 0.183367 -0.893396
332.523396 -50.759681 161889.065888 4745.798538 0.913222 0.238977 -0.330024 0.391808 -0.737380 0.550234 0.111860 0.631792 0.767024
409.862311 -81.990387 192683.597656 5541.041780 0.841204 0.369202 -0.395052 0.523241 -0.740059 0.422530 0.136363 0.562141 0.815722
197.966475 -55.286724 91005.205521 -2556.442908 0.882316 0.215009 -0.418675 0.419598 -0.762298 0.492787 0.213202 0.610469 0.762805
5.639437 -150.616926 -1122.817205 17017.202481 -0.613783 0.680136 -0.400856 0.745824 0.666036 -0.011923 0.258875 -0.306287 -0.916063
7.796999 -160.247273 75.967104 12946.309287 -0.631340 0.676304 -0.379502 0.766746 0.617705 -0.174759 0.116230 -0.401315 -0.908536
6.176270 -173.998463 -944.680193 15535.646349 -0.628551 0.655421 -0.418744 0.777379 0.546448 -0.311571 0.024612 -0.521361 -0.852981
3.892787 -148.725393 -2103.087207 17569.503682 -0.619625 0.657268 -0.429027 0.753756 0.650723 -0.091710 0.218900 -0.380207 -0.898624
3.193477 -133.021720 -1576.550682 7708.725586 -0.603845 0.683309 -0.410439 0.694841 0.703553 0.149030 0.390599 -0.195199 -0.899628
10.724730 -304.129032 4140.568468 66937.711464 0.624410 -0.687950 0.369915 0.488301 -0.025836 -0.872293 -0.609651 -0.725298 -0.319794
2.105611 -313.139947 1366.750597 70429.845559 0.604520 -0.694586 0.390007 0.451718 -0.104361 -0.886036 -0.656130 -0.711800 -0.250669
2.086875 -223.663434 -2641.803371 40310.196581 -0.618418 0.676864 -0.399268 0.625225 0.115983 -0.771778 -0.476081 -0.726913 -0.494918
9.220092 -196.070365 -3517.373623 34835.056985 -0.629489 0.683527 -0.369507 0.661478 0.221916 -0.716380 -0.407665 -0.695374 -0.591831
12.054920 -191.698761 -109.863394 38121.796180 -0.582777 0.729043 -0.358980 0.673614 0.186295 -0.715219 -0.454549 -0.658627 -0.599662
15.875821 -290.859746 1790.100675 81569.013299 0.570564 -0.729152 0.377881 0.535975 -0.018020 -0.844042 -0.622244 -0.684115 -0.380525
15.434966 -315.760696 -2476.370465 -49924.699049 -0.597961 0.703355 -0.384362 -0.260253 0.283180 0.923080 -0.758097 -0.651998 -0.013719
18.310792 -150.863063 3260.570359 3745.071193 0.082123 -0.923576 0.374516 0.980242 0.007002 -0.197676 0.179947 0.383350 0.905904
4.845504 -141.046761 4808.936900 1863.386789 0.125834 -0.921173 0.368248 0.990549 0.137087 0.004444 -0.054576 0.364209 0.929717
10.449867 -175.682178 4824.077032 9322.510015 0.213101 -0.898019 0.384903 0.971567 0.236374 0.013577 -0.103174 0.371066 0.922857
-0.497761 -56.858447 -513.391352 -3754.913292 0.787852 0.598758 -0.144146 0.457349 -0.412067 0.788056 -0.412458 0.686797 0.598489
-1.694050 -60.985947 -463.783952 3554.903308 0.769137 0.611684 -0.185125 0.464679 -0.336396 0.819092 -0.438750 0.716017 0.542971
-0.024543 -60.108455 -456.621104 -624.261934 0.770676 0.612805 -0.174726 0.465748 -0.354561 0.810780 -0.434899 0.706227 0.558665
-2.623967 -57.441118 -946.156650 -221.822219 0.779832 0.604852 -0.161295 0.447119 -0.357863 0.819767 -0.438116 0.711399 0.549514
-0.669021 -56.126645 -60.353944 -2636.337672 0.779814 0.605382 -0.159382 0.485154 -0.423534 0.765013 -0.395622 0.673893 0.623981
-2.747142 -53.758649 -1291.067047 -3138.786846 0.802801 0.584917 -0.115687 0.431755 -0.436464 0.789358 -0.411216 0.683646 0.602935
-45.063369 -70.838720 -224.247059 2139.450531 -0.225253 -0.949669 0.217692 0.972806 -0.206853 0.104209 -0.053934 0.235245 0.970438
-38.007315 -64.771248 -119.043194 2711.375429 -0.478636 -0.834837 0.271945 0.875827 -0.475812 0.080813 0.061929 0.276857 0.958913
55.056856 -75.620275 2287.306687 -14187.488260 0.154118 0.987665 0.027660 0.093338 0.013316 -0.995545 0.983634 -0.156013 0.090134
57.547946 -95.820713 2371.435779 -9011.819076 0.139052 0.990153 0.016169 -0.147023 0.036788 -0.988449 0.979310 -0.135068 -0.150691
53.014070 -94.340816 -3759.748271 -4231.955455 0.278487 0.960100 -0.025550 -0.212848 0.035754 -0.976431 0.936558 -0.277362 -0.214312
-0.763770 -10.549519 -739.071276 -735.215852 0.866036 0.024114 -0.499399 0.064079 0.985246 0.158696 0.495858 -0.169437 0.851714
-8.777297 -63.603307 -1153.555426 -46391.624014 -0.212975 0.931267 0.295608 0.902594 0.303370 -0.305434 0.374119 -0.201764 0.905166
-64.654451 -91.750347 1479.558929 1096.615195 0.877573 -0.144757 0.457068 0.112815 0.988910 0.096591 -0.465982 -0.033202 0.884171
-64.834903 -93.766903 569.889687 -1659.086112 0.807773 -0.170239 0.564377 0.083644 0.980806 0.176135 -0.583529 -0.095070 0.806508
21.840909 -47.033946 -1599.962681 1220.180399 -0.281312 -0.549348 -0.786816 0.476039 0.632040 -0.611484 0.833217 -0.546573 0.083711
31.749288 -48.513721 -9983.927848 3596.180475 -0.180550 -0.431779 -0.883724 0.568297 0.687537 -0.452031 0.802771 -0.583832 0.121244
43.075528 -57.885730 -4562.941394 9526.703889 -0.166218 -0.273250 -0.947474 0.649680 0.692473 -0.313683 0.741813 -0.667695 0.062423
19.080116 -50.054754 -3291.948405 -1191.947470 0.523640 0.785044 -0.330918 -0.210985 -0.256831 -0.943145 0.825401 -0.563688 -0.031146
25.884284 -50.273637 -3125.634443 783.153458 0.508514 0.796141 -0.327984 -0.352072 -0.155364 -0.922988 0.785786 -0.584826 -0.201294
14.525508 -49.008281 -8785.904291 2061.842559 0.550898 0.736319 -0.392868 -0.334198 -0.236719 -0.912292 0.764737 -0.633876 -0.115668
29.376383 -48.189309 2595.105552 -1169.073259 0.445160 0.867685 -0.221259 -0.247081 -0.118476 -0.961725 0.860688 -0.482790 -0.161648
7.025111 -49.474384 -7995.030234 -2909.275524 0.544476 0.728755 -0.415287 -0.234984 -0.342756 -0.909561 0.805189 -0.592819 0.015377
19.202107 -49.929324 1919.503730 -1524.700021 0.455966 0.860799 -0.226098 -0.108246 -0.198520 -0.974101 0.883390 -0.468631 -0.002660
8.751077 -51.756137 -6978.022990 -1433.961659 0.539709 0.744884 -0.392252 -0.159390 -0.367098 -0.916425 0.826625 -0.557124 0.079399
12.853178 -51.976904 -1337.567560 970.340462 0.500429 0.801628 -0.327052 -0.122518 -0.308384 -0.943339 0.857065 -0.512144 0.056110
32.039167 -40.878007 14931.988492 1438.212482 0.253606 0.936560 0.241948 -0.630264 0.349732 -0.693148 0.733792 -0.023296 -0.678975
19.899316 -41.564976 6868.353272 3091.577496 0.288134 0.919871 0.266114 -0.557045 0.387051 -0.734774 0.778896 -0.063476 -0.623932
2.885421 -49.978510 -196.298011 -103.612452 0.002594 0.999907 0.013399 -0.823359 -0.005469 0.567495 -0.567515 0.012504 -0.823268
2.640068 -49.430584 -614.648555 -321.928534 -0.011861 0.999857 0.012029 -0.757261 -0.016838 0.652896 -0.653005 0.001366 -0.757352
18.915990 -94.582722 4566.164318 -16594.433157 -0.085060 0.994727 0.057300 0.610501 0.097481 -0.785994 0.787435 0.031875 0.615574
26.376785 -78.545687 4401.063907 -8235.973414 -0.276148 0.960149 -0.043073 -0.616999 -0.211460 -0.758022 0.736922 0.182750 -0.650806
15.217400 -84.434113 4010.915390 -5468.334087 -0.290204 0.956730 0.021206 -0.702648 -0.197985 -0.683438 0.649667 0.213237 -0.729701
25.124567 -95.792488 2563.693555 -6238.131977 -0.245852 0.968490 -0.039793 -0.773388 -0.220741 -0.594259 0.584318 0.115324 -0.803288
31.875065 -89.424521 1732.201603 -8076.055560 -0.220274 0.971751 -0.084728 -0.686749 -0.216182 -0.694004 0.692716 0.094684 -0.714968
5.312493 -149.369547 1053.215978 -4328.576444 0.020635 0.979673 0.199535 0.365834 -0.193135 0.910420 -0.930451 -0.054210 0.362384
4.679662 -150.235841 1360.768051 956.622157 0.028727 0.975696 0.217239 0.558843 -0.195868 0.805810 -0.828776 -0.098254 0.550887
5.960298 -154.748314 200.119545 -415.110378 0.026035 0.976038 0.216035 0.417831 -0.206950 0.884640 -0.908152 -0.067235 0.413207
5.106523 -145.089851 -1711.279812 -9288.643218 -0.032931 0.977140 0.210032 0.283042 -0.192425 0.939606 -0.958542 -0.090390 0.270235
