10351
20689
-33.607915 -54.456415 -1270.384738 -5115.190820 0.040223 0.003989 -0.999183 0.286047 0.958093 0.015341 0.957371 -0.286431 0.037396
-34.281919 -49.217314 14.036577 -3871.620323 -0.163003 -0.402371 -0.900848 0.265581 0.861464 -0.432835 0.950209 -0.309802 -0.033559
-39.860345 -57.910473 -281.996119 -2946.480730 -0.094359 -0.249201 -0.963844 0.116712 0.958718 -0.259302 0.988673 -0.136960 -0.061379
-28.995983 -39.785029 -803.523986 -2999.554226 -0.138456 -0.396588 -0.907495 0.386115 0.822196 -0.418221 0.912001 -0.408302 0.039291
-42.683655 -61.919484 410.083495 -2222.529749 -0.033315 0.035776 -0.998804 0.014069 0.999277 0.035323 0.999346 -0.012875 -0.033794
-25.446585 -62.909589 -2472.719318 -4406.735851 0.103642 0.093935 -0.990169 0.133372 0.985227 0.107426 0.985632 -0.143195 0.089583
-19.198870 -60.715667 -3474.855406 -7944.307806 0.164930 0.068599 -0.983917 0.323957 0.938465 0.119734 0.931585 -0.338494 0.132558
-21.355191 -43.606548 -2492.834613 -4761.880826 0.077791 -0.129948 -0.988464 0.443072 0.892683 -0.082487 0.893104 -0.431544 0.127019
-35.046087 -50.018859 255.573767 284.574587 0.836028 0.448500 -0.316077 -0.451617 0.235324 -0.860619 0.311608 -0.862247 -0.399288
-35.764995 -50.637074 -795.343540 -116.385774 0.888987 0.311623 -0.335549 -0.410739 0.218629 -0.885152 0.202474 -0.924712 -0.322354
-34.957075 -51.273604 -123.118263 1413.510178 0.816680 0.424687 -0.390737 -0.549194 0.363978 -0.752267 0.177258 -0.828952 -0.530489
22.867602 -41.943541 -3229.757316 -571.230948 -0.191577 0.203632 -0.960121 -0.304989 0.917459 0.255440 0.932888 0.341763 -0.113659
22.671421 -40.255530 -1229.726502 -984.227472 -0.262837 0.124748 -0.956742 -0.262866 0.944837 0.195410 0.928341 0.302856 -0.215547
15.391473 -40.288071 -3227.736672 -514.284912 -0.175891 0.255686 -0.950625 -0.166340 0.944074 0.284701 0.970254 0.208204 -0.123524
10.642394 -41.647174 -4075.218820 285.795350 -0.158334 0.340312 -0.926886 -0.285855 0.882729 0.372930 0.945102 0.324003 -0.042486
11.575427 -24.454900 -368.423876 1790.203200 0.141650 -0.580218 0.802049 0.802125 -0.407531 -0.436480 0.580113 0.705171 0.407680
8.689607 -26.546872 -1154.333245 1010.457487 0.130022 -0.532469 0.836404 0.868929 -0.345102 -0.354776 0.477552 0.772904 0.417807
6.610891 -22.053963 -2548.179808 1642.167869 0.211547 -0.536454 0.816985 0.791947 -0.395784 -0.464946 0.572772 0.745367 0.341117
11.144156 -19.752865 -948.583799 1246.716883 0.203659 -0.559267 0.803582 0.751544 -0.436728 -0.494419 0.627459 0.704620 0.331369
4.242024 -18.326172 -2688.463432 1455.803286 0.284743 -0.553101 0.782943 0.738987 -0.393584 -0.546800 0.610589 0.734283 0.296664
-9.992939 -57.914654 -26.181317 3305.611363 0.041267 0.181179 -0.982584 -0.055714 0.982309 0.178788 0.997594 0.047366 0.050631
-5.298601 -69.353534 -341.690913 6163.423924 0.060160 0.060372 -0.996361 0.136200 0.988337 0.068110 0.988853 -0.139802 0.051235
-11.046318 -57.285300 -518.006866 4867.785486 0.045300 0.068438 -0.996626 -0.062377 0.995898 0.065553 0.997024 0.059197 0.049383
-15.360794 -56.369377 83.921408 -2337.714855 -0.003039 0.251273 -0.967912 -0.175594 0.952743 0.247886 0.984458 0.170712 0.041227
-2.022586 -109.373880 1247.902621 74.506085 0.046990 -0.188367 0.980974 0.659688 0.743279 0.111125 -0.750070 0.641915 0.159190
0.555653 -114.281643 126.115332 2921.848416 0.004098 -0.170728 0.985310 0.751645 0.650403 0.109572 -0.659555 0.740154 0.130992
-1.501674 -103.279881 810.733874 7001.354493 0.005404 -0.204322 0.978889 0.903676 0.420154 0.082709 -0.428183 0.884151 0.186911
-3.710610 -103.330870 1501.348215 1739.283608 0.021603 -0.205651 0.978387 0.755817 0.643940 0.118664 -0.654426 0.736918 0.169346
-4.983308 -105.245552 1041.444803 -969.397984 0.021442 -0.169644 0.985272 0.557578 0.820031 0.129059 -0.829848 0.546598 0.112173
33.345069 -37.268288 6104.915021 -218.966464 -0.171488 0.682407 -0.710572 -0.513922 -0.677311 -0.526435 0.840521 -0.274902 -0.466854
22.213825 -37.331607 3796.356560 179.283221 -0.247864 0.689835 -0.680214 0.466379 0.700376 0.540338 0.849149 -0.183307 -0.495322
25.498365 -37.608354 5306.974503 -828.731866 -0.245039 0.708514 -0.661789 -0.552100 -0.663084 -0.505475 0.796958 -0.241513 -0.553651
10.352120 -30.106958 650.638301 -204.465932 0.095444 -0.569849 0.816188 0.926495 -0.248971 -0.282170 0.364002 0.783125 0.504200
11.311989 -28.905913 1776.714062 -1241.311620 0.069398 -0.591377 0.803404 0.969876 -0.148509 -0.193094 0.233504 0.792602 0.563256
12.173591 -29.846308 298.113633 -904.682471 0.080956 -0.551993 0.829910 0.958949 -0.183903 -0.215862 0.271777 0.813316 0.514445
-4.691889 -101.421784 -286.471910 -506.731366 -0.947157 0.290471 -0.136091 0.257303 0.941327 0.218401 0.191545 0.171844 -0.966323
-2.888281 -101.098546 843.250659 2941.013441 0.942458 -0.310339 0.124349 0.205473 0.831074 0.516815 0.263731 0.461526 -0.847018
-4.004957 -102.161062 433.919025 1083.966469 0.951276 -0.273830 0.141745 0.215690 0.919464 0.328731 0.220346 0.282141 -0.933726
4.227839 -48.449393 232.610710 1030.190822 0.408996 0.499753 0.763524 -0.269583 0.865532 -0.422113 -0.871807 -0.033191 0.488724
3.745224 -43.146472 253.565704 321.480719 0.429144 0.488160 0.759957 -0.231767 0.872715 -0.429712 -0.872994 0.008275 0.487660
3.769456 -48.035745 461.838905 612.498200 0.415899 0.525424 0.742265 -0.376703 0.842423 -0.385252 -0.827722 -0.119388 0.548291
2.866728 -45.226200 196.688117 575.163256 0.422404 0.504921 0.752748 -0.330106 0.859136 -0.391044 -0.844160 -0.083308 0.529579
-2.729648 -119.413828 -1036.758173 -2773.595850 0.993502 -0.112454 -0.017530 -0.069414 -0.720764 0.689697 0.090194 0.683998 0.723886
0.080684 -120.379760 607.425473 -3988.690449 0.990744 -0.098494 -0.093406 -0.037685 -0.860646 0.507807 0.130406 0.499587 0.856392
-0.826070 -127.230314 -1040.996026 -699.185650 0.996431 -0.070747 -0.046052 -0.046027 -0.912642 0.406159 0.070763 0.402590 0.912641
-4.166699 -129.516639 -1672.894507 -1450.485952 0.994248 -0.106350 -0.012694 -0.078525 -0.804411 0.588860 0.072837 0.584476 0.808135
14.906842 -61.323058 2536.480516 -3495.724054 0.976802 0.079978 0.198650 -0.003799 0.933965 -0.357345 0.214112 -0.348301 -0.912602
7.592453 -51.154630 3147.103901 -2153.004533 0.968488 0.078042 0.236517 0.033525 0.900146 -0.434295 0.246793 -0.428539 -0.869165
11.119664 -60.095347 2285.893822 -2673.995678 0.967464 0.028789 0.251365 0.038350 0.965339 -0.258167 0.250085 -0.259408 -0.932827
14.882483 -52.351479 3550.036730 -2723.778753 0.973019 0.123602 0.194825 -0.001328 0.847388 -0.530972 0.230722 -0.516387 -0.824689
17.615982 -58.498827 519.746917 -3359.863299 0.991375 0.049126 0.121496 0.014084 0.881773 -0.471464 0.130294 -0.469109 -0.873476
6.470237 -1850.139497 -3428.132364 464639.596542 0.972294 -0.155288 -0.174729 0.027460 -0.666415 0.745075 0.232143 0.729230 0.643687
11777.707245 -66312.097778 1169060.179608 148111071.232995 0.949498 -0.004640 -0.313740 0.208440 -0.738058 0.641735 0.234536 0.674722 0.699817
-53.463635 -3855.436423 -1235.919732 -655024.940267 0.977125 -0.205422 0.055034 0.085624 0.616891 0.782377 0.194668 0.759768 -0.620369
27.143338 -1512.520439 -5304.132059 570312.536054 0.979084 0.141338 -0.146352 -0.017910 -0.656655 -0.753979 0.202668 -0.740829 0.640388
-33.806816 -1874.255920 -9254.229538 -298211.341129 0.991891 -0.124075 -0.027535 0.094821 0.578183 0.810379 0.084627 0.806418 -0.585259
16.470802 -1345.994702 -16753.601968 377376.182090 0.950202 -0.311621 -0.002914 -0.113533 -0.354867 0.927998 0.290217 0.881454 0.372575
106.012922 -664.481768 66509.266163 -56896.020912 0.808676 0.425253 -0.406451 -0.287793 0.888615 0.357126 0.513048 -0.171826 0.840986
15.746342 -29.686677 -1391.771049 658.855942 0.995538 0.092946 -0.016252 -0.048120 0.351964 -0.934776 0.081164 -0.931387 -0.354866
8.578740 -29.536090 -3228.675074 1048.736386 0.999347 -0.022153 0.028528 0.034779 0.377022 -0.925551 -0.009748 -0.925940 -0.377546
15.970606 -33.328983 -1391.981198 793.294912 0.996123 0.083805 -0.026763 -0.046488 0.243161 -0.968871 0.074688 -0.966359 -0.246114
14.305461 -30.085970 1893.762242 683.026713 0.969318 0.238884 -0.057936 -0.135500 0.322622 -0.936779 0.205090 -0.915887 -0.345092
-10.239791 -31.071039 108.739721 205.935368 -0.409074 -0.366204 -0.835795 0.215537 0.851243 -0.478466 0.886680 -0.375873 -0.269291
-8.492586 -25.400333 466.780436 909.341451 -0.428093 -0.254152 -0.867262 0.252244 0.887902 -0.384712 0.867819 -0.383454 -0.315996
-6.244964 -27.820012 719.455313 -944.188267 -0.408660 -0.180488 -0.894663 0.243735 0.923069 -0.297550 0.879540 -0.339658 -0.333230
-6.080016 -33.623233 1000.579266 -1982.672581 -0.396813 -0.189059 -0.898218 0.198243 0.937812 -0.284972 0.896236 -0.291146 -0.334656
-10.948810 -35.300002 810.948664 -1334.006493 -0.385205 -0.330732 -0.861529 0.172976 0.891149 -0.419444 0.906474 -0.310596 -0.286067
-11.521816 -34.725263 445.906435 861.185341 -0.435037 -0.472784 -0.766301 0.227404 0.765776 -0.601560 0.871224 -0.435960 -0.225628
-10.965361 -33.105644 -452.357633 1347.680381 -0.456611 -0.499091 -0.736488 0.256824 0.718637 -0.646221 0.851791 -0.484219 -0.199959
8.600723 -86.013150 -1734.319869 11810.328296 0.894297 0.446134 -0.034600 0.446979 -0.886999 0.115939 -0.021034 0.119150 0.992653
5.676136 -107.948890 -930.297559 18927.738667 0.888783 0.456798 -0.037412 0.458159 -0.883281 0.099520 -0.012415 0.105592 0.994332
15.404120 -194.292111 -1593.563234 47239.562524 0.896203 0.443560 -0.008597 0.432289 -0.868745 0.241677 -0.099730 0.220308 0.970319
11.320515 -99.170642 -1858.509434 12754.158142 0.908108 0.416996 -0.038137 0.417005 -0.892321 0.172828 -0.038038 0.172849 0.984213
26.112122 -105.614919 -2737.621379 -7513.490450 -0.606525 -0.472781 0.639223 0.784036 -0.489109 0.382178 0.131963 0.732974 0.667334
24.770218 -105.697302 -3178.260260 -18629.711690 -0.630322 -0.451036 0.631870 0.765955 -0.228668 0.600853 -0.126518 0.862715 0.489608
16.760640 -95.735320 -2111.762986 -9317.850135 -0.545169 -0.466826 0.696322 0.836491 -0.357837 0.415012 0.055431 0.808719 0.585578
5.150706 -138.139176 -84.805258 -3069.387963 -0.415904 0.690660 -0.591619 0.049959 -0.632219 -0.773178 0.908035 0.351125 -0.228438
3.105544 -123.382173 -157.030330 -9778.028448 -0.425369 0.681674 -0.595299 0.376952 -0.464554 -0.801309 0.822781 0.565251 0.059351
6.041536 -128.864469 218.937036 -2243.179180 -0.429900 0.690429 -0.581802 0.142524 -0.584415 -0.798841 0.891556 0.426343 -0.152837
7.708989 -134.771059 395.930623 359.640080 -0.439175 0.693115 -0.571592 0.191100 0.693743 0.694407 0.877842 0.195735 -0.437129
6.169479 -142.989104 -677.144002 -1957.612008 -0.395457 0.687743 -0.608789 0.322476 0.724586 0.609085 0.860014 0.044547 -0.508323
15.422030 -37.266570 1137.080199 353.065083 -0.080702 -0.635733 0.767679 -0.586661 0.652948 0.479049 -0.805802 -0.411707 -0.425653
14.204183 -37.855634 -443.434607 -254.430472 -0.064951 -0.630886 0.773152 -0.506105 0.688572 0.519352 -0.860023 -0.357563 -0.364019
13.359726 -37.919826 1068.897779 286.206441 0.067259 0.635037 -0.769548 -0.627166 0.626774 0.462403 -0.775976 -0.451534 -0.440430
14.406222 -37.592674 -1540.214115 -172.922189 -0.042694 -0.625901 0.778733 -0.578888 0.650768 0.491313 -0.814288 -0.429823 -0.390111
14.179830 -37.770822 1635.882836 161.957332 0.032981 0.624416 -0.780395 -0.683736 0.583611 0.438067 -0.728983 -0.519136 -0.446184
-2.272492 -48.744262 77.309704 -482.108075 0.431918 -0.445194 0.784378 -0.438066 0.656656 0.613923 -0.788381 -0.608774 0.088597
-0.678041 -49.352899 -154.121534 -417.771261 0.445353 -0.466342 0.764320 -0.436869 0.631958 0.640137 -0.781541 -0.618995 0.077713
-2.616707 -42.409751 91.823474 1683.272677 0.433044 -0.449956 0.781033 -0.273744 0.759917 0.589568 -0.858800 -0.469112 0.205905
-0.107653 -52.985762 -568.518202 -1963.685099 -0.224868 0.527388 -0.819327 0.780413 0.600958 0.172640 0.583430 -0.600592 -0.546716
2.165973 -56.803833 -685.927023 -1472.301090 -0.233889 0.526806 -0.817173 0.740681 0.641009 0.201243 0.629831 -0.558196 -0.540121
-0.145753 -53.201970 -725.099593 -1570.138165 -0.248875 0.513305 -0.821328 0.856110 0.513147 0.061287 0.452921 -0.687894 -0.567154
2.631381 -52.172260 -916.233567 -2474.425558 -0.262626 0.504075 -0.822761 0.843610 0.533839 0.057783 0.468349 -0.678914 -0.565442
-9.069410 -79.668467 284.444641 1279.874383 -0.207361 0.751485 -0.626316 -0.768742 0.270778 0.579409 -0.605010 -0.601622 -0.521549
-8.703834 -74.384143 -89.812883 1756.297136 -0.215064 0.714442 -0.665823 -0.707581 0.355913 0.610455 -0.673110 -0.602410 -0.428981
-7.406354 -74.331464 23.103256 2588.821125 -0.197035 0.726526 -0.658284 -0.570918 0.460824 0.679481 -0.797013 -0.509707 -0.323988
16.817010 -51.137649 2067.923457 8939.725275 0.224152 -0.361249 0.905127 0.549427 0.813934 0.188789 -0.804913 0.454984 0.380925
10.305069 -76.159280 850.339679 10874.496653 0.183004 -0.480550 0.857660 0.518471 0.788388 0.331107 -0.835283 0.384078 0.393430
11.504252 -66.674310 1458.984408 7076.413368 0.170209 -0.484121 0.858287 0.399648 0.830062 0.388946 -0.900728 0.276811 0.334762
8.422095 -80.115124 448.363782 2499.397655 0.143700 -0.542690 0.827549 0.218072 0.833038 0.508422 -0.965295 0.107405 0.238053
15.223300 -43.128406 1184.404916 5791.940975 0.153688 -0.328585 0.931886 0.473014 0.852477 0.222575 -0.867547 0.406588 0.286441
9.418272 -72.897722 1249.266721 1318.588943 0.154947 -0.542914 0.825370 0.165392 0.837924 0.520123 -0.973980 0.055918 0.219628
10.378127 -57.617921 1016.371616 4181.067032 0.130032 -0.483019 0.865901 0.269053 0.857737 0.438061 -0.954307 0.176012 0.241491
-0.948314 -109.522300 881.228952 -269.847069 -0.467843 0.726900 -0.502732 -0.407573 -0.682172 -0.607064 0.784224 0.079111 -0.615414
0.782128 -108.808129 1345.326891 564.446948 -0.458391 0.745020 -0.484586 -0.638338 -0.655368 -0.403755 0.618387 -0.124252 -0.775989
2.355410 -109.597219 857.297298 -1627.760098 -0.459048 0.725917 -0.512171 -0.411134 -0.684636 -0.601866 0.787556 0.065715 -0.612730
0.469293 -111.668568 580.789430 -1.869533 -0.467420 0.706274 -0.531691 -0.185580 -0.666428 -0.722104 0.864337 0.238854 -0.442572
-7.031118 -190.997597 -434.906631 11966.688805 -0.454902 0.568727 -0.685284 0.504313 0.798751 0.328124 0.733984 -0.196333 -0.650170
-4.082398 -174.790157 -384.183024 6890.744194 -0.468466 0.572011 -0.673307 0.493099 0.801646 0.337960 0.733071 -0.173684 -0.657602
-6.059179 -172.906456 -510.572992 13419.704889 -0.454514 0.548730 -0.701649 0.175467 0.827438 0.533440 0.873286 0.119340 -0.472366
-4.194617 -191.063339 -95.080117 1763.596473 -0.463785 0.594584 -0.656791 0.733541 0.673434 0.091670 0.496811 -0.439268 -0.748480
-8.953143 -196.834445 400.679630 23643.991754 -0.468483 0.546238 -0.694369 0.159282 0.825297 0.541770 0.868995 0.143209 -0.473643
2.713236 -290.244817 933.577236 -10753.344101 -0.457001 0.571508 -0.681564 0.646007 0.739986 0.187337 0.611413 -0.354682 -0.707372
4.597799 -338.948580 293.333146 -22134.343236 -0.459747 0.558358 -0.690556 0.618556 0.759298 0.202128 0.637198 -0.334219 -0.694461
6.318715 -274.563574 235.754428 14692.652102 -0.459227 0.545391 -0.701184 0.283605 0.838044 0.466101 0.841830 0.015187 -0.539528
5.808800 -372.356845 2536.472319 -18169.373623 -0.464005 0.582226 -0.667617 0.836392 0.536215 -0.113675 0.291801 -0.611135 -0.735776
-10.427679 -37.948892 -2012.525290 -355.917047 -0.315778 -0.677385 0.664405 -0.250996 0.734925 0.629989 -0.915033 0.032174 -0.402094
-1.170763 -39.290399 -3235.041546 -427.068002 -0.358050 -0.681023 0.638755 -0.223857 0.726769 0.649380 -0.906470 0.089520 -0.412671
-6.826356 -37.627365 -3212.678981 -529.581771 -0.343966 -0.694283 0.632185 -0.328082 0.719696 0.611883 -0.879801 0.003059 -0.475333
-12.983850 -36.231036 -1891.111348 -475.574155 -0.299876 -0.697290 0.651046 -0.382848 0.713050 0.587356 -0.873786 -0.073118 -0.480783
-14.785271 -33.756651 -373.337481 -1262.660051 0.372478 0.147216 -0.916290 0.792939 -0.563485 0.231802 -0.482191 -0.812903 -0.326619
-12.843747 -28.457123 564.463489 -945.425674 0.297028 0.269455 -0.916061 0.784581 -0.615679 0.073297 -0.544250 -0.740495 -0.394283
-14.340011 -32.997400 384.689230 -1294.075627 0.398409 0.200971 -0.894920 0.805897 -0.542582 0.236930 -0.437951 -0.815608 -0.378131
43.085969 -164.772602 3937.679394 -18280.005397 -0.009123 -0.266765 0.963718 -0.414187 0.878206 0.239174 -0.910146 -0.396977 -0.118503
80.107338 -186.912683 8961.350290 -19342.612477 -0.063679 -0.159742 0.985103 -0.047156 0.986485 0.156918 -0.996856 -0.036461 -0.070351
62.118654 -193.163995 7320.674729 -16725.446542 0.147680 -0.287711 0.946263 -0.140047 0.941030 0.307976 -0.979070 -0.178003 0.098678
30.404455 -105.752001 1434.161795 -8042.753372 -0.158853 -0.205172 0.965749 -0.365681 0.920827 0.135478 -0.917084 -0.331635 -0.221303
15.439078 -89.229391 -772.034432 1491.874749 -0.040584 -0.397890 0.916535 -0.590770 0.749335 0.299145 -0.805819 -0.529321 -0.265472
-1.938385 -132.801147 1980.324618 1292.102545 -0.670757 0.732126 0.118643 0.653003 0.658805 -0.373581 0.351672 0.173108 0.919979
-8.073613 -122.126022 204.433167 14624.902398 -0.630118 0.761400 0.152386 0.442407 0.513306 -0.735386 0.638144 0.395963 0.660292
-1.928293 -113.765457 1365.570665 5802.039553 -0.670344 0.721797 0.172185 0.512519 0.618158 -0.595990 0.536622 0.311270 0.784314
-36.201416 -53.441821 -21.358163 -3538.102780 -0.264840 -0.476895 -0.838112 0.134875 0.842283 -0.521888 0.954813 -0.251257 -0.158749
-30.333516 -44.454798 -517.320641 -2203.878057 0.363486 0.681618 0.635039 0.173423 0.620242 -0.765000 0.915316 -0.388197 -0.107241
13.847984 -30.195944 -5861.599702 405.181088 0.485133 0.238485 -0.841291 0.232922 0.892089 0.387201 0.842848 -0.383800 0.377234
21.584922 -32.113952 -9100.365059 204.480845 0.497253 0.182895 -0.848109 0.353128 0.850231 0.390395 0.792490 -0.493616 0.358195
5.480344 -31.911838 -2642.496985 492.879852 0.417720 0.102344 -0.902793 0.377434 0.884297 0.274885 0.826470 -0.455570 0.330761
29.618591 -37.221647 135.826438 -46.913143 -0.275759 0.078701 -0.958000 -0.409571 0.892022 0.191175 0.869603 0.445087 -0.213750
22.088255 -35.144811 2297.528379 -923.840611 -0.366008 -0.064034 -0.928406 -0.375213 0.923102 0.084253 0.851618 0.379187 -0.361889
18.198782 -37.486465 1934.361519 380.449983 -0.381441 0.014087 -0.924286 -0.245553 0.962417 0.116004 0.891183 0.271210 -0.363646
-6.150122 -32.590403 983.678062 398.225426 -0.092399 -0.547691 0.831563 0.905575 -0.393455 -0.158517 0.414001 0.738396 0.532330
-6.397826 -30.266647 858.787725 -1162.363980 -0.074145 -0.559561 0.825466 0.963537 -0.253594 -0.085357 0.257096 0.789039 0.557961
-2.860915 -32.183147 1014.187083 163.101003 -0.031611 -0.583617 0.811414 0.928645 -0.317365 -0.192090 0.369621 0.747443 0.552005
-0.817981 -30.046889 1504.951487 -1300.190452 -0.002825 -0.608064 0.793883 0.968398 -0.199654 -0.149477 0.249393 0.768373 0.589412
0.726482 -30.610976 1298.049604 1505.787349 -0.008757 -0.598870 0.800799 0.861472 -0.411139 -0.298045 0.507729 0.687256 0.519510
2.325118 -31.777716 1692.606907 318.685046 0.017254 -0.616068 0.787504 0.917855 -0.302611 -0.256844 0.396541 0.727246 0.560240
-19.890971 -57.426624 965.794166 -8076.665814 -0.048698 -0.056572 -0.997210 -0.311009 0.949619 -0.038684 0.949158 0.308258 -0.063839
-20.156672 -60.708703 61.945780 -5422.874715 -0.034557 0.122092 -0.991917 -0.255602 0.958421 0.126874 0.966164 0.257920 -0.001913
-15.099762 -46.410975 393.471798 -2150.320242 -0.011000 -0.105312 -0.994378 -0.242397 0.965059 -0.099526 0.970115 0.239940 -0.036143
-16.879189 -57.512719 508.153916 -4190.988358 -0.053600 -0.160257 -0.985619 -0.327416 0.935292 -0.134269 0.943359 0.315511 -0.102603
2.885104 -137.077390 -2.479497 -3361.000765 0.019867 -0.152227 0.988146 0.447066 0.885381 0.127407 -0.894280 0.439236 0.085645
2.681993 -118.147143 50.230511 -4768.853171 0.017547 -0.151911 0.988238 0.367827 0.920058 0.134899 -0.929729 0.361133 0.072021
2.842618 -120.850321 613.323118 -5341.720640 0.046801 -0.136490 0.989535 0.211178 0.969582 0.123750 -0.976326 0.203177 0.074201
2.529193 -113.630935 561.073138 -5576.758698 0.036304 -0.111196 0.993135 0.130103 0.985858 0.105625 -0.990836 0.125375 0.050257
2.212087 -140.276921 -453.694065 -6968.981389 -0.007775 -0.096995 0.995255 0.073290 0.992553 0.097304 -0.997280 0.073698 -0.000609
2.795529 -108.827186 564.778867 -3273.468127 0.043388 -0.072284 0.996440 -0.071930 0.994565 0.075280 -0.996466 -0.074940 0.037953
-0.962721 -30.046987 -4668.082696 282.593591 0.337546 0.850570 -0.403228 0.536885 -0.525825 -0.659744 0.773186 -0.006207 0.634148
-6.089651 -34.745519 -5968.324305 256.536898 0.292280 0.900376 -0.322329 0.629078 -0.434873 -0.644318 0.720301 0.014449 0.693512
10.280778 -31.832437 -7875.321798 517.833207 0.419613 0.803601 -0.422078 0.590322 -0.594825 -0.545622 0.689525 0.020212 0.723980
-17.384050 -36.050893 -3403.044265 523.162195 0.096014 0.983051 -0.156177 0.578353 -0.182796 -0.795043 0.810117 0.013990 0.586102
20.698222 -29.564615 -5561.322074 -89.011327 0.422980 0.733351 -0.532245 0.529535 -0.676691 -0.511549 0.735310 0.065468 0.674561
-14.372648 -28.823102 -1690.359836 950.958408 0.111215 0.976922 -0.182356 0.477011 -0.213450 -0.852584 0.871832 -0.007834 0.489742
-5.085457 -27.239595 -2975.500542 343.014410 0.303311 0.865413 -0.398826 0.461584 -0.499597 -0.733037 0.833632 -0.038247 0.550994
11.525756 -28.386046 -5833.916501 136.067853 0.420195 0.734747 -0.532524 0.446588 -0.678301 -0.583496 0.789934 -0.007364 0.613148
7.161968 -31.034341 1715.444148 -237.429368 0.050874 -0.613129 0.788343 0.939235 -0.238951 -0.246454 0.339484 0.752978 0.563715
4.650184 -27.379245 2222.877804 -1565.779665 0.036018 -0.620106 0.783691 0.982362 -0.122016 -0.141695 0.183489 0.774971 0.604774
-6.007759 -35.728856 -361.469762 1272.757199 0.390172 0.412616 0.823112 -0.178080 0.910904 -0.372211 -0.903357 -0.001353 0.428888
-4.827322 -33.196248 -1002.503748 348.180255 0.374735 0.372064 0.849201 -0.047903 0.922490 -0.383036 -0.925893 0.102858 0.363513
-4.307839 -33.830785 -1534.851765 1294.708162 0.346594 0.392829 0.851797 -0.141581 0.919589 -0.366485 -0.927269 0.006424 0.374341
3.862007 -43.301721 330.602526 1173.944812 0.433201 0.465114 0.772014 -0.103300 0.876536 -0.470121 -0.895358 0.123908 0.427763
3.465780 -40.608586 76.562752 497.467785 0.435540 0.459446 0.774089 -0.094331 0.878498 -0.468340 -0.895213 0.130960 0.425962
2.566802 -42.127030 -29.358377 409.394833 0.429843 0.474557 0.768135 -0.218926 0.880130 -0.421238 -0.875960 0.012902 0.482211
-3.383829 -100.186985 811.271574 1617.274386 0.973668 -0.224096 0.041850 -0.045569 -0.011447 0.998896 0.223370 0.974500 0.021357
-5.116063 -103.203355 -192.156325 965.821923 0.976500 -0.208144 0.055889 -0.007738 0.225295 0.974260 0.215377 0.951798 -0.218390
-3.457654 -104.902764 292.341048 2385.699712 0.975303 -0.215291 0.049334 -0.000114 0.222871 0.974848 0.220871 0.950778 -0.217342
-4.363503 -115.297134 2.047767 1812.242664 0.977479 -0.207729 0.037206 0.064272 0.460962 0.885089 0.201009 0.862764 -0.463932
-2.440250 -103.421250 -543.525053 4895.904332 0.985408 -0.167693 0.029155 -0.014136 0.090065 0.995836 0.169621 0.981717 -0.086380
1.749826 -52.285484 1172.434271 -2660.236746 0.960199 -0.054116 0.274025 0.149584 0.928139 -0.340855 0.235887 -0.368279 -0.899293
-4.567523 -43.548550 1592.769238 -2020.584146 0.970506 0.013828 0.240682 0.115564 0.849487 -0.514797 0.211575 -0.527428 -0.822834
5.801357 -45.113990 3686.836636 -1847.263710 0.967239 0.132791 0.216370 0.017392 0.815627 -0.578317 0.253272 -0.563133 -0.786597
168.473227 -5305.403465 20205.717849 -2342847.658444 0.969433 -0.165226 0.181381 0.078175 0.908741 0.409975 0.232567 0.383263 -0.893880
39.456787 -6759.224499 9760.506769 812576.137931 0.986699 -0.115410 -0.114481 0.005302 -0.681025 0.732241 0.162472 0.723108 0.671355
-433.446028 -18577.468390 -106127.413144 9077841.757645 0.974458 0.183207 -0.129871 -0.162911 0.178658 -0.970331 0.154569 -0.966704 -0.203941
7.622898 -32.960775 -3970.555574 598.584196 0.997107 -0.057703 0.049482 0.062311 0.247637 -0.966847 -0.043536 -0.967133 -0.250516
-12.512828 -6320.803359 1352.662647 1933388.508972 0.968643 0.223231 0.109085 0.084551 -0.709003 0.700118 -0.233629 0.668941 0.705645
-41.058336 -374.774839 -8055.158030 75393.467320 0.918877 0.394282 -0.014373 0.332978 -0.755437 0.564305 -0.211638 0.523313 0.825441
-201.860397 -2955.319301 13669.790595 40318.754187 0.954615 0.287632 0.077314 -0.049233 -0.103621 0.993398 -0.293744 0.952119 0.084757
9.461030 -5739.052380 -6003.186711 -1635675.733803 0.954700 0.211963 0.208853 -0.297354 0.652798 0.696732 -0.011342 0.727273 -0.686255
-140.778795 -2175.364596 8772.299524 -366291.708282 0.957265 0.279718 0.073500 -0.061263 -0.052254 0.996753 -0.282650 0.958659 0.032884
16.460920 -1298.773483 5056.791776 -394769.398803 0.918061 0.392881 -0.053004 0.396151 -0.914261 0.084804 0.015141 0.098852 0.994987
-0.933933 -59.746752 -675.407101 -2281.473922 0.871998 0.486090 -0.057766 0.488772 -0.871076 0.048244 0.026867 0.070303 0.997164
26.350955 -88.897380 454.743681 1760.511494 -0.608475 -0.483782 0.629057 0.122366 0.726012 0.676708 -0.784082 0.488735 -0.382562
54.712499 -107.003300 -5476.815427 9504.191309 -0.698709 -0.418514 0.580217 -0.043661 0.834466 0.549327 -0.714072 0.358487 -0.601321
26.162993 -91.953848 -1867.481271 3825.293317 -0.717509 -0.478710 0.505982 0.086513 0.659542 0.746673 -0.691156 0.579519 -0.431812
18.736802 -76.361994 -904.865265 1744.957695 0.658539 0.480409 -0.579253 0.307560 0.530693 0.789792 -0.686829 0.698263 -0.201728
14.535900 -80.929456 129.291640 -908.387160 -0.579013 -0.467189 0.668191 0.296735 0.642588 0.706420 -0.759403 0.607302 -0.233435
3.568373 -109.959866 355.796225 -6581.176689 -0.435140 0.683609 -0.585946 0.426836 -0.416385 -0.802767 0.792757 0.599419 0.110603
3.586978 -103.288585 -273.112528 -8662.413075 0.427614 -0.676806 0.599233 0.621850 -0.260881 -0.738406 0.656086 0.688386 0.309316
1.513676 -104.468182 -241.559093 -7900.934301 -0.411148 0.671908 -0.616033 0.576218 -0.332090 -0.746786 0.706350 0.662009 0.250627
19.316909 -36.486475 -654.369510 124.645973 0.160065 0.688944 -0.706920 -0.708601 0.578776 0.403612 -0.687214 -0.436320 -0.580828
17.500146 -36.756081 -2153.295728 513.285211 0.100743 0.649388 -0.753754 -0.648089 0.617656 0.445514 -0.754872 -0.443617 -0.483086
16.181530 -37.432637 -2133.078337 -197.995668 0.092346 0.641096 -0.761885 -0.750223 0.547896 0.370100 -0.654704 -0.537407 -0.531561
18.481539 -36.692530 -630.715277 -700.508732 0.125602 0.680699 -0.721715 -0.808050 0.492248 0.323646 -0.575568 -0.542532 -0.611866
14.929416 -37.686085 -2004.788889 605.517831 0.080876 0.636273 -0.767213 0.826473 -0.473067 -0.305206 -0.557137 -0.609397 -0.564122
13.740260 -37.922419 -1207.624946 -192.878975 0.064253 0.628388 -0.775242 -0.791197 0.505517 0.344181 -0.608177 -0.591254 -0.529659
-2.855906 -47.905153 -290.197159 1397.501215 -0.269407 0.506413 -0.819125 0.940640 0.320707 -0.111100 0.206437 -0.800433 -0.562753
-1.662099 -53.624167 -876.420847 1838.911872 -0.295346 0.488128 -0.821281 0.949258 0.247169 -0.194464 0.108071 -0.837042 -0.536360
-3.896911 -51.440668 -315.347412 1670.717686 -0.294643 0.503898 -0.811956 0.954811 0.189926 -0.228614 0.039014 -0.842624 -0.537088
-3.806419 -48.556113 563.195206 1331.492072 -0.274573 0.541607 -0.794526 0.956580 0.237891 -0.168411 0.097798 -0.806269 -0.583409
-8.256744 -92.711918 731.598704 -924.017835 -0.242364 0.620456 -0.745851 -0.050738 0.759614 0.648392 0.968858 0.194990 -0.152623
-5.808964 -91.937601 848.611306 2703.922216 -0.255703 0.635116 -0.728864 -0.340974 0.646230 0.682732 0.904628 0.423101 0.051315
-8.306870 -91.689410 511.805348 3469.158902 -0.215519 0.623775 -0.751303 -0.271624 0.700725 0.659700 0.937961 0.346250 0.018413
-5.603459 -89.685028 280.129862 531.601344 -0.248920 0.644845 -0.722644 -0.090080 0.727480 0.680190 0.964326 0.234409 -0.122997
-10.208622 -95.604147 73.296939 -108.059876 -0.168892 0.609331 -0.774720 0.005474 0.786579 0.617465 0.985619 0.100044 -0.136182
-10.730369 -91.598325 706.724614 -3518.550350 -0.213439 0.599684 -0.771248 0.198297 0.799599 0.566850 0.956620 -0.031949 -0.289581
-8.856902 -90.244067 483.544798 -3233.871575 -0.234047 0.615462 -0.752615 0.232373 0.787092 0.571393 0.944047 -0.041155 -0.327233
17.090713 -45.473055 2530.432869 7270.112501 0.277133 -0.310800 0.909176 0.612658 0.786086 0.081973 -0.740167 0.534296 0.408264
12.124905 -56.317288 1578.771253 11885.418715 0.274033 -0.377513 0.884528 0.639608 0.758384 0.125519 -0.718197 0.531355 0.449283
7.486582 -86.946758 -168.420044 14351.960513 0.203146 -0.484776 0.850720 0.595302 0.750964 0.285777 -0.777398 0.448380 0.441143
6.641119 -89.948591 -267.986879 2420.521792 0.167826 -0.534230 0.828512 0.273765 0.832632 0.481432 -0.947041 0.146021 0.285990
-2.814561 -99.849034 967.464719 902.672463 -0.451978 0.746196 -0.488781 -0.754842 -0.611913 -0.236169 0.475320 -0.262209 -0.839831
1.194218 -101.563523 1750.561592 4041.158435 -0.457512 0.757693 -0.465385 -0.797082 -0.581443 -0.163049 0.394136 -0.296353 -0.869961
5.274686 -116.174029 1705.682988 2547.896878 -0.464589 0.743647 -0.480776 -0.791922 -0.591859 -0.150207 0.396253 -0.310952 -0.863882
-6.462918 -145.564957 111.511513 -8681.287194 -0.469539 0.563598 -0.679625 0.662486 -0.283949 -0.693170 -0.583648 -0.775713 -0.240051
-7.604217 -174.845957 1098.869461 -8651.809418 -0.459375 0.587000 -0.666637 0.739255 -0.163404 -0.653300 -0.492419 -0.792925 -0.358879
-6.086305 -187.224149 35.727893 -11509.576946 -0.479039 0.554574 -0.680419 0.829915 0.033634 -0.556876 -0.285944 -0.831455 -0.476361
-7.381586 -150.531739 287.343740 10468.321676 -0.445421 0.567881 -0.692179 -0.482656 0.498846 0.719858 -0.754084 -0.654724 -0.051895
-6.622961 -182.191683 -65.592368 -16182.396274 -0.500830 0.529303 -0.684841 0.791869 -0.039241 -0.609430 -0.349447 -0.847525 -0.399486
-6.187926 -125.670998 -107.438355 6404.486632 0.447851 -0.539703 0.712847 -0.431980 0.567436 0.701006 -0.782830 -0.621882 0.020986
-6.539028 -137.582084 -385.651594 -6374.484103 -0.480316 0.515044 -0.709948 0.660027 -0.320825 -0.679290 -0.577633 -0.794859 -0.185846
6.614625 -311.409541 102.759999 22922.165023 -0.466943 0.536625 -0.702850 0.212630 0.839636 0.499799 0.858343 0.083931 -0.506165
6.061792 -409.963360 -239.654341 -12234.957288 -0.446843 0.560134 -0.697554 0.614037 0.759088 0.216202 0.650607 -0.331715 -0.683137
8.598729 -398.739006 793.954461 5315.763364 -0.436351 0.594099 -0.675754 0.835211 0.546799 -0.058589 0.334694 -0.589963 -0.734795
-362.685021 -12151.217166 48610.053586 109124538.194357 0.735808 -0.539664 0.409083 0.665017 0.461814 -0.586924 -0.127821 -0.703911 -0.698693
-224.683375 -4470.513941 42538.798681 1184840.946496 0.799370 -0.490306 0.347286 0.570628 0.438540 -0.694310 -0.188126 -0.753182 -0.630338
-98.032753 -8219.607107 82485.034011 2770975.654844 0.782770 -0.467376 0.410890 0.030185 0.688002 0.725080 -0.621579 -0.555168 0.552655
-60.770215 -12790.501410 23083.653477 -16436338.809741 -0.461043 0.685853 -0.563067 0.029992 0.646211 0.762570 -0.886871 -0.334690 0.318501
-1689.500166 -43887.912665 430946.764707 -2673.014548 0.853622 -0.328923 0.403904 -0.106733 0.648507 0.753689 0.509840 0.686476 -0.518473
-1.381862 -8.791115 106.114560 437.647186 0.350155 0.749352 -0.562017 0.936153 -0.300301 0.182855 -0.031751 -0.590162 -0.806660
-2.089039 -8.384181 24.890827 -188.673373 0.612032 0.630805 -0.476972 0.790810 -0.492759 0.363053 -0.006017 -0.599394 -0.800431
-1.773048 -9.425269 626.151874 337.622634 0.344520 0.754871 -0.558100 0.938416 -0.293458 0.182368 -0.026115 -0.586560 -0.809485
-2.202891 -11.214912 369.886130 710.283973 0.220086 0.783928 -0.580533 0.973962 -0.209785 0.085955 -0.054405 -0.584335 -0.809687
-0.898253 -10.596343 -17.151174 870.678896 0.186775 0.789632 -0.584463 0.980309 -0.188622 0.058439 -0.064097 -0.583869 -0.809313
-1.424802 -8.410494 -567.944241 595.612671 0.238268 0.773446 -0.587375 0.970208 -0.216876 0.107985 -0.043867 -0.595605 -0.802079
-9.477058 -76.615217 443.554481 -750.014880 -0.220965 0.733606 -0.642648 0.831424 -0.202754 -0.517324 -0.509812 -0.648623 -0.565137
80.539275 -280.519327 10438.022408 -41151.654446 0.127351 -0.307947 0.942841 0.240376 0.931826 0.271882 -0.962290 0.192012 0.192692
109.946946 -240.052080 12386.282508 -19411.942709 -0.054473 -0.183187 0.981568 0.358085 0.914057 0.190460 -0.932099 0.361859 0.015805
138.601550 -1091.648638 31086.895554 -275001.607024 -0.401767 0.031900 0.915186 -0.100234 0.991856 -0.078575 -0.910240 -0.123302 -0.395298
99.125842 -349.640123 338.165967 -54542.951483 -0.376920 0.016488 0.926099 0.321513 0.940003 0.114120 -0.868655 0.340767 -0.359607
-19.668688 -90.194901 -1335.428143 14717.959506 -0.588825 0.792431 0.159177 0.247906 0.364510 -0.897594 0.769303 0.489065 0.411081
-19.166044 -133.976434 224.693371 23201.557271 -0.543544 0.830573 0.121279 0.279732 0.315467 -0.906769 0.791398 0.458944 0.403808
-22.964080 -64.400087 -4889.040308 9586.746088 -0.478927 0.877843 -0.004433 0.263256 0.138805 -0.954688 0.837451 0.458393 0.297575
-33.054847 -56.318426 339.279750 -11049.114071 0.472015 -0.181235 -0.862761 -0.423032 0.812048 -0.402022 0.773464 0.554736 0.306631
-23.955903 -78.964149 -2986.599202 1580.989829 0.668699 -0.544440 -0.506386 -0.104533 0.605451 -0.788988 0.736148 0.580530 0.347952
-13.299009 -30.646549 153.949519 -115.642446 0.063892 -0.422308 0.904198 -0.526394 0.755493 0.390051 -0.847837 -0.500885 -0.174030
-13.133813 -33.511634 338.342792 -130.025514 0.138489 -0.432833 0.890773 -0.478349 0.758332 0.442848 -0.867181 -0.487430 -0.102025
-12.861694 -32.327006 356.116508 -832.952522 0.131015 -0.477912 0.868582 -0.434192 0.759975 0.483647 -0.891242 -0.440497 -0.107938
-12.363885 -35.181786 863.875436 -1108.121134 0.199130 -0.482269 0.853091 -0.384327 0.762353 0.520684 -0.901466 -0.431549 -0.033542
-12.465137 -34.490303 336.239368 -1080.945213 0.172623 -0.538993 0.824432 -0.310644 0.764491 0.564848 -0.934720 -0.353611 -0.035467
-44.571548 -64.175869 193.967622 -161.008200 -0.151094 -0.244707 -0.957752 -0.146762 0.963691 -0.223072 0.977564 0.106857 -0.181522
-38.372746 -58.955392 -916.432219 -1966.414386 -0.204450 -0.405706 -0.890844 -0.020685 0.911655 -0.410436 0.978658 -0.065487 -0.194780
10.539854 -51.842362 -108.340461 -3536.834341 -0.427095 0.266447 0.864058 0.621691 -0.607360 0.494586 0.656575 0.748412 0.093753
7.877437 -41.966243 249.364760 -3853.055492 -0.457786 0.275808 0.845199 0.701183 -0.472471 0.533960 0.546603 0.837078 0.022899
9.054159 -47.252651 236.009174 -3269.973082 -0.376411 0.251328 0.891711 0.690660 -0.565400 0.450901 0.617498 0.785593 0.039241
10.832009 -54.522759 721.474924 2639.393680 0.366348 -0.252242 -0.895636 -0.577796 0.692816 -0.431461 0.729343 0.675559 0.108067
7.812578 -49.597793 -632.118858 -2945.986314 -0.333178 0.259078 0.906571 0.656073 -0.626858 0.420258 0.677171 0.734798 0.038881
24.662374 -40.883533 -3236.146501 1298.823462 -0.170157 0.215876 -0.961480 -0.437355 0.857801 0.269998 0.883044 0.466450 -0.051546
35.722467 -37.016449 -203.508584 2401.578138 -0.268711 0.070996 -0.960601 -0.598171 0.769370 0.224190 0.754974 0.634846 -0.164270
21.656038 -41.104078 -4542.159281 2768.030446 -0.150441 0.292439 -0.944376 -0.539348 0.776290 0.326308 0.828536 0.558438 0.040940
9.471551 -40.679471 -4933.934535 1386.356149 -0.171253 0.407299 -0.897095 -0.413768 0.796622 0.440669 0.894130 0.446655 0.032103
-10.005092 -30.743936 921.607037 -1094.733522 -0.131118 -0.520312 0.843851 0.955676 -0.292679 -0.031970 0.263612 0.802256 0.535625
-9.689007 -26.142569 633.652175 -2209.154339 -0.116127 -0.534580 0.837101 0.984902 -0.170917 0.027482 0.128384 0.827654 0.546357
-6.123339 -25.854383 919.795798 -1994.331602 -0.045944 -0.578703 0.814243 0.989752 -0.136696 -0.041306 0.135208 0.804000 0.579053
3.399622 -74.609617 1036.285574 5346.547649 0.191400 0.025677 0.981176 0.493645 0.861505 -0.118842 -0.848340 0.507099 0.152217
0.718718 -68.711238 453.994425 6218.369454 0.247909 0.090445 0.964552 0.487003 0.849053 -0.204785 -0.837478 0.520508 0.166441
8.814743 -85.794153 776.839474 3776.170608 0.263862 0.135779 0.954956 0.176662 0.966493 -0.186232 -0.948244 0.217844 0.231034
-2.399131 -59.065821 450.621648 5795.272833 0.172507 -0.015939 0.984879 0.692632 0.712888 -0.109781 -0.700359 0.701097 0.134018
12.565146 -85.355355 1954.963556 53.354648 0.197468 -0.010697 0.980251 0.228931 0.972795 -0.035501 -0.953204 0.231420 0.194545
3.862902 -78.466972 647.266359 4730.845492 0.126049 -0.031502 0.991524 0.541765 0.839470 -0.042201 -0.831025 0.542492 0.122881
-1.756265 -65.568635 293.444851 6628.262613 0.119605 -0.062936 0.990825 0.733144 0.678557 -0.045399 -0.669474 0.731847 0.127300
2.144926 -118.685948 -16.772967 -495.492339 0.006071 -0.163309 0.986556 0.626737 0.769382 0.123502 -0.779207 0.617561 0.107023
2.224723 -35.837616 -8476.654761 535.718390 0.409010 0.823300 -0.393558 0.662660 -0.564480 -0.492183 0.627370 0.059487 0.776446
-20.201777 -39.738495 -5406.760670 -274.915032 0.128382 0.967195 -0.219209 0.666471 -0.247827 -0.703134 0.734393 0.055827 0.676424
2.153953 -23.794757 2378.791779 -1723.723760 0.026721 -0.617704 0.785956 0.993781 -0.068607 -0.087706 0.108098 0.783412 0.612030
-1.872753 -24.769110 1519.241039 -1814.608165 -0.002579 -0.602727 0.797943 0.992418 -0.099599 -0.072024 0.122885 0.791707 0.598414
1.017242 -21.546309 2062.279907 -1000.308292 0.019922 -0.614886 0.788365 0.998438 -0.028938 -0.047802 0.052207 0.788085 0.613348
-8.086639 -33.757342 526.401077 618.710302 0.418662 0.403272 0.813691 -0.102963 0.911296 -0.398670 -0.902286 0.083128 0.423047
-6.109084 -34.471580 734.402662 399.484605 0.445658 0.390461 0.805561 -0.028429 0.905583 -0.423215 -0.894752 0.165708 0.414681
-7.347419 -38.068826 981.905426 939.885382 0.449477 0.434568 0.780462 -0.193724 0.900319 -0.389738 -0.872033 0.023984 0.488859
4.403920 -56.154574 -327.288122 1290.686165 0.363367 0.523458 0.770686 -0.413262 0.831954 -0.370226 -0.834973 -0.183967 0.518630
4.054551 -50.948514 -6.081980 1744.630837 0.392407 0.479059 0.785188 -0.213199 0.877782 -0.429004 -0.894742 0.000943 0.446582
4.399480 -58.264722 -216.198931 1383.023844 0.362894 0.501505 0.785366 -0.340213 0.855946 -0.389373 -0.867504 -0.125891 0.481236
3.916986 -45.495750 84.932012 1249.330542 0.409570 0.453047 0.791834 -0.086815 0.883390 -0.460527 -0.908138 0.119875 0.401142
3.271036 -51.956439 -140.411960 1444.223496 0.388232 0.435809 0.812001 -0.098551 0.895695 -0.433610 -0.916277 0.088317 0.390688
3.616543 -47.005421 -231.244478 1426.246969 0.393721 0.436201 0.809143 -0.057044 0.890138 -0.452107 -0.917458 0.131847 0.375349
-3.960022 -103.161685 -318.381121 877.496524 0.982127 -0.181917 0.048304 -0.067696 -0.101939 0.992485 0.175626 0.978016 0.112432
-4.656080 -100.324330 -366.936320 -844.130693 0.976032 -0.205421 0.071855 -0.044778 0.133547 0.990030 0.212969 0.969519 -0.121147
-5.420932 -97.682999 48.829029 724.031860 0.969937 -0.235279 0.062173 0.024361 0.348070 0.937152 0.242132 0.907464 -0.343338
-5.822152 -111.188889 -407.667633 1707.593727 0.976350 -0.214902 0.023611 0.087254 0.491608 0.866434 0.197806 0.843883 -0.498733
10.749678 -67.690827 -1032.123299 -4583.733930 -0.952358 0.087052 -0.292294 0.136730 0.978556 -0.154058 0.272615 -0.186683 -0.943838
17.764902 -72.346535 -883.453138 -3691.686911 -0.967385 0.003870 -0.253280 0.021476 0.997536 -0.066786 0.252398 -0.070047 -0.965085
10.340804 -315.084108 -2893.824810 27733.231302 0.903595 -0.383632 0.190636 0.295232 0.235219 -0.926018 -0.310409 -0.893028 -0.325803
-3.350660 -2432.259037 -7542.075660 665316.283039 0.861873 -0.503769 -0.058238 -0.157008 -0.155876 -0.975218 -0.482207 -0.849658 0.213441
63.083868 -1385.519243 5664.336878 371887.398925 0.949680 -0.313118 0.008042 0.058684 0.152651 -0.986536 -0.307675 -0.937366 -0.163345
14.595417 -1383.707377 -5582.488587 362549.298219 0.885403 -0.418555 0.202171 0.221826 -0.001741 -0.975085 -0.408479 -0.908190 -0.091305
3.950423 -351.039422 1049.885484 25771.770555 0.955654 -0.261283 0.135857 0.271908 0.605680 -0.747809 -0.113104 -0.751587 -0.649865
1.609909 -342.362429 -146.084034 51853.362462 0.921830 -0.334895 0.195127 0.356120 0.533092 -0.767458 -0.152997 -0.776954 -0.610683
