13227
26449
-39.966189 -56.591944 -1906.825828 7549.580967 -0.277829 0.956139 -0.092785 0.861929 0.205473 -0.463530 0.424135 0.208756 0.881210
-52.242378 -71.517486 -449.130042 7405.620631 -0.487743 0.870120 -0.070695 0.831283 0.438187 -0.341995 0.266599 0.225574 0.937039
-44.794961 -81.090294 -2247.513834 13313.369216 -0.626316 0.775183 0.082583 0.707354 0.609628 -0.357776 0.327687 0.165665 0.930148
-40.740883 -57.200080 1061.539824 4524.719900 0.107216 0.921056 -0.374380 0.922502 -0.232594 -0.308043 0.370803 0.312339 0.874614
-27.790304 -65.051671 -5636.325096 12494.027809 -0.421813 0.901281 0.098828 0.757631 0.410246 -0.507635 0.498065 0.139252 0.855885
-29.013759 -42.526629 -2815.054050 5022.959574 -0.038860 0.984154 -0.173004 0.845817 -0.059790 -0.530112 0.532056 0.166930 0.830091
-31.903412 -45.403487 -114.372594 4431.711030 0.204179 0.899247 -0.386867 0.855355 -0.356085 -0.376261 0.476109 0.254084 0.841880
3.128326 -83.803390 -9669.361441 348.748478 0.156939 0.949012 -0.273398 -0.668312 -0.101768 -0.736887 0.727138 -0.298361 -0.618265
-19.213529 -79.422357 -6455.862032 564.237724 0.109987 0.959663 -0.258746 -0.725530 -0.100412 -0.680826 0.679345 -0.262609 -0.685220
-14.463401 -78.695780 -6913.405865 1170.939554 0.174039 0.961080 -0.214557 -0.557578 -0.083414 -0.825923 0.811675 -0.263376 -0.521360
-43.366682 -76.259661 -2861.247089 2402.739681 -0.136815 0.989575 0.044972 -0.822502 -0.088181 -0.561885 0.552062 0.113864 -0.825992
-37.856633 -72.111243 -741.298965 1191.865957 -0.049209 0.998730 -0.010766 -0.814888 -0.046379 -0.577760 0.577526 0.019658 -0.816135
-38.493483 -69.787107 -680.466250 2100.819280 -0.090189 0.995885 0.008844 -0.902687 -0.077991 -0.423170 0.420739 0.046149 -0.906007
-41.169173 -69.785639 -1878.060265 4365.887154 -0.135297 0.986664 0.090496 -0.921454 -0.091730 -0.377503 0.364167 0.134462 -0.921576
-45.767521 -75.746409 -3095.643566 4385.906500 -0.201508 0.972756 0.114632 -0.855864 -0.117952 -0.503571 0.476331 0.199583 -0.856315
13.179095 -32.413008 1343.191328 -1602.762531 -0.295250 0.955374 0.009386 0.875652 0.274516 -0.397335 0.382180 0.109094 0.917626
10.186843 -26.210614 1206.069323 -2516.877060 -0.282213 0.959350 0.001730 0.913940 0.269402 -0.303541 0.291668 0.084082 0.952817
7.561479 -27.894180 1453.836387 -2087.307722 -0.375335 0.926749 0.016148 0.876005 0.360369 -0.320547 0.302886 0.106166 0.947095
6.430921 -32.098724 2309.755583 -1473.846425 -0.417114 0.908770 0.012393 0.838156 0.389904 -0.381403 0.351440 0.148701 0.924326
1.284905 -27.341012 1599.836817 -1699.223168 -0.495985 0.867432 0.039508 0.827038 0.485773 -0.282900 0.264588 0.107639 0.958335
18.888485 -47.124052 4111.195498 -351.155904 -0.446981 0.886301 0.121155 -0.192029 0.037212 -0.980684 0.873689 0.461612 -0.153562
12.822922 -47.321268 5046.281250 -229.501469 -0.468927 0.876971 0.105014 -0.110220 0.059865 -0.992103 0.876332 0.476799 -0.068588
4.953005 -45.370129 4755.030814 281.971709 -0.475893 0.869813 0.130194 -0.215751 0.028053 -0.976045 0.852630 0.492583 -0.174313
14.994976 -44.505335 4603.781802 1096.237800 -0.454530 0.877836 0.151020 -0.313289 0.001159 -0.949657 0.833818 0.478961 -0.274489
9.867538 -34.062058 -836.477274 3101.821755 0.175991 -0.983081 -0.050777 0.983967 0.177196 -0.020248 0.028903 -0.046399 0.998505
6.204283 -33.408449 -2032.475141 2362.494881 0.129374 -0.991013 -0.033993 0.991431 0.128651 0.022671 -0.018094 -0.036634 0.999165
5.890120 -27.543914 2499.328088 2625.860427 -0.194803 0.980645 0.019665 0.978913 0.195638 -0.058785 0.061494 -0.007799 0.998077
10.601057 -25.672272 942.060358 2869.340774 -0.214454 0.975368 0.051650 0.968691 0.219162 -0.116641 0.125088 -0.025019 0.991830
7.079234 -21.351214 2933.587160 1839.354822 -0.276864 0.960848 0.010807 0.952771 0.275963 -0.126778 0.124796 0.024804 0.991872
1.843817 -23.899586 3712.277002 1811.816496 -0.256821 0.966441 0.005913 0.963199 0.256452 -0.080497 0.079312 0.014978 0.996737
-1.303517 -65.959562 -1337.095555 -564.348616 0.348678 0.845465 -0.404492 -0.099279 -0.395831 -0.912941 0.931970 -0.358480 0.054080
-2.382036 -67.020180 -1155.494559 -306.123477 0.332426 0.832610 -0.443005 -0.287727 -0.357794 -0.888367 0.898168 -0.422781 -0.120625
-2.801669 -62.891663 -201.894337 -320.039805 0.333314 0.850938 -0.405962 -0.169410 -0.369522 -0.913649 0.927471 -0.373306 -0.020991
0.673167 -52.522166 -103.402246 -470.141161 0.067265 0.958500 -0.277044 0.035675 0.275185 0.960729 -0.997097 0.074507 0.015684
1.521238 -50.677557 61.039890 -764.828574 0.077243 0.962521 -0.259976 0.116061 0.250302 0.961186 -0.990234 0.104418 0.092377
2.207592 -49.529460 710.639464 293.524473 0.081198 0.952646 -0.293040 0.008428 0.293344 0.955970 -0.996662 0.080092 -0.015790
0.540743 -52.286891 1197.680667 -887.653113 0.098058 0.956313 -0.275410 0.130514 0.261996 0.956203 -0.986585 0.129709 0.099121
2.305551 -48.716052 1007.356407 569.155816 0.082605 0.944227 -0.318766 0.004077 0.319536 0.947565 -0.996574 0.079574 -0.022545
-10.801032 -42.963596 -1232.822085 -2643.474647 0.331704 0.895771 -0.295919 0.504364 -0.433474 -0.746805 0.797239 -0.098467 0.595579
-11.748308 -42.294505 -733.379254 1235.181123 0.292397 0.904306 -0.311021 0.418819 -0.413480 -0.808471 0.859706 -0.106133 0.499640
-11.271262 -42.628649 -652.316156 -3202.380747 0.288562 0.911064 -0.294438 0.540027 -0.408806 -0.735696 0.790635 -0.053290 0.609965
-9.391617 -43.665037 -594.130847 -562.918827 0.335439 0.883457 -0.327086 0.549540 -0.465509 -0.693763 0.765171 -0.052968 0.641645
-11.505149 -46.286655 -177.279035 -1028.556698 0.319837 0.881844 -0.346491 0.573365 -0.471281 -0.670184 0.754293 -0.015684 0.656351
-11.961225 -44.143710 -708.679204 -3241.973650 0.263056 0.913748 -0.309623 0.564460 -0.406031 -0.718696 0.782424 -0.014287 0.622583
-8.409523 -60.863473 994.045543 2052.364761 0.147993 0.986226 -0.073866 0.713086 -0.158161 -0.683003 0.685278 -0.048407 0.726671
-9.791684 -61.255994 1060.711918 -326.202487 0.171803 0.980887 -0.091350 0.785762 -0.192374 -0.587853 0.594190 -0.029216 0.803794
-8.817691 -63.747891 501.308007 -1617.914353 0.157791 0.986712 -0.038750 0.703828 -0.139904 -0.696457 0.692624 -0.082622 0.716551
-5.684903 -63.704097 1189.891730 -359.028913 0.168415 0.979421 -0.111226 0.650567 -0.195215 -0.733930 0.740540 -0.051245 0.670056
2.542721 -110.608377 780.439198 -8666.420504 0.798419 -0.472416 0.373296 0.236555 0.816254 0.527039 -0.553687 -0.332493 0.763465
-1.400684 -92.204555 804.634010 -7422.473505 0.792445 -0.488103 0.365767 0.111466 0.705464 0.699925 -0.599671 -0.513882 0.613449
0.839139 -104.138631 332.814928 -8931.398652 0.797533 -0.458944 0.391550 0.160311 0.786933 0.595850 -0.581586 -0.412441 0.701178
3.491025 -121.214091 574.787847 -11181.205021 0.802685 -0.452728 0.388246 0.280731 0.861160 0.423784 -0.526201 -0.231173 0.818335
4.362407 -123.513548 467.871966 -5650.954647 0.795831 -0.471583 0.379818 0.376042 0.876553 0.300412 -0.474600 -0.096250 0.874923
-0.027206 -104.691819 -1447.992428 -1654.374579 0.044396 0.988567 0.144098 0.993609 -0.058678 0.096426 0.103779 0.138896 -0.984854
1.047147 -106.885806 546.317657 3184.772230 0.051870 0.984890 0.165234 -0.980028 0.082008 -0.181162 0.191975 0.152537 -0.969473
0.461686 -108.204833 -426.112845 4837.463898 0.086279 0.983042 0.161814 -0.950288 0.129979 -0.282946 0.299180 0.129357 -0.945388
-0.337677 -118.188178 -1538.540475 1929.539786 0.081073 0.985796 0.147080 -0.982643 0.103758 -0.153779 0.166856 0.132060 -0.977097
6.041166 -141.253186 1620.962324 -9761.515054 0.770253 -0.421688 0.478425 -0.157954 0.600670 0.783738 0.617869 0.679245 -0.396061
4.552664 -149.053148 1794.278180 -3177.932649 0.780440 -0.450620 0.433423 -0.312043 0.319986 0.894560 0.541796 0.833397 -0.109117
6.874276 -153.901819 1534.273692 -12337.152725 0.788547 -0.425577 0.443935 -0.218888 0.480373 0.849311 0.574701 0.766894 -0.285643
6.393579 -179.294125 90.385789 -20333.428397 0.809582 -0.380347 0.447116 -0.153308 0.598252 0.786505 0.566633 0.705287 -0.426024
6.447940 -137.248285 -1067.465856 -11074.804369 -0.777655 0.392323 -0.491259 -0.109341 0.685092 0.720204 0.619110 0.613785 -0.489869
-14.836730 -42.498194 -2861.030502 -666.863467 -0.197176 0.979895 0.030456 0.794287 0.177883 -0.580918 0.574656 0.090352 0.813392
-10.908645 -40.143375 -2357.124077 -602.432236 -0.246284 0.968469 0.037588 0.843689 0.233317 -0.483479 0.477004 0.087360 0.874548
-6.254461 -42.255169 -4139.467397 -545.074618 -0.116930 0.993126 0.005259 0.836600 0.101351 -0.538358 0.535190 0.058551 0.842700
-4.138078 -605.380102 -5157.067832 159033.507814 -0.595039 0.081414 -0.799563 -0.060630 0.987474 0.145668 0.801407 0.135156 -0.582649
38.220723 -1000.684008 -19803.241288 340894.952874 -0.641296 0.034333 -0.766525 0.254133 0.952117 -0.169969 0.723986 -0.303800 -0.619314
0.979787 -376.850793 -378.680847 51916.828033 -0.587851 0.141533 -0.796492 0.186460 0.981772 0.036839 0.787188 -0.126858 -0.603525
3.648687 -370.468124 1125.347829 39964.123703 -0.567249 0.184159 -0.802692 -0.139868 0.938974 0.314269 0.811582 0.290540 -0.506874
-34.899364 -154.714321 1031.683980 -8353.778923 -0.222655 0.612925 -0.758121 -0.426344 0.638119 0.641120 0.876730 0.465969 0.119236
160.040815 -2660.010757 2918.795280 -858460.299325 -0.034158 -0.349679 0.936247 0.790012 -0.583230 -0.189009 0.612139 0.733190 0.296172
6.112573 -1743.646056 -18053.674228 588421.276270 -0.331463 0.494037 -0.803779 -0.151590 0.812984 0.562208 0.931210 0.308196 -0.194583
16.340017 -18.317300 6827.444327 -357.515001 0.052226 0.939521 -0.338486 0.485698 -0.320056 -0.813426 0.872565 0.121920 0.473038
0.596662 -17.930882 6163.895174 -337.050397 0.024510 0.945431 -0.324901 0.488642 -0.294859 -0.821150 0.872140 0.138634 0.469204
7.240205 -22.724305 6586.995049 -2540.677161 0.015801 0.951774 -0.306393 0.454266 -0.279814 -0.845782 0.890726 0.125820 0.436780
2.031957 -37.902211 6310.017200 -1455.638207 -0.011767 0.971385 -0.237219 0.259686 -0.226126 -0.938845 0.965621 0.072650 0.249594
15.587923 -41.551445 6429.025897 -1118.539759 0.002845 0.985367 -0.170420 0.207094 -0.167307 -0.963909 0.978317 0.032551 0.204540
16.419087 -35.483112 6955.581381 -2335.316165 0.009938 0.970831 -0.239558 0.331598 -0.229213 -0.915153 0.943368 0.070342 0.324203
-9.391360 -34.409995 -1702.707264 328.080534 -0.080544 0.985876 0.146837 0.071498 0.152650 -0.985691 0.994183 0.068893 0.082783
-4.453815 -34.078803 -1850.523400 410.056681 -0.049043 0.995703 0.078556 0.100188 0.083158 -0.991487 0.993759 0.040755 0.103836
-9.523047 -34.287792 -1482.548011 871.367936 -0.076096 0.982323 0.171032 -0.009345 0.170819 -0.985258 0.997057 0.076572 0.003818
-13.133335 -36.183173 -852.727929 715.537958 -0.124643 0.978108 0.166640 0.017288 0.170065 -0.985281 0.992051 0.119928 0.038107
-12.643135 -36.542899 -1056.944184 -328.014549 -0.112976 0.986960 0.114654 0.121151 0.128215 -0.984319 0.986184 0.097314 0.134056
21.650145 -42.809723 18550.430903 1482.163886 0.117797 0.798691 -0.590099 0.439460 0.490952 0.752224 -0.890505 0.347934 0.293160
65.093941 -41.132912 37114.858132 954.752314 0.152901 0.778715 -0.608461 0.474086 0.482428 0.736550 -0.867101 0.401082 0.295414
131.489291 -42.217632 65255.175963 2667.368223 0.147764 0.766511 -0.625002 0.423994 0.521829 0.740219 -0.893529 0.374375 0.247889
20.667988 -190.727017 2345.449949 -22651.332961 0.160427 0.983000 -0.089302 0.268786 0.043548 0.962215 -0.949746 0.178369 0.257231
151.554871 -811.401678 -56419.864672 -358806.784518 0.158473 0.983574 -0.086425 0.472317 0.001350 0.881427 -0.867065 0.180502 0.464345
38.776012 -266.819807 4267.359561 -36519.134019 0.188460 0.980911 -0.047920 0.479332 -0.049286 0.876249 -0.857160 0.188108 0.479470
-176.258293 -559.308718 37646.963883 136522.776912 -0.093198 0.986841 0.132133 -0.919275 -0.136261 0.369277 -0.382422 0.087050 -0.919878
-288.246258 -449.460965 47095.636523 93271.507992 0.137671 0.959720 -0.244915 -0.899468 0.224676 0.374805 -0.414734 -0.168693 -0.894169
-357.278190 -485.656574 -12982.513237 119109.458920 0.463654 0.766786 -0.443919 -0.503960 0.640320 0.579668 -0.728731 0.045048 -0.683316
-118.654024 -396.318264 29425.885844 102747.271267 0.100915 0.981115 0.165013 -0.711734 -0.044698 0.701026 -0.695163 0.188189 -0.693782
-67.283744 -607.388378 19277.857767 179833.979672 -0.062710 0.942246 0.328998 -0.940130 -0.166419 0.297424 -0.334998 0.290649 -0.896270
2.056621 -77.438691 907.197970 1782.165010 -0.177709 -0.976421 0.122561 0.980838 -0.185850 -0.058454 0.079854 0.109824 0.990738
0.498292 -78.586852 591.797919 4190.454581 -0.174878 -0.976727 0.124187 0.981523 -0.182889 -0.056252 0.077656 0.112055 0.990663
1.601764 -77.041256 -2007.038810 487.280294 0.169366 0.980762 -0.097061 0.978077 -0.155157 0.138891 -0.121159 0.118457 0.985540
3.175732 -78.732318 1631.044542 91.609514 -0.171426 -0.978478 0.114862 0.982994 -0.162083 0.086329 -0.065854 0.127708 0.989623
-41.187961 -58.530465 -504.950659 -998.277579 -0.114254 -0.232039 0.965973 0.213470 0.943893 0.251984 -0.970246 0.234996 -0.058310
-40.667381 -59.281875 -1132.398153 415.703270 -0.167116 -0.092748 0.981565 0.317648 0.937416 0.142658 -0.933366 0.335633 -0.127196
-38.940731 -59.376779 -1282.368063 -310.273247 -0.202281 -0.084187 0.975702 0.186590 0.974734 0.122787 -0.961388 0.206894 -0.181462
-37.905401 -55.579950 671.792944 -1753.887393 -0.066437 -0.412373 0.908590 0.038493 0.908864 0.415312 -0.997048 0.062566 -0.044509
-41.260213 -57.088706 817.309598 -1280.635735 -0.032669 -0.440707 0.897056 0.158234 0.883935 0.440024 -0.986861 0.156320 0.040858
16.703886 -49.704780 4188.488240 -929.044285 0.192933 0.838920 0.508911 -0.604729 -0.306781 0.734975 -0.772709 0.449554 -0.448131
21.779431 -49.727731 949.527931 1368.761589 0.137003 0.889582 0.435746 -0.485746 -0.323041 0.812216 -0.863297 0.322937 -0.387853
24.136058 -51.593927 -1299.169674 -1680.002148 0.085298 0.911070 0.403332 -0.660874 -0.251207 0.707206 -0.745634 0.326875 -0.580675
23.378944 -51.057317 -2746.940595 -568.668510 0.031621 0.942527 0.332632 -0.653178 -0.232416 0.720654 -0.756544 0.240055 -0.608288
26.351858 -50.052742 -3340.454893 -1375.102481 0.025896 0.945248 0.325325 -0.743855 -0.199190 0.637968 -0.667839 0.258516 -0.697969
27.733017 -49.276366 -1177.841804 -1053.484340 0.097379 0.900939 0.422879 -0.755332 -0.209776 0.620861 -0.648068 0.379873 -0.660080
26.707566 -50.666333 2408.804661 -2851.850193 0.153631 0.867418 0.473269 -0.712023 -0.234916 0.661693 -0.685143 0.438635 -0.581531
-8.642669 -48.042243 223.824514 1128.036521 -0.476784 -0.828405 -0.293977 0.872777 -0.485929 -0.046196 -0.104583 -0.278602 0.954696
-9.057625 -48.355492 677.929616 388.720510 -0.456268 -0.836999 -0.302081 0.889187 -0.441882 -0.118688 -0.034142 -0.322760 0.945865
-9.201203 -50.262776 -49.252003 171.533435 -0.453006 -0.849093 -0.271711 0.890648 -0.444416 -0.096125 -0.039133 -0.285544 0.957566
-9.642122 -47.516549 -396.395603 -938.342859 -0.498604 -0.826752 -0.260528 0.853380 -0.520912 0.019828 -0.152105 -0.212443 0.965263
-2.947423 -63.694725 823.245926 1891.860043 0.308524 0.949705 0.053612 -0.871414 0.259593 0.416232 -0.381381 0.175135 -0.907676
-4.609493 -66.248142 1109.957282 -637.079906 0.334227 0.941461 0.044085 -0.916786 0.313905 0.246916 -0.218623 0.122943 -0.968034
-3.086591 -67.305711 -38.113784 2911.448625 0.309808 0.950320 0.030182 -0.868475 0.269920 0.415806 -0.387002 0.155032 -0.908952
-3.030357 -60.032636 579.102183 2730.954721 0.283330 0.957617 0.051901 -0.826705 0.216451 0.519334 -0.486089 0.190050 -0.852994
-1.274038 -55.976363 693.469606 2804.324622 0.271113 0.960348 0.065034 -0.794770 0.185231 0.577953 -0.542989 0.208378 -0.813475
-0.554653 -61.389577 95.749200 1706.349150 0.278181 0.959736 0.039027 -0.875392 0.236591 0.421560 -0.395353 0.151434 -0.905960
23.437798 -78.755568 6819.745931 -10461.761954 0.267023 0.872541 0.409110 -0.123672 0.452040 -0.883383 0.955722 -0.185288 -0.228614
26.507631 -65.197493 3201.752583 -1622.774847 0.343937 0.826751 0.445186 -0.069740 0.495291 -0.865923 0.936399 -0.266776 -0.228007
28.662938 -69.550733 7282.876735 345.470132 0.248236 0.864450 0.437155 -0.070010 0.466110 -0.881952 0.966166 -0.188327 -0.176226
16.977685 -80.630843 6296.601898 -5658.794916 0.232436 0.887051 0.398890 -0.180931 0.442400 -0.878377 0.955635 -0.131995 -0.263325
0.060979 -166.061583 -652.369057 -22284.452288 0.487224 0.872086 0.045594 -0.785355 0.414741 0.459573 -0.381878 0.259723 -0.886969
1.422318 -142.792223 -1471.082750 -16047.698781 0.515183 0.856964 0.014138 -0.817445 0.486333 0.308650 -0.257626 0.170568 -0.951071
4.301312 -207.015486 -1500.357014 -28036.111053 0.494372 0.868386 0.038761 -0.769780 0.416651 0.483571 -0.403777 0.268901 -0.874446
2.745560 -17.567209 -4868.418447 -420.699527 -0.027764 0.804619 0.593142 0.581443 -0.469665 0.664334 -0.813113 -0.363323 0.454800
8.778656 -16.007729 -5617.279305 835.391269 0.036265 0.744369 0.666783 0.553886 -0.570333 0.606573 -0.831802 -0.347324 0.432979
11.941061 -16.232259 -2324.283823 -751.527997 0.087697 0.760734 0.643112 0.558033 -0.572308 0.600885 -0.825172 -0.306183 0.474704
6.169876 -20.213795 -3161.860043 -1924.347085 -0.045247 0.836496 0.546101 0.594849 -0.416619 0.687447 -0.802563 -0.355953 0.478738
3.436075 -65.274850 -116.531354 601.808455 0.172696 0.967463 0.184908 -0.576153 -0.053041 0.815619 -0.798889 0.247390 -0.548247
5.093913 -71.104077 -292.311928 3336.412606 0.212154 0.964985 0.154256 -0.674327 0.030311 0.737810 -0.707300 0.260548 -0.657146
4.370752 -66.961478 370.449676 1132.160141 0.198767 0.958927 0.202363 -0.552432 -0.060927 0.831329 -0.809513 0.277032 -0.517631
3.560930 -65.541366 86.510418 -1607.868858 0.181697 0.966984 0.178684 -0.432298 -0.084661 0.897748 -0.883236 0.240363 -0.402642
-10.628350 -38.716069 9602.359888 -2351.097493 0.046512 0.791330 -0.609617 -0.102866 0.610828 0.785053 -0.993607 -0.026194 -0.109811
2.744373 -46.651711 10979.359514 -3610.791830 0.028838 0.875920 -0.481594 -0.004551 0.481905 0.876212 -0.999574 0.023077 -0.017883
344.694726 -42.425744 192066.609663 -8302.267369 0.065212 0.828822 -0.555699 -0.108739 0.559470 0.821687 -0.991929 -0.006843 -0.126609
-5.313843 -28.606774 9978.525185 -1885.203492 0.075051 0.721469 -0.688367 -0.167752 0.689611 0.704483 -0.982968 -0.062603 -0.172784
594.688637 -43.248378 272468.075648 -7253.528171 0.040249 0.912384 -0.407352 -0.187086 0.407354 0.893902 -0.981519 -0.040231 -0.187090
-8.920824 -46.134024 558.023005 -1853.741725 0.498211 0.823183 0.272315 0.789622 -0.560496 0.249684 -0.358167 -0.090631 0.929248
-8.654686 -42.505490 323.130530 1116.664932 0.466774 0.847034 0.254275 0.793455 -0.528083 0.302584 -0.390577 -0.060518 0.918579
-8.552531 -45.237810 346.938066 2106.577417 0.440045 0.860547 0.256552 0.792630 -0.506501 0.339404 -0.422017 -0.053998 0.904978
8.097054 -289.679901 -797.906879 -4946.647257 -0.436425 -0.788610 0.433160 0.703319 0.001238 0.710874 -0.561138 0.614892 0.554104
9.823162 -331.245313 970.164872 -37795.760120 0.422468 0.792074 -0.440612 0.398374 0.274384 0.875221 -0.814137 0.545281 0.199624
8.131510 -324.254976 1829.274950 -18268.479380 0.427456 0.782683 -0.452425 0.458020 0.243972 0.854807 -0.779422 0.572612 0.254197
5.548546 -290.604561 -2667.016672 -22142.498337 0.393231 0.807805 -0.439114 0.432815 0.258730 0.863556 -0.811197 0.529632 0.247889
7.314797 -309.472459 -1392.937330 4924.609472 -0.435766 -0.770683 0.464925 0.743713 -0.017371 0.668274 -0.506951 0.636981 0.580737
-14.969312 -67.066432 627.471252 -6618.431970 0.716800 0.627055 0.304958 -0.608722 0.349434 0.712288 -0.340081 0.696202 -0.632177
-14.986282 -55.621790 657.843608 4047.303787 0.645486 0.649477 0.401904 0.729392 -0.368086 -0.576628 -0.226572 0.665351 -0.711318
-18.481778 -52.737508 908.218249 3565.506536 0.671567 0.653301 0.349565 0.698114 -0.399826 -0.593950 -0.248262 0.642914 -0.724588
-20.567963 -56.928965 1143.747163 -4903.804226 0.726146 0.634277 0.265337 -0.618828 0.434773 0.654236 -0.299605 0.639269 -0.708217
-16.534211 -77.008669 880.374683 -8645.426655 0.776216 0.607679 0.167974 -0.472486 0.384287 0.793146 -0.417428 0.695018 -0.585409
-1.049830 -357.617660 151.489423 -30717.966826 0.574786 0.668537 -0.471889 0.678794 -0.067469 0.731222 0.457012 -0.740612 -0.492579
-0.998462 -354.138567 -1391.374131 16489.371993 0.610045 0.638928 -0.468632 -0.541832 -0.095167 -0.835082 0.578155 -0.763357 -0.288136
-3.016582 -369.770609 -530.440492 -74497.357162 0.591808 0.649711 -0.477115 0.751775 -0.231298 0.617524 0.290856 -0.724139 -0.625320
-1.470292 -379.314666 -8.832331 -49523.232871 0.555356 0.674368 -0.486628 0.825924 -0.378937 0.417441 0.097108 -0.633746 -0.767422
-1.869590 -344.630993 -821.200814 -43075.575986 0.564757 0.663621 -0.490569 0.814589 -0.352998 0.460257 0.132266 -0.659545 -0.739936
-2.758854 -360.845646 -801.609176 -52850.627316 0.586607 0.658866 -0.470944 0.687069 -0.097014 0.720086 0.428752 -0.745979 -0.509596
-0.483899 -348.996146 359.955469 3439.331411 0.578394 0.678045 -0.453559 -0.440137 -0.208739 -0.873331 0.686833 -0.704758 -0.177699
123.749434 -329.178226 -10030.011454 -55765.059341 0.424062 0.905621 -0.004719 0.783455 -0.369460 -0.499698 0.454280 -0.208206 0.866187
115.936882 -5510.529544 33829.589274 3717915.880645 0.126033 0.981072 -0.147017 0.730896 0.008371 0.682437 -0.670751 0.193464 0.716006
39.281186 -27862.886635 74751.382840 -5033570.416630 0.437112 0.855912 -0.276311 0.104453 -0.353445 -0.929605 0.893321 -0.377480 0.243898
48.838658 -94743.889182 486211.624162 -43594151.956632 -0.221173 -0.931655 0.288272 0.968344 -0.174721 0.178276 -0.115724 0.318576 0.940807
-331.962085 -11068.244992 124081.483535 -1898673.161682 0.214824 0.875101 -0.433646 -0.852744 0.384517 0.353517 -0.476108 -0.293845 -0.828840
459.631327 -5957.229286 120860.129272 8737157.578986 0.396172 0.833923 -0.384214 0.843270 -0.164920 0.511563 0.363240 -0.526663 -0.768559
-158.863986 -3984.769926 57569.330391 -2208447.920032 0.288980 0.890190 -0.352211 -0.302852 -0.264007 -0.915741 0.908169 -0.371299 -0.193303
-23.909585 -35.983771 537.700153 -1031.259678 -0.043256 0.983579 0.175220 -0.936502 0.021169 -0.350023 0.347985 0.179234 -0.920207
-24.985025 -35.232502 579.562838 -790.926656 -0.002971 0.981984 0.188941 -0.916731 0.072807 -0.392815 0.399494 0.174375 -0.899999
-25.281722 -36.720615 504.714253 -265.230379 0.126921 0.976620 0.173508 -0.925637 0.179481 -0.333141 0.356494 0.118322 -0.926775
-22.195209 -35.703743 -132.341230 790.711801 0.090231 0.983155 0.158950 -0.965085 0.125724 -0.229791 0.245904 0.132666 -0.960172
-13.707333 -94.305829 -1755.721926 637.253604 0.509075 0.848955 0.141841 -0.764267 0.521645 -0.379185 0.395902 -0.084629 -0.914385
-10.995532 -97.221416 -628.545267 1598.316549 0.501216 0.854440 0.136804 -0.807556 0.518669 -0.280778 0.310864 -0.030254 -0.949973
-12.550652 -91.918469 -830.197260 481.120115 0.490493 0.857980 0.152598 -0.850471 0.509479 -0.130884 0.190041 0.065582 -0.979583
17.694064 -1696.614916 6021.176838 -687587.944658 0.960719 0.276093 -0.028140 0.239140 -0.772128 0.588753 -0.140823 0.572356 0.807823
18.101382 -1034.803486 13730.038642 -319455.766738 0.901640 0.398051 -0.169120 0.347764 -0.434807 0.830665 -0.257112 0.807774 0.530466
-22.122166 -646.361582 565.548487 -181240.860405 0.930851 0.362472 0.046147 0.124482 -0.433316 0.892604 -0.343540 0.825137 0.448475
-53.351216 -1848.534209 -5828.579891 -667073.894692 0.975045 0.135267 0.176038 0.062182 -0.927605 0.368351 -0.213120 0.348213 0.912868
37.991693 -4084.142134 1628.924322 -1441239.655694 0.986155 -0.007318 0.165664 0.163729 0.201331 -0.965743 0.026286 -0.979496 -0.199742
13.626572 -583.993319 -2178.352460 -184470.415410 0.986317 -0.051695 0.156542 0.164613 0.257127 -0.952254 -0.008976 -0.964994 -0.262119
13.517312 -192.774887 -1611.391986 -25782.979178 0.981286 -0.076312 0.176790 0.180091 0.038747 -0.982886 -0.068156 -0.996331 -0.051765
18.058918 -172.009646 1450.123739 -25283.810199 0.988896 -0.018267 0.147481 0.147222 -0.014817 -0.988993 -0.020251 -0.999723 0.011964
-48.632676 -79.219326 -1346.313874 3123.884573 -0.519198 0.854057 -0.031935 0.846983 0.509183 -0.152817 0.114254 0.106391 0.987738
-56.658038 -79.949434 -405.384241 4988.326632 0.422114 -0.893468 0.153413 0.902032 0.397094 -0.169279 0.090326 0.209838 0.973555
-45.587195 -69.513123 -786.856259 5261.989224 0.041088 -0.950396 0.308315 0.977192 -0.026120 -0.210744 0.208344 0.309942 0.927647
55.846385 -99.353416 -3807.542188 -5935.975265 -0.289631 0.954871 0.065841 -0.472571 -0.082842 -0.877391 0.832341 0.285234 -0.475238
62.903569 -106.286354 -5788.456643 287.652070 -0.322215 0.941336 0.100324 -0.632339 -0.135149 -0.762812 0.704503 0.309228 -0.638790
56.971572 -103.056636 281.611475 -4829.136838 -0.269406 0.961896 0.046655 -0.617661 -0.135418 -0.774698 0.738861 0.237525 -0.630608
52.646141 -93.712602 1641.063119 -9101.049410 -0.229839 0.973158 0.011742 -0.393314 -0.081843 -0.915754 0.890212 0.215094 -0.401567
-36.850990 -69.327585 1314.911818 -1059.303908 -0.017816 0.999483 -0.026746 -0.866219 -0.028789 -0.498834 0.499347 -0.014281 -0.866285
1.798872 -46.953236 5596.802238 368.766358 -0.499237 0.861088 0.096383 -0.065716 0.073288 -0.995143 0.863970 0.503147 -0.019999
15.533133 -48.047269 5287.353464 47.450456 -0.469661 0.878770 0.084750 0.007648 0.100043 -0.994954 0.882814 0.466643 0.053707
24.906613 -48.053188 5447.479188 -279.869965 -0.447613 0.890399 0.082654 0.078997 0.131442 -0.988171 0.890731 0.435789 0.129174
15.951898 -46.804894 6243.743019 464.478117 -0.480865 0.874771 0.059541 0.135378 0.141168 -0.980686 0.866280 0.463517 0.186307
3.450772 -46.791218 5780.136045 48.901472 -0.497787 0.864966 0.063576 0.083854 0.120959 -0.989109 0.863236 0.487035 0.132743
9.157106 -37.725005 553.019099 1515.103424 -0.109603 0.992312 0.057478 0.990137 0.103920 0.093966 -0.087270 -0.067210 0.993915
1.781415 -68.114424 -1772.831982 3.401925 0.350361 0.829279 -0.435367 -0.248484 -0.365875 -0.896879 0.903052 -0.422413 -0.077875
0.810938 -68.285359 -2209.543713 -365.707307 0.346830 0.817798 -0.459256 -0.375031 -0.327885 -0.867089 0.859686 -0.472967 -0.192979
-2.404222 -67.493741 -1753.381329 -164.680748 0.330562 0.819378 -0.468347 -0.445060 -0.302267 -0.842945 0.832256 -0.487088 -0.264754
-1.012076 -52.884683 522.835446 -239.529883 0.078550 0.963763 -0.254934 0.073508 0.249429 0.965599 -0.994196 0.094587 0.051251
1.011080 -51.984444 393.084845 1050.301324 0.079953 0.954567 -0.287071 -0.041179 0.290910 0.955864 -0.995948 0.064603 -0.062568
0.100875 -52.898351 1175.263551 1178.399502 0.085347 0.958903 -0.270592 -0.051025 0.275433 0.959965 -0.995044 0.068123 -0.072436
-1.714165 -54.585129 591.745671 771.804272 0.074735 0.966627 -0.245046 -0.006482 0.246199 0.969198 -0.997182 0.070845 -0.024665
-13.184402 -35.812711 -1760.731752 -3667.609166 0.137623 0.982312 0.126973 0.946787 -0.168123 0.274461 -0.290953 -0.082444 0.953178
-13.372793 -27.311603 -873.718308 -3807.125524 0.133867 0.983037 0.125374 0.911309 -0.171819 0.374158 -0.389353 -0.064167 0.918851
-10.761452 -31.859304 -1530.759669 -3780.389963 0.083336 0.986787 0.138950 0.941924 -0.123520 0.312284 -0.325321 -0.104856 0.939772
-15.863923 -29.603601 -957.185521 -3873.483065 0.170772 0.980260 0.099630 0.910585 -0.195639 0.364088 -0.376392 -0.028546 0.926020
-16.354499 -36.580219 -825.937140 -3938.133214 0.186209 0.978719 0.086224 0.938813 -0.203122 0.278157 -0.289752 -0.029153 0.956658
-3.206602 -87.122613 166.075957 -9165.445081 0.781269 -0.533000 0.324852 0.114142 0.633652 0.765152 -0.613669 -0.560710 0.555891
-5.346189 -78.349022 190.762224 4925.208194 0.783412 -0.515545 0.347101 -0.024172 -0.583338 -0.811869 -0.621032 -0.627638 0.469456
-1.797153 -90.813685 523.683213 -3634.585146 0.795078 -0.445430 0.411635 0.034714 0.711006 0.702329 -0.605513 -0.544117 0.580767
0.485922 -108.400455 -530.919764 2763.531593 0.006446 0.987981 0.154441 0.999772 -0.003220 -0.021130 -0.020379 0.154542 -0.987776
9.248266 -199.392242 -560.026918 -34707.261783 0.827048 -0.324793 0.458803 -0.189156 0.607790 0.771240 0.529350 0.724638 -0.441235
13.243352 -209.277143 -1023.704689 -17923.352016 0.845254 -0.347348 0.406071 -0.300917 0.318566 0.898869 0.441581 0.881966 -0.164746
15.612476 -226.108084 1694.570215 -24208.722544 0.807352 -0.346510 0.477612 -0.353505 0.364052 0.861684 0.472458 0.864521 -0.171425
-12.849843 -38.694930 -440.947480 -700.811444 -0.393930 0.916732 0.066496 0.823427 0.384129 -0.417627 0.408395 0.109761 0.906182
-7.550108 -38.043928 -2734.747368 -807.612388 -0.287471 0.956070 0.057371 0.883991 0.287901 -0.368338 0.368674 0.055171 0.927920
-15.322910 -40.331456 148.695132 -874.132076 -0.388859 0.920004 0.048808 0.778935 0.356600 -0.515846 0.491985 0.162573 0.855290
0.191174 -424.319744 -289.400893 45059.849715 -0.622210 0.200861 -0.756644 0.146014 0.979340 0.139907 0.769113 -0.023430 -0.638683
22.390664 -557.562886 -10714.517442 128681.204179 -0.600437 0.186110 -0.777714 0.432353 0.893693 -0.119936 0.672716 -0.408261 -0.617071
-22.652997 -34.982859 2571.760291 -830.877494 0.491312 0.394649 -0.776443 -0.281321 0.915579 0.287357 0.824300 0.077248 0.560858
-15.896648 -28.914555 2973.419929 3836.206978 0.307292 0.721889 -0.620038 0.473410 -0.681183 -0.558456 0.825503 0.121923 0.551072
-16.631989 -42.323617 3797.573128 5090.164853 0.284545 0.768635 -0.572918 0.558597 -0.618621 -0.552518 0.779104 0.162814 0.605383
-6.518771 -32.541658 -1266.362671 333.138998 -0.054294 0.989325 0.135232 -0.025220 0.134029 -0.990656 0.998206 0.057198 -0.017673
261.097862 -2572.270518 58051.076499 1008587.252997 -0.147729 0.903278 0.402820 -0.633476 -0.399197 0.662835 -0.759529 0.157257 -0.631178
3.516388 -191.497751 362.714585 49863.085378 -0.027639 0.961890 0.272038 -0.548571 -0.242097 0.800287 -0.835647 0.127112 -0.534356
3.805260 -188.113359 917.946086 37736.165256 0.038264 0.987144 0.155184 -0.548798 -0.109022 0.828815 -0.835079 0.116878 -0.537571
-4.462966 -98.305932 2605.256312 -4155.736983 0.109373 0.993567 0.029374 -0.432514 0.020963 0.901384 -0.894969 0.111292 -0.432024
-260.081688 -438.464688 33098.165307 117188.203711 0.066344 0.861778 -0.502928 -0.836202 0.323022 0.443197 -0.544394 -0.391146 -0.742051
-238.883123 -404.462200 18239.021749 -50465.158841 -0.010385 0.851867 -0.523655 0.995405 -0.041044 -0.086510 -0.095188 -0.522147 -0.847527
-0.833449 -77.470010 727.147954 -4387.982350 0.191617 0.969681 -0.151664 0.921701 -0.124686 0.367316 -0.337269 0.210173 0.917648
-0.232326 -74.389069 374.134064 -1858.993184 0.167532 0.973508 -0.155610 0.877553 -0.075328 0.473526 -0.449260 0.215887 0.866925
-0.351687 -76.729083 -823.527107 -3290.966730 0.156153 0.979017 -0.130927 0.902997 -0.087781 0.420585 -0.400267 0.183902 0.897756
-11.244261 -32.620048 146.721243 -493.564191 0.017836 0.906302 0.422254 -0.385711 0.395868 -0.833376 0.922447 0.148004 -0.356632
-11.668005 -30.491977 182.630981 -437.037615 0.016649 0.938798 0.344066 -0.363143 0.326293 -0.872731 0.931585 0.110415 -0.346350
-12.263744 -32.407142 551.717204 -585.912741 0.041436 0.898392 0.437235 -0.435107 0.410161 -0.801529 0.899425 0.157032 -0.407892
-39.462053 -60.215025 -1490.793323 646.179518 -0.248945 0.000294 0.968518 0.333424 0.938900 0.085417 -0.909316 0.344191 -0.233833
-41.637799 -60.811193 -1227.003587 120.595741 -0.207136 -0.091128 0.974059 0.434838 0.883319 0.175108 -0.876362 0.459829 -0.143342
-39.619326 -60.379564 -985.927452 106.088679 -0.288620 0.013951 0.957342 0.462810 0.877350 0.126743 -0.838156 0.479648 -0.259678
-41.113312 -60.208969 -1364.118672 -20.814365 -0.271596 -0.102681 0.956918 0.530382 0.813709 0.237849 -0.803076 0.572131 -0.166540
19.046531 -47.907618 3670.373110 1716.725028 0.190440 0.868281 0.458062 -0.379751 -0.365119 0.849986 -0.905274 0.335821 -0.260198
23.328468 -48.807935 425.249339 1470.158760 0.134679 0.901281 0.411769 -0.392344 -0.333088 0.857391 -0.909906 0.277027 -0.308752
12.648448 -48.377775 4714.787236 1128.526977 0.209015 0.838501 0.503219 -0.457029 -0.371172 0.808304 -0.864545 0.398933 -0.305639
18.161994 -42.715879 7337.778312 5063.478925 0.173335 0.740644 0.649155 0.984828 -0.124782 -0.120597 -0.008317 0.660209 -0.751036
22.964814 -40.655227 7795.272989 2071.212013 -0.097609 0.793859 0.600217 0.993793 0.045411 0.101552 0.053361 0.606404 -0.793364
1.955025 -23.483449 3930.798899 4411.949461 0.088107 0.766616 0.636033 0.990619 -0.134392 0.024757 0.104457 0.627885 -0.771265
2.948378 -31.112955 3278.452880 4556.582639 0.341017 0.693147 0.635023 0.936762 -0.307078 -0.167871 0.078642 0.652112 -0.754033
-3.650073 -43.339632 451.719605 2130.848215 -0.433490 -0.834596 -0.339906 0.898775 -0.427824 -0.095760 -0.065499 -0.347009 0.935572
-5.562707 -45.010957 1465.810437 1043.269706 -0.464944 -0.813628 -0.349052 0.869263 -0.494318 -0.005637 -0.167957 -0.306039 0.937086
-2.176982 -43.229297 155.156727 355.128678 -0.450425 -0.829874 -0.329282 0.875821 -0.482318 0.017528 -0.173364 -0.280497 0.944069
-4.022428 -47.314110 -1370.777671 943.610402 0.439414 0.825698 0.353749 0.849943 -0.509616 0.133745 -0.290709 -0.241897 0.925729
-0.039262 -44.978461 36.336259 2083.063929 -0.430970 -0.839478 -0.330971 0.901428 -0.417240 -0.115494 -0.041140 -0.348121 0.936546
0.595231 -42.968705 -1331.694684 -3001.073185 0.443859 0.823401 0.353554 0.853272 -0.508872 0.113910 -0.273708 -0.251118 0.928452
2.048563 -40.844362 1122.352056 -570.815425 -0.444617 -0.823780 -0.351714 0.880710 -0.473639 -0.003991 -0.163298 -0.311533 0.936099
-2.993739 -68.045679 -899.558429 -672.236998 0.322853 0.946447 0.002145 -0.916653 0.312124 0.249652 -0.235613 0.082567 -0.968333
-2.919139 -66.060005 -299.728747 -3066.393838 0.340582 0.940093 0.015110 -0.937234 0.338180 0.085008 -0.074806 0.043114 -0.996266
-4.326453 -63.956336 336.412389 -2119.930728 0.349974 0.936350 0.027702 -0.934428 0.346865 0.080802 -0.066050 0.054164 -0.996345
484.183426 -170.179660 161209.818410 42714.730063 -0.361768 0.922382 -0.135412 -0.165105 0.079564 0.983062 -0.917532 -0.377997 -0.123506
143.368502 -41.349872 53206.953592 3224.371475 -0.166849 0.956383 -0.239777 -0.254366 0.193202 0.947613 -0.952607 -0.219100 -0.211036
321.543100 -38.428578 90893.610120 6252.776003 -0.123660 0.951542 -0.281561 -0.182938 0.257016 0.948935 -0.975316 -0.168854 -0.142290
12.261506 -244.597923 -3668.385990 13600.814038 0.491210 0.852994 0.176392 0.368577 -0.387031 0.845197 -0.789217 0.350155 0.504508
9.290931 -208.517670 -3055.632919 31220.220947 0.498919 0.840216 0.212409 0.657644 -0.526675 0.538626 -0.564432 0.129041 0.815331
9.057527 -185.947709 -947.485574 14961.249128 0.502591 0.840368 0.202937 0.477558 -0.465545 0.745122 -0.720653 0.277577 0.635303
9.180571 -215.784885 -2023.433175 7905.440668 0.490633 0.855909 0.163398 0.235950 -0.311011 0.920652 -0.838813 0.413148 0.354544
14.516385 -130.153188 -5756.621703 22954.022286 -0.613009 -0.691491 0.382177 0.714687 -0.279113 0.641341 -0.336811 0.666285 0.665299
14.637712 -90.354900 -4525.913634 8392.199718 -0.624870 -0.686384 0.372039 0.751439 -0.399451 0.525146 -0.211841 0.607713 0.765381
26.761758 -89.805902 -3734.340501 8054.645264 -0.616642 -0.720296 0.317690 0.729301 -0.370722 0.575052 -0.296433 0.586293 0.753915
-0.609006 -149.133637 -5080.520957 30875.280479 -0.545378 -0.689105 0.477176 0.794393 -0.243329 0.556535 -0.267400 0.682587 0.680126
25.030589 -131.733994 -5480.323872 22937.582625 -0.605132 -0.721596 0.336325 0.688137 -0.261644 0.676764 -0.400353 0.640969 0.654886
-14.677424 -50.187820 562.371472 1720.227303 0.574354 0.674580 0.463745 0.810669 -0.390012 -0.436699 -0.113722 0.626764 -0.770866
-18.525284 -47.928338 1475.027365 1153.308224 0.594519 0.683948 0.422802 0.787569 -0.389295 -0.477687 -0.162118 0.616980 -0.770100
-1.804413 -498.769835 -5008.800367 -83123.769305 0.609124 0.643862 -0.463044 0.705419 -0.173046 0.687342 0.362426 -0.745316 -0.559599
-27.506323 -2326.652081 -9599.442053 540965.184111 0.161312 0.892970 -0.420217 -0.555959 0.434026 0.708894 -0.815407 -0.119270 -0.566468
-37.202310 -2807.301968 -4098.074771 1367064.009154 0.013718 0.959517 -0.281318 0.437944 0.247158 0.864360 -0.898898 0.135059 0.416824
-22.952768 -32.492858 872.676408 -1046.197487 -0.098868 0.967440 0.232992 -0.912705 0.005127 -0.408587 0.396478 0.253049 -0.882480
-24.111262 -32.358456 982.107124 -669.090762 0.028281 0.966365 0.255615 -0.900958 0.135409 -0.412238 0.432984 0.218639 -0.874483
-10.623151 -92.611178 -539.649563 1453.285427 0.488876 0.861654 0.136206 -0.865439 0.498672 -0.048392 0.109619 0.094220 -0.989498
-7.768736 -99.521769 -1055.744785 1999.564590 0.507782 0.854800 0.107121 -0.848621 0.517726 -0.108636 0.148322 0.035742 -0.988293
-52.630450 -898.694954 6886.224847 -178072.798815 0.982526 0.168833 -0.078346 0.185347 -0.925973 0.328970 0.017006 0.337743 0.941085
13.449491 -387.047396 3582.501572 -97614.017984 0.914475 0.400634 -0.056812 0.232130 -0.404407 0.884630 -0.331438 0.822160 0.462820
3.276947 -468.577263 1072.722068 -131796.315777 0.895689 0.432990 -0.101297 0.156989 -0.094768 0.983043 -0.416048 0.896403 0.152858
0.481146 -525.124049 3674.449139 -92456.158683 0.954554 0.294410 -0.046358 0.275288 -0.811360 0.515666 -0.114205 0.504993 0.855535
10.712164 -332.926772 -1834.199982 -91689.879300 0.971487 -0.101253 0.214384 0.225912 0.120925 -0.966613 -0.071948 -0.987484 -0.140351
-3.595560 -483.777314 -5383.563023 -141524.415624 0.988409 -0.040669 0.146269 0.150415 0.392976 -0.907163 0.020587 -0.918649 -0.394538
4.488286 -401.187776 -5253.979248 -111617.636698 0.990722 -0.021697 0.134158 0.120979 0.590525 -0.797900 0.061911 -0.806727 -0.587672
-32.600358 -83.448229 -4948.687020 2339.487586 -0.553920 0.828052 0.086621 0.816350 0.560618 -0.138855 0.163541 0.006202 0.986517
-28.910682 -89.655050 -7232.973491 17592.877399 -0.576055 0.798005 0.177057 0.711258 0.596092 -0.372541 0.402832 0.088671 0.910969
68.369857 -93.058877 -5309.449846 3309.817814 -0.478750 0.855383 0.197782 -0.616076 -0.166814 -0.769820 0.625499 0.490400 -0.606844
57.780267 -96.272537 -4601.732209 376.564711 -0.351626 0.921922 0.162542 -0.761687 -0.180811 -0.622206 0.544236 0.342590 -0.765793
57.650500 -110.448314 -1746.646344 -1421.209495 -0.274066 0.955469 0.109395 -0.791579 -0.159519 -0.589878 0.546160 0.248260 -0.800048
-38.693558 -63.896433 -460.007327 3004.604962 -0.091436 0.994424 0.052536 -0.967356 -0.076178 -0.241700 0.236350 0.072921 -0.968928
-43.892146 -61.736771 -2080.713747 3205.584233 -0.153750 0.976349 0.152001 -0.962414 -0.113116 -0.246910 0.223877 0.184251 -0.957043
-46.925992 -69.832440 -2453.251579 5137.239563 -0.190946 0.963459 0.187845 -0.922638 -0.110835 -0.369398 0.335080 0.243848 -0.910088
15.428507 -35.841251 2065.050111 -951.458600 -0.355829 0.934485 0.011074 0.827669 0.320615 -0.460620 0.433993 0.154736 0.887529
19.081600 -37.643032 -3.151049 -1116.021591 -0.291460 0.955959 0.034543 0.832978 0.271388 -0.482178 0.470317 0.111762 0.875392
-12.577588 -44.089576 1910.789821 901.776831 -0.141921 -0.983982 -0.107883 0.988635 -0.146358 0.034347 -0.049587 -0.101782 0.993570
-7.576819 -39.612253 2220.975665 2814.521583 -0.078802 -0.988974 -0.125381 0.993821 -0.068073 -0.087668 0.078166 -0.131514 0.988228
-13.415154 -40.948536 1424.614475 2759.928270 -0.165101 -0.983282 -0.076800 0.983709 -0.158556 -0.084717 0.071123 -0.089535 0.993441
-9.278525 -35.294739 -1678.033111 4227.811440 0.098275 0.990296 0.098267 0.981830 -0.080377 -0.171901 0.162334 -0.113375 0.980201
-16.315447 -43.467128 -931.154965 -101.846425 0.209790 0.975852 0.060840 0.975800 -0.212891 0.049912 -0.061659 -0.048897 0.996899
-15.197813 -40.596371 -803.468717 2375.091385 0.238781 0.970293 0.038935 0.968145 -0.234758 -0.087088 0.075360 -0.058489 0.995440
-12.383860 -33.656460 -1728.595162 3957.894148 0.153823 0.985205 0.075562 0.969596 -0.135771 -0.203594 0.190323 -0.104582 0.976135
2.866634 -69.289822 -1406.487873 192.440908 0.345474 0.848555 -0.400751 -0.105137 -0.389358 -0.915066 0.932520 -0.358265 0.045299
-2.025339 -77.834255 -883.005671 1915.837217 -0.158108 0.913903 0.373876 0.766188 0.352394 -0.537378 0.622863 -0.201495 0.755938
-7.630276 -72.073657 330.317720 -918.714590 -0.160194 0.921512 0.353770 0.800160 0.331095 -0.500120 0.577998 -0.202957 0.790397
