11887
23759
-52.714341 -80.833316 3073.752179 16550.492621 -0.792648 -0.379069 -0.477511 -0.115618 0.862462 -0.492739 0.598617 -0.335359 -0.727456
-69.227926 -101.821510 690.342812 14942.575974 -0.751697 -0.355984 -0.555182 0.032668 0.820680 -0.570453 0.658699 -0.446945 -0.605273
-55.921700 -114.795326 7381.170810 27963.776139 -0.772761 -0.046144 -0.633018 0.241812 0.900728 -0.360853 0.586828 -0.431925 -0.684889
-53.870457 -78.883194 198.089118 10272.379922 0.635517 0.712475 0.297484 -0.385848 0.626811 -0.676927 0.668759 -0.315415 -0.673256
-40.744685 -91.708904 10363.341683 25062.472111 -0.837092 -0.102390 -0.537396 0.092923 0.941442 -0.324118 0.539113 -0.321253 -0.778559
-38.916840 -64.076197 9287.859404 11863.816139 -0.832685 -0.345167 -0.433006 -0.164260 0.900728 -0.402130 0.528823 -0.263722 -0.806720
-42.793460 -64.069238 -246.447275 7721.950816 0.632525 0.739163 0.231409 -0.499618 0.617677 -0.607336 0.591856 -0.268539 -0.759995
-24.087108 -84.143724 8857.952343 5239.576854 0.855361 0.510389 -0.088656 -0.186818 0.144296 -0.971739 0.483172 -0.847751 -0.218775
-45.561806 -88.592568 7282.431422 2859.287113 0.830506 0.473346 -0.293604 -0.369033 0.072761 -0.926564 0.417223 -0.877866 -0.235109
-37.309190 -71.702482 6664.898868 7217.665135 0.800586 0.534685 -0.270507 -0.425965 0.190316 -0.884496 0.421445 -0.823342 -0.380122
-31.088829 -92.501844 9232.351876 812.769958 0.863279 0.486192 -0.135524 -0.153440 -0.002997 -0.988153 0.480839 -0.873847 -0.072014
-24.786120 -74.165779 9002.857992 8175.152696 0.842807 0.529879 -0.094365 -0.252673 0.234732 -0.938647 0.475218 -0.814941 -0.331720
-11.232106 -73.847963 11741.591620 9126.721408 0.844840 0.534986 0.006013 -0.164312 0.270142 -0.948696 0.509163 -0.800508 -0.316131
-3.031689 -86.038616 10279.307745 5337.443663 0.854108 0.519573 0.023290 -0.070839 0.160578 -0.984478 0.515248 -0.839201 -0.173957
-11.094014 -90.747928 9475.846099 276.838960 0.854314 0.518694 -0.033231 -0.047205 0.013760 -0.998790 0.517609 -0.854849 -0.036240
28.490137 -28.958312 -3795.057957 6520.100996 0.778847 0.351719 0.519317 -0.617601 0.574460 0.537182 0.109390 0.739114 -0.664639
15.312955 -25.025395 -7609.190180 2436.936014 0.827238 0.364065 0.427941 -0.555446 0.644596 0.525334 0.084594 0.672274 -0.735453
25.887126 -39.245076 -3983.024164 164.321038 0.866947 0.266237 0.421332 -0.470891 0.714515 0.517426 0.163291 0.646982 -0.744816
30.706238 -48.742934 46.195033 -762.159614 0.822123 0.255991 0.508510 -0.527250 0.679297 0.510453 0.214758 0.687767 -0.693437
33.172906 -39.437070 -329.680792 8297.385852 0.778742 0.288570 0.557035 -0.606952 0.571115 0.552663 0.158649 0.768476 -0.619900
36.684725 -7.603237 -254.918756 21547.997506 0.745500 0.325988 0.581344 -0.662464 0.458317 0.592526 0.073284 0.826848 -0.557631
174.320717 -62.709358 71713.106174 -3799.345786 0.716748 0.516292 0.468738 -0.512788 0.845757 -0.147455 -0.472568 -0.134676 0.870943
159.499794 -61.979454 48618.551015 2395.968752 0.663818 0.481612 0.572185 -0.530056 0.842696 -0.094361 -0.527624 -0.240651 0.814678
163.390885 -31.032919 4767.143686 2894.484723 0.398584 0.542897 0.739184 -0.542933 0.789246 -0.286904 -0.739158 -0.286971 0.609338
452.589573 -87.031572 191811.920260 50213.891726 0.469975 0.810023 0.350694 0.679606 -0.585595 0.441831 -0.563258 -0.030684 0.825711
842.747168 -30.238797 346000.166075 28233.826113 -0.018667 0.915656 0.401528 0.546775 -0.326876 0.770837 -0.837072 -0.233935 0.494556
164.508035 -26.435006 -59326.348280 11261.221605 0.153444 0.338516 0.928365 -0.502663 0.835596 -0.221606 -0.850755 -0.432651 0.298376
252.069075 25.302448 8727.797937 -968.944187 -0.059247 0.672163 0.738029 0.461573 -0.637100 0.617295 -0.885122 -0.377227 0.272506
-2.618785 -78.065146 -2610.117055 91.976885 0.946354 0.038143 0.320872 0.291527 0.327534 -0.898740 0.139377 -0.944069 -0.298843
-2.658783 -67.515319 -2604.103004 1293.922993 0.954888 0.051386 0.292486 0.237363 0.459808 -0.855708 0.178459 -0.886530 -0.426868
-5.926372 -73.991260 -1828.659773 -1956.892521 0.945711 0.062572 0.318929 0.282172 0.328861 -0.901237 0.161276 -0.942303 -0.293352
-5.871121 -88.947005 -1258.779189 8600.691343 0.935090 0.049728 0.350904 0.326701 0.262849 -0.907842 0.137380 -0.963555 -0.229541
-2.107969 -104.265339 1501.283810 -11985.475703 0.844064 0.045616 0.534299 0.060341 0.981968 -0.179159 -0.532837 0.183462 0.826091
0.586827 -108.323022 1235.550950 -9529.846193 0.847428 0.056996 0.527843 0.092589 0.963119 -0.252644 -0.522775 0.262970 0.810896
-3.558444 -125.967868 4367.138283 -11973.652528 0.865422 0.091185 0.492677 0.117419 0.919008 -0.376346 -0.487092 0.383548 0.784623
-7.001946 -114.387137 3931.570453 -13823.848035 0.853429 0.047110 0.519075 0.063349 0.979148 -0.193018 -0.517344 0.197610 0.832649
0.347307 -130.910878 2254.370920 6541.760359 0.871442 0.151665 0.466463 -0.182473 -0.782499 0.595315 -0.455294 0.603899 0.654227
-5.593563 -146.293570 3866.569876 7868.026974 0.875983 0.125615 0.465698 -0.191704 -0.795293 0.575117 -0.442610 0.593069 0.672582
1.321936 -251.721513 103.160982 1666.252622 0.872056 -0.074499 0.483703 -0.379973 -0.725965 0.573232 -0.308446 0.683684 0.661390
4.826471 -230.424015 1917.773457 -5742.121687 0.873891 -0.080161 0.479467 -0.414661 -0.637690 0.649160 -0.253714 0.766111 0.590511
0.026140 -237.282192 1247.109993 -10222.484054 0.893745 -0.064575 0.443902 -0.425587 -0.434790 0.793621 -0.141756 0.898214 0.416074
-0.763379 -254.236290 -206.943369 -22417.996675 0.902629 -0.052392 0.427219 -0.421747 -0.305903 0.853553 -0.085969 0.950620 0.298213
-0.049458 -295.397415 -1759.881262 -1718.765223 0.887800 -0.048426 0.457674 -0.395798 -0.587794 0.705580 -0.234850 0.807560 0.541010
-5.463630 -36.778573 2899.282471 6282.462853 -0.614755 0.145049 -0.775266 0.651733 -0.460175 -0.602895 -0.444207 -0.875899 0.188362
9.755014 -31.486241 6599.846307 4027.132624 -0.435871 0.011104 -0.899940 0.797992 -0.457640 -0.392141 -0.416203 -0.889068 0.190612
1.463579 -28.452884 7785.317946 2050.702042 -0.567095 0.135962 -0.812353 0.702403 -0.435259 -0.563187 -0.430156 -0.889980 0.151333
-9.559974 -32.340947 -6993.172760 3277.343490 0.642021 -0.181937 0.744788 0.628255 -0.431946 -0.647084 -0.439437 -0.883358 0.163015
-5.161653 -27.893955 9499.396883 -706.098793 -0.492464 0.103666 -0.864137 0.765966 -0.419815 -0.486880 -0.413250 -0.901670 0.127339
-6.400659 -57.645396 -580.532152 -4042.517570 0.894737 0.218363 0.389567 0.255866 0.464302 -0.847913 0.366030 -0.858336 -0.359557
-7.755599 -59.829166 -160.935764 -1139.683749 0.903287 0.227925 0.363488 0.187137 0.553069 -0.811847 0.386074 -0.801352 -0.456926
-9.554653 -62.416552 24.629129 -868.956469 0.882396 0.217876 0.417022 0.212927 0.605456 -0.766867 0.419570 -0.765476 -0.487860
-6.646257 -56.352438 -790.425615 -4117.533680 0.923077 0.236088 0.303629 0.169051 0.460046 -0.871653 0.345470 -0.855932 -0.384747
-8.993266 -62.067200 -558.479105 -1114.782710 0.867025 0.196763 0.457769 0.290298 0.547213 -0.785038 0.404964 -0.813537 -0.417328
-7.145874 -57.418000 -1438.879241 -3749.636419 0.878789 0.198847 0.433808 0.320057 0.428691 -0.844860 0.353967 -0.881297 -0.313086
-3.503624 -53.795512 -442.372678 -4182.863524 0.922214 0.247737 0.296898 0.187947 0.383833 -0.904073 0.337932 -0.889550 -0.307414
-3.801320 -55.528024 -1444.288633 -2983.314324 0.911330 0.226130 0.344011 0.249868 0.360280 -0.898757 0.327176 -0.905021 -0.271831
-7.668329 -341.071375 -3160.731848 23226.464973 -0.104763 0.890992 0.441766 -0.054588 0.438389 -0.897126 0.992998 0.118101 -0.002711
-3.856744 -352.468344 -3072.327625 35101.950610 -0.110913 0.886837 0.448574 -0.333060 0.392090 -0.857518 0.936359 0.244512 -0.251883
-7.412619 -333.415324 -2301.335813 54471.803167 -0.116232 0.888240 0.444431 -0.475076 0.343238 -0.810241 0.872235 0.305314 -0.382086
-10.962797 -312.244519 -1146.271129 39569.394898 -0.128610 0.879227 0.458715 -0.654180 0.272424 -0.705573 0.745324 0.390826 -0.540136
-9.437900 -274.710401 -1227.351527 36528.964531 -0.144305 0.884237 0.444186 -0.747832 0.196508 -0.634139 0.648015 0.423686 -0.632903
-10.267596 -305.711663 321.735221 47588.262304 -0.151478 0.880568 0.449060 -0.680490 0.236605 -0.693506 0.716929 0.410632 -0.563377
-16.849855 -408.460660 -9770.717303 -2601.571756 -0.316020 0.809032 0.495580 0.421951 -0.347997 0.837171 -0.849758 -0.473673 0.231397
-22.980364 -355.811657 -10343.787143 57372.950571 -0.287583 0.824717 0.486967 0.663741 -0.194933 0.722114 -0.690466 -0.530888 0.491339
-22.466044 -319.530943 -1691.127307 -17749.777097 -0.233506 0.862894 0.448207 0.414645 -0.328572 0.848593 -0.879514 -0.383998 0.281071
-19.067085 -339.923975 -4859.249349 -53095.199050 -0.273718 0.837164 0.473534 0.134062 -0.454323 0.880692 -0.952421 -0.304544 -0.012125
36.656394 -102.030715 7281.157043 18099.068216 -0.563403 0.787348 0.250321 0.823343 0.560171 0.091179 -0.068433 0.257471 -0.963860
28.838354 -78.728999 4141.567542 2935.692195 -0.592700 0.783643 0.186038 0.804463 0.564703 0.184256 0.039335 0.258869 -0.965111
17.172710 -86.585863 7743.105386 2820.795053 -0.455605 0.843761 0.283710 0.889352 0.417686 0.185987 0.038427 0.337054 -0.940701
19.274407 -106.883136 8725.566663 17916.766467 -0.403597 0.853837 0.328743 0.913370 0.397018 0.090177 -0.053520 0.336659 -0.940104
42.728015 -156.280495 8488.247926 41597.120487 -0.473646 0.819783 0.321894 0.854880 0.515821 -0.055765 -0.211755 0.248767 -0.945132
13.394463 -1749.012626 -533.482726 870280.602814 -0.204065 0.978930 0.007302 -0.720314 -0.145095 -0.678303 0.662952 0.143678 -0.734746
46.120700 -2552.910646 46529.868455 1348557.797582 -0.315529 0.928789 0.194400 0.283619 0.287808 -0.914728 0.905539 0.233488 0.354235
33.337708 -893.293594 28105.472784 1114138.421625 -0.199181 0.979953 0.004387 -0.324256 -0.061681 -0.943956 0.924762 0.189441 -0.330041
26.676094 -3506.461300 39668.162903 -1001285.141928 -0.367921 0.929316 0.031705 -0.739893 -0.313239 0.595348 -0.563198 -0.195583 -0.802842
26720.403165 2429.910191 -74764017.023050 -340786.668049 0.998276 0.058612 0.003099 -0.058232 0.982437 0.177275 -0.007346 0.177149 -0.984157
-14.193306 -50.050577 -4389.401607 -10187.551463 0.905876 -0.351847 -0.235783 0.406430 0.565478 0.717669 0.119179 0.745948 -0.655254
-8.747104 -56.512081 -4355.414786 -10251.250783 0.878877 -0.382920 -0.284514 0.453900 0.487699 0.745737 0.146800 0.784552 -0.602435
-15.421294 -60.384235 -3679.566084 -7837.717671 0.920673 -0.350835 -0.171102 0.340049 0.505683 0.792875 0.191645 0.788162 -0.584870
-21.342791 -53.443643 -2870.895170 -7346.814496 0.952733 -0.291851 -0.084399 0.254190 0.613602 0.747583 0.166395 0.733700 -0.658784
4.051016 -74.211862 3475.408147 -1259.224193 0.900993 0.273442 0.336809 -0.426536 0.416546 0.802843 -0.079235 0.867017 -0.491938
1.754727 -77.837595 5389.730531 -1193.774910 0.895484 0.268356 0.355097 -0.439572 0.407918 0.800237 -0.069898 0.872690 -0.483246
1.109488 -80.467074 3770.064170 -2771.373985 0.870166 0.289249 0.398932 -0.471667 0.254591 0.844224 -0.142627 0.922777 -0.357966
-32.929990 -48.836040 -7641.095651 3130.687038 0.806259 -0.221453 0.548549 0.381615 -0.513835 -0.768338 -0.452015 -0.828813 0.329774
-33.643164 -43.874597 -5077.949582 3270.545032 0.845808 -0.228447 0.482100 0.358602 -0.425611 -0.830819 -0.394985 -0.875595 0.278064
-37.571959 -46.709848 -1943.867801 1806.445599 0.911058 -0.254203 0.324583 0.178467 -0.466538 -0.866309 -0.371649 -0.847185 0.379676
-36.811590 -48.453133 -3688.900797 781.900971 0.838839 -0.176417 0.515001 0.336902 -0.574864 -0.745673 -0.427605 -0.799005 0.422783
33.238544 -2356.807285 2026.108178 1154053.415980 -0.074516 0.888327 0.453125 -0.771887 -0.339071 0.537794 -0.631378 0.309687 -0.710954
26.732689 -575.184804 -11129.963942 262285.078789 -0.046213 0.920391 0.388258 -0.506095 -0.356671 0.785273 -0.861239 0.160205 -0.482288
27.379314 -476.492747 4706.336197 162378.291404 -0.153136 0.842267 0.516852 -0.483842 -0.519947 0.703955 -0.861654 0.142274 -0.487146
11.922994 -813.711521 -5309.369003 298886.253080 -0.029158 0.907671 0.418668 -0.829399 -0.255741 0.496682 -0.557895 0.332761 -0.760279
10.939560 -67.588463 -4505.029108 1912.768551 0.712947 0.662316 0.230314 -0.700369 0.656416 0.280361 -0.034506 0.361188 -0.931854
3.720004 -65.973591 -2292.932406 1271.775879 0.727754 0.642364 0.240296 -0.683117 0.710099 0.170619 0.061034 0.288319 -0.955587
12.583026 -67.753173 2816.802075 3022.801001 0.764153 0.588965 0.263042 -0.644622 0.711871 0.278750 0.023078 0.382570 -0.923638
20.613579 -66.657336 1664.641349 553.157116 0.759926 0.597414 0.256144 -0.648520 0.670171 0.360960 -0.043983 0.440417 -0.896715
14.384304 -67.773592 3652.027823 3900.494139 0.819512 0.517049 0.247106 -0.572984 0.732164 0.368273 -0.009493 0.443392 -0.896278
9.463768 -68.590507 4896.248068 7618.039597 0.811162 0.517930 0.271596 -0.581629 0.762916 0.282253 0.061018 0.386921 -0.920092
-87.811603 -99.432478 4103.895634 -131.180146 0.886594 0.415961 0.202307 0.354855 -0.331116 -0.874322 0.296697 -0.846958 0.441172
-80.419979 -99.389853 3029.098926 -7447.413293 0.788615 0.552271 0.270337 0.535383 -0.400499 -0.743617 0.302408 -0.731162 0.611516
-82.199328 -101.171576 748.272035 -9495.292619 0.945324 0.310779 0.098889 0.262063 -0.543364 -0.797545 0.194128 -0.779854 0.595099
-78.544018 -115.771441 243.253360 7979.070243 -0.046814 0.979775 0.194552 0.860138 -0.059493 0.506579 -0.507908 -0.191056 0.839956
-79.975820 -117.033295 -1793.522669 -5305.067030 -0.235062 0.963855 0.125417 0.674180 0.068731 0.735362 -0.700162 -0.257409 0.665968
-84.539741 -125.181606 3037.680648 5972.093077 -0.203781 0.947651 0.245829 0.823842 0.030330 0.566007 -0.528921 -0.317866 0.786895
-83.916195 -115.866082 -5404.008996 14589.819107 0.126104 -0.930605 -0.343615 0.948095 0.011133 0.317792 -0.291913 -0.365855 0.883706
-74.280046 -106.806145 7028.399932 8959.003152 0.179207 0.935710 0.303862 0.936261 -0.257068 0.239438 -0.302157 -0.241586 0.922137
-86.792838 -129.690159 5411.288249 6495.223058 -0.284621 0.905392 0.315049 0.838391 0.075730 0.539782 -0.464856 -0.417768 0.780627
-5.237759 -62.111255 -6477.519822 -1486.112270 0.817964 0.271413 -0.507217 0.288092 0.569908 0.769550 -0.497934 0.775590 -0.387973
-12.127385 -65.777262 -6295.185218 -1653.816506 0.810405 0.217987 -0.543806 0.339730 0.581364 0.739324 -0.477312 0.783899 -0.397083
-6.511333 -61.224987 -6550.732142 -2736.838967 0.826659 0.272860 -0.492121 0.213961 0.656455 0.723386 -0.520438 0.703288 -0.484283
-15.682780 -66.486574 -4183.309377 -966.642981 0.804272 0.214060 -0.554368 0.414891 0.465614 0.781709 -0.425454 0.858710 -0.285668
-8.047748 -63.214303 -2733.180524 -2546.817742 0.837671 0.273733 -0.472629 0.304623 0.484097 0.820278 -0.453335 0.831096 -0.322128
20.283190 -34.679530 700.110019 5275.805994 0.896263 -0.130247 0.423967 -0.003480 0.953814 0.300378 -0.443509 -0.270693 0.854415
14.135720 -27.177455 5488.948397 4049.035630 0.922768 -0.136805 0.360255 0.031962 0.958812 0.282237 -0.384028 -0.248925 0.889134
13.233979 -34.220023 5299.902073 4006.158026 0.922367 -0.111426 0.369897 -0.015124 0.946350 0.322788 -0.386019 -0.303324 0.871197
11.638408 -109.657296 1834.729921 -634.737784 -0.937801 -0.331515 0.103091 -0.329627 0.943450 0.035337 -0.108976 -0.000843 -0.994044
8.143583 -106.323736 2901.666685 -1257.050117 -0.940088 -0.314501 0.131619 -0.315674 0.948786 0.012407 -0.128780 -0.029885 -0.991223
11.528449 -106.242687 -1191.880695 -1829.649694 0.952477 0.287931 -0.099421 -0.301209 0.938907 -0.166513 -0.045402 -0.188546 -0.981014
13.344098 -111.551789 -292.408255 -2206.162191 0.960850 0.271855 -0.053490 -0.276390 0.926970 -0.253643 0.019370 -0.258497 -0.965818
14.556048 -114.369310 -947.791045 866.162720 0.947180 0.312242 -0.073183 -0.316094 0.947484 -0.048563 -0.054176 -0.069130 -0.996136
9.749671 -95.403386 -1213.455277 -4917.899886 0.961250 0.251788 -0.112258 -0.275195 0.900516 -0.336659 -0.016324 -0.354506 -0.934911
11.090684 -100.514566 -788.874033 -4712.764652 0.965914 0.247428 -0.076093 -0.257647 0.890426 -0.375179 0.025075 -0.381996 -0.923824
29.593055 -153.462992 2848.882181 -11229.060959 0.930998 -0.020127 0.364468 0.276364 0.691154 -0.667779 0.238463 -0.722427 -0.649026
19.881563 -148.485180 3117.746377 -8946.498214 0.918529 0.016871 0.394995 0.288478 0.654577 -0.698791 0.270344 -0.755807 -0.596381
27.393636 -154.042952 6135.343556 -9181.458445 0.914912 -0.012819 0.403450 0.250732 0.801340 -0.543128 0.316339 -0.598072 -0.736370
35.343124 -162.930238 7211.354443 -6317.276540 0.929940 -0.027209 0.366703 0.213588 0.851743 -0.478449 0.299318 -0.523253 -0.797882
27.661411 -153.829812 7427.680545 1083.635985 0.910662 -0.023962 0.412456 0.181882 0.919624 -0.348152 0.370962 -0.392067 -0.841825
10.702849 -199.356309 -12.515439 -6862.501646 0.980948 0.141038 0.133604 0.099376 0.226642 -0.968895 0.166932 -0.963712 -0.208308
10.435186 -197.117200 -728.985507 13260.054213 0.976658 0.118423 0.179205 0.177068 0.028418 -0.983788 0.121596 -0.992557 -0.006785
12.468163 -223.046693 -536.354554 16677.620050 0.969307 0.148348 0.196055 0.203890 -0.039443 -0.978199 0.137381 -0.988148 0.068479
17.080329 -230.886129 -1447.564842 25405.898884 0.968927 0.175933 0.173861 0.161559 0.082094 -0.983443 0.187293 -0.980973 -0.051119
18.868505 -190.869246 -2813.623993 17352.159679 0.981014 0.166929 0.098724 0.047907 0.284693 -0.957421 0.187927 -0.943973 -0.271291
13.823697 -187.189821 -3911.803211 -8614.868604 0.987591 0.136934 0.076895 0.005668 0.458235 -0.888813 0.156945 -0.878220 -0.451773
-5.787276 -152.692579 2834.605575 -6406.870675 0.911590 0.101331 0.398416 0.157992 0.808364 -0.567086 0.379528 -0.579896 -0.720887
4.235824 -149.770834 3591.492250 -6965.489238 0.903433 0.061940 0.424231 0.189327 0.830160 -0.524395 0.384661 -0.554074 -0.738267
1.902169 -146.478625 3400.493220 -9710.490751 0.903691 0.086924 0.419270 0.247856 0.692262 -0.677747 0.349157 -0.716392 -0.604046
-10.809664 -152.093848 3060.003295 -8235.439241 0.921226 0.117298 0.370923 0.191323 0.693584 -0.694505 0.338731 -0.710762 -0.616506
-14.560962 -155.793076 4189.570038 -1061.232144 0.917828 0.137882 0.372263 0.075865 0.859537 -0.505411 0.389661 -0.492122 -0.778447
-3.422045 -143.986823 3282.646069 -12588.395302 0.908380 0.102382 0.405417 0.263470 0.612743 -0.745070 0.324698 -0.783622 -0.529629
2.194189 -208.296803 1060.876292 -7575.879865 0.644720 -0.211228 -0.734656 0.550051 0.795577 0.253970 -0.530830 0.567838 -0.629110
0.633770 -219.698653 -1854.152450 6979.995908 -0.651940 0.211471 0.728186 0.660234 0.630595 0.407973 -0.372916 0.746747 -0.550730
1.261930 -229.332025 947.661563 -3173.927472 -0.630322 0.198516 0.750524 0.481378 0.858408 0.177230 -0.609073 0.472998 -0.636635
14.329698 -70.161393 3690.672651 3375.027271 -0.546942 0.099092 0.831285 0.805215 -0.209460 0.554757 0.229093 0.972783 0.034772
2.455071 -62.664750 5081.968986 371.903774 -0.569504 0.074244 0.818629 0.783685 -0.251428 0.567997 0.247996 0.965024 0.085006
8.177805 -64.038369 2485.699078 807.661372 -0.473579 0.073889 0.877646 0.869878 -0.116856 0.479225 0.137967 0.990397 -0.008934
17.297927 -72.810317 3143.704602 1094.359593 -0.477541 0.095793 0.873372 0.873620 -0.054017 0.483602 0.093502 0.993935 -0.057892
14.836608 -63.162432 110.521195 -1455.305699 -0.392050 0.090937 0.915438 0.919895 0.028453 0.391132 0.009522 0.995450 -0.094807
6.896554 -56.212416 1238.530510 -726.573606 -0.355773 0.060618 0.932605 0.934136 -0.007427 0.356840 0.028558 0.998133 -0.053983
223.368982 -3055.449122 -122795.713751 -856036.320654 -0.490356 0.752930 0.438916 0.441899 -0.219281 0.869851 -0.751183 -0.620493 0.225194
101.716167 -311.172471 -28113.891958 -97651.280195 -0.073467 0.955286 0.286411 -0.319413 -0.294598 0.900660 -0.944764 0.025315 -0.326773
19.659818 -2468.571260 -26271.280332 1276484.846978 -0.046263 0.945396 0.322623 0.603451 -0.230927 0.763230 -0.796057 -0.229996 0.559817
179.315370 -8328.702903 -53856.425269 -3106675.693476 0.832815 0.533378 0.148075 0.157001 -0.484115 0.860804 -0.530820 0.693643 0.486919
-217.020056 -602.073397 -11033.470958 221236.092395 0.486952 -0.859917 -0.153035 0.835528 0.407562 0.368492 -0.254502 -0.307303 0.916948
107.949673 -1040.681017 260428.709602 329759.250496 0.053208 -0.868975 -0.491988 0.992221 -0.009520 0.124123 -0.112543 -0.494765 0.861709
57.440362 -470.762928 49455.164357 208562.264552 -0.202368 -0.861767 -0.465194 0.961577 -0.264842 0.072313 -0.185520 -0.432686 0.882250
13.537108 -194.066560 939.940652 -1784.401744 0.767311 -0.237964 -0.595489 -0.098931 0.873558 -0.476560 0.633598 0.424582 0.646748
13.337842 -209.573787 -1000.006689 3689.121642 0.773480 -0.254552 -0.580458 0.102349 0.953952 -0.281959 0.625502 0.158680 0.763916
15.738754 -184.157941 1619.666495 981.491934 0.782162 -0.237057 -0.576218 -0.006651 0.921567 -0.388163 0.623040 0.307439 0.719237
14.753014 -185.829597 1313.479496 6507.778707 0.781096 -0.226294 -0.581962 -0.151570 0.835428 -0.528287 0.605735 0.500851 0.618250
16.327312 -192.270606 1434.109221 2765.138447 0.793442 -0.231600 -0.562859 0.046700 0.945213 -0.323097 0.606851 0.230073 0.760788
-11.285306 -57.907094 12235.107584 -1751.808459 0.800180 -0.510286 0.315152 -0.437674 -0.137550 0.888550 0.410065 0.848934 0.333404
6.381080 -61.318885 17058.241550 -2005.471536 0.807171 -0.517178 0.284609 -0.450087 -0.227213 0.863595 0.381965 0.825167 0.416175
7.315343 -58.019263 14491.272268 -1198.075308 0.802662 -0.508893 0.311066 -0.417904 -0.107743 0.902080 0.425547 0.854060 0.299150
-8.185868 -55.349967 11678.977785 -1561.469547 0.798216 -0.510742 0.319365 -0.399010 -0.051125 0.915520 0.451267 0.858213 0.244600
3.679170 -55.173440 11658.107141 -1304.739900 0.801598 -0.498213 0.330491 -0.375988 0.009701 0.926574 0.464837 0.867001 0.179546
57.951864 -635.997526 16791.470874 260329.859735 0.802705 0.015605 0.596172 -0.595098 0.086393 0.798996 0.039037 0.996139 -0.078635
71.741784 -806.770669 -3946.083685 376152.222198 0.872900 0.118533 0.473282 -0.479026 0.024047 0.877471 -0.092628 0.992659 -0.077771
81.917488 -745.063149 -8469.553136 269342.624714 0.858209 0.095749 0.504292 -0.467468 0.551589 0.690813 0.212017 0.828602 -0.518138
61.264275 -665.278550 12046.079809 79782.556269 0.770338 0.016311 0.637427 -0.499757 0.636298 0.587680 0.396008 0.771271 -0.498316
61.847013 -1254.739628 -1572.465477 487595.779866 0.839490 -0.047950 0.541255 -0.536686 0.082636 0.839726 0.084992 0.995426 -0.043638
39.669435 -451.952344 -743.543049 195358.713799 0.820406 0.029071 0.571042 -0.553317 -0.211386 0.805702 -0.144133 0.976970 0.157337
-73.507921 -117.683818 -3070.878981 9958.004589 0.723179 0.098138 0.683653 0.356257 0.794999 -0.490976 0.591686 -0.598620 -0.539964
-76.304676 -113.638724 -916.508082 6932.126651 -0.737967 -0.343575 -0.580828 0.190799 0.719348 -0.667932 0.647303 -0.603733 -0.465301
-66.092990 -107.568711 -460.463408 8960.473979 -0.681725 -0.572308 -0.455758 -0.033815 0.646936 -0.761794 0.730827 -0.503923 -0.460385
-61.555648 -92.640256 1012.344666 11637.875846 0.605447 0.722159 0.334545 -0.287700 0.590504 -0.754012 0.742067 -0.360265 -0.565284
-52.398342 -97.920036 9550.337475 -29.610571 0.854018 0.422065 -0.304162 -0.314542 -0.046790 -0.948090 0.414388 -0.905357 -0.092798
-65.035441 -96.691163 5802.508874 1033.889318 0.721528 0.384239 -0.575984 -0.630211 0.019921 -0.776168 0.286760 -0.923019 -0.256525
-53.243599 -83.209844 4769.825898 2664.039961 0.691217 0.482144 -0.538290 -0.646174 0.078874 -0.759104 0.323540 -0.872535 -0.366068
18.536131 -35.054342 -5722.119404 1668.740469 0.918547 0.231132 0.320702 -0.376829 0.757112 0.533649 0.119464 0.611031 -0.782540
7.840053 -28.171690 -5515.441206 1865.676111 0.915655 0.249919 0.314828 -0.392331 0.726102 0.564670 0.087476 0.640559 -0.762910
121.267191 -68.710891 55740.880291 -1104.316877 0.744777 0.506287 0.434719 -0.571375 0.820353 0.023494 -0.344729 -0.265886 0.900259
144.669836 -63.604060 26777.465573 1361.666915 0.605608 0.417474 0.677461 -0.580685 0.813940 0.017520 -0.544099 -0.404002 0.735350
110.935136 -70.552223 59300.640686 -1172.875361 0.776329 0.494702 0.390618 -0.511858 0.856426 -0.067343 -0.367850 -0.147661 0.918086
1.059706 -60.016683 -789.132485 771.838132 0.962898 0.104674 0.248737 0.087958 0.749647 -0.655967 0.255128 -0.653508 -0.712627
0.712131 -64.899814 -1208.334073 -909.651780 0.961254 0.091310 0.260101 0.138322 0.656397 -0.741627 0.238448 -0.748870 -0.618334
3.002566 -60.522810 -306.547817 1171.529947 0.958882 0.092258 0.268391 0.108917 0.753649 -0.648190 0.262074 -0.650770 -0.712612
-2.032574 -64.291443 -1659.868798 -930.111539 0.964050 0.096322 0.247649 0.124513 0.659583 -0.741247 0.234743 -0.745435 -0.623877
2.512678 -64.574745 -263.353086 3700.856412 0.961293 0.108210 0.253388 0.055967 0.823790 -0.564125 0.269783 -0.556471 -0.785848
1.153368 -63.934351 -1026.539655 1818.134309 0.966534 0.124544 0.224276 0.024297 0.825874 -0.563331 0.255383 -0.549928 -0.795210
-1.373343 -59.236696 -1379.273321 -504.435102 0.967638 0.117531 0.223298 0.066876 0.733822 -0.676042 0.243318 -0.669098 -0.702214
-0.024627 -89.065330 30.415549 -8135.964620 0.838265 0.026977 0.544596 0.036789 0.993701 -0.105851 -0.544021 0.108766 0.831992
2.397761 -103.518997 -878.002162 -8623.883312 0.841410 0.056731 0.537412 0.093061 0.964406 -0.247508 -0.532325 0.258268 0.806181
5.826823 -246.828844 3120.026768 -2606.859686 0.861410 -0.120667 0.493369 -0.353132 -0.840461 0.411003 -0.365063 0.528266 0.766592
5.242204 -230.259436 -477.227659 -12384.973891 0.848151 -0.102029 0.519836 -0.378605 -0.803100 0.460096 -0.370537 0.587044 0.719779
33.081896 -29.762417 10197.912371 2314.009030 -0.381964 -0.063310 -0.922006 0.841825 -0.435512 -0.318842 -0.381359 -0.897954 0.219645
32.239430 -34.690066 13395.984405 4125.847354 -0.301463 -0.092066 -0.949023 0.854185 -0.468332 -0.225904 -0.423660 -0.878743 0.219826
52.309535 -39.016959 13459.748634 3522.114251 -0.336835 -0.138763 -0.931283 0.850176 -0.469897 -0.237484 -0.404653 -0.871746 0.276250
-67.834168 -96.849449 7875.023885 241.126282 0.385125 0.388395 -0.837155 0.916871 -0.057812 0.394975 0.105009 -0.919678 -0.378373
-59.135289 -87.874465 4878.140740 -1451.571638 0.465647 0.440613 -0.767485 0.865659 -0.046593 0.498462 0.183869 -0.896487 -0.403116
-69.554095 -105.997460 10022.048734 -1665.430276 0.801621 0.318425 -0.505973 -0.502987 -0.098209 -0.858696 0.323122 -0.942847 -0.081437
-5.262001 -350.925104 -3001.499287 12362.992555 -0.106242 0.881969 0.459177 0.057364 0.466458 -0.882681 0.992684 0.067438 0.100150
-7.298195 -368.823239 800.347580 66721.960224 -0.126250 0.889589 0.438968 -0.416595 0.354051 -0.837315 0.900283 0.288582 -0.325899
-27.397210 -311.882961 -5414.270271 23784.471789 -0.226273 0.847417 0.480296 0.742564 -0.169047 0.648091 -0.630396 -0.503296 0.591011
-21.315332 -898.920477 28307.445267 301245.283373 0.002913 0.998038 -0.062538 0.992143 -0.010706 -0.124648 0.125073 0.061683 0.990228
-37.102091 -1038.115997 -6712.517966 411693.458912 0.101507 0.994380 0.030063 0.981768 -0.095247 -0.164499 0.160711 -0.046213 0.985919
383.246116 -8299.430354 -49221.415186 4376090.091143 -0.311659 0.921995 0.229771 0.795501 0.385425 -0.467574 0.519660 -0.037059 0.853569
-21.978482 -2076.122098 14119.060190 1001039.390399 -0.144205 0.987928 0.056600 0.840374 0.152466 -0.520121 0.522472 0.027439 0.852215
126.809708 -2494.339094 -23545.205570 1262134.290620 -0.062140 -0.997969 -0.014037 0.998040 -0.062029 -0.008235 0.007348 -0.014522 0.999868
34.310418 -26.802343 2401.179437 16872.007867 0.779801 0.244358 0.576367 -0.607342 0.518552 0.601863 0.151806 0.819385 -0.552777
28.986147 -47.702096 3526.694367 9922.086445 0.808813 0.170163 0.562909 -0.537976 0.600685 0.591404 0.237496 0.781167 -0.577386
31.247592 -14.410951 3172.756276 24455.484714 0.794705 0.159780 0.585589 -0.579950 0.484634 0.654819 0.179170 0.860000 -0.477806
43.475032 38.230239 34301.267623 2117.406053 -0.485549 0.454978 0.746483 0.860434 0.097731 0.500102 0.154581 0.885123 -0.438932
41.222546 20.562838 3996.881739 -31500.858288 0.702648 0.297737 0.646250 0.707190 -0.392465 -0.588093 0.078534 0.870244 -0.486321
31.766219 10.666411 -719.258554 28408.459536 0.881642 0.006935 0.471867 -0.419537 0.469367 0.776970 0.216091 0.882976 -0.416724
25.337722 -26.574095 1828.856119 21242.761169 0.837384 0.065825 0.542637 -0.491596 0.524746 0.694964 0.239000 0.848710 -0.471773
-6.071457 -59.165384 -3516.286709 3292.717072 0.902514 -0.369267 -0.221610 0.358419 0.358762 0.861873 0.238756 0.857281 -0.456140
-1.317172 -59.440262 -2628.571123 -6011.010479 0.848792 -0.414528 -0.328205 0.492975 0.396081 0.774658 0.191122 0.819321 -0.540542
-33.174645 -66.781824 2489.260117 1114.195353 0.358885 0.796318 0.486907 0.931061 -0.268661 -0.246872 -0.065776 0.541939 -0.837840
-32.582499 -65.299884 977.962175 237.429731 0.345400 0.776820 0.526544 0.932127 -0.218934 -0.288455 -0.108799 0.590439 -0.799716
-31.950958 -63.390034 1703.181606 925.239113 0.398621 0.765049 0.505768 0.917021 -0.340411 -0.207829 0.013170 0.546645 -0.837261
-28.907674 -66.019939 -1661.783629 -925.477835 0.379638 0.795953 0.471522 0.899404 -0.198172 -0.389615 -0.216673 0.572002 -0.791118
-32.338552 -64.488875 548.300222 1835.974450 0.448596 0.774322 0.446304 0.892305 -0.416271 -0.174671 0.050531 0.476596 -0.877669
-30.527610 -67.067764 -2752.456418 829.567258 0.445974 0.809031 0.382852 0.892250 -0.368070 -0.261563 -0.070696 0.458249 -0.886008
-30.774413 -66.420140 -1413.836600 -615.063684 0.393960 0.809847 0.434676 0.907472 -0.267640 -0.323827 -0.145913 0.522031 -0.840353
4.501167 -73.883000 3241.879927 -1160.432021 0.913958 0.257856 0.313355 -0.405358 0.543676 0.734916 -0.019139 0.798703 -0.601421
-24.913182 -43.581773 -7639.725276 4118.233196 0.790408 -0.249512 0.559462 0.416802 -0.450240 -0.789658 -0.448921 -0.857338 0.251876
-21.603531 -35.546484 -7875.152305 2204.457403 0.695661 -0.175165 0.696687 0.585392 -0.423894 -0.691108 -0.416380 -0.888612 0.192347
-34.203198 -37.758971 -4441.460666 1316.702207 0.704798 -0.087621 0.703976 0.624770 -0.393399 -0.674463 -0.336040 -0.915183 0.222524
1.049632 -192.089752 749.333497 -14184.239182 0.970898 -0.065484 0.230367 -0.010528 0.949294 0.314214 0.239262 0.307495 -0.920978
0.502647 -188.248628 2115.230211 4907.755007 -0.973389 0.086276 -0.212297 0.040898 0.976952 0.209507 0.225479 0.195249 -0.954483
0.793199 -185.752256 -1278.310203 -21988.845887 0.973898 -0.055663 0.220056 -0.028667 0.931541 0.362504 0.225169 0.359350 -0.905630
17.583791 -251.203134 3669.095452 83438.396935 -0.123734 0.869552 0.478088 -0.370086 -0.487468 0.790830 -0.920721 0.079081 -0.382125
54.610901 -1004.291201 -3418.841919 431335.501511 -0.018186 0.925783 0.377618 -0.437760 -0.346929 0.829462 -0.898908 0.150222 -0.411580
-1.006480 -160.290628 8330.639958 44480.649705 -0.046533 0.882616 0.467785 -0.338569 -0.454510 0.823888 -0.939790 0.120040 -0.319976
13.335059 -177.927060 4689.565010 32591.133524 -0.074372 0.903377 0.422349 -0.288525 -0.424901 0.858028 -0.954580 0.058045 -0.292248
-84.030483 -106.091504 3184.367882 -4611.528351 0.701967 0.630499 0.331230 0.562206 -0.205040 -0.801176 0.437225 -0.748619 0.498402
-76.425441 -115.532680 449.922160 3406.444919 -0.120087 0.991662 0.046740 0.748775 0.059559 0.660142 -0.651855 -0.114273 0.749685
-74.484114 -110.760661 2006.903503 -8961.651024 -0.226476 0.969729 -0.091289 0.577633 0.209182 0.789039 -0.784250 -0.125967 0.607523
3.446002 -60.742458 -6587.104083 1159.403624 0.841112 0.347536 -0.414427 0.075382 0.683430 0.726114 -0.535583 0.641983 -0.548643
-6.680488 -63.371343 -7260.619647 -336.597445 0.835748 0.281698 -0.471350 0.156514 0.700573 0.696205 -0.526335 0.655625 -0.541413
3.390178 -62.091712 -7294.575045 2129.616671 0.847147 0.329222 -0.417079 0.048810 0.733397 0.678047 -0.529112 0.594763 -0.605225
10.935033 -60.390399 -7594.214098 3662.437137 0.841375 0.381242 -0.383071 0.007331 0.700681 0.713438 -0.540403 0.603077 -0.586740
11.546576 -60.110386 -3502.619095 2328.528521 0.852785 0.385070 -0.352814 -0.009710 0.687124 0.726475 -0.522171 0.616102 -0.589708
21.222377 -24.491912 1833.473713 4199.727918 0.904525 -0.144494 0.401194 0.041481 0.966193 0.254462 -0.424399 -0.213525 0.879939
14.886711 -23.888666 6272.346852 2781.944582 0.923923 -0.154956 0.349794 0.061493 0.962565 0.263984 -0.377605 -0.222391 0.898864
4.451482 -103.068457 1995.925776 1443.139029 -0.938216 -0.320479 0.130549 -0.296054 0.938686 0.176693 -0.179171 0.127127 -0.975570
2.745261 -100.650701 1002.121252 -614.441086 -0.946153 -0.289264 0.145331 -0.275322 0.955182 0.108743 -0.170273 0.062875 -0.983389
5.533627 -101.025961 1624.004733 -2257.499266 -0.946108 -0.292544 0.138915 -0.299539 0.953549 -0.031966 -0.123111 -0.071854 -0.989788
22.706001 -133.259077 -61.128207 -3131.816426 0.933109 -0.009457 0.359470 0.309206 0.531434 -0.788651 0.183576 -0.847047 -0.498810
15.907622 -130.833914 2887.520843 -278.450956 0.909940 0.047245 0.412040 0.341298 0.479157 -0.808656 0.235637 -0.876457 -0.419880
14.750416 -147.491050 6780.930776 -9692.360779 0.898121 0.072188 0.433782 0.292454 0.638618 -0.711785 0.328403 -0.766130 -0.552445
31.019261 -65.973105 25386.402543 994.964549 0.923426 0.288239 -0.253381 -0.004349 -0.652330 -0.757922 0.383751 -0.700987 0.601126
-1.529424 -60.464796 9556.119548 1109.579888 0.941163 0.292792 -0.168777 0.040483 -0.593486 -0.803826 0.335520 -0.749698 0.570420
30.180278 -59.443386 23863.497194 2615.676307 0.919377 0.288093 -0.267858 -0.068964 -0.552333 -0.830766 0.387285 -0.782260 0.487935
-8.876850 -67.880251 2460.690130 1443.734743 0.951693 0.291699 -0.095874 0.121983 -0.645723 -0.753765 0.281781 -0.705658 0.650112
115.117410 -60.391117 65568.758466 -722.024416 0.904382 0.236783 -0.355002 -0.166335 -0.570510 -0.804270 0.392970 -0.786417 0.476574
103.139444 -60.106821 52198.132696 841.225925 0.925131 0.167148 -0.340874 -0.148773 -0.666444 -0.730561 0.349285 -0.726577 0.591680
26.246320 -64.855882 25118.449395 2710.688385 0.931382 0.274259 -0.239394 0.034816 -0.721690 -0.691341 0.362375 -0.635567 0.681717
-8.387715 -69.815962 4201.413558 3777.186656 0.933171 0.350961 -0.077580 0.198723 -0.683621 -0.702262 0.299502 -0.639913 0.707679
-20.898540 -63.232813 -1395.959455 1419.499680 0.924127 0.376951 -0.062427 0.161490 -0.237262 0.957929 -0.346281 0.895329 0.280134
-20.732790 -63.721712 1391.627068 -2003.767429 0.935693 0.328307 -0.129199 0.180234 -0.129985 0.974997 -0.303305 0.935584 0.180798
-19.933255 -68.186655 -597.093996 -2438.139467 0.917912 0.383793 -0.100702 0.138688 -0.072548 0.987675 -0.371757 0.920565 0.119820
-22.391024 -65.674386 750.340666 -2514.946595 0.944835 0.314311 -0.092171 0.190711 -0.299112 0.934966 -0.266300 0.900966 0.342554
-18.931844 -63.787783 -1111.759577 3235.914600 0.910446 0.408713 -0.063574 0.161511 -0.209784 0.964316 -0.380791 0.888225 0.257009
-20.621780 -66.081283 -3689.629356 6931.427965 0.910576 0.413312 -0.004883 0.169624 -0.362878 0.916268 -0.376932 0.835160 0.400536
-20.667150 -64.050601 -2348.113266 5855.426152 0.930839 0.365418 -0.002765 0.151805 -0.379792 0.912531 -0.332405 0.849840 0.408998
25.334431 -120.226511 2185.098637 3436.615162 0.911637 -0.061560 0.406360 0.391968 -0.167136 -0.904669 -0.123609 -0.984010 0.128238
23.237452 -119.095045 1413.363724 534.513096 0.925308 -0.046063 0.376408 0.378716 0.061277 -0.923482 -0.019473 -0.997057 -0.074145
22.695831 -101.929947 -442.527377 7249.294389 0.901562 -0.080612 0.425074 0.424645 -0.023254 -0.905061 -0.082843 -0.996474 -0.013267
20.252775 -118.493099 4587.759378 810.918621 0.930378 0.001468 0.366598 0.366599 -0.000407 -0.930379 0.001217 -0.999999 0.000917
18.945171 -112.059149 -3530.524591 12742.778511 0.880383 -0.133504 0.455086 0.438518 -0.136323 -0.888323 -0.180633 -0.981628 0.061473
22.307338 -115.842313 4667.645770 -2691.673874 0.926318 0.002007 0.376737 0.367330 -0.226946 -0.901978 -0.083689 -0.973905 0.210962
30.743322 -127.776687 4113.920936 2084.702901 0.921143 -0.053537 0.385525 0.334829 -0.396041 -0.855010 -0.198458 -0.916671 0.346884
23.948756 -132.197933 -4068.735434 6576.265606 0.896448 -0.132198 0.422972 0.355161 -0.356510 -0.864154 -0.265033 -0.924892 0.272641
10.395241 -145.028826 4935.682978 -10833.639696 0.897851 0.066522 0.435245 0.276192 0.684761 -0.674404 0.342902 -0.725725 -0.596440
-4.159260 -193.935385 4154.590546 -4659.074874 0.726850 -0.237704 -0.644349 -0.654211 0.045926 -0.754917 -0.209039 -0.970251 0.122127
-2.108529 -197.873810 4134.346377 6331.851141 0.733100 -0.247841 -0.633355 -0.678041 -0.193564 -0.709079 -0.053144 -0.949267 0.309948
-9.321694 -198.309614 1553.931008 -840.390566 0.741581 -0.277670 -0.610702 -0.661048 -0.147305 -0.735742 -0.114334 -0.949316 0.292792
-20.423398 -51.384689 6876.982703 -1389.978372 -0.520499 0.073595 0.850684 0.808702 -0.277221 0.518796 0.274008 0.957983 0.084777
-13.939265 -52.984875 6969.944632 243.206971 -0.408279 0.035733 0.912157 0.894478 -0.183841 0.407568 0.182255 0.982306 0.043096
-10.017964 -55.984062 6407.985773 -1355.911125 -0.547944 0.063305 0.834116 0.802376 -0.242181 0.545474 0.236538 0.968164 0.081907
9716.442150 -4500.719790 -1622467.802727 -2871780.582220 0.094980 0.865246 -0.492268 -0.453584 0.477804 0.752307 -0.886138 -0.151831 -0.437843
84.485752 -475.069038 -70076.709183 -238507.911089 -0.252638 0.872739 0.417733 -0.601296 -0.479862 0.638886 -0.758035 0.089774 -0.646006
95.538515 -310.120222 -48078.308370 -162110.247713 -0.045431 0.932307 0.358804 -0.692352 -0.288305 0.661459 -0.720128 0.218368 -0.658583
-19.857384 -61.035217 13571.549420 -2121.629174 0.815426 -0.498100 0.294919 -0.459114 -0.246211 0.853577 0.352554 0.831431 0.429452
1.285710 -63.400543 17828.402331 -2126.642765 0.814102 -0.513064 0.272036 -0.479668 -0.330036 0.813016 0.327347 0.792365 0.514784
-35.568821 -64.317399 53.034522 1787.746542 0.902235 -0.204230 -0.379819 0.417588 0.633652 0.651234 -0.107671 0.746174 -0.656987
-33.220097 -60.202090 98.257151 1587.213846 0.948771 -0.130075 -0.287948 0.311014 0.545154 0.778510 -0.055711 0.828183 -0.557682
-35.184719 -59.604355 -482.338943 1560.959250 0.932262 -0.220597 -0.286747 0.361444 0.602204 0.711834 -0.015651 0.767259 -0.641146
0.185514 -94.328345 392.445056 4023.065602 0.949977 0.280907 -0.136509 -0.189284 0.865498 0.463773 -0.248425 0.414735 -0.875374
-1.830110 -92.006059 1313.710574 3187.469004 0.948165 0.293969 -0.120685 -0.191657 0.831942 0.520712 -0.253476 0.470590 -0.845159
-0.787791 -87.509013 1655.873539 1898.870616 0.945368 0.308130 -0.106463 -0.174656 0.754459 0.632683 -0.275271 0.579524 -0.767058
27.180980 -658.362345 -13305.963630 -246107.823058 0.336091 0.700885 -0.629128 -0.579322 0.680515 0.448649 -0.742582 -0.213681 -0.634754
-17.801749 -332.643613 -10272.581368 38563.662545 0.290792 0.744596 -0.600847 -0.658342 0.611403 0.439058 -0.694280 -0.267888 -0.667990
7.923545 -287.913340 -8275.409457 16757.464071 0.275792 0.736402 -0.617779 -0.710807 0.588896 0.384650 -0.647064 -0.333038 -0.685852
-43.378956 -124.723227 -12860.403642 16181.540370 0.788190 0.023301 0.614990 0.342689 0.813416 -0.470019 0.511195 -0.581215 -0.633142
-25.045671 -122.897443 16608.404959 32881.260631 -0.849266 -0.020900 -0.527552 0.199365 0.912545 -0.357094 0.488878 -0.408443 -0.770826
-28.498122 -76.977437 -4387.857679 21275.284484 -0.845362 -0.467572 -0.258339 -0.411286 0.878298 -0.243797 0.340891 -0.099846 -0.934786
-31.181034 -110.600224 -3545.661805 22144.555011 -0.891055 -0.367824 -0.265946 -0.260564 0.894278 -0.363831 0.371656 -0.254897 -0.892692
-38.923858 -92.581328 -2829.362678 19923.597069 -0.887208 -0.408531 -0.214392 -0.347031 0.897121 -0.273391 0.304024 -0.168154 -0.937706
-36.945550 -69.654237 -4537.534759 10758.034332 -0.825876 -0.529608 -0.193506 -0.489640 0.843805 -0.219648 0.279609 -0.086654 -0.956196
-46.273848 -69.834613 5695.941373 -3200.020635 0.559613 0.561071 -0.609944 0.764528 -0.065420 0.641262 0.319891 -0.825178 -0.465565
-39.207690 -58.456833 5258.919416 -1252.553173 0.495971 0.613604 -0.614413 0.793838 -0.033655 0.607197 0.351900 -0.788897 -0.503794
-30.787749 -55.074698 7347.085509 6864.456795 0.752872 0.596096 -0.279023 -0.495674 0.234618 -0.836218 0.433003 -0.767870 -0.472107
