19168
38316
-21.527504 -36.426588 -34.763230 -2886.006190 -0.528542 0.829858 -0.178826 0.005361 -0.207388 -0.978244 0.848890 0.518002 -0.105164
-24.371213 -43.298354 476.744788 -1874.205785 -0.510801 0.858871 -0.037726 -0.172801 -0.145560 -0.974142 0.842153 0.491073 -0.222766
-27.433755 -44.937951 -1349.325360 -2881.143613 -0.509846 0.847478 0.147778 -0.234699 0.028236 -0.971658 0.827631 0.530080 -0.184506
-21.888055 -37.231640 331.485676 -2209.520181 -0.461388 0.834176 -0.302113 0.007290 -0.336948 -0.941495 0.887168 0.436597 -0.149383
-22.875628 -37.790781 -125.257910 -5168.792588 -0.544596 0.816339 0.192370 -0.153522 0.128462 -0.979759 0.824528 0.563106 -0.055366
-17.854406 -28.285495 -105.234208 -3105.690877 -0.540099 0.797907 -0.267652 0.139192 -0.228959 -0.963433 0.830011 0.557604 -0.012598
-17.559545 -30.785962 178.764576 -1814.655421 -0.451280 0.752777 -0.479241 0.188264 -0.444638 -0.875702 0.872297 0.485411 -0.058936
14.247867 -22.680316 16573.055098 201.834336 -0.032090 0.807658 -0.588777 0.824122 -0.311916 -0.472790 0.565502 0.500396 0.655600
-14.272283 -22.668196 5704.555297 98.310899 -0.477306 0.847881 -0.230820 0.656691 0.169633 -0.734834 0.583897 0.502318 0.637762
35.402761 -23.765330 28357.382252 39.964545 -0.171028 0.810672 -0.559965 0.798106 -0.219269 -0.561202 0.577733 0.542893 0.609501
26.216232 -25.468884 22817.520463 916.043813 0.039654 0.769755 -0.637107 0.837804 -0.373083 -0.398614 0.544529 0.517964 0.659698
-22.016609 -23.913150 945.962036 3259.510723 0.834322 -0.427586 -0.347960 0.148030 0.781775 -0.605735 0.531031 0.453870 0.715548
76.154964 -35.422935 36522.247226 -299.993523 -0.152935 0.807020 -0.570377 0.807251 -0.230912 -0.543162 0.570050 0.543506 0.616154
-129.382107 -536.492561 -8385.330171 -178977.196620 0.690447 -0.660922 0.294048 -0.229424 0.185434 0.955499 0.686037 0.727184 0.023599
-222.792800 -1253.757661 -108665.469223 -542466.119446 0.737397 -0.539151 0.406894 -0.197356 0.404135 0.893155 0.645985 0.738913 -0.191603
-18.272290 -472.088190 12309.446975 227136.757436 -0.610332 0.690385 -0.388411 0.181192 -0.355658 -0.916884 0.771145 0.629981 -0.091977
-8.152629 -43.670760 -2941.434347 -597.679796 0.673687 0.689588 0.265735 0.730596 -0.567336 -0.379946 -0.111245 0.450109 -0.886017
1.739227 -35.022366 -2196.621828 1665.687991 0.741565 0.632452 0.223797 -0.648231 0.589536 0.481916 -0.172852 0.502445 -0.847155
-8.570701 -40.680209 -3320.388704 2376.241239 0.776372 0.602080 0.186404 -0.577182 0.560358 0.594020 -0.253194 0.568769 -0.782556
1.978908 -29.130152 1166.012719 -234.623470 -0.713664 0.578488 0.395014 -0.125552 0.449145 -0.884594 0.689145 0.680897 0.247908
5.032139 -27.472919 818.287456 -519.297715 -0.705753 0.607308 0.364815 -0.048011 0.472759 -0.879883 0.706829 0.638495 0.304493
-0.101018 -27.759740 -1208.712438 -445.525906 0.715943 -0.561270 -0.415212 -0.031461 0.568184 -0.822300 0.697449 0.601783 0.389130
7.095612 -29.525510 778.954332 -709.562043 -0.704675 0.625855 0.334273 -0.118993 0.360205 -0.925253 0.699481 0.691778 0.179355
-5.667637 -28.955073 -1466.993862 -347.410427 0.708046 -0.549192 -0.443913 -0.073008 0.568325 -0.819559 0.702382 0.612694 0.362305
-5.149553 -30.178345 -1663.360742 12.475430 0.714074 -0.550487 -0.432507 0.175087 -0.457741 0.871675 0.677822 0.698167 0.230477
-0.206113 -30.777748 -1651.502872 4.042989 0.707978 -0.560435 -0.429745 0.259556 -0.359435 0.896346 0.656809 0.746136 0.109008
5.908392 -30.974759 -828.385354 142.249336 0.701060 -0.607575 -0.373320 0.207415 -0.327144 0.921930 0.682272 0.723760 0.103328
-3.200630 -29.462303 56.213579 -188.761685 -0.558511 0.813714 0.161044 -0.624043 -0.540086 0.564693 -0.546476 -0.214889 -0.809436
-3.710975 -29.741552 76.634024 98.309000 -0.567557 0.808286 0.156691 -0.549548 -0.513616 0.658935 -0.613087 -0.287874 -0.735699
-3.253326 -29.162685 50.258239 81.482885 -0.568188 0.804702 0.172095 -0.523026 -0.514605 0.679430 -0.635300 -0.296034 -0.713273
3.984105 -63.373609 370.373237 -3467.533608 0.803826 -0.507528 -0.310290 0.373014 0.836365 -0.401690 0.463384 0.207146 0.861606
5.213851 -59.347010 204.023821 -3871.542624 0.789538 -0.561084 -0.248625 0.446012 0.802883 -0.395541 0.421549 0.201405 0.884156
1.916221 -62.276852 10.775193 -1159.720542 0.808132 -0.526562 -0.263924 0.291385 0.746822 -0.597789 0.511877 0.406189 0.756963
-0.007164 -59.394213 -126.136179 -1811.539034 0.803251 -0.546286 -0.237400 -0.186923 -0.609616 0.770343 0.565551 0.574403 0.591788
0.254004 -59.833804 -103.869035 -2619.341409 0.812630 -0.515831 -0.271202 -0.130091 -0.614177 0.778372 0.568074 0.597248 0.566204
1.911979 -63.780523 99.962455 447.243770 0.813788 -0.496766 -0.301615 0.230424 0.752252 -0.617270 0.533529 0.432828 0.726641
-0.467601 -58.114062 -54.817891 -4104.926013 0.826271 -0.500632 -0.258153 0.543193 0.586924 0.600384 0.149055 0.636308 -0.756898
-1.294669 -69.980065 -58.619791 -4265.856110 0.828149 -0.501907 -0.249516 0.489901 0.431862 0.757293 0.272334 0.749390 -0.603531
-0.002047 -57.823001 34.679822 -3718.039144 0.815552 -0.514054 -0.265751 0.558769 0.580095 0.592678 0.150508 0.631853 -0.760335
0.017741 -48.327885 -37.568533 -1699.482809 0.826604 -0.497200 -0.263663 0.561000 0.690683 0.456328 0.044779 0.525118 -0.849851
1.498789 -57.840824 308.502011 -3245.608434 0.804538 -0.528666 -0.270611 0.573197 0.571938 0.586798 0.155447 0.627215 -0.763176
0.689249 -49.598911 91.025253 -1334.523722 0.821552 -0.504725 -0.265150 0.568382 0.688647 0.450230 0.044648 0.520593 -0.852636
-1.486042 -47.932262 294.441289 1442.472271 -0.654991 0.712865 0.250620 -0.731306 -0.681506 0.027226 -0.190207 0.165447 -0.967703
-2.221788 -43.841210 -16.834401 1453.310799 -0.656486 0.719718 0.225902 -0.700778 -0.692714 0.170461 -0.279169 0.046402 -0.959120
-2.052839 -42.346252 139.511281 1528.006643 -0.650013 0.720079 0.242837 -0.687581 -0.693372 0.215564 -0.323599 0.026851 -0.945813
-1.182369 -43.151382 378.760990 1642.389152 -0.642344 0.721108 0.259611 -0.692863 -0.691167 0.205497 -0.327621 0.047875 -0.943596
-0.505602 -49.502161 279.090610 -1561.596255 -0.646517 0.720000 0.252223 0.742292 0.670003 -0.009903 -0.176121 0.180821 -0.967618
4.342282 -49.886150 94.575542 2687.844895 -0.640079 0.760094 -0.112052 0.477448 0.507773 0.717084 -0.601948 -0.405492 0.687920
2.714294 -44.528684 212.403754 2066.558626 -0.626600 0.766266 -0.142156 0.533629 0.554785 0.638321 -0.567990 -0.324113 0.756530
4.856591 -42.588612 323.564211 2860.788788 -0.632365 0.765132 -0.121190 0.567854 0.564244 0.599308 -0.526931 -0.310163 0.791292
-1.368729 -26.743134 -504.605265 439.821185 -0.589516 0.793575 0.150694 -0.334595 -0.409708 0.848638 -0.735199 -0.449864 -0.507056
0.360947 -26.966813 -752.292490 668.087198 -0.592330 0.794762 0.132281 -0.360657 -0.408364 0.838549 -0.720466 -0.448990 -0.528523
3.642694 -24.839723 -1327.652724 271.858374 -0.595130 0.793287 0.128510 -0.270139 -0.348084 0.897698 -0.756865 -0.499532 -0.421454
-9.725661 -49.379481 -345.631539 93.222433 0.737618 0.401948 0.542547 0.674998 -0.459475 -0.577287 -0.017248 -0.792035 0.610232
-11.184876 -52.565506 762.795072 746.756290 0.705466 0.428350 0.564653 0.705143 -0.344004 -0.620027 0.071346 -0.835570 0.544732
-11.066639 -50.953253 1205.543396 -200.540868 0.737642 0.435491 0.515977 0.674867 -0.499281 -0.543391 -0.020976 -0.749043 0.662189
-8.356229 -50.670230 -1397.048822 -93.963837 0.727354 0.372153 0.576592 0.685925 -0.367897 -0.627821 0.021519 -0.852147 0.522860
-9.032170 -49.541130 -795.078198 -1226.357794 0.759255 0.383983 0.525442 0.642503 -0.570736 -0.511323 -0.103550 -0.725822 0.680044
-9.140269 -48.744366 -2715.441762 -777.558187 0.735173 0.353069 0.578674 0.672671 -0.485586 -0.558318 -0.083871 -0.799718 0.594489
-4.216016 -38.104701 -513.923974 -895.433695 -0.655907 0.748921 -0.094361 -0.383697 -0.438445 -0.812738 0.650048 0.496874 -0.574938
-2.631023 -34.351064 -315.538097 -933.144803 -0.667341 0.735041 -0.119877 -0.224650 -0.352140 -0.908587 0.710062 0.579407 -0.400125
-2.588215 -37.488290 11.071717 -1038.796529 -0.699389 0.704072 -0.123036 -0.347603 -0.485471 -0.802178 0.624522 0.518267 -0.584271
-4.766081 -38.894790 -176.709551 -142.178568 -0.683235 0.721918 -0.109656 -0.505075 -0.575685 -0.643029 0.527342 0.383955 -0.757950
-5.724215 -39.468681 -682.964784 -120.859760 -0.654221 0.752532 -0.075429 -0.532298 -0.529005 -0.660918 0.537265 0.392236 -0.746658
-8.280585 -113.799952 5.245331 -13396.528297 0.782042 0.299146 0.546738 0.578032 -0.020176 -0.815765 0.233002 -0.953994 0.188694
-10.419554 -132.465207 -8.194649 -13145.693344 0.791688 0.305674 0.528955 0.486513 0.208229 -0.848497 0.369507 -0.929088 -0.016138
-7.684715 -113.817738 414.651132 -12869.767585 0.752383 0.326480 0.572128 0.587465 0.060357 -0.806996 0.298000 -0.943275 0.146384
-8.747018 -135.628365 -529.847986 -14397.110752 0.819387 0.272941 0.504092 0.485047 0.138543 -0.863444 0.305508 -0.952003 0.018869
-5.787448 -89.974370 232.694110 -8538.455889 0.736250 0.319459 0.596558 0.656778 -0.124948 -0.743660 0.163031 -0.939326 0.301807
-6.856493 -112.187349 -171.983766 -12931.835778 0.807676 0.274451 0.521858 0.562841 -0.095138 -0.821072 0.175695 -0.956883 0.231313
-5.541239 -86.212775 70.944196 -7876.799023 0.761193 0.297878 0.576068 0.639855 -0.200189 -0.741963 0.105692 -0.933377 0.342981
5.334121 -100.041352 -216.125068 -3753.377914 0.831621 0.282644 0.478036 0.522901 -0.108629 -0.845443 0.187031 -0.953054 0.238133
5.600162 -93.217883 167.095383 -2208.239330 0.823033 0.312308 0.474427 0.516524 -0.064094 -0.853871 0.236263 -0.947816 0.214066
4.817385 -103.511474 -471.872600 -1478.136851 0.808129 0.273512 0.521650 0.508134 0.124149 -0.852284 0.297872 -0.953823 0.038652
5.696517 -86.309511 344.031271 -3604.058460 0.848233 0.306216 0.432125 0.512529 -0.268979 -0.815454 0.133473 -0.913171 0.385102
5.018803 -109.598057 -305.158125 -4535.292080 0.826562 0.271136 0.493234 0.521666 -0.040019 -0.852211 0.211326 -0.961709 0.174521
6.372154 -89.380121 49.285381 -4125.479695 0.859978 0.280155 0.426556 0.500854 -0.303008 -0.810760 0.097889 -0.910878 0.400897
5.519247 -100.672388 -405.271608 -5353.746610 0.845987 0.271053 0.459169 0.519871 -0.227939 -0.823272 0.118488 -0.935186 0.333747
11.854027 -87.033974 4053.295149 5471.030978 0.856576 0.285944 0.429550 -0.110274 0.914633 -0.388955 -0.504100 0.285802 0.814985
12.016945 -76.172548 3806.174460 11150.988270 0.855773 0.313183 0.411788 -0.035523 0.829645 -0.557160 -0.516131 0.462174 0.721113
8.337723 -86.898409 1861.807885 6959.419570 0.856676 0.293074 0.424517 -0.090446 0.895525 -0.435723 -0.507864 0.334877 0.793682
13.786792 -77.229057 2224.867700 8957.980592 0.843746 0.314683 0.434819 -0.064697 0.863826 -0.499619 -0.532830 0.393419 0.749209
7.922488 -94.874415 2630.711689 -747.079649 0.857528 0.282390 0.430002 -0.192357 0.951248 -0.241095 -0.477121 0.124032 0.870041
12.665558 -95.066517 4497.606790 -990.389173 0.856736 0.267562 0.440924 -0.198026 0.960033 -0.197795 -0.476224 0.082144 0.875479
13.796006 -87.523968 2173.377599 3555.701609 0.845021 0.287755 0.450707 -0.138973 0.932081 -0.334533 -0.516359 0.220051 0.827618
5.968271 -11.292139 293.492224 621.944121 -0.557522 -0.512426 -0.653138 -0.468362 0.843743 -0.262172 0.685424 0.159739 -0.710406
1.507298 -8.309958 -212.158728 639.574424 -0.552719 -0.505083 -0.662867 -0.494107 0.839137 -0.227393 0.671088 0.201843 -0.713372
1.850215 -10.113971 74.579076 427.122452 -0.658784 -0.303892 -0.688224 -0.353105 0.932666 -0.073828 0.664319 0.194379 -0.721732
12.549869 -36.408445 -3113.648227 -1596.934067 0.843443 0.216283 0.491757 -0.273990 0.960560 0.047468 -0.462096 -0.174773 0.869438
9.759559 -39.982562 -1458.265011 -2632.656322 0.835053 0.233741 0.498047 -0.261444 0.965108 -0.014588 -0.484080 -0.118030 0.867027
17.222747 -40.969491 -3411.383611 -2027.547413 0.850947 0.177925 0.494198 -0.187860 0.981738 -0.029982 -0.490507 -0.067327 0.868833
24.893230 -34.365913 -4841.201816 -1450.655435 0.872749 0.145855 0.465871 -0.167835 0.985798 0.005783 -0.458411 -0.083237 0.884834
20.313057 -34.343422 -3545.348200 -708.396884 0.867319 0.193013 0.458806 -0.243638 0.968408 0.053173 -0.434048 -0.157901 0.886944
5.704087 -76.710754 53.412780 1920.953943 0.865659 0.152508 0.476839 -0.487154 0.476136 0.732103 0.115389 0.866046 -0.486466
5.244142 -79.730267 187.343876 -2637.520778 0.873259 0.135421 0.468060 -0.482305 0.376839 0.790807 0.069292 0.916326 -0.394392
5.418272 -88.076802 -117.572325 4828.777452 0.872398 0.163486 0.460645 -0.482950 0.433609 0.760751 0.075367 0.886146 -0.457235
4.697662 -72.971546 391.875402 -4318.809775 0.866629 0.117239 0.484983 -0.484638 0.428944 0.762321 0.118657 0.895691 -0.428554
5.519040 -87.507565 -6.414540 7876.509433 0.856392 0.178370 0.484539 -0.499792 0.521963 0.691204 0.129622 0.834109 -0.536153
5.670486 -84.067112 15.341862 8437.806047 0.846826 0.179003 0.500843 -0.505950 0.561496 0.654780 0.164014 0.807886 -0.566056
4.973312 -72.973905 206.904480 1758.016460 0.853302 0.141643 0.501810 -0.495251 0.521214 0.695027 0.163105 0.841590 -0.514901
42.140928 -1.282630 2593.191815 -5987.220092 -0.027240 -0.347438 0.937307 0.634593 0.718471 0.284764 -0.772366 0.602566 0.200911
62.173195 11.586733 4741.345504 -4142.176474 0.074249 -0.330083 0.941027 0.652219 0.729906 0.204567 -0.754386 0.598567 0.269481
62.581917 8.697112 7345.221024 -6932.197996 -0.175994 -0.451631 0.874675 0.619537 0.639682 0.454952 -0.764984 0.621962 0.167222
47.303244 -8.081836 7951.071587 -11324.879711 -0.222087 -0.486981 0.844705 0.599408 0.615104 0.512208 -0.769017 0.620078 0.155293
-13.625642 -137.848550 -4469.152805 -3152.084167 -0.539257 -0.687148 -0.486857 -0.268389 0.688202 -0.674051 0.798229 -0.232820 -0.555541
-5.279521 -141.541061 7043.457728 -4636.955224 0.511342 0.722182 0.465814 -0.468885 0.688701 -0.553026 0.720192 -0.064373 -0.690782
-3.738015 -132.010594 2932.964660 -2461.523217 0.524461 0.729619 0.438858 -0.310113 0.643721 -0.699609 0.792950 -0.230822 -0.563871
-10.645230 -126.540560 4215.386834 -4727.470610 0.532292 0.690845 0.489283 -0.093508 0.622409 -0.777086 0.841381 -0.367885 -0.395903
-17.890778 -129.878561 4309.752942 -4759.887257 0.549515 0.664386 0.506582 -0.088965 0.649417 -0.755210 0.830734 -0.369931 -0.415972
26.210619 -825.430647 -16746.170037 -339161.648753 0.751313 0.513025 0.415132 -0.643199 0.710041 0.286596 0.147730 0.482336 -0.863440
34.738247 -3548.322715 3094.475195 3263041.542507 -0.613802 -0.653619 -0.442752 -0.716453 0.696740 -0.035329 0.331575 0.295526 -0.895948
25.352294 -646.864149 -3645.050658 -139258.054287 0.761193 0.501182 0.411583 -0.635943 0.701246 0.322228 0.127126 0.507022 -0.852507
8.110162 -46.637118 -1759.786670 -1056.593297 -0.618793 0.731238 -0.287030 0.083970 -0.301721 -0.949691 0.781053 0.611765 -0.125301
13.002620 -47.604350 -1590.073558 -2347.784889 -0.635855 0.711284 -0.299604 0.148146 -0.268487 -0.951823 0.757457 0.649607 -0.065345
10.783620 -48.336032 -1336.881553 -811.590591 -0.630621 0.705932 -0.322455 0.080530 -0.353724 -0.931877 0.771901 0.613629 -0.166217
-13.668310 -21.635288 300.920693 187.972643 0.779195 -0.394304 -0.487216 0.439863 0.897768 -0.023100 0.446516 -0.196309 0.872976
-11.757128 -20.328497 212.764681 296.855817 0.745669 -0.463078 -0.479100 0.451300 0.879987 -0.148156 0.490210 -0.105742 0.865166
-14.140652 -21.456446 -117.658840 208.825944 0.661867 -0.631967 -0.403175 0.637734 0.757381 -0.140248 0.393989 -0.164293 0.904312
-13.425129 -22.254055 481.333795 325.778939 -0.486426 0.823796 0.291119 0.805751 0.551798 -0.215139 0.337870 -0.129920 0.932183
-15.861333 -23.162606 328.399840 238.161823 -0.499367 0.798996 0.335018 0.820305 0.560461 -0.113944 0.278806 -0.217917 0.935297
5.186011 -264.896572 1612.140443 -63818.737730 0.352239 0.855692 -0.379104 0.143898 -0.449763 -0.881480 0.924782 -0.255939 0.281557
-36.299661 -121.825617 -1221.353837 -29842.609082 0.155070 0.842035 -0.516653 -0.261205 -0.469421 -0.843455 0.952746 -0.265747 -0.147151
-1.570549 -269.722824 -4012.114303 -73793.328078 0.438417 0.885396 -0.154479 -0.210012 -0.066201 -0.975455 0.873891 -0.460099 -0.156920
52.617189 -128.941393 3885.936459 -8901.872174 -0.637620 0.769754 -0.030309 0.024608 -0.018972 -0.999517 0.769958 0.638058 0.006846
47.725291 -143.086388 2487.618426 -11022.263597 -0.598976 0.800756 0.004262 -0.176347 -0.126715 -0.976138 0.781108 0.585435 -0.217110
62.766555 -139.738425 1802.921001 -12106.289551 -0.413896 0.910277 0.009249 0.036013 0.026525 -0.998999 0.909611 0.413149 0.043761
60.625659 -107.056507 2743.241607 -7152.437219 -0.465668 0.884813 -0.016081 0.228228 0.102517 -0.968195 0.855024 0.454528 0.249678
48.972760 -107.141514 4609.648889 -5843.798539 -0.673882 0.736094 -0.063634 0.209385 0.107670 -0.971887 0.708549 0.668261 0.226684
-35.535741 -123.971875 2360.540170 45075.182114 0.598031 0.661053 -0.453175 0.459814 0.180131 0.869554 -0.656452 0.728396 0.196238
-28.685259 -114.836386 -379.243747 37843.106661 0.668580 0.662673 -0.337441 0.375705 0.090592 0.922301 -0.641753 0.743410 0.188402
-44.632847 -189.848974 3357.780342 60898.753175 0.631162 0.652615 -0.419201 0.329818 0.263349 0.906569 -0.702036 0.710451 0.049028
14.709251 -26.654829 -3034.166550 332.351851 -0.673460 -0.736547 -0.062846 0.738880 -0.668121 -0.087581 0.022519 -0.105418 0.994173
11.627889 -24.440063 -2573.371246 200.750335 -0.675525 -0.732013 -0.088448 0.733859 -0.655844 -0.176974 0.071539 -0.184458 0.980233
13.587932 -24.770216 -450.171066 -358.894314 -0.629529 -0.731451 -0.262053 0.773410 -0.622203 -0.121247 -0.074364 -0.279003 0.957407
-64.076418 -282.631405 54516.828086 -95525.646510 -0.658500 -0.439517 0.610903 -0.554168 0.832404 0.001533 -0.509192 -0.337534 -0.791704
24.510873 -230.324183 45938.946964 -88387.213044 -0.629072 -0.482709 0.609312 -0.611087 0.791554 -0.003820 -0.480459 -0.374746 -0.792921
-63.553931 -255.996245 62706.900462 -50120.866484 -0.703202 -0.252101 0.664795 -0.195015 0.967557 0.160632 -0.683722 -0.016688 -0.729552
-19.163646 -182.411244 -53941.751521 57550.476611 0.501524 0.609189 -0.614298 0.772807 -0.634639 0.001573 -0.388899 -0.475523 -0.789072
-149.346684 -307.162783 -91312.586141 111582.844112 0.564655 0.606910 -0.559308 0.741864 -0.670199 0.021717 -0.361667 -0.427194 -0.828675
70.009148 -63.062608 -2518.486684 -3640.797755 0.857491 -0.366403 -0.361190 -0.443548 -0.170710 -0.879843 -0.260718 -0.914662 0.308899
68.490128 -67.878388 -917.122327 1984.493078 0.864755 -0.317183 -0.389351 -0.383908 0.082285 -0.919698 -0.323750 -0.944788 0.050613
62.179935 -61.534106 -3890.760636 -224.429664 0.779414 -0.536491 -0.323562 -0.467915 -0.155043 -0.870067 -0.416617 -0.829542 0.371874
64.361158 -55.612207 -3413.008589 -3603.218433 0.834650 -0.434734 -0.338181 -0.491804 -0.311820 -0.812955 -0.247968 -0.844852 0.474065
-2.943480 -9.950370 3061.369816 1649.578592 -0.263179 0.958203 -0.112175 -0.605978 -0.073713 0.792059 -0.750685 -0.276428 -0.600050
-5.645740 -14.336800 2388.148769 4629.754931 -0.637298 0.508559 0.578980 0.147739 0.818015 -0.555900 -0.756323 -0.268736 -0.596454
-1.694563 -20.364564 -233.525614 6161.726284 -0.653811 0.510839 0.558189 0.136209 0.805111 -0.577272 -0.744298 -0.301396 -0.595971
1.842938 -9.183993 1912.341950 -2468.029179 0.278942 0.698296 -0.659223 -0.607387 0.660008 0.442120 -0.743823 -0.277077 -0.608240
-37.177967 -53.694039 -70.177489 913.602747 0.683384 0.707492 0.180114 -0.659741 0.492829 0.567329 -0.312615 0.506532 -0.803553
-35.963667 -51.515900 -597.806364 1291.469636 0.690202 0.723280 0.022048 -0.571187 0.525853 0.630257 -0.444259 0.447598 -0.776074
-35.519992 -47.688958 -475.496625 2147.381695 0.671708 0.726950 0.142659 -0.589046 0.407317 0.697938 -0.449259 0.552843 -0.701805
-34.144296 -47.484017 610.601556 -2526.522185 0.624284 0.712493 0.320349 0.685271 -0.302580 -0.662457 -0.375065 0.633087 -0.677146
-29.635174 -37.923086 2806.035959 -2591.722890 0.296710 0.737144 0.607109 0.828611 0.117307 -0.547396 -0.474728 0.665476 -0.576000
-8.039125 -26.492965 1361.577988 -333.584805 -0.061480 -0.412266 -0.908987 0.974650 -0.221082 0.034349 -0.215121 -0.883832 0.415407
-11.213053 -26.347363 397.117496 491.442288 0.136969 -0.477823 -0.867713 0.975310 -0.088138 0.202488 -0.173232 -0.874024 0.453953
-6.651068 -26.103920 1322.469069 -266.816483 0.058037 -0.443980 -0.894155 0.961398 -0.216458 0.169881 -0.268971 -0.869498 0.414279
-12.877083 -25.813374 489.244841 274.918937 -0.041125 -0.443855 -0.895154 0.992203 -0.123639 0.015722 -0.117654 -0.887528 0.445479
-3.646520 -26.047392 1603.626684 -460.333544 -0.101680 -0.383442 -0.917951 0.948599 -0.315355 0.026654 -0.299700 -0.868057 0.395798
-4.983698 -27.049559 1427.205079 -935.541412 -0.189687 -0.359922 -0.913496 0.951638 -0.296400 -0.080824 -0.241670 -0.884649 0.398739
-9.382228 -27.187066 1304.128953 -584.579974 -0.194644 -0.378802 -0.904778 0.969199 -0.216168 -0.118000 -0.150885 -0.899878 0.409210
25.233122 -26.078348 6942.527149 -2745.380688 0.882892 0.109505 -0.456630 -0.370606 -0.434665 -0.820803 0.288363 -0.893910 0.343179
18.933258 -18.720395 7091.185477 -2151.303509 0.845523 0.079321 -0.528013 -0.422872 -0.504283 -0.752913 0.325990 -0.859888 0.392841
11.012875 -21.200155 5850.415334 -1608.766754 0.899881 0.193686 -0.390767 -0.273810 -0.446506 -0.851857 0.339473 -0.873566 0.348769
4.697280 -7.559861 -2238.024446 1753.109230 -0.751989 0.523745 -0.400255 0.349165 0.831512 0.432055 0.559104 0.185146 -0.808161
7.527329 -9.406828 -1455.984152 561.352167 -0.792752 0.446105 -0.415373 0.292937 0.876424 0.382189 0.534539 0.181303 -0.825468
3.195133 -9.876704 -1501.250997 346.054819 -0.746482 0.543250 -0.384245 0.387754 0.824423 0.412278 0.540751 0.158766 -0.826064
9.052399 -5.816824 -1615.412454 2606.399342 -0.800992 0.438441 -0.407654 0.265288 0.870363 0.414837 0.536689 0.224136 -0.813467
-0.601718 -9.228422 -1440.522299 910.771226 -0.707327 0.617555 -0.343968 0.456674 0.770634 0.444491 0.539571 0.157320 -0.827111
-0.506002 -5.150740 -2564.965899 1913.742586 -0.729941 0.557396 -0.395595 0.380745 0.812245 0.441918 0.567643 0.171954 -0.805117
5.612137 -2.017212 -2661.649624 3415.569254 -0.747259 0.525005 -0.407399 0.328413 0.824720 0.460415 0.577710 0.210254 -0.788698
2.011275 -42.437971 -176.554757 -811.820415 -0.633854 0.184367 0.751157 0.644478 -0.411064 0.644728 0.427640 0.892768 0.141735
2.558838 -39.566468 -117.513836 -308.346294 0.661195 -0.169064 -0.730916 0.631717 -0.400058 0.663993 0.404667 0.900761 0.157715
1.038157 -37.779523 -95.520947 -918.865497 -0.616194 0.166764 0.769736 0.724959 -0.261851 0.637079 0.307798 0.950591 0.040454
-0.349126 -40.270371 -468.967537 -1557.908470 -0.589759 0.177210 0.787896 0.741602 -0.267392 0.615247 0.319705 0.947153 0.026277
-0.184146 -34.456064 -139.834791 -875.760975 -0.617160 0.160056 0.770387 0.764537 -0.109471 0.635216 0.186005 0.981019 -0.054808
-1.176853 -34.527815 -348.112991 -1439.953891 -0.578851 0.164123 0.798746 0.792378 -0.118067 0.598496 0.192533 0.979349 -0.061704
1.025345 -86.322440 -124.596773 -7109.081916 0.787689 -0.101048 -0.607730 0.567430 -0.265194 0.779549 0.239938 0.958886 0.151552
0.926000 -77.086132 -119.659192 -3106.159423 0.778963 -0.092900 -0.620150 0.607267 -0.134815 0.782976 0.156344 0.986506 0.048601
2.542779 -69.332467 -312.494831 -2776.375711 0.802488 -0.102212 -0.587849 0.579041 -0.104297 0.808599 0.143960 0.989280 0.024512
3.434671 -74.655038 -490.315565 -6589.750963 0.812053 -0.113134 -0.572513 0.541901 -0.217924 0.811697 0.216595 0.969386 0.115658
1.762347 -97.602204 -281.645670 -12586.930150 0.796578 -0.109627 -0.594513 0.523198 -0.367666 0.768821 0.302865 0.923474 0.235518
1.646860 -10.023706 697.811363 -220.742328 -0.808589 -0.220393 0.545538 0.022802 0.914760 0.403353 -0.587932 0.338586 -0.734639
3.938057 -10.452124 320.392229 121.623347 -0.832813 -0.251638 0.493053 -0.025331 0.907095 0.420164 -0.552974 0.337428 -0.761815
2.782164 -13.195989 345.536157 -1048.068955 -0.832006 -0.354438 0.426779 -0.115877 0.863356 0.491110 -0.542530 0.359152 -0.759388
-1.167703 -14.099822 319.113516 -1517.331350 -0.821954 -0.252493 0.510528 -0.005450 0.899810 0.436248 -0.569528 0.355793 -0.740978
8.841175 -9.489638 1397.325078 176.457416 -0.867446 0.340740 -0.362538 0.221408 0.916918 0.332024 0.445552 0.207744 -0.870819
5.135003 -6.927481 977.120189 420.226118 -0.849967 0.420447 -0.317458 0.307344 0.885133 0.349398 0.427896 0.199408 -0.881556
8.296827 -8.298083 859.406604 -459.630024 -0.862838 0.340985 -0.373149 0.238523 0.925505 0.294189 0.445665 0.164832 -0.879894
1.997292 -68.724726 226.551965 -4116.174511 -0.140015 -0.529355 -0.836767 0.987484 -0.136626 -0.078801 -0.072610 -0.837327 0.541859
2.538034 -76.577541 257.313532 -3916.972495 -0.168765 -0.527276 -0.832766 0.981066 -0.008411 -0.193493 0.095019 -0.849652 0.518712
1.378375 -66.524867 75.771019 -3716.801084 -0.157956 -0.521612 -0.838433 0.984419 -0.149620 -0.092376 -0.077262 -0.839961 0.537119
4.064698 -80.820070 477.080670 -4547.019338 -0.156510 -0.537396 -0.828680 0.983003 -0.003230 -0.183562 0.095969 -0.843324 0.528767
0.755056 -59.072574 96.279961 -2628.750825 -0.138585 -0.525457 -0.839457 0.965658 -0.259795 0.003199 -0.219768 -0.810186 0.543416
1.217339 -60.225452 142.825310 -2808.498989 -0.119156 -0.535304 -0.836213 0.969153 -0.245713 0.019195 -0.215743 -0.808131 0.548069
3.313153 -70.888248 323.423111 -4418.439143 -0.118558 -0.540918 -0.832677 0.990449 -0.123877 -0.060549 -0.070397 -0.831903 0.550438
-0.403463 -56.879234 658.297988 -366.563780 0.693630 -0.314671 -0.647965 -0.005442 0.897223 -0.441543 0.720311 0.309794 0.620629
2.045546 -54.610665 458.426861 -893.520382 0.700992 -0.320769 -0.636960 -0.029548 0.879309 -0.475334 0.712557 0.352026 0.606910
-1.568679 -59.307955 654.785627 -1265.461382 0.690322 -0.283806 -0.665515 -0.160887 0.836604 -0.523650 0.705387 0.468560 0.531865
-5.237263 -62.161227 801.031442 -1234.477811 0.692970 -0.260276 -0.672346 -0.144471 0.863517 -0.483183 0.706343 0.431966 0.560789
-2.787435 -60.155625 770.541710 -431.732399 0.676185 -0.256467 -0.690651 -0.328813 0.733847 -0.594433 0.659285 0.629042 0.411886
-6.645834 -63.924809 903.245656 -1282.248573 0.678535 -0.236637 -0.695409 -0.306824 0.768850 -0.561007 0.667420 0.594031 0.449085
-1.627985 -101.239197 194.919163 5717.362457 0.238266 0.764717 0.598697 -0.154745 -0.578683 0.800737 -0.958793 0.283433 0.019544
-2.141322 -101.845303 -290.013346 6085.631922 0.238020 0.768705 0.593666 -0.209146 -0.556328 0.804212 -0.948475 0.315582 -0.028355
-1.356608 -109.842401 201.626750 3189.931659 0.239003 0.769492 0.592249 -0.379065 -0.487593 0.786488 -0.893973 0.412474 -0.175151
-1.671556 -109.877114 246.522562 2769.644507 0.229856 0.765875 0.600502 -0.324484 -0.521409 0.789204 -0.917538 0.376256 -0.128666
-6.777297 -64.594630 126.857673 1004.116849 -0.316951 -0.645649 -0.694751 -0.094404 0.750357 -0.654257 0.943732 -0.141780 -0.298778
-2.727020 -69.260531 14.666182 2593.210314 0.294248 0.703584 0.646830 0.041480 0.666753 -0.744124 0.954829 -0.245787 -0.167006
-4.502451 -60.196128 480.911308 2885.755587 -0.322103 -0.688130 -0.650174 -0.145300 0.714573 -0.684305 0.935488 -0.125946 -0.330152
-8.025904 -57.986394 424.505230 73.042940 -0.360386 -0.593499 -0.719639 -0.243003 0.804576 -0.541855 0.900595 -0.020402 -0.434180
-8.441493 -64.094558 -466.098257 33.683647 -0.325390 -0.577305 -0.748893 -0.230490 0.816529 -0.529297 0.917058 0.000384 -0.398753
-2.531484 -34.107223 372.661307 -429.428137 0.294104 0.498641 0.815389 0.955513 -0.173309 -0.238660 0.022309 0.849306 -0.527429
-1.022738 -41.840457 82.467695 -2449.390997 0.286611 0.517582 0.806203 0.951287 -0.253539 -0.175418 0.113611 0.817207 -0.565036
-3.159289 -39.085423 -218.557615 162.537044 0.204906 0.532483 0.821264 0.978565 -0.129101 -0.160447 0.020591 0.836537 -0.547523
15.923821 -44.283658 -3970.975663 -1227.371486 -0.253119 -0.573015 -0.779477 0.964483 -0.086571 -0.249555 0.075519 -0.814959 0.574576
24.247152 -40.234335 -1004.732767 -1066.053175 -0.299735 -0.479381 -0.824835 0.950686 -0.077842 -0.300227 0.079716 -0.874148 0.479073
19.302746 -39.442178 -2749.837780 426.872684 -0.214320 -0.539458 -0.814280 0.976717 -0.126518 -0.173256 -0.009557 -0.832453 0.554013
9.185967 -42.344225 -4506.901308 148.987282 -0.184426 -0.597818 -0.780128 0.982646 -0.128201 -0.134061 -0.019869 -0.791314 0.611087
17.066589 -38.859818 -2845.734392 -268.264051 -0.181385 -0.549071 -0.815856 0.975714 -0.204079 -0.079581 -0.122804 -0.810477 0.572753
22.659919 -36.858125 -1178.583026 175.591771 -0.227928 -0.486845 -0.843226 0.968277 -0.204421 -0.143706 -0.102411 -0.849231 0.517994
3.699135 -75.220082 281.953929 -4664.054862 0.128255 0.536369 0.834181 -0.649450 0.681108 -0.338093 -0.749510 -0.498397 0.435700
3.135951 -63.639797 -322.413517 -6316.970094 0.120282 0.526092 0.841878 -0.762672 0.591839 -0.260877 -0.635502 -0.610699 0.472423
2.155198 -65.126982 -182.868418 -4019.065443 0.107350 0.529858 0.841265 -0.744824 0.603350 -0.284968 -0.658569 -0.596003 0.459421
-0.945564 -98.798314 -5.098412 -5255.151478 -0.199887 -0.594372 -0.778953 0.934515 -0.354591 0.030762 -0.294494 -0.721794 0.626328
0.378103 -101.995646 421.823840 -4814.247330 -0.188216 -0.582180 -0.790975 0.945509 -0.325276 0.014425 -0.265683 -0.745159 0.611679
-0.479561 -102.832261 -88.270132 -916.501444 -0.208966 -0.593211 -0.777453 0.971903 -0.214058 -0.097901 -0.108344 -0.776067 0.621275
59.902907 -73.628152 15289.238372 -8951.457783 0.132191 -0.303374 0.943658 0.561940 0.807181 0.180781 -0.816547 0.506382 0.277180
99.450797 -54.581627 37232.487310 -9125.493970 0.042137 -0.456958 0.888490 0.393445 0.825014 0.405652 -0.918382 0.332479 0.214551
75.157375 -55.571000 7020.163805 -2734.711976 -0.017061 -0.373006 0.927672 0.545770 0.773920 0.321222 -0.837761 0.511776 0.190372
68.438644 -67.303127 35911.088644 -11605.652459 0.165103 -0.426914 0.889092 0.396341 0.854192 0.336556 -0.903136 0.296817 0.310233
55.389910 -65.432890 -3272.637293 -6475.468058 0.148623 -0.164157 0.975174 0.678926 0.733932 0.020074 -0.719007 0.659087 0.220530
30.097311 -99.591722 20786.860185 -17270.371697 0.286898 -0.242735 0.926698 0.546252 0.836134 0.049898 -0.786955 0.491895 0.372479
38.767251 -111.439531 4594.579425 -23087.885193 0.335208 -0.077306 0.938967 0.671933 0.718218 -0.180746 -0.660411 0.691510 0.292697
-1.210444 -97.501409 3570.209909 -4703.884826 -0.545378 -0.456119 -0.703220 0.095684 0.799611 -0.592847 0.832711 -0.390613 -0.392447
-2.627958 -88.437457 3366.613198 -1095.750303 -0.542561 -0.516397 -0.662542 0.189274 0.693289 -0.695360 0.818415 -0.502677 -0.278411
0.881214 -90.176675 2492.107243 -2619.275030 -0.544026 -0.454217 -0.705494 0.110046 0.794920 -0.596651 0.831820 -0.402231 -0.382472
1.776604 -100.277959 3332.062889 -6385.376945 -0.560352 -0.394956 -0.728021 0.005848 0.877074 -0.480320 0.828234 -0.273406 -0.489160
49.357933 -765.048900 15182.639023 162804.927025 0.385143 0.805553 0.450278 -0.576550 -0.170949 0.798978 -0.720593 0.567328 -0.398602
120.647878 -928.209837 29896.078318 -321381.433693 0.491805 0.726921 0.479285 0.861484 -0.326341 -0.389033 -0.126386 0.604224 -0.786727
351.547195 -1708.419940 85188.961431 1408687.145356 0.424585 0.746911 0.511715 -0.536383 -0.247817 0.806772 -0.729398 0.617018 -0.295411
84.053571 -1223.335478 21148.587383 206792.694592 0.256746 0.602879 0.755393 -0.089664 0.793080 -0.602481 -0.962311 0.086954 0.257677
-7.573782 -26.714009 2381.976767 -262.341988 0.814639 0.071503 -0.575544 -0.579949 0.092299 -0.809407 0.004753 -0.993161 -0.116659
0.108034 -26.265220 2409.277677 -342.413114 0.837480 0.077087 -0.541003 -0.545917 0.073581 -0.834602 0.024530 -0.994306 -0.103705
-5.907830 -25.507815 2354.920353 -316.854594 0.814813 0.071361 -0.575315 -0.575889 -0.014321 -0.817402 0.066570 -0.997348 -0.029427
-7.218573 -27.877229 2057.253309 -444.612992 0.818843 0.068815 -0.569878 -0.571570 0.189335 -0.798411 -0.052955 -0.979498 -0.194369
-12.717443 -26.914116 2659.943267 -247.850486 0.789661 0.056491 -0.610938 -0.613503 0.084153 -0.785196 -0.007056 -0.994850 -0.101110
-12.810377 -28.203724 2193.497205 -379.383023 0.791205 0.053572 -0.609200 -0.606176 0.200489 -0.769646 -0.080906 -0.978230 -0.191102
-659.285585 -15332.687130 -296626.355277 -10031593.915030 0.920441 -0.247031 0.302927 -0.306990 -0.936584 0.169018 -0.241964 0.248567 0.937906
-581.869981 -1636.609509 91693.615465 399561.059416 0.908514 0.409297 -0.084138 0.362169 -0.670878 0.647114 -0.208415 0.618385 0.757736
-698.341134 -1554.926987 260288.998855 647702.614251 0.835936 -0.390528 0.385614 0.465601 0.876607 -0.121553 -0.290562 0.281153 0.914618
2.384981 -88.534287 -777.486331 15678.223968 0.969815 -0.196156 0.144850 0.123994 -0.114789 -0.985621 -0.209963 -0.973831 0.087002
3.541390 -90.709714 -159.340414 15532.581006 0.979030 -0.185977 0.083141 0.083026 -0.008420 -0.996512 -0.186029 -0.982518 -0.007198
1.952789 -38.684636 -570.160734 3797.106917 0.962380 -0.231107 -0.142881 -0.133872 0.054289 -0.989510 -0.236440 -0.971412 -0.021308
-4.436311 -75.901186 -1725.479985 17676.738834 0.957534 -0.213580 0.193682 0.172436 -0.114159 -0.978383 -0.231074 -0.970232 0.072483
-7.765088 -25.317280 -1182.799780 1488.110299 0.939872 -0.240457 -0.242532 -0.248718 0.004764 -0.968564 -0.234054 -0.970648 0.055328
3.843741 -27.133064 1016.263364 -1452.625965 0.730762 -0.250664 -0.634945 -0.611722 0.172342 -0.772072 -0.302958 -0.952610 0.027396
10.347465 -33.922246 349.159545 -1460.062820 0.862670 -0.244986 -0.442474 -0.400399 0.203690 -0.893415 -0.309002 -0.947888 -0.077625
4.533743 -108.708171 689.034188 -29245.661472 0.971566 -0.157954 0.176379 -0.196328 -0.953840 0.227255 -0.132342 0.255422 0.957729
6.282194 -44.664986 851.448996 -9017.692238 0.964532 -0.190190 0.183045 -0.235299 -0.933764 0.269664 -0.119634 0.303170 0.945397
0.602500 -90.089106 1224.729703 -23673.743720 0.964343 -0.210861 0.159937 -0.244072 -0.942236 0.229392 -0.102329 0.260249 0.960104
-33.213970 -53.045630 -663.410105 -1104.353035 -0.409255 0.860940 0.302148 -0.472239 0.083479 -0.877508 0.780705 0.501811 -0.372405
-26.673501 -47.049012 725.059298 -1098.831578 -0.473732 0.880531 0.015565 -0.302508 -0.146102 -0.941883 0.827083 0.450909 -0.335580
-24.873495 -43.670637 493.437173 -2282.074087 -0.439201 0.879307 -0.184176 -0.154997 -0.276098 -0.948549 0.884917 0.388057 -0.257552
16.527187 -30.422542 20371.980280 500.450850 -0.352867 0.846279 -0.399120 0.712500 -0.033458 -0.700874 0.606489 0.531688 0.591167
1.331505 -38.192858 -2586.525177 -233.294466 0.640980 0.714492 0.280440 0.766941 -0.581545 -0.271305 -0.030756 0.388982 -0.920732
8.715205 -34.414604 -1902.299534 -528.771424 0.677220 0.675426 0.291844 0.734270 -0.594990 -0.326857 -0.047123 0.435646 -0.898884
9.170266 -27.508504 -1338.608384 1862.017874 0.763762 0.596504 0.246681 -0.629289 0.602963 0.490338 -0.143749 0.529735 -0.835893
9.354293 -18.610247 -975.538749 1736.382862 0.905067 0.416950 0.083709 -0.367214 0.666941 0.648339 -0.214496 0.617529 -0.756736
6.697934 -27.677826 -30.308582 -419.077858 -0.665701 0.671867 0.324709 -0.072387 0.374945 -0.924217 0.742699 0.638757 0.200967
76.794583 -12.000474 9984.792279 654.032447 -0.173950 0.616550 0.767859 0.981419 0.172661 0.083692 -0.080979 0.768150 -0.635128
89.884253 -18.411033 7401.597337 610.407176 -0.235893 0.795110 0.558709 0.971775 0.194739 0.133158 -0.002927 0.574350 -0.818605
75.316126 -12.053525 8229.747669 351.612177 -0.311689 0.641805 0.700668 0.949936 0.193611 0.245229 0.021733 0.742025 -0.670020
115.156131 -19.845283 10192.023515 244.490097 -0.168182 0.806316 0.567071 0.973460 0.226430 -0.033251 -0.155213 0.546429 -0.822997
45.845554 -8.083637 5887.161593 464.129389 -0.280973 0.488574 0.826045 0.958239 0.190541 0.213240 -0.053211 0.851463 -0.521707
33.489941 -6.310869 5115.195477 687.726077 -0.178922 0.480298 0.858662 0.979251 0.171343 0.108207 -0.095154 0.860207 -0.500989
50.521724 -10.740484 8586.379468 899.924756 -0.037611 0.509176 0.859840 0.988677 0.144043 -0.042053 -0.145266 0.848523 -0.508829
108.430238 -16.670260 15495.757558 421.910243 -0.063215 0.659721 0.748847 0.977213 0.193264 -0.087769 -0.202628 0.726235 -0.656905
7.365764 -58.549460 522.199409 -2899.686351 0.778488 -0.550536 -0.301440 0.495563 0.833859 -0.243098 0.385193 0.039866 0.921975
-1.233912 -71.642443 -45.447432 -4612.204937 0.837876 -0.492594 -0.235191 0.472992 0.440108 0.763272 0.272474 0.750771 -0.601749
-2.148926 -38.390124 -47.937021 1088.098598 -0.651027 0.721449 0.235955 -0.633147 -0.687594 0.355444 -0.418676 -0.082010 -0.904425
-2.045131 -38.897883 -75.490617 1022.105554 -0.646525 0.729856 0.222072 -0.652369 -0.679827 0.335038 -0.395500 -0.071738 -0.915660
25.372509 -26.712569 -2368.977525 -309.675095 -0.515322 0.856038 0.040515 0.262136 0.112440 0.958458 -0.815921 -0.504535 0.282341
26.169204 -28.745597 -2388.770303 396.963417 -0.527008 0.847955 -0.056883 0.406468 0.310270 0.859370 -0.746356 -0.429774 0.508181
12.874673 -34.317894 -1251.912446 502.527423 -0.553308 0.830610 -0.062755 0.352332 0.301639 0.885932 -0.754793 -0.468083 0.459550
-9.110218 -53.121214 264.187058 -631.000777 0.705862 0.401745 0.583404 0.697693 -0.251989 -0.670616 0.122405 -0.880399 0.458164
-1.023300 -32.446681 -24.670577 -1059.274179 -0.684233 0.718473 -0.124987 -0.215989 -0.363353 -0.906269 0.696544 0.593103 -0.403800
-1.496174 -29.418125 15.824839 -86.235870 -0.683058 0.717310 -0.137469 -0.120917 -0.296685 -0.947289 0.720285 0.630431 -0.289388
-8.599506 -125.777526 884.423653 -8622.740551 0.756455 0.346541 0.554694 0.470541 0.300708 -0.829557 0.454277 -0.888529 -0.064410
-11.785565 -134.362206 107.218599 -1113.171042 0.791615 0.313166 0.524664 0.341947 0.484557 -0.805156 0.506378 -0.816781 -0.276496
-10.173209 -139.842702 -670.654818 -4196.021259 0.824429 0.271247 0.496732 0.361531 0.422871 -0.830949 0.435446 -0.864642 -0.250562
4.385745 -81.029957 536.704485 -2978.607529 0.833482 0.340374 0.435262 0.527798 -0.257323 -0.809453 0.163514 -0.904395 0.394122
23.119408 -64.332910 2519.321879 -3703.280818 0.227351 0.629601 0.742909 0.577356 0.527198 -0.623477 0.784201 -0.570671 0.243645
22.906676 -59.783735 -1318.291590 -3821.813761 0.363801 0.635697 0.680836 0.565379 0.430181 -0.703769 0.740267 -0.640962 0.202910
10.224912 -54.623174 -1380.740578 -5493.077957 -0.259953 -0.610493 -0.748146 0.740505 0.371223 -0.560219 0.619739 -0.699637 0.355573
6.999912 -49.239351 1283.889592 -4610.453568 -0.384690 -0.622418 -0.681623 0.709868 0.272517 -0.649478 0.590000 -0.733710 0.337000
8.970367 -56.794030 -1692.584458 -5669.236848 -0.161586 -0.578212 -0.799725 0.736571 0.468657 -0.487671 0.656774 -0.667856 0.350166
4.033014 -43.437659 -2074.457363 -4199.584989 -0.176606 -0.593548 -0.785182 0.825536 0.345088 -0.446547 0.536004 -0.727060 0.429050
6.131514 -43.075690 -3460.998397 -4271.381712 -0.231637 -0.615565 -0.753275 0.817001 0.297233 -0.494128 0.528066 -0.729885 0.434067
1.377448 -42.948227 401.300830 -3107.208560 -0.300016 -0.602408 -0.739659 0.808429 0.251044 -0.532371 0.506391 -0.757682 0.411687
7.466646 -35.903889 -1708.179939 -1884.837895 0.820557 0.285261 0.495290 -0.349069 0.936282 0.039061 -0.452589 -0.204942 0.867849
5.187020 -88.612669 -27.921448 -4616.492482 0.884790 0.149777 0.441264 -0.465679 0.318792 0.825539 0.017025 0.935916 -0.351811
31.103161 -15.227953 -9090.262340 -13102.939799 0.366111 0.028098 0.930147 0.545317 0.803462 -0.238911 -0.754050 0.594693 0.278834
49.221951 -13.442691 1037.766517 -14230.214907 0.435469 -0.045205 0.899068 0.534620 0.816519 -0.217892 -0.724257 0.575545 0.379736
72.035816 14.284537 10742.629423 -4924.227900 0.198212 -0.359262 0.911945 0.666370 0.731699 0.143417 -0.718793 0.579265 0.384432
92.208113 23.070124 14358.033437 -2506.832437 -0.041503 -0.460495 0.886692 0.687362 0.630915 0.359833 -0.725128 0.624412 0.290342
61.438542 5.915788 5114.486807 -7219.863335 0.281008 -0.230822 0.931534 0.620807 0.783933 0.006975 -0.731870 0.576343 0.363587
-10.995785 -79.162007 -305.103845 -8317.452088 -0.511438 -0.556558 -0.654732 0.039110 0.746053 -0.664737 0.858430 -0.365578 -0.359793
-7.945390 -105.449040 -1757.595000 -19068.609457 -0.522892 -0.343360 -0.780184 -0.000347 0.915366 -0.402622 0.852399 -0.210258 -0.478757
