18824
37639
-40.883389 -56.477974 8.105339 4884.584109 -0.312517 0.949275 0.034787 0.568111 0.216131 -0.794064 0.761303 0.228395 0.606838
-44.071459 -68.318962 528.458077 4063.854002 -0.344298 0.938670 0.018892 0.672344 0.260556 -0.692866 0.655295 0.225851 0.720819
-46.413701 -76.145384 -121.095447 9865.332175 -0.544397 0.748864 0.377933 0.434041 0.637025 -0.637030 0.717803 0.182759 0.671832
-36.202750 -57.664416 -737.028197 3183.862601 -0.144427 0.952344 -0.268665 0.690160 -0.097618 -0.717043 0.709098 0.288982 0.643171
-31.499915 -70.016033 -5972.804797 14274.743785 -0.451327 0.778419 0.436311 0.349950 0.604170 -0.715901 0.820877 0.170418 0.545085
-35.913639 -47.487100 -1404.579927 7017.376850 -0.269528 0.962257 0.037634 0.481972 0.168628 -0.859807 0.833701 0.213603 0.509231
-31.538812 -47.632353 324.019992 3421.488941 -0.027172 0.889161 -0.456788 0.601891 -0.350286 -0.717654 0.798116 0.294437 0.525659
50.033691 -104.315853 -9835.164365 3749.496612 -0.150645 0.794270 0.588592 -0.372273 0.505981 -0.778072 0.915816 0.336330 -0.219461
29.576820 -104.458225 -8042.928623 8582.685119 -0.079600 0.858193 0.507117 -0.369365 0.447125 -0.814647 0.925869 0.252157 -0.281395
32.037833 -103.223527 -6375.963152 -193.200341 -0.113687 0.822918 0.556669 -0.141180 0.541235 -0.828935 0.983435 0.172830 -0.054648
50.004857 -100.469587 -9605.438116 449.730265 -0.176485 0.763226 0.621561 -0.222609 0.584163 -0.780512 0.958800 0.276114 -0.066805
71.994915 -99.919674 -11628.180756 -550.839593 -0.239548 0.700432 0.672318 -0.338375 0.588831 -0.734017 0.910011 0.403328 -0.095955
5.375004 -27.390053 -19.113312 -1302.121872 0.235984 -0.901970 0.361610 0.895474 0.057319 -0.441408 0.377410 0.427978 0.821217
3.105034 -25.466242 21.271844 -816.889280 0.324708 -0.890059 0.319936 0.887218 0.169424 -0.429115 0.327733 0.423190 0.844690
3.789399 -29.042894 -112.140649 -1595.569518 0.306376 -0.890348 0.336772 0.880760 0.130935 -0.455102 0.361104 0.436047 0.824298
6.004187 -32.363210 -607.334436 -2059.024574 0.237921 -0.894795 0.377804 0.878805 0.032664 -0.476063 0.413638 0.445281 0.794121
7.768975 -32.618325 600.834105 -2864.493784 -0.160948 0.901278 -0.402236 0.883999 -0.049598 -0.464850 0.438909 0.430393 0.788746
6.752511 -26.667676 -261.076886 -1544.372537 0.145717 -0.905785 0.397894 0.901679 -0.043909 -0.430171 0.407114 0.421456 0.810329
-7.936094 -36.149397 -246.999361 -1144.524244 0.855947 0.424765 0.294839 -0.495184 0.837522 0.230975 0.148824 0.343702 -0.927211
-5.894571 -33.529707 1271.751882 -879.617850 0.740278 0.580008 0.339969 -0.644767 0.755732 0.114645 0.190431 0.304070 -0.933422
-12.133566 -36.659172 1035.349396 -1300.473181 0.733424 0.584284 0.347421 -0.665327 0.721803 0.190630 0.139387 0.370961 -0.918128
19.529155 -41.237054 5979.665428 -1593.119856 -0.253514 0.891544 0.375340 0.872286 0.042967 0.487106 0.418149 0.450892 -0.788573
18.259737 -44.662494 7403.425096 1593.977682 -0.285679 0.880748 0.377717 -0.825968 -0.026420 -0.563097 0.485968 0.472847 -0.735017
10.068353 -40.275943 5220.903265 -2194.849038 -0.276095 0.878519 0.389841 0.876528 0.063753 0.477110 0.394296 0.473434 -0.787649
14.683729 -36.414161 4497.343428 -1971.075417 -0.228917 0.893755 0.385745 0.915225 0.062618 0.398048 0.331603 0.444164 -0.832321
-2.768566 -45.400252 1141.440785 4015.522594 0.143756 0.883513 -0.445802 -0.312313 -0.386955 -0.867598 0.939039 -0.263953 -0.220305
-4.018007 -50.275604 742.604319 -361.848305 0.147164 0.889431 -0.432730 -0.353735 -0.361233 -0.862776 0.923696 -0.280041 -0.261463
-6.098670 -45.678386 -317.378987 4690.271487 0.145591 0.888372 -0.435429 -0.306325 -0.378013 -0.873654 0.940728 -0.260579 -0.217095
7.492244 -63.278040 -2240.586241 1939.401493 -0.125911 0.897948 -0.421706 -0.509781 0.306105 0.804004 -0.851041 -0.316211 -0.419214
8.049078 -66.889707 164.483563 2915.741158 -0.099943 0.904799 -0.413945 -0.610800 0.272623 0.743370 -0.785452 -0.327133 -0.525404
8.957813 -63.860354 688.535589 2286.984309 -0.088002 0.912468 -0.399572 -0.488504 0.310048 0.815619 -0.868112 -0.266969 -0.418460
7.786149 -64.799006 -2408.321801 2619.634955 -0.133812 0.893033 -0.429634 -0.589023 0.276973 0.759169 -0.796960 -0.354651 -0.488955
7.231548 -58.077241 -1012.439870 1293.581350 -0.120285 0.904511 -0.409134 -0.402012 0.332442 0.853152 -0.907699 -0.267098 -0.323636
6.986723 -61.606520 -2354.615213 2018.990455 -0.141358 0.894667 -0.423780 -0.478191 0.313116 0.820544 -0.866805 -0.318638 -0.383560
6.627858 -63.454606 1241.486950 -10058.772964 -0.066106 0.997706 0.014584 0.566237 0.049544 -0.822752 0.821587 0.046131 0.568213
4.001245 -64.154520 1797.048239 -7612.290497 -0.091626 0.995448 0.026218 0.575933 0.074453 -0.814099 0.812346 0.059493 0.580134
5.206171 -75.501378 659.201158 -9052.974918 -0.068801 0.997020 0.034902 0.462243 0.062862 -0.884522 0.884080 0.044723 0.465190
-8.437812 -90.088577 -4056.398423 -1407.544131 -0.087438 0.957094 -0.276271 -0.856175 0.069568 0.511981 -0.509233 -0.281303 -0.813357
-13.286765 -88.223359 -3109.163614 -1577.354292 -0.061077 0.962814 -0.263171 -0.881630 0.071579 0.466482 -0.467973 -0.260511 -0.844474
-7.810840 -86.763543 -3618.837893 -1612.918994 -0.063186 0.955050 -0.289632 -0.940826 0.039816 0.336542 -0.332946 -0.293758 -0.896021
-3.600990 -91.991713 -2388.381716 -1494.998820 -0.085540 0.953744 -0.288194 -0.911410 0.041953 0.409355 -0.402510 -0.297679 -0.865663
-2.155484 -53.630764 -751.401573 -1322.331532 0.068850 0.997112 -0.032057 0.608213 -0.067424 -0.790905 0.790782 -0.034956 0.611099
-2.902088 -54.178533 -1264.791698 4749.531503 0.143384 0.984965 -0.096361 0.648421 -0.167054 -0.742727 0.747657 -0.044013 0.662625
0.378172 -45.862759 -1478.655708 -580.488929 0.076071 0.996963 -0.016681 0.627986 -0.060898 -0.775839 0.774498 -0.048543 0.630711
0.972147 -49.365993 -1298.665460 -4035.934949 0.029881 0.998802 0.038762 0.552412 0.015818 -0.833421 0.833036 -0.046316 0.551277
1.023109 -43.839447 3174.606309 -2003.481054 -0.110773 0.936941 -0.331468 0.332953 0.349233 0.875887 -0.936414 0.013339 0.350643
-0.029454 -46.631830 3410.999517 -403.957714 -0.132725 0.919093 -0.371014 0.438062 0.390177 0.809854 -0.889092 0.055039 0.454407
26.066900 -45.754421 16557.486202 -1823.724942 -0.132805 0.896569 -0.422525 0.343188 0.441527 0.829021 -0.929831 0.034907 0.366329
-6.057943 -45.331763 -804.061061 -417.882106 -0.130625 0.944611 -0.301078 0.437126 0.327442 0.837677 -0.889864 0.022187 0.455686
14.156760 -42.659825 7922.013345 -1887.129504 -0.122474 0.919038 -0.374660 0.253367 0.393946 0.883522 -0.959586 -0.013282 0.281102
5.900117 -40.965154 5619.445064 -1644.164192 -0.097877 0.940399 -0.325682 0.238663 0.339884 0.909681 -0.966157 -0.011308 0.257706
-2.346542 -41.674823 894.595205 -1916.107679 -0.107629 0.948707 -0.297273 0.273296 0.315724 0.908641 -0.955890 -0.016553 0.293259
-5.115881 -44.239846 -1085.726404 -1692.137027 -0.131299 0.952319 -0.275408 0.359327 0.304639 0.882088 -0.923929 -0.016856 0.382193
48.781955 -21.252500 -5469.711023 632.325020 0.903527 -0.317325 -0.287999 -0.052608 -0.749114 0.660349 0.425289 0.581492 0.693539
54.580253 -24.153520 -13144.912268 2079.250051 0.871531 -0.435303 -0.225710 -0.193098 -0.727806 0.658036 0.450719 0.529914 0.718362
34.063768 -18.804521 -5530.394505 -408.710892 0.911267 -0.332639 -0.242782 -0.106123 -0.759310 0.642017 0.397907 0.559284 0.727235
35.400032 -17.354215 57.638873 22.397792 0.927688 -0.194324 -0.318800 0.044092 -0.790878 0.610383 0.370744 0.580302 0.725120
48.325234 -20.117702 -2444.216626 158.582988 0.936046 -0.149535 -0.318525 0.096367 -0.761667 0.640763 0.338426 0.630478 0.698545
60.901892 -24.945325 -3075.726330 328.371654 0.894888 -0.283744 -0.344478 0.032989 -0.727702 0.685100 0.445070 0.624451 0.641852
0.331498 -63.218444 -1444.540570 -6277.313368 -0.081265 0.984850 -0.153189 0.701565 0.165694 0.693075 -0.707957 0.051149 0.704401
1.742819 -60.362721 -3538.124432 -5331.046758 -0.097442 0.984200 -0.147838 0.676182 0.174464 0.715780 -0.730262 0.030218 0.682498
2.510955 -71.477271 -4602.653138 -5427.399055 -0.099179 0.986664 -0.129063 0.777805 0.157765 0.608383 -0.620631 0.040047 0.783079
-13.075141 -109.801746 -155.467335 -6378.163845 0.943349 -0.298246 0.145403 -0.065657 0.261765 0.962896 0.325241 0.917894 -0.227354
-14.090196 -100.138410 182.721817 -3339.339421 0.941229 -0.291379 0.170838 -0.023994 0.446828 0.894298 0.336915 0.845838 -0.413577
-13.718218 -103.833157 -803.271689 -5823.096484 0.950974 -0.273481 0.144417 -0.059933 0.295146 0.953571 0.303407 0.915476 -0.264285
-12.241785 -111.576064 -611.108380 -6888.351050 0.954067 -0.273778 0.121664 -0.097492 0.100280 0.990171 0.283287 0.956551 -0.068983
-13.744297 -103.668893 -944.514864 -6112.817249 0.962439 -0.247186 0.112291 -0.054885 0.227918 0.972132 0.265891 0.941782 -0.205790
-4.174741 -97.366838 214.074127 -3526.601740 0.053562 0.957898 -0.282068 0.966489 0.021288 0.255823 0.251057 -0.286319 -0.924658
-5.065324 -101.922459 39.139689 -3081.125344 0.062821 0.955237 -0.289094 0.962039 0.019123 0.272242 0.265584 -0.295223 -0.917774
-3.238331 -94.238315 618.311291 -2948.502162 0.025314 0.959090 -0.281968 0.997054 -0.003793 0.076610 0.072406 -0.283076 -0.956360
-5.094373 -102.172340 -618.261659 2496.779013 0.089698 0.955695 -0.280359 -0.901822 -0.041533 -0.430107 0.422696 -0.291414 -0.858141
-3.933391 -92.891480 854.514803 -2779.085835 0.023434 0.964114 -0.264454 0.983619 0.025057 0.178510 0.178730 -0.264305 -0.947733
-4.576636 -96.539256 786.591021 3354.656471 0.057169 0.964820 -0.256622 -0.930701 -0.041514 -0.363416 0.361285 -0.259615 -0.895586
3.955773 -204.511147 1702.298182 -32876.020905 0.908744 0.140368 0.393041 0.358421 -0.744954 -0.562653 -0.213819 -0.652182 0.727283
5.062658 -210.957775 1522.409504 -42749.085596 0.919727 0.120117 0.373730 0.287862 -0.853664 -0.434043 -0.266904 -0.506784 0.819715
4.444781 -175.888583 539.509918 -25307.959780 0.919188 0.103100 0.380084 0.259737 -0.884168 -0.388308 -0.296023 -0.455650 0.839496
0.072718 -252.108444 -1859.368192 -57686.077171 0.913790 0.102748 0.392978 0.337653 -0.729934 -0.594295 -0.225786 -0.675751 0.701699
5.261260 -139.106004 -2140.416999 -20647.669313 0.972837 -0.040660 0.227893 -0.087502 0.846826 0.524623 0.214317 0.530313 -0.820266
7.784406 -159.101356 54.248912 -20338.329896 0.972334 -0.098866 0.211639 -0.080917 0.707367 0.702200 0.219131 0.699898 -0.679797
8.532719 -174.927893 -336.251882 -22085.343118 0.973401 -0.062077 0.220536 -0.120001 0.681844 0.721588 0.195165 0.728859 -0.656259
5.485971 -155.301564 -1196.265170 -29405.981004 0.972416 -0.017378 0.232606 -0.115102 0.831601 0.543316 0.202877 0.555102 -0.806661
-25.541224 -39.992025 -1336.344058 454.402499 -0.171816 0.975074 0.140393 -0.477331 0.042264 -0.877707 0.861762 0.217818 -0.458171
-23.047733 -37.254332 -1365.888368 -1051.884373 -0.117928 0.983007 0.140677 -0.471261 0.069296 -0.879267 0.874074 0.169986 -0.455082
-23.975588 -36.945732 -1229.614074 559.177498 -0.088596 0.964355 0.249338 -0.580160 0.153519 -0.799904 0.809670 0.215524 -0.545879
2.099715 -48.502920 1432.916794 -1115.194024 0.947125 0.185628 0.261718 -0.266609 0.909127 0.320013 0.178531 0.372869 -0.910547
-0.295688 -49.134864 1410.868156 -715.395255 0.966123 0.112810 0.232123 -0.210288 0.865510 0.454611 0.149620 0.488022 -0.859912
2.179031 -53.867974 386.219374 447.300578 0.966533 0.122252 0.225542 -0.210577 0.880218 0.425292 0.146533 0.458553 -0.876503
-1.817212 -45.052978 1658.109364 -1648.669267 0.950944 0.170719 0.257993 -0.256854 0.900515 0.350855 0.172428 0.399910 -0.900189
3.928574 -53.252687 194.952032 -713.057571 0.947371 0.199721 0.250199 -0.267398 0.923394 0.275395 0.176030 0.327804 -0.928201
2.713546 -46.837994 1455.740538 -663.707215 0.920692 0.267252 0.284434 -0.330410 0.921625 0.203561 0.207739 0.281397 -0.936835
-0.183862 -43.797522 1380.484389 -1399.079039 0.930029 0.240058 0.278240 -0.311496 0.916692 0.250293 0.194976 0.319451 -0.927327
-30.562204 -163.380456 -1095.115556 -32373.021208 0.790092 -0.380402 0.480675 -0.366152 0.336018 0.867770 0.491617 0.861618 -0.126200
-34.209164 -107.830516 -2825.562475 -16463.982452 0.704598 -0.397175 0.588042 -0.322464 0.558968 0.763919 0.632106 0.727878 -0.265773
-27.501368 -98.539413 -1958.943634 -16248.266598 0.715447 -0.359963 0.598801 -0.301811 0.613737 0.729546 0.630116 0.702676 -0.330455
-23.451403 -104.963072 -2721.712448 -12985.862913 0.739063 -0.319033 0.593299 -0.365203 0.550321 0.750849 0.566050 0.771599 -0.290210
-24.946065 -113.764528 -2419.541043 -4552.269406 0.753029 -0.279302 0.595766 -0.470589 0.404224 0.784314 0.459883 0.870973 -0.172956
-39.310418 -152.908517 2190.656488 -23712.435852 0.895177 -0.302145 0.327667 -0.310360 0.105082 0.944793 0.319897 0.947452 -0.000294
-22.831725 -197.813669 -788.658468 -30578.754442 0.856313 -0.379584 0.350205 -0.381094 -0.006763 0.924512 0.348562 0.925132 0.150449
-52.950751 -197.844851 -19371.829152 -35804.146350 0.786395 -0.420741 0.452284 -0.437589 0.137357 0.888622 0.436004 0.896722 0.076094
-24.223092 -184.371645 -3299.606999 -42010.046037 0.905421 -0.326443 0.271381 -0.271017 0.047547 0.961400 0.326745 0.944020 0.045422
-1231.946815 -3644.874115 423818.629083 825272.185284 -0.586071 0.145090 -0.797163 -0.094519 0.964878 0.245105 0.804728 0.218996 -0.551774
-795.787118 -5701.595274 -199011.723763 -3273797.629335 0.794528 -0.505271 0.336788 -0.574461 -0.445719 0.686534 0.196773 0.738942 0.644394
-8840.727171 -11569.952078 -1115432.401737 14925279.524867 0.423485 0.898136 -0.118371 0.554974 -0.360486 -0.749702 0.716006 -0.251795 0.651103
-820.733473 -5482.059831 312108.226476 -7261178.196592 -0.480941 -0.388499 -0.785980 0.684789 0.393364 -0.613456 0.547503 -0.833267 0.076855
-1627.492364 -3105.461169 -525315.430507 -75365.086593 0.762438 -0.164423 0.625822 0.643395 0.089839 -0.760244 -0.068778 -0.982290 -0.174286
10.773321 -46.096860 2836.257617 -451.577412 -0.042691 0.991419 0.123551 -0.986848 -0.022546 -0.160068 0.155909 0.128760 -0.979343
6.565764 -46.903275 2195.114482 -618.550754 -0.103706 0.988021 0.114280 0.989439 0.090785 0.112998 0.101269 0.124791 -0.987001
7.677348 -45.702869 1763.914955 838.174755 -0.067516 0.991557 0.110711 0.996405 0.061319 0.058465 0.051182 0.114260 -0.992132
13.850865 -43.178869 777.407756 -547.171289 0.036372 0.993318 0.109529 -0.975388 0.059138 -0.212419 0.217477 0.099108 -0.971021
12.505049 -44.964010 1982.331371 -695.361201 -0.018803 0.991846 0.126049 -0.968535 0.013223 -0.248527 0.248168 0.126756 -0.960388
9.923915 -43.178575 -47.875057 -1195.569303 0.007575 0.996452 0.083817 -0.991738 0.018220 -0.126979 0.128056 0.082162 -0.988358
55.753551 -31.727745 17952.178740 -1412.595506 -0.063419 0.954623 0.290985 0.407885 0.290901 -0.865452 0.910828 -0.063802 0.407825
31.917419 -33.622136 14559.661815 -2343.187323 -0.086316 0.965019 0.247565 0.364765 0.261849 -0.893522 0.927090 -0.013178 0.374607
51.405876 -33.971053 13681.341794 -755.552097 -0.046520 0.948999 0.311827 0.328048 0.309366 -0.892568 0.943515 -0.060772 0.325710
-23.073784 -35.335632 2357.831843 -1022.515179 -0.458428 0.773707 -0.437289 -0.692214 -0.619440 -0.370315 0.557389 -0.132935 -0.819540
-20.200012 -34.551807 1591.661181 -896.279765 -0.421264 0.826810 -0.372722 -0.731512 -0.552698 -0.399269 0.536122 -0.104453 -0.837653
-19.484756 -32.403636 2257.171195 -508.577205 -0.350277 0.870146 -0.346631 -0.723837 -0.486344 -0.489417 0.594446 -0.079473 -0.800199
-9.513086 -100.923020 -1637.522472 -682.825108 -0.051107 0.996872 0.060291 -0.536712 0.023496 -0.843438 0.842216 0.075464 -0.533832
-12.442548 -99.466353 2197.334096 -692.890029 -0.069554 0.995552 0.063546 -0.544499 0.015488 -0.838619 0.835873 0.092930 -0.541000
-9.886712 -100.406247 -671.859237 2505.289857 -0.051480 0.995651 0.077643 -0.718627 0.017055 -0.695187 0.693488 0.091585 -0.714623
-0.592680 -27.184540 4946.629817 -2001.880494 0.592436 -0.525504 -0.610626 0.604858 0.790799 -0.093721 0.532134 -0.313818 0.786353
11.529559 -24.124045 6208.007620 -1597.882136 0.496843 -0.643685 -0.582080 0.691376 0.698981 -0.182825 0.524545 -0.311601 0.792311
-0.889654 -29.715186 3420.702345 -1132.394902 0.616859 -0.502073 -0.606142 0.544331 0.828387 -0.132206 0.568497 -0.248389 0.784292
29.502911 -360.456468 -5351.462834 47749.943751 0.036654 0.993223 -0.110296 0.995324 -0.026413 0.092915 0.089372 -0.113186 -0.989546
53.062554 -578.381692 -4105.170630 -192383.834214 0.042609 0.990859 -0.127996 -0.829759 -0.036263 -0.556943 0.556493 -0.129937 -0.820629
43.446176 -385.114949 -5802.888093 36603.143583 0.033622 0.997555 -0.061269 0.998941 -0.031615 0.033435 0.031416 -0.062328 -0.997561
235.585958 -2480.067996 -35852.790658 -1063564.334455 -0.064528 0.997864 -0.010219 -0.856164 -0.060620 -0.513135 0.512658 0.024362 -0.858247
49.688770 -414.703299 3120.823192 54269.556167 0.052516 0.987100 0.151246 -0.982748 0.024189 0.183359 -0.177335 0.158266 -0.971341
-84.038504 -524.488159 -11375.230166 -204943.585857 -0.310712 -0.258903 0.914564 0.880222 -0.441487 0.174065 0.358702 0.859103 0.365067
5.819157 -67.381249 -5483.254806 -9224.040813 0.159190 -0.539253 0.826961 0.901660 -0.261734 -0.344243 0.402079 0.800438 0.444558
-0.460912 -59.091583 -7468.251383 -11612.717574 0.092975 -0.468172 0.878732 0.936671 -0.258157 -0.236647 0.337642 0.845086 0.414522
-51.466195 -268.362026 7170.514524 -107136.606154 -0.562922 -0.141156 0.814367 0.769277 -0.449758 0.453796 0.302212 0.881926 0.361766
-22.277776 -49.860137 -16283.572202 -6057.238178 -0.022417 -0.416481 0.908868 0.955757 -0.275634 -0.102733 0.293301 0.866354 0.404233
37.574962 -35.517009 -14485.177501 897.902767 0.259842 -0.887581 0.380371 0.892042 0.069788 -0.446532 0.369788 0.455335 0.809893
49.595805 -37.008934 -17414.854527 -2336.945611 0.318269 -0.873071 0.369394 0.913847 0.178905 -0.364522 0.252167 0.453586 0.854793
15.351618 -41.150681 -8697.806937 1.909132 0.129453 -0.885840 0.445567 0.919957 -0.060388 -0.387339 0.370028 0.460045 0.807117
9.494342 -47.748096 6446.076660 2173.618481 -0.023113 0.878189 -0.477755 0.868728 -0.218853 -0.444314 0.494750 0.425308 0.757849
25.922855 -39.554148 11530.737317 2359.648928 -0.168837 0.897165 -0.408153 0.865309 -0.063361 -0.497217 0.471947 0.437127 0.765628
-25.172012 -38.285798 -2072.509228 2069.634019 -0.486009 0.840686 -0.238836 0.868319 0.495477 -0.022905 0.099082 -0.218518 -0.970790
-23.470468 -39.686333 -533.902535 636.116959 -0.576034 0.773219 -0.265175 0.809310 0.585071 -0.052050 0.114900 -0.244591 -0.962794
-24.942354 -38.358774 -1298.578843 414.885900 -0.656658 0.718567 -0.229046 0.753745 0.635682 -0.166662 0.025842 -0.282082 -0.959042
-26.445962 -36.468147 -1688.197086 -119.422519 -0.546935 0.814514 -0.193464 0.837067 0.535770 -0.110763 0.013434 -0.222523 -0.974835
-26.267912 -37.680155 -981.011152 -915.724021 -0.679508 0.715376 -0.162808 0.729921 0.636780 -0.248448 -0.074060 -0.287659 -0.954865
-19.167168 -45.069004 2071.078094 -489.736323 0.274432 0.930568 -0.242344 0.741564 -0.365246 -0.562742 0.612185 0.025279 0.790310
-4.360750 -40.839489 7236.725330 -378.280239 0.147381 0.971771 -0.184230 0.778349 -0.228881 -0.584625 0.610288 0.057232 0.790109
-8.925654 -40.965011 5253.956602 361.751188 0.096939 0.986433 -0.132488 0.828106 -0.153782 -0.539066 0.552127 0.057457 0.831778
-3.434954 -34.568027 53873.809482 21870.326588 0.375706 -0.686336 -0.622725 0.924230 0.228082 0.306232 -0.068146 -0.690595 0.720024
30.868856 -41.459585 49483.188567 44040.110988 0.341679 -0.721370 -0.602396 0.939037 0.235946 0.250077 -0.038265 -0.651119 0.758011
104.402455 -0.416629 67884.249599 -9502.282037 0.729882 -0.551329 -0.404115 -0.683257 -0.570424 -0.455825 -0.020793 -0.608813 0.793041
52.354158 -47.002004 72022.936724 -22754.612698 0.655065 -0.563665 -0.503161 0.745038 0.371060 0.554286 -0.125729 -0.737967 0.663021
-40.681273 -43.371488 25603.951811 5564.153016 0.350467 -0.783143 -0.513672 0.922840 0.195172 0.332075 -0.159808 -0.590419 0.791118
65.163991 -84.170978 -3630.869408 4212.154898 -0.004948 0.938219 0.346006 -0.741833 -0.235470 0.627884 -0.670567 0.253571 -0.697167
65.869792 -83.429862 -2956.272488 8569.411177 -0.071662 0.951613 0.298827 -0.647503 -0.272270 0.711765 -0.758686 0.142485 -0.635684
60.187194 -97.623217 -2523.618873 6236.680144 -0.123719 0.949818 0.287298 -0.796741 -0.267665 0.541812 -0.591522 0.161869 -0.789874
60.633596 -92.004318 -2683.006252 2622.503172 -0.050140 0.928173 0.368755 -0.851819 -0.232507 0.469409 -0.521431 0.290577 -0.802293
56.839571 -74.047184 3384.574202 2996.689427 0.091689 0.866110 0.491372 -0.827426 -0.208282 0.521522 -0.554039 0.454392 -0.697545
-58.283876 -73.282859 4847.557129 -2805.174238 0.287583 -0.826708 0.483581 0.899118 0.406991 0.161074 -0.329974 0.388474 0.860352
-52.832333 -71.922252 -2062.962484 -2391.860701 0.256251 -0.748407 0.611738 0.894061 0.424068 0.144297 -0.367411 0.509955 0.777789
-54.065026 -70.264687 -2156.503902 -2312.686983 -0.309686 0.797038 -0.518484 0.836516 0.487616 0.249942 -0.452035 0.356316 0.817743
-53.645014 -71.698714 -998.004807 -1287.350244 -0.221832 0.889700 -0.399029 0.909505 0.336335 0.244295 -0.351556 0.308726 0.883797
-2.986828 -18.329934 -330.202644 1580.487634 0.369342 0.908175 0.196987 0.737049 -0.415383 0.533118 -0.565990 0.051714 0.822789
-4.912326 -17.047551 946.270840 453.630723 0.198474 0.977480 0.071697 0.817342 -0.205441 0.538281 -0.540889 0.048234 0.839710
0.773397 -20.849154 1593.949492 1313.272596 0.206088 0.976339 0.065500 0.796038 -0.206205 0.569037 -0.569079 0.065132 0.819699
7.432998 -40.388312 -4514.041537 -1106.307434 0.134314 0.990906 -0.008000 -0.181819 0.032580 0.982792 -0.974116 0.130548 -0.184541
2.120852 -39.372972 -2833.248086 -1104.420931 0.164024 0.986285 -0.018362 -0.216425 0.054141 0.974797 -0.962422 0.155916 -0.222337
5.916157 -37.378044 -3784.278013 -2416.235994 0.143392 0.989533 -0.016228 -0.257937 0.053198 0.964696 -0.955462 0.134144 -0.262866
1.378647 -35.641035 -2938.567865 -3339.698372 0.154926 0.987880 0.009518 -0.307389 0.039046 0.950782 -0.938888 0.150226 -0.309713
4.848049 -36.407929 -4413.950960 -1995.713896 0.136591 0.990619 -0.004201 -0.324201 0.048708 0.944733 -0.936075 0.127680 -0.327813
-5.175231 -52.720570 929.739337 6909.029880 0.212555 0.954435 -0.209463 0.871287 -0.088080 0.482805 -0.442357 0.285125 0.850308
-6.143778 -55.151925 1012.801192 832.959699 0.249845 0.950805 -0.183157 0.883437 -0.146403 0.445091 -0.396380 0.273011 0.876555
-7.433909 -55.512594 685.097547 536.768876 0.223511 0.953776 -0.200883 0.888175 -0.114406 0.445035 -0.401481 0.277889 0.872691
-6.176642 -52.906170 -120.701402 5629.375530 0.180272 0.956686 -0.228590 0.877756 -0.051587 0.476322 -0.443899 0.286514 0.849037
-6.610660 -54.911859 -477.699523 -1197.969471 0.217408 0.954725 -0.203060 0.887827 -0.106980 0.447570 -0.405583 0.277587 0.870889
-7.884409 -56.389251 -129.494193 -8328.036145 0.243413 0.951806 -0.186591 0.897536 -0.148115 0.415321 -0.367668 0.268566 0.890333
15.232011 -38.797901 4783.792739 2185.874375 0.438746 0.875522 0.202395 0.465663 -0.414148 0.782074 -0.768544 0.248884 0.589404
10.504778 -34.276660 5168.367677 1433.347436 0.463481 0.857770 0.222297 0.512105 -0.464023 0.722794 -0.723142 0.221162 0.654334
18.517916 -35.905704 3986.710071 1988.536905 0.414175 0.888142 0.199155 0.508097 -0.407141 0.758995 -0.755180 0.213167 0.619890
-0.727743 -72.887866 -975.159867 5725.414825 0.110104 0.944975 -0.308057 -0.397997 0.325925 0.857538 -0.910755 -0.028187 -0.411983
0.499856 -70.650416 -1936.992019 -2279.036862 0.097030 0.943055 -0.318171 -0.564320 0.315455 0.762910 -0.819834 -0.105525 -0.562793
3.503426 -72.047732 -1964.820583 4304.049524 0.096223 0.948775 -0.300943 -0.428501 0.312380 0.847824 -0.898403 -0.047374 -0.436610
-0.231049 -98.666145 -367.342603 15188.452846 0.139665 0.986580 0.084582 0.954670 -0.111485 -0.276002 0.262868 -0.119295 0.957428
-2.147698 -113.278802 564.115160 2516.385445 -0.209462 -0.974082 -0.085383 0.977777 -0.209436 -0.009363 -0.008762 -0.085447 0.996304
4.521536 -99.634032 3881.176056 7126.404909 -0.156391 -0.977802 -0.139448 0.979055 -0.134837 -0.152544 0.130355 -0.160384 0.978409
7.715123 -82.262122 -3445.276708 19382.420287 0.151707 0.979633 0.131547 0.911878 -0.087360 -0.401057 0.381397 -0.180798 0.906559
2.112230 -82.155089 -110.178502 22087.511899 0.146085 0.985752 0.083376 0.892316 -0.094910 -0.441322 0.427121 -0.138868 0.893467
-2.916649 -112.132398 2144.452951 14561.955386 0.349502 0.911498 -0.216840 0.853912 -0.214638 0.474093 -0.385593 0.350858 0.853356
-4.982555 -109.726738 4153.645724 1530.966655 0.365809 0.902246 -0.228332 0.707272 -0.110032 0.698326 -0.604938 0.416947 0.678384
-3.416702 -119.026938 -676.972107 18473.064022 0.328082 0.924465 -0.194231 0.838039 -0.189949 0.511478 -0.435950 0.330580 0.837057
-1.337139 -104.435844 452.439942 1110.139132 0.451976 0.859250 -0.239596 0.680159 -0.505745 -0.530666 0.577149 -0.076885 0.813011
-0.760794 -90.917235 29.901297 -6354.876052 0.447546 0.865652 -0.224388 0.797616 -0.499869 -0.337551 0.404366 0.027906 0.914172
-0.822715 -105.138639 -105.934059 -1962.281170 0.459684 0.860317 -0.220330 0.708834 -0.504895 -0.492581 0.535019 -0.070254 0.841914
3.350108 -18.048686 -586.617070 -1826.125070 0.715592 0.698118 0.023636 -0.565901 0.559565 0.605510 -0.409492 0.446674 -0.795487
4.757723 -16.043310 515.777749 -2274.606951 0.836869 0.526071 -0.151328 -0.360938 0.738136 0.569982 -0.411551 0.422380 -0.807602
6.908666 -12.490676 642.608505 -1130.361637 0.758424 0.651624 -0.013376 -0.525551 0.623567 0.578757 -0.385473 0.431913 -0.815390
0.091266 -22.356522 -805.280627 -3991.788451 0.799052 0.592123 -0.104432 -0.422725 0.676759 0.602744 -0.427574 0.437478 -0.791071
4.169905 -16.720914 1135.402959 1106.893737 0.645499 0.755286 0.113463 0.653453 -0.469237 -0.593983 -0.395387 0.457558 -0.796436
35.697012 -20.021527 -2959.103957 -147.845966 -0.609788 -0.716084 0.339680 0.790812 -0.578210 0.200721 0.052673 0.391020 0.918874
47.996120 -20.801422 -15339.930549 -955.052595 -0.543454 -0.746494 0.383934 0.839155 -0.495017 0.225338 0.021840 0.444641 0.895442
39.213776 -20.949150 562.774108 -949.581064 -0.640253 -0.683750 0.350088 0.767937 -0.580799 0.270084 0.018661 0.441768 0.896935
-10.157706 -49.090352 -1206.978800 6771.530617 0.324225 0.945829 0.016904 0.713893 -0.232916 -0.660383 0.620673 -0.226180 0.750738
-7.066245 -50.629708 324.741082 3982.099180 0.293696 0.955818 0.012394 0.675495 -0.198352 -0.710185 0.676349 -0.216951 0.703906
-6.276175 -52.025812 3910.256181 4433.465260 0.298142 0.953925 -0.033746 0.732706 -0.251374 -0.632419 0.611763 -0.163825 0.773891
10.698475 -46.717417 437.339952 2331.963508 0.245898 0.969032 -0.022624 -0.024215 0.029475 0.999272 -0.968993 0.245171 -0.030713
8.937287 -43.392443 1287.671823 3060.931677 0.267266 0.963137 -0.030585 -0.011453 0.034913 0.999325 -0.963555 0.266735 -0.020362
11.840082 -43.791469 116.953453 5542.363961 0.249534 0.968029 -0.025543 0.064182 0.009787 0.997890 -0.966237 0.250647 0.059688
12.737441 -44.613519 -1109.085480 1576.163606 0.209006 0.976813 -0.046394 0.075347 0.031215 0.996669 -0.975007 0.211805 0.067076
-2.300984 -119.145734 320.386629 6613.758962 0.298664 0.824372 -0.480844 0.952645 -0.287699 0.098473 -0.057160 -0.487484 -0.871259
-3.002625 -114.307050 -1862.900909 4676.177904 0.310362 0.809284 -0.498734 0.950110 -0.281232 0.134905 -0.031083 -0.515721 -0.856192
-1.672295 -106.375821 -65.270918 5148.130571 0.331903 0.813685 -0.477240 0.935962 -0.221024 0.274086 0.117538 -0.537648 -0.834937
43.091549 -41.352739 211.522511 2106.883955 0.273667 0.961605 -0.020553 0.689460 -0.181227 0.701286 -0.670635 0.206090 0.712584
38.700240 -46.733360 5349.407603 1537.112157 0.291541 0.948747 -0.121996 0.667309 -0.110346 0.736561 -0.685348 0.296147 0.665278
45.081779 -40.531898 5720.567158 2136.515769 0.315523 0.943707 -0.099312 0.730704 -0.174858 0.659922 -0.605407 0.280788 0.744742
1.976353 -141.451833 2036.845393 -15229.262656 -0.146455 0.710229 -0.688568 0.549967 -0.520122 -0.653460 0.822245 0.474392 0.314428
1.373287 -114.391782 1943.689927 -13137.706784 -0.117226 0.684049 -0.719955 0.722427 -0.438703 -0.534452 0.681438 0.582766 0.442748
-2.108055 -112.618374 1412.334682 -10343.524776 -0.125803 0.703131 -0.699843 0.688105 -0.446321 -0.572110 0.714623 0.553539 0.427679
-14.937954 -125.125875 -1180.995848 -1351.213146 0.241697 -0.809338 0.535308 0.968936 0.171505 -0.178183 0.052402 0.561745 0.825649
-12.749661 -128.901486 -1664.818097 -4386.847050 0.290483 -0.784743 0.547538 0.940541 0.128869 -0.314284 0.176072 0.606276 0.775518
-11.599526 -124.397174 -1101.813600 -5104.468132 0.271306 -0.788033 0.552627 0.962216 0.235845 -0.136079 -0.023099 0.568666 0.822244
-15.915105 -129.136866 -1349.458727 -1729.812326 0.291609 -0.798695 0.526356 0.908890 0.059852 -0.412719 0.298133 0.598752 0.743379
32.676111 -23.571569 -10875.743328 1592.664175 0.292183 0.912765 0.285465 0.842763 -0.386839 0.374308 -0.452084 -0.131213 0.882272
10.990929 -23.267535 -9658.529866 6438.688121 0.367783 0.846157 0.385687 0.820739 -0.490356 0.293151 -0.437176 -0.208733 0.874819
27.033328 -28.464085 -18039.492843 6800.071722 0.241757 0.902011 0.357672 0.849298 -0.374978 0.371597 -0.469304 -0.213934 0.856730
44.350739 -28.840317 -13812.371814 3166.281989 0.256758 0.934936 0.244887 0.841656 -0.340850 0.418851 -0.475069 -0.098567 0.874411
52.831521 -25.169543 -2870.659282 -3791.455352 0.333359 0.937754 0.097416 0.825597 -0.340249 0.450133 -0.455260 0.069629 0.887632
18.272083 -2703.319650 -9286.110755 -2102026.425849 0.576195 -0.688050 0.441120 0.690186 0.698704 0.188297 -0.437770 0.195959 0.877472
-42.414585 -3926.421359 -695.989861 -1722208.946681 -0.552527 0.713898 -0.430190 0.202840 0.615781 0.761361 -0.808437 -0.333413 0.485042
40.076497 -2107.911033 19334.309628 -1592418.879660 -0.626648 0.600734 -0.496418 -0.090208 0.576804 0.811886 -0.774064 -0.553548 0.307262
-48.741324 -2695.351695 -8586.913137 975940.458146 0.631655 -0.641503 0.435300 0.302791 0.721043 0.623230 -0.713673 -0.261861 0.649691
-40.507793 -3500.996219 -44394.597769 4160953.392374 0.471829 -0.771591 0.426644 0.858080 0.290622 -0.423364 0.202671 0.565850 0.799211
6.687882 -41.808272 8353.726446 -392.443551 -0.273438 0.961372 -0.031571 0.940892 0.274145 0.198916 -0.199887 -0.024686 0.979508
26.172268 -39.978596 19144.329570 -940.206230 -0.247596 0.966916 -0.061404 0.948265 0.254844 0.189337 -0.198722 0.011348 0.979990
59.369777 -38.994242 29069.938319 -1510.302860 -0.232507 0.971315 -0.049866 0.934721 0.237328 0.264524 -0.268771 -0.014893 0.963089
8.346613 -39.282292 7915.330193 -1927.325790 -0.298267 0.953742 -0.037580 0.910428 0.296104 0.288866 -0.286632 -0.051945 0.956632
17.550007 -35.514635 9297.333549 -2080.486733 -0.299806 0.953045 -0.042691 0.891108 0.295739 0.344187 -0.340651 -0.065147 0.937930
-0.307458 -90.745541 -1157.326332 2305.232355 -0.384152 0.684401 -0.619695 -0.485336 0.421286 0.766138 -0.785415 -0.595074 -0.170326
0.273337 -76.954438 -2290.443192 1721.949318 -0.416832 0.693603 -0.587509 -0.332734 0.485049 0.808712 -0.845895 -0.532582 -0.028602
-1.281166 -82.531999 -2510.217187 5133.389203 -0.407899 0.682562 -0.606405 -0.442611 0.433084 0.785197 -0.798570 -0.588683 -0.125455
-0.084717 -95.563761 231.730578 4227.021745 -0.358639 0.678418 -0.641192 -0.610048 0.349571 0.711085 -0.706555 -0.646180 -0.288497
1.390394 -86.052969 -651.961520 2308.594975 -0.368133 0.671031 -0.643580 -0.540246 0.408973 0.735442 -0.756711 -0.618433 -0.211965
-0.737484 -106.596680 -179.747091 -6259.363500 -0.370935 0.682243 -0.630041 0.651969 -0.291819 -0.699842 -0.661320 -0.670363 -0.336555
-2.364235 -99.516455 -2679.251503 7217.337669 -0.395701 0.668491 -0.629714 -0.570931 0.358016 0.738825 -0.719346 -0.651877 -0.239994
-3.900642 -40.883205 1840.515927 1889.546730 -0.536100 -0.586157 0.607467 -0.533452 0.792958 0.294360 -0.654237 -0.166248 -0.737791
-2.790028 -38.637733 1471.267177 2709.784507 -0.524961 -0.591882 0.611630 -0.491582 0.797483 0.349811 -0.694812 -0.117030 -0.709606
-5.245667 -36.930541 2449.203444 1227.438096 -0.531267 -0.578336 0.619099 -0.472939 0.808746 0.349653 -0.702911 -0.107037 -0.703178
-7.604710 -41.497970 2315.197844 1553.480642 -0.540886 -0.581262 0.607928 -0.535889 0.795243 0.283569 -0.648279 -0.172403 -0.741628
-9.364562 -36.962066 1851.633708 1267.886217 -0.544657 -0.590811 0.595223 -0.479413 0.801674 0.357046 -0.688122 -0.090890 -0.719880
-1.672718 -11.298495 107.428723 476.240269 0.560369 0.760662 0.327688 0.814199 -0.433368 -0.386358 -0.151879 0.483307 -0.862176
-1.729358 -11.486397 -425.150484 -436.647324 0.686265 0.680679 0.256352 0.713583 -0.561820 -0.418518 -0.140853 0.470143 -0.871279
-1.103198 -12.630740 126.027336 580.204464 0.607389 0.734715 0.302112 0.779302 -0.477271 -0.406080 -0.154164 0.482085 -0.862455
-3.143563 -84.638738 2393.964875 45.759176 0.258130 0.937722 -0.232480 0.718597 -0.347197 -0.602555 0.645745 0.011522 0.763466
-6.526717 -90.325111 3450.740337 -3988.511357 0.268119 0.927951 -0.258879 0.596317 -0.370909 -0.711922 0.756650 -0.036506 0.652801
-3.938207 -89.019999 2151.842042 -1362.041430 0.242004 0.941382 -0.235019 0.617372 -0.336258 -0.711184 0.748523 -0.027015 0.662559
-0.539625 -82.960714 2048.240522 785.029678 0.223513 0.950390 -0.216334 0.740556 -0.309892 -0.596274 0.633734 0.026932 0.773082
15.025530 -158.463523 -2475.238041 16783.783436 0.261220 0.827449 -0.497085 -0.831197 0.454648 0.320011 -0.490791 -0.329582 -0.806536
7.897824 -163.264559 -3442.425774 18384.178692 0.257817 0.802923 -0.537443 -0.851972 0.451280 0.265499 -0.455713 -0.389437 -0.800416
12.581673 -190.983603 -4651.648366 -26091.944273 0.279868 0.797192 -0.534939 0.922201 -0.378126 -0.081027 -0.266868 -0.470645 -0.840997
8.276753 -163.906398 -3320.893464 4683.099756 0.632597 0.339114 -0.696292 0.016306 0.893012 0.449737 0.774310 -0.295856 0.559387
5.939539 -184.522188 -5792.463549 -1804.020426 0.617132 0.447528 -0.647199 -0.218360 0.887607 0.405552 0.755955 -0.108956 0.645493
18.913258 -196.331124 -2985.034363 2796.622518 0.601441 0.364622 -0.710858 0.062189 0.865710 0.496668 0.796493 -0.342924 0.497998
15.642092 -158.886183 -559.463582 3036.603220 0.621208 0.246017 -0.744027 0.257430 0.832687 0.490268 0.740155 -0.496093 0.453940
25.420095 -182.336827 -1149.346957 -20902.108439 0.589221 0.323584 -0.740346 0.364671 0.711156 0.601059 0.720995 -0.624139 0.301026
23.169563 -254.944910 -3029.001845 -33386.513331 0.579409 0.406745 -0.706289 0.197705 0.770550 0.605942 0.790695 -0.490725 0.366048
-11.793930 -31.211018 -707.170146 490.701287 0.205175 0.977980 -0.038192 -0.765275 0.184633 0.616656 -0.610128 0.097295 -0.786306
-11.058222 -31.995259 275.302426 678.160190 0.292281 0.947140 -0.132275 -0.729136 0.310202 0.610029 -0.618815 0.081854 -0.781260
-9.275301 -30.613771 -519.595475 -33.895150 0.196218 0.979865 -0.036929 -0.730248 0.171159 0.661395 -0.654398 0.102810 -0.749128
-52.740372 -80.580922 1485.261182 7581.064700 -0.575011 0.751571 0.323269 0.521639 0.641182 -0.562830 0.630281 0.155004 0.760736
-52.558672 -78.195003 38.070894 5805.777118 -0.514081 0.833158 0.203883 0.634281 0.529269 -0.563526 0.577415 0.160379 0.800544
-45.064009 -75.862917 -279.729724 5493.421651 -0.365422 0.930384 -0.029205 0.752352 0.276731 -0.597819 0.548119 0.240428 0.801099
-40.086695 -67.638869 -473.457494 4068.970178 -0.254897 0.949177 -0.184636 0.751523 0.074307 -0.655509 0.608474 0.305846 0.732269
19.040320 -101.988305 -3970.199320 6262.966867 -0.062104 0.876921 0.476605 -0.317496 0.435363 -0.842411 0.946224 0.203637 -0.251381
27.465501 -91.733671 -5952.437702 13056.490603 -0.077213 0.888105 0.453110 -0.538171 0.345446 -0.768790 0.839291 0.303211 -0.451279
29.111403 -71.444575 -2755.730214 8289.130674 -0.117196 0.919908 0.374212 -0.658752 0.209970 -0.722467 0.743177 0.331183 -0.581383
23.366016 -80.915848 -2278.788068 16505.038301 -0.085552 0.919048 0.384749 -0.599425 0.260981 -0.756689 0.795846 0.295364 -0.528573
17.441586 -93.198224 -2419.982129 9880.992919 -0.067986 0.904726 0.420534 -0.436880 0.351951 -0.827808 0.896947 0.240002 -0.371329
6.222477 -41.989530 7576.737103 -9813.507627 -0.029559 0.791082 -0.610996 0.120715 -0.603964 -0.787817 0.992247 0.097044 0.077643
0.550004 -57.519459 -436.812050 -12394.697135 0.053248 0.937538 -0.343784 0.029190 -0.345587 -0.937933 0.998155 -0.039908 0.045769
14.135207 -87.242229 2460.556773 -38775.168007 0.035464 0.892918 -0.448820 0.212599 -0.445563 -0.869641 0.976496 0.064578 0.205635
24.355535 -35.259091 12335.850383 13322.193188 -0.011318 0.693257 -0.720602 -0.175461 0.708090 0.683975 0.984421 0.134179 0.113626
5.593911 -25.248481 11014.917091 1721.909651 -0.049818 0.678768 -0.732661 -0.148262 0.720418 0.677507 0.987693 0.142378 0.064746
-4.047346 -28.520358 8134.037928 -3318.321684 -0.035401 0.771462 -0.635290 0.117263 -0.628091 -0.769254 0.992470 0.101728 0.068229
2.745115 -24.136762 -90.964731 -917.829025 0.388635 -0.874873 0.289068 0.875603 0.253005 -0.411471 0.286849 0.413021 0.864368
3.696458 -21.667891 5.737103 -546.179555 0.365717 -0.881496 0.298690 0.884503 0.229293 -0.406298 0.289663 0.412782 0.863543
3.731460 -19.925306 -864.863852 -1254.107835 0.444209 -0.855258 0.266856 0.861912 0.326659 -0.387816 0.244512 0.402278 0.882262
3.794750 -18.136571 -307.238926 -711.601152 0.370984 -0.880227 0.295923 0.880958 0.232792 -0.411971 0.293739 0.413530 0.861806
5.076131 -17.913709 -1051.233424 -860.376467 0.476267 -0.842352 0.252216 0.843635 0.356882 -0.401143 0.247892 0.403829 0.880609
-19.131697 -40.951175 352.554213 2306.456931 0.702323 0.619814 0.350104 0.709065 -0.652637 -0.267004 0.062998 0.435769 -0.897851
-25.104849 -42.530885 244.832292 -895.549472 0.754948 0.572381 0.320053 -0.655387 0.641540 0.398616 -0.022834 0.510693 -0.859460
-21.286766 -43.714699 1997.325920 -2371.594428 0.832952 0.456025 0.313420 -0.550778 0.737768 0.390309 0.053241 0.497734 -0.865694
-23.902285 -41.706332 -1103.746539 196.977883 0.565588 0.741757 0.360426 0.822576 -0.476149 -0.310888 -0.058987 0.472312 -0.879455
2.020904 -48.363021 -765.941846 -503.189410 -0.082337 0.982079 -0.169536 0.238682 -0.145731 -0.960101 0.967601 0.119517 0.222405
4.445494 -46.588629 -97.632014 1045.192957 -0.069711 0.980237 -0.185138 0.168824 -0.171320 -0.970643 0.983178 0.098920 0.153545
2.984878 -47.200780 157.851893 641.734706 -0.082260 0.980378 -0.179144 0.146905 -0.165862 -0.975145 0.985724 0.106533 0.130379
6.184029 -50.815828 657.396699 -421.634696 -0.085936 0.976004 -0.200078 0.315285 -0.163860 -0.934744 0.945098 0.143410 0.293638
-2.782994 -48.252573 -2088.509557 -248.746014 -0.079312 0.987916 -0.133163 0.138363 -0.121381 -0.982915 0.987201 0.096382 0.127064
-4.510827 -47.669731 -4663.681861 -101.055937 -0.060119 0.995943 -0.066961 0.292460 -0.046564 -0.955143 0.954386 0.077006 0.288474
3.747346 -50.153138 -2099.919029 -757.410232 -0.073742 0.989584 -0.123636 0.361253 -0.089048 -0.928206 0.929548 0.113111 0.350923
10.235425 -44.633865 5407.687988 333.790531 -0.309281 0.878001 0.365322 -0.784132 -0.018106 -0.620330 0.538036 0.478317 -0.694068
7.218900 -42.426503 5224.972772 -1159.463354 -0.297725 0.877003 0.377128 0.835360 0.048113 0.547594 0.462097 0.478070 -0.746938
9.788220 -66.369123 2053.803970 3451.117904 -0.074353 0.913213 -0.400641 -0.582936 0.286163 0.760458 -0.809109 -0.290090 -0.511068
9.216450 -67.717364 1243.483649 2873.554044 -0.072271 0.910074 -0.408097 -0.683517 0.252784 0.684766 -0.726348 -0.328430 -0.603782
7.183153 -68.937682 -45.994017 914.466870 -0.100918 0.899531 -0.425040 -0.744546 0.215085 0.631972 -0.659899 -0.380240 -0.648037
6.213916 -68.875651 -3645.434751 1222.164323 -0.139654 0.882308 -0.449477 -0.724096 0.218624 0.654132 -0.675412 -0.416817 -0.608344
8.357886 -93.527353 291.873467 -8774.847565 -0.080703 0.992100 0.096048 0.145297 0.107043 -0.983580 0.986091 0.065423 0.152788
11.378439 -98.644401 1284.196435 -3567.267786 -0.074273 0.994776 0.070037 0.068862 0.075179 -0.994790 0.994858 0.069063 0.074086
7.278564 -89.859582 226.232603 -8009.130162 -0.073743 0.995082 0.066130 0.253336 0.082827 -0.963826 0.964564 0.054322 0.258198
