15781
31555
-39.453245 -63.454457 -367.745191 9699.366525 0.187562 0.980459 0.059339 0.777889 -0.111381 -0.618452 0.599757 -0.162157 0.783579
-42.551860 -65.491759 -102.719769 6419.722640 0.324749 0.936242 -0.134121 0.763263 -0.343169 -0.547417 0.558541 -0.075403 0.826043
-50.532218 -78.454629 590.045569 7207.144806 0.027873 0.994588 0.100084 0.884978 0.022002 -0.465113 0.464798 -0.101536 0.879576
-32.126340 -50.230428 -789.974049 5891.186121 0.491068 0.827271 -0.272901 0.575543 -0.543275 -0.611231 0.653914 -0.143090 0.742915
-42.463620 -86.184331 -869.936551 14521.211347 -0.101723 0.963088 0.249227 0.855850 0.212433 -0.471586 0.507123 -0.165329 0.845868
-29.044373 -66.971399 -4362.058097 15138.995199 0.082352 0.970190 0.227923 0.762443 0.085945 -0.641322 0.641793 -0.226592 0.732637
-27.567381 -46.208917 -2658.718033 6693.288204 0.402652 0.910957 -0.089599 0.617205 -0.342482 -0.708353 0.675965 -0.229919 0.700149
-32.823458 -69.825113 5836.042114 -11747.878083 -0.612488 -0.760857 -0.214372 0.770362 -0.513738 -0.377645 0.177202 -0.396447 0.900794
-32.541879 -86.625440 475.897674 -1385.389748 0.561670 0.821459 0.098649 0.742999 -0.448347 -0.496928 0.363977 -0.352406 0.862166
-27.638835 -65.763716 -2412.389992 -20548.488095 -0.668416 -0.742018 -0.051274 0.727551 -0.637943 -0.252385 0.154564 -0.206003 0.966267
-32.348954 -86.773509 4428.522263 3624.666393 -0.549309 -0.810053 -0.205120 0.732245 -0.348363 -0.585201 0.402588 -0.471654 0.784516
-27.838311 -82.251898 4844.894248 -2087.631495 -0.562826 -0.782661 -0.265835 0.765761 -0.372637 -0.524167 0.311185 -0.498581 0.809061
-46.583589 -68.354026 -2116.930931 -823.138123 -0.374219 -0.204572 0.904494 0.922111 -0.185524 0.339548 0.098343 0.961109 0.258064
-42.338294 -67.654790 -476.430318 -1374.726847 -0.364768 -0.151525 0.918686 0.913578 -0.248749 0.321712 0.179774 0.956642 0.229166
-41.421359 -65.315884 -1077.136443 -2081.226228 -0.330147 -0.078535 0.940657 0.941196 -0.103176 0.321722 0.071787 0.991558 0.107980
-47.194165 -66.321641 -2752.927574 -231.492758 -0.303000 -0.229716 0.924890 0.950447 -0.001977 0.310881 -0.069585 0.973256 0.218932
-47.185825 -67.786982 -694.260095 291.041241 -0.319298 -0.324581 0.890335 0.947076 -0.076469 0.311769 -0.033111 0.942762 0.331820
-44.968904 -64.529969 -2567.061533 -1047.075695 -0.283641 -0.144628 0.947961 0.957112 0.018148 0.289148 -0.059022 0.989320 0.133278
21.892984 -45.051400 -1798.258579 1432.600928 -0.091900 0.981171 -0.169877 0.930810 0.024038 -0.364713 0.353762 0.191640 0.915493
17.283909 -43.785861 2803.357385 425.599578 -0.084740 0.976459 -0.198359 0.910055 -0.005216 -0.414455 0.405733 0.215639 0.888189
17.493353 -42.682101 -5786.574712 1588.808224 -0.103567 0.991127 -0.083315 0.894934 0.056307 -0.442631 0.434013 0.120403 0.892825
12.142036 -43.188990 -5714.303982 1939.146288 -0.152356 0.987461 -0.041341 0.889662 0.118808 -0.440893 0.430453 0.103952 0.896607
18.049197 -46.036959 -4804.828710 2594.758685 -0.116518 0.990853 -0.068079 0.929327 0.084587 -0.359438 0.350391 0.105148 0.930682
4.737056 -46.274672 -450.764517 904.427085 0.428154 0.785060 -0.447622 -0.689547 0.603961 0.399696 -0.584131 -0.137524 -0.799924
3.919677 -44.634814 -576.476553 514.011649 0.412983 0.786850 -0.458598 -0.635345 0.609688 0.473938 -0.652520 -0.095639 -0.751712
1.686933 -44.216911 -521.028692 -422.728482 0.416867 0.782761 -0.462069 -0.728062 0.591883 0.345832 -0.544195 -0.192249 -0.816635
4.798601 -44.884635 -55.018152 133.635164 0.427489 0.787408 -0.444120 -0.625083 0.612365 0.484024 -0.653088 -0.070697 -0.753975
2.747520 -46.030627 282.850024 88.850806 0.451304 0.767943 -0.454520 -0.752559 0.601248 0.268617 -0.479562 -0.220826 -0.849268
6.037558 -45.926918 -954.441838 1017.516500 0.427194 0.783838 -0.450669 -0.662268 0.610604 0.434239 -0.615554 -0.112959 -0.779958
5.804533 -48.850601 -1239.878602 1008.059914 0.431703 0.773048 -0.464789 -0.733157 0.600891 0.318449 -0.525464 -0.203288 -0.826173
4.706888 -46.110673 -298.204296 177.323744 0.441628 0.776316 -0.449775 -0.742953 0.597471 0.301744 -0.502976 -0.200903 -0.840626
-16.605073 -54.762813 -393.122870 2076.224552 -0.118627 -0.987578 -0.103036 0.992389 -0.114469 -0.045399 0.033040 -0.107637 0.993641
-12.606010 -49.725001 489.360702 -5560.035129 -0.238803 -0.966662 -0.092396 0.968844 -0.230739 -0.090006 0.065686 -0.111011 0.991646
-14.030230 -44.680936 -24.291222 378.762642 -0.306682 -0.949512 -0.066120 0.951714 -0.304911 -0.035641 0.013681 -0.073858 0.997175
-10.582851 -62.032144 781.279371 -7520.915010 -0.194622 -0.972615 -0.127056 0.972641 -0.174610 -0.153236 0.126855 -0.153403 0.979987
-17.694607 -54.418278 -812.575159 6359.501398 -0.251287 -0.966388 -0.054313 0.967567 -0.252301 0.012572 -0.025853 -0.049392 0.998445
-13.923517 -54.846940 -688.894660 -1349.347429 -0.110070 -0.985785 -0.126936 0.988660 -0.095463 -0.115925 0.102159 -0.138256 0.985114
-20.813532 -66.884232 -50.279558 11483.668991 -0.055875 -0.995281 -0.079330 0.997878 -0.058328 0.028947 -0.033438 -0.077545 0.996428
-23.108669 -77.811959 265.943856 12508.499280 0.084088 -0.990496 -0.108844 0.994934 0.077418 0.064129 -0.055093 -0.113685 0.991988
-16.236151 -68.098492 -212.723798 7305.034207 0.059504 -0.989030 -0.135199 0.997715 0.063269 -0.023714 0.032008 -0.133479 0.990535
25.301618 -88.767185 7809.177577 3516.659440 -0.018431 0.938607 0.344497 0.998786 0.001541 0.049238 0.045684 0.344986 -0.937495
45.758190 -91.219089 9842.486800 3295.598661 -0.036268 0.964469 0.261697 0.994565 0.009261 0.103705 0.097597 0.264035 -0.959562
25.640910 -81.818510 8410.009364 1845.869344 -0.056107 0.940960 0.333836 0.986386 0.000473 0.164445 0.154578 0.338518 -0.928176
-3.483484 -54.953967 597.021368 5251.097174 0.189958 0.976136 -0.105230 -0.516060 0.190454 0.835110 -0.835223 0.104331 -0.539924
-5.066963 -48.626366 2150.134196 675.672585 0.219223 0.965219 -0.142458 -0.469420 0.232343 0.851858 -0.855328 0.119874 -0.504027
-0.949164 -58.774444 2310.321986 3908.592759 0.252347 0.954970 -0.156054 -0.541393 0.273008 0.795211 -0.802007 0.116183 -0.585907
-0.991648 -73.279821 442.087347 9206.729777 0.225400 0.960080 -0.165656 -0.592454 0.270052 0.758993 -0.773430 0.072933 -0.629672
-3.891100 -57.074092 -1177.305974 8376.112361 0.123516 0.990105 -0.066605 -0.463485 0.116908 0.878359 -0.877454 0.077621 -0.473339
33.246456 -31.171026 209.388723 -2421.738598 -0.187714 0.940373 0.283659 -0.205056 0.244910 -0.947613 0.960581 0.236046 -0.146856
30.117196 -26.179726 -4621.578074 -1209.939232 -0.080655 0.943435 0.321599 -0.216306 0.298394 -0.929609 0.972988 0.144542 -0.180004
38.294074 -29.056549 -1666.450141 1009.508754 -0.121507 0.915925 0.382515 -0.193072 0.356201 -0.914245 0.973632 0.184940 -0.133558
38.614595 -36.466788 4914.074316 -619.673376 -0.260512 0.913024 0.313881 -0.178566 0.273933 -0.945026 0.948814 0.302239 -0.091672
28.356680 -38.844285 1583.426141 -3626.882031 -0.283596 0.935711 0.209806 -0.213644 0.151638 -0.965071 0.934842 0.318514 -0.156905
0.496671 -26.202073 -2371.509013 -3528.306238 0.731810 -0.428505 0.529940 -0.227544 0.579346 0.782676 0.642400 0.693355 -0.326468
2.777318 -28.950865 -3024.950943 -3402.029313 0.709954 -0.369114 0.599767 -0.314087 0.596298 0.738768 0.630330 0.712870 -0.307410
-3.525101 -33.963631 -815.181346 -3158.422922 0.731941 -0.442468 0.518155 -0.272731 0.506634 0.817887 0.624404 0.739962 -0.250152
-5.707405 -31.400488 -1049.409355 -2976.782830 0.743644 -0.494459 0.450005 -0.187511 0.491818 0.850268 0.641743 0.716677 -0.273021
4.682873 -103.158211 -1558.960688 2009.333785 0.327647 -0.151615 0.932556 0.713652 -0.607118 -0.349441 0.619152 0.780013 -0.090720
2.323102 -104.814005 -345.057487 2003.482468 0.309838 -0.142679 0.940023 0.699808 -0.635062 -0.327053 0.643637 0.759169 -0.096918
3.264264 -97.975620 769.929347 -2239.954714 -0.314329 0.150987 -0.937230 -0.600023 0.733456 0.319396 0.735642 0.662755 -0.139951
7.248451 -100.208329 -1491.402501 1898.882684 0.333508 -0.178346 0.925724 0.649404 -0.668361 -0.362722 0.683408 0.722140 -0.107085
9.297811 -112.951777 -2550.555717 3859.973684 0.346759 -0.162042 0.923851 0.796881 -0.468609 -0.381295 0.494710 0.868417 -0.033366
-23.662821 -119.360616 3756.734965 -6567.354121 0.283599 0.928316 -0.240419 0.366472 0.126763 0.921753 -0.886155 0.349515 0.304252
-21.417474 -101.106702 3005.862354 -15484.428230 0.244755 0.924548 -0.292071 0.033551 0.292977 0.955531 -0.969004 0.243671 -0.040688
-30.528912 -119.463160 6841.309589 -11802.152765 0.266323 0.932866 -0.242555 0.216526 0.187311 0.958139 -0.939249 0.307694 0.152104
-33.918844 -133.271799 3101.668620 -13400.026190 0.183501 0.970112 -0.158777 0.281009 0.103012 0.954160 -0.941998 0.219707 0.253708
-33.408666 -132.554014 6043.423324 -6140.593096 0.268512 0.945514 -0.184134 0.443182 0.048463 0.895121 -0.855272 0.321956 0.406022
4.103260 -42.088966 -86.815066 3609.595936 0.682085 0.695847 -0.224848 0.680454 -0.491317 0.543682 -0.267848 0.523836 0.808612
5.862548 -36.827565 1417.846818 4273.641775 0.718138 0.668618 -0.192943 0.643309 -0.532106 0.550471 -0.265389 0.519436 0.812253
3.814035 -46.063220 1426.108092 8480.172349 0.701148 0.683338 -0.203569 0.655371 -0.505179 0.561500 -0.280856 0.527108 0.802046
-14.616311 -225.175808 1035.690792 14506.492808 0.418457 0.005454 0.908220 0.884138 -0.231269 -0.405973 0.207829 0.972874 -0.101599
-14.042237 -221.881979 1106.851365 37965.053693 0.417819 0.017468 0.908362 0.742389 -0.582908 -0.330267 0.523723 0.812350 -0.256518
-16.310967 -246.836704 -1579.983631 30532.136079 0.415855 0.072052 0.906572 0.869169 -0.324812 -0.372883 0.267599 0.943030 -0.197700
-14.747658 -278.272078 -1016.639341 -7576.108773 0.411358 0.102966 0.905640 0.909058 0.025957 -0.415861 -0.066327 0.994346 -0.082924
-16.158578 -247.406626 499.750090 -7198.273537 0.418300 0.046116 0.907137 0.901632 0.099793 -0.420834 -0.109933 0.993939 0.000164
-14.114939 -296.022131 -689.162100 46674.388900 0.428280 0.099643 0.898136 0.822528 -0.454560 -0.341795 0.374199 0.885125 -0.276638
-7.371285 -42.773978 -2113.393355 491.804556 -0.409915 0.764610 0.497334 0.583839 -0.198967 0.787111 -0.700786 -0.613012 0.364850
-0.173904 -38.740145 1348.953052 3057.779005 0.391175 -0.767518 -0.507836 0.677623 -0.133186 0.723249 -0.622743 -0.627038 0.467989
-10.356482 -44.175598 -3185.935546 2003.363960 -0.283823 0.722983 0.629873 0.681330 -0.310158 0.663017 -0.674710 -0.617331 0.404560
-15.173672 -42.162812 -2664.782975 -849.009810 -0.403329 0.759524 0.510342 0.496785 -0.286619 0.819179 -0.768460 -0.583929 0.261718
-8.231271 -43.297353 -1120.236657 -868.671729 -0.492025 0.795822 0.352957 0.443485 -0.119759 0.888245 -0.749155 -0.593569 0.294011
-14.368418 -44.551427 -2291.262477 71.601162 -0.291982 0.716267 0.633805 0.604250 -0.375527 0.702752 -0.741369 -0.588168 0.323158
6.885810 -40.207863 -2497.384263 2744.730079 -0.453843 0.868501 0.199331 0.696919 0.206563 0.686757 -0.555275 -0.450597 0.699022
4.055031 -43.574892 -3003.078776 922.343882 -0.442803 0.868337 0.223422 0.637673 0.129813 0.759290 -0.630317 -0.478686 0.611196
13.229236 -40.481647 -3142.446466 2231.548644 -0.469356 0.868195 0.161068 0.664798 0.227386 0.711576 -0.581162 -0.441060 0.683899
14.341057 -33.933499 -2762.504641 3690.638621 -0.476471 0.865137 0.156566 0.718973 0.280921 0.635736 -0.506017 -0.415476 0.755862
-3.341147 -101.042076 -2356.559139 8015.397521 -0.287099 0.080812 -0.954486 0.224174 0.974433 0.015072 0.931300 -0.209644 -0.297874
-4.163194 -89.214936 -483.436163 6888.912463 -0.320982 0.118595 -0.939631 0.178842 0.981869 0.062832 0.930046 -0.147877 -0.336372
-2.124740 -88.145914 -1618.726211 4006.243482 -0.292171 0.127477 -0.947832 0.074152 0.991113 0.110440 0.953487 -0.038016 -0.299027
-3.425707 -80.205948 -977.417746 3525.963507 -0.311267 0.165401 -0.935818 0.043610 0.986186 0.159798 0.949321 0.008928 -0.314180
-4.766192 -7.115482 1026.802200 934.331571 -0.644730 0.722987 -0.248220 0.093772 -0.247464 -0.964349 0.758637 0.645021 -0.091751
-5.517261 -10.414046 1162.308426 1765.924240 -0.643797 0.765176 0.005590 -0.063504 -0.046148 -0.996914 0.762557 0.642165 -0.078301
-7.202009 -8.541511 757.437295 753.912555 -0.487374 0.492407 -0.721111 -0.408918 0.600973 0.686744 0.771526 0.629577 -0.091544
-4.287825 -8.015766 386.418716 1622.449061 -0.264243 0.170535 -0.949260 -0.583946 0.755041 0.298195 0.767583 0.633112 -0.099931
-4.288907 -11.464887 758.062103 767.795315 -0.266921 0.179793 -0.946799 -0.555620 0.774016 0.303622 0.787426 0.607103 -0.106705
-9.437265 -11.097937 1803.109664 635.234385 -0.475859 0.482925 -0.735079 -0.404571 0.621914 0.670481 0.780949 0.616446 -0.100566
-0.277227 -44.898939 19.388950 -5841.080289 0.598258 0.787887 -0.146019 0.726507 -0.610208 -0.315965 0.338047 -0.082944 0.937467
0.665438 -46.319415 -1029.072173 -5209.846499 0.588013 0.799116 -0.125116 0.742404 -0.594609 -0.308669 0.321058 -0.088614 0.942905
1.550362 -45.012324 -602.300822 -2432.610592 0.596467 0.792137 -0.129405 0.693716 -0.589874 -0.413289 0.403714 -0.156743 0.901358
-12.119208 -94.469132 -1347.065493 222.903269 0.311521 0.947329 0.074319 -0.622809 0.262622 -0.736979 0.717679 -0.183298 -0.671817
-9.614967 -98.786153 -2073.488175 760.676191 0.325737 0.944160 0.049566 -0.621850 0.253440 -0.740993 0.712178 -0.210546 -0.669681
-12.861366 -93.671374 -1687.875292 1950.683110 0.303437 0.951147 0.056966 -0.758186 0.277225 -0.590170 0.577131 -0.135888 -0.805267
-10.542653 -95.598321 -1526.675171 -860.994933 0.327418 0.940569 0.090153 -0.460375 0.242121 -0.854068 0.825138 -0.238133 -0.512289
-0.105659 -182.885487 -827.756381 14545.138063 0.205074 0.977866 0.041505 -0.893783 0.169822 0.415105 -0.398869 0.122224 -0.908826
-0.526753 -203.969917 1280.642256 13392.215477 0.235148 0.969014 0.075608 -0.944633 0.209528 0.252519 -0.228853 0.130802 -0.964633
-1.110140 -195.385812 1761.425068 -10907.877204 0.226115 0.969646 0.093054 0.969889 -0.215234 -0.113976 -0.090488 0.116024 -0.989116
-3.965908 -216.000098 -877.960954 19884.619118 0.254174 0.965274 0.060340 -0.960024 0.244244 0.136741 -0.117254 0.092684 -0.988767
16.774491 -369.895912 -1319.209599 -38557.502854 0.237197 0.959701 0.150702 -0.894301 0.276302 -0.351969 0.379425 0.051287 -0.923800
13.269475 -400.522758 2027.982748 -73264.157988 0.210140 0.953962 0.214002 0.970973 -0.229218 0.068339 0.114246 0.193430 -0.974440
16.875687 -720.558013 -1155.250596 257888.429329 0.246047 0.953466 0.174252 -0.939535 0.190436 0.284619 -0.238191 0.233746 -0.942671
-149.319061 -431.575733 -23681.741228 104505.818535 0.471681 -0.157019 -0.867676 0.736089 -0.471658 0.485502 -0.485480 -0.867689 -0.106892
-122.692079 -270.975671 23294.473244 10488.250348 -0.423794 0.150373 0.893189 -0.393450 0.857664 -0.331073 -0.815841 -0.491732 -0.304309
-177.111332 -300.826087 -29204.223132 20547.614949 0.538388 0.078546 -0.839029 0.584898 -0.751596 0.304956 -0.606657 -0.654931 -0.450591
-203.905668 -446.372692 -35898.446118 118143.254332 0.613931 0.008372 -0.789315 0.720017 -0.415767 0.555620 -0.323520 -0.909433 -0.261280
-14.008207 -58.539653 -317.278001 9209.897907 -0.551663 -0.792766 0.259210 0.786495 -0.390983 0.478077 -0.277656 0.467604 0.839198
-14.737861 -54.563890 710.635136 2394.752441 -0.539516 -0.805963 0.243612 0.801594 -0.403141 0.441503 -0.257625 0.433476 0.863556
-11.976731 -52.448838 157.562370 2250.236551 -0.586791 -0.772754 0.241923 0.770842 -0.441607 0.459114 -0.247948 0.455889 0.854803
-15.700501 -62.866179 -813.228294 9349.494292 -0.507063 -0.820458 0.264076 0.806114 -0.342988 0.482223 -0.305069 0.457393 0.835299
-44.816133 -56.537015 4874.606595 -1973.905523 0.290938 0.875357 -0.386141 -0.480272 0.482687 0.732360 -0.827462 0.027618 -0.560842
-39.511336 -50.493325 5719.987453 -590.566063 0.437555 0.775942 -0.454378 -0.469669 0.628128 0.620376 -0.766783 0.058041 -0.639277
-42.109779 -55.015855 -4941.140177 1880.043367 -0.561572 -0.457311 0.689568 -0.329104 0.888080 0.320944 -0.759163 -0.046706 -0.649223
-29.532859 -47.357253 -5482.093758 3159.766438 -0.665714 -0.371866 0.646947 -0.266623 0.928287 0.259223 -0.696948 0.000077 -0.717121
-49.611462 -60.367921 -2415.887013 161.647209 -0.413327 -0.566214 0.713136 -0.392221 0.817493 0.421744 -0.821781 -0.105389 -0.559973
-36.161162 -56.553808 -5884.237567 2371.825279 -0.662480 -0.236157 0.710879 -0.254252 0.963557 0.083156 -0.704610 -0.125653 -0.698381
-45.326516 -61.867246 -3613.603345 1047.508154 -0.579462 -0.254174 0.774351 -0.304495 0.948839 0.083588 -0.755980 -0.187350 -0.627211
-9.500123 -46.200224 -847.408006 -1513.416282 -0.519386 0.791595 0.321894 -0.568466 -0.038813 -0.821791 0.638031 0.609813 -0.470154
-12.845301 -47.006965 -1482.331903 842.874019 -0.550060 0.780389 0.297366 0.619635 0.142652 0.771818 0.559898 0.608805 -0.562024
-13.072987 -44.604107 -2699.233587 -1621.054035 -0.515135 0.784590 0.345043 -0.567189 -0.010232 -0.823524 0.642599 0.619930 -0.450281
-16.671815 -40.152750 -3589.159447 -1518.914066 -0.507828 0.779605 0.366507 -0.519914 0.061862 -0.851976 0.686877 0.623209 -0.373912
-10.458464 -41.976639 -1820.588653 -1441.187021 -0.504750 0.789455 0.349269 -0.508645 0.054926 -0.859223 0.697501 0.611347 -0.373828
-6.007434 -29.500783 57.928797 500.377136 -0.415466 0.877938 -0.237933 0.895275 0.348426 -0.277637 -0.160846 -0.328365 -0.930755
-5.308790 -29.412703 444.922532 178.455704 -0.377237 0.896494 -0.232361 0.907004 0.306925 -0.288341 -0.187178 -0.319525 -0.928907
-4.870762 -34.057012 777.462024 1648.648773 -0.375832 0.896000 -0.236504 0.923056 0.339387 -0.181065 -0.081968 -0.286356 -0.954611
-6.613368 -32.449525 -276.037149 -3183.313135 -0.453084 0.861410 -0.229537 0.852368 0.343185 -0.394580 -0.261121 -0.374428 -0.889730
-5.447384 -35.322248 -5.561846 1877.409815 -0.419376 0.872270 -0.251532 0.905745 0.383353 -0.180737 -0.061226 -0.303621 -0.950824
-6.097680 -30.411670 -479.527512 -895.999594 -0.436166 0.863798 -0.252215 0.882405 0.355612 -0.308062 -0.176413 -0.356922 -0.917325
-1.045173 -23.116776 2726.778771 -1127.480358 -0.269552 0.919623 0.285717 -0.163448 -0.336085 0.927541 -0.949013 -0.203321 -0.240903
2.732363 -21.621025 1865.293870 -1036.024395 -0.281453 0.903634 0.322845 -0.189937 -0.382252 0.904327 -0.940589 -0.193206 -0.279219
-5.655672 -20.211361 2922.164272 -956.943814 -0.285965 0.889175 0.357201 -0.184855 -0.416955 0.889931 -0.940241 -0.188458 -0.283603
-10.373007 -22.554643 4127.765375 -1093.589219 -0.276296 0.909594 0.310320 -0.149649 -0.359669 0.921001 -0.949350 -0.208030 -0.235495
-3.841884 -24.949076 3689.551700 -1216.891486 -0.259723 0.937299 0.232409 -0.136050 -0.273783 0.952120 -0.956052 -0.215668 -0.198627
0.861223 -47.138556 -26.374181 2695.670138 -0.616632 0.775404 -0.136065 0.739973 0.511884 -0.436365 -0.268710 -0.369761 -0.889422
0.720682 -43.055684 -117.798316 2603.058220 -0.600422 0.786046 -0.147052 0.757947 0.500751 -0.418048 -0.254969 -0.362463 -0.896444
1.552117 -36.243719 -167.584048 1654.319869 -0.585454 0.795607 -0.155736 0.788394 0.513980 -0.338022 -0.188888 -0.320678 -0.928163
1.705190 -42.847604 -280.138496 868.618093 -0.603355 0.783785 -0.147117 0.773392 0.530102 -0.347645 -0.194492 -0.323533 -0.926013
2.433431 -40.672533 -497.455860 2211.781341 -0.553735 0.815137 -0.170086 0.823421 0.505628 -0.257523 -0.123917 -0.282652 -0.951185
1.662603 -36.902230 -83.149510 1955.842270 -0.531260 0.828370 -0.177668 0.839293 0.485994 -0.243714 -0.115540 -0.278591 -0.953435
-3.782337 -118.769639 2355.692449 -176.058005 0.779559 -0.619950 -0.089162 -0.118390 -0.006064 -0.992949 -0.615038 -0.784618 0.078123
-3.416181 -107.348741 2776.390787 -7450.324667 0.789125 -0.609443 -0.076553 -0.269227 -0.231166 -0.934922 -0.552085 -0.758381 0.346497
-11.429093 -118.783454 -32.515237 -4575.420695 0.744712 -0.660650 -0.094582 -0.226080 -0.116388 -0.967131 -0.627926 -0.741617 0.236035
-7.913255 -101.509886 -1765.095799 6600.665097 -0.323024 0.940275 0.107415 0.563497 0.282279 -0.776395 0.760346 0.190266 0.621026
-10.765240 -106.366761 -2138.472528 8203.026762 -0.353068 0.929151 0.109640 0.653885 0.328872 -0.681379 0.669162 0.168881 0.723672
-7.600250 -116.069340 -1001.079970 7975.545446 -0.360015 0.924648 0.124156 0.711957 0.358296 -0.603939 0.602916 0.129033 0.787301
-4.581274 -119.192837 -1460.125987 8528.261011 -0.332084 0.934165 0.130600 0.660387 0.329122 -0.674957 0.673505 0.137896 0.726207
-3.915573 -118.046742 -2189.834084 9813.751880 -0.770857 0.636983 -0.005570 0.636621 0.770665 0.028080 0.022180 0.018100 -0.999590
-4.950143 -144.223747 1255.588604 15477.591779 0.770999 -0.636809 -0.005933 0.619374 0.751991 -0.225577 -0.148111 -0.170245 -0.974207
-5.117396 -132.335989 845.807037 13372.336285 0.747800 -0.663877 -0.007854 0.654474 0.739094 -0.159388 -0.111619 -0.114050 -0.987185
-6.951143 -150.521425 243.417272 13027.310928 0.749891 -0.661135 -0.023729 0.594819 0.689504 -0.413250 -0.289576 -0.295778 -0.910308
-3.911408 -115.309793 1105.146343 7530.520773 0.752721 -0.658240 -0.011485 0.658265 0.752256 0.028258 0.009961 0.028830 -0.999535
-5.639435 -155.293122 673.108337 13234.802385 -0.734089 0.677416 0.047130 0.609612 0.688005 -0.393730 -0.299144 -0.260302 -0.918017
-5.349998 -133.491912 204.840098 12926.714345 -0.736820 0.674903 0.040021 0.668722 0.736228 -0.103822 -0.099534 -0.049735 -0.993790
-9.670806 -24.717647 5012.307094 3059.634547 0.124142 0.992065 0.019877 -0.778341 0.084934 0.622071 -0.615447 0.092696 -0.782709
-13.706246 -21.804115 1779.888391 2259.933704 -0.615616 -0.648437 0.447824 -0.466869 0.757910 0.455637 -0.634863 0.071422 -0.769317
-5.384622 -20.372333 4390.447547 1741.556362 0.289345 0.951104 -0.108078 -0.703452 0.287849 0.649844 -0.649180 0.112002 -0.752344
5.455098 -26.091349 4820.150759 2762.789842 0.086808 0.994581 0.057217 -0.759507 0.028905 0.649856 -0.644681 0.099869 -0.757900
0.455564 -33.822082 5235.178694 2813.931934 -0.032175 0.987470 0.154492 -0.823775 -0.113733 0.555392 -0.566004 0.109397 -0.817112
-9.526220 -90.067874 -1591.463644 2387.856845 -0.516456 0.851760 -0.088195 0.826298 0.468673 -0.312373 -0.224732 -0.234202 -0.945857
-7.615106 -94.561827 -649.361076 -3676.318612 -0.539704 0.840293 -0.051256 -0.755726 -0.456761 0.469306 -0.370943 -0.292022 -0.881547
-8.177809 -89.494655 584.005209 -2642.075320 -0.512632 0.856819 -0.055411 -0.830949 -0.478834 0.283270 -0.216178 -0.191257 -0.957438
-9.896049 -101.721480 -3171.047241 -4018.137314 -0.541742 0.835902 -0.088221 -0.757882 -0.440377 0.481334 -0.363498 -0.327620 -0.872086
7.235660 -35.445415 4094.052685 4476.143973 -0.257349 0.944276 0.205219 -0.130171 -0.244312 0.960920 -0.957511 -0.220578 -0.185791
7.336409 -31.770814 986.557681 4409.731417 -0.335263 0.873122 0.353915 -0.074818 -0.399145 0.913830 -0.939149 -0.279895 -0.199144
1.390111 -38.252926 2184.394459 1307.976287 -0.258575 0.953978 0.151870 -0.281677 -0.224846 0.932793 -0.924011 -0.198419 -0.326854
23.920093 -204.298012 2015.705733 47301.318465 -0.671078 0.738683 -0.063261 -0.575735 -0.572995 -0.583272 0.467101 0.355000 -0.809810
26.531724 -348.035764 3090.534057 93686.511686 -0.678296 0.725561 -0.116087 -0.346306 -0.455006 -0.820391 0.648064 0.516266 -0.559895
24.014053 -179.305426 1385.101476 40625.778083 -0.665344 0.741072 -0.090165 -0.478484 -0.516030 -0.710469 0.573036 0.429563 -0.697929
20.728902 -131.263016 1012.692770 19374.798540 -0.669603 0.742629 -0.011535 -0.589939 -0.541235 -0.599197 0.451225 0.394419 -0.800518
24.955361 -122.099284 3271.424288 4728.469853 -0.670160 0.742049 -0.015776 -0.665302 -0.609999 -0.430434 0.329027 0.277964 -0.902484
13.429465 -96.273907 2395.130257 13872.352651 0.514394 -0.846283 0.138582 0.856952 0.513330 -0.046096 -0.032128 0.142469 0.989278
19.788994 -91.328482 1751.207928 15691.149376 0.553167 -0.814338 0.175670 0.832965 0.537299 -0.132211 0.013277 0.219462 0.975531
27.436385 -76.113480 5777.462697 632.623884 0.501775 -0.858364 0.106924 0.860279 0.482315 -0.165208 0.090237 0.174881 0.980446
13.036269 -82.596590 4505.198319 5858.123828 0.500218 -0.862886 0.072174 0.865044 0.494280 -0.085942 0.038484 0.105423 0.993683
9.962636 -103.502957 -1618.875026 16278.520473 -0.489773 0.864493 -0.113024 0.862258 0.499474 0.083886 -0.128972 0.056371 0.990045
3.654437 -276.556885 136.998506 -43021.530527 0.726962 -0.681912 0.080759 -0.168906 -0.063579 0.983579 0.665580 0.728666 0.161399
4.883589 -275.482224 -2422.009896 -43296.109537 0.736426 -0.672776 0.071050 -0.168779 -0.081007 0.982319 0.655126 0.735398 0.173207
4.425968 -320.374398 -572.721087 -37879.489473 0.705861 -0.698714 0.116443 -0.458198 -0.325013 0.827297 0.540198 0.637311 0.549564
1.295988 -50.333206 4657.690605 -194.702782 -0.327030 0.898121 0.293991 -0.808626 -0.426942 0.404777 -0.489056 0.105355 -0.865866
-8.615676 -51.595239 2051.572658 632.847387 -0.309411 0.922918 0.229103 -0.835414 -0.378907 0.398136 -0.454256 0.068209 -0.888256
-6.185501 -48.934282 2935.015731 1170.537937 -0.316694 0.916733 0.243529 -0.768025 -0.398500 0.501334 -0.556635 0.028267 -0.830276
-6.408832 -45.778783 2809.105962 1310.502877 -0.310217 0.919383 0.241869 -0.695730 -0.392940 0.601297 -0.647862 -0.018257 -0.761539
1.869072 -46.828248 5601.143831 3175.788024 -0.319607 0.899466 0.298015 -0.708000 -0.435716 0.555776 -0.629752 0.033365 -0.776080
0.549171 -48.469237 5728.504890 1520.313871 -0.315021 0.901493 0.296768 -0.763468 -0.426458 0.485026 -0.563806 0.073780 -0.822605
-19.278989 -33.926524 369.330333 767.127941 -0.516402 0.855232 0.043671 -0.470808 -0.240944 -0.848697 0.715311 0.458829 -0.527074
-20.235310 -34.479012 728.455989 243.429358 -0.563053 0.826416 -0.002695 -0.373443 -0.257340 -0.891244 0.737232 0.500812 -0.453516
-22.401279 -34.239848 756.809484 1027.947978 -0.435980 0.887496 0.149242 -0.488865 -0.094317 -0.867246 0.755601 0.451061 -0.474986
-18.824728 -33.299703 -309.628615 40.004946 -0.338288 0.911620 0.233475 -0.605875 -0.021152 -0.795279 0.720053 0.410490 -0.559483
2.202040 -47.771848 1511.078128 513.723408 -0.441951 0.873526 -0.204039 -0.006238 -0.230445 -0.973065 0.897017 0.428775 -0.107295
4.970573 -50.318284 1617.303584 -360.483414 -0.440869 0.871175 -0.216074 -0.084222 -0.279821 -0.956351 0.893611 0.403428 -0.196737
7.328077 -49.466479 1064.212004 730.252784 -0.411490 0.872675 -0.262895 -0.024562 -0.298961 -0.953949 0.911083 0.386083 -0.144454
8.970912 -48.938557 513.939891 -274.629494 -0.402347 0.874500 -0.270862 -0.103927 -0.337583 -0.935541 0.909569 0.348262 -0.226710
12.427131 -49.704005 423.323541 -1043.964223 -0.363169 0.890971 -0.272543 -0.028670 -0.303062 -0.952539 0.931282 0.338119 -0.135607
12.332462 -48.383204 2531.915103 -48.231611 -0.401738 0.870241 -0.285109 0.057545 -0.286732 -0.956281 0.913945 0.400581 -0.065113
-9.347348 -35.131373 -2771.870932 1588.463178 -0.334599 0.942349 0.004631 -0.652791 -0.235324 0.720060 -0.679637 -0.237908 -0.693897
-10.679418 -36.044588 -1353.554674 1605.855034 -0.288507 0.957402 -0.012042 -0.634100 -0.181628 0.751617 -0.717413 -0.224483 -0.659489
-13.102799 -40.807975 -181.741201 3213.301717 -0.345995 0.934848 0.079669 -0.635957 -0.296107 0.712657 -0.689816 -0.195910 -0.696974
-11.183592 -40.177208 -2163.132701 2201.268177 -0.417802 0.901833 0.110175 -0.658840 -0.384240 0.646753 -0.625597 -0.197627 -0.754700
-10.537575 -38.373791 -4266.710822 1064.449449 -0.437288 0.897192 0.061857 -0.699008 -0.382358 0.604310 -0.565833 -0.221019 -0.794344
-8.978718 -34.247123 -2001.457650 455.068841 -0.332672 0.942941 -0.013846 -0.684939 -0.231504 0.690843 -0.648219 -0.239308 -0.722872
24.131917 -240.077182 -8278.233065 24123.864171 -0.398587 0.888871 -0.225915 0.880227 0.301588 -0.366395 -0.257544 -0.344897 -0.902617
47.766822 -357.648925 -8765.892190 -72449.253455 -0.304895 0.940281 -0.151362 -0.871017 -0.211023 0.443621 -0.385187 -0.267097 -0.883340
45.467192 -264.778156 -12318.886497 7057.262272 -0.388184 0.904868 -0.174720 -0.673585 -0.149188 0.723896 -0.628964 -0.398693 -0.667418
23.614636 -252.135279 -9555.667065 19833.564434 -0.437735 0.872009 -0.219062 -0.662270 -0.147927 0.734518 -0.608101 -0.466603 -0.642258
-11.149220 -61.387594 905.719182 3079.035719 0.570911 0.420182 0.705342 0.764990 0.039665 -0.642819 -0.298079 0.906572 -0.298790
-10.884050 -131.729768 615.011046 -35255.273052 0.752727 0.433729 0.495258 -0.562617 0.033173 0.826052 -0.341854 0.900432 -0.268994
-3.118289 -69.018673 686.093295 3929.281792 0.506472 0.403302 0.762124 0.833338 -0.001961 -0.552760 -0.221435 0.915065 -0.337081
-4.574424 -76.350159 168.537715 -10636.004612 -0.640966 0.762017 -0.092156 -0.498384 -0.321858 0.804998 -0.583761 -0.561905 -0.586077
-3.716696 -72.810078 265.940047 -10090.473769 -0.617154 0.778971 -0.111019 -0.534871 -0.311843 0.785282 -0.577091 -0.544021 -0.609104
-3.300529 -69.544352 384.232971 -4739.372629 -0.616632 0.779110 -0.112927 -0.564135 -0.337249 0.753668 -0.549106 -0.528441 -0.647481
-49.006545 -75.672684 -46.838921 3197.436761 0.255988 0.958986 -0.121719 0.874587 -0.283394 -0.393429 0.411787 0.005741 0.911262
-42.324036 -65.436384 -810.563737 6311.777693 0.425178 0.845362 -0.323399 0.707877 -0.533236 -0.463217 0.564034 0.031977 0.825132
-36.010034 -56.128059 -231.100280 5306.247898 0.490333 0.797492 -0.351538 0.599113 -0.601370 -0.528599 0.632959 -0.048578 0.772660
-19.631402 -87.671155 12802.889863 -9780.892740 0.470582 0.882355 -0.001416 0.816080 -0.435844 -0.379543 0.335509 -0.177451 0.925173
-33.687295 -96.857129 -1963.422545 10916.424113 0.508354 0.846959 0.155681 0.678785 -0.282850 -0.677677 0.529930 -0.450174 0.718691
-28.156112 -96.473988 4578.488229 6367.941702 0.451810 0.889245 0.071490 0.715872 -0.313567 -0.623861 0.532349 -0.333044 0.778259
4.806654 -12.712337 2223.564060 -307.938907 0.155145 0.986628 -0.049946 0.583132 -0.050651 0.810797 -0.797425 0.154916 0.583193
2.226376 -14.016433 -3.924796 -2081.558816 0.322423 0.924829 0.201827 0.541580 -0.355097 0.761969 -0.776360 0.136371 0.615361
5.207891 -8.610695 2225.611920 496.019887 0.064217 0.987126 -0.146486 0.608422 0.077624 0.789809 -0.791012 0.139844 0.595604
1.875864 -18.075231 594.843028 -1687.931409 0.295637 0.942523 0.155720 0.549370 -0.301095 0.779445 -0.781532 0.144885 0.606808
10.009403 -11.462289 2085.528083 729.807051 -0.039756 0.967596 -0.249355 0.594458 0.223489 0.772446 -0.803143 0.117522 0.584080
8.487367 -13.060407 3110.623129 -110.861490 0.061776 0.981321 -0.182189 0.570132 0.115131 0.813446 -0.819227 0.154124 0.552370
17.219510 -46.587905 6151.264031 -538.621323 -0.040646 0.957709 -0.284854 0.943945 -0.056664 -0.325202 0.327590 0.282105 0.901722
10.695032 -42.799325 6839.574977 1428.891323 -0.054758 0.959795 -0.275311 0.891785 -0.077013 -0.445856 0.449133 0.269932 0.851714
-1.079100 -44.487074 8491.589046 1079.247454 -0.345724 0.276551 -0.896657 0.145782 0.959809 0.239820 0.926943 -0.047805 -0.372145
-16.808634 -45.399995 5113.761702 1828.463163 -0.263943 0.377172 -0.887736 0.199879 0.921784 0.332209 0.943601 -0.089756 -0.318687
3.746962 -47.690577 10557.274221 874.047939 -0.366069 0.281748 -0.886911 0.261896 0.945736 0.192338 0.892975 -0.161870 -0.419993
19.501547 -47.376814 11959.495538 986.608327 -0.398046 0.190600 -0.897347 0.184576 0.974814 0.125180 0.898605 -0.115801 -0.423200
25.413572 -50.615515 17892.606859 663.386600 -0.421478 0.263834 -0.867610 0.354223 0.928632 0.110311 0.834795 -0.260834 -0.484854
36.235780 -51.165286 12363.521591 -297.513112 -0.383783 0.162041 -0.909095 0.281863 0.958056 0.051776 0.879354 -0.236370 -0.413359
4.103690 -41.664173 -1244.050286 995.397090 0.396380 0.786110 -0.474251 -0.551682 0.616848 0.561378 -0.733846 -0.039116 -0.678189
2.339563 -44.169021 -929.517135 -401.201198 0.392852 0.797872 -0.457239 -0.609666 0.598211 0.520049 -0.688458 -0.074461 -0.721444
4.022326 -42.133860 1155.437283 1187.230882 0.435010 0.782069 -0.446244 -0.567082 0.622913 0.538886 -0.699417 -0.018637 -0.714471
1.245638 -85.200011 2107.239463 2549.676541 0.001808 0.944471 0.328591 -0.821813 0.188620 -0.537630 0.569754 0.269069 -0.776519
-3.584736 -81.376741 2042.504484 -125.839264 0.028379 0.927760 0.372097 -0.874484 0.203366 -0.440363 0.484223 0.312896 -0.817083
5.206893 -81.632834 3135.875367 -291.780634 -0.004297 0.938877 0.344225 -0.922318 0.129293 -0.364161 0.386409 0.319049 -0.865388
-3.014409 -51.810745 2000.260949 -1496.862046 0.251257 0.946129 -0.204229 -0.477341 0.304676 0.824208 -0.842030 0.109601 -0.528178
-5.077835 -51.528526 3273.256724 -5813.684277 0.278630 0.926911 -0.251400 -0.384754 0.347574 0.855077 -0.879960 0.141523 -0.453477
-10.008950 -47.842975 431.088916 -1418.058311 0.192261 0.963901 -0.184201 -0.352712 0.243033 0.903620 -0.915767 0.108761 -0.386706
26.599040 -23.272580 -7184.566088 753.471848 0.016999 0.905035 0.424997 -0.219648 0.418056 -0.881467 0.975431 0.078366 -0.205896
34.922760 -26.391641 -6444.910421 1236.370131 -0.015517 0.907983 0.418719 -0.199038 0.407583 -0.891213 0.979869 0.097170 -0.174399
8.914611 -33.481888 -3751.483121 -2663.180205 0.598819 -0.255019 0.759198 -0.508658 0.611107 0.606478 0.618614 0.749342 -0.236225
10.444939 -27.195371 -4095.267287 -3180.271573 0.639191 -0.269982 0.720100 -0.424416 0.657015 0.623059 0.641331 0.703876 -0.305373
16.088464 -27.470379 -1640.790556 -3108.365390 0.533708 -0.229470 0.813940 -0.503803 0.686763 0.523964 0.679218 0.689710 -0.250924
11.707715 -32.728241 -1358.110394 1728.627297 0.514428 -0.229031 0.826383 0.575293 -0.622464 -0.530638 0.635926 0.748387 -0.188453
6.435354 -35.336802 -3496.730702 -896.666876 0.585836 -0.244954 0.772524 -0.571255 0.551338 0.608025 0.574860 0.797511 -0.183062
2.054868 -111.254174 775.769488 4348.460853 0.308555 -0.135721 0.941474 0.669367 -0.672243 -0.316285 0.675826 0.727783 -0.116576
3.209350 -116.254910 240.212120 3685.757887 0.321263 -0.144315 0.935929 0.796756 -0.492976 -0.349505 0.511830 0.857990 -0.043391
2.574941 -128.250464 708.729955 6948.850630 0.330032 -0.143458 0.933005 0.794457 -0.491595 -0.356611 0.509820 0.858926 -0.048271
1.697074 -126.072726 879.850940 6762.710625 0.341512 -0.154408 0.927107 0.867765 -0.327120 -0.374134 0.361044 0.932283 0.022275
2.920658 -122.005212 200.495622 5596.777648 0.335399 -0.158139 0.928709 0.876032 -0.310252 -0.369204 0.346519 0.937409 0.034477
-17.183335 -106.266965 -2198.936456 -6950.582447 0.219107 0.932844 -0.285996 0.257621 0.227405 0.939105 -0.941076 0.279443 0.190494
-11.041203 -170.668096 -143.041018 -22794.972201 -0.449788 -0.003061 -0.893130 -0.575295 0.765904 0.287099 0.683174 0.642947 -0.346255
-11.115383 -167.315743 20.512529 -25486.930417 -0.440890 -0.032036 -0.896989 -0.561759 0.789277 0.247928 0.700031 0.613201 -0.365980
6.353927 -99.039652 -1512.189732 -121.303389 -0.251497 -0.011523 -0.967790 -0.215909 0.975399 0.044494 0.943469 0.220144 -0.247798
2.403751 -114.610517 -2366.802690 8998.812861 -0.230724 0.004455 -0.973009 -0.034527 0.999322 0.012762 0.972406 0.036539 -0.230414
1.710300 -100.845668 -1725.685606 1524.630385 -0.241872 0.016946 -0.970160 -0.214736 0.974121 0.070551 0.946249 0.225393 -0.231973
-1.166545 -107.338098 -667.356935 5983.083790 -0.260153 0.028976 -0.965133 -0.088508 0.994626 0.053720 0.961502 0.099398 -0.256190
-0.108079 -98.587687 -703.537303 -534.786408 -0.262014 0.042813 -0.964114 -0.266983 0.956810 0.115045 0.927399 0.287545 -0.239268
-4.364896 -40.185672 4185.839553 3766.743135 0.293165 -0.715459 -0.634171 0.739852 -0.250347 0.624455 -0.605535 -0.652262 0.455941
3.864343 -28.551640 2666.006547 5283.823888 0.379881 -0.748660 -0.543322 0.749491 -0.095150 0.655141 -0.542175 -0.656090 0.524968
5.506939 -17.330529 -2960.512216 7864.219047 0.529753 -0.794040 -0.298098 0.646303 0.150327 0.748127 -0.549230 -0.588984 0.592827
14.816040 -7.052557 2090.820399 -4616.589972 0.676676 -0.717050 -0.167180 -0.539597 -0.328476 -0.775202 -0.500944 -0.614770 0.609190
4.739638 -17.899720 4869.164703 6359.115895 0.399805 -0.719816 -0.567468 0.788254 -0.045941 0.613633 -0.467773 -0.692643 0.549031
-6.869255 -32.852069 5068.322439 5670.522556 0.172484 -0.672553 -0.719668 0.835765 -0.286736 0.468273 -0.521293 -0.682243 0.512639
-6.801981 -39.433141 4430.294486 4412.524160 0.178499 -0.668279 -0.722178 0.792437 -0.337435 0.508115 -0.583251 -0.662978 0.469337
-3.714158 -171.688061 3340.839067 9340.004251 0.617161 -0.181085 0.765715 0.779273 0.275280 -0.562987 -0.108837 0.944155 0.311007
-24.299435 -141.407854 7830.851535 6496.124776 0.637531 -0.162651 0.753060 0.769813 0.173439 -0.614253 -0.030701 0.971321 0.235783
-3.506484 -228.538148 37693.168355 -57147.595326 0.859146 0.000891 0.511730 -0.458369 -0.443271 0.770330 -0.227522 0.896387 0.380426
-4.715919 -106.218641 -221.850945 9689.570911 -0.321104 0.091119 -0.942650 0.339218 0.940385 -0.024651 0.884208 -0.327679 -0.332871
-3.491159 -102.824731 894.767127 9834.012318 -0.339761 0.100160 -0.935163 0.313898 0.949376 -0.012363 0.886584 -0.297747 -0.354001
-4.889589 -84.873824 473.886519 6802.154401 -0.331957 0.130973 -0.934158 0.130797 0.987139 0.091922 0.934182 -0.091671 -0.344819
-16.937402 -56.937902 1280.355774 -509.749482 0.563597 0.156582 0.811074 0.037984 0.975919 -0.214801 -0.825176 0.151869 0.544077
-15.070731 -68.275345 3386.646805 -5908.285964 0.564386 -0.054463 0.823712 0.240205 0.965480 -0.100745 -0.789791 0.254719 0.557986
-21.097535 -64.642603 2881.120782 -5615.810690 0.552018 0.021204 0.833563 0.212915 0.962953 -0.165497 -0.806191 0.268835 0.527052
-3.135831 -11.485991 824.103813 1767.681682 -0.647544 0.762003 0.006232 -0.059764 -0.042631 -0.997302 0.759681 0.646169 -0.073146
-4.928283 -15.899874 1083.981598 2188.927018 -0.644683 0.763991 0.026484 -0.054971 -0.011777 -0.998418 0.762471 0.645119 -0.049590
-9.672370 -94.810560 -2802.100883 3144.823134 0.307079 0.951473 0.020052 -0.785397 0.265266 -0.559272 0.537451 -0.155992 -0.828742
-4.648613 -99.090029 -1381.323758 3564.661334 0.313144 0.949096 0.034017 -0.712145 0.258360 -0.652764 0.628324 -0.180184 -0.756798
-5.243652 -103.893012 -649.247082 1109.009899 0.329365 0.942500 0.056685 -0.532173 0.234893 -0.813399 0.779943 -0.237739 -0.578938
2.969711 -179.606642 758.916653 4677.759460 0.186922 0.980369 0.062740 -0.875187 0.137178 0.463929 -0.446216 0.141628 -0.883648
0.460272 -194.518568 562.425653 -3611.191049 0.228728 0.971138 0.067631 -0.968750 0.220216 0.114144 -0.095956 0.091625 -0.991160
1.594276 -184.000833 1757.074205 13397.576649 0.186864 0.979262 0.078283 -0.836152 0.116712 0.535937 -0.515686 0.165604 -0.840621
16.797426 -380.633090 -437.075396 -103205.678776 0.249932 0.954893 0.160351 -0.311852 0.236168 -0.920311 0.916669 -0.180010 -0.356812
14.815828 -355.976543 935.463310 -86140.451406 0.221092 0.955688 0.194366 -0.372155 0.266893 -0.888971 0.901454 -0.124210 -0.414672
23.928031 -853.658772 -2955.623677 -276441.254042 0.272058 0.945444 0.179219 -0.532652 0.303067 -0.790210 0.801415 -0.119522 -0.586045
-83.422499 -317.959400 -13281.253802 75271.953897 0.333182 -0.276958 -0.901268 0.667589 -0.605719 0.432932 -0.665819 -0.745921 -0.016921
-83.624959 -300.118588 20176.303375 64730.152283 -0.245048 0.221243 0.943930 -0.171450 0.948380 -0.266795 -0.954231 -0.227214 -0.194467
-12.776594 -46.099526 921.729982 -2674.371307 -0.597445 -0.771179 0.219870 0.772373 -0.479657 0.416376 -0.215638 0.418584 0.882206
-42.795244 -65.503572 3194.178013 -12074.593259 -0.162911 0.966731 -0.197206 -0.260750 0.150584 0.953590 -0.951562 -0.206772 -0.227543
-39.178914 -58.232992 2564.826186 -9374.505885 -0.071542 0.951404 -0.299519 -0.301036 0.265689 0.915853 -0.950925 -0.155688 -0.267399
-39.870783 -42.823823 -5203.332924 -12407.536015 -0.168478 -0.559766 0.811343 -0.417393 0.786185 0.455736 -0.892971 -0.261868 -0.366097
-34.129195 -45.143445 -21006.790905 2182.658071 -0.479904 0.346100 0.806168 -0.155457 0.870810 -0.466394 -0.863438 -0.349149 -0.364102
-46.143910 -63.891517 2746.317657 -21974.026157 -0.200570 0.872998 -0.444573 -0.402789 0.340183 0.849728 -0.893047 -0.349499 -0.283404
-34.556159 -54.464366 6777.454161 -3575.036948 0.252678 0.954382 -0.159089 -0.507704 0.270753 0.817881 -0.823644 0.125890 -0.552957
-28.506315 -43.062858 5095.521624 -1690.448115 0.417369 0.846828 -0.329674 -0.513498 0.519087 0.683278 -0.749748 0.115892 -0.651495
