14881
29754
-40.272749 -62.192918 658.573696 8621.989557 0.283349 0.958971 -0.009419 0.776993 -0.235315 -0.583874 0.562135 -0.158121 0.811789
-44.236779 -68.845703 1059.229841 5920.330547 0.334452 0.937199 -0.098998 0.810926 -0.339716 -0.476436 0.480146 -0.079065 0.873618
-43.846899 -74.599508 410.135374 7022.905085 0.141119 0.985190 0.097395 0.876116 -0.078471 -0.475671 0.460983 -0.152455 0.874215
-36.121754 -56.103223 486.905865 5507.425292 0.537670 0.788985 -0.297344 0.589439 -0.603892 -0.536541 0.602886 -0.113215 0.789753
-34.044545 -77.757356 -5406.089005 14990.900385 0.044559 0.965394 0.256960 0.842997 0.101688 -0.528220 0.536070 -0.240154 0.809293
-32.886447 -52.268079 -1314.305099 9103.214293 0.311768 0.949713 0.029084 0.715249 -0.214429 -0.665160 0.625475 -0.228178 0.746134
28.314658 -16.717667 6881.372569 7096.505705 0.860588 0.506251 -0.055670 -0.505614 0.862367 0.026023 0.061182 0.005752 0.998110
51.436466 -17.502947 2026.694862 -15465.061754 0.641867 0.756678 0.124282 0.755749 -0.651676 0.064518 -0.129811 -0.052514 0.990147
75.546362 -77.122411 37300.284370 46467.315115 0.566330 0.811774 -0.142452 0.790582 -0.583915 -0.184457 0.232917 0.008157 0.972462
34.930619 -132.718332 -9906.368711 -25599.361711 -0.221559 -0.590540 -0.775999 0.946692 0.060578 -0.316394 0.233852 -0.804732 0.545637
29.511322 -88.992015 -6602.206901 -19387.664331 -0.314034 -0.603004 -0.733327 0.947422 -0.149060 -0.283147 0.061429 -0.783688 0.618110
20.566632 -105.792294 -1954.030045 -19584.421702 -0.235647 -0.599230 -0.765110 0.945652 0.040144 -0.322693 0.224082 -0.799570 0.557203
39.118224 -144.446429 -10556.545980 -3194.067511 -0.171206 -0.559922 -0.810664 0.827021 0.365518 -0.427122 0.535467 -0.743562 0.400488
55.504612 -165.618666 -10371.976015 -28001.912126 -0.244161 -0.500926 -0.830336 0.930124 0.121250 -0.346651 0.274325 -0.856955 0.436319
20.406768 -126.199383 -4288.165272 -10839.975715 -0.161003 -0.591687 -0.789927 0.873347 0.287398 -0.393278 0.459721 -0.753199 0.470476
23.013773 -54.144822 -918.728288 4041.914089 -0.000566 -0.981201 0.192990 0.998171 -0.012222 -0.059211 0.060456 0.192603 0.979413
24.896981 -55.734574 2963.459976 2212.725542 0.091203 -0.991454 0.093275 0.995362 0.087879 -0.039145 0.030613 0.096412 0.994871
28.994797 -54.692678 -795.939636 2594.464104 0.007114 -0.984496 0.175263 0.996820 0.020894 0.076901 -0.079370 0.174159 0.981514
20.735254 -51.311375 -4136.078400 3134.524891 -0.110709 -0.948505 0.296784 0.993156 -0.094399 0.068781 -0.037223 0.302368 0.952464
17.023728 -51.668699 -3969.742185 1242.426593 -0.068881 -0.954985 0.288547 0.994761 -0.087646 -0.052613 0.075535 0.283411 0.956019
-0.839727 -46.954901 -2155.762703 -1806.587670 0.631839 0.737116 -0.239664 -0.392072 0.037215 -0.919181 0.668625 -0.674740 -0.312517
-1.191431 -51.878949 -1379.705071 -3244.436327 0.608926 0.748019 -0.263965 -0.463742 0.065725 -0.883529 0.643547 -0.660415 -0.386910
-2.074262 -50.335402 -1093.611199 -980.575375 0.617254 0.751629 -0.232488 -0.474883 0.120331 -0.871784 0.627283 -0.648517 -0.431211
3.147475 -38.647167 -1007.610231 652.330794 0.625989 0.760317 -0.173366 -0.024246 -0.203228 -0.978831 0.779455 -0.616941 0.108784
3.029775 -36.589784 -1569.272914 206.630669 0.630901 0.748163 -0.205466 -0.097351 -0.186395 -0.977640 0.769731 -0.636797 0.044762
1.404526 -39.062559 -976.180519 1042.845233 0.623933 0.761585 -0.175200 -0.004107 -0.220992 -0.975267 0.781467 -0.609221 0.134757
1.223110 -42.131310 -324.454881 2379.940232 0.616680 0.770666 -0.160563 0.082800 -0.266332 -0.960318 0.782848 -0.578914 0.228053
2.194710 -41.523284 -811.194052 2823.858148 0.621223 0.764770 -0.170906 0.025821 -0.237952 -0.970934 0.783209 -0.598753 0.167568
-0.077713 -54.851918 871.427389 454.454821 0.355334 0.876841 -0.323865 -0.748491 0.474448 0.463314 -0.559909 -0.077779 -0.824895
0.705766 -58.457960 -105.990919 1495.301106 0.358106 0.872879 -0.331425 -0.773871 0.476083 0.417695 -0.522383 -0.106901 -0.845984
-0.577799 -55.639076 364.540771 126.531091 0.319937 0.897426 -0.303755 -0.724576 0.438330 0.531843 -0.610434 -0.049937 -0.790491
-7.607512 -91.274944 474.632630 6431.380262 -0.135227 -0.970381 -0.200185 0.976362 -0.096124 -0.193591 0.168614 -0.221631 0.960442
-6.054691 -103.227916 470.029915 2602.291523 -0.134283 -0.970265 -0.201383 0.987333 -0.148333 0.056312 -0.084509 -0.191270 0.977893
-7.328940 -92.113835 310.674204 4469.928173 -0.156932 -0.965290 -0.208775 0.978978 -0.124159 -0.161821 0.130283 -0.229781 0.964483
-6.304622 -98.178803 -374.545255 2312.452843 -0.122935 -0.977961 -0.168757 0.992360 -0.119349 -0.031273 0.010443 -0.171312 0.985162
-8.496893 -82.742954 -555.006317 5893.190793 0.137083 0.968054 0.209950 0.933564 -0.055402 -0.354103 0.331160 -0.244544 0.911335
-8.761735 -84.748128 261.032172 7615.758254 0.117793 0.975778 0.184343 0.927856 -0.042001 -0.370567 0.353849 -0.214693 0.910328
-7.408245 -90.007798 505.724149 7438.374961 0.108409 0.980997 0.160912 0.957202 -0.059314 -0.283277 0.268349 -0.184735 0.945443
-21.288440 -38.439916 4268.248669 476.117949 0.572720 0.618340 -0.538189 0.110984 0.591995 0.798264 -0.812204 0.516912 -0.270421
-27.132805 -39.529785 1495.005700 547.089641 -0.545416 -0.590749 0.594590 0.042466 0.689007 0.723510 -0.837089 0.419864 -0.350708
-29.309218 -38.838660 4410.752289 1725.721870 -0.497661 -0.618061 0.608550 0.096965 0.657562 0.747135 -0.861934 0.430828 -0.267313
-28.778390 -39.301581 -4351.394017 561.437422 0.501151 0.702874 -0.504793 0.089129 0.538306 0.838023 -0.860758 0.464968 -0.207127
-28.955590 -41.489012 -1496.924662 -2284.265948 0.543843 0.704635 -0.455768 0.099396 0.485197 0.868737 -0.833280 0.517758 -0.193833
-11.552442 -42.253771 2355.499481 -5201.303525 -0.295914 -0.248953 -0.922202 -0.322557 0.934774 -0.148845 0.899106 0.253418 -0.356914
-15.005992 -34.338442 2838.577437 -4901.288852 -0.306455 -0.236746 -0.921974 -0.246045 0.955363 -0.163536 0.919536 0.176731 -0.351026
-7.972255 -33.853770 2771.463885 -5919.857967 -0.339225 -0.222894 -0.913917 -0.233090 0.961143 -0.147895 0.911370 0.162856 -0.377998
-3.298089 -45.710331 2875.314448 -7909.626272 -0.359979 -0.181109 -0.915213 -0.275507 0.957865 -0.081185 0.891353 0.222922 -0.394709
135.289717 -30.568359 66097.872701 -1085.973870 0.871711 -0.221960 0.436869 0.211657 -0.633526 -0.744208 -0.441952 -0.741201 0.505272
-10.183828 -30.587433 19472.699499 2993.239947 0.816036 -0.222411 0.533497 0.323299 -0.589478 -0.740266 -0.479128 -0.776563 0.409130
299.355331 -37.368535 133379.219997 3347.174523 0.849424 -0.106280 0.516898 0.368680 -0.581296 -0.725376 -0.377564 -0.806722 0.454583
390.754939 -43.484157 134329.983175 -1801.987557 0.856833 -0.237438 0.457669 0.237289 -0.606464 -0.758878 -0.457746 -0.758831 0.463296
4811.592910 -538.172545 1660355.920703 32108.843054 0.817515 -0.160198 0.553178 0.298535 -0.703523 -0.644928 -0.492489 -0.692381 0.527316
4.082890 -89.360069 -339.522966 -9032.362171 0.425959 -0.132056 0.895053 -0.358579 0.883634 0.301020 -0.830650 -0.449169 0.329039
5.678218 -106.098813 -549.687836 -8612.063433 0.427390 -0.134427 0.894017 -0.198524 0.950793 0.237869 -0.882001 -0.279147 0.379673
4.999823 -91.067365 -255.624202 -10052.668314 0.447823 -0.141689 0.882824 -0.386354 0.859764 0.333971 -0.806341 -0.490642 0.330280
2.403713 -75.885496 -260.806835 -7012.888021 0.427420 -0.136675 0.893662 -0.483756 0.800504 0.353798 -0.763736 -0.583535 0.276034
2.883045 -74.163205 -499.857307 -5210.582277 0.436874 -0.151575 0.886660 -0.528507 0.754371 0.389365 -0.727889 -0.638709 0.249457
0.619411 -86.335815 -189.351803 2528.174491 0.121236 0.982423 0.141937 0.287247 -0.171597 0.942361 -0.950153 0.073477 0.303002
1.103885 -89.474725 -474.324091 3066.777803 0.109891 0.985142 0.131983 0.264857 -0.157010 0.951419 -0.958006 0.069596 0.278175
0.793217 -93.946948 -175.217644 -7044.910503 0.135718 0.970702 0.198291 0.385300 -0.236100 0.892076 -0.912756 0.044669 0.406055
-6.086863 -91.869020 1219.092039 -509.289509 0.137072 0.948450 0.285751 -0.902479 0.000656 0.430734 -0.408342 0.316926 -0.856046
-7.536784 -89.745179 1312.640364 -809.711036 0.115831 0.947367 0.298461 0.961288 -0.031286 -0.273763 -0.250016 0.318617 -0.914317
-9.617727 -92.231171 359.547069 -439.493553 0.156188 0.954851 0.252714 -0.941124 0.066202 0.331516 -0.299818 0.289614 -0.908973
-11.182767 -89.307592 867.434695 606.852484 0.129684 0.950817 0.281301 0.988330 -0.101089 -0.113947 -0.079906 0.292795 -0.952831
-6.892208 -94.369176 619.424820 -773.101797 0.163070 0.951978 0.259126 -0.860395 0.008683 0.509553 -0.482833 0.306044 -0.820493
-8.250140 -96.246715 -53.118193 -1165.441328 0.176806 0.959096 0.221078 -0.851898 0.036622 0.522426 -0.492961 0.280704 -0.823526
-11.877755 -88.643937 -202.242323 1100.834643 0.163787 0.959165 0.230600 0.979644 -0.130640 -0.152417 -0.116068 0.250870 -0.961037
-10.493081 -92.195387 -1.212297 -2332.913652 0.188433 0.958926 0.212024 -0.934895 0.109030 0.337762 -0.300772 0.261866 -0.917040
15.889785 -145.435232 5975.546407 -22131.224074 0.581101 -0.051838 0.812179 0.687587 0.565147 -0.455886 -0.435369 0.823360 0.364050
15.811645 -184.593337 4734.176739 -26638.733047 0.528094 -0.070143 0.846284 0.820304 0.299840 -0.487030 -0.219588 0.951407 0.215882
7.908233 -143.767220 4595.874973 -15860.159077 0.551117 -0.094713 0.829035 0.730094 0.535794 -0.424133 -0.404021 0.839020 0.364435
-0.363078 -122.618556 3399.476668 -6605.320516 0.529416 -0.127996 0.838651 0.646212 0.701336 -0.300896 -0.549663 0.701245 0.454011
7.748812 -115.132617 5538.558280 -8666.816533 0.575979 -0.085351 0.812997 0.610666 0.706087 -0.358508 -0.543448 0.702962 0.458812
-0.855963 -138.250602 1416.485429 -7066.510711 0.510318 -0.106174 0.853406 0.757776 0.524735 -0.387850 -0.406633 0.844618 0.348238
-11.482603 -31.301749 3597.995612 479.435065 0.603457 -0.515864 -0.608049 0.736062 0.653645 0.175957 0.306678 -0.553744 0.774155
-16.370058 -34.873533 -332.048932 -2254.913526 0.883824 -0.181901 -0.431008 -0.357667 -0.856592 -0.371920 0.301545 -0.482869 0.822136
-10.633215 -35.254658 2144.801345 -473.329054 0.767196 -0.352214 -0.536055 -0.581619 -0.734366 -0.349893 0.270424 -0.580217 0.768258
-10.527089 -101.222051 -1520.494306 5648.770042 0.469742 -0.176015 0.865079 0.755557 -0.426663 -0.497083 0.456591 0.887117 -0.067433
-10.983601 -91.863282 -1345.370932 2980.066169 0.424022 -0.151354 0.892915 0.653121 -0.631920 -0.417264 0.627406 0.760111 -0.169095
-6.750527 -89.158245 -834.490858 4004.735059 0.437294 -0.166772 0.883720 0.689071 -0.569305 -0.448412 0.577888 0.805034 -0.134036
-12.656597 -95.059313 -1558.972684 3966.430253 0.433709 -0.177577 0.883381 0.701991 -0.548039 -0.454820 0.564893 0.817386 -0.113032
39.681569 -481.599474 24753.327824 -133736.391295 -0.529118 0.378842 -0.759284 0.848529 0.242286 -0.470422 0.005749 -0.893183 -0.449656
1.020934 -350.455964 7307.499139 -137021.046848 -0.605441 0.258211 -0.752840 0.755975 -0.109224 -0.645424 -0.248883 -0.959895 -0.129072
18.973804 -332.470924 24402.791831 -101508.415730 -0.479243 0.321900 -0.816521 0.826611 -0.147179 -0.543188 -0.295027 -0.935264 -0.195552
59.507725 -573.799998 22783.030065 -143749.339483 -0.474934 0.218896 -0.852363 0.841954 -0.168769 -0.512475 -0.256031 -0.961042 -0.104146
-8263.243378 -12456.657687 4844659.778185 7324330.708925 0.955312 -0.241684 -0.170199 -0.130304 0.172512 -0.976351 -0.265329 -0.954897 -0.133310
-838.296878 -3449.476373 293376.901231 2196908.002658 -0.410314 0.112404 -0.904990 0.593396 0.786459 -0.171359 0.692476 -0.607329 -0.389395
-42.712891 -43442.090525 203954.845951 -73222108.440073 0.874882 -0.257461 0.410238 0.159563 0.952941 0.257767 -0.457298 -0.160057 0.874792
53.212840 -41.068253 -7464.547961 -1134.270414 0.354780 -0.868814 -0.345388 0.934864 0.324656 0.143621 -0.012648 -0.373845 0.927405
40.497338 -43.716490 -5246.287843 -1488.638226 0.380536 -0.886483 -0.263326 0.924764 0.365439 0.106143 0.002135 -0.283905 0.958850
53.655408 -44.208839 -8137.828842 -973.862584 0.348878 -0.883124 -0.313650 0.933817 0.355861 0.036727 0.079182 -0.305705 0.948828
-11.904285 -29.354375 -989.280884 272.348682 -0.357995 0.923740 0.136175 0.495473 0.311550 -0.810828 0.791420 0.222801 0.569222
-11.224162 -29.786575 -1307.588222 131.171901 -0.351045 0.929586 0.112413 0.553216 0.302763 -0.776071 0.755460 0.210247 0.620545
-9.684076 -28.197906 -1045.732360 255.268457 -0.251984 0.967630 0.014033 0.579086 0.162388 -0.798930 0.775347 0.193192 0.601260
-12.692521 -28.804530 -349.175850 -563.691528 -0.350960 0.925257 0.143966 0.467025 0.306219 -0.829529 0.811612 0.223896 0.539589
-5.214038 -28.578480 -774.163127 376.310104 -0.179975 0.980645 -0.077099 0.666536 0.063934 -0.742726 0.723421 0.185061 0.665142
-6.590629 -27.641712 -233.861111 238.434526 -0.137056 0.982843 -0.123429 0.639383 -0.007394 -0.768853 0.756575 0.184294 0.627400
-9.715135 -27.067638 -616.043519 286.007303 -0.155031 0.983175 -0.096605 0.568220 0.008749 -0.822830 0.808141 0.182457 0.560016
-12.202744 -27.436168 -770.601979 -344.349281 -0.249985 0.967869 0.027168 0.515969 0.156904 -0.842115 0.819319 0.196498 0.538614
10.571464 -131.654488 -2447.502617 12206.967653 0.413954 0.889549 0.193249 0.479062 -0.032370 -0.877184 0.774042 -0.455692 0.439549
6.629969 -129.328662 -1965.422507 12878.969622 0.418039 0.886311 0.199241 0.484927 -0.032257 -0.873960 0.768173 -0.461966 0.443280
11.981870 -155.634915 -3506.416991 19040.119679 0.407781 0.886747 0.217702 0.623275 -0.096088 -0.776077 0.667265 -0.452158 0.591871
14.906761 -145.001606 -3260.156940 6896.530213 0.415387 0.895210 0.161409 0.442944 -0.044076 -0.895465 0.794515 -0.443460 0.414836
23.495103 -160.604374 -3508.271787 13206.470433 0.392716 0.908841 0.140651 0.613936 -0.145211 -0.775884 0.684731 -0.391053 0.614997
19.394054 -183.202210 -4459.492779 18540.518128 0.404502 0.890255 0.209341 0.791003 -0.225685 -0.568666 0.459012 -0.395616 0.795485
6.839340 -172.388235 -2824.751803 17936.369493 0.395037 0.884029 0.249877 0.801555 -0.198790 -0.563908 0.448838 -0.423055 0.787127
7.983621 -77.955592 -94.298885 2020.044159 0.104747 -0.441561 0.891096 0.770335 -0.530671 -0.353513 0.628977 0.723472 0.284564
-1.872324 -105.840748 -2230.212486 18032.354133 -0.083782 -0.358950 0.929589 0.844140 -0.521296 -0.125212 0.529536 0.774213 0.346679
0.388273 -75.762943 -1602.902586 -2985.563941 0.143942 -0.424598 0.893866 0.812844 -0.464456 -0.351518 0.564416 0.777172 0.278277
3.781143 -106.323732 -2546.613923 -14544.727617 0.072983 -0.330959 0.940818 0.719844 -0.635433 -0.279373 0.690289 0.697632 0.191863
24.786412 -863.118296 6534.647131 -252306.729869 -0.065477 -0.019464 -0.997664 0.996878 -0.045496 -0.064537 -0.044133 -0.998775 0.022382
10.167653 -229.860663 2891.327799 -77625.012667 -0.061541 -0.027230 -0.997733 0.949594 -0.309450 -0.050126 -0.307384 -0.950526 0.044901
13.400339 -215.147424 1147.007133 -49039.991687 -0.059807 -0.076143 -0.995302 0.942410 -0.333007 -0.031153 -0.329070 -0.939845 0.091674
20.327395 -520.643163 -1927.104876 -165507.694159 -0.039306 -0.097374 -0.994471 0.978027 -0.207671 -0.018321 -0.204739 -0.973340 0.103397
15.674410 -763.139670 -4959.276328 -271308.666982 0.110614 -0.059379 -0.992088 0.968636 0.229921 0.094238 0.222506 -0.971396 0.082949
-44.893379 -73.050815 -1401.018008 -12041.457341 0.468565 0.750831 0.465511 0.120198 -0.576219 0.808408 -0.875214 0.322838 0.360245
-50.563263 -75.708201 8.027240 -6646.493551 0.525804 0.706014 0.474419 0.247302 -0.660535 0.708897 -0.813862 0.255416 0.521911
-53.003826 -71.907487 1468.425982 -9139.237427 0.528239 0.778236 0.339576 0.237778 -0.519507 0.820716 -0.815123 0.352790 0.459471
-25.918321 -75.115989 -7738.665377 -5336.893825 0.366979 0.811058 0.455534 0.281985 -0.563652 0.776389 -0.886460 0.156465 0.435555
-24.826786 -70.441280 -6359.931607 -11958.014833 0.342751 0.851913 0.395936 0.089118 -0.449051 0.889051 -0.935190 0.269438 0.229833
-57.285861 -75.888253 741.404445 -6164.830804 0.603836 0.719024 0.344072 0.314640 -0.611601 0.725910 -0.732382 0.330072 0.595541
-54.850589 -75.004519 -373.390563 52.877404 0.605546 0.621408 0.497158 -0.337170 0.766211 -0.547025 -0.720854 0.163622 0.673496
-61.486742 -71.648466 1010.399546 -1297.189649 0.659996 0.651055 0.374877 -0.393806 0.724755 -0.565374 -0.639783 0.225516 0.734724
-55.169963 -72.388712 1408.020574 -737.762046 0.502378 0.864648 0.000603 0.638207 -0.371282 0.674420 -0.583360 0.338429 0.738348
-59.701045 -70.615315 1526.416899 1920.412229 0.417850 0.905477 0.074250 0.744856 -0.388226 0.542650 -0.520183 0.171441 0.836670
8.902749 -8.457915 -1968.378019 -583.311507 0.426669 0.673818 0.603260 -0.268915 0.731374 -0.626720 -0.863503 0.105176 0.493254
5.548030 -11.070509 -2423.864545 -1151.536846 0.398771 0.682129 0.612929 -0.271620 0.726234 -0.631511 -0.875902 0.085345 0.474881
8.869453 -9.667167 -1701.773843 511.973408 0.438036 0.610772 0.659607 -0.199834 0.781546 -0.590976 -0.876465 0.127057 0.464399
5.889355 -66.353809 -989.926215 -1134.109269 -0.370320 0.890453 -0.264493 -0.638984 -0.450861 -0.623237 0.674213 0.061791 -0.735948
6.285506 -63.992708 -661.664186 -1741.009147 -0.352108 0.901852 -0.250367 -0.536899 -0.413732 -0.735232 0.766655 0.124459 -0.629881
8.894763 -63.875409 -443.252602 -2034.247831 -0.384383 0.885291 -0.261742 -0.512643 -0.440483 -0.737002 0.767755 0.149111 -0.623152
9.485302 -64.182673 -761.214090 -1266.408934 -0.406615 0.872828 -0.269880 -0.536621 -0.467250 -0.702649 0.739393 0.140884 -0.658369
11.366053 -60.278232 345.822499 -2180.515100 -0.407295 0.873114 -0.267924 -0.404599 -0.435498 -0.804140 0.818786 0.219120 -0.530638
1.380531 -37.660090 -6.903414 504.660671 -0.542233 0.817441 -0.194353 0.814161 0.453993 -0.361984 -0.207666 -0.354514 -0.911699
1.178448 -38.436437 125.600319 446.818185 -0.561182 0.808287 -0.178177 0.805029 0.482988 -0.344457 -0.192363 -0.336741 -0.921739
0.033756 -44.776564 -57.388640 4193.871760 -0.576033 0.798901 -0.173042 0.778189 0.471156 -0.415251 -0.250215 -0.373857 -0.893097
2.082719 -36.317599 122.042690 -1083.800862 -0.528444 0.825824 -0.196880 0.839254 0.473176 -0.267874 -0.128058 -0.306789 -0.943123
2.223211 -77.948343 158.730461 -740.915109 -0.639847 0.756888 -0.133102 -0.450610 -0.229204 0.862796 -0.622532 -0.612034 -0.487717
1.109291 -71.249942 152.654541 3323.141389 0.638491 -0.757605 0.135514 0.562457 0.339143 -0.754072 -0.525330 -0.557689 -0.642660
1.275674 -81.953722 572.251139 -3310.694698 -0.624142 0.769370 -0.136074 -0.451052 -0.212604 0.866805 -0.637965 -0.602386 -0.479721
2.469671 -85.484033 185.589205 -3638.068193 -0.637583 0.760672 -0.121925 -0.348935 -0.144045 0.926011 -0.686828 -0.632952 -0.357265
3.973193 -80.071144 323.308778 -2087.541694 -0.644024 0.754848 -0.124251 -0.357874 -0.153727 0.921029 -0.676136 -0.637631 -0.369144
3.444771 -78.235165 296.058748 -54.559025 -0.654290 0.746753 -0.119439 -0.400594 -0.208279 0.892269 -0.641428 -0.631649 -0.435419
2.013161 -74.438621 -205.805598 1494.121425 0.657711 -0.742874 0.124719 0.531817 0.340685 -0.775309 -0.533467 -0.576257 -0.619145
-6.552563 -92.394748 -2048.502402 458.170786 -0.471824 0.871484 -0.133779 0.879105 0.453376 -0.147054 -0.067503 -0.186989 -0.980040
-9.362718 -85.246716 -1030.781626 -409.053038 -0.471969 0.875750 -0.101523 0.881520 0.467093 -0.068892 -0.012912 -0.122009 -0.992445
-7.700089 -89.270680 -1687.176806 -554.479325 -0.440010 0.888337 -0.131337 -0.885485 -0.453541 -0.101081 0.149361 -0.071820 -0.986171
-8.390561 -86.211840 -924.000694 -1168.165962 -0.480578 0.871496 -0.097673 0.863029 0.450238 -0.229055 -0.155644 -0.194374 -0.968501
-5.105914 -94.452518 -1016.984423 1247.930165 -0.447726 0.884141 -0.133551 0.893927 0.439096 -0.089944 -0.020881 -0.159655 -0.986952
-6.228667 -92.991569 -764.371271 1901.224082 -0.482233 0.870116 -0.101735 0.843896 0.430224 -0.320541 -0.235139 -0.240429 -0.941756
-4.597109 -99.479008 -945.295838 2661.550908 -0.485160 0.866108 -0.120316 0.845116 0.429113 -0.318811 -0.224496 -0.256355 -0.940151
-14.186273 -28.235274 -1233.261837 2913.942610 -0.500171 0.788427 -0.358067 -0.224849 -0.517576 -0.825565 0.836225 0.332413 -0.436153
-16.857068 -32.397917 -465.831966 1870.953756 -0.481318 0.867038 -0.128756 -0.344231 -0.322058 -0.881920 0.806125 0.380163 -0.453474
-12.046588 -36.679038 -1220.040324 3830.045695 -0.531351 0.771696 -0.349503 -0.157484 -0.495350 -0.854299 0.832385 0.398891 -0.384734
-9.647813 -35.948659 -1250.010448 4758.240887 -0.528070 0.668730 -0.523396 -0.063147 -0.645555 -0.761099 0.846850 0.368862 -0.383126
-9.144771 -34.385468 -1410.796707 3610.570126 -0.445265 0.890117 0.097109 0.162181 -0.026486 0.986405 -0.880589 -0.454961 0.132567
-7.491295 -28.514104 -1746.481027 2711.709155 -0.448683 0.884975 0.124509 0.222056 -0.024553 0.974725 -0.865665 -0.464990 0.185498
-11.141631 -24.638710 -212.357544 3579.613663 -0.430197 0.899752 0.073321 0.239359 0.035376 0.970286 -0.870424 -0.434965 0.230583
-4.314743 -35.842139 -2959.259531 2571.396420 -0.464780 0.872359 0.151554 0.147277 -0.092612 0.984750 -0.873092 -0.480013 0.085434
-9.420666 -39.969643 -886.896228 2385.470889 -0.433819 0.895984 0.094936 0.083265 -0.065049 0.994402 -0.897144 -0.439296 0.046384
-6.738154 -40.111112 -2842.476784 2370.070591 -0.464059 0.876092 0.130816 0.084564 -0.103190 0.991060 -0.881759 -0.470973 0.026200
-11.631717 -35.911382 -200.711109 3453.345862 -0.414462 0.909120 0.041508 0.128914 0.013499 0.991564 -0.900890 -0.416316 0.122793
-1.331267 -89.583462 667.203564 -12054.100381 -0.772834 0.617377 -0.146881 0.308877 0.568127 0.762776 -0.554367 -0.544131 0.629761
-2.460198 -75.111413 1011.688153 9115.559646 0.796909 -0.584781 0.151551 -0.212841 -0.506578 -0.835511 -0.565363 -0.633570 0.528161
0.359545 -93.921642 840.804171 14912.107220 0.787406 -0.596980 0.153646 -0.291546 -0.580264 -0.760457 -0.543132 -0.553994 0.630950
0.587233 -110.019859 -568.785502 -10897.179253 0.768413 -0.625144 0.136881 0.433946 0.666201 0.606520 -0.470353 -0.406659 0.783196
1.125559 -115.011649 204.969978 -7784.755197 0.777619 -0.611613 0.145736 0.449468 0.702841 0.551356 -0.439646 -0.363241 0.821443
-13.567604 -92.382067 -712.744199 434.242753 -0.501423 0.865109 -0.012701 -0.504615 -0.304340 -0.807924 0.702808 0.398703 -0.589150
-14.491905 -90.702026 -4.716851 -1968.808896 -0.504997 0.863070 -0.009431 -0.336486 -0.206922 -0.918673 0.794830 0.460754 -0.394906
-13.333337 -90.340865 73.010147 1515.214283 -0.482452 0.875907 -0.005124 -0.506731 -0.283871 -0.814027 0.714467 0.390133 -0.580804
-12.609495 -89.507205 -111.670769 1450.802969 -0.458156 0.888697 -0.017613 -0.612390 -0.329947 -0.718411 0.644261 0.318358 -0.695396
-12.868280 -89.253040 -292.710621 2592.179235 -0.482861 0.875652 -0.008880 -0.641464 -0.360590 -0.677125 0.596128 0.321261 -0.735814
18.211053 -38.058404 9819.963179 -697.797935 -0.216509 0.925206 0.311638 0.441565 -0.191890 0.876469 -0.870714 -0.327372 0.366993
32.365331 -41.201194 16535.661411 -353.092638 -0.184496 0.941690 0.281392 0.546612 -0.139629 0.825663 -0.816809 -0.306144 0.488978
44.998512 -38.249503 20450.769097 148.537977 -0.161419 0.922460 0.350729 0.526451 -0.220113 0.821219 -0.834742 -0.317202 0.450099
-7.236846 -124.634920 -1225.854521 -3762.402679 -0.598681 0.772317 -0.212384 0.795237 0.604823 -0.042277 0.095803 -0.194206 -0.976271
-6.586908 -123.202268 1268.227821 -2769.082702 -0.581254 0.791837 -0.187452 0.808864 0.587380 -0.026917 0.088792 -0.167269 -0.981905
-5.051677 -133.562549 -595.634732 3101.438107 -0.569534 0.793102 -0.215915 0.815821 0.513361 -0.266265 -0.100333 -0.327795 -0.939406
-2.649476 -168.813579 -1555.577629 19124.390254 -0.557403 0.793701 -0.243600 0.771666 0.387019 -0.504725 -0.306323 -0.469313 -0.828198
-2.826957 -142.600511 -822.822235 13739.316452 -0.564519 0.795015 -0.221968 0.795781 0.452785 -0.402141 -0.219205 -0.403654 -0.888264
-2.844683 -146.470709 603.511348 16528.673477 -0.553286 0.802861 -0.222012 0.795370 0.429995 -0.427189 -0.247509 -0.412939 -0.876482
16.606451 -145.869465 1308.337926 9320.924072 -0.684333 0.729146 0.005930 -0.592857 -0.561117 0.577641 -0.424511 -0.391783 -0.816270
14.875985 -137.306296 -346.840682 -8667.097315 0.674890 -0.736656 0.043144 0.590404 0.503979 -0.630419 -0.442658 -0.450936 -0.775055
18.609358 -137.755546 1460.022565 -10026.855563 -0.667062 0.744493 -0.027554 0.679827 0.593161 -0.431271 -0.304735 -0.306416 -0.901801
14.201539 -153.301877 1537.811482 2409.602223 -0.678355 0.734363 0.023368 -0.646187 -0.611436 0.456715 -0.349683 -0.294715 -0.889306
12.395401 -160.851426 1345.837818 -1135.645496 -0.675001 0.736649 0.041504 -0.504158 -0.501576 0.703026 -0.538701 -0.453619 -0.709952
-10.688253 -576.793124 126.058074 -212525.477767 -0.677419 0.662450 -0.319785 -0.166532 -0.561553 -0.810509 0.716498 0.495800 -0.490726
-27.681312 -120.479702 -3795.451241 11325.423673 -0.728314 0.568794 -0.382141 0.042576 0.594157 0.803222 0.683919 0.568728 -0.456950
-15.240778 -120.115386 -5001.410942 -8954.823879 -0.688404 0.624771 -0.368459 0.027782 -0.484904 -0.874126 0.724796 0.611988 -0.316452
-4.625074 -157.418883 -4882.689430 -22027.187588 -0.679939 0.590380 -0.434895 0.011764 -0.584233 -0.811501 0.733174 0.556887 -0.390297
-4.159448 -122.146030 -4760.917281 -2690.126591 -0.675576 0.658883 -0.330864 0.073157 -0.386637 -0.919326 0.733652 0.645279 -0.213000
-9.487862 -111.499033 -4621.500507 3033.579845 -0.681098 0.679696 -0.272248 0.113864 -0.268978 -0.956392 0.723284 0.682396 -0.105808
8.226623 -61.462848 668.665294 -2007.366097 0.738241 -0.674375 0.014792 0.628153 0.695302 0.349255 0.245814 0.248543 -0.936911
9.301932 -57.144135 -897.352989 -935.531627 0.705830 -0.708131 -0.018821 0.692655 0.684349 0.227806 0.148436 0.173829 -0.973525
8.669728 -64.019963 -1763.168853 -528.386532 -0.703882 0.709941 -0.023115 -0.688496 -0.689901 -0.223629 0.174710 0.141494 -0.974400
5.613440 -67.685607 -3403.997240 1423.131626 -0.710813 0.701318 -0.053834 0.675557 0.702006 0.225413 0.195878 0.123859 -0.972775
5.212355 -64.928211 -2365.294240 -1960.739168 -0.731775 0.680097 -0.044424 0.624770 0.695434 0.355012 0.272336 0.232034 -0.933806
-7.140476 -35.291622 -2387.449992 489.267997 -0.364711 0.906807 0.211394 0.924781 0.326321 0.195692 0.108473 0.266864 -0.957610
-9.982333 -34.845911 -1978.042795 49.829951 -0.397171 0.892373 0.214302 0.903827 0.339822 0.260035 0.159223 0.296970 -0.941518
-5.305023 -33.977507 -2561.518098 194.136913 -0.389846 0.899818 0.195825 0.898024 0.324392 0.297192 0.203895 0.291715 -0.934521
-2.940053 -34.865421 -1950.063061 676.375032 -0.366711 0.908080 0.202270 0.921642 0.324943 0.212106 0.126883 0.264202 -0.956085
13.727152 -145.848135 -1779.905908 -7542.338885 -0.334006 0.931399 -0.144694 -0.812539 -0.362319 -0.456624 0.477725 0.034946 -0.877814
17.606928 -187.759645 -2933.407911 -22817.155000 -0.355495 0.921790 -0.154680 -0.907647 -0.379966 -0.178333 0.223159 -0.076998 -0.971736
11.176686 -188.094691 -3095.758378 -26222.861854 -0.375925 0.903191 -0.207185 -0.865789 -0.422036 -0.268877 0.330286 -0.078301 -0.940627
16.208894 -230.753349 -4202.393036 38669.205257 -0.389997 0.899156 -0.198547 0.920038 0.389364 -0.043884 0.037848 -0.199785 -0.979108
9.835867 -142.923606 -1815.883830 2144.970197 -0.318443 0.929337 -0.186885 -0.785505 -0.369056 -0.496769 0.530637 0.011394 -0.847523
1.920862 -86.277686 3626.538230 -9930.122676 0.436288 0.344310 0.831326 0.899130 -0.130997 -0.417618 -0.034888 0.929672 -0.366732
-2.001190 -172.543066 3526.708083 -37434.914244 0.597840 0.290024 0.747311 0.796988 -0.315067 -0.515308 0.086002 0.903670 -0.419505
-13.166164 -250.312774 5714.297576 -84834.612473 0.645091 0.235763 0.726825 0.758790 -0.309668 -0.573013 0.089979 0.921152 -0.378659
0.734836 -598.323076 7822.269013 -173016.549785 0.626706 0.187784 0.756291 0.725057 -0.496145 -0.477633 0.285538 0.847689 -0.447091
8.335528 -228.417490 1592.199695 -68028.333429 0.714138 0.065378 0.696946 0.670114 0.223989 -0.707656 0.202374 -0.972396 -0.116148
13.170912 -165.300092 947.790629 -44073.857593 0.724572 0.008286 0.689150 0.674527 0.196701 -0.711563 0.141452 -0.980429 -0.136934
9.849753 -108.949138 1448.446611 -25432.909567 0.756249 0.057181 0.651781 0.640804 0.136436 -0.755483 0.132126 -0.988997 -0.066538
-54.001155 -81.877030 965.718237 5226.252158 0.001765 0.995192 0.097930 0.943787 0.030713 -0.329125 0.330550 -0.093006 0.939195
-49.840750 -76.025436 162.597953 3637.339917 0.276188 0.957004 -0.088676 0.900077 -0.289901 -0.325299 0.337020 -0.010028 0.941444
-43.147595 -68.744571 -726.402390 5364.720125 0.471847 0.838699 -0.271926 0.731778 -0.544566 -0.409816 0.491794 0.005619 0.870693
-17.133137 -74.603253 -11119.363008 -1423.360506 0.590008 0.781707 -0.202051 0.726667 -0.405043 0.554883 0.351917 -0.474209 -0.807019
5.592822 -79.033705 -15991.700178 123.804229 0.588019 0.772086 -0.241075 0.682758 -0.313993 0.659735 0.433676 -0.552533 -0.711781
19.856401 -84.152516 -21180.690445 938.650229 0.538015 0.789858 -0.294387 0.776556 -0.328596 0.537573 0.327873 -0.517830 -0.790159
-17.143837 -77.506847 -11113.315523 295.082198 0.525677 0.813835 -0.247660 0.811547 -0.392481 0.432841 0.255059 -0.428522 -0.866783
-34.455523 -74.209927 -3339.027972 2050.455551 0.559239 0.823308 -0.097033 -0.757493 0.459927 -0.463327 0.336833 -0.332612 -0.880859
22.361365 -66.259613 1423.384402 -13552.976291 -0.354493 -0.615304 -0.704084 0.930752 -0.160012 -0.328781 0.089638 -0.771879 0.629419
25.402478 -47.894871 -2591.711587 -10211.329486 -0.448353 -0.589382 -0.672018 0.893750 -0.307202 -0.326860 -0.013800 -0.747165 0.664495
14.798251 -56.111013 4903.314926 860.329496 0.168734 -0.984483 0.048179 0.985610 0.168022 -0.018484 0.010102 0.050605 0.998668
24.490629 -54.981628 -2698.232718 -1417.378125 -0.133496 0.987292 -0.086222 0.980844 0.144073 0.131100 -0.141856 0.067069 0.987613
3.590064 -42.408086 84.328952 -1072.855107 0.596009 0.758272 -0.264192 -0.340157 -0.059612 -0.938477 0.727370 -0.649207 -0.222402
0.558153 -47.697289 -641.678305 -1290.306358 0.603220 0.753767 -0.260693 -0.411168 0.013817 -0.911455 0.683422 -0.656996 -0.318260
0.967275 -42.577524 -1707.140436 -1616.176021 0.620923 0.748447 -0.232985 -0.308905 -0.039539 -0.950271 0.720439 -0.662015 -0.206649
1.866671 -48.345407 1055.846630 -1606.626913 0.567486 0.769241 -0.293647 -0.422750 -0.033833 -0.905614 0.706570 -0.638063 -0.305997
3.315276 -39.631380 -959.301518 -1282.764747 0.608617 0.755961 -0.241058 -0.255451 -0.100951 -0.961537 0.751219 -0.646786 -0.131671
3.914866 -42.069982 -100.981938 -1560.108617 0.592899 0.759030 -0.268970 -0.308851 -0.094130 -0.946441 0.743695 -0.644215 -0.178617
3.808202 -37.434736 -387.750784 -447.964003 0.612097 0.764111 -0.203647 -0.125827 -0.160135 -0.979043 0.780708 -0.624893 0.001872
2.331381 -37.088168 -1353.468874 -223.423688 0.622337 0.748968 -0.227474 -0.185188 -0.141476 -0.972466 0.760528 -0.647327 -0.050654
2.522521 -61.372670 546.184717 1592.297659 0.409205 0.845842 -0.342202 -0.817345 0.506508 0.274586 -0.405584 -0.167335 -0.898610
1.255970 -63.413600 -534.154854 2130.734937 0.360450 0.872041 -0.331089 -0.804674 0.470226 0.362475 -0.471780 -0.135765 -0.871201
-5.650616 -102.089424 -91.621719 3724.725735 -0.158439 -0.966786 -0.200554 0.983441 -0.172619 0.055200 -0.087986 -0.188487 0.978126
-5.044719 -110.663031 282.699799 5019.422183 0.136767 0.972060 0.190774 0.959310 -0.177991 0.219188 -0.247020 -0.153033 0.956850
-5.158248 -108.682201 1198.693297 1700.939132 0.133528 0.977668 0.162280 0.943008 -0.175703 0.282604 -0.304806 -0.115295 0.945410
-5.531432 -107.263913 226.996578 1561.337959 0.120315 0.978958 0.164820 0.977371 -0.145905 0.153156 -0.173981 -0.142663 0.974360
952.439365 -59.239061 334509.925757 -4091.080770 0.203898 0.911061 -0.358321 -0.843085 0.349453 0.408766 -0.497627 -0.218749 -0.839355
555.460222 -11.597819 149722.108658 -14759.209178 0.234872 0.487219 -0.841103 0.785676 -0.604641 -0.130851 -0.572319 -0.630101 -0.524809
3085.214398 -237.577814 1222602.715065 -60623.446897 0.397142 0.550706 -0.734167 0.802783 -0.596131 -0.012905 -0.444766 -0.584252 -0.678847
716.354733 18.777605 -129188.550310 679.796056 -0.095062 0.020050 -0.995269 0.926146 -0.364793 -0.095809 -0.364989 -0.930873 0.016109
990.249442 -70.359125 343608.508415 -4326.528602 0.144863 0.937392 -0.316719 -0.908538 0.252795 0.332645 -0.391884 -0.239563 -0.888277
743.348704 -52.227843 244451.791941 -3107.282790 0.022848 0.454916 -0.890241 0.935790 -0.323097 -0.141086 -0.351817 -0.829856 -0.433088
580.492894 -57.155311 208871.090608 3467.061680 0.088998 0.909727 -0.405556 0.932376 -0.219319 -0.287359 -0.350364 -0.352556 -0.867726
117.419729 -33.441794 77917.384106 5288.458475 0.793805 -0.089218 0.601592 0.466385 -0.545565 -0.696307 -0.390331 -0.833306 0.391463
-27.026782 -33.363662 2686.833989 -8336.529980 0.761014 -0.592979 -0.263125 -0.408173 -0.122410 -0.904661 -0.504235 -0.795859 0.335193
-28.745521 -46.695871 -562.023881 3763.110816 0.521921 -0.674156 -0.522601 0.596626 -0.149343 0.788501 -0.609619 -0.723333 0.324274
3.507978 -101.982850 -667.535703 -8658.061905 0.410698 -0.120195 0.903814 -0.257043 0.935803 0.241250 -0.874789 -0.331400 0.353437
5.454460 -120.406018 -946.849489 -7873.230898 0.408419 -0.125011 0.904194 -0.034541 0.987751 0.152165 -0.912141 -0.093379 0.399098
7.149563 -120.175992 -518.669277 -5104.861752 0.427266 -0.135071 0.893980 0.023459 0.990101 0.138382 -0.903822 -0.038154 0.426205
0.810336 -97.001375 -35.403928 12248.082807 0.105653 0.990865 0.083810 0.174706 -0.101467 0.979378 -0.978936 0.088832 0.183830
-4.235052 -88.786044 2374.936418 778.213751 0.113329 0.940815 0.319411 -0.926560 -0.015976 0.375807 -0.358668 0.338543 -0.869911
0.403981 -93.194242 3134.350500 -487.019297 0.089716 0.936852 0.338024 0.949801 0.021654 -0.312106 -0.299716 0.349056 -0.887879
-5.443340 -89.170847 1930.440322 569.216219 0.089036 0.943716 0.318546 0.993695 -0.062286 -0.093220 -0.068132 0.324838 -0.943312
12.751889 -177.300132 3686.930382 -12930.811835 0.487204 -0.088679 0.868774 0.873145 0.031489 -0.486442 0.015781 0.995562 0.092771
18.440210 -210.941167 2885.973926 -14501.972517 0.477277 -0.037735 0.877942 0.872847 -0.095276 -0.478602 0.101707 0.994735 -0.012536
14.004035 -187.664445 3373.952637 682.101816 0.441428 -0.064167 0.894999 0.840672 -0.319143 -0.437514 0.313707 0.945532 -0.086935
10.281304 -169.165383 2021.624744 -1824.558557 0.448176 -0.078961 0.890451 0.864774 -0.214088 -0.454238 0.226502 0.973618 -0.027665
4.652388 -163.726813 1467.726235 -5983.696231 0.459520 -0.090908 0.883503 0.887540 0.009628 -0.460629 0.033368 0.995813 0.085109
11.316908 -489.082629 11247.189368 -153845.320725 -0.577051 0.341750 -0.741767 0.815710 0.286051 -0.502784 0.040357 -0.895199 -0.443835
34.409458 -1369.769775 -1896.091614 -496507.872559 0.743467 -0.226038 0.629416 0.611897 -0.149893 -0.776604 -0.269887 -0.962517 -0.026872
-24.851408 -176.996357 11179.310000 -82286.755072 0.743642 -0.113469 0.658879 0.616885 -0.263519 -0.741627 -0.257779 -0.957957 0.125966
182678.444431 -81761.930369 331836745.037071 430864191.679831 0.764648 -0.161337 -0.623926 0.297800 0.947046 0.120076 0.571514 -0.277621 0.772204
-797.950417 -5764.572307 -287465.412741 354803.297449 0.580187 -0.549674 0.601034 0.642796 -0.144169 -0.752349 0.500197 0.822845 0.269683
-12.562156 -31.045364 -553.187412 292.433404 -0.437059 0.876270 0.202805 0.441737 0.405538 -0.800255 0.783484 0.260173 0.564325
2.069222 -48.504660 -97.093078 1467.425510 0.596204 0.795625 -0.107334 0.211413 -0.284567 -0.935054 0.774496 -0.534792 0.337865
1.452901 -52.042916 -242.223233 837.149515 0.600414 0.792425 -0.107544 0.313076 -0.356674 -0.880208 0.735857 -0.494820 0.462242
2.686074 -49.124758 -1090.052329 1247.419418 0.604675 0.790713 -0.095609 0.235653 -0.292278 -0.926845 0.760813 -0.537909 0.363067
1.988209 -46.985799 -1462.335842 2065.824364 0.606756 0.789633 -0.091254 0.175137 -0.244782 -0.953629 0.775355 -0.562638 0.286816
2.257261 -44.803885 172.262960 2098.711465 0.595410 0.795378 -0.113408 0.103163 -0.215676 -0.971000 0.796771 -0.566443 0.210470
8.360137 -122.008080 -1767.683043 -611.435394 0.422009 0.890893 0.167980 0.335187 0.018834 -0.941963 0.842353 -0.453822 0.290667
3.193574 -117.086430 -1387.471919 1246.981588 0.433460 0.882436 0.182808 0.345219 0.024785 -0.938195 0.832428 -0.469779 0.293891
0.806677 -125.320552 -1497.830421 13010.342239 0.424652 0.880042 0.212596 0.508706 -0.037686 -0.860115 0.748925 -0.473398 0.463686
-44.222016 -1251.253915 6199.651572 388707.900596 0.073268 -0.145156 -0.986692 -0.407613 0.898587 -0.162462 0.910211 0.414091 0.006671
28.074310 -1669.003695 9720.720752 588844.526879 0.014323 0.111318 -0.993682 -0.654726 0.752154 0.074824 0.755731 0.649517 0.083656
-28.556142 -243.391716 -6969.454678 -63452.534500 -0.041931 -0.113105 0.992698 0.722439 -0.689762 -0.048074 0.690163 0.715147 0.110634
-17.200559 -654.638871 1204.016074 206590.166488 0.035301 -0.053215 -0.997959 -0.395985 0.916103 -0.062858 0.917578 0.397396 0.011267
-43.619494 -998.472881 6750.948461 319618.221236 0.073109 -0.053884 -0.995867 -0.361657 0.929140 -0.076824 0.929440 0.365779 0.048441
-34.146445 -1589.908952 12394.005161 599066.886748 0.004571 0.019066 -0.999808 0.222204 0.974803 0.019606 0.974989 -0.222251 0.000219
-19.134269 -3327.275513 9760.069259 1420077.554061 0.043394 0.000231 -0.999058 0.172595 0.984963 0.007724 0.984036 -0.172768 0.042702
12.175260 -101.801642 1423.494820 -17673.259652 0.068015 -0.077193 -0.994693 0.924798 -0.369196 0.091887 -0.374330 -0.926140 0.046277
6.242327 -93.292379 1917.712923 -22448.877191 0.047848 -0.045617 -0.997812 0.934889 -0.349692 0.060818 -0.351701 -0.935754 0.025915
-47.753406 -64.338182 1652.508584 -4267.016798 0.430265 0.899040 -0.081237 0.463013 -0.142543 0.874814 -0.774913 0.414016 0.477599
-43.634359 -61.000681 341.806283 -3087.975122 0.393552 0.864333 -0.313123 0.570987 0.037121 0.820119 -0.720479 0.501549 0.478914
-40.229843 -56.164560 546.015764 -1422.490945 0.302969 0.865206 -0.399535 0.526704 0.197372 0.826818 -0.794225 0.460936 0.395910
-50.413517 -68.875724 1812.333773 -4299.874488 0.484570 0.869960 -0.091442 0.557594 -0.226643 0.798575 -0.674003 0.437953 0.594909
5.228154 -4.957934 -1877.231953 1503.606929 0.326993 0.839957 0.433068 0.396332 -0.537902 0.744031 -0.857902 0.071654 0.508792
0.975300 -10.686632 -894.176693 1949.430332 0.352985 0.801189 0.483216 0.376194 -0.594409 0.710744 -0.856668 0.069099 0.511220
5.737826 -16.486747 -46.484796 1620.708316 0.356147 0.745257 0.563695 0.307426 -0.663118 0.682469 -0.882411 0.069765 0.465278
57.198869 -36.828927 16677.929873 8307.724210 -0.349108 0.348441 0.869892 0.784056 -0.399783 0.474795 0.513206 0.847799 -0.133629
24.130377 -23.514355 10093.930112 6543.828905 -0.317315 0.260989 0.911699 0.795450 -0.450164 0.405722 0.516304 0.853953 -0.064760
41.385863 -43.133112 13212.520342 10129.333900 -0.276472 0.231594 0.932699 0.837858 -0.417267 0.351969 0.470699 0.878779 -0.078681
2.348835 -67.618375 1533.240460 4601.604642 0.650950 -0.742737 0.156861 0.584876 0.358985 -0.727358 -0.483926 -0.565218 -0.668090
1.355790 -78.964785 -78.044142 -4399.555704 -0.631235 0.762829 -0.140120 -0.491524 -0.253706 0.833089 -0.599956 -0.594747 -0.535097
1.330080 -61.818226 191.204738 4025.456095 0.651802 -0.747108 0.130323 0.614492 0.419562 -0.668107 -0.444469 -0.515556 -0.732564
0.612998 -67.657933 -2.323035 3545.280356 0.661715 -0.740411 0.118000 0.616966 0.448307 -0.646818 -0.426012 -0.500811 -0.753460
0.896812 -62.771737 -380.951114 2322.551693 0.658638 -0.744837 0.106838 0.627305 0.465112 -0.624628 -0.415555 -0.478423 -0.773580
-10.176593 -82.241426 -784.272285 -1455.947649 -0.464785 0.880030 -0.097586 -0.878163 -0.472251 -0.076220 0.113161 -0.050271 -0.992304
-9.952512 -87.586227 79.902708 -100.384617 -0.493773 0.867353 -0.062347 0.858868 0.475205 -0.191116 -0.136138 -0.147916 -0.979585
-12.635644 -51.967148 804.005062 -2625.460892 -0.436132 0.899799 0.012314 0.488490 0.225234 0.842999 -0.755756 -0.373674 0.537775
-4.676431 -48.370345 3981.991172 -1284.655114 -0.366136 0.929921 0.034525 0.475380 0.155018 0.866016 -0.799974 -0.333492 0.498823
