12105
24203
-27.428837 -45.763371 1240.758479 -4481.687074 0.481266 0.875003 -0.052468 -0.739745 0.437526 0.511222 -0.470277 0.207221 -0.857845
-33.966675 -50.639709 -582.827562 -2951.442645 0.357468 0.933100 -0.039265 -0.690730 0.292446 0.661338 -0.628577 0.209285 -0.749060
-29.952866 -57.525315 1148.540672 -4545.067046 0.586193 0.790870 -0.175792 -0.553146 0.549227 0.626402 -0.591952 0.269954 -0.759419
-32.157848 -47.253039 249.885887 -2605.209287 0.028380 0.987890 0.152538 -0.784933 -0.072463 0.615329 -0.618930 0.137195 -0.773371
-15.737023 -61.285465 3163.070056 -6183.230185 0.626651 0.778686 -0.030944 -0.616327 0.519510 0.591820 -0.476917 0.351793 -0.805476
-18.227109 -49.319943 2490.106017 -7185.865215 0.603975 0.796770 -0.019262 -0.696472 0.539388 0.473273 -0.387480 0.272430 -0.880705
-16.634689 -33.763959 2273.671703 -4285.429245 0.451684 0.888705 0.078640 -0.826970 0.383963 0.410722 -0.334816 0.250550 -0.908363
-24.018001 -30.388229 -111.306136 -1618.371173 -0.252867 0.921593 0.294489 -0.887193 -0.342293 0.309393 -0.385936 0.183034 -0.904186
-28.536698 -36.532171 -331.618982 -2299.550276 -0.278483 0.920055 0.275583 -0.839956 -0.372450 0.394659 -0.465749 0.121571 -0.876526
21.701274 -58.665799 132.597686 1887.795067 0.705329 0.524234 0.477169 -0.305046 -0.383159 0.871858 -0.639889 0.760505 0.110338
19.752381 -59.203621 -453.825181 4385.149170 0.723177 0.458565 0.516463 -0.235671 -0.539058 0.808626 -0.649211 0.706494 0.281763
17.791432 -51.573082 -963.960772 3179.293295 0.661171 0.552809 0.507202 -0.178480 -0.540749 0.822032 -0.728696 0.634029 0.258862
20.981056 -61.748022 -843.838536 92.240361 0.716220 0.496452 0.490473 -0.382887 -0.308050 0.870921 -0.583461 0.811567 0.030547
19.570554 -54.491485 85.283869 1376.371665 0.666551 0.585837 0.460982 -0.263400 -0.393410 0.880823 -0.697374 0.708536 0.107918
23.640569 -56.350687 1187.967024 -1589.573323 0.700020 0.571227 0.428569 -0.398298 -0.185811 0.898239 -0.592731 0.799483 -0.097447
23.975454 -59.092198 719.854533 -1443.077102 0.722583 0.519481 0.456085 -0.417786 -0.197472 0.886826 -0.550753 0.831351 -0.074342
-4.321851 -32.081292 -1063.914375 901.936022 0.733815 0.678871 0.025482 -0.663727 0.708438 0.239964 -0.144852 0.193002 -0.970447
-3.986712 -30.617934 -1959.201460 -985.388991 0.688476 0.723884 0.044638 0.699125 -0.646036 -0.306369 -0.192938 0.242135 -0.950866
-0.435758 -33.019790 1157.209497 666.674919 0.722305 0.688451 0.065663 -0.686956 0.703285 0.182982 -0.079794 0.177276 -0.980921
-0.959384 -31.530991 -2088.656905 644.524441 0.719671 0.694040 0.019547 -0.658231 0.673040 0.337267 -0.220921 0.255587 -0.941206
19.297106 -23.935196 -4140.525464 -1049.271399 -0.763171 -0.641814 -0.075140 -0.560149 0.715035 -0.418280 0.322186 -0.277130 -0.905205
13.273100 -20.091231 -3457.355366 -810.087924 -0.772279 -0.627288 -0.100468 -0.513188 0.709223 -0.483364 0.374463 -0.321733 -0.869635
11.760420 -24.892192 -4742.302634 -974.322354 -0.756360 -0.637161 -0.148136 -0.537798 0.734591 -0.413701 0.372414 -0.233240 -0.898280
17.797583 -28.552991 -5225.643828 -1352.466920 -0.747208 -0.652304 -0.127199 -0.584564 0.736137 -0.341156 0.316174 -0.180558 -0.931361
4.242225 -52.728496 735.166851 -489.696988 -0.260662 0.877816 0.401864 -0.162322 0.370479 -0.914547 0.951686 0.303619 -0.045919
4.643006 -52.116486 439.039647 -1351.873675 -0.242280 0.896913 0.369928 0.050013 0.392327 -0.918465 0.968916 0.204024 0.139910
2.554999 -51.093868 234.176384 -1182.436475 -0.248522 0.896492 0.366796 -0.062524 0.363039 -0.929674 0.966606 0.253978 0.034171
1.135257 -51.283831 112.389303 751.234115 -0.241450 0.897283 0.369573 -0.274265 0.302216 -0.912932 0.930849 0.321789 -0.173124
-7.296793 -75.763399 -111.436193 927.368504 0.480002 0.875664 0.053014 0.788576 -0.404207 -0.463427 0.384378 -0.264252 0.884548
-5.993723 -77.099339 -127.800039 97.118005 0.498724 0.865656 0.043755 0.845212 -0.474519 -0.245862 0.192069 -0.159599 0.968317
-6.766671 -73.476435 -239.253802 1139.153810 0.517666 0.852762 0.069418 0.772014 -0.430590 -0.467533 0.368804 -0.295618 0.881246
-7.904851 -70.104129 -196.079512 1528.293516 0.496488 0.864465 0.078743 0.684336 -0.333994 -0.648176 0.534026 -0.375698 0.757408
-6.392639 -67.858357 -312.507836 1095.485742 0.549236 0.831099 0.087262 0.677820 -0.381981 -0.628213 0.488774 -0.404185 0.773133
-4.958526 -70.656054 -420.426766 1241.885574 0.563661 0.821907 0.082191 0.749410 -0.467007 -0.469350 0.347378 -0.326149 0.879179
2.043151 -56.951027 -277.331475 721.506419 0.546548 0.837263 0.016605 0.625072 -0.421068 0.657257 -0.557289 0.348843 0.753483
4.385042 -59.605702 -474.045127 275.578958 0.548334 0.836254 0.003005 0.628186 -0.414269 0.658607 -0.552008 0.359249 0.752481
2.590519 -57.790844 -197.374014 -1534.579526 0.569794 0.821389 0.025602 0.696858 -0.499451 0.514721 -0.435573 0.275444 0.856975
1.043415 -54.874126 -127.865667 -1426.003806 0.573738 0.818077 0.039694 0.682910 -0.504573 0.528243 -0.452171 0.275965 0.848165
1.873491 -59.516073 -299.236527 -2337.850808 0.588167 0.806750 0.056703 0.743807 -0.567138 0.353702 -0.317507 0.165860 0.933638
3.556506 -61.784265 -294.414640 -1577.381157 0.585208 0.809880 0.040334 0.761194 -0.565812 0.316922 -0.279490 0.154764 0.947594
-9.364990 -33.477064 -797.810044 -111.889512 0.298064 -0.930329 -0.213646 0.943674 0.320878 -0.080725 0.143655 -0.177551 0.973570
-10.097856 -32.902448 -585.596344 -372.783671 0.290212 -0.932790 -0.213728 0.956911 0.280542 0.074955 -0.009957 -0.226271 0.974013
-18.217919 -34.902727 -1911.488185 -401.594087 0.468239 -0.852661 -0.231780 0.877698 0.479096 0.010641 0.101972 -0.208415 0.972710
4.500949 -64.476619 -2207.434823 4113.565149 -0.677737 -0.719591 0.151201 0.710582 -0.588081 0.386309 -0.189066 0.369256 0.909892
0.952495 -58.329998 -3049.682172 6429.917369 -0.683907 -0.709772 0.168801 0.727736 -0.647286 0.226765 -0.051689 0.277929 0.959210
6.518361 -49.127595 -114.368522 2793.078735 -0.679794 -0.730620 0.063830 0.724974 -0.656274 0.209089 -0.110875 0.188412 0.975811
6.576363 -55.538529 230.444697 492.286308 -0.605893 -0.795270 0.020955 0.788581 -0.596902 0.147811 -0.105042 0.106083 0.988794
9.857301 -62.232033 -773.969616 1738.278930 0.639991 0.768087 -0.021285 0.725231 -0.594666 0.347006 -0.253874 0.237518 0.937621
-0.527549 -51.667162 -450.607580 -1236.848878 0.085634 0.967713 0.237064 -0.169861 -0.220274 0.960535 -0.981740 0.122522 -0.145514
-0.688966 -55.963956 -345.105921 -959.423524 0.087023 0.971120 0.222153 0.067087 -0.228206 0.971299 -0.993945 0.069621 0.085009
-2.687287 -52.559549 -607.000613 -1076.066313 0.100829 0.964996 0.242109 -0.157398 -0.224813 0.961605 -0.982374 0.135065 -0.129221
-5.790190 -52.363425 -646.029285 -1237.664580 0.123836 0.958557 0.256582 -0.161847 -0.235598 0.958279 -0.979015 0.160196 -0.125964
-5.087812 -49.937145 -735.745105 -359.991864 0.124055 0.962032 0.243113 -0.350062 -0.186822 0.917908 -0.928476 0.198976 -0.313595
-1.033420 -63.740989 -1186.599716 589.059969 0.638564 0.767983 0.049382 0.516099 -0.379761 -0.767739 0.570857 -0.515736 0.638857
-4.556311 -61.876098 -731.827383 -37.108796 0.625394 0.778647 0.050895 0.425597 -0.285708 -0.858626 0.654025 -0.558640 0.510070
-5.774484 -63.415486 -418.152674 780.741311 0.587611 0.805080 0.080989 0.561194 -0.333394 -0.757568 0.582902 -0.490606 0.647713
-3.833391 -66.457158 -592.947512 1106.502522 0.595980 0.799209 0.077928 0.648138 -0.421480 -0.634249 0.474053 -0.428508 0.769191
-7.584207 -64.149755 -136.949164 1622.022032 0.531012 0.842013 0.095083 0.580451 -0.279701 -0.764751 0.617336 -0.461283 0.637271
3.334281 -86.603044 882.542954 3206.519372 -0.679643 0.488836 -0.546922 0.715517 0.277515 -0.641109 -0.161618 -0.827058 -0.538382
1.644505 -95.773037 600.584866 1885.955267 -0.636094 0.492336 -0.594129 0.666835 -0.036648 -0.744304 -0.388221 -0.869633 -0.304995
5.859063 -100.472391 1090.825951 2617.120296 -0.651740 0.482693 -0.585015 0.697727 0.079185 -0.711974 -0.297340 -0.872202 -0.388396
7.964844 -118.087354 1334.733797 10054.995249 -0.667289 0.478170 -0.571033 0.738597 0.326104 -0.590026 -0.095917 -0.815481 -0.570780
12.349532 -14.380346 -4167.535673 1772.228810 -0.168279 -0.278894 0.945463 0.872345 0.404496 0.274584 -0.459016 0.870977 0.175223
3.716365 -23.488105 -596.822881 2532.802692 0.056081 -0.200172 0.978154 0.848953 0.525187 0.058802 -0.525484 0.827109 0.199390
-0.133217 -29.420835 -174.707850 2858.953347 0.198524 -0.099286 0.975054 0.809071 0.578098 -0.105864 -0.553166 0.809904 0.195096
5.567414 -14.477962 -2618.380739 2488.501033 -0.044710 -0.197050 0.979374 0.906971 0.402989 0.122486 -0.418813 0.893740 0.160701
27.315769 -7.009958 -10791.595559 1224.535907 -0.417166 -0.309012 0.854684 0.831355 0.250193 0.496237 -0.367179 0.917559 0.152526
0.394989 -27.275218 -957.010458 3439.431387 0.208301 -0.063356 0.976011 0.843581 0.516631 -0.146502 -0.494955 0.853861 0.161061
11.579770 -474.566481 -928.498945 42433.576002 0.729332 -0.325610 0.601708 0.611479 0.704711 -0.359827 0.306867 -0.630366 -0.713072
27.024243 -1657.226039 4466.607413 -427273.588139 0.784545 -0.338194 0.519725 0.613466 0.301316 -0.729978 -0.090273 -0.891534 -0.443866
-3.562595 -415.188744 -3208.539720 -62186.810079 -0.685061 0.371939 -0.626381 0.728461 0.342610 -0.593265 -0.006054 -0.862717 -0.505652
-13.116532 -321.929651 1574.757969 -30879.589988 0.704847 -0.399211 0.586363 0.628866 -0.030794 -0.776904 -0.328205 -0.916342 -0.229345
9.209402 -335.363916 3816.315630 -46275.434869 -0.656386 0.457387 -0.599962 0.739910 0.545537 -0.393601 0.147273 -0.702272 -0.696508
-6.369214 -248.656150 1001.510969 -15818.445024 -0.653185 0.474278 -0.590262 0.735375 0.211532 -0.643800 -0.180481 -0.854584 -0.486942
270.076884 -749.337232 -1366533.215604 784886.371456 -0.217269 -0.675914 0.704226 0.969055 -0.062769 0.238729 -0.117157 0.734303 0.668636
-77.642066 -1649.762496 21845.761072 85942.726169 0.518286 -0.469334 0.714916 0.823606 0.499068 -0.269450 -0.230330 0.728462 0.645206
318.412708 -42859.838916 47185.630737 42647181.653634 -0.573768 0.534605 -0.620474 0.193319 0.824577 0.531695 0.795875 0.185121 -0.576466
-57.046287 -2262.074419 -8544.544859 -22777.201621 -0.443069 0.674003 -0.591109 -0.552419 0.314039 0.772148 -0.706062 -0.668655 -0.233191
-113.890314 -3547.187642 19187.875945 2289617.645775 0.564706 -0.517540 0.642853 0.265147 0.851417 0.452533 -0.781540 -0.085097 0.618024
-47.336123 -3966.133922 -9259.886064 -1950612.239780 -0.738927 0.474288 -0.478578 0.139326 0.802488 0.580173 0.659223 0.362027 -0.659061
-13.315081 -24.290796 -574.603872 69.297582 0.759590 0.500274 -0.415631 -0.635491 0.706916 -0.310518 -0.138472 -0.499996 -0.854886
-12.454033 -23.830282 -468.372845 250.468469 0.738785 0.517821 -0.431344 -0.641359 0.736801 -0.213972 -0.207016 -0.434725 -0.876446
-15.379922 -23.644346 -542.338630 225.381415 0.732097 0.565962 -0.379105 -0.671300 0.693946 -0.260377 -0.115715 -0.445114 -0.887966
-16.349304 -23.664138 -670.618420 -194.012243 0.759281 0.541954 -0.360247 -0.650014 0.658155 -0.379886 -0.031218 -0.522606 -0.852003
-18.733453 -23.383489 -558.735506 -60.660914 0.665375 0.666705 -0.335829 0.746503 -0.596090 0.295651 -0.003072 -0.447416 -0.894321
-17.361582 -23.050813 -435.747236 -293.350012 0.628706 0.693802 -0.351238 0.772762 -0.607927 0.182381 -0.086991 -0.386087 -0.918351
125.387519 -35.818040 -50786.853668 932.835602 -0.311275 0.926566 0.211145 0.464187 -0.045632 0.884561 -0.829240 -0.373353 0.415896
28.499672 -42.677226 -6862.040048 -2201.544715 -0.031791 0.917121 0.397339 0.366237 -0.359201 0.858397 -0.929979 -0.172809 0.324464
56.634241 -39.200097 -26308.309577 2384.202778 -0.168949 0.957648 0.233166 0.359475 -0.160402 0.919265 -0.917733 -0.239127 0.317151
1.497820 -132.613510 55.240099 -6341.546748 0.409497 0.911281 0.043335 0.495519 -0.182283 -0.849255 0.766011 -0.369241 0.526201
2.335056 -107.611601 154.808579 -15973.376564 0.414745 0.909641 0.023241 0.644589 -0.275676 -0.713098 0.642256 -0.310734 0.700680
1.487785 -111.143430 22.295732 -4967.887135 0.408881 0.912228 0.025612 0.616448 -0.255393 -0.744826 0.672910 -0.320333 0.666767
1.551699 -102.089374 26.088239 -4197.068421 0.407996 0.912917 0.010987 0.762700 -0.334198 -0.553715 0.501825 -0.234293 0.832634
0.975886 -105.340194 66.181051 -2874.674577 0.406448 0.913651 0.006390 0.622524 -0.271804 -0.733885 0.668778 -0.302264 0.679244
1.623431 -94.074690 28.449893 -6215.004688 0.408562 0.912509 0.020135 0.743835 -0.320094 -0.586727 0.528948 -0.254691 0.809534
1.239819 -107.430584 2.095012 850.016218 0.400466 0.915890 0.027788 0.470430 -0.179479 -0.863993 0.786335 -0.359072 0.502737
86.980816 -2446.056680 -13541.991873 -536822.245965 -0.857430 0.438786 -0.268849 0.423196 0.898487 0.116731 0.292777 -0.013687 -0.956083
5.170680 -1139.712920 -5791.240245 -239890.759168 -0.860310 0.392441 -0.325355 0.309659 0.909303 0.277990 0.404941 0.138409 -0.903806
23.151985 -1629.485648 -1815.829576 344122.480495 0.859092 -0.465696 0.212341 0.057114 0.499507 0.864425 0.508625 0.730493 -0.455720
127.878898 -4388.610839 -11189.433352 -1135310.904281 -0.916554 0.366700 -0.159561 0.326437 0.916512 0.231181 0.231013 0.159804 -0.959737
7.259042 -410.268546 1343.522764 -76502.423044 0.879239 -0.422237 0.220576 0.474196 0.820027 -0.320458 0.045569 -0.386356 -0.921223
44.684767 -1877.818445 -138.584854 405281.789923 0.934235 -0.356443 0.012394 0.193140 0.534823 0.822594 0.299836 0.766102 -0.568494
2.792292 -10.766438 -698.868696 1780.391628 0.730611 0.615825 0.294901 -0.295737 0.674700 -0.676254 -0.615424 0.406866 0.675066
12.480782 -16.423827 -3467.060975 308.177750 0.733886 0.579532 0.354336 -0.319611 0.754895 -0.572698 -0.599383 0.307046 0.739231
5.269770 -10.708635 1178.939480 1147.202925 0.818969 0.303501 0.487008 -0.053129 0.885145 -0.462273 -0.571373 0.352713 0.741031
0.226292 -9.366477 1264.972427 979.577672 0.777307 0.491153 0.393144 -0.178279 0.771259 -0.611045 -0.603332 0.404880 0.687068
7.235937 -14.002186 2468.127436 2010.210146 0.793268 -0.037703 0.607704 0.206439 0.955617 -0.210188 -0.572807 0.292189 0.765844
7.481314 -8.941553 1583.897792 1694.224871 0.786638 0.057083 0.614770 0.152058 0.947136 -0.282511 -0.598397 0.315715 0.736373
-5.803371 -14.647663 -661.538924 -237.802958 0.988804 -0.023574 0.147346 0.129106 0.630270 -0.765566 0.074820 -0.776018 -0.626258
-9.876570 -14.915832 -883.998151 -157.643789 0.985193 0.156788 -0.069365 -0.148287 0.576182 -0.803757 0.086053 -0.802142 -0.590900
-5.181080 -12.630288 -504.071084 -428.586797 0.996850 0.026159 0.074873 0.045251 0.587717 -0.807800 0.065135 -0.808643 -0.584682
-2.457518 -12.250074 -154.666155 -448.504455 0.975572 -0.073726 0.206940 0.208435 0.608173 -0.765950 0.069385 -0.790373 -0.608684
-2.315118 -9.616269 -120.873599 -701.871145 0.994883 -0.002573 0.100997 0.084224 0.573226 -0.815057 0.055797 -0.819393 -0.570510
-3.960592 -9.971471 -457.641439 -491.372673 0.993649 0.100870 -0.049877 -0.096993 0.543022 -0.834098 0.057051 -0.833638 -0.549357
-2.637459 -44.624175 137.480826 -378.864760 0.239703 0.850056 -0.468985 -0.354248 -0.373179 -0.857465 0.903909 -0.371674 -0.211679
-1.393255 -43.437221 -44.308502 -230.990100 0.308340 0.881321 -0.358051 -0.470588 -0.185793 -0.862570 0.826725 -0.434459 -0.357451
-0.132995 -45.333453 122.381187 -185.738178 0.251165 0.864671 -0.435041 -0.538080 -0.248878 -0.805313 0.804603 -0.436354 -0.402753
-6.778403 -64.537289 1004.564134 -271.765923 -0.443284 -0.611494 0.655419 -0.163089 0.773999 0.611823 -0.881420 0.164320 -0.442830
-3.879217 -60.107943 794.072061 347.540563 -0.434503 -0.612012 0.660794 -0.130313 0.768667 0.626235 -0.891193 0.185991 -0.413741
-6.400350 -62.685067 970.454044 2089.777491 -0.448028 -0.581565 0.679008 0.047887 0.742799 0.667799 -0.892736 0.331709 -0.304945
898.519286 -46.283040 -194018.562959 3060.133894 0.288579 0.892778 -0.345933 -0.533889 0.449964 0.715887 -0.794786 0.021900 -0.606495
1280.796843 -123.127792 -313782.012078 21613.895751 0.243666 0.943298 -0.225422 -0.482715 0.319549 0.815399 -0.841197 0.089870 -0.533207
17.522809 -34.285857 -4160.995420 655.980942 0.374991 0.809990 -0.450886 -0.360800 0.575549 0.733871 -0.853935 0.112515 -0.508070
23.065705 -31.956627 -5260.770384 599.980237 0.339908 0.820334 -0.459907 -0.425304 0.570244 0.702807 -0.838796 0.043290 -0.542722
-8.731878 -39.069860 -318.512168 -917.389381 -0.465880 -0.583972 0.664780 0.317648 0.590838 0.741627 -0.825867 0.556675 -0.089763
-10.045975 -40.649383 166.732932 -1218.831060 0.445640 0.614410 -0.651081 0.331655 0.562227 0.757566 -0.831511 0.553535 -0.046779
-9.753845 -41.841627 638.069465 -208.241417 0.484812 0.598785 -0.637506 0.441802 0.461404 0.769362 -0.754830 0.654647 0.040850
-7.597146 -36.568114 874.518464 -1465.178239 -0.423265 -0.603746 0.675528 0.208709 0.660583 0.721160 -0.881639 0.446230 -0.153594
-7.953201 -40.026536 687.044409 -332.283279 0.507381 0.573124 -0.643500 0.410778 0.495591 0.765278 -0.757513 0.652624 -0.016027
-8.226943 -37.409051 -848.277469 -770.689964 -0.497036 -0.554309 0.667606 0.291125 0.618253 0.730075 -0.817436 0.557230 -0.145920
-7.812392 -35.512756 -23.030448 -1045.967465 -0.452611 -0.573912 0.682472 0.193555 0.683875 0.703456 -0.870448 0.450488 -0.198446
-9.050876 -17.035716 1399.794503 -1289.836539 -0.457618 0.789766 0.408480 0.691382 0.604929 -0.395034 0.559086 -0.101641 0.822856
-12.240141 -15.303177 -1545.483593 -659.026915 0.209297 0.977701 -0.017200 0.776827 -0.176928 -0.604348 0.593915 -0.113127 0.796535
-9.231363 -21.181601 -1199.935349 -879.029733 0.654415 -0.530254 -0.539046 0.443248 0.846584 -0.294662 0.612594 -0.046100 0.789052
-6.188068 -22.301828 -861.289289 -1275.090419 0.630547 -0.605694 -0.485330 0.515471 0.794284 -0.321563 0.580258 -0.047413 0.813051
-5.219105 -24.248308 -363.938156 -253.936876 0.703970 -0.440713 -0.556954 0.326696 0.897237 -0.297045 0.630632 0.027156 0.775607
-7.208558 -22.386823 -652.365326 -232.302440 0.734941 -0.296089 -0.610076 0.210290 0.954804 -0.210067 0.644702 0.026094 0.763989
-5.160449 -37.746214 1719.825963 -53.894298 0.551519 0.716515 -0.427122 0.218818 -0.618376 -0.754804 0.804951 -0.322827 0.497832
1.832760 -37.428440 2378.235104 44.560658 0.537098 0.707899 -0.458700 0.184918 -0.629378 -0.754778 0.823002 -0.320568 0.468940
-4.039918 -37.469205 1728.957364 -510.887532 0.546178 0.718262 -0.431032 0.334803 -0.658855 -0.673659 0.767852 -0.223627 0.600329
1.062941 -36.753111 2679.681867 524.378416 0.531213 0.714280 -0.455651 0.066836 -0.571460 -0.817904 0.844598 -0.404027 0.351306
-7.387458 -37.414355 492.252906 -481.563709 0.571936 0.712986 -0.405636 0.353584 -0.660479 -0.662379 0.740181 -0.235413 0.629852
-6.054277 -36.855979 1648.079209 398.807783 0.555842 0.719852 -0.415756 0.106862 -0.557860 -0.823026 0.824391 -0.413044 0.387007
-8.068089 -37.566900 137.230014 -53.728321 0.586621 0.704560 -0.399339 0.240836 -0.622554 -0.744597 0.773223 -0.340621 0.534886
-7.623819 -152.436011 78.961007 6454.037115 -0.208446 -0.370627 0.905089 -0.631341 0.757770 0.164901 -0.746966 -0.537047 -0.391946
-9.596177 -174.365130 -1439.312188 -5886.808843 0.199040 0.342620 -0.918147 0.787283 -0.613821 -0.058385 -0.583582 -0.711221 -0.391914
-6.758521 -158.569177 -710.348586 3962.128710 0.190680 0.346533 -0.918453 0.885909 -0.463773 0.008942 -0.422855 -0.815371 -0.395429
-5.473468 -149.341018 -351.274490 -5303.801213 0.186550 0.340539 -0.921538 0.765532 -0.638291 -0.080900 -0.615759 -0.690375 -0.379767
-6.478764 -169.590937 2174.730141 4156.841534 -0.176267 -0.565326 0.805814 0.971208 -0.233167 0.048866 0.160264 0.791227 0.590149
-7.900398 -169.415402 1149.843240 5635.095302 -0.171145 -0.524103 0.834282 0.958949 -0.282943 0.018972 0.226111 0.803281 0.551012
-7.052630 -174.671897 1800.240108 -6870.516466 -0.159774 -0.555749 0.815853 0.978556 0.019675 0.205040 -0.130002 0.831117 0.540688
12.341927 -86.859513 -113.349893 -11226.744373 0.413080 0.408069 -0.814153 0.115975 0.863141 0.491465 0.903280 -0.297436 0.309220
9.502243 -49.563993 181.953077 -2405.773884 0.403036 0.374346 -0.835121 0.263969 0.826185 0.497734 0.876289 -0.421051 0.234167
10.834652 -65.651780 -438.229625 -7815.245243 0.444841 0.417118 -0.792546 0.151899 0.836965 0.525753 0.882634 -0.354264 0.308957
12.769300 -111.619575 -538.875734 -14729.692939 0.459483 0.453568 -0.763643 0.007936 0.857647 0.514177 0.888151 -0.242316 0.390475
-36.986722 -1063.279621 -3270.886143 -267180.148924 0.276661 0.421285 -0.863700 0.139807 0.871573 0.469909 0.950743 -0.250757 0.182232
26.319541 -380.510874 -1002.532557 25952.372278 0.154716 0.358571 -0.920592 -0.267240 0.912264 0.310414 0.951129 0.197993 0.236966
26.314815 -464.311021 -4059.667212 -12497.361254 0.186205 0.381762 -0.905309 0.422992 0.800510 0.424571 0.886795 -0.461996 -0.012423
-13.037563 -23.765976 -72.167286 219.277831 0.549674 0.663389 -0.507715 0.678627 -0.000174 0.734483 0.487160 -0.748275 -0.450289
-10.747177 -23.114255 75.541131 275.944249 0.548678 0.666256 -0.505030 0.625132 0.074156 0.776989 0.555124 -0.742027 -0.375810
-12.004160 -23.860831 -226.867818 128.702357 0.452714 0.613608 -0.646943 0.766213 0.103368 0.634218 0.456035 -0.782815 -0.423359
-13.637173 -23.426572 -307.883094 -149.689308 0.478251 0.616314 -0.625646 0.796527 -0.004351 0.604588 0.369894 -0.787489 -0.492991
-6.065754 -31.494193 302.815389 -409.133117 -0.388619 -0.775067 0.498243 0.916198 -0.267686 0.298204 -0.097755 0.572377 0.814143
-6.330205 -32.946027 575.957720 -430.608075 -0.385505 -0.774968 0.500809 0.921434 -0.351818 0.164872 0.048423 0.525022 0.849710
-6.918471 -31.829369 443.814204 -654.506017 -0.405242 -0.758872 0.509796 0.908529 -0.272227 0.316966 -0.101756 0.591612 0.799775
7.615419 -83.038534 -280.104894 7096.055659 0.437564 0.784503 -0.439423 -0.601341 -0.108026 -0.791656 0.668526 -0.610643 -0.424486
11.039262 -84.552802 -271.742776 -51.754119 0.448715 0.784731 -0.427612 -0.408042 -0.245797 -0.879253 0.795083 -0.569018 -0.209910
8.863522 -85.966436 224.723897 335.970701 0.371925 0.811571 -0.450582 -0.549393 -0.198806 -0.811569 0.748225 -0.549389 -0.371930
6.336026 -87.409855 164.267380 -2263.514481 0.360233 0.814874 -0.454106 -0.655757 -0.125024 -0.744548 0.663487 -0.565994 -0.489321
5.368413 -88.619583 573.954648 -4046.805515 0.288844 0.837587 -0.463699 -0.645433 -0.187361 -0.740481 0.707097 -0.513170 -0.486488
7.359136 -81.925170 728.246373 -1696.587840 0.289928 0.833028 -0.471176 -0.532079 -0.268923 -0.802853 0.795509 -0.483472 -0.365268
15.939981 -82.471743 1328.872714 -2503.271400 -0.662633 -0.289950 -0.690540 0.717176 0.020035 -0.696604 0.215815 -0.956832 0.194669
39.706296 -87.519222 -5144.243256 8227.763615 0.718419 0.312961 0.621232 0.622901 0.108085 -0.774798 0.309628 -0.943596 0.117293
8.095574 -131.316459 692.877834 -16633.808469 -0.553468 -0.193131 -0.810169 0.777883 0.227721 -0.585697 0.297609 -0.954381 0.024197
-36.616478 -56.697934 -584.883521 -1211.203560 0.485325 0.857531 -0.170588 -0.472057 0.421220 0.774426 -0.735949 0.295321 -0.609232
-36.960618 -53.835217 -665.167018 -1322.826139 0.255452 0.966673 -0.016958 -0.599855 0.172224 0.781353 -0.758234 0.189426 -0.623859
18.421015 -65.088943 505.062950 1816.129029 0.762471 0.405616 0.504097 -0.336433 -0.416956 0.844370 -0.552676 0.813403 0.181455
17.174303 -60.239483 694.626712 5261.151143 0.754202 0.384915 0.531997 -0.233103 -0.600466 0.764921 -0.613875 0.700915 0.363148
4.037650 -33.911436 -1126.316170 -653.422943 0.964613 0.262413 -0.025722 -0.255039 0.953339 0.161556 -0.066916 0.149278 -0.986528
11.846282 -35.487154 -451.605347 -41.374641 0.909070 0.415973 0.023635 -0.394934 0.842241 0.366956 -0.132737 0.342923 -0.929938
4.217994 -33.073687 -57.739116 143.684932 0.869468 0.493840 0.012100 -0.477441 0.833804 0.277166 -0.126786 0.246764 -0.960746
8.574394 -33.233321 -364.559260 71.988089 0.799527 0.599968 0.028181 -0.567103 0.738611 0.364483 -0.197863 0.307396 -0.930784
22.334838 -19.925904 1088.311143 -879.722695 0.760782 0.647679 -0.041510 -0.579477 0.649084 -0.492845 0.292262 -0.399001 -0.869127
14.766141 -16.812863 1978.222161 -533.508845 0.759483 0.650249 0.019007 -0.543320 0.650118 -0.531178 0.357755 -0.393094 -0.847047
8.997707 -16.595642 -2247.060273 -874.289024 -0.793282 -0.598845 -0.109949 -0.457336 0.705281 -0.541686 0.401931 -0.379426 -0.833359
4.833580 -55.588961 552.013324 -156.815331 -0.218748 0.881112 0.419274 -0.185525 0.384287 -0.904380 0.957982 0.275617 -0.079406
4.550248 -55.834390 84.559430 -597.711456 -0.201159 0.901431 0.383350 -0.007892 0.389846 -0.920846 0.979527 0.188262 0.071306
4.359048 -49.745390 78.892696 -1080.675078 -0.213037 0.916469 0.338674 0.220709 0.382811 -0.897075 0.951789 0.116362 0.283826
4.033704 -46.067572 151.363901 -1056.857826 -0.234465 0.915282 0.327544 0.262575 0.384039 -0.885194 0.935992 0.121542 0.330374
-5.726511 -79.864466 243.801730 760.823372 0.453736 0.891116 0.006052 0.852602 -0.432130 -0.293825 0.259217 -0.138479 0.955840
-4.616899 -77.245713 195.957814 -1714.811453 0.472905 0.881105 0.003692 0.880360 -0.472324 -0.043313 0.036419 -0.023733 0.999055
-4.497367 -72.972046 120.234037 -1681.618128 -0.517767 -0.854652 -0.038556 0.855354 -0.518031 -0.003564 -0.016927 -0.034824 0.999250
3.553437 -64.179584 -544.990284 3100.645153 0.527022 0.849819 -0.007459 0.534586 -0.324679 0.780257 -0.660656 0.415200 0.625414
6.420346 -66.248817 -869.573984 2293.556537 0.529803 0.847556 -0.030935 0.536629 -0.306753 0.786087 -0.656763 0.433072 0.617342
8.421392 -63.130269 -980.465256 319.376294 0.553746 0.832587 -0.012814 0.634010 -0.411598 0.654689 -0.539812 0.370656 0.755789
580.773935 -35.723060 -188102.413610 -694.532415 0.210780 -0.543091 0.812788 0.964576 0.250485 -0.082773 -0.158638 0.801442 0.576650
783.735371 -35.713233 -95066.407702 -370.207681 0.272002 -0.901692 0.336104 0.960657 0.274815 -0.040173 -0.056143 0.333808 0.940968
514.180231 -33.735412 -140473.629458 -1776.170123 0.086472 -0.475110 0.875667 0.959450 0.276415 0.055228 -0.268287 0.835383 0.479746
4864.026947 -200.825675 -1514292.067344 36858.012373 0.175180 -0.180234 0.967899 0.944979 0.306652 -0.113930 -0.276274 0.934602 0.224036
3013.635926 -85.744905 -1142661.119547 15702.402604 0.250686 -0.127030 0.959698 0.941656 0.261988 -0.211295 -0.224588 0.956674 0.185295
10.955049 -65.932629 -1259.699191 259.177052 0.599426 0.800430 0.000311 0.718356 -0.538134 0.440881 -0.353062 0.264052 0.897565
8.104272 -63.606534 -425.655531 -488.851477 0.600176 0.799771 -0.012478 0.780150 -0.581867 0.229776 -0.176507 0.147641 0.973164
9.237683 -72.944835 -131.117166 2838.426460 0.607092 0.789693 -0.088456 0.685321 -0.463982 0.561298 -0.402211 0.401380 0.822873
6.882234 -66.289526 -440.387230 -979.526368 0.583551 0.812076 -0.001186 0.782269 -0.561739 0.269268 -0.218000 0.158059 0.963065
8.081080 -63.332927 -706.473414 -772.782268 0.578132 0.815943 -0.000225 0.715041 -0.506506 0.481838 -0.393038 0.278727 0.876260
12.134136 -67.339393 -1233.866297 895.828287 0.578557 0.814864 -0.035611 0.644658 -0.430090 0.632012 -0.499688 0.388612 0.774140
0.422441 -58.672479 197.550869 -580.075918 0.103833 0.976430 0.189218 0.294330 -0.211891 0.931919 -0.950047 0.041071 0.309393
-0.701595 -60.756196 -344.319814 -899.521703 0.073925 0.975717 0.206183 0.307919 -0.218979 0.925869 -0.948536 0.004958 0.316630
2.982622 -61.987301 -1805.062600 -106.906219 0.673393 0.739197 0.011402 0.367138 -0.320989 -0.873027 0.641679 -0.592077 0.487539
-4.921126 -60.761194 -803.210383 36.873619 0.635633 0.771168 0.035647 0.288935 -0.194826 -0.937315 0.715882 -0.606088 0.346655
-8.680297 -60.478362 -35.501240 -178.358597 0.574990 0.815667 0.063829 0.334671 -0.163294 -0.928079 0.746580 -0.554998 0.366873
12.666211 -160.083196 1616.498972 24574.361632 -0.689412 0.427508 -0.584763 0.721915 0.471897 -0.506114 0.059580 -0.771071 -0.633956
11.570204 -168.443100 -188.286857 14168.683160 -0.659385 0.382947 -0.646964 0.717202 0.062341 -0.694071 -0.225460 -0.921664 -0.315757
12.563650 -152.893835 142.996055 23027.030367 -0.705438 0.362183 -0.609246 0.708228 0.393851 -0.585913 0.027745 -0.844810 -0.534346
14.373475 -189.021845 1117.137091 18662.544117 0.703212 -0.291750 0.648363 0.684854 0.033019 -0.727932 -0.190965 -0.955925 -0.223026
-2.306352 -32.481183 121.612080 1629.324923 0.203325 -0.097510 0.974244 0.752636 0.652003 -0.091818 -0.626257 0.751920 0.205958
-5.855380 -930.062685 -1720.127864 253445.107610 0.727415 -0.350692 0.589815 0.684210 0.305302 -0.662305 -0.052193 -0.885328 -0.462028
0.425201 -410.887889 -1056.819488 -70956.062549 0.778173 -0.354226 0.518625 0.549100 -0.017104 -0.835582 -0.304855 -0.935004 -0.181196
-10.047690 -486.880680 1163.112465 51524.271289 0.715789 -0.325125 0.618013 0.573111 -0.232145 -0.785909 -0.398987 -0.916735 -0.020166
-10.849850 -24.588202 -405.341947 127.875179 0.744789 0.478613 -0.464994 -0.630347 0.733279 -0.254882 -0.218980 -0.482941 -0.847830
-10.285487 -23.914723 -317.232112 216.323642 0.718678 0.503069 -0.480024 -0.634737 0.756511 -0.157481 -0.283920 -0.417867 -0.863005
-11.577209 -22.917494 -346.707987 312.303859 0.707788 0.549155 -0.444370 -0.652558 0.749184 -0.113541 -0.270564 -0.370340 -0.888619
2.790222 -131.424785 369.907566 -28548.808510 0.397679 0.916039 0.052187 0.618099 -0.225432 -0.753083 0.678089 -0.331742 0.655852
436.912389 -17761.291517 29458.087059 4843722.512728 0.884144 -0.284218 0.370823 -0.109361 0.645746 0.755680 0.454235 0.708683 -0.539850
-32.541634 -43.719104 -1660.330702 1984.243661 0.980312 -0.196288 -0.021447 -0.124343 -0.529303 -0.839272 -0.153387 -0.825415 0.543289
-36.668919 -44.455658 -789.875797 1745.788537 0.944904 -0.181255 -0.272587 -0.327213 -0.499017 -0.802443 -0.009421 -0.847425 0.530832
-36.049673 -43.682208 -706.780674 71.666621 0.940896 -0.221015 -0.256647 -0.338620 -0.629979 -0.698902 0.007215 -0.744499 0.667584
10.273118 -17.970964 -4665.934920 -3056.695786 0.693298 0.676165 0.249277 0.342978 -0.613810 0.711058 -0.633801 0.407478 0.657463
32.459493 -26.269327 -8107.347099 -3332.483241 0.717762 0.588268 0.372504 -0.384454 0.780869 -0.492381 -0.580528 0.210202 0.786640
15.019525 -18.417289 -5970.585011 -1038.083336 0.760171 0.407121 0.506352 -0.195949 0.886703 -0.418761 -0.619471 0.219111 0.753821
28.008967 -23.191618 -6728.130216 361.769344 0.691707 0.684139 0.231291 0.425023 -0.644577 0.635513 -0.583864 0.341285 0.736633
-10.929003 -16.598421 -1002.943891 6.927098 0.990674 0.136099 -0.006540 -0.091678 0.630283 -0.770933 0.100802 -0.764343 -0.636882
-13.569290 -17.871010 -437.915358 576.118484 0.758616 0.478274 -0.442443 -0.630798 0.369174 -0.682499 0.163083 -0.796847 -0.581755
-3.483788 -60.392862 709.220994 -1012.066504 -0.426884 -0.643387 0.635471 -0.325584 0.764939 0.555754 -0.843662 0.030343 -0.536017
-0.900692 -56.285817 458.386306 -647.453065 -0.426505 -0.642732 0.636387 -0.293495 0.763864 0.574781 -0.855543 0.058371 -0.514431
-1.012788 -55.309378 411.546324 414.555309 -0.438809 -0.602735 0.666451 -0.099429 0.769686 0.630633 -0.893063 0.210463 -0.397674
2087.372764 -43.342729 -576339.011909 13137.970961 0.256499 0.914988 -0.311457 -0.538054 0.402863 0.740404 -0.802936 0.022332 -0.595647
297.878177 -29.732587 -106675.102146 790.596359 0.353975 0.809169 -0.468984 -0.381850 0.582791 0.717318 -0.853752 0.074831 -0.515275
172.284004 -32.485432 -54871.536225 2207.141514 0.363657 0.824518 -0.433501 -0.326757 0.548701 0.769517 -0.872344 0.138190 -0.468956
-9.319357 -37.642293 16.483514 -1935.010297 -0.427394 -0.625839 0.652426 0.216937 0.629579 0.746035 -0.877652 0.460386 -0.133311
-5.586342 -16.525423 -2369.191972 -1117.170340 0.350906 0.933859 -0.069075 0.757758 -0.326524 -0.564965 0.550152 -0.145907 0.822219
2.374269 -37.192470 1942.812737 -339.196060 0.545395 0.704019 -0.454864 0.301137 -0.671031 -0.677520 0.782215 -0.232540 0.577983
7.960654 -36.814873 1674.877451 118.018144 0.563582 0.678211 -0.471598 0.153811 -0.647073 -0.746752 0.811614 -0.348319 0.468996
8.044549 -36.212909 2038.429179 574.483039 0.554951 0.685134 -0.471827 0.038211 -0.587575 -0.808267 0.831005 -0.430520 0.352255
-12.605585 -166.043581 1198.833264 14796.838013 -0.233947 -0.371542 0.898457 -0.620502 0.768486 0.156224 -0.748496 -0.520947 -0.410327
-12.176086 -164.098818 -1252.883891 -2987.892146 0.225111 0.367084 -0.902538 0.870583 -0.491724 0.017144 -0.437506 -0.789593 -0.430269
-9.616409 -178.867844 1170.570568 25434.677878 -0.218712 -0.354032 0.909300 -0.435869 0.869174 0.233571 -0.873031 -0.345251 -0.344410
-9.315434 -184.932621 2148.828827 -18549.773840 -0.144501 -0.535513 0.832073 0.960175 0.127332 0.248698 -0.239131 0.834873 0.495786
-13.140896 -159.531152 335.943334 -47.046325 -0.148884 -0.489626 0.859127 0.987514 -0.118838 0.103407 0.051466 0.863796 0.501206
8.805424 -78.020664 645.492185 -8907.307314 0.357005 0.366972 -0.858999 0.203458 0.866970 0.454936 0.911675 -0.337185 0.234849
7.665633 -42.302225 552.763666 258.713096 0.362570 0.323777 -0.873906 0.423687 0.777940 0.464003 0.830080 -0.538496 0.144877
7.957207 -39.378722 -157.621416 -294.257912 0.412630 0.354482 -0.839094 0.358729 0.783492 0.507399 0.837287 -0.510375 0.196129
5.809520 -48.362507 663.085529 -1473.620393 0.349052 0.338172 -0.873958 0.373578 0.805089 0.460728 0.859420 -0.487310 0.154684
-256.380692 -2211.334752 48759.993947 -437760.330497 0.533674 -0.401461 -0.744326 0.781083 -0.103412 0.615805 -0.324194 -0.910019 0.258386
-999.505146 -40640.370231 6219608.477536 -38997544.222083 0.574866 -0.596571 0.560028 0.245789 0.778715 0.577227 -0.780459 -0.194180 0.594287
-291.907773 -2743.975711 -46649.460938 -1250962.778790 -0.197071 -0.234233 0.951997 -0.249661 0.951016 0.182310 -0.948068 -0.201749 -0.245897
-10.746962 -23.467139 342.918730 -251.068248 0.629209 0.700106 -0.337562 -0.523573 0.060811 -0.849808 0.574428 -0.711445 -0.404819
-8.623205 -22.207688 176.211323 -306.420202 0.620966 0.700316 -0.352078 -0.477276 -0.018491 -0.878559 0.621779 -0.713594 -0.322761
-8.449671 -21.997855 138.594993 357.829930 0.554137 0.664878 -0.500869 0.564645 0.141888 0.813046 0.611644 -0.733351 -0.296795
6.750773 -36.695745 -6295.146158 -2182.008819 0.429134 0.778268 -0.458413 0.081976 0.471867 0.877850 -0.899513 0.414295 -0.138695
-2.886729 -34.851923 -1050.792620 -2054.010286 0.428387 0.713452 -0.554500 0.109213 0.568280 0.815555 -0.896971 0.409932 -0.165526
18.094836 -32.216250 -10746.244954 -2199.906174 0.416753 0.752212 -0.510386 0.022058 0.552935 0.832933 -0.908752 0.358385 -0.213845
-9.762699 -39.850140 11.466691 -1784.264693 0.431145 0.730537 -0.529557 0.203407 0.493105 0.845856 -0.879056 0.472402 -0.064003
-1.853657 -40.728578 -3492.661208 -1237.025426 0.438531 0.792333 -0.424145 0.173459 0.388450 0.904996 -0.881818 0.470441 -0.032910
8.539091 -79.359647 -613.165465 4075.822922 0.490181 0.766880 -0.414268 -0.484323 -0.155515 -0.860957 0.724675 -0.622664 -0.295187
11.902395 -89.270292 -611.660579 -3842.274234 0.519872 0.784201 -0.338765 -0.201943 -0.272506 -0.940723 0.830032 -0.557466 -0.016696
17.107201 -86.725461 618.094053 -230.248567 0.433675 0.816926 -0.380207 -0.209306 -0.319080 -0.924326 0.876423 -0.480436 -0.032610
41.891340 -125.668265 6195.471706 17989.879506 -0.649458 -0.313959 -0.692556 0.741499 -0.059696 -0.668293 0.168474 -0.947558 0.271570
55.293888 -80.862367 -5423.170329 10111.854979 0.751598 0.455840 0.476771 0.530141 0.012638 -0.847815 0.392493 -0.889972 0.232161
37.000548 -57.100836 -4476.732861 5226.033314 0.766843 0.423982 0.481863 0.431386 0.215433 -0.876068 0.475246 -0.879675 0.017697
128.486701 -548.977898 5184.286057 143421.617037 -0.604205 -0.427980 -0.672138 0.759268 -0.053300 -0.648592 0.241759 -0.902215 0.357156
-21.042534 -55.946338 3420.581529 -779.485879 0.624759 0.776039 -0.086248 -0.459996 0.455063 0.762444 -0.630935 0.436670 -0.641280
15.529973 -48.227790 238.323513 2336.578814 0.649675 0.615766 0.445819 -0.133671 -0.484774 0.864365 -0.748368 0.621149 0.232635
11.978375 -41.488638 -169.333666 -2962.465634 0.650028 0.570702 0.501759 0.066057 0.615352 -0.785480 -0.757034 0.543728 0.362297
3.070935 -4.422793 1967.001276 -2133.586213 -0.304577 0.706747 -0.638546 -0.811215 -0.543807 -0.214951 0.499162 -0.452529 -0.738955
2.605009 -3.940435 3148.513271 -1788.341835 0.177238 0.881989 -0.436671 -0.864072 -0.072948 -0.498054 0.471133 -0.465589 -0.749173
7.568031 5.244324 2445.465526 -3579.194087 -0.120834 0.790662 -0.600211 -0.823190 -0.417718 -0.384538 0.554758 -0.447623 -0.701339
-2.497676 -6.266298 1463.174994 -594.802735 -0.122426 0.800387 -0.586850 0.889961 0.350256 0.292044 0.439296 -0.486520 -0.755194
3.566389 -2.362714 -831.182141 2484.812141 -0.701645 0.266313 -0.660887 0.485561 0.857522 -0.169957 0.521464 -0.440151 -0.730988
-0.896686 -6.334991 -309.980150 383.922943 -0.572573 0.464379 -0.675657 0.678727 0.730761 -0.072923 0.459880 -0.500340 -0.733600
26.694319 -27.394839 3371.749762 -1289.703499 0.761645 0.647888 0.011737 -0.604550 0.716984 -0.347063 0.233273 -0.257244 -0.937768
29.481391 -23.462800 610.829006 -814.303801 0.768393 0.636238 -0.069091 -0.602938 0.683493 -0.411464 0.214566 -0.357824 -0.908803
25.768813 -30.741986 -5210.323778 -1035.496776 -0.752274 -0.652424 -0.091797 -0.617219 0.746607 -0.248231 0.230488 -0.130079 -0.964341
33.668776 -30.019877 2142.875226 -898.198278 0.769318 0.632602 -0.089245 -0.631628 0.732177 -0.254879 0.095894 -0.252453 -0.962846
35.322304 -26.537967 -640.721231 -1451.832280 0.765754 0.618748 -0.175418 -0.634646 0.682831 -0.361892 0.104139 -0.388449 -0.915567
2.192645 -51.852984 467.009401 1016.784168 -0.245153 0.879433 0.408041 -0.333307 0.318775 -0.887293 0.910388 0.353525 -0.214973
3.611502 -53.581620 810.349880 330.331034 -0.228527 0.865465 0.445809 -0.339972 0.358152 -0.869567 0.912247 0.350282 -0.212386
-0.692117 -51.243740 -7.928442 1166.187402 -0.235434 0.893765 0.381778 -0.445399 0.249920 -0.859744 0.863823 0.372457 -0.339242
0.733562 -50.849561 291.693357 941.408521 -0.224749 0.877478 0.423699 -0.481022 0.278238 -0.831385 0.847411 0.390662 -0.359553
-7.983077 -72.635677 -42.268645 1092.607815 0.455167 0.888557 0.057355 0.704880 -0.320223 -0.632931 0.544029 -0.328518 0.772080
-8.380808 -67.833355 -55.995323 1732.204898 0.450886 0.889255 0.076988 0.591437 -0.233049 -0.771939 0.668509 -0.393590 0.631017
-8.412694 -64.816272 -147.873832 2230.991244 0.484803 0.869212 0.097143 0.563492 -0.225466 -0.794759 0.668911 -0.440041 0.599101
0.745873 -54.961189 -101.387902 1480.070342 0.549692 0.835021 0.024053 0.621071 -0.427766 0.656725 -0.558668 0.346058 0.753747
0.017585 -52.360496 0.600284 -1391.030291 0.572526 0.818902 0.040167 0.673070 -0.497415 0.547317 -0.468178 0.286318 0.835961
0.155437 -57.565950 -203.413863 -2875.127433 0.582803 0.810339 0.060751 0.732718 -0.556358 0.391906 -0.351376 0.183890 0.917997
1023.544417 -36.561153 -322826.330810 -1025.720033 0.182358 -0.834491 0.519971 0.955273 0.275587 0.107263 -0.232807 0.477154 0.847422
7784.526664 -82.172896 7508155.710941 -24809.817800 0.329272 -0.927641 -0.176245 0.942768 0.333382 0.006633 0.052604 -0.168343 0.984324
1.747017 -66.166177 -1320.770828 1254.085625 0.638450 0.768033 0.050074 0.603863 -0.459515 -0.651303 0.477213 -0.446062 0.757163
-1.480458 -68.611991 765.558909 1343.302329 -0.606404 -0.791791 -0.073086 0.716846 -0.504592 -0.481164 0.344103 -0.344171 0.873579
5.421016 -9.140590 -5308.078158 2222.572378 -0.208651 -0.219148 0.953121 0.908444 0.317511 0.271875 -0.362208 0.922584 0.132835
-1.438925 -7.177958 -6213.806291 1162.791927 -0.390209 -0.257880 0.883875 0.857233 0.248559 0.450966 -0.335991 0.933657 0.124074
30.122515 -3.606068 -9743.938000 1142.087819 -0.492314 -0.294316 0.819149 0.807031 0.198215 0.556248 -0.326080 0.934927 0.139938
-3.476948 -18.860633 -1945.258554 4438.253692 0.274910 -0.019301 0.961276 0.876469 0.416042 -0.242303 -0.395255 0.909140 0.131291
-0.805281 -23.254364 -1386.546947 3719.508301 0.233769 -0.046976 0.971157 0.868259 0.459613 -0.186768 -0.437583 0.886876 0.148231
18.308769 -352.880321 222.404436 -18667.351062 -0.681036 0.409561 -0.607000 0.564076 0.822007 -0.078244 0.466913 -0.395682 -0.790840
69.573285 -1194.834580 -22865.415516 -256173.213013 -0.690999 0.430856 -0.580417 0.394543 0.897600 0.196596 0.605687 -0.093152 -0.790232
