16191
32370
-37.328853 -56.669483 -281.480934 -5964.713988 0.710242 -0.695029 -0.111767 0.434406 0.307789 0.846497 0.553939 0.649770 -0.520529
-33.170481 -54.391794 579.301231 -4715.589268 0.836356 -0.541491 0.085418 0.213656 0.465484 0.858880 0.504837 0.700080 -0.505003
-41.723674 -64.676064 -545.947032 -3679.017857 0.731822 -0.668848 -0.130687 0.348556 0.202563 0.915138 0.585616 0.715270 -0.381370
-32.376345 -44.507961 414.192957 -5460.632418 0.774095 -0.633069 0.001272 0.386308 0.473954 0.791286 0.501541 0.612039 -0.611444
-39.752207 -72.880557 -880.730825 -8935.662829 -0.537528 0.748076 0.389160 0.575446 -0.011923 0.817753 0.616382 0.663505 -0.424068
-31.859504 -61.989643 -3932.263283 -10557.255087 -0.498661 0.804712 0.322142 0.655939 0.107376 0.747137 0.566640 0.583874 -0.581386
4.533030 -33.767429 6914.938066 5604.423311 0.750159 -0.539323 0.382613 0.629542 0.759531 -0.163673 0.202334 -0.363652 -0.909296
-4.691461 -9.383347 9147.852093 -5183.269400 0.869064 0.487669 0.083102 -0.428945 0.826527 -0.364498 0.246441 -0.281126 -0.927489
8.221669 -4.783274 -5137.107415 6080.821781 -0.436704 0.830295 -0.346266 0.867887 0.490153 0.080753 0.236773 -0.265255 -0.934654
-14.216114 -26.196657 4255.853423 6138.334150 0.907508 -0.315265 0.277557 0.382541 0.893244 -0.236171 0.173470 -0.320504 -0.931228
11.118743 -34.204599 4777.906353 916.946129 -0.813737 0.561678 -0.149498 0.541068 0.825974 0.158152 0.212312 0.047806 -0.976032
5.700267 -31.150030 4541.502448 1477.564595 -0.850486 0.504166 -0.149965 0.467934 0.855414 0.222047 0.240231 0.118674 -0.963434
0.673014 -33.215847 3992.986837 287.516629 -0.831934 0.534420 -0.149268 0.516436 0.844142 0.143936 0.202926 0.042658 -0.978264
-6.803414 -32.963786 3036.795757 271.826795 -0.832865 0.529056 -0.162589 0.522573 0.848453 0.083933 0.182354 -0.015059 -0.983118
3.019358 -34.796627 4012.462647 40.753740 -0.801056 0.581910 -0.140321 0.577369 0.812992 0.075423 0.157969 -0.020599 -0.987229
6.926601 -81.295258 -2727.487617 -8180.692725 0.285902 0.118505 -0.950903 0.882912 -0.418277 0.213333 -0.372460 -0.900556 -0.224216
19.424813 -67.602780 -5981.624154 -4759.828253 0.201380 0.155468 -0.967097 0.906554 -0.403493 0.123908 -0.370953 -0.901678 -0.222196
7.675910 -61.296222 -2486.285378 -3114.788238 0.307638 0.121969 -0.943654 0.813690 -0.547808 0.194463 -0.493222 -0.827666 -0.267772
20.770784 -93.322641 -6409.388931 -10462.484010 0.200913 0.132767 -0.970570 0.954045 -0.251388 0.163104 -0.222335 -0.958737 -0.177173
0.476720 -68.657380 -1056.576258 -4738.425363 0.366419 0.084361 -0.926618 0.779607 -0.571440 0.256260 -0.507888 -0.816296 -0.275155
0.066938 -92.831994 -1148.634804 -10106.291974 0.343333 0.088777 -0.935009 0.862603 -0.423617 0.276524 -0.371537 -0.901481 -0.222021
8.163088 -121.549725 -2612.144175 -16845.993043 0.301358 0.110391 -0.947099 0.936687 -0.220037 0.272398 -0.178327 -0.969225 -0.169712
100.423201 -7.337472 -4094.802414 302.962894 0.808217 -0.149836 -0.569504 -0.588331 -0.247384 -0.769849 0.025535 -0.957262 0.288093
111.095897 -15.917422 17247.430696 3634.845280 0.958762 -0.210508 -0.190949 -0.234731 -0.207708 -0.949610 -0.160238 -0.955272 0.248555
187.886133 8.215928 -18603.301205 -92.826108 0.773037 -0.257767 -0.579629 -0.634262 -0.297936 -0.713405 -0.011200 -0.919125 0.393808
151.965695 -13.984347 -5917.149228 -652.191600 0.838162 -0.506745 -0.201726 -0.385116 -0.287949 -0.876796 -0.386225 -0.812585 0.436503
138.408969 -16.362525 -25971.702339 4768.207213 0.545816 -0.108524 -0.830847 0.824683 0.245039 0.509759 0.148269 -0.963420 0.223245
455.166357 17.325214 -81345.796030 6105.672918 0.690870 -0.422689 -0.586543 0.721606 0.353185 0.595437 -0.044526 -0.834622 0.549020
235.408486 1.966994 -24704.875611 3686.061355 0.654510 -0.048223 -0.754514 0.725081 0.322753 0.608349 0.214185 -0.945254 0.246210
-6.038337 -51.685466 -823.065738 915.907061 -0.507051 0.861643 0.021719 0.607815 0.339587 0.717803 -0.611114 -0.377164 0.695907
-6.807310 -47.354377 -1504.462065 1401.213043 -0.518416 0.854963 0.016826 0.670133 0.393962 0.629059 -0.531194 -0.337390 0.777175
-8.563870 -50.575353 -540.654367 917.151766 -0.500640 0.865626 -0.007203 0.628644 0.369275 0.684429 -0.595119 -0.338124 0.729044
2.515746 -62.411244 -1039.333569 -1350.054977 -0.512261 0.816732 -0.265588 0.835858 0.403075 -0.372655 -0.197308 -0.412891 -0.889152
-0.256259 -64.278828 -1607.973559 619.750805 -0.526418 0.803854 -0.276952 0.810859 0.376692 -0.447896 -0.255717 -0.460350 -0.850110
-0.589460 -62.896651 -1062.701400 -783.193074 -0.507714 0.818427 -0.269079 0.853877 0.436510 -0.283465 -0.114540 -0.373679 -0.920459
2.287891 -62.775735 -948.006154 -2476.532895 -0.507974 0.819463 -0.265410 0.857540 0.452075 -0.245465 -0.081164 -0.352289 -0.932365
6.633534 -88.572448 -295.029573 -3111.465911 -0.287634 0.949851 -0.122678 -0.906139 -0.311372 -0.286287 0.310128 -0.028817 -0.950258
6.436496 -76.644987 127.788877 -7504.528548 -0.310094 0.943133 -0.119756 -0.796520 -0.326504 -0.508873 0.519036 0.062410 -0.852471
6.037933 -84.333641 408.357376 -5593.172433 -0.293356 0.950891 -0.098734 -0.885194 -0.309183 -0.347617 0.361073 0.014577 -0.932424
6.704524 -86.756789 530.621677 2300.177598 -0.280693 0.955521 -0.090502 -0.954576 -0.287745 -0.077383 0.099983 -0.064670 -0.992885
1.336668 -112.571047 -638.442918 -4034.417359 -0.353169 0.901032 -0.251820 0.112019 -0.226503 -0.967548 0.928829 0.369916 0.020939
0.298158 -118.676990 -588.012863 2100.900464 -0.363482 0.888450 -0.280246 -0.149373 -0.352511 -0.923809 0.919548 0.293927 -0.260842
1.327266 -114.473251 -171.777074 2677.740425 -0.364184 0.893931 -0.261262 -0.105547 -0.318335 -0.942084 0.925327 0.315517 -0.210285
-2.398186 -21.048148 1264.820848 -1956.928838 0.655389 -0.666041 0.356167 0.566648 0.121812 -0.814906 -0.499376 -0.735901 -0.457245
-4.164728 -27.503123 1554.095916 -3011.804182 0.721738 -0.638832 0.266436 0.514228 0.237219 -0.824194 -0.463318 -0.731861 -0.499716
-0.856399 -24.288223 1554.181905 -2252.322290 0.684760 -0.654240 0.321052 0.560028 0.190493 -0.806276 -0.466339 -0.731904 -0.496835
0.335069 -18.553179 944.463806 -1548.417579 0.631263 -0.673241 0.385036 0.589880 0.094454 -0.801948 -0.503536 -0.733365 -0.456756
-0.793249 -14.870658 -496.687988 -1219.587289 -0.566737 0.680454 -0.464534 0.626189 -0.010678 -0.779598 -0.535441 -0.732713 -0.420041
10.410995 -26.904974 -3209.689886 -2116.004635 -0.606320 0.794926 0.021660 0.203768 0.181635 -0.962023 0.768671 0.578880 0.272109
14.407742 -23.162053 -2681.137506 -1445.301493 -0.625815 0.779925 0.008513 0.256506 0.216104 -0.942074 0.736587 0.587381 0.335296
15.088953 -28.535484 -472.668715 -2190.959427 -0.661374 0.750056 0.000841 0.189754 0.168404 -0.967282 0.725657 0.639576 0.253704
12.216005 -32.460126 -2657.751547 -2209.874458 -0.621302 0.783059 0.028323 0.132440 0.140571 -0.981173 0.772298 0.605853 0.191045
14.829719 -33.455372 -752.318256 -1682.398333 -0.656162 0.754083 0.028476 0.091048 0.116573 -0.989000 0.749107 0.646351 0.145148
14.660383 -30.948649 1680.740899 -1612.910604 -0.702969 0.711179 -0.007728 0.135046 0.122803 -0.983200 0.698282 0.692202 0.182368
13.299702 -27.061149 -2387.427310 2173.779294 0.721470 -0.691051 0.043934 -0.205780 -0.153392 0.966502 0.661163 0.706342 0.252872
7.294414 -100.508366 -613.778286 1967.343244 -0.435483 0.083596 0.896307 0.894533 0.151700 0.420473 -0.100820 0.984885 -0.140842
8.757882 -108.322716 -1272.869172 2616.835554 -0.439377 0.074962 0.895170 0.880215 0.234892 0.412367 -0.179357 0.969127 -0.169189
7.084634 -104.174776 -1113.276509 1673.594726 -0.442578 0.080379 0.893120 0.842712 0.377738 0.383603 -0.306532 0.922417 -0.234915
4.315544 -103.624217 -1244.134310 1828.192376 -0.430976 0.103223 0.896440 0.880666 0.264655 0.392918 -0.196689 0.958803 -0.204965
6.119669 -103.840808 -1716.701000 -760.554485 -0.456465 0.078792 0.886246 0.729537 0.603341 0.322111 -0.509329 0.793581 -0.332886
2.462804 -105.307421 -1798.617392 640.411289 -0.446986 0.099233 0.889020 0.796743 0.496003 0.345226 -0.406699 0.862632 -0.300769
10.840970 -79.877110 -3534.399727 5105.374636 -0.380080 -0.235761 0.894402 -0.572474 0.819470 -0.027266 -0.726507 -0.522385 -0.446431
9.790092 -75.844899 -2584.850785 -6739.598967 -0.360789 -0.258463 0.896119 -0.483226 0.873611 0.057418 -0.797699 -0.412312 -0.440085
17.903986 -74.768058 -5014.212371 1033.100684 -0.370176 -0.238188 0.897906 -0.525169 0.850948 0.009222 -0.766268 -0.468139 -0.440090
25.131187 -83.478576 -4443.575131 10692.615262 -0.317371 -0.189864 0.929100 -0.548176 0.836203 -0.016371 -0.773808 -0.514506 -0.369465
17.013993 -93.970204 -6229.038319 12824.837165 -0.366882 -0.231488 0.901005 -0.619812 0.783079 -0.051193 -0.693708 -0.577235 -0.430777
-10.515079 -32.012344 544.077515 400.061372 0.650507 -0.737269 -0.182415 0.506963 0.242661 0.827106 0.565534 0.630516 -0.531621
-11.917289 -32.794419 765.631530 500.882145 0.683564 -0.718019 -0.131108 0.513873 0.345865 0.785056 0.518339 0.604009 -0.605391
-12.912695 -32.009534 515.091655 376.801002 0.654443 -0.725983 -0.211313 0.561262 0.279170 0.779133 0.506646 0.628500 -0.590168
-9.798046 -33.781892 862.290166 401.911289 0.691382 -0.717381 -0.085766 0.486664 0.374679 0.789160 0.533994 0.587351 -0.608169
-12.306496 -30.536477 643.560793 574.596798 0.631754 -0.732615 -0.253303 0.546954 0.189735 0.815379 0.549298 0.653664 -0.520572
-8.210499 -33.350627 730.676648 247.782655 0.662903 -0.738048 -0.125878 0.478898 0.288744 0.829026 0.575514 0.609846 -0.544859
-7.295442 -32.871483 656.263161 372.256174 0.616798 -0.757812 -0.212796 0.486478 0.154483 0.859927 0.618789 0.633922 -0.463943
-9.963263 -29.688993 624.557599 357.233342 0.606497 -0.748046 -0.269424 0.515024 0.111460 0.849898 0.605733 0.654220 -0.452862
28.044598 -507.326692 4850.896366 -84939.534457 0.364374 0.001028 -0.931252 -0.110930 0.992927 -0.042308 0.924622 0.118720 0.361911
60.070377 -648.772713 5499.028407 -152897.446414 0.372798 0.003767 -0.927905 0.366298 0.918181 0.150893 0.852553 -0.396142 0.340917
62.605824 -1708.580445 7529.430511 -585937.466621 0.526361 -0.189187 -0.828946 0.151804 0.980177 -0.127311 0.836600 -0.058826 0.544647
25.492371 -484.264807 7864.264602 30706.880653 0.483996 -0.052290 -0.873506 -0.454228 0.838188 -0.301857 0.747947 0.542868 0.381929
-4.944731 -53.878899 1681.143302 2248.603584 -0.367138 0.916541 -0.158628 -0.142321 -0.223880 -0.964169 0.919214 0.331407 -0.212638
-5.293410 -57.227430 251.241141 -1289.365471 -0.345695 0.925939 -0.152089 0.055728 -0.141537 -0.988363 0.936691 0.350148 0.002672
-5.102327 -58.350630 205.923572 -2174.790027 -0.333873 0.926108 -0.175649 0.020120 -0.179298 -0.983589 0.942403 0.331928 -0.041230
-4.318281 -54.808951 221.991448 3083.690217 -0.330306 0.926963 -0.177869 -0.146710 -0.236576 -0.960473 0.932402 0.291155 -0.214137
-4.678223 -53.492383 -382.440061 5578.661544 -0.320419 0.927215 -0.193917 -0.289540 -0.290777 -0.911930 0.901941 0.236053 -0.361636
-5.013230 -50.553729 -419.285419 3338.937809 -0.332737 0.920354 -0.205512 -0.298658 -0.309557 -0.902761 0.894477 0.239004 -0.377872
-5.889856 -88.533650 -263.194497 684.533100 -0.429558 0.893721 -0.129395 -0.364439 -0.302669 -0.880668 0.826235 0.331141 -0.455721
-5.758308 -94.500232 -208.608552 2980.687920 -0.434219 0.890963 -0.132811 -0.242036 -0.257408 -0.935500 0.867682 0.374066 -0.327417
-6.818466 -90.096010 -334.873186 2044.868827 -0.431440 0.892200 -0.133564 -0.361916 -0.306791 -0.880282 0.826363 0.331450 -0.455263
-116.297369 -922.702309 2987.312406 2427619.113822 -0.981993 -0.005379 -0.188839 -0.022584 0.995769 0.089072 0.187561 0.091733 -0.977960
-168.911703 -3802.927044 -318591.747010 2644521.237793 0.828046 0.560660 -0.000207 -0.560252 0.827458 0.037820 -0.021376 0.031201 -0.999285
-583.318107 -4775.256242 -269375.021435 1226217.900481 0.666250 0.659555 0.347991 -0.639163 0.264662 0.722097 -0.384163 0.703520 -0.597894
20.728654 -69.825502 -965.196309 2964.337042 0.894706 0.094783 -0.436484 0.123806 0.886307 0.446242 -0.429155 0.453294 -0.781249
21.797320 -72.537184 2130.050771 3638.660998 -0.885629 -0.115482 0.449805 0.031399 0.951480 0.306104 -0.463330 0.285218 -0.839033
37.179302 -67.943269 4297.357280 -947.376986 -0.908519 -0.029428 0.416805 0.117487 0.939283 0.322404 -0.400985 0.341879 -0.849899
39.109198 -80.078280 -4740.079381 -5122.052746 0.921768 0.051674 -0.384283 0.153605 0.861330 0.484269 -0.356019 0.505412 -0.786009
46.104528 -65.606814 5964.269713 -2728.796881 -0.930254 0.042859 0.364404 0.139984 0.959491 0.244502 -0.339163 0.278460 -0.898570
64.008215 -83.883287 -10968.958048 -7745.406335 0.929576 -0.036522 -0.366816 0.199921 0.885976 0.418423 -0.309708 0.462290 -0.830884
22.264721 -45.401813 -768.989993 6310.787712 0.417472 -0.850273 -0.320550 0.897568 0.330829 0.291418 -0.141738 -0.409375 0.901290
20.279103 -37.464307 -1469.934148 6833.549938 0.606074 -0.743027 -0.283876 0.769331 0.456964 0.446445 -0.202000 -0.488973 0.848588
29.058143 -46.920933 -2849.173807 3497.728120 0.562431 -0.776190 -0.284958 0.775206 0.375118 0.508274 -0.287625 -0.506770 0.812685
25.614440 -57.900486 -177.790460 1654.818820 0.485147 -0.833873 -0.263225 0.820744 0.330384 0.466075 -0.301682 -0.442155 0.844681
28.657519 -61.306388 -1647.743986 6536.200950 0.347031 -0.898949 -0.267321 0.931895 0.298443 0.206163 -0.105549 -0.320660 0.941295
0.684667 -37.764946 2448.830500 164.556588 0.980975 -0.152714 -0.119857 -0.192915 -0.835856 -0.513935 0.021698 -0.527279 0.849415
-2.250196 -42.360037 12215.244979 13196.713548 0.898405 -0.287274 -0.332178 -0.439050 -0.569971 -0.694527 -0.010188 -0.769809 0.638192
1.349570 -30.426047 1841.370262 -1472.787436 0.781568 -0.555788 -0.283287 -0.609412 -0.583213 -0.537104 -0.133299 -0.592421 0.794524
19.798895 -35.118202 894.009886 1933.690890 0.667364 -0.659185 -0.346554 0.722417 0.459947 0.516297 -0.180939 -0.594915 0.783159
9.028599 -45.939077 -501.908002 152.047309 -0.516506 0.845943 -0.132675 0.790946 0.530695 0.304577 -0.328065 -0.052377 0.943202
8.224124 -44.526295 -399.927171 452.322115 -0.533496 0.836492 -0.125150 0.824408 0.547347 0.144094 -0.189034 0.026301 0.981618
11.006999 -45.448298 2155.674384 171.836373 -0.534753 0.834994 -0.129711 0.797272 0.549427 0.249974 -0.279994 -0.030259 0.959525
10.882919 -45.588642 2750.768868 -117.713792 -0.522615 0.841079 -0.139498 0.754827 0.532534 0.382941 -0.396371 -0.094834 0.913179
73.729539 -65.774293 9987.973656 -12277.129727 0.082845 0.386631 -0.918506 -0.067583 0.921732 0.381893 0.994268 0.030437 0.102490
56.913725 -51.902441 9121.048831 -9386.390207 -0.069331 0.439139 -0.895740 -0.031043 0.896516 0.441922 0.997111 0.058445 -0.048524
86.544641 -42.078235 15400.783046 -4261.097952 0.025123 0.384172 -0.922920 0.014819 0.922967 0.384595 0.999575 -0.023339 0.017495
112.669497 -29.177522 17491.370327 53.878580 0.160935 0.316480 -0.934848 0.061229 0.942168 0.329499 0.985064 -0.110268 0.132250
103.955490 -40.159168 11234.987789 -7490.456861 0.236668 0.323649 -0.916100 0.031280 0.939860 0.340124 0.971087 -0.109152 0.212311
104.502291 -38.154853 20511.962818 3802.677334 -0.008878 0.336133 -0.941773 0.050926 0.940740 0.335284 0.998663 -0.044984 -0.025469
9.080622 -31.704535 5598.288217 1215.542827 0.436770 -0.888973 0.137689 0.883629 0.395284 -0.250898 0.168615 0.231251 0.958171
0.564804 -34.791254 3923.569244 1326.742006 0.460686 -0.875117 0.148118 0.886074 0.443798 -0.133853 0.051403 0.192908 0.979870
14.588890 -35.008724 5648.930900 2049.514155 0.526228 -0.838252 0.142892 0.843829 0.494010 -0.209540 0.105057 0.230842 0.967303
0.602461 -41.300120 1794.555061 2062.796704 -0.735744 0.540874 -0.407597 0.560311 0.824186 0.082275 0.380437 -0.167848 -0.909448
-1.145721 -47.824867 291.260160 2757.168247 -0.752311 0.489775 -0.440622 0.560478 0.827328 -0.037332 0.346254 -0.275045 -0.896916
5.065353 -46.128777 2053.520832 3693.332329 -0.759042 0.496526 -0.421091 0.554693 0.831838 -0.019013 0.340839 -0.248008 -0.906819
4.357000 -48.986715 -1699.219744 -660.884824 0.779977 -0.463955 0.419978 0.576543 0.793723 -0.193913 0.243379 -0.393383 -0.886575
10.263556 -40.434236 5520.655422 4857.422918 -0.763365 0.517717 -0.386319 0.527032 0.844965 0.090947 0.373511 -0.134176 -0.917871
16.738442 -44.680402 -3160.246760 903.521660 0.760360 -0.472007 0.446164 0.579023 0.803821 -0.136399 0.294255 -0.362051 -0.884496
19.820135 -42.717990 6188.663757 6474.025139 -0.768409 0.492400 -0.408766 0.517432 0.853895 0.055920 0.376579 -0.168539 -0.910924
-3.459785 -56.301848 223.064133 1801.073298 0.789915 -0.536642 0.296730 0.063447 -0.409771 -0.909979 -0.609925 -0.737633 0.289636
-2.701318 -53.238210 370.126528 322.345534 0.789994 -0.527175 0.313042 0.167994 -0.304917 -0.937445 -0.589650 -0.793166 0.152321
-1.830597 -55.891672 419.030427 1651.844099 0.794933 -0.530658 0.294083 0.086911 -0.380124 -0.920843 -0.600440 -0.757567 0.256053
-2.300777 -58.067161 536.543252 1984.223730 0.798516 -0.530583 0.284348 -0.000690 -0.473167 -0.880973 -0.601973 -0.703275 0.378198
0.247910 -58.516223 1063.176452 2129.025075 0.801102 -0.526426 0.284800 0.030029 -0.439884 -0.897552 -0.597774 -0.727584 0.336584
0.503400 -56.524035 1243.926403 712.524407 0.804638 -0.517508 0.291107 0.109715 -0.352244 -0.929455 -0.583541 -0.779814 0.226650
15.654880 -84.407421 -1502.456712 171.719356 0.577571 -0.726744 0.371828 0.512563 -0.031663 -0.858065 -0.635367 -0.686179 -0.354214
13.280233 -83.604507 1487.656113 -2375.898372 0.612003 -0.687740 0.390468 0.391906 -0.165109 -0.905068 -0.686922 -0.706932 -0.168482
16.214461 -85.108879 2059.577077 1065.079655 0.607371 -0.680908 0.409224 0.557345 -0.001843 -0.830279 -0.566098 -0.732366 -0.378381
-1.705104 -90.311588 -817.365984 -267.183296 0.800185 -0.445951 0.401038 0.043904 0.710433 0.702394 -0.598144 -0.544438 0.588057
-1.779530 -89.153132 -4.337193 439.290282 0.804700 -0.442917 0.395327 0.038776 0.703679 0.709459 -0.592415 -0.555572 0.583425
-2.337052 -92.458404 -579.893567 -2531.687895 0.801897 -0.424356 0.420575 0.111390 -0.585405 -0.803052 -0.586986 -0.690813 0.422166
-2.287640 -92.911036 157.189903 -535.592828 0.818835 -0.408123 0.403664 0.038061 -0.663064 -0.747595 -0.572765 -0.627521 0.527407
-2.217762 -97.033798 -109.071965 -3700.992050 0.796502 -0.407324 0.446846 0.250760 -0.449944 -0.857129 -0.550185 -0.794756 0.256241
-2.370561 -100.920017 -1274.602423 -2866.589277 0.792958 -0.412768 0.448153 0.281524 -0.404096 -0.870316 -0.540335 -0.816290 0.204227
5.675361 -54.088574 -869.849114 -3771.749058 0.774788 -0.533631 0.339029 0.595527 0.435980 -0.674736 -0.212250 -0.724679 -0.655584
3.886324 -52.122066 -1119.032134 -5269.087965 0.770780 -0.544543 0.330712 0.586737 0.404439 -0.701548 -0.248270 -0.734780 -0.631237
5.760924 -49.107468 -125.457897 -1089.332726 0.767101 -0.532586 0.357643 0.578459 0.333182 -0.744564 -0.277384 -0.778037 -0.563663
0.705840 -41.235554 1813.554556 -1625.235500 0.144431 -0.182165 0.972602 -0.178285 0.962032 0.206660 -0.973321 -0.203249 0.106470
-5.242011 -39.728006 2558.772411 -1358.460824 0.141986 -0.197739 0.969917 -0.163933 0.961617 0.220045 -0.976200 -0.190245 0.104120
-4.322429 -36.880139 2212.454727 -627.294638 0.132794 -0.154486 0.979030 -0.259746 0.947831 0.184795 -0.956503 -0.278839 0.085739
2.037430 -38.515935 1252.423753 -81.529245 0.124392 -0.149903 0.980844 -0.265757 0.947372 0.178491 -0.955981 -0.282869 0.078008
-0.897843 -36.244154 1302.522571 -380.828368 0.106254 -0.106231 0.988648 -0.354656 0.924833 0.137490 -0.928940 -0.365239 0.060592
10.166472 -31.164711 -2716.112093 2254.480597 -0.572947 0.816105 -0.075525 0.459975 0.243915 -0.853773 0.678347 0.523906 0.515138
8.800697 -27.384012 -3211.155436 2336.983605 -0.576375 0.816256 -0.038969 0.380389 0.225784 -0.896842 0.723254 0.531741 0.440631
4.468910 -30.122239 -2516.875063 2599.448183 -0.577701 0.814179 -0.058084 0.429461 0.242667 -0.869871 0.694136 0.527470 0.489848
3.932173 -25.409137 -2763.955164 2010.147463 -0.585952 0.809973 -0.024578 0.362032 0.234526 -0.902181 0.724978 0.537532 0.430658
4.635403 -34.375159 -2333.631887 1123.482410 -0.570760 0.818479 -0.065766 0.514523 0.294078 -0.805471 0.639921 0.493569 0.588974
-2.072504 -31.581627 -1653.705528 1941.660261 -0.600154 0.799105 -0.035299 0.429625 0.284810 -0.856916 0.674713 0.529447 0.514246
53.865852 -80.051032 1544.380360 -3349.140243 0.420178 0.285247 -0.861443 -0.338920 0.929943 0.142617 0.841774 0.232036 0.487417
78.824555 -74.424356 3374.013742 -13223.669149 0.444710 0.254925 -0.858630 -0.099446 0.966767 0.235525 0.890137 -0.019353 0.455282
68.630116 -77.216086 -1515.222517 -8882.027431 0.648086 0.176730 -0.740778 -0.136198 0.983916 0.115581 0.749290 0.025986 0.661732
67.078394 -79.611742 5076.968535 -11847.408933 0.240898 0.346329 -0.906656 -0.186946 0.933231 0.306809 0.952376 0.095586 0.289558
44.909747 -77.334630 1880.561834 1360.093893 0.606236 0.168780 -0.777169 -0.362240 0.928567 -0.080908 0.707997 0.330571 0.624069
46.105335 -85.855576 1780.129090 -968.612856 0.188461 0.393138 -0.899958 -0.473033 0.839413 0.267631 0.860652 0.375272 0.344164
39.022174 -84.627038 384.291955 4396.885657 0.303306 0.361649 -0.881598 -0.576910 0.806043 0.132174 0.758407 0.468513 0.453117
34.185128 -77.558479 -711.783541 3696.310110 0.475102 0.281317 -0.833750 -0.522625 0.852502 -0.010167 0.707913 0.440569 0.552049
29.980328 -40.081863 1094.435645 -264.422304 0.783872 -0.237357 0.573765 0.612599 0.446421 -0.652250 0.101325 -0.862769 -0.495342
26.867884 -39.010316 -501.712466 -828.351694 0.802969 -0.288694 0.521437 0.595683 0.359271 -0.718391 -0.020058 -0.887457 -0.460454
24.563453 -40.602340 3450.134485 -183.382143 0.775176 -0.181057 0.605244 0.623191 0.376282 -0.685599 0.103610 -0.908642 -0.404518
28.609290 -39.972489 -2412.560558 -739.961648 0.819194 -0.322338 0.474363 0.573407 0.444113 -0.688453 -0.011244 -0.835979 -0.548646
22.359840 -38.906267 4032.272733 193.989887 0.725321 -0.172211 0.666523 0.662375 0.438336 -0.607554 0.187533 -0.882159 -0.432002
31.407079 -37.528663 -2126.769756 285.403297 0.807729 -0.306920 0.503362 0.583070 0.542155 -0.605060 0.087195 -0.782220 -0.616871
-3.611139 -228.808552 -206.200351 2566.061141 0.176315 0.424302 -0.888190 0.771717 0.500544 0.392312 0.611037 -0.754601 -0.239188
-4.795564 -224.972011 -555.564375 -10719.947134 0.168050 0.422276 -0.890754 0.913928 0.271916 0.301327 0.369453 -0.864723 -0.340234
-3.365174 -224.434690 -345.082839 7705.922563 0.177299 0.436601 -0.882012 0.684812 0.588928 0.429181 0.706822 -0.680106 -0.194573
-1.785488 -213.067539 -824.767030 18179.299105 0.214002 0.426608 -0.878754 0.465313 0.746455 0.475698 0.858887 -0.510696 -0.038763
-4.073874 -218.094199 -500.043991 6625.779465 0.193800 0.457043 -0.868075 0.566066 0.670597 0.479446 0.801256 -0.584304 -0.128755
-1.705719 -204.187265 242.518059 16442.895418 0.190362 0.460636 -0.866936 0.364146 0.786954 0.498098 0.911680 -0.410509 -0.017933
18.417790 -12.525637 -4579.207160 578.211122 -0.082036 0.966591 -0.242840 0.801982 -0.080635 -0.591881 0.591688 0.243309 0.768574
8.638184 -12.235153 -4453.528832 1722.327371 -0.067113 0.975805 -0.208089 0.779553 -0.078887 -0.621348 0.622730 0.203917 0.755398
6.508664 -14.967399 -3878.398644 1252.807633 0.048310 0.954964 -0.292762 0.812501 -0.208051 -0.544571 0.580955 0.211561 0.785960
-3.562511 -17.361366 -2395.478215 1515.678067 0.147785 0.913873 -0.378149 0.798421 -0.335886 -0.499704 0.583681 0.228073 0.779294
14.035987 -13.676117 -5630.112686 614.178988 -0.029285 0.970820 -0.238013 0.821834 -0.112154 -0.558579 0.568974 0.211965 0.794569
-1.420402 -18.879562 -1790.037893 969.681006 0.195806 0.891922 -0.407596 0.818137 -0.377736 -0.433553 0.540659 0.248577 0.803677
4.057802 -17.320685 -2646.005950 1092.903953 0.119590 0.927894 -0.353144 0.839271 -0.284507 -0.463336 0.530399 0.240973 0.812779
0.235720 -901.158132 8056.152694 303641.084101 0.106143 0.848151 -0.519012 0.931044 0.098494 0.351364 0.349129 -0.520518 -0.779211
-6.306819 -674.165958 4809.009129 168908.822739 0.199938 0.843254 -0.498946 0.968901 -0.245929 -0.027379 -0.145792 -0.477955 -0.866200
-5.024116 -531.574386 8027.783860 39724.745569 0.194353 0.877748 -0.437932 0.953061 -0.274632 -0.127479 -0.232165 -0.392600 -0.889924
33.914785 -31.495822 7996.396714 1573.980008 -0.521024 0.853380 0.016640 0.833356 0.512821 -0.206233 0.184528 0.093585 0.978361
50.021224 -28.516357 9456.103500 1035.146428 -0.481641 0.874311 0.060019 0.836087 0.478949 -0.267520 0.262642 0.078668 0.961681
45.986551 -30.347198 4074.561750 712.617653 -0.430389 0.889439 0.153829 0.863970 0.455273 -0.215135 0.261384 -0.040312 0.964393
36.701314 -28.315173 8345.195042 1027.493901 -0.529046 0.848576 -0.005357 0.816610 0.507379 -0.275164 0.230779 0.149949 0.961382
19.433052 -31.435406 4859.572701 1755.732380 -0.560791 0.827825 -0.014779 0.808797 0.543909 -0.223628 0.177086 0.137362 0.974562
21.773323 -35.342057 5191.457020 1641.470983 -0.567270 0.823452 -0.011464 0.817820 0.561644 -0.125407 0.096828 0.080515 0.992039
-2.357004 -69.721280 564.888418 1265.146885 0.295885 -0.372058 0.879787 -0.640519 0.606005 0.471692 -0.708652 -0.703087 -0.059002
-3.102362 -74.934173 -1154.643530 -3059.179169 -0.284122 0.341861 -0.895771 0.771408 -0.473325 -0.425316 -0.569390 -0.811846 -0.129232
-0.811704 -72.047132 -1006.650780 -956.955763 -0.286761 0.348615 -0.892320 0.683696 -0.577985 -0.445526 -0.671065 -0.737835 -0.072603
-0.035311 -71.723864 837.295699 -1028.659728 0.301602 -0.369309 0.879003 -0.541690 0.692312 0.476735 -0.784607 -0.619931 0.008751
-1.432668 -45.885000 -643.674808 -1105.722896 -0.578601 0.730233 -0.363291 0.401279 -0.132911 -0.906261 0.710067 0.670145 0.216125
-1.225101 -45.844871 21.538349 4139.740110 -0.584336 0.712183 -0.389034 0.295165 -0.260038 -0.919379 0.755930 0.652055 0.058262
-2.582313 -43.195372 266.041350 186.899248 -0.582722 0.709654 -0.396012 0.408067 -0.165899 -0.897752 0.702792 0.684740 0.192914
-2.962534 -49.545888 -125.150490 1708.170252 0.586602 -0.725929 0.359062 -0.477562 0.048021 0.877285 0.654089 0.686091 0.318507
-1.703809 -50.169707 -1734.499967 -1423.534503 -0.576109 0.749476 -0.326166 0.447479 -0.044734 -0.893175 0.684004 0.660518 0.309603
6.094857 -33.371823 -1594.448714 -3430.019955 0.680448 -0.631322 0.372053 0.616775 0.767568 0.174437 -0.395702 0.110778 0.911673
2.955056 -29.376142 -1850.358532 -1591.120963 0.633450 -0.671033 0.385300 0.636606 0.735003 0.233462 -0.439857 0.097398 0.892771
0.910118 -29.645997 -848.878085 -1744.977849 0.651561 -0.660854 0.372479 0.661006 0.735506 0.148670 -0.372209 0.149344 0.916055
1.168056 -35.211226 -511.363242 -2615.440765 0.709326 -0.601334 0.367769 0.624907 0.777855 0.066584 -0.326110 0.182591 0.927531
9.946597 -214.626905 1136.821123 10672.135870 0.785858 -0.457354 0.416239 -0.585629 -0.766614 0.263327 -0.198661 0.450699 0.870290
10.886507 -239.961762 281.834060 13933.559723 0.763791 -0.476568 0.435324 -0.641105 -0.638367 0.425994 -0.074882 0.604459 0.793109
8.555815 -219.975465 195.181486 8846.466930 0.778091 -0.464086 0.423319 -0.559978 -0.817809 0.132715 -0.284602 0.340314 0.896208
11.518270 -245.231697 270.906209 18498.203637 0.771711 -0.450767 0.448633 -0.632407 -0.618513 0.466372 -0.067260 0.643623 0.762382
10.185543 -177.678131 1099.728820 1603.838366 0.805225 -0.434487 0.403526 0.477626 0.878534 -0.007147 -0.351407 0.198489 0.914940
9.872477 -231.080649 44.327279 18104.565900 0.792246 -0.429219 0.433725 -0.541647 -0.821991 0.175926 -0.281007 0.374302 0.883704
5.515762 -68.841093 288.048138 11175.935995 0.369082 -0.330503 0.868646 0.539773 0.837077 0.089146 -0.756587 0.435970 0.487347
5.782681 -88.287263 -942.373539 15567.240299 0.361692 -0.342799 0.866988 0.445993 0.880256 0.161984 -0.818699 0.328082 0.471268
-14.477229 -147.994536 413.144106 34870.388837 0.444441 -0.053365 0.894217 0.328944 0.938211 -0.107499 -0.833228 0.341924 0.434533
8.000184 -61.479952 782.740802 5346.007072 0.383697 -0.380821 0.841280 0.545586 0.828498 0.126201 -0.745059 0.410567 0.525663
39.556617 -203.073087 -523.463479 -61654.168513 -0.717178 0.690394 -0.094937 -0.477325 -0.585898 -0.654893 0.507757 0.424359 -0.749735
89.712379 -898.535930 8645.897063 -283340.048908 -0.693045 0.720893 0.001513 -0.643067 -0.617275 -0.453251 0.325811 0.315096 -0.891382
69.474670 -477.887628 7345.166658 -164489.840246 -0.679528 0.717748 -0.151921 -0.549356 -0.635050 -0.543065 0.486261 0.285570 -0.825833
29.883329 -136.135154 -592.930709 -39002.884068 -0.712484 0.662275 -0.231857 -0.394805 -0.651526 -0.647799 0.580082 0.370008 -0.725672
-37.119306 -62.756015 640.512188 -3625.445448 0.842092 -0.536957 0.050576 0.157640 0.334727 0.929036 0.515781 0.774361 -0.366516
-34.649353 -55.859038 -599.612069 -4416.212926 0.896178 -0.410861 0.167503 0.067942 0.500143 0.863274 0.438461 0.762267 -0.476132
-29.820920 -45.186202 -853.108198 -3231.932284 0.900711 -0.285905 0.327075 -0.057432 0.667925 0.742009 0.430606 0.687120 -0.585187
8.729207 -15.014218 -12676.197082 -6954.139649 -0.768545 -0.636501 -0.064840 -0.577803 0.734023 -0.356866 0.274740 -0.236804 -0.931902
-1.086315 -26.161921 -10116.209600 -4104.329850 -0.872823 -0.477532 -0.100708 -0.429719 0.849804 -0.305245 0.231346 -0.223149 -0.946934
-24.846968 -65.183807 1373.403451 -583.404284 0.783613 -0.562103 0.264559 0.507414 0.333390 -0.794596 -0.358443 -0.756896 -0.546467
-27.104067 -65.332169 424.130957 -450.550416 0.741402 -0.630744 0.229096 0.554132 0.382879 -0.739150 -0.378498 -0.674956 -0.633382
-20.236898 -66.454232 2883.860035 -44.189442 0.783304 -0.558355 0.273267 0.569341 0.467889 -0.675966 -0.249571 -0.685069 -0.684394
-13.937325 -67.556967 5536.063619 -541.051931 0.827387 -0.479138 0.293013 0.496229 0.379320 -0.780944 -0.263034 -0.791545 -0.551607
19.436854 -31.786615 4560.126653 2344.702906 -0.831657 0.523100 -0.186316 0.473433 0.843298 0.254382 0.290187 0.123350 -0.948987
10.449129 -27.227071 5595.534674 2691.372330 -0.864141 0.479892 -0.151539 0.423090 0.855828 0.297580 0.272498 0.193037 -0.942593
17.379975 -53.626727 -4988.919040 -1062.133180 0.227082 0.184073 -0.956322 0.846310 -0.523170 0.100259 -0.481864 -0.832112 -0.274586
38.963412 -81.503701 -9883.911111 -8703.767841 0.095617 0.206975 -0.973663 0.965744 -0.256339 0.040349 -0.241237 -0.944167 -0.224395
31.514368 -57.043785 -7343.603462 -2309.480024 0.129877 0.245868 -0.960563 0.921515 -0.387512 0.025409 -0.365982 -0.888473 -0.276900
77.072997 -17.708503 18489.837070 1900.285661 0.965098 -0.043886 -0.258186 -0.261558 -0.211115 -0.941816 0.013175 -0.976476 0.215225
100.626359 -27.956173 18192.402341 6882.689810 0.971763 -0.232915 -0.037792 -0.067694 -0.121754 -0.990249 -0.226042 -0.964845 0.134083
109.381313 -26.647687 -8087.435837 7745.406145 0.821711 -0.566046 0.066201 -0.015894 -0.138878 -0.990182 -0.569683 -0.812591 0.123115
-0.556150 -47.838794 3561.021850 3084.851793 -0.470147 0.880468 -0.061140 0.670480 0.401350 0.624000 -0.573950 -0.252379 0.779029
3.420081 -50.537032 3465.918500 1903.805323 -0.512999 0.854735 -0.079123 0.553875 0.400023 0.730209 -0.655786 -0.330771 0.678627
-7.781085 -51.242478 213.965470 1846.802113 -0.483866 0.874849 -0.022675 0.611793 0.356673 0.706041 -0.625767 -0.327757 0.707808
-4.480424 -56.188558 736.726113 763.601121 -0.514292 0.835954 -0.191532 -0.587858 -0.181010 0.788453 -0.624442 -0.518089 -0.584514
-4.974748 -58.665195 690.196126 229.114232 -0.495162 0.840447 -0.220144 -0.701850 -0.237608 0.671528 -0.512076 -0.487023 -0.707522
-5.669987 -59.129038 327.400048 344.628798 -0.521812 0.826548 -0.211024 -0.638746 -0.214606 0.738883 -0.565435 -0.520349 -0.639938
-3.345124 -57.046565 592.630168 564.406323 -0.482663 0.846129 -0.226056 -0.713147 -0.229875 0.662252 -0.508387 -0.480856 -0.714367
-5.801843 -55.892120 619.665591 1297.608376 -0.531278 0.825982 -0.188408 -0.510703 -0.134802 0.849124 -0.675963 -0.547341 -0.493449
-4.377314 -53.589218 1036.686611 938.683194 -0.530109 0.832041 -0.163374 -0.444168 -0.108357 0.889367 -0.722288 -0.544027 -0.427007
-2.681146 -53.087298 662.262312 845.197033 -0.528335 0.833436 -0.162007 -0.484476 -0.139241 0.863652 -0.697241 -0.534786 -0.477346
-2.788510 -53.910202 405.479904 269.158004 -0.509226 0.837719 -0.197268 -0.616675 -0.195277 0.762613 -0.600334 -0.509993 -0.616040
6.044254 -73.972031 -338.191245 -5253.572447 -0.324121 0.941579 -0.091512 -0.825212 -0.328705 -0.459324 0.462570 0.073360 -0.883542
4.500821 -84.002006 -26.217048 -6433.571964 -0.288866 0.953917 -0.081233 -0.916230 -0.300062 -0.265491 0.277631 0.002263 -0.960685
5.778600 -79.729840 258.572823 -7637.236653 -0.295971 0.950607 -0.093530 -0.871193 -0.308797 -0.381664 0.391694 0.031479 -0.919557
0.587354 -122.242895 106.741010 -1107.654999 -0.379387 0.884375 -0.271932 -0.011539 -0.298405 -0.954370 0.925166 0.358938 -0.123415
-0.215720 -122.356216 30.569387 1839.625719 -0.382097 0.874940 -0.297458 -0.253524 -0.408778 -0.876713 0.888666 0.259577 -0.378011
7.043785 -80.254420 -319.287631 292.174848 -0.357739 0.931147 -0.070619 -0.890659 -0.317501 0.325454 -0.280624 -0.179326 -0.942917
6.672863 -85.825725 139.975681 5836.028692 -0.291693 0.952680 -0.085532 -0.947275 -0.275322 0.163914 -0.132608 -0.128835 -0.982760
6.447343 -87.480385 548.272114 247.214016 -0.322265 0.945383 -0.048957 -0.906051 -0.293049 0.305277 -0.274257 -0.142738 -0.951004
-7.965968 -31.748174 620.222851 -3284.104586 0.756603 -0.633264 0.162877 0.450370 0.324111 -0.831937 -0.474045 -0.702801 -0.530426
-6.255367 -32.728387 1320.155020 -2645.361763 0.757801 -0.620181 0.202765 0.492609 0.340013 -0.801079 -0.427871 -0.706942 -0.563169
7.985648 -22.039260 -3917.759310 -745.918128 -0.588452 0.808277 0.020309 0.260864 0.213573 -0.941454 0.765294 0.548702 0.336528
11.808617 -22.470716 -3140.039017 686.970366 -0.597171 0.802113 -0.001061 0.310108 0.229654 -0.922547 0.739743 0.551247 0.385884
14.249641 -19.748026 79.965801 -1075.544491 -0.676550 0.735740 -0.031093 0.293925 0.231083 -0.927474 0.675195 0.636622 0.372592
8.050532 -99.545558 -702.060604 2338.631868 -0.416673 0.071953 0.906204 0.908446 -0.003549 0.417986 0.033291 0.997402 -0.063887
-10.647116 -40.954301 482.939129 4224.927302 -0.531428 0.819618 -0.214034 -0.812841 -0.564521 -0.143550 0.238483 -0.097689 -0.966221
-10.644113 -44.819356 2061.325631 4569.360742 -0.483980 0.849504 -0.210015 -0.841451 -0.517672 -0.154844 0.240260 -0.101776 -0.965358
-9.275661 -43.765895 1972.419307 1658.187770 -0.549059 0.806678 -0.218644 -0.817385 -0.572860 -0.060927 0.174401 -0.145264 -0.973901
-11.552918 -202.609826 -2540.616221 20321.740361 -0.261767 -0.018886 0.964946 0.949806 0.172423 0.261034 -0.171309 0.984842 -0.027196
-10.652339 -209.723516 -2358.887464 -12319.724325 -0.275680 -0.002892 0.961245 0.764426 0.605630 0.221055 -0.582798 0.795741 -0.164749
-15.419590 -208.547497 -2291.233169 5556.005633 -0.252418 -0.033481 0.967039 0.862103 0.446041 0.240470 -0.439390 0.894386 -0.083725
-15.667396 -203.755602 1254.934311 17890.169099 -0.224170 -0.127655 0.966153 0.926670 0.279004 0.251872 -0.301714 0.951767 0.055749
-15.015211 -190.034151 -1241.314071 23658.053764 -0.252931 -0.078276 0.964312 0.960908 0.095690 0.259806 -0.112611 0.992329 0.051013
-15.062345 -204.137896 107.646071 -10668.669157 -0.232251 -0.094255 0.968078 0.748813 0.617877 0.239806 -0.620757 0.780605 -0.072923
4.447961 -91.488218 -1038.676045 -2203.708902 -0.359845 -0.252654 0.898152 -0.422138 0.902560 0.084764 -0.832052 -0.348642 -0.431436
8.900421 -101.653616 -1027.676741 -12115.256538 -0.334893 -0.249994 0.908487 -0.329557 0.934344 0.135625 -0.882745 -0.253978 -0.395293
4.385092 -79.826269 -919.446695 2115.151322 -0.364176 -0.239351 0.900048 -0.537022 0.843539 0.007035 -0.760910 -0.480784 -0.435733
-11.623253 -34.303014 1095.365307 851.610616 0.713344 -0.697804 -0.064886 0.498826 0.440531 0.746395 0.492253 0.564803 -0.662333
8.228254 -105.720350 1322.783032 -4799.731249 -0.400214 -0.040643 0.915520 0.403096 0.889376 0.215694 -0.823008 0.455366 -0.339558
10.116593 -105.542911 944.198223 -4580.590852 -0.415772 -0.010996 0.909402 0.434443 0.876064 0.209217 -0.798995 0.482070 -0.359466
9.505785 -110.633661 864.421935 -2019.067386 -0.402896 -0.023610 0.914941 0.629783 0.718221 0.295859 -0.664115 0.695415 -0.274499
11.756379 -25.178927 909.818759 -564.379787 0.723603 -0.668196 0.172951 0.487800 0.317805 -0.813050 -0.488313 -0.672691 -0.555911
7.096183 -24.021594 1683.206724 -1395.096162 0.723572 -0.648901 0.235309 0.510022 0.272909 -0.815719 -0.465103 -0.710245 -0.528423
11.831454 -27.761101 1948.055393 -1584.942273 0.715183 -0.657796 0.236258 0.547834 0.317656 -0.773933 -0.434042 -0.682934 -0.587545
-4.876197 -55.750769 -180.073894 -550.871340 -0.340073 0.932642 -0.120537 0.180132 -0.061200 -0.981737 0.922986 0.355574 0.147186
-4.302112 -59.574845 -111.780259 -1939.662205 -0.325591 0.935126 -0.139750 0.133311 -0.100925 -0.985922 0.936066 0.339637 0.091802
-18.629714 -25.564125 1373.902344 189.819116 0.339835 -0.469606 -0.814851 -0.456942 0.674836 -0.579482 0.822020 0.569268 0.014750
-21.870031 -26.209702 1070.404457 -250.869259 0.390040 -0.435911 -0.811080 -0.411116 0.705734 -0.576995 0.823925 0.558499 0.096054
-18.741795 -24.599742 1479.603556 -825.993667 0.360374 -0.512571 -0.779360 -0.367618 0.689840 -0.623681 0.857314 0.511265 0.060170
-15.359776 -23.951205 1786.796049 -763.374767 0.320781 -0.538073 -0.779472 -0.381801 0.679679 -0.626310 0.866791 0.498512 0.012592
-14.181550 -24.721841 1492.863740 -12.105749 0.288802 -0.485173 -0.825349 -0.479131 0.673114 -0.563339 0.828871 0.558143 -0.038065
-17.141293 -24.216272 1026.914551 773.462409 0.376769 -0.505182 -0.776425 -0.508357 0.587924 -0.629220 0.774350 0.631772 -0.035301
-107.862018 -1097.089045 -40152.711028 395117.293692 0.745195 0.626322 -0.228920 0.236081 -0.568841 -0.787836 0.623658 -0.533048 0.571761
-158.952126 -464.564984 -36763.046371 113810.811600 0.623205 0.779360 -0.064915 0.324652 -0.333330 -0.885151 0.711489 -0.530555 0.460754
-336.340659 -4757.636641 -72449.320858 -1824775.874490 0.785476 0.520147 -0.335372 -0.509340 0.851124 0.127128 0.351568 0.070963 0.933469
-335.989814 -1254.287772 -62695.688402 387168.069512 0.665601 0.745363 -0.037538 -0.067649 0.010166 -0.997657 0.743236 -0.666581 -0.057190
-89.843469 -5493.889828 -39386.139492 -2304726.068958 0.862929 0.414323 -0.289291 -0.405247 0.909400 0.093630 0.301874 0.036438 0.952651
-70.197711 -279.273838 -15977.391085 91867.507036 0.706678 0.625622 -0.330459 -0.100475 -0.373588 -0.922137 0.700365 -0.684857 0.201147
-8.825484 -2996.076957 -24467.891002 -1091897.936359 0.783058 0.438518 -0.441047 -0.044127 0.746523 0.663895 0.620382 -0.500406 0.603921
8.610762 -126.050173 -1052.350178 23824.791234 -0.859575 -0.304594 0.410308 -0.119364 0.900405 0.418359 -0.496873 0.310635 -0.810323
34.014833 -36.333522 -5051.236898 2688.799314 0.583449 -0.743478 -0.326845 0.770272 0.379012 0.512866 -0.257427 -0.550990 0.793815
-3.940425 -54.619170 14653.783463 15849.945139 0.967228 -0.099733 -0.233500 -0.233375 -0.711480 -0.662821 0.100025 -0.695593 0.711439
15.925388 -41.800380 -1918.816201 1037.700722 -0.495739 0.851642 -0.170146 0.843742 0.518709 0.137990 -0.205774 0.075152 0.975710
13.488906 -43.977632 -4201.860108 994.832920 -0.504011 0.855468 -0.118942 0.822894 0.517453 0.234709 -0.262333 -0.020420 0.964761
17.740397 -44.031779 -1730.889963 626.154876 -0.469547 0.863543 -0.183900 0.813353 0.504102 0.290411 -0.343486 0.013214 0.939065
19.597756 -45.290456 -3409.535933 25.304047 -0.475465 0.865143 -0.159561 0.758287 0.494985 0.424252 -0.446019 -0.080723 0.891376
22.636816 -44.727096 -278.322416 129.503992 -0.426754 0.876893 -0.221223 0.786263 0.480615 0.388329 -0.446846 0.008218 0.894573
17.532986 -40.591099 617.638406 1396.999071 -0.441966 0.863391 -0.243356 0.853486 0.488240 0.182162 -0.276093 0.127191 0.952678
18.688905 -42.767775 696.683248 256.063686 -0.410025 0.877623 -0.248309 0.820441 0.473831 0.319939 -0.398443 0.072540 0.914320
44.225483 -79.307511 7679.229972 -14168.421575 -0.065386 0.443734 -0.893770 -0.149605 0.881204 0.448440 0.986581 0.163035 0.008766
33.395380 -58.083091 6274.311141 -9276.453470 -0.167354 0.479677 -0.861338 -0.057982 0.867358 0.494295 0.984190 0.132664 -0.117343
