11676
23340
-79.954641 -122.557414 1147.892264 7997.167290 0.850898 0.471115 -0.232429 0.444538 -0.409966 0.796438 -0.279926 0.781011 0.558268
-65.389224 -123.265992 -5300.620798 25620.682888 0.777052 0.577076 -0.251346 0.573217 -0.483818 0.661319 -0.260025 0.657954 0.706741
-73.293934 -105.963302 -68.197776 16543.806370 0.943551 0.325746 -0.060008 0.269086 -0.648206 0.712335 -0.193143 0.688272 0.699269
-60.634827 -86.216124 -5582.570911 17734.299281 0.932407 0.359990 -0.032014 0.306911 -0.741915 0.596127 -0.190848 0.565658 0.802252
-81.047275 -119.524616 -418.238057 7863.287488 0.954351 0.292935 -0.058338 0.208424 -0.513218 0.832566 -0.213947 0.806719 0.550845
-71.777648 -110.765505 -1697.948835 14696.025701 0.994082 0.062542 0.088821 -0.026406 -0.653996 0.756037 -0.105373 0.753908 0.648474
-64.729443 -92.581632 172.324239 13527.231851 0.987552 -0.037145 0.152842 -0.127050 -0.761237 0.635906 -0.092728 0.647409 0.756480
71.637388 -52.948781 33803.105300 4264.481461 0.592827 0.695773 -0.405533 0.264749 0.307197 0.914078 -0.760569 0.649254 0.002091
38.830193 -40.606597 17829.227414 1296.930758 0.565835 0.671062 -0.479067 0.358012 0.323433 0.875910 -0.742737 0.667133 0.057238
70.124598 -48.741563 28560.841291 -323.501450 0.550886 0.681769 -0.481369 0.374378 0.313621 0.872630 -0.745899 0.660934 0.082470
97.634276 -57.824912 31895.235749 1039.918594 0.498822 0.745136 -0.442662 0.296485 0.333224 0.895019 -0.814416 0.577698 0.054702
6.982110 -224.065764 -4239.062284 -57.962631 -0.194026 0.758709 0.621864 0.894298 -0.123757 0.430017 0.403218 0.639566 -0.654500
11.492779 -228.790083 -4816.730961 4243.426015 -0.206788 0.757895 0.618736 0.926712 -0.051079 0.372284 0.313756 0.650374 -0.691788
4.958949 -226.844849 -3824.684739 2644.716817 -0.191839 0.755384 0.626573 0.972122 0.058550 0.227050 0.134824 0.652662 -0.745557
13.351607 -227.771009 -2617.514033 4436.960860 -0.217444 0.740438 0.635979 0.779278 -0.260652 0.569901 0.587745 0.619526 -0.520330
7.788289 -228.283859 -3107.031341 -1325.505237 -0.195302 0.757770 0.622609 -0.724172 0.316691 -0.612602 0.661386 0.570518 -0.486905
-13.149521 -44.059120 -1704.540700 8343.948148 0.351916 0.907859 -0.227918 0.295880 -0.338901 -0.893085 0.888037 -0.246854 0.387882
-13.114870 -32.528812 -3556.714035 9672.792244 0.387123 0.846610 -0.365223 0.195339 -0.462424 -0.864874 0.901098 -0.263470 0.344391
-18.150681 -42.994420 -3020.291818 7386.855647 0.375913 0.850712 -0.367394 0.251859 -0.475346 -0.842979 0.891772 -0.224356 0.392948
-18.441665 -54.216743 -1421.329350 6687.569451 0.348552 0.906424 -0.238552 0.364877 -0.365655 -0.856248 0.863352 -0.211404 0.458183
-18.111605 -58.117569 1170.423325 5056.646860 0.290268 0.952447 -0.092683 0.436547 -0.217982 -0.872875 0.851570 -0.212907 0.479061
-10.834421 -46.937803 -1813.597160 9566.337304 0.293737 0.955287 -0.033850 0.358059 -0.142794 -0.922716 0.886291 -0.258916 0.383992
4.810296 -82.043532 82.011231 -1039.193546 0.974719 0.139117 0.174841 0.079251 -0.946900 0.311609 -0.208907 0.289875 0.933986
4.679430 -78.594668 -699.233836 -3307.521569 0.969515 0.165598 0.180603 0.067835 -0.889647 0.451581 -0.235454 0.425564 0.873760
6.047961 -77.344831 1331.390250 -4299.290087 0.972754 0.160839 0.166975 0.070432 -0.891193 0.448124 -0.220883 0.424154 0.878239
4.060262 -80.765918 -1483.960830 897.096173 0.964659 0.168875 0.202275 0.104119 -0.949456 0.296131 -0.242060 0.264604 0.933484
3.167673 -82.657312 48.054195 -2796.542001 0.972898 0.143427 0.181379 -0.111252 0.977975 -0.176600 -0.202713 0.151635 0.967427
2.184272 -84.331944 1411.546512 -1546.925985 0.980855 0.103015 0.165260 -0.084902 0.989941 -0.113173 -0.175256 0.096976 0.979735
17.189974 -163.643409 -5359.644092 18073.839346 0.852489 0.414785 -0.318146 -0.513071 0.780455 -0.357279 -0.100105 -0.467808 -0.878143
17.675800 -159.233104 -4560.867736 12844.104599 0.898131 0.327062 -0.293924 -0.435533 0.753758 -0.492098 -0.060601 -0.569982 -0.819419
30.248927 -173.121552 -7930.802517 -2200.249445 0.872039 0.371902 -0.318177 -0.488661 0.625009 -0.608748 0.027531 -0.686333 -0.726766
27.743919 -172.771816 -6170.882701 -1655.554634 0.831600 0.455334 -0.317982 -0.555249 0.669449 -0.493493 0.011832 -0.586948 -0.809538
1.044354 -66.847553 -2846.502208 3254.466028 0.992237 -0.090748 -0.085032 0.039614 0.878776 -0.475588 -0.117883 -0.468527 -0.875549
4.281238 -70.843821 -2417.093466 444.149572 0.992343 -0.086792 -0.087878 0.035205 0.880731 -0.472307 -0.118389 -0.465597 -0.877043
0.732030 -69.624057 -3051.529885 -1308.336290 0.992136 -0.075856 -0.099560 0.027420 0.907831 -0.418439 -0.122125 -0.412418 -0.902772
-2.070269 -68.799893 -2712.829356 -686.783107 0.993203 -0.068314 -0.094238 0.022956 0.908709 -0.416798 -0.114108 -0.411802 -0.904101
-3.033702 -65.600088 -3159.944647 2433.006957 0.990703 -0.103413 -0.088397 0.048144 0.874213 -0.483150 -0.127242 -0.474402 -0.871064
-11.677007 -232.052463 -2479.757556 24816.055764 0.109526 -0.845985 -0.521837 0.977821 -0.002588 0.209425 -0.178521 -0.533200 0.826939
-9.964035 -265.342057 -1478.781594 14001.679308 0.117518 -0.852453 -0.509425 0.903143 -0.121567 0.411769 -0.412943 -0.508474 0.755601
-14.699900 -259.347831 5487.449705 14431.400848 -0.101780 0.861276 0.497839 0.869011 -0.166607 0.465899 -0.484211 -0.480047 0.731502
-10.741023 -257.805992 1905.891729 32784.910093 0.130729 -0.832363 -0.538593 0.948805 -0.052521 0.311466 -0.287541 -0.551737 0.782883
-10.338458 -268.827236 -2836.731732 11089.338685 -0.134500 0.835657 0.532529 0.795768 -0.229150 0.560574 -0.590477 -0.499167 0.634169
62.655329 -70.992165 41850.378108 -6975.523671 0.999277 -0.029416 -0.024105 -0.004026 0.548431 -0.836186 -0.037817 -0.835678 -0.547916
66.206578 -69.581520 39312.690717 -3562.104855 0.999359 -0.021560 -0.028563 -0.015004 0.472171 -0.881379 -0.032489 -0.881243 -0.471545
-1.503982 -61.153299 5121.107263 -4488.671949 0.998840 -0.047951 0.004503 0.029672 0.539027 -0.841765 -0.037936 -0.840922 -0.539825
628.135587 -92.529615 312587.698954 -2912.844257 0.987525 0.058824 -0.146061 -0.155093 0.523625 -0.837713 -0.027203 -0.849916 -0.526216
-13.255691 -69.808190 2216.975776 -6226.434621 0.991201 -0.114234 0.066862 0.123509 0.616589 -0.777537 -0.047595 -0.778954 -0.625272
78.780287 -79.941145 47587.284824 -7928.214666 0.996507 -0.060343 0.057728 0.082456 0.601581 -0.794545 -0.013217 -0.796529 -0.604455
-9.835286 -78.978041 5834.281471 -1680.455758 0.945223 0.072771 -0.318209 0.319306 -0.408595 0.855040 0.067797 0.909810 0.409450
1.246642 -78.171800 10501.230935 -8019.647634 0.915662 0.075152 -0.394862 0.398873 -0.291207 0.869539 0.049639 0.953704 0.296624
-10.327969 -81.334880 8450.798173 -4416.207904 0.963171 0.039847 -0.265919 0.266588 -0.270586 0.925048 0.035094 0.961871 0.271244
-21.090437 -79.266161 4301.299248 1513.355756 0.979693 0.036873 -0.197081 0.191918 -0.456970 0.868531 0.058035 0.888718 0.454767
-19.489516 -73.669584 3794.718645 6856.552926 0.971922 0.024464 -0.234028 0.204996 -0.576301 0.791109 0.115517 0.816871 0.565135
-0.899438 -70.571693 -12138.116900 587.263244 0.948298 -0.273723 0.160644 -0.134184 -0.804468 -0.578641 -0.287621 -0.527168 0.799605
10.664392 -65.697167 -1852.165190 5129.846895 0.977993 -0.137812 0.156647 -0.023122 -0.817765 -0.575087 -0.207354 -0.558809 0.802955
17.822258 -68.402585 -2012.114311 -1463.116791 0.977796 -0.130451 0.164007 0.000466 -0.781267 -0.624196 -0.209560 -0.610413 0.763859
-1.605279 -19.812426 4288.740168 -2779.493467 -0.019863 0.960103 -0.278939 0.317685 -0.258474 -0.912287 0.947988 0.106735 0.299877
-5.135774 -16.935207 895.683064 -4123.310189 -0.011016 0.968536 -0.248629 0.347553 -0.229433 -0.909157 0.937596 0.096427 0.334090
-2.904940 -16.464132 3251.650795 -1086.526731 -0.060980 0.990472 -0.123481 0.301302 -0.099674 -0.948305 0.951577 0.095033 0.292353
23.284694 -990.661860 27933.462156 -215392.002707 -0.224605 0.750929 0.621013 0.915681 0.380619 -0.129066 -0.333289 0.539661 -0.773101
44.083996 -1046.906125 1360.700702 440246.438567 -0.047255 0.806643 0.589147 -0.821479 -0.366931 0.436502 -0.568277 0.463345 -0.679980
57.927687 -1001.959936 14273.252691 342001.161867 -0.191606 0.769461 0.609276 -0.620712 -0.575867 0.532065 -0.760265 0.276239 -0.587953
58.154045 -885.507812 9500.352544 -21657.316050 -0.298498 0.796298 0.526126 -0.818627 -0.497017 0.287792 -0.490662 0.344796 -0.800229
33.376458 -1232.740136 29184.172178 -492417.883622 -0.335023 0.719997 0.607753 0.941258 0.226773 0.250213 0.042330 0.655880 -0.753677
3251.294322 220.967711 6641630.993261 -3466885.834112 0.493405 0.843828 -0.210966 0.385640 -0.429630 -0.816517 0.779637 -0.321516 0.537395
936.154994 63.098934 -46258607.985284 -7097556.944331 0.280972 0.906747 -0.314426 0.556340 -0.420848 -0.716501 0.782011 -0.026389 0.622706
95108.740143 3810.277407 888861154.175362 -887859.712034 -0.296372 0.632786 -0.715364 0.645023 -0.419770 -0.638544 0.704350 0.650673 0.283754
10.460247 -61.402117 -261.574241 1682.252892 -0.042143 0.855500 0.516084 0.566818 0.445844 -0.692778 0.822764 -0.263330 0.503702
4.726462 -62.453532 1560.799894 -8443.900332 -0.146521 0.783522 0.603842 0.631285 0.544029 -0.552731 0.761584 -0.300210 0.574337
17.207521 -52.105837 1177.161649 17675.382358 -0.148208 0.777349 0.611362 0.413484 0.610270 -0.675723 0.898368 -0.152641 0.411868
-6.048952 -112.329046 629.631714 3958.720110 0.982611 0.178211 -0.052123 -0.094501 0.721632 0.685796 -0.159830 0.668945 -0.725925
-6.117100 -109.479763 -2723.887780 570.491847 0.974565 0.218059 -0.051694 -0.085956 0.576747 0.812388 -0.206963 0.787282 -0.580821
-8.026190 -108.612289 -2881.357494 -1597.466493 0.980384 0.187287 -0.061413 -0.093938 0.717913 0.689765 -0.173273 0.670465 -0.721424
-584.013188 -1115.674412 304069.452083 837527.059113 0.725342 -0.628055 -0.281826 0.641699 0.468680 0.607093 0.249201 0.621197 -0.742976
-273.027878 -925.978088 -177418.477287 -113505.096870 -0.579525 0.742300 -0.336364 0.347089 -0.148620 -0.925981 0.737346 0.653378 0.171515
-634.398960 -2013.661905 -318475.384914 -1182980.791168 -0.525907 0.827224 0.197792 -0.681806 -0.270988 -0.679490 0.508491 0.492204 -0.706521
-102.609048 -844.600930 20337.653872 260013.942365 0.708098 -0.610371 0.355028 -0.217965 0.289297 0.932094 0.671631 0.737397 -0.071811
-513.119295 -5576.491130 -235899.614027 905582.290522 -0.456912 0.869351 0.188308 -0.837910 -0.491706 0.236921 -0.298560 0.049533 -0.953105
-1575.415618 -72635.422887 -186863.383562 -34255332.802312 -0.421938 0.904833 0.056966 -0.885748 -0.424814 0.187041 -0.193441 -0.028462 -0.980699
-376.339658 -1860.979120 -155885.992654 865955.983252 -0.541317 0.808371 0.231327 0.640953 0.218654 0.735779 0.544202 0.546559 -0.636489
45.912194 -109.883934 6957.101007 1733.546749 0.692147 0.682157 -0.235786 0.712221 -0.592598 0.376257 0.116940 -0.428357 -0.896011
59.785018 -111.916623 4630.953676 -20513.611463 0.748828 0.629663 -0.206836 -0.607855 0.528109 -0.592970 0.264139 -0.569759 -0.778206
40.869773 -131.987714 2739.982019 14930.099396 0.630782 0.742336 -0.225944 0.744378 -0.496662 0.446350 0.219124 -0.449737 -0.865864
0.843589 -21.625240 578.589964 9388.372009 0.943103 0.253550 -0.215101 -0.044348 0.737062 0.674369 -0.329529 0.626460 -0.706370
-0.114468 -9.675023 5559.246712 -2084.476869 0.740616 0.634109 0.222249 -0.583936 0.443761 0.679776 -0.332426 0.633232 -0.698935
0.481772 -15.612403 1414.679729 14274.081368 0.912704 0.028862 -0.407601 0.234375 0.780131 0.580055 -0.334724 0.624950 -0.705264
2.159830 -17.661098 3007.052400 1630.758575 0.857537 0.511320 0.056406 -0.387686 0.570300 0.724195 -0.338126 0.642892 -0.687285
5.318428 -36.214306 1390.406300 9897.558880 0.937633 0.142309 -0.317164 0.073772 0.810130 0.581591 -0.339710 0.568716 -0.749106
44.286649 -35.260266 -4045.007692 2015.329652 0.194780 0.820116 -0.538024 -0.628438 0.525500 0.573512 -0.753078 -0.226406 -0.617749
36.231875 -33.967647 -15365.092331 873.565514 0.031358 0.827596 -0.560447 -0.629649 0.451830 0.631974 -0.776246 -0.333068 -0.535264
37.824437 -33.688087 -15141.575770 4824.846971 0.056735 0.824236 -0.563397 -0.658003 0.455277 0.599797 -0.750875 -0.336687 -0.568180
35.209882 -34.207993 -8203.545504 3279.748141 0.176636 0.789682 -0.587539 -0.672780 0.532576 0.513546 -0.718447 -0.304574 -0.625355
-2.171311 -105.210010 -4031.892988 8656.986084 0.645917 0.266536 -0.715367 -0.108666 0.959629 0.259429 0.755634 -0.089834 0.648804
3.194906 -102.302575 -2595.942152 10279.587688 0.638446 0.264121 -0.722929 -0.150426 0.963982 0.219343 0.754824 -0.031291 0.655181
2.406079 -112.541851 -2385.200818 7811.597488 0.628389 0.249983 -0.736638 0.010547 0.944134 0.329394 0.777828 -0.214757 0.590647
-4.994386 -106.531288 -3473.415855 8053.224012 0.640199 0.258652 -0.723357 -0.012102 0.944893 0.327156 0.768114 -0.200691 0.608049
-5.682846 -100.077012 -1549.170006 7267.351515 0.623830 0.286973 -0.726968 -0.125783 0.954889 0.269008 0.771372 -0.076375 0.631785
16.925184 -171.161937 -5234.400449 -19383.944485 -0.371890 -0.343813 0.862259 0.818978 0.315766 0.479131 -0.437004 0.884355 0.164145
24.069193 -179.263631 1535.976338 -12828.395806 -0.331852 -0.420432 0.844459 0.860156 0.232678 0.453865 -0.387307 0.876982 0.284422
20.754544 -170.205533 525.535361 -12184.063905 -0.356070 -0.400716 0.844181 0.733773 0.439476 0.518111 -0.578612 0.803920 0.137550
16.631336 -153.353037 -5946.784232 -10227.350859 -0.407135 -0.315227 0.857248 0.714996 0.474030 0.513885 -0.568351 0.822148 0.032392
13.268912 -159.367183 -5089.845183 -17543.359457 -0.394815 -0.312822 0.863865 0.804104 0.337197 0.489608 -0.444453 0.887942 0.118411
18.290994 -157.504787 -2568.062305 -10618.662031 -0.389228 -0.362274 0.846912 0.702339 0.478171 0.527326 -0.596005 0.800069 0.068321
-18.095938 -68.004433 -1529.245733 -5655.364292 -0.577570 -0.397294 0.713141 -0.061204 0.892198 0.447478 -0.814044 0.214803 -0.539622
-10.151029 -67.250376 -4402.592631 -5651.831174 -0.590869 -0.413603 0.692681 -0.082842 0.885154 0.457863 -0.802503 0.213154 -0.557274
-16.584827 -64.996901 -1749.231207 -1575.188377 -0.584453 -0.393764 0.709482 -0.132308 0.908907 0.395453 -0.800568 0.137253 -0.583312
-17.868299 -64.470975 -1026.077767 -1046.422837 -0.559279 -0.425049 0.711716 -0.153509 0.896799 0.414954 -0.814642 0.122821 -0.566810
-14.476174 -65.326606 -2052.865684 3078.867507 -0.583870 -0.407217 0.702332 -0.220757 0.912142 0.345345 -0.781257 0.046592 -0.622469
-2.623581 -234.260032 -2300.420411 41983.588938 0.288461 0.334362 -0.897214 0.916496 0.174837 0.359817 0.277175 -0.926086 -0.256007
-7.617924 -316.428354 -3505.472578 69672.844865 0.280882 0.333294 -0.900011 0.959720 -0.103904 0.261039 -0.006512 -0.937080 -0.349053
-5.416054 -235.845180 -2606.701801 38260.939820 0.294737 0.350413 -0.889011 0.931935 0.100267 0.348489 0.211253 -0.931213 -0.297010
-3.284932 -177.711193 -2429.999100 11828.160227 0.289562 0.356277 -0.888381 0.853352 0.324290 0.408198 0.433525 -0.876300 -0.210128
-8.799160 -219.710504 -1593.456017 32466.365919 0.305474 0.372095 -0.876488 0.905107 0.172430 0.388650 0.295747 -0.912038 -0.284113
5.605128 -126.937338 2148.565696 -636.702536 -0.340590 -0.247652 0.907010 -0.410295 0.907135 0.093616 -0.845965 -0.340257 -0.410572
7.275142 -129.290166 401.632934 -3888.942499 -0.358592 -0.243905 0.901067 -0.464682 0.883811 0.054308 -0.809619 -0.399236 -0.430266
7.011204 -133.377291 509.729787 652.447383 -0.343650 -0.274273 0.898153 -0.275825 0.943696 0.182644 -0.897678 -0.184967 -0.399953
6.192003 -125.838579 1535.605220 -2379.838443 -0.348698 -0.231211 0.908268 -0.593146 0.804771 -0.022854 -0.725664 -0.546705 -0.417764
4.546291 -126.662366 2507.073125 -855.256935 -0.320297 -0.274354 0.906719 -0.236637 0.949973 0.203850 -0.917285 -0.149271 -0.369196
0.547303 -119.192803 3178.321622 -875.079467 -0.311015 -0.256366 0.915175 -0.359333 0.923174 0.136490 -0.879858 -0.286402 -0.379242
6.819613 -98.219483 -266.981476 -3261.593814 -0.512746 -0.411789 0.753340 0.850196 -0.365581 0.378836 0.119406 0.834734 0.537551
7.067761 -97.629162 -903.889544 -2665.175001 -0.509416 -0.423204 0.749262 0.840655 -0.430756 0.328251 0.183832 0.797087 0.575202
7.714371 -94.639169 -1276.915128 -1425.684604 -0.491663 -0.423603 0.760808 0.868077 -0.307289 0.389892 0.068628 0.852135 0.518802
-1.826674 -238.233818 -1809.988954 13483.892406 -0.341744 -0.410391 0.845453 -0.354930 0.889352 0.288232 -0.870193 -0.201575 -0.449591
0.442477 -244.993851 -1597.764495 16799.832401 -0.336129 -0.393374 0.855730 -0.323429 0.901552 0.287396 -0.884540 -0.180166 -0.430266
2.352063 -261.948321 -2375.408382 13182.935943 -0.341395 -0.403667 0.848824 -0.551192 0.817480 0.167072 -0.761338 -0.410828 -0.501582
-4.462544 -224.373298 -1534.013280 7749.643914 -0.334455 -0.373829 0.865096 -0.077419 0.925756 0.370111 -0.939226 0.056811 -0.338566
-0.466679 -252.854426 -3168.860901 20781.209268 -0.347131 -0.435100 0.830776 -0.576482 0.797728 0.176914 -0.739708 -0.417515 -0.527743
-3.879255 -226.050469 -1194.733856 23993.201081 -0.324288 -0.436264 0.839352 -0.373725 0.874206 0.309989 -0.869003 -0.213161 -0.446537
-5.253412 -212.274511 1365.135008 20071.814034 -0.304834 -0.410691 0.859307 -0.174020 0.911079 0.373702 -0.936372 -0.035619 -0.349197
-15.610869 -59.215273 -1137.827978 -613.225638 0.347241 0.737423 -0.579336 0.904155 -0.427200 -0.001843 -0.248851 -0.523170 -0.815086
-16.226582 -54.157358 -1188.769135 -1895.152303 0.278567 0.783879 -0.554918 0.924563 -0.375273 -0.065985 -0.259970 -0.494675 -0.829284
-19.382441 -59.392932 -1303.789302 -1623.706165 0.377736 0.725847 -0.574857 0.908009 -0.411895 0.076567 -0.181205 -0.550898 -0.814664
11.962007 -591.968111 5401.878404 -50931.902494 0.373703 0.295773 -0.879127 0.171634 0.909378 0.378910 0.911530 -0.292488 0.289073
-1.636948 -923.793998 -5398.687045 34176.790648 0.412428 0.250826 -0.875779 0.010452 0.959983 0.279864 0.910930 -0.124577 0.393302
10.224191 -492.265817 3396.922247 -15277.882513 0.369373 0.257839 -0.892795 -0.173105 0.963012 0.206499 0.913016 0.078272 0.400344
7.368564 -815.791736 296.922407 68535.539763 0.446391 0.296669 -0.844229 0.427022 0.758467 0.492322 0.786376 -0.580272 0.211889
13.490732 -492.277567 6564.394777 -36556.679467 0.365001 0.266782 -0.891965 0.143250 0.930563 0.336946 0.919920 -0.250760 0.301440
6.835019 -440.586259 2518.971900 8469.637380 0.383999 0.301964 -0.872561 0.479611 0.742291 0.467951 0.788998 -0.598182 0.140214
147.231648 -8060.980793 -88377.424116 13170901.206778 0.331901 0.035587 -0.942643 0.875521 0.360363 0.321872 0.351148 -0.932133 0.088448
-220.141232 -4449.037011 -147858.247543 6249948.164297 0.466967 0.065537 -0.881843 0.779225 -0.501937 0.375323 -0.418032 -0.862418 -0.285456
-241.844273 -8409.192890 25170.997852 6191172.197404 0.301842 0.111449 -0.946821 -0.006301 0.993355 0.114917 0.953337 -0.028721 0.300539
-0.075249 -98.367430 3214.070498 -2404.607963 0.550160 0.375288 -0.745978 -0.615275 0.786157 -0.058265 0.564589 0.491037 0.663417
0.798682 -97.636300 -3284.692313 1293.450657 -0.533660 -0.396245 0.747126 0.663690 -0.743760 0.079603 0.524140 0.538341 0.659899
1.535089 -100.267169 -2170.748403 -1325.751441 -0.536014 -0.394487 0.746370 0.730482 -0.659913 0.175813 0.423184 0.639449 0.641889
-17.811343 -48.033488 3395.370887 89.597705 0.596369 0.605199 -0.527331 -0.305160 -0.436683 -0.846277 0.742443 -0.665614 0.075742
-12.797163 -47.679914 3936.135209 -849.555222 0.561036 0.584896 -0.585777 -0.395580 -0.432174 -0.810396 0.727156 -0.686383 0.011092
-11.569123 -46.798909 3589.187887 -514.570266 0.547152 0.590863 -0.592879 -0.360753 -0.472685 -0.804006 0.755303 -0.653797 0.045475
-9.710376 -46.255741 926.935074 -233.461581 0.525975 0.572818 -0.628673 -0.369562 -0.511822 -0.775540 0.766012 -0.640248 0.057514
-14.324826 -46.876168 2576.535288 -107.819811 0.558066 0.607261 -0.565506 -0.285800 -0.499139 -0.818034 0.779025 -0.618138 0.104998
60.329142 -4849.968392 62616.225535 2263555.631190 -0.789821 0.045237 -0.611667 -0.037796 0.991791 0.122155 0.612172 0.119599 -0.781627
-73.939538 -286.764701 9212.175381 119706.431833 -0.770822 0.186726 -0.609071 0.068930 0.974912 0.211648 0.633311 0.121159 -0.764355
-71.055752 -2158.056732 31332.289381 995495.100074 -0.745738 0.174479 -0.642987 0.057529 0.978358 0.198762 0.663751 0.111233 -0.739636
-411.830285 -527.695282 -127191.714793 208800.443451 -0.794699 0.327106 -0.511326 0.182163 0.932070 0.313148 0.579025 0.155714 -0.800302
-21.655320 -285.664920 -14747.677455 -405.898833 0.116347 0.279274 0.953137 0.010223 0.959266 -0.282318 -0.993156 0.042590 0.108753
3.609364 -240.291608 -9221.004808 755.590959 0.148494 0.324559 0.934136 0.032301 0.942513 -0.332604 -0.988386 0.079563 0.129474
4.326988 -284.659381 -12093.387919 -46093.567268 0.111187 0.339611 0.933971 -0.332157 0.898452 -0.287153 -0.936648 -0.278297 0.212700
-13.197210 -314.472915 -12916.667308 -73380.116354 0.135999 0.330701 0.933885 -0.410247 0.876824 -0.250752 -0.901777 -0.349021 0.254916
-50.731207 -422.429764 -18557.182156 -100186.305219 0.187643 0.239620 0.952561 -0.301524 0.937015 -0.176313 -0.934812 -0.254136 0.248076
-51.356310 -119.573206 -12493.859729 708.014938 0.816679 0.554007 -0.161592 0.412378 -0.364354 0.834979 -0.403708 0.748547 0.526020
-31.288601 -129.400849 -19648.310991 24113.077907 0.769586 0.626479 -0.123536 0.506878 -0.481698 0.714872 -0.388346 0.612773 0.688257
-42.344980 -111.170028 -13409.554276 32413.167558 0.795827 0.592884 -0.123076 0.545307 -0.613361 0.571339 -0.263247 0.521801 0.811434
30.672365 -45.513704 16763.524962 6042.809874 0.598845 0.682598 -0.418861 0.287586 0.304842 0.907946 -0.747449 0.664177 0.013752
13.093986 -38.021808 3418.944282 -1550.170791 0.513982 0.597823 -0.615167 0.455653 0.417329 0.786268 -0.726776 0.684430 0.057900
17.607742 -234.135694 -3527.449101 9585.064070 -0.228674 0.733634 0.639914 0.851013 -0.168560 0.497357 0.472742 0.658308 -0.585787
14.856784 -236.506952 -2763.433897 6947.672371 -0.219812 0.733566 0.643088 0.963825 0.061441 0.259357 0.150744 0.676835 -0.720535
6.557133 -76.784763 -447.076171 -3988.506718 0.972308 0.163201 0.167279 0.047235 -0.838240 0.543252 -0.228880 0.520307 0.822736
4.107818 -77.981094 -3240.880048 -4468.482893 0.960487 0.183010 0.209693 0.065716 -0.881233 0.468091 -0.270454 0.435815 0.858440
3.558563 -80.359186 -2060.957795 -1070.275232 0.963923 0.172645 0.202598 0.026454 -0.819497 0.572473 -0.264863 0.546460 0.794499
8.970487 -144.201028 -2581.353233 28114.581866 0.875195 0.385657 -0.292064 -0.458185 0.854534 -0.244619 -0.155240 -0.347909 -0.924586
4.882381 -137.618070 -1165.179510 26436.151417 0.918873 0.297348 -0.259339 -0.379115 0.847465 -0.371585 -0.109290 -0.439759 -0.891441
15.828219 -164.532295 -711.181635 12517.656770 0.932165 0.275631 -0.234726 -0.361997 0.700316 -0.615236 0.005196 -0.658472 -0.752587
-6.891667 -246.574556 -6523.663277 14610.145926 0.100897 -0.875843 -0.471930 0.968351 -0.022392 0.248586 -0.228290 -0.482076 0.845865
-5.664494 -278.262986 -2299.112817 1441.175000 0.099320 -0.867779 -0.486924 0.897649 -0.133018 0.420158 -0.429374 -0.478817 0.765750
-8.638388 -246.188932 -558.231787 25129.985949 0.124380 -0.847317 -0.516318 0.989850 0.069907 0.123730 -0.068744 -0.526467 0.847412
-1.880884 -61.536492 8934.252210 555.043761 0.999927 -0.011961 -0.001549 0.004119 0.459367 -0.888237 -0.011336 -0.888166 -0.459382
9.047488 -78.029839 9400.410790 -4445.301575 0.919483 0.078089 -0.385296 0.393107 -0.193119 0.898984 0.004207 0.978063 0.208267
-3.784533 -286.068753 -3423.602589 46470.341407 -0.121448 0.806360 0.578821 0.431465 -0.482278 0.762395 -0.893918 -0.342333 0.289344
3.072959 -252.416995 -4475.415504 9626.310296 -0.158381 0.838610 0.521200 0.551119 -0.362901 0.751380 -0.819258 -0.406247 0.404697
1.574608 -265.740500 613.287045 9119.641782 -0.120383 0.839162 0.530392 0.660081 -0.331398 0.674142 -0.741485 -0.431257 0.514020
9.342619 -264.911519 -251.621605 -6394.462595 -0.143405 0.857353 0.494350 0.741091 -0.238028 0.627795 -0.655911 -0.456387 0.601242
-12.269399 -305.825775 -991.798826 61984.857923 -0.067284 0.798220 0.598596 0.556322 -0.468020 0.686631 -0.828238 -0.379212 0.412577
17.840813 -253.375695 3669.292934 -24860.028185 -0.106420 0.846458 0.521713 0.823931 -0.218646 0.522811 -0.556607 -0.485493 0.674155
0.854494 -254.310077 137.563273 17041.020812 -0.081391 0.826154 0.557535 0.744083 -0.321806 0.585476 -0.663111 -0.462505 0.588534
10.403611 -38.351330 6708.549217 -4698.007597 0.265390 0.438905 -0.858447 -0.315708 0.880847 0.352756 0.910987 0.177401 0.372334
3.032805 -26.258228 5460.835173 -3278.809785 0.217265 0.571023 -0.791662 -0.304329 0.810236 0.500900 0.927459 0.132098 0.349815
10.825527 -32.053427 8239.596834 -3168.444360 0.200193 0.602938 -0.772262 -0.290127 0.789348 0.541069 0.935815 0.115736 0.332951
22.065301 -34.506162 10474.114967 -4129.744890 0.193090 0.641770 -0.742191 -0.265660 0.762368 0.590102 0.944532 0.083228 0.317698
19.760423 -46.380250 4089.492794 -5100.352379 0.295324 0.499533 -0.814402 -0.288447 0.859263 0.422451 0.910814 0.110152 0.397850
13.738929 -621.816755 8195.620858 -185014.509738 -0.002637 0.750892 0.660420 0.940894 0.225544 -0.252684 -0.338692 0.620719 -0.707104
24.722221 -995.329163 11496.914826 392020.966496 -0.000360 0.751749 0.659449 -0.817523 -0.379996 0.432735 -0.575896 0.538959 -0.614709
8.394325 -1319.181928 22338.289554 -424005.598399 -0.049641 0.741064 0.669597 0.998767 0.036272 0.033901 0.000835 0.670454 -0.741951
8.646261 -675.956313 2385.123671 -143960.573518 0.002905 0.775933 0.630809 0.995962 -0.058848 0.067800 0.089730 0.628065 -0.772970
28.302084 -35.715665 -1569.867682 27462.737523 -0.159269 0.759318 0.630927 0.310970 0.645138 -0.697921 0.936980 -0.085043 0.338876
19.451013 -43.429272 -3783.251099 23244.835286 0.249383 -0.692670 -0.676769 0.329027 0.717881 -0.613505 0.910796 -0.069678 0.406934
28.565025 -23.833993 -6516.587612 22868.710101 0.328936 -0.623495 -0.709264 0.278482 0.781703 -0.558022 0.902357 -0.013964 0.430762
38.722515 -3.822555 -673.917274 13618.968613 -0.190605 0.733314 0.652626 0.353468 0.671490 -0.651277 0.915822 -0.106546 0.387192
-4.149912 -104.784380 14.656302 6322.558063 0.978704 0.200750 -0.042871 -0.051072 0.440405 0.896346 -0.198822 0.875068 -0.441278
-6.419482 -105.819844 -787.785531 3270.889779 0.977631 0.208809 -0.025215 -0.049869 0.346591 0.936690 -0.204329 0.914480 -0.349252
-265.466565 -2091.165186 158038.591144 1993390.473782 0.747566 -0.656007 0.103926 -0.373096 -0.285309 0.882835 0.549495 0.698752 0.458040
-78.324394 -4634.047676 792115.952937 -3322848.614181 0.533105 -0.812976 0.234243 0.845695 0.520061 -0.119733 -0.024480 0.261929 0.964777
-601.510614 -5117.658677 408974.043909 2301048.827677 0.160214 0.093228 0.982670 0.844389 0.502644 -0.185355 -0.511214 0.859452 0.001810
343.086270 -10447.535964 -279542.424616 -7337051.139001 -0.714613 0.653464 0.249626 0.611890 0.756872 -0.229642 -0.338997 -0.011362 -0.940719
7.543420 -782.676673 10571.509420 -129099.718315 -0.565108 0.810497 0.154104 0.824864 0.551459 0.124471 0.015901 0.197454 -0.980183
296.703827 -10726.437598 -251618.592798 8241379.617461 -0.554769 0.810346 0.188603 -0.804389 -0.580311 0.127268 -0.212580 0.081106 -0.973772
23.859831 -834.046086 8269.514856 343602.307718 -0.459534 0.864600 0.203213 -0.652965 -0.483978 0.582582 -0.602051 -0.135026 -0.786958
-0.012516 -391.617553 14451.350931 57397.003104 -0.472077 0.864530 0.172427 -0.773678 -0.500062 0.389051 -0.422571 -0.050259 -0.904935
-6.282684 -547.943528 7838.917008 -132983.879884 -0.595859 0.781757 0.183871 0.796681 0.604268 0.012612 -0.101247 0.154002 -0.982869
9.140451 -12.508665 3839.262638 2150.707771 0.660005 0.696881 0.280624 0.663801 -0.366038 -0.652215 -0.351798 0.616744 -0.704177
10.502313 -10.608171 2321.941957 1155.446951 0.426123 0.789515 0.441685 0.834485 -0.154491 -0.528930 -0.349362 0.593968 -0.724671
82.221662 -108.893505 -32185.763956 14274.428123 0.141421 0.977007 -0.159552 -0.978560 0.162345 0.126748 -0.149736 -0.138207 -0.979019
13.705062 -125.578196 -8582.737800 10746.153230 0.230607 0.954233 -0.190418 -0.954852 0.259587 0.144475 -0.187293 -0.148504 -0.971014
28.872725 -135.508496 -8209.694047 -8115.405737 0.145030 0.975298 -0.166614 0.989389 -0.141467 0.033122 0.008734 -0.169650 -0.985466
39.588226 -104.953577 -24568.239853 12370.582218 0.263931 0.937586 -0.226435 -0.900091 0.323787 0.291545 -0.346665 -0.126865 -0.929370
4.616058 -102.993824 563.980855 -3850.146516 -0.540370 -0.403734 0.738240 0.799828 -0.518919 0.301660 0.261296 0.753474 0.603326
6.148495 -104.364234 495.171622 -6290.168983 -0.540151 -0.386296 0.747671 0.816446 -0.455993 0.354242 0.204090 0.801777 0.561695
4.402984 -109.244491 966.511872 -3427.360955 -0.569368 -0.370486 0.733866 0.747354 -0.605149 0.274329 0.342464 0.704652 0.621437
1.121371 -106.813810 2577.971188 -2549.203543 -0.578620 -0.382606 0.720286 0.714442 -0.663761 0.221345 0.393411 0.642677 0.657415
3.608857 -102.839570 225.233716 -4872.157856 -0.547831 -0.396102 0.736875 0.756549 -0.610534 0.234269 0.357093 0.685822 0.634139
5.482395 -99.567631 -1360.095335 -2993.059852 -0.524647 -0.407576 0.747414 0.795876 -0.546477 0.260663 0.302204 0.731604 0.611087
24.494759 -174.868420 4047.863385 -13162.958811 -0.334389 -0.442582 0.832049 0.766248 0.386323 0.513437 -0.548678 0.809244 0.209945
-6.805213 -72.621852 -7859.150760 -5403.507161 -0.596526 -0.448839 0.665358 0.012290 0.823804 0.566742 -0.802500 0.346253 -0.485904
12.612055 -63.549068 -16982.080622 -3917.513575 -0.602577 -0.562840 0.565784 -0.142745 0.773529 0.617476 -0.785191 0.291315 -0.546453
-5.767649 -65.501382 -4054.635509 -2601.968666 -0.599203 -0.431479 0.674375 -0.142687 0.886410 0.440362 -0.787779 0.167641 -0.592706
-4.676297 -323.021977 -500.779076 83995.847890 0.272899 0.339830 -0.900023 0.961383 -0.061697 0.268209 0.035616 -0.938461 -0.343544
-10.698204 -328.229805 207.080598 46878.591319 0.259187 0.369469 -0.892365 0.904450 -0.416964 0.090060 -0.338809 -0.830442 -0.442238
-9.717643 -305.891272 -360.954714 39017.421834 0.288792 0.363999 -0.885496 0.910551 -0.390185 0.136571 -0.295796 -0.845730 -0.444123
3.830897 -112.918918 1364.212628 6615.306252 -0.326661 -0.350280 0.877836 0.190475 0.885333 0.424152 -0.925749 0.305760 -0.222484
5.832211 -124.947871 -961.157848 6707.239498 -0.342971 -0.356787 0.868950 0.104916 0.904720 0.412884 -0.933468 0.232774 -0.272860
2.130024 -111.557363 527.548223 8871.154105 -0.331833 -0.375191 0.865516 0.277171 0.838228 0.469627 -0.901700 0.395734 -0.174160
6.116548 -106.662774 80.650296 -3286.370111 -0.523026 -0.382349 0.761744 0.843558 -0.360015 0.398495 0.121875 0.850999 0.510831
4.708546 -109.551599 -207.131868 786.604582 -0.488271 -0.388432 0.781481 0.871685 -0.260091 0.415353 0.041920 0.884010 0.465585
5.759196 -112.954696 -109.935494 -5320.776409 -0.522800 -0.374970 0.765557 0.838480 -0.388143 0.382487 0.153725 0.841868 0.517326
-3.527982 -233.894832 -2826.822456 7468.043803 -0.346695 -0.363064 0.864863 -0.138728 0.931757 0.335534 -0.927662 -0.003653 -0.373402
-6.726062 -56.074122 -1086.439291 -6088.045261 0.353727 0.719828 -0.597264 0.848970 -0.515098 -0.118001 -0.392590 -0.465319 -0.793316
0.558940 -49.327794 -1089.733321 9358.447003 0.299075 0.746778 -0.594034 -0.815026 0.523674 0.247990 -0.496273 -0.409986 -0.765261
-5.057884 -45.306483 -3194.455895 7184.904784 0.220867 0.784874 -0.578957 -0.854135 0.442224 0.273664 -0.470820 -0.434064 -0.768060
3.920234 -572.469317 -6225.199723 113365.138432 0.449856 0.227907 -0.863532 0.083806 0.951854 0.294875 0.889160 -0.205021 0.409097
2.810740 -598.423670 -6446.906393 -71775.736029 0.431387 0.200279 -0.879655 -0.182071 0.974311 0.132541 0.883604 0.102983 0.456770
-8239.554294 -13549.481007 -3473231.367342 -4494646.258246 0.666957 0.238661 -0.705839 -0.656017 -0.261071 -0.708155 0.353283 -0.935352 0.017557
-496.937670 -15775.798628 197162.398733 3499763.632195 -0.487313 -0.036294 0.872473 -0.115186 0.993077 -0.023025 -0.865597 -0.111717 -0.488120
-17.654365 -721.580184 25720.878109 311331.076404 0.630288 -0.252363 0.734200 -0.253358 0.827059 0.501780 -0.733858 -0.502281 0.457347
-88.967330 -168.320942 18841.807588 18925.242267 0.604773 -0.174540 0.777036 -0.276663 0.868877 0.410499 -0.746798 -0.463236 0.477184
-15.364761 -534.824595 19054.401699 206136.158380 0.689637 -0.323181 0.648039 -0.240710 0.741699 0.626052 -0.682978 -0.587738 0.433710
17.724199 -277.770755 -10232.248752 -43108.009491 0.165857 0.432969 0.886019 -0.265560 0.884882 -0.382703 -0.949721 -0.171818 0.261743
-89.628017 -125.675384 2622.456666 -2841.927092 0.893864 0.397311 -0.207728 0.331556 -0.273914 0.902797 -0.301791 0.875851 0.376573
-78.042188 -120.208486 -3074.995729 5252.114827 0.994738 0.098782 0.027163 0.024174 -0.483968 0.874752 -0.099555 0.869493 0.483809
-85.493239 -125.233062 -1343.674595 -1634.163702 0.960979 0.264015 -0.082560 0.173078 -0.341047 0.923976 -0.215786 0.902210 0.373434
-55.827158 -91.762909 930.755464 -3066.442567 0.214447 -0.913862 0.344773 0.904207 0.052262 -0.423885 0.369355 0.402646 0.837528
-57.734401 -93.974623 -4177.299001 -2061.884328 -0.252907 0.895866 -0.365323 0.857192 0.032396 -0.513977 0.448620 0.443141 0.776123
-56.394165 -91.843062 4716.757352 -5086.912921 0.274708 -0.875007 0.398621 0.908151 0.099906 -0.406547 0.315907 0.473690 0.822083
-55.730767 -88.835637 -694.389453 -864.337870 0.250824 -0.892735 0.374315 0.936890 0.126582 -0.325904 0.243564 0.432437 0.868144
105.300264 -64.747529 35402.354384 4255.426971 0.521579 0.770788 -0.365844 0.166295 0.328726 0.929669 -0.836840 0.545734 -0.043278
106.743525 -65.021242 8941.292248 2635.289056 0.344545 0.844792 -0.409409 0.249960 0.337812 0.907415 -0.904880 0.414981 0.094773
89.892948 -60.646091 -10274.131837 -750.578965 0.233132 0.862518 -0.449124 0.365449 0.350288 0.862407 -0.901164 0.365187 0.233543
-10.564675 -13.972877 -3872.401817 11548.619289 0.409238 0.799917 -0.438926 0.123106 -0.525061 -0.842114 0.904085 -0.290591 0.313349
15.738533 -6.630009 12846.102363 -4816.314900 0.115629 -0.527056 -0.841927 0.413412 0.796246 -0.441682 0.903172 -0.296991 0.309961
-6.104412 -16.079529 7931.390231 -6129.077672 0.276976 -0.153464 -0.948543 0.315074 0.947090 -0.061227 0.907752 -0.281902 0.310674
17.414796 -158.033471 -3702.588245 6135.590404 0.820614 0.485669 -0.301195 -0.559284 0.790821 -0.248603 -0.117453 -0.372461 -0.920585
25.673158 -175.056311 -52.269629 -865.801157 0.797775 0.539591 -0.269066 -0.602500 0.696057 -0.390512 0.023432 -0.473652 -0.880400
-3.330682 -70.652246 -2623.047386 -5604.508550 0.992791 -0.071891 -0.095902 0.032190 0.930675 -0.364428 -0.115452 -0.358714 -0.926280
-2.612290 -284.281613 348.338193 -20446.689667 -0.104348 0.862254 0.495611 0.662858 -0.311213 0.681004 -0.741438 -0.399581 0.539077
-1.364243 -251.646344 -893.408739 -2663.893410 -0.118534 0.857879 0.499993 0.825121 -0.195022 0.530228 -0.552381 -0.475405 0.684737
2.615701 -259.989008 3973.239538 -4102.153343 -0.109309 0.871799 0.477513 0.683900 -0.282654 0.672598 -0.721341 -0.400092 0.565326
1.940666 -248.633362 1871.075809 -20690.043529 -0.111298 0.863739 0.491495 0.438589 -0.401106 0.804210 -0.891769 -0.305071 0.334184
-3.385994 -253.282847 2858.899160 -29521.064135 -0.094985 0.866065 0.490824 0.340408 -0.435073 0.833567 -0.935468 -0.246257 0.253490
-7.942227 -243.998837 1503.260001 -17666.426425 -0.117742 0.862319 0.492487 0.502551 -0.375999 0.778503 -0.856492 -0.339163 0.389088
-11.531007 -58.323681 7220.640266 -2787.394905 0.997299 0.025569 -0.068860 -0.071965 0.527889 -0.846259 -0.014712 -0.848928 -0.528303
-13.464504 -64.014436 -294.756574 -3143.519200 0.997541 -0.010813 -0.069251 -0.047636 0.620171 -0.783019 -0.051414 -0.784392 -0.618131
-12.628169 -63.252160 7027.810486 1059.941066 0.999728 0.000507 -0.023310 -0.021178 0.437829 -0.898809 -0.009750 -0.899058 -0.437721
-13.509701 -62.631458 3395.508082 -1092.029005 0.996304 -0.001261 -0.085893 -0.068405 0.593169 -0.802166 -0.051960 -0.805077 -0.590891
-14.148802 -60.719376 4655.983739 -441.086390 0.997941 -0.009609 -0.063415 -0.049761 0.507838 -0.860014 -0.040469 -0.861399 -0.506314
23.237142 -76.147807 9537.125012 3242.090572 0.907755 0.101512 -0.407033 0.417149 -0.115856 0.901423 -0.044348 0.988065 0.147514
6.190173 -78.147547 11482.014707 -885.654616 0.955150 0.030709 -0.294525 0.296072 -0.117250 0.947942 0.005423 0.992628 0.121083
-15.814801 -70.586613 -10636.596633 220.097749 0.926075 -0.374557 0.045746 -0.277598 -0.758376 -0.589751 -0.255588 -0.533454 0.806289
-2.309648 -69.713292 -15884.097535 -1509.447981 0.936762 -0.317437 0.147345 -0.151849 -0.748003 -0.646091 -0.315308 -0.582859 0.748903
-2.500270 -265.557789 -6264.388802 20779.656201 -0.163933 0.809777 0.563371 0.325495 -0.494710 0.805801 -0.931224 -0.315472 0.182479
3.727818 -265.854738 -3388.642151 7498.719055 -0.153102 0.846734 0.509512 0.520283 -0.369279 0.770025 -0.840158 -0.382983 0.384004
-4.016301 -14.388436 124.505259 -1915.717146 0.129924 0.803921 -0.580372 0.345681 -0.585334 -0.733409 0.929314 0.105336 0.353949
-5.212162 -11.437187 -829.773326 -2330.169581 0.060415 0.915495 -0.397767 0.363170 -0.391344 -0.845552 0.929762 0.093373 0.356123
-5.063175 -14.873532 265.238812 -4173.759351 -0.032718 0.989017 -0.144134 0.345519 -0.124127 -0.930166 0.937841 0.080234 0.337663
47.731204 -1722.174865 35679.871346 803134.492632 -0.045161 0.780518 0.623500 -0.524518 -0.549710 0.650154 -0.850201 0.297675 -0.434221
33.596864 -1108.285085 31280.302726 363455.986287 0.067788 0.741855 0.667125 -0.544116 -0.532981 0.647973 -0.836267 0.406918 -0.367526
58.326673 -4064.901102 68539.763717 3059014.903067 0.055259 0.789028 0.611867 -0.481829 -0.515657 0.708476 -0.874521 0.333965 -0.351682
11.942773 -486.456309 10665.825388 110849.075384 0.063519 0.756803 0.650550 -0.755823 -0.389192 0.526556 -0.651688 0.525146 -0.547288
11.193848 -44.184260 -6152.888036 15251.197827 0.374802 -0.552811 -0.744260 0.323963 0.830266 -0.453549 0.868661 -0.071122 0.490275
5.161183 -55.270901 -2213.171313 -271.870417 0.260573 -0.670660 -0.694490 0.502843 0.708346 -0.495374 0.824167 -0.220138 0.521813
-8.650225 -99.154265 -1231.271146 -6349.366073 0.989199 0.126271 -0.074442 -0.092489 0.931675 0.351322 -0.113717 0.340642 -0.933291
-5.453042 -106.318237 -906.992758 -9278.707917 0.986483 0.143084 -0.079869 -0.107781 0.933693 0.341468 -0.123432 0.328243 -0.936494
-6.218169 -107.649838 340.385190 -2210.173962 0.985890 0.155700 -0.061467 -0.103474 0.855495 0.507368 -0.131582 0.493849 -0.859535
-2257.647685 -5211.820100 -1043009.019211 106549.578481 0.082146 0.990893 0.106691 -0.681583 -0.022247 0.731403 -0.727115 0.132801 -0.673548
2.855296 -87.210942 1426.251844 5550.622864 0.978643 0.204790 0.017863 0.018229 -0.173012 0.984751 -0.204757 0.963394 0.173050
2.349181 -95.988628 -1046.738342 10963.146981 0.972023 0.233783 -0.022738 0.034757 -0.047419 0.998270 -0.232301 0.971132 0.054218
3.178575 -90.629405 425.862062 6522.856157 0.976116 0.216947 -0.011491 0.036789 -0.112937 0.992921 -0.214113 0.969628 0.118221
3.709403 -79.387503 1343.861134 -2377.446880 0.979086 0.202924 0.014567 0.023448 -0.183680 0.982706 -0.202090 0.961813 0.184597
146.959265 -152.659288 -10408.906986 35800.003167 0.863788 0.491541 -0.110715 -0.321903 0.369324 -0.871767 0.387620 -0.788661 -0.477247
191.443947 -185.659833 -23665.193080 26113.307518 0.827108 0.556177 -0.080989 -0.193367 0.146291 -0.970159 0.527732 -0.818087 -0.228545
150.681648 -163.935873 3395.582316 28355.805584 0.689284 0.720714 -0.073888 -0.388086 0.281180 -0.877683 0.611782 -0.633647 -0.473512
7.036535 -36.927920 2433.864766 13780.737411 0.897457 -0.008742 -0.441016 0.263982 0.811640 0.521108 -0.353391 0.584092 -0.730720
21.195534 -52.349565 -3448.913734 146.630315 -0.567818 -0.539679 0.621554 -0.429634 0.838382 0.335455 -0.702138 -0.076563 -0.707913
9.149991 -50.277854 -6999.178615 -2849.842422 -0.608830 -0.524765 0.594935 -0.453348 0.845578 0.281909 -0.651000 -0.098078 -0.752715
12.070474 -48.703281 -7507.050791 3043.075003 -0.625408 -0.490712 0.606685 -0.346202 0.871289 0.347849 -0.699292 0.007512 -0.714797
22.692080 -47.716777 -3200.672782 5851.793296 -0.594068 -0.496691 0.632757 -0.298147 0.866535 0.400282 -0.747123 0.049140 -0.662867
