10581
21141
-40.930546 -61.436884 -2452.574982 6939.607965 -0.164813 0.983242 -0.077916 0.951173 0.137541 -0.276319 0.260972 0.119653 0.957902
-50.289032 -69.935550 332.855664 5359.742842 0.128074 -0.977399 0.168189 0.985531 0.106442 -0.131903 0.111019 0.182649 0.976890
-40.541324 -78.893445 -3433.680450 8265.152186 -0.339403 0.939906 -0.037182 0.934061 0.332099 -0.131301 0.111063 0.079294 0.990645
-43.121177 -57.395610 -45.176117 4169.473293 -0.342946 -0.879508 0.329930 0.906285 -0.402168 -0.130035 0.247054 0.254416 0.935006
-25.014651 -75.427605 -5448.508067 11189.527888 -0.316649 0.945860 0.071283 0.908520 0.324030 -0.263810 0.272625 0.018773 0.961937
-32.166870 -49.905330 -4523.457793 6280.577057 -0.057225 0.998032 -0.025645 0.918556 0.042570 -0.392993 0.391128 0.046045 0.919184
-36.366966 -47.637732 -813.715352 3887.567743 0.336290 0.900501 -0.275694 0.879061 -0.405178 -0.251163 0.337878 0.157888 0.927852
-6.182550 -79.602981 2402.164857 5616.863083 0.959279 -0.193092 0.206152 -0.279506 -0.754176 0.594218 -0.040736 0.627642 0.777436
-9.318248 -97.302082 1149.687529 8401.791848 0.940460 -0.219112 0.259856 -0.339662 -0.576937 0.742814 0.012839 0.786850 0.617010
-12.121097 -83.975047 1965.008762 7806.183220 0.949437 -0.192848 0.247747 -0.312556 -0.655052 0.687907 -0.029626 0.730559 0.682206
-12.357361 -70.895837 2273.923796 5109.896338 0.971206 -0.125474 0.202523 -0.223265 -0.775992 0.589907 -0.083139 0.618137 0.781661
77.865211 -112.622811 -7390.813568 8741.005415 0.777366 -0.627778 -0.039963 -0.230987 -0.343965 0.910128 0.585104 0.698272 0.412395
62.614377 -111.136471 -7221.090908 10010.773279 0.865362 -0.494345 0.082292 -0.257162 -0.297091 0.919567 0.430135 0.816921 0.384218
59.647242 -107.659351 -8329.173285 3163.127144 0.836177 -0.548074 -0.020585 -0.065861 -0.137600 0.988296 0.544491 0.825034 0.151155
-6.104421 -47.018694 -623.635585 464.854257 0.050860 0.958690 -0.279868 -0.138821 0.284296 0.948633 -0.989011 0.009396 -0.147546
-6.728211 -47.302953 -563.292003 -688.277698 0.048150 0.961133 -0.271856 0.007921 0.271796 0.962322 -0.998809 0.048489 -0.005474
-6.680194 -46.784710 -701.260299 -630.298443 0.058868 0.954348 -0.292840 -0.101752 0.297557 0.949266 -0.993066 0.026084 -0.114624
-6.640200 -48.108949 98.131141 683.873402 0.082199 0.961690 -0.261525 -0.216203 0.273371 0.937296 -0.972882 0.020502 -0.230391
-7.853626 -46.677471 -201.715435 625.875719 0.093015 0.953742 -0.285874 -0.097041 0.294435 0.950732 -0.990924 0.060690 -0.119939
5.606166 -58.596927 -2523.357822 1124.260238 0.044944 0.911119 -0.409686 -0.783362 -0.222351 -0.580434 0.619938 -0.347019 -0.703743
9.384900 -74.307621 -2273.856192 9187.483771 0.047414 0.930102 -0.364228 -0.749897 -0.207734 -0.628094 0.659854 -0.302913 -0.687631
12.176005 -65.190701 -3989.073724 -28.117349 0.014305 0.905433 -0.424248 -0.838800 -0.220078 -0.497976 0.544252 -0.362983 -0.756329
6.616939 -65.628012 247.668026 7306.780152 0.056440 0.946528 -0.317647 -0.705774 -0.187210 -0.683254 0.706186 -0.262750 -0.657468
-16.309969 -86.189644 219.061715 4.292856 0.212499 0.953145 -0.215312 -0.852709 0.073269 -0.517222 0.477212 -0.293508 -0.828325
-16.871766 -85.536908 425.537842 -877.916102 0.233883 0.940852 -0.245144 -0.886094 0.102492 -0.452033 0.400171 -0.322943 -0.857654
-15.728337 -86.689723 422.642212 927.552262 0.212909 0.950572 -0.226013 0.939209 -0.135337 0.315549 0.269364 -0.279457 -0.921600
-17.510539 -83.725454 579.762120 220.168355 0.231484 0.944867 -0.231605 -0.781689 0.038932 -0.622453 0.579118 -0.325131 -0.747604
-14.743791 -84.885571 252.986032 -296.960433 0.184780 0.965540 -0.183273 -0.805889 0.042128 -0.590566 0.562494 -0.256822 -0.785902
-16.247058 -87.625484 204.825196 1541.412296 0.211140 0.957831 -0.194885 -0.718946 0.017103 -0.694855 0.662221 -0.286823 -0.692240
-1.078011 -125.360098 -1506.288010 9328.094609 0.289010 0.945094 -0.152547 0.931748 -0.314282 -0.181858 0.219816 0.089577 0.971420
-0.280374 -135.959375 -869.904407 10732.416344 0.305472 0.938960 -0.158244 0.903572 -0.338270 -0.262927 0.300407 0.062668 0.951750
-2.094554 -111.741009 -68.254221 4298.416159 0.315517 0.932258 -0.177045 0.827906 -0.361619 -0.428723 0.463703 0.011308 0.885919
-2.244318 -104.478700 -1341.988518 -2432.861488 0.378821 0.905413 -0.191630 0.685071 -0.413558 -0.599707 0.622232 -0.095902 0.776936
-2.091867 -104.107955 -1077.958865 3217.310108 0.324301 0.932426 -0.159407 0.836471 -0.361361 -0.411989 0.441753 -0.000269 0.897137
-5.129901 -259.538072 1137.944201 7738.905709 0.946550 -0.115642 0.301114 -0.315881 -0.143389 0.937901 0.065284 0.982887 0.172254
-4.057813 -283.550269 -261.264050 -34538.874674 0.941653 -0.098612 0.321816 -0.274090 0.330281 0.903210 0.195357 0.938717 -0.283982
-8.800063 -252.088240 2226.465634 -23336.073451 0.944697 -0.130055 0.301052 -0.271073 0.206984 0.940041 0.184570 0.969661 -0.160283
-6.557229 -231.438288 273.408086 -34160.920176 0.949242 -0.097526 0.299046 -0.186855 0.589955 0.785518 0.253032 0.801525 -0.541787
-7.668359 -243.596815 2759.541655 13083.999142 0.947818 -0.132957 0.289763 -0.314432 -0.239726 0.918512 0.052659 0.961693 0.269023
18.233116 -227.013942 1298.506075 -32670.014689 0.933124 -0.039622 0.357364 -0.244343 0.659260 0.711107 0.263771 0.750870 -0.605490
14.103729 -239.759432 1174.769767 -26035.837501 0.934659 -0.048703 0.352195 -0.248468 0.619069 0.744994 0.254316 0.783825 -0.566518
15.100771 -236.437062 1825.608910 -3366.541955 0.941462 -0.042236 0.334463 -0.299328 0.351687 0.886972 0.155089 0.935165 -0.318457
15.802995 -82.347213 -2445.235406 -6606.137206 0.793242 0.604652 -0.071855 0.608725 -0.784590 0.117782 -0.014841 0.137169 0.990436
5.270746 -75.648857 -3792.933291 -7905.352507 0.828242 0.559601 -0.029372 0.544636 -0.791545 0.277179 -0.131860 0.245568 0.960369
9.447564 -69.032436 -4192.256288 -9425.900018 0.779613 0.622353 -0.069851 0.601363 -0.712810 0.360921 -0.174830 0.323385 0.929977
-11.505342 -36.514069 -1852.045594 -2717.529873 0.883992 -0.345928 0.314469 0.117704 0.815678 0.566406 0.452442 0.463684 -0.761770
-7.368293 -31.786664 1841.946741 -2011.720553 -0.877244 0.419930 -0.232596 0.248092 0.811403 0.529222 0.410965 0.406552 -0.815980
-6.184683 -40.002629 -1025.491355 -2815.937435 0.882163 -0.385910 0.269929 0.166737 0.791975 0.587345 0.440440 0.473127 -0.762996
24.270737 7.491895 1435.351872 -9621.441880 0.195454 0.919841 0.340134 -0.347464 0.389276 -0.853073 0.917097 -0.048553 -0.395697
31.555404 9.915121 -11255.775207 -4430.532301 -0.357574 -0.617602 -0.700506 -0.173785 0.781002 -0.599862 0.917572 -0.092758 -0.386596
34.488456 17.321458 -7350.716172 -985.115269 -0.457488 -0.496718 -0.737547 -0.208953 0.866262 -0.453793 0.864316 -0.053492 -0.500096
30.118608 17.300298 1246.772977 -7331.693206 0.207565 0.884506 0.417810 -0.361335 0.466231 -0.807506 0.909040 -0.016641 -0.416376
-2.362922 -68.319164 240.674653 3371.545755 0.119270 0.992861 0.000826 0.989840 -0.118972 0.077859 -0.077401 0.008469 0.996964
-3.219035 -74.214781 901.315308 4595.354179 0.097491 0.995119 -0.015275 0.965687 -0.090873 0.243292 -0.240717 0.038469 0.969833
-2.425809 -72.348528 -40.950518 2686.057721 0.083617 0.996465 0.008063 0.979929 -0.083694 0.180927 -0.180962 0.007227 0.983463
-12.571688 -30.398478 7728.433454 -135.879177 0.720955 -0.459544 0.518694 -0.071078 0.695511 0.714991 -0.689327 -0.552344 0.468768
-23.636196 -29.220909 2816.031774 753.488151 0.671575 -0.528387 0.519418 0.014123 0.710030 0.704030 -0.740802 -0.465473 0.484301
-22.114085 -30.452238 -3047.305788 -168.430001 0.230404 0.380991 0.895410 -0.598086 0.781292 -0.178537 -0.767598 -0.494397 0.407878
-10.862981 -24.737818 -3760.588871 -2186.290924 0.327406 0.201034 0.923250 -0.627804 0.776527 0.053549 -0.706164 -0.597152 0.380450
16.421494 -26.064168 14723.340689 -2240.771109 0.761961 -0.428382 0.485699 -0.110151 0.653320 0.749026 -0.638186 -0.624228 0.450618
8.775303 -102.656573 542.590648 1799.200867 0.079174 0.995546 0.051177 0.315079 0.023715 -0.948769 0.945757 -0.091242 0.311798
42.388413 -309.833992 7633.468441 -79312.046810 0.019692 0.991723 0.126880 0.120743 0.123617 -0.984957 0.992488 -0.034715 0.117310
11.810631 -133.812169 2287.310711 5551.207419 0.116942 0.989065 -0.089859 0.403241 -0.129973 -0.905817 0.907591 -0.069694 0.414031
23.493464 -87.392656 1960.871852 -4912.436760 0.028290 0.992179 -0.121576 0.327354 0.105722 0.938969 -0.944478 0.066362 0.321803
18.731874 -106.267743 -2319.362494 -6761.912724 -0.080752 0.991105 -0.105779 0.451252 0.130979 0.882732 -0.888735 -0.023550 0.457815
17.113588 -88.815464 -739.844490 -6983.966088 -0.026483 0.996366 -0.080959 0.175913 0.084368 0.980784 -0.984049 -0.011732 0.177508
0.686725 -22.448615 2273.121805 1099.116176 -0.540345 0.197162 -0.818018 -0.034281 0.966195 0.255521 0.840745 0.166112 -0.515320
5.218482 -23.356422 576.672788 639.478345 -0.501594 0.068830 -0.862361 -0.061917 0.991417 0.115144 0.862884 0.111151 -0.493027
1.465994 -19.364734 580.497461 894.415782 -0.512166 0.128019 -0.849292 -0.109463 0.971036 0.212382 0.851882 0.201741 -0.483319
-45.877820 -58.056861 -2111.353611 -173.584048 -0.268670 0.930817 0.247783 0.962504 0.269435 0.031487 -0.037452 0.246951 -0.968304
-51.116945 -59.183596 -1527.800360 -331.174681 -0.621771 0.710858 0.328758 0.781263 0.592443 0.196571 -0.055036 0.379069 -0.923731
-50.274617 -58.460895 -1608.578201 -151.446229 -0.416312 0.857144 0.303296 0.907727 0.372701 0.192681 0.052117 0.355526 -0.933212
12.576642 -44.707797 -6043.851289 793.831109 -0.263587 0.949408 -0.170724 -0.658772 -0.047883 0.750818 -0.704657 -0.310374 -0.638064
3.543169 -43.770221 -3782.952695 274.310736 -0.214478 0.956760 -0.196493 -0.703160 -0.011621 0.710936 -0.677912 -0.290646 -0.675248
11.803353 -46.475560 -5053.456345 -289.595970 -0.240790 0.952412 -0.186900 -0.757456 -0.063997 0.649742 -0.606861 -0.298020 -0.736820
5.967284 -97.090224 -359.039066 -523.026987 -0.244758 0.968786 0.039328 -0.939722 -0.247014 0.236446 -0.238780 -0.020915 -0.970849
4.655495 -92.258309 -93.504689 1106.145703 -0.202645 0.979184 0.011575 -0.939131 -0.197678 0.280992 -0.277431 -0.046071 -0.959640
8.546764 -97.246312 33.779026 -5095.774869 -0.214454 0.976229 0.031420 -0.976018 -0.215417 0.031365 -0.037388 0.023940 -0.999014
-0.531674 -97.288962 309.468372 11877.985924 -0.219858 0.974998 0.032276 0.332942 0.043895 0.941925 -0.916958 -0.217836 0.334268
0.356100 -96.651487 452.080118 10781.511694 -0.203989 0.977682 0.050271 0.272835 0.007460 0.962032 -0.940186 -0.209959 0.268267
-2.065759 -115.449412 -4.027807 9748.100582 -0.223359 0.974424 0.024664 0.081820 -0.006471 0.996626 -0.971296 -0.224623 0.078282
-2.542093 -117.196246 306.150398 10637.290252 -0.224128 0.974510 0.009789 0.094600 0.011758 0.995446 -0.969957 -0.224034 0.094824
-3.631799 -121.863944 1014.673700 -3.906973 -0.195190 0.980748 0.005815 -0.218199 -0.049205 0.974663 -0.956185 -0.188976 -0.223603
-14.795426 -83.058766 278.843090 -1323.398078 -0.270772 0.962400 0.021662 -0.193567 -0.032390 -0.980552 0.942981 0.269699 -0.195059
-14.787827 -84.174127 536.843772 -2461.876969 -0.282704 0.958536 0.035876 -0.337772 -0.064475 -0.939017 0.897769 0.277582 -0.341994
-12.883758 -78.898156 901.659854 -1063.825017 -0.322578 0.945183 0.050710 -0.211586 -0.019786 -0.977159 0.922591 0.325940 -0.206370
-15.767430 -87.228449 536.531560 -2765.716749 -0.248212 0.968591 0.014881 -0.379941 -0.083210 -0.921261 0.891087 0.234322 -0.388661
-12.474479 -78.571945 633.973966 716.472262 -0.315013 0.948477 0.034031 -0.041310 0.022120 -0.998901 0.948188 0.316073 -0.032214
-14.176508 -82.033370 285.025629 539.259271 -0.265861 0.963815 0.019470 -0.002224 0.019584 -0.999806 0.964009 0.265853 0.003063
-15.696303 -83.791140 414.324492 -1743.798124 -0.236054 0.971733 0.003745 -0.187546 -0.041777 -0.981367 0.953470 0.232358 -0.192107
-9.225519 -36.210005 1296.979303 638.391858 0.042358 0.994494 0.095855 -0.694994 -0.039596 0.717925 -0.717767 0.097028 -0.689490
-10.699684 -35.110435 820.131838 1210.699371 0.014585 0.999097 0.039903 -0.612227 -0.022629 0.790358 -0.790547 0.035957 -0.611345
-9.142139 -37.376150 980.525641 -517.021679 0.021410 0.995871 0.088223 -0.608489 -0.057037 0.791510 -0.793274 0.070629 -0.604755
-3.038728 -41.105046 1677.739865 -2052.777083 0.084827 0.979413 0.183178 -0.970955 0.039974 0.235898 -0.223719 0.197869 -0.954357
-3.556399 -40.812022 1560.746359 -376.463362 0.055270 0.980073 0.190792 -0.939150 -0.013855 0.343228 -0.339032 0.198153 -0.919670
-0.115352 -40.527799 3049.529700 -1147.422013 0.072002 0.971654 0.225176 -0.955588 0.002517 0.294696 -0.285776 0.236394 -0.928682
-7.323257 -43.098060 820.560242 -1453.404724 0.087757 0.985319 0.146439 -0.955500 0.041700 0.292028 -0.281635 0.165550 -0.945132
0.736491 -38.495159 1672.499873 -824.942950 0.097579 0.975992 0.194724 -0.966699 0.046439 0.251667 -0.236583 0.212797 -0.948022
-7.151643 -41.351366 1448.995612 -1549.211387 0.125207 0.979669 0.156754 -0.975270 0.092529 0.200715 -0.182130 0.178008 -0.967027
-15.049077 -51.740527 709.694081 -2689.015605 0.109254 0.993667 -0.026251 -0.955455 0.112264 0.272950 -0.274168 0.004739 -0.961670
-14.589701 -51.919584 171.491756 -1151.069485 0.119036 0.992086 -0.039942 -0.974172 0.124472 0.188402 -0.191883 -0.016484 -0.981279
-15.563984 -52.749466 -850.641055 -2581.268714 0.076066 0.993448 -0.085296 -0.967427 0.094247 0.234951 -0.241451 -0.064646 -0.968257
-15.126708 -49.981546 1394.098617 -831.712671 0.143666 0.989294 0.025639 -0.948372 0.130228 0.289191 -0.282756 0.065862 -0.956928
-6.867221 -196.055636 -926.559890 21039.118384 0.772663 0.331441 -0.541422 -0.335683 0.937205 0.094674 0.538803 0.108595 0.835403
-4.801463 -153.464752 -46.609091 12883.694301 0.753025 0.356813 -0.552845 -0.505357 0.851699 -0.138646 0.421387 0.383788 0.821669
-3.111628 -154.375486 -2347.032568 -18063.202629 0.775862 0.382197 -0.501960 0.513895 -0.844390 0.151383 0.365992 0.375407 0.851539
-16.171432 -31.272916 -1904.745468 -1048.675066 -0.141201 0.960017 0.241721 0.438215 -0.158333 0.884815 -0.887710 -0.230862 0.398337
-21.653263 -30.709962 -1903.270439 -567.160091 -0.081236 0.967854 0.238033 0.426223 -0.182149 0.886090 -0.900963 -0.173437 0.397724
-18.871331 -28.664803 -2547.083450 -904.162594 -0.145807 0.966825 0.209735 0.367958 -0.143794 0.918657 -0.918339 -0.211121 0.334785
-16.162092 -269.792949 2812.295143 62322.589737 0.507637 0.705473 -0.494583 0.002812 0.572689 0.819768 -0.861566 0.417535 -0.288734
-19.890310 -234.028212 2202.405011 60703.822812 0.469565 0.786110 -0.401921 -0.036380 0.472070 0.880810 -0.882148 0.398976 -0.250267
-24.309510 -136.495687 4661.832415 5139.874087 0.518543 0.685379 -0.511242 0.174165 0.500710 0.847913 -0.837126 0.528720 -0.140271
0.259816 -413.889394 3517.590240 87580.088776 0.543621 0.734804 -0.405634 0.057005 0.449843 0.891286 -0.837393 0.507645 -0.202657
-16.847492 -160.659129 3087.141798 5327.744004 0.543110 0.638494 -0.545305 0.393953 0.379750 0.837014 -0.741508 0.669414 0.045291
9.655526 -45.930420 1037.945822 2077.295484 0.047612 0.995090 0.086769 -0.384822 -0.061888 0.920914 -0.921762 0.077237 -0.379986
9.532632 -44.401602 676.660519 2531.612727 0.041255 0.998206 0.043390 -0.339228 -0.026854 0.940321 -0.939799 0.053511 -0.337511
11.208763 -49.001667 1344.350950 1056.943165 0.056932 0.996961 0.053179 -0.482277 -0.019176 0.875809 -0.874167 0.075508 -0.479720
-9.537606 -35.595911 129.863860 -2278.963872 -0.794866 0.564048 0.223693 0.551695 0.825282 -0.120588 -0.252627 0.027559 -0.967171
-7.300223 -36.371893 -866.322439 -410.524858 -0.865697 0.443084 0.232907 0.428364 0.896478 -0.113273 -0.258985 0.001709 -0.965880
-13.253166 -38.413270 1119.091305 -1610.456828 -0.905390 0.329850 0.267334 0.347812 0.937319 0.021436 -0.243506 0.112390 -0.963366
-6.968178 -46.128326 -4496.590357 -2636.402892 0.712188 0.658136 0.244223 -0.132434 0.467620 -0.873953 0.689384 -0.590075 -0.420192
3.673090 -42.287238 -7578.276533 -2605.154091 0.723574 0.673058 0.153080 -0.120206 0.341259 -0.932251 0.679699 -0.656152 -0.327832
11.412999 -43.867109 -7734.351075 -3510.565075 0.708340 0.701993 0.073896 -0.198998 0.299037 -0.933261 0.677240 -0.646361 -0.351515
-166.127677 -5091.518756 -76188.739348 -2336033.328877 -0.722235 -0.328811 0.608490 -0.518767 0.839397 -0.162154 -0.457446 -0.432778 -0.776818
-360.621093 -1010.302652 61688.134172 362938.644860 0.243696 0.633633 -0.734249 0.468981 0.585685 0.661082 -0.848922 0.505452 0.154433
-187.197315 -1054.238797 -40664.933080 288709.101814 -0.676011 -0.488280 0.551899 0.076651 0.698298 0.711691 -0.732894 0.523414 -0.434630
-1164.190738 -13433.423513 407411.095657 -7316870.272204 0.726220 0.263887 -0.634798 -0.526217 0.807580 -0.266289 -0.442380 -0.527426 -0.725343
-280.712131 -1095.826932 33562.012099 305379.044605 -0.303159 -0.295417 0.905993 0.022789 0.948215 0.316810 -0.952667 0.116691 -0.280728
1378.012481 -25689.163317 43544.058293 7143024.967192 0.597119 0.221714 -0.770903 0.515646 0.630076 0.580616 -0.614458 0.744209 -0.261904
-1.501625 -579.987086 8002.348657 157350.178554 0.561115 0.332422 -0.758054 0.472297 0.623521 0.623023 -0.679769 0.707614 -0.192865
-177.777614 -324.871290 -44625.934073 -22822.990345 0.784481 0.508901 0.354415 0.071378 0.493604 -0.866753 0.616032 -0.705248 -0.350898
-256.534499 -927.136479 -10320.669007 319722.117941 0.479699 0.866342 -0.139069 -0.269997 -0.005061 -0.962848 0.834860 -0.499425 -0.231482
-291.382649 -549.671752 -61982.286058 -17434.038675 0.793970 0.538977 0.281276 0.251346 0.130262 -0.959092 0.553568 -0.832187 0.032045
-139.416000 -623.460180 -28219.144835 -92863.314442 0.866587 0.367179 0.337944 0.294340 0.170771 -0.940320 0.402976 -0.914340 -0.039913
-54.432046 -77.265759 -1653.750169 2527.736009 0.199612 -0.968123 0.151303 0.976153 0.209914 0.055324 -0.085321 0.136651 0.986938
-53.190001 -76.370806 -123.258747 3251.917314 -0.017693 -0.972854 0.230744 0.996892 0.000555 0.078782 -0.076771 0.231421 0.969820
-47.295717 -69.498052 615.961525 4861.681830 -0.227478 -0.925037 0.304238 0.970446 -0.241194 -0.007749 0.080548 0.293483 0.952565
-15.349849 -112.103887 572.338950 2426.185067 0.938468 -0.194438 0.285432 -0.323256 -0.203567 0.924157 0.121587 0.959560 0.253894
-11.766889 -111.660017 717.585545 5901.902221 0.933329 -0.225519 0.279354 -0.344485 -0.343348 0.873752 0.101132 0.911731 0.398144
-12.546097 -118.905937 557.664281 784.313053 0.931496 -0.227506 0.283824 -0.307380 -0.075083 0.948620 0.194506 0.970878 0.139870
-15.304778 -116.283317 750.296423 -700.489986 0.933917 -0.203540 0.293889 -0.293035 0.035028 0.955460 0.204768 0.978440 0.026931
-17.215065 -114.300825 1008.415348 -157.534203 0.928786 -0.160988 0.333826 -0.340252 -0.013322 0.940240 0.146920 0.986866 0.067150
-20.211142 -109.756919 2008.202157 5764.487708 0.939035 -0.168637 0.299623 -0.338914 -0.307307 0.889213 0.057878 0.936549 0.345725
3.156429 -33.142842 34.950111 992.379043 0.053095 0.988090 -0.144426 0.606893 -0.146784 -0.781112 0.793008 0.046178 0.607458
1.678023 -36.238862 -2207.028456 827.223198 0.071609 0.992761 -0.096427 0.666379 -0.119551 -0.735967 0.742167 0.011555 0.670116
4.567868 -35.432952 783.850964 230.522506 0.025369 0.988810 -0.147005 0.684667 -0.124336 -0.718173 0.728414 0.082430 0.680160
0.390378 -33.032354 -2107.969034 1052.188238 0.056003 0.994603 -0.087347 0.573822 -0.103655 -0.812394 0.817063 0.004625 0.576530
1.868352 -33.822447 1912.051555 961.943033 0.047283 0.978820 -0.199188 0.610206 -0.186182 -0.770055 0.790831 0.085135 0.606085
3.030859 -31.350319 1378.279528 1036.962165 0.050003 0.983184 -0.175639 0.537946 -0.174683 -0.824682 0.841495 0.053248 0.537634
2.728386 -31.495915 -825.329138 1332.369157 0.053664 0.990884 -0.123567 0.542572 -0.132819 -0.829442 0.838293 0.022533 0.544754
-5.519000 -45.957895 -444.742233 284.096951 0.044467 0.961740 -0.270330 -0.092619 0.273401 0.957431 -0.994708 0.017536 -0.101232
-5.666699 -48.339645 -967.832803 -1006.589647 0.029620 0.968794 -0.246092 0.013362 0.245795 0.969230 -0.999472 0.031997 0.005665
-7.880690 -50.354909 -165.378238 -1846.645269 0.058884 0.970726 -0.232862 0.140132 0.222919 0.964712 -0.988380 0.089437 0.122904
-7.068437 -47.357137 269.795691 -313.424430 0.081301 0.959514 -0.269671 0.127906 0.258285 0.957564 -0.988448 0.112344 0.101729
7.534061 -78.925494 -133.180008 11538.161795 0.052426 0.949504 -0.309343 -0.661664 -0.198988 -0.722914 0.747965 -0.242580 -0.617821
9.178823 -84.553881 1978.854397 9102.377353 0.059764 0.967097 -0.247290 -0.532889 -0.178569 -0.827129 0.844072 -0.181210 -0.504683
9.136792 -93.317147 -1550.134045 10342.378905 0.092542 0.949770 -0.298954 -0.563582 -0.197557 -0.802089 0.820860 -0.242712 -0.516991
9.512465 -92.843523 856.626891 2558.490638 0.077159 0.966312 -0.245536 -0.316970 -0.209718 -0.924958 0.945292 -0.149197 -0.290110
11.012212 -95.906979 -1525.387943 10610.941424 0.056119 0.959848 -0.274850 -0.612120 -0.184402 -0.768964 0.788771 -0.211395 -0.577193
8.681986 -106.670005 -3081.634958 4560.774512 0.137338 0.955183 -0.262229 -0.347108 -0.201541 -0.915914 0.927715 -0.216811 -0.303872
-16.462773 -87.747681 102.705535 152.311578 0.244362 0.928390 -0.279963 0.949588 -0.170634 0.262994 0.196390 -0.330115 -0.923285
-17.071456 -87.647258 -190.896750 1275.247465 0.267171 0.915509 -0.300772 0.882309 -0.106893 0.458371 0.387492 -0.387837 -0.836321
-17.230009 -85.600004 -121.574660 -526.221889 0.265816 0.924020 -0.274825 -0.787448 0.043662 -0.614833 0.556119 -0.379843 -0.739223
-15.513768 -92.021488 -367.695114 264.820054 0.277513 0.899678 -0.336996 0.936834 -0.175684 0.302450 0.212903 -0.399643 -0.891604
-17.683809 -87.026034 -936.115691 -1489.139360 0.294904 0.902139 -0.314925 -0.779639 0.036625 -0.625157 0.552444 -0.429889 -0.714143
-15.814809 -93.196556 -724.865289 -2005.965921 0.311093 0.889279 -0.335267 -0.826157 0.078670 -0.557921 0.469772 -0.450549 -0.759157
3.918770 -72.271612 147.757324 -2710.767823 0.300972 0.931177 -0.205728 -0.819448 0.142189 -0.555236 0.487771 -0.335694 -0.805847
2.990989 -67.743991 -344.938807 -3192.029918 0.309423 0.925596 -0.218012 -0.730788 0.084765 -0.677321 0.608446 -0.368899 -0.702642
3.207452 -76.751832 -465.072266 -4037.835707 0.310321 0.925220 -0.218331 -0.806298 0.134508 -0.576013 0.503572 -0.354789 -0.787744
0.719461 -132.969904 -483.970474 -1763.528096 -0.868251 0.065699 -0.491756 -0.062366 0.968877 0.239556 0.492190 0.238663 -0.837131
-1.489057 -126.538569 -1450.815456 4544.791677 -0.856392 0.052086 -0.513692 0.057522 0.998330 0.005330 0.513112 -0.024984 -0.857958
-2.502964 -133.635429 -49.459172 5309.089262 -0.874798 0.056235 -0.481213 0.044389 0.998366 0.035974 0.482450 0.010109 -0.875865
-2.918608 -133.613627 11.261058 7083.598266 -0.876922 0.036692 -0.479229 0.134807 0.975836 -0.171963 0.461340 -0.215402 -0.860679
-3.845543 -253.296627 -50.191845 7296.035272 0.951280 -0.101757 0.291055 -0.301768 -0.113556 0.946594 0.063271 0.988307 0.138731
-3.909631 -230.429459 -1264.562036 -20210.671840 0.939015 -0.077053 0.335133 -0.227149 0.592704 0.772726 0.258175 0.801726 -0.539055
-5.930569 -254.389196 385.208537 -38764.824095 0.945884 -0.104555 0.307201 -0.152593 0.692169 0.705420 0.286390 0.714122 -0.638757
15.806589 -83.169541 -1040.520455 -2601.929655 0.862676 0.504210 -0.039537 0.505027 -0.862993 0.013786 0.027169 0.031860 0.999123
-2.391329 -27.804049 2318.836714 -3128.534451 -0.897360 0.376819 -0.229679 0.241484 0.854919 0.459129 0.369366 0.356540 -0.858166
-9.256891 -24.508271 2792.506928 -2059.550667 -0.862406 0.466943 -0.195498 0.336510 0.817322 0.467702 0.378175 0.337562 -0.861995
0.226324 -20.120469 3295.654509 -2828.551557 -0.907678 0.349806 -0.231855 0.242340 0.887941 0.390936 0.342626 0.298656 -0.890737
3.166290 -16.187994 -60.620849 1.534623 -0.679636 -0.557706 -0.476506 -0.313392 0.808079 -0.498793 0.663235 -0.189665 -0.723980
1.336859 -14.339785 195.361792 -245.844381 -0.678358 -0.581268 -0.449397 -0.313509 0.782166 -0.538450 0.664487 -0.224372 -0.712822
2.750272 -13.761710 1199.411180 -442.447540 -0.695729 -0.555643 -0.455216 -0.271713 0.790225 -0.549288 0.664931 -0.258468 -0.700758
2.037529 -15.960554 -147.252418 -858.676886 -0.613360 -0.666992 -0.422979 -0.373896 0.716952 -0.588372 0.695695 -0.202734 -0.689135
-2.532346 -69.947265 -280.754065 2479.872775 0.123480 0.992226 0.015498 0.964159 -0.123654 0.234750 -0.234842 0.014045 0.971932
-24.706605 -32.787256 1736.231645 -365.283839 -0.120089 0.831887 0.541795 0.585887 -0.381186 0.715146 -0.801446 -0.403312 0.441615
57.222080 -361.006461 6751.679282 -82123.683450 0.008955 0.993216 0.115939 -0.077833 0.116284 -0.990162 0.996926 0.000157 -0.078346
47.815857 -243.132166 7774.158040 -43165.658561 0.135806 0.990632 -0.014313 0.038104 -0.019659 -0.999080 0.990002 -0.135136 0.040417
50.398316 -369.186768 12776.957957 -98902.149116 -0.101269 0.966066 0.237617 0.050968 0.243569 -0.968543 0.993553 0.085973 0.073905
-1.771115 -113.158396 6830.392049 -16728.136122 -0.087811 0.973188 0.212591 0.232291 0.227536 -0.945657 0.968674 0.033656 0.246043
23.114857 -108.176863 -1268.483842 -3357.754522 -0.043329 0.984717 -0.168688 0.666888 0.154230 0.729023 -0.743898 0.080908 0.663378
19.196891 -118.408305 -4783.139168 -1990.407136 -0.130613 0.987260 -0.090871 0.714855 0.157289 0.681353 -0.686966 -0.024034 0.726292
-47.517915 -62.732579 -2336.068746 185.640274 -0.103403 0.972690 0.207804 -0.941375 -0.028253 -0.336178 0.321126 0.230383 -0.918587
-41.436932 -64.570669 -380.716438 -1050.651617 -0.028103 0.995711 0.088150 -0.934063 0.005248 -0.357071 0.356002 0.092373 -0.929909
-40.708753 -60.387739 -995.695937 -1014.680150 -0.078578 0.983018 0.165833 -0.965573 -0.033669 -0.257944 0.247981 0.180393 -0.951821
-43.857813 -67.915002 -2131.250720 1690.938817 -0.009264 0.991664 0.128518 -0.867118 0.056043 -0.494940 0.498016 0.116026 -0.859371
-49.174497 -66.860581 -3520.923573 2172.389594 -0.166045 0.972577 0.162861 -0.869624 -0.066549 -0.489210 0.464956 0.222859 -0.856826
-7.718127 -24.149204 2085.622793 -1438.481341 0.163648 0.980160 0.111830 0.082578 -0.126570 0.988515 -0.983057 0.152533 0.101652
-14.727460 -25.250103 2954.439394 -1048.145127 0.150905 0.974576 0.165617 0.121275 -0.184521 0.975318 -0.981081 0.127095 0.146037
-9.290399 -27.713009 2479.872002 -836.718159 0.160141 0.984351 0.073533 0.175454 -0.101694 0.979221 -0.971376 0.143912 0.188994
-11.218577 -21.562853 2045.534606 -1586.334218 0.144373 0.971813 0.186373 0.032473 -0.192898 0.980681 -0.988990 0.135532 0.059407
2.975950 -86.987575 -208.928099 9244.995959 -0.243064 0.969114 0.041689 -0.824970 -0.229136 0.516645 -0.510240 -0.091186 -0.855184
1.099784 -79.246473 -359.144222 8088.215241 -0.223459 0.974687 0.007111 -0.798554 -0.187252 0.572057 -0.558908 -0.122152 -0.820183
2.010370 -84.546304 359.461179 5054.708735 -0.167681 0.985803 0.008703 -0.897812 -0.156348 0.411691 -0.407207 -0.061219 -0.911282
5.674433 -88.416698 135.340037 -698.071976 -0.150963 0.988497 -0.009196 -0.970044 -0.146341 0.193903 -0.190326 -0.038192 -0.980978
1.268684 -97.311885 607.075162 11860.119367 -0.192401 0.979197 0.064453 0.368206 0.011155 0.929678 -0.909619 -0.202603 0.362692
0.887370 -80.776616 416.264162 8963.099665 -0.206453 0.976870 0.055691 0.441739 0.042269 0.896147 -0.873066 -0.209613 0.440248
1.316922 -76.302559 367.506860 6229.243342 -0.214764 0.975155 0.054315 0.534681 0.070853 0.842079 -0.817308 -0.209889 0.536613
1.991457 -75.419274 331.524164 5064.239407 -0.216200 0.974201 0.064733 0.511246 0.056475 0.857577 -0.831796 -0.218503 0.510266
3.238103 -94.582136 526.155817 8518.156195 -0.216601 0.971508 0.096210 0.388863 -0.004538 0.921285 -0.895472 -0.236963 0.376800
-13.167847 -82.851150 848.544378 -3472.593031 -0.315007 0.947173 0.060279 -0.348569 -0.056384 -0.935586 0.882763 0.315727 -0.347917
-14.651845 -90.070106 289.810219 -4239.212543 -0.271447 0.961353 0.046018 -0.515875 -0.104964 -0.850209 0.812520 0.254526 -0.524430
-6.604761 -37.185488 -263.652312 683.556757 -0.010556 0.986455 0.163694 -0.762960 -0.113763 0.636357 -0.646360 0.118174 -0.753826
-7.171575 -40.317153 46.082068 2478.089509 0.003605 0.988450 0.151505 -0.808900 -0.086193 0.581593 -0.587935 0.124649 -0.799247
-7.738022 -38.102928 942.069460 1679.187630 0.017186 0.991382 0.129868 -0.769074 -0.069894 0.635327 -0.638929 0.110797 -0.761245
1.170189 -35.620634 350.371143 1013.566716 0.109276 0.982520 0.150711 0.986080 -0.088035 -0.141055 -0.125321 0.164027 -0.978463
1.760463 -32.498568 -365.865735 936.376219 0.118128 0.982479 0.144157 0.992610 -0.112772 -0.044810 -0.027768 0.148385 -0.988540
-0.314788 -33.287269 1486.272113 1034.521096 0.147694 0.974061 0.171441 0.988749 -0.141262 -0.049201 -0.023707 0.176779 -0.983965
-0.789299 -33.636621 -1126.088589 839.114308 0.081800 0.988036 0.130743 0.995251 -0.074033 -0.063209 -0.052774 0.135293 -0.989399
-0.651685 -35.675931 -1239.713644 -729.559532 0.100016 0.986968 0.126058 -0.984665 0.079980 0.155040 -0.142938 0.139632 -0.979833
-14.208022 -52.512259 -793.151544 -424.097914 0.105935 0.989246 -0.100847 -0.982978 0.119491 0.139559 -0.150108 -0.084347 -0.985065
-13.039560 -47.603986 -283.284509 662.021824 0.197515 0.977819 -0.069699 -0.976470 0.202524 0.074097 -0.086569 -0.053424 -0.994812
-13.575080 -48.226642 69.750421 106.149221 0.190977 0.981523 -0.011880 -0.966841 0.190183 0.170438 -0.169549 0.021063 -0.985297
-0.217661 -127.973215 -2759.251018 -12614.939665 0.779079 0.393764 -0.487838 0.593708 -0.713333 0.372380 0.201362 0.579747 0.789523
1.620379 -112.295770 -4347.522663 -4113.736786 0.801152 0.399000 -0.446044 0.597814 -0.568228 0.565452 0.027840 0.719664 0.693764
9.995874 -139.534976 -4627.970667 -5759.419093 0.825538 0.353225 -0.440136 0.559665 -0.612674 0.558037 0.072548 0.707010 0.703473
-6.108609 -128.598123 -1411.502491 -7147.270811 0.765933 0.384199 -0.515497 0.622965 -0.641716 0.447342 0.158934 0.663770 0.730855
2.834442 -174.869441 -2176.399286 -28072.130108 0.789521 0.366931 -0.491954 0.556572 -0.765863 0.321995 0.258619 0.528030 0.808889
-6.726285 -152.881378 -43.582642 -1964.068159 0.754062 0.349496 -0.556096 0.535965 -0.816823 0.213406 0.379648 0.458969 0.803253
-51.876675 -284.440492 11695.761599 61535.537744 0.530692 0.677407 -0.509397 -0.178906 0.677001 0.713906 -0.828467 0.287730 -0.480472
14.721873 -2215.008220 -7647.376707 724931.406914 -0.438552 -0.639731 0.631202 0.041942 0.687011 0.725436 -0.897726 0.344616 -0.274459
-64.669511 -552.529978 30235.609750 67811.713854 -0.275802 -0.188464 0.942557 0.283993 0.920837 0.267221 -0.918303 0.341380 -0.200447
-11.455081 -45.666251 -3699.261509 -2051.012228 0.708561 0.603389 0.365872 0.019637 0.501428 -0.864976 0.705376 -0.620073 -0.343444
-5.129893 -94.070512 -227.321235 -2403.049561 -0.156807 0.981205 -0.112467 -0.911145 -0.099782 0.399822 -0.381085 -0.165169 -0.909667
-4.240183 -113.443044 -356.150487 -5694.849960 -0.190780 0.975931 -0.105645 -0.836570 -0.105337 0.537639 -0.513570 -0.190950 -0.836531
-4.953928 -102.707648 -139.354986 -7834.917286 -0.191542 0.977828 -0.084637 -0.830007 -0.115353 0.545694 -0.523832 -0.174773 -0.833699
-267.369883 -593.455948 -29738.036180 33676.785450 0.586049 0.809584 -0.033483 0.152729 -0.150952 -0.976672 0.795752 -0.567263 0.212112
-44.070819 -79.881170 -2073.505595 2387.315452 -0.344065 0.936252 -0.071078 0.933696 0.349154 0.079399 -0.099155 0.039047 0.994306
-22.193862 -73.040182 8939.209849 883.320425 0.271680 -0.956967 -0.102000 0.962251 0.268324 0.045563 -0.016234 -0.110528 0.993740
-51.932921 -65.938927 -277.966476 1525.369133 0.433102 -0.507710 -0.744751 -0.545426 0.510191 -0.664993 0.717589 0.694216 -0.055954
-47.775833 -62.925251 -1525.254759 -962.956727 0.569617 -0.406989 -0.714070 0.565446 -0.436473 0.699830 0.596495 0.802404 0.018492
-49.238779 -64.581012 -1493.028453 -2473.909965 0.544251 -0.398963 -0.737983 0.497600 -0.554707 0.666854 0.675414 0.730157 0.103376
-49.769537 -64.530419 1101.953391 186.029152 -0.514308 0.485380 0.707032 0.621379 -0.357307 0.697294 0.591080 0.797959 -0.117839
-51.480478 -65.857391 749.078312 1397.125372 0.399203 -0.434383 -0.807433 -0.462541 0.664958 -0.586419 0.791639 0.607571 0.064533
-50.482741 -65.289860 640.656807 23.452827 0.310636 -0.529242 -0.789562 -0.393972 0.684259 -0.613658 0.865038 0.501689 0.004049
-54.585309 -66.732531 1211.477312 469.382216 -0.446123 0.609287 0.655548 0.604089 -0.335446 0.722878 0.660341 0.718502 -0.218413
-53.692708 -67.263129 806.376231 774.652992 -0.340963 0.595993 0.727005 -0.513818 0.529461 -0.675027 0.787233 0.603708 -0.125705
-5.989539 -108.648175 2359.634786 7792.342205 0.922615 -0.280822 0.264425 -0.370700 -0.456095 0.809048 0.106596 0.844463 0.524900
-8.734692 -117.211680 2256.119078 2635.888024 0.909606 -0.294878 0.292683 -0.352159 -0.173410 0.919735 0.220456 0.939668 0.261579
5.000601 -38.686699 -661.110424 1146.466850 0.047057 0.989783 -0.134596 0.732020 -0.125852 -0.669558 0.679656 0.067020 0.730463
2.644776 -39.589992 -3113.006455 1462.960154 0.083175 0.991591 -0.099143 0.740125 -0.128087 -0.660158 0.667306 0.018469 0.744555
-4.261140 -37.141938 -2554.139519 781.275018 0.048258 0.994434 -0.093661 0.661217 -0.102088 -0.743216 0.748641 0.026064 0.662464
0.192006 -37.444413 -3437.799298 627.165432 0.085406 0.990802 -0.104967 0.705630 -0.134527 -0.695693 0.703415 0.014652 0.710628
-4.104805 -34.349384 -2819.158210 617.101878 0.031236 0.998011 -0.054750 0.595284 -0.062577 -0.801075 0.802908 0.007570 0.596055
-5.794591 -47.157024 -382.302098 1090.919488 0.055420 0.963098 -0.263384 -0.225675 0.269045 0.936315 -0.972625 -0.007549 -0.232258
-5.914209 -47.855405 -299.899011 306.276192 0.056912 0.967159 -0.247719 -0.320632 0.252683 0.912878 -0.945492 -0.027473 -0.324483
-7.085433 -49.059205 -110.102659 255.233291 0.083559 0.967524 -0.238568 -0.352572 0.252624 0.901041 -0.932047 -0.008822 -0.362231
-8.532184 -49.540404 -924.907311 377.056523 0.085720 0.959974 -0.266649 -0.222631 0.279323 0.934031 -0.971127 0.020701 -0.237664
6.442440 -65.743305 950.586038 8434.835781 0.108666 0.951832 -0.286720 -0.626446 -0.158382 -0.763204 0.771853 -0.262549 -0.579060
9.367786 -77.259172 1348.283107 4988.311043 0.129080 0.960800 -0.245359 -0.422246 -0.170623 -0.890279 0.897244 -0.218520 -0.383670
9.330740 -86.178530 3005.654548 310.937248 0.070100 0.972131 -0.223714 -0.238324 -0.201450 -0.950063 0.968653 -0.119915 -0.217560
-8.984784 -127.811021 -2426.072550 1872.476535 0.085663 0.918927 -0.385014 0.965866 -0.171413 -0.194219 -0.244469 -0.355234 -0.902244
-0.813641 -118.385843 -4719.960983 5443.759265 0.065048 0.896742 -0.437748 0.996828 -0.078552 -0.012791 -0.045856 -0.435527 -0.899007
0.727841 -129.841541 -3833.704073 1857.669363 0.047693 0.910900 -0.409861 0.951503 -0.166280 -0.258830 -0.303920 -0.377640 -0.874655
8.749894 -127.209243 -3743.691030 11005.497235 0.032336 0.912688 -0.407375 0.996262 -0.062100 -0.060050 -0.080105 -0.403910 -0.911285
4.576488 -63.884562 1912.481650 2831.149932 0.276182 0.915943 -0.291156 0.940042 -0.194361 0.280258 0.200111 -0.351101 -0.914704
6.192672 -58.955177 1420.942412 1539.122002 0.293375 0.908672 -0.297062 0.906607 -0.165860 0.388012 0.303305 -0.383151 -0.872468
-0.359120 -64.459199 269.527497 2040.699212 0.256962 0.914590 -0.312243 0.940610 -0.162512 0.298065 0.221864 -0.370290 -0.902032
-2.261162 -66.425999 390.449869 1649.594338 0.211468 0.927435 -0.308458 0.957735 -0.133662 0.254711 0.194998 -0.349284 -0.916502
-3.537736 -64.589002 555.199851 -994.355792 0.216414 0.925506 -0.310811 0.976301 -0.204757 0.070078 0.001217 -0.318611 -0.947885
0.383777 -63.447401 380.265956 2285.697668 0.233089 0.923699 -0.304055 0.907709 -0.094481 0.408824 0.348903 -0.371287 -0.860473
0.539075 -98.916745 -482.766105 -3238.386728 0.914233 -0.117602 0.387747 -0.040804 0.925368 0.376867 -0.403129 -0.360366 0.841204
1.086387 -117.249658 -629.953250 -3839.665166 0.915941 -0.123000 0.381998 0.061706 0.983718 0.168792 -0.396540 -0.131033 0.908618
2.196349 -110.919239 -184.712734 -7931.585427 0.918679 -0.135811 0.370922 0.035055 0.963361 0.265908 -0.393445 -0.231282 0.889781
0.699908 -97.665571 -29.097074 1869.556745 0.913422 -0.114808 0.390486 0.089934 -0.878748 -0.468736 -0.396953 -0.463272 0.792343
2.050437 -98.718137 731.345066 -6226.939900 0.928552 -0.140703 0.343503 0.013400 0.937480 0.347782 -0.370961 -0.318331 0.872384
4.489256 -114.714697 1104.451474 -8149.217677 0.930056 -0.152097 0.334458 0.113945 0.984813 0.130993 -0.349302 -0.083721 0.933262
-6.132877 -273.389296 1127.491157 46215.193561 0.945745 -0.101780 0.308557 -0.307613 -0.586212 0.749486 -0.104597 0.803739 0.585716
-3.532119 -251.239539 365.666915 33186.983158 0.950449 -0.102208 0.293598 -0.305159 -0.487072 0.818315 -0.059365 0.867361 0.494127
4.256919 -321.388427 3451.060383 17766.096390 0.942585 -0.122903 0.310530 -0.333317 -0.404196 0.851778 -0.020829 0.906377 0.421955
4.016460 -370.032003 -212.873958 8182.050984 0.942418 -0.044780 0.331425 -0.319634 -0.412162 0.853203 -0.098395 0.910009 0.402742
2.893934 -355.265140 3543.674123 -22060.593727 0.940332 -0.109488 0.322161 -0.318556 0.049439 0.946614 0.119570 0.992758 -0.011611
4.276349 -378.116440 -1294.040958 -3065.673446 0.936867 -0.040754 0.347302 -0.348155 -0.015919 0.937302 0.032670 0.999042 0.029102
6.138666 -336.885948 -375.981061 -2424.042329 0.916775 -0.062808 0.394434 -0.336319 0.411286 0.847191 0.215436 0.909340 -0.355933
-13.049211 -28.880105 2516.616848 -1555.883573 -0.865409 0.434260 -0.249972 0.254082 0.810307 0.528058 0.431868 0.393472 -0.811584
17.041037 -9.635194 2313.424635 3987.720128 -0.432285 -0.083827 -0.897832 0.635678 -0.734517 -0.237485 -0.639565 -0.673393 0.370808
81.007151 -20.078760 33905.377386 6505.825493 0.761190 -0.420726 0.493538 0.157584 -0.618213 -0.770052 -0.629092 -0.663930 0.404278
-12.084648 -81.325132 -9172.324947 -456.359988 0.148818 0.914370 -0.376539 0.925512 0.005310 0.378680 0.348253 -0.404846 -0.845470
-2.359624 -78.822460 -8845.872571 -4126.808506 0.072275 0.912334 -0.403018 0.991424 -0.021607 0.128884 0.108877 -0.408877 -0.906071
-24.331194 -74.303110 -5482.941158 -2396.146802 0.054382 0.939601 -0.337922 0.985236 0.004527 0.171143 0.162336 -0.342240 -0.925483
-30.763660 -66.926884 -3675.476107 -2060.335598 -0.055976 0.963089 -0.263299 0.998207 0.059576 0.005702 0.021178 -0.262507 -0.964698
-36.587741 -71.518559 -685.904638 548.130727 -0.002218 0.983621 -0.180236 -0.975095 -0.042100 -0.217757 0.221779 -0.175264 -0.959217
-35.091713 -73.225729 -1318.691890 976.638370 0.040622 0.971238 -0.234622 -0.955437 -0.030956 -0.293568 0.292387 -0.236092 -0.926699
-27.915959 -75.162330 -4224.826187 -363.922072 0.110553 0.949489 -0.293680 -0.918105 -0.015594 -0.396031 0.380607 -0.313411 -0.870007
-10.086489 -40.049267 -776.634555 1212.116581 0.012989 0.989627 -0.143070 0.441158 0.122732 0.888997 -0.897335 0.074663 0.434988
-7.214089 -41.719151 -421.147373 -120.036350 0.000322 0.980316 -0.197434 0.331305 0.186179 0.924972 -0.943524 0.065708 0.324724
-4.814447 -39.825353 -1296.564948 -1194.069439 0.024984 0.996882 -0.074848 0.301798 0.063857 0.951231 -0.953045 0.046355 0.299261
-9.842143 -41.256892 -270.064450 1403.605416 -0.006432 0.974772 -0.223112 0.443642 0.202739 0.872971 -0.896181 0.093367 0.433754
-6.472479 -39.959696 -726.170418 1151.373938 0.027869 0.996833 -0.074476 0.436284 0.054905 0.898132 -0.899377 0.057523 0.433372
-10.013589 -35.459890 -531.278857 2443.105110 0.009873 0.992328 -0.123238 0.548975 0.097631 0.830117 -0.835780 0.075851 0.543800
-12.149479 -35.789642 -538.889595 2346.114630 0.000119 0.982036 -0.188692 0.558167 0.156497 0.814836 -0.829728 0.105419 0.548122
4.661235 -92.117202 -558.173276 7531.842264 -0.281518 0.957764 0.058608 -0.852620 -0.277698 0.442631 -0.440212 -0.074638 -0.894786
7.116733 -98.903683 -311.359961 -2119.589548 -0.278215 0.958765 0.058023 -0.943257 -0.284118 0.171884 -0.181282 0.006910 -0.983407
-9.595475 -83.076122 1123.374025 -1480.833786 -0.349347 0.933695 0.078547 -0.287948 -0.027207 -0.957260 0.891652 0.357033 -0.278360
-9.355370 -79.993101 857.312245 779.519558 -0.346240 0.936035 0.062898 -0.098119 0.030546 -0.994706 0.933001 0.350578 -0.081267
