11669
23330
-52.495333 -79.180259 -1107.120220 5244.267560 0.048087 -0.949208 0.310954 0.973440 0.114299 0.198368 -0.223834 0.293156 0.929493
-38.754344 -79.905214 1900.259473 12690.041830 0.201872 -0.951774 0.231029 0.975626 0.216138 0.037928 -0.086033 0.217741 0.972207
-38.404047 -62.766802 -421.866090 7410.212139 -0.155624 -0.956386 0.247197 0.987652 -0.146086 0.056585 -0.018005 0.252951 0.967312
-26.804956 -73.700051 4905.182970 15801.352965 0.181218 -0.973538 0.139228 0.981680 0.170598 -0.084854 0.058857 0.152054 0.986618
-44.877647 -69.653846 -16.845191 4162.185739 -0.346873 -0.888859 0.299346 0.927445 -0.277515 0.250661 -0.139729 0.364575 0.920631
-28.140367 -51.344067 2194.965275 7667.749395 -0.078411 -0.980813 0.178486 0.990073 -0.097564 -0.101179 0.116651 0.168781 0.978727
-30.563810 -49.643822 819.741075 5564.246286 -0.457273 -0.853016 0.251524 0.883996 -0.466894 0.023694 0.097223 0.233181 0.967561
-36.512579 -59.995475 194.400039 6000.458149 -0.480039 -0.831319 0.280128 0.877246 -0.454354 0.154925 -0.001515 0.320111 0.947379
-58.223612 -77.588912 860.952915 -584.380331 0.302371 0.885239 -0.353446 0.655463 0.076116 0.751382 -0.692055 0.458867 0.557226
-59.228906 -75.387202 2206.573555 -1380.628239 0.109735 0.925690 -0.362017 0.712855 0.180521 0.677680 -0.692673 0.332431 0.640073
-56.868686 -78.098108 632.091489 -1511.270749 0.280509 0.882340 -0.377877 0.786245 0.014599 0.617742 -0.550575 0.470386 0.689641
-56.121121 -77.745353 -508.541384 -592.823528 0.431386 0.814882 -0.387135 0.650763 0.016134 0.759109 -0.624831 0.579403 0.523335
19.704175 -81.450013 -508.387714 -6280.406707 0.669406 0.718169 0.190073 0.686218 -0.695772 0.212146 -0.284604 0.011580 0.958575
22.930256 -79.226252 1492.167284 2135.819656 -0.654910 -0.732021 -0.187717 0.749065 -0.661669 -0.033110 -0.099969 -0.162296 0.981665
20.083958 -81.425457 697.822679 2108.112714 0.679272 0.707881 0.193634 0.715736 -0.697314 0.038402 -0.162208 -0.112506 0.980322
21.120899 -74.903970 -1960.858293 1166.227129 0.641811 0.754886 0.135002 0.760610 -0.649071 0.013378 -0.097725 -0.094098 0.990755
20.542819 -88.575482 47.599578 9514.797870 0.685545 0.693800 0.220611 -0.642126 0.719022 -0.265859 -0.343077 0.040598 0.938429
15.315201 -70.818831 208.551448 -4412.822024 0.682378 0.724133 0.099957 0.678550 -0.678329 0.281852 -0.271902 0.124503 0.954237
0.617965 -47.038600 356.481324 -82.472464 0.213502 0.957004 0.196370 0.397256 0.098591 -0.912397 0.892527 -0.272807 0.359126
0.715313 -47.169815 3514.481972 -1274.046963 0.207863 0.971960 0.109943 0.492317 -0.006833 -0.870389 0.845232 -0.235049 0.479932
-2.214648 -49.278275 1723.712271 -410.140547 0.199439 0.974565 0.102213 0.327984 0.031902 -0.944144 0.923391 -0.221823 0.313279
-4.890937 -47.417287 161.511410 -102.190961 0.217355 0.967779 0.127126 0.251659 0.070275 -0.965261 0.943093 -0.241797 0.228276
-5.417901 -50.264516 140.870377 -182.620584 0.238231 0.968281 0.075354 0.167289 0.035517 -0.985268 0.956692 -0.247327 0.153522
30.437265 -44.998294 -3649.861997 3861.462020 -0.239497 0.950985 0.195623 -0.163925 0.158987 -0.973577 0.956959 0.265236 -0.117814
27.768816 -46.058160 -929.113827 1867.559383 -0.311552 0.935452 0.166931 -0.032020 0.165239 -0.985734 0.949690 0.312452 0.021527
30.682974 -38.348115 611.589416 2792.018516 -0.366242 0.899916 0.236680 -0.195435 0.174288 -0.965106 0.909765 0.399718 -0.112043
32.349513 -40.744389 -2987.962628 2362.278776 -0.245094 0.943431 0.223309 -0.235132 0.165613 -0.957750 0.940554 0.287246 -0.181240
-0.675377 -63.035566 -889.963296 421.732863 0.339736 0.934830 -0.103307 -0.552032 0.109269 -0.826632 0.761472 -0.337866 -0.553179
0.720728 -66.279030 -605.324091 -994.076522 0.332602 0.937639 -0.101043 -0.661013 0.155365 -0.734114 0.672635 -0.310959 -0.671466
-1.848610 -63.936850 -116.794296 907.201381 0.310611 0.943387 -0.116372 -0.583192 0.092461 -0.807055 0.750605 -0.318548 -0.578895
-2.922843 -63.559415 -429.262037 194.777298 0.317146 0.941814 -0.111374 -0.435325 0.040236 -0.899374 0.842562 -0.333716 -0.422756
-7.204114 -84.748631 833.171742 -1924.967614 -0.054211 0.973710 0.221248 0.609256 0.207804 -0.765261 0.791118 -0.093311 0.604504
-9.736709 -85.253945 444.818867 -1456.767512 -0.011776 0.974391 0.224550 0.564586 0.191823 -0.802774 0.825290 -0.117325 0.552387
-8.705224 -91.361877 702.059191 -2865.795501 -0.059493 0.966036 0.251464 0.423276 0.252556 -0.870088 0.904045 -0.054675 0.423925
-6.016195 -96.225451 854.204190 -4888.985971 -0.091955 0.960884 0.261239 0.470627 0.273137 -0.838991 0.877527 -0.045797 0.477335
-7.164092 -99.616823 613.356176 -2088.873819 -0.086232 0.952800 0.291094 0.247615 0.303511 -0.920091 0.965013 0.007262 0.262101
-9.890592 -94.973610 776.121894 -2151.851298 -0.064070 0.960403 0.271147 0.222482 0.278613 -0.934278 0.972829 -0.000466 0.231524
31.079112 -57.382790 -2457.667700 8197.004205 -0.030344 0.999529 0.004479 -0.794272 -0.021392 -0.607185 0.606804 0.021982 -0.794548
31.438574 -61.709462 1321.336240 10868.439755 -0.119121 0.984918 0.125489 -0.823620 -0.027438 -0.566479 0.554492 0.170835 -0.814466
31.898409 -57.440308 -3947.324357 -1178.899198 -0.025759 0.998465 -0.049038 -0.813044 -0.049466 -0.580097 0.581632 -0.024927 -0.813070
67.947120 -160.283330 98.716252 6.679305 -0.587342 -0.534901 -0.607380 0.633703 0.162876 -0.756236 0.503439 -0.829067 0.243304
70.089358 -154.902337 -6719.138409 -20902.966761 -0.573017 -0.607993 -0.549542 0.755494 -0.132007 -0.641719 0.317618 -0.782891 0.534977
52.078958 -142.226146 18089.512638 3525.476495 0.430752 0.760699 0.485582 0.623477 0.138173 -0.769535 0.652479 -0.634229 0.414760
50.975959 -134.283726 7146.385402 17078.372269 0.448190 0.653051 0.610451 0.418607 0.450059 -0.788806 0.789869 -0.609074 0.071659
41.601163 -127.449671 11754.774523 16264.953048 0.360469 0.764699 0.534133 0.460105 0.352349 -0.814956 0.811397 -0.539524 0.224830
40.553687 -125.791282 13721.454261 3758.460095 0.385489 0.800796 0.458394 0.604250 0.156361 -0.781303 0.697338 -0.578168 0.423605
28.492311 -122.365824 -19020.595546 -12572.218332 -0.429755 -0.816744 -0.385020 0.734354 -0.068039 -0.675348 0.525390 -0.572975 0.629019
10.622471 -152.168703 -1222.467398 -7413.800915 -0.586446 -0.144427 -0.797008 0.730391 0.331079 -0.597424 0.350157 -0.932484 -0.088672
8.350135 -166.556937 286.118323 -967.336478 -0.578185 -0.150849 -0.801839 0.772414 0.215376 -0.597486 0.262827 -0.964810 -0.008010
4.753290 -149.726074 -326.762722 -6523.389357 -0.582114 -0.146395 -0.799820 0.657159 0.494569 -0.568808 0.478837 -0.856720 -0.191691
10.207479 -151.788187 683.332458 535.980725 0.586812 0.118011 0.801077 0.549478 0.668629 -0.501008 0.594748 -0.734172 -0.327516
3.479371 -152.211670 -412.607676 6513.946240 -0.576167 -0.141590 -0.804974 0.422616 0.791393 -0.441692 0.699590 -0.594684 -0.396137
-1.403841 -150.921137 -2405.745085 544.149829 -0.561358 -0.208510 -0.800875 0.656951 0.476248 -0.584469 0.503283 -0.854232 -0.130364
-1.405018 -146.694238 -1011.333319 4786.776360 -0.572963 -0.168866 -0.801996 0.456281 0.747151 -0.483295 0.680824 -0.642845 -0.351039
66.024804 -661.058054 -11315.397309 -75697.262811 -0.607297 -0.072094 -0.791197 0.618593 0.582000 -0.527844 0.498531 -0.809987 -0.308849
35.393405 -798.272861 -5943.042050 -157808.469406 -0.643202 0.034500 -0.764919 0.386512 0.876998 -0.285453 0.660984 -0.479254 -0.577421
48.450413 -568.107394 -331.270257 -35912.945005 0.675380 -0.116428 0.728221 0.618414 0.627386 -0.473235 0.401778 -0.769956 -0.495725
85.623196 -732.038384 -2233.789040 -107637.477944 -0.638137 0.169220 -0.751096 0.769883 0.150161 -0.620268 0.007824 -0.974072 -0.226103
69.028448 -601.081699 -12748.959916 -116006.573949 -0.633502 -0.180832 -0.752313 0.739642 0.143934 -0.657429 0.227168 -0.972925 0.042569
1430.679240 21.370842 5771442.047835 16327.121836 -0.668086 0.058688 0.741766 0.690732 -0.321762 0.647578 0.276677 0.945000 0.174427
-798.361287 -4025.089175 -234591.744272 -433900.560387 0.653328 -0.142769 0.743492 -0.262417 0.878471 0.399282 -0.710141 -0.455967 0.536465
3295.545772 74.671196 3929426.585481 12119.931828 -0.651239 0.259637 0.713075 0.677624 -0.224062 0.700445 0.341634 0.939353 -0.030019
-390.692227 -3037.229062 119213.390123 2570023.864149 -0.659117 0.216520 -0.720197 0.743713 0.045545 -0.666945 -0.111606 -0.975215 -0.191048
10.862557 -62.225936 4678.133984 -1123.222687 -0.648179 -0.124661 -0.751215 0.072915 0.971815 -0.224183 0.757989 -0.200086 -0.620821
5.101329 -66.646327 2112.072309 1949.237316 -0.651830 -0.057851 -0.756156 0.146650 0.968650 -0.200525 0.744051 -0.241599 -0.622911
17.586699 -66.083938 4449.114078 3174.176338 -0.664664 -0.150754 -0.731775 0.144356 0.935065 -0.323751 0.733064 -0.320822 -0.599742
26.205292 -63.319746 6402.967773 367.740397 -0.640199 -0.215556 -0.737347 0.073526 0.938227 -0.338119 0.764683 -0.270678 -0.584803
-20.533753 -34.481897 1437.716332 393.260132 -0.273364 0.821397 0.500579 -0.168682 0.471402 -0.865637 0.947005 0.321072 -0.009690
-18.014144 -34.676199 1391.625504 338.107595 -0.310610 0.777169 0.547293 -0.187737 0.514272 -0.836826 0.931813 0.362674 0.013834
-19.155753 -35.043446 1409.857451 -468.801281 -0.283408 0.838476 0.465444 -0.056533 0.469892 -0.880912 0.957332 0.275970 0.085770
-19.605174 -31.425242 1237.380731 1590.117850 -0.291045 0.784821 0.547128 -0.286752 0.474031 -0.832507 0.912724 0.399187 -0.087085
-22.840496 -34.321981 806.613841 83.263891 -0.227665 0.898985 0.374159 -0.104137 0.359568 -0.927290 0.968155 0.250075 -0.011757
-22.904606 -31.984705 1151.009547 1399.907953 -0.265158 0.858830 0.438294 -0.239010 0.381833 -0.892792 0.934112 0.341488 -0.104022
-259.382166 -400.175782 27820.610875 24150.821363 0.072158 0.864777 -0.496945 0.976677 0.039757 0.211001 0.202226 -0.500581 -0.841738
-300.850262 -656.024669 32981.282053 -158842.476530 -0.204041 0.924286 -0.322588 -0.773743 -0.354135 -0.525272 0.599741 -0.142422 -0.787418
-274.900128 -650.185450 24300.806967 -169447.879764 -0.090859 0.830868 -0.549001 -0.759795 -0.414215 -0.501136 0.643783 -0.371596 -0.668925
-268.106970 -354.455114 -29907.212559 12726.537329 0.164975 0.611040 -0.774218 0.896422 0.234493 0.376085 0.411352 -0.756071 -0.509064
-45.477278 -73.093875 -2640.546828 335.116530 0.098637 0.979009 0.178359 0.085366 -0.186897 0.978663 -0.991455 0.081307 0.102009
-41.957784 -73.646719 -5171.533109 -1064.117365 0.037391 0.998622 0.036821 0.277816 -0.045782 0.959543 -0.959906 0.025649 0.279145
-57.912482 -73.087327 2173.834856 66.162306 0.198433 0.979504 0.034581 0.172782 -0.069689 0.982492 -0.964765 0.188983 0.183069
26.993604 -62.862990 3144.811553 7048.934902 -0.017776 0.714349 -0.699564 0.328597 0.664983 0.670687 -0.944303 0.217953 0.246554
32.767474 -76.493631 1999.599281 8450.084015 -0.009410 0.759458 -0.650488 0.198570 0.638981 0.743151 -0.980042 0.122174 0.156818
22.405928 -60.264511 2289.264779 6259.751626 0.070408 0.760699 -0.645275 0.301654 0.600356 0.740660 -0.950814 0.246798 0.187198
18.082442 -45.871224 2451.436595 4127.419385 0.008299 0.700945 -0.713167 0.425384 0.642968 0.636899 -0.904975 0.308655 0.292835
26.230314 -53.286168 -3573.117629 4865.270287 0.085154 -0.651115 0.754187 0.395427 0.716858 0.574241 -0.914542 0.249327 0.318512
3.136099 -47.002563 1493.317899 -340.662489 -0.299853 0.945600 -0.126206 -0.932373 -0.262484 0.248562 -0.201913 -0.192203 -0.960359
-1.763026 -46.876370 8.550871 690.333267 -0.257822 0.955850 -0.140989 0.961279 0.239068 -0.137071 -0.097313 -0.170870 -0.980476
0.643781 -45.658888 58.011983 -170.110978 -0.187992 0.970675 -0.149829 0.967324 0.156559 -0.199434 -0.170129 -0.182425 -0.968389
5.004655 -45.820118 841.591803 463.475458 -0.157788 0.977116 -0.142646 -0.943700 -0.106680 0.313129 -0.290745 -0.184023 -0.938937
4.647037 -43.465021 -1974.453797 -706.056480 -0.129112 0.976267 -0.173877 0.983376 0.103477 -0.149210 -0.127676 -0.190251 -0.973398
7.478035 -44.521341 -1917.816953 211.965683 -0.125655 0.978319 -0.164630 -0.965219 -0.082210 0.248180 -0.229265 -0.190089 -0.954622
10.024795 -41.980299 -4355.287678 -2354.871622 -0.008697 0.990460 -0.137529 -0.809678 -0.087685 -0.580287 0.586810 -0.106308 -0.802716
7.370422 -36.437148 -3767.337708 -3138.337635 0.003063 0.992568 -0.121651 -0.739404 -0.079655 -0.668533 0.673255 -0.091997 -0.733665
13.537344 -40.893606 -3202.091473 -3284.150106 0.004465 0.994163 -0.107794 -0.771498 -0.065157 -0.632886 0.636216 -0.085989 -0.766704
16.254814 -45.347171 -2457.242346 -2446.415821 -0.024543 0.994994 -0.096874 -0.828967 -0.074417 -0.554325 0.558759 -0.066700 -0.826643
18.457687 -40.662825 714.386156 -2560.367454 -0.041635 0.999033 -0.014111 -0.761659 -0.040877 -0.646688 0.646640 0.016177 -0.762624
17.019313 -34.445788 -1867.067920 -2137.190547 0.008694 0.998679 -0.050635 -0.716166 -0.029122 -0.697322 0.697876 -0.042326 -0.714967
4.719311 -68.342195 -303.304573 -786.428903 -0.311431 0.820717 0.478993 0.622063 0.557124 -0.550137 0.718365 -0.126634 0.684043
5.470525 -70.774428 -534.471339 -137.123828 -0.305541 0.836877 0.454182 0.598390 0.539795 -0.592074 0.740658 -0.090876 0.665708
3.325741 -67.988653 -305.663118 8.261163 -0.297327 0.832742 0.467051 0.494678 0.552756 -0.670638 0.816633 -0.031641 0.576289
6.341389 -69.104029 -418.661976 -741.165716 -0.329277 0.821906 0.464808 0.704972 0.541475 -0.458060 0.628164 -0.176848 0.757717
2.834762 -66.960632 -150.925872 -300.775310 -0.307538 0.814618 0.491749 0.511865 0.577282 -0.636192 0.802131 -0.056056 0.594511
3.951307 -66.627448 -167.334902 -1281.462653 -0.316655 0.806020 0.500062 0.642906 0.569999 -0.511638 0.697425 -0.159480 0.698687
5.475647 -65.950701 -189.136593 -1322.233714 -0.328897 0.810164 0.485244 0.727882 0.544849 -0.416325 0.601676 -0.216272 0.768903
-4.549322 -88.278550 615.189122 -2640.349664 -0.513037 0.699173 0.497945 0.852104 0.484788 0.197232 -0.103499 0.525488 -0.844482
-7.393072 -95.516843 430.141524 -4375.615035 -0.544350 0.686534 0.482032 0.834786 0.386794 0.391818 0.082549 0.615680 -0.783661
-8.716689 -91.988582 342.980782 -3748.019489 -0.502647 0.719794 0.478793 0.859909 0.359343 0.362531 0.088897 0.593944 -0.799580
-2.562730 -93.665463 725.189041 -4342.670724 -0.562347 0.662866 0.494343 0.821530 0.515891 0.242784 -0.094094 0.542647 -0.834674
0.688965 -86.714089 969.212987 -323.847683 -0.526937 0.680175 0.509608 0.807266 0.588084 0.049800 -0.265820 0.437630 -0.858964
7.617537 -116.432317 -430.286485 9966.316565 -0.354164 0.775556 0.522572 0.651682 -0.196102 0.732704 -0.670730 -0.600048 0.435963
7.474790 -101.361030 752.819821 604.027913 0.314304 -0.752681 -0.578519 0.770542 -0.153687 0.618583 -0.554507 -0.640197 0.531667
5.618154 -99.446189 -624.248527 4926.657931 -0.379702 0.753624 0.536543 0.633707 -0.210650 0.744340 -0.673975 -0.622638 0.397592
5.930213 -114.631237 -420.611492 12207.849907 -0.416996 0.775521 0.474006 0.476759 -0.257376 0.840511 -0.773831 -0.576476 0.262412
3.116571 -88.263402 -558.821432 2365.847261 -0.406896 0.743625 0.530526 0.614122 -0.207252 0.761512 -0.676232 -0.635664 0.372346
3.951960 -99.655017 -505.700801 10091.976401 -0.443308 0.761834 0.472320 0.467298 -0.253237 0.847056 -0.764925 -0.596221 0.243741
-14.312177 -88.424875 -339.363074 -2373.263990 -0.421395 0.808104 0.411575 -0.463880 0.197899 -0.863511 0.779257 0.554800 -0.291470
-15.180410 -85.027482 -498.481476 -4235.496892 -0.404393 0.813878 0.417217 -0.310771 0.306759 -0.899622 0.860167 0.493460 -0.128879
-13.316194 -89.881496 -765.687237 -1658.514517 -0.358175 0.838981 0.409661 -0.498074 0.199423 -0.843892 0.789705 0.506302 -0.346446
-15.081827 -84.269200 265.234271 -3316.695144 -0.483245 0.774870 0.407493 -0.307337 0.285680 -0.907706 0.819767 0.563883 -0.100092
-13.339370 -92.773987 -357.401475 775.779983 -0.412973 0.810891 0.414619 -0.623009 0.080542 -0.778057 0.664313 0.579628 -0.471931
-14.344419 -89.781854 419.768808 -1976.912762 -0.485552 0.767992 0.417645 -0.476816 0.167767 -0.862845 0.732725 0.618096 -0.284731
-16.175121 -44.091904 -1254.652816 -515.888136 -0.282289 -0.438173 -0.853415 -0.741852 0.663743 -0.095402 0.608251 0.606176 -0.512427
-12.216397 -50.190108 604.448607 1726.695926 0.326142 0.375118 0.867709 0.765786 -0.643020 -0.009850 0.554259 0.667692 -0.496976
-12.750591 -45.527630 -790.916471 -1004.739344 -0.261148 -0.432177 -0.863148 -0.705883 0.695417 -0.134626 0.658430 0.574125 -0.486673
-14.521202 -40.348281 -1685.916363 -1167.716854 -0.175753 -0.531198 -0.828818 -0.681776 0.673012 -0.286768 0.710135 0.514668 -0.480442
-10.729472 -41.225666 -1119.433464 -2059.512357 -0.206022 -0.481257 -0.852025 -0.635495 0.727906 -0.257485 0.744111 0.488410 -0.455801
-425.243670 -7675.237481 -129377.247675 3727246.841606 -0.131430 0.380923 -0.915218 0.958113 -0.188162 -0.215904 -0.254452 -0.905258 -0.340238
-570.772544 -5439.946750 -168452.128688 6161470.782661 -0.694046 0.170220 -0.699518 0.225696 0.974110 0.013109 0.683639 -0.148780 -0.714495
-629.812063 -3984.217499 -191473.685827 2734806.464409 -0.268116 0.049123 -0.962134 0.562872 0.818496 -0.115065 0.781850 -0.572409 -0.247102
56.071416 -30.598152 11682.434041 2556.882563 -0.285635 0.930651 0.228696 -0.300024 -0.313481 0.900953 -0.910164 -0.188730 -0.368758
50.237787 -27.086277 15278.753900 1249.745345 -0.164769 0.960251 0.225319 -0.302361 -0.266617 0.915147 -0.938845 -0.082660 -0.334273
66.245594 -28.100877 15220.886167 28.977375 -0.216911 0.951552 0.217943 -0.255977 -0.270889 0.927952 -0.942033 -0.145494 -0.302334
-0.805968 -200.291764 4314.765023 -49790.445933 0.401604 0.781120 0.478086 0.291999 0.385574 -0.875254 0.868016 -0.491106 0.073238
2.267837 -107.763915 5211.479202 12717.570446 0.429297 0.844123 0.321185 0.298280 0.203156 -0.932607 0.852487 -0.496168 0.164570
-10.955898 -101.789747 4650.469920 9446.254589 0.446284 0.853312 0.269610 0.200354 0.198355 -0.959434 0.872175 -0.482197 0.082442
-16.350861 -202.744277 7442.892716 -57697.316360 0.372532 0.733335 0.568717 0.323120 0.471985 -0.820259 0.869950 -0.489336 0.061125
-41.107634 -88.258805 -2138.321633 5607.784976 -0.313309 0.915454 -0.252550 0.912350 0.363965 0.187473 -0.263543 0.171677 0.949248
-19.565190 -84.997115 -9217.848269 11695.241146 -0.246104 0.965596 -0.084007 0.964351 0.252637 0.078746 -0.097261 0.061632 0.993349
-60.039745 -78.365039 849.082423 -462.536914 0.242514 0.913889 -0.325566 0.556391 0.143890 0.818367 -0.794743 0.379607 0.473584
-63.370282 -74.050333 3640.163395 -482.358670 0.068510 0.940288 -0.333414 0.573052 0.236477 0.784659 -0.816650 0.244821 0.522633
66.460158 -33.647742 -6191.092638 -3063.476615 0.600761 -0.324181 0.730748 0.716292 0.624179 -0.311972 -0.354982 0.710850 0.607191
70.886148 -52.646523 -3240.584089 -6845.690531 0.628092 -0.343056 0.698436 0.728111 0.575742 -0.371987 -0.274506 0.742181 0.611402
66.984339 -39.289664 3714.111278 -4010.829160 0.643861 -0.496017 0.582589 0.737169 0.606135 -0.298634 -0.205000 0.621746 0.755915
72.928855 -39.805110 -12929.658662 -4507.157924 0.585785 -0.198615 0.785753 0.698732 0.614990 -0.365459 -0.410645 0.763112 0.499030
58.198160 -26.753725 -1302.805897 -1272.985137 0.580517 -0.472083 0.663428 0.756425 0.614229 -0.224818 -0.301365 0.632344 0.713666
47.382151 -22.712971 -5054.432202 -537.422053 0.587197 -0.340125 0.734517 0.704177 0.662139 -0.256332 -0.399168 0.667747 0.628314
49.331402 -27.672264 -5444.003218 2112.194457 0.635040 -0.144104 0.758919 -0.609326 -0.697314 0.377459 -0.474812 0.702131 0.530628
9.792562 -47.744709 1399.989866 -436.403154 0.193874 0.944948 0.263604 0.522560 0.127937 -0.842949 0.830268 -0.301175 0.468988
31.415493 -49.225178 -3515.295963 -41.997721 -0.250519 0.957501 0.142943 0.107695 0.174298 -0.978786 0.962103 0.229810 0.146782
27.575180 -50.247879 -1505.865270 946.509445 -0.217050 0.962073 0.165243 0.058424 0.181779 -0.981602 0.974411 0.203403 0.095663
29.387121 -51.819290 -4210.525732 269.241523 -0.221712 0.965069 0.139593 0.157687 0.176756 -0.971541 0.962278 0.193391 0.191368
23.637090 -51.096310 361.113214 -1.535159 -0.180558 0.968492 0.171528 0.103667 0.192162 -0.975872 0.978086 0.158420 0.135097
25.533935 -52.393104 -675.853744 322.889416 -0.212331 0.964759 0.155419 0.158335 0.190910 -0.968754 0.964285 0.181088 0.193291
23.047070 -49.738751 -252.141719 1828.470501 -0.177983 0.972801 0.148261 -0.060430 0.139577 -0.988366 0.982176 0.184871 -0.033944
1.955601 -64.590875 -1018.178504 -2138.865073 0.355053 0.931127 -0.083304 -0.620371 0.168017 -0.766101 0.699341 -0.323686 -0.637299
2.967586 -71.063540 -652.329442 -3586.300879 0.340345 0.936718 -0.082006 -0.719583 0.203324 -0.663973 0.605282 -0.284990 -0.743246
2.395358 -70.934634 -367.598308 -2326.449303 0.315993 0.943066 -0.103799 -0.762034 0.187103 -0.619917 0.565202 -0.274988 -0.777771
-8.738879 -86.544490 406.114668 1349.872258 -0.010150 0.975284 0.220723 0.725474 0.159094 -0.669609 0.688174 -0.153332 0.709158
-10.307815 -85.157286 5.069033 -928.860130 0.040289 0.972209 0.230624 0.606666 0.159597 -0.778771 0.793935 -0.171288 0.583376
-11.366595 -87.116496 56.219328 -1059.899885 0.040378 0.973395 0.225548 0.417348 0.188668 -0.888946 0.907849 -0.130026 0.398626
84.002094 -174.430740 8788.395706 -21901.754151 -0.630543 -0.434292 -0.643278 0.734235 -0.065068 -0.675771 0.251625 -0.898419 0.359900
82.398465 -156.734996 8463.181828 -30824.299026 -0.642911 -0.410688 -0.646530 0.765015 -0.302811 -0.568382 0.037651 -0.860024 0.508863
20.480673 -112.172442 -2027.250794 -4923.040757 -0.071820 0.997184 0.021602 -0.982646 -0.074453 0.169893 -0.171023 0.009026 -0.985226
13.923728 -116.135093 -5115.603706 -1382.446566 -0.040732 0.995256 -0.088358 -0.985083 -0.025204 0.170222 -0.167188 -0.093974 -0.981436
25.314271 -109.136621 -2012.816912 -5781.680618 -0.084075 0.996282 0.018795 -0.996003 -0.083450 -0.031857 0.030170 0.021398 -0.999316
27.638452 -103.319442 1117.455285 4801.594159 -0.112441 0.982392 0.149207 0.992529 0.118198 -0.030261 -0.047365 0.144690 -0.988343
30.237815 -97.902979 2664.539452 6305.576134 -0.142832 0.973864 0.176601 0.981770 0.116799 0.149955 0.125409 0.194800 -0.972793
29.087741 -101.731222 -1522.187997 -11358.337380 -0.098781 0.994846 0.022884 -0.968476 -0.090827 -0.231959 0.228685 0.045076 -0.972456
-8.123125 -37.037599 -4240.298050 -917.413035 -0.627242 0.778812 0.004541 0.710187 0.569560 0.413807 -0.319691 -0.262782 0.910353
5.695561 -33.852907 -7670.636818 -1745.175799 -0.556626 0.828394 0.062695 0.733460 0.454589 0.505357 -0.390134 -0.327279 0.860630
2.189860 -38.570482 -5975.220003 -1495.572065 -0.473146 0.877378 0.079636 0.820673 0.406079 0.401989 -0.320357 -0.255555 0.912175
9.991912 -663.398708 -2325.962758 28945.542337 -0.646487 -0.027434 -0.762431 -0.020463 0.999617 -0.018617 0.762650 0.003565 -0.646801
3.379077 -861.427565 1849.952437 -198125.965666 -0.677788 0.058379 -0.732936 0.107077 0.994053 -0.019844 0.727419 -0.091930 -0.680008
13.671436 -1014.388207 -3102.991322 -217871.260110 -0.672200 0.207323 -0.710750 0.427126 0.892723 -0.143556 0.604741 -0.400078 -0.688641
-575.754712 -2260.881289 -171936.739368 -11127495.324652 0.802215 -0.063422 0.593657 0.305357 -0.810862 -0.499258 -0.513038 -0.581790 0.631120
0.845924 -71.392865 565.099545 3247.260288 -0.636743 0.011735 -0.770987 0.193279 0.970392 -0.144855 0.746460 -0.241251 -0.620158
0.097709 -65.660955 -87.376915 -1586.206954 -0.631295 0.021324 -0.775250 0.147616 0.984651 -0.093122 0.761365 -0.173227 -0.624753
-16.288569 -31.480993 837.725375 1508.729177 -0.317897 0.743139 0.588801 -0.304250 0.508216 -0.805697 0.897983 0.435272 -0.064540
7.748476 -48.667719 30952.711413 10.504969 0.395045 0.870774 -0.292732 -0.633269 0.488967 0.599901 -0.665514 0.051610 -0.744599
-6.138924 -51.828616 8740.586910 27.398150 0.500036 0.783983 -0.367878 -0.630432 0.620781 0.466033 -0.593734 0.001111 -0.804661
-15.196018 -53.848590 -134.813358 -3344.975807 0.490132 0.763022 -0.421388 -0.569635 0.646312 0.507738 -0.659763 0.008821 -0.751422
1.765723 -51.650903 35716.185710 343.016216 0.425902 0.853471 -0.300324 -0.550553 0.507876 0.662535 -0.717982 0.116831 -0.686187
67.717794 -47.800991 140562.950632 -3806.825817 0.323065 0.934202 -0.151312 -0.607258 0.327263 0.723973 -0.725856 0.142005 -0.673029
2.696844 -268.091453 -704.988346 -19948.097511 0.146840 0.983360 0.106961 -0.892204 0.178360 -0.414922 0.427096 0.034504 -0.903548
16.247040 -695.115044 -4659.508814 -222921.365875 0.119918 0.992671 0.014946 -0.676911 0.092767 -0.730196 0.726231 -0.077446 -0.683074
7.105916 -325.446932 -2165.691080 -31843.411686 0.122149 0.989020 0.083183 -0.916640 0.144552 -0.372661 0.380593 0.030728 -0.924232
-248.700723 -1588.981759 61758.820487 -440328.658334 0.043394 0.981172 0.188197 -0.807300 0.145409 -0.571947 0.588544 0.127113 -0.798410
-260.178935 -375.861195 65132.875861 2236.632813 0.053473 0.997711 -0.041392 -0.979658 0.044386 -0.195705 0.193420 -0.051015 -0.979789
-154.381622 -521.130504 44743.054624 -83601.546859 0.072116 0.960852 0.267511 0.995868 -0.084211 0.034003 0.055199 0.263953 -0.962955
139.015159 -2260.086862 71207.378163 -624304.565041 0.177202 0.877700 0.445244 -0.733143 0.419539 -0.535246 0.656583 0.231580 -0.717823
-53.134603 -71.757015 -1340.458467 -1896.588061 0.070136 0.991185 -0.112394 0.427516 0.071933 0.901141 -0.901283 0.111253 0.418702
-61.756197 -75.534833 1902.191734 625.671488 0.222576 0.968482 -0.111817 0.375915 0.020569 0.926426 -0.899526 0.248234 0.359489
39.072086 -87.334795 1234.150638 8287.880440 -0.114421 0.735899 -0.667354 0.131065 0.677076 0.724148 -0.984749 0.004609 0.173922
40.656156 -80.067396 705.005996 -454.486904 -0.023741 0.785213 -0.618771 -0.089482 0.614792 0.783597 -0.995705 -0.073972 -0.055667
28.661985 -71.485609 1384.966842 5387.987482 0.105091 0.807578 -0.580322 0.112898 0.570092 0.813787 -0.988033 0.151038 0.031262
-3.352439 -46.386039 411.298770 1138.399322 -0.370588 0.920779 -0.121784 0.927128 0.358869 -0.107920 -0.055666 -0.152904 -0.986672
0.166932 -38.011122 -3324.543880 -2623.011122 -0.004248 0.991032 -0.133558 -0.768846 -0.088638 -0.633260 0.639419 -0.099995 -0.762328
1.727343 -30.320399 -2808.401983 -2696.932131 -0.008833 0.991094 -0.132873 -0.693037 -0.101856 -0.713670 0.720848 -0.085782 -0.687764
7.949446 -28.918592 -3222.582993 -2213.600502 0.012244 0.995655 -0.092313 -0.680255 -0.059369 -0.730567 0.732873 -0.071741 -0.676573
3.871111 -69.345174 -519.109707 143.018453 -0.287345 0.852875 0.435932 0.475635 0.522101 -0.707942 0.831387 -0.003921 0.555680
6.235726 -73.722522 -460.490239 395.143332 -0.306645 0.853778 0.420752 0.572079 0.518615 -0.635425 0.760720 -0.045854 0.647459
7.063004 -73.347881 -308.249597 -117.933417 -0.334599 0.835836 0.435227 0.681257 0.533649 -0.501107 0.651101 -0.128831 0.747977
-10.802055 -97.760479 271.269572 -3320.202601 -0.528327 0.710841 0.464300 0.803144 0.241056 0.544842 0.275374 0.660754 -0.698264
-5.299023 -101.438496 765.065245 -4799.829991 -0.591663 0.649707 0.477300 0.800511 0.403349 0.443274 0.095479 0.644353 -0.758744
-10.012265 -102.405864 356.264565 -3389.486407 -0.569242 0.679363 0.463064 0.776900 0.260156 0.573363 0.269053 0.686137 -0.675889
5.851866 -63.252496 -99.122337 7055.165735 -0.297168 0.912832 0.280051 0.013215 0.297204 -0.954722 0.954734 0.280012 0.100382
4.962689 -65.185742 -607.471639 4077.222177 -0.277498 0.915811 0.290320 0.075563 0.322057 -0.943700 0.957750 0.239937 0.158572
5.534681 -72.523475 570.729890 4094.188822 -0.315059 0.904642 0.286986 0.169712 0.351213 -0.920786 0.933775 0.241397 0.264181
9.465365 -116.936221 255.484813 7665.473623 0.289302 -0.786912 -0.545045 0.788440 -0.127005 0.601857 -0.542832 -0.603854 0.583690
-13.565197 -86.035794 -585.932119 -3270.468019 -0.350304 0.836019 0.422327 -0.330000 0.311822 -0.890992 0.876577 0.451486 -0.166654
5915.002231 -144.826904 -3183170.324611 38304.846538 -0.192100 -0.865511 -0.462589 0.922423 0.001668 -0.386177 0.335012 -0.500887 0.798047
1662.816790 1.616374 -1184286.947198 -21460.779750 -0.169774 -0.780505 -0.601655 0.935611 0.064101 -0.347165 0.309531 -0.621854 0.719367
1193.712295 -12.508102 -715075.940439 -7427.165490 -0.127576 -0.859548 -0.494875 0.940287 0.053936 -0.336082 0.315571 -0.508200 0.801341
-16.110176 -244.268978 795.440691 5717.748585 0.751003 -0.236883 0.616345 0.334854 -0.667870 -0.664698 -0.569094 -0.705575 0.422251
-6.487745 -190.402421 219.500896 10426.617176 0.768081 -0.271349 0.580018 0.417419 -0.474727 -0.774852 -0.485606 -0.837260 0.251362
-11.163201 -199.484668 1553.611232 -3350.618138 0.788506 -0.241395 0.565673 0.240596 -0.725388 -0.644924 -0.566013 -0.644625 0.513894
-7.892623 -255.325688 -337.126650 42896.814197 0.731543 -0.300823 0.611842 0.556303 -0.255458 -0.790739 -0.394173 -0.918829 0.019530
-18.692200 -250.157217 1231.982791 -12120.880179 0.707588 -0.227144 0.669123 0.330443 -0.730644 -0.597467 -0.624602 -0.643867 0.441937
-13.855742 -256.643113 3018.243491 29689.440911 0.731626 -0.209970 0.648564 0.554862 -0.369301 -0.745483 -0.396044 -0.905279 0.153686
-14.682173 -49.045670 399.686510 1791.887234 0.395052 0.364237 0.843366 0.771588 -0.629805 -0.089426 0.498584 0.686059 -0.529847
-12.524357 -51.747343 117.368427 2387.681301 0.361024 0.363830 0.858655 0.801646 -0.591521 -0.086415 0.476472 0.719535 -0.505216
67042.628112 -32351.972123 -278849506.855851 -64031873.669380 0.983593 -0.125034 -0.130041 0.090386 0.965408 -0.244577 -0.156123 -0.228810 -0.960870
30292.958839 -101.856110 82394976.985249 37935.997493 0.746680 0.626099 -0.224652 0.127189 0.197114 0.972095 -0.652910 0.754418 -0.067548
88.200210 -40.395948 22571.786349 -2168.476341 -0.057254 0.996760 -0.056492 0.002760 0.056743 0.998385 -0.998356 -0.057005 0.006000
87.050301 -38.653756 22520.568068 448.908711 -0.058509 0.991356 -0.117427 0.100094 0.122862 0.987363 -0.993256 -0.046016 0.106417
93.398826 -41.651951 8444.224078 -1310.536636 -0.347512 0.936573 -0.045461 0.024910 0.057687 0.998024 -0.937345 -0.345693 0.043377
14.066589 -119.587195 4632.798620 7414.305193 0.436911 0.821957 0.365370 0.331112 0.230706 -0.914953 0.836345 -0.520732 0.171361
14.615621 -156.916748 5335.053594 27578.568993 0.408115 0.851496 0.329236 0.477126 0.108523 -0.872109 0.778327 -0.513008 0.361981
-53.373449 -84.469019 1298.927146 1844.245681 -0.205473 0.921979 -0.328230 0.887129 0.317091 0.335344 -0.413259 0.222278 0.883068
-56.196097 -80.063878 1648.037561 660.188068 0.000895 0.938888 -0.344222 0.918631 0.135235 0.371252 -0.395115 0.316545 0.862371
-50.684559 -78.824900 -119.019191 852.406822 -0.266991 -0.897914 0.349951 0.904399 -0.108042 0.412783 -0.332835 0.426705 0.840919
72.668738 -60.298698 12302.292456 -7836.769948 0.668197 -0.532686 0.519383 0.739880 0.549017 -0.388792 -0.078046 0.644071 0.760974
64.898708 -83.009074 4847.298031 -10844.122706 0.651618 -0.406178 0.640636 0.752569 0.451995 -0.478895 -0.095047 0.794179 0.600204
70.139243 -61.543207 -7876.643195 -8258.730599 0.594196 -0.207636 0.777057 0.731403 0.541432 -0.414610 -0.334635 0.814702 0.473582
-2.560191 -45.787768 -1163.061124 402.046776 0.205069 0.952677 0.224393 0.299045 0.157315 -0.941182 0.931944 -0.260111 0.252633
-9.159804 -44.886775 -675.741511 -291.544889 0.191764 0.966685 0.169547 0.142630 0.143470 -0.979323 0.971022 -0.211982 0.110366
-8.466224 -47.785438 -235.893333 -670.402441 0.221647 0.971171 0.087750 0.118281 0.062547 -0.991008 0.967927 -0.230033 0.101008
26.098419 -37.947379 2728.708671 3077.666136 -0.471272 0.864270 0.175898 -0.107183 0.141835 -0.984070 0.875451 0.482618 -0.025793
24.716331 -41.071063 2753.588268 -322.147637 -0.494223 0.861772 0.114420 0.060263 0.165263 -0.984407 0.867244 0.479621 0.133610
-1.485201 -63.211827 -970.694353 1021.335237 0.334576 0.936659 -0.103585 -0.423899 0.051417 -0.904249 0.841646 -0.346449 -0.414252
1.388033 -60.898153 -1245.117145 680.384102 0.351966 0.931380 -0.093008 -0.528318 0.115654 -0.841132 0.772657 -0.345188 -0.532772
-3.477180 -64.977130 -269.791565 105.760593 0.313525 0.944701 -0.096137 -0.280062 -0.004745 -0.959970 0.907341 -0.327899 -0.263087
-1.729235 -65.541788 -798.633780 1351.382690 0.327645 0.939869 -0.096407 -0.282149 -0.000048 -0.959371 0.901688 -0.341534 -0.265168
1.276077 -62.133898 -1403.823229 2276.488304 0.342684 0.933831 -0.102607 -0.416265 0.053020 -0.907696 0.842194 -0.353764 -0.406890
-4.035203 -86.123597 1169.470574 -2122.496500 -0.077177 0.974204 0.212061 0.648913 0.210560 -0.731147 0.756938 -0.081181 0.648424
-2.549529 -95.180971 965.564367 -5885.036465 -0.108209 0.962628 0.248272 0.610265 0.261467 -0.747804 0.784772 -0.070592 0.615751
-3.812749 -103.257821 772.956979 -5937.342494 -0.115890 0.950668 0.287751 0.410389 0.309648 -0.857729 0.904516 -0.018688 0.426029
22.841155 -103.941637 -7267.507559 -10566.376913 -0.015236 0.991821 -0.126725 -0.962978 -0.048671 -0.265148 0.269147 -0.117994 -0.955844
12.664358 -103.698722 -5210.455638 -12099.028865 0.039645 0.993818 -0.103699 -0.955364 0.007294 -0.295340 0.292758 -0.110779 -0.949748
27.804285 -85.995735 -7017.957631 -14366.599443 -0.017209 0.992771 -0.118782 -0.900752 -0.066960 -0.429141 0.433993 -0.099608 -0.895393
-6.754622 -46.070962 -1471.661195 -279.511688 -0.172389 0.974059 0.146597 -0.280733 -0.191237 0.940541 -0.944177 -0.120985 -0.306418
-8.593590 -57.766704 444.691362 -6848.071449 -0.102856 0.993513 0.048498 -0.238084 -0.071929 0.968577 -0.965783 -0.088078 -0.243938
-5.709378 -49.767046 701.219807 -1980.752891 -0.088283 0.993191 0.076010 -0.331565 -0.101257 0.937983 -0.939293 -0.057606 -0.338247
-0.124465 -72.921424 -639.142148 3377.166312 -0.091954 -0.987920 -0.124731 0.995745 -0.091985 -0.005521 -0.006019 -0.124708 0.992175
-0.196475 -80.289928 486.659880 2739.785315 0.079257 0.989551 0.120448 0.967480 -0.105474 0.229910 -0.240212 -0.098309 0.965730
-2.165850 -74.886721 -796.409917 3294.973634 -0.087236 -0.987541 -0.130968 0.995894 -0.089646 0.012611 -0.024195 -0.129330 0.991306
-4.049549 -74.714990 -690.908900 3196.395981 -0.096064 -0.984476 -0.146899 0.994667 -0.100510 0.023130 -0.037536 -0.143894 0.988881
-3.613268 -69.428579 974.554521 1523.374883 0.087126 0.985831 0.143339 0.982847 -0.061587 -0.173833 0.162542 -0.156026 0.974287
14.338803 -162.258235 -2893.531675 -4908.909455 -0.592770 -0.148433 -0.791576 0.664353 0.465472 -0.584782 0.455257 -0.872527 -0.177306
-4.547807 -34.030864 -4220.159884 -1422.580530 -0.704074 0.708152 -0.052914 0.596749 0.630410 0.496461 -0.384928 -0.317969 0.866445
4.882392 -29.211449 -5832.280739 -2049.941679 -0.700505 0.713201 -0.025257 0.563495 0.574488 0.593664 -0.437911 -0.401632 0.804317
-11.089205 -35.477817 1532.905015 -793.850964 0.772296 -0.621243 0.132725 0.515212 0.734753 0.441243 -0.371639 -0.272388 0.887519
-6.856435 -32.963435 1496.813256 -1598.657515 0.816818 -0.543987 0.192060 0.393095 0.768495 0.504868 -0.422239 -0.336887 0.841559
89.002551 -2302.127526 32147.572868 -323997.366476 -0.585251 -0.115666 -0.802560 0.253525 0.914047 -0.316612 0.770199 -0.388767 -0.505623
-9.594656 -827.924113 -4406.316766 -187033.433223 -0.617112 -0.098643 -0.780668 -0.146694 0.989141 -0.009024 0.773080 0.108951 -0.624881
13.269816 -750.707872 -5528.194922 -6378.694630 -0.600746 -0.061465 -0.797074 0.094433 0.984603 -0.147100 0.793843 -0.163640 -0.585692
-8.696807 -409.207398 -4080.762040 21370.662356 -0.590196 -0.209707 -0.779546 0.065865 0.949940 -0.305411 0.804569 -0.231598 -0.546838
13.549892 -1086.158535 -5127.384580 -115580.299041 -0.587908 -0.176757 -0.789380 0.435647 0.753050 -0.493079 0.681598 -0.633776 -0.365721
4.796079 -965.807586 590.246647 266632.852363 -0.617600 -0.203949 -0.759589 0.406116 0.744379 -0.530066 0.673528 -0.635850 -0.376901
-7.392713 -956.785045 9849.293871 124691.910963 0.609811 0.241027 0.755008 0.573781 0.522892 -0.630364 0.546722 -0.817612 -0.180569
2575.894852 -847.602501 5627189.863494 266127.921460 0.618074 0.662979 -0.422426 -0.577212 0.017938 -0.816397 0.533677 -0.748423 -0.393766
-21.007476 -34.138156 694.090615 -513.757973 -0.221723 0.923913 0.311806 0.017308 0.323444 -0.946089 0.974956 0.204373 0.087706
-13.141315 -55.179586 -2096.836087 -11168.868737 0.551968 0.713830 -0.431020 -0.603055 0.698708 0.384880 -0.575896 -0.047487 -0.816143
3.209060 -111.588284 -668.201769 17283.437132 0.070090 0.996635 0.042508 -0.721410 0.021212 0.692183 -0.688952 0.079181 -0.720469
1.974465 -131.957571 -537.299420 28405.836919 0.032908 0.996896 0.071522 -0.777489 -0.019433 0.628596 -0.628035 0.076293 -0.774436
2.432122 -196.839296 -644.984042 50072.303823 0.079799 0.994089 0.073620 -0.841446 0.027581 0.539636 -0.534416 0.105010 -0.838673
2.981344 -107.651314 -691.291261 8878.630004 0.041966 0.997817 0.050997 -0.709662 -0.006159 0.704515 -0.703291 0.065756 -0.707855
4.666636 -162.837548 -1131.675898 44169.000018 0.087795 0.994477 0.057509 -0.744673 0.027177 0.666876 -0.661630 0.101374 -0.742946
3.449843 -133.240295 -127.346000 20519.152643 0.118903 0.992409 0.031412 -0.702504 0.061728 0.708997 -0.701676 0.106369 -0.704511
40.374241 -87.738918 -87.194940 -1378.446157 0.217188 -0.689778 0.690678 0.001188 0.707754 0.706458 -0.976129 -0.152614 0.154535
44.573168 -83.501144 2128.238489 -4814.675830 -0.093375 0.737903 -0.668417 -0.121857 0.657832 0.743241 -0.988146 -0.150852 -0.028493
4.607921 -48.253792 3324.290366 2153.281472 -0.491222 0.867483 -0.078575 0.865707 0.476265 -0.154020 -0.096187 -0.143681 -0.984938
-3.558046 -43.714899 2456.303852 2553.233751 -0.492087 0.866785 -0.080832 0.870469 0.491151 -0.032458 0.011567 -0.086334 -0.996199
-10.105334 -43.626118 -472.994776 1447.934810 -0.377583 0.916674 -0.130920 0.923390 0.383305 0.020693 0.069151 -0.113077 -0.991177
11.601395 -46.338058 -3632.264350 -896.075126 -0.027492 0.989793 -0.139839 -0.871917 -0.092160 -0.480902 0.488881 -0.108707 -0.865551
15.677760 -48.554082 -201.625681 -1429.868511 -0.060483 0.997363 -0.040111 -0.886890 -0.072135 -0.456314 0.458004 -0.007975 -0.888914
17.979726 -45.378827 2307.633102 -2000.462244 -0.079397 0.996687 0.017621 -0.827749 -0.056069 -0.558289 0.555452 0.058912 -0.829459
1.434277 -65.627580 -143.008883 1208.553422 -0.292309 0.843752 0.450153 0.343819 0.531959 -0.773827 0.892381 0.071425 0.445595
1.426296 -65.190203 -99.210058 1312.468252 -0.302224 0.823389 0.480303 0.353387 0.564742 -0.745778 0.885312 0.055660 0.461653
-11.401453 -93.922098 -12.763615 -3159.539891 -0.488245 0.749201 0.447565 0.822055 0.222646 0.524075 0.292989 0.623800 -0.724590
-2.658982 -62.442392 2718.247715 -10247.444730 0.509966 -0.606674 -0.609821 0.842828 0.210672 0.495236 -0.171974 -0.766528 0.618757
-7.965808 -46.495166 1563.161805 -5762.207863 0.605620 -0.602362 -0.519986 0.751594 0.218339 0.622442 -0.261402 -0.767782 0.584962
-3.212016 -48.126303 2000.517816 -3306.496819 0.607650 -0.593622 -0.527612 0.749258 0.208160 0.628715 -0.263391 -0.777356 0.571264
10.812463 -56.584747 2708.680119 2424.218104 -0.286358 0.866989 0.407834 0.300262 0.485422 -0.821102 0.909858 0.112672 0.399328
-0.073381 -61.910810 -161.803839 1851.968256 -0.303561 0.811270 0.499692 0.421035 0.584672 -0.693461 0.854740 0.000120 0.519057
2.141532 -57.040950 468.829434 2300.727912 -0.309478 0.822570 0.477076 0.245827 0.553860 -0.795493 0.918582 0.128909 0.373617
9.008893 -140.425599 -73.197953 15374.369117 -0.327923 0.808079 0.489362 0.652898 -0.180530 0.735617 -0.682781 -0.560729 0.468394
11.684296 -153.902913 830.606829 25148.663161 0.300070 -0.816972 -0.492457 0.774937 -0.092270 0.625267 -0.556265 -0.569247 0.605415
7.328052 -135.961919 -194.369185 15668.806220 -0.390061 0.797379 0.460476 0.479296 -0.251173 0.840944 -0.786211 -0.548724 0.284208
8.569896 -161.883389 45.570514 19180.566343 -0.357526 0.825757 0.436234 0.473354 -0.242432 0.846855 -0.805054 -0.509266 0.304199
11.124937 -169.478021 -592.803213 23717.032203 -0.329497 0.826861 0.455777 0.633237 -0.164526 0.756269 -0.700316 -0.537803 0.469388
-10.825585 -93.900906 -601.098116 -2277.881226 -0.314341 0.854582 0.413376 -0.490092 0.226843 -0.841637 0.813019 0.467153 -0.347517
-12.107026 -95.279698 -566.185235 39.039605 -0.358862 0.840455 0.406023 -0.650563 0.086711 -0.754486 0.669318 0.534899 -0.515651
1890.565637 -21.632462 -1288079.770764 -16486.568506 -0.149118 -0.762284 -0.629831 0.936468 0.095634 -0.337463 0.317476 -0.640138 0.699594
