15300
30588
-47.381579 -72.120132 999.464511 6218.705644 -0.458248 0.846255 0.271774 0.418153 0.475077 -0.774241 0.784319 0.241151 0.571567
-40.286984 -63.338353 -929.677931 9621.237009 -0.416890 0.826026 0.379319 0.273974 0.512097 -0.814060 0.866684 0.235450 0.439798
-37.460575 -57.879421 -126.800395 4717.625478 -0.313986 0.949036 -0.027268 0.460913 0.127257 -0.878274 0.830043 0.288334 0.477380
-32.117343 -47.877634 -845.618041 5400.339147 -0.266340 0.961958 -0.060830 0.366013 0.042553 -0.929636 0.891682 0.269864 0.363423
-41.382304 -65.170325 86.124679 4445.548634 -0.366105 0.928728 -0.058581 0.551418 0.165799 -0.817587 0.749603 0.331625 0.572817
-33.391306 -51.572101 -706.202694 3180.657823 -0.237792 0.925242 -0.295605 0.511067 -0.139620 -0.848125 0.825994 0.352752 0.439660
33.975547 -80.844914 -6478.793130 -5076.562909 -0.181741 0.982079 -0.049908 -0.920159 -0.187743 -0.343598 0.346810 0.016523 -0.937790
40.822154 -96.362722 -574.383356 -6828.792403 -0.225517 0.967477 0.114591 -0.959553 -0.200229 -0.197903 0.168522 0.154587 -0.973501
25.452959 -90.137428 -7201.598487 -2984.357328 -0.228765 0.970730 -0.073146 -0.965974 -0.235673 -0.106552 0.120672 -0.046282 -0.991613
29.729138 -42.176580 1361.753774 -801.963471 -0.150244 0.941649 0.301204 -0.101368 0.288384 -0.952134 0.983439 0.173585 -0.052125
26.867817 -39.037950 2048.465789 -1962.981579 -0.176812 0.943535 0.280141 0.011307 0.286553 -0.957998 0.984180 0.166218 0.061335
22.543579 -39.924904 4137.462395 -995.211912 -0.227378 0.919707 0.320060 -0.069190 0.312580 -0.947368 0.971345 0.237556 0.007439
25.504143 -41.598370 4800.820101 -333.111241 -0.227579 0.913648 0.336831 -0.179101 0.300732 -0.936741 0.957147 0.273509 -0.095195
32.484561 -43.820604 1287.193573 420.347537 -0.140462 0.936789 0.320462 -0.225629 0.284868 -0.931634 0.964034 0.203165 -0.171354
3.936149 -130.954280 -2190.420905 -1512.447199 0.998737 0.039954 0.030465 0.007661 -0.720353 0.693566 -0.049656 0.692456 0.719749
5.970306 -129.039122 -1393.531963 710.653271 0.999629 0.015870 0.022155 0.002275 -0.858715 0.512448 -0.027158 0.512208 0.858432
1.595645 -131.834082 -1820.357727 -532.470808 0.998656 0.042917 0.029041 0.021635 -0.854562 0.518899 -0.047087 0.517573 0.854342
-4.590897 -43.534675 -43.859443 -1194.131805 0.069342 0.945142 -0.319214 0.025852 -0.321579 -0.946530 0.997258 -0.057383 0.046733
-4.707835 -42.903825 -362.758069 589.750409 0.084588 0.941952 -0.324919 0.051361 -0.329776 -0.942661 0.995091 -0.063050 0.076274
-4.692213 -44.856540 -698.817235 -3264.572109 0.087058 0.949416 -0.301713 0.014646 -0.304050 -0.952544 0.996096 -0.078508 0.040375
-5.485172 -43.921517 -1229.546753 -1882.884078 0.105211 0.942102 -0.318393 -0.007459 -0.319413 -0.947586 0.994422 -0.102072 0.026579
-3.773538 -48.733582 -1074.146745 -1891.698707 0.048517 0.913861 -0.403119 -0.701282 -0.256221 -0.665248 0.711231 -0.314976 -0.628443
-5.817526 -48.439893 -1368.365853 -4519.629399 0.023718 0.905338 -0.424029 -0.738026 -0.270251 -0.618290 0.674356 -0.327609 -0.661753
-7.766527 -47.919186 -1126.906566 -1487.874477 0.024704 0.914562 -0.403690 -0.672362 -0.283636 -0.683725 0.739811 -0.288317 -0.607909
-5.868524 -48.035725 -502.958947 1921.200179 0.034646 0.915424 -0.400996 -0.647560 -0.285053 -0.706690 0.761226 -0.284153 -0.582916
-8.120232 -47.478266 -837.718564 3667.586940 0.033517 0.923698 -0.381652 -0.636822 -0.274572 -0.720464 0.770282 -0.267192 -0.579028
26.515992 -74.453791 -304.647596 -9334.761830 -0.131676 0.976349 -0.171474 0.980638 0.103004 -0.166549 -0.144948 -0.190084 -0.971009
22.833567 -61.590944 -898.194988 5589.798167 -0.152133 0.967674 -0.201151 -0.956566 -0.092952 0.276300 -0.248671 -0.234448 -0.939786
22.225185 -63.722170 -3021.917217 -6570.671177 -0.112081 0.952371 -0.283598 0.973977 0.048709 -0.221352 -0.196995 -0.301027 -0.933046
24.954281 -74.741114 -3143.348245 -4634.719090 -0.081662 0.955541 -0.283324 0.996466 0.072674 -0.042110 -0.019647 -0.285762 -0.958099
29.455274 -83.738122 407.731047 -3571.516493 -0.091609 0.985026 -0.146053 0.994800 0.097082 0.030782 0.044500 -0.142473 -0.988798
2.308762 -172.500830 -615.015205 8026.597224 0.131155 0.988713 -0.072424 0.328836 -0.112307 -0.937686 0.935235 -0.099167 0.339854
-0.482434 -151.018680 -245.771131 11985.382378 0.136535 0.986570 -0.089657 0.052471 -0.097580 -0.993843 0.989245 -0.130990 0.065090
-0.008022 -166.328158 -333.275347 7610.454202 0.124874 0.990648 -0.054978 0.353554 -0.096204 -0.930454 0.927042 -0.096752 0.362261
0.468704 -156.596520 44.094456 2504.906233 0.118859 0.992318 -0.034326 0.426849 -0.082280 -0.900572 0.896478 -0.092389 0.433349
1.277955 -174.092850 -970.459662 2260.548379 0.115327 0.993199 -0.015985 0.608581 -0.083367 -0.789100 0.785066 -0.081276 0.614056
3.525250 -186.731895 -1234.614625 3403.016975 0.113400 0.992533 -0.044931 0.580709 -0.102906 -0.807581 0.806175 -0.065488 0.588042
15.279133 -44.178652 4414.886404 1180.281974 0.099583 0.962518 0.252273 0.984824 -0.131559 0.113195 0.142141 0.237172 -0.961013
14.990010 -44.084004 4182.689615 183.572493 0.095284 0.959034 0.266787 0.972326 -0.147097 0.181508 0.213316 0.242109 -0.946509
9.742770 -46.287895 4231.847337 1574.490822 0.044177 0.961640 0.270734 0.988055 -0.082103 0.130405 0.147631 0.261739 -0.953781
15.763364 -43.299890 1034.035603 353.228400 0.133741 0.969699 0.204442 0.977045 -0.163538 0.136526 0.165823 0.181490 -0.969311
9.705917 -46.137286 3245.473838 1912.079786 0.044953 0.965518 0.256424 0.997271 -0.058419 0.045136 0.058559 0.253696 -0.965510
13.151482 -43.629511 1055.275510 1055.350775 0.107499 0.974964 0.194653 0.992253 -0.117476 0.040426 0.062281 0.188799 -0.980039
-14.426851 -43.204290 2476.291145 159.607125 0.169971 -0.962022 0.213598 0.972722 0.198510 0.120021 -0.157864 0.187372 0.969521
-12.172809 -44.563326 -2137.832497 1799.727955 -0.172112 0.964715 -0.199255 0.957886 0.211099 0.194656 -0.229850 0.157361 0.960420
-12.705973 -43.225737 3168.541066 666.275498 0.180291 -0.964657 0.192177 0.972947 0.203593 0.109194 -0.144460 0.167291 0.975267
-13.536687 -43.745022 3295.114781 -1333.662905 0.146548 -0.970315 0.192389 0.987219 0.155774 0.033656 -0.062626 0.184998 0.980742
1.395153 -50.706070 -65.509872 -2207.040789 -0.106138 0.989945 -0.093509 0.962368 0.125928 0.240812 -0.250166 0.064431 0.966057
0.927585 -52.527762 409.735248 -3106.003043 -0.089213 0.991403 -0.095714 0.960455 0.111077 0.255320 -0.263757 0.069151 0.962107
0.973235 -56.233598 -65.341209 -5661.527870 -0.068295 0.994047 -0.084893 0.980435 0.082618 0.178668 -0.184618 0.071030 0.980240
-0.688733 -54.571654 93.731187 -4117.987162 -0.084227 0.990786 -0.106065 0.982062 0.100561 0.159508 -0.168704 0.090727 0.981482
-0.587889 -49.162664 -982.141896 -1714.453318 -0.125171 0.987928 -0.091269 0.963091 0.143087 0.227996 -0.238303 0.059362 0.969375
5.908506 -27.552016 3123.760357 -1839.419211 -0.274778 0.895099 0.351135 0.160048 0.402676 -0.901241 0.948094 0.191443 0.253906
0.591454 -24.587719 2254.293072 -1553.455575 -0.297967 0.848431 0.437470 0.198700 0.503376 -0.840911 0.933667 0.163638 0.318573
-1.090724 -29.256114 2716.752089 -1532.786285 -0.294676 0.859577 0.417484 0.146641 0.472384 -0.869109 0.944279 0.194886 0.265249
4.023952 -32.389927 3701.069079 -1699.985015 -0.291407 0.888328 0.354902 0.090062 0.394833 -0.914328 0.952350 0.234478 0.195062
12.978919 -31.942340 3821.373065 -1433.781938 -0.258085 0.914901 0.310401 0.091969 0.343092 -0.934789 0.961735 0.212708 0.172689
-6.909674 -47.604602 -2314.936231 1692.887069 0.002665 0.927668 -0.373396 0.406907 -0.342093 -0.846994 0.913466 0.149680 0.378387
-3.111462 -41.057159 -1793.353602 970.523961 -0.014565 0.941944 -0.335453 0.344549 -0.310213 -0.886033 0.938655 0.128485 0.320028
-5.869355 -40.988942 -1529.430107 2289.761469 -0.021629 0.937435 -0.347487 0.278140 -0.328205 -0.902729 0.960297 0.116176 0.253639
2.481681 -144.371061 -1388.225710 -4665.537534 -0.190350 0.981575 -0.016639 -0.187217 -0.019658 0.982122 -0.963699 -0.190062 -0.187510
2.368831 -135.092507 169.209967 -3983.312769 -0.167458 0.985551 -0.025439 -0.215177 -0.011356 0.976509 -0.962110 -0.168998 -0.213970
2.451816 -135.035245 -213.580701 -2270.859676 -0.162969 0.985243 -0.052313 -0.409777 -0.019358 0.911980 -0.897510 -0.170061 -0.406885
1.768932 -159.669367 -827.155042 -4726.109952 -0.167599 0.985077 -0.039170 -0.322313 -0.017202 0.946477 -0.931679 -0.171254 -0.320386
27.182343 -107.373945 -949.086855 -19272.979667 0.974696 0.223381 0.008282 0.210350 -0.929113 0.304142 -0.075635 0.294704 0.952591
26.301447 -106.336939 1545.945469 -17176.513424 0.991256 0.125501 -0.040764 0.131939 -0.937797 0.321138 -0.002075 0.323708 0.946155
21.507388 -132.618874 -264.444073 -25902.152101 0.989208 0.146066 -0.011470 0.146013 -0.976311 0.159676 -0.012125 0.159628 0.987103
16.336260 -153.929630 77.342589 -28731.852950 0.977728 0.209299 0.015524 0.208520 -0.977147 0.041259 -0.023804 0.037103 0.999028
12.515322 -174.688409 -454.218549 -29711.004266 0.990608 0.136718 -0.002066 0.135739 -0.985106 -0.105547 0.016465 -0.104275 0.994412
1.540863 -53.736583 2003.654991 -2063.985353 0.983054 0.181399 0.026458 -0.164397 0.808498 0.565071 -0.081112 0.559844 -0.824618
4.663959 -51.096780 1503.218252 -2347.436463 0.966337 0.251127 0.055930 -0.248805 0.856821 0.451612 -0.065490 0.450325 -0.890459
-0.225670 -47.381429 2720.893862 -2435.114033 0.968203 0.239834 0.071149 -0.245821 0.859329 0.448471 -0.046418 0.451701 -0.890961
3.810318 -48.281692 1745.496971 -1664.151167 0.941886 0.322888 0.092699 -0.334649 0.877768 0.342831 -0.029328 0.353929 -0.934812
-1.392603 -43.056994 2498.798351 -1698.473762 0.947292 0.302307 0.106056 -0.319936 0.875421 0.362325 -0.016690 0.377159 -0.925998
42.700632 -716.882472 -16888.476557 230678.929948 0.941512 0.185857 0.281092 0.332883 -0.642644 -0.690071 -0.052387 -0.743281 0.666925
264.655265 -2065.950743 -100848.821971 -644738.439678 0.988193 0.033917 0.149412 -0.045813 0.995985 0.076912 -0.146204 -0.082849 0.985779
60.373160 -360.887091 -32144.172153 124503.361356 0.984843 0.149551 0.087856 0.161241 -0.602739 -0.781477 0.063916 -0.783798 0.617717
52.071107 -307.781468 -28415.827783 140315.472778 0.905079 0.398325 0.148894 0.235310 -0.177479 -0.955579 0.354205 -0.899910 0.254362
-903.045325 -5497.488595 187156.278745 -1710567.827116 0.728629 0.568213 -0.382404 -0.562060 0.815120 0.140241 0.391392 0.112750 0.913290
-73.147634 -4969.285304 189319.151510 -16921997.563113 0.197892 0.821064 0.535437 0.505676 0.382430 -0.773330 0.839720 -0.423793 0.339513
-1195.524220 -2434.875832 146270.868341 4501.380648 0.169560 0.393576 -0.903519 -0.697788 0.695360 0.171950 0.695947 0.601309 0.392538
-0.399000 -32.425157 1774.740712 2382.963987 0.502397 0.825463 0.257309 0.863328 -0.495279 -0.096766 0.047563 0.270757 -0.961472
3.844467 -29.911900 2219.966467 1847.883097 0.482145 0.835107 0.264826 0.869968 -0.492055 -0.032219 0.103403 0.245924 -0.963758
-3.713914 -35.194240 1730.946507 2216.637329 0.328487 0.903314 0.275899 0.944124 -0.322368 -0.068622 0.026954 0.283024 -0.958734
-5.866553 -36.441763 664.326193 2112.278714 0.445898 0.858606 0.252925 0.894387 -0.416247 -0.163737 -0.035306 0.299223 -0.953530
-8.188797 -40.377613 189.110477 1511.517788 0.298647 0.915762 0.268682 0.949441 -0.256534 -0.180973 -0.096802 0.309145 -0.946075
-7.886257 -39.968146 849.682489 1357.033531 0.211706 0.937956 0.274626 0.974712 -0.182065 -0.129571 -0.071532 0.295112 -0.952781
-7.331869 -38.856961 797.516475 1142.011622 0.172803 0.949892 0.260470 0.984685 -0.160397 -0.068328 -0.023125 0.268288 -0.963061
29.055246 -49.299626 2379.905454 1431.902772 0.742687 0.154700 -0.651524 -0.069871 0.985540 0.154363 0.665983 -0.069121 0.742757
29.486004 -48.359575 2096.117590 -2105.323862 0.732813 0.122300 -0.669349 0.054212 0.970093 0.236603 0.678267 -0.209672 0.704267
29.918196 -50.909248 -1091.591537 1371.166269 0.806307 0.138509 -0.575052 -0.011061 0.975557 0.219468 0.591394 -0.170598 0.788130
-89.170697 -425.204700 -8201.229088 -124347.954791 0.193186 -0.239521 0.951477 0.812949 -0.503889 -0.291906 0.549357 0.829895 0.097374
-121.351738 -611.590339 -6129.302133 -189069.312980 0.026439 -0.241644 0.970005 0.879399 -0.455793 -0.137515 0.475351 0.856657 0.200451
-126.407371 -1405.360947 53090.881598 481981.127193 -0.363194 0.287548 -0.886232 -0.456437 0.774316 0.438292 0.812253 0.563694 -0.149979
-187.946246 -1156.219753 25817.625404 363325.795904 -0.291135 0.027731 -0.956280 -0.354250 0.925401 0.134685 0.888677 0.377974 -0.259593
-222.699831 -307.121315 26257.584420 75257.421155 0.293926 0.900512 -0.320446 -0.008321 0.337653 0.941234 -0.955792 0.273987 -0.106738
-125.212786 -309.283605 28831.721546 99328.744846 0.113962 -0.196583 0.973842 0.233544 0.958060 0.166068 -0.965645 0.208509 0.155093
-60.918918 -282.289254 30626.071168 77098.049851 0.284070 0.849352 0.444865 -0.120405 -0.428706 0.895385 -0.951213 0.307916 0.019516
-177.981927 -432.062305 29200.033246 132717.659608 -0.061598 -0.374202 0.925299 0.086635 0.921556 0.378455 -0.994334 0.103475 -0.024347
-2.160423 -73.405463 -2849.036627 -3576.626119 0.125782 0.990638 -0.053065 0.856884 -0.135443 -0.497399 0.499929 -0.017093 0.865898
-1.662344 -75.946538 -2633.727447 -1424.809602 0.125946 0.990820 -0.049118 0.725971 -0.125798 -0.676122 0.676095 -0.049497 0.735150
-4.848236 -74.748040 -1209.177198 -4245.227465 0.102291 0.992630 -0.064976 0.812621 -0.121058 -0.570080 0.573745 -0.005513 0.819016
-4.267189 -72.245221 -1083.349467 -2181.316293 0.093348 0.993438 -0.066086 0.890754 -0.112984 -0.440219 0.444797 0.017773 0.895455
-5.600130 -71.751908 1042.289546 -4080.765575 0.070735 0.993124 -0.093280 0.858267 -0.108248 -0.501657 0.508305 0.044575 0.860023
-16.009947 -89.613478 -60.837438 -700.675467 -0.009799 0.996989 0.076916 -0.719247 0.046410 -0.693202 0.694685 0.062114 -0.716627
-15.168749 -85.349651 -458.769136 -926.602574 -0.015607 0.997917 0.062596 -0.595822 0.040993 -0.802070 0.802965 0.049814 -0.593941
-15.043892 -85.718932 -128.531010 144.276016 -0.003881 0.999454 0.032798 -0.640565 0.022701 -0.767568 0.767894 0.023989 -0.640127
23.397510 -44.448327 -18030.066557 23381.561202 0.373988 -0.902635 -0.213035 0.906979 0.307982 0.287292 -0.193708 -0.300662 0.933852
23.409524 -66.328722 1699.224531 14791.966065 0.256752 -0.859776 -0.441434 0.940377 0.116808 0.319448 -0.223091 -0.497133 0.838504
14.677959 -78.718940 10726.751044 9515.846956 -0.282394 0.915367 0.286980 0.878910 0.127003 0.459769 -0.384410 -0.382065 0.840390
3.292006 -80.777940 16970.926289 13020.089689 -0.365172 0.915988 0.166176 0.854279 0.258784 0.450820 -0.369942 -0.306588 0.877010
-6.623377 -92.516277 11773.847473 -414.352649 -0.341636 0.913008 0.222937 0.762448 0.130552 0.633742 -0.549507 -0.386487 0.740723
-11.599548 -36.187353 7410.775664 3325.831375 -0.523619 0.764377 -0.376232 -0.106975 0.379127 0.919140 -0.845210 -0.521527 0.116749
-17.527905 -28.741808 6830.517989 -4158.301197 -0.568091 0.799736 -0.194152 -0.053390 0.199606 0.978421 -0.821232 -0.566198 0.070696
-23.446042 -43.874514 3901.690278 -2496.872549 -0.559223 0.828923 -0.012543 0.145011 0.112704 0.982990 -0.816236 -0.547891 0.183230
-4.171616 -30.673852 6299.401805 -985.315667 -0.541864 0.773708 -0.328267 -0.152443 0.293623 0.943688 -0.826526 -0.561392 0.041157
-13.818697 -37.037466 4817.443204 -1466.609670 -0.537817 0.787932 -0.299860 -0.026601 0.339643 0.940178 -0.842642 -0.513620 0.161706
-0.833617 -39.465653 7795.028264 6355.760976 -0.503665 0.751725 -0.425712 -0.124492 0.424480 0.896838 -0.854882 -0.504704 0.120212
-60.621538 -108.019222 28.216528 -718.284790 0.970317 0.129249 -0.204401 0.023193 -0.891040 -0.453331 0.240722 -0.435135 0.867589
-59.919206 -106.047628 1312.224873 5254.077738 0.929567 0.175124 -0.324402 -0.055721 0.936600 0.345942 0.364418 -0.303501 0.880390
-60.141505 -99.333211 -367.250363 -9174.515966 0.980832 0.079449 -0.177925 0.034087 -0.968982 -0.244771 0.191853 -0.234014 0.953116
-60.229639 -104.087474 -810.098634 -3059.389717 0.996023 0.072203 -0.052197 0.043400 -0.904852 -0.423508 0.077809 -0.419558 0.904388
-2.016868 -109.132728 -1206.738082 -5598.964766 -0.477958 -0.669805 0.568258 0.783208 -0.032086 0.620932 -0.397671 0.741843 0.539932
-7.557581 -100.789733 -851.256192 -13382.456626 -0.554877 -0.672489 0.489765 0.583985 0.104433 0.805019 -0.592514 0.732702 0.334776
-9.456253 -103.438726 111.196517 -12237.124814 -0.433563 -0.679108 0.592314 0.691797 0.170361 0.701708 -0.577443 0.713995 0.395943
-5.132502 -105.029289 901.401509 -7974.020619 -0.325001 -0.697555 0.638585 0.826492 0.118697 0.550292 -0.459657 0.706631 0.537947
4.089471 -107.165031 -560.819225 8417.367236 -0.375279 -0.681156 0.628643 0.912394 -0.151896 0.380085 -0.163408 0.716208 0.678486
19.171931 -50.023085 1257.370546 1741.386611 0.096052 0.963472 -0.249991 0.880544 0.034861 0.472680 -0.464129 0.265530 0.845032
15.507221 -51.146739 1349.669063 886.679074 0.082504 0.966026 -0.244924 0.813180 0.076822 0.576921 -0.576136 0.246765 0.779214
12.963171 -54.044458 3122.278938 724.451763 0.028508 0.937850 -0.345867 0.834747 0.168009 0.524377 -0.549896 0.303661 0.778078
17.966330 -54.777645 5012.898643 1976.716074 0.039489 0.924746 -0.378531 0.906377 0.126316 0.403143 -0.420620 0.359011 0.833181
5.950221 -50.511388 2132.437184 -1794.646333 -0.015365 0.920829 -0.389665 0.767821 0.260498 0.585314 -0.640480 0.290199 0.711034
7.408244 -55.384438 3682.304305 -1249.589023 -0.029992 0.904613 -0.425178 0.838895 0.254058 0.481362 -0.543467 0.342242 0.766495
-2.085105 -61.986842 -378.139972 -2422.743688 -0.209115 0.901441 -0.379044 -0.214332 0.335939 0.917173 -0.954113 -0.273036 -0.122958
-3.526165 -61.693205 -1044.042198 -1427.807032 -0.210288 0.891236 -0.401844 -0.334531 0.320625 0.886165 -0.918623 -0.320779 -0.230722
-1.935502 -63.779498 -649.383198 -2386.509182 -0.206275 0.895490 -0.394395 -0.317439 0.320021 0.892647 -0.925572 -0.309328 -0.218251
11.031016 -91.575482 639.201104 1296.217806 0.010240 0.970885 -0.239326 0.222214 0.231145 0.947203 -0.974944 0.062881 0.213378
10.339028 -94.262034 -1403.425795 -236.936754 -0.029952 0.971625 -0.234621 0.224374 0.235271 0.945676 -0.974043 0.024318 0.225055
10.398675 -89.844408 -67.457122 -2743.554223 0.001198 0.973702 -0.227824 0.028867 0.227696 0.973304 -0.999583 0.007743 0.027835
10.137832 -91.941318 1476.966136 -1488.831470 0.039981 0.972698 -0.228606 0.017017 0.228093 0.973491 -0.999056 0.042811 0.007433
10.506439 -87.321472 336.969579 -4406.911342 0.022333 0.971544 -0.235805 -0.174335 0.236035 0.955979 -0.984433 -0.019759 -0.174645
5.437033 -138.700582 1579.081359 9144.521849 0.104994 -0.920328 0.376793 0.992695 0.074348 -0.095019 0.059435 0.384017 0.921411
4.693131 -126.428289 155.769301 10055.011840 0.101592 -0.913675 0.393545 0.986855 0.042578 -0.155901 0.125686 0.404210 0.905990
4.737641 -138.886304 181.709034 2259.874763 0.121778 -0.910167 0.395937 0.982410 0.167422 0.082705 -0.141564 0.378901 0.914545
8.314578 -78.441259 1591.734939 -186.671025 0.032094 0.928613 -0.369659 0.837618 -0.226776 -0.496959 0.545313 0.293683 0.785101
6.172999 -76.667322 615.268611 -2856.147873 0.001592 0.936832 -0.349775 0.742247 -0.235500 -0.627383 0.670125 0.258621 0.695735
10.377787 -79.071794 1655.815362 -2230.191340 0.004574 0.938373 -0.345594 0.743850 -0.234168 -0.625981 0.668331 0.254206 0.699080
8.183775 -77.735229 987.507291 -2207.685760 -0.009870 0.940375 -0.339995 0.639617 -0.255419 -0.725018 0.768631 0.224622 0.598959
12.680746 -78.627692 3025.668882 -1389.452729 0.027583 0.932338 -0.360534 0.834518 -0.220027 -0.505142 0.550290 0.286939 0.784122
11.720879 -81.055338 1440.865650 -122.061030 -0.006956 0.944918 -0.327232 0.587061 -0.261053 -0.766297 0.809513 0.197436 0.552909
16.262296 -82.395070 1735.530155 -2719.377402 0.010933 0.951981 -0.305963 0.755408 -0.208343 -0.621250 0.655163 0.224335 0.721412
-14.724144 -48.760184 -1086.030357 -4161.212298 -0.113143 0.830119 -0.545986 -0.347681 0.481694 0.804418 -0.930761 -0.280843 -0.234116
-12.997972 -44.716294 762.638148 32.635779 -0.035257 0.758990 -0.650147 -0.372811 0.593602 0.713196 -0.927237 -0.267527 -0.262031
-10.751672 -42.444593 -767.087839 1641.945210 -0.102043 0.791749 -0.602263 -0.397351 0.522587 0.754331 -0.911976 -0.316284 -0.261276
-11.094756 -51.164273 -1145.559723 -3071.399481 -0.168284 0.846095 -0.505770 -0.368995 0.421713 0.828252 -0.914069 -0.326009 -0.241238
-8.129633 -46.475844 -1118.743692 -1463.155873 -0.149141 0.803434 -0.576412 -0.463382 0.458172 0.758522 -0.873518 -0.380225 -0.303965
-8.695627 -40.874687 -751.317807 1811.840968 -0.077658 0.754536 -0.651648 -0.467946 0.549565 0.692102 -0.880338 -0.358683 -0.310404
0.331340 -54.754299 937.858725 654.403622 0.064066 0.952875 -0.296523 0.456616 -0.292195 -0.840312 0.887354 0.081562 0.453817
-1.044377 -57.767260 1232.838446 2278.583574 0.056752 0.954757 -0.291923 0.541980 -0.275022 -0.794116 0.838473 0.113149 0.533067
-2.245397 -57.513600 420.522288 2212.463011 0.055969 0.960648 -0.272071 0.516178 -0.261097 -0.815713 0.854650 0.094783 0.510479
-1.556777 -55.775302 202.448976 787.468437 0.059635 0.963520 -0.260907 0.441944 -0.259844 -0.858584 0.895058 0.064105 0.441317
-4.019441 -59.204805 171.904271 2686.315522 0.046205 0.969796 -0.239502 0.540815 -0.225867 -0.810249 0.839872 0.092088 0.534916
-11.135080 -33.385531 873.903907 760.414659 0.003317 0.903121 -0.429373 -0.467392 -0.378188 -0.799073 0.884044 -0.203336 -0.420858
-11.329713 -39.848039 158.620847 -3448.982760 -0.012811 0.884807 -0.465782 -0.483101 -0.413322 -0.771867 0.875471 -0.215131 -0.432746
-10.943662 -33.547178 1225.192743 301.669786 0.017220 0.926745 -0.375296 -0.434597 -0.331102 -0.837554 0.900460 -0.177525 -0.397059
-11.111007 -34.672282 494.892897 927.579400 0.034727 0.915636 -0.400506 -0.415582 -0.351226 -0.839006 0.908892 -0.195579 -0.368325
-10.865763 -35.355826 383.570378 1312.566170 0.050172 0.939587 -0.338613 -0.336719 -0.303277 -0.891428 0.940268 -0.158742 -0.301161
1.981173 -61.978641 72.971891 -2068.599136 0.069712 0.875884 -0.477459 0.964523 0.062987 0.256375 0.254629 -0.478392 -0.840420
1.801657 -62.372295 49.508692 -1447.587319 0.052081 0.874837 -0.481609 0.980005 0.047964 0.193104 0.192035 -0.482036 -0.854847
1.742083 -59.520065 59.674043 -722.535952 0.039142 0.872870 -0.486380 0.990433 0.030568 0.134566 0.132326 -0.486994 -0.863323
3.974923 -102.196828 -633.530897 -6218.135561 0.648571 -0.557161 0.518583 0.270329 0.805505 0.527337 -0.711532 -0.201827 0.673044
1.746649 -91.020348 -630.210121 -4922.736046 0.651824 -0.538768 0.533717 0.095902 0.756678 0.646715 -0.752282 -0.370360 0.544890
-0.160219 -102.438420 209.936903 -6746.757439 0.656509 -0.521293 0.545206 0.136370 0.792892 0.593907 -0.741889 -0.315555 0.591630
4.454550 -89.954277 -2038.888582 -4313.825517 0.626554 -0.580398 0.520162 0.217117 0.770967 0.598723 -0.748526 -0.262196 0.609067
3.426264 -114.755731 -770.450537 -7449.074867 0.640402 -0.543219 0.542954 0.335383 0.833761 0.438590 -0.690944 -0.098776 0.716128
7.683859 -113.590538 -1470.975995 -4846.634244 0.632847 -0.574743 0.518821 0.462181 0.818008 0.342420 -0.621203 0.023090 0.783310
7.154291 -101.156701 -2123.690493 -6689.508253 0.624075 -0.590573 0.511619 0.361172 0.798659 0.481351 -0.692882 -0.115617 0.711721
-5.514115 -113.364706 1233.572323 -821.762647 -0.655294 0.442583 -0.612136 0.356999 0.895616 0.265374 0.665689 -0.044634 -0.744893
-3.830725 -106.129569 576.433487 1482.066362 -0.659751 0.441396 -0.608193 0.314286 0.897211 0.310222 0.682608 0.013523 -0.730660
-4.829011 -110.400749 1475.502804 -674.497287 -0.646919 0.484025 -0.589250 0.219742 0.858276 0.463763 0.730212 0.170534 -0.661596
-24.599771 -38.535832 -1635.543020 -307.433639 0.254013 0.905858 0.338966 -0.370696 -0.232519 0.899177 -0.893343 0.354056 -0.276736
-26.890770 -39.428332 -1852.986222 -14.230731 0.304820 0.908318 0.286432 -0.273715 -0.204510 0.939817 -0.912231 0.364876 -0.186281
-26.863633 -39.673487 -1150.787831 -411.164310 0.357173 0.900452 0.248221 -0.313169 -0.134919 0.940065 -0.879973 0.413501 -0.233804
-22.622227 -37.688771 -1764.705743 -315.792004 0.226906 0.890982 0.393275 -0.476497 -0.250615 0.842700 -0.849390 0.378608 -0.367684
-20.651795 -37.296751 -675.282723 -224.914810 0.171019 0.885910 0.431179 -0.451557 -0.318484 0.833465 -0.875699 0.337240 -0.345572
-22.796146 -38.431267 -262.618262 -571.520015 0.359274 0.895969 0.261079 -0.405622 -0.102031 0.908329 -0.840472 0.432238 -0.326767
6.410582 -2229.055548 -3151.740683 -807804.520188 -0.740467 0.230463 -0.631344 0.187292 0.972916 0.135484 0.645469 -0.017924 -0.763576
9.099575 -1581.020892 -28628.468314 -587927.077520 0.814138 -0.231072 0.532715 0.579949 0.277841 -0.765809 -0.028947 -0.932422 -0.360210
33.311785 -1750.862105 43053.809300 -576379.585503 0.766374 0.150196 0.624590 0.476186 0.519786 -0.709274 0.431183 -0.840990 -0.326829
-14.642736 -59.377876 983.196586 -2275.247169 0.306566 -0.424439 0.851979 0.340963 0.884649 0.318026 -0.888685 0.192997 0.415922
-12.889910 -68.121042 1297.463806 -4533.476437 0.296046 -0.458555 0.837905 0.468355 0.834222 0.291062 -0.832466 0.306270 0.461734
-14.751258 -63.671121 312.274798 -3640.632019 0.241823 -0.472357 0.847585 0.438663 0.832371 0.338724 -0.865504 0.289893 0.408492
0.711777 -49.430973 -5132.805835 3152.893446 0.032287 -0.848331 0.528480 0.897663 -0.207895 -0.388561 0.439497 0.486943 0.754804
-15.552920 -50.958307 2004.145303 2095.246279 0.156438 -0.898246 0.410709 0.926422 -0.010728 -0.376334 0.342447 0.439362 0.830476
-13.857264 -50.370854 1202.315617 1454.166119 0.156193 -0.888055 0.432391 0.884554 -0.069029 -0.461302 0.439509 0.454525 0.774751
63.785106 -392.300623 -4513.665729 -123257.039501 -0.108613 0.963177 -0.245954 -0.339161 -0.268477 -0.901604 0.934437 0.014508 -0.355832
133.223225 -576.980680 29167.398604 -222727.770663 -0.186441 0.982462 -0.002818 -0.358789 -0.070757 -0.930733 0.914609 0.172516 -0.365689
90.661418 -354.588192 -4902.398547 -104913.304849 -0.164692 0.975715 -0.144422 -0.521946 -0.210452 -0.826609 0.836928 0.060755 -0.543930
26.525339 -69.842415 231.847945 657.745259 -0.171524 0.956299 -0.236795 -0.319698 -0.281379 -0.904775 0.931865 0.079488 -0.353991
19.886369 -132.769290 -1059.471577 -16021.641532 0.060990 0.750396 -0.658168 0.376485 0.593396 0.711435 -0.924413 0.291181 0.246322
12.529355 -137.636530 2245.274718 4567.147268 -0.080883 -0.653770 0.752358 0.175404 0.733715 0.656426 -0.981168 0.185060 0.055328
13.162461 -121.475505 1356.147137 -7660.167967 0.153185 0.713414 -0.683794 0.326040 0.616727 0.716482 -0.932863 0.332698 0.138129
16.653494 -124.929299 -556.898823 -9689.542910 0.099299 0.744317 -0.660402 0.549324 0.512380 0.660083 -0.829688 0.428321 0.357992
18.449358 -171.629684 1462.087102 -19431.081498 0.053691 0.724758 -0.686908 0.674888 0.480663 0.559900 -0.735964 0.493648 0.463323
21.490141 -174.137213 1815.202788 -26853.706347 0.049736 0.734398 -0.676894 0.570477 0.535409 0.622810 -0.819806 0.417128 0.392328
21.886953 -138.641388 2.246757 -14645.875685 -0.042050 0.779839 -0.624567 0.435855 0.576819 0.690876 -0.899034 0.243169 0.364152
22.102514 -198.022620 3039.519130 -36750.732870 -0.004697 0.733830 -0.679317 0.584565 0.553180 0.593529 -0.811333 0.394317 0.431569
21.970766 -203.099800 -1416.344114 -34260.153851 -0.073316 0.784842 -0.615344 0.665940 0.497823 0.555605 -0.742394 0.369047 0.559156
17.361749 -164.242489 -3472.442408 -16212.712753 -0.122662 0.802316 -0.584161 0.543034 0.546935 0.637162 -0.830703 0.239064 0.502773
15.330599 -118.552653 -3917.732549 -5251.729773 -0.121488 0.819381 -0.560228 0.323474 0.566279 0.758085 -0.938406 0.089121 0.333844
-42.298854 -88.850721 2504.965836 14595.148214 0.516727 -0.647091 -0.560594 0.261211 0.742722 -0.616549 0.815329 0.172154 0.552812
-31.029608 -87.441805 5609.113828 18626.256238 0.418527 -0.672111 -0.610821 0.158172 0.716222 -0.679711 0.894325 0.187862 0.406068
-29.299809 -54.210400 -4868.142223 9575.464234 -0.358981 0.816012 0.453053 0.152164 0.530081 -0.834182 0.920858 0.230517 0.314456
43.982511 -86.576909 3493.696665 -10649.079707 -0.211298 0.955565 0.205546 -0.924725 -0.127319 -0.358711 0.316602 0.265868 -0.910537
46.452441 -102.407666 1361.547637 9160.702722 -0.215993 0.939426 0.266132 0.967997 0.170357 0.184281 0.127781 0.297419 -0.946157
47.754061 -115.486407 994.991885 4073.740330 -0.235299 0.950398 0.203416 0.966904 0.250142 -0.050253 -0.098643 0.184859 -0.977802
38.606394 -105.663221 -3805.027636 -3792.847317 -0.272742 0.961087 0.043850 -0.959384 -0.275107 0.062437 -0.072071 0.025040 -0.997085
27.518397 -36.842760 1260.025885 -1800.647616 -0.141810 0.959369 0.243928 0.076095 0.256255 -0.963609 0.986965 0.118088 0.109343
26.669350 -35.282645 -872.759584 -2250.391416 -0.071918 0.970481 0.230203 0.118795 0.237492 -0.964098 0.990311 0.041989 0.132368
24.068357 -30.915588 2195.849163 -2085.807495 -0.157592 0.960074 0.231132 0.153379 0.255014 -0.954695 0.975520 0.115002 0.187443
22.778115 -33.672599 3630.885079 -1633.233745 -0.209720 0.939690 0.270185 0.089630 0.293643 -0.951704 0.973645 0.175375 0.145807
7.714390 -129.582110 -1157.722112 -390.940494 0.999794 0.010833 0.017188 -0.004202 -0.717467 0.696579 -0.019878 0.696508 0.717274
9.255333 -130.985392 -873.118594 2536.189252 0.999755 -0.016983 0.014194 -0.022128 -0.781057 0.624068 -0.000487 0.624229 0.781241
7.151041 -128.895160 -1328.562661 -1001.547917 0.999684 0.015568 0.019753 -0.007569 -0.562734 0.826603 -0.023984 0.826491 0.562439
10.417045 -130.730306 -1001.289464 1369.770199 0.999797 -0.011894 0.016280 -0.020161 -0.597455 0.801649 -0.000192 0.801814 0.597574
-4.316844 -39.775725 258.384324 1700.780026 0.087081 0.939586 -0.331053 0.132691 -0.340294 -0.930910 0.987325 -0.037137 0.154308
-4.909769 -42.829657 299.315691 800.647884 0.092954 0.937488 -0.335373 0.028651 -0.339211 -0.940274 0.995258 -0.077794 0.058391
18.194050 -54.996966 -2219.385063 -1352.085369 -0.111445 0.955837 -0.271949 0.950388 0.022539 -0.310250 -0.290419 -0.293033 -0.910927
17.873532 -56.277240 -345.008724 740.136858 -0.160072 0.971859 -0.172820 -0.927170 -0.087954 0.364169 -0.338721 -0.218527 -0.915158
13.428546 -57.351088 -1952.920280 -4639.063698 -0.088547 0.957905 -0.273090 -0.921009 0.025677 0.388693 -0.379343 -0.285936 -0.879966
2.424036 -170.418502 -820.233219 19156.150936 0.138000 0.986144 -0.092065 0.024202 -0.096284 -0.995060 0.990137 -0.135090 0.037154
-0.405582 -139.638765 -764.181701 10911.148192 0.142309 0.982530 -0.119926 -0.206480 -0.089026 -0.974392 0.968047 -0.163427 -0.190203
17.663886 -43.321322 1742.559952 -31.572143 0.129501 0.967111 0.218922 -0.951387 0.183406 -0.247435 0.279449 0.176237 -0.943848
13.745460 -44.174526 3862.537517 -750.943398 0.081958 0.959293 0.270259 -0.948520 0.158318 -0.274308 0.305929 0.233865 -0.922884
-11.925094 -46.500518 -2422.451961 1366.654036 -0.180447 0.966691 -0.181513 0.934097 0.226223 0.276197 -0.308060 0.119712 0.943805
-11.569614 -46.191132 -1332.089624 2644.199435 -0.199295 0.955355 -0.218126 0.933845 0.252621 0.253213 -0.297011 0.153232 0.942499
-0.448945 -53.247628 769.219139 -1876.395207 -0.096977 0.989536 -0.106833 0.949032 0.124278 0.289642 -0.299889 0.073300 0.951154
-0.662129 -57.512078 1130.807959 -4850.302204 -0.052926 0.993242 -0.103291 0.974987 0.073757 0.209669 -0.215870 0.089610 0.972301
-1.071677 -18.945403 577.614287 202.403333 -0.293877 0.807960 0.510723 0.262234 0.581966 -0.769772 0.919168 0.092289 0.382901
-0.015234 -20.934588 1149.716454 -769.367113 -0.291931 0.829907 0.475427 0.232857 0.543795 -0.806266 0.927660 0.124668 0.352000
4.304361 -18.983788 1485.832799 -892.952719 -0.255969 0.885264 0.388315 0.260959 0.450063 -0.854016 0.930796 0.117267 0.346220
-8.452604 -43.163634 -912.884796 -2192.817500 -0.080588 0.960556 -0.266153 0.133235 -0.254245 -0.957919 0.987803 0.112657 0.107491
-9.212802 -46.665746 10.125897 1741.555891 -0.083306 0.941077 -0.327773 0.186224 -0.308421 -0.932844 0.978969 0.138750 0.149558
-8.080037 -43.050114 -810.726159 -236.808264 -0.073207 0.961148 -0.266150 0.137169 -0.254626 -0.957262 0.987839 0.106586 0.113199
36.129283 -87.237298 23.924742 -6349.041789 0.976910 0.212272 -0.024250 0.202043 -0.880950 0.427909 -0.069470 0.422928 0.903497
-7.226934 -210.123628 1760.635496 17870.824741 0.968966 0.236362 0.072373 0.082128 -0.031676 -0.996118 0.233152 -0.971149 0.050105
-3.913848 -225.757303 3231.204548 23942.682134 0.962674 0.252888 0.096469 0.070500 0.109834 -0.991447 0.261320 -0.961241 -0.087905
-4.205503 -232.048695 3158.558600 -6817.018354 0.960825 0.266147 0.077338 0.161087 -0.309192 -0.937257 0.225536 -0.912998 0.339952
4.754612 -56.512916 650.739044 -1590.916898 0.977835 0.207311 0.029350 -0.191641 0.829698 0.524285 -0.084338 0.518289 -0.851037
5.205176 -55.047359 -223.080659 -1925.787562 0.958974 0.279102 0.049704 -0.275190 0.874349 0.399730 -0.068107 0.397009 -0.915284
-31.729432 -40.305791 -13533.672765 -25658.396662 0.870592 0.217845 0.441150 0.490175 -0.306752 -0.815863 0.042408 -0.926524 0.373838
6.159108 -35.273034 -17316.325158 20542.818927 0.863358 -0.034113 -0.503438 -0.492595 -0.273256 -0.826246 0.109381 -0.961336 0.252721
-0.376088 -41.639963 -18788.462806 -24782.432064 0.972669 -0.025189 -0.230827 -0.219083 -0.428912 -0.876377 0.076929 -0.902995 0.422708
-15.853583 -228.985866 -12453.316147 -102992.157244 0.994952 0.074703 -0.067005 -0.023231 -0.478109 -0.877993 0.097624 -0.875118 0.473960
-22.340009 -103.944739 -14536.097931 -50661.946789 0.996866 0.079011 -0.004016 0.032133 -0.450752 -0.892071 0.072293 -0.889146 0.451878
9.814565 -115.442720 -1754.589042 -67081.426253 0.977851 0.080968 -0.193008 -0.131381 -0.480396 -0.867156 0.162932 -0.873307 0.459117
-152.307958 -6919.300974 -44200.052848 2676551.978177 0.700471 0.102426 0.706292 0.612926 0.420629 -0.668874 0.365597 -0.901433 -0.231859
-1006.674788 -4645.588252 319172.578004 231934.020933 -0.497056 -0.386688 -0.776793 0.586246 0.510344 -0.629178 0.639727 -0.768129 -0.026974
-392.303311 -2193.296541 113550.504835 283462.558289 -0.634280 -0.301020 -0.712092 0.720451 -0.564251 -0.403201 -0.280427 -0.768770 0.574764
21.534091 -53.555425 4120.342382 -2675.248550 0.669736 0.108660 -0.734607 0.110021 0.963801 0.242866 0.734404 -0.243478 0.633537
22.247257 -33.682050 302.702612 -7495.157918 0.705201 0.017504 -0.708791 0.254640 0.926742 0.276237 0.661702 -0.375289 0.649082
26.112877 -54.039736 4975.086612 977.661963 0.686485 0.156858 -0.710024 -0.026442 0.981195 0.191199 0.726663 -0.112480 0.677724
-0.659047 -72.712082 2966.371945 -1120.326032 -0.138594 0.980817 0.137074 -0.092971 0.124913 -0.987802 0.985976 0.149647 -0.073876
-1.604281 -80.573932 2137.538331 -3830.020428 -0.122538 0.976565 0.176932 -0.241762 0.143533 -0.959661 0.962567 0.160370 -0.218509
2.950540 -77.728857 2467.524517 536.739899 -0.129973 0.979733 0.152415 -0.062424 0.145328 -0.987412 0.989551 0.137851 -0.042270
1.429484 -77.823819 3370.895918 5210.398415 -0.139076 0.981410 0.132258 0.031735 0.137904 -0.989937 0.989773 0.133479 0.050324
-32.972690 -89.186574 17617.779414 16027.504458 0.277117 0.818609 0.503075 0.009879 -0.525981 0.850439 -0.960785 0.230701 0.153846
-47.055612 -142.817804 12844.204626 46599.700894 0.259582 0.059497 0.963887 0.149564 0.983581 -0.100991 -0.954069 0.170378 0.246421
-118.538456 -386.331367 23703.465164 100069.949601 0.151863 -0.285826 0.946172 -0.104847 0.947215 0.302970 -0.982825 -0.145213 0.113878
-71.322305 -370.253071 16613.450561 113876.262696 0.264991 -0.169484 0.949239 0.025908 0.985328 0.168695 -0.963903 -0.020110 0.265494
2.319817 -74.775991 -3109.014282 -1104.286009 0.133370 0.989967 -0.046676 0.705479 -0.127911 -0.697092 0.696068 -0.060043 0.715460
0.306681 -76.901383 -2467.893002 555.574690 0.126116 0.990622 -0.052567 0.588954 -0.117410 -0.799592 0.798265 -0.069882 0.598238
36.339171 -33.851993 5868.621777 28600.408246 0.412541 -0.803966 -0.428308 0.910913 0.367597 0.187375 0.006801 -0.467452 0.883992
-57.216620 -107.032243 1249.376270 3117.771848 0.875350 0.216328 -0.432395 -0.021714 0.911006 0.411820 0.483003 -0.351098 0.802146
-57.234918 -97.688902 1848.509344 10196.203625 0.870148 0.234225 -0.433567 -0.146800 0.963082 0.225663 0.470416 -0.132713 0.872408
-59.431262 -92.861758 1041.228370 12809.510169 0.940174 0.134690 -0.312939 -0.100727 0.987363 0.122345 0.325463 -0.083505 0.941860
61.742594 -96.320965 -10277.249196 17926.178337 -0.675111 -0.643155 0.361354 0.737346 -0.603790 0.302916 0.023360 0.470945 0.881853
32.394463 -111.721859 -8195.220420 11698.665629 -0.665519 -0.628579 0.402459 0.730142 -0.436417 0.525769 -0.154847 0.643761 0.749396
34.725340 -99.269469 -4837.171456 18324.300169 -0.566915 -0.655106 0.499444 0.820299 -0.504581 0.269271 0.075609 0.562347 0.823437
60.933434 -63.226776 -5800.695684 12410.948088 -0.585045 -0.669959 0.457032 0.791520 -0.594464 0.141803 0.176687 0.444711 0.878074
-2.704946 -17.243707 -4756.693034 -806.149985 -0.178825 -0.981995 0.060892 0.982460 -0.174900 0.064676 -0.052861 0.071390 0.996047
4.777035 -15.881355 4147.453036 141.132557 0.176910 0.982430 -0.059452 0.980793 -0.170929 0.093964 -0.082151 0.074934 0.993799
-4.453237 -15.000714 3409.085683 -125.380299 0.249765 0.967417 -0.041488 0.963603 -0.244106 0.109003 -0.095324 0.067203 0.993175
9.732720 -17.818267 -3953.603330 -1440.320809 -0.216856 -0.975336 0.041148 0.974859 -0.214154 0.061540 -0.051210 0.053459 0.997256
-12.020221 -16.659378 3946.856304 -950.604313 0.390023 0.920530 -0.022530 0.917959 -0.386778 0.088058 -0.072346 0.055026 0.995861
-12.357712 -19.959944 -5710.772380 -1533.963163 -0.235591 -0.970446 0.052273 0.971583 -0.233918 0.036189 -0.022892 0.059313 0.997977
1.181441 -20.079632 -4795.839573 -1761.454470 -0.174141 -0.983024 0.057781 0.984599 -0.172899 0.025880 -0.015451 0.061398 0.997994
13.902266 -49.280533 -859.624498 852.422959 0.131709 0.977540 -0.164523 0.798523 -0.006282 0.601932 -0.587379 0.210655 0.781416
11.353238 -52.135462 1586.284496 1520.104294 0.088139 0.968852 -0.231426 0.758689 0.085252 0.645851 -0.645463 0.232504 0.727543
10.291925 -86.434191 -1054.376824 4284.299121 -0.026402 0.971053 -0.237401 0.404977 0.227512 0.885568 -0.913945 0.072761 0.399261
4.478499 -74.006602 694.315459 585.280306 0.022613 0.925668 -0.377661 0.838216 -0.223435 -0.497464 0.544869 0.305313 0.780962
3.674296 -69.328922 378.284207 -655.736549 -0.003085 0.927470 -0.373884 0.800911 -0.221583 -0.556275 0.598775 0.301164 0.742138
4.352337 -74.667235 545.523298 -3209.409544 -0.038071 0.936807 -0.347768 0.694111 -0.225568 -0.683615 0.718861 0.267416 0.641660
6.327197 -78.139327 953.566179 -2411.925121 -0.044821 0.940807 -0.335967 0.578995 -0.249596 -0.776187 0.814098 0.229313 0.533535
0.776087 -56.637418 1763.448105 2156.614453 0.048447 0.952727 -0.299939 0.559844 -0.274589 -0.781777 0.827180 0.130044 0.546682
-0.924884 -58.069143 817.733342 831.475834 0.043710 0.963749 -0.263207 0.668019 -0.224094 -0.709601 0.742860 0.144811 0.653597
-10.218670 -39.992702 -423.850314 -2146.071347 0.022808 0.880895 -0.472763 -0.491451 -0.401925 -0.772614 0.870607 -0.249961 -0.423749
-10.678340 -46.773104 -1118.857208 -5590.629921 -0.004010 0.856627 -0.515921 -0.544815 -0.434502 -0.717206 0.838546 -0.278206 -0.468446
1.501586 -60.204721 155.718555 26.386400 0.032347 0.875190 -0.482697 0.993594 0.024164 0.110396 0.108282 -0.483176 -0.868802
2.292507 -63.917900 104.344535 -902.921973 0.034909 0.876860 -0.479476 0.977637 0.069594 0.198450 0.207381 -0.475681 -0.854822
-1.006647 -91.444834 206.220929 -2182.135898 0.660120 -0.502678 0.558173 -0.036543 0.720710 0.692273 -0.750271 -0.477380 0.457386
-0.232744 -83.897879 -344.962028 -844.441269 0.647737 -0.518907 0.557828 -0.059982 0.695182 0.716327 -0.759499 -0.497451 0.419170
2.167873 -82.857614 -1829.055500 -1351.675628 0.632643 -0.556152 0.538941 0.063919 0.731031 0.679343 -0.771801 -0.395334 0.498031
-27.540300 -40.714124 -818.600930 -517.474766 0.387533 0.904744 0.176798 -0.189116 -0.109681 0.975810 -0.902249 0.411593 -0.128596
-27.232253 -40.110576 -1221.979724 -495.598923 0.318129 0.922433 0.218885 -0.182370 -0.167024 0.968940 -0.930341 0.348166 -0.115089
