11613
23209
-44.774746 -67.801195 -1566.713972 8348.722485 -0.275246 0.842757 0.462601 -0.348744 0.360883 -0.864951 0.895889 0.399404 -0.194574
-53.329179 -76.120385 1751.811995 3898.461235 -0.397127 0.856176 0.330534 -0.136480 0.301053 -0.943790 0.907559 0.419916 0.002705
-50.191396 -83.774050 -1594.131305 8558.167569 -0.203586 0.691191 0.693403 -0.266555 0.642351 -0.718563 0.942073 0.331120 -0.053467
-42.929566 -62.252953 732.170560 4259.095619 -0.486743 0.872768 -0.036842 -0.112041 -0.104201 -0.988225 0.866330 0.476884 -0.148505
-29.972707 -82.905782 -7054.703155 13389.586271 -0.099153 0.760880 0.641272 -0.366331 0.571275 -0.734470 0.925186 0.307743 -0.222091
-31.379786 -63.110789 -5067.410095 12608.375731 -0.167945 0.860414 0.481126 -0.474790 0.357122 -0.804387 0.863926 0.363527 -0.348539
-36.452774 -53.183201 -56.115661 6465.855098 -0.446700 0.894551 -0.015389 -0.259070 -0.145794 -0.954791 0.856354 0.422518 -0.296878
-6.398814 -32.682941 -955.712603 2323.991972 -0.366881 0.926032 0.088680 -0.504826 -0.118118 -0.855101 0.781376 0.358488 -0.510820
-5.322431 -22.754438 -2865.913009 3788.945704 -0.483628 0.861467 -0.154853 -0.439849 -0.392160 -0.807925 0.756728 0.322623 -0.568575
-12.508110 -29.619678 -4626.215230 908.891440 -0.446977 0.885432 -0.127361 -0.399156 -0.324830 -0.857414 0.800553 0.332408 -0.498618
34.169928 -75.486428 10909.976819 -3535.014293 -0.172552 0.746449 -0.642681 0.446526 -0.522296 -0.726513 0.877975 0.412335 0.243186
36.055678 -72.175100 7493.650173 -5759.073059 0.042112 0.699276 -0.713610 0.574984 -0.601075 -0.555070 0.817080 0.386940 0.427385
17.261676 -65.332696 5426.124645 -6784.360992 -0.112945 0.746722 -0.655477 0.640559 -0.449584 -0.622542 0.759558 0.490184 0.427541
11.137782 -66.516972 4218.730921 -7492.230838 -0.220304 0.798627 -0.560054 0.591905 -0.346916 -0.727529 0.775316 0.491776 0.396284
14.840916 -76.614106 3012.670235 -5177.647200 -0.296008 0.824606 -0.482084 0.424011 -0.338814 -0.839893 0.855917 0.453024 0.249350
10.468415 5.484765 -5083.513617 6188.503180 -0.487318 0.871304 0.057877 -0.628535 -0.396005 0.669420 -0.606188 -0.289843 -0.740626
16.530938 -4.802146 -2909.947215 7611.633300 -0.483816 0.858959 0.167663 -0.598284 -0.464441 0.652955 -0.638731 -0.215600 -0.738606
19.935550 16.637439 -5160.532788 6227.959307 -0.237167 0.961722 -0.137268 -0.716765 -0.077852 0.692955 -0.655743 -0.262735 -0.707793
13.783722 4.481122 -6504.799138 -5484.924059 0.147504 0.885779 -0.440044 -0.818131 0.359283 0.448973 -0.555791 -0.293789 -0.777679
426.745782 -13.816943 -119019.837082 -8792.479062 0.868239 -0.488102 -0.088977 -0.485915 -0.800320 -0.351248 -0.100235 -0.348203 0.932045
638.448527 -72.939695 -219717.477118 19796.316713 0.761086 -0.644470 0.073532 0.581782 0.728354 0.361980 -0.286843 -0.232719 0.929281
52.700131 -58.198427 45073.350330 -1137.226869 -0.435377 0.897590 0.069129 0.879040 0.407295 0.247788 -0.194256 -0.168648 0.966345
48.344592 -56.143698 -30988.468054 812.558596 0.481419 -0.868591 -0.117409 0.876491 0.477119 0.064200 0.000254 -0.133815 0.991006
-6.914662 -52.727005 -302.914468 -834.102253 -0.077275 0.892310 0.444759 0.867964 -0.159291 0.470387 -0.490578 -0.422384 0.762184
-5.594032 -52.904676 158.496360 176.290907 0.113134 -0.890989 -0.439703 0.914744 -0.079357 0.396164 -0.387871 -0.447036 0.806049
-5.171421 -55.516374 -136.564724 440.688978 0.089719 -0.895494 -0.435937 0.932950 -0.077657 0.351530 -0.348647 -0.438247 0.828484
-5.199834 -53.855314 325.492683 -1114.134908 -0.049796 0.897768 0.437645 0.872288 -0.174330 0.456863 -0.486451 -0.404502 0.774431
-3.056808 -57.092161 -760.660032 716.104761 0.087338 -0.900937 -0.425069 0.963948 -0.031230 0.264252 -0.251349 -0.432824 0.865729
-5.095472 -58.259640 -443.464176 -104.934298 0.045606 -0.903732 -0.425662 0.932669 -0.114116 0.342209 -0.357840 -0.412609 0.837678
17.470933 -102.065915 -1284.724250 15078.057765 -0.154266 0.858858 0.488431 -0.900065 -0.326064 0.289076 -0.407535 0.395025 -0.823329
20.392367 -86.820170 2742.061516 10409.148267 -0.105144 0.816204 0.568117 -0.822033 -0.392835 0.412242 -0.559649 0.423665 -0.712250
20.963422 -76.493714 -230.822153 19534.103729 -0.160718 0.840218 0.517884 -0.798981 -0.418815 0.431536 -0.579482 0.344424 -0.738629
17.515425 -102.794019 1697.423921 -9367.188915 -0.095047 0.831300 0.547637 0.926091 0.275622 -0.257657 -0.365131 0.482673 -0.796057
14.580798 -111.209487 201.409390 -6045.715992 -0.114548 0.850524 0.513310 0.977595 0.188364 -0.093951 -0.176597 0.491047 -0.853045
17.924824 -111.568685 -2038.178454 -5818.576016 -0.150562 0.885185 0.440203 0.979424 0.194089 -0.055294 -0.134385 0.422821 -0.896194
-14.265119 -22.982669 -3726.611939 -2614.345641 -0.386845 0.152115 0.909512 0.529140 0.844383 0.083838 -0.755223 0.513691 -0.407136
-4.460119 -40.097338 -1683.551160 -3975.506391 -0.271815 0.332367 0.903132 0.681079 0.729454 -0.063467 -0.679888 0.597853 -0.424645
-6.097152 -36.228589 -1900.084240 -3101.766031 -0.410803 0.123390 0.903336 0.505659 0.855284 0.113128 -0.758651 0.503253 -0.413746
-5.022264 -29.147124 -313.010663 -492.470505 -0.528899 -0.110196 0.841501 0.318005 0.893564 0.316885 -0.786854 0.435202 -0.437562
-1.471074 -37.973921 -112.226102 -2847.801532 -0.442518 0.069980 0.894025 0.442266 0.884304 0.149691 -0.780114 0.461638 -0.422270
-8.378987 -30.432097 -2367.891069 2820.980255 -0.067858 0.970828 0.229976 0.774524 0.196560 -0.601230 0.628895 -0.137324 0.765267
-5.946148 -26.854958 -2801.618403 367.583924 -0.071287 0.966049 0.248328 0.736217 0.218934 -0.640354 0.672981 -0.137175 0.726829
-13.330167 -25.491880 -1195.531598 1630.933614 -0.091714 0.976719 0.193929 0.748382 0.196080 -0.633623 0.656897 -0.087021 0.748942
-13.451158 -32.115105 -922.142661 3424.362799 -0.149627 0.960205 0.235833 0.785343 0.260327 -0.561664 0.600706 -0.101170 0.793043
-15.847963 -27.269059 -337.614923 3697.872701 -0.178020 0.961957 0.207240 0.758887 0.268279 -0.593395 0.626418 -0.051635 0.777775
-15.101865 -44.379239 765.962760 -2125.764994 -0.081080 0.995110 0.056407 -0.992289 -0.085914 0.089337 -0.093746 0.048728 -0.994403
-15.956866 -50.884411 -1747.051729 -2035.627586 -0.294462 0.955599 0.011104 -0.945691 -0.293044 0.140689 -0.137696 -0.030927 -0.989992
-18.552941 -47.433930 -183.769722 -2482.861242 -0.226470 0.971440 0.070822 -0.955604 -0.235672 0.176863 -0.188503 0.027624 -0.981684
-13.880253 -41.283547 3134.908927 -1948.623918 0.036365 0.994711 0.096064 -0.983390 0.018513 0.180561 -0.177828 0.101034 -0.978861
-20.086857 -46.529844 311.457608 -1248.139699 -0.229181 0.968506 0.097323 -0.929258 -0.247458 0.274306 -0.289751 0.027573 -0.956705
8.866181 -54.441824 -2723.685432 -466.880649 -0.119679 0.972190 0.201304 -0.605246 0.089282 -0.791016 0.786991 0.216507 -0.577729
13.702451 -53.930749 -2447.321950 -57.965247 -0.106850 0.965163 0.238837 -0.699298 0.097810 -0.708107 0.706800 0.242679 -0.664486
9.553489 -55.302537 -2832.205693 333.298936 -0.114435 0.980262 0.161216 -0.706467 0.033793 -0.706939 0.698433 0.194792 -0.688656
15.481003 -53.330559 -1361.999595 -400.076468 -0.114886 0.947904 0.297119 -0.639050 0.158468 -0.752664 0.760537 0.276345 -0.587552
6.940064 -55.567950 -2411.004527 -274.929858 -0.120257 0.980780 0.153649 -0.598869 0.051768 -0.799172 0.791766 0.188121 -0.581134
6.123294 -53.200336 -1755.902710 -459.552219 -0.127448 0.976525 0.173652 -0.498706 0.088247 -0.862267 0.857350 0.196496 -0.475752
9.114728 -53.039517 -2085.435868 -255.207202 -0.120759 0.964154 0.236272 -0.540375 0.135811 -0.830392 0.832714 0.227953 -0.504604
-6.217414 -275.457930 1964.076711 -23642.116211 0.969248 -0.169009 0.178867 -0.050477 0.574853 0.816698 0.240852 0.800612 -0.548644
-7.866592 -237.966712 555.482548 -11835.700886 0.967314 -0.142865 0.209507 -0.000528 0.825055 0.565052 0.253581 0.546693 -0.798012
-6.957178 -199.565881 747.483309 -14993.031734 0.972152 -0.149192 0.180726 0.012489 0.803065 0.595761 0.234017 0.576913 -0.782564
-7.145588 -167.103946 1077.348860 -7303.056759 0.969039 -0.124024 0.213497 0.047173 0.941756 0.332971 0.242358 0.312591 -0.918449
-5.333583 -248.945983 1733.698628 -38112.890348 0.974266 -0.161996 0.156726 -0.027161 0.605876 0.795095 0.223759 0.778891 -0.585885
-8.469666 -214.142066 449.749821 -20141.283991 0.980707 -0.114455 0.158471 -0.013414 0.769357 0.638679 0.195021 0.628483 -0.752978
-7.666290 -172.317040 -701.755410 -4649.631477 0.982556 -0.100909 0.156206 0.040293 0.935541 0.350911 0.181548 0.338496 -0.923288
-5.846456 -279.683833 -1300.842136 -67852.713235 0.995023 -0.062676 0.077468 -0.028219 0.568367 0.822291 0.095569 0.820385 -0.563769
-8.426408 -269.646189 -144.866306 -40546.671801 0.992084 -0.087195 0.090371 -0.055188 0.343689 0.937461 0.112801 0.935027 -0.336156
-12.196073 -220.105748 -387.501301 -34371.462695 0.993245 -0.083039 0.081052 -0.005038 0.666980 0.745059 0.115929 0.740434 -0.662056
-11.238113 -198.335709 -1671.735138 3617.416046 0.910309 -0.265506 0.317559 -0.228824 0.316513 0.920575 0.344930 0.910674 -0.227370
-20.805595 -188.450419 -7830.125059 -17301.428627 0.820888 -0.217485 0.528056 -0.516807 0.110556 0.848933 0.243010 0.969782 0.021644
-20.354109 -169.908846 -3165.744114 -1029.677049 0.917882 -0.267955 0.292733 -0.191082 0.348096 0.917778 0.347822 0.898348 -0.268310
-2.190517 -100.594126 2363.931461 -3281.524822 0.917489 -0.385711 -0.097167 0.397761 0.889228 0.225962 0.000752 0.245967 -0.969278
-3.938562 -90.937668 905.063920 -228.952040 0.931171 -0.347563 -0.110097 0.354523 0.933654 0.051028 -0.085057 0.086547 -0.992610
-7.616908 -90.122902 1776.658350 -3736.197512 0.922495 -0.370805 -0.107266 0.385989 0.888855 0.246879 -0.003800 0.269148 -0.963091
-4.869904 -100.838160 2563.220366 -4418.733608 0.910227 -0.399911 -0.107506 0.406304 0.812285 0.418462 0.080022 0.424576 -0.901849
-13.661732 -37.374637 200.167965 -1367.622939 0.332972 0.872788 0.356891 0.853487 -0.118061 -0.507564 -0.400861 0.473606 -0.784224
-12.507988 -32.555879 579.837780 -2014.047037 0.301223 0.872596 0.384501 0.819815 -0.031052 -0.571786 -0.486998 0.487455 -0.724721
-12.131799 -32.415042 63.765967 -1936.952245 0.267774 0.862347 0.429714 0.845042 0.004037 -0.534684 -0.462818 0.506301 -0.727639
-14.193241 -37.180218 -371.949271 -1550.065607 0.305475 0.860012 0.408735 0.873525 -0.082251 -0.479781 -0.378998 0.503601 -0.776367
22.106564 -94.071054 -2826.054610 -1844.345535 0.104570 -0.854752 -0.508394 0.990921 0.132986 -0.019766 0.084505 -0.501711 0.860898
24.982912 -90.483201 -2026.824560 -4103.521078 0.062091 -0.834505 -0.547490 0.992170 0.111169 -0.056925 0.108368 -0.539669 0.834874
19.706011 -85.463372 -1591.484575 90.674359 0.058647 -0.843732 -0.533551 0.997587 0.029643 0.062778 -0.037152 -0.535946 0.843435
21.998108 -86.815713 510.325836 -3425.225726 0.027153 -0.821835 -0.569078 0.997851 -0.011673 0.064469 -0.059626 -0.569606 0.819753
-2.636101 -202.133557 -778.572935 1240.306637 -0.101630 0.977799 0.183249 -0.876579 -0.175119 0.448266 -0.470404 0.115075 -0.874916
1.688825 -223.904031 -1263.386912 -13276.298056 -0.130487 0.969102 0.209317 -0.836344 -0.220973 0.501697 -0.532449 0.109597 -0.839337
-0.731547 -200.345194 -280.494083 -56.032672 -0.164303 0.958223 0.234122 -0.651215 -0.283643 0.703893 -0.740893 0.036812 -0.670613
-0.134928 -208.559318 -328.750204 -6369.644434 -0.073420 0.980809 0.180619 -0.955148 -0.121252 0.270169 -0.286884 0.152682 -0.945720
0.436590 -196.930387 -704.784604 -42.422295 -0.033605 0.986911 0.157723 0.989407 0.055151 -0.134285 -0.141226 0.151540 -0.978310
-1.684817 -2402.479799 -550.222695 -875649.177792 -0.210289 0.560489 -0.801018 0.873278 0.476030 0.103829 0.439504 -0.677678 -0.589567
-77.610294 -1200.460603 11629.484022 -412662.099347 -0.318933 0.424032 -0.847631 0.929926 0.312760 -0.193438 0.183081 -0.849929 -0.494068
-19.894889 -745.509948 8520.035960 -231701.210197 -0.498873 0.489871 -0.714949 0.862885 0.357810 -0.356934 0.080964 -0.794984 -0.601203
91.933596 -118.220941 318.645145 5628.170465 0.476464 0.867778 0.141218 0.703293 -0.472578 0.531083 -0.527599 0.153725 0.835469
83.836609 -113.366430 -12736.120805 6096.372843 -0.621053 -0.777738 0.097037 0.664338 -0.456674 0.591696 -0.415870 0.431940 0.800300
90.000130 -100.343181 6820.220943 6798.450756 0.551403 0.833371 -0.038039 0.784933 -0.502830 0.361998 -0.282551 0.229464 0.931403
86.940760 -109.962732 -2820.391965 3849.476554 0.445373 0.875276 0.188504 0.804078 -0.483617 0.345793 -0.393829 0.002435 0.919181
1.251543 -5.169451 -2286.184718 -569.509355 0.269780 -0.858207 0.436691 0.821758 -0.031200 -0.568982 0.501929 0.512354 0.696822
4.772920 -7.324003 -3733.702850 1699.153321 -0.284422 -0.675668 0.680130 0.822080 -0.536884 -0.189579 0.493243 0.505200 0.708155
-0.944652 -8.879689 357.690343 -5925.178446 0.856354 -0.409377 -0.314751 -0.126214 -0.756968 0.641147 0.500727 0.509323 0.699902
2.124297 -16.437085 298.993173 -5272.665515 0.795247 -0.593337 -0.124636 -0.361081 -0.628642 0.688788 0.487035 0.502753 0.714169
2.422562 -17.270007 -1302.828865 -5305.489506 0.860727 -0.199282 -0.468439 0.095470 -0.840675 0.533058 0.500034 0.503539 0.704567
4.696703 -28.202013 304.546002 5926.705527 0.829925 -0.504700 -0.237702 0.271495 0.737618 -0.618232 0.487355 0.448552 0.749191
0.129246 -48.975835 1140.455226 657.431751 -0.375054 0.841569 0.388710 0.583016 -0.111864 0.804723 -0.720713 -0.528438 0.448693
-4.938689 -48.107917 645.087517 791.185362 -0.340848 0.829647 0.442165 0.527672 -0.220424 0.820351 -0.778065 -0.512932 0.362650
-4.153440 -48.529930 -900.878891 895.292224 -0.403888 0.845291 0.349797 0.476674 -0.131903 0.869128 -0.780805 -0.517769 0.349654
-16.497071 -62.390745 -64.296909 -4327.741163 0.604942 -0.597196 0.526690 0.795501 0.482322 -0.366801 -0.034982 0.640876 0.766847
-17.018434 -61.901785 1422.642036 -2702.718605 0.579232 -0.628972 0.518541 0.810816 0.510149 -0.286923 -0.084067 0.586637 0.805475
-17.115372 -63.391795 1847.104186 -3920.948048 0.517551 -0.676145 0.524374 0.855649 0.410717 -0.314923 -0.002436 0.611669 0.791110
-8.961286 -51.006301 675.662402 2374.432105 0.595783 -0.694714 0.403007 0.698782 0.695738 0.166292 -0.395912 0.182540 0.899963
-10.011943 -62.894716 -590.627713 -4624.074755 -0.569142 0.717354 -0.401846 0.736587 0.662004 0.138532 -0.365400 0.217150 0.905168
-11.155213 -58.673103 371.149217 -3346.570220 -0.565631 0.700990 -0.434366 0.726526 0.672791 0.139685 -0.390156 0.236568 0.889839
-7.180916 -62.523218 -1309.947077 -1748.859204 -0.591969 0.716362 -0.369322 0.723455 0.674264 0.148257 -0.355226 0.179425 0.917399
-6.765890 -52.593107 1239.412573 -799.370482 0.643883 -0.661803 0.383968 0.601661 0.747971 0.280256 -0.472671 0.050566 0.879787
-41.336657 -101.393695 -461.190724 635.270967 0.553517 -0.607245 -0.569976 0.596761 -0.188201 0.780036 -0.580943 -0.771903 0.258207
-35.049277 -89.686004 4287.244012 5192.770037 0.325410 -0.429768 -0.842264 0.805093 -0.341234 0.485165 -0.495917 -0.835978 0.234962
-51.588385 -90.212829 -1711.390634 5231.876274 0.528382 -0.550456 -0.646382 0.737396 -0.079792 0.670731 -0.420784 -0.831042 0.363743
1.655149 -51.114486 897.788949 1308.991800 -0.402841 0.751507 -0.522453 0.277760 -0.443521 -0.852137 0.872106 0.488392 0.030071
0.865740 -52.561636 454.866478 532.376420 -0.406036 0.768703 -0.494197 0.380299 -0.349599 -0.856244 0.830968 0.535609 0.150387
-0.662031 -54.695858 -1770.780231 993.610093 -0.367071 0.781501 -0.504495 0.320404 -0.402940 -0.857310 0.873270 0.476336 0.102489
-0.550787 -56.559087 -221.862177 471.970516 -0.410049 0.787957 -0.459330 0.451746 -0.262041 -0.852796 0.792330 0.557188 0.248507
2.051684 -52.492785 314.234107 283.481051 -0.387561 0.744866 -0.543113 0.206503 -0.504037 -0.838632 0.898417 0.437175 -0.041528
0.561774 -55.708788 -19.538692 572.526132 -0.388101 0.758659 -0.523272 0.240117 -0.464931 -0.852164 0.889787 0.456373 0.001727
-1.030834 -58.655264 410.437005 921.338745 -0.416893 0.780679 -0.465554 0.391978 -0.307704 -0.866990 0.820094 0.543929 0.177729
-13.934043 -55.990859 1653.421741 -3286.787601 -0.019303 -0.449017 0.893315 0.267375 0.858621 0.437356 -0.963399 0.247293 0.103482
-17.629569 -54.041383 2857.264667 -3727.339332 -0.058173 -0.445879 0.893201 0.291625 0.848100 0.442359 -0.954762 0.286213 0.080693
-16.383288 -48.001512 2870.419557 -1621.844037 -0.030266 -0.373778 0.927024 0.182665 0.909762 0.372782 -0.982709 0.180618 0.040741
-22.756805 -46.952521 2376.517660 -1939.824042 -0.121719 -0.432537 0.893362 0.255841 0.855969 0.449291 -0.959025 0.283246 0.006473
-12.771106 -49.810189 911.814460 -1340.756373 -0.015514 -0.388981 0.921115 0.137167 0.911688 0.387311 -0.990426 0.132355 0.039211
-16.145985 -43.599250 1869.243007 -1305.302139 -0.019338 -0.267709 0.963306 0.060235 0.961424 0.268395 -0.997997 0.063214 -0.002466
-11.151617 -49.823834 -1961.871633 4003.004247 -0.375706 0.738431 -0.559969 0.645257 -0.225273 -0.729996 0.665198 0.635588 0.391841
-11.062179 -50.283543 2567.974004 1528.932013 0.375371 -0.753967 0.539101 0.707377 -0.142804 -0.692260 0.598927 0.641202 0.479735
-7.421717 -48.628933 -1327.259524 1132.305600 -0.368020 0.748105 -0.552178 0.633315 -0.233129 -0.737945 0.680789 0.621281 0.387990
-10.523629 -47.243219 -1955.008322 1367.634100 -0.356002 0.726104 -0.588248 0.629037 -0.279317 -0.725462 0.691068 0.628295 0.357309
-0.258343 -48.918671 175.551053 -944.480410 -0.606536 0.566104 -0.558247 0.756320 0.194336 -0.624671 -0.245141 -0.801099 -0.546028
-0.515569 -51.312134 1681.580320 -918.858706 -0.576238 0.587450 -0.568201 0.772572 0.164735 -0.613184 -0.266612 -0.792316 -0.548774
1.300399 -49.547499 276.487135 1205.916396 -0.658799 0.551734 -0.511443 0.678886 0.143041 -0.720176 -0.324188 -0.821662 -0.468799
1.749867 -46.553384 6.806639 1311.557099 0.675593 -0.547349 0.493947 0.668550 0.172353 -0.723419 -0.310830 -0.818965 -0.482371
0.999083 -44.922098 -554.799573 -1524.050381 -0.622123 0.553278 -0.553937 0.745501 0.202515 -0.634993 -0.239147 -0.808004 -0.538458
52.395809 -43.395313 1116.531304 4095.317933 0.280020 -0.933694 0.223167 0.959961 0.270408 -0.073175 0.007977 0.234722 0.972030
67.377176 -39.606224 -2598.223715 658.593426 0.323562 -0.888860 0.324400 0.946048 0.297613 -0.128141 0.017353 0.348360 0.937200
59.481947 -39.344296 3485.877383 2611.615431 0.163299 -0.977099 0.136420 0.984053 0.151433 -0.093310 0.070514 0.149482 0.986247
-8.346342 -154.679044 1940.226905 943.426772 -0.365870 0.481001 -0.796729 0.634396 -0.497475 -0.591659 -0.680942 -0.721912 -0.123134
-4.677925 -159.512387 405.677671 -1796.314123 -0.355570 0.458799 -0.814293 0.801654 -0.298229 -0.518083 -0.480542 -0.836996 -0.261757
-9.459172 -166.709723 1856.684750 6395.386653 -0.407891 0.472696 -0.781142 0.792657 -0.241263 -0.559900 -0.453123 -0.847556 -0.276277
-15.536310 -161.331306 -3646.826155 1464.234313 0.390189 -0.482608 0.784119 -0.572086 0.540208 0.617165 -0.721436 -0.689395 -0.065310
-20.286422 -165.739152 5351.519693 1059.194884 -0.419715 0.497680 -0.759048 0.708793 -0.342665 -0.616599 -0.566968 -0.796804 -0.208930
-13.139744 -168.060537 3470.343851 -3007.617102 -0.453335 0.462450 -0.761989 0.841130 -0.060919 -0.537391 -0.294936 -0.884550 -0.361364
-3.525748 -165.858794 445.693080 28.530291 -0.414216 0.453228 -0.789310 0.891050 0.025069 -0.453212 -0.185621 -0.891042 -0.414233
-48.923002 -643.403098 -4338.988265 -196895.349285 0.967971 0.038236 -0.248135 -0.208078 0.675218 -0.707661 -0.140487 -0.736626 -0.661547
-151.502086 -905.072501 -37946.016543 -279898.218370 0.956882 0.143085 -0.252793 -0.285518 0.623439 -0.727876 -0.053452 -0.768668 -0.637411
-312.500472 -960.300075 -56563.657650 -250499.652675 -0.015779 0.293712 -0.955764 0.997291 0.073308 0.006064 0.071846 -0.953079 -0.294073
-35.219251 -327.716947 -13487.457906 -118288.102030 0.914428 0.054637 -0.401043 -0.393028 0.356573 -0.847576 -0.096692 -0.932668 -0.347535
-25.357407 -600.214398 -13407.635116 -181872.476758 0.944591 -0.142493 -0.295710 -0.131408 0.661376 -0.738454 -0.300799 -0.736395 -0.606005
-15.023226 -39.183226 2655.659618 -1175.047635 0.250088 0.888751 0.384158 -0.317103 -0.299700 0.899792 -0.914823 0.346845 -0.206874
-12.723131 -36.019529 2437.995938 -1479.283888 0.246483 0.895900 0.369607 -0.408782 -0.249680 0.877814 -0.878717 0.367455 -0.304686
-17.617825 -37.769371 433.843111 -1647.228493 0.155056 0.875077 0.458473 -0.404750 -0.367076 0.837516 -0.901185 0.315429 -0.297270
-18.768660 -40.450997 2080.591859 -352.900468 0.237438 0.886033 0.398207 -0.220973 -0.349917 0.910346 -0.945936 0.304143 -0.112705
-13.800049 -41.267303 5229.472554 -1029.282460 0.313140 0.893669 0.321401 -0.212808 -0.263789 0.940813 -0.925557 0.363003 -0.107577
-19.502789 -39.636765 290.984392 -763.805889 0.162696 0.873544 0.458749 -0.313279 -0.395151 0.863546 -0.935621 0.284212 -0.209374
-9.183111 -42.689918 -1518.171229 -2511.410953 -0.106393 0.993540 0.039483 0.268879 -0.009481 0.963127 -0.957280 -0.113086 0.266134
-11.622090 -37.576200 -1224.467549 -2506.159253 -0.090271 0.992728 0.079632 0.163210 -0.064132 0.984505 -0.982453 -0.101869 0.156234
-6.644133 -38.072369 -1484.939591 -2282.754310 -0.128854 0.991406 0.022591 0.196488 0.003195 0.980501 -0.972003 -0.130780 0.195212
-13.799579 -39.550996 -1087.333852 -2331.087596 -0.065496 0.994293 0.084208 0.190862 -0.070348 0.979093 -0.979429 -0.080199 0.185166
-14.249885 -42.924711 -1054.864620 -2322.689926 -0.050922 0.994880 0.087291 0.254026 -0.071627 0.964542 -0.965856 -0.071291 0.249078
6.246938 -38.099838 -7662.158507 1146.839860 -0.761047 -0.389689 0.518604 -0.410582 0.908308 0.079995 -0.502225 -0.152049 -0.851264
-10.782382 -36.429043 -5808.653795 551.259340 -0.714409 -0.452418 0.533795 -0.423836 0.886780 0.184346 -0.556760 -0.094543 -0.825275
11.202373 -35.482112 -7912.681178 1244.318876 -0.776949 -0.353195 0.521155 -0.332388 0.933156 0.136883 -0.534666 -0.066875 -0.842413
18.752145 -39.392578 -5062.004167 2046.027950 -0.770038 -0.304495 0.560645 -0.330737 0.941979 0.057341 -0.545576 -0.141272 -0.826068
18.502604 -42.161485 -6577.971208 1488.087197 -0.771917 -0.347606 0.532272 -0.412327 0.911031 -0.003011 -0.483870 -0.221794 -0.846568
7.891644 -41.864582 -8698.372354 1648.309497 -0.743317 -0.438303 0.505342 -0.501684 0.864964 0.012281 -0.442486 -0.244393 -0.862831
-58.399528 -84.899651 1883.917993 4484.920135 -0.311227 0.732002 0.606061 -0.150470 0.591733 -0.791967 0.938348 0.337676 0.074019
-62.297277 -83.974401 1678.266353 2630.298071 -0.384106 0.764996 0.516956 -0.005724 0.557924 -0.829873 0.923271 0.321718 0.209923
-46.675948 -69.951903 867.839644 3047.970754 -0.520611 0.852875 -0.039605 0.004723 -0.043510 -0.999042 0.853781 0.520300 -0.018624
-55.385934 -78.282880 662.339622 2616.879526 -0.489965 0.857544 0.156691 0.035212 0.199067 -0.979353 0.871030 0.474332 0.127731
-24.790084 -96.377124 4423.479389 5229.124173 -0.162670 0.961784 0.220250 -0.273341 0.170559 -0.946675 0.948063 0.214199 -0.235150
-6.458697 -89.913656 9156.314654 6146.325768 -0.221365 0.923345 0.313738 -0.344053 0.227085 -0.911076 0.912483 0.309623 -0.267411
-11.327109 -87.692158 16138.882259 -7956.533867 -0.272619 0.931144 0.242178 -0.077224 0.229724 -0.970187 0.959018 0.283194 -0.009279
16.550147 -60.071798 3574.388761 -6873.179224 0.004695 0.701427 -0.712726 0.723036 -0.494739 -0.482133 0.690795 0.513063 0.509480
24.897154 -57.263219 -188.615343 -3416.411437 0.188163 0.650446 -0.735877 0.717157 -0.602914 -0.349543 0.671030 0.461968 0.579918
48.610173 -57.272294 11672.089270 2460.419885 0.353440 0.492800 -0.795128 -0.540395 0.801374 0.256462 0.763580 0.339039 0.549544
131.062829 -102.762169 39662.824533 21929.423414 0.270158 0.457019 -0.847436 -0.391532 0.856250 0.336954 0.879612 0.240768 0.410261
11.044549 -21.928516 -2702.213778 1538.822648 -0.289751 0.956327 -0.038512 -0.798076 -0.219201 0.561272 -0.528318 -0.193365 -0.826735
12.816400 -16.818842 -3120.340380 2467.094680 -0.381292 0.923155 0.049004 -0.729921 -0.333162 0.596840 -0.567302 -0.191802 -0.800862
5.969701 -15.176619 -2155.260725 1429.482559 -0.343056 0.939295 -0.006151 -0.757589 -0.272808 0.592988 -0.555312 -0.208088 -0.805188
-0.351616 -8.883774 -331.327308 1316.574707 -0.221988 0.970451 -0.094584 -0.787759 -0.121338 0.603914 -0.574592 -0.208571 -0.791418
1.737804 -14.301814 -431.695038 1701.988136 -0.177831 0.975168 -0.132000 -0.813747 -0.070297 0.576952 -0.553346 -0.210015 -0.806041
5.656966 -18.577151 -1800.762661 2216.846275 -0.175249 0.973768 -0.145132 -0.832191 -0.067746 0.550336 -0.526067 -0.217223 -0.822233
216.612559 -55.838330 95070.025589 4756.698243 -0.599247 0.799588 -0.039522 0.699000 0.546650 0.461056 -0.390260 -0.248661 0.886490
459.958935 -44.615107 -146056.796745 -4455.661380 0.711053 -0.700906 -0.055985 -0.620540 -0.588091 -0.518728 -0.330655 -0.403584 0.853104
588.391750 -65.248850 -185128.927755 3200.529840 0.799993 -0.411238 -0.436915 -0.597034 -0.473152 -0.647826 -0.059683 -0.779109 0.624041
571.185001 -66.887580 210131.011583 2802.030433 -0.597339 0.801428 -0.029997 0.643933 0.501576 0.577730 -0.478055 -0.325784 0.815677
658.916501 -19.348082 -148917.068766 -4350.326414 0.904242 -0.099959 -0.415156 -0.391467 -0.582432 -0.712409 0.170589 -0.806710 0.565790
-6.565067 -50.789674 -650.817337 -1140.960717 -0.094649 0.886877 0.452206 0.839001 -0.173433 0.515750 -0.535835 -0.428216 0.727676
-5.366702 -51.413304 -564.615425 -330.799067 -0.114354 0.884376 0.452552 0.882732 -0.118528 0.454682 -0.455750 -0.451476 0.767112
22.418913 -68.165781 319.048811 10278.741486 -0.175959 0.821488 0.542398 -0.735258 -0.476046 0.482470 -0.654549 0.313908 -0.687770
14.746324 -92.871150 3749.200264 -5369.622218 -0.038498 0.813373 0.580467 0.919143 0.256727 -0.298776 -0.392038 0.522030 -0.757490
22.368762 -77.373094 4946.894682 2708.632489 -0.070328 0.779360 0.622618 -0.719614 -0.471883 0.509394 -0.690804 0.412220 -0.594025
14.320214 -84.433288 4577.279377 6555.154821 -0.014013 0.796047 0.605073 -0.821221 -0.354386 0.447220 -0.570438 0.490632 -0.658697
0.332737 -28.831875 -3442.098872 2530.925604 -0.058938 0.962722 0.263992 0.758437 0.215133 -0.615216 0.649076 -0.163962 0.742844
4.103326 -26.471766 -3635.722012 -149.248970 -0.076281 0.955387 0.285336 0.721551 0.250395 -0.645497 0.688146 -0.156645 0.708461
-2.399021 -28.656093 -3371.309211 -2360.633129 -0.059012 0.963551 0.260937 0.693341 0.227619 -0.683717 0.718190 -0.140570 0.681501
-11.376006 -50.989252 -1463.266678 1219.377390 -0.261029 0.965184 -0.016831 0.965138 0.260589 -0.024537 -0.019297 -0.022649 -0.999557
-13.984250 -53.575244 -1001.243729 -869.549309 -0.345624 0.938257 -0.014750 -0.924858 -0.337946 0.174444 -0.158688 -0.073933 -0.984557
-12.767593 -45.152201 -656.723884 -1505.804730 -0.150737 0.988462 0.014887 -0.987695 -0.151221 0.039880 -0.041671 0.008692 -0.999094
16.674320 -53.229250 -2427.112722 1448.188842 -0.099932 0.963896 0.246816 -0.793931 0.072273 -0.603698 0.599740 0.256283 -0.758044
22.440259 -52.751623 -1486.731466 456.542331 -0.104246 0.939288 0.326912 -0.770468 0.131582 -0.623751 0.628897 0.316899 -0.709974
-5.959327 -282.716635 -757.507202 -12258.193300 0.973359 -0.158159 0.166004 -0.060400 0.521562 0.851073 0.221186 0.838426 -0.498115
-6.209244 -226.303771 -550.178694 -11040.089088 0.971850 -0.123803 0.200451 -0.044542 0.738914 0.672325 0.231352 0.662328 -0.712599
-8.750955 -204.230005 -620.032259 -3386.013636 0.973424 -0.098669 0.206666 0.018226 0.932941 0.359568 0.228286 0.346245 -0.909945
-7.101610 -212.074804 -553.583074 -13918.357464 -0.965794 0.098789 -0.239755 0.067042 0.988279 0.137153 0.250494 0.116388 -0.961097
21.995492 -5.107400 1301.923216 -1021.442770 -0.561297 -0.381445 0.734470 -0.089870 0.910298 0.404081 -0.822721 0.160802 -0.545228
22.266905 -3.604899 -1972.787232 -903.085439 -0.637118 -0.431462 0.638687 -0.131081 0.877221 0.461845 -0.759539 0.210530 -0.615450
20.967678 -7.722475 708.258282 -1226.906954 -0.594195 -0.397047 0.699490 -0.095536 0.898349 0.428769 -0.798627 0.187945 -0.571726
23.648189 -1.381858 1580.296128 -978.954764 -0.552267 -0.400844 0.730975 -0.099041 0.902156 0.419887 -0.827763 0.159493 -0.537931
17.086115 -7.380620 2941.507302 -1829.905194 -0.516512 -0.325479 0.792009 -0.046815 0.934292 0.353420 -0.854999 0.145468 -0.497811
-2.412517 -387.307296 -1845.688393 46207.823076 0.928494 -0.257815 0.267266 -0.107221 0.502941 0.857644 0.355533 0.824974 -0.439334
-6.609467 -428.869635 -1924.571566 19970.601795 0.933036 -0.240884 0.267242 -0.099748 0.540477 0.835425 0.345679 0.806139 -0.480257
-0.910639 -492.602385 -2603.471918 -36365.926596 0.918821 -0.209138 0.334709 -0.309072 0.146120 0.939746 0.245445 0.966908 -0.069619
-56.805014 -72.510031 5636.589669 -6621.470115 -0.098122 0.738523 -0.667050 0.582489 -0.500851 -0.640199 0.806894 0.451367 0.381037
-48.022023 -59.295985 8445.428116 -4364.996650 -0.365333 0.854415 -0.369468 0.595156 -0.090796 -0.798465 0.715767 0.511596 0.475339
-62.137115 -75.568647 -1343.937596 9671.859708 0.421429 0.339963 -0.840728 -0.476190 0.871936 0.113885 0.771778 0.352352 0.529346
-66.833276 -88.251510 -163.203508 7368.104887 0.274946 0.421491 -0.864147 -0.372422 0.875309 0.308441 0.886401 0.237022 0.397635
-14.465858 -41.690579 -688.289424 -331.020385 0.327370 0.868057 0.373237 0.921385 -0.205698 -0.329753 -0.209470 0.451846 -0.867154
-14.700319 -40.560015 -344.358857 -1032.864118 0.335899 0.855143 0.394845 0.898094 -0.164425 -0.407911 -0.283900 0.491625 -0.823229
-15.106728 -41.987611 -105.208108 -818.325544 0.343930 0.844898 0.409707 0.917008 -0.208351 -0.340125 -0.202008 0.492684 -0.846436
24.061232 -99.538570 1577.286713 -3982.161910 0.041198 -0.786750 -0.615895 0.983143 0.141819 -0.115397 0.178134 -0.600759 0.779331
4.034993 -256.172304 -1563.480640 7411.202915 -0.144176 0.965611 0.216354 -0.567924 -0.259789 0.781007 -0.810355 0.010270 -0.585849
6.983191 -292.599715 -1928.472771 -7921.244617 -0.109741 0.970564 0.214390 -0.855006 -0.202171 0.477589 -0.506874 0.130894 -0.852025
3.558016 -231.612987 -1648.146402 -8008.233483 -0.087557 0.979274 0.182634 -0.950037 -0.137228 0.280352 -0.299604 0.148963 -0.942363
-13.406287 -41.194706 -8853.450709 4060.288372 -0.604961 0.728679 0.321013 0.311773 -0.154195 0.937561 -0.732680 -0.667272 0.133900
4.840633 -47.729495 -8525.502418 -2344.985303 -0.553116 0.720602 0.418085 0.390956 -0.218638 0.894064 -0.735674 -0.657974 0.160791
-20.068385 -61.799104 -4576.699424 -10581.277941 -0.574492 0.767576 0.284228 0.305279 -0.121260 0.944511 -0.759450 -0.629383 0.164662
-30.221593 -43.232589 -5476.461802 457.824273 -0.637956 0.769010 0.040452 0.197464 0.112586 0.973824 -0.744326 -0.629244 0.223676
-31.527179 -42.180126 -8129.885575 7008.318971 -0.590977 0.771706 0.234982 0.227892 -0.119714 0.966299 -0.773829 -0.624611 0.105117
7.583354 -9.352485 300.987852 509.862499 0.103002 0.818111 -0.565760 0.863683 -0.355699 -0.357113 0.493399 0.451854 0.743227
4.029256 -49.795238 2389.741328 -478.091047 -0.288043 0.816271 0.500733 0.602909 -0.251667 0.757076 -0.743997 -0.519967 0.419646
-2.753127 -47.469001 2716.973738 -1171.803026 -0.235743 0.799407 0.552607 0.505587 -0.384734 0.772244 -0.829944 -0.461442 0.313471
-15.302873 -65.119072 1462.489239 5458.781293 0.482959 -0.713251 0.507960 0.812173 0.148046 -0.564320 0.327300 0.685096 0.650783
-21.468095 -64.410904 2118.392175 4948.941788 0.506693 -0.675086 0.536211 0.812871 0.166877 -0.558026 0.287234 0.718618 0.633313
-17.429354 -60.975505 1789.376327 -695.721880 0.484990 -0.699265 0.525179 0.860329 0.273761 -0.429987 0.156902 0.660366 0.734370
-10.481474 -67.242033 495.411303 -11806.858105 -0.537672 0.724976 -0.430487 0.766008 0.633366 0.109908 -0.352336 0.270662 0.895880
-10.344653 -72.190151 -1454.969104 -6881.925667 -0.567093 0.734136 -0.373428 0.768218 0.634959 0.081662 -0.297063 0.240564 0.924058
22.729299 -97.792500 9704.950626 -22290.201405 -0.515625 0.753521 0.407844 0.053497 -0.446759 0.893053 -0.855143 -0.482299 -0.190049
48.352067 -123.090191 17044.095371 -121.826472 -0.238240 0.495568 0.835257 -0.274538 0.790580 -0.547368 -0.931596 -0.359715 -0.052296
-8.740337 -102.461094 3618.737720 -5270.309676 -0.419478 0.600523 0.680743 0.441102 -0.520580 0.731044 -0.793390 -0.606934 0.046520
3.821082 -111.864620 2392.908361 -6116.858900 -0.240891 0.381616 0.892379 -0.571970 0.687006 -0.448189 -0.784106 -0.618379 0.052780
0.791793 -51.752558 1899.173672 637.601812 -0.411924 0.750869 -0.516251 0.349076 -0.393295 -0.850567 0.841703 0.530580 0.100103
0.449459 -55.164095 741.070393 596.359214 -0.422037 0.772923 -0.473788 0.472868 -0.258208 -0.842451 0.773486 0.579585 0.256517
-14.749783 -66.328507 1787.179387 -6398.201141 -0.071492 -0.498309 0.864047 0.417966 0.771573 0.479561 -0.905645 0.395427 0.153115
-19.672740 -56.051971 1307.796735 -4382.691577 -0.153735 -0.527211 0.835712 0.364917 0.755684 0.543854 -0.918260 0.388575 0.076213
-16.403129 -46.947042 1858.271771 1817.585662 0.388886 -0.697808 0.601525 0.677259 -0.226102 -0.700142 0.624570 0.679663 0.384668
-14.273081 -47.651814 1241.529787 -185.794216 0.415318 -0.709487 0.569333 0.753861 -0.081842 -0.651917 0.509122 0.699951 0.500864
-9.854657 -55.980901 2661.659795 704.285485 0.403588 -0.758843 0.511149 0.783537 -0.001810 -0.621343 0.472427 0.651271 0.593851
-0.545784 -53.054468 1212.516331 458.916283 -0.591548 0.579014 -0.561082 0.739982 0.113560 -0.662971 -0.320153 -0.807370 -0.495636
84.551381 -36.551783 -11638.256112 311.363067 -0.081142 0.996477 -0.021216 0.976326 0.075183 -0.202816 0.200506 0.037171 0.978987
79.907345 -43.138849 -15156.864580 564.388348 0.425206 -0.746898 0.511217 0.905076 0.347128 -0.245639 0.006010 0.567138 0.823601
120.704859 -43.870111 -35038.606100 -258.012982 0.370909 -0.728727 0.575659 0.927409 0.258378 -0.270468 0.048360 0.634191 0.771663
49.981414 -42.426076 -6185.378928 499.346254 0.455240 -0.768408 0.449784 0.882821 0.455188 -0.115889 -0.115686 0.449836 0.885587
-4.063179 -164.873862 1810.375710 -1080.013186 -0.340977 0.493094 -0.800371 0.695785 -0.440146 -0.567587 -0.632154 -0.750420 -0.193008
73.610850 -612.883734 39703.903756 -124949.945390 0.163378 0.322378 -0.932405 0.964414 0.146956 0.219796 0.207880 -0.935134 -0.286897
-122.005752 -446.610018 -17044.674037 -160982.141284 0.930275 0.216747 -0.295989 -0.363214 0.430643 -0.826209 0.051613 -0.876109 -0.479342
100.544520 -1523.429226 93158.508958 -163534.226641 0.967908 0.181232 -0.174097 -0.210255 0.963452 -0.165991 -0.137651 -0.197268 -0.970638
2.926156 -160.118120 -1262.922200 -8332.064734 -0.261861 0.693638 -0.671040 0.542791 -0.469065 -0.696675 0.798002 0.546667 0.253671
4.833305 -159.189952 403.558646 -4460.627865 -0.276553 0.651162 -0.706758 0.630054 -0.432465 -0.644985 0.725638 0.623668 0.290668
-0.179794 -154.398988 1060.001535 -801.049456 -0.293095 0.655019 -0.696452 0.340095 -0.609370 -0.716243 0.893550 0.446787 0.044166
-0.886070 -151.916133 -1106.179655 1803.416743 -0.251285 0.702093 -0.666274 0.191008 -0.638855 -0.745238 0.948879 0.314531 -0.026429
-15.188032 -34.280261 499.801285 -1759.080260 0.150498 0.879979 0.450541 -0.476693 -0.334659 0.812876 -0.866091 0.337105 -0.369114
-11.672513 -31.180110 1347.204968 -1778.016373 0.228716 0.902416 0.365151 -0.497832 -0.213914 0.840478 -0.836572 0.374014 -0.400326
-9.935856 -34.050722 -1015.154845 -2359.410883 -0.104594 0.991250 0.080521 0.113260 -0.068566 0.991197 -0.988045 -0.112793 0.105097
-12.918846 -32.226677 -1103.642897 -1956.779919 -0.079087 0.987989 0.132751 0.072490 -0.127116 0.989235 -0.994229 -0.087858 0.061566
-15.221508 -34.658562 -1333.453167 -1783.892388 -0.051782 0.988156 0.144452 0.102408 -0.138630 0.985035 -0.993394 -0.065800 0.094017
3.978492 -55.429996 1120.834681 -1232.206549 -0.591852 0.706965 -0.387184 0.452746 0.688988 0.565965 -0.666883 -0.159672 0.727855
2.025174 -57.533547 886.944737 -1558.008846 -0.572096 0.736466 -0.361005 0.515888 0.665290 0.539676 -0.637625 -0.122508 0.760543
1.188236 -61.239410 1335.594298 -3650.493226 -0.564689 0.741590 -0.362176 0.550221 0.665367 0.504522 -0.615129 -0.085621 0.783764
-6.820842 -34.515206 -6320.418865 950.969528 -0.738315 -0.413600 0.532754 -0.349842 0.910177 0.221783 -0.576630 -0.022634 -0.816692
-10.233220 -840.224411 26.010454 255729.607187 -0.457973 0.656213 0.599704 0.882860 0.414672 0.220464 -0.104009 0.630421 -0.769253
7.818669 -394.715292 4812.723448 111307.506885 -0.280831 0.741718 0.609088 0.954632 0.281373 0.097508 -0.099057 0.608838 -0.787086
7.631463 -323.356337 5879.838418 97796.409818 -0.351737 0.707417 0.613060 0.932357 0.206245 0.296941 0.083621 0.676036 -0.732109
-43.009502 -79.058963 -3470.988309 -1497.822998 -0.233762 0.824141 0.515895 0.001752 0.530952 -0.847400 0.972292 0.197186 0.125560
57.295390 -36.976215 -4017.844900 3117.262803 0.702313 0.053327 -0.709868 0.605539 -0.569036 0.556346 0.374272 0.820582 0.431933
60.594183 -58.088181 -4087.665429 7134.481135 0.700163 0.055154 -0.711849 0.640908 -0.487939 0.592581 0.314656 0.871134 0.376986
62.521791 -57.018454 -2029.350164 7553.266910 -0.593633 0.152413 0.790171 0.621875 -0.536316 0.570646 0.510755 0.830142 0.223593
52.614706 -44.480118 -7909.276658 4573.917993 0.732100 0.191510 -0.653723 0.634104 -0.542214 0.551286 0.248881 0.818124 0.518392
65.613299 -36.971538 -3331.395162 2236.126363 0.664976 -0.151795 -0.731276 0.534648 -0.586925 0.608006 0.521496 0.795285 0.309134
38.256998 -31.112121 -4795.131278 2243.069464 0.679572 0.225560 -0.698072 0.655267 -0.614491 0.439348 0.329859 0.755992 0.565393
43.994212 -24.396033 -2891.771826 1178.254652 0.707216 0.001821 -0.706995 0.546099 -0.636517 0.544630 0.449023 0.771260 0.451150
23.665411 -2.921021 -1518.924375 12315.578580 -0.433791 0.874286 0.217827 -0.555532 -0.449863 0.699291 -0.709373 -0.182336 -0.680840
17.914897 -22.013912 -1200.007562 3050.848687 -0.366932 0.922681 0.118409 -0.711972 -0.360473 0.602624 -0.598713 -0.136819 -0.789192
21.167323 -22.940241 -1437.230438 4246.387074 -0.401724 0.897530 0.181821 -0.651725 -0.419685 0.631758 -0.643329 -0.135295 -0.753540
-18.272110 -52.864627 -289.231247 510.828376 -0.859706 0.323841 0.395010 0.086066 0.854114 -0.512915 -0.503486 -0.406959 -0.762158
-19.395262 -50.802284 -828.612593 338.398220 -0.832917 0.282435 0.475899 -0.003265 0.857435 -0.514582 -0.553388 -0.430158 -0.713250
-21.621655 -50.302467 -1125.436800 884.129276 -0.836334 0.312893 0.450159 0.101628 0.895383 -0.433545 -0.538718 -0.316840 -0.780638
-13.920950 -50.875807 1772.695164 -929.917213 0.853403 -0.317770 -0.413190 -0.010456 0.782092 -0.623075 -0.521148 -0.536054 -0.664117
-20.055217 -52.110021 -274.222879 1005.026152 -0.843558 0.366722 0.392331 0.195248 0.889981 -0.412083 -0.500287 -0.271014 -0.822353
-19.440368 -53.981101 1248.249916 391.967920 -0.848729 0.408788 0.335486 0.246514 0.867083 -0.432895 -0.467857 -0.284708 -0.836691
-16.489046 -54.533698 -197.124610 -664.762049 -0.853760 0.445774 0.269034 0.240967 0.796332 -0.554788 -0.461551 -0.408828 -0.787293
-6.464370 -49.792781 -165.672304 -2315.296068 -0.060759 0.891241 0.449443 0.779787 -0.238697 0.578753 -0.623089 -0.385634 0.680475
-0.238259 -172.879163 -236.358094 17456.735049 0.071950 0.965848 0.248919 -0.103304 0.255440 -0.961290 0.992044 -0.043450 -0.118155
1.626175 -204.694065 -603.004202 12467.671448 0.081297 0.960716 0.265359 0.244260 0.238917 -0.939817 0.966296 -0.141221 0.215241
0.331541 -178.275491 127.418121 17214.602873 0.051006 0.972617 0.226746 -0.123298 0.231438 -0.965005 0.991058 -0.021264 -0.131726
2.337289 -183.429815 -232.664691 5519.089189 0.060702 0.961089 0.269489 0.291425 0.241159 -0.925697 0.954666 -0.134727 0.265446
11.334417 -21.489483 8886.772835 -877.194135 -0.321349 0.941045 0.105682 0.698462 0.310900 -0.644587 0.639442 0.133322 0.757192
10.687535 -24.820292 10121.380856 -3520.707666 -0.297413 0.953024 0.057364 0.692485 0.256688 -0.674222 0.657275 0.160799 0.736297
28.335559 -19.689728 10264.285896 -2711.676462 -0.269119 0.960915 0.064935 0.697994 0.241051 -0.674314 0.663611 0.136147 0.735584
-5.449333 -25.417261 4403.432888 -3951.723324 -0.288740 0.950500 0.114804 0.697900 0.291045 -0.654392 0.655412 0.108827 0.747390
32.455331 -16.271376 7975.075981 553.026924 -0.310043 0.935053 0.171902 0.679861 0.344449 -0.647414 0.664577 0.083857 0.742499
