10988
21960
-51.143574 -78.074155 -485.352721 6269.144866 0.623279 0.078657 0.778033 0.781567 -0.029601 -0.623118 -0.025982 0.996462 -0.079925
-33.826198 -77.479662 2991.190670 -10357.893920 0.701506 -0.066738 0.709532 -0.695580 0.152566 0.702062 0.155104 0.986037 -0.060604
-41.318305 -62.966999 -609.535863 7985.099086 0.539770 0.034997 0.841085 0.824355 -0.224399 -0.519696 0.170550 0.973869 -0.149974
-30.416575 -57.137100 3381.292016 9120.817317 0.638860 -0.104276 0.762223 0.701114 -0.328944 -0.632642 0.316698 0.938575 -0.137039
-44.047952 -64.886382 -890.385711 5475.823963 0.248367 0.171605 0.953345 0.966447 -0.110474 -0.231895 0.065526 0.978952 -0.193285
-33.043689 -49.769674 135.887220 5109.945804 0.172575 0.158320 0.972190 0.952461 -0.278400 -0.123736 0.251068 0.947327 -0.198838
21.891808 -29.121977 7544.055047 1514.647475 -0.100060 0.459838 -0.882348 -0.622730 0.662695 0.415984 0.776012 0.591088 0.220045
29.082613 -27.329637 8841.733839 468.572091 -0.081934 0.449022 -0.889756 -0.674566 0.632199 0.381162 0.733653 0.631430 0.251096
12.369640 -27.910190 3922.034044 2182.260020 -0.082315 0.440303 -0.894068 -0.634484 0.668662 0.387713 0.768540 0.599186 0.224325
9.277494 -32.666382 2153.274386 2652.559701 -0.091648 0.447282 -0.889685 -0.584434 0.699224 0.411732 0.806249 0.557697 0.197324
4.733162 -32.879093 -318.137135 2704.943485 -0.080047 0.424983 -0.901655 -0.587583 0.710573 0.387083 0.805195 0.560782 0.192833
4.575223 -27.003503 511.882600 2384.582862 -0.085486 0.426406 -0.900483 -0.638772 0.670151 0.377978 0.764632 0.607515 0.215088
1.917002 -143.746687 -1720.886208 562.732518 0.693991 0.622032 -0.362564 0.011896 0.493597 0.869609 -0.719886 0.607814 -0.335152
3.539437 -138.155789 2066.649053 -5476.111880 -0.684416 -0.630658 0.365850 -0.193346 0.640817 0.742947 -0.702988 0.437749 -0.560521
9.673846 -155.044847 -1796.847748 1601.717899 0.699114 0.632416 -0.333602 -0.139586 0.578309 0.803788 -0.701253 0.515373 -0.492580
-6.527730 -64.665254 367.650316 -394.791175 -0.011492 -0.392035 0.919879 0.979894 -0.187669 -0.067739 0.199189 0.900605 0.386309
-6.214860 -62.603083 295.050861 1494.259772 -0.045783 -0.378970 0.924276 0.899497 -0.418102 -0.126873 0.434522 0.825574 0.360024
-7.583562 -62.020621 113.635650 -37.534895 -0.010630 -0.359774 0.932979 0.975054 -0.210605 -0.070104 0.221712 0.908960 0.353038
-7.623724 -61.427935 135.411615 -1290.346582 0.023199 -0.366194 0.930249 0.999723 0.012129 -0.020157 -0.003901 0.930460 0.366374
14.738132 -103.775760 1174.708188 -9610.621894 -0.174402 0.564780 -0.806602 0.285320 0.812999 0.507568 0.942431 -0.141619 -0.302931
17.892493 -92.071913 1379.955835 -6996.200894 -0.197891 0.536678 -0.820254 0.454776 0.791558 0.408185 0.868342 -0.292256 -0.400710
17.334777 -95.787498 82.371518 -11784.296165 -0.122825 0.518923 -0.845951 0.348507 0.820671 0.452816 0.929224 -0.239202 -0.281647
-0.166034 -87.097062 111.068021 -8928.626702 0.157955 -0.499678 0.851688 0.926616 0.373058 0.047018 -0.341223 0.781761 0.521936
-1.806023 -105.444272 249.949447 -9705.582440 0.154070 -0.498387 0.853154 0.980078 0.186621 -0.067973 -0.125340 0.846630 0.517211
0.129843 -87.317743 30.460062 -8391.610798 0.180686 -0.489718 0.852953 0.921848 0.386630 0.026701 -0.342853 0.781469 0.521304
0.738569 -72.918785 0.722228 -3788.312050 0.163266 -0.500998 0.849909 0.851232 0.507031 0.135361 -0.498746 0.701370 0.509247
1.190620 -87.636866 -341.135875 -7536.176057 0.203676 -0.475557 0.855781 0.917900 0.396806 0.002044 -0.340551 0.785106 0.517334
1.538375 -74.738267 -177.496493 -3296.928260 0.178834 -0.494291 0.850703 0.847849 0.516098 0.121639 -0.499170 0.699514 0.511380
0.209014 -75.409726 214.845015 -1167.623711 0.066676 -0.448170 0.891458 0.891153 0.428602 0.148821 -0.448778 0.784503 0.427965
-1.317780 -67.614232 44.590223 -2057.446640 0.073120 -0.440805 0.894620 0.798162 0.563712 0.212521 -0.597989 0.698513 0.393052
-0.641250 -68.856436 342.653028 -3146.634426 0.098401 -0.435867 0.894616 0.764103 0.609027 0.212680 -0.637545 0.662651 0.392976
-0.200789 -78.112254 305.755328 -2685.564221 0.091262 -0.445157 0.890790 0.860669 0.485220 0.154304 -0.500918 0.752594 0.427415
0.428895 -83.215194 97.750282 -626.929442 0.043443 -0.454204 0.889838 0.957846 0.272107 0.092130 -0.283977 0.848326 0.446878
20.655167 -63.548061 -1305.407763 -8305.294665 -0.302326 0.119101 0.945735 0.930850 -0.176725 0.319824 0.205226 0.977028 -0.057436
21.338981 -53.457005 -2547.825587 -4774.002467 -0.396183 0.111543 0.911371 0.906741 -0.108608 0.407462 0.144432 0.987807 -0.058112
16.136856 -42.680900 -600.448625 -6774.031614 -0.406512 0.109837 0.907019 0.912078 -0.009343 0.409911 0.053498 0.993906 -0.096382
13.509359 -28.903748 -315.856771 -5306.160286 -0.527498 0.098575 0.843818 0.848769 0.103894 0.518456 -0.036561 0.989691 -0.138471
11.192822 -30.610991 -1110.239204 -5624.542501 -0.392866 0.168486 0.904029 0.918781 0.030559 0.393582 0.038687 0.985230 -0.166807
15.590276 -47.222993 -207.616221 -7171.302041 -0.285457 0.153913 0.945952 0.947731 -0.101476 0.302504 0.142551 0.982860 -0.116901
17.765706 -34.001964 500.606180 -5948.125635 -0.530727 0.074920 0.844225 0.846213 0.102607 0.522871 -0.047450 0.991897 -0.117855
48.496605 -84.460317 -5132.429735 11938.298361 -0.428920 -0.012871 0.903251 0.653775 -0.694437 0.300558 0.623383 0.719438 0.306273
59.312416 -62.794511 10586.774843 -10773.925973 0.438714 -0.005316 -0.898611 -0.538937 0.798629 -0.267841 0.719080 0.601800 0.347505
70.716444 -73.730687 -10547.962116 15236.042293 -0.507486 -0.034193 0.860981 0.584609 -0.747714 0.314890 0.633001 0.663139 0.399445
75.341743 -47.479541 9221.189520 -6672.885565 0.595263 0.079603 -0.799578 -0.514985 0.801641 -0.303583 0.616809 0.592482 0.518182
-9.043440 -300.209937 -918.605305 57107.175376 0.645360 0.646097 -0.407516 0.112172 0.447543 0.887199 -0.755598 0.618275 -0.216352
-7.600022 -175.788633 363.873494 7916.932823 0.628447 0.619107 -0.470916 0.401284 0.260582 0.878105 -0.666353 0.740813 0.084676
-5.191315 -199.037935 1596.977459 20097.969349 0.658385 0.606789 -0.445350 0.252259 0.379579 0.890104 -0.709151 0.698374 -0.096841
-8.978407 -161.708386 -59.066441 16460.459999 0.620096 0.638199 -0.456271 0.269431 0.372976 0.887860 -0.736810 0.673492 -0.059330
-6.496060 -302.350835 1099.108515 34751.293180 0.655794 0.617495 -0.434320 0.008677 0.569101 0.822222 -0.754890 0.542977 -0.367855
-11.755036 -339.359564 503.027085 61065.574089 0.646586 0.662662 -0.377897 -0.225976 0.639531 0.734803 -0.728603 0.389717 -0.563257
-11.196937 -259.895756 -1212.645569 45047.747164 0.637746 0.657475 -0.401256 -0.000240 0.521114 0.853487 -0.770247 0.544212 -0.332496
-2.786867 -133.840566 2391.649741 1679.403640 0.795991 0.513692 -0.320186 0.106050 0.402432 0.909287 -0.595947 0.757739 -0.265855
-6.422264 -131.203375 -591.466728 -2761.964562 0.780814 0.554767 -0.287338 0.220255 0.185959 0.957553 -0.584651 0.810958 -0.023009
-1.288252 -143.444060 2209.307184 -9940.508076 0.786775 0.523319 -0.327295 0.246720 0.219421 0.943919 -0.565786 0.823403 -0.043521
-9.863542 -302.615371 -5127.214748 -1865.077719 0.591381 0.743366 -0.312532 0.799559 -0.590888 0.107502 -0.104758 -0.313462 -0.943805
-8.989513 -232.277007 -5556.389058 -578.291423 0.592612 0.726772 -0.347294 0.797835 -0.588914 0.128997 -0.110775 -0.353528 -0.928842
1.840955 -210.708002 -2543.031196 24438.667636 0.736286 0.604624 -0.303830 -0.674243 0.617530 -0.405035 0.057270 -0.503077 -0.862342
-17.762075 -37.674177 1431.501735 842.724002 0.058164 0.383976 -0.921509 0.973038 0.184565 0.138321 0.223190 -0.904709 -0.362888
-16.386743 -40.418530 692.973000 2435.630993 0.216403 0.389033 -0.895446 0.969015 0.026278 0.245599 0.119076 -0.920849 -0.371292
-16.832906 -41.487806 865.780715 1725.225922 0.112508 0.414417 -0.903106 0.969742 0.152383 0.190735 0.216662 -0.897239 -0.384733
-21.086415 -40.545048 2725.169839 -510.210088 -0.424298 0.546194 -0.722249 0.636120 0.747438 0.191543 0.644456 -0.378165 -0.664581
-14.020744 -41.239521 4323.452206 -882.620495 -0.485144 0.538261 -0.689137 0.642652 0.753912 0.136436 0.592987 -0.376684 -0.711671
-16.044708 -42.839292 4467.645040 -352.247726 -0.512347 0.498178 -0.699514 0.537702 0.821212 0.191018 0.669610 -0.278262 -0.688617
-22.822742 -41.977634 2929.314449 -494.975697 -0.465034 0.487246 -0.739145 0.520855 0.825705 0.216611 0.715859 -0.284256 -0.637766
-26.664480 -41.231440 372.141430 -282.398002 -0.353514 0.548048 -0.758070 0.572358 0.767721 0.288115 0.739888 -0.332034 -0.585080
-13.143615 -33.872140 144.498843 -138.465078 -0.162488 0.078201 -0.983607 0.248736 0.967907 0.035863 0.954844 -0.238831 -0.176725
-9.942318 -33.463176 1138.930035 -300.054750 -0.193039 0.183018 -0.963971 0.197909 0.969520 0.144440 0.961025 -0.162896 -0.223376
-12.497707 -36.709060 153.259278 -377.572878 -0.129749 0.136141 -0.982156 0.133849 0.983868 0.118696 0.982471 -0.116060 -0.145878
-12.806415 -38.115796 -517.495335 27.207650 -0.077987 0.058376 -0.995244 0.211308 0.976571 0.040722 0.974303 -0.207127 -0.088495
-11.872622 -38.675071 205.550267 -642.928276 -0.113797 0.185666 -0.976001 -0.005432 0.982252 0.187488 0.993489 0.026637 -0.110768
-12.799263 -40.630108 -415.398332 -432.463944 -0.047177 0.129889 -0.990406 0.062702 0.989939 0.126841 0.996917 -0.056117 -0.054847
33.908807 -800.998490 -1035.501701 192950.021894 -0.190288 0.458460 -0.868104 0.918516 0.395315 0.007433 0.346582 -0.795953 -0.496326
24.517514 -561.156822 -3107.491720 114747.451181 -0.155026 0.362164 -0.919132 0.948999 0.313137 -0.036679 0.274531 -0.877942 -0.392237
33.256914 -557.820412 -2049.098932 117143.153976 -0.149117 0.385711 -0.910490 0.683603 0.705513 0.186918 0.714459 -0.594541 -0.368877
39.988491 -540.030321 -1655.371151 125069.066190 -0.099333 0.460620 -0.882022 0.828000 0.529865 0.183463 0.551859 -0.712090 -0.434026
38.319387 -406.167113 -4146.717284 44073.932417 -0.123579 0.429085 -0.894770 0.992327 0.056967 -0.109734 0.003887 -0.901466 -0.432833
35.362868 -451.335449 2437.972447 99012.128006 0.245204 0.524684 0.815219 0.912625 0.158787 -0.376699 -0.327094 0.836357 -0.439905
27.296679 -439.065837 -2506.651864 98751.089636 0.124560 0.496027 0.859326 0.983036 -0.179206 -0.039050 0.134626 0.849613 -0.509935
37.886989 -340.989676 705.501722 66865.897618 0.178425 0.442854 0.878661 0.980659 -0.153046 -0.122000 0.080447 0.883435 -0.461596
28.433935 -277.736387 -615.831868 3383.317779 0.133688 0.445181 0.885404 0.894473 0.330445 -0.301205 -0.426668 0.832238 -0.354026
35.037877 -290.115313 -5156.157665 29161.707330 0.120037 0.409330 0.904456 0.984534 0.068021 -0.161449 -0.127608 0.909847 -0.394834
16.654798 -1350.509571 -6113.764990 389837.623174 0.144155 0.369269 0.918074 0.929825 -0.367995 0.002016 0.338591 0.853358 -0.396404
-42.017456 -243.365404 -6649.540474 -76351.112423 0.419731 -0.134164 0.897678 0.143533 0.986382 0.080309 -0.896228 0.095139 0.433271
-31.375277 -135.351614 3868.718917 -33191.943635 0.569807 -0.218929 0.792080 0.336203 0.941610 0.018400 -0.749858 0.255815 0.610140
-102.767773 -994.582031 21007.463726 -297821.835879 0.721703 -0.081561 0.687381 0.067577 0.996592 0.047299 -0.688896 0.012316 0.724756
-159.377386 -1500.563715 -23795.395452 -396398.827558 0.461829 -0.021368 0.886712 0.147027 0.987724 -0.052774 -0.874698 0.154744 0.459301
-42.011820 -83.880375 2938.957171 -4003.708360 0.957934 0.043264 -0.283707 0.280253 -0.353915 0.892302 0.061804 0.934276 0.351152
-40.819095 -86.446953 4588.238357 1816.915359 0.980177 -0.038946 -0.194257 0.138403 -0.566980 0.812021 0.141764 0.822810 0.550351
-27.161973 -80.745058 6048.741515 739.512250 0.960973 -0.128190 -0.245151 0.156113 -0.480299 0.863100 0.228387 0.867687 0.441542
-32.849837 -79.526221 4701.200440 -3433.088445 0.935834 -0.057791 -0.347671 0.313868 -0.312067 0.896717 0.160319 0.948301 0.273904
-12.679994 -71.998511 7068.543821 5132.749476 0.950789 -0.244952 -0.189733 0.018330 -0.566819 0.823639 0.309296 0.786585 0.534435
-12.032306 -73.297438 7198.506628 154.012869 0.937603 -0.207156 -0.279262 0.176356 -0.408861 0.895394 0.299665 0.888774 0.346816
-22.716096 -75.646428 7164.809900 -2793.681727 0.935947 -0.149341 -0.318905 0.254531 -0.338920 0.905730 0.243346 0.928887 0.279200
83.860899 -44.438478 19703.039727 1701.892030 0.876747 0.316670 -0.361987 -0.052303 -0.685406 -0.726281 0.478099 -0.655697 0.584365
119.970470 -40.404552 26857.347284 339.602051 0.837075 0.328175 -0.437728 0.019445 0.781754 0.623284 0.546742 -0.530247 0.648006
23.768612 -45.589422 9500.457106 183.828097 0.841097 0.132072 -0.524511 -0.275434 -0.729995 -0.625494 0.465501 -0.670570 0.577620
-8.603121 -100.104102 2483.512689 -1454.230137 -0.122855 -0.463056 -0.877773 0.187016 0.857825 -0.478708 0.974644 -0.222969 -0.018790
-1.798748 -91.074285 1702.532190 540.094121 -0.121033 -0.459965 -0.879649 0.143542 0.868740 -0.474011 0.982215 -0.183638 -0.039122
-7.516860 -95.172086 2433.577311 6362.986966 -0.120571 -0.434114 -0.892753 -0.054825 0.900853 -0.430648 0.991190 -0.002978 -0.132418
81.497027 -40.226256 16105.993106 4953.543432 0.140008 -0.360484 -0.922198 0.173789 0.925860 -0.335530 0.974780 -0.113291 0.192276
74.050281 -37.822734 18237.223200 -2106.770895 0.170742 -0.398275 -0.901235 0.194092 0.910339 -0.365527 0.966010 -0.112512 0.232736
31.825058 -43.824643 7268.195723 2928.968802 -0.007562 -0.546768 -0.837250 0.164832 0.825139 -0.540348 0.986293 -0.142092 0.083885
763.240271 -113.371385 208451.508141 15720.549493 0.381977 -0.080767 -0.920636 0.096576 0.994208 -0.047151 0.919112 -0.070900 0.387564
42.611180 -51.050874 7521.440721 7392.814086 0.016198 -0.465321 -0.884994 0.192183 0.870055 -0.453949 0.981225 -0.162728 0.103520
88.674926 -40.494163 14993.370009 4565.474266 0.238556 -0.347783 -0.906718 0.260488 0.922375 -0.285254 0.935541 -0.168141 0.310631
-7.962521 -154.873878 -62.690032 2663.372323 0.060966 0.968979 0.239504 0.954434 0.013634 -0.298111 0.292129 -0.246765 0.923995
-6.961761 -147.362890 651.766858 751.807500 0.054378 0.975812 0.211742 0.962929 0.004864 -0.269710 0.264216 -0.218559 0.939373
-8.225327 -148.076095 340.993656 -8365.167030 -0.057958 -0.968721 -0.241289 0.997592 -0.046976 -0.051024 0.038094 -0.243665 0.969111
-9.230223 -161.818984 812.473875 -8113.600775 -0.074799 -0.954186 -0.289712 0.994836 -0.051417 -0.087508 0.068603 -0.294762 0.953105
-9.732144 -162.957152 76.086791 6081.850631 0.081921 0.960695 0.265244 0.917135 0.031495 -0.397330 0.390066 -0.275815 0.878507
-12.596351 -70.911673 119.799848 -1427.308846 0.013595 0.932861 0.359979 0.532456 -0.311478 0.787066 -0.846349 -0.180973 0.500942
-11.111987 -77.762940 -878.049482 -2571.320509 -0.075295 0.947346 0.311232 0.551575 -0.220453 0.804466 -0.830720 -0.232240 0.505934
-7.595735 -90.690512 -573.333317 -8702.338359 -0.018171 0.935869 0.351880 0.661531 -0.252638 0.706082 -0.749698 -0.245610 0.614515
-9.400825 -73.541255 1076.618944 -4436.976663 0.051917 0.931050 0.361180 0.617181 -0.314245 0.721345 -0.785107 -0.185463 0.590941
-9.986683 -74.091620 1478.411831 -2324.183156 0.092726 0.921650 0.376781 0.553094 -0.362337 0.750199 -0.827942 -0.138832 0.543357
1.034755 -58.507017 193.573182 -848.644543 -0.041018 -0.612865 -0.789122 0.955539 0.206751 -0.210239 0.291999 -0.762660 0.577136
1.189437 -62.978152 58.627819 -725.429473 -0.022748 -0.611856 -0.790642 0.894476 0.340778 -0.289453 0.446537 -0.713795 0.539539
0.226444 -60.917527 260.486980 -321.399685 -0.055429 -0.615130 -0.786475 0.956541 0.193133 -0.218471 0.286282 -0.764405 0.577692
-12.817839 -105.408492 2371.802755 -4744.102943 -0.102339 -0.504991 -0.857036 0.413419 0.762038 -0.498381 0.904772 -0.405319 0.130786
-9.516674 -101.335028 2810.274696 -6287.246003 -0.136311 -0.494577 -0.858378 0.412217 0.759577 -0.503110 0.900831 -0.422417 0.100335
-12.914187 -105.835262 1877.913983 -2329.864237 -0.080885 -0.485000 -0.870766 0.222699 0.842749 -0.490081 0.971526 -0.233559 0.039843
-11.364221 -101.557353 2883.987957 -3814.968900 -0.136281 -0.520580 -0.842867 0.569858 0.654761 -0.496538 0.810364 -0.547983 0.207425
-13.610924 -113.410726 -684.297449 -732.734832 -0.017674 -0.500740 -0.865417 0.251233 0.835559 -0.488594 0.967765 -0.226057 0.111035
-11.983211 -110.071030 -344.368594 -5477.581191 -0.038656 -0.524353 -0.850623 0.470615 0.741385 -0.478403 0.881491 -0.418809 0.218109
-14.220259 -55.351860 -103.306037 -16.202590 -0.317714 0.895444 0.311829 0.068691 -0.306268 0.949464 -0.945695 -0.323078 -0.035797
-15.210867 -51.553302 -221.870479 382.316041 -0.358002 0.868492 0.342865 0.041635 -0.351989 0.935078 -0.932792 -0.349035 -0.089854
-13.752830 -49.176541 -745.488893 119.135253 -0.386885 0.907127 0.165653 0.136579 -0.121290 0.983176 -0.911957 -0.403001 0.076969
-14.360353 -56.258378 -612.796664 -310.406790 -0.342545 0.918841 0.195943 0.194123 -0.134839 0.971666 -0.919227 -0.370877 0.132179
-10.571041 -56.387590 -2032.134893 -1040.637750 -0.412818 0.910482 0.024568 0.258810 0.091398 0.961594 -0.873269 -0.403322 0.273373
-6.258750 -44.572826 -2830.609402 -720.635260 -0.451828 0.888310 -0.082201 0.183809 0.182865 0.965803 -0.872964 -0.421268 0.245903
-5.968022 -37.764719 -2555.574034 -189.504656 -0.469066 0.875586 -0.115441 0.102998 0.184056 0.977504 -0.877137 -0.446624 0.176518
-0.953879 -844.890590 4018.973236 224016.665880 0.186382 -0.890721 -0.414583 0.960937 0.253148 -0.111879 0.204604 -0.377536 0.903108
-3.128680 -308.363772 -8628.887947 82870.169411 -0.113381 0.877377 0.466214 0.899384 0.290033 -0.327093 0.422201 -0.382219 0.821982
100.563184 -5202.337816 -4340.805145 1828573.181487 -0.306302 0.844358 0.439590 0.722576 0.506859 -0.470084 0.619729 -0.173650 0.765364
-26.996834 -445.303511 4192.496131 117793.326047 -0.308286 0.885906 0.346600 0.677101 0.460267 -0.574185 0.668202 -0.057670 0.741741
12.093829 -44.529026 -3699.793286 366.333313 -0.196070 0.357432 -0.913126 0.696949 -0.604257 -0.386180 -0.689796 -0.712121 -0.130635
11.209307 -45.877782 606.590570 354.754221 -0.186759 0.400393 -0.897110 0.700379 -0.586094 -0.407386 -0.688905 -0.704400 -0.170968
11.708922 -45.500669 -819.838488 1201.897272 -0.214713 0.394596 -0.893416 0.776575 -0.485779 -0.401187 -0.592309 -0.779945 -0.202130
13.140993 -45.861782 2093.048856 851.813128 -0.207870 0.417687 -0.884493 0.747440 -0.515465 -0.419081 -0.630970 -0.748220 -0.205046
12.097311 -44.815326 -1830.492070 238.314985 -0.164516 0.388443 -0.906668 0.770537 -0.523245 -0.363988 -0.615798 -0.758503 -0.213227
9.471030 -45.549809 -2604.993422 466.898065 -0.207185 0.382155 -0.900573 0.819529 -0.434933 -0.373103 -0.534272 -0.815347 -0.223075
11.312157 -44.966920 1837.365236 1528.786539 -0.189941 0.416827 -0.888920 0.826058 -0.421478 -0.374146 -0.530614 -0.805365 -0.264267
6.635543 -45.455033 -1660.297929 522.069425 -0.215755 0.395564 -0.892737 0.831203 -0.405367 -0.380499 -0.512398 -0.824140 -0.241334
-19.123667 -50.905516 1948.549934 6425.544492 0.898366 0.015626 0.438969 -0.292267 -0.724765 0.623936 -0.327899 0.688819 0.646537
-25.094830 -49.514734 -1448.357483 -2081.990895 0.907481 0.159979 0.388438 -0.238141 -0.565824 0.789387 -0.346073 0.808857 0.475377
-22.297386 -47.656231 -803.867495 4634.111322 0.897660 0.181559 0.401551 -0.162925 -0.709902 0.685196 -0.409466 0.680496 0.607670
-20.360515 -44.144996 27.571253 3585.774521 0.901006 0.369069 0.227985 0.064863 -0.634251 0.770402 -0.428931 0.679348 0.595403
-11.467104 -23.111918 2191.916409 8807.915705 0.899013 0.116641 0.422102 -0.148317 -0.825812 0.544092 -0.412040 0.551751 0.725116
-13.687275 -40.205575 3246.949513 7951.745207 0.871654 -0.029981 0.489203 -0.313266 -0.801713 0.509039 -0.376939 0.596957 0.708208
-10.345275 -25.519594 -624.795841 -556.603951 0.000791 -0.156538 0.987672 -0.662348 0.739878 0.117795 -0.749196 -0.654276 -0.103098
-9.399137 -27.640641 -321.330043 -868.046527 -0.038617 -0.087707 0.995398 -0.598060 0.800055 0.047293 -0.800520 -0.593481 -0.083349
-8.143064 -28.645109 292.994417 -947.420512 -0.000854 -0.169303 0.985564 -0.597360 0.790482 0.135274 -0.801973 -0.588621 -0.101809
-9.036812 -31.262619 779.562799 -1174.718148 -0.004447 -0.203261 0.979114 -0.577633 0.799774 0.163407 -0.816284 -0.564842 -0.120967
-9.270856 -27.128865 207.027211 -789.514823 0.035498 -0.232028 0.972061 -0.653492 0.730514 0.198235 -0.756100 -0.642271 -0.125697
-1.271670 -274.982316 37.579339 47592.799526 0.198366 0.703215 0.682744 -0.394681 -0.580302 0.712374 -0.897150 0.410777 -0.162433
6.397224 -302.677315 449.739906 41332.731289 0.201245 0.682208 0.702917 -0.709708 -0.393050 0.584659 -0.675141 0.616526 -0.405069
4.496444 -247.860071 1753.312587 31084.588242 0.226802 0.670879 0.706033 -0.429626 -0.581665 0.690715 -0.874061 0.459986 -0.156305
-120.150421 -606.141652 20179.744471 -162852.418831 -0.499427 0.774129 0.388968 0.538119 -0.074675 0.839554 -0.678970 -0.628607 0.379279
-41.693195 -230.330743 7667.115115 -50604.361754 -0.485678 0.825114 0.288626 0.519637 0.007012 0.854358 -0.702919 -0.564923 0.432165
-51.085346 -94.450347 19085.044155 -14448.172053 -0.377343 -0.144360 -0.914752 0.682448 -0.711057 -0.169301 -0.626001 -0.688155 0.366831
-106.385207 -362.993646 43758.750920 -79131.350352 -0.379089 -0.003863 -0.925352 0.758389 -0.574283 -0.308292 -0.530223 -0.818648 0.220634
-749.844710 -852.229063 196379.557043 -210163.031014 -0.331730 -0.142468 -0.932554 0.740754 -0.651456 -0.163979 -0.584156 -0.745190 0.321641
-39.942868 -79.724416 2419.288716 2585.499348 0.676250 -0.027870 0.736145 0.733616 0.116408 -0.669520 -0.067034 0.992810 0.099167
-18.210947 -77.381760 8639.247957 1655.236189 0.661971 -0.189402 0.725205 0.745474 0.065857 -0.663273 0.077865 0.979689 0.184790
-17.387601 -77.111573 6611.224919 13173.398672 0.671460 -0.177295 0.719520 0.676340 -0.250164 -0.692807 0.302829 0.951832 -0.048064
54.658627 -34.213118 8492.243706 95.568565 -0.016774 0.515865 -0.856506 -0.727965 0.580921 0.364140 0.685409 0.629614 0.365787
39.212747 -28.086650 -12853.968366 -647.702647 0.055950 -0.410666 0.910068 0.732676 -0.602326 -0.316843 0.678274 0.684512 0.267185
37.888306 -31.684938 8407.830304 -227.955810 -0.101928 0.524706 -0.845159 -0.610855 0.637534 0.469475 0.785154 0.564122 0.255536
9.095204 -139.044873 3259.760696 -3295.893160 -0.672653 -0.646182 0.360537 -0.324991 0.695721 0.640588 -0.664770 0.313722 -0.677982
3.587752 -136.888551 2003.068722 -6052.443374 -0.691447 -0.625265 0.361863 -0.363002 0.733780 0.574279 -0.624605 0.265727 -0.734342
-5.007940 -65.547634 484.616266 1343.571644 -0.045644 -0.406062 0.912705 0.907291 -0.399175 -0.132220 0.418018 0.822054 0.386636
-4.369867 -60.627538 412.666563 2600.262473 -0.081932 -0.383984 0.919698 0.776009 -0.603624 -0.182888 0.625378 0.698709 0.347431
-5.299293 -57.332858 242.277087 2286.223801 -0.088685 -0.353160 0.931350 0.768317 -0.619314 -0.161678 0.633896 0.701233 0.326263
11.382333 -94.033557 -189.045702 1151.133331 -0.061410 0.490821 -0.869094 -0.061038 0.867261 0.494099 0.996245 0.083390 -0.023300
11.370594 -98.146491 -654.792593 3066.491628 -0.080287 0.536212 -0.840257 -0.126220 0.830723 0.542188 0.988748 0.149588 0.000985
14.771720 -96.463030 -862.836308 -7860.782233 -0.067926 0.505400 -0.860208 0.166656 0.855833 0.489670 0.983673 -0.110097 -0.142361
-1.394773 -107.184682 115.811479 -10372.961094 0.130220 -0.500804 0.855709 0.983333 0.175683 -0.046822 -0.126885 0.847544 0.515334
-1.408417 -60.917090 -65.113165 -2921.287607 0.092171 -0.422086 0.901858 0.654748 0.708067 0.264472 -0.750206 0.566113 0.341623
-1.493165 -61.537847 -335.379109 -2617.990183 0.074751 -0.421007 0.903972 0.712628 0.656661 0.246898 -0.697549 0.625740 0.349107
22.279723 -52.751381 -2022.281167 -2995.230480 -0.511642 0.028336 0.858731 0.859178 0.023855 0.511121 -0.006002 0.999314 -0.036551
22.628576 -72.835859 1476.645591 -6753.647610 -0.496412 -0.084261 0.863988 0.865945 0.021810 0.499663 -0.060945 0.996205 0.062138
23.075469 -49.160658 -230.984472 -2828.757136 -0.614195 -0.036826 0.788295 0.774981 0.160325 0.611311 -0.148895 0.986377 -0.069931
43.182352 -65.075384 6932.308600 -9968.793808 0.357758 -0.051233 -0.932408 -0.529185 0.811566 -0.247637 0.769397 0.582011 0.263232
56.952531 -47.206416 9617.736866 -1655.162657 0.474998 0.034860 -0.879296 -0.497083 0.835157 -0.235416 0.726144 0.548905 0.414026
-6.233300 -167.274943 2235.461334 -1799.294942 0.653434 0.568530 -0.499797 0.483743 0.194230 0.853386 -0.582251 0.799405 0.148106
-5.524453 -180.376179 -67.190548 -14477.611457 0.623841 0.583368 -0.520100 0.612261 0.048822 0.789147 -0.485756 0.810739 0.326716
-5.211432 -145.584682 -600.320802 -4298.404238 0.595837 0.599185 -0.534749 0.529966 0.206939 0.822382 -0.603419 0.773404 0.194245
-4.357578 -144.203929 -156.323275 -9743.318803 0.745904 0.580160 -0.327173 0.381856 0.029980 0.923735 -0.545723 0.813951 0.199176
4.104287 -46.512452 3041.082239 -1190.231948 0.600365 0.702605 -0.381979 -0.589875 0.066528 -0.804749 0.540008 -0.708463 -0.454390
9.250593 -51.540807 527.853767 -1917.500390 0.622217 0.654772 -0.429092 -0.580446 0.018083 -0.814098 0.525289 -0.755610 -0.391311
6.943301 -44.468262 3003.062940 558.585504 0.539114 0.692186 -0.479827 0.573112 0.115976 0.811229 0.617170 -0.712339 -0.334176
4.391901 -41.267299 1787.289587 108.519227 0.552210 0.698323 -0.455422 0.586673 0.062637 0.807398 0.592351 -0.713037 -0.375099
2.632364 -41.950840 2664.593258 434.565199 0.587095 0.703214 -0.401011 0.588406 -0.030484 0.807991 0.555965 -0.710325 -0.431672
-49.779086 -167.739714 -1587.093048 -9055.250515 0.546723 0.805317 -0.229256 0.836125 -0.510504 0.200701 0.044592 -0.301415 -0.952450
-49.742916 -294.142993 1745.537294 -60216.866650 0.562532 0.786128 -0.256047 -0.805842 0.590581 0.042804 -0.184866 -0.182255 -0.965716
2265.759868 -4322.303978 453599.581985 -978195.189129 -0.077695 0.833187 -0.547506 0.945043 0.236481 0.225765 0.317580 -0.499876 -0.805771
-10.551185 -30.941695 1211.764818 -341.484583 -0.211754 0.162769 -0.963673 0.305295 0.947707 0.092988 0.928416 -0.274514 -0.250373
30.032764 -480.748600 -9507.875554 103131.833404 -0.099186 0.219004 -0.970670 0.686230 0.721459 0.092655 0.720590 -0.656912 -0.221846
19.815118 -43.825498 -28.255862 -2329.947861 0.591435 0.165431 0.789200 0.275003 0.878669 -0.390275 -0.758009 0.447854 0.474182
17.094230 -43.936272 -9613.404887 13997.681881 0.503535 0.153748 0.850185 0.343947 0.867029 -0.360502 -0.792561 0.473944 0.383698
22.826135 -99.961263 -27037.578204 -28955.961468 0.300628 0.180751 0.936457 0.180634 0.953315 -0.241994 -0.936480 0.241906 0.253944
23.335405 -101.970097 -2547.782265 -50568.785500 0.465407 0.007524 0.885065 0.212491 0.969769 -0.119982 -0.859211 0.243909 0.449738
-51.397084 -90.295332 2917.034180 -3820.775003 0.970345 0.105168 -0.217646 0.241709 -0.412416 0.878345 -0.002613 0.904905 0.425606
-51.884540 -91.087519 3620.402990 1825.275051 0.981718 0.105332 -0.158539 0.189903 -0.598452 0.778326 0.012895 0.794204 0.607514
-11.914757 -46.183705 2029.359443 -68.602571 0.818546 -0.090408 -0.567282 -0.493102 -0.617169 -0.613150 0.294675 -0.781619 0.549762
-22.701848 -47.394676 -135.228951 85.446136 0.736907 -0.232804 -0.634642 -0.660569 -0.447400 -0.602894 0.143583 -0.863502 0.483475
-12.146412 -46.409168 2649.550799 218.157526 0.849452 -0.020331 -0.527275 -0.461001 -0.514770 -0.722834 0.256730 -0.857087 0.446645
0.669885 -55.271608 895.675642 -143.057132 0.315843 0.602773 0.732740 -0.517195 0.756827 -0.399653 -0.795458 -0.252741 0.550789
3.261596 -54.290835 956.434876 -269.788364 0.319049 0.596022 0.736862 -0.648916 0.704041 -0.288504 -0.690736 -0.386114 0.611392
3.845297 -53.985517 898.439735 -35.688766 0.315823 0.596876 0.737560 -0.506425 0.763402 -0.400937 -0.802365 -0.246894 0.543373
-10.622824 -116.973755 522.554305 -1895.244138 0.112387 0.295473 0.948718 0.959984 0.214186 -0.180429 -0.256514 0.931032 -0.259578
-6.521430 -115.333989 944.263487 -11670.435329 0.149249 0.286006 0.946533 0.822366 0.495616 -0.279426 -0.549034 0.820101 -0.161232
-10.802734 -121.924759 2132.224586 -2912.159296 0.119134 0.220277 0.968135 0.956335 0.236648 -0.171526 -0.266891 0.946296 -0.182466
-8.806021 -111.447163 -2784.173105 -5821.116828 0.102312 0.379890 0.919356 0.929970 0.291541 -0.223962 -0.353111 0.877888 -0.323458
-12.214134 -119.341981 810.251267 8913.009145 0.072472 0.286308 0.955393 0.994681 -0.091044 -0.048169 0.073192 0.953802 -0.291383
-11.563883 -112.478449 -1919.175048 4381.376407 0.090731 0.364352 0.926831 0.995875 -0.032086 -0.084877 -0.001187 0.930708 -0.365760
-4.196817 -146.489829 1642.925702 -1224.923374 0.056700 0.982216 0.178988 0.972488 -0.013762 -0.232544 0.225945 -0.187249 0.955974
-4.696292 -145.341582 792.296481 3747.591748 0.072156 0.978027 0.195592 0.871747 0.033441 -0.488815 0.484615 -0.205778 0.850179
-0.931231 -151.437792 1116.414883 2919.090275 0.070013 0.981395 0.178780 0.900769 0.014809 -0.434047 0.428619 -0.191428 0.882973
-5.554711 -135.989172 1475.514515 5497.440039 0.064200 0.979743 0.189692 0.692309 0.093177 -0.715561 0.718740 -0.177264 0.672302
-1.858298 -147.358700 257.174673 6768.525276 0.089024 0.975979 0.198846 0.722978 0.074002 -0.686897 0.685112 -0.204911 0.699023
-15.106682 -76.478070 1103.060266 4509.713595 0.099117 0.897294 0.430162 0.249657 -0.440888 0.862142 -0.963248 -0.021940 0.267715
-10.789720 -72.657647 1539.248520 1716.008390 0.125368 0.897934 0.421897 0.415632 -0.433671 0.799487 -0.900851 -0.075123 0.427579
-10.251870 -73.185024 2294.072778 2721.489539 0.163905 0.884066 0.437679 0.281378 -0.467146 0.838213 -0.945495 0.014234 0.325324
-11.378895 -79.223151 2622.255462 4768.297287 0.174344 0.874182 0.453221 0.133247 -0.476982 0.868754 -0.975628 0.091072 0.199641
-20.317347 -89.109558 1398.457239 5084.710009 0.071311 0.896362 0.437551 0.013271 -0.439481 0.898154 -0.997366 0.058241 0.043235
-19.157646 -76.723087 1039.595938 2780.953965 0.043385 0.921040 0.387045 0.239921 -0.385678 0.890893 -0.969822 -0.054209 0.237710
-16.288757 -79.996453 1056.984405 3984.930558 0.110338 0.891916 0.438533 0.102443 -0.449083 0.887598 -0.988601 0.053011 0.140922
1.787175 -48.196109 61.015971 -379.837173 -0.134490 -0.626040 -0.768106 0.990870 -0.092331 -0.098240 -0.009418 -0.774305 0.632742
1.388019 -52.089498 262.648566 -259.305904 -0.136270 -0.614627 -0.776958 0.990272 -0.106787 -0.089207 -0.028140 -0.781556 0.623200
2.003913 -48.545225 -56.173274 408.759509 -0.200508 -0.616312 -0.761548 0.966793 -0.250204 -0.052060 -0.158457 -0.746697 0.646014
1.655549 -44.912426 -154.259078 511.363331 -0.196812 -0.626826 -0.753893 0.971683 -0.227252 -0.064720 -0.130755 -0.745283 0.653802
1.820064 -44.840009 -28.322370 -607.331769 -0.127401 -0.636624 -0.760578 0.991820 -0.075668 -0.102799 0.007893 -0.767453 0.641056
-6.219185 -95.289783 2177.966095 -2615.429729 -0.146486 -0.537505 -0.830440 0.545247 0.656584 -0.521156 0.825377 -0.529137 0.196893
-5.433538 -123.386637 330.026444 319.094675 0.067431 0.957122 0.281727 0.229429 0.259928 -0.937977 0.970987 -0.127885 0.202064
-4.332676 -106.293788 969.119591 2184.637670 0.057156 0.965076 0.255658 0.200062 0.239811 -0.949982 0.978115 -0.105445 0.179368
-6.180573 -114.872116 -158.526667 -313.605571 0.068469 0.941701 0.329410 -0.065119 0.333699 -0.940428 0.995526 -0.042940 -0.084171
-16.383514 -57.159751 964.520207 1229.600026 -0.324892 0.849355 0.415982 -0.065753 -0.459064 0.885966 -0.943462 -0.260491 -0.204995
-6.935562 -398.489981 -10333.313747 -87774.308579 0.495458 0.868242 0.026008 0.327312 -0.158877 -0.931464 0.804604 -0.470014 0.362903
10.552962 -490.060562 -7451.495366 -133039.581397 0.392721 0.909160 0.138557 0.472266 -0.070090 -0.878665 0.789136 -0.410506 0.456891
15.650028 -734.226911 -9271.241731 -194604.149635 0.417583 0.905117 0.079922 -0.070946 0.120168 -0.990215 0.905865 -0.407827 -0.114394
-17.725596 -150.851089 -4174.033736 -34510.571761 0.403020 0.913843 -0.049652 0.649767 -0.323921 -0.687661 0.644498 -0.244879 0.724332
-109.953741 -2011.424638 8064.279495 -459636.938610 0.442181 0.896162 -0.037008 -0.345976 0.132353 -0.928861 0.827512 -0.423529 -0.368575
-106.646433 -3597.044773 -19488.248212 -984259.071335 0.404295 0.913029 0.054059 0.331404 -0.091147 -0.939076 0.852477 -0.397579 0.339432
-20.942942 -434.689283 -2606.574168 -96310.461402 0.290792 0.956249 0.032065 0.731256 -0.200511 -0.651966 0.617013 -0.213034 0.757570
10.704036 -46.790983 -4067.672995 986.611213 0.170452 -0.431959 0.885639 -0.631839 0.641779 0.434625 -0.756125 -0.633664 -0.163536
-21.720582 -51.890718 2637.298676 -2174.892242 0.903647 -0.025298 0.427531 -0.362722 -0.575985 0.732581 -0.227718 0.817069 0.529663
-14.424650 -24.945852 -1132.344706 -429.215174 -0.100878 -0.003580 0.994892 -0.665912 0.743207 -0.064847 -0.739179 -0.669052 -0.077357
23.747246 -98.147562 2909.297605 -1148.392598 0.177528 0.241516 0.954020 0.983515 -0.077415 -0.163418 0.034388 0.967304 -0.251278
23.894872 -110.004871 -421.779896 3112.643261 0.142359 0.344312 0.928000 0.965251 0.159282 -0.207171 -0.219145 0.925245 -0.309672
21.768216 -94.755995 -1745.304462 1131.121854 0.167984 0.409770 0.896588 0.985353 -0.096853 -0.140350 0.029326 0.907033 -0.420038
8.857383 -279.040550 -391.001696 23650.903433 0.169965 0.708518 0.684919 0.955025 0.052944 -0.291761 -0.242980 0.703704 -0.667654
8.851034 -225.765999 648.372418 3475.114157 0.187080 0.662712 0.725130 0.910869 0.159394 -0.380673 -0.367858 0.731714 -0.573824
7.588522 -307.417004 382.515349 -27418.707020 0.202620 0.697448 0.687394 0.775331 0.314523 -0.547664 -0.598169 0.643926 -0.477025
7.347872 -199.742040 -66.237795 -10247.433817 0.195568 0.670635 0.715543 0.807460 0.303968 -0.505581 -0.556563 0.676647 -0.482065
5.052167 -238.034361 341.411414 24797.308696 0.205295 0.701082 0.682890 -0.582957 -0.472872 0.660722 -0.786140 0.533738 -0.311622
-13.068458 -374.135812 5731.526443 -92227.986232 -0.474864 0.855385 0.206932 0.553867 0.107750 0.825604 -0.683912 -0.506663 0.524936
-20.565056 -103.022943 6625.755051 -15615.840918 -0.340866 0.865127 0.367921 0.556346 -0.129841 0.820744 -0.757819 -0.484455 0.437052
-21.413129 -67.443107 -842.900290 -9277.519619 0.119076 0.604864 0.787376 -0.700195 0.613403 -0.365326 -0.703952 -0.507815 0.496565
-23.898609 -60.307947 -8837.991944 -448.756687 0.362887 0.306982 0.879815 -0.690094 0.722996 0.032370 -0.626165 -0.618902 0.474213
-54.368625 -80.739800 -2051.034567 799.775814 0.583756 0.092743 0.806615 0.772982 0.240518 -0.587069 -0.248452 0.966204 0.068715
-50.818427 -76.325316 2.302169 3307.398815 0.294569 0.200426 0.934376 0.939600 0.117594 -0.321440 -0.174303 0.972626 -0.153681
-53.938929 -80.905259 -1829.615604 1834.441584 0.472465 0.169825 0.864833 0.843589 0.197007 -0.499546 -0.255214 0.965581 -0.050184
49.552767 -33.281931 -13086.284186 978.518689 0.025013 -0.382188 0.923746 0.763504 -0.589180 -0.264440 0.645318 0.711898 0.277065
12.806512 -148.480670 638.260589 -609.547544 -0.727519 -0.619300 0.295271 -0.380326 0.722225 0.577705 -0.571025 0.307992 -0.760968
11.622917 -136.911623 -690.431393 2772.403318 0.720539 0.626089 -0.298055 -0.208507 0.605571 0.767990 -0.661323 0.491220 -0.566881
8.911887 -131.226436 -621.698484 1569.917692 0.718306 0.622491 -0.310710 -0.030430 0.474280 0.879848 -0.695061 0.622545 -0.359621
-6.667899 -63.594867 426.080409 -1501.829761 0.024649 -0.398386 0.916887 0.999257 0.036989 -0.010791 -0.029616 0.916472 0.399002
-5.294453 -67.352973 629.553503 -838.551586 -0.011870 -0.419983 0.907454 0.984646 -0.162972 -0.062546 0.174158 0.892779 0.415469
10.253858 -83.184065 -171.012271 11533.166908 -0.117290 0.556939 -0.822230 -0.451959 0.707299 0.543563 0.884294 0.435369 0.168754
11.776255 -97.447057 -171.145362 6349.471705 -0.114759 0.557608 -0.822133 -0.196370 0.798537 0.569015 0.973791 0.226742 0.017859
9.590759 -89.582181 -578.106099 10420.355680 -0.087207 0.547863 -0.832010 -0.398265 0.746369 0.533215 0.913116 0.377861 0.153106
10.837246 -93.280688 62.645643 9533.065776 -0.143952 0.570312 -0.808716 -0.270272 0.763500 0.586533 0.951962 0.303006 0.044232
8.317225 -70.243695 -682.912416 9239.621074 -0.086496 0.549122 -0.831254 -0.595774 0.640233 0.484928 0.798481 0.537184 0.271775
8.014078 -64.912001 210.902657 7295.448846 -0.128084 0.550906 -0.824680 -0.618633 0.605549 0.500603 0.775169 0.574294 0.263247
8.927845 -75.640939 -98.566741 9351.432074 -0.152330 0.565720 -0.810405 -0.491762 0.667881 0.558664 0.857301 0.483627 0.176462
0.019656 -87.074293 -43.307506 -9589.372301 0.137320 -0.500131 0.854992 0.928963 0.364586 0.064065 -0.343759 0.785459 0.514669
-0.711952 -108.472423 44.142522 -11015.638657 0.111283 -0.504484 0.856219 0.984673 0.172401 -0.026400 -0.134295 0.846034 0.515937
0.373551 -71.804078 -82.254006 -4311.696400 0.150011 -0.499760 0.853075 0.853645 0.500767 0.143255 -0.498785 0.706733 0.501739
0.218223 -71.733786 -142.797247 -4819.364462 0.145763 -0.493764 0.857292 0.853674 0.500721 0.143247 -0.499995 0.710968 0.494500
0.219971 -87.426454 -53.495051 -10194.516616 0.124599 -0.502080 0.855799 0.928978 0.362009 0.077129 -0.348531 0.785408 0.511527
-1.200990 -60.971444 339.920106 -3595.472492 0.114813 -0.425336 0.897723 0.617595 0.738385 0.270856 -0.778071 0.523332 0.347461
-1.214833 -69.257883 367.642574 -4343.331812 0.126504 -0.428464 0.894659 0.724445 0.656009 0.211736 -0.677626 0.621346 0.393386
-1.992480 -56.803349 475.424147 1077.120780 -0.100334 0.210395 -0.972454 0.861668 -0.470296 -0.190655 -0.497455 -0.857062 -0.134104
-0.618895 -54.830759 800.844189 926.950657 -0.055141 0.198024 -0.978645 0.945918 -0.303451 -0.114699 -0.319684 -0.932043 -0.170582
-3.362346 -59.261563 -290.313420 668.599010 -0.126080 0.197976 -0.972064 0.873186 -0.442890 -0.203457 -0.470798 -0.874445 -0.117030
-11.380801 -416.172094 9263.035253 54446.430184 0.712948 0.623567 -0.320732 0.164143 0.296278 0.940891 -0.681734 0.723453 -0.108877
10.115127 -48.270189 1749.853270 730.193250 0.549021 0.662275 -0.509870 0.556529 0.165464 0.814185 0.623579 -0.730762 -0.277733
10.033444 -53.672236 -1191.919988 -2209.322757 0.604252 0.621029 -0.499201 -0.538297 -0.143749 -0.830405 0.587466 -0.770493 -0.247437
5.518564 -58.950834 4642.161011 -2683.927975 -0.149645 -0.218541 -0.964285 -0.601429 0.794212 -0.086663 0.784787 0.566980 -0.250287
16.621076 -55.085152 5365.665897 -4108.957043 -0.145480 -0.191954 -0.970561 -0.514806 0.852418 -0.091422 0.844873 0.486351 -0.222828
16.782232 -62.378132 4968.515571 -1183.065415 -0.122843 -0.206648 -0.970673 -0.694598 0.716489 -0.064630 0.708832 0.666289 -0.231553
5.592786 -62.161732 -3883.049450 -166.574364 0.118437 0.230180 0.965914 0.746338 -0.662256 0.066304 0.654945 0.713045 -0.250227
-12.649780 -45.983701 -52.943758 631.866516 0.103541 0.490717 -0.865145 0.988548 0.045239 0.143969 0.109786 -0.870144 -0.480413
-13.723209 -44.754587 350.919443 2056.164608 0.113181 0.452741 -0.884430 0.977994 0.106257 0.179548 0.175266 -0.885288 -0.430752
-13.050267 -45.157943 493.240065 -264.813658 0.177772 0.462050 -0.868854 0.983817 -0.063348 0.167606 0.022402 -0.884588 -0.465834
-14.145593 -31.173716 118.910876 -381.131318 -0.206036 0.023170 -0.978270 0.343813 0.937695 -0.050202 0.916156 -0.346685 -0.201165
-11.222017 -29.240454 1488.263130 -408.007242 -0.232308 0.158335 -0.959668 0.391597 0.918386 0.056730 0.890328 -0.362624 -0.275352
-13.364504 -35.123498 -546.309148 -159.950121 -0.145127 -0.048115 -0.988242 0.337015 0.936684 -0.095097 0.930247 -0.346853 -0.119722
-15.085055 -32.604958 -801.632991 -217.018522 -0.222417 -0.148140 -0.963631 0.401612 0.886714 -0.229011 0.888391 -0.437942 -0.137725
-15.326742 -29.657606 215.024401 -197.290574 -0.242775 0.002187 -0.970080 0.407943 0.907509 -0.100047 0.880138 -0.420027 -0.221213
16.620349 -490.877511 8406.045490 149927.646374 -0.042085 0.391839 -0.919071 0.524836 0.791416 0.313382 0.850162 -0.469173 -0.238958
22.669453 -200.451310 1753.474680 5735.959806 -0.084093 0.436078 -0.895971 0.506043 0.793268 0.338596 0.858399 -0.424926 -0.287383
31.977967 -273.886025 2250.190927 49382.905751 -0.098717 0.523513 -0.846280 0.621377 0.696688 0.358492 0.777268 -0.490470 -0.394074
19.976865 -312.787266 453.801807 -42291.907498 0.123376 0.435910 0.891494 0.638588 0.652766 -0.407556 -0.759594 0.619580 -0.197832
