17096
34176
-36.132462 -52.616908 -193.720740 -5353.404938 0.767396 -0.333392 0.547680 0.590980 0.036478 -0.805861 -0.248689 -0.942082 -0.225021
-33.262158 -56.312977 1589.788597 -4334.362256 0.837308 -0.348324 0.421408 0.495904 0.159319 -0.853638 -0.230205 -0.923736 -0.306134
-42.874191 -65.151372 559.702080 -2620.667178 -0.652560 0.377561 -0.656973 0.749358 0.192979 -0.633421 -0.112373 -0.905653 -0.408858
-31.937476 -48.003822 78.499835 -4905.184331 0.900287 -0.392217 0.188810 0.272782 0.170316 -0.946881 -0.339226 -0.903968 -0.260323
-39.843476 -78.037943 792.107366 -8499.095630 -0.446620 0.327157 -0.832766 0.881418 0.000956 -0.472336 -0.153731 -0.944970 -0.288789
-34.576336 -64.378854 -132.835300 -11226.491573 -0.511118 0.245352 -0.823748 0.823214 -0.135829 -0.551243 -0.247137 -0.959871 -0.132552
-28.024639 -40.789950 474.592648 -5471.230425 0.847298 -0.309920 0.431319 0.439842 -0.045743 -0.896909 -0.297700 -0.949661 -0.097558
-27.895602 -38.574184 -1213.750374 -2116.711069 0.928991 -0.348021 -0.125926 -0.055991 0.204173 -0.977332 -0.365842 -0.914984 -0.170189
25.318541 -59.121144 1492.749727 -3277.792289 0.021387 0.168622 -0.985449 0.802044 0.585572 0.117605 0.596881 -0.792889 -0.122719
18.326675 -80.376292 1404.909060 -13053.525853 -0.041581 0.046609 -0.998047 0.764132 0.645057 -0.001712 0.643718 -0.762712 -0.062437
17.678207 -72.189620 1113.993962 -9689.235820 -0.042203 0.115147 -0.992452 0.739886 0.671130 0.046403 0.671408 -0.732342 -0.113519
13.247288 -96.898312 398.302790 -15168.979679 -0.085121 -0.016788 -0.996229 0.639782 0.765581 -0.067566 0.763828 -0.643121 -0.054426
28.849364 -56.628273 -469.410181 -3673.796613 0.045832 0.268476 -0.962196 0.790733 0.578852 0.199178 0.610443 -0.769969 -0.185763
16.454927 -78.434331 -1925.568221 -8359.422166 -0.059240 0.068238 -0.995909 0.623809 0.781404 0.016434 0.779328 -0.620284 -0.088858
20.901879 -61.851815 -0.271225 -6727.141721 -0.018933 0.193752 -0.980868 0.730356 0.672661 0.118774 0.682804 -0.714134 -0.154244
-37.859963 -57.677181 2349.635783 -5360.336586 0.793112 -0.317573 0.519732 0.156153 0.930811 0.330465 -0.588719 -0.180938 0.787827
-34.991400 -58.398295 1351.270265 -4149.168276 0.830058 -0.363761 0.422708 0.240636 0.917409 0.316947 -0.503089 -0.161365 0.849036
-38.421533 -69.960250 2544.777455 -6366.774789 0.837295 -0.258106 0.481994 0.194456 0.964499 0.178687 -0.511003 -0.055887 0.857760
0.366076 -100.737164 977.626721 786.314053 0.209566 0.933619 0.290583 -0.845302 0.322358 -0.426086 0.491474 0.156337 -0.856745
0.519463 -101.708929 1218.568025 272.190949 0.198186 0.934654 0.295201 -0.930138 0.274327 -0.244107 0.309137 0.226200 -0.923725
3.392630 -99.522904 685.756131 592.267671 0.189228 0.943712 0.271295 -0.933799 0.258390 -0.247495 0.303664 0.206502 -0.930132
4.651543 -10.140880 1582.996737 102.109204 0.318087 0.581394 0.748867 -0.358505 0.805003 -0.472698 -0.877664 -0.118114 0.464493
2.911506 -9.637342 147.197942 -716.856182 0.273852 0.628600 0.727919 -0.365278 0.768120 -0.525894 -0.889706 -0.121876 0.439965
1.928180 -14.989710 1283.682864 2053.943907 0.239833 0.744331 0.623258 0.401220 -0.660598 0.634533 -0.884026 -0.097882 0.457074
5.191131 -8.564487 -189.187116 706.233292 0.310707 0.502476 0.806833 -0.332574 0.852661 -0.402944 -0.890424 -0.143134 0.432039
-0.993510 -14.367877 2069.685018 -929.574330 0.271204 0.701344 0.659215 -0.398859 0.705201 -0.586177 -0.875991 -0.103960 0.470990
6.164848 -10.690950 1063.763509 1078.734463 0.362417 0.439960 0.821638 -0.324857 0.885917 -0.331088 -0.873568 -0.146922 0.463996
2.095166 -12.425726 2266.472823 802.165632 0.359535 0.522376 0.773212 -0.352076 0.843317 -0.406027 -0.864163 -0.126249 0.487118
2.483878 -22.066709 7422.049313 -5189.550427 0.108658 0.376638 -0.919966 0.515118 0.770171 0.376152 0.850204 -0.514763 -0.110327
-5.280008 -34.178808 6616.428551 -4559.865269 0.120099 0.408921 -0.904633 0.431098 0.799350 0.418563 0.894277 -0.440254 -0.080284
-16.337541 -23.763069 8395.937387 6117.380026 0.259114 0.644207 -0.719623 -0.444480 -0.581952 -0.681007 0.857495 -0.496316 -0.135545
7.407728 -31.708988 2674.003778 -3674.197576 0.119284 0.297633 -0.947199 0.444339 0.837137 0.319006 0.887882 -0.458930 -0.032392
0.276296 -13.514957 -1549.106029 6298.456300 0.447542 0.809945 -0.379071 -0.328664 -0.245252 -0.912048 0.831677 -0.532767 -0.156439
14.985811 -22.018228 1580.774665 -4287.163315 0.121531 0.242389 -0.962537 0.523911 0.807975 0.269617 0.843058 -0.537051 -0.028796
14.091816 -8.736669 5562.184365 -3546.349074 0.183795 0.427438 -0.885165 0.536073 0.711216 0.454750 0.823921 -0.558093 -0.098420
0.377187 -36.154286 -101.065423 -330.443696 0.916759 -0.352395 0.188073 -0.120290 -0.692544 -0.711276 -0.380899 -0.629445 0.677285
0.758380 -37.708148 -114.726656 -994.307656 0.919962 -0.326363 0.217156 -0.030186 -0.611293 -0.790828 -0.390843 -0.720977 0.572218
-0.231523 -37.874513 -334.758667 -239.102773 0.910151 -0.369162 0.188003 -0.123691 -0.675261 -0.727134 -0.395381 -0.638547 0.660251
-0.877963 -38.668431 -375.678835 579.023876 0.898439 -0.410147 0.156803 -0.223648 -0.734745 -0.640415 -0.377874 -0.540305 0.751852
-0.421470 -36.952947 -1.045563 543.394532 0.910356 -0.382004 0.159139 -0.208187 -0.755110 -0.621665 -0.357646 -0.532806 0.766947
9.162713 -91.406137 1575.571470 4104.215662 0.426529 -0.386386 0.817789 0.688534 -0.447597 -0.570594 0.586509 0.806451 0.075127
6.531952 -88.202825 1006.152424 1435.514783 0.488802 -0.435976 0.755644 0.676281 -0.357810 -0.643906 0.551105 0.825771 0.119944
16.714928 -89.421665 748.444829 -4184.160177 0.448724 -0.381986 0.807919 0.814293 -0.197714 -0.545744 0.368203 0.902771 0.222329
15.186835 -89.266534 1007.288258 -1666.929583 0.393496 -0.317088 0.862911 0.805037 -0.334408 -0.489987 0.443933 0.887483 0.123680
-3.217027 -76.467622 135.480279 -4681.460712 -0.448781 0.224913 -0.864876 -0.198789 0.918436 0.341992 0.871251 0.325407 -0.367466
-5.224582 -85.741265 168.823477 -2361.627583 -0.456713 0.242588 -0.855899 -0.393575 0.807727 0.438949 0.797817 0.537335 -0.273423
-3.623179 -81.377000 -165.532446 -5653.237113 -0.442228 0.287618 -0.849535 -0.171945 0.902432 0.395034 0.880266 0.320769 -0.349626
-2.025705 -67.642101 -68.767459 -5726.848556 -0.439948 0.243941 -0.864256 0.017149 0.964505 0.263507 0.897859 0.101108 -0.428516
-1.350803 -66.380233 115.612733 -4986.037322 -0.443397 0.196173 -0.874594 -0.026765 0.972422 0.231686 0.895926 0.126138 -0.425919
13.352837 -63.928708 17225.424851 5983.307108 0.019189 0.863430 0.504103 0.965560 -0.146852 0.214774 0.259471 0.482621 -0.836512
26.399880 -46.732612 9324.487413 -3677.047061 0.140329 0.861520 0.487946 -0.904343 0.312159 -0.291069 0.403079 0.400425 -0.822914
11.499271 -51.325219 17202.669461 -3435.955599 0.172446 0.823285 0.540799 -0.878923 0.376471 -0.292856 0.444699 0.424819 -0.788525
-6.310703 -23.710328 -573.435609 3073.551180 -0.044371 0.318319 -0.946945 0.139635 0.940549 0.309627 0.989208 -0.118488 -0.086182
-7.629727 -18.289927 -41.746325 1679.083678 -0.054286 0.325373 -0.944026 0.089702 0.943187 0.319925 0.994488 -0.067314 -0.080388
-2.988491 -23.485471 -1494.479073 2475.062783 -0.006023 0.395094 -0.918621 0.149640 0.908650 0.389825 0.988722 -0.135114 -0.064595
-1.982708 -29.757497 -1470.533895 2740.041068 -0.002829 0.400415 -0.916329 0.223746 0.893355 0.389685 0.974643 -0.203923 -0.092119
-5.589442 -30.841835 -780.851537 2738.411132 -0.035297 0.356073 -0.933791 0.223996 0.913420 0.339838 0.973951 -0.197170 -0.112000
5.193373 -84.494997 -237.822393 -7152.777765 0.252470 0.941477 0.223340 -0.236798 0.283916 -0.929149 0.938182 -0.181696 -0.294620
5.422372 -70.218329 -93.263672 -9606.103184 0.242870 0.949725 0.197579 -0.085313 0.223800 -0.970894 0.966300 -0.218945 -0.135378
4.717266 -80.787689 -168.802508 -7253.310805 0.240828 0.942187 0.232992 -0.244369 0.291186 -0.924929 0.939301 -0.165813 -0.300367
5.532410 -90.915310 132.554648 -3182.632481 0.235056 0.940922 0.243750 -0.419982 0.324477 -0.847543 0.876564 -0.096850 -0.471441
4.954134 -94.841707 -21.958231 -324.728693 0.252843 0.938092 0.236758 -0.431623 0.328377 -0.840161 0.865894 -0.110239 -0.487930
0.757283 -104.522711 -158.073392 -4027.970438 0.647901 -0.247977 0.720230 -0.563580 -0.792154 0.234242 -0.512447 0.557673 0.652993
0.014203 -122.069870 8.695923 4354.678601 0.674202 -0.200360 0.710849 0.420000 0.895723 -0.145879 -0.607496 0.396909 0.688050
0.325971 -117.354577 -35.153396 -4147.522406 0.654760 -0.237826 0.717446 -0.565916 -0.783462 0.256760 -0.501027 0.574131 0.647569
-12.249989 -122.467292 22.786773 2380.499492 0.251927 0.939619 0.231621 -0.164476 0.277431 -0.946562 0.953667 -0.200368 -0.224438
-16.898914 -137.954607 3801.916315 6565.214210 0.229260 0.936102 0.266744 0.010784 0.271583 -0.962355 0.973305 -0.223506 -0.052168
-13.909058 -124.727350 3111.735583 6908.452045 0.226761 0.944325 0.238391 -0.267184 0.295692 -0.917158 0.936585 -0.144282 -0.319360
-10.260936 -115.200640 228.710823 5854.367221 0.244072 0.949369 0.197805 -0.466355 0.293746 -0.834402 0.850260 -0.111407 -0.514438
-7.058445 -90.162101 -0.050243 -2742.571310 0.382560 0.865802 0.322543 0.236883 -0.429342 0.871522 -0.893048 0.257005 0.369344
-7.009309 -91.606399 32.420332 -539.012938 0.388869 0.853783 0.346171 0.402607 -0.495452 0.769698 -0.828666 0.159941 0.536406
-7.389551 -86.516089 202.130287 -2920.799026 0.399642 0.860315 0.316457 0.277941 -0.442696 0.852507 -0.873519 0.252742 0.416037
-7.135219 -86.004484 145.320725 -1520.008791 0.395420 0.872952 0.285653 0.124138 -0.358938 0.925069 -0.910073 0.330331 0.250298
-6.047794 -83.019401 402.836271 -3690.751923 0.421561 0.847923 0.321423 0.311046 -0.468167 0.827085 -0.851784 0.248690 0.461104
-6.111068 -81.211876 465.782799 -1829.389253 0.413374 0.865110 0.284091 0.168125 -0.379146 0.909935 -0.894906 0.328381 0.302175
-15.007314 -34.259148 -1691.103392 -918.806511 -0.013375 0.548397 -0.836111 0.858090 -0.422978 -0.291154 -0.513324 -0.721354 -0.464916
-20.826829 -35.863730 -2165.833357 -1048.583236 -0.002715 0.591400 -0.806374 0.855851 -0.415697 -0.307756 -0.517215 -0.690972 -0.505022
-15.833088 -37.451828 -2077.688877 -1093.537706 -0.082912 0.576004 -0.813232 0.914627 -0.280045 -0.291602 -0.395705 -0.767981 -0.503610
-7.987140 -35.134328 -1749.939026 -1081.814666 -0.130020 0.554500 -0.821964 0.906407 -0.269553 -0.325219 -0.401896 -0.787319 -0.467556
-8.455592 -31.569868 -1011.182588 -657.632284 -0.057416 0.535990 -0.842270 0.859538 -0.402610 -0.314800 -0.507836 -0.742038 -0.437588
5.369326 -121.902313 -498.697965 9619.000687 0.430427 0.723298 0.539974 0.267677 0.469030 -0.841641 0.862022 -0.506804 -0.008273
4.583263 -146.449303 -376.358705 25746.068672 0.441030 0.722948 0.531827 0.386009 0.382166 -0.839611 0.810241 -0.575583 0.110518
9.334901 -130.635274 -2930.649645 11223.932230 0.427426 0.716077 0.551852 0.345931 0.434419 -0.831632 0.835248 -0.546364 0.062031
11.184184 -125.865906 -2362.808559 9427.559711 0.413285 0.726398 0.549128 0.233874 0.498136 -0.834963 0.880056 -0.473505 -0.035986
6.626700 -113.746600 -307.328080 1433.186481 0.428507 0.731908 0.529804 0.139735 0.525630 -0.839159 0.892668 -0.433618 -0.122964
-137.240339 -5206.058237 533.953450 3599560.609550 0.259728 0.879991 0.397689 -0.835442 0.411307 -0.364504 0.484332 0.237574 -0.842010
-57.848937 -3021.199349 6872.983163 2553520.971454 0.225150 0.887896 0.401184 -0.756766 0.418712 -0.501981 0.613688 0.190582 -0.766202
-21.827303 -2005.704064 16890.749052 -971993.072699 0.171592 0.918523 0.356190 0.957920 -0.071115 -0.278085 -0.230098 0.388919 -0.892074
31.442889 -2137.710758 41264.563323 -1462076.032227 0.223332 0.865066 0.449204 0.959264 -0.276856 0.056244 0.173020 0.418344 -0.891657
-43.423410 -2203.649296 6331.686594 -937616.412029 0.113671 0.941124 0.318378 -0.755680 -0.126143 0.642679 -0.645001 0.313646 -0.696850
1.368555 -2794.761045 16027.731710 -1228199.057523 0.114467 0.923841 0.365261 -0.602358 -0.227833 0.765021 -0.789976 0.307588 -0.530403
68.828598 -12634.120230 95377.676246 7679943.239237 0.192742 0.934372 0.299665 -0.454872 -0.185516 0.871019 -0.869449 0.304192 -0.389263
308.830684 -1153.560597 126981.995392 617851.728567 0.066559 0.907897 0.413876 0.922853 0.101690 -0.371485 -0.379357 0.406672 -0.831087
-12.002053 -177.369624 11816.263890 49251.690441 -0.718796 -0.687857 0.100920 -0.657807 0.719888 0.221475 -0.224994 0.092809 -0.969930
-18.637576 -116.814602 -8442.400208 14220.619112 0.500009 0.866016 -0.002501 -0.763887 0.442400 0.469850 -0.408004 0.233019 -0.882743
-53.583429 -82.528816 15910.910106 14815.624638 -0.741698 -0.665047 0.087158 -0.602326 0.717577 0.349695 -0.295106 0.206871 -0.932800
-45.179073 -116.770226 20414.375806 34098.109651 -0.944107 -0.262203 0.199779 -0.249264 0.964444 0.087840 -0.215708 0.033133 -0.975896
-38.969949 -138.520636 -15231.507394 -7989.838223 -0.819780 0.479101 0.313726 0.520572 0.851737 0.059563 -0.238675 0.212146 -0.947644
-20.290375 -46.471891 -591.996990 -2923.628891 -0.300295 -0.585844 -0.752735 0.286650 0.697252 -0.657017 0.909755 -0.413070 -0.041449
-20.200492 -45.324262 -201.101823 -2698.700320 0.404088 0.653720 0.639815 0.257221 0.590033 -0.765309 0.877810 -0.473826 -0.070275
-22.240944 -45.750681 -225.723845 349.902769 -0.327392 -0.583827 -0.742941 0.187292 0.730576 -0.656644 0.926141 -0.354126 -0.129838
-17.536149 -38.936339 126.930385 -3967.212081 0.375662 0.631970 0.677859 0.357827 0.575803 -0.735127 0.854891 -0.518715 0.009829
-16.573039 -40.247310 -1498.656426 -4054.304228 -0.242693 -0.521874 -0.817770 0.396925 0.715762 -0.574573 0.885184 -0.464039 0.033434
-113.630860 -135.640826 12841.496225 14802.074491 -0.402864 -0.212116 -0.890341 0.255854 0.907893 -0.332067 0.878772 -0.361575 -0.311487
-116.712246 -127.864743 -15460.809997 14263.342436 -0.036908 -0.431676 -0.901273 0.149024 0.889426 -0.432104 0.988145 -0.150260 0.031503
-131.843900 -135.005130 8190.334885 -13525.779464 0.465230 0.879859 0.096994 0.082015 0.066258 -0.994426 0.881382 -0.470592 0.041337
-652.424404 -2638.104074 405243.027771 1635791.182941 -0.064368 0.953308 0.295062 -0.737514 0.153739 -0.657600 0.672257 0.259941 -0.693182
-96.415143 -1861.790392 208444.689294 1280504.978147 -0.099909 0.902031 0.419951 -0.389107 0.353031 -0.850861 0.915759 0.248414 -0.315715
-511.112998 -2524.983185 259297.545408 708196.950529 0.061569 0.903764 0.423580 -0.108714 0.427933 -0.897248 0.992165 -0.009194 -0.124599
-1401.109463 -1458.977306 -508919.956668 889715.728892 0.163176 0.409900 -0.897416 0.276729 0.854078 0.440422 0.946993 -0.320207 0.025934
-767.880606 -2889.397707 411481.950357 -1748439.175134 0.163776 0.968541 0.187365 -0.447560 0.242208 -0.860828 0.879129 -0.057126 -0.473148
-56.612074 -297.157610 -10535.880188 83873.668225 -0.186128 0.539696 0.821026 -0.675672 0.536362 -0.505750 0.713319 0.648879 -0.264825
-96.706760 -273.266642 -7845.709231 -75715.922886 -0.501720 0.534496 0.680140 0.585689 -0.368723 0.721811 0.636589 0.760498 -0.128052
-86.296221 -322.095571 11616.902370 90706.276932 0.353642 -0.559955 -0.749258 -0.488117 0.572830 -0.658489 0.797922 0.598595 -0.070747
-54.339580 -240.773350 10658.336355 50180.856646 0.188441 -0.599448 -0.777915 -0.299526 0.719286 -0.626826 0.935293 0.351126 -0.044007
-90.181923 -227.641051 14236.649147 17375.066209 0.366223 -0.566241 -0.738411 -0.071388 0.774106 -0.629019 0.927785 0.283075 0.243073
0.392063 -88.064730 -2502.912715 -1153.001331 -0.235188 0.275774 -0.932006 0.776211 0.630404 -0.009342 0.584964 -0.725631 -0.362322
-4.645592 -90.474793 -3898.700787 -1541.584004 -0.194714 0.281954 -0.939462 0.712425 0.698993 0.062125 0.674193 -0.657200 -0.336975
4.337262 -86.833657 -2081.933454 1752.515424 -0.243531 0.264953 -0.933002 0.583025 0.808751 0.077488 0.775097 -0.525092 -0.351430
-7.828759 -84.431587 -3236.185481 -4844.571258 -0.214454 0.299727 -0.929609 0.864026 0.502053 -0.037452 0.455488 -0.811238 -0.366639
-19.089120 -39.391335 1223.010589 2102.765112 -0.049570 -0.500652 -0.864228 -0.067014 0.865009 -0.497260 0.996520 0.033266 -0.076430
-17.477413 -45.240235 699.864986 -1305.837383 -0.065986 -0.454668 -0.888213 0.078488 0.885030 -0.458869 0.994729 -0.099993 -0.022714
-17.191113 -42.205983 848.266863 2028.611193 -0.093007 -0.466771 -0.879474 -0.013785 0.883822 -0.467620 0.995570 -0.031368 -0.088636
-27.615181 -43.311330 -130.646927 4966.851160 -0.093478 0.592538 0.800100 0.845501 -0.377099 0.378054 0.525728 0.711825 -0.465741
-31.637882 -45.000246 -1078.138171 2405.110166 -0.007855 0.483837 0.875123 0.899788 -0.378382 0.217276 0.436256 0.789132 -0.432379
-24.028866 -37.173542 1744.213904 2621.535156 0.297723 0.305276 0.904526 0.786014 -0.616120 -0.050775 0.541797 0.726087 -0.423384
-30.280058 -49.499030 -108.319330 1941.921763 -0.153173 0.616035 0.772683 0.900435 -0.235134 0.365963 0.407130 0.751807 -0.518683
3.200296 -101.083596 121.877854 2529.979735 0.088348 0.747070 -0.658849 0.923430 0.186562 0.335369 0.373460 -0.638030 -0.673384
2.056166 -102.787913 377.701174 2076.182955 0.094199 0.750949 -0.653607 0.910734 0.200173 0.361241 0.402108 -0.629291 -0.665059
2.740141 -103.294190 767.467770 -2423.798858 0.108302 0.759959 -0.640884 0.980398 0.025088 0.195425 0.164593 -0.649486 -0.742345
-1.965941 -34.469867 -303.997906 623.650936 -0.113855 0.797366 0.592659 -0.322432 -0.593904 0.737099 -0.939720 0.107170 -0.324715
-3.236939 -38.225433 -1952.119932 2042.160710 -0.137364 0.769066 0.624234 -0.371745 -0.624168 0.687182 -0.918116 0.137662 -0.371634
-1.930260 -42.826237 -2647.956810 3434.299071 -0.191259 0.712769 0.674819 -0.389940 -0.686105 0.614171 -0.900759 0.145673 -0.409161
-0.643436 -47.010210 -1606.436179 4512.854684 -0.166321 0.729107 0.663883 -0.441185 -0.657136 0.611169 -0.881869 0.191245 -0.430966
-1.951507 -37.146542 1646.562733 2358.821456 -0.138468 0.742323 0.655578 -0.382820 -0.650620 0.655852 -0.913387 0.160154 -0.374266
1.956556 -51.761296 -1216.963499 5817.775914 -0.197070 0.694139 0.692340 -0.464011 -0.688124 0.557834 -0.863630 0.211320 -0.457697
-15.155567 -23.085046 4268.604896 -394.045673 -0.151631 0.307947 -0.939243 -0.177333 0.926337 0.332345 0.972400 0.216953 -0.085852
-6.500403 -22.702947 3537.007629 -1347.075921 -0.196337 0.457904 -0.867050 -0.135947 0.863009 0.486554 0.971066 0.213402 -0.107190
-12.761291 -24.073887 3895.800734 -146.054182 -0.176538 0.462501 -0.868866 -0.226141 0.840059 0.493114 0.957964 0.283539 -0.043712
-10.786414 -21.459447 5458.273232 57.293739 -0.204882 0.267299 -0.941581 -0.116288 0.948527 0.294574 0.971854 0.169847 -0.163252
-21.147309 -24.199061 2074.630756 40.201746 -0.052204 0.175606 -0.983075 -0.256735 0.948970 0.183147 0.965071 0.261950 -0.004456
-16.576442 -24.070368 3692.538580 3782.342084 -0.121468 -0.081929 -0.989208 -0.178579 0.982130 -0.059414 0.976399 0.169435 -0.133928
-22.344729 -26.803477 404.469417 3366.774192 0.031943 -0.336801 -0.941034 -0.198400 0.920642 -0.336237 0.979600 0.197442 -0.037414
1.245553 -36.074565 153.389236 -1021.115996 -0.056161 -0.761268 0.646001 0.971847 -0.189967 -0.139375 0.228821 0.619986 0.750505
1.119312 -37.673562 -123.611369 -1446.842591 -0.090397 -0.744828 0.661105 0.970106 -0.215976 -0.110678 0.225219 0.631336 0.742086
-0.353369 -42.882474 16.819336 -2133.225566 -0.109369 -0.737845 0.666051 0.914402 -0.337420 -0.223642 0.389752 0.584579 0.711590
-0.767017 -40.208290 263.852722 -1697.005619 -0.077115 -0.752918 0.653581 0.916964 -0.310931 -0.249998 0.391447 0.580031 0.714376
0.358615 -35.007407 432.038183 -649.089398 -0.027065 -0.774804 0.631622 0.971067 -0.170353 -0.167361 0.237271 0.608817 0.756997
5.968186 -82.215305 -4318.688606 3832.100598 0.456526 0.511763 -0.727793 -0.611036 0.774929 0.161620 0.646699 0.370924 0.666480
3.067178 -74.144370 -836.593909 7277.347024 0.391168 0.496824 -0.774696 -0.719033 0.690391 0.079696 0.574438 0.525858 0.627292
7.574289 -73.359468 -1810.011878 2975.776546 0.360369 0.523099 -0.772335 -0.752506 0.652311 0.090690 0.551243 0.548505 0.628708
12.583498 -83.351190 -3472.289323 1637.470445 0.420242 0.501416 -0.756293 -0.564457 0.797031 0.214778 0.710482 0.336636 0.617974
13.063025 -82.349309 -735.425979 -320.857412 0.320973 0.488006 -0.811681 -0.649881 0.736910 0.186061 0.688934 0.467776 0.553674
8.684136 -74.833927 447.812018 -1288.082713 -0.274038 -0.506626 0.817455 0.833542 -0.549092 -0.060874 0.479699 0.664701 0.572766
7.077669 -67.131892 204.001621 -1694.172130 -0.278373 -0.519151 0.808078 0.882472 -0.470362 0.001816 0.379146 0.713612 0.589072
7.958247 -71.594406 579.501089 419.168185 0.172184 0.615587 -0.769029 0.805114 0.361875 0.469935 0.567578 -0.700070 -0.433309
4.493342 -70.512828 867.790724 392.572256 0.142307 0.635732 -0.758679 0.795542 0.382600 0.469819 0.588949 -0.670420 -0.451305
7.064966 -79.190782 902.859514 2705.187672 0.183380 0.627411 -0.756787 0.887885 0.224719 0.401450 0.421939 -0.745558 -0.515860
250.273232 -49.450827 148120.265764 3695.060695 -0.039983 0.437283 0.898435 0.954168 -0.250182 0.164231 0.296588 0.863824 -0.407239
120.645171 -39.669321 53126.160781 1435.478840 -0.015165 0.361217 0.932358 0.914801 -0.371393 0.158766 0.403621 0.855330 -0.324810
76.052884 -51.431872 45083.089908 3825.298391 -0.129389 0.390118 0.911628 0.953016 -0.205018 0.222998 0.273896 0.897650 -0.345262
-10.085660 -34.027914 -33.674447 35.665749 -0.014145 -0.509663 0.860258 0.973904 -0.201925 -0.103617 0.226517 0.836343 0.499219
-10.304712 -35.081274 -325.230469 -19.022314 -0.019615 -0.483827 0.874944 0.996861 -0.076596 -0.020008 0.076698 0.871806 0.483810
-10.806513 -34.301492 34.801554 470.340788 0.006415 -0.560006 0.828463 0.979339 -0.163941 -0.118401 0.202124 0.812106 0.547384
1.671366 -72.979031 -321.529391 -13037.414504 0.125261 0.796352 -0.591720 -0.355586 -0.520759 -0.776124 0.926212 -0.307625 -0.217941
3.174765 -52.223710 -692.351213 -10541.097889 0.160441 0.828008 -0.537273 -0.225041 -0.499302 -0.836692 0.961049 -0.255148 -0.106227
3.749636 -76.764188 -663.094877 -15388.144441 0.120394 0.800036 -0.587747 -0.294234 -0.536694 -0.790814 0.948120 -0.268145 -0.170783
2.144461 -87.491911 -490.156756 -7103.987408 0.105585 0.780051 -0.616743 -0.510744 -0.489613 -0.706696 0.853225 -0.389614 -0.346711
4.186368 -90.262038 -648.277215 -8146.895971 0.088786 0.777165 -0.623002 -0.468567 -0.519353 -0.714645 0.878955 -0.355369 -0.318042
6.887852 -77.312487 -740.023782 -16877.256818 0.095330 0.795396 -0.598545 -0.244284 -0.564205 -0.788669 0.965006 -0.221399 -0.140517
-3.194205 -95.311330 168.292854 -4683.435278 0.001616 -0.697791 0.716300 0.991297 -0.093171 -0.093001 0.131634 0.710216 0.691567
-3.011690 -101.845333 184.251958 -4686.774662 -0.045431 -0.679672 0.732108 0.918232 -0.317039 -0.237352 0.393428 0.661462 0.638500
-3.940357 -89.978420 203.061336 -3883.158144 -0.013985 -0.686497 0.726998 0.990407 -0.109471 -0.084320 0.137470 0.718845 0.681442
12.369765 -104.157677 5739.527064 5198.093082 0.243914 -0.779695 0.576699 0.969635 0.206941 -0.130323 -0.017730 0.590975 0.806495
3.162941 -96.708542 2029.475914 4169.920996 0.271741 -0.761475 0.588483 0.960823 0.249335 -0.121046 -0.054556 0.598321 0.799397
15.854877 -94.187822 6031.285122 -12793.204140 0.257676 -0.779536 0.570899 0.926240 0.367510 0.083757 -0.275103 0.507208 0.816737
29.153428 -98.603233 11059.288659 -12942.426482 0.251230 -0.777508 0.576511 0.934790 0.349411 0.063871 -0.251100 0.522871 0.814589
19.485384 -109.479577 8127.534104 5689.625483 0.204654 -0.783386 0.586876 0.978790 0.169476 -0.115099 -0.009295 0.597984 0.801454
-0.724909 -123.183598 -424.085953 5399.746710 -0.232571 0.765115 -0.600424 -0.302688 -0.643634 -0.702933 0.924279 -0.018259 -0.381282
-1.744200 -114.182809 -286.392684 5782.351152 -0.241150 0.760753 -0.602579 -0.458055 -0.636614 -0.620410 0.855589 -0.126402 -0.501986
-2.105293 -125.734451 -383.903541 4718.464312 -0.238867 0.763475 -0.600041 -0.252823 -0.645514 -0.720689 0.937562 0.020445 -0.347216
-11.051203 -29.764919 -165.214635 -205.920077 -0.238898 -0.463751 0.853149 0.695482 0.531429 0.483620 -0.677668 0.708885 0.195573
-11.129190 -31.171983 -222.263448 175.766313 -0.187315 -0.410791 0.892280 0.790651 0.475981 0.385114 -0.582910 0.777620 0.235634
-11.049101 -31.034210 -629.316682 -324.398975 -0.268673 -0.420465 0.866616 0.678664 0.555824 0.480078 -0.683542 0.717125 0.136020
-10.692527 -29.625195 783.783830 131.352770 -0.133936 -0.447461 0.884217 0.802674 0.474296 0.361604 -0.581184 0.758170 0.295640
-10.152254 -29.411512 -630.509218 -770.285166 -0.310030 -0.475505 0.823272 0.572162 0.598251 0.561004 -0.759284 0.644973 0.086590
-10.532012 -28.442981 -98.892716 -511.436703 -0.286460 -0.524403 0.801836 0.592785 0.560480 0.578332 -0.752693 0.640986 0.150303
-10.611484 -28.179602 859.902334 -144.066622 -0.190881 -0.503992 0.842352 0.715569 0.515984 0.470873 -0.671956 0.692642 0.262150
1.717448 -191.089703 2661.511956 13359.445440 -0.146904 0.746966 -0.648429 0.879479 0.398654 0.259985 0.452699 -0.532087 -0.715505
-2.055259 -217.029769 1599.385518 17842.536683 -0.113013 0.745535 -0.656814 0.961951 0.247596 0.115525 0.248752 -0.618767 -0.745150
6.098929 -229.268525 3275.458477 18626.365395 -0.075082 0.745675 -0.662066 0.904578 0.330339 0.269472 0.419645 -0.578657 -0.699324
11.949845 -189.861005 4248.199838 -15890.756739 -0.147766 0.722209 -0.675707 -0.697564 -0.560431 -0.446454 0.701120 -0.405379 -0.586600
4.389068 -159.317695 2668.606281 -12287.369335 -0.187182 0.727582 -0.659991 -0.785473 -0.514330 -0.344234 0.589911 -0.453971 -0.667769
-305.271597 -7721.631898 -31954.731116 -4520040.301534 -0.161974 0.531304 -0.831553 0.975431 0.213726 -0.053443 0.149330 -0.819779 -0.552868
-55.539691 -1297.134225 17905.838468 250805.737436 -0.088802 0.564593 -0.820579 0.696986 0.623759 0.353745 0.711565 -0.540519 -0.448904
-91.297230 -960.140234 11271.597993 -220247.029610 -0.086672 0.444296 -0.891678 0.886357 0.443010 0.134584 0.454817 -0.778680 -0.432201
-40.888750 -1017.982705 -1473.887368 -358422.842877 -0.104788 0.481830 -0.869976 0.994488 0.053972 -0.089894 0.003641 -0.874601 -0.484830
46.408032 -624.571587 7160.963223 -193654.570484 -0.263632 0.812193 -0.520424 -0.839741 -0.458729 -0.290521 0.474693 -0.360430 -0.802967
35.889231 -503.621819 11876.648724 -146874.705122 -0.307347 0.772581 -0.555568 -0.575483 -0.615870 -0.538074 0.757863 -0.154345 -0.633893
45.626859 -455.185720 541.261085 -91269.512084 -0.309295 0.814638 -0.490613 -0.698735 -0.544633 -0.463836 0.645063 -0.199346 -0.737669
-0.682910 -28.533813 -1178.261495 2076.011455 -0.000732 0.432026 -0.901861 -0.458470 0.801348 0.384248 0.888710 0.413757 0.197484
3.817765 -27.876319 -1559.405075 1808.885065 0.020945 0.392886 -0.919349 -0.455731 0.822213 0.340992 0.889871 0.411833 0.196272
-1.493936 -32.091715 -1263.543124 882.093809 -0.001078 0.439680 -0.898154 -0.359187 0.838046 0.410686 0.933265 0.323048 0.157024
4.753401 -22.300067 -1377.817992 2558.957106 0.020454 0.384928 -0.922720 -0.534595 0.784107 0.315253 0.844861 0.486833 0.221818
0.274533 -22.432253 -1184.365645 2665.029434 -0.000766 0.429957 -0.902849 -0.537014 0.761443 0.363071 0.843573 0.485121 0.230310
3.089855 -212.965428 -1994.362670 3188.131755 -0.131754 0.709572 -0.692205 0.986400 0.024622 -0.162510 -0.098269 -0.704202 -0.703166
2.930805 -212.320055 -989.064123 -10469.675944 -0.105177 0.716999 -0.689093 0.908894 -0.211884 -0.359190 -0.403547 -0.664091 -0.629391
0.163389 -218.346665 -2115.413074 -15440.507348 -0.109393 0.714364 -0.691171 0.922011 -0.186877 -0.339076 -0.371388 -0.674359 -0.638209
-0.341933 -205.059178 -2537.909797 -2472.278946 -0.121026 0.709471 -0.694265 0.979606 -0.027645 -0.199018 -0.160391 -0.704192 -0.691656
1.192804 -198.381623 -2703.491979 10906.604690 -0.137935 0.704381 -0.696291 0.984634 0.173540 -0.019499 0.107099 -0.688281 -0.717495
-14.686418 -27.521123 -806.167666 -555.560772 0.194862 -0.364716 0.910501 0.306952 0.904342 0.296556 -0.931563 0.221692 0.288172
-13.447592 -30.370723 -249.516976 -902.825809 0.245319 -0.250287 0.936576 0.378574 0.914123 0.145126 -0.892469 0.318961 0.319004
-11.889205 -29.724511 -2029.394052 -501.802564 0.190140 -0.268793 0.944244 0.359635 0.914006 0.187767 -0.913515 0.303881 0.270456
33.302516 -41.868489 6551.982077 370.483687 0.188002 -0.706477 -0.682309 0.770045 -0.325194 0.548889 -0.609660 -0.628601 0.482882
43.176417 -40.481065 7708.166292 831.716313 0.180335 -0.693086 -0.697933 0.841520 -0.258645 0.474285 -0.509237 -0.672855 0.536603
23.002427 -38.396774 5849.634846 652.020377 0.118941 -0.638477 -0.760395 0.802293 -0.389383 0.452445 -0.584961 -0.663874 0.465932
0.641157 -186.468247 -193.459132 -2401.513051 -0.003619 0.515720 -0.856749 0.934314 -0.303633 -0.186719 -0.356432 -0.801149 -0.480746
1.520629 -157.059979 -333.097779 24555.353477 0.010662 0.499513 -0.866241 0.997300 -0.068253 -0.027082 -0.072651 -0.863613 -0.498892
1.342129 -184.921548 -238.094629 42772.561824 -0.016073 0.514387 -0.857408 0.988560 -0.120445 -0.090791 -0.149972 -0.849058 -0.506566
-0.392042 -227.680181 51.368139 10001.756074 -0.034636 0.543180 -0.838902 0.883985 -0.374941 -0.279268 -0.466231 -0.751249 -0.467176
-0.339422 -194.032728 -153.583459 -6783.241230 -0.044553 0.539859 -0.840576 0.809356 -0.473736 -0.347155 -0.585625 -0.695792 -0.415832
-530.262879 -999.008720 51652.986070 -464515.710680 -0.138424 -0.848806 -0.510262 0.940358 0.049016 -0.336636 0.310749 -0.526428 0.791397
275.351761 -3164.620494 -266056.806911 -3522678.059605 0.917076 0.383935 -0.107543 0.218378 -0.709345 -0.670179 0.333590 -0.591120 0.734366
-733.279091 -1720.927373 -247289.215794 -976353.363631 0.417806 0.851650 0.316433 0.743063 -0.119908 -0.658392 0.522777 -0.510210 0.682928
-347.800487 -1398.064471 -112991.682785 870214.448567 0.923656 0.376752 -0.070125 0.282984 -0.793936 -0.538131 0.258417 -0.477204 0.839939
-798.272517 -1180.390521 43236.491981 -638973.070200 0.485274 -0.666487 -0.565954 0.804393 0.594017 -0.009813 0.342727 -0.450487 0.824378
-36.495449 -62.707454 1300.316797 -2161.533987 0.809153 -0.384109 0.444670 0.555015 0.251111 -0.793034 -0.192950 -0.888484 -0.416373
-34.286773 -57.287162 757.371301 -4846.548384 0.855572 -0.432891 0.283906 0.412726 0.239334 -0.878850 -0.312497 -0.869094 -0.383433
27.179858 -78.704575 2701.755545 -10629.951317 -0.027866 0.019738 -0.999417 0.806366 0.591318 -0.010805 0.590760 -0.806197 -0.032394
20.783519 -108.672242 2337.360042 -17184.337406 -0.076129 -0.070266 -0.994619 0.691097 0.715323 -0.103432 0.718742 -0.695252 -0.005896
-47.596813 -71.447348 1525.557787 4686.727352 0.693672 -0.152478 0.703967 0.381398 0.906835 -0.179402 -0.611027 0.392938 0.687201
-46.341018 -70.663442 795.946751 -3092.320369 0.699366 -0.126829 0.703422 0.192054 0.981284 -0.014018 -0.688479 0.144899 0.710635
-41.848447 -71.791369 1634.247272 4240.674850 0.800008 -0.170909 0.575132 0.321936 0.931172 -0.171101 -0.506304 0.322037 0.799967
-42.377465 -69.019759 1598.826564 -7854.439485 0.805078 -0.130953 0.578534 -0.414772 -0.821522 0.391236 -0.424044 0.554936 0.715704
-47.319769 -66.694714 1555.805819 -7400.539590 0.612450 -0.259314 0.746767 -0.603958 -0.762995 0.230378 -0.510039 0.592111 0.623911
8.605875 -38.456002 -1792.556574 -188.432757 0.185663 0.567050 -0.802486 0.968340 -0.244280 0.051423 -0.166872 -0.786627 -0.594451
11.624908 -38.350615 -2651.374014 240.046069 0.174492 0.564492 -0.806785 0.983782 -0.134507 0.118661 -0.041535 -0.814406 -0.578807
19.926918 -38.274357 -8223.575998 49.140999 0.141303 0.569841 -0.809515 0.979807 -0.197352 0.032106 -0.141464 -0.797705 -0.586220
8.754988 -38.829049 3363.519194 78.372806 0.173891 0.574613 -0.799739 0.981671 -0.165475 0.094555 -0.078004 -0.801522 -0.592855
13.843444 -37.922774 -7379.460082 -327.975850 0.145780 0.574948 -0.805098 0.953768 -0.297867 -0.040017 -0.262820 -0.762044 -0.591790
5.503015 -38.092200 3991.770442 -441.490599 0.207382 0.580306 -0.787552 0.956408 -0.289478 0.038545 -0.205611 -0.761214 -0.615042
4.189250 -37.477686 -1314.370101 -524.628349 0.198185 0.571680 -0.796182 0.937623 -0.347288 -0.015970 -0.285634 -0.743353 -0.604847
1.383202 -17.365358 119.993316 3199.708843 0.210160 0.766645 0.606702 0.396485 -0.634073 0.663891 -0.893662 -0.101025 0.437220
0.149091 -11.862478 -1197.389190 -1437.982790 0.221105 0.681992 0.697137 -0.366898 0.720483 -0.588465 -0.903603 -0.125665 0.409524
1.525444 -7.748733 -1996.650539 112.179943 0.260588 0.569016 0.779945 -0.343072 0.809707 -0.476105 -0.902438 -0.143510 0.406214
0.740621 -38.774583 2570.326963 -1848.503377 0.139999 0.369942 -0.918446 0.333150 0.855901 0.395532 0.932422 -0.361355 -0.003421
0.379812 -39.002611 -90.322604 -704.944610 0.919217 -0.330690 0.213738 -0.023715 -0.588335 -0.808270 -0.393036 -0.737907 0.548650
2.699582 -82.316529 -1597.207511 -8790.281447 -0.447673 0.410023 -0.794651 -0.529779 0.594297 0.605100 0.720363 0.691876 -0.048829
0.429351 -74.763892 1035.174715 7051.912164 0.509024 -0.446505 0.735886 0.519983 -0.521789 -0.676280 0.685940 0.726890 -0.033428
4.592459 -83.357947 702.024281 -364.561707 0.540590 -0.466477 0.700115 0.658495 -0.283313 -0.697221 0.523589 0.837934 0.154017
-5.406450 -90.629231 -230.764274 -2492.778070 -0.448692 0.302241 -0.841026 -0.401514 0.772573 0.491851 0.798412 0.558374 -0.225293
-11.626661 -34.911354 -1911.592942 902.803444 -0.204686 0.823813 0.528616 0.017609 -0.536864 0.843485 -0.978669 -0.181958 -0.095382
-11.643502 -37.358806 -2783.967870 872.109789 -0.210694 0.880887 0.423846 -0.103107 -0.451186 0.886454 -0.972099 -0.143069 -0.185888
-8.378347 -36.190929 -1490.681771 781.177739 -0.215167 0.867388 0.448710 -0.013246 -0.462022 0.886770 -0.976487 -0.184860 -0.110901
-14.256631 -34.768376 -2710.610732 690.136859 -0.192293 0.863565 0.466132 -0.078572 -0.487020 0.869849 -0.978187 -0.130641 -0.161502
-6.417423 -34.402983 -1437.852950 817.769505 -0.208091 0.828782 0.519440 0.087785 -0.513097 0.853830 -0.974162 -0.223273 -0.034016
-13.687164 -32.456567 -1819.648736 626.297212 -0.177851 0.771371 0.611029 0.042856 -0.614268 0.787933 -0.983124 -0.166321 -0.076190
-9.734127 -32.683512 -1051.977711 934.406639 -0.182834 0.760434 0.623147 0.119813 -0.611873 0.781829 -0.975816 -0.217606 -0.020762
-8.622145 -16.832719 -61.626004 -478.666365 -0.045539 0.422039 -0.905433 0.068878 0.905543 0.418626 0.996585 -0.043301 -0.070307
-9.339582 -15.541491 525.281911 -247.682119 -0.087919 0.358797 -0.929266 0.057252 0.933156 0.354883 0.994481 -0.022001 -0.102584
-4.815394 -19.073178 -1470.670486 1039.338649 -0.006970 0.427837 -0.903829 0.099985 0.899620 0.425074 0.994965 -0.087406 -0.049047
-8.272932 -18.051545 -12.705468 -1976.894139 -0.048597 0.497029 -0.866372 0.038596 0.867683 0.495617 0.998073 -0.009353 -0.061350
-5.237450 -18.011719 -1527.663664 -683.937249 -0.002633 0.491634 -0.870798 0.063001 0.869153 0.490514 0.998010 -0.053570 -0.033262
4.929321 -54.846613 44.300098 -6877.807244 0.234194 0.958283 0.163851 0.010106 0.166130 -0.986052 0.972137 -0.232583 -0.029222
6.252349 -56.097374 582.114844 -8915.150253 0.242048 0.957551 0.156552 0.047588 0.149440 -0.987625 0.969097 -0.246502 0.009396
5.631335 -41.972819 716.044098 -4436.131027 0.231449 0.964105 0.130123 0.118340 0.104860 -0.987421 0.965623 -0.243937 0.089822
9.810912 -56.486589 1432.358156 -10649.801726 0.255719 0.951166 0.172890 0.091590 0.154195 -0.983786 0.962403 -0.267408 0.047686
9.532305 -39.163059 1534.183394 -5692.417346 0.243369 0.961150 0.130242 0.154619 0.094117 -0.983481 0.957530 -0.259487 0.125707
-19.023929 -52.524887 -45.351280 5240.620543 0.877753 -0.377416 -0.295140 0.119327 -0.424393 0.897581 0.464017 0.823072 0.327476
-15.295871 -50.856628 1586.758001 8029.643498 0.881730 -0.382903 -0.275566 0.033682 -0.531543 0.846361 0.470550 0.755544 0.455781
-13.132123 -44.033783 2364.311698 4714.696272 0.857511 -0.503531 -0.105504 -0.121521 -0.397519 0.909512 0.499907 0.767095 0.402066
-19.739310 -61.180345 -612.562490 6900.501248 0.845804 -0.299142 -0.441734 0.276045 -0.463146 0.842196 0.456524 0.834272 0.309154
-22.876192 -61.956341 -3579.431418 -726.863507 0.828394 -0.304464 -0.470176 0.382264 -0.306262 0.871824 0.409436 0.901945 0.137319
-12.012214 -136.432602 2326.471220 2438.788565 0.227083 0.917482 0.326589 0.301507 0.252640 -0.919384 0.926027 -0.307245 0.219257
-15.890947 -145.441599 3167.329635 1467.263345 0.246498 0.919604 0.305889 0.308892 0.224618 -0.924193 0.918599 -0.322298 0.228691
-17.835737 -139.729461 2112.832749 7623.607883 0.288399 0.917276 0.274648 0.082359 0.262008 -0.961545 0.953962 -0.299928 -0.000017
-12.216393 -131.103711 2035.220465 4299.777032 0.232348 0.927981 0.291316 0.090475 0.277594 -0.956429 0.968416 -0.248581 0.019461
-7.306197 -95.187837 -360.684984 -266.465749 0.353555 0.865099 0.355812 0.358250 -0.476606 0.802810 -0.864092 0.156368 0.478428
-24.712913 -37.381255 -1120.665692 -777.490748 -0.038269 0.690240 -0.722568 0.873368 -0.328258 -0.359827 -0.485556 -0.644838 -0.590271
-23.060897 -34.878016 -1359.868102 857.495363 0.062247 0.632846 -0.771771 -0.795752 0.498204 0.344342 -0.602415 -0.592704 -0.534601
-22.075118 -38.717803 -2101.441193 -835.140477 -0.069673 0.627096 -0.775820 0.919889 -0.260494 -0.293169 -0.385941 -0.734094 -0.558709
-24.655239 -37.407549 444.360247 -623.520979 -0.016779 0.754309 -0.656305 0.859036 -0.325011 -0.395506 -0.511641 -0.570425 -0.642525
-25.496137 -38.904585 618.161332 -249.445976 -0.052939 0.760069 -0.647683 0.923064 -0.210205 -0.322128 -0.380985 -0.614906 -0.690464
-25.706446 -39.307090 -1001.685466 -428.103390 -0.078738 0.702689 -0.707127 0.932513 -0.198864 -0.301451 -0.352448 -0.683141 -0.639608
2.292463 -167.803910 -774.054189 25861.074439 0.449344 0.720253 0.528513 0.520705 0.269563 -0.810063 0.725918 -0.639196 0.253912
-0.284947 -189.986585 838.810174 51724.517831 0.436974 0.739520 0.512020 0.476252 0.292680 -0.829170 0.763046 -0.606176 0.224304
-1.657960 -191.521983 1497.943230 36424.965531 0.436434 0.745826 0.503258 0.604879 0.170858 -0.777772 0.666068 -0.643857 0.376566
1.207381 -196.912866 -376.876957 43488.499405 0.461939 0.731679 0.501257 0.439120 0.302356 -0.846022 0.770575 -0.610922 0.181625
-2.277617 -221.004096 -182.475310 33006.898824 -0.438902 -0.746483 -0.500128 0.688484 0.078266 -0.721016 0.577370 -0.660785 0.479590
-1.320964 -2813.910735 19617.015301 16924.835228 0.229035 0.911776 0.340892 -0.322596 0.401507 -0.857161 0.918409 -0.086349 -0.386094
635.975839 -17123.435010 302520.846022 -2212696.045890 0.350074 0.873970 0.337082 -0.823822 0.458527 -0.333272 0.445831 0.161026 -0.880514
18.740706 -204.072869 1.900758 -8434.667170 -0.194487 0.918526 0.344215 0.971232 0.131164 0.198756 0.137414 0.372968 -0.917612
27.065757 -194.184327 5474.915357 -5317.551308 -0.263884 0.892311 0.366259 0.907386 0.100868 0.408015 0.327132 0.440007 -0.836288
13.971215 -179.444330 4855.213057 -5625.432023 -0.262359 0.875261 0.406308 0.951897 0.165670 0.257771 0.158304 0.454392 -0.876623
6.959587 -166.892184 62.594754 -9386.509921 -0.174115 0.915228 0.363376 0.971735 0.219432 -0.087064 -0.159420 0.337946 -0.927565
-22.003351 -44.952802 -73.371389 247.022248 0.417049 0.643482 0.641873 0.168544 0.639218 -0.750329 0.893120 -0.421108 -0.158131
-18.723781 -44.134446 -824.875515 -2271.129836 0.502682 0.707321 0.496999 0.183637 0.474424 -0.860929 0.844741 -0.524041 -0.108594
-15.998730 -37.748585 -828.826407 -3440.125483 0.497475 0.709706 0.498834 0.262276 0.425074 -0.866328 0.826880 -0.561809 -0.025325
-5.204002 -23.334849 -452.517681 3.799346 -0.315696 0.598011 -0.736694 0.737849 -0.333435 -0.586856 -0.596586 -0.728837 -0.335978
-8.165503 -24.699412 -409.983838 -134.325868 -0.139133 0.517068 -0.844561 0.742282 -0.510070 -0.434565 -0.655485 -0.687364 -0.312843
-5.769434 -24.830404 -659.454099 -221.960841 -0.207616 0.551890 -0.807659 0.782680 -0.401544 -0.475578 -0.586778 -0.730876 -0.348586
-167.839752 -10040.503075 471812.830856 8191557.228003 0.070367 0.867744 0.492005 -0.844079 0.314639 -0.434204 0.531582 0.384737 -0.754585
-1.377390 -90.230972 -3708.074709 3971.608330 -0.198095 0.285963 -0.937541 0.511657 0.846006 0.149935 0.836042 -0.449998 -0.313904
-11.312746 -98.355586 -3468.761721 274.707150 -0.212962 0.312745 -0.925655 0.585460 0.799320 0.135367 0.782230 -0.513106 -0.353324
