12490
24968
-26.690067 -39.775657 -588.074909 2987.534625 0.883771 0.455852 0.105581 0.462151 -0.815043 -0.349458 0.073248 -0.357635 0.930984
-31.595584 -46.745813 28.740728 2183.824213 0.900253 0.432635 0.048693 0.433260 -0.879286 -0.197845 0.042779 -0.199207 0.979023
-32.271275 -52.301703 113.244585 3345.972336 -0.683090 -0.713756 -0.154729 0.730214 -0.671316 -0.126972 -0.013245 -0.199719 0.979764
-24.887020 -38.091764 38.207741 2542.412680 0.982063 0.160956 -0.098216 0.119829 -0.934930 -0.333987 0.145582 -0.316227 0.937447
-21.727145 -48.172275 -1929.061843 5105.820453 0.718093 0.650191 0.248181 0.695007 -0.651444 -0.304279 0.036164 -0.390988 0.919685
-19.698749 -31.811432 -1202.317500 2495.551212 0.914154 0.384542 0.128259 0.396552 -0.782703 -0.479711 0.084081 -0.489391 0.868002
-21.044448 -30.712052 -33.981313 1772.518825 0.986858 0.026083 -0.159469 -0.044321 -0.905348 -0.422352 0.155391 -0.423869 0.892294
-39.630461 -55.197368 1276.222279 -841.570707 -0.713147 -0.584478 -0.387049 -0.052458 0.595074 -0.801957 0.699049 -0.551609 -0.455036
-36.270792 -54.375705 -1485.735880 -2213.287956 0.792734 0.498747 0.350463 0.066672 0.500544 -0.863140 0.605911 -0.707607 -0.363546
-35.394033 -55.145721 -1959.071032 1035.406022 0.823522 0.462427 0.328592 -0.089907 0.678310 -0.729255 0.560114 -0.571015 -0.600178
-38.729498 -55.916327 1702.971663 2877.371360 -0.758397 -0.563507 -0.327557 -0.234991 0.705140 -0.668997 0.607958 -0.430393 -0.667195
7.408104 -4.170236 2172.953159 1393.099696 -0.525314 0.548351 -0.650658 0.394141 0.834492 0.385067 0.754121 -0.054170 -0.654498
12.126007 0.982317 2840.560483 446.230533 -0.381865 0.764268 -0.519685 -0.540697 -0.640769 -0.545034 0.749551 -0.072863 -0.657925
2.197461 -1.562362 1863.600670 366.857244 -0.532996 0.549366 -0.643516 0.401123 0.833713 0.379503 0.744994 -0.055856 -0.664729
9.597192 -1.765886 2577.650903 740.717926 -0.270580 0.876664 -0.397802 -0.600762 -0.476647 -0.641789 0.752244 -0.065329 -0.655638
0.700284 -8.896917 1087.122561 2022.923670 -0.642606 0.174238 -0.746123 0.163472 0.982556 0.088659 0.748555 -0.064998 -0.659879
-1.955191 -6.887564 1029.200794 1895.805010 -0.666508 -0.126423 -0.734700 -0.037529 0.989956 -0.136300 0.744553 -0.063273 -0.664558
-1.917413 -4.808874 1897.954731 1091.765226 -0.073163 0.984139 -0.161609 -0.655749 -0.169561 -0.735692 0.751426 -0.052149 -0.657754
15.632404 -25.437864 1230.409596 284.697543 -0.508590 -0.410310 -0.756956 0.821350 -0.494950 -0.283566 -0.258305 -0.765944 0.588734
17.886497 -26.937494 -1156.940702 -256.326170 -0.567573 -0.477164 -0.670951 0.793534 -0.534266 -0.291313 -0.219462 -0.697764 0.681881
16.455825 -27.623381 30.963207 -282.819712 -0.585797 -0.415729 -0.695710 0.794256 -0.465268 -0.390747 -0.161247 -0.781470 0.602748
16.117014 -24.774748 1220.736579 -110.109899 -0.441009 -0.428017 -0.788868 0.819757 -0.549937 -0.159897 -0.365389 -0.717196 0.593397
13.772343 -80.483678 -2559.097182 1898.185825 0.757158 0.628990 0.176305 -0.582323 0.527624 0.618477 -0.295993 0.570951 -0.765770
10.334693 -77.586348 -1873.369343 2382.940509 0.796439 0.594421 0.111125 -0.530116 0.597874 0.601268 -0.290968 0.537782 -0.791282
23.043447 -75.400412 -3496.595074 -2080.531740 0.765200 0.627928 0.142036 -0.634455 0.698081 0.331889 -0.109250 0.344077 -0.932564
25.459525 -76.794491 -2047.231826 -1637.063688 0.714201 0.632046 0.300724 -0.691694 0.571567 0.441440 -0.107126 0.523286 -0.845397
15.409444 -80.006711 -3178.793491 839.020215 0.722570 0.647145 0.243098 -0.601681 0.415573 0.682114 -0.340401 0.639143 -0.689655
-2.913726 -74.451927 168.766837 -526.071394 0.679242 0.430564 0.594345 0.598619 -0.793548 -0.109253 -0.424601 -0.429995 0.796755
-2.237233 -73.941429 -106.997368 1009.089947 0.683324 0.398673 0.611660 -0.563603 0.820589 0.094786 -0.464133 -0.409503 0.785422
-3.126476 -73.736287 -198.648880 2452.482345 0.683187 0.388816 0.618124 0.667010 -0.676811 -0.311487 -0.297242 -0.625099 0.721733
-2.063125 -69.895769 241.578441 2885.726571 0.680033 0.422848 0.598962 -0.456043 0.883618 -0.106036 -0.574091 -0.201044 0.793726
-2.238316 -68.325153 -179.211148 2558.628324 0.658646 0.443848 0.607606 -0.465886 0.874654 -0.133901 -0.590877 -0.194882 0.782870
3.431931 -54.397896 76.144578 -572.396399 0.630690 0.437120 0.641215 0.002686 0.825036 -0.565074 -0.776030 0.358109 0.519168
1.947643 -55.219497 47.354236 -1391.503832 0.648305 0.409774 0.641706 0.033529 0.826635 -0.561739 -0.760642 0.385694 0.522172
3.185961 -51.954834 316.201603 -396.555072 0.646020 0.443755 0.621080 -0.114948 0.860932 -0.495563 -0.754616 0.248752 0.607188
3.263341 -56.957582 139.414962 -1506.117639 0.643661 0.419124 0.640340 0.135175 0.761289 -0.634166 -0.753279 0.494746 0.433356
4.975231 -55.152472 655.795992 1100.195167 0.634545 0.471323 0.612542 -0.201245 0.865958 -0.457840 -0.746226 0.167249 0.644340
6.089079 -53.558675 629.563591 -696.300870 0.637611 0.434556 0.636092 -0.069039 0.854620 -0.514644 -0.767258 0.284227 0.574917
5.232962 -55.544186 384.462255 -1214.161591 0.633715 0.430410 0.642770 0.072614 0.794150 -0.603368 -0.770151 0.429037 0.472011
3.547590 -58.101479 -176.872695 -1415.668919 0.628732 0.439714 0.641364 0.129091 0.754313 -0.643698 -0.766832 0.487508 0.417497
-10.044498 -28.625029 -1291.309651 222.766897 0.813915 0.541153 -0.211412 0.206941 0.069986 0.975847 -0.542879 0.838007 0.055024
-11.609160 -27.904514 -1188.285617 335.055222 0.813065 0.529598 -0.241768 0.274217 0.017946 0.961500 -0.513547 0.848059 0.130633
-15.008823 -30.059278 -1482.891458 486.309277 0.822111 0.491642 -0.287093 0.269937 0.107381 0.956872 -0.501267 0.864151 0.044434
-10.631008 -30.083457 -1310.017938 519.581133 0.827157 0.525499 -0.199152 0.156580 0.124837 0.979744 -0.539716 0.841586 -0.020978
969.184479 -50.305250 -48821.668940 18694.190176 -0.106069 0.339320 -0.934672 0.917841 -0.328183 -0.223301 -0.382514 -0.881566 -0.276631
222.451204 -27.534345 39031.904723 1086.354989 0.432993 0.879282 -0.198446 -0.800304 0.476301 0.364214 -0.414767 -0.001115 -0.909927
4162.555345 -273.409121 1463477.357347 -48694.713713 0.040164 0.521032 -0.852592 0.784682 -0.544709 -0.295915 -0.618596 -0.657129 -0.430722
313.530344 -24.747682 59659.732024 4209.495776 0.455231 0.861263 -0.225812 -0.730562 0.506284 0.458209 -0.508963 0.043621 -0.859682
259.510815 -30.979604 -39842.205988 -251.230450 -0.521567 -0.444898 -0.728034 0.850530 -0.338692 -0.402351 -0.067574 -0.829068 0.555050
2161.604446 -131.048621 -604308.563693 24089.849095 -0.043286 -0.520079 0.853020 -0.686292 0.635966 0.352917 -0.726037 -0.570144 -0.384455
334.323438 -37.504100 -57456.588810 -308.796782 -0.583067 -0.480191 -0.655324 0.799054 -0.484692 -0.355789 -0.146784 -0.731088 0.666307
-8.863089 -132.697946 -947.697023 8005.904288 0.537773 -0.518367 0.664903 0.453969 0.842596 0.289729 -0.710431 0.146037 0.688449
-7.125316 -136.456110 -497.026794 -1929.648470 0.548575 -0.500849 0.669489 0.111219 0.837324 0.535275 -0.828671 -0.219179 0.515039
-10.317016 -142.073942 -940.493174 4569.215911 0.559345 -0.527734 0.639242 0.242780 0.841639 0.482391 -0.792585 -0.114627 0.598890
-0.037422 -4.225534 -1029.773524 287.772136 -0.129350 0.095787 -0.986962 -0.035603 0.994233 0.101158 0.990960 0.048223 -0.125194
1.676852 -5.760651 -895.668136 -122.136341 -0.132068 -0.071746 -0.988641 -0.032144 0.997163 -0.068071 0.990719 0.022789 -0.133999
-1.075729 -5.136088 -260.041726 -385.576172 -0.145382 0.125624 -0.981368 0.012033 0.992057 0.125210 0.989302 0.006395 -0.145739
-2.001961 -4.342064 -207.632685 -94.207955 -0.153900 0.273087 -0.949599 0.011046 0.961464 0.274709 0.988025 0.031788 -0.150986
0.680363 -319.339134 2928.860983 2855.747048 0.553415 -0.490689 0.673020 0.816642 0.160765 -0.554303 0.163792 0.856376 0.489687
-2.458722 -393.627333 1890.590739 76865.435780 0.585365 -0.514245 0.626817 0.615704 -0.221050 -0.756337 0.527500 0.828667 0.187228
-0.497412 -257.274832 319.197118 27009.264729 0.598594 -0.450768 0.662189 0.690534 -0.128621 -0.711772 0.406016 0.883326 0.234278
-0.210017 -217.626400 30.932605 8177.778442 0.589951 -0.446302 0.672884 0.801688 0.224485 -0.553987 0.096193 0.866269 0.490230
1.067750 -258.816348 -704.861159 8369.763895 0.595834 -0.412539 0.689052 0.762608 0.021612 -0.646500 0.251815 0.910683 0.327483
-12.808876 -33.964630 1762.583896 2038.397718 0.998654 -0.018622 0.048415 0.014041 -0.801453 -0.597893 -0.049936 -0.597768 0.800112
-5.707005 -29.643429 2044.850150 2166.238364 0.995892 0.062904 0.065138 0.089944 -0.770443 -0.631132 -0.010485 -0.634398 0.772936
-4.369764 -37.940788 2032.373398 2168.613780 0.993264 0.083606 0.080231 0.113168 -0.848692 -0.516638 -0.024898 -0.522237 0.852437
1.758891 -34.791685 2557.762711 2336.123572 0.988499 0.127963 0.080590 0.151127 -0.816584 -0.557091 0.005478 -0.562864 0.826532
5.990290 -24.059108 1334.645618 1858.324988 -0.428461 0.591714 -0.682859 0.511260 0.781890 0.356736 0.745006 -0.196271 -0.637529
10.759525 -17.268841 1361.011720 3806.344680 -0.385124 0.658663 -0.646407 0.428818 0.747949 0.506644 0.817187 -0.082070 -0.570499
3.338913 -23.714326 913.463093 3331.297270 -0.484376 0.506404 -0.713397 0.403737 0.852806 0.331237 0.776129 -0.127582 -0.617533
-8.148659 -21.665970 -99.251268 -351.867314 0.299304 0.609952 0.733741 0.583566 0.491381 -0.646525 0.754896 -0.621694 0.208875
-6.897952 -21.176097 -378.403804 -79.019237 0.354235 0.642903 0.679112 0.607959 0.393471 -0.689613 0.710566 -0.657157 0.251478
-6.557120 -19.898410 -215.934876 -79.168200 0.426917 0.665214 0.612562 0.566999 0.330787 -0.754382 0.704453 -0.669380 0.235958
-8.254355 -20.181168 48.214156 -328.296977 0.383502 0.636072 0.669581 0.541065 0.432818 -0.721053 0.748448 -0.638812 0.178169
42.599686 -311.287061 4615.322057 41544.275519 0.416451 0.665720 -0.619181 0.731908 -0.649503 -0.206052 0.539333 0.367373 0.757732
66.426652 -501.926983 3600.704064 -77646.802711 0.605009 0.662371 -0.441846 -0.508500 0.748453 0.425729 0.612692 -0.032891 0.789637
44.657123 -235.201874 -2016.123906 -4460.481563 -0.624434 -0.668419 0.404101 0.750650 -0.656549 0.073947 0.215884 0.349514 0.911720
25.377622 -262.479908 -0.649222 -23415.142608 -0.469668 -0.669448 0.575544 0.882713 -0.367306 0.293095 0.015189 0.645697 0.763442
5.806104 -553.156264 1958.195061 123821.647534 0.037680 -0.378973 0.924640 -0.608682 0.725132 0.322008 -0.792519 -0.574945 -0.203351
-2.971013 -107.648498 2225.974252 -5973.095899 0.060880 -0.310251 0.948703 -0.487070 0.820387 0.299545 -0.871238 -0.480321 -0.101169
-6.669918 -145.050516 2819.065620 13430.967084 0.070608 -0.388927 0.918559 -0.632499 0.694612 0.342724 -0.771336 -0.605187 -0.196951
4.702643 -505.626238 -2745.155751 -103186.087781 0.000958 0.374669 -0.927158 0.793407 -0.564637 -0.227353 -0.608690 -0.735396 -0.297806
-26.100880 -37.423467 36.925725 -685.517623 -0.500048 0.002024 0.865995 0.858097 0.135927 0.495170 -0.116710 0.990717 -0.069706
-22.278795 -31.981633 -1119.097588 -762.532639 0.750168 0.173479 -0.638086 0.587893 0.266767 0.763686 -0.302704 0.948019 -0.098133
-24.779722 -35.438724 -601.182664 -619.891665 0.720641 0.178443 -0.669951 0.651225 0.157317 0.742399 -0.237870 0.971293 0.002838
-27.460885 -36.903305 249.979404 -606.426404 -0.555205 -0.122442 0.822651 0.822126 0.068954 0.565114 -0.125919 0.990077 0.062379
0.945638 -8.723717 219.404697 1247.047529 0.949211 0.311648 -0.043296 0.271777 -0.742763 0.611916 -0.158544 0.592604 0.789737
-0.223615 -4.348740 62.464328 859.724912 0.980475 0.186732 0.061642 0.112531 -0.789874 0.602856 -0.161262 0.584149 0.795465
1.247947 -11.228166 45.630001 1985.288140 0.856320 0.483754 -0.180824 0.483826 -0.628991 0.608509 -0.180632 0.608566 0.772671
1.864935 -5.998181 620.997638 -173.770838 0.967658 -0.062852 0.244312 -0.190351 -0.817452 0.543634 -0.165545 0.572557 0.802978
1.844104 -16.551949 126.801807 1534.317421 0.879593 0.451063 -0.151189 0.431026 -0.621130 0.654534 -0.201328 0.640890 0.740762
0.836534 -8.321094 550.678215 623.674404 0.986530 0.135552 0.091564 0.056679 -0.808334 0.585989 -0.153446 0.572906 0.805129
0.660956 -11.844361 289.426377 1382.378126 0.935970 0.345601 -0.067224 0.310005 -0.718449 0.622679 -0.166902 0.603648 0.779585
73.422054 -54.681115 -6434.172460 -854.669232 0.431060 0.033708 0.901694 0.901920 0.013768 -0.431683 -0.026965 0.999337 -0.024467
101.625975 -44.532949 -11043.620606 -2161.537492 0.412173 -0.172984 0.894533 0.910924 0.058643 -0.408385 0.018186 0.983177 0.181747
79.244456 -43.071382 -6918.924159 -1832.267863 0.461722 0.001835 0.887023 0.861926 0.235270 -0.449145 -0.209514 0.971928 0.107048
56.616456 -57.436733 -4767.180903 -130.794614 0.472531 0.210551 0.855793 0.854528 0.128126 -0.503355 -0.215631 0.969150 -0.119378
55.244934 -63.603387 -1658.883767 -73.231484 0.406759 0.152715 0.900680 0.913514 -0.074740 -0.399882 0.006249 0.985440 -0.169909
-3.699717 -40.724276 -32.770435 -12.519231 0.113672 0.808348 0.577627 -0.264971 -0.535671 0.801777 -0.957533 0.244194 -0.153298
-4.708531 -38.942657 -209.792561 -1928.805082 0.116775 0.797182 0.592338 -0.216745 -0.561586 0.798525 -0.969219 0.221634 -0.107206
-4.442248 -38.572275 -187.550509 -402.805414 0.133549 0.810000 0.571021 -0.284253 -0.520666 0.805051 -0.949402 0.269828 -0.160710
0.973191 -30.788731 198.129491 -1097.115280 0.181263 0.852639 0.490051 0.958040 -0.040589 -0.283746 -0.222042 0.520921 -0.824220
0.765061 -27.334398 417.469550 73.831886 0.160255 0.851228 0.499729 0.937717 0.026801 -0.346364 -0.308228 0.524111 -0.793916
1.511948 -29.270706 206.445465 -1062.015694 0.176490 0.858141 0.482126 0.957577 -0.036326 -0.285880 -0.227812 0.512128 -0.828147
-4.725546 -61.417616 705.478393 -1987.690888 -0.040922 0.721647 0.691051 -0.335546 0.641537 -0.689811 0.941135 0.260108 -0.215892
-6.286536 -64.432922 566.050725 -2315.972392 -0.032664 0.718918 0.694327 -0.523077 0.579665 -0.624803 0.851659 0.383595 -0.357116
-1.630294 -63.697100 1077.755096 -2492.401427 -0.056378 0.703640 0.708317 -0.425693 0.624786 -0.654544 0.903109 0.338428 -0.264311
-2.146831 -110.439228 169.619384 755.628402 0.300944 0.912474 0.277170 -0.419026 -0.134559 0.897948 -0.856650 0.386374 -0.341856
-0.342666 -115.277897 335.316028 3097.913515 0.307591 0.905182 0.293314 -0.425660 -0.144796 0.893223 -0.851000 0.399599 -0.340762
-1.795436 -109.562270 739.800494 -3079.625328 0.323128 0.898884 0.295966 -0.645261 -0.019503 0.763713 -0.692262 0.437753 -0.573713
-1.110570 -110.991353 345.359907 7633.130317 0.294788 0.910453 0.290130 -0.098503 -0.273051 0.956943 -0.950472 0.310674 -0.009191
-2.280374 -114.729255 246.682646 -4614.176184 0.299785 0.916855 0.263641 -0.697970 0.022395 0.715777 -0.650359 0.398592 -0.646651
-2.527738 -114.145689 449.315406 7590.375888 0.312606 0.913469 0.260484 -0.091155 -0.244113 0.965453 -0.945499 0.325551 -0.006957
1.900423 -22.327388 943.925793 -652.705055 0.420446 0.363330 0.831394 0.763207 0.353898 -0.540621 -0.490652 0.861828 -0.128501
5.712352 -25.423809 691.404394 -486.562334 0.431660 0.400121 0.808438 0.796182 0.252255 -0.549965 -0.423985 0.881062 -0.209681
1.736759 -25.126646 1056.722090 -486.046978 0.390540 0.348334 0.852140 0.824932 0.278443 -0.491891 -0.408615 0.895060 -0.178609
-0.831851 -23.282764 701.470268 -304.803390 0.373207 0.352986 0.857973 0.798602 0.348442 -0.490737 -0.472177 0.868325 -0.151854
8.969328 -30.457591 774.712825 -453.415524 -0.643658 -0.610169 -0.461950 -0.533426 0.790514 -0.300904 0.548781 0.052737 -0.834301
11.071319 -30.588772 -833.595000 -826.848250 -0.658511 -0.597628 -0.457389 -0.523436 0.800395 -0.292203 0.540721 0.046995 -0.839888
11.445647 -28.435050 -622.396492 -659.927453 -0.654883 -0.596699 -0.463765 -0.447630 0.800704 -0.398121 0.608897 -0.053127 -0.791468
12.454790 -29.524384 -1264.454052 -953.646853 -0.672679 -0.581137 -0.458021 -0.460103 0.813294 -0.356170 0.579489 -0.028852 -0.814469
9.033787 -29.722706 251.198468 -168.033407 -0.641704 -0.591228 -0.488534 -0.436419 0.805286 -0.401314 0.630678 -0.044320 -0.774778
1.843996 -138.651462 -966.427804 10086.196238 0.451339 0.891330 0.042713 0.683751 -0.376191 0.625272 -0.573392 0.253004 0.779237
0.470589 -112.163828 -1130.280070 10177.622244 0.445155 0.894630 0.038384 0.855610 -0.437601 0.276472 -0.264137 0.090231 0.960255
-1.181352 -99.470703 -954.244359 4851.729919 0.437287 0.898617 0.035589 0.812472 -0.411714 0.412773 -0.385577 0.151586 0.910139
1.350481 -160.510969 98.089384 15943.992025 0.434375 0.899558 -0.045964 0.751905 -0.334035 0.568383 -0.495940 0.281452 0.821479
0.875878 -155.272204 -710.072231 7274.146467 0.425468 0.904926 -0.009261 0.477452 -0.215766 0.851754 -0.768776 0.366816 0.523860
1.729211 -177.053427 -873.390386 12721.808976 0.445404 0.895255 0.011605 0.441248 -0.230769 0.867206 -0.779048 0.381136 0.497815
0.839436 -28.339318 7.796229 -1073.048537 0.580133 0.548862 0.601827 0.638760 0.151897 -0.754263 -0.505403 0.821996 -0.262471
1.488328 -31.417616 466.990136 -734.694730 0.570164 0.539429 0.619620 0.700131 0.075533 -0.710008 -0.429801 0.838636 -0.334605
-0.256948 -27.093241 426.127621 -851.482203 0.564269 0.522249 0.639419 0.637401 0.216658 -0.739445 -0.524709 0.824813 -0.210629
-6.660098 -24.585647 128.691690 -455.726334 0.312761 0.378395 0.871205 0.821722 0.352247 -0.447990 -0.476396 0.856002 -0.200767
-5.645341 -22.024258 152.954769 -535.490753 0.326774 0.385099 0.863086 0.761008 0.434314 -0.481911 -0.560434 0.814291 -0.151140
-4.361689 -22.153945 405.738433 -648.138006 0.323821 0.351343 0.878464 0.781637 0.423811 -0.457632 -0.533089 0.834831 -0.137384
-2.076471 -24.790965 843.239889 -455.370870 0.352707 0.345142 0.869756 0.831290 0.311158 -0.460584 -0.429598 0.885470 -0.177165
-5.358176 -24.780280 695.010630 -503.163764 0.329088 0.351376 0.876491 0.833958 0.327260 -0.444313 -0.442961 0.877175 -0.185336
-2.268756 -61.438632 -489.182818 -2155.680938 -0.139634 -0.774660 -0.616769 0.944125 -0.291952 0.152944 -0.298547 -0.560951 0.772142
-5.013629 -71.571875 -300.530215 -3620.254790 -0.168320 -0.758951 -0.629016 0.971344 -0.236333 0.025228 -0.167804 -0.606745 0.776983
-4.014186 -69.236884 -421.289344 -3912.736353 -0.148942 -0.772091 -0.617812 0.980712 -0.195309 0.007652 -0.126572 -0.604756 0.786289
0.928929 -54.348035 -760.952453 36.223636 -0.089888 -0.791719 -0.604236 0.921583 -0.296156 0.250951 -0.377631 -0.534296 0.756256
-0.573573 -54.166629 -792.045339 269.968722 -0.117331 -0.790807 -0.600714 0.880481 -0.362616 0.305389 -0.459332 -0.493086 0.738837
-7.532701 -15.924011 -936.947827 63.421800 0.109108 0.369683 0.922730 0.281680 0.878723 -0.385359 -0.953285 0.301961 -0.008257
-11.181330 -18.961749 -857.840257 381.489925 0.185073 0.458521 0.869199 0.224080 0.841489 -0.491615 -0.956837 0.285754 0.052992
-12.061925 -18.709832 -682.140543 77.703441 0.155212 0.275482 0.948693 0.331627 0.890074 -0.312717 -0.930555 0.363150 0.046793
-38.359498 -52.950891 309.560738 -695.172859 0.769966 0.634723 0.065410 -0.632170 0.772736 -0.056927 -0.086678 0.002481 0.996233
-28.185037 -43.470592 58.974747 2530.274957 0.974895 0.169450 -0.144456 0.135746 -0.966539 -0.217659 0.176504 -0.192586 0.965276
-33.315673 -49.024735 96.358152 1452.021124 0.922715 0.384421 -0.028587 0.380972 -0.920719 -0.084477 0.058796 -0.067057 0.996015
16.278208 0.769013 2507.073890 -572.386254 -0.368744 0.747869 -0.552015 -0.522062 -0.657978 -0.542693 0.769077 -0.088071 -0.633060
19.437688 3.225336 2467.600741 1144.687506 -0.306795 0.802725 -0.511380 -0.582163 -0.583329 -0.566404 0.752970 -0.123937 -0.646279
18.497887 0.552318 2310.720731 696.512651 -0.269830 0.837938 -0.474397 -0.584023 -0.534124 -0.611251 0.765577 -0.112125 -0.633498
-1.646300 -17.551830 1876.729474 835.371079 0.505568 0.728244 0.462668 0.657607 -0.672392 0.339769 -0.558529 -0.132478 0.818838
-4.405673 -20.589107 1684.719743 -732.862532 0.564655 0.651440 0.506745 -0.552226 0.754513 -0.354622 -0.613360 -0.079598 0.785782
-7.147437 -16.778445 1695.223426 704.780200 0.465812 0.750237 0.469217 0.674454 -0.644276 0.360582 -0.572827 -0.148502 0.806112
-3.074142 -15.005983 1535.820054 677.696236 0.432386 0.787958 0.438367 0.729557 -0.591420 0.343465 -0.529895 -0.171304 0.830582
16.771541 -30.108609 -1962.466609 -414.503299 -0.608421 -0.498449 -0.617554 0.788418 -0.468534 -0.398589 -0.090669 -0.729401 0.678052
19.300196 -25.502692 -1253.624722 -392.906310 -0.533878 -0.484540 -0.692961 0.778063 -0.602366 -0.178250 -0.331047 -0.634331 0.698593
17.886582 -26.720681 -2344.466228 -795.312884 -0.583269 -0.519495 -0.624438 0.772649 -0.592022 -0.229181 -0.250623 -0.616145 0.746695
13.807597 -28.832082 -1609.692023 -628.109462 -0.594787 -0.518162 -0.614603 0.785723 -0.536315 -0.308231 -0.169907 -0.666239 0.726125
5.615041 -75.835908 125.324145 2021.095212 0.846512 0.525134 0.087477 -0.465033 0.649401 0.601683 -0.259157 0.550011 -0.793930
3.818386 -69.699226 86.029539 3310.828806 0.822265 0.555609 0.123200 -0.428105 0.461240 0.777164 -0.374975 0.691778 -0.617120
2.344738 -63.820920 530.909318 3003.544453 0.843741 0.529261 0.089355 -0.388955 0.488163 0.781288 -0.369885 0.693960 -0.617742
0.962580 -55.491041 850.959165 3551.389142 0.821218 0.553642 0.138134 -0.343952 0.287129 0.894010 -0.455300 0.781689 -0.426222
-4.351630 -61.828776 567.194365 2747.676810 -0.698919 -0.356676 -0.619915 0.714423 -0.388608 -0.581880 -0.033361 -0.849568 0.526423
-5.687399 -61.359742 365.412776 2272.613325 -0.684045 -0.382962 -0.620824 0.729437 -0.361712 -0.580592 -0.002215 -0.850002 0.526774
-4.072457 -68.097766 535.257637 3004.440701 -0.682412 -0.375596 -0.627089 0.713514 -0.528627 -0.459838 -0.158783 -0.761236 0.628735
-5.650445 -53.882150 -284.960729 542.054533 0.707206 0.369652 0.602675 0.700158 -0.247804 -0.669606 0.098176 -0.895517 0.434063
-2.991779 -68.961467 -313.842170 3903.987294 0.705012 0.353707 0.614695 0.698168 -0.498408 -0.513956 -0.124579 -0.791505 0.598331
-4.108494 -60.877339 -642.149369 2388.430769 0.718048 0.341333 0.606547 0.695655 -0.324772 -0.640771 0.021726 -0.882052 0.470652
1.983857 -53.096013 134.396009 815.974547 0.653618 0.442982 0.613637 -0.140949 0.867869 -0.476378 -0.743584 0.224878 0.629693
1.066898 -51.855310 159.859030 -1256.349706 0.659458 0.394998 0.639603 0.024044 0.839310 -0.543120 -0.751357 0.373543 0.543993
1.244527 -48.161112 196.529280 -337.289669 0.658594 0.427496 0.619275 -0.082117 0.858873 -0.505563 -0.748005 0.282107 0.600753
1.066643 -58.187499 275.112474 -2166.899966 0.661530 0.375749 0.648992 0.189792 0.753355 -0.629631 -0.725505 0.539693 0.427053
2.788305 -59.702335 174.837481 -1753.082876 0.650917 0.390430 0.651054 0.224905 0.719933 -0.656593 -0.725069 0.573813 0.380807
249.633599 -34.465537 -45823.616012 -182.891360 0.065414 0.996690 -0.048263 0.232976 0.031775 0.971963 -0.970280 0.074824 0.230126
212.077578 -34.000417 36740.764595 -44.254031 0.670615 0.695140 -0.258949 0.285372 0.080459 0.955034 -0.684717 0.714357 0.144416
153.384733 -30.311639 -18314.924130 -63.362603 0.270034 0.961078 -0.058402 0.336541 -0.037380 0.940927 -0.902121 0.273737 0.333536
314.898877 -42.100556 -67012.682807 108.931374 -0.197405 0.977610 0.072873 0.339203 -0.001629 0.940712 -0.919768 -0.210420 0.331286
4905.980016 -107.752990 -1070878.243726 -10046.973336 -0.333343 0.941387 -0.051700 0.227168 0.133419 0.964673 -0.915029 -0.309822 0.258327
422.893048 -29.963220 -82744.927352 383.324004 -0.186503 0.978867 -0.083886 0.179086 0.117826 0.976752 -0.965994 -0.167144 0.197276
-0.585652 -44.742204 111.758650 -1829.497761 0.661191 0.406195 0.630739 0.001711 0.839923 -0.542703 -0.750216 0.359910 0.554654
0.514586 -46.932715 72.991602 -1008.039853 0.658141 0.404562 0.634965 0.001338 0.842735 -0.538327 -0.752894 0.355144 0.554097
-1.033070 -53.760043 300.731558 -3293.355787 0.667052 0.386077 0.637170 0.123146 0.786346 -0.605388 -0.734763 0.482290 0.476990
0.029827 -42.444599 83.653612 767.504475 0.660890 0.424019 0.619219 -0.094046 0.865383 -0.492208 -0.744567 0.267060 0.611800
-1.948448 -51.959090 282.654319 -3096.726600 0.666773 0.415908 0.618412 0.049062 0.803497 -0.593284 -0.743644 0.425927 0.515345
-0.559623 -43.373866 49.836271 -245.773408 0.659853 0.426976 0.618292 -0.072884 0.855349 -0.512899 -0.747851 0.293375 0.595525
-7.956822 -107.784017 -378.099105 9637.242474 0.536437 -0.553051 0.637472 0.706540 0.707413 0.019171 -0.461559 0.440115 0.770235
-6.387612 -91.295646 555.342851 8306.030074 0.605952 -0.534172 0.589476 0.706701 0.701688 -0.090598 -0.365233 0.471481 0.802689
-4.251643 -83.982132 549.566038 8119.320034 0.593292 -0.546526 0.591028 0.777645 0.578849 -0.245360 -0.208021 0.605180 0.768430
-4.699759 -84.140529 492.499558 6760.276639 0.557985 -0.561557 0.610988 0.798017 0.565071 -0.209435 -0.227642 0.604441 0.763433
-5.146620 -91.014805 -295.268297 4644.997617 0.514132 -0.557592 0.651735 0.772762 0.630835 -0.069895 -0.372165 0.539572 0.755219
6.139910 -3.022633 -2204.576913 837.491549 -0.096344 -0.182527 -0.978469 -0.105019 0.979419 -0.172364 0.989792 0.086151 -0.113529
-12.792062 -451.370562 -152.013270 -4450.440789 0.543632 -0.457958 0.703376 0.680595 -0.249892 -0.688726 0.491176 0.853128 0.175835
-3.514324 -242.188389 232.673629 -19975.038314 -0.526730 0.477132 -0.703492 -0.459001 0.536927 0.707833 0.715453 0.695740 -0.063811
-8.673303 -23.912646 150.162751 -136.207545 -0.209093 -0.552749 -0.806690 0.484116 0.658233 -0.576507 0.849654 -0.511075 0.129963
-8.740463 -24.832969 61.132283 -11.057345 -0.160033 -0.564838 -0.809535 0.441667 0.692461 -0.570463 0.882791 -0.448838 0.138654
-8.652293 -24.294352 -81.745820 -166.062758 -0.177225 -0.581576 -0.793952 0.498166 0.642730 -0.582005 0.848777 -0.498666 0.175814
-1.049825 -46.111267 -51.706027 -1747.506987 0.662827 0.446206 0.601300 -0.036245 0.821225 -0.569452 -0.747895 0.355654 0.560503
-2.168159 -57.513223 -167.842883 -4102.286854 0.663885 0.461443 0.588496 0.071640 0.744071 -0.664248 -0.744395 0.483144 0.460920
68.876052 -181.931164 4725.244022 22615.513134 0.577538 0.709303 -0.404152 0.213892 -0.609243 -0.763593 0.787845 -0.354559 0.503575
76.012756 -239.379484 -664.038887 -29877.197195 0.779691 0.601682 -0.173381 -0.424245 0.711263 0.560465 0.460541 -0.363434 0.809826
64.496985 -141.615279 -2310.256667 17608.896205 0.798173 0.593977 -0.100549 0.273715 -0.506249 -0.817797 0.536656 -0.625222 0.566655
54.267897 -290.068600 6504.697124 -47915.512510 0.403561 0.694003 -0.596237 -0.374978 0.719870 0.584105 0.834584 -0.012146 0.550747
46.483201 -91.048808 -649.815706 8461.343895 0.673535 0.699823 -0.237905 0.082876 -0.391330 -0.916511 0.734494 -0.597586 0.321573
45.570724 -86.293981 5631.335814 8455.711882 0.402435 0.797432 -0.449608 -0.023582 -0.481941 -0.875886 0.915145 -0.363090 0.175145
50.007377 -121.691695 6691.686841 16649.691339 0.342609 0.754421 -0.559882 0.141623 -0.630613 -0.763066 0.928742 -0.182141 0.322898
0.646113 -9.678747 -62.328817 2102.944574 0.762712 0.590651 -0.263440 0.618641 -0.547548 0.563449 -0.188556 0.592724 0.783023
3.059691 -5.572334 614.994613 -330.804006 0.803328 -0.355490 0.477798 -0.561319 -0.720008 0.408055 -0.198959 0.595999 0.777946
74.071513 -26.213169 -1764.348292 -1043.143101 0.446280 -0.389031 0.805909 0.894531 0.219547 -0.389375 -0.025456 0.894681 0.445980
-3.712490 -39.496828 -138.388874 -349.482204 0.089723 0.788289 0.608728 -0.173042 -0.589559 0.788972 -0.980819 0.176125 -0.083510
-4.372698 -35.827728 -247.090122 316.276170 0.104225 0.771573 0.627545 -0.053074 -0.625767 0.778202 -0.993137 0.114415 0.024270
-0.219245 -47.940669 259.172172 -815.620611 0.224273 0.846925 0.482099 0.914902 -0.353366 0.195161 0.335644 0.397304 -0.854104
-1.911115 -49.419022 -110.810122 304.020150 0.251984 0.841616 0.477690 -0.885826 0.399342 -0.236301 0.389636 0.363606 -0.846153
-0.594970 -46.634250 110.430212 -1535.705358 0.225055 0.848638 0.478711 0.953706 -0.292459 0.070096 0.199489 0.440774 -0.875170
-1.991527 -48.188436 122.821648 -604.054148 0.247069 0.840191 0.482738 -0.830679 0.440157 -0.340933 0.498929 0.316766 -0.806678
1.060108 -43.943881 481.377485 -1526.059538 0.200519 0.851204 0.485019 0.969446 -0.243805 0.027082 0.141302 0.464770 -0.874084
-0.889714 -48.958561 520.289504 -325.475674 0.223721 0.843569 0.488202 -0.819962 0.433681 -0.373610 0.526889 0.316722 -0.788717
0.842436 -47.560757 667.999541 -144.980127 0.200089 0.844807 0.496251 -0.883388 0.374625 -0.281571 0.423781 0.382043 -0.821251
1.823873 -46.568675 563.591321 -1518.992688 0.197821 0.847021 0.493378 0.947524 -0.294179 0.125128 0.251127 0.442734 -0.860768
2.566189 -60.022758 182.309864 -1249.091698 0.016555 0.712035 0.701949 0.995391 0.054587 -0.078847 -0.094459 0.700019 -0.707849
3.233248 -64.367574 562.824125 -1921.898061 -0.032421 0.715188 0.698179 0.996084 -0.034367 0.081459 0.082253 0.698086 -0.711273
0.433992 -64.851996 238.709640 -2239.173999 -0.011197 0.713449 0.700617 0.990730 -0.086951 0.104377 0.135387 0.695291 -0.705862
4.714540 -63.272549 750.280505 -1429.657528 -0.020066 0.705689 0.708238 0.999261 0.037385 -0.008939 -0.032786 0.707535 -0.705917
-0.949254 -60.105056 338.646990 -1655.064906 0.031100 0.699796 0.713665 0.995255 -0.087540 0.042468 0.092193 0.708958 -0.699199
5.138561 -59.768626 257.011986 -1069.246771 -0.006599 0.717297 0.696736 0.974033 0.162298 -0.157861 -0.226312 0.677602 -0.699742
3.811036 -57.173790 748.448875 1123.140165 0.080434 0.680546 0.728277 0.957113 0.151287 -0.247078 -0.278327 0.716916 -0.639191
5.427240 -57.211658 336.170935 428.452611 0.025108 0.707235 0.706533 0.954311 0.193553 -0.227659 -0.297760 0.679968 -0.670062
1.215466 -56.239145 566.964632 -784.700453 0.067548 0.685594 0.724844 0.992670 0.026793 -0.117849 -0.100217 0.727491 -0.678759
-0.031004 -35.880132 -57.334649 -812.137972 -0.037182 -0.731858 -0.680442 0.894347 -0.328150 0.304075 -0.445827 -0.597245 0.666736
0.250131 -35.933816 65.079397 215.844959 -0.020773 -0.731453 -0.681576 0.844339 -0.377912 0.379834 -0.535407 -0.567591 0.625444
-0.294840 -35.675476 37.648789 -582.626938 -0.030227 -0.731912 -0.680728 0.895093 -0.322923 0.307458 -0.444855 -0.600021 0.664890
-1.560578 -117.126388 169.227830 -3618.659724 0.298209 0.912114 0.281280 -0.744145 0.037615 0.666958 -0.597762 0.408206 -0.689963
0.231593 -107.775039 -157.774231 -540.602269 0.296674 0.914774 0.274177 -0.565658 -0.062989 0.822230 -0.769425 0.399025 -0.498762
-0.347403 -105.744861 -428.657463 7707.066535 0.283601 0.913196 0.292649 -0.076886 -0.282543 0.956169 -0.955855 0.293671 0.009918
0.354981 -105.395670 639.521209 2802.129294 0.320184 0.899940 0.295956 -0.290540 -0.204067 0.934849 -0.901703 0.385311 -0.196130
70.823919 -31.224609 -17317.683400 -450.333400 -0.379223 -0.686355 -0.620569 0.924717 -0.257195 -0.280624 0.033000 -0.680270 0.732218
-2.073929 -30.325605 -584.588511 -21.597556 -0.135789 -0.698144 -0.702962 0.990021 -0.122609 -0.069471 -0.037688 -0.705380 0.707826
-2.324568 -30.429701 -1081.967481 -645.355107 -0.111469 -0.710801 -0.694504 0.991943 -0.037252 -0.121082 0.060194 -0.702406 0.709227
-1.528952 -31.758125 -806.602666 349.583781 -0.146487 -0.712824 -0.685874 0.984614 -0.171848 -0.031690 -0.095277 -0.679963 0.727030
180.325095 -38.179337 -37056.130872 939.394998 -0.488167 -0.647563 -0.585111 0.872741 -0.359074 -0.330742 0.004078 -0.672107 0.740443
58.056678 -27.900314 -13364.648746 50.141538 -0.507950 -0.601421 -0.616668 0.854117 -0.444472 -0.270054 -0.111676 -0.663880 0.739454
10.759310 -14.164208 -243.985166 -41.173293 0.157167 0.228373 0.960804 0.296783 0.917002 -0.266509 -0.941923 0.327036 0.076345
7.672032 -13.113333 -131.823845 -215.157923 0.120562 0.231173 0.965414 0.336218 0.905522 -0.258819 -0.934036 0.355793 0.031447
8.928506 -14.214479 479.902807 -178.721867 0.204302 0.278945 0.938323 0.339741 0.878756 -0.335209 -0.918061 0.387271 0.084763
7.568488 -32.413770 -595.591296 -462.097584 -0.658928 -0.594093 -0.461375 -0.590700 0.788433 -0.171602 0.465711 0.159461 -0.870451
10.531132 -32.818490 -2131.687786 -686.055719 -0.666763 -0.575093 -0.474021 -0.569958 0.803286 -0.172855 0.480182 0.154919 -0.863380
12.335181 -31.924845 -1467.389514 -809.223458 -0.668889 -0.584286 -0.459561 -0.538472 0.807045 -0.242333 0.512479 0.085367 -0.854446
-2.198586 -109.276632 241.137684 4147.582296 0.432829 0.901470 -0.003215 0.798139 -0.381553 0.466254 -0.419087 0.204374 0.884645
-2.404897 -155.414474 -136.863479 14752.446708 0.431712 0.901948 -0.010669 0.664521 -0.310026 0.679923 -0.609948 0.300621 0.733205
-2.172715 -107.653341 472.540378 6930.296568 0.445214 0.895347 -0.011755 0.827987 -0.406650 0.386101 -0.340914 0.181630 0.922382
42.470410 -377.582404 -333.213458 -52744.586727 0.006042 0.994181 0.107549 0.280866 -0.104909 0.953996 -0.959728 -0.024443 0.279865
50.681472 -547.273903 -2131.625924 6322.620733 0.166672 0.986005 -0.003905 -0.004172 0.004666 0.999980 -0.986004 0.166652 -0.004891
27.927864 -283.587700 691.906844 -7951.827551 0.186903 0.979303 0.077667 0.360620 -0.141935 0.921850 -0.913795 0.144288 0.379684
31.699723 -330.152380 2274.012555 -45046.976738 0.066894 0.988520 0.135476 0.633640 -0.146973 0.759539 -0.770730 -0.035035 0.636197
10.836528 -21.938601 -2131.297646 -476.218432 -0.120819 -0.493801 -0.861140 -0.423526 0.810219 -0.405180 0.897791 0.315762 -0.307028
19.495167 -23.434887 -2363.815909 -379.980005 -0.172886 -0.524459 -0.833698 -0.420121 0.804847 -0.419188 0.890847 0.277783 -0.359484
10.146415 -19.023642 -1731.401829 -752.531843 -0.115034 -0.543930 -0.831209 -0.327389 0.810772 -0.485248 0.937861 0.216309 -0.271343
3.422572 -19.137231 -1117.048647 -698.501143 -0.104712 -0.529121 -0.842061 -0.358529 0.809863 -0.464305 0.927627 0.253285 -0.274508
-4.222376 -20.399602 -820.228248 -324.442128 0.320136 0.679628 0.660014 -0.754110 0.604505 -0.256693 0.573438 0.415547 -0.706038
-0.512313 -20.136823 473.857926 -192.473198 -0.395545 -0.611377 -0.685392 -0.765531 0.631773 -0.121755 0.507450 0.476530 -0.717923
-2.892380 -21.078907 -1048.223226 -200.091937 0.344946 0.663029 0.664383 -0.794604 0.583046 -0.169301 0.499618 0.469522 -0.727964
-5.400686 -73.889406 -262.590907 -2172.004480 -0.165366 -0.762389 -0.625634 0.982462 -0.071928 -0.172031 0.086154 -0.643109 0.760913
2.349388 -95.524915 -231.612602 1056.713155 0.351678 0.820946 0.449856 -0.839367 0.489299 -0.236746 0.414470 0.294336 -0.861151
2.806622 -101.875696 -554.734349 4841.167012 0.336908 0.836750 0.431675 0.929013 -0.369962 -0.007936 0.153063 0.403705 -0.901994
0.139147 -94.688645 -858.520763 1977.865043 0.345186 0.842147 0.414288 -0.869983 0.452717 -0.195389 0.352102 0.292978 -0.888925
-20.883793 -58.595193 2110.457136 4787.941623 -0.621822 -0.735549 -0.268894 0.776934 -0.622583 -0.093621 -0.098546 -0.267129 0.958609
-8.699078 -54.466209 4340.843272 5513.465147 -0.694098 -0.619872 -0.366041 0.715256 -0.651371 -0.253227 -0.081460 -0.437578 0.895483
-14.787042 -42.549732 -2240.091927 4868.670945 0.749076 0.582936 0.314755 0.660893 -0.624639 -0.415990 0.045887 -0.519627 0.853160
-19.921894 -45.303333 -1292.147615 -1158.255462 0.983854 0.166039 0.066800 0.010550 0.318786 -0.947768 0.178661 -0.933170 -0.311887
-13.518479 -46.674499 -3071.591329 -44.818285 0.996924 0.078054 0.007031 -0.028070 0.439390 -0.897858 0.073170 -0.894899 -0.440229
-21.846701 -48.648297 -845.989900 253.902422 0.983851 0.148355 0.100144 0.006225 0.530793 -0.847479 0.178884 -0.834416 -0.521298
-11.749057 -49.368753 -3638.582928 190.230437 0.994761 0.101944 -0.007565 -0.067176 0.596127 -0.800075 0.077053 -0.796392 -0.599852
-26.020166 -49.222437 -76.443255 -279.145765 0.960037 0.237297 0.148391 0.021063 0.467440 -0.883774 0.279081 -0.851581 -0.443761
-26.175387 -49.012158 240.559546 481.545674 0.964456 0.199452 0.173331 0.016425 0.609431 -0.792669 0.263733 -0.767341 -0.584493
-22.157920 -49.181909 -665.198000 253.103869 0.981456 0.139487 0.131484 0.002399 0.676931 -0.736043 0.191674 -0.722709 -0.664043
30.935723 -60.335504 -2947.580623 -2117.131767 0.518219 0.622877 0.586067 -0.480560 0.778922 -0.402918 -0.707468 -0.072841 0.702981
34.499244 -59.379638 -4670.559634 -294.701337 0.545636 0.569197 0.615058 -0.273243 0.814668 -0.511522 -0.792225 0.111045 0.600041
42.847242 -49.863671 -4010.130499 -186.449288 0.605732 0.617028 0.502359 -0.409869 0.783127 -0.467675 -0.681980 0.077384 0.727266
40.865860 -49.686967 -3693.170719 -439.110676 0.639863 0.510692 0.574255 -0.166640 0.821677 -0.545049 -0.750205 0.253063 0.610862
42.038355 -47.613570 -4616.300660 -2188.830698 0.530865 0.675004 0.512399 -0.613002 0.723347 -0.317800 -0.585158 -0.145392 0.797779
47.649761 -40.392877 -3518.693386 -1807.605971 0.617746 0.690419 0.376446 -0.606724 0.723001 -0.330387 -0.500276 -0.024304 0.865525
42.498730 -33.708361 625.382726 98.895318 0.721066 0.644852 0.253435 -0.514847 0.743456 -0.426856 -0.463677 0.177311 0.868081
38.635209 -37.715610 173.638866 1034.281166 0.762307 0.524447 0.379267 -0.267410 0.788859 -0.553347 -0.589389 0.320400 0.741596
1.284737 -16.260184 897.067108 2811.949881 -0.580129 0.334123 -0.742841 0.271421 0.939168 0.210461 0.767972 -0.079528 -0.635527
-2.689128 -14.363525 802.124889 1834.270791 -0.661228 -0.126712 -0.739406 -0.008115 0.986782 -0.161848 0.750141 -0.101018 -0.653516
-2.062223 -17.189792 641.604117 2086.792878 -0.641754 0.089469 -0.761674 0.140427 0.990089 -0.002018 0.753944 -0.108255 -0.647958
-10.945906 -22.953544 1650.255924 168.900819 0.633498 0.440009 0.636453 -0.224462 0.891699 -0.393052 -0.740471 0.106138 0.663655
-11.533942 -21.946467 1357.513975 567.085142 0.621703 0.388765 0.679961 -0.117000 0.904479 -0.410157 -0.774465 0.175441 0.607803
-15.720415 -23.993728 918.332313 544.917015 0.626814 0.176929 0.758815 -0.039071 0.979789 -0.196178 -0.778189 0.093319 0.621059
-4.707049 -21.218717 1680.807553 644.888290 0.620609 0.539199 0.569305 -0.235000 0.820570 -0.520999 -0.748077 0.189550 0.635965
-17.140149 -23.494386 1317.903510 93.366618 0.672819 0.166996 0.720713 -0.107672 0.985921 -0.127931 -0.731930 0.008473 0.681327
-2.713194 -23.134577 1430.100178 241.298733 0.603811 0.571552 0.555645 -0.332859 0.814162 -0.475757 -0.724305 0.102316 0.681846
-10.643223 -23.050695 1738.206527 -299.168816 0.621045 0.503060 0.601027 -0.345888 0.864036 -0.365791 -0.703324 0.019285 0.710608
12.574136 -76.163609 -1693.741286 -306.107287 0.824405 0.559028 0.088566 -0.542974 0.736946 0.402603 -0.159798 0.379997 -0.911080
-6.565277 -54.221324 4.642426 301.066744 -0.683097 -0.399100 -0.611635 0.712656 -0.181144 -0.677723 0.159685 -0.898836 0.408160
-5.957483 -59.701572 -90.820892 2335.802822 -0.666835 -0.420725 -0.615078 0.736375 -0.245333 -0.630526 0.114380 -0.873385 0.473408
2.872167 -54.506183 359.565926 2068.861954 0.644697 0.475349 0.598672 -0.254107 0.871880 -0.418636 -0.720968 0.117767 0.682888
229.595938 -32.219509 42275.273781 169.199805 0.765696 0.547068 -0.338269 0.405783 -0.002817 0.913965 -0.499048 0.837083 0.224148
3393.344242 -78.542258 787089.274522 -6939.606325 0.891663 0.311673 -0.328325 0.341058 0.014420 0.939932 -0.297686 0.950080 0.093441
614.336958 -49.277420 151195.245030 1583.896484 0.889303 0.406605 -0.209315 0.183291 0.102429 0.977708 -0.418981 0.907844 -0.016563
0.505262 -53.163889 133.567782 -3317.101892 0.659269 0.382485 0.647356 0.106705 0.804647 -0.584087 -0.744297 0.454147 0.489666
0.616123 -50.289612 52.318696 1222.454294 0.655760 0.428233 0.621767 -0.122863 0.873120 -0.471769 -0.744905 0.232975 0.625172
302.435707 -29.206388 -45946.484122 1417.888672 -0.503350 -0.395965 -0.768018 0.863023 -0.186370 -0.469529 0.042782 -0.899154 0.435536
0.044322 -67.778184 1104.670238 2013.418536 0.615655 -0.548974 0.565328 0.786925 0.466031 -0.404430 -0.041439 0.693860 0.718916
5.159458 -67.968016 1576.206950 -3490.774582 0.659579 -0.522005 0.540801 0.747250 0.377794 -0.546707 0.081072 0.764710 0.639254
1.925494 -71.657069 632.392917 -556.558467 0.602062 -0.542512 0.585835 0.795224 0.341538 -0.500970 0.071697 0.767485 0.637045
5.723561 -57.164413 1326.277005 -455.561119 0.711786 -0.461266 0.529711 -0.701627 -0.502195 0.505489 -0.032853 0.731460 0.681092
-2.474705 -78.322425 305.133653 3292.238644 0.545237 -0.562240 0.621774 0.831335 0.457952 -0.314899 -0.107694 0.688597 0.717102
1.367287 -60.881682 1397.518825 5079.981730 0.665878 -0.506410 0.547865 0.740575 0.537552 -0.403221 -0.090311 0.674231 0.732978
