12678
25339
-47.764566 -70.808854 344.044899 10071.850187 -0.582795 0.405038 -0.704482 0.785620 0.059224 -0.615868 -0.207727 -0.912380 -0.352721
-53.728235 -79.061434 895.776778 6682.245395 0.712321 -0.352809 0.606732 0.650427 0.007021 -0.759537 -0.263711 -0.935669 -0.234478
-47.894978 -94.395632 2692.095330 12095.010241 -0.426793 0.389675 -0.816089 0.843147 -0.154873 -0.514895 -0.327032 -0.907837 -0.262455
-40.807187 -61.632035 143.906248 6889.456211 0.913099 -0.256284 0.317126 0.382073 0.266216 -0.884957 -0.142376 -0.929219 -0.341000
-36.901062 -79.860809 5379.040377 15432.618150 -0.458007 0.484749 -0.745150 0.859104 0.025991 -0.511141 -0.228408 -0.874267 -0.428354
-35.266766 -53.779727 -2850.588748 9070.480310 0.722806 -0.414224 0.553145 0.676023 0.257813 -0.690308 -0.143335 -0.872898 -0.466374
-43.666282 -68.170928 -758.270302 2739.232576 0.598426 0.639543 -0.482567 -0.179385 -0.480073 -0.858691 0.780837 -0.600429 0.172564
-42.765796 -68.215224 -147.243302 897.129923 0.614175 0.591338 -0.522598 -0.294567 -0.442571 -0.846971 0.732134 -0.674129 0.097627
-44.048573 -66.397437 -992.621087 1367.998983 0.535465 0.653480 -0.535015 -0.294136 -0.449530 -0.843449 0.791683 -0.609005 0.048496
-43.060221 -67.638768 -244.825735 2897.008371 0.524730 0.683242 -0.507779 -0.161590 -0.505706 -0.847437 0.835792 -0.526727 0.154954
-44.023491 -72.491181 -697.625711 2153.757864 0.600505 0.667736 -0.439911 -0.028618 -0.531850 -0.846355 0.799108 -0.520830 0.300269
-18.365043 -47.624052 486.740815 -384.418330 -0.484887 0.852557 0.195015 -0.111308 0.161011 -0.980656 0.867465 0.497214 -0.016824
-21.268927 -44.832650 2147.451625 -165.331671 -0.440068 0.830036 0.342609 -0.205864 0.278121 -0.938226 0.874048 0.483415 -0.048483
-15.366803 -44.838941 549.381280 1032.135232 -0.440704 0.834449 0.330869 -0.302950 0.208706 -0.929872 0.844986 0.510035 -0.160819
-16.009580 -48.413737 -799.624046 1005.565750 -0.501523 0.845732 0.182243 -0.184559 0.101214 -0.977596 0.845229 0.523922 -0.105327
-13.462592 -45.938823 -928.175707 2227.533340 -0.501270 0.838157 0.214990 -0.294519 0.068357 -0.953198 0.813626 0.541128 -0.212588
-9.432693 -49.608476 -15.111579 -262.335790 -0.736609 0.675882 0.024310 0.630334 0.699109 -0.337529 -0.245125 -0.233304 -0.941001
-7.841912 -44.757848 564.280936 -231.442018 -0.733622 0.678264 0.041910 -0.591431 -0.667641 0.452179 -0.334677 -0.306941 -0.890942
-8.620283 -48.320099 -185.870493 1031.637541 -0.738900 0.672643 0.039734 0.625496 0.706648 -0.330761 -0.250562 -0.219546 -0.942878
-9.913437 -44.766506 193.787959 1063.364536 0.744409 -0.667572 -0.014266 0.590286 0.667913 -0.453271 -0.312120 -0.328998 -0.891259
-9.258981 -52.050283 1738.539380 -2673.378352 -0.739983 0.669691 0.062768 0.630858 0.723375 -0.280618 -0.233332 -0.168055 -0.957765
-10.217824 -44.487616 1270.068701 2904.854761 0.748621 -0.662930 0.009506 0.622017 0.697312 -0.356161 -0.229481 -0.272542 -0.934376
-11.297733 -51.732499 1369.288388 -3104.369257 0.741358 -0.671106 0.002278 0.636596 0.702153 -0.318946 -0.212447 -0.237904 -0.947770
10.009489 -0.962950 -2268.350228 -1877.985313 -0.293058 0.054538 -0.954538 0.903656 -0.310295 -0.295165 -0.312286 -0.949075 0.041651
13.498408 -7.561003 -1591.341915 5701.010412 0.058574 -0.034610 -0.997683 0.969328 -0.236983 0.065130 -0.238688 -0.970897 0.019667
6.850004 -6.601876 -5890.048368 1329.042313 -0.233222 -0.030621 -0.971941 0.935315 -0.280546 -0.215594 -0.266072 -0.959352 0.094070
-2.384051 -14.280227 -5089.840805 2427.937597 -0.263612 0.000210 -0.964629 0.923665 -0.288266 -0.252480 -0.278123 -0.957550 0.075797
-0.671498 -10.496743 -4847.948063 -3413.243376 -0.650607 0.116042 -0.750496 0.713023 -0.246773 -0.656278 -0.261358 -0.962100 0.077811
8.906229 -16.484696 -5279.543207 5037.591244 0.018176 -0.078657 -0.996736 0.958371 -0.282741 0.039789 -0.284948 -0.955966 0.070244
1.177906 -88.903840 -1231.279031 -13294.486270 0.722225 -0.647387 0.243478 -0.130408 0.218252 0.967140 0.679254 0.730244 -0.073203
-5.578332 -107.544429 374.542199 -9189.241247 0.703824 -0.676488 0.216788 -0.304225 -0.011269 0.952534 0.641934 0.736368 0.213735
-4.167472 -96.666280 1881.371594 -12311.902951 0.719673 -0.676105 0.157967 -0.155317 0.064981 0.985725 0.676718 0.733934 0.058245
0.999688 -81.910405 560.039670 -12473.909995 0.729876 -0.666202 0.153151 -0.025326 0.197534 0.979969 0.683110 0.719135 -0.127303
-1.117322 -128.013896 795.058931 15564.555758 -0.572297 0.812111 -0.113803 0.201346 0.273685 0.940508 -0.794944 -0.515336 0.320145
-1.891105 -136.231489 759.793719 4381.444909 -0.569535 0.815885 -0.099811 -0.017357 0.109464 0.993839 -0.821784 -0.567758 0.048182
-1.190764 -127.046907 -984.932142 12958.076207 -0.597852 0.793649 -0.112672 0.152512 0.250607 0.956000 -0.786965 -0.554363 0.270867
-1.241140 -108.410727 -942.283226 13871.759495 -0.594382 0.793808 -0.128754 0.308186 0.372728 0.875268 -0.742786 -0.480564 0.466184
-0.779078 -106.661184 -1751.014804 13916.334631 -0.600447 0.788659 -0.132213 0.308170 0.380777 0.871803 -0.737899 -0.482727 0.471678
-1.898255 -133.198654 -1605.711102 2886.548306 -0.606673 0.786956 -0.112464 -0.045902 0.106558 0.993246 -0.793625 -0.607738 0.028523
-0.532871 -121.178250 -505.248823 13461.345721 -0.591697 0.795342 -0.131627 0.204771 0.306200 0.929683 -0.779720 -0.523137 0.344040
-10.697978 -57.176450 1589.399056 -13752.384626 -0.509614 0.795112 -0.328771 0.754843 0.596547 0.272660 -0.412923 0.109219 0.904193
-12.687219 -89.118635 1825.462747 -18411.318600 -0.565184 0.747994 -0.347954 0.761985 0.634964 0.127279 -0.316142 0.193199 0.928832
-7.145338 -67.239406 2512.840838 -15927.818568 -0.557679 0.743438 -0.369180 0.715294 0.656076 0.240662 -0.421128 0.129860 0.897657
-7.198789 -45.175395 1845.809203 -6436.870490 -0.510373 0.784255 -0.352792 0.714933 0.614942 0.332743 -0.477902 0.082400 0.874540
-9.432511 -42.990993 522.613950 -4487.256934 -0.468441 0.827350 -0.309928 0.756157 0.556876 0.343681 -0.456936 0.073360 0.886469
-9.951867 -42.637647 63.695280 1740.777264 0.744837 -0.667173 0.009958 0.594329 0.656582 -0.464406 -0.303301 -0.351825 -0.885566
-11.081180 -47.133717 -217.599968 1189.802484 0.726547 -0.686716 0.023470 0.646566 0.671709 -0.361607 -0.232556 -0.277899 -0.932035
39.986273 -22.338756 11694.997653 1878.901576 0.685768 -0.688664 0.235507 0.219087 -0.113248 -0.969111 -0.694063 -0.716182 -0.073215
34.555779 -23.487436 11348.528806 -2153.847675 0.716702 -0.682646 0.142596 0.163202 -0.034616 -0.985985 -0.678014 -0.729929 -0.086600
51.592281 -17.239841 -7433.797682 -953.839128 -0.611725 0.763801 -0.205913 -0.212176 0.092342 0.972859 -0.762085 -0.638812 -0.105572
50.531939 -17.437861 -300.271956 -3266.999581 -0.507533 0.808757 -0.297190 -0.242264 0.197056 0.949988 -0.826873 -0.554149 -0.095921
48.731329 -9.501024 8316.591612 -1789.425178 -0.446468 0.872062 -0.200436 -0.228551 0.105431 0.967806 -0.865119 -0.477904 -0.152239
-1.822790 -25.042456 -9371.144584 -2905.275482 -0.941085 0.295474 -0.164482 0.300879 0.953625 -0.008399 0.154373 -0.057394 -0.986344
21.871919 -23.785811 -11667.465242 -2363.790577 -0.941780 0.295475 -0.160453 0.305978 0.950989 -0.044692 0.139383 -0.091185 -0.986031
2.279023 -22.968180 -10222.990539 149.867227 -0.957431 0.229734 -0.174779 0.242635 0.968492 -0.056131 0.156377 -0.096149 -0.983006
24.308356 -28.867412 -11271.501258 -3598.596321 -0.922987 0.354969 -0.148637 0.357369 0.933897 0.011151 0.142770 -0.042826 -0.988829
6.365283 -31.857362 -10305.492952 -4060.915750 -0.908814 0.380977 -0.170042 0.377800 0.924428 0.051962 0.176988 -0.017018 -0.984066
-8.621404 -43.657923 -37.770576 1027.987235 0.754831 -0.655117 0.032449 0.462775 0.496849 -0.734153 -0.464834 -0.569178 -0.678208
-9.179384 -46.025420 -1018.601418 2188.589091 0.769651 -0.638377 0.010596 0.415662 0.488402 -0.767260 -0.484626 -0.594927 -0.641248
-9.120516 -47.295260 -694.363989 2080.809197 0.762964 -0.646347 0.011065 0.382267 0.437303 -0.814026 -0.521304 -0.625302 -0.580723
3.052792 -314.619585 3416.439257 -17600.241234 0.103079 -0.569276 -0.815659 0.974778 0.221007 -0.031061 0.197948 -0.791884 0.577699
1.010853 -262.917678 3591.077167 -20145.033192 0.137733 -0.550378 -0.823476 0.987134 0.144448 0.068564 0.081213 -0.822325 0.563193
1.469707 -271.324957 2550.514503 -31593.029920 0.158566 -0.553911 -0.817337 0.960828 -0.104005 0.256889 -0.227301 -0.826054 0.515722
5.050616 -335.564961 1505.618063 -29063.745113 0.132643 -0.598540 -0.790036 0.990410 0.048963 0.129189 -0.038642 -0.799596 0.599294
4.030662 -393.418531 1765.054641 -938.342909 0.099402 -0.610867 -0.785468 0.902991 0.386982 -0.186686 0.418003 -0.690714 0.590074
2.625377 -116.479035 -4251.423506 4007.583016 0.208917 -0.265596 -0.941176 0.409965 0.897548 -0.162282 0.887852 -0.351946 0.296399
3.255337 -121.820117 -1772.973280 2737.476557 0.198226 -0.249204 -0.947947 0.577900 0.810869 -0.092323 0.791668 -0.529518 0.304750
-1.267165 -124.215313 -3055.656001 2410.907850 0.199824 -0.256989 -0.945530 0.587129 0.803966 -0.094432 0.784442 -0.536278 0.311538
8.537068 -112.647215 -3506.250339 5442.787396 0.185919 -0.276914 -0.942737 0.380927 0.904740 -0.190629 0.905720 -0.323673 0.273692
-6.189243 -120.822146 -2198.931994 3778.249666 0.170551 -0.275251 -0.946123 0.408917 0.893375 -0.186193 0.896493 -0.355130 0.264921
-2.515287 -110.040189 -3578.513239 3170.238690 0.182303 -0.287880 -0.940155 0.238176 0.940630 -0.241841 0.953959 -0.179834 0.240045
447.888078 -2859.868597 -552604.451774 2409141.635921 -0.606601 -0.661840 -0.440457 -0.420047 0.737201 -0.529241 0.674978 -0.136026 -0.725191
311.207473 -4123.822296 -96977.423875 -4220872.883470 -0.721813 -0.662059 -0.201652 -0.630307 0.749190 -0.203536 0.285829 -0.019812 -0.958076
-42.009158 -5292.042322 50239.760306 2247504.678372 0.700727 0.595441 0.392977 0.390237 0.141221 -0.909820 0.597241 -0.790889 0.133406
-385.231725 -4715.579627 89207.739885 1114599.477940 0.427459 0.790306 0.438972 0.830919 -0.534762 0.153636 -0.356165 -0.299077 0.885268
-464.415876 -4207.739228 -143997.413511 911234.168201 -0.552460 -0.706000 -0.443117 0.574396 0.062785 -0.816166 0.604035 -0.705423 0.370837
43.927499 16.155955 -1164.448589 -11067.479858 -0.331925 0.942661 0.034863 0.159417 0.092483 -0.982870 0.929738 0.320682 0.180973
44.645178 17.847959 4592.506795 -8603.843388 -0.436320 0.899761 -0.007386 0.142993 0.061232 -0.987828 0.888357 0.432065 0.155376
44.147629 -1.056371 1059.533461 -10724.865109 -0.415913 0.907791 0.054147 0.141081 0.123229 -0.982299 0.898395 0.400911 0.179324
12.729223 -32.407181 -94.067583 -669.360664 0.146653 -0.188747 -0.971014 -0.603025 0.761074 -0.239014 0.784126 0.620597 -0.002205
13.449567 -31.826154 -3781.898015 -563.668845 0.139335 -0.101965 -0.984982 -0.589510 0.790678 -0.165243 0.795653 0.603681 0.050059
12.481103 -34.074148 -4496.874264 -883.686255 0.137915 -0.069496 -0.988003 -0.630728 0.762955 -0.141709 0.763650 0.642705 0.061390
4.683934 -36.798786 -7021.975206 -1589.508068 0.110355 0.011778 -0.993822 -0.663448 0.745408 -0.064836 0.740039 0.666505 0.090073
19.761995 -36.703287 8140.605131 1255.331403 -0.165270 0.055416 0.984690 0.703535 -0.693082 0.157086 0.691176 0.718726 0.075559
18.927556 -34.525307 -2109.048552 -858.495446 0.153690 -0.144060 -0.977561 -0.668301 0.713568 -0.210225 0.727841 0.685615 0.013393
-9.466837 -123.454709 -1624.153467 -2860.160520 0.733304 -0.644456 0.216662 -0.609198 -0.481296 0.630263 0.301898 0.594164 0.745537
-7.004082 -133.704766 -2022.394428 -3904.941945 0.747420 -0.624047 0.227879 -0.587528 -0.460771 0.665207 0.310121 0.631074 0.711035
-8.492279 -133.511697 -2312.090543 98.072246 0.725275 -0.642639 0.246965 -0.676074 -0.597088 0.431751 0.130000 0.480105 0.867525
24.148950 -275.165706 2056.985416 -28573.888786 -0.701123 0.711496 0.046910 -0.321855 -0.374495 0.869576 -0.636268 -0.594581 -0.491566
22.711388 -229.468628 1908.223682 -24327.064558 -0.689247 0.722658 0.052001 -0.535936 -0.556822 0.634603 -0.487556 -0.409529 -0.771087
15.179228 -271.321090 6944.890287 -25454.491129 -0.626538 0.775664 0.076133 -0.341635 -0.361119 0.867686 -0.700525 -0.517628 -0.491249
21.548462 -301.788155 2644.080238 -11162.203219 -0.696358 0.717300 0.023801 -0.056479 -0.087830 0.994533 -0.715469 -0.691207 -0.101673
8.254109 -210.686361 4419.180831 -16762.034223 -0.636812 0.766568 0.082730 -0.449118 -0.456017 0.768336 -0.626709 -0.452130 -0.634677
11.223280 -225.871338 5019.472788 -10286.051153 -0.625607 0.777035 0.069514 -0.251545 -0.285262 0.924852 -0.738472 -0.561108 -0.373922
14.376143 -280.166091 7258.943567 -8568.084299 -0.616808 0.786296 0.035856 -0.074307 -0.103519 0.991848 -0.783598 -0.609116 -0.122279
-9.273873 -62.593271 -515.884994 458.805859 -0.616213 0.772700 -0.152370 0.212453 0.349380 0.912577 -0.758383 -0.529971 0.379455
-9.838995 -65.216843 -539.847286 1727.837468 -0.601844 0.787499 -0.132777 0.156345 0.279225 0.947412 -0.783160 -0.549435 0.291171
-10.183005 -63.991558 -204.439732 971.703996 -0.620668 0.771486 -0.139935 0.163693 0.302037 0.939137 -0.766796 -0.559986 0.313751
-18.341561 -31.166802 -6433.661189 -3896.051618 0.872712 -0.108398 0.476049 -0.328658 -0.851475 0.408625 -0.361050 0.513070 0.778719
-26.632415 -39.240117 -4793.596300 -4196.054028 0.928484 0.123144 0.350361 -0.051135 -0.892044 0.449047 -0.367835 0.434848 0.821952
-32.740202 -32.926917 -3836.259879 -7561.790068 0.819930 0.572205 -0.017208 0.460488 -0.641393 0.613649 -0.340097 0.511073 0.789391
-14.814367 -37.123831 -4445.728154 -3293.673031 0.840273 -0.194055 0.506245 -0.389739 -0.865303 0.315204 -0.376888 0.462161 0.802722
-20.878867 -35.260984 -4416.501127 -6530.371584 0.581363 -0.510429 0.633624 0.739240 0.656695 -0.149253 -0.339915 0.555170 0.759107
-8.673131 -33.469763 -2059.314882 -4710.057994 0.840707 -0.195679 0.504897 -0.409117 -0.840371 0.355527 -0.354732 0.505457 0.786561
-11.017320 -23.845235 -4376.950522 -5049.284800 0.886070 -0.071359 0.458027 -0.308313 -0.828566 0.467355 -0.346156 0.555325 0.756168
28.717765 -42.432384 -12404.824677 2716.567636 -0.171393 0.980124 0.099906 0.380058 0.159334 -0.911136 0.908945 0.118192 0.399812
2.274255 -25.286927 -9272.570191 2828.502495 -0.146838 0.984936 0.091322 0.328731 0.135666 -0.934628 0.932938 0.107219 0.343700
9.098564 -36.736996 -8725.738002 5390.982410 -0.226362 0.901349 0.369230 0.343102 0.428558 -0.835834 0.911615 0.062518 0.406263
-7.118567 -69.132027 -2499.660214 -5206.292304 -0.888360 -0.303289 -0.344721 -0.365059 0.921911 0.129664 0.278476 0.241032 -0.929707
-3.130750 -71.834964 3843.993343 -2698.123019 0.882298 0.299579 0.363045 -0.401349 0.881780 0.247756 0.245903 0.364303 -0.898229
-3.405616 -69.319355 -2642.116359 -5795.564959 -0.882240 -0.319209 -0.346061 -0.370388 0.924346 0.091634 0.290630 0.209020 -0.933726
-7.275013 -60.123036 -3114.364827 -4355.116362 -0.874738 -0.318771 -0.364992 -0.346632 0.937930 0.011580 0.338645 0.136647 -0.930939
31.592573 -93.237689 -9303.964703 15478.011237 0.924987 0.118498 0.361051 -0.337842 0.691411 0.638603 0.173961 0.712677 -0.679580
22.821441 -80.253105 -3597.889083 13663.046212 0.918317 0.138652 0.370770 -0.373467 0.613950 0.695405 0.131215 0.777072 -0.615582
15.075011 -107.598160 -1219.305035 14055.360588 0.901035 0.149891 0.407023 -0.368364 0.759879 0.535622 0.229004 0.632548 -0.739892
25.361061 -122.326609 -8642.520842 17359.517973 0.918871 0.123189 0.374834 -0.304700 0.825104 0.475774 0.250667 0.551386 -0.795700
6.191786 -123.297027 1329.500004 6198.826100 0.895218 0.159117 0.416253 -0.298391 0.907801 0.294721 0.330980 0.388045 -0.860159
10.605938 -130.725014 478.485685 8560.207095 0.888236 0.112730 0.445341 -0.273461 0.908704 0.315399 0.369128 0.401933 -0.837971
2.083134 -143.766503 1003.573484 10646.277593 -0.563931 -0.121415 -0.816848 0.668493 -0.647871 -0.365212 -0.484870 -0.752012 0.446520
1.334233 -142.873636 68.377961 5456.643490 -0.562642 -0.133302 -0.815883 0.593165 -0.752530 -0.286101 -0.575838 -0.644925 0.502475
1.480534 -151.347332 -1318.910509 -1519.734528 0.543941 0.145070 0.826489 -0.505508 0.842808 0.184758 -0.669769 -0.518294 0.531772
-0.133065 -146.592785 344.105922 4600.865221 0.559138 0.154401 0.814571 -0.401194 0.910199 0.102861 -0.725540 -0.384314 0.570871
2.256611 -156.987931 826.501008 6697.503537 -0.557022 -0.150718 -0.816707 0.587197 -0.766901 -0.258962 -0.587304 -0.623816 0.515682
0.105592 -147.577864 -964.389280 6335.750506 0.539543 0.171928 0.824218 -0.294085 0.955755 -0.006855 -0.788928 -0.238692 0.566232
0.782603 -156.664773 -1158.378992 4064.652156 0.541244 0.171956 0.823096 -0.365416 0.929704 0.046060 -0.757315 -0.325702 0.566032
1.198164 -98.704489 -1577.502167 -61.886598 -0.542217 -0.055595 -0.838397 0.625096 0.640080 -0.446713 0.561476 -0.766294 -0.312310
4.977068 -99.783501 -2585.934575 555.007234 -0.534941 -0.052497 -0.843257 0.621423 0.651760 -0.434791 0.572426 -0.756607 -0.316030
2.307946 -97.862141 -1322.738991 2016.295467 -0.541372 -0.048754 -0.839369 0.697873 0.530729 -0.480937 0.468925 -0.846138 -0.253297
-2.231993 -100.998672 -474.012993 -629.719223 -0.564519 -0.053921 -0.823657 0.664331 0.562543 -0.492147 0.489880 -0.825008 -0.281745
-2.293578 -104.832934 -968.614724 -3150.901283 -0.561586 -0.061558 -0.825126 0.567569 0.696971 -0.438288 0.602069 -0.714452 -0.356471
-27.155434 -29.765956 -3057.233394 -404.407276 -0.476274 0.669959 0.569490 -0.252889 0.515934 -0.818450 0.842146 0.533824 0.076300
-25.587847 -31.844966 -1485.519614 2265.716581 -0.437155 0.834964 -0.334263 0.310680 -0.208586 -0.927346 0.844022 0.509242 0.168222
-23.549142 -26.615547 -3061.227802 -502.991550 -0.408314 0.626163 0.664229 -0.266948 0.613934 -0.742849 0.872937 0.480630 0.083525
-19.258279 -30.111108 4006.595209 -1562.583996 0.306702 -0.462918 -0.831649 -0.423079 0.716390 -0.554788 0.852607 0.522008 0.023867
-14.359265 -26.614847 3293.312813 -978.549647 0.269941 -0.437824 -0.857579 -0.396120 0.761288 -0.513351 0.877622 0.478279 0.032072
-0.998303 -69.004844 48.097097 1779.662969 0.923031 0.245800 0.295968 -0.373703 0.389988 0.841579 -0.091436 0.887407 -0.451827
-0.096577 -66.057755 334.641566 2239.984365 0.926804 0.239671 0.289122 -0.368323 0.429846 0.824361 -0.073298 0.870512 -0.486659
-0.533165 -70.998088 430.500452 2315.489494 0.932504 0.230081 0.278386 -0.360083 0.532814 0.765800 -0.027868 0.814353 -0.579700
-0.933844 -70.290440 94.641521 2009.507811 0.930357 0.241778 0.275644 -0.361997 0.486245 0.795313 -0.058259 0.839708 -0.539905
-0.831077 -73.015229 101.858725 853.422379 0.937491 0.229257 0.261825 -0.347996 0.624406 0.699297 0.003166 0.746698 -0.665155
-0.608413 -74.096446 -222.760350 1297.675826 0.939867 0.226294 0.255814 -0.339884 0.693368 0.635389 0.033588 0.684128 -0.728588
-22.523000 -63.756321 922.295955 -3765.672114 0.920936 0.102189 0.376077 -0.145962 -0.804324 0.575984 -0.361348 0.585337 0.725816
-25.394385 -61.185552 -148.281483 -1086.229016 0.903424 0.131537 0.408073 -0.165828 -0.770506 0.615485 -0.395381 0.623714 0.674281
-26.440355 -64.750069 -687.969642 -4470.978121 0.886529 0.129136 0.444286 -0.140353 -0.839949 0.524200 -0.440871 0.527076 0.726515
-22.586407 -66.937664 3692.290556 -4962.390685 0.935662 0.087882 0.341779 -0.089389 -0.877889 0.470447 -0.341388 0.470731 0.813552
-12.499613 -283.838182 -896.598569 -59630.019787 -0.349011 -0.790860 -0.502725 0.932081 -0.237407 -0.273612 0.097038 -0.564074 0.820003
-16.671516 -364.262346 746.320374 -103123.947612 -0.362721 -0.799371 -0.478999 0.920299 -0.388108 -0.049206 -0.146569 -0.458671 0.876435
-19.945778 -220.001899 1664.346337 -41086.353133 -0.334432 -0.779025 -0.530354 0.922046 -0.386857 -0.013180 -0.194903 -0.493419 0.847674
-14.728338 -173.871027 -734.071256 -1429.608188 0.321786 0.759465 0.565391 0.832142 -0.511711 0.213755 -0.451657 -0.401703 0.796644
-16.781288 -163.373571 -1475.273014 -3802.497115 0.309932 0.783362 0.538782 0.779979 -0.533540 0.327060 -0.543668 -0.318873 0.776367
-13.466517 -155.199214 -1804.183691 1762.058971 0.297590 0.769453 0.565139 0.643975 -0.598795 0.476173 -0.704795 -0.222231 0.673704
-18.225456 -143.771326 -2386.556351 4094.037186 0.304903 0.791000 0.530427 0.627839 -0.585733 0.512577 -0.716137 -0.176737 0.675212
14.005766 -1116.006133 4151.419189 -423166.630209 -0.303323 -0.482806 -0.821519 0.857376 0.237931 -0.456394 0.415815 -0.842785 0.341776
81.066404 -196.008708 97952.592627 -46637.478129 0.080197 -0.152106 -0.985105 0.845495 0.533810 -0.013592 0.527927 -0.831812 0.171415
-1965.286914 -6432.567108 -452543.792257 -2088629.717255 0.798823 0.147006 -0.583328 -0.524486 0.645091 -0.555672 -0.294612 -0.749831 -0.592416
67.315025 -12556.504114 -17705.558488 4814016.841903 0.577560 0.628038 0.521529 0.061914 0.603316 -0.795095 0.813997 -0.491505 -0.309567
-46.044110 -273.514607 -23403.307542 72417.298330 0.173053 0.964473 0.199613 0.983174 -0.157127 -0.093165 -0.058491 0.212377 -0.975436
-21.388032 -300.920835 -19728.803906 88289.669237 -0.006302 0.935612 0.352974 -0.880287 -0.172648 0.441913 -0.474399 0.307934 -0.824695
7.261441 -24.679638 -1774.710690 778.391961 0.727773 -0.682937 -0.062798 -0.068908 -0.163919 0.984064 0.682348 0.711848 0.166356
-3.263446 -18.437571 -3418.320653 -27.964582 0.735523 -0.677257 -0.018148 -0.109871 -0.145670 0.983213 0.668532 0.721182 0.181554
3.699899 -19.744801 -1391.760735 533.382392 0.734141 -0.649824 -0.196889 0.059123 -0.227692 0.971937 0.676418 0.725179 0.128738
-22.332589 -41.367568 1501.065140 924.227994 -0.348616 0.932994 -0.089382 0.683613 0.187870 -0.705251 0.641202 0.306965 0.703301
-22.894916 -43.489394 134.351646 516.101234 -0.375692 0.926512 0.020771 0.687321 0.293597 -0.664373 0.621647 0.235323 0.747113
-19.929541 -41.696968 -845.040163 829.238766 -0.336694 0.941573 0.008767 0.630599 0.232389 -0.740500 0.699273 0.243793 0.671999
-20.116733 -39.514193 1759.077889 605.757464 -0.298139 0.943687 -0.143417 0.639890 0.086109 -0.763627 0.708275 0.319438 0.629528
-20.636712 -39.101627 1030.167185 734.427387 -0.262183 0.937998 -0.226760 0.688641 0.017241 -0.724898 0.676043 0.346212 0.650464
-1.499302 -68.304642 1061.234735 275.220366 0.881633 0.263594 0.391460 -0.385729 -0.075438 0.919523 -0.271911 0.961680 -0.035167
-2.549165 -71.063287 354.289685 910.576651 0.895912 0.275451 0.348523 -0.382092 0.077623 0.920858 -0.226598 0.958176 -0.174791
-2.743069 -72.171632 -53.092437 358.606494 0.886048 0.285884 0.364950 -0.372509 -0.029564 0.927558 -0.275963 0.957808 -0.080299
-1.311786 -68.237954 1202.108910 65.238395 0.891193 0.253874 0.375930 -0.397955 0.039779 0.916542 -0.217732 0.966419 -0.136481
-3.749388 -161.251096 3119.358215 -44659.436392 0.608597 0.724527 0.323529 0.785632 -0.607416 -0.117590 0.111320 0.325739 -0.938883
15.788828 -833.500042 8004.415353 323883.185386 -0.726287 -0.597094 -0.340567 -0.626460 0.778892 -0.029604 0.282941 0.191850 -0.939754
-9.913133 -1377.252882 376.190213 496199.549381 -0.631050 -0.684890 -0.364281 -0.715820 0.695082 -0.066807 0.298961 0.218601 -0.928890
-7.514385 -180.143489 4445.672153 -68473.286164 0.555202 0.767328 0.320871 0.826897 -0.550721 -0.113787 0.089398 0.328502 -0.940263
4.646552 -44.706440 -10028.572084 2208.729246 -0.175967 0.381218 0.907584 0.814517 -0.461366 0.351714 0.552808 0.801133 -0.229324
26.620366 -45.466686 -8371.842246 2615.193614 -0.139024 0.309036 0.940834 0.833761 -0.476102 0.279588 0.534336 0.823300 -0.191472
22.838084 -50.179951 -10354.042807 2047.336167 -0.166961 0.371382 0.913345 0.889563 -0.342758 0.301985 0.425208 0.862897 -0.273141
-63.222300 -91.115845 -706.126913 4316.033265 -0.596509 0.320132 -0.735997 0.702092 -0.236204 -0.671770 -0.388901 -0.917454 -0.083864
-55.056409 -82.826945 925.630157 5271.873548 0.820627 -0.297931 0.487657 0.504914 -0.021656 -0.862898 -0.267645 -0.954342 -0.132658
-45.319163 -73.847932 757.439814 5978.548106 0.917861 -0.247633 0.310175 0.351989 0.146765 -0.924426 -0.183396 -0.957673 -0.221874
60.730971 -74.586811 -20463.513946 -7810.741379 0.165958 -0.301090 -0.939043 0.949035 0.307494 0.069131 0.267936 -0.902658 0.336777
89.315858 -75.585266 -13132.105707 -8080.373515 0.097584 -0.097482 -0.990442 0.926730 0.371723 0.054721 0.362835 -0.923212 0.126614
89.250382 -54.365207 -13737.680869 -6836.801091 0.115459 -0.100370 -0.988228 0.967421 0.237029 0.088954 0.225311 -0.966304 0.124468
59.160740 -54.593793 -16475.092822 -7528.251848 0.219496 -0.246161 -0.944048 0.968919 0.168164 0.181429 0.114094 -0.954529 0.275422
78.525553 -40.058767 -10076.517939 -4653.020375 0.134882 -0.047754 -0.989710 0.980821 0.148268 0.126517 0.140700 -0.987794 0.066837
-8.754582 -53.683729 1797.004360 -2908.101856 -0.740179 0.667590 0.080371 0.646423 0.739379 -0.188298 -0.185131 -0.087421 -0.978818
-6.455985 -54.666472 100.100281 -313.768999 -0.754540 0.651690 0.077257 0.652451 0.757607 -0.018435 -0.070545 0.036496 -0.996841
-9.202468 -53.644620 1181.684570 1048.435013 -0.768779 0.636307 0.063964 0.637549 0.770409 -0.001295 -0.050103 0.039784 -0.997951
-6.140790 -58.274058 -7.975986 1089.698239 0.775047 -0.628628 -0.064254 0.631753 0.768628 0.100492 0.013785 0.118479 -0.992861
-9.246448 -57.366104 -981.155419 601.481275 0.779084 -0.624656 -0.053229 0.626243 0.771490 0.112346 0.029112 0.120862 -0.992242
-9.936236 -56.392791 -930.559820 1426.998226 0.776532 -0.628509 -0.044441 0.630066 0.775016 0.048647 -0.003868 0.065777 -0.997827
-5.394448 -61.469809 3995.708032 2074.751703 0.743946 -0.595846 0.302509 0.637472 0.497027 -0.588722 -0.200432 -0.630819 -0.749596
-3.809489 -56.753377 3380.490288 4309.181307 0.706708 -0.623229 0.334887 0.701068 0.553157 -0.450024 -0.095223 -0.552814 -0.827846
-0.318990 -60.106227 4655.977166 913.559307 0.725385 -0.597249 0.342213 0.657877 0.455264 -0.599944 -0.202519 -0.660324 -0.723158
-9.689527 -58.825982 1900.437428 2685.263248 0.735130 -0.621094 0.271710 0.642146 0.509469 -0.572791 -0.217329 -0.595554 -0.773359
-3.714435 -61.971011 3083.064959 -768.645248 0.733952 -0.614393 0.289543 0.602545 0.392249 -0.695040 -0.313455 -0.684589 -0.658091
4.135049 -102.867530 -4554.876346 -14243.870800 0.717249 -0.626406 0.305237 -0.290922 0.128848 0.948031 0.633182 0.768774 0.089819
-3.760493 -122.437628 -4305.574839 -8679.287686 0.724829 -0.621111 0.298068 -0.436031 -0.078622 0.896491 0.533386 0.779769 0.327811
-13.093098 -125.303724 1353.352518 -2403.969872 0.700901 -0.678199 0.220871 -0.463626 -0.197879 0.863652 0.542022 0.707736 0.453124
-13.769793 -121.481516 3597.976856 623.793468 0.684582 -0.706397 0.179863 -0.470578 -0.239839 0.849137 0.556690 0.665943 0.496604
-1.423580 -141.623230 801.049516 9991.573484 -0.577411 0.810882 -0.095218 0.060836 0.159030 0.985398 -0.814184 -0.563187 0.141157
-2.439355 -144.725267 1062.560568 -4934.083009 -0.571573 0.816743 -0.078966 -0.201939 -0.046736 0.978282 -0.795314 -0.575106 -0.191645
-3.495239 -137.758655 -59.998614 -7123.301783 -0.583933 0.806438 -0.093164 -0.198382 -0.030472 0.979651 -0.787189 -0.590532 -0.177776
-8.180649 -102.403895 3175.030096 -19534.695287 -0.597509 0.704479 -0.383005 0.742203 0.666678 0.068373 -0.303508 0.243414 0.921213
16.325935 -22.593747 10362.229925 -842.799010 0.726429 -0.668712 0.158506 0.160725 -0.058935 -0.985238 -0.668182 -0.741182 -0.064667
8.972065 -27.941387 8874.678184 -4649.401008 0.730325 -0.672580 0.119422 0.154368 -0.007803 -0.987983 -0.665429 -0.739983 -0.098126
-43.080371 -62.237725 -3004.226809 717.704786 -0.874951 -0.411070 0.255895 -0.430861 0.902098 -0.024058 -0.220953 -0.131305 -0.966405
-50.285118 -72.691531 2985.492375 1895.327862 0.946824 0.095523 -0.307244 -0.174593 0.954631 -0.241239 -0.270261 -0.282054 -0.920546
-48.971520 -66.910892 -4447.992905 -46.343502 -0.769350 -0.553827 0.318397 -0.550842 0.827537 0.108423 -0.323533 -0.091971 -0.941736
-9.720835 -46.264499 -723.485197 3018.932781 0.777673 -0.627957 0.029900 0.442752 0.513306 -0.735179 -0.446313 -0.584967 -0.677214
-11.639505 -50.760470 458.873788 3592.791792 0.813465 -0.581505 0.011260 0.380097 0.516863 -0.767059 -0.440229 -0.628255 -0.641478
-10.499728 -50.504247 -966.449581 2613.534889 0.803659 -0.594463 -0.027294 0.327731 0.480413 -0.813509 -0.496714 -0.644839 -0.580912
-10.987455 -57.985295 -166.097631 2414.373734 0.825897 -0.563458 -0.020203 0.280278 0.441386 -0.852422 -0.489221 -0.698350 -0.522465
-10.590537 -53.422953 -1206.760246 3000.611094 0.785464 -0.618360 -0.026018 0.312052 0.431984 -0.846176 -0.534481 -0.656522 -0.532268
-12.021335 -59.479060 -360.980856 3105.510040 0.818547 -0.572222 -0.050424 0.234207 0.412597 -0.880290 -0.524526 -0.708750 -0.471748
-0.172910 -214.415233 1216.015702 -20566.916860 0.154104 -0.568330 -0.808241 0.974203 -0.049094 0.220268 -0.164865 -0.821335 0.546103
0.231488 -161.795021 799.175110 9328.467322 -0.200169 0.539790 0.817655 0.934152 -0.146513 0.325412 0.295451 0.828952 -0.474918
2.695814 -162.895563 763.307417 -3766.197861 -0.195487 0.531816 0.823988 0.975161 0.016189 0.220903 0.104140 0.846705 -0.521771
2.924337 -166.639908 924.722877 16506.228519 -0.204277 0.531738 0.821904 0.904941 -0.217599 0.365694 0.373299 0.818478 -0.436741
3.588311 -169.943005 1575.389034 -5852.430240 -0.187456 0.525316 0.830002 0.982096 0.084196 0.168518 0.018643 0.846732 -0.531693
4.971049 -149.353658 -539.676708 17680.332854 -0.186326 0.549808 0.814244 0.758140 -0.446665 0.475093 0.624905 0.705834 -0.333606
2.718147 -161.389324 317.948110 21595.940472 -0.213707 0.537224 0.815916 0.796449 -0.387824 0.463963 0.565684 0.748988 -0.344991
4.410599 -160.040063 1000.737679 21372.501000 -0.198977 0.535439 0.820801 0.831840 -0.350529 0.430316 0.518122 0.768398 -0.375652
3.280531 -177.302611 866.452230 8568.321126 -0.197404 0.534798 0.821598 0.947861 -0.109760 0.299186 0.250183 0.837821 -0.485247
-0.047599 -99.382598 -5985.056492 3907.810501 0.200782 -0.303322 -0.931495 0.088000 0.952598 -0.291226 0.975675 -0.023499 0.217957
-8.970890 -105.263907 -2144.163967 3332.006597 0.164865 -0.330504 -0.929294 0.023672 0.943241 -0.331265 0.986032 0.032616 0.163331
0.049410 -93.821577 -6030.194766 3201.180685 0.199223 -0.342638 -0.918101 -0.076122 0.928640 -0.363089 0.976993 0.142224 0.158924
9.055154 -95.749033 -8336.806387 4598.407548 0.215466 -0.321126 -0.922200 0.035180 0.946322 -0.321306 0.975877 0.036787 0.215198
-271.460991 -6288.491804 149771.672668 3612355.895100 0.571399 0.745773 0.342529 0.757872 -0.319385 -0.568879 -0.314856 0.584650 -0.747697
14.475534 -101.544878 -3567.936332 6209.579426 0.153528 -0.319805 -0.934962 0.178324 0.939612 -0.292113 0.971920 -0.121879 0.201286
18.846459 -90.224275 -4283.227358 4449.344694 0.157563 -0.344928 -0.925310 -0.023021 0.935477 -0.352638 0.987241 0.076865 0.139456
20.952728 -93.203226 545.918378 6562.071675 0.070518 -0.350352 -0.933960 0.079655 0.935278 -0.344833 0.994325 -0.050077 0.093861
14.299401 -104.352226 -88.017502 6317.203912 0.070976 -0.354533 -0.932346 0.289296 0.901844 -0.320912 0.954605 -0.246947 0.166574
9.311906 -112.417782 -215.840433 5987.501837 0.114006 -0.312116 -0.943179 0.399957 0.883456 -0.244008 0.909416 -0.349412 0.225552
8.049656 -30.002319 -520.032126 -35.053084 0.142606 -0.153814 -0.977755 -0.549961 0.809009 -0.207480 0.822926 0.567314 0.030777
7.577247 -30.591250 3608.477601 -724.354256 0.136464 -0.257658 -0.956551 -0.545240 0.786639 -0.289676 0.827098 0.561080 -0.033137
2.219577 -27.718090 1121.737817 -790.200847 0.143583 -0.213848 -0.966257 -0.489014 0.833514 -0.257136 0.860377 0.509434 0.015103
2.799228 -27.541244 -847.602526 -794.606685 0.113813 -0.089705 -0.989444 -0.491854 0.860216 -0.134565 0.863207 0.501977 0.053782
-5.439158 -143.792531 -814.086585 -2182.574481 0.723606 -0.649544 0.233425 -0.676482 -0.600301 0.426627 0.136988 0.466618 0.873786
32.779970 -230.161064 -2010.961346 24946.314420 0.728099 -0.684836 -0.029515 0.394864 0.454227 -0.798599 -0.560316 -0.569805 -0.601139
30.537304 -193.740642 -3043.642081 15321.301736 0.729348 -0.684028 -0.012558 0.549642 0.596791 -0.584580 -0.407364 -0.419460 -0.811239
15.159927 -96.598872 2424.188111 6272.968231 0.862396 0.344127 0.371282 0.208095 0.427607 -0.879687 0.461487 -0.835900 -0.297155
14.090519 -199.928343 4101.132843 54421.502350 0.924752 0.346079 0.158311 0.063085 0.270830 -0.960558 0.375304 -0.898265 -0.228619
6.375619 -138.661774 3378.973559 31159.906924 0.906833 0.372640 0.196962 0.112019 0.237420 -0.964927 0.406333 -0.897091 -0.173557
-7.920719 -65.013282 733.651151 -191.887404 -0.590695 0.788760 -0.170109 0.226438 0.364389 0.903297 -0.774471 -0.495054 0.393848
-7.480510 -66.303773 736.215393 1973.799019 -0.576582 0.805162 -0.138810 0.161913 0.279125 0.946506 -0.800836 -0.523263 0.291305
-22.070030 -43.808099 -4011.227733 2083.804727 0.829522 -0.230656 0.508616 0.389041 0.892058 -0.229957 -0.400674 0.388627 0.829716
25.761182 -50.181278 -5077.914118 -387.924865 0.559462 -0.735775 0.381625 0.792469 0.339907 -0.506415 0.242891 0.585746 0.773244
27.610512 -50.071256 -6355.822562 -621.692048 0.555781 -0.726387 0.404315 0.819512 0.397008 -0.413261 0.139671 0.561023 0.815932
14.294826 -49.544760 -8187.832496 592.067657 0.554136 -0.702196 0.447050 0.806606 0.320223 -0.496834 0.205719 0.635907 0.743842
27.539394 -52.735566 2055.470978 -1181.827607 0.553499 -0.785752 0.276104 0.790769 0.391767 -0.470322 0.261388 0.478658 0.838190
20.841801 -50.679407 -5030.622878 -402.906026 0.571476 -0.724283 0.385784 0.757570 0.284927 -0.587285 0.315441 0.627878 0.711524
28.176783 -52.774163 -1629.861251 -1072.805001 0.570897 -0.758678 0.313823 0.749548 0.325638 -0.576313 0.335044 0.564241 0.754571
-4.173870 -63.335303 -335.070089 256.652166 0.773343 0.279890 0.568861 -0.080274 0.933281 -0.350061 -0.628885 0.225052 0.744214
-4.089271 -59.259302 -1388.738711 476.081501 0.761774 0.287544 0.580532 0.008598 0.891535 -0.452870 -0.647785 0.349977 0.676676
-2.323877 -59.727639 -1658.594227 -754.967482 0.752992 0.292810 0.589292 -0.041697 0.914973 -0.401355 -0.656707 0.277645 0.701177
-2.099098 -63.111910 -1172.604313 1822.902082 0.757050 0.302142 0.579297 -0.115759 0.934648 -0.336203 -0.643020 0.187464 0.742551
-3.040374 -71.924492 2239.447104 2237.902919 0.904692 0.266329 0.332567 -0.393298 0.822204 0.411458 0.163855 0.503041 -0.848588
-5.853953 -71.603272 -970.122558 -3313.761753 0.915056 0.282700 0.287667 -0.359590 0.894857 0.264436 0.182665 0.345416 -0.920501
-0.214389 -76.104939 4395.156365 4504.864725 0.895268 0.251801 0.367546 -0.410888 0.785572 0.462654 0.172237 0.565220 -0.806760
-5.273969 -72.110315 -2189.960574 943.533307 0.917876 0.285509 0.275659 -0.384915 0.809617 0.443126 0.096662 0.512840 -0.853025
-0.552381 -71.308072 1943.306986 4822.418209 0.908287 0.254076 0.332357 -0.405255 0.731570 0.548246 0.103846 0.632654 -0.767441
32.428356 -67.532776 -5588.612757 6842.653242 0.913789 0.091993 0.395634 -0.373165 0.574825 0.728233 0.160428 0.813089 -0.559598
2.382755 -131.794900 -420.419551 13514.269594 -0.583664 -0.117903 -0.803390 0.714155 -0.545382 -0.438795 -0.386419 -0.829854 0.402521
8.604555 -101.357006 -2323.068756 1692.596032 -0.558026 -0.042490 -0.828735 0.619386 0.643290 -0.450044 0.552240 -0.764442 -0.332655
5.580485 -98.988734 -1720.980382 2066.649975 -0.547844 -0.046705 -0.835276 0.704951 0.511837 -0.490986 0.450456 -0.857812 -0.247482
-28.878578 -33.542503 -1396.504254 1775.161030 -0.528208 0.819916 -0.220757 0.249467 -0.098662 -0.963344 0.811642 0.563918 0.152428
-26.967806 -36.587172 -1467.455075 1015.673716 -0.442427 0.807798 -0.389513 0.401999 -0.209615 -0.891324 0.801658 0.550930 0.231995
-31.278666 -33.251201 -2087.586929 -598.303941 -0.553182 0.635019 0.539204 -0.266533 0.478322 -0.836761 0.789272 0.606597 0.095345
-30.902192 -36.683961 -1272.404197 811.988028 -0.504507 0.769996 -0.390614 0.385388 -0.204014 -0.899919 0.772625 0.604553 0.193820
-0.180097 -66.665184 583.084089 58.195135 0.910850 0.009060 0.412638 0.409417 0.106725 -0.906084 0.052248 -0.994247 -0.093501
-0.367813 -63.713026 791.474230 1468.871796 0.922246 0.018391 0.386167 0.364758 0.289626 -0.884912 0.128118 -0.956963 -0.260398
-1.264607 -62.145976 -884.091827 1031.358825 0.922541 -0.000405 0.385900 0.377434 0.209267 -0.902082 0.080391 -0.977858 -0.193210
-1.443866 -67.660692 -1326.329293 1477.201651 0.907844 -0.013262 0.419098 0.419299 0.035061 -0.907171 0.002663 -0.999297 -0.037391
-2.247142 -63.271542 -1999.673554 634.409242 0.917002 -0.013261 0.398663 0.398362 0.081510 -0.913599 0.020380 -0.996584 -0.080028
-1.832657 -58.510568 -1192.155481 1369.186472 0.939627 0.013787 0.341921 0.316351 0.345963 -0.883307 0.130470 -0.938147 -0.320715
-4.148110 -59.290045 -1417.477964 760.183037 0.931758 0.006448 0.363023 0.354422 0.200898 -0.913250 0.078820 -0.979591 -0.184903
0.339397 -61.860120 -134.643033 1126.481749 0.910847 0.259786 0.320731 -0.391770 0.299610 0.869914 -0.129897 0.918012 -0.374675
0.295541 -63.075450 564.082889 1893.699611 0.922245 0.241527 0.301876 -0.378289 0.402669 0.833520 -0.079761 0.882905 -0.462727
-24.717857 -57.211646 1521.759450 1516.209300 0.896497 0.133370 0.422500 -0.205057 -0.720426 0.662524 -0.392741 0.680587 0.618511
-26.785471 -62.502207 70.788235 -970.007296 0.875148 0.120159 0.468698 -0.196538 -0.796884 0.571269 -0.442141 0.592062 0.673776
-32.815352 -169.738718 -1504.296755 -27074.166668 0.550216 0.764005 0.336985 0.738552 -0.633562 0.230520 -0.389620 -0.122045 0.912854
-29.052013 -159.126877 4128.643630 -26227.610438 0.637876 0.734267 0.232305 0.723990 -0.674570 0.144199 -0.262587 -0.076206 0.961894
-33.914755 -132.293344 2411.150317 -11415.908410 0.629867 0.729648 0.266235 0.642730 -0.682096 0.348775 -0.436081 0.048564 0.898596
-23.544305 -159.735561 4779.389150 23277.115943 0.696934 0.692702 0.185600 -0.666914 0.721192 -0.187370 -0.263645 0.006806 0.964596
-38.492943 -138.718154 -1457.715496 -3489.360063 0.554134 0.751084 0.358897 0.628795 -0.660203 0.410790 -0.545484 0.001960 0.838119
-30.481500 -131.384283 3777.565273 -2850.806323 0.674609 0.706667 0.213365 0.599054 -0.692989 0.401124 -0.431321 0.142785 0.890828
-36.813281 -134.097537 1549.456451 10171.343790 0.629824 0.720029 0.291342 0.548161 -0.677772 0.490045 -0.550310 0.148940 0.821569
-17.948861 -233.579251 685.931629 -43287.551868 -0.301141 -0.787221 -0.538142 0.889400 -0.435409 0.139234 -0.343919 -0.436695 0.831274
-21.214855 -157.511952 -1088.224500 -6554.055756 0.338233 0.799725 0.496022 0.778472 -0.533927 0.330005 -0.528752 -0.274521 0.803156
1.792475 -228.940387 63.626864 43151.646442 -0.404349 -0.548058 -0.732212 0.911901 -0.303098 -0.276710 -0.070279 -0.779592 0.622332
-0.069828 -556.117013 -1878.939584 208277.809535 -0.475118 -0.521149 -0.708990 0.860956 -0.441721 -0.252264 -0.181708 -0.730265 0.658555
-1.610488 -176.553718 -1072.866255 29754.513654 -0.374177 -0.563070 -0.736847 0.926245 -0.188016 -0.326680 0.045405 -0.804737 0.591892
-1.887016 -176.196736 -684.795903 19747.764231 -0.304102 -0.573333 -0.760796 0.935450 -0.028692 -0.352292 0.180152 -0.818820 0.545050
-3.740501 -127.022464 -1903.462194 2923.367496 -0.252924 -0.589189 -0.767389 0.931628 0.065622 -0.357439 0.260957 -0.805326 0.532308
15.850718 -54.596220 8377.670321 657.249170 0.563376 -0.820728 0.094938 0.765386 0.475180 -0.434036 0.311113 0.317190 0.895879
17.728962 -56.845463 9256.093770 447.736394 0.545972 -0.832694 0.092383 0.811989 0.498761 -0.303169 0.206370 0.240536 0.948448
28.372697 -53.978495 10180.655384 -285.618448 0.532568 -0.832066 0.155043 0.812662 0.451501 -0.368411 0.236540 0.322202 0.916643
-11.449382 -47.702065 10477.495560 1757.144264 0.432291 -0.874678 0.219231 0.901258 0.411202 -0.136553 0.029292 0.256615 0.966070
-23.660761 -50.411657 3565.765808 753.176198 0.615095 -0.744210 0.260404 0.784073 0.542590 -0.301372 0.082992 0.389548 0.917259
-21.670537 -53.044889 1041.581974 746.085789 0.564997 -0.763674 0.312379 0.823772 0.543518 -0.161207 -0.046674 0.348411 0.936179
-18.468410 -44.136188 -3794.553319 604.653686 -0.348598 0.929593 0.119736 0.653832 0.332718 -0.679560 0.671553 0.158606 0.723782
-20.701807 -45.622854 -3111.611966 675.282701 -0.373638 0.920266 0.116212 0.711874 0.364812 -0.600123 0.594668 0.141501 0.791421
-24.122534 -45.351429 358.976380 960.226960 -0.419453 0.906693 0.044348 0.728116 0.365212 -0.580058 0.542131 0.211017 0.813367
