19810
39600
-34.981811 -62.470808 1714.391055 -4689.335951 0.956001 0.290573 -0.040370 0.259974 -0.902890 -0.342351 0.135927 -0.316793 0.938704
-39.765305 -72.653426 1992.287382 -5743.614746 0.900910 0.432916 0.030730 0.399510 -0.799562 -0.448433 0.169564 -0.416275 0.893288
-48.687947 -70.930059 -4645.893743 -11871.554360 0.749877 0.654460 0.096783 0.643050 -0.686657 -0.339101 0.155472 -0.316520 0.935758
-37.101874 -63.310275 912.681231 -2596.933163 0.977699 0.209519 0.014390 0.196779 -0.890000 -0.411313 0.073371 -0.404972 0.911380
-31.748434 -52.244158 1531.508586 -8100.161624 0.967951 0.238622 -0.078295 0.212741 -0.944768 -0.249310 0.133462 -0.224663 0.965254
-30.657171 -53.684602 715.826744 -4047.152629 0.997379 0.020003 -0.069533 -0.001236 -0.956171 -0.292805 0.072342 -0.292124 0.953641
47.016821 -31.247168 48065.653796 -34276.234403 0.464031 -0.337828 -0.818870 0.772564 0.606612 0.187530 0.433383 -0.719649 0.542480
55.299458 -4.460366 -25420.561057 40247.741744 0.880692 0.355053 -0.313560 -0.061675 -0.570368 -0.819071 0.469657 -0.740688 0.480420
83.899352 -2.700627 -28881.971619 -4017.651028 0.920260 0.104675 -0.377048 -0.202583 -0.696937 -0.687924 0.334787 -0.709452 0.620157
63.734879 -19.986049 -27909.994541 50363.386821 0.974577 -0.223677 -0.012975 -0.220027 -0.966385 0.132997 0.042288 0.126761 0.991031
28.041499 -106.724622 -1030.083014 -91705.715255 0.964185 -0.228757 -0.134229 0.223406 0.973236 -0.053857 0.142957 0.021941 0.989486
-74.767311 -1366.024611 -84539.880130 853520.755844 0.948324 0.317242 -0.006229 0.309475 -0.929084 -0.202555 0.070046 -0.190160 0.979251
-12.294611 -185.267152 -39539.739088 -179342.923498 0.914464 0.395132 -0.087335 -0.376524 0.909891 0.174147 0.148276 -0.126368 0.980839
-106.601942 -923.737240 -42114.209294 891517.632312 0.942624 0.313946 -0.113572 0.233906 -0.863762 -0.446321 0.238220 -0.394148 0.887637
-109.933598 -933.773107 -10119.679345 -528591.687159 0.963535 0.150677 -0.221126 -0.170748 0.982491 -0.074539 0.206023 0.109578 0.972392
-310.788780 -1368.680481 9343.344517 -714152.816864 0.946954 0.267743 -0.177742 -0.264120 0.963477 0.044191 0.183082 0.005098 0.983084
-45.057441 -90.043302 -7405.370154 -2055.404103 -0.134323 0.677200 0.723435 0.676465 0.596144 -0.432443 0.724122 -0.431291 0.538178
-31.749408 -82.623122 9009.455517 3998.714124 0.138654 -0.587221 -0.797462 0.569856 0.705884 -0.420705 0.809963 -0.396106 0.432505
-50.441445 -88.937360 8990.194608 4458.403172 0.220065 -0.606545 -0.763986 0.518912 0.735971 -0.434831 0.826016 -0.300750 0.476705
-61.714230 -95.413409 -7734.139858 -1899.403731 -0.232644 0.692470 0.682907 0.642000 0.636793 -0.427002 0.730557 -0.339087 0.592712
-63.494952 -95.063269 -5186.053649 2866.674706 -0.276612 0.718383 0.638287 0.544390 0.664488 -0.511952 0.791912 -0.205865 0.574886
-54.453432 -85.150998 9291.567905 7281.705400 0.284532 -0.562415 -0.776357 0.371431 0.811251 -0.451564 0.883787 -0.159879 0.439726
12.254015 -52.492099 6180.416088 157.424371 0.756302 0.565379 -0.329171 0.326057 0.110461 0.938874 -0.567181 0.817401 0.100804
15.674522 -52.219452 6423.129300 109.839034 0.748645 0.574207 -0.331386 0.393909 0.016796 0.918996 -0.533260 0.818538 0.213611
21.055778 -51.780038 4963.718006 -832.368914 0.738531 0.596940 -0.313423 0.319811 0.099079 0.942287 -0.593543 0.796144 0.117735
18.104283 -50.711851 5155.396399 -898.769931 0.743947 0.581545 -0.329164 0.262905 0.198142 0.944257 -0.614349 0.789016 0.005484
9.751024 -52.418405 5791.158220 107.743895 0.761220 0.556074 -0.333655 0.263297 0.205173 0.942644 -0.592637 0.805411 -0.009769
-3.768533 -54.381858 533.861631 527.653648 0.967203 -0.034902 -0.251594 0.230578 -0.294838 0.927310 0.106545 0.954910 0.277121
-1.713246 -56.125612 409.291574 609.894093 0.958758 -0.034678 -0.282101 0.261383 -0.282262 0.923042 0.111636 0.958710 0.261557
-1.013218 -56.014625 87.351995 303.691589 0.974446 -0.030829 -0.222495 0.218703 -0.095649 0.971092 0.051219 0.994938 0.086462
-4.376426 -53.020408 543.777861 554.142875 0.955332 -0.024520 -0.294514 0.248980 -0.470098 0.846769 0.159214 0.882274 0.442995
-2.430530 -54.146427 302.205639 137.694737 0.984694 -0.034314 -0.170879 0.166296 -0.108547 0.980083 0.052179 0.993499 0.101180
-5.325054 -52.124258 569.137276 204.304499 0.975851 -0.030487 -0.216298 0.196475 -0.310213 0.930143 0.095455 0.950178 0.296732
-5.863419 -51.139840 693.074945 507.753671 0.962381 -0.019562 -0.270998 0.227719 -0.486005 0.843767 0.148212 0.873737 0.463268
45.790552 -69.762453 10130.711883 16998.816864 0.882939 0.454526 -0.117576 -0.231261 0.639005 0.733615 -0.408579 0.620547 -0.669317
29.861824 -94.983970 7396.635240 16395.201830 0.894360 0.419276 -0.155974 -0.249839 0.757367 0.603304 -0.371080 0.500603 -0.782110
25.919741 -82.194407 3301.096372 17412.057227 0.928005 0.319275 -0.192015 -0.108595 0.724805 0.680342 -0.356390 0.610509 -0.707294
38.931121 -56.085232 6150.744527 12647.720446 0.926025 0.352319 -0.135460 -0.124523 0.623919 0.771504 -0.356332 0.697564 -0.621636
-16.153230 -86.057909 286.629336 -38.431557 -0.649277 -0.544147 0.531361 -0.226150 0.805179 0.548219 -0.726152 0.235778 -0.645842
-14.946684 -86.538806 420.699449 -156.273794 -0.602455 -0.578273 0.550135 -0.250847 0.791515 0.557296 -0.757710 0.197746 -0.621910
-16.709535 -85.895538 180.246374 194.991462 -0.647424 -0.545902 0.531820 -0.095329 0.750333 0.654151 -0.756144 0.372815 -0.537824
-16.778246 -85.217431 -227.666317 -58.294781 -0.699469 -0.510775 0.499852 -0.081229 0.751712 0.654470 -0.710032 0.417179 -0.567289
-16.766297 -86.886892 -281.703534 -540.121382 -0.697468 -0.506415 0.507033 0.053963 0.668413 0.741830 -0.714581 0.544763 -0.438869
-16.935733 -86.952138 169.337991 29.389389 -0.643215 -0.545165 0.537651 0.049263 0.671264 0.739580 -0.764099 0.502195 -0.404911
12.194670 -101.397012 -2561.817750 6737.178274 0.617353 0.641586 -0.455239 -0.198698 -0.432748 -0.879345 0.761179 -0.633322 0.139676
6.486086 -113.352267 -2019.016567 9526.606268 0.634065 0.635175 -0.441038 -0.033058 -0.547561 -0.836113 0.772573 -0.544730 0.326191
14.631776 -115.517469 -4057.786969 7416.123387 0.631820 0.639677 -0.437741 0.002165 -0.566198 -0.824267 0.775112 -0.519840 0.359120
25.377013 -45.611486 8010.593949 327.823783 0.836667 0.316536 -0.446982 0.509250 -0.149155 0.847595 -0.201625 0.936781 0.285989
12.972191 -44.946122 12428.329501 5.433203 0.838208 0.277489 -0.469475 0.534101 -0.243759 0.809517 -0.110194 0.929291 0.352528
25.639599 -47.060566 5280.394975 -731.872883 0.810339 0.353385 -0.467407 0.559192 -0.228033 0.797061 -0.175086 0.907259 0.382394
28.532217 -47.702123 -3347.006492 -455.362198 0.806117 0.415538 -0.421312 0.513663 -0.137862 0.846844 -0.293813 0.899067 0.324579
-19.741103 -46.463485 -4791.562560 1850.056643 0.879177 0.439625 0.183787 0.463813 -0.701166 -0.541520 0.109200 -0.561335 0.820353
-20.339806 -44.211211 -4035.146016 2164.851438 0.776342 0.561778 0.285829 0.611467 -0.561192 -0.557827 0.152970 -0.607840 0.779186
-30.646662 -52.202561 -6365.195064 2513.782656 0.834856 0.514682 0.195240 0.528254 -0.649334 -0.547096 0.154804 -0.559882 0.813983
-12.389990 -39.072210 -3135.643148 1435.525689 0.846545 0.475246 0.239797 0.519952 -0.641699 -0.563802 0.114068 -0.601967 0.790332
-29.852751 -53.579984 -6728.926488 1731.684551 0.922720 0.373194 0.096508 0.368342 -0.779836 -0.506142 0.113629 -0.502576 0.857033
-17.900166 -48.119685 -5435.604764 1653.349267 0.938472 0.326034 0.113892 0.337577 -0.796427 -0.501743 0.072879 -0.509319 0.857486
-10.651022 -41.266418 -4166.748197 976.975319 0.911824 0.374337 0.168668 0.403440 -0.740586 -0.537372 0.076245 -0.558036 0.826306
-6.901133 -202.407731 86.008330 2983.632802 0.101985 0.002025 -0.994784 -0.518015 0.853828 -0.051369 0.849270 0.520552 0.088126
-7.877883 -193.898673 -196.009076 -17382.701758 -0.090364 -0.012499 0.995830 0.720065 -0.691589 0.056660 0.687997 0.722183 0.071495
-7.698459 -206.670882 -238.994118 4769.746344 0.107785 0.021668 -0.993938 -0.564915 0.824013 -0.043297 0.818079 0.566157 0.101057
-6.576326 -206.693682 -223.941622 -8194.591898 0.114876 0.007268 -0.993353 -0.330992 0.943112 -0.031377 0.936615 0.332397 0.110747
-5.660192 -201.364544 314.645866 -11016.697568 0.105350 -0.011337 -0.994371 -0.273012 0.961184 -0.039883 0.956225 0.275677 0.098165
0.788107 -146.162156 1577.443697 9315.834811 -0.045052 -0.005925 0.998967 0.936178 -0.349227 0.040149 0.348629 0.937019 0.021280
1.297020 -152.631085 912.815137 529.984255 -0.029591 0.009869 0.999513 0.983265 -0.179542 0.030883 0.179760 0.983701 -0.004391
-0.204583 -155.390424 51.839353 3626.712288 -0.023738 0.001329 0.999717 0.981064 -0.192245 0.023550 0.192222 0.981346 0.003260
-2.061921 -142.678295 -2978.408438 21229.146422 -0.018068 0.019069 0.999655 0.890235 -0.454827 0.024766 0.455143 0.890375 -0.008758
11.125625 -32.379778 4930.598758 144.069002 0.479710 0.871971 -0.097698 0.737944 -0.461179 -0.492700 0.474676 -0.164258 0.864697
14.655820 -30.273685 5416.958223 -384.129727 0.448000 0.888896 -0.095708 0.713530 -0.419996 -0.560783 0.538675 -0.182940 0.822412
23.503062 -29.766414 7429.978068 -89.176747 0.590407 0.793748 -0.146234 0.648919 -0.574570 -0.498772 0.479921 -0.199584 0.854308
15.441599 -33.068126 6876.970765 1359.924298 0.639384 0.754676 -0.147146 0.642899 -0.629706 -0.436064 0.421746 -0.184213 0.887804
26.837350 -33.201022 5933.962946 -1624.067881 0.725283 0.671530 -0.151699 -0.559222 0.703179 0.439102 0.401542 -0.233640 0.885537
38.740447 -27.873793 8454.468472 587.394431 0.688622 0.705783 -0.166347 0.553335 -0.659731 -0.508503 0.468637 -0.258121 0.844839
17.943199 -254.042969 -6111.472455 -48550.971313 0.112025 0.162179 -0.980382 -0.138258 0.979540 0.146241 0.984040 0.119163 0.132155
19.703340 -191.960117 -4320.641058 -27879.019950 0.085260 0.190498 -0.977978 0.148558 0.968150 0.201535 0.985221 -0.162469 0.054244
10.619277 -200.780491 -5402.608718 -35004.573011 0.140128 0.175416 -0.974471 0.031177 0.982912 0.181419 0.989642 -0.055803 0.132265
-53.490267 -242.930082 -23035.178231 -96894.016238 0.113769 -0.455594 -0.882888 -0.410206 0.787833 -0.459402 0.904869 0.414431 -0.097256
-52.271962 -238.321046 7224.227403 -102742.339978 -0.020579 -0.387963 -0.921445 -0.492334 0.806080 -0.328394 0.870163 0.446901 -0.207596
-44.484564 -319.016420 -7290.313866 -72001.495755 0.015191 -0.341856 -0.939630 -0.679231 0.686101 -0.260598 0.733768 0.642184 -0.221776
-39.384571 -301.866914 -19762.595811 -124610.663747 0.128051 -0.395626 -0.909441 -0.420930 0.808621 -0.411035 0.898009 0.435444 -0.062986
-40.485301 -194.274213 -30488.968378 -87135.674545 0.230918 -0.552979 -0.800557 -0.211548 0.774576 -0.596053 0.949697 0.306996 0.061882
-14.813491 -427.592043 -35854.886955 -120190.809252 -0.015792 0.606164 -0.795183 -0.467577 0.698490 0.541741 0.883811 0.380365 0.272398
68.393412 -490.526942 49801.786292 389665.503481 -0.124950 0.709471 -0.693569 0.595862 -0.505279 -0.624212 0.793307 0.491267 0.359613
18.381593 -748.033249 -27546.857661 -29649.750777 0.004973 0.410270 -0.911951 -0.437888 0.820771 0.366862 0.899016 0.397508 0.183734
16.988778 -288.047226 17534.162553 152217.249414 -0.157776 0.801117 -0.577337 0.483306 -0.447199 -0.752614 0.861117 0.397775 0.316628
-12.490473 -473.694422 -51830.419362 141996.617302 0.060040 0.394657 -0.916865 -0.302664 0.882479 0.360036 0.951204 0.255885 0.172432
-30.754724 -272.914161 -57674.510482 15218.167181 -0.004214 0.594046 -0.804420 -0.403185 0.735135 0.544993 0.915109 0.326627 0.236413
-7.489507 -1174.696564 12200.064922 -400948.975369 0.115626 -0.208218 0.971224 0.990614 0.095934 -0.097367 -0.072900 0.973366 0.217356
-4.281433 -1099.623098 -4518.171610 -230940.045591 0.160071 -0.195859 0.967480 0.902294 0.426502 -0.062944 -0.400304 0.883026 0.244993
18.957369 -1222.147229 12498.158471 -673180.960504 0.124987 -0.209548 0.969777 0.986379 0.131587 -0.098694 -0.106929 0.968904 0.223141
-10.881881 -1280.790078 31875.859275 -450921.447041 0.093701 -0.209870 0.973229 0.951891 -0.267579 -0.149348 0.291760 0.940402 0.174701
-16.835574 -1182.902667 12881.015235 -388265.777750 0.104064 -0.205005 0.973213 0.950813 -0.266548 -0.157816 0.291761 0.941767 0.167184
-20.889051 -914.077591 -1945.093734 79955.128860 0.122039 -0.180832 0.975913 0.821208 -0.533827 -0.201608 0.557426 0.826032 0.083353
-24.262224 -1158.909931 55622.193947 -125940.192117 0.061566 -0.209081 0.975958 0.778030 -0.602440 -0.178142 0.625203 0.770293 0.125581
-12.011654 -1002.155379 10967.056320 265240.678263 -0.098233 0.139759 -0.985301 -0.606759 0.776360 0.170615 0.788793 0.614600 0.008536
-4.555238 -2623.474565 15302.074944 924217.882424 -0.088510 -0.039528 -0.995291 0.367262 0.927518 -0.069497 0.925897 -0.371684 -0.067577
35.257355 -2185.699777 -22078.201228 -768392.821208 0.061632 -0.026491 0.997747 0.785372 -0.615617 -0.064858 0.615948 0.787600 -0.017136
-5.302126 -3606.520730 25899.259118 -4203230.614439 -0.077903 0.026080 -0.996620 -0.103834 0.994009 0.034128 0.991539 0.106142 -0.074728
53.425696 -5337.142961 26179.687753 2063046.199457 0.176753 -0.039141 0.983477 0.974266 -0.135040 -0.180472 0.139873 0.990067 0.014265
30.298463 -2594.232331 26469.114925 -3288858.715112 -0.061556 -0.060439 -0.996272 0.909538 0.407665 -0.080928 0.411036 -0.911129 0.029878
-142.746968 -3887.312066 80245.228089 280741.689600 0.026607 -0.031796 -0.999140 0.689561 0.724212 -0.004684 0.723738 -0.688844 0.041195
-128.708441 -4961.158564 49756.680288 -1583211.619468 -0.048483 0.082555 -0.995406 -0.620949 0.778100 0.094777 0.782350 0.622692 0.013538
0.036723 -79.850420 -164.356835 1474.487911 0.123281 0.118301 0.985295 0.814548 0.555066 -0.168562 -0.566845 0.823351 -0.027933
-2.934476 -78.273079 388.362243 674.661581 0.115085 0.118329 0.986283 0.856446 0.491184 -0.158865 -0.503245 0.862981 -0.044815
0.334403 -80.621744 -732.312199 2314.474918 0.148364 0.154450 0.976798 0.758081 0.616525 -0.212627 -0.635060 0.772038 -0.025616
-21.401141 -42.253894 -284.046179 -1056.208611 0.633167 0.625340 -0.456125 0.402350 0.237509 0.884140 -0.661222 0.743330 0.101223
-21.020213 -41.702554 1266.224509 -688.307657 0.619408 0.550265 -0.559949 0.491840 0.283932 0.823089 -0.611904 0.785233 0.094772
-18.385716 -40.095212 -38.123263 -978.385835 0.603871 0.580195 -0.546547 0.402486 0.369895 0.837367 -0.688001 0.725639 0.010151
-16.400948 -39.191788 1209.735427 -688.018497 0.593665 0.487191 -0.640474 0.440363 0.469473 0.765295 -0.673530 0.736370 -0.064168
-15.705035 -37.664776 -300.692913 -1121.016935 0.604263 0.580156 -0.546155 0.329472 0.442172 0.834225 -0.725475 0.684034 -0.076043
18.499970 -59.171503 -9916.443044 -6434.240456 0.928116 -0.264562 0.261929 0.368839 0.749007 -0.550405 0.050570 -0.607450 -0.792747
-14.161102 -56.948119 256.547710 2509.189762 0.839024 -0.389907 0.379487 0.542997 0.644307 -0.538537 0.034527 -0.657907 -0.752308
21.740329 -37.561763 -29002.710385 -13528.833443 0.988546 -0.110214 0.103096 0.150815 0.746573 -0.647984 0.005552 -0.656111 -0.754644
-4.974670 -57.931485 659.099116 9307.454492 0.897520 -0.312090 0.311540 0.436046 0.733424 -0.521491 0.065738 -0.603894 -0.794349
3165.976433 -147.008429 -1898764.715540 -41444.818693 0.998364 0.042749 -0.037966 -0.057124 0.773875 -0.630757 -0.002417 -0.631894 -0.775051
38.733726 -66.370902 -8702.552633 9781.262820 0.948857 -0.187535 0.253973 0.292786 0.823644 -0.485682 0.118101 -0.535202 -0.836428
829.832700 -58.526398 -484831.604111 -14080.579960 0.992283 0.123893 -0.004917 -0.103690 0.807424 -0.580789 0.067985 -0.576817 -0.814040
8.988589 -117.340890 1577.362691 -235.124744 0.803153 0.487099 -0.343043 -0.595314 0.633563 -0.494165 0.023368 -0.601109 -0.798825
15.763351 -106.319297 2375.780708 7402.905707 0.846356 0.413408 -0.335821 -0.532409 0.674327 -0.511687 -0.014918 -0.611863 -0.790823
14.180238 -118.477887 1665.602506 1164.369616 0.826512 0.454786 -0.331734 -0.552900 0.545170 -0.630152 0.105733 -0.704244 -0.702041
8.452520 -126.121851 1283.486534 -4325.040250 0.782248 0.519525 -0.343776 -0.606825 0.510644 -0.609103 0.140897 -0.685081 -0.714711
4.615649 -130.751867 641.599919 -2370.883193 0.759050 0.541103 -0.362008 -0.650811 0.616185 -0.443577 0.016957 -0.572296 -0.819872
-1301.988425 -3521.191687 -964319.252349 -105375.390893 0.840076 -0.542022 0.021999 -0.520901 -0.794692 0.311652 0.151440 0.273271 0.949942
-1228.065870 -4814.251863 -1054824.137477 5350067.514156 0.787170 -0.616638 0.011026 -0.454406 -0.567799 0.686382 0.416988 0.545309 0.727158
-258.901880 -4006.592331 -168324.128890 -3632389.465504 0.854023 -0.508026 0.112042 -0.512762 -0.785632 0.346204 0.087857 0.353117 0.931445
-161.700966 -283.929062 -44245.408186 83510.189824 0.580891 0.626075 -0.520188 0.479887 0.252782 0.840124 -0.657475 0.737652 0.153607
-174.136729 -327.756465 45005.383538 77515.872286 -0.564406 -0.508463 0.650316 0.328375 0.584487 0.741987 -0.757374 0.632329 -0.162921
-99.761965 -367.734031 -31045.651939 105292.278248 0.435742 0.627696 -0.645079 0.352111 0.540701 0.763977 -0.828340 0.560036 -0.014588
17.929909 -102.513870 -2589.172827 23909.718112 -0.831319 0.273822 -0.483664 0.021443 0.885372 0.464389 0.555382 0.375684 -0.741898
11.328551 -157.265572 -7157.284964 29791.008206 -0.789146 0.335388 -0.514552 0.140292 0.914031 0.380611 0.597969 0.228170 -0.768356
7.824954 -125.343346 -5363.899074 36282.135706 -0.801729 0.248309 -0.543667 -0.040273 0.885106 0.463643 0.596330 0.393611 -0.699615
-35.066297 -61.641951 -96.014281 -214.560745 -0.153409 -0.728046 -0.668143 0.835467 0.265511 -0.481143 0.527694 -0.632023 0.567526
-33.134171 -57.980107 -1654.243616 -14.481686 0.066460 -0.698716 -0.712305 0.847697 0.416089 -0.329059 0.526302 -0.581950 0.619953
-31.999700 -48.645908 -547.338047 -12642.731234 -0.052870 -0.688386 -0.723415 0.901438 0.278799 -0.331180 0.429667 -0.669623 0.605798
-36.719611 -57.188535 1284.411939 8096.290195 0.046369 0.750402 0.659353 0.781960 0.383471 -0.491415 0.621602 -0.538374 0.569003
-31.916209 -54.556754 1294.865334 -17814.697832 -0.311493 -0.689367 -0.654022 0.850223 0.105185 -0.515807 0.424374 -0.716735 0.553351
-37.676194 -60.423661 -402.375775 9405.274607 0.218735 0.761734 0.609850 0.741937 0.276105 -0.610980 0.633786 -0.586113 0.504764
-33.912882 -65.870852 826.398212 -1566.175545 -0.276355 -0.704966 -0.653186 0.797089 0.211573 -0.565584 0.536914 -0.676949 0.503451
-28.356518 -72.137619 44749.767579 9156.127854 -0.505759 0.796302 -0.331830 -0.340269 -0.537607 -0.771489 0.792732 0.277276 -0.542857
-48.902153 -99.545417 4807.377919 38631.740169 -0.599285 -0.107109 -0.793338 -0.137071 0.990103 -0.030131 0.788714 0.090687 -0.608035
-26.506596 -54.364786 39192.562346 2775.884996 -0.512335 0.784040 -0.350419 -0.377061 -0.571975 -0.728470 0.771581 0.241091 -0.588674
46.217183 -54.598911 71495.705028 2263.554132 -0.350248 0.936632 -0.006757 -0.605609 -0.231956 -0.761206 0.714537 0.262519 -0.648475
79.246420 -83.956292 71001.298500 12204.613107 -0.392294 0.911882 -0.120731 -0.457889 -0.307426 -0.834162 0.797774 0.271955 -0.538142
0.622296 -31.480049 -2394.681519 3210.837292 -0.919763 -0.299203 -0.253993 -0.170343 0.887359 -0.428459 0.353580 -0.350815 -0.867128
-12.003555 -36.890830 4455.447494 6819.348541 0.924515 0.143443 0.353123 0.017732 0.909288 -0.415789 0.380732 -0.390665 -0.838107
-7.934171 -32.112802 -7600.830934 5657.915305 -0.925438 -0.126060 -0.357314 0.008153 0.936189 -0.351403 0.378811 -0.328115 -0.865357
-1.082595 -32.966353 4646.765354 2194.348553 0.886335 0.420598 0.193670 -0.281852 0.821893 -0.495026 0.367383 -0.384172 -0.847019
1.010288 -25.532030 -6888.305073 2689.479423 -0.918995 -0.281264 -0.276295 -0.161985 0.908251 -0.385800 0.359457 -0.309792 -0.880238
5.588440 -32.454177 3025.076638 418.294737 0.862456 0.486503 0.139589 -0.367771 0.791861 -0.487546 0.347728 -0.369150 -0.861866
9.744958 -28.728127 -206.973957 2782.483926 0.921371 0.322726 0.216619 -0.215318 0.887779 -0.406801 0.323594 -0.328173 -0.887462
-28.068806 -64.179284 23083.147975 -39093.258028 0.571155 0.430990 0.698591 0.469684 0.526377 -0.708748 0.673186 -0.732922 -0.098213
-31.103004 -95.643988 26315.696330 -18153.793164 0.603894 0.541406 0.584971 0.298858 0.526564 -0.795874 0.738916 -0.655446 -0.156185
16.599985 -47.222738 -59379.201987 -31745.914092 -0.335615 -0.309992 -0.889532 0.600238 0.657401 -0.455563 0.726001 -0.686825 -0.034564
2.082542 -139.305271 -17.998654 -701.958877 0.771325 -0.274888 0.574016 0.287631 0.955114 0.070890 -0.567737 0.110425 0.815770
4.787171 -136.584642 -629.739284 -727.909544 0.773148 -0.256387 0.580093 0.148780 0.962444 0.227083 -0.616528 -0.089262 0.782257
3.135125 -142.438019 -929.577150 -792.816860 0.758389 -0.281704 0.587783 0.160697 0.954755 0.250240 -0.631682 -0.095325 0.769345
5.635881 -141.256957 -1274.848365 -333.438167 0.760340 -0.265006 0.593004 0.007396 0.916455 0.400070 -0.649483 -0.299803 0.698778
2.262493 -144.805728 -1874.186850 -2201.625220 0.749375 -0.287603 0.596424 0.014066 0.907455 0.419913 -0.661997 -0.306283 0.684069
9.907688 -134.754595 -2971.691467 12722.490201 0.608104 -0.400036 -0.685697 0.705121 -0.124642 0.698046 -0.364710 -0.907984 0.206278
11.753642 -132.428753 6195.407151 -18710.325673 0.681905 -0.389553 -0.619076 -0.666271 0.018421 -0.745482 -0.301808 -0.920820 0.246986
26.584782 -116.659901 -299.960429 22883.703268 0.618863 -0.392271 -0.680539 0.761360 0.086422 0.642544 -0.193237 -0.915781 0.352143
35.602301 -117.461903 -16879.890252 19032.679163 0.521246 -0.394912 -0.756536 0.825182 0.007127 0.564822 -0.217663 -0.918691 0.329589
6.709331 -136.787978 -6991.340572 11264.334426 0.566365 -0.385240 -0.728574 0.720119 -0.198620 0.664815 -0.400823 -0.901188 0.164928
-6.139917 -16.250217 -954.725104 906.507498 0.648255 0.156802 -0.745103 0.694272 0.280092 0.662975 0.312653 -0.947081 0.072707
-1.853555 -16.567109 505.992085 -439.569446 0.844661 0.255878 -0.470185 -0.423444 -0.217963 -0.879311 0.327480 -0.941816 0.075755
1.130628 -18.694749 1204.740992 -1026.401546 0.757163 0.215328 -0.616716 -0.581824 -0.206888 -0.786561 0.296960 -0.954375 0.031365
0.397813 -19.427572 -1290.859194 1290.339085 0.638876 0.151222 -0.754300 0.718475 0.233219 0.655288 0.275011 -0.960594 0.040349
-3.329570 -20.433327 -1249.054242 -283.263248 0.473076 0.084705 -0.876940 0.834209 0.277074 0.476787 0.283364 -0.957108 0.060415
-7.937912 -19.807418 1187.275326 -2762.934420 0.276972 0.016384 -0.960738 0.905521 0.330020 0.266681 0.321432 -0.943832 0.076571
6.112947 -59.116300 16.889653 1212.066807 0.990042 -0.083427 -0.113387 0.030139 -0.661172 0.749629 0.137508 0.745582 0.652073
5.887487 -56.823191 -331.384878 967.309296 0.987788 -0.112371 -0.107924 0.002037 -0.683321 0.730116 0.155790 0.721419 0.674747
4.675339 -57.060480 -360.061975 44.342082 0.989607 -0.054076 -0.133242 0.046669 -0.755660 0.653300 0.136014 0.652728 0.745283
8.045360 -106.225780 -254.775184 -2200.917813 0.992940 -0.035786 -0.113094 0.085264 0.878148 0.470730 -0.082468 0.477049 -0.874999
5.942978 -103.814005 -2187.537500 -1607.726929 0.988771 0.022994 -0.147661 0.071298 0.795796 0.601353 -0.131335 0.605128 -0.785220
5.771391 -99.674351 -2363.547600 1213.112922 0.985009 -0.007463 -0.172344 0.087525 0.882540 0.462020 -0.148652 0.470179 -0.869962
1.556547 -88.189997 3398.321597 -14102.254354 0.956705 -0.141616 -0.254283 0.070882 0.960708 -0.268357 0.282296 0.238715 0.929153
-0.941771 -110.693556 3329.606724 10982.537259 0.956569 -0.160338 -0.243449 -0.029968 -0.884808 0.464991 0.289962 0.437500 0.851185
-5.661321 -84.891533 2352.430082 -12598.909786 0.965713 -0.096557 -0.240989 0.029606 0.963166 -0.267272 0.257920 0.250973 0.933001
-6.049803 -150.499789 -511.157960 -7439.156550 -0.638240 0.395436 -0.660514 -0.142211 0.782665 0.605980 0.756588 0.480694 -0.443293
-6.961640 -157.750453 -157.452832 -9222.354017 -0.655213 0.378872 -0.653568 -0.157080 0.777908 0.608428 0.738932 0.501313 -0.450182
-6.185618 -157.529844 -439.586472 -4763.307226 -0.634640 0.382186 -0.671689 -0.297595 0.681266 0.668816 0.713211 0.624348 -0.318622
-4.925392 -148.072979 -611.533261 -4824.813585 -0.622984 0.392593 -0.676581 -0.283073 0.693166 0.662866 0.729219 0.604476 -0.320699
16.138851 -56.858822 -10996.352346 -727.347248 0.682818 0.394869 -0.614686 0.730585 -0.371881 0.572669 -0.002461 -0.840109 -0.542412
7.706371 -57.007419 -6414.919406 48.398175 0.665009 0.393703 -0.634635 0.746834 -0.352565 0.563859 -0.001757 -0.848938 -0.528489
11.352153 -55.757503 -7367.609794 948.368532 0.686170 0.406470 -0.603285 0.718191 -0.246695 0.650648 0.115642 -0.879729 -0.461198
10.275971 -56.661336 -10201.313617 -1025.382198 0.666495 0.380207 -0.641270 0.736026 -0.472349 0.484925 -0.118532 -0.795191 -0.594660
21.131003 -55.886572 -4951.201491 -67.160642 0.711919 0.433969 -0.552125 -0.687849 0.272442 -0.672785 0.141545 -0.858747 -0.492461
28.951892 -56.489397 -7963.536423 1233.606203 0.714181 0.424819 -0.556304 -0.699224 0.396550 -0.594839 0.032096 -0.813804 -0.580252
23.826501 -55.648019 -14505.051130 -1155.237268 0.689675 0.385218 -0.613152 0.715908 -0.489888 0.497479 -0.108738 -0.782059 -0.613644
-5.078259 -108.557654 420.061145 -24391.576789 0.837240 -0.161453 0.522458 -0.506789 -0.587985 0.630428 -0.205413 0.792595 0.574107
-5.460741 -95.508459 113.019908 -20680.494698 0.832568 -0.171788 0.526612 -0.512623 -0.599166 0.614995 -0.209879 0.781978 0.586909
-3.806533 -73.896762 -1019.306003 -19607.862848 0.857224 -0.115237 0.501884 -0.491981 -0.471082 0.732145 -0.152059 0.874529 0.460518
-2.657618 -104.851359 -1148.529274 -28294.892568 0.833219 -0.127849 0.537960 -0.518580 -0.518307 0.680024 -0.191888 0.845584 0.498163
-4.458422 -124.879607 -584.294508 -16182.330663 0.824035 -0.140466 0.548850 -0.478492 -0.691256 0.541489 -0.303335 0.708826 0.636831
-2.985296 -120.066102 353.114060 10811.548697 0.985095 -0.068036 0.157983 0.166002 0.616667 -0.769523 0.045068 -0.784278 -0.618770
-2.995633 -134.655392 435.658574 11396.681512 0.993054 -0.045465 0.108517 0.117656 0.387319 -0.914408 0.000457 -0.920824 -0.389978
-4.137090 -112.833896 341.890539 9662.221214 0.988048 -0.066284 0.139167 0.150393 0.612528 -0.776010 0.033807 -0.787665 -0.615176
-21.247136 -221.415464 634.728448 11827.162574 0.823305 -0.336783 0.456888 -0.529480 -0.745711 0.404433 -0.204501 0.574885 0.792267
-21.461654 -194.193251 6033.487035 9366.535239 0.807768 -0.349462 0.474749 -0.575548 -0.641698 0.506921 -0.127496 0.682715 0.719475
-18.176653 -185.004266 94.487790 -1578.302272 0.833816 -0.287044 0.471547 -0.482100 -0.794767 0.368681 -0.268942 0.534744 0.801073
-21.370525 -225.457659 7941.643628 6609.879194 0.781081 -0.398302 0.480903 -0.624235 -0.478839 0.617288 0.015591 0.782348 0.622646
-14.738553 -195.896099 2455.273128 -8060.269548 0.845513 -0.303203 0.439518 0.409744 0.896225 -0.169972 -0.342371 0.323803 0.882005
-15.883047 -196.913011 -587.084596 -20428.099759 0.830867 -0.338784 0.441459 0.424521 0.898805 -0.109228 -0.359781 0.278163 0.890608
-19.842402 -194.915863 -4109.149834 12629.151511 0.823134 -0.343108 0.452468 -0.489820 -0.832126 0.260082 -0.287274 0.435710 0.853012
-21.680449 -212.313065 -3799.388822 16601.031772 0.821581 -0.351245 0.449034 -0.549028 -0.699619 0.457277 -0.153536 0.622222 0.767637
-21.011854 -239.052751 -5668.789516 9711.666760 0.799380 -0.342267 0.493807 -0.599724 -0.504294 0.621304 -0.036372 0.792806 0.608388
0.409144 -163.214715 -1159.339963 8695.086442 0.779797 -0.496028 0.381933 -0.619546 -0.523864 0.584576 0.089885 0.692476 0.715819
-1.205836 -162.161198 -1119.408954 7099.144442 0.783906 -0.493327 0.376989 -0.607348 -0.483208 0.630586 0.128922 0.723283 0.678410
-0.059659 -178.642726 -1030.821308 12478.183545 0.792321 -0.488694 0.365246 -0.566951 -0.368614 0.736675 0.225374 0.790760 0.569127
0.891817 -183.546209 -111.477170 14961.996430 0.788562 -0.498015 0.360763 -0.582721 -0.417696 0.697113 0.196484 0.759941 0.619583
0.190626 -200.154101 177.163921 20991.143162 0.796029 -0.493742 0.350079 -0.506945 -0.227892 0.831307 0.330672 0.839216 0.431709
-0.567623 -192.489919 -755.752866 15274.626435 0.797989 -0.489804 0.351149 -0.483637 -0.172796 0.858042 0.359596 0.854537 0.374776
-26.462825 -47.219099 3023.263978 646.160895 -0.650113 -0.201114 0.732738 -0.450702 0.878441 -0.158775 -0.611735 -0.433469 -0.661729
-30.787580 -46.571698 -1799.994433 605.978527 -0.698699 -0.252032 0.669552 -0.451703 0.881166 -0.139680 -0.554783 -0.400033 -0.729513
-27.282283 -48.571503 1913.350659 211.290179 -0.667744 -0.204257 0.715819 -0.511198 0.824835 -0.241502 -0.541105 -0.527187 -0.655194
-25.385945 -45.180330 2632.542727 1091.834031 -0.645161 -0.228372 0.729119 -0.393661 0.917227 -0.061041 -0.654827 -0.326407 -0.681660
-21.495221 -49.085461 6655.175115 682.968051 -0.613476 -0.177282 0.769557 -0.517089 0.826703 -0.221767 -0.596880 -0.533978 -0.598834
-20.294586 -47.273178 7971.237737 1180.194531 -0.595100 -0.183002 0.782538 -0.446016 0.885212 -0.132171 -0.668525 -0.427680 -0.608412
1.177766 -276.595439 -2318.948637 -1427.763650 0.766107 -0.377842 0.519918 0.184050 0.904039 0.385796 -0.615797 -0.199871 0.762133
-2.605894 -281.325377 -1196.932146 8823.329061 0.777698 -0.358206 0.516599 0.214379 0.923635 0.317712 -0.590955 -0.136336 0.795101
2.075908 -262.519230 -2625.045489 14919.444523 0.758393 -0.391462 0.521150 0.324815 0.920187 0.218519 -0.565098 0.003554 0.825016
5.311527 -259.674405 -2107.159667 20615.905402 0.758534 -0.411192 0.505516 0.360124 0.911061 0.200695 -0.543080 0.029815 0.839151
4.280919 -269.577417 -891.770934 -2396.377949 0.777464 -0.380773 0.500561 0.147746 0.884200 0.443127 -0.611327 -0.270560 0.743691
-34.280844 -139.475651 6412.478598 55715.903673 0.890722 -0.322316 -0.320511 0.267988 -0.197162 0.943032 0.367147 0.925872 0.089240
-37.980856 -247.858577 9580.772070 98742.279702 0.907597 -0.391086 -0.152708 0.141134 -0.058359 0.988269 0.395410 0.918502 -0.002229
-30.598774 -229.880709 -3045.565573 96421.288463 0.938465 -0.343844 -0.032463 0.059490 0.068345 0.995887 0.340211 0.936536 -0.084595
25.916850 -580.475463 26687.660441 -78738.908455 0.799825 -0.542227 0.257430 0.426350 0.815106 0.392210 -0.422499 -0.203944 0.883120
32.366487 -655.240605 2970.994656 -134939.063030 0.776365 -0.583063 0.239364 0.578127 0.810037 0.098027 -0.251050 0.062278 0.965969
17.638789 -869.771941 -29289.996407 -501552.872702 0.792701 -0.558251 0.244908 0.466738 0.814220 0.345255 -0.392148 -0.159376 0.905991
33.902257 -617.408225 40258.845972 -31608.873798 0.773307 -0.581994 0.251554 0.562707 0.812808 0.150677 -0.292158 0.025032 0.956042
15.623291 -526.445655 -12937.112487 -132271.449315 0.798550 -0.525098 0.294261 0.267153 0.747258 0.608470 -0.539395 -0.407281 0.737004
32.658739 -630.599464 38969.669255 -101188.710164 0.783620 -0.555763 0.277610 0.418835 0.802661 0.424633 -0.458822 -0.216478 0.861754
17.126532 -526.008934 31538.174232 -70878.263465 0.815923 -0.491620 0.304268 0.210911 0.743096 0.635079 -0.538318 -0.454002 0.709997
50.757117 -65.370979 -16030.404501 -26409.345425 -0.288329 -0.133348 0.948201 0.811727 -0.559300 0.168174 0.507902 0.818170 0.269505
45.028331 -65.764697 3732.273074 -23137.839994 -0.231864 -0.215673 0.948538 0.829927 -0.552498 0.077247 0.507406 0.805128 0.307097
56.721336 -42.701459 4688.298062 -27346.788592 -0.287909 -0.149401 0.945932 0.837105 -0.519030 0.172810 0.465150 0.841598 0.274497
5.299914 -32.781820 -9761.470118 -5066.560099 0.887423 0.112378 0.447047 0.350957 0.464034 -0.813327 0.298846 -0.878660 -0.372355
-7.565604 -39.792253 -7436.389765 -4387.928344 0.894919 0.137405 0.424547 0.331536 0.432059 -0.838695 0.298670 -0.891316 -0.341104
2.468539 -33.742414 -9603.175415 1244.276187 0.947358 0.216718 0.235682 0.142714 0.373107 -0.916746 0.286610 -0.902122 -0.322537
15.720632 -24.410345 -10072.010976 -1836.420167 0.927018 0.190552 0.322997 0.219425 0.422859 -0.879228 0.304121 -0.885934 -0.350186
5.318241 -87.489924 -1058.933971 5882.877120 0.793625 -0.170502 0.584028 0.523518 0.680456 -0.512746 0.309981 -0.712677 -0.629288
5.968657 -90.280108 1750.539822 7798.582922 0.808047 -0.125067 0.575690 0.514401 0.626093 -0.586003 0.287146 -0.769653 -0.570247
5.162660 -78.137105 40.341557 3688.055841 0.807154 -0.147186 0.571698 0.479476 0.728403 -0.489420 0.344390 -0.669153 -0.658506
2.455508 -75.279296 267.770283 2652.120740 0.786088 -0.179674 0.591424 0.480136 0.780078 -0.401183 0.389274 -0.599329 -0.699478
2.684353 -81.765176 -826.495779 3216.382588 0.772679 -0.211196 0.598635 0.522274 0.747535 -0.410390 0.360828 -0.629752 -0.687907
-3.334119 -33.006451 5166.255346 -209.541114 -0.126383 0.562756 0.816904 0.922121 0.370222 -0.112380 -0.365678 0.739081 -0.565719
1.004458 -35.173903 6625.073010 -1120.294046 -0.075444 0.561415 0.824088 0.954908 0.278673 -0.102427 -0.287155 0.779201 -0.557124
-18.542190 -33.965144 4377.924291 -293.230188 -0.290825 0.527242 0.798396 0.883023 0.469182 0.011815 -0.368364 0.708438 -0.602016
113.464533 -513.066140 13411.532908 92056.361721 0.989436 0.144790 0.007289 -0.023555 0.110947 0.993547 -0.143047 0.983223 -0.113185
99.239681 -517.513357 9404.302038 -202603.019836 0.991146 0.132757 -0.002298 -0.078370 0.598894 0.796984 -0.107181 0.789748 -0.603996
90.625080 -441.972578 15803.895184 15984.196277 0.998423 -0.005727 0.055848 -0.052897 0.237278 0.970001 0.018806 0.971425 -0.236600
16.885807 -383.202035 -11057.015792 1773.416577 0.701138 -0.539215 0.466532 0.500871 0.838143 0.215974 -0.507477 0.082245 0.857731
26.310113 -320.977035 -5497.628464 -35486.973835 0.742786 -0.513569 0.429552 0.294379 0.826746 0.479408 -0.601340 -0.229647 0.765279
4.083639 -378.379561 -15546.978136 -75703.832554 0.656125 -0.570915 0.493514 0.259419 0.784742 0.562922 -0.708662 -0.241321 0.662995
-32.141304 -44.801881 -2641.701032 -19244.765388 0.278228 -0.877146 0.391414 0.952396 0.304802 0.006061 -0.124620 0.371095 0.920195
-10.954865 -45.238405 -12310.683060 -7954.439445 -0.473465 -0.824820 0.309036 0.864366 -0.367604 0.343131 -0.169418 0.429581 0.886994
-16.487085 -58.211577 -7956.705129 -13563.877137 0.993240 0.012600 0.115391 -0.031478 -0.927602 0.372241 -0.111728 0.373357 0.920935
-14.580386 -89.836297 -3557.324304 -22527.386880 0.941220 -0.275457 0.195519 -0.315274 -0.924159 0.215713 -0.121271 0.264675 0.956682
-4.483735 -112.735324 2010.498852 -22557.304901 0.975411 -0.181658 0.124793 -0.203977 -0.958532 0.199021 -0.083464 0.219582 0.972017
-4.951493 -84.908964 3702.506335 -14522.237562 0.998175 -0.016904 0.057969 -0.037140 -0.928816 0.368676 -0.047610 0.370156 0.927749
-54.890401 -87.590764 -1994.786217 -7082.597563 0.736606 0.654425 0.170702 0.626818 -0.565800 -0.535695 0.253989 -0.501595 0.826977
-42.176300 -80.185672 2585.912043 -7018.293434 0.881512 0.463485 0.090106 0.435690 -0.724922 -0.533538 0.181967 -0.509578 0.840963
-41.713886 -72.922710 732.795842 -5456.278370 0.957346 0.280236 0.070402 0.276938 -0.820408 -0.500235 0.082425 -0.498395 0.863023
-35.398211 -44.917805 -1738.746437 1088.631060 -0.604410 -0.778639 0.168551 0.748835 -0.483046 0.453777 -0.271910 0.400484 0.875030
1.929913 -43.113172 31540.121203 -2425.746640 0.968623 0.232798 0.087028 0.173277 -0.883592 0.435018 -0.178169 0.406289 0.896206
-31.118756 -42.683972 2825.778473 4044.678376 0.747808 0.647693 -0.145867 0.623967 -0.610579 0.487708 -0.226821 0.455728 0.860735
-36.236194 -46.659015 3727.551763 -1284.043400 0.734116 0.674531 -0.077989 0.637190 -0.644637 0.422413 -0.234656 0.359793 0.903042
-43.745533 -53.225822 -4715.944243 -2840.845150 -0.265386 -0.923009 0.278611 0.917419 -0.152885 0.367380 -0.296500 0.353100 0.887360
69.760571 -10.268456 -16003.613646 17138.179499 0.793833 -0.607986 0.013473 -0.599975 -0.779371 0.180586 0.099293 0.151438 0.983467
-28.251889 -83.027132 -7826.350069 -2958.640862 -0.049296 0.657142 0.752153 0.729049 0.538409 -0.422616 0.682684 -0.527523 0.505630
-14.094381 -75.855602 9390.749472 1982.412436 0.071649 -0.576244 -0.814131 0.652974 0.644108 -0.398435 0.753984 -0.503059 0.422422
-14.247045 -69.908111 10281.201160 7802.765884 0.150789 -0.471259 -0.869009 0.465173 0.809483 -0.358262 0.872283 -0.350218 0.341278
19.698150 -52.514504 6567.977308 192.587217 0.737977 0.583273 -0.339385 0.464434 -0.074123 0.882500 -0.489583 0.808887 0.325593
11.087713 -51.054603 3961.261008 104.547116 0.733058 0.571033 -0.369523 0.476383 -0.043275 0.878172 -0.485474 0.819786 0.303754
24.291125 -52.539984 4520.399732 -458.842800 0.729334 0.611099 -0.307622 0.387382 0.001753 0.921918 -0.563922 0.791553 0.235450
15.201877 -51.806218 5142.842371 -111.682145 0.725736 0.570873 -0.383942 0.542599 -0.131858 0.829578 -0.422958 0.810381 0.405449
27.585062 -53.270796 3695.686994 79.803579 0.717347 0.626282 -0.305260 0.458540 -0.094517 0.883633 -0.524551 0.773846 0.354977
24.212639 -53.105369 6819.254274 337.951739 0.728149 0.591253 -0.346726 0.531520 -0.167686 0.830282 -0.432765 0.788861 0.436363
0.528723 -57.112181 50.473542 61.030016 0.964137 -0.029907 -0.263715 0.260807 -0.077403 0.962283 0.049192 0.996551 0.066828
0.545955 -57.526512 416.538039 517.735922 0.951463 -0.029587 -0.306339 0.288973 -0.256592 0.922310 0.105892 0.966067 0.235588
-2.444176 -54.860499 489.706916 624.650293 0.948617 -0.027833 -0.315201 0.268466 -0.456463 0.848273 0.167487 0.889307 0.425536
48.544097 -84.363546 10718.382365 15773.493567 0.822598 0.553522 -0.130178 -0.356667 0.680568 0.640012 -0.442856 0.480043 -0.757257
32.655095 -106.835410 -9580.219838 12758.279742 -0.841262 -0.521634 0.142045 -0.399846 0.777171 0.485931 -0.363871 0.351999 -0.862377
16.263832 -112.964574 5351.346279 10037.266579 0.897013 0.406205 -0.174258 -0.303329 0.852480 0.425758 -0.321496 0.329052 -0.887899
-14.207737 -87.578912 433.217721 264.667788 -0.615169 -0.567748 0.547019 -0.365767 0.820174 0.439919 -0.698414 0.070543 -0.712209
-11.691759 -87.089878 741.549841 60.057184 -0.565332 -0.603090 0.562745 -0.393355 0.796769 0.458729 -0.725032 0.037975 -0.687667
-12.253297 -86.190042 733.423430 289.691917 -0.555564 -0.611751 0.563125 -0.265636 0.772356 0.576979 -0.787900 0.170962 -0.591596
0.890534 -112.324187 -722.776016 10177.075825 0.637954 0.617488 -0.460134 -0.060560 -0.555440 -0.829349 0.767689 -0.556952 0.316950
-0.813151 -120.563938 -878.696533 -4055.964379 0.636187 0.619463 -0.459925 -0.173075 0.695509 0.697361 0.751872 -0.364050 0.549687
26.494885 -49.567400 -5871.307449 -1286.555265 0.782762 0.447477 -0.432491 0.564706 -0.218690 0.795790 -0.261516 0.867144 0.423875
18.113899 -50.149384 -12021.345068 -869.250435 0.784229 0.492573 -0.377303 0.498365 -0.137812 0.855944 -0.369618 0.859290 0.353557
21.693214 -48.927120 -10406.423383 302.669796 0.801284 0.470543 -0.369504 0.445578 -0.057197 0.893414 -0.399255 0.880521 0.255495
-29.511058 -49.637314 5965.424182 1513.965660 -0.679961 -0.651330 -0.336781 0.705348 -0.455523 -0.543123 0.200341 -0.606851 0.769153
-13.426965 -36.784964 -1948.575669 1585.326347 0.740973 0.580092 0.338308 0.653199 -0.505681 -0.563576 0.155850 -0.638577 0.753612
14.052944 -52.788338 -929.709991 159.197903 0.695276 0.571193 -0.436269 0.687725 -0.352305 0.634756 -0.208869 0.741364 0.637773
13.540919 -52.554689 -2381.817147 -670.724260 0.689201 0.574628 -0.441367 0.659543 -0.245309 0.710512 -0.300008 0.780786 0.548059
13.911742 -53.445261 -1961.565179 -45.975610 0.704236 0.547630 -0.451833 0.678103 -0.330316 0.656557 -0.210303 0.768761 0.603970
12.391402 -53.064609 -1534.515238 556.091808 0.712378 0.546069 -0.440825 0.691259 -0.437541 0.575081 -0.121154 0.714399 0.689170
15.901409 -54.204070 541.652529 -264.618222 0.725939 0.506261 -0.465524 0.658838 -0.317675 0.681920 -0.197344 0.801737 0.564157
13.543239 -54.261460 277.946054 512.200363 0.729994 0.510245 -0.454708 0.674379 -0.429694 0.600479 -0.111006 0.744992 0.657773
-8.495545 -175.540025 -348.697829 -21311.806925 -0.074963 -0.022965 0.996922 0.858628 -0.509871 0.052818 0.507088 0.859944 0.057940
-7.013190 -174.811161 -905.129607 -21632.138912 -0.070010 -0.000915 0.997546 0.832393 -0.551151 0.057914 0.549745 0.834405 0.039348
-7.224459 -149.888152 -980.721308 -18834.260291 -0.048741 -0.011964 0.998740 0.928879 -0.368116 0.040922 0.367163 0.929703 0.029056
