13534
27051
-44.950498 -69.675849 -13.536281 5392.604544 -0.186269 0.930128 -0.316491 -0.387476 0.226475 0.893628 -0.902866 -0.289088 -0.318216
-45.333104 -71.808249 -2458.547900 9784.632484 -0.109164 0.720412 -0.684901 -0.381526 0.605879 0.698103 -0.917889 -0.337515 -0.208716
-40.590116 -57.289434 182.660392 6460.290239 -0.227174 0.952506 -0.202793 -0.228259 0.150357 0.961920 -0.946726 -0.264813 -0.183261
-37.677673 -48.905786 -2675.516774 7303.968146 -0.224110 0.851767 -0.473568 -0.196355 0.436499 0.878017 -0.954578 -0.289760 -0.069425
-39.461288 -60.527231 482.109479 5583.106950 -0.176361 0.983021 -0.050653 -0.263645 0.002404 0.964617 -0.948361 -0.183475 -0.258745
-34.829143 -49.322943 2043.332761 3443.258594 -0.214736 0.949189 0.230061 -0.092856 -0.254330 0.962649 -0.972248 -0.185353 -0.142751
-40.659571 -64.899363 996.174882 -1893.113521 0.226697 0.482839 0.845857 0.779249 0.431073 -0.454914 -0.584277 0.762261 -0.278529
-39.791204 -63.257470 145.599643 -1894.506998 0.159032 0.509797 0.845468 0.705189 0.540681 -0.458663 -0.690954 0.669157 -0.273518
-39.233537 -61.673387 1396.322176 -1308.238008 0.182495 0.367314 0.912018 0.735813 0.564222 -0.374476 -0.652131 0.739415 -0.167307
-41.149596 -64.302006 814.594956 -2022.002102 0.251453 0.406298 0.878460 0.806520 0.413802 -0.422249 -0.535067 0.814672 -0.223636
-41.702149 -67.857689 407.575533 -541.197858 0.259751 0.528112 0.808472 0.854273 0.264707 -0.447378 -0.450274 0.806863 -0.382395
8.278673 -16.000884 1875.024882 -224.669428 0.233395 0.950611 -0.204609 -0.845847 0.302274 0.439514 -0.479655 -0.070488 -0.874621
7.729267 -15.358709 1139.057636 208.372763 0.249677 0.937730 -0.241504 -0.821620 0.337140 0.459649 -0.512447 -0.083661 -0.854634
10.462928 -15.203245 145.908335 416.353856 0.267931 0.926586 -0.263914 -0.834465 0.360101 0.417127 -0.481540 -0.108466 -0.869686
8.888663 -14.792361 1471.046042 -936.223059 0.232747 0.950747 -0.204717 -0.869482 0.297724 0.394159 -0.435694 -0.086258 -0.895952
-2.964061 -46.966382 -7397.882259 2216.461710 0.229188 0.966792 -0.113074 0.900040 -0.254721 -0.353616 0.370676 0.020726 0.928531
14.047988 -48.379038 -13383.383032 1678.601625 0.161719 0.986071 -0.038863 0.887992 -0.162587 -0.430157 0.430484 -0.035055 0.901917
5.363173 -46.439324 -9438.294094 1790.948536 0.233499 0.966670 -0.105013 0.851992 -0.255445 -0.457009 0.468602 -0.017241 0.883241
-10.371888 -48.589726 -2371.498417 948.834447 0.357659 0.903355 -0.236707 0.831765 -0.423393 -0.359034 0.424555 0.068473 0.902809
-14.862609 -49.975358 -2060.308360 506.676075 0.348598 0.911148 -0.219748 0.887510 -0.396268 -0.235155 0.301340 0.113053 0.946791
-4.236306 -48.891603 -513.556805 180.482448 -0.416208 0.691814 -0.590055 0.810697 0.576203 0.103731 0.411754 -0.435182 -0.800672
-4.965578 -50.972878 -464.817225 1065.482841 -0.439104 0.680504 -0.586602 -0.758405 -0.630797 -0.164066 0.481674 -0.372840 -0.793083
-3.424354 -49.655222 -347.484805 712.093285 -0.432363 0.674849 -0.598031 -0.777958 -0.614509 -0.130997 0.455899 -0.408605 -0.790695
-6.538256 -51.243058 -138.723853 -479.069105 -0.422815 0.704813 -0.569620 0.810483 0.575296 0.110235 0.405395 -0.415058 -0.814482
1.021110 -49.485109 -244.512793 2584.368764 0.660842 -0.549509 0.511202 -0.051716 0.646167 0.761442 -0.748741 -0.529630 0.398595
0.427801 -55.983266 -317.210927 3980.564370 0.661009 -0.539430 0.521615 -0.149605 0.586441 0.796056 -0.735313 -0.604236 0.306941
0.359123 -58.065591 -408.827938 3678.601355 0.653310 -0.532197 0.538472 -0.169507 0.590361 0.789139 -0.737871 -0.606828 0.295478
1.486474 -47.271823 326.246537 997.167190 0.663725 -0.571883 0.482098 0.051598 0.678007 0.733242 -0.746194 -0.461796 0.479518
1.638551 -45.720717 -47.291081 704.292294 0.665049 -0.579573 0.470961 0.066014 0.673794 0.735964 -0.743876 -0.458362 0.486366
0.638537 -51.643299 397.909076 2506.940002 0.666285 -0.540899 0.513315 -0.062209 0.645652 0.761094 -0.743098 -0.539038 0.396539
7.378927 -99.207583 -163.009143 -5701.684446 0.609544 -0.543591 0.577031 0.147897 0.793080 0.590889 -0.778834 -0.274832 0.563813
5.387251 -96.149676 292.270291 -7980.309590 0.612617 -0.537560 0.579422 0.106972 0.782739 0.613087 -0.783107 -0.313606 0.537024
6.833694 -100.813707 -711.133111 -1071.708473 0.602125 -0.543534 0.584821 0.294585 0.832052 0.470009 -0.742068 -0.110725 0.661116
4.808088 -99.625908 353.166949 -6160.690561 0.605689 -0.535589 0.588460 0.198996 0.818007 0.539690 -0.770416 -0.209784 0.602038
8.015112 -104.577004 -1012.487511 3779.201815 0.600346 -0.545728 0.584608 0.355190 0.836890 0.416480 -0.716537 -0.042385 0.696260
6.890354 -105.452998 -1258.614616 5586.617884 0.588232 -0.541565 0.600575 0.490355 0.829410 0.267640 -0.643067 0.137060 0.753445
4.687226 -100.028694 -2152.103578 1942.197477 0.575261 -0.538258 0.615917 0.414826 0.840943 0.347468 -0.704978 0.055613 0.707045
9.007393 -139.562241 -1301.084503 8396.919914 -0.480684 0.740026 -0.470431 -0.734845 -0.632674 -0.244388 0.478483 -0.228221 -0.847921
6.380360 -136.377297 -1490.738649 7518.576251 -0.475414 0.734458 -0.484307 -0.626781 -0.669064 -0.399373 0.617355 -0.113687 -0.778427
7.141574 -151.595211 -1924.106539 7229.659212 -0.467386 0.743318 -0.478570 -0.537805 -0.668712 -0.513411 0.701653 -0.017416 -0.712306
6.447851 -175.683445 -580.624871 11403.192718 -0.477586 0.766177 -0.429981 -0.398586 -0.625086 -0.671116 0.782969 0.149132 -0.603920
8.349620 -152.118335 -50.645898 6774.223747 -0.490232 0.751819 -0.440954 -0.617376 -0.656646 -0.433200 0.615239 -0.059866 -0.786064
4.520764 -84.669740 1647.049833 149.075499 -0.578462 0.699332 -0.419900 0.385315 -0.219453 -0.896311 0.718967 0.680276 0.142518
0.255247 -92.127043 2256.677845 243.328079 -0.571198 0.675284 -0.466609 0.277156 -0.376409 -0.884025 0.772604 0.634277 -0.027845
4.010251 -86.119035 1029.269883 142.002460 -0.552997 0.690947 -0.465605 0.246256 -0.398319 -0.883573 0.795960 0.603270 -0.050119
1.195067 -76.289109 334.789698 -4886.027711 -0.634389 0.613620 -0.470130 0.726532 0.681012 -0.091508 0.264013 -0.399616 -0.877841
-0.813035 -73.438619 520.506305 -5789.128619 -0.630436 0.624640 -0.460842 0.749017 0.645369 -0.149907 0.203775 -0.439685 -0.874730
0.591387 -67.030157 -393.332745 -1786.232739 -0.632009 0.609505 -0.478611 0.761858 0.601758 -0.239707 0.141906 -0.516131 -0.844673
1.576112 -70.652476 -325.860869 -4172.310878 -0.628600 0.611467 -0.480594 0.750825 0.638250 -0.169997 0.202791 -0.467702 -0.860309
6.337500 -52.669837 -274.117584 -2629.855099 0.689365 -0.619808 0.374986 0.379303 0.749840 0.542097 -0.617175 -0.231469 0.752008
4.926966 -56.283270 -426.026579 -2674.619073 0.677041 -0.626299 0.386478 0.410081 0.757115 0.508538 -0.611105 -0.185814 0.769431
6.416754 -58.048154 -443.644066 -3433.203127 0.681112 -0.627368 0.377486 0.441583 0.763226 0.471688 -0.584029 -0.154581 0.796878
-7.249974 -33.403655 -171.757509 -434.364493 -0.583239 0.768416 -0.263380 -0.134075 0.228727 0.964214 -0.801160 -0.597679 0.030377
-7.968330 -36.080553 -771.110895 -665.490156 -0.591518 0.765681 -0.252664 -0.040426 0.284807 0.957732 -0.805278 -0.576730 0.137515
-7.131318 -33.183827 -195.559091 419.926670 -0.569110 0.784858 -0.245176 -0.071550 0.249773 0.965657 -0.819143 -0.567108 0.085992
-6.497462 -191.900968 439.373438 8441.314442 0.807313 0.161771 -0.567517 0.577206 -0.016356 0.816435 -0.122793 0.986693 0.106580
-8.540556 -160.175994 931.980422 3811.643056 0.821831 0.140306 -0.552184 0.563012 -0.348409 0.749419 0.087239 0.926782 0.365328
-5.539804 -173.954450 325.272303 10045.446595 0.804443 0.159037 -0.572345 0.589968 -0.101410 0.801033 -0.069353 0.982050 0.175405
-5.462475 -166.625770 432.686544 6967.869606 0.800317 0.130493 -0.585205 0.599522 -0.187399 0.778110 0.008128 0.973578 0.228212
-4.028639 -211.137293 593.282364 21385.277651 0.788891 0.153790 -0.594979 0.588056 0.092213 0.803546 -0.178442 0.983791 0.017691
-4.914256 -214.973636 180.934113 19996.808493 0.785413 0.160198 -0.597883 0.562146 0.219681 0.797328 -0.259074 0.962329 -0.082485
-5.748483 -141.806546 1245.303709 3129.566746 0.809096 0.109462 -0.577392 0.542301 -0.517634 0.661789 0.226437 0.848571 0.478177
-6.284352 -165.394135 -1016.981116 7024.876096 0.805331 0.133108 -0.577688 0.582372 -0.359817 0.728954 0.110832 0.923479 0.367291
2.458812 -66.444157 5093.628731 -1116.486862 0.894541 0.082147 -0.439373 0.412990 -0.527909 0.742126 0.170986 0.845319 0.506162
4.430959 -63.395947 4947.990857 195.325739 0.883938 0.093802 -0.458100 0.453751 -0.408765 0.791846 0.112978 0.907806 0.403886
-5.015700 -69.744921 4002.338255 231.649745 0.852597 0.131746 -0.505689 0.513079 -0.394629 0.762245 0.099137 0.909346 0.404056
-12.799744 -75.771788 1576.286120 414.010898 0.819290 0.195206 -0.539127 0.570820 -0.366419 0.734780 0.054113 0.909743 0.411631
-7.841222 -72.399107 2440.696596 228.311029 0.860928 0.156478 -0.484063 0.483910 -0.545456 0.684331 0.156952 0.823403 0.545320
1445.136912 -11449.952335 522706.863308 -10773703.153898 0.344573 0.860945 0.374224 0.522882 -0.507091 0.685167 -0.779657 0.040415 0.624902
113.808716 -719.901141 -68728.816619 39517.683836 0.067976 0.988012 -0.138609 -0.481968 0.154163 0.862520 -0.873548 -0.008174 -0.486669
476.444918 -7054.450095 173966.367169 5354735.764712 0.481650 0.836388 -0.261665 -0.306213 0.440378 0.843979 -0.821125 0.326377 -0.468221
-44.187772 -1623.976759 -5516.812031 -452278.026711 0.784700 0.619033 0.032301 0.547097 -0.667131 -0.505589 0.291428 -0.414408 0.862169
-15.259863 -682.061235 47861.429982 -230947.899576 -0.658058 -0.674800 -0.334073 0.751663 -0.562623 -0.344177 0.044293 -0.477599 0.877461
-34.604929 -1470.115669 -179223.338567 -35102.638403 -0.655252 -0.731018 0.190411 0.707484 -0.505513 0.493885 -0.264783 0.458332 0.848423
4.316395 -14.052939 -1794.615219 -406.813905 0.166706 0.948503 -0.269352 -0.874723 0.268338 0.403553 -0.455048 -0.168334 -0.874411
4.462892 -10.378314 -1768.767506 -708.190685 0.055367 0.972735 -0.225215 -0.909643 0.142144 0.390313 -0.411684 -0.183254 -0.892711
8.834474 -10.737626 -2087.730310 -1136.753613 0.187549 0.944217 -0.270701 -0.883425 0.282624 0.373743 -0.429401 -0.169049 -0.887151
7.901180 -5.831105 -2128.561986 -1863.406216 0.110306 0.959966 -0.257482 -0.917503 0.197954 0.344967 -0.382126 -0.198189 -0.902608
8.928620 -9.620926 -555.554034 -2291.873012 0.240035 0.938086 -0.249755 -0.889225 0.315682 0.331094 -0.389438 -0.142615 -0.909945
6.965304 -68.277855 1521.442878 5363.972607 0.889970 0.159600 -0.427177 0.453035 -0.202472 0.868196 -0.052073 0.966195 0.252499
3.547414 -77.456738 1315.653305 6872.554674 0.889076 0.166962 -0.426224 0.439638 -0.052051 0.896666 -0.127524 0.984588 0.119680
-1.953340 -82.220754 2297.766467 7038.189929 0.849457 0.145090 -0.507317 0.514990 -0.018562 0.856995 -0.114925 0.989244 0.090487
-5.390546 -90.479351 921.364687 6760.782367 0.863836 0.163971 -0.476341 0.457310 0.141396 0.877995 -0.211318 0.976279 -0.047158
-9.801360 -97.004351 1339.822518 6282.705392 0.807953 0.143617 -0.571477 0.539961 0.207835 0.815626 -0.235911 0.967563 -0.090373
-0.812606 -74.724304 3989.946390 5697.529849 0.843230 0.128006 -0.522089 0.537061 -0.159114 0.828401 -0.022969 0.978927 0.202917
-9.489601 -35.977193 -439.311579 -556.457764 0.586714 -0.506802 0.631599 0.681965 0.729816 -0.047889 -0.436681 0.458826 0.773814
-10.231359 -34.771707 -105.276194 -87.285930 0.590653 -0.531833 0.606863 0.712530 0.696726 -0.082912 -0.378721 0.481380 0.790470
-10.347262 -36.884973 -458.881101 -188.864675 0.622627 -0.473313 0.623146 0.694880 0.700606 -0.162153 -0.359831 0.533972 0.765111
-1.915580 -69.837634 85.065013 -7007.976858 -0.580875 0.658177 -0.478944 0.801653 0.564625 -0.196343 0.141195 -0.497998 -0.855606
-2.610847 -76.418840 896.665561 -7642.270869 -0.603739 0.650335 -0.461046 0.769563 0.626376 -0.124197 0.208018 -0.429787 -0.878642
-3.361335 -78.990261 264.063818 -10646.873759 -0.570442 0.668901 -0.476621 0.787572 0.610148 -0.086305 0.233080 -0.424605 -0.874862
-9.872466 -25.331779 -286.696617 627.316440 -0.259152 -0.359894 0.896279 -0.578490 0.800953 0.154350 -0.773427 -0.478488 -0.415764
-11.381997 -26.623325 238.005105 -421.386907 -0.113983 -0.521937 0.845334 -0.578253 0.726752 0.370750 -0.807856 -0.446557 -0.384649
-10.598978 -24.353972 -608.893750 -137.461428 -0.189405 -0.472148 0.860931 -0.557043 0.773717 0.301769 -0.808597 -0.422420 -0.409552
-9.696711 -27.137590 401.223851 267.258949 -0.158694 -0.448012 0.879831 -0.610522 0.744858 0.269164 -0.775937 -0.494441 -0.391726
-8.797349 -22.654504 -581.359729 966.475718 -0.285240 -0.362151 0.887403 -0.548314 0.821052 0.158827 -0.786124 -0.441272 -0.432769
-8.316562 -24.097631 -219.394241 1080.529993 -0.350660 -0.268176 0.897284 -0.555099 0.831188 0.031488 -0.754256 -0.487040 -0.440329
-7.907817 -26.141585 -184.573900 444.870647 -0.347012 -0.259218 0.901326 -0.591504 0.806291 0.004156 -0.727809 -0.531696 -0.433121
-7.774488 -26.459622 136.957318 512.677914 -0.244509 -0.357741 0.901242 -0.625413 0.768464 0.135360 -0.740995 -0.530552 -0.411632
-40.999548 -139.450815 -3218.021528 41751.416016 0.082342 0.568161 0.818788 0.678037 0.570189 -0.463844 -0.730401 0.593362 -0.338284
-41.491075 -281.400047 -9089.366236 85088.535774 0.051405 0.479662 0.875946 0.629691 0.665215 -0.401221 -0.775143 0.572201 -0.267843
-2117.846254 -132684.368103 363085.177155 43366717.219449 -0.061120 0.364870 0.929050 0.629744 0.736246 -0.247719 -0.774395 0.569923 -0.274774
-626.992409 -3799.199896 30039.429075 1258347.566883 0.403487 0.221180 0.887850 0.457922 0.791265 -0.405224 -0.792152 0.570069 0.217982
-86.949877 -1775.996450 2110.745530 -590004.552810 0.451347 0.748417 0.485961 -0.487564 -0.249279 0.836745 -0.747373 0.614599 -0.252389
-44.663545 -223.439395 -3097.861889 -76199.839040 0.357682 0.704637 0.612822 -0.582432 -0.344630 0.736209 -0.729956 0.620256 -0.287135
-46.900597 -280.057418 10761.637035 64674.710560 -0.750447 -0.456612 -0.477844 -0.125174 0.808092 -0.575603 0.648969 -0.372145 -0.663586
-21.551816 -198.154310 2578.744214 46011.022068 -0.742598 -0.393098 -0.542239 -0.095311 0.863416 -0.495408 0.662921 -0.316207 -0.678637
-33.781927 -178.600716 3504.742130 50015.804792 -0.707992 -0.359252 -0.608018 -0.227127 0.931034 -0.285636 0.668701 -0.064131 -0.740761
-76.782406 -294.005507 13987.178510 80657.456235 -0.658822 -0.481053 -0.578396 -0.367192 0.876659 -0.310869 0.656600 0.007575 -0.754201
-30.757440 -91.906551 7619.456697 14203.801181 -0.736598 -0.013389 -0.676198 -0.079542 0.994580 0.066955 0.671637 0.103105 -0.733671
-21.071083 -74.247006 -4355.126141 11936.358879 -0.720932 -0.030871 -0.692318 -0.039285 0.999221 -0.003647 0.691892 0.024569 -0.721583
-0.139026 -80.177721 -107.438455 -2127.884112 0.643769 -0.517431 0.563761 0.574881 -0.159214 -0.802598 -0.505048 -0.840783 -0.194964
-0.067216 -76.642234 -126.002313 -834.214191 0.648935 -0.521771 0.553749 0.482977 -0.279867 -0.829703 -0.587891 -0.805872 -0.070388
-0.624847 -78.906860 -389.852868 -1663.022804 0.644415 -0.521113 0.559616 0.539965 -0.208090 -0.815559 -0.541449 -0.827731 -0.147286
89.775843 -115.636966 5016.394976 -5836.942820 -0.791263 0.336115 -0.510813 -0.051034 0.796162 0.602927 0.609342 0.503143 -0.612820
87.494883 -114.444100 -10011.725532 -2498.656589 -0.579881 0.472167 -0.663925 -0.048351 0.793549 0.606582 0.813265 0.383846 -0.437334
84.876228 -109.624587 -2527.050981 2004.800601 -0.666576 0.440484 -0.601374 -0.253031 0.625142 0.738358 0.701179 0.644338 -0.305248
79.687496 -100.391393 -6466.258241 -3486.051589 -0.561556 0.536505 -0.629935 0.423587 -0.467589 -0.775844 0.710795 0.702512 -0.035321
78.058311 -99.282240 -4179.174664 5198.328321 0.697195 -0.403348 0.592647 -0.446889 0.401880 0.799239 0.560544 0.822072 -0.099937
75.572056 -103.126176 -9018.275383 6485.550152 0.813998 -0.279974 0.508942 -0.349872 0.463089 0.814333 0.463678 0.840930 -0.278999
76.849388 -110.367867 -8687.914053 349.984317 0.856617 -0.253891 0.449163 -0.202408 0.635400 0.745183 0.474593 0.729251 -0.492905
0.993215 -27.333641 1588.965150 -1905.776861 -0.639709 0.674951 -0.367714 0.653081 0.729573 0.202997 0.405288 -0.110288 -0.907512
7.592944 -30.572069 2360.260511 1688.034317 -0.571959 0.742388 -0.348889 -0.691872 -0.665096 -0.281000 0.440655 -0.080666 -0.894045
6.547753 -33.118404 2337.646640 -1464.374437 -0.632582 0.685082 -0.361251 0.613304 0.727941 0.306529 0.472967 -0.027652 -0.880646
-0.214604 -32.636343 2197.599626 -1728.710092 -0.703519 0.604560 -0.373587 0.554524 0.795751 0.243481 0.444482 -0.035869 -0.895070
-3.877548 -24.758229 288.124656 -1770.590892 -0.724686 0.563445 -0.396687 0.576063 0.811273 0.099935 0.378129 -0.156095 -0.912498
-4.325644 -21.853905 274.152764 -1629.961037 -0.679329 0.624710 -0.385032 0.639886 0.761131 0.105950 0.359248 -0.174402 -0.916801
-3.171559 -28.640318 896.878324 -2041.877563 -0.721843 0.569277 -0.393530 0.561669 0.814119 0.147441 0.404315 -0.114604 -0.907411
-9.830221 -24.336917 -3146.148606 -1156.549526 0.987366 -0.079989 -0.136785 0.039203 -0.713087 0.699978 0.153530 0.696497 0.700942
-17.697089 -23.758401 -2737.213162 -604.927954 0.958415 -0.283436 0.033233 -0.214565 -0.638912 0.738752 0.188156 0.715162 0.673158
-12.903149 -21.847383 -3008.966428 -860.847330 0.986461 -0.149384 -0.067666 -0.048945 -0.661987 0.747916 0.156521 0.734478 0.660336
8.151499 -21.454580 2793.511541 2446.884243 -0.574617 0.740237 -0.349091 0.788251 0.615311 0.007258 0.220172 -0.271001 -0.937061
1.626065 -18.158406 3256.174809 1257.380556 -0.597798 0.728940 -0.333592 0.768114 0.639939 0.021885 0.229432 -0.243154 -0.942463
0.855994 -21.593521 3142.254600 1734.215771 -0.579217 0.741515 -0.338619 0.791399 0.611103 -0.015505 0.195434 -0.276964 -0.940796
-3.370363 -59.935850 844.352371 194.128814 -0.407671 0.909531 -0.080983 0.705480 0.257416 -0.660330 0.579744 0.326329 0.746597
-4.256475 -59.759700 987.586665 -172.433660 -0.404272 0.911166 -0.079628 0.696951 0.250506 -0.671942 0.592303 0.327144 0.736311
-4.036306 -60.626954 641.863984 101.825079 -0.388738 0.916950 -0.089920 0.614860 0.185500 -0.766510 0.686171 0.353260 0.635907
-3.432064 -60.533515 722.153807 -685.177119 -0.416723 0.906291 -0.070554 0.761209 0.305479 -0.572052 0.496893 0.292093 0.817177
-2.183516 -59.375232 444.682606 -595.270065 -0.383345 0.918931 -0.092801 0.619878 0.181495 -0.763420 0.684688 0.350178 0.639201
-1.200552 -58.141492 720.642531 51.911170 -0.395624 0.913434 -0.095497 0.681627 0.222345 -0.697099 0.615521 0.340882 0.710586
-1.441013 -57.983436 381.249277 -69.856062 -0.411445 0.908414 -0.074139 0.754723 0.293969 -0.586494 0.510985 0.297264 0.806553
-3.407875 -60.481430 685.120603 168.968181 -0.426744 0.902123 -0.063742 0.781942 0.332644 -0.527177 0.454375 0.274812 0.847362
11.374957 -75.134508 4121.461905 1670.977230 -0.575255 0.739366 -0.349884 0.706779 0.664610 0.242399 -0.411758 0.107850 0.904889
24.195106 -85.149444 4144.069439 6408.816175 -0.629049 0.713695 -0.308118 0.616579 0.699460 0.361367 -0.473422 -0.037339 0.880044
13.857820 -90.045796 3742.195737 4570.359733 -0.575908 0.743359 -0.340217 0.609798 0.667792 0.426849 -0.544496 -0.038362 0.837886
19.959064 -111.164822 1793.611415 11293.986194 -0.619307 0.733734 -0.279453 0.541209 0.656793 0.525086 -0.568816 -0.173948 0.803860
2.073071 -80.056809 2363.333051 1898.574358 -0.537621 0.773928 -0.334663 0.709342 0.629707 0.316708 -0.455848 0.067121 0.887523
15.102920 -105.041493 3254.204010 6643.356384 -0.564808 0.759266 -0.323275 0.498842 0.626201 0.599190 -0.657380 -0.177164 0.732437
4.584560 -91.353001 3397.107998 3158.867565 -0.521141 0.782468 -0.340817 0.600115 0.619896 0.505560 -0.606856 -0.058938 0.792624
-3.103960 -148.012006 -1951.558803 12077.936429 -0.331221 0.935574 0.122451 0.572621 0.302457 -0.761987 0.749932 0.182268 0.635909
-2.474616 -136.968022 -678.902362 1211.489819 -0.356590 0.926794 0.117884 0.729002 0.354936 -0.585301 0.584294 0.122774 0.802201
-2.676293 -157.493850 -901.458724 815.099395 -0.373422 0.919667 0.121527 0.788741 0.383723 -0.480254 0.488306 0.083484 0.868670
-0.606563 -155.031606 -302.443604 13278.696839 -0.348138 0.931314 0.107025 0.578695 0.303321 -0.757039 0.737504 0.201620 0.644544
-0.527525 -164.002786 -235.935773 5657.341216 -0.367950 0.922541 0.116321 0.769514 0.372338 -0.518857 0.521978 0.101403 0.846910
-2.538613 -175.505919 -558.408956 738.293294 -0.414942 0.901419 0.123559 0.869026 0.432875 -0.239612 0.269476 -0.007951 0.962974
23.515596 -46.419423 966.282140 29.456519 -0.399339 0.790000 -0.465219 0.333011 -0.347788 -0.876440 0.854185 0.504919 0.124194
23.421388 -46.835674 -995.012207 -304.901469 -0.337890 0.817613 -0.466196 0.423517 -0.310264 -0.851099 0.840514 0.485020 0.241438
24.693664 -47.624237 3321.906530 394.270511 -0.429575 0.767930 -0.475130 0.442408 -0.279713 -0.852077 0.787236 0.576233 0.219580
-6.598430 -91.283535 1319.017766 8382.909821 0.826841 -0.325858 -0.458422 -0.380747 0.275609 -0.882650 -0.413964 -0.904354 -0.103815
-4.411592 -101.545846 1540.472524 7661.883408 0.828438 -0.298829 -0.473700 -0.405486 0.263426 -0.875321 -0.386356 -0.917228 -0.097062
-7.112010 -112.960586 1549.413752 13205.324462 0.820932 -0.304933 -0.482790 -0.467765 0.125819 -0.874852 -0.327516 -0.944026 0.039348
-3.056330 -84.580093 885.542248 1287.413151 0.845292 -0.338060 -0.413760 -0.274744 0.389156 -0.879246 -0.458255 -0.856897 -0.236071
-9.875623 -112.103138 887.586399 13732.169166 0.819165 -0.329793 -0.469260 -0.455583 0.122907 -0.881668 -0.348443 -0.936018 0.049567
1.692329 -77.192178 -1567.215398 -2673.198167 0.529312 -0.791863 0.304599 0.839328 0.541165 -0.051668 -0.123925 0.283007 0.951078
-3.647513 -79.886811 -684.326768 -401.198821 0.513875 -0.804151 0.298788 0.844372 0.535653 -0.010562 -0.151553 0.257715 0.954261
-3.405769 -82.559376 -269.262629 -2179.442985 0.521285 -0.804607 0.284376 0.853360 0.489081 -0.180488 0.006140 0.336761 0.941570
6.441385 -56.051419 -15.692456 -1365.240822 -0.576185 0.811903 -0.093943 0.382163 0.369229 0.847125 -0.722470 -0.452199 0.523023
6.236860 -60.590882 -36.474266 -1825.827384 -0.554976 0.824933 -0.107176 0.413914 0.385596 0.824616 -0.721580 -0.413280 0.555447
6.044497 -60.414592 -108.928652 -1136.893736 -0.560549 0.824592 -0.076372 0.494590 0.407325 0.767768 -0.664203 -0.392599 0.636160
5.771332 -54.388257 224.950858 -1844.993079 -0.573015 0.810023 -0.124564 0.289052 0.341978 0.894148 -0.766878 -0.476355 0.430097
6.666151 -57.740517 427.782754 -1412.761154 -0.572666 0.816099 -0.077695 0.458957 0.397692 0.794481 -0.679274 -0.419313 0.602299
6.646641 -55.335606 506.765839 -1608.492692 -0.581671 0.808138 -0.092578 0.368663 0.363367 0.855600 -0.725083 -0.463548 0.509291
5.972253 -52.675541 184.522424 -1342.825184 -0.589164 0.799876 -0.114389 0.267044 0.326368 0.906737 -0.762610 -0.503670 0.405886
6.971199 -138.007715 1976.105451 3310.797537 0.805891 -0.291207 -0.515498 -0.552437 -0.683029 -0.477791 0.212964 -0.669828 0.711320
3.362664 -143.413504 770.490253 1097.742537 0.805059 -0.285559 -0.519938 -0.577359 -0.578375 -0.576315 0.136147 -0.764158 0.630497
4.260039 -145.757472 412.520455 -5231.637598 0.809172 -0.307732 -0.500542 -0.585312 -0.496808 -0.640775 0.051486 -0.811470 0.582122
2.785743 -146.093860 -135.562125 -6.664402 0.808528 -0.304407 -0.503607 -0.586237 -0.342380 -0.734236 -0.051082 -0.888883 0.455278
7.838272 -138.151989 2903.499186 -2041.566453 0.812932 -0.288179 -0.506058 -0.563409 -0.609060 -0.558226 0.147351 -0.738917 0.657487
-171.123284 -339.746111 1496.045117 -13575.876071 -0.654453 0.756096 0.002980 -0.408614 -0.350361 -0.842782 0.636180 0.552780 -0.538246
89.714661 -1100.115096 30653.423841 358750.642835 0.932825 -0.196436 0.302078 -0.043480 0.770845 0.635537 0.357698 0.605979 -0.710522
-26.989068 -218.861706 3200.877145 47253.092825 0.885177 -0.391652 0.251137 0.051004 0.618218 0.784350 0.462450 0.681480 -0.567209
-13.127344 -262.604580 5994.603801 61427.546872 0.880029 -0.388123 0.273694 0.000083 0.576423 0.817152 0.474919 0.719095 -0.507301
-48.895787 -255.862606 -11899.554226 -42498.176258 -0.567168 0.588344 0.576344 0.708215 -0.008820 0.705942 0.420420 0.808563 -0.411672
10.114344 -47.825109 525.503418 1052.666656 0.323381 -0.833138 0.448670 0.778537 -0.035259 -0.626608 0.537871 0.551939 0.637227
12.329592 -49.589096 -275.807480 1005.027319 0.377598 -0.811156 0.446594 0.767418 0.004252 -0.641133 0.518160 0.584814 0.624101
12.845579 -47.385213 -159.917844 254.573376 -0.340342 0.819559 -0.460966 0.724100 -0.084314 -0.684522 0.599872 0.566757 0.564747
9.477976 -49.505821 568.559640 1266.738285 0.348387 -0.828998 0.437479 0.830720 0.056871 -0.553778 0.434201 0.556352 0.708478
7.621501 -47.142362 577.988887 1859.502341 0.322678 -0.843825 0.428763 0.824369 0.027967 -0.565361 0.465075 0.535889 0.704648
-6.709058 -28.547411 1125.732742 -1497.980893 -0.776606 0.469742 -0.419793 0.486385 0.870575 0.074360 0.400391 -0.146433 -0.904569
-4.823713 -30.843881 1364.082512 -1932.086655 -0.750255 0.523339 -0.404021 0.514377 0.845958 0.140610 0.415371 -0.102325 -0.903878
-7.951030 -32.931692 746.864613 -1391.751588 -0.745445 0.503791 -0.436471 0.486636 0.858802 0.160141 0.455519 -0.093026 -0.885352
-8.197736 -29.159194 565.032900 -1310.450794 -0.779344 0.443972 -0.442167 0.475308 0.878692 0.044523 0.408296 -0.175466 -0.895827
-312.391239 -2856.502801 97967.921578 909709.564723 -0.670796 0.449456 0.589934 0.731229 0.533642 0.424890 -0.123844 0.716391 -0.686620
-702.661137 -14620.485948 479617.550639 4289346.474555 0.179268 0.920847 0.346272 -0.697161 -0.129434 0.705133 -0.694139 0.367815 -0.618775
-83.677387 -1116.300363 20154.383352 346783.407727 -0.609616 0.431462 0.664987 0.510238 0.855583 -0.087374 -0.606651 0.286037 -0.741726
-28.392027 -2910.557260 28224.878046 -946837.285159 -0.426588 0.432390 0.794394 -0.119731 0.843593 -0.523464 -0.896486 -0.318417 -0.308096
-25.321815 -448.113048 7416.578595 140076.128853 -0.372377 0.696453 0.613423 0.925318 0.329574 0.187528 -0.071564 0.637443 -0.767167
-70.926484 -1025.391390 -7567.015309 24122.242811 -0.576191 0.322642 0.750937 -0.308981 0.764611 -0.565597 -0.756660 -0.557917 -0.340872
-50.295965 -1192.339135 -12024.888925 375387.727719 -0.648562 0.454386 0.610656 0.345458 0.890600 -0.295789 -0.678252 0.019118 -0.734580
-13.908721 -501.700025 -2865.788908 137944.444859 -0.486537 0.654048 0.579226 0.816905 0.575636 0.036188 -0.309754 0.490779 -0.814363
-1.262359 -173.073378 -4921.141123 -880.310414 -0.535913 0.542662 0.646773 -0.144941 0.695562 -0.703694 -0.831739 -0.470862 -0.294107
3.703869 -157.145818 -3836.279658 970.282086 -0.503559 0.437729 0.744864 -0.465060 0.589252 -0.660682 -0.728112 -0.679099 -0.093153
-10.021181 -140.012829 -3995.553684 8480.982133 -0.485096 0.463960 0.741231 -0.324020 0.691939 -0.645160 -0.812215 -0.553138 -0.185324
-5.678069 -192.983491 -2944.102200 -26746.696876 -0.523643 0.656905 0.542471 0.079774 0.671759 -0.736461 -0.848195 -0.342368 -0.404166
5.581068 -225.091105 -2133.801960 -26209.002194 -0.519154 0.674134 0.525378 0.233243 0.703123 -0.671726 -0.822239 -0.226189 -0.522267
-53.518537 -81.197685 553.642846 6384.951693 -0.040430 0.764176 -0.643739 -0.534786 0.527669 0.659977 -0.844020 -0.370945 -0.387337
-36.410023 -89.663794 -4945.667877 12158.126535 -0.074351 0.643486 -0.761838 -0.508721 0.632598 0.583971 -0.857715 -0.430982 -0.280321
-25.836079 -77.815037 7097.866167 14294.205964 0.184316 -0.644466 0.742085 -0.328461 0.671224 0.664508 -0.926359 -0.366226 -0.087964
-42.506001 -66.679373 386.416483 1965.777308 0.140118 0.621713 0.770610 -0.703080 -0.485531 0.519556 -0.697169 0.614600 -0.369082
-38.630463 -63.273959 617.188985 -227.873009 0.085345 0.496587 0.863781 0.609492 0.659794 -0.439535 -0.788185 0.563979 -0.246356
-48.667479 -68.009872 674.370197 -578.755056 0.024442 -0.094921 0.995185 0.999603 -0.011612 -0.025658 0.013992 0.995417 0.094599
-50.945148 -65.459728 832.498830 1795.257392 -0.094560 -0.042207 0.994624 0.972537 -0.217354 0.083236 0.212673 0.975180 0.061601
-48.738477 -65.628584 132.815091 -8.285514 0.109699 0.007346 0.993938 0.992098 -0.062069 -0.109037 0.060892 0.998045 -0.014097
-51.304662 -69.133696 -8.638737 1327.182294 -0.127864 -0.165217 0.977934 0.980396 -0.170097 0.099449 0.149913 0.971478 0.183727
-0.789904 -19.722314 1463.495993 -1581.948881 0.169341 0.973921 -0.151000 -0.879610 0.218459 0.422567 -0.444534 -0.061263 -0.893664
2.202406 -20.273308 1169.444623 -1024.295402 0.094359 0.989909 -0.105717 -0.871172 0.133499 0.472480 -0.481825 -0.047515 -0.874978
3.602026 -16.677571 2575.506788 -1646.333370 0.210099 0.964729 -0.158606 -0.882247 0.256987 0.394459 -0.421306 -0.057054 -0.905122
5.319676 -12.448660 2386.525128 -2635.129659 0.252602 0.949360 -0.186835 -0.890664 0.303592 0.338451 -0.378033 -0.080914 -0.922249
-1.444124 -13.213827 3500.837466 -1800.320925 0.392781 0.895172 -0.210689 -0.839771 0.442515 0.314587 -0.374842 -0.053367 -0.925551
33.457716 -45.296514 -13945.742338 21.716444 0.108172 0.993032 -0.046762 0.847867 -0.116714 -0.517204 0.519058 -0.016299 0.854584
32.725001 -47.278505 -8805.447981 827.750828 -0.000839 0.995741 -0.092189 0.900453 -0.039346 -0.433170 0.434953 0.083375 0.896585
29.359728 -46.278429 -5276.060087 665.594985 -0.059675 0.990521 -0.123723 0.941610 0.014712 -0.336383 0.331374 0.136572 0.933563
41.271968 -46.411930 -407.934269 1077.760309 -0.165838 0.971098 -0.171660 0.904864 0.080639 -0.417992 0.392069 0.224648 0.892085
51.827790 -47.321947 -2351.637603 774.854547 -0.148378 0.977349 -0.150910 0.859123 0.051814 -0.509140 0.489788 0.205195 0.847350
52.833924 -46.599317 -9742.939295 -427.099279 -0.060255 0.991545 -0.114929 0.851435 -0.009040 -0.524382 0.520987 0.129452 0.843691
-4.928667 -52.435661 -399.556962 -592.664882 -0.460602 0.664678 -0.588259 0.676840 0.691771 0.251677 0.574225 -0.282234 -0.768512
-3.647281 -51.607586 -0.878531 -696.403147 -0.456886 0.660542 -0.595768 0.690234 0.685736 0.230961 0.561099 -0.305697 -0.769232
-4.461096 -52.630705 -635.460259 144.784598 -0.472918 0.640518 -0.605050 0.584980 0.741760 0.328010 0.658898 -0.198820 -0.725482
-8.298120 -53.952863 -1611.642795 909.089678 -0.447424 0.678123 -0.583062 -0.729082 -0.654147 -0.201322 0.517930 -0.335024 -0.787088
-6.722531 -54.131620 -1656.937548 -121.523909 -0.472793 0.648783 -0.596278 0.603892 0.731352 0.316921 0.641702 -0.210250 -0.737573
0.180301 -63.947109 267.680283 4835.997898 0.669063 -0.522401 0.528632 -0.237649 0.523562 0.818172 -0.704185 -0.673038 0.226148
-0.268308 -67.174146 340.529492 5158.193920 -0.654999 0.524237 -0.544198 -0.265860 0.514259 0.815387 -0.707315 -0.678758 0.197466
5.538132 -89.626506 1310.986755 -4331.632503 0.599748 -0.556438 0.575046 0.047216 0.741995 0.668741 -0.798794 -0.373925 0.471283
6.828135 -131.937514 -1732.165814 9175.086097 -0.484126 0.720532 -0.496443 -0.756132 -0.630019 -0.177032 0.440326 -0.289671 -0.849826
4.666063 -139.305320 -574.818319 7642.398265 -0.475437 0.731608 -0.488579 -0.629349 -0.670897 -0.392195 0.614719 -0.121023 -0.779406
-2.097421 -70.303028 -635.731326 222.105367 -0.615959 0.513989 -0.597002 0.780873 0.298238 -0.548901 -0.104080 -0.804282 -0.585062
-2.989407 -68.336178 -252.857232 192.471895 -0.599582 0.530657 -0.599086 0.799915 0.420961 -0.427700 0.025229 -0.735660 -0.676881
-2.005035 -71.042924 -745.409422 450.565798 -0.601866 0.516555 -0.609039 0.797074 0.341483 -0.498059 -0.049299 -0.785214 -0.617259
-2.745469 -69.202279 -255.688917 602.425183 -0.620891 0.523617 -0.583369 0.776365 0.307836 -0.549995 -0.108404 -0.794394 -0.597651
-1.777440 -73.824149 -525.762300 2121.973868 -0.623231 0.512242 -0.590924 0.760328 0.220083 -0.611118 -0.182988 -0.830164 -0.526634
-1.983332 -72.752785 -142.835082 1467.870554 -0.627694 0.519520 -0.579741 0.747347 0.193717 -0.635568 -0.217884 -0.832210 -0.509856
-0.908069 -64.836056 696.754404 -3042.355157 -0.618192 0.634393 -0.464095 0.778137 0.577377 -0.247263 0.111096 -0.513986 -0.850574
2.471636 -59.940579 -1008.366867 -3111.931948 0.652915 -0.643030 0.400268 0.427541 0.749099 0.506023 -0.625228 -0.159259 0.764020
2.498814 -64.130937 -626.304289 -2203.926917 0.660779 -0.644290 0.385047 0.521979 0.763090 0.381093 -0.539360 -0.050832 0.840539
4.375333 -51.464160 -667.092459 -2637.723803 0.670299 -0.622767 0.403560 0.339961 0.741090 0.578975 -0.659641 -0.250891 0.708469
-9.351360 -44.915908 310.615590 3925.769913 -0.536923 0.789310 -0.297831 -0.322320 0.134323 0.937052 -0.779630 -0.599122 -0.182289
-10.264707 -50.829786 -275.012195 2177.600200 -0.540867 0.790885 -0.286293 -0.449265 0.016107 0.893253 -0.711072 -0.611753 -0.346605
-9.973574 -48.784426 -2.991196 4091.322426 -0.542554 0.778170 -0.316364 -0.389226 0.100862 0.915604 -0.744405 -0.619902 -0.248161
-10.793767 -52.921377 -448.152118 193.966373 -0.536719 0.778233 -0.326016 -0.520320 -0.001103 0.853971 -0.664228 -0.627975 -0.405522
-7.847140 -159.789280 -307.890604 4171.822391 0.835167 0.174648 -0.521530 0.549291 -0.312871 0.774849 0.027846 0.933600 0.357233
-9.010672 -144.170159 526.395683 6799.139435 0.836818 0.149869 -0.526569 0.514697 -0.543182 0.663355 0.186607 0.826131 0.531682
-10.124021 -156.025871 -156.564602 5132.004948 0.840251 0.130618 -0.526230 0.471895 -0.654126 0.591130 0.267008 0.745023 0.611267
-6.640476 -213.673114 -422.881934 18092.908421 0.787292 0.123377 -0.604110 0.610441 -0.018049 0.791856 -0.086793 0.992196 0.089525
-5.972787 -126.695402 -1664.891685 848.378081 0.821105 0.126336 -0.556620 0.523051 -0.556917 0.645183 0.228481 0.820904 0.523367
-5.953825 -139.296544 -218.206671 9767.662727 0.799449 0.112076 -0.590187 0.585630 -0.364318 0.724092 0.133862 0.924506 0.356889
-7.731788 -205.144937 -2598.907654 24563.508284 0.789847 0.143469 -0.596287 0.612170 -0.125341 0.780729 -0.037271 0.981686 0.186827
13.540719 -57.964923 1669.012926 -691.598510 0.920747 0.115121 -0.372790 0.383565 -0.442019 0.810862 0.071433 0.889588 0.451144
7.970501 -63.359870 4419.928908 2224.261948 0.884424 0.113284 -0.452726 0.464446 -0.308563 0.830108 0.045657 0.944434 0.325515
10.847527 -61.497521 4560.959291 -1614.066214 0.915923 0.067949 -0.395560 0.370620 -0.521432 0.768602 0.154032 0.850583 0.502775
-67.015887 -142.493374 2198.052144 38217.526492 0.314757 0.845430 -0.431481 -0.545748 0.533127 0.646479 -0.776587 -0.031996 -0.629197
435.059194 -11902.051945 3093.060217 3642836.078797 -0.760795 -0.358957 0.540685 -0.392798 0.917877 0.056668 -0.516624 -0.169267 -0.839314
-35.913390 -658.873584 -211.990473 162934.257513 0.707665 0.550094 -0.443404 -0.667061 0.727031 -0.162652 -0.232895 -0.410880 -0.881441
0.871636 -13.749339 -518.178609 -774.179489 0.053096 0.975916 -0.211585 -0.905313 0.136461 0.402228 -0.421414 -0.170194 -0.890755
1.595166 -11.389186 -292.519552 -379.094385 -0.062792 0.985197 -0.159512 -0.920156 0.004744 0.391523 -0.386484 -0.171360 -0.906237
4.937343 -7.703470 -1702.437156 -629.625881 -0.073392 0.980522 -0.182183 -0.924841 0.001446 0.380350 -0.373205 -0.196405 -0.906721
7.381417 -70.556204 -646.262096 5557.720472 0.914534 0.194280 -0.354799 0.383896 -0.140442 0.912633 -0.127477 0.970841 0.203022
-13.081680 -33.734049 -929.468107 1455.378009 0.630904 -0.491538 0.600291 0.770352 0.488902 -0.409309 -0.092293 0.720670 0.687107
-10.636190 -32.481413 -665.665648 1708.314187 0.627526 -0.464436 0.624908 0.771282 0.480552 -0.417365 -0.106462 0.743888 0.659770
-11.310023 -35.450589 -691.785749 755.805844 0.649494 -0.463104 0.603069 0.744825 0.547030 -0.382092 -0.152948 0.697347 0.700224
-11.294264 -28.254382 -925.015441 2501.589827 0.589139 -0.497363 0.636825 0.807205 0.397910 -0.435991 -0.036553 0.770907 0.635898
-15.594128 -33.622771 -1074.024828 1656.067402 0.614170 -0.524700 0.589479 0.787508 0.455985 -0.414618 -0.051244 0.718865 0.693258
-14.582791 -28.678227 -1372.112581 2010.103815 0.567570 -0.529172 0.630746 0.823163 0.379904 -0.421989 -0.016318 0.758716 0.651218
-11.196663 -26.611023 -589.620488 -1425.529440 -0.073427 -0.612514 0.787042 -0.538098 0.688776 0.485837 -0.839678 -0.387831 -0.380168
-12.316393 -29.568095 520.077936 -936.505548 0.004413 -0.640819 0.767679 -0.525501 0.651654 0.546988 -0.850781 -0.405830 -0.333876
-10.078265 -28.837064 844.794918 -539.276562 -0.040092 -0.560098 0.827456 -0.598061 0.676852 0.429178 -0.800447 -0.477663 -0.362109
-22.535987 -197.128061 -7336.523409 12886.773134 0.794044 0.365682 0.485562 0.146970 0.659608 -0.737100 0.589825 -0.656653 -0.470014
0.391055 -78.657518 99.000773 -1069.803045 0.653267 -0.519692 0.550602 0.504793 -0.243047 -0.828319 -0.564293 -0.819053 -0.103562
58.624093 -104.517388 -9457.377870 2583.401006 -0.342013 0.574104 -0.743930 0.027552 0.797458 0.602745 0.939291 0.185650 -0.288558
57.338276 -98.890043 -5986.921678 -3838.842437 -0.412755 0.498755 -0.762153 0.290149 0.865163 0.409031 0.863392 -0.052308 -0.501814
44.998362 -87.232459 -3392.510818 -4761.834368 -0.321102 0.531853 -0.783598 0.214118 0.846760 0.486982 0.922522 -0.011412 -0.385776
75.578004 -111.168048 -11406.258257 1100.434799 -0.468168 0.507462 -0.723395 0.071869 0.837809 0.541212 0.880712 0.201388 -0.428706
40.766644 -85.934806 -4436.693761 4164.702515 -0.239548 0.642838 -0.727582 -0.053758 0.739470 0.671040 0.969395 0.199859 -0.142581
13.857660 -43.710099 -6882.357760 307.499063 0.738749 -0.473810 0.479326 -0.308300 0.394856 0.865471 0.599334 0.787142 -0.145624
28.127550 -44.675117 -5987.227999 -361.300410 0.708428 -0.513092 0.484630 -0.302892 0.399186 0.865394 0.637485 0.759860 -0.127383
21.309580 -43.142880 -5671.729764 50.374712 0.717958 -0.491896 0.492518 -0.376704 0.320422 0.869151 0.585346 0.809548 -0.044750
20.016985 -45.793021 -7152.164241 704.557521 0.739298 -0.488033 0.463963 -0.228941 0.465794 0.854764 0.633265 0.738146 -0.232630
6.128148 -42.139485 -6036.329458 197.031315 0.736450 -0.464515 0.491799 -0.379385 0.318307 0.868762 0.560097 0.826381 -0.058187
1.757492 -44.106335 -5879.829707 578.562153 0.740408 -0.475265 0.475309 -0.246995 0.465289 0.850000 0.625131 0.746746 -0.227116
-1.831743 -42.928320 -5800.338019 350.841047 0.737769 -0.464759 0.489587 -0.330328 0.383942 0.862248 0.588710 0.797865 -0.129738
8.165331 -16.583726 3522.100287 -1611.634988 -0.600656 0.725175 -0.336650 -0.761248 -0.647438 -0.036411 0.244365 -0.234404 -0.940925
2.009904 -15.476518 3186.007857 -105.336423 -0.588831 0.737695 -0.330280 -0.764980 -0.640568 -0.066913 0.260928 -0.213257 -0.941508
-3.452452 -61.522747 -644.240691 960.596118 -0.379169 0.922910 -0.066837 0.669394 0.223711 -0.708424 0.638860 0.313353 0.702615
-3.803545 -61.252350 -555.411395 -110.618595 -0.396524 0.916452 -0.053711 0.736071 0.282425 -0.615171 0.548605 0.283465 0.786562
23.068641 -69.409006 5542.950682 3777.883173 -0.614852 0.715562 -0.331554 0.701410 0.688360 0.184889 -0.360528 0.118876 0.925142
25.928392 -85.024411 1538.735282 10874.110671 -0.667962 0.707572 -0.230582 0.651607 0.705749 0.278078 -0.359494 -0.035497 0.932472
25.105483 -109.643139 1372.266885 14364.606063 -0.655681 0.717697 -0.234506 0.582396 0.678409 0.447858 -0.480517 -0.157076 0.862804
-2.718533 -131.849329 -1045.690349 8058.647086 -0.329568 0.938992 0.098382 0.553327 0.276531 -0.785723 0.764993 0.204512 0.610705
-3.497050 -128.176310 666.452200 4750.288445 -0.366591 0.926648 0.083270 0.630863 0.313359 -0.709801 0.683830 0.207675 0.699463
18.565786 -47.353746 -3872.413359 -466.917060 -0.284705 0.848049 -0.446941 0.352847 -0.340797 -0.871411 0.891315 0.405797 0.202205
17.632355 -48.027460 -4527.129232 237.181570 -0.269624 0.852338 -0.448132 0.459545 -0.295068 -0.837707 0.846239 0.431803 0.312131
17.139050 -21.651439 2841.557810 -467.957802 -0.767175 0.634310 0.095359 0.617797 0.770678 -0.156150 -0.172539 -0.060882 -0.983119
34.930684 -27.926621 12770.865772 -1764.983246 -0.612761 0.786405 0.078048 -0.770884 -0.616548 0.160022 -0.173962 -0.037890 -0.984023
27.550829 -23.644259 7040.258922 564.670624 -0.751578 0.646236 0.132324 0.639390 0.763021 -0.094765 -0.162207 0.013383 -0.986666
-5.214831 -127.416873 1763.824851 12138.348746 0.820441 -0.279281 -0.498878 -0.502736 0.063137 -0.862131 -0.272275 -0.958131 0.088604
-3.035280 -114.072590 201.059925 7494.659346 0.817260 -0.310453 -0.485495 -0.423175 0.248548 -0.871290 -0.391163 -0.917520 -0.071752
