14016
28021
-24.706345 -40.669396 420.220822 -3837.018959 -0.053114 0.849255 -0.525305 -0.838333 0.247897 0.485536 -0.542565 -0.466169 -0.698791
-27.382400 -42.775051 -288.193120 -2421.334617 -0.283665 0.860789 -0.422583 -0.732764 0.089677 0.674548 -0.618539 -0.500999 -0.605317
-30.757008 -50.880972 222.197703 -3390.300820 0.033992 0.769967 -0.637178 -0.735052 0.451230 0.506053 -0.677158 -0.451157 -0.581304
-22.417995 -34.089346 384.461201 2460.171072 -0.455088 0.836896 -0.304138 0.732676 0.157827 -0.662024 -0.506044 -0.524114 -0.684999
-17.820644 -53.545904 1911.690950 -6055.115746 0.144936 0.800428 -0.581643 -0.790774 0.447033 0.418136 -0.594701 -0.399345 -0.697749
-16.356410 -41.015530 2120.463488 -5463.926533 0.091922 0.852463 -0.514643 -0.873433 0.317219 0.369440 -0.478189 -0.415547 -0.773729
-17.393103 -29.492043 1314.967724 2630.647729 -0.202494 0.893526 -0.400758 0.871576 -0.022144 -0.489760 -0.446488 -0.448464 -0.774292
-25.652221 -40.009099 -118.808528 1170.234508 0.965461 0.221859 -0.136616 -0.116348 -0.102049 -0.987952 0.233127 -0.969724 0.072712
-25.208559 -38.710294 544.520150 1056.580935 0.969733 0.170831 -0.174453 -0.177494 0.002573 -0.984119 0.167670 -0.985297 -0.032817
-24.831104 -36.960543 -197.133248 1248.262097 0.934276 0.241997 -0.261850 -0.269821 -0.000210 -0.962911 0.233076 -0.970277 -0.065099
10.115613 -29.584793 -1631.448411 153.353838 0.028636 -0.075867 -0.996707 0.985666 -0.163704 0.040780 -0.166259 -0.983588 0.070092
10.292861 -30.305796 -1789.112377 25.976077 0.013323 -0.080290 -0.996683 0.966239 -0.255462 0.033495 -0.257304 -0.963480 0.074176
4.144368 -28.902211 -1944.094613 340.305853 -0.004763 -0.101800 -0.994794 0.984558 -0.174564 0.013149 -0.174994 -0.979369 0.101059
7.006885 -27.592773 -1374.087232 426.326838 0.050908 -0.079962 -0.995497 0.997666 -0.041352 0.054341 -0.045511 -0.995940 0.077670
0.112554 -42.489610 522.217084 -1774.450690 -0.441227 0.839686 -0.316615 0.728409 0.129035 -0.672883 -0.524156 -0.527520 -0.668568
0.115190 -40.284218 -258.090675 -2587.806671 -0.471061 0.820723 -0.323287 0.708441 0.133639 -0.693002 -0.525559 -0.555476 -0.644387
0.079885 -38.565638 -360.484202 1121.201227 -0.435570 0.826325 -0.357024 -0.702048 -0.063606 0.709283 -0.563390 -0.559591 -0.607824
0.632918 -33.792863 -290.872499 -832.768572 -0.415826 0.829589 -0.372653 -0.685620 -0.016748 0.727767 -0.597507 -0.558123 -0.575747
0.552570 -39.821542 283.193371 1162.289814 -0.428279 0.837541 -0.339267 -0.698367 -0.068515 0.712453 -0.573464 -0.542061 -0.614255
3.408044 -63.239825 -360.159793 -2933.800547 0.096075 0.711844 -0.695735 0.920606 -0.329328 -0.209826 -0.378489 -0.620339 -0.686968
2.610228 -61.503088 -716.358918 -3001.750078 0.075499 0.709127 -0.701027 0.848629 -0.414838 -0.328236 -0.523573 -0.570130 -0.633105
1.698074 -59.327340 133.187998 -3134.092643 0.098517 0.715108 -0.692037 0.845945 -0.426426 -0.320215 -0.524091 -0.553879 -0.646952
0.495004 -52.375487 244.187803 1322.467524 0.082361 0.720452 -0.688597 -0.730717 0.513500 0.449856 -0.677694 -0.466119 -0.568739
2.036247 -51.507839 390.200172 1863.156808 0.072059 0.726576 -0.683297 -0.786217 0.462930 0.409340 -0.613735 -0.507723 -0.604605
694.791890 -138.105046 -140768.299530 18482.853016 -0.500627 0.527256 -0.686567 -0.364435 0.591035 0.719628 0.785213 0.610474 -0.103737
48.376625 -28.257806 -7468.188830 175.611693 -0.470783 0.532963 -0.703075 -0.440435 0.548528 0.710728 0.764448 0.644257 -0.023502
617.654234 -82.375911 -105869.329224 6762.032299 -0.521390 0.491236 -0.697739 -0.413007 0.570248 0.710100 0.746711 0.658410 -0.094438
156.017844 -31.524275 -30447.695080 28.147291 -0.501389 0.419385 -0.756786 -0.360309 0.694016 0.623313 0.786630 0.585199 -0.196863
235.002031 -38.964806 -46823.917773 932.413347 -0.491086 0.302984 -0.816722 -0.423863 0.735980 0.527895 0.761035 0.605421 -0.233006
310.131933 -40.893695 54594.026519 3869.486689 0.540486 -0.328780 0.774453 -0.493909 0.621198 0.608414 0.681123 0.711349 -0.173361
2312.803647 -197.397666 454050.748746 35932.691834 0.650957 -0.376917 0.658930 -0.397167 0.570636 0.718772 0.646926 0.729595 -0.221760
420.678475 -35.284216 -90845.924508 3536.218871 -0.104212 0.299844 0.948279 0.608228 0.773600 -0.177769 -0.786892 0.558244 -0.262992
86.397551 -2.589149 -18705.041032 18.605975 -0.109284 0.337365 0.935009 0.595073 0.775664 -0.210318 -0.796207 0.533414 -0.285525
639.276645 -46.633830 -168746.240191 2061.042593 0.026835 0.281682 0.959133 0.582032 0.775668 -0.244085 -0.812723 0.564796 -0.143133
34.662739 -46.131901 -2652.341239 1487.333448 -0.466446 -0.376919 0.800225 -0.080441 0.918996 0.385973 -0.880885 0.115665 -0.458982
45.021886 -39.856672 -5979.538243 103.329973 -0.437195 -0.314513 0.842581 -0.011156 0.938684 0.344597 -0.899298 0.141256 -0.413897
55.094810 -43.194074 -5425.347265 1631.221578 -0.438408 -0.311420 0.843099 -0.140155 0.950265 0.278125 -0.887781 0.003768 -0.460251
1.101002 -65.172790 259.085199 -3699.184146 0.636316 0.540879 0.550047 -0.251017 -0.529047 0.810617 -0.729447 0.653880 0.200871
1.741161 -55.276268 2.185615 -2349.120999 0.635018 0.539979 0.552427 -0.371243 -0.413808 0.831229 -0.677445 0.732930 0.062313
-0.392134 -56.478795 587.089802 -1639.386006 0.664726 0.534032 0.522445 -0.362217 -0.381242 0.850561 -0.653405 0.754629 0.059986
2.449850 -60.658107 146.134249 -4075.417721 0.631012 0.537315 0.559568 -0.294980 -0.500942 0.813661 -0.717503 0.678491 0.157603
-0.543909 -65.166226 860.516004 3050.042818 0.664259 0.522645 0.534418 0.229789 0.537544 -0.811322 -0.711306 0.661731 0.236971
1.831566 -73.576154 175.225825 4327.876545 0.630564 0.544754 0.552841 0.117186 0.637308 -0.761647 -0.767240 0.545052 0.338026
-9.650591 -56.853295 206.778637 -414.080057 0.053474 0.806807 -0.588389 0.925290 0.181522 0.332998 0.375471 -0.562238 -0.736824
-8.518880 -57.689696 13.364281 -329.547933 0.040574 0.825382 -0.563115 0.885409 0.231473 0.403076 0.463038 -0.514942 -0.721409
-8.858455 -56.993384 8.558753 169.537775 0.062410 0.810625 -0.582231 -0.816575 -0.293950 -0.496789 0.573856 -0.506439 -0.643590
-10.840588 -59.663697 441.096178 -103.852816 0.073441 0.795657 -0.601278 0.852111 0.263200 0.452364 0.518183 -0.545578 -0.658658
-0.218822 -60.175629 906.251626 190.718758 -0.169355 -0.787658 0.592379 0.896029 -0.373362 -0.240277 0.410429 0.490097 0.768995
1.964099 -59.964162 -1174.555428 668.805846 0.200996 0.760352 -0.617629 0.773040 -0.510371 -0.376736 0.601672 0.401729 0.690365
-1.958874 -59.002941 -615.011467 276.092979 0.176378 0.779427 -0.601153 0.771948 -0.488458 -0.406823 0.610727 0.392304 0.687830
-5.192574 -97.191873 -230.179586 -10935.424699 0.513576 0.668956 0.537343 -0.199986 0.702317 -0.683196 -0.834413 0.243412 0.494475
1.931815 -64.954622 -344.827489 6101.537711 0.490968 0.723707 0.484972 0.407585 -0.682821 0.606325 -0.769951 0.100019 0.630216
-0.001183 -70.427828 -1023.568360 -6408.889343 0.488144 0.670631 0.558542 -0.388393 0.740029 -0.549098 -0.781579 0.051105 0.621709
-2.852373 -86.721812 -518.026315 9975.765656 0.482590 0.722974 0.494383 0.217235 -0.645630 0.732101 -0.848479 0.245907 0.468630
-5.574774 -97.057550 -527.864581 -9946.483496 0.523385 0.615896 0.588846 -0.142782 0.744676 -0.651975 -0.840049 0.257157 0.477691
-2.520762 -6.366007 77.531511 60.985121 0.605307 0.178669 -0.775681 0.668181 0.415546 0.617135 0.432594 -0.891851 0.132149
-0.520990 -8.847568 -459.528628 436.836703 0.494704 0.096929 -0.863639 0.762919 0.427483 0.484988 0.416200 -0.898812 0.137529
-1.204152 -8.068049 248.900933 678.685909 0.332441 0.027880 -0.942712 0.846578 0.431732 0.311308 0.415678 -0.901571 0.119923
-2.286739 -5.166284 698.728963 295.334917 0.469258 0.113817 -0.875696 0.766173 0.440582 0.467832 0.439063 -0.890468 0.119543
6.747604 -394.765180 -3907.588440 55399.704703 -0.664636 -0.514528 -0.541775 0.707674 -0.666124 -0.235534 -0.239700 -0.539944 0.806848
-1.780857 -2314.241232 1319.285989 472594.960425 0.780155 0.392684 0.486988 0.625586 -0.488336 -0.608416 0.001101 -0.779312 0.626635
17.331455 -427.871388 -4488.154930 98783.757065 0.914043 0.284021 0.289583 0.296720 0.018571 -0.954784 0.276556 -0.958638 0.067300
746.694977 -302.173503 108476.313958 98817.795756 0.509822 -0.406534 -0.758163 0.860036 0.261809 0.437942 0.020456 -0.875321 0.483110
8.077274 -254.255487 3605.380221 11020.206008 0.667553 0.479374 0.569713 0.627071 -0.774522 -0.083055 -0.401440 -0.412694 0.817636
4.703334 -11.110648 -545.722253 262.626439 -0.287618 -0.152660 0.945500 0.151772 0.967476 0.202376 -0.945643 0.201708 -0.255094
6.292474 -13.043193 -546.046133 1225.100334 -0.267584 -0.136422 0.953828 0.139312 0.974047 0.178396 -0.953410 0.180616 -0.241635
3.748051 -12.985244 11.309762 784.802532 -0.279195 -0.186716 0.941906 0.100312 0.969874 0.221994 -0.954980 0.156464 -0.252055
7.456639 -10.801812 -1081.863390 605.204723 -0.272705 -0.150577 0.950241 0.162399 0.966300 0.199727 -0.948293 0.208785 -0.239061
2.229259 -11.982993 -334.908785 -80.978057 -0.305968 -0.214179 0.927637 0.116792 0.958563 0.259841 -0.944851 0.187844 -0.268276
2.176249 -13.469425 -774.221827 -842.754886 -0.323379 -0.254456 0.911416 0.138638 0.940033 0.311636 -0.936059 0.227133 -0.268709
6.779701 -12.059093 -986.868823 -550.585184 -0.286874 -0.189688 0.939000 0.168639 0.954893 0.244420 -0.943008 0.228470 -0.241945
-3.620549 -28.526770 -482.075129 307.954434 0.168963 0.775125 0.608796 -0.381842 -0.517962 0.765449 -0.908652 0.361797 -0.208459
-5.040451 -27.203799 -601.716504 2135.114080 0.183755 0.773726 0.606286 -0.287012 -0.547679 0.785921 -0.940137 0.318429 -0.121430
-7.175947 -26.875258 -772.143380 1205.770156 0.212543 0.787043 0.579128 -0.342163 -0.495202 0.798561 -0.915287 0.367885 -0.164046
-4.284797 -26.280640 -854.629733 -1373.013788 0.173647 0.767477 0.617110 -0.481041 -0.480686 0.733171 -0.859329 0.424169 -0.285718
-7.776428 -41.827222 -1865.636195 128.171714 -0.111987 0.952618 -0.282804 -0.239188 0.250386 0.938134 -0.964494 -0.172702 -0.199815
1.631344 -42.136198 -1772.235789 207.777845 -0.093497 0.926000 -0.365763 -0.230246 0.337303 0.912805 -0.968631 -0.169560 -0.181671
0.915753 -41.309943 -1713.168709 1037.443327 -0.101652 0.936628 -0.335254 -0.075240 0.328796 0.941399 -0.991971 -0.120919 -0.037049
-8.183844 -56.683007 380.181177 -30.012434 0.026661 0.836698 -0.547016 0.928994 0.181327 0.322630 0.369132 -0.516776 -0.772453
-7.030514 -56.513719 424.196509 402.417362 0.002420 0.842525 -0.538652 0.984912 0.091200 0.147075 0.173039 -0.530881 -0.829592
-7.377798 -56.255962 295.396999 298.475444 0.003668 0.844161 -0.536078 0.914403 0.214169 0.343509 0.404788 -0.491451 -0.771118
-8.504667 -57.000179 189.520176 219.101058 0.021559 0.836259 -0.547910 -0.837179 -0.284473 -0.467125 0.546503 -0.468770 -0.693966
-0.613360 -9.685601 229.823237 -547.956628 0.869764 0.488500 0.069836 0.105153 -0.045203 -0.993428 0.482133 -0.871392 0.090684
-1.183331 -8.781632 62.683237 -510.733385 0.862467 0.479131 0.163047 0.184248 0.002812 -0.982876 0.471385 -0.877739 0.085854
-0.174925 -10.121979 18.755373 -242.260322 0.844515 0.476482 0.244456 0.234839 0.080744 -0.968675 0.481294 -0.875469 0.043707
0.386589 -11.640176 52.952551 -317.162995 0.860966 0.483441 0.158185 0.152680 0.051029 -0.986957 0.485208 -0.873888 0.029877
-0.575136 -10.959215 0.461723 -515.872197 0.876269 0.481612 0.014230 0.053403 -0.067729 -0.996274 0.478854 -0.873764 0.085068
-0.789003 -8.114779 92.004237 -539.764756 0.877420 0.465884 -0.114393 -0.037334 -0.171418 -0.984491 0.478267 -0.868083 0.133012
-0.817537 -7.192730 317.845777 -595.524676 0.876290 0.475899 -0.075072 -0.001541 -0.153051 -0.988217 0.481781 -0.866080 0.133384
-13.823845 -28.055962 -3805.650832 -1057.403606 0.451077 -0.685174 0.571897 0.726262 -0.090634 -0.681417 0.518722 0.722719 0.456733
1.921728 -22.507977 -4583.263400 -2375.714961 0.430948 -0.652943 0.622855 0.749371 -0.125583 -0.650133 0.502720 0.746923 0.435177
-11.142511 -20.292727 -3410.250755 -3048.255297 0.477537 -0.677927 0.558904 0.753606 -0.010998 -0.657234 0.451704 0.735047 0.505638
-18.316222 -25.389548 -2755.459867 -467.077190 0.765031 -0.638739 0.082094 -0.414665 -0.391049 0.821665 0.492727 0.662641 0.564028
-23.078426 -30.325923 -1606.558701 -784.729917 0.358577 -0.767584 0.531261 0.717693 -0.137242 -0.682702 0.596942 0.626083 0.501677
-21.821241 -42.881003 684.772057 66.701249 -0.354399 0.885662 -0.300007 0.073474 -0.293464 -0.953142 0.932203 0.359835 -0.038930
-21.251843 -43.957434 1787.638625 -56.688825 -0.428488 0.816426 -0.387100 0.207587 -0.328011 -0.921584 0.879378 0.475245 0.028931
-25.607294 -41.192273 25.517195 15.229425 -0.306186 0.863109 -0.401613 0.261785 -0.329271 -0.907221 0.915270 0.382914 0.125131
-26.355000 -40.808042 -675.547649 136.211060 -0.223797 0.944822 -0.239220 0.111883 -0.218918 -0.969308 0.968193 0.243693 0.056716
-0.780296 -31.490090 318.266418 3145.764264 -0.122659 0.133339 -0.983451 -0.502915 0.845931 0.177419 0.855588 0.516355 -0.036703
1.699135 -34.153245 250.131473 1430.996576 -0.114240 0.119019 -0.986298 -0.361790 0.919639 0.152880 0.925234 0.374298 -0.061999
1.486250 -30.682082 430.368732 3324.965629 -0.118749 0.118429 -0.985836 -0.506176 0.846941 0.162715 0.854216 0.518329 -0.040628
-0.123312 -27.922755 372.545718 1265.519122 -0.129053 0.130476 -0.983016 -0.535201 0.825365 0.179814 0.834809 0.549316 -0.036685
4.761338 -39.837833 65.175881 156.793870 -0.099213 0.138405 -0.985394 0.123463 0.984340 0.125826 0.987377 -0.109176 -0.114747
5.663753 -39.632830 -14.868247 -127.747128 -0.093498 0.146200 -0.984827 0.310362 0.944151 0.110696 0.946009 -0.295303 -0.133651
6.028106 -39.404080 -502.423206 -139.848565 -0.066652 0.124631 -0.989962 0.242814 0.964367 0.105061 0.967780 -0.233374 -0.094539
10.214406 -60.547358 -451.316807 -1361.086429 0.283254 0.088296 -0.954972 0.793734 0.537308 0.285108 0.538288 -0.838752 0.082111
9.686558 -57.398695 1134.335536 -3134.115228 0.252580 0.184268 -0.949868 0.815309 0.488104 0.311489 0.521032 -0.853112 -0.026950
12.707970 -50.550992 785.252911 -3731.507725 0.287920 0.138908 -0.947527 0.891326 0.322947 0.318187 0.350200 -0.936168 -0.030829
10.522653 -54.102642 -1196.636641 -2897.162544 0.294941 0.025706 -0.955170 0.895561 0.341083 0.285714 0.333137 -0.939682 0.077578
12.200157 -46.107013 -924.431444 -3282.355728 0.322764 0.049949 -0.945161 0.930147 0.167973 0.326514 0.175070 -0.984525 0.007756
13.436742 -42.018041 985.214255 -3475.800678 0.351307 0.188068 -0.917177 0.912496 0.150536 0.380382 0.209606 -0.970551 -0.118727
2.769300 -102.731292 -456.674263 -5383.200858 -0.104891 -0.139143 0.984702 0.905482 0.396069 0.152419 -0.411217 0.907617 0.084448
0.040522 -124.896091 -1466.809475 -7556.919667 -0.029046 -0.100333 0.994530 0.997153 0.066358 0.035817 -0.069589 0.992739 0.098120
2.414000 -126.096598 -527.513247 -6295.529777 -0.031256 -0.136826 0.990102 0.990399 0.129216 0.049122 -0.134658 0.982131 0.131473
0.244110 -140.086965 -787.317069 -7208.945106 0.012152 -0.137329 0.990451 0.981747 -0.186382 -0.037888 0.189805 0.972832 0.132557
5.934085 -100.851573 -467.412900 -2650.102053 -0.083459 -0.175055 0.981015 0.886778 0.436049 0.153252 -0.454598 0.882733 0.118843
4.030871 -130.745708 90.501691 -7251.534289 -0.039717 -0.147803 0.988219 0.987337 0.146213 0.061549 -0.153587 0.978149 0.140124
1.383273 -148.935386 218.444114 -9500.368591 0.016111 -0.159513 0.987064 0.986125 -0.160592 -0.042048 0.165222 0.974046 0.154712
-4.549554 -55.948814 -992.521280 -918.003089 0.270195 -0.000079 -0.962806 0.779277 0.587302 0.218643 0.565440 -0.809368 0.158748
-5.549293 -51.998900 -687.230860 206.068580 0.246701 -0.004933 -0.969079 0.869129 0.443458 0.218999 0.428666 -0.896282 0.113689
-6.191881 -54.182109 -276.276524 -901.475912 0.232331 0.015023 -0.972521 0.840057 0.500864 0.208423 0.490232 -0.865396 0.103746
-2.927556 -52.899225 -685.862014 550.693406 0.256179 -0.001783 -0.966628 0.849721 0.477134 0.224316 0.460811 -0.878829 0.123747
54.251619 -29.909426 6814.710502 510.611261 0.769825 0.266940 -0.579752 0.385654 0.529229 0.755770 -0.508567 0.805394 -0.304467
55.010168 -27.621552 4440.983217 256.075392 -0.554711 -0.490315 0.672226 0.407277 0.544507 0.733237 -0.725549 0.680517 -0.102350
57.796386 -27.706022 5119.236881 789.221054 -0.527018 -0.498823 0.688061 0.372499 0.592124 0.714586 -0.763869 0.632902 -0.126249
43.571142 -30.603548 11449.803636 -826.222511 0.872926 0.093549 -0.478800 0.337272 0.593399 0.730839 -0.352489 0.799454 -0.486441
45.395023 -32.696823 10805.966084 378.666577 0.867181 0.087135 -0.490310 0.388650 0.497174 0.775737 -0.311364 0.863264 -0.397275
-1.901901 -32.303258 277.160180 280.240801 0.104902 0.246461 -0.963459 0.968753 0.193624 0.155009 0.224753 -0.949614 -0.218449
-0.911905 -33.311893 157.294613 476.840333 0.128819 0.250560 -0.959492 0.972037 0.159661 0.172197 0.196340 -0.954844 -0.222986
-0.509795 -33.245392 216.451998 132.925220 0.093622 0.250192 -0.963659 0.950514 0.265538 0.161286 0.296241 -0.931071 -0.212951
0.181051 -31.223916 89.832918 142.033387 0.034165 0.222214 -0.974399 0.922042 0.369138 0.116512 0.385579 -0.902418 -0.192280
-1.354115 -29.956507 242.561827 -87.046453 0.029729 0.228408 -0.973112 0.953100 0.286876 0.096453 0.301193 -0.930340 -0.209167
-2.902805 -29.876527 432.081783 539.032295 0.083091 0.245705 -0.965777 0.975986 0.175761 0.128685 0.201365 -0.953277 -0.225200
-7.638433 -31.227793 162.829500 -2170.018642 -0.110744 -0.252983 0.961112 0.890108 0.404927 0.209147 -0.442091 0.878655 0.180338
-8.096364 -30.803199 1.020912 -377.295332 -0.117256 -0.207111 0.971265 0.938844 0.295727 0.176402 -0.323764 0.932551 0.159769
-8.247203 -33.227581 -33.615822 -2986.346230 -0.125031 -0.220129 0.967425 0.883563 0.418842 0.209497 -0.451314 0.880974 0.142130
-7.823980 -31.019014 11.960243 -2355.480014 -0.146167 -0.241939 0.959219 0.854005 0.458544 0.245791 -0.499310 0.855104 0.139593
-6.672989 -27.738601 243.925284 -1355.692688 -0.141707 -0.284486 0.948149 0.856451 0.445070 0.261542 -0.496398 0.849106 0.180579
-5.812968 -27.574542 446.598465 -769.204418 -0.092168 -0.296056 0.950713 0.905073 0.373160 0.203947 -0.415148 0.879262 0.233559
-4.031245 -113.994492 -253.108221 1279.569953 0.127749 -0.014448 -0.991701 0.282520 0.958999 0.022422 0.950717 -0.283040 0.126593
-2.811996 -134.380544 -203.073525 7106.353635 0.133571 -0.014600 -0.990932 0.426609 0.903356 0.044195 0.894519 -0.428643 0.126891
-3.234778 -123.590490 -468.868478 1773.437581 0.121486 -0.038869 -0.991832 0.605259 0.794867 0.042986 0.786704 -0.605537 0.120091
-4.502980 -118.956215 -344.895639 4267.257262 0.142169 -0.003982 -0.989834 0.087848 0.996097 0.008610 0.985936 -0.088179 0.141964
-3.364826 -116.305406 -21.837352 2667.035907 0.107119 -0.034063 -0.993663 0.531927 0.846316 0.028331 0.839987 -0.531591 0.108776
-5.174966 -106.926681 72.640043 -1176.730179 0.094472 -0.002649 -0.995524 0.317323 0.947916 0.027591 0.943600 -0.318509 0.090392
-5.112637 -108.847287 -122.530862 2080.491845 0.137805 0.018748 -0.990282 -0.061404 0.998059 0.010351 0.988554 0.059381 0.138688
-5.358632 -106.387935 -288.844390 1620.107553 0.124312 0.021048 -0.992020 -0.018636 0.999648 0.018874 0.992068 0.016141 0.124660
-8.824709 -156.523368 149.254992 1323.533659 0.030864 -0.027528 0.999144 0.695403 0.718618 -0.001682 -0.717957 0.694860 0.041323
-8.952776 -135.336538 -651.115642 4586.002191 -0.018423 0.034379 0.999239 0.867143 0.498057 -0.001148 -0.497718 0.866462 -0.038987
-9.895771 -143.995666 177.022590 -1257.854426 -0.003306 0.012264 0.999919 0.625123 0.780490 -0.007506 -0.780519 0.625048 -0.010247
18.411008 -52.672463 1180.663414 -2270.427517 0.262570 -0.226381 0.937981 0.374989 0.919619 0.116979 -0.889067 0.321017 0.326354
15.606558 -43.085600 1217.833485 -1888.654870 0.310088 -0.118018 0.943354 0.119858 0.989201 0.084355 -0.943122 0.086911 0.320885
18.372141 -51.199733 1213.260342 -2329.259501 0.217615 -0.079991 0.972751 0.129601 0.990179 0.052431 -0.967392 0.114659 0.225845
13.556892 -44.121830 2564.657421 202.937814 0.269821 0.045556 0.961832 -0.029231 0.998807 -0.039107 -0.962467 -0.017564 0.270831
-2.410979 -236.236351 641.364670 26053.551121 -0.116435 -0.187176 0.975402 0.798623 -0.601496 -0.020091 0.590460 0.776639 0.219518
-0.577215 -222.537519 633.365788 17723.445261 -0.113226 -0.194463 0.974353 0.762555 -0.645670 -0.040250 0.636938 0.738440 0.221395
0.766392 -219.217558 -873.946234 -16065.796752 0.132033 0.154477 -0.979134 -0.488072 0.869876 0.071424 0.862759 0.468458 0.190248
-2.207234 -196.684767 -2161.330103 -16224.661943 0.151800 0.177062 -0.972423 -0.486032 0.870034 0.082547 0.860656 0.460098 0.218129
-2.849497 -158.027542 -224.565896 -13768.884868 0.108548 0.160308 -0.981080 -0.688204 0.724289 0.042205 0.717351 0.670602 0.188945
-2.744030 -167.551811 405.760901 9218.640658 -0.077220 -0.195417 0.977676 0.910835 -0.412637 -0.010537 0.405484 0.889687 0.209856
-4.722773 -29.611970 -903.189615 -981.082828 0.396039 0.192627 -0.897802 -0.226355 0.968056 0.107850 0.889897 0.160510 0.426990
-6.887264 -29.666395 11.820071 -620.829087 0.328588 0.276046 -0.903232 -0.275177 0.942825 0.188039 0.903497 0.186761 0.385763
-4.350867 -32.910507 -438.437167 -1222.051301 0.345541 0.255642 -0.902911 -0.364899 0.923059 0.121701 0.864552 0.287419 0.412239
-4.061890 -31.355375 532.876684 -337.712724 0.257539 0.376322 -0.889975 -0.441580 0.865077 0.238010 0.859465 0.331698 0.388967
-13.226867 -33.424534 625.944549 -656.139568 0.320438 0.862605 -0.391449 -0.517716 -0.186584 -0.834959 0.793278 -0.470212 -0.386796
-14.084693 -31.190860 241.598484 -891.793209 0.318844 0.850189 -0.418948 -0.414631 -0.272362 -0.868274 0.852302 -0.450553 -0.265674
-14.639509 -33.042784 -504.565296 -752.796049 0.398521 0.842774 -0.361818 -0.481702 -0.143375 -0.864527 0.780477 -0.518821 -0.348828
-6.062372 -18.610167 -318.608763 232.446086 0.305341 0.502074 -0.809128 0.205972 0.794769 0.570892 0.929700 -0.340974 0.139263
-5.143156 -17.735450 -3.871050 107.997783 0.296494 0.396956 -0.868629 0.228784 0.853522 0.468144 0.927226 -0.337531 0.162247
-6.014678 -18.477380 55.146068 268.863295 0.308071 0.467637 -0.828497 0.258651 0.796880 0.545968 0.915528 -0.382488 0.124541
-7.473810 -19.877592 -244.119301 327.823639 0.326388 0.563182 -0.759142 0.264526 0.716612 0.645362 0.907467 -0.411452 0.084917
-8.259222 -19.926473 -814.007766 538.738293 0.318565 0.582217 -0.748024 0.199316 0.730351 0.653346 0.926709 -0.357226 0.116619
-7.519363 -18.968971 -712.956980 314.166091 0.297501 0.540415 -0.787048 0.148282 0.788216 0.597267 0.943136 -0.294393 0.154362
-181.652921 -783.697254 -24791.629439 -133177.240449 -0.129423 0.851471 0.508180 0.569354 0.483401 -0.664951 0.811841 -0.203275 0.547352
-101.713139 -2452.476439 -989.544634 811689.070743 -0.409322 0.867399 0.282973 -0.132133 0.250520 -0.959052 0.902771 0.429951 -0.012068
-580.461301 -7231.007786 -81996.895530 2148712.591551 0.469318 0.851468 -0.233971 -0.046659 -0.240681 -0.969482 0.881796 -0.465912 0.073227
-146.316471 -644.179431 -26630.977524 120894.090998 -0.151655 0.947334 0.282062 -0.584434 0.144196 -0.798527 0.797144 0.285947 -0.531786
-113.201348 -179.758322 15038.722865 1640.471045 0.473753 0.821253 0.317964 -0.591205 0.564188 -0.576340 0.652713 -0.085061 -0.752815
-115.129818 -220.850854 13460.478592 -34742.527098 0.583387 0.727303 0.361512 -0.131528 0.523830 -0.841607 0.801474 -0.443433 -0.401256
-176.078029 -236.416009 -16526.204431 -35624.268674 -0.038398 0.870163 -0.491266 -0.847740 -0.288640 -0.444998 0.529020 -0.399379 -0.748755
-185.693291 -498.916798 -23703.184270 116779.422722 0.085755 0.685101 -0.723383 0.961241 0.134064 0.240921 0.262035 -0.716006 -0.647050
-152.228117 -216.589364 -4022.275037 9107.863537 0.258445 0.920525 -0.292985 0.941630 -0.172323 0.289201 0.215729 -0.350626 -0.911330
-168.832381 -253.156333 19657.107073 11411.895772 0.295306 0.938794 0.177368 -0.909019 0.333228 -0.250287 0.294072 0.087320 -0.951786
-32.616057 -48.693219 -226.424771 -923.425864 -0.268615 0.835733 -0.478952 -0.617909 0.231938 0.751261 -0.738941 -0.497749 -0.454105
-26.007412 -42.012229 97.265451 -2140.401394 -0.446147 0.827421 -0.341067 -0.659195 -0.046054 0.750560 -0.605322 -0.559690 -0.565979
-25.964594 -42.343719 169.222139 603.174672 0.991540 0.104849 -0.076513 -0.060872 -0.145004 -0.987557 0.114639 -0.983860 0.137395
-24.688871 -40.455125 209.038461 650.597114 0.990312 0.069959 -0.119948 -0.120481 0.003432 -0.992710 0.069038 -0.997544 -0.011827
-26.216092 -42.824026 -204.978256 386.829440 0.997131 -0.025176 -0.071392 -0.072478 -0.045268 -0.996342 -0.021852 -0.998658 0.046963
-25.532930 -42.283965 32.220919 223.546217 0.972305 0.216741 -0.087447 -0.037744 -0.223629 -0.973943 0.230649 -0.950270 0.209254
-26.161766 -42.843867 506.486495 -31.538861 0.984527 0.157117 -0.077599 -0.027787 -0.297251 -0.954395 0.173018 -0.941783 0.288286
-26.029123 -42.740894 -363.801658 448.367449 0.998159 -0.047777 -0.037352 -0.046325 -0.203195 -0.978042 -0.039138 -0.977972 0.205035
-25.861177 -42.433745 18.548916 2.970629 0.997944 0.035695 -0.053237 -0.040357 -0.295355 -0.954535 0.049795 -0.954721 0.293307
-6.370896 -23.376977 -519.086289 447.042539 0.907752 0.408017 0.097510 -0.028984 0.292884 -0.955709 0.418505 -0.864720 -0.277692
-3.208454 -21.786486 -396.062875 175.404541 0.895067 0.445914 0.003907 -0.155852 0.321021 -0.934161 0.417810 -0.835527 -0.356831
-6.982199 -22.911812 -194.250093 474.631723 0.865547 0.484176 -0.128069 -0.254011 0.204011 -0.945441 0.431632 -0.850855 -0.299567
-1.757760 -23.416639 -930.296315 280.193403 0.911753 0.363457 0.191324 0.047485 0.369408 -0.928053 0.407984 -0.855241 -0.319550
-10.719431 -23.307782 -314.119835 351.720225 0.878248 0.470917 -0.083176 -0.172521 0.149792 -0.973550 0.446002 -0.869367 -0.212798
-4.274421 -25.846584 -1176.123029 599.111929 0.902098 0.324044 0.284981 0.178421 0.321226 -0.930043 0.392918 -0.889837 -0.231961
-9.824618 -24.531346 -740.023816 578.360076 0.901895 0.377284 0.210338 0.117348 0.254628 -0.959893 0.415710 -0.890405 -0.185375
5.117189 -30.142232 -2098.394497 228.134313 -0.034228 -0.102656 -0.994128 0.951078 -0.308951 -0.000843 -0.307050 -0.945522 0.108209
10.512970 -22.618233 341.851328 -748.703000 -0.176575 -0.270124 0.946496 0.378947 0.868826 0.318653 -0.908416 0.414938 -0.051051
10.085800 -23.809800 591.024304 -29.229653 -0.174474 -0.325480 0.929312 0.477556 0.797388 0.368934 -0.861104 0.508168 0.016312
6.337395 -21.670362 1802.054529 -606.018547 -0.120169 -0.307879 0.943806 0.391363 0.859013 0.330048 -0.912357 0.409032 0.017266
0.082412 -40.583740 165.094428 -1069.350933 -0.468362 0.827976 -0.308372 0.768669 0.209757 -0.604276 -0.435643 -0.520055 -0.734682
1.024422 -43.933977 622.514092 -44.166815 -0.472065 0.831712 -0.292251 0.794535 0.257777 -0.549787 -0.381929 -0.491739 -0.782511
0.362181 -41.986111 58.926203 1231.745807 -0.496402 0.817111 -0.293111 0.816351 0.324570 -0.477730 -0.295223 -0.476428 -0.828167
6.970071 -69.988051 -1197.456508 1554.311239 0.095623 0.684471 -0.722741 0.989617 0.012900 0.143149 0.107305 -0.728925 -0.676131
5.095665 -65.612772 -755.255429 -283.796933 0.080257 0.700847 -0.708783 0.983246 -0.172417 -0.059151 -0.163662 -0.692161 -0.702943
2.722559 -66.814994 -469.780773 -814.571634 0.124705 0.691861 -0.711180 0.988767 -0.146179 0.031171 -0.082393 -0.707079 -0.702318
4.342268 -69.195466 -981.698562 1537.595072 0.140732 0.675867 -0.723463 0.972213 0.043732 0.229975 0.187071 -0.735725 -0.650933
-0.006465 -63.385744 -214.489691 -2521.755304 0.120731 0.697788 -0.706057 0.961728 -0.258460 -0.090984 -0.245975 -0.668050 -0.702286
0.643954 -65.595325 -238.626971 -180.107953 0.141270 0.694544 -0.705444 0.989870 -0.088910 0.110691 0.014158 -0.713935 -0.700068
44.302963 -0.142581 -10731.865559 -485.576746 -0.202168 0.330057 0.922058 0.579968 0.799003 -0.158847 -0.789155 0.502650 -0.352955
77.437842 -3.077694 -19176.507694 1712.224245 -0.267785 0.329117 0.905524 0.619333 0.778748 -0.099888 -0.738050 0.534072 -0.412370
12.297842 -2.991068 -4656.918536 -467.220373 -0.467162 0.078118 0.880714 0.492120 0.850512 0.185599 -0.734559 0.520122 -0.435771
6.434075 -5.065211 -455.383449 -2056.675287 -0.477935 -0.073436 0.875320 0.421562 0.855063 0.301915 -0.770625 0.513298 -0.377706
45.121592 -5.889352 -11178.013789 -1939.042489 -0.092439 0.408848 0.907909 0.569331 0.769761 -0.288671 -0.816895 0.490216 -0.303926
27.674339 -48.241111 -2500.167310 -1988.270819 -0.483015 -0.430282 0.762597 0.001748 0.870454 0.492246 -0.875610 0.239096 -0.419690
0.060920 -49.363194 -3.445003 461.462544 0.654065 0.545727 0.523814 -0.458295 -0.265026 0.848367 -0.601801 0.794949 -0.076760
2.048310 -50.090229 -100.868629 -2305.165950 0.628331 0.533800 0.565913 -0.426373 -0.372160 0.824441 -0.650697 0.759312 0.006242
-7.791256 -58.058910 101.801516 -20.331667 0.027291 0.820205 -0.571419 0.967717 0.121601 0.220763 0.250556 -0.558996 -0.790408
11.147069 -61.700497 -2178.315691 2106.563851 0.234001 0.734584 -0.636891 0.647996 -0.606203 -0.461107 0.724807 0.304803 0.617859
11.348592 -58.538726 -2443.634403 729.094604 0.259009 0.716098 -0.648165 0.507446 -0.671877 -0.539519 0.821835 0.189169 0.537403
4.641536 -58.789183 -1376.953707 1045.262381 0.232681 0.734031 -0.638010 0.605974 -0.622532 -0.495226 0.760693 0.271388 0.589656
4.628235 -56.197260 -1801.772185 517.941381 0.258910 0.718841 -0.645162 0.427188 -0.684280 -0.590992 0.866300 0.122592 0.484247
-2.447862 -55.995566 -991.764695 588.928369 0.224519 0.747371 -0.625322 0.445698 -0.649409 -0.616134 0.866571 0.140371 0.478906
6.124834 -50.402855 -653.429227 2592.105311 0.466884 0.750507 0.467716 0.512271 -0.660654 0.548739 -0.720831 0.016600 0.692912
6.654831 -54.947039 -58.224642 1041.181179 0.464253 0.793612 0.393255 0.525366 -0.604205 0.599106 -0.713064 0.071534 0.697440
2.835118 -65.972333 -546.749138 5749.583374 0.452171 0.786552 0.420568 0.411690 -0.602342 0.683882 -0.791235 0.136088 0.596177
0.652176 -12.364261 -415.039771 931.047428 0.300119 -0.003492 -0.953895 0.874095 0.401413 0.273543 0.381951 -0.915891 0.123524
2.923378 -12.849770 -1325.862050 688.236729 0.418330 0.048711 -0.906988 0.818731 0.412156 0.399759 0.393294 -0.909810 0.132536
-4.172872 -92.610540 -219.365900 -2454.142432 -0.690583 -0.594077 -0.412514 -0.636802 0.769848 -0.042626 0.342896 0.233253 -0.909954
-3.986823 -85.463439 -365.128118 -3013.663411 -0.682131 -0.600802 -0.416814 -0.540551 0.798189 -0.265892 0.492445 0.043936 -0.869234
-4.095612 -88.352788 331.862049 -2079.652527 -0.698042 -0.607003 -0.379850 -0.603217 0.784318 -0.144826 0.385832 0.128038 -0.913641
-32.438083 -5894.956940 18001.621343 398935.965040 0.843689 0.490058 0.219164 -0.048227 0.475794 -0.878234 0.534662 -0.730386 -0.425056
-3.334555 -27.250927 -190.187355 1788.737302 0.158978 0.749997 0.642052 -0.275888 -0.590667 0.758286 -0.947951 0.297685 -0.113012
-5.461373 -22.557276 -575.567122 2379.570908 0.160549 0.721574 0.673465 -0.219362 -0.639168 0.737120 -0.962343 0.266076 -0.055668
-7.499705 -19.607719 -19.077589 708.972588 0.562688 0.186202 -0.805426 0.770867 0.233707 0.592574 0.298572 -0.954311 -0.012033
-6.841670 -16.513728 -109.814421 1005.776102 0.534340 0.157771 -0.830415 0.772964 0.306364 0.555578 0.342063 -0.938749 0.041752
-7.628067 -19.476348 135.702131 869.265306 0.514290 0.135907 -0.846779 0.810072 0.247201 0.531671 0.281582 -0.959386 0.017038
-7.862998 -21.433398 183.028753 514.556085 0.563611 0.173775 -0.807555 0.789643 0.173657 0.588479 0.242501 -0.969353 -0.039345
-6.468765 -57.774524 439.782676 460.757699 -0.027061 0.855817 -0.516570 0.959917 0.166462 0.225498 0.278974 -0.489763 -0.826018
9.943172 -471.386527 385.009019 90826.182482 0.891144 0.412910 0.188062 -0.445594 0.718367 0.534224 -0.085490 0.559870 -0.824158
4.727779 -300.062863 -264.237451 -3624.657471 -0.897262 -0.374991 -0.233030 -0.360560 0.926987 -0.103398 0.254789 -0.008754 -0.966957
6.712178 -473.799406 339.629995 66752.521509 -0.926221 -0.305359 -0.221069 -0.309100 0.950853 -0.018352 0.215808 0.051334 -0.975086
3.905362 -597.632479 748.254130 114030.733870 0.865924 0.449628 0.219114 -0.485094 0.648172 0.586990 -0.121903 0.614579 -0.779379
5.704691 -19.655620 1849.937006 422.127863 0.069776 0.102105 0.992323 -0.015596 0.994738 -0.101257 -0.997441 -0.008411 0.071002
3.402472 -22.425947 2794.979122 393.393063 0.106055 0.151264 0.982788 -0.077780 0.986595 -0.143456 -0.991314 -0.061227 0.116399
10.483381 -20.959417 2350.521754 612.324834 0.071110 0.024552 0.997166 -0.074533 0.997033 -0.019234 -0.994680 -0.072954 0.072729
-0.588075 -21.851278 2295.177614 -121.540978 0.104445 0.271554 0.956739 -0.014766 0.962318 -0.271526 -0.994421 0.014232 0.104519
13.902998 -20.232077 -3569.207054 -1001.213147 0.268811 -0.691883 0.670104 0.811463 -0.212133 -0.544544 0.518911 0.690144 0.504413
18.432739 -29.981683 -4545.971949 -1046.519691 0.391160 -0.690765 0.608142 0.727813 -0.172254 -0.663790 0.563278 0.702262 0.435369
28.062387 -34.301231 -3021.015851 -807.737912 0.285210 -0.741126 0.607773 0.745921 -0.226564 -0.626315 0.601878 0.631982 0.488203
25.343988 -40.642634 -4188.507143 -3579.092753 0.369313 -0.724269 0.582274 0.681692 -0.214701 -0.699428 0.631588 0.655239 0.414437
-9.686234 -47.858614 3989.325826 236.608972 -0.513278 0.784263 -0.348536 0.067115 -0.368190 -0.927325 0.855594 0.499368 -0.136348
-13.992635 -45.923928 4352.576470 -620.699579 -0.513995 0.737096 -0.438747 0.286588 -0.334530 -0.897751 0.808503 0.587179 0.039296
5.541978 -30.982806 -2271.598519 953.807551 0.367730 0.462656 0.806675 0.570950 0.572382 -0.588553 -0.734024 0.677000 -0.053671
-5.445994 -36.380929 -2993.279972 1070.546554 0.358922 0.474833 0.803560 0.595961 0.545995 -0.588829 -0.718336 0.690234 -0.087012
4.839364 -25.943579 -1727.900872 1361.219146 0.269335 0.355177 0.895158 0.730007 0.530959 -0.430316 -0.628131 0.769371 -0.116276
1.633601 -35.368392 -2899.777057 653.165666 0.403059 0.521402 0.752119 0.470386 0.586938 -0.658970 -0.785035 0.619390 -0.008690
10.037917 -22.599816 -316.771148 1226.462944 0.399808 0.373010 0.837268 0.618742 0.564095 -0.546768 -0.676248 0.736655 -0.005266
10.805557 -29.902856 -1811.239503 511.417850 0.447186 0.488551 0.749228 0.428600 0.618175 -0.658910 -0.785065 0.615774 0.067046
5.881747 -38.922647 -301.563244 -700.501415 -0.069309 0.136652 -0.988192 0.489371 0.867856 0.085688 0.869317 -0.477653 -0.127023
6.372635 -38.699131 347.701990 -387.597445 -0.116219 0.150176 -0.981805 0.452378 0.888022 0.082282 0.884221 -0.434584 -0.171141
6.404054 -35.778289 90.385373 -491.604089 -0.105519 0.146025 -0.983637 0.566875 0.821531 0.061148 0.817018 -0.551147 -0.169465
5.356783 -36.393828 45.958719 -465.078515 -0.066014 0.158507 -0.985149 0.612197 0.786074 0.085454 0.787945 -0.597464 -0.148929
3.947801 -37.588728 -492.592164 -675.703473 -0.030748 0.152516 -0.987823 0.612759 0.783670 0.101922 0.789672 -0.602163 -0.117551
8.445870 -62.216066 721.857291 -155.251747 0.227895 0.167130 -0.959235 0.674730 0.683164 0.279332 0.702000 -0.710883 0.042922
8.222603 -58.892308 1067.428661 -2602.077926 0.231503 0.205499 -0.950882 0.760913 0.570767 0.308604 0.606150 -0.794981 -0.024233
1.120729 -97.884284 -914.714137 -6590.242918 -0.092189 -0.106107 0.990072 0.921859 0.366762 0.125144 -0.376400 0.924244 0.064004
-0.824788 -110.308964 -657.063158 -4290.779072 -0.022245 -0.122609 0.992206 0.990404 -0.138108 0.005138 0.136401 0.982799 0.124505
-1.514891 -127.064090 -655.005108 -1919.049532 0.009131 -0.139120 0.990233 0.940969 -0.333897 -0.055587 0.338369 0.932287 0.127859
-9.210215 -57.537973 -768.894165 -1029.136327 0.185073 0.104730 -0.977128 0.778127 0.591678 0.210798 0.600222 -0.799343 0.028010
-9.011291 -54.433371 -1097.100999 -752.485739 0.183057 0.065931 -0.980889 0.869897 0.453966 0.192857 0.458006 -0.888576 0.025748
-9.282605 -54.320343 -260.514071 -1217.300787 0.169189 0.109763 -0.979453 0.893997 0.401261 0.199395 0.414902 -0.909363 -0.030239
-8.770883 -51.272084 -412.585489 -474.867198 0.173230 0.068632 -0.982487 0.948186 0.258145 0.185215 0.266336 -0.963665 -0.020358
-9.224760 -53.892180 498.670721 -826.983494 0.148233 0.161179 -0.975730 0.835347 0.507711 0.210774 0.529361 -0.846316 -0.059381
-9.119994 -50.842952 -159.266693 -769.634773 0.155442 0.112279 -0.981443 0.960299 0.215811 0.176783 0.231655 -0.969958 -0.074275
-9.349831 -51.488931 538.201032 -631.772771 0.147300 0.163759 -0.975441 0.926030 0.323673 0.194177 0.347522 -0.931890 -0.103969
57.260150 -26.733465 -10815.158369 97.331581 0.349333 0.599635 -0.720003 0.412038 0.591824 0.692798 -0.841541 0.538686 0.040328
45.232050 -24.820414 -8391.302836 -599.873550 0.424759 0.602772 -0.675460 0.444042 0.511481 0.735672 -0.788927 0.612416 0.050400
39.341569 -25.337269 -10599.282111 -1412.315501 0.286322 0.617381 -0.732707 0.433817 0.598313 0.673665 -0.854297 0.510746 0.096520
19.688582 -24.814636 5302.923264 -247.545876 -0.275056 -0.542953 0.793440 0.546994 0.590311 0.593574 -0.790659 0.597273 0.134623
20.356294 -23.646684 -4965.105477 582.814662 0.373166 0.574334 -0.728620 0.596504 0.452981 0.662564 -0.710584 0.681872 0.173556
33.501999 -23.977207 -4414.868914 129.224376 0.539811 0.547726 -0.639219 0.510471 0.390809 0.765956 -0.669346 0.739774 0.068635
0.058611 -35.374435 121.925839 568.292616 0.119671 0.268107 -0.955928 0.977650 0.135814 0.160482 0.172855 -0.953768 -0.245862
-0.279241 -34.623836 476.699353 263.815800 0.150789 0.273831 -0.949884 0.985343 0.035899 0.166767 0.079765 -0.961108 -0.264404
0.814194 -37.446929 49.865923 191.015363 0.150784 0.264152 -0.952622 0.988478 -0.053176 0.141714 -0.013222 -0.963014 -0.269127
0.000594 -35.317596 499.952752 149.374791 0.191325 0.262183 -0.945862 0.980482 -0.095506 0.171855 -0.045278 -0.960281 -0.275338
0.546276 -36.227018 560.345676 90.993268 0.181356 0.273267 -0.944688 0.982060 -0.100779 0.159378 -0.051652 -0.956644 -0.286642
-7.729396 -33.196395 -152.420476 -2050.602460 -0.133214 -0.190137 0.972678 0.880616 0.427579 0.204188 -0.454720 0.883756 0.110478
-3.115107 -139.435203 -900.727426 4710.149847 0.139524 -0.042837 -0.989292 0.715377 0.695143 0.070792 0.684667 -0.717594 0.127634
-0.842124 -131.537433 -772.495966 5239.418539 0.172598 -0.009746 -0.984944 0.490509 0.867995 0.077366 0.854172 -0.496477 0.154595
-2.616867 -118.062433 -641.623874 4566.436750 0.162351 -0.000989 -0.986733 0.218525 0.975204 0.034978 0.962231 -0.221304 0.158541
7.680589 -75.031348 -534.889244 -8702.387007 0.233739 0.148154 -0.960946 -0.426022 0.904006 0.035750 0.873997 0.401028 0.274418
5.496834 -46.110566 -551.184378 -2453.064538 0.256323 0.069931 -0.964058 -0.280166 0.959939 -0.004858 0.925098 0.271341 0.265647
5.847221 -48.449760 -1122.364120 -3081.562926 0.265314 0.135659 -0.954571 -0.344330 0.938095 0.037614 0.900580 0.318708 0.295601
3.000623 -32.469727 -916.987947 -132.547571 0.283408 0.104439 -0.953295 -0.209842 0.976717 0.044621 0.935760 0.187395 0.298725
6.850166 -71.272530 -771.643107 -9071.400069 0.246348 0.200681 -0.948177 -0.445098 0.892481 0.073251 0.860930 0.403987 0.309184
4.876866 -45.754134 -734.980737 -3091.592580 0.262304 0.184436 -0.947196 -0.341001 0.935952 0.087815 0.902726 0.299960 0.308397
2.021200 -37.170647 2025.109450 1348.890626 0.163635 -0.795519 0.583415 0.986518 0.130583 -0.098638 0.002284 0.591690 0.806162
-6.875428 -35.573725 2309.387260 1245.765753 0.185919 -0.793166 0.579932 0.981590 0.123643 -0.145581 0.043765 0.596321 0.801552
-3.390720 -39.196343 2120.248285 459.649154 0.184004 -0.789058 0.586114 0.976570 0.214459 -0.017866 -0.111600 0.575668 0.810032
-6.913819 -27.220468 -583.655587 -577.880614 0.370879 0.252552 -0.893681 -0.164712 0.964944 0.204335 0.913958 0.071417 0.399476
-8.278594 -28.405236 147.756504 -460.992155 0.314070 0.314001 -0.895971 -0.195608 0.944877 0.262572 0.929030 0.092793 0.358179
-12.831687 -27.744296 -286.130528 -748.145241 0.343549 0.807599 -0.479331 -0.335040 -0.371415 -0.865909 0.877338 -0.458077 -0.142979
-13.197980 -26.017912 185.194210 -673.005050 0.278854 0.840905 -0.463810 -0.241431 -0.406070 -0.881373 0.929490 -0.357752 -0.089787
-11.977817 -24.026350 -611.658417 -537.640881 0.324734 0.755639 -0.568821 -0.254521 -0.509412 -0.822021 0.910915 -0.411715 -0.026903
