18271
36522
-62.053189 -101.325583 -6812.052464 23595.567766 0.012022 0.996136 -0.086997 -0.313544 0.086370 0.945637 -0.949497 -0.015909 -0.313371
-72.198158 -122.955347 -8008.929775 16576.358350 0.066920 0.973694 -0.217812 -0.420221 0.225501 0.878956 -0.904951 -0.032710 -0.424257
-72.942823 -116.845285 -621.942421 29568.364759 0.085674 0.895573 -0.436587 -0.314990 0.440069 0.840904 -0.945220 -0.065478 -0.319799
-68.039279 -104.679388 -1427.455694 20489.931645 0.049861 0.996261 0.070557 -0.375425 -0.046769 0.925672 -0.925511 0.072644 -0.371690
-51.298193 -86.133468 -9350.714034 23631.848945 -0.031228 0.998616 -0.042323 -0.214951 0.034643 0.976010 -0.976125 -0.039576 -0.213572
-55.100545 -86.563710 922.926077 14840.791122 -0.023480 0.964511 0.262997 -0.272709 -0.259272 0.926503 -0.961810 0.049968 -0.269118
365.922689 -167.134446 184624.245621 20060.113932 -0.208055 -0.293570 0.933022 0.222647 0.914640 0.337435 -0.952440 0.277939 -0.124933
275.104871 -160.391926 142555.604959 3542.604133 -0.029713 -0.415249 0.909222 0.348529 0.848233 0.398784 -0.936827 0.328739 0.119522
235.228090 -177.594629 146366.165910 40178.145779 -0.011293 -0.389463 0.920973 0.264597 0.887037 0.378357 -0.964293 0.247960 0.093034
205.492235 -188.256269 121781.175211 47669.121928 -0.014031 -0.384119 0.923177 0.138364 0.913640 0.382254 -0.990282 0.133097 0.040329
132.611791 -191.130726 56027.239197 57325.130145 0.055296 -0.459451 0.886480 0.171297 0.879041 0.444910 -0.983666 0.127250 0.127310
188.506858 -141.416220 19980.203825 -31658.562394 0.948822 0.261197 0.177520 -0.296581 0.930107 0.216657 0.108523 0.258218 -0.959972
244.282883 -86.891957 -85644.514922 -17888.355544 -0.923110 -0.266973 -0.276754 -0.299163 0.950786 0.080672 0.241596 0.157264 -0.957549
211.011253 -107.084163 -116617.479247 -22939.945451 -0.863179 -0.213885 -0.457356 -0.299691 0.946050 0.123189 0.406333 0.243399 -0.880710
131.455784 -184.516399 -861.141913 -36749.654498 0.946814 0.272398 0.171297 -0.319916 0.854104 0.410073 0.034602 0.443064 -0.895822
134.366484 -182.061980 -100413.262868 -44325.469441 0.960136 0.278288 -0.026335 -0.251548 0.901263 0.352773 -0.121907 0.332086 -0.935338
160.049396 -156.336405 91503.601458 -30502.135461 0.886051 0.229655 0.402707 -0.356709 0.892567 0.275832 0.296097 0.388050 -0.872780
49.811749 4.268309 28221.481876 5607.024290 0.938024 -0.069231 0.339585 -0.334992 -0.432276 0.837209 -0.088834 0.899080 0.428677
57.286283 7.851423 30191.869166 17343.398019 0.935080 -0.072189 0.347006 -0.341862 -0.442155 0.829234 -0.093569 0.894029 0.438129
67.459002 1.457510 23686.478745 7746.499182 0.930705 -0.013964 0.365504 -0.334114 -0.439109 0.833997 -0.148850 0.898325 0.413347
66.871558 2.738784 22487.112336 205.097150 0.933133 -0.010855 0.359367 -0.329345 -0.426712 0.842288 -0.144203 0.904323 0.401754
47.816644 2.404958 25284.876817 -6607.353753 0.940265 -0.056800 0.335671 -0.328184 -0.413438 0.849332 -0.090537 0.908759 0.407382
53.625093 -73.730439 -29375.663559 -4605.058849 -0.832153 -0.448604 0.325998 -0.440298 0.891879 0.103391 -0.337132 -0.057500 -0.939700
74.521571 -70.059822 -22545.662624 -2188.836498 -0.793801 -0.462436 0.395010 -0.489881 0.871074 0.035312 -0.360412 -0.165477 -0.917998
53.864759 -68.192186 -27088.671541 -3037.650976 -0.825301 -0.455234 0.334126 -0.480516 0.876950 0.007925 -0.296620 -0.154013 -0.942495
-3.507865 -140.838855 -716.756610 -1878.141188 0.109495 0.987793 -0.110797 -0.904891 0.052934 -0.422339 0.411319 -0.146503 -0.899641
-3.522762 -139.226553 -678.925364 3521.526614 0.087686 0.989193 -0.117511 -0.982832 0.066686 -0.172033 0.162337 -0.130578 -0.978057
-5.875534 -136.904923 -1092.551902 -1441.237157 0.106830 0.989190 -0.100453 -0.911327 0.057018 -0.407715 0.397580 -0.135102 -0.907567
-5.007239 -132.277996 -1055.795467 -4808.101843 0.130687 0.987789 -0.084818 -0.782596 0.050259 -0.620497 0.608658 -0.147469 -0.779608
-8.510391 -128.033485 -1716.868283 -4600.891113 0.130807 0.988880 -0.070748 -0.791863 0.061275 -0.607617 0.596525 -0.135503 -0.791073
-9.402464 -132.682158 -1974.335645 -1696.746041 0.105485 0.990370 -0.089665 -0.915830 0.061619 -0.396810 0.387464 -0.123975 -0.913511
-55.787423 -245.244854 2264.982381 -55272.440119 0.184908 0.937167 -0.295851 0.978686 -0.202967 -0.031258 -0.089342 -0.283765 -0.954723
-58.385954 -247.172963 2095.719328 -55041.727562 0.236907 0.899005 -0.368327 0.966828 -0.255424 -0.001571 -0.095492 -0.355737 -0.929695
-46.305708 -188.598247 3082.343596 49264.556555 0.155310 0.938343 -0.308854 -0.928096 0.245699 0.279768 -0.338403 -0.243196 -0.909032
-40.990160 -186.895998 4379.076237 45404.128136 0.100239 0.967767 -0.231039 -0.942660 0.166671 0.289160 -0.318347 -0.188806 -0.928982
-46.592645 -230.196642 6071.765148 -45866.723100 0.155145 0.967622 -0.199091 0.986604 -0.162048 -0.018762 -0.050417 -0.193514 -0.979801
2.323629 -94.582530 2185.197934 -4718.173265 0.186340 0.980705 0.059123 -0.040285 0.067753 -0.996888 0.981659 -0.183378 -0.052133
4.019739 -90.670907 1559.054270 -4413.079952 0.194162 0.977755 0.079351 -0.057490 0.092093 -0.994089 0.979283 -0.188452 -0.074092
5.743895 -87.087052 2740.757788 -3656.265865 0.182732 0.976680 0.112721 0.133052 0.089031 -0.987102 0.974118 -0.195373 0.113680
1.425566 -101.095756 1423.836309 -5646.674346 0.182649 0.982955 0.020950 -0.239605 0.065168 -0.968681 0.953535 -0.171909 -0.247424
3.032980 -90.913872 2336.286377 -3660.168979 0.184912 0.978839 0.087652 0.143179 0.061405 -0.987790 0.972269 -0.195204 0.128794
-1.042692 -99.034798 960.097526 -4530.746963 0.195225 0.980217 0.032572 -0.031036 0.039369 -0.998743 0.980267 -0.193969 -0.038108
-0.939976 -106.147195 1380.121046 -6263.689227 0.179532 0.983752 -0.000556 -0.224031 0.040335 -0.973747 0.957903 -0.174943 -0.227632
-35.273992 -191.939769 -1837.619102 -20257.760361 0.410245 -0.679982 -0.607720 0.503824 0.724442 -0.470473 0.760172 -0.113175 0.639790
-36.711899 -197.603584 -3637.739578 -33293.889989 0.396063 -0.637275 -0.661071 0.415017 0.766452 -0.490217 0.819082 -0.080199 0.568043
-25.908217 -133.423810 8975.788856 142697.473163 -0.346595 0.765156 0.542594 0.495142 0.640534 -0.586985 0.796685 -0.065215 0.600867
-3.269768 -232.493416 2086.620620 519.608444 0.865743 0.067000 0.495984 -0.300416 0.862183 0.407911 0.400299 0.502148 -0.766556
-1.534110 -235.252253 1936.272281 2307.625775 0.863641 0.065955 0.499774 -0.379448 0.737742 0.558351 0.331879 0.671853 -0.662171
4.698268 -230.664820 6023.747351 -1082.393991 0.852069 0.070390 0.518675 -0.394634 0.737368 0.548227 0.343865 0.671813 -0.656067
-7.917922 -238.569437 128.056116 98.592200 0.877193 0.056315 0.476823 -0.274934 0.873079 0.402671 0.393628 0.484315 -0.781342
-8.305007 -232.046896 -681.147436 -1874.115672 -0.876905 -0.053447 -0.477682 -0.184535 0.955076 0.231897 0.443829 0.291501 -0.847374
-7.036413 -159.700975 949.252168 -12475.482919 0.797707 0.060856 0.599967 -0.328875 -0.790024 0.517400 -0.505476 0.610048 0.610194
-4.887418 -152.966342 636.783953 -4392.028781 0.798549 0.068379 0.598034 -0.390218 -0.697668 0.600824 -0.458312 0.713151 0.530439
-6.820493 -161.304434 180.141632 -17247.417486 0.783067 0.056838 0.619335 -0.350714 -0.782029 0.515200 -0.513621 0.620645 0.592447
-8.116352 -179.432444 648.634942 19805.077189 0.782666 0.047336 0.620639 0.277895 0.865639 -0.416466 -0.556963 0.498426 0.664352
-8.487158 -174.806756 344.374601 18437.697425 0.791530 0.045940 0.609401 0.268837 0.869331 -0.414718 -0.548823 0.492091 0.675751
-9.319924 -199.424739 -2147.401739 -9175.997949 0.830516 -0.215032 0.513813 0.337951 0.927812 -0.157965 -0.442755 0.304837 0.843233
-6.009003 -200.600163 -2521.136859 -28813.607217 0.828242 -0.220960 0.514967 0.237622 0.970750 0.034350 -0.507494 0.093917 0.856521
-9.330692 -201.443387 -2671.751096 -9766.084633 0.823436 -0.241726 0.513344 0.340310 0.934329 -0.105919 -0.454029 0.261914 0.851622
-6.329306 -200.841233 663.487755 -20201.290661 0.835740 -0.191533 0.514640 0.239745 0.970427 -0.028167 -0.494026 0.146922 0.856943
-10.471687 -189.944911 -952.094198 -27293.767173 0.837156 -0.227108 0.497586 -0.418260 -0.852028 0.314813 -0.352461 0.471667 0.808270
-12.038884 -192.007401 -1840.221334 -20959.150360 0.840215 -0.202260 0.503120 -0.413499 -0.839219 0.353172 -0.350795 0.504780 0.788759
-10.129504 -199.948582 -39.823773 -6351.269140 0.836368 -0.186511 0.515463 0.335506 0.917808 -0.212286 -0.433502 0.350490 0.830200
-2.028850 -246.257728 -1863.902035 8333.527222 0.760340 0.007027 0.649487 0.002015 0.999911 -0.013177 -0.649522 0.011328 0.760258
-3.946408 -234.348637 -1739.209324 30217.901825 0.760765 0.025778 0.648516 0.119276 0.976640 -0.178741 -0.637974 0.213332 0.739918
2.388093 -255.264847 -2027.214927 12045.005472 0.764818 0.018894 0.643969 0.000848 0.999539 -0.030333 -0.644246 0.023746 0.764450
-6.160974 -226.698814 -1524.543789 26621.526760 0.762791 0.016196 0.646442 0.120633 0.978573 -0.166863 -0.635293 0.205264 0.744493
4.170626 -250.360654 -2397.601059 -26001.174352 0.763829 -0.000154 0.645418 -0.120512 0.982379 0.142856 -0.634068 -0.186899 0.750351
-4.845950 -236.195877 -3034.856132 8988.551981 0.756231 -0.009490 0.654236 0.008557 0.999953 0.004614 -0.654249 0.002109 0.756276
-0.264987 -242.250295 -1992.378303 -19911.189212 0.760861 -0.013141 0.648782 -0.116401 0.980815 0.156375 -0.638390 -0.194498 0.744734
-14.124741 -94.405330 -70274.681115 -5952.267616 -0.073822 0.931451 -0.356299 0.242727 0.363312 0.899493 -0.967282 0.020081 0.252909
31.804191 -113.719108 -89450.423786 -1191.024983 0.049256 0.993911 -0.098568 0.346573 0.075548 0.934976 -0.936729 0.080214 0.340741
-13.237516 -82.154856 -95671.271468 4782.840133 0.000275 0.991287 -0.131721 0.361961 0.122691 0.924084 -0.932193 0.047932 0.358773
-54.797733 -85.902612 -51859.281820 2036.457209 -0.091260 0.855199 -0.510202 0.301026 0.512062 0.804472 -0.949239 0.080168 0.304167
-58.211209 -79.539713 -36045.803143 314.161357 -0.051027 0.919819 -0.389010 0.411793 0.374242 0.830885 -0.909848 0.117794 0.397872
-55.449299 -199.814362 8800.941843 5713.845099 0.835801 0.117130 0.536393 -0.414197 0.775807 0.475988 0.360385 0.620003 -0.696935
-77.541846 -187.688587 11690.510530 -16282.354649 -0.866295 -0.073690 -0.494068 -0.240604 0.928324 0.283414 0.437770 0.364395 -0.821933
-48.821931 -202.973000 -22093.960986 2211.551630 0.893784 0.086492 0.440078 -0.322984 0.804926 0.497771 0.311177 0.587038 -0.747365
-30.698175 -198.142680 -4397.664446 20987.041631 0.870333 0.109131 0.480220 -0.435841 0.624668 0.647945 0.229267 0.773227 -0.591233
-23.784406 -191.246029 12703.684422 18740.635638 0.803018 0.165628 0.572477 -0.550049 0.575694 0.604998 0.229367 0.800714 -0.553396
-19.555358 -186.725793 30663.710204 41658.799161 0.888743 0.165643 0.427432 -0.448789 0.124419 0.884934 -0.093402 0.978306 -0.184915
-26.750579 -173.436342 20838.099205 73257.131924 0.905823 0.196510 0.375324 -0.393032 0.059086 0.917625 -0.158146 0.978720 -0.130756
-19.915709 -156.270214 19203.169054 95399.325501 0.907383 0.190166 0.374824 -0.371403 -0.054713 0.926858 -0.196764 0.980226 -0.020983
-9.925550 -148.694832 16008.749726 63927.267385 0.882415 0.182291 0.433722 -0.431788 -0.052289 0.900458 -0.186825 0.981853 -0.032571
-3.849263 -192.343069 3064.610934 44409.120875 0.879667 0.203851 0.429686 -0.458639 0.124548 0.879851 -0.125843 0.971047 -0.203055
-12.441615 -208.868924 556.025999 -2647.558082 0.878463 0.207526 0.430390 -0.476891 0.324978 0.816679 -0.029615 0.922671 -0.384449
-51.075340 -416.959069 -60436.087387 420946.557110 0.984825 -0.142305 -0.099341 -0.124836 -0.183212 -0.975115 -0.120563 -0.972719 0.198197
-48.516805 -858.031606 -15592.652923 711881.377258 0.996097 -0.014529 0.087056 0.071242 -0.449879 -0.890243 -0.052099 -0.892971 0.447089
-32.538594 -545.316517 -9440.650957 577473.642012 0.992897 -0.109924 -0.045520 -0.056628 -0.100142 -0.993360 -0.104635 -0.988882 0.105655
25.850321 -158.957948 78948.244190 127265.902874 0.784783 -0.184535 -0.591661 -0.593306 0.052296 -0.803276 -0.179174 -0.981434 0.068445
-16.875295 -193.904337 60963.729859 156586.623462 0.810684 -0.184854 -0.555537 -0.569071 -0.025690 -0.821887 -0.137657 -0.982430 0.126021
-6.181318 -557.937355 26671.102250 106981.289237 -0.810982 -0.260413 -0.523920 -0.423036 0.879591 0.217624 0.404164 0.398126 -0.823497
8.370774 -529.950573 19765.316185 32841.142906 -0.817756 -0.210662 -0.535628 -0.266749 0.963348 0.028369 0.510020 0.166077 -0.843978
49.315128 -620.991778 34602.757981 95921.895109 -0.793521 -0.288983 -0.535550 -0.258795 0.956758 -0.132812 0.550773 0.033208 -0.833994
-2575.013754 -11805.951349 -8628513.619750 19348599.047378 -0.078912 -0.234038 0.969020 0.006731 0.971904 0.235283 -0.996859 0.025089 -0.075119
-1786.335217 -6333.451785 -984600.668867 -4205024.031242 -0.608523 0.740977 -0.283995 -0.405290 0.017476 0.914021 -0.682232 -0.671303 -0.289676
2738.088552 -13828.432000 1128652.805485 202895587.305135 0.681618 0.426287 0.594707 -0.470941 0.877631 -0.089322 -0.560010 -0.219188 0.798965
-33.515817 -84.329617 5509.710044 17170.072297 0.931982 0.255356 0.257300 -0.257606 -0.032851 0.965691 -0.255047 0.966289 -0.035165
-27.908464 -75.649136 7189.478513 16215.574461 0.970614 0.228793 0.074581 -0.069556 -0.029958 0.997128 -0.230370 0.973014 0.013163
-23.756605 -95.453282 7091.006778 20027.840832 0.954188 0.239468 0.179388 -0.199353 0.061728 0.977982 -0.223122 0.968940 -0.106639
22.081319 11.596685 -28691.468057 11686.145594 -0.312270 -0.027508 0.949595 0.944072 0.102443 0.313421 -0.105901 0.994358 -0.006020
50.442927 9.509179 -10762.424340 26755.349748 -0.130709 -0.170460 0.976657 0.987277 0.067592 0.143928 -0.090549 0.983043 0.159457
27.557171 -7.534859 -21191.917012 21735.494685 -0.049353 -0.056215 0.997198 0.995043 0.083534 0.053955 -0.086333 0.994918 0.051814
-31.516223 -67.375672 3063.501849 1464.555071 -0.529099 -0.249951 0.810912 0.619226 0.539663 0.570371 -0.580185 0.803920 -0.130759
-26.400746 -65.673918 2303.448060 2049.681545 -0.447346 -0.253699 0.857624 0.686830 0.516742 0.511119 -0.572840 0.817689 -0.056915
-27.665135 -63.506777 2244.883392 3748.570561 -0.509940 -0.251383 0.822659 0.681814 0.464992 0.564723 -0.524492 0.848875 -0.065722
-31.157525 -65.521575 288.793875 2446.812099 0.632909 0.275679 -0.723483 0.564671 0.474953 0.674957 -0.529692 0.835716 -0.144934
-27.641042 -53.938803 4909.270075 -3610.153876 0.402115 0.915565 0.006683 -0.177054 0.070597 0.981666 -0.898307 0.395925 -0.190492
-22.400272 -50.251471 3961.504214 -474.820522 0.459414 0.876114 -0.146161 -0.071431 0.200464 0.977094 -0.885346 0.438450 -0.154678
-21.049880 -49.749101 4015.376293 -790.891178 0.449180 0.871159 -0.198292 -0.120270 0.278880 0.952765 -0.885309 0.404114 -0.230042
18.025170 -243.741185 11794.025608 -61349.004412 0.002094 0.983998 -0.178165 -0.330283 -0.167486 -0.928903 0.943880 -0.060790 -0.324647
0.185883 -220.983339 19946.289345 -76728.874719 -0.034125 0.985635 -0.165406 -0.130432 -0.168479 -0.977038 0.990870 0.011767 -0.134308
-2.331889 -254.574174 16188.957272 -26110.018535 -0.011007 0.988379 -0.151608 -0.385529 -0.144089 -0.911376 0.922630 -0.048418 -0.382635
51.803802 -506.864519 -11777.568060 -150622.265831 -0.456067 -0.642049 -0.616259 -0.634245 0.720252 -0.281017 0.624289 0.262696 -0.735700
40.262974 -540.166694 -4749.089025 -138807.976466 -0.443925 -0.580369 -0.682717 -0.629957 0.743977 -0.222827 0.637247 0.331164 -0.695878
70.934240 -488.164798 19476.784281 31573.973045 0.443257 0.607256 0.659366 0.823689 -0.566118 -0.032345 0.353637 0.557450 -0.751126
20.762045 -426.306642 5488.333812 -103412.083409 -0.502316 -0.556423 -0.661870 -0.358385 0.830578 -0.426263 0.786917 0.023086 -0.616626
89.594556 -505.046621 22681.950746 72582.124327 0.434790 0.706498 0.558407 0.841079 -0.540160 0.028525 0.321782 0.457262 -0.829077
22.313801 -347.837520 -8038.682963 -100758.882929 -0.451607 -0.671181 -0.587850 -0.426614 0.741106 -0.518423 0.783615 0.016662 -0.621024
59.991368 -464.791832 13584.137526 -140846.977717 0.423325 0.746433 0.513452 -0.696989 0.630388 -0.341785 0.578794 0.213184 -0.787115
31.065395 -1.894508 -20766.109045 23147.669951 0.622974 0.761124 -0.180535 0.681167 -0.414362 0.603585 0.384596 -0.498992 -0.776590
29.793540 15.267165 -27070.392997 24052.369622 0.550973 0.787816 -0.275271 0.752553 -0.326482 0.571904 0.360684 -0.522260 -0.772756
46.606438 15.349923 -19963.680751 31190.057370 0.518835 0.826909 -0.216866 0.742119 -0.309746 0.594404 0.424345 -0.469338 -0.774373
11.454983 -126.054114 24715.836625 -64528.339100 -0.082148 0.498683 -0.862883 0.738265 0.612065 0.283444 0.669489 -0.613752 -0.418440
10.832152 -162.122593 12087.297569 -58805.319093 -0.034839 0.535781 -0.843638 0.605492 0.682898 0.408694 0.795089 -0.496577 -0.348202
6.082634 -147.651987 8429.223548 -54612.149195 -0.030830 0.500932 -0.864937 0.698006 0.630179 0.340092 0.715428 -0.593246 -0.369082
12.172436 -112.158590 19205.548813 -23507.100396 -0.115160 0.448642 -0.886261 0.770761 0.603179 0.205189 0.626630 -0.659466 -0.415258
44.237646 -34.407750 -25343.280331 -12258.294789 -0.416590 -0.533338 -0.736208 0.099716 0.778132 -0.620135 0.903609 -0.331754 -0.270980
-83.597610 -213.022708 -44053.287912 150642.664537 0.250245 0.832148 -0.494881 -0.445602 -0.354798 -0.821923 0.859544 -0.426202 -0.282020
25.207528 -221.942162 50237.860349 132201.153415 0.281368 0.917880 0.279871 -0.218504 0.345275 -0.912711 0.934392 -0.195655 -0.297710
63.151742 -56.255183 50618.919379 32963.063147 0.378995 0.698637 0.606852 -0.035707 0.666325 -0.744806 0.924709 -0.260609 -0.277480
52.635322 -85.722882 14627.664517 -4690.356992 0.256784 0.373092 -0.891552 -0.175779 0.925127 0.336515 0.950349 0.070305 0.303140
57.738666 -88.071520 -1389.882753 -5321.077438 0.340487 0.388761 -0.856115 -0.178637 0.920682 0.347035 0.923124 0.034773 0.382928
54.925666 -90.917820 12931.105365 -5648.776449 0.268375 0.355084 -0.895483 -0.283619 0.917508 0.278817 0.920617 0.179148 0.346944
55.473646 -81.630281 1470.564885 -2734.526662 0.329365 0.405703 -0.852598 -0.079939 0.911722 0.402955 0.940813 -0.064563 0.332721
37.658875 -88.458119 20590.368664 -4667.691852 0.202640 0.335055 -0.920149 -0.282326 0.919734 0.272729 0.937672 0.204516 0.280970
49.428641 -79.024740 15108.423870 -2580.749367 0.249301 0.395249 -0.884097 -0.073663 0.918016 0.389641 0.965620 -0.032013 0.257977
36.140623 -83.127843 21233.542489 -3670.125366 0.192233 0.359702 -0.913050 -0.172366 0.928315 0.329426 0.966094 0.094052 0.240453
27.620988 -84.807505 -1457.905796 -1473.173282 0.392445 0.658271 -0.642391 0.763009 -0.623008 -0.172277 0.513620 0.422541 0.746763
21.608776 -85.876013 10492.586912 2380.172819 0.364328 0.630636 -0.685247 -0.709084 0.664858 0.234871 0.603710 0.400327 0.689400
25.951109 -83.604804 57.272972 1314.390511 0.402542 0.645107 -0.649459 -0.680488 0.685435 0.259067 0.612288 0.337663 0.714904
116.340752 -76.099339 47143.816946 -3710.937208 0.647398 0.616954 -0.447487 0.370265 0.258596 0.892206 -0.666168 0.743301 0.061022
45.203426 -79.159275 21253.869087 -4373.864630 0.716768 0.575072 -0.394381 0.379532 0.152729 0.912485 -0.584978 0.803720 0.108787
70.913220 -84.776636 26342.288586 -6726.419844 0.629951 0.641813 -0.437307 0.475411 0.126577 0.870611 -0.614123 0.756342 0.225388
134.009908 -75.868968 38881.952703 -8011.731788 0.490175 0.704783 -0.512845 0.437413 0.310024 0.844130 -0.753922 0.638096 0.156315
208.583498 -67.397773 65524.167979 -768.191012 0.476540 0.699382 -0.532706 0.344016 0.409273 0.845073 -0.809050 0.585970 0.045564
-6.845403 -145.233752 -3360.401221 48364.280469 0.566133 0.503900 -0.652364 0.487496 0.433505 0.757906 -0.664712 0.747100 0.000228
-11.716490 -153.600619 4816.830313 30903.807947 0.630801 0.515131 -0.580284 0.388651 0.437519 0.810881 -0.671595 0.737033 -0.075782
-14.429075 -168.753782 -34.591712 11219.917267 -0.588929 -0.508156 0.628443 0.303060 0.581999 0.754607 -0.749211 0.634866 -0.188754
0.512196 -160.525931 12538.815785 29116.442521 -0.507037 -0.512114 0.693291 0.385022 0.585070 0.713759 -0.771150 0.628834 -0.099476
-7.482582 -178.400613 10043.477158 -7430.051126 -0.517683 -0.518933 0.680230 0.184380 0.708710 0.680980 -0.835469 0.477953 -0.271206
-19.375354 -179.393194 -1775.296985 -16372.674276 -0.593673 -0.502003 0.628923 0.124011 0.715146 0.687886 -0.795093 0.486373 -0.362309
-10.947019 -223.076151 3567.469251 -24094.384770 -0.517303 -0.534160 0.668634 -0.612303 0.776857 0.146896 -0.597898 -0.333417 -0.728938
-12.282192 -222.291287 3411.975568 -1641.534896 -0.510992 -0.548841 0.661559 -0.455527 0.825571 0.333058 -0.728960 -0.131168 -0.671872
-16.290289 -213.699231 1945.246971 -20815.735784 -0.557206 -0.531236 0.638209 -0.597579 0.790190 0.136010 -0.576560 -0.305594 -0.757754
1.074007 -136.670639 436.037715 -14148.264954 0.661973 0.447213 -0.601491 0.713838 -0.131483 0.687858 0.228533 -0.884710 -0.406276
1.831283 -131.027005 519.684234 5743.223353 0.673561 0.440421 -0.593586 0.729228 -0.264947 0.630896 0.120591 -0.857807 -0.499626
4.291267 -139.409264 1404.598867 -10930.616764 0.650061 0.448461 -0.613436 0.724625 -0.122801 0.678114 0.228777 -0.885326 -0.404794
14.219828 -81.230044 -15424.365403 1428.205270 0.459910 0.644288 -0.611045 -0.571787 0.741365 0.351336 0.679369 0.187805 0.709357
-3.809004 -78.776524 -13844.752806 665.552951 0.443057 0.670711 -0.594850 -0.562178 0.724719 0.398420 0.698324 0.157889 0.698151
5.408281 -79.452287 -16061.051827 -721.871555 0.439020 0.683316 -0.583387 -0.648240 0.690492 0.320943 0.622130 0.237275 0.746093
-22.463323 -127.956048 3619.016436 19880.793681 0.786051 0.164604 -0.595844 0.534744 -0.664628 0.521841 0.310117 0.728818 0.610452
-16.169018 -115.672753 -1106.702976 12389.167915 0.802554 0.153401 -0.576520 0.484309 -0.731818 0.479467 0.348357 0.664011 0.661616
-16.518505 -122.235699 1003.195167 15737.525602 0.814459 0.120953 -0.567474 0.471534 -0.707887 0.525882 0.338100 0.695893 0.633579
-22.926732 -138.897453 1537.805894 17133.506051 0.810970 0.125675 -0.571431 0.523614 -0.591679 0.612980 0.261067 0.796318 0.545639
-25.703710 -139.335399 3431.624496 15560.925955 0.789491 0.165884 -0.590920 0.568438 -0.560732 0.602045 0.231478 0.811210 0.536988
-20.825395 -132.406779 -3308.543490 13613.239977 0.779038 0.203859 -0.592909 0.574644 -0.610387 0.545171 0.250766 0.765421 0.592661
-30.234748 -79.742390 1781.866453 -1163.303159 -0.451012 -0.488533 0.746943 0.769267 -0.637139 0.047775 0.452567 0.596145 0.663170
-28.234455 -83.533040 2410.061903 3139.954099 -0.468631 -0.525441 0.710138 0.760675 -0.648762 0.021954 0.449175 0.550472 0.703720
-29.937735 -83.375900 3846.080834 -881.823001 -0.497349 -0.465672 0.731980 0.706130 -0.707458 0.029713 0.504008 0.531651 0.680678
-28.051432 -78.593640 -2036.953118 -4969.745519 -0.393787 -0.505902 0.767460 0.829719 -0.554957 0.059910 0.395599 0.660368 0.638292
-28.827827 -81.016309 328.715367 -163.862512 -0.429862 -0.534549 0.727651 0.815285 -0.576106 0.058411 0.387981 0.618352 0.683456
-27.109215 -73.833555 -1970.474196 -2276.921492 -0.415478 -0.459338 0.785103 0.776806 -0.628234 0.043528 0.473234 0.627958 0.617834
-30.521848 -76.872786 1025.392669 1837.489130 -0.488526 -0.416599 0.766673 0.705611 -0.705495 0.066261 0.513280 0.573343 0.638609
-18.531026 -86.873540 2011.567624 3232.464426 0.615390 0.567893 -0.546619 -0.491204 -0.266059 -0.829416 0.616453 -0.778916 -0.115221
-21.062252 -89.882974 -827.529505 3480.770835 0.645848 0.521695 -0.557418 -0.501613 -0.260456 -0.824953 0.575556 -0.812402 -0.093474
-19.922898 -83.365987 825.018481 -5562.153202 0.598704 0.550645 -0.581674 0.621093 0.139399 0.771240 0.505764 -0.823018 -0.258543
-19.986366 -90.976734 -257.899593 -1246.274365 0.663600 0.540036 -0.517684 -0.339915 -0.398780 -0.851723 0.666403 -0.741172 0.081064
-17.633195 -81.639861 3054.078419 -4394.606962 0.587908 0.591747 -0.551543 0.597432 0.142058 0.789237 0.545380 -0.793508 -0.270012
-17.323404 -87.684406 2311.084129 -1295.083062 0.627099 0.584508 -0.514875 -0.337555 -0.391783 -0.855899 0.701999 -0.710532 0.048383
-16.081552 -84.634399 3960.912248 2832.749951 0.589022 0.609409 -0.530730 -0.482104 -0.262086 -0.835995 0.648559 -0.748286 -0.139424
-5.676053 -163.019447 6528.827495 14917.949941 -0.703804 -0.527213 0.476137 -0.594163 0.804251 0.012261 -0.389398 -0.274273 -0.879286
1.590235 -156.017265 9604.205840 29411.484943 -0.666247 -0.567746 0.483508 -0.595320 0.795408 0.113668 -0.449121 -0.212111 -0.867928
-13.011757 -156.831253 5578.392095 4910.792609 -0.724187 -0.492074 0.483131 -0.510482 0.853555 0.104171 -0.463639 -0.171190 -0.869329
6.020528 -176.928978 7288.447869 28215.122656 -0.684181 -0.555410 0.472669 -0.636546 0.771086 -0.015326 -0.355957 -0.311361 -0.881107
-15.280543 -169.920093 1574.626919 -3019.773338 -0.761827 -0.457977 0.458123 -0.498636 0.866040 0.036565 -0.413499 -0.200581 -0.888136
-9.711322 -170.447202 3125.670572 7212.803977 -0.738723 -0.493816 0.458730 -0.582380 0.810265 -0.065607 -0.339295 -0.315621 -0.886150
-0.566882 -178.516055 -5946.608405 15027.194307 0.707881 0.527082 -0.470202 -0.641089 0.758883 -0.114464 -0.296496 -0.382468 -0.875105
21.200278 -327.954108 4081.037892 37865.191717 0.821686 0.275893 -0.498713 0.534973 -0.071577 0.841832 -0.196559 0.958520 0.206409
13.463629 -322.343365 2620.934641 -15187.733497 0.840472 0.285065 -0.460808 0.430756 0.164409 0.887367 -0.328718 0.944303 -0.015388
16.573915 -295.151528 3200.505403 28074.549594 0.810652 0.247367 -0.530709 0.560362 -0.064887 0.825702 -0.169815 0.966747 0.191216
22.977110 -349.154545 7208.584366 -16122.781900 0.845640 0.312063 -0.433025 0.397703 0.172694 0.901115 -0.355985 0.934234 -0.021928
22.809613 -276.633423 5359.897540 63334.159019 0.783648 0.248742 -0.569230 0.620703 -0.276691 0.733601 -0.024976 0.928208 0.371223
30.903075 -307.294147 8317.512677 88092.043414 0.796749 0.272944 -0.539159 0.602601 -0.291789 0.742786 -0.045419 0.916712 0.396959
31.714109 -360.919503 5507.223922 53583.805257 0.824829 0.315384 -0.469245 0.515137 -0.077173 0.853627 -0.233007 0.945821 0.226120
38.840320 -216.826586 11638.860670 -69251.903039 0.736599 0.312879 -0.599608 0.030438 0.870326 0.491534 0.675645 -0.380314 0.631558
27.938114 -216.980049 543.753411 -55202.172373 0.734907 0.306521 -0.604943 0.047237 0.866723 0.496548 0.676521 -0.393493 0.622481
40.283572 -182.939969 10482.495001 -77387.825896 0.730126 0.307384 -0.610271 0.148639 0.800275 0.580918 0.666950 -0.514854 0.538612
42.115386 -183.069810 8278.771106 -88932.538997 0.756666 0.288784 -0.586567 0.135973 0.808037 0.573225 0.639507 -0.513497 0.572147
-38.061576 -78.468318 -4769.577538 -9816.439760 0.897466 0.087430 -0.432332 0.440751 -0.215844 0.871292 0.017139 0.972506 0.232247
-43.072660 -70.098302 -4257.739406 -13190.490053 0.868189 0.157995 -0.470410 0.494137 -0.188202 0.848769 -0.045569 0.969339 0.241466
-36.232035 -79.641178 -91.184510 -11265.601705 0.812851 0.143300 -0.564570 0.581213 -0.263245 0.769996 0.038280 0.954027 0.297267
-31.232312 -86.036421 4480.858763 -871.903344 0.851583 0.068715 -0.519697 0.512294 -0.319344 0.797229 0.111181 0.945144 0.307150
-34.708915 -86.603333 4308.700988 -3668.569018 0.919560 0.016264 -0.392612 0.384902 -0.238452 0.891623 0.079118 0.971018 0.225531
6.335658 -101.268715 -10807.768941 11633.199618 0.796695 0.221466 -0.562343 -0.387409 0.901285 -0.193907 0.463887 0.372342 0.803847
17.225650 -96.997103 -8236.340465 -1077.622088 0.766834 0.251238 -0.590632 -0.418420 0.893473 -0.163189 0.486714 0.372271 0.790268
11.852516 -106.878041 -11910.174557 5790.826035 0.776664 0.270426 -0.568913 -0.376297 0.923479 -0.074745 0.505167 0.272132 0.818994
-3.832761 -452.441630 5051.011337 -15520.036971 0.693097 0.485708 -0.532639 0.124944 0.646779 0.752374 0.709933 -0.588018 0.387594
-5.768825 -427.781257 -4447.153051 57628.597808 0.714452 0.464816 -0.522976 -0.264863 -0.512153 -0.817035 0.647615 -0.722250 0.242796
-3.545941 -437.446598 1225.881597 104051.969144 0.698939 0.486596 -0.524126 -0.357769 -0.396678 -0.845369 0.619262 -0.778377 0.103165
1093.728089 -1374.790748 2216330.789056 -517325.840830 0.143491 0.515137 -0.845011 0.862209 0.354068 0.362259 0.485804 -0.780557 -0.393350
45.507541 -190.397966 -39748.439823 -96526.850262 -0.481352 -0.076618 -0.873173 0.668049 0.612849 -0.422050 0.567460 -0.786477 -0.243811
272.263532 -315.856746 726911.597183 -29860.103772 -0.291137 0.406427 -0.866058 0.687422 0.718469 0.106080 0.665350 -0.564463 -0.488560
59.716689 -2373.994152 25756.039519 4874339.728716 0.829491 0.555327 -0.059637 -0.405090 0.524674 -0.748745 0.384508 -0.645236 -0.660170
-140.403631 -2168.595478 56573.084232 1551616.787743 0.809366 0.516839 -0.278932 -0.349803 0.042722 -0.935849 0.471767 -0.855016 -0.215370
-152.370889 -481.992136 -231713.832642 743973.409060 0.677556 0.524692 -0.515380 -0.550368 -0.103114 -0.828530 0.487866 -0.845024 -0.218908
34.652497 -266.252580 -290220.035500 -105833.519672 0.071848 0.366852 -0.927501 0.878122 0.417728 0.233246 0.473010 -0.831218 -0.292128
163.249925 -1853.404074 76648.078581 -1427917.872187 0.691998 0.482485 -0.536980 0.721193 -0.494967 0.484654 -0.031949 -0.722645 -0.690481
147.862018 -1659.765496 -34782.495775 -1699645.812920 0.764518 0.414927 -0.493303 -0.628092 0.307414 -0.714841 0.144959 -0.856348 -0.495636
41.880650 -2386.680671 41981.336290 -2738869.836682 0.856638 0.367095 -0.362509 -0.514452 0.660743 -0.546588 -0.038875 -0.654721 -0.754870
148.802439 -1834.913897 -51214.966492 24556.561555 0.766750 0.412576 -0.491808 -0.583027 0.768178 -0.264543 -0.268652 -0.489576 -0.829543
4.720719 -2820.607808 27999.200567 2317601.981431 0.933306 0.356775 -0.040651 -0.276104 0.640637 -0.716486 0.229581 -0.679924 -0.696416
-1054.726330 -1312.673718 51052198.810529 2304116.102511 -0.634262 0.707304 -0.312143 -0.719281 -0.687888 -0.097179 0.283455 -0.162882 -0.945052
9482.169236 -72667.589267 5979573.461027 -198763693.947062 -0.938606 -0.337854 0.069810 -0.328821 0.937330 0.115274 -0.104381 0.085242 -0.990878
-27.387029 -51.317098 -2972.862945 -14547.146174 0.599804 0.603638 -0.525220 0.668230 -0.016842 0.743764 0.440119 -0.797080 -0.413471
-28.837344 -65.356266 -2237.132941 -10375.636757 0.547642 0.617284 -0.564844 0.658179 0.098999 0.746324 0.516613 -0.780487 -0.352067
-24.330512 -66.468561 -2889.728135 -10085.997738 0.554185 0.578288 -0.598717 0.664300 0.126157 0.736743 0.501582 -0.806020 -0.314242
-5.072900 -81.557869 -2460.378203 6130.424156 0.907459 0.398823 -0.132131 0.279658 -0.338684 0.898379 -0.313544 0.852193 0.418876
-11.946155 -75.750689 -5824.527303 28909.432954 0.928249 0.370620 -0.031521 0.220381 -0.479729 0.849289 -0.299642 0.795299 0.526986
-16.556439 -74.886132 -137.065602 15666.563816 0.881104 0.417229 -0.222656 0.382648 -0.352285 0.854094 -0.277915 0.837744 0.470052
4.118279 -83.433422 -6880.537661 1957.003262 0.930519 0.366150 -0.008316 0.152363 -0.366361 0.917913 -0.333048 0.855402 0.396694
-1.305130 -73.316432 -1160.500946 -12304.583170 0.873413 0.423425 -0.240543 0.356204 -0.218667 0.908462 -0.332067 0.879145 0.341813
13.372359 -77.154873 -5878.297710 -30662.122620 0.905956 0.402616 -0.130936 0.229495 -0.207120 0.951017 -0.355775 0.891629 0.280040
-13.095334 -55.044007 3933.988160 -1353.129233 -0.548417 -0.465163 0.694883 0.779488 -0.585211 0.223442 0.302716 0.664193 0.683529
-8.189107 -55.472408 314.902341 -1363.439609 -0.474816 -0.516367 0.712681 0.798860 -0.592664 0.102822 0.369287 0.618154 0.693911
-11.564691 -57.638689 4183.031653 -1099.914360 -0.513189 -0.489060 0.705307 0.769501 -0.626148 0.125725 0.380139 0.607255 0.697665
3.147793 -215.754486 3578.265672 32493.890290 -0.640561 -0.676438 0.363472 0.760322 -0.492326 0.423704 -0.107663 0.547764 0.829676
1.689924 -235.050386 3325.739087 32241.275949 -0.641798 -0.675467 0.363098 0.730047 -0.393189 0.558958 -0.234791 0.623816 0.745471
8.690349 -214.222403 4464.592660 29860.965033 -0.621414 -0.683959 0.382159 0.776334 -0.471790 0.417994 -0.105592 0.556430 0.824158
11.331458 -197.349282 4978.639392 13528.215971 -0.626621 -0.679302 0.381962 0.779266 -0.552131 0.296473 0.009498 0.483426 0.875334
3.773187 -198.346270 3503.852897 19919.651933 -0.644657 -0.673026 0.362565 0.764216 -0.579621 0.282867 0.019774 0.459430 0.887994
-235.980483 -2133.593988 132463.343436 1271248.082794 -0.692771 0.719120 0.054184 0.447834 0.487882 -0.749277 0.565255 0.494812 0.660036
-148.590598 -1762.389830 -30276.384626 -795736.367653 0.745748 -0.665092 -0.038904 -0.419109 -0.513724 0.748623 0.517889 0.541978 0.661854
-228.356715 -2993.403225 -72313.649311 -736248.693562 0.760292 -0.642994 -0.092274 0.573501 0.731147 -0.369488 0.305044 0.228000 0.924643
-586.906854 -6429.439671 -574240.509515 9569181.841973 0.758422 -0.628949 -0.170937 0.517464 0.740524 -0.428784 0.396266 0.236745 0.887088
-276.914515 -2499.712502 -264574.140885 2928893.361772 0.743401 -0.663747 -0.082429 -0.667904 -0.743234 -0.038832 0.035489 -0.083923 0.995840
-116.043093 -2197.238626 -25986.747840 2241014.287241 0.798618 -0.592586 -0.105125 -0.598426 -0.800456 -0.034003 0.063998 -0.090065 0.993877
26.844639 -302.117960 -7874.851941 33676.890487 0.712606 0.529752 -0.459952 -0.408941 -0.219060 -0.885878 0.570052 -0.819375 -0.060533
56.967572 -312.778435 -16990.210503 19529.427382 0.695637 0.568177 -0.439619 -0.360902 -0.252725 -0.897708 0.621160 -0.783138 -0.029252
34.453458 -288.885841 -7303.999076 -23561.928915 0.678550 0.545803 -0.491599 -0.523030 -0.110905 -0.845068 0.515761 -0.830542 -0.210217
-44.185387 -889.741442 -22579.793312 -573972.538021 -0.589410 -0.597332 0.543866 -0.470406 0.801107 0.370062 -0.656745 -0.037720 -0.753169
-50.964435 -858.109633 -22917.223248 -390716.544847 -0.579480 -0.565573 0.586796 -0.115084 0.769579 0.628096 -0.806820 0.296438 -0.511044
-9.886967 -903.412135 -12339.853103 -701549.632561 -0.613984 -0.561143 0.555105 -0.369910 0.825821 0.425659 -0.697274 0.056009 -0.714613
-9.077501 -339.254195 -8109.510565 -264618.666719 -0.587748 -0.610365 0.531044 -0.648348 0.747964 0.142108 -0.483939 -0.260778 -0.835343
-70.601912 -402.045529 -40017.830984 -260627.765578 -0.540983 -0.676781 0.499304 -0.699837 0.691501 0.179040 -0.466440 -0.252574 -0.847726
-3.424556 -412.303024 -10810.159204 -357712.349424 -0.614588 -0.582559 0.531890 -0.575443 0.792286 0.202850 -0.539581 -0.181403 -0.822159
-92.769966 -142.818774 818.651401 10906.585572 0.162329 0.879350 -0.447652 -0.519971 0.461800 0.718589 -0.838618 -0.116118 -0.532200
-80.791390 -139.653873 -7338.836447 9772.046102 0.103358 0.971625 -0.212747 -0.525207 0.234956 0.817896 -0.844674 -0.027200 -0.534589
-76.665365 -128.330346 -3576.972762 20472.432141 0.104791 0.994235 -0.022686 -0.475604 0.070136 0.876859 -0.873396 0.081098 -0.480212
361.462369 -183.770452 115267.783738 -19687.509422 -0.338923 -0.285423 0.896474 0.294786 0.872670 0.389292 -0.893439 0.396208 -0.211629
286.361900 -167.923712 82240.240476 -13416.417505 -0.198419 -0.407270 0.891494 0.452779 0.768615 0.451909 -0.869265 0.493317 0.031895
195.748610 -150.565857 68113.877216 5728.016131 0.006221 -0.562419 0.826829 0.476416 0.728641 0.492046 -0.879198 0.390854 0.272479
145.579541 -175.130030 68922.688956 27871.247867 0.081753 -0.553491 0.828833 0.348720 0.794936 0.496459 -0.933655 0.248444 0.258002
189.649122 -67.436469 -87748.888070 -13507.137717 -0.875251 -0.195694 -0.442312 -0.223215 0.974713 0.010453 0.429082 0.107880 -0.896800
216.264883 -56.246273 -72757.456768 -9451.357075 -0.915054 -0.286503 -0.283887 -0.293535 0.955771 -0.018428 0.276611 0.066468 -0.958681
138.615326 -48.539778 -55053.438802 -4950.521235 -0.903568 -0.171994 -0.392405 -0.165389 0.984916 -0.050866 0.395235 0.018939 -0.918385
145.498176 -40.555738 -17648.206850 -968.476468 -0.934008 -0.256356 -0.248818 -0.245661 0.966552 -0.073677 0.259383 -0.007690 -0.965744
199.410762 -41.328630 -18447.094539 -4315.466823 -0.929472 -0.358710 -0.086077 -0.354917 0.933192 -0.056460 0.100579 -0.021928 -0.994687
69.298658 7.956677 20435.045167 16047.191934 0.930814 0.002334 0.365485 -0.328517 -0.432936 0.839430 -0.160191 0.901422 0.402216
56.218694 22.553754 26697.520730 17424.362471 0.902631 -0.095381 0.419714 -0.418703 -0.420515 0.804894 -0.099725 0.902258 0.419506
67.949578 38.061068 17311.348651 19850.991932 0.922631 0.015961 0.385353 -0.347077 -0.401364 0.847611 -0.168196 0.915779 0.364771
71.753425 23.570260 15512.461418 20521.696759 0.922932 0.035917 0.383283 -0.333531 -0.422570 0.842729 -0.192232 0.905618 0.378025
53.143896 28.283336 21943.810668 1760.149249 0.768244 -0.183314 0.613349 -0.633251 -0.357969 0.686186 -0.093772 0.915562 0.391091
33.468397 8.421824 22151.385543 15205.189326 0.445627 -0.357999 0.820520 0.893802 0.229471 -0.385306 -0.050346 0.905085 0.422239
-11.877997 -93.621382 -4692.377515 -4380.456820 -0.117878 0.992880 0.017167 -0.491457 -0.073352 0.867807 -0.862888 -0.093858 -0.496604
-7.562497 -91.113643 -6180.795262 -4031.408929 -0.157358 0.987180 0.026728 -0.644730 -0.123197 0.754418 -0.748039 -0.101481 -0.655850
-4.930011 -95.585180 -5735.957655 -5059.228305 -0.161152 0.986783 0.017023 -0.493392 -0.095491 0.864549 -0.854748 -0.130925 -0.502260
-19.150602 -94.691908 -3561.073086 -3115.008838 -0.080335 0.995881 0.042034 -0.542259 -0.079049 0.836484 -0.836362 -0.044406 -0.546376
-8.288214 -98.778670 -4405.322261 -2269.567842 -0.144973 0.988959 0.030717 -0.301836 -0.073769 0.950501 -0.942273 -0.128525 -0.309198
-17.859453 -99.027153 -2807.559053 -2124.070884 -0.086314 0.995790 0.030864 -0.328657 -0.057706 0.942685 -0.940497 -0.071223 -0.332254
-1.972877 -142.531642 -663.549716 2493.968548 0.095213 0.987542 -0.125278 -0.979179 0.070245 -0.190460 0.179287 -0.140803 -0.973669
-1.068041 -134.313356 -435.288336 -7766.901555 0.074750 0.989570 -0.123141 0.994029 -0.083786 -0.069908 -0.079496 -0.117180 -0.989924
-2.746630 -130.347148 -906.204647 -7814.390326 0.062265 0.990842 -0.119813 0.993786 -0.072647 -0.084332 -0.092264 -0.113818 -0.989208
-56.342890 -240.257960 -488.670296 -45316.174632 0.277504 0.840554 -0.465254 0.957114 -0.283823 0.058108 -0.083207 -0.461426 -0.883268
-60.107004 -262.137158 -3134.192989 -20968.969959 0.270783 0.844529 -0.462003 0.944627 -0.140702 0.296451 0.185357 -0.516694 -0.835865
-53.055901 -257.348256 -8586.209539 -3466.301677 0.302789 0.781585 -0.545384 0.926176 -0.106356 0.361782 0.224758 -0.614665 -0.756089
-58.219292 -253.857738 -2404.768907 37302.465949 0.288654 0.839269 -0.460767 0.821518 0.030053 0.569391 0.491719 -0.542885 -0.680799
5.604115 -84.470071 -330.638632 -2131.693965 0.211339 0.969299 0.125677 0.101139 0.106204 -0.989187 0.972166 -0.221765 0.075589
2.040950 -87.817965 -1206.502068 -3388.704896 0.215150 0.972195 0.092456 -0.085766 0.113118 -0.989873 0.972808 -0.205041 -0.107719
0.496862 -96.896346 -429.508139 -5295.711695 0.197870 0.979447 0.039138 -0.255292 0.090042 -0.962662 0.946400 -0.180490 -0.267862
273.140994 -35.999335 1354288.330322 -1717.426789 0.366269 0.852020 -0.374044 0.515922 -0.520481 -0.680385 0.774384 -0.056227 0.630212
2133.292916 -41.814247 6657565.673817 -5093.682750 0.440219 0.817778 -0.370738 0.522511 -0.569106 -0.634902 0.730198 -0.085782 0.677829
914.645090 -35.348721 2900683.884567 -5330.474646 0.429759 0.816605 -0.385311 0.534858 -0.574032 -0.620012 0.727485 -0.060369 0.683463
5.770723 -227.691132 4205.363050 5912.018268 0.854030 0.077193 0.514465 -0.460275 0.573003 0.678096 0.242446 0.815910 -0.524892
0.779302 -231.693098 838.836426 5892.309333 0.863541 0.067664 0.499719 -0.443462 0.573679 0.688646 0.240081 0.816281 -0.525402
-4.953293 -239.399252 110.832009 1062.211793 0.876068 0.054362 0.479114 -0.353863 0.747442 0.562238 0.327546 0.662099 -0.674047
-2.442725 -155.222852 106.728742 10527.930302 0.794802 0.067844 0.603065 -0.449432 -0.601958 0.660043 -0.407800 0.795640 0.447946
-2.002647 -154.652645 663.981248 9753.318661 0.809061 0.079645 0.582303 -0.423102 -0.608748 0.671126 -0.407928 0.789355 0.458817
0.189554 -165.629870 -110.718567 20167.605567 0.802365 0.074343 0.592185 -0.486134 -0.494207 0.720717 -0.346242 0.866160 0.360394
-0.482196 -152.971991 899.907827 6963.556703 0.820521 0.095877 0.563519 -0.391853 -0.623397 0.676630 -0.416169 0.776005 0.473940
