15101
30185
-49.187622 -72.097473 -462.102064 -3799.419446 0.737997 -0.246144 0.628310 0.560065 -0.295958 -0.773781 -0.376415 -0.922942 0.080560
-44.016709 -70.826149 -759.754589 -7221.309865 -0.604539 0.089841 -0.791493 0.695343 -0.425243 -0.579368 -0.388628 -0.900609 0.194605
-37.230495 -59.681720 208.462791 -5045.043563 0.833937 -0.338280 0.436023 0.301891 -0.381752 -0.873571 -0.461964 -0.860135 0.216234
-35.350514 -54.660362 1242.077047 -7956.153794 0.794949 -0.213182 0.567988 0.403478 -0.513386 -0.757391 -0.453059 -0.831257 0.322101
-38.877767 -60.090459 -46.922047 -3936.789032 0.839388 -0.457981 0.292714 0.183369 -0.268359 -0.945706 -0.511667 -0.847489 0.141278
-29.666755 -48.017995 542.546367 -4831.975940 0.863536 -0.470229 0.182182 -0.006589 -0.371756 -0.928307 -0.504244 -0.800426 0.324123
-65.322899 -80.717168 3186.526994 1524.006000 -0.374296 0.137872 -0.917003 0.926053 0.107031 -0.361898 0.048253 -0.984650 -0.167738
-62.358913 -76.243575 -149.639641 2683.606145 -0.520010 0.091389 -0.849257 0.819547 0.333550 -0.465925 0.240690 -0.938292 -0.248347
-48.751773 -79.312985 -11651.618013 1494.085189 -0.517995 -0.089047 -0.850736 0.825002 0.210705 -0.524381 0.225949 -0.973486 -0.035680
-59.540043 -84.419040 -993.214624 -1314.074848 -0.356689 0.073635 -0.931317 0.931697 -0.045228 -0.360411 -0.068661 -0.996259 -0.052473
-0.456868 -15.023755 862.645820 2518.903414 0.923591 -0.371816 0.093451 0.319458 0.611620 -0.723787 -0.211959 -0.698336 -0.683666
3.320138 -12.314377 -1294.987206 713.577885 0.737612 -0.582558 0.341401 0.644740 0.457443 -0.612418 -0.200598 -0.671842 -0.713014
2.373621 -19.062459 541.900818 1598.489356 0.907970 -0.398699 0.128958 0.361577 0.589901 -0.721996 -0.211786 -0.702179 -0.679773
1.047039 -23.283085 1142.957930 1810.257849 0.964669 -0.262050 -0.027278 0.146598 0.619903 -0.770863 -0.218914 -0.739629 -0.636417
-8.543329 -40.864989 3048.298775 -928.610099 0.802896 -0.039889 0.594783 0.350387 -0.775628 -0.525004 -0.482273 -0.629928 0.608772
0.655098 -37.372840 2623.322070 -737.953004 0.798379 0.002621 0.602150 0.361683 -0.801594 -0.476059 -0.481432 -0.597863 0.640924
-3.961617 -36.235880 2614.379841 -1433.930149 0.781496 0.014819 0.623734 0.343193 -0.845095 -0.409919 -0.521040 -0.534411 0.665524
-12.046653 -38.345512 2773.478607 -1505.796983 0.771887 0.001009 0.635759 0.342391 -0.843250 -0.414364 -0.535685 -0.537521 0.651240
-10.057262 -36.447947 2503.655021 824.038539 0.748419 0.069875 0.659535 -0.350956 0.885522 0.304435 -0.562760 -0.459313 0.687264
-2.043702 -33.125925 2897.080224 2290.206359 0.769259 0.057472 0.636347 -0.333453 0.885668 0.323112 -0.545023 -0.460748 0.700472
31.602963 -42.718625 3100.084641 2137.394394 0.663164 0.125079 0.737949 0.229136 0.904674 -0.359253 -0.712538 0.407334 0.571287
32.241859 -45.828941 4094.077031 1588.653712 0.657143 0.101794 0.746860 0.181862 0.940156 -0.288155 -0.731498 0.325185 0.599304
32.047436 -38.704921 -1349.403412 1785.857228 0.584938 0.175719 0.791815 0.229959 0.900260 -0.369662 -0.777796 0.398314 0.486188
33.980555 -38.316793 1848.094564 1919.935030 0.660564 0.172070 0.730786 0.252488 0.865770 -0.432080 -0.707040 0.469931 0.528450
4.556607 -59.878580 -23.597633 -577.520412 0.673028 0.083499 0.734889 -0.656303 0.525561 0.541342 0.341027 0.846648 -0.408518
2.711407 -58.860728 -220.266121 453.541024 0.647063 0.114502 0.753790 -0.633928 0.630094 0.448460 0.423609 0.768030 -0.480297
4.395065 -57.875890 -24.379020 196.414648 0.666480 0.086288 0.740512 -0.633847 0.588497 0.501905 0.392481 0.803881 -0.446915
6.142911 -56.993604 -135.104435 -853.305408 0.691736 0.061301 0.719544 -0.646267 0.497165 0.578936 0.322242 0.865488 -0.383524
6.108508 -59.454685 -268.799650 -513.780108 0.700123 0.062722 0.711262 -0.667911 0.409698 0.621323 0.252432 0.910062 -0.328732
3.683678 -62.850799 -752.026563 -1211.059685 0.684967 0.093406 0.722562 -0.678574 0.442849 0.586022 0.265248 0.891717 -0.366720
-18.212215 -86.818411 1076.803946 29.772395 0.728111 0.108978 0.676741 -0.382194 -0.755026 0.532789 -0.569019 0.646576 0.508091
-18.043430 -87.723989 1539.602017 -826.738844 0.765267 0.084109 0.638195 0.273015 0.855431 -0.440115 -0.582949 0.511042 0.631669
-18.252659 -87.529281 2207.670254 218.963826 0.757295 0.091718 0.646600 -0.387039 -0.734451 0.557478 -0.526027 0.672435 0.520698
0.429928 -123.252959 -3546.187562 -12028.147976 -0.669083 0.034476 -0.742388 -0.327367 0.883119 0.336054 0.667202 0.467881 -0.579593
-1.455043 -111.600203 -555.132870 -12328.485471 -0.694055 0.022458 -0.719571 -0.356808 0.857386 0.370914 0.625280 0.514183 -0.587061
-1.285095 -126.773559 2510.744593 -11344.188600 0.682192 -0.055056 0.729098 -0.438830 0.766770 0.468499 0.584844 0.639556 -0.498924
-10.792542 -45.678184 289.971485 4995.852758 0.831741 0.149258 0.534723 0.525950 -0.520182 -0.672895 -0.177718 -0.840912 0.511158
-9.373543 -45.521543 -463.995663 6042.400120 0.827177 0.159307 0.538887 0.532361 -0.529191 -0.660718 -0.179918 -0.833413 0.522544
-11.805325 -45.398393 -82.187086 -1066.536474 0.829708 0.127572 0.543424 0.481511 -0.656041 -0.581169 -0.282367 -0.743865 0.605750
-12.187170 -44.869654 777.253753 -1512.231765 0.839313 0.083194 0.537245 0.453501 -0.652137 -0.607498 -0.299817 -0.753523 0.585076
-10.909612 -45.924467 1060.107315 4647.115605 0.831495 0.131302 0.539793 0.521554 -0.519115 -0.677127 -0.191306 -0.844559 0.500122
-10.564664 -47.157961 110.651521 -5974.970411 0.839684 0.087403 0.535997 0.400773 -0.765766 -0.502974 -0.366487 -0.637152 0.678030
-10.746557 -46.109935 -2592.549768 -5886.122920 0.826668 0.102391 0.553296 0.414753 -0.775391 -0.476182 -0.380264 -0.623125 0.683458
-11.464427 -48.281105 -1861.222438 -6079.831120 0.823386 0.130816 0.552198 0.435590 -0.769380 -0.467243 -0.363727 -0.625254 0.690479
1.299329 -142.092843 779.345129 -1659.529894 -0.329392 0.841891 -0.427458 -0.606323 0.158440 0.779275 -0.723791 -0.515864 -0.458269
-1.950077 -139.576299 824.137419 -64.788983 -0.314377 0.839041 -0.444047 0.785649 -0.032594 -0.617813 -0.532843 -0.543092 -0.648945
1.955124 -137.584100 -1218.645117 -1223.829181 -0.324134 0.830219 -0.453513 -0.666824 0.139537 0.732035 -0.671031 -0.539691 -0.508381
4.100892 -141.419506 -1338.745048 -2060.147840 -0.344728 0.837645 -0.423691 -0.470249 0.236536 0.850245 -0.812421 -0.492344 -0.312361
-4.580643 -155.625484 1324.619462 -7925.360605 0.253769 -0.922161 0.291926 0.932808 0.153481 -0.326055 0.255870 0.355054 0.899148
-4.247133 -142.878668 1133.743949 -4923.470077 0.272580 -0.918293 0.287121 0.961972 0.254651 -0.098808 0.017619 0.303135 0.952785
-2.290353 -160.744400 99.703571 -6640.490530 0.265878 -0.918140 0.293816 0.955635 0.210948 -0.205581 0.126772 0.335440 0.933493
-1.006204 -148.933336 14.088264 -6823.801052 0.283419 -0.910565 0.300907 0.957750 0.284749 -0.040417 -0.048881 0.299649 0.952797
0.192462 -161.420363 -205.711351 -1571.719633 0.269682 -0.913889 0.303443 0.925854 0.159462 -0.342587 0.264699 0.373334 0.889132
6.476564 -69.389356 1419.618260 6076.358899 0.848500 0.117158 0.516064 -0.297686 -0.700593 0.648500 -0.437528 0.703877 0.559577
6.721487 -74.826134 1247.479614 5570.767400 0.839007 0.105158 0.533863 -0.372592 -0.603997 0.704530 -0.396539 0.790019 0.467576
3.945581 -68.782405 1301.779649 2878.086431 0.847659 0.097194 0.521562 -0.354689 -0.627272 0.693344 -0.394550 0.772711 0.497240
-0.477486 -104.619452 -2000.405308 1923.800716 -0.458590 0.787795 -0.411187 0.237431 0.554511 0.797586 -0.856342 -0.268137 0.441340
-4.542223 -111.024417 -2879.475943 3558.360009 -0.462437 0.775784 -0.429315 0.066785 0.513299 0.855607 -0.884133 -0.366993 0.289179
1.748396 -112.910096 -2505.567023 2639.869040 -0.470858 0.774367 -0.422668 0.046326 0.500144 0.864702 -0.880992 -0.387572 0.271371
5.459724 -118.199489 -1475.955233 4504.345087 -0.456958 0.777997 -0.431173 -0.082038 0.445814 0.891358 -0.885697 -0.442686 0.139893
5.395345 -109.437185 -1418.837347 4519.220763 -0.458110 0.787065 -0.413115 0.149505 0.526354 0.837019 -0.876232 -0.321684 0.358798
1.667944 -209.082771 -223.728511 25997.580511 -0.135729 0.987482 -0.080360 -0.249088 -0.112517 -0.961922 0.958923 0.110545 -0.261242
3.944716 -206.874590 416.913229 35578.747113 -0.133106 0.985806 -0.102321 -0.475590 -0.154107 -0.866063 0.869539 0.066616 -0.489352
0.773446 -232.123670 86.313461 25248.152451 -0.150103 0.983883 -0.097174 -0.124076 -0.116257 -0.985439 0.980854 0.135860 -0.139527
-5.384150 -218.649131 -3186.656088 12999.944334 -0.119276 0.984378 -0.129509 0.021554 -0.127843 -0.991560 0.992627 0.121061 0.005969
-4.303410 -232.806112 -1452.352349 -5464.392951 -0.155396 0.982299 -0.104593 0.299396 -0.054067 -0.952596 0.941389 0.179345 0.285694
-0.044148 -222.867859 134.042941 17014.986303 -0.164777 0.982304 -0.089041 0.044880 -0.082715 -0.995562 0.985309 0.168042 0.030456
-30.666355 -116.370780 -2553.046596 -1057.837808 -0.100120 0.771980 -0.627713 -0.555909 0.479827 0.678772 -0.825192 -0.416910 -0.381110
-24.818672 -117.661895 -2332.304613 -729.981888 -0.175847 0.761950 -0.623306 -0.553252 0.447222 0.702783 -0.814242 -0.468428 -0.342908
-29.682331 -115.662857 -1804.289933 1812.366333 -0.129535 0.771897 -0.622411 -0.390014 0.537444 0.747692 -0.911652 -0.339601 -0.231433
-33.390748 -114.639278 -2081.646401 2989.010417 -0.066150 0.787926 -0.612206 -0.340039 0.559022 0.756219 -0.938082 -0.258198 -0.230946
-78.254787 -134.813696 -56038.781020 49189.294619 0.246190 0.619774 -0.745165 -0.246836 0.783570 0.570167 0.937263 0.043564 0.345889
24.846210 -183.386799 -11044.120559 -93861.237564 0.046463 0.870567 -0.489851 0.351936 -0.473204 -0.807601 0.934870 0.134872 0.328371
9.331852 -127.202643 -22349.730660 -40599.978504 0.058414 0.853220 -0.518269 0.171717 -0.520006 -0.836724 0.983413 0.040119 0.176889
-23.106792 -52.730530 -12369.377875 -37817.542089 0.339625 -0.375258 -0.862460 0.055990 0.923403 -0.379726 0.938893 0.080675 0.334622
-85.888789 -148.735868 -9591.552575 -70372.647142 0.165734 -0.324063 -0.931405 0.112832 0.944496 -0.308540 0.979694 -0.053957 0.193099
-40.564606 -1137.697649 -27016.577516 -427898.901117 0.264477 -0.494854 -0.827751 -0.012280 0.856516 -0.515974 0.964314 0.146628 0.220452
-39.479701 -202.106436 -11381.116771 -68898.832905 0.346185 -0.541615 -0.766035 0.037836 0.823919 -0.565442 0.937403 0.166764 0.305721
-10.329235 -40.901546 -4112.704771 -1870.640566 0.837068 0.240482 0.491411 0.023870 0.881306 -0.471944 -0.546577 0.406779 0.731973
-16.863863 -46.373856 -3155.454526 -818.967789 0.838762 0.133079 0.527984 0.170198 0.857006 -0.486388 -0.517214 0.497826 0.696175
-11.218074 -43.976323 -1841.068140 -2343.106042 0.842738 0.267646 0.467075 0.039297 0.834745 -0.549233 -0.536888 0.481214 0.692953
-1.933646 -35.935578 -3379.357186 -1694.374553 0.817974 0.416041 0.397277 -0.162557 0.829633 -0.534121 -0.551810 0.372317 0.746248
-5.151025 -36.090947 -5191.426804 -1329.829119 0.825400 0.368489 0.427704 -0.149661 0.873320 -0.463588 -0.544349 0.318635 0.775987
4.077296 -27.689963 -2447.841522 1941.085151 0.401155 0.091908 0.911387 0.349598 0.904280 -0.245070 -0.846673 0.416930 0.330626
0.218746 -23.077652 -1108.830198 2516.935233 0.400230 0.089062 0.912077 0.402087 0.877284 -0.262105 -0.823494 0.471637 0.315305
4.469299 -23.455241 -747.522052 2213.479698 0.421886 0.107019 0.900311 0.379277 0.881114 -0.282466 -0.823506 0.460636 0.331139
3.209353 -19.820367 -575.044838 2346.842744 0.443191 0.146330 0.884403 0.390831 0.856340 -0.337540 -0.806742 0.495247 0.322332
10.065629 -24.467074 -2892.609984 2176.907447 0.453297 0.173841 0.874243 0.342526 0.871519 -0.350899 -0.822920 0.458513 0.335512
10.196850 -28.944720 -2934.364261 1672.806018 0.434631 0.136013 0.890279 0.314235 0.903503 -0.291442 -0.844010 0.406427 0.349951
-9.269369 -103.696343 -453.587216 2501.452787 0.749753 0.159440 0.642223 0.539705 -0.708895 -0.454078 -0.382870 -0.687056 0.617547
-10.621453 -105.916130 1437.592635 -306.035946 0.772686 0.150327 0.616732 -0.394371 0.874993 0.280818 -0.497422 -0.460206 0.735379
-11.424259 -101.309312 911.755775 1483.206317 0.745697 0.154450 0.648136 0.519466 -0.743932 -0.420381 -0.417242 -0.650161 0.634980
-1.371817 -28.968990 -1964.769301 257.005796 0.000229 0.112969 -0.993599 0.931576 0.361196 0.041282 0.363547 -0.925622 -0.105156
-2.998960 -29.622958 -2089.654158 487.970995 0.010520 0.111204 -0.993742 0.951106 0.305674 0.044275 0.308685 -0.945620 -0.102551
-6.935727 -29.965752 -2962.847569 474.967316 0.064192 0.134863 -0.988783 0.935786 0.336070 0.106589 0.346676 -0.932131 -0.104629
-1.852458 -27.524749 -2573.009884 857.282474 -0.023476 0.100826 -0.994627 0.906934 0.420738 0.021244 0.420619 -0.901562 -0.101319
-10.905227 -29.496460 -3307.958642 1185.208922 0.071173 0.151245 -0.985931 0.904889 0.406066 0.127615 0.419654 -0.901241 -0.107959
-5.421002 -3240.432096 15463.012782 -1487682.957516 -0.621565 0.776557 0.103034 -0.268040 -0.087242 -0.959449 0.736078 0.623978 -0.262375
208.227813 -959.174924 910.414106 333865.472197 0.334818 0.939327 -0.074576 -0.935757 0.340755 0.090798 -0.110701 -0.039384 -0.993073
-531.036214 -4949.060070 -111864.650204 -2896277.395709 0.363632 0.825625 -0.431410 -0.379452 -0.291671 -0.878034 0.850757 -0.482981 -0.207224
-146.002982 -296.831546 -28342.483338 51135.273603 0.740819 0.513724 -0.432753 -0.635626 0.744457 -0.204362 -0.217180 -0.426465 -0.878044
-16.076827 -355.092280 15011.835086 -109416.458884 0.201717 0.723401 -0.660304 0.477490 -0.661254 -0.578573 0.855169 0.198581 0.478802
-590.203862 -1218.624930 -170699.220737 -553653.221956 0.451557 -0.648525 -0.612790 0.350233 0.760509 -0.546775 0.820630 0.032282 0.570548
-256.473896 -374.804618 -39846.947556 -39966.286323 0.869019 0.093502 0.485864 -0.065180 0.995058 -0.074913 -0.490467 0.033433 0.870818
-262.052183 -353.535419 -58161.757015 26824.388570 0.796069 0.072239 0.600879 0.224478 0.886785 -0.404008 -0.562035 0.456502 0.689726
-244.312826 -422.588957 -68933.112983 -57321.826859 0.638231 0.202008 0.742869 -0.091531 0.978026 -0.187316 -0.764384 0.051556 0.642696
-209.626481 -473.016221 -63462.481128 105549.313873 0.524411 0.173086 0.833687 0.375018 0.832086 -0.408650 -0.764431 0.526949 0.371444
-8.252746 -55.921666 231.048139 1862.730071 -0.713019 -0.103548 -0.693456 0.304260 0.845364 -0.439074 0.631688 -0.524059 -0.571255
-6.491294 -51.917674 118.237657 926.645348 -0.701395 -0.068486 -0.709474 0.260556 0.901848 -0.344645 0.663442 -0.426591 -0.614708
-8.563775 -57.659520 314.098867 2453.860759 -0.699980 -0.137960 -0.700710 0.245353 0.874988 -0.417371 0.670693 -0.464073 -0.578625
-8.808146 -59.106441 392.027473 4395.635689 -0.711906 -0.140194 -0.688139 0.292529 0.831618 -0.472057 0.638448 -0.537361 -0.551023
26.141144 -44.166924 3257.118857 -1835.886115 -0.436990 -0.723402 0.534536 0.893768 -0.282442 0.348432 -0.101081 0.630013 0.769978
26.265896 -45.475492 -5497.442430 -1071.055606 -0.406311 -0.602430 0.687015 0.912145 -0.223086 0.343836 -0.053874 0.766362 0.640146
29.557894 -47.298836 -8470.523936 -1425.705243 -0.398465 -0.571477 0.717384 0.914763 -0.304408 0.265602 0.066592 0.762069 0.644062
24.706710 -39.994744 4802.583895 -822.724988 -0.419258 -0.745375 0.518303 0.884817 -0.207650 0.417110 -0.203278 0.633480 0.746580
31.562755 -45.985896 3855.045899 -2070.971520 -0.433583 -0.727559 0.531661 0.901060 -0.343611 0.264618 -0.009841 0.593792 0.804558
19.433210 -43.156544 10097.076516 -2017.363445 -0.490936 -0.778384 0.391280 0.862144 -0.369503 0.346663 -0.125258 0.507529 0.852482
22.577284 -40.918799 11335.743246 -1493.542283 -0.465303 -0.784784 0.409400 0.862661 -0.298458 0.408337 -0.198268 0.543173 0.815876
-24.204525 -45.430369 97.242328 -3625.269881 -0.225577 0.512510 -0.828522 0.761207 0.623481 0.178425 0.608012 -0.590428 -0.530769
-17.459589 -45.737703 -664.584105 775.444160 -0.332800 0.330942 -0.883019 0.586122 0.806141 0.081226 0.738719 -0.490525 -0.462256
-24.884606 -44.117374 301.795698 -1715.947653 -0.319830 0.355370 -0.878306 0.703798 0.709729 0.030878 0.634332 -0.608274 -0.477101
75.735157 -116.375837 -11966.724742 14054.662417 0.676510 0.730145 0.096028 0.725466 -0.638326 -0.257368 -0.126619 0.243777 -0.961530
90.662308 -111.075134 -4677.320638 9342.061595 0.687231 0.676658 0.264287 0.722283 -0.675334 -0.149099 0.077593 0.293355 -0.952849
85.804537 -120.499843 -7517.526371 9491.940220 0.680436 0.689843 0.247231 0.723749 -0.579740 -0.374286 -0.114869 0.433610 -0.893749
90.199833 -111.699113 1616.973920 3844.982809 0.697639 0.537487 0.473717 0.715612 -0.490806 -0.497000 -0.034628 0.685724 -0.727037
73.513836 -116.334375 -7295.969831 8194.703240 0.675664 0.696347 0.242031 -0.635758 0.384177 0.669493 -0.373217 0.606225 -0.702283
57.606069 -120.555280 -14408.095057 -3222.434807 0.649482 0.760031 0.022948 -0.654347 0.543289 0.525992 -0.387302 0.356638 -0.850180
3.581425 -12.956348 -2517.557205 461.864528 0.942406 -0.331106 0.047330 0.273544 0.681550 -0.678722 -0.192471 -0.652578 -0.732869
-0.991212 -17.461390 -2203.625761 -1285.869944 0.874843 -0.452827 0.172039 0.446941 0.617601 -0.647157 -0.186798 -0.643052 -0.742691
2.565202 -11.743311 -3104.009001 -1611.117115 0.957113 -0.289690 -0.003732 0.202238 0.677290 -0.707374 -0.207447 -0.676282 -0.706830
9.818495 -8.460280 -1366.692167 -411.881190 0.983959 -0.170996 -0.050843 0.088841 0.716838 -0.691556 -0.154699 -0.675946 -0.720531
43.535533 -112.559084 -14297.112311 12569.790746 0.632115 0.773833 0.040156 -0.513367 0.379406 0.769744 -0.580418 0.507181 -0.637089
28.921734 -92.621342 -11628.515321 14241.293717 0.626220 0.778037 0.050077 -0.388967 0.256111 0.884936 -0.675688 0.573643 -0.463012
22.116443 -102.556800 -10883.607155 13545.904281 0.646031 0.762881 -0.025615 -0.396170 0.363795 0.843032 -0.652452 0.534477 -0.537253
-6.104783 -47.130168 4092.985603 -1534.003543 0.775342 -0.565411 -0.281345 0.454311 0.808802 -0.373418 0.438687 0.161709 0.883970
-2.062221 -49.308874 3016.751417 932.264042 0.793115 -0.532637 -0.295409 0.427490 0.832284 -0.352924 0.433844 0.153625 0.887794
-3.731841 -42.706206 3980.919863 3214.715416 0.776854 -0.562484 -0.283036 0.394123 0.784908 -0.478108 0.491086 0.259869 0.831446
-7.094203 -41.244882 1739.709956 2602.331599 0.773479 -0.586598 -0.240070 0.428159 0.762850 -0.484500 0.467344 0.271962 0.841205
-4.099379 -38.086702 1708.761211 6104.483044 0.789430 -0.558573 -0.254551 0.337264 0.741173 -0.580444 0.512887 0.372370 0.773491
-0.995042 -36.046678 1963.897717 4969.679474 0.803255 -0.520076 -0.290350 0.297469 0.772587 -0.560912 0.516037 0.364185 0.775290
1.840633 -57.561562 -492.663395 5681.643758 0.839311 -0.543485 -0.013480 0.426046 0.642142 0.637290 0.337702 0.540628 -0.770506
1.683182 -55.756479 211.941799 3789.237680 0.821622 -0.569774 -0.017182 0.450602 0.630723 0.631780 0.349135 0.526827 -0.774957
3.360262 -47.339649 3.256705 -1996.739358 0.828155 -0.560019 -0.023193 0.431940 0.611289 0.663139 0.357193 0.559200 -0.748137
2.628273 -49.712816 -286.051077 -504.350447 0.845628 -0.533686 -0.009658 0.405876 0.631150 0.660995 0.346668 0.562875 -0.750328
4.229573 -45.321506 28.725728 -1770.758144 0.844424 -0.535675 0.000421 0.358311 0.565417 0.742911 0.398196 0.627181 -0.669390
33.435482 -70.985617 13056.082831 -15934.893011 0.666054 -0.436661 -0.604731 0.123787 0.864202 -0.487680 0.735561 0.249963 0.629658
13.270411 -52.406734 7338.567487 -11810.512809 0.675667 -0.329647 -0.659399 0.082212 0.922569 -0.376970 0.732608 0.200496 0.650451
0.284063 -110.679174 -1579.651381 34107.457499 0.554201 0.444747 -0.703607 -0.352225 0.891184 0.285881 0.754188 0.089392 0.650546
64.454650 -52.902228 25144.817517 -31168.143616 0.725644 -0.506504 -0.465719 0.310024 0.844928 -0.435868 0.614268 0.171901 0.770146
-12.928876 -122.784635 -10188.026041 -47409.267210 0.403256 0.741997 -0.535561 0.522213 -0.667198 -0.531169 0.751451 0.065480 0.656532
21.958056 -297.411636 2806.109922 108132.393643 0.444126 0.688987 -0.572756 -0.402065 0.724542 0.559806 0.800685 -0.018339 0.598805
-2.354295 -129.183137 -1291.603781 -14394.139498 -0.171406 -0.170856 0.970272 0.887923 -0.453501 0.077000 0.426864 0.874726 0.229440
-2.923207 -112.129281 314.157165 -4278.989016 -0.115138 -0.212268 0.970405 0.970362 -0.232979 0.064171 0.212462 0.949033 0.232801
-2.024749 -114.908542 -1222.988218 -6322.171486 -0.108311 -0.196970 0.974408 0.965001 -0.256318 0.055452 0.238835 0.946311 0.217838
-2.153202 -114.299774 -1652.444338 -10635.162581 -0.133651 -0.184613 0.973681 0.923716 -0.379122 0.054909 0.359007 0.906744 0.221200
24.312322 -51.333134 -253.171438 1815.807177 0.809729 0.120612 0.574274 -0.576148 0.349063 0.739059 0.111318 0.929305 -0.352137
20.689902 -51.751005 6464.841429 2283.879302 0.799581 0.010571 0.600465 -0.566458 0.345398 0.748215 0.199490 0.938397 -0.282162
26.681739 -50.069292 5200.572227 2982.318133 0.801275 0.054220 0.595835 -0.587169 0.262443 0.765739 0.114854 0.963423 -0.242125
24.212682 -48.710358 3785.916057 719.642143 0.807387 0.048257 0.588045 -0.585983 0.182008 0.789618 0.068924 0.982112 -0.175229
26.061403 -49.358308 -3916.372329 2593.303136 0.809388 0.169580 0.562258 -0.587255 0.225851 0.777253 -0.004820 0.959288 -0.282388
-5.150097 -69.734417 -1012.222907 -2498.460981 0.937806 -0.346169 0.026223 0.155600 0.351605 -0.923127 -0.310337 -0.869794 -0.383601
-4.310153 -67.035618 -771.165982 39.949548 0.942673 -0.333574 -0.009747 0.075697 0.242181 -0.967274 -0.325018 -0.911085 -0.253548
-3.414478 -68.425733 -1654.985928 -2282.562387 0.937176 -0.348463 0.016604 0.143887 0.342741 -0.928346 -0.317803 -0.872412 -0.371347
-16.547097 -43.242475 295.683071 83.646803 0.913052 -0.360285 -0.191129 -0.320848 -0.345227 -0.881972 -0.251778 -0.866610 0.430807
-14.733058 -44.701304 604.654609 1698.845778 0.886427 -0.379237 -0.265381 -0.426350 -0.445752 -0.787102 -0.180204 -0.810854 0.556814
-15.296402 -39.657026 380.764339 807.516128 0.897236 -0.381512 -0.222297 -0.377222 -0.400622 -0.834988 -0.229501 -0.833037 0.503367
-15.066864 -39.121897 -469.727831 1554.236823 0.907722 -0.384206 -0.168603 -0.308930 -0.340102 -0.888197 -0.283908 -0.858322 0.427410
0.569247 -24.108917 1551.349093 -4005.824356 -0.812270 -0.245258 -0.529213 -0.199221 0.969394 -0.143477 0.548205 -0.011112 -0.836270
-1.129617 -30.646032 66.196184 -3668.652272 -0.805356 -0.219107 -0.550811 -0.203584 0.974899 -0.090139 0.556736 0.039542 -0.829748
1.444771 -20.227500 -2290.987411 -3822.426938 -0.803441 -0.187925 -0.564949 -0.136424 0.981742 -0.132553 0.579544 -0.029426 -0.814409
0.898099 -15.849229 1223.486115 -4134.881795 -0.801835 -0.297622 -0.518152 -0.212886 0.952520 -0.217680 0.558337 -0.064236 -0.827124
8.394356 -213.782065 -1908.225296 8509.871606 -0.381674 0.892489 0.240393 0.646733 0.072056 0.759305 -0.660350 -0.445277 0.604704
4.827174 -179.433695 -782.619619 14174.443559 -0.380199 0.886600 0.263417 0.716387 0.102146 0.690185 -0.585011 -0.451117 0.673985
6.624067 -206.464237 -386.134874 21952.314367 -0.395809 0.891026 0.222280 0.524594 0.020714 0.851100 -0.753748 -0.453480 0.475626
0.991104 -208.516680 -1449.177433 20536.106425 -0.414075 0.880519 0.230712 0.589976 0.066606 0.804669 -0.693159 -0.469308 0.547065
-34.999352 -124.792943 -2019.654236 -13786.805345 -0.481536 0.802464 0.352385 0.723654 0.137225 0.676383 0.494416 0.580707 -0.646785
-27.905512 -120.728920 -2002.611030 -11871.329952 -0.433398 0.838452 0.330400 0.803369 0.193318 0.563228 0.408368 0.509535 -0.757370
-33.172299 -119.844611 -958.143061 -6451.750628 -0.477138 0.801127 0.361296 0.817403 0.253553 0.517265 0.322787 0.542131 -0.775824
-41.905267 -124.845631 -1475.313332 -11673.605570 -0.530501 0.754710 0.385981 0.744610 0.197272 0.637683 0.405123 0.625697 -0.666618
0.497054 -108.021471 -1423.548717 10787.944315 -0.801322 -0.508408 0.315285 -0.165160 0.694555 0.700226 -0.574983 0.509034 -0.640531
-3.284049 -89.568705 1483.549976 10527.633277 0.815844 0.465183 -0.343516 -0.028977 0.626179 0.779141 -0.577545 0.625704 -0.524344
1.344898 -105.805206 -417.338398 10449.785342 -0.815913 -0.439137 0.376091 -0.084942 0.734465 0.673309 -0.571901 0.517416 -0.636561
4.637917 -380.352351 -3509.404375 37094.370799 -0.235635 0.954662 0.181922 -0.529722 0.030774 -0.847613 0.814783 0.296096 -0.498454
2.362372 -305.237682 -1685.951373 17851.608344 -0.255126 0.955848 0.145826 -0.722128 -0.088066 -0.686131 0.642995 0.280355 -0.712712
0.679917 -364.783167 -831.349324 36223.704083 -0.232362 0.952519 0.196764 -0.405009 0.089172 -0.909954 0.884294 0.291130 -0.365058
3.939988 -496.569859 3982.243738 93835.998681 -0.247810 0.944613 0.215167 -0.151683 0.181525 -0.971618 0.956861 0.273413 -0.098298
-1.526005 -339.917514 -2301.333662 20260.356398 -0.211248 0.948656 0.235429 -0.109845 0.216297 -0.970129 0.971241 0.230798 -0.058512
-7.836267 -131.053484 1796.866956 -1622.759661 -0.402114 0.904447 -0.142407 -0.742879 -0.231375 0.628169 -0.535196 -0.358387 -0.764934
-5.681195 -167.344917 -400.024965 4350.160944 -0.454441 0.884477 -0.105753 -0.767408 -0.328455 0.550637 -0.452291 -0.331388 -0.828019
-6.635823 -136.097069 1245.328418 2961.160525 -0.494139 0.864825 -0.088903 -0.791322 -0.405062 0.457967 -0.360050 -0.296650 -0.884513
-2.977986 -37.748379 -1357.121166 -3103.697364 -0.801377 -0.223359 -0.554893 -0.250173 0.967789 -0.028261 0.543331 0.116171 -0.831442
-2.771295 -37.459897 2660.152006 -2346.697155 -0.817490 -0.238753 -0.524125 -0.265839 0.963710 -0.024360 0.510920 0.119419 -0.851293
-1.134401 -42.029059 806.528401 -1332.251026 -0.817057 -0.213738 -0.535475 -0.296550 0.952270 0.072388 0.494444 0.217940 -0.841443
2.256600 -44.358956 3613.273686 -963.797243 -0.831061 -0.203848 -0.517478 -0.318433 0.937219 0.142203 0.456002 0.282962 -0.843798
-0.809983 -46.229411 1766.180850 -437.300273 -0.819228 -0.225843 -0.527124 -0.371312 0.909390 0.187451 0.437027 0.349292 -0.828856
-16.325422 -36.407236 -376.174027 -1499.108394 0.448807 0.076277 0.890368 0.751677 0.506602 -0.422297 -0.483274 0.858799 0.170031
-15.750551 -32.666398 -549.691082 -2386.901709 0.449824 0.059355 0.891143 0.711243 0.579679 -0.397625 -0.540178 0.812680 0.218538
-16.653425 -35.778200 -674.408366 -1574.453092 0.437961 0.028367 0.898546 0.758581 0.524713 -0.386305 -0.482437 0.850806 0.208285
-15.535614 -34.192429 -282.867157 -1889.902061 0.467505 0.124550 0.875172 0.705601 0.543807 -0.454314 -0.532510 0.829916 0.166350
-16.950826 -37.781021 -54.135768 -1656.658909 0.469086 0.146717 0.870880 0.736478 0.479230 -0.477428 -0.487399 0.865339 0.116746
-3.663078 -60.336104 -1209.775725 388.178027 0.828441 -0.451183 -0.331843 0.144409 0.744536 -0.651776 0.541139 0.492037 0.681959
-6.994915 -60.509395 527.346764 534.136996 0.821803 -0.432832 -0.370536 0.204687 0.831182 -0.516952 0.531736 0.348989 0.771663
-6.994645 -61.346252 -1690.244254 119.783049 0.836360 -0.410435 -0.363381 0.182616 0.833628 -0.521264 0.516870 0.369605 0.772164
-9.741353 -61.567598 -1720.264221 -1263.254253 0.822984 -0.404635 -0.398707 0.150297 0.831958 -0.534095 0.547821 0.379627 0.745504
-5.297809 -62.079138 -2742.181028 -132.458938 0.834969 -0.427301 -0.346758 0.115183 0.751876 -0.649165 0.538107 0.502092 0.677011
33.097443 -165.972720 -2562.088287 18022.405215 0.092080 0.016282 -0.995618 0.869829 -0.488003 0.072466 -0.484685 -0.872690 -0.059098
24.940222 -165.534241 1869.563098 -25621.075454 0.009802 0.129886 -0.991481 0.942559 -0.332284 -0.034212 -0.333897 -0.934193 -0.125682
23.630279 -119.091626 2852.539070 -22356.841049 0.073436 0.154428 -0.985271 0.888332 -0.459165 -0.005757 -0.453291 -0.874825 -0.170903
17.475822 -107.901827 3903.213200 -30616.703139 0.137323 0.202240 -0.969661 0.890951 -0.452991 0.031697 -0.432837 -0.868273 -0.242392
27.984098 -87.559061 44.404992 -5581.893559 0.213180 0.083488 -0.973439 0.831534 -0.538591 0.135910 -0.512938 -0.838421 -0.184240
-161.389789 -812.759705 -1944.765491 -262871.342114 0.631204 -0.604370 0.486126 0.394609 0.789813 0.469552 -0.667732 -0.104554 0.737023
-45.839754 -97.332695 -1331.071220 -24732.124714 0.630415 -0.446742 0.634822 0.165789 0.876414 0.452119 -0.758347 -0.179777 0.626570
-51.744400 -4390.412925 -60901.661484 -1541964.934829 0.777444 -0.235880 0.583045 0.080331 0.956658 0.279917 -0.623801 -0.170783 0.762696
136.785979 -3175.978554 -78766.831875 -1106647.317252 0.835501 -0.133883 0.532930 0.120662 0.990893 0.059765 -0.536078 0.014371 0.844046
-36.635424 -167.557484 1321.819075 -41004.844651 0.659339 -0.680709 0.319229 0.483909 0.709175 0.512741 -0.575417 -0.183592 0.796988
-68.134363 -415.449316 3803.396717 -132621.611472 0.765067 -0.484356 0.424349 0.352841 0.866559 0.352956 -0.538680 -0.120307 0.833876
-26.752235 -269.779071 8551.973404 20563.848225 0.645535 -0.239859 0.725088 0.053025 0.961187 0.270754 -0.761888 -0.136334 0.633198
-77.215051 -288.240610 19163.829750 31014.400199 0.599580 -0.313764 0.736244 0.112076 0.943797 0.310944 -0.792428 -0.103920 0.601048
-54.305227 -318.237872 13799.915312 63351.148327 0.662835 -0.368960 0.651550 -0.029336 0.856702 0.514977 -0.748190 -0.360459 0.557028
-58.732871 -89.597443 1284.193801 -8135.271860 -0.316032 0.050289 -0.947415 0.908750 -0.270849 -0.317512 -0.272574 -0.961307 0.039897
-44.909184 -97.710723 -574.487278 -19927.128976 -0.285602 -0.058610 -0.956554 0.899620 -0.360433 -0.246519 -0.330326 -0.930942 0.155667
-29.132076 -78.724527 -6143.294259 -16915.620231 -0.507072 -0.084851 -0.857717 0.750945 -0.531924 -0.391329 -0.423036 -0.842530 0.333442
-67.321271 -79.964109 5336.116779 1798.502070 -0.387755 0.254811 -0.885843 0.919299 0.177110 -0.351455 0.067337 -0.950633 -0.302923
-65.129829 -79.790674 2295.156780 3446.685824 -0.432888 0.294953 -0.851828 0.879278 0.346439 -0.326880 0.198693 -0.890496 -0.409315
-43.499597 -76.561860 -7319.816808 2988.099735 -0.520671 0.089733 -0.849029 0.767012 0.485918 -0.419018 0.374959 -0.869386 -0.321829
-14.997969 -76.910566 11014.942732 -353.032085 0.846284 -0.343747 0.406991 -0.519067 -0.703986 0.484740 -0.119888 0.621483 0.774200
5.794313 -86.711939 12957.994842 605.864373 0.843997 -0.343923 0.411566 -0.524697 -0.688515 0.500640 -0.111188 0.638486 0.761559
-14.997858 -81.495589 11317.356079 1465.332483 0.803810 -0.395424 0.444442 -0.594368 -0.565002 0.572276 -0.024819 0.724163 0.689182
6.398025 -13.208059 1968.593173 183.236500 -0.685104 0.620611 -0.381411 0.703453 0.427687 -0.567660 -0.189171 -0.657211 -0.729581
2.821046 -15.956125 -559.723234 1348.347478 0.833227 -0.501471 0.232937 0.513718 0.546268 -0.661577 -0.204516 -0.670908 -0.712780
9.693463 -11.327354 3332.058732 -605.294113 -0.534351 0.680058 -0.501987 0.825220 0.291156 -0.483984 -0.182981 -0.672867 -0.716776
7.205759 -11.271578 2497.277196 63.717746 -0.438823 0.691345 -0.574000 0.879218 0.198477 -0.433109 -0.185502 -0.694729 -0.694939
-2.232180 -41.231719 2434.379552 -1504.356958 0.801116 -0.032976 0.597600 0.365496 -0.763721 -0.532111 -0.473947 -0.644703 0.599777
2.803277 -39.584036 2035.348468 -1661.459241 0.800830 -0.017643 0.598631 0.379857 -0.757814 -0.530496 -0.463011 -0.652231 0.600179
32.843628 -47.686479 4596.382506 1017.480785 0.640836 0.071957 0.764298 0.109753 0.976782 -0.183986 -0.759791 0.201789 0.618060
28.265009 -49.515736 5353.493654 1453.516670 0.688692 0.058437 0.722695 0.142125 0.966530 -0.213591 -0.710988 0.249811 0.657336
27.418778 -50.178643 5205.676408 -9.675992 0.693874 0.042740 0.718827 0.060073 0.991322 -0.116930 -0.717586 0.124317 0.685285
23.489395 -50.832347 1998.324644 374.726010 0.710229 0.039698 0.702851 0.116125 0.978125 -0.172590 -0.694327 0.204197 0.690082
-1.751200 -62.747163 -1320.362063 926.573294 0.611114 0.167642 0.773586 0.659062 -0.649033 -0.379992 0.438380 0.742060 -0.507119
-1.339206 -59.155865 -1355.927892 1030.824739 0.611833 0.169061 0.772709 0.615643 -0.715137 -0.331003 0.496633 0.678232 -0.541625
0.421007 -60.664668 -1333.618672 -303.448693 0.630328 0.150737 0.761554 0.653573 -0.632435 -0.415774 0.418961 0.759806 -0.497159
0.694774 -63.941062 -1489.534023 720.674182 0.644352 0.143069 0.751226 0.680644 -0.555114 -0.478092 0.348616 0.819377 -0.455068
-11.627894 -82.552586 -979.567152 4211.184412 -0.693461 -0.156986 -0.703183 0.712150 -0.297444 -0.635900 -0.109330 -0.941744 0.318064
-10.670783 -90.175632 1327.666511 4054.343141 0.714301 0.180913 0.676050 0.674653 -0.434827 -0.596464 -0.186057 -0.882154 0.432651
-12.657757 -90.575081 1217.113553 3935.489057 0.703898 0.165926 0.690649 0.665606 -0.493552 -0.559799 -0.247986 -0.853742 0.457851
-12.652444 -96.665379 1080.968882 1414.793403 0.725192 0.163102 0.668950 0.595691 -0.635869 -0.490737 -0.345324 -0.754366 0.558285
-13.498297 -84.887508 -445.210289 4633.309163 -0.688160 -0.136793 -0.712547 0.693174 -0.414080 -0.589956 -0.214350 -0.899903 0.379775
-14.533604 -90.524630 -175.822672 3106.650272 0.687637 0.135364 0.713325 0.643935 -0.567571 -0.513041 -0.335415 -0.812120 0.477448
-14.582054 -97.405233 527.667804 1814.372674 0.710270 0.157924 0.685985 0.581222 -0.681325 -0.444947 -0.397111 -0.714743 0.575714
-0.456888 -98.627053 -1402.193535 -7273.294550 -0.680337 -0.000825 -0.732899 -0.253448 0.938567 0.234215 0.687682 0.345097 -0.638750
-2.127057 -101.021485 -281.864511 -9595.698609 -0.680888 -0.013361 -0.732266 -0.285898 0.925356 0.248955 0.674280 0.378864 -0.633883
-9.255842 -44.900646 662.898558 1601.698963 0.848844 0.147532 0.507640 0.507569 -0.495878 -0.704612 -0.147775 -0.855768 0.495806
36.662900 -40.920279 7484.104795 -4347.443918 0.426543 0.675052 -0.601968 -0.782748 0.608976 0.128271 -0.453174 -0.416477 -0.788150
9.955990 -48.236771 10727.571256 4850.450583 0.547242 0.649964 -0.527326 0.763293 -0.646039 -0.004165 -0.343381 -0.400225 -0.849653
17.973377 -56.313946 12066.862236 -6436.146340 0.455486 0.728413 -0.511808 -0.771513 0.609832 0.181310 -0.444185 -0.312282 -0.839750
38.693759 -58.811876 11039.471809 -6526.653747 0.379985 0.747654 -0.544633 -0.750100 0.593597 0.291533 -0.541259 -0.297751 -0.786374
43.305089 -227.647231 19774.489709 -96555.236648 -0.134992 0.899232 -0.416123 0.249355 -0.375620 -0.892598 0.958957 0.224256 0.173522
10.424043 -17.943798 -7512.618146 5973.218303 0.048477 0.675951 -0.735350 -0.276156 0.716588 0.640499 0.959889 0.172022 0.221406
2.401067 -96.045159 13436.949612 -40589.527987 -0.174811 0.880139 -0.441358 0.301819 -0.378779 -0.874889 0.937201 0.286150 0.199428
1067.767820 -20286.959286 419579.321258 -26653347.910456 -0.371203 0.880807 -0.293918 0.923395 0.383474 -0.017012 0.097726 -0.277718 -0.955679
130.254554 -2838.046387 7150.362983 1197772.831238 -0.308500 0.942050 -0.131790 0.585470 0.078852 -0.806850 0.749701 0.326073 0.575869
-152.617368 -7779.803679 41641.375034 885037.646752 -0.400908 0.898257 -0.180018 -0.251424 -0.296838 -0.921235 0.880942 0.324070 -0.344848
-54.634309 -6611.193355 -16838.040506 1704404.953857 0.461552 -0.873366 0.155570 0.828437 0.361625 -0.427690 0.317272 0.326281 0.890438
31.584024 -15977.725327 55412.084836 15705326.951379 -0.483994 0.837600 -0.253331 0.867677 0.421799 -0.263101 -0.113519 -0.347148 -0.930914
-266.234812 -7021.658308 98106.599238 -6490697.100031 -0.425889 0.883861 -0.193411 -0.871342 -0.458245 -0.175429 0.243684 -0.093814 -0.965307
-87.984848 -4796.248057 67872.147696 6607327.988223 -0.404313 0.899009 -0.168269 0.697548 0.184096 -0.692485 0.591572 0.397357 0.701534
18.715140 -32.853189 847.693326 10011.018022 0.504940 0.725165 -0.468158 0.651540 0.035540 0.757782 0.566155 -0.687658 -0.454528
15.976301 -52.727747 4487.956627 4651.251363 0.451646 0.754794 -0.475712 0.713466 0.014600 0.700538 0.535707 -0.655800 -0.531926
23.727919 -50.986228 2877.755668 4960.711047 0.422313 0.715509 -0.556505 0.771862 0.038042 0.634651 0.475269 -0.697567 -0.536209
11.707255 -40.483515 2654.266680 9541.746947 0.549804 0.758848 -0.349092 0.550513 -0.014877 0.834694 0.628212 -0.651098 -0.425935
22.737114 -37.029390 554.392670 7660.133599 0.432581 0.674686 -0.598057 0.748026 0.101735 0.655825 0.503320 -0.731060 -0.460674
16.599070 -9.728868 581.830714 -4675.829397 0.724074 0.682289 -0.100991 -0.334478 0.219300 -0.916532 0.603192 -0.697417 -0.387000
14.595234 -12.989250 -1341.720281 13212.076487 0.490506 0.676188 -0.549703 0.665019 0.117202 0.737573 0.563164 -0.727347 -0.392189
-16.467514 -48.289195 -2494.182303 1328.011038 0.859349 0.210581 0.466020 -0.143655 -0.775184 0.615186 -0.490798 0.595605 0.635902
-17.666680 -29.973258 -2222.161905 -968.882943 0.117882 0.219412 -0.968484 0.950004 0.259046 0.174320 0.289130 -0.940613 -0.177906
-21.736232 -27.588031 -760.500373 -927.112776 -0.094738 0.219503 -0.971001 0.962674 0.268620 -0.033202 0.253542 -0.937903 -0.236759
-21.973010 -29.899598 -2149.402927 -773.993535 0.117164 0.259863 -0.958511 0.933928 0.299377 0.195323 0.337713 -0.918066 -0.207618
-258.330787 -362.667039 20010.337491 -33765.462997 0.972830 -0.059380 0.223774 -0.131633 -0.936985 0.323622 -0.190456 0.344286 0.919344
-347.631105 -411.640539 -40492.731978 -82574.041489 0.834995 0.374693 0.402976 -0.174392 -0.514387 0.839639 -0.521892 0.771370 0.364167
-240.698136 -311.812828 11228.509237 -7925.231697 0.976677 0.066929 0.204016 -0.081553 -0.763338 0.640831 -0.198623 0.642523 0.740076
-7.125641 -50.379930 49.293861 -0.812478 -0.691889 -0.099629 -0.715097 0.219784 0.914367 -0.340042 0.687739 -0.392438 -0.610743
-7.699267 -24.819779 2615.541592 -1926.498556 0.797379 0.130582 0.589182 0.336963 0.713601 -0.614190 0.500643 -0.688275 -0.525009
0.737414 -26.654165 3876.832949 -3317.904689 0.777960 0.123837 0.615989 0.355937 0.721038 -0.594486 0.517771 -0.681740 -0.516861
-0.180271 -22.360796 4122.510407 338.144344 0.771455 0.116363 0.625554 0.388355 0.692664 -0.607780 0.504022 -0.711812 -0.489169
9.663874 -23.236576 4722.067655 -1182.361666 0.760168 0.092349 0.643130 0.403814 0.708296 -0.579008 0.508997 -0.699849 -0.501133
11.285683 -22.751677 4790.111360 2556.118573 0.751357 0.072766 0.655872 0.437747 0.688780 -0.577893 0.493803 -0.721309 -0.485666
88.898880 -94.647170 -1576.841909 -3437.028912 -0.687111 -0.642858 -0.338545 -0.677723 0.735038 -0.020244 0.261857 0.215530 -0.940733
85.365858 -106.405576 8830.725397 1213.867222 0.647748 0.551339 0.525783 0.679676 -0.729982 -0.071876 0.344184 0.403920 -0.847577
83.954923 -103.352869 -11024.680031 9463.475207 0.679047 0.724474 0.118462 0.734037 -0.668060 -0.122007 -0.009251 0.169804 -0.985435
86.426416 -86.504459 9816.729347 -4914.012711 -0.716206 -0.685470 -0.131075 -0.690396 0.723356 -0.010481 0.101998 0.082987 -0.991317
-58.952529 -81.414312 1064.323946 -1974.140886 0.760875 -0.551460 0.341995 0.645452 0.588945 -0.486349 -0.066785 -0.590792 -0.804055
-56.756289 -80.852669 763.811246 1246.294246 0.706818 -0.654577 0.268213 0.689735 0.553517 -0.466781 -0.157083 -0.514925 -0.842720
-57.487865 -79.790706 -750.390915 1493.614982 -0.694706 0.643595 -0.321199 0.719103 0.611145 -0.330745 -0.016567 -0.460746 -0.887378
-3.532104 -16.008378 -2519.844325 -1413.095930 0.954437 -0.297054 0.028435 0.233380 0.683664 -0.691474 -0.185966 -0.666605 -0.721841
-3.397568 -21.317920 -1491.154770 -1775.466962 0.845281 -0.484450 0.225408 0.507602 0.596323 -0.621883 -0.166855 -0.640084 -0.749968
50.782930 -102.817190 -10714.422776 14275.196371 0.649410 0.739594 0.176824 -0.504347 0.244875 0.828052 -0.569123 0.626926 -0.532036
32.026201 -78.859173 -9263.705985 10737.917965 0.647294 0.747786 0.147737 -0.380240 0.148795 0.912840 -0.660627 0.647051 -0.380653
12.810321 -69.565225 -7143.426999 7809.891386 0.658658 0.752000 0.025808 -0.252269 0.188382 0.949143 -0.708894 0.631671 -0.313785
-0.453252 -49.767279 872.623926 2186.899979 0.807540 -0.520187 -0.278000 0.449424 0.847930 -0.281129 0.381964 0.102083 0.918522
1.158917 -49.985354 517.122024 2155.112099 0.812023 -0.518870 -0.267194 0.422447 0.838436 -0.344330 0.402688 0.166729 0.900024
1.040468 -58.879890 -266.852430 9290.774137 0.839452 -0.543416 -0.004463 0.440075 0.674949 0.592265 0.318834 0.499142 -0.805731
-1.571273 -56.080068 913.197145 7340.440721 0.815558 -0.578512 -0.013713 0.474535 0.655039 0.587997 0.331181 0.486053 -0.808747
22.210840 -71.266594 9154.618627 -8758.008444 0.687536 -0.465706 -0.557146 0.097220 0.819388 -0.564935 0.719612 0.334247 0.608635
-6.741183 -54.852306 877.204454 -7524.932322 0.696740 -0.329655 -0.637088 0.069690 0.915052 -0.397269 0.713931 0.232395 0.660527
