14364
28718
-42.563914 -63.525953 387.797333 8753.760138 0.115080 0.993297 -0.010840 0.737613 -0.092756 -0.668822 0.665345 -0.068973 0.743343
-47.120599 -70.994196 952.314717 6299.536001 0.138822 0.987182 -0.078737 0.805534 -0.158810 -0.570871 0.576058 -0.015825 0.817256
-46.403622 -79.961451 -1484.230039 9247.732892 -0.157752 0.962559 0.220442 0.810261 0.253776 -0.528276 0.564440 -0.095278 0.819957
-39.462432 -59.496439 -20.757991 6289.174830 0.335678 0.882259 -0.330059 0.643468 -0.470664 -0.603676 0.687946 0.009742 0.725697
-36.519644 -70.463465 -4002.905131 13376.450688 -0.058153 0.967590 0.245739 0.723347 0.210489 -0.657619 0.688031 -0.139512 0.712144
-35.462300 -48.524768 183.752412 5981.767344 0.315334 0.924819 -0.212779 0.590580 -0.366753 -0.718823 0.742819 -0.101006 0.661830
78.283101 -77.965147 12524.267616 -4980.082079 0.590317 -0.656583 -0.469494 0.801636 0.544895 0.245904 0.094369 -0.521524 0.848002
126.151037 -87.238986 25403.415894 -5941.936683 0.635197 -0.634904 -0.439796 0.724701 0.686855 0.055119 0.267081 -0.353732 0.896405
80.968775 -82.860469 12269.370464 -9029.605618 0.520584 -0.648014 -0.555941 0.815713 0.569808 0.099658 0.252200 -0.505368 0.825226
9.626931 -11.908937 1957.428383 -301.580387 -0.062390 0.979100 -0.193571 0.609261 0.190981 0.769628 -0.790511 0.069919 0.608443
4.526157 -16.399901 915.119081 -441.935631 0.083812 0.995975 -0.031769 0.642159 -0.029605 0.766000 -0.761976 0.084601 0.642056
7.051040 -11.879590 1868.000106 342.725446 -0.001207 0.992423 -0.122864 0.645628 0.094599 0.757770 -0.763651 0.078410 0.640851
11.710540 -10.897777 1134.300525 875.377384 -0.142242 0.962316 -0.231764 0.622810 0.268998 0.734675 -0.769334 0.039844 0.637603
10.457243 -9.259509 2646.349377 1040.787008 -0.129724 0.965223 -0.226972 0.643185 0.256127 0.721603 -0.754642 0.052376 0.654043
10.028207 -47.813495 -7598.950263 153.855408 0.614773 -0.729421 0.300000 0.766267 0.462306 -0.446216 0.186787 0.504201 0.843144
23.781469 -48.004443 -7109.038190 148.358032 0.636856 -0.730300 0.247135 0.733523 0.475238 -0.485894 0.237401 0.490724 0.838350
25.030831 -46.675702 -7617.074543 -303.703106 0.623513 -0.735409 0.265339 0.770187 0.519474 -0.370078 0.134322 0.435110 0.890302
2.673748 -46.409250 -7073.041365 -62.285850 0.591391 -0.745602 0.307139 0.797634 0.484921 -0.358653 0.118474 0.457088 0.881495
14.577751 -44.963652 -8956.974555 -1515.974787 0.602926 -0.734794 0.310737 0.797475 0.544023 -0.260908 0.022665 0.405114 0.913985
1.942540 -48.465044 395.646988 -433.625354 0.670023 0.728804 -0.141114 0.578267 -0.631615 -0.516400 0.465485 -0.264399 0.844640
1.077595 -46.016154 -66.292314 -1724.220589 0.665942 0.732630 -0.140620 0.605846 -0.641118 -0.471081 0.435283 -0.228519 0.870809
1.789596 -51.203106 -7.482816 -876.211419 0.652498 0.746984 -0.127516 0.544317 -0.579078 -0.606950 0.527223 -0.326625 0.784444
1.737678 -52.862769 228.348009 -437.659095 0.648077 0.751481 -0.123582 0.546026 -0.571613 -0.612466 0.530898 -0.329446 0.780777
1.674610 -51.511499 164.472837 -482.405636 0.660570 0.738492 -0.135196 0.567656 -0.609146 -0.553813 0.491340 -0.289087 0.821592
-2.590902 -61.765883 -196.459100 -1697.157424 0.512261 0.729882 -0.452615 0.857668 -0.462160 0.225419 -0.044651 -0.503667 -0.862743
-4.302225 -67.641469 -167.933245 -3633.887044 0.529738 0.717285 -0.452637 0.847369 -0.424517 0.318984 0.036651 -0.552528 -0.832688
-1.629752 -66.825516 -1648.274223 -2969.768233 0.529992 0.705857 -0.469972 0.847984 -0.437460 0.299253 0.005636 -0.557130 -0.830406
0.739977 -62.364683 -1335.730337 -1803.896804 0.532523 0.706510 -0.466115 0.844211 -0.483066 0.232283 -0.061054 -0.517196 -0.853687
17.368109 -96.207363 -2579.765669 2548.740030 0.534508 0.777129 -0.332223 0.810982 -0.360943 0.460464 0.237927 -0.515549 -0.823165
13.541881 -94.915608 -2393.170520 -76.486865 0.573893 0.745635 -0.338639 0.793448 -0.403915 0.455295 0.202702 -0.529983 -0.823426
20.905256 -89.595119 -3666.948722 8048.979072 0.564405 0.750574 -0.343636 0.720837 -0.245249 0.648264 0.402294 -0.613589 -0.679462
-3.467986 -103.303698 -355.529133 -3638.320955 0.354817 0.899872 0.253645 0.543192 0.022395 -0.839309 0.760951 -0.435580 0.480857
-3.738910 -107.785365 74.676458 -483.765635 0.356687 0.908485 0.217782 0.312266 0.103769 -0.944310 0.880491 -0.404829 0.246676
-3.391969 -100.763368 -288.835129 -1685.313780 0.345125 0.906267 0.244069 0.484831 0.050516 -0.873148 0.803634 -0.419677 0.421952
-4.421724 -102.066161 -599.647678 908.702784 0.348146 0.910787 0.221950 0.283803 0.123249 -0.950929 0.893448 -0.394052 0.215575
-3.179063 -99.107344 15.455157 -2582.967198 0.328090 0.909062 0.256833 0.652034 -0.021201 -0.757893 0.683527 -0.416121 0.599695
-4.195810 -97.416450 -154.596794 -2209.213312 0.317587 0.913744 0.253398 0.626395 -0.001543 -0.779504 0.711876 -0.406288 0.572855
-4.600513 -99.083674 -289.623409 187.842137 0.328018 0.914664 0.236209 0.435872 0.075296 -0.896854 0.838105 -0.397140 0.373977
-10.699578 -80.121677 2173.001304 -6827.726394 0.305708 0.899717 -0.311532 -0.034081 0.337327 0.940770 -0.951515 0.276983 -0.133787
-13.854315 -63.834709 1432.736115 -6771.622109 0.259708 0.925701 -0.275009 -0.177512 0.325691 0.928663 -0.949232 0.192364 -0.248908
-17.572320 -88.211063 1829.141641 -10701.352289 0.274112 0.919790 -0.280801 -0.025516 0.298838 0.953963 -0.961359 0.254327 -0.105384
-12.978089 -52.982479 406.541776 2177.229378 0.589296 0.769507 -0.246150 0.267096 -0.473098 -0.839546 0.762490 -0.428995 0.484327
-12.689884 -55.973649 349.950021 4232.844049 0.597187 0.777137 -0.198558 0.320256 -0.457977 -0.829272 0.735393 -0.431641 0.522381
-10.930733 -51.957536 -925.530124 2547.036414 0.623906 0.756208 -0.197206 0.247334 -0.430440 -0.868071 0.741328 -0.492819 0.455590
2465.533208 -101.558115 929952.627131 -21152.581077 -0.487942 0.095081 -0.867682 0.796208 0.455864 -0.397795 0.357722 -0.884956 -0.298139
1457.756494 4.268152 381620.897734 5223.730855 0.062605 0.581397 0.811208 0.710603 0.544767 -0.445278 0.700803 -0.604323 0.379037
1185.672644 -16.946415 340629.059821 -5439.470452 -0.368919 -0.506490 -0.779337 0.738434 0.349491 -0.576690 0.564459 -0.788241 0.245075
395.158888 -10.882183 149835.122167 -8459.712196 -0.544105 0.572682 -0.613176 0.837845 0.409478 -0.361030 0.044327 -0.710185 -0.702618
1202.822569 -108.524196 396530.318056 -31047.666850 -0.378384 0.585332 -0.717086 0.918436 0.333924 -0.212059 0.115327 -0.738838 -0.663942
531.082706 -16.587827 174580.658206 -6985.966749 -0.604227 0.378230 -0.701322 0.783865 0.440176 -0.437951 0.143059 -0.814363 -0.562447
21.996171 -20.416625 3267.900905 -2723.818092 0.572244 -0.815539 -0.086212 0.766904 0.494932 0.408535 -0.290507 -0.299898 0.908662
19.816037 -27.352336 2632.795123 -3392.775411 0.564550 -0.818219 -0.108628 0.791397 0.499201 0.352831 -0.234466 -0.285159 0.929360
17.401918 -19.891592 2203.548072 -2391.380093 0.589325 -0.799751 -0.114436 0.761758 0.502884 0.408451 -0.269111 -0.327883 0.905578
24.663900 -25.764022 4837.633627 -3394.712109 0.537526 -0.838424 -0.090061 0.801180 0.474477 0.364667 -0.263014 -0.268173 0.926772
-9.752201 -222.332433 136.246940 28203.038257 -0.318881 0.485479 -0.814018 0.804412 0.592826 0.038442 0.501234 -0.642548 -0.579566
-8.658486 -242.651319 -172.526714 16795.574881 -0.337184 0.469208 -0.816180 0.930726 0.296555 -0.214021 0.141622 -0.831804 -0.536698
-6.222023 -211.545369 1268.714655 23219.831254 -0.333095 0.505065 -0.796214 0.902463 0.415396 -0.114044 0.273145 -0.756541 -0.594169
-6.973127 -188.583650 845.008512 24347.504364 -0.322972 0.512330 -0.795743 0.766795 0.634478 0.097279 0.554720 -0.578753 -0.597771
-5.098694 -215.967378 312.936351 34918.652299 -0.351572 0.500750 -0.790978 0.842977 0.536820 -0.034835 0.407169 -0.679024 -0.610852
-4.003046 -238.369536 1150.074475 16583.853509 -0.350739 0.495806 -0.794455 0.936467 0.188771 -0.295626 0.003397 -0.847668 -0.530516
25.884078 -77.983056 1165.527129 1379.172766 0.399360 -0.552303 0.731760 0.549208 0.783228 0.291418 -0.734086 0.285508 0.616119
18.284647 -87.207687 -2322.349122 9728.400369 0.350031 -0.494390 0.795649 0.479317 0.824293 0.301323 -0.804819 0.275896 0.525498
27.175943 -86.348201 -3389.697653 -6821.848395 0.356111 -0.484751 0.798875 0.551434 0.799207 0.239142 -0.754391 0.355366 0.551915
-14.089180 -47.537694 1955.613616 -1977.784382 -0.538358 0.759764 0.364594 0.451851 -0.104948 0.885899 -0.711338 -0.641673 0.286800
-16.582016 -49.785701 3610.791823 -1309.903998 -0.524133 0.758141 0.387952 0.535931 -0.060403 0.842098 -0.661863 -0.649287 0.374652
-9.332548 -47.423683 2132.260003 -887.934601 -0.513763 0.777101 0.363541 0.538409 -0.037866 0.841832 -0.667954 -0.628236 0.398944
5.502302 -296.565921 2243.276827 -41128.930328 0.277091 -0.612743 0.740113 0.617741 0.703587 0.351228 -0.735946 0.359876 0.573474
2.783400 -395.067441 882.286399 -95795.621031 0.249111 -0.605652 0.755731 0.329093 0.786835 0.522100 -0.910847 0.118645 0.395325
5.428493 -370.893329 -377.413484 -36587.942100 0.227382 -0.595857 0.770228 0.740962 0.619091 0.260194 -0.631880 0.511547 0.582278
5.604125 -393.795579 -2546.701549 -76354.829805 0.216184 -0.587851 0.779548 0.594524 0.712596 0.372489 -0.774471 0.382934 0.503543
4.442102 -408.637676 779.505893 -28488.356548 0.227783 -0.600074 0.766829 0.857765 0.496368 0.133633 -0.460819 0.627320 0.627786
28.438613 -67.307959 -7275.808577 611.480109 -0.278201 -0.934908 -0.220342 0.955566 -0.292661 0.035270 -0.097460 -0.200739 0.974785
28.343574 -68.354179 3812.830530 69.132205 0.330275 0.902265 0.277193 0.918391 -0.374977 0.126292 -0.217890 -0.212861 0.952478
19.900372 -65.259994 3165.819919 -883.145383 0.295621 0.929587 0.220174 0.924343 -0.336541 0.179805 -0.241242 -0.150363 0.958746
16.332929 -65.511096 -5593.130731 -438.106937 -0.275914 -0.943781 -0.182069 0.951487 -0.295023 0.087371 -0.136174 -0.149130 0.979396
23.885072 -53.984571 1025.635018 -1627.501441 -0.100198 0.309636 -0.945561 -0.033861 0.948732 0.314263 0.994391 0.063507 -0.084577
18.717626 -57.871373 5372.677420 -1971.305098 -0.188730 0.403167 -0.895454 0.004460 0.912183 0.409759 0.982019 0.073340 -0.173954
31.177506 -58.465191 4575.910610 1399.198119 -0.163389 0.320096 -0.933190 0.079331 0.947100 0.310978 0.983367 -0.023221 -0.180139
29.956903 -50.165727 -210.854036 1142.566440 0.582929 -0.239442 0.776442 -0.162881 0.901759 0.400374 -0.796030 -0.359857 0.486661
28.024936 -49.216714 348.356598 -704.735925 0.604936 -0.245972 0.757331 -0.259029 0.838575 0.479265 -0.752965 -0.486096 0.443571
27.604785 -52.136781 -2951.665098 35.777733 0.510900 -0.269436 0.816324 -0.237989 0.868163 0.435493 -0.826040 -0.416769 0.379421
20.309829 -29.897050 1162.032554 1212.781060 -0.537659 0.761798 0.361367 -0.416228 0.132920 -0.899492 0.733264 0.634032 -0.245616
17.818158 -35.343840 -2650.859313 863.310001 -0.500353 0.821533 0.273369 -0.366438 0.085132 -0.926540 0.784455 0.563770 -0.258444
18.276238 -35.446627 -1281.396595 1600.007319 -0.545892 0.798796 0.252837 -0.300172 0.095281 -0.949115 0.782240 0.594009 -0.187763
-3.993517 -296.830043 -5179.590053 -29708.507688 0.069085 -0.087326 -0.993781 0.879197 0.476067 0.019286 0.471422 -0.875062 0.109666
7.568318 -518.613453 -3222.719681 -154766.742690 0.057014 -0.136296 -0.989026 0.994823 0.091224 0.044777 0.084120 -0.986459 0.140791
-6.073175 -495.054828 -3040.760895 -139980.365326 0.012285 -0.117146 -0.993039 0.999003 0.044064 0.007160 0.042919 -0.992137 0.117571
-10.212503 -24.686073 -588.892887 3241.194937 -0.498325 0.862391 0.089181 0.336221 0.097414 0.936731 -0.799141 -0.496782 0.338498
-5.135581 -30.487769 -2469.449409 3059.562496 -0.504514 0.848788 0.158194 0.312031 0.008405 0.950035 -0.805048 -0.528667 0.269089
-2.344741 -25.972906 -3050.303889 1572.295338 -0.509368 0.843791 0.169001 0.368777 0.036592 0.928797 -0.777527 -0.535423 0.329810
3.302725 -27.946148 -4691.654298 2527.490504 -0.520070 0.834887 0.180250 0.332416 0.003450 0.943127 -0.786783 -0.550410 0.279324
38.662964 -79.298111 -21978.634578 -9661.366161 0.046363 0.919529 -0.390278 0.951393 -0.159732 -0.263321 -0.304471 -0.359100 -0.882238
73.302416 -74.628972 -21336.151105 12572.828955 0.023282 0.959605 -0.280387 -0.918038 0.131561 0.374030 -0.395809 -0.248698 -0.884016
29.217996 -65.245555 -19667.833373 9488.241734 -0.004207 0.926397 -0.376525 -0.897718 0.162382 0.409554 -0.440551 -0.339737 -0.830960
-10.554274 -70.706933 -15713.290759 -5603.927699 0.029681 0.916567 -0.398779 0.950980 -0.148756 -0.271123 -0.307823 -0.371184 -0.876052
2.438358 -43.626728 -902.832860 -2592.771547 -0.174333 -0.467938 -0.866396 0.357504 0.789753 -0.498479 0.917496 -0.396642 0.029610
30.999884 -42.463255 -12585.154579 -4163.001290 -0.044323 -0.315675 -0.947832 0.454019 0.838760 -0.300580 0.889889 -0.443657 0.106146
25.451220 -26.121242 -7092.293314 -4433.812979 0.308938 0.646473 0.697589 0.419598 0.565584 -0.709966 0.853519 -0.512042 0.096528
-4.883944 -53.383435 417.372860 259.464218 0.554884 -0.814149 -0.171074 0.735972 0.384517 0.557218 -0.387877 -0.435096 0.812553
-7.066894 -53.106754 524.829062 489.478781 0.522171 -0.829236 -0.199261 0.718271 0.301636 0.626980 -0.459810 -0.470514 0.753121
-5.389949 -52.117254 1255.807751 -282.662712 0.542460 -0.815965 -0.199847 0.680080 0.286880 0.674679 -0.493182 -0.501898 0.710542
-5.648637 -50.497008 -1348.634596 -886.190791 -0.541673 0.816571 0.199504 0.594236 0.204117 0.777958 -0.594536 -0.539952 0.595801
-1.995103 -50.023275 2265.045903 -1363.497644 0.554957 -0.805163 -0.209127 0.653786 0.266699 0.708121 -0.514379 -0.529702 0.674411
-3.259977 -51.247877 431.817040 1.833304 0.561957 -0.808691 -0.173849 0.699111 0.352019 0.622355 -0.442095 -0.471276 0.763185
6.208554 -40.185380 78.118321 -1908.173902 -0.515841 0.831471 -0.206310 0.846494 0.457669 -0.272006 -0.131743 -0.314952 -0.939920
7.617822 -46.127877 -252.427123 -3980.167477 -0.514844 0.829674 -0.215817 0.854715 0.477297 -0.204081 -0.066312 -0.289532 -0.954869
7.035772 -48.373317 521.503396 -4088.776682 -0.521576 0.830916 -0.193745 0.851372 0.491986 -0.181975 -0.055886 -0.259863 -0.964027
5.189232 -42.031537 825.954212 -3361.377058 -0.529145 0.829324 -0.179520 0.840424 0.483050 -0.245664 -0.117018 -0.280865 -0.952587
4.531184 -49.669894 1646.098420 -3794.572164 -0.532085 0.831800 -0.158099 0.845666 0.512906 -0.147568 -0.041657 -0.212218 -0.976334
5.151360 -66.576286 1329.073498 -10386.355787 -0.698642 0.712296 0.067330 -0.464727 -0.523333 0.714249 -0.543992 -0.467714 -0.696646
3.026178 -73.308420 1576.568029 -11852.586281 -0.724546 0.680284 0.110662 -0.414964 -0.558768 0.718041 -0.550306 -0.474333 -0.687147
-0.730228 -87.561175 1311.573378 -11371.621561 -0.722284 0.680945 0.120913 -0.309162 -0.474297 0.824294 -0.618648 -0.557993 -0.553100
-3.259453 -115.413605 40.307924 4772.188052 -0.457785 0.880218 -0.125093 0.885274 0.438325 -0.155437 -0.081987 -0.181898 -0.979893
-3.775209 -105.034892 175.005661 -2346.905793 -0.426423 0.894608 -0.133566 -0.898521 -0.435934 -0.051211 0.104040 -0.098174 -0.989716
-3.451290 -119.432599 -1040.913837 7063.186494 -0.442620 0.881619 -0.163814 0.895027 0.445540 -0.020513 0.054901 -0.155697 -0.986278
-3.591671 -111.817392 -923.032378 19.735876 -0.393086 0.903840 -0.168987 -0.885793 -0.421531 -0.194118 0.246685 -0.073382 -0.966313
-2.994343 -136.264934 -627.737378 11478.122240 -0.472992 0.867420 -0.154474 0.869169 0.430661 -0.243058 -0.144307 -0.249228 -0.957633
-3.813976 -124.551565 -422.427016 9708.644113 -0.428324 0.887643 -0.169200 0.897964 0.439040 0.030087 0.100992 -0.139048 -0.985122
-5.584542 -53.007425 58.552860 3722.713107 -0.068961 0.996118 0.054713 -0.858591 -0.031334 -0.511703 0.508002 0.082263 -0.857418
-2.434772 -55.319036 305.579179 2526.414597 -0.125202 0.992097 0.008299 -0.816512 -0.098285 -0.568901 0.563589 0.078004 -0.822364
-7.182147 -51.717721 208.392347 488.909353 -0.210160 0.977222 -0.029503 -0.869657 -0.200645 -0.451042 0.446688 0.069133 -0.892015
-5.327750 -57.177120 547.641456 600.879804 -0.237132 0.969113 -0.067743 -0.823615 -0.237530 -0.515012 0.515196 0.066332 -0.854502
-7.549830 -50.218553 964.445982 1605.525696 -0.264286 0.962295 -0.064353 -0.900308 -0.270087 -0.341318 0.345829 0.032268 -0.937742
-4.236083 -50.137320 -880.209583 -493.690149 -0.572940 0.806571 0.145545 0.396669 0.117487 0.910412 -0.717212 -0.579345 0.387255
-6.197720 -51.251199 -575.859151 846.305481 -0.575917 0.810709 0.105215 0.299744 0.089668 0.949796 -0.760574 -0.578541 0.294646
-4.999484 -54.136695 -644.395759 1221.348300 -0.594132 0.799705 0.086484 0.287867 0.110998 0.951216 -0.751093 -0.590044 0.296156
-3.242850 -55.253783 -507.608549 637.159998 -0.597755 0.795933 0.095807 0.332007 0.137002 0.933275 -0.729698 -0.589679 0.346149
3.659989 -22.552997 3258.985412 1576.514910 -0.313067 0.774031 0.550331 -0.247013 -0.625879 0.739770 -0.917046 -0.095658 -0.387138
5.128941 -26.643158 3846.675862 1878.943873 -0.313101 0.774203 0.550070 -0.300639 -0.630203 0.715863 -0.900879 -0.058765 -0.430073
-2.920386 -24.540971 4360.724764 1388.142751 -0.317395 0.733744 0.600733 -0.243104 -0.675277 0.696349 -0.916603 -0.074977 -0.392705
-2.588652 -20.902277 3938.590363 1062.614915 -0.325362 0.712468 0.621714 -0.179909 -0.692121 0.699001 -0.928317 -0.115577 -0.353369
0.234212 -59.221567 146.170907 673.107325 0.693916 -0.717104 0.065137 0.583946 0.507512 -0.633592 -0.421294 -0.477696 -0.770920
0.377592 -60.945402 -734.542278 1419.458867 0.683687 -0.727709 0.054888 0.636629 0.557966 -0.532332 -0.356757 -0.398892 -0.844754
0.796764 -59.812002 634.331297 -1072.582617 0.698784 -0.713017 0.057509 0.632610 0.578447 -0.514979 -0.333923 -0.396240 -0.855271
1.136444 -213.684540 -510.003541 6430.814554 0.963841 0.006563 0.266397 -0.218605 -0.552215 0.804531 -0.152389 0.833676 0.530813
0.656752 -218.622654 -1429.812838 -3467.254369 0.963917 0.025150 0.265011 -0.224490 -0.458226 0.860019 -0.143064 0.888480 0.436046
1.295837 -208.012771 -1343.275905 4633.614672 0.958947 0.000452 0.283586 -0.187865 -0.748083 0.636458 -0.212433 0.663605 0.717287
-0.527584 -198.110344 -1042.952014 6790.461311 0.960402 -0.013269 0.278302 -0.184039 -0.780150 0.597909 -0.209184 0.625452 0.751699
-1.881619 -212.252365 -282.495227 9032.245905 0.963301 -0.003169 0.268403 -0.224827 -0.555788 0.800345 -0.146639 0.831318 0.536104
-9.105002 -156.303167 -641.649347 -1791.552236 0.984958 -0.065573 0.159866 0.015917 0.955693 0.293934 0.172057 0.286968 -0.942362
-10.468671 -148.317720 -89.972881 -1444.232960 -0.980235 0.082444 -0.179837 0.051403 0.983947 0.170896 0.191040 0.158274 -0.968738
-10.088796 -170.424263 507.313157 4314.138427 -0.980773 0.105847 -0.163951 0.099985 0.994032 0.043628 0.167590 0.026396 -0.985503
-8.301034 -172.669319 1207.507957 3263.293825 -0.985167 0.115147 -0.127232 0.103411 0.990062 0.095306 0.136942 0.080735 -0.987284
-9.001966 -176.306174 -1428.802900 -3878.230105 0.988807 -0.054661 0.138828 0.006124 0.944559 0.328284 0.149076 0.323759 -0.934321
-9.465294 -168.206025 192.999812 12505.504184 0.975467 -0.151010 0.160189 0.172124 0.976816 -0.127298 0.137252 -0.151747 -0.978844
-10.104080 -195.003840 -76.625983 17315.450878 0.969829 -0.164386 0.180024 0.212386 0.932257 -0.292897 0.119681 -0.322295 -0.939043
-6.768193 -34.573900 19.180602 1367.552446 -0.396542 0.746087 0.534891 -0.249065 -0.648242 0.719548 -0.883584 -0.152108 -0.442880
-8.204006 -37.819929 -198.009399 -396.242848 -0.374863 0.807008 0.456306 -0.366061 -0.581049 0.726899 -0.851749 -0.105452 -0.513228
-5.400361 -37.418543 -149.804168 1502.589050 -0.384100 0.811766 0.439890 -0.299412 -0.560203 0.772350 -0.873395 -0.164952 -0.458227
-10.124138 -33.770894 -685.069267 461.372849 -0.385356 0.761398 0.521319 -0.327947 -0.641073 0.693885 -0.862527 -0.096428 -0.496739
-4.417967 -30.670458 -905.538171 2857.353383 -0.420869 0.712321 0.561666 -0.143652 -0.663697 0.734078 -0.895675 -0.228266 -0.381656
-7.987967 -30.222065 -1529.792731 -942.081250 -0.428024 0.643757 0.634328 0.148271 0.742380 -0.653366 -0.891522 -0.185604 -0.413207
175.717916 -1643.066194 143073.689804 -411421.600881 -0.408920 0.256182 -0.875874 0.912056 0.082500 -0.401682 -0.030644 -0.963101 -0.267388
-18.182912 -214.222777 -5308.245508 -80421.134599 0.681386 -0.259782 0.684271 0.676672 -0.132753 -0.724218 -0.278978 -0.956499 -0.085331
-893.967841 -3122.878449 126221.033994 241800.137646 -0.046790 -0.418720 0.906909 -0.500685 0.795450 0.341428 -0.864364 -0.438100 -0.246866
3788.373022 -8424.378582 -1536166.165332 732324.659574 0.207331 0.390994 0.896737 0.894674 0.294986 -0.335473 -0.395693 0.871841 -0.288652
-253.821070 -35511.377575 -261835.658489 34234590.352793 0.579933 0.202985 0.788971 -0.243775 0.967325 -0.069684 -0.777336 -0.151919 0.610466
-10.735141 -1599.246539 27995.501347 -704732.147125 0.779879 -0.054219 0.623578 0.597480 0.361423 -0.715815 0.186565 -0.930824 -0.314261
-2.164274 -17.391866 -361.244250 1357.215000 -0.492310 0.775779 0.394714 -0.161779 -0.527126 0.834245 -0.855254 -0.346851 -0.385014
-0.325778 -22.588793 -665.199297 2897.080158 -0.480819 0.809516 0.336893 -0.220474 -0.483497 0.847126 -0.848648 -0.333039 -0.410952
1.137170 -16.787705 -2010.549099 1846.273245 -0.495939 0.795286 0.348662 -0.168412 -0.481985 0.859842 -0.851869 -0.367711 -0.372971
27.688858 17.853710 -18398.015147 -257.227057 -0.150725 0.115405 -0.981816 -0.518705 0.836235 0.177923 0.841562 0.536091 -0.066180
25.675537 20.335265 -10559.694635 696.686279 -0.389791 0.408713 -0.825237 -0.434263 0.708647 0.556089 0.812083 0.575128 -0.098735
17.630426 -5.518076 -2609.439646 -11694.110211 -0.535921 0.844261 0.003501 -0.096385 -0.057062 -0.993707 0.838748 0.532886 -0.111955
15.033406 -1.238170 -400.137602 -15027.043417 -0.506609 0.857282 0.091731 -0.129347 0.029619 -0.991157 0.852418 0.513994 -0.095882
-1.238953 -18.697161 -431.039513 2159.653879 -0.541964 0.669898 0.507456 0.589391 -0.127458 0.797730 0.599077 0.731431 -0.325754
-1.373384 -19.462692 -219.781226 2189.615023 -0.552621 0.674063 0.490151 0.576875 -0.115098 0.808683 0.601519 0.729651 -0.325245
-1.803237 -24.547221 149.203291 2447.607003 -0.563842 0.673275 0.478313 0.597453 -0.067338 0.799072 0.570203 0.736320 -0.364282
0.415979 -24.679190 566.583949 2455.212196 -0.568098 0.668325 0.480214 0.603018 -0.059037 0.795540 0.560030 0.741523 -0.369473
-1.443741 -29.225673 811.783122 2071.728588 -0.569293 0.667882 0.479415 0.634677 -0.013635 0.772657 0.522581 0.744142 -0.416127
-4.374033 -29.118385 -649.261746 2146.980178 0.600187 -0.674145 -0.430469 0.592713 0.013471 0.805301 0.537091 0.738476 -0.407660
-6.230589 -102.428840 -1368.151426 122.279386 0.670429 -0.734176 -0.107288 0.612834 0.466406 0.637887 0.418281 0.493408 -0.762620
-5.175170 -96.502224 942.757722 -4502.706730 -0.640767 0.759777 0.110256 0.717833 0.541975 0.437012 0.272275 0.359168 -0.892673
-3.128140 -101.374656 356.496702 -4984.509369 -0.654059 0.749463 0.102529 0.719271 0.574212 0.391061 0.234213 0.329523 -0.914636
-2.525633 -104.677403 -130.502492 586.078174 0.666873 -0.739931 -0.088220 0.611455 0.475692 0.632329 0.425914 0.475626 -0.769660
-12.855088 -27.173157 -3919.638803 -915.803862 -0.376830 0.276648 0.884005 -0.375287 0.826922 -0.418760 -0.846852 -0.489557 -0.207786
-12.758998 -26.953387 -2623.626273 -700.114057 -0.325595 0.197894 0.924568 -0.336116 0.889754 -0.308809 -0.883750 -0.411309 -0.223184
-7.328425 -25.936013 -3334.984962 -1192.371279 -0.399506 0.293662 0.868422 -0.336108 0.834416 -0.436785 -0.852893 -0.466381 -0.234652
12.521024 -523.920712 -5328.260826 178165.308398 -0.392320 0.916950 0.072721 -0.443741 -0.119418 -0.888163 0.805716 0.380713 -0.453738
14.201368 -548.343897 -2593.281163 170631.455201 -0.396288 0.915034 0.075282 -0.253094 -0.030056 -0.966975 0.882552 0.402254 -0.243501
17.822362 -459.780906 203.267788 130731.605464 -0.461536 0.886991 0.015228 -0.380183 -0.182257 -0.906776 0.801527 0.424299 -0.421337
-10.954791 -182.888267 -7430.047120 -686.579664 0.913126 -0.154505 0.377265 0.275988 -0.446823 -0.850988 -0.300052 -0.881179 0.365365
2.130648 -156.711804 -5875.708766 5813.169944 0.910061 -0.125301 0.395080 0.325526 -0.373951 -0.868443 -0.256557 -0.918945 0.299530
-4.024897 -180.991706 -4635.400885 28603.578691 0.908388 -0.102579 0.405351 0.398990 -0.077287 -0.913692 -0.125054 -0.991718 0.029278
-21.614499 -222.010150 -6302.096523 37022.303916 0.922345 -0.083689 0.377195 0.370592 -0.084491 -0.924945 -0.109278 -0.992904 0.046915
-9.573439 -45.346192 557.326537 -3883.289094 -0.299729 0.950486 -0.082090 -0.466285 -0.070883 0.881790 -0.832310 -0.302575 -0.464444
-8.622734 -43.918278 25.736771 -4029.701803 -0.331248 0.940233 -0.078971 -0.497484 -0.102920 0.861346 -0.801738 -0.324606 -0.501843
-9.386647 -46.892528 -679.729963 -1104.506927 -0.348168 0.935124 -0.065735 -0.354986 -0.066619 0.932495 -0.867620 -0.348000 -0.355151
-11.194623 -46.742292 -634.900787 -44.854224 -0.331843 0.941214 -0.063225 -0.300696 -0.042014 0.952794 -0.894127 -0.335189 -0.296961
-10.519896 -47.550601 -1826.996622 2134.287484 -0.362586 0.930534 -0.051359 -0.194179 -0.021533 0.980730 -0.911497 -0.365572 -0.188497
-8.226110 -48.788188 -1836.724241 1798.626053 -0.378813 0.923059 -0.066809 -0.256502 -0.035357 0.965897 -0.889217 -0.383030 -0.250160
-50.274056 -76.816164 346.103565 3268.720426 0.144598 0.982268 -0.119338 0.883921 -0.182433 -0.430583 0.444718 0.043224 0.894627
-55.409052 -81.667735 126.818760 3232.315147 -0.143769 0.982244 0.120527 0.894555 0.181076 -0.408636 0.423205 -0.049069 0.904704
-44.592338 -71.173908 -521.740367 6089.027596 0.265681 0.920630 -0.286103 0.772021 -0.380916 -0.508808 0.577405 0.085697 0.811948
-15.824915 -43.491391 1738.602534 12600.730028 0.407943 0.897628 -0.166874 0.216550 -0.272686 -0.937416 0.886955 -0.346275 0.305622
-6.762161 -39.707530 5162.794497 11530.734916 0.350799 0.914100 -0.203375 0.235184 -0.296214 -0.925714 0.906437 -0.276909 0.318893
-13.811735 -57.625211 2821.699889 11978.376270 0.351032 0.932970 -0.079654 0.338449 -0.205737 -0.918218 0.873057 -0.295365 0.387982
-20.909395 -70.872433 -61.351150 12579.889074 0.378947 0.925258 0.017194 0.412040 -0.152059 -0.898388 0.828626 -0.347526 0.438866
118.119372 -68.464508 18389.225668 -6958.398622 0.672131 -0.679373 -0.294435 0.739743 0.633282 0.227453 0.031935 -0.370684 0.928210
130.246798 -68.672016 9058.475553 4567.962633 0.725256 -0.678638 -0.115991 -0.688160 -0.719687 -0.092121 0.020961 -0.146632 0.988969
153.478342 -83.570439 13568.462136 -1506.985099 0.749978 -0.633877 -0.189032 0.623690 0.772850 -0.117108 0.220325 -0.030069 0.974963
6.275328 -15.317873 2004.034785 -1156.556836 0.015818 0.991069 -0.132408 0.607739 0.095625 0.788358 -0.793979 0.092940 0.600799
9.625214 -48.262454 -7725.227059 -132.825539 0.626085 -0.725103 0.286781 0.726184 0.408236 -0.553173 0.284033 0.554589 0.782148
-1.208710 -45.134394 239.626976 823.043758 0.667881 0.730172 -0.144167 0.673313 -0.675306 -0.301015 0.317150 -0.103973 0.942659
1.388582 -44.825012 94.668616 -1392.939285 0.680938 0.718430 -0.142063 0.655022 -0.684231 -0.320585 0.327521 -0.125244 0.936506
-0.216702 -47.635590 838.704101 2333.195889 0.682204 0.714032 -0.157341 0.666482 -0.695777 -0.267761 0.300664 -0.077802 0.950551
-2.344646 -43.030279 777.858559 1019.575400 0.683409 0.713673 -0.153697 0.697196 -0.700473 -0.152498 0.216494 0.002939 0.976279
-3.465558 -44.289057 159.133466 2279.360812 0.677091 0.721949 -0.142608 0.681557 -0.688290 -0.248469 0.277538 -0.071041 0.958084
-1.368342 -50.171763 -244.500229 -2914.418452 0.495593 0.737602 -0.458619 0.819877 -0.571571 -0.033289 -0.286687 -0.359513 -0.888009
-2.350420 -49.715477 -479.000645 -2771.959020 0.478949 0.748157 -0.459204 0.830993 -0.555015 -0.037534 -0.282946 -0.363619 -0.887537
-2.520456 -55.513331 -15.114252 -2222.625217 0.490883 0.742418 -0.455906 0.854899 -0.511299 0.087864 -0.167873 -0.432884 -0.885681
10.758723 -98.137815 -2530.486648 -3994.464693 0.540429 0.768584 -0.342368 0.840993 -0.480944 0.247837 0.025824 -0.421868 -0.906289
8.569967 -93.238506 -2283.154077 -5196.227872 0.570512 0.742075 -0.351911 0.820714 -0.499083 0.278110 0.030746 -0.447483 -0.893764
9.497939 -91.309632 424.579817 -1335.092534 0.597425 0.736731 -0.316718 0.782048 -0.447867 0.433377 0.177435 -0.506599 -0.843726
-4.023556 -109.490589 3.941022 -2712.365993 0.369412 0.902646 0.220828 0.410385 0.054741 -0.910268 0.833738 -0.426889 0.350210
-4.214925 -111.394805 307.799549 -2132.976893 0.359271 0.911056 0.202240 0.204834 0.134443 -0.969520 0.910477 -0.389746 0.138314
-3.906177 -110.744875 645.279718 -349.241390 0.350533 0.917539 0.187744 0.076259 0.171835 -0.982170 0.933440 -0.358601 0.009737
-3.636598 -104.676802 -46.180019 318.534439 0.352420 0.915484 0.194138 0.098517 0.170003 -0.980507 0.930642 -0.364676 0.030278
-1.868255 -95.069021 2449.886291 915.823816 0.361991 0.894768 -0.261442 0.461176 0.071836 0.884396 -0.810111 0.440714 0.386642
3.289444 -89.752087 2488.568567 1814.754350 0.369842 0.885634 -0.280837 0.408978 0.116224 0.905113 -0.834238 0.449605 0.319220
1.060426 -91.283996 2167.614162 66.616353 0.339526 0.892813 -0.295984 0.331074 0.181103 0.926062 -0.880404 0.412415 0.234098
1195.381287 -38.726274 405650.082769 -5087.618133 -0.269487 0.960298 0.072141 0.749000 0.256097 -0.611075 0.605290 0.110643 0.788278
2164.485241 1.181707 667516.520809 2262.113198 -0.326150 0.895056 0.304140 0.677487 0.445694 -0.585122 0.659271 -0.015213 0.751752
112.135139 -55.198429 57211.837820 -877.989485 0.615133 0.741267 -0.268580 -0.528553 0.640484 0.557147 -0.585015 0.200760 -0.785781
337.930278 -60.876756 136038.672803 3254.756887 0.601654 0.749970 -0.274876 -0.438075 0.597577 0.671559 -0.667909 0.283630 -0.688078
2929.964653 -122.865571 899625.989247 14443.859570 0.466448 0.835498 -0.290465 -0.593414 0.539088 0.597699 -0.655962 0.106430 -0.747253
5204.163735 -112.758519 1619835.801685 1201.911910 0.418898 0.869228 -0.262615 -0.721269 0.494216 0.485305 -0.551630 0.013878 -0.833974
1169.219071 -69.717547 350932.863907 2938.944138 0.337419 0.886458 -0.316766 -0.700436 0.461238 0.544655 -0.628918 -0.038097 -0.776537
15.680913 -24.832182 -498.086098 -3033.539671 0.592089 -0.798199 -0.110950 0.773324 0.524032 0.356875 -0.226716 -0.297102 0.927540
16.815080 -30.881680 -1527.132045 -3502.926964 0.557637 -0.822911 -0.108896 0.807674 0.507615 0.299983 -0.191582 -0.255234 0.947709
16.592175 -29.393614 -3622.708297 -3249.938196 0.556263 -0.821111 -0.127862 0.812362 0.504897 0.291800 -0.175043 -0.266188 0.947895
17.871919 -23.237143 -2081.096047 -2742.271831 0.551337 -0.816949 -0.169179 0.812366 0.479523 0.331843 -0.189974 -0.320393 0.928040
14.319269 -18.784310 -32.726982 -1661.498613 0.609701 -0.781966 -0.129590 0.754648 0.522669 0.396641 -0.242428 -0.339627 0.908781
-11.604200 -272.155533 -1657.884031 52178.240749 -0.322494 0.453239 -0.831006 0.856332 0.513792 -0.052095 0.403353 -0.728418 -0.553818
-8.549839 -267.961081 -1066.297048 11200.768443 -0.337068 0.455650 -0.823874 0.941264 0.144346 -0.305264 -0.020171 -0.878378 -0.477541
-7.659932 -249.115881 -619.200191 -14800.941007 -0.347307 0.452779 -0.821200 0.899569 -0.086480 -0.428133 -0.264866 -0.887419 -0.377271
-22.005154 -50.519156 -1652.923646 -1823.752212 0.515271 -0.716664 -0.469988 0.540892 -0.153438 0.826978 -0.664779 -0.680330 0.308575
4.601380 -269.439489 -950.477219 -42105.293866 0.268186 -0.533100 0.802421 0.002023 0.833244 0.552902 -0.963365 -0.146657 0.224543
5.204621 -318.175156 1097.281259 -63799.430018 0.260495 -0.588724 0.765210 0.268226 0.805502 0.528414 -0.927468 0.067600 0.367741
7.231869 -257.220380 480.375321 -41111.804801 0.311602 -0.533887 0.786046 -0.067407 0.812728 0.578731 -0.947819 -0.233318 0.217260
7.333175 -225.813243 1440.858167 -23003.473416 0.329213 -0.537394 0.776419 0.050309 0.831070 0.553888 -0.942914 -0.143286 0.300635
7.429855 -237.111728 937.253730 -35203.124161 0.319792 -0.568440 0.758030 0.297680 0.819808 0.489184 -0.899511 0.069214 0.431381
5.492253 -60.252322 4316.521928 -3335.100148 -0.207175 0.495685 -0.843431 -0.087773 0.849241 0.520659 0.974359 0.181897 -0.132434
14.009763 -56.655184 4293.245343 -1881.821178 -0.174192 0.403002 -0.898469 -0.142280 0.892543 0.427929 0.974378 0.202376 -0.098135
27.793324 -51.549672 3472.535355 627.678035 0.655087 -0.211739 0.725277 -0.202793 0.875431 0.438743 -0.727830 -0.434496 0.530544
20.798247 -49.565406 3616.521781 -1821.790559 0.691477 -0.229939 0.684827 -0.272083 0.795284 0.541751 -0.669202 -0.560937 0.487359
15.906993 -36.066245 -3180.125741 1304.177336 -0.483901 0.840571 0.243476 -0.394826 0.038594 -0.917945 0.780995 0.540325 -0.313203
11.815181 -40.219476 -3213.109473 1156.612551 -0.504376 0.845470 0.175460 -0.302313 0.017437 -0.953049 0.808834 0.533738 -0.246801
9.013366 -43.659078 -1181.666534 1449.929797 -0.508921 0.851401 0.126950 -0.284980 -0.027480 -0.958140 0.812272 0.523795 -0.256617
11.933949 -39.276043 -1433.841400 2038.926705 -0.484841 0.852571 0.195071 -0.397495 -0.016129 -0.917463 0.779055 0.522363 -0.346712
-13.647668 -32.548712 419.050345 1197.771202 -0.640213 0.733341 0.228775 -0.074105 0.237462 -0.968566 0.764615 0.637042 0.097682
-11.313140 -29.488069 241.831656 1769.084945 -0.623830 0.732942 0.271350 -0.158528 0.221310 -0.962232 0.765313 0.643286 0.021868
-10.236611 -28.681350 828.156789 1561.060590 -0.655395 0.743258 0.134258 -0.071938 0.115520 -0.990697 0.751853 0.658956 0.022243
-83.129124 -419.961642 -17962.306737 -103933.267707 -0.059995 -0.055455 -0.996657 0.996797 0.049568 -0.062761 0.052883 -0.997230 0.052304
-98.774041 -277.802464 -22647.163245 -27588.448924 -0.076901 -0.005228 -0.997025 0.886200 0.457869 -0.070754 0.456877 -0.889004 -0.030578
-49.095727 -263.209382 -13752.592913 -15494.392284 0.003778 -0.092963 -0.995662 0.850138 0.524569 -0.045752 0.526547 -0.846277 0.081013
-35.625360 -382.136238 -12401.977510 -86522.430883 0.036511 -0.127931 -0.991111 0.984861 0.172782 0.013979 0.169458 -0.976617 0.132303
90.821355 -93.287630 -27108.835608 -7813.477604 0.082759 0.948937 -0.304417 0.984950 -0.124394 -0.119996 -0.151736 -0.289905 -0.944950
100.387895 -82.799828 -14497.857264 11533.264291 0.043725 0.998784 -0.022774 -0.940008 0.048851 0.337636 -0.338338 -0.006645 -0.941001
19.490442 -29.008952 -965.691809 1688.994462 -0.392830 0.864180 0.314447 -0.351555 -0.457085 0.816996 -0.849761 -0.210395 -0.483364
14.644353 -29.371759 -2266.772915 2806.544552 -0.426658 0.865134 0.263639 -0.326775 -0.419272 0.847012 -0.843316 -0.275234 -0.461590
17.757278 -33.116965 -3476.197284 2276.370785 -0.441099 0.851954 0.282145 -0.372796 -0.459914 0.805917 -0.816367 -0.250307 -0.520473
15.234807 -50.115521 -10730.928422 -254.618384 -0.041634 -0.274888 -0.960575 0.332065 0.902950 -0.272790 0.942337 -0.330330 0.053687
51.364422 -51.086846 -20375.820470 -1178.054638 0.011343 -0.174271 -0.984632 0.379459 0.911789 -0.157007 0.925139 -0.371846 0.076471
77.391736 -46.269978 -24557.240672 -4267.688941 0.004744 -0.185874 -0.982562 0.506356 0.847740 -0.157924 0.862311 -0.496777 0.098140
-6.345225 -54.521015 1149.060739 225.457159 0.537011 -0.821742 -0.190679 0.756169 0.368715 0.540608 -0.373934 -0.434498 0.819381
6.424908 -42.015552 -582.807898 -2488.527531 -0.501315 0.834410 -0.229002 0.859188 0.448732 -0.245837 -0.102369 -0.319998 -0.941871
-2.385324 -110.624097 -95.089758 4046.549143 0.746967 -0.638261 -0.186179 0.058184 0.341707 -0.938004 -0.662310 -0.689825 -0.292381
-6.800991 -122.149096 530.195557 4075.376944 0.759354 -0.632948 -0.150856 -0.048192 0.176500 -0.983120 -0.648890 -0.753807 -0.103523
-6.432604 -114.138346 -899.134484 8340.189117 0.739595 -0.657989 -0.141598 0.118108 0.333997 -0.935145 -0.662608 -0.674905 -0.324737
1.094622 -50.371824 519.369082 1329.185399 -0.023904 0.994662 0.100375 -0.766252 0.046258 -0.640872 0.642095 0.092232 -0.761057
4.449102 -52.325891 682.776415 -1149.270047 -0.053499 0.996002 0.071546 -0.691161 0.014779 -0.722549 0.720718 0.088106 -0.687607
-1.771359 -47.674562 -285.270181 1672.328729 0.029079 0.988127 0.150863 -0.796336 0.114123 -0.593991 0.604155 0.102865 -0.790200
5.367624 -48.981639 1804.038695 -3047.153942 0.026450 0.984257 0.174755 -0.654628 0.149172 -0.741087 0.755488 0.094798 -0.648268
-1.427946 -49.689338 -2474.981140 -185.833341 -0.562399 0.800873 0.205695 0.605595 0.229573 0.761939 -0.562994 -0.553081 0.614116
2.692876 -229.712266 -341.223265 -11265.327767 0.970812 0.005328 0.239782 -0.220262 -0.375822 0.900135 -0.094911 0.926677 0.363679
2.382063 -222.424145 -418.175212 4584.429404 0.965887 -0.026123 0.257645 -0.196945 -0.720114 0.665318 -0.168154 0.693363 0.700694
-8.279962 -153.848125 476.082213 -5261.214260 0.976378 -0.053353 0.209377 -0.044018 0.899595 0.434500 0.211537 0.433453 -0.875997
-8.999099 -146.580085 -680.751066 -10210.774233 0.977021 -0.042722 0.208816 -0.025104 0.949822 0.311783 0.211657 0.309861 -0.926924
-10.742675 -142.045379 1480.053279 -5072.682990 -0.978454 0.100272 -0.180482 0.088429 0.993438 0.072528 0.186571 0.055005 -0.980901
4.638168 -356.867408 260.369368 -72178.496319 0.983439 -0.047951 0.174782 -0.181102 -0.222243 0.958024 0.007094 0.973812 0.227246
3.437165 -434.777927 -2563.747243 -84901.028456 0.966396 -0.077530 0.245086 -0.253747 -0.440212 0.861293 -0.041114 0.894541 0.445092
4.376040 -429.588913 975.130796 -87740.446110 0.974234 -0.109678 0.197077 -0.222196 -0.616655 0.755225 -0.038697 0.779556 0.625136
2.738719 -307.657340 -1990.320523 -26243.299596 0.983447 -0.036303 0.177522 -0.179539 -0.063019 0.981730 0.024452 0.997352 0.068494
17.509231 -847.726080 -3049.664941 -331240.915854 0.955074 -0.095892 0.280426 -0.294108 -0.423276 0.856935 -0.036525 0.900912 0.432463
6.024476 -260.991212 -1015.669810 -14146.960981 0.989199 -0.028490 0.143786 -0.139498 0.118270 0.983134 0.045015 0.992573 -0.113018
8.042557 -409.460578 722.434431 -104109.162638 0.985681 -0.033484 0.165265 -0.166802 -0.049944 0.984725 0.024719 0.998191 0.054814
-18.053033 -2987.268112 -9450.914616 -706824.007107 0.973403 0.221563 -0.058275 -0.122510 0.718350 0.684810 -0.193590 0.659456 -0.726388
293.769274 -2380.002169 -62438.779932 -446297.130344 -0.894000 -0.076175 0.441544 -0.080782 0.996696 0.008389 -0.440724 -0.028169 -0.897201
41.336109 -14588.211956 -8221.448310 13352587.388342 0.995781 0.091514 -0.006669 -0.074013 0.758130 -0.647889 0.054235 -0.645650 -0.761705
61.658712 -3108.191793 9735.319901 -2104854.240770 0.983661 0.178712 -0.021751 -0.127718 0.777869 0.615311 -0.126883 0.602480 -0.787984
-209.549620 -5628.734617 81671.256010 -4941.768072 0.992284 0.094390 0.080396 -0.025406 0.789449 -0.613290 0.121357 -0.606515 -0.785755
-6.521380 -13.444751 73.150170 -1269.503933 -0.397302 0.910212 0.116896 -0.305013 -0.251116 0.918645 -0.865516 -0.329324 -0.377395
-4.803909 -14.226819 -285.577859 460.134702 -0.461596 0.826201 0.322988 -0.217533 -0.458405 0.861710 -0.860005 -0.327501 -0.391324
-6.492759 -14.934497 -332.353676 -1093.456861 -0.448507 0.860862 0.240329 -0.234741 -0.372908 0.897684 -0.862403 -0.346202 -0.369332
-8.780244 -18.092724 673.939909 -2823.323668 -0.347602 0.937453 -0.018858 -0.338956 -0.106880 0.934712 -0.874232 -0.331299 -0.354907
-7.242593 -18.355365 -1392.971180 -2324.636949 -0.472044 0.847884 0.241386 -0.195997 -0.367896 0.908976 -0.859511 -0.381766 -0.339846
-9.136673 -19.634420 -144.159430 -2850.074266 -0.402857 0.911530 0.082579 -0.281853 -0.209392 0.936330 -0.870784 -0.353932 -0.341273
-0.580853 -14.144735 -691.785410 1664.934190 -0.508639 0.663137 0.549123 0.590061 -0.195968 0.783214 0.626989 0.722389 -0.291614
-1.479785 -17.278214 -127.860587 1921.140745 0.561130 -0.673300 -0.481456 0.555632 -0.124735 0.822018 0.613519 0.728772 -0.304115
9.023811 -162.938396 326.337820 28462.672592 -0.437483 0.896788 0.066175 -0.478867 -0.170054 -0.861259 0.761114 0.408476 -0.503839
1.956267 -145.676537 2739.382286 26683.839634 -0.439978 0.894410 0.080317 -0.566692 -0.207155 -0.797463 0.696620 0.396381 -0.597998
12.518449 -94.333618 -1940.286337 -1354.300491 -0.342423 0.932262 0.116765 -0.628861 -0.135080 -0.765694 0.698055 0.335620 -0.632518
0.416102 -72.961517 1388.124934 6082.406090 -0.268655 0.945009 0.186502 -0.776146 -0.097710 -0.622936 0.570457 0.312108 -0.759715
