14045
28082
-23.458370 -35.431166 294.363352 2698.590712 -0.663348 0.031410 -0.747651 0.198585 0.970684 -0.135413 0.721480 -0.238298 -0.650139
-32.077344 -46.206409 -696.931261 2942.162044 -0.565609 0.223773 -0.793733 0.456920 0.886278 -0.075734 0.686520 -0.405509 -0.603533
-27.636357 -47.647665 256.023003 4962.014189 -0.531547 0.414918 -0.738445 0.491788 0.860990 0.129775 0.689640 -0.294176 -0.661708
-25.128177 -38.528325 -313.493972 1988.723621 -0.648539 -0.241435 -0.721877 0.100330 0.912976 -0.395485 0.754540 -0.328914 -0.567877
-16.364351 -43.386044 2675.208968 5092.313807 -0.601181 0.428654 -0.674416 0.425271 0.886138 0.184132 0.676554 -0.176113 -0.715024
-16.859083 -26.424479 1786.347681 1988.647726 -0.712404 0.059856 -0.699212 0.121572 0.991818 -0.038962 0.691159 -0.112762 -0.713852
-18.725254 -27.566325 381.640683 1142.846150 -0.622361 -0.506903 -0.596419 -0.233718 0.847559 -0.476466 0.747023 -0.157139 -0.645960
-20.359037 -32.099203 -165.505083 1039.144225 -0.611216 -0.486364 -0.624392 -0.140595 0.843082 -0.519082 0.778876 -0.229485 -0.583685
-16.895462 -39.745790 -1376.215902 -5897.818591 0.918142 -0.062784 0.391245 0.264204 0.832856 -0.486361 0.295315 -0.549917 -0.781268
-15.376544 -47.154211 1883.676490 -4181.855476 0.839039 -0.070324 0.539507 0.326981 0.857729 -0.396716 0.434852 -0.509269 -0.742663
-14.287463 -31.660312 -175.291962 -8120.824083 0.940785 0.169908 0.293350 0.090056 0.708981 -0.699454 0.326823 -0.684454 -0.651697
-16.724038 -52.622789 924.184033 -223.860467 -0.890208 0.119093 -0.439712 0.260464 0.924955 -0.276798 0.373749 -0.360937 -0.854422
-33.242794 -46.985213 -562.696005 219.704449 -0.303173 -0.663773 -0.683734 0.731700 0.297514 -0.613270 0.610493 -0.686215 0.395484
-32.721720 -46.501495 -340.808719 -78.315828 -0.229547 -0.677330 -0.698950 0.835475 0.231266 -0.498496 0.499290 -0.698384 0.512806
-34.222201 -47.387541 -468.145137 -281.610059 -0.322048 -0.555875 -0.766347 0.843607 0.198877 -0.498773 0.429664 -0.807125 0.404893
-34.863161 -56.926913 -1707.039114 2602.673875 0.588529 0.471157 -0.656997 0.797417 -0.204335 0.567779 0.133266 -0.858055 -0.495965
-28.529782 -56.520713 -1935.012243 1515.183899 0.636348 0.374942 -0.674151 0.770924 -0.339882 0.538662 -0.027165 -0.862496 -0.505335
-36.395499 -59.560971 -1564.615583 604.868803 0.652187 0.470693 -0.594222 0.757708 -0.428594 0.492124 -0.023041 -0.771204 -0.636171
-39.740832 -59.882642 -1803.919558 2461.167095 0.631524 0.533718 -0.562425 0.760826 -0.286794 0.582145 0.149401 -0.795547 -0.587183
39.071435 -56.011025 2715.704063 -308.722757 -0.352825 0.736421 -0.577234 -0.473958 -0.672568 -0.568345 0.806770 -0.073058 -0.586331
39.104681 -49.018715 2525.269480 3449.453745 -0.317164 0.716920 -0.620832 -0.638523 -0.645450 -0.419146 0.701210 -0.263477 -0.662483
41.953207 -47.289502 -834.585422 195.901507 -0.160110 0.724176 -0.670771 -0.505587 -0.643798 -0.574374 0.847789 -0.247170 -0.469212
44.658224 -53.788057 -328.996714 -1340.184316 -0.202661 0.773387 -0.600668 -0.372142 -0.628202 -0.683281 0.905781 -0.085060 -0.415122
55.604298 -24.595883 5340.908542 -1683.813184 0.922012 -0.152304 0.355945 0.361807 0.666180 -0.652150 0.137799 -0.730073 -0.669331
60.783253 -21.966702 -7228.787253 -885.735010 0.918506 -0.378399 0.114725 0.359455 0.678188 -0.640978 -0.164740 -0.629980 -0.758937
47.906586 -18.834051 2097.140102 -1430.591368 0.935314 -0.197045 0.293871 0.350887 0.623247 -0.698885 0.045443 -0.756793 -0.652073
47.515771 -21.735334 10105.497555 -1389.115686 0.859925 0.005429 0.510392 0.403047 0.606319 -0.685515 0.313182 -0.795203 -0.519200
43.560616 -11.125466 -4516.010709 -1003.973171 0.928321 -0.315938 0.195966 0.353489 0.586787 -0.728510 -0.115174 -0.745563 -0.656407
39.536171 -14.801771 4693.010770 -695.370493 0.898434 -0.111787 0.424640 0.406149 0.579136 -0.706855 0.166908 -0.807530 -0.565718
3.803702 -49.296424 -467.283380 1195.246124 0.711266 0.266935 0.650267 0.287002 0.734184 -0.615307 -0.641663 0.624275 0.445589
1.693137 -45.869208 -361.665610 -1072.491440 0.701519 0.268010 0.660335 -0.368170 -0.657063 0.657814 -0.610182 0.704584 0.362268
2.995305 -45.570682 -598.123319 -1651.878197 0.711214 0.288697 0.640959 -0.382686 -0.605834 0.697507 -0.589683 0.741363 0.320398
1.695216 -86.334554 4.386704 154.063222 0.843985 -0.295096 0.447892 0.090302 -0.744954 -0.660976 -0.528710 -0.598300 0.602082
1.750618 -86.839669 15.464735 -3053.964632 0.839725 -0.306125 0.448496 0.052017 -0.776796 -0.627601 -0.540514 -0.550342 0.636371
1.367238 -84.043849 179.593230 3711.997047 0.849546 -0.293172 0.438545 0.033147 0.859367 0.510284 -0.526472 -0.418973 0.739790
1.472552 -83.754792 264.194790 4615.807694 0.853042 -0.283162 0.438336 0.129100 0.928380 0.348487 -0.505621 -0.240684 0.828504
0.569441 -84.060744 250.899323 1772.260846 0.854513 -0.283949 0.434949 0.086758 0.903617 0.419463 -0.512134 -0.320702 0.796787
0.699461 -82.327250 128.147520 -895.731520 0.850068 -0.281036 0.445425 -0.025349 0.822921 0.567590 -0.526063 -0.493781 0.692415
29.803755 -6.827625 3953.383149 567.635976 -0.314625 0.725432 -0.612176 0.942955 0.164913 -0.289204 -0.108842 -0.668245 -0.735936
39.190162 -9.233113 4146.064681 473.292931 -0.408395 0.676398 -0.612943 0.911480 0.266019 -0.313747 -0.049163 -0.686819 -0.725164
18.156357 -6.622672 2889.663738 128.667727 -0.427560 0.749220 -0.505828 0.895529 0.274677 -0.350115 -0.123374 -0.602679 -0.788389
10.469848 -5.016527 2064.315295 -116.038162 -0.469503 0.743387 -0.476385 0.868853 0.293032 -0.399032 -0.157039 -0.601256 -0.783473
4.038136 -7.191283 2673.141674 -154.288111 -0.600886 0.721075 -0.344945 0.774243 0.417764 -0.475418 -0.198706 -0.552743 -0.809315
8.147782 -8.667477 3636.497381 -543.019684 -0.445191 0.791101 -0.419480 0.878154 0.294134 -0.377268 -0.175073 -0.536324 -0.825655
10.354294 -20.414518 833.551848 -379.372235 -0.583535 -0.571955 0.576502 0.796052 -0.543248 0.266802 0.160585 0.614614 0.772310
6.838917 -20.388847 229.032691 1190.623881 -0.537243 -0.597827 0.594956 0.805146 -0.573624 0.150651 0.251218 0.559963 0.789513
7.343028 -22.559917 1720.325970 -638.092656 -0.499620 -0.657119 0.564424 0.851895 -0.490831 0.182646 0.157017 0.572084 0.805025
-2.742029 -72.825611 6.966670 2671.033603 -0.346730 -0.418317 0.839518 0.830230 0.279611 0.482219 -0.436459 0.864192 0.250349
-2.800606 -74.193475 -238.992660 1478.679025 -0.358865 -0.399646 0.843504 0.831196 0.274312 0.483596 -0.424651 0.874663 0.233744
-3.201973 -78.039390 -116.442375 2251.326912 -0.367049 -0.416429 0.831782 0.736980 0.415414 0.533191 -0.567570 0.808714 0.154422
-3.828984 -83.904463 59.581655 5188.258178 -0.344809 -0.424317 0.837294 0.728624 0.441374 0.523733 -0.591789 0.790660 0.156978
-3.285490 -71.709167 86.727266 3260.537025 -0.333407 -0.431148 0.838422 0.822909 0.300884 0.481964 -0.460066 0.850635 0.254479
-6.504880 -58.761852 -263.515066 534.289014 0.906900 -0.130107 0.400754 -0.418818 -0.382381 0.823636 -0.046080 0.914799 0.401273
-8.085359 -57.462060 -195.467066 774.868580 0.917969 -0.168518 0.359075 -0.396502 -0.364919 0.842389 0.010924 0.915661 0.401802
-6.205772 -61.222705 -251.910728 358.941349 0.918505 -0.120483 0.376607 -0.393200 -0.177753 0.902107 0.041746 0.976672 0.210641
-4.547651 -61.634349 -369.112235 864.171372 0.902450 -0.092393 0.420771 -0.425199 -0.347954 0.835544 -0.069211 0.932948 0.353296
-6.143174 -62.160981 -250.208501 -141.162597 0.924450 -0.124275 0.360482 -0.358119 0.041649 0.932747 0.130930 0.991373 0.006003
-4.879113 -65.652543 -186.309709 -48.550481 0.926489 -0.095047 0.364121 -0.361710 0.042089 0.931340 0.103847 0.994583 -0.004616
-4.328568 -64.371786 -240.480867 389.951913 0.915815 -0.087818 0.391882 -0.401220 -0.157577 0.902326 0.017489 0.983594 0.179546
-1.140235 -77.670116 84.679703 2089.392342 0.154033 0.523421 -0.838036 0.981843 -0.176123 0.070462 -0.110716 -0.833673 -0.541046
-0.644261 -81.509375 33.662678 1001.339370 0.195848 0.514580 -0.834776 0.937583 -0.347715 0.005626 -0.287369 -0.783774 -0.550561
-1.613585 -81.620269 -663.790243 2218.705359 0.137116 0.519461 -0.843421 0.985742 -0.155392 0.064547 -0.097531 -0.840246 -0.533361
-0.641888 -76.506979 640.678275 1341.716271 0.212847 0.513372 -0.831352 0.933535 -0.358038 0.017914 -0.288459 -0.779909 -0.555458
-0.754475 -75.408004 -322.415301 2825.780946 0.109453 0.522925 -0.845322 0.990669 0.012089 0.135751 0.081206 -0.852293 -0.516722
-1.490601 -72.590855 431.379318 1814.957131 0.167953 0.523495 -0.835311 0.978314 -0.192702 0.075939 -0.121213 -0.829951 -0.544508
-1.838468 -72.364212 134.526596 1779.730394 0.111296 0.529261 -0.841128 0.992036 -0.008940 0.125638 0.058976 -0.848412 -0.526041
-4.096251 -129.241852 -104.086414 -6310.796221 -0.480334 -0.365701 0.797209 -0.335570 0.916399 0.218189 -0.810353 -0.162716 -0.562895
-3.138291 -119.211243 -643.209988 -5471.881936 -0.506746 -0.376862 0.775360 -0.501211 0.860558 0.090699 -0.701424 -0.342658 -0.624972
-3.078132 -118.252740 22.364921 -8536.258461 -0.469047 -0.381899 0.796334 -0.528099 0.843997 0.093702 -0.707888 -0.376593 -0.597555
-16.476038 -27.227922 455.259964 -11.509873 -0.695613 0.563335 -0.445843 0.144076 -0.498594 -0.854779 0.703821 0.658831 -0.265665
-14.462216 -26.312213 -1058.130695 -17.671619 0.757536 -0.539976 0.366831 -0.085807 0.474698 0.875956 0.647129 0.695045 -0.313267
-14.602293 -26.422061 -603.561104 104.894095 0.727294 -0.596418 0.339600 -0.152884 0.341589 0.927331 0.669081 0.726362 -0.157253
-14.801053 -27.029755 -312.180007 -167.568948 -0.658883 0.614481 -0.433920 0.231476 -0.383227 -0.894179 0.715745 0.689602 -0.110264
-12.949345 -25.906838 -576.916364 232.834196 0.755153 -0.604423 0.253804 -0.163343 0.201465 0.965780 0.634872 0.770769 -0.053409
-13.098229 -26.137703 115.767829 373.091831 0.688369 -0.627521 0.363822 -0.265406 0.248895 0.931456 0.675062 0.737746 -0.004783
-8.512708 -522.301682 3068.605357 -128541.951848 -0.057198 -0.411931 0.909418 -0.520484 0.789629 0.324935 -0.851954 -0.454752 -0.259569
-4.451911 -231.391699 89.232462 -67613.800213 -0.080456 -0.444063 0.892376 -0.526310 0.779224 0.340304 -0.846478 -0.442287 -0.296408
97.133718 -4031.601296 -8343.072342 -978018.176084 -0.168990 -0.320123 0.932182 -0.540907 0.820754 0.183800 -0.823931 -0.473163 -0.311856
-19.101303 -473.821702 -2765.216134 -110588.813603 -0.082491 -0.397165 0.914032 -0.300376 0.884416 0.357187 -0.950247 -0.245089 -0.192255
-32.520927 -1170.209091 3601.027258 -282388.753030 -0.044266 -0.341903 0.938692 -0.059150 0.938862 0.339175 -0.997267 -0.040510 -0.061784
6.042803 -79.030555 -385.270927 -647.048314 0.164120 0.469416 -0.867590 -0.001836 0.879660 0.475599 0.986439 -0.076462 0.145232
6.133532 -79.130891 -469.725814 126.544609 0.168147 0.467065 -0.868088 -0.227321 0.875264 0.426894 0.959193 0.125554 0.253347
7.186417 -79.819128 -181.842202 -389.865622 0.129495 0.470269 -0.872971 -0.017938 0.881351 0.472122 0.991418 -0.045478 0.122567
39.983970 -42.506818 7672.872276 -1343.715902 -0.693057 0.488530 -0.530103 0.720860 0.463878 -0.514954 -0.005668 -0.739023 -0.673656
26.990527 -51.252663 -3669.069769 2080.071015 0.753453 -0.458941 0.470831 0.654457 0.454642 -0.604141 -0.063206 -0.763331 -0.642909
45.013415 -42.426939 -6988.269388 4942.335163 0.781907 -0.393357 0.483624 0.622994 0.465229 -0.628841 -0.022363 -0.792989 -0.608825
55.802174 -31.433623 10034.054488 -1931.664330 -0.697264 0.423262 -0.578508 0.715673 0.456583 -0.528530 0.040431 -0.782548 -0.621276
50.402482 -36.139316 8730.249844 -4253.376239 -0.616080 0.473166 -0.629730 0.781194 0.469450 -0.411525 0.100907 -0.745473 -0.658853
-1.514233 -36.886015 -151.925963 -824.758436 0.761631 -0.042572 0.646611 0.640781 -0.099166 -0.761292 -0.096532 -0.994160 0.048249
-1.359155 -42.247620 -91.474052 -639.209016 0.798937 -0.052167 0.599148 0.601011 0.105781 -0.792210 0.022051 -0.993020 -0.115866
-2.319293 -40.862832 -168.174704 -700.642634 0.793506 -0.044187 0.606956 0.607296 0.121791 -0.785085 0.039231 -0.991572 -0.123476
2715.248373 -8217.518179 1424023.579571 3381257.999840 -0.215718 0.422006 0.880555 0.900856 -0.261910 0.346211 0.376729 0.867937 -0.323667
533.271280 -4974.837918 554308.733517 164909.197215 -0.490282 0.481543 0.726457 0.807362 -0.063051 0.586678 0.328315 0.874151 -0.357867
-71.588359 -902.903467 116063.052227 -159663.939500 -0.181638 0.634561 0.751226 0.962187 0.272377 0.002569 -0.202987 0.723287 -0.660040
63.394114 -803.426430 16853.939003 212803.792775 -0.132997 0.987545 0.084060 -0.975309 -0.145491 0.166144 -0.176305 0.059888 -0.982512
-14.932828 -54.486922 977.814905 15139.855999 -0.409822 0.660193 0.629437 0.460700 0.745377 -0.481840 -0.787275 0.092513 -0.609623
-9.066131 -476.983532 2908.137130 112997.352176 -0.412524 0.650156 0.638060 0.409850 0.758006 -0.507395 -0.813540 0.052196 -0.579162
-9.405366 -261.426849 -380.096993 45038.286014 -0.426781 0.594687 0.681327 0.336070 0.803723 -0.491005 -0.839592 0.019422 -0.542870
-11.004522 -298.645348 -1789.943657 62239.020794 -0.374939 0.528311 0.761780 0.340641 0.842754 -0.416808 -0.862198 0.103216 -0.495945
-7.917346 -52.478811 -170.475761 8932.494034 -0.383089 0.653134 0.653192 0.442283 0.750506 -0.491046 -0.810943 0.100781 -0.576380
-18.852354 -140.630715 -3323.671831 -4324.807027 -0.551809 0.401909 0.730736 0.328912 0.910070 -0.252169 -0.766370 0.101199 -0.634378
-32.583717 -184.652765 -2954.902200 24903.729419 -0.467220 0.609941 0.640060 0.352491 0.792416 -0.497823 -0.810837 -0.006977 -0.585231
-60.186731 -232.151144 -7153.721461 15991.264574 -0.421083 0.585503 0.692730 0.437987 0.800053 -0.409979 -0.794265 0.130771 -0.593331
-31.744699 -44.811372 -117.159046 -531.342739 -0.120874 -0.669234 -0.733154 0.923159 0.195725 -0.330860 0.364919 -0.716811 0.594152
-30.411837 -43.425780 -261.872494 -635.348331 -0.030361 -0.773006 -0.633672 0.913749 0.235500 -0.331063 0.405143 -0.589068 0.699183
-30.506470 -42.542236 -153.150888 -791.558287 0.019678 -0.673923 -0.738540 0.974512 0.178035 -0.136492 0.223471 -0.717030 0.660249
-31.466052 -43.476235 -158.380280 -1119.703872 -0.107015 -0.573039 -0.812511 0.981012 0.072091 -0.180053 0.161752 -0.816351 0.554443
-28.897828 -73.401479 -229.624752 -15490.324157 0.475537 0.005206 0.879680 -0.399026 0.892468 0.210424 -0.783991 -0.451080 0.426479
-9.977235 -65.361911 2833.244744 -12064.167966 0.419284 0.301502 0.856328 -0.462421 0.882639 -0.084350 -0.781260 -0.360618 0.509497
-5.069639 -69.004338 1551.721114 -16098.547194 0.409092 0.328278 0.851397 -0.541963 0.838058 -0.062725 -0.734112 -0.435765 0.520757
-9.441079 -23.593574 1716.312943 -530.288442 -0.268068 -0.912205 0.309873 0.919669 -0.146493 0.364348 -0.286965 0.382650 0.878197
-7.119001 -22.540654 1241.024979 -757.066271 -0.185769 -0.915480 0.356911 0.919949 -0.034426 0.390522 -0.345228 0.400887 0.848591
-5.272354 -23.523501 1974.028104 -504.298891 -0.380823 -0.894694 0.233445 0.858961 -0.248850 0.447503 -0.342285 0.370940 0.863275
-9.994818 -24.897902 1999.162602 -591.230334 -0.447748 -0.866216 0.221792 0.859133 -0.348017 0.375201 -0.247817 0.358544 0.900018
-14.232973 -24.168310 796.756895 -124.757179 -0.212929 -0.909128 0.357976 0.956440 -0.119054 0.266550 -0.199709 0.399139 0.894877
-4.548116 -29.076793 -292.155742 517.088957 0.909401 -0.166185 0.381277 0.036328 -0.881467 -0.470847 -0.414330 -0.442040 0.795570
-4.838508 -31.794506 -257.150807 -568.747270 0.911972 -0.152118 0.381008 0.030083 0.951012 0.307688 -0.409147 -0.269141 0.871872
-2.916082 -29.746680 -146.810096 -621.964197 0.905240 -0.159430 0.393855 -0.033408 0.897360 0.440033 -0.423584 -0.411494 0.807000
-5.845713 -30.680016 -321.341923 -553.760573 0.920668 -0.145645 0.362157 0.011005 0.937100 0.348887 -0.390191 -0.317223 0.864361
-2.471920 -28.203157 -214.624831 188.648739 0.902318 -0.180826 0.391311 0.086437 -0.813431 -0.575203 -0.422317 -0.552840 0.718343
-4.071005 -27.673965 -287.928986 133.926235 0.909506 -0.190015 0.369721 0.080971 -0.791396 -0.605918 -0.407730 -0.581022 0.704393
-5.526121 -28.085327 -274.188361 480.198641 0.920166 -0.175741 0.349872 0.030278 -0.858987 -0.511101 -0.390357 -0.480891 0.785090
-2.500263 -45.350581 -106.001212 530.238196 0.911576 -0.367539 0.184242 0.262809 0.176302 -0.948604 -0.316166 -0.913144 -0.257305
-2.722936 -46.884839 134.997362 495.062568 0.909690 -0.365483 0.197196 0.274570 0.173068 -0.945864 -0.311569 -0.914587 -0.257789
-1.998108 -43.875972 103.247644 612.215614 0.918492 -0.358270 0.167380 0.306804 0.378581 -0.873239 -0.249488 -0.853416 -0.457642
-2.675505 -40.423575 -157.383093 665.933602 0.932150 -0.334539 0.138495 0.261144 0.356229 -0.897165 -0.250800 -0.872459 -0.419422
-3.028080 -43.100405 -148.700831 391.360035 0.919017 -0.348126 0.184977 0.241972 0.127703 -0.961843 -0.311221 -0.928709 -0.201598
-1.567067 -41.379291 -96.035961 744.187435 0.926578 -0.350585 0.136171 0.283595 0.413461 -0.865231 -0.247035 -0.840322 -0.482528
-5.476608 -64.806754 313.496552 -5201.736076 0.858763 -0.504493 0.089510 -0.185369 -0.468773 -0.863649 -0.477665 -0.725078 0.496083
-5.901220 -67.456745 673.093801 -4543.444946 0.844409 -0.535605 0.010032 -0.243334 -0.400177 -0.883542 -0.477244 -0.743630 0.468244
-9.859479 -80.087422 523.650950 -3836.406791 0.837208 -0.545185 0.043070 -0.075201 -0.192772 -0.978358 -0.541689 -0.815850 0.202389
-1.478106 -50.735990 373.775314 -3483.341205 0.859878 -0.499151 0.107044 -0.275172 -0.629807 -0.726377 -0.429989 -0.595140 0.678910
0.016799 -49.361058 191.884040 -2953.646418 0.874565 -0.441021 0.201584 -0.162749 -0.658566 -0.734714 -0.456781 -0.609747 0.647734
0.765704 -31.486392 -270.340653 251.077049 0.962570 -0.269574 0.028090 0.241634 0.806592 -0.539465 -0.122768 -0.526060 -0.841539
1.078225 -30.309728 -501.035859 -3.928086 0.965113 -0.261835 -0.000383 0.241132 0.889370 -0.388428 -0.102044 -0.374785 -0.921479
-0.547752 -30.010492 -343.759084 -96.689063 0.963639 -0.266569 0.018469 0.245704 0.856802 -0.453344 -0.105024 -0.441398 -0.891144
-0.843956 -31.101697 -438.890817 77.809664 0.962064 -0.272358 0.015955 0.228305 0.771679 -0.593624 -0.149366 -0.574746 -0.804585
-1.033464 -33.964093 -248.418553 581.737593 0.957182 -0.285072 0.050360 0.239547 0.682306 -0.690706 -0.162540 -0.673196 -0.721380
0.096008 -34.449583 88.939506 686.535295 0.954248 -0.286883 0.084309 0.269707 0.704056 -0.656935 -0.129105 -0.649618 -0.749218
-34.111366 -53.317899 -1137.426891 703.596043 0.423588 -0.528650 -0.735596 0.593938 -0.451055 0.666174 -0.683967 -0.719082 0.122924
-35.427950 -55.837660 -579.464465 7.400843 0.492821 -0.466546 -0.734481 0.560977 -0.474904 0.678065 -0.665156 -0.746191 0.027679
-35.814412 -53.819624 -664.200394 2356.586269 0.437574 -0.446734 -0.780358 0.686655 -0.394305 0.610760 -0.580546 -0.803090 0.134215
5.367323 -24.106515 -73.687998 1226.921709 0.834325 -0.300153 0.462396 0.282226 -0.487958 -0.825982 -0.473551 -0.819637 0.322404
5.573725 -24.757438 886.916146 992.868345 0.862001 -0.289620 0.416023 0.240921 -0.488015 -0.838927 -0.445996 -0.823384 0.350894
4.033324 -19.417910 261.536284 973.748776 0.845110 -0.300404 0.442207 0.298439 -0.421180 -0.856470 -0.443536 -0.855783 0.266291
2.928759 -19.578023 -553.651595 1152.665744 0.814504 -0.314671 0.487408 0.331919 -0.436301 -0.836344 -0.475829 -0.842985 0.250924
-7.070965 -109.830870 -24.434058 9370.523105 0.797690 0.563831 -0.213976 0.023689 0.325243 0.945334 -0.602603 0.759152 -0.246086
-6.243191 -116.911772 -535.731921 1426.493014 0.786189 0.569244 -0.240560 -0.117978 0.520355 0.845761 -0.606621 0.636547 -0.476255
-7.521879 -121.671857 360.861532 6017.158560 0.786688 0.581716 -0.206708 -0.047645 0.391041 0.919139 -0.615509 0.713227 -0.335343
-7.723947 -105.014136 -76.990010 12609.602673 0.794317 0.576391 -0.191919 0.129729 0.147692 0.980488 -0.593490 0.803716 -0.042539
-6.294250 -104.526388 449.398566 13114.083388 0.821927 0.535577 -0.193888 0.100524 0.198659 0.974900 -0.560652 0.820787 -0.109445
-5.524457 -73.010766 306.154210 786.094928 0.864577 0.495635 0.082782 -0.124894 0.371521 -0.919986 0.486732 -0.785060 -0.383110
-7.165663 -71.974311 538.839658 -443.877972 0.874743 0.476209 0.089720 -0.098339 0.355740 -0.929397 0.474504 -0.804160 -0.358011
-4.939268 -72.468175 526.256953 -302.724606 0.861393 0.499920 0.089903 -0.204961 0.504044 -0.839006 0.464750 -0.704287 -0.536644
-3.199273 -70.732981 252.661252 773.872752 0.855990 0.510110 0.084076 -0.226658 0.516448 -0.825777 0.464658 -0.687801 -0.557695
-3.016491 -69.870224 406.342325 77.913835 0.850084 0.521069 0.076455 -0.314334 0.618483 -0.720189 0.422554 -0.588189 -0.689552
-4.586754 -73.813154 484.142390 -684.453324 0.855834 0.511898 0.074222 -0.303407 0.613031 -0.729477 0.418918 -0.601792 -0.679966
7.813529 -55.838900 -1207.851792 -8171.653676 0.801580 0.494738 -0.335713 -0.456784 0.144462 -0.877769 0.385768 -0.856951 -0.341786
9.759803 -45.881196 1335.694033 -5808.086063 0.734010 0.589695 -0.336882 -0.487879 0.112778 -0.865595 0.472444 -0.799713 -0.370480
7.193490 -66.901591 -219.775594 -7163.876740 0.786596 0.531099 -0.314962 -0.514600 0.281949 -0.809748 0.341253 -0.799024 -0.495083
-10.164193 -24.421098 -55.148700 690.202184 0.661600 -0.264692 0.701587 0.678539 0.609569 -0.409891 -0.319170 0.747238 0.582894
-9.709357 -26.883159 196.069614 -436.793264 0.690983 -0.235196 0.683538 -0.605126 -0.705464 0.368976 -0.395430 0.668583 0.629787
-10.440417 -26.885993 45.358608 -324.353115 0.676404 -0.288908 0.677502 -0.649818 -0.667104 0.364292 -0.346718 0.686662 0.638970
63.577036 -1040.257172 8377.825327 296573.147278 0.819567 0.563221 -0.105318 0.406029 -0.441178 0.800314 -0.404290 0.698673 0.590259
6.214435 -324.630436 441.649792 -266.838553 0.819942 0.566543 -0.082004 0.500252 -0.639503 0.583766 -0.278287 0.519677 0.807770
8.559214 -495.975041 -1694.560224 -12879.964553 0.776240 0.621963 -0.103018 0.345307 -0.282737 0.894887 -0.527460 0.730220 0.434240
58.857399 -24.834611 -12505.612484 -584.755122 -0.642127 0.197336 -0.740764 0.719382 -0.178772 -0.671215 -0.264883 -0.963898 -0.027165
15.817053 -23.354606 -6666.390876 -1028.523305 -0.616246 0.138496 -0.775280 0.745118 -0.216246 -0.630901 -0.255028 -0.966466 0.030065
29.012716 -24.774648 -8524.508586 -604.932567 -0.614789 0.114943 -0.780271 0.772131 -0.113957 -0.625162 -0.160775 -0.986814 -0.018691
75.710895 -24.337193 -16425.633231 1124.541400 -0.637513 0.163242 -0.752947 0.760443 -0.023605 -0.648976 -0.123713 -0.986304 -0.109088
1.709130 -25.860783 -2820.303416 -103.661085 -0.613517 0.141232 -0.776949 0.780902 -0.037794 -0.623509 -0.117423 -0.989255 -0.087101
27.844523 -24.636699 -9057.875156 306.153866 -0.630361 0.098513 -0.770026 0.773621 -0.002657 -0.633643 -0.064468 -0.995132 -0.074537
-7.967837 -22.531263 1188.770025 -345.252309 0.805926 -0.589529 0.054203 -0.521903 -0.664276 0.535122 0.279464 0.459557 0.843034
-9.200699 -21.872120 56.314134 -509.814453 0.737186 -0.649674 0.185689 -0.617156 -0.535517 0.576489 0.275090 0.539578 0.795726
-11.218831 -23.776424 -170.205632 -243.579172 0.709866 -0.674612 0.202457 -0.669347 -0.556660 0.492041 0.219237 0.484797 0.846703
12.879020 -21.598126 -2839.841090 25.382979 -0.619066 -0.080159 0.781238 0.784050 -0.006101 0.620668 -0.044986 0.996763 0.066626
0.844678 -22.531564 2341.451381 374.149587 0.710885 0.087198 -0.697882 0.703300 -0.083498 0.705972 -0.003288 0.992685 0.120684
10.014881 -21.503255 -2316.105789 -72.358749 -0.615645 -0.103117 0.781248 0.788018 -0.084190 0.609868 0.002885 0.991100 0.133089
-2628.281816 -7085.076505 735325.882085 3883356.717718 -0.193392 -0.078609 -0.977967 0.740590 -0.665496 -0.092958 -0.643526 -0.742250 0.186918
-8213.666889 -17762.641563 -1976859.324220 -6526700.477931 -0.265423 0.962910 -0.048538 -0.387254 -0.060370 0.919994 -0.882941 -0.262984 -0.388914
535.519750 -2404.655435 49424.073062 678322.979395 0.919191 0.032964 -0.392431 -0.313983 0.662821 -0.679767 -0.237704 -0.748052 -0.619609
220.000226 -3016.351007 -86080.051659 -1053568.390700 0.488853 0.872319 0.009076 0.278018 -0.165647 0.946186 -0.826879 0.460022 0.323497
-130.656792 -481.104536 52749.970549 -41654.254201 0.600684 -0.155779 -0.784163 0.798876 0.155256 0.581113 0.031221 -0.975514 0.217708
-4102.051576 -14767.541881 -330553.308362 4424870.726016 0.052729 0.967092 0.248902 0.937779 -0.133617 0.320494 -0.343205 -0.216516 0.913965
2.527270 -210.950369 -304.180658 -49861.650901 0.951959 0.287257 0.106102 0.232001 -0.450396 -0.862160 0.199873 -0.845356 0.495402
3.425990 -44.567690 59.443993 -5487.279813 0.961696 0.261002 0.083776 0.215031 -0.528762 -0.821080 0.170006 -0.807644 0.564632
1.781897 -80.627873 -834.600449 -16335.577119 0.960894 0.257894 0.100867 0.219727 -0.488383 -0.844513 0.168533 -0.833650 0.525951
-5.182092 -58.251707 1489.276404 -5607.038925 0.962838 0.269495 -0.017767 0.120606 -0.487892 -0.864532 0.241655 -0.830262 0.502263
-1.664007 -317.147572 -4297.718973 -60331.079850 0.974488 0.223655 0.018742 0.118465 -0.441639 -0.889337 0.190628 -0.868869 0.456867
3.226710 -306.727829 1748.332511 -65649.209209 0.831241 0.441195 -0.338208 0.162500 0.388972 0.906805 -0.531631 0.808732 -0.251635
22.224588 -1472.012058 1973.098874 -333435.090568 0.858242 0.460779 -0.226062 0.184672 0.133719 0.973661 -0.478871 0.877384 -0.029670
9.173377 -269.426135 1387.440118 -46980.065760 0.824511 0.464309 -0.323419 0.056980 0.500533 0.863840 -0.562970 0.730674 -0.386238
7.393957 -307.807921 2516.209319 -89395.568286 0.833310 0.426023 -0.352278 0.064368 0.558143 0.827244 -0.549046 0.712026 -0.437684
-27.651635 -59.151821 784.311512 5256.983274 -0.438177 0.510257 -0.740026 0.645576 0.751503 0.135919 0.625486 -0.418187 -0.658701
-33.821688 -49.940427 -253.700134 1698.429217 -0.572002 0.156617 -0.805161 0.524774 0.824299 -0.212471 0.630417 -0.544062 -0.553689
-32.875271 -58.288726 -77.287724 2715.041004 -0.384459 0.457269 -0.801933 0.739242 0.672805 0.029235 0.552913 -0.581583 -0.596698
-28.077598 -44.599977 -69.418964 1701.915700 -0.620963 -0.141232 -0.771011 0.280304 0.878579 -0.386689 0.732007 -0.456237 -0.505977
-8.373451 -37.189650 4659.453027 -9016.507746 0.831325 0.035570 0.554648 0.362364 0.721990 -0.589425 0.421416 -0.690988 -0.587319
-7.706635 -51.451012 -2940.648420 -3487.354578 -0.739719 0.161552 -0.653236 0.431492 0.858784 -0.276233 0.516363 -0.486201 -0.704967
-14.212125 -58.373317 -900.382232 2052.725998 -0.823767 0.174156 -0.539516 0.295957 0.943786 -0.147231 0.483547 -0.280958 -0.829003
-24.472412 -45.297423 519.876767 -758.212189 0.832129 -0.011549 0.554462 -0.543835 -0.212865 0.811746 -0.108651 0.977013 0.183412
-23.154646 -45.618286 478.258045 -471.519900 0.802482 0.086021 0.590443 -0.573105 -0.164267 0.802849 -0.166052 0.982658 0.082522
-25.292648 -45.610658 552.212196 -687.964223 0.818699 0.037254 0.573014 -0.533475 -0.319862 0.783002 -0.212456 0.946731 0.241997
-25.182234 -44.656583 -24.065978 -279.011231 0.819927 -0.078870 0.567009 -0.552760 -0.366724 0.748311 -0.148916 0.926981 0.344283
-25.241104 -47.030129 -539.518439 547.845422 0.808382 -0.108508 0.578570 -0.584679 -0.262078 0.767766 -0.068321 0.958927 0.275301
-25.763180 -51.999163 -1991.589410 2730.787185 0.546067 0.373233 -0.750005 0.832255 -0.139402 0.536580 0.095717 -0.917204 -0.386748
-18.413648 -51.519937 -2792.679470 1463.620674 0.607486 0.283941 -0.741848 0.793140 -0.267923 0.546942 -0.043459 -0.920649 -0.387965
60.755089 -26.856257 -5342.834587 -937.552836 0.921600 -0.359219 0.147021 0.373904 0.719994 -0.584641 -0.104159 -0.593777 -0.797860
49.301723 -28.526577 -12520.218310 -341.453619 0.870440 -0.486485 -0.075278 0.354133 0.725034 -0.590691 -0.341941 -0.487502 -0.803379
0.625731 -39.622099 -115.542338 1172.045427 0.773584 -0.105592 0.624834 0.326879 -0.778221 -0.536210 -0.542879 -0.619049 0.567503
0.260365 -37.942329 31.374950 637.204875 0.766649 -0.076129 0.637537 0.351319 -0.781379 -0.515773 -0.537423 -0.619396 0.572298
1.463255 -43.789850 -33.505844 -651.687055 0.770489 -0.066637 0.633961 -0.258069 0.876768 0.405805 -0.582878 -0.476274 0.658343
-0.420096 -35.677929 -8.005929 663.106187 0.769442 -0.095280 0.631570 0.419609 -0.670087 -0.612300 -0.481547 -0.736142 0.475613
0.662135 -47.263029 83.639971 -1400.455012 0.778216 -0.091599 0.621280 -0.237629 0.872795 0.426335 -0.581302 -0.479415 0.657456
-0.294511 -35.926850 -208.475982 1165.729288 0.776127 -0.125453 0.617971 0.393642 -0.669211 -0.630240 -0.492619 -0.732405 0.470009
-0.237337 -41.566153 -27.375418 1914.442750 0.782399 -0.131288 0.608781 0.303925 -0.772727 -0.557245 -0.543581 -0.621012 0.564680
2.005535 -87.276612 -132.404547 1236.512595 0.835435 -0.313815 0.451186 0.177787 -0.622494 -0.762164 -0.520039 -0.716953 0.464260
8.171033 -20.151655 -432.743640 890.403893 -0.644119 -0.485345 0.591229 0.727594 -0.627261 0.277759 0.236046 0.609085 0.757164
6.711255 -19.097038 -163.559795 1619.320951 -0.644838 -0.485289 0.590490 0.715612 -0.654716 0.243404 0.268482 0.579518 0.769465
3.039335 -15.097147 -1648.514733 685.774956 -0.364583 -0.688810 0.626595 0.872222 -0.488237 -0.029214 0.326050 0.535878 0.778798
4.477456 -22.348505 734.148671 1145.874713 -0.388660 -0.712324 0.584413 0.869111 -0.494027 -0.024158 0.305924 0.498530 0.811097
2.488503 -15.126340 -671.743400 2052.604880 -0.633098 -0.483768 0.604281 0.709219 -0.675305 0.202413 0.310154 0.556715 0.770632
-1.975368 -80.778299 -171.854095 466.614901 -0.369834 -0.398098 0.839488 0.784835 0.349717 0.511597 -0.497249 0.848066 0.183104
-2.125565 -73.111594 -228.172294 2315.718334 -0.339878 -0.387724 0.856828 0.902451 0.121967 0.413167 -0.264699 0.913671 0.308448
-1.428643 -79.548639 -93.740699 2022.087314 -0.354624 -0.389919 0.849826 0.851056 0.241805 0.466083 -0.387227 0.888534 0.246094
-2.110298 -63.891289 -38.703593 2759.759981 -0.311122 -0.396900 0.863524 0.945107 -0.033722 0.325017 -0.099879 0.917242 0.385605
-1.944280 -66.450674 -135.768249 3163.746626 -0.310349 -0.386586 0.868467 0.949830 -0.088793 0.299899 -0.038823 0.917969 0.394748
-1.448559 -72.407311 -288.867942 2872.313354 -0.334387 -0.374560 0.864806 0.919999 0.069302 0.385744 -0.204418 0.924609 0.321421
-8.474352 -56.284115 -96.252405 164.666283 0.908749 -0.181732 0.375699 -0.412953 -0.521782 0.746467 -0.060376 0.833497 0.549216
2.180014 -80.575531 47.325557 2300.021004 0.841022 -0.276197 0.465185 0.127343 0.936766 0.325965 -0.525800 -0.214906 0.823013
1.605139 -86.547193 222.597936 -1096.193737 0.855464 -0.259154 0.448354 0.171414 0.958675 0.227067 -0.488671 -0.117393 0.864534
0.673348 -89.692975 314.356645 90.068414 0.860500 -0.272724 0.430304 0.163237 0.947711 0.274222 -0.482591 -0.165726 0.860024
1.829821 -88.034434 137.913076 -4187.556799 0.859867 -0.228033 0.456759 0.210982 0.973448 0.088804 -0.464881 0.020008 0.885147
0.869028 -95.498233 271.153902 -3570.790705 0.864210 -0.250679 0.436236 0.210533 0.967657 0.138978 -0.456965 -0.028264 0.889035
-0.405122 -85.819070 -368.136372 812.159933 0.179537 0.514649 -0.838393 0.943157 -0.332341 -0.002037 -0.279681 -0.790370 -0.545062
0.306904 -84.047830 2.661095 -310.647588 0.229406 0.499086 -0.835635 0.859289 -0.507089 -0.066961 -0.457161 -0.702690 -0.545188
0.626027 -78.930177 788.479758 -300.932429 0.249819 0.498812 -0.829926 0.855320 -0.515450 -0.052339 -0.453893 -0.696777 -0.555413
-4.654083 -134.568503 49.856577 -6299.309174 -0.498083 -0.351936 0.792499 -0.297637 0.927797 0.224956 -0.814448 -0.123830 -0.566869
-3.093901 -130.447528 -429.343101 -9509.388316 -0.515337 -0.345151 0.784410 -0.484551 0.872308 0.065490 -0.706851 -0.346338 -0.616776
-5.863852 -138.643441 -111.704689 -6149.075827 -0.485498 -0.347596 0.802165 -0.109906 0.934547 0.338441 -0.867302 0.076150 -0.491923
-5.817897 -142.760958 96.846649 -3844.254854 -0.498426 -0.333040 0.800410 -0.060687 0.934406 0.351003 -0.864805 0.126375 -0.485943
-4.020020 -142.834801 -100.247353 -6393.813034 -0.510564 -0.326137 0.795587 -0.256092 0.940960 0.221385 -0.820818 -0.090713 -0.563941
-15.571719 -27.226033 975.411822 145.751000 -0.735420 0.486257 -0.471923 -0.093699 0.616785 0.781535 0.671101 0.618975 -0.408034
-12.360566 -26.164105 -1011.089060 149.130254 0.774487 -0.460854 0.433339 -0.076357 0.611910 0.787233 0.627964 0.642791 -0.438727
45.720491 -142.707668 -11440.582860 -28558.476256 -0.417274 0.659162 0.625610 0.062660 0.707636 -0.703793 -0.906618 -0.254474 -0.336581
176.231895 -110.169294 -31328.300882 15941.611293 -0.539209 0.740205 0.401684 -0.361428 -0.634195 0.683495 -0.760673 -0.223367 -0.609495
-4.349556 -77.821433 4892.729816 -8950.243993 -0.436242 0.416079 0.797854 -0.001766 0.886275 -0.463157 -0.899827 -0.203458 -0.385896
21.508449 -527.861069 -17434.149924 -85102.092709 -0.544025 0.196384 0.815763 0.190894 0.975698 -0.107581 -0.817066 0.097197 -0.568293
-21.585265 -64.322214 316.560674 16366.335058 -0.266815 0.925296 -0.269513 -0.269246 0.196949 0.942718 -0.925374 -0.324096 -0.196584
-17.352274 -25.879572 3172.188919 -8068.256997 -0.095787 -0.378611 0.920586 -0.450867 0.841030 0.298979 -0.887437 -0.386423 -0.251263
-12.499397 -26.286519 347.956371 -428.082163 -0.166013 -0.704922 0.689583 0.914462 -0.371754 -0.159872 0.369052 0.604056 0.706340
-10.530707 -28.961950 291.923965 -887.625505 -0.218847 -0.706989 0.672512 0.892172 -0.424086 -0.155499 0.395139 0.565966 0.723566
-12.350920 -28.955388 -24.419871 -1679.998788 -0.270023 -0.624398 0.732949 0.849657 -0.512625 -0.123685 0.452957 0.589358 0.668945
27.886416 -52.996354 -3321.489560 825.318704 0.793215 -0.405993 0.453850 0.592770 0.344182 -0.728123 -0.139406 -0.846587 -0.513670
19.609353 -63.385574 240.293332 -402.283889 0.738583 -0.489588 0.463463 0.657219 0.369736 -0.656779 -0.150192 -0.789683 -0.594847
3.851572 -9.199218 -721.270947 -630.201384 0.688397 -0.493713 0.531373 0.637990 0.760676 -0.119756 0.345077 -0.421450 -0.838631
1.033927 -9.961323 -778.704080 404.590516 0.713396 -0.479154 0.511350 0.615660 0.777087 -0.130763 0.334708 -0.408103 -0.849366
3.877741 -9.242952 -943.996436 605.322150 0.730460 -0.452041 0.511944 0.597479 0.786084 -0.158401 0.330827 -0.421582 -0.844288
-419.318095 -1858.710500 23133.733731 -436873.973540 -0.594091 0.778621 0.202005 -0.092523 0.183315 -0.978690 0.799059 0.600121 0.036866
-421.061969 -2094.556536 217065.782531 622373.571948 -0.457575 0.775206 0.435524 0.728011 0.045401 0.684060 0.510514 0.630075 -0.585133
-400.335645 -1907.730473 175031.011286 -64201.567455 -0.428415 0.674513 0.601243 0.888210 0.436582 0.143107 -0.165964 0.595339 -0.786147
33.808945 -147.899971 -7113.209126 5848.404866 -0.173606 0.920378 0.350380 -0.612521 -0.379505 0.693393 -0.771155 0.094238 -0.629635
-14.424497 -258.874847 -903.076857 74505.384103 -0.500979 0.497241 0.708358 0.359661 0.864069 -0.352178 -0.787187 0.078335 -0.611719
78.554888 -1209.653945 -27249.224333 311362.378321 -0.507579 0.341104 0.791209 0.151744 0.939333 -0.307616 -0.848138 -0.036078 -0.528546
-59.753416 -252.034594 -5997.275678 31506.654120 -0.415332 0.682270 0.601671 0.221501 0.717360 -0.660555 -0.882291 -0.141079 -0.449066
-30.237976 -178.518885 -3298.416506 22733.991964 -0.504583 0.645780 0.573031 0.098846 0.702566 -0.704720 -0.857686 -0.298947 -0.418336
-31.005125 -45.476743 -228.570031 -70.068280 -0.139819 -0.778164 -0.612300 0.826226 0.249114 -0.505265 0.545711 -0.576544 0.608109
-29.340643 -44.111896 397.916036 -539.101469 0.040107 0.863315 0.503070 0.829296 0.252086 -0.498720 0.557369 -0.437196 0.705833
-28.894779 -41.936492 -505.957435 -790.884177 0.056025 -0.857127 -0.512050 0.905235 0.259961 -0.336108 0.421201 -0.444695 0.790466
-3.416629 -20.897730 -1292.870489 -691.182832 0.214785 0.915894 -0.339125 0.883975 -0.034663 0.466247 -0.415278 0.399921 0.817072
-3.578326 -32.771564 -64.409783 -691.362911 0.908363 -0.163371 0.384951 0.052709 0.957919 0.282159 -0.414848 -0.236012 0.878749
-4.653355 -34.554991 -167.946367 -413.743115 0.918575 -0.133877 0.371883 0.098213 0.988691 0.113334 -0.382850 -0.067582 0.921335
-5.588883 -33.318573 -286.363277 -321.443947 0.926353 -0.115845 0.358399 0.065729 0.986647 0.149022 -0.370876 -0.114489 0.921598
-2.850906 -48.774433 46.546647 320.530635 0.892721 -0.393655 0.219281 0.217615 -0.049489 -0.974779 -0.394579 -0.917925 -0.041485
-2.721023 -47.750064 62.147426 184.448849 0.898248 -0.391076 0.200525 0.277650 0.151277 -0.948697 -0.340678 -0.907841 -0.244467
-2.648116 -49.752670 -191.260570 327.798674 0.879400 -0.420751 0.222765 0.232369 -0.029056 -0.972194 -0.415524 -0.906711 -0.072217
-2.572034 -50.018738 -150.988473 112.437839 0.876745 -0.414209 0.244437 0.144830 -0.257267 -0.955426 -0.458631 -0.873066 0.165567
-8.833299 -76.303707 549.032496 -1669.966991 0.815386 -0.578916 0.001098 -0.081315 -0.116407 -0.989867 -0.573178 -0.807035 0.141991
-1.794115 -54.116235 547.374701 -4714.945268 0.848029 -0.528417 0.040284 -0.344566 -0.607536 -0.715663 -0.402643 -0.593023 0.697283
-1.915366 -60.885423 -454.752897 -4989.612837 0.809392 -0.587267 -0.001492 -0.359996 -0.494149 -0.791340 -0.463991 -0.641041 0.611374
-4.508974 -67.036469 6.556925 -2274.959359 0.808398 -0.587527 -0.036114 -0.237399 -0.269275 -0.933345 -0.538641 -0.763088 0.357160
-1.126985 -30.173629 -325.412218 -55.461094 0.961861 -0.272426 0.024655 0.266648 0.913705 -0.306664 -0.061016 -0.301542 -0.951499
6.517808 -28.239805 339.810466 1073.625704 0.851963 -0.300923 0.428490 0.202469 -0.565357 -0.799611 -0.482871 -0.767996 0.420735
4.226415 -28.535728 1088.698394 926.610735 0.871174 -0.301278 0.387668 0.164135 -0.565448 -0.808287 -0.462726 -0.767789 0.443154
4.620456 -25.112402 361.652067 657.588740 0.871186 -0.288343 0.397359 0.214825 -0.503882 -0.836632 -0.441459 -0.814225 0.377031
-5.128557 -128.553014 114.080217 -2606.769998 -0.786228 -0.566463 0.246910 -0.267428 0.672132 0.690450 -0.557071 0.476820 -0.679937
-7.448308 -72.008537 420.211586 931.854928 0.873750 0.482860 0.058375 -0.047373 0.203937 -0.977837 0.484063 -0.851620 -0.201064
-8.510874 -67.687279 530.855310 -117.182460 0.886082 0.460036 0.056789 -0.035264 0.189062 -0.981332 0.462185 -0.867538 -0.183748
-7.836999 -70.834237 514.821308 -1953.403761 0.885323 0.454748 0.096988 -0.071931 0.340021 -0.937663 0.459379 -0.823158 -0.333739
11.374445 -35.393210 1472.525062 418.934164 0.732322 0.569472 -0.373373 -0.448856 -0.008648 -0.893562 0.512087 -0.821966 -0.249277
4.257599 -42.579413 1967.645554 4005.431113 0.741098 0.621568 -0.253824 -0.365779 0.056765 -0.928969 0.563009 -0.781301 -0.269425
8.170626 -38.820346 2011.839846 -2323.810455 0.718068 0.611618 -0.332118 -0.453884 0.049777 -0.889669 0.527606 -0.789586 -0.313347
-10.339873 -28.057798 -118.221220 164.324803 0.648630 -0.358891 0.671176 0.679251 0.670794 -0.297747 -0.343362 0.649025 0.678874
-9.361427 -27.756683 6.549888 -329.722392 0.694774 -0.276664 0.663887 -0.593166 -0.742433 0.311365 -0.406748 0.610123 0.679931
-8.522418 -27.309661 11.688785 93.949330 0.683404 -0.334694 0.648798 -0.603602 -0.758940 0.244285 -0.410637 0.558561 0.720685
-9.519955 -28.620098 -114.574950 -131.867242 0.626438 -0.420454 0.656349 0.691444 0.688466 -0.218905 -0.359834 0.590959 0.722002
-10.909001 -30.162961 -112.556460 -341.480540 0.558249 -0.476380 0.679280 0.780108 0.580131 -0.234265 -0.282472 0.660689 0.695485
-11.426173 -29.963948 -126.102046 -646.473945 0.537438 -0.456334 0.709168 0.803183 0.533282 -0.265531 -0.257016 0.712298 0.653126
-11.845178 -28.196786 -79.718591 -179.531587 0.591468 -0.391269 0.705035 0.751536 0.584326 -0.306198 -0.292165 0.710965 0.639662
8.995334 -251.248422 1604.221342 -7349.085381 0.853084 0.506857 -0.123871 0.509757 -0.758953 0.405139 -0.111335 0.408762 0.905825
37.260879 -1464.756699 2085.199949 416838.385433 0.807292 0.584309 -0.082834 0.587292 -0.809228 0.015419 0.058022 0.061096 0.996444
5.628134 -263.399920 -777.286599 8030.902248 0.818496 0.573516 -0.033816 0.534941 -0.739332 0.408933 -0.209528 0.352800 0.911938
-60.048990 -1972.991355 5367.960770 -1752841.279740 0.929442 0.364369 0.058073 -0.286406 0.613246 0.736139 -0.232613 0.700831 -0.674334
-316.338858 -1710.375257 55388.593035 189332.643375 0.948772 0.311418 0.053400 -0.159305 0.617432 -0.770325 0.272863 -0.722355 -0.635412
-940.886773 -2421.868969 159152.782135 -496944.680266 0.944901 0.315593 0.086967 -0.149150 0.651533 -0.743814 0.291405 -0.689859 -0.662705
