19300
38592
-67.402793 -105.067989 -1047.581176 22291.309566 -0.619664 0.114559 0.776461 0.135865 0.990012 -0.037637 -0.773018 0.082172 -0.629040
-64.526686 -111.557170 1889.635677 21647.667011 -0.683863 -0.024253 0.729207 -0.008945 0.999651 0.024859 -0.729556 0.010477 -0.683841
-79.617987 -126.561948 -593.623618 13482.111681 -0.615269 0.230326 0.753919 0.082964 0.969973 -0.228625 -0.783939 -0.078118 -0.615903
-58.072326 -90.957156 307.952120 16602.421036 -0.690485 -0.182636 0.699910 -0.036045 0.975086 0.218881 -0.722448 0.125906 -0.679865
-69.272600 -140.345463 422.276314 35562.603916 -0.538672 0.446236 0.714637 0.271055 0.894911 -0.354490 -0.797723 0.002752 -0.603018
-56.630427 -98.754540 4614.582014 29356.893972 -0.542042 0.270428 0.795650 0.298014 0.947129 -0.118888 -0.785734 0.172673 -0.593975
-51.104903 -78.648767 331.221584 13527.270240 -0.661012 -0.264329 0.702277 -0.031066 0.944739 0.326348 -0.749732 0.193903 -0.632695
278.670684 -158.291181 46737.315569 4077.794344 -0.343655 0.749098 0.566351 0.929440 0.357570 0.091025 -0.134324 0.557670 -0.819122
280.281285 -144.700561 11434.943770 -10126.643489 -0.368892 0.706133 0.604396 0.929292 0.267405 0.254775 0.018287 0.655645 -0.754848
251.319607 -132.310691 60265.338631 -8030.874429 -0.325862 0.591410 0.737596 0.929827 0.341581 0.136906 -0.170982 0.730449 -0.661218
237.947587 -134.251296 89051.971445 20072.658096 -0.248590 0.547136 0.799278 0.931800 0.360404 0.043097 -0.264483 0.755481 -0.599414
-2.328023 -181.721064 81504.553753 -6788.305183 -0.308974 -0.535762 0.785808 0.552699 0.571249 0.606794 -0.773989 0.621799 0.119614
-5.454536 -1226.104249 -32837.801346 -837583.605027 -0.569489 -0.318936 0.757603 0.191567 0.844786 0.499639 -0.799365 0.429671 -0.419998
14.836830 -129.877759 8209.168515 -52946.125645 -0.532077 -0.449935 0.717254 0.306181 0.687546 0.658432 -0.789397 0.569946 -0.228066
29.042530 -225.992692 -31388.393544 -166096.306558 -0.691554 -0.478983 0.540673 0.066475 0.703140 0.707938 -0.719259 0.525519 -0.454419
-106.493581 -160.643130 -133.504988 11768.950337 0.615355 -0.241872 0.750225 0.423401 -0.701380 -0.573409 -0.664884 -0.670496 0.329188
-103.856974 -163.627535 100.905910 11023.916331 0.708494 -0.182805 0.681630 0.382827 -0.711849 -0.588824 -0.592858 -0.678124 0.434358
-106.472371 -167.892728 -2065.148149 2690.751179 0.647140 -0.235846 0.724974 -0.257993 0.827090 0.499361 -0.717391 -0.510194 0.474396
-105.368097 -166.128933 818.497406 3349.679969 0.567242 -0.319981 0.758847 -0.235640 0.819849 0.521845 -0.789120 -0.474827 0.389653
60.840470 -77.596931 15993.136905 -2408.727147 -0.736909 0.637951 0.223570 0.473538 0.723185 -0.502758 -0.482417 -0.264618 -0.835015
53.184345 -77.172986 22105.791109 -3571.636561 -0.721335 0.642822 0.257789 0.517375 0.747581 -0.416468 -0.460433 -0.167040 -0.871836
47.437065 -77.319020 16637.693718 -234.847295 -0.682103 0.674732 0.281909 0.506092 0.713853 -0.484030 -0.527832 -0.187487 -0.828397
62.337839 -77.455504 28999.979925 726.208782 -0.693298 0.669897 0.265661 0.448967 0.689864 -0.567905 -0.563708 -0.274454 -0.779044
-40.147174 -82.717340 -2600.892550 -4026.807274 0.791621 0.564593 -0.233604 0.087404 0.273755 0.957820 -0.604729 0.778648 -0.167362
-34.636459 -80.681002 -3559.718563 -2933.047500 0.746369 0.601230 -0.285403 0.103026 0.319288 0.942041 -0.657509 0.732514 -0.176365
-33.102953 -82.310684 -6370.819815 -2614.303640 0.739996 0.607740 -0.288200 0.176935 0.237502 0.955137 -0.648923 0.757790 -0.068220
-35.560284 -80.593413 -352.108033 573.818279 0.808352 0.556048 -0.193333 0.137473 0.141031 0.980414 -0.572423 0.819097 -0.037561
-10.760101 -69.880729 -550.844517 -3763.535094 -0.461645 -0.431438 0.775078 0.775195 0.228543 0.588931 -0.431226 0.872714 0.228942
-9.363683 -79.975873 193.640390 9022.329601 -0.438379 -0.438895 0.784344 0.835054 0.123879 0.536041 -0.332429 0.889958 0.312195
-11.434912 -80.045310 567.860366 12207.345162 -0.486904 -0.438065 0.755661 0.827796 0.044623 0.559252 -0.278708 0.897835 0.340902
-8.406555 -69.801824 3534.437194 -7888.887208 -0.433063 -0.455552 0.777772 0.767152 0.266733 0.583379 -0.473217 0.849309 0.233966
-5.641408 -76.306186 -2029.047660 7598.876554 -0.500928 -0.428772 0.751815 0.799474 0.103509 0.591715 -0.331530 0.897463 0.290941
-10.346115 -69.335053 803.272321 -16592.404215 -0.462192 -0.443783 0.767747 0.694739 0.356837 0.624504 -0.551105 0.822024 0.143386
-6.572755 -71.902444 -6265.892337 -12459.403287 -0.491149 -0.407985 0.769624 0.741927 0.267010 0.615020 -0.456416 0.873071 0.171553
-9.940281 -66.607949 -1720.161222 -15930.961289 -0.450493 -0.413139 0.791437 0.709522 0.372384 0.598255 -0.541880 0.831052 0.125375
3.448212 -73.857374 -4327.514455 1864.906592 0.704993 0.370814 -0.604551 -0.266739 0.928471 0.258441 0.657142 -0.020942 0.753476
3.900372 -73.632390 -1384.200305 893.235892 0.685423 0.403123 -0.606372 -0.356127 0.911959 0.203727 0.635113 0.076306 0.768641
7.017869 -74.856603 -3603.778052 811.543554 0.693897 0.391008 -0.604665 -0.265250 0.919475 0.290186 0.669439 -0.040972 0.741736
6.648506 -75.053479 -5228.037565 4133.545269 0.707245 0.362911 -0.606713 -0.202630 0.926241 0.317834 0.677308 -0.101848 0.728616
10.963616 -69.373354 -5348.316937 -3683.222583 0.697780 0.396923 -0.596285 -0.175495 0.901797 0.394923 0.694482 -0.170925 0.698913
10.970196 -75.833505 75.570495 1209.037203 0.679184 0.405261 -0.611941 -0.252174 0.911835 0.323984 0.689287 -0.065729 0.721500
67.067663 -159.117964 -30139.353483 11732.793565 -0.504814 0.398955 0.765505 0.860213 0.158437 0.484697 0.072088 0.903179 -0.423168
54.398655 -149.020119 -38002.176765 12414.850472 -0.455810 0.449330 0.768336 0.859975 -0.000278 0.510337 0.229523 0.893366 -0.386286
104.912421 -137.149068 -53737.987831 18105.171888 -0.506787 0.426235 0.749327 0.814904 -0.046714 0.577710 0.281245 0.903405 -0.323666
15.007242 -308.442705 -4636.873852 25652.133880 0.330973 -0.200534 -0.922086 0.763891 -0.516752 0.386573 -0.554010 -0.832319 -0.017845
6.825658 -291.043011 -8879.136401 18308.051674 0.316030 -0.235853 -0.918966 0.746488 -0.536003 0.394280 -0.585561 -0.810601 0.006669
11.242010 -256.714302 -6623.900012 46388.146786 0.349932 -0.240550 -0.905364 0.895810 -0.196748 0.398514 -0.273992 -0.950487 0.146639
6.160816 -315.689439 6221.642644 6649.704184 -0.303163 0.180848 0.935621 -0.552833 0.766341 -0.327258 -0.776188 -0.616454 -0.132348
19.455926 -274.902023 -5165.067990 44057.426237 0.356872 -0.211140 -0.909979 0.874277 -0.267650 0.404972 -0.329062 -0.940097 0.089078
20.881572 -317.585471 -6505.463344 35053.493428 0.331192 -0.213119 -0.919180 0.810140 -0.435177 0.392803 -0.483720 -0.874758 0.028529
15.023089 -336.047315 1842.323845 1683.904113 -0.310332 0.165118 0.936178 -0.601692 0.728314 -0.327910 -0.735976 -0.665052 -0.126669
11.888314 -126.654706 7432.507118 -19241.051768 0.701624 0.248225 -0.667914 -0.337459 -0.709817 -0.618289 0.627571 -0.659200 0.414259
-3.558087 -125.073579 23297.584335 18310.382371 0.677434 0.287908 -0.676898 0.324514 0.708854 0.626272 0.660131 -0.643921 0.386772
8.412264 -145.992751 5798.117206 -17165.412111 0.700431 0.236976 -0.673230 -0.460099 -0.571187 -0.679746 0.545624 -0.785868 0.291044
4.058151 -102.829075 7087.089029 15829.049964 0.690530 0.241829 -0.681679 0.230092 0.820052 0.523997 0.685730 -0.518685 0.510628
18.227472 -145.146826 8525.114858 -16956.875572 0.683586 0.247861 -0.686495 -0.472663 -0.566362 -0.675147 0.556147 -0.786002 0.270002
11.117525 -106.098752 211.577166 14053.075486 0.706242 0.234212 -0.668108 0.247343 0.802600 0.542821 0.663358 -0.548615 0.508899
26.633150 -150.830926 5464.561698 -11835.943318 0.982179 0.179797 0.054749 -0.076604 0.648963 -0.756954 0.171628 -0.739270 -0.651171
31.636849 -132.056012 9693.774850 -17540.706831 0.979653 0.174933 0.098378 0.002235 0.480640 -0.876915 0.200686 -0.859293 -0.470469
18.726262 -151.207494 28744.170129 -13524.873863 0.962385 0.251561 0.102625 -0.059824 0.564671 -0.823145 0.265021 -0.786043 -0.558480
12.544133 -159.660578 20596.820809 -1511.029887 0.966305 0.246742 0.073297 -0.138651 0.738877 -0.659421 0.216865 -0.627039 -0.748192
14.282734 -157.131799 3179.414634 -2716.339075 0.981661 0.185260 0.044943 -0.125579 0.805811 -0.578704 0.143426 -0.562447 -0.814298
20.257197 -155.576924 -13352.642628 -13797.480415 0.995012 0.092465 0.037435 -0.041974 0.728503 -0.683756 0.090495 -0.678774 -0.728750
30.128240 -139.976516 -7541.894424 -7301.324567 0.990872 0.127962 0.042398 -0.052750 0.657500 -0.751606 0.124054 -0.742509 -0.658248
1.741201 -141.955608 2498.090419 -8482.415754 0.330945 -0.322067 -0.886988 0.844607 0.520297 0.126212 0.420849 -0.790926 0.444210
-1.736333 -141.515026 3339.058469 -14042.992412 0.352081 -0.297153 -0.887547 0.847504 0.503642 0.167576 0.397210 -0.811200 0.429161
1.952973 -127.176483 1091.977241 -19356.126472 0.348432 -0.315496 -0.882642 0.897955 0.382425 0.217781 0.268835 -0.868455 0.416551
5.579484 -137.872134 1906.868322 -13354.334174 0.354447 -0.315228 -0.880340 0.863906 0.470657 0.179300 0.357817 -0.824083 0.439151
4.240759 -146.167510 4307.831754 -11926.748248 0.337338 -0.305256 -0.890518 0.827464 0.547229 0.125871 0.448895 -0.779333 0.437189
3.584113 -125.895994 -96.835176 -14234.631010 0.384596 -0.325401 -0.863829 0.899224 0.343468 0.270972 0.208523 -0.880990 0.424705
0.425543 -175.964941 1774.709637 15961.586780 -0.315995 0.150644 0.936725 0.003697 0.987502 -0.157563 -0.948754 -0.046326 -0.312603
-1.895780 -183.864345 -5481.744470 38609.897039 -0.336366 0.168337 0.926564 0.001256 0.983973 -0.178311 -0.941731 -0.058814 -0.331186
0.486024 -157.728451 -1274.922180 1664.431545 -0.320405 0.113535 0.940452 0.055304 0.993340 -0.101078 -0.945665 0.019625 -0.324550
23.394701 -180.580340 -1385.334488 4106.730646 -0.611939 -0.280349 0.739551 0.675328 -0.671908 0.304091 0.411658 0.685525 0.600494
47.707309 -181.287209 -20423.949023 -16369.169253 0.679946 0.207904 -0.703171 0.627851 -0.660446 0.411842 0.378783 0.721517 0.579600
24.303516 -186.754709 -7475.586370 15152.144812 0.638495 0.228246 -0.735002 0.554478 -0.798729 0.233638 0.533741 0.556719 0.636541
-1.285326 -311.440707 -4475.509736 -80988.722602 0.991621 0.076462 0.104125 -0.037125 -0.603352 0.796610 -0.123734 0.793801 0.595458
-0.640210 -308.285980 -5817.900845 -71308.591017 0.991852 0.054430 0.115185 -0.046870 -0.684821 0.727203 -0.118463 0.726676 0.676689
-3.716947 -249.454142 -4390.899672 -67614.308022 0.993855 0.051485 0.097983 -0.066822 -0.426624 0.901957 -0.088240 0.902962 0.420562
-2.427521 -246.669076 -4178.376643 -59179.994902 0.993723 0.075686 0.082376 -0.052764 -0.332210 0.941728 -0.098642 0.940164 0.326131
-4.006000 -321.565775 5424.131247 -71697.552270 0.996355 0.052306 0.067381 -0.034915 -0.470651 0.881628 -0.077827 0.880768 0.467110
-16.371518 -334.312594 8074.766946 26109.434916 0.996729 0.004855 -0.080672 -0.023176 -0.939098 -0.342868 0.077423 -0.343616 0.935913
-20.249409 -336.904866 1802.621296 -10906.587724 0.998947 0.025793 -0.037940 0.023548 -0.998011 -0.058479 0.039373 -0.057524 0.997567
-21.753770 -350.446289 -5919.632248 18256.819119 0.999283 -0.008686 0.036855 0.002546 -0.955720 -0.294266 -0.037779 -0.294149 0.955013
-21.931098 -347.733179 -2059.773702 -40054.567179 0.999754 0.022119 -0.001835 0.022188 -0.993948 0.107591 -0.000556 0.107605 0.994194
-14.660305 -76.841659 -6491.927113 -1053.481089 0.786480 -0.615033 -0.056415 0.043192 0.145891 -0.988357 -0.616103 -0.774887 -0.141305
-18.483473 -77.081286 -10326.950883 2636.624589 0.774888 -0.617853 -0.133437 0.049735 0.270043 -0.961563 -0.630138 -0.738468 -0.239982
-29.476612 -77.565079 419.988915 3619.841507 0.787780 -0.612317 0.066864 0.190949 0.139568 -0.971627 -0.585612 -0.778196 -0.226870
-13.258234 -74.955234 -2172.940487 -621.889021 0.790670 -0.606727 0.081998 0.115099 0.015762 -0.993229 -0.601326 -0.794754 -0.082296
2.483638 -76.152749 -12383.450217 -2687.386315 0.776394 -0.621776 -0.102985 -0.046444 0.106515 -0.993226 -0.628534 -0.775918 -0.053820
76.720428 -935.765572 52486.263502 62104.328374 0.946955 -0.241913 -0.211550 0.194242 -0.093570 0.976481 0.256018 0.965776 0.041617
86.143580 -1274.230306 34636.154503 -781677.320777 0.956888 -0.126223 -0.261598 0.289617 0.483105 0.826276 -0.022085 0.866416 -0.498834
37.052255 -1801.884210 40850.611414 -1122672.543606 0.942521 -0.313252 -0.116308 0.218449 0.314253 0.923864 0.252853 0.896169 -0.364619
30.902467 -1318.000805 52820.696754 683539.203819 0.891210 -0.361365 -0.274152 0.147523 -0.340628 0.928552 0.428931 0.867979 0.250262
17.691642 -1046.956464 40019.120551 -590507.390717 0.922427 -0.302352 -0.240232 0.382239 0.626316 0.679427 0.054965 0.718548 -0.693302
24.713896 -2554.530995 49479.096860 -1993007.870857 0.928067 -0.320236 -0.190109 0.290810 0.304283 0.907106 0.232641 0.897140 -0.375523
-21.891679 -1383.282750 15883.305124 -417112.818983 0.921452 -0.379045 -0.085158 0.074943 -0.041653 0.996318 0.381196 0.924440 0.009975
24.704296 -57.069603 -24385.119137 9031.907255 -0.383807 0.525501 0.759303 -0.543928 0.535829 -0.645778 -0.746213 -0.660861 0.080180
-0.387303 -49.408621 -2340.230464 -10621.848609 -0.419404 0.590972 0.689095 0.478546 -0.501121 0.721021 -0.771424 -0.632163 0.072635
7.703288 -40.438252 -7383.680130 -10970.469176 -0.438595 0.598714 0.670205 0.414118 -0.527220 0.741988 -0.797584 -0.602976 0.016702
-7.405441 -60.556733 -5848.746518 -7499.790332 -0.379339 0.545621 0.747261 0.568481 -0.499771 0.653497 -0.730022 -0.672700 0.120593
39.684691 -49.309954 -27111.994732 -10552.567380 -0.402784 0.564812 0.720245 0.464602 -0.551823 0.692558 -0.788612 -0.613578 0.040148
-20.595238 -81.199517 385.584573 3295.719154 -0.376351 0.453835 0.807709 0.866572 0.480836 0.133606 -0.327740 0.750220 -0.574244
-5.574137 -79.970568 11134.474756 5501.631974 -0.300627 0.432668 0.849954 0.890617 0.446183 0.087880 -0.341212 0.783402 -0.519476
-18.660064 -79.759099 2832.380457 9672.911486 -0.373202 0.428570 0.822829 0.890612 0.413926 0.188352 -0.259868 0.803115 -0.536167
-23.072936 -77.833157 -144.939847 6487.422109 -0.387536 0.458343 0.799836 0.888547 0.416839 0.191651 -0.245561 0.784963 -0.568800
-12.240159 -72.865411 7187.189678 7500.399940 -0.311473 0.447127 0.838488 0.931226 0.319326 0.175640 -0.189218 0.835528 -0.515838
-19.713353 -108.223102 7524.233137 62.174898 0.996796 0.076578 -0.023121 -0.054607 0.862640 0.502862 -0.058453 0.499988 -0.864058
-22.968467 -112.041610 428.347428 3260.748928 0.993657 0.064498 -0.092117 0.001391 0.812052 0.583584 -0.112443 0.580010 -0.806811
-13.081560 -107.014849 10109.314940 665.338241 0.991401 0.130003 0.014971 -0.111403 0.778417 0.617783 -0.068660 0.614139 -0.786206
-3.861092 -181.206213 1691.975347 12457.536472 -0.359924 0.239604 0.901690 -0.399778 0.833632 -0.381098 -0.842990 -0.497642 -0.204256
-1.436886 -192.773418 10775.220382 6655.085558 -0.309554 0.253977 0.916336 -0.421384 0.827239 -0.371633 -0.852415 -0.501170 -0.149053
-2.337660 -173.643926 5974.187258 11726.626025 -0.319533 0.227022 0.919978 -0.267876 0.909632 -0.317510 -0.908923 -0.347895 -0.229844
-2.703246 -20.930259 71.303387 -2928.916450 0.801163 0.284017 0.526756 -0.508203 0.787694 0.348235 0.316018 0.546693 -0.775410
-3.763750 -20.046806 -181.036034 -2541.732286 0.855808 0.199506 0.477274 -0.416068 0.813707 0.405918 0.307378 0.545966 -0.779384
-0.204189 -24.543965 -295.341063 -1979.679973 0.835657 0.230530 0.498531 -0.461824 0.786232 0.410558 0.297315 0.573320 -0.763484
-1.211797 -24.811357 153.170662 -2164.147711 0.778472 0.315192 0.542803 -0.549567 0.760058 0.346825 0.303246 0.568300 -0.764903
2.504481 -27.519258 846.288997 -949.386069 0.804200 0.276139 0.526317 -0.522012 0.751565 0.403304 0.284193 0.599080 -0.748557
2.889930 -27.984124 1103.474314 -2525.089338 0.861879 0.177365 0.475085 -0.418754 0.777320 0.469488 0.286022 0.603586 -0.744228
-4157.332880 -7674.417647 -715553.647272 5246320.066258 -0.578797 -0.451320 0.679194 -0.092562 0.863862 0.495151 -0.810202 0.223724 -0.541775
-143.917924 -2667.638229 855883.491873 -866683.995435 0.454787 0.874884 0.166574 -0.669772 0.212708 0.711450 -0.587004 0.435125 -0.682709
-595.815942 -1418.272929 352158.708612 -1008710.858984 0.677597 0.731370 -0.077199 0.735143 -0.676538 0.043146 -0.020672 -0.085988 -0.996082
-58.887952 -1219.706849 -11186.736902 661342.758900 0.544678 0.727803 0.416687 0.516289 -0.682542 0.517284 -0.660887 0.066622 0.747522
-20.237792 -961.178822 2482.718226 633032.880278 0.497613 0.781995 0.375320 0.582294 -0.621866 0.523657 -0.642896 0.042032 0.764799
-13.007100 -171.321449 -4090.726792 88178.388285 0.543601 0.752702 0.371400 0.605305 -0.658099 0.447786 -0.581467 0.018607 0.813357
67.519854 -4244.827320 -63666.068652 2608962.515040 0.484593 0.811821 0.325755 0.637303 -0.582749 0.504230 -0.599178 0.036742 0.799772
43.546973 -1299.586917 4792.379058 -838526.205379 0.415884 -0.224728 -0.881214 -0.116502 0.947837 -0.296701 0.901925 0.226057 0.368009
31.696289 -1017.686202 2460.040368 -552446.891982 0.408915 -0.189582 -0.892663 0.076521 0.981861 -0.173473 0.909359 0.002629 0.416004
31.555637 -504.932066 -6106.335015 -290485.861971 0.422530 -0.215940 -0.880249 0.170981 0.972756 -0.156561 0.890075 -0.084354 0.447940
34.079167 -1197.424900 5389.319778 -724022.136468 0.402712 -0.234834 -0.884690 -0.236038 0.907197 -0.348253 0.884369 0.349066 0.309910
40.469463 -747.550079 -18303.274521 -500261.312159 0.469409 -0.095311 -0.877822 -0.005225 0.993840 -0.110702 0.882965 0.056552 0.466019
34.717621 -763.982525 -5465.494412 -348279.685426 0.469516 -0.155204 -0.869176 -0.438676 0.813320 -0.382196 0.766237 0.560734 0.313782
-10.696670 -68.843601 -5640.272090 18514.269580 -0.576490 -0.535709 0.616989 0.326470 0.541192 0.774937 -0.749051 0.648172 -0.137098
-6.956117 -65.826927 -8100.442158 1725.752989 -0.514494 -0.446284 0.732206 0.442254 0.593458 0.672472 -0.734648 0.669804 -0.107960
-10.097769 -69.168004 1241.132354 1476.311254 -0.538642 -0.514790 0.666975 0.377963 0.559864 0.737357 -0.753000 0.649264 -0.106994
-12.195189 -71.445981 -2822.068039 15903.071814 0.579733 0.574435 -0.577871 0.281399 0.524425 0.803613 -0.764673 0.628493 -0.142381
-9.130181 -71.819038 -7771.003938 2108.570085 0.556772 0.575433 -0.599067 0.315407 0.520727 0.793323 -0.768455 0.630650 -0.108431
-4.300236 -61.437461 6062.430865 -12774.884733 -0.526718 -0.534640 0.660854 0.383420 0.544429 0.746047 -0.758655 0.646341 -0.081769
-61.183781 -91.216531 -9149.476422 -2286.669421 0.928034 0.359359 0.098050 0.128346 -0.061379 -0.989828 0.349685 -0.931179 0.103084
-64.589546 -92.641728 -8444.742737 -2797.623677 0.944499 0.316692 0.087339 0.078387 0.040925 -0.996083 0.319026 -0.947645 -0.013829
-70.515625 -94.123947 556.269507 -652.501065 0.860565 0.403770 0.310479 0.268115 0.159175 -0.950146 0.433061 -0.900907 -0.028723
-1440.407171 -8061.527548 -170456.905892 5729984.295710 0.864502 0.039259 -0.501093 -0.454828 -0.363227 -0.813141 0.213933 -0.930873 0.296154
-174.143220 -1157.274001 15392.044368 721845.172997 0.828684 0.076277 -0.554494 -0.448739 -0.501577 -0.739631 0.334539 -0.861744 0.381421
-376.730819 -7191.916920 164146.327368 -4387328.315272 0.542633 -0.360876 -0.758497 0.836736 0.311390 0.450454 0.073630 -0.879093 0.470929
-445.708562 -1315.396139 -99278.616041 833540.268851 0.730840 -0.289277 -0.618217 -0.657523 -0.541402 -0.523973 0.183131 -0.789432 0.585884
22.526366 -11.853410 45.277190 2781.978870 -0.010019 -0.186172 -0.982466 0.984468 -0.174058 0.022944 -0.175277 -0.966977 0.185024
24.838728 -7.952028 -581.983232 3816.301485 -0.074265 -0.200184 -0.976940 0.985631 -0.163769 -0.041368 -0.151711 -0.965974 0.209470
19.009660 -6.780494 9016.229084 5173.419768 0.030784 -0.160602 -0.986539 0.986823 -0.151973 0.055533 -0.158846 -0.975249 0.153807
5.501301 -57.381834 -4060.917719 2469.437398 -0.556243 0.622183 0.550892 -0.089415 0.614253 -0.784027 0.826195 0.485368 0.286041
3.655766 -60.817061 2768.688316 2626.467885 0.561145 -0.618617 -0.549935 -0.030807 0.648331 -0.760735 0.827144 0.443824 0.344750
2.001230 -62.201359 -630.074377 2826.683820 0.558926 -0.613785 -0.557557 -0.053982 0.644030 -0.763093 0.827459 0.456610 0.326832
1.522722 -56.865579 -4273.132537 2047.531323 -0.564547 0.617995 0.547146 -0.086691 0.614824 -0.783885 0.820836 0.489973 0.293523
3.388123 -55.509138 2406.145141 3053.446678 -0.570000 0.626451 0.531657 -0.137512 0.565205 -0.813409 0.810056 0.536752 0.236023
4.251676 -53.046472 -2566.274441 2535.404752 -0.564729 0.623151 0.541077 -0.152448 0.565579 -0.810481 0.811074 0.540188 0.224400
-14.061567 -90.058267 -1969.845697 -14081.504726 0.737955 -0.619693 -0.267213 -0.674746 -0.670572 -0.308305 -0.011869 -0.407816 0.912987
-15.681228 -83.484791 -3244.874631 -161.806722 0.728276 -0.623238 -0.284937 -0.677793 -0.593782 -0.433612 -0.101053 -0.508917 0.854863
-14.958132 -90.451267 -785.320972 -16443.781914 0.749815 -0.601840 -0.274893 -0.661607 -0.686616 -0.301387 0.007359 -0.407856 0.913017
-18.692734 -68.752840 89.332277 -1560.253672 0.561720 -0.529767 -0.635466 0.385085 0.847238 -0.365919 0.732243 -0.039165 0.679916
-15.755560 -68.176148 -6261.176763 1124.044515 0.582571 -0.544075 -0.603816 0.326084 0.836948 -0.439530 0.744500 0.059163 0.664996
-16.421929 -68.462475 -9331.930888 -2743.437209 0.599584 -0.528421 -0.601058 0.384908 0.848865 -0.362316 0.701673 -0.014113 0.712360
-18.821966 -69.884543 1299.626763 2367.935839 0.543681 -0.552455 -0.631827 0.312050 0.831899 -0.458878 0.779125 0.052321 0.624681
-15.626201 -71.328449 -2980.719133 -501.884991 0.577019 -0.535714 -0.616489 0.428015 0.841218 -0.330386 0.695595 -0.073227 0.714693
-17.430037 -68.809952 4101.821373 -3420.698864 0.524724 -0.549964 -0.649773 0.474331 0.822713 -0.313293 0.706877 -0.143815 0.692562
-18.296456 -68.155486 2087.444947 -1188.912661 0.529181 -0.547467 -0.648265 0.398123 0.834887 -0.380082 0.749310 -0.056957 0.659766
3.833210 -69.229929 -1029.196886 13314.627320 0.799898 -0.571066 -0.184519 0.324531 0.670231 -0.667436 0.504820 0.473998 0.721445
2.785881 -62.266634 -1726.610019 6811.327052 0.812541 -0.552227 -0.186610 0.309980 0.680474 -0.663979 0.493650 0.481665 0.724092
4.653882 -71.260329 -1565.666912 -3907.843956 0.823955 -0.517759 -0.230269 0.252261 0.699030 -0.669120 0.507408 0.493237 0.706580
9.407479 -76.984236 -3572.027473 -5784.075851 0.820240 -0.520576 -0.237079 0.249182 0.698247 -0.671089 0.514892 0.491378 0.702448
6.576230 -77.960903 -1566.413223 13716.446218 0.789000 -0.587609 -0.179430 0.336895 0.658002 -0.673450 0.513791 0.470903 0.717126
3.629210 -75.888260 -668.229322 8597.900858 -0.745721 0.654556 0.124325 0.463007 0.643305 -0.609740 0.479088 0.397133 0.782790
-4.455252 -116.634569 -3045.489966 17333.425137 -0.667143 0.724563 0.173000 -0.094966 -0.313066 0.944971 -0.738852 -0.614002 -0.277669
-10.255681 -127.256458 -4929.916793 14044.987423 -0.663306 0.724895 0.185882 -0.118543 -0.347031 0.930332 -0.738900 -0.595060 -0.316119
-7.615170 -135.756469 -4302.516648 9387.775016 -0.677143 0.701016 0.223728 -0.199644 -0.467654 0.861070 -0.708252 -0.538401 -0.456622
-9.585914 -109.559128 -5320.685358 19966.089001 -0.659846 0.737902 0.141787 -0.015279 -0.201835 0.979300 -0.751245 -0.644021 -0.144454
-2.112503 -125.916302 -1448.349566 10416.137437 -0.673539 0.707059 0.215437 -0.179663 -0.439330 0.880177 -0.716985 -0.554127 -0.422938
-0.538520 -112.513658 -1076.328597 12074.033841 -0.665433 0.722393 0.188009 -0.115343 -0.348351 0.930241 -0.737493 -0.597327 -0.315127
-2.828803 -100.627890 -1780.443984 16842.801773 -0.664502 0.732814 0.146358 -0.039019 -0.229609 0.972500 -0.746267 -0.640518 -0.181169
-5.759684 -99.511168 -1861.955188 17704.083686 -0.657442 0.741872 0.131890 -0.017919 -0.190379 0.981547 -0.753292 -0.642947 -0.138457
-10.025164 -140.425059 -8756.971377 -9143.888946 0.736974 -0.623907 -0.260020 0.482607 0.755044 -0.443845 0.473245 0.201615 0.857549
-10.427272 -151.809873 -2968.093475 -16289.748282 0.700943 -0.647298 -0.299475 0.576099 0.761393 -0.297305 0.420463 0.035866 0.906601
-13.500111 -138.746963 4697.590234 -3668.800836 0.691352 -0.650425 -0.314611 0.472788 0.736523 -0.483742 0.546356 0.185691 0.816709
-9.291110 -166.219692 -11672.990336 -3420.956269 0.721933 -0.643996 -0.253145 0.569937 0.760866 -0.310249 0.392409 0.079702 0.916331
-11.137092 -148.474723 -1724.827104 20569.839474 0.735137 -0.614661 -0.285947 0.343482 0.701368 -0.624583 0.584461 0.360936 0.726726
-11.554269 -143.958872 -6767.964141 2634.863493 0.754028 -0.602062 -0.262609 0.408744 0.743052 -0.529907 0.514169 0.292225 0.806371
15.326490 -146.554105 3376.542831 -1684.520306 0.712977 -0.661033 -0.233877 -0.123038 0.210427 -0.969836 -0.690308 -0.720247 -0.068697
11.384665 -148.364098 1775.485382 -1203.387886 0.719903 -0.653756 -0.233116 -0.109549 0.224631 -0.968266 -0.685375 -0.722596 -0.090095
13.242823 -155.919094 -3702.494622 12685.462994 -0.715969 0.660116 0.227234 0.008201 -0.317513 0.948218 -0.698084 -0.680759 -0.221916
18.140611 -155.271682 -3983.781267 8499.895672 -0.696346 0.681866 0.223966 0.018772 -0.294649 0.955421 -0.717460 -0.669508 -0.192378
12.877157 -162.524781 -7158.555062 13385.924027 -0.708609 0.673167 0.211469 -0.131655 -0.420576 0.897654 -0.693210 -0.608244 -0.386650
9.249919 -161.602561 -2849.163116 14488.926169 -0.714342 0.657779 0.238835 -0.134911 -0.464335 0.875324 -0.686669 -0.593059 -0.420436
134.787104 -45.588488 35185.392107 -10165.167592 0.595140 -0.651672 -0.470246 0.773808 0.306796 0.554164 -0.216864 -0.693685 0.686856
126.116151 -46.216378 84244.692638 -2552.882074 0.577033 -0.528313 -0.622830 0.809459 0.268476 0.522204 -0.108672 -0.805485 0.582568
112.316743 -33.025186 17208.364963 -3856.313237 0.556542 -0.683547 -0.472254 0.789612 0.258386 0.556551 -0.258405 -0.682642 0.683540
134.375003 -37.006165 -35418.737516 -4524.728536 0.547187 -0.801239 -0.242078 0.757214 0.350623 0.551081 -0.356669 -0.484849 0.798566
103.343444 -31.865290 49711.687010 -11879.586137 0.544931 -0.579191 -0.606291 0.802701 0.151379 0.576850 -0.242327 -0.801013 0.547408
99.292849 -22.560429 539.396445 -5581.826559 0.500267 -0.707465 -0.499225 0.803371 0.164167 0.572403 -0.322999 -0.687417 0.650484
100.373949 -19.559269 -34604.133389 -3664.353748 0.510720 -0.797694 -0.320703 0.765927 0.252704 0.591183 -0.390540 -0.547563 0.740036
113.569193 -27.454018 -31338.445742 46.404328 0.537121 -0.791671 -0.291132 0.765489 0.312518 0.562458 -0.354298 -0.524966 0.773876
152.644841 -85.263638 76363.079153 -8837.991693 0.027003 0.912541 0.408093 0.770733 -0.278981 0.572835 -0.636585 -0.299062 0.710859
70.721452 -94.269632 81878.855733 -8852.141706 0.123108 0.941612 0.313385 0.797673 -0.281757 0.533227 -0.590392 -0.184334 0.785785
98.390394 -97.999950 87606.820835 2744.950621 0.135167 0.935121 0.327533 0.849908 -0.279343 0.446794 -0.509300 -0.217981 0.832525
67.835841 -44.761341 69166.760381 -46142.075745 0.160572 0.913289 0.374326 0.702827 -0.372070 0.606298 -0.693001 -0.165732 0.701629
1.073983 -213.587862 -5580.169643 -10795.215331 0.291017 -0.578604 0.761923 -0.475528 0.603572 0.639980 -0.830170 -0.548560 -0.099493
9.154909 -210.573061 -8870.717152 -10674.892433 0.271987 -0.580138 0.767765 -0.446009 0.630976 0.634780 -0.852701 -0.515082 -0.087130
4.775972 -212.049145 7347.993364 -26358.566582 -0.273694 0.581620 -0.766035 -0.571181 0.542511 0.615982 -0.773850 -0.606135 -0.183729
2.352230 -209.338447 5140.765568 -16949.090067 -0.276861 0.586408 -0.761232 -0.651212 0.468028 0.597388 -0.706591 -0.661117 -0.252297
-22.394553 -133.968048 1987.996702 -5899.365888 0.736927 -0.555070 -0.385792 0.657347 0.455399 0.600423 0.157587 0.696067 -0.700469
-21.764934 -138.273926 36.814618 -15251.447588 0.735391 -0.534304 -0.416795 0.653052 0.394605 0.646383 0.180896 0.747533 -0.639117
-23.017751 -139.967858 1052.584924 -11641.601155 0.737342 -0.557674 -0.381217 0.640650 0.398322 0.656435 0.214230 0.728244 -0.650974
-21.065534 -132.917429 4804.777876 1706.245080 0.736225 -0.546283 -0.399435 0.662490 0.461316 0.590166 0.138132 0.699116 -0.701539
-22.928879 -128.303139 3536.758121 4454.149764 0.729984 -0.565680 -0.383575 0.676936 0.521027 0.519893 0.094240 0.639169 -0.763271
-5.352388 -350.452010 -1226.916207 10093.494505 0.545098 -0.614062 0.570785 0.716986 0.694304 0.062227 -0.434510 0.375325 0.818738
-7.986234 -340.300202 908.217608 25373.654409 0.534338 -0.630118 0.563413 0.795246 0.600657 -0.082435 -0.286474 0.492100 0.822052
-6.941100 -332.797098 603.696248 63709.746687 0.530649 -0.625069 0.572451 0.837485 0.490656 -0.240573 -0.130502 0.607079 0.783852
-7.583359 -342.615107 -3660.403642 -35154.392084 0.535524 -0.614177 0.579656 0.608683 0.756495 0.239207 -0.585423 0.224726 0.778960
-6.072925 -314.204923 -2071.143875 50878.548913 0.543515 -0.602780 0.584164 0.809794 0.559733 -0.175874 -0.220963 0.568643 0.792351
-3.990762 -331.411044 14.142872 4336.216161 0.559369 -0.598569 0.573430 0.673076 0.731754 0.107263 -0.483813 0.325962 0.812203
-4.152779 -355.039484 -1652.758594 -40765.473086 0.551440 -0.608198 0.570972 0.482465 0.790879 0.376481 -0.680545 0.067867 0.729557
-0.126353 -228.986819 2469.780523 10144.528481 -0.372778 0.624037 -0.686741 -0.768027 -0.622829 -0.149059 0.520741 -0.471870 -0.711455
3.343376 -217.409252 -2187.526740 -10713.814407 -0.331924 0.634933 -0.697630 0.685785 0.670230 0.283707 0.647707 -0.384255 -0.657893
6.333301 -239.530796 -102.305258 -7612.214859 -0.343227 0.648290 -0.679644 0.610080 0.704052 0.363475 0.714142 -0.289882 -0.637158
0.312878 -363.876117 5440.810392 -79037.759730 0.549561 -0.665151 0.505526 0.362611 0.735030 0.572926 -0.752659 -0.131548 0.645135
3.382934 -304.549552 3203.919195 -51192.869671 0.561175 -0.644973 0.518741 0.219724 0.720327 0.657914 -0.798000 -0.255225 0.545945
5.576246 -292.399188 616.396501 -55358.942903 0.545882 -0.653219 0.524707 0.076184 0.662348 0.745313 -0.834391 -0.366879 0.411328
5.656321 -308.813141 889.600524 -59816.694540 -0.528080 0.677393 -0.512123 0.122630 0.657579 0.743338 -0.840293 -0.329740 0.430323
4.068312 -353.611053 2862.522255 -99637.852162 0.537089 -0.681290 0.497373 0.300782 0.705556 0.641655 -0.788077 -0.195025 0.583866
5.964437 -280.951257 3614.251561 -1091.264027 -0.518747 0.647105 -0.558710 -0.114718 0.594920 0.795556 -0.847196 -0.476787 0.234378
37.261644 -100.314857 20529.011600 -8478.464305 0.619694 -0.232474 -0.749623 -0.589329 -0.768624 -0.248816 0.518335 -0.595964 0.613315
35.889031 -90.034228 21831.696449 12078.604197 0.621948 -0.224147 -0.750292 0.528359 0.827298 0.190826 0.577942 -0.515108 0.632967
14.565998 -99.751804 19438.452814 -7997.395449 0.615396 -0.206784 -0.760611 -0.581244 -0.770835 -0.260710 0.532395 -0.602540 0.594560
-10.519550 -76.773418 4905.005563 2805.386444 -0.412837 0.243911 0.877538 0.827570 -0.301931 0.473251 0.380387 0.921599 -0.077205
-0.599194 -81.454062 -2399.153063 -5370.917573 -0.513528 0.311789 0.799422 0.784800 -0.206044 0.584496 0.346956 0.927541 -0.138883
-8.151121 -79.954857 -877.116997 17079.458231 -0.480064 0.282822 0.830392 0.744402 -0.369480 0.556193 0.464117 0.885153 -0.033159
7.007380 -81.369174 -3907.396835 -21830.106629 -0.461741 0.290320 0.838158 0.858032 -0.093383 0.505035 0.224891 0.952362 -0.205985
-14.789094 -73.240111 2612.607685 8294.211881 -0.452178 0.261298 0.852794 0.746719 -0.412003 0.522172 0.487797 0.872913 -0.008818
-17.557493 -72.995343 10779.045656 6099.123229 -0.351445 0.201970 0.914163 0.818420 -0.407879 0.404752 0.454616 0.890417 -0.021949
-21.530820 -76.757914 14528.333370 2460.120074 -0.282243 0.182171 0.941888 0.892976 -0.308939 0.327338 0.350617 0.933472 -0.075479
-1.901084 -79.430764 17085.753628 -6132.385909 -0.348754 0.171922 0.921311 0.906219 -0.188859 0.378284 0.239034 0.966838 -0.089934
12.223818 -40.633051 -9826.570780 6230.910551 -0.430251 0.865890 0.255183 -0.713454 -0.152989 -0.683796 0.553052 0.476265 -0.683597
24.974167 -42.100667 -18025.642684 5681.777159 -0.480065 0.853888 0.201031 -0.691688 -0.227505 -0.685426 0.539541 0.468100 -0.699841
8.459379 -32.678950 -10420.316521 4101.271494 -0.526820 0.835781 0.154697 -0.669133 -0.295574 -0.681833 0.524139 0.462716 -0.714963
-1.322584 -30.693131 -3609.632580 5841.945650 -0.400230 0.872547 0.280138 -0.742801 -0.129845 -0.656800 0.536715 0.470958 -0.700097
4.426381 -42.774355 -3936.411621 6258.089815 -0.336793 0.879604 0.335957 -0.737307 -0.024455 -0.675115 0.585618 0.475077 -0.656775
-8.966262 -171.589251 -8795.487600 4300.749673 -0.749473 0.593462 0.293417 0.244037 0.659647 -0.710853 -0.615416 -0.461161 -0.639214
-4.473913 -171.620073 -5551.317861 8613.679007 -0.737421 0.614496 0.280367 -0.152512 -0.555858 0.817167 -0.657990 -0.559837 -0.503619
-8.955156 -169.633816 -12123.628716 7825.358754 -0.749572 0.593191 0.293712 -0.103894 -0.543660 0.832850 -0.653719 -0.593766 -0.469141
-9.771339 -174.629271 -1619.337968 9005.991675 -0.729600 0.612894 0.303390 0.343007 0.711756 -0.612984 -0.591634 -0.343168 -0.729524
-12.661247 -167.013387 -5860.256259 12744.566499 -0.743668 0.588322 0.317545 0.355186 0.750082 -0.557870 -0.566392 -0.302083 -0.766776
-15.640644 -175.298945 818.571548 9448.800523 -0.711562 0.605362 0.356674 0.297661 0.719547 -0.627415 -0.636457 -0.340277 -0.692195
-25.965829 -56.907451 2499.537919 4204.412297 0.614236 -0.545249 -0.570454 -0.228145 0.569323 -0.789823 0.755423 0.615284 0.225303
-23.648222 -51.885952 3249.616717 1125.648669 0.583194 -0.518100 -0.625666 -0.313054 0.567374 -0.761632 0.749588 0.640046 0.168696
-28.256915 -56.671387 254.589692 2255.855006 0.616647 -0.490762 -0.615548 -0.310873 0.566558 -0.763132 0.723260 0.661940 0.196802
-24.542687 -50.825075 2159.248695 -322.710531 0.560356 -0.480967 -0.674294 -0.401142 0.554663 -0.728995 0.724628 0.678984 0.117873
-29.841891 -61.033582 702.071787 5803.165892 0.649922 -0.532208 -0.542546 -0.191097 0.576503 -0.794435 0.735584 0.619999 0.272978
-30.887791 -64.235461 -110.200318 1580.594092 0.661801 -0.486012 -0.570799 -0.262858 0.562621 -0.783813 0.702086 0.668768 0.244591
-27.732399 -55.263645 216.414117 852.820781 0.556409 -0.398136 -0.729313 0.461259 -0.582065 0.669657 0.691122 0.709005 0.140223
-28.161405 -59.313939 -1043.544165 1934.382871 0.612725 -0.419996 -0.669456 0.383127 -0.583036 0.716438 0.691218 0.695466 0.196329
-20.026592 -55.745099 8875.144905 -784.386196 -0.344954 0.737926 0.580063 0.734717 0.596874 -0.322387 0.584122 -0.314973 0.748060
-17.163729 -59.159355 6911.892076 -1710.750137 -0.410531 0.698770 0.585821 0.680625 0.662359 -0.313097 0.606806 -0.270188 0.747519
-16.950453 -55.038562 5114.444999 173.344566 -0.314371 0.761212 0.567210 0.776675 0.549806 -0.307391 0.545845 -0.343903 0.764057
781.223783 -21543.007946 -1695616.218224 17846902.465085 0.001753 0.883031 -0.469311 0.379677 -0.434757 -0.816598 0.925117 0.176755 0.336029
-224.719097 -1203.372165 49886.326489 -722597.304541 0.216693 0.489345 -0.844740 -0.037718 0.868850 0.493636 0.975511 -0.075106 0.206731
-131.398968 -913.732972 -95229.422267 -545246.599040 0.110656 0.561173 -0.820268 0.190192 0.798126 0.571683 0.975491 -0.219268 -0.018414
78.901431 -107.479654 24968.294679 18785.381100 -0.290513 -0.199704 -0.935799 -0.538194 0.842724 -0.012762 0.791170 0.499934 -0.352302
74.687240 -108.433335 19493.914673 -41.874739 -0.256070 -0.169789 -0.951630 -0.550035 0.835141 -0.000999 0.794915 0.523174 -0.307244
35.128379 -197.536482 5515.736262 -93174.921135 -0.469730 0.035432 -0.882099 -0.449708 0.850230 0.273628 0.759682 0.525218 -0.383444
20.545255 -180.549918 109.786344 -57281.775736 0.714328 -0.209441 0.667735 0.437497 0.878370 -0.192516 -0.546198 0.429651 0.719074
15.152921 -198.065170 6791.089668 -21850.428693 0.698912 -0.291364 0.653169 0.479598 0.868423 -0.125802 -0.530573 0.401183 0.746689
22.438060 -123.133559 2785.102705 30980.125398 0.656132 -0.323712 0.681690 0.484710 0.873133 -0.051915 -0.578401 0.364485 0.729797
16.474676 -187.470494 9873.793874 48092.064895 0.652489 -0.402493 0.642073 0.462736 0.882600 0.083028 -0.600112 0.242935 0.762134
30.777453 -158.567693 6762.300756 40757.369252 0.590424 -0.434113 0.680401 0.462350 0.872914 0.155733 -0.661537 0.222635 0.716102
33.408748 -84.569950 11284.553998 -12492.054226 0.848981 -0.375608 -0.371686 0.527581 0.562787 0.636340 0.029834 0.736335 -0.675959
38.309728 -86.041796 14058.676405 -3022.523965 0.864544 -0.385262 -0.322703 0.501296 0.615635 0.608026 0.035583 0.687435 -0.725374
25.457639 -83.184007 3680.456093 -5749.110124 0.879402 -0.355887 -0.316222 0.470993 0.553528 0.686856 0.069406 0.752961 -0.654394
3.917776 -37.758142 -2827.910821 2113.651347 0.540648 0.566531 0.621886 0.805177 -0.562632 -0.187444 0.243700 0.602070 -0.760344
9.650302 -37.943253 -5206.189188 1628.107161 0.632795 0.497385 0.593446 0.746994 -0.593937 -0.298729 0.203886 0.632335 -0.747384
8.166689 -41.594055 -7267.877513 2811.759495 0.580083 0.548301 0.602387 0.793268 -0.548237 -0.264883 0.185015 0.631508 -0.752972
2.526275 -41.252988 -1193.011015 3920.907585 0.511696 0.581116 0.632829 0.829543 -0.525909 -0.187822 0.223664 0.621067 -0.751166
-72.184112 -127.383497 2805.793956 12651.792138 -0.693555 -0.000332 0.720403 -0.099080 0.990541 -0.094931 -0.713557 -0.137217 -0.687028
-68.912620 -116.703547 -334.269185 17623.840092 -0.726289 -0.176215 0.664419 -0.178243 0.981801 0.065549 -0.663878 -0.070820 -0.744480
-63.087016 -100.309342 -1249.788444 18142.186772 -0.723434 -0.255803 0.641254 -0.139481 0.963826 0.227124 -0.676157 0.074867 -0.732944
244.153179 -127.925928 -34961.593170 4850.215962 -0.321026 0.822270 0.469908 0.900668 0.111662 0.419914 0.292812 0.558035 -0.776439
236.468574 -129.743122 -59871.776635 12607.122936 -0.342244 0.901441 0.265091 0.904605 0.239817 0.352390 0.254085 0.360406 -0.897523
172.830149 -98.013314 -64883.030026 -18615.071230 -0.256650 0.952531 0.163754 -0.865196 -0.150912 -0.478185 0.430774 0.264406 -0.862858
173.914820 -103.760636 -77492.628567 -20133.809696 -0.334525 0.942262 0.015354 -0.866681 -0.301213 -0.397662 0.370077 0.146335 -0.917404
213.291171 -129.201061 -89365.318159 -21029.826996 -0.381774 0.923949 -0.023800 -0.890087 -0.374475 -0.259834 0.248986 0.078014 -0.965360
-100.363662 -140.665244 2148.980890 27089.398642 0.674813 -0.207400 0.708246 0.529139 -0.533003 -0.660242 -0.514432 -0.820301 0.249934
-95.957877 -150.313695 7428.576616 23429.842466 0.787615 -0.149042 0.597870 0.420308 -0.579560 -0.698178 -0.450559 -0.801185 0.393827
-96.361506 -165.726993 7409.685351 6101.518264 0.791858 -0.108232 0.601039 0.328999 -0.753546 -0.569146 -0.514510 -0.648424 0.561093
62.354496 -79.067542 4858.702337 -1445.766868 -0.777546 0.601225 0.184258 0.496287 0.766668 -0.407331 -0.386162 -0.225274 -0.894500
56.583814 -81.037467 22003.896764 -2465.498544 -0.746918 0.620554 0.238803 0.550746 0.778618 -0.300720 -0.372549 -0.093093 -0.923331
-7.130120 -85.837452 -3612.494308 2983.857742 -0.465994 -0.415192 0.781323 0.849528 0.036853 0.526255 -0.247291 0.908987 0.335544
-5.308510 -87.384351 -118.212379 -570.645924 -0.452115 -0.444672 0.773214 0.838241 0.084474 0.538718 -0.304869 0.891701 0.334550
-4.161650 -78.295598 5820.341180 2894.531536 -0.422107 -0.474518 0.772436 0.817836 0.168282 0.550295 -0.391112 0.864010 0.317045
2.304146 -72.206241 -189.444380 -958.351287 0.666894 0.444905 -0.597755 -0.461395 0.876462 0.137583 0.585121 0.184049 0.789784
4.935167 -74.514004 178.077557 -499.346214 0.662345 0.443696 -0.603683 -0.443691 0.881575 0.161135 0.603686 0.161122 0.780771
70.676401 -118.681795 5205.749839 23458.591407 -0.581010 -0.351265 0.734194 0.669208 0.307246 0.676580 -0.463237 0.884428 0.056556
79.623511 -119.568975 -1113.822272 27220.520018 -0.631774 -0.245943 0.735101 0.703533 0.216203 0.676977 -0.325429 0.944864 0.036438
74.029733 -101.900820 4104.770897 25472.768870 -0.625120 -0.349630 0.697843 0.695576 0.156088 0.701292 -0.354118 0.923794 0.145621
71.023771 -135.499838 318.817107 15395.957784 -0.583456 -0.265684 0.767458 0.662570 0.390758 0.638991 -0.469660 0.881317 -0.051955
59.762895 -107.242627 11596.350193 26272.255854 -0.551431 -0.446269 0.704817 0.667461 0.270793 0.693662 -0.500420 0.852945 0.148543
57.002717 -123.332615 10271.248247 10573.447611 -0.527896 -0.420053 0.738161 0.609023 0.418555 0.673723 -0.591960 0.805213 0.034868
