12037
24058
-36.376770 -60.707392 -2402.448704 8708.786862 -0.161959 0.986163 -0.035384 0.940970 0.143538 -0.306549 0.297228 0.082943 0.951197
-45.337690 -65.813896 137.411194 5994.332839 -0.038972 0.987021 -0.155790 0.982443 0.009382 -0.186328 0.182448 0.160316 0.970057
-42.167323 -80.360325 -2674.823450 11952.013088 -0.426220 0.904609 0.004369 0.888798 0.419660 -0.184183 0.168447 0.074620 0.982882
-37.004008 -49.969318 -1484.417710 4566.707757 0.174015 0.968493 -0.178156 0.927873 -0.221852 -0.299723 0.329804 0.113150 0.937244
-30.089283 -78.675573 -5840.298909 14130.626775 -0.361209 0.927331 0.097906 0.882100 0.373850 -0.286592 0.302368 0.017157 0.953037
-27.966756 -57.077061 -4614.840829 9626.375893 -0.186892 0.980212 0.065234 0.890787 0.197091 -0.409456 0.414211 0.018414 0.909995
-58.001343 -82.191279 -4013.697707 8087.215156 0.887999 0.072044 0.454167 0.018683 0.981183 -0.192173 -0.459466 0.179135 0.869944
-52.437561 -86.120042 -5154.802976 2855.119517 0.828782 0.106140 0.549413 -0.110946 0.993523 -0.024576 -0.548463 -0.040587 0.835189
-61.216246 -89.581853 -3415.777128 3058.455962 0.896199 0.137721 0.421734 -0.141512 0.989681 -0.022472 -0.420478 -0.039541 0.906441
-63.776136 -87.238117 -534.415315 6037.040354 0.947156 0.196385 0.253630 -0.161430 0.975084 -0.152157 -0.277192 0.103173 0.955259
83.654615 -135.968958 12733.456161 15414.708232 0.695684 0.670318 0.258258 0.141781 0.224318 -0.964147 0.704217 -0.707358 -0.061016
93.532695 -124.455150 22167.518218 -11296.466753 0.641812 0.756859 0.123456 0.345312 -0.141489 -0.927761 0.684717 -0.638079 0.352162
61.879278 -109.917029 10885.612940 6469.595773 0.574598 0.799245 0.176192 0.187390 0.081084 -0.978933 0.796694 -0.595510 0.103180
55.503367 -103.850534 10139.678562 -4402.568308 0.592845 0.799895 0.093290 0.325441 -0.132003 -0.936303 0.736630 -0.585443 0.338576
44.875397 -87.407640 218.066076 -1118.815649 0.569456 0.810779 0.135487 0.296194 -0.048632 -0.953889 0.766804 -0.583328 0.267842
-6.829665 -55.768974 1047.993801 2542.482608 0.196891 0.972464 -0.124692 0.942164 -0.152488 0.298453 -0.271221 0.176243 0.946244
-8.609839 -64.473121 450.412082 -5039.741421 0.169343 0.977246 -0.127722 0.883741 -0.093203 0.458601 -0.436262 0.190534 0.879416
-7.964357 -59.127033 102.914408 74.832185 0.152489 0.983656 -0.095754 0.938489 -0.113749 0.326037 -0.309816 0.139581 0.940495
-6.244812 -53.991427 -804.947712 7430.363561 -0.217287 -0.971846 0.091111 0.971717 -0.206522 0.114516 -0.092476 0.113417 0.989234
-5.255997 -50.126139 -1437.169017 8187.905656 -0.252391 -0.960170 0.119882 0.963312 -0.237645 0.124719 -0.091262 0.146962 0.984923
-4.383280 -44.545559 600.745742 280.204952 0.300320 0.950892 -0.074915 0.938693 -0.308579 -0.153736 0.169304 0.024152 0.985268
-3.142247 -46.968888 4.452324 834.660294 0.310130 0.949175 -0.053716 0.908654 -0.312559 -0.276866 0.279584 -0.037055 0.959406
-4.379929 -45.682495 662.905195 437.123149 0.316335 0.944831 -0.085010 0.911038 -0.327553 -0.250436 0.264465 -0.001775 0.964394
4.828867 -168.755806 1240.316554 -1284.636584 -0.264968 -0.949759 0.166586 0.951697 -0.229791 0.203638 -0.155127 0.212497 0.964770
5.037316 -149.950230 -2853.368173 -4116.908834 0.238319 0.961935 -0.133732 0.933632 -0.189000 0.304318 -0.267459 0.197381 0.943136
4.890879 -156.070079 -2004.447844 -14025.676675 0.221034 0.963661 -0.150003 0.834735 -0.107394 0.540078 -0.504343 0.244588 0.828139
6.714369 -163.639748 806.155115 -13925.532750 0.245306 0.942490 -0.227018 0.826168 -0.080719 0.557611 -0.507218 0.324340 0.798456
-40.585191 -56.748538 6590.931178 1114.633218 0.740395 -0.408918 -0.533481 -0.559000 -0.815329 -0.150855 0.373275 -0.409908 0.832251
-16.494493 -48.514126 11598.031700 556.466797 0.375003 -0.666736 -0.644078 0.835894 0.543598 -0.076037 0.400816 -0.509867 0.761172
-33.941575 -52.585809 6393.682438 -1579.719380 0.728884 -0.349726 -0.588574 0.495564 0.862666 0.101113 0.472381 -0.365376 0.802095
-33.003379 -50.542686 4632.477841 -891.120397 0.790475 -0.167833 -0.589051 0.288879 0.950198 0.116929 0.540091 -0.262593 0.799592
-43.242655 -62.734722 3464.552736 -1995.862487 0.893788 0.007984 -0.448419 0.104723 0.968487 0.225976 0.436092 -0.248934 0.864786
2.121861 -25.974558 -264.157057 -1133.570895 -0.829227 -0.096554 -0.550509 -0.298981 0.908821 0.290954 0.472222 0.405858 -0.782487
8.630976 -22.294701 -718.367220 -2711.654281 -0.827275 -0.099525 -0.552912 -0.248106 0.947730 0.200628 0.504043 0.303155 -0.808726
2.354061 -29.572221 -1279.717090 -2759.400638 -0.726372 -0.276285 -0.629326 -0.459719 0.875974 0.146043 0.510923 0.395394 -0.763296
-0.107879 -30.963168 150.300812 -1514.737260 0.715003 0.301306 0.630861 -0.527025 0.825202 0.203192 0.459365 0.477762 -0.748817
-4.253893 -25.250306 -1388.850515 741.147556 0.795392 0.179146 0.579014 -0.425244 0.845669 0.322509 0.431878 0.502744 -0.748819
-3.805832 -105.019302 68.189025 1333.879720 -0.865042 0.091957 -0.493200 0.123435 0.991851 -0.031567 0.486278 -0.088184 -0.869343
-4.005986 -105.567585 -543.124337 2756.573836 -0.852492 0.100108 -0.513065 0.064613 0.994144 0.086616 0.518732 0.040689 -0.853968
-4.745014 -112.720311 -514.349897 7278.102534 -0.861054 0.060708 -0.504877 0.141542 0.982225 -0.123290 0.488418 -0.177621 -0.854341
-4.584189 -102.374852 507.644846 1997.671241 -0.875059 0.097526 -0.474089 0.185486 0.972281 -0.142354 0.447064 -0.212505 -0.868893
-2.330774 -100.048867 418.691970 -1340.432784 -0.867103 0.132653 -0.480142 0.114189 0.991155 0.067619 0.484865 0.003806 -0.874581
-2.581153 -115.370939 -919.927531 3834.920453 0.377930 0.833569 -0.402904 -0.627646 -0.089239 -0.773368 0.680610 -0.545160 -0.489460
-2.106949 -120.776552 -1308.433389 -1578.714316 0.362889 0.825296 -0.432664 0.746861 0.020058 0.664677 0.557234 -0.564344 -0.609103
-2.144854 -110.667981 -1511.271428 -2051.551423 0.341374 0.825951 -0.448630 0.804896 -0.010397 0.593325 0.485393 -0.563646 -0.668354
116.733430 -43.247905 -33882.448847 -806.261617 0.711782 -0.324769 0.622809 0.677196 0.552692 -0.485733 0.186470 -0.767500 -0.613329
94.879575 -51.996217 24947.795722 -2412.087287 -0.666745 0.230821 -0.708641 0.674760 0.590701 -0.442462 0.316465 -0.773172 -0.549596
93.432966 -55.075715 -42613.775749 -778.415459 0.698426 -0.418313 0.580702 0.692410 0.600185 -0.400432 0.181023 -0.681756 -0.708829
78.195179 -43.732507 -5306.236956 -1334.890591 -0.554713 -0.086994 -0.827482 0.659621 0.560196 -0.501079 0.507143 -0.823780 -0.253364
-6.864899 -207.861428 -2919.545976 -19089.530265 -0.886693 0.102058 -0.450955 -0.033212 0.958756 0.282283 0.461165 0.265276 -0.846732
-6.762161 -199.950230 -2118.711825 -2936.696323 -0.887077 0.002075 -0.461617 0.017772 0.999402 -0.029660 0.461279 -0.034515 -0.886584
-7.113078 -177.325068 -181.987940 -7385.933925 -0.906747 0.054485 -0.418140 0.031940 0.997643 0.060735 0.420463 0.041716 -0.906350
-5.897759 -51.732738 -490.024752 -4032.847813 0.886389 -0.349979 0.303035 0.061934 0.738349 0.671569 0.458780 0.576503 -0.676140
-7.643695 -52.086804 -948.914290 -4110.060579 0.884333 -0.258353 0.388856 -0.069002 0.751444 0.656178 0.461730 0.607112 -0.646700
-11.408762 -40.474018 -1526.439498 -2839.640778 0.887335 -0.325892 0.326237 0.081700 0.807395 0.584327 0.453830 0.491840 -0.743056
-7.708768 -38.214149 -1560.268422 -2813.163196 0.886011 -0.378191 0.268245 0.172314 0.805673 0.566744 0.430456 0.455919 -0.779003
6.844043 -8.665971 -1206.996562 -694.506028 -0.029567 0.856381 -0.515497 0.888799 0.258489 0.378443 -0.457342 0.446984 0.768793
3.365598 -12.197666 -545.131970 -824.637747 0.009104 0.875031 -0.483981 0.885697 0.217614 0.410103 -0.464174 0.432394 0.773032
5.939901 -9.283577 309.218865 365.376699 0.225669 0.897087 -0.379880 0.846260 0.012661 0.532620 -0.482616 0.441673 0.756311
5.502366 -4.626860 -966.463750 -754.254381 0.082038 0.890234 -0.448055 0.867179 0.157811 0.472331 -0.491193 0.427293 0.759046
-2.750551 -72.972934 -625.227019 2472.783846 0.076199 0.996589 0.031684 0.983859 -0.080309 0.159915 -0.161914 -0.018988 0.986622
-4.934586 -74.844188 -608.561883 1144.187477 0.068221 0.997335 0.025869 0.934855 -0.072960 0.347451 -0.348413 -0.000480 0.937341
-1.143419 -76.179153 -2225.096026 1288.362526 0.057096 0.996639 0.058745 0.939694 -0.073522 0.334019 -0.337216 -0.036131 0.940734
0.577393 -73.653804 -1240.347383 1499.656974 0.077808 0.996179 0.039657 0.984681 -0.083014 0.153334 -0.156041 -0.027119 0.987378
-0.294184 -77.076488 -2791.126292 -1195.577760 0.025047 0.997985 0.058299 0.832352 -0.053118 0.551696 -0.553681 -0.034707 0.832005
1.493145 -77.110426 -1819.390436 314.960243 0.059068 0.996962 0.050781 0.934688 -0.073098 0.347871 -0.350526 -0.026916 0.936166
2.008587 -55.733576 -2871.216832 -141.906298 -0.264381 -0.921971 0.282972 0.959941 -0.279812 -0.014804 0.092828 0.267722 0.959014
11.266183 -55.759859 -3800.748845 -2393.941775 -0.215171 -0.930132 0.297585 0.976539 -0.207589 0.057252 0.008524 0.302922 0.952977
4.574930 -56.606626 -3941.475677 -1423.055326 -0.281887 -0.910598 0.302242 0.958506 -0.253322 0.130744 -0.042491 0.326556 0.944222
-4.876399 -55.340055 -2506.352499 851.593794 -0.313153 -0.900736 0.301016 0.949634 -0.300798 0.087843 0.011422 0.313363 0.949565
-4.649369 -50.886051 -1563.965495 1507.498034 -0.265364 -0.927775 0.262326 0.951412 -0.296058 -0.084644 0.156194 0.227118 0.961260
373.386964 -5388.491816 -141634.966590 -2674585.599689 0.720254 -0.023369 -0.693317 0.400997 0.829566 0.388615 0.566071 -0.557919 0.606869
-53.153948 -426.653204 6269.732497 -110417.023644 0.549212 -0.049376 -0.834223 0.689892 0.590142 0.419262 0.471608 -0.805788 0.358178
69.087138 -1386.637498 -37776.064560 588653.765715 0.674294 -0.007131 -0.738428 -0.455931 -0.790628 -0.408697 0.580908 -0.612255 0.536368
-78.106888 -3612.540127 -11277.078870 -1457603.451815 0.525146 0.443066 -0.726577 0.028402 0.844179 0.535309 0.850538 -0.301752 0.430733
3.231718 -414.666238 -3239.829988 -83824.422026 0.359562 0.726433 -0.585670 0.226373 0.540989 0.809991 -0.905246 0.423822 -0.030074
3.515939 -381.063617 5220.192578 -43796.251141 -0.360866 -0.615668 0.700520 -0.030293 0.758475 0.650998 -0.932126 0.213702 -0.292358
25.279694 -579.683649 -929.639789 -120292.032030 0.383371 0.649463 -0.656677 0.313300 0.577397 0.753960 -0.868833 0.494783 -0.017881
-9.437006 -287.587498 4118.060707 -52493.154604 -0.362003 -0.682900 0.634509 -0.069656 0.698588 0.712126 -0.929571 0.213595 -0.300459
1.481683 -250.500596 -218.591624 -43139.578333 0.360828 0.743010 -0.563683 0.129389 0.558674 0.819233 -0.923613 0.368537 -0.105447
-10.917905 -53.714743 -1477.749187 -255.998297 -0.352817 -0.898298 0.261879 0.932901 -0.316101 0.172559 -0.072229 0.305188 0.949549
-7.994913 -55.384017 -3862.625216 -1326.328503 -0.373411 -0.881276 0.289684 0.915933 -0.300743 0.265744 -0.147073 0.364563 0.919491
-5.216317 -53.843826 -4208.676711 -479.966523 -0.316954 -0.897578 0.306421 0.920541 -0.213347 0.327241 -0.228351 0.385794 0.893879
-10.265050 -55.492660 83.142276 -574.570722 -0.357871 -0.904229 0.233019 0.914175 -0.288420 0.284778 -0.190297 0.314934 0.929841
-49.414385 -66.553702 -1407.917342 1757.106782 0.043957 0.994458 0.095505 0.405327 -0.105128 0.908107 -0.913114 0.001207 0.407701
-55.840314 -69.632650 591.218647 -3786.419124 0.170267 0.931543 0.321304 0.149515 -0.346713 0.925978 -0.973989 0.109623 0.198313
-44.791847 -71.815134 -1756.002604 -315.507035 0.105820 0.911159 0.398234 0.250670 -0.411992 0.876029 -0.962272 -0.007124 0.271997
-21.828101 -68.752683 -9393.256535 2925.588510 -0.088077 0.964396 0.249367 0.239786 -0.222451 0.944996 -0.966822 -0.143027 0.211656
-27.424399 -67.982754 -12566.984728 9059.022166 -0.146096 0.961918 0.231019 0.468341 -0.138445 0.872634 -0.871385 -0.235684 0.430280
25.511688 -53.263229 -924.466523 -500.460947 0.040857 0.948810 0.313193 -0.846775 -0.133508 0.514924 -0.530379 0.286242 -0.797974
24.808880 -53.712310 -1950.563854 -444.740033 0.028372 0.974649 0.221932 -0.857603 -0.090326 0.506318 -0.513529 0.204695 -0.833299
29.895852 -51.678467 -2326.112361 -1714.126415 0.029552 0.956574 0.289989 -0.918677 -0.088335 0.385007 -0.393903 0.277784 -0.876171
22.490834 -52.065525 2562.247045 171.056661 0.084671 0.903755 0.419593 -0.821065 -0.175296 0.543253 -0.564520 0.390510 -0.727199
24.295052 -53.172676 -1055.098757 1370.936520 0.045451 0.946960 0.318122 -0.749244 -0.178314 0.637839 -0.660733 0.267341 -0.701399
26.227152 -51.895830 1594.902056 -1977.721798 0.058563 0.915716 0.397536 -0.907009 -0.117543 0.404375 -0.417020 0.384250 -0.823679
33.085037 -45.908084 -2411.086856 487.957567 0.033658 0.978893 0.201581 0.994422 -0.012629 -0.104714 -0.099959 0.203982 -0.973858
30.094261 -47.617222 -953.607331 -109.157109 0.046788 0.984413 0.169532 0.996909 -0.035293 -0.070198 -0.063121 0.172292 -0.983021
32.646733 -45.962949 -3697.614322 -740.109857 0.039812 0.977444 0.207409 0.999207 -0.038702 -0.009409 -0.001169 0.207619 -0.978209
34.592511 -46.509970 -2363.653682 8.268456 0.029963 0.960851 0.275442 0.998568 -0.016554 -0.050879 -0.044327 0.276572 -0.959970
35.833048 -46.113243 -3044.424783 -436.848263 0.030656 0.966387 0.255259 0.995800 -0.051572 0.075652 0.086273 0.251868 -0.963908
-1.581856 -14.631364 943.388460 -3173.039528 0.262956 0.808888 0.525884 -0.728339 0.523899 -0.441647 0.632753 0.266888 -0.726907
0.002114 -15.219582 1431.943842 -2583.407588 0.406375 0.688586 0.600590 -0.671413 0.670869 -0.314865 0.619729 0.275291 -0.734950
8.207604 -6.968036 -3504.644534 -1245.062991 -0.593901 -0.436056 -0.676118 -0.487479 0.863588 -0.128762 0.640035 0.253122 -0.725454
7.122031 -61.362251 1579.573847 -375.617070 -0.068226 0.989487 -0.127518 -0.933167 -0.108504 -0.342674 0.352908 -0.095616 -0.930760
4.947893 -59.242177 562.722508 -742.272236 -0.045681 0.989454 -0.137456 -0.887011 -0.103467 -0.450006 0.459482 -0.101368 -0.882383
3.199209 -64.041074 749.034329 -828.758169 -0.049507 0.990178 -0.130753 -0.933332 -0.092473 -0.346900 0.355584 -0.104862 -0.928743
1.325427 -61.017296 743.681143 -778.148314 -0.021289 0.992775 -0.118090 -0.842945 -0.081335 -0.531816 0.537578 -0.088222 -0.838586
-1.833656 -62.844311 1410.431392 -1256.253511 -0.021637 0.995781 -0.089177 -0.862043 -0.063760 -0.502809 0.506373 -0.065996 -0.859785
-0.482269 -65.442865 1677.275769 -758.152079 -0.045425 0.994805 -0.091098 -0.933279 -0.074783 -0.351279 0.356267 -0.069063 -0.931828
25.235853 -131.769954 -771.681197 3734.932432 -0.175311 0.952037 0.250780 0.698346 0.299801 -0.649948 0.693959 -0.061188 0.717409
24.593300 -119.968675 657.022145 5541.513719 -0.245558 0.942178 0.228038 0.610931 0.333058 -0.718217 0.752639 0.037048 0.657391
27.985742 -117.396578 1358.564515 9551.829305 -0.216890 0.946108 0.240495 0.482603 0.318068 -0.816044 0.848559 0.060928 0.525580
23.988550 -133.556291 -851.678341 8624.335547 -0.142573 0.956569 0.254260 0.584081 0.288699 -0.758619 0.799076 -0.040350 0.599875
3.759472 -49.574664 -1068.069610 -735.717782 -0.007342 -0.986017 -0.166484 0.998989 -0.014614 0.042503 -0.044342 -0.166003 0.985128
3.832171 -47.918048 1468.514654 40.757476 -0.007094 0.987436 0.157862 0.980977 -0.023754 0.192667 -0.193996 -0.156225 0.968483
2.806981 -48.367381 -364.141571 1103.347980 0.018401 -0.984706 -0.173249 0.990676 -0.005438 0.136130 -0.134990 -0.174139 0.975425
2.674808 -49.093298 345.507878 766.941350 0.014983 -0.982836 -0.183871 0.995195 -0.003138 0.097867 -0.096764 -0.184454 0.978066
-12.365681 -48.791355 -1341.379583 2189.210813 -0.025829 0.990918 -0.131967 -0.879577 0.040207 0.474055 -0.475056 -0.128319 -0.870549
-13.227203 -47.780275 -1732.511096 5699.033703 -0.034624 0.988650 -0.146191 -0.811590 0.057546 0.581387 -0.583201 -0.138777 -0.800386
-16.060293 -48.120114 -1607.261106 519.085456 0.010010 0.992737 -0.119884 -0.889474 0.063618 0.452537 -0.456877 -0.102104 -0.883651
-14.656241 -55.851456 -1181.021011 -2444.695154 -0.015097 0.994010 -0.108242 -0.952878 0.018500 0.302790 -0.302979 -0.107713 -0.946891
13.399240 -19.585906 -2787.026018 1059.266357 0.005566 0.764354 0.644773 0.263192 -0.623169 0.736471 -0.964727 -0.165600 0.204641
11.873302 -21.084088 -2914.050866 1167.188778 0.001989 0.776706 0.629860 0.214988 -0.615465 0.758276 -0.976615 -0.133904 0.168207
16.529934 -22.266883 -1366.885412 577.010762 0.057939 0.828584 0.556858 0.213460 -0.555178 0.803873 -0.975232 -0.072291 0.209036
9.159291 -24.488043 -2514.511364 1316.249774 0.013344 0.802758 0.596155 0.156672 -0.590523 0.791667 -0.987560 -0.082837 0.133650
15.125797 -25.528747 -1523.815424 917.209512 0.059461 0.873509 0.483163 0.151347 -0.486313 0.860578 -0.986691 -0.021954 0.161120
20.938673 -24.439306 -340.316002 16.518582 0.101074 0.875090 0.473287 0.188991 -0.483950 0.854444 -0.976763 -0.003085 0.214299
-6.951243 -159.083153 -91.245260 -12552.257432 -0.738643 -0.397504 0.544423 -0.430569 0.899627 0.072679 -0.518668 -0.180728 -0.835656
-6.562598 -146.425316 774.517031 -8138.262504 -0.763975 -0.372189 0.527084 -0.491807 0.864677 -0.102272 -0.417693 -0.337357 -0.843637
-7.454361 -143.967460 -93.334478 -8183.827441 0.755223 0.366810 -0.543221 -0.531994 0.827161 -0.181072 -0.382912 -0.425740 -0.819832
-9.850800 -148.942425 85.710206 8071.735866 0.783586 0.312481 -0.536981 -0.557304 0.735543 -0.385214 -0.274600 -0.601110 -0.750508
-10.122767 -150.717621 197.485221 -4584.456972 -0.746651 -0.349821 0.565807 -0.507667 0.849292 -0.144838 -0.429868 -0.395385 -0.811717
-9.572647 -156.837021 -1227.843385 -10672.335412 -0.793000 -0.382664 0.474046 -0.276781 0.919472 0.279218 -0.542719 0.090213 -0.835056
-12.005356 -210.342013 -742.629455 -18950.113666 -0.775598 -0.383714 0.501209 -0.151523 0.883984 0.442282 -0.612771 0.267088 -0.743758
-28.407329 -1083.495719 2156.882588 -375339.761751 -0.810260 -0.247092 0.531436 -0.059716 0.936866 0.344551 -0.583020 0.247441 -0.773861
-3.182974 -151.892466 -2012.891690 -16123.420251 -0.814647 -0.374907 0.442487 -0.327611 0.927056 0.182315 -0.478562 0.003559 -0.878047
-14.497224 -383.141232 -669.391680 8508.871682 0.610351 0.611640 -0.503357 0.070349 0.591081 0.803538 -0.789001 0.525852 -0.317739
-16.768531 -365.887790 70.946493 22119.069453 0.568677 0.642757 -0.513293 0.342945 0.381928 0.858208 -0.747660 0.664074 0.003237
-24.244374 -1032.544245 3808.477637 295387.268310 0.623552 0.599113 -0.502241 0.427072 0.277060 0.860725 -0.654823 0.751200 0.083103
-22.941477 -330.362285 654.614275 29088.476501 0.667726 0.505815 -0.546162 0.307102 0.481166 0.821077 -0.678108 0.715982 -0.165950
1.959478 -47.272647 8164.427222 -3436.956723 0.233432 0.832400 -0.502613 -0.030002 0.522813 0.851919 -0.971910 0.183786 -0.147015
-4.884733 -38.903496 7690.432203 -2638.622874 0.255761 0.771402 -0.582687 -0.125613 0.624142 0.771147 -0.958544 0.124036 -0.256530
-22.337538 -49.397352 6615.508707 -1918.680076 0.224993 0.734619 -0.640089 -0.040815 0.663462 0.747096 -0.973505 0.141966 -0.179258
-19.751298 -56.319992 7358.997210 -2290.319991 0.212519 0.803816 -0.555621 0.080289 0.552323 0.829755 -0.973853 0.220949 -0.052842
-3.048955 -56.703101 6657.655844 -3174.261812 0.229198 0.843831 -0.485198 0.097219 0.476129 0.873985 -0.968512 0.247487 -0.027091
-15.265696 -33.664541 -2948.242912 694.867291 -0.481564 -0.425593 -0.766137 -0.139398 0.900243 -0.412469 0.865254 -0.091833 -0.492852
-23.408081 -35.203075 -810.430593 -197.969775 -0.454073 -0.684805 -0.569964 -0.353767 0.725703 -0.590088 0.817720 -0.066308 -0.571784
-16.300862 -31.805176 -3081.353308 167.819219 -0.467943 -0.432749 -0.770557 -0.199571 0.901130 -0.384884 0.860930 -0.026323 -0.508041
14.742780 -1959.332391 23246.475427 -563462.086876 0.008907 0.996673 0.081021 0.876037 0.031291 -0.481228 0.482162 -0.075264 0.872843
21.684957 -312.629761 -2352.758604 -53936.119934 -0.019835 0.999676 0.015982 0.685855 0.025236 -0.727300 0.727468 0.003464 0.686133
55.054547 -891.949276 -10834.440621 -273303.712930 0.142324 0.989804 -0.005679 0.855136 -0.125846 -0.502898 0.498485 -0.066718 0.864327
-36.939390 -103.834865 7591.686095 32968.822635 -0.877118 -0.437846 -0.197370 -0.446840 0.894613 0.001155 0.176064 0.089206 -0.980328
-21.161633 -164.175382 6360.168378 45289.539537 -0.900818 -0.405902 -0.154175 -0.409571 0.912237 -0.008627 0.144145 0.055374 -0.988006
-20.770435 -59.067104 -4737.919240 -138.827173 0.558028 0.823809 0.099716 -0.824097 0.564253 -0.049821 0.097308 0.054374 -0.993768
-20.646198 -57.121157 7315.119705 4284.987884 -0.251407 0.967853 -0.007418 -0.938561 -0.245656 -0.242397 0.236427 0.053978 -0.970149
-53.408959 -80.862570 -27.908889 7437.888218 0.385697 -0.916982 0.101888 0.921995 0.378993 -0.079308 0.034109 0.124529 0.991630
-54.623974 -76.343371 -1060.289826 4161.654038 0.078999 -0.977688 0.194643 0.996874 0.077685 -0.014388 -0.001054 0.195171 0.980769
-45.592332 -69.334790 -392.402369 4997.623631 -0.203795 -0.935127 0.289835 0.972081 -0.228451 -0.053567 0.116305 0.270827 0.955576
-38.327083 -56.021822 223.474917 3734.244071 0.379510 0.868640 -0.318491 0.889986 -0.436811 -0.130846 0.252778 0.233795 0.938852
-66.240743 -90.628145 693.162239 785.609072 0.964909 0.192112 0.179006 -0.206171 0.976461 0.063388 -0.162615 -0.098070 0.981804
-66.000478 -86.301282 542.445908 5861.441358 0.973617 0.142477 0.178242 0.187501 -0.944697 -0.269055 -0.130051 -0.295377 0.946488
-64.775340 -85.013837 2821.444611 3103.602524 0.976940 0.212561 0.020134 0.212656 -0.960249 -0.180830 0.019104 -0.180941 0.983308
-64.857424 -88.069032 2682.735021 3474.483885 0.960407 0.265400 0.084742 -0.259730 0.962971 -0.072297 -0.100791 0.047425 0.993777
32.403743 -62.497968 1067.200929 1791.894379 0.391017 0.897331 0.204703 0.169948 0.148193 -0.974247 0.904557 -0.415736 0.094554
25.337186 -52.613544 5629.357566 2371.963062 0.288439 0.914475 0.283792 0.052578 0.280815 -0.958321 0.956054 -0.291338 -0.032916
32.980176 -63.759173 1439.036472 4602.947671 0.404968 0.866955 0.290500 0.039064 0.301024 -0.952816 0.913496 -0.397208 -0.088039
23.012483 -53.056512 4772.703065 726.742306 0.260513 0.954550 0.144802 0.152806 0.107325 -0.982411 0.953301 -0.278057 0.117902
-8.344990 -62.726401 389.670460 -2738.529406 0.158692 0.979558 -0.123626 0.846306 -0.070466 0.528016 -0.508510 0.188417 0.840188
-8.351907 -63.643867 -215.380193 -5799.799839 0.147553 0.983375 -0.105836 0.871309 -0.078604 0.484399 -0.468027 0.163691 0.868422
4.667262 -176.466122 911.654111 579.899499 -0.315220 -0.929992 0.189078 0.948537 -0.302398 0.093981 -0.030225 0.208973 0.977454
3.005511 -159.341110 195.995341 9854.483236 0.339870 0.918297 -0.203023 0.885803 -0.385094 -0.258951 0.315977 0.091828 0.944313
5.973856 -168.791959 -1033.023024 3112.764246 -0.309978 -0.926913 0.211533 0.945389 -0.324087 -0.034752 0.100768 0.189209 0.976753
4.167515 -49.149980 17872.529208 2157.262227 0.178370 -0.729252 -0.660588 0.942262 0.319969 -0.098800 0.283418 -0.604824 0.744219
29.367169 -43.458967 14850.475131 1816.305962 0.108575 -0.786906 -0.607445 0.951527 0.259152 -0.165638 0.287762 -0.560017 0.776900
-25.672689 -53.115408 13226.316406 318.350216 0.394339 -0.671256 -0.627624 0.865524 0.500800 0.008197 0.308811 -0.546456 0.778474
14.359496 -18.067058 1144.145236 -2583.860532 -0.883635 -0.010215 -0.468065 -0.135595 0.962497 0.234977 0.448111 0.271101 -0.851881
16.678510 -14.022307 -1616.483844 -1939.620661 -0.814025 -0.112178 -0.569894 -0.235902 0.960456 0.147901 0.530767 0.254835 -0.808298
7.152773 -21.608707 -2325.772685 -3107.684539 -0.727347 -0.251467 -0.638538 -0.382954 0.920833 0.073576 0.569484 0.298046 -0.766065
-3.522369 -133.357040 -144.835659 6032.339006 0.384830 0.835435 -0.392369 -0.626908 -0.075414 -0.775435 0.677416 -0.544390 -0.494719
-2.315407 -121.496733 866.379443 -904.795135 0.328001 0.845204 -0.421954 0.817568 -0.030198 0.575039 0.473283 -0.533590 -0.700917
-2.890110 -126.603558 -464.222711 2788.274836 0.395539 0.834674 -0.383235 -0.533241 -0.131036 -0.835753 0.747799 -0.534929 -0.393253
62.479627 -52.970121 -7573.658179 -2667.324960 -0.504983 -0.061220 -0.860956 0.660914 0.614130 -0.431320 0.555144 -0.786827 -0.269664
63.671149 -52.252579 -19576.260513 -2191.838699 0.689843 -0.270738 0.671430 0.631008 0.679493 -0.374323 0.354888 -0.681901 -0.639582
89.436025 -44.413990 -25688.170346 -2707.283982 -0.378610 -0.349572 -0.857003 0.641487 0.568357 -0.515232 0.667194 -0.744829 0.009061
51.489158 -51.243801 -2272.239036 -1292.610449 -0.535287 -0.029339 -0.844161 0.555627 0.740505 -0.378063 0.636197 -0.671410 -0.380081
65.073141 -49.461654 -25627.656945 -959.880908 -0.349738 -0.285239 -0.892369 0.578735 0.683262 -0.445218 0.736715 -0.672155 -0.073885
0.535441 -23.793792 2555.245039 -2758.821050 -0.914059 0.321239 -0.247593 0.206292 0.893837 0.398120 0.349200 0.312828 -0.883288
3.495095 -28.859526 1409.772796 -3040.524583 -0.916737 0.265761 -0.298268 0.120559 0.895855 0.427679 0.380865 0.356110 -0.853304
-3.465732 -33.681521 -1702.957023 -2849.465174 0.898894 -0.359788 0.250085 0.197560 0.842240 0.501599 0.391101 0.401478 -0.828164
-8.438145 -29.020012 2531.129735 -2437.961757 -0.878566 0.426971 -0.214050 0.282937 0.826321 0.486971 0.384797 0.367274 -0.846783
58.097871 -746.444797 -16025.902842 115125.191888 -0.907331 0.249990 -0.338017 0.139372 0.937395 0.319165 0.396643 0.242479 -0.885369
148.271558 -1554.767272 31225.625220 202638.804444 -0.896021 0.383909 -0.223069 0.410080 0.908150 -0.084247 0.170237 -0.166963 -0.971155
201.824612 -2254.897957 71938.662112 1361041.124660 -0.910997 0.221790 -0.347697 0.246424 0.968766 -0.027692 0.330695 -0.110908 -0.937198
79.554811 -891.120199 -6329.627850 -165188.520001 0.906597 -0.260873 0.331702 0.413253 0.708018 -0.572654 0.085461 -0.656243 -0.749694
47.417308 -836.830551 3721.094074 156090.057240 0.915113 -0.223282 0.335728 0.014880 0.850799 0.525280 0.402923 0.475695 -0.781900
13.743357 -12.550845 3883.092448 91.411158 0.208535 0.891799 -0.401507 0.848190 0.039478 0.528219 -0.486916 0.450706 0.748183
3.477764 -16.702101 801.200770 -2324.326382 0.009338 0.875162 -0.483740 0.871267 0.230281 0.433433 -0.490720 0.425514 0.760349
3.815874 -29.027905 3332.796459 1529.379564 -0.409449 0.911884 0.028598 -0.292665 -0.101593 -0.950803 0.864117 0.397675 -0.308474
2.707873 -34.293852 3954.904071 1832.128616 -0.416417 0.909064 0.014128 -0.209437 -0.080793 -0.974479 0.884722 0.408749 -0.224035
-4.165488 -31.493963 2376.724400 1612.135783 -0.394940 0.915758 0.073547 -0.277089 -0.042407 -0.959908 0.875925 0.399485 -0.270495
13.711096 -32.846095 4746.642977 1702.856875 -0.392805 0.919038 0.032774 -0.255263 -0.074725 -0.963980 0.883485 0.387022 -0.263949
-2.362672 -27.587300 2200.408962 1413.014986 -0.393788 0.916223 0.073931 -0.334462 -0.067904 -0.939960 0.856193 0.394872 -0.333181
12.044993 -26.411672 3136.089006 1372.488539 -0.373264 0.925513 0.064023 -0.344058 -0.074010 -0.936027 0.861567 0.371413 -0.346056
2.141687 -23.251776 1903.920981 1727.637743 -0.387972 0.919153 0.068077 -0.380765 -0.092579 -0.920025 0.839342 0.382866 -0.385900
-4.283721 -73.167067 1330.325625 2310.915343 0.088532 0.996049 -0.006926 0.950895 -0.082444 0.298332 -0.296582 0.032998 0.954437
-5.088880 -72.911496 1432.440810 292.689178 0.090329 0.995825 -0.013142 0.882373 -0.073905 0.464711 -0.461800 0.053574 0.885365
15.620793 -52.660571 -5636.905144 -2806.475083 -0.210654 -0.920608 0.328795 0.967990 -0.149489 0.201614 -0.136456 0.360741 0.922630
19.629284 -51.800306 -1710.207210 -2641.869302 -0.124707 -0.959250 0.253548 0.987660 -0.095614 0.124041 -0.094743 0.265888 0.959337
-29.822118 -1595.478022 684.209505 -533985.343870 0.507851 0.146481 -0.848900 0.574089 0.677164 0.460294 0.642268 -0.721105 0.259805
-129.635077 -713.911115 -5072.387689 165168.881459 0.816453 0.090516 -0.570273 -0.540246 -0.228859 -0.809789 0.203812 -0.969242 0.137952
7.193093 -675.868257 5399.107506 -67095.997883 -0.413164 -0.576270 0.705130 0.014739 0.769977 0.637902 -0.910537 0.273951 -0.309634
7.748899 -351.658911 6732.591737 -41525.631693 -0.347902 -0.621006 0.702365 -0.395806 0.776416 0.490425 -0.849884 -0.107381 -0.515914
0.617363 -210.166112 4703.083898 -11389.585466 -0.365527 -0.550407 0.750628 -0.300044 0.833060 0.464742 -0.881115 -0.055345 -0.469652
-8.414464 -49.739329 -593.234887 3065.696529 -0.267941 -0.929523 0.253367 0.951964 -0.295894 -0.078818 0.148233 0.220078 0.964154
-57.636355 -70.757053 498.982029 -2131.006013 0.230753 0.952076 0.200761 0.253720 -0.258067 0.932216 -0.939350 0.164175 0.301111
-52.211044 -67.100977 980.920042 -4138.188694 0.220359 0.967742 -0.122139 0.197491 0.078359 0.977168 -0.955217 0.239449 0.173853
19.877956 -54.174290 -535.357794 162.079118 0.025928 0.983307 0.180097 -0.763585 -0.096794 0.638411 -0.645186 0.154073 -0.748329
22.152414 -53.811592 804.437348 -564.362984 0.046495 0.985016 0.166080 -0.816965 -0.058175 0.573746 -0.574810 0.162358 -0.802018
25.596669 -52.576270 960.970166 -865.096312 0.053019 0.984524 0.167038 -0.882578 -0.032056 0.469073 -0.467168 0.172294 -0.867219
29.334554 -50.803102 -1699.382468 -1253.084134 0.035958 0.976601 0.212030 -0.940165 -0.038874 0.338495 -0.338817 0.211515 -0.916768
31.265566 -48.285721 -268.956350 -1052.106070 0.042589 0.984373 0.170869 -0.978463 0.006520 0.206319 -0.201981 0.175976 -0.963450
30.065045 -45.991559 2260.819401 633.572133 0.047074 0.990702 0.127644 0.991460 -0.030783 -0.126725 -0.121617 0.132519 -0.983691
-7.759002 -24.061110 72.048579 -6026.242074 -0.295583 0.952348 0.075267 -0.707849 -0.165423 -0.686721 0.641546 0.256261 -0.723014
-10.878793 -34.754027 -138.116904 -5982.027159 -0.445940 0.891547 -0.079256 -0.657376 -0.386327 -0.646999 0.607449 0.236422 -0.758360
-12.164072 -38.570980 439.707045 -6030.474561 -0.314200 0.946078 0.078832 -0.758228 -0.200108 -0.620521 0.571287 0.254740 -0.780217
-4.055900 -17.005375 -1629.911457 -5941.378112 -0.600986 0.748013 -0.281588 -0.452696 -0.608922 -0.651369 0.658697 0.263990 -0.704576
7.689186 -61.668943 561.602016 -1004.887275 -0.062526 0.984814 -0.161962 -0.943173 -0.111372 -0.313083 0.326367 -0.133182 -0.935814
6.928189 -59.367409 758.114165 -820.949028 -0.041604 0.989109 -0.141182 -0.875237 -0.104233 -0.472330 0.481902 -0.103917 -0.870041
7.810900 -60.256842 -933.926096 -187.303445 -0.042862 0.978022 -0.204050 -0.945889 -0.105478 -0.306869 0.321648 -0.179856 -0.929621
3.740153 -57.657520 1333.301229 -1099.653227 -0.038853 0.993148 -0.110211 -0.820531 -0.094656 -0.563710 0.570280 -0.068530 -0.818587
7.493179 -57.979473 -689.469686 -990.912168 -0.038211 0.978694 -0.201740 -0.902401 -0.120509 -0.413703 0.429200 -0.166242 -0.887779
7.480479 -53.254668 -67.939671 -1971.111686 -0.030787 0.982929 -0.181391 -0.817368 -0.129210 -0.561440 0.575293 -0.130978 -0.807392
6.431729 -54.109514 -47.713900 -1040.982285 -0.020069 0.987316 -0.157496 -0.778056 -0.114351 -0.617700 0.627875 -0.110144 -0.770482
4.640298 -56.454779 1580.008935 -1072.688941 -0.031156 0.994197 -0.102960 -0.764647 -0.090047 -0.638127 0.643696 -0.058846 -0.763016
10.191751 -74.570547 4319.752428 -1651.974137 -0.355010 0.918603 0.173597 -0.080259 0.155059 -0.984640 0.931411 0.363489 -0.018679
26.795498 -67.214257 7520.439019 -2811.682458 -0.360675 0.904389 0.228021 -0.044327 0.227579 -0.972750 0.931638 0.360954 0.041993
19.777412 -74.583927 6012.285585 3017.721113 -0.367007 0.902765 0.224325 0.063828 0.265024 -0.962127 0.928026 0.338789 0.154887
17.393608 -76.716429 5549.947293 -8080.283247 -0.347914 0.919755 0.181677 -0.169631 0.128829 -0.977051 0.922053 0.370747 -0.111198
2.644612 -72.623472 3150.866495 331.182113 -0.361610 0.919181 0.156030 -0.005961 0.165073 -0.986263 0.932310 0.357573 0.054213
3.981515 -79.174859 2813.966558 -2398.584917 -0.341058 0.932261 0.120704 -0.255358 0.031695 -0.966327 0.904695 0.360396 -0.227250
-2.758067 -75.496505 1920.023076 -1498.816831 -0.350294 0.930496 0.107107 -0.152242 0.056268 -0.986740 0.924184 0.361955 -0.121950
4.469713 -48.771860 123.608271 -785.770331 -0.006310 -0.979321 -0.202215 0.997976 -0.018963 0.060696 -0.063276 -0.201422 0.977459
4.248647 -46.958094 -96.097478 -405.630197 -0.006867 -0.980617 -0.195812 0.984209 -0.041264 0.172135 -0.176878 -0.191538 0.965416
3.543739 -48.820999 365.174407 274.888175 -0.025746 0.981671 0.188836 0.946753 -0.036698 0.319861 -0.320928 -0.187016 0.928456
1.895055 -50.852913 975.005824 784.738406 -0.043228 0.986411 0.158509 0.937514 -0.014777 0.347635 -0.345253 -0.163632 0.924135
-17.303548 -47.690903 -2106.570074 3911.642059 -0.011731 0.991707 -0.127985 -0.805651 0.066439 0.588653 -0.592274 -0.110016 -0.798190
-13.823668 -45.089894 -1827.154359 1286.762494 -0.030638 0.987548 -0.154307 -0.780806 0.072735 0.620525 -0.624021 -0.139495 -0.768855
26.732945 -6.515671 -3686.126001 1450.647439 -0.577035 0.800098 -0.163934 0.566039 0.536479 0.625931 -0.588753 -0.268391 0.762454
40.100799 -15.516398 -9320.646777 1933.211243 -0.570341 0.818026 -0.074457 0.587872 0.469815 0.658544 -0.573688 -0.331823 0.748850
52.401313 -11.649711 -6533.702025 1973.550397 -0.322347 0.945123 -0.053249 0.683627 0.271332 0.677520 -0.654788 -0.181993 0.733574
7.664126 -21.080561 -3226.358609 1568.525315 -0.006284 0.706401 0.707784 0.228386 -0.688076 0.688760 -0.973550 -0.165976 0.157009
6.324348 -23.275496 -2669.509945 1587.097928 -0.000244 0.734431 0.678683 0.178961 -0.667695 0.722604 -0.983856 -0.121634 0.131272
-20.245016 -289.661678 2859.905737 15181.868722 -0.510962 -0.620747 0.594635 0.686176 0.122125 0.717111 -0.517764 0.774441 0.363541
19.272954 -29.195226 13311.847922 -2556.632766 0.263483 0.774378 -0.575253 -0.191856 0.626478 0.755458 -0.945393 0.088684 -0.313635
-8.000196 -33.723760 -6451.266106 -516.054544 -0.295651 -0.614686 0.731267 -0.148463 0.785752 0.600461 -0.943689 0.068961 -0.323567
-22.313990 -42.887913 -4817.307406 544.174045 -0.261418 -0.517497 0.814775 -0.096320 0.853902 0.511444 -0.960408 0.055221 -0.273070
-6.596266 -29.827204 -3692.339554 874.658618 -0.467805 -0.269684 -0.841682 -0.160952 0.962381 -0.218900 0.869053 0.033068 -0.493613
1.999631 -27.492645 -3203.195980 1046.171177 -0.481181 -0.156853 -0.862475 -0.148147 0.984261 -0.096350 0.864013 0.081411 -0.496844
3.566608 -29.677931 -3882.047005 715.249434 -0.471623 -0.161672 -0.866853 -0.071982 0.986827 -0.144885 0.878857 -0.005933 -0.477048
-7.300491 -118.164822 1637.826605 -6916.977396 0.037638 -0.986073 -0.162000 0.998505 0.030681 0.045233 -0.039633 -0.163460 0.985754
-7.517489 -128.865984 -2259.778724 -5463.165332 -0.013901 0.985158 0.171089 0.984903 0.043017 -0.167678 0.172549 -0.166175 0.970882
-8.616179 -120.126440 834.116604 -6099.958100 0.042841 -0.990888 -0.127690 0.998360 0.047316 -0.032221 0.037970 -0.126100 0.991291
-7.342188 -105.066800 -622.207557 -5530.005373 -0.077392 0.987819 0.135000 0.979408 0.050002 0.195601 -0.186468 -0.147358 0.971347
44.885268 -930.972893 2679.978936 -260423.308828 -0.002436 0.999769 0.021337 0.652642 0.017756 -0.757459 0.757663 -0.012080 0.652535
-7.608554 -50.745260 -1074.401625 1231.637034 -0.029986 0.997219 -0.068222 0.119113 0.071331 0.990315 -0.992428 -0.021569 0.120921
-9.294769 -50.507545 -719.433229 -201.066170 -0.005577 0.997300 -0.073224 0.152076 0.073219 0.985653 -0.988353 0.005639 0.152074
-7.943017 -48.412493 -1144.599608 2950.533141 -0.013505 0.992603 -0.120652 0.102267 0.121402 0.987321 -0.994665 -0.000995 0.103151
-10.740214 -48.244002 -1168.721154 -98.711742 0.014894 0.993826 -0.109945 0.144802 0.106654 0.983696 -0.989349 0.030571 0.142319
-42.702592 -79.137740 -2819.709343 1349.756113 -0.396441 0.917759 -0.023507 0.916701 0.397117 0.044232 -0.049929 0.004014 0.998745
-25.452914 -81.549978 -7070.335771 7239.362735 -0.346021 0.932201 0.106164 0.930364 0.355536 -0.089538 0.121213 -0.067789 0.990309
-63.972973 -67.912674 -122.367707 11040.000413 0.921326 0.334069 0.198886 0.387720 -0.827393 -0.406318 -0.028819 -0.451463 0.891824
24.401231 -48.077687 5889.792566 3292.498347 0.306530 0.874499 0.375888 -0.051089 0.409443 -0.910904 0.950489 -0.260016 -0.170184
16.364593 -48.648714 5566.402124 2151.692114 0.251003 0.942712 0.219752 0.022587 0.221254 -0.974955 0.967723 -0.249680 -0.034242
13.171916 -44.042218 5894.924574 2466.190191 0.259259 0.913597 0.313250 -0.066061 0.340355 -0.937974 0.963546 -0.222485 -0.148593
-8.015396 -58.157909 -254.059518 -31.471813 0.140922 0.980317 -0.138272 0.815515 -0.035757 0.577630 -0.561317 0.194164 0.804502
-8.254927 -53.897999 -201.606904 -919.458150 0.109158 0.981619 -0.156554 0.693661 0.037585 0.719320 -0.711982 0.187114 0.676808
-8.857170 -55.247680 591.379656 763.582071 0.122861 0.981833 -0.144601 0.785170 -0.007052 0.619240 -0.606971 0.189617 0.771772
-8.128318 -52.482051 482.110984 -1742.971980 0.114179 0.982702 -0.145810 0.646453 0.037954 0.762009 -0.754362 0.181265 0.630937
-8.261410 -62.771414 166.403124 -1900.145566 0.139926 0.984620 -0.104612 0.843003 -0.063044 0.534201 -0.519390 0.162937 0.838860
-8.571128 -58.598704 122.546354 2767.624557 0.119057 0.987431 -0.103946 0.816708 -0.037858 0.575807 -0.564635 0.153447 0.810951
-8.398714 -52.338493 390.821530 173.702756 0.095762 0.986030 -0.136284 0.728211 0.023945 0.684935 -0.678630 0.164835 0.715745
-7.314719 -63.301291 -1035.054492 3178.078476 0.141387 0.989809 -0.016952 0.975455 -0.136376 0.172884 -0.168810 0.040980 0.984796
-6.842860 -59.080483 -613.529180 3423.264633 0.179546 0.982948 -0.039715 0.980746 -0.175700 0.085242 -0.076811 0.054255 0.995568
-7.372505 -62.336407 -60.594222 8633.230171 0.166778 0.983976 -0.063054 0.979653 -0.158125 0.123598 -0.111647 0.082384 0.990327
-5.063930 -58.627521 -740.852154 2102.141902 0.162491 0.986557 -0.017370 0.984518 -0.160932 0.069465 -0.065735 0.028389 0.997433
-5.508280 -66.590332 231.152861 4514.060330 0.118422 0.991993 -0.043882 0.980972 -0.110030 0.159962 -0.153853 0.061990 0.986147
5.651753 -56.223274 -875.518340 -2195.351858 0.230320 0.937630 -0.260388 -0.724317 -0.013512 -0.689335 0.649860 -0.347371 -0.676029
8.004755 -55.902651 -978.003234 2902.342405 0.218084 0.936160 -0.275759 -0.683077 -0.055388 -0.728244 0.697026 -0.347183 -0.627390
8.410406 -58.964974 -875.980068 3425.772593 0.167131 0.941545 -0.292508 -0.710387 -0.090729 -0.697939 0.683680 -0.324441 -0.653697
4.387525 -60.730379 -416.536902 -2150.036359 0.268907 0.932502 -0.241099 -0.704811 0.019905 -0.709116 0.656453 -0.360616 -0.662590
3.803627 -60.402589 -799.833918 -4438.715692 0.216892 0.937883 -0.270802 -0.751154 -0.016832 -0.659912 0.623478 -0.346543 -0.700844
1.966075 -68.132983 334.204499 -7246.806606 0.254853 0.941000 -0.222641 -0.775771 0.061516 -0.628009 0.577260 -0.332768 -0.745678
3.670666 -140.366905 -1442.239071 -9218.569754 0.224197 0.960747 -0.163404 0.844914 -0.108066 0.523872 -0.485650 0.255513 0.835977
46.256252 -41.005756 6727.297458 1496.641297 0.058914 -0.889093 -0.453920 0.971351 0.155927 -0.179344 0.230232 -0.430350 0.872807
38.001532 -37.967243 7251.771192 785.470907 0.103135 -0.863985 -0.492841 0.944447 0.240513 -0.223995 0.312064 -0.442361 0.840793
33.750028 -21.605810 -4983.386114 985.755933 0.833272 -0.277999 0.477885 -0.533033 -0.633398 0.560966 -0.146743 0.722166 0.675975
16.510117 -18.336828 -1415.673646 516.697705 0.936690 -0.042490 0.347572 -0.270212 -0.719018 0.640311 -0.222704 0.693691 0.684978
30.385373 -23.604904 -3561.317390 1490.816342 0.909649 -0.075396 0.408478 -0.351710 -0.663001 0.660855 -0.220995 0.744812 0.629616
-0.067518 -115.093423 -1179.599459 2142.193368 -0.839636 0.068334 -0.538833 -0.020214 0.987436 0.156723 0.542773 0.142482 -0.827706
-1.996159 -122.150005 -529.345411 9845.778242 -0.843836 0.047380 -0.534505 0.092633 0.994002 -0.058132 0.528545 -0.098567 -0.843164
-2.910601 -119.548400 -569.486176 8276.558894 -0.851245 0.061410 -0.521162 0.068090 0.997659 0.006340 0.520332 -0.030089 -0.853434
-3.473673 -136.943265 -548.486858 12273.131233 -0.847803 0.037655 -0.528972 0.186425 0.954973 -0.230809 0.496463 -0.294295 -0.816649
-10.699927 -333.286182 518.601157 56321.216411 0.950310 0.125155 0.285040 0.140870 0.643631 -0.752260 0.277610 -0.755033 -0.594018
-9.692120 -257.728923 1249.430646 32932.285256 0.921359 0.083786 0.379575 0.126486 0.858726 -0.496578 0.367558 -0.505538 -0.780598
-10.022870 -248.218637 -1431.611431 28283.111050 0.931886 0.078632 0.354127 0.105037 0.875913 -0.470896 0.347212 -0.476018 -0.807992
