14763
29516
-52.328542 -84.236507 854.843603 8504.191278 0.075439 0.980663 0.180577 0.931772 -0.004834 -0.363011 0.355119 -0.195642 0.914120
-42.499872 -74.428487 -1960.415462 12987.030064 0.102532 0.960209 0.259780 0.858253 0.046632 -0.511105 0.502881 -0.275362 0.819321
-43.352842 -65.494026 205.440893 7863.658661 0.411149 0.911266 -0.023470 0.760285 -0.357007 -0.542691 0.502915 -0.205283 0.839604
-36.094172 -50.920068 -477.546583 6599.624535 0.489142 0.870169 -0.059545 0.654532 -0.411335 -0.634343 0.576479 -0.271310 0.770755
-46.535028 -74.037960 402.148093 5271.224586 0.377827 0.925213 -0.035044 0.832675 -0.356100 -0.424082 0.404845 -0.131050 0.904946
-40.892066 -66.124113 -163.247854 6581.163133 0.526024 0.820596 -0.223432 0.685357 -0.564566 -0.459945 0.503571 -0.088812 0.859377
-36.733187 -54.575494 547.900816 5334.157025 0.617850 0.720074 -0.315842 0.520558 -0.675639 -0.522044 0.589306 -0.158131 0.792284
-50.990719 -74.796768 -4039.319390 -932.373581 -0.584367 -0.456683 0.670788 0.725047 -0.665073 0.178843 0.364448 0.590863 0.719763
-50.611298 -73.558754 -2316.052363 -330.930016 -0.556190 -0.429675 0.711359 0.782464 -0.559150 0.274047 0.280006 0.709035 0.647199
-53.149218 -74.395163 -6810.886537 527.822785 -0.554050 -0.474869 0.683760 0.796783 -0.540442 0.270296 0.241177 0.694566 0.677799
7.223564 -14.140027 2483.479267 494.405367 0.220663 0.959398 -0.175680 0.593229 0.010956 0.804959 -0.774201 0.281843 0.566725
9.212165 -13.878575 1709.311787 -315.042066 0.157969 0.958084 -0.238999 0.577353 0.106737 0.809488 -0.801068 0.265861 0.536291
5.275619 -16.269483 1672.151631 -318.963876 0.275428 0.954513 -0.114211 0.564059 -0.064259 0.823230 -0.778445 0.291162 0.556101
10.614526 -12.278322 1681.919309 429.342626 0.118516 0.959409 -0.255908 0.616386 0.130972 0.776476 -0.778474 0.249763 0.575844
-6.999163 -48.849307 -3435.158591 376.395833 0.581633 0.605739 -0.542940 -0.349713 -0.416421 -0.839222 0.734442 -0.677992 0.030369
-6.153994 -46.561745 -2388.799593 2096.000429 0.574427 0.607812 -0.548268 -0.320671 -0.449167 -0.833918 0.753129 -0.654839 0.063106
0.162189 -45.545831 -2128.161042 -58.203080 0.620177 0.646975 -0.443626 -0.307965 -0.319317 -0.896211 0.721483 -0.692431 -0.001213
-1.610353 -44.355092 -3947.692520 -2483.212690 0.620403 0.629854 -0.467317 -0.345616 -0.315312 -0.883815 0.704024 -0.709833 -0.022067
6.265704 -42.524692 -2506.860382 -2544.431799 0.651144 0.677517 -0.342027 -0.290603 -0.193742 -0.937024 0.701115 -0.709532 -0.070735
4.171761 -41.130310 352.266806 495.932934 0.621773 0.713405 -0.323190 -0.261635 -0.199749 -0.944271 0.738204 -0.671680 -0.062453
1.110451 -45.709753 -430.363178 6007.649560 0.683705 0.704215 -0.191384 -0.649234 0.706727 0.281126 0.333229 -0.067954 0.940394
-0.176333 -44.560795 -12.143124 -2975.041873 0.644532 0.741288 -0.187272 0.637041 -0.656107 -0.404601 0.422796 -0.141478 0.895113
0.848030 -46.836077 -7.413989 -2207.971602 0.659472 0.729160 -0.182820 0.620491 -0.665288 -0.415189 0.424367 -0.160367 0.891176
1.348391 -51.174475 120.454041 4144.898480 0.628099 0.760116 -0.166479 0.566435 -0.593322 -0.571945 0.533520 -0.264939 0.803221
1.123033 -55.142857 211.027687 3807.097449 0.638140 0.750363 -0.172430 0.571895 -0.611912 -0.546351 0.515474 -0.250037 0.819615
-4.727492 -68.446864 -2950.943760 -1345.038834 0.526328 0.677104 -0.514305 0.840791 -0.324333 0.433450 0.126684 -0.660560 -0.740008
-6.099320 -70.592569 -2375.549651 675.127097 0.541642 0.676237 -0.499327 0.789738 -0.205855 0.577874 0.287991 -0.707338 -0.645550
-2.243469 -69.473355 -1834.196848 -1173.419855 0.540126 0.678630 -0.497720 0.831286 -0.337977 0.441289 0.131254 -0.652099 -0.746686
-3.176718 -66.333934 -248.404178 -3780.247395 0.504380 0.706158 -0.496933 0.863416 -0.419579 0.280119 -0.010694 -0.570346 -0.821335
-4.112888 -67.255400 -944.031568 -757.135212 0.513446 0.695627 -0.502469 0.844132 -0.304132 0.441526 0.154320 -0.650850 -0.743357
-1.704570 -64.844380 -978.619781 -2677.561686 0.517525 0.696735 -0.496718 0.855434 -0.434876 0.281276 -0.020036 -0.570477 -0.821069
-6.130304 -69.032812 -1413.657673 2435.750336 0.529813 0.688117 -0.495774 0.797996 -0.206491 0.566183 0.287227 -0.695598 -0.658517
14.310639 -105.144634 -1725.823384 -2326.451229 0.503753 0.790454 -0.348449 0.861246 -0.428283 0.273547 0.066992 -0.437900 -0.896524
11.883613 -97.966597 -970.355954 -3720.544977 0.554101 0.748143 -0.365039 0.829984 -0.462789 0.311371 0.064014 -0.475508 -0.877379
17.277287 -97.036066 -2091.500217 4100.030459 0.535321 0.763728 -0.360766 0.807857 -0.338265 0.482642 0.246573 -0.549816 -0.798063
-4.137701 -106.267943 -1456.154456 -3024.417731 0.344443 0.903247 0.255936 0.620156 -0.014243 -0.784350 0.704816 -0.428884 0.565060
-3.827441 -115.230038 -1450.904520 -6490.807905 0.356674 0.905060 0.231627 0.448881 0.051414 -0.892111 0.819323 -0.422165 0.387926
-4.180261 -103.520677 -275.870075 -3269.346080 0.332018 0.913583 0.234800 0.565651 0.006364 -0.824620 0.754853 -0.406603 0.514656
-3.488502 -103.980977 -121.450078 -154.917740 0.307801 0.914962 0.260964 0.718612 -0.043798 -0.694030 0.623582 -0.401155 0.670984
77.344855 -81.047952 -5476.030098 -3770.692805 0.152170 0.976302 -0.153878 -0.811223 0.034438 -0.583722 0.564590 -0.213654 -0.797239
76.023102 -76.651076 -3201.329004 3775.783407 0.156106 0.978869 -0.132085 -0.746929 0.029486 -0.664250 0.646319 -0.202351 -0.735749
74.044659 -77.786225 8843.780373 1877.176006 -0.015255 0.997109 0.074437 -0.787677 0.033872 -0.615157 0.615900 0.068017 -0.784883
-15.033862 -53.088896 998.916645 3944.132499 0.568813 0.763270 -0.306384 0.348477 -0.561087 -0.750830 0.744994 -0.320314 0.585135
-17.761289 -52.706937 -238.365663 4116.033170 0.576190 0.735456 -0.356523 0.335536 -0.610612 -0.717334 0.745265 -0.293695 0.598601
-16.898750 -51.095254 -1148.864441 -2302.701930 0.601159 0.738311 -0.305786 0.459658 -0.632481 -0.623444 0.653699 -0.234232 0.719592
-13.547138 -53.997612 309.654171 -3572.236875 0.602017 0.743340 -0.291583 0.453885 -0.619011 -0.640947 0.656935 -0.253516 0.710047
-15.209437 -53.668873 -1977.195940 -7272.361213 0.611401 0.749867 -0.252763 0.572765 -0.639753 -0.512500 0.546012 -0.168569 0.820643
-19.081971 -49.484260 -3812.189848 -5896.690126 0.606313 0.750920 -0.261731 0.577669 -0.642093 -0.503999 0.546519 -0.154387 0.823093
341.780348 -52.103305 114021.079448 5497.324398 -0.107018 0.821039 -0.560751 0.989811 0.141256 0.017920 0.093922 -0.553120 -0.827790
705.138153 -61.912720 221558.416289 -771.291146 -0.153692 0.773991 -0.614261 0.988100 0.124190 -0.090745 0.006049 -0.620899 -0.783868
407.116506 -49.676931 144712.617365 10454.011941 -0.202146 0.765360 -0.611032 0.971555 0.235306 -0.026679 0.123361 -0.599045 -0.791156
554.684421 -80.840770 172043.913406 -8143.551390 -0.035506 0.825307 -0.563567 0.999025 0.014504 -0.041702 -0.026243 -0.564498 -0.825017
1.542623 -41.081926 3951.523620 4182.948348 0.035672 0.951750 -0.304793 0.837924 -0.194692 -0.509880 0.544620 0.237205 0.804440
8.230368 -44.451638 5807.038547 1473.907695 -0.009105 0.949931 -0.312326 0.906399 -0.124074 -0.403791 0.422325 0.286768 0.859887
-0.711518 -46.564137 3946.125215 4749.256516 0.106635 0.936139 -0.335071 0.861079 -0.255447 -0.439647 0.497163 0.241641 0.833330
-1.666059 -70.823918 -445.442986 626.157398 0.549700 0.686103 -0.476543 0.776684 -0.209739 0.593946 0.307558 -0.696615 -0.648178
2.037998 -235.447314 2965.468187 -13582.890530 0.521134 -0.026343 0.853068 0.660889 0.644911 -0.383818 -0.540042 0.763804 0.353495
1.619487 -228.349314 -1380.380499 -17815.759350 0.492318 0.007812 0.870380 0.702108 0.587461 -0.402410 -0.514458 0.809215 0.283733
-0.310901 -196.918040 -89.595105 -16749.096487 0.521876 0.022989 0.852711 0.494453 0.806418 -0.324356 -0.695098 0.590899 0.409483
1.312088 -326.091047 5283.318497 -54690.407824 0.495819 -0.044344 0.867293 0.622650 0.714330 -0.319437 -0.605368 0.698403 0.381789
-1.285651 -272.852456 4139.801714 -10333.276943 0.496345 -0.050668 0.866646 0.816982 0.364850 -0.446571 -0.293568 0.929687 0.222486
3.507557 -227.602943 3099.055009 -25400.449546 0.529737 -0.009540 0.848108 0.416851 0.873765 -0.250541 -0.738657 0.486255 0.466843
-3.870370 -157.132913 1334.041034 -15713.397624 0.531473 0.013168 0.846973 0.369891 0.895906 -0.246034 -0.762048 0.444048 0.471279
-2.045074 -205.532821 1320.824910 -28246.587471 0.511955 -0.026299 0.858609 0.622330 0.700337 -0.349620 -0.592121 0.713328 0.374908
-5.805044 -227.733262 2584.472953 -39929.420155 0.475402 -0.041479 0.878790 0.556712 0.787643 -0.263989 -0.681223 0.614735 0.397539
-7.429883 -201.367052 2544.414401 -26319.126390 0.475918 -0.041860 0.878493 0.695435 0.629389 -0.346757 -0.538398 0.775962 0.328648
-8.354698 -153.624008 804.885021 -14493.846757 0.487835 -0.003932 0.872927 0.474076 0.840864 -0.261150 -0.732986 0.541232 0.412068
11.500099 -831.019612 -9843.091404 -316897.895663 -0.423555 -0.211407 -0.880857 0.678429 -0.718386 -0.153806 -0.600279 -0.662744 0.447700
12.767762 -563.253962 -36.005975 -134157.748609 -0.451041 -0.232344 -0.861730 0.865667 -0.348875 -0.359036 -0.217216 -0.907911 0.358489
22.465354 -418.848897 -5996.763630 -96071.711853 -0.422975 -0.227288 -0.877173 0.851843 -0.429798 -0.299394 -0.308959 -0.873850 0.375408
42.203148 -346.486039 -10947.727061 -74657.398137 -0.435326 -0.239883 -0.867725 0.783566 -0.575562 -0.233991 -0.443300 -0.781783 0.438521
14.192265 -310.569581 -1761.680774 26697.928223 0.444622 0.180485 0.877346 -0.433932 0.900277 0.034706 -0.783590 -0.396140 0.478602
5.048641 -294.884862 -480.559212 11762.088328 0.451149 0.192205 0.871505 -0.479879 0.875589 0.055312 -0.752450 -0.443171 0.487256
46.554469 -46.126734 -4691.589302 160.964641 0.342028 -0.899436 -0.272089 0.925908 0.371984 -0.065747 0.160348 -0.229441 0.960023
51.457265 -46.082221 5566.872010 -154.181477 -0.332825 0.903261 0.270827 0.908770 0.383901 -0.163578 0.251724 -0.191677 0.948628
54.505134 -45.742319 -6086.200953 325.965241 0.293641 -0.899102 -0.324640 0.926111 0.351721 -0.136423 0.236841 -0.260593 0.935947
49.857714 -44.190097 -5174.719830 -197.779351 0.314511 -0.887696 -0.336271 0.941726 0.336307 -0.007004 0.119308 -0.314472 0.941739
7.063486 -23.602209 3495.480797 2405.998311 -0.659679 0.737209 0.146102 -0.112069 0.095736 -0.989078 0.743145 0.668848 -0.019463
8.189790 -29.311116 4921.470708 2437.656660 -0.666920 0.742204 0.065962 -0.015741 0.074471 -0.997099 0.744963 0.666023 0.037984
3.115704 -24.053101 1657.356903 2622.243118 -0.658149 0.751428 0.046861 -0.028045 0.037731 -0.998894 0.752365 0.658736 0.003759
0.452894 -18.027481 788.664005 2149.783755 -0.646752 0.749268 0.142512 -0.124612 0.080535 -0.988932 0.752452 0.657352 -0.041281
5.437467 -19.668186 3242.539349 1634.167700 -0.632708 0.723243 0.276766 -0.229741 0.165998 -0.958991 0.739526 0.670346 -0.061130
-12.090868 -26.113080 343.776989 3104.246589 -0.536559 0.723995 0.433516 -0.251444 0.353225 -0.901115 0.805531 0.592506 0.007482
-12.054361 -30.285461 311.343755 2106.336471 -0.556414 0.720452 0.413948 -0.190446 0.374348 -0.907521 0.808785 0.583792 0.071085
-13.076070 -29.066079 566.171261 2835.338872 -0.518922 0.734210 0.437784 -0.228987 0.374024 -0.898705 0.823581 0.566605 0.025965
-22.937499 -3149.780714 -1721.783547 1452380.249401 0.539073 0.015921 -0.842108 -0.188688 0.976692 -0.102323 0.820851 0.214055 0.529513
-118.100207 -1477.681505 17470.587801 580806.783792 0.628180 0.110714 -0.770151 -0.298805 0.948251 -0.107405 0.718405 0.297595 0.628754
-161.530313 -2100.455212 -16220.219436 622971.445928 0.721529 0.234473 -0.651474 -0.440383 -0.570652 -0.693122 0.534284 -0.787006 0.308484
-71.413842 -838.768637 5658.176808 -263191.452479 -0.548385 -0.233993 0.802821 0.744815 -0.573132 0.341716 0.380163 0.785345 0.488579
-106.626490 -1757.547535 -14450.183625 -438420.451179 0.690257 -0.051430 -0.721734 0.709827 0.241575 0.661655 0.140324 -0.969018 0.203255
-118.846442 -1027.852315 8309.320693 -318677.376558 -0.519413 -0.075537 0.851178 0.719304 -0.576387 0.387789 0.461316 0.813678 0.353717
7.289424 -482.251722 812.816286 25106.768180 -0.239391 -0.199786 0.950146 0.221371 0.941594 0.253762 -0.945350 0.271083 -0.181183
-6.943075 -1744.924079 -13386.770151 549652.846560 -0.201921 -0.141238 0.969165 0.478443 0.849215 0.223439 -0.854588 0.508807 -0.103899
12.791100 -403.418131 -2464.345188 -20343.067377 -0.230630 -0.263358 0.936724 0.505235 0.790324 0.346592 -0.831593 0.553200 -0.049215
0.011365 -615.113974 -6277.268274 -102611.984610 -0.286271 -0.161127 0.944503 -0.051688 0.986920 0.152697 -0.956753 -0.005107 -0.290855
13.027100 -425.996907 7154.991760 89003.600334 -0.183370 -0.160297 0.969887 0.301922 0.929747 0.210745 -0.935531 0.331474 -0.122090
9.119334 -341.007666 -936.208169 -8038.913083 -0.209666 -0.152875 0.965748 -0.157499 0.980084 0.120951 -0.965005 -0.126745 -0.229568
1.914481 -82.233972 -394.315416 2776.970907 0.349369 0.913906 -0.206682 0.647512 -0.076052 0.758251 -0.677252 0.398739 0.618335
2.766170 -80.488429 1278.105072 1743.254303 0.386407 0.895473 -0.220948 0.752503 -0.167561 0.636916 -0.533319 0.412373 0.738593
3.399174 -79.955898 -602.217204 671.829421 0.366737 0.910529 -0.190897 0.759264 -0.174360 0.626990 -0.537607 0.374882 0.755276
-50.782279 -72.781694 591.157808 -3561.056330 -0.521379 -0.796688 0.305700 0.718470 -0.216562 0.660985 -0.460396 0.564260 0.685307
-49.887361 -67.952843 -290.023044 -5371.671620 -0.444053 -0.779827 0.441233 0.740818 -0.042547 0.670357 -0.503989 0.624547 0.596604
-49.312033 -69.858837 580.372368 -4443.936319 0.520950 0.823051 -0.226268 0.631156 -0.192955 0.751273 -0.574677 0.534187 0.619993
-51.478611 -73.760550 -554.714470 -1190.410996 -0.539865 -0.823142 0.176019 0.712632 -0.335655 0.616029 -0.447998 0.458009 0.767805
-54.596900 -72.977430 2248.206400 -785.532475 0.572500 0.819862 -0.008445 0.615264 -0.422778 0.665364 -0.541936 0.386117 0.746471
-32.621771 -49.978901 -6609.214688 -1304.087116 0.476194 0.871011 0.120747 -0.548256 0.186729 0.815198 -0.687499 0.454392 -0.566456
-35.091415 -50.333796 -7415.202048 -562.372759 0.392871 0.888150 0.238414 -0.540327 0.013160 0.841352 -0.744110 0.459364 -0.485062
-45.549099 -48.873944 -3907.397470 -428.769602 0.351093 0.833297 0.427025 -0.669010 -0.095829 0.737050 -0.655103 0.544457 -0.523839
45.084554 -26.786438 11675.498043 90.588498 -0.349801 0.895400 0.275495 -0.303424 -0.386508 0.870945 -0.886326 -0.221065 -0.406887
37.532603 -26.397359 8680.764149 351.704546 -0.400876 0.855967 0.326526 -0.328251 -0.466955 0.821099 -0.855307 -0.221977 -0.468163
23.785624 -23.230714 9716.025048 71.972899 -0.287498 0.923467 0.254075 -0.352753 -0.348720 0.868308 -0.890455 -0.160011 -0.426012
0.351065 -35.298839 -2441.373789 -934.640245 -0.188000 0.056228 -0.980558 -0.629524 0.759423 0.164245 0.753894 0.648163 -0.107374
-6.592906 -40.722288 2022.780343 895.051039 0.124361 0.028217 0.991836 0.703638 -0.707288 -0.068104 0.699592 0.706362 -0.107813
-3.447684 -40.660509 1175.422037 935.185954 0.111727 0.024128 0.993446 0.729549 -0.680784 -0.065514 0.674741 0.732087 -0.093664
0.299408 -37.381997 1364.471315 925.334741 0.136723 -0.003684 0.990602 0.725726 -0.680276 -0.102695 0.674261 0.732947 -0.090336
-3.288315 -46.367176 761.332218 2621.487904 0.052619 0.068096 0.996290 0.792370 -0.610041 -0.000152 0.607767 0.789438 -0.086057
-12.903688 -28.632709 5444.454282 964.813150 -0.221153 0.947038 0.232831 0.158968 -0.200543 0.966701 -0.962196 -0.250801 0.106199
-1.326168 -29.217365 5004.117449 1633.403865 -0.243893 0.960997 0.130392 0.095179 -0.110084 0.989355 -0.965120 -0.253707 0.064618
-10.086495 -30.555712 5004.792743 616.969556 -0.237767 0.949007 0.207008 0.045145 -0.202093 0.978325 -0.970272 -0.241959 -0.005208
-20.693335 -31.858387 3460.676821 -518.720485 -0.235480 0.865668 0.441779 0.170866 -0.410606 0.895660 -0.956741 -0.286396 0.051224
-5.139651 -46.397581 2472.337878 -2626.045433 -0.348144 0.903430 0.250221 -0.769016 -0.427880 0.474903 -0.536106 0.027089 -0.843716
-8.545606 -49.057122 2115.888327 -3122.187753 -0.390689 0.885192 0.252579 -0.759019 -0.465024 0.455679 -0.520819 0.013683 -0.853557
-7.988115 -47.714709 1671.789598 -769.123485 -0.361007 0.898838 0.248523 -0.694080 -0.436956 0.572121 -0.622838 -0.034045 -0.781610
-10.171568 -49.706950 830.001341 2485.020041 -0.388786 0.893622 0.224244 -0.617229 -0.433328 0.656701 -0.684013 -0.116906 -0.720041
-6.437715 -50.872611 871.347065 1231.916600 -0.350948 0.907748 0.229847 -0.613590 -0.408349 0.675839 -0.707349 -0.096153 -0.700294
1.138030 -69.494941 -1490.473377 1254.690709 -0.405216 0.914150 -0.011425 0.514291 0.217602 -0.829551 0.755847 0.342023 0.558315
0.995369 -66.580408 198.840363 341.996133 -0.446550 0.894739 0.005912 0.521939 0.265847 -0.810497 0.726755 0.358842 0.585714
2.488171 -68.500876 -518.886077 -2295.352285 -0.440385 0.897770 0.008392 0.629010 0.315193 -0.710633 0.640630 0.307673 0.703513
2.894640 -72.303682 -1050.750406 -432.160476 -0.420394 0.907322 -0.005910 0.605681 0.275772 -0.746392 0.675588 0.317358 0.665481
324.228883 -62.578838 121033.262072 -535.170132 -0.438285 0.898792 -0.008928 0.864103 0.418593 -0.279475 0.247452 0.130205 0.960112
659.684419 -43.843459 201783.110208 4905.162794 -0.326013 0.916916 0.230173 0.891272 0.379287 -0.248546 0.315198 -0.124118 0.940875
558.458013 -76.257943 197257.522159 3310.344811 -0.332898 0.940501 0.068090 0.927198 0.339627 -0.157980 0.171705 -0.010542 0.985092
338.606242 -71.290617 132218.474035 745.052022 -0.364826 0.931074 0.001823 0.921645 0.361408 -0.141265 0.132187 0.049857 0.989970
-1.667351 -27.139450 6486.293407 3662.241529 -0.115921 0.973279 0.198218 0.265230 -0.161986 0.950481 -0.957192 -0.162754 0.239365
18.949418 -25.078209 12309.828627 2973.736186 -0.093159 0.979839 0.176739 0.255176 -0.148085 0.955487 -0.962396 -0.134111 0.236236
6.155109 -33.050575 8473.396268 2128.431215 -0.113374 0.981065 0.157028 0.179215 -0.135261 0.974467 -0.977255 -0.138621 0.160487
11.818270 -18.941245 8689.898223 4273.942225 -0.095762 0.967516 0.233972 0.338096 -0.189464 0.921843 -0.936227 -0.167383 0.308969
-11.631004 -34.962442 2250.535773 2355.862197 -0.186934 0.976008 0.111644 0.169540 -0.079889 0.982280 -0.967632 -0.202549 0.150538
-4.373482 -22.059358 4648.763713 5595.180264 -0.128443 0.963367 0.235427 0.326665 -0.183046 0.927245 -0.936372 -0.196004 0.291187
-13.897653 -28.784673 1521.186506 3986.840589 -0.191023 0.971237 0.142160 0.246355 -0.092755 0.964731 -0.950168 -0.219308 0.221551
3.867666 -127.327501 -1354.722242 -1188.849561 -0.671626 0.740180 -0.032436 -0.085703 -0.121102 -0.988933 0.735917 0.661413 -0.144771
2.834919 -123.710037 -813.851958 5776.796898 -0.672756 0.739557 -0.021325 -0.266950 -0.269517 -0.925256 0.690027 0.616778 -0.378744
3.177256 -132.763879 -85.795220 563.412307 -0.680408 0.732079 -0.033253 -0.099075 -0.136852 -0.985625 0.726106 0.667332 -0.165646
3.163528 -134.008162 -610.403433 -2971.917699 -0.676752 0.734394 -0.051696 0.094547 0.017060 -0.995374 0.730115 0.678509 0.080980
4.092604 -130.340629 -1611.329426 -2448.067640 -0.673651 0.737242 -0.051659 0.089290 0.011802 -0.995936 0.733636 0.675525 0.073779
7.527601 -130.752190 -573.450583 -1052.021549 -0.702088 0.710009 -0.054403 0.017333 -0.059336 -0.998088 0.711879 0.701688 -0.029352
4.618236 -78.499023 -331.773734 1550.517808 -0.665006 0.740390 -0.097931 -0.155545 -0.009053 0.987787 -0.730461 -0.672117 -0.121184
4.832867 -79.921002 -177.152474 -1683.317167 -0.663936 0.739792 -0.109075 -0.247893 -0.080127 0.965468 -0.705505 -0.668048 -0.236588
5.418226 -81.854463 -387.587484 1043.136762 -0.670854 0.737161 -0.080920 -0.067237 0.048207 0.996572 -0.738535 -0.673995 -0.017224
4.963394 -77.360557 -445.414747 -178.848927 -0.671357 0.736571 -0.082120 -0.070411 0.046914 0.996414 -0.737782 -0.674732 -0.020367
1.614085 -76.487590 -740.957323 -404.245280 -0.687991 0.722664 -0.066521 -0.028179 0.064992 0.997488 -0.725172 -0.688137 0.024350
1.820651 -78.809867 1194.398934 -1362.609986 0.695014 -0.713194 0.091157 0.202650 0.072667 -0.976551 -0.689847 -0.697190 -0.195033
-5.877974 -124.896777 -270.793651 2659.517818 -0.441340 0.882775 -0.161020 0.858309 0.467638 0.211234 -0.261771 0.044979 0.964081
-1.724236 -146.951144 -962.702853 10625.866807 -0.428217 0.886809 -0.173783 0.755684 0.456862 0.469274 -0.495551 -0.069626 0.865784
-1.212168 -137.216977 -293.868390 11307.222280 -0.400562 0.902130 -0.160349 0.818282 0.430946 0.380395 -0.412267 -0.021161 0.910817
-0.438400 -149.489647 1051.139719 11977.629280 -0.389793 0.902873 -0.181332 0.733477 0.423446 0.531700 -0.556842 -0.074250 0.827293
0.176143 -122.600418 213.537100 12578.735276 -0.371241 0.914031 -0.163483 0.872823 0.403584 0.274407 -0.316796 0.040821 0.947615
-10.121170 -160.759440 303.908347 6614.009023 -0.609820 0.785470 -0.105622 -0.688690 -0.591137 -0.419837 0.392207 0.183284 -0.901433
-9.094623 -175.286063 2928.524687 6499.795602 -0.619003 0.782338 -0.069161 -0.658063 -0.564704 -0.498059 0.428706 0.262788 -0.864381
-7.494143 -172.158846 1144.029664 4888.523342 -0.625486 0.772813 -0.107360 -0.524203 -0.518156 -0.675815 0.577908 0.366434 -0.729211
11.644221 -30.758094 3091.035961 -1465.412448 -0.489733 0.835657 0.248675 0.839580 0.375099 0.392945 0.235090 0.401221 -0.885299
14.861187 -29.911785 -143.356069 -1328.535555 -0.537267 0.828620 0.157266 0.805177 0.448409 0.388097 0.251065 0.335139 -0.908102
8.438923 -33.122879 -128.047337 -2320.832394 -0.528859 0.828589 0.183706 0.797094 0.410587 0.442786 0.291460 0.380603 -0.877606
5.103910 -33.852202 2017.776501 -2470.421405 -0.434137 0.856998 0.277632 0.851378 0.289603 0.437362 0.294416 0.426244 -0.855357
3.374607 -33.464045 3758.145375 -2113.935368 -0.395163 0.864139 0.311624 0.880136 0.259012 0.397836 0.263071 0.431482 -0.862912
2.793091 -582.185421 3788.158520 159859.773550 -0.417446 0.908305 -0.026846 -0.221514 -0.073064 0.972416 -0.881289 -0.411878 -0.231702
7.934818 -455.807599 2143.311008 93201.879768 -0.438973 0.896218 -0.063993 -0.287856 -0.072811 0.954902 -0.851141 -0.437597 -0.289944
4.355669 -433.404075 1531.962962 -7829.646556 -0.440019 0.895249 -0.070088 -0.655002 -0.266583 0.707040 -0.614293 -0.357019 -0.703692
-1.377492 -354.091394 1227.740347 -7559.611472 -0.430654 0.900185 -0.064837 -0.543752 -0.201453 0.814709 -0.720327 -0.386113 -0.576234
-11.231549 -21.358841 -619.388696 3154.369812 -0.395318 0.190949 0.898478 -0.109453 0.961392 -0.252478 -0.912000 -0.198150 -0.359156
-10.975526 -17.895158 1952.513763 1198.245786 -0.368680 0.616521 0.695685 0.091368 0.768816 -0.632909 -0.925055 -0.169777 -0.339777
-8.928216 -17.693293 1534.347745 1365.404630 -0.394132 0.514243 0.761718 0.076016 0.844207 -0.530600 -0.915905 -0.151224 -0.371820
-8.758545 -20.374791 -155.090704 2254.901134 -0.419752 0.267672 0.867271 -0.040532 0.949044 -0.312527 -0.906733 -0.166337 -0.387514
-9.879615 -24.620909 -903.843421 2376.792193 -0.411526 0.106275 0.905180 -0.163045 0.968572 -0.187844 -0.896695 -0.224888 -0.381265
-10.257882 -25.277395 -1110.809126 1185.033931 -0.402339 0.135256 0.905444 -0.200356 0.952041 -0.231246 -0.893298 -0.274450 -0.355944
-10.002692 -83.784562 1013.835373 2004.239241 -0.640442 0.767828 -0.016541 0.411886 0.325215 -0.851226 0.648216 0.551974 0.524539
-8.942263 -90.077726 814.423532 4966.057379 -0.632446 0.774197 -0.025116 0.496258 0.380073 -0.780559 0.594760 0.506125 0.624578
-12.477920 -86.571609 971.880526 1807.829714 -0.622276 0.782386 -0.025407 0.404589 0.293669 -0.866064 0.670135 0.549210 0.499287
-10.696488 -82.232247 298.956061 460.703382 -0.632956 0.774162 -0.006309 0.304790 0.241690 -0.921243 0.711667 0.585030 0.388935
-13.682747 -83.373367 434.251700 664.590442 -0.620786 0.783763 -0.018478 0.250474 0.175945 -0.952001 0.742892 0.595617 0.305536
-144.240989 -1134.014273 6102.046055 364281.471085 0.902351 0.429919 0.030535 -0.220983 0.400664 0.889176 -0.370039 0.809097 -0.456545
-133.287319 -373.819298 -644.193872 95934.045599 0.924176 0.380188 -0.036818 -0.077391 0.280770 0.956650 -0.374044 0.881263 -0.288904
-107.543024 -1624.421244 12022.883325 471098.140953 0.902618 0.350999 0.249161 -0.347074 0.251094 0.903599 -0.254599 0.902082 -0.348464
5.190017 -155.971742 -2167.930856 5707.832550 0.873880 0.027339 0.485372 0.398429 -0.612344 -0.682854 -0.278546 -0.790119 0.546008
-6.494026 -148.367021 -3562.602262 -7436.795643 0.839295 0.140518 0.525204 0.393973 -0.822899 -0.409417 -0.374659 -0.550538 0.746015
10.724103 -201.179960 -4576.216215 19115.122332 0.825325 0.150440 0.544248 0.501048 -0.639550 -0.583032 -0.260362 -0.753885 0.603215
14.587517 -163.488920 -891.295686 19554.849510 0.864032 0.050830 0.500864 0.476379 -0.404324 -0.780760 -0.162825 -0.913202 0.373563
18.535105 -176.676931 474.124359 27479.055318 0.862908 0.125705 0.489478 0.493585 -0.417515 -0.762925 -0.108461 -0.899933 0.422323
5.653332 -14.496573 -2329.511569 -1305.048624 -0.446625 0.851506 0.274707 -0.276439 -0.423335 0.862768 -0.850945 -0.309394 -0.424462
10.905433 -14.304444 -1987.963465 -1613.598887 -0.421939 0.864730 0.272413 -0.283766 -0.411334 0.866188 -0.861071 -0.288177 -0.418939
8.616292 -17.139713 -2151.890776 -3321.807559 -0.439934 0.849787 0.290379 -0.259064 -0.429698 0.865012 -0.859851 -0.305321 -0.409188
3.898297 -20.113068 -2069.919825 -3575.847322 -0.444980 0.856739 0.260751 -0.262195 -0.403043 0.876818 -0.856298 -0.321799 -0.403978
7.974613 -23.903042 -2091.771091 -3631.173295 -0.433170 0.864774 0.254026 -0.239674 -0.382210 0.892453 -0.868862 -0.325700 -0.372826
-35.386409 -87.992559 -3782.060171 10797.930637 0.045078 0.953421 0.298255 0.934772 0.065055 -0.349240 0.352376 -0.294543 0.888299
-23.901688 -80.450263 -6612.074811 16362.748558 0.126374 0.931639 0.340702 0.840525 0.081838 -0.535555 0.526827 -0.354049 0.772724
-28.942434 -51.291726 -5081.897765 8093.047286 0.312132 0.929713 0.195468 0.743096 -0.110726 -0.659961 0.591930 -0.351247 0.725427
-45.208810 -72.988976 3809.077287 -75.515853 -0.561119 -0.400553 0.724364 0.763190 -0.589150 0.265412 0.320448 0.701754 0.636281
-46.649194 -72.286524 2460.416400 -567.322206 -0.479700 -0.463859 0.744797 0.866851 -0.381966 0.320423 0.135856 0.799335 0.585326
-42.634791 -68.895473 -879.400522 -137.779953 -0.492264 -0.269080 0.827811 0.777750 -0.563021 0.279485 0.390871 0.781411 0.486432
-43.402934 -69.913380 2842.616509 -951.856640 -0.501184 -0.368371 0.783018 0.837033 -0.435921 0.330678 0.219522 0.821143 0.526815
-52.094872 -72.994279 -3815.700512 655.468012 -0.496576 -0.466076 0.732247 0.858009 -0.391159 0.332889 0.131273 0.793579 0.594138
-50.355142 -71.518562 -772.199785 74.097506 -0.383496 -0.461865 0.799757 0.923387 -0.175875 0.341209 -0.016935 0.869338 0.493928
-45.838080 -69.838829 -21.180426 -1877.747211 -0.453085 -0.339054 0.824473 0.884379 -0.287347 0.367839 0.112192 0.895809 0.430045
5.871224 -14.280595 2220.561324 -1816.682087 0.213218 0.953084 -0.214871 0.536080 0.069737 0.841282 -0.816797 0.294564 0.496060
10.953237 -12.066725 2353.366544 -2264.811372 0.131263 0.947823 -0.290520 0.536764 0.178430 0.824650 -0.833459 0.264187 0.485336
10.615182 -12.156896 -529.886468 -840.117664 0.042575 0.959641 -0.277986 0.596854 0.198703 0.777356 -0.801220 0.199013 0.564306
13.226396 -11.416321 225.281535 -1915.235137 0.090103 0.958176 -0.271626 0.552226 0.178903 0.814273 -0.828811 0.223367 0.513010
-13.824124 -50.964857 -3153.718379 635.555045 0.531486 0.581172 -0.616248 -0.340059 -0.519918 -0.783610 0.775811 -0.626039 0.078696
-12.174634 -49.438857 -2492.189291 305.595657 0.531428 0.566989 -0.629371 0.247470 0.606645 0.755474 0.810150 -0.557231 0.182075
-3.438669 -38.173063 679.932985 -5003.413519 0.688085 0.693582 -0.213268 -0.655306 0.720176 0.227860 0.311630 -0.017031 0.950051
-0.224247 -42.901080 719.431944 189.356802 0.687619 0.695869 -0.207235 -0.650494 0.717213 0.249927 0.322548 -0.037050 0.945828
-1.105722 -40.264989 587.323926 -4307.850221 0.695306 0.687232 -0.210384 -0.656249 0.726428 0.204059 0.293064 -0.003819 0.956085
-4.324978 -37.756642 463.777654 -819.592656 0.696650 0.686098 -0.209636 -0.683453 0.723546 0.096816 0.218107 0.075829 0.972975
-4.683544 -66.693462 1170.658259 -5304.958051 0.508186 0.718318 -0.475149 0.860240 -0.396681 0.320361 0.041638 -0.571545 -0.819514
-3.824802 -62.666292 -158.351922 -3801.863118 0.494757 0.716350 -0.491994 0.867762 -0.437833 0.235142 -0.046968 -0.543272 -0.838242
-3.484203 -58.294108 -794.238153 -2391.119416 0.487281 0.715321 -0.500872 0.862862 -0.482600 0.150221 -0.134265 -0.505384 -0.852385
-1.503949 -58.989460 464.409093 -2798.659708 0.503782 0.715474 -0.484046 0.853208 -0.499738 0.149328 -0.135056 -0.488221 -0.862207
8.351231 -84.001630 -1082.054435 4239.077212 0.377504 0.864281 -0.332429 -0.807576 0.482939 0.338513 -0.453113 -0.140672 -0.880284
8.419787 -88.526189 -7.289711 5972.201681 0.365962 0.880951 -0.299994 -0.792003 0.464092 0.396673 -0.488675 -0.092429 -0.867556
6.779113 -75.550282 -255.608043 5039.645378 0.330851 0.895347 -0.298147 -0.720330 0.443713 0.533145 -0.609642 -0.038373 -0.791748
9.240748 -97.931939 -70.159007 4218.952073 0.411548 0.853494 -0.319651 -0.858634 0.480691 0.178000 -0.305575 -0.201208 -0.930666
5.750745 -70.972273 -2531.612094 4498.438436 0.318786 0.885091 -0.339101 -0.718422 0.459005 0.522671 -0.618260 -0.076997 -0.782193
9.321770 -93.834106 -796.252501 -3014.630992 0.437976 0.830579 -0.343970 0.865703 -0.492816 -0.087697 -0.242354 -0.259367 -0.934876
4.750815 -72.581223 -767.706942 3060.212872 0.354931 0.871949 -0.337237 -0.765285 0.478174 0.430915 -0.536994 -0.105137 -0.837009
6.407804 -80.575730 -293.773909 1285.860729 0.409079 0.843694 -0.347614 -0.836129 0.499139 0.227485 -0.365435 -0.197590 -0.909624
-2.539835 -132.800257 -1356.080230 -6628.878525 0.379399 0.898830 0.219457 0.301119 0.104325 -0.947863 0.874862 -0.425701 0.231074
-3.043708 -122.416735 -742.224867 -3893.761100 0.337184 0.907671 0.249878 0.583471 0.006820 -0.812105 0.738829 -0.419626 0.527301
-2.815826 -121.348716 -485.104364 -4973.249181 0.348442 0.916356 0.197178 0.198130 0.133604 -0.971028 0.916151 -0.377414 0.135005
-1.313344 -137.606330 -188.321553 -9257.046310 0.355518 0.905450 0.231877 0.400984 0.076341 -0.912899 0.844286 -0.417531 0.335930
-1.935901 -148.174603 202.327999 -8037.729098 0.371572 0.909008 0.188783 0.055989 0.181031 -0.981882 0.926714 -0.375410 -0.016372
-1.867736 -130.397800 -841.229474 -1914.169919 0.373251 0.909042 0.185274 0.031024 0.187365 -0.981800 0.927211 -0.372206 -0.041732
65.682611 -97.475275 -5816.620270 -6280.680889 0.081019 0.993361 -0.081673 -0.976685 0.062780 -0.205292 0.198801 -0.096401 -0.975287
66.005758 -107.867090 -16544.879572 10946.306198 0.220767 0.919255 -0.325934 0.947927 -0.123576 0.293536 0.229556 -0.373765 -0.898668
75.016261 -89.175571 -7899.052419 -7698.722473 0.131827 0.979143 -0.154600 -0.902003 0.053805 -0.428365 0.411112 -0.195920 -0.890282
-14.538482 -54.031618 177.587012 523.067817 0.584152 0.719777 -0.375083 0.270295 -0.608265 -0.746294 0.765315 -0.334566 0.549871
-16.860242 -55.021814 39.025015 -1486.672883 0.586627 0.671244 -0.453101 -0.234679 0.676373 0.698173 0.775110 -0.303234 0.554305
480.589717 -33.894602 143494.640979 8194.711066 -0.264006 0.667533 -0.696204 0.950156 0.304108 -0.068721 0.165848 -0.679645 -0.714547
1701.679029 -12.378893 -163905.400422 32530.766770 0.060285 -0.398053 -0.915379 0.881809 0.450957 -0.138025 0.467738 -0.798869 0.378193
374.854033 -11.602570 113996.970772 2645.870991 -0.374643 0.538097 -0.755046 0.911826 0.361368 -0.194900 0.167974 -0.761489 -0.626035
2859.132368 -133.533153 1589523.241834 -18996.788037 -0.027298 -0.215468 -0.976129 0.961626 0.261023 -0.084510 0.273001 -0.940979 0.200074
2.996416 -48.124128 3990.157297 -420.567945 0.107941 0.936503 -0.333633 0.924997 -0.217590 -0.311505 0.364320 0.274985 0.889749
15.258341 -46.467699 -6171.774535 -2274.545306 0.011703 -0.950335 0.311010 0.961422 -0.074792 -0.264714 0.274827 0.302109 0.912798
-0.786265 -209.536095 300.079369 -25585.963085 0.522605 0.005302 0.852558 0.482932 0.822247 -0.301143 -0.702610 0.569106 0.427150
7.652608 -6.075994 11464.762089 -1203.234601 0.718117 -0.633665 -0.287708 -0.552700 -0.268088 -0.789083 -0.422883 -0.725670 0.542745
-13.671695 -24.606067 2476.157126 9045.668291 -0.257606 -0.471671 -0.843306 0.845022 -0.533225 0.040109 -0.468590 -0.702280 0.535935
-3.355778 -21.213130 7495.157556 5934.171491 0.212311 -0.664342 -0.716641 0.857855 -0.224497 0.462261 -0.467983 -0.712917 0.522246
-4.007996 -13.822963 8610.336719 6480.968490 0.902578 -0.283229 0.324244 0.075146 -0.637932 -0.766417 -0.423918 -0.716117 0.554500
11.082384 -13.279072 7919.627732 5223.977991 0.478093 -0.700109 -0.530354 0.751592 0.013668 0.659487 -0.454463 -0.713906 0.532731
2.742978 -552.383125 -6766.170547 -67269.461959 -0.389791 -0.295662 -0.872151 0.884593 0.143105 -0.443865 0.256044 -0.944513 0.205759
10.756022 -703.757976 -3393.935046 -224666.500335 -0.417672 -0.312267 -0.853252 0.882033 -0.364769 -0.298265 -0.218102 -0.877173 0.427784
1.853700 -338.543897 -432.549137 -62612.141534 -0.436492 -0.256122 -0.862483 0.814988 -0.518657 -0.258436 -0.381142 -0.815718 0.435126
1.949102 -446.932136 -4252.314809 -97639.284541 -0.415235 -0.275697 -0.866932 0.908874 -0.166676 -0.382318 -0.039092 -0.946684 0.319783
39.352371 -185.437793 15909.386583 -93740.016374 0.621922 -0.517644 0.587587 -0.484098 0.335646 0.808078 0.615518 0.787011 0.041845
-102.715548 -195.911896 -4383.694869 17978.870672 -0.485335 0.753486 -0.443520 0.318353 -0.320157 -0.892273 0.814311 0.574247 0.084491
-59.200247 -127.043489 11218.976911 -13068.766519 0.740058 -0.564459 0.365650 -0.406366 0.057917 0.911873 0.535892 0.823427 0.186515
10.737978 -33.772907 3104.488848 1925.243942 -0.659410 0.751379 -0.024656 0.106831 0.061190 -0.992393 0.744154 0.657028 0.120619
4.611101 -28.231130 1539.084781 2254.132110 -0.656574 0.754190 -0.010373 0.046463 0.026716 -0.998563 0.752829 0.656112 0.052583
-11.359136 -27.060144 361.387118 3023.398486 -0.563572 0.719636 0.405600 -0.225445 0.338372 -0.913608 0.794708 0.606324 0.028459
-11.049580 -26.419280 367.810659 2764.169625 -0.598554 0.730309 0.329215 -0.177119 0.280144 -0.943477 0.781257 0.623032 0.038330
-12.687585 -32.033975 -277.282856 2150.232410 -0.586442 0.724116 0.362963 -0.136251 0.353534 -0.925446 0.798449 0.592174 0.108666
-12.501000 -34.248620 12.775417 888.293704 -0.557769 0.718043 0.416302 -0.123835 0.423963 -0.897174 0.820706 0.551968 0.147555
-0.940030 -65.407400 49.164146 4693.040203 0.080779 0.964299 0.252193 0.341922 -0.264476 0.901744 -0.936250 -0.013388 0.351079
-2.229131 -65.710698 -299.023466 4358.491247 0.077149 0.967104 0.242400 0.339413 -0.254079 0.905672 -0.937468 -0.012402 0.347850
-0.776539 -63.346732 63.422491 -3527.479887 0.083782 0.962088 0.259553 0.409198 -0.270711 0.871362 -0.908591 -0.033204 0.416365
-0.015765 -62.458292 354.145884 -1869.128627 0.087695 0.962378 0.257172 0.390958 -0.270703 0.879700 -0.916221 -0.023398 0.399989
-15.989731 -40.908578 3069.704724 5950.725586 -0.100872 -0.543855 -0.833095 0.825628 -0.512984 0.234915 -0.555124 -0.664130 0.500767
-20.079398 -43.097442 488.053206 6753.540200 -0.400541 -0.383653 -0.832092 0.743362 -0.666995 -0.050297 -0.535705 -0.638692 0.552352
-0.526073 -28.648147 6265.402773 5877.144842 0.260968 -0.681999 -0.683208 0.828092 -0.205589 0.521534 -0.496146 -0.701862 0.511105
-94.894120 -909.649763 159.076823 -287323.431680 0.792804 0.230323 -0.564281 0.464140 -0.828217 0.314055 0.395013 0.510890 0.763516
-105.985177 -2371.534539 12465.055401 -1169791.879012 -0.290114 -0.299691 0.908856 0.013195 0.948358 0.316929 -0.956901 0.103938 -0.271177
-54.645992 -62.552761 1755.249353 1721.747774 -0.642816 0.324921 0.693696 0.759459 0.388600 0.521739 -0.100046 0.862216 -0.496563
-53.492319 -61.144109 -813.880598 1591.357656 0.707492 -0.366420 -0.604311 0.705677 0.319810 0.632251 0.038405 0.873761 -0.484837
-54.147488 -63.549948 437.220712 -44.430500 0.767145 -0.364047 -0.528165 0.640652 0.476480 0.602106 -0.032465 0.800273 -0.598757
-52.933257 -62.725533 1481.067092 -914.802889 0.764214 -0.471280 -0.440309 0.637275 0.446674 0.627983 0.099281 0.760511 -0.641690
-54.699357 -62.161393 -938.284237 26.097655 -0.624468 0.453435 0.635953 0.768659 0.501237 0.397396 -0.138570 0.736993 -0.661544
-53.623985 -62.737082 2513.830693 -1719.616405 0.725878 -0.471496 -0.500791 0.687571 0.517121 0.509738 -0.018630 0.714337 -0.699554
5.973242 -40.151847 -4488.028908 2316.902583 -0.450657 0.874873 0.177496 -0.714507 -0.472695 0.515790 -0.535152 -0.105622 -0.838127
12.587719 -46.098301 -2342.801500 896.145703 -0.348237 0.918919 0.185253 -0.824754 -0.394274 0.405375 -0.445547 0.011622 -0.895183
10.485410 -44.719805 472.524542 2006.672946 -0.346259 0.910044 0.227869 -0.742567 -0.414307 0.526255 -0.573323 -0.013013 -0.819226
4.762689 -42.819431 -6123.839970 899.442815 -0.383278 0.917278 0.108159 -0.827658 -0.393067 0.400599 -0.409975 -0.064022 -0.909847
15.099458 -41.044619 -1706.552846 2542.579627 -0.405965 0.886660 0.221421 -0.673457 -0.454029 0.583364 -0.617777 -0.087708 -0.781447
11.170915 -36.429200 -3567.650932 1672.052976 -0.489098 0.842828 0.224553 -0.632289 -0.519942 0.574344 -0.600828 -0.138928 -0.787213
2.741423 -33.096423 -5123.958304 1482.732288 -0.585931 0.763741 0.270897 -0.555432 -0.621916 0.552011 -0.590069 -0.172976 -0.788605
-4.478104 -38.130155 -6197.389363 1915.458225 -0.422255 0.895874 0.138245 -0.777619 -0.436367 0.452650 -0.465843 -0.083632 -0.880906
-9.402908 -33.031385 -4732.189972 2047.206665 -0.547223 0.795148 0.261318 -0.627575 -0.596378 0.500483 -0.553802 -0.109879 -0.825366
-9.340548 -37.061068 -2806.488891 -1012.356191 -0.114497 -0.040907 -0.992581 -0.630593 0.775041 0.040799 0.767622 0.630586 -0.114535
-12.424571 -39.964364 -2594.016712 -544.560782 -0.124411 -0.063589 -0.990191 -0.698318 0.714563 0.041851 0.704893 0.696675 -0.133305
-9.526621 -43.896612 1852.938780 2543.182615 0.161121 0.031922 0.986418 0.751221 -0.652184 -0.101599 0.640083 0.757388 -0.129061
-2.997464 -26.050249 5828.062880 1747.446385 -0.234753 0.966174 0.106761 0.165864 -0.068406 0.983773 -0.957799 -0.248652 0.144195
9.662830 -27.460076 3942.799136 2420.672599 -0.260766 0.960747 0.094690 0.155665 -0.054955 0.986280 -0.952769 -0.271928 0.135225
8.083623 -30.794821 2694.314481 1705.535823 -0.270768 0.955261 0.119000 0.065568 -0.105030 0.992305 -0.960409 -0.276487 0.034196
-5.544895 -45.059008 2451.062003 -1738.069200 -0.360621 0.900587 0.242684 -0.801166 -0.432319 0.413803 -0.477583 0.045204 -0.877423
-7.748042 -44.630114 1524.277668 -1166.504729 -0.378255 0.897714 0.225906 -0.807676 -0.439289 0.393300 -0.452309 0.033691 -0.891225
-12.008944 -46.896332 358.932965 -2119.119494 -0.422974 0.879563 0.217859 -0.760203 -0.475286 0.442939 -0.493138 -0.021735 -0.869679
-0.932790 -66.528465 3.060914 2351.233523 -0.428601 0.903201 -0.023002 0.417365 0.175347 -0.891661 0.801316 0.391767 0.452118
-0.603356 -63.453604 686.037492 2009.819969 -0.446220 0.894848 0.011630 0.419182 0.220474 -0.880725 0.790679 0.388122 0.473484
1.181486 -64.852635 474.469589 -788.543250 -0.454529 0.889989 0.036363 0.551293 0.313148 -0.773314 0.699628 0.331447 0.632980
-2.030706 -64.017728 389.459905 2564.819554 -0.430711 0.902483 -0.003421 0.386940 0.181240 -0.904118 0.815331 0.390738 0.427269
5.246237 -91.075075 1021.160815 1457.289394 -0.617408 0.781684 0.088194 -0.778406 -0.623273 0.074937 -0.113546 0.022384 -0.993281
1.724488 -86.495617 1789.659828 -1991.390465 -0.607181 0.787280 0.107338 0.794352 0.604568 0.059173 -0.018307 0.121193 -0.992460
3.448356 -84.401477 2213.961984 -109.412352 -0.568841 0.813666 0.119866 -0.802585 -0.581012 0.135210 -0.179660 0.019290 -0.983540
568.614557 -45.242605 171831.510284 3741.985741 -0.353458 0.931458 0.086330 0.842041 0.357005 -0.404368 0.407472 0.070234 0.910513
34.096770 -30.238998 15279.236446 2493.131513 -0.101703 0.987104 0.123619 0.177366 -0.104280 0.978605 -0.978876 -0.121453 0.164473
33.449913 -23.324073 10660.789234 739.478185 -0.153490 0.971921 0.178357 0.225278 -0.141325 0.963990 -0.962128 -0.188142 0.197260
31.822352 -17.872233 6784.804580 2603.575240 -0.199077 0.956704 0.212336 0.307793 -0.144668 0.940391 -0.930393 -0.252566 0.265666
