13303
26597
-36.043530 -59.846437 2261.072717 8036.984663 0.110620 -0.971042 0.211755 0.985923 0.080338 -0.146636 0.125377 0.224995 0.966260
-42.431401 -72.624480 785.011894 8983.784578 0.163429 -0.950771 0.263297 0.986507 0.160123 -0.034119 -0.009721 0.265320 0.964111
-27.410413 -93.664786 5403.625940 16778.007385 0.362070 -0.923444 0.127107 0.930519 0.349995 -0.107879 0.055133 0.157336 0.986005
-43.097926 -64.612743 88.860502 4902.553040 -0.311650 -0.895434 0.317918 0.950171 -0.291201 0.111253 -0.007042 0.336748 0.941568
-17.192901 -75.616285 -6134.927813 15658.024328 -0.254068 0.963873 -0.079991 0.952082 0.234684 -0.196119 0.170261 0.125985 0.977312
-21.611688 -46.872098 -4613.136270 6979.610972 -0.055956 0.989550 -0.132892 0.971956 0.023539 -0.233982 0.228409 0.142257 0.963116
-29.547186 -41.333642 1473.750749 3294.220691 -0.508830 -0.808267 0.296305 0.834543 -0.547597 -0.060627 0.211258 0.216431 0.953167
-35.577549 -51.178235 -459.238703 3543.174483 -0.597386 -0.732573 0.326291 0.789808 -0.607983 0.080997 0.139043 0.306093 0.941793
-41.914543 -65.888620 100.872822 2144.849865 0.800755 -0.210028 -0.560963 0.526646 -0.199307 0.826390 0.285369 0.957165 0.048986
-40.651592 -61.384189 432.612740 2191.167722 0.835308 -0.269676 -0.479099 0.393164 -0.316119 0.863418 0.384296 0.909584 0.158030
-40.941709 -62.935413 512.258010 2702.484051 0.772660 -0.361752 -0.521663 0.491395 -0.179427 0.852254 0.401905 0.914845 -0.039127
-41.678371 -66.767749 54.641515 804.534191 0.746942 -0.307668 -0.589422 0.606848 -0.046773 0.793440 0.271686 0.950343 -0.151771
-42.637947 -69.072239 45.936312 521.095126 0.773754 -0.166537 -0.611203 0.613061 -0.046165 0.788685 0.159562 0.984954 -0.066377
12.655934 -22.611801 4015.580142 -7610.670144 0.061983 0.910595 -0.408626 0.703606 0.250509 0.664969 -0.707882 0.328728 0.625173
3.112054 -18.095991 -1291.733095 -1913.380004 0.030079 0.917794 -0.395916 0.744324 0.243805 0.621724 -0.667141 0.313391 0.675803
1.258883 -23.952998 -1758.710505 -2776.508045 -0.056530 0.896358 -0.439712 0.765643 0.321581 0.557114 -0.640777 0.305169 0.704469
12.660221 -27.352770 5011.617055 -3862.794918 0.006965 0.898874 -0.438152 0.762482 0.278712 0.583902 -0.646972 0.338150 0.683434
-17.736156 -24.120395 1566.588249 2767.712531 -0.274182 0.798661 0.535692 -0.455013 0.383005 -0.803909 0.847223 0.464164 -0.258388
-15.647443 -18.647913 3225.633879 1205.262937 -0.578039 0.570560 -0.583380 -0.095300 0.662823 0.742686 0.810425 0.484898 -0.328763
-15.307861 -20.810758 1413.378977 2900.083597 -0.330661 0.795715 0.507445 -0.462331 0.332173 -0.822138 0.822748 0.506456 -0.258047
-20.921593 -24.878140 1178.112836 2410.596354 -0.317241 0.884893 0.341061 -0.398450 0.201984 -0.894673 0.860579 0.419723 -0.288508
-16.249684 -29.665765 1509.407259 1792.338614 -0.273637 0.773141 0.572168 -0.397798 0.450642 -0.799174 0.875717 0.446291 -0.184241
-19.027336 -31.290178 1592.950577 1558.383399 -0.232136 0.799443 0.554080 -0.377437 0.450972 -0.808805 0.896468 0.396883 -0.197052
-61.387708 -90.147864 -4973.153589 3591.612229 0.719245 0.005713 0.694733 -0.105802 0.989204 0.101401 -0.686654 -0.146436 0.712084
-62.345797 -84.281909 -4732.614430 6209.294704 0.753627 0.040416 0.656059 -0.032014 0.999180 -0.024780 -0.656523 -0.002328 0.754303
-55.404163 -79.969390 -5233.322170 6733.100240 0.683846 -0.087841 0.724320 0.095488 0.994963 0.030511 -0.723351 0.048299 0.688789
3.541880 -96.133722 1918.719966 -3385.136322 0.223318 0.974735 -0.004461 -0.932218 0.212236 -0.293132 0.284779 -0.069620 -0.956062
7.132158 -91.511624 -2.332918 -176.029696 0.253084 0.966327 -0.046490 -0.941754 0.235078 -0.240495 0.221467 -0.104647 -0.969537
6.883652 -82.139083 861.864736 -7774.035818 0.234634 0.971633 -0.029617 -0.854085 0.191507 -0.483594 0.464204 -0.138763 -0.874791
393.940599 -32.872851 494861.153398 -3515.403693 -0.101643 0.987147 -0.123328 -0.785383 -0.003534 0.619000 -0.610608 -0.159777 -0.775647
333.592012 -35.154572 356021.743105 -4486.255677 -0.008892 0.989196 -0.146327 -0.741873 0.091591 0.664255 -0.670481 -0.114463 -0.733044
880.884276 -35.286126 1172719.643797 -5147.379516 -0.115296 0.982769 -0.144472 -0.770576 0.003290 0.637340 -0.626833 -0.184809 -0.756919
877.744316 -38.045626 1142737.243854 -381.928442 -0.268544 0.931797 -0.244210 -0.781553 -0.062569 0.620693 -0.563080 -0.357546 -0.745051
1036.849723 -40.870726 735889.368539 -2692.257801 -0.296649 0.865249 -0.404157 -0.794355 0.011349 0.607348 -0.530095 -0.501213 -0.683948
23.523951 -52.532137 -10171.746383 5332.494183 0.686129 0.134132 0.715007 -0.411613 -0.738822 0.533588 -0.599835 0.660417 0.451717
34.069207 -56.657399 -3689.473030 7736.192855 0.658807 -0.030951 0.751675 -0.582593 -0.653145 0.483722 -0.475981 0.756600 0.448328
30.579943 -43.030034 -1346.497196 3667.167998 0.751915 0.105795 0.650716 -0.378629 -0.738718 0.557616 -0.539688 0.665660 0.515396
41.473549 -95.804471 3359.907270 8807.112264 0.867547 0.335234 0.367398 0.451057 -0.841552 -0.297217 -0.209547 -0.423567 0.881295
39.919939 -97.216177 2293.989698 6188.418115 0.822426 0.484494 0.298131 0.555213 -0.797776 -0.235144 -0.123915 -0.358915 0.925108
52.496676 -86.461980 4386.561696 16876.998795 0.842205 0.415224 0.343918 0.533294 -0.735371 -0.418122 -0.079293 -0.535555 0.840770
21.158445 -96.484107 2027.227500 3925.134240 0.855566 0.388891 0.341716 -0.428596 0.902314 0.046207 -0.290366 -0.185992 0.938667
62.482378 -89.017276 -1463.814865 17119.672414 0.872028 0.226105 0.434100 0.436376 -0.760840 -0.480310 -0.221680 -0.608275 0.762141
49.308863 -96.969403 -1862.610498 8085.923284 0.875515 0.146143 0.460560 0.322300 -0.886771 -0.331300 -0.359994 -0.438497 0.823483
27.316709 -98.600061 4080.642102 6632.137297 0.894234 0.213710 0.393285 -0.267686 0.959549 0.087236 -0.358733 -0.183286 0.915269
9.034745 -129.284049 -483.683665 -15101.765853 0.098061 0.971884 0.214068 0.454688 -0.235095 0.859063 -0.885236 -0.013093 0.464958
13.276416 -138.064810 -474.395532 -15868.585673 0.125372 0.978658 0.162822 0.343330 -0.196774 0.918370 -0.930810 0.059236 0.360673
16.332961 -164.384060 -1927.360811 -20234.691416 0.145945 0.962188 0.229989 0.539698 -0.272274 0.796614 -0.829112 -0.007863 0.559027
5.125824 -131.959758 -1601.061924 -2954.361177 -0.633839 0.021329 -0.773171 0.766559 -0.115960 -0.631617 -0.103129 -0.993025 0.057150
5.190565 -134.042924 -1702.589879 -6457.885351 -0.637384 0.013465 -0.770429 0.765821 0.121631 -0.631446 0.085206 -0.992484 -0.087838
8.566662 -133.921783 -1521.373784 1739.882432 -0.629355 0.040621 -0.776055 0.773532 -0.063080 -0.630610 -0.074570 -0.997181 0.008278
8.578985 -137.409464 -1674.017440 2423.036490 -0.643244 0.046026 -0.764277 0.730913 -0.260387 -0.630844 -0.228043 -0.964407 0.133851
-35.975844 -86.666922 4241.549195 8849.574911 0.771272 -0.072754 0.632334 -0.493256 -0.696206 0.521532 -0.402292 0.714146 0.572850
-35.595653 -84.360079 -192.707566 10341.997600 0.736202 -0.003187 0.676754 -0.467491 -0.725455 0.505140 -0.489345 0.688262 0.535572
-28.864636 -69.595206 -989.646312 -9043.941713 0.801469 0.119355 0.586004 0.241123 0.832212 -0.499282 -0.547272 0.541458 0.638214
-30.594983 -85.085130 4398.666575 9628.102174 0.798249 -0.085236 0.596266 -0.447109 -0.747174 0.491757 -0.403599 0.659140 0.634541
-30.294930 -101.275615 4510.055403 6370.816798 0.762350 -0.159620 0.627171 -0.599561 -0.539008 0.591606 -0.243618 0.827038 0.506615
-3.982116 -308.403424 -3233.057108 55992.685384 -0.633351 -0.036979 -0.772980 0.248143 0.936410 -0.248116 0.733001 -0.348954 -0.583901
-1.750344 -220.303192 -2482.786149 12338.875598 -0.599631 0.045582 -0.798978 0.042815 0.998774 0.024848 0.799131 -0.019309 -0.600847
-2.492387 -353.877153 -3439.923194 78749.255705 -0.616271 -0.023485 -0.787184 0.118974 0.985307 -0.122538 0.778495 -0.169171 -0.604422
464.035356 30.963178 43935.540847 17446.378869 -0.655483 -0.354801 0.666677 0.677495 -0.666301 0.311518 0.333680 0.655865 0.677125
-23.302873 -3932.445764 -49640.239278 682648.059163 -0.694603 0.640242 -0.328049 0.336855 0.692389 0.638065 0.635653 0.332697 -0.696604
-5.110108 -276.990386 -937.147689 104034.737658 0.642416 -0.722580 0.255304 -0.343685 0.026115 0.938722 0.684968 0.690794 0.231564
-969.649544 -84127.399844 -4163.489105 -10671731.223774 -0.667577 0.559197 -0.491569 0.463089 0.828839 0.313966 0.583000 -0.018044 -0.812272
31.225232 -1432.332461 6889.098588 -653881.137219 0.973868 -0.210397 0.085520 -0.048936 -0.562100 -0.825620 -0.221779 -0.799860 0.557707
201.209664 -32332.198021 42990.844828 26552772.959522 0.774336 -0.543841 0.323482 -0.563251 -0.359425 0.744017 0.288359 0.758321 0.584635
22.851214 -44.689972 -1102.555326 -2493.063475 0.558084 -0.019161 0.829563 -0.146623 0.981725 0.121315 -0.816727 -0.189337 0.545076
22.175961 -40.430593 -654.003382 -3331.496338 0.628365 -0.105420 0.770743 -0.100525 0.971464 0.214829 -0.771397 -0.212470 0.599837
18.292806 -30.343105 37.646773 -7561.721470 0.556287 0.049476 0.829516 -0.276075 0.952531 0.128327 -0.783790 -0.300395 0.543540
-365.787254 -592.397310 -26686.062640 171542.795971 0.704676 -0.448749 -0.549596 -0.217412 0.600769 -0.769291 0.675399 0.661590 0.325783
-62.248786 -1863.968554 -19376.350881 -976512.972890 -0.294898 -0.595020 0.747653 0.927690 -0.365780 0.074804 0.228966 0.715651 0.659863
191.402207 -3630.199963 -146249.791691 2269871.921246 0.415710 0.203949 -0.886335 -0.147380 0.976759 0.155632 0.897477 0.065930 0.436107
-136.160516 -459.200816 -51120.496263 -130138.788640 0.819235 0.208095 -0.534370 0.569499 -0.404538 0.715555 0.067270 0.890531 0.449922
-507.916726 -6502.558150 116394.927998 -2477968.081069 0.397196 0.294919 -0.869056 0.298265 0.854068 0.426152 0.867913 -0.428475 0.251268
-129.478840 -439.173937 14296.777759 108990.649629 0.562479 -0.045725 -0.825546 -0.494147 0.781936 -0.379993 0.662899 0.621680 0.417228
-29.951074 -272.667840 -3932.346349 -79801.842880 0.892989 -0.073177 -0.444090 0.369091 -0.445598 0.815606 0.257569 0.892237 0.370905
-137.256093 -454.846884 40369.735018 -73654.050415 -0.013244 0.976172 0.216593 0.999259 0.020749 -0.032415 -0.036137 0.216003 -0.975724
-26.640587 -390.855692 13927.243782 -16312.743158 -0.008861 0.971895 0.235248 -0.968765 0.049960 -0.242896 0.247823 0.230052 -0.941095
-130.638315 -1250.635968 45397.860627 -456579.229131 0.034469 0.972017 0.232368 -0.798353 0.166647 -0.578672 0.601202 0.165565 -0.781757
-31.409590 -803.086723 22921.600501 250638.020933 -0.028527 0.954672 0.296290 -0.958976 -0.109774 0.261370 -0.282048 0.276679 -0.918639
-172.896313 -994.555611 34296.167398 327165.031482 0.154639 0.971161 0.181473 -0.808065 0.018645 0.588798 -0.568434 0.237694 -0.787645
80.266261 -4647.979071 25402.752805 1650950.897963 0.269808 0.956074 0.114568 -0.783395 0.148764 0.603458 -0.559907 0.252570 -0.789121
-4.159348 -21.360457 -1820.604861 3034.147118 -0.119740 0.966101 0.228715 0.959374 0.053316 0.277055 -0.255469 -0.252598 0.933236
-2.463073 -17.110362 1540.276362 1270.703312 0.281249 -0.943580 -0.174804 0.935439 0.228925 0.269347 -0.214133 -0.239272 0.947046
-8.415693 -23.218109 -1591.097719 3387.949359 -0.007727 0.969189 0.246199 0.969666 -0.052891 0.238642 -0.244311 -0.240574 0.939381
-9.859360 -30.844592 -1676.813925 3866.629247 0.073937 0.959261 0.272675 0.948355 -0.152207 0.278308 -0.308473 -0.238015 0.920974
-5.390367 -29.695672 -1784.040335 4072.016562 -0.022094 0.965534 0.259337 0.950087 -0.060467 0.306068 -0.311201 -0.253155 0.916006
-38.576335 -60.805632 -905.793708 426.556533 -0.625484 0.189828 0.756793 0.459022 0.873864 0.160186 -0.630926 0.447579 -0.633723
-38.281911 -59.113666 646.380970 561.929889 0.614591 -0.202392 -0.762440 0.557029 0.795724 0.237785 -0.558567 0.570842 -0.601783
-38.802465 -60.599062 660.365728 149.841333 -0.703527 0.180602 0.687337 0.443819 0.867031 0.226456 -0.555044 0.464371 -0.690134
-12.559293 -42.103140 -11047.476525 -1662.405811 0.837142 0.359763 -0.412025 -0.482608 0.840346 -0.246796 -0.257456 -0.405450 -0.877113
-7.338874 -28.234900 -12132.427696 -6801.984644 0.963357 -0.056958 -0.262105 -0.079642 0.872380 -0.482296 -0.256126 -0.485498 -0.835877
-33.434733 -45.565736 -375.426370 6434.806061 0.383566 0.790221 -0.477942 0.902923 -0.429562 0.014400 -0.193926 -0.437068 -0.878274
-33.004943 -59.234304 3868.277872 10561.787313 0.414289 0.814480 -0.406186 0.892074 -0.451874 0.003777 -0.180469 -0.363912 -0.913783
72.451499 -56.662454 -1250.289165 -14280.245762 -0.270810 0.639432 -0.719576 -0.412181 0.598494 0.686959 -0.869925 -0.482630 -0.101484
65.752900 -79.759334 174.741546 -7953.149461 0.323085 -0.626045 0.709706 -0.238047 0.672053 0.701198 -0.915942 -0.395490 0.068102
71.222369 -59.733171 -2997.329307 -12987.241014 0.360496 -0.577845 0.732215 -0.367553 0.633481 0.680886 -0.857291 -0.514584 0.015979
74.810569 -39.972116 -3545.563308 -13383.630897 0.320500 -0.573956 0.753561 -0.483494 0.584972 0.651185 -0.814563 -0.573047 -0.090021
77.442764 -34.673871 -2489.008458 -13390.408902 -0.253721 0.624810 -0.738403 -0.513417 0.559980 0.650250 -0.819773 -0.544090 -0.178710
-16.870959 -43.291907 -2114.277927 777.838108 -0.175178 0.888131 0.424896 0.943367 0.274912 -0.185693 -0.281728 0.368303 -0.885992
-14.413474 -45.161314 -2490.849413 -746.714878 -0.131962 0.904722 0.405048 -0.900029 -0.280585 0.333496 -0.415372 0.320547 -0.851303
-20.815308 -45.410181 -2188.558971 -483.366043 -0.165587 0.872100 0.460458 -0.900211 -0.324337 0.290561 -0.402742 0.366396 -0.838781
-22.998680 -42.496673 -2213.002744 563.394737 -0.302407 0.829081 0.470293 0.941077 0.338068 0.009150 -0.151405 0.445349 -0.882463
-17.113348 -40.620493 -1487.238906 484.099871 -0.259850 0.863721 0.431814 0.953983 0.298912 -0.023818 -0.149646 0.405755 -0.901648
-24.073062 -44.279767 -2896.072694 601.071042 -0.234610 0.849292 0.472929 0.932206 0.334489 -0.138233 -0.275590 0.408437 -0.870189
-2.498453 -37.191349 -993.863255 -3214.719764 -0.118045 0.974992 0.188299 0.075568 -0.180255 0.980713 -0.990129 -0.129998 0.052401
-5.341373 -42.253479 -1481.001126 -982.905035 -0.128894 0.974250 0.184994 0.178086 -0.160777 0.970792 -0.975537 -0.158074 0.152777
-4.563881 -37.071017 -341.695840 -3574.990396 -0.107835 0.988496 0.106049 0.053987 -0.100691 0.993452 -0.992702 -0.112854 0.042508
-2.134216 -42.209099 -1746.782513 -686.901071 -0.117678 0.959860 0.254598 0.185049 -0.230693 0.955268 -0.975658 -0.159527 0.150474
-0.562457 -30.219589 -875.389391 -5168.822053 -0.115603 0.974410 0.192775 -0.020555 -0.196381 0.980312 -0.993083 -0.109364 -0.042731
0.933133 -35.196105 -1916.399836 -3640.969295 -0.124752 0.957127 0.261428 0.061560 -0.255512 0.964844 -0.990276 -0.136459 0.027045
4.143865 -70.448227 -936.957141 3737.066044 -0.226433 0.927527 0.297357 -0.934677 -0.292809 0.201597 -0.274055 0.232284 -0.933240
6.139481 -75.245419 -375.454975 3797.965205 -0.242321 0.913463 0.326902 -0.927269 -0.317174 0.198928 -0.285398 0.254922 -0.923885
3.080130 -64.148846 -582.232739 1377.645620 -0.293693 0.900711 0.320101 -0.849642 -0.399417 0.344347 -0.438011 0.170839 -0.882587
2.640050 -163.710064 -278.687719 -956.760118 -0.287005 0.874258 0.391537 -0.472060 -0.484738 0.736334 -0.833539 -0.026502 -0.551824
1.476358 -151.384536 -344.849740 -2239.232792 -0.313685 0.861549 0.399168 -0.454676 -0.505346 0.733414 -0.833590 -0.048569 -0.550244
0.981530 -150.427734 -331.063261 -9691.623070 -0.268822 0.887065 0.375301 -0.716115 -0.444644 0.538025 -0.644138 0.124125 -0.754771
2.202741 -162.513200 -309.709241 -10645.294509 -0.246747 0.895790 0.369698 -0.734518 -0.421730 0.531626 -0.632138 0.140373 -0.762035
-0.509270 -130.648882 -285.213020 -13234.391993 -0.245237 0.899631 0.361279 -0.877708 -0.364286 0.311327 -0.411689 0.240748 -0.878950
0.967562 -141.634766 -410.008349 -16747.804910 -0.224632 0.908199 0.353151 -0.895492 -0.335301 0.292691 -0.384233 0.250496 -0.888604
81.019255 -35.392050 29404.541497 3090.881574 -0.025043 0.987456 -0.155897 0.373341 0.153901 0.914839 -0.927356 0.035292 0.372512
37.154752 -36.287640 19529.686330 1817.107135 0.040053 0.991028 -0.127510 0.363822 0.104388 0.925601 -0.930607 0.083464 0.356377
50.951337 -29.891046 22864.928253 1532.077454 0.023039 0.992530 -0.119803 0.437198 0.097766 0.894036 -0.899070 0.072975 0.431680
65.930557 -24.488917 12442.557682 1084.726557 -0.179522 0.978432 -0.102188 0.413743 0.169337 0.894506 -0.892518 -0.118304 0.435219
57.159067 -23.513910 16412.469092 9859.976482 0.294839 0.951451 -0.088379 0.668493 -0.139294 0.730558 -0.682779 0.274478 0.677107
54.486406 -33.809751 15554.866602 4822.271209 0.340389 0.939900 0.026882 0.522136 -0.212715 0.825909 -0.781990 0.267094 0.563162
27.721506 -22.662026 11265.799207 4112.222608 0.381010 0.922609 -0.060201 0.555541 -0.176402 0.812562 -0.739057 0.343038 0.579758
34.255677 -11.786340 10890.691987 6093.918574 0.337958 0.923742 -0.180239 0.661511 -0.096920 0.743646 -0.669468 0.370551 0.643820
11.949317 -18.954413 5938.413307 5283.902179 0.321446 0.933544 -0.158647 0.633126 -0.087301 0.769110 -0.704147 0.347670 0.619114
1.318612 -96.301904 1024.624149 -6954.690413 0.878713 0.141171 0.455999 -0.223778 0.965622 0.132279 -0.421648 -0.218277 0.880095
0.143008 -96.049655 91.838238 -5576.345999 0.876560 0.128798 0.463739 -0.219364 0.964543 0.146753 -0.428395 -0.230365 0.873733
-0.013782 -89.276006 533.645045 -8038.555692 0.879939 0.121936 0.459171 -0.270921 0.922739 0.274143 -0.390268 -0.365628 0.844990
0.668570 -104.854525 412.840843 -7419.375888 0.876018 0.135564 0.462834 -0.155775 0.987777 0.005520 -0.456428 -0.076934 0.886428
1.308967 -98.036260 1014.190242 -10346.157335 0.869278 0.156433 0.468919 -0.270029 0.944838 0.185377 -0.414054 -0.287766 0.863568
2.496770 -108.901481 1512.022342 -7349.953678 0.882921 0.139567 0.448298 -0.158293 0.987383 0.004359 -0.442033 -0.074811 0.893873
-12.061055 -118.072714 -6778.665130 20704.628452 0.675334 0.095842 0.731258 0.054545 0.982314 -0.179120 -0.735493 0.160852 0.658162
-15.834952 -117.332949 -2289.371052 23529.158686 0.738278 0.147149 0.658249 0.039310 0.964867 -0.259781 -0.673350 0.217666 0.706556
-4.316290 -95.496191 -6876.748242 21866.348055 0.676094 0.049176 0.735173 0.230867 0.933388 -0.274750 -0.699712 0.355484 0.619705
-20.374887 -143.790574 -1660.504029 13814.012184 0.739574 0.145047 0.657260 -0.147425 0.987701 -0.052082 -0.656731 -0.058379 0.751862
-2.740594 -108.695070 -5588.190472 18370.393808 0.676420 -0.022178 0.736182 0.167371 0.978024 -0.124321 -0.717247 0.207309 0.665267
77.387926 -53.323704 10698.741254 -15884.300951 0.790402 -0.048374 0.610675 0.470468 -0.590515 -0.655708 -0.392332 -0.805576 0.443986
60.636594 -73.640618 12809.457197 -23050.648064 0.848459 0.035090 0.528096 0.439361 -0.603025 -0.665825 -0.295091 -0.796950 0.527059
75.310621 -113.996901 9356.477623 -34816.126972 0.825087 -0.116057 0.552957 0.437943 -0.486983 -0.755681 -0.356983 -0.865667 0.350977
70.782299 -36.265476 9422.321954 -7153.957945 0.779627 -0.010353 0.626159 0.481218 -0.629955 -0.609578 -0.400763 -0.776563 0.486148
80.696559 -44.016983 2903.554279 -14198.258182 0.717420 -0.180169 0.672939 0.469444 -0.588682 -0.658085 -0.514714 -0.788031 0.337753
21022.233374 -867.575282 88450838.762083 -831465.840003 0.710660 -0.683330 -0.167400 -0.383368 -0.176617 -0.906552 -0.589908 -0.708425 0.387481
-6.966896 -1983.114491 4109.019096 -1023627.999408 0.316877 0.438493 0.841019 0.600802 0.593330 -0.535720 -0.733912 0.675043 -0.075434
22706.968798 -2291.551713 125275672.759113 888317.607598 0.054612 0.892374 -0.447980 0.549342 0.347796 0.759777 -0.833811 0.287587 0.471225
-972.388010 -10686.320248 -573654.972182 -8463415.478142 0.746567 0.018235 0.665060 0.606062 -0.431010 -0.668521 -0.274457 -0.902163 0.332829
-719.172499 -21616.260090 -348831.050045 -38303396.972412 -0.588717 -0.107622 -0.801143 -0.113710 0.992268 -0.049737 0.800302 0.061817 -0.596402
1.278266 -32.130801 -2522.897120 124.581880 -0.150226 0.923294 0.353499 0.988647 0.141399 0.050829 -0.003055 0.357121 -0.934053
3.092391 -34.614621 -2979.510818 741.823660 -0.133360 0.928028 0.347819 0.986473 0.158052 -0.043472 -0.095317 0.337317 -0.936553
-5.530669 -34.366103 -2862.429829 238.090286 -0.225148 0.908099 0.353080 0.974237 0.214694 0.069061 -0.013089 0.359532 -0.933041
-6.932728 -33.074593 -2231.592168 -213.793347 -0.291584 0.892127 0.345091 0.953116 0.240451 0.183723 0.080927 0.382482 -0.920412
-11.846693 -36.825535 -2349.544722 182.424459 -0.302512 0.877305 0.372590 0.952922 0.286851 0.098269 -0.020666 0.384777 -0.922778
-12.352036 -35.832862 -1836.511319 -414.700567 -0.381025 0.854348 0.353425 0.921301 0.318754 0.222712 0.077618 0.410469 -0.908565
-6.880250 -105.893650 1080.047945 -930.600199 -0.470840 0.684234 0.556897 0.834537 0.140722 0.532677 0.286108 0.715557 -0.637276
-9.602243 -102.509103 361.038052 -3443.714635 -0.431080 0.720548 0.543121 0.863874 0.155759 0.479021 0.260561 0.675684 -0.689607
-4.943548 -101.490516 702.730187 -4970.520586 -0.453019 0.694863 0.558515 0.888502 0.300565 0.346736 0.073064 0.653319 -0.753548
20.162500 -201.721747 -2474.916725 23198.610931 -0.149368 0.910207 0.386279 -0.486456 0.272468 -0.830133 0.860842 0.311903 -0.402078
11.411529 -182.536189 -2097.649585 2696.232005 -0.095466 0.929551 0.356119 -0.472092 0.272682 -0.838316 0.876365 0.248152 -0.412802
18.407361 -211.922445 -2774.882464 -1000.735311 -0.131389 0.904734 0.405208 -0.247875 0.365784 -0.897084 0.959841 0.218308 -0.176201
39.182397 -277.552610 -6596.099298 35659.640066 -0.193921 0.866383 0.460191 -0.261752 0.406395 -0.875402 0.945452 0.290215 -0.147969
12.419755 -185.562185 -2823.724168 -6915.020109 -0.071241 0.886864 0.456504 -0.014904 0.456670 -0.889511 0.997348 0.070173 0.019315
23.032264 -239.075236 -3556.309629 1068.919528 -0.152687 0.867163 0.474042 0.001329 0.479846 -0.877352 0.988274 0.133330 0.074419
-53.062746 -76.936724 -304.369577 4382.703298 0.125693 -0.942060 0.311006 0.976371 0.173016 0.129479 -0.175786 0.287382 0.941547
-38.881668 -96.385299 2765.355581 12678.734026 0.403617 -0.885704 0.229394 0.907234 0.419887 0.024938 -0.118408 0.198049 0.973014
-40.697981 -60.935837 421.277451 1477.982703 0.782475 -0.404346 -0.473537 0.384702 -0.284066 0.878243 0.489630 0.869374 0.066722
-45.483337 -81.566098 -3220.608929 5612.845119 0.017507 0.998980 -0.041618 -0.566904 -0.024369 -0.823423 0.823598 -0.038009 -0.565899
-41.274324 -74.939332 -622.884349 2617.997015 0.147758 0.989013 -0.004564 -0.558097 0.079568 -0.825952 0.816514 -0.124588 -0.563722
-44.376282 -70.661965 -1857.060154 4604.159097 0.023035 0.999712 0.006657 -0.709755 0.021043 -0.704134 0.704071 -0.011495 -0.710036
-53.711769 -81.272714 -2862.344208 6874.373903 -0.163803 0.985544 -0.043275 -0.607105 -0.135286 -0.783020 0.777555 0.101988 -0.620489
-0.411034 -13.144091 -822.611151 -1121.045023 0.153033 0.932432 -0.327339 0.704972 0.129121 0.697382 -0.692528 0.337488 0.637579
4.072605 -13.155139 -1353.978086 -361.123138 0.056961 0.907014 -0.417230 0.745896 0.239122 0.621658 -0.663622 0.346620 0.662918
3.235787 -14.939340 994.268962 -2423.295867 0.168366 0.933845 -0.315574 0.689580 0.117181 0.714667 -0.704367 0.337939 0.624231
-11.649329 -15.902678 3064.569669 1292.600478 -0.567013 0.444492 -0.693486 -0.219415 0.729985 0.647286 0.793948 0.519181 -0.316383
-5.820614 -19.490795 2688.227215 1324.814096 -0.539084 0.301185 -0.786559 -0.258206 0.829812 0.494714 0.801697 0.469787 -0.369571
-15.266931 -22.713333 3399.385973 1278.881109 -0.554563 0.477635 -0.681414 -0.121534 0.763598 0.634151 0.823219 0.434492 -0.365414
4.878040 -96.716957 1057.677617 -1422.158655 0.206199 0.978209 -0.024255 0.978297 -0.205574 0.025956 0.020404 -0.029081 -0.999369
8.292138 -87.016566 -547.076531 3179.432728 0.256442 0.964147 -0.068245 -0.958703 0.244739 -0.144881 0.122984 -0.102580 -0.987093
8.030062 -84.610531 -123.484918 -1661.840382 0.284196 0.957499 -0.049289 -0.895660 0.246796 -0.369979 0.342090 -0.149292 -0.927732
7.235945 -88.788995 -369.313333 -2418.049216 0.212072 0.975366 -0.060719 0.976770 -0.213513 -0.018245 -0.030760 -0.055439 -0.997988
7.108916 -193.407445 1293.919050 -1402.097728 -0.215220 -0.932413 -0.290321 0.976505 -0.208798 -0.053309 -0.010912 -0.294973 0.955443
3.966008 -184.616554 1088.680437 8792.980986 -0.229224 -0.928214 -0.293044 0.929481 -0.119346 -0.349029 0.289000 -0.352384 0.890115
1.846597 -186.489250 331.745198 -517.081930 -0.193148 -0.935288 -0.296529 0.980965 -0.190250 -0.038895 -0.020037 -0.298397 0.954231
115.025970 -37.560639 129224.756687 -3788.278424 0.091940 0.982708 -0.160724 -0.743447 0.175121 0.645460 -0.662445 -0.060146 -0.746692
201.448994 -37.416204 269187.910548 -3743.478707 0.128723 0.981884 -0.139047 -0.690500 0.189383 0.698100 -0.711786 -0.006150 -0.702369
46.089499 -73.575812 -4080.760436 -8637.753216 0.623069 -0.139399 0.769644 0.719695 0.487520 -0.494332 -0.306307 0.861912 0.404084
49.062319 -63.388984 -3989.328113 -7817.939023 0.649842 -0.150535 0.745013 0.684188 0.542774 -0.487116 -0.331046 0.826278 0.455712
35.949834 -77.689033 -6947.620852 -9304.780192 0.591141 -0.051936 0.804894 0.708001 0.511456 -0.486978 -0.386377 0.857738 0.339113
19.320856 -93.595302 -3677.003924 6066.610548 0.769077 0.535723 0.348601 -0.541500 0.835879 -0.089913 -0.339556 -0.119617 0.932949
21.879742 -65.923965 -7205.716629 10725.373739 0.758252 -0.226932 0.611192 0.319461 -0.687886 -0.651734 -0.568330 -0.689431 0.449095
26.736912 -85.116694 -8181.174971 19028.303769 0.759847 -0.207218 0.616192 0.290612 -0.739594 -0.607080 -0.581530 -0.640361 0.501758
42.455751 -75.614260 -11454.842586 15294.628081 0.762695 -0.156262 0.627597 0.365047 -0.697019 -0.617175 -0.533888 -0.699819 0.474570
32.606376 -56.141922 -10561.487981 3174.499992 0.727330 -0.179122 0.662500 0.417040 -0.651301 -0.633944 -0.545040 -0.737376 0.399009
0.071434 -128.295032 -1465.368687 -5289.276327 -0.630655 0.005965 -0.776041 0.775933 -0.013511 -0.630671 -0.014247 -0.999891 0.003892
0.203535 -124.435270 -1570.154911 -2895.596039 -0.632270 0.000649 -0.774747 0.767522 0.136779 -0.626259 0.105563 -0.990601 -0.086980
0.701775 -131.991405 -2095.257380 -4417.412387 -0.642949 -0.010074 -0.765842 0.730056 0.294287 -0.616776 0.231591 -0.955664 -0.181858
-16.953913 -68.180479 -8955.138851 -8184.171407 0.720694 0.163023 0.673813 0.312619 0.791098 -0.525769 -0.618764 0.589565 0.519176
-0.640489 -171.463030 -1992.509212 -9085.051410 -0.596483 0.110320 -0.795008 -0.049209 0.983619 0.173413 0.801116 0.142559 -0.581284
-4.190187 -173.370955 -686.383723 -3002.954674 -0.615859 0.083619 -0.783407 0.056941 0.996475 0.061598 0.785796 -0.006672 -0.618450
-4.978430 -165.617907 -1592.010459 -11806.665739 -0.612999 0.154422 -0.774846 -0.081592 0.963097 0.256488 0.785859 0.220448 -0.577779
-10.188466 -165.566219 -2746.479790 -4462.755643 -0.601701 0.094501 -0.793112 0.127881 0.991564 0.021129 0.788418 -0.088711 -0.608710
65.907491 -4863.201085 -14309.884135 -1879652.156034 -0.767726 0.462901 -0.443079 0.514262 0.857619 0.004921 0.382271 -0.224081 -0.896469
-195.257731 -8849.933086 22121.552957 -2452332.140028 0.832888 -0.397642 0.384940 0.536441 0.751106 -0.384798 0.136119 -0.526992 -0.838899
-0.470620 -30.283487 8065.095233 -1583.825842 0.035774 0.814594 0.578927 -0.101769 0.579256 -0.808768 0.994165 0.029984 -0.103623
14.213700 -28.148698 10901.167265 -812.681948 0.039162 0.733013 0.679086 -0.025048 0.680114 -0.732678 0.998919 -0.011684 -0.044995
1.037518 -29.827282 9362.127718 -639.374320 0.031158 0.820135 0.571321 -0.012448 0.571873 -0.820248 0.999437 -0.018445 -0.028027
10.991697 -28.727666 -7138.397926 -1154.540220 -0.082353 -0.696537 -0.712779 -0.096597 0.717419 -0.689912 0.991911 0.012036 -0.126365
-11.047943 -33.694225 3799.630472 -1436.127226 0.049283 0.937004 0.345825 -0.075263 0.348746 -0.934191 0.995945 -0.020012 -0.087709
1.728141 -30.945613 6590.335046 -2008.426666 0.059734 0.769455 0.635902 -0.165028 0.635886 -0.753933 0.984478 0.059906 -0.164966
-8.432306 -34.733659 3711.582134 -2487.303980 0.030020 0.883193 0.468047 -0.204638 0.463770 -0.861998 0.978377 0.069903 -0.194657
-10.988375 -34.646262 3605.795332 -1995.334628 0.029564 0.931739 0.361923 -0.152893 0.362036 -0.919540 0.987800 0.028150 -0.153159
23.970447 -48.417289 -1018.304683 116.730389 0.600807 -0.100528 0.793048 -0.008835 0.991166 0.132335 -0.799346 -0.086515 0.594611
23.454609 -45.362057 -548.167080 -2575.350567 0.677809 -0.162429 0.717072 -0.032419 0.967741 0.249854 -0.734523 -0.192600 0.650678
17.217004 -28.486792 -1637.669703 -5999.460270 0.675130 -0.212032 0.706571 -0.079389 0.931358 0.355344 -0.733415 -0.295997 0.611955
378.403763 -1870.250641 91490.565399 -572518.157258 0.986320 -0.135946 0.093228 -0.164271 -0.763588 0.624459 0.013705 0.631231 0.775474
-5.959942 -11161.527479 1538802.211332 10534715.799312 0.580889 -0.026493 0.813552 0.241136 0.960208 -0.140906 -0.777446 0.278027 0.564162
10.310645 -764.564507 16545.421725 -226516.769357 -0.018636 0.917494 0.397312 0.984291 0.086615 -0.153848 -0.175568 0.388204 -0.904695
2.757822 -481.789118 11677.283374 -108441.563335 -0.015598 0.938073 0.346086 -0.907286 0.132191 -0.399197 0.420226 0.320226 -0.849038
-6.131691 -18.759907 1520.325203 1843.130756 0.178648 -0.963834 -0.197760 0.964448 0.131758 0.229085 -0.194744 -0.231655 0.953106
-5.327972 -45.903325 -3817.443747 -3365.592723 -0.444483 -0.850205 0.282111 0.804010 -0.239783 0.544126 -0.394973 0.468674 0.790152
-4.213621 -52.510613 -3295.178968 -3939.318540 -0.507488 -0.827312 0.240854 0.808489 -0.360523 0.465154 -0.297994 0.430788 0.851834
1.216026 -44.458662 -2606.550135 -3698.565787 -0.460621 -0.845655 0.269619 0.802247 -0.266686 0.534115 -0.379773 0.462326 0.801266
4.474311 -48.512624 -1863.647423 -3956.783112 -0.485015 -0.842742 0.233551 0.812682 -0.335724 0.476275 -0.322969 0.420803 0.847712
30.653627 -56.523921 -817.383320 5472.871473 -0.471470 0.877602 0.086781 -0.557740 -0.372955 0.741505 -0.683112 -0.301197 -0.665311
31.724326 -48.880251 970.783868 6748.771721 -0.351718 0.929665 -0.109624 -0.759965 -0.215196 0.613306 -0.546578 -0.299021 -0.782201
39.526720 -72.660202 2693.829444 6183.644192 -0.350508 0.933830 0.071460 -0.680411 -0.306333 0.665733 -0.643572 -0.184723 -0.742760
38.268391 -73.986938 857.269808 8504.811406 -0.425807 0.888698 0.170015 -0.466257 -0.376545 0.800511 -0.775431 -0.261593 -0.574697
57.585605 -92.138117 1438.516253 -1077.866201 0.406182 -0.576821 0.708727 -0.046429 0.761560 0.646429 -0.912612 -0.295473 0.282551
59.262005 -86.563561 -3660.649105 534.307374 0.218281 -0.663045 0.716048 -0.047702 0.725615 0.686445 -0.974719 -0.183995 0.126760
66.047027 -82.470403 289.512167 -8950.429777 0.438933 -0.552030 0.708943 -0.223121 0.697334 0.681133 -0.870377 -0.457151 0.182913
51.363271 -87.057348 3119.367953 6506.387724 0.390063 -0.576025 0.718364 0.155043 0.810110 0.565405 -0.907641 -0.109166 0.405303
56.665301 -94.542378 1842.320723 -2347.679827 0.514556 -0.500447 0.696265 -0.061371 0.788435 0.612049 -0.855257 -0.357665 0.374981
44.643599 -89.446956 2956.635251 4499.145045 0.497917 -0.501342 0.707626 0.136270 0.851060 0.507078 -0.856452 -0.156054 0.492075
-13.296399 -45.724364 -2735.588569 -16.884645 -0.114822 0.910554 0.397124 -0.837039 -0.303966 0.454940 -0.534959 0.280171 -0.797071
-8.145117 -45.162920 -3116.455265 -310.836503 -0.102639 0.932125 0.347288 -0.857274 -0.259971 0.444405 -0.504526 0.252108 -0.825770
-18.123602 -45.977496 -1602.119251 -18.087076 -0.129317 0.882777 0.451644 -0.839302 -0.339995 0.424235 -0.528062 0.324205 -0.784883
-9.531181 -45.295516 -3546.288721 381.253775 -0.114764 0.919332 0.376376 -0.770296 -0.321597 0.550653 -0.627274 0.226726 -0.745066
-15.085147 -45.292228 -1891.797482 596.966554 -0.116132 0.893018 0.434778 -0.759151 -0.362076 0.540916 -0.640471 0.267245 -0.719984
-4.754660 -41.675839 -2015.052416 1617.619756 -0.124199 0.961003 0.247080 0.330902 -0.194640 0.923374 -0.935456 -0.196441 0.293824
7.402196 -76.691004 -912.159776 -2586.050957 -0.199501 0.928408 0.313462 0.976286 0.215761 -0.017688 -0.084054 0.302500 -0.949436
10.113474 -79.922452 -411.950374 -1828.516586 -0.228455 0.911011 0.343319 0.969100 0.246498 -0.009223 -0.093029 0.330603 -0.939173
6.730473 -80.837741 237.510572 3876.051624 -0.277526 0.891028 0.359234 -0.911762 -0.362119 0.193803 -0.302770 0.273751 -0.912903
3.066614 -151.978040 -342.638780 5493.542564 -0.329121 0.845616 0.420252 -0.174536 -0.491855 0.853004 -0.928017 -0.207393 -0.309470
92.871658 -37.625564 34947.521834 2989.422885 -0.001287 0.986861 -0.161568 0.307289 0.154141 0.939050 -0.951615 0.048440 0.303450
40.844797 -38.404591 20866.895922 1359.932228 0.013838 0.986159 -0.165225 0.272646 0.155258 0.949505 -0.962015 0.058188 0.266724
2.487824 -38.282501 6831.801292 1618.139991 -0.014347 0.995497 -0.093701 0.344862 0.092887 0.934046 -0.938544 0.018913 0.344642
-4.650676 -46.056989 1002.793698 272.501558 0.337195 0.401086 0.851721 0.749127 -0.662250 0.015283 0.570182 0.632894 -0.523772
-2.985720 -44.600240 1189.212351 -1118.033461 0.372250 0.344678 0.861758 0.722450 -0.690490 -0.035898 0.582662 0.635940 -0.506048
-1.364233 -43.052420 -418.338912 -949.089783 -0.404651 -0.333074 -0.851657 -0.655530 0.754995 0.016194 0.637603 0.564840 -0.523850
-4.353728 -45.074628 -311.103703 -458.526762 0.312996 0.419036 0.852316 0.803401 -0.595434 -0.002291 0.506537 0.685468 -0.523023
-2.700889 -40.918982 -572.987658 -3747.240312 -0.360577 -0.396675 -0.844176 -0.632928 0.768852 -0.090934 0.685118 0.501514 -0.528297
-6.742051 -45.404604 -1953.180740 -2267.422968 -0.320927 -0.433276 -0.842186 -0.705142 0.702949 -0.092939 0.632282 0.564034 -0.531116
-5.144349 -48.759547 1629.406846 -770.435719 0.303228 0.420379 0.855181 0.838975 -0.543321 -0.030403 0.451857 0.726694 -0.517437
-0.251647 -89.510978 126.668386 -3561.853537 0.885529 0.106555 0.452199 -0.255805 0.924339 0.283127 -0.387817 -0.366392 0.845786
-0.933066 -99.048959 278.988439 -2448.863395 0.881682 0.128450 0.454023 -0.213437 0.966731 0.140978 -0.420810 -0.221203 0.879766
-1.384642 -104.817295 86.106974 -5198.386142 0.877108 0.138076 0.460018 -0.155117 0.987896 -0.000761 -0.454555 -0.070690 0.887909
-5.298110 -97.645658 -550.112843 -5649.945231 -0.089420 0.885446 0.456060 -0.397713 0.388061 -0.831404 0.913142 0.255725 -0.317453
-3.297759 -104.050039 -479.480101 -5819.225407 -0.074572 0.894437 0.440932 -0.401974 0.377687 -0.834128 0.912609 0.239446 -0.331376
-5.381987 -104.275872 -555.843501 -4405.661521 -0.103640 0.895887 0.432024 -0.569145 0.302800 -0.764451 0.815679 0.325112 -0.478508
-8.006088 -98.757639 -566.742543 -3334.406375 -0.127425 0.883907 0.449967 -0.569525 0.306216 -0.762806 0.812037 0.353468 -0.464388
-8.042617 -92.377164 -725.455833 -4337.529314 -0.107935 0.875867 0.470326 -0.404514 0.393464 -0.825563 0.908140 0.279361 -0.311832
-10.437250 -96.308217 -2999.957800 23231.377547 0.728370 0.132495 0.672252 0.188243 0.904678 -0.382260 -0.658819 0.404973 0.633998
-16.019516 -117.626579 1647.282642 20695.997643 0.786409 0.194867 0.586164 -0.018921 0.956090 -0.292461 -0.617417 0.218903 0.755565
-19.998343 -135.341447 1616.198952 7395.435458 0.784951 0.197115 0.587365 -0.187335 0.979174 -0.078250 -0.590556 -0.048612 0.805531
52.768799 -160.429479 11605.880458 -43366.750943 0.873531 0.015413 0.486525 0.440521 -0.450253 -0.776669 -0.207088 -0.892768 0.400100
11.880113 -166.502433 -1977.540442 17601.034534 -0.107340 0.933453 0.342262 -0.652182 0.193727 -0.732891 0.750425 0.301885 -0.587986
5.802499 -160.737007 -1659.090639 8317.691014 -0.088164 0.935309 0.342672 -0.647466 0.207618 -0.733269 0.756978 0.286516 -0.587276
5.862473 -451.961570 -4956.755793 59722.273663 -0.425956 -0.629214 -0.650117 -0.651550 0.711888 -0.262104 0.627730 0.311939 -0.713197
11.018101 -376.379005 42.384447 25820.858663 -0.483700 -0.648133 -0.588182 -0.536306 0.750570 -0.386032 0.691672 0.128722 -0.710648
16.846397 -923.282166 -5782.018033 -276150.638581 -0.454152 -0.672790 -0.584037 -0.176679 0.710534 -0.681122 0.873230 -0.206146 -0.441559
-15.089554 -38.234167 370.198657 378.624375 0.222500 0.831977 0.508241 -0.783466 0.462845 -0.414675 0.580237 0.305924 -0.754808
-15.834176 -38.917588 1224.610484 852.079534 0.316158 0.804332 0.503084 -0.785887 0.519092 -0.336044 0.531438 0.289124 -0.796229
-13.761905 -35.114688 698.649369 1112.448308 0.187141 0.856652 0.480755 -0.855103 0.382945 -0.349503 0.483505 0.345689 -0.804190
-52.628915 -86.529037 -228.724756 2449.185335 -0.457201 0.831333 -0.315995 0.829087 0.526981 0.186830 -0.321841 0.176569 0.930184
-59.094352 -78.699020 2364.496781 -24.728147 -0.133283 0.937833 -0.320478 0.905273 0.246816 0.345780 -0.403382 0.244033 0.881890
-49.193539 -75.737843 -290.632807 4391.622059 -0.243963 -0.898582 0.364735 0.954410 -0.155764 0.254636 -0.171999 0.410228 0.895617
-51.492104 -78.110874 -321.894073 1624.618236 -0.085027 -0.941405 0.326386 0.951052 0.020995 0.308317 -0.297104 0.336625 0.893540
-41.760953 -62.285626 907.040003 2784.200134 0.745914 -0.508030 -0.430719 0.425711 -0.133691 0.894929 0.512234 0.850901 -0.116552
-42.292549 -64.903087 331.395816 1757.840692 0.740924 -0.450110 -0.498431 0.544829 -0.031089 0.837970 0.392674 0.892432 -0.222199
-41.072265 -69.965118 674.888524 929.729416 0.193552 0.980796 0.024028 -0.634523 0.143822 -0.759405 0.748277 -0.131738 -0.650174
71.709868 -42.178866 14247.488867 6814.072638 -0.247030 0.857625 -0.451060 0.880584 0.392952 0.264877 -0.404410 0.331764 0.852282
53.304491 -27.894680 -17506.273175 939.925913 0.265730 -0.762005 0.590538 0.864288 0.459671 0.204227 -0.427075 0.456126 0.780741
71.291204 -34.462198 4149.334456 -3399.979434 -0.382506 0.843610 -0.376844 0.842361 0.485983 0.232914 -0.379628 0.228348 0.896515
41.694145 -35.200584 -17542.309369 5905.152698 0.158069 -0.793828 0.587240 0.877374 0.385764 0.285309 -0.453022 0.470131 0.757462
75.003045 -45.952171 -3143.992000 5796.522933 -0.350130 0.911996 -0.213709 0.877478 0.399180 0.265871 -0.327782 0.094435 0.940022
81.348098 -53.102000 5216.797056 10919.292549 -0.266665 0.931227 -0.248408 0.884513 0.338829 0.320674 -0.382788 0.134208 0.914036
73.122079 -48.476674 17050.606138 10231.506700 -0.147921 0.877657 -0.455891 0.882222 0.325435 0.340260 -0.446995 0.351866 0.822427
-12.463099 -19.000416 880.974214 2837.242659 -0.358773 0.784548 0.505733 -0.464444 0.319931 -0.825794 0.809675 0.531158 -0.249596
-13.448420 -27.724977 815.911927 2244.302792 -0.297287 0.759236 0.578948 -0.423958 0.438338 -0.792540 0.855500 0.481062 -0.191572
1.045859 -102.411449 2807.737954 -193.590197 0.197243 0.980352 0.002396 -0.977837 0.196911 -0.071135 0.070209 -0.011688 -0.997464
9.209274 -43.282932 -5128.587123 -1655.688234 0.285448 0.893478 -0.346723 -0.803615 0.420267 0.421401 -0.522229 -0.158344 -0.837977
8.327984 -49.969948 -8143.965252 -5816.192696 0.339701 0.846379 -0.410177 -0.840138 0.469116 0.272209 -0.422813 -0.252136 -0.870435
20.981177 -40.125271 -34.866237 -167.173745 0.172917 0.948466 -0.265540 -0.859330 0.277023 0.429895 -0.481301 -0.153851 -0.862948
0.352919 -51.933956 -6949.387595 -6243.606643 0.442123 0.775482 -0.450727 -0.758595 0.591415 0.273425 -0.478603 -0.221031 -0.849755
14.206940 -38.926631 914.876083 -313.428051 0.162581 0.962105 -0.218909 -0.800683 0.258294 0.540547 -0.576606 -0.087394 -0.812335
-0.253788 -45.726871 -6515.225913 -4837.964314 0.382194 0.824795 -0.416703 -0.734876 0.544678 0.404083 -0.560255 -0.151787 -0.814294
4.946196 -41.323272 -3701.905773 -1518.019977 0.244221 0.920762 -0.304225 -0.755669 0.377315 0.535349 -0.607717 -0.099150 -0.787940
467.878710 -28.217838 639312.627279 -2787.973152 -0.177291 0.977792 -0.111758 -0.819042 -0.083631 0.567606 -0.545654 -0.192166 -0.815680
1712.782985 -20.527012 2341658.646960 13837.178260 -0.347228 0.861747 -0.369898 0.852503 0.125715 -0.507380 -0.390731 -0.491516 -0.778294
1652.746336 -55.638115 1704683.482873 -14413.666120 -0.338884 0.830368 -0.442320 0.782119 -0.012667 -0.623001 -0.522923 -0.557072 -0.645154
1373.340751 -39.039389 1122794.343923 5973.327518 -0.463408 0.672884 -0.576611 0.816170 0.070665 -0.573474 -0.345136 -0.736365 -0.581934
1.649454 -134.082384 81.043652 2242.966990 0.233454 0.964531 0.123203 -0.849266 0.263961 -0.457243 0.473546 -0.002113 -0.880767
