19020
38030
-40.272781 -61.457739 1465.806481 6558.119605 -0.022138 0.994225 -0.105008 0.970523 -0.003841 -0.240978 0.239990 0.107247 0.964833
-43.234034 -65.626168 355.870569 4811.231143 -0.073495 -0.981738 0.175467 0.985380 -0.098601 -0.138942 0.153706 0.162690 0.974631
-50.678781 -81.809617 -1084.634586 10182.173772 0.432075 -0.899787 0.060783 0.896791 0.421560 -0.134362 0.095274 0.112564 0.989066
-34.358286 -51.954545 -1662.679217 4195.575348 0.328552 0.914455 -0.236275 0.897125 -0.380377 -0.224678 0.295331 0.138150 0.945354
-43.097049 -84.800696 -693.632696 17192.823243 -0.440858 0.897238 0.024655 0.876266 0.436179 -0.204709 0.194426 0.068644 0.978512
-36.781226 -70.761295 -2569.421821 15629.922796 -0.335542 0.940258 0.057676 0.892130 0.336835 -0.301074 0.302514 0.049568 0.951855
-34.723021 -50.037303 -1722.524634 6026.017110 0.015474 0.997173 -0.073525 0.936292 -0.040255 -0.348907 0.350881 0.063442 0.934269
70.399825 -100.058126 -13463.900641 4528.142018 -0.318610 0.889775 0.326784 0.407447 0.439833 -0.800334 0.855847 0.121847 0.502671
81.665414 -96.228876 -11419.953513 170.687770 -0.412277 0.864530 0.287428 0.284432 0.421859 -0.860891 0.865520 0.273172 0.419823
63.655077 -96.486753 -10020.244376 3896.505753 -0.271002 0.916289 0.294910 0.227682 0.358699 -0.905260 0.935264 0.178182 0.305830
47.527135 -88.016460 -5977.529582 8781.425471 -0.157901 0.946849 0.280259 0.161067 0.304715 -0.938726 0.974230 0.103085 0.200621
49.932017 -99.155605 -8249.427410 8894.256233 -0.194710 0.921736 0.335396 0.337708 0.384031 -0.859344 0.920891 0.054057 0.386053
-28.102538 -149.862913 24165.470539 -82863.535311 -0.251495 0.959814 0.124526 0.855991 0.280624 -0.434200 0.451697 0.002606 0.892168
-17.221253 -67.649549 10059.027973 -36492.050685 -0.272137 0.938566 0.212215 0.811400 0.342376 -0.473719 0.517274 -0.043275 0.854725
-12.279194 -78.593614 2678.357032 -63440.711714 -0.408273 0.821024 0.399040 0.794666 0.534780 -0.287257 0.449243 -0.199824 0.870776
-65.024969 -346.290083 -23471.757516 -172129.323818 0.153002 0.962466 0.224164 0.894594 -0.038519 -0.445217 0.419871 -0.268655 0.866910
-51.991640 -186.326547 30050.055939 -73952.313346 -0.000131 0.967605 -0.252470 0.791929 -0.154061 -0.590859 0.610613 0.200016 0.766254
-0.297426 -12.175402 -2441.164938 425.187598 0.189659 -0.761271 0.620077 0.939982 0.323235 0.109330 -0.283661 0.562126 0.776885
4.479211 -13.738785 -2047.094896 -1395.396850 0.153574 -0.774764 0.613315 0.934898 0.314906 0.163704 -0.319968 0.548246 0.772688
-0.597190 -13.275599 1298.902493 -369.270974 -0.206450 -0.836392 0.507767 0.936185 -0.017963 0.351050 -0.284494 0.547838 0.786725
-4.018810 -11.781339 1284.502693 -73.250751 -0.334667 -0.816357 0.470701 0.908991 -0.147965 0.389669 -0.248462 0.558272 0.791580
0.021380 -25.046032 -1207.150861 -2296.995927 0.383839 -0.905268 0.182090 0.922988 0.370243 -0.104943 0.027584 0.208348 0.977666
3.281544 -21.838778 -2268.209436 -1930.955875 0.267646 -0.942465 0.200313 0.963427 0.258936 -0.068993 0.013156 0.211453 0.977300
-0.928549 -20.948349 -153.779315 -1548.365134 0.403185 -0.897960 0.176379 0.915077 0.397438 -0.068388 -0.008690 0.188974 0.981944
-4.791872 -20.913619 318.449550 -1211.222966 0.548447 -0.821288 0.157136 0.835495 0.545868 -0.063060 -0.033984 0.165871 0.985562
-3.321020 -23.283277 -108.699929 -1862.418765 0.486938 -0.857860 0.164220 0.873429 0.479033 -0.087458 -0.003640 0.186021 0.982539
19.351372 -44.979731 8221.573055 -5431.365675 0.211099 0.944666 -0.251085 -0.923722 0.108796 -0.367289 0.319648 -0.309467 -0.895575
25.617199 -48.822140 8323.555539 5021.954772 0.219589 0.936188 -0.274469 0.954774 -0.148414 0.257642 0.200466 -0.318631 -0.926438
32.582106 -47.818198 7364.618783 7093.062766 0.191250 0.920748 -0.340069 0.941716 -0.074435 0.328072 0.276759 -0.382992 -0.881318
19.606130 -45.849144 5180.435653 -1476.502765 0.164320 0.926532 -0.338435 0.936901 -0.039271 0.347381 0.308569 -0.374162 -0.874522
40.318802 -45.893229 5349.358192 3100.131362 0.179035 0.890967 -0.417283 0.946248 -0.039813 0.320981 0.269371 -0.452320 -0.850204
46.716801 -52.706834 3754.183394 8627.320895 0.230164 0.863211 -0.449323 0.950446 -0.100241 0.294286 0.208991 -0.494791 -0.843507
-2.427185 -59.211760 -443.246940 4964.591985 -0.009389 0.999956 -0.000090 0.857633 0.008099 0.514198 -0.514176 -0.004750 0.857671
-3.128715 -69.870530 -649.191721 -4129.063114 0.010960 0.999928 0.004813 0.889357 -0.011948 0.457058 -0.457083 0.000729 0.889424
-3.832653 -59.977539 -829.877648 3309.708549 -0.023939 0.999622 -0.013550 0.875322 0.027506 0.482758 -0.482948 0.000303 0.875649
-3.575771 -52.040854 -506.147038 -2111.930676 -0.015004 0.999549 -0.026026 0.777370 0.028032 0.628419 -0.628865 0.010803 0.777439
6.991899 -95.654340 5330.007781 11986.339795 -0.047833 0.984926 -0.166234 -0.700836 -0.151677 -0.697010 0.711717 -0.083162 -0.697527
7.017943 -76.997343 6486.987701 14003.441293 -0.099647 0.974500 -0.201048 -0.810057 -0.196785 -0.552343 0.577822 -0.107821 -0.809010
12.938529 -86.905273 3764.343151 11960.920954 -0.014679 0.983636 -0.179567 -0.702027 -0.138018 -0.698648 0.711999 -0.115806 -0.692565
9.498208 -96.023675 4064.515041 538.368431 -0.008556 0.989403 -0.144942 -0.538097 -0.126727 -0.833301 0.842839 -0.070864 -0.533480
3.281224 -101.517573 2339.020063 3172.518543 -0.037459 0.984698 -0.170195 -0.600865 -0.158281 -0.783523 0.798472 -0.072914 -0.597600
4.012134 -73.463716 2548.008844 4560.291760 -0.069426 0.997526 -0.011074 -0.980335 -0.070277 -0.184404 0.184726 0.001946 -0.982788
10.753129 -69.373702 5562.853452 -1136.826923 -0.143809 0.989582 0.006870 -0.988968 -0.143464 -0.036875 0.035506 0.012097 -0.999296
23.813083 -66.619919 10452.564504 6085.302950 -0.147764 0.988968 0.010343 -0.979909 -0.144978 -0.136966 0.133955 0.030374 -0.990522
-1.333648 -73.662438 495.852427 176.783051 -0.031073 0.999353 -0.018114 -0.988827 -0.033379 -0.145281 0.145791 -0.013397 -0.989225
16.099370 -77.785874 8259.550083 9326.967686 -0.076890 0.997034 0.003187 -0.960187 -0.073187 -0.269602 0.268569 0.023790 -0.962967
-3.793418 -78.166444 -1262.718244 3034.921829 0.007606 0.999192 -0.039462 -0.955157 -0.004422 -0.296068 0.296004 -0.039944 -0.954351
-0.525040 -83.001920 1251.441416 5012.309021 -0.010043 0.999841 -0.014741 -0.939417 -0.014486 -0.342471 0.342630 -0.010408 -0.939413
3.968026 -52.925619 -614.490350 -1477.391739 0.183218 0.954720 -0.234396 -0.813126 0.013171 -0.581939 0.552502 -0.297215 -0.778720
5.059632 -55.328911 -871.658487 5411.305976 0.169246 0.954066 -0.247210 -0.771105 -0.028029 -0.636090 0.613802 -0.298281 -0.730942
7.496870 -54.454455 -1340.114037 6266.482722 0.145134 0.956340 -0.253673 -0.777772 -0.048199 -0.626695 0.611560 -0.288255 -0.736820
2.347587 -60.094116 102.088275 -9173.466440 0.197516 0.956641 -0.214069 -0.846630 0.056385 -0.529187 0.494171 -0.285760 -0.821058
2.771513 -61.997854 -84.582808 -7283.724673 0.213636 0.954151 -0.209657 -0.857565 0.080374 -0.508058 0.467913 -0.288334 -0.835417
-8.002793 -39.246251 -90.739439 -939.757837 0.202622 0.958055 -0.202671 0.857771 -0.273486 -0.435240 0.472411 0.085656 0.877206
-8.894263 -40.538223 -463.360145 951.890891 0.253290 0.945942 -0.202579 0.828145 -0.320262 -0.460010 0.500021 0.051249 0.864496
-9.216060 -44.648963 -604.641216 3605.372642 0.204978 0.955658 -0.211427 0.781453 -0.289858 -0.552552 0.589335 0.051959 0.806216
-7.997751 -39.497357 327.967277 -3828.674197 0.223442 0.956820 -0.185926 0.898129 -0.276222 -0.342149 0.378732 0.090535 0.921068
-9.629659 -42.816264 -723.691423 1868.801526 0.172066 0.960090 -0.220503 0.809966 -0.265288 -0.523047 0.560668 0.088601 0.823287
-7.116260 -39.589224 1162.989005 -6014.167042 0.181027 0.963798 -0.195761 0.919438 -0.236506 -0.314164 0.349089 0.123118 0.928967
-8.692570 -38.692303 116.176379 -3529.515105 0.166231 0.962774 -0.213153 0.881654 -0.241926 -0.405165 0.441649 0.120576 0.889049
8.267629 -33.381900 -2148.457241 -518.451792 0.915533 -0.143778 0.375669 -0.050330 0.885650 0.461618 0.399081 0.441534 -0.803606
12.950825 -30.162529 3425.282747 -1931.506017 -0.916268 0.127443 -0.379751 -0.035202 0.918750 0.393267 0.399015 0.373706 -0.837336
14.759828 -29.266508 795.651411 -1095.230765 -0.886383 0.048676 -0.460386 -0.133682 0.925183 0.355197 0.443231 0.376386 -0.813560
7.639274 -30.823871 458.275380 513.643118 0.879527 -0.057047 0.472417 -0.169999 0.889601 0.423922 0.444446 0.453162 -0.772730
-2.642741 -29.286783 812.459372 1132.629190 0.904723 -0.192074 0.380243 -0.060343 0.825805 0.560718 0.421705 0.530239 -0.735534
0.449376 -37.517127 -832.583340 -761.135466 0.915895 -0.277201 0.290339 0.058413 0.807618 0.586806 0.397146 0.520493 -0.755885
4.733726 -43.997743 -899.539632 10035.386589 -0.128322 0.990635 -0.046634 0.128891 0.063283 0.989637 -0.983321 -0.120982 0.135805
3.727104 -33.263861 -818.053138 4814.714146 -0.127395 0.990690 0.047988 0.156674 -0.027675 0.987263 -0.979400 -0.133291 0.151690
-0.336040 -47.475000 -1302.128012 11889.449673 -0.141849 0.986241 -0.084898 0.092632 0.098614 0.990805 -0.985545 -0.132681 0.105346
-1.726272 -39.069327 2107.491096 2724.162950 -0.053827 0.980901 -0.186911 0.478588 -0.138940 -0.866977 0.876388 0.136120 0.461969
-5.327221 -40.204069 1335.992704 3006.138553 -0.022645 0.973340 -0.228246 0.491819 -0.187923 -0.850176 0.870403 0.131508 0.474451
-6.487489 -36.394759 653.693468 1249.472616 -0.009490 0.969368 -0.245428 0.432737 -0.217285 -0.874944 0.901470 0.114509 0.417419
-3.759774 -104.527924 77.214876 2539.925862 0.250386 0.893109 -0.373716 -0.630109 -0.142735 -0.763276 0.735031 -0.426595 -0.527017
-1.752589 -104.771245 -1734.260907 4237.829644 0.265577 0.876964 -0.400502 -0.731883 -0.087015 -0.675852 0.627547 -0.472612 -0.618726
-3.802156 -101.273301 -58.426100 3301.192466 0.235532 0.889825 -0.390814 -0.752202 -0.087725 -0.653067 0.615400 -0.447790 -0.648666
-2.780025 -107.331341 -2028.782167 1249.974686 0.280504 0.877909 -0.388063 -0.603748 -0.152926 -0.782370 0.746195 -0.453750 -0.487139
-3.397238 -107.176312 -402.920356 626.781483 0.267910 0.893589 -0.360171 -0.471810 -0.204256 -0.857715 0.840012 -0.399722 -0.366882
-5.856622 -104.350754 353.174222 399.758775 0.256513 0.900381 -0.351448 -0.497244 -0.188873 -0.846803 0.828824 -0.391971 -0.399261
26.836625 -43.442603 -9613.239891 -109.629721 -0.006161 -0.939585 0.342261 0.978836 0.064347 0.194268 -0.204555 0.336214 0.919303
38.825628 -39.286046 -8908.900152 -1379.105362 0.091960 -0.939354 0.330391 0.957154 0.174882 0.230807 -0.274588 0.295010 0.915189
20.024360 -43.594262 -10010.910552 3247.864270 -0.028867 -0.922223 0.385578 0.973505 0.061599 0.220214 -0.226838 0.381719 0.896011
10.607799 -49.257273 -8080.335030 2246.110145 -0.120403 -0.927751 0.353245 0.979231 -0.052523 0.195824 -0.163122 0.369486 0.914806
16.337923 -131.931268 -4391.795458 18330.708184 -0.816017 0.058560 -0.575054 0.199030 0.962485 -0.184416 0.542681 -0.264939 -0.797060
19.090783 -140.772331 -4585.662292 16512.023135 -0.831533 0.046981 -0.553485 0.256504 0.916296 -0.307584 0.492705 -0.397737 -0.773981
10.352110 -144.047737 -444.669940 9651.661549 0.833649 -0.080248 0.546434 0.340021 0.854229 -0.393292 0.435219 -0.513666 -0.739413
19.163332 -144.059884 3008.604847 1007.657135 0.836600 -0.055449 0.545001 0.379259 0.776516 -0.503176 0.395302 -0.627653 -0.670663
8.579464 -135.858046 -1635.481828 13947.887761 -0.816612 0.067578 -0.573217 0.258122 0.931036 -0.257963 0.516253 -0.358616 -0.777739
10.207234 -144.638501 -1014.017594 -8452.591129 0.827941 -0.097770 0.552226 0.490625 0.603261 -0.628779 0.271661 -0.791529 -0.547433
4.393683 -145.428409 183.068491 4179.046642 0.811082 -0.064346 0.581382 0.401864 0.783522 -0.473919 0.425031 -0.618024 -0.661359
-5.150018 -10.934385 -94.234855 -1384.905477 -0.439025 -0.458437 -0.772718 -0.612936 0.781646 -0.115490 0.656937 0.422924 -0.624155
-6.728545 -10.117430 310.388824 156.526088 -0.390531 -0.531934 -0.751354 -0.660146 0.730667 -0.174164 0.641633 0.427987 -0.636502
-5.890993 -10.067569 -760.559808 -1337.604919 -0.669394 -0.095025 -0.736805 -0.390948 0.888409 0.240602 0.631721 0.449110 -0.631846
-10.468905 -113.866774 -2310.067368 -829.032625 0.885437 -0.261020 0.384539 -0.398572 -0.000903 0.917136 0.239044 0.965333 0.104835
-11.019453 -113.628721 -977.831466 -1966.678728 0.866883 -0.295208 0.401704 -0.375549 0.143196 0.915673 0.327836 0.944641 -0.013269
-12.118918 -110.650693 106.520535 -3606.721453 0.872329 -0.285541 0.396874 -0.339789 0.229599 0.912046 0.351548 0.930457 -0.103262
-13.099251 -104.865351 999.137844 -4407.202642 0.880879 -0.274992 0.385268 -0.276044 0.362744 0.890065 0.384514 0.890391 -0.243624
-11.906673 -110.225298 1400.900676 -322.606109 0.882882 -0.277195 0.379054 -0.347954 0.155907 0.924457 0.315352 0.948080 -0.041197
-11.507372 -111.701264 1010.376970 831.613475 0.878893 -0.280673 0.385708 -0.402673 -0.003039 0.915339 0.255738 0.959799 0.115690
-37.804605 -2735.538899 25127.202855 625456.728049 0.616943 -0.484918 0.619868 0.217145 0.861936 0.458165 -0.756458 -0.148060 0.637063
-53.174571 -1461.869783 12820.137103 426801.474313 0.565574 -0.508374 0.649371 0.283910 0.859297 0.425446 -0.774288 -0.056258 0.630328
-65.911149 -1117.597468 11722.505108 -237197.778663 0.607143 -0.373564 0.701304 -0.335976 0.679126 0.652616 -0.720068 -0.631853 0.286818
3.976188 -52.802405 -4309.944002 -1007.359028 0.119552 0.992682 -0.017015 0.778086 -0.104325 -0.619434 0.616676 -0.060815 0.784864
5.429675 -49.360247 -3954.332921 -1152.421573 0.099236 0.995054 -0.004358 0.843898 -0.086480 -0.529487 0.527246 -0.048867 0.848307
9.502722 -52.878765 -2649.991715 -991.890570 0.101814 0.994645 -0.017771 0.785105 -0.091310 -0.612596 0.610938 -0.048419 0.790197
7.990529 -54.188363 -2819.607874 -1385.246389 0.111792 0.993480 -0.022352 0.718945 -0.096386 -0.688351 0.686018 -0.060882 0.725033
-16.235351 -37.928407 -781.096718 1503.316426 0.059014 0.952975 0.297247 -0.861687 0.198965 -0.466807 0.503997 0.228585 -0.832908
-14.151525 -41.534087 -662.670798 2356.386751 0.091612 0.959709 0.265642 -0.865341 0.208725 -0.455652 0.492739 0.188128 -0.849597
-14.178967 -35.668964 -976.070260 2487.423626 -0.027671 0.974068 0.224555 -0.901720 0.072631 -0.426175 0.431433 0.214279 -0.876328
-16.596641 -33.354232 -556.709672 1135.822184 -0.091571 0.967098 0.237354 -0.887958 0.028584 -0.459036 0.450717 0.252795 -0.856124
-19.501887 -32.128503 -1089.808102 1050.382037 -0.006621 0.949558 0.313523 -0.867866 0.150294 -0.473519 0.496754 0.275231 -0.823094
-23.350344 -68.272554 4358.865653 316.637419 0.613388 0.673142 -0.413081 -0.722296 0.689677 0.051328 0.319443 0.266883 0.909247
-20.243326 -66.410942 3955.141965 -510.827860 0.583728 0.684391 -0.436888 -0.699377 0.697150 0.157653 0.412472 0.213522 0.885593
-12.144246 -66.633782 -4187.146320 -1007.771304 -0.539066 -0.717763 0.440709 0.787631 -0.614965 -0.038152 0.298405 0.326549 0.896839
-31.684657 -69.791610 3827.703988 -174.645583 0.693447 0.603388 -0.393770 -0.616577 0.779717 0.108969 0.372780 0.167225 0.912727
-32.664863 -70.300623 -5047.221371 -1147.962783 -0.684608 -0.630665 0.365477 0.687337 -0.725463 0.035658 0.242652 0.275618 0.930137
5.977973 -52.188282 262.823328 1191.195128 -0.008471 0.960528 -0.278054 -0.724330 0.185811 0.663943 -0.689402 -0.207027 -0.694165
5.539866 -54.751560 441.192521 1489.791006 0.001614 0.954553 -0.298035 -0.808861 0.176491 0.560888 -0.587998 -0.240164 -0.772386
6.799258 -54.612404 384.884401 1001.921072 0.009234 0.959252 -0.282401 -0.786246 0.181460 0.590669 -0.617845 -0.216582 -0.755884
6.445919 -53.881774 -354.537360 788.893767 -0.013557 0.962832 -0.269759 -0.726158 0.175985 0.664623 -0.687394 -0.204898 -0.696782
6.183299 -52.157144 237.363287 573.135338 -0.028597 0.969418 -0.243744 -0.638606 0.169874 0.750549 -0.769002 -0.177120 -0.614219
4.658431 -50.552432 -94.381224 38.444154 -0.039210 0.964433 -0.261405 -0.621911 0.181207 0.761834 -0.782106 -0.192442 -0.592686
-6.041197 -87.013286 -1546.319788 -2062.825265 0.259987 0.939894 -0.221372 0.379667 -0.310292 -0.871534 0.887840 -0.142540 0.437518
-5.164662 -93.240252 796.584437 -3069.234029 0.245435 0.937185 -0.247883 0.235965 -0.305768 -0.922403 0.940257 -0.167898 0.296189
-6.664259 -90.621955 -1607.724466 -2733.689079 0.265188 0.933529 -0.241245 0.213869 -0.300921 -0.929358 0.940178 -0.194860 0.279454
-5.641473 -94.815472 -172.809903 -619.219961 0.262978 0.926534 -0.269032 0.022777 -0.284731 -0.958337 0.964533 -0.245894 0.095982
-7.331636 -92.517409 -1790.152383 -1174.363400 0.269574 0.925272 -0.266836 0.007888 -0.279207 -0.960199 0.962947 -0.256740 0.082566
-5.657202 -175.730433 126.019772 -12962.093984 0.222838 0.898483 -0.378248 0.228072 0.329186 0.916308 -0.947801 0.290456 0.131563
-0.121721 -224.074654 1736.967033 -32935.707760 0.260428 0.893741 -0.365245 0.432453 0.230250 0.871762 -0.863227 0.384983 0.326538
2.321764 -212.943105 4194.349479 -26748.615730 0.275095 0.894007 -0.353658 0.248141 0.289364 0.924497 -0.928843 0.342082 0.142237
-1.050115 -225.466578 -1595.562054 -39832.516179 0.216939 0.893215 -0.393832 0.424737 0.276883 0.861936 -0.878940 0.354262 0.319315
-5.330106 -151.531781 1521.411652 -18339.553634 0.235950 0.906123 -0.351096 -0.009368 0.363402 0.931586 -0.971720 0.216518 -0.094233
-8.219016 -128.541098 -2308.339139 -13739.339003 0.187236 0.917116 -0.351909 -0.003041 0.358784 0.933416 -0.982310 0.173699 -0.069966
-4.504043 -167.584690 -3411.272853 -21796.918761 0.175634 0.899930 -0.399098 0.194395 0.365714 0.910200 -0.965072 0.237445 0.110710
-35.126425 -424.853180 -4620.453141 -72249.621641 -0.282311 -0.364746 0.887277 -0.477320 0.855693 0.199890 -0.832146 -0.367084 -0.415672
-64.206075 -2118.328119 -9609.047985 -921580.865398 -0.198578 -0.434517 0.878500 -0.430250 0.844011 0.320203 -0.880597 -0.314389 -0.354553
-32.997177 -579.158417 -4499.148645 45752.113329 -0.285679 -0.365441 0.885912 -0.011729 0.925702 0.378072 -0.958254 0.097617 -0.268740
-10.541269 -488.883679 -9992.812731 -97277.751598 -0.362944 -0.473427 0.802582 -0.272485 0.877589 0.394448 -0.891080 -0.075529 -0.447518
-12.731646 -644.168502 -6572.084534 187387.555695 -0.290849 -0.380513 0.877848 0.417435 0.775113 0.474286 -0.860903 0.504390 -0.066601
0.346790 -368.032969 -11394.367896 -9638.855022 -0.364765 -0.452776 0.813597 0.055116 0.861770 0.504296 -0.929467 0.228792 -0.289388
-4.003854 -50.757272 23.265256 8987.569872 -0.218496 -0.957043 0.190600 0.975656 -0.210476 0.061607 -0.018844 0.199421 0.979733
-4.336290 -51.675975 1772.700527 2537.098557 -0.218410 -0.961451 0.167058 0.975855 -0.214844 0.039351 -0.001943 0.171619 0.985162
-6.633284 -58.315262 1302.608860 5366.972670 -0.229474 -0.956939 0.177789 0.971623 -0.214455 0.099794 -0.057369 0.195644 0.978995
-6.015808 -15.703831 901.909125 624.086020 0.167323 0.975700 0.141468 0.095362 -0.158835 0.982689 -0.981279 0.150936 0.119622
-5.202189 -15.490683 2995.373931 618.569617 0.178928 0.981572 0.067096 0.127297 -0.090720 0.987707 -0.975592 0.168187 0.141184
-3.083680 -16.892755 2979.260925 1242.795066 0.180329 0.977973 0.105120 0.084268 -0.121840 0.988966 -0.979990 0.169481 0.104383
-5.374194 -18.103624 1368.510855 1081.766673 0.172613 0.957733 0.230112 0.045907 -0.241187 0.969392 -0.983919 0.156766 0.085599
-6.762970 -17.598628 -979.120983 1076.101059 0.153280 0.932146 0.328038 0.050216 -0.338879 0.939489 -0.986906 0.127532 0.098752
9.819160 -112.516679 6373.622018 7392.425575 0.639320 0.413817 0.648094 0.726510 -0.048965 -0.685409 -0.251899 0.909042 -0.331947
29.182841 -114.144612 9927.348966 -480.099372 0.596608 0.414375 0.687279 0.707019 0.133810 -0.694420 -0.379716 0.900216 -0.213138
16.945789 -104.804386 6418.160667 8504.199352 0.561564 0.450580 0.693991 0.809139 -0.123650 -0.574460 -0.173028 0.884131 -0.434020
-0.085591 -102.453945 4637.044107 12015.545365 0.636964 0.425485 0.642837 0.764181 -0.238697 -0.599209 -0.101511 0.872918 -0.477189
0.320941 -112.676470 3172.191336 8575.783797 0.677183 0.428199 0.598389 0.692587 -0.096295 -0.714878 -0.248488 0.898540 -0.361774
0.202125 -39.290250 150.161219 -3812.378695 -0.164023 0.984902 -0.055359 -0.715462 -0.080141 0.694040 -0.679125 -0.153446 -0.717805
0.536710 -38.931311 151.451232 -3745.262856 -0.154513 0.985479 -0.070399 -0.715311 -0.062433 0.696011 -0.681510 -0.157900 -0.714572
0.530234 -44.258155 7.635203 1579.756498 -0.138252 0.987184 -0.079719 -0.741922 -0.049909 0.668627 -0.656078 -0.151584 -0.739313
1.575969 -47.056178 -481.688373 2107.149989 -0.148024 0.986492 -0.070162 -0.734970 -0.062258 0.675235 -0.661746 -0.151518 -0.734258
-7.336652 -97.530755 2031.289080 -2906.361122 -0.126610 0.986066 0.107908 0.800584 0.165808 -0.575823 0.585692 -0.013484 0.810422
-12.434303 -106.810056 3206.750143 -1266.628297 -0.111663 0.987870 0.107907 0.764058 0.154777 -0.626306 0.635410 -0.012512 0.772073
-8.653585 -105.402882 3422.061777 -1285.214360 -0.102999 0.991815 0.075465 0.675444 0.125434 -0.726665 0.730183 0.023873 0.682835
-5.000880 -100.082178 1945.461310 443.494054 -0.090783 0.993237 0.072381 0.650678 0.114181 -0.750721 0.753908 0.021056 0.656643
-0.521468 -91.518640 1945.180713 -956.643181 -0.109802 0.990962 0.077055 0.715236 0.132607 -0.686187 0.690203 0.020232 0.723333
-3.147668 -109.941801 -436.190959 -5088.866033 -0.123836 0.991016 0.050515 -0.339146 -0.090111 0.936408 -0.932548 -0.098829 -0.347258
-2.874989 -118.936316 3432.459813 -13737.988158 -0.088619 0.992670 0.082178 -0.233266 -0.100892 0.967165 -0.968366 -0.066540 -0.240497
-5.069747 -112.687333 1395.009507 -7294.097101 -0.105439 0.990900 0.083666 -0.169205 -0.100786 0.980414 -0.979925 -0.089217 -0.178292
-3.493819 -107.587742 1329.180910 4438.808365 -0.101149 0.990846 0.089405 0.129677 -0.075968 0.988642 -0.986384 -0.111594 0.120806
-3.127866 -112.781441 -1233.323068 -4715.544180 -0.114876 0.989924 0.082793 -0.150763 -0.099753 0.983524 -0.981873 -0.100501 -0.160703
-7.506272 -109.217238 656.278236 -5175.811970 0.012002 -0.993738 -0.111087 0.998792 0.006621 0.048685 -0.047645 -0.111537 0.992617
-7.360081 -90.184678 -3133.021533 -4984.524836 -0.069329 0.989431 0.127359 0.962343 0.032694 0.269866 -0.262849 -0.141273 0.954438
-5.034925 -92.977189 -723.210027 -6604.330164 -0.045112 0.992250 0.115777 0.956665 0.009536 0.291033 -0.287674 -0.123889 0.949682
-4.269675 -76.460901 -2030.357872 -8388.608409 -0.099029 0.989302 0.107123 0.870591 0.033998 0.490831 -0.481938 -0.141867 0.864644
-5.211226 -106.545783 244.025689 -3487.606909 -0.007015 -0.991125 -0.132746 0.998311 -0.014597 0.056230 -0.057668 -0.132128 0.989554
-2.158352 -77.892624 604.671982 -8597.683208 -0.059867 0.992812 0.103634 0.862810 -0.000741 0.505528 -0.501971 -0.119681 0.856564
-3.831502 -94.042829 2286.589602 -5472.385561 -0.022479 0.993956 0.107452 0.959458 -0.008756 0.281715 -0.280954 -0.109428 0.953462
21.769376 -31.615699 23913.399205 2078.493201 -0.221260 -0.369690 -0.902426 0.801207 -0.596466 0.047908 -0.555978 -0.712430 0.428173
79.150872 -35.875219 40272.350796 -0.223273 -0.129106 -0.453539 -0.881836 0.799018 -0.574245 0.178360 -0.587283 -0.681575 0.436524
86.181870 -26.152050 39279.870110 2645.953359 -0.184304 -0.410112 -0.893219 0.843108 -0.533064 0.070786 -0.505173 -0.740034 0.444015
88.222930 -80.001846 -3699.961226 215.462495 0.262682 0.749962 0.607088 -0.259651 -0.551031 0.793061 -0.929290 0.365954 -0.049982
95.168843 -95.275856 -3068.963295 1204.584783 0.195141 0.752204 0.629372 -0.427722 -0.512201 0.744784 -0.882595 0.414535 -0.221783
90.802672 -91.723678 9504.397312 5592.620893 0.377436 0.628874 0.679750 -0.418939 -0.538672 0.730974 -0.825852 0.560670 -0.060146
-2.281001 -54.551155 2836.627247 -7.800325 -0.096255 0.988109 0.119900 0.859064 0.021628 0.511410 -0.502736 -0.152227 0.850931
0.247631 -51.656723 4330.598065 515.781235 -0.036972 0.989666 0.138540 0.942783 -0.011425 0.333211 -0.331351 -0.142933 0.932618
-0.162383 -52.587186 657.620418 949.370145 -0.106635 0.983597 0.145485 0.870678 0.021713 0.491374 -0.480155 -0.179068 0.858712
-2.546769 -64.596097 1616.209690 3500.944828 -0.150611 0.983032 0.104710 0.791201 0.056356 0.608954 -0.592721 -0.174562 0.786264
-2.926320 -65.172887 732.988655 2499.388509 -0.170255 0.979985 0.103166 0.781875 0.070628 0.619422 -0.599737 -0.186123 0.778250
-1.654170 -55.530256 1054.236874 -610.213341 -0.144686 0.981435 0.125905 0.834089 0.052518 0.549124 -0.532317 -0.184467 0.826203
-15.515918 -40.811190 858.701109 -528.535252 -0.050621 0.994348 -0.093328 -0.980427 -0.031674 0.194319 -0.190265 -0.101338 -0.976489
-16.012872 -40.990822 418.960690 -262.763282 -0.047611 0.990889 -0.125986 -0.988410 -0.028533 0.149105 -0.144152 -0.131625 -0.980763
-16.085642 -41.885879 -375.710078 -678.528751 -0.083883 0.988007 -0.129641 -0.970941 -0.051775 0.233652 -0.224137 -0.145473 -0.963639
-15.810702 -41.801453 -299.733622 -730.974600 -0.154580 0.983565 -0.093299 -0.943516 -0.118953 0.309236 -0.293056 -0.135831 -0.946398
-13.034261 -38.886918 1857.353338 -161.945315 -0.166254 0.985171 -0.042411 -0.947401 -0.147656 0.283953 -0.273480 -0.087389 -0.957900
-10.665277 -37.184045 1978.953836 851.037053 -0.120129 0.992270 -0.031143 -0.973777 -0.111669 0.198213 -0.193203 -0.054137 -0.979664
-15.175867 -89.867924 -3079.135984 663.678740 -0.111528 0.993759 0.002082 -0.904070 -0.100592 -0.415378 0.412576 0.048208 -0.909646
-12.089049 -87.650424 -82.051284 1061.826603 -0.093182 0.995379 0.023178 -0.940807 -0.080406 -0.329268 0.325883 0.052488 -0.943952
-13.196279 -87.348875 -982.186316 2501.645477 -0.100037 0.994502 0.030969 -0.971809 -0.090981 -0.217508 0.213495 0.051854 -0.975567
-14.759998 -90.015061 -2133.891059 5399.446624 -0.117446 0.992674 0.028363 -0.966100 -0.107597 -0.234679 0.229908 0.054964 -0.971659
220.695574 -35.029296 89121.219803 -4085.623291 0.623494 0.710825 -0.325551 0.254588 -0.578293 -0.775088 0.739215 -0.400382 0.541530
328.559985 -90.492054 113732.338885 -28515.820308 0.687080 0.633077 -0.356559 0.166202 -0.614665 -0.771080 0.707317 -0.470533 0.527543
334.546141 -34.598716 112286.618253 6993.969987 0.726636 0.616606 -0.302980 -0.222113 0.628163 0.745706 0.650128 -0.474561 0.593402
219.738538 -28.899456 91626.245458 1888.779527 0.650218 0.665444 -0.366607 0.235060 -0.635064 -0.735826 0.722470 -0.392273 0.569349
36.443121 -28.976725 14025.603138 -3616.423015 0.625512 0.676727 -0.388299 0.232474 -0.636733 -0.735206 0.744776 -0.369611 0.555605
-11.614490 -194.568022 -2172.099554 -36421.078650 0.758622 0.604265 -0.243632 -0.217958 0.587766 0.779118 -0.613992 0.537955 -0.577597
-9.449626 -142.180141 791.161044 -18493.137595 -0.755410 -0.622977 0.203114 -0.386946 0.674276 0.628987 -0.528799 0.396549 -0.750414
-6.495303 -163.596678 -1779.907784 -15321.519559 0.745261 0.626399 -0.228496 -0.283118 0.607546 0.742113 -0.603681 0.488377 -0.630125
-11.351242 -167.750105 6.392430 -30829.505662 -0.775316 -0.594583 0.212969 -0.333291 0.671611 0.661707 -0.536472 0.442052 -0.718880
7.292983 -201.697375 605.058799 -1008.011340 0.764023 0.585367 -0.271321 0.515423 -0.300814 0.802403 -0.388083 0.752899 0.531540
7.492861 -230.363130 -2229.999294 -1200.286566 0.766316 0.591783 -0.250104 0.543798 -0.390165 0.743004 -0.342115 0.705382 0.620800
8.373415 -200.286537 -1281.624826 2877.142972 0.774699 0.582800 -0.245325 0.578902 -0.497607 0.645957 -0.254388 0.642442 0.722880
-6.862615 -7.382321 459.473793 328.677269 -0.445464 -0.474498 -0.759219 -0.636935 0.763909 -0.103714 0.629186 0.437373 -0.642518
-4.301971 -8.867550 1731.537021 1207.270168 -0.660220 0.743150 -0.108799 -0.427739 -0.491104 -0.758852 0.617373 0.454472 -0.642111
-6.387991 -97.408231 4576.135727 -310.885047 0.965480 0.251406 -0.068149 -0.005827 0.282409 0.959276 -0.260413 0.925765 -0.274125
-12.121899 -91.796897 1938.434117 -2544.916837 0.957742 0.272189 -0.092968 -0.043871 0.457683 0.888033 -0.284263 0.846427 -0.450283
-16.945809 -100.283500 2451.393500 -1781.802636 0.953195 0.291452 -0.080464 -0.013803 0.307794 0.951353 -0.302040 0.905714 -0.297411
1.865185 -233.547014 833.729254 7364.657735 -0.799774 -0.459325 0.386499 -0.485758 0.873475 0.032891 -0.352705 -0.161439 -0.921703
0.320816 -198.605614 1652.442328 5844.915047 -0.796416 -0.451618 0.402197 -0.502783 0.864040 -0.025381 -0.336052 -0.222431 -0.915201
-1.534530 -272.558573 -2222.321342 38512.312647 0.834579 0.407687 -0.370499 -0.516622 0.812712 -0.269447 -0.191259 -0.416282 -0.888892
-1.254713 -288.646052 -1763.768685 36104.838954 0.843094 0.382832 -0.377667 -0.501144 0.814050 -0.293559 -0.195056 -0.436763 -0.878175
-30.679497 -196.357699 -2295.503016 -24646.752142 0.566056 0.755731 -0.329321 0.500342 0.002531 0.865824 -0.655163 0.654878 0.376691
-20.501702 -245.081786 6277.566692 -42932.242315 -0.490073 -0.792487 0.363033 0.693252 -0.101877 0.713458 -0.528422 0.601320 0.599320
-29.910509 -286.600006 -1343.704461 -57515.268572 -0.590930 -0.718368 0.367083 0.611365 -0.101900 0.784761 -0.526341 0.688160 0.499400
-23.322837 -318.457997 -2954.583004 -53638.473288 -0.631941 -0.679408 0.372903 0.645005 -0.194296 0.739065 -0.429673 0.707569 0.561005
-36.044781 -260.720119 3103.717138 -35505.915155 0.641291 0.688111 -0.339483 0.410891 0.065682 0.909316 -0.648008 0.722627 0.240617
-7.139854 -67.044594 2326.579062 530.976963 0.942838 0.215332 -0.254340 -0.273146 0.936567 -0.219623 -0.190914 -0.276541 -0.941848
-10.823575 -69.267274 271.845082 1759.217559 0.893556 0.323424 -0.311375 -0.387540 0.905803 -0.171272 -0.226651 -0.273712 -0.934725
-14.222441 -65.899078 -1122.434269 1109.031694 -0.916605 -0.280086 0.285283 -0.313537 0.946344 -0.078280 -0.248051 -0.161198 -0.955241
52.601204 16.991292 -29995.472850 672.020803 -0.491438 -0.164820 -0.855174 -0.011132 0.983038 -0.183066 0.870841 -0.080446 -0.484937
40.622192 17.760426 -34009.269547 305.534851 -0.459586 -0.185232 -0.868602 -0.033644 0.980938 -0.191386 0.887496 -0.058735 -0.457057
16.353798 6.300367 3048.739105 -20631.355838 0.171710 0.971311 0.164529 -0.466618 0.227276 -0.854759 0.867631 -0.069999 -0.492257
-11.269917 -35.946781 144.790295 -1049.171522 -0.481196 0.862863 0.154652 -0.783803 -0.344499 -0.516694 0.392559 0.369848 -0.842087
-11.985672 -36.081645 420.132304 -80.517184 -0.471554 0.863243 0.180137 0.828658 0.363907 0.425321 0.301602 0.349834 -0.886934
-11.823980 -35.784057 -602.961685 -684.868395 -0.455959 0.869750 0.188775 -0.800968 -0.308539 -0.513082 0.388009 0.385147 -0.837323
-11.040499 -33.936933 -364.172807 -508.491791 -0.456191 0.870047 0.186837 -0.776784 -0.286901 -0.560620 0.434162 0.400882 -0.806720
-1.153568 -114.558828 1221.388603 -2849.764902 -0.134002 0.990608 -0.027196 -0.443463 -0.035401 0.895593 -0.886219 -0.132071 -0.444042
-2.062722 -106.614293 1443.151516 -5453.324033 -0.128716 0.990922 -0.038807 -0.596636 -0.046124 0.801185 -0.792122 -0.126279 -0.597157
-0.677203 -122.024431 -677.087915 417.064717 -0.155990 0.986759 -0.044423 -0.391028 -0.020390 0.920153 -0.907064 -0.160905 -0.389031
-1.066310 -128.737995 1254.605439 -8530.365900 -0.152602 0.988266 -0.006574 -0.312048 -0.041871 0.949143 -0.937730 -0.146892 -0.314776
-0.744689 -130.237423 -3293.376557 -3936.899496 -0.196591 0.979947 -0.032503 -0.277286 -0.023769 0.960494 -0.940460 -0.197837 -0.276398
8.358325 -30.450891 -228.925629 -5085.955403 0.121767 0.983645 0.132724 0.245447 -0.159408 0.956214 -0.961732 0.083859 0.260843
6.212735 -30.500816 -876.651456 -4976.969793 0.091106 0.992127 0.085927 0.243198 -0.105839 0.964185 -0.965689 0.066946 0.250926
9.133774 -23.623770 -275.868849 -5148.864996 0.108717 0.986217 0.124726 0.200336 -0.144632 0.968993 -0.973677 0.080359 0.213298
9.392929 -22.312222 107.619045 -4595.648166 0.135054 0.979314 0.150683 0.197987 -0.175681 0.964333 -0.970856 0.100403 0.217617
-17.663110 -185.090525 -27257.667936 37118.975249 0.216790 0.083626 0.972630 0.454180 0.873289 -0.176317 -0.864131 0.479972 0.151339
-26.702495 -159.353223 -2105.944275 20509.192869 0.608913 0.454980 -0.649783 0.494452 0.422837 0.759424 -0.620276 0.783710 -0.032505
8.735257 -125.880334 103144.303355 40824.715561 0.211227 -0.350812 0.912313 0.778421 0.624864 0.060052 -0.591138 0.697479 0.405067
-264.617441 -2460.253063 146245.873457 -2306615.242319 0.800854 0.399721 0.445933 -0.163418 0.862244 -0.479406 -0.576132 0.311060 0.755853
0.410465 -225.823481 5359.964062 65717.354353 0.874016 0.464524 -0.142526 0.101407 -0.461250 -0.881456 0.475197 -0.755954 0.450246
1.170880 -120.414089 4499.860997 45053.136911 0.894566 0.396082 -0.207052 -0.113218 -0.247332 -0.962293 0.432358 -0.884277 0.176411
10.620458 -187.841415 3385.118190 58119.676701 0.895876 0.427444 -0.121237 0.040627 -0.350537 -0.935667 0.442443 -0.833316 0.331403
3.862996 -25.051594 -2690.129016 698.439566 -0.584575 -0.202356 -0.785700 -0.286654 0.957455 -0.033316 0.759013 0.205749 -0.617710
-1.585144 -25.722585 -1025.456985 1280.151690 -0.556871 -0.313010 -0.769363 -0.375734 0.921014 -0.102749 0.740756 0.231858 -0.630494
1.465018 -23.233993 -1376.477823 1007.011119 -0.580443 -0.245969 -0.776264 -0.353826 0.934776 -0.031626 0.733412 0.256305 -0.629614
4.395340 -23.125328 -2461.628875 520.851779 -0.606693 -0.144191 -0.781750 -0.265354 0.963739 0.028175 0.749341 0.224534 -0.622955
1.212642 -19.970776 -1103.670057 1221.865549 -0.596342 -0.198130 -0.777895 -0.346707 0.937585 0.026987 0.723996 0.285795 -0.627815
0.377188 -21.692129 -793.023840 1410.932450 -0.564747 -0.285552 -0.774287 -0.405477 0.913184 -0.041031 0.718783 0.290783 -0.631503
-45.536476 -75.495488 1480.963209 4697.995130 -0.083494 -0.975916 0.201534 0.996493 -0.082869 0.011549 0.005430 0.201791 0.979413
-52.791627 -77.394640 -1222.925232 5251.414628 0.217173 -0.967119 0.132353 0.976056 0.213444 -0.041913 0.012285 0.138286 0.990316
-42.310174 -68.230234 2484.292965 5114.085616 -0.247702 -0.932532 0.262731 0.962695 -0.267395 -0.041461 0.108917 0.242660 0.963978
-37.485774 -57.142338 -851.215763 4351.562860 0.370325 0.876748 -0.306875 0.895716 -0.424561 -0.132065 0.246075 0.225965 0.942543
88.041425 -94.851639 -7258.062968 -523.338041 -0.536810 0.814224 0.221075 0.432499 0.490548 -0.756510 0.724417 0.310487 0.615482
92.164947 -98.276598 -4499.204606 -1668.066928 -0.551939 0.805227 0.216731 0.254008 0.409901 -0.876049 0.794257 0.428474 0.430774
-5.978625 -52.452088 -3451.821873 -13874.510464 -0.169588 0.959117 0.226571 0.746015 0.275162 -0.606422 0.643973 -0.066184 0.762180
-6.855172 -21.765217 -6920.734212 -12485.760565 -0.483679 0.720140 0.497447 0.628801 0.681254 -0.374836 0.608822 -0.131494 0.782333
-0.786741 -17.135050 2721.248465 -11506.066344 0.725081 -0.356361 -0.589292 0.374691 0.922104 -0.096592 0.577810 -0.150765 0.802126
9.267640 -13.455171 -2179.198782 -621.165923 0.157402 -0.773581 0.613837 0.928004 0.328419 0.175925 -0.337688 0.541953 0.769580
7.776206 -15.876578 -1013.800075 -1400.205456 0.344663 -0.714016 0.609417 0.883914 0.465438 0.045417 -0.316074 0.523019 0.791548
3.648211 -13.837367 -542.167299 -459.476561 -0.101040 -0.824342 0.557001 0.943353 0.098462 0.316844 -0.316032 0.557463 0.767697
10.368517 -15.135456 -233.726294 -427.033001 0.251192 -0.760551 0.598720 0.909521 0.397093 0.122837 -0.331171 0.513693 0.791483
7.832424 -14.014691 -1941.736938 -264.290398 -0.046785 -0.809904 0.584694 0.937938 0.165744 0.304635 -0.343634 0.562659 0.751885
11.641762 -13.541781 -1143.766717 207.370853 0.100375 -0.794963 0.598297 0.931002 0.287149 0.225346 -0.350942 0.534397 0.768934
6.901150 -26.202832 -2806.672031 -2366.319526 0.247830 -0.946709 0.205726 0.966880 0.228320 -0.114078 0.061028 0.227184 0.971938
10.591610 -22.520543 -3385.635478 -2377.738263 0.163861 -0.966624 0.196948 0.985860 0.153363 -0.067526 0.035068 0.205228 0.978086
22.223628 -36.086469 9360.285696 -1449.973101 -0.469425 0.782657 0.408763 0.747105 0.105328 0.656308 0.470610 0.613477 -0.634171
1.295372 -26.417595 3685.365343 -3523.926051 -0.590270 0.747258 0.305266 0.672725 0.246391 0.697662 0.446119 0.617169 -0.648136
11.075767 -31.606991 8804.673215 -590.103124 -0.295052 0.796127 0.528324 0.870803 -0.003520 0.491619 0.393251 0.605119 -0.692231
-4.194794 -21.871249 5888.372722 2587.889215 -0.147252 0.781794 0.605900 0.909966 -0.133010 0.392772 0.387657 0.609185 -0.691821
34.133625 -43.720314 12361.353955 -153.228217 -0.321559 0.809440 0.491332 0.846702 0.013499 0.531896 0.423906 0.587047 -0.689695
28.015248 -42.445426 10796.185980 913.093574 -0.155991 0.799057 0.580668 0.930404 -0.078540 0.358023 0.331687 0.596104 -0.731194
17.043147 -37.318318 8729.443144 3442.630123 -0.013939 0.750067 0.661214 0.951634 -0.193027 0.239027 0.306918 0.632566 -0.711099
12.168631 -46.677589 4909.994455 2984.802771 0.228300 0.938953 -0.257385 0.948985 -0.155552 0.274284 0.217503 -0.306873 -0.926564
11.116047 -52.071326 3987.791902 268.043833 0.192449 0.938616 -0.286294 0.977350 -0.157162 0.141726 0.088032 -0.307084 -0.947602
23.581356 -53.578504 8100.516625 -2227.692890 0.203447 0.938533 -0.278863 0.978444 -0.184584 0.092601 0.035436 -0.291691 -0.955856
-0.818375 -53.024129 1472.740259 8887.030898 -0.253310 0.912731 -0.320556 -0.888438 -0.350606 -0.296233 0.382770 -0.209755 -0.899717
5.646380 -62.127919 -4203.158608 12683.407604 -0.191559 0.934868 -0.298877 -0.909892 -0.283319 -0.303029 0.367969 -0.213898 -0.904901
10.128033 -46.776657 -4294.510411 5267.411440 -0.305900 0.880157 -0.362971 -0.898892 -0.392628 -0.194514 0.313716 -0.266770 -0.911272
31.394949 -64.450314 9791.076135 -3269.417658 -0.216845 0.975784 -0.028719 -0.974085 -0.218218 -0.059487 0.064313 -0.015075 -0.997816
12.063837 -76.102027 5887.036235 -4961.122991 -0.152376 0.988238 0.012930 -0.982889 -0.152895 0.102729 -0.103498 -0.002945 -0.994625
21.127790 -75.871624 6220.387739 -6562.445849 -0.194360 0.980796 -0.016260 -0.977195 -0.192148 0.090387 -0.085527 -0.033457 -0.995774
1.759870 -74.735412 1797.039357 -2209.848545 -0.058456 0.998268 -0.006624 -0.998235 -0.058381 0.010930 -0.010524 -0.007251 -0.999918
7.414994 -64.243848 -1199.683534 7943.562174 0.143683 0.956291 -0.254682 -0.705064 -0.081669 -0.704425 0.694435 -0.280781 -0.662512
3.879809 -59.480902 -666.781195 6141.866308 0.155279 0.954535 -0.254461 -0.720444 -0.066820 -0.690287 0.675907 -0.290512 -0.677313
4.906459 -69.485367 -1000.127582 5940.988789 0.162950 0.955337 -0.246532 -0.628085 -0.092259 -0.772656 0.760892 -0.280747 -0.585000
1.728553 -59.987710 -946.338802 2677.998468 0.176452 0.948105 -0.264504 -0.693381 -0.071003 -0.717064 0.698632 -0.309930 -0.644869
2.530412 -67.000782 -405.985620 4717.167740 0.162232 0.955214 -0.247480 -0.638932 -0.089436 -0.764047 0.751962 -0.282075 -0.595807
-9.891619 -45.267093 588.703965 1816.714952 0.226620 0.949514 -0.216948 0.770213 -0.311045 -0.556797 0.596167 0.040915 0.801817
-8.971980 -40.432484 -789.904266 -2236.033754 0.267230 0.947701 -0.174503 0.873874 -0.314651 -0.370593 0.406119 0.053460 0.912255
9.134472 -30.633634 3859.485231 -3645.133862 -0.923087 0.204128 -0.325949 0.060434 0.913978 0.401238 0.379814 0.350679 -0.856017
19.776686 -24.607540 3036.452895 -2853.092394 -0.899870 0.067154 -0.430959 -0.076088 0.948755 0.306715 0.429471 0.308794 -0.848646
6.821506 -41.468054 -608.042674 -2129.463625 -0.109325 0.992568 0.053444 0.165224 -0.034873 0.985639 -0.980178 -0.116586 0.160184
-5.803739 -24.654220 -1835.509877 -1635.022033 0.560808 -0.810693 0.168143 0.827741 0.553508 -0.092056 -0.018439 0.190804 0.981455
-5.975914 -21.517085 -538.471586 -461.699126 0.658541 -0.736857 0.152857 0.750771 0.657232 -0.066254 -0.051643 0.158391 0.986025
-5.399290 -18.835459 640.161368 -231.495537 0.638934 -0.753598 0.154447 0.766035 0.641667 -0.038116 -0.070380 0.142666 0.987266
-8.342494 -24.465555 -1967.055240 82.677379 0.719515 -0.678057 0.150126 -0.691772 -0.718826 0.068845 -0.061234 0.153388 0.986267
-7.130061 -21.507007 -393.395344 -1090.603105 0.766181 -0.625134 0.148909 -0.637513 -0.768568 0.053677 -0.080891 0.136058 0.987393
-1.399989 -100.183887 -1342.871492 980.667574 0.244469 0.879305 -0.408727 -0.808785 -0.047608 -0.586174 0.534884 -0.473873 -0.699530
-2.287858 -116.221127 -1389.656694 4011.337482 0.286084 0.877259 -0.385452 -0.676881 -0.099706 -0.729308 0.678224 -0.469548 -0.565276
