12787
25553
-28.561152 -47.810244 -2290.172152 4814.249600 0.843154 -0.537458 -0.015206 0.512409 0.811783 -0.280081 -0.162875 -0.228359 -0.959856
-37.497283 -53.311763 -250.595029 4347.886816 0.894919 -0.444331 0.041095 0.421804 0.812293 -0.402816 -0.145603 -0.377822 -0.914358
-28.526010 -57.017422 -1923.626005 2874.478692 0.848233 -0.529353 0.016914 0.463998 0.727353 -0.505632 -0.255356 -0.436741 -0.862584
-33.936882 -47.841691 311.413218 2722.357708 0.995784 0.040044 -0.082530 -0.067745 0.927626 -0.367316 -0.061848 -0.371358 -0.926427
-14.907094 -64.276237 3288.955595 8160.448604 -0.803633 0.591622 0.064470 0.543582 0.773812 -0.325167 -0.242264 -0.226270 -0.943456
-15.831778 -44.866876 3135.598357 6518.652581 -0.845099 0.519414 0.126553 0.490189 0.847331 -0.204318 -0.213358 -0.110634 -0.970690
-19.880587 -32.674302 2561.698447 3285.673673 -0.953698 0.255447 0.158769 0.234922 0.962294 -0.137122 -0.187810 -0.093474 -0.977747
-27.346372 -31.775229 169.804286 1920.938368 -0.952103 -0.263540 0.155071 -0.278284 0.956970 -0.082256 -0.126721 -0.121470 -0.984473
-30.238692 -38.054605 1153.158262 1587.055794 0.897764 0.413209 -0.152571 -0.436806 0.879792 -0.187529 -0.056742 -0.235000 -0.970338
-43.004897 -54.597771 -222.368737 1365.243443 -0.686121 0.727403 0.011067 -0.066585 -0.047642 -0.996643 0.724434 0.684555 -0.081122
-42.877975 -51.754744 -1440.036080 -2792.183488 0.712950 -0.670143 -0.206423 0.312313 0.039900 0.949141 0.627824 0.741159 -0.237741
-40.374892 -56.613588 -950.888402 -627.694512 0.797870 -0.594786 -0.098145 0.091469 -0.041474 0.994944 0.595849 0.802813 -0.021314
-41.050513 -57.693049 -556.144249 1609.663032 0.752548 -0.658169 -0.022040 -0.084397 -0.129583 0.987970 0.653107 0.741635 0.153065
-42.893875 -56.253372 169.354241 878.116605 -0.628091 0.771541 -0.101123 0.098992 -0.049672 -0.993848 0.771818 0.634237 0.045178
-71.696761 -232.346854 2547.640408 -56245.117407 -0.917782 -0.071071 0.390673 0.001624 0.983173 0.182672 -0.397082 0.168287 -0.902222
-15.301420 -93.348070 -5682.094052 23671.892526 0.908232 0.332744 -0.253766 0.005303 0.597217 0.802062 -0.418434 0.729804 -0.540647
-29.699845 -153.434708 -5303.069787 39997.317674 0.946536 0.138274 -0.291463 0.147153 0.618950 0.771522 -0.287083 0.773163 -0.565511
20.158752 -36.931669 -1415.609929 280.159990 0.786121 -0.533335 -0.312357 0.469717 0.187052 0.862773 0.401720 0.824964 -0.397562
20.757701 -36.401848 -2440.807527 -76.243864 0.798176 -0.513635 -0.314791 0.417023 0.093997 0.904022 0.434748 0.852844 -0.289224
17.074878 -36.836565 -2334.754479 178.921578 0.805079 -0.484521 -0.342180 0.469271 0.167416 0.867039 0.362812 0.858610 -0.362155
12.452349 -39.229631 383.012627 226.845149 0.980714 -0.077526 -0.179413 0.073336 -0.704926 0.705479 0.181166 0.705031 0.685646
12.901077 -38.857773 463.858000 415.089257 0.990687 -0.121043 -0.062348 -0.037529 -0.682924 0.729525 0.130883 0.720392 0.681106
5.503138 -40.924674 -315.787990 535.736438 0.980883 -0.045821 -0.189125 0.129912 -0.569399 0.811731 0.144882 0.820783 0.552562
6.479687 -41.972005 -38.211123 428.126044 0.958821 -0.019176 -0.283363 0.219400 -0.583548 0.781879 0.180350 0.811852 0.555311
2.163277 -42.856194 -291.341662 349.079413 0.954039 -0.007947 -0.299577 0.269188 -0.416612 0.868315 0.131708 0.909049 0.395325
0.589157 -41.746375 -396.588956 310.007614 0.976121 -0.029418 -0.215226 0.186615 -0.393569 0.900154 0.111187 0.918824 0.378681
1.128952 -40.769280 173.846063 240.958832 0.818839 -0.320039 -0.476527 -0.487778 0.049701 -0.871552 -0.302614 -0.946100 0.115410
2.021035 -41.961994 105.499119 -157.323780 0.826853 -0.319003 -0.463197 -0.517940 -0.110900 -0.848198 -0.219209 -0.941243 0.256923
0.929069 -41.423052 36.015700 587.662077 0.804060 -0.319625 -0.501326 -0.516478 0.042188 -0.855260 -0.294512 -0.946605 0.131157
0.141561 -40.699602 -93.016458 481.686056 0.797812 -0.329016 -0.505217 -0.465933 0.195338 -0.862989 -0.382625 -0.923900 -0.002544
0.070432 -40.800979 110.315512 247.234461 0.813195 -0.323910 -0.483524 -0.438167 0.206066 -0.874955 -0.383045 -0.923374 -0.025645
10.559460 -83.750826 530.394758 -4443.548135 0.852848 -0.276706 -0.442815 0.093448 -0.753470 0.650807 0.513730 0.596419 0.616738
6.575921 -83.868736 -447.880361 -4377.798719 0.855944 -0.262439 -0.445518 0.098624 -0.762941 0.638901 0.507576 0.590802 0.627152
7.532101 -86.014734 -650.366753 -1786.639770 0.863004 -0.269562 -0.427270 0.023802 0.866506 -0.498599 0.504636 0.420123 0.754214
-5.137536 -53.218085 542.012303 4939.983958 0.800907 -0.325713 -0.502454 -0.482015 0.147152 -0.863718 -0.355261 -0.933947 0.039143
-3.153809 -39.955712 349.139649 4284.774967 0.762486 -0.326931 -0.558329 -0.463950 0.325193 -0.824014 -0.450960 -0.887336 -0.096275
-2.763598 -45.012464 850.178730 4032.876077 0.770104 -0.292213 -0.567055 -0.528925 0.204446 -0.823675 -0.356620 -0.934245 -0.002886
-5.069375 -104.009494 41.376466 2050.172575 0.143956 -0.385616 0.911360 0.725330 0.667610 0.167909 -0.673181 0.636865 0.375806
-4.951590 -107.007268 -298.183480 2403.248742 0.138241 -0.367619 0.919644 0.578059 0.783936 0.226477 -0.804199 0.500301 0.320878
-6.245919 -108.089142 527.275337 3501.366328 0.175353 -0.398143 0.900407 0.704071 0.689976 0.167977 -0.688139 0.604496 0.401311
-6.087040 -107.701554 548.474159 7160.852958 0.178269 -0.397556 0.900094 0.829626 0.552594 0.079759 -0.529095 0.732523 0.428333
-6.122145 -125.762043 -30.963086 9760.080883 0.200237 -0.386742 0.900187 0.746185 0.655611 0.115685 -0.634912 0.648541 0.419858
13.535092 -18.267516 372.611386 -1148.409322 0.930446 -0.263970 -0.254144 0.127209 0.883132 -0.451548 -0.343638 -0.387812 -0.855286
15.079600 -24.332832 847.404350 -2031.860683 -0.907679 0.307455 0.285641 0.179389 0.899574 -0.398230 -0.379393 -0.310224 -0.871678
12.193846 -19.973553 1770.847645 -1931.435312 -0.888025 0.322393 0.327834 0.161119 0.885977 -0.434839 -0.430642 -0.333327 -0.838713
13.485279 -22.619736 1956.583218 -1333.199986 0.949387 -0.234329 -0.209176 0.144339 0.916916 -0.372063 -0.278982 -0.323040 -0.904331
10.630559 -16.767613 1858.022168 -891.582600 -0.885194 0.312157 0.344949 0.130932 0.878662 -0.459141 -0.446418 -0.361264 -0.818657
7.374848 -18.815925 2544.649977 -1837.668109 0.964454 -0.200055 -0.172647 0.103114 0.886463 -0.451166 -0.243303 -0.417326 -0.875581
11.355885 -19.833641 3221.412253 -607.432232 0.963737 -0.194438 -0.182772 0.110467 0.914155 -0.390023 -0.242917 -0.355689 -0.902484
9.809159 -16.978904 2948.980008 -1904.616875 0.962837 -0.209937 -0.169918 0.099026 0.859721 -0.501072 -0.251276 -0.465624 -0.848561
11.455421 -17.821205 1714.942261 384.191218 -0.889504 0.304796 0.340414 0.111321 0.867116 -0.485507 -0.443159 -0.393965 -0.805234
12.879819 -17.599502 573.263064 282.479830 0.934367 -0.281559 -0.218363 0.140052 0.853730 -0.501528 -0.327633 -0.438030 -0.837130
-12.449478 -17.124271 2150.086013 -1979.135547 0.984851 -0.004919 0.173334 -0.138392 0.579995 0.802779 0.104482 0.814605 -0.570528
-9.078674 -21.293724 2756.138181 -2083.434032 0.990686 -0.072285 0.115394 -0.059137 0.534948 0.842813 0.122652 0.841787 -0.525691
-4.761640 -16.162757 3155.965488 -1701.301345 0.976683 -0.030837 0.212459 -0.154048 0.588618 0.793598 0.149529 0.807823 -0.570143
-8.784061 -12.850123 1756.114009 -506.776302 0.902066 0.166848 0.398043 -0.415383 0.586045 0.695708 0.117193 0.792914 -0.597957
2.281078 -29.061601 -428.744111 -1465.191734 0.914540 -0.271171 -0.300138 0.386917 0.802819 0.453626 -0.117946 0.530988 -0.839131
4.666540 -33.120776 25.654971 -1111.860399 0.908707 -0.293163 -0.297166 0.412231 0.742283 0.528281 -0.065709 0.602554 -0.795369
3.181809 -32.735745 -1049.936621 -1372.012757 0.919499 -0.251014 -0.302513 0.382194 0.750838 0.538674 -0.091924 0.610929 -0.786331
0.718504 -28.693882 -1142.888455 -1716.514273 0.925904 -0.229973 -0.299690 0.351552 0.814908 0.460799 -0.138249 0.532012 -0.835375
-0.049818 -23.620586 -673.960937 -1679.561797 0.917302 -0.257586 -0.303654 0.365184 0.848203 0.383657 -0.158736 0.462819 -0.872125
-4.663580 -161.553392 -476.273503 -10123.394608 0.098101 -0.423083 0.900765 -0.617700 0.683784 0.388441 -0.780271 -0.594509 -0.194258
-4.216221 -165.967893 -1138.268118 -10333.855682 0.058889 -0.388458 0.919583 -0.571549 0.742133 0.350100 -0.818452 -0.546203 -0.178319
2.018697 -141.766908 583.994567 8670.851499 -0.067841 0.390662 -0.918031 0.802434 -0.525426 -0.282890 -0.592871 -0.755851 -0.277835
1.734056 -148.136297 518.814042 11449.819794 -0.030238 0.356818 -0.933684 0.763166 -0.594998 -0.252101 -0.645494 -0.720180 -0.254320
7.426156 -112.167743 -765.158057 6866.501708 -0.020478 0.327864 -0.944503 0.926957 -0.347740 -0.140808 -0.374608 -0.878397 -0.296795
5.647907 -220.306502 2128.786912 -13876.715620 -0.207101 0.245742 -0.946953 0.734994 0.677904 0.015177 0.645672 -0.692862 -0.321014
4.360801 -174.558958 1662.838854 -13201.282693 -0.169048 0.287389 -0.942778 0.889782 0.455922 -0.020566 0.423923 -0.842343 -0.332787
7.157266 -429.368798 -65.184877 -73421.763695 -0.217417 0.268493 -0.938425 0.856378 0.513784 -0.051409 0.468344 -0.814824 -0.341637
2.978931 -376.650399 3082.646861 -6607.248200 -0.202385 0.223352 -0.953496 0.500731 0.860347 0.095249 0.841611 -0.458168 -0.285960
5.923973 -240.834484 2120.073749 -16738.755064 -0.241844 0.187039 -0.952118 0.426507 0.901862 0.068832 0.871553 -0.389438 -0.297883
-23.170716 -33.814811 1761.026820 375.211310 0.752444 -0.598179 -0.275698 0.436773 0.139846 0.888635 0.493008 0.789066 -0.366495
-20.129482 -33.920790 1925.296146 52.379364 0.719388 -0.640175 -0.269549 0.516468 0.233484 0.823861 0.464480 0.731889 -0.498595
-22.295522 -34.057149 903.394076 -117.249929 0.782081 -0.576768 -0.235982 0.466651 0.291054 0.835180 0.413021 0.763299 -0.496777
-5.299010 -109.837924 -1064.140586 3428.453951 -0.295877 0.183697 -0.937396 -0.252859 0.931266 0.262308 0.921151 0.314640 -0.229091
-8.253986 -105.735440 -1542.826081 -4463.277827 -0.331811 0.252228 -0.909001 -0.322140 0.875371 0.360487 0.886638 0.412439 -0.209205
-4.688599 -136.817832 -1043.705685 -12160.286218 -0.352380 0.307192 -0.884003 -0.385474 0.813099 0.436210 0.852782 0.494472 -0.168105
39.480561 -31.616715 -12014.796707 -268.239166 -0.990463 0.051811 0.127663 0.050899 0.998650 -0.010395 -0.128029 -0.003798 -0.991763
27.178341 -29.546933 -9966.819813 755.701474 -0.988476 0.028647 0.148642 0.042126 0.995199 0.088343 -0.145398 0.093587 -0.984937
50.785021 -31.821126 -11375.712003 277.292400 -0.969790 0.101924 0.221629 0.110036 0.993625 0.024536 -0.217715 0.048182 -0.974822
55.597323 -29.496546 15807.470568 -1188.599631 0.992099 -0.042068 -0.118197 0.026100 0.990701 -0.133531 -0.122715 -0.129391 -0.983971
18.098123 -30.425751 -9328.693932 -423.714839 -0.993084 0.005715 0.117268 -0.003989 0.996596 -0.082346 -0.117339 -0.082244 -0.989680
18.956199 16.656549 -5152.300532 1073.637614 0.115305 -0.753910 0.646780 0.906777 -0.185939 -0.378394 0.405537 0.630116 0.662188
21.443333 17.652538 -1733.067440 -1783.863614 0.572865 0.608823 -0.548781 -0.707563 0.705289 0.043840 0.413740 0.363182 0.834816
28.558187 17.465464 -1051.641562 874.513601 -0.017843 -0.836530 0.547631 0.884202 -0.268897 -0.381943 0.466763 0.477402 0.744460
23.669203 15.763927 -2388.905822 612.101040 0.343150 -0.850227 0.399202 0.795609 0.037200 -0.604667 0.499254 0.525100 0.689214
30.481157 13.835772 -9083.606025 1458.943063 0.206996 -0.749675 0.628601 0.859466 -0.167623 -0.482929 0.467408 0.640226 0.609623
-538.845518 -1231.824278 -203087.835366 -196633.090498 -0.703181 0.028334 -0.710447 -0.172840 0.962421 0.209455 0.689684 0.270078 -0.671859
-1247.332029 -2998.760581 -199124.982156 -1323832.831237 -0.789001 -0.610922 -0.065210 -0.573974 0.770793 -0.276463 0.219161 -0.180701 -0.958810
-869.804719 -1108.317585 332245.012485 -296035.285287 0.966554 -0.196487 0.164821 0.135613 0.937045 0.321801 0.217675 0.288686 -0.932351
-622.824670 -2515.515385 131548.133522 -1415278.269142 0.865738 0.296083 0.403524 -0.498015 0.589806 0.635697 0.049782 0.751308 -0.658071
6.808963 -566.630237 147.492012 126729.262758 0.649518 -0.357073 0.671286 0.729032 0.041704 -0.683208 0.215960 0.933145 0.287406
-0.195361 -239.120527 -2501.225202 -55535.608252 0.679376 -0.296761 0.671104 -0.588136 0.326687 0.739846 0.438799 0.897334 -0.047407
13.330652 -658.234921 3116.439350 -152370.884463 0.692843 -0.373034 0.617102 -0.584218 0.211250 0.783622 0.422680 0.903448 0.071570
2.931092 -337.609185 737.884938 -20834.090093 0.712904 -0.407574 0.570659 -0.699841 -0.361725 0.615937 0.044619 0.838474 0.543112
-25.102393 -34.867874 1092.073646 -3724.600841 -0.496064 -0.684942 -0.533643 0.868284 -0.390243 -0.306255 0.001516 -0.615276 0.788310
-25.227457 -28.277164 1468.835755 -4082.417522 -0.557162 -0.664670 -0.497779 0.827807 -0.491935 -0.269694 -0.065618 -0.562328 0.824306
-24.639392 -34.765365 -1971.531433 -2525.159090 0.770985 0.458140 0.442368 0.636267 -0.583913 -0.504192 -0.027314 -0.670189 0.741688
10.213672 -21.258232 1754.355182 1353.690789 0.912088 -0.088397 -0.400352 -0.363770 0.275951 -0.889676 -0.189122 -0.957098 -0.219536
5.739472 -21.228380 1131.672147 1254.246919 0.879927 -0.048146 -0.472663 -0.443655 0.272695 -0.853702 -0.169995 -0.960895 -0.218592
8.220905 -17.590711 2186.011954 1007.348230 0.919422 -0.079264 -0.385201 -0.343234 0.316394 -0.884356 -0.191972 -0.945311 -0.263694
63.198099 -37.292538 6381.171289 -3345.614629 0.642491 0.470055 -0.605189 0.737471 -0.164723 0.654984 0.208189 -0.867130 -0.452485
51.058508 -39.679153 4754.262259 -4520.290051 0.594309 0.559394 -0.577819 0.738722 -0.095669 0.667186 0.317940 -0.823362 -0.470094
49.639557 -26.527580 2971.441273 -1932.048711 0.657973 0.578596 -0.481974 0.691857 -0.211761 0.690283 0.297331 -0.787645 -0.539639
66.616282 -21.539491 -3938.421002 1726.354150 -0.802810 0.573012 0.164781 0.321615 0.648892 -0.689567 -0.502056 -0.500596 -0.705226
77.246494 -26.706215 9702.679615 1439.348305 0.837721 -0.532225 -0.122314 0.279828 0.610692 -0.740778 -0.468957 -0.586338 -0.660521
60.745900 -25.681122 16907.725792 1865.707625 0.932940 -0.359734 0.014620 0.272531 0.679086 -0.681593 -0.235264 -0.639870 -0.731586
50.572730 -18.972289 8100.786953 1244.359022 0.881374 -0.463623 -0.090744 0.302899 0.701988 -0.644566 -0.362537 -0.540617 -0.759144
55.443511 -15.125245 5341.332272 1397.913606 -0.706539 0.657799 0.260965 0.374305 0.660326 -0.651050 -0.600582 -0.362312 -0.712763
-4.664439 -68.597339 -105.547458 -1613.368628 0.564938 0.412750 0.714481 0.590507 0.402555 -0.699465 -0.576322 0.817060 -0.016313
-5.933916 -60.938206 68.540263 2508.115305 0.548949 0.397024 0.735546 -0.503304 -0.545570 0.670104 -0.667339 0.738055 0.099666
-3.870424 -63.619328 306.490568 266.160025 0.617360 0.418787 0.665946 -0.603677 -0.290596 0.742380 -0.504420 0.860332 -0.073410
-6.694639 -61.999795 -253.951481 -4529.435632 0.484561 0.363980 0.795436 0.472994 0.655908 -0.588270 -0.735851 0.661290 0.145667
-2.659594 -67.088639 87.356088 895.862555 0.628823 0.432484 0.646173 0.671093 0.117844 -0.731947 -0.392703 0.893907 -0.216134
-3.252832 -75.844682 -365.310429 150.418173 0.580728 0.430206 0.691142 0.670733 0.228301 -0.705688 -0.461380 0.873385 -0.155973
-5.438740 -74.397904 -539.057278 -3906.543010 0.508462 0.393948 0.765683 0.561804 0.522108 -0.641701 -0.652566 0.756445 0.044150
5.618843 -173.579537 120.395688 7947.790797 -0.177142 0.948229 0.263595 -0.029603 -0.272843 0.961603 -0.983740 -0.162537 -0.076402
6.103292 -165.371219 174.625306 -2777.281198 -0.191873 0.938278 0.287782 -0.375516 -0.341105 0.861763 -0.906737 -0.057282 -0.417787
6.914974 -137.792776 43.073962 -649.860487 -0.168715 0.942091 0.289826 -0.248760 -0.325220 0.912332 -0.953758 -0.081827 -0.289224
7.284150 -126.179761 182.282457 -6827.470329 -0.166954 0.924973 0.341395 -0.489728 -0.378318 0.785520 -0.855741 0.036045 -0.516147
10.961347 5.047292 3362.345393 -1888.039547 0.710533 -0.200430 -0.674516 -0.377662 0.700194 -0.605888 -0.593730 -0.685242 -0.421816
8.291328 -12.243546 -512.731048 9077.553948 0.300127 0.367990 -0.880061 0.791408 -0.611120 0.014359 -0.532538 -0.700797 -0.474644
5.674109 -3.823592 4636.631903 -3363.420229 0.721574 -0.244224 -0.647832 -0.359108 0.667976 -0.651804 -0.591923 -0.702966 -0.394291
12.895207 -1.647299 40.616394 3080.331572 -0.722035 0.555076 0.412984 0.082927 -0.523184 0.848176 -0.686869 -0.646660 -0.331726
12.401057 3.687955 2020.400724 -628.976447 -0.638711 0.348311 0.686096 -0.304146 0.704771 -0.640932 -0.706784 -0.618044 -0.344207
2.910694 -86.883480 548.892894 -1417.129425 0.721965 0.635775 0.273051 -0.108150 0.493459 -0.863019 0.683425 -0.593539 -0.425019
2.216557 -89.202499 762.707318 -1923.249519 0.719693 0.636434 0.277479 -0.238799 0.602181 -0.761809 0.651934 -0.482006 -0.585365
5.135148 -85.658678 736.211672 -1160.483775 0.728631 0.624929 0.280287 -0.117719 0.517411 -0.847601 0.674714 -0.584593 -0.450568
5.812029 -85.662689 616.399747 -572.100286 0.731678 0.624327 0.273611 0.002837 0.398603 -0.917119 0.681644 -0.671812 -0.289878
7.108582 -86.865481 576.932959 -955.311517 0.743187 0.610981 0.272719 -0.098703 0.503255 -0.858482 0.661764 -0.611095 -0.434318
253.800409 -59.746502 -5123.947777 12076.616928 -0.054711 0.969557 -0.238676 -0.462278 0.187278 0.866733 -0.885045 -0.157755 -0.437959
339.152508 -46.555725 68414.093455 9012.932485 0.330444 0.943525 -0.023803 -0.477455 0.188864 0.858118 -0.814152 0.272195 -0.512900
269.194948 -36.732730 931.543173 7136.243029 -0.038982 0.966242 -0.254669 -0.417958 0.215731 0.882480 -0.907630 -0.140841 -0.395439
357.131456 -49.291415 -88309.702924 8287.732536 -0.386896 0.812727 -0.435645 -0.457067 0.241295 0.856076 -0.800875 -0.530331 -0.278115
0.462361 -135.570396 682.883606 31.361815 -0.639731 -0.473999 -0.605036 -0.404967 0.876934 -0.258820 0.653257 0.079445 -0.752956
0.686947 -138.325420 721.865531 1542.378822 -0.653865 -0.429536 -0.622864 -0.177625 0.887367 -0.425475 0.735466 -0.167567 -0.656515
1.197443 -156.344752 1454.273773 42.632386 -0.639263 -0.455420 -0.619625 -0.286500 0.888807 -0.357687 0.713625 -0.051134 -0.698660
0.890387 -151.472211 1708.957952 6121.347944 -0.622898 -0.503097 -0.599076 -0.566267 0.818323 -0.098433 0.539759 0.277924 -0.794618
0.901819 -127.095688 242.335701 2065.519862 -0.607130 -0.506011 -0.612655 -0.605110 0.794151 -0.056261 0.515009 0.336566 -0.788346
-0.610230 -123.255688 -262.739049 1821.522244 -0.604990 -0.494772 -0.623849 -0.576228 0.812773 -0.085799 0.549499 0.307571 -0.776821
0.253926 -123.796714 -659.040127 303.278448 -0.617795 -0.470565 -0.629998 -0.421065 0.874604 -0.240359 0.664103 0.116777 -0.738464
19.245242 -539.825890 5367.070138 83329.389632 0.647844 0.450164 0.614533 0.506017 0.348714 -0.788889 0.569425 -0.822041 0.001878
17.229938 -917.059237 -4126.517560 47296.537573 -0.578813 -0.480818 -0.658627 0.700492 0.120323 -0.703444 0.417476 -0.868526 0.267164
9.771289 -292.737788 1498.697129 1901.395324 -0.631404 -0.417374 -0.653551 0.730283 -0.036597 -0.682164 0.260799 -0.907998 0.327909
-96.219933 -3319.485675 54553.576539 1249614.615336 0.582419 0.405462 0.704549 0.423160 0.588801 -0.688657 0.694063 -0.699224 -0.171354
13.728741 -341.057125 -3694.684269 34441.897120 0.735467 0.324635 0.594727 0.622659 0.022287 -0.782176 0.267176 -0.945577 0.185746
-3.956204 -317.897684 -2919.794253 1685.873490 -0.609173 -0.404891 -0.681888 0.277638 0.696543 -0.661623 0.742849 -0.592361 -0.311902
4.823965 -427.849241 2021.811268 81607.393673 0.687219 0.383222 0.617147 0.428923 0.471600 -0.770466 0.586306 -0.794188 -0.159720
-18.212892 -35.867718 2442.445776 215.253428 0.731461 -0.112657 0.672513 0.638311 -0.233774 -0.733423 -0.239841 -0.965742 0.099087
-1.905248 -32.073944 4206.671848 -1792.344980 0.915108 -0.131149 0.381283 0.363136 -0.142910 -0.920711 -0.175239 -0.981008 0.083153
-5.191614 -25.170321 3736.999852 -1291.741111 0.849807 -0.081932 0.520687 0.487115 -0.255306 -0.835187 -0.201363 -0.963383 0.177050
8.523834 -17.850877 5015.730533 -2051.506431 0.903059 -0.104479 0.416616 0.376232 -0.275510 -0.884615 -0.207206 -0.955604 0.209494
-2.174927 -19.988022 3742.946729 -716.534712 0.802421 -0.039311 0.595462 0.555975 -0.313296 -0.769894 -0.216821 -0.948842 0.229540
-9.576073 -25.659245 -2504.036259 1075.701662 -0.580089 -0.045604 -0.813276 0.769327 -0.358736 -0.528625 -0.267644 -0.932324 0.243183
-13.901670 -30.335901 -1923.577959 738.537988 -0.643681 0.031536 -0.764644 0.718812 -0.317996 -0.618214 -0.262649 -0.947568 0.182019
-8.849502 -34.425046 255.801880 -1007.586716 0.666857 -0.673713 -0.318454 0.700494 0.712509 -0.040501 0.254187 -0.196067 0.947073
-10.682445 -36.294961 665.183067 -754.126663 0.708567 -0.630452 -0.316960 0.635751 0.765267 -0.100934 0.306193 -0.129989 0.943053
-9.488121 -33.414351 629.833728 1095.950848 0.750006 -0.595571 -0.287727 -0.629169 -0.776586 -0.032560 0.204053 -0.205449 0.957159
-6.222794 -29.875749 520.073389 -1623.037484 0.690271 -0.655980 -0.305313 0.707376 0.700542 0.094129 0.152138 -0.280945 0.947588
-7.365696 -29.904707 1015.368904 1149.647804 0.781964 -0.557042 -0.279708 -0.609142 -0.778090 -0.153369 0.132206 -0.290311 0.947756
-8.551991 -32.124366 155.374935 -701.741709 0.695928 0.646605 0.312388 -0.635375 0.757149 -0.151739 -0.334640 -0.092884 0.937757
-7.902556 -34.721657 886.108195 -324.051716 0.740457 0.585938 0.329240 -0.566221 0.807752 -0.164107 -0.362101 -0.064908 0.929876
-9.323367 -32.810416 559.430260 -100.269971 0.727979 0.605117 0.322304 -0.630448 0.775567 -0.032130 -0.269411 -0.179806 0.946091
-6.670074 -34.606754 196.815324 -734.978664 0.702414 0.629769 0.331672 -0.556056 0.776414 -0.296619 -0.444316 0.023922 0.895551
-10.409264 -30.838592 -458.972912 158.751392 0.685598 0.656699 0.314168 -0.677753 0.733319 -0.053805 -0.265719 -0.176039 0.947842
-9.883991 -30.646660 -746.519909 -508.317998 0.673404 0.678596 0.293315 -0.672433 0.727105 -0.138391 -0.307183 -0.104041 0.945946
-8.787405 -33.591434 -926.894328 -1404.529190 0.662983 0.679989 0.313159 -0.631738 0.732614 -0.253347 -0.401697 -0.029870 0.915285
15.381745 -87.083370 2627.830382 -5561.500136 -0.390246 0.802575 0.451200 0.911317 0.266877 0.313494 0.131187 0.533525 -0.835548
18.825355 -81.378674 2448.203885 5136.797153 -0.419088 0.812243 0.405741 0.905267 0.339507 0.255394 0.069690 0.474337 -0.877581
24.168954 -66.622480 2680.335435 7439.719709 -0.401474 0.841731 0.360981 0.885076 0.255225 0.389230 0.235496 0.475762 -0.847462
21.018974 -72.605608 2911.587967 -7234.598315 -0.340554 0.835643 0.430956 0.902682 0.162360 0.398502 0.263036 0.524728 -0.809613
11.527559 -98.989972 1957.770011 -12663.453588 -0.329142 0.815142 0.476665 0.908084 0.134815 0.396495 0.258939 0.563355 -0.784590
4.395297 -141.049928 -3080.503853 5197.457995 0.824204 -0.565538 -0.029234 0.240829 0.303321 0.921953 0.512532 0.766918 -0.386197
-7.503300 -158.901137 -3442.779294 -9329.506391 0.830739 -0.555149 -0.041029 0.377947 0.508384 0.773758 0.408692 0.658298 -0.632151
4.207361 -114.972506 -2250.616333 -4924.797866 0.800285 -0.599474 -0.013183 0.438161 0.569644 0.695357 0.409339 0.562260 -0.718543
14.110623 -115.799070 -2315.759294 3154.697329 0.777258 -0.629105 -0.009838 0.273799 0.324117 0.905529 0.566484 0.706524 -0.424171
-40.706325 -58.611539 255.623162 2579.546582 0.928846 -0.365796 0.058648 0.338798 0.774688 -0.533923 -0.149873 -0.515802 -0.843497
-41.327249 -50.382748 1451.073061 -2650.341099 -0.585771 0.630541 0.509205 0.618608 -0.058085 0.783550 0.523638 0.773979 -0.356033
-40.370540 -48.523458 -1610.792860 -335.040987 -0.253755 0.652350 0.714176 0.718002 -0.367705 0.590987 0.648137 0.662746 -0.375082
-37.882319 -48.910320 -600.675868 -864.042655 -0.191367 0.670203 0.717082 0.793089 -0.324841 0.515256 0.578264 0.667312 -0.469367
-38.645580 -47.427192 -1848.876461 -1483.189533 -0.041319 0.652863 0.756348 -0.683467 0.533709 -0.498023 0.728811 0.537517 -0.424158
-7.700812 -81.527716 -5209.470055 18138.725019 0.897569 0.303456 -0.319819 0.060590 0.633631 0.771259 -0.436691 0.711636 -0.550341
-16.827460 -238.443013 -3229.129099 67387.793736 0.938984 0.234568 -0.251570 0.173372 0.308922 0.935152 -0.297072 0.921708 -0.249405
22.126358 -36.393194 -943.347894 374.542791 0.762200 -0.583235 -0.280871 0.405794 0.092426 0.909279 0.504364 0.807028 -0.307120
22.278639 -37.225018 -2295.746206 -227.508413 0.779266 -0.553338 -0.294213 0.352377 -0.001349 0.935857 0.518242 0.832956 -0.193932
19.173639 -36.783842 -2852.841857 -306.765191 0.805344 -0.502290 -0.314842 0.357909 -0.011396 0.933687 0.472570 0.864624 -0.170597
22.724446 -37.885526 1386.087605 28.922485 0.987089 -0.153425 -0.045992 -0.095394 -0.793792 0.600661 0.128664 0.588519 0.798180
23.687229 -38.138570 1560.259248 -2.849776 0.977748 -0.195981 0.074839 -0.198919 -0.752792 0.627483 0.066636 0.628407 0.775025
13.332886 -38.461586 1047.844868 324.169121 0.983180 -0.176518 0.046876 -0.150661 -0.638797 0.754480 0.103235 0.748852 0.654647
2.931852 -43.327648 84.406677 -55.561273 0.841833 -0.315450 -0.437959 -0.519663 -0.254471 -0.815594 -0.145832 -0.914186 0.378150
3.050243 -41.240434 25.714181 -298.412821 0.851160 -0.326253 -0.411201 -0.495162 -0.239090 -0.835255 -0.174190 -0.914546 0.365052
3.893135 -41.595826 5.596760 180.458614 0.866480 -0.316370 -0.386164 -0.487470 -0.369428 -0.791136 -0.107632 -0.873747 0.474322
2.853215 -39.293482 -78.134850 -426.322835 0.855193 -0.341644 -0.389773 -0.476533 -0.222485 -0.850539 -0.203863 -0.913115 0.353072
3.396478 -39.726236 -118.209101 -60.749986 0.868831 -0.332052 -0.367253 -0.475344 -0.351938 -0.806342 -0.138497 -0.875146 0.463613
4.809877 -71.525124 326.705062 -2726.193689 0.819343 -0.312068 -0.480927 0.199020 -0.631876 0.749082 0.537650 0.709469 0.455616
4.761240 -78.995892 225.391263 -1456.115965 0.825900 -0.298697 -0.478193 0.084598 -0.772884 0.628883 0.557434 0.559848 0.613056
6.650299 -73.653406 -151.452413 -6216.321094 0.842475 -0.280355 -0.460039 0.208007 -0.618432 0.757809 0.496959 0.734127 0.462698
2.877328 -74.995836 940.521040 272.435839 0.801199 -0.318735 -0.506446 -0.095185 0.767679 -0.633726 0.590779 0.555946 0.584725
6.604071 -67.316324 57.433306 -3321.836571 0.827703 -0.294157 -0.477890 0.309043 -0.471886 0.825722 0.468401 0.831141 0.299674
1.946189 -73.662110 885.070790 -74.003329 0.797804 -0.320760 -0.510510 0.216253 -0.638155 0.738913 0.562799 0.699908 0.439757
4.198006 -71.405926 519.783414 -472.181350 0.802255 -0.311758 -0.509111 0.322744 -0.490937 0.809208 0.502218 0.813504 0.293239
-4.336745 -57.778102 -443.350978 5906.897980 0.812401 -0.367786 -0.452480 -0.421532 0.165725 -0.891541 -0.402884 -0.915024 0.020399
-1.733771 -44.805082 -436.713828 6298.206138 0.774023 -0.364073 -0.518014 -0.406774 0.341026 -0.847488 -0.485204 -0.866690 -0.115867
-1.797491 -33.872108 -407.606539 2243.147945 0.713783 -0.332954 -0.616162 -0.451555 0.453717 -0.768270 -0.535362 -0.826609 -0.173508
-2.633286 -33.656155 -167.602315 914.041329 0.727691 -0.331116 -0.600690 -0.455070 0.422192 -0.784006 -0.513203 -0.843870 -0.156544
-3.252457 -106.861644 -616.225558 -1022.787497 0.142144 -0.367090 0.919261 0.564563 0.792891 0.229329 -0.813058 0.486383 0.319950
-3.954230 -104.531601 -1466.621655 -1568.031659 0.121353 -0.341669 0.931953 0.351759 0.892763 0.281497 -0.928191 0.293662 0.228524
11.908386 -25.611175 2265.380858 -2317.429039 -0.884137 0.330787 0.329971 0.191583 0.900799 -0.389690 -0.426142 -0.281322 -0.859803
14.821441 -28.227199 1079.962974 -1569.529426 -0.901748 0.328279 0.281219 0.235919 0.918898 -0.316178 -0.362206 -0.218768 -0.906061
14.190816 -26.205422 -591.378190 -1405.434981 -0.929334 0.285715 0.233892 0.206028 0.926912 -0.313665 -0.306416 -0.243311 -0.920277
-1.369347 -20.972717 3987.073736 -2120.749526 0.984875 -0.085308 0.150811 -0.080221 0.546979 0.833293 0.153577 0.832788 -0.531863
12.064390 -38.269571 -506.857825 -19.663184 0.890212 -0.312485 -0.331475 0.446768 0.456722 0.769287 0.088999 0.832921 -0.546188
14.983414 -38.878906 -1370.940317 -136.692834 0.891787 -0.295985 -0.342211 0.434545 0.349600 0.830030 0.126039 0.888916 -0.440388
8.778076 -39.046782 -2107.339919 -217.881464 0.913154 -0.248413 -0.323172 0.405129 0.465698 0.786763 0.044942 0.849362 -0.525894
14.602727 -38.186345 624.258047 -96.785477 0.863670 -0.364219 -0.348451 0.473408 0.348743 0.808865 0.173084 0.863552 -0.473623
6.825351 -37.566111 -900.163420 -188.622512 0.910286 -0.268014 -0.315513 0.413806 0.566991 0.712240 0.011997 0.778903 -0.627029
8.749852 -36.536984 59.945506 -142.116266 0.883073 -0.337908 -0.325578 0.466780 0.561693 0.683094 0.047948 0.755195 -0.653744
12.135608 -37.446729 617.857642 123.224836 0.864587 -0.369943 -0.340047 0.485135 0.438270 0.756679 0.130896 0.819184 -0.558395
-8.356896 -166.772366 1567.960837 25098.076877 -0.200931 0.238542 -0.950118 -0.441412 0.843806 0.305200 0.874518 0.480718 -0.064251
-8.587624 -173.490319 1529.030421 8118.990016 -0.221156 0.262228 -0.939322 0.003180 0.963361 0.268190 0.975233 0.056325 -0.213887
-7.355718 -144.765923 -246.137762 14419.702659 -0.188398 0.259052 -0.947311 -0.269126 0.914042 0.303477 0.944499 0.312120 -0.102486
-7.533698 -156.162805 1144.508392 12721.846114 -0.204667 0.251723 -0.945911 -0.196875 0.936032 0.291692 0.958828 0.245926 -0.142017
-7.149325 -125.350745 125.622031 13689.523365 -0.194996 0.265602 -0.944157 -0.497841 0.802606 0.328601 0.845062 0.534116 -0.024278
-7.737449 -130.340683 10.775560 17924.513304 -0.168779 0.277761 -0.945707 -0.594663 0.736484 0.322439 0.786060 0.616798 0.040871
-6.869010 -152.272123 -896.224081 21748.506850 -0.136270 0.269329 -0.953358 -0.419218 0.856249 0.301817 0.897600 0.440794 -0.003773
-7.265213 -127.925936 689.563715 12992.371912 -0.178023 0.247259 -0.952455 -0.642180 0.704196 0.302840 0.745595 0.665560 0.033422
-8.619674 -119.834173 822.995993 15901.979098 -0.183395 0.261687 -0.947569 -0.674538 0.667688 0.314945 0.715098 0.696931 0.054067
-19.068081 -33.552104 1199.757616 -205.023362 0.714283 -0.640851 -0.281266 0.585726 0.327434 0.741426 0.383047 0.694332 -0.609243
-15.134241 -33.431934 1815.351052 -94.467706 0.692587 -0.673052 -0.259469 0.582925 0.310357 0.750917 0.424878 0.671326 -0.607288
-15.151793 -33.785623 2089.138296 5.765054 0.700271 -0.669786 -0.246998 0.509058 0.225946 0.830547 0.500480 0.707344 -0.499183
-14.385286 -20.149221 612.369582 -1489.579719 -0.182732 0.978745 0.093097 -0.952738 -0.199656 0.228972 -0.242692 0.046857 -0.968971
-12.060595 -18.707288 455.418596 -1252.316863 -0.243079 0.959130 0.144852 -0.948428 -0.266329 0.171911 -0.203463 0.095594 -0.974405
-12.991246 -17.519025 -1526.660738 -539.343862 -0.662214 0.733814 0.151620 -0.724317 -0.678710 0.121319 -0.191931 0.029481 -0.980965
-11.662428 -21.841064 830.962035 -642.191770 -0.100186 0.984830 0.141676 -0.959075 -0.133489 0.249713 -0.264837 0.110860 -0.957900
-15.365797 -18.775093 -2372.751257 588.704847 -0.766225 0.623667 0.154723 0.603793 0.781182 -0.158710 -0.219849 -0.028187 -0.975127
-13.688627 -23.213198 941.251673 -484.978926 -0.057402 0.994382 0.088932 -0.948971 -0.082014 0.304512 -0.310095 0.066915 -0.948348
-17.009712 -21.471746 719.150588 -1918.499185 -0.115992 0.992878 0.027179 -0.954448 -0.118993 0.273625 -0.274910 -0.005797 -0.961452
30.354695 20.028037 200.955721 1545.074271 -0.419694 -0.686446 0.593842 0.827374 -0.558363 -0.060694 0.373242 0.465857 0.802289
33.026684 21.634235 -10397.751950 2057.275007 0.262945 0.904733 -0.335138 0.912501 -0.346027 -0.218193 0.313373 0.248441 0.916556
24.051299 15.768804 -7374.540681 -1452.753168 -0.528153 -0.400547 0.748743 0.741237 -0.647654 0.176390 0.414274 0.648156 0.638961
-602.132314 -1620.232690 -170976.503209 428695.906382 -0.561114 0.409374 -0.719419 0.526352 0.847248 0.071582 0.638830 -0.338502 -0.690878
2.008901 -431.856703 -1734.423457 94374.803083 0.623500 -0.314915 0.715596 0.700189 -0.182285 -0.690295 0.347827 0.931451 0.106845
-8.829270 -99.699334 -2811.178410 -16764.891225 0.780562 -0.345222 0.521100 -0.462969 0.240825 0.853032 0.419979 0.907097 -0.028152
-1.123496 -62.531600 -990.865666 -2664.229864 0.890197 -0.376153 0.257019 -0.188868 0.208689 0.959572 0.414583 0.902750 -0.114731
7.326037 -80.552606 -1028.726214 -5788.281420 0.890561 -0.364283 0.272396 -0.166060 0.297139 0.940283 0.423468 0.882613 -0.204128
-34.878069 -47.203619 -68.078016 -282.050060 -0.633218 -0.506376 -0.585336 0.647658 0.067398 -0.758944 0.423761 -0.859675 0.285281
-34.058281 -47.247020 -331.176226 -285.268770 -0.505631 -0.604357 -0.615703 0.662692 0.184897 -0.725709 0.552429 -0.774962 0.307012
-32.828430 -46.503189 180.970634 59.600975 -0.559540 -0.547821 -0.621938 0.735945 0.016719 -0.676835 0.381183 -0.836428 0.393811
-34.896729 -48.239718 185.017523 -510.265020 0.597207 0.579742 0.554295 0.541096 0.218928 -0.811964 0.592080 -0.784838 0.182950
-33.645649 -44.646543 -186.579742 -125.033639 0.752173 0.427919 0.501120 0.607165 -0.154506 -0.779409 0.256098 -0.890513 0.376033
-36.460997 -49.119212 108.362760 -872.862078 0.728502 0.478562 0.490166 0.506851 0.104818 -0.855637 0.460854 -0.871775 0.166200
-36.197144 -46.948898 194.165644 -710.170912 0.839062 0.382704 0.386669 0.457656 -0.112235 -0.882017 0.294153 -0.917028 0.269319
-27.289930 -44.038998 463.139219 -1070.532744 0.925941 -0.368398 -0.083164 -0.200271 -0.665651 0.718888 0.320196 0.648992 0.690133
-25.762033 -44.511650 -320.145983 672.530964 0.884063 -0.465008 -0.046905 -0.357239 -0.737045 0.573712 0.301352 0.490441 0.817713
-25.248706 -42.118712 151.471101 -587.939776 0.888763 -0.436306 -0.140492 -0.241697 -0.706520 0.665140 0.389465 0.557195 0.733383
-24.928300 -42.142397 431.506309 -2707.787910 0.902787 -0.384569 -0.192568 -0.112678 -0.643588 0.757033 0.415066 0.661741 0.624355
139.281451 -105.761738 2335.120925 -19894.238073 -0.243884 0.968380 0.052550 0.064881 -0.037773 0.997178 -0.967632 -0.246605 0.053617
185.502199 -66.509420 -6843.456587 -14598.276540 -0.316753 0.941705 -0.113402 -0.157003 0.065854 0.985400 -0.935424 -0.329933 -0.126991
166.705422 -148.507322 21791.250288 -33947.545330 0.115142 0.991351 0.062979 -0.131596 -0.047619 0.990159 -0.984594 0.122297 -0.124975
129.515939 -62.404344 -10266.733390 -10871.366234 -0.543722 0.837957 -0.046843 0.043322 0.083762 0.995544 -0.838147 -0.539269 0.081845
121.475531 -135.638354 13896.393360 -18303.627771 0.082331 0.990804 0.107375 0.153917 -0.119089 0.980881 -0.984648 0.064230 0.162307
106.830750 -102.098912 2615.309600 -9918.308261 -0.290003 0.949824 0.117183 0.261614 -0.039102 0.964380 -0.920574 -0.310330 0.237147
118.482739 -85.153430 735.092697 -15461.175508 -0.418542 0.907773 0.027777 0.125723 0.027622 0.991681 -0.899453 -0.418552 0.125689
1.451722 -40.003756 1929.684136 -537.821175 0.985758 0.163280 -0.040249 0.011778 -0.305781 -0.952029 0.167755 -0.937997 0.303349
7.321978 -40.288146 1545.091741 -808.946557 0.986534 0.137475 -0.088613 -0.046470 -0.283857 -0.957740 0.156819 -0.948960 0.273646
2.180724 -39.009410 1743.518654 -1117.354919 0.981999 0.157549 -0.104195 -0.021234 -0.456052 -0.889700 0.187689 -0.875897 0.444497
3.094815 -40.141633 2075.977604 726.410128 0.985670 0.167425 -0.020590 -0.003349 -0.102611 -0.994716 0.168654 -0.980530 0.100580
-2.504285 -37.504298 1608.033172 -295.889851 0.985697 0.160917 -0.050080 0.029230 -0.455894 -0.889554 0.165976 -0.875366 0.454077
-1.671022 -39.131793 1154.439921 -762.524996 0.985998 0.157495 0.054805 0.081774 -0.170233 -0.982005 0.145332 -0.972736 0.180729
-3.967434 -39.904988 476.044152 -640.522429 0.992679 0.120320 0.010596 0.051401 -0.341426 -0.938502 0.109303 -0.932175 0.345111
85.355163 -28.837623 12957.493546 319.523906 0.843613 -0.516961 -0.145150 0.210517 0.567112 -0.796283 -0.493964 -0.641198 -0.587252
85.320691 -27.520440 8725.568701 415.594987 -0.643346 0.692571 0.326267 -0.205899 -0.566997 0.797571 -0.737368 -0.445936 -0.507375
66.646615 -27.516329 19305.440426 1061.321283 0.941509 -0.336217 0.022791 0.241831 0.627002 -0.740531 -0.234690 -0.702728 -0.671636
79.075691 -30.272913 -43.849604 -56.312426 -0.669143 0.675272 0.310251 -0.167128 -0.543540 0.822577 -0.724097 -0.498570 -0.476563
93.259939 -28.000977 13923.107047 2123.559069 0.860626 -0.483691 -0.159266 0.174230 0.573561 -0.800420 -0.478505 -0.661113 -0.577895
74.145393 -26.579557 18536.521901 390.929223 0.942738 -0.333534 0.000851 0.201767 0.568263 -0.797726 -0.265585 -0.752218 -0.603019
-8.208858 -49.554720 -111.819495 -4262.762584 0.479345 0.341844 0.808314 0.401324 0.733706 -0.548284 -0.780492 0.587213 0.214508
-1.474858 -126.801815 -158.040194 -6152.912459 -0.235420 0.849914 0.471406 0.939287 0.074381 0.334975 0.249636 0.521645 -0.815824
-0.589211 -112.674224 25.893079 -6491.240616 -0.221905 0.844099 0.488113 0.974579 0.176141 0.138459 0.030896 0.506429 -0.861728
-1.252057 -129.537254 88.078409 -10836.888690 -0.253109 0.834437 0.489541 0.945139 0.105263 0.309245 0.206515 0.540957 -0.815302
-1.760739 -137.684014 17.056397 -7566.010753 -0.265059 0.839099 0.475034 0.873227 -0.000041 0.487314 0.408924 0.543979 -0.732712
-1.768491 -129.460235 -188.380805 -1496.597248 -0.248080 0.853267 0.458684 0.849063 -0.036454 0.527032 0.466420 0.520198 -0.715434
18.949701 -30.709509 5272.344307 -6156.316786 -0.370189 -0.171590 0.912971 -0.653599 0.746494 -0.124719 -0.660128 -0.642887 -0.388495
34.080176 -14.880691 5187.448694 -3228.262392 -0.442325 -0.201272 0.873978 -0.621130 0.771705 -0.136637 -0.646952 -0.603292 -0.466360
-4.189415 -32.200004 -1481.565493 12010.146112 0.279363 0.328830 -0.902124 0.790837 -0.611632 0.021957 -0.544548 -0.719567 -0.430918
60.701182 -24.334168 18333.686661 -837.192958 -0.355134 -0.061615 0.932783 -0.512732 0.847181 -0.139250 -0.781656 -0.527720 -0.332454
42.511126 -31.102789 17947.131400 -649.502048 -0.244276 -0.095158 0.965025 -0.550323 0.832993 -0.057164 -0.798419 -0.545040 -0.255848
-8.718544 -46.477391 3825.150274 -7697.968066 -0.165224 -0.342615 0.924833 -0.714535 0.687939 0.127201 -0.679809 -0.639809 -0.358474
-0.925316 -91.366410 682.255986 -2106.311592 0.709947 0.655846 0.256596 -0.263632 0.585354 -0.766720 0.653050 -0.476684 -0.588472
5.535275 -89.711008 -785.719327 -642.294861 0.813415 0.529421 0.240977 -0.090641 0.524576 -0.846525 0.574578 -0.666734 -0.474685
7.283390 -90.008261 -475.398344 -626.067877 0.798766 0.548540 0.247136 -0.091685 0.516954 -0.851089 0.594614 -0.657162 -0.463219
5.433786 -89.531475 673.913620 99.639992 -0.810321 -0.536478 -0.235734 -0.220151 0.651528 -0.725978 0.543059 -0.536379 -0.646053
7.473485 -89.289031 -454.864652 -877.426387 0.799298 0.544672 0.253882 0.047539 0.363843 -0.930246 0.599052 -0.755613 -0.264925
3.644381 -89.067654 -632.872562 -44.868894 0.816053 0.530917 0.228438 -0.224512 0.655381 -0.721159 0.532589 -0.537217 -0.654023
3.135084 -88.840459 -869.795532 -794.731790 0.819824 0.522045 0.235279 -0.094262 0.528318 -0.843798 0.564803 -0.669588 -0.482337
5.312904 -88.670188 -848.294914 -858.077575 0.815095 0.523321 0.248505 0.046472 0.368509 -0.928462 0.577460 -0.768333 -0.276050
0.859805 -153.577659 1334.991467 -4670.223740 -0.646251 -0.411276 -0.642816 0.031323 0.827341 -0.560826 0.762482 -0.382569 -0.521787
-8.336523 -94.326880 -1149.723981 3886.840490 -0.585340 -0.694781 -0.417919 0.805710 -0.556048 -0.204064 -0.090603 -0.456168 0.885269
-11.733896 -86.565997 -392.997605 3987.116143 -0.562510 -0.682212 -0.467086 0.825331 -0.496877 -0.268219 -0.049102 -0.536377 0.842549
-8.487899 -91.624282 -1967.659573 -4182.692067 -0.575500 -0.704146 -0.415906 0.810096 -0.421203 -0.407838 0.111996 -0.571635 0.812829
-2.723090 -93.129224 -1498.683984 58.856836 -0.596256 -0.697634 -0.397224 0.798931 -0.467173 -0.378758 0.078662 -0.543191 0.835916
-5.521092 -118.115513 -3110.406934 -9891.566302 -0.567633 -0.728926 -0.382699 0.747629 -0.261747 -0.610360 0.344737 -0.632578 0.693543
-1.793449 -107.086005 -1845.821577 -7667.620793 -0.605042 -0.711836 -0.356670 0.743641 -0.345180 -0.572581 0.284468 -0.611670 0.738199
19.010577 -16.928171 1583.387140 -599.054322 0.364041 0.849762 -0.381285 0.866167 -0.158391 0.473991 0.342388 -0.502809 -0.793696
25.883154 -18.041810 1406.733781 -23.577024 0.418142 0.844637 -0.334285 0.803161 -0.171845 0.570439 0.424369 -0.507009 -0.750235
