16596
33180
-69.882800 -104.895113 -905.744087 24373.041658 -0.393754 0.125934 -0.910548 -0.119237 0.975204 0.186439 0.911450 0.181982 -0.368975
-72.342455 -117.390026 1155.889884 17643.494635 -0.325895 -0.005537 -0.945390 -0.057692 0.998236 0.014041 0.943644 0.059117 -0.325640
-86.000579 -131.062883 -2833.856464 21301.419001 -0.361518 0.354142 -0.862489 0.131193 0.935174 0.328996 0.923089 0.005785 -0.384544
-63.151596 -93.484036 -388.049171 17720.251044 -0.241691 -0.261957 -0.934325 -0.260843 0.944970 -0.197466 0.934637 0.195986 -0.296720
-76.862484 -151.877289 758.985799 39404.602188 -0.381858 0.486686 -0.785698 0.165071 0.872364 0.460144 0.909360 0.046013 -0.413457
-55.538958 -129.143149 15751.886623 47964.802420 -0.475165 0.424449 -0.770754 -0.001034 0.875689 0.482874 0.879896 0.230241 -0.415658
-55.168772 -80.192254 10292.368037 22980.545209 -0.438757 0.076448 -0.895348 -0.248384 0.947238 0.202596 0.863596 0.311280 -0.396619
-52.447923 -78.299518 -406.679479 12962.545081 -0.235415 -0.362858 -0.901617 -0.373779 0.890143 -0.260645 0.897145 0.275646 -0.345181
8.372285 -82.346081 -45104.590116 42772.219017 0.741977 0.230247 0.629649 -0.663419 0.387581 0.640044 0.096672 0.892618 -0.440326
-19.270208 -36.554081 -26191.840300 16191.745213 0.884081 0.078393 0.460712 -0.442547 0.457229 0.771423 0.150177 0.885887 -0.438920
-42.268894 -410.330726 -23697.998831 -357955.970256 0.449069 0.346018 0.823777 0.878648 -0.003628 -0.477457 -0.162220 0.938221 -0.305657
1.790258 -648.577757 -28996.479358 -492254.077574 0.347253 0.488808 0.800302 0.894348 0.084063 -0.439403 -0.282059 0.868332 -0.407973
24.231903 -71.315230 -18906.571007 486.421944 -0.606786 0.239054 -0.758065 -0.119823 0.915295 0.384548 0.785782 0.324172 -0.526745
25.900117 -67.330632 -27683.190313 -1377.256374 -0.575795 0.178460 -0.797880 -0.088634 0.956511 0.277904 0.812775 0.230735 -0.534937
3.127907 -68.896861 -23524.592832 -847.204096 -0.568148 0.152782 -0.808619 -0.164948 0.941531 0.293790 0.806226 0.300296 -0.509728
-7.321332 -69.548134 -12928.330736 -2847.595866 -0.572756 0.142286 -0.807283 -0.226721 0.918906 0.322815 0.787749 0.367923 -0.494049
7.578793 -71.849351 -22431.967468 -2688.755021 -0.580881 0.205352 -0.787659 -0.204108 0.899994 0.385164 0.787983 0.384502 -0.480875
3.978571 -168.240955 9866.868987 -54180.881617 -0.920620 0.089527 0.380057 -0.023974 0.958562 -0.283872 -0.389722 -0.270450 -0.880326
12.907264 -111.506566 -11627.064557 -18325.217397 0.917349 -0.018509 -0.397653 -0.136596 0.923635 -0.358107 -0.373915 -0.382827 -0.844767
17.222373 -160.708013 10649.932731 -53314.296993 -0.927472 0.067916 0.367673 -0.039896 0.959773 -0.277928 -0.371758 -0.272439 -0.887453
7.619213 -249.568286 11129.715422 -80593.716711 -0.925367 0.089742 0.368296 0.056710 0.993413 -0.099576 -0.374807 -0.071258 -0.924360
-3.350964 -247.797767 9511.672785 -74607.555177 -0.921275 0.098221 0.376306 0.063358 0.992562 -0.103959 -0.383717 -0.071933 -0.920645
24.661356 -24.539021 36527.699622 -19076.203710 -0.557170 0.089102 0.825604 0.598083 0.732782 0.324540 -0.576071 0.674604 -0.461575
-7.597604 -78.789178 -18730.028503 9001.047543 -0.104160 0.524280 0.845152 0.895044 0.419928 -0.150189 -0.433644 0.740804 -0.512993
23.913037 -57.532819 -34954.759705 -10736.793695 -0.058147 0.595793 0.801031 0.856783 0.441613 -0.266271 -0.512388 0.670827 -0.536144
21.469577 -38.499628 -55980.243719 -9438.273645 0.613328 0.021295 -0.789541 0.557113 0.696927 0.451572 -0.559869 0.716825 -0.415582
136.120777 14.410482 146489.631326 -18229.748796 -0.703116 -0.218052 0.676817 0.308256 0.764266 0.566459 -0.640786 0.606919 -0.470151
287.108838 -12.854515 303000.103285 -10913.712142 -0.694799 -0.376794 0.612602 0.235813 0.685340 0.688986 -0.679446 0.623166 -0.387320
-13.234449 -87.704250 6887.250678 -5505.703998 0.067434 0.341094 0.937607 0.418639 0.843346 -0.336911 -0.905645 0.415239 -0.085925
-13.636111 -76.209060 5116.420938 -9684.735158 0.049643 0.344643 0.937420 0.280963 0.895856 -0.344241 -0.958434 0.280469 -0.052359
-7.773001 -73.182930 9016.908216 -7970.694551 0.064725 0.305300 0.950054 0.292048 0.904571 -0.310580 -0.954211 0.297564 -0.030614
-7.887399 -71.913475 10464.442695 -11033.815643 0.052109 0.286322 0.956715 0.198176 0.935999 -0.290916 -0.978780 0.204758 -0.007969
-0.052155 -68.216742 7718.903383 -8946.523071 0.038014 0.241117 0.969751 0.189126 0.951177 -0.243912 -0.981217 0.192677 -0.009443
-8.166695 -104.541740 2774.100761 1777.457939 0.093433 0.478777 0.872951 0.902412 -0.411139 0.128906 0.420621 0.775717 -0.470469
-5.050951 -96.545573 39.449337 -325.548097 0.139536 0.461902 0.875886 0.847599 -0.513039 0.135524 0.511963 0.723490 -0.463095
-5.537495 -100.443624 753.141736 512.523551 0.149135 0.460129 0.875237 0.805975 -0.569354 0.161988 0.572855 0.681261 -0.455763
-8.585239 -105.771746 1296.971790 1954.446359 0.100329 0.485980 0.868192 0.864614 -0.474357 0.165611 0.492317 0.734036 -0.467777
-9.137255 -106.309001 1204.287437 -1092.327161 0.066709 0.500583 0.863115 0.933216 -0.337403 0.123557 0.353068 0.797230 -0.489660
-9.530507 -106.273714 2906.156988 509.859305 0.061134 0.491535 0.868710 0.954705 -0.282719 0.092783 0.291207 0.823689 -0.486554
-9.667752 -108.710020 502.763122 5182.158196 0.078582 0.488196 0.869189 0.955012 -0.286967 0.074840 0.285965 0.824205 -0.488784
10.477797 -293.161805 463.737960 -57686.156346 -0.493294 0.285123 -0.821806 0.823855 0.456320 -0.336205 0.279147 -0.842898 -0.460000
7.704920 -265.123792 8105.165323 -57064.699194 -0.507712 0.345354 -0.789277 0.828719 0.446184 -0.337853 0.235484 -0.825621 -0.512734
11.148272 -218.033310 7694.928153 -48478.502225 -0.450704 0.360305 -0.816729 0.892353 0.206370 -0.401395 0.023924 -0.909720 -0.414532
19.861614 -268.423797 -1894.892470 -46110.932217 -0.466130 0.264603 -0.844221 0.870479 0.307666 -0.384197 0.158078 -0.913962 -0.373744
15.586291 -294.601575 2115.722796 -34649.722537 -0.517013 0.258131 -0.816129 0.766462 0.564097 -0.307132 0.381096 -0.784323 -0.489493
17.128030 -250.976191 3058.671374 -43603.902057 -0.437359 0.309641 -0.844298 0.899282 0.147556 -0.411726 -0.002907 -0.939335 -0.342990
-27.521851 -63.822008 -5737.802318 -6296.051626 0.636737 -0.298078 0.711136 0.699209 -0.165604 -0.695472 0.325072 0.940066 0.102973
-16.298626 -62.429705 -7145.612847 5149.855737 0.691586 -0.283877 0.664170 -0.646927 0.165512 0.744373 0.321239 0.944468 0.069181
-15.259664 -52.953957 -7988.230607 7272.581830 0.729666 -0.294396 0.617186 -0.633524 0.048659 0.772192 0.257361 0.954444 0.151002
25.779189 -63.392313 -6873.720139 5725.338204 -0.034341 0.637416 -0.769754 0.988919 0.132980 0.065999 0.144430 -0.758958 -0.634919
31.343082 -56.771039 -4546.361101 8867.490748 0.007401 0.655310 -0.755324 0.972762 0.170290 0.157272 0.231686 -0.735914 -0.636201
29.576951 -68.948549 5445.204837 7060.436590 -0.042486 0.698314 -0.714530 0.987398 0.138474 0.076620 0.152448 -0.702270 -0.695397
30.100016 -70.975887 1908.728395 555.550926 -0.073897 0.673794 -0.735215 0.996847 0.071280 -0.034868 0.028913 -0.735473 -0.676937
13.682935 -190.793745 6104.052076 6764.776922 0.870874 0.060247 -0.487800 -0.398087 -0.495641 -0.771924 0.288280 -0.866436 0.407657
18.071930 -202.480000 1949.560419 5184.859472 0.881990 0.020369 -0.470828 -0.385612 -0.543144 -0.745854 0.270919 -0.839393 0.471193
13.254889 -198.790946 3789.204044 8870.385112 0.864409 0.027855 -0.502017 -0.348625 -0.686259 -0.638365 0.362296 -0.726824 0.583497
13.942624 -193.945796 1019.282040 -56.041781 0.892059 0.041012 -0.450055 -0.415233 -0.318664 -0.852077 0.178362 -0.946980 0.267238
8.732239 -191.565438 8854.201878 9951.296643 0.857186 0.075049 -0.509509 -0.352345 -0.636091 -0.686470 0.375613 -0.767956 0.518806
11.657466 -180.949697 5959.616215 10705.691183 0.869886 0.076681 -0.487257 -0.403758 -0.456740 -0.792697 0.283335 -0.886289 0.366351
13.634283 -180.598518 4265.461888 1987.538514 0.881979 0.071819 -0.465785 -0.423980 -0.310668 -0.850721 0.205802 -0.947801 0.243553
-20.893936 -150.102934 -1906.069440 -1791.488809 0.485574 -0.234713 0.842097 0.874134 0.118965 -0.470889 0.010344 0.964757 0.262937
-20.323223 -149.837551 -379.222193 -1290.238086 0.477930 -0.213261 0.852117 0.877541 0.073074 -0.473901 0.038797 0.974259 0.222070
-22.928893 -148.858435 367.676663 -3244.008303 0.468331 -0.227334 0.853806 0.872817 0.269223 -0.407075 -0.137322 0.935862 0.324507
-19.654787 -150.086335 -574.096161 3722.297444 0.476984 -0.226430 0.849244 0.859877 -0.079781 -0.504228 0.181926 0.970755 0.156648
-23.829272 -151.490812 -931.688066 -3923.996043 0.484378 -0.264582 0.833891 0.861862 0.308000 -0.402901 -0.150238 0.913856 0.377222
-22.006892 -152.054866 -2767.679352 2801.699479 0.482566 -0.248763 0.839790 0.857861 -0.059138 -0.510468 0.176649 0.966757 0.184866
-24.713192 -365.125538 6954.687840 109573.481933 0.976496 0.021287 -0.214484 -0.140705 -0.690860 -0.709165 0.163274 -0.722675 0.671627
-20.830043 -403.685743 2681.997205 152110.472651 0.978912 0.057460 -0.196034 -0.130846 -0.560573 -0.817703 0.156877 -0.826109 0.541233
-26.814752 -445.659229 6656.835024 104518.084296 0.974525 0.056252 -0.217109 -0.074138 -0.832819 -0.548558 0.211670 -0.550680 0.807433
-27.205396 -438.937800 5095.633446 91982.760749 0.977968 0.039755 -0.204933 -0.068316 -0.866691 -0.494146 0.197258 -0.497259 0.844880
3.624511 -250.769020 1137.765072 16275.004439 0.947693 -0.167595 -0.271642 0.310258 0.283856 0.907285 0.074949 0.944107 -0.321006
0.293900 -262.620334 99.411379 3191.070421 0.946555 -0.174919 -0.270993 0.320213 0.408817 0.854595 0.038698 0.895697 -0.442978
1.404717 -240.401786 2376.105136 30205.769586 0.947550 -0.178377 -0.265199 0.285672 0.100602 0.953032 0.143319 0.978806 -0.146282
-0.097107 -206.820551 2927.402856 33812.477705 0.942348 -0.186404 -0.277910 0.245404 -0.179657 0.952628 0.227503 0.965907 0.123555
4.667516 -206.217198 4657.281662 38709.411575 0.944265 -0.190283 -0.268619 0.240878 -0.156778 0.957809 0.224368 0.969130 0.102205
7.103516 -230.283800 4561.217942 43507.503202 0.946942 -0.179289 -0.266753 0.277290 0.036059 0.960109 0.162518 0.983135 -0.083861
2.313925 -54.102096 22041.019906 14692.981406 -0.539242 0.756590 -0.369850 0.842094 0.489501 -0.226419 0.009736 -0.433543 -0.901080
-1.027800 -63.576420 17072.225462 11779.409093 -0.503556 0.771615 -0.388640 0.862636 0.424123 -0.275643 -0.047859 -0.474057 -0.879193
21.590056 -44.153274 18511.404647 14113.328450 -0.345125 0.835724 -0.427147 0.937871 0.324479 -0.122926 0.035868 -0.443034 -0.895787
11.208105 -35.039986 25818.331439 15133.586762 -0.419441 0.822649 -0.383819 0.905764 0.407440 -0.116551 0.060503 -0.396535 -0.916024
3.998121 -54.105916 8916.224518 1435.884955 -0.062063 0.415047 -0.907681 -0.112169 0.900772 0.419557 0.991749 0.127853 -0.009350
7.646267 -60.978595 10565.479496 3287.584829 -0.065539 0.461530 -0.884700 -0.035665 0.884956 0.464306 0.997212 0.061983 -0.041539
15.141206 -58.560156 11956.728392 3886.764869 -0.058893 0.362146 -0.930259 -0.049852 0.929647 0.365063 0.997019 0.067875 -0.036696
-2545.104667 -16852.144470 -5457744.042473 31144534.547076 0.666234 0.723970 -0.178885 -0.528469 0.289094 -0.798214 0.526168 -0.626333 -0.575200
-438.515884 -7240.803822 -39940.243250 -8918929.367666 0.113331 0.984837 0.131346 -0.281065 0.158576 -0.946497 0.952973 -0.070351 -0.294775
2611.731244 -3332.604631 1859571.663390 -2164570.185718 0.882622 0.445621 0.149670 0.240663 -0.154850 -0.958177 0.403807 -0.881728 0.243918
-148.245588 -574.345346 78607.378816 -316977.202360 -0.286276 0.949207 0.130584 0.941862 0.253763 0.220229 0.175906 0.186038 -0.966668
-1872.912337 -3045.709641 -197163.884207 -1966164.213517 0.129751 0.630897 -0.764940 0.973885 -0.226045 -0.021241 -0.186312 -0.742208 -0.643751
14.717354 -119.965433 -4205.487208 3559.655027 0.749637 -0.074605 -0.657631 -0.047037 0.985109 -0.165373 0.660176 0.154902 0.734965
11.308063 -150.407139 -12105.915951 -32625.637398 0.787847 -0.127015 -0.602631 -0.067360 0.954860 -0.289317 0.612177 0.268530 0.743728
25.360300 -124.946625 -6828.145100 6660.501991 0.736992 -0.107896 -0.667234 -0.086411 0.964035 -0.251336 0.670355 0.242889 0.701163
22.645549 2.289975 8038.323531 -12842.866213 0.036530 0.174043 -0.984060 0.999261 -0.018121 0.033889 -0.011934 -0.984571 -0.174576
21.384267 8.926328 2269.813752 -5132.377743 0.527366 0.106987 -0.842875 0.849621 -0.060117 0.523956 0.005386 -0.992441 -0.122602
21.296178 -0.073325 -6583.106327 -11321.931519 0.264688 0.061413 -0.962377 0.963964 -0.044479 0.262286 -0.026698 -0.997121 -0.070973
-63.266588 -99.785691 9351.175475 -5772.546355 0.743182 -0.632286 -0.218847 -0.659669 -0.637726 -0.397671 -0.111878 -0.439909 0.891046
-58.034575 -97.754788 -904.225324 -1858.148014 0.779635 -0.577294 -0.242697 -0.619917 -0.656543 -0.429714 -0.088730 -0.485472 0.869738
-61.161664 -97.288902 2228.345629 -2629.304607 0.784975 -0.587061 -0.197922 -0.618181 -0.721172 -0.312671 -0.040821 -0.367791 0.929012
-72.267029 -100.757045 9548.871286 -4650.835665 0.735554 -0.662975 -0.139370 -0.671795 -0.687233 -0.276409 -0.087473 -0.296942 0.950881
-63.387636 -97.851071 5636.203297 1680.476177 0.778092 -0.605207 -0.168222 -0.627968 -0.755922 -0.185037 0.015177 -0.249613 0.968227
-58.139098 -95.915235 -1981.580997 1178.590208 0.787452 -0.577875 -0.214430 -0.615252 -0.757915 -0.216862 0.037201 -0.302697 0.952361
43.538524 -88.992445 17489.655910 -6057.076475 -0.194153 0.797363 -0.571416 0.334515 0.601401 0.725545 -0.922174 0.050281 0.383494
49.839936 -90.392604 6824.966536 -3035.523332 -0.254542 0.801047 -0.541787 0.436261 0.595110 0.674923 -0.863067 0.064564 0.500945
52.581711 -87.108901 758.566528 -5273.327214 -0.289263 0.796243 -0.531341 0.303143 0.602699 0.738145 -0.907982 -0.052446 0.415715
14.596951 -181.666487 -7805.863576 -9447.217765 0.012585 -0.682662 0.730626 0.103036 0.727680 0.678134 -0.994598 0.066747 0.079496
16.039584 -177.254896 3209.875985 36430.084190 -0.024205 0.719885 -0.693671 0.399456 0.643040 0.653402 -0.916433 0.261275 0.303128
15.261749 -175.058335 5892.058311 16329.725524 -0.029199 0.721398 -0.691905 0.302373 0.666144 0.681779 -0.952742 0.189306 0.237582
18.985424 -154.194243 -3023.513186 -2802.045397 0.059006 -0.702150 0.709580 0.199463 0.704777 0.680811 -0.978127 0.101362 0.181639
17.981593 -166.203771 -10558.516174 -22049.126264 0.022784 -0.673634 0.738713 0.041611 0.738904 0.672525 -0.998874 0.015416 0.044866
24.442363 -86.126895 -734.888670 -1206.065847 -0.192514 -0.471879 0.860389 0.925810 -0.377990 -0.000156 0.325291 0.796526 0.509639
18.039197 -95.432393 1288.160310 2449.501781 -0.149659 -0.481420 0.863619 0.960977 -0.276346 0.012482 0.232648 0.831786 0.503991
32.096207 -86.015939 9313.068744 -36.887669 -0.059393 -0.511942 0.856965 0.944046 -0.307809 -0.118454 0.324423 0.801978 0.501578
18.154078 -97.484041 -5312.106818 4192.317285 -0.214989 -0.468135 0.857105 0.951166 -0.299418 0.075046 0.221501 0.831383 0.509646
20.572304 -93.521009 -4326.671143 2432.342666 -0.232139 -0.470992 0.851046 0.943019 -0.323408 0.078243 0.238383 0.820716 0.519230
22.443913 -87.901496 -728.601493 1921.980172 -0.244570 -0.478030 0.843607 0.911040 -0.411141 0.031146 0.331952 0.776177 0.536057
34.903387 -81.504119 4912.914640 4040.758589 -0.206523 -0.496019 0.843394 0.854813 -0.510870 -0.091136 0.476070 0.702123 0.529510
10.471265 -69.293707 -609.286673 -5756.437351 -0.279528 -0.569349 0.773115 0.405260 0.660007 0.632578 -0.870419 0.490136 0.046244
8.230515 -73.740391 -1450.713695 -8247.308982 -0.286520 -0.557866 0.778904 0.418273 0.658584 0.625552 -0.861948 0.505028 0.044643
11.170748 -80.517482 -1259.494447 -14159.411731 -0.293133 -0.582169 0.758387 0.452267 0.614431 0.646474 -0.842335 0.532497 0.083186
11.693682 -80.218473 1985.872511 -11736.889611 0.286820 0.594125 -0.751499 0.475176 0.592923 0.650115 -0.831831 0.543560 0.112251
-1.574161 -152.174360 -11020.575894 1977.240086 0.143021 0.676793 -0.722147 -0.386719 0.709857 0.588686 0.911040 0.195073 0.363253
-5.964211 -152.936837 -7264.677547 -9753.184223 0.113513 0.681515 -0.722947 0.471021 -0.677595 -0.564805 0.874788 0.276410 0.397923
-0.092613 -140.271523 -7304.341084 -20561.800077 0.132335 0.666964 -0.733244 0.576334 -0.653624 -0.490525 0.806428 0.357680 0.470892
5.114512 -141.396862 -5105.172694 12789.272548 0.128163 0.652993 -0.746441 -0.505255 0.690642 0.517428 0.853400 0.310828 0.418443
-6.614935 -191.210493 -290.664698 1318.316194 0.157858 0.732080 -0.662676 -0.515168 0.633579 0.577216 -0.842427 -0.250271 -0.477160
-4.916569 -187.051106 -617.147337 -11600.595036 0.149602 0.733974 -0.662496 -0.600042 0.599940 0.529170 -0.785855 -0.318361 -0.530168
-8.071175 -198.262020 1358.425442 19591.809185 0.150102 0.732177 -0.664369 -0.353193 0.667351 0.655665 -0.923431 -0.136235 -0.358770
-5.008108 -183.463278 -425.517662 -31252.754308 0.151312 0.738398 -0.657171 -0.755805 0.514900 0.404520 -0.637074 -0.435485 -0.635995
-8.681953 -191.271931 -3537.566274 18050.268024 0.140764 0.726035 -0.673096 -0.255276 0.683493 0.683865 -0.956567 -0.075561 -0.281551
-9.002020 -190.170230 222.219724 25580.208683 0.168163 0.726165 -0.666638 -0.320584 0.679794 0.659626 -0.932173 -0.102788 -0.347113
-5.642412 -188.581666 -535.643943 -24422.361010 0.160932 0.731982 -0.662045 -0.701012 0.556962 0.445394 -0.694754 -0.392424 -0.602761
-7.829769 -195.665749 3506.582597 3462.835888 0.183910 0.730038 -0.658195 -0.502880 0.645229 0.575144 -0.844564 -0.225218 -0.485786
7.267477 -175.350799 4724.918519 -29257.217842 -0.019483 0.771033 -0.636497 0.986563 0.118113 0.112880 0.162213 -0.625745 -0.762975
3.761455 -172.132040 3023.048698 -32727.873651 -0.005347 0.769599 -0.638506 0.990415 0.092207 0.102844 0.138023 -0.631835 -0.762715
6.486728 -158.731201 3143.196390 -16364.099152 0.005173 0.763498 -0.645789 0.999939 0.002343 0.010779 0.009743 -0.645806 -0.763440
9.144647 -178.159779 3459.626461 -16584.229999 -0.002697 0.758746 -0.651381 0.995718 0.062231 0.068365 0.092407 -0.648408 -0.755664
-22.005985 -78.726511 -2641.817376 -18804.810235 -0.181567 -0.591793 0.785375 0.354927 0.705379 0.613569 -0.917094 0.390154 0.081969
-23.070412 -82.392276 -2385.484222 -6097.689481 -0.152395 -0.605196 0.781354 0.452484 0.660139 0.599562 -0.878655 0.444920 0.173240
-22.296233 -82.934603 -512.858347 -2373.373244 -0.178278 -0.603071 0.777510 0.490106 0.630754 0.601619 -0.853237 0.488318 0.183119
-22.606300 -85.887787 482.759545 14868.626904 0.137515 0.616785 -0.775026 0.607486 0.565500 0.557827 -0.782337 0.547527 0.296923
-22.333457 -87.304284 -2068.679445 16636.541346 0.166913 0.615937 -0.769911 0.630910 0.533350 0.563463 -0.757689 0.579793 0.299578
10.425799 -206.642346 -5087.276802 -3455.330684 -0.271768 -0.781807 0.561178 0.891243 -0.424466 -0.159734 0.363082 0.456735 0.812136
8.039589 -198.944168 -2032.445493 -19814.476757 -0.263478 -0.792212 0.550435 0.953227 -0.301421 0.022465 0.148116 0.530608 0.834576
7.371879 -222.122952 -1467.860496 -10009.579899 -0.267332 -0.787213 0.555725 0.885684 -0.427926 -0.180120 0.379602 0.444045 0.811620
14.401976 -202.260280 -4409.722861 -7193.421852 -0.294285 -0.786416 0.543090 0.911282 -0.402153 -0.088536 0.288031 0.468853 0.834994
9.427621 -211.895374 795.941952 901.431728 0.287745 0.783551 -0.550681 0.815749 -0.501773 -0.287712 0.501754 0.366430 0.783564
15.431481 -220.137041 4250.268486 2124.033615 0.299461 0.779957 -0.549536 0.792278 -0.524202 -0.312262 0.531619 0.341875 0.774921
-4.615558 -50.543619 -2913.025029 -10895.287753 -0.198338 0.719811 -0.665233 -0.361086 0.577317 0.732340 -0.911196 -0.385457 -0.145410
-3.083707 -46.631254 -445.094693 -11643.909185 -0.171299 0.683544 -0.709524 -0.380789 0.618269 0.687563 -0.908656 -0.387958 -0.154378
-0.608453 -59.744219 -1880.707170 -9798.606115 -0.173706 0.676671 -0.715502 -0.301588 0.655087 0.692752 -0.937481 -0.336121 -0.090283
-1.792596 -63.084305 -4334.853674 -9138.978186 -0.186842 0.691757 -0.697541 -0.284321 0.641579 0.712417 -0.940347 -0.331434 -0.076807
-4.651254 -62.677545 -1246.049134 -8950.406677 -0.180659 0.719688 -0.670382 -0.290722 0.612066 0.735429 -0.939597 -0.327757 -0.098654
-6.508865 -52.980988 -1516.412500 -9923.210711 -0.200507 0.749502 -0.630907 -0.356788 0.543897 0.759525 -0.912414 -0.377390 -0.158358
-24.795977 -214.671382 1807.791855 -18710.459728 0.429759 0.734403 -0.525318 -0.448717 -0.331155 -0.830054 0.783556 -0.592442 -0.187222
-24.481344 -238.672894 1179.097577 12169.129750 0.416020 0.737904 -0.531437 0.640001 0.177577 0.747573 0.646008 -0.651125 -0.398384
-22.845284 -219.798001 2251.352592 -8442.794191 0.410586 0.744849 -0.525947 -0.584301 -0.227892 -0.778882 0.700008 -0.627109 -0.341647
-18.990680 -226.054287 -1602.626412 6806.391294 0.386009 0.736181 -0.555909 0.748776 0.101946 0.654937 0.538824 -0.669063 -0.511882
-4.220918 -97.036775 5562.294551 -16371.690136 0.415672 0.753651 -0.509143 0.907840 -0.377762 0.181997 -0.055173 -0.537871 -0.841220
-9.366083 -109.178409 1081.591891 -4307.740243 0.336233 0.769066 -0.543585 0.941084 -0.296530 0.162574 -0.036160 -0.566222 -0.823459
-9.413201 -96.010124 5950.445551 14856.165268 0.347298 0.786437 -0.510785 0.932680 -0.346271 0.101016 -0.097427 -0.511482 -0.853753
-6.360726 -298.277160 3720.097283 -10511.503645 -0.203779 -0.722978 0.660134 0.791464 0.275224 0.545744 -0.576245 0.633684 0.516126
-1.038180 -324.659395 3227.925132 -14500.876268 -0.197359 -0.726690 0.658005 0.802579 0.265670 0.534123 -0.562954 0.633515 0.530794
-1.079882 -317.276941 2462.955015 -24202.125651 -0.228838 -0.726348 0.648114 0.911071 0.074719 0.405422 -0.342904 0.683254 0.644656
-8.239355 -319.699410 2711.149178 -23791.740253 -0.245325 -0.724869 0.643725 0.887648 0.098993 0.449756 -0.389738 0.681737 0.619143
-12.313372 -287.706506 -5058.710904 -21657.061386 0.204147 0.723151 -0.659830 0.720338 0.345456 0.601476 -0.662901 0.598090 0.450389
-1427.501524 -7181.962200 -913511.525470 6048539.723485 -0.327941 -0.773279 0.542673 0.893398 -0.067136 0.444222 -0.307075 0.630502 0.712862
-901.481776 -6712.843171 495557.707927 -2645968.864562 0.220572 0.739560 -0.635924 -0.141777 0.669367 0.729278 -0.965012 0.070699 -0.252496
744.650339 -49096.876894 -1748871.543871 -239748259.916984 0.169467 0.956071 -0.239185 0.578732 0.099904 0.809375 -0.797716 0.275587 0.536378
-2409.391242 -42185.330347 1197197.636168 37501811.529093 0.392077 0.867802 -0.305280 0.735441 -0.495037 -0.462672 0.552633 0.043112 0.832309
-4.650073 -86.366587 18806.592552 -2278.954787 0.311326 -0.567690 0.762105 0.773790 0.616977 0.143486 -0.551657 0.545038 0.631354
-14.080647 -86.334787 9489.474990 -2877.124187 0.257697 -0.574316 0.777016 0.815841 0.560193 0.143483 -0.517684 0.596946 0.612911
-17.775211 -84.302247 7532.139436 -2113.267815 0.272085 -0.552775 0.787661 0.733342 0.649093 0.202208 -0.623041 0.522607 0.581981
-5.668085 -83.190875 18315.432793 -1841.743985 0.302451 -0.572423 0.762139 0.715362 0.664733 0.215376 -0.629905 0.480064 0.610539
-13.052425 -82.677759 12791.695612 -380.369782 0.288952 -0.559855 0.776575 0.671831 0.696473 0.252128 -0.682019 0.448874 0.577376
-22.134699 -84.013911 2414.168596 864.036934 0.250444 -0.556674 0.792081 0.663569 0.694446 0.278246 -0.704950 0.455915 0.543311
-16.309833 -84.499100 -4279.305363 91.562966 0.243596 -0.479038 0.843317 0.838324 0.541248 0.065297 -0.487723 0.691067 0.533435
-18.378554 -82.366371 1491.129241 -434.197856 0.244661 -0.491601 0.835745 0.768040 0.624364 0.142422 -0.591824 0.607041 0.530327
-19.219696 -82.400908 -2421.210390 -1255.007454 0.248505 -0.498096 0.830750 0.795913 0.593810 0.117950 -0.552058 0.631893 0.544006
-21.316716 -82.924923 -3180.538898 1129.157096 0.261860 -0.504856 0.822526 0.838082 0.541585 0.065605 -0.478589 0.672165 0.564931
-18.674003 -82.791141 -3927.039163 1873.853031 0.271960 -0.479081 0.834577 0.867178 0.497988 0.003281 -0.417181 0.722835 0.550881
-15.076922 -82.810033 -6436.570558 1760.643691 0.245515 -0.468494 0.848667 0.885102 0.465395 0.000859 -0.395368 0.750947 0.528926
-6.705776 -117.770671 1619.368736 10546.278360 0.255408 0.786151 -0.562792 0.696500 0.254114 0.671054 -0.670563 0.563377 0.482651
-10.997126 -113.893070 847.219870 2952.670824 0.278530 0.796866 -0.536120 0.750178 0.168051 0.639524 -0.599711 0.580313 0.550984
-10.065213 -111.928090 -708.542232 -699.251583 -0.260043 -0.791465 0.553137 0.784911 0.160383 0.598492 -0.562399 0.589797 0.579523
-2.094269 -110.568902 -4936.796354 -375.957659 -0.250838 -0.773801 0.581646 0.763007 0.211731 0.610729 -0.595735 0.596994 0.537306
-27.104531 -68.455106 -3935.711943 -1032.286625 -0.103729 0.665647 -0.739022 0.591102 0.638830 0.492437 -0.799899 0.385758 0.459731
-23.886986 -69.176542 -3631.954017 -1227.426076 -0.105638 0.687312 -0.718639 0.538058 0.647260 0.539952 -0.836262 0.329630 0.438189
-20.668916 -65.322338 -4839.435378 1238.375236 -0.135317 0.687526 -0.713441 0.621732 0.619573 0.479145 -0.771453 0.378732 0.511295
-28.783618 -73.506655 -4442.128306 1678.673087 -0.058799 0.701635 -0.710107 0.522598 0.627711 0.576949 -0.850549 0.337176 0.403582
-28.387874 -71.702335 -48.681982 864.401043 -0.036311 0.656861 -0.753137 0.569530 0.632870 0.524510 -0.821168 0.409889 0.397083
-1.895888 -269.706357 -10028.814305 -24208.680749 -0.125852 -0.493483 0.860602 0.961275 -0.275057 -0.017148 0.245177 0.825117 0.508989
-1.949282 -240.227979 -9363.285829 -37738.951838 -0.169320 -0.481189 0.860109 0.985143 -0.057214 0.161925 -0.028707 0.874748 0.483728
-5.265935 -242.466688 -3231.284075 3056.673726 -0.163313 -0.505858 0.847016 0.964573 -0.262174 0.029403 0.207192 0.821810 0.530754
-4.156674 -249.383162 -3013.648898 4730.600394 -0.135681 -0.523726 0.841012 0.902449 -0.415647 -0.113245 0.408873 0.743605 0.529031
-3.089743 -1977.802047 3333.672634 -1234108.660296 0.962268 0.265956 0.057514 -0.077231 0.064276 0.994939 -0.260913 0.961840 -0.082391
10.228406 -1228.392202 723.641353 -501089.340972 0.963830 0.256298 0.073094 -0.074079 -0.005824 0.997235 -0.256015 0.966580 -0.013373
-0.252907 -1296.148933 17821.666618 -686619.506467 0.966318 0.249855 -0.061660 -0.091058 0.556046 0.826148 -0.240703 0.792707 -0.560069
-26.835490 -1226.767201 1761.049836 -631422.245089 0.951461 0.302805 0.055058 -0.245162 0.637536 0.730373 -0.186060 0.708419 -0.680826
-13.970391 -29.328277 2938.978855 3749.185651 -0.219576 0.784347 -0.580160 -0.473742 0.434132 0.766223 -0.852851 -0.443091 -0.276254
-8.736748 -25.148834 4597.150016 -6.440986 -0.269297 0.845306 -0.461452 -0.441064 0.317695 0.839365 -0.856120 -0.429568 -0.287279
-12.484567 -33.101686 4527.002866 6465.426943 -0.159859 0.744789 -0.647869 -0.518716 0.495016 0.697060 -0.839868 -0.447492 -0.307201
-18.327968 -39.964596 1786.210277 9007.163848 -0.103273 0.642414 -0.759367 -0.545231 0.601965 0.583405 -0.831900 -0.474280 -0.288097
-16.047691 -45.473305 3996.630653 11082.054561 -0.093195 0.669232 -0.737186 -0.566538 0.573215 0.591996 -0.818749 -0.472815 -0.325724
-80.068156 -130.198147 2317.097760 10081.950943 -0.285231 -0.034142 -0.957851 0.082657 0.994766 -0.060071 0.954888 -0.096307 -0.280916
-91.477566 -135.159627 -333.569310 12717.806093 -0.317148 0.314159 -0.894830 0.198488 0.944631 0.261295 0.927372 -0.094744 -0.361945
-68.445302 -110.899887 1945.190995 18714.718436 -0.214312 -0.218382 -0.952040 -0.127440 0.972606 -0.194412 0.968416 0.079663 -0.236272
-51.448838 -81.212443 28824.669617 -39321.193660 -0.117479 0.360760 0.925230 0.988063 -0.051025 0.145352 0.099647 0.931262 -0.350460
-45.070874 -74.472689 -14326.582909 10006.157042 0.175592 0.327408 0.928424 0.979113 -0.156269 -0.130070 0.102498 0.931871 -0.348009
-48.235242 -94.586113 -14976.921391 17273.131393 0.303448 0.297328 0.905271 0.952219 -0.129138 -0.276771 0.034613 0.946002 -0.322308
-64.526984 -81.577835 -1385.774017 8639.536090 0.277793 0.211875 0.936985 0.951397 -0.195667 -0.237820 0.132949 0.957509 -0.255932
-40.292209 -62.087777 -17261.172299 -4020.914211 -0.443264 0.377404 0.813070 0.877647 -0.001797 0.479304 0.182352 0.926047 -0.330431
-58.651340 -66.247507 -5517.609288 1500.305843 -0.547592 0.324013 0.771465 0.808173 -0.034074 0.587959 0.216793 0.945439 -0.243200
43.638132 -70.421898 -19008.472742 -1206.338898 -0.628256 0.240214 -0.739994 -0.056984 0.934379 0.351694 0.775917 0.263122 -0.573341
48.784502 -65.490940 -22581.026098 -6709.126339 -0.615191 0.184400 -0.766510 -0.010867 0.970186 0.242120 0.788304 0.157279 -0.594845
22.067605 -61.125520 -29574.175441 -7175.666148 -0.561539 0.137984 -0.815864 -0.045200 0.979410 0.196755 0.826215 0.147363 -0.543740
8.449195 -114.683839 -3719.913151 22181.755514 0.904044 0.089444 -0.417977 -0.301600 0.826409 -0.475485 -0.302891 -0.555921 -0.774086
10.306042 -101.653747 -8649.280782 5476.569513 0.907651 0.047405 -0.417039 -0.231705 0.885074 -0.403680 -0.349974 -0.463030 -0.814323
0.963696 -104.071438 -3911.909808 -27.834743 0.910568 0.045016 -0.410900 -0.232140 0.878181 -0.418221 -0.342018 -0.476206 -0.810094
-0.389825 -111.714179 -823.779345 2483.970656 0.912574 0.054030 -0.405325 -0.259614 0.842382 -0.472221 -0.315925 -0.536165 -0.782764
-5.820051 -122.092504 -2206.411712 -22877.973158 0.925465 -0.025599 -0.377968 -0.140938 0.902834 -0.406236 -0.351641 -0.429227 -0.831933
15.438103 -82.043796 -27349.144073 7466.274876 -0.029616 0.569457 0.821487 0.910916 0.353737 -0.212371 -0.411527 0.742017 -0.529204
-13.826749 -83.529759 -18433.514697 8064.765857 -0.105906 0.524334 0.844901 0.928344 0.356603 -0.104937 -0.356316 0.773245 -0.524529
-27.360046 -81.060322 -10850.596360 7307.328073 -0.205794 0.466748 0.860113 0.909365 0.415920 -0.008124 -0.361530 0.780485 -0.510038
-12.140260 -61.822025 17436.412206 -6765.290981 -0.469882 0.203273 0.859006 0.741194 0.619368 0.258872 -0.479419 0.758330 -0.441694
-17.529780 -100.869083 -3841.616250 -6514.403275 -0.001067 0.384096 0.923293 0.524187 0.786494 -0.326580 -0.851602 0.483630 -0.202178
-17.552855 -101.602768 4335.446233 -8169.698512 0.048366 0.356881 0.932897 0.501893 0.798833 -0.331616 -0.863576 0.484254 -0.140480
-16.956644 -107.602346 202.005554 -9256.915599 0.009080 0.354401 0.935050 0.593844 0.750425 -0.290191 -0.804529 0.557908 -0.203645
-16.096598 -104.972419 -2465.596190 2443.508929 -0.005386 0.361266 0.932447 0.735047 0.633643 -0.241253 -0.677995 0.684093 -0.268960
-15.485828 -105.136726 -5780.970491 -8155.365015 -0.021064 0.380662 0.924474 0.613324 0.735163 -0.288737 -0.789551 0.560920 -0.248954
-3.080638 -94.927780 1243.729255 201.210839 0.169222 0.427691 0.887944 0.776365 -0.612846 0.147229 0.607142 0.664455 -0.435751
-4.608569 -96.075224 1336.887459 1130.501313 0.146393 0.436278 0.887824 0.852177 -0.511391 0.110783 0.502358 0.740365 -0.446650
-34.262072 -194.770910 2729.158850 25707.759984 -0.204855 0.561393 -0.801793 0.841853 0.518943 0.148259 0.499317 -0.644621 -0.578919
-38.147076 -170.163552 2192.779437 46183.755658 -0.183236 0.550822 -0.814260 0.692929 0.659905 0.290473 0.697334 -0.510999 -0.502599
-48.461099 -199.226308 -4910.312813 29808.309924 -0.172094 0.509717 -0.842955 0.828281 0.538081 0.156268 0.533231 -0.671310 -0.514789
-25.755033 -180.061235 12050.560032 37278.348808 -0.243758 0.590419 -0.769407 0.760203 0.608946 0.226443 0.602223 -0.529708 -0.597274
-43.875929 -216.296938 16.814794 10517.892688 -0.212570 0.506961 -0.835347 0.922234 0.386632 -0.000039 0.322952 -0.770394 -0.549724
-25.935574 -192.722575 22257.425663 15598.330866 -0.265322 0.613995 -0.743381 0.855432 0.505597 0.112284 0.444793 -0.606120 -0.659376
-24.519015 -203.298647 17405.129113 -4174.427035 -0.266405 0.598572 -0.755473 0.931580 0.361052 -0.042440 0.247361 -0.715090 -0.653803
7.077823 -211.363210 3816.071156 -40003.954367 -0.478672 0.345658 -0.807089 0.873278 0.282579 -0.396906 0.090872 -0.894802 -0.437118
32.527782 -174.645946 2977.230567 -4323.853980 0.332363 -0.225455 0.915808 0.650464 -0.648336 -0.395673 0.682958 0.727208 -0.068832
46.002264 -174.783689 3583.133004 -9255.690565 0.343764 -0.289586 0.893290 0.756778 -0.477775 -0.446115 0.555980 0.829380 0.054911
58.569436 -168.402082 360.702097 691.460488 0.298893 -0.157055 0.941274 0.817820 -0.466138 -0.337469 0.491765 0.870660 -0.010883
39.627436 -43.658342 -24713.446986 5726.889071 0.710365 -0.272508 0.648939 -0.656736 0.074975 0.750384 0.253140 0.959228 0.125706
21.383250 -36.182566 -13952.697174 5699.906441 0.760217 -0.289641 0.581530 -0.609960 -0.010068 0.792368 0.223648 0.957082 0.184323
10.995389 -47.786702 -16945.192024 8135.451701 0.753824 -0.263742 0.601822 -0.616388 0.033457 0.786731 0.227629 0.964013 0.137347
33.356257 -58.601138 4897.427572 9841.094352 -0.006910 0.697600 -0.716454 0.969986 0.178828 0.164766 0.243063 -0.693812 -0.677898
33.049859 -44.518699 -1273.915910 9059.765868 0.042466 0.674587 -0.736973 0.949458 0.202370 0.239949 0.311007 -0.709915 -0.631898
22.280511 -45.622323 -11910.174205 7081.811061 0.062299 0.627303 -0.776280 0.958185 0.180058 0.222399 0.279287 -0.757675 -0.589854
16.204937 -201.863325 -5003.150445 -2675.900255 0.905024 0.002285 -0.425355 -0.398245 -0.346777 -0.849204 0.149444 -0.937945 0.312931
-22.727746 -154.292485 2599.037050 352.460680 0.454567 -0.213825 0.864666 0.890167 0.143022 -0.432605 -0.031165 0.966345 0.255353
-18.973622 -152.828693 397.897990 3740.669073 0.459427 -0.197916 0.865884 0.873387 -0.076727 -0.480945 0.161624 0.977211 0.137607
-6.680583 -361.394456 6438.883529 40119.446075 0.960600 0.063730 -0.270531 -0.085545 -0.858312 -0.505947 0.264444 -0.509155 0.819042
-10.217462 -326.844042 5756.926587 44462.238978 0.965204 0.059595 -0.254616 -0.141986 -0.698215 -0.701666 0.219593 -0.713403 0.665459
-2.334693 -382.103805 7172.287523 83539.101519 0.960752 0.062401 -0.270299 -0.150993 -0.699760 -0.698238 0.232715 -0.711647 0.662874
-2.635429 -429.776142 5257.844705 27418.009677 0.964822 0.061938 -0.255506 -0.055616 -0.901774 -0.428615 0.256956 -0.427747 0.866606
-13.900325 -74.503041 479.108316 -6551.264471 -0.080872 0.829036 -0.553317 0.936346 -0.127086 -0.327269 -0.341637 -0.544563 -0.765987
-14.520997 -80.097199 -9768.662963 -2381.309539 -0.090399 0.823728 -0.559733 0.966733 -0.062457 -0.248046 -0.239282 -0.563535 -0.790679
-7.709354 -75.405108 143.945360 -1910.474456 -0.190223 0.830415 -0.523665 0.953323 0.028836 -0.300571 -0.234499 -0.556398 -0.797140
-21.333848 -73.048491 6817.313392 -4397.335384 -0.191255 0.833234 -0.518790 0.920331 -0.031495 -0.389870 -0.341192 -0.552023 -0.760828
-7.378680 -72.826247 5793.813141 3774.092735 -0.347746 0.810420 -0.471479 0.923196 0.208192 -0.323057 -0.163654 -0.547610 -0.820574
-18.485831 -73.537542 6894.975142 -2258.474649 -0.320112 0.820223 -0.474092 0.908288 0.123442 -0.399719 -0.269336 -0.558567 -0.784513
62.694028 -1250.964756 41440.617429 -357264.559221 0.876650 -0.092461 -0.472161 -0.479322 -0.082867 -0.873718 -0.041658 -0.992262 0.116964
25.777138 -705.026151 26083.716747 -52535.089977 0.834720 -0.136688 -0.533441 -0.519760 -0.515566 -0.681206 0.181911 -0.845877 0.501398
22.117195 -755.974286 38556.926847 -44439.076139 0.886416 -0.075066 -0.456762 -0.426922 -0.513941 -0.744045 0.178896 -0.854535 0.487612
20.778543 -848.396032 22916.408408 240665.961551 0.907420 -0.098134 -0.408605 -0.416588 -0.082438 -0.905350 -0.055161 -0.991753 0.115687
17.081338 -209.695533 -5019.186533 9530.936855 0.912289 -0.040589 -0.407531 0.105350 0.984849 0.137747 0.395766 -0.168598 0.902743
21.926999 -212.500908 -4640.308184 7598.129569 0.901764 -0.028201 -0.431307 0.148445 0.957380 0.247766 0.405938 -0.287452 0.867517
17.779687 -215.766760 -5362.598178 -4446.978470 0.910939 -0.035887 -0.410977 -0.199142 -0.910707 -0.361878 0.361293 -0.411491 0.836745
-18.447294 -73.417995 -11696.996009 -2275.138071 -0.506440 0.482405 -0.714705 0.860285 0.338957 -0.380812 0.058549 -0.807709 -0.586667
15.348321 -68.579585 -35658.818376 -4202.326188 -0.519185 0.435146 -0.735591 0.853898 0.300473 -0.424939 0.036115 -0.848742 -0.527572
-14.214079 -67.220187 -14386.113360 -5911.847041 -0.450575 0.498437 -0.740637 0.891634 0.210010 -0.401103 -0.044383 -0.841104 -0.539049
-4.222878 -57.189243 7098.075293 1893.743968 -0.068249 0.535770 -0.841601 -0.119076 0.833163 0.540055 0.990537 0.137073 0.006935
-10.022416 -61.237208 3571.926258 477.987521 -0.051234 0.593597 -0.803130 -0.074764 0.799650 0.595794 0.995884 0.090571 0.003410
-8.082994 -106.264028 -785.704178 -1763.526098 -0.136600 -0.160558 -0.977528 0.985528 -0.122010 -0.117678 -0.100374 -0.979456 0.174901
-10.428795 -105.076082 601.087048 -8603.379432 -0.119007 -0.173052 -0.977696 0.967812 -0.240144 -0.075299 -0.221758 -0.955188 0.196061
-7.218386 -106.943325 1474.279018 -10319.774368 -0.120973 -0.155890 -0.980339 0.955587 -0.285653 -0.072495 -0.268736 -0.945569 0.183522
-28.484158 -150.792586 -5368.453529 -5865.503644 0.491590 -0.283567 0.823364 0.857666 0.321415 -0.401374 -0.150825 0.903483 0.401210
-32.043669 -141.680601 -5746.138787 -6678.337489 0.495774 -0.316128 0.808871 0.852471 0.355004 -0.383752 -0.165837 0.879793 0.445491
-33.418870 -150.752213 -6760.537021 -12478.695161 0.489866 -0.311351 0.814305 0.869579 0.241108 -0.430929 -0.062165 0.919199 0.388855
-33.210214 -75.824301 -10960.411258 2443.700628 0.370498 0.617593 -0.693765 -0.339713 0.785272 0.517633 0.864481 0.043899 0.500746
-34.733915 -78.811256 -10433.778348 1179.979396 0.382499 0.570266 -0.726974 -0.206818 0.819685 0.534175 0.900511 -0.053970 0.431470
-43.761526 -76.278069 -7318.891655 924.734050 0.335092 0.598286 -0.727851 -0.269862 0.801094 0.534250 0.902711 0.017396 0.429895
29.434827 -1127.261615 154263.577360 -759779.147783 0.178519 0.943127 -0.280433 0.464652 -0.332036 -0.820884 0.867312 -0.016239 0.497501
-408.957633 -6543.319896 385487.057665 2380203.686982 -0.433138 0.811660 0.391918 -0.461108 0.174070 -0.870103 0.774449 0.557591 -0.298867
-112.475366 -453.553723 54060.925260 -134332.820903 0.858091 -0.455272 -0.237504 0.484572 0.870979 0.081154 -0.169914 0.184725 -0.967991
-124.064332 -616.624144 58820.631795 -253008.249797 0.906244 -0.354084 -0.230968 0.416708 0.840255 0.346881 -0.071247 0.410605 -0.909026
-80.010268 -750.941318 38382.179403 -337496.154347 0.862746 -0.447643 -0.235127 0.503446 0.803728 0.317119 -0.047022 0.391967 -0.918777
66.332932 -164.843948 -12917.068971 14286.100183 0.560824 0.557941 -0.611701 -0.400645 -0.463675 -0.790246 0.724541 -0.688264 0.036504
65.213376 -185.144180 -21972.679626 -10330.584652 0.607123 0.550512 -0.573009 0.200103 0.591958 0.780733 0.769000 -0.588661 0.249232
75.452126 -186.992619 15439.278663 9550.841349 0.459776 0.651798 -0.603130 -0.241628 -0.561727 -0.791252 0.854530 -0.509532 0.100775
44.109786 -162.030891 -39891.154397 13706.618648 0.676276 0.460277 -0.575148 -0.333372 -0.505009 -0.796134 0.656897 -0.730145 0.188082
71.967218 -170.350459 17483.001443 12232.408592 0.437549 0.660567 -0.610084 -0.445265 -0.430287 -0.785234 0.781211 -0.615227 -0.105855
69.364881 -151.498020 -4604.949747 -11993.321309 0.490003 0.584248 -0.646955 0.583585 0.331450 0.741330 0.647553 -0.740807 -0.178547
53.012239 -141.916588 -35468.807157 17708.993671 0.602535 0.443135 -0.663764 -0.573458 -0.338042 -0.746239 0.555065 -0.830277 -0.050437
11.410570 -197.015628 1396.846752 21836.161222 0.036316 -0.699976 0.713242 0.224728 0.701153 0.676670 -0.973745 0.135712 0.182767
11.190787 -196.478014 -8077.075875 56796.577493 -0.057459 0.733608 -0.677140 0.427294 0.631068 0.647435 -0.902285 0.252137 0.349727
14.446364 -152.658146 -292.120078 48314.549402 -0.032061 0.742561 -0.669011 0.582950 0.557605 0.590971 -0.811875 0.371052 0.450753
12.969037 -103.005809 -2959.337049 12368.591769 -0.178222 -0.477884 0.860153 0.970870 -0.227675 0.074671 0.160152 0.848405 0.504540
19.612186 -50.285630 -3159.161755 5395.239035 -0.243115 0.677259 -0.694417 -0.661691 0.407674 0.629259 -0.709267 -0.612472 -0.349024
21.404321 -43.679447 -3973.909479 5885.628042 -0.272527 0.703651 -0.656205 -0.594525 0.413080 0.689858 -0.756485 -0.578135 -0.305763
15.869797 -40.640096 -5650.959925 4240.068782 -0.278877 0.682038 -0.676056 -0.595159 0.429740 0.679050 -0.753666 -0.591733 -0.286077
23.546880 -50.468706 -3124.132898 7217.941476 -0.257486 0.701785 -0.664228 -0.631055 0.398439 0.665594 -0.731758 -0.590545 -0.340273
