16282
32554
-35.562110 -58.629124 1087.244556 8082.134307 0.043365 -0.981254 0.187778 0.981278 0.006531 -0.192485 0.187650 0.192610 0.963166
-47.057944 -72.737802 -1098.597565 6395.678891 0.131764 -0.963680 0.232289 0.990617 0.119436 -0.066423 0.036267 0.238862 0.970376
-44.836383 -83.967097 1576.113095 16918.120162 0.473907 -0.874275 0.105146 0.873397 0.451466 -0.182637 0.112205 0.178387 0.977542
-35.831297 -58.527995 -541.057218 4714.864580 -0.272828 -0.904129 0.328810 0.952434 -0.302067 -0.040319 0.135776 0.302170 0.943535
-27.038861 -61.776066 -5113.921850 12410.665827 -0.299906 0.952862 -0.045946 0.911290 0.271912 -0.309214 0.282145 0.134606 0.949882
-25.688551 -43.662278 -2541.349453 5617.227598 0.181840 0.962267 -0.202424 0.937272 -0.231874 -0.260300 0.297415 0.142394 0.944070
-28.189676 -48.599531 -715.358730 4914.176190 0.348988 0.887527 -0.300837 0.905825 -0.401754 -0.134443 0.240184 0.225586 0.944152
45.046931 -68.960051 1879.392581 2707.084526 -0.103855 0.994590 0.002177 0.186125 0.021585 -0.982289 0.977022 0.101611 0.187360
45.149768 -70.941408 -1312.484465 9631.051538 -0.193441 0.978361 0.073423 0.185676 0.109990 -0.976436 0.963382 0.175250 0.202934
50.725950 -71.650590 -1012.336112 -3344.218212 -0.183423 0.982814 0.020824 0.150770 0.049058 -0.987351 0.971403 0.177963 0.157177
54.896525 -75.783599 326.179226 -8139.598375 -0.089285 0.994487 -0.054983 0.106385 -0.045366 -0.993290 0.990308 0.094535 0.101748
-38.572829 -73.231701 461.421205 610.839420 0.134597 0.984360 -0.113664 -0.287122 -0.071043 -0.955256 0.948391 -0.161210 -0.273069
-38.583559 -69.190007 1056.945508 -2214.832525 0.080850 0.988474 -0.127993 -0.086674 -0.120954 -0.988867 0.992951 -0.091044 -0.075896
-37.246262 -71.911134 -854.998034 478.181127 0.180141 0.977306 -0.111451 -0.158255 -0.083033 -0.983901 0.970827 -0.194879 -0.139706
-35.521911 -73.608528 -399.698380 1672.759080 0.203545 0.969409 -0.137168 -0.323774 -0.065570 -0.943860 0.923980 -0.236530 -0.300523
-37.235256 -73.389858 391.242655 89.220644 0.169506 0.978081 -0.120935 -0.447764 -0.032883 -0.893547 0.877938 -0.205612 -0.432375
-37.526452 -74.098335 -8.019948 1168.821360 0.082471 0.992642 -0.088660 -0.428729 -0.044972 -0.902313 0.899661 -0.112426 -0.421866
16.796788 -68.221820 1146.349066 -4182.814306 -0.478671 -0.845159 0.237866 0.877454 -0.469986 0.095848 0.030787 0.254596 0.966557
19.171523 -69.437855 -10.827032 -1776.515654 -0.432229 -0.859868 0.271673 0.891796 -0.452263 -0.012613 0.133713 0.236825 0.962307
21.289314 -74.066164 290.700893 -859.549332 0.498832 0.837185 -0.224250 0.850940 -0.522200 -0.056642 0.164523 0.162569 0.972884
22.362388 -70.145618 872.974417 2888.604040 0.422159 0.867753 -0.262270 0.861584 -0.474034 -0.181563 0.281877 0.149319 0.947760
27.573850 -72.760182 691.808170 3273.279007 0.468306 0.856345 -0.217632 0.831346 -0.510475 -0.219722 0.299254 0.078031 0.950978
31.069874 -77.585883 1163.269139 1523.688447 0.533364 0.828980 -0.168272 0.806810 -0.558321 -0.193223 0.254128 0.032705 0.966618
25.308596 -78.788088 -2203.035472 -4353.213095 -0.581624 -0.795994 0.167653 0.806585 -0.591063 -0.008070 0.105517 0.130532 0.985813
21.117852 -16.621573 1930.888147 9289.371615 -0.245980 0.941739 -0.229394 -0.782577 -0.332597 -0.526262 0.571898 -0.050069 -0.818796
22.603933 -7.465554 1562.823275 8528.558128 -0.333218 0.872154 -0.358209 -0.749228 -0.475577 -0.460960 0.572384 -0.114780 -0.811913
16.122181 -25.460297 -701.027805 1733.994433 -0.151196 0.959719 -0.236810 -0.738467 -0.268916 -0.618346 0.657120 -0.081385 -0.749379
14.566526 -28.284404 -2274.883088 -1430.037634 -0.008919 0.987982 -0.154311 -0.674688 -0.119844 -0.728309 0.738049 -0.097616 -0.667648
15.628892 -36.181130 750.376479 -2099.329733 -0.070194 0.991372 -0.110700 -0.663860 -0.129256 -0.736602 0.744555 -0.021784 -0.667205
15.274385 -36.209918 1150.128813 807.092572 -0.132583 0.983401 -0.123874 -0.726722 -0.181434 -0.662538 0.674015 -0.002181 -0.738714
-19.204883 -36.424406 1673.592383 -1662.238608 -0.200443 0.793050 0.575234 0.720845 -0.278249 0.634792 -0.663480 -0.541894 0.515892
-21.865306 -33.149801 -199.381633 270.402290 -0.040637 0.686507 0.725987 0.768217 -0.443133 0.462035 -0.638899 -0.576491 0.509378
-21.606157 -33.290991 3168.406627 -55.371701 -0.369230 0.827757 0.422478 0.715995 -0.036442 0.697154 -0.592470 -0.559902 0.579215
-15.284107 -38.719597 2431.120471 -1897.670771 -0.272269 0.839157 0.470835 0.713317 -0.152382 0.684075 -0.645793 -0.522107 0.557096
-15.218851 -28.050683 8467.932371 3119.431707 0.807719 -0.566734 0.162490 -0.214139 -0.538797 -0.814765 -0.549304 -0.623306 0.556556
-5.168629 -30.288166 10377.376199 151.060906 0.812443 -0.574872 0.097258 -0.302773 -0.558545 -0.772241 -0.498263 -0.597954 0.627842
79.654720 -45.146413 31346.487953 -583.284915 0.073349 -0.723762 -0.686140 0.933264 -0.192755 0.303091 -0.351623 -0.662581 0.661323
99.658866 -41.561844 13498.265945 -431.197032 0.026805 -0.850541 -0.525224 0.945900 -0.148372 0.288547 -0.323350 -0.504544 0.800550
94.857079 -45.102747 26505.787984 288.836339 0.066512 -0.774161 -0.629485 0.965724 -0.108696 0.235717 -0.250905 -0.623587 0.740396
36.670126 -49.984830 33138.386482 204.885726 0.092421 -0.650290 -0.754043 0.960097 -0.142548 0.240611 -0.263954 -0.746192 0.611167
16.600611 -50.340688 27805.953000 -8.000141 0.015600 -0.635792 -0.771703 0.925432 -0.283051 0.251908 -0.378592 -0.718089 0.583967
0.712907 -53.026939 622.858761 -2186.728024 0.326286 0.941705 -0.082027 0.414825 -0.220622 -0.882749 0.849387 -0.254002 0.462628
2.383972 -51.064861 920.680588 -1856.720099 0.308978 0.949265 -0.058553 0.489336 -0.211462 -0.846070 0.815526 -0.232764 0.529847
0.466806 -55.627376 250.816848 -359.997597 0.329612 0.941294 -0.072952 0.455886 -0.226349 -0.860775 0.826755 -0.250464 0.503730
1.105234 -51.339271 1106.535155 443.402213 0.290329 0.955960 -0.043011 0.529419 -0.197903 -0.824955 0.797135 -0.216738 0.563560
-11.825680 -107.650352 1533.678469 9296.127098 0.358145 -0.859217 -0.365347 0.926796 0.279780 0.250544 -0.113055 -0.428333 0.896521
-14.871623 -100.267477 -2556.417903 14551.476220 0.355827 -0.886780 -0.294971 0.932157 0.359354 0.044135 0.066861 -0.290664 0.954486
-19.432175 -118.401351 -2059.078639 12125.770310 0.320797 -0.900301 -0.294188 0.934064 0.249268 0.255715 -0.156889 -0.356823 0.920903
-11.450085 -95.079220 148.665837 12436.010074 0.385071 -0.850613 -0.358018 0.920641 0.381101 0.084751 0.064351 -0.362242 0.929860
-15.129043 -117.994994 783.288972 1553.809735 0.321940 -0.877531 -0.355379 0.884724 0.145207 0.442921 -0.337073 -0.457006 0.823120
-5.508289 -104.601915 6406.604632 6473.382419 0.361525 -0.835471 -0.413870 0.930354 0.294139 0.218913 -0.061161 -0.464188 0.883623
-2.570128 -113.155629 6810.290160 544.639277 0.341755 -0.838130 -0.425137 0.890080 0.143489 0.432629 -0.301597 -0.526259 0.795041
5.623916 -175.356837 -3723.250662 -19060.495976 0.070517 0.919892 0.385780 0.806775 -0.280039 0.520282 -0.586636 -0.274549 0.761893
1.879556 -188.845613 4691.201138 -12350.415512 -0.106390 -0.904526 -0.412933 0.958912 -0.203180 0.198005 -0.263000 -0.374901 0.888977
3.289630 -159.253748 -3637.205101 -19269.448359 0.056181 0.910028 0.410721 0.818072 -0.277784 0.503581 -0.572365 -0.307708 0.760075
6.673918 -129.583790 -3304.112997 -13476.305097 -0.008231 0.936075 0.351704 0.631749 -0.267766 0.727457 -0.775129 -0.228177 0.589161
3.396711 -80.390683 1252.416287 4313.023730 -0.016516 0.923317 0.383683 0.219166 -0.371061 0.902375 -0.975548 -0.098994 0.196231
1.802994 -72.367794 644.638126 6044.200792 -0.022158 0.926397 0.375897 0.375006 -0.340835 0.862092 -0.926758 -0.160066 0.339852
1.948553 -72.225275 386.527058 4867.067998 -0.044399 0.929241 0.366796 0.389245 -0.322051 0.863002 -0.920064 -0.181090 0.347404
4.184127 -79.275042 352.653519 4617.773281 -0.062178 0.932634 0.355427 0.334192 -0.316105 0.887915 -0.940452 -0.173989 0.292024
-6.341713 -50.630521 -1050.562074 2077.790271 0.406914 0.887542 -0.216080 0.000327 -0.236691 -0.971585 0.913466 -0.395281 0.096603
-5.939163 -46.676609 -366.749751 -2920.155875 0.394214 0.865096 -0.310168 -0.063308 -0.311135 -0.948255 0.916836 -0.393451 0.067886
-8.637178 -49.784879 -550.760475 3715.304768 0.390056 0.882622 -0.262363 -0.006592 -0.282248 -0.959319 0.920768 -0.375918 0.104274
-6.045725 -46.722694 -298.704756 -2077.309164 0.380951 0.850101 -0.363599 -0.081661 -0.360780 -0.929069 0.920982 -0.383622 0.068019
-7.951148 -47.571268 745.921602 976.942353 0.354760 0.877135 -0.323695 0.011570 -0.350306 -0.936564 0.934886 -0.328511 0.134423
-10.002098 -47.757612 1022.868418 3779.922498 0.357957 0.903055 -0.237398 0.085817 -0.284987 -0.954682 0.929786 -0.321363 0.179511
35.177427 -25.152122 4523.049292 5672.416800 0.286926 0.935115 -0.207927 0.718805 -0.353643 -0.598544 0.633240 -0.022279 0.773635
35.157526 -38.312606 3735.102936 6828.077570 0.313168 0.925104 -0.214728 0.750087 -0.379617 -0.541536 0.582491 -0.008527 0.812792
26.968144 -34.359374 7019.607392 5536.494592 0.263052 0.924098 -0.277212 0.747243 -0.376899 -0.547335 0.610272 0.063168 0.789670
24.452027 -22.739093 7362.265123 3686.403282 0.235971 0.933569 -0.269753 0.715133 -0.354780 -0.602259 0.657954 0.050794 0.751343
-5.121412 -172.914263 2166.838354 5375.768452 -0.666622 0.426379 -0.611405 0.745395 0.380099 -0.547641 -0.001109 -0.820808 -0.571203
-7.669327 -161.781955 1656.359036 10734.752872 -0.671955 0.421505 -0.608942 0.724764 0.543354 -0.423656 0.152297 -0.726017 -0.670601
-9.944150 -165.394798 951.463334 3674.906251 -0.664256 0.403980 -0.628939 0.747494 0.354341 -0.561867 -0.004124 -0.843352 -0.537346
-9.843897 -163.733268 -112.462301 13726.684229 -0.680670 0.369285 -0.632707 0.705580 0.562817 -0.430574 0.197093 -0.739504 -0.643652
-13.805238 -83.180341 -1468.592535 804.561230 0.102639 0.961613 0.254490 -0.775232 0.237637 -0.585273 0.623282 0.137217 -0.769864
-15.084314 -84.667283 41.189095 914.101570 0.093013 0.964294 0.247962 -0.775743 0.226303 -0.589076 0.624157 0.137563 -0.769093
-14.299134 -85.006267 -772.666057 -2212.038695 0.083227 0.966702 0.241992 -0.869289 0.189159 -0.456679 0.487247 0.172354 -0.856087
-8.162769 -186.244184 237.933496 -16659.179168 0.611017 -0.367112 0.701347 0.746508 0.562013 -0.356183 -0.263407 0.741195 0.617452
-8.056118 -209.303864 2530.456468 -9726.307191 0.617706 -0.397846 0.678349 0.786256 0.295408 -0.542712 0.015526 0.868592 0.495284
-11.315587 -207.268504 1371.295747 -18780.630053 0.617546 -0.371668 0.693181 0.764333 0.491495 -0.417405 -0.185559 0.787588 0.587599
-13.310154 -171.549519 809.466181 -19030.433344 0.625257 -0.348527 0.698271 0.634911 0.747455 -0.195445 -0.453808 0.565543 0.688635
-12.765551 -174.709440 1536.073345 -29253.729505 0.625212 -0.353660 0.695726 0.669989 0.700413 -0.246041 -0.400281 0.619956 0.674855
-13.088927 -227.487886 421.553497 -10424.341482 0.616018 -0.348189 0.706602 0.786476 0.221211 -0.576647 0.044474 0.910950 0.410112
-13.166770 -217.065125 -704.443532 -38209.424540 0.612496 -0.328715 0.718884 0.754808 0.513304 -0.408392 -0.234761 0.792758 0.562514
-5.870402 -233.047330 -33.908847 -6737.193636 0.742855 -0.268505 0.613246 0.450268 -0.477488 -0.754496 -0.495404 -0.836606 0.233806
-4.580688 -250.361414 1247.510974 -14461.767753 0.759841 -0.276840 0.588219 0.366477 -0.564937 -0.739284 -0.536970 -0.777307 0.327807
-6.375641 -245.085484 549.721046 29275.819729 0.737893 -0.277023 0.615444 0.592131 -0.171864 -0.787301 -0.323873 -0.945368 -0.037217
-10.685234 -236.671271 -1430.361845 28857.021030 0.731613 -0.298056 0.613111 0.617569 -0.091105 -0.781222 -0.288705 -0.950191 -0.117417
0.806629 -97.140646 -3977.016623 4267.357227 0.642406 -0.105082 0.759126 0.732377 -0.207543 -0.648498 0.225697 0.972565 -0.056367
5.426392 -89.113527 -2342.786578 6409.634940 0.635726 -0.123372 0.761992 0.675490 -0.388838 -0.626513 0.373585 0.913009 -0.163858
9.777462 -96.681035 -409.619830 1862.282620 0.656838 -0.158435 0.737199 0.722698 -0.146632 -0.675431 0.215109 0.976421 0.018187
6.232778 -100.823091 -5928.271052 -464.691503 0.644777 -0.087496 0.759346 0.762043 -0.003893 -0.647515 0.059611 0.996157 0.064166
-7.133108 -101.757149 -6573.055588 1708.553514 0.654984 -0.085826 0.750753 0.753914 0.007062 -0.656935 0.051080 0.996285 0.069331
0.116463 -235.708547 -1058.400952 7107.384616 -0.542319 0.284095 -0.790683 -0.118819 0.905704 0.406918 0.831728 0.314627 -0.457425
0.161321 -311.029164 -2367.863464 12463.161168 -0.560906 0.257110 -0.786943 0.101285 0.964724 0.243002 0.821660 0.056596 -0.567160
-2.327185 -257.652889 -1434.570214 14935.503623 -0.544587 0.236292 -0.804730 0.084958 0.970099 0.227355 0.834390 0.055446 -0.548378
0.964443 -235.083059 -1012.616234 -3443.351930 -0.546634 0.287124 -0.786607 -0.164217 0.884378 0.436931 0.821111 0.368016 -0.436280
-0.789116 -199.653559 -697.816009 -6832.675023 -0.549803 0.274493 -0.788904 0.070824 0.956381 0.283407 0.832286 0.099944 -0.545262
-3.112360 -217.588452 -1313.276353 14305.458444 -0.555812 0.209836 -0.804389 0.247374 0.965533 0.080944 0.793649 -0.153996 -0.588563
-9.130149 -157.133147 2126.011719 5068.323451 -0.346273 0.640944 -0.685044 0.537246 -0.463139 -0.704889 0.769065 0.612122 0.183972
-12.429642 -160.396818 -8320.976709 18039.906633 0.210402 -0.535910 0.817638 0.817753 -0.361847 -0.447600 0.535733 0.762802 0.362109
-12.555546 -128.190607 3864.893098 10779.587708 -0.303494 0.596621 -0.742923 0.638029 -0.451841 -0.623505 0.707679 0.663237 0.243531
2.113202 -44.745345 -1605.106755 -2148.948535 -0.032719 0.994503 0.099461 0.927008 0.067396 -0.368935 0.373610 -0.080130 0.924118
3.782437 -44.001587 -411.197822 -1510.036673 -0.057422 0.993394 0.099351 0.931088 0.089196 -0.353721 0.360246 -0.072193 0.930060
4.148146 -47.655378 -2444.887525 -1613.790086 -0.032482 0.993135 0.112370 0.896618 0.078631 -0.435768 0.441613 -0.086598 0.893017
0.973988 -46.089883 -1068.469482 -2293.109901 -0.043126 0.992704 0.112599 0.914480 0.084609 -0.395687 0.402327 -0.085905 0.911457
-21.876150 -41.189772 -3991.633552 -1315.999496 0.229867 0.688037 -0.688307 -0.160712 -0.670700 -0.724108 0.959861 -0.277068 0.043596
-16.753359 -40.335935 -3270.522335 -1546.790103 0.271700 0.717738 -0.641117 -0.119090 -0.635982 -0.762459 0.954985 -0.283511 0.087321
-15.799066 -41.763618 -3244.427821 -726.535068 0.265168 0.718433 -0.643070 -0.214824 -0.606161 -0.765781 0.939966 -0.341208 0.006398
-24.397417 -43.095647 -2968.012592 -658.199087 0.175807 0.674788 -0.716766 -0.266176 -0.668401 -0.694543 0.947756 -0.312891 -0.062103
-16.818181 -44.776915 -4123.209363 -326.776355 0.247369 0.689709 -0.680522 -0.329857 -0.600451 -0.728460 0.911045 -0.404673 -0.078972
-9.031006 -43.448653 -2445.733783 2286.948550 0.288043 0.733649 -0.615459 -0.328465 -0.528017 -0.783140 0.899523 -0.427735 -0.088886
-1.893042 -61.409776 -677.735056 -3239.468445 0.061273 0.995817 -0.067787 0.147180 0.058158 0.987398 -0.987210 0.070478 0.143001
-2.174199 -67.939792 -892.167889 -1928.318281 0.075110 0.996884 -0.024089 0.311218 -0.000485 0.950338 -0.947366 0.078877 0.310285
-3.376669 -66.409580 -1960.902619 -1424.092477 0.071991 0.997380 -0.007129 0.337470 -0.017631 0.941171 -0.938579 0.070162 0.337855
-21.159252 -35.187313 -2013.411655 2457.904269 0.376610 0.663327 0.646655 0.772184 -0.610413 0.176432 -0.511759 -0.432891 0.742097
-18.338045 -28.520214 2712.057983 3070.803888 -0.305576 -0.709885 -0.634576 0.840127 -0.514666 0.171187 -0.448118 -0.480814 0.753663
-23.147893 -33.831674 -1109.910411 -3161.904124 0.489160 0.610301 0.623101 -0.736985 0.671284 -0.078931 -0.466450 -0.420607 0.778148
-14.502244 -30.689879 3144.255686 2603.920914 -0.150072 -0.769426 -0.620856 0.862929 -0.408420 0.297569 -0.482527 -0.491098 0.725252
-12644.779501 -46540.923322 4847112.401666 -30610154.243229 0.733444 0.277991 -0.620307 0.506835 -0.831747 0.226529 0.452965 0.480539 0.750936
-366.438896 -1763.990743 -107179.149783 917190.367583 0.128203 -0.480000 0.867850 0.892849 0.436794 0.109691 -0.431723 0.760796 0.484566
-1815.799301 -2883.692675 197544.920484 -1746713.624633 0.959625 -0.158344 0.232481 -0.203607 -0.961279 0.185708 -0.194073 0.225545 0.954707
252.629832 -8132.694717 -9468.573343 -3148888.712321 -0.129320 -0.015165 -0.991487 0.818026 0.563503 -0.115314 0.560455 -0.825975 -0.060467
-8.800525 -836.331850 -3933.849797 -216112.060130 0.052438 0.106519 -0.992927 0.555810 0.822944 0.117637 0.829654 -0.558047 -0.016051
94.196785 -3707.229240 18235.490568 1724748.537106 -0.033048 0.178177 -0.983443 0.079697 0.981317 0.175114 0.996271 -0.072590 -0.046631
-166.322674 -354.886018 -41412.303427 74007.908006 0.331027 0.048272 -0.942386 0.940386 -0.099503 0.325228 -0.078071 -0.993866 -0.078332
-98.713036 -395.667315 -19287.490050 106101.017029 0.363796 -0.088249 -0.927289 0.849276 -0.377472 0.369113 -0.382599 -0.921806 -0.062375
-146.980710 -378.162579 -31137.399862 87589.115483 0.446879 0.033749 -0.893958 0.808828 -0.442200 0.387629 -0.382226 -0.896281 -0.224907
-5.223550 -63.738984 -788.991054 2341.801258 0.228647 0.973141 0.026776 0.972773 -0.229457 0.032582 -0.037851 -0.018597 0.999110
-3.647566 -59.972526 898.774877 -3729.924210 -0.248896 -0.967822 -0.037022 0.968492 -0.248366 -0.018367 0.008581 -0.040427 0.999146
-4.740010 -58.933099 1355.978248 -4474.745249 -0.262611 -0.964417 -0.030596 0.964627 -0.261648 -0.032179 0.023029 -0.037965 0.999014
39.603702 -52.825444 -10222.551865 506.253055 -0.704532 0.642655 0.301046 -0.163552 -0.559820 0.812313 -0.690569 -0.523064 -0.499518
24.295064 -51.325452 -5605.212226 2815.566776 -0.600941 0.788228 0.132537 -0.425095 -0.455601 0.782126 -0.676878 -0.413671 -0.608862
50.131450 -67.277641 2594.184313 6867.073283 -0.518560 0.804542 0.289496 -0.262244 -0.471908 0.841743 -0.813833 -0.360576 -0.455699
56.907961 -55.365460 -14261.660770 713.630866 -0.739787 0.565387 0.364764 0.015816 -0.527363 0.849493 -0.672655 -0.634213 -0.381194
26.513494 -50.438580 30580.913264 808.527713 0.843377 -0.437832 -0.311476 0.019134 0.603787 -0.796916 -0.536981 -0.666141 -0.517598
65.689803 -67.483024 5602.042226 5964.160363 -0.494649 0.778844 0.385648 -0.077294 -0.481402 0.873085 -0.865649 -0.402063 -0.298325
-59.782067 -94.214945 -847.168339 834.004271 0.367638 0.041076 0.929061 -0.262381 0.963019 0.061249 -0.892188 -0.266285 0.364820
-57.679055 -84.962181 -1409.630555 7248.511194 0.374412 -0.053065 0.925743 -0.010391 0.998058 0.061413 -0.927204 -0.032613 0.373134
-59.119630 -87.762808 -818.806972 4318.419461 0.265974 -0.050934 0.962634 -0.136105 0.986615 0.089808 -0.954324 -0.154906 0.255482
-58.685438 -91.509104 -23.963442 3985.405001 0.451561 0.045360 0.891086 -0.139006 0.990089 0.020043 -0.881345 -0.132917 0.453391
-59.238765 -93.024787 -855.808054 -326.683752 0.233033 0.026038 0.972120 -0.351273 0.934401 0.059178 -0.906809 -0.355270 0.226892
-58.001342 -93.192092 -980.084375 -2668.912979 0.314128 0.069698 0.946819 -0.437210 0.895873 0.079107 -0.842716 -0.438809 0.311891
-3.110351 -44.284576 2229.703006 157.566112 -0.219219 0.951921 -0.213985 -0.820496 -0.061188 0.568368 -0.527948 -0.300171 -0.794461
1.695426 -43.840068 -951.940034 -315.224805 -0.207104 0.951570 -0.227207 -0.815635 -0.039699 0.577203 -0.540229 -0.304860 -0.784355
-4.590527 -42.585885 6134.664685 30.974978 -0.154004 0.960299 -0.232612 -0.774226 0.028984 0.632245 -0.613886 -0.277463 -0.739025
1.856968 -43.884872 3825.651696 231.286311 -0.227358 0.950724 -0.210790 -0.769003 -0.042484 0.637832 -0.597447 -0.307114 -0.740769
4.491388 -42.531430 6978.579689 1591.821588 -0.173551 0.958613 -0.225699 -0.700657 0.040863 0.712327 -0.692069 -0.281763 -0.664568
21.612609 -43.939946 1564.815111 4721.893432 0.444720 0.855966 0.263717 -0.709378 0.516364 -0.479740 0.546815 -0.026276 -0.836841
18.113431 -42.635162 1316.450687 3853.167405 0.346283 0.901099 0.260975 -0.723358 0.433604 -0.537346 0.597362 0.002705 -0.801967
14.311067 -44.855449 1581.526051 -739.297526 0.349237 0.899193 0.263602 -0.756899 0.436546 -0.486345 0.552392 0.029671 -0.833056
12.051207 -45.006992 1126.003874 -503.634398 0.284463 0.923130 0.258674 -0.770236 0.380721 -0.511652 0.570803 0.053694 -0.819329
16.358259 -43.599347 1820.303355 -1769.973361 0.444838 0.852155 0.275594 -0.731285 0.523245 -0.437535 0.517050 0.006906 -0.855927
9.158150 -48.094313 909.375516 -6139.825110 0.274900 0.927110 0.254750 -0.790529 0.368758 -0.488960 0.547260 0.066972 -0.834279
-0.724519 -66.120441 -1401.712826 -6608.768446 -0.125104 0.927337 0.352698 -0.533417 -0.362608 0.764187 -0.836549 0.092532 -0.540021
0.402144 -68.520747 -867.011436 -4766.231405 -0.129062 0.919634 0.370966 -0.483618 -0.384962 0.786077 -0.865712 0.077953 -0.494436
-0.316740 -70.280359 -1428.972167 -885.085439 -0.139407 0.914587 0.379600 -0.346853 -0.404158 0.846374 -0.927501 0.013675 -0.373570
0.928954 -71.608365 118.949684 649.112301 -0.105562 0.916305 0.386319 -0.275638 -0.400229 0.873980 -0.955448 0.014225 -0.294817
-1.130495 -65.572513 -1406.972538 -781.665549 -0.132654 0.914561 0.382074 -0.391951 -0.402463 0.827283 -0.910372 0.040012 -0.411852
-1.199201 -73.392360 -1023.136261 7432.787586 -0.116664 0.915284 0.385546 -0.204231 -0.402009 0.892568 -0.971946 -0.025390 -0.233829
0.262234 -76.866101 -980.922569 1631.325480 -0.125678 0.914172 0.385351 -0.150405 -0.401498 0.903425 -0.980604 -0.055581 -0.187956
5.545405 -77.351202 6028.672118 11047.039624 0.345325 -0.724668 -0.596328 0.798259 -0.107318 0.592676 -0.493490 -0.680690 0.541414
-4.025914 -86.027122 5512.934216 15476.131352 0.350970 -0.724103 -0.593712 0.820632 -0.067514 0.567455 -0.450980 -0.686379 0.570527
2.143029 -95.453438 6120.213583 9517.044940 0.349550 -0.717162 -0.602905 0.690810 -0.237430 0.682941 -0.632927 -0.655215 0.412429
-7.060663 -113.386804 -2503.710225 3583.335366 -0.285383 0.730598 0.620309 0.526163 -0.421536 0.738553 -0.801068 -0.537154 0.264114
6.923213 -102.792597 -8609.355511 1684.123739 -0.361355 0.689216 0.628015 0.521623 -0.408851 0.748833 -0.772872 -0.598182 0.211771
13.027039 -89.959851 -6198.488398 6552.924057 -0.342022 0.721703 0.601802 0.642811 -0.287449 0.710047 -0.685431 -0.629696 0.365605
-4.164105 -94.547288 -914.021379 -1814.294752 0.095350 0.933249 0.346346 0.992209 -0.061076 -0.108587 -0.080185 0.354001 -0.931801
-4.107151 -103.721342 -1373.866029 -3655.475279 0.112129 0.939662 0.323205 0.990807 -0.080950 -0.108392 -0.075688 0.332388 -0.940101
-3.470774 -97.198482 -2126.056664 1641.377298 0.065197 0.936365 0.344920 0.959014 0.036724 -0.280969 -0.275757 0.349101 -0.895593
-4.139277 -88.480759 125.698679 -201.434450 0.070265 0.927820 0.366352 0.965071 0.029694 -0.260300 -0.252390 0.371845 -0.893325
-4.252540 -92.010303 244.762245 -2947.779043 0.107271 0.928729 0.354901 0.991606 -0.074023 -0.106011 -0.072184 0.363293 -0.928874
-0.126015 -58.796322 -1273.280575 -4047.799269 0.148640 -0.864481 -0.480186 0.985769 0.168089 0.002530 0.078527 -0.473728 0.877163
-1.330999 -68.662670 -2178.359897 -4072.356102 0.118632 -0.875142 -0.469097 0.971266 0.200443 -0.128317 0.206323 -0.440395 0.873775
2.328461 -68.588608 -1363.784570 -3064.549839 0.068025 -0.881179 -0.467863 0.952846 0.196386 -0.231337 0.295732 -0.430064 0.852987
-2.218475 -51.321630 -207.251470 -2664.945752 0.133624 -0.852695 -0.505031 0.990017 0.091795 0.106957 -0.044842 -0.514281 0.856448
-2.756495 -50.200845 -820.082090 -3399.382877 0.188320 -0.851236 -0.489829 0.980517 0.134587 0.143081 -0.055871 -0.507231 0.859997
-23.961757 -32.552742 2896.645087 -2783.331160 0.244163 0.717345 0.652534 -0.577546 0.648111 -0.496379 0.778990 0.255671 -0.572545
-24.694287 -32.611756 987.513690 -1149.732298 0.129378 0.846304 0.516751 -0.680847 0.454689 -0.574200 0.720909 0.277540 -0.635030
-21.195457 -28.622849 -3200.682270 -1139.915266 -0.302945 -0.593359 -0.745754 -0.566441 0.741410 -0.359799 0.766400 0.313426 -0.560709
-18.029090 -29.574744 -4535.641955 -98.770366 -0.417002 -0.410002 -0.811177 -0.436041 0.873310 -0.217251 0.797482 0.263112 -0.542950
10.633846 -100.138875 2598.427783 16800.313669 0.714059 0.671267 0.198798 0.694148 -0.641953 -0.325662 0.090987 -0.370537 0.924350
2.232187 -92.274370 -2368.751221 13618.556131 -0.701006 -0.691185 -0.175652 0.704478 -0.632838 -0.321290 0.110911 -0.348969 0.930548
9.337382 -70.644751 -4121.507015 10964.239460 -0.684060 -0.707232 -0.178565 0.692064 -0.551931 -0.465209 0.230454 -0.441809 0.867004
31.255004 -85.246738 7721.719193 19596.034988 0.732142 0.653528 0.192013 0.652503 -0.592010 -0.473037 0.195470 -0.471619 0.859864
15.417431 -111.729060 3741.926093 18316.128001 0.724801 0.657710 0.205138 0.687787 -0.673392 -0.271095 0.040163 -0.337581 0.940439
27.196305 -120.203532 6740.228833 2725.784245 0.774140 0.595821 0.213786 0.617438 -0.785185 -0.047493 -0.139564 -0.168766 0.975725
14.051034 -124.893518 2329.788618 -4546.888543 0.735526 0.640293 0.221417 -0.658388 0.752602 0.010730 -0.159768 -0.153671 0.975120
27.327310 -116.857637 6404.516875 19055.870234 0.757072 0.614110 0.222959 0.653016 -0.700666 -0.287468 0.020318 -0.363230 0.931478
47.050834 -114.543931 11718.083265 11475.034654 0.797788 0.546906 0.253827 0.599552 -0.764135 -0.237979 -0.063806 -0.342039 0.937517
54.087893 -102.191133 12722.540540 22033.573718 0.784974 0.578997 0.220405 0.608197 -0.652469 -0.452084 0.117948 -0.488924 0.864316
-5.959222 -127.003785 -651.968389 218.379453 -0.805940 -0.507685 -0.304493 -0.390745 0.842588 -0.370625 0.444723 -0.179722 -0.877452
-4.364645 -118.200504 352.430135 -911.328193 -0.823043 -0.478490 -0.306019 -0.303743 0.826067 -0.474713 0.479938 -0.297758 -0.825227
-5.206239 -146.050436 -696.579997 8143.783214 -0.817089 -0.471703 -0.331455 -0.217907 0.784974 -0.579942 0.533743 -0.401638 -0.744181
-6.910013 -133.180003 -525.109438 -1109.399271 -0.807710 -0.516937 -0.283514 -0.371857 0.819833 -0.435426 0.457522 -0.246271 -0.854415
-5.581766 -148.351554 -1616.895877 13928.027029 -0.816601 -0.486328 -0.310881 -0.223001 0.762602 -0.607214 0.532384 -0.426525 -0.731193
-3.406240 -181.509019 -523.392385 21674.280644 0.826218 0.433494 0.359788 -0.007921 0.647533 -0.761996 0.563295 -0.626725 -0.538437
-3.156908 -193.668087 -3595.312305 28650.346892 -0.791333 -0.483755 -0.373863 -0.064469 0.674116 -0.735807 0.607977 -0.558166 -0.564637
-17.682412 -96.988457 1513.465630 -6880.034423 0.792257 0.529467 0.303305 -0.554370 0.416873 0.720340 -0.254957 0.738837 -0.623792
-12.497052 -93.736128 3681.451884 -6130.828101 0.847788 0.449697 0.281119 -0.480403 0.426653 0.766277 -0.224652 0.784691 -0.577747
-10.102372 -83.733763 3934.113196 -7762.545658 0.847488 0.456290 0.271227 -0.510092 0.558686 0.653969 -0.146869 0.692582 -0.706230
-3.978741 -79.927288 3809.209558 -6751.931605 0.881396 0.410495 0.233740 -0.451085 0.584522 0.674430 -0.140224 0.699877 -0.700364
-12.839277 -82.116656 3168.525041 -8112.232855 0.820168 0.497776 0.282036 -0.557851 0.586364 0.587350 -0.126992 0.639060 -0.758601
-4.415093 -70.574598 4271.752861 -7217.542173 0.876589 0.415991 0.241955 -0.477179 0.686172 0.549062 -0.062382 0.596758 -0.799993
5.129061 -298.164967 3384.878457 2664.375979 0.829759 0.503150 0.241538 0.203864 -0.676098 0.708048 -0.519558 0.538268 0.663572
5.287875 -276.163069 -2571.193516 6715.971467 0.775045 0.554037 0.303890 -0.140917 0.620337 -0.771572 -0.615994 0.555180 0.558862
4.005009 -294.846836 941.219578 -31410.924318 0.806418 0.535681 0.250470 -0.053991 -0.355094 0.933270 -0.588876 0.766129 0.257432
5.929203 -259.927829 2347.864652 -9992.331123 0.806409 0.543178 0.233800 0.093278 -0.507247 0.856738 -0.583956 0.669073 0.459715
8.362851 -335.125944 -560.769532 -46895.620393 0.798204 0.557769 0.227519 -0.078102 -0.278682 0.957202 -0.597303 0.781812 0.178882
7.112104 -285.250551 487.444363 -36937.504306 0.793990 0.566195 0.221366 -0.257603 -0.016477 0.966110 -0.550654 0.824107 -0.132771
5.070371 -265.602282 -433.241344 -29349.020786 0.780843 0.582966 0.224577 -0.237950 -0.054851 0.969727 -0.577636 0.810643 -0.095887
6.064160 -17.034205 -429.895495 3611.851267 -0.061454 0.955356 0.288995 0.079271 -0.283956 0.955555 -0.994957 -0.081632 0.058281
7.018865 -12.481858 -1313.713398 2702.547949 -0.055578 0.942892 0.328431 0.109738 -0.321178 0.940639 -0.992405 -0.088320 0.085621
4.839250 -12.139318 -454.662358 1887.602651 -0.072297 0.962712 0.260689 0.101675 -0.252898 0.962136 -0.992187 -0.096065 0.079600
4.924206 -16.078545 528.555353 3191.985945 -0.063012 0.957558 0.281270 0.071139 -0.276804 0.958290 -0.995474 -0.080393 0.050678
3.127302 -12.602114 -254.991829 1310.803710 -0.085220 0.972480 0.216843 0.085629 -0.209681 0.974013 -0.992676 -0.101573 0.065404
1.682107 -13.147949 -895.758787 -1364.714509 -0.098633 0.984622 0.144192 0.086699 -0.135844 0.986929 -0.991340 -0.109845 0.071967
4.228735 -11.371397 -876.742799 -780.900133 -0.078526 0.968125 0.237838 0.101496 -0.229572 0.967985 -0.991732 -0.100152 0.080233
-16.317813 -42.037634 -499.746436 -663.275854 -0.248388 0.957580 -0.146094 0.964126 0.229821 -0.132828 -0.093618 -0.173846 -0.980313
-15.059252 -43.823560 -915.114981 -478.657894 -0.275554 0.946541 -0.167717 0.950370 0.242030 -0.195494 -0.144451 -0.213263 -0.966257
-15.912821 -41.079112 -138.839288 -964.897110 -0.313898 0.942327 -0.116139 0.934979 0.285510 -0.210472 -0.165174 -0.174654 -0.970677
-15.134252 -43.858898 -796.713889 -57.541595 -0.214091 0.960164 -0.179585 0.976681 0.207380 -0.055572 -0.016116 -0.187295 -0.982172
-14.888143 -39.654410 929.867168 -468.527405 -0.297481 0.951133 -0.082774 0.946817 0.282767 -0.153557 -0.122647 -0.124052 -0.984667
-3.745191 -24.079408 -2020.483512 -7937.339537 -0.567185 0.801676 -0.188723 -0.423009 -0.480177 -0.768436 0.706657 0.356014 -0.611466
-7.834604 -36.883087 -1081.880796 -6474.249893 -0.575202 0.793827 -0.197437 -0.471206 -0.518837 -0.713284 0.668661 0.317249 -0.672492
-8.940517 -34.202908 -463.462151 -7137.866119 -0.517163 0.852195 -0.079416 -0.534155 -0.393866 -0.748029 0.668746 0.344432 -0.658897
-18.535190 -36.198849 2.285147 515.217074 -0.334452 0.919398 0.207000 -0.829337 -0.182813 -0.527996 0.447596 0.348262 -0.823633
-16.925272 -37.260312 -252.901747 -155.946235 -0.361124 0.907862 0.213015 -0.839439 -0.217001 -0.498249 0.406117 0.358743 -0.840460
-17.436169 -37.217644 444.704076 500.726938 -0.432043 0.880031 0.197193 -0.792994 -0.266560 -0.547820 0.429535 0.393054 -0.813024
1.217891 -46.114116 35.910052 1623.919301 0.219800 0.877891 0.425436 -0.024151 0.440864 -0.897249 0.975246 -0.186940 -0.118103
1.893330 -47.007689 618.483002 2483.979905 0.214679 0.885642 0.411766 -0.106010 0.440234 -0.891603 0.970914 -0.147757 -0.188396
2.611350 -43.083847 1293.094361 3539.547949 0.197257 0.905098 0.376679 -0.199798 0.413280 -0.888415 0.959776 -0.099987 -0.262359
1.360287 -52.706180 132.777387 561.375949 0.225952 0.858835 0.459726 0.032266 0.465074 -0.884684 0.973604 -0.214729 -0.077373
-1.043407 -53.827773 -834.641586 2112.236152 0.226075 0.858428 0.460426 0.105253 0.448369 -0.887630 0.968407 -0.249132 -0.011014
0.289591 -54.903170 901.757316 1558.854207 0.211746 0.856295 0.471086 0.099136 0.460711 -0.881996 0.972284 -0.233461 -0.012664
1.356788 -39.857515 3209.803658 -953.661220 0.257628 0.891373 0.372937 0.938166 -0.138389 -0.317323 -0.231243 0.431628 -0.871908
-3.812305 -41.638441 868.495530 -630.397545 0.297352 0.897797 0.324873 0.927964 -0.191700 -0.319583 -0.224643 0.396499 -0.890126
-2.255023 -43.818252 2302.483132 104.722848 0.254520 0.896210 0.363356 0.920735 -0.109665 -0.374461 -0.295748 0.429862 -0.853083
11.704524 -241.132396 986.839320 -14733.356591 0.162390 0.914190 0.371331 -0.449907 -0.266331 0.852439 -0.878187 0.305492 -0.368051
11.299153 -233.394256 370.572186 -25676.430925 0.154270 0.928150 0.338730 -0.719957 -0.129191 0.681889 -0.676656 0.349066 -0.648298
10.429497 -197.049662 1459.212962 -14544.461562 0.173598 0.904114 0.390436 -0.743476 -0.139678 0.654014 -0.645838 0.403816 -0.647939
7.204511 -165.192088 3206.117239 -3670.583054 0.155372 0.893126 0.422119 -0.880649 -0.068372 0.468809 -0.447567 0.444579 -0.775908
8.046255 -173.941345 867.463171 -12229.340914 0.190452 0.900601 0.390698 -0.713192 -0.146553 0.685477 -0.674600 0.409193 -0.614391
9.215206 -233.548516 2021.693399 -26127.739609 0.198289 0.900045 0.388073 -0.512179 -0.242428 0.823955 -0.835676 0.362144 -0.412913
11.450910 -172.334853 2494.509579 9182.445403 0.143980 0.893839 0.424644 0.930278 0.024060 -0.366065 -0.337420 0.447743 -0.828054
10.643658 -248.444908 1766.028913 -20848.892489 0.185961 0.911642 0.366506 -0.450813 -0.252269 0.856229 -0.873033 0.324451 -0.364068
-5.487816 -48.642632 2269.255774 -5334.997958 0.571111 0.728327 0.378645 -0.214298 -0.312990 0.925264 -0.792407 0.609571 0.022673
1.135897 -133.210034 -2629.771803 -47736.388412 0.566716 0.771888 0.288136 -0.147032 -0.249355 0.957185 -0.810688 0.584817 0.027821
3.768721 -61.241880 -275.709748 -11734.552538 0.573791 0.751620 0.325318 -0.204091 -0.253460 0.945571 -0.793165 0.608955 -0.007966
-5.280852 -156.300105 -1225.638995 -52897.157531 0.580929 0.776494 0.244086 -0.099114 -0.230162 0.968092 -0.807897 0.586585 0.056747
-32.773553 -113.704862 -5324.052187 43804.783314 0.601753 0.711304 -0.363235 0.225981 0.284575 0.931638 -0.766045 0.642701 -0.010502
-16.991493 -313.996396 6712.624389 134854.370788 0.593202 0.697323 -0.402308 0.294598 0.277042 0.914582 -0.749215 0.661051 0.041088
68.618816 -293.255369 -49588.770726 89005.623151 0.557287 0.728026 -0.399262 0.313723 0.260588 0.913056 -0.768771 0.634092 0.083176
23.323049 -258.745465 4087.733584 -33696.338126 0.446796 0.776150 0.444932 -0.290098 -0.344769 0.892736 -0.846296 0.527945 -0.071118
27.501788 -220.176557 3919.633223 -29563.799866 0.412365 0.784824 0.462608 -0.550524 -0.189916 0.812930 -0.725864 0.589901 -0.353750
20.156798 -195.078712 6222.836859 -26914.189030 0.472437 0.746785 0.468097 -0.568627 -0.147527 0.809258 -0.673399 0.648496 -0.354945
-3.025422 -53.839076 -450.294103 -8187.622873 0.052336 0.939996 0.337148 -0.241022 -0.315740 0.917724 -0.969108 0.129290 -0.210035
-1.867297 -48.430267 -277.255271 -5061.715501 0.063795 0.955420 0.288276 -0.288289 -0.258905 0.921877 -0.955416 0.141918 -0.258920
-1.726607 -49.129979 -1649.355302 -5761.151629 0.043815 0.956131 0.289644 -0.313713 -0.262090 0.912630 -0.948506 0.130852 -0.288468
-3.583781 -51.892157 516.145311 -6273.724901 0.078947 0.947900 0.308629 -0.230308 -0.283877 0.930791 -0.969910 0.144563 -0.195898
-55.800197 -92.728526 -412.051886 11747.628028 0.568041 -0.798388 0.199765 0.818718 0.572914 -0.038336 -0.083841 0.185328 0.979094
-54.013797 -79.435239 -1003.033251 2740.816433 0.170927 -0.945216 0.278120 0.972696 0.206857 0.105222 -0.156989 0.252541 0.954766
-41.856678 -69.551244 167.333673 4684.441592 -0.102290 -0.943936 0.313882 0.994745 -0.098449 0.028111 0.004366 0.315108 0.949046
36.683925 -75.684658 452.665395 10384.774118 -0.155121 0.981741 0.110096 0.279804 0.150543 -0.948181 0.947443 0.116277 0.298047
41.728211 -84.432297 -4280.218386 10473.222813 -0.218026 0.965997 0.138979 0.250669 0.193056 -0.948628 0.943202 0.171988 0.284237
-38.493275 -65.548275 1249.045302 -4627.820004 -0.005846 0.991518 -0.129837 0.017455 -0.129719 -0.991397 0.999831 0.008062 0.016549
-39.186242 -59.672276 1268.664930 -4222.742550 0.064769 0.994997 -0.076063 0.147147 -0.084912 -0.985463 0.986992 -0.052635 0.151911
-37.584382 -70.359016 808.080670 -3073.976437 0.006622 0.985947 -0.166929 -0.120891 -0.164919 -0.978870 0.992644 -0.026663 -0.118100
13.829173 -62.827628 476.488264 -5059.731924 -0.432377 -0.856718 0.281220 0.901260 -0.400953 0.164215 -0.027930 0.324455 0.945489
18.123401 -67.306644 -2002.240622 1441.479701 -0.369062 -0.873213 0.318264 0.898147 -0.423150 -0.119486 0.239010 0.241750 0.940442
13.960983 -65.038489 -1590.247416 -2485.840747 -0.392030 -0.859954 0.326789 0.915799 -0.398525 0.049902 0.087320 0.318836 0.943779
30.264764 13.006010 7304.953319 -10600.676635 -0.596953 0.672003 -0.438244 0.616901 0.733716 0.284770 0.512913 -0.100359 -0.852554
19.311587 -48.376105 30.908925 -1727.622436 -0.022811 0.999167 -0.033832 0.986981 0.017118 -0.159925 0.159213 0.037040 0.986549
21.305487 -47.632808 -5808.355423 417.135600 -0.080989 0.994431 0.067441 0.990403 0.087894 -0.106658 0.111992 -0.058156 0.992006
25.505237 -49.890928 -1049.142545 925.990819 -0.045006 0.998576 -0.028643 0.997256 0.043222 -0.060109 0.058785 0.031270 0.997781
11.081029 -45.137514 -5102.394586 -567.507637 -0.054675 0.995674 0.075132 0.973221 0.069965 -0.218968 0.223277 -0.061148 0.972835
20.753968 -49.085291 -3519.250498 -2599.180192 -0.001391 -0.995060 0.099261 0.997104 -0.008928 -0.075530 0.076043 0.098868 0.992191
17.654893 -50.050690 2533.460245 -98.405095 0.026920 0.996056 -0.084542 0.976217 -0.044395 -0.212199 0.215116 0.076819 0.973563
19.876534 -47.309633 1094.699879 -605.048923 -0.001647 0.999318 -0.036896 0.959016 -0.008876 -0.283212 0.283347 0.035850 0.958347
14.688657 -46.379207 -1385.277623 -1165.482657 -0.013080 0.999909 0.003421 0.960831 0.013516 -0.276807 0.276828 0.000334 0.960920
92.142085 -42.226423 -7404.139265 -920.916116 -0.031663 -0.943880 -0.328767 0.962178 -0.117830 0.245619 -0.270574 -0.308556 0.911912
87.709416 -39.693749 12495.991727 -1255.972039 0.107207 0.962366 0.249717 0.925458 -0.188386 0.328693 -0.363366 -0.195864 0.910825
77.179783 -37.058923 25022.066846 -3214.050975 0.184356 0.979989 0.075066 0.884448 -0.198723 0.422209 -0.428678 0.011444 0.903385
57.946196 -39.824893 28535.985181 -1673.066902 0.195511 0.980683 0.006100 0.913725 -0.184414 0.362076 -0.356206 0.065216 0.932129
90.368656 -42.208734 31636.765409 -1332.767308 0.137148 0.988619 0.061830 0.945331 -0.149276 0.289942 -0.295872 -0.018685 0.955045
-0.675120 -61.728442 -42.122025 1.320373 0.360555 0.918376 -0.163051 0.200336 -0.246978 -0.948086 0.910970 -0.309172 0.273033
-2.859906 -61.391724 -210.589704 -731.143991 0.363184 0.916972 -0.165102 0.161517 -0.236482 -0.958117 0.917611 -0.321306 0.233993
-1.513585 -59.413039 73.325294 -1369.365937 0.348839 0.928893 -0.124373 0.342172 -0.249785 -0.905829 0.872485 -0.273432 0.404976
-10.927468 -78.529876 -1218.904082 12291.919637 0.336117 -0.883776 -0.325522 0.917803 0.384916 -0.097354 0.211337 -0.266043 0.940509
-10.634304 -71.729093 682.002589 7252.452969 -0.243829 0.921047 0.303676 0.937867 0.303651 -0.167933 0.246886 -0.243860 0.937859
8.152813 -205.129886 1962.728398 -15195.745753 -0.146030 -0.919573 -0.364774 0.943056 -0.240791 0.229488 -0.298865 -0.310490 0.902372
4.998390 -211.657571 3894.921730 4601.263166 -0.165935 -0.905134 -0.391404 0.981143 -0.111641 -0.157779 0.099115 -0.410205 0.906592
12.436244 -196.879372 141.748989 -20894.804547 0.117165 0.935783 0.332541 0.802051 -0.286625 0.523985 -0.585650 -0.205322 0.784128
11.754648 -209.117619 1036.629611 -4618.759750 -0.148136 -0.920778 -0.360866 0.966663 -0.211870 0.143784 -0.208850 -0.327536 0.921467
0.467526 -72.454419 1378.688767 -2200.123430 -0.065187 0.949723 0.306230 0.598747 -0.208274 0.773385 -0.798281 -0.233769 0.555067
1.614085 -84.712955 1349.164982 -6277.044253 -0.097180 0.955242 0.279407 0.735632 -0.120153 0.666640 -0.670375 -0.270325 0.691030
4.069968 -74.061065 736.418710 -1598.021548 -0.093575 0.945688 0.311316 0.602407 -0.195176 0.773959 -0.792685 -0.259962 0.551426
-0.096661 -77.563967 976.438390 -6820.039931 -0.072608 0.954422 0.289494 0.696258 -0.159321 0.699887 -0.714110 -0.252380 0.652956
0.411187 -67.671831 696.982115 -3568.020061 -0.059008 0.945872 0.319131 0.580193 -0.227652 0.782017 -0.812339 -0.231303 0.535354
-1.972654 -50.179359 -1086.618785 5801.092264 0.419414 0.896694 -0.141533 0.061684 -0.183698 -0.981045 0.905697 -0.402734 0.132357
-3.601976 -51.204211 -1201.304957 2106.368394 0.416489 0.890298 -0.184139 0.002946 -0.203863 -0.978995 0.909136 -0.407198 0.087529
-5.079894 -50.010655 -1507.557951 4679.572594 0.411410 0.894614 -0.174380 0.063525 -0.219000 -0.973655 0.909234 -0.389494 0.146929
-1.335384 -52.317376 -1036.268599 2735.087322 0.422224 0.892058 -0.161120 0.004742 -0.179911 -0.983671 0.906479 -0.414566 0.080193
20.933704 -99.507311 -3532.373615 9594.341917 0.834602 -0.325215 0.444607 0.325064 0.942377 0.079116 -0.444717 0.078495 0.892225
