13460
26912
-45.588147 -65.105264 410.508297 7579.583047 -0.395195 0.916540 0.061453 0.678736 0.336427 -0.652790 0.618982 0.216269 0.755042
-48.571122 -70.792135 2052.515055 5482.010395 -0.319202 0.943466 -0.089335 0.800189 0.217816 -0.558796 0.507747 0.249854 0.824479
-52.333547 -84.953474 -299.059336 9884.947037 -0.604326 0.767355 0.214374 0.621016 0.622230 -0.476622 0.499129 0.154905 0.852570
-37.029302 -55.201181 469.224310 4685.880964 -0.089333 0.950786 -0.296691 0.755582 -0.129389 -0.642148 0.648934 0.281539 0.706838
-39.167741 -80.826733 -4357.224406 14400.647380 -0.550551 0.772133 0.317338 0.536759 0.618559 -0.573824 0.639361 0.145585 0.754998
-35.812176 -54.127079 -2696.019134 8000.348090 -0.350701 0.930444 0.106217 0.593355 0.308519 -0.743469 0.724527 0.197711 0.660281
-46.718807 -71.414378 100.351494 973.674652 -0.208446 -0.593023 0.777736 0.964266 -0.257568 0.062043 0.163527 0.762878 0.625521
-46.600960 -70.866661 -786.602830 683.435898 -0.183328 -0.544202 0.818678 0.982304 -0.133894 0.130966 0.038344 0.828201 0.559119
-49.045578 -73.524068 -213.258972 147.570120 -0.135191 -0.650930 0.747003 0.990819 -0.089336 0.101470 0.000684 0.753863 0.657032
-47.504470 -72.447919 -635.517384 627.474943 -0.126334 -0.694987 0.707837 0.979598 -0.199828 -0.021363 0.156292 0.690697 0.706053
-28.421494 -72.930825 -3357.682335 150.832726 -0.231891 0.958561 -0.165491 0.972739 0.228911 -0.037129 0.002292 -0.169589 -0.985512
-34.234487 -69.862951 1480.509919 199.390562 -0.187583 0.981799 -0.029707 0.982159 0.187888 0.007798 0.013238 -0.027714 -0.999528
-33.979607 -70.098289 237.958089 -2605.886980 -0.146524 0.983548 -0.105657 -0.974384 -0.161924 -0.156063 0.170604 -0.080084 -0.982080
9.719030 -11.939273 -571.769398 -2013.280135 0.563639 -0.764602 0.312562 0.826015 0.520179 -0.217056 0.003373 0.380522 0.924766
6.470479 -15.660580 -1010.004919 -1349.350829 0.454770 -0.811816 0.366251 0.890155 0.401199 -0.216015 0.028424 0.424258 0.905095
8.387146 -13.939915 -570.413025 -397.505610 0.560002 -0.769952 0.305895 0.826972 0.497132 -0.262633 0.050144 0.400041 0.915124
6.533997 -13.408524 -954.036918 319.518183 0.554602 -0.774732 0.303656 0.827607 0.475622 -0.298077 0.086504 0.416622 0.904955
8.057800 -12.743633 488.238181 -71.612470 0.628352 -0.740495 0.238414 0.772965 0.559729 -0.298711 0.087746 0.371981 0.924084
10.981542 -10.891063 936.106830 -1342.233163 0.618506 -0.744591 0.251066 0.784348 0.565737 -0.254441 0.047417 0.354296 0.933930
4.854367 -45.319526 -6534.538827 95.176703 -0.131801 0.617002 -0.775846 0.931047 0.345713 0.116766 0.340265 -0.706960 -0.620023
-0.210920 -43.899153 -4898.944260 -1297.097153 -0.142831 0.626348 -0.766347 0.882894 0.430573 0.187362 0.447322 -0.649842 -0.614498
11.611781 -43.154988 -4350.105734 -1442.718779 -0.102003 0.646460 -0.756098 0.927271 0.337019 0.163055 0.360228 -0.684476 -0.633820
16.155704 -44.452974 -3809.537168 1751.274149 -0.081734 0.661523 -0.745458 0.950753 0.276126 0.140793 0.298978 -0.697239 -0.651514
15.612979 -42.988219 745.451145 -1298.990233 -0.075368 0.710512 -0.699637 0.938169 0.288265 0.191682 0.337873 -0.641931 -0.688307
-7.625987 -60.300811 -293.610663 2305.765350 0.132128 0.953208 -0.271912 0.903928 -0.228437 -0.361566 0.406762 0.198016 0.891815
-8.314941 -64.168642 -4.085458 -215.732581 -0.113521 -0.956850 0.267490 0.970602 -0.164318 -0.175873 0.212237 0.239661 0.947374
-8.168783 -62.113201 -350.511424 1720.370071 0.123961 0.962832 -0.239977 0.932861 -0.195513 -0.302563 0.338236 0.186359 0.922424
-7.556153 -59.194872 78.447801 3540.203118 0.152187 0.951978 -0.265665 0.850464 -0.263080 -0.455522 0.503538 0.156614 0.849660
-6.695393 -53.634018 9.654013 2316.619123 0.181791 0.937524 -0.296649 0.802955 -0.315673 -0.505583 0.567640 0.146285 0.810176
-7.385480 -56.590378 -207.873561 3650.753971 0.162088 0.940535 -0.298532 0.836782 -0.291353 -0.463584 0.522995 0.174664 0.834247
0.341833 -47.406904 -1483.381390 2491.464572 0.267194 0.914998 -0.302302 0.236309 -0.366343 -0.899973 0.934219 -0.169030 0.314107
-1.011421 -44.234626 -1332.181159 109.831625 0.264766 0.916535 -0.299770 0.343298 -0.380086 -0.858884 0.901135 -0.124493 0.415279
1.773877 -46.276600 -911.694352 2095.894685 0.261560 0.921284 -0.287788 0.254861 -0.353510 -0.900042 0.930931 -0.162069 0.327264
49.406293 -76.351513 5396.001364 -9467.768594 -0.156585 0.972127 0.174500 0.986568 0.145628 0.074001 0.046527 0.183744 -0.981872
39.584628 -89.540312 5061.242445 7151.579142 -0.125392 0.969877 0.208843 -0.960763 -0.066215 -0.269350 0.247408 0.234423 -0.940125
38.244291 -80.891512 9212.465227 -6640.027453 -0.118813 0.943057 0.310688 0.989270 0.085638 0.118372 0.085025 0.321418 -0.943113
46.462709 -71.072846 11235.024569 -4553.734026 -0.152465 0.938206 0.310683 0.983135 0.176103 -0.049332 -0.100995 0.297922 -0.949233
54.978124 -65.152132 2826.968337 -3214.707127 -0.192334 0.973510 0.123633 0.978682 0.199535 -0.048658 -0.072038 0.111639 -0.991134
2.302906 -119.686493 -156.498568 -4147.618250 0.059319 0.997631 -0.034824 -0.989069 0.063456 0.133099 -0.134993 -0.026548 -0.990491
2.147354 -140.763154 377.536392 -709.546433 0.088342 0.995900 -0.019466 -0.990800 0.089868 0.101191 -0.102526 -0.010347 -0.994677
2.894146 -133.595477 -72.357952 -2583.398539 0.009420 0.999789 -0.018277 -0.917945 0.015895 0.396389 -0.396596 -0.013043 -0.917901
1.273918 -124.172982 -466.674533 2548.910207 0.118500 0.992098 -0.041233 -0.990346 0.115079 -0.077278 0.071922 -0.049992 -0.996157
2.959276 -112.720903 -284.368191 -3977.472235 0.019910 0.999087 -0.037804 -0.970934 0.028342 0.237662 -0.238517 -0.031973 -0.970612
2.147540 -113.790966 -270.590881 -3286.547166 0.084399 0.995594 -0.040870 0.996226 -0.085145 -0.016861 -0.020267 -0.039293 -0.999022
-0.234340 -75.769310 -548.532221 490.077826 0.077873 0.982590 -0.168679 0.958036 -0.026936 0.285379 -0.275867 0.183824 0.943454
-0.986615 -71.006866 -682.465887 -85.123099 0.048051 0.983036 -0.177008 0.908566 0.030606 0.416619 -0.414969 0.180842 0.891682
-0.667743 -72.788696 577.837350 -27.705927 0.056198 0.978886 -0.196528 0.882986 0.043148 0.467411 -0.466022 0.199799 0.861918
-2.067280 -72.314695 -330.679761 185.694656 0.071816 0.981407 -0.177994 0.962051 -0.021058 0.272056 -0.263250 0.190777 0.945676
0.367944 -75.392041 516.053306 508.688846 0.064898 0.979972 -0.188265 0.916983 0.015852 0.398612 -0.393613 0.198505 0.897588
0.202282 -78.712566 -815.085004 1281.290973 0.068060 0.983562 -0.167251 0.963261 -0.021128 0.267735 -0.259800 0.179329 0.948865
0.002147 -78.281681 1367.244470 -433.425501 -0.104540 -0.983824 0.145469 0.990552 -0.089949 0.103515 -0.088756 0.154916 0.983933
-1.659724 -75.566504 1086.082904 -1596.481676 -0.096152 -0.983443 0.153608 0.986815 -0.073999 0.143943 -0.130193 0.165423 0.977591
126.776893 -36.714985 25713.904585 2378.149640 0.657954 -0.743526 -0.119439 0.735541 0.600505 0.313646 -0.161480 -0.294217 0.941998
148.826477 -41.533495 35582.982032 -604.080005 0.682729 -0.720580 -0.121022 0.688876 0.579570 0.435372 -0.243580 -0.380610 0.892079
123.049878 -39.870030 9380.036145 442.419504 -0.511048 0.814635 -0.274224 0.712552 0.579938 0.394895 -0.480728 -0.006411 0.876846
103.605316 -36.812216 36082.267583 -2146.760962 0.719762 -0.613270 -0.325335 -0.694190 -0.631344 -0.345695 -0.006606 -0.474662 0.880143
116.549756 -35.179229 -2567.107660 1849.476315 -0.559958 0.812934 -0.159952 0.763320 0.581256 0.281931 -0.322165 -0.035775 0.946007
106.227969 -31.515695 20269.709692 2504.497071 0.644821 -0.755915 -0.113134 0.757840 0.613046 0.223280 -0.099424 -0.229713 0.968167
82.978003 -32.260950 24669.947499 4134.647451 0.680313 -0.661314 -0.315972 0.730788 0.644933 0.223630 0.055891 -0.383047 0.922037
-3.491349 -45.713639 -1497.642637 2284.428108 -0.090025 0.951932 0.292781 0.469503 -0.218695 0.855418 -0.878329 -0.214471 0.427247
-5.187645 -63.382699 -3780.240138 -10031.236322 -0.068473 0.910212 0.408443 0.505934 -0.321173 0.800549 -0.859850 -0.261461 0.438516
-8.396121 -44.686128 -1960.500140 -4953.552564 -0.076034 0.938381 0.337134 0.471047 -0.264201 0.841613 -0.878825 -0.222797 0.421934
-12.496707 -63.774266 -2756.090405 -14181.973808 -0.060752 0.928791 0.365590 0.503482 -0.287742 0.814684 -0.861867 -0.233561 0.450149
-1.320126 -59.316324 -172.859656 1033.944561 0.036850 0.865699 -0.499206 0.985648 0.050866 0.160967 0.164742 -0.497973 -0.851400
-1.483933 -60.862542 194.997775 1590.429135 0.026036 0.865072 -0.500972 0.976775 0.084604 0.196857 0.212679 -0.494463 -0.842778
-1.873704 -63.543274 -357.047705 456.069519 0.009172 0.858551 -0.512646 0.999529 0.007138 0.029837 0.029275 -0.512679 -0.858081
-2.035668 -62.213129 549.014920 -110.163312 0.017045 0.863388 -0.504253 0.994680 0.036603 0.096295 0.101597 -0.503211 -0.858170
-1.488394 -64.621431 212.247366 635.900785 0.009887 0.862907 -0.505266 0.999136 -0.028924 -0.029845 -0.040368 -0.504534 -0.862448
-1.299009 -67.009424 -661.102782 1242.954325 -0.018580 0.860717 -0.508744 0.987723 -0.063135 -0.142889 -0.155107 -0.505154 -0.848977
-6.923527 -48.846032 3122.758425 2739.628809 0.155012 0.886819 -0.435343 0.843618 -0.348137 -0.408789 0.514081 0.303896 0.802102
-6.569378 -45.598796 2049.352502 682.792039 0.203666 0.866789 -0.455189 0.796241 -0.417175 -0.438139 0.569667 0.273206 0.775137
-3.269962 -48.113705 2612.503769 2706.359454 0.122994 0.894972 -0.428834 0.859947 -0.311795 -0.404072 0.495341 0.319076 0.807977
-5.103998 -52.456846 -4175.547656 2061.981856 -0.117225 -0.888999 0.442649 0.922844 -0.262185 -0.282168 0.366903 0.375419 0.851142
-5.089867 -191.134045 -2094.850714 -19217.412909 0.832574 0.023885 0.553399 0.397001 -0.722444 -0.566096 -0.386278 -0.691017 0.610970
-5.254701 -155.465792 -452.911769 -14148.924358 0.843924 0.020641 0.536065 0.272750 -0.876979 -0.395620 -0.461952 -0.480085 0.745734
-2.885273 -170.917383 -1965.660854 19356.248344 0.835375 0.014065 0.549500 -0.260576 0.890342 0.373351 -0.483992 -0.455075 0.747435
-5.624063 -189.664155 -293.316070 -24085.804604 0.848453 0.031382 0.528339 0.383328 -0.724751 -0.572534 -0.364947 -0.688295 0.626947
-1.861290 -219.875145 -2658.884260 -30952.714176 0.838660 0.008968 0.544581 0.382016 -0.722366 -0.576413 -0.388217 -0.691453 0.609245
-4.610077 -229.918128 -1380.262125 -28192.863294 0.839995 0.023639 0.542080 0.486253 -0.476101 -0.732725 -0.240764 -0.879073 0.411417
-4.298500 -229.403422 -2016.727913 -20538.904042 0.832773 0.015733 0.553392 0.501350 -0.445408 -0.741795 -0.234815 -0.895189 0.378811
0.400779 -165.512764 -1843.338105 3606.980659 0.919787 -0.211356 0.330636 0.180720 -0.519751 -0.834985 -0.348328 -0.827761 0.439864
1.063110 -152.783773 -987.545630 1036.460538 0.924456 -0.223357 0.309018 0.105485 -0.629004 -0.770212 -0.366406 -0.744624 0.557926
1.630893 -149.897100 -718.930563 -184.933050 0.917138 -0.176271 0.357472 0.259054 -0.417973 -0.870741 -0.302900 -0.891194 0.337675
43.957212 -873.709632 8608.493146 288197.549961 -0.671553 0.464219 -0.577510 0.296455 0.882644 0.364765 0.679067 0.073753 -0.730362
17.666937 -1194.848816 2127.818329 456133.197411 -0.722208 0.448303 -0.526726 0.532501 0.846373 -0.009768 0.441428 -0.287537 -0.849979
19.710380 -1025.000371 9461.094904 254381.859709 -0.734287 0.344975 -0.584649 0.511291 0.847590 -0.142030 0.446546 -0.403216 -0.798757
6.435776 -551.360652 4492.848851 131093.585343 -0.690050 0.471547 -0.549068 0.317070 0.878913 0.356340 0.650614 0.071800 -0.756007
34.963566 -2110.915176 6130.979380 847291.814526 -0.663611 0.373106 -0.648392 0.202186 0.923942 0.324734 0.720237 0.084401 -0.688574
41.538321 -962.942975 17739.021795 339782.228608 -0.645577 0.590817 -0.483907 0.111753 0.699902 0.705442 0.755475 0.401339 -0.517866
11.876974 -1422.357854 -6795.083341 532075.782527 -0.634198 0.512133 -0.579235 0.024122 0.761909 0.647234 0.772794 0.396503 -0.495555
8.343890 -113.704297 -1883.135528 -3605.409772 0.896336 -0.320461 0.306408 -0.052831 0.608962 0.791438 0.440216 0.725582 -0.528904
8.963117 -122.772358 -1495.467678 -3180.414344 0.896487 -0.316559 0.310003 -0.162710 0.415567 0.894891 0.412112 0.852699 -0.321043
6.464870 -119.562500 -1150.979870 -3934.789465 0.895554 -0.311475 0.317752 -0.082683 0.585193 0.806667 0.437203 0.748687 -0.498319
10.370269 -122.164613 -1271.581908 -4145.793522 0.890685 -0.341367 0.300247 -0.139584 0.423190 0.895224 0.432662 0.839273 -0.329279
-20.956562 -34.767610 1654.790744 769.324954 0.203356 0.940620 0.271810 -0.892112 0.292401 -0.344438 0.403463 0.172441 -0.898600
-18.857330 -34.940656 1843.295762 -55.821291 0.220436 0.927091 0.303168 -0.843577 0.337240 -0.417909 0.489680 0.163623 -0.856412
-21.227745 -35.251326 1377.922205 -138.576828 0.194568 0.952038 0.236149 -0.866662 0.279607 -0.413179 0.459392 0.124270 -0.879498
-23.047047 -34.398012 510.012631 -375.277729 0.101152 0.987530 0.120635 -0.879650 0.145420 -0.452846 0.464742 0.060310 -0.883390
-24.187016 -34.358402 932.989486 466.967734 0.112031 0.979815 0.165564 -0.918780 0.165605 -0.358356 0.378541 0.111970 -0.918787
-2.334670 -27.868298 -283.264712 -370.059750 -0.589868 0.741036 0.320813 0.627050 0.670675 -0.396236 0.508787 0.032562 0.860277
-5.655094 -30.742754 -21.213839 -931.942510 -0.514949 0.813682 0.269720 0.644098 0.574894 -0.504612 0.565654 0.086124 0.820133
-3.692538 -28.247522 676.466463 -759.120204 -0.592434 0.745055 0.306456 0.598246 0.661633 -0.452044 0.539559 0.084470 0.837700
-4.530243 -31.528887 -724.423044 -856.850515 -0.470941 0.845957 0.250142 0.693449 0.530275 -0.487788 0.545292 0.056258 0.836356
2.715952 -28.395734 -1404.551560 -672.984285 -0.525125 0.801687 0.285557 0.702404 0.597740 -0.386439 0.480492 0.002352 0.876996
-68.287601 -726.387703 -8025.190967 -241396.556001 -0.147286 -0.114596 0.982433 0.845948 -0.529278 0.065086 0.512522 0.840674 0.174898
-66.593411 -255.094507 1166.514749 -71586.718001 -0.361047 -0.121424 0.924609 0.849395 -0.452081 0.272307 0.384933 0.883674 0.266359
-128.419230 -765.432281 -5873.797392 -216876.391183 -0.293086 0.009845 0.956036 0.696665 -0.682637 0.220602 0.654797 0.730691 0.193213
-267.337725 -1140.438283 36418.839207 353072.784081 0.177050 -0.134861 -0.974918 -0.379734 0.904508 -0.194083 0.907995 0.404572 0.108931
-15.333297 -63.716147 6320.702917 2836.259263 -0.033299 0.854440 0.518482 -0.322131 -0.500261 0.803723 -0.946109 0.140256 -0.291900
-33.457922 -126.329057 3952.894992 40759.992892 -0.190802 0.327764 0.925292 0.174458 0.938926 -0.296619 -0.966002 0.104829 -0.236330
-21.376306 -49.292664 -4876.143455 -4585.154017 -0.126392 0.715952 0.686613 -0.236984 -0.693915 0.679942 -0.963257 0.076777 -0.257374
-0.075635 -55.849047 -428.547047 6013.755384 -0.021898 0.957839 0.286469 -0.344426 -0.276224 0.897257 -0.938558 0.079019 -0.335954
-8.989004 -48.570476 -1228.125110 -1971.926258 -0.004380 0.997866 0.065150 -0.296174 -0.063522 0.953019 -0.955124 0.015121 -0.295820
-24.125902 -78.604822 -4065.198623 20931.051839 -0.159116 0.250308 0.955002 0.065486 0.967871 -0.242770 -0.985086 0.023911 -0.170395
-25.095943 -54.304952 5705.320392 -10831.320597 0.091152 0.931285 -0.352702 -0.136318 0.362512 0.921956 -0.986463 0.035958 -0.159995
-5.802054 -64.741581 213.082853 330.279904 0.136022 0.975915 -0.170554 0.646011 -0.217892 -0.731569 0.751111 0.010670 0.660089
-8.417662 -66.180507 1380.890309 2425.929848 0.154455 0.967695 -0.199273 0.741399 -0.246837 -0.624018 0.653048 0.051358 0.755573
-8.751508 -62.091649 1131.895752 496.480270 0.122203 0.980473 -0.154074 0.657661 -0.196259 -0.727300 0.743336 0.012450 0.668802
-30.108739 -139.740605 7495.659406 47377.680056 -0.406394 0.888663 -0.212418 -0.106470 0.184840 0.976984 -0.907473 -0.419657 -0.019498
-10.019889 -85.198047 -12370.632748 21002.077778 -0.504858 0.762301 -0.404988 0.599933 -0.027467 -0.799578 -0.620643 -0.646639 -0.443463
-1.956464 -65.597712 14789.989467 -139.637943 0.586550 -0.688708 0.426194 0.468437 -0.140796 -0.872206 -0.660701 -0.711237 -0.240033
-17.986547 -49.243609 -275.347437 -790.122251 -0.391981 0.744377 0.540605 -0.704513 -0.620777 0.343943 -0.591619 0.246044 -0.767756
-16.218592 -48.018025 -719.637485 269.040996 -0.436713 0.700580 0.564331 -0.593995 -0.695682 0.403976 -0.675613 0.158788 -0.719954
-19.717211 -45.539335 -1110.002299 -1258.651094 -0.406897 0.687091 0.601947 -0.652935 -0.679609 0.334375 -0.638835 0.256976 -0.725157
-16.489349 -51.022036 -349.340935 100.540167 -0.419096 0.754324 0.505326 -0.665036 -0.633945 0.394767 -0.618131 0.170614 -0.767336
-18.869431 -46.197359 78.298120 -1121.103502 -0.334611 0.764667 0.550745 -0.763944 -0.562296 0.316563 -0.551747 0.314813 -0.772314
-17.279985 -47.809353 325.462933 -858.633720 -0.331405 0.794150 0.509408 -0.805442 -0.519319 0.285606 -0.491359 0.315648 -0.811747
-17.358066 -50.678295 -216.754370 -625.150405 -0.389557 0.776508 0.495258 -0.751041 -0.579080 0.317182 -0.533089 0.248398 -0.808774
-9.180451 -31.414822 5182.337499 -587.638900 0.056347 0.998061 -0.026450 0.899421 -0.039242 0.435318 -0.433436 0.048318 0.899888
-4.837975 -32.694605 4166.639263 -375.665113 0.030506 0.999251 -0.023828 0.925572 -0.019241 0.378083 -0.377341 0.033588 0.925465
2.173506 -32.901512 3030.569511 -914.943009 0.083216 0.996436 0.013780 0.895914 -0.080862 0.436806 -0.436363 0.024003 0.899450
-7.202833 -29.532492 4245.430933 -1212.672348 0.096030 0.995375 -0.002700 0.863647 -0.081972 0.497387 -0.494865 0.050096 0.867525
16.410280 -37.688630 2970.080552 1381.740058 0.323532 0.908431 0.264725 0.287356 -0.360889 0.887235 -0.901528 0.210979 0.377803
14.886594 -35.450313 1411.559408 1040.258149 0.261925 0.940042 0.218440 0.372945 -0.307350 0.875470 -0.890116 0.147841 0.431086
19.778647 -40.175497 116.394317 1305.534516 0.249598 0.935873 0.248682 0.272713 -0.314351 0.909291 -0.929155 0.159138 0.333686
13.188068 -93.261051 -820.253988 9993.421714 0.392472 0.919350 -0.027592 -0.902389 0.390688 0.181813 -0.177930 0.046458 -0.982946
12.948531 -103.908117 -1572.928245 6140.061631 0.414326 0.909593 -0.031230 -0.909158 0.415224 0.031946 -0.042025 -0.015157 -0.999002
12.611217 -95.711323 124.972686 3258.744307 0.386458 0.922227 0.012191 -0.890737 0.369768 0.264307 -0.239243 0.113002 -0.964362
-0.919060 -112.153689 -439.102030 12218.674918 0.390834 0.915658 -0.093909 0.693103 -0.225626 0.684617 -0.605687 0.332660 0.722828
-2.385265 -124.780439 -397.701906 6662.382364 0.381608 0.918051 -0.107507 0.498671 -0.106549 0.860218 -0.778269 0.381877 0.498465
-0.859292 -113.036109 178.672799 12914.515219 0.392766 0.914023 -0.101474 0.697158 -0.223969 0.681035 -0.599754 0.338231 0.725186
0.135075 -88.064210 39.408946 9801.719466 0.401810 0.911606 -0.086735 0.794050 -0.299677 0.528846 -0.456107 0.281367 0.844274
-6.615115 -66.018531 2423.034257 -8608.905737 0.243968 0.961505 0.126440 0.829156 -0.139190 -0.541411 0.502970 -0.236925 0.831196
-2.955810 -48.712201 1730.389208 -5171.215231 0.158610 0.969842 0.185065 0.903024 -0.066703 -0.424381 0.399238 -0.234429 0.886370
-5.677229 -53.133583 1810.431557 -7207.302680 0.240693 0.958741 0.151269 0.888833 -0.155112 -0.431179 0.389926 -0.238235 0.889495
-1.321658 -39.572734 1011.239692 -4060.412487 0.163163 0.967053 0.195412 0.938589 -0.091114 -0.332789 0.304020 -0.237711 0.922532
-11.489822 -76.518106 1812.704776 -10268.552083 0.329218 0.940216 0.087237 0.789502 -0.223405 -0.571644 0.517979 -0.257069 0.815851
-10.146032 -70.425382 -161.737364 -10188.732057 0.403550 0.910789 0.087242 0.810095 -0.311348 -0.496797 0.425315 -0.271157 0.863470
-3.007940 -46.056785 -178.885928 -6743.825557 0.312482 0.937369 0.153929 0.905244 -0.244737 -0.347327 0.287902 -0.247877 0.925024
-9.037185 -41.640690 -1080.149980 886.350309 0.296574 0.923746 -0.242358 -0.076319 0.275889 0.958155 -0.951956 0.265667 -0.152321
-9.482357 -46.388132 -1819.694351 2105.260553 0.273837 0.928091 -0.252311 -0.169793 0.304868 0.937137 -0.946670 0.213782 -0.241067
-7.106299 -42.823953 -1454.778746 788.852777 0.266692 0.929223 -0.255774 -0.117395 0.294730 0.948342 -0.956605 0.222889 -0.187688
-7.327874 -38.397849 -1651.792270 582.253377 0.264466 0.924564 -0.274298 -0.003285 0.285287 0.958437 -0.964389 0.252573 -0.078486
2.616965 -146.780842 1042.249244 -885.224855 0.120967 -0.887052 0.445539 0.992148 0.093683 -0.082856 0.031758 0.452064 0.891420
2.975018 -150.809240 -1767.167068 -2240.625780 0.182985 -0.857792 0.480323 0.982918 0.149841 -0.106861 0.019693 0.491672 0.870558
12.384349 -146.762727 -2127.986346 2253.153042 0.113265 -0.870908 0.478216 0.930312 -0.076028 -0.358803 0.348842 0.485530 0.801605
-3.515622 -144.235451 378.065439 -3109.489667 0.174450 -0.867502 0.465841 0.945137 0.280224 0.167901 -0.276195 0.410993 0.868793
8.813054 -125.828878 737.208917 5040.079905 0.035790 -0.878720 0.475993 0.961330 -0.099871 -0.256652 0.273063 0.466772 0.841166
0.763559 -126.661308 974.373789 4192.417463 0.021425 -0.877915 0.478337 0.998523 -0.005108 -0.054099 0.049938 0.478789 0.876508
-4.971159 -140.460869 1295.955853 -1400.635877 0.099272 -0.882707 0.459318 0.968753 0.191175 0.158020 -0.227296 0.429279 0.874103
303.244102 -187.954825 120993.763397 -5021.476454 0.120633 0.887244 -0.445249 -0.853215 -0.136594 -0.503354 0.507417 -0.440614 -0.740532
24.941593 -273.183575 8327.614610 -54308.326615 -0.170358 0.757191 -0.630587 0.982550 0.179013 -0.050490 0.074653 -0.628184 -0.774475
95.097923 -204.076771 30222.285268 -28332.799825 0.125410 0.773792 -0.620902 0.987099 -0.034530 0.156342 0.099536 -0.632498 -0.768139
253.354322 -312.691708 102730.722886 -67185.861027 -0.015340 0.872336 -0.488667 -0.785016 -0.313203 -0.534466 0.619286 -0.375412 -0.689602
169.256020 -362.669627 56506.270454 -94912.537709 -0.202754 0.830400 -0.518967 -0.514530 -0.541262 -0.665053 0.833157 -0.132182 -0.537008
48.025542 -38.861904 8116.596908 1627.057316 0.576437 0.816616 -0.029290 0.748182 -0.513040 0.420731 -0.328549 0.264439 0.906713
31.635254 -42.363817 -11382.129088 2766.941044 -0.573059 -0.805112 0.152964 0.768974 -0.463734 0.440034 -0.283342 0.369791 0.884857
34.234056 -41.513828 -10547.354152 1398.803332 -0.589472 -0.797375 0.129291 0.770438 -0.506860 0.386676 -0.242793 0.327545 0.913108
-2.293749 -221.425867 1783.828751 12850.474779 0.142715 -0.842386 0.519632 0.929130 0.294957 0.222978 -0.341102 0.450983 0.824781
-0.922496 -225.822549 -247.642334 11108.754553 0.131122 -0.826824 0.546963 0.909035 0.320415 0.266440 -0.395554 0.462272 0.793626
-1.928487 -203.606571 465.948743 19451.708278 0.098949 -0.837258 0.537781 0.994775 0.096881 -0.032202 -0.025139 0.538157 0.842469
-3.797071 -194.834133 -2621.756932 11734.360174 -0.163786 0.833455 -0.527756 0.874591 0.370166 0.313158 -0.456361 0.410280 0.789560
-1.144503 -226.723482 -2714.242293 202.942904 -0.174826 0.837837 -0.517171 0.717159 0.468254 0.516160 -0.674625 0.280656 0.682725
-6.186126 -175.633113 2396.571014 13347.608187 0.129199 -0.836790 0.532062 0.977488 0.197731 0.073617 -0.166807 0.510573 0.843499
-4.562966 -194.056130 1905.860771 17953.957789 0.105229 -0.842348 0.528561 0.993070 0.061045 -0.100421 0.052324 0.535466 0.842935
20.629569 -82.115265 -729.314378 -5300.958174 -0.087893 -0.801189 0.591921 0.989883 -0.136695 -0.038038 0.111388 0.582589 0.805098
24.304799 -96.703934 -3779.607828 13484.465100 -0.097063 -0.791151 0.603869 0.994942 -0.092898 0.038213 0.025866 0.604524 0.796167
19.468249 -91.570493 -3266.215207 9700.654053 -0.120203 -0.761856 0.636495 0.989466 -0.144045 0.014448 0.080677 0.631527 0.771145
15.785802 -88.525625 -1796.275644 -8742.183676 -0.129322 -0.765240 0.630622 0.976986 -0.207121 -0.050984 0.169630 0.609515 0.774414
11.305246 -98.533527 -4401.822056 9618.486191 -0.110254 -0.732014 0.672309 0.988071 -0.153898 -0.005528 0.107514 0.663680 0.740250
-12.478581 -44.539745 1016.251482 -1340.344632 0.654248 0.726900 0.208748 -0.631063 0.372599 0.680389 -0.416796 0.576877 -0.702492
-9.236648 -44.062657 -276.259520 -2302.525447 0.694717 0.696599 0.179213 -0.617316 0.449550 0.645620 -0.369173 0.559155 -0.742332
-9.016066 -38.943168 826.091398 2350.533000 0.629759 0.738658 0.240390 0.708079 -0.418620 -0.568667 -0.319418 0.528338 -0.786658
-13.815321 -39.770937 2034.510166 1238.390986 0.554085 0.782983 0.282715 0.739579 -0.307116 -0.598918 -0.382116 0.540942 -0.749246
-15.651021 -43.931492 1900.566444 -712.348312 0.629426 0.748226 0.209715 -0.620055 0.320949 0.715908 -0.468353 0.580646 -0.665955
-166.501578 -4433.232094 63321.143888 -4268012.152948 -0.440368 0.814036 -0.378710 0.377289 0.550547 0.744682 -0.814695 -0.185051 0.549570
-207.657592 -7561.665529 51867.088165 -3051304.136312 -0.356651 0.804228 -0.475413 0.739528 -0.067923 -0.669690 -0.570875 -0.590427 -0.570525
-699.230278 -47083.264019 156877.083747 -40651698.713247 -0.255693 0.892499 -0.371574 0.772099 0.419825 0.477086 -0.581794 0.164904 0.796443
-19.029559 -40.238420 -376.522497 939.646458 -0.215258 0.862678 0.457658 0.913271 0.343796 -0.218495 -0.345831 0.370933 -0.861864
-17.945821 -39.366591 -120.973270 1043.467688 -0.231111 0.863868 0.447572 0.932590 0.327785 -0.151107 -0.277243 0.382479 -0.881389
-17.162218 -39.905475 -789.714593 -40.784336 -0.259373 0.877726 0.402894 -0.903562 -0.367849 0.219688 -0.341030 0.307058 -0.888489
0.124041 -69.212583 207.135951 4010.729802 0.414619 0.906673 -0.077690 0.854493 -0.358550 0.375876 -0.312941 0.222231 0.923408
-1.570888 -66.882208 748.247731 -551.163046 0.436418 0.896398 -0.077521 0.875805 -0.403484 0.264891 -0.206169 0.183496 0.961157
-0.530872 -65.272884 242.291715 -1054.591642 0.424880 0.902590 -0.069343 0.880349 -0.394136 0.263899 -0.210862 0.173171 0.962054
-14.853514 -32.393052 227.417255 1822.498672 -0.087994 0.883610 0.459881 0.989963 0.128830 -0.058111 -0.110593 0.450152 -0.886077
-13.354815 -32.668836 1347.786848 1616.742608 0.077616 0.869495 0.487806 0.987606 -0.000104 -0.156956 -0.136422 0.493942 -0.858726
-10.975028 -27.918453 1317.982504 2187.110292 0.082705 0.872129 0.482236 0.995421 -0.049026 -0.082055 -0.047920 0.486814 -0.872190
-28.467131 -867.290069 1232.271425 204292.077279 0.783659 0.270414 -0.559245 -0.408494 0.902574 -0.135990 0.467986 0.335018 0.817772
-12.802478 -1692.903006 13751.726362 -651648.321213 0.745752 0.359080 -0.561173 0.658609 -0.524337 0.539727 0.100439 0.772096 0.627519
-24.381135 -596.986575 -3808.169278 -116826.285200 0.840966 0.318569 -0.437367 0.481947 -0.808458 0.337820 0.245974 0.494883 0.833419
-49.724246 -991.120253 -9792.061717 3529.989377 0.852554 0.213144 -0.477202 -0.145893 0.973822 0.174315 0.501864 -0.078993 0.861332
-51.170899 -869.626371 -5172.005955 -32226.317004 0.890238 0.161824 -0.425781 -0.051493 0.964526 0.258916 0.452576 -0.208572 0.866991
13.846359 -160.229363 -804.339089 -15470.793551 0.934991 0.010744 -0.354508 -0.347691 -0.169562 -0.922150 0.070018 -0.985461 0.154804
19.905016 -129.329262 -889.275701 7187.035943 0.900591 0.044694 -0.432363 -0.410714 -0.238142 -0.880115 0.142299 -0.970202 0.196112
15.306558 -180.027323 392.364524 -33687.152473 0.946139 0.054571 -0.319129 -0.315227 -0.069561 -0.946464 0.073848 -0.996084 0.048613
16.574199 -883.276015 1806.939653 -294401.859607 0.961928 0.065543 -0.265326 -0.271036 0.104025 -0.956932 0.035120 -0.992413 -0.117829
15.858649 -382.459807 27.921589 -118268.128289 0.962856 0.031445 -0.268177 -0.268527 0.007410 -0.963244 0.028302 -0.999478 -0.015579
-57.385260 -81.828632 1107.678254 4767.967701 -0.542403 0.838328 0.054811 0.758352 0.516645 -0.397468 0.361526 0.174022 0.915978
-49.702637 -76.498996 1287.614866 4097.250694 -0.305266 0.933343 -0.188902 0.883226 0.203350 -0.422564 0.355984 0.295837 0.886429
-40.985607 -65.653264 470.236085 4663.962255 -0.142949 0.942085 -0.303384 0.847032 -0.042110 -0.529871 0.511959 0.332720 0.791957
-47.938528 -72.542321 -1099.683215 -158.673191 -0.145511 -0.554781 0.819173 0.981712 0.021768 0.189125 -0.122755 0.831712 0.541467
-45.540587 -72.624699 -1787.740296 567.473435 -0.192778 -0.431674 0.881189 0.981235 -0.081238 0.174868 -0.003900 0.898364 0.439234
3.458107 -18.735887 -1292.842310 -1711.636503 0.407980 -0.826985 0.386844 0.912443 0.354650 -0.204135 0.031623 0.436256 0.899267
5.950579 -12.939847 -2700.453588 -2752.229998 0.529048 -0.768087 0.360764 0.848199 0.491580 -0.197252 -0.025838 0.410355 0.911560
1.179168 -14.844490 -3209.550474 -2042.999690 0.564495 -0.737569 0.370591 0.825111 0.516801 -0.228272 -0.023155 0.434637 0.900308
-0.204897 -21.646527 -1145.091998 -1544.160463 0.431514 -0.816401 0.383778 0.901292 0.372086 -0.221868 0.038335 0.441635 0.896376
3.348501 -44.474497 -3971.330286 270.676079 -0.120826 0.639643 -0.759117 0.818697 0.496669 0.288192 0.561370 -0.586665 -0.583684
-5.181743 -45.056136 -5620.719636 -417.563376 -0.162229 0.605225 -0.779349 -0.786805 -0.555987 -0.267987 0.595500 -0.569720 -0.566391
-1.768516 -45.282573 -3035.061534 -558.644036 -0.123860 0.644778 -0.754268 -0.751170 -0.557600 -0.353307 0.648384 -0.522823 -0.553402
4.396232 -44.983157 -270.450266 -160.445238 -0.096429 0.686483 -0.720724 -0.789716 -0.493513 -0.364407 0.605846 -0.534028 -0.589715
-8.698721 -64.645680 59.047341 -293.541450 -0.085942 -0.959679 0.267638 0.993961 -0.100987 -0.042936 0.068233 0.262332 0.962562
-8.391725 -66.463953 158.231056 -1083.691551 -0.106649 -0.964468 0.241720 0.984734 -0.136091 -0.108532 0.137571 0.226455 0.964257
3.790757 -45.118445 -229.874062 864.459969 0.227078 0.936476 -0.267298 0.249965 -0.321319 -0.913385 0.941251 -0.140595 0.307050
4.049085 -46.673727 -60.107338 -986.649427 0.219563 0.937370 -0.270426 0.155451 -0.307263 -0.938842 0.963134 -0.164097 0.213179
4.030922 -45.587177 470.378141 -878.608413 0.222220 0.935937 -0.273205 0.203694 -0.318594 -0.925747 0.953482 -0.150069 0.261443
38.045142 -97.358060 1562.874933 3928.398138 -0.103863 0.989199 0.103430 -0.888743 -0.045623 -0.456130 0.446485 0.139298 -0.883882
26.217314 -96.714416 5460.127278 2137.941293 -0.128524 0.954830 0.267919 -0.885273 0.011296 -0.464934 0.446960 0.296936 -0.843834
27.825279 -91.098393 7950.312967 -3373.067788 -0.104438 0.943862 0.313396 0.954230 0.006303 0.299009 0.280247 0.330280 -0.901319
1.823948 -144.341406 1043.634708 1813.840052 0.096393 0.995343 -0.000299 -0.994749 0.096346 0.034526 -0.034394 0.003031 -0.999404
2.381720 -144.597186 411.010834 -3465.443965 0.033211 0.999448 -0.000542 -0.952943 0.031829 0.301474 -0.301324 0.009496 -0.953474
1.325941 -149.541915 -440.407047 2399.200716 0.155488 0.987591 -0.022073 -0.967620 0.147770 -0.204635 0.198834 -0.053176 -0.978589
-1.028457 -68.560804 -1473.366540 -1297.201366 0.006909 0.984138 -0.177269 0.810818 0.098239 0.576995 -0.585258 0.147719 0.797278
-1.719946 -69.295149 -499.069003 778.939149 0.034404 0.981547 -0.188102 0.910201 0.046955 0.411497 -0.412736 0.185368 0.891789
108.292221 -37.266527 38831.306518 2458.948568 0.763197 -0.559932 -0.322501 -0.642672 -0.605931 -0.468850 -0.067111 -0.565088 0.822297
1.681692 -55.164107 -1497.970675 -3712.749293 -0.046100 0.922742 0.382652 0.524425 -0.303671 0.795463 -0.850207 -0.237343 0.469910
2.093332 -71.355603 -3687.633126 -10595.675812 -0.068264 0.902211 0.425859 0.593958 -0.306212 0.743941 -0.801594 -0.303727 0.514972
-5.559891 -84.229719 -6059.977697 -14214.292768 -0.106878 0.895754 0.431512 0.632773 -0.273482 0.724435 -0.766926 -0.350475 0.537579
1.020050 -52.027240 73.767252 2117.277080 0.130330 0.873582 -0.468902 0.925790 0.062045 0.372913 0.354863 -0.482707 -0.800666
-0.627235 -56.220414 -202.289491 2057.012500 0.073315 0.870085 -0.487419 0.960695 0.069598 0.268741 0.267751 -0.487963 -0.830783
-0.824270 -54.403674 241.347174 1782.218514 0.090933 0.873303 -0.478616 0.967660 0.036073 0.249667 0.235300 -0.485840 -0.841780
1.874658 -50.621318 971.409029 1902.646632 0.140381 0.876465 -0.460546 0.947812 0.015525 0.318452 0.286262 -0.481215 -0.828544
-5.399376 -41.647465 1540.726470 -697.096642 0.222057 0.852624 -0.472994 0.733736 -0.465598 -0.494824 0.642124 0.237173 0.728990
-6.615115 -43.315744 406.413112 -409.800007 0.239684 0.850298 -0.468556 0.619465 -0.505556 -0.600564 0.747539 0.146308 0.647903
-3.535646 -38.696089 1305.745472 -401.681511 0.209148 0.851757 -0.480383 0.685647 -0.477995 -0.549008 0.697242 0.214549 0.683976
-5.610800 -134.501083 -190.577383 7925.959585 0.843331 0.008661 0.537325 -0.138422 0.969633 0.201623 -0.519261 -0.244413 0.818920
-4.793202 -147.372603 868.773301 9034.244538 0.851318 0.031677 0.523693 -0.184041 0.952777 0.241547 -0.491311 -0.302015 0.816946
-0.341141 -141.808927 1183.924705 2256.279851 0.934047 -0.188905 0.303104 0.137011 -0.594214 -0.792551 -0.329826 -0.781808 0.529141
-20.082657 -101.940822 -4978.735852 1077.597439 0.975200 -0.018829 0.220521 -0.219494 -0.210114 0.952719 -0.028396 0.977496 0.209036
-16.541831 -93.332818 -7319.749976 5259.531094 0.980067 0.034912 0.195575 -0.161939 -0.429874 0.888248 -0.115083 0.902214 0.415652
-25.995827 -102.923585 430.084312 3074.156547 0.985231 -0.090230 0.145527 -0.167501 -0.331484 0.928473 0.035536 0.939136 0.341702
-24.060776 -106.018994 -1512.775937 -1567.608413 0.978074 -0.077498 0.193301 -0.197061 -0.044157 0.979396 0.067365 0.996014 0.058460
-14.605681 -103.251209 -5665.707127 -1985.244410 0.971644 0.003928 0.236418 -0.236446 0.009701 0.971596 -0.001523 0.999945 -0.010354
2.544952 -908.793962 9290.964356 -277480.438338 -0.676136 0.522211 -0.519747 0.736730 0.487202 -0.468896 0.008359 -0.699950 -0.714143
-21.011761 -1155.059287 -1555.673060 179792.434439 0.814200 -0.379718 0.439194 0.525013 0.804502 -0.277739 0.247870 -0.456718 -0.854382
-18.939813 -33.728353 1235.915049 552.566225 0.223462 0.922062 0.316017 -0.887208 0.326676 -0.325798 0.403641 0.207570 -0.891060
-14.080958 -96.757228 162.802663 -2603.365078 0.015420 0.997446 0.069742 -0.711729 -0.038041 0.701424 -0.702285 0.060453 -0.709324
-14.469581 -91.650962 -778.303253 -2129.981884 0.030024 0.998483 0.046158 -0.851474 0.001361 0.524396 -0.523537 0.055047 -0.850223
-14.987049 -93.916955 836.074405 -2668.952803 0.031448 0.998509 0.044628 -0.859942 0.004273 0.510373 -0.509422 0.054428 -0.858794
-4.325241 -26.274395 1098.403131 885.412166 0.727472 -0.558696 -0.398300 0.508841 0.828711 -0.233065 0.460288 -0.033123 0.887151
0.232259 -27.182978 1195.889423 493.911290 0.699985 -0.597479 -0.391203 0.551940 0.800215 -0.234562 0.453192 -0.051731 0.889911
-2.265788 -25.653561 575.230685 562.707371 0.670003 -0.645179 -0.367205 0.559274 0.763962 -0.321829 0.488169 0.010258 0.872689
-5.257997 -23.439945 739.711042 1224.139292 0.686727 -0.628429 -0.365353 0.540428 0.777515 -0.321570 0.486152 0.023384 0.873561
-31.076283 -108.185506 -1029.988210 -28729.825696 -0.281358 -0.198599 0.938827 0.896142 -0.404255 0.183050 0.343172 0.892825 0.291713
-88.253562 -259.691018 -207.559839 -77404.573452 -0.610919 0.010571 0.791623 0.707228 -0.442113 0.551693 0.355818 0.896897 0.262619
-41.342415 -149.943766 -2922.198303 -45806.672813 -0.208095 -0.174095 0.962490 0.896429 -0.427611 0.116466 0.391295 0.887040 0.245047
-25.559235 -32.166684 1734.566627 -2710.054837 0.667191 0.731910 0.138432 0.730745 -0.679163 0.068911 -0.144455 -0.055182 0.987972
-19.690475 -29.002552 2270.485715 -1840.504090 0.352264 0.934726 0.046884 0.928226 -0.355339 0.110140 -0.119610 -0.004721 0.992810
-21.552704 -28.761768 4447.492896 -170.802501 0.186525 0.982144 0.024513 0.964087 -0.187783 0.187814 -0.189063 0.011399 0.981899
-28.500012 -31.602479 2453.524101 -1702.091136 0.552059 0.814538 0.178212 0.806640 -0.575844 0.133178 -0.211101 -0.070230 0.974938
-22.103698 -30.112279 4361.928762 1033.646231 -0.008505 0.999964 -0.000669 0.966913 0.008395 0.254969 -0.254966 -0.001521 0.966949
-11.757440 -28.787352 4751.597932 1097.912277 0.001237 0.999432 -0.033682 0.971692 0.006756 0.236156 -0.236249 0.033021 0.971131
-5.764499 -39.904339 -9765.217472 -3050.604129 -0.623069 0.782022 0.015084 -0.447503 -0.372227 0.813135 -0.641504 -0.499889 -0.581880
-19.218600 -22.286865 6705.664068 -3059.705094 -0.724597 0.180370 0.665151 -0.216776 0.856506 -0.468409 -0.654192 -0.483596 -0.581522
1.123608 -31.907278 -8480.868693 6898.156951 -0.602586 0.796818 -0.044408 -0.524863 -0.353776 0.774184 -0.601173 -0.489821 -0.631400
-13.691070 -47.944646 -586.998139 1585.737433 -0.426707 0.748824 0.507132 -0.567728 -0.658282 0.494317 -0.703993 0.076985 -0.706022
-13.836484 -44.681837 -1359.498176 -2359.063651 -0.479889 0.647648 0.591826 0.455438 0.760464 -0.462895 -0.749855 0.047402 -0.659902
-14.549118 -30.475934 5308.059259 894.414097 -0.007863 0.999210 -0.038963 0.949789 0.019651 0.312274 -0.312793 0.034551 0.949193
-23.286014 -31.438603 4262.269700 963.234021 -0.141181 0.989264 -0.037748 0.933706 0.145731 0.327039 -0.329029 -0.010926 0.944256
-28.394578 -32.963484 1750.376408 1121.229943 -0.489683 0.861452 -0.134573 0.776694 0.501117 0.381612 -0.396177 -0.082347 0.914474
-28.891524 -32.753162 912.078510 828.126496 -0.168265 0.983730 0.062944 0.940455 0.141075 0.309261 -0.295349 -0.111234 0.948892
33.760700 -30.356792 -9703.229293 525.373556 -0.316459 0.819961 0.476987 0.514622 -0.274006 0.812456 -0.796880 -0.502577 0.335259
21.649171 -31.277897 -12846.253270 1699.054425 -0.384442 0.810352 0.442191 0.432433 -0.265118 0.861809 -0.815602 -0.522534 0.248500
37.058934 -36.276549 -1376.201523 1004.601611 -0.257879 0.913645 0.314247 0.411258 -0.190513 0.891388 -0.874280 -0.359106 0.326614
5.159202 -26.465553 -9277.027498 -160.531779 -0.258208 0.703249 0.662397 0.546549 -0.459043 0.700402 -0.796626 -0.542882 0.265832
44.537380 -34.544425 1819.519856 652.686085 -0.186202 0.924037 0.333894 0.523642 -0.194217 0.829505 -0.831341 -0.329296 0.447701
44.896098 -30.696419 -6720.241084 236.809807 -0.281242 0.833675 0.475277 0.580466 -0.246601 0.776046 -0.764174 -0.494139 0.414565
25.783592 -29.777189 -12310.771400 31.743463 -0.298169 0.708668 0.639441 0.610786 -0.373149 0.698355 -0.733509 -0.598790 0.321583
11.872752 -75.569425 -342.504216 -4715.952392 0.301947 0.946921 -0.110315 -0.865131 0.320783 0.385547 -0.400470 0.020978 -0.916070
13.385571 -76.152493 316.160373 -4615.795847 0.313662 0.947367 -0.064129 -0.864535 0.312862 0.393314 -0.392676 0.067926 -0.917165
11.917762 -83.889619 -707.819687 -8063.684171 0.282172 0.957430 -0.060883 -0.795037 0.268886 0.543706 -0.536931 0.105014 -0.837065
11.567028 -78.620923 -1050.714434 -7532.433248 0.273335 0.953844 -0.124377 -0.813639 0.298231 0.499049 -0.513108 0.035210 -0.857601
12.653855 -71.837246 -604.045317 -4549.718902 0.293010 0.944259 -0.150070 -0.870789 0.328368 0.365926 -0.394807 -0.023459 -0.918464
13.054745 -73.432081 -246.211162 3972.635581 0.302426 0.944438 -0.128746 -0.897468 0.327641 0.295301 -0.321076 -0.026238 -0.946690
1.023689 -109.524693 -186.589737 11790.090626 0.393241 0.913497 -0.104332 0.721556 -0.236287 0.650788 -0.569841 0.331198 0.752057
1.355569 -106.453575 -829.150105 9565.768208 0.403028 0.910788 -0.089635 0.758547 -0.277645 0.589508 -0.512030 0.305580 0.802774
0.575881 -87.011944 -651.931512 10204.889831 0.424521 0.902346 -0.074525 0.817087 -0.346345 0.460884 -0.390065 0.256549 0.884326
-2.891786 -42.961897 -566.539038 -1139.221587 0.171691 0.962739 0.208939 0.921632 -0.082044 -0.379294 0.348019 -0.257686 0.901377
-10.932324 -43.808132 -864.371316 2062.953943 0.311716 0.923938 -0.221745 -0.110598 0.267067 0.957310 -0.943717 0.273884 -0.185435
-11.279764 -45.176985 -421.194108 1262.579537 0.331668 0.911858 -0.241890 -0.224863 0.325426 0.918441 -0.916206 0.250225 -0.312977
5.360389 -150.426997 -2737.935282 -2047.751547 0.209387 -0.851574 0.480602 0.942991 0.045822 -0.329648 0.258697 0.522228 0.812621
2.700369 -143.250320 405.333685 -1521.429376 0.223690 -0.857513 0.463287 0.974649 0.199098 -0.102076 -0.004708 0.474375 0.880310
-1.427357 -139.561095 -326.629848 -4200.453275 0.214699 -0.858598 0.465525 0.955611 0.283140 0.081488 -0.201774 0.427365 0.881275
17.260943 -246.176956 5698.050988 -56784.649539 -0.132694 0.759479 -0.636855 0.959764 -0.061975 -0.273882 -0.247477 -0.647573 -0.720697
14.342766 -44.886949 -9124.804980 1979.982249 -0.539123 -0.818393 0.198944 0.813153 -0.444255 0.376057 -0.219381 0.364513 0.904987
5.168482 -46.843503 -6881.334656 1088.605969 -0.482938 -0.847395 0.220665 0.807991 -0.334106 0.485308 -0.337522 0.412669 0.846040
