18189
36365
-35.283077 -54.570592 -246.745063 7078.092093 0.398679 0.901632 -0.167675 0.778615 -0.429382 -0.457592 0.484576 -0.051878 0.873209
-40.122351 -67.616181 -1361.242412 6502.670521 0.284757 0.952559 -0.107450 0.873735 -0.304023 -0.379682 0.394336 -0.014234 0.918856
-40.490638 -66.756290 331.804450 9772.040899 0.084317 0.994496 0.062193 0.889467 -0.046984 -0.454578 0.449154 -0.093647 0.888533
-36.686551 -56.272742 -87.423665 6155.671539 0.465759 0.832248 -0.300719 0.743681 -0.552305 -0.376693 0.479590 0.048191 0.876168
-30.585281 -46.793412 -1492.855841 6642.743784 0.451902 0.877120 -0.162618 0.713705 -0.464852 -0.523964 0.535173 -0.120719 0.836072
-29.458378 -46.768826 1611.690337 -2539.210250 0.641062 0.654695 -0.400517 -0.542983 0.755696 0.366188 0.542410 -0.017276 0.839936
79.110653 -39.838685 8063.965665 8881.815390 0.233784 0.821818 0.519576 0.344165 0.429839 -0.834739 0.909338 -0.373969 0.182352
68.091663 -56.384704 -8457.649598 4030.231493 0.297400 0.912834 0.279800 0.107736 0.259103 -0.959822 0.948655 -0.315596 0.021288
65.762717 -27.618142 -2951.332528 4231.410699 0.353568 0.828370 0.434504 0.228495 0.373951 -0.898861 0.907072 -0.417091 0.057061
-63.080580 -103.057690 403.174348 1878.449482 0.822832 0.072013 0.563703 0.484201 -0.608097 -0.629100 -0.297483 -0.790590 0.535231
-64.393728 -103.765899 1040.313979 996.304899 0.786131 0.018794 0.617774 0.490654 -0.626794 -0.605299 -0.375842 -0.778958 0.501964
-64.671844 -97.653612 -168.389049 6055.764618 0.827482 0.056701 0.558622 0.520465 -0.450767 -0.725207 -0.210688 -0.890839 0.402513
-65.666094 -103.315222 -892.539304 1754.639143 0.861626 0.103090 0.496964 0.449357 -0.610168 -0.652513 -0.235964 -0.785536 0.572061
-60.697972 -80.196326 -144.767849 10523.247116 -0.638335 -0.028152 -0.769244 0.734126 -0.322795 -0.597380 -0.231491 -0.946050 0.226718
-59.056665 -71.638934 -35.856800 12649.673211 0.737811 0.058926 0.672431 0.660691 -0.267127 -0.701521 -0.138287 -0.961858 0.236020
-60.332747 -73.009147 -178.731867 13098.223099 0.887957 0.077321 0.453381 0.455305 -0.287181 -0.842748 -0.065041 -0.954750 0.290209
-63.053783 -95.429798 654.937533 6405.774680 0.923333 0.130185 0.361259 0.379392 -0.454576 -0.805867 -0.059308 -0.881143 0.469116
30.612733 -48.882716 -14893.512762 -483.598119 -0.572471 0.815436 0.085679 0.625178 0.501719 -0.597855 0.530499 0.288690 0.797012
41.922230 -47.921207 -16372.663607 -406.470046 -0.580954 0.809495 0.084920 0.682259 0.541205 -0.491548 0.443864 0.227629 0.866700
48.032184 -49.387070 -6339.783399 -516.232762 -0.598692 0.800975 -0.002638 0.651778 0.485255 -0.582850 0.465568 0.350667 0.812576
39.399594 -50.592121 -7886.762833 -740.192331 -0.584487 0.811236 0.016491 0.587363 0.437036 -0.681179 0.559804 0.388453 0.731932
20.790932 -50.294808 -14234.605569 -1135.654167 -0.556487 0.826493 0.085043 0.563973 0.450915 -0.691817 0.610129 0.337025 0.717047
25.858000 -40.794058 10863.267506 -1384.323387 -0.280109 0.528627 -0.801306 0.881729 0.471746 0.002992 0.379595 -0.705697 -0.598247
-8.027318 -44.666807 -752.704252 -637.441380 0.214000 0.604410 -0.767393 0.857709 0.259696 0.443727 0.467482 -0.753158 -0.462833
34.375310 -29.207684 11132.559325 -3288.177728 -0.211437 0.573868 -0.791183 0.936711 0.350085 0.003599 0.279047 -0.740348 -0.611569
236.185187 -38.232791 53511.445263 -1841.491718 -0.520998 0.483065 -0.703711 0.821196 0.508540 -0.258890 0.232804 -0.712766 -0.661639
171.272388 -36.831732 40569.677395 154.085308 -0.567283 0.402044 -0.718714 0.751754 0.609141 -0.252612 0.336238 -0.683599 -0.647794
37.460398 -33.470951 10565.691552 -685.033016 -0.578036 0.775760 -0.253123 0.774109 0.619428 0.130626 -0.258126 0.120438 0.958575
43.999739 -30.884251 4998.695312 -1115.731079 -0.559183 0.812418 -0.165201 0.784036 0.582984 0.213113 -0.269446 0.010355 0.962960
30.194853 -30.052669 7210.057776 -1270.942456 -0.588911 0.773777 -0.233351 0.743423 0.631899 0.219149 -0.317027 0.044419 0.947376
35.927143 -79.969742 -2824.412872 24.131070 0.574100 0.777733 -0.256010 -0.114542 -0.233311 -0.965633 0.810734 -0.583694 0.044861
40.075822 -73.592636 -3759.455774 6086.544563 0.581220 0.757379 -0.297592 -0.272604 -0.163354 -0.948157 0.766727 -0.632213 -0.111520
27.415468 -75.481354 -4342.126389 712.318788 0.641664 0.701695 -0.309665 -0.144437 -0.285969 -0.947291 0.753263 -0.652569 0.082145
24.267358 -78.949224 -3292.961153 -532.862451 0.629684 0.730098 -0.265433 0.009418 -0.348827 -0.937140 0.776794 -0.587602 0.226527
17.126004 -71.243168 -4296.726845 1057.981128 0.679329 0.645750 -0.348596 -0.167248 -0.326290 -0.930356 0.714521 -0.690320 0.113659
16.130833 -75.901530 -3629.629447 -117.060555 0.674043 0.674217 -0.301823 -0.017102 -0.394238 -0.918849 0.738494 -0.624506 0.254203
-2.497014 -124.173365 -162.462502 -1896.124812 0.364005 0.904165 0.223576 -0.185368 0.305568 -0.933952 0.912765 -0.298520 -0.278831
-3.278353 -119.320691 -208.830423 1514.233675 0.354925 0.912389 0.203896 -0.211037 0.290656 -0.933264 0.910764 -0.288209 -0.295709
-2.792329 -116.404926 -347.638183 -4260.274461 0.375001 0.897422 0.232399 0.000067 0.250667 -0.968073 0.927025 -0.363044 -0.093941
12.074946 -3.123047 -2729.651252 -1118.887370 0.745869 -0.158885 0.646866 -0.411700 0.653455 0.635216 0.523624 0.740102 -0.421979
13.739592 -2.149795 -3009.372373 2668.840040 0.731753 -0.135618 0.667941 -0.443759 0.649028 0.617932 0.517315 0.748579 -0.414747
17.159305 -1.710642 -2310.789132 710.882961 0.640146 -0.070570 0.765005 -0.538615 0.668832 0.512404 0.547820 0.740056 -0.390141
14.802979 -3.356588 -2221.081118 -2127.966764 0.651797 -0.080317 0.754128 -0.521027 0.675134 0.522231 0.551082 0.733310 -0.398203
10.436032 -4.232218 -2511.944855 -4157.788830 0.756817 -0.176032 0.629476 -0.386507 0.656111 0.648176 0.527106 0.733847 -0.428518
-1.422697 -38.270573 -1456.211674 -8789.043147 0.672423 -0.127611 0.729083 -0.554082 0.566319 0.610144 0.490755 0.814247 -0.310099
1.473432 -32.283935 -227.958658 -7761.155783 0.618886 -0.095036 0.779710 -0.600901 0.582002 0.547897 0.505863 0.807615 -0.303086
-2.360775 -45.772790 -1391.325374 -6744.281235 0.679742 -0.136200 0.720694 -0.569985 0.520304 0.635925 0.461593 0.843050 -0.276041
-3.744978 -126.521202 -951.924006 -13696.038745 0.049030 0.953969 -0.295870 0.995770 -0.069734 -0.059827 -0.077705 -0.291685 -0.953353
-3.928416 -112.900624 -1128.324894 -10186.617040 0.065960 0.952479 -0.297378 0.970421 -0.130597 -0.203047 -0.232234 -0.275188 -0.932919
-8.188754 -128.852285 -2007.067226 -13011.737741 0.053869 0.954472 -0.293395 0.991839 -0.085148 -0.094899 -0.115560 -0.285888 -0.951270
-7.429255 -138.962552 -1495.707205 -10421.360021 0.035448 0.957002 -0.287906 0.997249 -0.015109 0.072563 0.065092 -0.289686 -0.954906
-11.661034 -142.432516 -2230.318431 -7448.243567 0.052096 0.960854 -0.272114 0.998061 -0.040804 0.046994 0.034051 -0.274035 -0.961117
-12.583002 -129.735719 -2687.352978 -12830.307892 0.062891 0.958008 -0.279760 0.985554 -0.103783 -0.133838 -0.157252 -0.267301 -0.950695
-2.742382 -92.488118 2642.357315 190.725382 0.066694 0.911581 0.405675 -0.897137 -0.123158 0.424237 -0.436688 0.392240 -0.809599
-8.193472 -90.759584 1489.741911 -1207.498272 0.070046 0.919353 0.387148 0.955955 0.049031 -0.289390 -0.285034 0.390366 -0.875426
-9.982435 -91.598215 855.666226 -830.823991 0.117842 0.930692 0.346302 -0.888000 -0.057332 0.456255 -0.444487 0.361282 -0.819699
-7.077228 -95.251959 1390.260165 -1925.618348 0.117233 0.927586 0.354739 -0.798478 -0.124353 0.589041 -0.590499 0.352307 -0.726079
-10.397207 -97.107792 707.553933 -2150.849305 0.145456 0.943413 0.298019 -0.791510 -0.069764 0.607161 -0.593595 0.324200 -0.736573
-11.835059 -91.935188 116.707330 -2872.911483 0.153389 0.948116 0.278475 -0.889331 0.009603 0.457164 -0.430770 0.317781 -0.844661
11.105416 -86.828180 -1669.119053 35119.327414 -0.038092 0.923185 -0.382465 0.126997 -0.375167 -0.918217 0.991171 0.083549 0.102951
14.631324 -86.146990 -3690.815246 44013.121927 -0.017202 0.912312 -0.409133 0.121637 -0.404245 -0.906527 0.992426 0.065360 0.104017
9.875446 -148.944362 -432.114501 49809.137196 -0.051934 0.909707 -0.411989 0.297836 -0.379663 -0.875871 0.953203 0.168193 0.251226
13.109282 -217.101800 3182.142644 48862.143497 -0.106842 0.909019 -0.402827 0.548188 -0.284149 -0.786606 0.829502 0.304868 0.467955
8.205328 -221.169105 26.258044 66016.369174 -0.067588 0.908118 -0.413223 0.454145 -0.340774 -0.823180 0.888361 0.243300 0.389385
4.106396 -153.180813 -798.066480 49757.616512 -0.054972 0.916807 -0.395529 0.245235 -0.371597 -0.895419 0.967904 0.146221 0.204406
-11.217216 -130.281690 1120.196519 1460.550826 -0.163256 0.977002 -0.137166 0.681313 0.212202 0.700559 -0.713555 -0.020917 0.700287
-14.699274 -124.587596 1669.756448 1341.270605 -0.203498 0.969929 -0.133513 0.688526 0.238721 0.684794 -0.696075 -0.047428 0.716401
-9.470647 -128.982016 1051.947633 1291.407262 -0.179109 0.972870 -0.146434 0.821565 0.229787 0.521756 -0.541250 0.026854 0.840433
-15.195107 -124.911941 1607.845204 -1778.649996 -0.180721 0.978173 -0.102556 0.529735 0.184662 0.827817 -0.828686 -0.095277 0.551544
-6.813621 -130.356879 504.567702 2103.411428 -0.140918 0.980392 -0.137743 0.834326 0.192499 0.516570 -0.532957 0.042128 0.845093
-7.282713 -130.006009 897.146616 2397.269887 -0.131136 0.981496 -0.139533 0.706619 0.191260 0.681255 -0.695336 0.009260 0.718625
-8.888698 -131.372186 1057.909400 34.653593 -0.135873 0.979909 -0.146003 0.532333 0.196498 0.823414 -0.835560 -0.034157 0.548336
-11.632842 -129.173029 915.551024 -1727.269657 -0.162418 0.978341 -0.128329 0.491653 0.193002 0.849133 -0.855510 -0.074821 0.512352
-50.749560 -101.238606 -1339.689196 -2785.736338 -0.191261 0.822616 -0.535464 0.831084 0.425973 0.357556 -0.522225 0.376629 0.765135
-45.429737 -106.932433 -1762.310174 1299.193522 0.124750 -0.824978 0.551225 0.946280 0.265965 0.183894 -0.298315 0.498673 0.813839
-46.408868 -98.358842 5070.883450 -2844.757119 -0.118108 0.787725 -0.604599 0.841485 0.402658 0.360236 -0.527213 0.466214 0.710415
-48.882604 -86.967307 2785.074143 -7085.026191 -0.242159 0.719801 -0.650573 0.649973 0.618181 0.442027 -0.720343 0.315814 0.617549
-35.608736 -82.988139 12588.658095 -6721.178386 -0.195184 0.664430 -0.721413 0.659435 0.633381 0.404936 -0.725981 0.396688 0.561774
-32.682424 -94.412246 8970.139094 -4070.959767 -0.094433 0.745215 -0.660104 0.837142 0.418288 0.352461 -0.538773 0.519317 0.663350
-22.038344 -65.945987 4974.096518 13382.855486 0.089671 0.993264 -0.073392 0.663015 -0.114520 -0.739794 0.743216 -0.017679 0.668818
-24.711099 -88.921670 9714.211604 22386.948100 0.052532 0.997809 -0.040222 0.708556 -0.065625 -0.702596 0.703697 -0.008409 0.710451
-28.467249 -65.219979 5155.391424 13074.962019 0.153296 0.984175 -0.088877 0.635827 -0.167085 -0.753529 0.756455 -0.059003 0.651379
-28.457197 -50.025760 -352.406332 8123.880738 0.203948 0.963171 -0.175236 0.578622 -0.262982 -0.772034 0.789684 -0.056059 0.610947
81.137390 -368.827383 -98919.262809 46753.139377 0.596772 0.638950 -0.485393 0.793621 -0.559290 0.239501 -0.118446 -0.528145 -0.840852
603.372499 -546.566557 85731.106889 440808.609054 0.932803 -0.104808 -0.344811 -0.096177 0.849680 -0.518453 -0.347317 -0.516777 -0.782504
1010.055379 -569.719158 -1010858.772674 176917.286216 0.695373 0.100816 -0.711542 -0.605837 0.614797 -0.504961 -0.386546 -0.782215 -0.488592
830.105086 -4315.279313 653124.348538 3798744.866621 0.682264 0.578627 -0.446886 -0.642482 0.182814 -0.744175 0.348903 -0.794839 -0.496485
-19.327217 -488.489601 -145.019327 -21791.471211 -0.309887 0.948230 0.069493 -0.856853 -0.246853 -0.452621 0.412034 0.199807 -0.888991
-22.972533 -583.085838 1400.740990 7554.852560 -0.303010 0.949892 0.076743 -0.871568 -0.243652 -0.425443 0.385427 0.195801 -0.901725
-27.594661 -525.156594 -7371.878656 185529.449837 -0.313690 0.948702 0.039531 -0.945572 -0.315908 0.078070 -0.086554 0.012890 -0.996164
-4.902709 -7.545680 4311.406748 -2982.067527 -0.051559 0.990904 -0.124305 0.515448 0.133015 0.846535 -0.855369 0.020426 0.517617
-2.907597 -17.239433 3301.096925 -2003.803740 0.032483 0.998748 0.038055 0.542386 -0.049596 0.838664 -0.839501 0.006602 0.543317
5.948534 -8.547057 5884.491477 -5679.633433 0.011103 0.998858 -0.046462 0.498725 0.034741 0.866064 -0.866689 0.032788 0.497770
5.250533 2.625181 9638.604297 -6176.553143 -0.064965 0.966802 -0.247129 0.479068 0.247463 0.842173 -0.875370 0.063680 0.479241
3.186396 -9.341905 -6206.003428 8265.977785 0.487718 -0.211727 0.846937 0.133962 0.976805 0.167050 -0.862662 0.031985 0.504769
-12.784860 -67.263347 -817.505858 6939.393508 -0.022369 0.793657 -0.607953 0.767480 -0.376068 -0.519180 0.640683 0.478206 0.600703
-7.642669 -56.544916 584.440246 4498.459945 -0.072385 0.817004 -0.572070 0.698156 -0.368113 -0.614061 0.712277 0.443843 0.543751
-9.973081 -56.724398 -1967.660467 4847.460035 -0.024433 0.791392 -0.610821 0.697564 -0.424178 -0.577476 0.716106 0.440196 0.541682
-14.631266 -67.538813 -2517.306205 7331.070086 0.004387 0.766588 -0.642124 0.769205 -0.412903 -0.487682 0.638987 0.491786 0.591475
-16.476080 -77.246289 -779.074508 7439.212751 0.000546 0.774773 -0.632239 0.842452 -0.340989 -0.417135 0.538771 0.532404 0.652895
61.239145 19.120757 623.798349 4326.410137 -0.370357 -0.064541 -0.926644 -0.544106 0.823600 0.160102 0.752851 0.563488 -0.340143
64.714695 16.453352 25139.223257 2581.058823 -0.559633 -0.214185 -0.800585 -0.544636 0.823173 0.160489 0.624645 0.525843 -0.577328
57.147957 16.507311 -944.837514 1305.106456 -0.345299 -0.071032 -0.935801 -0.560902 0.815068 0.145098 0.752434 0.574995 -0.321284
59.309602 17.153142 -27245.689707 2609.600273 -0.131105 0.091981 -0.987092 -0.530922 0.834350 0.148265 0.837217 0.543507 -0.060553
50.860979 15.582375 -1699.336127 -1361.949123 -0.332096 -0.070756 -0.940588 -0.576789 0.804253 0.143148 0.746342 0.590060 -0.307901
51.861866 16.154187 -24683.010367 890.560929 -0.161982 0.135242 -0.977482 -0.537926 0.818342 0.202365 0.827283 0.558592 -0.059807
-16.787691 -27.863751 -629.844271 -359.743722 -0.205340 0.978526 -0.017950 0.383095 0.063486 -0.921525 0.900597 0.196102 0.387904
-16.984727 -28.681831 156.707513 -244.881604 -0.340169 0.918944 0.199568 0.300031 0.307193 -0.903113 0.891216 0.247334 0.380209
-14.466927 -27.739995 -139.940360 -380.362625 -0.317541 0.939501 0.128472 0.392198 0.253477 -0.884268 0.863336 0.230405 0.448960
-13.606673 -27.058371 -816.310716 -232.347870 -0.163601 0.983017 -0.083145 0.462070 0.001891 -0.886841 0.871623 0.183507 0.454532
-17.017901 -30.833956 1365.969514 -1000.943663 0.087922 0.882301 -0.462400 0.423572 -0.453255 -0.784313 0.901586 0.126901 0.413569
-17.727195 -31.630186 -324.551813 -1266.252314 0.075486 0.881122 -0.466826 0.374077 -0.458993 -0.805849 0.924320 0.113798 0.364255
-15.135105 -28.230259 -67.604798 -448.890935 -0.036047 0.963645 -0.264742 0.464310 -0.218436 -0.858313 0.884939 0.153862 0.439556
16.750496 -164.493152 -2.517195 -6778.469696 0.345944 0.932593 -0.102925 0.312361 -0.011035 0.949899 -0.884734 0.360761 0.295123
17.501909 -168.699145 -852.894938 -13789.805885 0.361076 0.896821 -0.255610 0.365639 0.116001 0.923500 -0.857865 0.426915 0.286027
32.106563 -188.420568 -2016.535046 -14616.551540 0.338262 0.932150 -0.129134 0.531373 -0.075942 0.843727 -0.776674 0.354019 0.521007
7.709000 -236.283195 1832.525226 -27620.192705 -0.213728 -0.364638 0.906289 0.475931 0.771314 0.422569 -0.853118 0.521646 0.008691
2.012213 -223.604667 4545.467822 -16323.349356 -0.179621 -0.250141 0.951402 0.191457 0.939749 0.283223 -0.964925 0.233025 -0.120907
11.332234 -288.465424 -124.717089 -27825.274577 -0.255856 -0.298115 0.919601 0.522373 0.757791 0.390997 -0.813427 0.580414 -0.038158
-8.625626 -156.841045 3371.089316 -6318.948727 -0.224203 -0.323889 0.919146 0.273231 0.884437 0.378307 -0.935456 0.335956 -0.109797
9.634046 -195.880695 -2808.017948 -31415.452390 -0.282725 -0.481506 0.829590 0.436312 0.705665 0.558273 -0.854224 0.519798 0.010578
80.803688 -123.562360 1032.438395 21310.759178 0.247348 0.770284 -0.587776 0.656339 -0.579451 -0.483173 0.712768 0.266268 0.648894
67.408079 -85.169797 7138.100610 6654.108936 0.087854 0.706712 -0.702026 0.553267 -0.620670 -0.555575 0.828358 0.339598 0.445529
61.792692 -88.627219 -2403.063244 6637.835701 0.266503 0.824814 -0.498656 0.560294 -0.553547 -0.616163 0.784249 0.115185 0.609660
74.661960 -99.662786 -8591.366059 12322.922371 0.369165 0.868156 -0.331697 0.636491 -0.496245 -0.590441 0.677197 -0.006848 0.735770
41.928802 -87.755430 -5598.055555 -6733.906773 0.294405 0.891419 -0.344525 0.501325 -0.450971 -0.738443 0.813633 -0.044682 0.579659
48.392154 -94.433328 -6607.850943 -1947.566341 0.348534 0.907968 -0.232632 0.576024 -0.403286 -0.711026 0.739406 -0.113815 0.663570
23.127418 -17.446625 -3415.400493 9977.512227 0.525367 -0.214423 0.823415 0.138384 0.976374 0.165961 -0.839547 0.026757 0.542628
24.265722 -2.733317 -4947.669964 18524.213938 0.509001 -0.190198 0.839490 0.193004 0.975668 0.104028 -0.838849 0.109074 0.533325
29.757351 -0.791336 797.273401 16435.628353 0.578544 -0.251510 0.775906 0.220530 0.964076 0.148071 -0.785273 0.085445 0.613226
-38.318980 -60.233108 804.987079 -777.871972 -0.141604 -0.191044 0.971314 0.418918 0.877447 0.233654 -0.896915 0.439987 -0.044218
-32.103260 -53.888974 2873.288133 -3290.283937 -0.170383 -0.334166 0.926986 0.268735 0.889322 0.369983 -0.948025 0.312152 -0.061723
-34.011076 -57.370260 4080.228271 -178.322142 -0.150172 -0.437287 0.886695 0.365761 0.808659 0.460748 -0.918513 0.393510 0.038505
-39.787054 -59.868810 1417.302112 576.674674 -0.123743 -0.253051 0.959507 0.516125 0.809441 0.280036 -0.847528 0.529878 0.030443
-45.398529 -52.454412 -3827.954443 -705.823393 -0.093121 0.811830 0.576421 -0.644158 -0.490572 0.586856 -0.759203 0.316657 -0.568629
-43.792008 -52.731188 -4493.941611 -888.972855 -0.002427 0.909920 0.414776 -0.680325 -0.305497 0.666206 -0.732907 0.280566 -0.619782
-37.677774 -53.371173 -7680.815690 -1085.396237 0.049900 0.935308 0.350299 -0.613599 -0.248029 0.749652 -0.788040 0.252350 -0.561527
-97.493237 -2579.926103 76034.589855 1536900.960560 0.172577 0.965113 0.196910 0.981289 -0.185785 0.050557 0.085376 0.184501 -0.979117
-83.058551 -500.137821 -15744.839115 -245819.787623 0.039787 0.982492 -0.182005 -0.938380 0.099322 0.331025 -0.343306 -0.157620 -0.925903
-102.427926 -192.139060 -17943.858335 -101010.625059 0.003095 0.998983 -0.044991 -0.753238 0.031922 0.656973 -0.657741 -0.031856 -0.752571
-266.493954 -365.130455 126754.934772 131811.260173 -0.059661 0.906951 0.416989 -0.278729 -0.416253 0.865473 -0.958515 0.064592 -0.277628
-405.363165 -1058.446341 -56163.466712 465826.357833 -0.068774 0.997584 0.009804 -0.025165 -0.011559 0.999616 -0.997315 -0.068501 -0.025899
-4.806328 -38.017276 -496.621039 1018.753298 -0.359106 0.901675 0.240882 0.930995 0.364198 0.024651 -0.065502 0.233112 -0.970241
-4.689645 -40.026815 -315.968251 -702.057994 -0.352129 0.904122 0.242007 -0.916870 -0.385164 0.104869 -0.188027 0.184962 -0.964591
-7.228178 -39.515266 -823.002325 620.082120 -0.365215 0.893941 0.259786 0.923305 0.383464 -0.021514 -0.118851 0.232004 -0.965427
-8.248228 -36.371387 -1298.238958 793.040367 -0.392498 0.886706 0.244329 0.919657 0.374531 0.118140 0.013247 0.271069 -0.962469
-9.206669 -42.231936 -1032.215204 -809.632345 -0.331730 0.902832 0.273587 -0.912221 -0.380903 0.150884 -0.240433 0.199519 -0.949939
-11.386461 -40.571600 -1250.050361 290.737701 -0.378553 0.881600 0.281921 0.914873 0.402588 -0.030482 -0.140371 0.246384 -0.958953
-11.737397 -38.068622 -1252.963612 421.187731 -0.435349 0.859723 0.267110 0.900076 0.421689 0.109738 -0.018293 0.288193 -0.957397
-1.866703 -52.126627 647.069912 169.700171 0.593667 -0.785814 -0.173366 0.773286 0.497470 0.393133 -0.222685 -0.367451 0.902990
-4.930541 -53.497362 879.502952 181.745241 0.585773 -0.792442 -0.170016 0.767803 0.475415 0.429486 -0.259515 -0.382120 0.886925
-2.039248 -52.373014 849.524174 -58.633792 0.581480 -0.792381 -0.184428 0.736661 0.416603 0.532703 -0.345270 -0.445617 0.825962
-5.252954 -52.088645 913.878993 450.235408 0.609486 -0.776210 -0.161321 0.781163 0.553246 0.289316 -0.135320 -0.302352 0.943542
0.320946 -52.456018 496.186225 -207.843576 0.584635 -0.791161 -0.179626 0.743729 0.434183 0.508283 -0.324143 -0.430754 0.842248
-0.003846 -51.901453 448.229223 452.060741 0.587899 -0.789088 -0.178087 0.786377 0.505858 0.354569 -0.189700 -0.348495 0.917914
-2.489919 -51.053611 635.106776 635.017611 0.602673 -0.779144 -0.172396 0.792064 0.557795 0.247990 -0.097059 -0.286006 0.953300
10.770323 -103.350249 -85.854817 -7533.185158 -0.662640 0.748852 0.011372 -0.731098 -0.643487 -0.226760 0.162491 0.158574 -0.973884
10.749704 -97.716387 -865.723390 -10649.905423 -0.638698 0.769098 -0.023546 -0.734080 -0.618219 -0.280949 0.230634 0.162156 -0.959434
12.324868 -92.052331 391.776603 -11267.324687 -0.642800 0.765238 0.034911 -0.694200 -0.562649 -0.448901 0.323874 0.312789 -0.892899
9.495593 -100.963313 -1160.698478 -155.049709 -0.663225 0.747733 -0.032057 -0.747939 -0.663726 -0.007437 0.026838 -0.019044 -0.999458
10.752132 -99.727959 1539.421942 8357.261728 -0.673133 0.736189 0.070128 0.694721 0.596999 0.401192 0.253487 0.318775 -0.913306
10.464397 -101.187661 -341.814556 3658.878344 -0.670279 0.742109 -0.000427 -0.741254 -0.669479 0.048372 -0.035611 -0.032739 -0.998829
10.062848 -105.087604 947.448315 1579.336966 -0.673036 0.738064 0.047789 0.734514 0.659431 0.160123 0.086667 0.142870 -0.985940
-2.168275 -110.050434 121.109318 10362.054745 -0.553460 0.829123 0.078979 -0.010821 -0.101977 0.994728 -0.832806 -0.549687 -0.065412
-2.688043 -110.802895 -178.097073 10526.249435 -0.564140 0.824231 0.048887 -0.032528 -0.081348 0.996155 -0.825038 -0.560380 -0.072702
-0.151365 -91.115919 174.440242 9137.611077 -0.558204 0.826422 0.073722 0.177217 0.031953 0.983653 -0.810557 -0.562144 0.164293
2.349810 -91.347957 886.515048 8203.447910 -0.546973 0.831243 0.099277 0.192833 0.009703 0.981184 -0.814639 -0.555825 0.165598
0.694122 -109.660172 971.776603 10135.213632 -0.543887 0.831748 0.111278 0.009888 -0.126246 0.991950 -0.839100 -0.540608 -0.060440
-3.248369 -68.879413 622.458292 -2642.339570 0.684160 -0.727628 -0.049822 -0.462132 -0.379649 -0.801436 -0.564233 -0.571335 0.596001
-1.249182 -69.200580 1056.284518 -2942.925375 0.694755 -0.716357 -0.064399 -0.491590 -0.407585 -0.769554 -0.525028 -0.566310 0.635326
-2.085049 -63.046128 86.522721 -2813.447459 0.662275 -0.746316 -0.066369 -0.577930 -0.452453 -0.679179 -0.476853 -0.488159 0.730966
-3.454740 -67.551426 136.571610 2816.197283 -0.662169 0.747482 0.052943 0.482815 0.371542 0.792999 -0.573082 -0.550660 0.606919
3.802722 -48.830186 2514.884979 1663.775929 -0.514821 0.857253 0.008765 0.376532 0.235287 -0.896027 0.770184 0.457993 0.443914
-5.345987 -55.616308 -492.060889 1381.373202 -0.518368 0.844069 0.137267 0.442845 0.402274 -0.801289 0.731562 0.354575 0.582317
-4.676175 -51.880141 -123.621122 1378.801034 -0.502803 0.860515 0.081867 0.327168 0.277115 -0.903421 0.800094 0.427459 0.420867
0.860022 -57.030002 -11.920856 786.482568 -0.602030 0.787280 0.133227 0.592733 0.328846 0.735206 -0.535002 -0.521584 0.664623
-0.415324 -61.263646 175.433227 1556.164659 -0.617451 0.780577 0.097231 0.476123 0.272474 0.836101 -0.626148 -0.562545 0.539890
1.234603 -58.928973 406.265491 1092.565974 -0.608994 0.785390 0.110855 0.601580 0.366268 0.709894 -0.516941 -0.499009 0.695530
-1.848370 -59.274806 -499.629678 1764.875787 -0.615641 0.778819 0.120112 0.468924 0.239566 0.850129 -0.633322 -0.579697 0.512693
-0.935049 -55.682902 794.880749 -773.524598 0.601979 -0.782213 -0.160511 -0.584137 -0.294327 -0.756409 -0.544431 -0.549103 0.634099
7.956215 -25.652326 -1535.828916 724.290401 -0.428145 0.730778 0.531653 0.042901 -0.571201 0.819688 -0.902691 -0.373754 -0.213205
7.782278 -28.002679 -650.365415 2014.372494 -0.387905 0.801418 0.455257 0.057569 -0.471901 0.879770 -0.919900 -0.367475 -0.136916
14.069042 -24.189667 -3777.120203 2362.706425 -0.469647 0.650852 0.596509 0.189832 -0.585409 0.788200 -0.862204 -0.483413 -0.151383
1.437310 -162.069593 -393.990604 1484.939777 0.655632 0.753691 0.045779 -0.458158 0.348892 0.817536 -0.600198 0.556977 -0.574055
-0.910542 -156.824030 -372.044531 728.189433 0.653052 0.755847 0.047105 -0.547990 0.428700 0.718278 -0.522714 0.494886 -0.694159
-0.509167 -159.677675 -78.723469 -942.730026 0.670775 0.740723 0.037276 -0.594714 0.507163 0.623779 -0.443143 0.440585 -0.780711
2.416216 -163.458907 -536.425249 -881.333773 0.674720 0.737376 0.032082 -0.569957 0.492924 0.657400 -0.468937 0.461846 -0.752859
-1.298354 -155.759109 63.923866 -6272.077996 0.681470 0.731018 0.034804 -0.666122 0.599872 0.443210 -0.303117 0.325218 -0.895742
1.808313 -158.831257 -1223.053110 -4344.714366 0.676015 0.736767 0.013378 -0.648963 0.586655 0.484441 -0.349071 0.336171 -0.874722
-5.612213 -149.923374 -1173.015079 13189.170516 0.766766 0.641080 0.032950 -0.576546 0.710332 -0.403762 0.282249 -0.290594 -0.914271
-7.483154 -144.369764 321.399926 10422.537896 -0.762350 -0.645143 -0.051109 -0.560304 0.697488 -0.446732 0.323854 -0.311930 -0.893207
-6.154215 -170.236511 -1375.375959 17373.050593 0.786493 0.615008 0.056521 -0.481844 0.668284 -0.566765 0.386337 -0.418523 -0.821938
-7.547821 -131.636088 1200.698433 5391.122917 -0.740705 -0.671211 -0.028843 -0.637962 0.716175 -0.283014 0.210619 -0.191229 -0.958682
-3.253131 -177.697225 -999.362158 22716.811575 0.788343 0.613492 0.046290 -0.497642 0.680094 -0.538353 0.361757 -0.401371 -0.841447
-3.044489 -156.619759 -1025.363298 18319.967855 0.769393 0.638303 0.024582 -0.587787 0.722520 -0.363966 0.250082 -0.265584 -0.931088
-4.934353 -137.337825 1395.271867 8036.531805 -0.744787 -0.667135 -0.014932 -0.645781 0.726223 -0.235726 0.168105 -0.165923 -0.971705
-1.888108 -142.248750 756.469292 -6837.176571 -0.473074 -0.858723 -0.196965 0.880984 -0.463177 -0.096616 -0.008264 -0.219230 0.975638
2.379620 -134.118746 -980.011507 -15316.630853 0.447623 0.870885 0.202960 0.863665 -0.479871 0.154296 -0.231769 -0.106223 0.966954
-0.623088 -148.387701 -1882.174251 -7842.253624 -0.482623 -0.852070 -0.202614 0.874556 -0.481313 -0.059069 -0.047190 -0.205705 0.977476
-26.819945 -101.349315 -1076.688316 -6421.318844 0.609189 0.721139 0.329920 -0.355301 -0.123740 0.926526 -0.708978 0.681650 -0.180840
-27.136310 -100.030912 -451.582612 -7386.229091 0.641644 0.687954 0.339135 -0.369558 -0.110152 0.922656 -0.672101 0.717347 -0.183560
-26.283193 -89.754646 -14.687329 -6393.246315 0.628589 0.713853 0.308692 -0.464727 0.026492 0.885058 -0.623623 0.699795 -0.348399
-26.112227 -92.758680 -811.068411 -6138.540973 0.592156 0.750348 0.293818 -0.458823 0.014211 0.888414 -0.662444 0.660890 -0.352692
-24.738513 -77.714206 786.561040 -5695.306292 0.656913 0.703625 0.270881 -0.526288 0.170660 0.833004 -0.539894 0.689773 -0.482418
-25.822710 -81.049124 -398.183143 -5645.094052 0.613726 0.743353 0.266021 -0.539113 0.148410 0.829055 -0.576800 0.652228 -0.491834
-25.493806 -532.703287 -10062.780024 -158710.526414 0.557800 0.657780 0.506147 0.245443 0.451827 -0.857677 0.792854 -0.602642 -0.090581
-20.556542 -479.142748 7057.156288 -251480.577593 -0.544232 -0.628148 -0.556095 0.547843 0.235907 -0.802631 0.635357 -0.741470 0.215738
-17.828217 -677.462904 -6444.005159 -342718.364827 0.569366 0.656622 0.494641 0.327479 0.370733 -0.869089 0.754042 -0.656814 0.003947
-24.853723 -450.033143 3916.812171 -182907.358666 -0.507606 -0.651012 -0.564375 0.528566 0.281997 -0.800684 0.680408 -0.704742 0.200960
-22.721100 -553.059783 -3630.256781 11325.543118 0.527164 0.690988 0.494604 -0.127940 0.639954 -0.757687 0.840077 -0.336146 -0.425766
-27.284258 -470.210264 -2465.671121 12409.437190 0.504064 0.699254 0.506916 -0.118433 0.637353 -0.761416 0.855508 -0.323767 -0.404081
-29.110355 -463.225648 -6904.585935 -119435.130199 0.516232 0.665835 0.538673 0.257042 0.479514 -0.839044 0.816966 -0.571603 -0.076393
13.895755 -130.409005 -544.685876 -472.178344 0.605470 0.786759 0.120068 -0.187441 -0.005654 0.982260 -0.773480 0.617234 -0.144048
14.848115 -142.691834 -3963.041793 -5349.558389 0.586335 0.808752 0.046166 -0.000046 -0.056957 0.998377 -0.810069 0.585385 0.033358
10.457304 -140.128688 -5686.332461 -2583.952267 0.583861 0.803190 0.118290 -0.163633 -0.026289 0.986171 -0.795192 0.595143 -0.116079
9.162235 -133.848252 -3175.029747 -9347.978121 0.581785 0.797574 0.159384 -0.338009 0.058852 0.939301 -0.739781 0.600344 -0.303827
10.945838 -127.007059 3555.770775 -7883.974662 0.617839 0.766719 0.174405 -0.349716 0.069286 0.934290 -0.704254 0.638233 -0.310941
21.062948 -58.073476 -100459.156864 17511.942781 0.210163 -0.357526 -0.909948 0.771896 0.631884 -0.069994 0.600007 -0.687675 0.408772
14.083576 -69.599585 30210.454838 -38309.549684 0.613200 -0.008424 -0.789882 -0.538148 -0.736452 -0.409920 0.578257 -0.676437 0.456126
59.614190 -15.447274 -17495.064026 24321.764784 0.294295 -0.322062 -0.899815 0.730097 0.683319 -0.005786 0.616724 -0.655249 0.436234
37.227800 -25.373739 -11442.924543 -20608.777481 0.595299 -0.089094 -0.798549 -0.564137 -0.754035 -0.336423 0.572161 -0.650764 0.499138
-659.203802 -2206.751775 -232738.080649 106694.604644 -0.527372 -0.635568 0.563855 -0.502778 0.768422 0.395906 -0.684904 -0.074704 -0.724794
-401.984092 -1840.573903 146277.864556 169040.209124 0.571302 0.770244 -0.283439 0.301551 0.124201 0.945326 -0.763335 0.625538 0.161311
-548.417110 -1716.684472 223979.052212 892299.938432 0.608496 0.737913 -0.291918 -0.346611 0.578059 0.738721 -0.713858 0.348326 -0.607516
-376.245803 -2162.554781 170287.809434 1244524.236505 0.507436 0.759908 -0.406262 0.847050 -0.526433 0.073310 -0.158161 -0.381324 -0.910811
-16.276210 -28.242225 2973.597964 2156.713434 0.164420 0.938239 0.304424 0.592970 -0.340649 0.729620 -0.788259 -0.060550 0.612357
-8.783590 -26.486840 3146.012608 2703.528558 0.040988 0.992155 0.118102 0.614768 -0.118222 0.779798 -0.787642 -0.040643 0.614791
-12.987177 -32.438771 3852.390887 2547.951438 0.071993 0.980605 0.182292 0.569804 -0.190441 0.799409 -0.818621 -0.046319 0.572464
-21.382573 -35.690273 4170.514914 1364.009227 0.177729 0.912573 0.368269 0.547341 -0.402671 0.733671 -0.817820 -0.071174 0.571055
-22.196556 -33.174327 2371.836327 -323.791571 0.375134 0.712139 0.593407 0.499679 -0.694539 0.517625 -0.780766 -0.102334 0.616386
-10.343813 -78.093867 3540.193845 -6318.742213 0.786455 0.584259 0.200325 -0.355709 0.163295 0.920220 -0.504935 0.794970 -0.336250
-8.239976 -76.796126 538.693817 -6624.795545 0.799245 0.577494 0.166457 -0.327827 0.186772 0.926092 -0.503723 0.794743 -0.338595
-6.129957 -66.223815 3364.328251 -7146.589477 0.807993 0.566989 0.160222 -0.389008 0.309128 0.867821 -0.442516 0.763520 -0.470336
-13.418195 -89.008645 2258.297592 -4831.904165 0.788803 0.577815 0.209569 -0.265460 0.012744 0.964038 -0.554364 0.816068 -0.163439
-9.972893 -67.983012 3911.688652 -6665.408118 0.788524 0.587746 0.181063 -0.413864 0.289344 0.863132 -0.454913 0.755536 -0.471402
-15.718425 -80.702977 3353.254006 -6375.569198 0.755430 0.611710 0.234810 -0.390846 0.133060 0.910788 -0.525894 0.779811 -0.339602
-17.218493 -90.793706 3841.118815 -5518.439531 0.764882 0.592772 0.252143 -0.303481 -0.013664 0.952740 -0.568203 0.805254 -0.169443
-12.575608 -44.914588 1592.549605 364.923866 0.662971 -0.610302 -0.433590 0.629142 0.140277 0.764528 0.405770 0.779650 -0.476966
-14.637994 -45.792217 1064.383854 -272.342977 0.718387 -0.577068 -0.388475 0.620549 0.279223 0.732771 0.314388 0.767481 -0.558689
-15.062790 -42.905539 862.025260 427.487682 0.664372 -0.586803 -0.462895 0.643970 0.135070 0.753033 0.379359 0.798384 -0.467620
-12.591140 -47.399851 482.768604 -246.594801 0.702718 -0.602318 -0.378683 0.625168 0.268663 0.732793 0.339636 0.751687 -0.565344
-12.102743 -39.701451 -831.480230 2215.045096 -0.606571 0.602470 0.518750 0.642011 -0.013668 0.766574 0.468928 0.798024 -0.378502
-11.662838 -46.656574 1308.880677 325.061949 0.665724 -0.630584 -0.398968 0.609222 0.150571 0.778574 0.430883 0.761375 -0.484405
-9.721268 -41.126210 2160.594173 2411.918731 0.618823 -0.627944 -0.471958 0.610316 0.006089 0.792135 0.494543 0.778235 -0.387012
-12.081578 -36.920745 -627.129766 463.107646 0.698403 -0.646301 -0.307455 0.579369 0.258327 0.773045 0.420196 0.718027 -0.554863
-10.004529 -35.227691 -489.834540 1526.870133 0.674812 -0.661277 -0.327631 0.555916 0.163501 0.815000 0.485372 0.732107 -0.477947
-13.911948 -38.236303 -550.834701 611.173043 0.734073 -0.643538 -0.216787 0.523161 0.332410 0.784733 0.432943 0.689466 -0.580687
-12.555281 -32.646115 1574.223866 1485.981433 -0.136923 0.937160 0.320911 -0.885789 0.029185 -0.463170 0.443430 0.347678 -0.826129
-12.069236 -30.408806 1712.410367 1277.179595 -0.155223 0.940907 0.300998 -0.911742 -0.019151 -0.410317 0.380306 0.338124 -0.860837
-8.970031 -30.606955 561.205749 1245.577002 -0.230210 0.931207 0.282589 -0.880941 -0.076042 -0.467076 0.413456 0.356470 -0.837845
57.374425 -118.784381 -8434.653915 11698.273159 -0.064254 0.991429 0.113755 0.992941 0.074904 -0.091964 -0.099697 0.107043 -0.989243
102.229504 -146.983263 -15459.575876 -12791.248629 0.014221 0.993951 0.108898 -0.917904 -0.030215 0.395650 -0.396547 0.105585 -0.911922
56.464126 -141.015007 -8463.950451 -14181.509385 -0.198087 0.980037 -0.017013 -0.971832 -0.194108 0.133662 -0.127692 -0.043010 -0.990881
94.892533 -118.418960 -13341.926089 17128.949607 0.177774 0.948860 0.260885 0.960158 -0.109159 -0.257255 -0.215621 0.296225 -0.930461
52.745642 -99.480130 -9098.258699 5914.051482 0.069150 0.971216 0.227942 0.996597 -0.056976 -0.059569 -0.044867 0.231286 -0.971851
-28.536860 -179.603588 -14080.907010 50712.963938 0.942485 -0.158340 0.294364 0.076210 0.959276 0.271995 -0.325444 -0.233918 0.916171
-30.190486 -90.039306 -23763.879884 11693.521489 0.866494 -0.473862 0.156977 0.433091 0.870003 0.235642 -0.248233 -0.136197 0.959078
0.487114 -80.468408 -6329.824516 12682.067860 0.883365 -0.455959 0.108479 0.410661 0.864534 0.289722 -0.225886 -0.211382 0.950943
-4.181463 -146.512149 -5907.090983 36764.173396 0.929216 -0.283084 0.237530 0.181323 0.909358 0.374421 -0.321992 -0.304848 0.896320
-21.571787 -242.696128 -10736.115768 -71118.247193 0.926180 -0.148859 0.346457 0.038456 -0.876704 -0.479491 -0.375117 -0.457418 0.806261
-51.137585 -80.849337 1255.282853 4219.320073 0.041067 0.999146 0.004573 0.969894 -0.038765 -0.240424 0.240042 -0.014308 0.970657
-43.748425 -77.409129 -2270.968113 5127.880066 0.240151 0.963174 -0.120925 0.923767 -0.265031 -0.276429 0.298298 0.045322 0.953396
-42.143105 -70.654846 -1039.050680 8718.210335 0.353441 0.898005 -0.262044 0.846357 -0.426289 -0.319306 0.398445 0.108927 0.910701
57.185988 -63.040094 -2742.072317 5182.325469 0.188660 0.901223 0.390134 0.291407 0.328000 -0.898609 0.937811 -0.283220 0.200742
80.575031 -72.612643 -14772.387901 6544.574178 0.105208 0.910613 0.399643 0.143993 0.383689 -0.912167 0.983970 -0.153513 0.090754
109.033800 -66.893853 -15808.640346 -2442.611919 0.168395 0.940312 0.295732 0.031231 0.294776 -0.955056 0.985225 -0.170063 -0.020272
84.875007 -60.081075 -10599.616511 -4035.315029 0.343474 0.925374 0.160340 -0.002213 0.171524 -0.985177 0.939160 -0.338028 -0.060962
-64.370346 -100.510163 27.187930 -3511.447262 0.809340 0.066593 0.583553 0.424981 -0.752199 -0.503575 -0.405414 -0.655562 0.637085
-62.294482 -97.870899 264.635261 -5793.265501 0.749285 -0.051235 0.660263 0.368064 -0.796620 -0.479505 -0.550546 -0.602305 0.578038
54.974107 -48.173640 -3345.111181 -486.963072 -0.611961 0.790315 -0.030113 0.704398 0.527330 -0.475128 0.359621 0.311971 0.879401
-9.501697 -48.120261 -3517.124699 308.109975 0.467449 0.619514 -0.630630 0.707275 0.165867 0.687205 0.530334 -0.767262 -0.360632
-17.937554 -49.895485 -1506.063782 -207.166763 0.322665 0.621425 -0.713946 0.716794 0.332174 0.613079 0.618137 -0.709572 -0.338253
1.121850 -40.078086 -3370.855617 -993.566094 0.406659 0.609105 -0.680896 0.834549 0.055558 0.548126 0.371695 -0.791141 -0.485735
-15.391475 -48.422328 -2486.850275 -532.178374 0.415837 0.609507 -0.674967 0.624057 0.348632 0.699292 0.661539 -0.712009 -0.235393
0.336842 -46.084613 -2911.687666 437.174774 0.571090 0.618814 -0.539375 0.672112 0.024756 0.740035 0.471297 -0.785147 -0.401775
-6.527416 -46.466764 -3747.183304 -147.349777 0.537749 0.614076 -0.577699 0.602674 0.199188 0.772728 0.589584 -0.763698 -0.262975
46.321094 -81.245034 -1466.350404 4641.812067 0.497297 0.839049 -0.220663 -0.221318 -0.123240 -0.967383 0.838877 -0.529913 -0.124410
-1.178430 -112.490106 -619.280420 -6672.208150 0.392938 0.885137 0.249263 0.195482 0.184467 -0.963202 0.898547 -0.427206 0.100545
2.460495 -107.752115 -1264.269554 2385.583280 0.397001 0.879181 0.263497 0.319057 0.136988 -0.937783 0.860577 -0.456371 0.226124
2.038480 -114.762566 -1003.153942 -8224.430594 0.400019 0.883366 0.244233 0.192168 0.179718 -0.964766 0.896134 -0.432858 0.097864
18.844846 -1.218394 -2738.376616 288.694289 0.637088 -0.058809 0.768544 -0.541074 0.676007 0.500253 0.548961 0.734545 -0.398856
0.923476 -23.321832 -1067.446829 -8167.389315 0.652775 -0.117425 0.748396 -0.547219 0.610077 0.573024 0.523867 0.783592 -0.333986
3.491664 -20.216927 -383.252236 6126.358040 0.484368 0.016963 0.874700 0.697136 -0.611547 -0.374182 0.528573 0.791026 -0.308039
1.131558 -32.964297 428.551155 7240.433305 0.583609 -0.071606 0.808872 0.639523 -0.573313 -0.512175 0.500411 0.816202 -0.288797
3.928478 -17.021476 -549.988608 7100.441485 0.557798 -0.034704 0.829251 0.633121 -0.628256 -0.452164 0.536673 0.777232 -0.328468
-0.840559 -113.566600 -504.629842 -10338.309258 0.062468 0.953677 -0.294274 0.979251 -0.115520 -0.166502 -0.192784 -0.277767 -0.941106
-1.393938 -102.888960 -706.564765 3079.930314 0.057948 0.954701 -0.291870 -0.945626 0.146220 0.290535 -0.320052 -0.259164 -0.911263
3.651177 -89.665398 4050.773750 -561.431183 0.021935 0.895595 0.444329 0.968169 0.091811 -0.232850 -0.249334 0.435293 -0.865074
-8.394238 -88.206125 1807.189848 874.345468 0.060331 0.914534 0.399984 0.994298 -0.019759 -0.104794 -0.087934 0.404025 -0.910511
-14.307487 -88.630645 -190.584807 -877.154972 0.097066 0.940832 0.324674 0.987143 -0.049383 -0.152020 -0.126992 0.335256 -0.933529
22.401624 -61.602763 565.643369 28324.287378 -0.041249 0.912551 -0.406877 0.041111 -0.405329 -0.913246 0.998303 0.054398 0.020796
-11.322748 -123.859113 778.966080 -152.424479 -0.238451 0.959019 -0.153050 0.807112 0.283343 0.517964 -0.540103 0.000020 0.841599
-17.055186 -116.966235 1931.494352 -1404.432491 -0.203576 0.976289 -0.073597 0.540832 0.174799 0.822767 -0.816123 -0.127692 0.563594
-44.776756 -107.933377 2556.012376 1326.609774 0.213297 -0.849203 0.483071 0.931018 0.326560 0.162983 -0.296158 0.414984 0.860278
-39.023864 -104.654370 814.712653 3183.258028 0.156561 -0.848975 0.504708 0.985754 0.166116 -0.026356 -0.061464 0.501644 0.862888
-37.758386 -104.754929 -2320.910849 2310.259380 0.072564 -0.818723 0.569585 0.995003 0.098694 0.015101 -0.068578 0.565643 0.821794
-11.708152 -110.792402 3018.033360 -24429.465775 0.010637 0.910820 -0.412668 0.537309 0.342843 0.770557 -0.843319 0.229926 0.485744
-11.482339 -159.396073 1895.797963 -27810.683588 0.002711 0.913210 -0.407480 0.752336 0.266576 0.602435 -0.658775 0.308195 0.686318
-3.747504 -102.324373 2814.833296 -21515.701712 -0.037142 0.888057 -0.458231 0.570517 0.395317 0.719885 -0.820446 0.234691 0.521334
-14.632813 -89.601665 6575.445754 20890.543541 0.031382 0.999042 -0.030502 0.732003 -0.043752 -0.679895 0.680578 0.000990 0.732675
-18.467624 -115.504959 8564.602120 17386.775611 0.043032 0.998371 -0.037458 0.835168 -0.056523 -0.547083 0.548309 0.007742 0.836240
-43.401081 -1021.095094 -68688.043869 594452.491194 0.493064 0.729775 -0.473620 -0.773010 0.617275 0.146379 -0.399178 -0.293939 -0.868480
23.025215 -694.061762 -33024.161663 -294428.428607 0.085325 0.934404 -0.345845 -0.726510 0.295887 0.620189 -0.681838 -0.198342 -0.704100
-2.477211 -419.071621 -39882.632153 -242381.431638 0.122950 0.904969 -0.407327 -0.843268 0.311669 0.437906 -0.523242 -0.289645 -0.801451
