13426
26834
-40.532514 -58.377356 -87.268981 6394.772119 0.143675 0.980576 -0.133524 0.961019 -0.170452 -0.217691 0.236222 0.097042 0.966841
-45.449495 -68.075705 -1590.931661 4120.684594 -0.207871 -0.959972 0.187732 0.972295 -0.223763 -0.067619 0.106920 0.168474 0.979890
-49.775302 -79.270535 710.181724 8144.644910 0.254308 -0.962820 0.091136 0.965167 0.246673 -0.087211 0.061488 0.110140 0.992012
-36.935919 -57.333714 708.778001 4209.355759 0.542345 0.787355 -0.293144 0.807739 -0.584637 -0.075877 0.231125 0.195633 0.953053
-33.206933 -79.509932 -5375.632998 14547.727821 -0.281541 0.958643 0.041685 0.933824 0.283727 -0.217880 0.220697 0.022416 0.975085
-34.754652 -52.260867 -3480.358830 9094.632389 0.046953 0.998301 -0.034500 0.941579 -0.055763 -0.332144 0.333504 0.016889 0.942598
-28.748094 -45.871395 605.896307 5178.201281 0.582627 0.764678 -0.275343 0.737923 -0.639692 -0.215092 0.340611 0.077864 0.936975
-39.651072 -66.567634 -166.556164 903.143512 0.766146 -0.003110 -0.642660 0.567250 -0.466753 0.678505 0.302073 0.884382 0.355836
-39.345366 -63.859104 517.418378 67.717681 0.817203 -0.088764 -0.569474 0.408706 -0.607418 0.681178 0.406373 0.789408 0.460105
-39.011865 -64.245775 -248.611480 801.195713 0.762356 -0.114685 -0.636915 0.513944 -0.490805 0.703542 0.393287 0.863688 0.315226
-39.918606 -75.180161 -2940.733703 3263.721820 0.156465 0.983681 0.088826 -0.624894 0.168238 -0.762367 0.764870 -0.063777 -0.641020
-38.510845 -73.083462 53.474342 624.286570 0.220530 0.973439 0.061503 -0.587912 0.182975 -0.787959 0.778284 -0.137610 -0.612648
-40.594836 -70.916908 -1010.060593 3898.616377 0.160287 0.977631 0.136185 -0.728640 0.210264 -0.651823 0.665877 -0.005249 -0.746043
-44.180556 -77.232626 -2355.459190 5039.712532 0.036188 0.989944 0.136754 -0.692971 0.123458 -0.710317 0.720057 0.069061 -0.690470
-12.506791 -40.044989 -1299.598605 -1893.117568 0.335216 0.810039 0.481111 -0.365957 0.582510 -0.725781 0.868162 -0.067227 -0.491706
-5.943373 -34.842267 -88.572057 -2194.810867 0.366679 0.723020 0.585481 -0.211442 0.677611 -0.704369 0.906001 -0.134482 -0.401343
-6.653769 -39.518886 621.594740 -2612.021713 0.321421 0.842823 0.431668 -0.315686 0.525152 -0.790290 0.892766 -0.117744 -0.434862
-13.933020 -45.240990 -1046.799733 -1078.905085 0.267244 0.895584 0.355681 -0.522623 0.444811 -0.727330 0.809596 -0.008487 -0.586926
-18.084244 -42.641024 -2648.828630 -655.336600 0.291602 0.862017 0.414601 -0.518144 0.506688 -0.689053 0.804049 0.013894 -0.594400
-10.920722 -45.217881 -149.430743 -1885.227655 0.288159 0.893049 0.345582 -0.458095 0.445477 -0.769220 0.840900 -0.063348 -0.537470
15.516128 -42.523428 5894.677266 -643.235560 -0.248380 0.957235 -0.148350 0.813103 0.122796 -0.569020 0.526470 0.261957 0.808831
13.172334 -40.504292 5863.253759 -1066.275709 -0.230203 0.959926 -0.159842 0.878006 0.134044 -0.459498 0.419658 0.246120 0.873677
-0.379537 -41.255049 5003.254686 -311.879397 -0.284642 0.948056 -0.142019 0.826793 0.167808 -0.536893 0.485173 0.270243 0.831611
0.615984 -43.211695 6032.324982 -507.740730 -0.295864 0.944973 -0.139605 0.763307 0.146014 -0.629319 0.574305 0.292755 0.764505
-3.016099 -41.110860 -2549.546766 -300.460053 0.212908 0.965315 0.151118 0.868943 -0.257789 0.422471 -0.446775 -0.041365 0.893690
-0.045647 -39.793882 -2986.994752 1615.258902 0.186482 0.971231 0.148101 0.919446 -0.225645 0.322030 -0.346184 -0.076118 0.935073
-7.737894 -41.327620 -2211.545631 -62.152644 0.270690 0.948581 0.164079 0.865496 -0.314429 0.389936 -0.421477 -0.036458 0.906106
-7.353697 -39.342847 -1278.108565 -1498.673325 0.263461 0.951603 0.158240 0.811673 -0.307320 0.496730 -0.521321 0.002430 0.853357
-12.031405 -38.044900 -1247.971614 -2339.992032 0.335588 0.924289 0.181851 0.771515 -0.380446 0.509926 -0.540504 0.030825 0.840777
4.063927 -63.006195 -848.536895 -285.672676 0.288469 0.950091 0.118796 -0.621499 0.280178 -0.731601 0.728371 -0.137213 -0.671303
4.751684 -65.067821 -523.287304 -2310.326964 0.275507 0.952987 0.126142 -0.725563 0.292226 -0.623026 0.630598 -0.080125 -0.771963
1.501509 -62.908347 -994.081652 -543.822863 0.275906 0.955286 0.106325 -0.670168 0.270487 -0.691167 0.689021 -0.119441 -0.714831
1.046093 -62.101460 -1154.806187 1254.096507 0.276008 0.955701 0.102253 -0.586285 0.251705 -0.770009 0.761636 -0.152579 -0.629786
-2.100771 -53.701931 -256.839427 -23.774843 -0.068396 0.981729 0.177566 -0.403643 -0.189995 0.894972 -0.912356 0.010461 -0.409263
-1.529590 -54.143257 131.672043 532.118616 -0.045464 0.986528 0.157146 -0.466154 -0.160083 0.870100 -0.883535 0.033696 -0.467152
-1.320123 -53.282314 -183.104028 1120.594679 -0.065806 0.981371 0.180501 -0.501191 -0.188926 0.844461 -0.862831 0.034895 -0.504286
-1.613366 -53.540737 -338.118313 1556.621157 -0.082972 0.979272 0.184775 -0.505275 -0.201154 0.839187 -0.858961 0.023734 -0.511491
3667.231736 -104.536601 1650917.244261 -7378.586617 0.685479 -0.162582 0.709708 0.580916 -0.465493 -0.667722 -0.438924 -0.869990 0.224639
1144.572968 -47.845745 47378.737561 11954.027133 -0.616097 0.491054 -0.615865 0.667229 -0.090169 -0.739375 -0.418605 -0.866450 -0.272093
667.660916 -55.035708 199558.210292 3815.593340 0.202800 0.965364 -0.164149 -0.666441 0.258889 0.699166 -0.717446 0.032395 -0.695861
314.712620 -36.608472 77998.501098 -2708.441535 0.745061 0.548696 0.379232 0.613860 -0.341702 -0.711628 0.260883 -0.763002 0.591412
552.747516 -43.352522 155036.719669 9093.933684 0.713104 0.464783 0.524843 0.689913 -0.332291 -0.643119 0.124510 -0.820706 0.557618
-4.594353 -90.402491 492.198904 -8389.138610 0.031915 -0.531189 0.846652 -0.199875 0.826581 0.526131 -0.979301 -0.186016 -0.079791
-3.284533 -90.534568 1292.059067 -4713.134522 0.020897 -0.484458 0.874565 -0.258315 0.842438 0.472834 -0.965835 -0.235794 -0.107538
-1.104281 -103.920724 -309.890375 -7692.770978 0.029145 -0.518352 0.854670 -0.023279 0.854450 0.519012 -0.999304 -0.035022 0.012837
-0.327910 -113.164294 -1699.644352 2205.382943 0.328257 0.942659 0.060345 -0.375510 0.188848 -0.907375 0.866741 -0.275192 -0.415968
0.544794 -112.770320 -1789.319220 1894.568634 0.312424 0.949693 0.021768 -0.561703 0.203168 -0.802005 0.766082 -0.238338 -0.596920
-2.467194 -113.154760 -455.572873 4927.221910 0.294678 0.953651 0.060943 -0.434736 0.190580 -0.880161 0.850981 -0.232870 -0.470746
-3.063427 -116.129047 -405.129262 3171.125857 0.310199 0.945748 0.096629 -0.197436 0.163515 -0.966582 0.929944 -0.280755 -0.237447
-5.058663 -115.873461 -590.498007 4453.839102 0.299840 0.949423 0.093229 -0.182396 0.152976 -0.971252 0.936391 -0.274216 -0.219039
-10.367446 -107.899027 -2557.331776 -3262.892800 0.144736 0.988775 -0.037075 -0.988007 0.142384 -0.059745 0.053795 -0.045278 -0.997525
-13.791445 -102.613603 -589.945252 -3693.437075 0.156348 0.987696 0.003381 -0.961820 0.153028 -0.226902 0.224628 -0.032224 -0.973912
-11.045412 -97.055326 -3024.204290 -2789.191728 0.170274 0.984522 -0.041503 -0.937804 0.148976 -0.313575 0.302539 -0.092315 -0.948656
-7.458567 -109.855140 -2963.621930 -4618.034739 0.161518 0.984856 -0.063007 -0.978709 0.151662 -0.138304 0.126654 -0.084004 -0.988384
-2.274837 -122.578118 2220.780382 -3312.792812 0.123362 -0.551796 0.824805 0.702178 0.635855 0.320366 -0.701233 0.539639 0.465899
-5.744103 -124.724063 1142.639037 -2396.794453 0.094491 -0.557529 0.824763 0.515819 0.736007 0.438435 -0.851471 0.384000 0.357129
-0.988513 -123.665013 1023.541273 1297.326926 0.099153 -0.543591 0.833473 0.515578 0.744466 0.424205 -0.851087 0.387659 0.354079
8.452083 -126.421116 5660.615353 -5824.202808 0.165506 -0.530673 0.831260 0.836560 0.521921 0.166632 -0.522279 0.667820 0.530321
-1.605855 -133.000313 2680.429606 -2093.589451 0.122153 -0.546936 0.828215 0.880552 0.444736 0.163823 -0.457938 0.709275 0.535931
11.703901 -113.415011 5712.508455 1230.030641 0.168870 -0.521763 0.836210 0.678157 0.677164 0.285573 -0.715253 0.518856 0.468190
-25.986663 -44.349934 -1748.011297 388.021051 0.125630 0.980560 -0.150729 0.724499 -0.194472 -0.661273 0.677730 0.026128 0.734846
-30.719039 -44.223041 -1209.951651 -17.913431 0.005635 0.990518 -0.137269 0.700555 -0.101866 -0.706290 0.713576 0.092185 0.694486
-26.917493 -43.410720 -660.300842 -644.487406 0.001149 0.992212 -0.124559 0.800273 -0.075602 -0.594851 0.599635 0.098997 0.794127
-23.206500 -42.693625 1826.995828 -1040.711472 -0.161873 0.981319 -0.103977 0.828259 0.077829 -0.554914 0.536455 0.175945 0.825384
-23.655880 -42.155878 95.051917 -935.163154 -0.014931 0.992077 -0.124738 0.869444 -0.048729 -0.491623 0.493806 0.115793 0.861828
-23.191442 -43.787469 -1485.786999 -599.990791 0.139132 0.978590 -0.151673 0.820148 -0.199707 -0.536166 0.554977 0.049796 0.830374
44.715336 -638.014690 12493.207787 178738.243789 -0.151925 0.001761 0.988391 -0.672643 0.732523 -0.104697 -0.724203 -0.680740 -0.110104
233.608255 -3317.039481 -34367.673652 -1126935.695257 0.272050 0.030140 -0.961811 0.818647 -0.532588 0.214866 -0.505773 -0.845838 -0.169564
95.584832 -919.976985 27104.916416 258019.704069 -0.235363 -0.072506 0.969199 -0.486836 0.871884 -0.052999 -0.841186 -0.484315 -0.240508
62.863902 -501.606325 2591.914983 -52226.384235 -0.305837 -0.167113 0.937303 -0.675849 0.731512 -0.090104 -0.670591 -0.661032 -0.336666
64.005569 -543.124171 -326.597743 -124792.280052 -0.480186 -0.151379 0.864006 -0.363964 0.930586 -0.039235 -0.798092 -0.333307 -0.501951
54.662896 -665.534508 19122.814873 -97630.493459 -0.318525 -0.256709 0.912492 -0.093805 0.966443 0.239142 -0.943262 -0.009424 -0.331917
-3.954470 -20.345979 -1378.284323 3295.012330 0.461656 -0.433203 0.774085 0.750290 0.656224 -0.080221 -0.473222 0.617823 0.627978
5.798604 -22.219285 -3462.146235 3092.755776 0.603149 -0.272884 0.749497 0.616906 0.755232 -0.221476 -0.505607 0.595952 0.623861
-0.218371 -29.683899 -2641.716853 2565.651761 0.547141 -0.341664 0.764135 0.651911 0.746543 -0.132988 -0.525023 0.570911 0.631198
-5.446370 -61.519349 -1000.792933 605.495977 0.021540 0.999766 -0.002210 -0.996095 0.021650 0.085588 -0.085616 -0.000358 -0.996328
-6.293669 -59.332130 -649.038707 1706.667052 0.015913 0.999696 0.018846 -0.976655 0.011502 0.214504 -0.214222 0.021820 -0.976541
-7.756533 -61.286771 -1892.520512 -403.716771 0.025774 0.999640 -0.007409 -0.999267 0.025973 0.028132 -0.028314 -0.006678 -0.999577
-5.740107 -60.480240 -227.214122 -1853.416326 0.032363 0.999195 0.023725 -0.993631 0.034728 -0.107198 0.107935 0.020104 -0.993955
-6.140258 -57.786205 -386.939457 -2595.412925 0.060403 0.997356 0.040395 -0.975190 0.067598 -0.210796 0.212969 0.026660 -0.976695
-4.039472 -121.020169 580.924576 -5950.170129 0.298891 0.935715 0.187352 0.600850 -0.032004 -0.798721 0.741379 -0.351301 0.571791
-3.255057 -128.213515 1019.478233 -1635.194605 0.299173 0.941247 0.156680 0.345650 0.046147 -0.937228 0.889394 -0.334550 0.311536
-4.645862 -118.012016 -90.040913 -5217.416865 0.304090 0.933935 0.187869 0.573457 -0.021981 -0.818941 0.760708 -0.356766 0.542256
15.128232 -154.389606 -1045.510028 7275.370655 0.243055 0.950229 0.194907 0.886073 -0.135732 -0.443229 0.394714 -0.280431 0.874962
17.091522 -146.962029 -2453.066796 10593.935032 0.255574 0.942191 0.216696 0.701579 -0.026530 -0.712098 0.665184 -0.334023 0.667802
11.521150 -149.347402 -1795.788161 16467.423227 0.281139 0.932758 0.225664 0.816239 -0.108750 -0.567386 0.504693 -0.343710 0.791927
11.567814 -178.861550 1809.516769 19228.861867 -0.284426 -0.929856 -0.233389 0.935620 -0.216135 -0.279106 0.209084 -0.297749 0.931466
11.662869 -43.298016 -9702.143900 1297.667615 0.766502 -0.363344 0.529580 0.535765 0.816462 -0.215281 0.354161 -0.448744 -0.820487
21.124139 -40.506246 7622.678733 1133.929880 -0.786094 0.272959 -0.554572 0.442571 0.874891 -0.196715 0.431495 -0.400074 -0.808550
0.797597 -39.198250 6892.727429 961.242183 -0.738614 0.360083 -0.569904 0.505968 0.854759 -0.115688 0.445473 -0.373802 -0.813527
-41.025674 -74.307340 2610.315598 -3019.959363 -0.293586 0.820294 -0.490841 -0.276260 0.418753 0.865059 -0.915143 -0.389569 -0.103675
-50.308458 -66.022666 6124.483668 -13758.999352 -0.302808 0.712294 -0.633202 -0.471673 0.465318 0.749002 -0.828150 -0.525468 -0.195068
-60.710017 -91.987528 12307.676091 5974.493804 -0.259706 0.717430 -0.646411 -0.169164 0.625230 0.761887 -0.950756 -0.307216 0.041012
-40.599417 -53.640625 -1693.571120 -8784.407997 -0.506498 0.835111 -0.214592 -0.385209 0.003500 0.922823 -0.771411 -0.550070 -0.319919
-35.208484 -79.769063 1568.407684 -1897.835898 -0.197563 0.889863 -0.411233 -0.288882 0.348023 0.891867 -0.936758 -0.294998 -0.188309
-37.366018 -64.785293 1212.070319 -9007.534682 -0.293727 0.876339 -0.381777 -0.432664 0.234254 0.870590 -0.852365 -0.420897 -0.310353
-18.196228 -39.375634 4166.725923 -863.393942 0.154823 0.887441 -0.434141 -0.618314 0.429774 0.658013 -0.770531 -0.166560 -0.615256
-6.783371 -31.540001 4181.834964 493.676632 0.096623 0.912402 -0.397727 -0.688953 0.349704 0.634863 -0.718337 -0.212673 -0.662391
-13.308340 -32.450067 2232.759514 -4495.542612 -0.126523 0.967258 -0.220007 -0.711063 0.066208 0.700005 -0.691651 -0.245005 -0.679405
25.948766 -45.347515 6538.808462 1940.991246 0.153203 0.986943 0.049722 -0.486766 0.031581 0.872961 -0.859993 0.157943 -0.485249
31.587226 -40.694826 722.156161 2492.323205 0.040444 0.999150 0.007957 -0.456738 0.011404 0.889528 -0.888682 0.039611 -0.456811
25.703323 -44.830359 -2767.687295 2770.752226 0.028429 0.998089 -0.054856 -0.550277 0.061441 0.832718 -0.834498 -0.006512 -0.550973
24.166125 -48.037853 -3513.200130 822.318228 0.038975 0.992709 -0.114059 -0.664804 0.110978 0.738728 -0.746000 -0.047035 -0.664283
25.474948 -49.216322 5083.862932 1077.912970 0.145889 0.989300 -0.001302 -0.616180 0.091896 0.782226 -0.773976 0.113316 -0.622993
15.742854 -42.464173 -9262.209465 2556.640544 -0.064262 0.984369 -0.163974 -0.589402 0.095154 0.802217 -0.805280 -0.148198 -0.574074
456.122227 -119.703456 176833.089730 3082.070805 0.980586 -0.009410 -0.195864 -0.090698 -0.907347 -0.410483 0.173854 -0.420278 0.890585
3664.376009 -230.233266 1334311.948760 -3274.210272 0.954947 0.216913 -0.202545 0.048580 -0.787531 -0.614357 0.292772 -0.576839 0.762588
3242.600491 -122.937858 1200218.640132 894.303962 0.991778 -0.092687 -0.088241 -0.127273 -0.786469 -0.604374 0.013381 -0.610635 0.791799
351.323676 -91.013873 -23147.832667 -11951.546231 0.753482 -0.403141 0.519367 0.006437 0.794436 0.607314 -0.657437 -0.454257 0.601189
369.916415 -106.579695 100429.667210 371.890308 0.968326 -0.234327 0.086227 -0.182670 -0.900268 -0.395156 -0.170223 -0.366889 0.914558
-9.621158 -62.714618 -433.482225 -560.299246 0.739885 0.573892 -0.351023 0.387773 0.062563 0.919629 -0.549729 0.816538 0.176250
-9.264081 -60.228542 -772.984736 -4607.964866 0.757770 0.559202 -0.336270 0.397657 0.012832 0.917444 -0.517352 0.828932 0.212646
-11.202828 -60.807562 -607.014963 -1064.428123 0.751733 0.530441 -0.391828 0.402751 0.101205 0.909697 -0.522196 0.841659 0.137557
-8.056955 -60.137230 -1625.502536 -5871.659384 0.743480 0.587815 -0.318921 0.393419 0.001197 0.919358 -0.540794 0.808995 0.230368
-7.724496 -60.165711 -1119.669614 -6577.556217 0.742374 0.597711 -0.302692 0.384572 -0.010204 0.923039 -0.548622 0.801647 0.237438
-9.625840 -57.610089 203.511832 8093.702292 0.732851 0.571456 -0.369279 0.388253 0.094471 0.916698 -0.558738 0.815177 0.152636
-9.684467 -62.439881 53.073545 274.896775 0.734233 0.584986 -0.344520 0.398280 0.039809 0.916400 -0.549796 0.810066 0.203759
2.347042 -51.105631 -156.489778 84.748690 0.831402 0.483614 -0.273658 -0.470581 0.874687 0.116091 0.295508 0.032260 0.954795
3.073903 -50.945513 117.626325 89.528790 0.846347 0.454718 -0.277359 -0.397559 0.885854 0.239186 0.354462 -0.092168 0.930517
4.269197 -49.190904 806.310983 410.413638 0.838169 0.468763 -0.278809 -0.439897 0.883220 0.162522 0.322434 -0.013574 0.946495
-21.947079 -76.628155 3294.855417 -1270.764432 0.518658 0.764729 -0.382340 0.282011 0.269147 0.920885 -0.807133 0.585449 0.076067
-16.882575 -77.891879 2756.573212 -1683.219131 0.554324 0.753312 -0.353901 0.366437 0.160888 0.916427 -0.747294 0.637680 0.186857
-16.542646 -77.455758 2189.591987 -236.995093 0.552607 0.753490 -0.356200 0.250911 0.257151 0.933229 -0.794776 0.605084 0.046956
-23.412466 -79.116315 3433.335809 -619.052056 0.513259 0.769318 -0.380413 0.438970 0.145560 0.886633 -0.737476 0.622062 0.262998
-27.958155 -79.179350 3755.321062 -1665.864775 0.470803 0.771721 -0.427541 0.291265 0.321476 0.901009 -0.832772 0.548726 0.073423
0.020431 -152.517532 3249.029416 -7111.159529 0.848267 -0.511889 0.135693 0.204400 0.080101 -0.975605 -0.488532 -0.855309 -0.172577
1.085348 -142.869133 -1429.195162 -4353.529417 0.829500 -0.548433 0.105599 0.208378 0.128482 -0.969573 -0.518178 -0.826265 -0.220857
-0.769719 -148.800627 1337.126981 1662.782112 0.833259 -0.533915 0.143578 0.335050 0.281063 -0.899302 -0.439797 -0.797457 -0.413087
20.101125 -45.921123 3793.328189 -1115.673935 0.218762 0.958718 0.181667 0.975598 -0.218472 -0.021855 0.018736 0.182015 -0.983117
20.767781 -46.140261 2884.789627 193.418835 0.229835 0.957563 0.173925 0.968792 -0.208057 -0.134742 -0.092838 0.199465 -0.975497
21.208327 -45.651961 120.486315 -316.964868 0.194228 0.975665 0.101755 0.980836 -0.191535 -0.035694 -0.015335 0.106738 -0.994169
63.230273 -22.708752 23552.614774 -2910.693674 0.818923 0.570384 0.063457 0.226319 -0.422573 0.877617 -0.527394 0.704339 0.475144
26.202229 -20.485128 7308.186312 -303.290600 0.824512 0.539341 0.171144 0.174433 -0.529996 0.829866 -0.538287 0.654382 0.531067
58.924625 -29.491640 18927.097147 -4257.744456 0.736249 0.675692 -0.037107 0.371307 -0.357525 0.856917 -0.565745 0.644683 0.514117
-2.360761 -116.879023 228.307695 1940.005277 -0.927100 -0.250281 0.279008 -0.181656 0.951156 0.249607 -0.327852 0.180727 -0.927281
-0.835762 -111.069584 -667.616175 6408.701518 -0.933387 -0.233470 0.272546 -0.179544 0.961369 0.208649 -0.310730 0.145816 -0.939247
-0.170431 -109.506997 -820.651496 1270.495979 -0.929858 -0.249098 0.270764 -0.127614 0.908616 0.397657 -0.345077 0.335211 -0.876673
-19.452409 -89.256941 1480.157914 3218.606267 0.777826 -0.618317 0.112563 0.200622 0.414014 0.887887 0.595599 0.668039 -0.446079
-18.727323 -95.593278 1163.754690 2578.275713 0.788791 -0.602971 0.119314 0.314730 0.562944 0.764225 0.527972 0.565261 -0.633818
-21.890939 -88.780401 1277.497008 4274.090530 0.808555 -0.578057 0.109948 0.162238 0.398618 0.902653 0.565612 0.712007 -0.416088
-3.296498 -128.802292 -2347.788173 1333.359843 0.955044 0.273359 -0.114745 0.138050 -0.752579 -0.643869 0.262362 -0.599082 0.756483
-9.755434 -121.797800 -143.783777 1272.312175 0.953420 0.274008 -0.126133 0.167146 -0.827985 -0.535260 0.251102 -0.489245 0.835217
-5.623585 -134.302371 -3575.171090 568.570933 0.946338 0.315458 -0.070219 0.259313 -0.870858 -0.417568 0.192876 -0.376952 0.905928
-22.833182 -48.225399 -379.654857 666.526158 0.329335 0.899868 0.285964 -0.809898 0.113529 0.575479 -0.485390 0.421127 -0.766191
-21.762147 -47.167650 -1775.817382 -881.190500 0.326234 0.909755 0.256743 -0.853247 0.166498 0.494214 -0.406866 0.380295 -0.830564
-18.978796 -48.715657 -2061.183407 419.589250 0.324245 0.917964 0.228490 -0.792605 0.131784 0.595324 -0.516374 0.374133 -0.770313
57.552278 -321.525087 -13365.534356 -32952.842435 0.436042 0.059229 -0.897975 0.780949 0.470946 0.410279 0.447198 -0.880171 0.159098
30.961889 -355.240389 -6079.711222 20518.318083 0.410629 0.031514 -0.911258 0.639984 0.701900 0.312662 0.649465 -0.711578 0.268052
48.528868 -537.116680 -11532.854892 -146507.257323 0.440603 0.141034 -0.886554 0.534829 0.751937 0.385420 0.720990 -0.643972 0.255877
65.040104 -361.949008 -6374.560660 -25566.775482 0.342878 0.219899 -0.913280 0.728204 0.551948 0.406291 0.593426 -0.804362 0.029120
52.513285 -1798.233345 -6123.781825 -670299.738142 0.307068 0.310341 -0.899665 0.300518 0.865349 0.401074 0.902994 -0.393522 0.172458
24.761671 -694.272984 6124.258712 -209052.076570 -0.163006 -0.441339 0.882411 0.938026 -0.346564 -0.000055 0.305836 0.827715 0.470480
12.490811 -297.315083 1464.541604 -50031.232432 -0.102051 -0.488898 0.866351 0.826383 -0.526485 -0.199762 0.553784 0.695552 0.457746
107.022630 -863.072443 -28888.874063 290003.966291 0.208189 0.439821 -0.873622 -0.701523 0.689548 0.179973 0.681560 0.575397 0.452101
20.508191 -367.380365 -7290.790495 48169.508621 0.285260 0.390399 -0.875337 -0.730146 0.680154 0.065404 0.620898 0.620467 0.479069
-3.661485 -36.573457 144.227763 -3345.129832 -0.449557 0.892437 0.038126 0.893173 0.448544 0.032397 0.011811 0.048617 -0.998748
1.727358 -29.805010 182.572686 2008.265058 -0.590432 0.806042 0.041068 -0.805023 -0.591796 0.041421 -0.057691 0.008605 -0.998297
-4.369330 -33.425275 -245.731294 -3115.649258 -0.617481 0.785712 0.037069 0.786557 0.617173 0.020621 -0.006676 0.041890 -0.999100
-1.096322 -32.635214 1531.403021 3164.122575 -0.385434 0.921031 0.056050 -0.920892 -0.387792 0.039692 -0.058293 0.036317 -0.997639
-6.008708 -40.045664 1476.223595 -3557.835740 -0.290417 0.955566 0.050506 0.956509 0.288384 0.043873 0.027358 0.061051 -0.997760
-10.839084 -43.922880 73.990760 2476.221437 -0.290876 0.955593 0.047258 -0.947730 -0.281009 -0.151133 0.131141 0.088749 -0.987383
-25.131925 -41.639427 -544.447050 1056.631448 0.901145 0.378922 0.210608 -0.174551 0.761833 -0.623813 0.396824 -0.525384 -0.752663
-23.436909 -44.065110 -2044.073028 841.066331 0.930704 0.307526 0.198035 -0.090770 0.718661 -0.689411 0.354332 -0.623662 -0.696775
-23.248919 -41.385299 -46.032107 664.067775 0.914484 0.368169 0.167842 -0.202082 0.774950 -0.598845 0.350545 -0.513716 -0.783080
-24.725660 -39.498473 369.017206 773.594355 0.887694 0.417120 0.194965 -0.258184 0.801540 -0.539328 0.381236 -0.428421 -0.819216
-22.668437 -40.467199 -109.445148 687.859176 0.932755 0.338211 0.124825 -0.230060 0.824997 -0.516189 0.277561 -0.452761 -0.847329
-24.753215 -39.752376 893.258393 1053.673106 0.915562 0.367490 0.163394 -0.249645 0.837830 -0.485508 0.315316 -0.403722 -0.858827
3.123508 -51.897656 -1798.668305 605.867646 0.615794 0.420081 -0.666580 0.758406 -0.545359 0.356937 -0.213583 -0.725338 -0.654421
6.548030 -49.911117 -1264.249205 1288.558696 0.636692 0.423951 -0.644118 0.757902 -0.498029 0.421368 -0.142150 -0.756461 -0.638405
7.614818 -51.555801 -2054.220621 16.522579 0.637743 0.408834 -0.652793 0.709288 -0.642158 0.290762 -0.300323 -0.648450 -0.699513
2.452218 -46.680323 -1315.333203 2615.700918 0.613720 0.434977 -0.658896 0.787372 -0.398776 0.470131 -0.058256 -0.807324 -0.587225
20.900356 -153.887129 -1986.496708 28047.135069 0.692185 -0.702817 0.164096 0.707483 0.615821 -0.346745 0.142644 0.356107 0.923494
17.901549 -177.688768 -3536.476991 35492.940492 0.683368 -0.693693 0.227593 0.726120 0.678198 -0.113125 -0.075879 0.242566 0.967163
15.862378 -184.265224 -4046.261892 59518.771032 0.682989 -0.688731 0.243260 0.729862 0.630392 -0.264398 0.028750 0.358127 0.933230
21.026197 -93.799882 -3387.926480 -17318.815092 0.792712 -0.582949 0.178265 -0.588128 -0.654441 0.475197 0.160352 0.481537 0.861632
13.530963 -91.039907 -3035.314805 -24284.361501 0.776969 -0.589790 0.220153 -0.623372 -0.671949 0.399866 0.087906 0.447920 0.889742
10.799526 -174.483068 -361.837550 41361.817837 0.702665 -0.679167 0.212119 0.710007 0.688722 -0.146803 -0.046387 0.253759 0.966155
-15.489840 -928.351247 4451.382689 -234390.912972 -0.214445 0.971588 -0.100151 0.976563 0.211349 -0.040690 -0.018367 -0.106529 -0.994140
2.057677 -325.603158 2907.826847 71648.184867 -0.383185 0.913425 -0.137198 -0.759572 -0.227096 0.609490 -0.525567 -0.337759 -0.780832
5.320472 -390.730640 5119.266104 96701.140989 -0.345361 0.930397 -0.122831 -0.892915 -0.285487 0.348137 -0.288839 -0.229911 -0.929362
-5.615984 -1755.648934 2634.966802 710564.809759 -0.215532 0.966990 -0.135925 -0.959966 -0.235325 -0.151948 0.178919 -0.097734 -0.978998
7.681853 -928.272370 -380.645055 318915.407497 -0.174761 0.979298 -0.102149 -0.979949 -0.183079 -0.078625 0.095699 -0.086361 -0.991657
0.116870 -635.055664 -2787.785944 211603.676756 -0.192309 0.964622 -0.180335 -0.947008 -0.134243 0.291813 -0.257281 -0.226897 -0.939321
-56.353145 -79.247540 -1860.796068 3571.073655 0.040954 -0.978865 0.200363 0.996087 0.055717 0.068603 -0.078317 0.196769 0.977317
-44.898381 -68.956474 -822.322023 3355.995660 -0.344586 -0.905224 0.248657 0.937293 -0.346536 0.037342 0.052366 0.245932 0.967871
-40.846530 -59.707078 -351.639518 2208.627450 0.662947 -0.324828 -0.674528 0.496228 -0.483982 0.720777 0.560588 0.812556 0.159665
-40.689851 -63.192301 -2042.980283 2861.122213 0.692001 -0.235455 -0.682418 0.583783 -0.373557 0.720869 0.424655 0.897227 0.121047
-39.581777 -61.068191 -10.226990 1071.665607 0.731538 -0.231943 -0.641135 0.490456 -0.474190 0.731161 0.473608 0.849321 0.233130
-40.031877 -69.486794 1164.477328 1855.508657 0.251144 0.965444 0.069609 -0.709154 0.232466 -0.665627 0.658807 -0.117805 -0.743031
-1.373135 -33.517056 1343.365268 -2114.340169 0.346895 0.766518 0.540476 -0.177881 0.619569 -0.764521 0.920881 -0.169068 -0.351274
-1.478716 -31.744842 -672.206206 -1639.567604 -0.404463 -0.573528 -0.712373 -0.085153 0.799162 -0.595054 0.910581 -0.180017 -0.372069
22.219816 -39.949212 5162.506928 -650.992632 -0.161282 0.976903 -0.140176 0.907905 0.091183 -0.409139 0.386907 0.193253 0.901641
13.383189 -38.846561 5266.489444 -155.945416 -0.194410 0.968141 -0.157822 0.915554 0.121342 -0.383453 0.352086 0.219042 0.909976
4.537399 -38.288986 5498.900994 -620.286219 -0.251490 0.954024 -0.163068 0.907636 0.173967 -0.382011 0.336079 0.244078 0.909657
-0.400378 -39.650026 5404.991058 -859.753934 -0.291363 0.945834 -0.143195 0.873351 0.201927 -0.443264 0.390340 0.254210 0.884880
5.079380 -39.818741 -3077.958829 565.182690 0.149935 0.981410 0.119810 0.891654 -0.186578 0.412482 -0.427168 -0.044984 0.903053
9.153184 -35.149183 -3018.242921 2691.077544 0.124914 0.986009 0.110373 0.951260 -0.150635 0.269099 -0.281960 -0.071380 0.956767
3.139142 -34.132607 -3401.455091 3248.904110 0.161237 0.975664 0.148600 0.955205 -0.192139 0.225093 -0.248167 -0.105650 0.962939
-4.499799 -64.015722 -536.955217 -79.782897 0.244259 0.966021 0.084499 -0.494495 0.199041 -0.846084 0.834154 -0.164879 -0.526310
-4.875477 -62.831049 529.501032 -256.359270 0.202305 0.975674 0.084457 -0.525116 0.180867 -0.831589 0.826635 -0.123885 -0.548933
-5.739839 -64.057749 812.442275 548.558307 0.210224 0.971445 0.110003 -0.404488 0.188860 -0.894830 0.890053 -0.143620 -0.432641
-5.597895 -65.804947 -196.753459 838.734383 0.241406 0.965388 0.098741 -0.375353 0.186721 -0.907880 0.894893 -0.182105 -0.407437
-3.681460 -66.847112 -1404.714036 1319.393003 0.258207 0.962514 0.083046 -0.440860 0.193882 -0.876386 0.859635 -0.189677 -0.474395
-12.140783 -58.646427 -6199.874897 -717.121940 -0.070692 0.979707 0.187554 -0.207421 -0.198352 0.957932 -0.975694 -0.028815 -0.217234
-13.276404 -58.781318 -6485.874664 2687.452741 -0.064530 0.987639 0.142847 -0.006772 -0.143575 0.989616 -0.997893 -0.062892 -0.015953
-17.339934 -59.895333 -6756.481960 -74.531194 -0.033699 0.991746 0.123714 -0.115565 -0.126821 0.985171 -0.992728 -0.018902 -0.118885
-21.139595 -61.215310 -6213.770404 4559.973957 -0.013915 0.987613 0.156289 0.095222 -0.154285 0.983427 -0.995359 -0.028566 0.091896
-13.354919 -57.222648 -5896.937393 -3511.566877 -0.014049 0.994768 0.101193 -0.279805 -0.101071 0.954722 -0.959954 0.014901 -0.279761
-6.003092 -56.024779 7217.265246 -3819.414499 0.108371 0.993223 -0.042007 -0.217566 0.064928 0.973884 -0.970011 0.096401 -0.223128
-21.097046 -60.836760 -1064.854255 643.808154 0.069236 0.994773 0.075051 -0.044924 -0.072046 0.996389 -0.996588 0.072358 -0.039701
-10.330771 -37.955751 -381.035132 -328.555637 0.170944 0.983771 0.054517 0.945103 -0.148082 -0.291294 0.278494 -0.101319 0.955079
-9.370688 -36.689205 -17.361767 -577.136860 0.195290 0.977760 0.076461 0.938486 -0.163668 -0.304068 0.284792 -0.131139 0.949577
-10.502248 -39.565900 17.015173 3128.533532 0.147415 0.987565 0.054634 0.907198 -0.112999 -0.405244 0.394031 -0.109302 0.912575
-9.285148 -39.276202 -408.475166 -2900.934780 0.217405 0.972820 0.079722 0.962734 -0.200255 -0.181774 0.160869 -0.116270 0.980103
-11.367157 -43.208455 -308.123392 4235.440184 0.161376 0.986733 0.017776 0.903675 -0.140505 -0.404513 0.396648 -0.081343 0.914360
-11.339227 -42.421717 -706.672488 -3342.248901 0.195583 0.979491 0.048427 0.968126 -0.184964 -0.168879 0.156459 -0.079913 0.984446
-12.009184 -40.323139 -857.801917 137.865363 0.183875 0.982613 0.025710 0.944860 -0.169478 -0.280208 0.270978 -0.075816 0.959595
1.747867 -117.303459 -1731.459397 -1934.199357 0.258563 0.965733 -0.022468 -0.834377 0.211552 -0.508981 0.486786 -0.150350 -0.860485
-0.367561 -109.726919 -24.908883 -1920.770269 0.246245 0.969206 -0.001652 -0.788677 0.199387 -0.581579 0.563340 -0.144514 -0.813489
0.411123 -107.662871 -1471.893561 -463.200528 0.283796 0.958884 0.000671 -0.710017 0.210611 -0.671952 0.644466 -0.190221 -0.740594
-13.519395 -111.739185 -155.438960 -3756.835434 0.139520 0.990168 0.010100 -0.989563 0.139049 0.037812 -0.036036 0.015270 -0.999234
-15.602672 -104.907642 887.964400 -3347.636822 0.146042 0.988303 0.043918 -0.980719 0.150463 -0.124702 0.129852 0.024859 -0.991222
-14.719620 -96.385652 1586.764305 -1410.911326 0.166328 0.984296 0.059128 -0.913166 0.176381 -0.367447 0.372106 -0.007123 -0.928163
-4.185299 -136.155214 1341.987752 9200.814780 0.086701 -0.541196 0.836415 0.332642 0.807118 0.487759 -0.939059 0.235938 0.250003
-28.393437 -43.405191 -2647.972480 276.228202 0.103646 0.985386 -0.135176 0.634624 -0.170166 -0.753854 0.765839 0.007652 0.642987
4.572276 -504.877510 -2876.674737 -134333.831573 0.143205 -0.047357 -0.988559 0.719249 -0.681147 0.136822 -0.679834 -0.730614 -0.063482
22.082976 -517.026142 -188.518976 146810.819574 -0.127705 -0.044426 0.990817 -0.522585 0.852089 -0.029150 -0.842969 -0.521509 -0.132032
6.939546 -405.197970 2394.000386 105731.575910 -0.151777 0.040309 0.987592 -0.409077 0.907016 -0.099889 -0.899789 -0.419162 -0.121175
10.779641 -289.091384 3500.850914 -3806.290148 -0.158246 -0.053672 0.985940 -0.184380 0.982565 0.023895 -0.970032 -0.178006 -0.165383
2.462864 -379.850780 -227.105414 98721.393516 -0.137853 0.001585 0.990451 -0.620058 0.779656 -0.087549 -0.772350 -0.626206 -0.106495
5.027707 -230.404173 815.649305 11597.877055 -0.130637 -0.025326 0.991107 -0.138785 0.990298 0.007012 -0.981668 -0.136634 -0.132885
5.858479 -244.257038 -949.472415 45852.579292 -0.119854 -0.026464 0.992439 -0.327877 0.944611 -0.014408 -0.937087 -0.327124 -0.121892
-389.945835 -781.605458 -142796.122302 22129842.579999 0.224502 0.126147 -0.966274 0.968101 -0.142085 0.206377 -0.111259 -0.981783 -0.154021
1314.906782 -1171.701678 -17002193.085414 -1229435.000798 0.240375 0.955542 -0.170760 -0.159664 0.212443 0.964041 -0.957459 0.204467 -0.203631
-561.975514 -3539.663971 -185521.544308 -2846471.381975 -0.387026 -0.228662 0.893266 -0.629882 0.773060 -0.075018 -0.673394 -0.591686 -0.443224
-5.186523 -24.345260 -996.043911 -1256.104810 -0.362555 -0.763405 0.534571 0.856557 -0.046929 0.513914 -0.367238 0.644213 0.670915
-10.514859 -28.531357 -1676.189783 -1373.048443 -0.244933 -0.763368 0.597727 0.894169 0.060464 0.443628 -0.374792 0.643128 0.667770
-2.661372 -29.041122 -1597.551572 -1500.029712 -0.460960 -0.745509 0.481386 0.831823 -0.173997 0.527063 -0.309171 0.643383 0.700337
-9.892951 -37.766949 -525.174385 1381.427840 0.316516 0.930365 -0.185038 0.216158 -0.260675 -0.940917 0.923631 -0.257818 0.283613
-5.531357 -41.788337 -1267.352529 696.410569 0.362661 0.889129 -0.279152 0.082110 -0.328866 -0.940800 0.928297 -0.318271 0.192273
-10.448150 -36.701343 -902.350046 -913.357392 0.339529 0.867426 -0.363720 0.125561 -0.425029 -0.896429 0.932177 -0.258694 0.253224
-13.014795 -35.527003 469.694391 -339.335056 0.297494 0.927260 -0.227344 0.289801 -0.314595 -0.903905 0.909677 -0.203022 0.362312
-12.362191 -36.815479 784.629701 -2319.080809 0.290984 0.947654 -0.131451 0.393060 -0.243679 -0.886637 0.872257 -0.206329 0.443391
-2.636058 -57.263696 -143.488021 2486.768009 0.020173 0.999770 0.007215 -0.954256 0.017100 0.298501 -0.298309 0.012907 -0.954382
20.729289 -142.096401 -46.817079 10940.595973 0.209578 0.961285 0.178907 0.730081 -0.032130 -0.682605 0.650430 -0.273676 0.708549
24.823425 -146.064284 -2921.895571 -475.492724 0.219594 0.954793 0.200371 0.549202 0.048766 -0.834265 0.806322 -0.293244 0.513666
15.751290 -151.011247 254.674009 7217.774052 0.195161 0.965636 0.171636 0.845188 -0.076805 -0.528921 0.497563 -0.248290 0.831134
23.906074 -153.267934 -877.628006 4776.393202 0.161414 0.968361 0.190322 0.621623 0.050022 -0.781718 0.766506 -0.244489 0.593881
27.097683 -45.441987 -3748.842349 902.949936 0.745640 -0.240480 0.621441 0.507897 0.808813 -0.296415 0.431348 -0.536647 -0.725223
24.314593 -38.257056 -2124.742113 1802.001885 -0.670482 0.115788 -0.732835 0.378155 0.903147 -0.203283 0.638320 -0.413423 -0.649329
-76.471864 -85.532047 17954.834073 -16806.526780 -0.389645 0.744094 -0.542680 -0.374363 0.410404 0.831517 -0.841445 -0.527156 -0.118650
-49.867189 -77.657585 30140.844941 13184.256631 0.626937 -0.370675 -0.685237 -0.386118 0.616097 -0.686540 -0.676656 -0.695000 -0.243130
-19.352673 -57.151323 -29969.584255 3852.540475 -0.702989 0.465372 0.537805 -0.203513 0.592942 -0.779104 -0.681460 -0.657152 -0.322122
31.879440 -38.299733 4964.492433 880.356759 0.101981 0.991958 0.074964 -0.401974 -0.027840 0.915228 -0.909954 0.123470 -0.395902
28.305206 -33.901203 -6288.788754 1185.224277 -0.083599 0.995235 0.050178 -0.385080 -0.078707 0.919521 -0.919089 -0.057549 -0.389825
174.347173 -45.725332 52035.708223 9719.832681 0.926530 0.320930 -0.196331 0.081652 -0.680947 -0.727767 0.367253 -0.658267 0.657122
196.555334 -64.130207 63323.574140 16604.506562 0.938882 0.265733 -0.218830 0.040289 -0.716147 -0.696785 0.341874 -0.645383 0.683084
65.053950 -76.902100 22259.299883 17498.833253 0.904258 0.358228 -0.232358 0.102617 -0.710557 -0.696117 0.414472 -0.605625 0.679287
29.240876 -46.871891 12114.660711 5297.947041 0.885932 0.378746 -0.267723 0.069811 -0.679533 -0.730316 0.458531 -0.628320 0.628460
168.523656 -38.843413 50450.592741 950.806970 0.910944 0.373825 -0.174459 0.120587 -0.645724 -0.753989 0.394512 -0.665805 0.633296
-11.768587 -57.725420 -785.050656 -586.623689 0.757496 0.543330 -0.361928 0.494436 -0.115450 0.861513 -0.426301 0.831543 0.356095
-10.425177 -60.031958 -889.567780 -4286.796247 0.768074 0.537597 -0.347925 0.399809 0.021827 0.916339 -0.500215 0.842919 0.198171
-13.979415 -61.750749 -1595.226397 -4205.044100 0.756065 0.525186 -0.390571 0.426122 0.057950 0.902808 -0.496776 0.849012 0.179979
-9.271006 -56.817445 -599.605054 -1738.060912 0.744972 0.580111 -0.329375 0.476752 -0.117628 0.871132 -0.466609 0.806000 0.364198
-17.717138 -58.740714 -1964.955110 -600.898743 0.750252 0.520287 -0.407950 0.518352 -0.079868 0.851430 -0.410406 0.850249 0.329613
-16.961638 -60.827458 -1793.466264 6360.237908 0.757032 0.520747 -0.394620 0.575387 -0.245181 0.780267 -0.309569 0.817746 0.485241
-10.130168 -63.964497 -505.456374 4676.751761 0.743497 0.567049 -0.354497 0.578837 -0.280214 0.765786 -0.334903 0.774555 0.536567
-12.952472 -60.973684 -1331.532787 3435.160023 0.758549 0.544075 -0.358589 0.571841 -0.291978 0.766647 -0.312414 0.786594 0.532604
3.456179 -48.271839 1036.552460 400.376951 0.831157 0.484857 -0.272198 -0.488018 0.870713 0.060809 0.266490 0.082296 0.960318
4.032064 -47.234258 -699.819296 337.150894 0.838931 0.485259 -0.246411 -0.484943 0.872032 0.066259 0.247031 0.063908 0.966898
3.388039 -46.522753 -352.079908 -327.351686 0.820445 0.515033 -0.248215 0.546085 -0.834502 0.073473 0.169295 0.195827 0.965915
2.247345 -47.801294 2034.599955 33.506850 0.805778 0.516455 -0.289821 -0.552899 0.831385 -0.055695 0.212189 0.205119 0.955459
-10.655624 -80.420623 546.523986 -346.015421 0.568987 0.756541 -0.322333 0.354870 0.127704 0.926153 -0.741836 0.641355 0.195811
-14.358919 -79.685427 2334.646867 84.292373 0.566345 0.753286 -0.334384 0.505281 0.003177 0.862949 -0.651110 0.657685 0.378822
-7.844965 -78.266032 580.450302 685.516345 0.589189 0.743136 -0.317183 0.514409 -0.042274 0.856502 -0.623089 0.667803 0.407183
-7.817959 -79.338372 523.478031 1001.538559 0.592444 0.740343 -0.317653 0.390134 0.081321 0.917160 -0.704844 0.667293 0.240654
-7.594509 -80.899704 958.718494 352.314046 0.596137 0.734237 -0.324832 0.265706 0.201367 0.942789 -0.757642 0.648342 0.075048
1.099406 -136.095037 454.035340 -14435.577559 0.840824 -0.533023 0.094346 0.019898 -0.143740 -0.989415 -0.540942 -0.833802 0.110254
21.983008 -48.506069 6108.709691 1155.419501 0.247435 0.939162 0.238225 0.947553 -0.183222 -0.261864 -0.202285 0.290525 -0.935241
25.682377 -47.439865 1064.864219 -769.942308 0.204717 0.970284 0.128998 -0.959432 0.172810 0.222773 -0.193861 0.169371 -0.966298
20.672978 -46.695713 -2697.439879 -296.910398 0.192624 0.980104 0.047882 -0.974181 0.185149 0.129192 -0.117756 0.071531 -0.990463
-0.484597 -112.048721 144.234399 1928.761146 -0.924914 -0.237450 0.296904 -0.136097 0.936007 0.324606 -0.354982 0.259825 -0.898042
-0.928985 -119.359503 640.906786 6820.563793 -0.927553 -0.217053 0.304194 -0.195104 0.975550 0.101175 -0.318717 0.034496 -0.947222
-1.153740 -125.047585 1127.614524 5476.695599 -0.925062 -0.218861 0.310418 -0.159712 0.965666 0.204895 -0.344604 0.139963 -0.928256
-2.949145 -137.982029 682.214137 8841.390285 -0.925193 -0.201961 0.321293 -0.232828 0.970646 -0.060311 -0.299681 -0.130605 -0.945057
-0.858654 -132.806195 195.037315 8059.204058 -0.934889 -0.192002 0.298524 -0.240567 0.961172 -0.135187 -0.260977 -0.198200 -0.944779
-17.011843 -94.006296 1136.735243 3383.310923 0.767683 -0.628604 0.124583 0.286497 0.510559 0.810709 0.573221 0.586674 -0.572041
-16.119344 -98.660920 -911.329093 1773.161926 -0.778032 0.614892 -0.128740 0.399106 0.642047 0.654591 0.485160 0.457912 -0.744941
-17.306744 -100.982289 -586.247958 334.986756 -0.797739 0.592200 -0.113632 0.443882 0.704258 0.554067 0.408145 0.391562 -0.824680
-20.114423 -98.715311 492.244449 835.516695 0.821318 -0.563360 0.089785 0.386005 0.664699 0.639668 0.420043 0.490714 -0.763389
331.859534 -687.131763 -222212.101448 218915.450984 -0.601089 -0.384553 0.700579 0.770188 -0.512722 0.379376 0.213312 0.767616 0.604370
4.767790 -387.655496 -34439.857587 100318.086260 -0.666632 -0.232964 0.708046 0.738650 -0.333884 0.585591 0.099984 0.913372 0.394657
98.667053 -33.225078 -56263.044922 43361.035693 -0.548727 0.713675 0.435393 0.311844 0.657949 -0.685461 0.775662 0.240356 0.583590
136.870115 -99.226350 -93117.161160 21522.708237 0.394488 -0.778860 0.487602 0.845714 0.100213 -0.524142 0.359369 0.619140 0.698226
-4.850153 -119.910989 -161.612910 2472.305132 0.959469 0.230844 -0.161649 0.034747 -0.666129 -0.745026 0.279664 -0.709213 0.647152
-8.770505 -117.256584 1268.388085 1876.037898 0.947873 0.272061 -0.165893 0.169073 -0.870688 -0.461863 0.270096 -0.409739 0.871299
-12.053723 -124.560372 1334.162726 1479.422598 0.945078 0.300873 -0.127685 0.251824 -0.919326 -0.302364 0.208357 -0.253603 0.944602
-5.503062 -118.151058 679.351222 2630.270429 0.954897 0.234942 -0.181587 0.065028 -0.762147 -0.644130 0.289729 -0.603270 0.743050
-9.153916 -47.558403 -2172.174609 52.490130 0.314340 0.914109 0.256116 -0.550710 -0.044163 0.833528 -0.773246 0.403056 -0.489526
-12.053130 -46.880380 -619.351374 532.314297 0.272336 0.892793 0.358822 -0.570708 -0.150361 0.807269 -0.774677 0.424631 -0.468576
-14.911355 -47.987946 -2081.540143 410.456564 0.296162 0.914373 0.276061 -0.638566 -0.025387 0.769148 -0.710297 0.404076 -0.576369
-7.166597 -45.441593 -2094.523301 1008.406515 0.287982 0.904284 0.315177 -0.463301 -0.156477 0.872277 -0.838104 0.397222 -0.373894
-9.797015 -48.973121 -2560.342551 -346.327502 0.347433 0.920562 0.178481 -0.621921 0.083767 0.778587 -0.701787 0.381508 -0.601621
-0.985152 -46.886808 -3391.460333 1596.188936 0.331306 0.924097 0.190473 -0.442259 -0.026228 0.896504 -0.833453 0.381256 -0.400001
55.352352 -582.593610 -11766.694125 143561.479622 0.364673 -0.067397 -0.928693 0.865449 0.392500 0.311355 0.343528 -0.917279 0.201463
