15232
30441
-18.849334 -27.977629 461.298056 1513.054371 -0.166571 -0.136333 0.976559 0.235035 0.956358 0.173602 -0.957608 0.258442 -0.127259
-21.121819 -33.055265 146.516715 1189.207301 -0.202324 -0.208884 0.956782 0.071402 0.971241 0.227139 -0.976712 0.114272 -0.181590
-21.229330 -33.108791 -146.528820 1734.421431 -0.124807 0.037493 0.991472 0.176451 0.984195 -0.015006 -0.976365 0.173074 -0.129450
-19.677656 -32.226022 100.876043 920.767189 -0.306617 -0.437746 0.845201 -0.009522 0.889338 0.457151 -0.951785 0.132122 -0.276854
-14.561515 -36.719501 1370.635030 3359.638847 0.013036 0.254561 0.966969 0.287243 0.925337 -0.247474 -0.957769 0.280981 -0.061058
-12.120957 -23.549945 1280.785321 1772.472642 -0.056422 -0.041979 0.997524 0.372012 0.926285 0.060023 -0.926511 0.374478 -0.036646
-15.309758 -21.691187 261.416700 1532.533881 -0.326323 -0.637099 0.698297 0.184650 0.681541 0.708101 -0.927048 0.360010 -0.104762
-16.644639 -26.244909 451.323925 1021.976795 -0.296197 -0.588995 0.751899 0.087114 0.767284 0.635364 -0.951146 0.253693 -0.175957
-4.999729 -12.400399 -1458.886376 2583.922439 0.919448 0.355557 0.167910 0.007664 -0.443146 0.896417 -0.393136 0.822922 0.410175
6.086404 -9.870407 -5062.044230 2112.083509 0.904746 0.425940 0.002967 0.175586 -0.379292 0.908464 -0.388077 0.821409 0.417952
8.723495 -17.760711 -5352.719153 1184.391766 0.878955 0.472049 -0.067887 0.225048 -0.285044 0.931721 -0.420467 0.834218 0.356775
-16.075460 -31.797601 3393.705545 3519.620341 0.703549 0.362315 -0.611349 0.680642 -0.096218 0.726270 -0.204315 0.927076 0.314301
-16.814157 -116.114713 3095.809356 23187.982614 -0.087823 -0.493476 0.865314 0.996112 -0.037481 0.079723 -0.006909 0.868951 0.494849
-1.924721 -22.023687 2480.643785 3653.851788 0.093624 -0.429797 0.898059 0.955298 0.292849 0.040562 -0.280429 0.854116 0.438002
-21.326604 -33.561596 -115.861787 -575.895335 0.654696 0.621180 0.430707 0.730716 -0.665933 -0.150293 0.193463 0.413120 -0.889890
-21.022838 -34.299228 165.705663 -315.524838 -0.704958 -0.605908 -0.368660 -0.651903 0.758303 0.000278 0.279388 0.240527 -0.929564
-20.113819 -34.048117 -21.405278 299.055603 0.714832 0.635200 0.292467 -0.690669 0.706794 0.153031 0.109509 0.311390 -0.943951
37.642697 -25.311406 6722.959812 -150.361900 0.617783 -0.120870 0.777003 -0.277712 0.890906 0.359393 -0.735676 -0.437810 0.516820
39.290503 -21.887292 81.442153 -411.915965 0.303307 -0.271956 0.913260 -0.269273 0.894884 0.355913 -0.914055 -0.353867 0.198195
38.869857 -23.919454 5251.815685 40.420387 0.550673 -0.134349 0.823838 -0.197829 0.937838 0.285174 -0.810940 -0.320017 0.489863
17.589294 -26.483017 7903.398446 -91.085734 0.678962 -0.023160 0.733808 -0.246533 0.934274 0.257594 -0.691544 -0.355804 0.628626
15.916038 -25.962750 6936.771072 221.660387 0.653245 -0.001201 0.757146 -0.167910 0.974869 0.146415 -0.738293 -0.222777 0.636626
-2.470510 -63.982156 321.497527 196.444614 0.880920 0.016523 -0.472976 -0.273189 0.833827 -0.479688 -0.386455 -0.551779 -0.739049
-1.355624 -63.511879 -359.806511 394.369452 -0.879649 -0.031224 0.474598 -0.198933 0.930523 -0.307494 -0.432023 -0.364899 -0.824745
-0.586580 -63.720061 485.028241 470.915551 0.882600 0.038672 -0.468532 -0.282753 0.839875 -0.463315 -0.375591 -0.541401 -0.752208
-2.549751 -63.820023 -107.861456 418.104744 -0.872779 0.003136 0.488105 -0.180369 0.927131 -0.328475 -0.453567 -0.374725 -0.808615
-3.366937 -63.840150 149.526369 -144.125606 0.875155 -0.011809 -0.483698 -0.267036 0.821869 -0.503213 -0.403478 -0.569554 -0.716110
3.645116 -21.952982 1457.807357 794.011035 -0.052546 -0.556593 0.829122 0.958744 -0.260391 -0.114041 0.279371 0.788923 0.547313
8.250494 -21.250089 1147.016301 836.605787 -0.013269 -0.541749 0.840435 0.958698 -0.245716 -0.143254 0.284116 0.803823 0.522635
7.380660 -18.051245 1490.809022 752.574554 -0.010032 -0.558263 0.829603 0.929480 -0.311142 -0.198137 0.368737 0.769112 0.522016
4.217028 -24.168099 1781.824190 618.835950 -0.044026 -0.561845 0.826070 0.983340 -0.170341 -0.063448 0.176361 0.809515 0.559984
-1.098839 -25.026009 1128.569352 593.830302 -0.103251 -0.538392 0.836345 0.981266 -0.192638 -0.002867 0.162655 0.820381 0.548196
-0.617429 -32.157800 281.828796 355.091863 0.064577 -0.249470 0.966227 0.877818 -0.446312 -0.173901 0.474622 0.859401 0.190168
-0.064022 -31.931575 286.614932 -12.931919 0.065148 -0.252599 0.965375 0.793085 -0.574033 -0.203721 0.605617 0.778897 0.162935
-1.535982 -32.356192 184.900599 170.742240 0.055285 -0.231884 0.971171 0.864841 -0.474972 -0.162640 0.498993 0.848900 0.174284
1.067943 -30.924300 302.437688 -39.896276 0.082142 -0.264471 0.960889 0.820336 -0.529569 -0.215884 0.565952 0.805985 0.173455
-1.846436 -33.496465 129.643403 329.015764 0.068105 -0.227398 0.971417 0.935943 -0.322628 -0.141142 0.345502 0.918804 0.190859
-0.890933 -33.856034 233.695077 640.407685 0.068612 -0.242378 0.967753 0.941657 -0.304656 -0.143065 0.329507 0.921107 0.207334
0.591374 -31.692507 313.833707 629.327507 0.072508 -0.259147 0.963112 0.892074 -0.415002 -0.178825 0.446035 0.872133 0.201087
-4.907045 -46.167102 -110.013948 -1262.412957 0.059504 0.057820 0.996552 0.556489 0.826877 -0.081203 -0.828721 0.559403 0.017026
-4.032163 -42.133312 -176.087624 -622.284665 0.038720 0.032304 0.998728 0.372891 0.926810 -0.044435 -0.927067 0.374137 0.023840
-5.583213 -44.469455 -69.530337 -850.978675 0.066859 0.003016 0.997758 0.556642 0.829798 -0.039808 -0.828057 0.558056 0.053801
-6.258128 -48.504840 6.790404 -989.810734 0.093552 0.020689 0.995399 0.716663 0.692612 -0.081750 -0.691117 0.721014 0.049968
-5.892840 -44.691607 -18.907736 -716.664859 0.093284 -0.034646 0.995037 0.557497 0.829850 -0.023370 -0.824921 0.556910 0.096727
-6.459342 -48.061368 31.376748 -667.550421 0.101105 -0.032126 0.994357 0.722015 0.689986 -0.051121 -0.684450 0.723109 0.092956
11.949060 -21.655493 888.371006 -1321.327643 -0.210981 0.132838 0.968422 0.779889 -0.574389 0.248696 0.589288 0.807732 0.017586
9.937871 -19.579216 711.850123 682.397466 -0.188324 0.084320 0.978481 0.819255 -0.535967 0.203865 0.541623 0.840018 0.031856
10.830241 -24.029396 195.937373 2304.141650 -0.128525 0.129028 0.983277 0.789606 -0.586564 0.180181 0.600003 0.799559 -0.026493
0.831468 -24.603825 1841.842921 337.688481 0.014900 -0.315416 0.948837 0.928364 0.356815 0.104035 -0.371373 0.879316 0.298137
2.580179 -23.819696 1656.679825 46.647332 0.010140 -0.320033 0.947352 0.963213 0.257561 0.076699 -0.268547 0.911724 0.310872
0.601092 -24.514148 -286.965526 182.693337 -0.028807 -0.289330 0.956796 0.926223 0.352206 0.134392 -0.375873 0.890078 0.257838
-0.907319 -25.823889 249.727098 318.362016 -0.020818 -0.298053 0.954322 0.874204 0.457728 0.162027 -0.485113 0.837645 0.251030
1.109340 -25.771383 1726.556638 328.811735 0.027121 -0.305177 0.951909 0.873122 0.470911 0.126096 -0.486746 0.827714 0.279228
-7.276105 -36.684481 -502.305805 1571.830707 0.889751 0.062458 -0.452154 0.455073 -0.198184 0.868120 0.035388 0.978173 0.204757
-5.864062 -37.318138 -784.741286 1716.520609 0.865337 0.102683 -0.490559 0.501101 -0.195816 0.842944 0.009503 0.975250 0.220902
-5.366415 -34.326256 -434.547786 675.317104 0.874078 0.077614 -0.479545 0.480531 -0.282941 0.830081 0.071257 0.955992 0.284609
-8.761853 -39.720371 -281.354599 1856.313091 0.884830 0.053580 -0.462822 0.465779 -0.077854 0.881470 -0.011197 0.995524 0.093844
-10.820589 -39.339503 -396.053928 1062.614890 0.909443 0.021706 -0.415262 0.415348 -0.095434 0.904643 0.019994 0.995199 0.095808
-9.170635 -44.541776 -670.004355 -808.272422 0.850394 0.093687 -0.517738 0.469940 0.307278 0.827488 -0.236614 0.946997 -0.217280
-8.888375 -43.895548 -859.026455 124.595613 0.850397 0.096965 -0.517129 0.495383 0.183565 0.849058 -0.177255 0.978214 -0.108068
-10.767497 -43.754662 -173.432324 -810.055940 0.864615 0.049335 -0.500007 0.465415 0.296275 0.834032 -0.189286 0.953828 -0.233203
-10.073125 -43.480435 -168.398281 -407.251385 0.853839 0.051063 -0.518027 0.455860 0.407087 0.791500 -0.251298 0.911961 -0.324309
-0.671765 -56.435452 -166.819207 291.290945 0.948408 0.122587 -0.292394 -0.119502 0.992426 0.028461 0.293668 0.007949 0.955874
-1.332517 -57.462157 151.085104 3092.915039 0.939738 0.137438 -0.313055 -0.091524 0.983353 0.156975 0.329418 -0.118863 0.936672
-0.694842 -56.522028 416.301196 -192.825351 0.938386 0.134174 -0.318479 -0.115694 0.990347 0.076343 0.325648 -0.034793 0.944851
0.047894 -49.739497 2398.396896 808.908089 0.923749 -0.381160 -0.037489 0.334825 0.756154 0.562248 0.185959 0.531929 -0.826118
0.256205 -44.871619 1403.984739 1502.259979 0.915762 -0.396340 -0.065538 0.315322 0.608093 0.728556 0.248903 0.687849 -0.681843
5.530670 -48.634137 1345.820975 564.452195 0.899101 -0.429236 -0.085874 0.404590 0.739970 0.537356 0.167109 0.517880 -0.838972
8.874505 -50.201843 4169.980640 -335.449118 0.901238 -0.431572 -0.038930 0.419405 0.846173 0.328772 0.108947 0.312629 -0.943607
0.249352 -51.886522 3552.862141 -37.296821 0.925100 -0.379589 -0.010105 0.358206 0.863538 0.354952 0.126009 0.331986 -0.934830
-15.795895 -884.905349 -1248.238814 -6676.578044 0.527616 0.843800 0.098095 -0.118885 0.187685 -0.975008 0.841123 -0.502768 -0.199341
-5.461227 -691.169037 4525.414591 117262.727582 0.581599 0.807169 0.101097 -0.338858 0.353373 -0.871953 0.739539 -0.472870 -0.479037
31.323825 -1504.323579 762.828733 283991.516658 0.667093 0.722288 0.182446 -0.477873 0.602762 -0.638996 0.571511 -0.339084 -0.747260
19.666922 -328.207801 1791.368449 23944.745487 0.657168 0.752460 -0.043976 -0.481212 0.373934 -0.792848 0.580142 -0.542197 -0.607830
-272.148294 -1542.935440 55328.369786 473337.466715 0.892294 0.029368 -0.450499 0.232830 -0.884871 0.403477 0.386785 0.464909 0.796403
-186.955087 -1586.293339 40670.956681 128327.289108 0.854752 0.070106 -0.514281 -0.224565 -0.843346 -0.488198 0.467943 -0.532778 0.705108
-276.431000 -1796.916505 -114547.843410 -249708.606127 0.885587 -0.235995 0.400053 -0.464411 -0.435701 0.771030 0.007656 0.868603 0.495449
18.547730 -2147.105547 1547.689763 77875.200553 -0.751008 -0.187937 0.632982 0.264413 0.792821 0.549109 -0.605040 0.579754 -0.545722
-13.358900 -15.771702 290.287250 225.172577 -0.503041 0.763326 0.405320 0.294623 -0.289430 0.910729 -0.812495 -0.577550 0.079298
-11.802453 -15.764169 433.759528 107.116253 -0.410354 0.752965 0.514445 0.319900 -0.409424 0.854422 -0.853975 -0.515186 0.072865
-13.838985 -15.137777 191.794111 -383.980680 -0.509891 0.734648 0.447554 0.252286 -0.369684 0.894251 -0.822413 -0.568882 -0.003157
0.571660 -41.894327 -959.418860 2084.132256 0.817461 -0.511779 -0.264274 0.519667 0.457445 0.721589 0.248403 0.727205 -0.639897
-5.178188 -36.184635 -224.505543 2028.620716 0.740713 -0.579477 -0.339926 0.592328 0.324553 0.737437 0.317004 0.747577 -0.583641
2.294951 -44.685361 -415.187225 2254.168169 0.765974 -0.561665 -0.312757 0.610937 0.484547 0.626075 0.200099 0.670632 -0.714292
-4.233641 -8.779299 -327.231892 488.310589 0.113925 0.255098 0.960180 0.856360 -0.515174 0.035264 0.503655 0.818242 -0.277147
-2.687505 -6.460372 -393.413866 76.533212 -0.223804 0.444201 0.867524 0.814640 -0.403383 0.416706 0.535045 0.799980 -0.271585
-2.174371 -7.810728 -460.354694 391.913408 -0.022587 0.356163 0.934151 0.864138 -0.462927 0.197394 0.502748 0.811693 -0.297318
-4.224887 -7.337442 -543.004392 12.713406 -0.276560 0.466754 0.840033 0.787284 -0.391228 0.476575 0.551088 0.793146 -0.259270
-3.376409 -10.338932 -379.827605 615.183267 0.112619 0.276201 0.954479 0.876875 -0.479423 0.035270 0.467341 0.832986 -0.296186
-5.742518 -12.654065 -161.662280 656.174117 0.380577 0.063186 0.922588 0.805230 -0.513211 -0.297017 0.454715 0.855934 -0.246195
-5.951472 -9.593117 -394.546719 581.694237 0.217720 0.170658 0.960976 0.831915 -0.547344 -0.091278 0.510407 0.819323 -0.261140
-4.983780 -12.024863 -35.240138 655.808861 0.299741 0.135823 0.944303 0.840721 -0.505461 -0.194159 0.450936 0.852092 -0.265697
5.023288 -54.484124 -501.145715 -131.509157 0.086019 0.214558 -0.972916 0.387415 0.892477 0.231072 0.917884 -0.396798 -0.006353
8.475925 -50.699995 -605.823401 1642.927987 0.066516 0.293909 -0.953516 0.357503 0.885166 0.297780 0.931540 -0.360692 -0.046195
7.463257 -55.784931 -456.153869 575.477992 0.082038 0.246121 -0.965761 0.519657 0.816311 0.252177 0.850427 -0.522552 -0.060930
4.411460 -57.716348 -385.207207 -614.084857 0.090232 0.171123 -0.981109 0.537923 0.820693 0.192617 0.838151 -0.545141 -0.017998
2.363493 -59.465764 -226.250300 -362.815919 0.074509 0.142069 -0.987049 0.372220 0.914303 0.159696 0.925149 -0.379298 0.015243
-986.500312 -2889.312714 243610.120776 357296.005365 0.001423 0.316114 -0.948720 0.908356 -0.397159 -0.130971 -0.418195 -0.861589 -0.287710
-720.979534 -2526.156014 -160511.514109 703406.039553 0.077709 -0.598697 0.797197 -0.383529 0.720129 0.578204 -0.920254 -0.350680 -0.173657
-810.275248 -3106.612853 155484.473172 318193.587100 0.294655 0.648381 -0.701984 0.877293 -0.474782 -0.070287 -0.378862 -0.595134 -0.708716
-702.781023 -2134.348957 459242.322612 700997.965923 0.673652 0.503353 -0.541137 0.676918 -0.126381 0.725127 0.296605 -0.854789 -0.425866
-1531.491764 -3041.556033 322858.306390 -654893.752870 0.310242 0.756725 -0.575427 0.914525 -0.072275 0.398020 0.259603 -0.649725 -0.714467
-10.605792 -23.314407 -490.583814 2694.010280 -0.158201 0.970878 -0.179913 0.931413 0.086245 -0.353599 0.327785 0.223513 0.917932
-3.493356 -23.059441 108.093204 -1183.308793 -0.276937 0.941688 -0.191130 0.894134 0.179704 -0.410159 0.351895 0.284484 0.891762
-7.701952 -28.967576 740.307265 4812.489872 0.035318 0.953792 -0.298385 0.927087 -0.142759 -0.346598 0.373179 0.264387 0.889290
-17.380510 -54.017069 3976.136396 10369.117833 0.216337 0.317638 -0.923203 0.177820 0.916961 0.357159 0.959989 -0.241430 0.141890
-8.338465 -36.622402 618.815944 3007.648197 0.298185 0.374777 -0.877854 0.364049 0.805520 0.467554 0.882357 -0.458999 0.103757
15.533424 -27.650320 -6349.194904 511.977389 0.521013 0.754394 -0.399292 -0.014923 -0.459680 -0.887959 0.853418 -0.468597 0.228241
-12.792360 -31.217968 3616.523800 3749.946027 0.353329 0.657337 -0.665633 0.024385 0.704813 0.708973 0.935181 -0.266733 0.233002
5.499839 -20.606076 -5139.319520 -682.857007 0.479834 0.865048 -0.146460 0.193369 -0.267099 -0.944069 0.855785 -0.424676 0.295437
2.951766 -22.427455 -1859.985169 -175.267266 -0.224899 0.114031 -0.967686 0.834649 0.534992 -0.130937 0.502774 -0.837126 -0.215496
8.990777 -21.208185 -834.075899 -231.256689 -0.264909 0.173252 -0.948581 0.840770 0.523180 -0.139245 0.472154 -0.834426 -0.284261
3.922392 -20.896746 -1729.883698 -239.413544 -0.206537 0.139533 -0.968439 0.894476 0.428078 -0.129085 0.396555 -0.892905 -0.213222
-0.772316 -21.705757 -1470.539492 -249.486578 -0.221657 0.139579 -0.965083 0.890716 0.431769 -0.142130 0.396855 -0.891119 -0.220030
10.378618 -95.787649 -1404.994597 -7170.322938 -0.277880 -0.927320 0.250720 0.933159 -0.198626 0.299604 -0.228029 0.317216 0.920531
10.992880 -103.387034 -1679.609587 -595.420319 -0.247308 -0.934902 0.254552 0.968557 -0.245887 0.037916 0.027144 0.255925 0.966315
26.137733 -100.049224 4378.156754 -10900.243941 0.223851 0.942251 -0.249105 0.916720 -0.116773 0.382085 -0.330932 0.313889 0.889920
11.128894 -83.793352 1421.008353 -10280.856702 0.292515 0.923323 -0.248818 0.833843 -0.118905 0.539043 -0.468125 0.365153 0.804688
0.952262 -21.508775 -663.909046 434.456960 0.278074 0.116814 -0.953430 -0.309276 0.950609 0.026266 0.909408 0.287570 0.300467
-1.331922 -18.935377 -353.673673 712.952658 0.268378 0.131014 -0.954363 -0.424714 0.905315 0.004846 0.864634 0.404030 0.298610
3.866864 -21.088997 -808.354006 657.993760 0.268824 0.142174 -0.952638 -0.365779 0.930022 0.035580 0.891033 0.338890 0.302017
6.404193 -23.017304 -990.543286 281.130466 0.271837 0.123210 -0.954423 -0.256545 0.965158 0.051527 0.927518 0.230846 0.293975
-0.196944 -35.717831 -16.819718 -408.733505 0.371588 0.894322 -0.249219 0.611793 -0.033970 0.790288 -0.698306 0.446132 0.559762
-1.595765 -39.165529 40.743204 -144.587426 0.436049 0.878859 -0.193568 0.721057 -0.212504 0.659484 -0.538459 0.427141 0.726369
-0.933408 -36.026059 -49.672570 -320.931929 0.387778 0.892411 -0.230721 0.707741 -0.127903 0.694797 -0.590534 0.432717 0.681194
0.246663 -32.631976 -60.474261 -443.501377 0.333613 0.898581 -0.285051 0.592318 0.035433 0.804925 -0.733390 0.437375 0.520425
-7.264690 -57.468256 17.601407 -1011.709680 -0.072554 0.812144 0.578928 -0.394549 -0.556479 0.731206 -0.916006 0.175364 -0.360806
-7.336327 -56.003860 -55.464624 -1264.486553 -0.101697 0.842535 0.528954 -0.394524 -0.522268 0.756034 -0.913241 0.131799 -0.385513
-6.161155 -58.389384 -19.964464 -149.921365 -0.069529 0.821447 0.566030 -0.167425 -0.568964 0.805139 -0.983430 0.038787 -0.177091
-5.631807 -59.468707 176.313572 -104.626163 -0.016929 0.791456 0.610991 -0.210242 -0.600234 0.771697 -0.977503 0.115392 -0.176559
0.511204 -36.239625 83.124897 -604.392462 -0.058266 0.847562 0.527488 0.857484 -0.228080 0.461194 -0.511201 -0.479185 0.713482
0.392444 -38.302437 90.116363 1236.975057 -0.089651 0.860451 0.501584 0.776145 -0.255243 0.576585 -0.624149 -0.440994 0.644952
-0.374388 -38.020292 202.461796 -341.153217 -0.045508 0.851124 0.522988 0.858315 -0.234541 0.456384 -0.511101 -0.469657 0.719859
-0.638546 -42.957408 -195.058853 -2209.866134 0.024749 -0.841818 -0.539194 0.926623 -0.183099 0.328396 -0.375176 -0.507757 0.775517
6.478666 -23.691147 -2079.448714 58.306221 0.315620 0.043573 -0.947885 0.483310 0.852273 0.200107 0.816576 -0.521280 0.247935
4.760625 -23.465446 -1880.895484 98.750483 0.329055 0.064400 -0.942112 0.390016 0.899335 0.197698 0.860006 -0.432492 0.270814
13.566273 -23.454935 -3685.936259 645.442331 0.311018 0.008954 -0.950362 0.451123 0.878737 0.155915 0.836514 -0.477223 0.269263
-3.128358 -23.195893 40.184788 -191.385628 0.311730 0.139961 -0.939806 0.419714 0.867081 0.268348 0.852446 -0.478102 0.211552
14.363851 -24.215279 -3695.817245 49.569552 0.284175 -0.005618 -0.958756 0.553654 0.817366 0.159313 0.782759 -0.576092 0.235385
6.815833 -23.251154 -2935.840344 0.162204 0.290148 -0.002347 -0.956979 0.578068 0.797371 0.173310 0.762661 -0.603485 0.232712
-2.269482 -29.110751 -92.273477 462.903630 0.267797 0.779512 -0.566256 -0.660566 0.576392 0.481066 -0.701383 -0.245221 -0.669275
-1.836724 -25.937277 -88.291221 341.431692 0.247610 0.806739 -0.536527 -0.533377 0.575805 0.619643 -0.808825 -0.132741 -0.572871
-3.569166 -28.157189 -239.543724 450.262297 0.258423 0.795563 -0.547994 -0.685807 0.550598 0.475930 -0.680357 -0.252827 -0.687890
-0.849211 -26.886750 -76.816315 371.987903 0.246988 0.791916 -0.558450 -0.505718 0.596938 0.622828 -0.826587 -0.128587 -0.547922
-3.758059 -31.041061 -170.486930 422.693213 0.283730 0.774041 -0.566002 -0.799639 0.516756 0.305845 -0.529221 -0.365820 -0.765572
-1.465164 -29.824200 -108.261236 441.676689 0.269143 0.761595 -0.589521 -0.637149 0.599815 0.484007 -0.722221 -0.245345 -0.646686
-2.892945 -32.105091 -103.764501 441.271678 0.293572 0.751592 -0.590698 -0.778561 0.546532 0.308458 -0.554670 -0.369340 -0.745607
209.711542 -16.489163 131539.955017 -1164.959898 0.842117 0.418015 -0.340739 0.005472 0.625168 0.780471 -0.539267 0.659112 -0.524177
223.710970 -9.089248 110994.397391 -949.696458 0.849170 0.507841 -0.144939 -0.189740 0.549490 0.813670 -0.492858 0.663444 -0.562968
317.393055 -10.441258 330871.112046 10509.731502 0.793202 0.560492 -0.238074 -0.123131 0.530498 0.838696 -0.596380 0.635941 -0.489806
533.811278 40.657860 -442898.379211 -7022.501451 -0.733536 -0.462746 0.497785 0.122764 0.630155 0.766703 -0.668471 0.623515 -0.405433
774.368116 5.889208 -495278.947871 -3196.474827 -0.643920 -0.530896 0.550923 0.126885 0.636002 0.761185 -0.754498 0.560045 -0.342171
-0.099310 -53.151330 953.813231 -1169.708519 0.838527 0.543891 0.032482 0.105619 -0.220740 0.969597 -0.534525 0.809603 0.242542
-2.074708 -53.957660 271.755355 -1444.310253 0.823825 0.566698 0.012879 0.157435 -0.250577 0.955210 -0.544543 0.784898 0.295649
0.809918 -59.290039 1004.897102 -2612.852498 0.836427 0.547772 0.018321 0.190851 -0.322432 0.927153 -0.513776 0.772000 0.374234
-2.871972 -51.175412 216.522850 75.438709 0.824333 0.565962 0.012724 0.079867 -0.138520 0.987134 -0.560443 0.812711 0.159388
4.708297 -58.642043 1405.859038 -2086.085531 0.837366 0.545739 0.031420 0.111759 -0.227177 0.967420 -0.535096 0.806573 0.251221
-0.313721 -51.903761 812.168137 -676.596245 0.837818 0.545246 0.027717 0.041073 -0.113575 0.992680 -0.544403 0.830547 0.117550
117.209683 -69.609347 20053.377781 5450.084342 0.573091 0.816000 0.075571 -0.572862 0.332967 0.748974 -0.586000 0.472523 -0.658275
67.818681 -65.751942 10439.938005 7389.851183 0.714427 0.695488 0.076745 -0.458357 0.382302 0.802343 -0.528680 0.608393 -0.591908
127.132796 -50.832094 21375.056238 4757.713762 0.627020 0.776447 0.063049 -0.451484 0.296251 0.841663 -0.634829 0.556206 -0.536309
156.544890 -49.374578 25894.247439 6732.340417 0.468181 0.883409 -0.019872 -0.431848 0.248372 0.867075 -0.770917 0.397367 -0.497781
125.846190 -74.082062 20393.049689 4385.748305 0.416851 0.908972 -0.002210 -0.658893 0.303840 0.688143 -0.626174 0.285397 -0.725572
82.437534 -82.126121 15210.461746 5683.837275 0.534668 0.841963 0.072309 -0.693600 0.388349 0.606716 -0.482751 0.374545 -0.791623
83.952999 -47.043439 11524.717883 -1611.927438 -0.236853 0.969460 0.063623 -0.096783 -0.088705 0.991345 -0.966713 -0.228645 -0.114837
102.054959 -55.587470 18454.210138 -2872.813831 -0.067506 0.997654 0.011401 0.024608 -0.009758 0.999650 -0.997415 -0.067763 0.023892
145.248105 -55.890779 25687.026725 -2144.193343 -0.221785 0.965223 0.138407 0.120777 -0.113656 0.986152 -0.967587 -0.235430 0.091370
-6.619438 -69.846965 -149.807232 -3906.456194 0.790462 0.606593 -0.084943 -0.364777 0.354800 -0.860845 0.492044 -0.711451 -0.501727
-5.044758 -60.643991 95.438945 -155.739395 0.804128 0.587621 -0.089890 -0.342930 0.335035 -0.877582 0.485570 -0.736514 -0.470924
-4.923786 -70.317115 304.698349 -4455.867940 0.793557 0.600022 -0.101202 -0.429984 0.435264 -0.790986 0.430559 -0.671207 -0.603407
-8.194448 -73.969972 -873.210940 -6592.610384 0.791231 0.598582 -0.125115 -0.414389 0.374368 -0.829536 0.449706 -0.708201 -0.544258
-8.438362 -55.657168 -409.987276 -146.463845 0.769686 0.631389 -0.094507 -0.327845 0.263874 -0.907132 0.547815 -0.729190 -0.410098
-956.269366 -13178.182340 -37563.240936 228067.891378 0.826928 -0.385558 -0.409311 0.442905 0.895079 0.051660 0.346448 -0.224005 0.910931
279.956313 -1084.152061 66437.050398 -110414.322474 0.797974 -0.332508 -0.502669 -0.498566 0.104427 -0.860539 -0.338628 -0.937301 0.082447
2.470358 -868.881188 -2845.208023 149215.440807 0.949105 -0.284043 -0.136087 -0.311854 -0.908030 -0.279693 0.044127 -0.307897 0.950396
4.223857 -12.379947 2095.027635 -391.838723 0.572431 0.387191 -0.722777 0.624620 0.365148 0.690302 0.531199 -0.846611 -0.032825
13.996195 -16.016438 1824.014308 -740.513871 0.488463 0.277163 -0.827396 0.698504 0.444096 0.561134 0.522969 -0.852033 0.023325
6.685508 -15.815046 2314.283762 -1038.093617 0.457995 0.309178 -0.833456 0.694156 0.461311 0.552575 0.555327 -0.831626 -0.003340
-0.224409 -14.538550 3875.406544 -1186.685468 0.458944 0.370789 -0.807394 0.674440 0.446171 0.588270 0.578360 -0.814523 -0.045308
-2.629398 -11.474755 2658.868965 903.782485 0.658742 0.471837 -0.586028 -0.521226 -0.275510 -0.807724 0.542570 -0.837535 -0.064444
-1.057716 -38.790382 1.011686 357.309988 0.386948 0.648539 -0.655491 0.895094 -0.093392 0.435988 0.221538 -0.755431 -0.616641
-1.425993 -39.696288 0.901278 259.769291 0.366108 0.645300 -0.670487 0.910714 -0.100403 0.400649 0.191220 -0.757302 -0.624442
-1.716539 -40.217002 4.413284 -41.678100 0.368475 0.650993 -0.663653 0.929440 -0.272717 0.248531 -0.019198 -0.708402 -0.705548
-5.817203 -20.004578 969.334901 -1870.052626 0.980860 -0.096393 0.169183 0.137296 -0.273740 -0.951954 -0.138073 -0.956961 0.255266
-9.486739 -23.927080 877.477529 -366.298631 0.991808 -0.101021 0.078177 0.060232 -0.169846 -0.983628 -0.112645 -0.980279 0.162370
-1.599772 -21.876837 1174.218158 706.271454 0.928984 -0.034230 0.368534 0.356412 -0.185746 -0.915680 -0.099798 -0.982001 0.160355
4.024751 -15.069665 1072.743504 -2098.261846 0.868195 -0.024094 0.495638 0.466041 -0.303439 -0.831102 -0.170421 -0.952546 0.252215
-0.824651 -9.505772 1288.862241 -4134.976522 0.920786 -0.029698 0.388935 0.349539 -0.379744 -0.856514 -0.173132 -0.924615 0.339282
172.265368 -1191.997659 121810.150201 -340989.046920 0.073237 0.083451 -0.993817 -0.401646 0.914578 0.047199 0.912862 0.395706 0.100499
-249.279622 -3747.329898 290963.947029 -2680480.801616 0.188398 0.184932 -0.964524 -0.334464 0.935484 0.114034 0.923385 0.301115 0.238096
133.155000 -629.963343 83613.028220 -89140.437439 0.079306 0.224713 -0.971192 0.174456 0.956097 0.235466 0.981466 -0.188105 0.036622
-71.877976 -745.890944 -38817.108891 6663.966660 -0.305114 -0.144435 0.941299 0.801563 -0.572652 0.171951 0.514201 0.806975 0.290498
813.122711 -3432.793886 340350.924398 -967431.075464 0.171520 0.101649 -0.979923 -0.346904 0.937190 0.036496 0.922084 0.333679 0.196009
-82.372925 -923.288510 -17491.976977 617190.042719 -0.151709 -0.151999 0.976668 0.804314 -0.593310 0.032600 0.574512 0.790493 0.212265
4.787943 -129.205172 1689.884956 13317.273372 -0.367304 0.482641 0.795076 -0.076892 0.836144 -0.543094 -0.926917 -0.260615 -0.270008
23.129468 -206.292512 3392.766202 25769.621037 -0.402184 0.500209 0.766837 -0.096162 0.809851 -0.578700 -0.910495 -0.306484 -0.277608
5.066233 -108.661157 1471.356378 7070.539050 -0.354728 0.382965 0.852940 0.141781 0.923748 -0.355792 -0.924157 -0.005279 -0.381977
0.302706 -74.445417 731.557920 4566.214443 -0.373464 0.387740 0.842723 0.078848 0.918435 -0.387633 -0.924288 -0.078320 -0.373575
-1.592058 -92.204663 68.537340 9768.521287 -0.394891 0.497829 0.772158 -0.124543 0.803699 -0.581857 -0.910247 -0.325937 -0.255373
15.999283 -26.984319 1350.094669 183.140018 0.552412 0.740209 -0.383317 0.831692 -0.458568 0.313056 0.055950 -0.491737 -0.868944
9.754638 -26.618315 1533.269327 183.502265 0.574738 0.750824 -0.325483 0.811128 -0.469999 0.348097 0.108383 -0.464073 -0.879141
12.954573 -28.115173 1476.529755 102.007623 0.595526 0.723696 -0.348730 0.799340 -0.577063 0.167493 -0.080025 -0.378501 -0.922135
10.418212 -25.132620 923.143484 100.360014 0.522655 0.752091 -0.401486 0.826008 -0.330141 0.456857 0.211051 -0.570409 -0.793783
17.142692 -29.497747 430.418624 461.101929 0.597935 0.677306 -0.428639 0.790261 -0.587558 0.173966 -0.134022 -0.442756 -0.886569
18.605001 -27.293669 521.679142 504.902141 0.529441 0.700714 -0.478218 0.848283 -0.444201 0.288274 -0.010427 -0.558288 -0.829582
14.366536 -25.491131 408.588394 6.128503 0.488536 0.731425 -0.475762 0.860440 -0.313338 0.401824 0.144830 -0.605670 -0.782424
-27.387443 -39.945300 -144.743194 1120.290670 -0.162124 0.121528 0.979258 -0.004945 0.992275 -0.123962 -0.986758 -0.024939 -0.160271
-23.301881 -36.019952 -29.329710 899.724773 -0.242408 -0.234589 0.941385 -0.050239 0.972059 0.229296 -0.968873 0.008289 -0.247421
-6.510456 -15.116029 -3462.550583 992.582243 0.857627 0.435277 -0.273879 0.413310 -0.266479 0.870726 -0.306024 0.859955 0.408444
-23.762066 -34.616452 500.621769 12.644688 -0.588457 -0.646251 -0.485879 -0.728792 0.684189 -0.027364 0.350117 0.338002 -0.873598
-22.514930 -33.546405 504.171639 -760.600412 -0.673898 -0.616229 -0.407583 -0.615258 0.773496 -0.152189 0.409046 0.148209 -0.900397
-20.269409 -33.278873 20.647602 -771.590655 -0.739865 -0.597624 -0.308942 -0.581943 0.798933 -0.151817 0.337553 0.067463 -0.938886
48.542335 -22.544075 3427.489027 -250.456735 0.425019 -0.228651 0.875830 -0.339341 0.856759 0.388346 -0.839170 -0.462259 0.286548
48.948619 -21.214481 -4632.939097 -412.610396 0.163505 -0.340509 0.925916 -0.338672 0.862136 0.376859 -0.926589 -0.375200 0.025643
37.849660 -19.578545 -6029.567799 -4.830536 0.021266 -0.381378 0.924175 -0.257378 0.891139 0.373668 -0.966077 -0.245808 -0.079207
36.981832 -18.705673 -5896.621224 803.934172 0.035341 -0.330090 0.943288 -0.144706 0.932240 0.331645 -0.988843 -0.148220 -0.014820
0.534398 -62.866154 -524.281040 363.274510 -0.881084 -0.049543 0.470358 -0.210843 0.931355 -0.296855 -0.423364 -0.360726 -0.831048
0.470699 -61.992403 -443.950184 194.935578 -0.878795 -0.050120 0.474560 -0.122760 0.984744 -0.123325 -0.461139 -0.166634 -0.871541
-1.096045 -62.839119 -195.441784 259.514232 -0.875974 -0.024753 0.481723 -0.103748 0.984977 -0.138045 -0.471069 -0.170901 -0.865383
11.092061 -17.930628 699.913181 801.668447 0.007145 -0.514325 0.857565 0.929170 -0.313544 -0.195790 0.369585 0.798223 0.475655
13.101325 -20.449604 -44.701894 858.608643 0.022308 -0.457126 0.889122 0.956395 -0.249306 -0.152171 0.291225 0.853746 0.431632
10.195003 -23.856186 794.750261 632.743820 0.002330 -0.522140 0.852856 0.983919 -0.151124 -0.095210 0.178600 0.839364 0.513392
1.610908 -32.886035 251.248576 -651.630971 0.086866 -0.257388 0.962396 0.736519 -0.633906 -0.236014 0.670816 0.729324 0.134507
-2.805220 -43.856133 -222.932451 -1097.557673 0.033124 0.083888 0.995924 0.377473 0.921619 -0.090184 -0.925428 0.378922 -0.001137
-1.538456 -41.331560 -322.711203 337.371520 0.016179 0.054241 0.998397 0.206268 0.976868 -0.056413 -0.978362 0.206850 0.004617
3.767814 -24.340004 -977.624592 -77.399808 -0.042481 -0.287846 0.956734 0.961811 0.247382 0.117135 -0.270396 0.925174 0.266345
7.459903 -23.564931 684.822348 66.554676 0.011462 -0.315157 0.948970 0.988885 0.144269 0.035968 -0.148243 0.938010 0.313307
10.944612 -23.263675 1350.859566 114.588397 0.060763 -0.304319 0.950630 0.996828 0.067536 -0.042096 -0.051391 0.950173 0.307457
10.552278 -23.822919 -29.170051 277.126378 0.030942 -0.312887 0.949286 0.999111 0.036898 -0.020405 -0.028642 0.949073 0.313751
8.975113 -24.589479 -1392.046092 -106.714393 -0.027090 -0.287638 0.957356 0.987458 0.141318 0.070400 -0.155541 0.947256 0.280203
-3.327346 -35.330713 -500.896458 678.262081 0.852081 0.106402 -0.512480 0.521113 -0.264071 0.811608 0.048974 0.958616 0.280457
-3.914310 -40.158471 -964.926808 1406.033169 0.841621 0.130053 -0.524176 0.537270 -0.102938 0.837105 -0.054910 0.986149 0.156508
-6.914459 -39.945064 -927.164921 2012.744601 0.860418 0.112015 -0.497126 0.506622 -0.082900 0.858174 -0.054916 0.990243 0.128078
-6.596631 -45.743584 -1179.723880 328.934912 0.832504 0.129414 -0.538692 0.497596 0.252849 0.829738 -0.243587 0.958811 -0.146102
-7.271320 -43.206008 -1446.262313 1190.690059 0.843653 0.136673 -0.519201 0.517502 0.050514 0.854190 -0.142972 0.989327 0.028112
-8.902586 -42.139629 -762.684799 1156.428477 0.867988 0.088836 -0.488574 0.487177 0.038265 0.872464 -0.096202 0.995311 0.010065
-4.683007 -24.639712 -10.967134 293.969558 0.114755 -0.222086 0.968250 -0.217140 0.945512 0.242606 -0.969372 -0.238086 0.060279
-4.572477 -23.143652 -50.911067 189.073492 0.095559 -0.230395 0.968394 -0.065700 0.969265 0.237085 -0.993253 -0.086279 0.077485
-5.323350 -24.572477 4.517977 370.153947 0.088812 -0.250759 0.963967 -0.221569 0.938569 0.264566 -0.971092 -0.237082 0.027796
-5.882444 -25.246956 56.755417 123.324027 0.106020 -0.249830 0.962468 -0.401368 0.874817 0.271291 -0.909760 -0.415066 -0.007526
-6.221004 -25.317269 104.722392 112.040151 0.095689 -0.296720 0.950158 -0.413617 0.856379 0.309089 -0.905409 -0.422578 -0.040782
-5.856962 -24.780056 189.775525 396.417027 0.086574 -0.287366 0.953900 -0.241644 0.922845 0.299941 -0.966495 -0.256471 0.010454
-4.718701 -98.876789 -229.603697 -455.142398 0.945577 0.244098 -0.215174 -0.158004 0.922505 0.352163 -0.284461 0.298999 -0.910868
-6.008927 -101.732478 -492.447582 -3162.807901 -0.959626 -0.236311 0.152559 -0.210452 0.963064 0.167981 -0.186620 0.129092 -0.973914
-5.001239 -96.806653 316.075369 -3353.333273 -0.944298 -0.248459 0.215801 -0.232100 0.967690 0.098517 -0.233306 0.042942 -0.971455
-1.671969 -63.973661 116.801853 516.608700 -0.869077 0.015646 0.494429 -0.076095 0.983375 -0.164875 -0.488789 -0.180913 -0.853438
-1.546581 -63.773400 133.842175 387.593055 -0.870439 0.056540 0.489018 -0.048951 0.978518 -0.200266 -0.489836 -0.198258 -0.848973
-0.326814 -63.606957 202.742165 344.482680 -0.869037 0.016614 0.494468 0.026948 0.999542 0.013777 -0.494013 0.025298 -0.869087
-3.147837 -63.280101 721.542023 5263.771179 0.933840 0.103748 -0.342314 -0.026497 0.974447 0.223048 0.356708 -0.199221 0.912727
-2.834354 -70.393376 395.993588 3267.947812 0.934883 0.093090 -0.342531 0.034161 0.936922 0.347866 0.353308 -0.336916 0.872732
2.783419 -45.442549 1364.416650 1434.243279 0.890504 -0.444947 -0.095003 0.378027 0.607391 0.698693 0.253178 0.658102 -0.709086
-2.305332 -39.144642 991.329348 1573.950828 0.904145 -0.416567 -0.094839 0.303821 0.470869 0.828236 0.300359 0.777659 -0.552296
2.103459 -43.593400 923.606472 1623.915350 0.874712 -0.462547 -0.144670 0.411278 0.550542 0.726467 0.256378 0.694949 -0.671801
-4.116410 -37.179296 297.176890 1661.528818 0.883281 -0.448750 -0.135788 0.347211 0.431474 0.832631 0.315055 0.782594 -0.536924
-4.594594 -31.597234 555.689392 1246.728179 0.909726 -0.409835 -0.066582 0.219821 0.339356 0.914613 0.352245 0.846683 -0.398811
-5.782720 -32.744675 312.844855 1405.795983 0.930301 -0.361677 -0.061066 0.195161 0.347115 0.917292 0.310567 0.865275 -0.393506
-3.591434 -168.766607 3243.577303 -25193.829646 0.580904 0.812790 -0.043857 0.528296 -0.417469 -0.739340 0.619237 -0.406316 0.671903
-8.040155 -383.598575 -1332.323386 -70948.321248 -0.617307 -0.777300 -0.121394 0.708762 -0.482504 -0.514632 0.341450 -0.403725 0.848774
0.726256 -392.381910 4322.963002 -69741.056940 0.564857 0.824824 -0.024546 0.368622 -0.278829 -0.886776 0.738278 -0.491854 0.461547
31.243248 -2968.898984 4092.675581 596205.174342 -0.827250 -0.067048 0.557820 0.148675 0.931336 0.332429 -0.541806 0.357936 -0.760479
324.564832 -2398.531565 -194417.073769 -1848705.349949 0.832340 0.407181 -0.376050 -0.466521 0.881007 -0.078647 0.299279 0.240896 0.923256
-1969.737233 -8152.030839 291912.666690 -2078878.682733 0.943199 -0.123535 -0.308406 -0.317288 -0.059696 -0.946449 -0.098509 -0.990543 0.095501
-1.133916 -5.774201 -227.473104 64.713205 -0.231601 0.453599 0.860587 0.821546 -0.382564 0.422737 0.520982 0.804918 -0.284050
-1.313413 -5.625518 -54.224184 -105.093681 -0.439229 0.532924 0.723235 0.710571 -0.286506 0.642653 0.549696 0.796183 -0.252839
-2.293750 -6.876995 -205.503522 -207.252606 -0.526482 0.569848 0.630944 0.632924 -0.232794 0.738387 0.567648 0.788086 -0.238108
0.820808 -55.234318 2.689848 808.383052 0.041077 0.168232 -0.984891 -0.438310 0.888847 0.133546 0.897885 0.426202 0.110249
0.235723 -53.994839 -94.861882 1304.527368 0.063134 0.149939 -0.986677 -0.300522 0.945618 0.124471 0.951683 0.288660 0.104761
0.213859 -51.021169 -107.894618 653.286999 0.051320 0.176988 -0.982874 -0.443538 0.885823 0.136353 0.894785 0.428945 0.123962
9.733482 -49.854992 -132.427132 3992.817119 0.002299 0.329745 -0.944067 0.306200 0.898491 0.314572 0.951964 -0.289797 -0.098902
9.832078 -41.272067 -723.993801 2802.521380 0.037887 0.324426 -0.945152 0.201227 0.923979 0.325225 0.978812 -0.202512 -0.030276
10.296213 -39.728518 112.509441 4449.501042 -0.046560 0.336803 -0.940423 0.128257 0.935667 0.328750 0.990647 -0.105309 -0.086762
9.759450 -32.339983 -318.339201 2702.140294 -0.011134 0.296992 -0.954815 0.059810 0.953362 0.295842 0.998148 -0.053813 -0.028378
7.876513 -39.930086 -739.629642 297.387631 0.049283 0.254585 -0.965794 0.114783 0.959118 0.258683 0.992167 -0.123605 0.018046
-359.232125 -584.980872 -537.911540 128896.935832 0.065907 0.996225 0.056492 0.947793 -0.044799 -0.315725 0.312002 -0.074351 0.947168
589.097071 -1762.930827 -810003.317848 2775397.498767 0.625630 0.478454 -0.616172 -0.063288 0.818368 0.571199 0.777548 -0.318363 0.542277
-134.247555 -1357.062263 191747.224497 363569.749201 -0.123924 -0.719455 -0.683394 0.985361 -0.007969 -0.170292 0.117071 -0.694494 0.709910
-479.954191 -1102.185091 106475.336834 150571.316095 0.673550 0.739065 -0.010639 0.736564 -0.672332 -0.073774 0.061676 -0.041854 0.997218
-39.260229 -172.122749 44.481645 -30173.804887 0.886974 0.448627 0.109594 -0.452586 0.891626 0.012995 -0.091887 -0.061127 0.993892
-3.842988 -1285.014498 19964.716475 328920.775287 0.523756 0.851466 -0.026176 0.808908 -0.487473 0.328692 -0.267110 0.193328 0.944074
-244.359929 -1014.098335 50228.324843 274144.684044 0.247364 0.934451 -0.256147 0.833404 -0.070355 0.548167 -0.494215 0.349071 0.796179
-348.095045 -1090.252001 90531.035929 283447.924884 0.198125 0.951664 -0.234697 0.848018 -0.046349 0.527937 -0.491541 0.303625 0.816210
-22.727995 -132.787617 -1403.668667 24939.070582 -0.421621 -0.889754 0.174852 0.902283 -0.430824 -0.016620 0.090118 0.150759 0.984454
-20.190563 -154.130080 -1123.447495 32122.928453 -0.473676 -0.874924 0.100696 0.880680 -0.471312 0.047615 0.005800 0.111235 0.993777
-20.185041 -88.931140 1147.458504 20637.767376 0.463403 0.881943 -0.086223 0.883147 -0.467643 -0.036893 0.072859 0.059052 0.995592
-11.432315 -988.504594 -8070.381407 189482.366054 -0.427297 -0.885884 0.180629 0.850827 -0.326433 0.411747 -0.305797 0.329622 0.893218
-16.724988 -27.831731 -376.823303 -947.930414 -0.065220 -0.248448 -0.966447 0.137407 0.957047 -0.255304 0.988365 -0.149448 -0.028280
-17.039084 -29.116372 -213.569087 -1105.659530 -0.004042 -0.225013 -0.974347 0.036880 0.973659 -0.225007 0.999312 -0.036844 0.004363
-17.143755 -28.207495 515.586097 -364.392574 -0.023783 -0.294927 -0.955224 0.120519 0.947680 -0.295599 0.992426 -0.122153 0.013006
-17.439876 -29.181579 -244.247964 -160.062957 -0.029400 -0.185965 -0.982116 -0.109479 0.977229 -0.181762 0.993554 0.102177 -0.049089
-19.129267 -28.736360 -165.884344 594.971837 -0.121354 -0.256393 -0.958924 -0.142623 0.960544 -0.238777 0.982310 0.107788 -0.153133
-18.059771 -28.723683 81.046140 971.904601 -0.076399 -0.167542 -0.982900 -0.244486 0.958835 -0.144437 0.966638 0.229270 -0.114216
-17.805714 -29.160793 -59.835829 548.733104 0.001021 -0.065358 -0.997861 -0.272704 0.960023 -0.063159 0.962098 0.272185 -0.016843
-18.452454 -27.777177 -26.184212 655.402206 -0.101277 -0.054088 -0.993387 -0.341560 0.939718 -0.016343 0.934387 0.337646 -0.113646
8.792772 -22.977949 -1445.989926 -318.079022 -0.265557 0.144249 -0.953243 0.775625 0.619218 -0.122373 0.572613 -0.771855 -0.276321
10.024584 -19.957005 221.387988 -342.406547 -0.330316 0.230105 -0.915392 0.838550 0.516730 -0.172696 0.433272 -0.824647 -0.363638
9.755007 -18.664785 -142.034098 -147.936251 -0.251485 0.212834 -0.944170 0.889448 0.435466 -0.138747 0.381624 -0.874683 -0.298819
10.702389 -21.891334 56.242987 -559.545723 -0.344460 0.212287 -0.914484 0.785419 0.598762 -0.156849 0.514261 -0.772281 -0.372983
11.670234 -22.698649 18.867694 -402.118618 -0.321412 0.191266 -0.927422 0.772180 0.619838 -0.139779 0.548116 -0.761064 -0.346916
23.853762 -107.612172 -3104.310965 -2873.465829 -0.167107 -0.966061 0.196980 0.985711 -0.159404 0.054450 -0.021203 0.203264 0.978894
8.761636 -107.822830 917.862272 6911.729869 0.214339 0.951768 -0.219536 0.932161 -0.266459 -0.245102 0.291778 0.152108 0.944314
4.155154 -102.066689 718.504106 6173.424875 0.249740 0.934703 -0.252905 0.924230 -0.308005 -0.225681 0.288840 0.177380 0.940802
-2.971958 -20.727908 -463.700474 481.476116 0.273977 0.118881 -0.954360 -0.341714 0.939613 0.018945 0.898982 0.320928 0.298056
-2.873813 -15.296865 -293.167196 725.479969 0.268303 0.126685 -0.954968 -0.503144 0.863788 -0.026772 0.821498 0.487670 0.295497
-1.351389 -14.657409 -149.581866 673.796682 0.261124 0.131539 -0.956301 -0.517302 0.855478 -0.023582 0.814993 0.500854 0.291432
-3.999066 -18.735799 -332.103359 740.186632 0.256894 0.123898 -0.958465 -0.432903 0.901440 0.000497 0.864061 0.414795 0.285210
-0.909511 -39.886846 50.252843 -389.074542 0.416480 0.884218 -0.211432 0.630229 -0.113177 0.768116 -0.655253 0.453155 0.604396
-2.279542 -42.733451 112.947499 181.727724 0.483368 0.861243 -0.156894 0.733518 -0.300638 0.609563 -0.477814 0.409728 0.777056
-2.985349 -39.903311 76.485041 431.854250 0.502461 0.853003 -0.141134 0.788116 -0.384743 0.480464 -0.355537 0.352645 0.865584
