18241
36468
-37.178945 -55.390281 -1574.630588 4630.345508 0.211800 0.960437 -0.180836 0.943360 -0.249260 -0.218956 0.255368 0.124219 0.958831
-46.763493 -69.666571 -360.361136 7469.135159 -0.174198 0.981596 -0.078259 0.970772 0.157865 -0.180775 0.165094 0.107462 0.980406
-36.520754 -55.059442 -1586.684495 7151.322274 -0.055672 0.997268 -0.048559 0.952177 0.038395 -0.303125 0.300432 0.063112 0.951713
-41.052580 -62.192854 680.446418 5162.675244 -0.192305 -0.953855 0.230608 0.963458 -0.228165 -0.140317 0.186458 0.195197 0.962877
-32.888480 -46.385119 -965.784965 3680.453301 0.441511 0.859627 -0.257117 0.828768 -0.500514 -0.250257 0.343818 0.102599 0.933414
-35.359992 -52.063749 -557.863968 3426.329613 0.477759 0.813927 -0.330558 0.831925 -0.540064 -0.127401 0.282218 0.214133 0.935147
67.166798 -97.414136 -6357.747889 -5998.689224 -0.259607 0.954344 0.147755 -0.205545 0.094890 -0.974036 0.943586 0.283237 -0.171527
78.613074 -99.293252 -3138.470684 659.438779 -0.422058 0.891586 0.164136 -0.226817 0.071443 -0.971314 0.877736 0.447180 -0.172074
71.033128 -96.104675 -5551.353372 3048.183027 -0.318133 0.939396 0.127776 -0.388783 -0.006348 -0.921308 0.864661 0.342775 -0.367241
62.226722 -104.235388 -4461.547146 -4991.367817 -0.166563 0.981447 0.094965 -0.395055 0.021819 -0.918398 0.903432 0.190488 -0.384091
65.502951 -99.340384 -4730.909276 1635.281146 -0.220035 0.968184 0.119182 -0.557660 -0.024602 -0.829705 0.800375 0.249027 -0.545330
67.533023 -89.226415 -3622.541035 4864.635687 -0.363854 0.916917 0.163934 -0.538715 -0.063577 -0.840086 0.759866 0.393982 -0.517090
-49.611839 -67.487253 1250.417999 -109.846436 0.212085 -0.513991 -0.831164 -0.394261 0.733221 -0.554026 0.894191 0.445196 -0.047142
-51.014160 -67.827083 608.411062 1546.504258 0.249360 -0.397696 -0.882982 -0.503086 0.725896 -0.469019 0.827481 0.561171 -0.019066
-50.976407 -68.250267 958.463778 -377.366467 0.298037 -0.388502 -0.871918 -0.407297 0.774347 -0.484248 0.863298 0.499453 0.072548
-49.049286 -64.211530 237.560168 -3210.387434 0.272860 -0.453877 -0.848259 -0.274337 0.808400 -0.520796 0.922110 0.374813 0.096065
16.999284 -87.544837 2012.667354 -9495.746261 0.710317 0.662277 -0.238408 0.685159 -0.728155 0.018623 0.161265 0.176575 0.970987
19.371164 -82.512355 3446.768615 -10934.684039 0.734779 0.638798 -0.228116 0.673981 -0.725489 0.139340 0.076485 0.256130 0.963612
13.945196 -77.849167 2054.863995 -9846.628109 0.719356 0.648478 -0.249003 0.689113 -0.711340 0.138267 0.087463 0.271055 0.958582
13.357453 -83.187854 -36.176547 5176.507964 0.692085 0.678488 -0.246318 -0.694564 0.718862 0.028592 0.196468 0.151295 0.968767
7.548596 -71.081804 -1432.479894 -6521.975660 -0.692024 -0.659739 0.292997 0.714922 -0.682562 0.151643 0.099944 0.314411 0.944011
17.681949 -51.422747 -2847.937316 87.508774 -0.058182 0.997824 -0.031015 0.617895 0.011593 -0.786175 0.784105 0.064905 0.617225
14.903288 -50.856678 1526.426403 -15.167662 -0.056400 0.997916 -0.031361 0.548223 0.004702 -0.836319 0.834428 0.064361 0.547346
13.996621 -52.127119 1505.591071 -67.949324 -0.034851 0.998637 -0.038865 0.632686 -0.008057 -0.774366 0.773624 0.051577 0.631543
11.697638 -51.013347 -141.252273 175.079347 -0.041438 0.998132 -0.044887 0.696575 -0.003347 -0.717476 0.716286 0.060998 0.695135
-22.811812 -53.074499 -6041.589068 -408.383776 0.043971 0.578665 -0.814379 0.937757 0.257189 0.233380 0.344498 -0.773952 -0.531338
-22.254264 -53.650300 -3740.743487 -1815.914391 -0.110062 0.562782 -0.819245 0.932361 0.344040 0.111080 0.344367 -0.751607 -0.562582
-22.622177 -53.739888 -1909.740281 -39.701340 -0.122932 0.559948 -0.819357 0.888873 0.429299 0.160021 0.441353 -0.708633 -0.550497
-18.232383 -49.907761 -1275.346592 -2531.142184 -0.072847 0.569572 -0.818707 0.891695 0.404893 0.202342 0.446737 -0.715297 -0.537379
-21.635651 -51.425787 -554.553093 547.188476 -0.168679 0.549410 -0.818349 0.834056 0.521994 0.178531 0.525260 -0.652435 -0.546288
-24.568575 -54.278306 186.365609 3706.832797 -0.173225 0.581199 -0.795110 0.836164 0.513369 0.193087 0.520407 -0.631395 -0.574906
-0.674873 -52.373034 -1531.108824 -7014.277206 0.389551 0.911543 -0.131678 0.402664 -0.297146 -0.865775 0.828319 -0.284241 0.482799
0.190712 -54.623931 -1570.384279 -7733.162146 0.365344 0.925231 -0.102326 0.403476 -0.256457 -0.878315 0.838887 -0.279601 0.467004
0.947955 -53.969505 -444.893108 -2452.086697 0.366414 0.922844 -0.118742 0.256925 -0.223006 -0.940350 0.894276 -0.314050 0.318814
-3.815826 -40.957928 -443.030685 -2791.163156 -0.325884 -0.942185 0.078020 0.944917 -0.321937 0.059066 -0.030533 0.092971 0.995201
-1.986046 -35.833384 598.796142 -664.146480 0.369407 0.925196 -0.086891 0.926589 -0.373823 -0.041100 0.070507 0.065330 0.995370
-0.383088 -39.103274 -1790.203725 -2419.356351 -0.353838 -0.930098 0.098568 0.934834 -0.348341 0.068873 -0.029723 0.116514 0.992744
-3.039412 -47.222563 -3178.224867 3693.474324 -0.290576 -0.950884 0.106701 0.955143 -0.281587 0.091705 -0.057156 0.128562 0.990053
-1.280586 -46.361668 -3655.336013 3563.674642 -0.317049 -0.940980 0.118479 0.946297 -0.305533 0.105692 -0.063255 0.145626 0.987315
1.409215 -38.518220 1238.280408 -3139.955654 -0.370600 -0.925207 0.081534 0.927003 -0.363012 0.094274 -0.057625 0.110520 0.992202
8.640081 -76.168667 -460.675461 -12763.876533 0.072860 0.995059 -0.067447 0.932273 -0.091978 -0.349866 0.354341 0.037388 0.934368
12.434763 -55.405577 -1603.750395 -6464.698801 0.082027 0.995999 -0.035451 0.972252 -0.087789 -0.216838 0.219083 0.016680 0.975564
12.869204 -54.936578 -140.557703 -11592.939224 0.111366 0.989674 -0.090239 0.963437 -0.129787 -0.234404 0.243695 0.060835 0.967942
10.708152 -66.972031 -161.455178 -17432.660922 0.105308 0.989060 -0.103298 0.944750 -0.131929 -0.300069 0.310414 0.065992 0.948308
-2.688672 -134.806874 961.802629 4689.085874 0.419180 0.844402 -0.333576 -0.311326 -0.211451 -0.926480 0.852856 -0.492213 -0.174248
-1.637314 -137.944742 1362.307562 6938.244330 0.410244 0.839365 -0.356605 -0.532228 -0.097174 -0.841006 0.740563 -0.534813 -0.406868
-1.019513 -130.705236 -385.246556 5619.246125 0.412107 0.831834 -0.371779 -0.535532 -0.108978 -0.837454 0.737138 -0.544221 -0.400563
-6.535240 -29.212572 -798.599877 3677.044280 0.356981 0.933497 -0.033896 -0.615864 0.207921 -0.759921 0.702336 -0.292153 -0.649131
-9.797550 -36.292342 -886.151543 4212.031328 0.249684 0.954669 -0.162063 -0.618995 0.028653 -0.784872 0.744650 -0.296286 -0.598090
-7.077498 -32.350704 -2020.791827 4013.737720 0.338736 0.936772 -0.087844 -0.597568 0.142081 -0.789130 0.726753 -0.319799 -0.607913
-3.813494 -27.759476 -2514.125279 2636.233777 0.417064 0.908874 0.002465 -0.570503 0.263901 -0.777742 0.707520 -0.322962 -0.628579
-2.234193 -22.701895 -978.686677 1854.489978 0.468370 0.878244 0.096520 -0.563416 0.381035 -0.733059 0.680582 -0.288962 -0.673282
-2.571999 -108.168050 76.988801 -6277.346240 0.865711 0.001984 0.500541 0.410198 -0.575882 -0.707176 -0.286849 -0.817530 0.499361
-2.254000 -95.692836 -813.211310 -3584.560877 0.867694 -0.034994 0.495865 0.324028 -0.716659 -0.617580 -0.376978 -0.696545 0.610502
-2.418174 -101.597716 -227.605330 -6866.094897 0.864541 -0.020745 0.502134 0.382715 -0.620404 -0.684564 -0.325728 -0.784008 0.528425
-3.409427 -115.463151 722.109389 -11697.190697 0.871762 -0.027567 0.489153 0.390874 -0.562811 -0.728328 -0.295379 -0.826126 0.479862
-3.157145 -116.053080 -270.000408 -10681.802262 0.865169 -0.014162 0.501280 0.433687 -0.480761 -0.762092 -0.251789 -0.876737 0.409798
0.744026 -51.103892 875.814577 -596.745828 0.209845 0.941184 -0.264837 -0.624547 -0.079374 -0.776943 0.752267 -0.328441 -0.571157
1.928734 -48.266563 1792.435721 -34.762362 0.242144 0.945926 -0.215849 -0.539876 -0.053487 -0.840043 0.806164 -0.319943 -0.497731
1.659094 -50.681939 1494.143693 174.270511 0.237132 0.946985 -0.216767 -0.520868 -0.064413 -0.851204 0.820040 -0.314755 -0.477979
0.441677 -52.341109 -221.992609 -549.940869 0.222713 0.938811 -0.262741 -0.591888 -0.083939 -0.801638 0.774641 -0.334048 -0.536976
-19.922275 -149.554025 -404.038282 12570.906709 0.936360 -0.199163 0.289076 0.161516 0.975564 0.148954 -0.311678 -0.092784 0.945647
-13.901004 -130.750504 1754.273930 17075.384908 0.953550 -0.151712 0.260243 0.173062 0.983017 -0.061050 -0.246561 0.103252 0.963611
-13.799789 -126.324291 -1022.239278 10743.568281 0.921786 -0.215801 0.322087 0.234384 0.971947 -0.019573 -0.308827 0.093534 0.946508
16.765560 -140.836739 2166.706059 -2092.573840 0.877068 -0.025016 0.479715 0.338546 0.740667 -0.580344 0.340791 -0.671407 -0.658084
13.566943 -140.197230 2242.190353 -16291.487718 0.879377 -0.008314 0.476053 0.414479 0.505415 -0.756811 0.234312 -0.862836 -0.447897
12.026443 -146.024810 486.398546 -5700.606258 0.869869 -0.045135 0.491213 0.397837 0.652933 -0.644519 0.291639 -0.756070 -0.585922
-13.615313 -102.822726 1067.882066 -3468.928731 0.915731 -0.231740 0.328228 -0.224575 0.382186 0.896382 0.333171 0.894556 -0.297937
-12.471722 -94.594174 -2073.622905 -4249.922602 0.927374 -0.194147 0.319818 -0.172685 0.536204 0.826236 0.331899 0.821458 -0.463735
-13.092697 -100.868426 -2038.466461 -5766.029429 0.933681 -0.169760 0.315313 -0.221217 0.418992 0.880630 0.281609 0.891980 -0.353650
-12.530371 -106.422044 -905.860519 -3565.729730 0.933205 -0.182158 0.309753 -0.264167 0.236600 0.935006 0.243607 0.954379 -0.172676
-13.967130 -102.689886 -2561.215663 -4225.553088 0.931219 -0.124201 0.342645 -0.283600 0.343563 0.895285 0.228915 0.930880 -0.284709
6.789364 -481.438923 6898.638454 -51855.892492 0.902021 -0.205523 0.379629 0.247958 0.966526 -0.065906 -0.353376 0.153580 0.922788
-11.703397 -413.804053 2894.800350 -34730.419150 0.897198 -0.227615 0.378453 -0.403589 -0.770520 0.493371 -0.179307 0.595391 0.783172
-5.586393 -399.045440 -530.834077 -31636.930699 0.915378 -0.127298 0.381941 0.234771 0.939473 -0.249544 -0.327057 0.318096 0.889859
15.425995 -457.598019 7191.903318 -104006.635237 0.914198 -0.150727 0.376196 0.075219 0.975243 0.207952 -0.398226 -0.161812 0.902902
-43.892962 -1108.212863 4617.445424 -71345.256456 0.928367 -0.371432 -0.013146 0.360595 0.908722 -0.210227 -0.090031 -0.190428 -0.977564
-28.653339 -1574.241293 3572.602469 633337.124675 0.961557 -0.266499 0.066226 0.223880 0.900454 0.372909 0.159013 0.343747 -0.925502
-34.562456 -1336.344466 -1354.269515 266864.153238 0.929305 -0.368356 -0.026567 0.357699 0.915647 -0.183415 -0.091887 -0.160945 -0.982677
-6.901972 -46.312513 -2855.357262 2036.204590 0.599105 0.712782 0.364712 -0.662447 0.697112 -0.274226 0.449708 0.077312 -0.889823
-14.356050 -46.607814 -2925.317771 -3381.970844 0.572619 0.742728 0.347076 -0.614638 0.669092 -0.417775 0.542519 -0.025900 -0.839644
-6.593940 -47.540550 3099.727293 -4734.323083 -0.664850 -0.638967 -0.386906 -0.525756 0.768224 -0.365258 0.530618 -0.039424 -0.846694
0.762880 -48.446340 3437.807808 2170.727788 -0.693192 -0.602791 -0.395131 -0.562342 0.795239 -0.226640 0.450840 0.065094 -0.890228
67.565960 19.211220 6183.500571 1493.978270 -0.716635 -0.220998 -0.661510 -0.033699 0.958334 -0.283654 0.696634 -0.180984 -0.694223
62.867341 17.281116 27811.682682 869.246118 -0.855297 -0.170112 -0.489418 -0.045393 0.965538 -0.256273 0.516146 -0.196973 -0.833543
68.841448 17.090152 8304.054455 1415.282013 -0.716799 -0.235910 -0.656159 -0.081297 0.962885 -0.257378 0.692524 -0.131144 -0.709374
56.734925 16.676990 -2855.237701 3062.641757 -0.608750 -0.250109 -0.752907 -0.118451 0.967024 -0.225465 0.784470 -0.048070 -0.618301
64.313255 15.447448 -19153.087469 283.596760 -0.500834 -0.294471 -0.813911 -0.061687 0.950100 -0.305785 0.863342 -0.102940 -0.494008
-16.514379 -35.030846 1432.538586 -1817.581281 0.081582 0.782362 -0.617458 -0.134967 -0.605144 -0.784592 0.987486 -0.147345 -0.056224
-18.377204 -38.528028 1210.640074 2406.092280 0.096835 0.690793 -0.716539 0.184331 0.695021 0.694959 0.978082 -0.199376 -0.060032
-18.105511 -39.349272 1114.456532 -1807.482284 0.059828 0.709609 -0.702051 -0.243130 -0.671771 -0.699722 0.968147 -0.212552 -0.132337
-9.420489 -115.816201 -3213.195351 451.836027 0.149630 0.894366 -0.421568 -0.467278 0.439714 0.767009 -0.871356 -0.082222 -0.483712
-4.310056 -118.740993 -3524.489354 341.035834 0.125651 0.896523 -0.424804 -0.470452 0.430836 0.770101 -0.873434 -0.103085 -0.475906
-7.814597 -113.425916 -1716.661752 1774.618607 0.147421 0.904932 -0.399206 -0.311100 0.425555 0.849776 -0.938874 0.001081 -0.344260
-8.824784 -33.412353 1557.682253 -1354.538373 0.699372 -0.698373 0.152164 0.685584 0.715650 0.133494 -0.202125 0.010959 0.979298
-9.463286 -34.092234 -1901.877292 -324.525265 -0.631737 0.763962 -0.131420 0.760909 0.643512 0.083127 -0.148076 0.047484 0.987835
-11.281195 -32.411882 528.201372 -499.681725 0.741462 -0.645746 0.182336 0.645152 0.760768 0.070790 -0.184427 0.065147 0.980685
-137.895538 -7087.981211 -887674.789258 -4054415.912268 0.437520 -0.327021 0.837636 -0.146641 0.893107 0.425272 -0.887171 -0.308897 0.342797
-274.231321 -1988.775491 -5938.754173 -251067.176043 0.175145 -0.587354 -0.790152 0.969922 -0.034863 0.240907 -0.169045 -0.808579 0.563581
-3778.767168 -11404.210295 1256805.439303 8576729.339888 0.731588 0.600849 0.322118 -0.552421 0.799347 -0.236379 -0.399512 -0.005013 0.916714
-127.238749 -2070.652446 49131.264166 -704991.734909 0.420024 0.500808 -0.756817 -0.717388 0.693990 0.061092 0.555819 0.517271 0.650766
31.997789 -559.572828 -10603.658579 86475.909063 0.023188 -0.489858 0.871494 0.806221 0.524632 0.273438 -0.591160 0.696276 0.407099
-22.240554 -58.281224 -3174.653973 9484.850584 0.876194 0.055652 -0.478735 -0.479998 0.190286 -0.856384 -0.043437 -0.980150 -0.193440
-19.029269 -49.901972 -1927.395491 8842.935388 0.872849 0.114258 -0.474425 -0.486527 0.278997 -0.827921 -0.037766 -0.953470 -0.299112
-31.958181 -106.568564 151.939692 -35543.082122 0.575210 0.174429 -0.799192 0.817860 -0.141078 0.557855 -0.015443 -0.974511 -0.223808
-43.399338 -589.192541 7875.991980 -265649.630066 0.475302 0.095788 -0.874593 0.879641 -0.071932 0.470167 -0.017875 -0.992799 -0.118448
-12.395304 -139.273845 -2592.558080 57148.522407 0.821311 0.030953 -0.569641 -0.568888 0.119006 -0.813759 -0.042603 -0.992411 -0.115349
-32.135792 -116.597244 -2314.412212 29049.268953 0.943468 -0.007019 -0.331388 -0.328761 0.107572 -0.938267 -0.042234 -0.994172 -0.099184
-19.210339 -322.766344 7164.691030 -128805.087785 0.241568 0.389707 -0.888692 0.969021 -0.048352 0.242200 0.051417 -0.919669 -0.389314
-19.448527 -108.280718 5657.674081 -48316.131925 0.336102 0.376151 -0.863450 0.941427 -0.160842 0.296386 -0.027393 -0.912491 -0.408178
-10.077885 -121.411725 4544.532878 -43003.385604 0.336834 0.388715 -0.857580 0.940875 -0.173800 0.290772 -0.036019 -0.904817 -0.424274
-5.816813 -336.603196 4471.143375 -121904.720249 0.268198 0.395346 -0.878505 0.961307 -0.050277 0.270851 0.062911 -0.917155 -0.393533
2.045188 -134.248961 3725.413774 -46251.753979 0.324021 0.394659 -0.859799 0.944840 -0.180954 0.273008 -0.047839 -0.900833 -0.431522
7.443280 -23.303790 -5438.617274 -1101.222437 -0.055505 0.998131 -0.025587 0.674556 0.056380 0.736067 -0.736134 -0.023595 0.676424
0.679786 -25.268258 -4121.489913 -831.050110 -0.053456 0.997542 -0.045309 0.701284 0.069804 0.709456 -0.710875 -0.006150 0.703292
-2.183249 -27.279281 -3557.909340 1489.138228 -0.028896 0.999449 -0.016337 0.663773 0.031406 0.747274 -0.747375 -0.010749 0.664315
13.986648 -22.411945 -4883.595286 1703.221150 -0.040146 0.998747 -0.029892 0.661211 0.048983 0.748599 -0.749125 -0.010288 0.662349
15.391429 -21.462095 -4044.636125 -2740.485084 -0.031564 0.997903 -0.056504 0.668432 0.063105 0.741091 -0.743103 0.014377 0.669023
4.717930 -27.022137 -4097.597937 2527.211526 -0.023191 0.999698 0.008147 0.652629 0.008965 0.757625 -0.757323 -0.022888 0.652640
37.526064 -40.221747 -2571.967129 -4575.956073 -0.299521 0.941167 -0.156499 -0.864086 -0.198044 0.462746 -0.404528 -0.273830 -0.872567
46.663666 -52.112901 253.671733 -5304.830991 -0.262696 0.962818 -0.063033 -0.869177 -0.207769 0.448735 -0.418954 -0.172667 -0.891439
50.804422 -52.867426 8065.311289 -3040.966839 -0.306977 0.950682 -0.044371 -0.791544 -0.229150 0.566523 -0.528415 -0.209031 -0.822851
28.106200 -53.101111 -4810.095883 -4855.141147 -0.288848 0.930476 -0.225346 -0.827286 -0.124123 0.547897 -0.481834 -0.344684 -0.805623
22.010859 -26.845440 -4270.004564 -3053.794385 -0.441778 0.884247 -0.151457 -0.779681 -0.294923 0.552375 -0.443768 -0.362115 -0.819721
22.295962 -18.225495 -8820.242213 -3280.387850 -0.305200 0.915855 -0.260887 0.884847 0.171474 -0.433177 -0.351992 -0.363050 -0.862726
19.913559 -51.739585 886.180185 -434.844143 0.053112 0.977192 0.205607 -0.886031 -0.048850 0.461045 -0.460574 0.206661 -0.863228
17.041266 -52.507688 -3714.676630 25.190801 0.023280 0.976615 0.213733 -0.853149 -0.092040 0.513483 -0.521147 0.194300 -0.831056
14.346288 -52.945924 732.175716 -301.574394 0.035121 0.978722 0.202162 -0.812450 -0.089837 0.576068 -0.581973 0.184479 -0.792007
10.649396 -52.801439 -2087.549402 -246.326200 0.007373 0.979621 0.200719 -0.730108 -0.131884 0.670484 -0.683292 0.151490 -0.714257
15.198970 -51.943895 4994.218715 -1004.238058 0.051703 0.982262 0.180246 -0.752704 -0.080289 0.653446 -0.656326 0.169457 -0.735201
21.278256 -52.101521 5365.508483 -771.317382 0.061023 0.982706 0.174830 -0.824262 -0.049168 0.564070 -0.562911 0.178527 -0.807006
-14.924762 -45.272575 -2297.934845 -1139.333957 -0.223762 0.965037 -0.136507 -0.861834 -0.130505 0.490113 -0.455162 -0.227315 -0.860904
-12.159819 -47.146388 -1690.939883 -469.850133 -0.219680 0.964578 -0.146045 -0.794469 -0.090002 0.600599 -0.566180 -0.247968 -0.786099
-15.707325 -46.333000 -1158.415280 -855.701888 -0.253108 0.964257 -0.078395 -0.826851 -0.173546 0.534977 -0.502250 -0.200228 -0.841222
-17.486755 -43.829925 64.567099 -1254.334598 -0.250951 0.966918 -0.045745 -0.877426 -0.207257 0.432629 -0.408836 -0.148707 -0.900411
-17.363271 -44.208256 -1651.506177 -1569.823536 -0.237642 0.965820 -0.103531 -0.899431 -0.178544 0.398931 -0.366811 -0.187922 -0.911118
0.584087 -32.379881 768.924606 -1259.546047 0.141762 0.989101 0.039786 0.311688 -0.082748 0.946574 -0.939550 0.121788 0.320022
1.232961 -30.930011 540.971931 -1987.777693 0.153738 0.981919 0.110452 0.217929 -0.142723 0.965473 -0.963780 0.124359 0.235930
-0.373020 -30.643443 1056.598106 -945.995068 0.162483 0.982555 0.090473 0.247216 -0.129305 0.960294 -0.955240 0.133665 0.263913
-1.998412 -30.908068 865.540545 -392.360610 0.137515 0.989593 0.042363 0.287683 -0.080829 0.954309 -0.947802 0.119044 0.295804
2.366477 -66.543707 1678.677779 -1696.428462 -0.047343 0.992249 -0.114893 -0.969182 -0.073469 -0.235135 0.241754 -0.100221 -0.965148
1.671725 -63.911872 3404.312871 -861.753324 -0.041773 0.996153 -0.077030 -0.925994 -0.067554 -0.371446 0.375221 -0.055813 -0.925253
0.244114 -62.341403 2519.010166 1727.591695 -0.037570 0.994792 -0.094745 -0.956634 -0.063211 -0.284352 0.288860 -0.079953 -0.954027
-0.430329 -68.549229 2317.968421 -3710.507699 -0.053149 0.993821 -0.097446 -0.977571 -0.071697 -0.198028 0.203791 -0.084735 -0.975340
2.095632 -64.334380 823.672626 -69.543056 -0.077873 0.989277 -0.123561 0.992844 0.088208 0.080494 0.090530 -0.116408 -0.989067
2.049931 -91.773238 1355.826091 2608.439352 -0.182513 0.982745 0.030034 -0.902384 -0.179561 0.391741 -0.390374 -0.044395 -0.919585
7.296006 -91.284390 411.997165 -1596.973871 -0.138672 0.990300 -0.008729 -0.966998 -0.133496 0.217009 -0.213738 -0.038534 -0.976131
4.756255 -97.869340 873.011769 -3073.965953 -0.173656 0.984674 0.016127 -0.961608 -0.173076 0.212964 -0.212491 -0.021475 -0.976927
1.013024 -97.276718 2108.426636 354.315178 -0.207536 0.976640 0.055714 -0.898111 -0.212803 0.384853 -0.387718 -0.029833 -0.921295
-11.578420 -86.195061 -248.924712 -778.451649 -0.140998 0.989203 -0.039964 0.989856 0.141572 0.011923 0.017452 -0.037877 -0.999130
-10.222132 -85.013307 -1273.501775 -1680.959318 -0.132204 0.989252 -0.062468 0.991174 0.131311 -0.018216 -0.009818 -0.064325 -0.997881
-10.532655 -80.643651 -1211.033383 1288.296140 -0.155855 0.986381 -0.052559 -0.978435 -0.146860 0.145250 -0.135553 -0.074063 -0.987998
-11.252043 -89.840637 -937.260094 1031.562806 -0.106199 0.992874 -0.054072 -0.976791 -0.114342 -0.181120 0.186012 -0.033583 -0.981973
-9.789322 -82.125543 402.437109 331.317691 -0.163843 0.986279 -0.020250 -0.968988 -0.157054 0.190777 -0.184979 -0.050880 -0.981424
-12.398658 -89.071539 -57.404438 982.821155 -0.117652 0.992499 -0.033214 -0.971006 -0.121984 -0.205589 0.208099 -0.008064 -0.978075
8.100209 -63.760537 361.519977 -10338.936848 0.161225 -0.963504 -0.213696 0.963521 0.106800 0.245401 -0.213622 -0.245465 0.945575
10.497391 -76.636972 366.398003 -8882.557065 0.148488 -0.966010 -0.211602 0.977191 0.110480 0.181360 -0.151817 -0.233705 0.960382
8.627503 -92.084248 1705.010232 -13770.643233 0.113968 -0.960181 -0.255078 0.992515 0.098700 0.071918 -0.043878 -0.261365 0.964242
10.384256 -62.328404 -686.360322 -4785.969045 -0.268636 0.949320 0.163173 0.912624 0.196650 0.358395 -0.308144 -0.245194 0.919199
3.086101 -53.777000 2684.295676 -12697.773031 0.165538 -0.951569 -0.259062 0.956204 0.090568 0.278337 -0.241394 -0.293792 0.924886
5.530321 -47.030574 -953.519446 -3602.094231 -0.328124 0.930476 0.162937 0.887481 0.244564 0.390598 -0.323593 -0.272768 0.906027
9.565917 -15.049860 -3205.973175 2856.083553 0.021692 0.670976 0.741161 -0.318393 0.707373 -0.631070 -0.947711 -0.222291 0.228978
8.118777 -12.763819 -2700.193988 -1274.859075 -0.015465 0.708342 0.705700 0.303265 -0.669216 0.678366 -0.952781 -0.224505 0.204466
16.166016 -15.219781 -3958.760042 3193.203785 0.026091 0.683310 0.729662 -0.294547 0.702761 -0.647586 -0.955281 -0.198024 0.219603
22.416859 -17.842412 -5271.681028 3718.610845 0.047248 0.665098 0.745260 -0.322077 0.716388 -0.618914 -0.945534 -0.210789 0.248061
23.236523 -59.319817 13932.891810 -1821.399367 0.113677 0.979791 -0.164580 0.230528 -0.187145 -0.954900 0.966403 -0.070610 0.247144
43.507572 -60.111727 17307.588209 1195.226309 0.159027 0.972640 -0.169360 0.239017 -0.204369 -0.949265 0.957905 -0.110479 0.264977
18.335609 -58.761484 13655.072753 5177.656743 0.116048 0.979174 -0.166585 0.270876 -0.192560 -0.943158 0.955594 -0.064328 0.287581
1.772764 -58.351827 7528.902778 2177.604359 0.099296 0.987786 -0.120077 0.260186 -0.142249 -0.955023 0.960439 -0.063588 0.271133
-0.525944 -64.380589 352.872732 3210.176319 -0.147892 0.974723 0.167462 0.895651 0.060186 0.440666 -0.419449 -0.215158 0.881913
-2.209429 -57.429397 -43.199479 1509.632214 -0.145072 0.976710 0.158090 0.950646 0.093304 0.295916 -0.274273 -0.193216 0.942041
-2.293892 -60.049729 -496.609018 2396.334776 -0.141989 0.975855 0.165969 0.912790 0.064213 0.403351 -0.382954 -0.208766 0.899868
-0.738739 -39.159098 2949.426203 -3102.611776 0.106025 0.977930 0.180034 -0.952848 0.048149 0.299605 -0.284324 0.203311 -0.936923
0.217444 -35.681395 2364.525712 -1090.829435 0.134007 0.977857 0.160740 -0.961346 0.088907 0.260596 -0.240534 0.189448 -0.951973
-4.589143 -40.363062 1259.625140 -3644.022476 0.113208 0.980468 0.160831 -0.959622 0.065945 0.273453 -0.257506 0.185294 -0.948344
-2.580670 -40.943653 2228.761267 -4519.485880 0.110206 0.978466 0.174527 -0.943119 0.047534 0.329040 -0.313658 0.200861 -0.928048
-7.199594 -42.235409 707.727488 -3741.293614 0.091963 0.982755 0.160424 -0.953662 0.040574 0.298132 -0.286482 0.180407 -0.940947
-6.568338 -37.941391 975.461627 -1102.356419 0.096561 0.982023 0.162194 -0.970844 0.057006 0.232836 -0.219404 0.179948 -0.958896
1.393318 -105.486522 -1169.408473 -5724.126762 0.078491 0.995348 -0.055876 -0.169685 -0.041892 -0.984607 0.982368 -0.086764 -0.165608
2.416494 -98.076692 216.587241 732.270494 0.069236 0.997575 -0.007073 0.009727 -0.007765 -0.999923 0.997553 -0.069162 0.010241
2.776423 -112.299474 969.275420 -5858.074900 0.045414 0.997538 -0.053445 -0.159120 -0.045594 -0.986206 0.986214 -0.053292 -0.156658
2.071044 -93.328649 -1386.349550 842.728013 0.088408 0.996066 -0.006064 -0.006561 -0.005506 -0.999963 0.996063 -0.088445 -0.006049
14.824250 -36.711045 1212.118346 1737.069083 0.120002 0.956619 0.265479 -0.029520 -0.263855 0.964111 -0.992335 0.123532 0.003424
11.951457 -38.118668 -3183.947735 2596.183632 0.056014 0.953484 0.296194 -0.055733 -0.293211 0.954422 -0.996873 0.069969 -0.036717
11.572166 -40.980488 295.603743 3328.587359 0.102547 0.961318 0.255642 -0.090978 -0.246856 0.964772 -0.990559 0.122192 -0.062144
8.451464 -40.000835 -3280.945035 3069.000417 0.051295 0.951768 0.302500 -0.104314 -0.296136 0.949433 -0.993221 0.080256 -0.084092
10.110385 -42.325872 2606.497535 3274.653633 0.139578 0.967715 0.209871 -0.100101 -0.197070 0.975266 -0.985138 0.157134 -0.069362
-3.992507 -166.768526 340.799954 -5955.171824 -0.707917 -0.436395 0.555350 0.137332 0.686231 0.714302 -0.692816 0.581934 -0.425863
-5.190140 -169.778106 -1477.113487 -6981.500420 -0.735070 -0.426394 0.527125 0.059076 0.734242 0.676313 -0.675412 0.528278 -0.514530
-5.758514 -173.281846 -12.267759 -4975.218385 -0.709870 -0.415896 0.568432 0.017796 0.796202 0.604769 -0.704108 0.439423 -0.557798
-6.413879 -173.184996 1531.944190 -1535.208693 -0.692472 -0.397547 0.602029 -0.031758 0.850466 0.525071 -0.720746 0.344478 -0.601549
-3.718398 -192.241854 1172.015544 -9650.098824 -0.695454 -0.411213 0.589277 0.146268 0.721888 0.676375 -0.703527 0.556580 -0.441893
-10.979529 -23.029556 -2945.384870 -1797.553699 -0.196186 0.956587 0.215529 0.332915 -0.141766 0.932239 -0.922322 -0.254645 0.290650
-6.544039 -20.705900 -1970.342092 -1963.716494 -0.188167 0.940470 0.283035 0.331634 -0.210415 0.919644 -0.924452 -0.266911 0.272299
-11.475686 -25.950082 -2361.074783 -1311.135237 -0.202604 0.961470 0.185817 0.374324 -0.099303 0.921966 -0.904894 -0.256350 0.339781
-10.704876 -20.636129 -3013.066427 -1493.930138 -0.135624 0.907168 0.398311 0.320547 -0.340226 0.884022 -0.937473 -0.247572 0.244648
-18.516174 -24.945599 -3242.384140 -759.604494 -0.113305 0.928433 0.353801 0.360472 -0.293417 0.885419 -0.925863 -0.227858 0.301428
-9.010200 -137.128717 764.434529 -5908.020932 -0.753549 -0.418950 0.506601 -0.251862 0.895810 0.366183 -0.607230 0.148344 -0.780555
-9.180613 -137.441777 786.715135 -10333.184558 -0.751600 -0.435481 0.495433 -0.159163 0.848628 0.504477 -0.640129 0.300311 -0.707141
-10.494391 -124.176848 774.489847 -3653.388510 -0.766401 -0.404870 0.498708 -0.259153 0.905261 0.336664 -0.587766 0.128778 -0.798716
-11.512834 -154.296406 -461.428616 -22399.201307 -0.779114 -0.392422 0.488863 -0.166638 0.881420 0.441961 -0.604329 0.262875 -0.752119
-11.819283 -2850.175156 15721.910082 1382917.548706 0.658684 0.680448 -0.321134 0.746982 -0.540152 0.387627 0.090299 -0.495204 -0.864071
-5.243695 -870.026707 2967.107546 -320183.222015 0.746122 0.620706 -0.240886 -0.363499 0.076633 -0.928437 0.557827 -0.780289 -0.282804
20.653873 -867.317335 41.938720 -324922.034643 0.802338 0.580104 -0.140476 -0.277592 0.154317 -0.948224 0.528391 -0.799791 -0.284847
-36.554475 -1957.186882 7622.690199 563050.966506 0.643468 0.690182 -0.331056 0.755811 -0.504354 0.417585 0.121240 -0.518918 -0.846183
-178.058528 -485.043140 33891.497926 93641.802598 0.465849 0.859796 -0.209131 -0.719496 0.505633 0.476089 -0.515083 0.071316 -0.854168
12.929021 -604.480503 -4830.578656 358324.423691 0.404146 0.901739 0.153404 0.110020 -0.214415 0.970526 -0.908054 0.375357 0.185865
72.822730 -2346.958691 50650.669152 1680549.364254 0.615566 0.785670 -0.061655 0.276912 -0.142385 0.950288 -0.737833 0.602038 0.305208
158.734131 -2520.383210 -5542.503583 139202.993747 -0.554070 -0.655534 -0.513109 0.774088 -0.632465 -0.027863 -0.306258 -0.412630 0.857871
-0.093419 -1396.667202 1376.291422 466250.997609 0.644381 0.714930 -0.271382 -0.422741 0.628764 0.652646 -0.637231 0.305828 -0.707394
-9.672960 -39.184534 3653.789955 1637.534444 0.272607 0.853416 -0.444260 0.719453 0.125763 0.683060 -0.638806 0.505831 0.579708
-3.758843 -36.560625 2517.110373 2130.398880 0.230054 0.841144 -0.489441 0.747967 0.168924 0.641880 -0.622592 0.513753 0.590286
-4.306907 -42.901826 3384.384993 2233.838834 0.208183 0.837019 -0.506022 0.685664 0.244055 0.685786 -0.697513 0.489730 0.523106
-15.314544 -44.852506 5150.794840 1521.881014 0.245057 0.855460 -0.456218 0.669846 0.190794 0.717568 -0.700895 0.481441 0.526271
-20.181995 -40.919903 5092.023768 855.428364 0.341810 0.867781 -0.360725 0.697829 0.022724 0.715904 -0.629444 0.496428 0.597795
-11.644143 -66.190064 730.728155 2422.438458 -0.751809 -0.306298 0.583922 -0.442819 0.890684 -0.102926 -0.488564 -0.335953 -0.805259
-7.389899 -71.116751 -16.008294 4893.350045 0.792426 0.243827 -0.559115 -0.447356 0.855431 -0.260981 -0.414650 -0.456931 -0.786943
-7.696197 -71.894197 140.835639 5764.485772 -0.741756 -0.311323 0.594034 -0.496416 0.850434 -0.174164 -0.450965 -0.424075 -0.785360
-7.293233 -70.489712 640.159110 4385.546340 -0.700865 -0.352949 0.619851 -0.504613 0.859524 -0.081144 -0.504137 -0.369656 -0.780513
-9.586071 -66.126958 1101.440543 2266.212264 -0.709181 -0.349900 0.612072 -0.477415 0.877154 -0.051723 -0.518784 -0.328894 -0.789109
-12.042972 -32.292299 -1205.162723 -218.036105 -0.261341 0.956402 0.130373 0.954548 0.236021 0.182022 0.143315 0.172017 -0.974613
-7.513717 -31.255879 -1672.679603 -219.526627 -0.117977 0.983735 0.135449 0.991157 0.108313 0.076652 0.060734 0.143295 -0.987815
-13.136020 -33.573009 -1655.829613 -743.243733 -0.191329 0.969133 0.155482 0.979375 0.178016 0.095581 0.064953 0.170563 -0.983204
-4.034946 -74.574846 -550.406785 -9463.942242 -0.225454 0.972362 0.060691 -0.144044 -0.094879 0.985012 -0.963547 -0.213333 -0.161453
-2.139334 -74.195921 -1283.158273 -6534.053442 -0.247747 0.967603 0.048639 -0.092460 -0.073588 0.992993 -0.964403 -0.241514 -0.107696
-3.775995 -68.923447 -56.424824 -1298.970457 -0.215164 0.974434 0.064677 0.027691 -0.060114 0.997807 -0.976185 -0.216483 0.014049
-4.620725 -69.554373 -345.768701 2770.118644 -0.212802 0.974081 0.076691 0.059340 -0.065460 0.996089 -0.975292 -0.216521 0.043872
-4.421113 -75.074044 -177.225750 10385.909069 -0.209929 0.976522 0.048314 0.223312 -0.000220 0.974747 -0.951873 -0.215417 0.218023
-5.873089 -95.448284 1196.877776 -6661.232609 -0.279089 0.947229 0.157692 0.960189 0.277350 0.033383 -0.012114 0.160731 -0.986924
-4.308286 -85.543819 1426.092742 5314.054442 -0.255614 0.954628 0.152798 -0.949414 -0.277689 0.146638 -0.182415 0.107586 -0.977318
-1.800453 -88.601296 1132.767047 5068.176649 -0.272998 0.949029 0.157531 -0.949096 -0.292442 0.117022 -0.157126 0.117565 -0.980556
-3.384156 -97.857840 1218.998605 -7709.847220 -0.311623 0.936116 0.163030 0.950055 0.310008 0.035920 -0.016915 0.166081 -0.985967
-47.033001 -854.097842 -10274.893587 157159.301134 -0.891429 -0.421804 -0.165638 -0.373235 0.890698 -0.259526 0.257002 -0.169527 -0.951425
-77.140646 -1097.023011 -5751.814974 329659.724205 -0.943257 -0.308713 -0.122323 -0.313003 0.949599 0.017078 0.110886 0.054397 -0.992343
-54.230951 -638.493668 6914.785766 185519.133824 0.933410 0.339121 0.117230 -0.356879 0.843574 0.401273 -0.037188 0.416389 -0.908426
-48.434802 -1533.587410 6645.953788 -661365.052675 0.925916 0.372698 0.061441 -0.245473 0.717337 -0.652051 0.287092 -0.588662 -0.755682
-19.785919 -887.543746 -5664.397714 -257372.627246 -0.831387 -0.520196 -0.195426 -0.329881 0.745023 -0.579758 0.447185 -0.417536 -0.791005
13.466734 -1374.619449 19474.247317 -565429.724453 0.894196 0.372506 0.248299 -0.055811 0.643073 -0.763768 0.444183 -0.669101 -0.595824
8.787313 -41.940813 -15624.998562 2198.981449 -0.380698 -0.262230 -0.886738 0.216899 0.906871 -0.361303 0.898902 -0.329880 -0.288366
40.174452 -43.497425 -21424.310423 1539.363881 -0.363868 -0.152153 -0.918939 0.297863 0.915756 -0.269570 0.882540 -0.371806 -0.287894
23.340708 -46.757520 -20045.218223 2510.971604 -0.358225 -0.257642 -0.897383 0.319254 0.869427 -0.377059 0.877355 -0.421565 -0.229197
-42.561308 -70.374411 1308.376559 5024.528879 -0.083547 -0.979735 0.182043 0.992720 -0.097734 -0.070391 0.086756 0.174837 0.980768
-50.787153 -78.377585 -1751.706794 5418.388823 0.173383 -0.976531 0.127770 0.984848 0.171433 -0.026188 0.003669 0.130375 0.991458
-50.717518 -92.156494 -13.792541 15178.602110 0.541178 -0.840260 0.033020 0.839062 0.536973 -0.087383 0.055694 0.074996 0.995627
-38.225315 -87.542616 -2700.183312 19142.607408 -0.457093 0.887097 0.064216 0.858518 0.458927 -0.228763 0.232406 0.049436 0.971362
72.634606 -97.541696 -5704.935199 -3318.530265 -0.354706 0.913791 0.197913 -0.044236 0.195038 -0.979798 0.933931 0.356295 0.028759
85.481615 -101.236269 -2382.359570 -3350.300444 -0.503446 0.843443 0.187474 -0.050870 0.187666 -0.980915 0.862528 0.503374 0.051573
81.510894 -102.667612 2357.619383 8053.359333 -0.586224 0.793525 0.163277 -0.236670 0.025008 -0.971268 0.774809 0.608023 -0.173143
19.129366 -90.459692 1770.378486 3178.095093 0.718341 0.666854 -0.198223 -0.666318 0.741411 0.079555 0.200016 0.074932 0.976923
20.183604 -84.842459 253.910731 -11768.468159 0.748457 0.644396 -0.156735 0.663003 -0.732566 0.154188 0.015461 0.219319 0.975531
36.875200 -51.440729 -5300.316306 -216.561383 -0.145287 0.985924 -0.082738 0.488307 -0.001276 -0.872671 0.860493 0.167189 0.481248
33.721209 -51.512283 -5121.818960 -168.458382 -0.135803 0.987952 -0.074215 0.573448 0.017298 -0.819059 0.807908 0.153789 0.568889
38.509290 -51.599658 -366.535993 -155.663195 -0.196348 0.974053 -0.112548 0.548584 0.013989 -0.835979 0.812714 0.225885 0.537096
38.295093 -50.527927 -1860.809263 798.273307 -0.200017 0.973993 -0.106443 0.374868 -0.024299 -0.926760 0.905244 0.225270 0.360258
30.312599 -51.038857 -6951.170857 464.090725 -0.092190 0.993810 -0.061982 0.397832 -0.020301 -0.917234 0.912815 0.109218 0.393498
38.745714 -50.951212 927.301297 509.918942 -0.240362 0.961059 -0.136353 0.477413 -0.005262 -0.878663 0.845164 0.276294 0.457557
-19.217368 -52.317333 -4320.942542 886.467180 0.022485 0.593814 -0.804288 0.956950 0.220079 0.189239 0.289380 -0.773919 -0.563302
2.731676 -58.884542 553.627133 2125.469737 0.366750 0.914609 -0.170249 0.049788 -0.202034 -0.978112 0.928986 -0.350246 0.119632
1.302718 -58.181668 356.966962 4124.387691 0.358466 0.924017 -0.133022 0.110453 -0.183469 -0.976800 0.926986 -0.335457 0.167828
4.082332 -57.202568 112.011193 2739.966988 0.367965 0.919069 -0.141114 0.035807 -0.165655 -0.985534 0.929150 -0.357589 0.093864
5.321385 -51.093366 -133.524452 -2012.164608 0.380559 0.908151 -0.174464 -0.010298 -0.184486 -0.982781 0.924699 -0.375803 0.060855
5.234377 -49.354696 -1879.860842 1225.937888 0.402718 0.902102 -0.155017 -0.070242 -0.138400 -0.987882 0.912625 -0.408727 -0.007630
5.084972 -55.802180 -253.289765 3572.174137 0.362165 0.924534 -0.118634 0.002329 -0.128171 -0.991749 0.932111 -0.358900 0.048572
-5.596658 -37.330267 1130.971946 625.539815 0.338134 0.937227 -0.085271 0.935449 -0.344635 -0.078503 0.102962 0.053222 0.993260
-4.150820 -39.662915 847.355163 4213.505840 0.362586 0.927168 -0.094288 0.905096 -0.374443 -0.201479 0.222110 0.012287 0.974944
12.362604 -54.638162 -1800.229602 2166.433524 0.083630 0.996240 -0.022615 0.985315 -0.086060 -0.147472 0.148864 0.009949 0.988808
10.865961 -49.098195 -2836.695453 -3599.084978 0.063690 0.997858 0.014957 0.979621 -0.059651 -0.191793 0.190490 -0.026868 0.981321
5.221769 -51.305359 -2008.100139 -5746.170833 0.036148 0.998720 0.035370 0.972694 -0.027043 -0.230512 0.229260 -0.042737 0.972426
8.484584 -48.503994 -2723.328674 -136.232227 0.087380 0.995999 0.018724 0.987480 -0.084124 -0.133440 0.131331 -0.030150 0.990880
15.689181 -87.072623 -1735.156926 2049.055599 -0.028056 -0.961980 0.271676 0.972156 -0.089514 -0.216565 0.232649 0.258036 0.937706
9.620423 -81.387184 1377.466314 7445.023816 0.074047 0.960991 -0.266484 0.870252 -0.192763 -0.453326 0.487010 0.198341 0.850578
11.822861 -76.284718 -1270.244208 4164.645362 0.056385 0.980649 -0.187477 0.931694 -0.119170 -0.343139 0.358840 0.155323 0.920385
11.733287 -86.393168 5834.843385 3106.120632 0.051795 0.944307 -0.324965 0.950037 -0.146888 -0.275417 0.307811 0.294463 0.904734
16.722560 -88.609961 3921.214049 2431.847604 0.004185 -0.986132 0.165911 0.990479 -0.018742 -0.136380 0.137598 0.164902 0.976665
14.860556 -96.520813 -7189.509456 -2970.381858 -0.051888 -0.941762 0.332252 0.988843 -0.094969 -0.114760 0.139630 0.322590 0.936183
20.647967 -101.471934 -3968.279741 1152.103224 -0.015386 -0.961826 0.273228 0.999733 -0.019514 -0.012399 0.017258 0.272964 0.961869
-2.539770 -141.558009 -342.861753 5399.752653 0.440532 0.825875 -0.351940 -0.490427 -0.106967 -0.864893 0.751939 -0.553614 -0.357910
-1.939814 -137.498049 -559.048943 2605.931909 0.411483 0.824160 -0.389155 -0.661349 -0.023801 -0.749700 0.627135 -0.565857 -0.535264
-2.533191 -135.864911 848.900937 4540.606514 0.432386 0.839866 -0.328129 -0.353376 -0.176959 -0.918592 0.829559 -0.513139 -0.220273
-12.783962 -41.230047 -586.916309 3287.053757 0.174372 0.955186 -0.239195 -0.595957 -0.091000 -0.797843 0.783855 -0.281672 -0.553382
-12.488152 -35.835957 -1433.699280 4775.417327 0.189827 0.960661 -0.202720 -0.674575 -0.022409 -0.737866 0.713382 -0.276817 -0.643785
-14.283640 -40.958543 -952.092197 3982.594560 0.130596 0.960659 -0.245109 -0.636040 -0.108465 -0.763995 0.760525 -0.255674 -0.596852
-14.568154 -34.458121 -1926.463388 4269.544188 0.153179 0.966536 -0.205775 -0.695514 -0.042477 -0.717255 0.701994 -0.252988 -0.665734
-13.559867 -44.362521 -752.401767 681.386944 0.148221 0.957491 -0.247470 -0.541383 -0.130849 -0.830532 0.827608 -0.257079 -0.498975
-16.105608 -38.983526 -1032.563648 2793.361438 0.100998 0.970489 -0.218978 -0.640185 -0.105086 -0.760999 0.761553 -0.217046 -0.610679
-15.042124 -43.399542 -741.379269 923.473859 0.114443 0.965941 -0.232079 -0.567773 -0.128102 -0.813157 0.815191 -0.224828 -0.533774
-2.458955 -109.294866 -461.136670 -2564.899708 0.865377 -0.013933 0.500928 0.395891 -0.593849 -0.700438 -0.307235 -0.804456 0.508387
-2.471262 -101.692649 -1050.773374 -2365.963206 0.871909 -0.046192 0.487483 0.297062 -0.741518 -0.601586 -0.389266 -0.669341 0.632814
-1.551915 -96.592188 -2459.300118 68.737534 0.872078 -0.089363 0.481139 0.203315 -0.828153 -0.522327 -0.445133 -0.553333 0.704045
3.172741 -48.697395 1099.207668 1151.315817 0.262702 0.945449 -0.192651 -0.466750 -0.050227 -0.882962 0.844471 -0.321875 -0.428094
3.954658 -48.201873 2872.659607 1044.396312 0.272453 0.949638 -0.154779 -0.426089 -0.025149 -0.904332 0.862681 -0.312338 -0.397778
5.517507 -45.889354 1553.514511 -389.621138 0.260567 0.939785 -0.221154 -0.541143 -0.047536 -0.839586 0.799543 -0.338445 -0.496171
8.663926 -83.893289 7002.479744 6002.252473 0.985042 -0.020915 0.171040 -0.111053 -0.836020 0.537343 -0.131754 0.548300 0.825838
-3.999163 -90.763770 3968.534347 -6443.149483 0.960575 -0.132720 0.244297 -0.232001 -0.866859 0.441284 -0.153204 0.480563 0.863474
0.677431 -86.538480 6007.178446 -8569.242647 0.979278 -0.068119 0.190719 -0.146658 -0.887974 0.435882 -0.139661 0.454820 0.879564
-9.993402 -106.358398 2343.547305 -14886.657576 0.949961 -0.166919 0.264029 -0.239893 -0.931209 0.274411 -0.200062 0.324018 0.924655
11.881593 -77.537872 6900.629410 -3474.803606 0.986201 0.024622 0.163711 -0.058627 -0.872853 0.484448 -0.154824 0.487361 0.859365
-6.233631 -100.983607 4382.838452 -16226.968403 0.970699 -0.102196 0.217484 -0.162484 -0.945937 0.280717 -0.177038 0.307830 0.934825
3.859135 -89.327015 3975.378679 -14884.552778 0.981917 0.011284 0.188975 -0.059797 -0.928630 0.366157 -0.179620 0.370836 0.911163
19.459560 -138.079531 -735.630396 -4218.411426 0.904637 -0.029866 0.425136 0.299561 0.754107 -0.584453 0.303143 -0.656072 -0.691140
-13.810495 -95.010839 1196.358948 -4185.720352 0.908349 -0.242628 0.340637 -0.166318 0.537751 0.826536 0.383718 0.807438 -0.448112
-11.178062 -86.296476 -962.142629 -6294.019979 0.912409 -0.203145 0.355304 -0.127689 0.683501 0.718694 0.388850 0.701112 -0.597694
14.094097 -528.198958 5489.101800 -52119.449327 0.847780 -0.321242 0.421987 0.374416 0.926057 -0.047238 -0.375610 0.198046 0.905370
