15029
30046
-41.432586 -65.693150 -1611.201797 8922.741966 -0.135114 0.943201 0.303507 0.032281 -0.301963 0.952773 -0.990304 -0.138530 -0.010352
-44.727441 -69.852508 -1554.588629 6767.753041 -0.099359 0.857394 0.504978 -0.036675 -0.510300 0.859214 -0.994376 -0.066850 -0.082148
-53.559581 -77.259966 300.959113 3922.861828 -0.101493 0.946084 0.307610 -0.197557 -0.322215 0.925823 -0.975023 -0.033194 -0.219608
-44.538527 -66.901817 357.036712 7281.290378 0.013527 0.728576 0.684831 -0.004131 -0.684847 0.728675 -0.999900 0.012685 0.006254
-39.232797 -86.245146 -2390.908933 9723.307400 -0.101063 0.992305 0.071538 -0.161209 -0.087290 0.983052 -0.981732 -0.087818 -0.168791
-26.607767 -89.323239 -4408.931069 16670.533785 -0.193982 0.979942 0.045666 -0.037729 -0.053968 0.997830 -0.980279 -0.191838 -0.047441
-21.382732 -67.868117 -5061.100765 13564.194893 -0.245357 0.951522 0.185487 0.128540 -0.157715 0.979083 -0.960873 -0.264067 0.083612
-30.381829 -46.580736 -3680.365187 5723.721265 -0.157692 0.848440 0.505255 0.197851 -0.474135 0.857934 -0.967465 -0.235255 0.093098
-37.320574 -50.647589 -950.633852 -4901.917635 -0.026084 0.662885 0.748266 -0.140010 0.738721 -0.659309 -0.989806 -0.121962 0.073541
119.632054 -68.344460 6621.870588 2993.382439 0.198212 -0.963040 0.182391 0.980108 0.196645 -0.026826 -0.010031 0.184080 0.982860
107.915165 -52.776666 -9330.466579 5219.236009 0.126965 -0.892849 0.432088 0.988380 0.150583 0.020732 -0.083575 0.424435 0.901593
107.032928 -53.922203 -4965.593496 -935.153265 0.280509 -0.890471 0.358297 0.959011 0.244390 -0.143426 0.040153 0.383843 0.922525
115.481186 -71.214420 7672.539028 -3935.343676 0.292860 -0.940698 0.171233 0.948913 0.263943 -0.172911 0.117461 0.213124 0.969939
40.573444 -45.399894 8974.157605 -1136.194525 0.629149 0.712522 -0.310617 -0.182937 0.524129 0.831759 -0.755450 0.466477 -0.460102
42.966296 -47.501418 9443.452454 -786.864479 0.627315 0.705243 -0.330316 -0.074268 0.476397 0.876088 -0.775216 0.525052 -0.351228
48.737973 -46.513781 4330.241047 -1246.731056 0.565427 0.744190 -0.355631 -0.154792 0.519256 0.840483 -0.810143 0.420183 -0.408796
20.814262 -52.656634 -3705.646866 2185.046316 0.281408 0.957834 0.057996 -0.377783 0.055029 0.924257 -0.882094 0.282003 -0.377339
17.425651 -48.628448 -506.278482 242.404583 0.334407 0.931484 0.143211 -0.357491 -0.015226 0.933792 -0.871993 0.363463 -0.327906
13.406078 -48.784974 -2941.787622 1529.951261 0.294673 0.955205 0.027412 -0.235719 0.044858 0.970785 -0.926069 0.292526 -0.238379
-1.691164 -37.485394 7159.821516 -738.418088 0.049246 0.981903 -0.182868 0.998472 -0.043806 0.033671 0.025051 -0.184247 -0.982561
0.095443 -36.536615 7654.847927 -520.717881 0.090246 0.979826 -0.178316 0.994836 -0.097042 -0.029744 -0.046448 -0.174711 -0.983524
13.616016 -35.333884 6776.792671 328.903978 0.134907 0.974430 -0.179683 0.990586 -0.128381 0.047522 0.023239 -0.184403 -0.982576
10.804243 -32.705377 7914.208972 1661.572570 0.132741 0.977381 -0.164642 0.986343 -0.113921 0.118953 0.097506 -0.178183 -0.979154
20.861110 -29.663235 3853.140699 3822.997800 0.165845 0.966487 -0.195954 0.979709 -0.138800 0.144586 0.112543 -0.215957 -0.969895
22.128517 -34.504662 2265.451676 2016.802911 0.182663 0.956741 -0.226454 0.982721 -0.170663 0.071651 0.029904 -0.235629 -0.971383
8.514232 -106.427829 -786.417896 3762.554013 0.183089 0.857937 0.480024 0.262191 0.427979 -0.864922 0.947488 -0.284216 0.146585
16.430040 -106.897376 -5094.532997 2515.590938 0.227112 0.877832 0.421701 0.257636 0.363432 -0.895288 0.939172 -0.311976 0.143621
5.454377 -97.420288 -929.999175 5434.439822 0.187048 0.874020 0.448444 0.045256 0.448350 -0.892712 0.981308 -0.187274 -0.044308
2.275205 -91.816585 1680.422084 6163.346839 0.171434 0.858176 0.483884 0.041974 0.484348 -0.873868 0.984301 -0.170121 -0.047012
-7.247623 -85.111249 -1149.978932 -3737.982815 0.017588 0.950960 0.308814 0.619448 0.232081 -0.749948 0.784841 -0.204484 0.584988
-10.243918 -81.414599 -570.789140 -2051.946369 -0.029654 0.958189 0.284594 0.607263 0.243422 -0.756292 0.793948 -0.150396 0.589091
-7.116265 -83.702288 -1167.157405 327.454256 -0.002750 0.943667 0.330886 0.727991 0.228740 -0.646302 0.685581 -0.239105 0.687610
-3.171107 -87.410324 -1090.186510 -784.742514 0.010434 0.942034 0.335355 0.732326 0.221161 -0.644039 0.680874 -0.252310 0.687569
-12.916804 -41.018892 798.705193 -835.819047 -0.099654 -0.339659 0.935254 -0.497580 0.830980 0.248771 -0.861675 -0.440573 -0.251818
-20.377620 -49.148512 2392.641208 -706.957838 -0.222650 -0.165878 0.960683 -0.451435 0.890946 0.049211 -0.864079 -0.422730 -0.273252
-8.215836 -40.547573 2773.370453 -941.494757 -0.021133 -0.432235 0.901513 -0.586266 0.735768 0.339025 -0.809843 -0.521362 -0.268954
-21.821485 -46.419855 2198.079248 1508.546019 -0.245776 -0.084155 0.965667 -0.352665 0.935714 -0.008214 -0.902896 -0.342575 -0.259655
0.906075 -34.542677 -7529.283517 741.715633 -0.176876 0.624562 -0.760682 -0.546570 0.580413 0.603641 -0.818521 -0.522536 -0.238705
-16.291463 -42.784305 502.804856 1817.441849 -0.163765 -0.215166 0.962749 -0.396196 0.908104 0.135560 -0.903443 -0.359237 -0.233963
-10.179232 -35.981574 1793.433437 -590.560836 0.041058 -0.493699 0.868663 -0.495260 0.745020 0.446836 -0.867774 -0.448560 -0.213920
4.157602 -124.294946 3355.987465 18573.693406 0.711479 -0.699758 0.064308 0.087294 -0.002792 -0.996179 -0.697264 -0.714374 -0.059098
13.672342 -144.492806 11531.605939 -20268.687855 -0.677242 0.729563 -0.095293 -0.046646 0.086682 0.995143 -0.734280 -0.678398 0.024673
13.587431 -129.437377 9859.135681 -27713.655835 -0.686807 0.725909 -0.036777 -0.121047 -0.064342 0.990559 -0.716690 -0.684775 -0.132059
2.877695 -84.704834 615.487085 4765.981289 -0.144528 0.987058 0.069484 -0.886864 -0.098074 -0.451501 0.438843 0.126877 -0.889561
1.105389 -91.308083 934.344636 3829.510808 -0.163596 0.983472 0.077589 -0.784182 -0.081918 -0.615100 0.598577 0.161472 -0.784622
0.397291 -82.011559 428.557142 5899.202200 -0.143770 0.986580 0.077394 -0.904863 -0.099390 -0.413938 0.400691 0.129543 -0.907009
10.303694 -175.273033 9723.337397 -28229.152739 0.936118 -0.351620 -0.006811 0.152459 0.388286 0.908840 0.316922 0.851820 -0.417089
-4.861015 -204.072460 941.144623 -46040.381887 0.957246 -0.286509 0.039917 0.089767 0.425382 0.900551 0.274996 0.858465 -0.432914
0.038083 -221.525255 4596.050479 -33798.557790 0.941354 -0.337006 0.016695 0.052109 0.194083 0.979600 0.333372 0.921281 -0.200262
13.332253 -218.849123 11796.117660 -31407.844371 0.938075 -0.345888 -0.019403 0.072828 0.142137 0.987164 0.338690 0.927447 -0.158526
0.862451 -238.967626 5306.373593 -22429.346409 0.940736 -0.339099 -0.005291 -0.028617 -0.094917 0.995074 0.337930 0.935950 0.098995
-9.926722 -249.804016 -951.523456 -17988.842340 0.962184 -0.272334 0.005966 -0.017298 -0.039228 0.999081 0.271850 0.961403 0.042455
3.949833 -83.110303 -1348.514586 2821.110006 0.956590 -0.207187 0.204961 0.222666 0.973324 -0.055323 -0.188032 0.098560 0.977205
2.407312 -96.770369 -1265.553866 10241.194184 0.964308 -0.174306 0.199316 0.158990 0.983119 0.090550 -0.211734 -0.055629 0.975743
1.329815 -86.479022 -1516.446816 3293.226893 0.961981 -0.175631 0.209156 0.193392 0.978792 -0.067573 -0.192852 0.105453 0.975545
-1.498250 -87.155262 -962.244050 3297.662073 0.968374 -0.154323 0.196050 0.174949 0.980217 -0.092559 -0.177887 0.123930 0.976216
1.332846 -88.430562 -1130.330482 3095.739912 0.965930 -0.171014 0.194251 -0.209812 -0.956881 0.200894 -0.151519 0.234806 0.960161
29.085750 -38.129361 -14295.117089 -208.656110 -0.262643 0.653876 -0.709553 -0.655829 0.418418 0.628343 -0.707747 -0.630375 -0.318936
38.593652 -35.345460 -8003.469245 -735.833894 -0.235797 0.782789 -0.575882 -0.590411 0.355295 0.724693 -0.771890 -0.510888 -0.378390
14.746971 -35.402509 -11229.783162 -88.146594 -0.233104 0.655150 -0.718638 -0.600493 0.484295 0.636291 -0.764899 -0.579860 -0.280522
3.407562 -497.857979 -3254.531079 80680.498447 0.900920 -0.433380 -0.022888 0.072341 0.201967 -0.976717 -0.427912 -0.878289 -0.213307
-16.495255 -647.140224 -4880.342823 172995.907102 0.932885 -0.358920 0.030028 -0.023948 -0.144998 -0.989142 -0.359377 -0.922037 0.143861
1.633795 -512.283998 -4065.799486 3063.665871 0.928976 -0.370015 0.009614 -0.104652 -0.287479 -0.952052 -0.355037 -0.883428 0.305784
3.367857 -907.434097 -12085.119890 331660.317739 0.917354 -0.390831 0.075579 0.186693 0.254721 -0.948822 -0.351578 -0.884516 -0.306635
-1.984000 -22.030852 -1250.171519 1821.228525 0.049047 0.931314 0.360900 0.998157 -0.032777 -0.051070 -0.035733 0.362740 -0.931205
-0.782215 -14.049643 2148.436888 3454.518024 0.191566 0.905579 0.378455 0.980907 -0.189823 -0.042300 0.033534 0.379333 -0.924653
-4.507722 -22.243451 988.039467 970.554430 0.257162 0.894411 0.365918 0.966251 -0.232096 -0.111756 -0.015028 0.382308 -0.923913
-1.822781 -20.035459 -308.890722 2984.474000 0.072271 0.926208 0.370022 0.997378 -0.068531 -0.023261 0.003813 0.370733 -0.928732
-0.962832 -27.622928 513.875330 1305.455672 0.021224 0.923677 0.382583 0.994764 0.018755 -0.100467 -0.099974 0.382712 -0.918443
-1.174321 -22.636202 -999.573345 316.268403 0.018169 0.928691 0.370408 0.998172 0.004513 -0.060275 -0.057648 0.370826 -0.926911
-3.337135 -47.816032 5445.836712 -104.773873 0.686686 0.674162 -0.271971 0.071508 0.309668 0.948152 -0.723429 0.670531 -0.164436
-2.207798 -46.731672 4962.983519 -607.956079 0.680273 0.688566 -0.251208 -0.045227 0.381513 0.923257 -0.731562 0.616705 -0.290675
-13.293430 -47.622555 3325.842376 -363.937556 0.672727 0.700594 -0.237922 0.034601 0.291422 0.955968 -0.739082 0.651338 -0.171807
-13.659317 -47.821995 3523.831453 -129.918617 0.675769 0.690767 -0.257248 0.147910 0.214821 0.965388 -0.722121 0.690429 -0.042999
-2.911693 -47.969201 6531.615759 150.676240 0.692984 0.662508 -0.284352 0.177186 0.225809 0.957922 -0.698841 0.714208 -0.039095
-24.051206 -45.919682 -784.118751 1263.156760 0.529051 0.353472 0.771468 -0.288164 0.929928 -0.228461 -0.798164 -0.101442 0.593838
-24.061137 -42.136603 647.891582 1476.080158 0.531763 0.401990 0.745407 -0.216823 0.915454 -0.339017 -0.818667 0.018655 0.573965
-24.009118 -44.638934 -1667.076527 1117.465597 0.499238 0.336269 0.798552 -0.228524 0.940089 -0.253002 -0.835786 -0.056180 0.546173
-283.632498 -1911.995566 96534.980431 -835675.641612 0.612018 -0.072569 0.787507 -0.164727 0.962242 0.216690 -0.773498 -0.262342 0.576956
-440.838034 -1599.169226 169261.768132 760497.391775 0.475131 -0.156140 0.865951 0.466142 0.879354 -0.097207 -0.746299 0.449842 0.490591
-1908.346952 -10930.621707 -192501.897951 8883665.949488 0.095600 0.851915 0.514880 0.487903 -0.490958 0.721742 -0.867647 -0.182213 0.462587
-318.128241 -2303.749507 225121.292063 1433915.701520 0.693571 -0.217590 0.686741 0.447384 -0.617078 -0.647351 -0.564630 -0.756221 0.330641
-10.908924 -148.893478 1538.908207 34388.979942 0.714578 0.150875 0.683092 -0.603375 -0.361202 0.710966 -0.354001 0.920201 0.167073
-2.714707 -243.159184 4217.445387 58994.461219 0.715131 0.101274 0.691615 -0.636086 -0.315930 0.703976 -0.289797 0.943362 0.161512
-7.615875 -244.552371 2817.438871 -59148.082706 0.680724 0.115305 0.723408 0.716995 0.097490 -0.690228 -0.150112 0.988534 -0.016309
78.150876 -113.632004 -284.760011 -611.451739 -0.531659 0.799224 -0.280320 0.428735 -0.031473 -0.902882 0.730428 0.600208 0.325923
96.822800 -115.266209 -5781.031721 6803.744793 -0.477381 0.868401 -0.134115 0.488612 0.135488 -0.861917 0.730319 0.476993 0.488991
104.502683 -118.423654 -1487.590489 -630.205704 -0.541005 0.795688 -0.272386 0.596126 0.134341 -0.791572 0.593252 0.590621 0.547009
124.286197 -119.236664 -1722.511332 3138.154499 -0.451297 0.887382 -0.094256 0.645640 0.251777 -0.720942 0.616019 0.386214 0.686556
80.093948 -121.946562 -10368.474355 3720.410017 0.627828 -0.651332 0.426144 -0.563960 -0.003320 0.825795 0.536452 0.758786 0.369410
98.856808 -112.134838 -10680.874100 -11256.814181 0.614741 -0.667794 0.419696 0.698084 0.212992 -0.683603 0.367114 0.713222 0.597111
120.443018 -104.596809 1664.308767 -9175.740976 0.535241 -0.804236 0.258305 0.730430 0.287077 -0.619724 0.424251 0.520376 0.741094
-52.800649 -66.761430 -1397.589034 2015.208423 -0.538295 -0.014978 -0.842623 0.246964 0.953145 -0.174711 0.805759 -0.302144 -0.509374
-49.624760 -67.401373 -1464.852905 468.752756 -0.440327 0.163431 -0.882838 0.459879 0.885567 -0.065435 0.771118 -0.434811 -0.465098
-53.855462 -69.360819 -130.627944 761.366666 -0.591592 0.028827 -0.805722 0.314843 0.928271 -0.197959 0.742221 -0.370787 -0.558234
20.364004 -45.466163 -6647.127017 -130.546970 0.109317 0.889866 -0.442932 0.661140 -0.397837 -0.636096 0.742255 0.223304 0.631817
12.098799 -45.407262 -3005.774933 -63.767629 0.122288 0.891453 -0.436300 0.662691 -0.400589 -0.632747 0.738841 0.211755 0.639745
18.771773 -45.541874 -6664.819648 1038.853724 0.115923 0.891833 -0.437260 0.729302 -0.375285 -0.572083 0.674300 0.252577 0.693920
12.923634 -46.209237 -3756.903878 -1094.762124 0.126779 0.889814 -0.438359 0.584930 -0.423976 -0.691449 0.801114 0.168748 0.574230
28.071140 -44.808886 -5668.875242 475.195342 0.077335 0.878637 -0.471185 0.734455 -0.369808 -0.569050 0.674236 0.302057 0.673919
29.607758 -45.272840 -5136.905012 -375.887507 0.062776 0.875480 -0.479159 0.664381 -0.394925 -0.634532 0.744753 0.278511 0.606444
21.881375 -46.720704 -7021.353535 -941.691741 0.110246 0.885734 -0.450911 0.580391 -0.425662 -0.694233 0.806841 0.185168 0.560999
-2.791081 -49.343267 -318.998742 2347.386100 0.556693 0.819969 -0.133206 0.274602 -0.332975 -0.902065 0.784020 -0.465594 0.410530
-1.067427 -50.334533 -667.632335 2308.276563 0.576080 0.801850 -0.158648 0.259665 -0.363562 -0.894649 0.775052 -0.474194 0.417653
-3.826317 -44.145378 -501.016344 926.010237 0.567365 0.809695 -0.149972 0.139002 -0.273680 -0.951724 0.811650 -0.519128 0.267826
13.706561 -93.938183 1742.594907 -12404.590198 -0.343613 -0.846296 0.407078 0.893426 -0.161035 0.419354 -0.289344 0.507790 0.811437
13.913125 -102.597211 754.109060 -8524.115425 -0.359832 -0.845284 0.394988 0.924139 -0.264632 0.275566 -0.128405 0.464181 0.876383
14.552441 -84.051037 358.465200 -19344.697465 -0.325830 -0.847507 0.419006 0.889695 -0.124946 0.439125 -0.319809 0.515868 0.794734
16.012301 -71.461636 888.492152 -18508.705712 -0.287621 -0.844641 0.451503 0.845776 -0.002809 0.533531 -0.449374 0.535326 0.715185
-8.792827 -94.177790 -527.011749 -2029.788962 0.445269 0.847163 -0.289914 0.284351 -0.440809 -0.851371 0.849047 -0.296651 0.437170
-9.997085 -92.666715 -303.958184 -2254.017339 0.417410 0.847670 -0.327452 0.283477 -0.463827 -0.839348 0.863371 -0.257527 0.433901
-9.860071 -90.818996 -455.590778 -1062.714704 0.434162 0.857356 -0.276487 0.474479 -0.478538 -0.738830 0.765750 -0.189585 0.614561
-8.059166 -93.515160 -569.183873 -957.892552 0.455577 0.857795 -0.237984 0.478111 -0.461285 -0.747413 0.750906 -0.226722 0.620273
-4.410067 -85.756285 -1766.705073 -885.706534 -0.414927 -0.742199 0.526285 0.901282 -0.256067 0.349457 -0.124603 0.619331 0.775180
-9.650973 -85.547014 -829.189838 -3850.500014 -0.412997 -0.765242 0.493799 0.905039 -0.284318 0.316335 -0.101677 0.577553 0.809996
-4.853617 -88.386783 -1897.294872 -4272.890910 -0.394041 -0.743916 0.539742 0.918906 -0.330718 0.215029 0.018538 0.580702 0.813905
124.301569 -42.525774 37651.839445 85.318953 -0.111056 0.966088 -0.233111 0.978503 0.065279 -0.195628 -0.173777 -0.249825 -0.952570
55.778749 -41.992320 21257.379809 692.031917 -0.018601 0.984353 -0.175223 0.999472 0.013635 -0.029505 -0.026654 -0.175679 -0.984087
73.649555 -44.373514 33959.442152 -45.618928 0.039355 0.993122 -0.110268 -0.983603 0.057941 0.170788 -0.176002 -0.101738 -0.979118
-1.796306 -61.218100 284.566797 2818.688008 0.399203 0.779776 -0.482271 -0.823802 0.535955 0.184670 -0.402477 -0.323575 -0.856336
-0.011473 -56.653588 368.491129 1730.477770 0.368800 0.799605 -0.473939 -0.756848 0.554323 0.346277 -0.539600 -0.230992 -0.809614
-1.577388 -60.479299 262.080605 2126.309562 0.380753 0.792319 -0.476716 -0.841733 0.510398 0.176008 -0.382770 -0.334252 -0.861257
14.152195 -22.115076 -3030.386600 1302.993912 -0.209799 0.679423 -0.703113 -0.818669 -0.515237 -0.253598 0.534570 -0.522413 -0.664319
4.546969 -22.535682 -1683.884301 -494.838686 -0.277773 0.624238 -0.730185 -0.783772 -0.586771 -0.203475 0.555467 -0.515778 -0.652249
6.892849 -22.015382 -860.354780 -928.585014 -0.285447 0.647055 -0.706993 -0.756892 -0.604716 -0.247856 0.587907 -0.464368 -0.662366
-1.051773 -136.620846 -507.131933 8702.901087 0.526722 0.824419 -0.207116 -0.832225 0.549762 0.071858 -0.173106 -0.134518 -0.975674
0.420744 -134.778779 -944.238174 8669.258021 0.515537 0.830602 -0.210526 -0.827937 0.546166 0.127367 -0.220773 -0.108640 -0.969256
-1.428155 -123.478456 307.433243 8865.356307 0.523569 0.829844 -0.192962 -0.785249 0.557889 0.268597 -0.330545 -0.010894 -0.943727
0.566958 -150.447686 -893.252368 -9443.163739 0.529240 0.822124 -0.209803 0.847403 -0.524570 0.082067 -0.042587 -0.221221 -0.974293
-2.450606 -127.281693 -143.338620 10259.927736 0.527678 0.825612 -0.199801 -0.792670 0.563143 0.233546 -0.305335 -0.035139 -0.951596
-2.333780 -140.273595 -551.233752 -8288.467513 0.530031 0.823213 -0.203438 0.837855 -0.545368 -0.023915 -0.130636 -0.157776 -0.978796
-1.014062 -151.543650 -695.498644 -8195.079471 0.534869 0.819065 -0.207480 0.844871 -0.515433 0.143251 0.010390 -0.251914 -0.967694
-9.842095 -136.678642 853.670663 -9714.714206 0.575419 0.734440 -0.359848 0.048172 0.408789 0.911357 -0.816439 0.541746 -0.199845
-6.512948 -143.605241 1314.946566 -12934.616921 0.594670 0.728378 -0.340342 0.009871 0.416680 0.908999 -0.803909 0.543914 -0.240597
-10.434383 -122.721066 1114.550912 -12733.410434 0.569872 0.752437 -0.330280 -0.143065 0.486642 0.861807 -0.809184 0.443868 -0.384971
-12.363366 -114.830095 590.200153 -12968.351013 0.543258 0.763403 -0.349407 -0.122527 0.483812 0.866552 -0.830576 0.427950 -0.356373
-11.276391 -128.818299 1135.527093 -10414.096043 0.552784 0.736456 -0.389952 0.074392 0.422467 0.903320 -0.829997 0.528351 -0.178747
21.752071 -183.628435 -1192.611858 28563.882681 -0.502389 -0.774524 0.384341 0.855978 -0.508287 0.094585 0.122097 0.376506 0.918333
18.719514 -198.722289 -1965.740463 15118.338117 -0.545800 -0.752673 0.368221 0.832835 -0.438980 0.337169 -0.092136 0.490694 0.866447
17.774638 -169.747392 -2721.273011 26744.403922 -0.490486 -0.756673 0.432285 0.858390 -0.505058 0.089906 0.150300 0.415167 0.897244
46.766015 -77.949514 -4133.699120 -185.956052 -0.736628 -0.642977 0.209667 -0.494710 0.723678 0.481198 -0.461131 0.250739 -0.851169
43.647711 -89.548840 -116.461338 9885.724734 0.636573 0.755959 -0.152646 -0.676040 0.642224 0.361272 -0.371139 0.126781 -0.919882
37.640897 -77.965473 7727.003250 8495.800379 0.679935 0.726867 -0.096715 -0.656693 0.662290 0.360731 -0.326257 0.181762 -0.927642
32.004127 -75.505111 -16304.449791 -5199.608213 -0.826389 -0.531626 0.185621 -0.348819 0.742081 0.572399 -0.442048 0.408276 -0.798689
53.002947 -84.985015 -5558.741348 -4456.587062 -0.767361 -0.579760 0.273928 -0.312528 0.711187 0.629714 -0.559897 0.397608 -0.726928
29.765547 -67.545620 -12853.513237 466.382442 -0.779986 -0.613601 0.122944 -0.504882 0.733093 0.455706 -0.369751 0.293372 -0.881599
19.003677 -371.952258 -4164.506791 -92063.228167 -0.685692 -0.619038 0.382907 0.687361 -0.723768 0.060792 0.239503 0.304880 0.921784
10.241391 -1277.446277 39984.460604 671019.007944 0.650271 0.677238 -0.344233 -0.594894 0.735742 0.323705 0.472492 -0.005714 0.881316
20.660917 -331.616547 -2002.105210 -78407.445782 0.736742 0.594556 -0.322047 0.640998 -0.765729 0.052730 0.215249 0.245280 0.945254
16.934109 -292.752103 -7043.185478 58733.387425 0.803092 0.532957 -0.266458 -0.540220 0.839929 0.051791 0.251408 0.102353 0.962454
8.684674 -286.441984 -2253.570930 -58009.184837 0.728900 0.612999 -0.304857 0.678165 -0.707497 0.198846 0.093793 0.351682 0.931409
11.284189 -210.048227 -2860.062563 -24696.113806 0.721894 0.614431 -0.318347 0.692004 -0.640898 0.332236 -0.000108 0.460136 0.887848
10.452688 -227.834071 -3800.213514 -23741.550474 -0.694953 -0.618820 0.366199 0.718414 -0.619049 0.317268 0.030364 0.483569 0.874779
16.250499 -30.476084 -4006.341224 -1603.699018 -0.179178 -0.752444 0.633816 0.979242 -0.198461 0.041222 0.094771 0.628045 0.772384
22.249986 -37.476889 -1160.293636 -450.167805 -0.163530 -0.809835 0.563405 0.973574 -0.224757 -0.040480 0.159411 0.541896 0.825189
21.035142 -35.275605 -1477.109342 -742.688497 -0.227124 -0.795885 0.561232 0.971240 -0.227408 0.070562 0.071469 0.561117 0.824645
14.005060 -27.509055 -4310.031578 -2151.717513 -0.271532 -0.730372 0.626760 0.962203 -0.220133 0.160332 0.020869 0.646605 0.762539
7.130594 -22.899233 -3297.361842 -2032.588659 -0.191391 -0.736989 0.648241 0.980825 -0.168354 0.098182 0.036775 0.654602 0.755079
-10.119101 -35.020990 -1458.061910 214.732677 -0.365450 -0.678273 0.637489 0.866043 -0.498797 -0.034235 0.341198 0.539582 0.769698
-9.603829 -34.664038 -1893.139938 571.039764 -0.383179 -0.676065 0.629373 0.880704 -0.472821 0.028298 0.278449 0.565134 0.776588
-11.478308 -34.900585 -1740.474180 109.832412 -0.403622 -0.673194 0.619596 0.843649 -0.535900 -0.032682 0.354043 0.509531 0.784240
-12.075140 -35.220150 -1395.666995 -615.573963 -0.375248 -0.685195 0.624257 0.826172 -0.552593 -0.109914 0.420273 0.474499 0.773448
-9.288484 -29.163353 -182.193265 289.574110 0.130247 0.938600 -0.319476 0.892505 -0.251329 -0.374524 0.431822 0.236353 0.870441
-9.878149 -29.327154 900.433020 76.953261 0.073526 0.957455 -0.279059 0.874904 -0.196234 -0.442759 0.478683 0.211596 0.852109
-7.540844 -28.564301 207.173341 -81.375508 0.147030 0.931549 -0.332563 0.853283 -0.289507 -0.433698 0.500290 0.220003 0.837442
6.094618 -492.493030 1012.960559 71993.986502 -0.780190 0.335809 0.527765 0.321365 0.939011 -0.122409 -0.536683 0.074103 -0.840524
4.923972 -410.623036 -3622.836118 11281.823665 0.746407 -0.379337 -0.546791 0.543554 0.821555 0.172034 -0.383960 0.425618 -0.819404
-10.431497 -538.661621 5131.860255 76159.691220 -0.742087 0.343448 0.575631 0.441338 0.896699 0.033949 -0.504508 0.279241 -0.817005
11.589589 -287.415112 -332.099315 12537.878345 -0.784449 0.398810 0.474963 0.433063 0.900439 -0.040820 -0.443954 0.173667 -0.879059
-4.373700 -467.519372 3390.217425 -9304.125829 -0.753579 0.313903 0.577567 0.123663 0.930628 -0.344440 -0.645621 -0.188139 -0.740120
2.459063 -344.062652 879.759988 -15020.838608 -0.776405 0.328751 0.537697 0.031428 0.872305 -0.487951 -0.629450 -0.361948 -0.687594
10.834943 -280.339653 -1521.392224 17355.147790 -0.813314 0.331540 0.478122 0.187214 0.927185 -0.324468 -0.550882 -0.174383 -0.816162
-47.990819 -74.618874 -650.834563 5294.100339 -0.042451 0.863791 0.502059 -0.135951 -0.502832 0.853626 -0.989806 0.032018 -0.138779
98.016921 -48.849809 -18323.417322 8201.361196 -0.061018 -0.787331 0.613503 0.982693 0.060319 0.175146 -0.174904 0.613572 0.770024
87.711999 -31.791303 -19571.311664 4022.176065 0.096759 -0.775373 0.624047 0.991076 0.132813 0.011352 -0.091683 0.617379 0.781305
94.350273 -33.479468 -19098.473137 26.544492 0.249222 -0.779285 0.574981 0.967607 0.225084 -0.114342 -0.040314 0.584852 0.810138
27.622450 -46.711315 10988.525729 -859.541749 0.677479 0.676060 -0.289767 -0.096257 0.472052 0.876300 -0.729216 0.565783 -0.384881
26.335163 -48.118430 9307.315792 179.234333 0.671586 0.672460 -0.311077 0.021687 0.401828 0.915458 -0.740609 0.621556 -0.255278
38.894336 -47.609570 3328.551835 632.286228 0.582706 0.731296 -0.354487 0.056242 0.398859 0.915286 -0.810735 0.553279 -0.191287
2.615828 -48.942084 -3454.922513 1996.348528 0.289719 0.954817 -0.066234 -0.119110 0.104632 0.987353 -0.949672 0.278165 -0.144042
-9.910402 -47.112598 -3172.281496 1927.623286 0.314954 0.938671 -0.140355 0.011110 0.144225 0.989483 -0.949042 0.313201 -0.034995
-6.865682 -50.413140 -3684.464985 1135.643802 0.306570 0.944382 -0.118986 -0.145884 0.170146 0.974561 -0.940602 0.281413 -0.189931
-15.244079 -35.476484 8323.774775 -322.498053 -0.010526 0.986325 -0.164475 0.993424 -0.008438 -0.114179 -0.114005 -0.164596 -0.979751
1.527880 -35.849284 7471.693605 -452.021586 0.159968 0.969826 -0.183978 0.979417 -0.179180 -0.092932 -0.123093 -0.165325 -0.978527
22.831775 -111.368863 -6293.472398 2334.447293 0.238429 0.864338 0.442799 0.455376 0.303216 -0.837074 0.857779 -0.401223 0.321303
30.280935 -105.931146 -7505.812003 -126.703318 0.252149 0.897006 0.363045 0.436871 0.229239 -0.869824 0.863461 -0.377929 0.334073
21.244049 -105.251108 -5439.434835 -1386.806355 0.228892 0.911717 0.341145 0.250981 0.283329 -0.925599 0.940541 -0.297483 0.163972
-10.343787 -86.448842 -441.172067 -4833.177170 -0.018164 0.964936 0.261856 0.480282 0.238124 -0.844172 0.876926 -0.110431 0.467767
-11.902650 -82.814186 86.679421 -2998.267849 -0.067930 0.969109 0.237095 0.459936 0.241304 -0.854536 0.885350 -0.051000 0.462120
-12.317176 -80.302404 -243.465874 213.861876 -0.070917 0.965917 0.248949 0.585115 0.242412 -0.773872 0.807844 -0.090783 0.582363
-19.366892 -49.765000 3715.691542 -1178.047558 -0.177148 -0.249169 0.952120 -0.546937 0.829204 0.115241 -0.818216 -0.500336 -0.283172
-28.034278 -55.573997 3876.811548 -573.989673 -0.328675 -0.018968 0.944253 -0.389739 0.913423 -0.117311 -0.860277 -0.406569 -0.307612
-29.020851 -52.949169 3246.891579 286.100274 -0.343411 0.082342 0.935569 -0.283347 0.940650 -0.186795 -0.895424 -0.329238 -0.299698
9.201885 -93.022023 -3269.481192 10389.577510 -0.734144 0.655695 0.176340 0.605827 0.749831 -0.265946 -0.306605 -0.088411 -0.947722
9.412150 -75.259740 -5122.464068 12030.971994 -0.757226 0.630962 0.168804 0.624051 0.775194 -0.098162 -0.192792 0.031012 -0.980749
17.175290 -88.172759 -3519.788736 11429.039200 -0.718132 0.665618 0.203074 0.616087 0.743790 -0.259254 -0.323608 -0.061068 -0.944218
0.031882 -93.918566 -221.484842 -490.540200 0.191754 0.856046 0.480016 0.974337 -0.224793 0.011668 0.117892 0.465460 -0.877182
0.332284 -90.946074 -596.909460 -576.512706 0.170940 0.865565 0.470720 0.974993 -0.217462 0.045807 0.142012 0.451118 -0.881093
-0.539682 -89.582552 -516.404376 1563.258571 0.220833 0.850747 0.476931 0.907481 -0.358408 0.219137 0.357366 0.384413 -0.851185
1.302285 -138.435633 3603.664962 -27921.813036 0.948239 -0.317147 -0.016108 0.211795 0.593821 0.776222 0.236611 0.739456 -0.630254
-12.913218 -224.712825 374.648449 -58894.856728 0.969970 -0.242507 0.018647 0.123863 0.558492 0.820210 0.209321 0.793270 -0.571758
4.756929 -80.563337 -648.354189 7658.038573 0.963205 -0.186093 0.193919 0.183624 0.982514 0.030794 -0.196258 0.005947 0.980534
4.149198 -97.946642 -314.863096 14252.803866 0.968640 -0.162141 0.188272 0.137746 0.981058 0.136203 -0.206790 -0.105998 0.972627
2.990484 -123.002003 -927.320767 -13082.873766 0.967671 -0.168155 0.187981 -0.107549 -0.949265 -0.295516 -0.228136 -0.265745 0.936661
-0.082291 -112.425729 -1613.422815 11546.582856 0.961361 -0.183257 0.205432 0.133469 0.962935 0.234397 -0.240772 -0.197922 0.950187
4.240437 -123.684419 -469.766553 -15891.726724 0.968386 -0.160690 0.190808 -0.106676 -0.958181 -0.265538 -0.225498 -0.236789 0.945030
16.184153 -52.186322 -37204.475593 1773.819881 0.030687 0.671997 0.739918 0.768234 -0.489431 0.412643 -0.639433 -0.555768 0.531270
18.599156 -68.678143 -16798.016539 16282.530494 0.094095 0.685859 0.721625 0.799821 -0.483692 0.355427 -0.592817 -0.543727 0.594078
35.670660 -63.399783 -44929.566296 -1678.285250 0.299573 0.458819 0.836505 -0.735262 0.669750 -0.104039 -0.607985 -0.583883 0.537991
55.574293 -173.722823 -8862.079739 -28828.679858 0.793070 -0.591845 0.144082 -0.189934 -0.465014 -0.864689 -0.578762 -0.658393 0.481200
43.500860 -137.940463 16620.311886 37308.070482 -0.730675 0.643854 -0.227083 0.306933 0.606891 0.733127 -0.609841 -0.465978 0.641060
58.170143 -151.897181 -3938.967303 -42285.850487 0.817352 -0.552816 0.162269 -0.291955 -0.640229 -0.710541 -0.496688 -0.533387 0.684690
-3.732186 -370.236873 1158.048804 -5504.094119 0.987519 -0.151464 0.043182 -0.090028 -0.317877 0.943848 0.129232 0.935956 0.327545
4.717277 -628.793494 -7857.003455 110979.055839 0.993073 -0.117067 0.010084 -0.083537 -0.643066 0.761241 0.082632 0.756810 0.648391
1.279541 -470.523950 -3141.896771 102999.551490 0.984380 -0.176034 0.002686 -0.093944 -0.512311 0.853646 0.148895 0.840565 0.520846
593.634056 -8199.144792 -79006.464651 -5643731.572317 0.952660 -0.228551 0.200506 -0.265442 -0.303661 0.915058 0.148251 0.924962 0.349953
-1.976620 -1337.690211 -621.204436 -671253.062285 0.970675 0.234341 0.053608 -0.013224 -0.170612 0.985250 -0.240031 0.957066 0.162510
127.428373 -71.060742 54534.978786 27751.218546 -0.602763 -0.647018 0.466953 0.789827 -0.400668 0.464369 -0.113361 0.648717 0.752540
20.089317 -208.461502 -34273.009106 7510.546741 0.809949 0.551494 0.199592 0.102800 -0.468533 0.877444 -0.577421 0.690167 0.436182
566.993577 -1122.941949 -51834.057233 464777.225143 0.977415 0.171012 0.124157 0.131219 -0.951645 0.277766 -0.165655 0.255201 0.952592
-3.416167 -614.695589 -8251.095720 189400.843721 0.899096 -0.398532 0.181104 0.050369 -0.316782 -0.947160 -0.434844 -0.860710 0.264744
105.275064 -311.494260 -18342.608276 80484.223917 0.824294 0.409174 -0.391301 0.536152 -0.342118 0.771684 -0.181883 0.845891 0.501385
135.197452 -2709.413833 -5692.129079 -570986.451545 -0.852845 -0.252570 0.457016 -0.066487 0.920636 0.384719 -0.517914 0.297720 -0.801953
-4.636825 -17.651285 676.173343 -1671.740269 0.610628 0.728062 0.311545 0.790972 -0.579942 -0.195015 0.038694 0.365505 -0.930005
-1.009376 -9.013773 3606.401775 -623.247691 0.663447 0.668986 0.335106 0.745879 -0.626754 -0.225487 0.059181 0.399547 -0.914800
-12.309366 -46.369298 3942.496826 -607.002405 0.668965 0.710072 -0.219737 -0.081055 0.363553 0.928041 -0.738861 0.603016 -0.300759
-1.093112 -44.432310 5041.710733 -1071.638133 0.678206 0.697114 -0.232525 -0.159589 0.448581 0.879379 -0.717334 0.559292 -0.415482
-23.985762 -43.253486 996.228713 1671.911740 0.549796 0.432320 0.714720 -0.274282 0.901638 -0.334393 -0.788983 -0.012187 0.614294
-22.436429 -38.550025 2170.495558 1711.170138 0.532216 0.514930 0.672007 -0.230084 0.851862 -0.470523 -0.814744 0.095802 0.571852
-24.787858 -47.510514 115.388884 1290.569221 0.558096 0.387477 0.733751 -0.356573 0.910457 -0.209579 -0.749256 -0.144671 0.646286
-21.426616 -39.506468 1866.027729 1913.204796 0.545394 0.550543 0.632019 -0.291526 0.831556 -0.472787 -0.785848 0.073605 0.614023
-22.978131 -44.464205 1037.730109 1648.032878 0.572386 0.466164 0.674585 -0.339037 0.883610 -0.322935 -0.746611 -0.043866 0.663813
1151.255976 -14.209338 1235015.887134 -15581.568110 0.519450 0.854232 -0.021431 0.235725 -0.167359 -0.957301 0.821344 -0.492218 0.288298
2560.910343 1.581999 3536303.500301 5468.048607 -0.422885 0.884705 -0.196123 -0.308453 0.062971 0.949153 -0.852071 -0.461878 -0.246261
4056.067384 11.428788 5400234.911170 -18932.795283 -0.582358 0.787854 -0.200364 -0.309832 0.012761 0.950706 -0.751574 -0.615730 -0.236671
1160.688505 -3313.957003 -460148.298051 -990584.920197 0.854736 0.150816 0.496670 -0.365371 -0.504838 0.782076 -0.368687 0.849937 0.376399
-160.595093 -2806.380756 48758.156346 1489089.261104 0.645427 -0.135669 0.751677 0.495705 0.823107 -0.277076 -0.581120 0.551443 0.598507
59.761207 -2921.509236 76707.846006 1755256.383578 0.799894 -0.023416 0.599685 0.214130 0.944606 -0.248734 -0.560641 0.327371 0.760598
-7.165299 -111.767450 2528.475130 21759.423286 0.798156 0.170566 0.577801 -0.436239 -0.497838 0.749568 -0.415502 0.850332 0.322945
2.096286 -171.390584 4376.850846 39729.749227 0.773408 0.111254 0.624070 -0.485111 -0.529844 0.695653 -0.408054 0.840766 0.355814
16.086649 -273.354515 6096.380116 63044.463391 0.731108 0.112343 0.672948 -0.633376 -0.254876 0.730666 -0.253604 0.960425 0.115186
5.425491 -46.477057 -3406.500245 5497.754898 0.994440 0.005578 0.105156 -0.017156 -0.976673 0.214046 -0.103897 0.214660 0.971147
-1.235052 -38.881199 -2458.294963 7717.509288 0.992905 0.097513 0.068045 0.087630 -0.986883 0.135586 -0.080374 0.128661 0.988426
2.894781 -39.613523 -1700.301836 28.240180 0.987197 0.153151 0.044570 0.136733 -0.956436 0.257944 -0.082133 0.248547 0.965131
73.137095 -100.430048 -287.588262 2002.591478 -0.476818 0.864141 -0.160947 0.350754 0.019159 -0.936272 0.805987 0.502884 0.312237
88.862589 -109.701643 -117.403123 10152.117723 -0.404435 0.914548 0.005859 0.394316 0.180149 -0.901145 0.825196 0.362144 0.433479
109.451636 -126.789000 2062.453703 14047.744922 -0.413758 0.910366 0.006211 0.546991 0.254048 -0.797659 0.727740 0.326641 0.603076
34.519890 -35.284935 4562.552189 -9916.601849 0.292711 0.893519 0.340505 -0.383059 0.435853 -0.814431 0.876120 -0.107959 -0.469850
25.670484 -56.579205 1443.744476 -12402.150931 0.295724 0.916838 0.268247 -0.486222 0.386174 -0.783874 0.822275 -0.101383 -0.559987
34.634865 -39.918016 4596.958934 -12736.397488 0.379159 0.857796 0.347023 -0.401408 0.490376 -0.773566 0.833733 -0.154007 -0.530256
27.429692 -50.168675 3030.507507 -12983.254673 0.198282 0.940552 0.275765 -0.450402 0.337321 -0.826651 0.870530 -0.039705 -0.490511
46.115966 -22.844043 8353.380777 -7613.174804 0.428924 0.786396 0.444529 -0.298630 0.587866 -0.751821 0.852552 -0.189724 -0.486991
46.685042 -17.741027 5105.729420 -4128.356945 0.371945 0.822627 0.430049 -0.306735 0.546184 -0.779485 0.876111 -0.158015 -0.455478
35.846427 -31.087232 3264.953833 -9835.753655 0.226138 0.910887 0.345177 -0.368753 0.408036 -0.835181 0.901600 -0.061581 -0.428165
10.628285 -45.917189 2050.215240 -1137.103485 0.117722 0.887706 -0.445105 0.589684 -0.423130 -0.687920 0.799009 0.181488 0.573278
0.198399 -57.615517 -515.820834 2482.254404 0.569186 0.809467 -0.144189 0.420471 -0.437268 -0.794985 0.706563 -0.391867 0.589244
2.367980 -57.457213 -891.404990 2481.196393 0.587200 0.792323 -0.165592 0.396373 -0.459832 -0.794634 0.705751 -0.400973 0.584069
1.410713 -50.217488 -988.621365 2259.059924 0.590009 0.787546 -0.177933 0.242905 -0.383309 -0.891107 0.769991 -0.482540 0.417455
12.745228 -106.638234 2207.010325 -285.546147 -0.364873 -0.847984 0.384436 0.926232 -0.288610 0.242485 -0.094671 0.444553 0.890736
13.838076 -104.533926 993.770296 5680.590060 -0.374589 -0.843745 0.384419 0.923488 -0.376532 0.073440 0.082781 0.382516 0.920233
13.606290 -101.312032 -1710.766550 -18.693782 -0.376737 -0.834381 0.402341 0.924975 -0.362253 0.114866 0.049908 0.415430 0.908255
-8.694297 -101.438487 -440.347416 -4248.206374 0.426139 0.839152 -0.337979 0.063820 -0.400553 -0.914048 0.902404 -0.367942 0.224246
-9.297593 -101.613001 -200.561108 -4766.810721 0.394912 0.842577 -0.366208 0.064886 -0.423191 -0.903714 0.916425 -0.333126 0.221795
-10.143492 -91.576382 22.090078 -2824.333651 0.384714 0.850169 -0.359455 0.288089 -0.480568 -0.828287 0.876926 -0.215098 0.429806
-13.421988 -82.287136 -217.184814 -2373.515171 -0.427090 -0.812977 0.395807 0.848242 -0.208616 0.486791 -0.313178 0.543643 0.778699
-13.666707 -86.415251 -257.039407 -2444.575494 -0.419682 -0.812396 0.404822 0.895309 -0.297156 0.331843 -0.149292 0.501709 0.852056
-12.252004 -82.144618 -463.230050 -1925.182385 -0.431707 -0.785374 0.443640 0.854774 -0.199118 0.479284 -0.288080 0.586122 0.757278
-13.876947 -86.535779 16.039495 -2714.569596 -0.412275 -0.841549 0.349033 0.894409 -0.300953 0.330846 -0.173381 0.448578 0.876765
-11.917290 -78.806928 -421.580363 -1585.501013 -0.442234 -0.786378 0.431321 0.785896 -0.108013 0.608852 -0.432200 0.608229 0.665779
-13.081912 -78.679048 -164.695861 -1539.339604 -0.430761 -0.815547 0.386429 0.776651 -0.116925 0.618984 -0.459628 0.566755 0.683762
-13.898677 -82.561216 89.915758 -2756.100416 -0.413354 -0.844117 0.341476 0.844314 -0.214872 0.490880 -0.340986 0.491220 0.801518
1.508058 -83.579374 775.433819 -2769.569731 0.408228 0.869939 -0.276687 0.395669 0.104528 0.912425 -0.822676 0.481954 0.301537
0.544706 -81.489506 803.560980 -3065.131798 0.395708 0.866149 -0.305289 0.246475 0.220066 0.943833 -0.884684 0.448728 0.126402
-2.226974 -85.960484 1108.898804 -3705.742837 0.392633 0.864258 -0.314480 0.289437 0.208448 0.934225 -0.872964 0.457830 0.168305
-2.499863 -62.942495 -56.309376 -1671.235226 0.389121 0.785402 -0.481382 0.902652 -0.429388 0.029080 -0.183860 -0.445837 -0.876028
-2.599238 -64.706580 10.463501 -1443.027741 0.403142 0.786631 -0.467641 0.915109 -0.342511 0.212746 0.007181 -0.513709 -0.857934
-3.883517 -68.886448 160.695087 -1190.888902 0.431918 0.771968 -0.466381 0.901607 -0.356109 0.245542 0.023468 -0.526547 -0.849822
4.549528 -121.656132 376.781098 -188.592416 -0.567521 -0.633138 0.526361 -0.032760 0.656143 0.753925 -0.822707 0.410625 -0.393117
3.450031 -121.840978 -95.580043 2945.520717 -0.575603 -0.649927 0.496262 -0.261768 0.721392 0.641149 -0.774699 0.239142 -0.585366
3.294006 -113.378677 -14.098895 -1699.146177 -0.576236 -0.628588 0.522331 -0.080282 0.679550 0.729224 -0.813331 0.378271 -0.442045
-0.498140 -120.529341 -1101.877706 10054.149756 0.499107 0.841340 -0.207460 -0.780048 0.540488 0.315274 -0.377382 -0.004473 -0.926047
1.856680 -134.253650 -1242.699391 10004.020415 0.501910 0.840509 -0.204036 -0.819310 0.537618 0.199243 -0.277159 -0.067166 -0.958474
2.014358 -150.098248 -781.011988 -10501.586261 0.523675 0.827648 -0.201899 0.846254 -0.532658 0.011437 -0.098077 -0.176847 -0.979340
-4.889831 -145.167217 2459.357414 -12715.407718 0.619946 0.717632 -0.317288 -0.043183 0.434964 0.899412 -0.783455 0.543885 -0.300643
-3.222080 -154.693584 1375.515122 -5546.068466 0.608158 0.712043 -0.350910 0.148302 0.332359 0.931421 -0.779840 0.618492 -0.096530
-7.071159 -130.604742 1762.311801 -12153.091853 0.591332 0.746257 -0.305657 -0.171265 0.486594 0.856677 -0.788032 0.454232 -0.415546
-2.856077 -162.449313 555.195662 -8531.627435 0.606580 0.724989 -0.326270 0.024641 0.393049 0.919187 -0.794640 0.565600 -0.220551
-4.847557 -139.846697 1849.942028 -10482.772773 0.609918 0.736280 -0.293073 -0.183728 0.491128 0.851491 -0.770873 0.465494 -0.434823
0.898784 -201.007061 -1136.248291 45664.375389 0.491848 0.816881 -0.301315 0.830200 -0.544297 -0.120451 0.262399 0.190908 0.945886
-8.613820 -208.995984 -1497.393420 36228.249347 -0.501645 -0.798463 0.332879 0.839608 -0.542067 -0.034953 0.208351 0.261954 0.942322
-0.866236 -236.889473 3000.836770 26906.758952 -0.474022 -0.834354 0.281349 0.880287 -0.441824 0.172874 -0.019932 0.329614 0.943905
-1.631850 -155.994200 486.266009 36209.998450 0.552351 0.770506 -0.318164 0.739578 -0.629046 -0.239426 0.384619 0.103060 0.917304
5.472907 -153.843446 -2579.703741 48682.022626 0.541539 0.790413 -0.286326 0.699925 -0.612572 -0.367235 0.465662 0.001535 0.884961
37.692958 -101.652364 1953.048186 13536.428332 0.560898 0.824186 -0.078174 -0.805665 0.565135 0.177559 -0.190520 0.036611 -0.981000
43.215369 -109.017045 2416.290439 13594.832283 0.562238 0.816505 -0.131182 -0.785787 0.576909 0.222969 -0.257735 0.022280 -0.965959
41.133906 -108.205822 542.439220 -5328.141748 0.525923 0.845932 -0.088342 0.850303 -0.525350 0.031499 -0.019765 -0.091683 -0.995592
33.318861 -106.237687 -1355.342866 -8102.977962 0.504651 0.862059 -0.046711 0.862168 -0.500438 0.078919 0.044657 -0.080100 -0.995786
32.390635 -92.458663 5939.195451 11887.768327 0.569370 0.821872 -0.018545 -0.810991 0.565239 0.150988 -0.134576 0.070928 -0.988362
-13.905504 -1864.912701 10824.113470 1229232.382931 -0.500416 -0.724710 0.473688 0.851842 -0.314332 0.419000 -0.154758 0.613181 0.774635
42.851204 -2096.426874 16610.267556 979100.935242 -0.471537 -0.758697 0.449479 0.781693 -0.123689 0.611274 -0.408176 0.639594 0.651392
2986.349282 -1752.061271 -763607.170905 -3322670.325664 0.029679 0.999555 0.002997 0.675009 -0.017831 -0.737594 0.737212 -0.023914 0.675238
-154.172419 -7382.221830 -26075.804400 1213221.322791 0.407570 0.695783 -0.591416 0.640565 -0.679415 -0.357871 0.650817 0.232982 0.722604
-2173.029444 -6658.044367 779697.270973 -2019934.140941 0.325649 -0.459398 -0.826381 -0.300923 0.778214 -0.551206 0.896325 0.428177 0.115181
2374.991481 -116934.765860 5518515.363158 -114126420.193731 -0.212125 0.847945 -0.485791 -0.723464 -0.470446 -0.505253 0.656965 -0.244275 -0.713251
