17306
34593
-39.535470 -57.937190 1384.584107 6055.360071 -0.215689 0.947488 -0.236104 -0.231130 -0.284463 -0.930409 0.948714 0.146108 -0.280348
-46.201815 -69.565496 1891.777316 5629.720079 -0.207438 0.973899 -0.092140 -0.143301 -0.123424 -0.981953 0.967695 0.190490 -0.165163
-43.947766 -74.631262 -739.974663 13464.134902 -0.048699 0.970285 0.237016 -0.258915 0.216923 -0.941227 0.964672 0.107203 -0.240657
-37.076084 -59.547671 58.704887 4562.410475 -0.311428 0.864968 -0.393502 -0.120177 -0.446620 -0.886616 0.942640 0.228827 -0.243039
-36.723009 -54.323692 -1864.969888 8670.829715 -0.090843 0.995156 -0.037576 -0.352091 -0.067390 -0.933537 0.931547 0.071575 -0.356507
-31.731572 -47.997657 1058.327518 3875.759599 -0.339091 0.746111 -0.573007 -0.187150 -0.650419 -0.736159 0.921950 0.142386 -0.360186
22.578235 -47.693072 -1206.450437 -475.576682 0.052005 0.961428 -0.270096 0.998581 -0.046966 0.025090 0.011436 -0.271018 -0.962506
24.873570 -47.565728 -3866.907694 -427.365767 0.098226 0.954220 -0.282517 0.988994 -0.062037 0.134321 0.110645 -0.292601 -0.949812
25.282852 -49.797236 5436.619197 64.284861 0.067387 0.977025 -0.202191 0.996135 -0.054441 0.068926 0.056335 -0.206054 -0.976918
21.033199 -49.267580 7784.969656 124.986982 0.028206 0.987015 -0.158134 0.997894 -0.037047 -0.053237 -0.058404 -0.156299 -0.985982
16.291481 -51.359754 8298.880247 319.948577 0.044459 0.989575 -0.136985 0.997669 -0.036875 0.057414 0.051764 -0.139218 -0.988908
-9.533669 -42.291712 3623.886669 -430.817449 0.207851 0.918693 0.335859 -0.927479 0.294189 -0.230728 0.310774 0.263545 -0.913216
-4.866523 -42.761132 4223.222037 1026.680857 0.188010 0.921440 0.340000 0.949358 -0.259220 0.177550 0.251736 0.289400 -0.923513
1.136082 -42.540129 5688.436677 -884.338627 0.176909 0.919338 0.351455 -0.928691 0.274175 -0.249721 0.325938 0.282216 -0.902285
-7.017372 -41.330843 4415.564414 -29.992258 0.205566 0.912445 0.353817 -0.898035 0.319560 -0.302347 0.388941 0.255588 -0.885099
-4.082675 -48.900113 708.926905 173.963127 0.181835 0.980284 -0.077329 0.761631 -0.190144 -0.619486 0.621976 -0.053748 0.781190
-5.214396 -47.615073 456.929112 -817.123254 0.157432 0.985760 -0.059089 0.708243 -0.154404 -0.688877 0.688191 -0.066602 0.722466
-3.608950 -48.714827 1564.908645 -361.417402 0.161959 0.983890 -0.075694 0.715677 -0.169926 -0.677445 0.679394 -0.055546 0.731668
-1.584756 -50.734910 1688.776878 495.406103 0.191509 0.976385 -0.099986 0.759010 -0.211916 -0.615626 0.622277 -0.042008 0.781669
-0.525508 -49.313136 2927.332504 227.097461 0.154309 0.984785 -0.079926 0.683323 -0.164800 -0.711274 0.713623 -0.055141 0.698356
-5.710824 -49.471410 -1458.714721 -206.904758 0.250623 0.964304 -0.085476 0.927756 -0.264464 -0.263301 0.276507 0.013311 0.960920
-4.497309 -49.671256 -996.889290 231.761819 0.233992 0.968563 -0.084462 0.896235 -0.248557 -0.367398 0.376842 -0.010271 0.926221
-6.471282 -50.675072 -632.142757 247.776431 0.244687 0.963732 -0.106534 0.904190 -0.266471 -0.333816 0.350098 0.014646 0.936599
-7.223478 -49.361588 -310.021865 -968.815676 0.257552 0.958944 -0.118717 0.936387 -0.278013 -0.214215 0.238425 0.055993 0.969545
4.962481 -71.045094 -1199.816260 3524.401776 0.033932 0.945737 -0.323156 -0.776023 0.228687 0.587784 -0.629791 -0.230832 -0.741674
6.087993 -73.788095 -1608.624580 -4241.661188 0.037097 0.943056 -0.330560 -0.699102 0.260856 0.665741 -0.714059 -0.206398 -0.668969
3.332225 -70.348693 -463.400915 850.004953 0.038339 0.941898 -0.333703 -0.762523 0.243407 0.599426 -0.645824 -0.231475 -0.727552
-10.109115 -79.070880 1235.930051 -2151.325357 0.340334 0.896937 -0.282271 0.365451 0.150421 0.918596 -0.866382 0.415786 0.276593
-9.045444 -79.068306 1555.947869 -2365.230934 0.371345 0.884242 -0.283229 0.326829 0.161036 0.931263 -0.869072 0.438387 0.229196
-10.622067 -78.557753 1216.338459 -2664.120064 0.336045 0.898603 -0.282111 0.212821 0.219336 0.952155 -0.917486 0.380006 0.117534
-11.996494 -77.687536 593.409029 -3447.231720 0.303963 0.910862 -0.279172 0.272006 0.197863 0.941734 -0.913027 0.362189 0.187616
-12.335830 -81.565808 -52.631825 -1854.759207 0.298856 0.914473 -0.272809 0.429015 0.126610 0.894380 -0.852427 0.384330 0.354484
3.527566 -48.791520 -790.276422 318.151561 0.229093 0.969298 -0.089324 0.873804 -0.245220 -0.419922 0.428933 -0.018149 0.903154
3.733514 -49.870538 -254.077286 1022.135841 0.218756 0.970012 -0.105936 0.892997 -0.242775 -0.378968 0.393322 0.011699 0.919326
2.527989 -47.751044 -281.410530 -248.662547 0.234699 0.965936 -0.109010 0.844763 -0.258158 -0.468754 0.480929 -0.017929 0.876576
3.419766 -50.887292 218.615773 1950.286143 0.228451 0.966328 -0.118407 0.877164 -0.257069 -0.405585 0.422367 0.011206 0.906356
2.187223 -49.558963 311.791902 -116.913480 0.242099 0.962048 -0.125901 0.852857 -0.272878 -0.445165 0.462626 -0.000398 0.886554
1.249590 -47.506645 749.963124 -1244.792863 0.251263 0.958093 -0.137570 0.804576 -0.285752 -0.520580 0.538074 -0.020117 0.842657
24.222429 -46.204099 -7175.100529 -1008.182825 -0.108851 0.937550 -0.330380 -0.921045 0.029899 0.388306 -0.373935 -0.346562 -0.860272
25.022505 -46.684489 486.243145 -507.157774 -0.050555 0.970855 -0.234275 -0.951305 0.024609 0.307267 -0.304077 -0.238401 -0.922335
24.252692 -48.311729 4975.784439 -940.681061 -0.051203 0.980491 -0.189777 -0.903403 0.035532 0.427318 -0.425724 -0.193325 -0.883959
20.711686 -43.548740 -8817.904591 943.036972 -0.085744 0.933546 -0.348052 0.964157 -0.010293 -0.265133 -0.251096 -0.358310 -0.899202
-6.999474 -48.227495 617.819868 -1892.942832 0.260643 0.954563 -0.144479 0.948578 -0.281052 -0.145638 0.179627 0.099090 0.978732
-5.445487 -45.647556 948.268581 -2092.877080 0.260510 0.951584 -0.163166 0.955631 -0.278214 -0.096785 0.137494 0.130713 0.981840
-6.431601 -44.073712 -1124.584360 -1921.168173 -0.262647 -0.952534 0.153931 0.961538 -0.271671 -0.040480 0.080377 0.137378 0.987252
-7.625861 -46.703620 -19.154212 -1964.971470 0.268595 0.955062 -0.125353 0.953678 -0.281967 -0.104843 0.135477 0.091386 0.986557
-7.711943 -42.883035 355.702724 -1754.699018 -0.285109 -0.951251 0.117618 0.957060 -0.289242 -0.019347 0.052424 0.107052 0.992870
-12.338993 -21.158085 5297.530543 -2045.900750 -0.458066 0.870894 -0.178097 -0.864774 -0.482967 -0.137507 0.205769 -0.091026 -0.974358
-9.322341 -27.410454 5819.111745 -3354.200354 -0.371866 0.915610 -0.152883 -0.914493 -0.389624 -0.109068 0.159430 -0.099252 -0.982207
0.446898 -23.017802 6787.004325 -2301.368991 -0.431175 0.890236 -0.146862 -0.880509 -0.450696 -0.146888 0.196955 -0.065979 -0.978190
-4.181512 -18.679298 6063.754397 -118.859020 -0.535636 0.827706 -0.167323 -0.813262 -0.558978 -0.161704 0.227373 -0.049463 -0.972551
-14.304893 -19.325133 543.546506 1194.416971 -0.906516 0.336131 -0.255429 0.348264 0.937393 -0.002430 0.238621 -0.091159 -0.966825
-9.173237 -89.539657 -303.965444 3330.889898 -0.015285 0.966840 -0.254923 -0.100318 0.252184 0.962465 -0.994838 -0.040284 -0.093137
-9.560361 -95.773735 -37.329650 1994.090794 -0.024163 0.960802 -0.276181 -0.235037 0.263058 0.935713 -0.971686 -0.087522 -0.219468
-9.355928 -90.555145 -96.789320 2459.277618 -0.030161 0.970474 -0.239313 -0.026670 0.238555 0.970763 -0.999189 -0.035662 -0.018688
-0.355269 -123.910601 4200.297738 -5371.832274 0.715467 -0.460426 -0.525466 0.698456 0.453816 0.553363 0.016318 0.762928 -0.646277
5.994106 -124.604131 2167.865038 -3855.643047 0.722136 -0.429711 -0.542095 0.686434 0.348168 0.638426 0.085599 0.833143 -0.546393
5.204370 -114.472905 3277.279509 -3621.536283 0.731476 -0.435586 -0.524602 0.676724 0.558065 0.480217 -0.083586 0.706278 -0.702983
1.455273 -129.286777 2832.261124 -2775.954485 0.703387 -0.453786 -0.547106 0.675903 0.188769 0.712405 0.220003 0.870887 -0.439493
-8.530982 -258.597476 2957.560375 9879.340588 0.769411 0.095659 -0.631551 -0.624557 -0.094636 -0.775224 0.133925 -0.990905 0.013070
-10.320736 -226.968859 1189.558920 29496.086861 0.778087 0.073450 -0.623848 -0.624762 0.193604 -0.756432 -0.065219 -0.978326 -0.196530
-9.050917 -254.383344 2913.727186 42934.366086 0.786810 0.099806 -0.609072 -0.602018 0.341605 -0.721720 -0.136030 -0.934529 -0.328863
-8.863085 -236.530015 1278.902063 8014.750381 0.763290 0.065926 -0.642683 -0.622644 -0.190306 -0.759012 0.172345 -0.979509 0.104210
-5.119523 -286.226708 525.809548 23262.198670 0.775171 0.076435 -0.627111 -0.625632 -0.044946 -0.778822 0.087715 -0.996061 -0.012979
-4.698570 -279.415453 1609.113589 -20970.875894 0.762708 0.087398 -0.640810 -0.539605 -0.460195 -0.705016 0.356514 -0.883506 0.303834
-6.492344 -265.235081 3930.969616 -23534.643442 0.753027 0.091725 -0.651564 -0.538224 -0.483759 -0.690139 0.378504 -0.870381 0.314915
-1.701342 -120.086205 1901.932803 -19721.771546 -0.739590 0.104320 0.664924 0.072631 0.994517 -0.075243 -0.669127 -0.007355 -0.743111
-0.681134 -95.590829 5061.978318 4073.447660 -0.707175 0.113907 0.697803 -0.005262 0.986062 -0.166294 -0.707019 -0.121271 -0.696719
2.196304 -106.956975 2281.626278 -18128.536152 -0.739485 0.090407 0.667075 0.001101 0.991102 -0.133101 -0.673172 -0.097692 -0.733004
-29.943501 -45.107585 2739.260269 906.537264 0.163764 0.966753 0.196390 0.985753 -0.168107 0.005538 0.038369 0.192686 -0.980510
-27.775607 -44.784001 1460.432496 -2.365441 0.180658 0.966396 0.182872 0.974350 -0.201214 0.100771 0.134181 0.159976 -0.977959
-30.100733 -45.405380 -1288.051157 1348.902712 0.073387 0.992712 0.095591 0.996262 -0.077353 0.038463 0.045577 0.092411 -0.994677
12.643077 -27.774299 810.673994 2712.325072 -0.228025 0.270653 -0.935282 -0.518993 0.778960 0.351949 0.823803 0.565657 -0.037156
16.816198 -39.787093 3100.186977 5059.632117 -0.273413 0.384901 -0.881531 -0.459238 0.753024 0.471227 0.845190 0.533672 -0.029126
21.875019 -29.123925 1553.117841 2281.046851 -0.164893 0.198301 -0.966171 -0.591439 0.764044 0.257754 0.789310 0.613933 -0.008702
-5.920825 -29.259722 -28327.961734 10973.046309 0.380336 -0.426924 -0.820415 0.883352 0.430428 0.185528 0.273923 -0.795278 0.540832
42.243670 -10.785460 -8956.766976 -4910.492308 -0.065048 -0.407980 -0.910671 0.971553 0.182362 -0.151095 0.227716 -0.894593 0.384511
18.328346 -43.115671 -11517.299799 22758.124608 0.251181 -0.386845 -0.887276 0.903271 0.423115 0.071234 0.347863 -0.819344 0.455704
-17.026789 -373.596490 -14068.370109 186600.550913 0.605982 -0.287726 -0.741620 0.718739 0.597551 0.355454 0.340882 -0.748429 0.568905
-31.871738 -157.186290 -16190.221455 -91488.091369 0.737449 -0.179483 -0.651118 -0.592932 -0.633679 -0.496873 0.323420 -0.752487 0.573727
15.501699 -94.258943 -7880.079037 -35242.215081 -0.057070 -0.529394 -0.846454 0.957741 0.210377 -0.196149 0.281914 -0.821878 0.495016
31.761442 -6055.138686 4837.692465 -2337956.894101 0.664019 -0.351673 -0.659852 -0.406833 0.570500 -0.713454 -0.627348 -0.742197 -0.235750
-59.210133 -6494.007550 -282.896466 528319.964723 -0.622984 0.503974 0.598248 0.346548 0.863463 -0.366519 -0.701281 -0.021014 -0.712575
74.210861 -1620.601842 1081.917856 717024.108529 0.490684 -0.421926 -0.762370 0.856393 0.072177 0.511255 -0.160686 -0.903753 0.396751
-317.426009 -5808.522867 -28255.476985 -654613.536658 0.691935 -0.434823 -0.576329 -0.516684 0.259306 -0.815964 -0.504245 -0.862375 0.045243
-23.335810 -2401.388205 3005.979930 925080.976518 0.408452 -0.192601 -0.892229 0.684766 0.710982 0.160002 0.603542 -0.676321 0.422289
2.965625 -40.414006 4438.512775 4975.270461 -0.515121 0.841305 -0.163879 -0.770404 -0.538266 -0.341684 0.375671 0.049755 -0.925417
7.194724 -28.830753 4982.671945 3237.187123 -0.507345 0.846468 -0.161532 -0.801005 -0.532354 -0.273845 0.317793 0.009546 -0.948112
13.498778 -39.614306 4796.452779 4777.333001 -0.482002 0.861120 -0.161699 -0.788106 -0.506747 -0.349421 0.382834 0.040986 -0.922907
-11.668431 -23.948328 1027.695692 1740.492312 -0.388611 -0.614938 -0.686172 -0.222885 0.785326 -0.577568 0.894038 -0.071511 -0.442247
-14.185072 -24.976265 1156.639701 1839.537821 -0.362594 -0.627389 -0.689136 -0.193245 0.774002 -0.602974 0.911692 -0.085463 -0.401889
-12.619834 -28.192289 1706.061115 973.147142 -0.414458 -0.528844 -0.740641 -0.102637 0.835800 -0.539355 0.904262 -0.147523 -0.400683
-10.832666 -26.214624 926.573058 1275.282934 -0.426194 -0.556172 -0.713465 -0.170375 0.823915 -0.540497 0.888443 -0.108800 -0.445905
-10.057927 -22.190151 227.858727 1601.681908 -0.386583 -0.656607 -0.647627 -0.287293 0.753018 -0.591968 0.876365 -0.042785 -0.479743
-19.386350 -46.295467 954.908273 -1653.289881 -0.392449 0.842874 0.368167 -0.291943 -0.493732 0.819145 -0.872212 -0.213989 -0.439836
-21.591344 -50.145523 1445.620712 -418.206560 -0.439566 0.804249 0.399956 -0.171810 -0.512344 0.841419 -0.881625 -0.301143 -0.363387
-20.438773 -48.795661 -860.550380 -1821.153993 -0.423594 0.807422 0.410656 -0.173809 -0.517359 0.837932 -0.889021 -0.283567 -0.359487
-20.599077 -50.992955 -337.325222 -238.504366 -0.460124 0.757071 0.463820 -0.027539 -0.534323 0.844831 -0.887427 -0.375954 -0.266704
-18.474896 -44.940633 -91.513355 -1736.777443 -0.360469 0.859904 0.361424 -0.291682 -0.471956 0.831973 -0.885993 -0.194480 -0.420944
-19.503683 -45.013536 -227.029132 -1809.564642 -0.351542 0.836235 0.420868 -0.209670 -0.508470 0.835163 -0.912391 -0.205351 -0.354082
4.869892 -61.458848 -972.688330 1988.813104 0.077918 0.988936 -0.126231 0.813118 0.010224 0.582009 -0.576860 0.147990 0.803325
3.027615 -62.961956 -795.530827 2695.285965 0.078242 0.989323 -0.122955 0.747819 0.023318 0.663493 -0.659276 0.143861 0.738010
4.413655 -63.863999 -786.666120 2596.919981 0.062255 0.987573 -0.144307 0.759090 0.047023 0.649285 -0.648002 0.149964 0.746729
6.439200 -59.802839 -1422.508813 1983.652683 0.075617 0.988766 -0.128936 0.847674 0.004351 0.530500 -0.525101 0.149410 0.837822
-4.993991 -109.207934 -213.621352 3468.319822 0.115569 0.984114 -0.134770 0.830515 -0.170162 -0.530368 0.544875 0.050634 0.836987
-6.580699 -114.537614 -577.559481 1489.676531 0.095432 0.987723 -0.123677 0.921385 -0.134672 -0.364573 0.376753 0.079163 0.922925
-3.518569 -118.553290 -1088.055544 1143.015060 0.100582 0.989363 -0.105093 0.920605 -0.132607 -0.367291 0.377320 0.059806 0.924150
-2.022616 -121.486413 -1370.565328 2075.451359 0.111524 0.989155 -0.095573 0.895437 -0.141734 -0.422023 0.430993 0.038514 0.901533
-2.706582 -110.508219 -481.745639 4372.514855 0.116907 0.986106 -0.118013 0.816013 -0.163107 -0.554545 0.566089 0.031470 0.823743
26.109292 -256.482871 -60390.046484 97045.878115 0.885726 0.179616 0.428051 -0.389259 0.789777 0.474057 0.252916 0.586507 -0.769443
51.325054 -722.164210 -65397.133047 -166787.633353 0.907556 -0.419023 -0.027611 0.334053 0.680548 0.652122 0.254464 0.601060 -0.757611
228.752068 -2866.609548 246697.327332 816690.051095 -0.780386 0.554717 0.288596 0.472435 0.825409 -0.309038 -0.409638 -0.104826 -0.906205
-177.496460 -364.605388 53970.044917 -133090.644806 0.375965 -0.192971 0.906318 0.618345 -0.676212 -0.400483 0.690145 0.710985 -0.134910
-188.565213 -1908.182678 31582.123460 -254756.384259 -0.620404 0.026987 -0.783818 0.474075 0.809061 -0.347381 0.624782 -0.587105 -0.514738
61.548332 -526.728912 31889.101928 201189.558696 0.728673 -0.443646 0.521742 -0.206004 0.584556 0.784766 0.653145 0.679318 -0.334557
20.104661 -155.675693 -15993.840310 58305.095253 -0.764852 0.314977 -0.561953 -0.128554 0.780146 0.612246 0.631249 0.540519 -0.556205
5.442219 -132.014863 516.969430 -28166.411987 -0.465166 0.834580 0.295121 -0.845134 -0.517885 0.132452 -0.263380 0.187805 -0.946235
18.848806 -90.313819 1556.657887 -4214.803346 -0.227327 0.943307 0.241856 0.956336 0.263101 -0.127281 -0.183697 0.202362 -0.961928
4.163662 -171.595069 1344.427689 34251.974216 -0.453223 0.824753 0.338188 0.868398 0.494145 -0.041306 -0.201181 0.274961 -0.940172
21.387765 -76.894940 2923.733092 5360.296216 -0.203876 0.962316 0.179954 -0.956073 -0.235254 0.174872 -0.210617 0.136397 -0.968006
4.684736 -608.543952 6638.754821 -212645.039621 -0.565222 0.727645 0.388660 -0.736459 -0.657364 0.159691 -0.371690 0.195971 -0.907437
6.378992 -347.244697 2687.479017 128787.985640 -0.619807 0.699905 0.354925 0.681959 0.704166 -0.197693 -0.388293 0.119512 -0.913754
9.689270 -94.314474 -786.531509 -13602.849055 -0.415426 0.877430 0.239871 -0.856772 -0.466018 0.220837 -0.305554 0.113773 -0.945353
-81.513713 -359.126190 19276.180082 -96028.532016 0.622270 -0.556820 -0.550211 -0.434547 0.338919 -0.834448 -0.651114 -0.758344 0.031065
-80.955699 -242.990075 21075.008261 -42106.126027 0.656654 -0.583907 -0.477345 -0.548440 0.064764 -0.833678 -0.517705 -0.809233 0.277710
-159.406499 -408.820931 41230.903330 107462.528918 0.505906 -0.615141 -0.604699 0.556736 -0.302607 0.773611 -0.658866 -0.728032 0.189381
-10.026780 -41.418287 -331.885536 -3841.055894 0.009843 0.925310 -0.379084 -0.903334 -0.154348 -0.400205 0.428824 -0.346379 -0.834345
-9.878664 -38.730852 -166.486249 -3030.508239 -0.011444 0.929349 -0.369025 -0.896790 -0.172783 -0.407326 0.442309 -0.326276 -0.835408
-9.665030 -39.261585 -153.739510 -1213.781979 0.021912 0.929604 -0.367908 -0.872755 -0.161717 -0.460594 0.487667 -0.331186 -0.807773
-4.760379 -30.825790 -2263.902745 -2011.459071 -0.421382 0.892965 -0.158274 0.805703 0.448733 0.386629 -0.416269 -0.035396 0.908552
-12.029860 -34.263891 -3742.786632 -2349.149859 -0.431327 0.890655 -0.143845 0.829634 0.454209 0.324656 -0.354492 -0.020694 0.934830
-16.213037 -32.091212 -5326.127619 -2122.925930 -0.567242 0.797668 -0.204844 0.725250 0.601683 0.334650 -0.390191 -0.041264 0.919809
-9.739880 -26.541036 -6441.114287 -2496.955948 -0.460127 0.875789 -0.145868 0.777635 0.476812 0.409798 -0.428448 -0.075127 0.900438
-64.315890 -494.522701 36.352756 -228660.017190 -0.227737 0.971197 0.070081 -0.025285 -0.077847 0.996645 -0.973394 -0.225201 -0.042286
-52.710512 -136.577206 -12971.533079 -43994.026950 -0.401589 0.914992 0.038926 0.464346 0.166798 0.869805 -0.789372 -0.367379 0.491857
-64.201377 -191.820751 -6334.488716 -75618.972752 -0.165324 0.977911 0.127896 0.425299 -0.046311 0.903867 -0.889825 -0.203825 0.408248
-115.340867 -340.915657 -35004.139713 125590.248470 -0.401532 0.913698 0.062670 0.847792 0.344940 0.402822 -0.346440 -0.214877 0.913130
14.355639 -8.828596 -1914.564062 -1055.752994 -0.308272 0.729055 -0.611104 0.343538 -0.513722 -0.786175 0.887102 0.452293 0.092092
9.173890 -9.942397 -4107.224425 -627.243674 -0.267997 0.760534 -0.591409 0.342137 -0.498721 -0.796379 0.900622 0.415770 0.126551
14.728262 -7.803880 -1813.947188 -1263.600353 -0.253238 0.674307 -0.693672 0.400225 -0.579779 -0.709702 0.880733 0.457348 0.123052
-0.168575 -68.081072 884.784929 -1218.928427 0.642482 -0.749357 0.160255 -0.476572 -0.226967 0.849332 0.600081 0.622053 0.502945
-1.737237 -68.838661 606.271295 -76.111524 0.639383 -0.751356 0.163260 -0.498328 -0.243244 0.832167 0.585541 0.613430 0.529948
-1.466111 -69.906093 -815.995573 1499.329524 -0.632753 0.751220 -0.187864 0.385754 0.095436 -0.917652 0.671429 0.653116 0.350174
-0.406240 -68.645306 230.939155 2345.323877 0.663902 -0.736327 0.130603 -0.569450 -0.384576 0.726518 0.484728 0.556708 0.674622
-0.824688 -67.433882 -405.891430 -4587.624082 0.650687 -0.738666 0.176008 -0.399115 -0.135500 0.906833 0.645998 0.660312 0.382981
-3.096516 -125.546652 1113.555669 1218.340906 -0.567222 -0.444328 -0.693421 0.805723 -0.125085 -0.578934 0.170500 -0.887089 0.428956
-1.848824 -122.627873 430.528856 4334.961715 -0.568612 -0.455607 -0.684911 0.778091 -0.027705 -0.627540 0.266937 -0.889750 0.370257
-2.534146 -116.120605 895.698035 13034.401361 -0.584917 -0.446229 -0.677312 0.705841 0.131345 -0.696087 0.399576 -0.885228 0.238141
-3.206525 -128.561071 722.900420 -5611.688324 -0.553235 -0.455976 -0.697149 0.831908 -0.259099 -0.490710 0.043122 -0.851442 0.522673
-3.451796 -122.943840 77.236766 -2743.490216 -0.565548 -0.470645 -0.677236 0.816591 -0.204583 -0.539745 0.115477 -0.858277 0.500026
-3.603997 -122.375550 299.121630 -7098.760185 -0.550672 -0.467419 -0.691577 0.832610 -0.366476 -0.415279 -0.059337 -0.804497 0.590986
2.822197 -160.891972 510.917801 -4235.392721 -0.468889 -0.517239 -0.715965 0.858409 -0.457778 -0.231461 -0.208032 -0.723120 0.658650
0.648603 -143.673506 626.359502 -13231.295141 -0.442643 -0.530390 -0.723017 0.771038 -0.636770 -0.004921 -0.457786 -0.559652 0.690813
4.117922 -170.136857 -301.709403 -8881.023216 -0.443707 -0.543984 -0.712184 0.853091 -0.499819 -0.149721 -0.274517 -0.673990 0.685841
1.628761 -150.826706 5.670278 21063.191160 0.421885 0.559495 0.713427 -0.715252 0.688947 -0.117332 -0.557161 -0.460779 0.690836
4.672892 -175.110526 318.825127 823.515355 -0.471982 -0.520241 -0.711746 0.881513 -0.290346 -0.372336 -0.012948 -0.803149 0.595637
4.121123 -174.970481 0.946695 -1722.198402 -0.431571 -0.553408 -0.712381 0.883484 -0.418820 -0.209871 -0.182215 -0.719951 0.669677
5.647371 -181.059398 -1049.764896 2527.354758 -0.454429 -0.550454 -0.700353 0.890677 -0.268656 -0.366767 0.013735 -0.790458 0.612362
27.695587 -44.351422 4175.111205 -321.095223 0.164525 0.968978 -0.184425 0.682680 0.023094 0.730353 -0.711955 0.246064 0.657702
23.538322 -44.697137 9148.904655 -936.994985 0.202502 0.945737 -0.254114 0.714419 0.034805 0.698852 -0.669775 0.323063 0.668605
29.168663 -45.659900 4554.528708 -1365.580634 0.170489 0.966287 -0.192933 0.749308 0.000016 0.662222 -0.639899 0.257468 0.724043
29.537805 -44.749464 -4125.969854 -783.606462 0.108229 0.988740 -0.103338 0.708835 -0.003869 0.705364 -0.697022 0.149590 0.701272
31.856923 -44.200901 -2650.738496 226.031812 0.109165 0.988663 -0.103092 0.650694 0.007328 0.759305 -0.751452 0.149971 0.642517
17.589540 -44.621310 -12442.571202 -770.068630 -0.098322 0.968474 0.228892 0.896445 -0.013678 0.442944 -0.432111 -0.248740 0.866838
20.309976 -45.749365 -11135.956808 -865.121751 -0.064638 0.970784 0.231085 0.940826 -0.017913 0.338416 -0.332668 -0.239285 0.912181
6.485131 -43.841277 -6483.206161 -230.589095 -0.122180 0.973895 0.191315 0.917834 0.037515 0.395187 -0.377693 -0.223879 0.898457
4.891762 -44.000888 -5864.536004 266.023037 -0.129900 0.974210 0.184501 0.881105 0.028079 0.472087 -0.454731 -0.223889 0.862029
-6.436195 -48.923894 1809.587172 894.067187 -0.682169 0.650551 -0.333810 0.011684 -0.446770 -0.894573 0.731101 0.614150 -0.297171
-5.837529 -47.928336 892.458471 1985.754568 -0.682160 0.640098 -0.353457 -0.071988 -0.539835 -0.838687 0.727650 0.546675 -0.414333
-7.304494 -48.848751 -1297.639688 643.548027 -0.658890 0.666592 -0.348594 0.044699 -0.427896 -0.902722 0.750910 0.610377 -0.252140
-7.130401 -56.516585 486.213393 427.736071 -0.670484 0.669334 -0.320067 0.125820 -0.322573 -0.938145 0.731177 0.669282 -0.132065
-10.474626 -35.655232 2491.447154 237.161961 0.132434 0.983755 0.121191 0.728844 -0.179514 0.660727 -0.671749 -0.000827 0.740778
-10.145536 -36.318945 1962.388549 748.264427 0.081035 0.994775 0.062096 0.679346 -0.100713 0.726874 -0.729330 0.016718 0.683957
-15.045560 -39.828916 1320.280703 165.104941 0.002754 0.999585 0.028677 0.687802 -0.022710 0.725543 -0.725893 -0.017726 0.687579
-15.352104 -40.253150 605.936931 -34.110395 0.050034 0.992242 0.113812 0.749312 -0.112635 0.652568 -0.660324 -0.052631 0.749134
4.515707 -87.133681 -812.652383 3664.818085 0.618444 0.500976 0.605433 0.389563 0.473654 -0.789868 0.682471 -0.724344 -0.097767
5.635803 -87.842512 -1077.911531 158.819455 0.630360 0.537623 0.560007 0.274409 0.520493 -0.808571 0.726186 -0.663362 -0.180569
2.721964 -85.539625 -36.630102 -5087.189635 -0.634733 -0.539719 -0.553008 0.229206 0.551945 -0.801761 0.737956 -0.635657 -0.226630
4.372566 -92.390209 1089.725205 -6813.511642 -0.650869 -0.558215 -0.514555 0.125322 0.589471 -0.798009 0.748775 -0.583884 -0.313712
2.216637 -97.996579 23.423152 -10495.987561 -0.648325 -0.565302 -0.510008 0.069459 0.623153 -0.779010 0.758189 -0.540476 -0.364740
1.600734 -85.032979 313.660573 -8458.738748 -0.654048 -0.541112 -0.528602 0.176633 0.570227 -0.802273 0.735542 -0.618093 -0.277377
1.354460 -59.387572 248.669873 1346.918238 0.801368 -0.453505 0.390054 0.573306 0.768358 -0.284512 0.170673 -0.451619 -0.875735
1.559337 -63.536786 -134.383443 498.711619 0.821528 -0.435357 0.368179 0.552815 0.766293 -0.327400 0.139597 -0.472503 -0.870203
0.541162 -63.793153 1253.606429 3087.509872 0.837433 -0.396374 0.376289 0.534608 0.737162 -0.413263 0.113579 -0.547247 -0.829229
2.101946 -58.112866 77.047618 -3.486282 0.785889 -0.479281 0.390727 0.576565 0.796323 -0.182875 0.223496 -0.368999 -0.902158
2.241523 -55.590889 -288.974688 644.858012 0.771684 -0.495972 0.398141 0.591722 0.789379 -0.163541 0.233172 -0.361791 -0.902628
1.293299 -56.338157 -230.455733 1436.433928 0.792583 -0.466099 0.393146 0.586988 0.757786 -0.284966 0.165098 -0.456631 -0.874203
-3.516967 -143.846160 389.486643 -17757.790496 0.831253 -0.142613 0.537289 0.295368 -0.705495 -0.644231 -0.470931 -0.694217 0.544322
-3.155363 -137.031518 271.732571 -20859.017502 0.825062 -0.156505 0.542936 0.328253 -0.649346 -0.686002 -0.459917 -0.744215 0.484377
-4.051862 -165.127086 309.387283 -19195.037121 0.818093 -0.136204 0.558724 0.441307 -0.474269 -0.761786 -0.368744 -0.869780 0.327888
-4.230349 -178.676825 -452.625014 -23402.295403 0.820660 -0.138202 0.554453 0.413285 -0.526513 -0.742953 -0.394605 -0.838859 0.374971
-5.940238 -209.785388 2267.670631 860.992513 0.854718 -0.051989 0.516483 0.517303 0.002754 -0.855798 -0.043070 -0.998644 -0.029248
-5.592980 -198.503221 -1092.762633 12636.119480 0.840119 -0.091069 0.534702 0.539239 0.246529 -0.805261 0.058485 -0.964847 -0.256221
-2.429233 -208.348215 2778.824117 10448.364586 0.848943 -0.039525 0.527004 0.507025 0.342192 -0.791094 0.149069 -0.938798 -0.310542
-3.930556 -240.151852 3514.638743 18127.086637 0.865389 -0.038017 0.499656 0.500458 0.116015 -0.857952 0.025350 -0.992520 -0.119424
-0.152128 -221.437374 2241.480641 29487.346577 0.851948 -0.044361 0.521743 0.471378 0.498848 -0.727292 0.228007 -0.865554 -0.445903
1.661725 -90.473452 2319.753287 -5452.568957 0.469022 -0.225133 0.854010 0.840681 0.410173 -0.353572 -0.270691 0.883783 0.381646
-1.219778 -85.600798 -716.875768 -5738.346965 0.530610 -0.155695 0.833194 0.751401 0.541282 -0.377374 -0.392238 0.826301 0.404199
4.295245 -95.650956 -2230.608881 -2626.836874 0.519484 -0.152703 0.840725 0.826023 0.341548 -0.448364 -0.218682 0.927376 0.303565
8.036379 -97.736550 -288.580284 -1640.830053 0.472888 -0.206956 0.856473 0.878145 0.190535 -0.438814 -0.072373 0.959617 0.271839
5.044037 -101.155859 -5078.222886 -715.185211 0.531382 -0.120458 0.838524 0.844933 0.146647 -0.514377 -0.061007 0.981827 0.179704
-0.642703 -292.479228 3439.339311 -24096.810721 0.920290 -0.153449 0.359889 0.156734 0.987434 0.020230 -0.358471 0.037789 0.932776
4.889668 -317.603500 -776.548650 -3157.012164 0.901505 -0.157906 0.402933 0.197062 0.978712 -0.057348 -0.385300 0.131103 0.913431
3.504618 -269.614618 1952.671904 10905.781571 0.901728 -0.223034 0.370327 -0.354657 -0.871491 0.338706 -0.247193 0.436760 0.864949
2.987239 -236.258709 2314.125469 -24856.508888 0.910080 -0.208940 0.357908 0.254583 0.963309 -0.084988 -0.327018 0.168463 0.929881
-1.428433 -227.879532 1384.559876 977.801060 0.911044 -0.144667 0.386095 0.100119 0.986018 0.133208 -0.399968 -0.082703 0.912790
1.218080 -91.933327 -1463.165972 -394.633658 0.690757 -0.288594 0.663000 0.244279 0.956131 0.161684 -0.680576 0.050272 0.730951
3.205686 -93.307653 -1066.548669 -1854.740514 0.687743 -0.312866 0.655076 0.314595 0.941678 0.119464 -0.654247 0.123924 0.746059
0.847473 -92.955906 -786.923227 -1045.467795 0.699062 -0.278188 0.658729 0.133785 0.955836 0.261683 -0.702434 -0.094805 0.705406
-19.579661 -52.539745 -1633.049440 -5058.165110 0.152020 -0.323479 0.933944 0.741614 0.661983 0.108569 -0.653375 0.676121 0.340531
-15.281791 -60.148042 -1987.183511 -6752.971148 0.036376 -0.357189 0.933324 0.775361 0.599300 0.199136 -0.630470 0.716419 0.298750
-18.879189 -48.415507 -2998.617811 -2275.209864 0.004587 -0.374380 0.927264 0.718514 0.646157 0.257329 -0.695497 0.665072 0.271961
-22.526406 -44.927155 -1729.655267 -2151.949454 0.120866 -0.346070 0.930391 0.693597 0.699955 0.170252 -0.710151 0.624739 0.324633
-19.510194 -45.243214 -2496.614266 -362.620814 -0.116424 -0.465802 0.877197 0.641496 0.638999 0.424457 -0.758240 0.612135 0.224416
-22.807284 -41.178978 -2518.057637 -1086.616490 -0.001636 -0.421062 0.907031 0.651879 0.687373 0.320268 -0.758321 0.591798 0.273357
-12.550456 -37.970019 168.871187 -1641.959052 0.646145 -0.321082 0.692389 0.012974 0.911691 0.410672 -0.763104 -0.256371 0.593250
-10.248982 -37.453081 1666.380239 -1785.244834 0.683014 -0.337336 0.647840 0.027960 0.898384 0.438320 -0.729870 -0.281265 0.623040
-11.713631 -39.824621 864.630116 164.748211 0.667605 -0.325357 0.669662 0.092347 0.928700 0.359148 -0.738767 -0.177928 0.650050
-13.369034 -38.256088 -219.002296 -144.946679 0.621401 -0.345112 0.703391 0.085534 0.922278 0.376944 -0.778810 -0.174069 0.602623
-12.229181 -37.559466 436.449222 1291.595044 0.643137 -0.365028 0.673149 0.172362 0.925519 0.337203 -0.746100 -0.100843 0.658153
-12.657485 -39.555473 523.994180 907.767099 0.666452 -0.393177 0.633445 0.196072 0.912161 0.359886 -0.719303 -0.115646 0.685003
-7.539909 -110.598643 -791.554271 -4061.283959 -0.605562 -0.439669 -0.663314 -0.274962 0.897784 -0.344063 0.746787 -0.025965 -0.664556
-5.799521 -111.405080 -1756.289963 -4043.038248 -0.605489 -0.403933 -0.685727 -0.257065 0.914703 -0.311827 0.753193 -0.012532 -0.657680
-3.752595 -104.292968 -624.297881 -1200.475683 -0.610901 -0.418120 -0.672292 -0.132865 0.891268 -0.433577 0.780479 -0.175548 -0.600030
-10.483722 -25.302195 234.708484 -395.586645 -0.369566 0.784714 -0.497640 0.571190 0.614271 0.544439 -0.732914 0.083041 0.675234
-8.890497 -24.764488 345.525147 -937.429800 -0.234930 0.888720 -0.393680 0.650472 0.444703 0.615731 -0.722284 0.111424 0.682562
-12.466944 -24.661982 287.126190 546.612672 -0.332103 0.809563 -0.484061 0.558055 0.582373 0.591114 -0.760449 0.073822 0.645189
-12.280590 -26.932967 238.855328 1507.139357 0.494800 -0.630425 0.598111 0.444380 0.775031 0.449281 -0.746793 0.043484 0.663634
9.146710 -215.731420 2141.137899 -3624.659362 -0.463339 -0.580363 -0.669698 0.797157 0.057163 -0.601060 0.387115 -0.812349 0.436155
8.671447 -229.967884 -3141.200295 -4538.327607 -0.436687 -0.629740 -0.642442 0.790859 0.071637 -0.607791 0.428772 -0.773496 0.466752
7.394532 -206.317749 -99.344144 4227.624279 -0.476933 -0.619231 -0.623770 0.576361 0.315462 -0.753851 0.663584 -0.719053 0.206446
14.662199 -87.511935 -4033.591007 16630.035926 -0.033201 -0.818354 -0.573754 0.929972 0.185004 -0.317688 0.366128 -0.544123 0.754904
16.724993 -50.904795 -4659.249739 2952.969421 -0.071086 -0.819726 -0.568328 0.910691 0.179106 -0.372242 0.406927 -0.544032 0.733784
29.806716 -66.803559 454.969521 -10333.150315 -0.125367 -0.768452 -0.627506 0.923313 0.141057 -0.357206 0.363010 -0.624166 0.691838
29.019291 -75.508574 1800.433193 -11754.926437 -0.187114 -0.729415 -0.657983 0.935028 0.073116 -0.346952 0.301181 -0.680153 0.668343
24.763813 -82.588660 626.753785 13010.895885 -0.192076 -0.784733 -0.589322 0.935369 0.035327 -0.351904 0.296969 -0.618826 0.727230
21.383748 -146.425700 -5509.110209 -3549.427058 -0.115809 0.947487 0.298090 0.987877 0.078636 0.133847 0.103378 0.309977 -0.945107
29.691533 -133.095856 -1400.466497 -10390.269741 -0.088759 0.904730 0.416636 0.996053 0.080313 0.037796 0.000734 0.418346 -0.908287
23.883930 -130.399564 -2624.365131 -12179.060598 -0.057447 0.936099 0.347014 0.973580 0.129473 -0.188091 -0.221000 0.327040 -0.918805
14.850147 -150.268203 -6102.167902 -17229.328199 -0.077071 0.960894 0.265977 0.981928 0.119402 -0.146836 -0.172852 0.249853 -0.952731
39.009156 -41.041889 -2635.379945 6557.387498 0.045987 0.903054 -0.427059 0.663571 -0.347176 -0.662679 0.746699 0.252909 0.615206
44.402180 -44.415040 -2556.404771 3608.337009 0.135564 0.846995 -0.514025 0.581892 -0.487972 -0.650603 0.801888 0.210909 0.559011
31.569108 -40.471445 -4232.173529 4075.366350 0.209990 0.863942 -0.457721 0.626055 -0.478410 -0.615775 0.750973 0.157252 0.641336
-52.989719 -88.446385 290.450912 12051.988051 -0.099760 0.920054 0.378878 -0.133719 0.364926 -0.921384 0.985985 0.142580 -0.086623
-51.226874 -77.632935 1354.048486 3703.594913 -0.223340 0.974090 -0.035599 -0.003948 -0.037425 -0.999292 0.974732 0.223042 -0.012204
-42.198844 -69.969204 -62.440783 4974.710695 -0.311627 0.904433 -0.291359 -0.026888 -0.314898 -0.948745 0.949824 0.287820 -0.122449
55.155917 -87.888751 -2600.429241 -6362.252209 0.175298 0.980961 0.083583 -0.965138 0.154466 0.211304 -0.194370 0.117711 -0.973840
55.435453 -87.122958 -2866.753312 -11550.024214 0.061203 0.997158 -0.043941 -0.974251 0.069252 0.214567 -0.217000 -0.029678 -0.975720
41.735512 -74.319589 560.634094 -811.973548 0.161517 0.986771 0.013951 -0.982497 0.159456 0.096294 -0.092796 0.029260 -0.995255
-48.448368 -55.886858 3610.876930 4130.015961 0.410870 0.700353 0.583688 0.871175 -0.112857 -0.477825 -0.268773 0.704818 -0.656500
-51.165072 -55.852554 4154.340001 4965.594443 0.852726 0.497943 0.157831 -0.459629 0.571690 0.679641 -0.248192 0.652092 -0.716364
-55.642050 -62.149519 3708.315709 5345.808050 0.314512 0.771604 0.552910 0.889154 -0.035507 -0.456228 -0.332395 0.635112 -0.697242
-53.517725 -66.225883 2023.269984 7446.726715 0.291603 0.715058 0.635342 0.882310 0.055473 -0.467388 -0.369454 0.696861 -0.614727
-47.990338 -59.714654 2319.219360 6973.072339 0.454525 0.657707 0.600690 0.840398 -0.093159 -0.533903 -0.295193 0.747491 -0.595079
14.687625 -44.748590 -8516.371616 -892.815856 0.061168 0.934772 -0.349942 0.996449 -0.036866 0.075698 0.057859 -0.353330 -0.933708
16.839251 -43.337907 -8828.299488 907.859959 0.126884 0.934951 -0.331312 0.979001 -0.064313 0.193443 0.159552 -0.348900 -0.923478
23.798301 -45.597369 -3977.466834 1158.395915 0.137836 0.954108 -0.265854 0.962895 -0.066204 0.261631 0.232023 -0.292052 -0.927831
-0.079281 -41.924149 6677.682438 -66.292242 -0.243266 0.959699 -0.140710 -0.946792 -0.203427 0.249405 -0.210729 -0.193895 -0.958122
-5.958146 -44.198456 5497.523454 -799.977484 -0.232212 0.961176 -0.149060 -0.924215 -0.170275 0.341808 -0.303156 -0.217135 -0.927873
4.784851 -43.276467 4572.401772 186.634974 -0.182595 0.967949 -0.172436 -0.946091 -0.125260 0.298699 -0.267526 -0.217681 -0.938640
9.162973 -42.632696 4688.249511 -4.524160 -0.199658 0.964481 -0.172954 0.966311 0.164547 -0.197906 -0.162417 -0.206641 -0.964842
15.478801 -40.457931 6656.679639 -140.718814 0.142459 0.936120 0.321535 -0.878119 0.269432 -0.395366 0.456741 0.226023 -0.860407
26.301308 -40.697252 4316.726714 191.351336 0.145304 0.958338 0.245917 -0.859648 0.245334 -0.448126 0.489788 0.146287 -0.859481
13.577613 -39.055294 5883.068842 -471.133230 0.143493 0.939812 0.310101 -0.827790 0.285707 -0.482840 0.542377 0.187414 -0.818965
3.639423 -39.805773 6155.562006 -664.854705 0.158241 0.924933 0.345628 -0.848921 0.306210 -0.430778 0.504275 0.225244 -0.833650
-5.693454 -47.600684 -223.897905 37.423191 0.165611 0.984960 -0.049271 0.627043 -0.143729 -0.765610 0.761177 -0.095898 0.641415
-5.329831 -47.295565 -1003.054356 -655.590286 0.182057 0.982281 -0.044486 0.681467 -0.158660 -0.714444 0.708843 -0.099754 0.698277
-6.574721 -48.863094 -1344.078164 -167.570049 0.200364 0.977972 -0.058528 0.577645 -0.166175 -0.799195 0.791316 -0.126322 0.598216
-6.030025 -48.526650 573.544446 587.140786 0.171375 0.982252 -0.076233 0.535878 -0.157867 -0.829405 0.826719 -0.101288 0.553422
-3.471603 -49.127122 -1296.729435 -210.328806 0.242255 0.966910 -0.079982 0.925955 -0.255032 -0.278506 0.289688 0.006590 0.957098
-1.289634 -48.570279 -922.307123 395.886645 0.230166 0.970040 -0.077752 0.899594 -0.242560 -0.363174 0.371153 -0.013645 0.928472
5.020946 -71.570115 926.187288 1686.452155 0.089031 0.966406 -0.241107 0.810486 0.070413 0.581510 -0.578952 0.247187 0.776990
5.210234 -74.636857 863.417026 1532.958101 0.061777 0.963286 -0.261272 0.702031 0.144136 0.697408 -0.709462 0.226505 0.667352
3.712546 -77.083966 1201.272701 1645.665513 0.073953 0.961970 -0.262953 0.726096 0.128805 0.675421 -0.683605 0.240879 0.688957
3.111546 -74.819367 961.574490 1486.693004 0.108706 0.965413 -0.236985 0.837670 0.039401 0.544754 -0.535249 0.257733 0.804414
4.325820 -68.753587 1257.999629 1223.845754 0.131912 0.965748 -0.223451 0.886476 -0.014059 0.462561 -0.443576 0.259101 0.857967
6.155120 -66.737902 233.628017 1587.831782 0.102447 0.972121 -0.210917 0.866736 0.016813 0.498483 -0.488132 0.233877 0.840850
-8.554951 -79.572200 997.792506 -1277.826891 0.364685 0.890808 -0.271047 0.208498 0.205579 0.956172 -0.907487 0.405214 0.110760
-5.243142 -77.412106 691.989406 -5.793553 0.375408 0.889626 -0.260067 0.352430 0.122503 0.927786 -0.857241 0.439954 0.267542
0.362341 -78.551414 2382.058421 3057.662575 0.397506 0.880723 -0.257520 0.271344 0.155272 0.949875 -0.876562 0.447458 0.177257
-6.416077 -80.992001 -366.178336 627.534160 0.353234 0.895050 -0.272233 0.221817 0.202567 0.953816 -0.908858 0.397306 0.126984
4.471218 -50.445489 681.650079 1364.405691 0.214059 0.969265 -0.121260 0.923003 -0.241337 -0.299704 0.319757 0.047769 0.946295
18.958392 -48.928150 9616.123094 -209.892227 -0.020027 0.990858 -0.133413 -0.941318 0.026281 0.336495 -0.336926 -0.132323 -0.932187
25.961140 -45.067190 -1436.305811 -111.436069 -0.022145 0.963786 -0.265756 0.976864 -0.035698 -0.210859 -0.212710 -0.264277 -0.940698
22.276799 -48.167309 8428.879080 370.787742 0.000345 0.987295 -0.158897 -0.976589 0.034514 0.212329 -0.215115 -0.155104 -0.964193
4.504499 -29.145890 7167.132643 -3174.237128 -0.381601 0.913702 -0.139750 -0.912427 -0.396540 -0.101158 0.147844 -0.088909 -0.985006
-16.210571 -88.914988 1164.298805 2569.314517 0.165215 0.942588 -0.290228 -0.251126 0.324777 0.911842 -0.953750 0.077766 -0.290367
-16.320360 -91.913306 424.623613 3318.530784 0.194350 0.936979 -0.290341 -0.291705 0.337800 0.894874 -0.936556 0.089224 -0.338973
-15.418392 -91.868500 498.828937 -339.517668 0.150813 0.948119 -0.279866 -0.424991 0.317791 0.847580 -0.892546 0.008886 -0.450870
-17.076274 -88.445875 2021.843772 3484.906474 0.198659 0.933853 -0.297411 -0.098753 0.320988 0.941921 -0.975081 0.157751 -0.155988
-17.321475 -85.408011 1052.930275 2885.035671 0.146134 0.945361 -0.291439 -0.099636 0.307168 0.946425 -0.984234 0.109267 -0.139080
10.645312 -125.866522 1088.404923 -6034.005005 0.731109 -0.405436 -0.548727 0.682157 0.448415 0.577569 -0.011890 0.796584 -0.604411
6.109531 -127.814738 1409.807487 -2417.402363 0.718746 -0.426923 -0.548764 0.650554 0.134457 0.747463 0.245324 0.894236 -0.374377
10.702349 -132.188963 599.986609 -3441.086657 0.726413 -0.410621 -0.551103 0.665296 0.219047 0.713723 0.172352 0.885104 -0.432303
-11.358881 -199.783361 1516.935088 27612.208934 0.806513 0.064792 -0.587655 -0.540326 0.484222 -0.688170 -0.239967 -0.872543 -0.425540
-10.665378 -202.634687 124.622708 27115.136433 0.801220 0.035025 -0.597344 -0.555272 0.415525 -0.720425 -0.222978 -0.908907 -0.352375
-22.857509 -43.601401 2888.528149 -691.400818 0.263381 0.927907 0.263855 0.952838 -0.292969 0.079170 0.150764 0.230559 -0.961308
-24.521110 -43.070378 1843.083174 -207.248695 0.263206 0.935200 0.236904 -0.936758 0.306460 -0.169017 0.230667 0.177436 -0.956718
-20.203322 -43.140252 2615.564634 -81.865865 0.270348 0.917310 0.292327 -0.927050 0.329961 -0.178057 0.259790 0.222864 -0.939596
-25.898253 -43.291538 568.517846 -991.741102 0.181033 0.968365 0.171746 -0.945029 0.219634 -0.242244 0.272301 0.118451 -0.954893
-22.636472 -42.540069 1235.686042 -1210.306303 0.254063 0.935700 0.244780 -0.909418 0.317268 -0.268887 0.329258 0.154293 -0.931548
-133.826731 -6415.065158 -1125.037624 3265704.659396 -0.585163 0.591512 0.554705 0.733524 0.094466 0.673066 0.345726 0.800743 -0.489166
-454.192792 -16748.197886 211024.254898 -1920011.213319 -0.514192 0.646980 0.563048 0.543068 -0.262519 0.797597 0.663840 0.715891 -0.216369
98.996389 -1967.513832 -5268.065978 3163404.370400 -0.552279 0.574743 0.603870 0.685407 0.725382 -0.063544 -0.474558 0.378802 -0.794546
187.501784 -2340.507520 120768.024628 -882884.256714 -0.224141 0.674494 0.703434 -0.659718 0.426257 -0.618932 0.717309 0.602796 -0.349434
