11245
22478
-39.474456 -59.634610 -998.387289 7439.118374 0.391682 0.919935 -0.017436 0.738288 -0.325538 -0.590725 0.549105 -0.218504 0.806684
-50.958728 -74.324289 825.765311 5187.959929 0.275229 0.961196 0.018754 0.878019 -0.243371 -0.412133 0.391576 -0.129898 0.910931
-45.135952 -77.172289 -845.173768 11097.608563 0.082554 0.972677 0.216989 0.875060 0.033449 -0.482858 0.476923 -0.229740 0.848389
-43.314915 -67.624709 -573.910597 6056.405705 0.475983 0.862927 -0.169696 0.732466 -0.495776 -0.466583 0.486758 -0.097789 0.868046
-28.182639 -71.025008 -4246.771474 12779.453257 0.157227 0.944174 0.289510 0.798965 0.050697 -0.599236 0.580460 -0.325525 0.746391
-29.343808 -47.131319 -3117.064843 5320.217006 0.451623 0.892148 0.010432 0.648905 -0.320420 -0.690111 0.612338 -0.318440 0.723628
-29.900721 -47.327056 -816.589934 3493.543130 0.638337 0.711664 -0.293360 0.462055 -0.659063 -0.593415 0.615655 -0.243250 0.749532
-37.933978 -55.955082 -7.800935 -4604.907788 0.632648 0.674599 -0.380358 -0.488730 0.728766 0.479628 0.600749 -0.117543 0.790749
-43.714140 -67.779775 1917.318565 -1086.351604 0.515069 0.038604 -0.856279 -0.545248 0.785565 -0.292562 0.661369 0.617574 0.425669
-44.920726 -67.272056 2180.785328 117.372869 0.573444 0.066524 -0.816539 -0.461748 0.849547 -0.255066 0.676721 0.523301 0.517885
-40.582898 -65.143082 1598.379580 -265.852793 0.538656 -0.110692 -0.835222 -0.363511 0.863782 -0.348914 0.760072 0.491557 0.425044
53.832900 -45.453589 -4339.198601 242.230554 -0.126606 0.883866 0.450279 0.821049 0.348101 -0.452442 0.556641 -0.312419 0.769770
54.248072 -45.827804 1067.284017 954.427298 -0.238347 0.896844 0.372640 0.861428 0.372417 -0.345323 0.448478 -0.238696 0.861331
63.765986 -48.666269 4390.962391 316.193355 -0.258755 0.914559 0.310848 0.817273 0.378822 -0.434235 0.514890 -0.141687 0.845466
65.658335 -46.495488 1385.059436 -369.174362 -0.209433 0.912443 0.351548 0.763618 0.377179 -0.524046 0.610758 -0.158696 0.775751
51.470734 -43.886294 -10263.101239 -659.913517 -0.014203 0.862014 0.506685 0.774235 0.330144 -0.539967 0.632739 -0.384624 0.672091
78.761940 -47.463710 3846.668668 213.504334 -0.247161 0.909801 0.333426 0.483529 0.414002 -0.771234 0.839709 0.029398 0.542240
71.156821 -47.522251 -6108.971777 -272.149052 -0.059396 0.899850 0.432136 0.407976 0.416978 -0.812210 0.911058 -0.128059 0.391884
66.107448 -47.706513 -7327.787147 -1908.868156 -0.018472 0.895882 0.443909 0.538674 0.382955 -0.750450 0.842312 -0.225260 0.489662
71.962219 -46.370238 -1256.232230 270.191543 -0.119529 0.911519 0.393504 0.588102 0.384332 -0.711635 0.799906 -0.146359 0.582005
55.019980 -47.141999 -14762.064248 80.938246 0.124431 0.849630 0.512490 0.583800 0.354950 -0.730197 0.802306 -0.390050 0.451847
1.403734 -68.293538 -900.072814 3331.164798 -0.421082 -0.882803 0.208204 0.904746 -0.392557 0.165328 -0.064220 0.257988 0.964011
1.313357 -61.964709 -629.293548 1949.387522 -0.449705 -0.870190 0.201333 0.890006 -0.455554 0.018982 0.075200 0.187724 0.979339
2.066909 -64.635839 -95.418011 3098.020713 -0.427988 -0.883852 0.188765 0.902516 -0.406901 0.141051 -0.047860 0.230732 0.971840
2.125339 -69.892660 -418.544700 2069.592153 -0.406873 -0.891149 0.200766 0.891491 -0.339431 0.300049 -0.199242 0.301063 0.932558
-2.650502 -103.791611 -1469.811304 3793.936626 -0.019566 -0.977285 -0.211025 0.999708 -0.016137 -0.017961 0.014148 -0.211315 0.977316
-0.584091 -94.961028 2353.811048 5633.739236 0.007690 0.980627 0.195733 0.972596 0.038151 -0.229350 0.232374 -0.192133 0.953461
2.348626 -107.381490 -2133.621670 4542.705659 0.010424 -0.982672 -0.185062 0.999346 0.003828 0.035965 -0.034633 -0.185316 0.982068
1.137830 -106.905187 -1904.361465 3778.260681 -0.012152 -0.979677 -0.200215 0.981439 -0.050010 0.185137 -0.191387 -0.194249 0.962101
4.786744 -110.160631 3577.944731 627.828526 -0.004399 0.987612 0.156853 0.955412 -0.042159 0.292250 -0.295242 -0.151145 0.943391
-0.241158 -125.561645 -1088.336374 12218.723076 0.042649 0.992165 0.117430 -0.016546 -0.116820 0.993015 -0.998953 0.044294 -0.011434
1.069733 -129.191636 -1882.856339 11115.119719 0.003425 0.990494 0.137514 0.006761 -0.137535 0.990474 -0.999971 0.002463 0.007167
-0.249808 -104.039431 -515.948038 6271.152553 0.037732 0.983628 0.176216 0.209477 -0.180210 0.961064 -0.977085 -0.000650 0.212848
-14.075780 -54.121966 -106.951222 1843.645902 0.597639 0.715982 -0.360828 0.256995 -0.597365 -0.759676 0.759461 -0.361281 0.541013
-15.451549 -52.995375 480.025936 -1192.023003 0.589736 0.669552 -0.451565 -0.236770 0.677921 0.695962 0.772108 -0.303517 0.558325
-16.858363 -52.733641 512.877060 3091.738509 0.585096 0.709020 -0.393641 0.303280 -0.641483 -0.704642 0.752120 -0.292900 0.590360
-16.050766 -54.711813 279.027471 3592.862825 0.575317 0.755020 -0.314572 0.354154 -0.576620 -0.736264 0.737282 -0.312178 0.599133
-15.349110 -91.894738 -25.092167 387.326297 0.230760 0.950133 0.209756 -0.437365 0.293856 -0.849918 0.869173 -0.104387 -0.483365
-14.506274 -89.372900 547.745153 2435.898854 0.179021 0.950587 0.253645 -0.486132 0.309605 -0.817203 0.855352 -0.022991 -0.517536
-14.164090 -90.237696 285.794125 -472.906762 0.194431 0.949634 0.245746 -0.300190 0.296112 -0.906754 0.933853 -0.102531 -0.342644
-15.820701 -95.977648 384.561150 1685.609156 0.135699 0.951144 0.277327 -0.382336 0.308507 -0.871001 0.914005 -0.012162 -0.405521
-13.447361 -93.933908 -323.447661 -1093.553809 0.243906 0.945261 0.216773 -0.185526 0.264875 -0.946267 0.951887 -0.190583 -0.239976
-13.899000 -94.912450 651.088204 -543.402350 0.155238 0.952118 0.263386 -0.156047 0.286905 -0.945164 0.975474 -0.105625 -0.193114
-13.406019 -91.750735 89.014597 -731.889114 0.204368 0.950344 0.234692 -0.118964 0.262087 -0.957684 0.971638 -0.167800 -0.166619
72.974478 -46.257089 29422.032035 -1685.884653 -0.456432 0.381262 -0.803933 0.710024 0.700603 -0.070858 0.536223 -0.603154 -0.590483
89.132930 -32.030494 9630.114315 -3968.743092 -0.339810 0.053740 -0.938957 0.724703 0.651294 -0.224995 0.599446 -0.756921 -0.260262
53.419320 -44.312994 9916.955209 -1100.794607 -0.330981 0.206408 -0.920786 0.615886 0.786545 -0.045067 0.714938 -0.582015 -0.387456
77.747708 -31.274771 -8821.610423 -3730.064936 -0.074091 -0.172893 -0.982150 0.654376 0.734749 -0.178707 0.752530 -0.655936 0.058699
35.365621 -48.500085 20949.632838 -328.666727 -0.398375 0.413871 -0.818540 0.647490 0.758978 0.068628 0.649657 -0.502657 -0.570335
30.247250 -49.791151 19091.593094 418.041540 -0.403853 0.366559 -0.838175 0.548477 0.830303 0.098847 0.732172 -0.419800 -0.536369
39.196374 -49.428408 9987.561817 -573.165227 -0.346882 0.228895 -0.909549 0.477403 0.877825 0.038840 0.807316 -0.420749 -0.413777
49.897806 -46.279469 -4914.240896 -556.108131 -0.072592 -0.020561 -0.997150 0.507614 0.859847 -0.054684 0.858521 -0.510137 -0.051981
-5.378782 -60.165587 -2437.644448 4835.451379 0.588986 0.290702 0.754048 -0.039145 0.942229 -0.332674 -0.807195 0.166423 0.566339
3.862574 -75.089459 -3110.509667 7465.959578 0.559027 0.369772 0.742130 -0.231232 0.929066 -0.288734 -0.796254 -0.010194 0.604877
-2.533624 -73.621527 1318.002768 6961.788683 0.627325 0.233625 0.742888 -0.073235 0.967411 -0.242390 -0.775307 0.097652 0.623990
455.427133 -4272.558452 -119930.548908 -1733073.604687 0.464058 0.032832 0.885196 -0.498078 0.836044 0.230105 -0.732509 -0.547679 0.404326
-13.438681 -875.090856 -8005.021498 -75839.107977 0.349945 -0.290060 0.890732 0.773385 0.626002 -0.099989 -0.528597 0.723869 0.443394
184.203445 -2636.588984 -71311.878505 -1090301.618859 0.599530 -0.176320 0.780689 0.058018 0.982440 0.177331 -0.798247 -0.061022 0.599232
30.032929 -0.437583 3030.514602 14936.761595 -0.339025 0.938349 0.067551 -0.463621 -0.104164 -0.879890 0.818607 0.329623 -0.470352
36.163235 30.211378 579.671103 11991.102809 -0.148009 0.951308 0.270381 -0.509234 0.161057 -0.845424 0.847805 0.262818 -0.460601
32.978065 -2.680033 983.342278 11289.402740 -0.258950 0.965216 0.036105 -0.442743 -0.085392 -0.892573 0.858442 0.247117 -0.449455
-12.359217 -38.968342 132.638171 2523.515707 -0.087930 0.703258 0.705476 -0.482115 0.589698 -0.647936 0.871684 0.397094 -0.287199
-12.972854 -42.108876 -228.770879 1049.917105 -0.111662 0.736443 0.667221 -0.366787 0.593469 -0.716423 0.923580 0.324725 -0.203850
-13.767212 -41.052239 982.631654 724.983099 -0.063970 0.705315 0.706002 -0.393129 0.632434 -0.667440 0.917255 0.320246 -0.236823
-12.870668 -37.215595 -884.371319 1474.481679 0.006331 -0.636090 -0.771589 -0.477949 0.675839 -0.561077 0.878365 0.372332 -0.299740
-9.119808 -31.876119 -163.226049 3262.483958 -0.058370 0.684274 0.726885 -0.567639 0.576213 -0.588017 0.821206 0.446931 -0.354787
-11.291290 -31.722347 -1215.884624 3203.038572 -0.152002 0.758394 0.633825 -0.541180 0.472745 -0.695440 0.827055 0.448722 -0.338569
-19.036835 -33.453774 1297.499741 1194.749939 -0.440112 0.777978 0.448389 -0.113386 0.447204 -0.887216 0.890755 0.441315 0.108608
-18.309365 -35.333441 1220.151310 109.907829 -0.450010 0.784136 0.427342 -0.000123 0.478479 -0.878099 0.893023 0.395206 0.215224
-22.204310 -34.719037 1378.590054 98.808744 -0.389643 0.822633 0.414069 -0.013209 0.444565 -0.895649 0.920871 0.354453 0.162355
-23.106229 -33.858482 1450.435231 1213.843708 -0.380310 0.808993 0.448212 -0.111559 0.440962 -0.890566 0.918106 0.388694 0.077452
-25.369846 -33.905321 1203.976513 -319.396140 -0.321978 0.892174 0.316789 0.075313 0.357685 -0.930800 0.943747 0.275839 0.182359
-27.672607 -33.350702 1483.545129 586.036886 -0.312567 0.878146 0.362162 -0.059239 0.362502 -0.930098 0.948047 0.312172 0.061286
3.216433 -527.006285 -604.273313 12420.185913 -0.013336 0.067184 -0.997651 0.668260 0.742792 0.041088 0.743808 -0.666143 -0.054802
33.677559 -1434.030029 8000.287534 419359.927536 -0.098628 0.022554 -0.994869 0.388592 0.921241 -0.017639 0.916116 -0.388338 -0.099625
77.453689 -3333.399863 -5339.528050 867422.743086 -0.053009 -0.168434 -0.984287 -0.029709 0.985502 -0.167042 0.998152 0.020387 -0.057245
-2.911735 -62.238918 -670.650597 -180.024320 0.368485 0.881571 -0.295043 0.154634 0.254830 0.954542 -0.916683 0.397358 0.042419
-4.648776 -61.759340 -500.508660 -836.906951 0.383454 0.876151 -0.292101 0.202283 0.228922 0.952195 -0.901135 0.424210 0.089449
-4.092293 -59.534218 -833.033840 1216.674216 0.374788 0.867168 -0.327952 0.159960 0.287947 0.944192 -0.913207 0.406331 0.030793
-10.765928 -70.945945 -14004.066874 7323.886661 0.214559 0.873506 0.436981 0.444524 -0.485710 0.752651 -0.869691 -0.032760 0.492508
-13.476361 -68.893662 -15830.976113 8238.128228 0.217926 0.893000 0.393775 0.600200 -0.440783 0.667436 -0.769590 -0.090891 0.632037
-23.968462 -66.575930 -6898.978310 -581.117421 0.366068 0.857637 0.361183 0.327393 -0.482002 0.812704 -0.871096 0.179256 0.457230
-22.802138 -68.715477 -5780.198274 -8802.456428 0.382276 0.841007 0.382849 0.088574 -0.445759 0.890760 -0.919793 0.306605 0.244894
-9.725238 -73.726308 -8825.817375 -6461.442000 0.261125 0.899020 0.351534 0.196682 -0.406081 0.892421 -0.945056 0.163892 0.282859
-44.419910 -67.586470 -1427.445024 -1467.578134 -0.381064 -0.191179 0.904567 0.919444 -0.181028 0.349072 0.097017 0.964717 0.244762
-41.592949 -66.412427 -1153.146734 -1728.848008 -0.347018 -0.083238 0.934157 0.927590 -0.177452 0.328767 0.138402 0.980603 0.138790
-43.147332 -64.386677 -1499.779730 -1466.039617 -0.328305 -0.139531 0.934209 0.944308 -0.025131 0.328100 -0.022302 0.989899 0.140011
12.660690 -68.675903 -84.004588 5841.220354 0.145551 0.977451 -0.152983 0.138616 0.132957 0.981381 -0.979592 0.164047 0.116139
9.632801 -53.346303 -234.428103 5127.225516 0.130402 0.969883 -0.205722 0.302987 0.158584 0.939708 -0.944031 0.184871 0.273182
13.658149 -69.739511 492.771786 5691.434086 0.096116 0.973642 -0.206839 0.188487 0.186238 0.964255 -0.977361 0.131667 0.165619
29.094236 -81.086293 5902.747544 14486.891754 -0.106863 0.153703 0.982322 0.903679 -0.397023 0.160429 0.414663 0.904847 -0.096471
14.152405 -57.000562 4053.051883 9118.094127 -0.116017 0.142608 0.982956 0.837831 -0.517470 0.173963 0.533459 0.843734 -0.059446
12.296014 -67.290095 1586.160352 10517.265445 -0.027263 0.125760 0.991686 0.875995 -0.474895 0.084306 0.481550 0.871010 -0.097218
-1.587911 -51.341083 850.325615 -302.635269 0.572573 -0.804228 -0.159302 0.683171 0.360601 0.635015 -0.453253 -0.472423 0.755896
-3.525795 -52.800065 757.991816 -98.830578 0.563183 -0.811619 -0.155239 0.689314 0.357830 0.629923 -0.455709 -0.461771 0.760985
-2.186014 -50.495766 -774.565649 -368.610124 -0.561610 0.812298 0.157371 0.641578 0.307428 0.702756 -0.522467 -0.495641 0.693807
-0.127032 -49.952677 -926.870864 -1197.199854 -0.575379 0.801642 0.162199 0.627510 0.305489 0.716176 -0.524567 -0.513854 0.678810
-0.775587 -50.095613 -1266.038235 -1378.438645 -0.572096 0.800919 0.176735 0.576920 0.239797 0.780808 -0.582983 -0.548659 0.599253
3.769658 -70.876487 -116.775540 -1949.567281 -0.456229 0.889586 0.022190 0.700451 0.374387 -0.607620 0.548838 0.261671 0.793918
2.713010 -67.320137 15.246139 -1512.244556 -0.456196 0.889154 0.035913 0.640130 0.355930 -0.680843 0.618157 0.287609 0.731548
4.252488 -65.642119 -143.194619 -1965.056502 -0.475494 0.877936 0.055973 0.725902 0.427503 -0.538801 0.496962 0.215566 0.840572
3.481725 -65.414533 172.868965 -1573.604941 -0.473048 0.879074 0.058771 0.661492 0.398439 -0.635354 0.581940 0.261676 0.769981
4.659123 -67.213342 27.499564 -1803.581627 -0.485266 0.873304 0.043092 0.773323 0.451665 -0.444939 0.408030 0.182590 0.894524
4.570501 -62.232550 -136.598974 -701.483872 -0.490492 0.867779 0.079862 0.726938 0.457976 -0.511682 0.480602 0.192921 0.855455
5.174741 -61.313011 -443.901212 -621.491711 -0.497846 0.863164 0.084240 0.779088 0.487788 -0.393808 0.381013 0.130425 0.915324
-7.317259 -88.671702 1178.514933 4719.610514 -0.651372 0.758257 -0.027582 0.512433 0.412809 -0.752995 0.559577 0.504614 0.657448
-9.329755 -97.640210 555.440383 5598.671996 -0.598171 0.800325 -0.040889 0.590859 0.405995 -0.697175 0.541366 0.441190 0.715734
-11.102904 -86.573311 334.497524 3298.746900 -0.603052 0.797052 -0.032190 0.455068 0.310602 -0.834529 0.655165 0.517913 0.550023
-5.647186 -97.991749 1049.786001 5457.190265 -0.637130 0.770338 -0.025412 0.618078 0.490946 -0.613964 0.460484 0.406881 0.788925
0.540204 -100.546810 2096.443339 5666.485250 -0.688231 0.725462 -0.006561 0.557227 0.522794 -0.645124 0.464583 0.447650 0.764050
2.975652 -122.169054 -708.989870 8582.066505 -0.534107 0.845159 0.020901 0.316370 0.176885 0.931999 -0.783990 -0.504399 0.361859
5.990938 -119.499869 -1116.055749 -58.587574 -0.510057 0.855155 0.092473 0.521889 0.222225 0.823558 -0.683720 -0.468322 0.559644
3.258785 -111.884268 -656.984060 2085.655669 -0.536114 0.841075 0.071940 0.413766 0.187542 0.890857 -0.735785 -0.507367 0.448552
1.272676 -101.933041 -405.147345 2094.796428 -0.539497 0.840094 0.056429 0.389415 0.189534 0.901351 -0.746525 -0.508250 0.429398
2.694968 -100.012347 -659.473990 8494.837387 -0.558613 0.828763 0.033218 0.293710 0.160197 0.942375 -0.775684 -0.536180 0.332904
-14.597686 -91.160027 1039.174655 -2109.128802 -0.557031 0.830433 -0.009844 -0.185345 -0.135861 -0.973236 0.809545 0.540299 -0.229596
-14.195299 -93.216978 -291.170048 -1157.857265 -0.534506 0.845135 -0.007024 -0.374168 -0.244078 -0.894664 0.757827 0.475575 -0.446684
-14.299319 -91.455519 -152.233658 -2218.847690 -0.558058 0.829702 -0.012891 -0.181148 -0.136971 -0.973871 0.809788 0.541141 -0.226737
40.288766 -95.835467 -2317.578952 -6704.183556 -0.523530 0.821297 -0.226688 0.374902 0.460983 0.804328 -0.765091 -0.336104 0.549245
34.777485 -110.199182 -3077.136563 1289.716291 -0.566715 0.801581 -0.190534 0.557664 0.543413 0.627465 -0.606502 -0.249340 0.754973
30.114515 -109.094810 -3161.184503 -9617.792315 -0.605801 0.774894 -0.180400 0.420274 0.504198 0.754423 -0.675555 -0.381213 0.631112
0.773929 -131.238630 -4534.074217 2681.724672 -0.477144 0.837563 -0.266122 -0.708131 -0.545754 -0.447999 0.520465 0.025310 -0.853508
6.161317 -121.967523 -5576.113383 -5609.851834 -0.468068 0.837678 -0.281438 -0.794083 -0.538445 -0.281973 0.387742 -0.091503 -0.917215
-2.378327 -129.041964 -1395.831658 -296.504233 -0.510188 0.826868 -0.236637 -0.781634 -0.560560 -0.273533 0.358825 -0.045410 -0.932300
-5.645920 -167.389563 -1927.155839 12643.703417 -0.512238 0.820445 -0.253933 -0.632226 -0.560337 -0.535082 0.581293 0.113546 -0.805733
14.145306 -74.094124 -1942.702407 156.556158 -0.732196 0.671055 -0.116505 -0.330203 -0.499355 -0.801006 0.595697 0.548024 -0.587210
10.676104 -67.168640 -1364.386015 432.575960 0.768829 -0.629888 0.110201 0.334754 0.543294 0.769916 0.544832 0.555043 -0.628558
9.315912 -69.714514 578.031258 740.350627 -0.731118 0.679040 -0.066107 -0.465301 -0.567147 -0.679588 0.498960 0.466100 -0.730609
5.880598 -63.483898 -2531.751518 -905.682009 0.773538 -0.628984 0.077574 0.421484 0.601994 0.678199 0.473275 0.491917 -0.730772
8.438760 -74.748363 -2636.125622 713.161571 -0.686772 0.721875 -0.085094 -0.482002 -0.539906 -0.690055 0.544076 0.432895 -0.718737
6.987169 -68.315909 -1949.764927 1718.961058 -0.676187 0.734496 -0.057330 -0.596627 -0.591589 -0.542272 0.432212 0.332473 -0.838245
6.284986 -64.281861 921.758869 2004.137246 -0.717748 0.695658 -0.029955 -0.571605 -0.613231 -0.545175 0.397625 0.374176 -0.837787
-2.465085 -1659.797334 -12125.008504 -439017.852146 -0.647494 0.754643 -0.106140 0.316314 0.392850 0.863490 -0.693323 -0.525531 0.493072
-130.710670 -4748.757611 -43142.620910 -242568.366178 -0.628222 0.777581 -0.026554 -0.001171 0.033185 0.999449 -0.778033 -0.627907 0.019937
-4.775551 -1574.384509 -21483.447107 -748708.467045 -0.609589 0.792622 -0.012343 -0.513839 -0.383230 0.767531 -0.603632 -0.474221 -0.640893
310.150773 35.982081 -131346.137481 -2434.341878 0.111615 0.603258 0.789698 -0.583507 0.683032 -0.439302 -0.804401 -0.411761 0.428242
201.284293 -7265.706974 90522.634672 2708806.817135 0.618139 -0.768814 0.163795 0.785491 0.596136 -0.166209 0.030140 0.231400 0.972392
-3.294489 -19.323916 -473.740711 1311.716177 -0.428076 0.844898 0.320779 -0.328653 -0.476179 0.815623 -0.841866 -0.243723 -0.481519
-2.213791 -25.882545 -316.381096 2679.299528 -0.406991 0.867687 0.285442 -0.392714 -0.448354 0.802966 -0.824703 -0.214703 -0.523229
-0.017470 -19.198821 -1547.881703 2600.482711 -0.432124 0.853911 0.290009 -0.331748 -0.449554 0.829364 -0.838578 -0.262178 -0.477546
-1.268278 -15.959313 -1693.055989 811.341153 -0.448090 0.838230 0.310782 -0.293289 -0.466230 0.834632 -0.844510 -0.282841 -0.454757
-15.261184 -37.719903 685.336373 1744.222514 -0.385372 0.922405 0.025659 -0.428178 -0.154118 -0.890456 0.817406 0.354143 -0.454346
-13.734092 -40.042173 1439.990408 624.287437 -0.341278 0.921682 0.184476 -0.549488 -0.036395 -0.834709 0.762622 0.386236 -0.518874
-12.110937 -39.257059 1412.138048 280.303975 -0.403797 0.912615 0.063893 -0.388275 -0.107721 -0.915226 0.828366 0.394373 -0.397842
-12.567677 -36.596350 192.946886 775.710221 -0.410286 0.909071 -0.072492 -0.304237 -0.211378 -0.928848 0.859712 0.359039 -0.363298
-18.018830 -40.837776 1556.331506 1421.514617 0.050814 0.849831 0.524599 -0.635592 0.432690 -0.639376 0.770351 0.300942 -0.562133
-21.801182 -45.334222 1926.057699 2007.349845 0.142398 0.817879 0.557492 -0.581346 0.524957 -0.621657 0.801099 0.235573 -0.550223
-20.246601 -41.179568 1152.749124 2046.224841 0.114996 0.863842 0.490462 -0.682807 0.427344 -0.592581 0.721492 0.266746 -0.638980
-15.502526 -35.507712 -175.760170 790.860888 -0.087577 0.901284 0.424284 -0.681049 0.256658 -0.685783 0.726982 0.349017 -0.591342
-15.755632 -39.643775 280.698448 987.637860 -0.010139 0.860609 0.509166 -0.605280 0.400029 -0.688195 0.795948 0.315166 -0.516854
-17.115496 -36.467215 1320.205358 1627.575649 -0.020657 0.900097 0.435200 -0.734792 0.281514 -0.617115 0.677978 0.332529 -0.655568
0.577535 -232.891203 -2047.672731 20242.776176 -0.489947 0.850373 -0.191881 0.796274 0.346961 -0.495546 -0.354824 -0.395581 -0.847122
1.477921 -258.998178 -1897.082949 48605.851188 -0.461076 0.864126 -0.201731 0.846910 0.360679 -0.390709 -0.264861 -0.350994 -0.898138
3.266728 -248.986623 -1958.153746 7379.268064 -0.488216 0.855393 -0.173055 -0.589317 -0.176871 0.788303 -0.643701 -0.486847 -0.590449
1.068290 -230.821391 -1536.607287 33925.197054 -0.451681 0.870544 -0.195288 0.891185 0.429906 -0.144810 -0.042108 -0.239446 -0.969996
1.395882 -112.239065 410.263872 16102.019041 -0.325880 0.940523 0.096018 -0.672559 -0.159253 -0.722705 0.664429 0.300093 -0.684455
-13.870628 -118.419718 8234.217047 21173.642003 -0.423857 0.900680 0.095501 -0.584220 -0.191302 -0.788727 0.692121 0.390102 -0.607280
-23.786839 -75.681191 9852.588835 11844.810589 -0.293106 0.930065 0.221515 -0.747289 -0.078344 -0.659864 0.596362 0.358946 -0.717990
-50.507990 -84.955392 418.929843 6964.581623 0.023825 0.983017 0.181961 0.947767 0.035700 -0.316961 0.318074 -0.180008 0.930820
-58.575529 -80.645336 1728.133510 406.753151 0.168820 0.984670 0.043871 0.970369 -0.158232 -0.182612 0.172871 -0.073400 0.982206
-51.513706 -75.667838 119.476862 3147.375029 0.400196 0.904847 -0.145241 0.851999 -0.425733 -0.304711 0.337551 0.001801 0.941306
-46.215880 -70.227378 -1579.359513 317.431491 -0.542673 -0.164294 0.823719 0.616538 -0.743922 0.257802 0.570427 0.647756 0.505000
49.988290 -46.944863 2606.595894 -765.012934 -0.307920 0.900054 0.308364 0.897139 0.382584 -0.220842 0.316745 -0.208644 0.925279
52.682317 -49.116213 4062.518000 145.112178 -0.340023 0.905300 0.254589 0.834277 0.415322 -0.362615 0.434012 -0.089100 0.896490
78.238195 -47.084458 2270.703887 349.059894 -0.248597 0.902044 0.352868 0.352544 0.423581 -0.834441 0.902171 0.083039 0.423311
70.849253 -47.427803 -5355.978809 504.007159 -0.055188 0.896733 0.439118 0.286973 0.435478 -0.853232 0.956348 -0.078927 0.281372
-3.240577 -55.981825 -385.307167 -2706.460577 0.577262 0.726129 -0.373505 -0.574965 0.036657 -0.817357 0.579814 -0.686581 -0.438659
-5.351250 -60.234622 -877.574529 1490.675020 0.568343 0.720864 -0.396663 0.683522 -0.145287 0.715325 0.458022 -0.677677 -0.575299
-2.791760 -54.926745 -1261.922185 -3135.507326 0.601191 0.718776 -0.349184 -0.563425 0.071400 -0.823076 0.566676 -0.691565 -0.447901
0.708263 -60.997675 869.457557 739.082091 0.489196 0.846136 -0.211520 0.834782 -0.524495 -0.167465 0.252640 0.094650 0.962920
1.998628 -54.904499 -209.517756 1146.434357 0.477431 0.859839 -0.180931 0.860185 -0.499385 -0.103420 0.179279 0.106258 0.978043
-0.717077 -65.440050 -958.196686 818.128412 -0.440869 -0.873928 0.204657 0.897492 -0.432242 0.087604 0.011902 0.222300 0.974906
-1.007339 -59.738187 1639.407239 1797.849204 0.461553 0.860028 -0.217534 0.871829 -0.485074 -0.067951 0.163960 0.158290 0.973684
-5.649624 -92.398005 -940.060680 3628.838291 -0.028234 -0.974223 -0.223812 0.974837 0.022694 -0.221760 0.221123 -0.224441 0.949068
-4.895039 -87.910390 1560.656980 4236.273276 0.019483 0.977006 0.212320 0.906878 0.072140 -0.415173 0.420943 -0.200637 0.884619
-0.625081 -86.592333 1266.541354 4014.150688 0.004024 0.979462 0.201587 0.894632 0.086542 -0.438342 0.446785 -0.182110 0.875910
5.100597 -138.588336 -0.916833 12201.987891 0.056845 0.986550 0.153258 0.025532 -0.154892 0.987601 -0.998057 0.052227 0.033994
3.403798 -148.774226 717.503394 7693.353541 0.058697 0.988840 0.136930 -0.302039 -0.113146 0.946557 -0.951487 0.096918 -0.292027
4.807549 -156.577611 -360.775321 11291.090555 0.048975 0.988336 0.144202 -0.227969 -0.129503 0.965018 -0.972436 0.080135 -0.218968
6.324637 -143.117260 -1038.117227 8100.681997 0.048469 0.986043 0.159280 0.081035 -0.162824 0.983322 -0.995532 0.034753 0.087796
4.462011 -125.181959 -510.299331 4234.397660 0.062520 0.978255 0.197757 0.281186 -0.207383 0.936977 -0.957614 0.002973 0.288038
1.887069 -142.407841 -566.096004 11865.588745 0.037043 0.979673 0.197149 0.200570 -0.200559 0.958931 -0.978979 -0.004021 0.203923
-11.235626 -48.872303 666.446376 297.819579 0.594290 0.641150 -0.485537 -0.154103 0.683306 0.713684 0.789349 -0.349312 0.504885
-12.783776 -51.981236 688.525691 -502.745824 0.578204 0.634049 -0.513481 -0.182615 0.713953 0.675960 0.795193 -0.297073 0.528597
-15.584786 -89.909749 -48.150762 2040.915351 0.199957 0.952262 0.230682 -0.613902 0.305256 -0.727972 0.763637 -0.003947 -0.645634
-15.721237 -91.644896 52.190156 2775.302946 0.149142 0.950058 0.274127 -0.598137 0.307437 -0.740077 0.787393 0.053589 -0.614117
147.967477 -7.158777 -912.392846 -3922.845570 -0.240777 -0.368139 -0.898054 0.714855 0.558603 -0.420648 0.656512 -0.743261 0.128667
10.572541 -166.414117 -2486.907650 10011.983568 -0.274699 -0.000463 -0.961530 0.588932 0.790393 -0.168633 0.760065 -0.612599 -0.216847
12.627677 -160.924603 -3162.263735 20458.043904 -0.280088 -0.015445 -0.959850 0.238676 0.967354 -0.085212 0.929831 -0.252960 -0.267257
16.219261 -149.812973 -3510.152390 14082.234975 -0.310958 -0.014677 -0.950310 0.410631 0.899667 -0.148261 0.857139 -0.436329 -0.273732
4.607810 -148.782759 -1340.323962 11034.194071 -0.289282 0.002089 -0.957242 0.458870 0.877916 -0.136756 0.840092 -0.478811 -0.254924
11.591965 -153.424352 -1611.420806 -586.305048 -0.325414 -0.012855 -0.945484 0.707788 0.659729 -0.252574 0.627010 -0.751394 -0.205586
6.259430 -158.873976 -952.871643 1811.783309 -0.280227 0.005833 -0.959916 0.700478 0.684981 -0.200327 0.656356 -0.728537 -0.196036
8.271494 -180.367582 -1759.844126 -3655.605345 -0.286693 -0.016314 -0.957883 0.839638 0.477183 -0.259430 0.461319 -0.878652 -0.123107
45.611465 -147.042356 -6007.562098 26708.900295 -0.198551 -0.427910 -0.881743 0.504475 0.726705 -0.466267 0.840287 -0.537395 0.071582
37.805963 -85.840366 -6535.798059 13675.921174 -0.099266 -0.415700 -0.904069 0.345403 0.837669 -0.423094 0.933190 -0.354267 0.060432
42.092070 -92.920204 -1465.487550 15024.610967 -0.235928 -0.306234 -0.922257 0.340471 0.862844 -0.373604 0.910175 -0.402145 -0.099305
44.945995 -157.756656 1028.001311 34500.249553 -0.340003 -0.259016 -0.904051 0.470660 0.785398 -0.402031 0.814173 -0.562192 -0.145129
-25.687191 -73.099777 -19402.086625 18454.270746 0.855267 -0.374643 0.357995 0.295124 -0.215698 -0.930793 -0.425934 -0.901730 0.073913
-23.413017 -60.213781 -15661.983406 -3935.995253 0.839594 -0.538572 -0.070861 -0.140430 -0.089182 -0.986066 -0.524748 -0.837846 0.150508
28.868031 -1198.596353 -10703.733559 -412902.312795 0.726805 -0.218266 0.651241 0.536294 -0.412044 -0.736620 -0.429119 -0.884636 0.182420
-19.448560 -64.264037 -11943.594258 -13742.772995 0.077851 -0.248555 -0.965484 0.926155 -0.340425 0.162319 -0.369020 -0.906825 0.203698
31.070987 27.712313 1223.795806 12456.246623 -0.307194 0.922139 0.235142 -0.503217 0.052316 -0.862575 0.807715 0.383306 -0.447965
33.097083 26.965259 1783.190248 234.510868 -0.171032 0.816746 0.551066 -0.413974 0.447971 -0.792431 0.894077 0.363658 -0.261495
34.892527 25.963444 2303.355422 -3572.607557 -0.143725 0.842530 0.519121 -0.315396 0.458215 -0.831002 0.938013 0.283165 -0.199874
35.926307 24.061012 -1317.254412 -3241.035545 -0.002303 0.834749 0.550626 -0.316428 0.521726 -0.792260 0.948614 0.176058 -0.262936
34.805350 24.382475 -6556.297462 937.481030 0.141162 0.844557 0.516523 -0.397843 0.526158 -0.751584 0.906529 0.099400 -0.410275
-15.497795 -34.691078 756.323021 582.130815 -0.484993 0.759768 0.433053 -0.071632 0.459013 -0.885537 0.871580 0.460499 0.168194
-15.146295 -35.991192 715.881062 -185.133094 -0.492079 0.765984 0.413675 0.028687 0.489197 -0.871702 0.870078 0.417079 0.262697
11.600895 -318.057108 -5971.972348 94230.036939 0.099106 0.145612 -0.984365 -0.088600 0.986598 0.137022 0.991125 0.073635 0.110679
5.400779 -479.519970 -1682.279628 134931.490258 0.018260 -0.040801 -0.999000 0.174677 0.983931 -0.036993 0.984456 -0.173827 0.025094
-9.294534 -220.716981 -6497.049823 60169.572713 0.086690 0.060795 -0.994379 0.027869 0.997598 0.063422 0.995845 -0.033210 0.084787
-3.767838 -75.308930 -4422.643475 1144.778867 0.134957 0.563262 -0.815182 -0.128751 0.825703 0.549216 0.982451 0.030835 0.183955
17.544685 -129.753118 -2665.331483 16425.637724 0.103348 0.403710 -0.909031 -0.268197 0.891385 0.365382 0.957805 0.206038 0.200396
6.016572 -72.347312 -16636.336564 17424.419482 0.146568 0.895618 0.419984 0.649094 -0.407458 0.642382 -0.746455 -0.178456 0.641061
24.250886 -79.267879 -25382.956736 -4159.763279 0.071918 0.924154 0.375189 0.673939 -0.322328 0.664764 -0.735278 -0.205046 0.646004
-20.951191 -79.244704 -16425.076589 -1269.181431 0.268497 0.891864 0.363988 0.672878 -0.444040 0.591662 -0.689308 -0.086060 0.719339
38.697899 -42.441289 18421.802475 340.578447 0.723871 -0.689746 -0.016162 0.087321 0.114828 -0.989540 -0.684387 -0.714888 -0.143350
-7.699698 -49.064682 15454.839765 799.747094 0.726368 -0.685683 0.047202 0.111766 0.050076 -0.992472 -0.678158 -0.726175 -0.113009
-8.315723 -48.761061 15892.353978 178.154943 0.734618 -0.677095 -0.043356 0.115454 0.187721 -0.975413 -0.668586 -0.711550 -0.216076
36.979610 -44.709307 17832.562317 -658.961973 0.725484 -0.686228 -0.052575 0.133715 0.215474 -0.967311 -0.675125 -0.694739 -0.248082
-8.621213 -49.945759 16104.348678 -846.136163 0.755290 -0.639876 -0.141758 0.108167 0.335033 -0.935977 -0.646403 -0.691601 -0.322260
27.496146 -55.499611 8786.228826 9898.816960 -0.218132 0.213842 0.952203 0.817468 -0.492913 0.297963 0.533070 0.843391 -0.067288
7.816308 -34.691107 2791.308673 3836.695324 -0.076351 0.121848 0.989608 0.790973 -0.596880 0.134518 0.607068 0.793024 -0.050806
-3.815069 -53.431724 761.386877 272.647083 0.578407 -0.803010 -0.143600 0.744922 0.448194 0.494179 -0.332470 -0.392807 0.857418
-4.869782 -54.099961 472.801576 222.184287 0.559798 -0.815811 -0.145188 0.714973 0.386975 0.582293 -0.418857 -0.429771 0.799910
-1.954169 -52.701407 501.279557 91.295594 0.570310 -0.808084 -0.147468 0.735691 0.422629 0.529286 -0.365383 -0.410348 0.835530
1.818668 -70.800018 -32.428094 -70.478855 -0.434732 0.900530 -0.007319 0.580665 0.274086 -0.766620 0.688358 0.337524 0.642060
0.836301 -67.129360 96.079185 719.907884 -0.438288 0.898783 0.009598 0.500881 0.253091 -0.827685 0.746339 0.357957 0.561111
1.856437 -64.878995 -187.771195 -33.452198 -0.450945 0.891270 0.047816 0.551753 0.320473 -0.769978 0.701581 0.320835 0.636277
5.928865 -86.362750 3082.458570 4760.826825 -0.723948 0.688506 0.043108 0.438180 0.507200 -0.742123 0.532820 0.518369 0.668876
8.808821 -102.328534 3502.780878 7079.178974 -0.717116 0.696533 0.024213 0.550992 0.587863 -0.592305 0.426794 0.411410 0.805350
16.078647 -103.489423 3435.827434 8233.258529 -0.714094 0.695370 0.080812 0.490059 0.578984 -0.651628 0.499911 0.425722 0.754221
7.627025 -47.965549 2880.793407 837.204038 -0.195803 0.954399 0.225350 0.980310 0.184505 0.070363 0.025576 0.234690 -0.971734
7.017951 -50.359347 4466.306743 843.322333 -0.222371 0.944932 0.240114 0.972498 0.232476 -0.014240 -0.069277 0.230344 -0.970640
11.550258 -49.439551 2124.410878 445.856385 -0.228515 0.951641 0.205330 0.968811 0.243053 -0.048269 -0.095841 0.187896 -0.977502
-0.809140 -50.898277 3553.603953 671.686825 -0.192404 0.952837 0.234695 0.980562 0.177305 0.084028 0.038453 0.246300 -0.968430
10.142852 -47.049475 -1216.779951 568.060283 -0.184737 0.972413 0.142426 0.981613 0.175485 0.075101 0.048035 0.153681 -0.986952
6.967821 -49.857547 4981.081104 71.403260 -0.181653 0.951588 0.247955 0.975525 0.142611 0.167370 0.123906 0.272289 -0.954204
5.064724 -131.169012 -1550.330186 8831.551714 -0.524471 0.850875 0.030678 0.333910 0.172407 0.926704 -0.783220 -0.496273 0.374538
9.521362 -162.033703 -1506.127579 8605.455345 -0.502334 0.863418 0.046576 0.475310 0.230734 0.849024 -0.722316 -0.448632 0.526297
-12.255224 -93.315036 145.723901 1754.600407 -0.505091 0.863051 0.005184 -0.709809 -0.411976 -0.571355 0.490973 0.292266 -0.820687
-13.947178 -93.201214 406.585006 1686.834594 -0.519071 0.854723 0.003712 -0.556906 -0.334907 -0.760061 0.648398 0.396593 -0.649841
-12.917306 -90.331258 59.702905 2554.647522 -0.489267 0.872075 -0.010173 -0.639379 -0.366600 -0.675869 0.593138 0.324177 -0.736951
-13.275018 -92.937938 -1287.635004 2129.348348 -0.445802 0.893898 -0.046991 -0.603711 -0.339011 -0.721529 0.660904 0.293290 -0.690788
-12.157393 -91.076665 -217.813506 861.305530 -0.467327 0.883646 -0.027827 -0.731263 -0.404043 -0.549548 0.496849 0.236470 -0.834999
15.511752 -68.151982 -1256.689842 534.589641 0.780524 -0.606613 0.151010 0.214936 0.487257 0.846394 0.587014 0.628173 -0.510699
9.939174 -64.581888 -4548.668934 -92.425547 0.819637 -0.555975 0.138154 0.228745 0.538710 0.810843 0.525234 0.632995 -0.568724
87.478685 -5294.442320 -260456.474822 8005003.282776 -0.650505 0.759314 -0.016871 0.757073 0.646490 -0.094289 -0.060688 -0.074108 -0.995402
-12375.453090 -49174.280071 -3288746.608267 52097990.226762 -0.666231 0.738007 0.107160 -0.429578 -0.497251 0.753793 -0.609590 -0.456167 -0.648315
16.842575 -2158.592123 -154390.007212 -2444787.529590 0.703002 -0.599187 0.383097 0.399181 0.778261 0.484731 -0.588594 -0.187842 0.786303
-5.711836 -18.017454 -471.024771 548.665153 -0.429338 0.834971 0.344227 -0.320460 -0.497184 0.806296 -0.844378 -0.235863 -0.481035
-8.259488 -17.655498 -188.906469 -895.413237 -0.352666 0.911538 0.211484 -0.385296 -0.347411 0.854899 -0.852745 -0.220010 -0.473732
-5.430404 -18.695490 40.119876 1261.971602 -0.389438 0.875220 0.286929 -0.377364 -0.435793 0.817117 -0.840199 -0.209940 -0.499991
-7.930953 -19.246962 -736.285939 -1405.574687 -0.388913 0.891413 0.232655 -0.344625 -0.374969 0.860600 -0.854389 -0.254520 -0.453033
-9.877665 -42.734995 745.707326 -290.910234 -0.259158 0.910407 0.322484 -0.772506 0.005022 -0.634988 0.579717 0.413683 -0.701994
-9.783854 -43.373079 95.264415 441.174420 -0.301653 0.910703 0.282180 -0.693614 -0.006558 -0.720317 0.654145 0.413010 -0.633654
-12.901164 -41.601359 1235.140106 -124.797235 -0.283348 0.915853 0.284478 -0.683757 0.015069 -0.729554 0.672451 0.401231 -0.621951
-10.603533 -42.561346 596.576141 539.896811 -0.330939 0.915000 0.230767 -0.594254 -0.012112 -0.804186 0.733035 0.403271 -0.547751
-15.359098 -38.038259 837.697489 -505.424861 -0.258262 0.933827 0.247524 -0.630483 0.031209 -0.775576 0.731978 0.356361 -0.580701
11.285298 -255.144063 -3715.621590 6767.158774 -0.472296 0.862412 -0.182158 -0.612432 -0.172444 0.771486 -0.633927 -0.475929 -0.609613
6.399680 -245.812245 -1743.773875 19683.946704 -0.493030 0.859001 -0.137980 -0.351791 -0.051782 0.934645 -0.795717 -0.509348 -0.327719
31.812490 -277.684317 -7174.270120 16578.058742 -0.428637 0.887957 -0.166740 -0.573074 -0.124537 0.809985 -0.698467 -0.442744 -0.562247
15.798630 -295.282022 -5121.694205 20729.119386 -0.501566 0.857928 -0.111312 -0.276376 -0.036977 0.960338 -0.819785 -0.512437 -0.255657
-2.621124 -295.103995 7304.406577 68253.322370 -0.469603 0.882876 0.001655 -0.444098 -0.234595 -0.864721 0.763053 0.406811 -0.502250
-54.594343 -329.628713 26605.931091 86658.710375 -0.503379 0.864065 0.000715 -0.437152 -0.253958 -0.862788 0.745324 0.434622 -0.505565
-8.489607 -44.601596 -517.976366 -2375.598465 -0.339573 0.937426 -0.076962 -0.539696 -0.127176 0.832198 -0.770336 -0.324129 -0.549111
-8.033449 -45.984058 92.788650 -1195.662180 -0.354681 0.932020 -0.074426 -0.476450 -0.111674 0.872080 -0.804485 -0.344771 -0.483670
-9.070290 -46.772317 -1610.606076 969.382437 -0.374428 0.925085 -0.063423 -0.330403 -0.069196 0.941300 -0.866393 -0.373404 -0.331560
-7.679817 -43.940956 196.068849 -4058.529029 -0.346493 0.934660 -0.079703 -0.607703 -0.158933 0.778099 -0.714591 -0.318042 -0.623065
-9.251004 -45.835610 -1010.668945 -665.612744 -0.334233 0.940851 -0.055572 -0.422039 -0.096686 0.901407 -0.842717 -0.324734 -0.429391
-8.829835 -44.495592 686.184714 -3090.949754 -0.281498 0.958460 -0.045975 -0.532971 -0.116330 0.838099 -0.797936 -0.260426 -0.543578
-8.728846 -40.364664 -366.843977 -2992.105622 -0.312925 0.946290 -0.081318 -0.611574 -0.135250 0.779541 -0.726674 -0.293671 -0.621049
-8.043236 -39.210112 -590.087352 -1771.287662 -0.339622 0.934720 -0.104672 -0.651182 -0.153369 0.743263 -0.678690 -0.320589 -0.660760
-28.590244 -87.931754 -5912.005942 13054.179622 0.052346 0.945901 0.320205 0.909301 0.087407 -0.406855 0.412833 -0.312460 0.855534
4.425204 -28.828176 -188.808528 -3045.993994 0.540881 0.776901 0.322292 0.459972 -0.594019 0.659975 -0.704183 0.208722 0.678647
7.099727 -41.068870 240.574288 -3955.429665 0.534920 0.793268 0.290837 0.541797 -0.586191 0.602359 -0.648318 0.164639 0.743356
6.989603 -41.492224 -579.098641 -4945.493251 0.555819 0.736494 0.385540 0.477297 -0.662447 0.577365 -0.680626 0.136893 0.719728
11.383715 -53.817671 -182.140383 -5542.134567 0.526406 0.785642 0.325061 0.607807 -0.615063 0.502264 -0.594532 0.066821 0.801291
2.615334 -25.580451 -634.647633 -3772.714162 0.573360 0.711009 0.407092 0.387676 -0.673172 0.629719 -0.721779 0.203236 0.661611
11.825156 -56.971392 -678.940659 -6022.405208 0.543438 0.747978 0.381057 0.576679 -0.662515 0.478033 -0.610014 0.040034 0.791379
9.353931 -54.229509 -777.494667 6525.180022 0.566700 0.687328 0.454347 -0.489892 0.724467 -0.484926 -0.662463 0.052226 0.747272
3.933440 -35.492532 -746.969363 5785.669211 0.584199 0.660828 0.471188 -0.367531 0.733023 -0.572362 -0.723624 0.161197 0.671106
25.365765 -48.781099 4394.137855 -2236.839933 -0.569039 0.821938 -0.024744 0.517163 0.334320 -0.787891 0.639325 0.461138 0.615317
15.591148 -49.525493 461.795411 -937.467855 -0.532860 0.845649 -0.030620 0.467036 0.263728 -0.843994 0.705647 0.464031 0.535478
23.541220 -50.488707 7511.275569 -616.787268 -0.579570 0.814830 -0.012289 0.409530 0.278185 -0.868849 0.704545 0.508592 0.494925
15.422202 -51.375976 -1783.717840 573.315042 -0.505088 0.862862 -0.018839 0.386150 0.206409 -0.899046 0.771864 0.461372 0.437449
40.201484 -47.355286 8596.037371 -956.701694 -0.563507 0.825382 0.034700 0.508683 0.379774 -0.772666 0.650923 0.417752 0.633863
15.746856 -51.207558 -128.328248 284.215959 -0.512573 0.858604 -0.008201 0.295398 0.167363 -0.940601 0.806231 0.484549 0.339416
33.616361 -49.537404 10517.178750 -1636.964875 -0.555527 0.829995 0.049983 0.390600 0.313556 -0.865514 0.734045 0.461292 0.498385
21.992104 -51.214842 4671.971156 -814.582593 -0.534690 0.844889 0.016401 0.296380 0.205670 -0.932662 0.791369 0.493825 0.360379
-0.323164 -53.029841 -310.173534 2882.949699 0.631188 0.755279 -0.176509 0.274486 -0.430352 -0.859915 0.725437 -0.494319 0.478947
0.445349 -49.123550 -1058.918795 784.085888 0.646543 0.743021 -0.172923 0.216697 -0.396206 -0.892224 0.731454 -0.539389 0.417175
-2.996852 -52.289218 -1084.851815 1456.753083 0.642738 0.742636 -0.188096 0.267447 -0.447596 -0.853305 0.717886 -0.498146 0.486303
-3.115018 -52.325840 -631.035532 1069.636564 0.633114 0.749356 -0.193991 0.352697 -0.502358 -0.789456 0.689037 -0.431396 0.582345
-7.010317 -53.124169 -1641.026680 1643.120271 0.659351 0.721961 -0.209831 0.327365 -0.526933 -0.784330 0.676823 -0.448457 0.583779
-7.810786 -52.751691 -1486.939090 1911.954164 0.647247 0.730071 -0.219242 0.261024 -0.482495 -0.836101 0.716197 -0.483937 0.502859
1.657311 -56.314336 -457.141657 -1507.572278 0.526969 0.827570 -0.193472 0.807273 -0.558584 -0.190513 0.265733 0.055790 0.962431
1.857529 -54.598561 664.649746 -1381.677276 0.513829 0.832286 -0.208037 0.813454 -0.549706 -0.190043 0.272529 0.071579 0.959481
-3.564618 -109.567525 -95.816845 4302.186382 -0.036159 -0.972291 -0.230961 0.982424 -0.076935 0.170070 -0.183126 -0.220752 0.957984
-6.443510 -104.192692 -552.159435 4008.564007 -0.033840 -0.972910 -0.228694 0.999053 -0.026671 -0.034363 0.027332 -0.229640 0.972892
-13.399481 -98.125155 -585.832917 293.564065 0.263001 0.949240 0.172552 -0.302030 0.250864 -0.919698 0.916301 -0.189766 -0.352676
-14.869167 -95.256290 -701.425722 383.052426 0.252793 0.954774 0.156531 -0.525098 0.271275 -0.806649 0.812630 -0.121721 -0.569926
-16.674916 -92.945549 1226.713635 852.461986 0.195562 0.958528 0.207316 -0.630590 0.284807 -0.721970 0.751074 -0.010458 -0.660136
18.474274 -139.142479 -3762.933434 13515.143334 -0.315481 -0.031037 -0.948424 0.142677 0.986552 -0.079744 0.938144 -0.160476 -0.306810
