12551
25091
-32.011217 -50.948370 858.420649 -5689.642900 0.978591 -0.177270 -0.104568 0.098942 0.850713 -0.516234 -0.180470 -0.494836 -0.850040
-38.459739 -56.147608 -251.009579 -4301.519789 0.966790 -0.069184 -0.246031 -0.032908 0.920951 -0.388287 -0.253446 -0.383489 -0.888089
-39.922824 -65.046326 538.779658 -4512.932108 0.923548 -0.380764 -0.045582 0.338843 0.865914 -0.367938 -0.179568 -0.324363 -0.928733
-30.797891 -44.649339 -713.536290 -3270.369881 0.881746 0.225554 -0.414306 -0.399090 0.824937 -0.400257 -0.251497 -0.518271 -0.817401
-22.589209 -65.061646 3918.519399 -8777.677198 0.950000 -0.309369 0.042317 0.291274 0.829171 -0.477110 -0.112515 -0.465581 -0.877824
-22.010923 -47.436290 3490.945123 -6610.482218 0.980451 -0.196143 0.015629 0.165634 0.779849 -0.603656 -0.106215 -0.594444 -0.797092
-25.910727 -38.149328 413.240573 -3653.843718 0.947245 0.129217 -0.293307 -0.274323 0.800114 -0.533446 -0.165749 -0.585765 -0.793352
-46.661760 -64.839295 -80.801747 -1293.103687 0.906503 -0.416866 0.066889 -0.278591 -0.709651 -0.647134 -0.317236 -0.567994 0.759436
-47.263055 -66.847939 835.060222 2685.983599 0.952972 -0.299155 0.048477 -0.154386 -0.616866 -0.771778 -0.260785 -0.727999 0.634042
-43.799828 -66.664023 1504.849542 -2330.706723 0.979407 -0.200196 0.026145 -0.139595 -0.765036 -0.628676 -0.145860 -0.612080 0.777228
-43.742943 -62.936293 1014.250746 -5243.246335 0.943790 -0.329883 0.020903 -0.286032 -0.846755 -0.448544 -0.165667 -0.417352 0.893516
-44.749615 -61.890490 147.605292 -2548.039063 0.822055 -0.567785 0.042975 -0.459707 -0.706321 -0.538312 -0.336000 -0.422766 0.841649
72.492483 -31.987336 11683.428704 3248.641800 -0.440368 0.685670 0.579597 0.894052 0.393959 0.213228 -0.082134 0.612089 -0.786512
65.847017 -29.442347 11029.179594 2625.136121 -0.323356 0.656752 0.681262 0.929365 0.355916 0.098004 -0.178108 0.664831 -0.725450
89.753282 -42.354393 11253.544311 3870.970199 -0.392677 0.767974 0.505985 0.910349 0.402737 0.095223 -0.130650 0.498015 -0.857270
50.629250 -22.566981 7270.431522 892.724906 -0.377438 0.607735 0.698712 0.912677 0.371823 0.169611 -0.156718 0.701716 -0.695006
84.884766 -44.482002 2766.149737 4749.697877 -0.492700 0.813479 0.309029 0.868078 0.434681 0.239777 0.060725 0.386399 -0.920331
32.977482 -36.435986 -6245.216113 327.028788 0.803633 -0.423290 0.418329 0.594769 0.595572 -0.539949 0.020590 -0.682730 -0.730381
72.179932 -45.302848 14438.444416 1943.177853 -0.634157 0.472940 -0.611697 0.764827 0.499830 -0.406461 0.113512 -0.725602 -0.678688
78.747091 -38.041383 -17598.284454 1192.420495 0.791552 -0.421915 0.442079 0.601428 0.666056 -0.441196 0.108302 -0.615108 -0.780969
28.833759 -39.899937 5714.554477 174.715019 -0.677986 0.487513 -0.550150 0.734447 0.418348 -0.534390 -0.030368 -0.766365 -0.641687
29.295534 -32.536530 -7103.655603 504.617581 0.888994 -0.373649 0.264720 0.457467 0.699001 -0.549655 -0.020339 -0.609741 -0.792340
14.914105 -35.704076 -1948.127154 530.920523 0.821389 -0.412316 0.394101 0.568857 0.541924 -0.618644 -0.041504 -0.732334 -0.679680
12.837628 -33.399017 -3376.893888 295.085718 0.896762 -0.359327 0.258267 0.437574 0.633105 -0.638519 -0.065927 -0.685611 -0.724977
9.643134 -34.875064 -6306.301610 708.567247 -0.703619 0.665466 0.249149 0.707840 0.625664 0.327884 0.062312 0.407063 -0.911272
49.704715 -30.156958 12262.586591 1596.366859 0.856629 -0.494304 -0.147818 0.498733 0.719998 0.482564 0.132105 0.487100 -0.863297
22.981185 -37.256679 8807.729313 427.787248 0.802663 -0.565909 -0.188358 0.594517 0.733851 0.328652 0.047761 0.375779 -0.925478
-3.263202 -38.221771 -3979.964500 168.762652 -0.692319 0.666980 0.275376 0.719253 0.668551 0.188984 -0.058055 0.328902 -0.942578
6.568386 -40.401147 5100.955157 532.820370 0.798313 -0.561151 -0.218647 0.599765 0.773682 0.204202 -0.054575 0.294154 -0.954199
28.359051 -40.072796 9177.403908 909.268654 0.847052 -0.499515 -0.181626 0.531510 0.795586 0.290757 0.000738 0.342822 -0.939400
18.519788 -90.583185 3746.958050 2523.864658 0.930835 0.043548 -0.362835 -0.088247 0.990277 -0.107540 0.354624 0.132121 0.925627
10.851759 -87.409545 894.315086 3810.856312 0.921268 0.171591 -0.349031 -0.216315 0.971868 -0.093173 0.323224 0.161338 0.932468
23.088636 -89.504099 3934.541511 8.808706 0.917360 0.117258 -0.380397 -0.067774 0.987685 0.141013 0.392247 -0.103578 0.914010
35.213486 -94.348116 6426.686943 -3122.106875 0.922567 0.005281 -0.385802 0.066356 0.982837 0.172131 0.380089 -0.184402 0.906382
22.526685 -98.618427 3299.866462 -1671.469490 0.962564 -0.065348 -0.263060 0.029386 0.989942 -0.138389 0.269457 0.125478 0.954803
-8.913222 -72.052758 57.483739 346.305307 0.995112 -0.049921 0.085208 0.098574 0.554258 -0.826487 0.005969 -0.830847 -0.556469
-8.334548 -69.508956 102.996709 1650.528155 0.993278 -0.058495 0.099885 0.111083 0.724319 -0.680458 0.032545 -0.686979 -0.725948
-8.054180 -72.154931 205.903610 969.130411 0.994845 -0.021496 0.099100 0.091762 0.606765 -0.789567 0.043158 -0.794591 -0.605610
-8.839751 -73.218697 120.389614 -280.434806 0.996785 -0.024851 0.076165 0.079606 0.414433 -0.906592 0.009036 -0.909741 -0.415079
-10.418918 -73.525404 283.653676 -274.492802 0.995061 -0.066143 0.074023 0.093522 0.374597 -0.922459 -0.033285 -0.924825 -0.378933
-8.270305 -37.710927 600.797089 -841.736543 0.842394 0.463753 -0.274419 -0.481221 0.418264 -0.770378 0.242486 -0.781017 -0.575511
-10.099511 -42.386209 733.824488 -1437.177519 0.854106 0.456330 -0.249530 -0.480682 0.509377 -0.713779 0.198614 -0.729587 -0.654412
-7.747884 -40.460194 1388.627198 -836.373821 0.863126 0.464963 -0.197035 -0.433317 0.481558 -0.761799 0.259325 -0.742907 -0.617122
-10.050317 -39.348281 -100.486377 -1198.202566 0.834409 0.448140 -0.320830 -0.518262 0.439922 -0.733399 0.187525 -0.778229 -0.599329
-8.062485 -34.249174 -668.322804 -1222.480062 0.819686 0.449831 -0.354636 -0.514946 0.307504 -0.800170 0.250889 -0.838507 -0.483696
-4.406781 -46.786962 -1236.966758 3156.252127 0.913423 0.138531 -0.382711 0.394040 -0.536481 0.746271 0.101936 0.832465 0.544621
-0.387864 -51.328177 -871.624953 3145.680883 0.898362 0.167888 -0.405906 0.432093 -0.503962 0.747876 0.079002 0.847252 0.525283
-0.432081 -44.232558 -618.062306 977.643576 0.917162 0.132598 -0.375809 0.370979 -0.628534 0.683608 0.145564 0.766396 0.625658
-7.648225 -198.363816 -467.997276 -28759.053233 0.596379 -0.313660 -0.738884 0.380529 0.920963 -0.083815 0.706774 -0.231182 0.668599
-4.663784 -177.694582 -833.608430 -25749.983906 0.580955 -0.334732 -0.741920 0.602110 0.790085 0.115016 0.547681 -0.513537 0.660550
-5.920704 -220.869485 654.050269 -26749.224234 0.553423 -0.348953 -0.756277 0.399994 0.907793 -0.126160 0.730567 -0.232687 0.641973
-4.159113 -157.209673 -991.171111 -17101.670450 0.624578 -0.281088 -0.728623 0.528347 0.839144 0.129175 0.575111 -0.465646 0.672623
-8.631595 -199.723340 1221.238484 -5738.814974 0.554213 -0.330631 -0.763892 0.090093 0.936162 -0.339830 0.827485 0.119517 0.548620
-8.654656 -189.568743 -342.088072 -27299.978128 0.632194 -0.289531 -0.718681 0.347898 0.934871 -0.070594 0.692313 -0.205399 0.691747
-10.023200 -198.212192 21.815982 -15975.679638 0.615371 -0.306415 -0.726243 0.068466 0.938646 -0.338018 0.785259 0.158283 0.598594
1074.960873 -54.441681 -296721.644375 -2349.370990 0.985155 -0.170358 0.021175 0.166917 0.921749 -0.350025 -0.040111 -0.348363 -0.936501
78.784858 -21.455244 -23451.136643 1532.181783 0.967812 -0.241450 0.071011 0.250265 0.893442 -0.373001 -0.026617 -0.378766 -0.925110
206.766039 -26.773526 -53011.381962 -149.014142 0.962131 -0.221354 0.159079 0.264002 0.901999 -0.341614 0.067871 -0.370674 -0.926280
-989.110118 -5967.851583 65325.801886 -2363876.283417 -0.009049 0.999957 0.002063 -0.444189 -0.002171 -0.895930 0.895887 0.009023 -0.444190
-6.757691 -252.061358 8582.390802 -65774.839159 0.911118 0.295360 -0.287448 -0.382655 0.865301 -0.323773 -0.153100 -0.404989 -0.901412
206.082341 -4187.327339 -23108.381836 -1040145.017231 0.800283 0.296392 -0.521247 -0.537956 -0.029080 -0.842471 0.264860 -0.954623 -0.136174
23.177539 -52.623162 -3784.290312 264.935428 0.996091 0.023174 0.085234 -0.046563 0.957765 0.283758 0.075058 0.286618 -0.955100
11.679864 -51.074628 -4017.902499 -578.319749 0.999717 -0.022873 0.006531 0.021225 0.981705 0.189224 0.010740 0.189032 -0.981912
33.697198 -52.967179 -6659.455994 -1251.151153 0.997881 -0.011825 0.063986 0.004278 0.993144 0.116823 0.064929 0.116302 -0.991089
-17.378619 -35.674201 -241.186198 647.288984 0.721372 -0.388985 0.572986 0.328235 -0.536498 -0.777452 -0.609823 -0.748906 0.259336
-14.274653 -36.236703 -103.196342 539.728676 0.684810 -0.395521 0.612045 -0.255119 0.656612 0.709771 -0.682605 -0.642203 0.348749
-15.481707 -38.839176 -416.106537 506.209019 0.687028 -0.466709 0.556933 0.283694 -0.533347 -0.796906 -0.668962 -0.705496 0.234022
-15.058881 -35.049228 -24.775454 899.787884 0.641444 -0.221556 0.734481 0.418253 -0.701598 -0.576910 -0.643128 -0.677254 0.357369
-2.748809 -4.394695 876.922894 -219.401522 -0.596847 0.705954 -0.381316 -0.068183 0.428901 0.900774 -0.799453 -0.563624 0.207854
-3.519628 -5.547811 653.008547 605.986491 -0.546099 0.822310 0.159948 0.255003 -0.018696 0.966759 -0.797966 -0.568733 0.199481
-3.674961 -5.793057 199.434723 958.883227 0.074443 0.236035 0.968889 -0.610379 0.779112 -0.142905 -0.788604 -0.580751 0.202071
-3.026557 -5.142145 -16.096385 683.152913 0.346746 -0.141407 0.927238 -0.499402 0.808963 0.310124 -0.793955 -0.570599 0.209886
-2.260614 -8.016574 -77.101280 874.418492 0.181627 0.108274 0.977389 -0.601210 0.798753 0.023238 -0.778176 -0.591836 0.210171
-2.580031 -8.841544 238.136727 797.388156 0.086245 0.222690 0.971067 -0.630843 0.766610 -0.119775 -0.771103 -0.602260 0.206599
-5.686959 -8.492169 1069.099884 831.901455 -0.005357 0.329789 0.944039 -0.630902 0.731334 -0.259063 -0.775844 -0.596984 0.204147
-1.818687 -40.085182 -709.508806 995.808891 0.806921 0.438866 -0.395316 -0.316003 -0.244682 -0.916664 0.499019 -0.864597 0.058757
-1.519530 -42.589746 -956.582571 1222.963951 0.807625 0.425833 -0.407932 -0.282597 -0.327671 -0.901538 0.517572 -0.843385 0.144296
0.412412 -37.451103 -1171.480583 1258.784564 0.827110 0.430686 -0.361108 -0.304251 -0.197116 -0.931975 0.472569 -0.880713 0.032000
-1.116320 -37.117722 -672.707364 1260.300193 0.824209 0.447454 -0.347080 -0.336843 -0.105302 -0.935654 0.455211 -0.888086 -0.063931
-3.989525 -31.436888 1922.885090 -1019.538734 -0.202382 0.826870 0.524716 0.979196 0.178906 0.095746 -0.014706 0.533177 -0.845876
-5.789253 -33.194167 -211.192369 189.123191 -0.248098 0.849339 0.465908 0.965417 0.177003 0.191417 0.080111 0.497286 -0.863880
-8.127378 -33.966171 1951.499284 -395.651780 -0.254204 0.829785 0.496827 0.965201 0.250257 0.075879 -0.061371 0.498826 -0.864526
1.629732 -29.522546 3973.938748 386.759722 -0.383938 0.757851 0.527498 0.915837 0.385322 0.113001 -0.117618 0.526488 -0.842008
12.924317 -180.910431 1765.713237 19895.606337 0.996484 -0.020797 0.081160 -0.065662 0.407825 0.910696 0.052039 0.912823 -0.405026
9.378194 -139.177494 104.503780 10419.831414 0.997677 -0.031220 0.060538 -0.041862 0.420073 0.906524 0.053733 0.906953 -0.417791
10.000846 -130.156343 230.255309 8640.548208 0.998487 -0.052795 0.015358 -0.008706 0.123975 0.992247 0.054290 0.990880 -0.123328
-188.079538 -740.213596 24161.682254 162715.872283 -0.071604 0.751460 -0.655882 -0.030304 -0.658905 -0.751615 0.996973 0.033943 -0.069953
-98.626899 -289.944666 12423.628133 -39954.444908 -0.177065 0.609491 -0.772767 -0.327589 0.703905 0.630240 0.928080 0.364743 0.075026
-156.543125 -269.319628 21018.675084 -12883.070831 0.130412 0.580164 -0.803991 -0.438196 0.761144 0.478167 0.889369 0.289947 0.353488
24.179825 -36.680502 1490.462446 -603.842226 -0.198967 -0.030489 -0.979532 0.966254 -0.172962 -0.190887 -0.163602 -0.984456 0.063874
28.348461 -37.818317 -5835.543832 -281.011867 -0.160062 -0.253541 -0.953990 0.985968 -0.087471 -0.142181 -0.047398 -0.963362 0.263984
30.004170 -40.412815 518.520708 -1176.037384 -0.192203 -0.074728 -0.978506 0.981206 -0.032006 -0.190289 -0.017098 -0.996690 0.079475
25.041892 -39.454686 6008.168882 -968.485727 -0.246699 0.139821 -0.958952 0.963534 -0.070442 -0.258149 -0.103646 -0.987668 -0.117344
31.830793 -40.230597 5552.711239 -63.000210 -0.274334 0.114358 -0.954811 0.959869 0.092699 -0.264685 0.058241 -0.989105 -0.135199
-23.981605 -51.839494 -13723.849272 -4504.191995 -0.271123 0.587209 -0.762678 0.561611 -0.546997 -0.620795 0.781720 0.596640 0.181480
-21.554135 -79.652631 -13723.978618 9446.490768 -0.236907 0.529606 -0.814489 -0.445066 0.686050 0.575545 0.863592 0.498852 0.073179
-51.709873 -56.890969 -4730.556719 -2361.936212 0.119742 -0.032579 -0.992270 -0.622992 0.775726 -0.100648 0.773009 0.630228 0.072591
-56.995734 -85.362264 -14570.724972 7588.191100 -0.141135 0.282336 -0.948877 -0.481437 0.817928 0.314981 0.865043 0.501279 0.020489
4.821106 -11.929938 -450.772890 -2727.351874 0.901134 -0.288028 -0.324034 0.421183 0.404426 0.811816 0.102778 0.868032 -0.485755
4.354392 -4.492353 -580.484510 -99.870454 0.994441 -0.075269 0.073629 -0.024586 0.513959 0.857462 0.102383 0.854506 -0.509252
2.926146 -3.704331 -99.483473 -3318.749092 0.815785 -0.375776 -0.439645 0.566797 0.368238 0.736982 0.115046 0.850408 -0.513391
4.436300 -7.268382 -563.899918 -856.393583 0.995109 -0.095817 0.024012 0.030055 0.525261 0.850410 0.094096 0.845529 -0.525572
10.600645 -16.526644 -961.308323 -3210.921676 0.741858 -0.420458 -0.522362 0.651263 0.266257 0.710608 0.159699 0.867365 -0.471353
11.851117 -24.221029 -1479.909670 -2398.097811 0.829630 -0.346291 -0.437946 0.533167 0.258637 0.805506 0.165671 0.901770 -0.399204
-8.756149 -33.496987 730.487260 819.325567 0.820584 -0.569262 0.050818 -0.570378 -0.810060 0.135914 0.036205 0.140514 0.989416
-13.104514 -34.277234 1304.743601 598.735454 0.820524 -0.566972 0.072685 -0.571409 -0.810188 0.130718 0.015225 0.148790 0.988752
-11.123721 -32.386452 940.825653 246.594188 0.795050 -0.603565 0.060030 -0.605576 -0.795473 0.022375 -0.034247 0.054142 0.997946
-7.805695 -30.529892 700.351238 -220.773488 0.798462 -0.600896 0.037184 0.598260 0.798842 0.062750 -0.067410 -0.027858 0.997336
-7.543392 -31.764786 405.356634 325.420567 0.814910 -0.577931 0.043790 -0.579553 -0.813351 0.050771 -0.006274 0.066753 0.997750
-11.463781 -31.213596 934.977054 154.913976 0.761079 -0.646492 0.052971 0.641654 0.762315 0.084594 -0.095070 -0.030394 0.995006
-15.049743 -32.948864 1084.098300 -16.827698 0.726295 -0.680613 0.096236 0.675519 0.732629 0.083236 -0.127156 0.004555 0.991872
-2.098907 -46.027656 206.642467 -211.719544 0.712406 -0.548155 -0.438184 -0.653729 -0.745418 -0.130348 0.255179 -0.379314 0.889384
-1.496011 -43.606386 -10.965292 -280.684057 0.691908 -0.565894 -0.448360 -0.662154 -0.744906 -0.081657 0.287777 -0.353383 0.890115
-2.410846 -40.368790 -29.999362 2271.486331 0.706615 -0.552396 -0.442214 0.597312 0.800703 -0.045759 0.379359 -0.231806 0.895741
0.217742 -57.318930 -538.914797 -2980.554675 -0.498276 0.815497 0.294424 0.462911 0.537357 -0.704955 0.733099 0.214969 0.645254
-0.039214 -58.229417 -295.426429 -1665.187264 -0.501280 0.815595 0.289005 0.403141 0.515672 -0.756016 0.765634 0.262465 0.587295
0.284709 -53.843513 -497.772317 -4326.507660 -0.504114 0.809227 0.301696 0.541613 0.568327 -0.619403 0.672699 0.148847 0.724790
0.699588 -62.628852 -445.325051 269.737045 -0.497248 0.817528 0.290502 0.261835 0.460622 -0.848098 0.827156 0.345652 0.443101
0.651398 -49.584744 -564.221342 -3624.257164 -0.517751 0.798385 0.307434 0.579304 0.591598 -0.560731 0.629557 0.112222 0.768807
0.832701 -53.000240 281.994737 -3588.945186 -0.523271 0.803507 0.283837 0.561780 0.575714 -0.594101 0.640774 0.151422 0.752649
0.617991 -55.975384 -31.283101 -3014.240790 -0.508976 0.810510 0.289856 0.481153 0.547105 -0.684958 0.713747 0.209162 0.668443
1.368014 -60.870656 -114.780502 -391.012610 -0.517428 0.802633 0.296729 0.298492 0.494267 -0.816458 0.801979 0.333887 0.495327
14.404627 -99.179692 -305.057733 3156.704773 -0.617845 0.786018 0.021050 -0.727383 -0.581513 0.364356 -0.298632 -0.209804 -0.931022
11.988246 -98.918059 -291.447026 -3112.949650 -0.607027 0.793723 0.039019 -0.790702 -0.608166 0.070171 -0.079426 -0.011743 -0.996772
14.353222 -97.437466 759.429409 4004.585271 -0.571132 0.817763 0.071225 -0.735731 -0.548450 0.397369 -0.364017 -0.174547 -0.914891
16.851237 -95.043577 50.069549 6818.748579 -0.591796 0.805736 0.023801 -0.639074 -0.486973 0.595350 -0.491285 -0.337116 -0.803114
13.482385 -101.400821 -1270.119979 6211.505933 -0.646550 0.762846 -0.006303 -0.638629 -0.536713 0.551445 -0.417285 -0.360562 -0.834187
-1.473057 -151.748316 -398.687601 241.399777 0.679489 -0.656791 -0.326988 0.328529 0.670872 -0.664830 0.656021 0.344320 0.671625
-2.008734 -146.196103 -52.715157 -11302.503785 0.683888 -0.637069 -0.355584 0.531447 0.768904 -0.355457 0.499861 0.054119 0.864413
-1.038605 -158.174436 -43.106824 -8428.948792 0.688777 -0.636071 -0.347850 0.488279 0.761677 -0.425948 0.535882 0.123535 0.835206
-0.769443 -158.568558 392.474705 -17298.018737 0.691959 -0.618650 -0.372110 0.601268 0.779137 -0.177260 0.399586 -0.101081 0.911106
0.299039 -170.875254 1390.591523 -5454.790522 0.665170 -0.638843 -0.386560 0.409123 0.744887 -0.527032 0.624633 0.192415 0.756842
0.054519 -169.002022 -404.952825 6731.432934 -0.672838 0.656433 0.341152 0.259913 0.641504 -0.721746 0.692628 0.396949 0.602244
3.538616 -23.184568 1496.076720 165.369397 0.864837 -0.484504 0.131579 -0.174323 -0.535569 -0.826304 -0.470817 -0.691681 0.547640
5.530801 -27.181623 570.739124 267.959732 0.833766 -0.544546 0.091128 -0.257208 -0.529135 -0.808616 -0.488548 -0.650758 0.581236
3.189545 -26.025833 1608.951787 1417.813259 0.846772 -0.529340 0.052694 -0.285251 -0.535443 -0.794942 -0.449009 -0.658103 0.604393
-0.272834 -21.095106 1337.585869 1162.077554 0.857651 -0.506628 0.088110 -0.225251 -0.524155 -0.821294 -0.462274 -0.684536 0.563660
0.034476 -18.553789 1261.409513 408.354492 0.874265 -0.448109 0.186707 -0.100056 -0.542683 -0.833957 -0.475026 -0.710418 0.519285
-8.002627 -30.916565 405.548967 455.272525 0.773005 -0.542669 -0.328594 0.368285 0.805607 -0.464073 0.516556 0.237714 0.822595
-6.479423 -29.669346 403.193579 707.739812 0.777757 -0.503072 -0.376846 0.291579 0.819880 -0.492725 0.556844 0.273341 0.784353
-7.197296 -29.688607 883.350810 938.195212 0.776030 -0.522841 -0.352723 0.286706 0.790581 -0.541092 0.561762 0.318776 0.763417
52.171778 -36.172516 2613.481840 6375.729862 -0.693668 0.692559 0.197958 0.310211 0.535274 -0.785653 0.650073 0.483574 0.586142
31.232666 -34.831282 2819.248358 4271.308273 -0.737132 0.669849 0.089105 0.426758 0.563696 -0.707195 0.523941 0.483270 0.701382
42.262327 -21.979340 -7650.465802 -2428.732272 0.870472 -0.464718 -0.162219 -0.212042 -0.651459 0.728450 0.444203 0.599699 0.665617
65.607296 -22.139152 -9571.022363 -2172.846844 0.840586 -0.487083 -0.236992 -0.148134 -0.627544 0.764359 0.521030 0.607403 0.599658
-6.970517 -27.745963 356.764946 960.953120 0.789951 -0.528762 -0.310465 0.247832 0.738458 -0.627104 0.560854 0.418438 0.714390
-7.216713 -28.600583 919.889336 1031.985419 0.782339 -0.517526 -0.346572 0.250986 0.771194 -0.585035 0.570045 0.370711 0.733227
-5.997748 -27.457708 527.150503 439.576903 0.784718 -0.495168 -0.372862 0.211414 0.779272 -0.589949 0.582685 0.384115 0.716194
-6.411343 -26.173245 598.253080 12.425845 0.790645 -0.505364 -0.345669 0.179113 0.730775 -0.658701 0.585490 0.458885 0.668301
-5.571205 -26.388071 637.364272 43.373190 0.779543 -0.516778 -0.353911 0.175275 0.722447 -0.668842 0.601325 0.459359 0.653757
2.413938 -174.708564 521.365640 -4861.556832 0.441292 0.816666 0.371912 -0.848510 0.514627 -0.123246 0.292047 0.261184 -0.920050
1.234898 -199.719495 752.960164 24570.648019 0.521612 0.776514 0.353477 0.853118 -0.469626 -0.227244 -0.010456 0.420091 -0.907422
3.671951 -172.653647 -244.811038 15510.291887 0.493589 0.800084 0.340932 0.864783 -0.493121 -0.094768 0.092298 0.341609 -0.935299
3.535994 -150.036207 447.311024 9922.231799 0.444128 0.825203 0.348984 0.863134 -0.498536 0.080382 0.240313 0.265520 -0.933675
2.192616 -158.645023 -0.287086 -3966.494056 0.413374 0.837484 0.357411 -0.824170 0.511005 -0.244166 0.387124 0.193635 -0.901466
5.072457 -95.651197 129.807656 473.831894 0.507906 0.855178 0.103451 0.809516 -0.514907 0.282055 -0.294475 0.059513 0.953804
7.913246 -100.113661 1242.056396 4437.648362 0.513331 0.852380 0.099696 0.785476 -0.513453 0.345534 -0.345716 0.099064 0.933095
6.675321 -104.985415 430.775170 7039.774829 0.529993 0.839611 0.119002 0.724132 -0.521125 0.451731 -0.441293 0.153241 0.884182
6.211095 -93.732837 844.517530 -2851.723395 0.484835 0.870059 0.089067 0.857114 -0.492933 0.149575 -0.174043 -0.003821 0.984731
3.702727 -107.568074 332.553774 4655.750134 0.548082 0.829263 0.109220 0.719107 -0.533864 0.444831 -0.427191 0.165263 0.888930
2.778990 -97.361717 18.290202 -4795.098930 0.491664 0.865091 0.099422 0.865800 -0.497852 0.050335 -0.093042 -0.061331 0.993771
2.392917 -101.268780 496.626095 -538.227407 0.525832 0.845836 0.089790 0.823942 -0.532728 0.193183 -0.211235 0.027600 0.977046
-11.515810 -27.058500 539.611305 1366.545495 0.781510 -0.616863 0.093393 -0.360749 -0.568928 -0.739041 -0.509021 -0.543876 0.667156
-12.267787 -28.484607 -342.523992 -992.722431 -0.761966 0.635331 -0.125548 0.372746 0.588773 0.717222 -0.529592 -0.499701 0.685442
-13.043301 -26.053526 424.013253 770.105284 0.709199 -0.705008 -0.000260 -0.436401 -0.438705 -0.785552 -0.553707 -0.557226 0.618796
-11.724074 -30.854916 164.124877 -1015.658120 0.781599 -0.608147 0.138778 0.387505 0.647719 0.655973 -0.488817 -0.458931 0.741917
-19.152842 -166.247175 1828.875904 -63719.246558 0.237174 0.899515 -0.366907 0.003183 -0.378401 -0.925636 0.971462 -0.218369 0.092610
-2.627413 -46.294605 -20407.867892 -8650.320617 0.026738 -0.135462 -0.990422 0.255036 0.958913 -0.124267 0.966562 -0.249270 0.060187
-32.865132 -80.691345 -8188.396279 -28672.146233 0.308835 0.717765 -0.624047 -0.121514 -0.620968 -0.774360 0.943322 -0.314980 0.104558
70.974620 -298.929936 -16255.273996 -97951.644559 -0.234395 -0.497395 -0.835259 0.228721 0.806860 -0.544669 0.944852 -0.318708 -0.075359
-133.915910 -1232.743170 -5152.159291 -308884.149388 0.366380 0.929498 -0.042405 -0.010076 -0.041608 -0.999083 0.930411 -0.366471 0.005879
-4.150546 -34.276685 -8655.050918 2790.939156 -0.070284 -0.053866 -0.996072 0.302043 0.950517 -0.072715 0.950700 -0.305967 -0.050537
-24.586494 -119.710835 -1461.943378 -41035.039613 0.391489 0.830220 -0.396826 -0.105561 -0.387880 -0.915645 0.914108 -0.400354 0.064212
-23825.852708 -42962.445674 33937568.579730 98375255.937483 -0.142084 0.660303 -0.737436 0.537272 -0.574258 -0.617710 0.831355 0.483971 0.273169
-257.905953 -450.063147 1689999.887353 -10775991.989016 0.487534 0.281944 0.826328 0.872389 -0.195599 -0.447971 0.035326 0.939281 -0.341326
-5151.163759 -14208.488354 -1523384.095974 -15520412.403628 0.913202 0.297689 0.278285 -0.270815 0.953618 -0.131423 -0.304501 0.044652 0.951465
-429.694176 -2472.293945 -96722.724799 -5903042.620144 0.435576 0.697522 0.568978 0.333408 0.462118 -0.821758 0.836129 -0.547640 0.031272
-10.300107 -53.638287 8.898930 -3787.547398 0.544499 0.564682 0.620206 -0.009836 0.743678 -0.668465 -0.838704 0.357878 0.410487
-14.454261 -43.644651 -690.331012 -2548.938797 0.511434 0.444614 0.735360 -0.038181 0.866655 -0.497444 -0.858474 0.226333 0.460213
-16.762782 -43.675844 -25.744604 -2047.348396 0.537097 0.599616 0.593286 -0.159052 0.762718 -0.626868 -0.828390 0.242326 0.505024
-15.236279 -46.573457 544.917096 -1890.489001 0.564238 0.659216 0.497062 -0.203144 0.694395 -0.690325 -0.800230 0.288532 0.525720
-10.438902 -56.525331 41.478341 3732.265198 0.566963 0.656725 0.497258 0.091140 -0.649961 0.754483 -0.818686 0.382444 0.428358
-2.144280 -66.585793 -358.799319 4770.692452 0.570206 0.625197 0.532911 -0.093660 -0.594998 0.798251 -0.816145 0.505080 0.280715
-1.806995 -68.922357 -162.290016 -5840.272677 0.549376 0.524513 0.650440 0.156295 0.700189 -0.696640 -0.820827 0.484378 0.302689
-2.743639 -48.505279 -176.894054 1030.218146 -0.595127 0.784822 0.172855 -0.326203 -0.039338 -0.944481 0.734449 0.618472 -0.279422
-3.382278 -47.179239 -7.112393 915.197108 -0.616259 0.770800 0.161530 -0.301294 -0.041251 -0.952638 0.727630 0.635740 -0.257659
-3.492365 -48.692987 -121.336664 1235.273579 -0.597395 0.777445 0.196721 -0.243419 0.057941 -0.968189 0.764112 0.626277 -0.154631
1.619206 -120.147318 1190.189874 -5382.173722 0.786351 -0.617556 -0.016645 0.560722 0.724774 -0.400367 -0.259313 -0.305496 -0.916204
1.769808 -109.619884 1120.920414 -6864.265203 0.807552 -0.588758 -0.034992 0.429375 0.627539 -0.649486 -0.404349 -0.509469 -0.759568
-0.883476 -107.864457 1228.536781 -5210.928807 0.799751 -0.599893 -0.022938 0.513203 0.703005 -0.492348 -0.311481 -0.381984 -0.870096
-7.147275 -38.336682 -872.804390 -504.277475 0.772870 -0.587675 -0.239396 0.129228 -0.223591 0.966078 0.621267 0.777589 0.096863
-7.049932 -40.963350 -866.212556 28.801507 0.768736 -0.583848 -0.261088 0.059621 -0.341031 0.938160 0.636782 0.736763 0.227353
-8.306201 -41.638361 -440.015124 472.676469 0.744572 -0.619593 -0.248430 0.072813 -0.294554 0.952857 0.663559 0.727559 0.174202
-39.916321 -59.957370 350.588504 -3098.345868 -0.929686 -0.040893 0.366077 -0.130715 0.965765 -0.224081 -0.344381 -0.256177 -0.903203
-44.692159 -63.071002 209.623928 -1786.545483 -0.954075 0.238133 0.181751 0.190464 0.950492 -0.245536 -0.231223 -0.199643 -0.952197
-34.678235 -52.094796 -159.899672 -3945.176755 0.852522 0.220855 -0.473740 -0.385441 0.877814 -0.284391 -0.353046 -0.425048 -0.833482
-42.748585 -65.872882 1317.428724 2947.572651 0.992911 -0.108727 0.048016 -0.023079 -0.572659 -0.819469 -0.116596 -0.812552 0.571109
-47.885473 -64.480798 813.181032 3819.346817 0.956781 -0.236098 0.169786 0.025758 -0.512742 -0.858156 -0.289666 -0.825441 0.484500
-47.726021 -58.386687 -651.231691 1325.557798 0.864478 -0.206705 0.458204 0.267405 -0.582752 -0.767395 -0.425644 -0.785922 0.448502
-45.003243 -55.465229 -772.974795 1352.563038 0.792629 -0.084731 0.603788 0.494207 -0.490674 -0.717634 -0.357069 -0.867214 0.347048
-45.083130 -59.864190 963.250796 4088.199210 0.968834 -0.130974 0.210254 0.138154 -0.418817 -0.897500 -0.205607 -0.898576 0.387669
76.682220 -39.995021 12016.554695 2359.264603 -0.233432 0.714898 0.659113 0.936107 0.348617 -0.046590 -0.263085 0.606125 -0.750599
37.035544 -21.895994 4072.873937 770.393988 -0.264164 0.593559 0.760201 0.944628 0.318315 0.079713 -0.194669 0.739164 -0.644779
41.742058 -29.299898 5024.842540 1778.662060 -0.215031 0.607472 0.764682 0.941197 0.337839 -0.003715 -0.260596 0.718918 -0.644397
581.273250 -83.060368 162860.657367 6101.120441 -0.484599 0.508024 -0.712093 0.823890 0.538586 -0.176439 0.293887 -0.672188 -0.679554
58.983421 -49.850321 11584.660962 -2267.292021 -0.487986 0.496076 -0.718177 0.872843 0.280915 -0.399038 0.003793 -0.821581 -0.570079
148.845397 -84.626473 34217.834375 -4697.555894 -0.348316 0.424582 -0.835707 0.910014 0.367001 -0.192832 0.224832 -0.827672 -0.514208
77.548937 -26.864416 21362.690706 2298.234146 0.840389 -0.530093 -0.112905 0.486989 0.647117 0.586584 0.237882 0.547942 -0.801980
70.673567 -27.611833 8037.362669 1990.932768 0.925048 -0.297391 -0.236316 0.379351 0.691402 0.614862 0.019465 0.658424 -0.752396
18.512908 -31.139163 -9807.393308 1193.276887 -0.687668 0.690482 0.224381 0.700037 0.548646 0.457095 0.192510 0.471405 -0.860649
-2.060872 -55.125920 201.410904 -366.231703 0.940323 0.237410 -0.243781 0.030614 0.654478 0.755461 -0.338903 0.717840 -0.608153
-1.836471 -55.714552 -5.614140 1175.832424 0.937864 0.227433 -0.262078 0.132622 0.462993 0.876384 -0.320659 0.856687 -0.404061
-1.546528 -55.857720 -864.679667 -265.855567 0.934799 0.244303 -0.257810 0.057685 0.611798 0.788908 -0.350460 0.752343 -0.557815
-3.469283 -54.284011 996.010011 931.282125 0.943579 0.215743 -0.251223 0.108719 0.514767 0.850409 -0.312791 0.829741 -0.462268
-1.408227 -54.809345 -163.142427 -1447.875930 0.939796 0.246221 -0.236980 -0.029435 0.749202 0.661687 -0.340467 0.614875 -0.711344
-3.780636 -53.702595 967.712237 -732.569964 0.944327 0.238076 -0.227082 0.007173 0.675141 0.737654 -0.328930 0.698215 -0.635846
-2.445204 -51.620961 429.434313 -1196.898209 0.940645 0.261671 -0.216136 -0.081435 0.792248 0.604740 -0.329476 0.551245 -0.766534
5.373714 -84.783374 -383.193442 4618.854253 0.899012 0.235874 -0.368973 -0.291933 0.950826 -0.103463 0.326425 0.200730 0.923663
3.259944 -73.724898 -709.392596 -5069.965213 0.918176 0.185538 -0.350041 0.301082 -0.901063 0.312148 0.257494 0.391997 0.883196
13.504545 -91.235108 621.823899 1961.555710 0.909859 0.213542 -0.355747 -0.173490 0.974643 0.141325 0.376905 -0.066868 0.923835
3.922747 -67.731125 -440.844576 -4635.180828 0.904310 0.201165 -0.376504 0.331964 -0.885904 0.323996 0.268370 0.417979 0.867912
7.025647 -88.405845 -168.236026 3052.034198 0.876505 0.287143 -0.386379 -0.260348 0.957871 0.121253 0.404918 -0.005686 0.914335
4.977661 -76.814892 192.254232 4301.028192 0.880692 0.253989 -0.399839 -0.326979 0.936703 -0.125187 0.342734 0.240990 0.907996
-7.695076 -69.624989 26.826562 1613.120268 0.993470 -0.033809 0.108972 0.097773 0.744548 -0.660370 0.058808 -0.666713 -0.742991
-7.859752 -65.221890 82.809929 1427.245533 0.991328 -0.082287 0.102460 0.124256 0.840725 -0.527012 0.042775 -0.535173 -0.843659
-7.154325 -67.504627 248.117689 1082.631662 0.990936 -0.056971 0.121656 0.111334 0.855057 -0.506441 0.075170 -0.515395 -0.853649
-8.927082 -68.824085 48.937120 1484.969874 0.991904 -0.097030 0.081922 0.126984 0.763262 -0.633488 0.001061 -0.638762 -0.769404
-11.791872 -43.334856 108.867165 -1609.594566 0.847698 0.438560 -0.298451 -0.513753 0.538557 -0.667843 0.132156 -0.719459 -0.681845
-1.843539 -38.723780 -324.623926 656.691209 0.837953 0.465329 -0.285139 -0.383187 0.129639 -0.914528 0.388591 -0.875593 -0.286939
-0.296827 -37.673742 -257.438540 -263.214145 0.862025 0.453646 -0.226091 -0.369396 0.256835 -0.893075 0.347072 -0.853370 -0.388973
-0.868473 -39.131598 -466.462024 -154.282207 0.847941 0.461617 -0.260585 -0.404216 0.245044 -0.881228 0.342935 -0.852563 -0.394376
-3.178674 -202.110412 -119.132126 -32556.317989 0.556549 -0.342094 -0.757116 0.666083 0.728402 0.160512 0.496575 -0.593635 0.633254
0.146488 -129.696451 -1686.085671 -7880.561768 0.589079 -0.310897 -0.745875 0.702405 0.653351 0.282416 0.399516 -0.690272 0.603251
2.066860 -126.479200 -544.644904 -2888.099014 0.606710 -0.268463 -0.748219 0.663631 0.689211 0.290829 0.437604 -0.672990 0.596311
15.670961 -17.011887 -9582.386371 767.602516 0.989546 -0.141740 -0.026624 0.120881 0.915848 -0.382896 -0.078655 -0.375675 -0.923408
20.179977 -21.039723 -10337.079228 1767.010911 0.975108 -0.220566 0.022696 0.210226 0.887114 -0.410894 -0.070496 -0.405437 -0.911401
15.025957 -46.866098 -5171.616813 -2155.463702 0.997688 -0.067101 -0.010821 0.067350 0.997427 0.024548 -0.009146 0.025220 -0.999640
-0.288222 -47.026260 -4082.634668 -1760.709601 0.999544 -0.021013 -0.021675 0.022233 0.998091 0.057626 -0.020423 0.058082 -0.998103
-2.412525 -50.172559 -3833.880285 -478.366963 0.999808 0.004326 -0.019096 -0.000348 0.979064 0.203553 -0.019577 0.203507 -0.978878
-13.263712 -38.223199 -441.524599 1244.236596 0.659131 -0.499069 0.562562 -0.192436 0.611223 0.767707 -0.726990 -0.614277 0.306838
-10.887871 -33.126799 -330.039410 2337.720423 0.663687 -0.485873 0.568723 -0.108207 0.689955 0.715719 -0.740142 -0.536553 0.405339
-10.289980 -32.249959 247.771230 1754.811363 0.661358 -0.318667 0.679012 -0.226658 0.778037 0.585905 -0.715005 -0.541396 0.442333
-2.337734 -4.818479 466.462899 259.728142 -0.592814 0.797181 -0.114339 0.100034 0.213765 0.971750 -0.799102 -0.564629 0.206468
-2.664354 -7.030735 214.039293 993.899881 -0.560973 0.822480 0.094000 0.215132 0.035190 0.975951 -0.799392 -0.567705 0.196683
-7.184144 -10.728600 -3755.304345 -5739.309871 -0.695398 0.461405 -0.550932 0.155052 0.844927 0.511916 0.701698 0.270562 -0.659102
-14.349166 -29.837652 -369.090018 -5018.742191 -0.633921 -0.213344 -0.743390 -0.415158 0.904844 0.094344 0.652525 0.368431 -0.662171
-10.768654 -28.943883 -2090.561967 -5301.034790 -0.710341 0.184505 -0.679245 -0.115852 0.921221 0.371390 0.694258 0.342506 -0.633005
0.007756 -15.536512 -4012.536027 -5031.612317 -0.662517 0.613785 -0.429347 0.273912 0.732013 0.623802 0.697168 0.295676 -0.653094
-6.465081 -30.339406 -2733.145945 -4116.721947 -0.705080 0.431539 -0.562705 0.055689 0.824762 0.562732 0.706938 0.365435 -0.605554
10.375929 -160.129520 1226.555158 12030.516856 0.993131 -0.009148 0.116645 -0.086731 0.611596 0.786402 0.078534 0.791117 -0.606602
7.322863 -153.162835 226.497378 8015.731636 0.992895 -0.015169 0.118023 -0.073810 0.699461 0.710849 0.093335 0.714510 -0.693371
-64.148855 -210.488364 -10439.250607 -21401.026635 0.251736 -0.488340 0.835556 0.742899 -0.455826 -0.490228 0.620266 0.744142 0.248039
-46.593734 -219.913176 7932.956961 -30140.088645 -0.323589 0.505238 -0.800015 -0.366785 0.712417 0.598273 0.872215 0.487029 -0.045216
-33.984222 -189.720774 -7070.632749 -23212.338777 0.349170 -0.407865 0.843639 0.764427 -0.396731 -0.508189 0.541970 0.822345 0.173256
-28.856786 -37.389842 -1520.023326 6973.743712 0.869374 -0.422007 -0.257098 0.064050 -0.419657 0.905420 0.489986 0.803616 0.337809
-15.597725 -31.279588 10312.980426 -2055.100342 0.426574 -0.683940 0.591828 0.702773 -0.161259 -0.692897 0.569338 0.711492 0.411865
-31.310930 -37.465383 4251.485509 4345.822014 0.733620 -0.664395 0.142762 -0.314727 -0.145991 0.937888 0.602286 0.732984 0.316205
-4.482098 -37.792557 11004.397224 -1336.255540 0.373613 -0.682851 0.627796 0.659426 -0.280463 -0.697494 0.652358 0.674578 0.345505
-29.466999 -40.017380 -12790.888627 -1199.201632 -0.418279 0.678551 -0.603831 0.583924 -0.308331 -0.750975 0.695755 0.666709 0.267254
4.945548 -2.360987 -1243.301171 1118.324710 0.889810 0.112673 0.442203 -0.436476 0.492878 0.752702 0.133143 0.862772 -0.487747
7.198718 -3.957963 -459.473558 442.711905 0.931827 0.054409 0.358800 -0.333574 0.517791 0.787795 0.142920 0.853775 -0.500642
-11.009528 -35.292941 640.349957 648.071598 0.837447 -0.542779 0.063826 -0.540694 -0.805845 0.241378 0.079581 0.236651 0.968330
-14.564703 -36.172436 1555.116879 438.647759 0.836797 -0.541052 0.083870 -0.543601 -0.802731 0.245197 0.065340 0.250771 0.965839
-18.269601 -36.143453 1479.628130 329.768540 0.796845 -0.586513 0.145055 -0.603518 -0.783954 0.145540 -0.028355 0.203516 0.978661
-0.710290 -48.824982 -34.969163 -22.344027 0.703559 -0.557783 -0.440322 -0.682101 -0.703874 -0.198241 0.199355 -0.439818 0.875681
-0.128935 -47.988873 -80.902136 520.237532 0.684880 -0.574090 -0.448732 0.697832 0.693997 0.177197 0.209692 -0.434498 0.875923
-0.773255 -55.796352 462.750431 -2636.585162 -0.529547 0.802725 0.274249 0.452685 0.540833 -0.708926 0.717395 0.251261 0.649778
-0.845170 -61.706861 99.011379 339.702368 -0.520008 0.806280 0.281966 0.280919 0.473179 -0.834976 0.806645 0.354985 0.472557
3.836200 -81.747356 -1585.556565 -8528.475673 -0.637759 0.770007 -0.018780 -0.739959 -0.619277 -0.262597 0.213832 0.153577 -0.964723
9.186909 -95.543643 -866.655489 -7738.531120 -0.631006 0.775758 0.005660 -0.771638 -0.626869 -0.107751 0.080041 0.072359 -0.994162
5.107374 -97.786640 -1935.411068 5632.645058 -0.665553 0.745696 -0.031237 0.746217 0.665642 -0.008984 0.014094 -0.029289 -0.999472
-1.012125 -84.744607 -1884.876656 -6574.882706 -0.657651 0.752799 -0.028077 -0.742116 -0.653822 -0.147584 0.129458 0.076223 -0.988651
-0.153267 -96.665926 -3109.245022 4186.646453 -0.685356 0.726264 -0.053180 0.727494 0.679621 -0.094167 -0.032248 -0.103226 -0.994135
6.529683 -30.257536 -479.841974 -493.540474 0.807035 -0.579706 0.112407 -0.248761 -0.506406 -0.825634 -0.535549 -0.638353 0.552896
8.843312 -31.623714 -277.363517 -754.235288 0.817384 -0.546275 0.182939 -0.123110 -0.475848 -0.870869 -0.562785 -0.689313 0.456202
6.772249 -34.406216 -537.742483 -926.826441 0.783235 -0.613795 0.098990 -0.260554 -0.468614 -0.844105 -0.564496 -0.635340 0.526961
5.429406 -31.427794 -795.888364 966.563211 0.796386 -0.601466 0.063302 -0.343067 -0.535469 -0.771737 -0.498070 -0.592884 0.632783
5.166170 -32.553315 -805.344346 183.387799 0.777124 -0.626424 0.060595 -0.349178 -0.509268 -0.786588 -0.523597 -0.590118 0.614498
3.785986 -40.157885 -1559.782943 -437.562540 0.712748 -0.694072 0.101262 -0.647317 -0.595282 0.476047 0.270131 0.404850 0.873571
4.412398 -40.517628 -704.732451 -292.036816 0.689585 -0.715949 0.109035 -0.683526 -0.593683 0.424655 0.239299 0.367364 0.898765
3.262476 -39.381656 322.503283 -405.923325 0.692213 -0.714929 0.098583 -0.638766 -0.543354 0.544743 0.335887 0.440050 0.832788
6.191682 -41.494063 -2118.934609 -165.109590 0.713081 -0.692865 0.107024 -0.677408 -0.641592 0.359830 0.180648 0.329087 0.926859
2.523000 -39.364732 -938.748826 -460.541229 0.720761 -0.688372 0.081538 -0.596203 -0.555612 0.579515 0.353618 0.466304 0.810873
5.423473 -41.073456 -823.440282 -327.340906 0.732117 -0.678591 0.059319 -0.617919 -0.624956 0.477081 0.286671 0.385933 0.876855
25.078827 -23.635623 -5826.329032 -2602.059840 0.879096 -0.461740 -0.118263 -0.260843 -0.673706 0.691435 0.398937 0.576989 0.712694
15.686981 -31.132883 -4215.680003 -2908.901784 0.813601 -0.580403 -0.034429 -0.423022 -0.631531 0.649785 0.398880 0.514102 0.759338
-8.581364 -29.326129 458.337924 942.437150 0.781575 -0.552899 -0.288865 0.317210 0.750982 -0.579140 0.537139 0.361010 0.762334
-0.344475 -149.149663 1065.497701 2149.138429 0.474178 0.797850 0.372279 0.857172 -0.514897 0.011708 0.201026 0.313555 -0.928047
-1.774788 -170.435395 2130.854921 15211.828437 0.543976 0.749904 0.376475 0.838349 -0.466734 -0.281655 -0.035501 0.468831 -0.882574
2.192191 -239.101328 1075.807530 25460.035338 0.582539 0.748370 0.317160 0.716755 -0.288972 -0.634632 -0.383289 0.597024 -0.704736
9.744778 -121.978142 1613.825914 12278.544344 0.553591 0.819451 0.148452 0.655185 -0.538592 0.529766 -0.514072 0.196010 0.835051
9.320190 -101.900484 1915.750560 3134.461992 0.478979 0.872063 0.100427 0.843676 -0.488922 0.221734 -0.242467 0.021478 0.969922
11.147444 -132.032299 1692.879807 16317.999095 0.532652 0.829951 0.165720 0.726256 -0.548769 0.414010 -0.434550 0.100168 0.895060
-12.981542 -30.273466 -35.633245 71.470685 -0.680496 0.730674 -0.055135 0.461347 0.485690 0.742472 -0.569284 -0.479813 0.667605
-11.825906 -31.677650 128.620206 -596.703170 -0.747547 0.644538 -0.160453 0.409751 0.637629 0.652330 -0.522760 -0.421901 0.740757
-144.462309 -355.867783 4720.200533 -78321.662933 0.026570 0.886856 0.461281 0.032927 0.460417 -0.887092 0.999105 -0.038759 0.016968
47.699813 -179.850935 -7093.781800 -44211.766382 -0.203467 -0.433365 -0.877950 0.179819 0.864914 -0.468603 0.962427 -0.253217 -0.098054
-14.680959 -38.371230 -833.472785 -1649.647429 0.480011 0.236982 0.844647 -0.012660 0.964593 -0.263440 -0.877171 0.115762 0.466016
-19.866260 -34.936019 -881.859776 -1712.709883 0.507984 0.402505 0.761539 -0.135332 0.910420 -0.390922 -0.850669 0.095521 0.516951
-3.972054 -57.413651 525.635848 691.729961 -0.544472 0.810027 0.217728 -0.420197 -0.038755 -0.906605 0.725937 0.585110 -0.361472
-4.098190 -55.886563 432.179529 477.081803 -0.552444 0.807113 0.208264 -0.426530 -0.059058 -0.902543 0.716154 0.587436 -0.376884
-4.204485 -58.880238 377.425570 162.932641 -0.540695 0.808107 0.233692 -0.292503 0.079861 -0.952924 0.788728 0.583596 -0.193193
-4.419787 -60.135295 71.436750 608.582878 -0.528820 0.812494 0.245363 -0.165979 0.184510 -0.968714 0.832346 0.553001 -0.037284
-3.675575 -60.410741 -311.068607 435.817337 -0.512110 0.823890 0.242793 -0.142931 0.196987 -0.969931 0.846944 0.531414 -0.016881
-3.082485 -59.273773 -247.111053 -1218.499186 -0.510832 0.827202 0.234067 -0.208288 0.145069 -0.967249 0.834067 0.542855 -0.098191
10.095617 -152.561991 -990.854832 -10560.582671 0.796530 -0.576403 -0.182483 -0.457973 -0.378170 -0.804517 -0.394717 -0.724394 0.565201
