11208
22397
-35.467055 -54.409072 3226.319886 -7229.213341 -0.542311 0.840123 -0.009533 -0.169270 -0.120365 -0.978192 0.822950 0.528871 -0.207483
-44.730010 -63.235899 1007.471564 -5488.040120 -0.476044 0.874629 -0.091686 -0.263186 -0.241169 -0.934115 0.839116 0.420549 -0.344997
-30.890402 -72.469743 3984.150358 -8636.422410 -0.487234 0.860804 0.147038 -0.376152 -0.054919 -0.924929 0.788107 0.505965 -0.350552
-35.813591 -47.351290 -154.909059 -4106.933332 -0.485191 0.670498 -0.561268 0.128029 -0.580492 -0.804138 0.864985 0.462019 -0.195806
-22.433366 -66.723986 5316.327437 -11940.584512 -0.591361 0.801647 0.087486 -0.209869 -0.048244 -0.976539 0.778619 0.595847 -0.196771
-25.338773 -41.332364 3153.948366 -5176.477747 -0.610378 0.755515 -0.237981 0.059976 -0.255496 -0.964948 0.789836 0.603256 -0.110636
-29.954340 -38.596379 214.287877 3188.726651 -0.450606 0.557867 -0.696950 -0.307966 0.635636 0.707901 0.837921 0.533622 -0.114617
27.029720 -29.202766 -5359.115080 1288.076943 -0.640729 0.767414 -0.023272 -0.490686 -0.432620 -0.756351 0.590503 0.473197 -0.653752
28.400521 -28.710907 -8797.145398 -538.979692 -0.696282 0.711193 -0.096928 -0.458731 -0.544785 -0.701980 0.552048 0.444312 -0.705570
10.511417 -24.658385 -1756.536219 470.617203 -0.657100 0.753009 -0.034604 -0.514368 -0.481466 -0.709659 0.551040 0.448518 -0.703695
8.171238 -25.579152 -2993.130389 -1670.100563 -0.720807 0.683388 -0.115838 -0.457460 -0.594587 -0.661208 0.520738 0.423612 -0.741205
10.918535 -26.589599 -784.876881 1896.352857 -0.573829 0.818565 0.025929 -0.578292 -0.382568 -0.720569 0.579913 0.428478 -0.692898
2.325479 -22.647001 1508.988097 169.213486 -0.608637 0.792994 0.026850 -0.592106 -0.431405 -0.680662 0.528177 0.430174 -0.732106
14.950376 -106.389970 -4909.534482 14681.195477 0.547064 0.578664 0.604871 0.822938 -0.239468 -0.515197 -0.153279 0.779617 -0.607209
24.222794 -139.393408 -8220.835249 20871.668063 0.545948 0.568265 0.615642 0.773365 -0.059178 -0.631193 -0.322253 0.820715 -0.471785
5.360559 -129.173209 -3623.550473 16835.679905 0.554960 0.571193 0.604779 0.785449 -0.120307 -0.607121 -0.274024 0.811951 -0.515409
36.669946 -119.802486 -9259.253813 20197.901730 0.559424 0.543201 0.626082 0.817330 -0.235842 -0.525690 -0.137899 0.805799 -0.575910
12.899153 -40.390852 -3216.261654 -1330.563369 -0.358809 0.924664 0.127485 0.542391 0.317699 -0.777740 0.759650 0.209913 0.615523
17.376706 -38.606837 -2542.905717 -1533.791683 -0.396529 0.909408 0.125464 0.592968 0.358055 -0.721239 0.700824 0.211595 0.681229
20.561472 -43.392506 -2446.635313 -1168.848881 -0.398493 0.913084 0.086499 0.523417 0.303846 -0.796060 0.753152 0.271949 0.599004
-2.236645 -40.440994 354.000601 55.659706 -0.439599 0.761427 -0.476426 -0.301678 0.374446 0.876801 -0.846016 -0.529168 -0.065099
-2.016751 -40.117477 61.220108 -188.305322 -0.448516 0.760865 -0.468953 -0.402672 0.296401 0.866027 -0.797928 -0.577261 -0.173438
-2.783307 -40.358769 323.455675 -61.611771 -0.448736 0.762842 -0.465520 -0.347926 0.330682 0.877267 -0.823155 -0.555627 -0.117023
191.239034 -42.134325 -53514.642732 2861.863005 -0.466387 0.744241 -0.478109 -0.093193 0.496144 0.863224 -0.879658 -0.447153 0.162037
267.489946 -61.380268 -71508.373622 6838.764719 -0.448819 0.694514 -0.562328 -0.230408 0.518053 0.823731 -0.863408 -0.499271 0.072490
344.752256 -63.552739 -81940.724239 5425.994378 -0.369758 0.751070 -0.546968 -0.156467 0.529947 0.833471 -0.915859 -0.393765 0.078434
1440.633265 -243.600049 -387113.646789 41127.202127 -0.315867 0.735344 -0.599581 -0.277287 0.532801 0.799522 -0.907381 -0.418799 -0.035607
8.055501 -32.498857 -783.031701 -550.863145 -0.577849 0.812193 -0.080207 -0.790557 -0.581439 -0.192221 0.202756 0.047666 -0.978069
10.334307 -32.048006 -114.385027 -1889.193562 -0.539852 0.840572 -0.044696 -0.793058 -0.525700 -0.307733 0.282168 0.130683 -0.950423
8.965588 -34.819164 759.773700 -868.982185 -0.584314 0.811033 -0.028332 -0.784900 -0.573666 -0.234178 0.206179 0.114595 -0.971781
-11.014438 -110.098304 -742.608982 -4491.175102 -0.400581 -0.680501 -0.613558 0.831527 0.011253 -0.555370 0.384834 -0.732661 0.561347
-9.687230 -117.435454 -393.485270 -1109.981622 -0.392956 -0.673860 -0.625698 0.676737 0.248765 -0.692924 0.622586 -0.695721 0.358272
-9.251898 -111.793692 -331.507111 -2364.991653 -0.396404 -0.686251 -0.609855 0.798107 0.070725 -0.598351 0.453751 -0.723918 0.519666
-7.823554 -49.499529 682.030378 -2124.080734 -0.526218 0.725654 -0.443306 0.827034 0.315500 -0.465269 -0.197762 -0.611462 -0.766162
-8.667717 -53.036510 844.661770 -1450.431549 -0.550322 0.714097 -0.432679 0.832845 0.432683 -0.345188 -0.059285 -0.550319 -0.832847
-10.646660 -50.678903 1092.666742 -1580.993400 -0.512639 0.717681 -0.471312 0.851625 0.355169 -0.385474 -0.109252 -0.598991 -0.793268
-1.284822 -304.058973 -1104.028790 -39231.639767 0.501169 0.427606 0.752318 0.463763 0.601266 -0.650694 -0.730584 0.675005 0.103028
-3.437911 -270.966078 1642.426601 -42342.620341 0.506967 0.373462 0.776860 0.495579 0.611123 -0.617195 -0.705256 0.697893 0.124739
-3.201545 -205.427732 780.556997 -22815.841100 0.525856 0.397291 0.752087 0.204770 0.799074 -0.565287 -0.825557 0.451264 0.338845
-3.340439 -261.316094 -2099.067191 -33507.149551 0.505708 0.430428 0.747657 0.137550 0.815327 -0.562424 -0.851668 0.387263 0.353112
28.187084 -28.885227 480.080753 -4167.834930 0.653973 -0.546917 0.522687 -0.498009 0.208864 0.841643 0.569479 0.810714 0.135778
24.003101 -33.004298 -3908.201089 -5459.087137 0.705766 -0.444833 0.551379 -0.506697 0.226995 0.831704 0.495130 0.866370 0.065190
23.038561 -24.170865 -3316.903194 -1658.712240 0.664423 -0.449134 0.597345 -0.521429 0.294011 0.801043 0.535401 0.843704 0.038844
30.824628 -43.076357 -4910.663240 584.087047 -0.654003 0.755860 0.030913 -0.249917 -0.177309 -0.951894 0.714018 0.630268 -0.304863
38.420675 -39.311405 2962.276575 -249.041835 0.703736 -0.696139 -0.141935 0.381819 0.202105 0.901869 0.599140 0.688871 -0.408028
34.333301 -40.270211 -6407.068890 1061.613758 -0.636020 0.771353 0.022203 -0.335462 -0.250465 -0.908148 0.694941 0.585049 -0.418061
-24.264803 -57.653652 -4480.804054 -3480.108311 -0.520903 0.474238 -0.709760 0.300943 0.880114 0.367197 0.798808 -0.022324 -0.601172
-24.516064 -49.268830 -4567.632528 -3886.695253 -0.478695 0.600283 -0.640711 0.500346 0.786175 0.362744 0.721460 -0.146933 -0.676687
-38.265186 -62.555008 -4887.291055 -4663.735390 -0.626990 0.363481 -0.689032 0.243612 0.931601 0.269764 0.739957 0.001283 -0.672653
-36.239275 -69.084928 -4919.584023 -3182.115538 -0.597215 0.306871 -0.741056 0.079424 0.942002 0.326074 0.798139 0.135879 -0.586951
-26.575562 -65.888399 -4112.730790 -2898.935238 -0.541561 0.369271 -0.755216 0.089826 0.918635 0.384762 0.835849 0.140534 -0.530667
-2.847736 -69.834367 -105.583590 -207.215819 -0.610001 0.735524 -0.294795 0.777904 0.485019 -0.399528 -0.150881 -0.473034 -0.868029
-1.896438 -67.225900 530.991277 141.254497 -0.588405 0.752343 -0.296244 0.738553 0.350951 -0.575649 -0.329118 -0.557507 -0.762147
-1.458515 -68.528353 735.518552 549.203604 -0.608594 0.743513 -0.277130 0.767500 0.462954 -0.443414 -0.201386 -0.482557 -0.852398
-1.986007 -69.388060 383.888813 -1119.619885 -0.626439 0.728133 -0.278202 0.777543 0.558650 -0.288682 -0.054782 -0.397155 -0.916115
-14.712431 -30.488295 -58.213325 -67.767823 -0.417344 0.636314 -0.648790 0.574346 -0.368574 -0.730944 0.704238 0.677685 0.211642
-10.822269 -28.791296 -2423.399809 -248.363722 -0.494227 0.754743 -0.431396 0.444025 -0.207466 -0.871665 0.747383 0.622351 0.232590
-11.079367 -29.493853 -1827.365270 -505.981998 -0.482512 0.725277 -0.491076 0.431033 -0.291455 -0.853970 0.762491 0.623720 0.171988
-86.102399 -3637.190110 -9844.541272 -1553802.478497 -0.302788 -0.437226 -0.846849 -0.524218 0.818476 -0.235144 0.795936 0.372735 -0.477027
-196.836670 -1356.134057 -8901.683920 -407636.841872 0.717603 0.141938 0.681835 0.353218 0.769586 -0.531953 0.600235 -0.622568 -0.502123
-50.528898 -396.423788 -9051.284874 -74211.856296 0.437514 0.666642 0.603465 0.886868 -0.209090 -0.412003 -0.148480 0.715451 -0.682703
301.905198 -11307.222805 -14625.943381 -3827705.985816 -0.039668 -0.157242 0.986763 0.987971 0.141547 0.062272 -0.149466 0.977363 0.149735
3.848668 -397.975091 1912.381345 -8708.082953 0.053717 -0.179374 0.982313 0.936165 -0.333230 -0.112042 0.347434 0.925626 0.150023
-3.175400 -466.116671 2557.758759 21621.155005 0.032449 -0.194839 0.980298 0.862683 -0.489820 -0.125910 0.504702 0.849773 0.152190
51.217348 -60.981370 -355.409520 4172.539041 -0.677112 0.524571 0.516085 0.263717 0.827713 -0.495322 -0.687002 -0.199288 -0.698793
31.745020 -53.728042 9873.436623 775.314942 -0.515231 0.592470 0.619287 0.186258 0.782713 -0.593859 -0.836568 -0.190627 -0.513630
42.544856 -68.601412 -139.939184 6165.990132 -0.677017 0.599337 0.427134 0.229691 0.723449 -0.651048 -0.699207 -0.342662 -0.627449
-29.016638 -90.470917 3570.423489 -26063.616789 -0.361186 0.901097 -0.239935 -0.567577 -0.008287 0.823278 -0.739865 -0.433538 -0.514435
-33.666397 -113.556877 4254.490220 -31663.385154 -0.438043 0.895131 -0.082814 -0.538083 -0.187286 0.821821 -0.720128 -0.404554 -0.563695
-46.871756 -144.392034 5945.496370 -43747.863144 -0.394907 0.915204 -0.080315 -0.532799 -0.156925 0.831565 -0.748448 -0.371182 -0.549591
-44.857118 -134.575730 2244.828141 -42013.611046 -0.366257 0.901478 -0.230638 -0.586761 -0.031376 0.809152 -0.722196 -0.431687 -0.540444
-12.230731 -74.794361 472.742370 -21573.682047 -0.355338 0.879468 -0.316656 -0.563651 0.068644 0.823156 -0.745676 -0.470982 -0.471321
-0.665441 -52.192003 -1556.575120 -1308.933937 -0.496096 0.825268 0.269855 -0.118547 -0.372265 0.920524 -0.860137 -0.424678 -0.282513
-4.181310 -45.536127 -410.266026 -1980.775454 -0.457608 0.878706 0.135904 -0.247738 -0.272795 0.929628 -0.853944 -0.391737 -0.342522
2.691888 -45.164928 -1760.190513 -3814.768362 -0.476713 0.864108 0.161438 -0.318178 -0.340809 0.884654 -0.819456 -0.370360 -0.437408
-7.166510 -48.564971 529.506347 -768.454140 -0.465583 0.860013 0.208830 -0.087095 -0.279344 0.956233 -0.880708 -0.427017 -0.204961
9.676818 -58.097110 -3394.589643 -1146.887782 -0.499865 0.814265 0.295138 -0.176030 -0.429167 0.885906 -0.848026 -0.390881 -0.357861
3.868149 -56.486111 -3451.269710 2277.214038 -0.527934 0.762544 0.373914 0.059147 -0.406189 0.911873 -0.847223 -0.503525 -0.169338
-5.300372 -50.150980 -1612.196215 910.698161 -0.505295 0.800215 0.323005 0.072136 -0.333827 0.939870 -0.859926 -0.498212 -0.110957
-1.073446 -39.191779 812.768592 -313.110683 -0.623190 0.674966 -0.395038 -0.280167 0.278918 0.918538 -0.730165 -0.683100 -0.015284
-0.908262 -38.490083 -275.461792 117.887073 0.626815 -0.670720 0.396533 0.343385 -0.219038 -0.913296 -0.699421 -0.708631 -0.093019
-1.742724 -38.838272 -178.409780 590.745596 0.642477 -0.660159 0.389118 0.320775 -0.229467 -0.918939 -0.695935 -0.715217 -0.064336
5.110004 -51.800787 467.651777 -534.615635 0.836917 -0.524184 0.157482 0.127103 0.465996 0.875610 0.532367 0.712797 -0.456625
5.480981 -55.588589 260.271828 -698.285458 0.833584 -0.520916 0.183804 0.013107 0.351300 0.936171 0.552237 0.777969 -0.299666
6.096611 -52.557560 39.963288 -619.848830 0.850379 -0.494430 0.179984 0.031622 0.389470 0.920496 0.525219 0.777079 -0.346832
10.920523 -87.918068 617.494538 1821.981106 0.778190 -0.589259 0.217244 -0.425083 -0.239568 0.872875 0.462305 0.771610 0.436913
9.496600 -89.382258 1677.779924 2710.995894 0.770993 -0.618254 0.152748 -0.424030 -0.319413 0.847451 0.475151 0.718149 0.508423
16.245089 -77.641606 585.036135 6159.723874 0.775814 -0.602179 0.188394 -0.525671 -0.451728 0.720841 0.348973 0.658272 0.667005
5.602069 -93.559572 1571.441739 -735.139733 0.779642 -0.612666 0.129610 -0.283135 -0.160258 0.945596 0.558564 0.773923 0.298411
14.981516 -77.580666 -344.525485 4280.010494 0.770415 -0.573715 0.278050 -0.549575 -0.376564 0.745766 0.323153 0.727359 0.605410
11.698790 -81.154280 -531.178894 2030.128830 0.781244 -0.550896 0.293550 -0.486151 -0.241985 0.839703 0.391554 0.798722 0.456868
9.007074 -85.079691 -435.864262 -1065.868240 0.797225 -0.552268 0.243787 -0.338447 -0.074490 0.938033 0.499886 0.830332 0.246299
5.124390 -91.731129 819.407153 -1099.111841 0.787132 -0.593989 0.166133 -0.237974 -0.043978 0.970275 0.569027 0.803270 0.175970
3.401151 -196.357783 290.728795 -3270.827333 -0.620614 0.739702 0.260151 -0.087630 0.264268 -0.960460 0.779204 0.618872 0.099188
2.885356 -170.416596 -266.605375 3747.841797 -0.622815 0.727432 0.288001 -0.249857 0.163902 -0.954310 0.741399 0.666318 -0.079673
4.275821 -191.034599 -554.469579 -18820.770017 0.639130 -0.713274 -0.287667 0.445255 0.038179 0.894590 0.627105 0.699844 -0.341990
6.009637 -175.414631 -1219.238076 -18179.663803 0.644963 -0.701462 -0.303272 0.631895 0.266312 0.727864 0.429804 0.661081 -0.615012
6.543525 -186.954222 -1663.479217 -24772.477588 0.642887 -0.710803 -0.285405 0.598314 0.233368 0.766524 0.478243 0.663550 -0.575313
5.752004 -212.110725 -1036.254641 -25874.299109 0.632051 -0.725243 -0.273008 0.380044 -0.016924 0.924814 0.675335 0.688285 -0.264928
-18.348671 -21.111876 -88.060925 -1597.962915 0.878412 -0.158230 -0.450949 -0.128563 0.830575 -0.541863 -0.460286 -0.533955 -0.709245
-22.453272 -23.275274 1209.178784 -666.445508 0.854716 -0.465701 -0.229309 0.253752 0.760208 -0.598075 -0.452847 -0.452997 -0.767935
-16.026680 -23.585363 4130.235861 -891.871778 0.724655 -0.682834 0.092802 0.565785 0.512669 -0.645800 -0.393397 -0.520488 -0.757846
-2.105405 -134.850917 2284.750539 -485.319936 -0.020562 0.082058 -0.996415 0.937817 0.347009 0.009225 0.346522 -0.934265 -0.084091
-5.835916 -127.370032 1638.660222 -1238.102624 -0.038604 0.041794 -0.998380 0.876323 0.481528 -0.013727 0.480174 -0.875434 -0.055214
-8.348166 -121.599451 2090.793307 -133.306697 -0.032605 0.047401 -0.998344 0.969202 0.245453 -0.019999 0.244099 -0.968249 -0.053944
-2.871797 -125.864324 2788.582214 -5917.885399 -0.019995 0.092945 -0.995470 0.999795 -0.001286 -0.020202 -0.003157 -0.995670 -0.092900
25.901394 -1062.577268 -926.197214 382204.708673 0.091002 -0.229213 -0.969113 0.561251 0.815681 -0.140220 0.822628 -0.531155 0.202875
1.053248 -343.814367 -5323.181024 74536.124153 0.044023 -0.306804 -0.950754 0.860469 0.495182 -0.119950 0.507598 -0.812814 0.285794
-3.610023 -289.788205 -4431.921638 64692.238398 0.048419 -0.280823 -0.958537 0.672811 0.718452 -0.176499 0.738228 -0.636369 0.223728
4.318854 -165.874007 -4136.431101 31282.273980 0.063341 -0.280115 -0.957874 0.376519 0.895580 -0.237000 0.924241 -0.345647 0.162196
-7.761407 -274.295647 -2910.955789 62293.011197 0.051122 -0.237220 -0.970110 0.533381 0.827723 -0.174295 0.844329 -0.508528 0.168844
-11.304615 -272.953836 -1165.835974 39920.748718 0.016574 -0.205640 -0.978487 0.847648 0.521925 -0.095331 0.530301 -0.827832 0.182961
-2.997641 -30.190028 3062.091296 -1041.113371 -0.137451 -0.607677 0.782200 -0.692171 0.623807 0.362993 -0.708524 -0.491523 -0.506359
11.517781 -26.547630 -6993.720406 125.000291 -0.062496 0.731683 -0.678774 -0.761427 0.404729 0.506382 -0.645231 -0.548484 -0.531829
11.076378 -23.110417 -4624.747398 -309.099051 -0.107678 0.794362 -0.597825 -0.736475 0.340201 0.584694 -0.667840 -0.503242 -0.548395
-3.983861 -34.256070 -5703.937163 -677.060956 0.038643 0.663630 -0.747062 -0.764447 0.501107 0.405602 -0.643528 -0.555416 -0.526674
28.320812 -747.171307 -10187.697456 150017.615520 -0.111855 0.321911 0.940139 0.980150 0.191580 0.051017 -0.163689 0.927184 -0.336950
14.727612 -390.717009 -5282.752919 69081.505356 -0.090509 0.328778 0.940060 0.981005 -0.133189 0.141033 0.171574 0.934968 -0.310478
29.065815 -503.478076 -7608.336215 34224.485473 -0.031215 0.261671 0.964652 0.942087 -0.314722 0.115856 0.333914 0.912402 -0.236693
42.080956 -302.924493 -7784.414920 21659.505625 -0.085663 0.240317 0.966907 0.995790 -0.011110 0.090983 0.032608 0.970631 -0.238354
747.062130 -3346.568011 258783.462134 -1087467.427751 -0.519921 -0.343640 -0.782045 0.491545 0.628393 -0.602914 0.698616 -0.697878 -0.157800
835.581524 79.754813 269761.100275 -18339.558549 0.846497 0.520666 0.111129 -0.012846 0.228648 -0.973425 0.532239 -0.822573 -0.200238
-16.423161 -6827.532424 -34330.955653 119846.457521 0.001045 -0.127352 0.991857 -0.662943 0.742486 0.096032 -0.748669 -0.657645 -0.083651
6.290790 -2296.192208 3958.432385 -71758.250599 -0.010304 0.237539 -0.971323 0.996731 -0.075396 -0.029012 -0.080126 -0.968447 -0.235986
-12.912324 -30.594082 -440.974151 -336.621588 0.913277 -0.198269 0.355830 0.083365 0.946033 0.313165 -0.398718 -0.256342 0.880518
-12.049441 -33.202459 -1078.058956 -990.268566 0.901623 -0.111601 0.417877 0.031309 0.980444 0.194292 -0.431388 -0.162095 0.887485
-12.090823 -33.011160 -786.874223 -50.216596 0.893570 -0.206479 0.398621 0.079648 0.946780 0.311873 -0.441801 -0.246931 0.862460
-11.980112 -31.906356 -36.547746 754.926993 0.894287 -0.305595 0.326898 0.153680 0.895813 0.417016 -0.420278 -0.322694 0.848077
-11.889703 -35.010692 -300.131505 879.223014 0.875925 -0.292568 0.383615 0.131711 0.909952 0.393243 -0.464121 -0.293925 0.835583
-5.073492 -56.316936 509.513236 -367.473684 0.802466 -0.503838 0.319679 -0.593327 -0.730617 0.337877 -0.063327 0.460810 0.885237
-3.808934 -54.188703 87.491306 62.669316 0.809543 -0.495236 0.315250 -0.587061 -0.683353 0.434037 -0.000476 0.536442 0.843937
-4.720018 -56.213401 353.013740 -314.309457 0.814248 -0.489438 0.312171 -0.577749 -0.630765 0.518017 0.056631 0.602151 0.796371
15.089608 -367.582452 -915.596789 -55139.363474 -0.642258 0.004072 -0.766477 0.290599 0.926624 -0.238581 0.709265 -0.375968 -0.596315
18.239933 -364.594978 1968.879680 -76634.207035 0.660441 -0.072144 0.747404 0.582066 0.678006 -0.448895 0.474360 -0.731507 -0.489775
67.096818 -1860.742159 -4771.855768 -552975.121995 0.706131 0.075563 0.704038 0.505188 0.642931 -0.575695 0.496149 -0.762188 -0.415820
21.751112 -271.067530 2944.724875 -30738.283743 0.662923 -0.028576 0.748142 0.462522 0.801411 -0.379227 0.588733 -0.597431 -0.544491
-1.722647 -498.428775 -4364.752228 -88447.177895 -0.596788 -0.089644 -0.797376 0.217508 0.938460 -0.268297 0.772356 -0.333552 -0.540563
8.250166 -557.577067 -1828.515064 -63107.093999 -0.551678 -0.046227 -0.832775 -0.109728 0.993807 0.017525 0.826808 0.101047 -0.553334
11.624050 -763.287015 4954.360698 -194675.224583 -0.645491 -0.111548 -0.755578 -0.173133 0.984895 0.002505 0.743886 0.132432 -0.655054
22.922293 -396.686208 -1445.847193 -26842.062424 -0.680060 -0.019957 -0.732884 0.159524 0.971652 -0.174485 0.715591 -0.235573 -0.657598
5.952669 -39.593472 2057.639334 1972.462642 0.823592 -0.526553 0.210801 0.495606 0.487376 -0.718916 -0.275808 -0.696568 -0.662362
4.591188 -36.855782 2011.230878 1273.328886 0.799043 -0.540088 0.264264 0.558358 0.503439 -0.659383 -0.223084 -0.674429 -0.703831
13.629009 -33.200146 3598.058543 1330.718559 0.868282 -0.468449 0.163224 0.454531 0.619470 -0.640046 -0.198716 -0.629931 -0.750799
-45.342870 -75.053196 1351.715059 -4045.070167 -0.404270 0.905401 0.129672 -0.525748 -0.114022 -0.842964 0.748435 0.408960 -0.522108
-51.698818 -72.800674 -606.514183 -3230.029059 -0.430777 0.894023 -0.123104 -0.437835 -0.326322 -0.837744 0.789134 0.306981 -0.532006
-43.235002 -65.552604 195.914846 -4024.149393 -0.473873 0.762052 -0.441273 -0.179115 -0.574045 -0.798993 0.862185 0.299582 -0.408520
-39.524072 -54.611998 -937.475119 4062.849512 -0.435698 0.655431 -0.616910 -0.064429 0.660917 0.747688 0.897784 0.365513 -0.245731
-5.841246 -24.671194 1620.341497 -2617.347142 -0.537342 0.610416 -0.581942 0.443641 -0.382252 -0.810596 0.717249 0.693740 0.065406
-14.852264 -21.009474 -5307.161139 2279.708821 0.621673 -0.622132 0.475894 -0.379451 0.292310 0.877822 0.685230 0.726296 0.054348
-14.362546 -25.832959 2817.060808 -2026.436426 -0.522569 0.574712 -0.629784 0.431366 -0.458929 -0.776729 0.735421 0.677562 0.008090
50.556302 -33.891485 -9940.796466 213.048128 -0.692493 0.720977 -0.025406 -0.477791 -0.484731 -0.732634 0.540527 0.495205 -0.680149
52.645370 -35.388479 -14997.817458 -1362.294316 -0.738766 0.662964 -0.121256 -0.440647 -0.611269 -0.657405 0.509955 0.432237 -0.743718
29.477195 -31.323649 -10786.616953 1920.828333 -0.737333 0.650992 -0.180413 0.423052 0.653197 0.627982 0.526656 0.386708 -0.757027
26.967036 -66.162037 -4976.913607 -4557.195566 0.498092 0.549483 0.670800 0.861742 -0.399735 -0.312431 0.096466 0.733676 -0.672617
14.674736 -76.304091 -2907.100612 -5667.220389 0.470940 0.599103 0.647527 0.874873 -0.411369 -0.255680 0.113193 0.686914 -0.717869
21.239455 -87.408048 -2545.512070 -11236.134591 0.456660 0.555872 0.694599 0.854228 -0.492070 -0.167815 0.248508 0.669980 -0.699550
34.501222 -64.695130 -5265.098047 -10315.465518 0.502114 0.499074 0.706262 0.848666 -0.441384 -0.291455 0.166275 0.745724 -0.645173
9.832340 -36.051286 -2554.320916 -1664.116878 -0.374055 0.915531 0.147940 0.605111 0.361823 -0.709171 0.702797 0.175749 0.689340
11.921734 -32.511745 -2230.413529 -1612.512938 -0.405439 0.899404 0.163376 0.648710 0.409010 -0.641783 0.644045 0.154220 0.749281
-3.327235 -39.499396 141.174697 431.643557 -0.456273 0.766045 -0.452758 -0.265958 0.368151 0.890916 -0.849165 -0.526916 -0.035758
-0.937467 -39.295715 -1271.737661 885.481910 -0.477907 0.744059 -0.466884 -0.236249 0.403052 0.884158 -0.846045 -0.532846 0.016839
-3.645631 -37.267502 -318.828637 780.143575 -0.466080 0.751202 -0.467402 -0.159998 0.448017 0.879592 -0.870155 -0.484743 0.088621
50.595957 -63.811656 -2848.516586 -4125.390536 0.420579 -0.882701 0.209649 0.896921 0.369754 -0.242518 0.136552 0.290037 0.947224
48.270171 -79.051631 -323.095339 -8797.167158 0.445432 -0.885019 0.135392 0.849996 0.370518 -0.374464 0.281242 0.281881 0.917304
48.769971 -72.592339 -3571.956337 -5680.815917 -0.380553 0.924527 0.020727 0.892927 0.373191 -0.251814 0.240544 0.077321 0.967554
47.730873 -66.082149 278.853543 1136.896513 0.364262 -0.927509 0.083903 0.928872 0.355340 -0.104544 0.067151 0.116017 0.990975
-1.734928 -133.091322 -781.923823 11144.322388 0.691014 -0.715595 -0.102098 0.511989 0.384831 0.767966 0.510262 0.582949 -0.632300
-1.701987 -145.471858 -221.076419 8518.366750 0.696803 -0.713905 -0.069322 0.388519 0.294429 0.873135 0.602925 0.635336 -0.482525
-3.580465 -117.317944 -973.639949 2612.985390 0.710493 -0.700129 -0.070847 0.338618 0.251892 0.906581 0.616877 0.668109 -0.416044
557.113412 -44.849911 -145016.170463 -2443.993314 0.081414 0.826464 -0.557072 0.043077 0.555487 0.830408 -0.995749 0.091604 -0.009623
990.131617 -74.702443 -16356.553914 5611.643405 0.751418 0.548934 -0.366119 0.058150 0.497621 0.865443 -0.657259 0.671599 -0.342001
1033.808566 -62.865288 -180252.125267 -413.836571 0.730198 0.588386 -0.347292 0.034327 0.476070 0.878737 -0.682372 0.653574 -0.327428
669.861130 -52.656573 -186816.302545 -3840.841130 -0.027666 0.859199 -0.510892 0.105887 0.510731 0.853195 -0.993993 0.030493 0.105108
10.699434 -31.340321 873.687584 -2280.610860 -0.542099 0.840232 -0.011758 -0.781646 -0.509339 -0.360005 0.308477 0.185968 -0.932876
10.337509 -26.409333 -784.433479 -1797.530791 -0.477090 0.877807 -0.042901 -0.802082 -0.454847 -0.387013 0.359236 0.150229 -0.921076
-12.088080 -42.715528 2262.100363 279.438194 -0.587810 0.783567 -0.201251 -0.261029 -0.419160 -0.869580 0.765731 0.458615 -0.450920
-10.511532 -42.066127 2268.380148 353.231692 -0.569418 0.803110 -0.175433 -0.370563 -0.441267 -0.817292 0.733789 0.400372 -0.548868
-3.571238 -43.091885 2934.835501 76.198781 -0.617174 0.754236 -0.224107 -0.288629 -0.481987 -0.827274 0.731976 0.445888 -0.515164
-16.841181 -42.074798 1307.647307 418.123652 -0.516814 0.842993 -0.149215 -0.339940 -0.362043 -0.867967 0.785713 0.397853 -0.473676
-18.157921 -42.657075 1305.628831 96.532188 -0.536750 0.823417 -0.184076 -0.213854 -0.343810 -0.914364 0.816190 0.451419 -0.360631
-2.804313 -45.021665 -570.881375 3072.045796 -0.620087 0.588856 -0.518402 0.512709 0.804314 0.300347 0.593819 -0.079548 -0.800656
-2.262513 -39.652815 -1461.261063 1028.205234 -0.629313 0.559392 -0.539487 0.433542 0.828826 0.353679 0.644986 -0.011316 -0.764111
-0.376682 -37.972899 -365.648630 1481.747271 -0.625345 0.579656 -0.522440 0.468085 0.814312 0.343210 0.624372 -0.029922 -0.780553
-1.735756 -42.331857 200.688339 3338.945027 -0.634122 0.574002 -0.518084 0.485664 0.817035 0.310779 0.601681 -0.054543 -0.796872
-3.465058 -182.909885 1743.040589 -21543.596227 0.508950 0.384439 0.770179 0.253866 0.787897 -0.561043 -0.822510 0.481065 0.303404
17.281604 -29.552000 -4604.147990 -5801.926357 0.704694 -0.387758 0.594180 -0.523926 0.280325 0.804313 0.478442 0.878101 0.005613
-41.791173 -53.869973 -5161.436101 -6021.318829 -0.634788 0.459262 -0.621388 0.425959 0.878952 0.214481 0.644673 -0.128536 -0.753575
314.912319 -2434.511363 81937.000857 -641659.632135 -0.720571 -0.461832 -0.517193 0.100912 0.668110 -0.737188 0.685999 -0.583387 -0.434817
16.012692 -709.030409 2444.319532 -205414.841943 0.046982 -0.078419 0.995813 0.940587 0.339091 -0.017674 -0.336285 0.937479 0.089691
202.176238 -2827.549687 -33799.305750 -950816.162787 0.287800 -0.022304 0.957431 0.952145 0.114097 -0.283553 -0.102916 0.993219 0.054074
-36.940714 -53.622908 -210.872606 300.480488 0.481948 0.082114 -0.872344 0.869514 0.077934 0.487721 0.108034 -0.993571 -0.033840
-38.403658 -52.758271 832.385847 551.952013 0.461939 -0.019732 -0.886692 0.880568 0.129562 0.455865 0.105886 -0.991375 0.077225
-38.606906 -53.803590 1230.177030 1293.383447 0.485306 -0.011123 -0.874274 0.874318 0.013994 0.485152 0.006838 -0.999840 0.016516
-37.862210 -54.935313 -152.586996 -1224.664208 0.460302 0.041700 -0.886783 0.859242 0.230232 0.456833 0.223215 -0.972242 0.070146
-37.063562 -54.375972 404.388962 628.027151 0.507649 0.092150 -0.856622 0.861338 -0.077042 0.502156 -0.019723 -0.992760 -0.118482
-37.904735 -54.466807 -688.784266 57.471067 0.470978 0.181942 -0.863179 0.877881 -0.000579 0.478878 0.086628 -0.983309 -0.159996
-38.732800 -55.203850 -775.563411 -866.184817 0.400203 0.165605 -0.901339 0.889865 0.164858 0.425398 0.219041 -0.972315 -0.081390
-3.583139 -37.142934 -2106.911583 -3129.047639 -0.429418 0.902740 -0.025717 -0.395477 -0.162369 0.904010 -0.811910 -0.398369 -0.426737
-7.345519 -43.276133 -378.764184 -1582.068243 -0.446434 0.892667 0.061991 -0.234357 -0.183502 0.954675 -0.863582 -0.411671 -0.291124
-1.984782 -39.629269 14.103739 -131.776535 0.642748 -0.675391 0.361553 0.394115 -0.113184 -0.912065 -0.656923 -0.728722 -0.193433
-3.971157 -41.326391 939.384338 -597.559686 0.660081 -0.667296 0.344978 0.361524 -0.120364 -0.924561 -0.658479 -0.735002 -0.161794
-3.827717 -44.499190 613.484634 -1174.964703 0.674983 -0.669652 0.309780 0.425005 0.009672 -0.905139 -0.603132 -0.742612 -0.291134
-1.958570 -39.093980 -367.916538 518.748529 -0.635310 0.669693 -0.384567 -0.295633 0.249136 0.922243 -0.713430 -0.699601 -0.039705
-1.768328 -41.623703 170.631743 -535.408894 0.661773 -0.669188 0.337999 0.458133 0.004097 -0.888874 -0.593439 -0.743082 -0.309288
-5.875059 -46.785293 874.097405 -1088.190898 0.679106 -0.674564 0.289446 0.408042 0.019136 -0.912763 -0.610178 -0.737968 -0.288246
-4.244746 -42.287156 763.361813 -1007.162204 0.666192 -0.673355 0.320594 0.344279 -0.103659 -0.933127 -0.661558 -0.732016 -0.162766
-4.429502 -39.526507 1139.084369 -2015.113940 0.656736 -0.667790 0.350363 0.264265 -0.231346 -0.936292 -0.706302 -0.707486 -0.024540
6.886899 -99.940668 -583.200190 3957.003593 0.813698 -0.579288 0.048177 -0.265550 -0.296718 0.917301 0.517087 0.759200 0.395268
1.837292 -175.099613 -100.459157 -11346.768870 -0.619641 0.738947 0.264581 0.042330 0.368066 -0.928835 0.783743 0.564345 0.259349
3.009586 -167.809214 -835.676892 -9248.403747 -0.617506 0.737805 0.272635 -0.004420 0.343354 -0.939196 0.786554 0.581164 0.208762
2.416037 -30.647579 2402.771278 -2089.899353 -0.611262 0.791103 0.022683 -0.766476 -0.598887 0.232054 -0.197163 -0.124460 -0.972438
5.474459 -34.393653 2093.068174 -1859.656334 -0.645420 0.763374 0.026317 -0.712500 -0.614109 0.339433 -0.275275 -0.200326 -0.940262
9.229685 -30.103694 2224.475343 -2278.053632 -0.635316 0.772171 0.011217 -0.742139 -0.614495 0.267628 -0.213547 -0.161704 -0.963457
8.339191 -26.418402 2457.973770 -2000.138910 -0.597049 0.802160 0.008528 -0.786282 -0.587272 0.192020 -0.159039 -0.107940 -0.981354
-11.164401 -41.816888 -1792.574329 470.857979 0.817861 -0.575112 -0.018667 -0.059423 -0.052148 -0.996870 -0.572339 -0.816411 0.076824
-15.668558 -42.422642 -1215.799922 335.305843 0.829226 -0.556887 -0.047558 -0.149078 -0.138368 -0.979097 -0.538666 -0.818982 0.197758
-8.503253 -42.631534 -2465.525825 47.148121 0.797764 -0.600879 0.050176 -0.056786 -0.157715 -0.985851 -0.600290 -0.783627 0.159941
-7.356513 -45.199398 1089.725901 961.315149 0.756603 -0.587972 0.286076 0.644996 0.599258 -0.474205 -0.107386 -0.543303 -0.832640
-8.042970 -46.014057 -423.093652 -108.055867 0.750836 -0.613795 0.243927 0.635995 0.572239 -0.517738 -0.178201 -0.543872 -0.820029
-7.914161 -46.303260 41.722059 2708.883789 0.778638 -0.581580 0.235558 0.624265 0.680084 -0.384420 -0.063372 -0.446375 -0.892599
-6.850888 -46.628736 762.678952 -1804.726512 0.750998 -0.594123 0.288130 0.625236 0.499528 -0.599626 -0.212323 -0.630468 -0.746612
-5.976896 -44.201785 1308.804261 2006.056698 0.770789 -0.567161 0.290195 0.636510 0.666122 -0.388762 -0.027185 -0.484365 -0.874443
-5.780180 -43.687075 1438.825137 83.513670 0.755921 -0.575829 0.311454 0.645623 0.576926 -0.500328 -0.108418 -0.579290 -0.807879
12.180576 -354.591333 -3016.485119 84392.275521 0.025307 -0.284026 -0.958483 0.785141 0.599136 -0.156811 0.618799 -0.748576 0.238163
6.818988 -285.573837 -4393.903344 25739.480092 -0.009532 -0.292694 -0.956159 0.979004 0.191978 -0.068527 0.203619 -0.936736 0.284719
-2.599906 -270.418131 -3112.422062 -21696.724140 0.019351 -0.267423 -0.963385 0.999411 -0.022126 0.026217 -0.028327 -0.963325 0.266838
11.904942 -536.755453 -594.808374 108985.720899 -0.074781 0.307671 0.948550 0.977318 0.211611 0.008411 -0.198136 0.927663 -0.316517
31.036324 -1999.231145 28996.621880 373511.554907 -0.214156 -0.018598 0.976622 0.708547 0.685270 0.168421 -0.672382 0.728052 -0.133577
92.005952 -603.475541 24747.604928 136741.274767 0.593241 -0.017112 -0.804843 0.537064 0.753177 0.379851 -0.599689 0.657595 -0.456006
138.730429 -474.235979 891.171142 -298871.747358 0.131840 0.383950 0.913893 0.818668 -0.562011 0.118013 0.558929 0.732616 -0.388423
-8.668490 -73.247512 -72.841134 -6353.821341 -0.594549 -0.268237 -0.757997 0.793558 -0.043896 -0.606909 0.129523 -0.962352 0.238960
-11.145556 -67.246785 622.841608 -7191.383074 0.755595 0.272981 0.595448 0.648598 -0.184616 -0.738402 0.091641 -0.944139 0.316550
-18.347773 -55.545180 -146.287249 -4842.586728 -0.669428 -0.273599 -0.690659 0.742780 -0.261541 -0.616339 -0.012006 -0.925602 0.378307
1.025058 -85.249967 -35.188354 -7046.073444 0.716066 0.246847 0.652929 0.656468 0.079808 -0.750120 0.237274 -0.965763 0.104900
-10.103554 -66.501961 724.926196 -4861.134720 -0.471023 -0.242442 -0.848150 0.881025 -0.081391 -0.466015 0.043950 -0.966746 0.251935
-1.696095 -79.284463 202.712172 -5556.649586 -0.481267 -0.247325 -0.840959 0.849467 0.105147 -0.517059 0.216306 -0.963210 0.159490
-14.968480 -34.532728 -1113.230000 -1331.995159 0.919715 -0.026527 0.391688 -0.011884 0.995376 0.095316 -0.392406 -0.092318 0.915148
-10.350737 -36.845128 -1752.194148 -1316.651412 0.895405 -0.048598 0.442593 0.022927 0.997739 0.063171 -0.444662 -0.046416 0.894495
-14.383898 -30.640829 -414.557230 -1083.348265 0.927973 -0.131632 0.348623 0.053730 0.973022 0.224369 -0.368752 -0.189477 0.910011
17.679710 -327.293535 928.022250 -73062.024504 0.702083 -0.025821 0.711627 0.673918 0.346914 -0.652293 0.230030 -0.937541 -0.260964
25.957927 -234.072801 5195.112583 -36695.190789 0.682827 -0.034062 0.729785 0.625457 0.543486 -0.559845 0.377559 -0.838727 -0.392411
0.172792 -40.175079 813.687091 1538.497630 0.758811 -0.580057 0.296208 0.582616 0.401224 -0.706809 -0.291144 -0.708910 -0.642404
-0.347439 -40.303179 901.096454 1046.999806 0.736734 -0.592165 0.326440 0.625597 0.413712 -0.661416 -0.256615 -0.691508 -0.675252
-0.567935 -45.039381 839.649179 2368.092393 0.771655 -0.569486 0.283257 0.543553 0.359172 -0.758647 -0.330301 -0.739379 -0.586703
-3.499009 -45.666507 229.354375 1779.349666 0.724918 -0.604939 0.329458 0.593108 0.304924 -0.745147 -0.350309 -0.735575 -0.579839
-24.363366 -70.228635 6174.584993 2164.002556 -0.575266 0.810104 0.113139 -0.535154 -0.268143 -0.801068 0.618611 0.521374 -0.587784
-14.723201 -76.107436 6792.437799 -7601.541556 -0.618608 0.773037 0.140493 -0.382144 -0.139788 -0.913469 0.686506 0.618767 -0.381885
47.602731 -34.247964 -8434.216413 990.877199 -0.657310 0.753064 0.028932 -0.471736 -0.381207 -0.795077 0.587715 0.536260 -0.605819
27.245858 -33.965379 -4485.382044 1901.386292 -0.623650 0.781654 -0.008832 -0.449292 -0.367671 -0.814220 0.639686 0.503820 -0.580489
14.521488 -31.102908 -1294.278149 2149.005541 -0.595336 0.803474 -0.002207 -0.502790 -0.374683 -0.778983 0.626719 0.462647 -0.627041
12.874824 -91.112259 -1616.614334 -9156.973381 0.447102 0.600295 0.663133 0.842780 -0.531108 -0.087444 0.299703 0.597972 -0.743376
8.249886 -77.638090 -1411.469334 -6123.878750 0.472591 0.605023 0.640785 0.865989 -0.453682 -0.210321 0.163464 0.654309 -0.738349
3.055213 -37.170820 -2787.098172 -1642.302566 -0.359790 0.919720 0.157058 0.575004 0.351130 -0.738971 0.734794 0.175565 0.655176
3.965684 -40.808906 -3454.743923 -1230.861589 -0.333124 0.933809 0.130497 0.495653 0.291167 -0.818260 0.802095 0.207901 0.559840
-0.208127 -40.468069 374.430283 -338.724996 -0.436130 0.761014 -0.480258 -0.409615 0.307310 0.858939 -0.801253 -0.571330 -0.177695
43.551892 -82.172531 -4612.744244 -7060.262268 -0.388027 0.920364 0.048627 0.831398 0.372313 -0.412505 0.397759 0.119635 0.909657
42.802089 -85.677614 -159.433601 -4150.214740 -0.460878 0.880415 -0.111631 0.741122 0.312628 -0.594140 0.488191 0.356558 0.796578
0.227737 -128.463950 -406.597872 8620.727965 0.708671 -0.703146 -0.058058 0.337227 0.265296 0.903270 0.619728 0.659700 -0.425128
-0.982735 -128.118800 -240.275258 1311.954900 0.712679 -0.700818 -0.030699 0.187417 0.148052 0.971059 0.675991 0.697807 -0.236859
3.107465 -132.139103 -1461.241806 5252.059467 0.730891 -0.681410 -0.038457 0.199016 0.158890 0.967030 0.652833 0.714447 -0.251743
1.044413 -139.813028 -1281.343533 -5850.944290 0.733196 -0.679884 -0.013491 0.028959 0.011397 0.999516 0.679400 0.733232 -0.028045
4.262328 -44.468354 -2306.119352 -106.265982 -0.398126 0.705108 -0.586787 -0.591362 0.291732 0.751787 -0.701275 -0.646309 -0.300828
-1.409167 -42.179802 -197.241580 1156.924005 -0.394121 0.724440 -0.565558 0.688070 -0.175371 -0.704134 -0.609285 -0.666658 -0.429348
26.878057 -42.929412 -10232.006563 670.015814 -0.388071 0.663942 -0.639204 0.686183 -0.254864 -0.681320 -0.615268 -0.703011 -0.356681
14.786086 -39.873315 -7334.691028 1720.475210 -0.373322 0.680711 -0.630288 0.768928 -0.153059 -0.620743 -0.519018 -0.716384 -0.466277
44.792699 -45.143323 -15535.331027 -237.879651 -0.402471 0.648697 -0.645918 -0.594993 0.350857 0.723106 -0.695702 -0.675345 -0.244760
115.932272 -44.230286 -34537.250496 946.670360 -0.375562 0.627919 -0.681668 0.675435 -0.318197 -0.665236 -0.634619 -0.710259 -0.304616
77.287270 -42.548052 -26424.581153 1448.792758 -0.378330 0.625920 -0.681975 0.761286 -0.208731 -0.613902 -0.526603 -0.751435 -0.397535
6.156933 -35.339995 1508.880952 -1105.391256 -0.599911 0.800020 -0.008671 -0.764196 -0.576189 -0.289845 0.236878 0.167255 -0.957034
-14.397280 -40.567230 1231.232259 529.347294 -0.487577 0.866773 -0.104756 -0.465795 -0.359729 -0.808474 0.738447 0.345398 -0.579134
-7.768923 -40.013666 2487.107173 729.377003 -0.544959 0.826876 -0.138908 -0.488924 -0.447973 -0.748514 0.681155 0.339994 -0.648407
-5.588748 -44.888659 -1580.388622 1672.884567 -0.622506 0.575687 -0.530161 0.482993 0.815627 0.318544 0.615796 -0.057768 -0.785785
-4.871153 -40.087723 -1805.998106 766.888582 -0.642355 0.529662 -0.553929 0.358609 0.846479 0.393539 0.677332 0.054148 -0.733682
-3.143340 -38.012591 -1545.180192 -339.217453 -0.638435 0.534052 -0.554246 0.331374 0.840669 0.428330 0.694688 0.089798 -0.713684
-6.628673 -261.674305 1731.217094 17977.672203 -0.566932 -0.444098 -0.693805 0.641356 0.290595 -0.710082 0.516962 -0.847544 0.120078
4.905459 -294.681060 5064.516307 42481.620828 -0.572431 -0.394899 -0.718595 0.604025 0.389580 -0.695256 0.554506 -0.832035 0.015522
-3.679128 -329.430057 2415.742609 67491.136311 -0.589239 -0.430902 -0.683463 0.318023 0.653933 -0.686464 0.742738 -0.621848 -0.248286
-3.739502 -267.201083 3161.916075 -17539.353402 -0.568242 -0.425844 -0.704101 0.779925 -0.005935 -0.625845 0.262333 -0.904777 0.335499
-9.806292 -278.572521 1695.310097 40640.870352 -0.544458 -0.455400 -0.704398 0.590465 0.388366 -0.707477 0.595749 -0.801113 0.057449
-9.934531 -281.501371 791.210697 -29131.437222 -0.558539 -0.469900 -0.683541 0.804744 -0.107243 -0.583854 0.201048 -0.876181 0.438048
39.453746 -32.015160 9743.812273 5964.218425 0.592724 -0.299823 0.747519 0.625331 -0.413607 -0.661732 0.507582 0.859672 -0.057666
60.170485 -45.300613 8109.702199 8689.445459 0.618650 -0.116062 0.777047 0.672022 -0.434193 -0.599886 0.407012 0.893312 -0.190617
41.016052 -30.931038 9016.372353 1244.627460 0.563046 -0.264019 0.783118 0.641497 -0.457786 -0.615560 0.521020 0.848956 -0.088387
19.888849 -31.844212 4551.781991 670.975726 0.597668 -0.350913 0.720870 -0.597091 0.405218 0.692301 0.535047 0.844191 -0.032659
20.063774 -40.266057 6170.328400 -6822.462036 0.657590 -0.369132 0.656748 -0.563523 0.337571 0.753981 0.500018 0.865903 -0.013969
-48.292902 -75.208969 -4547.860227 -3443.845948 -0.678109 0.143347 -0.720847 -0.062138 0.966102 0.250572 0.732330 0.214707 -0.646215
-41.016802 -75.484326 -4184.122694 -1460.369341 -0.596471 0.182794 -0.781543 -0.180634 0.918171 0.352610 0.782045 0.351495 -0.514643
-8.967922 -27.384531 -2109.097436 155.883897 -0.534543 0.788166 -0.305054 0.479195 -0.014668 -0.877586 0.696158 0.615288 0.369845
-4.692727 -27.542407 -1167.512489 -214.267325 -0.568161 0.786440 -0.242291 0.391797 -0.000402 -0.920051 0.723663 0.617666 0.307897
-10.980721 -28.137532 -2493.225018 41.156860 -0.516896 0.776979 -0.359335 0.461747 -0.100403 -0.881311 0.720838 0.621469 0.306870
-70.468745 -1316.572480 -3097.970116 -403053.409513 0.331922 0.440789 0.833986 0.943228 -0.143673 -0.299464 -0.012179 0.886038 -0.463453
7.631450 -6052.929534 28280.642078 -2957688.280237 0.419920 0.255645 0.870812 0.759519 -0.624212 -0.183002 0.496787 0.738245 -0.456287
-106.127296 -264.755663 21121.892507 -54474.055610 0.497520 0.514728 0.698233 0.735652 0.176165 -0.654050 -0.459662 0.839060 -0.291015
-59.939527 -362.459662 -2811.133996 -83769.834538 0.363811 0.514106 0.776748 0.821600 0.215790 -0.527644 -0.438879 0.830139 -0.343882
-4.651931 -581.844064 -2578.628098 -141405.566396 0.049352 -0.007132 0.998756 0.964085 0.261620 -0.045771 -0.260968 0.965145 0.019787
-16.234589 -255.622589 -5734.991103 4737.435276 0.016578 -0.008732 0.999824 0.959081 -0.282534 -0.018370 0.282645 0.959218 0.003690
1.731811 -299.771464 -2675.382275 -25477.625547 0.052295 -0.077940 0.995586 0.982875 -0.172382 -0.065122 0.176696 0.981942 0.067591
27.669395 -956.222906 5709.294841 -270678.501995 -0.004773 -0.055028 0.998473 0.951599 0.306593 0.021446 -0.307305 0.950249 0.050901
-42.494482 -55.142345 1451.001765 1200.238269 0.431314 -0.144139 -0.890614 0.901507 0.107591 0.419176 0.035403 -0.983691 0.176348
-40.142271 -53.544357 766.343458 -505.600961 0.453562 -0.091150 -0.886551 0.877316 0.220720 0.426144 0.156836 -0.971069 0.180077
71.182147 -100.133823 -7672.883393 1980.757592 0.908911 -0.352828 -0.222246 -0.000247 0.532521 -0.846417 -0.416990 -0.769373 -0.483927
66.236877 -80.650975 -7048.430789 3787.769465 0.947497 -0.272005 -0.168114 0.093604 0.738649 -0.667560 -0.305757 -0.616775 -0.725328
58.565194 -90.137135 -6572.383679 1413.565450 0.868981 -0.423626 -0.255761 0.114376 0.674798 -0.729086 -0.481446 -0.604309 -0.634839
