12242
24474
-37.613182 -62.254416 -2209.601514 8762.266458 -0.192263 0.978282 -0.077456 0.944549 0.163066 -0.285020 0.266199 0.127960 0.955387
-51.356400 -74.301537 -226.921475 6741.836921 0.314062 -0.938008 0.146652 0.946744 0.297872 -0.122261 0.070998 0.177240 0.981603
-41.572509 -82.550209 1768.286504 10156.335006 0.414835 -0.907213 0.069832 0.903114 0.401175 -0.153112 0.110890 0.126583 0.985738
-45.155139 -66.917165 359.887167 3752.236654 -0.174979 -0.947848 0.266397 0.977871 -0.198821 -0.065108 0.114678 0.249109 0.961662
-25.938357 -91.074216 -5008.390296 16047.454203 -0.382724 0.923386 0.029661 0.895700 0.378733 -0.232988 0.226372 0.062603 0.972027
-19.290602 -69.905110 -5601.213460 16029.016563 -0.235469 0.970833 0.045149 0.907467 0.236256 -0.347401 0.347934 0.040831 0.936629
-22.823374 -44.920532 -4095.410572 8040.467583 -0.053026 0.998092 -0.031633 0.916885 0.036113 -0.397513 0.395613 0.050082 0.917051
-29.887459 -42.704927 -469.034619 5152.322044 0.448934 0.842263 -0.298416 0.805722 -0.525956 -0.272363 0.386355 0.118167 0.914749
-35.654310 -51.833772 -930.109720 4720.066308 0.418523 0.864038 -0.279780 0.865818 -0.472600 -0.164343 0.274223 0.173457 0.945894
-53.682721 -69.839858 -1213.890267 -4326.320282 -0.180714 0.944088 0.275752 -0.270980 0.221724 -0.936701 0.945469 0.243999 -0.215760
-56.233297 -73.448206 -2100.339873 -4959.782263 -0.203006 0.957605 0.204406 -0.370719 0.118048 -0.921212 0.906287 0.262788 -0.331037
-55.616493 -68.205964 -1141.154057 -3816.153217 -0.187136 0.833670 0.519591 -0.341952 0.440570 -0.830041 0.920896 0.333005 -0.202628
-49.642233 -73.690457 -635.651152 -3319.245865 -0.125388 0.985483 0.114458 -0.289738 0.073965 -0.954244 0.948857 0.152814 -0.276258
-50.335399 -63.407024 -952.037072 -693.109710 -0.178734 0.798446 0.574925 -0.260885 0.524959 -0.810159 0.948680 0.294792 -0.114474
-48.545362 -64.829329 -748.745538 -921.017147 -0.161407 0.959001 0.232949 -0.188593 0.201721 -0.961115 0.968700 0.199063 -0.148302
-0.662948 -14.921031 -3155.713859 443.172908 0.537096 -0.537674 0.649949 0.771797 0.624164 -0.121444 -0.340378 0.566856 0.750212
1.709919 -15.941831 -2012.034642 -838.941766 0.423963 -0.619424 0.660733 0.820705 0.571282 0.008956 -0.383013 0.538470 0.750567
-1.863812 -12.621630 -1730.627273 176.844765 0.269580 -0.716937 0.642906 0.888303 0.442912 0.121435 -0.371812 0.538359 0.756258
-6.590362 -10.956882 -418.477500 1444.363557 0.135909 -0.776090 0.615803 0.933388 0.308685 0.183032 -0.332138 0.549908 0.766346
-5.398744 -12.823993 -3322.545369 113.092871 0.717093 -0.369765 0.590806 -0.619467 -0.726628 0.297108 -0.319436 0.579038 0.750117
-6.140848 -40.764062 4356.974743 -759.028825 0.291712 0.930998 -0.219423 0.383402 -0.323976 -0.864895 0.876303 -0.168173 0.451454
-8.573204 -43.932631 4562.741832 -2086.795234 0.281851 0.935987 -0.210921 0.319663 -0.298881 -0.899158 0.904641 -0.186005 0.383440
8.552907 -42.899143 5739.029718 -398.613521 0.257659 0.955169 -0.145820 0.392545 -0.241379 -0.887494 0.882905 -0.171430 0.437140
22.764383 -47.083171 5632.220612 176.446073 0.268127 0.961424 -0.061422 0.396809 -0.168311 -0.902338 0.877867 -0.217569 0.426631
21.089773 -45.046092 5619.740309 -98.135307 0.284411 0.950586 -0.124489 0.452244 -0.247523 -0.856859 0.845332 -0.187400 0.500295
-6.961338 -48.762549 -213.234465 0.320021 0.335594 0.939754 -0.065108 0.935411 -0.324283 0.140878 -0.111277 0.108180 0.987884
-7.202843 -48.488138 138.374381 111.416378 -0.339495 -0.936463 0.088204 0.931606 -0.321821 0.168942 -0.129822 0.139526 0.981671
-7.476893 -51.599826 -348.238879 922.890861 0.309204 0.949094 -0.060114 0.907657 -0.275658 0.316498 -0.283815 0.152425 0.946687
-6.574075 -51.977024 -354.709605 873.904593 0.300673 0.952931 -0.038966 0.924285 -0.281074 0.258253 -0.235146 0.113665 0.965291
-7.551474 -56.030230 -391.699073 1607.940234 0.262435 0.963625 -0.050545 0.874343 -0.215307 0.434933 -0.408229 0.158335 0.899043
-7.569844 -54.563608 -149.655610 1288.589651 0.270537 0.959144 -0.082776 0.845831 -0.195750 0.496238 -0.459760 0.204265 0.864232
3.024072 -52.486647 -122.365896 -592.870001 0.269639 0.962918 -0.009159 0.876382 -0.249326 -0.412057 0.399061 -0.103080 0.911112
2.082995 -50.776070 -137.528730 -99.464974 0.248992 0.968504 -0.001858 0.937806 -0.241578 -0.249318 0.241914 -0.060336 0.968420
2.640221 -53.266725 337.134278 -729.138469 0.251205 0.967671 -0.022551 0.886839 -0.239431 -0.395209 0.387832 -0.079279 0.918314
2.858105 -55.977573 531.033178 -1074.313617 0.269789 0.962098 -0.039769 0.800084 -0.246955 -0.546698 0.535798 -0.115675 0.836385
3.496819 -55.079034 26.546816 -889.413717 0.284263 0.958448 -0.023919 0.786543 -0.247399 -0.565812 0.548219 -0.142026 0.824187
4.900692 -107.322602 2330.158833 4655.419531 -0.140176 0.971138 -0.192982 0.682746 -0.046353 -0.729184 0.717083 0.233972 0.656543
8.696624 -106.033168 1698.600014 3812.824637 -0.105532 0.979259 -0.172960 0.793035 -0.022061 -0.608776 0.599965 0.201408 0.774259
4.364492 -105.605584 1318.015503 -4405.040501 -0.117174 0.977602 -0.174825 0.855946 0.010144 -0.516965 0.503613 0.210216 0.837964
258.938628 -50.998427 209261.534806 -518.501605 0.250158 0.895706 -0.367603 -0.741044 0.421480 0.522694 -0.623117 -0.141654 -0.769194
276.822922 -43.481518 258762.130367 -3930.282647 0.209899 0.916326 -0.341013 -0.792134 0.363826 0.490056 -0.573120 -0.167266 -0.802219
126.128391 -47.743991 106631.196876 -1522.650103 0.297196 0.896327 -0.329048 -0.732522 0.435084 0.523558 -0.612443 -0.085435 -0.785885
216.470926 -52.968793 159773.339721 -438.632892 0.301380 0.867121 -0.396575 -0.670477 0.488446 0.558464 -0.677961 -0.097584 -0.728592
3.273113 -36.296872 -4483.725503 3478.826907 0.469562 -0.298020 0.831081 0.498254 0.866538 0.029220 -0.728872 0.400369 0.555383
-3.924335 -33.094918 -2814.033118 2013.527188 0.415381 -0.405640 0.814196 0.606869 0.790335 0.084144 -0.677620 0.459159 0.574460
7.547400 -31.364406 -3452.434319 1413.020539 0.495247 -0.283104 0.821329 0.493966 0.869479 0.001849 -0.714652 0.404793 0.570451
12.292073 -38.839824 -3361.805791 3879.992186 0.550402 -0.184826 0.814185 0.397015 0.915816 -0.060492 -0.734463 0.356539 0.577446
-12.434258 -103.062535 892.228769 -5578.510528 0.915593 -0.237611 0.324392 -0.117889 0.612662 0.781503 0.384436 0.753781 -0.532938
-11.365061 -98.968154 1118.102228 -5915.325149 0.920396 -0.219917 0.323277 -0.099601 0.667666 0.737768 0.378088 0.711238 -0.592613
-12.271627 -109.188346 1342.101142 -3377.328772 0.926385 -0.237356 0.292357 -0.151583 0.475644 0.866479 0.344722 0.847009 -0.404651
-11.728535 -89.533330 673.462727 -4691.151102 0.919179 -0.213401 0.331013 -0.066659 0.744053 0.664787 0.388158 0.633123 -0.669693
-11.955586 -110.712451 1001.271268 -5699.251979 0.923299 -0.241515 0.298645 -0.173461 0.431536 0.885262 0.342680 0.869165 -0.356543
-10.358485 -90.274441 1947.077155 -2677.276662 0.899990 -0.225939 0.372785 -0.087952 0.743480 0.662949 0.426944 0.629435 -0.649253
-10.643763 -97.537695 338.725256 -3768.938879 0.904475 -0.227728 0.360644 -0.073917 0.749057 0.658370 0.420072 0.622137 -0.660670
25.226072 -38.042786 9727.375520 2300.981938 0.257100 0.827551 0.499058 -0.091155 0.534883 -0.839995 0.962076 -0.170471 -0.212953
36.892342 -36.393077 8023.990444 1992.495759 0.332943 0.785594 0.521528 -0.097598 0.578823 -0.809592 0.937883 -0.218648 -0.269387
36.488736 -42.439709 7916.577318 4552.991062 0.319429 0.816921 0.480213 -0.056779 0.522352 -0.850838 0.945908 -0.244516 -0.213238
36.731944 -56.492908 4976.348545 7438.518977 0.373877 0.837207 0.399124 -0.017735 0.436707 -0.899429 0.927309 -0.329197 -0.178122
24.471533 -47.253402 7355.491581 4107.707885 0.261494 0.861664 0.434921 -0.016277 0.454472 -0.890612 0.965068 -0.225811 -0.132867
-6.702291 -123.906263 -1945.060284 -1265.962440 0.975358 0.004732 0.220577 0.074964 0.933182 -0.351499 0.207502 -0.359372 -0.909832
-6.409783 -137.758675 -375.711261 4924.724595 0.971885 0.042134 0.231656 0.088917 0.845331 -0.526791 0.218022 -0.532578 -0.817818
-6.360633 -151.892812 -2640.390240 5097.515040 0.983178 0.019009 0.181659 0.075915 0.862069 -0.501072 0.166127 -0.506434 -0.846124
-6.646652 -191.541185 -2126.010183 22515.533426 0.981394 0.061678 0.181826 0.079169 0.732756 -0.675871 0.174921 -0.677691 -0.714240
-8.436380 -130.837262 1825.645717 2983.952460 -0.978625 -0.001932 -0.205646 0.031925 0.986406 -0.161196 0.203162 -0.164315 -0.965259
-5.218602 -131.693798 -559.691174 -826.139579 0.974521 0.034079 0.221692 0.051115 0.928640 -0.367445 0.218394 -0.369414 -0.903237
-2.212810 -163.509405 -1042.311182 7962.390750 0.977555 0.042172 0.206414 0.102022 0.762462 -0.638939 0.184328 -0.645657 -0.741047
-3.841395 -196.231840 -1288.194214 19779.220653 0.981164 0.059721 0.183715 0.097694 0.667041 -0.738588 0.166654 -0.742624 -0.648642
12.842903 -379.811721 -5545.350254 62881.052217 -0.866509 0.392802 -0.308008 0.330664 0.913943 0.235306 0.373930 0.102047 -0.921826
63.008300 -750.688185 -23462.035138 133444.595904 0.895397 -0.403666 0.187930 0.445249 0.815658 -0.369399 0.004173 -0.414435 -0.910069
20.776084 -592.222607 -77.986089 115647.535173 -0.899641 0.303128 -0.314262 0.322894 0.946365 -0.011515 0.293916 -0.111832 -0.949267
277.628485 -7574.968037 -39127.324572 3518942.940145 -0.864319 0.372383 -0.338057 0.148113 0.830810 0.536486 0.480640 0.413625 -0.773240
-4.182444 -256.018416 -5438.679995 28954.843569 -0.837928 0.483786 -0.252644 0.247548 0.749434 0.614059 0.486413 0.451995 -0.747732
6.239164 -420.232867 -11988.280002 90581.538462 -0.904375 0.280279 -0.321790 0.108929 0.880711 0.460959 0.412601 0.381828 -0.827024
3.918795 -103.225112 3869.037206 -4465.479418 -0.928539 0.146181 -0.341243 0.046153 0.957534 0.284603 0.368355 0.248515 -0.895854
4.206240 -97.168116 -374.117962 -4294.738238 -0.888698 0.195196 -0.414866 0.095288 0.963723 0.249316 0.448481 0.182035 -0.875059
6.770681 -109.245111 -250.773140 -6309.386011 -0.893141 0.216556 -0.394211 -0.002027 0.874513 0.484998 0.449771 0.433971 -0.780625
1.259163 -91.061254 459.636460 -2983.295241 -0.901701 0.155347 -0.403488 0.153955 0.987418 0.036111 0.404021 -0.029557 -0.914272
1.886326 -95.634951 2335.855708 -2892.044786 -0.918077 0.139176 -0.371166 0.113513 0.989431 0.090233 0.379802 0.040708 -0.924172
38.389615 8.974858 11616.262763 4040.029850 -0.525163 -0.700867 -0.482690 -0.398471 0.703700 -0.588241 0.751947 -0.116585 -0.648832
23.264077 -10.906650 -3605.290646 10360.612470 0.278612 0.948661 0.149728 -0.577670 0.290079 -0.762989 0.767250 -0.126084 -0.628832
40.623790 11.638811 -9318.222127 7640.416784 0.428816 0.797511 0.424374 -0.486937 0.599722 -0.635001 0.760926 -0.065655 -0.645508
24.403682 2.919699 -6768.180386 5604.611244 0.474601 0.801978 0.362747 -0.465306 0.578420 -0.670015 0.747158 -0.149202 -0.647684
52.349090 18.697532 10982.197072 1116.333138 -0.515753 -0.561430 -0.647144 -0.301998 0.826011 -0.475923 0.801745 -0.050023 -0.595569
48.518299 15.972644 8809.419798 -2947.529852 -0.517373 -0.498253 -0.695751 -0.184066 0.858784 -0.478132 0.835730 -0.119308 -0.536023
-22.867640 -33.261325 -712.377590 -5794.416346 0.209913 0.091010 0.973475 -0.619946 0.782305 0.060543 -0.756044 -0.616211 0.220637
-24.038790 -39.130092 4162.395763 -3837.977162 0.061403 0.271402 0.960505 -0.594576 0.782889 -0.183204 -0.801691 -0.559844 0.209441
-25.834463 -35.560633 1687.503157 -5737.872427 0.122179 0.174251 0.977092 -0.632433 0.772390 -0.058664 -0.764919 -0.610778 0.204572
207.723850 -3219.749959 79836.962064 -521326.090457 0.415484 -0.015417 0.909470 -0.245583 0.960824 0.128480 -0.875821 -0.276731 0.395421
-200.279996 -10684.439474 -166796.926125 5651556.907783 0.866274 -0.031858 0.498552 0.221651 -0.869848 -0.440721 -0.447705 -0.492290 0.746466
-174.680073 -1348.137843 1249.175109 -486691.751480 0.977656 0.209066 0.021914 0.173323 -0.860689 0.478720 -0.118945 0.464225 0.877694
-57.642335 -396.071803 -3443.545221 256212.805882 0.751104 -0.367523 -0.548424 -0.501603 0.222402 -0.836021 -0.429228 -0.903031 0.017303
-153.384624 -1037.468646 -34212.152925 297876.535582 0.756990 0.498035 0.422998 -0.188876 0.786495 -0.588006 -0.625533 0.365220 0.689436
-42.584241 -102.452828 24310.629624 9614.805953 -0.473195 0.818128 0.326729 -0.834391 -0.535203 0.131715 -0.282626 0.210293 -0.935895
-118.550280 -287.938863 40547.514775 -59575.557171 -0.026776 0.960525 0.276903 0.987464 0.068521 -0.142198 -0.155558 0.269624 -0.950318
-209.909060 -549.753227 -4371.910144 180449.550850 -0.717164 -0.691388 0.087512 -0.629176 0.696342 0.345319 -0.299688 0.192590 -0.934396
-56.933623 -191.764992 10743.609576 54055.221093 -0.913181 0.018884 0.407117 0.050177 0.996536 0.066326 -0.404454 0.080996 -0.910965
-156.959761 -585.745411 31678.506769 198788.589926 -0.913715 -0.321293 0.248788 -0.329936 0.943975 0.007336 -0.237206 -0.075381 -0.968530
-75.365368 -409.427509 17151.961674 126835.175890 -0.901323 -0.160273 0.402405 -0.152174 0.986971 0.052252 -0.405537 -0.014140 -0.913969
12.652201 -16.847936 -61.262454 4530.360246 0.696472 -0.113103 0.708614 0.414373 0.869607 -0.268473 -0.585851 0.480615 0.652524
6.696748 -12.288430 3693.941481 -5089.730795 0.800182 -0.045103 0.598059 -0.334970 -0.860758 0.383264 -0.497498 0.507013 0.703870
12.907099 -26.947367 2853.656945 3097.635305 0.764864 -0.089307 0.637971 0.317160 0.914205 -0.252267 -0.560707 0.395289 0.727567
88.481543 -99.507692 -3907.993805 1168.878957 0.122829 0.757231 0.641494 -0.542564 -0.490002 0.682292 -0.830986 0.431857 -0.350659
85.130001 -115.763510 1002.038893 7350.635784 0.142391 0.737105 0.660606 -0.689398 -0.405050 0.600553 -0.710250 0.540934 -0.450484
88.464695 -100.943641 8762.864880 7658.722454 0.264349 0.641729 0.719933 -0.580311 -0.490387 0.650199 -0.770298 0.589665 -0.242769
86.648432 -87.077758 3987.614728 3065.570564 0.318073 0.649240 0.690881 -0.456939 -0.533520 0.711732 -0.830685 0.542073 -0.126965
84.395137 -81.417241 -6058.116508 1672.130562 0.185606 0.754881 0.629051 -0.327856 -0.555915 0.763852 -0.926316 0.348013 -0.144311
80.113835 -96.963312 -10264.585671 -1369.192237 -0.037701 0.836323 0.546940 -0.451675 -0.502490 0.737220 -0.891385 0.219245 -0.396691
15.854856 -17.437505 -2573.209090 -1710.630687 0.734880 0.503829 0.453991 -0.064124 0.718028 -0.693054 -0.675159 0.480200 0.559972
27.805674 -16.470530 -3208.802002 -106.668472 0.750504 0.437819 0.495034 0.023634 0.730809 -0.682173 -0.660444 0.523673 0.538127
29.289420 -18.963685 -7039.260269 -3289.966127 0.749770 0.274484 0.602082 0.135439 0.826980 -0.545674 -0.647689 0.490675 0.582869
22.221067 -11.023675 -4334.056594 -4257.517158 0.768403 0.174680 0.615665 0.181388 0.863130 -0.471281 -0.613722 0.473808 0.631547
9.363495 -13.416037 -4469.611940 -3459.034217 0.719947 0.504848 0.476240 -0.098488 0.753569 -0.649949 -0.687005 0.421025 0.592251
15.803458 -56.573684 3703.922584 5238.648125 -0.274279 0.959129 -0.069588 -0.443846 -0.062066 0.893951 -0.853096 -0.276078 -0.442729
10.605207 -61.849795 4943.113684 2205.887375 -0.335693 0.940717 0.048590 -0.511538 -0.225370 0.829179 -0.790974 -0.253494 -0.556868
2.131084 -50.677156 1796.092181 4200.533418 -0.248280 0.962953 -0.105254 -0.510663 -0.037779 0.858951 -0.823153 -0.267010 -0.501124
27.298065 -64.720314 5500.319489 4638.739610 -0.354124 0.935127 0.011537 -0.410827 -0.166635 0.896356 -0.840129 -0.312681 -0.443185
17.599516 -42.036508 3694.003650 5258.573141 -0.145613 0.955301 -0.257289 -0.439243 0.170600 0.882021 -0.886489 -0.241446 -0.394767
33.717116 -51.540959 5251.124405 7217.273916 -0.256073 0.954761 -0.151185 -0.358077 0.051585 0.932266 -0.897890 -0.292865 -0.328669
-2.612725 -46.088757 -888.124872 282.980286 0.122116 0.974609 -0.187684 -0.816992 0.206081 0.538567 -0.563570 -0.087569 -0.821414
-0.808074 -48.403826 -856.925257 1016.002059 0.122086 0.973561 -0.193063 -0.896248 0.191710 0.399983 -0.426420 -0.124200 -0.895958
-1.914287 -46.345681 -209.493065 -296.273234 0.110763 0.980418 -0.162826 -0.818897 0.182867 0.544029 -0.563151 -0.073079 -0.823116
3.258485 -51.405618 -190.085030 1575.858333 0.027906 0.992495 -0.119059 -0.964497 0.058026 0.257641 -0.262616 -0.107642 -0.958877
3.450490 -51.385083 -174.928810 1597.492528 0.050718 0.988845 -0.140051 -0.966063 0.084139 0.244220 -0.253279 -0.122911 -0.959553
4.249083 -56.222234 94.469100 -1992.052904 0.045313 0.991636 -0.120853 0.995809 -0.054457 -0.073470 -0.079437 -0.117017 -0.989948
3.307668 -56.829209 296.881237 2254.902686 0.039636 0.994142 -0.100551 -0.994465 0.049047 0.092918 -0.097306 -0.096312 -0.990583
3.337339 -61.720717 692.508129 1544.166785 0.056529 0.994025 -0.093371 -0.993322 0.046575 -0.105552 0.100573 -0.098714 -0.990020
5.067768 -60.703023 523.821631 1063.619352 0.060842 0.991783 -0.112541 -0.990281 0.045850 -0.131304 0.125065 -0.119436 -0.984933
-0.056980 -103.796033 1760.040885 -467.775457 -0.461138 0.875234 0.146005 0.848175 0.386444 0.362297 0.260672 0.290907 -0.920556
6.503612 -102.287692 2647.908172 4164.956833 -0.443630 0.881634 0.160978 0.836276 0.342646 0.428061 0.322235 0.324522 -0.889297
0.957064 -101.541774 2467.305813 -3472.139387 -0.465206 0.871137 0.157174 -0.763972 -0.305428 -0.568385 0.447135 0.384493 -0.807611
-5.818023 -102.991045 1592.836778 -471.632374 -0.465666 0.874758 0.133994 -0.786507 -0.339681 -0.515775 0.405663 0.345565 -0.846181
-4.927400 -101.056068 1061.033957 -3530.687291 -0.446305 0.885213 0.131183 0.870480 0.395447 0.293062 0.207547 0.244987 -0.947051
619.231179 -60.614700 165352.354097 7325.186785 -0.261353 -0.386237 -0.884599 0.930845 -0.343331 -0.125110 -0.255388 -0.856122 0.449257
541.028150 -57.668733 123659.261938 14274.968099 -0.215109 -0.611046 -0.761808 0.963504 -0.260063 -0.063464 -0.159339 -0.747656 0.644687
710.514632 -58.223640 234176.868062 23213.569030 -0.223945 -0.333700 -0.915693 0.963059 -0.219945 -0.155375 -0.149554 -0.916662 0.370628
882.977814 -58.383175 -85526.439732 3127.969828 -0.353719 -0.112243 -0.928593 0.908835 -0.275956 -0.312837 -0.221137 -0.954594 0.199621
631.825510 -59.118737 -72350.153658 -2842.713276 -0.299119 -0.189445 -0.935221 0.893864 -0.398655 -0.205137 -0.333968 -0.897321 0.288583
-6.734364 -190.290316 1416.742808 27821.946815 0.730188 0.064048 -0.680238 -0.629647 0.449626 -0.633547 -0.265275 -0.890918 -0.368639
-5.482680 -198.261384 615.982412 37601.841332 0.734497 0.074479 -0.674512 -0.574283 0.597769 -0.559349 -0.361542 -0.798201 -0.481832
-7.909030 -237.415508 1365.214522 38063.335851 0.713493 0.089535 -0.694918 -0.683410 0.307664 -0.662037 -0.154526 -0.947273 -0.280705
-9.389780 -203.927932 2257.021980 -16981.466436 0.702068 0.077106 -0.707923 0.711715 -0.109067 0.693950 -0.023704 -0.991039 -0.131450
-6.929740 -179.499931 543.227483 23199.409635 0.721720 0.035101 -0.691294 -0.661185 0.330495 -0.673504 -0.204828 -0.943155 -0.261733
252.970810 -35.059142 53632.032570 -2693.591473 0.262160 0.898337 0.352508 0.840182 -0.032777 -0.541314 0.474728 -0.438082 0.763360
645.909415 -23.027223 -152750.508780 -2306.614608 -0.217972 -0.677493 -0.702490 0.912374 0.114099 -0.393135 0.346500 -0.726625 0.593257
465.654996 -23.026720 -128460.422901 1451.179275 -0.210312 -0.813591 -0.542068 0.900950 0.053970 -0.430554 0.379551 -0.578927 0.721654
-2.033900 -54.601449 -1178.301201 -2752.689595 0.149590 0.957393 0.247024 0.913727 -0.038396 -0.404511 0.377791 -0.286224 0.880540
-5.123079 -57.485344 -1120.480724 -2265.767653 0.185696 0.959797 0.210490 0.843479 -0.045817 -0.535205 0.504045 -0.276930 0.818076
-6.506559 -52.332862 -1336.787361 -2777.708796 0.160687 0.959741 0.230384 0.924214 -0.064383 -0.376408 0.346422 -0.273408 0.897352
1409.577437 -29.496598 -714803.008666 -3529.453723 -0.246250 -0.811007 -0.530687 0.944572 -0.078154 -0.318866 0.217127 -0.579793 0.785300
900.166784 -25.000876 -353082.995928 -474.665302 -0.169372 -0.798459 -0.577734 0.944355 0.036232 -0.326926 0.281969 -0.600958 0.747892
1213.005407 -24.127116 -603258.783973 -2572.402556 -0.258525 -0.644815 -0.719290 0.950249 -0.035820 -0.309424 0.173756 -0.763499 0.621995
-5.851557 -155.274172 -735.912373 -12373.597992 0.789528 0.237044 -0.566087 0.467618 -0.829736 0.304747 0.397465 0.505319 0.765947
-1.389280 -172.282978 -2829.981856 9798.731542 0.819104 0.199920 -0.537681 -0.312728 0.941397 -0.126380 0.480906 0.271667 0.833623
-6.490118 -172.317925 598.016749 2705.030679 0.782728 0.187462 -0.593461 -0.311849 0.943350 -0.113320 0.538598 0.273769 0.796846
-8.555746 -161.665515 2730.060948 -10605.141201 0.781493 0.181128 -0.597044 0.447215 -0.829881 0.333611 0.435049 0.527722 0.729550
-25.276080 -51.928202 -7346.800414 -754.134530 0.026517 0.995233 -0.093848 -0.798207 0.077597 0.597364 -0.601799 -0.059070 -0.796460
-20.766091 -55.812642 -3732.065266 -453.516287 -0.036644 0.998651 -0.036800 -0.745787 -0.002817 0.666178 -0.665175 -0.051857 -0.744884
-22.411690 -52.985028 -9329.695637 1387.177802 -0.158079 0.984659 0.073880 -0.688711 -0.163565 0.706346 -0.707594 -0.060776 -0.704001
47.265692 -323.681107 35075.457246 79441.140176 -0.407644 0.107373 0.906806 0.237252 0.971412 -0.008370 -0.881781 0.211730 -0.421464
270.167859 -531.636109 80917.718053 189491.074031 -0.309660 0.334313 0.890138 0.315182 0.919315 -0.235626 -0.897090 0.207592 -0.390045
-219.061750 -474.229000 38814.699520 120743.040775 0.264278 -0.488173 0.831772 -0.124061 0.838062 0.531282 -0.956434 -0.243597 0.160918
-26.112275 -706.730392 12004.273890 215420.016485 -0.518396 -0.487856 0.702326 -0.025221 0.829664 0.557693 -0.854768 0.271392 -0.442399
1.011941 -887.482448 36401.445990 -123496.494709 -0.339554 -0.600884 0.723631 -0.668571 0.695335 0.263670 -0.661601 -0.394268 -0.637837
350.867936 -346.579751 300862.629135 465973.654515 -0.156515 -0.978662 -0.133129 0.987667 -0.155633 -0.017071 -0.004013 -0.134159 0.990952
-99.410862 -245.361037 -15275.516140 -54818.618938 0.963910 0.263731 0.036388 0.189510 -0.583705 -0.789541 0.186986 -0.767942 0.612619
-15.064577 -937.167588 -1023.166993 326118.053113 0.406246 0.769322 -0.493060 0.123868 0.488247 0.863870 -0.905329 0.412018 -0.103054
20.800985 -47.958462 -572.268665 -627.626281 -0.020014 0.995590 0.091657 -0.781698 0.041574 -0.622269 0.623335 0.084102 -0.777419
17.872731 -49.089314 1648.064003 583.023156 -0.019853 0.996985 0.075013 -0.781639 0.031305 -0.622945 0.623415 0.071000 -0.778661
17.619148 -49.989887 -1253.010808 1678.221704 0.001354 0.995625 0.093433 -0.724495 0.065378 -0.686173 0.689279 0.066763 -0.721413
24.287490 -48.770195 -3532.582100 812.168124 -0.013078 0.994677 0.102211 -0.714142 0.062256 -0.697227 0.699879 0.082112 -0.709526
17.160310 -50.744544 -1363.202423 1543.611088 0.002665 0.996533 0.083152 -0.643097 0.065384 -0.762988 0.765780 0.051442 -0.641042
22.152225 -49.257466 -4034.668127 1130.206551 0.001214 0.995900 0.090452 -0.637314 0.070473 -0.767375 0.770603 0.056715 -0.634787
-23.937423 -44.096089 8471.800717 310.484268 -0.210459 0.812138 0.544186 0.962349 0.074159 0.261506 0.172023 0.578733 -0.797167
-9.393440 -43.511396 7790.984901 106.969801 -0.182761 0.808243 0.559769 0.968891 0.051425 0.242086 0.166879 0.586599 -0.792498
-7.032450 -41.209749 6973.159259 1638.325285 -0.186281 0.813873 0.550373 0.937867 -0.019616 0.346440 0.292754 0.580712 -0.759650
-22.636694 -42.227287 7551.375376 1548.928985 -0.228026 0.816474 0.530447 0.926746 0.014939 0.375391 0.298572 0.577189 -0.760071
-100.689738 -921.145817 16324.345140 229650.326636 0.947501 0.318336 0.030057 -0.245654 0.664537 0.705723 -0.204683 0.676057 -0.707850
-107.077106 -7604.206269 129812.513132 2816573.072660 0.856080 0.499275 0.133611 -0.498828 0.730497 0.466417 -0.135268 0.465940 -0.874416
-219.831468 -1003.286150 -109140.678679 292681.350600 0.769487 -0.014732 -0.638492 0.504139 0.627770 0.593085 -0.392089 0.778260 -0.490488
-94.944125 -162.115103 -10554.800666 32647.553237 0.851252 0.365657 -0.376384 0.189585 0.454510 0.870332 -0.489314 0.812229 -0.317579
-4.663377 -769.649614 23319.064636 214011.157649 0.830784 0.512134 0.217983 -0.395999 0.268650 0.878073 -0.391130 0.815810 -0.425995
-125.626902 -330.801694 -24523.074921 -58370.549378 0.852484 0.333046 0.402929 0.190659 0.519603 -0.832864 0.486745 -0.786825 -0.379455
-210.730365 -297.078804 -26946.695280 11829.419685 0.675338 0.718112 0.168026 -0.229916 0.421474 -0.877211 0.700755 -0.553782 -0.449743
-251.079658 -465.614538 -53883.196992 -87344.950774 0.786286 0.420522 0.452676 0.361142 0.281667 -0.888955 0.501329 -0.862453 -0.069603
-104.913647 -569.383026 -23201.928213 -136124.910950 0.909392 0.306244 0.281462 0.242007 0.160789 -0.956859 0.338288 -0.938276 -0.072107
-46.912777 -77.775694 -263.715871 -65.617839 -0.305123 0.946778 -0.102522 0.943252 0.315279 0.104280 -0.131053 0.064886 0.989250
-49.007253 -76.621576 -599.900058 3843.275598 0.035963 -0.967858 0.248914 0.998303 0.046210 0.035444 -0.045807 0.247217 0.967877
-55.430214 -79.493608 -1352.289527 3129.344469 0.266850 -0.944001 0.194046 0.955510 0.285408 0.074454 -0.125667 0.165545 0.978163
-50.771875 -72.451906 -2868.815596 668.699556 -0.119737 0.988820 0.088866 -0.523742 0.013129 -0.851776 0.843420 0.148532 -0.516314
2.629190 -14.040040 -1618.858005 -1168.577878 0.190123 -0.749474 0.634147 0.889313 0.405107 0.212157 -0.415903 0.523619 0.743537
6.001821 -16.819130 -960.521863 -905.775477 0.323814 -0.692933 0.644196 0.849699 0.512454 0.124111 -0.416122 0.507184 0.754724
-13.246865 -41.333015 1759.615506 -1714.409586 0.356008 0.900913 -0.248221 0.357767 -0.376788 -0.854420 0.863285 -0.215375 0.456457
-16.390676 -44.871134 2447.409363 -2477.813455 0.357196 0.891326 -0.279195 0.262549 -0.382677 -0.885791 0.896370 -0.243098 0.370707
-12.463348 -47.497881 2797.659153 -2838.241171 0.305709 0.928476 -0.210888 0.221969 -0.284889 -0.932506 0.925890 -0.238265 0.293186
-4.531518 -47.087611 5099.664141 -2614.459426 0.234887 0.962920 -0.132716 0.246860 -0.191153 -0.950011 0.940153 -0.190383 0.282606
-7.324461 -46.532092 125.719742 -349.324276 -0.345999 -0.930766 0.118147 0.938132 -0.345074 0.028860 0.013907 0.120823 0.992577
-6.519258 -46.631033 -411.500020 -188.638746 -0.319410 -0.937706 0.136695 0.933923 -0.287068 0.213026 -0.160515 0.195705 0.967437
2.025359 -51.516241 181.110925 -5.453246 0.227280 0.973775 -0.010312 0.945494 -0.223190 -0.237123 0.233206 -0.044144 0.971425
10.263888 -101.403025 2054.379356 8263.220390 -0.106762 0.975321 -0.193265 0.631611 -0.083593 -0.770765 0.767899 0.204356 0.607099
11.458331 -102.638425 971.295629 9612.133606 -0.065384 0.985415 -0.157106 0.741129 -0.057468 -0.668899 0.668172 0.160171 0.726562
6.201914 -100.698426 2605.418176 6276.298359 -0.134522 0.968803 -0.208144 0.510436 -0.112292 -0.852553 0.849329 0.220932 0.479406
14.066602 -91.378899 1027.491809 7262.534631 -0.043372 0.980343 -0.192475 0.600308 -0.128426 -0.789391 0.798592 0.149782 0.582937
12.387047 -92.112337 1915.338434 2927.877076 -0.081140 0.971597 -0.222296 0.489074 -0.155523 -0.858265 0.868460 0.178359 0.462564
317.757492 -38.263362 333787.845358 -5695.926138 0.140142 0.934095 -0.328370 -0.844980 0.285698 0.452090 -0.516109 -0.214109 -0.829330
463.716730 -40.776815 326011.252290 -8576.782379 0.088108 0.876716 -0.472871 -0.841644 0.319437 0.435425 -0.532796 -0.359624 -0.766028
119.695007 -38.799229 118557.970945 -4743.138229 0.229516 0.922327 -0.310863 -0.802196 0.360129 0.476223 -0.551184 -0.140072 -0.822542
549.318435 -44.272895 540596.648308 -6865.313067 0.028064 0.898100 -0.438895 -0.873035 0.235866 0.426821 -0.486849 -0.371193 -0.790692
330.138441 -33.831280 418564.528162 -1637.691240 0.038875 0.953672 -0.298325 -0.875058 0.176637 0.450636 -0.482454 -0.243533 -0.841385
139.109382 -33.093654 141470.860907 -4312.213704 0.152459 0.939584 -0.306495 -0.853886 0.281379 0.437841 -0.497630 -0.194958 -0.845196
-16.553667 -43.520859 -4945.974660 3349.490055 0.436925 -0.384519 0.813168 0.577240 0.813181 0.074367 -0.689848 0.436900 0.577259
-10.900276 -37.052939 -4595.681055 2074.519781 0.302532 -0.534566 0.789122 0.706126 0.681798 0.191149 -0.640203 0.499391 0.583737
-6.922648 -31.318037 1076.224809 590.960072 -0.178091 0.654820 -0.734503 0.788343 0.541659 0.291753 -0.588896 0.527082 0.612688
4.613335 -25.030111 -2200.740045 1012.607412 0.507284 -0.307891 0.804901 0.531901 0.846730 -0.011336 -0.678044 0.433879 0.593301
-2.075778 -24.354414 -207.158418 1037.087205 0.328233 -0.532322 0.780318 0.708444 0.685137 0.169392 -0.624796 0.497212 0.602005
2372.301561 -6.053221 908099.880481 22124.654065 -0.232889 0.259970 -0.937112 0.961402 -0.083636 -0.262127 -0.146522 -0.961988 -0.230458
8764.512422 -235.467392 14078205.525387 89490.035183 -0.078640 0.940634 -0.330188 0.955668 -0.023141 -0.293534 -0.283749 -0.338634 -0.897114
1964.899793 -27.194233 -1478418.546484 31815.179433 -0.320777 0.133083 -0.937759 0.940223 -0.074822 -0.332238 -0.114380 -0.988277 -0.101127
26270.711933 184.927356 26704789.628361 -779579.958174 0.217608 0.865747 -0.450697 0.925363 -0.329850 -0.186822 -0.310403 -0.376404 -0.872909
5421.103746 -42.957904 -9921638.354139 65122.680099 -0.259210 -0.575512 -0.775626 0.960443 -0.068971 -0.269799 0.101777 -0.814880 0.570625
4255.264519 10.724182 6346143.141638 -10508.980530 -0.172506 0.394223 -0.902679 0.941257 -0.204114 -0.269020 -0.290304 -0.896061 -0.335855
2669.719132 37.583617 -3506284.736016 30088.569763 -0.276019 -0.513809 -0.812289 0.960945 -0.129988 -0.244310 0.019941 -0.848000 0.529621
-15.166574 -45.298454 1626.110959 -584.975736 -0.036348 -0.985387 0.166404 0.993915 -0.052972 -0.096576 0.103980 0.161881 0.981317
-11.887061 -44.706638 1504.093706 -427.517146 0.010415 -0.987625 0.156487 0.999671 0.013954 0.021532 -0.023449 0.156212 0.987445
-11.501830 -46.428753 2560.779599 -355.294004 -0.083875 -0.988346 0.127029 0.989889 -0.097274 -0.103232 0.114386 0.117086 0.986512
38.867022 -32.285263 5004.048323 -241.779077 0.401996 0.747455 0.528876 -0.129708 0.618263 -0.775195 0.906408 -0.243026 -0.345490
47.276847 -38.660037 3093.765451 2650.895367 0.449557 0.747827 0.488521 -0.099343 0.585367 -0.804659 0.887710 -0.313209 -0.337448
25.343713 -33.085997 8925.048941 384.942761 0.277395 0.796062 0.537901 -0.145599 0.588238 -0.795473 0.949660 -0.142342 -0.279080
-10.002392 -155.814558 1384.670659 7952.830866 0.955757 0.031029 0.292516 0.082009 0.926886 -0.366275 0.282494 -0.374059 -0.883333
-11.998309 -203.692014 1493.716175 26866.712007 0.970143 0.082619 0.228027 0.086026 0.761839 -0.642029 0.226764 -0.642476 -0.731985
-8.530294 -330.174158 4083.698435 -32706.935592 0.947378 0.229954 0.222703 0.258981 -0.141657 -0.955438 0.188159 -0.962837 0.193757
-0.716750 -384.165243 3058.110955 -14703.888783 0.951559 0.211525 0.223143 0.249879 -0.109152 -0.962105 0.179153 -0.971258 0.156720
-4.142528 -406.593921 3029.873509 -95983.932671 0.952432 0.238767 0.189378 0.292701 -0.543685 -0.786596 0.084851 -0.804610 0.587710
8.246928 -92.570066 -1059.256650 -5972.099685 0.795849 0.601063 -0.073123 0.605245 -0.793170 0.067526 0.017411 0.097997 0.995034
5.945343 -89.169696 -1071.311242 -7711.778139 0.728814 0.672483 -0.128828 0.684705 -0.714948 0.141525 -0.003068 0.191355 0.981516
10.955659 -89.310705 -1625.783462 -4838.793244 0.721378 0.685078 -0.101401 -0.660211 0.724504 0.198027 0.209129 -0.075907 0.974938
46.056733 -576.744436 -8079.588214 -111194.742440 0.953461 -0.205149 0.220965 0.288688 0.409643 -0.865362 -0.087011 -0.888879 -0.449803
18.747211 -695.911623 1315.621041 57849.966727 0.924368 -0.225293 0.307876 0.352785 0.811963 -0.465036 0.145214 -0.538478 -0.830032
5.268330 -98.664965 -2522.219348 -4113.268007 -0.873333 0.241263 -0.423180 0.069663 0.921662 0.381690 0.482116 0.303862 -0.821725
4.959993 -88.165368 -1489.211310 -894.482884 -0.882344 0.210353 -0.420975 0.130657 0.968872 0.210275 0.452103 0.130531 -0.882363
3.211881 -87.022098 -318.617126 -1957.583115 -0.892534 0.180714 -0.413189 0.165712 0.983527 0.072203 0.419431 -0.004027 -0.907778
34.628498 -29.039197 1976.027074 598.142838 -0.105964 0.973962 0.200422 -0.319970 0.157439 -0.934255 0.941483 0.163126 -0.294956
36.160016 -31.886180 -1940.756399 -113.898793 -0.001739 0.989858 0.142053 -0.340059 0.133002 -0.930951 0.940402 0.049925 -0.336379
32.491468 -34.435260 -2166.249952 817.489137 -0.013844 0.995746 0.091095 -0.273339 0.083865 -0.958255 0.961818 0.038166 -0.271015
-239.144335 -5868.624196 15528.022378 2238239.790596 0.945865 0.301892 -0.119168 0.176612 -0.786798 -0.591403 0.272301 -0.538341 0.797522
50.108901 -558.694397 33974.394978 -136684.729468 -0.438676 0.854781 0.277331 0.887269 0.460931 -0.017205 -0.142537 0.238520 -0.960620
85.555918 -114.964219 480.944587 -4256.925133 0.114417 0.772082 0.625139 0.832379 0.268982 -0.484555 -0.542268 0.575793 -0.611889
72.663945 -118.824997 12092.734752 -3645.893380 0.269572 0.616021 0.740168 0.820817 0.254953 -0.511134 -0.503578 0.745330 -0.436912
75.434079 -112.533991 12052.485246 -12069.730484 0.341255 0.573851 0.744473 0.678371 0.397890 -0.617654 -0.650660 0.715806 -0.253502
32.245070 -16.022662 11379.130520 -1228.542261 0.723285 0.655585 0.216949 0.232706 -0.527190 0.817263 -0.650158 0.540629 0.533868
42.715020 -13.659763 5983.205323 688.027052 0.762995 0.558284 0.325817 -0.101595 0.601353 -0.792498 -0.638370 0.571571 0.515549
-3.377466 -54.643807 2211.681603 2019.699573 -0.326141 0.945236 0.012660 -0.590127 -0.214041 0.778419 -0.738500 -0.246403 -0.627617
8.876119 -61.785505 5999.304611 -1859.332156 -0.367489 0.922066 0.121431 -0.601525 -0.335231 0.725113 -0.709310 -0.193427 -0.677839
24.686657 -72.113932 7200.528991 -3098.177098 -0.400726 0.908426 0.119086 -0.513299 -0.330266 0.792116 -0.758909 -0.256295 -0.598640
-5.233248 -51.164902 132.921011 -1357.143596 0.088800 0.994610 -0.053534 -0.359145 0.082104 0.929663 -0.929048 0.063327 -0.364500
-5.556190 -54.113489 394.082023 -1531.418671 0.065863 0.997373 -0.030146 -0.372618 0.052610 0.926493 -0.925645 0.049789 -0.375104
-6.375184 -53.382039 37.450447 -608.275930 0.067460 0.997718 -0.002742 -0.160380 0.013557 0.986962 -0.984747 0.066140 -0.160928
-4.310622 -49.407070 130.837980 -1270.374009 0.090929 0.991901 -0.088685 -0.543837 0.124061 0.829970 -0.834250 0.027238 -0.550713
-6.863126 -50.898598 -214.705421 -716.404875 0.091493 0.995383 -0.028994 -0.156640 0.043140 0.986713 -0.983409 0.085736 -0.159864
-6.173499 -49.007009 -243.891699 -1192.013048 0.105725 0.992611 -0.059542 -0.340070 0.092360 0.935854 -0.934438 0.078695 -0.347322
-4.766976 -46.516531 -337.632344 -1104.294975 0.103450 0.990315 -0.092596 -0.516831 0.133062 0.845683 -0.849814 0.039629 -0.525590
1.292487 -48.145839 -105.004271 310.406606 0.066917 0.986162 -0.151676 -0.914383 0.121447 0.386205 -0.399281 -0.112847 -0.909857
3.244027 -51.608568 -212.647773 1576.254788 0.081928 0.983601 -0.160678 -0.965138 0.118513 0.233372 -0.248587 -0.135957 -0.959020
13.325624 -96.042010 2495.317478 -6432.373205 -0.390901 0.907552 0.153447 -0.838044 -0.281990 -0.467080 0.380629 0.311177 -0.870799
9.109075 -102.895427 1817.626308 4664.339625 -0.400893 0.906531 0.132237 0.894735 0.356424 0.269093 0.196809 0.226195 -0.953993
9.673821 -95.564464 3350.835257 -4522.714696 -0.430313 0.884917 0.178194 -0.760926 -0.249402 -0.598992 0.485616 0.393346 -0.780677
12.647654 -98.362423 1144.783000 -8495.004225 -0.344953 0.932228 0.109356 -0.899064 -0.294700 -0.323782 0.269612 0.210007 -0.939791
17.666880 -88.408789 2767.582387 -2423.241391 -0.361265 0.916482 0.171898 -0.772472 -0.190896 -0.605678 0.522278 0.351596 -0.776921
18.194826 -87.567206 1437.790787 -5522.350509 -0.314594 0.939885 0.132842 -0.847078 -0.214823 -0.486118 0.428358 0.265457 -0.863737
498.446920 -49.454690 -226973.477987 8974.419941 -0.235201 -0.837877 -0.492588 0.968944 -0.241936 -0.051127 -0.076337 -0.489316 0.868759
435.927775 -56.772731 -168186.626580 4778.601458 -0.287116 -0.848943 -0.443689 0.945616 -0.325127 0.010171 -0.152890 -0.416639 0.896123
584.082486 -53.633641 58786.616281 12524.106908 -0.186861 -0.606374 -0.772912 0.978509 -0.184717 -0.091650 -0.087196 -0.773427 0.627859
431.868961 -50.169432 -319828.124418 3079.253122 -0.267615 -0.952796 -0.143396 0.961849 -0.272951 0.018563 -0.056827 -0.132958 0.989491
504.496195 -42.781365 -409794.914818 2744.989170 -0.207679 -0.954094 -0.215812 0.978163 -0.204408 -0.037624 -0.008217 -0.218913 0.975710
507.944903 -43.186649 -261118.867140 5435.454945 -0.176731 -0.810353 -0.558654 0.983546 -0.166998 -0.068908 -0.037454 -0.561641 0.826533
-5.279346 -209.982125 -1032.180366 33958.267689 0.722965 0.074767 -0.686827 -0.610411 0.534767 -0.584314 -0.323605 -0.841685 -0.432257
-3.586459 -127.147227 -447.667576 11608.861267 0.728422 0.040703 -0.683918 -0.479432 0.743389 -0.466388 -0.489434 -0.667620 -0.561015
-2.292990 -139.689889 -514.250272 18635.392208 0.730802 0.064503 -0.679535 -0.475848 0.761887 -0.439428 -0.489384 -0.644490 -0.587483
470.534818 7.768777 -76443.146052 5759.686329 -0.211498 -0.275764 -0.937669 0.967068 0.079937 -0.241638 0.141590 -0.957896 0.249776
414.931799 5.226512 -75089.485813 -4728.550281 -0.146858 -0.404050 -0.902871 0.974220 0.098948 -0.202745 0.171256 -0.909369 0.379102
5.155092 -53.848448 38.186846 -132.262435 -0.100250 -0.972006 -0.212494 0.970323 -0.048278 -0.236942 0.220051 -0.229941 0.948000
5.233457 -55.649719 -19.936272 -1300.821410 0.116384 0.971297 0.207455 0.931107 -0.034003 -0.363157 0.345679 -0.235428 0.908339
4.187172 -54.219240 -424.630511 -1246.555235 0.120482 0.965067 0.232658 0.941205 -0.036535 -0.335855 0.315623 -0.259443 0.912728
4.094415 -57.584979 -406.425612 -2163.908133 0.134465 0.963973 0.229509 0.885430 -0.012896 -0.464594 0.444896 -0.265686 0.855265
1.784425 -56.208576 -885.087400 -2464.227950 0.141740 0.958348 0.247948 0.900221 -0.020612 -0.434946 0.411719 -0.284857 0.865647
4.233663 -52.376792 459.517612 203.293804 -0.103611 -0.966062 -0.236621 0.975639 -0.052464 -0.213015 0.193371 -0.252927 0.947964
0.851258 -149.271373 -3155.982551 14861.662009 0.865438 0.167178 -0.472301 0.480032 -0.006722 0.877225 -0.143478 0.985904 0.086069
5.834955 -182.780501 -1742.407536 22500.008048 0.867747 0.114703 -0.483589 0.450514 0.229371 0.862801 -0.209887 0.966557 -0.147361
13.659907 -167.193333 -5031.858064 26019.440696 0.874293 0.194746 -0.444619 0.465704 -0.078267 0.881472 -0.136864 0.977726 0.159123
-4.545013 -161.583848 -1746.496452 12518.287422 0.845122 0.131291 -0.518200 0.464602 0.299076 0.833485 -0.264410 0.945154 -0.191758
1.089652 -132.332671 -4579.277782 10455.159714 0.870385 0.219999 -0.440490 0.490038 -0.300039 0.818437 -0.047891 0.928212 0.368957
-8.252710 -142.559686 -1085.768302 10117.674105 0.849234 0.134235 -0.510668 0.508596 0.051925 0.859438 -0.141883 0.989588 0.024174
-7.657350 -133.300482 -704.007250 2232.361102 0.856807 0.170628 -0.486588 0.512359 -0.175490 0.840649 -0.058047 0.969582 0.237784
-23.479328 -111.468647 -2999.068102 9112.161595 -0.477295 -0.578510 0.661450 -0.001463 0.753244 0.657739 -0.878742 0.312968 -0.360366
19.902329 -46.059274 61.132194 -701.470284 -0.040888 0.998268 0.042287 -0.837774 -0.011190 -0.545902 0.544484 0.057748 -0.836781
-10.343097 -44.456831 7674.584492 250.284151 -0.182592 0.806417 0.562452 0.981408 0.115075 0.153610 0.059149 0.580042 -0.812436
4.610081 -43.536053 7921.114420 -952.214215 -0.164298 0.803933 0.571576 0.977093 0.053184 0.206058 0.135258 0.592338 -0.794255
-22.349068 -44.850786 7509.028292 69.702125 -0.212302 0.817578 0.535252 0.975754 0.147534 0.161671 0.053210 0.556597 -0.829077
5.325929 -55.517275 123.772149 -420.477300 0.091306 0.976825 0.193586 0.964611 -0.038467 -0.260858 0.247366 -0.210553 0.945768
-4.564591 -15.824373 -461.937838 1632.499551 -0.169784 -0.282614 -0.944088 -0.365733 0.907651 -0.205933 0.915103 0.310320 -0.257465
-5.267915 -13.612600 -600.112118 853.771187 -0.066369 -0.513071 -0.855776 -0.443193 0.783578 -0.435414 0.893966 0.350376 -0.279395
-3.021726 -12.397822 194.019665 1219.904474 -0.139212 -0.358631 -0.923040 -0.402149 0.872268 -0.278253 0.904929 0.332463 -0.265653
-287.915822 -758.625970 -32827.943810 212439.097811 0.591688 0.774811 -0.222650 -0.197185 -0.128699 -0.971882 0.781679 -0.618955 -0.076632
-20.010376 -78.547977 8252.640751 -2329.252318 0.293197 -0.955583 -0.029942 0.955322 0.291606 0.048222 -0.037349 -0.042743 0.998388
