12740
25470
-40.757813 -64.109717 1639.235478 -6165.238783 0.937564 0.346244 0.033003 -0.206939 0.479042 0.853051 -0.279554 0.806619 -0.520784
-43.029934 -67.825769 525.889654 -3865.427213 0.827076 0.504768 0.247294 -0.415550 0.252841 0.873721 -0.378501 0.825397 -0.418876
-50.241021 -72.428653 -524.909107 -3008.228964 0.928638 0.370985 -0.000998 -0.118247 0.298539 0.947044 -0.351637 0.879343 -0.321103
-41.250828 -61.807074 390.041225 -5361.960629 0.683950 0.618553 0.386788 -0.617909 0.209333 0.757871 -0.387816 0.757345 -0.525383
-43.390381 -82.631569 819.047271 -7525.132679 0.949153 0.233767 -0.210858 0.098048 0.416964 0.903619 -0.299156 0.878348 -0.372842
-26.080892 -77.010111 4987.198135 -10629.813864 0.984637 0.155245 -0.079930 -0.017901 0.545089 0.838187 -0.173693 0.823879 -0.539494
-35.434964 -56.081456 2896.399234 -7861.773294 0.963203 0.266802 0.032514 -0.191126 0.594845 0.780788 -0.188975 0.758271 -0.623949
-37.132750 -48.700839 292.622456 3982.954328 0.578530 0.656965 0.483426 0.764183 -0.229343 -0.602848 -0.285180 0.718191 -0.634723
-49.945993 -72.106716 720.414583 1982.563603 0.719718 0.628197 0.295590 -0.195001 -0.225708 0.954479 -0.666318 0.744597 0.039947
-52.524893 -73.002757 396.022217 205.183203 0.612108 0.704196 0.359766 -0.145574 -0.346833 0.926561 -0.777259 0.619528 0.109787
-52.096634 -71.134400 86.455045 226.346423 0.720261 0.622857 0.305406 -0.107249 -0.334978 0.936102 -0.685362 0.706993 0.174471
45.359469 -18.480752 -623.623829 -498.378022 0.007723 0.847969 -0.529989 0.790016 0.319749 0.523102 -0.613038 0.422740 0.667439
77.582432 -17.180220 -4210.747792 -777.481158 0.187677 0.840635 -0.508045 0.728482 0.227822 0.646074 -0.658856 0.491355 0.569631
55.864239 -16.975496 -7149.712997 -391.635300 0.257438 0.848666 -0.462052 0.754445 0.122245 0.644879 -0.603771 0.514609 0.608801
76.003030 -22.119167 -5988.468781 773.141414 -0.018350 0.870543 -0.491749 0.739423 0.342870 0.579391 -0.672991 0.352979 0.649991
45.798147 -21.353107 -4833.235816 -198.225845 -0.194983 0.843207 -0.500982 0.767697 0.449106 0.457105 -0.610428 0.295475 0.734896
29.155907 -21.101765 -2855.728091 130.266118 -0.221398 0.803644 -0.552394 0.804683 0.470540 0.362045 -0.550879 0.364347 0.750856
35.801410 -58.863027 -356.671007 1589.508984 0.971732 -0.187447 0.143526 -0.026830 0.516323 0.855974 0.234556 0.835628 -0.496699
28.955897 -49.976174 -1043.842725 -58.983564 0.985756 -0.128949 0.107968 -0.012255 0.585194 0.810801 0.167734 0.800575 -0.575278
27.515342 -66.047741 985.685002 1146.828398 0.957828 -0.277686 0.073861 0.105195 0.578082 0.809169 0.267393 0.767276 -0.582915
28.236843 -73.185747 2605.211555 4016.746234 0.943199 -0.304711 0.132387 0.039095 0.497512 0.866576 0.329919 0.812178 -0.481165
21.055732 -86.607534 3174.488534 4072.260902 0.900380 -0.429388 0.070297 0.214197 0.578054 0.787384 0.378728 0.693887 -0.612442
-15.788372 -62.188226 424.621231 78.311808 0.653584 0.632905 0.415041 -0.318780 0.727563 -0.607480 -0.686446 0.264732 0.677281
-13.095403 -59.726422 -327.820345 1472.952095 0.654535 0.601394 0.458158 -0.102764 0.671150 -0.734164 -0.749015 0.433454 0.501093
-13.652737 -60.226782 -1303.851493 327.433759 0.614707 0.606025 0.504845 -0.270877 0.763324 -0.586484 -0.740784 0.223765 0.633378
-18.234241 -59.272533 -27.839232 -1166.753184 0.616213 0.635862 0.464716 -0.461399 0.769657 -0.441292 -0.638273 0.057510 0.767659
-16.568977 -58.212750 -2140.572509 -889.108029 0.600664 0.564094 0.566569 -0.399194 0.825603 -0.398778 -0.692709 0.013361 0.721093
-10.196976 -59.436911 -2260.841824 328.136486 0.594324 0.552557 0.584345 -0.232587 0.813639 -0.532818 -0.769858 0.180756 0.612083
2.242969 -49.605303 129.051341 123.460383 0.742147 0.511517 0.433091 -0.503714 -0.000597 0.863871 -0.442143 0.859273 -0.257215
2.116041 -50.875258 84.658508 992.406743 0.718913 0.514794 0.467067 -0.600335 0.121141 0.790521 -0.350374 0.848712 -0.396138
2.137636 -48.017960 231.477331 135.578452 0.744254 0.502019 0.440525 -0.512422 0.006152 0.858711 -0.428380 0.864835 -0.261825
12.261730 -103.169325 -2378.138579 -2991.285914 0.951911 0.302326 -0.049640 -0.291038 0.942933 0.161783 -0.095718 0.139556 -0.985577
14.984928 -98.611102 -1999.527064 -2552.132758 0.936228 0.351126 0.013704 -0.347712 0.920086 0.180386 -0.050729 0.173647 -0.983500
8.595415 -104.152394 -1760.426341 -5229.148839 0.954069 0.297721 -0.033390 -0.268052 0.898095 0.348675 -0.133796 0.323710 -0.936649
528.731404 -34.574929 -713165.487188 -248.694640 0.742500 0.463095 0.483981 0.640316 -0.278529 -0.715833 0.196696 -0.841407 0.503335
3373.859550 -46.585170 -4407181.791250 -18558.377550 0.658197 0.719873 0.220361 0.577877 -0.295492 -0.760751 0.482530 -0.628066 0.610490
553.021756 -31.547669 -905986.269807 4084.663459 0.799238 0.459964 0.386848 0.542177 -0.274037 -0.794322 0.259349 -0.844593 0.468403
218.195198 -23.045086 -530657.149862 9322.692118 0.812178 0.459416 0.359588 0.506475 -0.249302 -0.825428 0.289569 -0.852517 0.435160
207.144414 -28.565140 -558936.912827 10090.805400 0.732301 0.447250 0.513520 0.647866 -0.225277 -0.727681 0.209771 -0.865574 0.454729
-5.979309 -127.998563 846.182324 14186.921072 -0.403570 0.853400 -0.329908 -0.728818 -0.517831 -0.447967 0.553132 -0.059657 -0.830955
-5.136649 -109.372857 406.113371 8189.177112 -0.424100 0.840107 -0.338171 -0.739578 -0.536798 -0.406045 0.522651 -0.077901 -0.848980
-6.676416 -137.044210 -393.200079 14692.212759 -0.402116 0.846933 -0.347861 -0.615300 -0.531318 -0.582328 0.678018 0.020125 -0.734770
-4.714317 -163.768310 -430.845191 24176.742172 -0.403709 0.846629 -0.346755 -0.555671 -0.528002 -0.642218 0.726808 0.066587 -0.683606
-5.382898 -143.402643 306.821263 14773.764403 -0.425034 0.841790 -0.332770 -0.503799 -0.525423 -0.685651 0.752019 0.123775 -0.647415
-7.242293 -161.347994 -1771.216803 19871.260215 -0.380482 0.856658 -0.348381 -0.450949 -0.500756 -0.738842 0.807390 0.124014 -0.576838
-8.413609 -72.922698 2253.695911 3041.838686 -0.261475 0.902230 -0.342946 0.935072 0.148689 -0.321763 -0.239312 -0.404812 -0.882529
-5.659799 -66.708060 755.527763 3748.814141 -0.284275 0.893010 -0.348885 0.955349 0.233255 -0.181384 -0.080598 -0.384870 -0.919445
-8.773540 -70.818456 456.802231 3500.055271 -0.304855 0.882540 -0.358032 0.934520 0.204691 -0.291161 -0.183675 -0.423350 -0.887152
-10.370833 -73.771782 1131.936302 2381.377378 -0.309210 0.886105 -0.345263 0.904422 0.161780 -0.394777 -0.293957 -0.434332 -0.851437
-11.518155 -73.638787 -2685.543657 1402.595691 -0.344167 0.852448 -0.393551 0.896663 0.174097 -0.407046 -0.278469 -0.492974 -0.824276
-11.503881 -44.086214 -1054.379796 -2129.021845 0.656625 0.718730 0.228626 -0.503214 0.191693 0.842632 -0.561799 0.668342 -0.487546
-12.191044 -37.642289 -1017.661540 -2144.692804 0.634586 0.741424 0.218153 -0.569652 0.257958 0.780355 -0.522300 0.619474 -0.586050
-6.800165 -38.175650 -1838.360509 -3340.397462 0.690618 0.720394 0.063872 -0.420139 0.327747 0.846206 -0.588668 0.611240 -0.529013
-7.974029 -146.712387 487.400982 11708.608794 -0.416270 0.789474 -0.451054 0.807795 0.093404 -0.582016 -0.417356 -0.606635 -0.676615
-9.982730 -131.030973 23.550249 1319.627202 -0.436223 0.787510 -0.435359 0.865908 0.235766 -0.441155 -0.244771 -0.569423 -0.784758
-8.725634 -129.424719 -81.446424 1700.826455 -0.415364 0.777480 -0.472226 0.832953 0.116436 -0.540955 -0.365598 -0.618035 -0.695968
-7.196448 -144.412340 298.850426 13717.982514 -0.392108 0.781385 -0.485478 0.764916 -0.016231 -0.643926 -0.511034 -0.623838 -0.591330
-17.074587 -101.608939 3059.321837 -640.473329 -0.266149 0.853055 -0.448846 0.240352 0.509663 0.826120 -0.933486 -0.111990 0.340680
-11.156430 -107.082602 2992.436507 853.927258 -0.254501 0.810064 -0.528228 0.269520 0.583985 0.765715 -0.928756 -0.052508 0.366954
-6.165757 -106.627219 2029.971296 -3961.801921 -0.269490 0.837183 -0.475920 0.007812 0.496089 0.868237 -0.962971 -0.230263 0.140231
-23.457676 -99.244821 4938.224114 5554.575523 -0.274838 0.814650 -0.510695 0.464911 0.577526 0.671060 -0.841619 0.052995 0.537466
-8.350467 -100.735138 464.521228 -4414.138427 -0.283178 0.876559 -0.389173 -0.012421 0.402397 0.915381 -0.958987 -0.264050 0.103062
-25.611068 -156.465953 696.329947 -18402.452208 -0.132314 0.802313 -0.582054 -0.298114 0.527818 0.795322 -0.945316 -0.278750 -0.169343
-8.403318 -115.632271 -1430.039844 -11664.690026 -0.153460 0.875493 -0.458217 -0.534077 0.316660 0.783893 -0.831391 -0.365020 -0.418986
-12.862180 -114.290302 -1948.502561 -652.903190 -0.204161 0.906246 -0.370185 -0.292546 0.304388 0.906512 -0.934203 -0.293370 -0.202974
-22.594751 -169.739564 13358.101070 -14395.979400 -0.172955 0.720649 -0.671381 -0.052145 0.673998 0.736891 -0.983548 -0.162458 0.078993
-11.260940 -609.452761 -8529.363545 -200713.450409 0.091622 -0.659030 0.746515 -0.195084 0.723262 0.662445 -0.976498 -0.206328 -0.062299
-34.829330 -133.845170 -5935.644062 6745.207450 -0.212708 0.906516 -0.364670 -0.077097 0.356476 0.931118 -0.974069 -0.226172 0.005935
-3.883120 -14.765326 1915.237284 2150.958717 0.753651 0.641033 -0.145217 0.609902 -0.599691 0.518063 -0.245010 0.479007 0.842925
1.024332 -10.400610 1230.556593 805.414113 0.839056 0.540825 -0.059107 0.482861 -0.690230 0.538914 -0.250661 0.480720 0.840284
2.154207 -13.485300 3309.560423 1418.073901 0.719928 0.664568 -0.200134 0.647539 -0.539369 0.538308 -0.249796 0.517137 0.818640
-12.688546 -32.096993 -293.066650 -1256.533412 -0.779562 0.025280 0.625815 -0.081534 0.986586 -0.141419 -0.620995 -0.161270 -0.767044
-13.782071 -34.251955 -631.964180 -548.929904 -0.773794 0.017558 0.633194 -0.030324 0.997443 -0.064716 -0.632711 -0.069278 -0.771283
-12.569766 -33.058849 16.320086 -738.271117 -0.798563 0.046355 0.600124 -0.034514 0.991863 -0.122541 -0.600921 -0.118569 -0.790465
-15.537141 -32.790409 110.012700 -1674.800843 0.444680 0.818838 0.362993 0.799866 -0.180656 -0.572343 -0.403079 0.544856 -0.735295
-14.597219 -28.199737 -1020.432268 -1180.342764 0.603492 0.783321 0.149015 0.647747 -0.372629 -0.664509 -0.464996 0.497550 -0.732272
-14.489779 -28.821563 -932.944313 -984.915084 0.577535 0.788748 0.210547 0.656146 -0.295034 -0.694569 -0.485722 0.539287 -0.687927
-6.795737 -104.608535 -3780.990348 24038.364294 0.817802 0.480281 0.317064 0.567761 -0.583273 -0.580896 0.094059 -0.655075 0.749687
2.516159 -92.649566 -4069.998439 22525.737687 0.802210 0.474826 0.361939 0.594952 -0.585076 -0.551107 0.049918 -0.657439 0.751852
-2.949711 -73.307160 -3555.773342 22673.710730 0.837607 0.455039 0.302248 0.526029 -0.522635 -0.670929 0.147334 -0.720966 0.677127
-8.541641 -87.020639 -1412.590033 14182.339105 0.871307 0.438353 0.220613 0.460437 -0.574722 -0.676530 0.169768 -0.691044 0.702593
-13.107428 -118.810158 -1973.692638 21438.665458 0.755292 0.583218 0.298983 0.654510 -0.647602 -0.390164 0.033928 -0.490375 0.870851
-20.922145 -773.311546 -1983.225998 134170.738755 -0.285083 0.927684 0.241103 0.918106 0.336544 -0.209330 0.275334 -0.161682 0.947655
-12.650273 -463.492259 -5183.275961 72325.426154 -0.281332 0.921975 0.266108 0.845197 0.369389 -0.386256 0.454416 -0.116247 0.883172
-7.299703 -587.129872 -726.510849 137527.621388 -0.388680 0.897279 0.209326 0.518689 0.400857 -0.755166 0.761504 0.184943 0.621214
-25.686208 -519.373455 -3593.605711 127802.641170 -0.427893 0.884532 0.185770 0.577813 0.425758 -0.696320 0.695011 0.190610 0.693273
-6.812626 -1730.430711 -700.617415 -616053.316923 0.931151 0.329001 0.157214 0.313844 -0.503633 -0.804895 0.185633 -0.798819 0.572214
2.040060 -105.780239 -193.630426 -11381.243813 0.920975 0.352698 0.165560 0.346969 -0.549114 -0.760320 0.177252 -0.757680 0.628095
11.144253 -108.372291 1186.286050 -29747.726427 0.902813 0.388317 0.184767 0.378360 -0.513072 -0.770455 0.204382 -0.765485 0.610132
-35.653458 -97.946726 -17734.864234 -11960.918985 -0.538653 0.777942 0.323510 0.488148 0.601125 -0.632740 0.686705 0.182906 0.703549
-65.298892 -77.452170 -6761.495613 -3829.688661 -0.273418 0.961493 -0.027807 0.802435 0.212055 -0.557791 0.530416 0.174824 0.829515
-45.020747 -65.983567 -14429.559588 -4869.716568 -0.474939 0.826243 0.302911 0.637229 0.560289 -0.529165 0.606937 0.058297 0.792609
-42.931052 -47.890442 12070.165816 -4113.286689 0.842907 -0.148393 -0.517192 0.179708 0.983662 0.010651 0.507162 -0.101921 0.855803
-8.002834 -53.413880 16099.252969 -5182.349312 0.658943 -0.551994 -0.510976 0.485579 0.830970 -0.271482 0.574462 -0.069228 0.815599
5.291117 -84.046477 13746.773595 -10860.881049 0.630870 -0.648515 -0.425947 0.453688 0.753679 -0.475537 0.629420 0.106755 0.769697
-27.162909 -256.376405 8066.678442 97401.337038 0.686662 0.726118 0.035338 0.273145 -0.212645 -0.938176 0.673712 -0.653862 0.344350
1.078809 -59.558862 5793.876682 9116.675957 0.832578 0.538997 -0.127654 0.279815 -0.608161 -0.742862 0.478035 -0.582771 0.657161
-20.641986 -95.141145 12080.799153 22031.148759 0.524752 0.847127 -0.083727 0.515010 -0.394251 -0.761138 0.677790 -0.356288 0.643164
-24.542600 -168.485620 5286.268694 58354.990532 0.609906 0.791646 0.036220 0.509386 -0.356612 -0.783169 0.607076 -0.496109 0.620753
-28.444052 -96.974087 -4302.945138 20867.367429 0.802695 0.585907 0.111329 0.494972 -0.550350 -0.672397 0.332693 -0.594834 0.731770
-39.361392 -168.896677 5260.986689 44131.142988 0.762593 0.642408 0.075922 0.357147 -0.320267 -0.877425 0.539349 -0.696234 0.473667
11.220996 -53.713417 -37.896062 -5082.370202 0.752541 0.655055 -0.067714 0.646931 -0.716125 0.262000 -0.123133 0.240972 0.962689
14.057023 -63.265045 799.250187 -5292.863270 0.805881 0.590157 -0.047659 0.591236 -0.797829 0.117935 -0.031576 0.123219 0.991877
11.908393 -50.862211 944.274372 -5217.648895 0.785922 0.617230 -0.036790 0.605027 -0.755383 0.251671 -0.127548 0.220053 0.967113
9.633544 -43.068389 275.145871 -4254.247182 0.734919 0.675427 -0.060771 0.652176 -0.679355 0.336368 -0.185907 0.286836 0.939768
12.122369 -46.773351 -499.637874 -1351.937298 0.915541 0.271984 -0.296325 -0.345854 0.156205 -0.925195 0.205351 -0.949539 -0.237079
11.774335 -45.877642 3005.235776 -1042.364485 0.899059 0.332045 -0.285377 -0.339663 0.117684 -0.933156 0.276265 -0.935894 -0.218588
13.640626 -47.642707 2482.727427 -1223.057467 0.912270 0.311392 -0.266081 -0.352572 0.266372 -0.897073 0.208464 -0.912185 -0.352791
10.722486 -47.649025 -1506.991193 -684.704163 0.924750 0.238596 -0.296495 -0.361879 0.310096 -0.879138 0.117817 -0.920278 -0.373104
11.279207 -47.088116 811.456180 449.395956 0.919969 0.289379 -0.264418 -0.372045 0.432157 -0.821476 0.123448 -0.854108 -0.505233
6.480391 -46.569584 2175.191196 -645.726764 0.905679 0.327656 -0.269050 -0.377424 0.334030 -0.863699 0.193126 -0.883779 -0.426189
11.106397 -47.165390 3366.553493 -103.861458 0.913208 0.325515 -0.245135 -0.368965 0.405181 -0.836477 0.172962 -0.854323 -0.490118
-4.479080 -50.459607 799.696981 28.339442 0.759809 0.229165 -0.608419 0.645249 -0.380456 0.662501 0.079655 0.895956 0.436942
-6.916985 -51.633291 640.079292 193.814461 0.771998 0.238238 -0.589289 0.628127 -0.427916 0.649880 0.097340 0.871855 0.479994
-4.209958 -49.740569 943.089316 62.597773 0.769808 0.219307 -0.599416 0.610034 -0.529057 0.589879 0.187761 0.819758 0.541057
-1.814952 -49.575026 1291.952968 -136.558542 0.754597 0.209254 -0.621929 0.634152 -0.476114 0.609234 0.168625 0.854124 0.491973
-2.251486 -50.427811 1308.433351 -529.208401 0.740789 0.215571 -0.636208 0.617420 -0.591606 0.518454 0.264621 0.776873 0.571353
-4.829574 -49.230740 810.850121 -28.014997 0.756471 0.232319 -0.611375 0.584729 -0.659002 0.473084 0.292991 0.715363 0.634360
9.819852 -83.309177 -132.983629 -8571.651471 0.650521 0.412938 -0.637420 0.707736 -0.025085 0.706031 0.275557 -0.910414 -0.308569
9.244842 -90.935192 630.050143 -8870.244880 0.631271 0.393475 -0.668337 0.718807 0.026755 0.694694 0.291226 -0.918946 -0.265943
7.324719 -89.936461 120.878229 -2507.214107 0.623988 0.397621 -0.672708 0.643808 0.226318 0.730952 0.442889 -0.889200 -0.114772
7.420667 -83.318351 -775.339821 2398.783266 0.650337 0.414201 -0.636788 -0.629664 -0.175010 -0.756898 0.424953 -0.893201 -0.146992
11.260417 -75.174108 -593.019907 -6429.957588 0.677561 0.438618 -0.590360 0.679698 -0.066830 0.730441 0.280931 -0.896185 -0.343409
-4.863429 -114.398485 50.378744 -4808.022273 0.707366 0.405474 -0.578985 -0.017959 0.829155 0.558730 0.706619 -0.384829 0.593798
-5.423704 -109.449149 315.980640 -6142.488441 0.694181 0.442671 -0.567588 0.151988 0.680612 0.716706 0.703572 -0.583790 0.405187
-4.054082 -116.195444 161.536661 -4505.950250 0.690516 0.429799 -0.581773 -0.040265 0.825907 0.562367 0.722195 -0.364899 0.587608
-0.570370 -64.467505 -637.617857 -2409.604547 -0.619722 -0.305402 0.722962 0.740735 -0.532006 0.410221 0.259337 0.789747 0.555918
-2.115935 -64.106124 -382.542549 -2061.058188 -0.616865 -0.321681 0.718331 0.731193 -0.571962 0.371776 0.291264 0.754574 0.588034
-0.246003 -69.740775 -818.506793 -1498.404114 -0.599842 -0.323129 0.731968 0.686755 -0.677340 0.263777 0.410557 0.660907 0.628208
1.838615 -71.717205 -637.338961 -1820.502578 -0.613556 -0.318099 0.722746 0.692331 -0.656888 0.298623 0.379772 0.683602 0.623267
8.254059 -96.757396 -2175.316326 22106.075584 0.766205 0.375760 -0.521282 -0.121528 0.881306 0.456651 0.631000 -0.286538 0.720927
6.185017 -119.061326 -2203.910627 14468.909589 0.764360 0.313854 -0.563250 0.061299 0.834212 0.548026 0.641870 -0.453415 0.618399
7.353695 -91.985934 1154.522445 19007.657249 0.759923 0.388993 -0.520770 -0.086809 0.854726 0.511770 0.644190 -0.343698 0.683294
1.826510 -114.494111 -1122.926175 -687.329009 -0.514555 -0.311145 0.799013 -0.614692 0.783531 -0.090739 -0.597818 -0.537837 -0.594428
1.128076 -109.443811 693.631203 4788.672077 0.523388 0.297205 -0.798582 0.716752 -0.660376 0.223987 -0.460795 -0.689617 -0.558656
0.611338 -119.297570 -701.699621 -1474.649152 -0.521244 -0.307664 0.796020 -0.613622 0.783365 -0.099035 -0.593105 -0.540077 -0.597113
0.595458 -121.547703 -1187.898397 2893.390902 -0.512617 -0.331057 0.792228 -0.482257 0.874404 0.053348 -0.710389 -0.354710 -0.607888
3.332459 -116.221725 -1286.068131 2288.632877 -0.499992 -0.330383 0.800534 -0.483120 0.873578 0.058784 -0.718751 -0.357363 -0.596397
5.543917 -98.865035 -2065.046195 -2606.558047 0.622980 0.340000 -0.704483 0.409464 0.625621 0.664032 -0.666509 0.702139 -0.250531
10.205279 -93.944058 2633.652047 -3947.313368 -0.608076 -0.288893 0.739449 0.301851 0.777347 0.551922 -0.734255 0.558814 -0.385483
12.638337 -101.616444 -1726.443547 -4756.967670 0.633522 0.286227 -0.718835 0.400264 0.673840 0.621071 -0.662147 0.681186 -0.312326
4.169784 -130.241829 4718.898924 17238.855310 -0.432567 -0.565263 0.702399 -0.019847 0.784837 0.619384 -0.901383 0.253985 -0.350713
10.240992 -178.388455 6483.931835 29678.845307 -0.454922 -0.515440 0.726201 -0.216759 0.855034 0.471096 -0.863749 0.056901 -0.500700
17.088061 -136.573903 8185.482463 23004.097696 -0.428823 -0.609522 0.666779 0.004736 0.736560 0.676356 -0.903376 0.293195 -0.312967
7.738062 -101.326729 7632.675581 16057.328281 -0.410679 -0.637558 0.651815 0.173530 0.647162 0.742340 -0.895115 0.417973 -0.155140
-3.441735 -109.771401 4119.248728 16896.490190 -0.421331 -0.566334 0.708340 0.160012 0.722376 0.672733 -0.892679 0.396786 -0.213739
-12.801470 -123.486317 -1085.918385 -1408.417609 -0.357586 -0.379183 0.853436 0.865619 0.208388 0.455278 -0.350479 0.901551 0.253712
-12.206598 -115.056086 -63.280952 -5051.890264 -0.331817 -0.387847 0.859926 0.775655 0.406640 0.482704 -0.536895 0.827175 0.165905
-11.438449 -127.734184 -308.121117 -4386.041449 -0.339345 -0.397947 0.852340 0.853995 0.249562 0.456521 -0.394383 0.882812 0.255157
-15.210861 -110.980785 -3648.836125 -4210.904358 -0.417099 -0.549822 0.723688 -0.668984 0.724723 0.165039 -0.615215 -0.415298 -0.670103
-63.559196 -138.875715 -2365.545432 -3064.104447 -0.646109 -0.180838 0.741513 -0.519015 0.816424 -0.253130 -0.559613 -0.548406 -0.621356
-17.109504 -246.946436 333.378498 -61650.848077 0.260079 0.684288 -0.681255 -0.658199 0.641857 0.393437 -0.706493 -0.346077 -0.617332
-29.590196 -160.627187 690.024119 -11827.632104 0.312154 0.720126 -0.619659 -0.609484 0.652132 0.450836 -0.728758 -0.236942 -0.642472
-17.115384 -174.963750 -6362.880123 -30505.773013 -0.299355 -0.676954 0.672398 -0.469686 0.717969 0.513727 -0.830531 -0.162029 -0.532883
-20.693300 -153.278591 -862.855841 -16093.004910 0.284895 0.767249 -0.574600 -0.483716 0.632593 0.604852 -0.827559 -0.105624 -0.551352
-426.156496 -2734.384720 126753.545310 -111022.695035 0.616748 -0.118311 -0.778219 -0.573071 0.610279 -0.546945 -0.539640 -0.783302 -0.308587
-818.177189 -2291.935546 234564.044786 862716.920875 0.866661 -0.440514 -0.234193 -0.487152 -0.645962 -0.587721 -0.107619 -0.623443 0.774427
-1596.847000 -10674.098119 -730195.108450 11482229.531378 0.208999 0.498781 0.841152 -0.407798 0.826243 -0.388616 -0.888831 -0.261800 0.376086
11887.903951 -55541.044346 -4737658.380713 -210884089.916704 0.377466 -0.201973 -0.903729 0.847437 0.468782 0.249187 0.373323 -0.859913 0.348109
-7.470270 -40.274907 -139.952894 -47.470538 0.848156 0.130144 -0.513512 -0.442678 0.706563 -0.552091 -0.290977 -0.695580 -0.656887
-10.439253 -40.957833 920.511308 773.320876 0.846812 0.103359 -0.521754 -0.428110 0.714572 -0.553271 -0.315645 -0.691885 -0.649357
-6.997998 -38.416601 49.190624 1550.255465 0.850147 0.107959 -0.515360 -0.382483 0.799288 -0.463514 -0.361881 -0.591171 -0.720805
-7.365648 -39.615109 -722.287442 895.980937 0.832670 0.170880 -0.526745 -0.447751 0.767461 -0.458827 -0.325852 -0.617902 -0.715554
-4.970105 -35.238169 355.238053 2658.864673 0.846346 0.134392 -0.515400 -0.367076 0.848324 -0.381579 -0.385944 -0.512139 -0.767308
-9.306602 -32.310108 2113.581626 2339.370584 0.882938 0.034938 -0.468188 -0.259440 0.867444 -0.424537 -0.391294 -0.496306 -0.774964
-23.572565 -38.921204 -429.020072 -1894.754214 0.979267 -0.071135 0.189674 0.186670 0.680547 -0.708527 0.078681 -0.729243 -0.679716
-19.489956 -40.532313 2000.117132 -1843.032278 0.978666 -0.019770 0.204502 0.159954 0.698007 -0.697998 0.128945 -0.715818 -0.686278
-22.187143 -36.116920 491.527320 -2107.241325 0.975458 -0.052287 0.213888 0.199150 0.623858 -0.755738 0.093920 -0.779787 -0.618960
-21.557723 -43.373371 2250.940003 -2040.847124 0.974138 -0.064136 0.216660 0.188939 0.757100 -0.625381 0.123924 -0.650143 -0.749638
-21.263044 -35.584108 -1414.706034 -1232.753464 0.998759 0.012080 0.048325 0.029322 0.641676 -0.766415 0.040267 -0.766881 -0.640525
-20.951739 -37.990340 -2374.395660 -1815.428925 0.998691 -0.033183 0.038916 0.051037 0.695557 -0.716656 0.003288 -0.717704 -0.696341
-24.540804 -41.614464 -322.783104 -2221.581869 0.979133 -0.102691 0.175363 0.193432 0.735515 -0.649309 0.062304 -0.669681 -0.740031
0.998808 -119.316382 910.144791 -8673.080539 0.859285 0.291643 -0.420206 0.129077 0.671297 0.729863 -0.494943 0.681399 -0.539191
-2.691197 -119.606400 1002.091796 -7250.833403 0.854051 0.283232 -0.436322 0.232932 0.541758 0.807614 -0.465123 0.791377 -0.396716
0.915533 -125.941780 804.734521 -6454.121277 0.853895 0.275551 -0.441516 0.244955 0.535717 0.808087 -0.459196 0.798173 -0.389948
21.475241 -204.991994 2351.206829 -35673.194319 0.846617 0.425150 -0.320136 0.528009 -0.595631 0.605335 -0.066675 0.681522 0.728754
10.774391 -154.657881 -21.610363 -42479.122837 0.857055 0.440876 -0.266619 0.432967 -0.335790 0.836531 -0.279278 0.832390 0.478675
18.309754 -157.511568 1441.382272 -33430.505987 0.837195 0.418874 -0.351638 0.528379 -0.453560 0.717704 -0.141139 0.786656 0.601042
5.867530 -177.289464 -1839.472352 -34213.105517 0.863246 0.466586 -0.192626 0.399551 -0.398369 0.825628 -0.308490 0.789683 0.530315
20.531925 -179.772781 1996.566188 -27428.129120 0.813229 0.429852 -0.392282 0.581675 -0.620862 0.525532 0.017652 0.655559 0.754938
19.046002 -216.114194 432.138914 -25558.028549 0.898118 0.419789 -0.131000 0.410866 -0.694832 0.590252 -0.156759 0.583940 0.796518
38.541511 -237.202758 4837.922266 -9166.469276 0.848006 0.447293 -0.284281 0.508994 -0.836813 0.201666 0.147686 0.315711 0.937291
29.987476 -203.678147 3564.019348 -5500.330686 0.795574 0.438189 -0.418393 0.565346 -0.785210 0.252645 0.217820 0.437535 0.872421
-15.115026 -923.784712 408.561578 -311675.872472 0.582960 -0.351961 0.732312 0.194351 0.935546 0.294925 -0.788914 -0.029603 0.613791
-11.046885 -476.961640 2552.024967 -147897.126302 0.676920 -0.187464 0.711784 -0.197442 0.885338 0.420944 -0.709081 -0.425481 0.562289
15.136358 -1641.894248 16051.206583 -496020.021627 0.733551 -0.332527 0.592729 0.106139 0.917480 0.383360 -0.671295 -0.218303 0.708313
25.045056 -1388.269293 4426.969307 -570760.229548 0.662947 -0.287387 0.691311 0.426759 0.903743 -0.033551 -0.615125 0.317266 0.721778
-7.066173 -885.985072 20843.826590 78345.534262 0.653921 -0.409044 0.636451 -0.653038 -0.729933 0.201840 -0.382005 0.547614 0.744440
14.095185 -104.015836 -422.552308 -7321.730012 -0.307557 0.478120 -0.822685 -0.313744 0.765285 0.562052 0.898317 0.430976 -0.085362
11.300856 -138.908351 -343.576991 20635.162263 -0.335784 0.583358 -0.739555 -0.163785 0.737021 0.655724 0.927590 0.341310 -0.151935
10.141579 -217.297656 -1022.986059 30144.847573 -0.289866 0.591618 -0.752307 -0.165684 0.743167 0.648269 0.942617 0.312556 -0.117398
9.993386 -136.901783 -2700.719512 -12431.619651 -0.229988 0.492080 -0.839621 -0.447268 0.712789 0.540262 0.864324 0.499790 0.056158
15.389061 -136.829076 -1247.315254 -20506.916094 -0.310200 0.440886 -0.842256 -0.542308 0.645604 0.537677 0.780819 0.623550 0.038830
-46.382082 -73.048355 739.228945 -871.294557 0.832535 0.514556 0.205223 -0.302753 0.112379 0.946420 -0.463924 0.850060 -0.249343
-43.692369 -69.821075 1058.028564 -2954.991352 0.709788 0.619584 0.335138 -0.479526 0.076483 0.874189 -0.516001 0.781195 -0.351393
-0.486772 -5.500981 980.854789 1421.084639 0.142326 -0.806539 0.573793 0.899281 0.347572 0.265495 -0.413567 0.478214 0.774773
6.713102 -10.708282 2435.067421 1262.723592 -0.267969 -0.867800 0.418468 0.870834 -0.032373 0.490511 -0.412118 0.495858 0.764384
3.520568 -7.515628 3503.733269 191.500888 -0.624471 -0.768344 0.140298 0.674497 -0.439938 0.592881 -0.393814 0.464868 0.792974
9.708927 -10.907767 631.683647 1014.661140 -0.553919 -0.790328 0.261832 0.754069 -0.342927 0.560162 -0.352923 0.507723 0.785915
-1.252728 -7.487594 1362.578348 2763.609326 0.913526 0.152023 0.377305 -0.064712 -0.861416 0.503761 -0.401600 0.484615 0.777088
3.712612 -9.102647 -1412.519995 300.800870 0.812343 0.577416 0.081790 0.422550 -0.679436 0.599849 -0.401933 0.452723 0.795922
10.248206 -9.909330 -2271.547059 -127.687513 0.674162 0.730011 -0.112207 0.636607 -0.497306 0.589422 -0.374483 0.468798 0.799994
34.040195 -43.881580 -2710.634111 1433.387122 0.981957 -0.030040 0.186706 -0.147277 0.497821 0.854684 0.118621 0.866760 -0.484414
20.691940 -41.894093 -4785.491938 -1263.361734 0.993365 0.041935 0.107090 -0.110653 0.602307 0.790558 0.031349 0.797163 -0.602950
17.602183 -43.505893 -2800.339333 -245.936513 0.997683 -0.057062 0.037039 0.011456 0.677606 0.735336 0.067058 0.733208 -0.676690
-13.559311 -62.220345 564.198184 1372.155617 0.691056 0.606223 0.393618 -0.144107 0.649196 -0.746845 -0.708290 0.459388 0.535992
-11.722958 -56.359419 13.337301 -1910.338001 0.683891 0.575214 0.448801 -0.078973 -0.553167 0.829318 -0.725298 0.602606 0.332880
-9.193505 -53.979237 -942.982946 1813.230437 0.639857 0.564850 0.521083 0.124079 0.593228 -0.795415 -0.758411 0.573607 0.309495
1.919967 -53.702362 -54.152416 -1340.552903 0.754616 0.529268 0.387854 -0.380052 -0.129302 0.915883 -0.534898 0.838544 -0.103575
1.497473 -60.095268 37.116480 -2534.537471 0.769065 0.537279 0.346224 -0.240637 -0.258438 0.935576 -0.592143 0.802833 0.069467
1.662084 -56.649940 -102.986101 -1404.281958 0.751755 0.539300 0.379500 -0.365313 -0.138533 0.920519 -0.549009 0.830641 -0.092870
1.469715 -57.451769 137.773682 -2362.473129 0.772102 0.525101 0.357949 -0.260223 -0.252635 0.931912 -0.579779 0.812677 0.058417
1.864068 -54.437115 -203.526780 260.095271 0.725792 0.538055 0.428629 -0.495085 -0.024049 0.868511 -0.477615 0.842567 -0.248928
1.955569 -51.701583 -167.656070 108.684037 0.732336 0.528158 0.429806 -0.500243 -0.010957 0.865816 -0.461997 0.849075 -0.256183
2.076069 -51.399730 124.934295 -1201.350570 0.759553 0.515792 0.396281 -0.393268 -0.121109 0.911412 -0.518093 0.848110 -0.110856
1.063032 -82.002927 381.349373 -3797.885098 0.953070 0.301869 -0.023092 -0.042509 0.208947 0.977003 -0.299752 0.930170 -0.211974
0.682156 -79.899204 72.840930 -851.094558 0.951221 0.308468 0.005043 -0.138810 0.413333 0.899938 -0.275517 0.856740 -0.435990
-1.160402 -74.576745 799.043332 -2844.857280 0.954071 0.299256 -0.013938 -0.067968 0.261537 0.962797 -0.291768 0.917630 -0.269865
0.320195 -81.461865 -928.938263 -3364.588678 0.942176 0.335117 -0.000591 -0.142140 0.401222 0.904885 -0.303479 0.852477 -0.425655
-0.700071 -79.999783 1689.305316 -4255.029373 0.957945 0.273448 -0.086993 0.075534 0.052177 0.995777 -0.276832 0.960471 -0.029328
2.969736 -92.415970 516.345013 -2732.227186 0.953794 0.290582 -0.076415 0.093861 -0.046561 0.994496 -0.285425 0.955717 0.071684
0.945440 -89.653123 -1056.561662 -4809.404039 0.940239 0.339925 -0.020035 -0.041687 0.173301 0.983986 -0.337954 0.924347 -0.177115
-10.332787 -64.182670 -837.793116 -90.034644 0.805001 0.503936 0.313085 -0.279606 -0.143178 0.949379 -0.523253 0.851791 -0.025646
-12.211064 -71.352086 -701.653714 -4317.810929 0.806312 0.498320 0.318651 -0.196341 -0.282689 0.938902 -0.557953 0.819612 0.130094
-13.040997 -60.847154 227.261135 862.205709 0.843367 0.457790 0.281355 -0.246784 -0.135126 0.959603 -0.477315 0.878732 0.000986
-7.547505 -72.191541 -1156.702053 -3547.797916 0.776095 0.537327 0.330085 -0.190324 -0.299445 0.934938 -0.601210 0.788424 0.130131
-10.752452 -67.244671 -760.315134 4162.498765 0.835229 0.488359 0.252779 -0.302984 0.025080 0.952665 -0.458903 0.872282 -0.168913
-6.008903 -65.535576 -1188.115505 -867.037250 0.776316 0.534667 0.333863 -0.304018 -0.146387 0.941352 -0.552183 0.832287 -0.048906
-7.670998 -67.155179 -1584.246196 2211.255216 0.793707 0.530100 0.298369 -0.365437 0.023400 0.930542 -0.486298 0.847612 -0.212291
-4.105039 -98.652977 1164.975471 4405.639120 -0.404557 0.855708 -0.322641 -0.807359 -0.499898 -0.313486 0.429540 -0.133664 -0.893101
-3.048302 -93.507639 -13.749040 3715.426058 -0.420251 0.840226 -0.342649 -0.826160 -0.510473 -0.238489 0.375298 -0.182857 -0.908688
-6.209665 -71.872149 1561.881089 2858.145919 -0.242514 0.908546 -0.340191 0.949228 0.149791 -0.276638 -0.200380 -0.390008 -0.898744
-4.002682 -69.687713 1336.767585 2853.404801 -0.242603 0.909373 -0.337913 0.966607 0.196946 -0.163961 -0.082551 -0.366406 -0.926786
-3.587718 -63.723494 782.459095 2298.272158 -0.265962 0.897569 -0.351617 0.963387 0.260312 -0.064208 0.033899 -0.355821 -0.933939
-6.254391 -31.057818 718.646133 -4365.878411 0.065914 -0.542829 0.837253 0.978262 0.200494 0.052974 -0.196620 0.815561 0.544244
-3.214572 -27.222786 2129.508330 -928.699964 -0.203018 -0.579867 0.789011 0.941690 0.105195 0.319614 -0.268334 0.807891 0.524699
-1.563103 -22.077451 782.765848 -437.461601 -0.237756 -0.567243 0.788484 0.950116 0.032894 0.310158 -0.201872 0.822893 0.531126
-5.390802 -24.277568 146.576484 -2325.379424 -0.095099 -0.562934 0.821013 0.981821 0.083056 0.170674 -0.164268 0.822318 0.544802
-8.301074 -140.393576 389.475115 647.109886 -0.447449 0.793834 -0.411845 0.843666 0.221916 -0.488856 -0.296676 -0.566198 -0.769027
-9.270102 -132.074109 -42.517641 902.911608 -0.468861 0.785651 -0.403636 0.878186 0.365670 -0.308342 -0.094652 -0.499037 -0.861396
-10.272935 -124.847387 129.605114 825.883893 -0.465924 0.783038 -0.412028 0.883342 0.384685 -0.267816 -0.051209 -0.488743 -0.870923
-22.592068 -68.507361 2947.911659 5365.989588 -0.418200 0.713313 -0.562400 0.746641 0.622558 0.234413 -0.517336 0.321879 0.792942
-17.532574 -83.468075 3708.790248 7054.130776 -0.302433 0.775373 -0.554374 0.678819 0.583502 0.445791 -0.669133 0.241498 0.702808
-27.890092 -86.249976 5076.664910 7094.959162 -0.326255 0.792520 -0.515238 0.641307 0.586010 0.495296 -0.694467 0.168833 0.699437
-18.982936 -97.145833 4903.560082 6679.229400 -0.267931 0.788946 -0.552971 0.521994 0.601288 0.604959 -0.809774 0.126560 0.572929
-27.089552 -66.388850 1215.776122 6041.670425 -0.481517 0.710387 -0.513314 0.702024 0.663250 0.259349 -0.524694 0.235478 0.818075
-15.056438 -107.560442 -3422.461895 -23.563772 -0.084111 0.858486 -0.505893 -0.720559 0.298272 0.625962 -0.688273 -0.417176 -0.593502
-16.188575 -116.092051 -1955.963171 -18234.574934 -0.114490 0.882204 -0.456736 -0.640633 0.285823 0.712667 -0.759264 -0.374193 -0.532445
-27.422330 -131.139426 -5023.291550 18443.582292 0.007692 0.852611 -0.522490 -0.764821 0.341622 0.546208 -0.644197 -0.395410 -0.654723
6.831522 -114.231353 -917.539337 1499.809032 -0.338291 0.841906 -0.420421 0.874722 0.446071 0.189428 -0.347018 0.303670 0.887335
6.706026 -115.512062 -1210.547655 -1387.497935 -0.336633 0.846925 -0.411578 0.782158 0.494872 0.378591 -0.524316 0.194473 0.829019
7.904497 -120.371912 -1130.055454 905.577537 -0.315878 0.851986 -0.417543 0.827570 0.462644 0.317944 -0.464057 0.245115 0.851217
8.613580 -117.187493 -2142.480880 1433.612015 -0.315464 0.867233 -0.385214 0.714786 0.484166 0.504642 -0.624150 0.116150 0.772623
7.895381 -115.230954 1017.478617 2528.367538 0.324298 -0.844135 0.426927 0.922600 0.381914 0.054317 -0.208900 0.376268 0.902653
7.215551 -115.663010 500.095681 -1890.239018 0.300075 -0.842562 0.447263 0.891489 0.414530 0.182788 -0.339415 0.343880 0.875525
6.572041 -113.549737 1357.840161 -896.507226 -0.252913 0.849686 -0.462675 0.799292 0.452957 0.394921 -0.545131 0.269932 0.793706
-6.378660 -17.923773 -1575.539500 1771.323586 0.374546 0.530312 -0.760581 0.841316 -0.539181 0.038362 -0.389747 -0.654258 -0.648108
-6.733120 -13.229224 -214.123878 2340.274891 0.617235 0.368040 -0.695390 0.708899 -0.643553 0.288621 -0.341296 -0.671108 -0.658127
-1.233823 -12.315625 -1942.054792 1912.304641 0.168268 0.635777 -0.753308 0.917933 -0.379601 -0.115335 -0.359284 -0.672079 -0.647475
-0.681659 -8.760797 -2308.289409 3004.158267 0.128649 0.653196 -0.746180 0.939148 -0.321916 -0.119882 -0.318514 -0.685350 -0.654862
-13.506275 -31.043534 672.885268 -1206.649997 -0.821479 0.065029 0.566519 -0.047790 0.982130 -0.182034 -0.568233 -0.176611 -0.803692
-16.320716 -28.812856 814.480494 -1431.931554 -0.855873 0.073837 0.511887 -0.050132 0.973251 -0.224207 -0.514750 -0.217555 -0.829278
-14.021593 -26.100665 700.338180 -1948.361973 -0.831823 0.071432 0.550425 -0.088009 0.962163 -0.257869 -0.548019 -0.262944 -0.794063
-14.431461 -28.134626 -1336.162082 -990.710992 0.619546 0.779406 0.093213 0.645883 -0.438684 -0.624814 -0.446093 0.447306 -0.775190
-10.988690 -25.941059 -1092.874514 209.914183 0.733573 0.677108 -0.058270 -0.481654 0.578473 0.658314 -0.479457 0.454856 -0.750484
4.659884 -70.046779 -2361.259218 15104.686975 0.815329 0.481686 0.321274 0.563299 -0.531567 -0.632559 0.133916 -0.696717 0.704736
3.084051 -555.223418 -3587.970437 139700.126625 -0.370024 0.889819 0.267030 0.383288 0.408047 -0.828606 0.846270 0.204255 0.492044
0.076494 -410.559118 -2000.405670 84860.408172 -0.311274 0.925057 0.217663 0.710661 0.378650 -0.592946 0.630927 0.029884 0.775266
3486.843410 -86794.040980 -50761.877398 34978094.037620 -0.099630 -0.963338 -0.249104 0.989559 -0.069723 -0.126141 0.104148 -0.259071 0.960227
-91.792276 -118.440233 -25257.839043 -14731.489275 -0.530416 0.818070 0.222305 0.512288 0.518249 -0.684820 0.675441 0.249356 0.693975
13.103927 -63.200345 -944.682810 -5079.135617 0.764818 0.641321 -0.061321 0.640582 -0.746879 0.178399 -0.068611 0.175724 0.982046
14.320145 -74.146341 -933.801300 -5708.601083 0.792816 0.606357 -0.061425 0.609040 -0.791980 0.042881 0.022646 0.071407 0.997190
13.565550 -44.533823 561.398011 281.094502 0.905531 0.290812 -0.308938 -0.335609 0.045472 -0.940903 0.259578 -0.955699 -0.138775
-7.525759 -52.622745 875.243969 -181.421591 0.746333 0.248302 -0.617523 0.665516 -0.266197 0.697300 -0.008758 0.931389 0.363920
-9.916288 -54.576049 735.692418 222.865856 0.751581 0.268451 -0.602544 0.659590 -0.317182 0.681423 0.008187 0.909577 0.415455
-9.112339 -52.744722 299.959542 1096.029592 0.780677 0.261569 -0.567560 0.614709 -0.485032 0.621995 0.112590 0.834461 0.539442
9.528737 -95.825673 331.141383 -6264.237844 0.628474 0.360165 -0.689422 0.711998 0.090490 0.696327 0.313178 -0.928490 -0.199566
10.650393 -86.198648 -24.208523 -9327.055841 0.653280 0.348753 -0.672009 0.745498 -0.141405 0.651335 0.132130 -0.926486 -0.352372
8.230486 -93.612559 973.779936 53.119985 0.608543 0.392451 -0.689679 0.630568 0.288467 0.720535 0.481724 -0.873366 -0.071923
9.853286 -93.317613 -809.271923 -7168.618072 0.644352 0.308582 -0.699705 0.751012 -0.082821 0.655074 0.144194 -0.947585 -0.285114
9.452545 -94.005679 544.307498 -3340.592759 0.616687 0.366614 -0.696628 -0.604930 -0.345580 -0.717380 0.503742 -0.863810 -0.008661
9.485948 -97.512954 -498.045184 -1514.786250 0.636385 0.324510 -0.699791 0.693294 0.157092 0.703324 0.338167 -0.932746 -0.125010
-1.497575 -102.781385 -179.893396 8957.533899 0.737006 0.349651 -0.578418 -0.408831 0.912102 0.030439 0.538219 0.214042 0.815173
-2.110974 -103.696660 59.915865 9033.457803 0.718101 0.374115 -0.586829 -0.426653 0.902833 0.053479 0.549816 0.211969 0.807943
0.463550 -85.427561 -224.819704 7998.272491 0.732852 0.351725 -0.582424 -0.525227 0.836605 -0.155657 0.432510 0.419978 0.797843
2.154863 -85.275711 -647.236620 7172.102973 0.749329 0.330752 -0.573681 -0.504628 0.846177 -0.171276 0.428785 0.417838 0.800971
0.314253 -102.433314 -645.917800 8916.342239 0.753981 0.321755 -0.572701 -0.387398 0.921879 0.007907 0.530505 0.215902 0.819726
-1.680018 -58.673430 -57.530606 -2415.343760 -0.641097 -0.313024 0.700721 0.752482 -0.435882 0.493738 0.150880 0.843815 0.514988
-2.849031 -62.773414 -225.821117 -2319.333008 -0.629390 -0.321920 0.707274 0.726490 -0.566814 0.388502 0.275826 0.758347 0.590619
17.960389 -61.696587 6237.041835 14439.199799 0.736120 0.522338 -0.430455 -0.252093 0.801790 0.541833 0.628154 -0.290339 0.721891
33.425127 -37.779931 6382.785497 9704.888628 0.726314 0.633793 -0.266035 -0.403689 0.706576 0.581194 0.556330 -0.314734 0.769051
28.432722 -39.065198 9661.491645 11838.662015 0.667751 0.672901 -0.318297 -0.450467 0.705701 0.546869 0.592611 -0.221790 0.774352
-0.261670 -99.535230 261.743087 8364.595929 0.539603 0.273671 -0.796199 0.774649 -0.531803 0.342206 -0.329769 -0.801430 -0.498961
1.061850 -98.595784 1320.586862 6065.351111 0.527375 0.298486 -0.795476 0.790841 -0.514676 0.331180 -0.310559 -0.803751 -0.507482
-0.718232 -87.290943 955.068205 6142.736305 0.543779 0.288032 -0.788253 0.813828 -0.410319 0.411489 -0.204913 -0.865261 -0.457531
5.126084 -93.153420 1054.859781 5408.843618 0.490819 0.291602 -0.821015 0.812986 -0.492127 0.311230 -0.313289 -0.820231 -0.478614
1.853013 -83.305610 1170.103032 4058.481499 0.513424 0.287096 -0.808685 0.847343 -0.318594 0.424861 -0.135667 -0.903368 -0.406842
-9.979130 -94.936351 450.920161 -5318.416771 -0.752496 -0.412166 0.513682 0.139211 0.662798 0.735744 -0.643716 0.625154 -0.441375
-10.881449 -85.933462 275.814549 -2609.810645 -0.753415 -0.414518 0.510432 0.027119 0.756020 0.653986 -0.656986 0.506565 -0.558356
-8.802906 -94.296362 267.262845 -4618.160320 -0.726362 -0.410717 0.551098 0.170632 0.668957 0.723451 -0.665795 0.619522 -0.415824
-10.837036 -87.498091 36.716188 -3074.106598 -0.785717 -0.402474 0.469748 0.007622 0.753033 0.657938 -0.618539 0.520534 -0.588604
-7.517786 -99.575337 -610.147885 -5249.928411 0.719103 0.415835 -0.556751 0.289991 0.548519 0.784240 -0.631503 0.725402 -0.273853
-9.565425 -102.075055 -686.167455 -6799.654530 0.746267 0.412024 -0.522802 0.255314 0.548159 0.796453 -0.614736 0.727845 -0.303877
-10.719917 -97.137870 -58.790884 -5773.615472 0.786269 0.389270 -0.479844 0.123262 0.662164 0.739152 -0.605465 0.640318 -0.472656
14.847307 -214.230035 326.390748 28609.374290 -0.541733 -0.490764 0.682405 -0.417960 0.861650 0.287870 -0.729270 -0.129269 -0.671904
