18464
36920
-44.473313 -75.660831 -1549.956103 15224.903668 -0.674937 0.737034 0.035222 -0.414320 -0.339049 -0.844621 0.610573 0.584659 -0.534204
-52.695012 -86.949000 1572.805001 -14385.787364 0.696760 -0.713523 -0.073558 0.368403 0.267976 0.890207 0.615471 0.647359 -0.449579
-59.833841 -102.188067 1200.641149 18663.997322 -0.470125 0.800643 0.371420 -0.573147 0.043077 -0.818319 0.671181 0.597591 -0.438635
-42.646220 -70.133799 -1329.810720 -6213.244271 0.815534 -0.530310 0.231679 0.137008 0.565884 0.813021 0.562257 0.631305 -0.534155
-49.584359 -96.139796 -1578.403735 31035.976543 -0.369867 0.831685 0.414122 -0.685283 0.056770 -0.726061 0.627364 0.552337 -0.548942
-34.198005 -61.920350 -1380.225644 13667.130987 -0.604368 0.792489 0.081861 -0.534061 -0.326740 -0.779757 0.591201 0.514978 -0.620708
-33.692504 -60.308243 -924.430900 -8146.802833 -0.789536 0.565860 -0.237559 0.206799 0.609761 0.765131 0.577812 0.554972 -0.598448
51.065619 -154.819489 -4439.444020 48295.205098 -0.330039 -0.632548 -0.700684 0.007888 0.740401 -0.672119 0.943934 -0.227353 -0.239372
65.685107 -113.107663 -7021.469255 13660.688628 -0.301960 -0.579123 -0.757256 -0.055497 0.803667 -0.592486 0.951704 -0.136882 -0.274814
73.618100 -141.644131 -14128.219511 33895.607580 -0.381043 -0.643711 -0.663658 -0.116506 0.745521 -0.656220 0.917187 -0.172727 -0.359072
65.124620 -183.377461 -13554.155405 60236.253669 -0.398092 -0.665326 -0.631557 -0.003551 0.689574 -0.724207 0.917339 -0.286059 -0.276876
46.435407 -203.388483 7515.449223 57887.822897 0.385015 0.677032 0.627209 0.166128 0.617658 -0.768700 0.907835 -0.400159 -0.125333
87.488892 -68.239598 16630.660067 -4573.600061 -0.101784 0.655951 0.747909 -0.668188 0.511898 -0.539893 0.736997 0.554697 -0.386196
85.700698 -64.627012 2962.195862 -276.781979 -0.048539 0.725463 0.686548 -0.751677 0.426107 -0.503403 0.657743 0.540496 -0.524631
80.104331 -64.448801 -15663.923393 -4429.465421 0.013209 0.761093 0.648508 -0.674780 0.485403 -0.555928 0.737901 0.430257 -0.519982
92.048848 -66.221031 14237.931218 -3159.816000 -0.048507 0.691520 0.720727 -0.635673 0.535208 -0.556302 0.770433 0.485131 -0.413620
46.251558 -151.299400 -15326.461392 -285.917834 -0.700002 -0.252193 0.668128 0.710953 -0.334398 0.618647 0.067403 0.908062 0.413377
76.848447 -142.163569 15707.852361 17387.989993 0.742389 0.262943 -0.616214 0.635115 -0.569005 0.522362 0.213277 0.779163 0.589422
58.705079 -145.847142 20465.080535 3831.361427 0.768371 0.253572 -0.587629 0.635972 -0.405431 0.656632 0.071739 0.878252 0.472786
29.432743 -143.413979 10242.852978 -14953.879246 0.727417 0.279290 -0.626787 0.678061 -0.152327 0.719048 -0.105346 0.948047 0.300181
17.927576 -147.228152 -5497.713526 -22266.823106 -0.640006 -0.275470 0.717292 0.754662 -0.049811 0.654220 -0.144489 0.960018 0.239766
4.212147 -65.030985 -6816.203855 -8429.673063 -0.579039 0.785441 -0.218622 0.102122 -0.196166 -0.975239 0.808879 0.587028 -0.033377
3.040884 -55.547738 -8657.785380 5769.535853 -0.583239 0.784848 -0.209395 0.118899 -0.172519 -0.977804 0.803552 0.595190 -0.007303
8.798714 -54.566784 -771.957627 7590.689693 -0.612556 0.751096 -0.246233 0.134222 -0.208153 -0.968843 0.778948 0.626520 -0.026692
6.435052 -67.497923 2897.912398 -3898.087455 -0.626926 0.740333 -0.242632 0.085763 -0.243961 -0.965985 0.774344 0.626411 -0.089452
11.657939 -58.201861 10174.515552 7927.626929 -0.649961 0.717168 -0.251435 0.132690 -0.218676 -0.966734 0.748294 0.661703 -0.046970
15.494519 -51.476604 -157.836435 1243.101630 -0.626165 0.747491 -0.221754 0.211368 -0.111025 -0.971080 0.750494 0.654929 0.088475
-13.833256 -81.465118 2349.808206 -2371.148418 0.732657 -0.679705 -0.034860 0.665566 0.726240 -0.172041 0.142254 0.102845 0.984473
-15.158461 -82.019683 4057.546496 -9841.911065 0.737197 -0.675226 -0.024712 0.666139 0.732427 -0.140743 0.113133 0.087294 0.989738
-16.002117 -84.966204 4267.919461 -20463.278458 0.742662 -0.669251 -0.023592 0.668968 0.743035 -0.019486 0.030571 -0.001311 0.999532
-12.999055 -82.397191 2373.027733 -15505.758614 0.718908 -0.694628 -0.025748 0.694588 0.719309 -0.011943 0.026817 -0.009298 0.999597
-9.001848 -57.878794 1079.781501 -44.946472 0.837879 -0.545847 0.003177 -0.201083 -0.314065 -0.927863 -0.507469 -0.776798 0.372909
-6.133566 -60.446156 3302.040965 -2457.081931 0.853024 -0.521831 0.006504 -0.223813 -0.377062 -0.898739 -0.471442 -0.765191 0.438436
-6.795749 -63.084777 1580.586378 -6345.111671 0.830320 -0.557009 -0.017592 -0.288895 -0.403227 -0.868302 -0.476558 -0.726051 0.495724
-7.432984 -57.667984 5733.902076 2057.724662 0.863306 -0.503727 0.031005 -0.130201 -0.281657 -0.950640 -0.487596 -0.816657 0.308742
-7.605912 -60.183964 -1609.436009 -1675.432366 0.814608 -0.579433 -0.025911 -0.261600 -0.327171 -0.908033 -0.517667 -0.746469 0.418096
-9.789743 -59.532153 -3736.581272 5354.936528 0.798413 -0.600619 -0.042341 -0.217809 -0.222547 -0.950280 -0.561334 -0.767938 0.308505
-12.543719 -58.992965 500.932353 4553.987752 0.838404 -0.545044 0.002388 -0.150049 -0.235018 -0.960339 -0.523988 -0.804794 0.278823
-13.663499 -59.733455 -3583.618159 6040.822228 0.813849 -0.580615 -0.023162 -0.189691 -0.227792 -0.955054 -0.549242 -0.781663 0.295525
7.784534 -115.031856 3867.314763 8630.663209 0.736967 -0.605560 0.300294 0.638864 0.478946 -0.602049 -0.220752 -0.635538 -0.739838
7.392143 -116.017585 3805.875205 5697.214914 0.751776 -0.595702 0.282792 0.600592 0.441491 -0.666615 -0.272254 -0.670988 -0.689676
3.126652 -106.592853 3424.389902 6844.883580 0.741052 -0.601315 0.298769 0.650861 0.533962 -0.539689 -0.164991 -0.594395 -0.787066
5.956368 -102.638326 3263.763758 9119.409534 0.725574 -0.616665 0.305396 0.678647 0.567756 -0.465930 -0.113932 -0.545323 -0.830447
-11.629264 -111.255702 1413.589234 1560.856289 -0.334262 0.830206 0.446124 -0.525596 0.228707 -0.819416 0.782316 0.508381 -0.359905
-11.768109 -99.239925 1864.718279 -9603.217764 -0.347943 0.830499 0.434980 -0.580321 0.173608 -0.795668 0.736317 0.529275 -0.421550
-11.928319 -106.221516 5421.229132 -6092.776531 -0.366144 0.808658 0.460447 -0.622958 0.154569 -0.766833 0.691276 0.567610 -0.447165
-10.497955 -117.807237 3990.133520 8726.358771 -0.360882 0.815399 0.452645 -0.519048 0.227629 -0.823877 0.774824 0.532267 -0.341084
-3.257156 -76.280089 1393.246837 -2254.785677 0.761812 -0.628319 -0.157664 -0.482148 -0.387411 -0.785777 -0.432638 -0.674632 0.598077
-3.761328 -78.548479 -2455.980231 -1380.694099 0.762621 -0.636194 -0.116904 -0.436705 -0.373066 -0.818603 -0.477177 -0.675336 0.562337
-2.791362 -78.081945 208.861204 -3168.088227 0.757759 -0.633972 -0.154532 -0.445648 -0.329803 -0.832243 -0.476654 -0.699506 0.532439
-26.962107 -57.386803 3038.677020 8672.011656 -0.418837 0.373014 -0.827911 -0.093073 0.889298 0.447757 0.903279 0.264593 -0.337754
-34.252253 -60.244031 6202.245018 6067.185933 -0.406132 0.504948 -0.761632 -0.035391 0.824148 0.565267 0.913129 0.256528 -0.316842
-25.566848 -65.625799 2662.441765 6359.877575 -0.401496 0.311095 -0.861407 -0.045758 0.932555 0.358118 0.914717 0.183199 -0.360181
-21.287228 -58.049918 1069.247806 5417.761029 -0.430175 0.228801 -0.873269 -0.103930 0.948364 0.299672 0.896743 0.219671 -0.384183
-17.923308 -58.799123 1785.010099 -195.660620 -0.426679 0.120519 -0.896337 -0.063152 0.984692 0.162461 0.902196 0.125924 -0.412536
785.066281 -47.625875 -464093.458070 22710.922869 0.852039 -0.060870 -0.519927 -0.354351 0.664002 -0.658435 -0.385311 -0.745249 -0.544186
1873.818032 -29.231551 -991611.783936 17679.767936 0.850841 -0.070069 -0.520731 -0.386685 0.587485 -0.710870 -0.355732 -0.806196 -0.472762
520.266550 -13.186630 -244585.017908 5086.469741 0.861804 0.074671 -0.501715 -0.433359 0.622431 -0.651751 -0.263616 -0.779104 -0.568773
1830.584492 -86.037043 -1248172.205438 20751.177066 0.883980 -0.149031 -0.443136 -0.271778 0.607431 -0.746435 -0.380416 -0.780268 -0.496453
-5.499462 -31.352353 18944.221373 -4809.324404 -0.358448 0.916179 0.179251 -0.407147 0.019367 -0.913157 0.840087 0.400301 -0.366078
4.981335 -41.823535 19341.701852 -6674.004942 -0.310001 0.911512 0.270270 -0.488772 0.091035 -0.867649 0.815476 0.401072 -0.417300
29.796313 -32.874730 21817.760609 -6866.594700 -0.316921 0.918552 0.236270 -0.426473 0.084496 -0.900545 0.847161 0.386164 -0.364959
25.195737 -25.669073 23567.241026 -3903.021778 -0.351323 0.914705 0.199715 -0.390341 0.050788 -0.919268 0.851003 0.400917 -0.339204
7.774036 -26.415644 22194.188215 -739.084136 -0.371791 0.910608 0.180459 -0.373200 0.031378 -0.927220 0.849996 0.412079 -0.328172
-18.661987 -28.317421 9954.609225 -2031.965247 -0.467475 0.860260 -0.203520 -0.217621 -0.335129 -0.916695 0.856801 0.384241 -0.343875
-20.750370 -132.305778 -3064.313017 434.164885 -0.401196 0.878861 0.258159 -0.707202 -0.476311 0.522488 -0.582158 -0.027050 -0.812626
-23.203282 -122.033511 -5813.177491 334.594319 -0.379605 0.890347 0.251360 -0.686181 -0.453198 0.569006 -0.620528 -0.043519 -0.782976
-22.428444 -126.300767 -7185.897448 3233.838807 -0.386726 0.889276 0.244196 -0.757339 -0.457347 0.466124 -0.526195 0.004677 -0.850351
-24.029646 -125.849449 -7131.436163 2905.538495 -0.403375 0.877530 0.259288 -0.581619 -0.464642 0.667703 -0.706405 -0.118528 -0.697813
-16.629787 -129.865385 2354.365710 411.735003 -0.410366 0.875537 0.255019 -0.732589 -0.483048 0.479559 -0.543059 -0.009970 -0.839636
-18.703937 -132.180448 2330.174217 2232.578440 -0.423839 0.867096 0.261734 -0.622818 -0.488824 0.610860 -0.657616 -0.095893 -0.747225
-21.412229 -128.722403 -2686.326213 3179.980022 -0.417405 0.870243 0.261631 -0.535696 -0.468209 0.702716 -0.734032 -0.153162 -0.661618
-2.210217 -144.453117 -1837.143767 -13146.350137 0.575698 0.806414 -0.135157 0.635365 -0.545238 -0.546833 0.514667 -0.228937 0.826260
2.478461 -137.275806 -1964.944296 -13266.401798 0.552719 0.823915 -0.125165 0.722471 -0.548593 -0.420811 0.415377 -0.142162 0.898472
2.344621 -157.267280 -1972.673699 -21291.382362 0.565696 0.814549 -0.128448 0.624021 -0.524688 -0.579051 0.539060 -0.247413 0.805109
-0.172491 -168.488651 -1404.531316 -17701.601001 0.578232 0.801987 -0.149881 0.496275 -0.491551 -0.715603 0.647579 -0.339402 0.682237
-2.647843 -155.474191 -2655.780809 -15481.656932 0.585163 0.798961 -0.138727 0.542655 -0.512936 -0.665148 0.602586 -0.313939 0.733711
1.610599 -160.190125 -1933.902668 -18713.013480 0.576626 0.804450 -0.142695 0.554750 -0.513733 -0.654470 0.599796 -0.298224 0.742501
-5.475473 -139.847743 -2884.698068 -10403.330710 0.591900 0.794329 -0.136733 0.636973 -0.564934 -0.524513 0.493881 -0.223364 0.840351
-3.280005 -240.997538 4255.572907 -13709.746803 0.699645 0.662517 -0.267521 -0.686947 0.726700 0.003110 0.196468 0.181597 0.963547
-5.634844 -213.528465 610.437301 -26196.357705 0.699680 0.674938 -0.234322 -0.680794 0.729322 0.067895 0.216721 0.112020 0.969785
-4.794762 -200.078714 4107.090522 -20144.738171 0.663712 0.702177 -0.257749 -0.660422 0.711906 0.238815 0.351183 0.011719 0.936233
-2.653115 -231.115031 2820.005489 -20995.546695 0.668292 0.700164 -0.251310 -0.626641 0.711908 0.317031 0.400883 -0.054388 0.914513
3.546975 -293.850708 2661.833654 -28416.262047 0.709578 0.661779 -0.241967 -0.682390 0.730985 -0.001896 0.175619 0.166461 0.970283
0.734041 -284.244005 4166.077552 29403.503583 0.724280 0.640349 -0.255679 0.688753 -0.689242 0.224867 0.032231 0.338966 0.940246
9.246230 -31.372991 8567.236595 -1829.102785 -0.017190 0.372345 0.927935 0.851721 0.491570 -0.181470 -0.523714 0.787222 -0.325584
-1.802504 -21.089043 3484.089240 1135.085343 0.180691 0.486699 0.854678 0.822329 0.401957 -0.402748 -0.539561 0.775600 -0.327597
2.453217 -25.204368 5177.856135 1308.752995 0.272101 0.522276 0.808201 0.780078 0.372043 -0.503053 -0.563418 0.767341 -0.306183
1.300631 -26.348486 2132.268907 1909.100284 0.480276 0.607430 0.632743 0.652122 0.235147 -0.720724 -0.586577 0.758772 -0.283183
12.534617 -26.478318 10983.415929 -646.361855 0.277085 0.517142 0.809807 0.755027 0.404080 -0.516386 -0.594271 0.754509 -0.278491
12.452786 -28.949588 11154.571098 -793.032723 0.130910 0.448957 0.883912 0.816361 0.457062 -0.353057 -0.562510 0.767809 -0.306677
-329.605984 -3282.011039 -24915.247953 1937406.460931 0.956599 0.284106 0.064830 0.195944 -0.462433 -0.864732 0.215696 -0.839905 0.498032
186.187449 -17430.189964 -420246.120233 12675808.299335 0.872354 0.395494 0.287371 0.239376 0.166978 -0.956461 0.426259 -0.903163 -0.050992
-53.251191 -1756.122651 -9180.926975 1011863.334979 0.802990 0.495866 0.330643 0.297669 0.146951 -0.943291 0.516334 -0.855875 0.029603
-634.824252 -4076.148929 30764.916230 810074.428235 0.913216 0.371963 0.166375 0.352324 -0.515670 -0.780995 0.204706 -0.771835 0.601969
-184.191276 -3652.643202 -26785.560010 -1946608.989788 0.785111 0.532876 0.315663 0.613268 -0.740128 -0.275886 -0.086618 -0.410187 0.907879
-141.174065 -2267.972785 12702.519924 -1148655.624962 0.826057 0.458341 0.327953 0.563558 -0.665870 -0.488896 0.005707 -0.588677 0.808348
-21.649974 -1259.344384 -4390.422362 714263.196898 0.599453 0.663335 -0.447932 0.780619 -0.360831 0.510328 0.176890 -0.655582 -0.734113
-245.891745 -17712.392965 699800.034348 8259714.937555 0.562172 0.645432 -0.517088 0.826994 -0.433785 0.357647 0.006532 -0.628688 -0.777630
2008.369933 -615.380676 692633.945388 -252012.336749 -0.531793 -0.128943 -0.837001 0.538707 0.711094 -0.451818 0.653445 -0.691172 -0.308692
-18.567164 -587.072008 -17347.878122 273553.384813 0.555599 0.600439 -0.575138 0.598068 0.191930 0.778124 0.577602 -0.776297 -0.252467
80.616632 -70.071763 11090.413398 -1629.387329 -0.138996 0.600595 0.787379 -0.676389 0.523162 -0.518459 0.723311 0.604638 -0.333519
93.385375 -67.793798 15405.895924 -1427.802596 -0.137141 0.636527 0.758964 -0.746617 0.437105 -0.501500 0.650965 0.635432 -0.415297
-3.553208 -126.157532 -3651.632799 9857.989892 -0.840622 -0.511730 0.177446 -0.388883 0.798290 0.459894 -0.376995 0.317592 -0.870063
-5.319870 -129.986939 -2776.204463 12314.971238 -0.827662 -0.529263 0.186701 -0.454539 0.827276 0.330164 -0.329197 0.188402 -0.925275
-5.431445 -116.792374 -2764.872404 11344.214994 -0.837822 -0.506113 0.204703 -0.366428 0.799256 0.476363 -0.404703 0.324098 -0.855088
-2.890327 -90.968959 3300.851250 -913.363187 -0.836602 -0.474077 0.274495 -0.274967 0.796785 0.538078 -0.473804 0.374680 -0.796947
-6.532007 -95.926608 707.016759 -7813.919704 -0.850940 -0.439973 0.286924 -0.198961 0.775528 0.599142 -0.486124 0.452747 -0.747465
-5.213504 -94.623961 970.749773 560.043199 -0.845772 -0.461428 0.267871 -0.274012 0.806441 0.523994 -0.457808 0.369780 -0.808502
-2.435891 -93.912113 4342.222875 7241.138665 -0.821865 -0.507064 0.259663 -0.355973 0.812964 0.460839 -0.444771 0.286314 -0.848648
-11.216207 -66.473644 1381.824200 -3059.451698 -0.885895 0.361551 -0.290637 0.210737 0.871816 0.442185 0.413254 0.330481 -0.848530
-8.018820 -64.738932 1790.049214 -3979.799428 -0.878936 0.390222 -0.274221 0.283784 0.889996 0.356895 0.383324 0.235869 -0.892989
-9.406463 -65.290651 98.605792 -4187.919622 -0.896771 0.331892 -0.292661 0.221140 0.909016 0.353252 0.383275 0.252067 -0.888574
-16.741637 -46.166164 257.128099 -3581.204930 0.060043 0.468641 0.881346 0.940073 0.270341 -0.207794 -0.335644 0.841006 -0.424325
-15.721877 -39.993830 942.887589 -4380.612946 0.027740 0.455186 0.889964 0.913663 0.349634 -0.207305 -0.405524 0.818878 -0.406188
-16.259687 -44.658252 -539.514722 -4749.651840 0.017556 0.435911 0.899819 0.932051 0.318612 -0.172534 -0.361902 0.841706 -0.400698
-17.788468 -50.393107 -1970.753984 -3632.467915 0.028533 0.447825 0.893666 0.957706 0.243844 -0.152770 -0.286329 0.860228 -0.421928
44.363900 -60.061715 8185.281588 5414.435972 -0.734613 0.668330 0.116957 0.300434 0.474976 -0.827125 0.608345 0.572479 0.549713
70.582514 -69.942578 -24154.098399 -5063.247025 0.762697 -0.594012 -0.255821 0.203642 0.595988 -0.776742 0.613860 0.540322 0.575524
69.771178 -60.276843 -29272.352922 2752.664514 0.776440 -0.626833 -0.064966 -0.393143 -0.562368 0.727449 0.492524 0.539280 0.683080
37.501844 -46.480805 -4661.075999 -5701.398991 0.680119 -0.731490 0.048585 -0.486429 -0.400699 0.776420 0.548475 0.551691 0.628340
19.131934 -50.416629 126.296378 -5201.502983 0.704095 -0.709758 0.022243 -0.405214 -0.375864 0.833383 0.583140 0.595794 0.552248
22.572125 -60.216147 -4757.425775 1687.170650 0.767130 -0.629975 -0.121010 -0.246290 -0.463421 0.851224 0.592328 0.623196 0.510661
108.629791 39.773594 50443.446217 2582.970175 0.848812 0.526101 0.052303 -0.365885 0.513131 0.776418 -0.381636 0.678170 -0.628044
65.294306 30.797919 28749.896463 15192.389807 0.585598 0.705149 0.399799 0.747220 -0.278394 -0.603456 -0.314225 0.652120 -0.689929
83.525937 44.874489 10446.324725 -2951.374374 0.772392 0.632852 -0.053940 -0.408163 0.559635 0.721256 -0.486635 0.535076 -0.690565
99.312685 -378.912322 -20315.154771 40823.697484 -0.530794 0.840457 0.109036 0.318079 0.316810 -0.893564 0.785546 0.439616 0.435493
62.228944 -379.050346 -16221.325643 -19160.860524 -0.446440 0.875592 0.184469 0.604243 0.447046 -0.659576 0.659986 0.182997 0.728650
81.336232 -362.457865 -10767.363946 -17928.879921 -0.597503 0.794913 0.105376 0.529755 0.489969 -0.692308 0.601955 0.357832 0.713867
119.589179 -374.500868 -16524.356145 40717.425543 -0.687949 0.721755 0.076133 0.283869 0.364140 -0.887029 0.667941 0.588619 0.455394
62.335132 -332.657740 -1945.406807 -38492.489324 -0.639995 0.764208 0.079961 0.666155 0.603701 -0.437930 0.382942 0.227006 0.895446
90.216417 -371.602013 -12646.336920 -35334.270877 -0.720786 0.688917 0.076558 0.489559 0.584148 -0.647382 0.490713 0.429145 0.758311
-7.066857 -351.474098 25780.056215 159288.022892 -0.296369 0.904871 0.305571 0.693303 -0.016222 0.720463 -0.656884 -0.425376 0.622542
6.849942 -260.884431 -1628.227731 134681.666926 -0.343130 0.877938 0.333895 0.699228 0.001396 0.714897 -0.627169 -0.478772 0.614359
62.422943 -2045.563754 45191.531930 1182980.913142 -0.253913 0.881761 0.397524 0.602290 -0.177448 0.778306 -0.756819 -0.437046 0.486019
45.636537 -12.940267 13660.947332 -2427.185308 0.834156 0.453485 -0.313903 0.028691 0.532701 0.845817 -0.550781 0.714550 -0.431345
37.606128 -20.217861 9001.889807 -3212.712865 0.825546 0.468476 -0.314648 0.036212 0.512433 0.857963 -0.563171 0.719683 -0.406073
49.870352 -13.217272 1114.189252 -2546.760454 0.770074 0.506856 -0.387406 0.060640 0.546357 0.835354 -0.635066 0.666777 -0.390000
51.726419 -7.093216 7402.967548 -2882.524516 0.799800 0.482460 -0.357144 0.040928 0.549761 0.834319 -0.598869 0.681905 -0.419953
-106.788423 -179.855430 75517.135541 -45740.843327 -0.327646 0.840208 0.432086 0.642569 0.533440 -0.550042 0.692642 -0.097426 0.714672
-91.704437 -214.742314 45230.287772 -64565.045654 -0.202021 0.916816 0.344436 0.545058 0.397440 -0.738209 0.813694 -0.038604 0.580010
-44.160678 -182.450392 27044.148588 -63106.244264 -0.289450 0.870902 0.397175 0.661803 0.481865 -0.574303 0.691546 -0.096620 0.715841
-64.852491 -126.243191 -39120.894816 7277.795020 0.571748 -0.584033 -0.576203 0.536342 0.797536 -0.276178 0.620840 -0.151138 0.769230
-71.323281 -102.216356 -6029.057258 3263.577465 0.992625 -0.109598 -0.051800 -0.040032 -0.699706 0.713309 0.114422 0.705975 0.698933
-69.529988 -100.098151 -11765.779247 3015.594986 0.999038 0.028413 -0.033392 0.043682 -0.710498 0.702342 0.003770 0.703125 0.711056
-66.110340 -97.486074 -3769.882231 9475.924543 0.992704 -0.063372 -0.102582 0.005803 -0.824656 0.565605 0.120438 0.562073 0.818272
-72.134515 -103.428301 -6418.299946 -919.656576 0.993993 -0.084932 0.069031 -0.104537 -0.549943 0.828635 0.032415 0.830873 0.555517
-75.241891 -102.086237 4262.338628 7295.412537 0.952130 -0.299837 -0.059542 -0.184554 -0.719092 0.669960 0.243695 0.626900 0.740006
-75.375062 -106.443779 1016.827760 676.993299 0.945260 -0.326310 -0.002259 -0.200050 -0.584949 0.786012 0.257805 0.742534 0.618207
-58.182120 -96.429917 3332.222755 3994.947516 0.701658 0.633160 0.326779 -0.072211 -0.393076 0.916666 -0.708846 0.666783 0.230084
-66.194010 -95.996411 9230.891630 6437.333014 0.646801 0.687069 0.331035 -0.060123 -0.386768 0.920215 -0.760285 0.615099 0.208853
-62.069854 -92.430995 8509.172493 6107.134205 0.669915 0.668438 0.323118 0.011315 -0.444354 0.895780 -0.742352 0.596440 0.305242
27.749554 -36.382662 -1333.025220 4275.909570 0.213560 -0.608667 -0.764144 0.953522 -0.040331 0.298612 -0.212574 -0.792400 0.571765
25.000014 -29.481282 -3132.172370 3954.784890 0.200712 -0.622903 -0.756113 0.964074 -0.011494 0.265385 -0.174000 -0.782214 0.598218
26.341380 -32.470031 -594.233230 5566.309217 0.248162 -0.587982 -0.769865 0.955393 0.017193 0.294835 -0.160122 -0.808691 0.566021
26.471575 -33.977234 -2439.464359 3835.116157 0.161250 -0.626903 -0.762228 0.960444 -0.077993 0.267330 -0.227038 -0.775184 0.589528
27.374687 -40.978267 4163.337245 5492.793092 0.209009 -0.565362 -0.797923 0.953254 -0.064294 0.295252 -0.218225 -0.822334 0.525495
30.860575 -40.723499 -572.640793 3937.099998 0.156894 -0.609748 -0.776912 0.951054 -0.118779 0.285284 -0.266232 -0.783645 0.561267
19.826311 -298.434216 4218.029569 98515.758873 0.209045 0.014057 -0.977805 0.916860 0.344931 0.200974 0.340101 -0.938523 0.059218
13.836652 -299.759549 2469.576152 39379.420667 0.221027 -0.019423 -0.975074 0.974816 -0.026020 0.221487 -0.029673 -0.999473 0.013182
27.069126 -331.756822 5573.281508 119546.091450 0.255217 -0.008200 -0.966849 0.922657 0.301039 0.240998 0.289084 -0.953576 0.084396
33.344475 -196.426454 5000.651907 80237.911461 0.264703 0.009684 -0.964281 0.820512 0.523100 0.230491 0.506647 -0.852217 0.130520
25.575487 -175.280702 5216.999457 66466.774474 0.216849 0.042269 -0.975290 0.785989 0.584959 0.200111 0.578963 -0.809961 0.093625
13.574828 -302.628093 8226.250379 109714.241700 0.178724 0.049200 -0.982668 0.897023 0.402190 0.183284 0.404237 -0.914233 0.027748
-4.795654 -71.204375 1643.941277 -2243.456575 0.260094 -0.599136 -0.757223 0.854930 -0.221631 0.469015 -0.448828 -0.769360 0.454575
-7.394781 -73.689457 5048.322896 -3802.426600 0.240704 -0.600494 -0.762541 0.892590 -0.171640 0.416921 -0.381241 -0.780991 0.494680
-8.316303 -66.566749 4641.242425 -575.656730 0.263459 -0.608700 -0.748381 0.856381 -0.209545 0.471913 -0.444073 -0.765229 0.466073
108.308433 -38.646757 27665.388069 5829.605906 0.231229 -0.275684 -0.933023 0.823382 0.566298 0.036730 0.518243 -0.776727 0.357938
113.783278 -46.902081 29708.780646 4323.154060 0.214754 -0.244159 -0.945657 0.856223 0.512870 0.062026 0.469854 -0.823013 0.319195
111.768320 -44.083418 -15979.207076 8017.599369 0.288417 -0.468103 -0.835281 0.845719 0.533583 -0.007006 0.448971 -0.704392 0.549778
105.037019 -36.871978 119.340527 5478.180185 0.266636 -0.467035 -0.843079 0.841854 0.538744 -0.032195 0.469240 -0.701166 0.536824
82.705388 -26.988070 12404.503818 2346.616533 0.257620 -0.337366 -0.905437 0.815534 0.578473 0.016500 0.518204 -0.742666 0.424160
86.288245 -31.452917 29487.724058 4866.047279 0.256831 -0.189956 -0.947605 0.783508 0.614963 0.089081 0.565821 -0.765335 0.306774
8.164523 -56.085176 242.496679 1652.443846 0.596179 -0.232825 -0.768351 -0.514851 0.623465 -0.588405 -0.616035 -0.746381 -0.251826
5.669272 -47.017425 3630.247779 -3342.911813 0.623720 -0.234884 -0.745522 -0.557805 0.534396 -0.635039 -0.547565 -0.811942 -0.202294
4.801678 -54.421214 3405.242854 2483.248166 0.618632 -0.229975 -0.751270 -0.501134 0.620943 -0.602739 -0.605111 -0.749360 -0.268887
4.617218 -78.126623 -2194.887626 -15833.207947 -0.404813 0.414339 0.815138 0.853647 0.490757 0.174483 -0.327739 0.766473 -0.552364
12.320056 -59.647192 -3508.372578 -6086.420643 -0.361194 0.437225 0.823634 0.857851 0.502056 0.109684 -0.365554 0.746173 -0.556414
10.874888 -67.938149 -2681.850210 285.688910 -0.422846 0.415077 0.805551 0.835304 0.523212 0.168868 -0.351381 0.744285 -0.567953
5.431977 -81.255050 475.685337 -17059.755429 -0.457843 0.374835 0.806151 0.838377 0.483749 0.251217 -0.295810 0.790876 -0.535734
7.058582 -77.445343 597.255389 -12924.769019 -0.490023 0.369204 0.789662 0.823710 0.492569 0.280852 -0.285272 0.788076 -0.545487
-8.933272 -125.725370 810.179355 838.411294 -0.465500 0.324066 0.823584 -0.456383 0.709400 -0.537090 -0.758303 -0.625885 -0.182328
-11.808056 -125.918220 4644.433772 5909.065771 -0.434217 0.335709 0.835915 -0.370770 0.779107 -0.505491 -0.820966 -0.529425 -0.213831
-9.005395 -120.873378 -136.775161 7614.587577 -0.484195 0.326197 0.811881 -0.304988 0.806787 -0.506041 -0.820084 -0.492637 -0.291156
-8.644904 -131.536861 -823.115456 -1386.379124 0.448882 -0.318187 -0.835022 0.575697 -0.611711 0.542571 -0.683431 -0.724270 -0.091407
-9.416824 -125.141326 -5984.036304 822.390826 -0.523667 0.300300 0.797241 -0.398074 0.741115 -0.540634 -0.753200 -0.600473 -0.268556
-6.891466 -128.185429 4286.093301 4621.338983 0.487827 -0.299181 -0.820070 0.545499 -0.628944 0.553949 -0.681510 -0.717579 -0.143613
15.711056 -124.772674 -3021.926581 987.272080 0.350529 -0.251428 -0.902172 -0.024759 0.960466 -0.277294 0.936225 0.119536 0.330446
13.343724 -123.298594 -604.509827 -1625.133373 0.360395 -0.250244 -0.898606 -0.070156 0.953343 -0.293624 0.930158 0.168864 0.326024
14.828429 -133.519060 -3622.453033 -8379.987181 0.357397 -0.238300 -0.903040 -0.187560 0.928889 -0.319352 0.914925 0.283510 0.287287
15.553473 -132.856593 -5707.865229 -6228.251641 0.341421 -0.228135 -0.911804 -0.187806 0.933975 -0.304006 0.920956 0.275037 0.276033
11.977901 -142.302971 -5369.697009 -12833.416840 0.339370 -0.215026 -0.915747 -0.339191 0.880054 -0.332347 0.877370 0.423402 0.225729
9.878016 -142.459100 -3307.131922 -12676.186680 0.357651 -0.233294 -0.904245 -0.354734 0.861774 -0.362643 0.863857 0.450466 0.225457
77.156209 -31.351968 -14943.209391 -221.301400 0.305202 -0.535642 -0.787362 0.840060 0.540841 -0.042304 0.448498 -0.648520 0.615037
61.702019 -39.115270 -34008.791403 3023.699708 0.352496 -0.680723 -0.642155 0.840209 0.532366 -0.103127 0.412063 -0.503192 0.759606
61.009679 -24.294591 -11044.709863 3220.498153 0.278592 -0.603846 -0.746831 0.815448 0.559532 -0.148218 0.507376 -0.567709 0.648287
64.357398 -17.083561 11263.904743 3757.972311 0.249596 -0.413384 -0.875680 0.795845 0.602745 -0.057698 0.551663 -0.682505 0.479432
55.242722 -23.628664 19639.470815 6614.671565 -0.232023 0.695087 0.680455 0.811849 0.523704 -0.258139 0.535786 -0.492532 0.685817
66.168898 -14.934770 6189.512249 5377.620922 0.180774 -0.558266 -0.809728 0.798358 0.564120 -0.210696 0.574409 -0.608364 0.547675
119.034307 -62.896825 29357.921219 -467.413842 0.046332 0.725382 0.686785 0.648762 0.500940 -0.572859 0.759580 -0.472102 0.447390
107.235041 -70.709572 25150.637424 453.667931 -0.327807 -0.560105 -0.760805 0.658154 0.442345 -0.609233 0.677773 -0.700437 0.223632
117.342439 -65.910485 3440.722490 6227.940778 0.222814 0.662126 0.715502 0.672344 0.427091 -0.604604 0.705909 -0.615778 0.350015
101.325983 -56.972351 33884.564649 65.161809 0.059961 0.742268 0.667415 0.715713 0.434104 -0.547091 0.695816 -0.510481 0.505222
-12.016490 -70.122520 721.025625 -3418.498308 0.223341 -0.427309 -0.876086 0.592895 0.772957 -0.225861 0.773689 -0.468983 0.425982
-6.054752 -67.163510 2243.750726 5121.040732 0.212050 -0.414686 -0.884912 0.598737 0.770784 -0.217729 0.772366 -0.483661 0.411733
-7.790686 -71.504160 4409.023097 -719.642810 0.200506 -0.405224 -0.891959 0.551412 0.799223 -0.239140 0.809779 -0.443888 0.383694
-11.310445 -74.373262 1560.072359 -11921.741137 0.211894 -0.418277 -0.883259 0.541114 0.802815 -0.250368 0.813816 -0.424892 0.396447
-6.997391 -71.692489 6351.232413 -6770.326874 0.173217 -0.414459 -0.893431 0.485742 0.825091 -0.288582 0.856768 -0.383989 0.344240
-2.527082 -72.947440 7332.608926 768.761869 0.176461 -0.393484 -0.902237 0.509893 0.820590 -0.258150 0.841945 -0.414491 0.345437
-16.271724 -126.911770 -3486.797658 -2876.099850 -0.382939 0.350334 0.854765 0.258032 0.929033 -0.265174 -0.887005 0.119012 -0.446161
-15.959599 -123.504530 3468.999465 -1525.680833 -0.367339 0.368421 0.854007 0.262692 0.921914 -0.284723 -0.892219 0.119751 -0.435437
-15.099977 -121.504486 1488.988430 -555.852268 -0.364126 0.366050 0.856399 0.088488 0.928962 -0.359442 -0.927136 -0.055101 -0.370651
-14.442939 -122.608728 -5481.505779 -3701.275229 -0.369518 0.353587 0.859321 0.073999 0.933034 -0.352097 -0.926272 -0.066517 -0.370938
82.184679 -58.716794 -27216.842129 3409.328075 -0.274857 0.918202 0.285233 0.958483 0.238242 0.156684 0.075913 0.316457 -0.945564
48.208612 -68.011935 -27789.420331 1430.551016 -0.239026 0.945770 0.219968 0.971010 0.232210 0.056734 0.002579 0.227152 -0.973856
33.267860 -66.287034 -25736.850546 1887.389422 -0.149736 0.967423 0.204138 0.988075 0.138925 0.066386 0.035864 0.211644 -0.976689
33.493725 -58.624535 -23714.067777 3928.447310 -0.040419 0.981375 0.187804 0.993708 0.019833 0.110228 0.104450 0.191078 -0.976002
-11.573229 -164.185489 -972.058081 298.192138 0.439754 -0.118176 -0.890309 -0.222980 0.945901 -0.235693 0.869998 0.302168 0.389613
-9.082875 -175.987836 -2564.728797 -6124.053065 0.459922 -0.110245 -0.881089 -0.147666 0.968950 -0.198319 0.875595 0.221318 0.429362
-7.839493 -165.437286 43.316761 12693.407744 0.449531 -0.161650 -0.878517 -0.048693 0.977593 -0.204796 0.891937 0.134840 0.431587
-22.237046 -55.118105 2203.847402 -1987.863298 -0.077625 0.450812 0.889237 -0.114039 0.882060 -0.457128 -0.990439 -0.136892 -0.017060
-25.380905 -58.930824 -4151.154300 -661.225287 -0.065718 0.468029 0.881266 -0.120326 0.873014 -0.472619 -0.990557 -0.137099 -0.001057
-24.635215 -57.533489 -2295.691693 -276.095418 -0.070604 0.391413 0.917502 -0.005954 0.919616 -0.392773 -0.997487 -0.033194 -0.062598
25.793445 -94.471409 7524.700702 2569.334204 -0.188114 -0.209041 0.959643 0.481133 0.832201 0.275594 -0.856226 0.513560 -0.055972
27.130442 -93.184594 13932.595214 1930.439107 -0.191608 -0.320987 0.927499 0.612279 0.699482 0.368564 -0.767073 0.638507 0.062508
15.362031 -86.824522 13579.136391 3365.450086 -0.172058 -0.326916 0.929259 0.520487 0.770730 0.367516 -0.836355 0.546901 0.037546
10.851555 -87.056583 16405.742818 -370.130596 -0.190336 -0.394588 0.898929 0.603375 0.675288 0.424176 -0.774410 0.623127 0.109553
-91.398869 -2606.851271 37713.807559 -1808443.501102 0.007743 -0.239750 -0.970804 0.457965 0.863885 -0.209693 0.888936 -0.442971 0.116486
-89.470661 -1353.835634 -175.596778 -695024.892813 0.087381 -0.309276 -0.946949 0.463423 0.854082 -0.236183 0.881818 -0.418200 0.217956
-66.054085 -1863.454232 4554.162513 -1212609.286470 0.028306 -0.320620 -0.946785 0.806683 0.566668 -0.167779 0.590306 -0.759006 0.274679
-279.028710 -2359.037131 32506.830371 1456069.339444 0.056029 -0.285856 -0.956633 -0.185841 0.938409 -0.291294 0.980981 0.194102 -0.000545
-63.267692 -565.650695 9700.742297 -303075.277882 -0.064627 -0.289911 -0.954869 0.882191 0.430656 -0.190461 0.466437 -0.854685 0.227925
-43.890476 -749.440834 19888.999586 -140473.119175 -0.085898 -0.160866 -0.983231 0.247077 0.952611 -0.177441 0.965181 -0.258176 -0.042081
-89.231642 -1326.138594 7420.247852 550439.025743 -0.008588 -0.239707 -0.970807 -0.162154 0.958327 -0.235191 0.986728 0.155401 -0.047099
-10.290240 -1737.602630 -5040.946591 -1231782.819238 0.084831 0.003554 -0.996389 0.651425 0.756481 0.058160 0.753956 -0.654006 0.061857
-47.294746 -628.575471 -5492.838460 -439574.384080 0.028042 -0.202512 -0.978878 0.964666 0.262129 -0.026595 0.261978 -0.943545 0.202707
-19.287708 -422.028984 26617.298339 -191114.874844 -0.083853 -0.072830 -0.993813 0.815121 0.568664 -0.110450 0.573189 -0.819340 0.011681
-41.166908 -682.592422 32300.625815 -380897.504109 -0.159733 -0.137714 -0.977507 0.827233 0.521672 -0.208672 0.538675 -0.841958 0.030593
1.938305 -59.034777 1848.655894 5156.444451 0.262106 -0.544620 -0.796674 0.894740 -0.172168 0.412066 -0.361581 -0.820821 0.442167
-1.682736 -58.440890 5826.179226 5686.614584 0.278293 -0.544009 -0.791585 0.890846 -0.161924 0.424470 -0.359092 -0.823307 0.439566
1.754100 -64.530765 6076.566164 3327.992445 0.285673 -0.543963 -0.788984 0.846716 -0.242333 0.473652 -0.448846 -0.803355 0.391354
-7.969195 -57.033212 -1341.084799 -13298.453440 -0.713842 -0.182562 0.676092 0.264273 0.823818 0.501482 -0.648528 0.536652 -0.539830
-0.898618 -59.331556 2970.784675 -422.740145 0.749736 0.236565 -0.618007 0.271624 0.741597 0.613396 -0.603420 0.627750 -0.491746
-7.059540 -59.238575 -1558.554283 -14791.308994 -0.761881 -0.305921 0.570920 0.124769 0.795611 0.592820 -0.635586 0.522891 -0.567992
8.037985 -68.877265 -3997.542001 -3388.563368 0.665131 -0.218041 -0.714184 0.631634 0.674425 0.382348 -0.398296 0.705414 -0.586303
3.292732 -68.444386 -1316.069954 -9576.215080 0.634909 -0.250850 -0.730729 0.631701 0.713088 0.304072 -0.444798 0.654660 -0.611208
11.256964 -74.479801 -1068.436757 -3916.788907 0.667797 -0.254477 -0.699492 0.608246 0.728245 0.315748 -0.429051 0.636319 -0.641104
16.453586 -74.037190 -6812.956778 5792.858183 0.671806 -0.223767 -0.706120 0.625402 0.682172 0.378833 -0.396925 0.696111 -0.598231
20.820216 -68.600943 12891.287284 5210.898666 -0.653845 0.209968 0.726911 0.663175 0.621551 0.416981 -0.364260 0.754710 -0.545644
20.431165 -54.551272 18785.459551 -3335.291493 -0.222355 0.693104 0.685686 0.782740 0.546206 -0.298288 0.581271 -0.470388 0.663972
52.517402 -52.617482 28201.013326 -1645.971256 -0.071008 0.757008 0.649536 0.771747 0.454250 -0.445043 0.631953 -0.469676 0.616474
32.624152 -52.865305 21429.647828 1993.837701 -0.054298 0.748527 0.660878 0.811004 0.419169 -0.408129 0.582515 -0.513814 0.629818
-945.663401 -4446.341273 -272708.766719 1779909.168933 -0.299511 -0.300827 0.905426 -0.441730 0.884877 0.147877 -0.845676 -0.355663 -0.397915
-789.957570 -3842.686537 -267179.867966 2485087.813155 -0.018354 -0.511434 0.859126 -0.462185 0.766293 0.446297 -0.886594 -0.388884 -0.250442
-353.327058 -2811.722061 -42317.077865 1458714.145065 0.139450 -0.682294 0.717655 0.187721 0.729810 0.657373 -0.972273 0.043048 0.229853
-409.661837 -3209.992698 70868.669513 1893970.011715 -0.121884 0.721565 -0.681533 0.954834 -0.102233 -0.278999 -0.270991 -0.684757 -0.676515
-275.534334 -2356.895116 -39966.650984 1214016.237497 -0.032177 -0.685109 0.727730 0.182063 0.711907 0.678263 -0.982760 0.154318 0.101826
-371.112514 -3458.796390 153456.752486 2101385.043845 0.146492 0.665756 -0.731648 0.942593 -0.318326 -0.100931 -0.300098 -0.674861 -0.674169
-139.730283 -1770.871563 8862.748277 231704.380081 0.082334 0.753563 -0.652199 -0.511690 0.593542 0.621194 -0.855216 -0.282578 -0.434459
42.789165 -67.458408 -6602.812747 -5363.337275 -0.060300 0.961304 0.268809 -0.218132 -0.275481 0.936231 -0.974054 0.002181 -0.226303
15.561284 -63.163270 3315.424555 899.167659 -0.185028 0.813438 0.551438 -0.324852 -0.580209 0.746879 -0.927489 0.040942 -0.371602
-4.829144 -62.604499 -5422.002885 9706.240890 0.117122 0.993015 -0.014267 -0.265537 0.045155 0.963043 -0.956960 0.109005 -0.268971
29.328463 -94.103142 -21068.129521 3488.041989 -0.334733 0.786736 0.518652 -0.251170 -0.604982 0.755586 -0.908222 -0.122650 -0.400112
62.567322 -89.251303 -23054.548392 -999.509661 -0.210878 0.927653 0.308206 -0.118451 -0.337223 0.933943 -0.970309 -0.160440 -0.180994
-348.067273 -463.316559 -111779.916428 72551.232690 0.410423 0.867523 -0.280994 0.851299 -0.254052 0.459073 0.326870 -0.427623 -0.842790
-294.014604 -551.149964 -91138.129981 -182294.605024 -0.062356 0.771904 -0.632673 0.901417 0.315677 0.296304 0.428439 -0.551826 -0.715492
-199.927676 -389.625618 -74865.669878 86689.078734 0.460654 0.726034 -0.510561 0.842737 -0.177247 0.508308 0.278553 -0.664423 -0.693506
3.392861 -111.975729 1886.746143 -13318.817809 0.373664 -0.124604 -0.919157 0.921101 0.166622 0.351867 0.109308 -0.978116 0.177033
-0.253076 -110.120266 2130.229685 -15102.432721 0.358228 -0.115402 -0.926475 0.931500 0.111241 0.346315 0.063097 -0.987070 0.147346
0.558714 -111.267244 1287.167733 4304.978076 0.378409 -0.127610 -0.916800 0.925431 0.073122 0.371793 0.019594 -0.989125 0.145764
4.094800 -111.646575 703.805608 3908.046426 0.388529 -0.139728 -0.910780 0.920290 0.108138 0.375996 0.045953 -0.984267 0.170605
6.960970 -110.287933 2445.550640 -15979.532128 0.399590 -0.121115 -0.908658 0.908323 0.185964 0.374656 0.123601 -0.975063 0.184321
-62.831188 -105.927315 -1060.552772 11380.272695 -0.566007 0.778963 0.269911 -0.436114 -0.005080 -0.899877 0.699600 0.627049 -0.342592
-58.939872 -99.187845 2521.294131 -15617.116200 0.713069 -0.689713 -0.125811 0.332915 0.175179 0.926542 0.617008 0.702573 -0.354531
-53.632613 -82.943706 -2238.102715 -9594.624241 0.833115 -0.526664 0.168949 0.112670 0.460653 0.880400 0.541502 0.714439 -0.443117
87.085792 -97.182254 8705.460576 -12624.955736 -0.224400 -0.508525 -0.831293 -0.078316 0.859699 -0.504761 0.971345 -0.048165 -0.232742
84.878031 -104.401354 -13075.205195 -1761.274404 -0.318315 -0.604092 -0.730581 -0.150805 0.793121 -0.590099 0.935913 -0.077662 -0.343563
-73.733973 -113.225208 4746.877364 -2754.127245 -0.008216 0.466129 0.884678 0.286687 0.848668 -0.444493 -0.957989 0.249974 -0.140606
-74.223367 -104.696264 3214.440176 -8301.567111 -0.029997 0.419441 0.907287 0.153790 0.898824 -0.410444 -0.987648 0.127220 -0.091468
-72.264678 -104.614983 371.966072 -3673.568697 0.106898 0.439983 0.891621 0.239628 0.858925 -0.452578 -0.964962 0.262037 -0.013615
93.273275 -67.685226 14338.299197 -1447.078628 -0.104053 0.689849 0.716437 0.806686 -0.362809 0.466506 0.581748 0.626481 -0.518740
81.299166 -63.586922 -18663.115213 815.031655 0.007211 0.797390 0.603421 -0.799475 0.367065 -0.475503 0.600656 0.478991 -0.640140
182.141882 -112.320537 52331.415677 17645.637479 -0.507560 -0.335271 0.793710 0.734823 -0.649452 0.195568 0.449909 0.682499 0.576001
104.210007 -135.088325 27414.499482 25535.039076 -0.547876 -0.323225 0.771594 0.772732 -0.548894 0.318749 0.320496 0.770870 0.550492
168.512941 -142.558805 98051.350656 18429.247075 -0.370967 -0.370915 0.851355 0.869351 -0.461049 0.177940 0.326516 0.806136 0.493490
293.394172 -134.410027 126870.502062 10429.264923 -0.329735 -0.277489 0.902372 0.808387 -0.576692 0.118053 0.487632 0.768392 0.414474
272.743520 -98.456610 101862.276939 8138.370762 -0.462816 -0.269071 0.844631 0.675591 -0.723947 0.139565 0.573915 0.635218 0.516836
-7.805906 -63.870090 -6717.461078 -7456.249201 -0.599037 0.791803 -0.119179 0.065058 -0.100218 -0.992836 0.798074 0.602499 -0.008521
-3.754259 -55.212814 -6815.192030 4159.907113 -0.602416 0.781700 -0.161370 0.124964 -0.107311 -0.986341 0.788339 0.614353 0.033039
-9.993093 -98.370751 -4156.084577 -20774.198396 -0.663414 0.746630 0.049250 0.661252 0.615810 -0.428397 0.350183 0.251637 0.902248
-8.191290 -92.004096 -2524.843151 2957.477945 -0.660191 0.748774 0.059033 0.565439 0.547199 -0.617132 0.494395 0.374046 0.784642
-12.438237 -101.809475 -4464.024252 -19474.384303 -0.671783 0.739670 0.039951 0.652109 0.616119 -0.441759 0.351371 0.270714 0.896244
-4.814919 -58.284205 3437.212671 414.875739 0.861951 -0.504090 0.054158 -0.112351 -0.294083 -0.949153 -0.494386 -0.812039 0.310120
-2.973400 -61.001336 1575.994844 -640.252861 0.854185 -0.518775 0.035225 -0.188727 -0.372446 -0.908662 -0.484511 -0.769517 0.416045
-4.773630 -61.827905 2079.421897 444.852230 0.852393 -0.522399 0.022941 -0.238577 -0.427574 -0.871930 -0.465304 -0.737753 0.489093
-14.133116 -154.828048 3248.776953 -67.534697 0.389842 -0.840775 -0.375660 0.763128 0.066634 0.642802 -0.515420 -0.537268 0.667596
-12.014605 -153.392499 520.765452 650.288729 0.358276 -0.850387 -0.385331 0.875681 0.162960 0.454562 -0.323761 -0.500286 0.803052
-12.091306 -151.348461 -5431.336277 812.639731 0.342878 -0.873172 -0.346417 0.813643 0.091745 0.574080 -0.469488 -0.478699 0.741908
-9.555617 -155.684077 -4750.949352 5565.140140 0.323369 -0.879062 -0.350261 0.899022 0.169897 0.403601 -0.295282 -0.445405 0.845236
-12.803726 -145.217143 4479.038568 -2139.350261 -0.339186 0.876646 0.341239 0.688565 -0.015796 0.725003 -0.640961 -0.480876 0.598270
-10.428353 -152.914778 5423.381512 991.794608 -0.313800 0.884849 0.344344 0.795584 0.047089 0.604011 -0.518243 -0.463493 0.718748
