16552
33094
-28.199132 -41.640503 -11.865419 3629.586172 -0.523843 0.754117 0.396101 -0.092629 0.411820 -0.906545 0.846764 0.511577 0.145876
-27.213687 -44.252710 -242.842129 3131.584470 -0.582569 0.799950 0.143852 0.111609 0.254045 -0.960731 0.805082 0.543637 0.237280
-32.544415 -50.689544 169.635695 2501.299291 -0.539358 0.720763 0.435424 0.022705 0.529343 -0.848104 0.841770 0.447545 0.301871
-24.324512 -35.499409 478.626443 2001.531096 -0.579926 0.808312 -0.101574 0.157240 -0.011278 -0.987496 0.799351 0.588646 0.120558
-28.522191 -55.643004 1015.416580 5900.194503 0.447223 -0.549076 -0.706051 -0.196475 0.709803 -0.676444 0.872576 0.441243 0.209560
-22.125567 -38.878267 -1664.383262 4414.285998 -0.441416 0.737169 0.511599 -0.221616 0.462924 -0.858247 0.869504 0.492223 0.040974
-21.240920 -31.400814 166.248427 1851.673510 -0.543665 0.837115 -0.060558 0.065342 -0.029718 -0.997420 0.836755 0.546219 0.038542
-40.132195 -380.458865 -4518.236346 -118665.503000 -0.357834 0.920744 0.155519 0.932307 0.342912 0.114955 0.052515 0.186126 -0.981121
-25.167200 -416.862338 -6866.681993 114441.363575 -0.385634 0.921241 -0.050999 -0.916935 -0.388803 -0.089794 0.102551 -0.012135 -0.994654
-19.649815 -29.509161 -3947.029763 6786.685073 -0.350707 0.935161 0.049783 -0.830738 -0.286126 -0.477500 0.432295 0.208819 -0.877220
8.377065 -23.340248 -8382.748886 -4860.038701 -0.805739 -0.024768 -0.591753 -0.171998 0.965852 0.193769 0.566747 0.257907 -0.782485
-8.711945 -34.303516 1558.624606 -2434.808008 -0.870238 0.311636 -0.381536 0.107343 0.875828 0.470534 0.480795 0.368521 -0.795631
16.542658 -42.256591 887.134972 -1134.947218 -0.180388 0.876036 0.447237 0.796526 0.396872 -0.456112 0.577067 -0.273959 0.769377
10.752460 -40.745211 1417.605991 -1154.763678 -0.269283 0.867868 0.417482 0.796158 0.444517 -0.410533 0.541866 -0.221832 0.810661
16.186444 -43.675292 2054.790004 -532.955753 -0.262878 0.863454 0.430514 0.704324 0.476698 -0.526010 0.659411 -0.164945 0.733465
4.493236 -129.022575 -2413.608457 -6858.783522 0.922247 -0.386292 -0.015480 0.349134 0.849393 -0.395774 -0.166033 -0.359597 -0.918217
-4.809175 -127.937132 -1038.250796 -10339.068824 0.920336 -0.391112 0.003463 0.342673 0.802022 -0.489220 -0.188562 -0.451433 -0.872154
5.226090 -125.546716 -2965.300008 -16724.431756 0.911533 -0.410072 -0.030793 0.276634 0.666876 -0.691918 -0.304271 -0.622188 -0.721319
27.441136 -120.517855 -8402.790043 -21641.044595 0.908485 -0.412213 -0.068819 0.188476 0.551095 -0.812878 -0.373005 -0.725517 -0.578354
31.157590 -143.058639 -8798.072397 -17633.863508 0.934656 -0.350740 -0.058307 0.261959 0.790180 -0.554069 -0.240408 -0.502590 -0.830426
4.605800 -84.065501 -3181.997421 -11123.780886 0.902459 -0.429851 -0.028208 0.203860 0.483848 -0.851077 -0.379485 -0.762312 -0.524283
-10.953018 -33.377578 -2082.386391 1111.769799 -0.630748 0.654590 -0.416737 0.711171 0.702498 0.027065 0.310473 -0.279300 -0.908624
-6.550286 -30.904114 -1419.926802 -60.021830 -0.615397 0.675125 -0.406807 0.722585 0.689397 0.051012 0.314891 -0.262560 -0.912089
-1.100463 -32.251474 -3232.508701 1218.503027 -0.552787 0.711060 -0.434534 0.785368 0.618880 0.013622 0.278610 -0.333739 -0.900552
-5.322378 -24.121881 1559.409214 -996.069519 0.780445 -0.487557 0.391399 0.579992 0.798349 -0.162014 0.233482 -0.353452 -0.905847
3.374257 -26.022739 1934.570958 1562.286430 -0.526798 0.847062 -0.070498 -0.557205 -0.281516 0.781199 -0.641877 -0.450816 -0.620289
3.595607 -30.523581 1853.652086 1121.135595 -0.527532 0.846520 -0.071508 -0.633253 -0.335723 0.697338 -0.566304 -0.413151 -0.713166
-1.217961 -29.448092 1311.668833 1399.668063 -0.490611 0.862917 -0.121144 -0.644987 -0.266139 0.716353 -0.585911 -0.429587 -0.687141
54.750597 -24.972844 15536.310608 -341.213714 -0.659991 0.745575 0.092363 -0.439221 -0.482669 0.757704 -0.609506 -0.459510 -0.646029
-2.322194 -27.282956 1177.713346 2135.166624 -0.489084 0.861171 -0.138492 -0.583538 -0.205041 0.785774 -0.648290 -0.465125 -0.602809
7.940026 -24.389926 1902.657630 578.910177 -0.568532 0.821574 -0.042286 -0.484597 -0.292919 0.824236 -0.664784 -0.489096 -0.564666
0.838467 -25.578352 1395.450830 1055.338880 -0.518265 0.850492 -0.089805 -0.517095 -0.227989 0.825005 -0.681186 -0.474009 -0.557944
-0.233854 -39.734651 259.699936 518.993502 -0.325127 0.936516 -0.131261 -0.040954 -0.152616 -0.987437 0.944783 0.315666 -0.087974
-0.758834 -42.533716 -218.251922 284.470405 -0.307506 0.938519 -0.156914 -0.065587 -0.185417 -0.980469 0.949283 0.291209 -0.118572
-1.229024 -41.278111 -210.969118 150.562854 -0.312681 0.934020 -0.172735 -0.131977 -0.222811 -0.965887 0.940645 0.279218 -0.192938
0.612126 -37.921033 310.390772 -13.781826 -0.322933 0.940626 -0.104581 -0.014200 -0.115304 -0.993229 0.946315 0.319261 -0.050592
0.700010 -38.946193 504.037911 -512.019725 -0.332069 0.939892 -0.079585 0.102252 -0.048007 -0.993599 0.937697 0.338081 0.080164
4.313402 -69.650356 119.745759 -1556.254645 -0.395623 0.760921 0.514277 -0.201940 0.474187 -0.856952 0.895937 0.442883 0.033939
0.783949 -63.814499 -353.661887 -4241.097804 -0.382755 0.778108 0.498043 0.040598 0.552741 -0.832364 0.922958 0.298372 0.243154
3.567227 -65.635169 314.070151 -4478.923185 -0.390066 0.748204 0.536693 -0.085027 0.551105 -0.830093 0.916853 0.369424 0.151350
5.367860 -67.245144 452.886929 -2096.868496 -0.398752 0.731878 0.552586 -0.272880 0.480575 -0.833417 0.875519 0.483116 -0.008085
3.680373 -62.467709 78.554379 -4528.338033 -0.384236 0.735623 0.557873 -0.085379 0.573357 -0.814845 0.919279 0.360723 0.157497
0.230831 -85.882124 -152.052677 1763.253220 -0.239956 0.797500 0.553547 0.617228 0.565447 -0.547083 0.749300 -0.210389 0.627921
-0.865865 -82.594936 -286.878187 1036.918199 -0.225627 0.812071 0.538176 0.498897 0.570801 -0.652141 0.836776 -0.121354 0.533928
-0.759327 -83.901105 118.657856 2359.912201 -0.250081 0.804961 0.538050 0.554697 0.574584 -0.601801 0.793581 -0.147955 0.590202
-0.502705 -86.655483 238.447610 360.647443 -0.268465 0.791186 0.549500 0.720310 0.543637 -0.430827 0.639593 -0.280149 0.715847
-1.383382 -74.594583 -249.234224 3561.349467 -0.230277 0.818388 0.526511 0.370291 0.574042 -0.730315 0.899921 -0.026788 0.435230
-1.441130 -80.784743 -459.298549 2562.041712 -0.233036 0.797877 0.555955 0.556462 0.578255 -0.596633 0.797524 -0.170331 0.578743
1.874500 -42.504463 -700.470449 1396.906650 -0.594152 0.803353 0.040099 -0.157536 -0.165110 0.973612 -0.788775 -0.572157 -0.224658
3.958690 -43.690527 -1416.570995 2350.228816 -0.603211 0.795779 0.053597 -0.095297 -0.138628 0.985749 -0.791868 -0.589506 -0.159458
1.787336 -38.241701 -968.012661 2059.141654 -0.606396 0.791673 0.074422 -0.020735 -0.109304 0.993792 -0.794893 -0.601088 -0.082697
-10.596494 -19.295286 -1902.686059 568.774452 0.946016 0.203197 0.252517 -0.316671 0.413367 0.853725 -0.069093 0.887603 -0.455399
-15.533882 -19.810610 -1785.221934 295.221388 0.955693 0.156832 0.249106 -0.293203 0.432070 0.852847 -0.026123 0.888099 -0.458910
-12.013768 -21.585559 -1945.375611 422.948307 0.946250 0.192260 0.260090 -0.321716 0.476667 0.818100 -0.033311 0.857802 -0.512899
6.586467 -25.883666 2556.917761 -1527.616671 0.567745 -0.212011 -0.795435 0.736673 0.562092 0.375986 0.367395 -0.799440 0.475308
6.542026 -21.002689 2877.766209 -1342.111216 0.575525 -0.204614 -0.791772 0.758504 0.495468 0.423301 0.305684 -0.844183 0.440355
12.624252 -24.561679 2554.210655 -1459.462703 0.578835 -0.234832 -0.780899 0.745208 0.541148 0.389645 0.331081 -0.807473 0.488234
11.728414 -28.358395 2249.245294 -964.495012 0.581643 -0.224838 -0.781754 0.700052 0.627794 0.340297 0.414268 -0.745200 0.522551
7.343191 -86.417329 -187.391380 370.314544 0.948305 -0.304868 -0.088169 -0.266780 -0.916257 0.298834 0.171891 0.259864 0.950223
7.331530 -86.840740 -74.245493 -19.116351 0.941061 -0.321255 -0.105825 -0.272715 -0.905742 0.324434 0.200076 0.276452 0.939970
6.973945 -86.773300 -221.217612 -111.985596 0.948619 -0.302673 -0.092259 0.291364 0.949260 -0.118378 0.123408 0.085415 0.988673
7.921350 -84.857927 -264.184128 -591.155005 0.946055 -0.314417 -0.078242 -0.235792 -0.833728 0.499299 0.222221 0.453915 0.862890
6.440561 -85.764736 257.193893 675.782698 0.950796 -0.295885 -0.091865 0.278560 0.946215 -0.164564 0.135616 0.130877 0.982079
6.208467 -86.628901 -166.577599 5.469697 0.950543 -0.300694 -0.077790 -0.254918 -0.898372 0.357694 0.177440 0.320173 0.930593
-11.014780 -56.457912 70.948531 365.884123 -0.309470 0.800055 0.513946 0.874878 0.451325 -0.175770 -0.372582 0.395244 -0.839622
-11.578385 -55.240586 -278.337157 156.256578 -0.282946 0.799186 0.530324 0.906436 0.403562 -0.124545 -0.313554 0.445465 -0.838597
-10.084035 -57.409434 -26.438920 -531.068167 -0.285599 0.815483 0.503409 0.941690 0.336316 -0.010557 -0.177913 0.471040 -0.863984
-10.383466 -56.291553 124.103745 -11.711030 -0.313130 0.817873 0.482736 0.915260 0.395543 -0.076456 -0.253474 0.417888 -0.872422
-9.909041 -58.197616 110.951679 -190.333405 -0.313409 0.829279 0.462679 0.945221 0.319257 0.068055 -0.091277 0.458663 -0.883910
-9.187661 -59.018584 -222.796640 -598.778608 -0.282372 0.830007 0.480992 0.958440 0.222807 0.178183 0.040724 0.511316 -0.858427
-10.330269 -58.007229 -372.123803 -1318.893963 -0.274176 0.812777 0.514024 0.960804 0.254311 0.110367 -0.041018 0.524136 -0.850646
2.211541 -63.177424 1047.584470 2095.420245 0.983037 -0.091315 -0.159062 -0.150824 -0.895941 -0.417783 0.104360 -0.434686 0.894515
9.282775 -61.955307 795.207159 261.579970 0.989152 -0.076277 -0.125539 -0.135076 -0.808165 -0.573257 0.057730 -0.583995 0.809702
4.955820 -67.038330 21.406913 2184.472960 0.971365 -0.174916 -0.160796 -0.226914 -0.883597 -0.409593 0.070434 -0.434351 0.897986
0.934844 -71.264794 393.379479 2737.744084 0.968321 -0.179814 -0.173265 -0.216248 -0.950814 -0.221788 0.124862 -0.252230 0.959578
-4.843803 -112.060042 302.668891 -2879.129303 0.960100 -0.255986 0.112602 -0.049023 0.242351 0.968949 0.275327 0.935808 -0.220132
-5.420617 -96.148723 270.041732 -2092.944224 0.963272 -0.241213 0.117996 -0.005586 0.421323 0.906893 0.268469 0.874244 -0.404501
-4.289429 -104.161947 122.746488 -4000.469999 0.968433 -0.234096 0.085652 -0.047368 0.164523 0.985235 0.244731 0.958192 -0.148241
-3.251024 -126.667672 63.541030 -9269.608142 0.972942 -0.224873 0.053067 -0.076528 -0.096930 0.992345 0.218007 0.969555 0.111516
-2.559782 -132.035379 64.810238 -7729.573399 0.964482 -0.250239 0.084582 -0.098316 -0.042877 0.994231 0.245169 0.967234 0.065957
-1.350569 -92.506439 -152.273316 5049.507165 0.954158 -0.262153 0.144422 0.131176 0.799995 0.585493 0.269026 0.539708 -0.797710
0.351073 -80.649115 461.770936 5612.797100 0.948394 -0.270544 0.165392 0.060338 0.666029 0.743481 0.311301 0.695134 -0.647982
-0.743333 -92.938707 379.472614 5621.818907 0.949179 -0.267371 0.166046 0.128337 0.810512 0.571489 0.287382 0.521136 -0.803635
-0.756700 -79.019407 166.943188 4521.726807 0.948418 -0.280411 0.147893 0.077153 0.656642 0.750246 0.307490 0.700137 -0.644406
-1.778602 -89.723695 288.870914 4347.618277 0.951122 -0.267964 0.153500 0.128275 0.794963 0.592941 0.280914 0.544269 -0.790480
-1.690535 -100.806468 -55.582152 3078.227843 0.956466 -0.250514 0.149717 0.187655 0.920806 0.341909 0.223513 0.298929 -0.927730
-1.182240 -25.691140 828.536532 1788.366515 0.183087 -0.307356 -0.933815 0.825678 0.563646 -0.023634 0.533606 -0.766704 0.356974
-7.862572 -31.202795 1225.507903 1758.494018 -0.070844 -0.423239 -0.903244 0.872331 0.412866 -0.261878 0.483756 -0.806480 0.339956
-6.887393 -29.868676 1253.977560 448.252031 0.141750 -0.317819 -0.937496 0.903832 0.427805 -0.008370 0.403725 -0.846153 0.347896
-1.002627 -24.346646 2157.968332 2532.697791 0.026083 -0.364016 -0.931028 0.810698 0.552616 -0.193351 0.584884 -0.749739 0.309521
6.147441 -411.345101 1161.622789 7243.011690 0.970487 -0.206093 0.125226 -0.153147 -0.927828 -0.340121 -0.186285 -0.310905 0.932007
2.721766 -296.263553 -372.084547 32252.508400 0.969055 -0.199233 0.145732 -0.140291 -0.930289 -0.338941 -0.203101 -0.308008 0.929452
6.470824 -327.544484 1938.812697 53277.814292 0.969789 -0.213946 0.117201 -0.081049 -0.735733 -0.672405 -0.230087 -0.642592 0.730846
16.255064 -362.560260 1737.805238 49329.367562 0.957476 -0.247233 0.148710 -0.038751 -0.620971 -0.782875 -0.285897 -0.743822 0.604146
1.893828 -1721.804143 8604.837941 512741.672689 0.990060 -0.096009 -0.102774 0.140005 0.603326 0.785109 0.013371 0.791695 -0.610771
3.981317 -423.311751 -5000.261616 85232.823697 0.859609 -0.287616 -0.422314 0.498869 0.293743 0.815380 0.110464 0.911588 -0.395987
-12.964480 -289.131967 -1266.266381 56921.714708 0.923086 -0.276396 -0.267426 0.327869 0.202087 0.922856 0.201031 0.939556 -0.277166
-1.659629 -45.744656 1179.410712 -2566.176337 0.937606 -0.225042 0.265048 -0.310994 -0.201897 0.928720 0.155489 0.953202 0.259286
-2.360881 -39.464750 1404.921042 -2212.300969 0.930717 -0.223696 0.289356 -0.314164 -0.083897 0.945654 0.187263 0.971041 0.148362
-5.946627 -44.442442 924.204320 -2004.708463 0.940428 -0.187452 0.283649 -0.320071 -0.206729 0.924564 0.114673 0.960273 0.254412
1.158150 -40.101989 1457.994994 -2156.771903 0.933714 -0.235818 0.269385 -0.292846 -0.070200 0.953579 0.205960 0.969258 0.134605
0.964180 -46.095917 686.435597 -2514.178542 0.947145 -0.211048 0.241610 -0.279840 -0.175272 0.943912 0.156863 0.961633 0.225067
-7.869532 -21.363920 319.799581 -14.970666 0.614910 -0.336794 -0.713061 0.510977 -0.518555 0.685568 0.600656 0.785920 0.146770
-7.703871 -22.596471 -104.578916 -230.797950 0.632237 -0.307278 -0.711236 0.500638 -0.538577 0.677714 0.591302 0.784548 0.186674
-6.475533 -21.383928 552.365082 -538.138472 0.664230 -0.405975 -0.627681 0.401236 -0.514843 0.757592 0.630720 0.755064 0.179082
-6.831560 -19.963296 641.397232 -140.473096 0.649499 -0.407605 -0.641880 0.441132 -0.485587 0.754724 0.619318 0.773346 0.135580
-1.196329 -46.929889 333.732922 355.494059 -0.510359 0.858024 0.057690 0.669350 0.354225 0.653066 -0.539911 -0.371913 0.755100
-1.292915 -45.985912 37.098736 76.823191 -0.526802 0.847961 0.058662 0.577970 0.306754 0.756209 -0.623241 -0.432278 0.651695
-2.168307 -48.217077 54.949034 276.010000 -0.516325 0.852758 0.078818 0.669099 0.344248 0.658635 -0.534524 -0.392807 0.748323
-1.028643 -45.509469 139.327725 587.742515 -0.519694 0.852427 0.057323 0.613693 0.325783 0.719199 -0.594390 -0.408942 0.692436
-5.623305 -61.633519 -63.628563 844.065996 -0.265238 0.858414 0.439061 -0.632066 0.189074 -0.751494 0.728108 0.476840 -0.492425
-6.742346 -59.011372 -36.986402 625.819379 -0.284384 0.848450 0.446383 -0.708629 0.127580 -0.693951 0.645733 0.513669 -0.564954
-6.675945 -59.820955 -162.031174 1032.563035 -0.278047 0.844825 0.457122 -0.605339 0.215389 -0.766271 0.745825 0.489773 -0.451518
-588.957793 -5581.441478 -457463.301326 1494835.030369 -0.312092 0.941129 -0.129905 -0.290681 -0.224769 -0.930045 0.904491 0.252498 -0.343717
1055.452969 -217.732067 660711.476272 -26088.948928 0.150131 0.771838 -0.617840 -0.674120 -0.377211 -0.635038 0.723203 -0.511837 -0.463681
-82.730703 -280.856411 43733.215005 -23340.358795 0.048692 0.649635 -0.758685 -0.645622 -0.559099 -0.520173 0.762103 -0.515152 -0.392195
-116.643339 -1887.272138 20356.524338 232605.194867 0.396067 0.555333 -0.731257 -0.292469 0.831203 0.472825 0.870398 0.026599 0.491629
-75.392173 -290.434342 2665.002415 54321.005164 -0.293058 -0.025180 -0.955763 0.731624 0.637638 -0.241131 0.615502 -0.769925 -0.168442
-51.717030 -244.467347 8233.670503 62440.126626 0.698086 0.150976 0.699916 -0.548379 0.741265 0.387049 0.460388 0.654012 -0.600259
-36.569761 -227.155457 -6555.676988 51421.381672 -0.649190 -0.133394 -0.748838 -0.440045 0.868886 0.226710 0.620414 0.476700 -0.622771
-64.547641 -213.893318 -9863.270703 38772.819873 -0.729220 -0.166185 -0.663792 -0.325851 0.937347 0.123298 0.601713 0.306208 -0.737684
-34.549832 -178.756534 -6065.666827 10641.478712 -0.647109 -0.170790 -0.743022 -0.137403 0.984753 -0.106688 0.749914 0.033054 -0.660709
-83.452530 -226.416397 11453.202002 51753.232093 0.769726 0.213430 0.601639 -0.498505 0.789673 0.357645 0.398766 0.575209 -0.714228
-103.200150 -175.209209 -17555.736617 963.596982 -0.809868 -0.173153 -0.560475 -0.085760 0.980126 -0.178880 0.580310 -0.096803 -0.808622
-113.665488 -212.212581 -13664.441890 43982.686222 -0.892889 -0.146874 -0.425649 -0.265669 0.935074 0.234641 0.363550 0.322590 -0.873938
-61.150604 -199.899798 -9649.283737 -21672.286445 -0.712918 -0.182048 -0.677205 0.078201 0.939052 -0.334764 0.696873 -0.291617 -0.655231
25.146576 16.928826 1235.377717 -2217.220248 0.392357 0.420745 0.817943 0.847448 0.180378 -0.499295 -0.357615 0.889066 -0.285787
29.696590 15.149386 -3426.340886 -519.971035 0.593910 0.533474 0.602227 0.713584 -0.003578 -0.700560 -0.371576 0.845809 -0.382803
25.026152 12.484275 -2533.722461 -3986.882683 0.143598 0.494333 0.857330 0.892603 0.309411 -0.327911 -0.427364 0.812343 -0.396812
22.639833 10.218782 -235.587975 -3409.003328 -0.051390 0.298894 0.952902 0.918672 0.388354 -0.072269 -0.391664 0.871690 -0.294543
3.832859 -15.881476 -978.473183 1331.646226 0.777169 -0.629291 0.000636 -0.342365 -0.423665 -0.838626 -0.528010 -0.651537 0.544707
5.413322 -9.745661 -713.692623 1227.903482 0.836499 -0.507572 0.206496 -0.112403 -0.527764 -0.841921 -0.536317 -0.681055 0.498527
3.519616 -16.222826 -2957.622628 2048.984035 0.768486 -0.638424 0.042932 -0.296325 -0.414554 -0.860428 -0.567116 -0.648505 0.507760
0.829626 -21.810577 -1958.528855 1364.503988 0.685538 -0.715021 -0.137049 -0.510656 -0.338078 -0.790528 -0.518911 -0.611922 0.596895
0.531741 -18.703695 324.129081 1163.528930 0.758764 -0.646173 -0.082090 -0.438284 -0.413248 -0.798206 -0.481855 -0.641628 0.596765
8.332057 -55.421705 -3804.759651 3366.433497 0.706540 0.701688 -0.091846 0.625166 -0.679703 -0.383628 0.331615 -0.213630 0.918909
0.292043 -60.584301 -4541.884208 4010.383495 0.690067 0.721998 -0.050264 0.691914 -0.678493 -0.246783 0.212281 -0.135519 0.967766
7.585395 -66.870825 -3464.536599 2848.468526 0.644457 0.762391 -0.058611 0.748886 -0.644802 -0.152971 0.154416 -0.054690 0.986491
-0.582279 -68.861862 -3842.309815 2310.813923 0.640000 0.766976 -0.046342 0.767482 -0.640999 -0.009544 0.037025 0.029459 0.998880
-6.258388 -30.356127 717.448445 -56.509821 -0.539082 0.306030 0.784689 0.108186 0.949096 -0.295825 -0.835276 -0.074581 -0.544748
-6.445521 -30.466545 -648.995103 28.426685 -0.555285 0.253503 0.792083 0.062085 0.962390 -0.264484 -0.829339 -0.097687 -0.550139
-7.737654 -30.661645 -251.601055 -267.494357 -0.552611 0.263580 0.790662 0.148612 0.964634 -0.217708 -0.820083 -0.002806 -0.572238
-6.742040 -30.694862 386.890670 -224.340183 -0.552242 0.301258 0.777350 0.194845 0.953243 -0.231003 -0.810595 0.023893 -0.585120
-6.098699 -29.262751 675.939602 -337.364806 -0.559708 0.318083 0.765213 0.116513 0.944434 -0.307359 -0.820459 -0.082874 -0.565667
-14.234892 -19.310803 -2371.132617 -581.736676 0.403793 -0.417322 -0.814121 0.879424 -0.068179 0.471131 -0.252119 -0.906197 0.339473
-12.478188 -20.824426 -2783.568517 -281.500368 0.422075 -0.448929 -0.787601 0.884186 0.012024 0.466981 -0.200171 -0.893487 0.402011
-7.540819 -19.242722 -3023.910435 -540.481017 0.493174 -0.459394 -0.738740 0.826454 -0.017682 0.562726 -0.271575 -0.888056 0.370948
-9.811281 -17.922400 -3061.156914 -691.536924 0.472482 -0.450864 -0.757286 0.825114 -0.075703 0.559872 -0.309755 -0.889376 0.336246
-1.964289 -17.648617 -2114.784279 -586.161453 0.502642 -0.452599 -0.736550 0.805638 -0.063756 0.588967 -0.313525 -0.889432 0.332585
-0.454086 -39.451309 289.997074 3144.730542 0.779155 0.018704 -0.626552 -0.419844 0.757795 -0.499478 -0.465456 -0.652225 -0.598292
-0.378169 -43.438332 253.578436 3178.485945 0.768802 0.038777 -0.638311 -0.462860 0.722483 -0.513593 -0.441253 -0.690300 -0.573394
-1.139825 -45.906184 377.277600 1427.425209 0.763893 0.040915 -0.644044 -0.530260 0.608608 -0.590272 -0.367819 -0.792416 -0.486607
-6.725300 -65.709668 -1129.097763 457.797636 0.692261 -0.149398 -0.706014 -0.277276 0.848173 -0.451355 0.666253 0.508216 0.545732
-4.442459 -60.551355 -1290.204125 226.714346 0.702417 -0.115328 -0.702360 -0.206595 0.911268 -0.356244 0.681123 0.395336 0.616264
-7.002896 -63.453981 -1445.364720 -1046.745622 0.688991 -0.102539 -0.717480 -0.140714 0.952179 -0.271208 0.710979 0.287820 0.641614
-0.383948 -52.071798 -391.201889 2889.353726 0.674494 -0.167540 -0.719019 0.730555 0.291977 0.617283 0.106518 -0.941637 0.319334
-1.937830 -61.714188 -71.179658 4351.940024 0.680680 -0.153949 -0.716222 0.732346 0.167734 0.659950 0.018536 -0.973738 0.226917
-0.503167 -51.114926 -3.007637 2602.073762 0.688895 -0.145029 -0.710205 0.716089 0.288133 0.635764 0.112429 -0.946544 0.302347
0.523545 -42.971835 15.184866 1824.696588 0.685525 -0.140001 -0.714461 0.686765 0.450108 0.570750 0.241679 -0.881931 0.404708
1.049197 -44.117206 -393.868781 1427.658227 0.667040 -0.162761 -0.727025 0.712634 0.423984 0.558918 0.217277 -0.890925 0.398803
-0.376053 -56.098532 -243.502138 2493.704927 0.650993 -0.161517 -0.741701 0.752630 0.264485 0.602989 0.098776 -0.950768 0.293740
-9.230324 -28.795356 77.470958 -1200.623372 0.636674 -0.280471 -0.718319 0.735535 0.500635 0.456458 0.231592 -0.818963 0.525037
-10.411844 -31.839917 -53.860275 1228.735413 0.708332 -0.251210 -0.659666 -0.659119 -0.569863 -0.490733 0.252642 -0.782400 0.569230
-8.816253 -28.145233 -132.773255 -937.761109 0.649671 -0.289190 -0.703062 0.738313 0.460415 0.492862 0.181170 -0.839278 0.512631
-7.871856 -27.494418 -14.383984 -473.021169 0.607533 -0.291923 -0.738705 0.768433 0.451398 0.453598 0.201034 -0.843221 0.498562
-8.379487 -29.052344 655.592613 -731.833563 0.619837 -0.260057 -0.740387 0.738114 0.513553 0.437552 0.266439 -0.817700 0.510271
3.890841 -84.932995 -754.109138 523.945787 -0.450409 -0.810851 0.373701 0.694873 -0.055547 0.716984 -0.560609 0.582611 0.588457
2.743701 -82.045038 -681.865118 -282.776668 -0.467196 -0.807118 0.360956 0.796088 -0.206390 0.568900 -0.384672 0.553140 0.738961
5.178295 -86.833835 -1068.845060 -641.882902 -0.458712 -0.809573 0.366298 0.783433 -0.173948 0.596636 -0.419304 0.560654 0.714039
1.889783 -78.341256 -381.889827 -4069.838649 0.415861 0.801191 -0.430294 0.184937 0.388758 0.902588 -0.890426 0.454928 -0.013499
0.841211 -71.031008 -204.445753 -3216.866543 0.416858 0.798739 -0.433873 0.036828 0.462089 0.886068 -0.908225 0.385344 -0.163209
1.541182 -75.848415 -317.079215 -3207.508947 0.422329 0.788446 -0.447204 0.029398 0.481188 0.876125 -0.905966 0.383159 -0.180041
-0.297521 -40.374768 -372.357395 529.779590 0.789241 -0.231326 -0.568848 0.583032 0.573115 0.575858 -0.192805 0.786147 -0.587196
1.238421 -37.604323 -267.494959 484.236960 0.795835 -0.228955 -0.560559 0.581240 0.548348 0.601228 -0.169728 0.804297 -0.569472
0.074595 -38.599602 -121.445805 261.554045 0.770786 -0.252333 -0.584993 0.628226 0.453702 0.632050 -0.105925 0.854683 -0.508229
1.409599 -39.973196 -242.898339 338.280809 0.811680 -0.216796 -0.542379 0.534505 0.650132 0.540031 -0.235542 0.728237 -0.643577
-1.404255 -40.175892 -515.861833 210.509727 0.761423 -0.250211 -0.598022 0.639434 0.441561 0.629403 -0.106580 0.861637 -0.496208
-1.792102 -41.247709 -745.667457 248.912207 0.775693 -0.236146 -0.585265 0.605972 0.537810 0.586139 -0.176346 0.809318 -0.560273
-1.430711 -42.879243 -787.269804 169.754032 0.794532 -0.215098 -0.567849 0.548361 0.655823 0.518841 -0.260807 0.723622 -0.639024
0.542732 -42.439309 -435.375846 732.689309 0.815664 -0.204707 -0.541097 0.505724 0.706516 0.495054 -0.280953 0.677444 -0.679805
2.532559 -27.756892 453.919637 974.819668 -0.545294 0.307764 0.779703 0.696726 0.683589 0.217437 -0.466077 0.661806 -0.587184
3.609654 -27.075720 162.786801 -138.991591 -0.538187 0.303429 0.786311 0.729544 0.634885 0.254338 -0.422044 0.710530 -0.563051
2.283314 -28.807627 -488.305756 504.832147 -0.581314 0.278749 0.764443 0.660209 0.710724 0.242890 -0.475603 0.645887 -0.597187
0.002931 -30.137647 -553.284053 1079.038853 -0.572263 0.298884 0.763664 0.631195 0.755045 0.177484 -0.523554 0.583588 -0.620739
1.332445 -30.050681 1043.566135 1335.056714 -0.521303 0.321663 0.790428 0.670522 0.727334 0.146235 -0.527867 0.606232 -0.594844
4.208534 -28.355460 785.212874 1123.631828 -0.492086 0.360738 0.792288 0.730433 0.666236 0.150323 -0.473623 0.652685 -0.591340
-1.069020 -126.919462 1091.224075 3249.855100 -0.551435 -0.794591 0.254056 0.832301 -0.544668 0.103013 0.056523 0.268256 0.961688
-0.947841 -131.127031 670.293415 1859.089592 -0.541407 -0.796853 0.268148 0.822690 -0.436334 0.364409 -0.173378 0.417896 0.891797
1.306376 -138.929347 1112.686922 520.837340 -0.539668 -0.801224 0.258453 0.828126 -0.449955 0.334288 -0.151547 0.394436 0.906341
0.859263 -137.232245 -712.212956 7481.622076 0.567103 0.777179 -0.272738 0.797712 -0.600701 -0.053045 0.205060 0.187484 0.960625
2.949275 -146.781392 931.721449 5606.215634 -0.555215 -0.785243 0.274097 0.831707 -0.524372 0.182477 0.000439 0.329283 0.944231
-1.934496 -67.103393 478.217136 351.409171 0.453081 0.778739 -0.433916 -0.119116 -0.429494 -0.895180 0.883475 -0.457275 0.101835
-2.515037 -76.073089 415.989660 -457.491801 0.457346 0.771326 -0.442596 -0.196582 -0.397696 -0.896211 0.867289 -0.496885 0.030256
-1.660646 -68.492515 48.060855 -787.624003 0.452785 0.749551 -0.482866 -0.313198 -0.373343 -0.873225 0.834801 -0.546615 -0.065714
-4.841036 -6.133855 205.858421 -754.471265 0.883001 0.388752 0.263023 -0.314872 0.075034 0.946164 -0.348087 0.918282 -0.188662
-2.166137 -8.313223 -825.663643 -657.292327 0.911716 0.311463 -0.267890 0.199642 0.234008 0.951516 -0.359051 0.920995 -0.151168
-3.556472 -9.321098 -104.772208 -601.576146 0.884998 0.379005 0.270434 -0.312221 0.052211 0.948574 -0.345394 0.923921 -0.164540
2.419877 -42.137005 1142.917716 -842.525790 0.501763 0.720651 -0.478430 -0.309546 0.666061 0.678634 -0.807722 0.192417 -0.557280
-0.584078 -42.786010 373.542864 -389.025200 0.474437 0.753003 -0.455956 -0.354126 0.637462 0.684279 -0.805919 0.163181 -0.569093
-1.145844 -43.465443 769.105662 -811.021864 0.486823 0.742830 -0.459572 -0.226278 0.615413 0.755027 -0.843683 0.263573 -0.467683
2.597544 -43.443988 1177.793876 -650.221263 0.502821 0.717177 -0.482524 -0.180612 0.633072 0.752728 -0.845311 0.291337 -0.447853
33.544278 -285.149731 8556.818296 50082.669169 0.179092 0.913493 -0.365318 -0.247214 -0.317623 -0.915424 0.952266 -0.254257 -0.168944
26.377498 -507.214236 2433.046653 90916.660726 0.271326 0.870066 -0.411541 0.302580 -0.483010 -0.821673 0.913689 -0.098418 0.394318
20.530177 -369.684930 8147.205045 51800.879733 0.083011 0.894213 -0.439878 0.119742 -0.447154 -0.886406 0.989329 -0.020910 0.144193
26.520949 -334.233424 5796.242601 -36306.935698 0.166479 0.880451 -0.443950 0.622072 -0.443109 -0.645509 0.765056 0.168705 0.621472
2.953367 -552.168883 5014.989415 -130869.501206 0.138021 0.840842 -0.523388 0.425579 -0.527523 -0.735257 0.894334 0.121262 0.430654
-54.158727 -3019.952517 13063.409052 -2603579.877566 0.372182 0.926411 0.056952 0.817554 -0.356262 0.452418 -0.439415 0.121821 0.889985
102.034430 -1288.526226 37292.101212 -392852.178106 0.481548 0.876260 -0.016727 0.737417 -0.415413 -0.532586 0.473633 -0.244131 0.846211
111.702921 -3321.002687 9414.949694 -2461232.802452 0.526555 0.849703 -0.027296 0.406508 -0.279850 -0.869733 0.746653 -0.446866 0.492767
146.871734 -2130.717165 -31533.802795 354946.310086 -0.524216 -0.846502 -0.092914 0.849902 -0.526913 0.005390 -0.053521 -0.076143 0.995660
108.387717 -397.937343 -35235.747884 -39546.730717 0.642761 0.688000 0.336919 0.302214 0.176405 -0.936775 0.703936 -0.703944 0.094537
75.270491 -2412.128023 5008.043196 851962.402863 0.547150 0.817652 -0.179088 0.744307 -0.377389 0.550984 0.382927 -0.434768 -0.815073
17.036292 -10.620146 -1812.950805 1250.444167 0.690852 0.089878 -0.717388 0.662832 0.317548 0.678098 -0.288751 0.943973 -0.159804
12.232845 -10.975786 -3129.830592 751.115863 0.691041 0.164274 -0.703901 0.637467 0.320551 0.700630 -0.340731 0.932878 -0.116795
13.370755 -15.207651 2147.046050 930.295587 -0.607095 -0.067222 0.791781 0.719192 0.377265 0.583467 -0.337933 0.923662 -0.180691
12.045920 -18.756671 2103.387237 997.402851 -0.516178 -0.019486 0.856259 0.757802 0.455487 0.467191 -0.399119 0.890029 -0.220346
16.316816 -20.844190 305.259434 883.929294 -0.569544 0.052606 0.820276 0.753824 0.431259 0.495747 -0.327672 0.900693 -0.285276
4.908728 -21.543389 994.505726 4818.377299 0.963196 0.262312 -0.058702 0.007825 0.190931 0.981572 -0.268686 0.945906 -0.181852
-0.584090 -25.561499 494.997525 1265.510910 0.952281 0.222090 -0.209372 0.121960 0.351953 0.928038 -0.279798 0.909288 -0.308072
2.975625 -21.474549 511.425806 4805.503703 0.941409 0.194496 -0.275537 0.223935 0.250434 0.941879 -0.252196 0.948396 -0.192206
-10.791230 -28.759421 705.241903 215.273752 -0.602148 0.309207 0.736077 0.019194 0.927298 -0.373832 -0.798154 -0.210974 -0.564306
-10.833082 -28.668245 1037.141582 210.545637 -0.597863 0.279418 0.751322 -0.081449 0.911254 -0.403710 -0.797450 -0.302558 -0.522046
-8.773284 -27.970321 450.745187 275.156241 -0.584784 0.271819 0.764292 -0.069366 0.921980 -0.380974 -0.808218 -0.275804 -0.520304
-8.387629 -27.361671 383.943136 48.797004 -0.584028 0.302532 0.753250 -0.000853 0.927723 -0.373268 -0.811733 -0.218642 -0.541558
18.233213 -126.642775 -1878.914674 12222.613962 -0.760928 0.331297 0.557881 0.248090 0.943042 -0.221640 -0.599533 -0.030248 -0.799778
11.218413 -102.231581 -1568.332634 7295.459790 -0.788751 0.314605 0.528106 0.357758 0.933559 -0.021814 -0.499881 0.171729 -0.848898
15.512538 -107.201189 -984.411111 7346.991502 -0.738383 0.344031 0.580029 0.407037 0.913111 -0.023428 -0.537691 0.218795 -0.814259
19.204155 -105.009747 -959.187215 4542.462043 -0.694735 0.386638 0.606510 0.401493 0.908098 -0.119000 -0.596781 0.160836 -0.786120
30.119821 -139.024137 -3737.231977 7849.361359 -0.762145 0.362409 0.536465 0.020811 0.841923 -0.539196 -0.647072 -0.399781 -0.649209
14.657297 -145.942454 -2583.234877 14864.309584 -0.811708 0.273412 0.516117 0.035528 0.905143 -0.423621 -0.582982 -0.325519 -0.744425
27.991523 -117.873412 -2409.920395 5957.925103 -0.714385 0.406057 0.569888 0.241819 0.907495 -0.343476 -0.656642 -0.107564 -0.746493
-1.461339 -402.667991 5941.794336 -101446.417095 0.369732 0.929130 -0.003922 0.907363 -0.360155 0.216750 -0.199976 0.083698 0.976219
-6.285294 -211.945447 2104.817974 -39491.541868 0.330583 0.942772 0.043549 0.767752 -0.295475 0.568552 -0.548882 0.154518 0.821494
-17.885442 -457.434612 1383.001823 -102045.130830 0.480587 0.873192 0.081070 0.809860 -0.477383 0.340928 -0.336397 0.098191 0.936587
-28.952520 -400.126364 4511.747474 -56932.827377 0.524773 0.849817 -0.049227 0.839752 -0.526293 -0.133538 0.139391 -0.028738 0.989820
-27.556160 -434.308057 -972.716613 -55825.722664 -0.496241 -0.867142 -0.042546 0.861704 -0.485969 -0.145949 0.105882 -0.109088 0.988377
-61.626052 -205.877304 -9571.600898 -29306.776932 0.595059 0.780233 -0.192721 0.118271 -0.322202 -0.939254 0.794932 -0.536118 0.284008
-38.166568 -164.002145 -5946.593378 4217.988542 0.652551 0.711448 -0.260805 -0.189304 -0.180209 -0.965240 0.733718 -0.679239 -0.017084
-81.844613 -226.393612 -12566.761141 34375.404080 0.553428 0.791686 -0.258749 -0.390332 -0.027907 -0.920251 0.735770 -0.610291 -0.293576
-6.402141 -30.259645 -2095.576588 384.739224 0.706491 -0.340309 -0.620533 -0.674568 -0.058580 -0.735885 -0.214077 -0.938487 0.270948
-5.077334 -29.315597 -1551.270830 12.816620 0.720564 -0.343049 -0.602582 -0.663020 -0.086510 -0.743586 -0.202957 -0.935325 0.289784
-6.088985 -32.692403 -1144.819686 715.972052 0.726813 -0.325152 -0.604995 -0.627141 0.045004 -0.777605 -0.280067 -0.944590 0.171207
-6.521534 -30.125996 -1208.797855 -1315.087857 0.706687 -0.326160 -0.627864 -0.700940 -0.201944 -0.684033 -0.096311 -0.923493 0.371330
-30.359636 -51.050391 -329.566006 1583.463662 -0.593002 0.777642 0.208858 0.216254 0.403669 -0.888980 0.775618 0.482001 0.407545
-29.381975 -47.564667 -347.324215 2794.975333 -0.627010 0.777502 0.048456 0.236650 0.249368 -0.939049 0.742196 0.577326 0.340352
-27.090981 -39.908191 15.220090 3101.711260 -0.610910 0.783123 -0.116218 0.235520 0.039619 -0.971062 0.755857 0.620603 0.208645
38.633818 -45.562060 10222.153052 -4218.777346 -0.563248 -0.480899 0.671928 0.787653 -0.066735 0.612494 -0.249706 0.874233 0.416370
65.151256 -46.083850 12074.953763 -3877.371536 -0.439830 -0.333189 0.833987 0.874361 0.053148 0.482356 -0.205040 0.941361 0.267952
87.084257 -57.267708 16683.704290 -3379.145255 -0.501153 -0.379755 0.777580 0.863318 -0.157734 0.479377 -0.059395 0.911540 0.406899
65.446094 -56.293469 17448.632412 -3908.880354 -0.588312 -0.531203 0.609682 0.796231 -0.248995 0.551378 -0.141086 0.809830 0.569447
-27.073203 -51.319815 317.728886 1074.196034 -0.372088 0.917682 0.139322 -0.885629 -0.395936 0.242683 -0.277868 0.033088 -0.960049
-27.709064 -51.354806 193.189982 2341.570510 -0.301471 0.931651 0.202833 -0.867607 -0.356269 0.346887 -0.395441 0.071403 -0.915712
-29.300979 -54.890334 -593.945893 10.602225 -0.395741 0.894446 0.208221 -0.894662 -0.426665 0.132427 -0.207290 0.133880 -0.969075
-28.447085 -55.048455 -1456.520200 4275.308193 -0.374000 0.878968 0.295869 -0.812251 -0.464415 0.352940 -0.447629 0.108321 -0.887634
-30.476429 -57.873197 -1301.156915 377.607383 -0.409572 0.856022 0.315400 -0.873822 -0.467437 0.133933 -0.262079 0.220749 -0.939460
20.172527 -40.069570 1494.959507 -2208.623896 0.046846 0.899006 0.435424 0.870806 0.176806 -0.458733 0.489389 -0.400660 0.774577
12.777947 -33.434100 -315.248826 -2467.920233 0.015779 -0.893953 -0.447884 0.925405 0.182690 -0.332038 0.378650 -0.409235 0.830151
18.555693 -41.066617 869.688808 -1926.619154 -0.061715 0.890466 0.450846 0.847895 0.285080 -0.446994 0.526560 -0.354683 0.772615
-2.199449 -136.343474 -453.228822 7027.701339 0.925511 -0.377991 0.023509 0.378700 0.924337 -0.046763 0.004054 -0.052183 -0.998629
-7.379869 -127.255949 -1201.216296 2946.970778 0.925067 -0.379777 -0.004609 0.373634 0.912148 -0.168475 -0.068187 -0.154128 -0.985695
-9.624927 -117.370400 -744.309781 -7053.814279 0.926778 -0.374932 0.022539 0.333323 0.793300 -0.509481 -0.173140 -0.479689 -0.860187
-8.273097 -111.421553 -1220.752688 -15022.560229 0.920812 -0.389994 -0.003014 0.259188 0.617704 -0.742471 -0.291421 -0.682895 -0.669871
-2.427057 -37.194807 1141.158307 1510.288062 -0.488896 0.862903 -0.127984 -0.715611 -0.312815 0.624538 -0.498880 -0.396920 -0.770437
35.145175 -27.942544 10149.182699 493.610662 -0.666588 0.740279 0.087446 -0.498272 -0.529748 0.686361 -0.554423 -0.413948 -0.721985
0.857228 -66.516463 -1037.642411 -2327.405992 -0.369351 0.808721 0.457767 -0.049006 0.474962 -0.878641 0.927997 0.346960 0.135796
-2.560624 -55.787222 -1166.793880 -4099.020453 -0.353979 0.816506 0.456088 0.201020 0.542688 -0.815525 0.913395 0.196996 0.356234
-0.254908 -73.873906 42.877509 3990.882077 -0.224550 0.823803 0.520506 0.321768 0.566869 -0.758369 0.919806 0.002809 0.392364
-0.633930 -83.513997 -534.428369 4824.323712 -0.200565 0.826192 0.526480 0.348653 0.562411 -0.749756 0.915540 -0.033184 0.400855
-0.511129 -72.777486 -26.931423 6630.817830 -0.211415 0.839275 0.500920 0.153662 0.534671 -0.830972 0.965242 0.098707 0.242002
2.969459 -35.907906 -823.558677 1881.255659 -0.598496 0.795911 0.091258 0.037957 -0.085613 0.995605 -0.800226 -0.599329 -0.021029
0.253064 -21.818867 1902.085753 -1679.691315 0.558167 -0.218958 -0.800317 0.765628 0.507664 0.395083 0.319786 -0.833267 0.451001
-1.266479 -17.342982 1643.634133 -1131.163882 0.577972 -0.217046 -0.786663 0.771909 0.458173 0.440719 0.264772 -0.861956 0.432351
6.717651 -16.868111 2999.986770 -677.735132 0.573582 -0.199663 -0.794442 0.777795 0.437002 0.451734 0.256978 -0.877020 0.405953
6.455926 -85.303453 301.390277 -708.598569 0.937859 -0.319848 -0.134602 0.309921 0.946518 -0.089740 0.156107 0.042448 0.986828
6.174842 -84.707234 656.220701 211.900743 0.930339 -0.336175 -0.146476 -0.275586 -0.904488 0.325505 0.241912 0.262464 0.934126
7.205634 -82.965633 253.748584 -1541.609719 0.932602 -0.341560 -0.116573 -0.223809 -0.800730 0.555645 0.283130 0.492105 0.823207
14.575691 -63.993264 1512.628840 -2390.152060 0.996981 0.039328 -0.066952 -0.020496 -0.698374 -0.715440 0.074894 -0.714652 0.695459
16.112569 -70.729926 -709.065223 -3062.732836 0.991026 -0.092944 -0.096072 -0.133656 -0.700305 -0.701220 0.002106 -0.707767 0.706442
-5.669704 -100.033085 161.799048 -2915.591189 0.959407 -0.239892 0.148288 0.004759 0.539497 0.841974 0.281984 0.807091 -0.518739
-5.782833 -89.605905 222.241773 -1573.991663 0.963640 -0.223251 0.146822 0.027636 0.629802 0.776264 0.265770 0.743981 -0.613072
-5.883744 -89.504999 -188.113898 -929.377771 0.972347 -0.204970 0.111933 0.026307 0.572363 0.819578 0.232055 0.793970 -0.561928
-0.955732 -100.340317 341.185073 1872.244123 0.950417 -0.261497 0.168303 0.196515 0.924485 0.326664 0.241016 0.277393 -0.930035
0.093483 -97.536455 280.478906 5551.439433 0.950421 -0.257655 0.174111 0.141171 0.856376 0.496679 0.277076 0.447475 -0.850291
-0.214534 -102.293895 29.638286 -1415.949852 -0.952471 0.256580 -0.164215 0.222760 0.954332 0.199069 0.207792 0.153027 -0.966129
-5.267921 -30.303630 498.669143 -606.816672 0.348110 -0.216649 -0.912076 0.874010 0.426842 0.232192 0.339008 -0.877991 0.337942
-6.829879 -30.255459 -308.792885 -751.088465 0.445369 -0.161575 -0.880648 0.850042 0.385221 0.359213 0.281205 -0.908569 0.308911
-4.483374 -31.086581 -1088.149917 -100.863431 0.418921 -0.183513 -0.889285 0.826392 0.482889 0.289645 0.376272 -0.856236 0.353947
-8.918340 -28.885327 839.535958 -441.457102 0.390568 -0.186237 -0.901539 0.886518 0.339999 0.313825 0.248077 -0.921801 0.297896
-10.713716 -29.940612 1042.358084 -204.569406 0.186940 -0.277457 -0.942375 0.938269 0.334629 0.087602 0.291041 -0.900578 0.322885
7.212908 -305.639195 787.402353 45509.463263 0.977223 -0.138404 0.160868 0.007532 -0.734953 -0.678076 -0.212079 -0.663844 0.717171
1.478341 -292.887887 1202.122728 24256.827693 0.977137 -0.174317 0.121725 -0.139690 -0.957979 -0.250524 -0.160281 -0.227792 0.960427
-24.695683 -788.286675 -5198.445663 -225592.783886 0.823898 -0.554481 -0.117227 -0.239644 -0.528292 0.814542 0.513578 0.643007 0.568137
-3.679091 -1250.941596 -432.239076 -370696.565145 0.800919 -0.598765 -0.002947 -0.339996 -0.458824 0.820904 0.492881 0.656476 0.571059
-7.748868 -337.630265 -13075.316657 87743.645664 -0.530352 0.834351 -0.150283 0.205265 -0.045616 -0.977643 0.822553 0.549343 0.147071
9.362078 -29.695168 1976.263544 27.488569 0.579390 -0.211597 -0.787104 0.639385 0.716897 0.277930 0.505463 -0.664293 0.550656
7.228196 -28.773498 1655.631649 1255.135915 0.571244 -0.213470 -0.792534 0.578419 0.789771 0.204188 0.582333 -0.575058 0.574628
2.562850 -30.376090 1473.387996 180.664832 0.546980 -0.235434 -0.803358 0.659314 0.712502 0.240097 0.515867 -0.660993 0.544949
12.948630 -27.443358 1844.086449 -1043.604749 0.602913 -0.204518 -0.771147 -0.569645 -0.787092 -0.236624 0.558570 -0.581944 0.591051
13.816485 -27.942362 967.419278 93.209832 0.610879 -0.255666 -0.749308 0.650971 0.700874 0.291569 0.450626 -0.665891 0.594580
0.158235 -35.181216 2003.589072 -1583.517527 0.924294 -0.239504 0.297185 -0.303771 0.009822 0.952694 0.231093 0.970846 0.063676
-3.203088 -34.720095 1577.460243 -1528.173371 0.919581 -0.223882 0.322873 -0.326082 0.023546 0.945048 0.219182 0.974332 0.051351
-7.327876 -30.478867 -1015.337652 -504.165634 -0.562903 0.652776 -0.506975 0.127333 0.674551 0.727164 0.816656 0.344768 -0.462827
-7.708886 -30.860119 -1213.050611 135.590110 -0.577119 0.630823 -0.518647 0.145177 0.704217 0.694984 0.803652 0.325793 -0.497998
-10.342297 -31.241339 -783.782072 -27.590153 -0.596545 0.616220 -0.514206 0.060400 0.673344 0.736858 0.800304 0.408511 -0.438899
-5.180406 -29.886605 -983.381057 377.432978 -0.547375 0.672280 -0.498417 0.201905 0.684052 0.700933 0.812167 0.283040 -0.510170
-6.504369 -30.698995 -227.908603 1065.156405 -0.547734 0.698517 -0.460501 -0.179586 -0.635739 -0.750723 0.817151 0.328497 -0.473660
