12606
25191
-28.833260 -43.849064 -211.944938 1318.150774 0.634795 -0.408761 0.655706 0.762372 0.193181 -0.617632 0.125794 0.891962 0.434258
-27.477932 -43.849772 209.610343 -3720.456430 0.818564 -0.422826 0.388807 -0.506976 -0.213581 0.835080 0.270052 0.880682 0.389193
-25.381834 -36.605066 -446.094344 2277.010185 0.484935 -0.407031 0.774057 0.834195 -0.050479 -0.549155 0.262597 0.912019 0.315064
-21.476026 -31.170602 174.103533 2358.227187 0.510934 -0.450571 0.732074 0.770246 -0.138152 -0.622604 0.381664 0.881986 0.276464
-25.107551 -39.246207 44.721931 1886.237529 0.364768 -0.339695 0.866921 0.920129 -0.010988 -0.391462 0.142503 0.940471 0.308555
-20.977572 -32.585877 -129.427459 1427.342388 0.158654 -0.286944 0.944718 0.943257 -0.238651 -0.230896 0.291712 0.927744 0.232799
-32.777786 -47.230175 -1482.897230 1664.999933 0.913542 -0.387460 -0.123754 0.406017 0.886855 0.220541 -0.024301 0.251719 -0.967495
-35.451719 -47.117618 -1268.624159 2029.695906 0.824053 -0.561598 -0.074460 0.546944 0.754441 0.362864 0.147608 0.339745 -0.928863
-36.140998 -50.631939 -1135.124294 1234.523003 0.907858 -0.419176 0.009291 0.411190 0.894455 0.175706 0.081962 0.155696 -0.984399
-30.656216 -42.331868 -1403.779619 1800.226188 0.796124 -0.548767 -0.255031 0.605094 0.717147 0.345776 0.006855 0.429599 -0.902994
-33.158971 -48.674808 1116.761396 -1349.761677 -0.945480 0.321185 0.053932 0.319286 0.946772 -0.040984 -0.064225 -0.021530 -0.997703
-29.111037 -43.619262 -1288.095038 1917.531163 0.862847 -0.432407 -0.261763 0.492451 0.835884 0.242465 -0.113960 0.338115 -0.934179
-30.298530 -46.833337 717.983348 285.055297 -0.938904 0.290858 0.184016 0.310365 0.946593 0.087376 -0.148774 0.139150 -0.979032
31.552068 -53.710431 3693.951497 685.439988 0.805804 -0.575499 -0.139573 0.580288 0.814375 -0.007695 0.118093 -0.074792 0.990182
35.681017 -48.156336 4464.143344 1771.287764 0.848538 -0.511640 -0.134940 0.484736 0.853891 -0.189478 0.212169 0.095368 0.972568
20.620401 -59.251038 1326.647734 2835.223466 0.803589 -0.567878 -0.178213 0.541961 0.821922 -0.175281 0.246015 0.044269 0.968254
17.793798 -63.847580 985.192038 683.680368 0.758420 -0.622909 -0.191789 -0.646738 -0.755728 -0.102975 0.080796 -0.202136 0.976019
29.786205 -55.903950 3689.922221 -222.235513 0.763262 -0.629230 -0.146628 -0.645831 -0.736649 -0.200623 -0.018225 -0.247825 0.968633
39.767747 -46.907487 4109.128127 -701.791376 0.796208 -0.603750 -0.039219 -0.603854 -0.788972 -0.113505 -0.037586 -0.114056 0.992763
2.757239 -30.126119 -1851.542327 -323.170452 -0.520452 0.818087 -0.244671 -0.185261 -0.387894 -0.902894 0.833552 0.424585 -0.353440
16.887110 -29.746470 -4376.315550 -260.050947 -0.483991 0.850105 -0.207546 -0.217453 -0.346574 -0.912469 0.847624 0.396495 -0.352596
8.994326 -30.317119 -3110.861584 69.202775 -0.492122 0.839141 -0.231642 -0.291558 -0.409606 -0.864417 0.820250 0.357862 -0.446234
-1.064854 -30.117229 -1115.875894 93.941804 -0.530836 0.814046 -0.235674 -0.295021 -0.438200 -0.849084 0.794466 0.381195 -0.472773
11.066550 -29.437731 -3379.498710 600.867803 -0.484836 0.844657 -0.226910 -0.392924 -0.442145 -0.806299 0.781374 0.301765 -0.546254
-5.289516 -27.270510 -57.070244 -668.976194 -0.450824 0.087546 -0.888309 -0.193470 0.961938 0.192990 0.871394 0.258866 -0.416727
-3.689579 -25.756867 -318.055888 -612.922974 -0.439553 0.152065 -0.885251 -0.101674 0.970807 0.217245 0.892444 0.185498 -0.411260
-3.947343 -26.211220 173.517215 -668.855992 -0.467830 0.096300 -0.878557 -0.077156 0.985801 0.149141 0.880444 0.137559 -0.453757
-6.332499 -29.967065 -640.678770 -762.502093 -0.438414 0.159715 -0.884468 -0.238391 0.928172 0.285773 0.866581 0.336136 -0.368849
-5.807463 -28.255925 395.383696 -621.591646 -0.468315 0.020601 -0.883321 -0.230578 0.962236 0.144689 0.852945 0.271434 -0.445880
-7.247977 -31.469361 101.374422 -674.658497 -0.462961 0.072085 -0.883443 -0.325595 0.913179 0.245137 0.824412 0.401134 -0.399295
-4.378863 -35.180623 688.315073 -867.688058 -0.591861 0.035829 -0.805243 0.789113 0.229417 -0.569797 0.164321 -0.972669 -0.164056
-4.809844 -32.706669 882.796785 -1089.725970 -0.595810 0.032529 -0.802466 0.801062 0.095643 -0.590891 0.057529 -0.994884 -0.083043
-1.134041 -31.126690 771.182271 -1247.586613 -0.633348 0.036432 -0.773009 0.773365 0.065758 -0.630541 0.027859 -0.997170 -0.069823
-6.276955 -35.958721 309.125515 -1095.146193 -0.578313 -0.011730 -0.815730 0.794474 0.219111 -0.566394 0.185379 -0.975629 -0.117396
90.334211 -43.712944 -12270.852694 2668.939965 -0.586214 0.079797 -0.806217 0.486017 0.830819 -0.271159 0.648183 -0.550792 -0.525821
57.275440 -36.706555 -6835.629891 386.117789 -0.556460 0.050000 -0.829369 0.442645 0.862581 -0.244987 0.703149 -0.503442 -0.502124
73.714295 -44.566471 -5391.733850 -1121.696583 -0.694707 0.262137 -0.669826 0.512300 0.833994 -0.204946 0.504907 -0.485530 -0.713674
74.674190 -52.834367 -1661.368404 -1994.890086 0.804300 -0.451270 0.386597 0.552388 0.807600 -0.206519 0.219019 -0.379655 -0.898828
84.298306 -50.006674 5857.541318 -6.360070 0.756454 -0.307341 0.577337 0.567010 0.748137 -0.344659 0.326000 -0.588075 -0.740197
-6.263820 -51.252137 60.996594 -224.043039 -0.657284 0.753422 -0.018250 -0.249147 -0.240083 -0.938235 0.711269 0.612140 -0.345516
-6.480256 -49.435485 169.442050 -718.830222 -0.668403 0.743791 -0.003397 -0.333768 -0.304014 -0.892286 0.664707 0.595273 -0.451458
-5.451179 -48.791430 146.729117 -176.142868 -0.676700 0.736170 -0.011444 -0.192004 -0.191457 -0.962538 0.710783 0.649152 -0.270906
-5.637989 -51.815914 54.063602 694.409873 -0.667056 0.744640 -0.023379 -0.082822 -0.105306 -0.990985 0.740389 0.659106 -0.131918
-6.217129 -50.864301 -174.112046 -543.599002 -0.627929 0.776185 -0.056935 -0.253950 -0.273496 -0.927744 0.735673 0.568099 -0.368848
-6.685276 -50.657822 -72.122565 -497.959711 -0.638904 0.767829 -0.047341 -0.358921 -0.351954 -0.864467 0.680425 0.535320 -0.500455
-5.612528 -49.928694 31.609599 -253.283198 -0.645879 0.762735 -0.032795 -0.132058 -0.153929 -0.979217 0.751931 0.628126 -0.200144
-6.062273 -25.055451 -1805.003763 -67.489126 0.431492 0.163750 0.887131 0.001599 0.983247 -0.182269 -0.902115 0.080067 0.424002
43.342915 -25.671112 -13347.045292 454.256141 0.346271 0.209264 0.914497 -0.065192 0.977815 -0.199068 -0.935867 0.009314 0.352232
-5.710769 -24.080981 -2243.877834 9.124109 0.418042 0.232359 0.878209 -0.155638 0.970760 -0.182760 -0.894996 -0.060281 0.441982
13.516982 -26.024742 -5665.872442 -651.638407 0.365611 0.110392 0.924198 0.086503 0.984614 -0.151829 -0.926739 0.135456 0.350437
-14.948671 -24.785684 356.174438 -417.225939 0.493149 0.170274 0.853118 -0.082080 0.985390 -0.149228 -0.866064 0.003567 0.499920
-14.294464 -28.103733 167.793641 -518.059222 0.500530 0.024544 0.865371 0.113535 0.989104 -0.093722 -0.858242 0.145161 0.492290
-10.586371 -29.286879 -711.719975 -847.657678 0.432588 -0.023247 0.901292 0.195042 0.978409 -0.068377 -0.880242 0.205369 0.427782
1.622105 -34.341433 -1958.092338 620.276246 0.585128 0.677194 0.446131 -0.687566 0.705980 -0.169840 -0.429975 -0.207367 0.878704
-7.246453 -35.416641 -1754.345614 1466.385970 0.656154 0.612303 0.441075 -0.580558 0.782998 -0.223310 -0.482094 -0.109544 0.869244
-0.204394 -30.446145 -1745.893180 1211.711977 0.632457 0.627976 0.453481 -0.566628 0.774248 -0.281910 -0.528139 -0.078659 0.845507
-7.259623 -40.162245 -2163.234562 488.198193 0.588080 0.676743 0.442923 -0.717878 0.689008 -0.099593 -0.372576 -0.259396 0.891011
7.925514 -29.740120 -1692.498111 846.953121 0.591636 0.694430 0.409554 -0.652853 0.710732 -0.262000 -0.473023 -0.112370 0.873855
1.860072 -34.984137 1792.403825 602.590108 -0.524866 -0.729407 -0.438727 0.801157 -0.597440 0.034823 -0.287513 -0.333212 0.897946
10.021343 -31.183414 -1489.320589 -114.956979 0.567494 0.723516 0.393033 0.742130 -0.656219 0.136453 -0.356642 -0.214245 0.909343
484.763530 -82.590869 -106656.257318 -14791.594622 0.870546 0.472493 0.137481 0.057787 0.179290 -0.982098 0.488683 -0.862905 -0.128776
54.205479 -7.601549 -11669.653350 496.622165 0.860559 0.356999 0.363305 0.246741 0.331813 -0.910505 0.445598 -0.873185 -0.197458
111.783147 -8.178395 -24702.948908 -102.841266 0.909333 0.386724 0.153484 0.079435 0.200743 -0.976418 0.408416 -0.900081 -0.151823
3748.371927 -360.078957 -640855.019930 -16382.939659 0.866702 0.481100 0.131796 0.066550 0.150330 -0.986393 0.494367 -0.863680 -0.098274
-6.184364 -27.380107 -219.455674 -930.868433 -0.596171 -0.054661 -0.800995 0.799190 -0.135653 -0.585571 -0.076650 -0.989247 0.124557
-5.442650 -29.732781 -949.610880 -609.925246 -0.580295 -0.109631 -0.806993 0.813833 -0.040886 -0.579659 0.030554 -0.993131 0.112948
-5.168689 -27.044352 -679.451437 -356.576157 -0.605501 -0.093852 -0.790291 0.790100 -0.189986 -0.582793 -0.095448 -0.977291 0.189189
-7.688508 -29.181742 -860.520968 -490.869591 -0.568419 -0.078611 -0.818975 0.822180 -0.017584 -0.568956 0.030325 -0.996750 0.074627
-3.142072 -34.980391 -1239.756233 1146.225526 0.398008 -0.058218 0.915533 0.756991 0.584595 -0.291912 -0.518221 0.809234 0.276744
-5.342149 -34.961336 -1885.977663 754.565737 0.448062 -0.015734 0.893864 0.707448 0.617539 -0.343749 -0.546588 0.786383 0.287827
-5.539548 -31.810992 -1325.844076 1484.109309 0.416140 -0.040219 0.908411 0.822507 0.442601 -0.357193 -0.387697 0.895816 0.217264
-4.868949 -27.819580 -712.416404 129.424041 0.352612 -0.132431 0.926351 0.900508 0.317212 -0.297426 -0.254461 0.939063 0.231108
-2.305764 -26.193396 -1061.286323 -159.758266 0.307424 -0.101375 0.946157 0.896779 0.363399 -0.252444 -0.318241 0.926102 0.202629
-1.182074 -26.557654 -1417.662924 1160.989759 0.328480 -0.071361 0.941811 0.872652 0.404425 -0.273715 -0.361359 0.911783 0.195118
0.641449 -32.440746 -1030.526889 2769.112565 0.364443 -0.087110 0.927143 0.842140 0.455782 -0.288207 -0.397469 0.885819 0.239465
-5.716830 -93.176340 -50.204054 514.333839 0.185459 0.965713 0.181670 -0.899267 0.241325 -0.364803 0.396136 0.095715 -0.913189
-5.953667 -99.544370 100.377224 2297.424093 0.130393 0.979117 0.155970 -0.715364 0.201832 -0.668968 0.686478 0.024346 -0.726743
-4.626451 -82.232043 42.821242 -106.693448 0.163527 0.972992 0.162931 -0.837438 0.224208 -0.498426 0.521495 0.054938 -0.851484
5.624913 -52.900923 -554.457246 -2600.170356 0.145382 0.988865 0.031785 0.646499 -0.119269 0.753534 -0.748934 0.089001 0.656640
3.839865 -57.566302 114.397731 -4654.136208 0.121871 0.992509 0.008600 0.750143 -0.097778 0.654007 -0.649948 0.073253 0.756440
5.212471 -49.311124 -821.904146 -1580.750820 0.077984 0.996932 0.006689 0.682612 -0.058285 0.728453 -0.726608 0.052241 0.685063
8.537722 -21.867943 62.138103 -306.245101 -0.103469 0.883401 0.457053 -0.835242 0.172336 -0.522179 0.540060 0.435779 -0.720022
10.552731 -20.200758 -336.337603 -241.951050 -0.166385 0.895376 0.413059 -0.774747 0.140428 -0.616480 0.609986 0.422589 -0.670325
7.660493 -19.650753 125.259947 -213.174418 -0.209105 0.876400 0.433818 -0.801363 0.100673 -0.589646 0.560439 0.470943 -0.681263
11.933255 -22.602065 682.031177 -220.967683 -0.130730 0.899106 0.417753 -0.785543 0.163129 -0.596918 0.604840 0.406198 -0.684961
4.933620 -21.128246 262.595589 -221.612220 -0.140131 0.871229 0.470450 -0.862556 0.125884 -0.490051 0.486169 0.474461 -0.733844
6.894771 -24.156788 567.985744 380.185068 -0.020513 0.865770 0.500022 0.893136 -0.208896 0.398336 0.449319 0.454758 -0.768965
11.402151 -24.771547 874.956053 -527.694245 -0.049147 0.888418 0.456398 -0.845277 0.206424 -0.492845 0.532063 0.410004 -0.740814
-13.407108 -31.434831 549.532886 -79.231512 -0.700159 -0.352796 -0.620735 -0.235513 0.934852 -0.265678 0.674026 -0.039826 -0.737634
-12.433081 -30.772907 214.088922 -21.444877 -0.722916 -0.368222 -0.584641 -0.221253 0.924972 -0.308988 0.654552 -0.094019 -0.750148
-12.931701 -30.561611 170.610778 -37.440312 -0.727751 -0.325908 -0.603459 -0.275976 0.944659 -0.177361 0.627866 0.037466 -0.777419
-13.425321 -31.897534 465.213138 137.104510 -0.687131 -0.385525 -0.615809 -0.178830 0.911270 -0.370954 0.704180 -0.144769 -0.695106
2.474266 -29.857865 361.267423 -718.352656 0.537999 -0.262745 0.800951 0.718217 -0.354529 -0.598727 0.441273 0.897371 -0.002029
2.689980 -27.727842 311.809916 -123.979743 0.558316 -0.265146 0.786118 0.745175 -0.256253 -0.615669 0.364687 0.929533 0.054510
3.035201 -29.487223 174.093209 -330.167735 0.556277 -0.258724 0.789695 0.741502 -0.274457 -0.612248 0.375140 0.926140 0.039171
-132.279043 -495.557125 275.920540 -84304.661624 0.318620 -0.389066 -0.864355 0.370194 0.890536 -0.264389 0.872604 -0.235739 0.427772
-3073.403308 -37462.269446 -395208.310479 -7555067.117588 -0.037400 -0.332434 0.942385 0.990954 -0.133969 -0.007931 0.128887 0.933563 0.334437
-30.017375 -467.607265 3613.993140 -76127.426000 -0.001965 -0.402773 -0.915298 0.008174 0.915262 -0.402775 0.999965 -0.008273 0.001494
-97.245785 -289.230262 16672.921167 -54179.745383 0.230068 -0.401207 -0.886624 0.494869 0.832708 -0.248397 0.837958 -0.381614 0.390125
10.497626 -79.347977 490.413045 9529.469670 -0.241150 -0.803761 -0.543889 0.798973 0.153703 -0.581393 0.550898 -0.574755 0.605118
8.442663 -151.782088 567.764010 22981.289317 -0.305423 -0.775622 -0.552383 0.860970 0.022858 -0.508142 0.406753 -0.630783 0.660806
9.496955 -112.202068 370.310262 12763.896968 -0.275831 -0.793082 -0.543082 0.895827 -0.007291 -0.444343 0.348441 -0.609071 0.712475
5.244422 -97.178957 -700.916054 7025.580648 -0.231211 -0.843516 -0.484791 0.934376 -0.053686 -0.352221 0.271078 -0.534415 0.800574
9.776498 -76.518324 128.605421 6853.777797 0.184948 0.849017 0.494939 0.816726 0.147319 -0.557903 0.546583 -0.507412 0.666168
14.024822 -25.492360 -877.940715 527.370192 0.825476 -0.548158 -0.134578 -0.228416 -0.542453 0.808437 0.516154 0.636606 0.572990
11.104049 -22.700316 -743.819963 784.231157 0.837473 -0.528454 -0.139197 -0.266000 -0.616701 0.740894 0.477371 0.583452 0.657039
9.261124 -25.327095 -331.971574 513.324486 0.859460 -0.488835 -0.149560 -0.189323 -0.576133 0.795127 0.474853 0.655065 0.587711
-13.002479 -36.966994 752.564649 -1397.909030 0.739478 -0.597738 0.309647 0.480086 0.790709 0.379865 -0.471901 -0.132244 0.871677
-6.210796 -72.339999 -1337.393046 -10183.857981 0.707509 -0.650072 0.277194 0.546383 0.751939 0.368854 -0.448215 -0.109514 0.887192
-10.513210 -78.636436 460.998959 -13669.717342 0.650824 -0.698240 0.298141 0.571939 0.709149 0.412302 -0.499312 -0.097818 0.860883
-18.142067 -47.670988 -1458.640245 -2922.103915 0.838170 -0.419157 0.348966 0.290491 0.884605 0.364814 -0.461612 -0.204405 0.863211
-12.705502 -37.217650 1052.094138 3054.249448 0.889598 -0.256922 0.377633 0.136072 0.938328 0.317843 -0.436004 -0.231367 0.869695
-28.617055 -31.971724 1254.454793 -252.791718 0.663563 -0.697244 0.271172 0.427273 0.055669 -0.902407 -0.614102 -0.714669 -0.334854
-27.177023 -30.595642 1327.658526 -174.452775 0.639133 -0.718205 0.275119 0.346206 -0.050759 -0.936784 -0.686768 -0.693978 -0.216205
-30.515672 -33.538203 271.128959 -708.213730 -0.639987 0.463395 0.612929 -0.235293 0.641177 -0.730431 -0.731474 -0.611684 -0.301311
5.476924 -46.661253 431.218621 1081.588177 0.727095 -0.387188 0.566938 0.039331 0.847929 0.528649 -0.685410 -0.362079 0.631753
6.488528 -43.534435 890.471635 1437.613643 0.725444 -0.402196 0.558543 0.086711 0.858443 0.505527 -0.682798 -0.318299 0.657626
4.641526 -42.896704 275.297871 2463.115099 0.723559 -0.359530 0.589237 0.140600 0.912512 0.384128 -0.675791 -0.195092 0.710806
4.245161 -46.120093 -442.827520 721.499984 0.712589 -0.342937 0.612054 0.022174 0.882965 0.468914 -0.701231 -0.320572 0.636796
-5.661192 -109.453368 80.000233 -3071.055087 0.944773 -0.327283 0.017019 -0.157233 -0.498227 -0.852671 -0.287545 -0.802905 0.522171
-5.310630 -112.683357 393.582951 -7780.704130 0.955444 -0.294684 -0.016968 -0.204458 -0.619255 -0.758103 -0.212894 -0.727794 0.651914
-5.987613 -103.007559 19.177448 -9123.969512 0.945272 -0.326196 0.007517 -0.256762 -0.757883 -0.599738 -0.201329 -0.564986 0.800161
-4.667488 -116.446088 441.229528 3713.746363 0.956145 -0.292793 -0.007724 -0.086165 -0.255983 -0.962833 -0.279933 -0.921274 0.269986
-5.939530 -108.196774 -314.517072 -8390.469306 0.935352 -0.352139 0.033393 -0.217727 -0.647575 -0.730234 -0.278769 -0.675755 0.682381
-4.809961 -113.051517 168.855576 5919.932103 0.946176 -0.322976 0.020930 -0.026413 -0.141507 -0.989585 -0.322573 -0.935768 0.142421
-5.756104 -109.997735 -105.247199 -1124.966769 0.935944 -0.349674 0.041675 -0.090129 -0.352267 -0.931550 -0.340419 -0.868122 0.361218
17.531102 -26.871967 -1141.767827 530.550292 -0.813484 0.515371 0.269513 0.455017 0.852600 -0.256968 -0.362220 -0.086406 -0.928079
13.767273 -28.541800 -1125.765112 356.718229 -0.842222 0.504301 0.190640 0.454301 0.854252 -0.252713 -0.290298 -0.126232 -0.948574
15.321342 -26.633529 -1053.115415 415.569923 -0.838475 0.494219 0.229583 0.467723 0.868867 -0.162191 -0.279635 -0.028612 -0.959680
15.797947 -24.063734 260.117535 292.070280 -0.795446 0.489602 0.357148 0.457445 0.871634 -0.176065 -0.397504 0.023326 -0.917304
15.253832 -23.512270 -142.058018 461.407050 -0.839301 0.451624 0.302672 0.457442 0.887489 -0.055770 -0.293805 0.091647 -0.951462
13.995832 -26.320539 -898.226491 295.407524 -0.861983 0.466316 0.198834 0.467114 0.883008 -0.045851 -0.196953 0.053356 -0.978960
0.792819 -26.058339 -206.596647 1250.115676 0.963134 -0.041919 -0.265737 -0.262710 0.066171 -0.962603 -0.057935 -0.996927 -0.052719
1.776448 -23.631754 0.823683 1103.416256 0.978383 -0.037268 -0.203417 -0.198950 0.098868 -0.975010 -0.056448 -0.994402 -0.089316
2.295621 -22.187379 -135.428065 394.976386 0.976332 -0.044341 -0.211684 -0.203330 0.145381 -0.968257 -0.073708 -0.988382 -0.132924
1.410114 -23.366392 -160.151828 662.213220 0.965426 -0.050459 -0.255748 -0.246744 0.139579 -0.958976 -0.084086 -0.988925 -0.122302
-1.976408 -70.361058 253.769632 1872.384122 0.950718 -0.077376 -0.300248 -0.303076 -0.027566 -0.952568 -0.065429 -0.996621 0.049658
-2.011807 -78.050865 278.600611 1594.646653 0.955384 -0.075125 -0.285654 -0.287348 -0.012578 -0.957744 -0.068358 -0.997095 0.033604
-1.336190 -75.939274 213.441486 -38.863478 0.944163 -0.083589 -0.318699 -0.329149 -0.282586 -0.901003 0.014746 -0.955593 0.294321
-2.202921 -68.999707 348.230584 2007.614620 0.961728 -0.076796 -0.263024 -0.244719 0.191059 -0.950583 -0.123254 -0.978570 -0.164954
-1.454985 -71.864729 -117.283778 1055.650807 0.938214 -0.108119 -0.328732 -0.345156 -0.223906 -0.911446 -0.024940 -0.968595 0.247389
-1.916378 -68.399168 -292.563064 1797.594354 0.943530 -0.120784 -0.308483 -0.306355 0.036283 -0.951226 -0.126085 -0.992016 0.002769
-2.485371 -65.434840 85.799077 1735.214430 0.956227 -0.091336 -0.278007 -0.260555 0.166681 -0.950962 -0.133195 -0.981772 -0.135587
-9.016796 -50.683632 132.105818 1123.466188 0.919644 -0.165330 -0.356260 0.280468 0.911440 0.301023 -0.274941 0.376753 -0.884570
-8.596990 -53.444198 -245.650452 627.731748 -0.920004 0.186996 0.344419 0.235877 0.966031 0.105579 -0.312977 0.178374 -0.932860
-9.488546 -52.797830 350.018370 1040.929966 -0.899705 0.161599 0.405484 0.273317 0.932860 0.234671 -0.340337 0.321961 -0.883466
-9.300096 -54.709583 250.202481 611.657744 -0.900843 0.172725 0.398307 0.210180 0.976279 0.051998 -0.379878 0.130558 -0.915777
-9.062003 -57.182521 335.528746 869.187142 -0.884778 0.153929 0.439857 0.223523 0.968389 0.110728 -0.408908 0.196288 -0.891216
4.955764 -30.319209 -288.536924 1636.058018 0.814382 -0.004263 0.580314 0.133038 0.974714 -0.179538 -0.564875 0.223416 0.794356
4.193186 -20.754734 -154.071186 1061.501506 0.815146 0.146132 0.560519 0.026684 0.957155 -0.288344 -0.578640 0.249999 0.776322
10.789262 -20.193678 325.724618 755.845416 0.826383 0.285283 0.485495 -0.034222 0.886019 -0.462384 -0.562068 0.365492 0.741954
8.186967 -30.763373 -181.780056 1382.922182 0.832842 0.047072 0.551506 0.135874 0.948504 -0.286144 -0.536575 0.313248 0.783558
6.617059 -40.795628 -468.169357 1768.532633 0.810827 -0.106131 0.575584 0.188885 0.978252 -0.085705 -0.553970 0.178211 0.813239
-0.288577 -65.035784 -369.931396 1410.888259 0.926538 -0.373579 0.044350 0.337091 0.772082 -0.538758 -0.167027 -0.514129 -0.841293
-1.299174 -62.902968 -191.982164 1339.761086 0.934357 -0.354340 0.037687 0.310012 0.756177 -0.576272 -0.175698 -0.550127 -0.816389
-1.487331 -66.095229 -210.208761 2102.558722 0.926239 -0.371929 0.061231 0.306581 0.648847 -0.696424 -0.219291 -0.663827 -0.715014
-8.835114 -51.827515 465.220020 895.620645 0.928971 -0.190276 -0.317502 0.283141 0.917776 0.278423 -0.238418 0.348544 -0.906462
14.767341 -168.789896 -26.117619 -16923.178866 -0.927294 0.287652 -0.239546 0.242467 0.949091 0.201088 0.285194 0.128386 -0.949832
11.087357 -168.149050 -1216.891523 -18514.846779 -0.894198 0.344831 -0.285486 0.323605 0.938545 0.120053 0.309339 0.014967 -0.950834
14.062531 -169.770149 -1773.167531 3521.774165 -0.880738 0.365824 -0.300789 0.158058 0.825734 0.541462 0.446451 0.429344 -0.785076
-11.010621 -27.025327 438.601371 -316.222189 0.727741 -0.659261 -0.189122 -0.130874 0.137197 -0.981860 -0.673249 -0.739291 -0.013564
-10.061003 -27.082605 430.525081 -294.157656 0.758894 -0.638801 -0.126544 -0.084860 0.095656 -0.991791 -0.645662 -0.763402 -0.018384
-9.819162 -25.932761 518.671097 -284.081231 0.749029 -0.643781 -0.156533 -0.176662 0.033639 -0.983697 -0.638550 -0.764470 0.088535
-9.448473 -25.332759 166.174771 -333.234532 0.706153 -0.675054 -0.213659 -0.251079 0.043413 -0.966992 -0.662048 -0.736490 0.138836
-8.563959 -24.549680 606.867180 -334.394269 0.750029 -0.638148 -0.173849 -0.269314 -0.054592 -0.961504 -0.604091 -0.767976 0.212808
18.356907 -306.331113 -3613.485603 -5740.226452 0.882071 -0.419978 0.213469 0.296182 0.141979 -0.944520 -0.366370 -0.896359 -0.249626
11.509658 -330.613395 -3822.058739 77.570736 0.837360 -0.499577 0.221926 0.274899 0.033921 -0.960875 -0.472503 -0.865605 -0.165738
18.363432 -279.357544 -3292.758281 -27832.227908 0.853866 -0.467794 0.228214 0.119409 -0.250706 -0.960671 -0.506610 -0.847535 0.158210
24.470419 -354.145880 245.966890 -55775.863227 0.917508 -0.333862 0.216137 0.113789 -0.300370 -0.947011 -0.381092 -0.893484 0.237602
22.829369 -252.784370 -2160.631415 -29372.666354 0.843201 -0.467041 0.266243 -0.089792 -0.610639 -0.786802 -0.530047 -0.639525 0.556828
-5.129483 -16.930476 1498.455446 755.596613 -0.445774 0.369209 -0.815457 0.596029 -0.557246 -0.578123 -0.667858 -0.743748 0.028346
-11.611405 -24.058548 1768.577902 1278.599288 -0.470900 0.357046 -0.806704 0.558878 -0.586789 -0.585947 -0.682575 -0.726772 0.076774
-3.897843 -24.085649 -1709.465086 -1631.633491 0.545160 -0.477651 0.688949 -0.433817 0.542485 0.719383 -0.717359 -0.691056 0.088528
-15.677430 -23.560412 181.398569 -262.143224 -0.397080 0.902099 0.168954 0.917350 0.384451 0.103274 0.028209 0.195998 -0.980199
-16.049653 -23.514745 -47.415731 -311.623565 -0.624167 0.771180 0.125288 0.779057 0.626446 0.025212 -0.059043 0.113342 -0.991800
-16.375130 -21.357613 502.810164 -142.233743 -0.578059 0.786497 0.217416 0.810812 0.583606 0.044583 -0.091821 0.202055 -0.975060
-15.158355 -25.230514 -815.831889 -271.047879 -0.496116 0.865837 0.064775 0.867311 0.490715 0.083483 0.040496 0.097597 -0.994402
-13.817335 -21.561852 1123.679322 -493.166744 -0.161469 0.945671 0.282196 0.986811 0.151386 0.057328 0.011493 0.287731 -0.957642
-13.314027 -24.372054 770.100920 -177.215861 -0.152210 0.958705 0.240242 0.979604 0.114076 0.165418 0.131181 0.260520 -0.956515
-14.475027 -25.982040 -575.662186 -196.195488 -0.329896 0.939123 0.096007 0.934477 0.310447 0.174286 0.133871 0.147213 -0.980004
0.455737 -100.106151 -773.166396 -5285.707946 -0.986938 0.142978 0.074228 0.138885 0.988628 -0.057671 -0.081629 -0.046609 -0.995572
1.190517 -91.235896 1262.068398 -3962.818965 0.991653 -0.107617 -0.071012 0.078555 0.941019 -0.329109 -0.102242 -0.320784 -0.941618
-0.835551 -90.516542 498.441102 -4079.658661 0.987294 -0.124405 -0.098868 0.110365 0.984455 -0.136628 -0.114328 -0.123980 -0.985676
-0.173555 -99.063066 336.573954 -1377.318744 0.980763 -0.160373 -0.111289 0.180796 0.961254 0.208095 -0.073605 0.224213 -0.971757
7.570236 -327.802295 404.469521 -70514.543583 0.136562 0.793911 -0.592500 0.506176 0.458210 0.730636 -0.851549 0.399686 0.339285
-0.534196 -114.052030 1036.169363 -17280.151426 0.109929 0.769359 -0.629287 0.188916 0.605410 0.773168 -0.975821 0.203876 0.078792
-2.916728 -192.933977 607.208445 -32347.412552 0.066120 0.724202 -0.686411 0.347661 0.628089 0.696158 -0.935286 0.284668 0.210247
11.217886 -140.059398 2665.106505 -18480.900211 0.131851 0.786184 -0.603763 0.255056 0.561666 0.787069 -0.957894 0.257770 0.126465
19.507963 -212.976519 2355.002141 -27836.252144 0.137913 0.793608 -0.592592 0.597235 0.410664 0.688960 -0.790121 0.448933 0.417335
-32.087397 -48.172551 -375.749068 -1670.313704 0.861383 -0.338294 0.378915 -0.497559 -0.411779 0.763461 0.102245 0.846165 0.523021
-22.294434 -50.333592 1237.081595 -1610.080806 0.872571 -0.397008 0.284613 -0.454637 -0.446907 0.770441 0.178676 0.801660 0.570453
-17.765523 -51.091906 1984.269157 -5755.302058 0.839138 -0.471684 0.270855 -0.419057 -0.243182 0.874788 0.346756 0.847571 0.401725
-16.476791 -36.986544 1670.152546 -4108.220876 0.734389 -0.516907 0.439864 -0.528575 -0.029025 0.848391 0.425772 0.855549 0.294539
-37.204675 -50.837892 114.504675 1578.843968 -0.813986 0.562068 -0.146651 0.509687 0.812187 0.283851 0.278651 0.156305 -0.947588
-32.876283 -43.090037 1874.680222 501.863748 -0.528894 0.810872 0.250515 0.815021 0.402967 0.416363 0.236668 0.424386 -0.874005
-36.409099 -46.667600 540.544871 -2083.451281 -0.703083 0.711108 0.000133 -0.623878 -0.616748 -0.479998 0.341248 0.337561 -0.877270
-29.962420 -41.080876 1707.070014 -293.169459 -0.514439 0.775231 0.366564 0.846045 0.389123 0.364406 0.139860 0.497594 -0.856060
29.920380 -50.407703 3112.601531 2557.426297 0.859467 -0.485277 -0.160695 0.413959 0.845144 -0.338186 0.299924 0.224138 0.927258
46.413984 -39.014744 4671.720734 -1659.073417 0.903505 -0.423893 -0.063188 -0.383691 -0.865726 0.321401 0.190944 0.266143 0.944832
15.914538 -28.146890 -4964.370649 -467.465569 -0.486667 0.852905 -0.188965 -0.113537 -0.276228 -0.954362 0.866178 0.443002 -0.231267
25.269571 -28.542852 -4018.213016 -420.518991 -0.545669 0.828472 -0.126012 -0.168603 -0.255836 -0.951904 0.820865 0.498178 -0.279285
28.444702 -29.496452 -3581.288909 2.671838 -0.561533 0.818829 -0.119164 -0.281192 -0.324277 -0.903203 0.778211 0.473670 -0.412340
4.898354 -28.565360 -2452.933520 -519.496793 -0.506529 0.827777 -0.241275 -0.089726 -0.328915 -0.940087 0.857542 0.454533 -0.240878
-2.192057 -26.060494 -338.768834 -382.883316 -0.436624 0.207734 -0.875332 -0.098505 0.956087 0.276033 0.894235 0.206747 -0.396988
-2.163805 -24.503217 -216.566206 -455.269332 -0.441551 0.187263 -0.877477 0.016315 0.979491 0.200824 0.897088 0.074358 -0.435551
-4.638767 -29.400733 -771.506860 -642.806615 -0.429500 0.200287 -0.880576 -0.199962 0.929799 0.309014 0.880650 0.308803 -0.359299
-2.427757 -27.739840 1085.572043 -907.663675 -0.626935 0.042503 -0.777911 0.777747 -0.024048 -0.628117 -0.045404 -0.998807 -0.017981
-6.044123 -32.974079 355.085218 -742.257916 -0.572766 -0.008076 -0.819679 0.813560 0.116750 -0.569640 0.100298 -0.993129 -0.060300
-4.987994 -28.644816 1211.723490 -928.161474 -0.606406 0.029078 -0.794623 0.794048 -0.030558 -0.607086 -0.041935 -0.999110 -0.004559
49.931073 -38.879129 -6716.477646 2511.016151 -0.487110 -0.045218 -0.872169 0.430251 0.856635 -0.284710 0.760005 -0.513937 -0.397821
33.813653 -36.680348 -4752.700569 249.807695 -0.424544 -0.004770 -0.905395 0.423862 0.882592 -0.203401 0.800065 -0.470115 -0.372677
54.897319 -24.081295 -16480.853483 158.036041 0.341081 0.151965 0.927669 -0.129691 0.985017 -0.113675 -0.931044 -0.081538 0.355680
198.185553 -24.651499 -40462.280137 -657.481287 0.309261 0.122156 0.943099 0.008679 0.991312 -0.131247 -0.950938 0.048774 0.305514
765.273728 -30.512274 -151960.499443 -2656.943150 0.373541 0.088307 0.923401 -0.062907 0.995578 -0.069761 -0.925478 -0.032029 0.377444
-6.698437 -30.039982 -1357.994669 1767.686678 0.706792 0.536019 0.461659 -0.446319 0.844197 -0.296867 -0.548858 0.003776 0.835907
-13.887138 -34.464182 -1507.811185 2065.359718 0.739778 0.520314 0.426617 -0.436514 0.853638 -0.284181 -0.512040 0.024007 0.858626
-16.243120 -41.675396 -1999.849558 1650.593185 0.662722 0.637725 0.392562 -0.622284 0.760599 -0.185070 -0.416607 -0.121635 0.900913
-1.387676 -29.451363 101.394816 -588.036324 0.673751 -0.046188 0.737514 -0.041890 0.994053 0.100523 -0.737770 -0.098622 0.667809
-3.214969 -29.449142 405.314990 -602.610133 0.671123 -0.025970 0.740891 -0.021071 0.998314 0.054080 -0.741047 -0.051906 0.669444
-1.737278 -27.245148 144.339123 -611.200612 0.664996 -0.009270 0.746789 -0.157728 0.975626 0.152563 -0.730001 -0.219244 0.647326
-1.985082 -33.939086 82.942740 -758.767479 0.675298 -0.088283 0.732243 0.093003 0.995078 0.034201 -0.731658 0.045004 0.680185
-0.402407 -28.863019 75.892540 -610.425415 0.676528 -0.036449 0.735514 -0.134322 0.975912 0.171912 -0.724063 -0.215099 0.655336
-1.071862 -32.781546 30.707814 -709.678320 0.680721 -0.084708 0.727629 0.022428 0.995236 0.094880 -0.732200 -0.048268 0.679377
4.022317 -30.713472 -1522.483923 958.690603 0.827414 -0.067562 0.557513 -0.551164 0.092727 0.829228 0.107721 0.993397 -0.039486
11.248697 -29.640045 -2966.199536 1929.579913 0.866186 -0.033484 0.498599 -0.499712 -0.064489 0.863788 -0.003231 0.997356 0.072592
1.222933 -32.234613 -1973.873558 1423.064137 0.767428 -0.027929 0.640527 -0.640653 0.005347 0.767812 0.024869 0.999596 0.013790
-4.588278 -31.748209 -1093.671065 -434.246879 0.716916 -0.051853 0.695229 -0.673274 0.207302 0.709738 0.180924 0.976902 -0.113707
-3.413559 -29.763917 -787.283530 -1406.076884 0.754020 -0.070783 0.653027 -0.605742 0.309554 0.732975 0.254029 0.948244 -0.190534
-4.818415 -37.889009 -1067.746499 14.369291 0.425768 -0.054420 0.903194 0.649417 0.713450 -0.263149 -0.630063 0.698590 0.339106
-8.620778 -38.500771 -1390.427794 117.364105 0.458569 -0.032553 0.888062 0.615724 0.732218 -0.291101 -0.640779 0.680292 0.355816
2.150189 -66.155568 170.109602 -4870.840314 0.109726 0.993934 -0.007415 0.851796 -0.090185 0.516052 -0.512253 0.062940 0.856525
0.115483 -71.774269 446.230968 -5468.011248 0.175705 0.984315 0.015839 0.859568 -0.161240 0.484917 -0.479865 0.071587 0.874417
-0.242169 -84.579360 411.139447 -6309.295471 0.150482 0.988612 0.001400 0.941769 -0.143782 0.303970 -0.300710 0.044424 0.952681
-0.179860 -112.723126 233.261118 -9532.292840 0.157878 0.987457 0.001894 0.983770 -0.157453 0.086048 -0.085267 0.011721 0.996289
1.590425 -79.820156 63.592492 -5438.865926 0.114011 0.993474 0.003356 0.927456 -0.107644 0.358104 -0.356128 0.037716 0.933676
-32.745776 -885.345584 399.562313 163278.042460 -0.241708 0.708647 0.662870 0.387072 0.696836 -0.603817 0.889805 -0.110631 0.442728
-25.681146 -1985.697540 -4072.256057 404655.664188 -0.062329 -0.807845 -0.586090 0.991847 0.015263 -0.126518 0.111153 -0.589197 0.800307
-12.815394 -436.057558 2337.048463 78010.617955 -0.252512 0.715026 0.651902 0.781386 0.548052 -0.298454 0.570678 -0.434024 0.697101
-50.584065 -1203.561896 -5180.776205 -37909.238166 0.008666 -0.766235 -0.642502 0.956492 -0.181035 0.228801 -0.291631 -0.616530 0.731329
33.690222 -27.602498 -1488.411710 290.155851 -0.649951 0.758361 -0.049523 -0.454831 -0.440361 -0.774087 0.608845 0.480594 -0.631139
37.385400 -27.914574 -1032.225377 -170.645138 0.737152 -0.674814 -0.035120 0.391534 0.384188 0.836122 0.550735 0.630099 -0.547418
37.501542 -26.706592 -1260.224271 -209.869659 0.746550 -0.662242 -0.064020 0.456614 0.439993 0.773246 0.483908 0.606499 -0.630866
35.350722 -26.140546 -94.626547 -238.990112 0.705440 -0.708430 -0.021954 0.509384 0.485209 0.710704 0.492831 0.512542 -0.703149
9.611077 -18.698099 5.627994 -308.746571 -0.263823 0.876384 0.402925 -0.735827 0.087230 -0.671528 0.623664 0.473647 -0.621853
10.451094 -19.761200 -801.133011 -42.389785 -0.212989 0.901530 0.376670 -0.710727 0.121582 -0.692882 0.670450 0.415286 -0.614846
11.425852 -21.297155 -183.258636 70.587336 -0.173394 0.907294 0.383083 -0.733573 0.140551 -0.664918 0.657119 0.396312 -0.641195
-12.841341 -31.684249 286.692524 258.912443 -0.718886 -0.389615 -0.575676 -0.149357 0.895391 -0.419484 0.678893 -0.215580 -0.701876
2.503450 -28.705046 207.174403 85.380694 0.580759 -0.268962 0.768360 0.764997 -0.142452 -0.628082 0.278384 0.952558 0.123025
7.284628 -71.282488 -783.300088 9387.103741 0.239450 0.784493 0.572044 0.743508 0.230741 -0.627658 0.624387 -0.575612 0.528026
4.066720 -133.361890 1096.777532 25148.580400 -0.276745 -0.752862 -0.597170 0.773264 0.194472 -0.603526 0.570504 -0.628793 0.528342
-24.539435 -77.863388 -4096.371751 -10116.488861 0.756730 -0.584985 0.291807 0.487635 0.802408 0.344025 -0.435398 -0.118039 0.892466
-10.862275 -18.069474 429.439874 -1153.550836 0.875858 -0.470307 0.108091 0.125924 0.006513 -0.992018 -0.465849 -0.882479 -0.064927
-9.102820 -18.755035 -1148.713979 -1438.868581 0.752107 -0.503494 0.425240 0.406092 -0.154133 -0.900740 -0.519060 -0.850139 -0.088540
-9.994343 -21.872674 -549.781842 -919.568034 0.812648 -0.488069 0.318420 0.355842 -0.017116 -0.934389 -0.461497 -0.872637 -0.159766
-10.255382 -14.131161 -1241.017575 -1066.841800 0.650390 -0.446232 0.614711 0.526911 -0.317869 -0.788241 -0.547137 -0.836562 -0.028386
-7.572265 -21.886642 1123.668618 -730.707984 0.897330 -0.423178 0.125375 0.172807 0.075475 -0.982060 -0.406123 -0.902898 -0.140854
-4.512299 -19.697147 1748.491235 -658.907635 0.911761 -0.392684 -0.120381 -0.105871 0.058489 -0.992658 -0.396842 -0.917812 -0.011754
-10.551503 -15.561215 29.114068 371.338935 0.764363 -0.399897 -0.505797 -0.450521 0.229958 -0.862641 -0.461280 -0.887244 0.004391
-3.345989 -118.560530 449.665431 -2934.511339 0.959689 -0.280038 -0.024013 -0.144956 -0.419940 -0.895901 -0.240802 -0.863267 0.443605
-3.828336 -118.670903 549.708229 -15775.206343 0.959983 -0.277007 -0.041215 -0.245593 -0.761952 -0.599261 -0.134595 -0.585402 0.799492
-5.468875 -97.264232 158.126728 -11620.911197 0.951967 -0.306000 -0.011105 -0.275257 -0.839313 -0.468816 -0.134137 -0.449354 0.883226
15.699404 -27.941096 -1361.120240 308.680493 -0.825223 0.520731 0.218738 0.430883 0.830810 -0.352269 -0.365168 -0.196450 -0.909978
12.489112 -28.637621 -447.421903 90.751801 -0.838843 0.511895 0.185217 0.423183 0.827215 -0.369638 -0.342430 -0.231688 -0.910529
11.410226 -29.011221 -0.866610 49.533326 -0.848247 0.502176 0.168215 0.448416 0.850020 -0.276385 -0.281780 -0.159013 -0.946211
0.811433 -25.138083 98.171121 1527.095663 0.975638 -0.028602 -0.217516 -0.216761 0.027314 -0.975843 -0.033852 -0.999218 -0.020449
3.932005 -32.281226 -75.157072 -420.504639 0.938363 -0.241197 -0.247585 0.333206 0.821694 0.462377 -0.091915 0.516374 -0.851416
5.390622 -38.790082 159.870294 1632.846173 0.955099 -0.214003 -0.204910 0.284037 0.858136 0.427699 -0.084312 0.466697 -0.880389
3.978969 -36.677868 -198.768951 -1313.832357 0.951373 -0.211735 -0.223736 0.300469 0.797912 0.522546 -0.067881 0.564362 -0.822732
4.906142 -34.294584 155.882728 -548.956939 0.960847 -0.205145 -0.186247 0.272533 0.820988 0.501702 -0.049985 0.532817 -0.844753
3.169521 -35.984394 -640.592386 -2674.908239 0.947927 -0.200882 -0.247144 0.307471 0.779538 0.545695 -0.083038 0.593269 -0.800710
3.666608 -39.175595 116.196104 -2335.267254 0.962459 -0.205851 -0.176911 0.271286 0.750513 0.602606 -0.008727 0.627977 -0.778183
1.857376 -45.242557 -591.421381 -2658.606035 0.952677 -0.188340 -0.238608 0.301126 0.692075 0.656014 -0.041581 0.696821 -0.716039
-1.040850 -80.994818 264.263014 -119.340098 0.942296 -0.085296 -0.323732 -0.334006 -0.305258 -0.891772 0.022758 -0.948442 0.316133
-0.766209 -89.357868 295.193261 216.871526 0.952736 -0.075176 -0.294351 -0.302499 -0.145198 -0.942025 -0.028079 -0.986543 0.161076
-1.602612 -82.657572 87.627630 2339.458171 0.963601 -0.085608 -0.253266 -0.232033 0.202733 -0.951346 -0.132788 -0.975485 -0.175490
-2.249081 -73.432808 356.854206 1706.536422 0.969232 -0.075633 -0.234243 -0.208644 0.252490 -0.944837 -0.130605 -0.964639 -0.228941
-8.106330 -50.791571 8.052606 104.185346 0.883647 -0.136809 -0.447718 0.340394 0.844323 0.413825 -0.321403 0.518075 -0.792652
-8.685490 -53.541874 32.627910 835.551220 -0.880537 0.142435 0.452070 0.276783 0.928783 0.246481 -0.384767 0.342161 -0.857252
-8.069746 -53.233060 -230.638542 682.774883 -0.870435 0.139802 0.472016 0.287377 0.922797 0.256631 -0.399697 0.359027 -0.843411
-6.189390 -50.460666 -247.634565 189.224100 0.860630 -0.125468 -0.493531 0.348049 0.852395 0.390236 -0.371721 0.507622 -0.777266
-6.847775 -48.933530 69.157859 -8.878758 0.872327 -0.129667 -0.471415 0.392995 0.759559 0.518291 -0.290862 0.637383 -0.713542
-7.314382 -51.156668 -46.340081 -552.534543 0.885099 -0.132819 -0.446048 0.401240 0.703378 0.586742 -0.235810 0.698297 -0.675851
-8.522774 -50.270755 -349.861838 361.626239 0.895563 -0.124789 -0.427077 0.359759 0.767880 0.530031 -0.261802 0.628321 -0.732579
0.110503 -10.823452 -73.478168 2028.549806 0.780731 -0.027580 0.624258 0.137028 0.982265 -0.127978 -0.609657 0.185457 0.770664
1.529311 -20.248994 -46.769958 2094.013480 0.755810 -0.174779 0.631034 0.218129 0.975878 0.009031 -0.617390 0.130821 0.775703
1.399725 -14.868278 85.653499 1891.889303 0.738100 -0.228230 0.634917 0.266866 0.963063 0.035951 -0.619670 0.142902 0.771744
2.669896 -24.673594 196.213987 1893.286004 0.732512 -0.276039 0.622277 0.247840 0.959505 0.133887 -0.634036 0.056152 0.771263
-1.624308 -81.020565 -600.022698 1777.745513 0.910474 -0.405986 0.078820 0.243559 0.372343 -0.895567 -0.334239 -0.834588 -0.437890
-2.642027 -88.161182 -405.273277 3934.784424 0.914064 -0.398874 0.073389 0.179061 0.234540 -0.955473 -0.363900 -0.886505 -0.285808
-1.500916 -90.741486 -516.581405 2641.107993 0.908678 -0.410618 0.075485 0.161851 0.179795 -0.970298 -0.384850 -0.893905 -0.229835
-0.115940 -82.291298 -269.275369 1908.188567 0.912722 -0.401639 0.074991 0.245019 0.391171 -0.887102 -0.326961 -0.828052 -0.455440
-7.057960 -54.077838 -121.258355 -675.872592 0.909536 -0.230554 -0.345816 0.039611 0.876337 -0.480068 -0.413733 -0.422941 -0.806192
-7.517383 -54.359789 -146.776632 -873.518024 -0.914581 0.215557 0.342165 0.093678 0.936011 -0.339275 -0.393404 -0.278241 -0.876251
-7.616776 -56.038043 -68.175277 -769.486117 -0.924884 0.217968 0.311575 0.119734 0.944656 -0.305432 -0.360906 -0.245183 -0.899796
-7.168666 -55.427267 175.156579 -874.168833 -0.932836 0.216013 0.288367 0.129555 0.947917 -0.290979 -0.336203 -0.234077 -0.912237
-7.013720 -53.785830 -40.214256 -523.716944 0.929027 -0.213015 -0.302544 0.049667 0.882053 -0.468525 -0.366662 -0.420246 -0.830031
3.503889 -70.139315 1820.578560 -2495.271716 0.803121 -0.410170 -0.432155 0.445080 -0.069194 0.892814 0.396108 0.909381 -0.126987
3.782269 -65.124887 2109.505031 -1358.786893 0.808464 -0.429987 -0.401867 0.497592 0.134730 0.856884 0.314305 0.892726 -0.322883
-3.377722 -67.350326 1100.861460 -802.447919 0.837220 -0.383898 -0.389467 0.420245 -0.004075 0.907401 0.349937 0.923366 -0.157920
-9.705389 -27.258564 374.736060 -38.505558 0.769676 -0.624984 -0.130361 -0.018857 0.181844 -0.983146 -0.638156 -0.759163 -0.128176
-8.498296 -26.742224 28.793165 -179.276916 0.779530 -0.616469 -0.110899 -0.068603 0.091957 -0.993397 -0.622596 -0.781991 -0.029391
6.457186 -302.034452 -1721.655327 36803.872623 0.816080 -0.511732 0.268596 0.497514 0.385541 -0.777070 -0.294097 -0.767782 -0.569226
6.830234 -281.180734 -1208.902258 37982.992506 0.813032 -0.513811 0.273820 0.377929 0.107992 -0.919515 -0.442886 -0.851079 -0.281985
10.427643 -438.068188 -2520.558639 52620.802448 0.861331 -0.456859 0.222237 0.438850 0.448666 -0.778530 -0.255969 -0.768100 -0.586943
-62.298036 -1614.783242 -6627.294454 130183.872088 0.785767 -0.618515 0.002880 -0.544091 -0.688988 0.478811 0.294168 0.377801 0.877913
-9.334729 -986.818337 -2448.823785 -181606.089443 0.826569 -0.560865 0.047043 -0.115723 -0.087558 0.989415 0.550810 0.823264 0.137278
