17324
34628
-37.327017 -51.819904 159.285484 -3908.275703 0.218437 0.975512 -0.025722 0.468997 -0.128059 -0.873867 0.855761 -0.178821 0.485485
-34.929228 -54.440664 1385.462118 -3854.684342 0.286897 0.952329 -0.103726 0.387687 -0.214439 -0.896502 0.876008 -0.216990 0.430727
-43.770956 -63.834497 75.702342 -2457.551712 0.155721 0.974142 0.163700 0.319523 0.107137 -0.941502 0.934696 -0.198917 0.294578
-34.727926 -51.679053 -303.758922 -2872.953952 0.470182 0.845550 -0.252932 0.303320 -0.423942 -0.853388 0.828810 -0.324528 0.455802
-36.817651 -76.784168 737.340283 -9495.616297 -0.051063 0.912682 0.405467 0.463761 0.381238 -0.799740 0.884488 -0.147202 0.442733
-31.181821 -45.827066 1939.266686 -5674.169766 0.053511 0.989723 0.132606 0.585579 0.076465 -0.807001 0.808848 -0.120835 0.575469
-30.281691 -41.229459 44.350263 -2351.826119 0.500831 0.740123 -0.448761 0.322324 -0.640662 -0.696893 0.803291 -0.204379 0.559422
29.957020 -56.990711 -1522.324279 -3546.367551 -0.159232 0.960931 0.226399 0.121988 0.246718 -0.961379 0.979675 0.125464 0.156508
40.225557 -68.580250 -5843.951472 -10535.999631 -0.238073 0.941139 0.239956 0.107246 0.271022 -0.956580 0.965308 0.202001 0.165457
33.117204 -71.900636 -1085.549865 -9841.282294 -0.207934 0.957399 0.200376 0.038958 0.212797 -0.976319 0.977367 0.195204 0.081546
33.653454 -65.879812 1380.124505 -4890.470008 -0.138430 0.977128 0.161424 0.007093 0.163967 -0.986440 0.990347 0.135408 0.029629
35.834678 -56.313673 3559.383648 -2965.456772 -0.101651 0.970597 0.218194 0.126073 0.230130 -0.964959 0.986799 0.070580 0.145759
28.615663 -50.687198 3207.222646 -38.523170 -0.142041 0.962831 0.229741 0.210076 0.256129 -0.943539 0.967312 0.085758 0.238649
11.154449 -28.348410 18279.226990 -2145.488465 0.960951 0.181881 -0.208549 0.241224 -0.919872 0.309267 0.135589 0.347497 0.927826
-19.505884 -30.878967 -5770.772366 783.116717 -0.690626 -0.672231 0.266723 0.712137 -0.696408 0.088753 0.126086 0.251239 0.959678
29.420960 -31.455465 31653.968900 -398.442384 0.890265 0.340026 -0.303003 0.400605 -0.901124 0.165805 0.216665 0.268995 0.938455
101.942881 -41.870082 46328.184969 -237.622857 0.948955 0.159534 -0.272089 0.225015 -0.946925 0.229566 0.221025 0.279072 0.934487
87.000895 -42.701601 60226.626485 -81.648355 0.807985 0.459028 -0.369396 -0.512465 0.856871 -0.056136 0.290757 0.234660 0.927575
24.402961 -35.620207 -821.457952 -633.558827 -0.093760 -0.966249 0.239942 0.985035 -0.125040 -0.118625 0.144624 0.225229 0.963512
22.802253 -36.124450 1170.545675 -205.977946 0.048638 0.972213 -0.228988 0.961035 -0.108010 -0.254450 0.272112 0.207690 0.939585
21.267127 -37.600479 -5549.489239 -533.281403 0.103851 0.983939 -0.145186 0.984967 -0.122004 -0.122294 0.138043 0.130303 0.981817
23.821752 -36.476572 5443.739264 -390.508342 -0.129512 -0.978705 0.159258 0.991358 -0.131181 0.000032 0.020861 0.157886 0.987237
10.443603 -38.983474 -7106.913702 -291.903540 0.127556 0.987657 -0.090904 0.982551 -0.138339 -0.124318 0.135359 0.073461 0.988070
12.323682 -38.214838 8137.806502 -357.951417 -0.148657 -0.984465 0.093437 0.988842 -0.148909 0.004312 0.009669 0.093035 0.995616
-11.805715 -23.566575 -43.946168 -921.322176 -0.138509 0.950133 0.279396 0.176145 -0.253982 0.951034 -0.974571 -0.180941 0.132182
-12.849207 -29.262370 174.513469 -1476.574931 -0.170813 0.985099 -0.020087 0.197720 0.054242 0.978757 -0.965262 -0.163213 0.204039
-11.082663 -25.113737 -13.657410 -1890.888201 -0.132222 0.985906 0.102497 0.134468 -0.084608 0.987299 -0.982057 -0.144326 0.121386
7.393482 -38.544420 -100.948825 -543.702487 0.253971 0.887872 -0.383644 0.666001 0.127101 0.735043 -0.701385 0.442187 0.559043
7.191310 -38.162993 -409.878469 -548.752846 0.347997 0.883639 -0.313178 0.650073 0.013258 0.759756 -0.675502 0.467981 0.569816
1.752838 -41.363451 328.654618 -698.513804 0.228102 0.879861 -0.416911 0.790506 0.082614 0.606857 -0.568392 0.467996 0.676691
3.690291 -42.476332 257.824370 -642.920816 0.151456 0.876707 -0.456559 0.795569 0.166000 0.582679 -0.586627 0.451475 0.672339
0.122267 -44.282204 -517.686287 -492.033831 -0.130839 -0.869078 0.477058 0.897600 0.100470 0.429209 -0.420946 0.484364 0.766939
-2.073816 -43.135933 -427.191745 -525.778992 -0.183028 -0.876929 0.444406 0.896818 0.036263 0.440910 -0.402762 0.479250 0.779809
0.846163 -39.390022 317.931925 -292.857372 -0.043292 0.990457 -0.130846 0.998872 0.040351 -0.025045 -0.019527 -0.131782 -0.991086
1.109277 -39.928167 340.605721 278.982267 -0.056215 0.990102 -0.128602 -0.990788 -0.071216 -0.115188 0.123207 -0.120942 -0.984984
-0.604510 -38.800465 348.536778 -508.240478 -0.055471 0.990435 -0.126337 0.998423 0.056121 0.001585 0.008660 -0.126050 -0.991986
-1.100853 -37.068646 336.049452 -683.466896 -0.038776 0.990570 -0.131405 0.990204 0.020439 -0.138123 -0.134135 -0.135473 -0.981659
-2.584443 -36.788342 358.796010 -860.637701 -0.059623 0.989291 -0.133226 0.993016 0.045169 -0.108994 -0.101809 -0.138794 -0.985074
-2.025738 -38.795106 315.680656 -424.702082 -0.067639 0.988857 -0.132616 0.996588 0.073264 0.038001 0.047294 -0.129593 -0.990439
0.670650 -83.981597 2229.460626 4800.285584 -0.343410 0.934411 -0.094576 -0.547369 -0.280956 -0.788322 0.763188 0.218950 -0.607951
-0.538369 -98.432736 1563.916799 240.757286 -0.315832 0.945994 -0.073110 -0.308109 -0.175133 -0.935092 0.897395 0.272807 -0.346782
-6.253174 -92.076721 -129.041234 4955.834783 -0.277076 0.957345 -0.081971 -0.528779 -0.223157 -0.818898 0.802260 0.183553 -0.568056
-5.531985 -79.905599 167.012414 10470.348173 -0.301246 0.945337 -0.124854 -0.734147 -0.313493 -0.602287 0.608505 0.089775 -0.788455
-0.455236 -42.819511 -95.622277 -476.622105 -0.140896 0.974880 -0.172504 -0.975844 -0.166138 -0.141865 0.166961 -0.148349 -0.974739
-0.966647 -44.336412 46.954271 803.834305 -0.146826 0.974824 -0.167811 -0.942291 -0.189445 -0.276041 0.300883 -0.117597 -0.946383
0.076255 -42.676213 -250.491852 -123.202620 -0.117154 0.976897 -0.178735 -0.975099 -0.147275 -0.165807 0.188300 -0.154859 -0.969826
-11.815171 -42.306352 1622.022999 -1055.696768 -0.024639 0.975335 -0.219349 0.994010 0.047272 0.098540 0.106479 -0.215608 -0.970657
-17.479645 -39.070635 3395.577830 -1583.414398 0.036086 0.969237 -0.243471 0.999249 -0.038442 -0.004930 -0.014138 -0.243111 -0.969896
-9.056126 -38.509250 1279.919391 -1521.980444 -0.002498 0.974260 -0.225415 0.998845 -0.008387 -0.047318 -0.047990 -0.225273 -0.973113
85.022897 -65.512764 1264.726995 5978.520234 0.176544 -0.682326 -0.709410 0.912398 0.383837 -0.142123 0.369272 -0.622174 0.690318
86.247564 -62.421658 -1692.714035 1222.489765 0.179406 -0.754846 -0.630888 0.874674 0.415920 -0.248909 0.450287 -0.507166 0.734863
78.137770 -57.343170 6794.882768 -907.168034 0.109915 -0.666850 -0.737041 0.877322 0.413607 -0.243382 0.467145 -0.619871 0.630504
-1.011279 -75.555965 520.494241 -1456.524487 -0.306679 -0.250907 -0.918147 -0.322090 0.935077 -0.147950 0.895659 0.250353 -0.367583
-0.658829 -76.011564 302.660197 813.046536 -0.292814 -0.276841 -0.915215 -0.205711 0.952994 -0.222453 0.933779 0.123133 -0.335999
0.140468 -70.802655 475.258031 930.505586 -0.302899 -0.260248 -0.916801 -0.339773 0.928267 -0.151246 0.890397 0.265692 -0.369596
-0.568542 -70.033734 631.348400 -466.822817 -0.325309 -0.226427 -0.918098 -0.445310 0.893193 -0.062498 0.834190 0.388507 -0.391394
-9.733503 -78.432833 -163.563791 149.064944 -0.057272 0.961322 -0.269405 0.863900 0.182973 0.469253 -0.500397 0.205864 0.840965
-10.212300 -76.659373 76.047710 541.880316 -0.002628 0.952081 -0.305835 0.871399 0.152215 0.466364 -0.490569 0.265279 0.830042
-10.794545 -76.931398 -193.313320 -927.474011 -0.063450 0.955827 -0.286999 0.738384 0.238429 0.630825 -0.671389 0.171890 0.720896
-9.024569 -75.284785 -116.650427 1809.249672 -0.021803 0.962759 -0.269481 0.957000 0.098087 0.273002 -0.289268 0.251941 0.923499
-9.789122 -78.681459 -242.709317 -1826.530320 -0.109719 0.958913 -0.261626 0.722216 0.257755 0.641846 -0.682910 0.118528 0.720822
-8.089244 -78.219858 -248.048770 1847.738006 -0.065615 0.969180 -0.237455 0.952732 0.131593 0.273834 -0.296642 0.208263 0.932003
-8.959183 -81.587379 -200.238588 -690.530176 -0.099832 0.963740 -0.247466 0.850768 0.211649 0.481039 -0.515972 0.162513 0.841048
5.075977 -84.779354 -4735.159525 -570.390449 0.239009 0.197463 0.950728 0.732101 0.606557 -0.310027 -0.637889 0.770128 0.000410
0.140091 -84.522613 -2030.661947 -2600.170553 0.210587 0.152490 0.965609 0.683109 0.683627 -0.256936 -0.699296 0.713723 0.039795
-3.962883 -90.891765 -1603.064468 -6546.677814 0.192869 0.142842 0.970772 0.794317 0.558115 -0.239934 -0.576075 0.817376 -0.005819
16.124655 -8.270889 -5352.376043 3234.688209 0.257870 0.961151 -0.098450 -0.337979 -0.005723 -0.941136 0.905137 -0.275965 -0.323373
7.748227 -9.571493 -10578.351808 402.185480 0.383185 0.918175 0.100621 -0.259962 0.211736 -0.942119 0.886334 -0.334849 -0.319825
7.148026 -12.326917 -10565.289309 3487.703492 0.312151 0.941872 -0.124255 -0.318652 -0.019415 -0.947673 0.894999 -0.335411 -0.294069
86.976305 -59.326330 -23615.236901 11253.636672 0.326554 0.067992 0.942730 0.761442 -0.609840 -0.219774 0.559972 0.789603 -0.250917
91.592408 -40.010773 -22690.223845 8740.574289 0.313414 0.052513 0.948163 0.713912 -0.671424 -0.198796 0.626180 0.739211 -0.247924
141.396669 -51.145918 -33754.220713 10568.435269 0.263101 -0.085387 0.960982 0.741245 -0.619670 -0.258001 0.617522 0.780204 -0.099743
144.463412 -81.658385 -37909.288722 18793.022774 0.269590 -0.042574 0.962034 0.796162 -0.552132 -0.247542 0.541708 0.832669 -0.114954
81.421243 -86.738231 -22769.234848 18581.148423 0.313882 0.096523 0.944543 0.819295 -0.530284 -0.218071 0.479827 0.842308 -0.245527
-9.875548 -133.659253 1141.455270 19688.468132 -0.284084 -0.079645 -0.955486 0.693020 0.671612 -0.262031 0.662586 -0.736609 -0.135599
-11.783390 -134.824355 496.634120 20184.467615 -0.271011 -0.120344 -0.955024 0.686659 0.671133 -0.279426 0.674575 -0.731504 -0.099250
-12.606760 -177.180258 1375.707436 28368.903344 -0.282864 -0.088161 -0.955100 0.826036 0.483711 -0.289290 0.487496 -0.870776 -0.064000
-12.654966 -71.956370 2884.823614 -2203.226882 -0.159201 -0.345547 -0.924799 0.946295 -0.320406 -0.043183 -0.281390 -0.882007 0.377998
-7.727977 -102.403470 1790.960527 21567.004385 0.000616 -0.405690 -0.914011 0.927330 -0.341831 0.152349 -0.374244 -0.847684 0.375997
-6.304181 -80.236927 1877.017138 3935.623208 -0.115694 -0.345281 -0.931341 0.946631 -0.322312 0.001899 -0.300838 -0.881417 0.364144
-7.977809 -75.556919 3146.396007 -6820.691822 -0.237347 -0.296267 -0.925144 0.951032 -0.264981 -0.159132 -0.198000 -0.917611 0.344652
-44.164389 -105.249628 10783.584943 -63552.254089 -0.463938 -0.479846 -0.744654 0.882298 -0.174898 -0.436991 0.079450 -0.859743 0.504509
-32.405830 -391.871804 -6270.194186 -152617.879591 -0.486284 -0.419135 -0.766716 0.856101 -0.052821 -0.514101 0.174979 -0.906386 0.384509
-39.503980 -105.749006 -79914.702453 -5473.131506 0.291393 -0.609343 -0.737422 0.955906 0.156043 0.248787 -0.036527 -0.777401 0.627944
-38.497567 -49.592584 7492.278107 -14709.818791 0.756144 0.404176 0.514673 0.645624 -0.332338 -0.687547 0.106845 -0.852170 0.512241
-19.953271 -338.380754 -1772.790298 23654.847844 -0.095295 0.296210 0.950357 0.638151 0.750897 -0.170052 -0.763991 0.590266 -0.260584
-14.490685 -468.906497 -809.973603 -85797.176751 -0.089672 0.256103 0.962481 0.323383 0.921503 -0.215070 -0.942010 0.291965 -0.165452
-19.631457 -442.973126 5855.818965 48723.678216 -0.029493 0.224835 0.973950 0.673109 0.724800 -0.146936 -0.738955 0.651241 -0.172715
-7.025682 -76.705329 -508.662480 -3151.721578 0.324061 0.179540 0.928843 0.531890 0.777374 -0.335831 -0.782354 0.602872 0.156421
-4.940407 -75.842199 558.789628 -3359.056922 0.347555 0.179976 0.920225 0.484756 0.805591 -0.340640 -0.802632 0.564475 0.192742
-5.064675 -85.142492 1306.789808 -3374.880460 0.348612 0.166306 0.922395 0.621954 0.695185 -0.360403 -0.701172 0.699328 0.138915
-2.832356 -24.837722 989.336735 -159.539145 0.005170 0.992583 -0.121461 0.987560 0.014022 0.156619 -0.157161 0.120760 0.980162
-5.685865 -26.555591 1196.762317 -76.039802 -0.029213 0.994112 -0.104348 0.988788 0.044034 0.142687 -0.146442 0.099010 0.984252
-2.354637 -26.185045 -958.456001 -373.289975 -0.045494 -0.992582 0.112746 0.997396 -0.038809 0.060792 -0.055965 0.115218 0.991762
-310.359561 -2600.743693 -160723.170096 -707711.456831 0.897400 0.358556 0.257122 -0.348438 0.218413 0.911530 -0.270676 0.907598 -0.320938
159.780722 -887.607581 -181756.711077 135086.730850 0.917280 0.396347 -0.038804 0.101348 -0.138095 0.985220 -0.385131 0.907655 0.166841
-282.019900 -1011.633097 -161186.982213 -47060.542761 0.932091 0.341307 0.121313 -0.072710 -0.151798 0.985733 -0.354853 0.927614 0.116673
-761.145665 -1564.270378 -361176.703659 -734871.813089 0.980348 0.195255 0.028158 -0.083028 0.278901 0.956724 -0.178952 0.940260 -0.289632
-1095.935581 -4939.475464 -228590.654474 -2333722.135756 0.249010 0.613247 0.749615 0.967917 -0.130693 -0.214608 -0.033638 0.779004 -0.626116
2.196803 -50.890015 31.033645 -1857.235011 -0.305932 0.868003 -0.391123 0.898862 0.398735 0.181817 -0.313772 0.295942 0.902201
14.332252 -70.961255 4409.695080 -4446.774196 -0.269927 0.856438 -0.440060 0.838932 0.433489 0.329059 -0.472580 0.280359 0.835504
6.958398 -70.031714 -4360.489673 -3788.464802 0.187521 -0.877255 0.441883 0.941237 0.289131 0.174572 -0.280906 0.383181 0.879923
39.317653 -2.507388 2141.859319 1631.165833 0.307595 -0.039661 0.950690 -0.076097 0.994905 0.066127 -0.948470 -0.092685 0.303010
40.393696 -3.095154 2229.673186 840.205422 0.303241 -0.045259 0.951839 -0.080505 0.994084 0.072915 -0.949507 -0.098738 0.297803
39.389197 -2.212260 -4861.618838 1480.651057 0.151890 -0.035816 0.987748 -0.080457 0.995579 0.048472 -0.985117 -0.086833 0.148337
35.845476 -2.251354 7169.204977 1114.265602 0.437814 -0.049490 0.897702 -0.066065 0.994014 0.087020 -0.896635 -0.097406 0.431923
39.762168 0.612278 -4439.187157 2766.241659 0.158933 -0.029315 0.986854 -0.082190 0.995697 0.042814 -0.983862 -0.087914 0.155840
40.286625 2.634921 2181.299128 2535.515692 0.313620 -0.043854 0.948535 -0.080338 0.994126 0.072525 -0.946144 -0.098948 0.308255
35.477562 0.128619 7134.646943 2314.757741 0.440852 -0.052714 0.896031 -0.062188 0.994081 0.089079 -0.895423 -0.094993 0.434965
-32.173590 -47.750745 366.594704 499.646364 0.974652 0.219192 -0.044822 -0.199980 0.763708 -0.613806 0.100310 -0.607211 -0.788183
-33.634053 -48.125807 -333.587490 118.174604 0.999481 0.014780 -0.028635 -0.030233 0.737579 -0.674584 -0.011150 -0.675100 -0.737642
-30.424048 -46.145697 378.882021 766.151940 0.990208 0.136050 -0.031279 -0.132532 0.845779 -0.516810 0.043857 -0.515895 -0.855528
-28.297085 -44.935711 608.093790 1348.351152 0.937691 0.343979 -0.049137 -0.327203 0.826530 -0.458024 0.116937 -0.445563 -0.887581
-30.762900 -47.176767 857.706114 592.503059 0.910801 0.409481 -0.052597 -0.364871 0.738794 -0.566615 0.193160 -0.535265 -0.822302
62.391305 -48.489753 2210.473214 70.850894 -0.575581 0.771597 0.270822 0.804468 0.474846 0.356866 0.146758 0.423273 -0.894037
71.184877 -57.271455 2203.185814 -3625.693620 -0.604072 0.755627 0.253229 0.763043 0.456734 0.457340 0.229920 0.469491 -0.852476
55.004666 -52.549702 17596.074068 -2722.855839 -0.654997 0.575806 0.489312 0.755496 0.486793 0.438472 0.014281 0.656872 -0.753867
8.025037 -10.662587 -1478.478591 1824.289620 -0.064370 0.434027 -0.898597 0.696913 0.664055 0.270819 0.714261 -0.608812 -0.345224
9.630990 -16.338755 1169.680698 1505.711603 -0.200179 0.376254 -0.904634 0.713145 0.689083 0.128796 0.671828 -0.619353 -0.406263
5.273077 -11.979686 -2378.738432 1270.379522 -0.138279 0.332866 -0.932780 0.713989 0.686214 0.139034 0.686366 -0.646769 -0.332552
0.879788 -7.115031 -4086.743159 764.790198 0.021621 0.450843 -0.892341 0.710804 0.620729 0.330838 0.703058 -0.641433 -0.307040
-4.568922 -8.054389 -2319.148495 1044.644287 -0.331839 0.100210 -0.937998 0.634784 0.759256 -0.143456 0.697805 -0.643031 -0.315562
0.021090 -12.663335 -3494.011325 1401.734604 -0.269542 0.153934 -0.950606 0.680392 0.729013 -0.074873 0.681479 -0.666966 -0.301235
-9.782164 -30.583616 413.767822 217.491676 -0.152888 0.647095 0.746923 0.002345 0.756044 -0.654517 -0.988241 -0.098316 -0.117107
-12.904650 -31.616968 758.890448 440.264265 -0.147754 0.787797 0.597950 0.049795 -0.597893 0.800027 -0.987770 -0.147982 -0.049113
-6.356223 -31.545995 293.211895 -481.552939 -0.129746 0.740082 0.659882 -0.073483 -0.670854 0.737940 -0.988821 -0.047254 -0.141424
-4.316515 -29.345599 -1480.486410 282.602649 -0.180231 0.536816 0.824224 0.061574 0.842460 -0.535228 -0.981695 -0.045714 -0.184891
-0.509547 -29.525441 -1228.626904 811.078089 -0.163532 0.619821 0.767515 0.132941 0.784738 -0.605404 -0.977540 0.003031 -0.210729
-0.017014 -28.783391 -1231.714980 -1364.023570 -0.141127 0.712610 0.687219 -0.186585 -0.700872 0.688451 -0.972250 0.031066 -0.231875
-4.425326 -32.113284 -426.407374 -1234.918630 -0.110477 0.831812 0.543952 -0.152166 -0.555006 0.817810 -0.982161 -0.007578 -0.187889
1.712879 -37.206274 1665.069395 844.371384 0.552848 0.558224 -0.618664 0.398315 0.475094 0.784621 -0.731918 0.680200 -0.040306
8.829137 -34.965033 -161.523055 487.181478 0.534592 0.659213 -0.528819 0.327011 0.415641 0.848709 -0.779279 0.626643 -0.006629
1.242859 -37.441449 721.163403 342.552589 0.540649 0.582734 -0.606729 0.268314 0.564108 0.780890 -0.797312 0.584981 -0.148629
-5.340358 -39.077244 -2090.460875 179.423017 -0.526400 -0.509467 0.680695 0.292989 0.642865 0.707730 -0.798160 0.571986 -0.189136
-5.338234 -37.530069 -1189.221960 -294.710705 -0.525884 -0.524340 0.669712 0.163492 0.710383 0.684563 -0.834696 0.469493 -0.287854
-1.293204 -36.695979 -359.465737 -50.205613 -0.540507 -0.593599 0.596232 0.127211 0.642862 0.755345 -0.831667 0.484116 -0.271959
-6.568061 -42.120234 -204.549421 1975.649540 -0.390442 -0.868048 0.306672 0.916964 -0.396366 0.045509 0.082050 0.298976 0.950727
-4.408780 -37.144175 822.292857 2518.533274 -0.396880 -0.881983 0.254151 0.907355 -0.418787 -0.036402 0.138541 0.216157 0.966479
-7.663009 -37.053786 -704.809378 1875.777767 -0.321650 -0.887522 0.329919 0.919150 -0.376346 -0.116305 0.227387 0.265835 0.936817
-5.110241 -43.703371 -649.007936 1994.791050 -0.339454 -0.873212 0.349673 0.936921 -0.346833 0.043421 0.083363 0.342356 0.935865
7.066833 -64.578246 -74.941413 -232.595263 0.238586 0.966944 -0.089975 -0.824374 0.250634 0.507532 -0.513306 0.046918 -0.856922
6.157621 -68.665005 -147.251743 646.208888 0.175849 0.980874 -0.083448 -0.842704 0.193810 0.502282 -0.508848 0.018004 -0.860668
3.980124 -66.007932 -493.305460 -2080.651832 0.188055 0.978478 -0.084944 -0.931148 0.205130 0.301471 -0.312408 -0.022403 -0.949684
4.975521 -62.052157 -179.969797 -2046.670896 0.244556 0.966196 -0.081595 -0.912253 0.257786 0.318341 -0.328614 0.003417 -0.944458
1.824223 -60.770512 -491.607791 -2171.947228 0.142181 0.987256 -0.071486 -0.985793 0.147754 0.079883 -0.089428 -0.059113 -0.994238
2.568457 -58.056791 -383.598684 -1371.488372 0.180812 0.981492 -0.063098 -0.975344 0.187194 0.116891 -0.126539 -0.040407 -0.991138
-1.053300 -109.087667 30.116698 6210.341368 0.419942 0.896026 -0.144176 0.211816 0.057709 0.975604 -0.882487 0.440236 0.165558
-1.239805 -97.390973 -64.302954 6031.901289 0.406743 0.899945 -0.157033 0.230155 0.065402 0.970954 -0.884075 0.431071 0.180525
-0.595447 -98.529967 0.964048 1785.778619 0.404345 0.895140 -0.187694 0.367946 0.028674 0.929405 -0.837330 0.444861 0.317769
0.387143 -109.500296 295.834225 2339.156285 0.412703 0.892746 -0.180780 0.387513 0.007528 0.921833 -0.824324 0.450498 0.342844
-0.152398 -95.024666 -17.502728 314.770891 0.384326 0.896517 -0.220342 0.522136 -0.014250 0.852743 -0.761359 0.442780 0.473581
10.041600 -29.727701 -609.863177 -882.988776 0.191755 0.959502 -0.206362 0.251404 0.155227 0.955354 -0.948697 0.235074 0.211457
9.551908 -25.660814 1031.923341 -397.163661 0.233725 0.950096 -0.206618 0.234292 0.151208 0.960335 -0.943652 0.272864 0.187259
10.915232 -30.287025 223.599570 -1325.134459 0.178884 0.938829 -0.294281 0.335309 0.223025 0.915329 -0.924969 0.262412 0.274903
11.126531 -26.522650 -459.612037 436.828956 0.232996 0.965112 -0.119464 0.153671 0.084762 0.984480 -0.960259 0.247738 0.128561
11.056756 -34.301824 -996.208014 -1311.143192 0.157453 0.953852 -0.255686 0.352893 0.187472 0.916690 -0.922321 0.234566 0.307089
8.573382 -33.651900 -1113.746176 -1424.730619 0.174352 0.967716 -0.182007 0.260283 0.132971 0.956332 -0.949660 0.214112 0.228697
9.832384 -29.520526 -1814.770393 -24.446843 0.196953 0.971709 -0.130347 0.171628 0.096726 0.980402 -0.965274 0.215464 0.147722
-3.856173 -38.481110 2975.776538 -1515.032273 0.461160 -0.277701 0.842742 -0.229427 0.880149 0.415573 -0.857143 -0.384994 0.342178
4.688721 -33.078899 4571.369253 -460.652504 0.449714 -0.173064 0.876246 -0.235368 0.923410 0.303177 -0.861603 -0.342583 0.374536
-2.881557 -35.407182 2029.089291 2591.284843 0.439447 -0.278765 0.853918 -0.157033 0.912147 0.378587 -0.884436 -0.300462 0.357066
-3.277758 -89.305443 -178.787743 -1945.116568 -0.103156 -0.078346 0.991575 0.634827 0.762266 0.126271 -0.765737 0.642505 -0.028896
-3.011789 -84.071344 -99.131497 -2225.839879 -0.116031 -0.104562 0.987727 0.487985 0.860148 0.148381 -0.865106 0.499212 -0.048779
-3.680182 -86.891919 106.966925 -2964.050508 -0.092647 -0.094633 0.991192 0.636321 0.760040 0.132041 -0.765840 0.642950 -0.010199
-4.099789 -92.865071 -118.325829 -2803.382818 -0.086720 -0.074150 0.993469 0.762063 0.637372 0.114093 -0.641669 0.766980 0.001234
-3.983195 -92.483795 262.005632 -3808.581390 -0.080224 -0.099266 0.991822 0.768293 0.627780 0.124975 -0.635051 0.772036 0.025902
-2.843062 -85.141045 476.048576 -2974.065144 -0.089878 -0.116967 0.989060 0.651666 0.744083 0.147214 -0.753162 0.657768 0.009347
-12.062533 -64.284807 119.280283 952.491787 0.218137 0.964592 -0.148252 0.419180 0.044576 0.906808 -0.881308 0.259953 0.394614
-12.049093 -61.892504 25.213749 -184.081430 0.218759 0.963976 -0.151313 0.560197 0.002897 0.828355 -0.798952 0.265974 0.539382
-10.836754 -64.427400 289.672181 947.149386 0.269910 0.945342 -0.182969 0.414952 0.057274 0.908039 -0.868886 0.321012 0.376813
-10.719833 -67.943547 378.762496 1726.636134 0.277595 0.945340 -0.171097 0.255610 0.098999 0.961698 -0.926069 0.310697 0.214157
-12.003535 -66.914559 279.806426 2271.827038 0.225455 0.963371 -0.145213 0.266172 0.082472 0.960391 -0.937189 0.255176 0.237828
-2.982644 -77.355539 -586.150391 -2724.140064 -0.287193 -0.899447 0.329417 0.925753 -0.172322 0.336581 -0.245971 0.401622 0.882155
-6.121098 -83.313727 -832.941255 -4967.410535 -0.261501 -0.908244 0.326665 0.960759 -0.212497 0.178288 -0.092514 0.360469 0.928172
-2.915946 -86.348018 -522.789087 -6431.585139 -0.260834 -0.905419 0.334935 0.959879 -0.206239 0.189997 -0.102950 0.371055 0.922887
-0.695389 -81.205444 -235.016778 -3722.486532 -0.282899 -0.902145 0.325734 0.926167 -0.168644 0.337303 -0.249363 0.397107 0.883246
-0.707483 -74.794763 -268.112456 -624.666617 -0.308033 -0.897640 0.315210 0.871922 -0.133811 0.471006 -0.380615 0.419924 0.823891
0.825337 -88.339175 2785.079612 -6223.372487 0.146863 -0.197018 0.969338 0.978650 0.171394 -0.113438 -0.143789 0.965302 0.217983
0.997336 -90.116306 1796.475977 -8909.820489 0.195271 -0.177222 0.964604 0.957954 0.245286 -0.148859 -0.210223 0.953115 0.217667
7.772317 -79.308927 3603.724233 -388.585926 0.100125 -0.193681 0.975942 0.952510 0.302158 -0.037756 -0.287576 0.933375 0.214737
9.309788 -73.028896 3769.191845 -1762.117794 0.020732 -0.196409 0.980303 0.978511 0.205182 0.020416 -0.205150 0.958814 0.196442
2.327803 -82.716001 3767.091237 -9660.540654 0.092776 -0.203313 0.974708 0.992963 0.091250 -0.075480 -0.073596 0.974852 0.210348
-25.044075 -133.481094 -4046.688572 -46632.613727 0.782424 -0.332938 0.526275 -0.530757 0.085529 0.843197 0.325744 0.939062 0.109789
-29.020334 -170.981430 -1743.695230 54386.291673 0.654543 -0.371038 0.658714 0.712185 0.010225 -0.701917 0.253703 0.928561 0.270941
-20.730480 -103.283313 -651.677817 -35967.517775 0.830584 -0.386033 0.401384 -0.419424 0.040519 0.906886 0.366351 0.921595 0.128257
-9.033741 -82.762402 14239.701396 -30082.689690 0.898151 -0.398018 0.186831 -0.159685 0.100629 0.982026 0.409665 0.911842 -0.026823
-8.944394 -631.664667 -15370.185625 -43382.102186 0.448025 -0.197835 0.871857 0.701211 0.682720 -0.205417 -0.554596 0.703388 0.444600
-10.687125 -1131.704426 -764.483835 -261069.249410 0.478309 -0.280119 0.832318 0.619198 0.779655 -0.093441 -0.622747 0.560064 0.546365
-4.216824 -882.431658 -5298.269127 -346277.287645 0.378993 -0.306658 0.873112 0.327134 0.926975 0.183577 -0.865649 0.216050 0.451635
-16.926057 -504.387520 -17267.884955 -109540.441106 0.448799 -0.210811 0.868411 0.552684 0.829110 -0.084360 -0.702224 0.517818 0.488616
-18.076096 -457.211510 -2640.869578 -14876.643696 0.513176 -0.292071 0.807060 0.741140 0.625023 -0.245068 -0.432854 0.723907 0.537212
13.977723 -26.114064 831.686702 1097.603068 -0.126761 0.530034 0.838448 0.285087 0.829071 -0.481005 -0.950083 0.178058 -0.256200
14.072986 -23.273900 -2310.026733 1566.517642 -0.163173 0.635157 0.754951 0.329292 0.756388 -0.565194 -0.930022 0.156375 -0.332574
21.117100 -21.764737 -2034.819345 316.122248 -0.144511 0.630777 0.762388 0.355316 0.752168 -0.554971 -0.923508 0.190689 -0.332823
25.064884 -23.839450 3999.790800 597.163884 -0.070773 0.581041 0.810791 0.371760 0.769633 -0.519095 -0.925627 0.264681 -0.270477
-14.363684 -27.753929 -452.743034 152.399041 -0.098313 0.988026 0.118910 0.060501 -0.113334 0.991713 -0.993315 -0.104693 0.048634
-12.709113 -27.651159 -275.096773 -420.612265 -0.101257 0.989323 0.104817 -0.050808 -0.110363 0.992592 -0.993562 -0.095182 -0.061440
-12.646267 -28.287451 -80.685965 150.408391 -0.129721 0.971275 0.199491 0.072462 -0.191367 0.978840 -0.988899 -0.141431 0.045556
-13.760970 -25.599190 -284.871236 972.881575 -0.124034 0.976863 0.174227 0.176952 -0.150993 0.972568 -0.976373 -0.151461 0.154130
-11.194789 -28.914431 -161.939735 -41.075975 -0.188730 0.958108 0.215430 0.033106 -0.213040 0.976482 -0.981471 -0.191424 -0.008488
-11.572693 -27.170359 -374.854796 912.456517 -0.179691 0.963392 0.198967 0.138527 -0.175463 0.974691 -0.973921 -0.202706 0.101926
-7.958268 -39.425884 -94.145393 -679.532111 0.400557 0.895464 -0.194163 -0.304663 -0.069687 -0.949907 0.864138 -0.439646 -0.244902
7.668986 -37.185718 -4772.244625 -641.344254 0.404709 0.840625 -0.359944 -0.225498 -0.289721 -0.930168 0.886206 -0.457614 -0.072306
5.224630 -36.525661 -4604.004764 -429.436099 0.404744 0.835153 -0.372426 -0.368943 -0.223512 -0.902177 0.836698 -0.502555 -0.217659
69.161812 -372.286455 12128.962936 119323.271850 0.196327 0.968537 -0.152944 0.925889 -0.131769 0.354071 -0.322777 0.211123 0.922628
81.002792 -286.599605 -15037.548091 97910.817947 -0.103590 -0.981661 0.160036 0.994616 -0.101772 0.019535 -0.002889 0.161198 0.986918
81.937068 -418.617553 7125.901349 105928.568047 0.095818 0.995371 0.007501 0.870424 -0.087441 0.484475 -0.482888 0.039893 0.874773
66.022975 -300.566847 12153.312422 -2172.760703 0.229761 0.965892 -0.119426 0.689231 -0.074845 0.720665 -0.687147 0.247892 0.682919
-17.907300 -128.806349 6292.695755 -49424.066005 0.906097 0.003176 -0.423058 0.421719 -0.086614 0.902580 0.033776 0.996237 0.079820
12.356542 -238.530697 9666.520889 -203196.420726 0.937935 0.036270 -0.344910 0.328713 0.224106 0.917455 -0.110573 0.973890 -0.198274
58.028596 8.254244 62765.771634 -87164.624774 0.934316 -0.330189 -0.134271 0.176631 0.101688 0.979010 0.309604 0.938421 -0.153331
-35.866065 -231.926467 -11839.921098 18935.495272 -0.638381 -0.045588 0.768370 0.691456 -0.472533 0.546443 0.338169 0.880133 0.333178
-28.155656 -54.392380 -2496.448340 -13222.714935 -0.237033 -0.189377 0.952865 0.970759 -0.007833 0.239928 -0.037973 0.981873 0.185696
-37.849596 -109.378236 -2823.129866 -35713.288694 0.863053 0.155846 -0.480470 0.501899 -0.157451 0.850474 -0.056892 0.975152 0.214107
-8.350415 -417.908908 2368.967716 -81641.105359 -0.547154 -0.465111 0.695913 -0.010530 0.835164 0.549900 -0.836966 0.293552 -0.461861
-9.346657 -528.494597 496.436098 130146.937703 -0.614177 -0.494523 0.615006 0.307453 0.567794 0.763598 -0.726814 0.658071 -0.196684
-13.351547 -507.846246 -2406.866617 14388.901181 -0.651237 -0.486860 0.582115 -0.012045 0.773612 0.633545 -0.758779 0.405576 -0.509669
1.871551 -575.546538 2897.606599 158855.559443 -0.581044 -0.481615 0.656076 0.383196 0.549286 0.742594 -0.718018 0.682885 -0.134606
-37.614446 -57.870729 503.274157 -3045.148837 0.337020 0.937846 -0.082835 0.302154 -0.191069 -0.933914 0.891695 -0.289719 0.347768
43.758522 -87.486243 -7615.202391 -15060.290763 -0.252989 0.949866 0.183713 -0.003427 0.189009 -0.981969 0.967463 0.249057 0.044562
52.716354 -62.793940 -10354.403310 -12727.119147 -0.301170 0.912895 0.275535 0.168018 0.335232 -0.927032 0.938651 0.232899 0.254345
62.692322 -90.344566 -11217.475226 -15418.484511 -0.332748 0.917115 0.219498 0.050055 0.249611 -0.967052 0.941687 0.310797 0.128964
-22.128518 -32.401941 -1712.690052 -63.007544 -0.576322 -0.772776 0.265841 0.816640 -0.556873 0.151629 0.030864 0.304483 0.952018
17.081146 -34.128697 -7353.606302 -349.559743 -0.022113 -0.945097 0.326041 0.963672 -0.106975 -0.244729 0.266171 0.308785 0.913129
16.944328 -33.511068 6065.813759 533.300109 -0.055647 0.957574 -0.282764 0.909803 -0.068029 -0.409427 0.411293 0.280043 0.867418
-15.590846 -29.956175 949.617153 -438.175949 -0.347556 0.833157 -0.430180 0.261713 0.526744 0.808732 -0.900395 -0.168496 0.401121
-12.057642 -33.522120 -72.788827 269.071863 -0.279904 0.898158 -0.339066 0.356724 0.425199 0.831838 -0.891292 -0.111882 0.439409
-14.867692 -30.652379 394.967711 -874.602023 -0.268802 0.935146 -0.230753 0.272853 0.303685 0.912867 -0.923741 -0.182419 0.336789
-18.768641 -27.386419 1404.482569 -1441.930695 -0.331135 0.891166 -0.310117 0.218407 0.392122 0.893610 -0.917959 -0.228174 0.324482
-19.836320 -28.517985 917.372994 -1233.699992 -0.428317 0.691610 -0.581567 0.115856 0.680309 0.723710 -0.896171 -0.242599 0.371515
-16.065610 -28.576444 199.735367 1022.548785 0.463811 -0.605128 0.647070 0.149260 0.773315 0.616202 -0.873270 -0.189220 0.448994
14.855138 -36.238185 -876.468320 -283.351031 0.373584 0.884432 -0.279670 0.510827 0.055504 0.857890 -0.774268 0.463357 0.431057
15.209541 -36.652536 -1166.005449 -1.142543 0.461095 0.864031 -0.202092 0.499466 -0.064475 0.863931 -0.733434 0.499292 0.461284
7.084535 -37.768323 -816.768837 -427.135726 0.434673 0.870383 -0.231284 0.628170 -0.108994 0.770404 -0.645338 0.480159 0.594126
1.757971 -40.548859 309.368788 -164.016361 -0.050614 0.990185 -0.130278 0.995350 0.060717 0.074775 0.081951 -0.125888 -0.988654
1.729610 -41.100934 289.215618 271.910375 -0.064981 0.989275 -0.130816 -0.973161 -0.091825 -0.211010 0.220759 -0.113593 -0.968691
1.143419 -40.388864 245.280630 -17.234460 -0.066676 0.988695 -0.134297 -0.954178 -0.102534 -0.281126 0.291718 -0.109399 -0.950228
10.697145 -80.258546 4564.866323 2728.790517 -0.378495 0.921491 -0.087151 -0.477321 -0.274989 -0.834593 0.793036 0.274290 -0.543929
9.537008 -87.965717 4543.189586 572.105072 -0.366330 0.927797 -0.070670 -0.303607 -0.190977 -0.933462 0.879560 0.320499 -0.351646
-1.814540 -97.113502 999.022114 736.227095 -0.290400 0.954897 -0.061965 -0.108068 -0.097068 -0.989393 0.950783 0.280624 -0.131383
-5.771088 -98.657913 -802.720093 -3122.935645 -0.262192 0.962393 -0.071103 -0.020167 -0.079129 -0.996660 0.964805 0.259882 -0.040156
-1.603564 -43.527649 20.891469 585.343508 -0.157257 0.974393 -0.160710 -0.946793 -0.195029 -0.256021 0.280809 -0.111898 -0.953218
-1.561790 -48.020986 128.322124 2117.627057 -0.150251 0.976304 -0.155739 -0.898232 -0.200618 -0.391066 0.413043 -0.081132 -0.907090
-1.329060 -48.770056 204.982835 1923.005709 -0.157428 0.972729 -0.170337 -0.883039 -0.215881 -0.416698 0.442107 -0.084814 -0.892943
-9.297504 -38.140246 -116.562746 277.118228 -0.098039 -0.916065 0.388862 0.961335 -0.188216 -0.201021 0.257338 0.354118 0.899098
-10.520953 -37.509637 -284.918513 60.656759 -0.125161 -0.925854 0.356551 0.952514 -0.212682 -0.217906 0.277581 0.312347 0.908509
-9.289496 -36.825804 327.791504 222.938070 0.073122 0.911544 -0.404650 0.890174 -0.242608 -0.385659 0.449716 0.332008 0.829172
-9.699657 -39.239978 -105.116927 150.677866 -0.150555 -0.914744 0.374935 0.986017 -0.166351 -0.009919 0.071444 0.368198 0.926998
6.156339 -96.800624 696.078916 372.750977 -0.321251 -0.263727 -0.909531 0.943414 -0.005697 -0.331567 0.082262 -0.964581 0.250634
3.545146 -97.225741 736.455505 -329.788048 -0.315203 -0.240048 -0.918164 0.948405 -0.044734 -0.313889 0.034276 -0.969730 0.241763
5.473949 -97.111597 558.443111 -258.085742 -0.322319 -0.261095 -0.909912 0.936726 -0.226656 -0.266780 -0.136582 -0.938327 0.317630
8.143115 -97.225210 418.932753 387.443950 -0.314425 -0.291514 -0.903414 0.947904 -0.045154 -0.315339 0.051133 -0.955500 0.290525
8.184476 -96.098871 503.008465 835.671696 -0.315934 -0.285725 -0.904736 0.916135 0.156120 -0.369219 0.246743 -0.945509 0.212439
-1.236725 -79.397463 233.161899 -1402.814623 -0.291054 -0.274639 -0.916439 -0.188345 0.955613 -0.226562 0.937984 0.106665 -0.329862
-1.291525 -78.777895 -25.704731 1168.432312 -0.283057 -0.292041 -0.913559 -0.060017 0.956041 -0.287026 0.957223 -0.026416 -0.288142
-0.947580 -79.040619 112.777304 3127.029867 -0.286837 -0.278672 -0.916551 -0.074053 0.960342 -0.268811 0.955113 -0.009232 -0.296098
-9.687281 -74.711122 -52.844212 1286.769272 -0.020892 -0.952533 0.303718 0.956184 0.069694 0.284350 -0.292020 0.296351 0.909341
1.057109 -107.765001 -100.123215 2502.271790 0.144329 0.971445 -0.188321 -0.858751 0.217522 0.463931 -0.491647 -0.094762 -0.865623
1.095044 -102.997799 17.051349 3431.982365 0.155783 0.970938 -0.181688 -0.834372 0.227796 0.501929 -0.528730 -0.073404 -0.845610
1.180098 -107.781189 -78.841202 2043.507654 0.159391 0.966962 -0.198946 -0.761121 0.248708 0.599031 -0.628720 -0.055942 -0.775617
2.098928 -112.584816 39.840701 -994.903729 0.143267 0.970027 -0.196273 -0.803844 0.229742 0.548683 -0.577329 -0.079165 -0.812665
2.558605 -116.571429 113.109614 -490.493785 0.158037 0.964991 -0.209325 -0.688878 0.259626 0.676788 -0.707440 -0.037242 -0.705791
1.497523 -106.425282 -20.267489 780.751016 0.182084 0.958486 -0.219431 -0.641818 0.284919 0.711963 -0.744927 -0.011198 -0.667052
4.635484 -95.176902 -112.335640 -4152.731963 0.409870 0.149952 0.899734 0.895558 0.121093 -0.428149 -0.173154 0.981250 -0.084659
1.168372 -104.978498 -734.347684 -9048.708725 0.395977 0.158398 0.904496 0.917676 -0.033129 -0.395946 -0.032752 0.986819 -0.158477
5.187992 -95.743573 -75.127098 -3031.741603 0.435607 0.129323 0.890798 0.892015 0.070619 -0.446454 -0.120644 0.989085 -0.084596
-0.775482 -105.746796 -371.471852 -13589.963276 0.333222 0.160727 0.929048 0.933324 0.083474 -0.349196 -0.133677 0.983463 -0.122195
5.204974 -92.289952 109.328253 3995.742112 0.427858 0.118478 0.896047 0.862709 0.242149 -0.443957 -0.269576 0.962978 0.001393
6.943760 -81.744321 -162.193367 241.343664 0.436977 0.143298 0.887985 0.864301 0.206474 -0.458642 -0.249069 0.967902 -0.033628
5.809312 -84.295688 872.376899 -10788.448599 0.407738 0.138879 0.902476 0.885499 0.181030 -0.427926 -0.222805 0.973623 -0.049164
0.334009 -103.290957 429.414639 1010.742041 0.385028 0.082526 0.919208 0.663313 0.667766 -0.337793 -0.641693 0.739782 0.202368
-1.489840 -100.341009 138.059432 -18.040141 0.375140 0.068497 0.924434 0.682294 0.654675 -0.325387 -0.627491 0.752801 0.198860
-2.173633 -99.910727 323.481184 -1056.687795 0.391734 0.083706 0.916263 0.547664 0.779005 -0.305311 -0.739330 0.621405 0.259320
-5.399305 -11.825095 -6369.813595 433.651466 0.424193 0.759468 0.493224 -0.152442 0.596769 -0.787800 0.892649 -0.258991 -0.368920
-5.755022 -14.974153 -1371.471703 316.520495 0.250806 0.966422 -0.055896 -0.369501 0.042203 -0.928271 0.894743 -0.253470 -0.367679
-9.954585 -16.564035 -3868.051014 4271.428224 0.391959 0.847622 0.357638 -0.234733 0.468019 -0.851973 0.889533 -0.249989 -0.382409
-5.309242 -14.080793 -742.145624 -3193.510327 0.328745 0.922947 0.200239 -0.277586 0.297087 -0.913611 0.902703 -0.244761 -0.353863
-6.542717 -15.720292 -4870.035091 3284.633419 0.415542 0.765799 0.490792 -0.160794 0.592934 -0.789034 0.895249 -0.248960 -0.369524
130.101234 -33.868943 -29634.790355 8710.189208 0.249889 -0.089028 0.964173 0.699638 -0.671777 -0.243357 0.669375 0.735384 -0.105583
90.003871 -26.911400 -20712.760084 6974.867578 0.296377 0.031344 0.954557 0.680339 -0.708381 -0.187975 0.670298 0.705134 -0.231272
-1.993816 -123.487363 -621.924268 26015.778726 -0.011055 -0.403458 -0.914931 0.901909 -0.399125 0.165105 -0.431785 -0.823360 0.368294
624.028790 -48771.091315 177804.453982 18847674.635844 0.034983 -0.397400 -0.916978 0.823099 -0.508941 0.251967 -0.566819 -0.763579 0.309295
-10.369188 -118.317312 4168.815664 27426.216701 0.066764 -0.442166 -0.894445 0.900867 -0.358659 0.244546 -0.428931 -0.822103 0.374387
-8.694694 -668.194517 2287.858111 -258319.554112 -0.417628 -0.334359 -0.844862 0.905839 -0.080547 -0.415893 0.071007 -0.938998 0.336514
-140.176504 -343.600301 3543.005006 -52924.348063 -0.503306 -0.423076 -0.753452 0.749120 0.220973 -0.624492 0.430700 -0.878736 0.205718
-10.832166 -493.426039 -34507.267054 -83500.252541 -0.400883 -0.394862 -0.826666 0.721353 0.420203 -0.550526 0.564749 -0.817015 0.116383
-5.941107 -26.129474 1006.551762 102.474341 -0.105243 0.986911 -0.122187 0.962867 0.131847 0.235592 -0.248618 0.092855 0.964141
-9.795965 -28.112481 908.017985 172.788179 -0.164061 0.981739 -0.096294 0.953402 0.182863 0.239971 -0.253197 0.052437 0.965993
-10.334888 -28.520618 1088.648715 -42.412379 -0.064925 0.995391 -0.070576 0.987589 0.074230 0.138411 -0.143012 0.060713 0.987857
-5.950783 -68.256978 -597.328896 1322.565639 -0.123172 0.952319 -0.279138 -0.585419 0.157398 0.795306 -0.801320 -0.261371 -0.538118
-1.804557 -66.535227 -1166.924360 1140.072431 -0.195510 0.950315 -0.242232 -0.542498 0.100967 0.833968 -0.816990 -0.294459 -0.495804
-7.993809 -66.795803 -340.992593 835.128985 -0.111917 0.953138 -0.281074 -0.443344 0.205248 0.872536 -0.889338 -0.222264 -0.399597
128.601032 -7299.635021 -192593.621183 -6708473.428475 0.900710 0.394866 0.181114 0.118750 -0.624825 0.771682 -0.417876 0.673554 0.609676
7585.370362 -59717.866957 -7034458.369262 -76863902.952386 0.809948 0.560637 -0.172253 0.489340 -0.484065 0.725416 -0.323313 0.671839 0.666409
-178.904327 -231.524443 15019.884745 31778.060465 0.270681 0.937842 0.217221 0.435802 -0.320576 0.841016 -0.858376 0.132982 0.495487
-172.894007 -263.711472 -10608.529090 49120.239428 -0.070576 0.996126 0.052458 0.581347 -0.001660 0.813654 -0.810589 -0.087920 0.578978
-138.436403 -257.705234 19458.795930 64130.782875 0.554427 0.739948 0.380903 0.543576 -0.668544 0.507517 -0.630187 0.074331 0.772877
-210.775261 -303.521836 -36354.037690 51848.019004 -0.135096 0.913967 -0.382641 0.196384 0.403219 0.893783 -0.971176 -0.045602 0.233961
-162.493650 -247.924794 11388.568042 38231.373646 0.484327 0.874092 0.037288 0.437300 -0.278778 0.855015 -0.757757 0.397801 0.517261
-212.364473 -279.384275 2499.304698 34529.631189 0.328477 0.896978 -0.295859 0.261835 0.214487 0.940977 -0.907494 0.386556 0.164406
20.737518 -68.622115 -518.751927 -539.244638 0.288609 0.928404 -0.234031 0.916790 -0.338444 -0.212020 0.276046 0.153366 0.948829
20.295990 -83.236033 168.131512 -4104.789147 0.298233 0.911437 -0.283443 0.842397 -0.390965 -0.370829 0.448804 0.128178 0.884390
23.453595 -80.291698 -2409.825463 -5809.060831 0.368412 0.916350 -0.156769 0.853996 -0.400217 -0.332441 0.367374 0.011405 0.930003
13.523845 -79.379564 2158.434744 3587.005582 0.192314 0.919856 -0.341878 0.915519 -0.293611 -0.274988 0.353328 0.260112 0.898611
13.355844 -69.632744 -2000.555441 1440.073895 -0.139003 -0.932793 0.332529 0.981181 -0.175171 -0.081229 0.134019 0.314980 0.939588
38.286249 -2.846084 -4327.175738 -421.168555 0.156784 -0.046244 0.986550 -0.098725 0.993166 0.062244 -0.982686 -0.107156 0.151147
