17237
34463
-43.733883 -69.928813 1885.803246 4987.277178 -0.404247 0.875234 0.265613 0.057818 0.314270 -0.947571 0.912821 0.367696 0.177647
-42.496545 -70.184493 -379.296385 9791.141070 -0.338112 0.771541 0.538891 -0.121724 0.531953 -0.837980 0.933201 0.348927 0.085945
-37.724804 -57.471428 1058.401233 5581.836464 -0.399935 0.912309 0.088001 0.011154 0.100851 -0.994839 0.916476 0.396889 0.050510
-34.967718 -50.258720 -459.574168 7236.631797 -0.348824 0.905192 0.242796 -0.148560 0.202386 -0.967972 0.925339 0.373722 -0.063878
-35.266193 -61.089440 -317.498214 4865.775047 -0.437526 0.898778 -0.027730 0.122589 0.029070 -0.992032 0.890810 0.437439 0.122899
-31.069302 -47.842545 -9.993416 4512.424971 -0.436083 0.877501 -0.199559 0.064362 -0.190774 -0.979522 0.897602 0.439997 -0.026715
17.289628 -106.707172 5540.589068 17319.355139 0.242595 0.838693 0.487587 -0.018848 0.506581 -0.861987 0.969945 -0.199923 -0.138701
6.938969 -87.913211 1565.976322 7720.796012 0.220836 0.876605 0.427546 -0.031052 0.444466 -0.895257 0.974816 -0.184429 -0.125375
4.943234 -82.012578 3927.298495 5239.858386 0.215782 0.858594 0.465031 -0.154390 0.500260 -0.851999 0.964159 -0.112050 -0.240506
19.514708 -83.970973 7177.157578 10622.174775 0.255459 0.802346 0.539427 -0.142541 0.583098 -0.799799 0.956255 -0.127425 -0.263325
-54.452665 -74.176734 -2316.200283 3642.602787 -0.233177 0.669195 0.705554 -0.723213 -0.604372 0.334213 -0.650071 0.432335 -0.624896
-50.832536 -73.753700 -2283.687204 5940.505213 -0.220999 0.785055 0.578661 -0.698404 -0.541530 0.467950 -0.680728 0.300722 -0.667963
-51.447665 -67.010244 -3201.241836 5279.785289 -0.264150 0.690934 0.672930 -0.590000 -0.667696 0.453963 -0.762971 0.277114 -0.584023
22.161516 -47.666521 9561.803198 -635.855513 0.179360 0.983601 0.018934 0.983718 -0.179092 -0.015022 -0.011385 0.021320 -0.999708
28.898073 -45.227323 750.039753 -1695.075895 0.184411 0.980498 -0.067944 0.982839 -0.183661 0.017177 0.004363 -0.069946 -0.997541
27.371859 -47.584106 5416.455350 1436.361257 0.204298 0.978749 -0.017698 -0.975227 0.201930 -0.090317 0.084824 -0.035712 -0.995756
24.801172 -48.151497 5066.644596 465.774597 0.222650 0.974811 -0.013056 -0.957615 0.216173 -0.190374 0.182756 -0.054890 -0.981625
17.805389 -49.262929 10406.444274 1018.306183 0.190350 0.980873 0.040682 -0.978179 0.193016 -0.076875 0.083257 0.025161 -0.996210
34.670366 -100.882604 -641.246530 3519.321196 -0.059780 0.203115 0.977328 0.998188 0.005391 0.059936 0.006905 0.979140 -0.203069
32.864486 -105.053388 -3043.873499 1208.591403 0.052370 0.270391 0.961325 0.998613 -0.009033 -0.051860 -0.005339 0.962708 -0.270489
57.894572 -99.359033 -6542.750687 11170.264592 -0.080089 0.245426 0.966101 0.965300 -0.222586 0.136567 0.248558 0.943515 -0.219083
12.873704 -97.395200 76.391441 -7829.031321 0.023079 0.214310 0.976493 0.969856 0.232207 -0.073884 -0.242583 0.948763 -0.202491
50.122801 -97.532654 -1482.524242 7650.579407 -0.210305 0.139337 0.967655 0.968356 -0.106366 0.225773 0.134385 0.984516 -0.112559
19.981236 -93.072757 -1356.568417 -3461.800610 -0.181668 0.119943 0.976018 0.968120 0.195878 0.156127 -0.172454 0.973265 -0.151704
-4.794192 -46.529516 -2264.713154 -7409.745820 0.061038 0.983135 -0.172394 -0.887043 -0.025759 -0.460968 0.457635 -0.181058 -0.870511
-5.884358 -44.483340 -2458.410785 -1996.771186 0.059012 0.983805 -0.169247 -0.865116 -0.034194 -0.500405 0.498088 -0.175948 -0.849088
-5.510437 -43.997565 241.491116 -973.041178 0.047084 0.986030 -0.159775 -0.872937 -0.037135 -0.486418 0.485556 -0.162377 -0.858993
-3.749103 -47.457647 -38.629460 -6833.855290 0.042970 0.985579 -0.163670 -0.893585 -0.035355 -0.447500 0.446833 -0.165483 -0.879179
-4.275722 -44.347364 2465.215832 -847.507000 0.049460 0.988343 -0.143987 -0.880355 -0.024949 -0.473660 0.471730 -0.150186 -0.868858
-5.912831 -40.489329 1796.228121 4471.517009 0.022610 0.987315 -0.157158 -0.859463 -0.061105 -0.507532 0.510697 -0.146547 -0.847179
-9.318004 -50.715647 -47.058850 709.216270 0.064031 0.987746 0.142331 0.934076 -0.009115 -0.356958 0.351287 -0.155805 0.923213
-11.890122 -54.085367 -660.666048 2337.167538 0.097317 0.988056 0.119476 0.966534 -0.065195 -0.248117 0.237365 -0.139624 0.961334
-9.136580 -49.777111 -527.619025 2818.772770 0.066355 0.984504 0.162325 0.960934 -0.019241 -0.276108 0.268706 -0.174305 0.947320
-9.882838 -53.052998 -369.653860 1901.907398 0.099892 0.985070 0.140206 0.981869 -0.074775 -0.174190 0.161106 -0.155064 0.974679
2.059378 -58.827014 -1617.536005 2285.369376 -0.010831 0.985159 0.171304 0.569516 -0.134735 0.810863 -0.821909 -0.106342 0.559604
2.222455 -55.450377 -2184.583957 2157.308129 -0.018187 0.984816 0.172644 0.656899 -0.118406 0.744623 -0.753759 -0.126952 0.644772
-0.734637 -60.213498 -1517.557082 1970.123753 -0.005744 0.985324 0.170596 0.541548 -0.140351 0.828871 -0.840650 -0.097147 0.532794
0.175699 -62.786143 -1456.080700 2705.710933 -0.015395 0.986218 0.164731 0.482827 -0.136937 0.864943 -0.875581 -0.092852 0.474065
-1.267243 -63.556119 -411.916232 1028.099804 0.000822 0.988100 0.153808 0.373864 -0.142958 0.916400 -0.927483 -0.056750 0.369533
0.249330 -77.645913 292.026916 2426.955578 0.322619 0.946324 -0.019682 -0.037299 -0.008067 -0.999272 0.945794 -0.323118 -0.032694
-1.329845 -75.067714 53.936390 -5578.173512 0.325231 0.945292 0.025437 -0.101847 0.061759 -0.992881 0.940134 -0.320325 -0.116361
-0.383462 -78.464029 209.048804 155.807113 0.323121 0.946248 0.014374 -0.074999 0.040746 -0.996351 0.943381 -0.320864 -0.084133
1.764032 -77.331393 -368.807422 7474.748679 0.339606 0.939885 0.035832 0.014266 0.032945 -0.999355 0.940460 -0.339898 0.002220
2.945318 -76.864106 26.447036 4674.928407 0.325701 0.945411 0.010815 0.097578 -0.022235 -0.994979 0.940424 -0.325122 0.099493
-11.144054 -87.628409 -1335.731954 -561.320393 0.079738 0.996815 0.001220 -0.969563 0.077842 -0.232137 0.231493 -0.017327 -0.972682
-10.043632 -85.446759 -1661.399514 -3300.238582 0.090646 0.995883 -0.000663 -0.898296 0.081476 -0.431771 0.429939 -0.039734 -0.901983
-9.782014 -90.133841 -1592.057938 -1521.830499 0.071905 0.997018 -0.028028 -0.960679 0.061673 -0.270726 0.268190 -0.046393 -0.962248
-11.042457 -91.605506 -455.956818 539.194761 0.056922 0.998357 -0.006627 -0.996299 0.056374 -0.064894 0.064414 -0.010297 -0.997870
-12.755634 -91.074954 -1379.708940 -216.136747 0.066891 0.997753 -0.003810 -0.997259 0.066736 -0.031965 0.031639 -0.005938 -0.999482
-13.679698 -88.401884 -453.999272 -382.961044 0.085863 0.995431 0.041762 -0.982063 0.091624 -0.164796 0.167870 0.026863 -0.985443
9.727841 -87.562621 -1487.880106 3760.320247 -0.175028 -0.975214 -0.135360 0.982971 -0.165271 -0.080330 0.055968 -0.147115 0.987535
5.703775 -79.286880 822.852281 4617.793386 0.178905 0.975758 0.126051 0.970493 -0.153967 -0.185574 0.161668 -0.155531 0.974512
6.017744 -78.813161 289.063927 3779.791013 0.150072 0.976703 0.153392 0.957892 -0.105225 -0.267153 0.244788 -0.187025 0.951368
9.209488 -84.595798 -1413.653495 2849.160881 -0.141598 -0.977030 -0.159255 0.979259 -0.114697 -0.167019 0.144917 -0.179601 0.973007
129.631264 21.332596 40479.848016 -18486.378624 0.017184 -0.435076 -0.900230 0.946092 0.298335 -0.126124 0.323443 -0.849532 0.416748
102.197814 -70.157016 39119.228388 -1930.586971 -0.302116 -0.477026 -0.825331 0.832810 0.289201 -0.472006 0.463846 -0.829945 0.309900
66.453103 19.568255 -37942.253336 9444.892265 0.687375 -0.126225 -0.715250 -0.654478 -0.534643 -0.534618 0.314921 -0.835598 0.450112
270.091014 43.655071 -115642.667729 24534.126894 0.740760 -0.180753 -0.646995 -0.627944 -0.528487 -0.571303 0.238664 -0.829476 0.504985
-10.336606 -44.950375 442.040055 -3786.942149 -0.159701 -0.949867 -0.268791 0.984476 -0.133162 -0.114349 0.072824 -0.282880 0.956387
-9.003381 -34.864065 -485.508367 817.977112 -0.260150 -0.932052 -0.252194 0.964190 -0.236810 -0.119412 0.051576 -0.274228 0.960281
-9.958889 -40.293419 1008.678848 -6715.549273 -0.164888 -0.944120 -0.285395 0.982905 -0.133256 -0.127049 0.081919 -0.301464 0.949952
49.142680 -20.518378 -10616.768857 -2973.647840 0.255980 0.735829 0.626921 0.190168 0.597525 -0.778974 0.947792 -0.318622 -0.013023
39.869618 -18.247252 -10922.541062 -3063.424751 0.310441 0.687090 0.656912 0.214324 0.622670 -0.752560 0.926116 -0.374417 -0.046043
53.484141 -18.772293 -10266.744970 -1158.949858 0.245093 0.728104 0.640152 0.219238 0.601563 -0.768152 0.944386 -0.328614 0.012190
39.870979 -21.839888 -9902.438966 -2660.095149 0.284657 0.711749 0.642172 0.158024 0.625881 -0.763741 0.945515 -0.318883 -0.065688
-13.055948 -41.157147 -1891.961782 -2147.822702 0.107638 0.992247 0.062127 0.939511 -0.121958 0.320072 -0.325167 -0.023917 0.945354
-15.882801 -46.817764 -1868.452473 -3093.317799 0.082595 0.995335 0.049872 0.967647 -0.092067 0.234912 -0.238407 -0.028856 0.970736
-23.389441 -44.868716 -5478.938395 -2128.181209 0.112169 0.992668 0.045034 0.955096 -0.120209 0.270816 -0.274244 -0.012635 0.961577
-22.566602 -37.904221 -5838.477382 -734.497708 0.119052 0.990050 0.075016 0.918132 -0.138536 0.371270 -0.377969 -0.024674 0.925490
-39.592771 -71.058800 -147.844190 -15683.987259 0.818837 0.548868 0.168079 -0.532513 0.835653 -0.134592 -0.214329 0.020705 0.976542
-35.258058 -87.555797 -382.147587 -30592.666464 0.883433 0.381747 0.271688 -0.356853 0.923933 -0.137853 -0.303647 0.024831 0.952461
25.033965 -108.937742 1694.489548 -8033.407452 0.160710 0.923495 0.348323 0.350845 -0.383313 0.854388 -0.922540 0.015101 0.385606
24.991845 -92.595543 3669.673527 -7909.689293 0.191104 0.906493 0.376496 0.126992 -0.403174 0.906269 -0.973320 0.125379 0.192165
20.463305 -94.701022 2826.601107 -7402.696139 0.220106 0.909093 0.353700 0.221652 -0.399717 0.889436 -0.949960 0.117372 0.289482
18.584047 -104.590531 2351.054000 -5910.688652 0.221034 0.925726 0.306880 0.394204 -0.372616 0.840095 -0.892047 0.064716 0.447286
12.352414 -91.911281 2426.658186 -4770.279220 0.249346 0.915158 0.316722 0.194302 -0.367679 0.909428 -0.948722 0.165223 0.269496
3.852653 -143.401426 -367.302512 4689.508168 0.604930 0.591264 -0.533354 0.672082 -0.019905 0.740209 0.427043 -0.806233 -0.409419
3.492027 -132.509201 -3756.633358 2509.945560 0.618805 0.557704 -0.553215 -0.611435 -0.100187 -0.784927 0.493182 -0.823972 -0.279003
3.916283 -144.627863 -2329.322686 1799.166333 0.604845 0.566769 -0.559406 -0.550339 -0.210232 -0.808040 0.575577 -0.796602 -0.184758
4.938603 -130.449190 1745.658323 4208.169438 0.579410 0.617321 -0.532164 0.590256 0.132429 0.796279 0.562034 -0.775485 -0.287647
4.747485 -131.776891 1334.174441 2291.834064 0.572684 0.595767 -0.563111 -0.470168 -0.324003 -0.820953 0.671546 -0.734904 -0.094559
0.616606 -155.012113 -3256.962835 5467.014342 0.602570 0.530807 -0.595947 -0.383937 -0.461838 -0.799561 0.699644 -0.710598 0.074493
-10.741210 -31.235561 -2191.724234 3151.448739 -0.089425 0.995890 0.014373 -0.480175 -0.055751 0.875399 -0.872603 -0.071380 -0.483187
-13.966390 -29.142829 -2627.989413 2506.888350 -0.088582 0.994469 0.056432 -0.457353 -0.090937 0.884623 -0.884862 -0.052553 -0.462879
-14.686933 -33.322350 -1802.716996 2208.657714 -0.068137 0.995669 0.063243 -0.523704 -0.089649 0.847170 -0.849171 -0.024603 -0.527544
-12.464664 -36.290866 -1550.760895 2436.423705 -0.072692 0.997017 0.025926 -0.559089 -0.062261 0.826766 -0.825915 -0.045604 -0.561948
3.841361 -373.441884 4330.520127 -87993.024822 0.476682 0.740407 -0.473890 -0.127281 -0.475265 -0.870587 0.869813 -0.475310 0.132310
-1.475047 -520.397247 10498.491006 -163923.609908 0.489780 0.758962 -0.429059 -0.183860 -0.391146 -0.901776 0.852239 -0.520559 0.052033
6.566028 -262.285491 1488.050757 -35344.452929 0.475715 0.729333 -0.491700 0.085728 -0.594787 -0.799299 0.875412 -0.338086 0.345473
1.175043 -721.620472 7110.875843 -250366.254737 0.511927 0.756517 -0.406955 -0.056558 -0.443028 -0.894722 0.857165 -0.481049 0.184011
5.469358 -303.144405 -1865.297346 -68092.059278 0.512956 0.698006 -0.499664 0.201347 -0.663673 -0.720415 0.834467 -0.268935 0.480976
6.864353 -204.627851 -213.301463 -5440.105306 0.501535 0.675586 -0.540413 -0.313799 0.724174 0.614086 0.806221 -0.138405 0.575197
-9.397267 -267.886677 7023.509363 29730.124094 0.732803 0.357822 -0.578760 0.252590 0.646740 0.719670 -0.631821 0.673565 -0.383551
-10.829510 -260.634052 -3162.208620 44998.978449 -0.707375 -0.415467 0.571846 0.177609 0.678588 0.712722 -0.684161 0.605727 -0.406225
-16.862893 -218.334151 1460.330809 7357.441637 0.703603 0.458877 -0.542564 0.315825 0.482035 0.817249 -0.636552 0.746374 -0.194236
-12.515973 -242.759240 5173.914032 -16953.445436 0.752808 0.422873 -0.504439 0.356072 0.382925 0.852397 -0.553618 0.821308 -0.137695
-24.443541 -35.171444 -665.249260 -1776.235229 0.074522 0.991247 -0.108972 -0.976282 0.050246 -0.210594 0.203275 -0.122081 -0.971481
-22.582162 -39.094648 -2097.603753 942.172552 -0.046255 0.987860 -0.148303 0.992583 0.062160 0.104471 0.112421 -0.142370 -0.983408
-26.177729 -38.123515 2927.233504 -957.573486 -0.264200 0.957780 -0.113382 -0.955829 -0.275717 -0.101834 0.128796 -0.081469 -0.988319
-11.343013 -27.703676 636.209312 2534.902697 0.522573 0.837356 0.160475 -0.449186 0.110415 0.886589 -0.724672 0.535391 -0.433829
-9.052901 -22.511169 901.880620 2815.235902 0.461845 0.842422 0.277532 -0.469839 -0.033033 0.882134 -0.752297 0.537804 -0.380547
-8.873722 -25.032794 1208.397061 2152.257393 0.445168 0.828802 0.338988 -0.533029 -0.058920 0.844043 -0.719517 0.556432 -0.415547
-12.087604 -29.300434 710.357519 1421.309456 0.509530 0.830554 0.224853 -0.519719 0.088799 0.849710 -0.685764 0.549813 -0.476900
-12.354413 -30.979103 394.429391 1400.502339 0.540844 0.832413 0.120733 -0.468510 0.178925 0.865150 -0.698559 0.524476 -0.486765
-1.304726 -115.673937 92.750058 -4114.484427 0.148243 0.985021 0.088076 0.312122 0.037908 -0.949286 0.938405 -0.168215 0.301827
-1.329678 -116.428838 779.836065 4475.246462 0.140258 0.987773 0.068064 0.012057 0.067034 -0.997678 0.990042 -0.140753 0.002507
-0.928704 -117.573282 1809.638602 -1643.616075 0.131215 0.988344 0.077192 0.214482 0.047719 -0.975562 0.967874 -0.144565 0.205721
-0.567566 -109.850109 1935.374170 -10643.263604 0.128741 0.987460 0.091372 0.506253 0.013785 -0.862275 0.852721 -0.157268 0.498129
-3.382971 -28.404151 868.418974 -664.043581 0.116503 0.971260 0.207562 -0.949706 0.047781 0.309477 -0.290665 0.233177 -0.927978
-0.429020 -28.135339 -36.282774 -635.718677 0.138402 0.969601 0.201790 -0.960167 0.081425 0.267300 -0.242743 0.230747 -0.942248
-1.014213 -27.610817 1251.836954 26.858715 0.114577 0.970071 0.214088 0.968765 -0.061399 -0.240261 -0.219925 0.234929 -0.946806
22.482234 -148.919486 -2157.146801 10894.673355 -0.008285 0.996463 -0.083620 -0.655429 -0.068566 -0.752138 0.755212 -0.048575 -0.653679
20.699157 -149.301320 -2415.692993 -4314.047478 0.026807 0.996674 -0.076957 -0.776000 -0.027782 -0.630121 0.630164 -0.076610 -0.772674
17.407718 -153.941090 -1756.221865 8791.190136 0.049954 0.994115 -0.096120 -0.680659 -0.036543 -0.731688 0.730895 -0.101976 -0.674829
70.956479 -211.398110 9431.832990 44025.782902 -0.659863 0.745866 -0.090910 -0.242978 -0.326303 -0.913503 0.711015 0.580698 -0.396544
86.024527 -346.239431 -10084.051780 85458.757597 -0.463111 0.877984 -0.121129 -0.005061 -0.139286 -0.990239 0.886286 0.457978 -0.068948
68.773806 -300.179940 3948.802594 59537.671258 -0.602754 0.785335 -0.141196 0.063436 -0.129231 -0.989583 0.795401 0.605433 -0.028076
63.725583 -268.745673 -18569.153035 -59203.565758 0.743147 -0.654335 0.139920 -0.022610 0.184433 0.982585 0.668746 0.733369 -0.122266
-24.310639 -260.854774 9985.718530 3247.648296 0.987310 -0.051176 0.150332 0.125613 0.830851 -0.542133 0.097159 -0.554137 -0.826736
-6.867414 -281.873728 7582.468123 26793.422577 0.979316 -0.052302 0.195460 0.137980 0.879182 -0.456071 0.147992 -0.473607 -0.868214
-14.373465 -359.187511 8891.162976 -100145.039873 0.984521 -0.041273 0.170339 0.165195 0.543238 -0.823166 0.058560 -0.838563 -0.541648
-33.818479 -356.473578 8275.453193 -110369.336996 0.990633 -0.060757 0.122292 0.136248 0.499659 -0.855440 0.009131 -0.864089 -0.503257
-56.688404 -272.251797 16078.349586 -28892.604718 0.994348 -0.030360 0.101736 0.089841 0.751226 -0.653902 0.056575 -0.659346 -0.749708
-11.060619 -57.797470 -618.654824 -2169.661466 0.031211 0.988159 -0.150228 0.115053 -0.152854 -0.981529 0.992869 -0.013351 0.118462
-11.172101 -50.354567 -131.212251 3255.307538 0.005650 0.991270 -0.131730 0.172107 -0.130731 -0.976365 0.985062 0.017155 0.171343
-9.946554 -54.122613 -783.250952 207.689989 0.058532 0.988213 -0.141450 0.146465 -0.148661 -0.977981 0.987483 -0.036526 0.153441
-11.176103 -48.656459 -1078.725179 -747.342090 0.045181 0.989116 -0.140029 0.296543 -0.147133 -0.943618 0.953950 -0.001109 0.299963
-5.642941 -48.924881 -14744.359851 107.285910 -0.527754 0.776158 -0.345043 0.035596 0.426074 0.903988 -0.848651 -0.464801 0.252490
-12.825317 -44.369089 -14994.728913 2301.235719 -0.458197 0.658883 -0.596598 -0.154389 0.602003 0.783426 -0.875340 -0.451071 0.174112
-9.496448 -50.959909 -17424.535766 -1839.320227 -0.528539 0.636232 -0.562010 -0.196273 0.552514 0.810065 -0.825907 -0.538459 0.167150
-28.964627 -66.351552 5394.891396 -10346.361556 -0.430524 0.890514 -0.147085 0.087037 0.203163 0.975269 -0.898373 -0.407075 0.164974
-37.812094 -57.609364 -481.863121 1774.656071 -0.288294 0.816023 0.500991 -0.131411 -0.551973 0.823442 -0.948482 -0.171558 -0.266365
-38.574519 -56.161771 -1218.153097 1331.758697 -0.192481 0.810810 0.552756 -0.107917 -0.577362 0.809325 -0.975349 -0.096128 -0.198632
-38.115659 -56.895884 -846.485628 -374.867655 -0.235133 0.844781 0.480685 -0.276864 -0.532276 0.800018 -0.931697 -0.055026 -0.359045
-38.512388 -58.250144 124.425475 -118.306797 -0.294765 0.873044 0.388468 -0.339602 -0.475701 0.811405 -0.893187 -0.107249 -0.436708
-39.547065 -56.485152 -518.131121 -1937.749192 -0.174643 0.856509 0.485687 -0.396008 -0.512715 0.761775 -0.901486 0.059297 -0.428727
-38.821878 -57.368942 150.753538 -1659.126267 -0.231761 0.883710 0.406624 -0.442502 -0.468027 0.764946 -0.866302 0.002647 -0.499514
111.094258 -37.583309 6130.203213 7104.723444 0.275932 0.877820 0.391527 0.673175 0.114261 -0.730602 0.686074 -0.465163 0.559398
137.774801 -41.422085 39079.035654 5121.042504 -0.480015 -0.634030 -0.606293 0.685604 0.160036 -0.710166 0.547295 -0.756567 0.357874
113.124063 -41.864933 38316.595689 1150.802344 -0.521932 -0.577650 -0.627620 0.741319 0.056782 -0.668746 0.421939 -0.814307 0.398587
131.061515 -40.509421 9928.740750 4861.199215 0.261340 0.880172 0.396230 0.659081 0.137189 -0.739454 0.705205 -0.454396 0.544252
111.046095 -35.933152 37010.970406 -941.956430 0.016476 0.990688 0.135150 0.749015 0.077311 -0.658026 0.662348 -0.112072 0.740767
151.844510 -39.306415 50097.657380 4355.233770 0.033992 0.984397 0.172646 0.670141 0.105707 -0.734668 0.741455 -0.140671 0.656091
10.938889 -45.346723 -5625.569618 241.233976 0.283219 0.958798 -0.022227 0.551424 -0.143835 0.821732 -0.784678 0.244986 0.569441
6.662207 -44.804605 -335.776570 414.966772 0.285600 0.957634 -0.037019 0.531831 -0.126240 0.837389 -0.797238 0.258846 0.545353
9.937080 -45.582798 -5422.825450 813.346677 0.277326 0.960525 -0.021973 0.456768 -0.111691 0.882546 -0.845253 0.254789 0.469712
18.173325 -44.287685 -5580.151878 467.288127 0.304178 0.952434 -0.018598 0.483853 -0.137651 0.864256 -0.820587 0.271886 0.502708
17.351317 -45.185325 -5321.748371 -448.009501 0.294417 0.955644 -0.007991 0.376834 -0.108403 0.919916 -0.878245 0.273850 0.392035
13.818763 -46.514166 -3097.578746 169.409141 0.273418 0.961768 -0.015679 0.342705 -0.082170 0.935843 -0.898775 0.261249 0.352069
-1.849931 -52.254097 -6746.937058 -1899.139193 -0.367091 0.557955 -0.744265 0.918280 0.089771 -0.385621 -0.148346 -0.825002 -0.545312
-8.982234 -50.242684 -6024.567777 489.353552 -0.307711 0.558591 -0.770253 0.931345 0.011169 -0.363967 -0.194706 -0.829368 -0.523678
23.432480 -44.663771 17213.238564 1304.577799 0.090402 0.616878 -0.781849 0.986592 -0.162584 -0.014203 -0.135878 -0.770083 -0.623306
26.783337 -36.184584 15827.067817 4473.520660 -0.044887 0.626842 -0.777852 0.997164 -0.018975 -0.072833 -0.060415 -0.778915 -0.624212
199.597660 -37.458348 89569.346416 7971.916110 0.369989 0.650223 -0.663565 0.929020 -0.254702 0.268419 0.005521 -0.715777 -0.698307
103.447243 -45.984927 53736.511524 3933.994850 0.328391 0.648850 -0.686406 0.942123 -0.276983 0.188903 -0.067552 -0.708713 -0.702255
-7.139560 -67.691208 -550.556451 8910.398278 0.814139 -0.573834 0.088841 0.578352 0.787682 -0.212289 -0.051840 -0.224214 -0.973160
-10.067605 -66.836136 -415.436179 5601.666667 0.798355 -0.592787 0.105982 0.601778 0.778876 -0.176678 -0.022185 -0.204829 -0.978546
-8.620815 -71.311442 1951.457102 8349.351727 0.780517 -0.605495 0.155463 0.624090 0.740365 -0.249742 -0.036118 -0.291951 -0.955751
-7.685323 -64.798224 1288.733441 -427.792308 0.796768 -0.587747 0.140408 0.585471 0.693304 -0.420182 -0.149616 -0.416992 -0.896511
-2.088192 -62.369125 -992.743045 404.683366 0.793177 -0.600690 -0.100207 -0.450734 -0.468404 -0.759892 -0.409523 -0.647896 0.642279
-1.312371 -62.964121 -283.074952 147.758108 0.797677 -0.592663 -0.111634 -0.470127 -0.495131 -0.730634 -0.377746 -0.635292 0.673581
-1.744370 -61.180313 -680.308378 -1614.416466 0.781598 -0.611328 -0.124028 -0.544097 -0.570901 -0.614841 -0.305062 -0.548042 0.778837
-1.554620 -61.372680 -596.273047 1472.683289 0.804085 -0.587049 -0.093922 -0.390664 -0.402655 -0.827799 -0.448140 -0.702312 0.553107
-1.962003 -60.438380 -1088.568961 551.661213 0.802754 -0.590334 -0.084209 -0.355699 -0.360701 -0.862191 -0.478607 -0.722080 0.499535
15.840533 -60.961172 6707.348016 12349.427981 0.740693 -0.665428 0.092625 0.456853 0.397775 -0.795651 -0.492605 -0.631649 -0.598632
17.167602 -77.926958 2182.324423 11266.874413 0.741273 -0.670960 -0.018064 0.348730 0.407991 -0.843760 -0.573500 -0.619157 -0.536416
10.742101 -85.899181 6422.404519 12644.997718 0.773875 -0.633288 0.007993 0.292349 0.345996 -0.891526 -0.561828 -0.692266 -0.452898
21.427322 -59.316559 3210.912325 9674.902378 0.719870 -0.691364 0.061672 0.509298 0.465743 -0.723670 -0.471596 -0.552358 -0.687385
19.500917 -46.110205 4518.286435 2787.847714 0.689332 -0.693010 0.211089 0.572559 0.342648 -0.744828 -0.443844 -0.634294 -0.632988
-4.947353 -93.704982 2701.750645 -4194.665838 0.880964 -0.449513 0.147786 0.473013 0.828199 -0.300576 -0.012717 -0.334701 -0.942238
-10.832040 -90.490137 4574.147524 -2732.421133 0.882201 -0.442963 0.159707 0.470616 0.818234 -0.330173 -0.015577 -0.366439 -0.930312
-9.742726 -101.402476 3831.840229 -5905.318719 0.876745 -0.458826 0.144209 0.477270 0.867043 -0.143004 0.059421 -0.194204 -0.979160
-4.969384 -113.661535 3021.568562 -6426.151396 0.864184 -0.478593 0.155355 0.490548 0.870072 -0.048359 0.112025 -0.118000 -0.986674
6.788858 -58.628311 205.454825 -3456.098855 -0.549050 0.831500 0.084568 -0.708119 -0.409045 -0.575543 0.443972 0.375886 -0.813387
6.105156 -68.430845 1182.287381 -5018.796934 -0.589221 0.804132 0.078675 -0.718409 -0.476858 -0.506453 0.369739 0.354934 -0.858671
6.762817 -70.872129 1214.770861 4832.705865 -0.615969 0.785456 0.060339 0.725626 0.535894 0.431607 0.306673 0.309640 -0.900041
-24.791158 -51.687245 1750.324343 -171.259672 0.685418 -0.198136 0.700674 0.398242 0.907599 -0.132920 -0.609594 0.370144 0.700991
-21.087941 -57.120795 2015.366815 -2367.881865 0.698519 -0.265813 0.664390 0.450684 0.884592 -0.119922 -0.555837 0.383198 0.737702
-23.643892 -56.386845 1617.232205 -2961.111452 0.604728 -0.339193 0.720592 0.576466 0.810710 -0.102162 -0.549538 0.477177 0.685792
-27.676161 -50.067492 640.588734 -2130.004000 0.565136 -0.296684 0.769805 0.538742 0.839388 -0.072004 -0.624803 0.455418 0.634205
-27.611360 -48.993393 964.693868 1130.713219 0.687098 -0.047846 0.724988 0.276407 0.940016 -0.199924 -0.671934 0.337759 0.659108
-11.944863 -22.445265 -365.549892 4086.391491 0.156385 0.983873 0.086817 0.318416 0.032984 -0.947377 0.934963 -0.175800 0.308122
-10.925878 -32.056457 -1030.623602 4297.866391 0.154088 0.983613 0.093609 0.391881 0.026132 -0.919645 0.907020 -0.178390 0.381433
-9.048980 -24.661344 -1211.055356 4102.943747 0.188858 0.980187 0.059712 0.324234 -0.004845 -0.945964 0.926933 -0.198014 0.318725
-0.690289 -94.336588 343.925258 -113.525713 0.978663 -0.084170 0.187443 -0.027435 -0.957608 -0.286763 -0.203634 -0.275502 0.939485
-0.851923 -102.002943 231.251858 -2145.258021 0.978383 -0.049774 0.200720 0.014280 -0.952026 -0.305683 -0.206305 -0.301941 0.930736
0.585190 -101.108149 957.369858 -4426.974405 0.981076 -0.078038 0.177203 0.053431 0.988763 0.139620 -0.186107 -0.127510 0.974220
-0.370775 -92.019312 184.657054 -4054.927931 0.976039 -0.102949 0.191701 0.069747 0.982531 0.172533 -0.206114 -0.155029 0.966169
-1.310101 -95.595779 364.392928 1321.494951 0.976879 -0.104096 0.186742 -0.046988 -0.956640 -0.287457 -0.208567 -0.272036 0.939413
-16.659115 -55.457470 429.635978 570.674633 0.838155 -0.523960 -0.151534 -0.126021 -0.456336 0.880839 0.530675 0.719182 0.448510
-14.048605 -59.728002 702.630384 -4884.026873 0.802201 -0.593940 -0.060904 -0.143106 -0.290309 0.946172 0.579650 0.750304 0.317882
-20.771126 -59.217480 1494.432655 -1984.316805 0.826916 -0.531037 -0.184958 -0.007898 -0.339851 0.940446 0.562270 0.776209 0.285222
-6.252489 -171.012360 -429.376822 -13757.752121 0.978286 0.181772 0.099578 0.114537 -0.073717 -0.990680 0.172737 -0.980574 0.092935
-6.495541 -173.150525 -484.074915 -14666.934224 0.979155 0.182868 0.088399 0.144265 -0.319773 -0.936447 0.142979 -0.929680 0.339489
-4.543827 -177.962046 -1400.983578 -24150.341293 0.982813 0.148193 0.110075 0.130304 -0.134542 -0.982303 0.130761 -0.979764 0.151540
53.879151 -128.196102 -7933.357805 -22769.585501 0.952132 0.138322 0.272601 -0.304448 0.348893 0.886332 -0.027491 0.926898 -0.374304
57.088304 -86.115727 -11656.350573 -8310.290207 0.949392 0.187012 0.252353 -0.312552 0.482947 0.817969 -0.031097 0.855447 -0.516956
60.293050 -93.416440 -2407.955390 -7642.423191 0.948656 0.013658 0.316014 -0.286818 0.458384 0.841201 0.133367 0.888649 -0.438766
49.907727 -131.104234 8179.462331 -21921.478058 0.928407 -0.110416 0.354780 -0.310274 0.294942 0.903736 0.204426 0.949114 -0.239567
-23.789254 -46.972880 -2126.710409 -510.389611 0.277826 0.951553 -0.131756 0.822131 -0.164577 0.544991 -0.496904 0.259734 0.828025
-23.154924 -48.306759 -1724.048473 527.980120 0.284742 0.949835 -0.129363 0.870710 -0.199819 0.449372 -0.400981 0.240592 0.883929
-21.157301 -47.947040 1023.984320 430.097764 0.342565 0.927294 -0.150914 0.851001 -0.238210 0.468031 -0.398053 0.288759 0.870731
-3.013290 -101.514308 -234.700241 -8295.810275 0.967316 -0.167048 0.190772 0.034382 -0.658985 -0.751370 -0.251231 -0.733372 0.631703
-2.652657 -144.966914 453.978145 -24816.014208 0.963142 -0.160584 0.215803 0.097103 -0.540607 -0.835653 -0.250857 -0.825807 0.505088
-1.606857 -145.525218 -223.367161 -21694.644958 0.969185 -0.161101 0.186354 0.085402 -0.489843 -0.867618 -0.231058 -0.856797 0.460990
-2.093180 -179.393860 -223.241016 -30818.323326 0.973172 -0.155604 0.169479 0.091560 -0.413859 -0.905725 -0.211075 -0.896944 0.388509
-3.881358 -111.712108 226.295385 -11910.555539 0.972589 -0.150502 0.177258 0.046908 -0.619635 -0.783487 -0.227752 -0.770325 0.595590
-395.504679 -7473.025821 -288392.379046 -1584715.000823 0.985336 0.170483 -0.006967 0.080091 -0.426071 0.901138 -0.150661 0.888481 0.433477
165.107545 -3264.527437 -61986.170393 1195898.546489 0.959162 0.266123 -0.095848 0.231207 -0.932839 -0.276323 0.162946 -0.242878 0.956273
-119.137152 -3633.512192 -47902.678268 1166797.567204 0.956490 0.261303 -0.129798 0.224281 -0.943035 -0.245727 0.186613 -0.205925 0.960609
-871.672012 -2366.506437 -281182.602895 -158495.892173 0.995944 0.081733 -0.037627 0.050686 -0.164095 0.985142 -0.074345 0.983053 0.167572
-11678.455359 -97267.872458 -3310117.964643 36136743.502582 0.887883 0.350865 0.297586 -0.455586 0.580457 0.674916 -0.064069 0.734822 -0.675227
131.710468 -441.095369 2627619.696742 -31025.395185 0.405223 0.066310 -0.911810 0.611751 0.721500 0.324342 0.679378 -0.689232 0.251803
-263.213089 -2160.027840 -65539.944140 -2599053.856779 0.994844 0.028280 -0.097398 0.067005 -0.904178 0.421869 0.076135 0.426219 0.901410
-547.136273 -3534.796802 -169794.918999 -658025.502739 0.962035 0.215709 0.167205 0.272916 -0.755228 -0.595942 0.002272 -0.618950 0.785427
-1652.812921 -4595.777507 -564843.176877 1106957.420781 0.893177 0.370719 0.254561 0.087030 0.412868 -0.906623 0.441203 -0.831930 -0.336501
30.017455 -21.955629 -14967.965389 -621.905729 0.556151 -0.818241 -0.145530 0.826170 0.563331 -0.010072 0.090223 -0.114630 0.989303
-0.878095 -27.925292 -2279.270747 -1702.946113 0.878303 -0.459093 -0.133483 -0.474357 -0.871656 -0.123294 0.059748 -0.171608 0.983352
1.503059 -33.178501 -3582.270888 -1198.845776 0.917030 -0.384362 -0.106401 -0.395528 -0.910697 -0.119114 0.051116 -0.151316 0.987163
12.361330 -23.878655 -10821.402076 1931.269739 0.428616 -0.880867 -0.200901 0.899829 0.436183 0.007276 0.081220 -0.183895 0.979585
-25.446634 -45.002910 -1185.645243 3482.571743 0.717822 -0.125671 -0.684790 0.292988 0.946768 0.133371 0.631577 -0.296372 0.716432
-20.309004 -47.155891 -2466.355668 1252.487596 0.799659 0.027648 -0.599817 0.204295 0.926816 0.315081 0.564631 -0.374498 0.735488
-21.892592 -50.438063 -1825.702008 -1065.930262 0.734289 -0.071915 -0.675017 0.337341 0.901559 0.270912 0.589084 -0.426638 0.686265
-14.981467 -47.394167 -2598.069988 -1422.062469 0.811216 0.091460 -0.577550 0.217173 0.869924 0.442796 0.542923 -0.484631 0.685833
-15.218564 -41.953226 -1652.727325 6335.514441 0.753822 -0.001798 -0.657077 -0.375549 -0.821748 -0.428595 0.539181 -0.569848 0.620127
-23.442625 -34.921655 21.595164 2172.374496 0.419818 -0.511651 0.749644 0.030837 0.833519 0.551629 -0.907084 -0.208466 0.365704
-22.437797 -29.753863 -499.977893 3421.500701 0.422119 -0.554907 0.716863 0.142638 0.821574 0.551970 -0.895248 -0.130745 0.425953
-21.728816 -29.260483 1187.745471 2236.032841 -0.327363 0.755952 -0.566895 0.224725 0.645027 0.730369 -0.917786 -0.111700 0.381039
1.972413 -52.970949 -1330.753088 -591.023971 0.753069 -0.640111 -0.152131 -0.618062 -0.608977 -0.497138 -0.225579 -0.468406 0.854230
3.869595 -51.493047 -152.013342 -1056.481293 0.759188 -0.625582 -0.179667 -0.622140 -0.616372 -0.482729 -0.191245 -0.478261 0.857142
3.178302 -56.449141 -972.710327 -266.714709 0.769719 -0.620496 -0.150059 -0.572634 -0.567195 -0.591929 -0.282177 -0.541548 0.791898
1.579814 -57.051307 -980.999562 -159.277189 0.763495 -0.629517 -0.144170 -0.583255 -0.576284 -0.572459 -0.277290 -0.521158 0.807159
-0.304872 -117.177906 1011.594699 -6416.903169 0.840790 -0.506518 -0.191080 0.511514 0.858882 -0.025976 0.177273 -0.075899 0.981231
-1.130380 -108.236071 376.987578 9764.995322 0.855792 -0.483667 -0.183536 -0.510310 -0.847486 -0.146121 0.084870 -0.218710 0.972092
-0.779109 -120.312175 904.230586 -4771.458248 0.842952 -0.502127 -0.193132 0.488465 0.864786 -0.116395 0.225463 0.003777 0.974244
-2.163897 -100.956390 1240.534404 9467.394537 0.859652 -0.474560 -0.189185 -0.510280 -0.815540 -0.272963 0.024750 -0.331191 0.943239
0.759246 -127.006556 210.115195 -2873.027046 0.830518 -0.525961 -0.183314 0.464326 0.835553 -0.293688 0.307637 0.158796 0.938160
-9.706013 -43.947735 -802.763921 801.533991 0.407269 0.903939 -0.130487 0.889325 -0.425032 -0.168666 0.207925 0.047353 0.976998
-9.684468 -45.614734 -674.003270 660.368857 0.381270 0.918402 -0.105695 0.900094 -0.394863 -0.184155 0.210864 0.024922 0.977198
-7.663740 -41.929314 -111.331134 851.295510 0.459383 0.876682 -0.142815 0.832442 -0.481012 -0.275078 0.309852 -0.007481 0.950755
-7.277031 -40.465600 -88.729824 941.807004 0.483914 0.858983 -0.167259 0.820656 -0.511805 -0.254125 0.303893 0.014287 0.952599
-7.585387 -571.476347 -5438.762047 76486.537878 0.945638 -0.073634 0.316777 -0.260757 0.410433 0.873814 0.194358 0.908913 -0.368920
14.524261 -331.173194 -2318.486715 24006.193077 0.956974 -0.133262 0.257763 -0.219667 0.247709 0.943603 0.189597 0.959626 -0.207778
-2.877456 -565.962084 -6282.817499 155264.628741 0.951705 -0.100113 0.290234 -0.294683 -0.032622 0.955038 0.086144 0.994441 0.060548
121.239072 -36.057990 42930.037982 -529.752513 -0.113399 0.983583 0.140375 0.602400 0.180420 -0.777536 0.790098 0.003610 0.612970
36.316643 -37.879069 19777.653692 -644.439571 -0.079634 0.993093 0.086170 0.595280 0.116715 -0.794997 0.799563 0.012013 0.600462
63.118101 -37.249909 28549.104199 -1474.349334 -0.106450 0.990659 0.085228 0.559335 0.130528 -0.818601 0.822078 0.039469 0.568005
-58.918936 -89.315877 -3524.084026 12178.185009 0.407388 -0.590230 -0.696896 -0.042070 0.750151 -0.659927 0.912286 0.298165 0.280772
-41.376862 -99.919183 1124.357462 19632.679916 0.294699 -0.633751 -0.715201 -0.106186 0.722086 -0.683605 0.949672 0.277402 0.145502
-24.633380 -73.232891 -6587.037258 15128.454465 -0.233552 0.786432 0.571820 -0.232736 0.525776 -0.818165 0.944080 0.324167 -0.060235
16.575122 -103.693289 2953.601440 14199.005769 0.252933 0.864815 0.433728 0.114554 0.418382 -0.901018 0.960678 -0.277583 -0.006755
17.835352 -98.030942 -3590.500707 4085.014984 0.262204 0.906782 0.330144 0.172636 0.292518 -0.940548 0.949445 -0.303611 0.079844
16.096609 -85.475336 -3903.135251 4695.730122 0.225035 0.900705 0.371603 -0.020069 0.385589 -0.922452 0.974144 -0.200127 -0.104847
7.800526 -79.302831 -2238.226113 4033.300689 0.229620 0.870702 0.434916 -0.126004 0.469690 -0.873793 0.965089 -0.145840 -0.217562
-45.211267 -60.296572 -1835.389227 5502.511111 -0.006557 0.913104 0.407675 0.991959 -0.045589 0.118064 0.126390 0.405171 -0.905462
-41.570904 -52.222816 -1817.627251 5072.467012 0.022555 0.917651 0.396747 0.975189 -0.107611 0.193459 0.220222 0.382540 -0.897310
-42.521878 -60.771394 -2437.556934 5697.073519 -0.183523 0.937051 0.297076 0.973589 0.131513 0.186624 0.135807 0.323480 -0.936439
-47.953631 -71.996423 -1295.733252 5917.811672 -0.104842 0.911693 0.397271 0.994281 0.104258 0.023136 -0.020325 0.397425 -0.917410
29.051638 -46.190152 6343.376242 -572.065652 0.170418 0.984973 -0.028031 -0.983589 0.171752 0.055267 -0.059251 -0.018153 -0.998078
31.007029 -44.531235 -1782.926289 65.735052 0.159632 0.981199 -0.108468 0.985121 -0.165422 -0.046601 -0.063667 -0.099415 -0.993007
52.063542 -105.911160 -11524.641108 11113.732556 0.084722 0.351288 0.932426 0.963713 -0.266628 0.012886 0.253137 0.897500 -0.361131
28.058078 -112.456353 -4282.617697 -128.083700 0.163223 0.334826 0.928035 0.986005 -0.022989 -0.165124 -0.033953 0.941999 -0.333893
12.070313 -101.352615 -409.419664 -9849.166300 0.146595 0.296771 0.943630 0.948290 0.229326 -0.219442 -0.281523 0.927004 -0.247807
-7.272623 -48.149598 -448.485284 -222.019524 0.082858 0.978434 0.189215 0.960639 -0.027900 -0.276397 0.265157 -0.204669 0.942233
-6.382563 -45.166462 -479.452191 -1659.250396 0.078092 0.975565 0.205366 0.948869 -0.009534 -0.315526 0.305858 -0.219506 0.926428
-7.777692 -46.774596 113.352381 -1886.714261 0.044200 0.980569 0.191131 0.939576 0.024210 -0.341484 0.339476 -0.194676 0.920248
-4.288916 -46.798603 1142.450379 385.388821 -0.120602 -0.970303 -0.209685 0.965326 -0.065368 -0.252731 0.231519 -0.232894 0.944542
-6.598392 -48.989903 509.710590 1819.623125 -0.121760 -0.974739 -0.187237 0.977724 -0.085293 -0.191782 0.170967 -0.206418 0.963412
16.317192 -78.101798 -3210.666088 -5026.718114 0.088854 0.994605 -0.053530 0.995791 -0.087489 0.027327 0.022497 -0.055733 -0.998192
15.254756 -84.101500 -1398.852576 2408.889285 0.135353 0.990696 -0.014163 -0.974120 0.130449 -0.184591 0.181027 -0.038781 -0.982713
17.255969 -81.724734 -1876.078887 7198.340170 0.125859 0.992038 -0.004468 -0.990037 0.125889 0.063081 -0.063141 0.003516 -0.997998
13.388274 -81.012201 -1240.650987 -2419.221818 0.098616 0.994392 -0.038206 -0.972644 0.088202 -0.214903 0.210328 -0.058354 -0.975888
17.260622 -74.514673 -3173.747776 5013.888630 0.079152 0.995452 -0.053006 -0.986026 0.085999 0.142674 -0.146584 -0.040973 -0.988349
14.205675 -74.545877 -1189.318695 -4714.516637 0.081801 0.995819 -0.040658 0.996574 -0.081227 0.015570 0.012202 -0.041793 -0.999052
-9.000091 -80.034166 -1718.211247 -3376.242228 0.104838 0.994481 0.004056 -0.840553 0.090789 -0.534068 0.531489 -0.052582 -0.845432
-10.353836 -82.566509 79.497303 -960.792649 0.099294 0.993745 0.051096 -0.824837 0.110922 -0.554383 0.556583 -0.012901 -0.830692
-7.824506 -83.673227 -52.822998 1157.720753 0.116344 0.991424 0.059518 -0.677033 0.123009 -0.725600 0.726698 -0.044124 -0.685538
-8.065833 -81.186243 -1244.811601 -1391.115787 0.109025 0.993972 0.011520 -0.772287 0.091995 -0.628577 0.625848 -0.059634 -0.777662
-12.074474 -77.016316 -1233.956520 -969.405639 0.134938 0.987853 0.077053 -0.753849 0.152818 -0.639029 0.643042 -0.028143 -0.765314
-13.312840 -81.816293 282.867755 -2609.491333 0.102479 0.991568 0.079320 -0.872064 0.127916 -0.472379 0.478542 0.020763 -0.877819
-3.341010 -100.097291 -1082.882137 3932.823876 0.071209 0.989548 0.125396 0.989259 -0.086152 0.118083 -0.127652 -0.115641 0.985054
-1.035935 -94.114374 -281.485946 6472.465254 -0.110215 -0.987997 -0.108233 0.993726 -0.107459 -0.030988 0.018986 -0.110969 0.993642
-4.223900 -106.665778 -348.715906 5031.394002 0.093190 0.989355 0.111770 0.970920 -0.115165 0.209883 -0.220521 -0.088961 0.971317
-3.361094 -96.554231 1325.085644 4086.275096 0.122034 0.987947 0.095232 0.986298 -0.131441 0.099697 -0.111013 -0.081760 0.990450
-6.010146 -104.544371 -475.566967 4252.361744 0.095138 0.988374 0.118600 0.939763 -0.128470 0.316766 -0.328320 -0.081319 0.941060
284.103263 -284.390784 119376.023432 84612.929621 0.119821 0.963620 -0.238915 0.900536 -0.206800 -0.382450 0.417944 0.169326 0.892553
368.395806 -878.437848 109258.674682 495654.741721 0.149778 0.658519 0.737509 0.988578 -0.087121 -0.122976 -0.016729 0.747504 -0.664046
812.256894 -8522.198026 -176889.677879 3392298.956404 0.470100 0.637485 0.610426 0.882464 -0.326744 -0.338373 -0.016255 0.697747 -0.716160
-14.411483 -287.201195 -3874.530002 -90047.955138 0.713343 0.579258 0.394464 -0.700392 0.608810 0.372562 0.024344 0.542044 -0.839998
21.511210 -54.791422 -4223.245616 -3207.126880 0.050681 0.713229 -0.699096 0.533746 -0.610987 -0.584645 0.844125 0.343510 0.411649
27.174171 -42.247341 -839.954554 2390.382064 0.054076 0.605305 -0.794155 -0.587474 0.662394 0.464874 0.807434 0.441407 0.391421
23.612163 -50.363036 1314.852126 -2190.960233 -0.051127 0.700920 -0.711405 0.446403 -0.621175 -0.644101 0.893370 0.350504 0.281134
19.497619 -66.409855 -4969.444454 -5294.866858 0.010903 0.780038 -0.625638 0.401795 -0.576360 -0.711597 0.915665 0.243619 0.319699
-8.670625 -34.330261 -381.736956 -2091.423139 -0.250683 -0.928869 -0.272692 0.964973 -0.217252 -0.147066 0.077362 -0.300007 0.950795
-8.912852 -36.380568 -558.216323 5690.379246 -0.338312 -0.904550 -0.259489 0.939969 -0.311714 -0.138897 0.044753 -0.290902 0.955706
43.324825 -15.690564 -12126.012600 -1112.762493 0.320751 0.679067 0.660293 0.237265 0.617294 -0.750102 0.916965 -0.397260 -0.036879
23.944409 -16.812681 6612.639919 -2844.755974 -0.338666 -0.631085 -0.697881 0.241298 0.658653 -0.712708 0.909440 -0.409767 -0.070784
20.684353 -23.247471 5814.681324 -2779.713727 -0.311369 -0.599508 -0.737319 0.203737 0.715733 -0.667995 0.928192 -0.358212 -0.100715
-11.144271 -45.972198 -829.463603 -3170.897160 0.129776 0.988201 0.081342 0.957366 -0.146234 0.249130 -0.258086 -0.045543 0.965048
-15.331165 -52.281540 -1131.690150 -4213.527083 0.123427 0.990093 0.066948 0.981597 -0.131717 0.138266 -0.145715 -0.048650 0.988130
27.291233 -103.437839 49.480815 -10148.892463 0.115022 0.922307 0.368945 0.184150 -0.384769 0.904456 -0.976145 0.036091 0.214100
3.780013 -129.342850 -376.180133 -2901.714759 0.604435 0.588889 -0.536534 0.685132 -0.040590 0.727288 0.406514 -0.807194 -0.428000
-16.772813 -26.539522 -3022.801134 1018.648170 0.011859 0.992155 -0.124449 -0.417504 0.118003 0.900980 -0.908598 -0.041273 -0.415628
-17.490185 -30.508448 -941.072994 1560.315809 -0.007350 0.999235 0.038402 -0.482687 -0.037179 0.875003 -0.875762 0.012105 -0.482591
