14477
28943
-26.448009 -38.173219 -118.400300 -3818.632150 0.696488 -0.370363 -0.614602 -0.671936 -0.036058 -0.739731 -0.251808 -0.928187 0.273974
-33.839493 -48.532415 -971.667018 -3787.043849 0.756376 -0.409203 -0.510341 -0.536915 0.057280 -0.841690 -0.373654 -0.910644 0.176382
-29.184166 -52.552735 873.038614 -6729.726355 0.913287 -0.327531 -0.242138 -0.290719 -0.107793 -0.950717 -0.285288 -0.938672 0.193665
-25.988377 -39.759745 -403.627548 2588.505451 0.426711 -0.408674 -0.806786 0.838943 -0.154311 0.521884 -0.337777 -0.899541 0.277008
-21.187683 -50.206995 3164.116289 -7399.237327 0.947792 -0.233048 -0.217666 -0.265304 -0.197556 -0.943708 -0.176928 -0.952187 0.249071
-19.585740 -29.369361 1631.848165 -2942.935991 0.720309 -0.310256 -0.620400 -0.680422 -0.142173 -0.718897 -0.134838 -0.939962 0.313514
-20.101619 -31.524631 -263.294164 1564.230373 0.200614 -0.370989 -0.906709 0.950445 -0.150674 0.271940 -0.237504 -0.916332 0.322377
-45.935530 -54.877164 -1017.201617 1162.685190 0.843970 -0.532780 -0.062132 0.133023 0.320109 -0.937995 -0.519634 -0.783375 -0.341034
-41.953150 -48.572877 -284.159461 30.844429 0.758265 -0.172221 -0.628788 -0.352652 0.702847 -0.617773 -0.548335 -0.690179 -0.472210
-34.862838 -48.026422 3340.473356 2302.976260 0.907869 -0.220267 -0.356729 -0.174202 0.575755 -0.798849 -0.381349 -0.787393 -0.484339
51.045903 -76.918648 -5310.922218 7489.920849 0.928282 -0.111532 0.354757 0.122978 0.992361 -0.009804 -0.350953 0.052728 0.934907
34.612075 -69.162702 -6920.661661 9314.641462 0.863943 -0.140884 0.483481 0.198873 0.977483 -0.070538 -0.462657 0.157092 0.872508
44.287440 -56.014737 -6564.117011 6627.425422 0.935426 -0.064750 0.347541 0.151697 0.961494 -0.229167 -0.319320 0.267090 0.909229
23.016477 -30.247285 -6767.157137 3865.079931 0.909532 0.040502 0.413655 0.121116 0.926221 -0.356995 -0.397596 0.374799 0.837522
42.835862 -39.221882 -6316.728441 -3440.223784 0.963488 0.049260 0.263182 -0.057152 -0.922442 0.381883 -0.261581 0.382980 0.885946
27.372709 -32.721778 -4356.972222 706.102304 0.862037 -0.300157 0.408409 0.243331 -0.461764 -0.852974 -0.444615 -0.834673 0.325020
27.799236 -31.088999 -4264.538857 433.677556 0.875003 -0.292295 0.385920 0.272361 -0.361823 -0.891574 -0.400237 -0.885239 0.236987
18.847353 -31.308711 -5121.632519 688.664847 0.839943 -0.338899 0.423844 0.276589 -0.404622 -0.871653 -0.466899 -0.849369 0.246124
13.228500 -32.487776 -4692.293217 532.553646 0.825524 -0.343922 0.447469 0.240284 -0.503230 -0.830074 -0.510661 -0.792765 0.332790
-12.748441 -35.123976 1864.248347 -322.274324 0.983694 -0.145912 0.105148 0.001895 -0.576197 -0.817309 -0.179842 -0.804181 0.566525
-3.076270 -34.898284 2504.579417 -591.931379 0.988401 -0.150140 0.022850 -0.066609 -0.563789 -0.823229 -0.136482 -0.812158 0.567250
-10.428266 -33.280025 1743.814679 -849.051467 0.987272 -0.124349 0.099148 -0.011411 -0.677203 -0.735707 -0.158628 -0.725212 0.670003
-17.107918 -34.536075 1358.921594 -469.715905 0.974511 -0.157801 0.159460 0.015923 -0.660349 -0.750790 -0.223774 -0.734192 0.641005
-15.116263 -32.048345 1511.391336 -571.417966 0.979093 -0.100564 0.176814 0.036802 -0.767322 -0.640205 -0.200055 -0.633328 0.747579
-5.975650 -30.648244 1720.646912 -822.396857 0.991164 -0.112718 0.069917 -0.032851 -0.719299 -0.693924 -0.128509 -0.685495 0.716646
-10.517741 -31.165140 1437.223242 -562.756961 0.987738 -0.082982 0.132240 0.025650 -0.749277 -0.661760 -0.153999 -0.657037 0.737961
-1.212973 -34.649169 -786.715067 116.134024 0.568593 -0.534832 -0.625026 -0.147093 0.681452 -0.716929 0.809362 0.499577 0.308798
-0.177065 -32.743301 -717.552566 -1111.131699 0.563572 -0.539625 -0.625453 -0.182139 0.657338 -0.731254 0.805737 0.526033 0.272170
-0.399450 -34.222338 -754.860476 -92.033005 0.566297 -0.528286 -0.632631 -0.134520 0.698034 -0.703316 0.813150 0.483387 0.324229
0.090905 -33.007189 -613.230283 2174.650143 0.553453 -0.524817 -0.646728 -0.109991 0.723640 -0.681357 0.825586 0.448233 0.342776
-1.134275 -34.618346 -481.675192 665.580466 0.554083 -0.525314 -0.645784 -0.074420 0.741388 -0.666937 0.829128 0.417598 0.371697
4.719480 -57.436487 -561.656624 396.568009 -0.448340 0.668451 0.593435 -0.541198 0.325384 -0.775390 0.711405 0.668804 -0.215881
3.595156 -53.932283 -928.575166 203.386057 -0.431078 0.678708 0.594581 -0.531122 0.341841 -0.775277 0.729439 0.650000 -0.213117
3.957660 -56.337691 -881.559916 -153.077489 -0.417831 0.661756 0.622492 -0.422992 0.464681 -0.777913 0.804049 0.588346 -0.085759
-4.709823 -59.095398 37.473676 235.755706 0.938952 0.152412 -0.308449 -0.106430 -0.723876 -0.681672 0.327174 -0.672885 0.663463
-4.587114 -61.624143 257.741010 -1050.233230 0.944352 0.164246 -0.284995 -0.121023 -0.632150 -0.765336 0.305863 -0.757238 0.577095
-3.573505 -64.578845 -31.742920 -1762.708153 0.939211 0.157221 -0.305230 -0.153565 -0.602761 -0.783005 0.307085 -0.782279 0.541976
-22.500650 -71.784225 -2044.919602 -5182.771661 0.846982 -0.325353 -0.420436 -0.371086 0.204484 -0.905804 -0.380678 -0.923218 -0.052461
-18.343156 -55.272668 -1505.286690 -4007.962903 0.800207 -0.321013 -0.506576 -0.518616 0.053790 -0.853313 -0.301174 -0.945546 0.123439
-17.182257 -64.312430 -875.324459 -4258.736471 0.799649 -0.334127 -0.498919 -0.450821 0.214771 -0.866391 -0.396638 -0.917732 -0.021110
-21.336286 -80.400035 -1570.228215 -5432.236083 0.831746 -0.358489 -0.423892 -0.294764 0.361861 -0.884404 -0.470439 -0.860548 -0.195307
5.345007 -38.537342 3392.743063 632.637211 -0.232918 -0.929042 0.287456 0.938431 -0.137167 0.317069 -0.255141 0.343609 0.903790
5.530265 -42.387209 -2161.216206 1617.154305 0.121367 0.933360 -0.337801 0.911010 0.030383 0.411263 -0.394120 0.357654 0.846612
15.528296 -46.256143 -4379.862562 1922.596759 0.207795 0.929969 -0.303279 0.906060 -0.066154 0.417945 -0.368613 0.361636 0.856355
18.125934 -42.201054 4692.220988 471.853546 -0.279160 -0.917170 0.284376 0.926968 -0.180109 0.329076 -0.250600 0.355472 0.900466
12.281103 -38.844060 4239.758949 256.855358 -0.320877 -0.910619 0.260406 0.937624 -0.266579 0.223152 -0.133787 0.315767 0.939357
22.310125 -21.600501 269.135752 1961.860477 0.565583 -0.031987 -0.824071 0.814407 0.178974 0.552004 0.129830 -0.983334 0.127276
20.277838 -24.271619 1247.791413 3314.632312 0.524301 0.033314 -0.850881 0.838098 0.156609 0.522556 0.150664 -0.987099 0.054190
21.700378 -30.799107 1114.316475 4108.486223 0.585227 -0.017358 -0.810684 0.805430 0.128056 0.578692 0.093768 -0.991615 0.088922
20.431131 -32.058530 -948.040121 3499.857440 0.620928 -0.111386 -0.775913 0.783369 0.123468 0.609170 0.027948 -0.986078 0.163921
20.455649 -19.846777 -1889.043833 1725.824691 0.597868 -0.141442 -0.789017 0.797376 0.205787 0.567312 0.082128 -0.968321 0.235816
1.107787 -68.375338 391.101136 -317.994879 0.940370 -0.096732 -0.326109 0.313704 -0.124016 0.941387 0.131505 0.987554 0.086276
0.727286 -64.710380 12.652722 -1061.944978 0.939701 -0.084118 -0.331491 0.313986 -0.171985 0.933721 0.135555 0.981501 0.135203
0.546706 -68.991646 148.973305 -2682.497042 0.927931 -0.084538 -0.363039 0.323950 -0.298891 0.897619 0.184392 0.950535 0.249964
1.675104 -75.740229 115.022098 -1121.131299 0.930564 -0.074814 -0.358405 0.334230 -0.226053 0.914981 0.149472 0.971238 0.185352
-8.538741 -69.163277 855.102292 2272.902713 0.957392 -0.063863 -0.281642 0.287139 0.314697 0.904719 -0.030854 0.947041 -0.319626
-4.820260 -71.590307 1076.947887 3368.139095 0.960747 -0.091807 -0.261795 0.277114 0.272843 0.921284 0.013151 0.957668 -0.287574
-6.957641 -75.604062 1382.689078 2603.799386 0.968786 -0.073183 -0.236849 0.242632 0.475801 0.845425 -0.050822 0.876503 -0.478706
-8.951287 -75.094679 750.582534 2119.790959 0.967773 -0.036608 -0.249149 0.228715 0.541795 0.808794 -0.105379 0.839713 -0.532707
-10.075069 -65.207173 -1.282212 1922.237656 0.956859 0.008719 -0.290422 0.262796 0.400373 0.877861 -0.123931 0.916311 -0.380809
-0.905002 -85.177257 1386.971917 -3005.481251 -0.339686 -0.651707 0.678153 -0.122296 0.745509 0.655179 -0.932554 0.139620 -0.332940
-1.423760 -75.618769 942.070032 240.453138 -0.337968 -0.665261 0.665736 -0.321228 0.746420 0.582812 -0.884641 -0.016881 -0.465967
5.266894 -80.429102 1764.794712 -4744.467071 -0.357380 -0.600178 0.715588 -0.114819 0.788609 0.604079 -0.926875 0.133723 -0.350744
12.436271 -95.773997 2099.619691 -8501.038983 -0.389804 -0.573713 0.720351 0.056784 0.765765 0.640609 -0.919146 0.290616 -0.265920
5.884518 -100.055613 1667.314692 -7914.437188 -0.366309 -0.613685 0.699435 0.087878 0.725505 0.682583 -0.926334 0.311501 -0.211830
-13.209250 -21.207486 -802.161441 -1445.899331 -0.299094 -0.339972 -0.891606 0.940626 0.052136 -0.335417 0.160517 -0.938989 0.304193
-10.811025 -16.404550 -1068.615699 -524.764239 0.083970 -0.337015 -0.937747 0.985013 0.170358 0.026978 0.150661 -0.925958 0.346269
-8.065227 -17.701388 -2371.690259 1138.506421 0.403800 -0.270218 -0.874030 0.909154 0.224949 0.350481 0.101906 -0.936152 0.336505
-14.726127 -23.517699 -1540.972173 1326.291048 0.272753 -0.252383 -0.928390 0.957368 0.166627 0.235969 0.095140 -0.953173 0.287072
22.476770 -42.624293 3177.300058 271.638987 -0.357124 -0.873172 0.331713 0.928920 -0.294816 0.224033 -0.097825 0.388143 0.916393
21.053786 -43.261675 823.620283 -666.470764 -0.429078 -0.813790 0.391967 0.901534 -0.412706 0.130042 0.055940 0.409169 0.910742
16.190739 -39.730389 3431.469367 235.138387 -0.391245 -0.877935 0.275968 0.920284 -0.372456 0.119811 -0.002400 0.300844 0.953670
242.245324 -3729.356568 -237006.847971 778798.917078 0.917743 -0.076479 0.389741 0.244968 -0.663411 -0.707020 -0.312631 -0.744337 0.590106
3.082192 -74.430150 -7609.699953 4607.328440 0.836434 0.516230 -0.184081 -0.117051 -0.159863 -0.980175 0.535423 -0.841398 0.073290
23.557944 -20.342961 9963.094937 -6623.312786 0.804537 0.425968 0.413849 0.346248 0.229733 -0.909580 0.482527 -0.875085 -0.037338
94.238618 -84.630355 -30067.293277 1.016964 -0.523657 -0.447717 -0.724799 0.610018 0.396833 -0.685858 0.594694 -0.801295 0.065311
-54.432921 -33759.305171 3811.849402 17189569.709209 0.613800 0.760206 -0.212925 0.506987 -0.586314 -0.631823 0.605157 -0.279863 0.745293
10.473947 -1777.472869 6405.969066 411894.992145 0.459047 0.774222 -0.435724 -0.086307 -0.449270 -0.889218 0.884210 -0.445799 0.139415
26.665616 -899.651703 -9175.483149 -276403.114770 0.220407 0.437796 -0.871640 0.947073 -0.309877 0.083841 -0.233396 -0.843985 -0.482924
-13.657868 -25.079039 -683.527672 -344.456661 0.939725 0.317996 0.125678 -0.306267 0.946230 -0.104160 -0.152043 0.059391 0.986588
-12.572449 -24.663770 -432.810751 -364.049810 0.947030 0.290038 0.137884 -0.289968 0.956805 -0.021043 -0.138031 -0.020053 0.990225
-14.762711 -24.213305 -574.940414 -368.615299 0.965654 0.242783 0.092567 -0.239376 0.969815 -0.046456 -0.101052 0.022702 0.994622
-15.507970 -24.807231 -656.794869 -61.584304 0.950301 0.297566 0.091554 -0.281092 0.946485 -0.158597 -0.133848 0.124980 0.983089
-16.952593 -24.066197 -556.899893 354.811901 0.984327 0.169557 0.048487 0.165246 -0.982818 0.082237 -0.061598 0.072936 0.995433
-16.008422 -23.344004 -451.270283 -301.520061 0.996808 0.065294 0.045936 -0.065240 0.997866 -0.002663 -0.046012 -0.000342 0.998941
-2.712851 -46.121871 -963.909644 -154.338459 -0.437075 0.726539 0.530195 0.047338 0.607247 -0.793102 0.898178 0.321547 0.299805
-4.275558 -44.792831 76.549309 380.504987 -0.466637 0.701608 0.538512 0.173339 0.669608 -0.722204 0.867297 0.243662 0.434080
-3.167773 -46.835185 -185.328434 844.884241 -0.450435 0.716761 0.532317 0.066464 0.621493 -0.780595 0.890332 0.316227 0.327581
-2.196902 -48.027421 -596.342671 -1030.222841 -0.437752 0.721272 0.536787 -0.052104 0.575675 -0.816017 0.897585 0.385182 0.214422
-11.284716 -19.681304 -7383.305019 -233.058244 -0.141523 0.568716 -0.810268 0.773680 0.574166 0.267867 0.617568 -0.588979 -0.521262
-18.219910 -30.597063 -890.671997 -1543.849137 0.732976 0.664486 0.145618 -0.357062 0.558021 -0.749079 0.579011 -0.497062 -0.646278
-13.541557 -18.469980 561.440546 -5130.987059 0.611535 0.789181 -0.056727 -0.463845 0.299502 -0.833754 0.640994 -0.536182 -0.549214
83.605972 -14.672803 -29497.063239 -99.798868 -0.117426 0.524585 -0.843221 0.751236 0.602256 0.270059 0.649504 -0.601746 -0.464808
114.690839 -21.755503 -36391.725895 481.147975 -0.191118 0.447659 -0.873542 0.753835 0.636915 0.161468 0.628655 -0.627647 -0.459187
5921.687366 -248581.499060 -3790091.102502 80677727.253055 0.543845 0.003933 -0.839176 0.833850 0.110053 0.540909 0.094482 -0.993918 0.056572
-136.357602 -333.723376 46015.632830 -80944.562172 0.207800 0.886892 0.412604 0.229915 0.365709 -0.901885 0.950767 -0.282275 0.127915
-169.170093 -2014.636461 50353.194981 -606618.075862 0.329920 0.930564 -0.158755 -0.231154 -0.083416 -0.969335 0.915271 -0.356500 -0.187583
-69.505749 -314.277721 -4877.803387 -3975.374815 0.526900 0.755549 0.389260 -0.030712 0.474617 -0.879656 0.849373 -0.451536 -0.273280
-31.329636 -475.995491 6274.082929 -127160.389711 0.258030 0.960363 -0.105466 -0.427835 0.015705 -0.903721 0.866244 -0.278309 -0.414929
65.616843 -2373.702991 -11471.951529 -749463.451015 0.985353 0.135319 -0.103769 -0.020428 0.697811 0.715990 -0.169298 0.703383 -0.690355
-36.953022 -326.869023 -6867.448675 -73650.417146 0.937510 -0.026263 -0.346966 0.247263 0.751863 0.611198 -0.244819 0.658796 -0.711373
-46.160960 -420.421246 -11206.200408 -96692.622808 0.971737 0.019718 -0.235240 0.208888 0.392372 0.895773 -0.109964 0.919595 -0.377164
-62.030393 -158.836707 -11868.185039 -28071.352974 0.924559 -0.101320 -0.367322 0.262394 0.868307 0.420943 -0.276298 0.485569 -0.829386
-26.922286 -93.745834 -1747.200637 3805.968031 0.885025 -0.348008 -0.309228 0.072547 0.759210 -0.646790 -0.459857 -0.549992 -0.697166
-25.400134 -84.916622 -500.649399 5399.412194 0.911756 -0.339149 -0.231686 0.196238 0.855232 -0.479655 -0.360820 -0.391862 -0.846317
-29.177169 -94.604793 -267.158999 5359.827988 0.944759 -0.249767 -0.212244 0.094724 0.827974 -0.552708 -0.313781 -0.502071 -0.805895
-24.288887 -88.314129 -2748.336630 -3021.894873 0.834209 -0.402032 -0.377445 -0.108049 0.552030 -0.826794 -0.540759 -0.730502 -0.417069
-20.391319 -86.109571 -1591.277391 2013.754595 0.835771 -0.426571 -0.345722 0.084112 0.721675 -0.687103 -0.542597 -0.545182 -0.639035
-30.530052 -41.977850 1279.454375 148.370102 0.497784 0.792489 0.352382 -0.483652 -0.083612 0.871258 -0.719925 0.604128 -0.341668
-31.596662 -41.720645 810.955386 21.163798 0.458238 0.832589 0.311150 -0.554381 -0.005902 0.832242 -0.694752 0.553860 -0.458866
-31.607156 -42.246411 25.551077 221.589825 0.405654 0.860482 0.308245 -0.488127 -0.081177 0.868989 -0.772772 0.502971 -0.387095
-30.324892 -42.542283 1047.627677 165.783156 0.512824 0.778808 0.361205 -0.583540 0.007623 0.812049 -0.629677 0.627216 -0.458374
-31.450955 -42.833691 1017.269779 -389.941095 0.436848 0.810562 0.390067 -0.413373 -0.204239 0.887361 -0.798928 0.548885 -0.245844
-28.451525 -41.849076 1230.799346 -24.244362 0.529038 0.744076 0.408008 -0.422448 -0.186065 0.887084 -0.735973 0.641663 -0.215898
-28.515452 -42.487516 1475.295417 366.754138 0.542682 0.736786 0.403290 -0.522441 -0.079866 0.848927 -0.657686 0.671393 -0.341585
-1.758976 -56.872462 -8066.585209 9171.955386 -0.535634 0.760532 0.366999 0.623018 0.062533 0.779704 0.570040 0.646283 -0.507320
14.541073 -38.274160 3828.621006 24.802414 0.819138 -0.532063 -0.214292 0.449921 0.364268 0.815401 0.355786 0.764341 -0.537773
4.378187 -36.055949 6022.681341 -78.320099 0.726655 -0.653756 -0.211128 0.546208 0.363380 0.754726 0.416688 0.663746 -0.621139
1.585365 -38.700830 -4760.957834 -1453.217198 -0.600930 0.727321 0.331493 0.726000 0.323171 0.607029 0.334376 0.605446 -0.722238
-6.791923 -35.955626 -8750.897127 659.995228 -0.847508 0.214674 -0.485433 0.295171 0.950720 -0.094896 0.441139 -0.223711 -0.869109
-9.567430 -37.125847 -7816.545775 494.553383 -0.812572 0.317621 -0.488716 0.427966 0.894350 -0.130320 0.395691 -0.315049 -0.862655
-30.087250 -40.449481 -4954.009349 1466.187111 -0.765806 0.503256 -0.400342 0.550379 0.834908 -0.003275 0.332601 -0.222848 -0.916360
20.611552 -32.580601 -10663.331399 64.219648 -0.853375 0.183170 -0.488056 0.292621 0.943137 -0.157687 0.431421 -0.277382 -0.858450
17.728628 -32.625147 -11802.447594 477.765282 -0.858131 0.121811 -0.498772 0.177045 0.982070 -0.064761 0.481941 -0.143878 -0.864310
-4.989893 -40.105896 -115.919820 389.611824 -0.902471 0.013083 -0.430552 0.062433 0.992957 -0.100693 0.426202 -0.117753 -0.896932
-5.666405 -38.681913 -141.922637 233.286282 -0.910629 0.028021 -0.412273 0.069151 0.993963 -0.085183 0.407397 -0.106080 -0.907069
-5.120846 -40.229972 -3.564052 630.575409 -0.905079 0.037366 -0.423599 0.050946 0.998485 -0.020776 0.422181 -0.040384 -0.905612
-4.975098 -41.987622 -87.743613 -718.583197 -0.899641 0.053911 -0.433289 0.053305 0.998486 0.013558 0.433364 -0.010899 -0.901153
-4.428291 -43.468568 -182.616764 -300.759509 -0.891432 0.048813 -0.450517 0.061780 0.997990 -0.014113 0.448922 -0.040414 -0.892656
-4.147939 -40.724401 -263.936996 759.374879 -0.891705 0.007724 -0.452551 0.075485 0.988389 -0.131865 0.446278 -0.151745 -0.881935
-4.423101 -37.245121 291.136722 -748.265294 -0.911806 -0.019673 -0.410150 0.103154 0.955846 -0.275170 0.397454 -0.293210 -0.869516
-3.492972 -48.960433 -28.070418 -443.559718 -0.864908 0.021350 -0.501476 0.077862 0.992708 -0.092026 0.495854 -0.118640 -0.860263
-4.090570 -50.447432 -130.571602 -813.221382 -0.857236 0.005985 -0.514890 0.092180 0.985563 -0.142014 0.506606 -0.169202 -0.845412
-3.890337 -45.627863 -414.293194 1074.441803 -0.856579 0.007361 -0.515963 0.117632 0.976356 -0.181358 0.502429 -0.216042 -0.837193
-3.397024 -46.234958 68.560666 399.227002 -0.873566 0.013890 -0.486507 0.085687 0.988369 -0.125639 0.479103 -0.151441 -0.864596
-9.446367 -65.899715 -421.064914 4067.809108 0.870029 0.133026 0.474714 0.488748 -0.106546 -0.865894 0.064608 -0.985369 0.157714
-11.846731 -73.912594 -307.009591 1043.539365 0.894195 0.146369 0.423073 0.447228 -0.334386 -0.829562 -0.020048 -0.931001 0.364467
-9.551489 -70.799842 -502.585963 964.219385 0.889347 0.115869 0.442309 0.453514 -0.346679 -0.821060 -0.058204 -0.930800 0.360866
-6.751309 -66.517483 -976.310172 1911.614147 0.880809 0.083672 0.466019 0.469941 -0.274459 -0.838944 -0.057707 -0.957951 0.281068
-6.256507 -60.013236 -993.221187 3770.941392 0.860545 0.088757 0.501582 0.508538 -0.093284 -0.855972 0.029184 -0.991675 0.125412
-6.581828 -52.928249 -774.094844 4674.753437 0.844646 0.103665 0.525193 0.521416 0.062874 -0.850983 0.121238 -0.992623 0.000947
-7.970923 -51.391330 -391.179450 5346.073243 0.841559 0.138652 0.522067 0.509824 0.115478 -0.852493 0.178487 -0.983586 -0.026494
-9.456713 -59.695022 103.563668 5619.739118 0.865043 0.173577 0.470714 0.469033 0.053213 -0.881576 0.178069 -0.983382 0.035381
5.827027 -70.766855 -2256.520975 -4193.354279 0.802208 0.113155 0.586224 0.374504 -0.860061 -0.346472 -0.464983 -0.497485 0.732324
2.161123 -72.083144 -1518.123051 -3393.395928 0.823871 0.073292 0.562019 0.363672 -0.828918 -0.425014 -0.434718 -0.554547 0.709576
-0.089622 -62.474388 -1473.568539 2710.979738 0.818666 0.079196 0.568783 -0.285204 0.915735 0.282997 -0.498443 -0.393899 0.772268
4.929300 -61.922518 -432.953929 728.112226 0.882228 0.007591 0.470761 0.468792 0.078593 -0.879805 0.043677 -0.996878 -0.065778
2.933549 -62.718037 -392.646460 1089.423045 0.884671 -0.006263 0.466175 0.464182 0.105144 -0.879477 0.043507 -0.994437 -0.095925
2.534103 -67.513448 -609.114396 3074.879517 0.885510 -0.013520 0.464423 0.463033 -0.056860 -0.884515 -0.038366 -0.998291 0.044090
0.529518 -68.902181 -680.613555 2846.262611 0.895136 -0.018000 0.445430 0.444644 -0.035678 -0.894997 -0.032002 -0.999201 0.023933
4.700587 -66.751563 -318.645289 3267.897394 0.878566 0.021336 0.477143 0.477392 -0.070068 -0.875892 -0.014744 -0.997314 0.071745
0.796390 -74.059745 -22.007698 3018.262885 0.885463 0.010765 0.464585 0.446303 -0.298276 -0.843709 -0.129492 -0.954419 0.268917
0.087524 -72.881998 -563.673827 3829.203774 0.895373 -0.021478 0.444799 0.430751 -0.211610 -0.877311 -0.112967 -0.977118 0.180218
-7.072992 -40.932044 551.384305 214.691251 0.917358 0.094729 0.386627 0.354746 0.246062 -0.902002 0.180580 -0.964614 -0.192123
-5.244240 -40.237726 143.731186 409.796873 0.931955 0.118192 0.342768 0.278150 0.373361 -0.885005 0.232577 -0.920126 -0.315080
-5.173891 -39.527655 183.235867 261.976499 0.919600 0.115169 0.375596 0.337061 0.259822 -0.904921 0.201807 -0.958764 -0.200113
-5.874217 -39.624305 488.514413 -54.519667 0.901948 0.116580 0.415811 0.401257 0.129687 -0.906738 0.159633 -0.984678 -0.070192
2.273612 -36.162233 55.183972 -401.595578 0.993531 0.113043 0.010807 -0.086419 0.690918 0.717749 -0.073670 0.714040 -0.696218
4.494434 -37.133487 -1099.771776 -51.042157 0.996018 0.082871 -0.032879 -0.026310 0.625570 0.779724 -0.085185 0.775754 -0.625259
4.498801 -37.051939 -575.192292 -76.032389 0.992125 0.125234 0.002188 -0.074065 0.572496 0.816555 -0.101008 0.810287 -0.577263
1.926931 -36.197724 -903.161424 -398.068011 0.996422 0.077081 -0.034652 -0.032539 0.728323 0.684461 -0.077997 0.680885 -0.728226
3.996759 -98.942967 -347.352096 2547.779340 0.841057 -0.383881 0.381127 -0.040279 -0.747043 -0.663555 -0.539444 -0.542736 0.643768
4.931984 -95.855141 -506.105013 -710.712889 0.845049 -0.374252 0.381874 0.166527 0.862893 0.477164 -0.508096 -0.339634 0.791509
6.036378 -99.093672 -413.681016 -818.342370 0.844562 -0.388176 0.368828 0.071705 0.764595 0.640510 -0.530635 -0.514503 0.673582
4.688461 -100.784449 51.436302 -54.331770 0.858907 -0.384588 0.338187 0.055249 -0.586915 -0.807761 -0.509143 -0.712476 0.482858
4.147202 -98.280440 -40.600365 1508.990975 0.846611 -0.393658 0.358167 0.070984 -0.583444 -0.809045 -0.527457 -0.710371 0.466007
5.846046 -101.218331 0.808657 1607.942868 0.867620 -0.375573 0.325853 -0.040444 -0.706474 -0.706583 -0.495580 -0.599867 0.628141
7.194399 -101.600451 148.823022 -808.815010 0.866767 -0.374346 0.329514 0.190400 0.859074 0.475120 -0.460936 -0.349079 0.815893
-9.650638 -61.027651 320.970608 1286.914461 0.962344 -0.066249 0.263640 -0.194017 -0.846697 0.495441 -0.190401 0.527935 0.827667
-9.291142 -63.399528 499.670547 226.877470 0.961294 -0.071379 0.266116 -0.232382 -0.728959 0.643909 -0.148026 0.680826 0.717331
-10.420680 -61.083615 590.524617 1162.622040 0.955420 -0.062927 0.288466 -0.211512 -0.827553 0.520018 -0.205998 0.557849 0.803971
-10.545362 -58.965244 492.956881 1576.806313 0.953197 -0.063370 0.295636 -0.171078 -0.919253 0.354550 -0.249296 0.388533 0.887070
0.555433 -24.716508 56.947010 -1393.896736 0.968444 0.225761 0.105585 -0.236488 0.966122 0.103353 0.078675 0.125061 -0.989025
2.834557 -21.323760 -205.879523 -826.594460 -0.936141 -0.331842 -0.116283 -0.338624 0.939898 0.043877 0.094734 0.080452 -0.992246
-0.620515 -25.097871 310.652355 -1672.406826 0.950381 0.287632 0.118508 -0.300916 0.946608 0.115684 0.078906 0.145605 -0.986191
-5.268100 -101.639719 942.406649 7545.014508 0.851184 -0.515901 0.096598 0.328287 0.666892 0.668941 0.409528 0.537681 -0.737012
-6.927134 -114.347946 -882.357749 11290.010346 0.843904 -0.536140 0.019496 0.402017 0.656018 0.638767 0.355258 0.531220 -0.769154
-4.725170 -93.110266 72.523850 3120.798723 0.856755 -0.514409 0.036793 0.290276 0.539967 0.790048 0.426274 0.666198 -0.611940
0.613836 -89.820280 1803.184641 -1797.193966 0.867392 -0.487390 0.100412 0.232918 0.575953 0.783599 0.439750 0.656300 -0.613099
-1.404065 -94.297487 2360.426206 3067.562122 0.866058 -0.475718 0.153739 0.267859 0.701183 0.660753 0.422131 0.531070 -0.734691
-6.991319 -117.456507 2018.121253 13315.906408 0.860598 -0.485459 0.153952 0.357424 0.791064 0.496454 0.362794 0.372221 -0.854302
-20.806711 -138.594493 5742.947278 37765.172043 -0.592469 0.804170 -0.047875 -0.797155 -0.593805 -0.109265 0.116297 0.026572 -0.992859
-20.364220 -65.478002 1012.092784 20718.080598 -0.924465 -0.250601 -0.287340 -0.294144 0.948284 0.119316 0.242579 0.194823 -0.950368
-4.709159 -40.736262 8863.983434 -3033.082414 0.300986 0.906525 0.296007 0.944652 -0.325915 0.037577 0.130537 0.268313 -0.954446
-27.896824 -100.634315 7271.930590 33729.918410 0.900733 0.317395 0.296546 -0.385140 0.899265 0.207341 0.200865 0.300971 -0.932239
-52.652206 -1930.564677 -6641.683828 679051.788430 -0.421103 0.904392 0.068903 -0.732576 -0.383926 0.562079 -0.534793 -0.186216 -0.824208
95.533403 -3573.404938 -15565.151166 1659058.979085 -0.587345 0.788750 -0.181383 -0.175852 -0.343131 -0.922680 0.790001 0.510035 -0.340239
104.828890 -2292.963744 -16480.920386 -660121.269613 -0.519391 0.847895 0.106334 0.819472 0.458927 0.343295 0.242279 0.265442 -0.933189
-8.369524 -32.588119 -186.225220 -165.564977 0.991576 -0.126573 -0.027515 -0.065541 -0.673502 0.736274 0.111724 0.728268 0.676124
-7.847484 -33.293105 -70.570377 -6.365845 0.994469 -0.104951 -0.004118 -0.065341 -0.648885 0.758075 0.082233 0.753613 0.652154
-8.089535 -32.499339 -373.335529 591.084250 0.993175 -0.116434 0.006863 -0.092119 -0.746962 0.658454 0.071540 0.654592 0.752590
-8.767490 -31.228140 -404.684896 -185.708948 0.984873 -0.173161 -0.006312 -0.122933 -0.723945 0.678816 0.122114 0.667771 0.734282
-13.772185 -29.193513 486.800598 -35.476046 0.910874 0.318953 0.261873 -0.190232 -0.238608 0.952301 -0.366224 0.917243 0.156667
-12.695521 -27.983656 442.941124 324.263594 0.902909 0.322569 0.284084 -0.162522 -0.355651 0.920380 -0.397921 0.877190 0.268696
-12.334392 -28.144861 1321.366040 215.746481 0.912263 0.255086 0.320481 -0.228820 -0.331573 0.915260 -0.339732 0.908290 0.244113
-11.290259 -31.566785 2198.996637 -742.264374 0.679222 0.716304 0.159894 -0.417041 0.555953 -0.719023 0.603932 -0.421694 -0.676343
42.581281 -161.353927 1061.204197 -30627.759857 0.026044 0.931700 0.362294 0.083594 0.359118 -0.929541 0.996160 -0.054494 0.068532
-99.733517 -486.279643 -13544.651512 -11054.298096 0.034333 -0.614176 -0.788422 0.159818 0.782109 -0.602299 0.986549 -0.105326 0.125008
-174.468549 -375.125455 99713.235434 -67058.863929 0.001751 0.929469 0.368897 -0.514591 0.317143 -0.796628 0.857434 0.188436 -0.478852
-155.413900 -241.613550 19173.197284 12961.885158 0.620063 -0.035620 -0.783743 0.399937 0.873777 0.276701 0.674961 -0.485020 0.556043
-190.227517 -298.798190 22760.123924 14529.559052 0.693239 0.061157 -0.718108 0.028755 0.993253 0.112348 0.720133 -0.098533 0.686803
-157.063574 -262.794901 -7600.362990 -775.840202 0.911377 0.018617 -0.411152 0.116839 0.946174 0.301834 0.394640 -0.323123 0.860146
-34.163540 -61.290835 641.714074 -4611.325891 0.913145 -0.381066 -0.144755 -0.153009 0.008729 -0.988186 -0.377828 -0.924507 0.050336
-37.481444 -55.479817 -519.149886 -1734.271249 0.777497 -0.438734 -0.450567 -0.396538 0.214068 -0.892711 -0.488114 -0.872747 0.007537
-30.621929 -48.384950 64.122024 3069.990923 0.542439 -0.444565 -0.712827 0.701051 -0.228006 0.675678 -0.462911 -0.866242 0.187984
-42.974923 -54.906063 -1104.225501 1117.847851 0.771763 -0.487350 -0.408500 -0.142496 0.493514 -0.857986 -0.619739 -0.720371 -0.311430
-42.614517 -53.036927 1031.354345 608.491329 -0.752004 0.405329 0.519806 -0.121008 0.690297 -0.713335 -0.647956 -0.599331 -0.470058
-38.332735 -51.983611 1791.685686 -520.671541 0.803946 -0.219002 -0.552910 -0.187487 0.788978 -0.585117 -0.564376 -0.574066 -0.593235
39.555798 -79.059418 -5985.268045 4719.939392 0.856311 -0.183719 0.482678 0.106241 0.977264 0.183491 -0.505414 -0.105845 0.856360
19.366346 -69.968734 -3709.073035 8546.108856 0.811729 -0.251100 0.527300 0.264748 0.962968 0.051010 -0.520582 0.098195 0.848147
16.788018 -52.807025 -4705.091443 7367.085895 0.837324 -0.177422 0.517117 0.276498 0.953418 -0.120593 -0.471632 0.243957 0.847377
21.122374 -29.262630 -3210.591696 489.919697 0.878519 -0.291890 0.378160 0.309854 -0.254323 -0.916139 -0.363586 -0.922020 0.132985
31.153135 -30.869122 -2061.826944 209.907491 0.916408 -0.215791 0.337091 0.259167 -0.321878 -0.910619 -0.305006 -0.921862 0.239046
24.872290 -29.392738 -78.422458 340.488218 0.941757 -0.154359 0.298777 0.262574 -0.217588 -0.940058 -0.210117 -0.963758 0.164385
-7.645906 -36.241205 2565.287696 -381.635344 0.988619 -0.139195 0.057073 -0.020209 -0.498809 -0.866477 -0.149078 -0.855462 0.495945
1.797908 -36.302950 3026.948878 -573.160095 0.986598 -0.162781 -0.011277 -0.085331 -0.455806 -0.885979 -0.139080 -0.875068 0.463587
-1.190270 -33.649709 -193.028193 312.166591 0.554284 -0.572212 -0.604436 -0.249833 0.578333 -0.776604 0.793948 0.581467 0.177604
4.810320 -51.645614 -827.556671 -1069.468135 -0.453653 0.691105 0.562648 0.629001 -0.198945 0.751518 0.631314 0.694834 -0.344453
-6.184433 -62.893542 -249.816240 -2636.008487 0.962456 0.139460 -0.232872 -0.138440 -0.485745 -0.863068 0.233480 -0.862904 0.448201
-5.553615 -71.281111 -398.565483 -1413.987288 0.960658 0.139755 -0.240011 -0.194967 -0.276110 -0.941143 0.197799 -0.950911 0.238000
-5.003223 -65.542225 1017.464142 -1605.254811 0.949642 0.181018 -0.255758 -0.165350 -0.403825 -0.899769 0.266156 -0.896749 0.353558
-6.177184 -65.715264 -651.570180 -2040.390109 0.970977 0.113365 -0.210601 -0.142523 -0.432874 -0.890117 0.192072 -0.894298 0.404153
-6.305431 -60.035970 747.032282 -1777.631064 0.952454 0.168824 -0.253634 -0.103733 -0.603042 -0.790936 0.286481 -0.779640 0.556857
-6.229055 -61.144428 -667.385734 -2244.072942 0.969158 0.127691 -0.210781 -0.088771 -0.616999 -0.781941 0.229899 -0.776535 0.586634
-13.697305 -49.978814 -42.428729 -2924.880808 0.762985 -0.322932 -0.559972 -0.572488 0.064711 -0.817356 -0.300186 -0.944207 0.135501
-15.154821 -42.958896 -151.532570 -1458.422601 0.796525 -0.280093 -0.535813 -0.578128 -0.093457 -0.810576 -0.176962 -0.955413 0.236370
-13.365087 -17.535160 -2249.984318 -808.271848 0.236472 -0.850193 0.470376 0.952034 0.299496 0.062716 -0.194196 0.432984 0.880235
-13.201959 -14.951016 -2305.312246 -790.971011 0.206999 -0.859351 0.467619 0.947259 0.295569 0.123854 -0.244648 0.417319 0.875210
-15.940304 -17.475505 -785.896963 -1705.526469 0.934180 0.347879 0.079304 0.283651 -0.858910 0.426399 -0.216450 0.375839 0.901052
-18.305542 -19.762744 -817.453421 -1293.041307 0.966679 0.246863 0.067750 0.203609 -0.901870 0.381017 -0.155160 0.354527 0.922082
-15.644480 -21.877180 -877.084165 -705.905198 0.946362 0.302134 0.114513 0.246743 -0.904601 0.347584 -0.208605 0.300685 0.930630
17.989973 -36.960883 1131.427429 5157.369098 0.563724 0.023795 -0.825620 0.822361 0.077086 0.563720 0.077058 -0.996740 0.023887
-1.374085 -76.174173 535.116108 2696.039681 0.965577 -0.075963 -0.248778 0.259653 0.338564 0.904408 -0.015526 0.937872 -0.346634
-4.637326 -81.240586 882.933867 3213.202543 0.972390 -0.067353 -0.223432 0.225836 0.512797 0.828273 -0.058788 0.855864 -0.513850
-4.895685 -81.254767 608.149552 -332.278045 -0.333050 -0.702851 0.628552 -0.338087 0.711300 0.616238 -0.880213 -0.007267 -0.474524
-5.386347 -80.011057 200.828355 1204.333315 0.343006 0.723773 -0.598748 -0.535738 0.674318 0.508213 -0.771577 -0.146452 -0.619048
-4.752925 -78.385171 -61.087983 3675.645236 0.340935 0.704821 -0.622086 -0.513797 0.693859 0.504552 -0.787259 -0.147606 -0.598695
-0.810639 -14.826815 -3384.212190 265.161151 0.535449 -0.254847 -0.805200 0.836883 0.288424 0.465230 0.113677 -0.922965 0.367714
24.781928 -45.380048 -355.555796 -502.167224 -0.411326 -0.792867 0.449636 0.911483 -0.356165 0.205778 -0.003010 0.494477 0.869185
223.849417 -1576.771896 -45981.939171 418075.941060 0.487084 0.339794 -0.804543 0.721062 0.363303 0.589983 0.492766 -0.867497 -0.068053
-24.266582 -58.232737 5183.770005 8910.195018 0.728324 0.534269 0.429071 0.204357 0.428319 -0.880217 0.654051 -0.728766 -0.202774
-3.812997 -71.903679 -14094.127660 -28856.851484 0.473454 0.310936 -0.824112 0.852011 0.075658 0.518028 0.223424 -0.947415 -0.229100
33.097650 -529.559492 -2874.563720 155120.605796 0.695243 0.645141 -0.316907 0.255931 -0.634195 -0.729587 0.671667 -0.426134 0.606031
2.327357 -39.315844 338.244008 2231.607679 -0.167497 0.866490 -0.470254 0.883164 0.343862 0.319030 -0.438139 0.361875 0.822849
-0.297738 -38.069165 -678.623583 1883.400092 0.012379 0.917224 -0.398180 0.922228 0.143426 0.359060 -0.386448 0.371657 0.844114
-6.440810 -33.021585 -97.934611 1559.302887 0.065910 -0.894383 0.442419 0.950349 0.191405 0.245359 -0.304126 0.404281 0.862592
8.939670 -44.961336 -822.292440 2354.280386 0.013362 0.917733 -0.396973 0.860793 0.191450 0.471575 -0.508780 0.348013 0.787420
14.245618 -48.260634 800.652283 2237.317247 -0.155622 0.872418 -0.463324 0.788292 0.392341 0.473988 -0.595297 0.291471 0.748777
-11.979393 -25.390741 -620.940591 -306.057804 0.923803 0.348889 0.157685 -0.334481 0.935838 -0.111040 -0.186309 0.049837 0.981226
-10.737977 -25.386794 -381.473208 -169.729115 0.923301 0.340758 0.177201 -0.334135 0.940148 -0.066901 -0.189392 0.002561 0.981898
-10.732090 -24.383927 -276.343670 -314.361696 0.939725 0.298154 0.167396 -0.305806 0.951854 0.021350 -0.152971 -0.071254 0.985659
-11.377821 -22.903005 -296.966570 372.707182 0.965670 0.219791 0.138470 0.233059 -0.968464 -0.088095 -0.114740 -0.117342 0.986441
-4.081978 -45.748313 -118.417472 1167.090955 -0.447285 0.706849 0.547997 0.171267 0.669056 -0.723210 0.877841 0.229627 0.420318
-4.453292 -44.697244 -402.788204 -868.574276 0.467804 -0.698103 -0.542043 0.292499 0.701013 -0.650404 0.834028 0.145714 0.532132
110.592007 -1224.390304 157510.303448 -1577536.549662 0.180931 0.972999 0.143307 0.939804 -0.128099 -0.316794 0.289882 -0.191999 0.937606
-159.459643 -565.348203 44920.402406 -322217.222854 0.450317 0.884030 0.125319 0.261310 0.003724 -0.965248 0.853775 -0.467415 0.229329
-172.144715 -276.188525 -11992.114808 -43763.042294 -0.067032 0.809691 0.583015 0.963923 -0.098310 0.247360 0.257601 0.578563 -0.773891
-172.017594 -232.629490 10125.911867 -8140.920493 -0.526091 0.779462 0.340099 0.602811 0.059701 0.795648 0.599873 0.623598 -0.501276
-146.787972 -219.579975 -14803.883101 -8393.782659 -0.078314 0.942142 0.325939 -0.700935 0.180452 -0.690020 0.708913 0.282500 -0.646248
-108.978117 -226.096399 -11354.236048 36546.461504 0.194551 0.911788 0.361653 -0.931841 0.286935 -0.222127 0.306304 0.293788 -0.905465
-136.977341 -288.160686 -15743.113315 -62443.331034 0.190405 0.882536 0.429973 0.978653 -0.136124 -0.153978 -0.077361 0.450113 -0.889614
-30.549725 -41.379151 430.235885 -372.162324 0.389585 0.839864 0.377957 -0.682169 -0.012569 0.731087 -0.618764 0.542651 -0.568032
-18.228103 -40.456979 181.529317 1272.575433 0.880443 -0.230608 -0.414294 0.473770 0.462886 0.749185 -0.019003 0.855895 -0.516800
-17.295753 -48.422028 -3073.212041 -4271.410080 0.744268 -0.288818 -0.602204 0.649296 0.524124 0.551099 -0.156462 0.801173 -0.577617
-15.464843 -37.955622 347.314804 -2698.385932 0.882613 -0.208527 -0.421320 0.452373 0.620546 0.640532 -0.127880 0.755936 -0.642034
-20.784799 -43.576621 -2144.662246 4417.698013 0.780438 -0.311708 -0.541991 0.621242 0.288814 0.728454 0.070530 0.905221 -0.419048
-19.738123 -37.268667 3231.589850 -448.492139 0.912833 -0.177967 -0.367510 0.402692 0.541435 0.738029 -0.067638 0.821691 -0.565906
-20.342499 -37.979120 2902.716252 656.134934 0.874264 -0.228146 -0.428501 0.485449 0.413476 0.770309 -0.001432 0.881469 -0.472240
-31.475014 -37.559439 -5028.134026 485.283179 -0.929851 0.018880 -0.367452 0.039233 0.998077 -0.048000 0.365839 -0.059049 -0.928803
-39.333973 -44.634060 1078.894625 -2022.632919 0.389254 0.910837 0.137322 -0.891910 0.409946 -0.190894 0.230168 0.048173 -0.971958
-23.039682 -36.776390 -5889.239434 -16.576078 -0.909753 -0.105777 -0.401447 -0.110485 0.993811 -0.011478 0.400177 0.033912 -0.915810
-5.836793 -34.428453 -9066.071532 262.634578 -0.873993 0.069880 -0.480887 0.082895 0.996541 -0.005847 0.478815 -0.044973 -0.876763
4.438732 -104.361393 961.249384 -914.939110 0.883459 -0.376527 0.278796 -0.051494 -0.669505 -0.741021 -0.465669 -0.640306 0.610869
4.750226 -97.120258 -140.006331 -771.861511 0.866909 -0.391191 0.308930 -0.004440 -0.625798 -0.779973 -0.498446 -0.674794 0.544247
5.723998 -96.501757 8.529274 1907.700484 0.869637 -0.380022 0.315142 -0.090882 -0.750658 -0.654411 -0.485254 -0.540459 0.687337
5.945504 -101.464637 97.737505 1187.611650 0.874138 -0.380081 0.302360 0.183632 0.834986 0.518727 -0.449624 -0.397916 0.799688
2.796843 -98.115710 1262.981605 -1395.217490 0.892976 -0.367088 0.260462 -0.159453 -0.799140 -0.579612 -0.420915 -0.476048 0.772146
-6.247384 -36.797557 -422.016014 -58.539113 -0.916255 0.030601 -0.399425 0.089840 0.987377 -0.130442 0.390392 -0.155402 -0.907438
-5.791850 -36.172726 -384.212174 -893.202008 -0.915775 -0.007789 -0.401615 0.108108 0.958143 -0.265094 0.386870 -0.286184 -0.876602
-6.347143 -35.367863 -394.593390 -1237.066018 -0.925724 -0.005519 -0.378158 0.116749 0.946889 -0.299617 0.359728 -0.321512 -0.875914
-5.907170 -35.139724 337.596283 -1033.296160 0.923272 0.031765 0.382831 0.123321 0.919318 -0.373693 0.363814 -0.392232 -0.844863
-5.689235 -35.574924 -34.677026 -798.017739 0.920443 0.041441 0.388675 0.120464 0.915889 -0.382931 0.371852 -0.399288 -0.838031
-3.684504 -52.195493 61.111837 -1049.998336 -0.852235 0.007505 -0.523105 0.075446 0.991208 -0.108694 0.517690 -0.132099 -0.845309
-3.779606 -52.068498 -57.254141 -1004.639725 -0.854250 0.027189 -0.519150 0.028109 0.999586 0.006098 0.519101 -0.009383 -0.854661
-3.148034 -51.247187 -182.495554 954.989066 -0.842361 0.022643 -0.538438 -0.050511 0.991401 0.120714 0.536542 0.128882 -0.833974
-3.054637 -53.000990 103.146287 -1030.307218 -0.843696 0.003533 -0.536810 0.040572 0.997538 -0.057200 0.535286 -0.070039 -0.841762
-2.404842 -49.122501 -262.571936 2278.842701 -0.850336 0.074103 -0.520996 -0.117009 0.938628 0.324480 0.513066 0.336878 -0.789478
-2.479206 -50.133884 231.818180 2127.243108 -0.851789 0.037822 -0.522518 -0.140289 0.944497 0.297060 0.504752 0.326336 -0.799206
-2.747117 -51.953623 170.535086 1362.364312 -0.844090 0.017487 -0.535917 -0.089699 0.980779 0.173282 0.528646 0.194336 -0.826297
-10.195622 -73.767208 -797.787739 -1592.828780 0.909156 0.100801 0.404073 0.388069 -0.557144 -0.734161 -0.151122 -0.824275 0.545649
-12.773979 -76.955233 -468.401095 -1652.391270 0.913470 0.138748 0.382519 0.393844 -0.537748 -0.745462 -0.102268 -0.831611 0.545862
-5.854024 -53.392220 -599.634476 -262.552664 0.925047 0.089542 0.369147 -0.377641 0.321497 0.868347 0.040927 0.942667 -0.331215
-6.348587 -55.206907 -458.618326 -32.650057 0.928829 0.067885 0.364236 -0.369541 0.240723 0.897492 0.026754 0.968217 -0.248676
-6.199281 -57.125045 -393.678578 762.458862 0.923607 0.065606 0.377684 -0.368872 0.420221 0.829064 0.104319 0.905047 -0.412319
-6.935237 -55.664119 -175.377698 202.841835 0.929788 0.034436 0.366481 -0.363090 0.249436 0.897746 0.060499 0.967779 -0.244426
-5.269274 -56.308870 -412.804105 391.818190 0.923608 0.087000 0.373336 -0.366979 0.482156 0.795520 0.110796 0.871755 -0.477250
-7.203557 -56.630791 43.338491 150.428686 0.920085 0.035013 0.390151 -0.368146 0.417594 0.830713 0.133839 0.907959 -0.397112
-5.862423 -60.712885 -584.144172 2486.704689 0.922195 0.083219 0.377665 -0.356997 0.558676 0.748621 0.148693 0.825200 -0.544917
-6.299464 -60.162429 -208.243022 1940.487922 0.915711 0.060483 0.397259 -0.362181 0.552461 0.750741 0.174063 0.831342 -0.527800
4.515695 -58.145023 -208.602939 -556.057176 0.882874 0.010421 0.469494 0.453659 0.239423 -0.858411 0.121353 -0.970859 -0.206653
2.590234 -57.774982 -266.683847 127.940551 0.885388 -0.000625 0.464853 0.446297 0.280865 -0.849667 0.130030 -0.959747 -0.248953
0.338255 -61.952488 -686.854164 880.515159 0.892402 -0.014878 0.450995 0.448609 0.137037 -0.883160 0.048664 -0.990454 -0.128966
-8.852073 -37.410014 266.210461 730.753010 0.932527 -0.176675 0.314928 -0.265202 0.256820 0.929361 0.245075 0.950173 -0.192637
-7.879647 -35.308212 727.685155 -1602.527841 0.925579 -0.195969 0.323883 -0.220364 0.416749 0.881907 0.307804 0.887647 -0.342549
-10.285409 -37.267846 -128.445744 396.427001 0.945282 -0.153445 0.287918 -0.233641 0.297569 0.925670 0.227715 0.942288 -0.245435
-9.383969 -38.734068 95.978492 726.979198 0.949265 -0.154759 0.273762 -0.252491 0.143876 0.956843 0.187468 0.977420 -0.097501
