19692
39364
-26.483533 -54.693381 -2445.993500 6188.934592 -0.273579 0.861464 0.427825 0.047705 -0.432094 0.900566 -0.960666 -0.266785 -0.077116
-36.038493 -66.639786 -2232.411349 4458.958167 -0.259404 0.937298 0.232772 -0.128141 -0.272295 0.953643 -0.957230 -0.217551 -0.190741
-35.245441 -69.416911 610.613150 5394.238159 -0.293490 0.939530 0.176486 -0.112524 -0.217285 0.969601 -0.949317 -0.264709 -0.169491
-33.833151 -54.832801 -698.865918 6144.937014 -0.197218 0.831842 0.518790 0.020221 -0.525619 0.850479 -0.980151 -0.178221 -0.086841
-28.365193 -57.156814 251.877576 8735.999400 -0.322629 0.901152 0.289542 0.044945 -0.290970 0.955676 -0.945458 -0.321342 -0.053373
-20.053804 -44.259388 -1554.674292 6241.440917 -0.259289 0.769334 0.583862 0.194229 -0.550649 0.811826 -0.946068 -0.323900 0.006650
-26.511895 -45.493300 642.166076 -3508.059588 -0.176128 0.664824 0.725940 -0.172743 0.705149 -0.687695 -0.969092 -0.246523 -0.009353
-38.423758 -46.303342 -4630.803816 865.585617 -0.553162 0.695074 -0.459220 0.123609 0.613615 0.779870 -0.823852 -0.374631 0.425346
-39.649659 -45.120291 -4271.256609 965.195954 -0.539952 0.783439 -0.307691 0.279377 0.511654 0.812501 -0.793977 -0.352750 0.495144
-41.828372 -52.636308 88.050305 1582.874738 0.500069 -0.182297 0.846580 -0.159842 0.941365 0.297125 -0.851106 -0.283902 0.441609
-41.219037 -54.022926 -57.730391 1679.221920 0.460120 -0.263690 0.847796 -0.168417 0.911621 0.374945 -0.871737 -0.315303 0.375045
-67.999583 -1048.625740 19202.392443 656088.868297 0.575776 -0.810627 -0.106616 0.759729 0.482258 0.436165 -0.302150 -0.332132 0.893529
-111.044243 -495.903510 26159.602044 -265611.181478 0.674634 -0.683808 -0.277985 -0.666154 -0.401781 -0.628340 -0.317975 -0.609080 0.726576
-164.146231 -1654.858456 3844.175053 1343481.889892 -0.491814 0.845001 0.209981 0.835643 0.525824 -0.158778 0.244580 -0.097380 0.964727
-413.599058 -2308.989970 -79720.421753 -1188961.258891 -0.619023 0.767168 0.168120 0.239762 -0.019248 0.970641 -0.747880 -0.641158 0.172023
-146.386544 -2271.862849 -49343.258032 1869116.801214 0.492730 -0.863089 0.110881 0.870164 0.487890 -0.069122 0.005560 0.130543 0.991427
-27.581165 -77.514379 6179.784337 -2116.640292 0.928341 0.367784 -0.054021 -0.370946 0.907116 -0.198845 0.024129 -0.204635 -0.978541
-38.978817 -85.486212 5665.897644 3369.202984 0.900857 0.412515 -0.135236 -0.423874 0.903104 -0.068810 -0.093747 -0.119311 -0.988421
-23.068659 -76.232737 -5159.952595 3545.768045 -0.871853 -0.485643 0.063425 -0.486192 0.873820 0.007512 -0.059070 -0.024288 -0.997958
-12.690917 -69.194148 5963.365787 -1222.527747 0.901180 0.433431 -0.003421 -0.431456 0.896264 -0.102747 0.041468 -0.094070 -0.994702
-14.316830 -64.540838 6586.339808 -5902.811884 0.953990 0.298098 0.032253 -0.274449 0.911464 -0.306448 0.120749 -0.283497 -0.951341
25.123011 -47.323878 -1958.764235 180.673292 -0.159184 0.979918 -0.120088 0.146821 0.143784 0.978657 -0.976271 -0.138155 0.166761
27.967684 -47.209837 -337.177534 143.671093 -0.136399 0.982653 -0.125652 0.020803 0.129650 0.991342 -0.990436 -0.132604 0.038126
25.108511 -47.488270 3370.397286 453.002530 -0.071083 0.990176 -0.120414 0.133062 0.129054 0.982670 -0.988555 -0.053829 0.140929
23.979466 -47.116657 1833.134260 -29.520245 -0.092616 0.987936 -0.124117 0.252699 0.143894 0.956785 -0.963102 -0.057249 0.262978
22.012906 -47.101301 -2903.032762 -179.769303 -0.174600 0.978061 -0.113633 0.268039 0.158260 0.950321 -0.947455 -0.135468 0.289790
1.900447 -46.739201 104.117209 781.435821 0.409901 -0.612415 -0.675965 0.812243 -0.092121 0.575999 -0.415021 -0.785150 0.459670
1.881543 -48.325367 162.742995 364.033429 0.418512 -0.615739 -0.667618 0.718078 -0.225735 0.658337 -0.556069 -0.754923 0.347676
2.292521 -47.448884 484.738510 584.192213 0.410679 -0.609450 -0.678169 0.800777 -0.114585 0.587901 -0.436004 -0.784500 0.440976
1.634286 -46.483964 128.194327 597.564363 0.385854 -0.615535 -0.687193 0.873511 0.004111 0.486788 -0.296810 -0.788099 0.539262
1.960841 -45.565934 -216.709277 955.205579 0.391106 -0.615813 -0.683966 0.880783 0.034894 0.472233 -0.266942 -0.787119 0.556045
102.619761 -37.910131 20775.753048 -2605.321937 0.117448 -0.865536 -0.486882 0.991273 0.131736 0.004931 0.059872 -0.483212 0.873454
131.615443 -46.800382 28309.841579 -7202.960842 0.062753 -0.938960 -0.338254 0.993378 0.091445 -0.069553 0.096239 -0.331650 0.938481
85.455400 -49.141633 19392.328967 -9902.144563 0.115174 -0.854213 -0.507006 0.986862 0.156614 -0.039685 0.113304 -0.495775 0.861028
61.482171 -40.434160 12325.181271 -6123.186726 0.181893 -0.764718 -0.618160 0.979668 0.195047 0.046976 0.084647 -0.614136 0.784648
-12.914743 -76.551610 -225.027489 1297.482994 0.352534 -0.863116 0.361595 0.858867 0.144995 -0.491247 0.371573 0.483744 0.792417
-11.650781 -75.933932 -176.720603 1748.936545 0.327398 -0.846456 0.419908 0.871784 0.099206 -0.479741 0.364422 0.523135 0.770407
-13.887476 -78.048191 28.710497 1618.529877 0.349727 -0.860505 0.370435 0.909891 0.217808 -0.353068 0.223133 0.460533 0.859139
-14.323864 -78.667916 17.304637 1365.567259 0.366389 -0.877497 0.309447 0.901646 0.252707 -0.350960 0.229767 0.407600 0.883781
-8.312579 -88.503332 -235.994919 2574.829964 -0.338527 0.857937 -0.386451 -0.588661 0.127309 0.798292 -0.734083 -0.497732 -0.461936
-9.603655 -82.200672 -145.264448 235.820535 -0.322871 0.857910 -0.399681 -0.412032 0.252766 0.875408 -0.852047 -0.447325 -0.271876
-7.489484 -85.816696 399.292000 2210.403785 -0.282576 0.876585 -0.389551 -0.552709 0.183125 0.813005 -0.784005 -0.445044 -0.432749
998.522354 -33.094570 575404.554902 -227.818849 0.388583 0.839617 0.379535 -0.062992 0.435148 -0.898153 0.919258 -0.325099 -0.221981
1463.215472 -16.968053 960663.467100 -2935.486529 0.517957 0.768635 0.375395 0.004936 0.436157 -0.899857 0.855392 -0.467940 -0.222117
2024.286628 -18.556183 2419869.113901 -10756.868103 0.250459 0.872803 0.418910 -0.001428 0.433034 -0.901376 0.968126 -0.225160 -0.109704
584.842505 -22.441704 607858.825157 -8795.993412 0.166838 0.927616 0.334207 -0.064172 0.348455 -0.935126 0.983894 -0.134568 -0.117662
7.945345 -148.597713 3489.673317 -11252.704490 0.767137 0.444238 -0.462767 -0.310271 -0.374448 -0.873797 0.561456 -0.813905 0.149419
5.093077 -134.664599 3141.445497 -16439.252787 0.765664 0.441904 -0.467417 -0.204031 -0.522290 -0.828000 0.610024 -0.729338 0.309737
-3.971130 -139.316721 361.971067 -15192.905440 0.788200 0.455551 -0.413780 -0.182984 -0.468469 -0.864322 0.587586 -0.756974 0.285889
1.547571 -149.295714 3167.356887 -10367.290244 0.773406 0.475796 -0.418881 -0.310460 -0.291815 -0.904687 0.552683 -0.829736 0.077976
-5.355506 -142.444340 1108.391309 -10897.348646 0.791840 0.462615 -0.398718 -0.235647 -0.370870 -0.898290 0.563435 -0.805260 0.184656
-5.269061 -125.248732 1243.880511 -12619.852722 0.782230 0.471068 -0.407690 -0.110085 -0.539595 -0.834697 0.613186 -0.697805 0.370230
-6.502317 -118.467004 -270.501611 -9598.014515 0.789111 0.452929 -0.414920 -0.062065 -0.613240 -0.787454 0.611107 -0.647141 0.455804
40.253605 -33.152908 -5207.629578 2145.460602 0.546957 -0.833359 -0.079695 0.810672 0.503488 0.298849 -0.208923 -0.228064 0.950967
40.121359 -38.161171 5616.283439 3266.905130 -0.532328 0.843845 0.067472 0.801309 0.476579 0.361630 -0.273004 -0.246572 0.929877
33.516673 -35.391096 5107.457532 1786.746829 -0.506990 0.861682 0.021564 0.819728 0.474270 0.321113 -0.266470 -0.180478 0.946795
-4.814883 -127.716883 2560.831873 10147.354504 -0.705086 -0.307584 0.638942 -0.381096 0.924215 0.024366 -0.598014 -0.226318 -0.768869
-7.441487 -145.146145 2181.862536 17512.940685 -0.698171 -0.326913 0.636934 -0.497956 0.860951 -0.103939 -0.514390 -0.389733 -0.763879
-0.695097 -126.342763 1291.462209 13320.420489 -0.722688 -0.278285 0.632676 -0.394196 0.917846 -0.046560 -0.567742 -0.283047 -0.773016
1.794696 -112.692525 1168.609278 8416.439004 -0.731298 -0.250734 0.634299 -0.276463 0.959125 0.060395 -0.623515 -0.131194 -0.770725
-1.798723 -113.549923 2802.986179 6192.796649 -0.710966 -0.280247 0.644972 -0.257556 0.957204 0.132006 -0.654364 -0.072265 -0.752719
-10.190788 -115.485560 1166.493964 -12672.956990 -0.742189 -0.460598 0.486832 0.026483 0.705685 0.708030 -0.669668 0.538385 -0.511554
-7.399502 -118.536518 1391.397914 -11011.227805 -0.726748 -0.470250 0.500702 0.020629 0.713655 0.700194 -0.686594 0.519193 -0.508947
-7.345319 -135.369275 1497.560242 -12141.899020 -0.728197 -0.484558 0.484699 0.135191 0.591761 0.794696 -0.671902 0.644223 -0.365411
-10.540308 -136.779987 -1510.086226 -14879.856815 0.743717 0.471711 -0.473681 0.141099 0.581848 0.800965 -0.653434 0.662527 -0.366172
-12.416580 -115.176927 590.681723 -14908.575018 -0.765924 -0.427786 0.479957 0.046696 0.707529 0.705140 -0.641233 0.562496 -0.521938
-7.776728 -46.727238 -3100.237884 -384.729597 -0.411061 0.865595 -0.285961 -0.878731 -0.459721 -0.128407 0.242611 -0.198500 -0.949599
-8.846014 -47.353447 -1375.813405 -2150.045626 -0.353831 0.895698 -0.269312 -0.875575 -0.418457 -0.241375 0.328895 -0.150397 -0.932314
-5.270099 -50.260909 885.621007 -717.146773 -0.352909 0.894885 -0.273194 -0.904792 -0.400774 -0.143989 0.238343 -0.196368 -0.951122
-17.603542 -44.340862 -5957.671434 -1870.396288 -0.365208 0.891611 -0.267681 -0.871391 -0.428594 -0.238717 0.327569 -0.146073 -0.933467
-18.965976 -42.661447 -6643.169666 -207.536588 -0.513018 0.810077 -0.283880 -0.825306 -0.556413 -0.096311 0.235974 -0.184879 -0.954011
7.316889 -183.998640 460.473622 -10404.005528 0.801894 0.369229 -0.469719 -0.440683 0.896394 -0.047702 0.403440 0.245249 0.881526
5.675457 -182.201721 639.961057 -5436.549859 0.790776 0.393586 -0.468790 0.536028 -0.815060 0.219888 0.295547 0.425167 0.855503
6.515394 -195.650932 -429.027497 -3196.075161 0.798621 0.396489 -0.452771 -0.487273 0.867530 -0.099786 0.353228 0.300315 0.886025
23.637250 -268.934227 24274.250732 -34989.568911 0.336688 0.704345 -0.624931 0.522825 -0.691811 -0.498047 0.783132 0.159044 0.601174
-5.467145 -344.064692 11611.283658 75195.526966 0.358898 0.646455 -0.673267 -0.337176 0.762409 0.552309 0.870348 0.028787 0.491596
10.033348 -318.582171 24091.751278 43008.163312 0.331184 0.676346 -0.657931 -0.286559 0.736443 0.612810 0.899000 -0.014417 0.437711
72.304956 -138.760571 16095.993712 15272.088046 -0.558545 0.164818 -0.812934 0.820623 0.252589 -0.512617 0.120849 -0.953433 -0.276336
66.190622 -154.345129 20495.379798 40788.408490 -0.613799 0.161216 -0.772826 0.788959 0.160225 -0.593188 0.028195 -0.973826 -0.225539
36.731820 -134.893032 -34081.105971 15098.701841 -0.653632 0.132762 -0.745077 0.750412 0.241462 -0.615287 0.098221 -0.961286 -0.257454
48.716930 -131.821936 -7411.343681 8261.233019 -0.614504 0.146537 -0.775185 0.775598 0.291988 -0.559635 0.144338 -0.945130 -0.293081
19.871428 -113.559314 -48395.780099 30419.666472 -0.607375 0.147182 -0.780662 0.776768 0.316008 -0.544767 0.166516 -0.937271 -0.306262
18.701287 -123.359258 -115561.390828 27679.988123 -0.692907 0.061797 -0.718374 0.706824 0.254994 -0.659831 0.142405 -0.964966 -0.220367
80.118822 -2229.216296 104513.017737 642643.554716 0.469773 0.617965 -0.630423 0.509661 0.393238 0.765252 -0.720805 0.680796 0.130220
1465.567607 -3844.091344 -676203.431364 5474270.808672 -0.481327 -0.516483 0.708216 -0.049533 0.822702 0.566310 -0.875141 0.237500 -0.421572
346.911766 -1583.898168 -160675.113670 1058653.191860 -0.542996 -0.549986 0.634564 -0.038105 0.771031 0.635657 -0.838870 0.320979 -0.439624
40.978886 -5998.798383 215448.624855 8335000.979922 0.438320 0.694731 -0.570284 0.581335 0.264782 0.769377 -0.685511 0.668759 0.287812
-21.015690 -1903.014082 8063.699014 -472428.829817 -0.571409 -0.686042 0.450375 0.813877 -0.403284 0.418289 -0.105335 0.605564 0.788794
-22.032324 -1433.425445 -1297.463027 -926355.225446 -0.548619 -0.653065 0.522038 0.719727 -0.051161 0.692370 -0.425454 0.755572 0.498096
4.976398 -103.010807 1932.854791 3310.301356 -0.696281 -0.624874 0.353165 0.702749 -0.493348 0.512593 -0.146073 0.605095 0.782638
7.357950 -95.893105 -1650.555605 6415.958810 0.707682 0.614105 -0.349374 0.706311 -0.627259 0.328132 0.017640 0.478980 0.877649
3.131969 -96.424929 3634.812825 4602.447259 -0.701729 -0.626446 0.339326 0.711964 -0.599123 0.366277 -0.026155 0.498615 0.866429
0.460973 -34.530510 7068.382027 -184.464781 0.092842 0.992067 -0.084760 -0.623242 0.124291 0.772089 -0.776498 0.018857 -0.629837
-7.730643 -37.365631 5442.937576 -102.008366 0.075866 0.991984 -0.101057 -0.553101 0.126194 0.823502 -0.829653 0.006581 -0.558241
2.010497 -36.317403 7057.786727 -146.038527 0.062055 0.996982 -0.046652 -0.537690 0.072774 0.839996 -0.840856 0.027042 -0.540583
-5.806658 -44.323636 2683.341156 -9878.754969 0.883058 -0.448722 -0.137318 -0.340505 -0.814069 0.470476 0.322900 0.368701 0.871663
3.136383 -39.118745 3618.250498 -10910.220707 0.919116 -0.347015 -0.186566 -0.220627 -0.845652 0.486000 0.326420 0.405529 0.853813
3.614160 -28.423613 3128.451142 -8545.452137 0.849894 -0.516089 -0.106454 -0.391906 -0.754097 0.527017 0.352264 0.406188 0.843161
14.071990 1.193506 9229.215706 15292.301051 0.866681 0.498185 -0.025992 -0.377115 0.688386 0.619604 -0.326570 0.527197 -0.784484
0.691829 -10.678155 6622.098725 9577.543596 0.887656 0.449823 -0.098626 -0.324197 0.762511 0.559887 -0.327053 0.465013 -0.822678
5.551949 0.343490 12381.656660 5921.897885 0.167157 0.859599 0.482854 0.938366 0.011571 -0.345448 -0.302534 0.510838 -0.804685
-1551.571300 -1946.264397 -1241145.564753 -384775.281189 0.420274 0.341797 -0.840562 0.745317 -0.658401 0.104927 -0.517563 -0.670584 -0.531456
-936.204560 -2135.986452 -713784.915157 -1078369.057269 0.023090 0.273961 -0.961463 0.981275 -0.190160 -0.030619 -0.191221 -0.942754 -0.273222
-1061.328071 -3062.152646 -721329.323327 -2962257.426948 -0.248066 0.459395 -0.852889 0.771087 -0.439311 -0.460902 -0.586420 -0.771986 -0.245255
-2759.047623 -29763.541328 -1218371.074455 -24725189.299401 0.600194 -0.169519 -0.781685 -0.515949 0.664726 -0.540311 -0.611199 -0.727601 -0.311501
-548.918690 -1497.728628 -225270.904988 74586.657397 0.150131 0.054237 -0.987177 0.806100 -0.584825 0.090461 -0.572419 -0.809344 -0.131521
-3387.311506 -4059.546893 2814254.188632 1599336.346533 -0.315368 -0.096718 0.944028 -0.317019 0.948379 -0.008742 -0.894451 -0.302032 -0.329750
-30.005527 -321.917474 -4461.571229 -33459.856479 -0.028423 -0.028055 -0.999202 0.320830 0.946464 -0.035700 0.946710 -0.321589 -0.017900
-14.655574 -322.295759 -6499.946579 5625.558020 0.020602 -0.085777 -0.996101 0.002308 0.996314 -0.085748 0.999785 -0.000532 0.020724
-17.674376 -268.513425 -4888.092272 -18298.225797 0.029505 -0.075254 -0.996728 0.336476 0.939715 -0.060989 0.941230 -0.333576 0.053048
-158.086542 -293.012370 4843.067633 29548.817787 0.656049 -0.114083 -0.746046 -0.541492 -0.759730 -0.359994 0.525725 -0.640152 0.560195
-145.695600 -287.655228 9904.414415 51567.432572 0.519896 -0.094619 -0.848973 0.310875 0.946654 0.084868 0.795654 -0.308047 0.521577
-171.343900 -264.794570 4636.409827 13019.674119 0.678134 -0.217533 -0.702007 0.437470 0.887015 0.147730 0.590555 -0.407288 0.696679
0.392041 -86.993818 -5659.769680 -4143.543637 -0.195059 0.822270 -0.534625 -0.783774 -0.458376 -0.419035 0.589619 -0.337288 -0.733884
-0.869950 -100.550972 -5665.254095 -4751.618289 -0.160561 0.835681 -0.525221 -0.890983 -0.351677 -0.287180 0.424699 -0.421853 -0.801043
-10.865527 -93.247615 -5720.341934 -4943.866580 -0.177649 0.848877 -0.497845 -0.806506 -0.415472 -0.420631 0.563904 -0.326790 -0.758433
-8.834596 -80.794729 -6066.252947 -8270.354127 -0.203150 0.824684 -0.527850 -0.666778 -0.511296 -0.542203 0.717034 -0.241811 -0.653751
60.122785 -37.196265 9926.939245 -263495.836724 0.786087 0.618062 0.008130 -0.563748 0.722277 -0.400630 0.253486 -0.310347 -0.916204
34.685858 -57.311237 -19884.398991 188969.614089 0.675529 0.735701 -0.049037 0.703343 -0.623002 0.342311 0.221288 -0.265731 -0.938306
47.771428 -124.306917 -29896.653822 -92230.853890 -0.846199 -0.527363 -0.076388 -0.492518 0.828767 -0.265653 0.203403 -0.187173 -0.961038
19.754064 -84.127375 7733.074512 16980.616506 -0.673407 0.722478 -0.156679 0.735106 0.676869 -0.038309 0.078374 -0.140973 -0.986906
20.565066 -68.839431 11748.351183 7846.270629 -0.696328 0.704376 -0.137775 0.705312 0.707105 0.050374 0.132904 -0.062098 -0.989182
10.020601 -83.491854 7424.251348 13193.186182 -0.639548 0.759100 -0.121432 0.767937 0.638118 -0.055478 0.035375 -0.128732 -0.991048
25.682561 -109.190031 6531.477932 17226.551503 -0.594953 0.776579 -0.207259 0.802852 0.561923 -0.199176 -0.038212 -0.284898 -0.957796
-0.155520 -75.438491 4482.080018 7073.857422 -0.610993 0.781739 -0.124789 0.789695 0.612907 -0.026962 0.055407 -0.115019 -0.991817
4.523392 -82.635544 4391.287455 12383.738010 -0.623791 0.770547 -0.130928 0.781563 0.613517 -0.112943 -0.006701 -0.172781 -0.984937
14.493858 -91.633718 1708.096056 10381.375647 -0.573213 0.803739 -0.159469 0.812691 0.532780 -0.235963 -0.104691 -0.264856 -0.958588
136.056958 14.845242 52265.442256 38121.297600 0.328995 0.810922 0.483909 0.934823 -0.352207 -0.045338 0.133671 0.467285 -0.873943
204.460362 -774.852295 103804.670622 700936.366978 -0.134714 0.853456 0.503453 0.962776 -0.007422 0.270200 0.234341 0.521112 -0.820687
109.193031 -180.003019 281.878245 204567.151747 -0.208844 0.946048 0.247745 0.952518 0.139381 0.270708 0.221572 0.292517 -0.930236
243.740298 -9347.272586 -15271.667664 -5125579.643990 -0.079339 0.948025 0.308146 0.531872 0.301702 -0.791257 0.843100 -0.101117 0.528165
-116.526833 -728.378504 26157.549475 -535882.710284 -0.307975 0.929736 0.201848 0.567763 0.349846 -0.745153 0.763411 0.114886 0.635614
-52.152965 -138.408322 5250.425242 -72924.290319 -0.218023 0.918198 0.330724 0.168122 0.369146 -0.914038 0.961354 0.143679 0.234852
2.980986 -13.822409 2314.975671 1713.419134 -0.365310 0.759163 0.538721 -0.815200 -0.540308 0.208607 -0.449442 0.362959 -0.816249
5.429427 -9.414532 2405.708974 692.372504 -0.462898 0.702328 0.540796 -0.771276 -0.619817 0.144773 -0.436873 0.350088 -0.828601
1.684081 -15.357600 917.903805 3747.322879 -0.133536 0.876961 0.461637 -0.898353 -0.303808 0.317273 -0.418485 0.372345 -0.828390
-10.457160 -41.681397 -1693.313766 -619.056787 -0.595824 0.802405 0.033751 0.236318 0.215332 -0.947516 0.767559 0.556577 0.317923
-12.286695 -39.524486 -1292.279841 -659.929273 -0.593294 0.804890 -0.012461 0.364054 0.254478 -0.895938 0.717960 0.536091 0.444004
-6.079584 -40.215642 -1569.987702 -525.323123 -0.588183 0.805145 0.076042 0.232001 0.258060 -0.937860 0.774736 0.533991 0.338581
-5.538640 -43.077887 -658.161144 -77.871278 -0.706640 0.641154 0.299303 0.414144 0.717747 -0.559753 -0.573711 -0.271589 -0.772719
-6.479241 -42.194056 -579.305981 -183.242691 -0.695322 0.658676 0.287529 -0.346071 -0.657487 0.669288 -0.629890 -0.365865 -0.685114
-8.400152 -43.157579 -735.242399 -207.882573 -0.685656 0.666085 0.293610 0.371395 0.667011 -0.645881 -0.626053 -0.333806 -0.704721
-0.512228 -82.305818 80.297941 -9084.901541 -0.344634 0.763985 -0.545485 0.928615 0.362555 -0.078912 0.137481 -0.533741 -0.834397
0.357526 -84.050195 242.415530 -8801.060377 -0.367584 0.756105 -0.541468 0.919350 0.383257 -0.088935 0.140277 -0.530489 -0.836004
-1.630012 -101.314568 17.346817 -9726.843146 -0.337330 0.769869 -0.541766 0.876906 0.466299 0.116623 0.342410 -0.435737 -0.832399
-2.102796 -103.513017 106.610969 -10338.140875 -0.320860 0.777797 -0.540444 0.883608 0.451271 0.124866 0.341007 -0.437477 -0.832063
-1.500980 -68.345004 -75.690462 2992.021334 -0.581923 0.772449 0.254340 -0.716503 -0.634921 0.288961 -0.384693 0.014082 -0.922937
-1.478900 -75.004678 267.132106 1918.674649 -0.570357 0.781792 0.251980 -0.785627 -0.608759 0.110467 -0.239758 0.134956 -0.961407
-2.245512 -69.496055 366.705973 3458.862455 -0.594483 0.761756 0.257523 -0.689470 -0.647686 0.324244 -0.413789 -0.015203 -0.910246
-2.565658 -62.299308 205.501943 2444.849045 -0.603869 0.753142 0.260996 -0.604174 -0.646068 0.466444 -0.519920 -0.123984 -0.845169
-1.813443 -62.141732 -94.033038 2244.306912 -0.595707 0.760165 0.259388 -0.628684 -0.642280 0.438445 -0.499890 -0.098111 -0.860514
30.117329 -51.721344 -5357.347937 -418.721309 0.645709 -0.580046 -0.496594 -0.580242 0.050026 -0.812907 -0.496366 -0.813046 0.304265
52.176867 -40.220206 -5843.866808 1249.300836 0.828244 -0.417377 -0.373909 -0.412431 -0.002319 -0.910986 -0.379357 -0.908730 0.174060
77.030429 -41.736712 -13489.487453 1372.694576 0.756157 -0.553259 -0.349472 -0.352619 0.105390 -0.929813 -0.551259 -0.826315 0.115398
1.608184 -51.445484 435.160554 -1641.379937 -0.654700 0.687391 0.314422 0.619972 0.726288 -0.296885 -0.432437 0.000562 -0.901664
0.131659 -57.221438 187.259668 2030.364271 -0.621422 0.725037 0.296910 -0.712023 -0.680741 0.172091 -0.326891 0.104465 -0.939271
1.737473 -53.594805 445.381167 1685.443817 -0.638771 0.707233 0.302975 -0.624486 -0.706595 0.332778 -0.449432 -0.023365 -0.893009
-1.219666 -55.925208 -191.312970 1886.772269 -0.633854 0.712084 0.301936 -0.715893 -0.687910 0.119489 -0.292791 0.140415 -0.945810
-0.051453 -49.993623 -539.713597 -1324.618823 -0.686221 0.665253 0.294175 0.616671 0.746551 -0.249758 -0.385768 0.010020 -0.922541
43.608865 -22.913465 -8506.421629 -1270.636327 -0.708470 0.619946 -0.337249 0.425428 0.756436 0.496805 0.563099 0.208496 -0.799655
57.861214 -27.832120 -18703.109268 -4223.048482 -0.692331 0.632403 -0.347483 0.484069 0.764170 0.426288 0.535122 0.126927 -0.835185
43.639599 -20.578916 -9812.354263 -5113.510294 -0.701342 0.564619 -0.435114 0.441116 0.823266 0.357281 0.559942 0.058640 -0.826454
46.136479 -27.000007 -7986.704709 -602.454896 -0.726126 0.661859 -0.186239 0.458501 0.667964 0.586174 0.512365 0.340245 -0.788489
26.519664 -20.987544 -1930.774022 -1203.506032 -0.737502 0.521907 -0.428607 0.354512 0.839359 0.412064 0.574814 0.151951 -0.804052
27.106222 -24.075648 234.257185 4493.549899 -0.755083 0.547497 -0.360691 0.302860 0.779202 0.548744 0.581486 0.305108 -0.754177
36.883642 -26.109122 -673.244938 3921.351120 -0.749231 0.625051 -0.219009 0.369042 0.668574 0.645613 0.549965 0.402890 -0.731586
5.186973 -113.400270 -355.472645 2665.098603 -0.482786 -0.439899 0.757237 -0.649280 0.760049 0.027576 -0.587668 -0.478345 -0.652558
6.958381 -120.404830 -500.957747 -8551.270660 -0.472386 -0.432421 0.768026 -0.603437 0.793802 0.075781 -0.642429 -0.427657 -0.635920
6.207440 -115.322067 -644.636463 3072.214086 -0.460094 -0.452580 0.763862 -0.690623 0.723108 0.012454 -0.557991 -0.521810 -0.645260
-8.032316 -124.438338 -476.016585 -11484.666227 0.441678 0.251058 -0.861331 -0.334815 0.936815 0.101372 0.832358 0.243613 0.497828
-8.066451 -118.266344 -117.779633 -8635.217117 0.450880 0.257076 -0.854763 -0.302170 0.945044 0.124837 0.839881 0.201997 0.503783
-8.136740 -113.098567 -320.090159 -9284.002134 0.432326 0.267765 -0.861043 -0.190478 0.960464 0.203045 0.881369 0.076228 0.466237
-7.708676 -118.795391 11.359232 -11433.062425 0.413560 0.261159 -0.872218 -0.224926 0.957592 0.180073 0.882256 0.121714 0.454764
-9.816385 -40.598262 -8.674238 1295.558483 -0.356314 -0.229155 0.905830 0.703088 -0.704261 0.098402 0.615392 0.671941 0.412055
-8.542703 -42.347567 1299.475090 1261.175875 -0.420083 -0.158147 0.893600 0.674864 -0.712766 0.191111 0.606704 0.683340 0.406148
-10.875376 -43.114653 -839.515948 1635.173715 -0.416064 -0.163905 0.894442 0.714482 -0.667377 0.210057 0.562501 0.726459 0.394779
-13.048306 -41.362311 -2687.763808 1741.240706 -0.347356 -0.237395 0.907186 0.751761 -0.648779 0.118070 0.560534 0.723000 0.403822
-12.211350 -38.822806 -2456.559092 1484.937701 -0.275147 -0.312543 0.909181 0.740370 -0.672163 -0.007005 0.613307 0.671204 0.416341
155.545636 -222.658598 -15536.598216 -127249.653018 -0.590131 0.199552 -0.782256 0.654700 0.685231 -0.319102 0.472348 -0.700456 -0.535022
167.478126 -184.208318 -393117.462119 486.600077 0.737346 -0.235715 0.633056 0.611881 0.630127 -0.478059 0.286220 -0.739850 -0.608851
109.024361 -156.696728 -65220.868615 -56602.405673 0.702469 -0.145234 0.696738 0.629489 0.583567 -0.513023 0.332085 -0.798972 -0.501362
145.163575 -233.185810 -112070.452495 -153101.857489 -0.607422 0.164784 -0.777100 0.703502 0.565934 -0.429887 0.368950 -0.807815 -0.459686
147.849358 17.778497 -84603.022880 12306.985855 0.871892 -0.091190 0.481134 0.442338 0.568192 -0.693898 0.210100 -0.817828 -0.535738
161.968619 18.372354 -16866.092653 13090.381147 0.843428 0.015828 0.537009 0.434642 0.567417 -0.699374 0.315778 -0.823278 -0.471696
144.540692 32.564165 -70609.287531 6462.611639 0.872739 -0.084118 0.480886 0.445555 0.539827 -0.714190 0.199518 -0.837563 -0.508607
8.150281 -195.065384 -10956.310660 21866.086948 -0.444888 -0.087140 0.891337 0.552171 0.756893 0.349599 -0.705111 0.647703 -0.288616
-2.224799 -205.808567 -6843.545901 20619.067379 -0.469804 -0.121874 0.874317 0.541385 0.742525 0.394409 -0.697271 0.658637 -0.282861
2.001429 -178.445460 -7828.975788 14336.491751 -0.480377 -0.136162 0.866428 0.653728 0.602990 0.457211 -0.584703 0.786042 -0.200649
14.161454 -169.697409 -7925.375013 11653.430238 -0.443233 -0.115476 0.888937 0.649999 0.641486 0.407427 -0.617289 0.758393 -0.209269
-147.343387 -1607.797843 9012.680509 -444395.839449 0.942493 0.077006 -0.325234 0.311459 0.150643 0.938243 -0.121245 0.985584 -0.117996
181.173224 -1187.073915 -187044.460034 567366.094948 0.847374 -0.241119 0.473095 -0.445000 0.163637 0.880453 0.289710 0.956601 -0.031364
-43.998243 -392.988759 6486.542516 -396964.649230 0.957586 0.025517 -0.287017 0.288142 -0.078091 0.954398 -0.001940 0.996620 0.082131
-42.829226 -958.703296 31241.210262 -457589.558885 0.920112 0.103389 -0.377764 0.391595 -0.259868 0.882679 0.006909 0.960093 0.279595
-35.570643 -495.589473 -677.448356 -397537.092472 0.858788 0.036918 -0.510999 0.505099 -0.228006 0.832399 0.085780 0.972960 0.214456
4.027501 -11.878225 -433.762846 1583.770135 -0.339650 0.933058 -0.118494 -0.624535 -0.317935 -0.713353 0.703274 0.168286 -0.690714
3.156193 -10.290646 -849.117214 -562.637276 -0.311955 0.945296 -0.095394 -0.645996 -0.284659 -0.708279 0.696688 0.159327 -0.699458
1.249445 -11.902727 -1412.319735 443.775211 -0.244762 0.968461 -0.046629 -0.658130 -0.201262 -0.725506 0.712009 0.146888 -0.686635
-0.131205 -13.200175 -711.277246 -578.928946 -0.130190 0.989206 0.067248 -0.698617 -0.043394 -0.714179 0.703551 0.139959 -0.696726
0.826189 -15.943943 -1182.629262 1597.561524 -0.219567 0.974795 -0.039560 -0.657841 -0.177876 -0.731851 0.720441 0.134667 -0.680316
-9.740632 -41.347764 -1346.231614 -8886.338654 0.668178 0.686436 -0.286954 -0.710367 0.703266 0.028213 0.221172 0.184992 0.957529
-12.327440 -37.581327 -652.342155 5719.497445 0.501892 0.809090 -0.305740 0.827961 -0.551664 -0.100733 0.250168 0.202584 0.946771
-5.668184 -41.839684 -386.644204 2369.297073 -0.562392 -0.763746 0.316871 0.813915 -0.578890 0.049274 0.145801 0.285618 0.947188
-1.760391 -43.439138 862.449902 548.503462 -0.693153 -0.659422 0.291035 0.711727 -0.689994 0.131731 0.113946 0.298447 0.947600
-6.092443 -44.694544 -1333.914291 -10540.165386 0.781098 0.561952 -0.272206 -0.590452 0.806543 -0.029250 0.203109 0.183572 0.961794
-8.029469 -42.886296 -3658.844085 542.974714 0.325050 0.276946 -0.904236 -0.615673 0.787749 0.019950 0.717836 0.550230 0.426566
-2.804455 -39.472859 -4821.606488 138.207195 0.245303 0.403365 -0.881546 -0.561946 0.800139 0.209747 0.789964 0.443930 0.422946
-8.056583 -44.940406 -2173.075805 1258.801015 0.254264 0.347627 -0.902499 -0.576095 0.803987 0.147377 0.776830 0.482453 0.404691
-5.063733 -42.266140 642.859478 -362.663660 0.716609 -0.316369 -0.621596 0.465767 0.880436 0.088852 0.519166 -0.353191 0.778282
-2.935926 -43.723083 -342.810179 -795.573630 0.670638 -0.423743 -0.608840 0.536381 0.843969 0.003435 0.512387 -0.328873 0.793286
-7.359185 -42.071833 -247.031452 -1.729843 0.711452 -0.363462 -0.601441 0.407555 0.910630 -0.068207 0.572481 -0.196595 0.796000
-5.757503 -42824.882256 -446906.836262 -39662190.105182 -0.091975 -0.160446 -0.982750 0.591711 0.784979 -0.183535 0.800886 -0.598385 0.022739
-920.759755 -4536.663152 -505925.396686 -2730124.195220 -0.181604 -0.094422 -0.978828 0.883823 0.420726 -0.204563 0.431134 -0.902260 0.007047
-1201.797051 -3901.360369 -534430.294447 -2355092.318327 -0.312724 -0.284940 -0.906098 0.466472 0.784909 -0.407825 0.827410 -0.550206 -0.112543
-1411.279880 -3648.842497 -866626.667562 -1238767.314155 -0.284629 -0.371560 -0.883702 -0.016528 0.923596 -0.383010 0.958495 -0.094410 -0.269023
180.073962 -28035.647750 -335786.270880 -23292108.974352 -0.116151 -0.361586 -0.925075 0.127188 0.918297 -0.374906 0.985054 -0.161204 -0.060672
3.361744 -37.456498 3551.852279 4280.811852 -0.539505 0.832706 -0.124643 0.448730 0.159099 -0.879391 0.712443 0.530367 0.459495
6.045464 -34.356125 2782.236016 -3022.985056 -0.693262 0.646064 0.319357 0.057475 0.491281 -0.869103 0.718390 0.584161 0.377719
7.912079 -56.636082 -5029.556124 5518.918630 -0.503347 0.863511 -0.031479 0.374922 0.185432 -0.908322 0.778508 0.469003 0.417086
10.470794 -61.629974 -7037.068912 7230.825190 -0.369294 0.902980 -0.219656 0.577303 0.037687 -0.815660 0.728247 0.428026 0.535211
4.344235 -44.462331 4106.483869 7733.676501 -0.406580 0.851725 -0.330541 0.611217 -0.015325 -0.791315 0.679048 0.523765 0.514358
4.365919 -47.342121 1342.940807 -1537.043517 -0.490145 0.709309 0.506595 0.825260 0.190575 0.531627 0.280544 0.678647 -0.678773
4.088857 -49.125245 994.330103 -1613.499339 -0.522968 0.717573 0.459992 0.752724 0.135620 0.644215 0.399887 0.683152 -0.611060
0.323623 -49.132082 505.554368 -1105.562127 -0.493368 0.717345 0.491940 0.758803 0.078474 0.646576 0.425213 0.692285 -0.583040
-49.299921 -82.353093 -526.689184 2472.946442 -0.202987 0.976760 -0.068820 -0.354728 -0.007845 0.934937 -0.912669 -0.214192 -0.348077
-41.104203 -73.345231 -2393.609235 3002.649643 -0.223395 0.951308 0.212384 -0.244971 -0.265692 0.932414 -0.943443 -0.156269 -0.292397
-38.853275 -66.994138 -1101.082861 6071.535471 -0.177542 0.889291 0.421474 -0.120204 -0.444667 0.887593 -0.976744 -0.106922 -0.185844
-19.382306 -46.717657 -20023.570258 -1263.120820 -0.448555 0.890517 0.076014 0.439426 0.145679 0.886388 -0.778269 -0.430996 0.456661
-33.532413 -42.082969 -7617.320454 2038.670568 -0.458926 0.886888 0.053068 0.483040 0.198930 0.852701 -0.745694 -0.416961 0.519696
-40.759385 -46.187789 1534.286583 770.095661 0.660754 -0.469785 0.585411 0.048941 0.805227 0.590944 -0.749005 -0.361818 0.555049
-42.410722 -46.630688 -288.797402 -712.004226 0.622500 -0.141382 0.769743 -0.149340 0.944015 0.294165 -0.768239 -0.298071 0.566536
-24.434367 -99.336879 5437.908678 -8053.794157 -0.475122 0.820744 0.317235 -0.224035 -0.461480 0.858396 -0.850922 -0.336771 -0.403135
-9.194577 -98.263055 21852.997668 -9668.828816 -0.351627 0.889910 0.290550 -0.289378 -0.398496 0.870322 -0.890291 -0.221950 -0.397643
-6.808142 -74.807898 19195.271853 -20974.460272 -0.431364 0.826855 0.360881 -0.375748 -0.528325 0.761371 -0.820206 -0.192828 -0.538590
-52.700240 -164.217858 -1278.517803 53078.958900 0.528165 -0.738964 -0.418298 0.677639 0.069943 0.732061 -0.511710 -0.670104 0.537693
-91.158210 -1076.897546 457.924313 784608.756511 0.419415 -0.800764 -0.427631 0.873064 0.484863 -0.051644 0.248697 -0.351689 0.902477
-275.935556 -946.015034 -102800.676347 -478918.102527 -0.556469 0.632338 0.538972 0.283777 -0.465033 0.838579 -0.780905 -0.619591 -0.079334
-47.550086 -86.010300 -5677.467425 6770.073159 -0.892177 -0.404343 0.201313 -0.404955 0.913460 0.040035 -0.200079 -0.045805 -0.978708
-54.169541 -92.676910 6299.445911 3759.378857 0.931185 0.296939 -0.211477 -0.328967 0.934428 -0.136476 -0.157085 -0.196653 -0.967808
-58.522678 -91.859179 -6099.000293 8252.002060 -0.930100 -0.245121 0.273551 -0.265639 0.963240 -0.040066 -0.253674 -0.109931 -0.961023
-55.952317 -92.497854 4630.070941 -1908.167826 0.929044 0.266998 -0.256102 -0.336835 0.896756 -0.287004 -0.153032 -0.352904 -0.923060
-60.702644 -94.099969 -3775.024912 2767.120453 -0.917528 -0.224292 0.328382 -0.286251 0.945720 -0.153863 -0.276047 -0.235174 -0.931929
26.096838 -47.294075 5221.263019 423.470221 -0.047751 0.992265 -0.114590 0.003655 0.114894 0.993371 -0.998853 -0.047015 0.009113
1.691264 -48.533867 221.249184 -180.777066 0.423849 -0.616767 -0.663288 0.597908 -0.359549 0.716401 -0.680337 -0.700231 0.216375
0.147245 -48.503902 182.692830 -125.909880 0.417685 -0.611861 -0.671688 0.601146 -0.368227 0.709248 -0.681295 -0.700025 0.214015
2.673774 -48.612917 489.111445 289.126321 0.423021 -0.614436 -0.665974 0.705371 -0.238048 0.667672 -0.568776 -0.752198 0.332706
-0.073189 -47.106696 -184.070904 -475.943510 -0.423055 0.612889 0.667377 0.456395 -0.492148 0.741279 -0.782769 -0.618189 0.071514
1.197346 -47.041044 -212.382903 -516.608727 -0.428240 0.621495 0.656014 0.453446 -0.480153 0.750893 -0.781663 -0.619029 0.076194
2.569638 -48.472563 509.575176 -268.636390 0.430870 -0.620367 -0.655359 0.581565 -0.364416 0.727312 -0.690024 -0.694511 0.203768
137.952995 -41.723307 22433.280296 637.684102 0.109386 -0.950078 -0.292209 0.992635 0.119809 -0.017955 0.052068 -0.288093 0.956186
132.057564 -49.332966 -6798.494664 -4878.921617 -0.077904 0.994437 0.070891 0.992919 0.083788 -0.084213 0.089684 -0.063829 0.993923
123.793038 -60.802462 -15543.676733 -10326.117858 -0.045333 0.990729 0.128067 0.985464 0.065362 -0.156806 0.163723 -0.119097 0.979291
-11.392673 -76.059919 -299.069607 327.299337 0.338336 -0.860029 0.381940 0.796245 0.045328 -0.603274 0.501521 0.508227 0.700130
-9.667621 -75.897316 -365.390635 184.429867 0.318028 -0.839874 0.439852 0.812124 0.001944 -0.583482 0.489197 0.542778 0.682700
-9.464294 -74.697866 -674.097871 1654.737729 0.301722 -0.822855 0.481532 0.888799 0.060017 -0.454351 0.344965 0.565073 0.749461
-2.865101 -95.593211 877.812203 3477.060252 -0.235908 0.894954 -0.378688 -0.611752 0.166012 0.773434 -0.755054 -0.414122 -0.508326
-4.862049 -100.395315 455.896534 5064.389758 -0.264107 0.887896 -0.376681 -0.763102 0.046480 0.644604 -0.589849 -0.457690 -0.665280
-5.606343 -90.505460 788.758975 2882.570808 -0.252009 0.889175 -0.381914 -0.584275 0.174800 0.792508 -0.771437 -0.422862 -0.475471
7081.583823 -23.001771 10375064.675331 -12974.918139 0.323528 0.837136 0.441059 0.057251 0.447955 -0.892221 0.944485 -0.313909 -0.096999
1496.254824 -13.915179 -1086679.932711 -25086.455262 0.902122 0.403198 0.153645 0.007434 0.341509 -0.939849 0.431416 -0.849001 -0.305086
22.648948 -142.754640 9144.890609 -15707.021744 0.750183 0.427171 -0.504728 -0.281762 -0.484035 -0.828444 0.598193 -0.763698 0.242755
14.282507 -118.061288 6889.335852 -16622.146711 0.756649 0.418347 -0.502462 -0.148513 -0.638441 -0.755206 0.636730 -0.646049 0.420946
23.645670 -35.362030 3800.747854 -45.746178 -0.446694 0.894686 -0.001096 0.858064 0.428756 0.282657 -0.253359 -0.125321 0.959220
15.158292 -39.966330 2449.214666 -1983.753550 -0.345496 0.938416 -0.002725 0.912325 0.336567 0.233207 -0.219763 -0.078086 0.972423
21.861180 -35.279518 4126.701124 -1564.196541 -0.396153 0.918061 0.015067 0.899113 0.384546 0.209093 -0.186166 -0.096380 0.977780
-9.420483 -165.083089 -2241.931731 18466.333346 0.688054 0.333974 -0.644238 -0.612312 0.743645 -0.268451 -0.389429 -0.579183 -0.716165
-13.870394 -165.782832 -2228.848263 19407.605160 0.681751 0.369677 -0.631312 -0.606729 0.767870 -0.205562 -0.408774 -0.523177 -0.747790
-3.049568 -143.952495 1806.994720 15943.393106 -0.708909 -0.294332 0.640950 -0.516173 0.835800 -0.187093 -0.480639 -0.463473 -0.744432
-14.911340 -180.412198 -1954.229771 -14996.138813 0.676921 0.366750 -0.638179 0.694235 -0.606213 0.388000 -0.244573 -0.705691 -0.664969
-5.267947 -164.368285 -2415.745790 15460.695752 0.698134 0.298658 -0.650701 -0.622993 0.701280 -0.346534 -0.352828 -0.647309 -0.675650
-11.285753 -180.067099 -2615.979393 -13584.138153 0.683335 0.328260 -0.652149 0.694916 -0.566386 0.443056 -0.223930 -0.755945 -0.615144
2.149760 -119.742459 -1049.180229 -839.780099 0.767316 0.463518 -0.443144 -0.596452 0.769668 -0.227719 -0.235522 -0.439047 -0.867045
1.698359 -111.598381 -1793.337820 -3830.849652 0.794531 0.421048 -0.437536 -0.591115 0.701179 -0.398662 -0.138936 -0.575383 -0.805997
3.790308 -118.828822 -1123.545729 -3793.635908 0.785021 0.442685 -0.433327 -0.607611 0.686465 -0.399467 -0.120626 -0.576884 -0.807870
-7.494906 -48.581020 2086.287897 -2067.188423 -0.341186 0.900714 -0.268899 -0.881470 -0.405935 -0.241303 0.326501 -0.154698 -0.932452
-7.147606 -44.375607 1991.872469 -2756.462117 -0.365569 0.889211 -0.275069 -0.836031 -0.443597 -0.322915 0.409159 -0.111918 -0.905573
-8.559077 -42.892562 -1691.132112 -2643.995350 -0.324417 0.909658 -0.259375 -0.852325 -0.400036 -0.336917 0.410238 -0.111770 -0.905103
-13.274584 -82.518255 594.363901 2427.043997 -0.680043 -0.578701 0.450162 0.730281 -0.589121 0.345870 0.065045 0.563951 0.823243
-14.066283 -85.175406 728.938434 6178.567837 -0.670150 -0.571725 0.473317 0.742013 -0.531317 0.408801 0.017759 0.625166 0.780290
-11.637984 -85.860951 1385.289803 4118.581197 -0.680776 -0.583816 0.442382 0.731366 -0.508309 0.454671 -0.040578 0.633072 0.773028
7.124602 -208.428443 106.875733 -2388.927382 0.762354 0.454416 -0.460784 0.442612 0.153336 0.883506 -0.472134 0.877493 0.084234
6.394193 -189.337686 -2640.956863 1631.054361 0.741311 0.499223 -0.448593 0.504046 0.027226 0.863248 -0.443166 0.866046 0.231448
7.156433 -190.951355 -2978.431957 -7743.643298 0.729571 0.500222 -0.466373 0.388813 0.257626 0.884564 -0.562628 0.826684 0.006536
6.549812 -203.601128 2506.687053 -13424.202331 0.772206 0.416057 -0.480203 0.322144 0.395059 0.860321 -0.547651 0.819039 -0.171036
5.460402 -205.376324 2480.203615 -893.101866 0.788535 0.406565 -0.461430 0.419812 0.192441 0.886975 -0.449411 0.893124 0.018935
5.175302 -194.186075 2010.586220 17596.425957 0.787514 0.417158 -0.453653 0.537686 -0.105322 0.836541 -0.301190 0.902710 0.307243
-37.882803 -794.586660 -25554.501603 134661.374447 0.754058 0.585148 -0.298325 0.147681 0.291525 0.945094 -0.639990 0.756713 -0.133412
-41.670930 -672.413843 3400.985934 -115314.975514 0.792845 0.555536 -0.250552 0.116979 0.264756 0.957194 -0.598091 0.788216 -0.144924
-41.268942 -695.658666 -14761.149684 -89276.642885 0.768256 0.568213 -0.294816 -0.043987 0.506317 0.861225 -0.638629 0.648673 -0.413976
-37.330050 -719.024064 -25442.071566 -46211.304152 0.774171 0.586874 -0.237148 0.291068 0.002629 0.956699 -0.562084 0.809674 0.168785
-30.914575 -1279.086217 -4195.543659 713675.311936 -0.729867 -0.556576 0.396885 -0.002218 0.582516 0.812816 -0.683586 0.592367 -0.426393
-32.626964 -757.073931 -42226.195858 38194.205732 0.749031 0.613943 -0.249050 0.311876 0.004919 0.950110 -0.584539 0.789335 0.187790
-23.090593 -881.278982 -19061.778519 211326.203318 0.732663 0.607230 -0.307371 0.142791 0.304425 0.941773 -0.665444 0.733892 -0.136334
82.706331 -148.328402 53734.277987 24761.742773 -0.466613 0.242464 -0.850578 0.882841 0.185876 -0.431326 0.053521 -0.952188 -0.300789
129.195613 -187.671443 177604.919006 46901.246151 -0.431802 0.262468 -0.862935 0.899544 0.055221 -0.433325 -0.066082 -0.963359 -0.259946
133.139528 -200.776843 -105940.159924 50426.473103 0.718662 -0.154780 0.677914 0.690223 0.040506 -0.722462 -0.084363 -0.987118 -0.135943
-5.203116 -154.944822 -7286.580334 29309.438519 0.677351 0.610607 -0.410311 0.652032 -0.240024 0.719196 -0.340662 0.754684 0.560715
-9.869104 -180.398459 -7219.025087 21677.687906 0.697048 0.604194 -0.386101 0.533199 -0.076755 0.842501 -0.479399 0.793132 0.375658
-2.021763 -150.374642 -5282.945024 27629.781502 0.663968 0.618005 -0.420971 0.659231 -0.218068 0.719625 -0.352932 0.755325 0.552198
386.613304 -6951.374383 -86367.132298 3078006.778343 -0.540185 -0.518417 0.662905 -0.622726 0.776089 0.099487 -0.566049 -0.359067 -0.742064
462.836003 -1575.817389 -200369.294759 -596777.656388 -0.143076 -0.545781 0.825622 -0.479722 0.767902 0.424491 -0.865677 -0.335335 -0.371692
-7.909321 -35.597081 4643.284673 -509.717717 0.116160 0.981384 -0.152942 -0.640757 0.191700 0.743425 -0.758905 -0.011642 -0.651097
