17743
35464
-27.359051 -45.364859 -481.720943 -2840.260559 -0.443639 -0.167205 0.880470 -0.516187 0.850791 -0.098521 -0.732622 -0.498195 -0.463753
-29.442696 -51.526955 -1274.350318 -2946.088560 -0.523380 -0.033173 0.851454 -0.362024 0.913229 -0.186952 -0.771371 -0.406093 -0.489975
-33.204463 -50.760609 764.028633 -5627.333221 -0.655050 0.197695 0.729264 -0.257805 0.848767 -0.461661 -0.710243 -0.490419 -0.505018
-29.744460 -49.638776 -276.465998 -2872.029633 -0.345044 -0.175479 0.922037 -0.448680 0.893690 0.002179 -0.824397 -0.412947 -0.387096
-24.171482 -37.882207 -1091.086240 -3578.214736 -0.441987 -0.215167 0.870833 -0.598608 0.793770 -0.107694 -0.668069 -0.568887 -0.479637
-23.469673 -39.717074 -530.924476 -2133.483107 -0.243536 -0.360006 0.900603 -0.634219 0.761636 0.132954 -0.733796 -0.538800 -0.413808
31.467203 -67.960376 1506.386167 -5966.699247 0.855243 -0.166745 -0.490668 -0.500415 -0.019623 -0.865563 -0.134700 -0.985805 0.100224
34.443953 -70.483410 2478.441424 -6868.892831 0.880546 -0.220175 -0.419716 -0.415459 0.067634 -0.907094 -0.228106 -0.973113 0.031919
42.897308 -63.574711 3413.681305 -4224.785187 0.871709 -0.251797 -0.420382 -0.449160 -0.067604 -0.890890 -0.195903 -0.965416 0.172028
42.087660 -59.713436 1340.074824 -488.509893 0.813178 -0.212947 -0.541659 -0.575949 -0.160412 -0.801592 -0.083808 -0.963806 0.253090
16.957152 -54.537381 -1500.832403 7496.116306 -0.293282 -0.675697 0.676328 -0.370121 0.732519 0.571337 -0.881474 -0.082760 -0.464924
18.055332 -60.362820 369.279961 7493.090212 -0.255124 -0.642644 0.722441 -0.435315 0.743500 0.507650 -0.863373 -0.184976 -0.469437
17.971975 -65.247431 -1016.511998 7395.662365 -0.300980 -0.652484 0.695468 -0.473468 0.735294 0.484944 -0.827792 -0.183323 -0.530239
12.861585 -56.099924 -3420.488403 8294.471280 -0.356701 -0.690226 0.629566 -0.361771 0.723371 0.588096 -0.861328 -0.017984 -0.507730
14.789874 -43.024734 4362.142076 7915.135254 0.346114 0.719232 -0.602421 -0.284139 0.692311 0.663303 -0.894131 0.058407 -0.443980
66.695231 -98.603520 11323.787927 -16996.934578 0.325019 0.941145 -0.092787 -0.207922 -0.024600 -0.977836 0.922568 -0.337108 -0.187689
59.902087 -125.772856 13727.749759 -13597.368010 0.249321 0.968419 0.001694 -0.396968 0.103795 -0.911944 0.883320 -0.226695 -0.410310
80.933717 -121.159256 15493.243046 -17814.471696 0.329914 0.937913 -0.107125 -0.353537 0.017536 -0.935256 0.875311 -0.346426 -0.337372
-0.130820 -32.850660 4318.485886 1045.273316 -0.048152 -0.409933 -0.910844 0.220902 0.884950 -0.409957 0.974107 -0.220947 0.047943
18.866655 -28.781719 7914.013542 1583.315829 -0.040654 -0.218902 -0.974899 0.128075 0.966516 -0.222361 0.990931 -0.133900 -0.011257
3.407326 -28.352833 659.200699 2112.168498 -0.057143 -0.656970 -0.751748 0.099240 0.745511 -0.659063 0.993421 -0.112265 0.022597
-4.722785 -36.070028 529.648159 249.465609 0.059028 0.735454 0.674999 0.246394 0.644523 -0.723795 0.967370 -0.209040 0.143167
19.044732 -30.985510 3769.652205 329.453049 -0.561891 0.461563 0.686468 -0.301094 0.658815 -0.689423 -0.770468 -0.594072 -0.231209
15.080688 -28.727755 3252.799658 500.733480 -0.559853 0.447106 0.697611 -0.220387 0.731246 -0.645529 -0.798746 -0.515146 -0.310854
10.184470 -30.368053 3328.413857 324.007188 -0.548828 0.508501 0.663487 -0.262610 0.648643 -0.714352 -0.793614 -0.566295 -0.222456
11.664442 -49.447289 909.156941 5138.069658 0.708721 -0.132813 -0.692875 0.361897 0.911498 0.195455 0.605595 -0.389272 0.694062
12.821116 -58.506113 1185.558519 3011.154777 0.720221 -0.105090 -0.685739 0.431239 0.842105 0.323870 0.543429 -0.528975 0.651820
13.729520 -53.493916 1156.688765 5796.311934 0.721888 -0.176108 -0.669226 0.390986 0.901722 0.184463 0.570970 -0.394820 0.719799
8.782932 -54.782299 658.079630 2858.809018 0.707408 -0.086442 -0.701500 0.418957 0.850625 0.317668 0.569253 -0.518619 0.637954
12.017001 -40.673909 868.607233 5096.027717 0.709335 -0.213752 -0.671680 0.345695 0.935936 0.067228 0.614279 -0.279883 0.737785
9.800817 -40.098271 423.218044 3846.948484 0.706548 -0.140668 -0.693543 0.289971 0.951540 0.102412 0.645528 -0.273467 0.713098
8.147980 -47.222023 543.085232 4007.133038 0.698184 -0.096243 -0.709420 0.334375 0.920038 0.204263 0.633034 -0.379825 0.674537
-0.929989 -86.881367 295.887624 4852.246804 0.791450 0.050242 -0.609166 -0.556000 -0.354824 -0.751641 0.253910 -0.933582 0.252891
-1.595641 -97.565537 64.674963 4775.783386 0.795585 0.040381 -0.604494 -0.495392 -0.531014 -0.687467 0.348756 -0.846400 0.402463
-2.135671 -88.259322 145.318182 3929.258391 0.799968 0.044225 -0.598410 -0.549094 -0.348193 -0.759774 0.241963 -0.936379 0.254260
-1.820846 -81.432817 295.337910 2482.014310 0.804254 0.048347 -0.592316 -0.576953 -0.175432 -0.797715 0.142479 -0.983304 0.113198
39.173201 -4.021457 5189.456246 -442.354536 0.268265 0.960914 0.068403 0.790730 -0.179083 -0.585385 0.550254 -0.211127 0.807865
31.482048 -3.870128 6713.362597 319.432782 0.218833 0.975679 0.012748 0.788884 -0.169218 -0.590786 0.574260 -0.139340 0.806728
32.922696 -4.307988 6447.024247 -417.262511 0.219895 0.975349 0.018443 0.790569 -0.167096 -0.589134 0.571530 -0.144128 0.807825
39.792160 -3.506826 5141.448466 -284.688109 0.271455 0.960351 0.063545 0.784505 -0.182535 -0.592650 0.557552 -0.210730 0.802950
0.655483 -22.100467 2243.960503 2116.335241 -0.211200 0.207388 0.955188 0.319309 0.938256 -0.133109 -0.923816 0.276888 -0.264381
17.223605 -20.890775 11987.323222 7204.486378 -0.173342 0.154004 0.972746 0.407853 0.910249 -0.071431 -0.896442 0.384356 -0.220595
3.397638 -19.240690 2821.232485 4061.175445 -0.253795 0.048458 0.966044 0.363748 0.930213 0.048901 -0.896256 0.363808 -0.253710
-2.933904 -75.064018 -228.264620 -6054.734455 0.312004 0.915812 0.252868 0.931630 -0.347108 0.107620 0.186332 0.202002 -0.961497
-2.111812 -64.155807 -255.223447 -3328.253313 0.285378 0.923928 0.254786 0.956167 -0.292663 -0.009691 0.065612 0.246383 -0.966949
-3.907731 -70.631253 -630.421170 -6174.148542 0.285484 0.923307 0.256909 0.943895 -0.317313 0.091515 0.166017 0.216369 -0.962093
-4.922809 -86.026036 -239.416836 9481.539262 0.297303 0.916198 0.268685 -0.906999 0.358920 -0.220291 0.298267 0.178204 -0.937699
-4.929623 -81.370205 -427.612671 8372.274432 0.267940 0.926948 0.262632 -0.920334 0.326884 -0.214786 0.284946 0.184159 -0.940687
-3.547836 -66.135815 -412.630888 -6528.021848 0.247018 0.932810 0.262389 0.957516 -0.276554 0.081744 0.148816 0.231049 -0.961494
-2.474197 -53.794669 -261.226139 -1498.136887 0.883144 -0.117182 -0.454230 -0.231577 0.733177 -0.639393 -0.407956 -0.669866 -0.620365
-1.725285 -51.142068 -366.507217 -682.706728 0.883044 -0.133229 -0.449982 -0.294840 0.588486 -0.752830 -0.365107 -0.797455 -0.480378
-1.514152 -54.556437 -418.629132 -1893.089651 0.874846 -0.124884 -0.468027 -0.249478 0.712039 -0.656324 -0.415218 -0.690945 -0.591768
-9.456869 -161.994049 1235.222493 -20403.554362 0.228211 0.963029 0.143162 0.283719 -0.206440 0.936422 -0.931356 0.173084 0.320342
-4.743341 -165.199927 2204.481621 -21707.558005 0.254728 0.960833 0.109149 0.331193 -0.192730 0.923670 -0.908529 0.199135 0.367315
-6.231363 -129.433147 1599.766375 -19301.103505 0.236851 0.962692 0.130863 0.067451 -0.150664 0.986281 -0.969202 0.224775 0.100619
-9.446412 -177.329621 944.982273 -11644.232472 0.222845 0.965209 0.136793 0.557192 -0.241252 0.794566 -0.799923 0.100845 0.591568
-9.500777 -124.906092 951.900140 -17871.214987 0.211707 0.963111 0.166123 0.017427 -0.173669 0.984650 -0.977178 0.205562 0.053551
-12.332097 -171.515745 204.360766 -12304.553615 0.188690 0.967179 0.170177 0.512487 -0.244802 0.823061 -0.837707 0.068090 0.541859
-12.131563 -154.320686 601.001738 -19384.518834 0.200310 0.962769 0.181526 0.236301 -0.227287 0.944723 -0.950809 0.146343 0.273031
6.379709 -76.715423 1382.427992 6904.488569 -0.380082 -0.892345 -0.243431 0.879731 -0.267471 -0.393106 0.285675 -0.363566 0.886684
3.827610 -67.274945 1522.855938 4788.139160 -0.388304 -0.887457 -0.248275 0.833549 -0.223360 -0.505278 0.392957 -0.403151 0.826471
3.177869 -73.707420 784.955043 5473.901172 -0.347855 -0.898727 -0.266996 0.887526 -0.223882 -0.402709 0.302150 -0.377050 0.875522
5.447314 -86.975877 675.869383 5926.054756 -0.321417 -0.907341 -0.270966 0.934312 -0.257299 -0.246695 0.154117 -0.332458 0.930440
1.737632 -75.447313 175.958475 4403.887397 -0.303523 -0.909887 -0.282807 0.911437 -0.190728 -0.364562 0.277771 -0.368414 0.887195
-0.211004 -67.896555 114.116656 2543.748436 -0.320336 -0.906161 -0.276148 0.862840 -0.158777 -0.479893 0.391015 -0.391999 0.832733
-10.501386 -21.100837 149.772460 -1675.075368 0.794757 -0.501834 0.341355 0.476986 0.168670 -0.862575 -0.375293 -0.848359 -0.373420
-10.114210 -24.653121 -961.926832 -1999.858907 0.869364 -0.448657 0.207153 0.359115 0.285613 -0.888517 -0.339474 -0.846836 -0.409421
-10.616577 -20.204673 -895.515389 -1768.736221 0.867876 -0.448328 0.213993 0.347035 0.238911 -0.906912 -0.355468 -0.861350 -0.362930
8.777174 -44.934335 4822.049194 1188.494601 0.280428 0.947498 0.153648 0.930260 -0.228817 -0.286809 0.236594 -0.223362 0.945586
4.846424 -49.225826 -3910.842051 2500.160640 -0.205898 -0.961623 -0.181349 0.969410 -0.175135 -0.171962 0.133602 -0.211209 0.968267
0.291706 -49.186098 5364.396999 320.180810 0.211525 0.964932 0.155445 0.953367 -0.168670 -0.250284 0.215288 -0.201137 0.955612
4.306147 -47.043271 7469.687365 21.442081 0.284021 0.951714 0.116503 0.899785 -0.222583 -0.375292 0.331239 -0.211419 0.919556
-40.457040 -373.846083 2263.308534 16660.719769 0.229379 0.701665 0.674575 0.919896 -0.382764 0.085339 0.318082 0.600964 -0.733257
-47.737930 -366.827928 486.072646 -70293.713557 0.265071 0.718678 0.642837 -0.732776 0.583469 -0.350149 0.626719 0.378241 -0.681291
-45.213354 -492.003331 369.454760 60961.534248 0.207397 0.768199 0.605688 0.933547 -0.340461 0.112149 0.292365 0.542178 -0.787760
-40.050965 -328.696173 -175.377098 -65745.383966 0.220610 0.681550 0.697725 -0.697607 0.610207 -0.375488 0.681671 0.403902 -0.610072
-40.753661 -452.116948 -288.682565 -96354.893033 0.267536 0.721610 0.638516 0.960050 -0.143215 -0.240404 -0.082033 0.677324 -0.731097
-37.332476 -368.068554 1203.703357 -49207.917569 0.200508 0.697351 0.688112 0.978735 -0.111548 -0.172147 -0.043289 0.707997 -0.704888
-36.035629 -337.598509 -3081.354623 19964.653836 0.209813 0.695868 0.686838 0.907810 -0.399537 0.127476 0.363124 0.596772 -0.715544
-269.190483 -10042.368978 3907.506198 -2481138.392068 0.149945 0.952506 0.265046 -0.758528 0.282774 -0.587090 0.634154 0.113014 -0.764903
-84.510895 -2263.556064 12189.600369 1101968.434101 0.150682 0.952911 0.263163 -0.917093 0.234132 -0.322680 0.369101 0.192723 -0.909188
310.907295 -10806.082718 94824.607395 -12059198.599179 0.175252 0.916095 0.360633 -0.361808 0.400598 -0.841793 0.915632 -0.017046 -0.401657
-699.264900 -10541.141981 -99411.821479 -5100191.768532 0.105949 0.976608 0.187113 0.980938 -0.071824 -0.180561 -0.162899 0.202676 -0.965602
-62.968330 -1424.094856 20487.027631 -253088.470628 0.167484 0.931130 0.323954 -0.064251 0.338206 -0.938876 0.983779 -0.136432 -0.116470
-1826.902216 -2780.905628 1406207.963787 998695.634852 0.877350 -0.476271 0.058504 0.449950 0.858909 0.244582 0.166737 0.188260 -0.967862
-609.034841 -9940.719241 266823.504516 -8516591.662781 0.227771 0.940325 0.252804 -0.151937 0.290771 -0.944652 0.961788 -0.176754 -0.209099
-1617.764558 -5952.633815 465359.582627 -9483294.789651 -0.409747 0.911203 0.042619 -0.375765 -0.211177 0.902333 -0.831209 -0.353713 -0.428928
-343.759857 -3746.601525 129946.886483 -2387138.061442 -0.488961 0.871839 0.028507 -0.121237 -0.100285 0.987545 -0.863839 -0.479415 -0.154735
-204.308800 -9984.255356 125458.728975 16663085.695867 -0.283091 0.959068 0.006911 -0.919048 -0.269203 -0.287889 0.274245 0.087851 -0.957639
-421.125364 -3416.938385 110143.683914 721259.991148 -0.223119 0.970213 -0.094366 -0.806405 -0.238099 -0.541313 0.547657 0.044680 -0.835509
-985.446016 -7893.869544 342396.768188 -14709488.111261 -0.276356 0.961043 -0.004900 0.227221 0.060384 -0.971969 0.933808 0.269723 0.235057
13.478332 -37.196928 -8733.639444 247.180366 0.630862 -0.037395 -0.774993 0.770899 -0.082964 0.631532 -0.087913 -0.995851 -0.023511
11.226086 -37.916626 -7601.219327 244.143400 0.650865 -0.043622 -0.757939 0.736143 -0.207873 0.644113 -0.185653 -0.977183 -0.103185
-0.341065 -38.495707 -4563.210309 228.811787 0.603450 -0.017718 -0.797204 0.794149 -0.076835 0.602846 -0.071934 -0.996886 -0.032296
7.344742 -53.405799 -2957.932387 4108.225025 -0.204119 -0.956910 -0.206538 0.978298 -0.191717 -0.078598 0.035614 -0.218100 0.975276
0.838367 -64.551633 -3181.620704 4734.071508 -0.143173 -0.970618 -0.193395 0.983156 -0.161914 0.084778 -0.113600 -0.178000 0.977451
1.618921 -57.230275 -3345.007540 5194.441200 -0.129871 -0.972500 -0.193332 0.991127 -0.121764 -0.053293 0.028286 -0.198537 0.979685
-4.524280 -22.269554 2020.469724 -684.541661 0.140092 0.931338 0.336130 0.813159 0.085472 -0.575731 0.564930 -0.353983 0.745352
-11.724683 -24.536015 2411.597763 -520.154439 0.051810 0.903284 0.425904 0.789930 0.223862 -0.570873 0.611004 -0.366011 0.701933
-1.864711 -24.289058 2361.966847 -940.670842 0.133024 0.933533 0.332899 0.770604 0.113807 -0.627071 0.623277 -0.339948 0.704245
3.740970 -23.051173 1399.853684 -581.547087 0.213655 0.933812 0.286960 0.774585 0.017062 -0.632239 0.595289 -0.357356 0.719672
1.565620 -19.983881 1114.212983 -391.165068 0.227631 0.928386 0.293739 0.815207 -0.016709 -0.578928 0.532561 -0.371240 0.760631
11.867552 -26.969091 3824.294939 168.459208 0.156053 0.953100 0.259322 0.595705 0.118606 -0.794398 0.787898 -0.278448 0.549258
12.606262 -26.118234 363.063575 1073.532365 0.345371 0.900242 0.265109 0.585352 0.014162 -0.810656 0.733541 -0.435159 0.522067
9.187062 -26.255882 2941.607752 -232.600286 0.192579 0.944992 0.264394 0.663416 0.073149 -0.744666 0.723043 -0.318810 0.612836
10.913553 -51.196446 -392.820261 11679.348300 0.687027 -0.117239 -0.717111 0.679459 -0.246140 0.691195 0.257545 0.962117 0.089446
4.001132 -52.803001 -2244.285325 14736.371202 0.744412 -0.078242 -0.663121 0.623326 -0.274645 0.732144 0.239407 0.958357 0.155679
7.473206 -70.771539 1918.598731 15194.352630 -0.696598 0.079735 0.713018 0.698242 -0.153148 0.699288 0.164955 0.984981 0.051009
-655.193477 -855.247529 -185675.902820 320906.415367 -0.348320 0.431592 -0.832107 0.551960 0.811919 0.190071 0.757637 -0.393084 -0.521029
-792.072701 -1839.119571 200028.367609 -930844.909866 0.337597 0.908573 0.246017 -0.504516 0.395305 -0.767592 0.794665 -0.135017 -0.591843
-286.230594 -1439.274153 -107712.430044 404223.281175 -0.533458 -0.028487 -0.845347 0.100695 0.990186 -0.096912 0.839811 -0.136821 -0.525354
15.766518 -72.572361 2473.313783 -14171.348846 0.919575 -0.076756 -0.385345 -0.322376 -0.708058 -0.628273 0.224623 -0.701970 0.675856
15.845049 -55.425107 4987.614242 -8542.475673 0.923260 -0.037339 -0.382357 -0.334859 -0.566063 -0.753288 0.188311 -0.823516 0.535126
20.712804 -54.424448 3135.402597 -3619.845724 0.963629 -0.033911 -0.265082 -0.220316 -0.662230 -0.716179 0.151259 -0.748533 0.645616
9.387819 -31.455235 2344.016135 -305.142636 0.986634 -0.161563 0.021233 -0.029983 -0.051913 0.998201 0.160170 0.985496 0.056063
-1.574985 -40.025225 -2519.521717 3738.489787 0.968387 -0.070983 0.239142 -0.241518 -0.026903 0.970023 0.062422 0.997115 0.043197
0.891918 -31.002636 1880.532199 -634.870087 0.984132 -0.160632 -0.075376 0.071839 -0.027721 0.997031 0.162245 0.986625 0.015741
5.050425 -33.458348 4104.912371 3599.791590 0.939035 -0.216019 -0.267487 0.252614 -0.094280 0.962963 0.233237 0.971827 0.033963
-10.464839 -30.822994 385.511689 -886.848542 0.965150 -0.159922 -0.207150 0.213794 0.025331 0.976550 0.150925 0.986805 -0.058639
-3.603145 -43.854374 2486.685345 4497.561057 0.841762 -0.213888 -0.495670 0.497404 -0.049581 0.866101 0.209824 0.975599 -0.064653
-3.931582 -17.952606 -1049.865456 -2060.985872 -0.702085 -0.080141 0.707569 -0.249023 0.958539 -0.138526 -0.667131 -0.273458 -0.692933
-2.105249 -14.350662 -959.468366 -1284.825622 -0.727817 0.055153 0.683550 -0.184042 0.944486 -0.272168 -0.660614 -0.323890 -0.677262
-6.221400 -20.322062 -647.983879 -2359.291168 -0.643058 -0.234873 0.728911 -0.361481 0.932195 -0.018530 -0.675135 -0.275403 -0.684358
-7.740872 -25.518711 -703.803085 -2128.759431 -0.635280 -0.270335 0.723421 -0.332316 0.941263 0.059913 -0.697126 -0.202343 -0.687803
-5.374737 -23.842750 -1152.447497 -2225.094326 -0.686785 -0.148829 0.711460 -0.251405 0.967039 -0.040392 -0.681998 -0.206605 -0.701565
-27.358811 -38.193864 -403.006474 -3847.393558 0.792933 -0.226190 0.565770 -0.576521 0.021977 0.816787 0.197183 0.973835 0.112977
-25.255039 -30.761936 229.260085 -5076.932091 0.867033 -0.252580 0.429486 -0.429142 0.059415 0.901281 0.253163 0.965750 0.056878
-23.263242 -31.403612 -2043.988382 4748.282320 0.520656 -0.103976 0.847411 0.832650 -0.157544 -0.530917 0.188707 0.982023 0.004549
-27.798961 -35.559974 739.017506 -2736.014891 0.936190 -0.306958 0.171245 -0.209111 -0.094790 0.973287 0.282525 0.946991 0.152930
-29.224911 -42.255620 1.226527 -2428.360406 0.837405 -0.278627 0.470234 -0.504340 -0.062248 0.861258 0.210699 0.958380 0.192650
4.814941 -57.349873 12441.073462 -10245.138190 0.180033 -0.329867 -0.926702 -0.488635 0.787647 -0.375298 0.853712 0.520385 -0.019382
-2.521102 -47.313260 17376.382260 -5028.513099 0.003987 -0.314810 -0.949146 -0.680874 0.694302 -0.233144 0.732390 0.647179 -0.211577
-25.924424 -217.803188 13550.692949 -105178.319640 -0.077111 -0.057584 -0.995358 -0.253128 0.966751 -0.036319 0.964355 0.249152 -0.089123
30.838743 -41.495776 -3245.435355 -5695.533323 0.540482 0.822654 -0.176405 0.308460 0.001320 0.951236 -0.782772 0.568540 0.253043
29.004562 -38.549069 -7879.544658 -4852.802207 0.446770 0.880081 -0.160791 0.298125 0.022999 0.954250 -0.843516 0.474266 0.252098
33.799915 -24.054442 -3899.611991 -1802.799995 0.525199 0.825442 -0.206910 0.295966 0.050784 0.953848 -0.797853 0.562198 0.217631
33.086458 -25.616077 2312.924386 -2664.126665 0.612340 0.757722 -0.225604 0.292590 0.047902 0.955037 -0.734459 0.650818 0.192370
33.250181 -16.842223 -1277.211860 -249.362883 0.578879 0.752690 -0.313619 0.322148 0.142217 0.935946 -0.749079 0.642831 0.160151
27.839112 -15.860703 -47.612508 -5.639028 0.561727 0.801427 -0.205372 0.251939 0.070742 0.965154 -0.788029 0.593894 0.162173
2.512699 -36.402795 4741.567579 -278.776280 0.403113 -0.244105 -0.881993 -0.223342 0.908386 -0.353488 0.887479 0.339482 0.311663
7.695424 -34.936097 6181.361293 87.319271 0.398112 -0.275701 -0.874926 -0.314715 0.854833 -0.412572 0.861662 0.439602 0.253552
-6.135601 -35.527544 1895.372277 62.422965 0.432299 -0.214751 -0.875785 -0.281397 0.890597 -0.357285 0.856699 0.400897 0.324574
-8.733266 -36.358588 1715.690669 -754.396923 0.438473 -0.177494 -0.881043 -0.191799 0.939242 -0.284672 0.878040 0.293804 0.377789
-1.732175 -36.933967 3303.041972 -342.938146 0.416350 -0.203721 -0.886087 -0.138165 0.949079 -0.283123 0.898645 0.240305 0.367002
12.318343 -37.807470 -2686.199058 -677.035803 0.893054 0.153412 -0.422989 0.446898 -0.411741 0.794199 0.052322 0.898295 0.436266
6.655465 -36.600006 -1557.949183 -875.474378 0.903068 0.155620 -0.400313 0.428114 -0.400907 0.809933 0.034446 0.902804 0.428670
10.454891 -35.510587 -1850.371741 -1077.182434 0.879785 0.154193 -0.449670 0.475370 -0.282839 0.833082 -0.001271 0.946692 0.322137
-3.410419 -43.644771 130.549336 107.289376 0.507944 0.143230 -0.849399 -0.402443 0.911302 -0.086993 0.761599 0.386022 0.520532
-2.866265 -40.855797 122.801673 -214.427180 0.481550 0.239290 -0.843119 -0.315799 0.944758 0.087768 0.817545 0.223991 0.530516
-1.535683 -42.417146 138.644295 -343.071822 0.493797 0.183150 -0.850071 -0.254967 0.965097 0.059826 0.831358 0.187198 0.523259
42.872334 -29.919703 -2399.474080 1487.601868 0.584294 0.438075 -0.683147 0.811098 -0.287402 0.509431 0.026831 -0.851757 -0.523250
41.547144 -27.547575 -3711.430313 1049.845906 0.605167 0.410849 -0.681891 0.793842 -0.246989 0.555707 0.059892 -0.877610 -0.475619
149.164744 -29.582300 -28907.320610 191.654113 0.702423 0.498267 -0.508264 -0.690558 0.304089 -0.656247 0.172429 -0.811948 -0.557681
164.868661 -26.098828 -43816.943893 344.531450 0.708046 0.476956 -0.520753 -0.698682 0.366076 -0.614680 0.102540 -0.799063 -0.592439
41.586647 -27.888147 -3637.611195 181.094297 0.579820 0.435334 -0.688690 0.814076 -0.343803 0.468060 -0.033011 -0.832036 -0.553738
-15.236406 -41.714662 -1078.949001 803.418288 -0.685908 -0.231982 0.689721 -0.271873 0.960883 0.052815 -0.674993 -0.151291 -0.722147
-13.172451 -41.655822 -1323.894494 543.899801 -0.717007 -0.234426 0.656464 -0.287565 0.957358 0.027791 -0.634986 -0.168850 -0.753845
-14.566239 -42.334246 -1309.291736 -162.924369 -0.683030 -0.239377 0.690050 -0.391394 0.917626 -0.069089 -0.616669 -0.317271 -0.720457
-12.899085 -39.403590 -1038.858338 1019.683263 -0.713124 -0.241505 0.658125 -0.176871 0.970399 0.164445 -0.678359 0.000866 -0.734730
-17.056464 -42.729846 -600.573742 249.874668 -0.642086 -0.254117 0.723291 -0.397039 0.917305 -0.030182 -0.655809 -0.306554 -0.689884
-14.175113 -38.973522 -635.135230 1149.919456 -0.685672 -0.218379 0.694380 -0.139899 0.975688 0.168704 -0.714340 0.018532 -0.699554
-16.485511 -41.416891 29.798174 887.258508 -0.651095 -0.222888 0.725532 -0.257001 0.964184 0.065570 -0.714161 -0.143771 -0.685058
4.029570 -94.163779 240.488267 -1086.559449 -0.548101 -0.754692 0.360589 0.786287 -0.317912 0.529797 -0.285198 0.573909 0.767653
2.443684 -94.432268 165.899293 -223.093407 -0.559357 -0.759342 0.332445 0.697972 -0.215104 0.683056 -0.447163 0.614109 0.650319
4.051052 -91.751630 507.368464 581.126936 -0.554293 -0.754201 0.352052 0.710308 -0.208164 0.672406 -0.433845 0.622775 0.651099
0.392162 -80.561632 809.846841 -1352.077862 0.652625 0.642210 -0.402053 0.422765 0.131703 0.896618 -0.628768 0.755130 0.185551
-2.772432 -78.250907 1017.565813 -1645.925011 0.667002 0.646131 -0.370977 0.392959 0.117950 0.911960 -0.633002 0.754057 0.175230
-2.448527 -82.600372 1003.230958 -330.386703 0.647149 0.637095 -0.418697 0.559893 -0.024435 0.828204 -0.517414 0.770398 0.372519
0.826282 -84.424923 976.877858 41.214874 0.632553 0.635545 -0.442672 0.585770 -0.018645 0.810263 -0.506705 0.771839 0.384077
-1.118592 -84.301947 -1127.781539 783.924992 -0.624606 -0.635479 0.453909 0.690266 -0.177413 0.701468 -0.365239 0.751459 0.549463
-4.727433 -83.128051 -1025.794092 411.945282 -0.639614 -0.636879 0.430441 0.668873 -0.185163 0.719947 -0.378817 0.748398 0.544424
9.368579 -20.880721 8674.712910 -534.462277 0.484807 0.678285 0.552170 -0.338418 -0.436673 0.833541 -0.806496 0.590970 -0.017842
-1.331163 -18.823742 2697.067375 345.987405 0.445393 0.665568 0.598869 -0.341518 -0.492013 0.800805 -0.827641 0.561198 -0.008164
5.136380 -20.383907 3022.118789 -0.541516 0.499145 0.758661 0.418673 -0.184787 -0.378858 0.906819 -0.846586 0.530000 0.048914
9.583942 -126.888132 384.439126 -9111.899029 0.614535 0.783344 -0.093370 0.465572 -0.264579 0.844536 -0.636859 0.562467 0.527296
9.787292 -118.538426 -202.448174 -5581.455816 0.603632 0.786058 -0.133194 0.535520 -0.275994 0.798151 -0.590633 0.553118 0.587549
11.505995 -149.422795 -1158.672342 -8039.886127 0.575767 0.809226 -0.116817 0.652577 -0.368756 0.661939 -0.492581 0.457354 0.740399
10.844219 -152.687294 1400.496894 -9017.357661 0.590912 0.798676 -0.113755 0.624750 -0.363828 0.690881 -0.510403 0.479319 0.713963
10.926867 -155.541068 1738.466427 -10474.100361 0.596115 0.796088 -0.104353 0.600158 -0.355474 0.716553 -0.533345 0.489777 0.689683
8.913075 -131.585812 -102.781307 -8740.884128 0.602669 0.796454 -0.049497 0.427172 -0.269602 0.863040 -0.674028 0.541272 0.502704
6.658133 -107.583237 596.054839 -11473.926018 0.626119 0.779415 -0.022068 0.225907 -0.154242 0.961860 -0.746285 0.607224 0.272650
-20.413201 -139.596071 -2861.227105 5505.578739 0.644169 0.725935 -0.240966 -0.743749 0.668020 0.024230 -0.178559 -0.163610 -0.970231
-23.878003 -143.829031 -760.398910 -5425.175803 0.689116 0.704032 -0.171633 0.714989 -0.699130 0.002916 -0.117941 -0.124725 -0.985157
-17.382560 -144.739963 -1471.012209 -4018.453384 0.627209 0.747585 -0.218463 0.778035 -0.588558 0.219686 0.035655 -0.307761 -0.950796
-12.093990 -138.147934 -1068.709747 6880.784620 0.621071 0.756734 -0.204022 0.737591 -0.476320 0.478622 0.265010 -0.447743 -0.853988
-10.125292 -133.672084 -3548.526409 3274.731444 0.588644 0.751836 -0.297051 0.788567 -0.453156 0.415707 0.177933 -0.478949 -0.859621
-0.306915 -8.680402 -468.092292 289.760409 0.881403 -0.297260 -0.367105 -0.384761 -0.902636 -0.192892 0.274023 -0.311263 0.909960
3.963603 -10.272794 -1979.628058 -7.336896 0.834353 -0.397919 -0.381464 -0.482702 -0.861593 -0.157025 0.266183 -0.315148 0.910949
-1.983793 -7.477484 -520.783348 -248.672584 0.717597 -0.559067 -0.415330 -0.645015 -0.758423 -0.093543 0.262699 -0.335021 0.904848
-2.816310 -6.289206 140.325026 131.778608 0.864534 -0.325137 -0.383233 -0.422082 -0.883658 -0.202473 0.272816 -0.336801 0.901186
-1.261298 -7.954969 -134.517664 466.494374 0.935919 -0.127460 -0.328344 -0.218855 -0.940867 -0.258595 0.275968 -0.313884 0.908470
37.975980 -134.527637 -8186.589401 -1453.946724 0.524958 0.806122 -0.273105 0.654490 -0.177199 0.735013 0.544116 -0.564595 -0.620620
112.703668 -134.066214 -38644.915915 -11384.689580 0.580859 0.783956 -0.219124 0.677322 -0.316177 0.664279 0.451484 -0.534270 -0.714645
55.046131 -125.345596 -12341.062377 -15265.830265 0.515564 0.805675 -0.291686 0.781785 -0.302965 0.545000 0.350722 -0.509018 -0.786063
-7.285072 -189.812320 -1594.073371 19184.066265 0.672061 0.722081 -0.164114 0.136775 0.096766 0.985865 -0.727755 0.685007 0.033730
-12.471642 -197.945686 -2097.967065 20060.440991 0.679616 0.711764 -0.177523 0.084649 0.164290 0.982773 -0.728668 0.682935 -0.051404
-6.112019 -201.743917 -1398.826223 12999.948978 0.667879 0.727925 -0.155122 -0.066370 0.265841 0.961730 -0.741305 0.632023 -0.225862
-13.650861 -175.249244 -2321.155308 19822.951491 0.683256 0.709923 -0.170795 0.255711 -0.013544 0.966658 -0.683940 0.704149 0.190789
-0.676665 -189.189836 -998.457338 11629.233762 0.666099 0.731715 -0.144586 -0.002047 0.195643 0.980673 -0.745860 0.652930 -0.131816
-6.186427 -231.772283 -17835.666115 64339.522295 0.528397 0.426827 -0.733904 0.837280 -0.118862 0.533698 0.140563 -0.896488 -0.420180
17.636952 -164.879044 -14090.852139 44412.507143 0.502703 0.456862 -0.733871 0.851825 -0.117182 0.510552 0.147255 -0.881785 -0.448075
19.878617 -299.416315 -23436.389598 71539.061659 0.618693 0.335850 -0.710228 0.763686 -0.469284 0.443347 -0.184400 -0.816687 -0.546826
4.516700 -726.827891 -5418.745291 -283739.440650 0.919315 0.382927 0.090704 0.361017 -0.728940 -0.581647 0.156610 -0.567462 0.808369
-12.678573 -814.924743 -7101.991490 -334339.130979 0.887523 0.445442 0.117828 0.445087 -0.762688 -0.469261 0.119163 -0.468923 0.875164
-41.322576 -1246.809872 -11523.783029 -556976.773177 0.918775 0.385967 0.082954 0.394403 -0.888205 -0.235667 0.017280 -0.249242 0.968287
-8.208280 -522.571083 3805.979781 -188809.705762 0.899762 0.420227 0.117634 0.423182 -0.774448 -0.470264 0.106516 -0.472906 0.874651
-42.896705 -1609.845959 11321.511922 -953322.857364 0.878486 0.458375 0.134736 0.393599 -0.534492 -0.747929 0.270816 -0.710078 0.649960
-30.719109 -806.881406 -5898.363260 175971.247364 -0.676410 -0.581835 0.451594 -0.349910 0.793387 0.498097 -0.648099 0.178900 -0.740245
-264.517321 -19346.283126 -43812.944642 10450043.075343 0.709320 0.657078 -0.255173 -0.197521 0.532786 0.822876 -0.676647 0.533280 -0.507702
-13.656140 -1877.089931 -10828.263927 238902.428370 -0.647813 -0.656151 0.387045 -0.676643 0.729019 0.103369 -0.349988 -0.194928 -0.916249
-93.694214 -1079.662528 -15087.134483 -136688.127242 -0.657447 -0.560771 0.503288 -0.633973 0.772661 0.032751 -0.407237 -0.297539 -0.863498
-25.576995 -2104.845462 21299.983677 850488.828530 -0.608676 -0.656081 0.446175 -0.433298 0.745950 0.505778 -0.664656 0.114528 -0.738320
-4.943652 -34.178068 5494.506528 1912.588554 -0.048574 -0.085688 0.995137 0.997323 -0.058682 0.043628 0.054658 0.994592 0.088309
-0.682273 -40.857221 6411.959207 1855.402137 -0.112194 -0.097711 0.988871 0.992096 0.045260 0.117032 -0.056192 0.994185 0.091861
6.598855 -32.393621 5987.833485 2000.365802 -0.157737 -0.067498 0.985172 0.986255 -0.060468 0.153768 0.049192 0.995885 0.076108
-7.569614 -43.966625 -2299.993975 229.397316 0.756457 0.653627 0.023344 0.653858 -0.754910 -0.050790 0.015575 -0.053684 0.998436
-9.108804 -52.105417 -3732.324815 -3579.896077 0.735456 0.676569 0.036865 -0.674480 0.736207 -0.055450 -0.064656 0.015917 0.997781
-3.558973 -50.799391 -1652.036856 -3803.289431 0.774583 0.632376 0.011088 -0.631475 0.774226 -0.042573 -0.035507 0.025974 0.999032
-1.976140 -43.037041 -615.933420 777.943163 0.797729 0.602969 0.007509 0.603012 -0.797709 -0.006104 -0.002309 -0.009397 0.999953
-98.435597 -1661.655575 31968.727177 -115148.888447 0.084183 0.957429 -0.276120 0.954740 0.001833 0.297435 0.285279 -0.288662 -0.913942
52.236242 -3755.021497 -63896.680150 1585484.439294 0.134136 0.924989 -0.355531 0.975505 -0.186376 -0.116854 -0.174351 -0.331148 -0.927331
-36.372915 -1381.424645 -36448.469657 -2809.385175 0.172065 0.951771 -0.254018 -0.924598 0.067071 -0.374994 0.339871 -0.299388 -0.891546
529.032228 -25434.723385 672857.381780 32828615.251363 -0.006052 0.993544 -0.113283 -0.968142 0.022537 0.249384 -0.250327 -0.111184 -0.961756
-57.540021 -1433.972080 24038.549146 -22189.484763 -0.008429 0.941924 -0.335721 -0.685475 -0.249881 -0.683874 0.728048 -0.224364 -0.647771
-11.943025 -251.189676 6716.911032 -42171.908159 0.086948 0.974557 -0.206588 -0.704743 -0.086398 -0.704182 0.704115 -0.206819 -0.679300
-32.471447 -225.364826 10226.213618 16527.911935 0.109936 0.992411 -0.055086 -0.942838 0.086582 -0.321808 0.314597 -0.087315 -0.945201
-39.220103 -566.060407 7765.180732 -157197.696111 -0.034047 -0.863586 0.503050 0.990147 -0.097556 -0.100459 0.135830 0.494673 0.858399
-46.707190 -767.861177 8938.680881 -256710.964126 -0.011733 -0.813590 0.581321 0.994193 -0.071684 -0.080259 0.106969 0.577003 0.809707
-41.771300 -463.063794 694.340887 -126262.788126 -0.004237 -0.780787 0.624783 0.959142 0.173577 0.223423 -0.282894 0.600202 0.748150
-33.154303 -842.055296 -9629.687333 -286166.283131 0.046150 0.842123 -0.537307 0.828756 -0.332575 -0.450063 0.557703 0.424526 0.713263
-9.450858 -1142.398364 11958.540227 -348310.861277 -0.206572 -0.816377 0.539312 0.948389 -0.031526 0.315538 -0.240596 0.576659 0.780755
-24.179466 -1948.494500 12376.261292 -624697.928067 -0.142047 -0.825238 0.546631 0.970121 -0.225795 -0.088784 0.196694 0.517686 0.832654
12.458260 -87.894859 -72.935964 5324.901572 -0.628927 -0.554483 0.544977 0.777463 -0.447393 0.442029 -0.001279 0.701704 0.712468
17.728105 -99.124439 1093.012994 8971.217789 -0.622815 -0.549336 0.557074 0.780445 -0.486135 0.393164 0.054834 0.679634 0.731499
17.585818 -76.118792 -916.456300 9409.599797 -0.676531 -0.502955 0.537905 0.701039 -0.663529 0.261291 0.225498 0.553864 0.801489
-9.597052 -179.388734 3372.292135 -27555.219356 -0.025003 0.941812 -0.335208 -0.916051 -0.155847 -0.369544 0.400283 -0.297828 -0.866644
5.224543 -132.779377 3000.153105 -17849.108343 0.006613 0.944320 -0.328962 -0.920204 -0.123009 -0.371609 0.391383 -0.305169 -0.868154
1.729730 -125.052212 2612.137006 -15912.900582 0.095023 0.950999 -0.294230 -0.804435 -0.100750 -0.585435 0.586392 -0.292319 -0.755443
-5.393056 -146.596191 2354.563395 -18649.031730 0.109920 0.947121 -0.301461 -0.782084 -0.104762 -0.614305 0.613403 -0.303292 -0.729213
-17.042808 -178.433601 2641.054197 -22733.175180 0.077806 0.938129 -0.337432 -0.786046 -0.150466 -0.599576 0.613251 -0.311888 -0.725706
-28.897675 -231.703600 4742.549978 -38757.025941 -0.053944 0.934945 -0.350667 -0.923156 -0.180556 -0.339385 0.380622 -0.305412 -0.872840
-38.140762 -60.243281 -153.514074 -2734.178271 -0.611355 0.192220 0.767656 -0.115409 0.938024 -0.326791 -0.782895 -0.288380 -0.551282
-32.571001 -57.654337 -1241.558189 -3622.666813 -0.498534 0.022523 0.866578 -0.260621 0.949520 -0.174611 -0.826765 -0.312898 -0.467498
27.581592 -78.630150 1789.264667 -5203.749301 0.879532 -0.202709 -0.430502 -0.383305 0.234272 -0.893417 -0.281958 -0.950803 -0.128351
37.276478 -75.062126 5880.045227 -6093.668356 0.887338 -0.250028 -0.387449 -0.346774 0.192001 -0.918087 -0.303938 -0.949011 -0.083667
25.436261 -74.959151 454.727763 -4758.413573 0.880584 -0.172440 -0.441403 -0.411333 0.184406 -0.892636 -0.235324 -0.967605 -0.091455
-39.316707 -51.193280 -1651.288466 2072.435144 0.771505 -0.624143 -0.123394 -0.594647 -0.638435 -0.488667 -0.226219 -0.450385 0.863700
-40.710265 -56.365577 -919.534548 -1490.901340 0.666592 -0.706116 -0.238861 0.743705 0.608252 0.277366 -0.050565 -0.362532 0.930599
-37.797898 -52.717800 -135.089243 1942.841301 0.720078 -0.688156 -0.089044 -0.660467 -0.640375 -0.392050 -0.212770 -0.341117 0.915624
15.187547 -57.278323 2175.258926 5101.229380 -0.197050 -0.594272 0.779751 -0.486884 0.749652 0.448292 -0.850949 -0.291313 -0.437061
17.808790 -67.713993 1077.181786 5789.119217 -0.260521 -0.611099 0.747454 -0.551117 0.729791 0.404569 -0.792716 -0.306536 -0.526912
42.844022 -100.374688 11117.799429 -15877.062749 0.225636 0.974132 0.012449 -0.167779 0.051443 -0.984482 0.959656 -0.220046 -0.175046
30.506478 -114.263274 8724.380728 -14445.308195 0.182099 0.978702 0.094772 -0.280004 0.144007 -0.949136 0.942570 -0.146300 -0.300264
34.484915 -125.716596 9187.166080 -5339.989947 0.184462 0.975877 0.116777 -0.474104 0.192429 -0.859183 0.860929 -0.103122 -0.498164
43.959839 -134.181258 7689.404194 830.009422 0.240310 0.966299 0.092288 -0.646874 0.230304 -0.726990 0.723744 -0.115004 -0.680418
78.246399 -141.994979 17728.767756 -5340.286695 0.272959 0.962023 -0.002471 -0.597476 0.167511 -0.784196 0.754000 -0.215529 -0.620509
18.057576 -32.473310 6821.954023 798.212172 0.047717 -0.175725 -0.983282 0.281487 0.946872 -0.155558 0.958378 -0.269358 0.094646
31.657053 -31.093513 6260.316910 1683.023701 0.126537 -0.120676 -0.984594 0.182644 0.978437 -0.096449 0.975002 -0.167626 0.145849
37.681612 -29.095424 9486.778809 1647.603242 -0.011080 -0.162051 -0.986720 0.039969 0.985920 -0.162369 0.999139 -0.041237 -0.004447
21.606754 -29.859241 3003.070560 455.081434 -0.581834 0.390224 0.713578 -0.260924 0.741440 -0.618212 -0.770317 -0.545886 -0.329576
17.341189 -26.707513 3028.481372 896.907395 -0.573805 0.372734 0.729258 -0.187859 0.806791 -0.560176 -0.797156 -0.458429 -0.392919
10.966163 -25.708384 2680.654123 893.793193 -0.560531 0.438729 0.702369 -0.137382 0.787119 -0.601306 -0.816659 -0.433544 -0.380931
14.871478 -63.696124 1125.636561 -2595.898954 0.740916 -0.136329 -0.657615 -0.445147 -0.832879 -0.328872 0.502879 -0.536402 0.677780
13.343945 -62.523034 1368.931220 1472.449602 0.734348 -0.078399 -0.674231 -0.506095 -0.725171 -0.466899 0.452328 -0.684091 0.572205
8.979652 -59.303830 696.665112 368.609090 0.719452 -0.070441 -0.690960 -0.501951 -0.740324 -0.447176 0.480035 -0.668550 0.567986
0.401406 -93.658069 398.411721 8116.819599 0.783132 0.051901 -0.619685 -0.519701 -0.492606 -0.698034 0.341489 -0.868704 0.358802
-1.447192 -105.773613 -38.189458 2230.056513 0.797873 0.033586 -0.601890 -0.411297 -0.699625 -0.584260 0.440720 -0.713720 0.544398
-2.070439 -100.114077 -5.789150 603.542011 0.792309 0.016745 -0.609891 -0.426403 -0.699768 -0.573153 0.436380 -0.714174 0.547292
-0.427801 -105.260272 225.116044 5840.305275 0.793930 0.055697 -0.605452 -0.433229 -0.646862 -0.627600 0.426599 -0.760571 0.489434
26.237441 -4.947508 6767.713428 790.661829 0.171727 0.984579 0.033369 0.804258 -0.120553 -0.581924 0.568928 -0.126770 0.812558
15.635960 -5.296669 4836.041636 528.922805 0.115936 0.992621 0.035535 0.805453 -0.073020 -0.588144 0.581209 -0.096809 0.807975
37.058360 -3.497328 5128.000313 616.388612 0.277403 0.957917 0.073774 0.789444 -0.183504 -0.585751 0.547563 -0.220729 0.807126
39.801126 -3.319879 4791.551169 90.429382 0.286975 0.954891 0.076349 0.788413 -0.190168 -0.585013 0.544105 -0.228078 0.807422
-1.920359 -69.681895 160.249393 -2815.441683 0.313363 0.914139 0.257204 0.944838 -0.327312 0.012177 0.095318 0.239200 -0.966281
-1.085943 -63.949948 309.795712 -1338.117718 0.267026 0.926779 0.264156 0.963218 -0.248097 -0.103248 -0.030151 0.282010 -0.958938
-0.527771 -59.360411 -294.936156 -1762.304629 0.868504 -0.125541 -0.479521 -0.165986 0.837886 -0.519995 -0.467065 -0.531212 -0.706869
0.207408 -62.660570 60.871383 -772.323149 -0.869171 0.130222 0.477057 -0.055260 0.933086 -0.355383 -0.491414 -0.335251 -0.803815
-0.343034 -63.501570 118.530476 -654.181556 -0.869136 0.125341 0.478426 -0.042544 0.944819 -0.324819 -0.492739 -0.302666 -0.815844
-4.714326 -81.549797 220.434341 -2099.148720 0.744175 -0.242394 -0.622454 -0.090490 0.886667 -0.453469 0.661827 0.393786 0.637901
-6.716853 -87.187272 229.950306 -595.166661 0.747254 -0.258769 -0.612087 -0.223262 0.769774 -0.597999 0.625912 0.583513 0.517443
-6.098730 -79.254657 -829.836581 -580.876454 0.758441 -0.186505 -0.624487 -0.171172 0.867541 -0.466983 0.628862 0.461073 0.626054
-0.356258 -131.178300 2414.612910 -20506.975137 0.244110 0.965416 0.091554 0.120114 -0.123784 0.985013 -0.962280 0.229454 0.146177
1.182709 -163.563420 2165.454095 -18762.478676 0.239362 0.966607 0.091522 0.382663 -0.180550 0.906075 -0.892343 0.181858 0.413101
-4.643724 -180.529472 2042.280830 -11106.338263 0.249721 0.962426 0.106653 0.603320 -0.240795 0.760278 -0.757393 0.125512 0.640783
5.617823 -65.842761 -1235.951173 6130.456337 0.420869 0.883417 0.206018 0.810996 -0.264691 -0.521750 0.406392 -0.386668 0.827849
2.759342 -59.075209 -946.060789 2226.432146 0.395042 0.888050 0.235178 0.776930 -0.186352 -0.601376 0.490226 -0.420286 0.763569
1.247392 -62.423876 -1269.005477 459.741233 0.373223 0.889606 0.263260 0.792468 -0.158152 -0.589052 0.482389 -0.428473 0.764011
-8.909385 -26.081032 -912.683094 -1337.902768 0.900015 -0.417095 0.126512 0.300969 0.384772 -0.872564 -0.315264 -0.823397 -0.471833
-13.143255 -24.040323 -1685.869139 -736.283931 0.941260 -0.337466 -0.012090 0.141793 0.427477 -0.892837 -0.306470 -0.838678 -0.450217
14.329954 -44.022259 -1274.714812 2846.867573 -0.296440 -0.928802 -0.222372 0.944035 -0.249705 -0.215509 0.144638 -0.273812 0.950845
-49.624043 -453.414823 322.285959 -121257.505626 0.344474 0.738817 0.579213 -0.657607 0.630214 -0.412774 0.669992 0.238704 -0.702944
-45.041307 -276.895461 -79.439893 -69829.533014 -0.368414 -0.657994 -0.656745 -0.468827 0.741526 -0.479938 0.802790 0.131084 -0.581674
-38.009630 -258.122500 -2466.776324 -55833.856057 -0.271306 -0.644861 -0.714526 -0.448502 0.741548 -0.498951 0.851609 0.185098 -0.490408
73.294101 -223.320938 -17072.989999 44231.762058 0.158889 0.938452 0.306695 0.979842 -0.187990 0.067602 0.121097 0.289771 -0.949404
87.682570 -190.402221 -13062.113487 36691.898417 0.143377 0.902348 0.406463 0.939898 -0.252757 0.229579 0.309896 0.349117 -0.884354
66.255490 -257.964100 -7711.192961 56771.338242 0.096948 0.904718 0.414832 0.993104 -0.115540 0.019893 0.065927 0.410043 -0.909680
89.283414 -162.445242 -18465.241322 -23133.530272 0.240624 0.920054 0.309194 -0.932055 0.307927 -0.190929 0.270874 0.242244 -0.931636
35.853812 -288.077731 -6974.735874 57544.923439 0.095902 0.945246 0.311951 0.968572 -0.016359 -0.248196 -0.229503 0.325949 -0.917107
47.514062 -200.442383 -10708.818419 30068.992216 0.191676 0.958791 0.209715 0.981144 -0.192595 -0.016227 0.024832 0.208871 -0.977628
59.425338 -166.729137 -9710.454836 -15860.410707 0.270016 0.932062 0.241561 -0.928582 0.318417 -0.190645 0.254610 0.172832 -0.951474
78.321067 -5542.708248 41251.247300 -4841575.964623 -0.017911 0.962629 0.270232 -0.948592 -0.101780 0.299690 -0.315995 0.250972 -0.914965
-14.271790 -7317.916213 -11978.648669 8847075.449211 0.337845 -0.933108 -0.123166 0.938986 0.343126 -0.023886 0.064550 -0.107582 0.992099
-2.453999 -17.295576 555.247892 782.619866 -0.124444 0.065850 0.990039 0.338997 0.940576 -0.019949 -0.932520 0.333138 -0.139372
