14154
28299
-79.145134 -113.688043 2755.635661 19507.345776 0.664802 -0.365374 -0.651567 0.455427 -0.493143 0.741213 0.592135 0.789501 0.161441
-68.056125 -113.727685 -3669.772906 27969.900655 0.607727 -0.178667 -0.773786 0.563153 -0.590045 0.578538 0.559934 0.787354 0.257970
-61.237555 -87.871099 -563.703590 17704.198662 0.746592 -0.430386 -0.507316 0.247630 -0.527987 0.812348 0.617479 0.732118 0.287615
-47.489149 -100.292527 -13639.566600 29347.651972 0.658735 -0.113249 -0.743803 0.499767 -0.673128 0.545098 0.562406 0.730803 0.386815
-67.163352 -95.772592 662.366819 16133.422879 0.738082 -0.606984 -0.294626 0.092811 -0.341183 0.935404 0.668297 0.717749 0.195486
-55.647415 -72.468851 -3301.470596 11836.751942 0.784644 -0.464346 -0.410752 0.108442 -0.549542 0.828398 0.610389 0.694540 0.380841
-53.639972 -77.765744 1701.656107 5252.493102 0.705443 -0.708097 0.030795 -0.234415 -0.192092 0.952969 0.668879 0.679484 0.301499
-73.369354 -112.836004 6539.452323 7583.262732 0.910115 -0.280570 -0.304912 -0.404991 -0.446764 -0.797737 -0.087597 -0.849519 0.520235
-62.603149 -116.832301 -6568.477062 3801.794383 0.838129 -0.446480 -0.313362 -0.514580 -0.456589 -0.725764 -0.180962 -0.769534 0.612430
-77.037803 -109.063405 2942.170686 2281.691398 0.831621 -0.409288 -0.375354 -0.506941 -0.283504 -0.814025 -0.226757 -0.867242 0.443252
-73.307187 -101.566183 10409.714220 6123.837670 0.927364 -0.226525 -0.297795 -0.360798 -0.330602 -0.872082 -0.099097 -0.916181 0.388319
-71.196599 -106.812886 2549.885037 10905.332813 0.919366 -0.171859 -0.353881 -0.393169 -0.370302 -0.841602 -0.013594 -0.912875 0.408012
44.108792 -39.162517 -9733.593702 -5226.157256 -0.065047 0.288097 0.955389 0.996729 0.064768 0.048331 -0.047955 0.955408 -0.291368
24.252670 -42.042198 -14590.587263 -2226.104646 0.063056 0.369640 0.927033 0.997327 0.011020 -0.072231 -0.036915 0.929110 -0.367957
40.908680 -46.533368 -12864.196836 -2608.633474 -0.024536 0.339291 0.940361 0.999299 -0.018294 0.032675 0.028290 0.940504 -0.338604
20.471425 -49.862505 -17972.621689 -338.989983 0.111059 0.402084 0.908843 0.993508 -0.067601 -0.091497 0.024649 0.913104 -0.406981
38.910910 -52.160068 -22144.921742 -2416.197731 0.020920 0.392985 0.919307 0.995931 -0.088810 0.015300 0.087656 0.915246 -0.393244
55.784265 -52.538092 -9090.776253 -3601.826200 -0.056020 0.315970 0.947114 0.994690 -0.064359 0.080305 0.086329 0.946584 -0.310687
-38.157591 -83.075027 -3039.406715 -7353.922045 0.265532 -0.935940 -0.231321 0.961538 0.239603 0.134292 -0.070264 -0.258082 0.963564
-37.678909 -80.452060 -694.723914 340.722410 0.221060 -0.941748 -0.253464 0.973253 0.229690 -0.004589 0.062540 -0.245670 0.967334
-33.327025 -77.449921 -2449.208396 -2895.941409 0.212953 -0.960455 -0.179382 0.977044 0.210452 0.033085 0.005975 -0.182310 0.983223
-33.932695 -78.408244 -1663.581135 3890.347490 0.180583 -0.962086 -0.204404 0.971677 0.206714 -0.114516 0.152427 -0.177935 0.972165
-32.000773 -77.323272 -860.509025 -4481.700253 0.290967 -0.938347 -0.186663 0.949391 0.259060 0.177609 -0.118302 -0.228894 0.966236
-27.301415 -72.890960 -4148.321758 -1645.965704 0.328667 -0.936589 -0.121568 0.942029 0.315897 0.113092 -0.067518 -0.151690 0.986119
-32.171894 -77.001772 -2632.733821 -166.534588 0.268078 -0.953805 -0.135609 0.959564 0.276897 -0.050643 0.085853 -0.116549 0.989467
-11.674848 -103.818215 -4261.478787 -1012.788618 0.816053 -0.472655 -0.332647 0.577525 0.644074 0.501631 0.022849 0.601470 -0.798569
-16.666595 -100.499728 -2840.139810 1189.461290 0.815439 -0.494004 -0.301693 0.574226 0.624679 0.529189 0.072961 0.604762 -0.793057
-15.582627 -106.706613 -2711.389220 -8570.713198 0.811976 -0.496873 -0.306289 0.582736 0.720085 0.376692 -0.033386 0.484351 -0.874237
-13.081104 -103.384450 -4099.423337 9013.010444 0.834697 -0.460644 -0.301808 0.530036 0.523232 0.667301 0.149472 0.716963 -0.680898
-10.793258 -106.784083 -2768.556518 -5109.569119 0.810686 -0.484996 -0.327975 0.580860 0.736495 0.346666 -0.073421 0.471544 -0.878781
-7.452209 -106.406112 -3126.034372 -933.077922 0.817540 -0.466348 -0.337858 0.575867 0.664322 0.476501 -0.002231 0.584120 -0.811664
-8.265208 -104.216756 -4353.867765 5884.104978 0.832523 -0.450783 -0.322025 0.540804 0.535230 0.648891 0.120152 0.714369 -0.689377
4.902764 -76.057668 -1258.687849 -268.799151 0.882943 -0.419550 -0.210689 0.129442 -0.213829 0.968257 0.451283 0.882188 0.134491
6.343912 -76.217837 -1203.155708 -1817.907698 0.887692 -0.420419 -0.187750 0.055292 -0.307480 0.949947 0.457105 0.853642 0.249702
5.124053 -74.643857 -967.285184 -3445.502251 0.885040 -0.428283 -0.182423 0.081199 -0.243837 0.966411 0.458379 0.870125 0.181029
-39.200450 -164.502420 11070.955206 -46278.279705 -0.624431 0.111208 0.773123 0.174514 0.984654 -0.000685 -0.761335 0.134493 -0.634256
-47.043525 -196.621992 6308.822009 -33848.970249 -0.619347 0.159878 0.768666 0.385219 0.914980 0.120077 -0.684116 0.370475 -0.628278
-53.791378 -194.952198 -235.948968 -42289.943153 -0.667219 0.241717 0.704551 0.361146 0.932245 0.022176 -0.651454 0.269242 -0.709307
-0.177037 -244.907852 -860.263352 7484.965711 0.815854 0.011727 -0.578139 0.578228 -0.026821 0.815434 0.005944 0.999571 0.028662
1.672594 -259.717628 -945.689982 -11056.033495 0.808419 0.003381 -0.588598 0.579209 0.173413 0.796520 -0.104764 0.984843 -0.138232
-2.424313 -257.313181 1764.325167 11988.579207 0.828246 -0.019189 -0.560036 0.550392 -0.159845 0.819462 0.105244 0.986956 0.121829
-8.803225 -164.924191 1151.030006 7701.099217 0.702402 -0.091149 -0.705921 0.697596 -0.108855 0.708174 0.141392 0.989870 0.012875
-12.284897 -153.378563 930.305347 15235.514402 0.710661 -0.085148 -0.698363 0.664043 -0.246715 0.705817 0.232396 0.965340 0.118788
-11.309894 -148.681458 423.537020 14096.181954 0.703688 -0.085579 -0.705336 0.635298 -0.368731 0.678552 0.318150 0.925588 0.205104
-11.514541 -97.666902 -10697.282627 -14838.994287 -0.730512 0.560697 0.389835 0.295816 0.774329 -0.559382 -0.615505 -0.293316 -0.731519
-8.821485 -83.376100 -6841.738317 -7313.445992 -0.741295 0.509734 0.436640 0.155182 0.763094 -0.627380 -0.652994 -0.397315 -0.644779
-19.081116 -81.054540 -5435.453224 -8078.481207 -0.723063 0.488185 0.488728 0.189034 0.820329 -0.539747 -0.664414 -0.297885 -0.685433
-21.603258 -105.992049 -4940.064165 -17837.527102 -0.694518 0.572691 0.435511 0.346212 0.796647 -0.495470 -0.630700 -0.193333 -0.751558
-10.365935 -94.230224 40.721655 -2553.018569 0.733854 -0.676257 -0.064300 -0.676530 -0.719023 -0.159102 -0.061361 -0.160258 0.985166
-9.098507 -99.595580 -2034.613046 -2537.661854 0.717148 -0.695753 -0.040328 -0.680971 -0.687253 -0.252908 -0.148245 -0.208835 0.966650
-10.594395 -99.274696 -1289.018384 -3997.108260 0.716722 -0.694554 -0.062495 -0.677925 -0.672935 -0.295932 -0.163486 -0.254468 0.953162
-3.813990 -77.788785 5099.650561 9254.899837 0.861267 -0.507481 0.026129 0.321383 0.583819 0.745566 0.393615 0.633733 -0.665920
-7.800840 -88.197258 6667.865738 14601.567659 0.843606 -0.536894 -0.008604 0.397543 0.613715 0.682139 0.360956 0.578876 -0.731172
-6.470262 -84.217930 9803.447429 8986.046140 0.848217 -0.529614 0.006054 0.348350 0.566446 0.746855 0.398974 0.631386 -0.664960
-2.188156 -70.056433 3413.147887 -5007.209504 0.885105 -0.462224 0.054200 0.256180 0.581130 0.772438 0.388536 0.669804 -0.632774
-3.488131 -312.326577 -3266.301219 59584.596348 -0.254181 0.687307 0.680442 0.108474 0.719370 -0.686106 -0.961054 -0.100584 -0.257405
-4.857582 -246.897724 -1573.327971 38102.694246 -0.257544 0.692621 0.673756 0.282555 0.720782 -0.632958 -0.924031 0.027358 -0.381337
-4.548631 -237.560885 -1998.398211 -42445.824922 -0.258645 0.710688 0.654236 -0.433773 -0.690606 0.578709 -0.863101 0.134109 -0.486899
-4.494702 -313.115446 -762.102403 66122.703798 -0.244446 0.695979 0.675173 0.006549 0.697466 -0.716588 -0.969641 -0.170746 -0.175051
-1.464470 -248.141445 -383.700867 -38970.333459 -0.229512 0.717401 0.657769 -0.361434 -0.690305 0.626773 -0.903709 0.093889 -0.417726
-0.868187 -318.224028 -345.950995 -56345.267394 -0.242399 0.706404 0.665008 -0.069709 -0.696361 0.714299 -0.967669 -0.126788 -0.218040
-2.122566 -398.158227 719.684289 -76764.448197 -0.244562 0.701036 0.669879 0.225496 -0.630796 0.742460 -0.943049 -0.332633 0.003812
-3.558528 -389.560562 -4948.337885 -65069.600330 -0.267985 0.688740 0.673662 0.266697 -0.618879 0.738824 -0.925774 -0.377658 0.017835
-0.175117 -96.108643 -1187.750059 -467.605043 0.270197 0.749271 0.604638 -0.719147 -0.260499 0.644180 -0.640173 0.608879 -0.468450
24.771858 -106.394530 4021.831838 864.536890 0.150938 0.697006 0.700999 -0.652055 -0.462783 0.600546 -0.742995 0.547736 -0.384635
1.041486 -122.710187 9070.522956 3937.593753 0.050723 0.640538 0.766249 -0.775036 -0.458643 0.434703 -0.629878 0.615920 -0.473176
-22.190713 -122.308575 8397.146079 -14931.853472 0.017729 0.638236 0.769636 0.852845 0.392119 -0.344817 -0.521864 0.662493 -0.537365
-2.643050 -150.287966 13662.502227 -11110.651159 -0.106552 0.537175 0.836714 0.846787 0.490086 -0.206803 -0.521152 0.686483 -0.507092
-224.193769 -1938.761479 26291.341239 -1106675.323578 -0.710295 0.597332 0.372392 0.269445 0.719471 -0.640125 -0.650293 -0.354338 -0.671985
-248.203915 -1317.886045 -16030.164691 591290.626418 -0.627161 0.778392 0.027821 -0.064014 -0.087109 0.994140 -0.776255 -0.621705 -0.104459
520.978671 -15260.171669 -265370.945834 14565826.735061 -0.662893 0.651966 0.368120 -0.236040 -0.648577 0.723625 -0.710534 -0.392795 -0.583827
-255.322453 -2877.680795 -96967.074153 -1541325.601933 -0.623631 0.712252 0.322151 -0.702702 -0.691327 0.168159 -0.342483 0.121507 -0.931634
-115.064020 -1680.517773 -30207.974057 689611.800307 -0.759180 0.586259 0.282748 0.541714 0.809934 -0.224839 -0.360821 -0.017524 -0.932470
-247.867616 -16486.471337 -326857.185867 148451617.443404 -0.457929 0.012590 0.888899 0.711247 0.605045 0.357839 -0.533319 0.796092 -0.286023
28569.314497 -8089.238802 283523503.689479 -91246725.510415 0.341779 0.771582 0.536515 0.068702 -0.589880 0.804563 -0.937266 0.238123 0.254618
-77.587626 -2781.092780 21457.678753 -2695500.741169 0.749456 -0.345312 -0.564867 -0.540269 -0.812129 -0.220353 0.382655 -0.470325 0.795217
808.349576 -3080.269200 3635657.242984 -33341382.962298 -0.133017 0.014347 0.991010 -0.070551 0.997222 -0.023907 -0.988600 -0.073096 -0.131636
-658.074540 -83192.476493 -106798.361691 -352986861.660875 -0.495947 0.294428 0.816914 -0.377487 0.774119 -0.508176 -0.782010 -0.560403 -0.272780
24.116451 -278.948626 3884.212733 -54203.856178 -0.781666 0.234059 0.578113 0.218056 0.970975 -0.098283 -0.584337 0.049237 -0.810016
32.944515 -333.390546 6959.819559 -48199.565678 -0.809827 0.231892 0.538894 0.320015 0.944480 0.074484 -0.491703 0.232773 -0.839074
23.668065 -331.244239 6150.342291 -69484.589125 -0.809603 0.151259 0.567155 0.336159 0.911563 0.236748 -0.481187 0.382326 -0.788851
22.676432 -246.594849 2067.062348 -33584.834845 -0.766228 0.197527 0.611456 0.241143 0.970424 -0.011307 -0.595605 0.138785 -0.791198
-60.690046 -82.374758 -60431.177529 -2915.818470 0.027420 0.772694 -0.634187 -0.111439 0.632833 0.766227 -0.993393 -0.049663 -0.103461
-94.060330 -105.873181 -20976.621045 4923.720997 0.098299 0.993883 -0.050339 -0.089530 0.059211 0.994223 -0.991121 0.093224 -0.094803
-77.223101 -115.337102 -664.067513 -49849.471737 -0.122041 0.645347 0.754078 0.190827 0.760839 -0.620249 -0.974008 0.068202 -0.216003
-71.123893 -84.693477 3121.330293 -44151.197714 -0.229496 0.376946 0.897354 0.007756 0.922640 -0.385584 -0.973279 -0.081530 -0.214666
11.967336 -83.249752 40840.424759 -5874.006391 -0.068069 -0.673605 0.735950 -0.139803 0.736823 0.661473 -0.987837 -0.057862 -0.144327
55.502120 -93.982021 7367.663682 -13974.732152 -0.235900 -0.649161 0.723147 -0.138543 0.759014 0.636164 -0.961851 0.049884 -0.268988
39.241277 -110.400854 30828.174611 -23277.360494 -0.126959 -0.686941 0.715537 -0.059755 0.725361 0.685770 -0.990106 0.044307 -0.133140
-12.794440 -108.356833 -54442.107238 -20647.837205 0.058381 0.734106 -0.676521 -0.027779 0.678609 0.733975 -0.997908 0.024057 -0.060010
8.108320 -79.452958 -6358.291698 -1596.598718 0.194475 0.164353 -0.967041 0.733399 -0.679041 0.032083 -0.651387 -0.715466 -0.252593
17.363963 -77.853501 -17698.094572 -2913.376227 0.176923 0.152494 -0.972339 0.725179 -0.688141 0.024029 -0.665442 -0.709372 -0.232334
10.960607 -76.506087 10882.649661 2109.229615 -0.185192 -0.156649 0.970137 -0.665662 0.746224 -0.006576 -0.722909 -0.647001 -0.242470
3.361758 -77.220630 215.221981 1150.853031 -0.227677 -0.145340 0.962829 -0.634186 0.772461 -0.033360 -0.738899 -0.618207 -0.268044
4.052855 -80.016194 6688.087871 -951.902926 0.223672 0.167196 -0.960217 0.730009 -0.681503 0.051382 -0.645800 -0.712460 -0.274488
89.719628 -131.826562 35763.075099 50803.019505 0.982506 -0.161954 -0.091944 -0.056882 -0.731082 0.679915 0.177333 0.662790 0.727504
187.498438 -82.350553 85550.914223 27360.257508 0.987264 -0.136560 -0.081614 -0.057964 -0.786510 0.614851 0.148154 0.602290 0.784409
225.855308 -122.933156 102142.701437 43543.015727 0.986465 -0.160601 0.033083 -0.143045 -0.744227 0.652430 0.080160 0.648331 0.757127
425.827593 -152.741955 193536.862431 32741.324890 0.943431 -0.070315 0.324028 -0.283399 -0.678288 0.677946 -0.172115 0.731424 0.659845
165.025416 -163.177079 77461.943626 37377.983929 0.982136 -0.178258 0.060278 -0.158493 -0.610961 0.775633 0.101436 0.771331 0.628299
-9.999876 -58.403405 -1046.978026 -2380.882342 -0.160884 0.407693 0.898834 -0.656310 0.635979 -0.405941 -0.737139 -0.655223 0.165254
-12.384570 -64.286251 -1343.880469 -5731.104188 -0.161557 0.386914 0.907853 -0.588396 0.700774 -0.403368 -0.792268 -0.599344 0.114444
-11.597259 -60.940842 -963.084500 -5011.816703 -0.184818 0.407430 0.894340 -0.623894 0.654485 -0.427090 -0.759341 -0.636907 0.133233
-9.659855 -53.476908 -1083.924665 687.312032 -0.203033 0.425670 0.881806 -0.666131 0.600007 -0.443013 -0.717668 -0.677345 0.161730
-14.288015 -81.203535 586.675651 -6184.340177 0.333114 -0.366034 -0.868939 0.941165 0.073414 0.329877 -0.056954 -0.927701 0.368953
-15.280263 -87.522580 -961.709592 -4754.722927 0.262291 -0.396126 -0.879936 0.956022 -0.017354 0.292782 -0.131249 -0.918032 0.374153
-15.914139 -80.234142 1754.460570 -10267.775612 0.275843 -0.346114 -0.896725 0.943770 -0.079348 0.320941 -0.182235 -0.934831 0.304765
-13.567761 -88.362648 -1626.322280 333.443112 0.341071 -0.381395 -0.859191 0.937666 0.202914 0.282150 0.066732 -0.901867 0.426829
-13.212414 -78.839474 3277.213646 -6537.425113 0.356239 -0.315984 -0.879345 0.932859 0.066340 0.354081 -0.053548 -0.946442 0.318401
-11.520214 -85.648227 1899.608988 1800.743140 0.363413 -0.329366 -0.871464 0.926816 0.222764 0.302304 0.094562 -0.917548 0.386217
21.950801 -142.079117 -3009.826343 20113.828479 0.031533 -0.172721 -0.984466 0.983163 0.182731 -0.000568 0.179990 -0.967872 0.175575
22.348829 -129.182189 -1787.108213 24900.217867 0.041126 -0.199260 -0.979083 0.982227 0.187672 0.003064 0.183136 -0.961808 0.203437
25.037363 -124.528859 60.183417 -2224.993995 0.066282 -0.170725 -0.983087 0.958977 0.283059 0.015500 0.275625 -0.943785 0.182483
-0.562226 -157.897877 -1118.812607 27414.948118 -0.085539 0.188472 0.978346 0.346975 0.926112 -0.148073 -0.933966 0.326795 -0.144614
-0.472458 -145.493312 -3284.875113 26185.159241 -0.096613 0.190497 0.976922 0.439947 0.888599 -0.129765 -0.892811 0.417257 -0.169659
-0.851922 -175.599485 -1761.370340 26993.770213 -0.088682 0.195286 0.976729 0.234722 0.957074 -0.170045 -0.968009 0.214180 -0.130714
-0.690466 -143.469188 484.476697 25844.667304 -0.070532 0.180401 0.981061 0.436759 0.889809 -0.132221 -0.896809 0.419161 -0.141551
-1.552310 -174.848031 3039.690717 27757.244944 -0.057664 0.176206 0.982663 0.231051 0.959933 -0.158572 -0.971231 0.217901 -0.096066
-1.159504 -90.925099 -1312.887423 -4782.970184 0.012894 0.079994 0.996712 0.999271 0.034783 -0.015719 -0.035926 0.996188 -0.079488
-1.025621 -90.399603 629.341482 -3300.339256 0.028266 0.069142 0.997206 0.994648 0.097236 -0.034935 -0.099379 0.992857 -0.066023
-0.703253 -93.112265 403.299562 -7455.111041 0.023405 0.073945 0.996988 0.999720 -0.005081 -0.023092 0.003358 0.997249 -0.074043
7.006760 -43.536137 -7216.948685 -2764.455199 0.535940 0.182386 -0.824320 0.542324 0.673924 0.501708 0.647033 -0.715934 0.262271
14.174072 -52.353434 -3694.383289 -3254.271453 0.489570 0.175075 -0.854207 0.567473 0.679817 0.464567 0.662039 -0.712178 0.233468
5.249188 -46.549816 -6248.967401 324.644126 0.464157 0.100386 -0.880046 0.637929 0.651399 0.410763 0.614496 -0.752065 0.238312
-1.593842 -37.331258 -5595.322246 -236.661808 0.539036 0.181412 -0.822515 0.548498 0.665488 0.506237 0.639211 -0.724027 0.259217
19.046580 -205.046066 1686.200450 -346.570216 0.977836 -0.193037 -0.081078 0.180607 0.973574 -0.139768 -0.105916 -0.122027 -0.986859
15.101280 -215.577471 619.744740 -4505.974467 0.977617 -0.202384 -0.057489 0.195108 0.974342 -0.112212 -0.078724 -0.098484 -0.992020
18.088948 -213.153316 315.401001 -1315.598490 0.977342 -0.194528 -0.083436 0.203559 0.971857 0.118568 -0.058023 0.132865 -0.989434
18.496835 -223.849844 -641.693938 -13113.994702 0.976314 -0.188487 -0.106228 0.213155 0.922137 0.322845 -0.037104 0.337841 -0.940472
19.857651 -210.960305 -619.107279 -7346.125808 -0.975714 0.190507 0.108115 0.198731 0.977470 0.071128 -0.092129 0.090886 -0.991591
-9.671701 -211.277156 4555.164772 19963.362065 0.979150 -0.199078 -0.040409 0.029603 -0.056967 0.997937 0.200969 0.978327 0.049886
-8.118443 -188.081864 3934.045639 14107.979847 0.977477 -0.210322 -0.017427 -0.049981 -0.310930 0.949118 0.205039 0.926869 0.314439
-1.493135 -198.807240 3837.520342 27099.183292 0.979381 -0.200232 -0.026819 -0.004687 -0.155237 0.987866 0.201966 0.967372 0.152975
-21.299121 -143.974896 957.682852 3082.100398 0.230128 -0.218861 -0.948230 0.655685 0.754884 -0.015105 0.719110 -0.618264 0.317224
-22.273023 -141.158752 1278.035100 4606.738835 0.230163 -0.205626 -0.951180 0.486864 0.870636 -0.070405 0.842608 -0.446890 0.300500
-19.605022 -144.767853 -409.895615 5484.535290 0.262222 -0.232700 -0.936531 0.605529 0.795328 -0.028071 0.751381 -0.559736 0.349459
-18.488786 -149.154187 -729.162829 1992.737458 0.253178 -0.245341 -0.935793 0.764042 0.644054 0.037856 0.593414 -0.724570 0.350511
-20.512861 -143.957953 726.423243 -635.640404 0.219663 -0.218758 -0.950733 0.771830 0.635012 0.032216 0.596680 -0.740881 0.308332
-9.973439 -66.556680 1824.973592 -37.018989 -0.373304 0.224432 0.900152 -0.127385 0.948705 -0.289366 -0.918922 -0.222688 -0.325566
-2.532826 -64.311061 -3851.225909 857.461389 -0.410510 0.118424 0.904133 -0.065450 0.985147 -0.158752 -0.909504 -0.124344 -0.396662
-8.168949 -68.800548 -2342.257392 2776.340179 -0.394996 0.130662 0.909344 -0.146333 0.968248 -0.202689 -0.906954 -0.213128 -0.363334
-7.823340 -203.779893 -3223.381664 1842.915644 0.986281 -0.071549 0.148762 0.100021 -0.457899 -0.883360 -0.131322 -0.886121 0.444460
-2.653598 -202.623240 3758.050530 632.955977 0.989162 -0.034928 0.142612 0.098479 -0.562603 -0.820841 -0.108905 -0.825989 0.553066
-5.812257 -227.173170 973.551493 27853.334057 0.987299 -0.052854 0.149825 0.081348 -0.641864 -0.762491 -0.136468 -0.764995 0.629412
-2.771374 -308.285655 4890.843204 79756.162661 0.990601 -0.024203 0.134628 0.052572 -0.841260 -0.538069 -0.126279 -0.540089 0.832080
-6.124971 -232.277179 3003.516954 32602.467797 0.989546 -0.047947 0.136013 0.069090 -0.670234 -0.738927 -0.126589 -0.740600 0.659915
-16.930287 -240.131215 -3966.614554 -30979.569546 0.988137 -0.093529 -0.121807 0.134051 0.138289 0.981278 0.074933 0.985966 -0.149186
-9.528398 -220.873857 -2739.260187 -39609.385763 0.987352 -0.087635 -0.132121 0.151353 0.272906 0.950060 0.047202 0.958041 -0.282718
-13.746396 -249.856750 2345.142693 -25865.720293 0.986032 -0.112899 -0.122454 0.122955 -0.002542 0.992409 0.112354 0.993603 -0.011375
-8.847325 -141.159388 -7334.000557 19820.688561 0.965795 0.199536 0.165605 -0.243227 0.475711 0.845305 -0.089889 0.856671 -0.507972
13.308675 -123.438231 -1293.871247 7980.644483 0.923139 0.249390 0.292608 -0.360010 0.293605 0.885544 -0.134934 0.922822 -0.360821
-6.676467 -126.027309 1310.153243 18421.151392 0.932813 0.237472 0.271049 -0.353236 0.453719 0.818146 -0.071307 0.858922 -0.507119
-22.259756 -155.081079 -7612.989027 18749.303432 0.980634 0.164737 0.105917 -0.190052 0.669838 0.717772 -0.047297 0.724002 -0.688175
-22.789093 -1643.594943 13558.499146 -861493.524866 0.844270 -0.502072 0.187436 0.003451 0.354833 0.934923 0.535908 0.788681 -0.301307
-80.617262 -2024.096886 5969.537563 -1304252.417753 0.842068 -0.513388 0.165395 0.026148 0.345138 0.938188 0.538738 0.785693 -0.304053
-54.033181 -1172.975132 21400.563135 173259.900548 0.798269 -0.594774 0.094927 -0.231706 -0.157779 0.959905 0.555949 0.788258 0.263762
-24.314299 -924.204299 34906.526638 -417759.385741 0.843018 -0.537741 0.012435 0.353651 0.571542 0.740453 0.405279 0.619818 -0.671993
113.862845 -1093.849970 98660.413003 -521043.590783 0.828908 -0.555153 -0.068680 0.426604 0.547951 0.719555 0.361830 0.625743 -0.691031
1472.711508 -4176.456346 -21935.826745 183782.410652 0.860219 -0.470022 0.197743 -0.384689 -0.343621 0.856702 0.334720 0.813021 0.476402
-2188.513615 -80396.225739 -2890843.426355 -11312768.594237 0.840234 -0.516001 -0.166583 0.487058 0.583235 0.650086 0.238288 0.627360 -0.741376
-909.089991 -4574.033830 393075.706824 -867311.998487 0.876280 -0.479587 -0.046156 0.337851 0.543343 0.768528 0.343498 0.689039 -0.638149
-161.234998 -6071.725471 333645.598425 -4687210.595414 0.870582 -0.476789 0.121485 -0.461727 -0.706380 0.536503 0.169984 0.523162 0.835109
-213.577289 -1711.421449 54265.568581 991342.455466 0.915411 -0.047300 0.399732 0.390741 0.342909 -0.854245 0.096666 -0.938177 -0.332384
-223.833368 -1294.753033 -28291.048874 678996.080913 0.918692 -0.308976 0.246045 0.394956 0.712728 -0.579680 -0.003744 -0.629724 -0.776810
-352.877514 -2156.573224 -42611.001942 1192186.580202 0.846094 -0.293984 0.444632 0.487276 0.764723 -0.421617 0.216072 -0.573386 -0.790279
-198.142538 -2505.890446 65488.724004 1562406.464657 0.931150 0.079777 0.355801 0.289533 0.431385 -0.854446 0.221653 -0.898634 -0.378586
-243.473305 -3686.929036 28358.922486 -2135359.499077 0.952676 -0.014863 0.303624 0.274803 -0.384925 -0.881088 -0.129968 -0.922828 0.362624
38.352478 -967.406103 16011.022244 -570594.035557 0.949324 0.284425 0.133738 -0.298403 0.949253 0.099370 0.098688 0.134242 -0.986022
98.890797 -567.466635 45143.574777 4496.975797 0.955576 0.268165 0.122319 -0.292251 0.915914 0.275118 0.038257 0.298644 -0.953598
87.400463 -465.281637 41201.370091 -121381.488434 0.953353 0.285273 0.098677 -0.261276 0.943562 -0.203535 0.151171 -0.168259 -0.974082
161.455618 -661.619002 -61797.844510 21849.694097 -0.962494 -0.264927 0.058476 -0.260303 0.962515 0.076200 -0.076471 0.058121 -0.995376
179.001088 -606.622347 77174.694485 -240718.513891 0.944634 0.328065 0.006319 -0.287078 0.835635 -0.468294 0.158911 -0.440553 -0.883550
-75.043162 -131.269712 4986.583461 18052.461324 -0.529534 0.164210 0.832243 0.696380 -0.476087 0.537025 0.484405 0.863931 0.137752
-46.404611 -131.506670 15621.441648 29534.644089 -0.570524 0.055734 0.819388 0.670911 -0.543811 0.504132 0.473689 0.837355 0.272864
-34.139224 -101.594458 -591.931445 27425.703115 0.881097 -0.279194 -0.381731 0.022228 -0.781814 0.623116 0.472413 0.557510 0.682648
-29.401695 -67.244938 4379.627361 -15403.567747 0.846645 -0.461417 -0.265117 0.214162 0.751498 -0.624007 0.487163 0.471534 0.735070
-22.138940 -69.468786 6358.764858 -27442.394903 0.834570 -0.466055 -0.293745 0.199683 0.752859 -0.627161 0.513440 0.464754 0.721376
-13.503492 -46.522697 -15319.564407 -6625.964536 -0.710383 0.697910 0.090978 0.484952 0.579053 -0.655377 0.510076 0.421449 0.749802
-0.664356 -46.113503 -19615.847856 -13537.140234 -0.666346 0.742895 0.063954 0.522225 0.526190 -0.671122 0.532225 0.413802 0.738583
-28.271851 -123.737115 -32524.782336 -1896.617963 0.732079 -0.620200 -0.281803 -0.611982 -0.417052 -0.671971 -0.299230 -0.664394 0.684866
-55.403442 -116.583509 -20121.674332 -2298.848033 0.729644 -0.570037 -0.377727 -0.607999 -0.287970 -0.739872 -0.312980 -0.769501 0.556698
5.534753 -46.040601 -8659.360607 2567.662925 0.300452 0.385132 0.872583 0.948582 -0.025124 -0.315532 -0.099599 0.922519 -0.372878
3.295882 -52.485498 -11950.165517 3494.680954 0.294917 0.397569 0.868886 0.954416 -0.078808 -0.287888 -0.045980 0.914182 -0.402688
-39.272909 -81.758162 -174.763776 4255.712020 0.184332 -0.938170 -0.293017 0.970877 0.220222 -0.094338 0.153034 -0.267094 0.951442
-18.412483 -100.312818 -1991.350156 14867.511217 0.824492 -0.491861 -0.279795 0.529240 0.495245 0.688939 0.200295 0.716104 -0.668638
5.959634 -78.056831 824.294424 -1415.043263 0.872719 -0.436960 -0.217777 0.116883 -0.246092 0.962173 0.474025 0.865161 0.163696
5.750917 -79.936660 1289.434844 -670.769361 0.874090 -0.449545 -0.184057 0.003515 -0.373037 0.927810 0.485752 0.811636 0.324488
7.065740 -76.920193 -747.657723 1074.494250 0.886212 -0.433804 -0.162613 -0.040565 -0.422315 0.905541 0.461501 0.795905 0.391858
-29.898507 -184.424952 13716.630859 -33000.749717 -0.603926 0.037886 0.796139 0.306598 0.933053 0.188175 -0.735711 0.357738 -0.575111
-49.438040 -218.819187 8309.433739 -22856.405643 -0.592643 0.134298 0.794191 0.511709 0.824234 0.242471 -0.622036 0.550093 -0.557197
2.096032 -215.249494 -167.013415 -2402.373263 0.783066 0.008184 -0.621885 0.600451 0.250617 0.759374 -0.162070 0.968052 -0.191335
1.794254 -197.483195 -1361.246979 -30339.187136 0.765241 0.010690 -0.643655 0.541260 0.530586 0.652316 -0.348487 0.847564 -0.400240
1.634853 -215.125178 2617.711110 -28196.192551 0.780974 -0.013439 -0.624419 0.548653 0.492470 0.675613 -0.298429 0.870225 -0.391980
-14.482511 -80.444022 -4219.619989 -839.340086 -0.741929 0.395924 0.541097 0.038957 0.831124 -0.554721 -0.669346 -0.390484 -0.632059
-9.275863 -91.959259 -322.644977 4716.019738 0.757275 -0.651283 -0.048627 0.652029 0.758194 -0.000674 0.037308 -0.031196 0.998817
-8.833710 -96.391283 -2665.364696 -416.663896 0.734142 -0.678467 -0.026789 -0.675743 -0.726199 -0.126518 -0.066384 -0.110985 0.991603
-8.305929 -96.618256 -1011.977998 -2333.992984 0.752220 -0.658432 -0.025148 -0.658896 -0.751923 -0.021637 0.004663 -0.032845 0.999450
-9.685775 -87.454329 -174.768520 -4689.717259 0.758800 -0.648115 -0.064570 -0.650248 -0.759510 -0.017946 0.037410 -0.055604 0.997752
-8.238264 -84.087266 381.608352 4557.046288 0.791604 -0.607777 -0.063009 0.599860 0.792616 -0.109215 0.116320 0.048658 0.992019
-8.017938 -87.919282 -105.234553 4655.316479 0.784803 -0.618357 -0.041456 0.609466 0.782191 -0.129339 0.112404 0.076240 0.990733
-7.122737 -91.620866 7446.641382 2540.552280 0.841704 -0.539485 -0.022146 0.461173 0.696981 0.549124 0.280809 0.472413 -0.835447
-8.128769 -93.515183 -2282.619074 8099.729352 0.883069 -0.469186 -0.007381 0.392022 0.729010 0.561126 0.257892 0.498407 -0.827697
-11.130498 -98.400868 9499.127709 -5279.793314 0.856431 -0.516258 0.001932 0.467903 0.777784 0.419666 0.218159 0.358511 -0.907677
-5.611401 -202.308220 643.830325 11509.276544 -0.258695 0.685751 0.680310 0.501205 0.697352 -0.512342 -0.825755 0.208435 -0.524103
-3.913886 -242.963675 4115.358929 32311.263831 -0.234837 0.684323 0.690329 0.384324 0.717688 -0.580705 -0.892831 0.128939 -0.431542
93.566948 -98.170570 -21701.183761 5035.367654 0.309433 0.796973 0.518734 -0.390165 -0.391068 0.833569 -0.867192 0.460326 -0.189942
46.270039 -142.071930 1013.471970 -96.697266 -0.086473 0.623143 0.777313 0.590568 0.660432 -0.463745 -0.802341 0.418955 -0.425118
44.395678 -85.892142 -19233.910913 -2225.359805 0.431142 0.800576 0.416167 -0.518512 -0.157637 0.840414 -0.738419 0.578125 -0.347144
-564.056965 -2673.011631 -231267.323482 -547699.167280 0.551711 -0.534643 0.640134 -0.280344 0.603980 0.746067 -0.785508 -0.591071 0.183339
2595.408481 -35006.547174 -286132.659503 -23680465.146235 0.590881 -0.558759 -0.581935 -0.523778 0.282933 -0.803496 -0.613609 -0.779575 0.125485
-103.654960 -473.026465 -25726.035086 299559.087033 -0.710122 0.701752 -0.057196 0.203969 0.282791 0.937244 -0.673887 -0.653891 0.343952
-7.483449 -114.415781 -3886.163901 -1254.785625 0.690004 -0.722366 -0.045641 -0.553902 -0.486393 -0.675732 -0.465926 -0.491538 0.735733
-3.546911 -115.988650 -372.929429 340.182042 0.707723 -0.704552 -0.052298 -0.537101 -0.488472 -0.687689 -0.458967 -0.514783 0.724119
-3.172351 -110.435917 -3055.402363 7032.491008 0.685493 -0.725952 -0.055612 -0.440197 -0.352399 -0.825858 -0.579936 -0.590601 0.561129
-6.348465 -113.070599 -1762.450506 -4952.156196 0.702788 -0.709945 -0.045463 -0.619808 -0.579686 -0.528964 -0.349181 -0.399928 0.847426
48.436418 -431.825791 5724.270826 -102924.864628 -0.822630 0.300923 0.482416 0.339767 0.940481 -0.007276 -0.455892 0.157924 -0.875912
23.491132 -281.733477 -5628.861989 -65272.332132 -0.823343 0.360525 0.438324 0.216653 0.913486 -0.344391 -0.524565 -0.188588 -0.830221
43.064707 -413.890561 -2472.013859 -107008.826574 -0.802776 0.434472 0.408392 0.451889 0.890140 -0.058708 -0.389033 0.137419 -0.910917
53.469252 -458.360831 -11054.398986 -85919.532132 0.829969 -0.244660 -0.501291 0.441023 0.838067 0.321157 -0.341541 0.487631 -0.803471
75.607878 -521.437208 -2929.391819 -117513.681753 0.819795 -0.368169 -0.438621 0.515946 0.807191 0.286779 -0.248468 0.461405 -0.851686
-30.557626 -154.005921 -52812.274965 -38332.975389 0.081103 0.787357 -0.611140 0.111726 0.602113 0.790555 -0.990424 0.132397 0.039135
-118.000324 -156.761772 -43597.920687 -16243.192594 0.168493 0.960207 -0.222740 0.039993 0.219125 0.974877 -0.984891 0.173168 0.001481
54.909537 -89.130767 -14422.924980 660.751303 -0.391307 -0.599706 0.698019 -0.147059 0.789505 0.595866 -0.908434 0.130516 -0.397131
61.019007 -115.511878 -11452.642002 -26088.659204 -0.362650 -0.622056 0.693924 -0.069661 0.760625 0.645444 -0.929318 0.185731 -0.319173
66.759760 -146.777214 4505.472622 -40248.640889 -0.249500 -0.672371 0.696898 -0.025748 0.724009 0.689310 -0.968032 0.154040 -0.197952
24.553428 -75.885373 17409.792999 3145.482176 -0.188152 -0.149112 0.970754 -0.651567 0.758528 -0.009774 -0.734887 -0.634351 -0.239875
34.102774 -78.048015 -14036.856236 -4135.888778 0.213970 0.183658 -0.959420 0.742795 -0.668456 0.037698 -0.634407 -0.720719 -0.279450
34.116412 -80.279517 -14379.475306 -1009.054836 0.208207 0.189915 -0.959470 0.835164 -0.545090 0.073338 -0.509069 -0.816584 -0.272102
45.517653 -78.259504 -2750.666019 -2472.688796 0.267945 0.271397 -0.924418 0.805042 -0.590168 0.060078 -0.529257 -0.760293 -0.376619
44.813420 -73.968189 -3738.878762 -5088.300166 0.268475 0.258134 -0.928056 0.709102 -0.705048 0.009029 -0.651994 -0.660510 -0.372332
40.835831 -72.774600 12253.567162 3321.539274 -0.236485 -0.200319 0.950761 -0.666964 0.745036 -0.008922 -0.706565 -0.636234 -0.309795
55.454857 -84.668406 26978.301222 26439.439106 0.972188 -0.153906 -0.176532 -0.009228 -0.778348 0.627765 0.234020 0.608676 0.758121
-10.180883 -56.306605 1203.127534 746.274350 -0.261998 0.455642 0.850733 -0.598534 0.614792 -0.513603 -0.757043 -0.643755 0.111643
-12.402193 -57.784739 -272.174324 -218.250219 -0.283032 0.435419 0.854578 -0.639976 0.577910 -0.506410 -0.714369 -0.690240 0.115091
-9.514497 -51.693872 1006.894346 -200.885548 -0.280538 0.459041 0.842959 -0.647625 0.557672 -0.519215 -0.708435 -0.691581 0.140838
-11.877072 -59.967570 636.884529 -3846.703488 -0.278074 0.459462 0.843546 -0.570558 0.627470 -0.529854 -0.772747 -0.628630 0.087667
-13.078489 -92.685822 -3509.668486 2139.253135 0.203032 -0.415151 -0.886807 0.960420 -0.091964 0.262938 -0.190714 -0.905092 0.380048
-18.377323 -91.160918 -1123.349008 2147.182394 0.181795 -0.387016 -0.903974 0.961563 -0.122418 0.245787 -0.205786 -0.913910 0.349886
-10.876158 -93.526891 -3922.099002 -5345.868177 0.225279 -0.422427 -0.877955 0.966955 -0.013456 0.254590 -0.119359 -0.906297 0.405437
-12.036031 -91.183826 -512.582716 -3188.366579 0.279291 -0.392186 -0.876463 0.959716 0.143184 0.241750 0.030684 -0.908674 0.416377
22.016142 -124.199484 2234.493762 21648.874007 0.089180 -0.223697 -0.970570 0.976315 0.212486 0.040734 0.197121 -0.951215 0.237348
16.800811 -150.070042 -932.807673 27337.438751 0.034695 -0.217467 -0.975451 0.999396 0.009486 0.033432 0.001983 -0.976022 0.217665
18.781599 -132.882840 2912.470779 22166.024945 0.101843 -0.232785 -0.967181 0.993711 0.069294 0.087958 0.046545 -0.970056 0.238378
24.262644 -116.501900 -128.939747 15622.558542 0.130678 -0.252353 -0.958771 0.967914 0.241828 0.068274 0.214628 -0.936930 0.275857
26.215834 -116.240972 -293.514529 -5460.708396 0.126088 -0.240573 -0.962406 0.947189 0.317544 0.044718 0.294848 -0.917219 0.267907
-0.173658 -200.573045 859.632805 8553.890679 -0.072284 0.214687 0.974004 -0.072172 0.972873 -0.219794 -0.994769 -0.086184 -0.054829
0.273676 -207.154825 2378.606783 -2170.481011 -0.064329 0.232250 0.970527 -0.232413 0.942311 -0.240903 -0.970487 -0.241060 -0.006640
-0.605952 -207.175517 2971.334521 18369.837974 -0.054573 0.220927 0.973762 -0.014881 0.974927 -0.222025 -0.998399 -0.026607 -0.049917
-0.451017 -226.242258 4526.546363 5499.743037 -0.059489 0.257808 0.964363 -0.292335 0.919219 -0.263773 -0.954464 -0.297608 0.020683
-0.908289 -176.099663 1693.159025 27216.792063 -0.062020 0.192466 0.979342 0.243597 0.954476 -0.172153 -0.967892 0.227887 -0.106080
-1.114848 -182.269423 -1223.678838 26155.733942 -0.086038 0.195855 0.976851 0.241809 0.955275 -0.170231 -0.966502 0.221565 -0.129550
1.116733 -215.041305 -472.285693 12698.545105 -0.082802 0.213826 0.973356 -0.058150 0.974009 -0.218916 -0.994868 -0.074727 -0.068216
10.080541 -54.293536 -1611.332565 684.411606 0.401749 0.088396 -0.911473 0.688049 0.627685 0.364144 0.604307 -0.773432 0.191351
14.892110 -59.308798 2679.199242 -3471.146671 0.407826 0.146066 -0.901301 0.629125 0.670446 0.393324 0.661724 -0.727439 0.181531
18.728827 -58.214606 2827.952624 -299.906751 0.444668 0.199835 -0.873119 0.533675 0.723763 0.437445 0.719348 -0.660479 0.215187
10.245913 -213.065532 3150.155449 1750.994511 0.977593 -0.210380 -0.007255 0.202490 0.949235 -0.240731 -0.057532 -0.233868 -0.970565
10.925647 -216.701677 3460.552257 -5394.044044 0.979704 -0.199650 -0.017911 0.200240 0.978864 0.041595 -0.009228 0.044337 -0.998974
11.179596 -209.611723 1913.334140 -4620.818899 0.974996 -0.220043 -0.031039 0.188473 0.892815 -0.409095 -0.117730 -0.393016 -0.911964
15.986678 -203.118392 831.016107 -659.823771 0.975765 -0.208005 -0.067943 0.174689 0.927463 -0.330599 -0.131781 -0.310718 -0.941322
-20.241962 -138.651681 -689.696395 4956.989496 0.277060 -0.215805 -0.936305 0.433788 0.897587 -0.078520 0.857360 -0.384403 0.342299
-23.120369 -135.646250 2664.565656 2152.454884 0.239132 -0.192767 -0.951660 0.331501 0.937415 -0.106583 0.912646 -0.289989 0.288068
-22.199294 -134.318069 -42.712031 2856.672454 0.223671 -0.199925 -0.953940 0.310598 0.942331 -0.124665 0.923851 -0.268408 0.272868
5.595180 -56.412158 -5743.568058 5853.745393 -0.416086 0.022012 0.909059 0.012742 0.999750 -0.018376 -0.909236 0.003937 -0.416263
6.025104 -53.174483 -3179.094573 3949.770444 -0.391559 -0.065514 0.917818 -0.058752 0.997207 0.046117 -0.918275 -0.035866 -0.394315
-6.380531 -70.167733 -971.416466 -4326.943653 -0.391260 0.247849 0.886277 -0.058957 0.954322 -0.292905 -0.918390 -0.166854 -0.358776
-0.739247 -66.084667 -4457.898222 4736.423176 -0.407060 0.178205 0.895849 0.035937 0.983149 -0.179241 -0.912694 -0.040768 -0.406604
-3.209872 -184.768525 3367.402787 3935.959094 0.991541 -0.034593 0.125100 0.109120 -0.299719 -0.947766 -0.070281 -0.953400 0.293409
6.902669 -187.243730 7385.565927 9659.412214 0.992992 -0.033023 0.113474 0.096172 -0.332248 -0.938276 -0.068687 -0.942614 0.326743
-7.939348 -242.001808 -2102.149859 -46589.297119 0.992589 -0.059985 -0.105683 0.115754 0.202005 0.972520 0.036988 0.977546 -0.207452
6.209838 -142.546989 -10486.778791 12613.978203 0.977258 0.173242 0.122290 -0.186722 0.429663 0.883473 -0.100511 0.886215 -0.452239
-119.494797 -1946.673949 -6202.186949 -1060398.819257 0.846530 -0.504013 0.171342 -0.160905 0.064555 0.984856 0.507441 0.861280 0.026450
-67.212966 -1246.474449 27035.943113 -607477.744838 0.853654 -0.520464 -0.019784 0.292311 0.447311 0.845262 0.431079 0.727344 -0.533986
50.179886 -86.114831 41257.264568 3422.463614 0.399579 0.874117 -0.276143 0.735104 -0.485515 -0.473178 0.547685 0.013922 0.836569
85.429389 -84.064582 34270.219796 -4251.573275 0.389697 0.899823 -0.196097 0.827123 -0.435604 -0.355128 0.404973 0.023804 0.914019
41.490635 -81.209339 31545.495670 -1599.526831 0.452190 0.838469 -0.304128 0.764321 -0.540024 -0.352402 0.459715 0.073099 0.885053
-224.821464 -1114.949157 -7576.961316 511747.468865 0.888679 -0.398311 0.227151 0.455943 0.715069 -0.529899 -0.048636 -0.574478 -0.817074
-127.036523 -17003.212909 36218.556018 19262057.091439 0.533052 -0.704640 0.468336 0.532883 -0.150349 -0.832725 -0.657185 -0.693454 -0.295347
47.959685 -755.556708 -12098.270394 -127555.330786 0.936226 0.311910 0.161843 -0.342699 0.708594 0.616807 -0.077707 0.632935 -0.770296
78.722823 -725.047145 21699.873080 237289.184096 0.961524 0.274092 0.018561 -0.229448 0.764082 0.602936 -0.151078 0.583997 -0.797573
58.954550 -722.986642 1089.728847 181671.830653 0.942743 0.295980 0.153722 -0.288755 0.493698 0.820294 -0.166899 0.817715 -0.550896
31.016193 -497.406584 -13967.961729 192646.032924 0.945930 0.320704 0.048639 -0.186537 0.415155 0.890421 -0.265369 0.851349 -0.452531
39.669373 -391.552085 -11479.105008 116983.466704 0.954979 0.262491 -0.138249 -0.074927 0.664293 0.743707 -0.287054 0.699866 -0.654054
97.601463 -559.972047 14993.596804 228875.173679 0.955462 0.234884 -0.178670 -0.124244 0.869307 0.478402 -0.267688 0.434896 -0.859772
5.172952 -36.557519 6016.490564 -8123.950509 -0.217856 -0.130231 0.967253 -0.069602 0.990607 0.117699 -0.973496 -0.041681 -0.224874
-5.234736 -44.821869 4517.649458 -8525.884544 -0.222647 -0.051872 0.973518 -0.025661 0.998549 0.047337 -0.974561 -0.014442 -0.223655
2.336828 -28.332297 5299.369342 -5486.274101 -0.214884 -0.146639 0.965568 -0.111103 0.985916 0.125004 -0.970299 -0.080416 -0.228150
4.065046 -49.634424 6283.009331 -10178.401831 -0.218982 -0.098773 0.970717 -0.007427 0.995003 0.099569 -0.975701 0.014595 -0.218622
-86.815205 -126.388051 2158.006421 8917.473297 0.642300 -0.357898 -0.677761 0.575785 -0.358346 0.734888 0.505888 0.862263 0.024094
-75.607223 -116.720221 435.246795 17050.269165 0.713144 -0.558094 -0.424213 0.303427 -0.299772 0.904471 0.631948 0.773736 0.044440
-14.234439 -124.180343 -44485.430797 3599.547724 0.623203 -0.681251 -0.384077 0.648044 0.174928 0.741241 -0.437786 -0.710843 0.550497
38.969141 -133.251265 -60982.633724 -5054.134967 0.659326 -0.682983 -0.314362 -0.648442 -0.304925 -0.697527 -0.380542 -0.663743 0.643920
-36.994145 -81.193068 -5197.589102 -1006.541508 0.356480 -0.914050 -0.193479 0.923111 0.312619 0.223909 -0.144179 -0.258422 0.955212
-14.293744 -101.193765 -1524.191660 -3399.748487 0.806314 -0.509012 -0.301272 0.584903 0.761947 0.278072 -0.088012 0.400428 -0.912092
4.958194 -76.606406 -1071.130976 1454.564750 0.876811 -0.421018 -0.232262 0.180741 -0.159032 0.970588 0.445573 0.893002 0.063346
2.944108 -74.530993 -1745.836573 2279.281850 0.883095 -0.415163 -0.218593 0.182724 -0.124799 0.975211 0.432152 0.901146 0.034349
-37.766428 -210.445831 -13172.543604 -7389.383468 0.572581 -0.066005 -0.817187 0.566892 0.751945 0.336471 -0.592271 0.655913 -0.467967
2.535975 -245.248074 -2205.144540 -32180.257580 0.782287 0.007771 -0.622869 0.551727 0.455550 0.698621 -0.289177 0.890176 -0.352084
1.934141 -230.296905 -167.253931 -28903.192962 0.780171 -0.001969 -0.625564 0.556035 0.460380 0.692008 -0.286635 0.887720 -0.360270
2.455356 -206.035361 -2537.589220 -31031.527894 0.759082 -0.016221 -0.650792 0.503137 0.648981 0.570681 -0.413095 0.760631 -0.500792
0.664292 -197.852926 3251.872758 -33750.258126 0.771807 -0.032393 -0.635031 0.504641 0.638804 0.580747 -0.386848 0.768688 -0.509380
