19867
39723
-36.537390 -58.328787 544.433172 7101.696981 0.571867 0.810390 -0.127423 0.710456 -0.566910 -0.416971 0.410147 -0.147923 0.899944
-44.350985 -70.867910 591.167340 5863.589154 0.428573 0.900291 -0.076169 0.845713 -0.429398 -0.316839 0.317954 -0.071372 0.945416
-43.092376 -74.341648 864.155686 10484.887997 0.221398 0.972324 0.074622 0.916667 -0.181394 -0.356116 0.332724 -0.147247 0.931457
-36.828910 -59.324674 -337.942816 6441.990848 0.637618 0.729260 -0.248240 0.645166 -0.681604 -0.345219 0.420956 -0.059962 0.905097
-36.905788 -60.192972 -1550.726257 11527.116733 0.301982 0.947461 0.105471 0.851350 -0.218244 -0.477046 0.428964 -0.233852 0.872527
-32.247799 -48.013175 2378.428515 -4726.466555 0.737493 0.627888 -0.248719 -0.485021 0.748693 0.451900 0.469956 -0.212639 0.856695
-29.509090 -50.119289 1905.575701 -3274.443341 0.780414 0.515154 -0.354358 -0.401001 0.847201 0.348496 0.479742 -0.129873 0.867745
-17.173738 -40.110365 -11014.270125 411.653647 0.497923 0.581028 -0.643801 0.213869 0.637172 0.740454 0.840436 -0.506378 0.192998
-0.222002 -49.246798 -19776.677762 1641.137649 0.597396 0.685329 -0.416465 -0.019793 -0.506559 -0.861978 0.801702 -0.523185 0.289051
5.809730 -45.887180 -25199.997546 2299.547654 0.511655 0.410653 -0.754701 0.335281 0.713316 0.615441 0.791072 -0.567930 0.227287
-20.146167 -37.606100 -8937.955768 1244.637718 0.386193 0.394953 -0.833587 0.404118 0.739910 0.537793 0.829183 -0.544559 0.126141
-35.946209 -38.599997 1487.768478 10.033673 0.475689 0.868577 0.138901 0.131608 0.085853 -0.987577 0.869712 -0.488060 0.073472
3.202565 -206.457628 -30188.757529 136142.149251 0.894264 0.403014 -0.194605 -0.260327 0.114729 -0.958680 0.364034 -0.907974 -0.207513
0.443973 -67.098414 -25482.556088 15470.109925 0.902035 0.431139 -0.021270 0.107600 -0.272293 -0.956179 0.418038 -0.860218 0.292009
20.543898 -60.636808 -16696.613685 12593.417195 0.777879 0.585501 0.228239 0.250354 0.044394 -0.967136 0.576392 -0.809455 0.112049
113.394961 -41.199790 3394.109049 -6206.839870 -0.383408 0.762683 -0.520877 0.780014 0.569390 0.259564 -0.494547 0.306772 0.813212
118.888976 -49.658770 2984.201823 -7267.102730 -0.402257 0.853554 -0.331112 0.786352 0.507334 0.352511 -0.468871 0.118571 0.875272
101.363151 -32.471282 11297.411163 -2918.126906 -0.284521 0.809855 -0.513013 0.785286 0.503831 0.359835 -0.549886 0.300482 0.779318
69.459212 -20.392647 9152.895991 1218.370339 -0.221373 0.717198 -0.660773 0.778204 0.538270 0.323518 -0.587701 0.442598 0.677285
88.091609 -26.469761 6149.851910 -929.514807 -0.288021 0.721548 -0.629613 0.780510 0.557815 0.282217 -0.554841 0.410135 0.723838
85.883916 -23.640561 16598.872275 -1656.262296 -0.159662 0.820080 -0.549524 0.777015 0.447757 0.442450 -0.608897 0.356346 0.708704
14.374421 -12.368842 320.150098 404.401001 0.158099 0.944587 -0.287680 0.492199 0.177180 0.852260 -0.856005 0.276337 0.436913
12.917252 -12.396287 -1716.287754 443.862789 0.126402 0.956422 -0.263209 0.507768 0.165558 0.845436 -0.852170 0.240514 0.464714
11.532372 -9.381104 -2183.923280 -618.533924 0.123111 0.955502 -0.268068 0.477671 0.179719 0.859960 -0.869870 0.233919 0.434290
14.199546 -8.786703 -1492.865114 -2281.042298 0.136200 0.948745 -0.285187 0.438834 0.200309 0.875957 -0.888186 0.244456 0.389060
12.118645 -13.052662 1969.009411 -1457.368526 0.230314 0.938090 -0.258734 0.441803 0.136099 0.886728 -0.867044 0.318536 0.383106
-6.901610 -49.189854 -4546.678938 2189.185179 -0.273127 0.961002 0.043322 0.914623 0.273374 -0.297880 0.298106 0.041735 0.953620
-11.626267 -51.291252 -4262.679738 1864.550142 -0.295139 0.955032 0.028399 0.921484 0.292374 -0.255705 0.252509 0.049299 0.966338
-4.315820 -53.615520 -4572.876154 3697.525256 -0.252898 0.966839 0.035568 0.942539 0.254504 -0.216444 0.218319 0.021214 0.975647
350.484453 -50.498649 -49331.368355 3291.669455 -0.180516 0.602415 -0.777502 -0.573513 0.577730 0.580785 -0.799060 -0.550749 -0.241203
1274.109272 -69.407350 469878.434978 -9228.147293 0.287908 0.860812 -0.419656 -0.584705 0.505058 0.634851 -0.758438 -0.062596 -0.648732
398.381550 -48.787880 86524.520944 -740.239804 0.247131 -0.598457 0.762086 -0.486996 0.603224 0.631629 -0.837712 -0.527229 -0.142371
1133.116789 -81.067900 523859.292595 3219.964205 0.601918 -0.253306 0.757319 0.540654 -0.568674 -0.619921 -0.587697 -0.782589 0.205344
593.385131 -55.869654 244181.094945 7732.921236 0.745704 -0.173477 0.643298 0.466692 -0.553093 -0.690136 -0.475526 -0.814858 0.331483
2100.323102 -90.577718 873890.212883 -337.320652 0.675688 -0.400778 0.618726 0.345636 -0.569106 -0.746093 -0.651138 -0.717980 0.246015
43.125313 -46.634947 -27664.769488 44.615871 -0.414416 0.902917 0.114016 0.846301 0.336258 0.413164 -0.334714 -0.267714 0.903491
0.078908 -49.229230 -11583.642178 -252.752860 -0.539695 0.841859 -0.001851 0.792813 0.508990 0.335225 -0.283154 -0.179452 0.942136
-2.275633 -47.831150 -7736.904059 360.670000 -0.628180 0.775732 -0.060248 0.688984 0.590565 0.420158 -0.361511 -0.222425 0.905449
3.173486 -65.826768 -1159.003811 1069.536810 -0.391402 -0.894455 0.216228 0.883537 -0.299596 0.360005 -0.257228 0.331952 0.907547
3.467363 -64.417592 758.207652 4781.937166 -0.400504 -0.898312 0.180643 0.911171 -0.369626 0.182056 -0.096773 0.237511 0.966552
2.930390 -64.875913 1034.199471 2952.501622 -0.390960 -0.902966 0.178332 0.893925 -0.326373 0.307212 -0.219199 0.279523 0.934783
2.551322 -69.782974 -524.270675 -2668.686900 0.385186 0.902397 -0.193162 0.834594 -0.251316 0.490196 -0.393807 0.350029 0.849939
3.455735 -70.382223 151.912854 -2606.305806 0.387226 0.899562 -0.202100 0.825785 -0.240900 0.509948 -0.410044 0.364356 0.836127
3.700469 -69.477701 569.204317 -4175.617560 0.387967 0.897573 -0.209389 0.845520 -0.256181 0.468473 -0.366848 0.358795 0.858306
-11.695542 -86.841553 -0.580617 -233.887903 0.131116 0.952560 0.274660 0.357714 0.212929 -0.909232 0.924581 -0.217465 0.312825
-10.441785 -85.062332 150.840644 -2773.018223 0.128465 0.947584 0.292543 0.546339 0.178565 -0.818308 0.827654 -0.264952 0.494763
-10.788118 -86.748803 -609.614948 -1695.493462 0.164495 0.943730 0.286908 0.436428 0.191214 -0.879186 0.884574 -0.269836 0.380417
-11.637457 -84.751204 1555.055771 -2847.696723 0.091376 0.953926 0.285788 0.504075 0.203196 -0.839416 0.858812 -0.220761 0.462284
-11.009403 -87.838781 -512.274173 3657.434627 0.166501 0.947202 0.274017 0.256720 0.226671 -0.939529 0.952036 -0.226778 0.205425
-12.795181 -86.326512 568.946476 -587.800917 0.084114 0.955377 0.283160 0.329363 0.241539 -0.912787 0.940449 -0.170040 0.294349
-12.947267 -85.600221 139.174264 1120.675444 0.118026 0.954218 0.274841 0.210259 0.246486 -0.946063 0.970495 -0.169448 0.171542
-11.803239 -87.276735 -770.803243 1163.803661 0.160201 0.949834 0.268610 0.153398 0.244862 -0.957346 0.975092 -0.194572 0.106476
-4.196793 -55.310075 -153.447187 -807.762913 0.319176 0.872934 -0.368934 -0.330685 0.467414 0.819861 -0.888129 0.139679 -0.437854
-3.955287 -55.972554 93.593722 -403.617167 0.318486 0.880271 -0.351697 -0.343104 0.452909 0.822893 -0.883655 0.141411 -0.446270
-4.364608 -52.190242 -76.415250 445.276336 0.309229 0.883912 -0.350823 -0.426951 0.458673 0.779315 -0.849759 0.091203 -0.519222
42.302728 -43.599468 15424.836435 -2821.807426 -0.574962 0.816651 0.050005 0.520583 0.412297 -0.747666 0.631199 0.403848 0.662190
41.461426 -42.436238 15560.471251 844.771299 -0.584332 0.810395 0.042613 0.545768 0.431300 -0.718413 0.600577 0.396535 0.694310
25.595238 -46.026757 16428.138136 -1854.962938 -0.602119 0.797925 -0.027725 0.548666 0.388301 -0.740397 0.580016 0.461019 0.671598
59.419533 -42.526044 7485.756298 -612.265845 -0.504662 0.851405 0.142919 0.529779 0.436127 -0.727412 0.681653 0.291382 0.671153
19.126150 -45.373077 -8990.094325 -1119.180671 -0.536118 0.843728 -0.026483 0.700808 0.427377 -0.571154 0.470580 0.324765 0.820416
25.610392 -44.057220 -8303.820355 -237.964820 -0.539204 0.840861 -0.047036 0.741506 0.447530 -0.499885 0.399284 0.304418 0.864813
30.929225 -44.882740 -7134.614491 -1193.748719 -0.536833 0.838615 -0.092383 0.727168 0.404384 -0.554707 0.427828 0.364964 0.826901
14.902487 -39.023926 1706.960208 1860.237812 -0.367335 0.927495 0.069414 0.556305 0.159288 0.815568 -0.745378 -0.338202 0.574483
15.307864 -35.879751 2101.051838 2915.825668 -0.388368 0.920760 0.037019 0.598101 0.221305 0.770259 -0.701032 -0.321285 0.636656
16.625219 -40.758964 -168.739375 2134.523447 -0.396594 0.914406 0.081089 0.558905 0.170441 0.811527 -0.728244 -0.367168 0.578661
16.657653 -41.254073 1589.397328 85.715319 -0.354825 0.929136 0.103947 0.500237 0.094744 0.860690 -0.789850 -0.357393 0.498405
-2.152580 -92.735465 -165.881985 -682.143662 -0.247183 0.164224 -0.954951 -0.191697 0.957766 0.214327 0.949817 0.236039 -0.205262
-2.977324 -86.298881 395.637229 17.652491 -0.256879 0.159174 -0.953245 -0.072546 0.980385 0.183256 0.963717 0.116229 -0.240292
-1.302225 -89.187356 591.492855 -2394.877975 -0.262290 0.183821 -0.947319 -0.173623 0.956679 0.233709 0.949241 0.225776 -0.219012
-1.080493 -95.252773 -198.721670 -3882.330966 -0.251857 0.188477 -0.949234 -0.321153 0.908991 0.265697 0.912923 0.371767 -0.168406
-0.764908 -87.361412 933.067492 -1247.596073 -0.268624 0.186691 -0.944980 -0.070016 0.974659 0.212457 0.960697 0.123234 -0.248746
0.402954 -89.275729 1138.321675 -2572.793890 -0.278221 0.205551 -0.938265 -0.236122 0.932221 0.274244 0.931042 0.297845 -0.210829
0.161703 -91.706273 -144.579372 -3764.420530 -0.254601 0.198683 -0.946416 -0.306449 0.911652 0.273825 0.917207 0.359744 -0.171221
-1.622031 -84.859924 -1126.450305 491.365311 0.310610 0.904197 -0.293172 0.292064 0.202722 0.934667 -0.904555 0.375942 0.201116
-1.094569 -87.503620 -964.442444 5334.612265 0.331383 0.908131 -0.255899 0.435242 0.093502 0.895445 -0.837108 0.408113 0.364271
-1.975334 -82.798749 -567.832418 -919.236328 0.322958 0.903896 -0.280481 0.275784 0.193619 0.941517 -0.905341 0.381423 0.186749
-1.735008 -82.837412 -154.237929 -5939.690708 0.318049 0.898056 -0.303876 0.120362 0.279678 0.952519 -0.940403 0.339523 0.019140
13.626357 -33.226551 1995.103650 -2583.864844 -0.395842 0.899582 0.184557 0.854705 0.287407 0.432292 -0.335840 -0.328861 0.882645
23.744456 -32.442555 -3295.383917 -3082.962898 0.318736 -0.902612 -0.289307 0.892660 0.183228 0.411808 -0.318694 -0.389510 0.864127
13.942253 -27.920865 -1011.720403 -2917.303623 0.369123 -0.899455 -0.233941 0.853374 0.228323 0.468637 -0.368104 -0.372624 0.851851
21.047618 -37.743924 -692.367391 -2323.722208 0.356044 -0.899982 -0.251525 0.899693 0.257396 0.352561 -0.252557 -0.351822 0.901352
5.296755 -129.684417 1974.913555 6576.458985 -0.216744 0.096743 -0.971423 0.959013 -0.164950 -0.230402 -0.182526 -0.981546 -0.057026
3.433419 -133.562639 535.324805 5501.460355 -0.220877 0.080169 -0.972001 0.974741 -0.015657 -0.222790 -0.033079 -0.996658 -0.074686
0.726234 -143.739403 1471.478328 10389.724520 -0.241744 0.106050 -0.964527 0.946719 -0.192212 -0.258414 -0.212799 -0.975606 -0.053933
-5.068830 -150.252590 3006.874697 12949.464624 -0.274798 0.135636 -0.951887 0.910100 -0.282667 -0.303013 -0.310166 -0.949580 -0.045766
-4.008787 -154.010775 3787.905284 6629.452282 -0.269387 0.148021 -0.951588 0.829347 -0.466596 -0.307361 -0.489503 -0.871996 0.002934
2.039158 -135.440025 2437.394883 4553.066009 -0.239678 0.109473 -0.964661 0.895138 -0.359773 -0.263232 -0.375876 -0.926595 -0.011764
2.409364 -195.527841 152.670809 -20654.349025 0.593997 0.047782 0.803047 0.561004 -0.740058 -0.370929 -0.576578 -0.670843 0.466398
2.981811 -165.950937 1171.424013 17715.956411 0.592230 0.072875 0.802466 -0.414990 0.881249 0.226238 -0.690685 -0.467001 0.552145
0.645530 -190.533327 488.760216 -18847.699362 0.594229 0.044622 0.803057 0.541585 -0.760371 -0.358500 -0.594624 -0.647955 0.476001
0.549324 -206.674275 1079.217148 -7868.578775 -0.587963 -0.020309 -0.808632 0.694352 -0.525485 -0.491671 -0.414939 -0.850560 0.323068
1.514965 -209.478504 -650.682432 -10149.128931 -0.588421 -0.057160 -0.806532 0.721005 -0.488549 -0.491399 -0.365942 -0.870662 0.328685
-8.166132 -47.786556 2518.984932 -2354.431025 -0.585447 0.793269 0.167260 0.214649 -0.047278 0.975546 -0.781779 -0.607033 0.142595
-8.656070 -42.059023 60.066207 -2139.436756 -0.586575 0.793228 0.163460 0.138523 -0.100593 0.985237 -0.797961 -0.600558 0.050875
-10.644685 -43.720113 1724.246747 -2941.854247 -0.601281 0.784737 0.150495 0.134835 -0.085996 0.987129 -0.787579 -0.613834 0.054102
-15.001198 -48.086746 2677.293245 -2566.693909 -0.605278 0.770272 0.200795 0.224214 -0.077062 0.971488 -0.763784 -0.633042 0.126062
-3.826033 -123.704966 589.655699 9072.840341 -0.300091 0.105052 -0.948108 0.580390 0.808886 -0.094076 0.757029 -0.578504 -0.303711
-5.476970 -132.254246 -74.856999 7848.983765 -0.295670 0.079997 -0.951935 0.685612 0.711677 -0.153144 0.665219 -0.697938 -0.265269
-5.553360 -139.173033 -334.993093 9490.816767 -0.293842 0.089048 -0.951697 0.739664 0.651827 -0.167386 0.605437 -0.753122 -0.257400
-14.511137 -494.794018 17298.632398 166125.691057 0.174878 0.270659 -0.946658 0.773990 -0.632072 -0.037735 -0.608569 -0.726105 -0.320023
-14.057091 -1802.319999 1227.818070 955261.786060 0.195538 0.078489 -0.977550 0.866361 -0.480915 0.134684 -0.459547 -0.873247 -0.162037
-33.562576 -644.856809 -10184.004427 -198049.247490 -0.153947 -0.177611 0.971985 -0.532664 0.843447 0.069758 -0.832208 -0.507002 -0.224453
9.161448 -2183.325473 -14883.408666 761168.694958 0.434129 -0.293184 0.851807 0.155257 0.955760 0.249836 -0.887371 0.023788 0.460442
28.188414 -2183.039019 9528.046399 493660.464556 -0.428340 0.181464 -0.885209 0.867871 -0.190195 -0.458940 -0.251643 -0.964830 -0.076019
-7.287655 -3624.110693 27037.866606 1610944.637392 -0.404030 0.273123 -0.873020 0.757498 -0.435117 -0.486693 -0.512793 -0.857949 -0.031090
-22.311310 -4848.401840 2453.587992 -63133.186398 -0.322333 0.293707 -0.899910 0.664205 0.747526 0.006066 0.674488 -0.595769 -0.436034
-325.038872 -11867.548760 30532.163187 -2767091.874087 0.393285 -0.449886 0.801829 0.426223 0.861946 0.274560 -0.814654 0.233777 0.530742
655.974595 -37658.333600 330428.079279 -139971454.982427 -0.399949 0.262616 -0.878108 0.761070 0.629001 -0.158527 0.510699 -0.731704 -0.451438
-147.726214 -11534.205161 7071.176011 -7933383.625465 -0.474772 0.211152 -0.854404 0.598872 -0.633883 -0.489433 -0.644937 -0.744048 0.174496
21.948778 -50.909681 11692.691073 -538.791849 -0.551277 0.834023 -0.022357 0.337936 0.198710 -0.919953 0.762819 0.514704 0.391391
24.833184 -49.951820 7624.648240 -49.830517 -0.528484 0.848283 0.033464 0.248834 0.192470 -0.949230 0.811657 0.493326 0.312799
39.763617 -47.783614 11448.693734 -468.175657 -0.532293 0.841602 0.091483 0.322589 0.301558 -0.897217 0.782688 0.448072 0.432009
26.719491 -48.639038 12512.392136 -1938.673937 -0.565089 0.825026 0.002456 0.406227 0.280828 -0.869549 0.718091 0.490375 0.493840
5.191319 -66.955570 2181.747387 5765.000424 0.027796 -0.308768 0.950731 0.777960 -0.590552 -0.214537 0.627698 0.745594 0.223794
9.697053 -57.474162 -6231.721625 -4092.066867 0.030361 0.281189 -0.959172 -0.687037 0.702860 0.184302 0.725987 0.653392 0.214526
-3.607343 -54.821181 -3878.777148 -3135.074124 -0.008784 0.312020 -0.950035 -0.688773 0.686868 0.231957 0.724924 0.656396 0.208878
15.520905 -6.147916 497.036383 -3902.300006 0.182942 0.933795 -0.307505 0.404652 0.213540 0.889189 -0.895985 0.287103 0.338796
13.547754 1.758966 2460.885300 -3490.452304 0.102719 0.836450 -0.538332 0.438571 0.447668 0.779262 -0.892807 0.316142 0.320859
11.091429 -5.921207 4954.875938 -4291.692939 0.226229 0.898992 -0.375013 0.411127 0.260898 0.873446 -0.883060 0.351776 0.310577
-13.662099 -30.567690 363.904824 -1530.976054 -0.412445 0.887038 0.207493 0.474488 0.403610 -0.782279 0.777657 0.224194 0.587356
-13.984741 -32.192902 -378.438200 -788.736704 -0.449678 0.860188 0.240556 0.455613 0.452551 -0.766560 0.768249 0.235105 0.595415
-12.330467 -30.046755 -845.897666 247.817407 -0.360135 0.922351 0.139896 0.545282 0.329795 -0.770651 0.756948 0.201256 0.621712
-11.258948 -28.664410 -983.453488 -477.229401 -0.276712 0.958679 0.066068 0.573512 0.219921 -0.789125 0.771048 0.180470 0.610668
-1.955834 -41.190847 -1300.915849 1058.426350 0.392736 0.788817 -0.472786 -0.353458 0.604076 0.714255 -0.849015 0.113403 -0.516056
-0.301289 -43.353774 -1021.786169 -1445.714778 0.397492 0.791631 -0.464027 -0.371090 0.601176 0.707728 -0.839221 0.109120 -0.532729
-1.344707 -39.506538 -584.304818 -2578.498459 0.400964 0.788787 -0.465880 -0.328666 0.598557 0.730554 -0.855106 0.139806 -0.499247
-21.270068 -50.562282 -550.340070 677.907775 0.814230 -0.500697 0.293825 0.424665 0.858784 0.286619 -0.395841 -0.108597 0.911875
-23.662654 -49.190988 -90.219393 380.700523 0.787668 -0.563765 0.248494 0.523698 0.825114 0.211960 -0.324531 -0.036818 0.945158
-20.328941 -48.137255 -957.782864 656.830095 0.799403 -0.507226 0.321989 0.462641 0.861628 0.208714 -0.383300 -0.017882 0.923451
19.465332 -142.747359 1990.734635 -1171.597690 0.212637 0.968116 0.132430 0.155569 0.100259 -0.982724 0.964668 -0.229565 0.129290
15.460735 -132.731433 1482.346755 12306.307414 0.211962 0.970142 0.117885 -0.063243 0.133990 -0.988963 0.975230 -0.202167 -0.089755
12.824618 -153.556967 -701.359596 -8223.765676 0.271496 0.948923 0.160733 -0.100057 0.193930 -0.975899 0.957224 -0.248870 -0.147598
-5.442931 -82.383618 -2370.253941 14339.516000 0.006896 -0.408018 0.912948 0.884870 -0.422769 -0.195630 0.465787 0.809189 0.358128
-8.770022 -140.768645 -2085.459874 37779.885099 -0.228971 -0.334971 0.913984 0.926572 -0.362811 0.099156 0.298389 0.869576 0.393448
-10.620233 -70.270469 -799.025284 13245.262104 -0.002646 -0.428002 0.903774 0.911295 -0.373161 -0.174050 0.411747 0.823144 0.391024
-13.069294 -81.709500 5243.470740 -15621.707894 0.223878 0.707966 -0.669823 0.010507 0.685475 0.728021 -0.974561 0.170025 -0.146024
-14.927699 -91.386224 -4300.940010 -10306.220618 -0.219718 -0.492699 0.842005 0.116657 0.843634 0.524093 -0.968563 0.213378 -0.127885
6.975268 -133.686316 -3745.184250 -27983.541223 -0.204317 -0.643427 0.737737 0.209513 0.707428 0.675018 -0.956221 0.292483 -0.009733
0.602504 -101.050858 -1952.759533 -14699.604670 0.200220 0.772153 -0.603069 0.104437 0.595205 0.796758 -0.974169 0.222510 -0.038530
-13.409353 -77.573160 -2401.144404 -7842.021239 0.182346 0.854225 -0.486878 -0.069151 0.505096 0.860289 -0.980800 0.123202 -0.151173
15.816346 -46.718650 16486.543306 744.585212 -0.343871 0.308373 -0.886938 0.226870 0.943841 0.240198 0.911199 -0.118622 -0.394520
41.303879 -48.268459 27039.407831 664.711450 -0.380081 0.268780 -0.885040 0.318937 0.936249 0.147365 0.868227 -0.226261 -0.441574
47.767762 -46.065160 18043.869619 -275.778166 -0.327718 0.176252 -0.928190 0.224680 0.968798 0.104635 0.917671 -0.174255 -0.357093
23.297692 -45.503685 14550.673871 253.119727 -0.333020 0.246161 -0.910221 0.140139 0.967522 0.210385 0.932448 -0.057495 -0.356701
-14.600206 -25.807069 -21695.063010 4927.472799 -0.573910 0.535192 0.619836 0.290887 0.840765 -0.456617 -0.765514 -0.081754 -0.638204
-23.135970 -41.657408 -5843.980864 -11651.071424 -0.437405 -0.666773 0.603400 -0.372836 0.745069 0.553051 -0.818334 0.016938 -0.574494
-9.248738 -34.168624 -8890.531376 -17474.511940 -0.482478 -0.668608 0.565843 -0.422888 0.743539 0.517992 -0.767060 0.010632 -0.641488
15.995386 -30.732557 -10621.459071 447.497508 -0.330271 0.833292 0.443334 -0.491344 -0.552815 0.673035 -0.805917 -0.004454 -0.592012
17.207302 -34.581253 -16625.261544 2089.586013 -0.528179 0.598869 0.601983 0.285666 0.792935 -0.538190 -0.799639 -0.112295 -0.589888
-5.965216 -17.378062 -7354.285761 -2632.738496 -0.112294 0.990376 0.080906 -0.659412 -0.135182 0.739528 -0.743347 -0.029694 -0.668246
45.773862 -42.117315 -20660.161371 966.729194 -0.705378 0.707857 0.037140 -0.316469 -0.361379 0.877070 -0.634262 -0.606913 -0.478924
62.296960 -39.887642 -20417.423504 -1008.527635 -0.660894 0.750362 0.013255 -0.305090 -0.284766 0.908751 -0.685667 -0.596544 -0.417128
17.297540 -45.442831 21103.118326 77.616445 0.754080 -0.655745 -0.036906 0.271671 0.362583 -0.891475 -0.597962 -0.662217 -0.451563
9.975529 -47.056553 18613.234665 -1716.112153 0.768699 -0.632574 -0.094611 0.272197 0.457390 -0.846584 -0.578801 -0.625015 -0.523780
42.844442 -40.988312 -15151.851430 2002.966562 -0.687447 0.721482 0.082948 -0.341778 -0.422184 0.839612 -0.640784 -0.548839 -0.536816
8.805111 -20.064647 -5586.247587 2032.451431 0.196201 0.731829 0.652635 -0.210201 0.681488 -0.700992 0.957769 -0.000351 -0.287540
4.173477 -16.749670 -3889.937397 1762.930187 0.178464 0.785672 0.592343 -0.258832 0.618291 -0.742107 0.949292 0.020878 -0.313700
-0.869226 -16.404132 2799.994451 1850.339818 -0.239819 -0.597275 -0.765343 -0.188152 0.801996 -0.566922 0.952411 0.008042 -0.304712
4.587610 -17.270383 4421.522554 123.894614 -0.241106 -0.593827 -0.767618 -0.142183 0.804031 -0.577337 0.960027 -0.030056 -0.278289
0.081458 -59.927483 -1139.057922 584.569738 -0.169439 0.985244 -0.024197 -0.544431 -0.114038 -0.831018 0.821514 0.127633 -0.555720
4.843038 -59.247139 -147.773963 -6328.138491 -0.182623 0.983125 -0.010658 -0.381021 -0.080763 -0.921032 0.906351 0.164140 -0.389341
4.095086 -59.888071 -128.743632 -2622.612493 -0.229200 0.969184 -0.090280 -0.412946 -0.180806 -0.892628 0.881444 0.167310 -0.441661
8.529919 -58.768865 2557.930114 -5105.045828 -0.132204 0.985222 0.108900 -0.439480 0.040215 -0.897352 0.888471 0.166493 -0.427668
-1.125828 -62.598953 -537.662280 3521.911116 -0.233409 0.967618 -0.096105 -0.610340 -0.222729 -0.760182 0.756971 0.118777 -0.642562
-6.118928 -63.602069 -1858.984771 4235.245556 -0.179067 0.982327 -0.054489 -0.682433 -0.163913 -0.712332 0.708675 0.090371 -0.699724
-3.055059 -60.502821 -1717.560881 2103.971764 -0.126294 0.991483 0.031797 -0.612381 -0.052708 -0.788804 0.780410 0.119093 -0.613822
-4.060478 -59.772808 604.047313 -4730.862780 -0.592654 0.803418 -0.057287 -0.213904 -0.088422 0.972845 -0.776535 -0.588814 -0.224258
-4.583877 -59.570316 166.719239 -3659.566094 -0.589162 0.806195 -0.054204 -0.260562 -0.126061 0.957192 -0.764850 -0.578065 -0.284334
-4.365020 -64.114890 106.998243 537.929788 -0.588186 0.804524 -0.082328 -0.292130 -0.116437 0.949264 -0.754120 -0.582394 -0.303512
-4.986528 -68.007457 537.937765 -2449.037857 -0.603729 0.794567 -0.064613 -0.251141 -0.112644 0.961374 -0.756598 -0.596636 -0.267555
-4.742141 -61.802041 849.564475 -1576.710686 -0.606105 0.794958 -0.026037 -0.120044 -0.059068 0.991010 -0.786274 -0.603781 -0.131232
-5.311001 -47.166119 584.965653 -13420.726285 -0.513193 0.843588 -0.158090 -0.690141 -0.296098 0.660327 -0.510234 -0.447979 -0.734150
-6.223800 -43.593917 -1866.856288 -10226.371627 -0.508822 0.842581 -0.176513 -0.692994 -0.279247 0.664666 -0.510745 -0.460519 -0.725990
-5.738550 -43.023769 -668.832823 -2566.370398 -0.469238 0.857173 -0.212300 -0.732403 -0.243449 0.635860 -0.493358 -0.453858 -0.742032
-4.370598 -49.515505 399.369823 -5626.731242 -0.513423 0.841221 -0.169543 -0.703669 -0.299623 0.644264 -0.491169 -0.450082 -0.745774
9.334683 -102.179903 -3445.302642 -5959.857478 -0.644231 0.761461 -0.071722 0.764546 0.643713 -0.033205 0.020884 -0.076227 -0.996872
8.361036 -90.769006 -1762.073884 -12931.256980 -0.648684 0.758497 -0.062388 0.746120 0.617649 -0.248625 -0.150048 -0.207828 -0.966588
8.289691 -100.183511 -3305.210933 -8459.162027 -0.642235 0.761923 -0.083713 0.766352 0.636058 -0.090194 -0.015474 -0.122080 -0.992400
7.329200 -85.129848 -1810.570693 -15677.015071 -0.656095 0.751532 -0.068837 0.726151 0.603821 -0.328792 -0.205533 -0.265705 -0.941890
1.838984 -144.454486 -1582.456280 -623.392555 -0.540579 0.835212 -0.100966 -0.547321 -0.258000 0.796163 -0.638916 -0.485650 -0.596599
1.703270 -134.911846 365.795232 3510.673412 -0.540153 0.838843 -0.067651 -0.404135 -0.188040 0.895162 -0.738180 -0.510865 -0.440577
0.764714 -140.170911 918.561548 614.837244 -0.524978 0.846922 -0.084388 -0.577102 -0.281333 0.766685 -0.625581 -0.451193 -0.636453
1.061171 -146.234708 -1226.874778 432.529553 -0.517361 0.847288 -0.120164 -0.675239 -0.317915 0.665569 -0.525727 -0.425479 -0.736599
-0.064407 -161.456810 -307.996562 241.982141 -0.515870 0.849594 -0.109854 -0.621694 -0.283057 0.730326 -0.589385 -0.445049 -0.674208
7.438797 -69.831821 1537.599179 3933.444660 -0.496363 0.863064 -0.093508 -0.864824 -0.500974 -0.033217 0.075514 -0.064381 -0.995064
8.468787 -79.678944 463.715081 447.170195 -0.507213 0.857509 -0.086105 -0.844625 -0.514464 -0.148109 0.171302 0.002396 -0.985216
5.739118 -71.344964 466.564140 -5160.993381 -0.558187 0.824597 -0.092015 0.829708 0.555182 -0.057934 0.003312 -0.108684 -0.994071
5.497418 -62.445721 1841.106561 -3610.529696 -0.561063 0.823081 -0.088013 0.825744 0.549075 -0.129087 -0.057923 -0.145102 -0.987720
2.355380 -73.895361 146.161184 -5873.863155 -0.634226 0.768905 -0.080885 0.766432 0.611509 -0.196565 -0.101678 -0.186660 -0.977149
3.414619 -66.048209 309.142188 -4259.936467 -0.617635 0.781262 -0.090316 0.780999 0.595770 -0.187345 -0.092558 -0.186248 -0.978133
-13.015423 -54.737840 552.454558 -5240.867226 -0.465279 0.877202 -0.118456 -0.871834 -0.477287 -0.110012 0.153040 -0.052087 -0.986846
-12.505709 -52.044123 -177.844062 -6484.991728 -0.446159 0.884758 -0.134702 0.894946 0.441698 -0.063043 0.003720 -0.148679 -0.988879
-13.408667 -53.369868 -1191.655875 -3565.564519 -0.444606 0.889077 -0.108941 -0.888511 -0.453156 -0.072095 0.113466 -0.064741 -0.991430
-12.454000 -52.817596 -144.103170 -8296.069111 -0.444403 0.891216 -0.090775 -0.868276 -0.453455 -0.201185 0.220462 0.010590 -0.975338
-12.265781 -51.467212 408.426557 -5856.984434 -0.445951 0.887918 -0.112825 -0.856461 -0.459934 -0.234385 0.260007 0.007893 -0.965575
-13.197406 -53.488845 840.635397 -8442.174748 -0.461163 0.876029 -0.141074 -0.856683 -0.480994 -0.186384 0.231133 -0.034902 -0.972296
8.062055 -47.587365 927.322135 3468.505533 0.150920 0.928183 -0.340147 0.358631 0.269238 0.893809 -0.921199 0.256880 0.292242
9.933144 -44.379621 1591.603365 3241.908016 0.083379 0.886438 -0.455275 0.471692 0.367337 0.801605 -0.877813 0.281587 0.387497
10.878410 -54.379318 2789.772635 2902.222350 0.145724 0.925743 -0.348946 0.361043 0.278623 0.889954 -0.921093 0.255672 0.293631
6.873726 -37.871474 188.401129 4275.265471 0.095180 0.884768 -0.456208 0.461733 0.366768 0.807641 -0.881898 0.287518 0.373618
9.543082 -57.598216 2005.821961 3566.233906 0.176491 0.945286 -0.274382 0.266397 0.222481 0.937835 -0.947567 0.238614 0.212555
5.260713 -42.043764 -121.063588 4306.454904 0.165764 0.928566 -0.332096 0.359863 0.256576 0.897032 -0.918162 0.268205 0.291625
-0.764882 -55.983879 -74.939628 1053.857611 -0.614331 0.784814 0.081636 0.546768 0.348819 0.761164 -0.568896 -0.512242 0.643402
0.843276 -49.778810 -798.844276 1036.650179 -0.591967 0.797285 0.117945 0.632197 0.368572 0.681529 -0.499902 -0.478007 0.722224
-0.278996 -53.432619 -333.005000 260.234092 -0.597509 0.795547 0.100444 0.556915 0.321594 0.765783 -0.576914 -0.513501 0.635207
-15.248196 -75.404727 -338.404474 -2211.688581 -0.533348 0.845782 -0.013855 0.173913 0.093611 -0.980302 0.827825 0.525252 0.197019
-14.605003 -73.421685 -577.970643 1007.815373 -0.533460 0.845763 -0.010280 0.270040 0.158784 -0.949666 0.801560 0.509385 0.313095
-15.296573 -73.990885 -241.100799 117.546785 -0.512453 0.858653 -0.010400 0.260199 0.143724 -0.954798 0.818345 0.491995 0.297072
-15.613881 -76.436318 441.189204 -1927.373550 -0.515744 0.856633 -0.013711 0.128684 0.061634 -0.989768 0.847023 0.512231 0.142022
36.257262 -37.131027 402.760115 777.974107 0.071450 0.873606 -0.481360 -0.358816 0.472797 0.804807 -0.930670 -0.115216 -0.347245
35.789876 -46.064486 5051.388610 -8268.273903 0.137902 0.905048 -0.402333 -0.357977 0.424298 0.831759 -0.923491 -0.029324 -0.382498
40.173604 -37.302953 2615.728511 -3632.395994 0.046183 0.877629 -0.477110 -0.324386 0.464911 0.823791 -0.944797 -0.116723 -0.306162
39.628327 -36.163054 -2008.752386 4284.517341 -0.042080 0.869169 -0.492721 -0.319621 0.455531 0.830863 -0.946610 -0.192447 -0.258636
28.701962 -48.869854 763.393029 10484.267906 -0.069642 0.924273 -0.375325 -0.379005 0.323512 0.867004 -0.922771 -0.202630 -0.327774
31.239621 -36.987362 -2530.156357 5772.971306 0.030491 0.880130 -0.473753 -0.400308 0.445054 0.801050 -0.915873 -0.165222 -0.365893
-18.266326 -35.939328 -95.312497 -2140.513987 -0.063535 0.948720 0.309667 -0.538076 0.228765 -0.811259 0.840499 0.218167 -0.495949
-18.627756 -40.569293 276.840571 -1442.441744 -0.088064 0.952413 0.291812 -0.611188 0.179662 -0.770825 0.786571 0.246234 -0.566282
-17.783882 -37.511317 1072.049214 -1272.775931 -0.104639 0.939094 0.327342 -0.576068 0.211071 -0.789680 0.810676 0.271203 -0.518896
-6.589595 -87.451943 -7134.255265 26767.087660 -0.347691 0.591400 0.727569 -0.006618 0.774416 -0.632642 -0.937586 -0.224779 -0.265344
14.580003 -48.373794 -8430.825900 18829.252597 -0.267753 0.247652 0.931116 -0.003147 0.966172 -0.257880 -0.963482 -0.071979 -0.257916
-23.144798 -67.457391 1468.669383 14813.509258 -0.075366 -0.007317 0.997129 -0.135211 0.990812 -0.002949 -0.987946 -0.135045 -0.075663
-20.464655 -121.015330 -15613.554545 -57197.780998 -0.354611 0.759361 0.545547 -0.189557 -0.629733 0.753329 -0.915598 -0.163726 -0.367253
-27.488793 -241.045552 -8720.868471 -90465.812167 -0.401201 0.846357 0.350311 -0.054221 -0.403712 0.913278 -0.914384 -0.347414 -0.207860
81.399772 -1796.713020 -18586.615110 326369.533707 -0.491550 0.764600 -0.416853 -0.624501 -0.643104 -0.443187 0.606941 -0.042477 -0.793611
673.193072 -8419.928888 -158293.136068 7150735.773572 -0.369240 0.828100 -0.421797 0.900183 0.431484 0.059100 0.230940 -0.357873 -0.904762
420.769640 -1974.461010 -79646.545886 85634.925661 -0.278246 0.846081 -0.454672 0.884953 0.041789 -0.463802 -0.373413 -0.531414 -0.760369
75.512768 -1637.191041 -52999.345709 778202.595266 -0.316204 0.903180 -0.290311 -0.476386 0.113468 0.871884 -0.820409 -0.413994 -0.394383
190.412072 -12103.344291 -75267.109200 -8762642.200400 -0.347757 0.853799 -0.387418 -0.829333 -0.472863 -0.297671 0.437347 -0.217781 -0.872525
348.698078 -5696.226760 -106806.625345 -1318114.942263 -0.298586 0.840921 -0.451330 -0.540464 0.240780 0.806178 -0.786603 -0.484641 -0.382594
-3.303372 -53.530325 7722.718090 1294.401246 -0.160065 0.949502 0.269861 -0.860334 -0.000162 -0.509730 0.483946 0.313761 -0.816915
8.478327 -53.497454 7693.672386 1637.657967 -0.152521 0.952206 0.264653 -0.873332 -0.004503 -0.487105 0.462632 0.305424 -0.832279
1.219434 -53.313339 6710.935996 -19.524278 -0.185314 0.951514 0.245519 -0.792728 0.002898 -0.609569 0.580725 0.307592 -0.753754
-6.139104 -53.478492 -444.812623 986.351953 -0.328880 0.933312 0.144106 0.942300 0.314211 0.115511 0.062528 0.173780 -0.982797
-0.760966 -53.176885 -1781.861367 -100.583753 -0.209479 0.967624 0.140789 0.977117 0.212582 -0.007202 -0.036898 0.136059 -0.990013
-1.077701 -57.239354 -574.549437 325.412470 -0.304458 0.942028 0.141027 0.951308 0.308203 -0.004976 -0.048152 0.132645 -0.989993
-3.551145 -57.471340 1193.405736 1702.298061 -0.412563 0.898544 0.149699 0.909938 0.398845 0.113738 0.042492 0.183141 -0.982168
-9.608579 -28.557235 -741.401300 439.925636 -0.503431 0.856202 0.116083 -0.628487 -0.270674 -0.729205 0.592926 0.440061 -0.674377
-8.845530 -28.770429 -921.063484 331.744099 -0.540279 0.837332 0.083509 -0.628208 -0.335324 -0.702077 0.559869 0.431778 -0.707187
-10.699663 -30.149042 -998.932124 896.110105 -0.592187 0.805455 0.023602 -0.538642 -0.373897 -0.755027 0.599316 0.459830 -0.655269
-11.836297 -30.829859 -608.425447 1590.546984 -0.551576 0.831749 0.062912 -0.559677 -0.313116 -0.767281 0.618487 0.458424 -0.638218
-10.976591 -29.401351 -354.275131 1059.599807 -0.466124 0.872282 0.147827 -0.621966 -0.204253 -0.755936 0.629195 0.444303 -0.637737
-0.700999 -14.541345 -1428.419855 3118.876958 -0.485091 0.785229 0.384840 -0.318160 -0.568408 0.758740 -0.814531 -0.245618 -0.525558
-2.629164 -15.310555 109.013913 -1914.067200 -0.520681 0.688109 0.505368 0.259945 0.691609 -0.673874 -0.813216 -0.219505 -0.538978
-3.079406 -19.018105 -313.716845 3021.926329 -0.472627 0.790850 0.388820 -0.355140 -0.574719 0.737275 -0.806536 -0.210370 -0.552490
3732.824933 -80358.727846 601316.746660 -66560971.000021 0.732177 0.270920 0.624915 -0.437606 0.890182 0.126796 -0.521936 -0.366304 0.770327
-203.787652 -2730.538004 -10906.688889 535665.114890 0.722402 0.416852 0.551698 0.087975 0.735967 -0.671278 -0.685854 0.533468 0.494991
-6831.913706 -345604.258792 795868.843460 -288034294.170361 0.755181 0.388792 0.527771 -0.426417 0.902856 -0.054950 -0.497865 -0.183553 0.847608
-6.393757 -18.959134 741.593384 -2106.700732 0.986090 0.166185 0.003182 -0.012755 0.094747 -0.995420 0.165725 -0.981532 -0.095549
-10.642922 -45.003477 -369.106854 16386.824722 0.858514 0.090426 0.504754 0.485577 0.173042 -0.856897 0.164829 -0.980755 -0.104650
-12.389402 -23.474758 3043.265247 8684.084895 0.702327 0.053088 0.709872 0.690331 0.192570 -0.697395 0.173724 -0.979846 -0.098599
-10.552267 -45.005163 -2236.458838 -14654.911055 0.984140 0.154572 -0.087039 -0.101544 0.088554 -0.990882 0.145455 -0.984005 -0.102845
-6.473752 -19.444513 -1807.804674 -8872.409424 0.986604 0.158669 0.037909 0.026195 0.075277 -0.996819 0.161017 -0.984458 -0.070113
-8.691100 -25.900356 3665.378973 -9286.425516 0.979928 0.173212 -0.098687 -0.114441 0.083434 -0.989920 0.163233 -0.981344 -0.101581
-19.498485 -39.118364 -3581.684944 -890.623006 -0.311120 0.948767 0.055185 -0.931039 -0.292625 -0.218030 0.190711 0.119213 -0.974381
-18.492491 -39.056019 -2389.993384 -1115.204483 -0.276019 0.959059 0.063400 -0.921150 -0.245123 -0.302321 0.274403 0.141848 -0.951095
-16.418879 -40.546159 -3091.398872 -1484.761750 -0.323966 0.945916 0.017033 -0.925459 -0.313119 -0.213263 0.196395 0.084853 -0.976846
-18.989886 -42.303007 -2905.075956 -710.497284 -0.367215 0.929049 0.044947 -0.925084 -0.359764 -0.121612 0.096813 0.086238 -0.991560
-53.597725 -85.683544 1944.078936 6324.005004 0.089049 0.995010 0.044994 0.977451 -0.078616 -0.195981 0.191466 -0.061432 0.979575
-47.438286 -78.197605 -45.876893 2394.067168 0.416776 0.903090 -0.103564 0.886191 -0.429036 -0.174912 0.202393 0.018878 0.979122
-41.524124 -69.559834 -1268.937396 5648.032523 0.577009 0.787064 -0.218151 0.749312 -0.616411 -0.242012 0.324949 0.023820 0.945431
10.619683 -60.904506 -17109.762040 5879.620276 0.570261 0.610985 -0.549090 -0.173235 -0.563949 -0.807435 0.802990 -0.555570 0.215754
-5.707857 -70.394413 -5579.873729 8873.829867 0.516459 0.820419 -0.245322 0.117289 -0.351561 -0.928789 0.848241 -0.450908 0.277793
3.829763 -199.131978 1413.855665 -95718.426130 0.784752 0.616981 -0.059145 0.387180 -0.562494 -0.730543 0.484000 -0.550395 0.680301
3.956924 -63.712492 1528.578923 -14238.126581 0.794203 0.564379 -0.225206 0.159146 -0.550872 -0.819276 0.586442 -0.614831 0.527323
1.758908 -125.936576 -24078.971903 40288.919607 0.924931 0.366875 -0.099527 0.011217 -0.288048 -0.957550 0.379970 -0.884551 0.270540
119.612167 -69.630087 -8047.627455 -4480.129342 -0.494214 0.863181 -0.103300 0.828580 0.503663 0.244497 -0.263074 -0.035242 0.964132
110.875287 -53.775638 -6533.746906 -8775.576109 -0.424971 0.897809 -0.115495 0.784715 0.428996 0.447420 -0.451244 -0.099509 0.886835
129.267980 -59.397019 1674.150565 -5751.163321 -0.469365 0.794565 -0.385179 0.803241 0.565378 0.187487 -0.366742 0.221392 0.903596
7.040081 -11.830440 -2774.373724 -453.831649 0.107639 0.965604 -0.236693 0.484719 0.156892 0.860484 -0.868021 0.207352 0.451159
-25.508249 -51.055733 -2370.530902 -214.226426 -0.374562 0.925863 -0.049807 0.906162 0.354155 -0.231179 0.196401 0.131724 0.971636
-17.913714 -51.155474 -3233.331112 626.812420 -0.334012 0.942567 -0.001728 0.914661 0.323679 -0.242131 0.227666 0.082455 0.970242
-22.152736 -48.741704 -3245.738312 1155.727897 -0.351205 0.936133 -0.017626 0.879926 0.323567 -0.347901 0.319978 0.137695 0.937366
-25.547578 -47.491673 -2949.818405 2033.922839 -0.379290 0.924620 -0.034875 0.832852 0.324740 -0.448221 0.403109 0.199052 0.893242
-29.580099 -49.212254 -2259.654136 612.012237 -0.376576 0.922017 -0.089858 0.879216 0.325159 -0.348211 0.291839 0.210133 0.933099
-18.400624 -45.927717 -3519.480326 1889.047233 -0.367559 0.929571 0.028242 0.821725 0.338837 -0.458212 0.435510 0.145213 0.888394
651.641858 -65.765376 234300.245583 2293.067794 0.219822 0.829610 -0.513250 -0.643143 0.518836 0.563184 -0.733516 -0.206293 -0.647610
3178.709287 -140.819853 1180451.481277 24009.242627 0.548887 0.754215 -0.360392 -0.570256 0.653099 0.498266 -0.611172 0.067976 -0.788574
6723.430854 -310.232225 2624010.611228 37428.646206 0.621478 0.702160 -0.347470 -0.466860 0.688101 0.555481 -0.629131 0.182999 -0.755450
-15.017534 -50.440765 -4039.661816 551.333392 -0.635252 0.768566 -0.075899 0.735957 0.632218 0.242215 -0.234143 -0.098009 0.967249
-15.970334 -50.828644 -3206.441124 611.741669 -0.696916 0.706450 -0.123435 0.648732 0.694388 0.311404 -0.305703 -0.136946 0.942227
1.386961 -63.986787 -1693.910857 2393.402387 -0.426825 -0.879611 0.210010 0.903369 -0.403988 0.143938 -0.041768 0.251153 0.967046
1.097660 -55.930289 -994.695946 -1630.284155 -0.450572 -0.870267 0.199047 0.892490 -0.444385 0.077355 0.021134 0.212502 0.976932
2.503942 -61.641883 -210.579550 1769.612290 -0.425108 -0.883377 0.197300 0.904155 -0.404254 0.138138 -0.042269 0.237114 0.970562
36.416963 -77.621572 -3750.160601 1914.714327 0.560963 0.776548 -0.286868 -0.138335 -0.253722 -0.957334 0.816201 -0.576713 0.034905
26.708514 -78.908461 -2920.509181 -590.275393 0.588201 0.752759 -0.295591 -0.003103 -0.363403 -0.931627 0.808709 -0.548902 0.211418
33.392832 -78.028817 -2264.673885 -3537.662981 0.526483 0.813896 -0.245743 0.030888 -0.307167 -0.951154 0.849625 -0.493176 0.186857
-10.894680 -86.355145 -1256.530501 -3533.913937 0.161652 0.938811 0.304141 0.576139 0.160437 -0.801451 0.801207 -0.304784 0.514951
-9.129520 -80.609762 -1039.300565 -1873.733781 0.138890 0.937250 0.319801 0.655919 0.154878 -0.738771 0.741943 -0.312371 0.593249
-10.418406 -80.831886 1024.348226 -2451.089728 0.085683 0.950538 0.298558 0.632232 0.179725 -0.753646 0.770027 -0.253332 0.585561
-1.797609 -54.847675 -780.770925 2569.843296 0.271730 0.912958 -0.304419 -0.596769 0.408009 0.690938 -0.755003 0.006081 -0.655693
2.755763 -61.369023 -1935.576399 3743.322120 0.268514 0.914142 -0.303719 -0.671302 0.403705 0.621592 -0.690836 -0.036981 -0.722065
2.601512 -54.325989 -1950.498190 4146.781688 0.253274 0.924357 -0.285335 -0.603870 0.381496 0.699858 -0.755773 0.004950 -0.654815
27.958024 -43.898390 14317.926598 20.385412 -0.601378 0.798964 -0.001286 0.589784 0.442842 -0.675312 0.538980 0.406876 0.737531
51.024098 -41.954491 9922.681937 1282.893047 -0.528605 0.842623 0.102778 0.584366 0.449038 -0.675930 0.615705 0.297240 0.729764
18.253749 -35.830280 839.605675 2723.800810 -0.416039 0.908331 0.042972 0.603787 0.240597 0.759970 -0.679965 -0.342123 0.648536
16.126980 -30.023168 1603.871428 2886.960351 -0.417173 0.908776 0.009672 0.631153 0.282040 0.722565 -0.653921 -0.307539 0.691236
-3.548284 -92.876413 -430.480854 2787.593592 -0.239151 0.138897 -0.960996 -0.035222 0.987823 0.151540 0.970343 0.070089 -0.231347
0.127810 -88.544890 -950.233950 3008.770233 0.324153 0.906995 -0.268859 0.463031 0.095717 0.881159 -0.824941 0.410120 0.388940
-0.849916 -85.470792 -764.715480 2064.296447 0.338853 0.909063 -0.242455 0.485533 0.051770 0.872684 -0.805877 0.413431 0.423837
-0.021953 -84.917556 -545.059241 614.825591 0.345374 0.906760 -0.241876 0.509570 0.035236 0.859707 -0.788071 0.420173 0.449888
-0.475976 -83.751098 103.157288 2794.332064 0.345472 0.902342 -0.257736 0.433474 0.090149 0.896646 -0.832316 0.421488 0.359998
11.657240 -41.654240 4028.978122 -814.212270 -0.438644 0.891891 0.110103 0.862920 0.383816 0.328715 -0.250919 -0.239199 0.937989
8.477299 -43.705353 3674.590498 -346.777048 -0.480189 0.873668 0.078253 0.848582 0.440101 0.293631 -0.222097 -0.207402 0.952710
14.471536 -44.364637 -3643.967001 -829.905240 0.433145 -0.893675 -0.117177 0.885086 0.397166 0.242656 -0.170317 -0.208817 0.963010
