15490
30971
-40.572311 -67.628387 2196.090843 11418.095113 -0.128361 -0.991467 0.022716 0.991546 -0.128742 -0.016161 0.018947 0.020449 0.999611
-44.225005 -69.070719 -104.951712 5520.697308 -0.533664 -0.842837 0.069487 0.842921 -0.523462 0.124383 -0.068460 0.124951 0.989798
-52.293777 -78.481375 2463.449053 7151.834636 0.185801 0.978186 -0.092893 0.969896 -0.167434 0.176827 -0.157417 0.122951 0.979848
-38.897639 -55.337236 2328.021458 6368.312638 0.739674 0.662995 -0.115409 0.668055 -0.744078 0.007124 0.081150 0.082369 0.993292
-48.315553 -83.307534 1168.885419 8705.675972 -0.087206 0.989834 -0.112359 0.976679 0.107165 0.186047 -0.196197 0.093514 0.976095
-22.765657 -88.063837 -7849.980443 13546.154050 0.032169 0.996780 0.073449 0.995626 -0.038408 0.085167 -0.087714 -0.070388 0.993656
-25.141147 -48.149920 -3201.668033 7568.965041 0.433456 0.900481 0.035359 0.890763 -0.422171 -0.168266 0.136592 -0.104433 0.985107
-32.783385 -45.957212 585.614420 -5092.749400 0.716806 0.693306 -0.074273 -0.687053 0.720452 0.094375 0.118941 -0.016619 0.992762
-20.794319 -72.961938 6917.697662 17555.648052 -0.125876 -0.988425 -0.084680 0.988777 -0.118080 -0.091524 0.080466 -0.095251 0.992196
-40.665042 -72.477907 -7666.289855 -2764.562077 0.205296 0.973069 0.104836 0.756784 -0.225756 0.613443 -0.620590 0.046599 0.782750
-51.941337 -73.484357 -3196.605045 536.291877 0.206557 0.978375 0.010773 0.660086 -0.147470 0.736573 -0.722233 0.145033 0.676272
-7.540155 -85.722491 -29929.727263 9769.222978 0.134654 0.947522 0.289949 0.686558 -0.300207 0.662204 -0.714497 -0.109898 0.690953
-16.413110 -73.910500 -22394.776372 4326.489217 0.198411 0.965958 0.166009 0.555350 -0.250362 0.793035 -0.807601 0.065154 0.586119
38.743647 -102.033751 -42140.032332 22496.894108 0.113422 0.959540 0.257718 0.690363 -0.262657 0.674100 -0.714517 -0.101461 0.692222
51.967447 -92.676596 -55163.554967 20915.470482 0.137159 0.877109 0.460291 0.736273 -0.401129 0.544975 -0.662638 -0.264152 0.700810
-39.496378 -65.087273 249.550217 1172.541807 0.603020 -0.521505 -0.603654 0.432585 -0.422024 0.796722 0.670252 0.741571 0.028894
-40.760063 -68.315267 226.969320 661.144110 0.625058 -0.460803 -0.630050 0.529021 -0.343434 0.776009 0.573968 0.818360 -0.029108
-40.507136 -67.600038 -231.993552 928.898599 0.667942 -0.405720 -0.623895 0.467807 -0.423102 0.775978 0.578801 0.810170 0.092809
3.521058 -20.126311 536.201477 2501.033947 0.614487 0.645238 0.453954 -0.167973 0.669217 -0.723833 -0.770838 0.368534 0.519608
0.156918 -9.895649 -471.014340 -4132.172062 0.604262 0.661126 0.444724 0.139082 -0.637097 0.758132 -0.784553 0.396257 0.476924
1.726727 -14.360242 -478.349042 -2744.314117 0.570916 0.765142 0.297679 0.252891 -0.508838 0.822879 -0.781089 0.394515 0.484002
4.124840 -21.598355 471.176246 -1876.254739 0.602561 0.692473 0.396738 0.220222 -0.622090 0.751336 -0.767087 0.365356 0.527345
2.999009 -22.738665 259.056819 -2019.318789 0.577086 0.761148 0.296015 0.281205 -0.525489 0.802985 -0.766743 0.380151 0.517291
20.846446 -106.519516 6711.681337 11328.643413 0.543990 -0.697038 0.467134 0.620479 -0.040616 -0.783170 0.564872 0.715883 0.410403
19.180261 -106.892876 -3071.358455 -11173.143111 0.649428 -0.677761 0.344795 -0.538834 -0.090216 0.837567 0.536564 0.729727 0.423789
35.587139 -109.798025 1048.663449 -812.763953 0.593302 -0.676515 0.436258 0.718116 0.199931 -0.666585 0.363733 0.708770 0.604436
35.636030 -95.489550 9254.127085 9455.668214 0.452732 -0.631958 0.629017 0.705101 -0.178061 -0.686387 0.545771 0.754270 0.364981
9.274960 -85.597048 5103.554358 -11707.495814 0.540979 -0.669892 0.508515 -0.500952 0.229014 0.834625 0.675566 0.706256 0.211692
-22.503508 -47.995000 1870.455478 1233.820368 -0.224890 0.500702 -0.835896 0.222018 0.861637 0.456389 0.948753 -0.082946 -0.304938
-26.183890 -48.822762 833.636356 90.540852 -0.138756 0.598220 -0.789228 0.302834 0.784393 0.541313 0.942888 -0.163894 -0.290000
-15.078762 -49.328909 4359.840321 987.536012 -0.239338 0.453050 -0.858757 0.341653 0.867194 0.362282 0.908840 -0.206689 -0.362338
4.637688 -52.425559 -506.302875 1495.145215 -0.480768 -0.673431 0.561562 -0.663214 0.698218 0.269516 -0.573593 -0.242861 -0.782310
3.479980 -51.774999 1677.391525 799.395701 0.474046 0.698929 -0.535517 -0.647940 0.688723 0.325322 -0.596200 -0.192765 -0.779350
3.653872 -50.559060 1059.459955 212.719983 0.458202 0.705996 -0.540020 -0.601599 0.693568 0.396285 -0.654316 -0.143297 -0.742521
3.762783 -54.737661 -1375.399723 1634.409291 -0.499689 -0.673829 0.544303 -0.690518 0.689253 0.219351 -0.522967 -0.266243 -0.809703
4.363291 -49.207822 396.083031 787.799453 -0.454109 -0.678884 0.576977 -0.593083 0.713604 0.372857 -0.664860 -0.172877 -0.726688
5.214238 -49.254786 982.223494 1173.510773 -0.465157 -0.655689 0.594728 -0.656455 0.706221 0.265175 -0.593882 -0.267064 -0.758934
5.506312 -53.317658 474.169288 1230.822491 -0.493737 -0.642414 0.586113 -0.717244 0.681940 0.143246 -0.491717 -0.349660 -0.797466
4.675116 -57.758598 -533.411563 1879.800528 -0.523662 -0.636209 0.566582 -0.722280 0.684224 0.100743 -0.451763 -0.356475 -0.817823
0.178062 -61.984177 1139.923976 1697.265229 0.505463 0.796786 -0.331117 0.802123 -0.575331 -0.159980 0.317972 0.184733 0.929929
-2.803225 -63.654633 -2058.075992 1201.607129 -0.498287 -0.796771 0.341856 0.844711 -0.534993 -0.015673 0.195378 0.280960 0.939622
-0.932732 -63.982806 743.226220 4346.819134 0.500993 0.808468 -0.308845 0.806512 -0.565575 -0.172230 0.313918 0.162801 0.935389
-17.779602 -82.764397 -1662.917118 787.430108 -0.003250 0.884012 0.467453 0.998611 -0.021716 0.048011 0.052594 0.466960 -0.882713
-16.607601 -85.164191 -945.356920 1523.143768 0.016147 0.894632 0.446512 0.998651 0.007611 -0.051363 -0.049350 0.446739 -0.893302
-17.287691 -86.033733 -1880.628658 386.985376 0.002583 0.889928 0.456093 0.988901 0.065481 -0.133367 -0.148553 0.451375 -0.879882
0.416424 -115.302005 -692.929313 13292.726626 -0.105248 0.940714 0.322461 0.121203 -0.309710 0.943075 -0.987032 -0.138340 0.081421
0.812707 -118.849139 216.457307 13723.898071 -0.095934 0.940299 0.326548 0.201435 -0.302934 0.931480 -0.974793 -0.155139 0.160348
0.965995 -94.849178 -470.863477 9744.811898 -0.100568 0.928698 0.356940 0.345789 -0.303768 0.887781 -0.932907 -0.212708 0.290584
0.072900 -96.381775 -313.832070 11740.085308 -0.100931 0.932318 0.347269 0.296451 -0.305012 0.905033 -0.949700 -0.194294 0.245601
-6.322916 -38.594613 -1633.897680 -3532.133615 -0.324904 0.907869 0.264973 0.482400 -0.081898 0.872114 -0.813466 -0.411176 0.411347
-8.831932 -34.542936 -755.415832 -4501.893422 -0.266713 0.906797 0.326471 0.438697 -0.187388 0.878880 -0.858143 -0.377630 0.347831
-6.950220 -30.669491 -730.705346 -4325.620630 -0.288799 0.905905 0.309727 0.422267 -0.169816 0.890423 -0.859236 -0.387941 0.333491
-7.294435 -25.070602 -427.195811 -3105.558036 -0.291734 0.904931 0.309824 0.389020 -0.183659 0.902736 -0.873816 -0.383887 0.298457
-2.627462 -32.406809 -2591.262060 -2996.664010 -0.356052 0.905643 0.230298 0.419728 -0.065196 0.905305 -0.834898 -0.418998 0.356911
8.144582 -111.425240 -2352.844906 -5216.333640 0.280696 0.141684 0.949281 0.823146 0.473104 -0.314012 -0.493599 0.869539 0.016171
3.106271 -110.832916 -895.279918 -4715.292840 0.255008 0.125097 0.958813 0.876017 0.389896 -0.283857 -0.409347 0.912322 -0.010160
1.845295 -119.484472 -1112.983291 -3101.004563 0.278323 0.121079 0.952825 0.928858 0.218553 -0.299095 -0.244457 0.968284 -0.051637
8.139469 -115.544700 -2525.161901 -4295.232302 0.319040 0.140290 0.937301 0.871216 0.345914 -0.348320 -0.373091 0.927719 -0.011862
2.825420 -119.676843 -2881.939727 -834.240200 0.311443 0.146056 0.938973 0.938836 0.105492 -0.327807 -0.146933 0.983636 -0.104268
-2.911505 -120.356861 -2114.287447 418.358432 0.282144 0.124182 0.951301 0.959331 -0.027356 -0.280954 -0.008866 0.991882 -0.126850
-6.226036 -124.002616 -1187.411737 -570.850152 0.232372 0.125233 0.964531 0.972176 -0.060087 -0.226412 0.029601 0.990306 -0.135711
-12.838582 -90.850800 152.320474 249.195816 0.059152 0.890887 0.450357 -0.479706 0.421010 -0.769826 0.875433 0.170502 -0.452268
-14.589730 -90.601334 -1931.872098 569.958312 0.096056 0.903169 0.418401 -0.545440 0.399376 -0.736881 0.832627 0.157431 -0.530987
-13.325256 -90.095062 -209.319230 1500.294515 0.062661 0.896024 0.439562 -0.647503 0.371653 -0.665293 0.759483 0.242930 -0.603466
-13.711191 -89.715109 -2156.549890 -1219.241202 0.100077 0.898231 0.427978 -0.348715 0.434519 -0.830416 0.931870 0.066137 -0.356712
-15.552911 -91.871708 1404.255005 1932.567422 0.023464 0.876885 0.480128 -0.629322 0.386120 -0.674437 0.776790 0.286330 -0.560903
-16.208225 -93.586210 1243.225488 169.924841 0.009902 0.880271 0.474368 -0.435849 0.430756 -0.790244 0.899965 0.198928 -0.387931
-12.739555 -91.475464 311.207471 -1082.153568 0.049722 0.894043 0.445212 -0.275216 0.440770 -0.854387 0.960096 0.080048 -0.267971
269.564733 -37.158972 -40382.855753 -2358.948838 -0.018014 0.963777 -0.266101 0.708591 0.200072 0.676661 -0.705389 0.176367 0.686528
755.667445 -46.964312 -271707.293003 -5821.320401 -0.260199 0.941893 0.212448 0.764909 0.066803 0.640665 -0.589245 -0.329204 0.737845
924.337633 -64.083351 -305807.529415 734.701427 -0.476067 0.868833 0.135976 0.694239 0.276394 0.664558 -0.539807 -0.410775 0.734760
317.398228 -32.871406 -34061.218880 4796.703645 -0.031693 0.932603 -0.359510 0.716736 0.271901 0.642153 -0.696624 0.237322 0.677047
844.457965 -32.479866 -320211.921798 2065.957531 -0.348862 -0.683353 0.641346 0.714044 0.249420 0.654164 -0.606989 0.686162 0.400931
-2.141895 -242.873545 1556.052413 41090.237867 -0.343833 -0.443034 -0.827949 0.928158 -0.026554 -0.371239 0.142486 -0.896111 0.420335
0.296544 -238.637416 -915.230231 -6101.379729 -0.349638 -0.493245 -0.796532 0.877378 -0.470555 -0.093739 -0.328575 -0.731634 0.597286
-2.008276 -217.781090 -2056.181675 24844.896921 -0.364436 -0.494348 -0.789181 0.930539 -0.160708 -0.329045 0.035835 -0.854279 0.518578
-2.465718 -200.049486 -1269.106782 29776.529042 -0.350890 -0.470997 -0.809344 0.901080 0.065363 -0.428699 0.254817 -0.879710 0.401471
-3.181121 -199.412969 -66.910464 29873.617353 -0.339573 -0.461234 -0.819728 0.875556 0.163405 -0.454643 0.343644 -0.872102 0.348348
13.400092 -36.735422 -1709.137904 -544.412526 0.095095 -0.497172 -0.862425 0.286345 0.843397 -0.454629 0.953396 -0.203718 0.222565
17.210605 -40.990454 -4310.658508 286.405690 0.074367 -0.533134 -0.842756 0.315786 0.814196 -0.487201 0.945912 -0.229898 0.228905
15.414748 -36.733881 -248.755286 1604.913861 0.068323 -0.553286 -0.830185 0.357922 0.790328 -0.497266 0.931248 -0.263167 0.252031
13.841086 -34.286596 3314.186024 548.201801 0.073387 -0.508322 -0.858034 0.313897 0.828401 -0.463919 0.946616 -0.235289 0.220355
53.887941 -467.946576 -14934.417946 -66185.003201 -0.191985 -0.567562 -0.800634 0.973858 -0.211111 -0.083867 -0.121423 -0.795805 0.593255
76.859094 -483.639766 -11575.861216 -87298.915223 -0.185753 -0.481247 -0.856678 0.972465 -0.214917 -0.090128 -0.140741 -0.849831 0.507917
68.754735 -366.900647 -12285.874109 -42335.770773 -0.191094 -0.484195 -0.853837 0.837922 -0.533533 0.115024 -0.511244 -0.693468 0.507673
8.830392 -11.757060 -1916.086635 2176.262896 0.233365 0.782691 0.577005 -0.108423 0.610633 -0.784456 0.966326 -0.120504 -0.227362
18.505908 -14.550034 -4409.557590 2022.292332 0.183828 0.897755 0.400304 -0.123072 0.425061 -0.896759 0.975223 -0.115583 -0.188626
11.962464 -9.421476 -2179.694981 1396.332180 0.168514 0.910997 0.376414 -0.157921 0.401894 -0.901966 0.972967 -0.092550 -0.211590
4.641836 -9.477529 238.635193 599.157297 -0.242933 -0.672360 -0.699225 -0.088458 0.733170 -0.674268 0.966001 -0.101950 -0.237587
0.390210 -66.448493 3570.648378 -2246.257012 0.557612 0.807665 0.191692 0.703917 -0.582462 0.406496 -0.439967 0.091732 0.893317
-1.073396 -66.731679 4493.129998 -180.330126 0.543625 0.819982 0.179170 0.776673 -0.572377 0.262989 -0.318199 0.003811 0.948016
8.356556 -68.429514 3616.849669 -917.655829 0.532299 0.824047 0.193918 0.750166 -0.565303 0.343050 -0.392312 0.037134 0.919082
-28.765400 -33.888097 256.923154 -674.310395 -0.222824 0.958351 0.178639 0.066221 0.197703 -0.978023 0.972607 0.206097 0.107516
-29.414272 -33.867938 702.233094 2342.247253 -0.227144 0.955156 0.189955 -0.025534 0.189145 -0.981617 0.973526 0.227819 0.018575
-27.055532 -34.877945 1895.739875 834.835577 -0.304459 0.866948 0.394597 -0.031244 0.404952 -0.913804 0.952013 0.290544 0.096204
-29.778698 -35.705471 -1031.378456 -548.741661 -0.105368 0.934475 -0.340080 0.102292 -0.329984 -0.938428 0.989158 0.133668 0.060820
-25.790568 -34.646524 1477.022810 -1582.553447 -0.306755 0.915501 0.260306 0.100003 0.302979 -0.947736 0.946520 0.264691 0.184494
-27.551826 -33.651389 -332.057177 -1856.835620 -0.190425 0.979188 0.070212 0.161151 0.101730 -0.981673 0.968385 0.175620 0.177169
1.104442 -49.155452 -105.996411 -3439.073943 0.652748 0.699243 -0.291513 0.410678 -0.649957 -0.639452 0.636603 -0.297683 0.711422
1.532196 -52.663973 -4.468062 -349.519253 0.663363 0.683405 -0.304807 -0.437186 0.684538 0.583332 0.607304 -0.253704 0.752872
2.189644 -49.488675 -572.258067 -3571.655086 0.655138 0.696934 -0.291678 0.421676 -0.657647 -0.624252 0.626884 -0.285977 0.724730
-27.099736 -37.954675 -1987.950473 -1097.443601 0.002213 0.840827 -0.541299 0.096475 -0.538955 -0.836792 0.995333 0.050370 0.082311
-29.299331 -38.273843 -1351.711165 -564.914069 -0.043229 0.840990 -0.539321 0.051015 -0.537263 -0.841870 0.997762 0.063907 0.019678
-26.640939 -34.322211 -1716.931938 -725.164552 -0.050448 0.929255 -0.365978 0.190217 -0.350797 -0.916929 0.980445 0.115873 0.159063
-22.298790 -37.332598 -1956.506938 -1243.098765 0.049937 0.842812 -0.535886 0.162393 -0.536267 -0.828279 0.985462 0.045662 0.163646
-6.802551 -50.261119 95.433516 -17068.225935 0.355852 -0.058171 -0.932730 0.916251 -0.174784 0.360465 -0.183995 -0.982887 -0.008898
-8.593842 -58.654219 448.643502 -14636.082092 0.229134 -0.015503 -0.973271 0.950781 -0.210707 0.227196 -0.208597 -0.977426 -0.033540
-21.012923 -150.874104 -952.763542 -45512.850775 0.345556 -0.079364 -0.935036 0.926022 -0.132453 0.353467 -0.151901 -0.988007 0.027722
2.465116 -158.096284 -4697.157930 -12742.989622 -0.017715 -0.124717 -0.992034 0.987104 -0.160063 0.002496 -0.159100 -0.979196 0.125944
-7.356541 -221.455773 -5631.067375 -53497.722982 -0.040358 -0.096913 -0.994474 0.997092 -0.068290 -0.033809 -0.064636 -0.992947 0.099388
13.692264 -956.287711 -8045.791006 -288700.259002 0.094484 -0.099236 -0.990568 0.994960 0.042958 0.090600 0.033562 -0.994136 0.102794
-40.882833 -57.433338 -2295.299668 -503.734702 -0.023587 0.983849 0.177442 -0.954626 0.030541 -0.296238 0.296872 0.176378 -0.938487
-38.111774 -57.146732 509.175798 -126.244894 0.044044 0.990748 0.128372 -0.948964 0.081658 -0.304630 0.312294 0.108403 -0.943780
-40.658944 -58.332926 -1276.045788 -1711.279896 0.013736 0.985620 0.168417 0.991696 -0.034968 0.123759 0.127869 0.165318 -0.977916
-39.783383 -54.562830 -1815.440356 -2946.397343 -0.047018 0.988002 0.147108 -0.908357 0.018975 -0.417765 0.415545 0.153269 -0.896566
-45.274561 -55.401473 -4030.657027 -3004.309325 -0.148801 0.969833 0.193087 -0.896845 -0.050102 -0.439498 0.416565 0.238567 -0.877245
-43.704776 -48.916089 842.259945 -688.558484 0.103671 0.988270 -0.112138 0.993159 -0.096769 0.065347 0.053729 -0.118146 -0.991542
-41.349501 -48.843310 1916.295580 37.455816 0.133731 0.990996 -0.006573 0.990994 -0.133679 0.007792 0.006843 -0.007556 -0.999948
-41.403565 -55.373074 1611.595274 -302.778084 -0.012922 0.999845 -0.011982 -0.992946 -0.014243 -0.117711 0.117863 -0.010377 -0.992976
-44.647183 -56.466205 1189.540367 1299.219099 -0.028887 0.991218 -0.129044 -0.985119 -0.050113 -0.164406 0.169429 -0.122375 -0.977915
76.937105 -37.272551 -13894.586428 617.568996 -0.494061 0.867664 -0.055337 -0.139212 -0.016122 0.990131 -0.858210 -0.496889 -0.128754
52.487620 -42.170922 -19584.759718 215.640750 -0.632386 0.769120 -0.092425 -0.174337 -0.025052 0.984367 -0.754781 -0.638614 -0.149929
68.028407 -39.325500 -6618.608170 537.279793 -0.443282 0.895874 -0.030179 -0.210793 -0.071459 0.974915 -0.871245 -0.438524 -0.220520
63.134195 -35.686537 13248.340982 -240.029080 -0.172446 0.984417 0.034439 -0.214878 -0.071716 0.974004 -0.961296 -0.160563 -0.223897
71.767668 -35.844225 6081.341861 1347.919862 -0.284213 0.958731 -0.007538 -0.134101 -0.031967 0.990452 -0.949336 -0.282511 -0.137653
23.138234 -49.654971 1660.680363 1160.818763 -0.063037 0.992246 0.107121 -0.959691 -0.030809 -0.279363 0.273896 0.120413 -0.954192
24.743934 -52.195904 -3401.068819 1344.260326 -0.042830 0.997506 0.056103 -0.926383 -0.018622 -0.376121 0.374138 0.068082 -0.924870
21.674570 -52.453743 3978.141682 1217.221508 -0.077947 0.985035 0.153723 -0.920113 -0.011717 -0.391478 0.383818 0.171957 -0.907257
21.070545 -48.184393 3078.782875 388.334725 -0.072898 0.986852 0.144254 -0.979934 -0.043969 -0.194412 0.185513 0.155532 -0.970255
23.051030 -47.577796 -2938.834247 173.170992 -0.051863 0.997146 0.054871 -0.983325 -0.041400 -0.177082 0.174305 0.063140 -0.982665
16.266717 -50.257095 7096.677436 998.237032 -0.084759 0.975617 0.202455 -0.957393 -0.023446 -0.287835 0.276070 0.218226 -0.936036
72.870061 -41.083746 23131.900245 4714.418628 0.469697 -0.481422 -0.740012 0.771188 -0.184262 0.609358 -0.429714 -0.856902 0.284720
80.064866 -41.969630 -7694.264293 2078.065150 0.291023 -0.769957 -0.567866 0.766352 -0.167714 0.620143 -0.572722 -0.615661 0.541249
93.554051 -15.471384 26070.877472 7998.999324 0.332412 -0.492340 -0.804428 0.871001 -0.166891 0.462066 -0.361745 -0.854253 0.373352
63.003764 -50.163019 12863.331904 1788.923073 0.465090 -0.561035 -0.684786 0.698525 -0.242623 0.673199 -0.543833 -0.791438 0.279055
47.018693 -26.888636 33900.499299 7506.372060 0.432186 -0.347490 -0.832145 0.835885 -0.191904 0.514265 -0.338394 -0.917836 0.207524
34.895396 -48.579221 22776.162701 2885.222691 0.529293 -0.402964 -0.746638 0.713082 -0.265570 0.648834 -0.459742 -0.875838 0.146782
-5.441434 -76.283327 -241.260986 -4452.101948 0.731936 -0.680280 0.038600 0.154096 0.110083 -0.981904 -0.663720 -0.724639 -0.185402
-5.447681 -72.079823 -63.962467 -2522.007783 0.720436 -0.692208 0.042666 0.169951 0.116568 -0.978534 -0.672375 -0.712222 -0.201621
-5.134440 -78.081252 -215.384519 -7947.312764 0.723844 -0.688638 0.042742 0.212430 0.163495 -0.963402 -0.656447 -0.706433 -0.264632
-5.268870 -78.442267 -310.964479 -8302.940077 0.738638 -0.671946 0.053876 0.200315 0.142476 -0.969317 -0.643652 -0.726766 -0.239839
7.736457 -55.847439 2024.786796 -1422.187605 0.766294 -0.640922 0.044861 0.554205 0.624059 -0.550825 -0.325040 -0.446956 -0.833414
9.106486 -74.203072 1822.989986 -8697.836791 0.742410 -0.669626 0.020679 0.589871 0.638729 -0.494042 -0.317616 -0.378980 -0.869192
10.605028 -57.733796 148.950055 2063.952873 0.743673 -0.668502 -0.007491 0.551034 0.619264 -0.559350 -0.378566 -0.411846 -0.828897
7.231239 -57.413554 898.421588 5682.101634 0.754788 -0.655166 0.032444 0.529166 0.578908 -0.620362 -0.387658 -0.485410 -0.783644
4.538314 -56.037283 1723.312078 3423.055465 0.773871 -0.629500 0.069674 0.533877 0.589190 -0.606491 -0.340735 -0.506542 -0.792032
4.009640 -58.436175 2141.376240 -2780.493951 0.784731 -0.617807 0.050118 0.546925 0.652108 -0.525003 -0.291668 -0.439397 -0.849624
-1.587635 -114.949531 1913.279126 10376.468010 -0.612192 0.790706 -0.002140 -0.069118 -0.050818 0.996313 -0.787682 -0.610083 -0.085762
-1.732084 -133.918477 1551.806138 8328.789432 -0.597758 0.801453 -0.018945 -0.255620 -0.168147 0.952043 -0.759832 -0.573933 -0.305379
-1.431823 -117.570403 -1707.731337 9977.020645 -0.641709 0.766912 0.007409 -0.044888 -0.047200 0.997876 -0.765633 -0.640014 -0.064713
0.777599 -53.770882 205.361405 1364.402315 0.756421 -0.649033 -0.081136 -0.579489 -0.607449 -0.543322 -0.303348 -0.457997 0.835595
0.215894 -53.531956 538.122980 1625.541619 0.757270 -0.646268 -0.094239 -0.584613 -0.606436 -0.538947 -0.291154 -0.463221 0.837052
0.855667 -56.606945 195.648801 2437.922980 0.750521 -0.655420 -0.084518 -0.617328 -0.649695 -0.443623 -0.235848 -0.385124 0.892219
1.398354 -54.243607 825.006720 -997.717389 0.755080 -0.649307 -0.090852 -0.549661 -0.551391 -0.627568 -0.357389 -0.523802 0.773243
6.209683 -20.497307 -5696.389572 -936.526405 -0.529733 0.482893 0.697279 -0.320549 0.647147 -0.691700 -0.785259 -0.589928 -0.188024
17.545058 -20.356907 -8922.151055 584.593721 -0.537924 0.496723 0.681105 -0.317923 0.628760 -0.709638 -0.780745 -0.598270 -0.180306
5.666741 -22.326783 -5913.710164 453.909260 -0.541484 0.532173 0.650835 -0.306586 0.595841 -0.742279 -0.782815 -0.601469 -0.159482
-3.375572 -22.579522 -2073.885748 -332.174433 -0.517320 0.545977 0.659006 -0.284567 0.616491 -0.734139 -0.807094 -0.567317 -0.163556
3.717820 -39.533693 508.310417 -853.900306 -0.043383 -0.088811 -0.995103 -0.622277 0.781636 -0.042630 0.781594 0.617380 -0.089175
5.193734 -32.922137 -362.445933 57.009997 -0.120530 0.006069 -0.992691 -0.580539 0.810730 0.075444 0.805262 0.585389 -0.094194
9.165734 -33.200026 -663.596559 -930.764500 -0.133011 0.035398 -0.990482 -0.504992 0.857490 0.098460 0.852814 0.513282 -0.096179
8.061325 -37.159732 -212.982343 -861.165690 -0.048475 -0.057407 -0.997173 -0.544537 0.838454 -0.021799 0.837335 0.541941 -0.071904
3.982984 -45.654424 841.546410 -1991.135209 0.018107 -0.146735 -0.989010 -0.667133 0.735002 -0.121263 0.744718 0.661997 -0.084583
2.996044 -53.796524 1705.974568 -4172.904578 0.058582 -0.195203 -0.979012 -0.703179 0.688043 -0.179264 0.708595 0.698923 -0.096956
-3.761042 -87.654253 264.446001 -7501.606431 -0.570373 0.805643 0.160044 0.532156 0.214025 0.819148 -0.625687 -0.552388 0.550802
-4.125010 -97.753218 282.097526 -6214.942420 -0.543906 0.819676 0.179715 0.684959 0.309946 0.659367 -0.484765 -0.481731 0.730026
-5.401297 -86.563616 -330.317782 -6065.582984 -0.571262 0.806646 0.151596 0.558866 0.247014 0.791614 -0.601106 -0.536941 0.591917
-4.018695 -77.668211 80.811537 -2378.826859 -0.597839 0.793163 0.116110 0.417371 0.184326 0.889845 -0.684390 -0.580445 0.441241
1.359057 -55.036653 280.690702 -1060.839506 -0.559035 0.825403 -0.078673 -0.122655 -0.176165 -0.976689 0.820022 0.536354 -0.199722
4.662319 -53.988790 1155.684819 -2137.995281 -0.575357 0.807076 -0.132636 -0.168399 -0.275584 -0.946412 0.800379 0.522189 -0.294470
3.827100 -52.531225 1455.118980 -1789.439229 -0.574970 0.809618 -0.118020 -0.097685 -0.211146 -0.972561 0.812322 0.547664 -0.200490
3.450680 -58.829252 485.870769 -1323.144967 -0.571624 0.813468 -0.107316 -0.229768 -0.284254 -0.930810 0.787688 0.507415 -0.349395
-0.467182 -58.205486 709.227503 -1399.763656 -0.563409 0.824756 -0.048450 -0.135797 -0.150292 -0.979271 0.814942 0.545151 -0.196675
-12.044209 -193.840343 707.376425 14764.142438 -0.039288 0.981085 -0.189549 0.767411 0.151115 0.623093 -0.639951 0.120982 0.758832
-5.851114 -182.361692 2307.869319 20991.260474 0.037099 0.980914 -0.190871 0.805238 0.083768 0.587005 -0.591790 0.175474 0.786761
-13.570259 -215.720828 1166.434669 13823.221100 -0.015629 0.978843 -0.204013 0.574200 0.175825 0.799613 -0.818566 0.104647 0.564800
-18.353108 -216.055367 -34.032636 9335.678967 -0.086879 0.974692 -0.205980 0.525527 0.220493 0.821708 -0.846329 0.036859 0.531383
-18.011706 -225.059441 990.289073 6040.818711 -0.038887 0.976839 -0.210413 0.261366 0.213185 0.941403 -0.964456 0.018387 0.263602
-13.878488 -217.795408 2072.296864 11331.164331 0.021076 0.980005 -0.197854 0.321542 0.180740 0.929486 -0.946661 0.083208 0.311303
-11.379428 -40.131619 -824.653129 623.139505 -0.294045 0.891901 0.343586 -0.669028 -0.448793 0.592441 -0.682597 0.055664 -0.728672
-12.024306 -42.029761 1559.384099 800.095098 -0.257510 0.914337 0.312532 -0.691979 -0.400249 0.600804 -0.674428 0.061552 -0.735771
-10.610777 -40.193402 319.120856 170.430281 -0.305330 0.884333 0.353170 -0.599794 -0.466665 0.649977 -0.739608 0.013372 -0.672905
-11.174749 -38.375483 -1513.093667 443.385622 -0.331322 0.862936 0.381533 -0.585268 -0.505142 0.634265 -0.740059 0.013153 -0.672414
-10.653142 -41.195733 773.738413 -733.000186 -0.343282 0.848467 0.402815 -0.506696 -0.528411 0.681205 -0.790833 -0.029740 -0.611309
-10.293630 -36.941137 -1004.034858 269.608232 -0.359978 0.823686 0.438129 -0.480379 -0.566217 0.669802 -0.799783 -0.030646 -0.599507
-70.668714 -8255.131707 -12888.011228 -1871685.513812 -0.136982 0.985737 -0.097765 0.966599 0.154597 0.204417 -0.216616 0.066498 0.973990
-210.819613 -6831.945311 -81767.656456 -3043865.180992 0.045849 0.997099 -0.060759 -0.175210 0.067907 0.982186 -0.983463 0.034387 -0.177815
105.912007 -787.965760 27259.603532 -362142.275450 0.213475 0.976498 0.029656 0.703024 -0.174627 0.689393 -0.678370 0.126320 0.723780
-13.996272 -50.261966 -1469.562017 -1477.001758 0.058206 0.994240 0.089990 -0.773087 0.101924 -0.626057 0.631623 0.033130 -0.774567
-15.495916 -48.077691 -805.731265 -1537.879413 0.022383 0.993721 0.109624 -0.732794 0.090899 -0.674352 0.680082 0.065238 -0.730227
-12.314301 -48.134588 -1895.151633 -1172.883612 0.062703 0.994899 0.079022 -0.728215 0.099751 -0.678051 0.682475 0.015029 -0.730755
-11.913925 -50.812713 -2431.159820 -1267.768687 0.077171 0.995137 0.061208 -0.766873 0.098477 -0.634199 0.637143 -0.002003 -0.770743
-8.535360 -47.116905 -2338.681922 -1754.913935 0.072266 0.996286 0.046809 -0.705069 0.084225 -0.704119 0.705447 -0.017881 -0.708537
-16.753954 -39.818528 -2391.755367 992.056381 -0.566952 0.753667 0.332493 0.735820 0.281894 0.615714 0.370316 0.593736 -0.714384
-18.288641 -39.819359 -249.030339 935.427465 -0.534336 0.737564 0.412897 0.767484 0.218654 0.602626 0.354194 0.638897 -0.682903
-14.489206 -38.369370 -944.293168 2302.144430 -0.556604 0.745091 0.367466 0.705352 0.190133 0.682882 0.438942 0.639288 -0.631380
-16.843313 -39.144616 2776.557656 1683.294315 -0.512016 0.716524 0.473744 0.767582 0.134102 0.626766 0.385562 0.684551 -0.618653
2.145198 -51.132476 -401.582851 -1295.470422 -0.629338 0.752874 0.192650 0.762073 0.646445 -0.036803 0.152245 -0.123652 0.980577
1.727542 -50.801371 381.849612 -682.297636 0.641115 -0.742061 -0.195744 0.763074 0.643562 0.059547 0.081786 -0.187544 0.978845
3.287919 -52.814898 476.452975 -671.006404 0.640103 -0.744584 -0.189375 0.759459 0.650487 0.009450 0.116149 -0.149871 0.981859
2.899877 -53.030316 -1177.097194 -875.558862 -0.619131 0.758920 0.201788 0.759167 0.644162 -0.093385 0.200856 -0.095373 0.974967
6.639902 -176.653327 -5026.368861 11052.451526 -0.586934 0.807093 -0.064107 -0.116636 -0.005934 0.993157 -0.801189 -0.590395 -0.097619
4.609677 -207.041468 -3055.869462 34948.947587 -0.573453 0.812490 -0.104938 -0.290520 -0.081917 0.953356 -0.765996 -0.577191 -0.283020
11.248676 -233.753260 -6262.049511 21223.822090 -0.574739 0.811779 -0.103393 -0.309224 -0.098458 0.945879 -0.757664 -0.575605 -0.307609
15.058766 -208.060907 -6183.011110 -1531.788063 -0.571359 0.820004 -0.033817 -0.075168 -0.011255 0.997107 -0.817251 -0.572248 -0.068069
-66.908836 -1656.385248 -2112.445320 599560.705709 0.926325 0.176295 0.332930 -0.360217 0.673237 0.645752 0.110298 0.718103 -0.687140
-31.491346 -2368.599965 13845.128245 877879.999471 0.856718 0.077370 0.509948 -0.339082 0.829492 0.443810 0.388660 0.553134 -0.736876
-80.614484 -1131.569350 5642.897473 -55067.340520 -0.918397 -0.191450 -0.346258 -0.184556 0.981386 -0.053114 0.349981 0.015124 -0.936635
-45.901762 -75.137512 1467.692539 3634.995374 -0.527066 -0.842857 0.108594 0.835594 -0.490705 0.246966 -0.154869 0.220908 0.962920
-54.452360 -78.392925 530.549823 913.050395 0.317831 0.941030 -0.115954 0.909383 -0.267938 0.318169 -0.268339 0.206571 0.940916
-41.945580 -69.677919 -378.939308 5466.892047 -0.666724 -0.726535 0.166210 0.744465 -0.638616 0.194788 -0.035375 0.253607 0.966660
-38.122843 -61.602354 -390.228854 6538.923385 -0.702040 -0.695860 0.151390 0.710826 -0.697626 0.089690 0.043202 0.170578 0.984397
-61.284292 -74.823267 1916.369065 -1609.014306 0.089818 0.969028 -0.230039 0.798661 0.067918 0.597937 -0.595041 0.237429 0.767824
-58.100902 -75.307513 -998.543507 115.015213 0.323118 0.944713 -0.055791 0.618930 -0.166358 0.767626 -0.715905 0.282564 0.638465
-31.998497 -76.510793 -12125.766800 -1272.270680 0.305868 0.947749 0.090644 0.468313 -0.232662 0.852380 -0.828932 0.218266 0.515007
-40.173072 -67.373226 5.072743 -1680.896864 0.654889 -0.421910 -0.626986 0.588103 -0.236515 0.773431 0.474610 0.875244 -0.093235
-41.571428 -67.044898 739.647724 -2144.460315 -0.589389 0.507783 0.628313 0.611193 -0.228305 0.757839 0.528265 0.830683 -0.175792
-41.013921 -69.236279 -47.603415 771.179966 0.721670 -0.345108 -0.600078 0.499959 -0.339718 0.796638 0.478783 0.874924 0.072624
-39.405359 -65.059639 -355.061312 -3267.291807 -0.625051 0.423178 0.655920 0.676886 -0.124658 0.725455 0.388762 0.897430 -0.208526
-39.384283 -67.267980 239.038551 -1356.635539 0.705753 -0.355536 -0.612786 0.585598 -0.194055 0.787031 0.398732 0.914296 -0.071246
2.219716 -19.752022 630.931207 3165.073174 0.618928 0.575850 0.534159 -0.095912 0.730390 -0.676263 -0.779570 0.367325 0.507290
43.320400 -114.918716 -11019.258695 4552.429200 0.670961 -0.668675 0.320444 -0.647614 -0.317994 0.692442 0.361119 0.672126 0.646406
31.665745 -107.346055 -11487.260542 -9836.308960 0.694519 -0.673659 0.252639 -0.474462 -0.164870 0.864699 0.540860 0.720417 0.434131
15.087395 -92.400018 -6300.612113 -16012.281728 0.682634 -0.679476 0.268931 -0.357322 0.010655 0.933920 0.637442 0.733621 0.235518
18.868845 -46.526699 415.606540 1267.570278 -0.586862 0.808922 -0.035174 0.232865 0.127015 -0.964179 0.775478 0.574031 0.262911
21.479983 -49.156885 -205.704954 1336.685847 -0.578638 0.812085 -0.075477 0.352130 0.165282 -0.921242 0.735652 0.559643 0.381598
20.266729 -44.988926 3281.313815 1119.920154 -0.625689 0.774837 -0.090230 0.295510 0.128387 -0.946673 0.721933 0.618987 0.309302
16.959530 -51.630384 -3492.727741 1845.488525 -0.509544 0.859540 -0.039456 0.320375 0.146964 -0.935821 0.798577 0.489483 0.350260
14.611741 -40.587775 3129.774512 1314.177724 -0.642515 0.763656 -0.063276 0.196118 0.084056 -0.976971 0.740751 0.640128 0.203774
18.211091 -45.514702 -1410.332261 1229.237293 -0.557221 0.830062 0.022385 0.126222 0.111316 -0.985737 0.820715 0.546448 0.166800
15.386408 -49.726156 -2913.795239 1496.483087 -0.518681 0.854921 -0.008920 0.223902 0.125757 -0.966464 0.825129 0.503284 0.256646
16.237546 -39.095884 2944.350418 1721.543155 -0.634900 0.772489 0.012774 0.086216 0.087271 -0.992447 0.767769 0.629003 0.122009
2.289010 -50.633018 1083.867684 -232.034897 0.445583 0.725846 -0.524026 -0.599817 0.676589 0.427138 -0.664587 -0.123994 -0.736852
3.135950 -53.507381 1639.120016 734.386415 0.467127 0.704448 -0.534365 -0.658571 0.680460 0.321340 -0.589981 -0.201811 -0.781790
-0.097411 -66.808811 -3367.125699 867.165092 -0.456079 -0.821273 0.342788 0.888995 -0.438179 0.132990 0.040981 0.365391 0.929952
-3.437339 -68.878006 -830.083286 -1451.743499 -0.466710 -0.831820 0.300427 0.881374 -0.465575 0.080125 0.073221 0.302184 0.950433
-14.098071 -85.873467 -737.200296 1167.391604 0.023562 0.913225 0.406774 0.983328 0.052214 -0.174181 -0.180306 0.404096 -0.896770
-14.867408 -81.513169 -404.546010 246.389311 0.013737 0.906141 0.422752 0.999268 0.002655 -0.038163 -0.035703 0.422967 -0.905442
-13.990924 -82.640476 -504.708735 -379.319655 0.032782 0.919288 0.392217 0.999148 -0.039992 0.010223 0.025084 0.391547 -0.919816
-15.207200 -81.427539 -1255.389823 -1966.699460 0.043156 0.928629 0.368491 0.981173 -0.108892 0.159508 0.188249 0.354670 -0.915845
-13.765632 -81.372751 -1829.731922 -1446.889894 0.044003 0.934252 0.353889 0.997102 -0.063075 0.042535 0.062060 0.350991 -0.934320
-13.945157 -84.401741 257.457784 2498.879882 0.031675 0.927842 0.371626 0.995425 0.004250 -0.095455 -0.090147 0.372950 -0.923462
0.908400 -124.982520 -477.344076 14555.050698 -0.114118 0.935405 0.334655 0.083182 -0.326677 0.941469 -0.989979 -0.135276 0.040529
0.949372 -124.051325 921.754568 11707.647642 -0.089962 0.942825 0.320917 0.032633 -0.319260 0.947105 -0.995410 -0.095676 0.002046
2.453037 -141.053545 267.852183 8837.821628 -0.107830 0.943035 0.314734 -0.195612 -0.330516 0.923306 -0.974735 -0.037994 -0.220109
-0.244648 -109.065049 431.801130 11879.815426 -0.097666 0.933339 0.345456 0.275203 -0.308253 0.910628 -0.956412 -0.184008 0.226752
2.171017 -143.512611 -2300.160343 11862.318951 -0.119133 0.933922 0.337040 -0.138343 -0.351760 0.925811 -0.983193 -0.063667 -0.171108
1.811302 -125.437434 -3199.359109 13232.683143 -0.123517 0.924986 0.359367 0.146762 -0.341130 0.928489 -0.981430 -0.167425 0.093618
-0.162945 -107.437518 0.277325 10446.620770 -0.094417 0.929822 0.355691 0.295559 -0.314997 0.901899 -0.950647 -0.190283 0.245077
-15.472507 -90.688593 -1534.262251 323.046123 0.080487 0.910991 0.404496 -0.699307 0.340787 -0.628358 0.710275 0.232293 -0.664492
-13.795225 -90.561576 -878.740134 -1099.419687 0.102815 0.907465 0.407354 -0.441387 0.408619 -0.798879 0.891407 0.097664 -0.442555
-14.917024 -92.545749 -57.084717 -15.786311 0.084300 0.914634 0.395396 -0.623719 0.357893 -0.694901 0.777089 0.188036 -0.600645
351.216770 -34.538865 -142377.220961 -4186.027859 -0.460510 0.856343 0.233680 0.738026 0.223107 0.636821 -0.493202 -0.465725 0.734746
-2.159055 -221.809252 2118.061091 9158.277902 -0.337218 -0.444883 -0.829676 0.930888 -0.289069 -0.223353 -0.140468 -0.847655 0.511616
-1.389411 -222.919036 1626.719129 -15086.519524 -0.339262 -0.467197 -0.816473 0.819661 -0.572705 -0.012877 -0.461582 -0.673599 0.577240
0.717275 -249.901324 -1499.174073 38087.595107 0.351512 0.481183 0.803059 -0.658596 0.736743 -0.153169 -0.665350 -0.475050 0.575879
5.140270 -254.654364 2300.292161 35096.789547 0.365956 0.505128 0.781615 -0.668634 0.726892 -0.156705 -0.647306 -0.465267 0.603757
1.891600 -231.176456 -817.262321 -13541.903158 -0.354601 -0.483169 -0.800504 0.775168 -0.630654 0.037272 -0.522850 -0.607308 0.598168
15.667551 -208.760556 2103.741658 -50120.452105 -0.246770 -0.438587 -0.864145 -0.275771 0.886636 -0.371251 0.929008 0.146693 -0.339745
16.772130 -246.898919 2447.567462 -50070.090415 -0.286859 -0.421513 -0.860255 -0.574867 0.794080 -0.197394 0.766316 0.437908 -0.470103
10.332341 -211.414906 2771.125197 -51150.337484 -0.269461 -0.441597 -0.855794 -0.418089 0.854191 -0.309127 0.867521 0.274500 -0.414798
10.056175 -153.004336 2678.849698 -36816.186368 -0.281292 -0.433107 -0.856326 -0.193652 0.899618 -0.391391 0.939880 0.055734 -0.336927
13.405021 -80.573357 4217.473484 3247.581110 0.463681 0.243301 0.851942 0.248313 0.887336 -0.388556 -0.850494 0.391714 0.351026
3.564753 -71.689755 5063.928940 3527.771057 0.487768 0.276814 0.827923 0.233692 0.872377 -0.429356 -0.841113 0.402905 0.360828
13.737545 -86.607896 6060.614848 7629.975335 0.520070 0.342748 0.782337 0.039624 0.905285 -0.422953 -0.853204 0.250964 0.457231
21.997158 -97.463526 2213.202712 5877.829233 0.413891 0.281257 0.865788 0.133089 0.922159 -0.363193 -0.900545 0.265549 0.344242
2.552928 -351.834602 -3018.685107 -25344.902710 -0.217813 -0.601453 -0.768643 0.973747 -0.080552 -0.212903 0.066136 -0.794837 0.603209
-1.183795 -390.333720 2066.304333 -11756.416132 -0.229661 -0.544742 -0.806543 0.969120 -0.051539 -0.241145 0.089794 -0.837018 0.539757
0.316797 -403.047134 -62.622187 78564.722166 -0.225322 -0.568451 -0.791261 0.825689 0.319691 -0.464796 0.517173 -0.758064 0.397330
10.784066 -459.215990 -6434.263485 15976.507990 -0.173240 -0.601303 -0.780015 0.939022 0.138011 -0.314947 0.297029 -0.787012 0.540727
6.324182 -7.668485 -3061.637444 -839.672520 0.106190 0.991832 0.070655 -0.209541 0.091783 -0.973483 0.972016 -0.088569 -0.217576
5.123116 -9.346897 -3620.758537 -1263.624997 0.041867 0.974657 -0.219753 -0.257103 -0.202030 -0.945030 0.965477 -0.096065 -0.242128
-3.587782 -6.371154 -565.472319 -1673.028281 0.089033 0.994856 0.048329 -0.219696 0.066942 -0.973269 0.971497 -0.076035 -0.224525
-26.382344 -48.138741 -4117.860372 -338.636703 0.510144 -0.811019 0.286359 0.766988 0.278306 -0.578165 0.389207 0.514581 0.764018
-21.290969 -47.517563 -4650.780100 253.149180 0.539490 -0.790677 0.289447 0.704059 0.235082 -0.670103 0.461791 0.565301 0.683508
-16.377510 -47.710831 -5440.942355 -255.351912 0.558493 -0.773410 0.299869 0.750283 0.316811 -0.580264 0.353780 0.549060 0.757214
-22.893386 -47.672834 -3939.698577 4.163899 0.533226 -0.799160 0.277513 0.788464 0.350594 -0.505379 0.306584 0.488290 0.817055
8.139838 -64.716021 5395.338418 3525.924495 0.511637 0.842854 0.166809 0.828622 -0.535373 0.163587 -0.227185 -0.054525 0.972324
-32.052244 -35.679425 -412.604835 -514.906369 -0.174793 0.948500 -0.264187 0.032314 -0.262647 -0.964351 0.984075 0.177099 -0.015259
-30.497253 -34.780049 1162.484372 781.787625 -0.250270 0.938711 0.237036 -0.074097 0.225538 -0.971412 0.965337 0.260679 -0.013111
-27.271486 -34.943276 1545.278940 1397.708718 -0.301278 0.869412 0.391606 -0.099655 0.379730 -0.919714 0.948315 0.316115 0.027763
2.223691 -48.523350 -90.187912 -4003.805946 0.669921 0.677605 -0.303409 -0.464518 0.701349 0.540678 0.579161 -0.221272 0.784609
2.443791 -51.624371 -736.704131 -418.568094 0.666986 0.683854 -0.295759 -0.447838 0.685211 0.574393 0.595458 -0.250660 0.763282
1.927989 -48.994530 -836.905537 3928.878165 0.661688 0.693641 -0.284661 0.488277 -0.686762 -0.538464 0.568995 -0.217302 0.793111
-30.709682 -39.138883 -1279.009595 -1700.503373 -0.081283 0.788681 -0.609406 0.030946 -0.609137 -0.792461 0.996211 0.083272 -0.025106
-1.050510 -114.629466 2255.695805 8582.755678 0.116869 0.967694 0.223404 -0.695594 -0.080800 0.713877 -0.708866 0.238829 -0.663679
-6.222720 -113.567049 7761.257221 -17038.782297 0.249516 0.955744 0.155867 -0.569368 0.014598 0.821953 -0.783302 0.293836 -0.547813
4.499060 -115.676730 3270.522122 -11863.571357 0.215448 0.964451 0.153022 -0.525979 -0.017415 0.850319 -0.822756 0.263686 -0.503529
-13.234076 -275.777596 2216.222860 -99156.429176 0.010068 0.017415 -0.999798 0.981458 -0.191566 0.006546 -0.191413 -0.981325 -0.019020
-9.596168 -296.090884 -532.981481 -113747.900685 0.038869 0.040277 -0.998432 0.978722 -0.203000 0.029912 -0.201477 -0.978350 -0.047310
0.606894 -45.579062 1226.400376 8278.042463 0.364948 -0.016044 -0.930890 0.909091 -0.209625 0.360015 -0.200914 -0.977650 -0.061917
-2.338089 -53.919246 1922.288654 -12032.580348 0.107964 0.026716 -0.993796 0.968546 -0.228256 0.099085 -0.224192 -0.973235 -0.050519
-9.857842 -460.762131 -3880.298155 -147622.610725 0.006599 -0.060209 -0.998164 0.989470 0.144720 -0.002188 0.144586 -0.987639 0.060530
-34.537137 -256.987099 -7669.643785 -52402.453549 -0.057826 -0.059440 -0.996556 0.998038 -0.027441 -0.056275 -0.024002 -0.997855 0.060910
-48.385753 -58.523804 -4737.787446 -2774.573816 0.006855 0.965793 0.259223 0.997336 -0.025429 0.068369 0.072622 0.258064 -0.963395
-47.811079 -55.457490 -4853.933536 -1901.775247 0.094755 0.949150 0.300225 0.993861 -0.072893 -0.083227 -0.057111 0.306268 -0.950231
-54.285657 -58.869717 -3851.254570 -4230.785068 -0.232122 0.908068 0.348614 0.972223 0.205535 0.111972 0.030026 0.364922 -0.930554
-54.410119 -60.382407 -4351.069108 -1967.757079 -0.251491 0.918955 0.303768 0.952807 0.179932 0.244505 0.170032 0.350923 -0.920838
-30.750122 -43.727128 -8614.860139 -1690.700390 0.959165 0.252066 -0.128315 -0.265072 0.959352 -0.096851 -0.098687 -0.126909 -0.986993
-31.524726 -44.096459 10600.597489 512.456913 -0.943745 -0.305473 0.126618 -0.305355 0.952011 0.020822 -0.126902 -0.019013 -0.991733
7.266586 -18.016418 2141.968543 -346.316784 -0.261457 0.901345 0.345278 -0.340407 -0.420844 0.840841 -0.903196 -0.102309 -0.416857
10.555166 -17.319773 974.997661 209.923789 -0.268437 0.922283 0.278093 -0.351829 -0.362613 0.862976 -0.896748 -0.133814 -0.421825
10.250790 -19.409342 1328.331361 933.608178 -0.263119 0.914552 0.307186 -0.387315 -0.391754 0.834575 -0.883604 -0.100615 -0.457298
7.707145 -19.164500 1747.393114 -1130.325395 -0.272907 0.900967 0.337314 -0.291194 -0.411537 0.863622 -0.916912 -0.137464 -0.374667
7.323182 -19.311176 1659.520526 438.277077 -0.281270 0.871411 0.401908 -0.364843 -0.484472 0.795095 -0.887568 -0.077004 -0.454196
