10565
21112
-7.126881 -9.697497 65.879678 -104.529137 -0.296213 -0.098729 0.950005 -0.621410 0.775267 -0.113187 -0.725333 -0.623870 -0.290996
-5.418373 -9.390540 30.707525 158.241475 0.440066 0.128940 -0.888660 0.687758 -0.684686 0.241235 -0.577348 -0.717342 -0.389987
-6.001762 -7.926522 -23.815564 75.513528 0.087327 0.323138 -0.942314 0.781653 -0.608643 -0.136278 -0.617570 -0.724662 -0.305733
-4.934462 -6.684437 27.311865 75.098945 0.202132 0.324937 -0.923882 0.851076 -0.525040 0.001542 -0.484574 -0.786606 -0.382674
-6.280229 -9.081875 43.185593 -58.215061 -0.043904 -0.297801 0.953618 -0.653468 0.730582 0.198065 -0.755680 -0.614463 -0.226679
-5.415450 -8.215634 17.048272 53.330936 -0.176733 0.408750 -0.895371 0.705447 -0.581769 -0.404831 -0.686374 -0.703184 -0.185534
-4.506831 -6.520144 6.199993 47.567740 -0.332309 0.494900 -0.802897 0.802414 -0.299040 -0.516436 -0.495683 -0.815873 -0.297741
-4.784157 -7.147147 4.301995 46.788352 -0.274370 0.470425 -0.838703 0.758037 -0.430848 -0.489642 -0.591693 -0.770111 -0.238388
-0.167645 -4.981187 15.562553 -16.162400 0.527867 0.459157 -0.714514 0.786870 0.052255 0.614902 0.319674 -0.886817 -0.333714
-0.541399 -4.940444 14.995021 -24.312977 0.489848 0.446251 -0.748938 0.804406 0.099858 0.585627 0.336124 -0.889319 -0.310052
-0.617028 -4.431783 16.001413 -20.290696 0.530292 0.448591 -0.719414 0.810251 -0.018370 0.585795 0.249566 -0.893548 -0.373213
-0.115388 -5.370205 16.070204 -17.021516 0.509852 0.455855 -0.729553 0.751754 0.176203 0.635467 0.418230 -0.872439 -0.252853
0.112026 -5.396693 8.705425 -14.332018 0.525968 0.452109 -0.720385 0.746474 0.160525 0.645761 0.407595 -0.877399 -0.253057
-0.915784 -15.628060 -17.698757 -134.748199 0.896014 -0.392800 0.207043 0.394693 0.490972 -0.776636 -0.203411 -0.777595 -0.594953
-0.921157 -19.373192 -21.633294 -287.977427 0.883782 -0.406974 0.230870 0.451520 0.612390 -0.648928 -0.122714 -0.677753 -0.724977
-2.652522 -21.828340 -70.211705 -283.155510 0.881863 -0.407706 0.236841 0.451810 0.587024 -0.671766 -0.134852 -0.699413 -0.701881
-4.154608 -24.132685 -122.142449 -240.870412 0.866101 -0.418727 0.273015 0.488432 0.825074 -0.284056 0.106316 -0.379370 -0.919117
-4.742952 -19.770480 -124.763001 -227.736666 0.841382 -0.439536 0.314460 0.539467 0.648144 -0.537479 -0.032426 -0.621866 -0.782452
-3.010937 -17.557363 -68.613826 -132.599929 0.851037 -0.424513 0.309072 0.501056 0.480405 -0.719829 -0.157097 -0.767464 -0.621546
-0.848881 -17.294441 -7.366707 -87.124920 0.909373 -0.368882 0.192269 0.334602 0.374035 -0.864950 -0.247149 -0.850896 -0.463566
-2.039972 -19.427322 -68.197448 -85.194579 0.897622 -0.398777 0.187755 0.347624 0.378607 -0.857796 -0.270984 -0.835244 -0.478471
25.573055 -3.931135 931.666135 18.900183 0.430756 -0.133040 0.892608 -0.001736 0.988950 0.148238 -0.902467 -0.065404 0.425765
22.150797 -2.900945 230.449267 14.522340 0.098545 -0.117871 0.988127 -0.003021 0.992920 0.118744 -0.995128 -0.014687 0.097491
28.650029 -2.022471 547.660178 8.851892 0.204263 -0.044894 0.977886 0.075376 0.996703 0.030014 -0.976010 0.067579 0.206973
1.028034 -13.218971 -53.290943 -51.148537 -0.048309 -0.359997 0.931702 0.891831 -0.435589 -0.122064 0.449782 0.825024 0.342099
0.793566 -13.380057 0.956665 -59.559407 -0.000135 -0.422461 0.906381 0.896054 -0.402434 -0.187440 0.443944 0.812141 0.378603
2.017643 -12.936315 -55.736680 27.056210 -0.052644 -0.355586 0.933160 0.769615 -0.609899 -0.188988 0.636335 0.708225 0.305771
2.304929 -13.041530 -81.755379 27.290645 -0.138470 -0.317646 0.938044 0.824356 -0.561901 -0.068587 0.548874 0.763785 0.339660
-0.177514 -12.820271 19.818333 -54.307084 0.097788 0.538791 -0.836745 -0.379459 0.797445 0.469139 0.920026 0.271635 0.282430
0.324231 -13.288512 9.294334 48.658754 0.108018 0.582627 -0.805530 -0.271843 0.796700 0.539787 0.956260 0.160671 0.244441
0.362508 -13.580947 11.516798 -44.222027 0.116003 0.546191 -0.829589 -0.411588 0.786576 0.460319 0.903957 0.288051 0.316051
-0.711934 -4.305000 -10.719093 33.408558 0.160661 0.364752 -0.917139 0.986826 -0.041427 0.156393 0.019050 -0.930183 -0.366602
-0.814755 -5.368404 -24.460552 53.872097 0.139728 0.358655 -0.922953 0.987384 -0.120589 0.102622 -0.074493 -0.925648 -0.370980
-1.290310 -4.217690 -39.646117 25.243929 0.104463 0.363686 -0.925646 0.993777 -0.001990 0.111370 0.038662 -0.931519 -0.361631
-1.164149 -3.633069 -24.769427 10.143518 0.128384 0.358526 -0.924650 0.986514 0.049285 0.156083 0.101531 -0.932218 -0.347363
-1.882108 -3.578874 -32.467311 3.399890 -0.010062 0.361606 -0.932277 0.990908 0.128700 0.039224 0.134168 -0.923405 -0.359613
-1.813425 -4.122051 -29.666656 16.414572 -0.029122 0.389332 -0.920637 0.997125 0.075768 0.000500 0.069949 -0.917976 -0.390419
10.849381 -5.413829 29.081969 79.483538 0.058333 -0.314338 0.947517 -0.161664 0.933631 0.319684 -0.985120 -0.171828 0.003644
8.000623 -6.356340 -96.028339 83.812371 -0.067468 -0.350683 0.934061 -0.304150 0.898862 0.315499 -0.950232 -0.262809 -0.167305
8.897499 -4.229205 -131.089399 54.517458 -0.249984 -0.221722 0.942522 -0.192319 0.965403 0.176096 -0.948958 -0.137244 -0.283976
13.799939 -3.047767 -164.713166 41.805314 -0.259202 -0.159214 0.952610 -0.057895 0.987107 0.149227 -0.964086 -0.016471 -0.265077
10.891003 -2.856134 -180.387301 33.171050 -0.503413 -0.038597 0.863183 -0.054252 0.998443 0.013005 -0.862341 -0.040283 -0.504723
7.439583 -3.820631 -126.043856 40.475650 -0.480947 -0.062602 0.874512 -0.158075 0.987293 -0.016260 -0.862382 -0.146059 -0.484731
-3.350571 -22.480226 66.458734 -121.187824 0.871271 -0.285517 0.399208 0.434379 0.069939 -0.898011 -0.228477 -0.955818 -0.184958
19.419509 -24.534001 782.922254 144.334729 0.963590 -0.261513 0.055719 0.125383 0.257879 -0.958007 -0.236162 -0.930113 -0.281279
-5.468285 -39.310718 5.440288 -858.050459 0.806388 -0.236809 0.541903 0.466102 -0.309486 -0.828835 -0.363987 -0.920945 0.139189
-1.443711 -20.402256 26.140811 -130.197280 0.929982 -0.260688 0.259183 0.197369 -0.240728 -0.950313 -0.310128 -0.934929 0.172421
-1.610846 -16.986197 6.036162 -37.580427 0.915222 -0.302913 0.265729 0.270091 -0.028226 -0.962421 -0.299030 -0.952600 -0.055981
-2.063142 -16.606696 -8.560562 46.437720 0.889552 -0.354489 0.288159 0.368508 0.184003 -0.911233 -0.270000 -0.916777 -0.294312
-2.897939 -13.443849 0.784956 -37.035599 0.913033 -0.402885 0.063672 -0.022695 -0.206040 -0.978280 -0.407254 -0.891757 0.197265
-2.383430 -12.568105 4.864860 -87.506612 0.936410 -0.336125 0.100781 -0.033131 -0.370605 -0.928199 -0.349341 -0.865836 0.358174
-2.387412 -12.455624 4.916377 -81.248503 0.896485 -0.442161 0.028426 -0.180674 -0.423389 -0.887749 -0.404563 -0.790718 0.459449
-2.877398 -13.535302 3.676266 -29.706144 0.942189 -0.306152 0.136199 0.103602 -0.120391 -0.987306 -0.318663 -0.944339 0.081713
-3.109966 -13.184892 16.313595 -64.758071 0.870525 -0.491738 -0.019495 -0.174651 -0.271664 -0.946412 -0.460091 -0.827280 0.322373
-3.568888 -13.559291 23.876959 19.753826 0.896464 -0.442807 0.016570 0.012592 -0.011923 -0.999850 -0.442938 -0.896538 0.005113
-3.295682 -13.535176 -0.726464 42.523971 0.917000 -0.388531 0.090300 0.116371 0.044050 -0.992228 -0.381534 -0.920382 -0.085607
-0.373498 -44.441163 143.205793 1102.086825 0.043000 -0.511157 0.858411 0.994970 -0.055895 -0.083124 0.090471 0.857668 0.506182
-1.501699 -47.608631 166.008045 858.630851 0.264413 -0.572118 0.776380 0.964387 0.162308 -0.208837 -0.006533 0.803951 0.594660
-0.848243 -147.764973 -182.870928 6094.612794 0.111911 -0.535712 0.836952 0.878598 0.446837 0.168530 -0.464265 0.716483 0.520682
14.251334 -270.811452 684.272409 10402.125750 0.180091 -0.503999 0.844721 0.846586 -0.357851 -0.393998 0.500858 0.786084 0.362233
5.783887 -114.418913 -129.090263 4487.169455 -0.087571 -0.377795 0.921739 0.852094 0.450894 0.265763 -0.516010 0.808682 0.282432
-2.035790 -53.963815 322.932532 -386.266425 -0.231763 -0.305736 0.923478 0.892355 -0.444768 0.076703 0.387283 0.841847 0.375906
1.523452 -65.605991 229.633661 2805.832520 0.074681 -0.431415 0.899057 0.880936 -0.393950 -0.262213 0.467306 0.811594 0.350629
4.280236 -44.432435 -26.766570 953.363131 -0.130971 -0.290381 0.947906 0.989390 -0.098933 0.106396 0.062884 0.951783 0.300258
0.464435 -4.879586 -77.708127 -14.596552 0.808282 0.160776 -0.566419 -0.385517 -0.582606 -0.715505 0.445036 -0.796694 0.408928
1.752315 -4.465515 -74.247085 -20.116576 0.799098 0.171823 -0.576125 -0.341755 -0.658575 -0.670434 0.494617 -0.732636 0.467545
2.364065 -5.100904 -73.180090 -27.864268 0.765897 0.172932 -0.619271 -0.425462 -0.585813 -0.689787 0.482063 -0.791782 0.375096
1.128800 -5.406612 -81.676292 -16.497041 0.771581 0.134656 -0.621715 -0.496368 -0.483799 -0.720803 0.397846 -0.864758 0.306451
1.260214 -29.771568 -27.290563 -99.884590 -0.251572 -0.697290 0.671191 -0.315317 0.714708 0.624314 -0.915034 -0.054578 -0.399668
2.079468 -35.492472 84.703683 -916.540544 0.250676 0.711514 -0.656437 -0.600249 0.646242 0.471245 -0.759515 -0.275896 -0.589083
0.842161 -26.828743 9.918505 -355.422430 0.240247 0.699617 -0.672917 -0.612721 0.646966 0.453881 -0.752897 -0.303267 -0.584101
1.263902 -9.353359 55.919812 66.945416 0.505028 -0.583889 0.635626 0.067308 0.760843 0.645436 -0.860474 -0.283180 0.423548
0.008702 -9.977501 -5.045195 -18.622703 -0.465197 0.635021 -0.616717 -0.181576 0.613425 0.768596 -0.866384 -0.469530 0.170059
1.898530 -9.763419 68.346877 28.164055 0.475942 -0.573585 0.666693 -0.153864 0.692060 0.705251 -0.865913 -0.438239 0.241126
-3.979762 -7.457474 22.128829 48.086794 0.020550 0.158327 0.987173 0.908870 0.408446 -0.084428 -0.416574 0.898946 -0.135505
-4.679659 -8.021616 43.298473 33.910174 0.050012 0.259094 0.964557 0.886204 0.433865 -0.162492 -0.460587 0.862921 -0.207911
-3.770587 -8.402974 17.169918 -34.144290 -0.043782 0.150348 0.987663 0.821043 0.568658 -0.050169 -0.569185 0.808717 -0.148340
-4.908075 -6.478393 25.978578 149.956802 0.180537 0.266989 0.946638 0.953129 0.190096 -0.235389 -0.242798 0.944765 -0.220156
-3.544445 -7.865036 21.689541 23.562322 -0.041923 0.046243 0.998050 0.893290 0.449170 0.016711 -0.447521 0.892249 -0.060139
-4.190856 -6.527743 13.452442 83.283360 0.030651 0.119537 0.992357 0.953715 0.293641 -0.064829 -0.299145 0.948412 -0.105004
-2.579078 -6.195674 27.006133 -70.458159 -0.239629 -0.432994 0.868962 0.966145 -0.018205 0.257357 -0.095614 0.901213 0.422697
-3.433352 -6.891891 169.365363 -100.652021 -0.221095 -0.508289 0.832322 0.967963 -0.010218 0.250886 -0.119018 0.861126 0.494264
-1.968574 -7.007444 21.935586 -224.954761 -0.205391 -0.315045 0.926586 0.941058 0.196409 0.275380 -0.268747 0.928531 0.256135
-1.227575 -4.703085 -14.591569 -92.495495 -0.341994 -0.332553 0.878891 0.909914 0.116430 0.398120 -0.234725 0.935870 0.262777
-1.888261 -5.333947 -97.946934 -79.275792 -0.345284 -0.320894 0.881933 0.925081 0.041963 0.377445 -0.158128 0.946185 0.282364
-2.880990 -6.016634 -92.689418 -14.269909 -0.371304 -0.361011 0.855456 0.927981 -0.113160 0.355029 -0.031365 0.925671 0.377028
0.323010 -6.106989 56.770237 -16.432141 0.718128 0.269236 -0.641720 -0.365504 0.930625 -0.018576 0.592199 0.247891 0.766714
-0.094627 -6.283569 59.224414 -10.435632 0.705902 0.283772 -0.648980 -0.468980 0.873884 -0.128002 0.530810 0.394716 0.749960
-1.158174 -6.265931 51.991028 -11.216468 0.700031 0.347494 -0.623863 -0.437862 0.898993 0.009421 0.564122 0.266570 0.781477
1.079377 -5.849426 29.997089 1.621459 0.741710 0.276782 -0.610948 -0.450882 0.880117 -0.148658 0.496560 0.385727 0.777588
-0.711225 -6.148080 48.474524 -14.378458 0.703819 0.347316 -0.619686 -0.360589 0.926263 0.109598 0.612058 0.146315 0.777160
0.174097 -6.122862 62.241022 -13.653016 0.715617 0.274119 -0.642457 -0.294041 0.952531 0.078895 0.633587 0.132450 0.762250
1.043384 -6.084446 49.447563 -9.759508 0.731448 0.242244 -0.637419 -0.278205 0.959449 0.045384 0.622565 0.144137 0.769180
1.305851 -5.842204 23.046887 -14.683416 0.759552 0.254421 -0.598624 -0.349076 0.936008 -0.045105 0.548841 0.243225 0.799759
-0.278658 -10.635918 9.497090 13.674003 0.815774 -0.010584 -0.578274 0.351972 0.802461 0.481842 -0.458943 0.596610 -0.658352
-0.368296 -10.442249 7.729761 -4.300763 0.815889 0.004502 -0.578190 0.341988 0.802551 0.488832 -0.466228 0.596567 -0.653253
-0.289087 -10.696102 16.178138 1.539436 0.817295 -0.025868 -0.575638 0.453591 0.644977 0.615028 -0.355364 0.763764 -0.538870
-0.290686 -10.110272 -3.822468 -21.649038 -0.817566 -0.020993 0.575452 0.209146 0.920265 0.330713 -0.536510 0.390733 -0.747987
0.030613 -10.603146 15.165804 16.957239 0.813656 -0.028164 -0.580664 0.458937 0.644227 0.611840 -0.356847 0.764316 -0.537105
-0.258285 -10.456775 -1.042952 -14.585394 -0.815241 -0.018185 0.578837 0.210012 0.922187 0.324755 -0.539701 0.386317 -0.747985
-0.029222 -10.761992 2.844909 29.407220 0.809996 0.001932 -0.586432 0.349440 0.801485 0.485297 -0.470954 0.598012 -0.648525
-0.548534 -7.987447 19.699935 -53.143807 -0.819775 -0.111490 0.561728 -0.242317 0.956264 -0.163836 -0.518894 -0.270425 -0.810937
-0.614439 -7.576297 19.304736 -14.641326 -0.826979 -0.127075 0.547685 -0.334043 0.894602 -0.296822 -0.452241 -0.428416 -0.782265
-0.171371 -7.099523 22.675587 -22.615901 -0.799193 -0.171022 0.576230 -0.369373 0.896031 -0.246358 -0.474187 -0.409732 -0.779273
-0.322058 -2.865101 7.077857 -11.754888 0.770420 -0.139110 -0.622175 0.175054 0.984553 -0.003369 0.613033 -0.106319 0.782871
-0.721606 -3.299771 25.165378 -10.234311 0.760800 -0.178961 -0.623824 0.187717 0.980822 -0.052440 0.621245 -0.077206 0.779804
-0.578975 -2.829092 12.123343 -22.059778 0.738623 -0.278984 -0.613681 0.311827 0.948494 -0.055880 0.597662 -0.150088 0.787575
-2.004218 -10.032112 6.881309 -9.957593 0.918816 -0.275029 -0.283084 -0.394668 -0.633239 -0.665767 -0.003845 -0.723441 0.690375
-1.811546 -9.862864 14.857745 -6.795546 0.920050 -0.224921 -0.320810 -0.391788 -0.534945 -0.748556 0.003250 -0.814398 0.580297
-1.701589 -9.732694 14.566759 -0.363141 0.920222 -0.218433 -0.324775 -0.383606 -0.668077 -0.637589 0.077704 -0.711309 0.698572
-1.006318 -30.716214 -33.150106 323.651170 0.289180 0.191215 0.937983 0.488662 0.813078 -0.316407 -0.823155 0.549855 0.141687
-0.477887 -29.930303 -24.720874 229.689794 0.309253 0.204808 0.928664 0.397067 0.859529 -0.321788 -0.864118 0.468255 0.184490
-0.423708 -30.339054 -43.214018 73.880240 0.278319 0.168476 0.945597 0.058533 0.979691 -0.191778 -0.958704 0.108725 0.262805
-0.577034 -28.459283 -9.980029 224.992016 0.344607 0.247036 0.905660 0.679816 0.599639 -0.422236 -0.647376 0.761187 0.038700
-1.145322 -28.652070 -17.721463 255.955972 0.330916 0.227126 0.915919 0.741510 0.537737 -0.401249 -0.583658 0.811944 0.009530
-1.285188 -24.163423 -16.800391 87.479650 0.312226 0.182159 0.932380 0.642779 0.682177 -0.348524 -0.699536 0.708133 0.095906
-5.460268 -29.541368 -258.347040 580.925387 0.387983 0.638232 -0.664928 -0.450996 0.760636 0.466943 0.803786 0.118714 0.582954
-0.457291 -50.930787 -209.517312 1431.506128 0.388799 0.669039 -0.633420 -0.108405 0.715957 0.689677 0.914923 -0.199480 0.350891
-9.561760 -23.492703 -220.583477 160.012200 0.281796 0.582496 -0.762423 -0.140361 0.811104 0.567810 0.949152 -0.052993 0.310326
-11.128145 -21.143729 -236.466342 118.553220 0.265781 0.589088 -0.763109 -0.416031 0.784162 0.460443 0.869643 0.195100 0.453494
1.021252 -6.867966 -75.282118 -38.176734 -0.518030 0.601847 0.607804 0.512072 0.787385 -0.343230 -0.685148 0.133436 -0.716078
-2.382514 -6.062675 -111.074140 9.866949 -0.412505 0.760423 0.501594 -0.604386 -0.640439 0.473873 -0.681584 0.107681 -0.723773
1.294663 -6.632353 -137.476579 38.127566 -0.403899 0.764154 0.502926 -0.710455 -0.608354 0.353778 -0.576298 0.214415 -0.788611
3.332043 -7.523611 -98.481754 5.388930 -0.426968 0.670092 0.607186 -0.705634 -0.666805 0.239693 -0.565491 0.326109 -0.757544
-7.771830 -47.188540 -2.832643 2583.259120 0.294663 0.302395 0.906494 0.529143 0.738274 -0.418282 -0.795727 0.602917 0.057532
-37.597775 -317.490130 -247.971961 -6315.817611 -0.224980 -0.346761 0.910572 -0.448749 0.866393 0.219062 -0.864875 -0.359333 -0.350530
-7.807044 -35.116201 -3.680867 -1268.562801 0.513798 0.563215 0.647148 -0.410027 -0.501388 0.761898 -0.753585 0.656809 0.026679
-0.550716 -7.247810 -33.575254 70.778951 0.879161 -0.105800 -0.464631 0.281414 -0.671583 0.685407 0.384554 0.733337 0.560656
0.102575 -7.049124 -58.036882 86.784742 0.913633 -0.163698 -0.372125 0.152884 -0.709808 0.687604 0.376697 0.685110 0.623477
-1.368901 -5.655337 -3.363204 75.763955 0.881940 -0.111762 -0.457920 0.197976 -0.793812 0.575038 0.427770 0.597806 0.677968
0.566851 -11.842752 65.781530 -61.212912 0.841894 -0.198714 -0.501724 0.061280 0.958924 -0.276965 0.536152 0.202430 0.819490
0.135911 -12.172918 41.405538 23.107383 0.847836 -0.119213 -0.516684 -0.174223 0.857676 -0.483775 0.500820 0.500180 0.706399
0.197694 -13.759662 -19.027156 -29.426059 0.910096 -0.139852 -0.390086 -0.015233 0.929406 -0.368745 0.414118 0.341535 0.843718
0.493843 -9.337368 59.892032 -4.492543 0.819106 -0.076948 -0.568459 -0.236332 0.857689 -0.456636 0.522698 0.508378 0.684353
0.385059 -15.759277 13.847782 -145.918378 0.894225 -0.186686 -0.406830 0.154149 0.981717 -0.111665 0.420238 0.037141 0.906653
1.360397 -19.181344 78.765222 222.379594 0.862561 -0.259810 -0.434151 0.242803 0.965381 -0.095320 0.443886 -0.023194 0.895783
0.837220 -23.781607 18.663585 540.935975 0.869352 -0.315987 -0.379973 0.242378 0.942674 -0.229388 0.430674 0.107322 0.896104
-0.430732 -9.195650 1.308442 74.030009 0.881251 -0.207922 -0.424459 0.033596 0.923327 -0.382542 0.471454 0.322856 0.820668
1.842160 -20.858204 -22.467576 2.175293 -0.176529 0.797137 -0.577417 -0.713412 -0.507786 -0.482904 0.678145 -0.326690 -0.658326
1.827943 -16.052387 -42.019171 -314.817140 -0.180721 0.706542 -0.684206 -0.672767 -0.596256 -0.438021 0.717443 -0.381152 -0.583095
1.394670 -13.228878 -52.085946 73.122302 -0.144805 0.808805 -0.569970 -0.591566 -0.532519 -0.605370 0.793146 -0.249515 -0.555573
2.237315 -34.309150 8.922228 831.926048 -0.152660 0.835714 -0.527519 -0.575669 -0.509067 -0.639887 0.803305 -0.205991 -0.558809
-6.373256 -9.490643 13.612223 -68.621547 -0.369880 -0.111081 0.922415 -0.532419 0.838977 -0.112462 -0.761393 -0.532709 -0.369462
-3.039936 -9.263195 -139.307524 -53.780857 -0.502047 -0.251802 0.827372 -0.585692 0.802891 -0.111045 -0.636328 -0.540335 -0.550567
-2.538325 -9.445805 137.099792 170.041245 0.507567 0.245284 -0.825961 0.718436 -0.649667 0.248561 -0.475631 -0.719562 -0.505970
-3.295071 -6.753028 80.539704 96.565097 0.337853 0.331505 -0.880886 0.851956 -0.505503 0.136521 -0.400033 -0.796600 -0.453214
-6.913271 -7.575583 -49.579122 -19.608219 0.984227 0.110241 0.138364 0.175492 -0.509518 -0.842374 0.022365 -0.853369 0.520828
-6.580946 -7.419713 -46.435233 -15.950953 0.955019 0.144253 0.259095 0.294163 -0.350318 -0.889239 0.037510 -0.925456 0.376994
-7.025564 -7.674657 -4.046076 6.853053 0.917618 0.020366 -0.396942 -0.325481 -0.534688 -0.779853 0.228123 -0.844804 0.484010
-7.154097 -7.869086 -3.434266 9.887891 0.880819 -0.104327 -0.461816 -0.411051 -0.652532 -0.636584 0.234937 -0.750545 0.617646
-7.022170 -7.738901 -37.218066 24.635851 0.999097 0.005471 -0.042124 -0.029238 -0.630790 -0.775403 0.030814 -0.775934 0.630061
-1.140216 -4.333393 0.464744 51.526203 -0.224662 -0.530600 0.817307 -0.604161 0.733924 0.310395 -0.764537 -0.424051 -0.485452
-0.908461 -3.072697 1.651904 23.719237 -0.353525 -0.347400 0.868524 -0.473902 0.867024 0.153903 -0.806497 -0.357186 -0.471148
-0.986596 -3.373465 0.471873 35.265407 -0.324813 -0.422334 0.846245 -0.488423 0.841117 0.232304 -0.809901 -0.337870 -0.479483
-0.965867 -3.526774 8.371192 34.105300 -0.241749 -0.467515 0.850286 -0.578921 0.772727 0.260275 -0.778722 -0.429327 -0.457460
-1.171082 -4.768275 2.000812 61.024231 -0.243545 -0.559277 0.792398 -0.587976 0.734888 0.337970 -0.771343 -0.383600 -0.507820
-1.161189 -6.108118 0.072627 84.341168 -0.172611 -0.602173 0.779483 -0.688001 0.640026 0.342085 -0.704883 -0.477237 -0.524771
-1.039518 -5.551482 9.985207 78.889512 -0.139293 -0.581686 0.801398 -0.685916 0.640380 0.345592 -0.714225 -0.501553 -0.488188
0.114317 -14.758834 -30.456977 -114.194268 0.913215 -0.373277 0.163407 0.330440 0.443758 -0.832999 -0.238427 -0.814704 -0.528593
-2.290927 -6.301886 17.845565 149.879793 -0.675129 -0.609329 0.415835 -0.294341 0.739378 0.605544 -0.676435 0.286424 -0.678526
-2.994590 -6.856859 44.585822 51.050882 -0.656800 -0.595419 0.462698 -0.383688 0.792121 0.474688 -0.649151 0.134243 -0.748720
-2.163653 -6.093382 76.200295 78.434068 -0.653380 -0.490819 0.576361 -0.224725 0.852777 0.471455 -0.722906 0.178516 -0.667486
-2.812481 -6.420421 68.151000 -2.366447 -0.670995 -0.487680 0.558510 -0.368646 0.872982 0.319379 -0.643324 0.008410 -0.765548
-1.637533 -4.523031 45.806413 145.653605 -0.688589 -0.500591 0.524646 -0.112448 0.788459 0.604722 -0.716380 0.357409 -0.599215
-0.544053 -4.378578 24.549275 73.320664 -0.708920 -0.338193 0.618916 -0.020069 0.886854 0.461614 -0.705003 0.314827 -0.635496
-0.945579 -5.437362 88.739126 63.943461 -0.669932 -0.346614 0.656544 -0.108081 0.920438 0.375648 -0.734513 0.180699 -0.654094
-1.357680 -6.059119 59.735527 14.490086 -0.671147 -0.391699 0.629392 -0.258967 0.919401 0.296037 -0.694621 0.035693 -0.718490
0.514282 -13.304265 22.486330 -76.948813 0.056915 -0.452754 0.889817 0.906009 -0.350993 -0.236542 0.419415 0.819645 0.390222
0.079731 -11.650935 26.309031 -112.575517 0.042426 -0.448996 0.892526 0.974943 -0.176647 -0.135208 0.218370 0.875899 0.430251
1.489083 -13.501314 6.718095 19.099515 0.014268 -0.426203 0.904515 0.769387 -0.573083 -0.282170 0.638624 0.699948 0.319738
0.285531 -11.499084 29.951441 -123.572478 0.081532 -0.464805 0.881651 0.973695 -0.151697 -0.170018 0.212769 0.872321 0.440210
1.275515 -13.598053 1.444240 -24.538956 0.071696 -0.424990 0.902354 0.788634 -0.529733 -0.312154 0.610669 0.734007 0.297182
0.927037 -13.363038 3.047952 -87.548388 0.130466 -0.451593 0.882634 0.879520 -0.358196 -0.313274 0.457629 0.817165 0.350453
-0.436580 -13.527205 1.957551 -87.346078 0.202435 0.710099 -0.674373 0.943534 0.042970 0.328478 0.262230 -0.702789 -0.661304
-0.401161 -12.211096 2.675663 -40.067700 0.228435 0.709024 -0.667160 0.971485 -0.121302 0.203722 0.063516 -0.694673 -0.716516
-0.430856 -14.068265 0.809142 -109.659112 0.193453 0.718186 -0.668419 0.946937 0.041565 0.318721 0.256684 -0.694608 -0.672036
-0.498595 -11.891678 4.715758 -49.060621 0.234019 0.700264 -0.674437 0.970878 -0.131719 0.200116 0.051298 -0.701627 -0.710696
-0.428967 -14.729778 -0.857594 -87.040323 0.173853 0.711589 -0.680746 0.873746 0.207405 0.439944 0.454250 -0.671285 -0.585691
-0.527789 -12.676961 4.389644 -60.298544 0.211161 0.700109 -0.682099 0.942615 0.038787 0.331622 0.258628 -0.712982 -0.651743
-0.430603 -14.023582 0.818318 -36.521067 0.184447 0.704900 -0.684905 0.866707 0.211953 0.451547 0.463463 -0.676899 -0.571848
4.940579 -2.328609 -41.623982 129.577944 0.425360 0.638975 -0.640921 0.769716 0.117077 0.627559 0.476032 -0.760265 -0.442030
4.935678 -1.140894 -21.121058 -11.887615 0.722530 0.528753 -0.445389 -0.592084 0.140673 -0.793503 0.356914 -0.837037 -0.414706
6.057829 -1.432383 -109.175977 43.706928 0.496346 0.593306 -0.633742 0.753439 0.068229 0.653968 0.431243 -0.802080 -0.413155
3.981831 -1.785079 39.029050 -71.861969 0.670026 0.561869 -0.485147 -0.634520 0.094277 -0.767135 0.385291 -0.821836 -0.419685
7.607027 -5.379364 -202.390150 206.291968 0.147272 0.644147 -0.750590 0.830753 0.331297 0.447316 0.536806 -0.689432 -0.486336
0.184813 -8.811434 -19.935942 16.486263 -0.084293 0.565326 -0.820550 0.911951 -0.288080 -0.292157 -0.401548 -0.772927 -0.491266
0.042236 -8.999120 -7.642636 40.135716 -0.112807 0.598007 -0.793513 0.805276 -0.412810 -0.425581 -0.582070 -0.687005 -0.434993
-0.389798 -8.310961 -23.210779 -21.038996 -0.069824 0.563190 -0.823372 0.896483 -0.326598 -0.299419 -0.437542 -0.759046 -0.482086
7.230168 -7.251579 1.327343 73.708457 0.088815 -0.409751 0.907863 -0.364083 0.835037 0.412500 -0.927122 -0.367174 -0.075020
4.008445 -7.967016 -58.456614 68.472722 -0.060641 -0.420063 0.905466 -0.490765 0.802465 0.339411 -0.869179 -0.423789 -0.254815
22.693788 -47.528337 514.175060 -738.090473 0.923612 -0.374039 0.083879 0.059216 -0.076971 -0.995273 -0.378727 -0.924213 0.048942
-1.724628 -11.380613 -4.728485 -89.967209 0.918891 -0.387804 0.072445 -0.165370 -0.545346 -0.821736 -0.358180 -0.743106 0.565244
-1.839286 -12.007077 21.216802 -59.851346 0.950563 -0.285917 0.121166 -0.040812 -0.501832 -0.864002 -0.307838 -0.816343 0.488692
-2.000102 -12.968817 28.057614 -87.021161 0.955368 -0.245657 0.164088 0.077258 -0.328350 -0.941391 -0.285138 -0.912052 0.294716
0.533629 -134.815088 162.266958 -2750.943628 0.342930 -0.430208 0.835057 0.723430 0.688011 0.057364 -0.599207 0.584433 0.547165
-0.965421 -228.231132 520.946105 13280.814586 0.252714 -0.544968 0.799466 0.962266 0.227731 -0.148939 -0.100896 0.806938 0.581955
-2.350776 -53.848168 199.023802 1819.354392 0.354073 -0.501021 0.789690 0.837201 -0.206521 -0.506403 0.416806 0.840433 0.346332
1.595210 -3.761372 -85.723702 -33.491498 0.815269 0.167756 -0.554251 -0.273333 -0.732311 -0.623707 0.510515 -0.659984 0.551177
2.629126 -3.793012 -72.410817 -27.960740 0.790994 0.186726 -0.582634 -0.286069 -0.728909 -0.621978 0.540826 -0.658654 0.523146
0.345158 -4.166758 -71.151197 -24.744395 0.827505 0.187262 -0.529309 -0.275715 -0.685706 -0.673638 0.489097 -0.703377 0.515795
2.729699 0.048038 1.970829 -63.116494 -0.359954 0.810948 0.461299 -0.617326 -0.577749 0.533961 -0.699530 0.092570 -0.708582
2.623582 -0.826400 -15.920407 -20.676058 -0.285007 0.883054 0.372810 -0.625943 -0.466021 0.625315 -0.725924 0.055139 -0.685561
2.098465 -1.036135 -98.270310 -21.299614 -0.471013 0.809252 0.351081 -0.599187 -0.585596 0.545942 -0.647397 -0.046782 -0.760716
2.429762 -0.792058 -74.685209 -5.713681 -0.589749 0.646404 0.484105 0.469059 0.762141 -0.446234 -0.657404 -0.036092 -0.752673
2.878431 0.079939 -19.069727 -31.039756 -0.557827 0.595893 0.577702 0.412494 0.803062 -0.430046 -0.720192 -0.001592 -0.693773
3.034511 -39.190070 -76.265551 208.350473 -0.240887 -0.705612 0.666397 -0.191450 0.707671 0.680110 -0.951483 0.036248 -0.305558
3.483981 -45.804062 109.799898 -946.527869 0.221611 0.720455 -0.657140 -0.635039 0.618033 0.463422 -0.740009 -0.314610 -0.594480
1.605763 -31.204754 -43.304405 324.787688 -0.282427 -0.684089 0.672500 0.014044 0.698017 0.715943 -0.959186 0.211646 -0.187532
4.900773 -47.375665 93.648627 1718.814312 0.320438 0.727415 -0.606785 0.285346 0.536686 0.794069 -0.903270 0.427593 0.035591
3.691505 -42.661825 58.942024 934.803081 0.195969 0.704884 -0.681715 0.222194 0.645195 0.730995 -0.955105 0.294725 0.030183
3.538613 -50.815972 -55.060491 -486.261415 -0.146981 -0.697887 0.700964 -0.199597 0.715008 0.670018 -0.968792 -0.041431 -0.244389
-39.423371 -53.401636 -1112.491838 1733.606110 0.010404 0.706026 -0.708109 -0.709906 -0.493504 -0.502482 0.704220 -0.507919 -0.496078
-14.257831 -32.653777 351.621369 -137.642234 -0.819604 -0.281567 -0.498969 -0.120529 0.936153 -0.330289 0.560109 -0.210566 -0.801211
-30.747387 -36.204052 483.986979 88.217547 -0.634278 0.222219 -0.740480 0.179778 0.973939 0.138287 0.751912 -0.045410 -0.657698
-5.697360 -9.088777 84.930506 -23.885447 -0.162830 0.161324 0.973376 0.788562 0.614217 0.030116 -0.593006 0.772471 -0.227227
-7.232359 -7.513263 112.538655 158.352613 0.928200 0.370121 0.038141 -0.142794 0.259683 0.955078 -0.343590 0.891950 -0.293889
-3.781533 -14.690165 -42.302231 -588.856791 -0.150098 -0.202848 0.967638 0.924000 0.319383 0.210282 -0.351703 0.925660 0.139493
-4.908410 -7.954231 315.499101 -2.887542 -0.236944 -0.520920 0.820061 0.971511 -0.131288 0.197306 0.004883 0.843449 0.537187
-5.268209 -21.529990 83.886463 734.479110 -0.503057 -0.331900 0.797982 0.707060 -0.689009 0.159163 0.496990 0.644290 0.581284
-0.737630 -1.547619 17.147968 12.972092 -0.581709 -0.209785 0.785879 0.675880 0.412882 0.610504 -0.452550 0.886295 -0.098388
-0.364282 -2.216002 45.618875 56.730824 0.854243 0.343101 -0.390577 0.308352 0.270480 0.912008 -0.418555 0.899512 -0.125260
-1.081332 -2.111749 -21.685281 44.992487 0.730094 0.322635 -0.602386 0.495318 0.357439 0.791769 -0.470768 0.876439 -0.101157
0.793149 -6.445470 87.246858 -4.798996 0.695878 0.274359 -0.663687 0.543851 -0.804870 0.237508 0.469019 0.526224 0.709302
-0.827463 -6.610570 73.020903 12.299824 0.699752 0.288704 -0.653450 0.534250 -0.818729 0.210379 0.474262 0.496319 0.727148
1.706505 -6.151274 58.160922 -3.823104 0.711844 0.299480 -0.635287 0.539982 -0.811768 0.222380 0.449107 0.501343 0.739566
-0.241330 -9.699553 0.953687 -36.889618 -0.815366 -0.046439 0.577080 0.191352 0.919142 0.344329 -0.546409 0.391180 -0.740551
-1.915960 -15.670185 70.681528 -298.827872 0.953511 -0.294038 0.066020 0.282361 0.948252 0.145222 0.105304 0.119829 -0.987194
-3.160831 -16.539773 36.303815 -286.587865 0.968699 -0.248229 -0.001981 0.244468 0.952576 0.181201 0.043093 0.176014 -0.983444
-2.063649 -19.359399 42.550000 -215.739833 0.957211 -0.288922 0.016451 0.250769 0.856497 0.451140 0.144434 0.427711 -0.892302
-0.920506 -17.065916 66.200104 -285.188246 0.942443 -0.325716 0.075560 0.297711 0.920294 0.253827 0.152212 0.216722 -0.964294
-1.651617 -19.430273 49.421046 38.572137 0.955981 -0.291203 0.036059 0.163692 0.631255 0.758104 0.243524 0.718831 -0.651136
-0.861503 -18.380228 57.045052 -128.252848 0.946925 -0.315815 0.059948 0.231775 0.799997 0.553430 0.222740 0.510163 -0.830735
-2.962842 -20.188331 34.946443 -35.620028 0.967126 -0.253692 -0.017552 0.185319 0.655844 0.731796 0.174139 0.710991 -0.681298
-0.848218 -8.129614 9.100151 -38.784900 -0.844255 -0.101322 0.526276 -0.230535 0.955134 -0.185937 -0.483825 -0.278304 -0.829735
-0.893816 -7.900498 -6.463879 11.447637 0.859609 0.099947 -0.501082 -0.295680 0.897101 -0.328304 -0.416708 -0.430373 -0.800708
-0.595604 -9.161064 8.178561 -72.049816 -0.829302 -0.089659 0.551561 -0.127968 0.991285 -0.031269 -0.543951 -0.096514 -0.833548
-0.908563 -7.664689 -7.846191 -11.669841 -0.864062 -0.120000 0.488872 -0.243869 0.949383 -0.197989 -0.440368 -0.290296 -0.849591
-0.725705 -8.799453 -5.146470 -60.132508 -0.846846 -0.112783 0.519742 -0.159461 0.986140 -0.045830 -0.507370 -0.121689 -0.853093
-1.988191 -11.021294 9.496131 57.293685 0.920043 -0.290546 -0.262877 -0.352929 -0.905936 -0.233926 0.170183 -0.307999 0.936042
-1.976493 -10.595733 8.963274 39.436266 0.919015 -0.282843 -0.274611 -0.374106 -0.845396 -0.381248 0.124322 -0.453107 0.882745
-1.699622 -11.316363 14.393580 44.810113 0.909833 -0.261418 -0.322279 -0.335200 -0.920805 -0.199396 0.244631 -0.289445 0.925406
-2.114389 -10.375260 0.933300 42.949466 0.925349 -0.318475 -0.205676 -0.375837 -0.841811 -0.387428 0.049754 -0.435806 0.898664
-1.930794 -11.510114 10.362517 -26.132183 0.918339 -0.289324 -0.270084 0.311811 0.949150 0.043457 0.243777 -0.124124 0.961855
-2.117383 -10.993034 4.549692 64.777418 0.924522 -0.319224 -0.208220 -0.361866 -0.906706 -0.216650 0.119634 -0.275645 0.953786
0.491993 -30.924696 -46.210354 120.533124 0.289529 0.189355 0.938252 0.002394 0.980090 -0.198537 -0.957166 0.059729 0.283311
-3.384368 -125.757239 -652.045392 7114.094236 0.235964 0.129567 0.963085 0.325222 0.923392 -0.203909 -0.915725 0.361332 0.175749
-0.603741 -33.340285 -95.335595 472.410887 0.299660 0.249312 0.920895 0.614529 0.687897 -0.386202 -0.729766 0.681646 0.052926
7.209736 -77.249336 -224.467733 1302.024657 -0.306115 -0.067440 -0.949603 0.949385 0.052174 -0.309750 0.070435 -0.996358 0.048056
23.841644 -48.649194 -1344.491279 -885.367220 0.964172 0.033437 0.263161 0.200602 0.557223 -0.805768 0.173582 -0.829689 -0.530551
-7.506576 -206.173973 -203.399231 -1827.069168 0.284607 0.273883 0.918688 -0.215356 0.952092 -0.217124 -0.934142 -0.136050 0.329954
-1.115425 -3.565229 11.053483 -42.715840 -0.593314 -0.087916 0.800155 0.187632 0.951534 0.243677 -0.782798 0.294711 -0.548063
-1.063246 -4.200822 9.275000 -26.740657 -0.597761 -0.117655 0.792994 0.233188 0.920883 0.312408 -0.767011 0.371662 -0.523032
-1.394901 -3.623386 3.748331 -40.801936 -0.622328 -0.092950 0.777218 0.194749 0.943316 0.268752 -0.758143 0.318615 -0.568950
-0.440681 -3.956408 28.491865 -35.778593 -0.567575 -0.113959 0.815397 0.215451 0.935306 0.280686 -0.794632 0.334988 -0.506303
-1.346846 -3.055771 7.266788 -42.399492 -0.614297 -0.067956 0.786143 0.148235 0.968608 0.199560 -0.775026 0.239123 -0.584940
-0.705158 -3.375077 22.344927 -40.367251 -0.573772 -0.102346 0.812595 0.149975 0.962256 0.227093 -0.805166 0.252169 -0.536766
-1.289675 -4.878648 -23.866860 23.646504 0.765542 0.074720 -0.639032 -0.171191 0.981085 -0.090366 0.620192 0.178576 0.763853
-0.914346 -4.101835 -23.151077 28.227552 0.743307 0.124790 -0.657208 -0.296612 0.942073 -0.156590 0.599597 0.311331 0.737263
-0.707978 -4.265477 -8.170017 23.797641 0.770711 0.037431 -0.636085 -0.215416 0.954800 -0.204823 0.599667 0.294882 0.743938
-0.442770 -14.591380 -26.887591 -129.488808 0.888194 -0.037296 -0.457952 0.251827 -0.794148 0.553093 0.384310 0.606579 0.695966
0.512496 -13.367033 22.654116 -37.344838 0.833691 -0.003995 -0.552217 0.394925 -0.694645 0.601250 0.385997 0.719341 0.577542
-7.307933 -9.518889 90.320488 -13.742612 -0.064291 -0.293813 0.953698 -0.481737 0.846086 0.228185 -0.873954 -0.444762 -0.195936
-6.242946 -9.266611 15.534659 -46.091072 0.046010 -0.313955 0.948322 -0.570240 0.771199 0.282983 -0.820189 -0.553791 -0.143547
-6.843014 -7.501985 -7.008704 15.507892 0.974575 0.207742 -0.083951 -0.007604 -0.343794 -0.939014 0.223934 -0.915778 0.333474
-6.186654 -7.306439 -42.411804 17.341240 0.923011 0.154209 0.352520 0.376529 -0.173353 -0.910041 0.079226 -0.972712 0.218071
-0.822745 -2.768425 2.745427 13.977066 -0.399212 -0.218193 0.890518 -0.417608 0.907943 0.035252 -0.816231 -0.357815 -0.453581
-0.425018 -2.360753 9.202866 22.145643 -0.460539 -0.068209 0.885015 -0.287879 0.954628 -0.076231 -0.839660 -0.289884 -0.459280
-1.453488 -15.222390 -2.117059 -286.980497 0.893709 -0.398664 0.205796 -0.168681 0.126470 0.977524 0.415730 0.908335 -0.045780
-1.858312 -17.865427 5.174928 -146.685489 0.902029 -0.397335 0.168725 -0.263033 -0.195992 0.944670 0.342281 0.896500 0.281302
-1.554917 -18.617247 14.437522 -298.207232 0.885447 -0.436356 0.159928 -0.212966 -0.075107 0.974169 0.413073 0.896634 0.159432
-1.752120 -20.477316 0.501567 -99.827235 0.898408 -0.415473 0.142282 -0.323192 -0.406147 0.854746 0.297336 0.813896 0.499164
-1.318751 -13.999016 24.047051 -327.768501 0.880355 -0.437706 0.182727 -0.089677 0.224697 0.970293 0.465761 0.870589 -0.158561
-1.205234 -16.257217 31.262195 -315.178655 0.871866 -0.468732 0.141917 -0.133717 0.050932 0.989710 0.471137 0.881871 0.018271
-1.479272 -19.057404 17.052556 -167.402477 0.884577 -0.451425 0.117215 -0.257614 -0.263411 0.929650 0.388792 0.852543 0.349300
-2.701770 -6.561622 -1.519956 -75.409494 -0.727438 -0.525917 0.440732 -0.414627 0.848682 0.328363 -0.546734 0.056124 -0.835424
-0.363222 -12.546941 0.606359 -9.558561 0.220297 0.715642 -0.662817 0.972324 -0.106899 0.207748 0.077819 -0.690239 -0.719385
-0.375752 -11.863850 2.780676 54.192285 0.263497 0.698971 -0.664838 0.957087 -0.275616 0.089559 -0.120641 -0.659906 -0.741600
-0.466695 -11.396746 3.834039 30.208021 0.266871 0.692235 -0.670515 0.954815 -0.284342 0.086474 -0.130795 -0.663296 -0.736839
5.298391 -1.327951 -109.476861 41.681754 0.740105 0.429450 -0.517510 -0.624669 0.154011 -0.765552 0.249064 -0.889861 -0.382249
4.171100 -1.467210 -59.728894 -11.280267 0.828006 0.399108 -0.393852 -0.505158 0.226111 -0.832880 0.243355 -0.888587 -0.388834
-1.621837 -3.687610 -5.732160 45.238301 -0.627218 -0.499055 0.597948 -0.242880 0.854783 0.458645 -0.740005 0.142441 -0.657346
-1.640792 -2.989308 0.968367 26.093064 -0.641704 -0.350051 0.682408 -0.078604 0.915097 0.395497 -0.762914 0.200152 -0.614737
-1.294699 -3.747032 -12.381052 45.389638 -0.679911 -0.408581 0.608919 -0.175328 0.896882 0.406032 -0.712026 0.169305 -0.681436
-1.752180 -3.599567 -4.211212 47.699100 -0.595804 -0.515448 0.615898 -0.248434 0.847545 0.468986 -0.763740 0.126414 -0.633026
-1.490602 -4.353463 -14.814984 42.066799 -0.629874 -0.515402 0.581050 -0.317183 0.853569 0.413297 -0.708981 0.076025 -0.701118
-0.645919 -3.681229 1.733912 14.449692 0.227474 0.365967 -0.902399 0.969757 -0.000950 0.244069 0.088464 -0.930627 -0.355116
-0.998717 -3.329747 -10.747927 3.798142 0.297571 0.359174 -0.884559 0.940688 0.047847 0.335881 0.162963 -0.932043 -0.323633
-1.492041 -3.199726 -22.662466 5.301003 0.175367 0.359092 -0.916678 0.966684 0.113544 0.229412 0.186464 -0.926370 -0.327217
17.737404 -3.546309 -32.494188 46.665805 -0.014272 -0.188954 0.981882 -0.032158 0.981561 0.188424 -0.999381 -0.028886 -0.020085
20.680321 -2.322440 -320.089436 18.998083 -0.234860 -0.084672 0.968334 -0.003250 0.996262 0.086325 -0.972024 0.017127 -0.234257
15.293673 -2.184479 -315.416314 15.631188 -0.497092 -0.024539 0.867351 -0.010300 0.999696 0.022381 -0.867636 0.002192 -0.497194
-0.525748 -24.322172 -21.982793 -156.566580 0.933178 -0.341742 0.111315 -0.065423 -0.466048 -0.882337 -0.353410 -0.816095 0.457264
-0.444869 -21.294712 3.537910 -101.875704 0.936788 -0.321161 0.138865 -0.035235 -0.481445 -0.875768 -0.348118 -0.815516 0.462328
-1.544053 -10.262474 0.875262 -108.456786 0.873660 -0.486536 -0.000648 -0.325801 -0.584043 -0.743470 -0.361347 -0.649752 0.668769
-1.003752 -9.521112 -19.069247 -75.205700 0.898304 -0.436004 0.054321 -0.274036 -0.652609 -0.706403 -0.343445 -0.619679 0.705722
-1.380251 -10.436326 7.888001 -45.434543 0.936361 -0.338072 0.094525 -0.149666 -0.628048 -0.763647 -0.317534 -0.700902 0.638677
9.819167 -247.224272 97.346980 -11749.529725 0.142497 -0.354592 0.924099 0.493391 0.834810 0.244248 -0.858056 0.421138 0.293910
0.719365 -5.604274 -94.895634 -9.814379 0.745100 0.101187 -0.659233 -0.587381 -0.368648 -0.720474 0.315927 -0.924045 0.215244
-0.499940 -5.108716 -54.028713 -7.830203 0.775461 0.165118 -0.609423 -0.508306 -0.409302 -0.757691 0.374547 -0.897334 0.233467
-0.446892 -4.999828 -50.656739 -9.837121 0.802108 0.197245 -0.563663 -0.417477 -0.489701 -0.765445 0.427007 -0.849286 0.310448
2.308387 -5.905300 -59.788521 -7.815908 0.733600 0.162236 -0.659932 -0.566516 -0.390366 -0.725723 0.375354 -0.906252 0.194463
3.159129 -0.931657 68.046869 -1.641212 -0.178009 0.864205 0.470598 -0.611477 -0.471840 0.635188 -0.770979 0.174691 -0.612433
2.918742 -1.253154 -32.379217 14.319432 -0.311301 0.872207 0.377288 -0.592045 -0.488555 0.640934 -0.743353 0.023848 -0.668474
1.468763 -1.721999 -107.793737 10.881095 -0.382526 0.895107 0.229037 -0.618706 -0.432263 0.656012 -0.686205 -0.109235 -0.719160
-30.521138 -60.827324 -930.842564 -1331.044400 0.267716 0.614983 -0.741704 -0.065729 0.779667 0.622735 0.961253 -0.117965 0.249151
-29.773514 -60.243498 -563.150924 -1687.536913 -0.121667 0.581033 -0.804735 0.071259 0.813779 0.576789 0.990010 0.012832 -0.140414
-31.372586 -46.003931 -759.115449 310.183169 0.015747 0.430426 -0.902489 -0.357378 0.845400 0.396963 0.933827 0.316279 0.167137
-29.074115 -60.987465 210.674925 -1352.988963 -0.516418 0.472721 -0.714036 -0.202273 0.742894 0.638118 0.832104 0.473966 -0.288025
-43.957639 -134.549043 -1203.874035 4760.909647 0.290512 0.552230 -0.781438 -0.607047 0.737641 0.295600 0.739660 0.388495 0.549523
-34.741379 -63.564110 776.680592 -1986.250778 -0.023709 -0.294268 0.955429 0.773175 -0.611241 -0.169073 0.633750 0.734705 0.242012
-4.812162 -8.724585 27.224295 -14.471573 -0.297486 0.029693 0.954264 0.678645 0.709603 0.189484 -0.671522 0.703976 -0.231248
-3.129644 -6.585228 4.573343 -102.852563 -0.115305 0.080397 0.990071 0.719005 0.694467 0.027343 -0.685373 0.715019 -0.137882
-2.726887 -7.290653 19.912023 -49.423559 -0.070292 0.037132 0.996835 0.798823 0.600606 0.033957 -0.597445 0.798682 -0.071880
-1.511582 -3.349856 -0.553493 -56.971319 -0.231080 -0.260860 0.937312 0.947498 0.158513 0.277706 -0.221019 0.952274 0.210535
-2.828431 -7.295577 -42.013235 -191.077286 -0.062688 -0.162571 0.984703 0.976556 0.193591 0.094131 -0.205933 0.967519 0.146624
