17792
35557
-7.027968 -11.636616 67.214377 -211.355115 -0.795250 -0.328210 0.509760 -0.415378 0.907411 -0.063771 -0.441631 -0.262457 -0.857950
-8.081581 -13.502387 51.711371 -137.682993 -0.869203 -0.109122 0.482264 -0.172253 0.981072 -0.088471 -0.463482 -0.159970 -0.871547
-9.335286 -12.817378 232.792582 -269.024965 -0.899731 -0.037228 0.434853 -0.131040 0.973428 -0.187792 -0.416308 -0.225945 -0.880702
-7.326708 -12.933368 -114.264907 -175.748956 -0.788266 -0.282440 0.546685 -0.324788 0.945571 0.020209 -0.522637 -0.161627 -0.837095
-8.937152 -10.562534 -109.116623 -369.436250 -0.902824 0.345261 0.256329 0.204045 0.868682 -0.451395 -0.378517 -0.355227 -0.854715
-7.095770 -10.791179 21.572050 -145.471245 -0.666477 -0.505383 0.548084 -0.589023 0.807616 0.028436 -0.457012 -0.303882 -0.835940
8.439221 -12.301716 -99.348297 -94.693534 0.958077 -0.026782 -0.285255 -0.285905 -0.024702 -0.957940 -0.018609 -0.999336 0.031323
8.669147 -11.608454 -145.266520 -6.862772 0.939006 0.029614 -0.342623 -0.343407 0.027397 -0.938787 0.018414 -0.999186 -0.035896
6.952831 -12.559472 -140.903995 -55.311494 0.967454 -0.050879 -0.247879 -0.242823 0.088963 -0.965983 -0.071200 -0.994735 -0.073713
8.760965 -11.602902 37.994886 87.198051 0.929234 0.085536 -0.359455 -0.355394 -0.059256 -0.932836 0.101091 -0.994571 0.024663
5.817195 -13.867975 -48.354754 -157.750032 0.980223 -0.114554 -0.161367 -0.156793 0.047933 -0.986468 -0.120738 -0.992260 -0.029024
9.970642 -12.349860 58.284021 8.768398 0.954121 0.001769 -0.299415 -0.295509 -0.155525 -0.942595 0.048234 -0.987830 0.147867
7.455520 -12.948114 -31.921702 -187.749209 0.973360 -0.106823 -0.202877 -0.211148 -0.072736 -0.974744 -0.089369 -0.991614 0.093354
2.717269 -10.198249 665.525377 883.191024 0.840140 -0.490820 0.230781 0.511699 0.576236 -0.637273 -0.179802 -0.653489 -0.735271
2.759803 -12.072218 917.954445 468.254831 0.947585 -0.317811 0.032853 0.239129 0.637255 -0.732614 -0.211897 -0.702070 -0.679851
-1.150154 -7.787668 681.803657 392.829474 0.865105 -0.465243 0.187466 0.459314 0.584596 -0.668788 -0.201557 -0.664678 -0.719429
-1.951541 -3.395671 461.143675 385.222281 0.883218 -0.440829 0.159986 0.432565 0.634020 -0.641020 -0.181146 -0.635365 -0.750665
-5.384163 -5.749378 465.416893 111.212376 0.975457 -0.177893 -0.129758 0.055795 0.769767 -0.635882 -0.213002 -0.613036 -0.760800
-5.888118 -8.032015 -301.857154 288.626237 -0.631617 0.677384 -0.377109 0.730837 0.357899 -0.581193 -0.258724 -0.642697 -0.721112
-3.653035 -8.780486 603.567217 125.963925 0.891029 -0.444943 0.089963 0.356892 0.564160 -0.744548 -0.280527 -0.695521 -0.661480
12.688729 -16.542469 -674.611187 -61.399997 -0.964967 0.187213 -0.183822 0.170132 0.979832 0.104808 0.199736 0.069862 -0.977356
9.717804 -15.884252 -668.394107 88.446176 -0.957214 0.252596 -0.141193 0.262945 0.962950 -0.059894 0.120833 -0.094457 -0.988169
6.248920 -18.693501 -347.516316 -91.685755 -0.930609 0.314830 -0.186678 0.329189 0.942893 -0.050870 0.160002 -0.108793 -0.981103
6.071329 -22.280942 -154.731151 -24.293424 -0.924378 0.314997 -0.215179 0.303902 0.949017 0.083734 0.230584 0.012009 -0.972978
3.505853 -20.253608 69.672037 -303.885282 0.907327 -0.381320 0.177069 0.406975 0.902285 -0.142314 0.105500 -0.201187 -0.973855
-0.672489 -4.260567 -35.504448 110.312546 -0.797812 0.135895 0.587391 0.090620 0.990227 -0.106009 -0.596056 -0.031346 -0.802330
-0.834522 -3.809982 37.336945 94.327956 -0.791427 0.182848 0.583275 0.122880 0.982324 -0.141211 -0.598785 -0.040086 -0.799906
-0.512357 -4.345284 -48.233991 49.561947 -0.790476 0.241633 0.562815 0.139998 0.965847 -0.218038 -0.596279 -0.093561 -0.797307
10.046164 -12.546075 -158.346398 34.794539 0.669200 -0.715474 0.200671 0.412084 0.132601 -0.901446 -0.618352 -0.685940 -0.383572
8.203583 -11.348514 250.898499 -93.609557 -0.622207 0.765732 -0.162830 -0.405960 -0.137754 0.903449 -0.669370 -0.628234 -0.396568
8.843056 -14.231337 261.827192 -343.447808 -0.604674 0.750405 -0.266949 -0.405291 -0.001369 0.914187 -0.685645 -0.660977 -0.304960
9.984579 -10.252775 -134.194733 -45.644702 0.688711 -0.719849 0.086570 0.394368 0.271737 -0.877857 -0.608401 -0.638730 -0.471034
10.199321 -15.062914 -109.864822 295.726934 0.671124 -0.685928 0.281240 0.402263 0.018279 -0.915342 -0.622718 -0.727440 -0.288191
10.734810 -12.290351 -23.051883 -92.906658 0.720248 -0.673930 0.164503 0.429220 0.246632 -0.868874 -0.544989 -0.696413 -0.466901
10.300423 -13.802092 -20.565864 -35.388625 0.718148 -0.649877 0.248844 0.424225 0.125385 -0.896835 -0.551631 -0.749626 -0.365738
-4.364702 -9.547904 -109.220420 -226.691636 0.970829 -0.204548 -0.125106 0.090239 0.795100 -0.599727 -0.222144 -0.570943 -0.790364
-3.853931 -7.408670 -103.631088 -225.041480 0.966249 -0.238735 -0.096795 0.111710 0.726877 -0.677621 -0.232130 -0.643937 -0.729013
-2.974967 -9.357783 -236.499658 -226.700634 0.960252 -0.186093 -0.208050 0.025876 0.801481 -0.597460 -0.277931 -0.568329 -0.774439
-3.356645 -11.055718 -240.820861 -174.229246 0.959124 -0.194875 -0.205197 0.066607 0.860197 -0.505593 -0.275037 -0.471259 -0.838015
-4.625376 -11.136589 -91.094855 -161.383479 0.975381 -0.166918 -0.144121 0.074758 0.865100 -0.495996 -0.207470 -0.473011 -0.856281
-2.048799 -22.537700 -52.719902 -340.467485 0.971978 -0.195734 -0.130178 0.156630 0.126318 0.979546 0.175287 0.972487 -0.153436
-1.442779 -20.350255 -68.462945 -397.435455 0.980996 -0.158867 -0.111396 0.139997 0.182024 0.973277 0.134345 0.970375 -0.200806
-1.445556 -22.640585 -65.385180 -117.557488 0.975154 -0.162792 -0.150243 0.145778 -0.039100 0.988544 0.166802 0.985885 0.014397
-1.450237 -22.403549 80.475074 144.925131 0.916548 -0.209298 -0.340785 0.121024 -0.667012 0.735151 0.381174 0.715044 0.586019
-2.386215 -21.338252 48.221062 142.941409 0.934822 -0.153269 -0.320339 0.139639 -0.670747 0.728422 0.326511 0.725677 0.605627
-1.333800 -21.039226 76.378260 189.911380 0.914367 -0.185179 -0.360058 0.079554 -0.789778 0.608212 0.396994 0.584772 0.707416
1.303783 -7.036880 104.155754 -55.421978 0.994074 -0.021966 0.106463 0.105122 0.443648 -0.890015 0.027682 -0.895932 -0.443328
1.642425 -6.466599 -3.806418 -9.059934 0.995987 -0.043161 0.078402 0.089281 0.418209 -0.903952 -0.006227 -0.907325 -0.420384
0.970491 -6.611947 56.661392 -5.228701 0.993752 -0.026605 0.108394 0.110038 0.396014 -0.911627 0.018671 -0.917859 -0.396468
-0.383011 -7.272285 185.446225 -57.165472 0.998574 0.025517 0.046891 0.032312 0.410303 -0.911377 0.042495 -0.911592 -0.408893
0.972086 -6.434636 0.742136 -39.968010 0.992519 -0.036056 0.116646 0.121896 0.346708 -0.930019 0.006909 -0.937280 -0.348509
-0.424119 -7.027563 91.329440 -53.886944 0.999352 0.033920 -0.012070 -0.023578 0.363249 -0.931394 0.027208 -0.931074 -0.363813
-1.204358 -11.664824 -58.732276 379.639999 0.961439 -0.216132 -0.170067 0.268682 0.606172 0.748575 0.058701 0.765403 -0.640868
-1.011657 -9.083112 -6.995301 185.575963 0.978740 -0.191933 -0.072316 0.166311 0.536313 0.827472 0.120035 0.821907 -0.556831
-1.266869 -10.337505 37.925217 545.254379 0.962227 -0.256630 -0.090883 0.220592 0.539286 0.812718 0.159556 0.802067 -0.575526
-1.510453 -8.485694 36.495684 300.781116 0.972260 -0.231875 -0.030739 0.162638 0.575721 0.801308 0.168106 0.784079 -0.597462
-2.024538 -13.602480 65.821627 752.324081 0.948502 -0.307672 -0.075371 0.253298 0.593789 0.763711 0.190218 0.743473 -0.641144
-1.179237 -10.331568 -24.705777 6.393705 0.969968 -0.218456 -0.106958 0.154112 0.211755 0.965096 0.188182 0.952595 -0.239062
-1.370523 -10.563811 -23.920906 -68.711603 0.954139 -0.220200 -0.202807 0.218491 0.049111 0.974602 0.204647 0.974218 -0.094970
-1.540095 -11.079697 15.648470 -29.288028 0.951592 -0.258572 -0.166174 0.211582 0.158909 0.964355 0.222949 0.952832 -0.205926
-1.177203 -10.886841 4.022347 -19.978211 0.961028 -0.251827 -0.114059 0.193210 0.316736 0.928627 0.197727 0.914474 -0.353047
-0.712003 -10.557702 -25.907047 24.245272 0.975318 -0.214362 -0.052954 0.129317 0.360145 0.923890 0.178976 0.907934 -0.378976
1.348271 -17.928299 21.244036 -229.357413 0.890896 -0.408785 0.197986 0.453765 0.781816 -0.427623 -0.020018 -0.470807 -0.882009
2.607644 -19.258530 81.556028 -268.242600 0.958058 -0.264548 0.110176 0.285985 0.857991 -0.426689 -0.018349 -0.440302 -0.897662
-0.549737 -17.321502 105.258234 -1.454504 0.960135 -0.258166 0.107195 0.272819 0.781869 -0.560581 -0.060910 -0.567478 -0.821133
7.473977 -22.368371 -200.652186 -594.968602 0.886302 -0.421331 0.192220 0.460849 0.843362 -0.276331 0.045685 -0.333497 -0.941644
7.547433 -18.658258 -443.202679 -299.317080 0.721845 -0.620224 0.307021 0.689599 0.681965 -0.243674 0.058245 -0.387616 -0.919979
-1.361325 -29.142441 35.458851 -371.924386 0.779875 -0.486667 -0.393637 0.617474 0.495105 0.611226 0.102572 0.719741 -0.686624
-1.384217 -26.519321 54.855052 -448.267243 0.776164 -0.492745 -0.393411 0.630199 0.626491 0.458648 -0.020472 0.603913 -0.796787
-1.375460 -28.967325 -10.131075 -364.336367 0.776216 -0.474547 -0.415083 0.628361 0.528521 0.570814 0.051498 0.703897 -0.708433
-0.978723 -27.039769 63.951029 -493.465410 0.776837 -0.502852 -0.379030 0.629491 0.604570 0.488095 0.016290 0.617766 -0.786193
-1.266887 -30.913020 -10.538929 -207.177357 0.782225 -0.470683 -0.408143 0.593535 0.363958 0.717810 0.189314 0.803736 -0.564064
-1.348215 -31.191001 20.628429 -201.103951 0.781365 -0.483750 -0.394277 0.577169 0.319852 0.751379 0.237369 0.814666 -0.529127
-1.103513 -29.621336 32.198461 -438.311413 0.776437 -0.498123 -0.386030 0.614579 0.462987 0.638699 0.139424 0.733156 -0.665616
-1.548005 -30.983882 51.039449 -549.506968 0.705704 -0.416672 -0.573033 0.317755 0.909020 -0.269657 0.633257 0.008214 0.773898
-1.694473 -26.522857 41.013039 -397.480492 0.724458 -0.387940 -0.569792 0.366180 0.916912 -0.158698 0.584014 -0.093677 0.806320
-1.345919 -27.674126 41.267572 -47.497815 0.719414 -0.382542 -0.579746 0.420205 0.904303 -0.075261 0.553056 -0.189468 0.811314
-2.728065 -15.943519 106.201986 247.384579 -0.304399 0.876236 0.373565 0.720828 -0.044474 0.691685 -0.622694 -0.479825 0.618078
-3.896829 -18.970691 197.714467 264.862255 -0.333096 0.875454 0.350182 0.581322 -0.101732 0.807289 -0.742369 -0.472473 0.475034
-3.638116 -15.855877 134.858423 293.440757 -0.348497 0.864539 0.362109 0.725827 0.004473 0.687863 -0.593064 -0.502546 0.629065
-2.358197 -12.724450 28.518775 246.967523 0.321458 -0.858513 -0.399524 0.820553 0.041973 0.570027 -0.472606 -0.511071 0.717949
30.317877 -11.859280 -2384.410639 164.759927 0.969640 -0.169327 -0.176425 0.208899 0.198539 0.957572 0.127116 0.965355 -0.227883
168.005656 -339.987744 3952.527826 -44657.974603 0.878953 -0.017933 0.476571 -0.470654 0.128684 0.872883 0.076981 0.991523 -0.104667
59.431337 -217.933195 2906.830277 -24212.918942 0.850838 0.077467 0.519686 -0.524371 0.187888 0.830502 0.033307 0.979131 -0.200484
15.014345 -54.590769 -288.774549 943.369260 0.908864 -0.235735 -0.344086 -0.025216 -0.854510 0.518823 0.416329 0.462863 0.782577
13.753791 -51.334684 62.683658 322.492166 0.908412 -0.204831 -0.364462 0.068627 0.932990 -0.353298 0.412405 0.295928 0.861597
13.286444 -53.614326 -236.251182 601.855233 0.935637 -0.162348 -0.313411 -0.000245 -0.888241 0.459379 0.352964 0.429735 0.831110
-0.381517 -37.673912 267.122130 -1137.663245 -0.482791 0.005253 0.875720 -0.345846 0.917555 -0.196171 -0.804552 -0.397574 -0.441171
1.078702 -30.532593 257.739137 -1038.515915 -0.516664 0.023273 0.855872 -0.478636 0.820990 -0.311262 -0.709906 -0.570469 -0.413037
4.576768 -39.829342 416.340697 -1056.704274 -0.491143 -0.002793 0.871075 -0.306668 0.936529 -0.169907 -0.815312 -0.350579 -0.460826
-26.575558 -4931.609605 -1290.419226 973791.161419 0.997173 0.007172 -0.074797 0.056571 -0.726813 0.684502 0.049454 0.686798 0.725164
-26.317246 -1996.585879 1219.927667 103408.164663 0.983402 -0.062691 -0.170263 0.075060 -0.713776 0.696340 0.165184 0.697563 0.697224
-3.565958 -1130.013716 -645.000724 39738.995410 0.983638 0.077339 -0.162711 -0.034251 -0.806413 -0.590360 0.176870 -0.586273 0.790570
-71.539269 -2012.594992 -4534.627923 -414974.079355 0.985846 0.026903 -0.165484 -0.058955 -0.868376 -0.492390 0.156949 -0.495177 0.854498
-42.893546 -1608.744694 -4506.732127 294953.262636 0.983596 0.082867 -0.160225 -0.180367 0.439039 -0.880178 0.002593 -0.894639 -0.446783
-0.719062 -7.695504 12.042062 -73.688840 0.858530 0.218372 -0.463939 -0.457268 0.735454 -0.500013 -0.232017 -0.641421 -0.731264
-0.755129 -6.342195 12.496520 -76.680348 0.902823 0.149631 -0.403140 -0.390028 0.679726 -0.621168 -0.181079 -0.718041 -0.672033
-0.869103 -7.148181 25.351929 -71.623936 0.889022 0.169498 -0.425336 -0.414551 0.692370 -0.590568 -0.194389 -0.701351 -0.685798
2.847041 -2.888916 -284.998099 58.381860 0.148381 -0.938061 0.313088 0.985792 0.165502 0.028678 -0.078718 0.304384 0.949291
6.188646 -2.888941 -358.880490 59.315235 0.028684 -0.962286 0.270523 0.995982 0.050482 0.073964 -0.084831 0.267315 0.959868
2.608553 -3.202026 -273.094921 60.351429 0.152807 -0.939263 0.307302 0.982754 0.177190 0.052899 -0.104137 0.293919 0.950141
-4.469033 -10.691002 -41.291767 -129.720614 0.999820 -0.002820 0.018761 -0.004612 -0.995359 0.096125 -0.018403 0.096194 0.995192
-4.198187 -10.824170 -68.623444 -84.765190 0.996362 0.077605 0.035222 -0.078434 0.996659 0.022785 -0.033336 -0.025464 0.999120
-4.504448 -11.399284 -47.979443 49.414218 0.999178 0.037007 -0.016518 0.036520 -0.998915 -0.028882 0.017569 -0.028255 0.999446
-4.432877 -9.152115 -26.186543 -308.529484 0.998562 -0.053384 0.004930 -0.053172 -0.974454 0.218201 0.006844 0.218150 0.975891
-4.112497 -8.703189 -38.614796 -214.120092 0.996672 -0.059321 0.055910 -0.069294 -0.977785 0.197827 -0.042933 0.201043 0.978641
-4.706064 -11.002023 -14.618621 -186.740906 0.999166 -0.018015 -0.036641 -0.013914 -0.993917 0.109250 0.038387 0.108649 0.993339
3.373942 1.414802 -619.299066 -130.418835 -0.422655 -0.778162 0.464571 0.847797 -0.520653 -0.100797 0.320317 0.351260 0.879780
1.651773 -4.579304 46.572207 421.360359 0.936450 0.018351 -0.350322 -0.111899 0.962090 -0.248721 0.332477 0.272115 0.903002
3.026148 0.801225 267.967874 -358.422096 0.696214 0.567767 -0.439235 0.653576 -0.754417 0.060778 0.296858 0.329388 0.896314
1.309257 -4.435035 32.414015 503.345869 0.934573 -0.019074 -0.355259 -0.085665 0.957118 -0.276744 0.345303 0.289071 0.892863
8.438578 2.204134 -804.535733 -22.875990 -0.120264 -0.923234 0.364934 0.952691 -0.210692 -0.219065 0.279136 0.321323 0.904895
10.292460 2.138296 -936.675484 0.185293 -0.056558 -0.929142 0.365371 0.949546 -0.163132 -0.267862 0.308486 0.331787 0.891490
3.926751 1.488234 -922.321511 -7.269820 -0.134625 -0.894207 0.426931 0.931630 -0.260994 -0.252879 0.337553 0.363698 0.868206
-2.310308 -9.060277 -5.969995 -39.271282 0.994872 0.083111 0.057644 0.095550 -0.959194 -0.266116 -0.033174 -0.270259 0.962216
-2.182468 -9.288118 -14.055178 12.856905 0.996725 0.072993 0.034814 0.080836 -0.911874 -0.402432 -0.002372 -0.403928 0.914788
-2.522202 -9.190019 -29.740698 -25.662191 0.997803 0.062378 0.022342 0.066216 -0.950795 -0.302661 -0.002363 -0.303475 0.952837
71.805983 -34.738060 -5911.602526 490.291538 0.821163 -0.149066 -0.550881 0.546328 -0.073711 0.834322 0.164975 0.986076 -0.020910
-3.535925 -22.311653 94.951801 2376.303957 -0.146055 0.070672 0.986749 0.973027 -0.169779 0.156184 0.178568 0.982945 -0.043969
-2.622595 -54.574304 111.692846 6617.599121 -0.105835 0.048696 0.993191 0.992877 -0.049781 0.108242 0.054713 0.997572 -0.043081
2.898457 -48.614015 52.528470 -132.082858 0.957277 0.063712 -0.282067 -0.167542 0.917225 -0.361424 -0.235692 -0.393241 -0.888713
3.840512 -44.437635 101.631314 -891.373017 0.947368 0.083799 -0.308985 -0.270933 0.724025 -0.634336 -0.170556 -0.684664 -0.708622
2.322690 -42.616605 57.087264 -561.990695 0.956317 0.084564 -0.279833 -0.245673 0.751290 -0.612542 -0.158437 -0.654532 -0.739247
-10.679583 -530.077416 1434.144842 -41507.353324 0.298784 0.234478 0.925067 0.933160 0.131215 -0.334657 -0.199852 0.963225 -0.179600
-5.616482 -397.062106 493.589684 -30012.406235 0.180773 0.354817 0.917293 0.952366 0.169750 -0.253346 -0.245602 0.919397 -0.307229
-4.968624 -179.894534 -345.489829 -7923.031581 0.346657 0.352662 0.869171 0.735405 0.473006 -0.485226 -0.582244 0.807400 -0.095378
-1.627984 -12.197260 1.011339 55.088348 0.939653 -0.265961 -0.215212 0.132796 0.863248 -0.486999 -0.315304 -0.429030 -0.846473
-1.780703 -10.940539 6.269839 76.357742 0.929528 -0.287256 -0.231220 0.139918 0.854890 -0.499585 -0.341176 -0.432026 -0.834837
-1.227838 -10.430340 16.886807 27.370064 -0.888165 0.426774 0.170374 0.336505 0.856525 -0.391318 -0.312934 -0.290223 -0.904347
-1.381751 -22.363785 1663.907299 -317.689087 0.899931 -0.372352 0.226889 -0.075852 0.378726 0.922395 0.429385 0.847302 -0.312584
-4.255922 -21.281955 1156.526213 734.322516 0.931900 -0.319526 0.171656 -0.132503 0.140649 0.981153 0.337647 0.937081 -0.088732
4.092787 -21.828266 1571.290559 283.780642 0.908015 -0.412969 0.070458 0.033246 0.238685 0.970528 0.417616 0.878912 -0.230460
-3.212865 -35.396766 1304.155249 -5862.204309 0.611139 -0.255725 -0.749076 0.062558 0.959017 -0.276357 0.789047 0.122032 0.602090
27.238933 -7.257811 -2646.549201 -66.492062 0.681827 -0.722688 0.113292 -0.477118 -0.321948 0.817746 0.554501 0.611614 0.564320
13.057073 -13.048843 -788.910677 -294.528267 0.809245 -0.573394 -0.127834 -0.237817 -0.518717 0.821204 0.537183 0.634154 0.556132
-3.339213 -20.407636 851.019006 -3428.993201 0.581826 -0.209948 -0.785748 -0.127070 0.930778 -0.342791 0.803325 0.299289 0.514873
-6.348782 -295.283418 1162.801748 -64187.918688 0.368858 0.137367 -0.919279 0.054771 0.984088 0.169028 0.927871 -0.112697 0.355465
-2.250545 -81.021016 8843.906364 -14422.216687 0.344581 -0.476255 -0.808978 0.553539 0.799083 -0.234652 0.758194 -0.366944 0.538974
-9.548704 -13.997584 -82.869710 -162.528725 -0.339721 0.871634 0.353333 0.921598 0.383490 -0.059933 -0.187739 0.305271 -0.933576
-10.259031 -14.686279 59.912548 -92.885148 -0.391639 0.823764 0.409917 0.909411 0.414316 0.036257 -0.139967 0.386983 -0.911402
-9.560984 -13.963568 -341.541594 126.527768 -0.495635 0.813404 0.304499 0.868468 0.468357 0.162494 -0.010441 0.344985 -0.938550
-10.202962 -14.290288 -55.814217 237.856404 -0.480233 0.791397 0.378242 0.877138 0.432233 0.209292 0.002144 0.432279 -0.901737
-6.766831 -12.012339 523.788347 186.580452 0.786983 -0.595521 -0.161283 0.600874 0.680466 0.419424 0.140028 0.426991 -0.893348
1.617417 -335.533127 4292.088950 28174.326170 0.298845 -0.303364 -0.904799 0.922097 -0.152440 0.355669 -0.245824 -0.940602 0.234175
-24.882756 -68.508054 1258.100461 3610.015492 0.244173 -0.500056 -0.830857 0.855338 -0.292646 0.427498 -0.456920 -0.815047 0.356261
37.395822 -55.362027 -6115.953262 3818.790376 0.960586 -0.265743 -0.081578 -0.214212 -0.520600 -0.826492 -0.177165 -0.811391 0.557007
6.752567 -54.219928 -680.739121 2207.895775 0.660983 -0.557096 -0.502738 0.746840 0.553573 0.368492 0.073017 -0.619032 0.781964
-16.027525 -45.498898 -390.161857 -237.298466 0.715691 -0.543195 -0.439006 -0.698352 -0.565149 -0.439216 0.009524 -0.620924 0.783813
-33.125941 -58.237483 1182.591619 3508.758242 0.174311 -0.567630 -0.804619 0.978001 0.004716 0.208545 -0.114582 -0.823271 0.555965
1.796441 -12.317621 399.863134 -18.422812 0.615996 0.041648 -0.786648 -0.223637 0.966760 -0.123939 0.755338 0.252269 0.604834
4.717434 -12.067716 262.632110 -20.070349 0.663021 -0.022346 -0.748267 -0.152079 0.974690 -0.163861 0.732991 0.222439 0.642842
1.723400 -11.945340 209.955034 20.236040 0.641300 0.031138 -0.766658 -0.333547 0.911143 -0.242002 0.691000 0.410913 0.594702
-0.966972 -12.240750 286.791941 32.556699 0.612484 0.099713 -0.784169 -0.400137 0.894640 -0.198771 0.681728 0.435519 0.587851
-0.697630 -11.326648 230.540453 79.161480 0.616910 0.089314 -0.781950 -0.500665 0.811123 -0.302347 0.607253 0.578016 0.545106
1.497371 -11.108366 132.708053 69.851407 0.655654 0.030627 -0.754440 -0.445346 0.822560 -0.353641 0.609741 0.567853 0.552954
-0.444067 -11.035719 -26.650053 100.333761 0.943940 -0.078382 -0.320676 -0.326929 -0.356624 -0.875178 0.045762 -0.930954 0.362257
-0.601050 -11.837611 -5.298919 83.767698 0.955010 -0.048075 -0.292651 -0.285732 -0.413512 -0.864503 0.079454 -0.909229 0.408645
0.860867 -12.116238 -66.009985 72.404926 0.923431 -0.112614 -0.366869 -0.370442 -0.511265 -0.775488 0.100236 -0.852013 0.513835
1.929822 -11.183749 -115.521710 88.112012 0.907589 -0.129947 -0.399245 -0.414072 -0.434373 -0.799915 0.069475 -0.891310 0.448040
-1.346845 -28.062255 102.401501 -18.041157 -0.974948 0.148028 0.166024 0.158543 0.985987 0.051907 -0.156014 0.076928 -0.984755
-3.071153 -30.398050 -106.583486 -255.647261 0.985856 -0.088648 -0.142230 0.046505 0.960028 -0.276014 -0.161012 -0.265495 -0.950572
-1.095421 -27.341562 -41.017864 -135.214630 0.984192 -0.118351 -0.131755 0.088342 0.972838 -0.213965 -0.153500 -0.198943 -0.967915
0.736628 -22.860631 4.732317 -177.667535 0.957708 -0.247483 -0.146791 0.231688 0.965772 -0.116643 0.170634 0.077700 0.982266
0.732334 -25.000685 -0.905240 -184.418859 0.955402 -0.266657 -0.126892 0.255610 0.961915 -0.096861 0.147889 0.060106 0.987176
0.482134 -24.369806 2.770318 326.405416 0.950231 -0.280236 -0.136123 -0.237295 -0.934134 0.266617 0.201873 0.221046 0.954141
0.935118 -22.509366 1.723796 -17.657619 0.965966 -0.214964 -0.143875 0.222636 0.974108 0.039338 0.131694 -0.070031 0.988814
0.323315 -22.099789 10.172273 267.599262 0.954815 -0.253824 -0.154602 -0.208641 -0.942928 0.259532 0.211654 0.215548 0.953279
0.567447 -20.969581 14.022776 -141.822515 0.962313 -0.217676 -0.163003 0.204380 0.974317 -0.094525 0.179393 0.057648 0.982087
1.848818 -6.912009 384.879250 50.949413 -0.651181 -0.655398 0.382645 -0.335827 0.700989 0.629154 -0.680576 0.281191 -0.676571
6.412054 -6.702972 991.432876 160.385458 -0.620241 -0.631911 0.464746 -0.251819 0.721523 0.644975 -0.742892 0.283008 -0.606645
1.698532 -5.588903 -311.041653 58.512566 0.604255 0.732168 -0.314334 -0.366962 0.605891 0.705858 -0.707258 0.311170 -0.634790
-0.887629 -6.066493 12.711035 -101.486384 0.584077 0.791121 -0.181608 -0.502673 0.528213 0.684332 -0.637317 0.308413 -0.706192
-3.183133 -13.856961 134.599673 667.131108 0.920714 0.024084 -0.389494 -0.388982 0.136674 -0.911051 -0.031292 -0.990323 -0.135206
-1.938120 -15.325073 146.411547 647.961609 0.906402 0.071497 -0.416322 -0.421808 0.100323 -0.901118 0.022661 -0.992383 -0.121091
-3.184439 -18.277234 119.266980 829.819195 0.914730 0.022755 -0.403425 -0.403909 0.023631 -0.914494 0.011276 -0.999462 -0.030807
-4.471320 -16.802714 77.661572 773.627266 0.926951 -0.032342 -0.373787 -0.372306 0.043856 -0.927073 -0.046376 -0.998514 -0.028612
-4.206926 -11.940821 73.032110 567.750774 0.953557 -0.043123 -0.298110 -0.289198 0.145664 -0.946122 -0.084223 -0.988394 -0.126428
0.795221 -17.821073 92.727547 -78.471167 0.893025 -0.223325 -0.390681 0.064515 0.922736 -0.379995 0.445358 0.314141 0.838434
-0.200483 -17.299220 70.658989 -63.167865 0.896946 -0.213676 -0.387080 0.063135 0.928394 -0.366196 0.437610 0.304020 0.846209
0.759892 -16.619322 92.874407 -255.960444 0.892270 -0.209379 -0.400018 0.133207 0.968613 -0.209868 0.431404 0.133974 0.892155
1.523892 -20.252006 135.698320 -643.401945 0.991888 0.007318 -0.126900 -0.054091 -0.879135 -0.473493 0.115028 -0.476517 0.871608
1.528405 -25.101584 180.534394 -699.928314 0.995656 0.062107 -0.069363 0.005717 -0.784376 -0.620260 0.092929 -0.617169 0.781324
3.775682 -19.254682 251.322054 -827.320144 0.992633 0.111057 -0.048428 0.075665 -0.880423 -0.468114 0.094624 -0.461001 0.882340
-3.321462 -36.499607 14.001536 -1074.975715 -0.261394 -0.230854 0.937219 0.231823 0.927542 0.293127 -0.936980 0.293891 -0.188936
4.008823 -34.187727 745.649900 -824.645692 -0.204327 -0.310302 0.928420 0.222226 0.908963 0.352707 -0.953345 0.278386 -0.116769
-0.638774 -37.424762 253.935208 -432.077740 -0.258499 -0.270701 0.927308 0.444856 0.818732 0.363015 -0.857485 0.506358 -0.091218
-0.059107 -29.455441 290.673513 -1165.674162 -0.219226 -0.267067 0.938411 -0.009548 0.962349 0.271649 -0.975627 0.050593 -0.213522
-4.853989 -40.058917 -95.502416 -346.309274 -0.295943 -0.207531 0.932389 0.551499 0.759863 0.344177 -0.779915 0.616068 -0.110423
-4.481065 -35.003210 -3.501355 -1013.262918 -0.267729 -0.193506 0.943863 0.230390 0.938348 0.257726 -0.935544 0.286457 -0.206641
-3.159429 -29.156439 42.207494 -1095.352659 -0.255543 -0.206144 0.944564 -0.003287 0.977183 0.212374 -0.966792 0.051166 -0.250390
4.387868 -24.074774 -103.328042 323.520532 0.816329 0.292944 -0.497785 0.577576 -0.408705 0.706659 -0.003564 0.864375 0.502835
2.134176 -22.061136 -27.154347 25.898130 0.795113 0.284654 -0.535507 0.599144 -0.505456 0.620919 0.093928 0.814547 0.572443
1.287125 -25.100106 -519.565561 446.301245 0.742261 0.378589 -0.552919 0.670054 -0.408531 0.619783 -0.008759 0.830526 0.556911
3.914369 -31.524675 -577.361444 1282.836615 0.814979 0.343547 -0.466675 0.569865 -0.328957 0.753021 -0.105182 0.879638 0.463868
-2.866495 -24.903577 874.083776 724.520713 -0.682843 -0.426662 0.593030 0.730445 -0.413397 0.543647 0.013203 0.804402 0.593939
1.375354 -30.830601 -942.416486 1016.266542 0.708490 0.413490 -0.571899 0.697843 -0.289729 0.655036 -0.105155 0.863182 0.493821
-2.283730 -18.555065 75.805114 -165.261310 0.998275 -0.023495 -0.053801 0.051996 0.779341 0.624439 -0.027258 0.626159 -0.779218
-3.519807 -18.308944 38.695526 -181.601130 0.997404 0.070543 -0.014425 -0.043561 0.750701 0.659204 -0.057331 0.656865 -0.751825
-3.658721 -19.508121 99.153911 -48.858424 0.997374 -0.039577 -0.060646 0.072032 0.628497 0.774470 -0.007465 0.776805 -0.629697
-5.395988 -16.481679 520.593004 165.527973 -0.142372 -0.300214 0.943187 0.986864 -0.116556 0.111865 0.076350 0.946724 0.312865
-7.298755 -16.248508 369.089971 10.442313 -0.102101 -0.229406 0.967961 0.994593 -0.042114 0.094929 0.018988 0.972419 0.232466
-6.497683 -17.891551 454.358179 -27.871040 -0.164255 -0.283447 0.944817 0.981255 0.050917 0.185865 -0.100790 0.957635 0.269770
-3.381234 -17.455565 307.892560 -28.144866 -0.174762 -0.299416 0.937981 0.980382 0.035285 0.193925 -0.091161 0.953470 0.287375
-6.591728 -18.730653 305.867012 67.436498 -0.143381 -0.264677 0.953619 0.970980 0.148749 0.187276 -0.191417 0.952796 0.235668
-5.576696 -19.518930 225.357240 129.508258 -0.323943 -0.338046 0.883621 0.907756 0.152066 0.390966 -0.266533 0.928763 0.257603
18.186295 -485.279037 -2117.649192 51636.713954 -0.182493 -0.301735 0.935763 0.210153 0.917780 0.336921 -0.960485 0.258139 -0.104078
11.186335 -277.619521 -1051.228087 -1629.783410 0.031600 -0.046244 0.998430 0.773143 0.634213 0.004905 -0.633444 0.771775 0.055795
3.483338 -223.561336 557.234573 986.566881 -0.098987 -0.147741 0.984060 0.284195 0.943531 0.170243 -0.953643 0.296517 -0.051410
-23.274143 -271.746196 -1050.687392 24859.453992 -0.178241 -0.120670 0.976560 0.741596 0.635825 0.213922 -0.646735 0.762342 -0.023842
15.491139 -434.021817 2715.711158 33317.213943 -0.065878 -0.239921 0.968555 -0.341754 0.917381 0.204000 -0.937478 -0.317568 -0.142429
11.124013 -269.212277 -141.077405 -8657.936771 -0.161786 -0.223015 0.961296 -0.447038 0.885006 0.130080 -0.879763 -0.408691 -0.242878
11.573022 -215.061696 228.492046 1965.048641 -0.208602 -0.286687 0.935038 -0.258321 0.938269 0.230048 -0.943269 -0.193551 -0.269782
-205.652710 -1937.123818 -11500.834354 273187.904455 -0.215213 -0.168223 0.961969 0.362400 0.900956 0.238630 -0.906835 0.399974 -0.132933
-1.637412 -27.520150 -39.920381 703.682898 0.943760 -0.111023 -0.311435 0.099484 0.993640 -0.052750 0.315311 0.018801 0.948802
-1.188956 -23.847557 -116.342710 420.295614 0.950193 -0.081571 -0.300798 0.025115 0.982043 -0.186976 0.310649 0.170109 0.935179
-0.925320 -25.197986 -50.057385 427.641137 0.941572 -0.156096 -0.298456 0.113236 0.981250 -0.155967 0.317206 0.113058 0.941593
-1.166886 -25.968180 -183.809665 452.501555 0.950685 -0.063976 -0.303489 0.029925 0.992850 -0.115554 0.308712 0.100774 0.945802
-8.568715 -12.013891 -247.157740 279.091197 -0.063428 0.972864 0.222515 -0.942346 -0.131791 0.307594 -0.328573 0.190176 -0.925134
-9.155936 -13.484588 -228.324069 -198.876011 -0.225519 0.932638 0.281650 0.948787 0.275898 -0.153894 -0.221234 0.232520 -0.947095
-8.083228 -12.613979 -241.969771 195.746593 -0.136846 0.965942 0.219610 -0.956914 -0.186220 0.222794 -0.256102 0.179660 -0.949807
0.869916 -9.957183 16.996602 51.968927 0.922497 -0.153433 -0.354201 0.033675 0.946097 -0.322127 0.384533 0.285233 0.877939
0.662256 -9.572300 14.245855 69.386680 0.917967 -0.190504 -0.347915 0.068234 0.939884 -0.334607 0.390744 0.283419 0.875781
0.585785 -10.322283 12.059842 35.152668 0.921136 -0.146136 -0.360768 0.070810 0.974294 -0.213861 0.382747 0.171449 0.907805
-7.300775 -260.307929 -6719.861159 -19373.915062 -0.083051 0.016422 -0.996410 -0.684086 0.726132 0.068986 0.724658 0.687359 -0.049072
45.596722 -203.772250 8378.181343 -5222.220923 0.005757 -0.013888 0.999887 0.720547 -0.693269 -0.013778 0.693382 0.720545 0.006016
-5.486119 -138.736340 -3301.998990 -273.192626 -0.143069 -0.059899 -0.987899 -0.297921 0.954477 -0.014727 0.943808 0.292209 -0.154401
-2.422587 -290.519921 219.832982 -21714.028649 0.007254 -0.432869 0.901427 0.995706 -0.080064 -0.046460 0.092283 0.897894 0.430430
-5.277098 -53.381141 -193.913696 -4308.933676 0.097395 -0.373549 0.922483 0.995228 0.030955 -0.092541 0.006013 0.927094 0.374781
-7.591548 -22.562227 -283.032838 -1882.867305 0.148994 -0.422995 0.893799 0.988815 0.057518 -0.137613 0.006800 0.904305 0.426833
-14.394562 -25.347245 -839.287242 -1877.365582 0.057590 -0.479287 0.875767 0.998334 0.030868 -0.048756 -0.003665 0.877115 0.480266
-17.621472 -226.830906 -492.352406 -15372.228725 0.005691 -0.478423 0.878111 0.994486 -0.089246 -0.055069 0.104715 0.873583 0.475277
-13.033234 -16.943948 215.285008 -485.991273 -0.795764 0.475826 0.374632 0.397011 0.877014 -0.270609 -0.457321 -0.066608 -0.886804
-8.467214 -15.027985 20.468839 -198.155353 -0.863105 -0.074787 0.499457 -0.094477 0.995426 -0.014212 -0.496109 -0.059453 -0.866222
18.052979 -11.083082 -970.564618 -112.323832 -0.984717 0.149278 -0.089709 0.144713 0.987919 0.055436 0.096901 0.041607 -0.994424
-2.196570 -5.898254 -45.651552 23.535714 -0.614646 0.711767 0.339998 -0.428883 -0.663304 0.613260 -0.662020 -0.231119 -0.712961
-1.453515 -6.259631 -14.789596 -21.669555 -0.677259 0.605085 0.418560 0.384109 0.775996 -0.500291 -0.627519 -0.178054 -0.757969
-2.288368 -5.263359 -212.206639 8.273218 -0.704519 0.588311 0.396918 0.355591 0.776646 -0.519977 -0.614173 -0.225193 -0.756360
2.003481 -6.543973 407.660934 -89.575866 -0.642422 0.608276 0.466148 0.355862 0.775494 -0.521508 -0.678716 -0.169144 -0.714657
-1.975728 -5.251813 -180.613734 -68.098740 -0.646036 0.698465 0.307870 -0.426077 -0.664634 0.613775 -0.633322 -0.265344 -0.726977
-2.263299 -5.559370 -83.373483 -15.485616 -0.615087 0.719069 0.323430 -0.395844 -0.636388 0.662056 -0.681891 -0.279195 -0.676073
0.438572 -5.388641 356.816248 18.117608 -0.616637 0.658308 0.431728 0.315490 0.709082 -0.630610 -0.721266 -0.252651 -0.644936
1.914795 -5.910161 515.735116 -78.571844 -0.612145 0.646505 0.455313 0.330566 0.732298 -0.595371 -0.718334 -0.213943 -0.661985
6.663074 -13.098150 304.730246 -354.457782 -0.554918 0.794341 -0.247161 -0.400643 0.005199 0.916219 -0.729075 -0.607450 -0.315362
6.110496 -9.747248 227.405476 -145.594733 -0.595930 0.794525 -0.116611 -0.390165 -0.159549 0.906816 -0.701882 -0.585896 -0.405076
8.091444 -8.816098 160.482518 3.464035 -0.661608 0.749247 -0.030059 -0.366449 -0.288093 0.884713 -0.654209 -0.596349 -0.465166
-2.474330 -7.132180 -226.541740 -228.037600 0.960603 -0.177110 -0.214183 -0.010992 0.745835 -0.666040 -0.277708 -0.642154 -0.714505
-3.238980 -5.140254 -91.511790 -171.168977 0.957871 -0.281757 -0.055651 0.154852 0.669866 -0.726154 -0.241878 -0.686944 -0.685276
-1.762634 -17.045698 8.158274 -721.629527 0.965761 -0.243528 -0.089437 0.198836 0.473374 0.858127 0.166640 0.846529 -0.505589
-1.565206 -15.471510 -48.442750 -666.771271 0.979999 -0.189354 -0.061206 0.146987 0.481427 0.864073 0.134150 0.855788 -0.499631
-1.988167 -21.129727 1.544143 -655.242116 0.965127 -0.236764 -0.111680 0.184995 0.315007 0.930885 0.185220 0.919083 -0.347822
-0.162328 -20.969536 52.495403 170.592461 0.916589 -0.164916 -0.364236 0.032330 -0.877421 0.478630 0.398522 0.450483 0.798903
0.443161 -21.270879 22.214651 -74.864634 0.924079 -0.121594 -0.362343 -0.007936 0.941735 -0.336261 0.382119 0.313608 0.869273
0.617204 -23.079430 25.719827 110.889538 0.925077 -0.150125 -0.348849 0.048704 -0.864075 0.501002 0.376645 0.480455 0.792024
-4.573084 -176.464572 432.298471 18426.414542 -0.348331 0.008375 -0.937334 0.853049 -0.411665 -0.320687 -0.388554 -0.911297 0.136251
8.734284 -387.871693 -1898.053925 40085.730902 -0.399635 -0.070181 -0.913984 0.880042 -0.308422 -0.361112 -0.256549 -0.948657 0.185019
-8.328848 -278.289416 -437.728255 29886.073853 -0.333065 -0.033289 -0.942316 0.863374 -0.412483 -0.290591 -0.379016 -0.910357 0.166124
-1.617170 -11.514109 18.277419 -62.338347 0.938246 -0.257864 -0.230652 0.237089 -0.006292 0.971468 0.251958 0.966161 -0.055233
1.108971 -17.833321 134.966745 3.221331 0.986368 -0.159872 0.038976 0.154841 0.821557 -0.548697 -0.055700 -0.547252 -0.835112
3.559415 -20.327461 107.681931 -289.010346 0.986029 -0.162298 0.037511 0.163056 0.894353 -0.416588 -0.034063 -0.416884 -0.908321
6.506909 -26.345773 -3.719135 -873.172102 0.964981 -0.244102 0.096049 0.261574 0.923000 -0.282224 0.019762 -0.297465 -0.954528
-1.531355 -26.013181 -11.439604 -501.927766 0.767130 -0.483634 -0.421437 0.636935 0.652413 0.410697 -0.076324 0.583486 -0.808529
-1.459427 -23.178900 47.574575 -497.087433 0.766821 -0.500553 -0.401787 0.627319 0.716946 0.304072 -0.135855 0.485217 -0.863775
-0.972957 -24.290839 93.377481 -307.665957 0.777929 -0.505955 -0.372606 0.622406 0.701849 0.346436 -0.086232 0.501415 -0.860899
-0.006893 -28.998031 -47.307169 156.518594 -0.857581 0.302447 0.416030 0.020681 0.828469 -0.559653 -0.513934 -0.471344 -0.716734
0.076744 -31.908458 13.453478 455.291439 0.855601 -0.292746 -0.426903 -0.088728 0.729570 -0.678126 -0.509975 -0.618084 -0.598246
-0.572444 -28.544411 -18.831075 177.511405 -0.854927 0.283989 0.434108 -0.012431 0.825382 -0.564438 -0.518599 -0.487950 -0.702111
-0.988394 -26.499650 -13.462866 203.068434 -0.852303 0.302232 0.426891 0.104922 0.898360 -0.426545 -0.512417 -0.318755 -0.797386
-1.231158 -26.065737 -33.362230 314.120019 -0.853913 0.273170 0.442956 0.072072 0.905031 -0.419194 -0.515400 -0.326031 -0.792506
-0.937828 -28.662099 -42.217915 289.153210 -0.853778 0.263958 0.448764 -0.038586 0.827502 -0.560136 -0.519205 -0.495548 -0.696318
-2.498648 -18.999093 178.297047 242.593108 -0.303223 0.887727 0.346406 0.562401 -0.126743 0.817093 -0.769260 -0.442580 0.460827
-3.692806 -20.360904 166.600908 149.920644 -0.335219 0.879511 0.337770 0.378601 -0.202539 0.903128 -0.862722 -0.430626 0.265089
-5.672593 -20.635539 219.113742 157.697526 -0.375538 0.864054 0.335234 0.393331 -0.178934 0.901817 -0.839203 -0.470524 0.272663
0.861644 -39.748164 -49.780563 -1020.207755 0.757221 -0.321743 -0.568417 -0.512933 0.245854 -0.822469 -0.404371 -0.914351 -0.021133
0.977815 -45.201406 -44.329376 -971.553750 0.763401 -0.330092 -0.555209 -0.384283 0.458789 -0.801149 -0.519177 -0.824955 -0.223391
0.802218 -41.999616 31.690550 -1576.937632 0.764998 -0.309436 -0.564824 -0.494901 0.278771 -0.823018 -0.412129 -0.909140 -0.060119
1.323863 -45.307023 -95.792897 -896.815734 0.767510 -0.334818 -0.546649 -0.404431 0.408711 -0.818163 -0.497357 -0.849030 -0.178279
0.929421 -35.306884 34.596215 -1228.321525 0.764056 -0.301622 -0.570301 -0.576450 0.077767 -0.813423 -0.289697 -0.950251 0.114452
0.836181 -35.031029 -48.394735 -998.871834 0.757970 -0.317807 -0.569632 -0.587412 0.047118 -0.807916 -0.283601 -0.946984 0.150969
1.065025 -38.948019 -28.594323 -707.133911 0.770130 -0.308082 -0.558557 -0.539632 0.152261 -0.828018 -0.340144 -0.939096 0.048991
-3.982647 -31.544225 497.052830 -1440.112081 -0.478487 0.045240 0.876928 -0.538696 0.773535 -0.333840 -0.693438 -0.632136 -0.345756
-0.305647 -26.115799 -306.756456 1026.809231 0.558047 -0.087362 -0.825198 0.570968 -0.681186 0.458237 -0.602146 -0.726879 -0.330253
3.450837 -33.872115 -285.575089 -1243.244361 0.581741 -0.109844 -0.805923 -0.521330 0.710198 -0.473111 -0.624333 -0.695380 -0.355887
-6.654135 -399.151872 215.390326 76960.964506 0.989669 0.094128 -0.108146 -0.086470 -0.209801 -0.973913 0.114361 -0.973203 0.199495
6.863755 -178.536469 -7675.623268 61848.135377 0.869936 0.213735 0.444443 0.289015 0.509278 -0.810621 0.399603 -0.833639 -0.381266
-3.116729 -363.498434 384.210371 49725.111410 0.985031 0.170365 -0.026267 -0.056284 0.173846 -0.983163 0.162930 -0.969924 -0.180832
-9.409416 -295.791235 -1392.398817 45030.482254 0.993387 0.089336 -0.072113 -0.054635 -0.184590 -0.981296 0.100977 -0.978747 0.178488
-14.086010 -423.486453 1048.384475 4924.355734 0.975256 0.036711 -0.218010 -0.054209 -0.916303 -0.396800 0.214330 -0.398800 0.891640
1.215154 -8.272884 43.492485 43.873726 0.963802 -0.027330 -0.265214 -0.252916 0.221064 -0.941894 -0.084371 -0.974876 -0.206149
1.506549 -8.642986 46.416077 24.875181 0.954303 -0.015811 -0.298421 -0.295191 0.105711 -0.949572 -0.046560 -0.994271 -0.096213
0.833819 -7.967751 -3.266760 48.774590 0.956826 -0.016619 -0.290187 -0.278816 0.229645 -0.932483 -0.082137 -0.973132 -0.215097
0.604325 -7.408970 15.356289 65.071510 0.967694 -0.026732 -0.250707 -0.227939 0.332241 -0.915237 -0.107761 -0.942815 -0.315415
0.967172 -7.732129 41.184994 64.318383 0.972562 -0.041685 -0.228881 -0.203292 0.326092 -0.923221 -0.113120 -0.944419 -0.308670
-2.172460 -9.263411 4.692021 -6.402803 0.993081 0.092991 0.071709 0.112751 -0.925730 -0.360986 -0.032814 -0.366574 0.929810
-1.909390 -9.015957 12.499487 41.512150 0.995034 0.087498 0.047442 0.099508 -0.864018 -0.493530 0.002191 -0.495800 0.868434
-1.966464 -8.792291 -20.184899 -42.301951 0.994372 0.065738 0.083089 0.083518 -0.968900 -0.232934 -0.065193 -0.238562 0.968937
-2.064330 -9.085313 -11.852963 -20.585387 0.993432 0.063851 0.094954 0.091279 -0.942631 -0.321114 -0.069003 -0.327673 0.942268
-2.177601 -9.121611 31.175609 15.875759 0.991297 0.101259 0.084119 0.128415 -0.884424 -0.448670 -0.028965 -0.455567 0.889730
0.967587 -72.553962 407.490787 8875.874360 -0.115171 0.025605 0.993016 0.988879 0.097649 0.112173 -0.094095 0.994891 -0.036567
8.239777 -86.974198 1698.744888 13931.845123 -0.168113 -0.019406 0.985577 0.963200 0.209478 0.168421 -0.209725 0.977621 -0.016524
16.106350 -70.113821 2714.789233 7064.402532 -0.320779 -0.026865 0.946773 0.932724 0.164864 0.320697 -0.164704 0.985950 -0.027827
4.389629 -51.093858 82.233997 -365.110405 0.945271 0.056547 -0.321350 -0.186643 0.901536 -0.390381 -0.267634 -0.428994 -0.862749
4.851164 -47.625313 96.895176 -1493.159400 0.932655 0.053952 -0.356712 -0.295917 0.679992 -0.670853 -0.206367 -0.731232 -0.650163
3.261602 -49.616230 -44.621444 410.403422 -0.957376 -0.039055 0.286191 -0.068715 0.993166 -0.094338 -0.280551 -0.109983 -0.953517
4.933899 -53.239678 -98.244527 571.420321 -0.942801 -0.038965 0.331070 -0.080866 0.990214 -0.113743 -0.323398 -0.134009 -0.936726
5.683117 -57.929441 126.645082 -1580.440838 0.927501 0.023978 -0.373050 -0.200981 0.873424 -0.443550 -0.315195 -0.486370 -0.814921
1.805998 -177.790736 36.676924 -13843.053480 0.118629 0.350260 0.929110 0.552262 0.754358 -0.354895 -0.825187 0.555213 -0.103946
-5.656691 -324.839603 529.562602 -15801.275416 0.141582 0.211315 0.967109 0.466461 0.847451 -0.253458 -0.873137 0.487004 0.021414
2.131060 -123.247632 154.575717 -10805.286873 0.040173 0.254169 0.966325 -0.003492 0.967136 -0.254237 -0.999187 0.006839 0.039740
1.563980 -393.680879 599.763512 -24003.704815 0.269267 0.247221 0.930794 0.898618 0.283119 -0.335156 -0.346383 0.926674 -0.145923
0.559187 -98.450937 -305.811508 -7799.290598 -0.046372 0.287466 0.956668 0.107771 0.953548 -0.281304 -0.993094 0.090056 -0.075199
