13418
26819
-4.513383 -6.332200 19.817825 114.031958 0.577657 -0.377432 0.723780 -0.366153 0.672662 0.643006 -0.729551 -0.636451 0.250370
-5.444765 -6.969750 51.628959 68.110614 -0.624033 0.624094 -0.470201 -0.239091 0.420380 0.875280 -0.743921 -0.658625 0.113116
-5.179573 -8.756081 -41.592098 -160.642708 -0.417110 0.208370 -0.884648 0.598340 -0.669711 -0.439860 -0.684112 -0.712790 0.154667
-3.774009 -5.571951 27.353187 54.686971 -0.642927 0.756064 -0.122522 0.112594 0.251523 0.961280 -0.757607 -0.604237 0.246840
-3.143032 -7.948202 106.953019 -167.634160 0.558189 -0.153451 0.815400 0.512039 -0.709581 -0.484057 -0.652871 -0.687712 0.317507
-3.602566 -5.240484 51.742563 106.286060 0.608899 -0.296697 0.735672 -0.336148 0.743520 0.578085 -0.718503 -0.599290 0.352994
-4.932435 -7.697000 35.828477 31.723718 -0.282526 0.955189 0.088280 -0.465312 -0.216942 0.858150 -0.838847 -0.201371 -0.505753
-4.468278 -7.145610 37.176172 18.750077 -0.300874 0.931876 0.202688 -0.278373 -0.289098 0.915932 -0.912131 -0.219157 -0.346391
-4.036213 -7.334562 29.528325 30.222118 -0.227835 0.945054 0.234444 -0.410246 -0.311532 0.857115 -0.883057 -0.099101 -0.458683
-4.410100 -7.749657 34.260161 24.468732 -0.204667 0.969923 0.131762 -0.590907 -0.229745 0.773334 -0.780346 -0.080417 -0.620156
-5.310071 -8.020900 27.956998 17.558528 -0.266541 0.963639 -0.018865 -0.641453 -0.162748 0.749701 -0.719371 -0.211927 -0.661508
-5.279241 -8.121637 -30.863220 7.184359 -0.464388 0.809830 -0.358495 -0.574609 0.032512 0.817782 -0.673920 -0.585763 -0.450237
-5.552931 -8.199261 -15.687458 -5.111383 -0.394015 0.864666 -0.311615 -0.667118 -0.035835 0.744090 -0.632223 -0.501067 -0.590953
-5.352060 -8.289175 -30.014566 15.403756 -0.476143 0.779795 -0.406457 0.711316 0.069777 -0.699400 -0.517028 -0.622134 -0.587905
0.001691 -1.945401 8.692843 11.360796 -0.146546 0.649417 -0.746178 -0.554752 0.570584 0.605544 -0.819008 -0.502685 -0.276649
0.071830 -2.009603 -0.410813 19.537758 -0.157194 0.645673 -0.747259 -0.575649 0.554920 0.600576 -0.802445 -0.524566 -0.284451
-0.063640 -2.274731 5.067868 20.421046 -0.118810 0.621701 -0.774191 -0.602623 0.574537 0.553853 -0.789132 -0.532348 -0.306391
0.175346 -1.821144 2.548455 9.689818 -0.148971 0.638534 -0.755038 -0.550051 0.581014 0.599889 -0.821737 -0.504675 -0.264672
0.063601 -5.455932 81.797867 -14.361730 0.616781 -0.582095 0.529856 0.681652 0.731605 0.010255 -0.393614 0.354852 0.848026
-0.241894 -5.145936 99.714749 -9.772116 0.638366 -0.562671 0.525252 0.603020 0.789675 0.113050 -0.478388 0.244570 0.843404
1.061572 -5.256850 95.840555 -16.809772 0.622414 -0.578821 0.526846 0.633315 0.767974 0.095541 -0.459905 0.274193 0.844574
1.541518 -5.392695 52.966598 -15.299087 0.597800 -0.565903 0.567792 0.672341 0.739660 0.029325 -0.436569 0.364219 0.822649
1.235466 -5.416620 62.912336 -4.289348 0.618686 -0.562951 0.548008 0.713407 0.694717 -0.091756 -0.329056 0.447721 0.831425
-0.082689 -5.568021 84.379237 -5.715455 0.622019 -0.581171 0.524722 0.723872 0.682292 -0.102404 -0.298499 0.443529 0.845092
1.010063 -1.833137 -26.066548 -7.411823 0.174293 -0.422313 0.889536 -0.592049 0.676897 0.437365 -0.786829 -0.602878 -0.132051
1.445420 -1.258737 -28.007425 -8.724183 0.138664 -0.357616 0.923517 -0.610533 0.703368 0.364038 -0.779757 -0.614316 -0.120804
1.443121 -1.333389 -22.752787 11.172509 0.060781 -0.271899 0.960404 -0.636560 0.730565 0.247115 -0.768828 -0.626376 -0.128675
1.302372 -1.576915 -24.920966 -16.317791 0.227204 -0.453420 0.861852 -0.561474 0.662104 0.496351 -0.795691 -0.596681 -0.104151
0.775260 -2.179684 -27.630862 -18.148538 0.292399 -0.573394 0.765325 -0.492361 0.595810 0.634501 -0.819807 -0.562343 -0.108103
0.516994 -2.341130 -18.360609 -1.213171 0.159571 -0.424546 0.891234 -0.610634 0.666917 0.427022 -0.775669 -0.612358 -0.152822
0.293329 -2.585329 -18.970789 -25.136127 0.285326 -0.576784 0.765447 -0.515478 0.580947 0.629907 -0.808005 -0.574300 -0.131560
0.077338 -5.471627 1.561346 -58.060149 0.639882 -0.654346 0.402967 0.694602 0.716804 0.060986 -0.328754 0.240878 0.913180
0.125214 -4.932884 2.920681 -28.419111 0.672285 -0.621265 0.402570 0.642219 0.759935 0.100272 -0.368223 0.191127 0.909881
0.239776 -5.217021 9.324215 -35.340018 0.664104 -0.630825 0.401279 0.645169 0.754753 0.118764 -0.377786 0.180021 0.908224
0.202038 -5.976555 5.260840 -64.372334 0.626272 -0.665635 0.405850 0.707169 0.704172 0.063671 -0.328170 0.247129 0.911719
0.458384 -10.968002 -28.749572 -7.986532 0.689491 -0.275334 0.669920 0.720523 0.166478 -0.673151 0.073814 0.946824 0.313169
0.239978 -11.446792 -24.129217 54.535304 0.702210 -0.285026 0.652428 -0.684530 -0.018326 0.728755 0.195757 0.958345 0.207978
0.943924 -12.083745 -37.482463 46.176948 0.701104 -0.272762 0.658828 -0.691260 -0.033279 0.721840 0.174965 0.961506 0.211881
-0.258664 -11.366037 -23.192586 -27.159924 0.689734 -0.283070 0.666437 0.718385 0.152496 -0.678725 0.090498 0.946898 0.308534
1.129310 -11.523932 -36.779159 -27.267212 0.679702 -0.278708 0.678474 0.733485 0.261177 -0.627524 -0.002306 0.924180 0.381951
0.293393 -11.126126 -19.329513 18.530166 0.670663 -0.296179 0.680065 0.739745 0.334621 -0.583786 -0.054659 0.894599 0.443515
0.443841 -23.400080 15.555187 334.502614 0.751173 -0.514509 0.413546 0.104899 0.711565 0.694745 -0.651718 -0.478493 0.588479
0.332630 -19.607314 1.521811 148.283812 0.754584 -0.505872 0.417967 0.037734 0.669344 0.741994 -0.655118 -0.544125 0.524165
0.545365 -21.920076 6.968986 -86.331640 0.743206 -0.504030 0.439997 0.162416 -0.502048 -0.849452 -0.649049 -0.702781 0.291263
0.460967 -19.751140 12.022939 216.591938 0.737136 -0.561531 0.375917 0.325155 0.782410 0.531139 -0.592372 -0.269290 0.759327
0.228478 -18.833797 20.448880 233.993472 0.754482 -0.542082 0.370006 0.361429 0.813740 0.455188 -0.547838 -0.209700 0.809876
0.942400 -27.120724 4.734068 -175.178728 0.727009 -0.526847 0.440330 0.193067 -0.458568 -0.867433 -0.658926 -0.715645 0.231666
0.791352 -25.391081 14.168118 409.121206 0.740966 -0.543470 0.394473 0.103868 0.673093 0.732227 -0.663461 -0.501583 0.555189
6.851679 -4.722002 55.994026 43.660235 -0.465476 0.533429 -0.706247 0.639977 -0.348340 -0.684901 -0.611360 -0.770787 -0.179238
6.967935 -4.482544 98.898554 10.547922 -0.342816 0.556088 -0.757129 -0.565411 0.521491 0.639028 -0.750191 -0.647158 -0.135643
7.818058 -5.585249 -73.853078 -8.677419 -0.513395 0.385615 -0.766633 0.578526 -0.504299 -0.641085 -0.633825 -0.772647 0.035816
0.620914 -17.321533 -18.549863 0.675327 -0.405202 0.665805 -0.626510 0.588947 -0.334045 -0.735904 0.699251 0.667172 0.256768
0.829595 -17.873842 -16.433872 -27.573237 -0.388964 0.663687 -0.638926 0.347787 -0.536434 -0.768949 0.853083 0.521304 0.022168
0.497942 -17.387880 -8.785435 -100.073811 -0.385284 0.666639 -0.638082 0.487148 -0.440331 -0.754185 0.783737 0.601416 0.155100
-2.002775 -9.688662 -0.815190 -19.932831 0.693021 -0.493806 0.525241 -0.643279 -0.094675 0.759756 0.325444 0.864403 0.383267
-2.118642 -9.936614 -6.730722 9.875890 0.695516 -0.464475 0.548198 0.702673 0.280388 -0.653937 0.150029 0.840027 0.521389
-1.912504 -9.852431 -8.131207 10.390173 0.684937 -0.502206 0.527874 0.705290 0.275201 -0.653322 0.182831 0.819789 0.542696
2.878950 -12.035536 -20.036656 115.689270 -0.568524 0.330050 -0.753557 -0.080091 0.889436 0.449989 0.818759 0.316182 -0.479231
2.979546 -10.287388 -3.024196 95.478979 -0.601210 0.296848 -0.741908 -0.261129 0.804485 0.533494 0.755221 0.514475 -0.406148
2.892335 -11.670180 -0.155941 89.261154 -0.641364 0.283871 -0.712790 -0.091972 0.893890 0.438751 0.761704 0.346956 -0.547200
1.527045 -25.855843 -4.764747 131.364931 0.287609 -0.674450 0.679998 0.432855 0.724884 0.535891 -0.854352 0.140213 0.500422
2.411985 -30.419940 43.729886 -429.909597 -0.216373 0.708310 -0.671923 0.060211 0.696597 0.714931 -0.974452 -0.114235 0.193372
0.986516 -27.205528 58.630118 135.095405 -0.190836 0.724930 -0.661860 0.452473 0.663312 0.596058 -0.871120 0.185724 0.454595
0.972914 -25.551932 36.937909 514.416822 -0.259227 0.710685 -0.654009 0.785107 0.549443 0.285867 -0.562502 0.439362 0.700395
0.749793 -22.141517 16.642952 407.482787 -0.307211 0.661355 -0.684274 0.694192 0.647580 0.314225 -0.650936 0.378484 0.658051
2.309301 -0.969176 -19.019728 -5.824961 0.820129 -0.401743 0.407421 -0.415462 0.071479 0.906798 0.393422 0.912959 0.108287
1.752333 -0.473459 -34.934698 -10.382960 0.820032 -0.346867 0.455225 -0.446133 0.110801 0.888081 0.358485 0.931347 0.063888
2.067677 -0.584194 -5.051590 -28.010119 0.828101 -0.426746 0.363505 -0.359568 0.093127 0.928460 0.430069 0.899564 0.076325
-0.006523 -12.717840 2.500582 -72.188942 0.450729 -0.665430 0.595018 0.832678 0.073197 -0.548899 0.321700 0.742863 0.587081
-0.326820 -15.603814 8.064290 -152.106944 0.419395 -0.671101 0.611335 0.734846 -0.144430 -0.662677 0.533018 0.727161 0.432583
-0.186279 -12.732455 3.172409 -91.981382 0.452114 -0.669036 0.589901 0.779796 -0.024596 -0.625550 0.433025 0.742823 0.510592
0.130898 -11.493424 -0.416775 -18.445790 0.478247 -0.661403 0.577777 0.847889 0.176313 -0.499997 0.228830 0.729013 0.645118
0.017526 -12.155596 -1.000461 -70.197389 0.487618 -0.667202 0.563090 0.802396 0.088298 -0.590224 0.344079 0.739625 0.578416
0.333820 -11.173773 1.531285 32.310851 0.560865 -0.635385 0.530769 0.804776 0.568899 -0.169378 -0.194334 0.522148 0.830419
0.135256 -11.335105 13.947125 25.439775 0.602756 -0.611079 0.513096 0.734536 0.676115 -0.057664 -0.311674 0.411645 0.856392
0.600312 -11.732688 -0.441488 16.140531 0.584460 -0.612556 0.532148 0.706350 0.706849 0.037870 -0.399346 0.353749 0.845804
0.628329 -11.718534 5.889227 45.209353 0.556025 -0.641865 0.528059 0.791418 0.602973 -0.100407 -0.253957 0.473744 0.843251
0.049175 -10.650154 13.103599 28.236780 0.557395 -0.654249 0.511145 0.825948 0.499538 -0.261290 -0.084388 0.567821 0.818815
-0.184001 -9.782230 17.341026 3.117441 0.593649 -0.621018 0.511779 0.766446 0.630146 -0.124405 -0.245238 0.466104 0.850062
1.802706 -0.087550 -167.471821 5.751713 0.779120 -0.033400 -0.625984 0.467718 -0.633904 0.615959 0.417387 0.772690 0.478266
3.745855 -0.188699 -98.214787 7.470447 0.673540 -0.074461 -0.735391 0.530901 -0.643503 0.551406 0.514284 0.761814 0.393894
3.811957 0.105477 -98.738326 3.815059 0.680095 -0.057823 -0.730840 0.536810 -0.639666 0.550147 0.499305 0.766475 0.403994
2.747909 0.163172 -197.035512 5.157698 0.763223 0.014549 -0.645971 0.503375 -0.640185 0.580325 0.405098 0.768083 0.495928
3.577081 0.298477 -122.676026 8.028201 0.685772 -0.003774 -0.727807 0.555388 -0.643573 0.526648 0.470384 0.765376 0.439248
1.404634 -3.841059 -59.189258 -23.629852 -0.500452 0.174984 0.847896 0.549919 -0.692173 0.467424 0.668683 0.700198 0.250173
0.857619 -3.469554 -47.737590 -8.142370 -0.507377 0.178104 0.843118 0.590616 -0.640581 0.490743 0.627489 0.746951 0.219825
0.197068 -3.559116 -53.964832 -11.050529 -0.454437 0.126355 0.881772 0.620633 -0.665168 0.415171 0.638985 0.735925 0.223857
0.693551 -3.969882 66.345727 19.800072 0.444578 -0.127626 -0.886601 -0.561703 0.731284 -0.386929 0.697739 0.670027 0.253425
-1.574389 -10.404047 -11.628050 -17.868815 0.665254 -0.359113 0.654580 0.693995 0.620741 -0.364762 -0.275334 0.696935 0.662173
-1.587925 -9.802645 -8.615657 32.488170 0.657142 -0.375306 0.653689 -0.626928 -0.753611 0.197565 -0.418480 0.539644 0.730520
-1.761610 -9.859187 -6.352070 -25.257274 0.666452 -0.399238 0.629643 0.672448 0.686594 -0.276410 -0.321956 0.607616 0.726049
-1.728131 -10.238957 -12.266289 -16.945555 0.679181 -0.369558 0.634145 0.708675 0.555057 -0.435536 -0.191031 0.745210 0.638881
-4.961262 -95.210021 -53.094629 -1690.447352 0.616360 0.785147 -0.060378 -0.559870 0.383010 -0.734744 0.553756 -0.486671 -0.675652
-4.473541 -119.254569 -186.320294 -4277.081675 0.478709 0.858611 -0.183370 -0.513718 0.104553 -0.851565 0.711991 -0.501853 -0.491135
-3.111450 -104.289577 -53.036165 -3293.948984 0.694817 0.714514 0.081851 -0.026519 0.139187 -0.989911 0.718697 -0.685637 -0.115657
1.725329 -5.420639 -60.441930 5.409375 0.423275 -0.759667 0.493705 0.719216 -0.049647 -0.693010 0.550968 0.648415 0.525350
2.095053 -5.644645 41.331346 -14.782410 -0.412889 0.779828 -0.470522 0.651046 -0.108565 -0.751234 0.636915 0.616508 0.462879
2.510107 -5.508357 25.197900 -7.923796 -0.348627 0.815327 -0.462279 0.724773 -0.078214 -0.684534 0.594276 0.573694 0.563659
-0.333780 -20.085445 0.943826 86.259327 -0.634331 0.630535 -0.447269 -0.221208 0.406330 0.886545 -0.740737 -0.661302 0.118268
-0.850219 -19.435903 33.587017 74.668050 -0.611585 0.651744 -0.448545 -0.222136 0.402678 0.887978 -0.759354 -0.642713 0.101496
-0.480480 -17.530789 11.689759 211.587395 -0.616243 0.641308 -0.457131 0.066171 0.620553 0.781368 -0.784771 -0.451264 0.424847
-0.141676 -19.073299 -2.298037 239.314765 -0.630728 0.640027 -0.438804 -0.018767 0.552720 0.833156 -0.775777 -0.533729 0.336604
-1.075600 -10.674308 7.282488 276.783449 0.659470 -0.434058 0.613754 0.330201 0.900733 0.282219 -0.675327 0.016547 0.737332
-1.024594 -9.147504 4.236092 224.126175 0.656223 -0.486711 0.576614 0.332764 0.872509 0.357765 -0.677229 -0.042897 0.734520
-1.203951 -6.035471 -4.602944 100.992567 0.688643 -0.333162 0.644029 0.290260 0.940585 0.176205 -0.664469 0.065594 0.744431
-0.892723 -7.040769 -18.648851 -13.624607 -0.654391 0.500883 -0.566470 0.682740 0.069379 -0.727360 -0.325022 -0.862730 -0.387374
-1.010121 -6.996955 -6.746303 -13.118866 -0.637266 0.533576 -0.556047 0.710596 0.127617 -0.691930 -0.298236 -0.836069 -0.460483
-0.841698 -7.154832 -10.437132 -8.440581 -0.636656 0.508675 -0.579585 0.737096 0.180540 -0.651225 -0.226624 -0.841816 -0.489885
-0.957947 -6.758258 -8.747589 7.448848 -0.612638 0.535136 -0.581639 0.771186 0.243606 -0.588157 -0.173053 -0.808879 -0.561932
-0.848269 -6.935629 -7.341982 29.227877 -0.607532 0.524103 -0.596842 0.792709 0.352611 -0.497270 -0.050167 -0.775230 -0.629684
0.726896 -5.497539 7.938810 -19.665494 0.702158 -0.545795 0.457255 0.382692 0.830835 0.404054 -0.600434 -0.108722 0.792249
1.016933 -5.175121 1.638690 -26.198972 0.679363 -0.567429 0.465284 0.352620 0.808508 0.471140 -0.643525 -0.156007 0.749358
0.899407 -5.511594 4.223989 -16.076372 0.688811 -0.552894 0.468879 0.419688 0.831506 0.363951 -0.591102 -0.053911 0.804793
0.256915 -7.877200 0.705711 -53.852613 0.647564 -0.498645 0.576207 0.517083 0.842975 0.148385 -0.559719 0.201858 0.803721
0.051322 -7.129447 7.697919 -56.193426 0.680827 -0.445638 0.581275 0.386187 0.892743 0.232099 -0.622362 0.066461 0.779903
0.256531 -8.816621 2.385207 -62.722173 0.653520 -0.475185 0.589161 0.507250 0.852676 0.125060 -0.561790 0.217123 0.798279
0.472415 -9.175618 0.058387 -44.266568 0.619620 -0.526703 0.581941 0.635249 0.771985 0.022329 -0.461010 0.355842 0.812924
0.503254 -8.484146 -0.340358 -45.148244 0.612273 -0.554251 0.563851 0.636224 0.768776 0.064825 -0.469405 0.319045 0.823328
-0.575563 -14.051859 4.539312 147.304221 -0.612338 0.336929 -0.715207 0.767692 0.469574 -0.436061 0.188921 -0.816075 -0.546196
-0.665407 -14.075226 -0.092196 130.951141 -0.628264 0.343050 -0.698285 0.766200 0.428553 -0.478831 0.134989 -0.835858 -0.532089
-0.738325 -11.838800 -5.230198 87.926023 -0.601837 0.338796 -0.723194 0.722203 0.617436 -0.311761 0.340903 -0.709922 -0.616276
-0.675128 -11.898231 3.474780 102.384396 -0.590711 0.341080 -0.731249 0.724849 0.622452 -0.295208 0.354478 -0.704427 -0.614920
-0.723535 -10.048226 -3.409726 65.208408 -0.571982 0.358313 -0.737867 0.651702 0.744773 -0.143522 0.498118 -0.562961 -0.659510
-0.908173 -7.586112 -2.103473 154.688062 0.729313 -0.481643 0.485925 0.078900 0.764697 0.639541 -0.679616 -0.428086 0.595705
-0.708042 -7.598706 -28.387644 127.818053 0.689206 -0.501212 0.523242 0.042086 0.748618 0.661664 -0.723343 -0.434002 0.537046
-0.869506 -9.571434 -24.597460 124.270525 0.699825 -0.519332 0.490448 -0.050707 0.648750 0.759310 -0.712513 -0.556253 0.427678
-0.730725 -5.223853 0.980201 73.444365 0.735642 -0.433695 0.520326 0.104068 0.831399 0.545844 -0.669328 -0.347396 0.656746
-0.954923 -8.478012 17.344461 184.847466 0.755936 -0.469414 0.456301 0.030158 0.721251 0.692017 -0.653950 -0.509359 0.559377
-0.978274 -6.197496 20.696227 179.755674 0.775837 -0.442922 0.449329 0.118105 0.801530 0.586175 -0.619781 -0.401708 0.674168
0.297116 -4.776641 4.537851 16.826725 -0.422909 0.854359 -0.302026 -0.183191 -0.407023 -0.894859 0.887462 0.323115 -0.328644
-0.204193 -4.709162 2.160450 -16.719154 -0.449317 0.803773 -0.389954 -0.203644 -0.517154 -0.831313 0.869852 0.294112 -0.396049
-0.260679 -4.380698 -7.113923 -9.995727 -0.400480 0.872163 -0.280975 -0.242498 -0.396586 -0.885389 0.883635 0.286445 -0.370323
0.140980 -4.484116 -20.924525 29.158930 -0.358812 0.908715 -0.213287 -0.236444 -0.309537 -0.921022 0.902966 0.280043 -0.325926
-0.496731 -4.115962 -15.914101 -2.010463 -0.371309 0.901514 -0.222266 -0.290982 -0.340301 -0.894161 0.881736 0.267334 -0.388682
-0.226584 -7.603836 -0.256235 54.746440 0.665517 -0.408662 0.624566 -0.158778 0.740121 0.653461 -0.729299 -0.534056 0.427676
-0.297837 -6.620038 -7.317138 36.630538 0.663649 -0.430632 0.611659 -0.032465 0.800326 0.598685 -0.747339 -0.417174 0.517155
-0.224811 -7.013898 -11.329725 51.131594 0.649620 -0.423001 0.631715 -0.111732 0.768778 0.629679 -0.752004 -0.479635 0.452151
0.038074 -6.692375 -8.352401 42.800993 0.655601 -0.441300 0.612733 -0.091987 0.758733 0.644874 -0.749483 -0.479144 0.456832
-0.149462 -7.823769 -9.918899 47.029979 0.639106 -0.406922 0.652655 -0.248509 0.693804 0.675928 -0.727865 -0.594180 0.342291
-0.469050 -6.663233 -8.432180 -4.328014 0.582422 -0.592200 0.556852 0.631040 -0.102438 -0.768957 0.512419 0.799253 0.314039
-0.613195 -6.814465 -0.211712 -11.637276 0.577165 -0.608852 0.544224 0.611567 -0.119375 -0.782135 0.541171 0.784251 0.303454
-0.423282 -6.647710 -6.235617 1.785633 0.559003 -0.589256 0.583347 0.559376 -0.251319 -0.789897 0.612058 0.767865 0.189127
3.865146 -5.687966 -41.605250 -14.240405 -0.320903 0.901393 -0.290710 0.634229 -0.023443 -0.772790 0.703402 0.432367 0.564167
3.926498 -5.695394 -68.340660 -12.248083 -0.304218 0.915958 -0.261673 0.709841 0.034782 -0.703502 0.635277 0.399764 0.660766
4.587544 -5.583554 -4.710694 -17.076762 -0.363626 0.851156 -0.378563 0.685313 -0.030833 -0.727596 0.630970 0.524007 0.572097
-1.067591 -27.396881 7.762176 -574.758979 -0.436873 0.877124 -0.199489 -0.734044 -0.475811 -0.484544 0.519925 0.065250 -0.851716
-1.060731 -27.028049 12.305287 -384.757415 -0.443075 0.867799 -0.224965 -0.877640 -0.471064 -0.088581 0.182844 -0.158190 -0.970332
-0.676968 -24.587010 16.555922 -415.231661 -0.452471 0.870755 -0.192497 -0.816098 -0.491333 -0.304262 0.359518 -0.019427 -0.932936
-0.649524 -19.780682 0.730176 -390.901739 -0.458755 0.867253 -0.193431 -0.631350 -0.471323 -0.615834 0.625253 0.160394 -0.763762
2.953154 -14.271642 54.137448 267.873151 0.703506 -0.572925 0.420518 0.306232 -0.289580 -0.906844 -0.641327 -0.766746 0.028273
1.743125 -15.770299 71.583225 187.850643 0.731880 -0.512562 0.449035 0.250651 -0.410266 -0.876844 -0.633661 -0.754296 0.171791
2.556522 -14.214988 120.240110 101.808846 0.766268 -0.496544 0.407771 0.376611 -0.167089 -0.911178 -0.520575 -0.851777 -0.058968
-2.006790 -34.126450 -92.283080 -1170.090721 0.681605 -0.694252 0.231147 0.628281 0.717206 0.301462 -0.375071 -0.060253 0.925036
-1.180704 -73.823017 37.012979 -2484.720470 0.588639 -0.761094 0.272470 0.807453 0.569819 -0.152726 -0.039020 0.309907 0.949966
-1.629057 -34.940338 27.575063 -1151.302194 0.680728 -0.694142 0.234043 0.653497 0.719809 0.234128 -0.330985 -0.006431 0.943614
-1.648594 -101.598950 -30.883889 -3375.753369 0.611708 -0.758939 0.223217 0.788268 0.608550 -0.091111 -0.066691 0.231688 0.970501
-0.248966 -25.544075 -1.084998 -1184.741345 0.705345 -0.666345 0.241812 0.547049 0.728623 0.412124 -0.450806 -0.158407 0.878454
-91.705441 -868.511954 3512.842016 54584.358296 -0.069921 0.992680 -0.098473 0.160523 0.108625 0.981037 -0.984552 -0.052788 0.166944
-11.374841 -171.013600 840.248542 11111.202889 0.195552 0.979859 -0.040451 0.581787 -0.082705 0.809125 -0.789483 0.181760 0.586242
-34.267264 -188.771164 1158.689942 -894.843045 0.147902 0.978738 -0.142114 -0.580730 0.202259 0.788571 -0.800548 0.034102 -0.598298
-80.402741 -897.986782 3313.660283 35144.523599 0.091399 0.953708 -0.286509 0.980187 -0.136933 -0.143121 -0.175728 -0.267751 -0.947327
-0.501526 -13.642557 16.821838 -74.089554 0.720842 -0.451822 0.525588 0.240547 0.874268 0.421655 -0.650018 -0.177518 0.738894
-0.707335 -12.456665 16.718705 -108.646290 0.718391 -0.435838 0.542180 0.115714 0.843409 0.524663 -0.685948 -0.314176 0.656330
-0.337522 -11.385140 8.686721 -122.066488 0.723837 -0.432972 0.537210 0.035860 0.801154 0.597384 -0.689038 -0.413144 0.595431
1.364412 -25.667939 10.218190 -374.080178 0.035185 0.995637 0.086419 -0.505338 -0.056878 0.861045 -0.862204 0.073967 -0.501133
0.779380 -27.575589 -35.390228 -703.627208 0.037377 0.998785 0.032122 -0.658666 0.000449 0.752436 -0.751507 0.049282 -0.657882
1.288088 -35.831777 -1.836688 -754.637790 0.067582 0.993715 0.089232 -0.276901 -0.067242 0.958543 -0.958519 0.089489 -0.270617
1.450967 -31.525190 5.232072 -181.005515 0.058313 0.990958 0.120835 -0.076651 -0.116239 0.990259 -0.995351 0.067007 -0.069180
0.162407 -72.541330 34.184580 -2082.648076 0.177601 0.970412 0.163579 0.007651 -0.167578 0.985829 -0.984073 0.173832 0.037186
0.557367 -42.500704 -9.952667 -468.158109 0.109883 0.982149 0.152673 0.208067 -0.172929 0.962706 -0.971923 0.074019 0.223355
-5.089974 -7.827879 18.921099 47.706132 -0.619395 0.683907 -0.385514 -0.300998 0.246655 0.921174 -0.725087 -0.686609 -0.053078
-6.761725 -8.634512 42.415131 -99.565083 -0.398159 0.402911 -0.824095 0.602619 -0.562439 -0.566138 -0.691606 -0.722029 -0.018862
-4.169854 -6.557047 -8.606547 47.959105 -0.619660 0.771788 -0.142704 -0.017685 0.168043 0.985621 -0.784671 -0.613274 0.090481
-3.665298 -6.785372 19.915375 11.021703 -0.245911 0.917056 0.313906 -0.242710 -0.371791 0.896027 -0.938413 -0.144154 -0.314006
-0.177805 -4.922708 97.138415 -6.758577 0.648272 -0.543190 0.533561 0.519526 0.827847 0.211568 -0.556629 0.140045 0.818872
1.134432 -5.045591 95.945577 -0.961265 0.630271 -0.566970 0.530380 0.573975 0.800297 0.173432 -0.522792 0.195116 0.829830
1.538014 -0.983444 -3.824017 4.735286 0.083471 -0.235002 0.968404 -0.635861 0.735686 0.233337 -0.767276 -0.635247 -0.088020
1.598146 -1.046840 -11.980953 -15.298116 0.199592 -0.363534 0.909949 -0.597800 0.690622 0.407034 -0.776401 -0.625208 -0.079478
0.526569 -11.667730 -29.018674 29.417900 0.706791 -0.279963 0.649667 -0.630420 0.167400 0.757989 0.320963 0.945303 0.058178
-0.220175 -11.560931 -20.149637 47.218787 0.708321 -0.285700 0.645490 -0.657959 0.063997 0.750329 0.255678 0.956180 0.142649
11.027739 -1.613497 172.015994 -122.832734 0.819514 -0.070855 -0.568662 -0.555077 -0.344785 -0.756976 0.142431 -0.936004 0.321886
14.742124 0.577385 -11.255698 68.017558 0.473999 0.007124 -0.880497 0.832796 0.321129 0.450918 0.285966 -0.947009 0.146282
7.401630 -1.927026 -130.886036 92.832573 0.456312 -0.104265 -0.883690 0.860972 0.302563 0.408881 0.224740 -0.947409 0.227832
4.467022 -4.312288 199.276012 -85.637743 0.862662 0.035899 -0.504505 -0.492267 -0.169442 -0.853793 0.116135 -0.984886 0.128500
1.585961 -3.667120 -67.241189 82.669645 0.490664 -0.082477 -0.867437 0.865111 0.165018 0.473658 0.104077 -0.982836 0.152320
5.276445 -6.501338 146.471408 -43.296313 0.621460 -0.154255 0.768110 0.476515 -0.703800 -0.526877 -0.621869 -0.693449 0.363879
3.152372 -6.848934 47.240031 -15.666272 0.608127 -0.103121 0.787114 -0.462480 0.759860 0.456864 -0.645208 -0.641856 0.414400
3.722129 -7.290871 79.888290 -27.470527 0.610805 -0.152343 0.776987 0.539349 -0.638379 -0.549159 -0.579672 -0.754496 0.307759
-1.873576 -10.289835 1.009705 -19.927422 0.683941 -0.425053 0.592921 0.713480 0.559299 -0.422057 -0.152223 0.711699 0.685794
-1.966598 -10.283909 0.366017 3.327718 0.695081 -0.446212 0.563699 0.718045 0.391956 -0.575137 0.035687 0.804528 0.592841
-1.793516 -10.004992 -3.935094 1.585329 0.695522 -0.391229 0.602652 0.717782 0.415950 -0.558367 -0.032224 0.820930 0.570119
-1.801217 -9.798800 5.196614 20.890897 0.686907 -0.442845 0.576235 -0.671477 -0.690029 0.270144 -0.277987 0.572493 0.771346
0.527503 -0.971037 -34.497111 -10.095548 0.752518 -0.283666 0.594348 -0.584780 0.127271 0.801146 0.302901 0.950440 0.070109
0.193529 -0.623348 -21.565343 -1.464815 0.746891 -0.293965 0.596439 -0.581496 0.146303 0.800286 0.322517 0.944553 0.061667
1.078872 -0.759283 -41.819775 -4.867674 0.793287 -0.293966 0.533179 -0.525674 0.111137 0.843395 0.307186 0.949333 0.066367
-0.122762 -0.832898 -17.293603 -10.683267 0.680241 -0.276378 0.678887 -0.660089 0.171693 0.731302 0.318676 0.945588 0.065641
1.567362 -1.227066 -48.899887 -14.902275 0.779896 -0.304957 0.546593 -0.544053 0.101483 0.832891 0.309465 0.946944 0.086767
0.779023 -1.559585 -40.326623 -22.609104 0.757362 -0.281337 0.589281 -0.586929 0.102249 0.803156 0.286211 0.954146 0.087685
-0.101306 -1.346153 -26.757205 -21.673714 0.710186 -0.272565 0.649111 -0.637895 0.140975 0.757111 0.297870 0.951753 0.073749
-0.047319 -13.309585 -8.726112 -72.479553 0.450653 -0.648478 0.613504 0.849224 0.099565 -0.518562 0.275193 0.754694 0.595572
-3.934179 -120.237129 -123.265566 -4236.152517 0.142824 0.963059 -0.228295 -0.774962 -0.034664 -0.631056 0.615658 -0.267050 -0.741384
-4.314904 -51.965789 -124.781395 -1897.538222 0.377907 0.912662 -0.155676 -0.358592 -0.010736 -0.933433 0.853579 -0.408575 -0.323216
-4.581196 -99.106471 36.983276 -3228.067528 0.233149 0.967586 -0.097052 -0.506615 0.035669 -0.861434 0.830050 -0.250010 -0.498510
-2.764280 -158.658172 -56.698242 4255.909822 0.025565 0.980533 -0.194681 0.999367 -0.029890 -0.019308 -0.024751 -0.194064 -0.980677
1166.508503 -17560.857830 -15900.123988 760970.344039 -0.320967 0.936319 -0.142434 0.942224 0.330913 0.052070 0.095887 -0.117492 -0.988434
-0.437752 -9.312367 16.954769 -16.332270 0.544208 -0.657098 0.521594 0.831382 0.505721 -0.230327 -0.112433 0.558989 0.821517
1.682918 -0.352838 -140.397622 10.081516 0.754502 -0.039680 -0.655097 0.485940 -0.637132 0.598268 0.441123 0.769732 0.461435
2.874540 -0.381695 -53.713375 13.331476 0.647699 -0.098273 -0.755532 0.530719 -0.653295 0.539947 0.546648 0.750698 0.370983
1.486539 -3.568333 32.575775 -10.693874 0.555227 -0.187790 -0.810221 0.548771 -0.649300 0.526554 0.624958 0.736983 0.257456
0.772507 -3.155213 -18.803197 -3.768669 -0.564865 0.182778 0.804686 0.591512 -0.590246 0.549293 0.575361 0.786258 0.225294
-1.194256 -10.192751 -12.423040 15.036865 0.656934 -0.339850 0.673008 -0.651914 -0.704461 0.280612 -0.378742 0.623087 0.684337
0.129713 -22.079131 15.353712 -222.118480 0.674290 -0.629063 0.386799 0.733421 0.509339 -0.450187 0.086185 0.587243 0.804809
0.283776 -16.741101 5.548070 40.203234 0.704216 -0.600685 0.378492 -0.698277 -0.682396 0.216207 -0.128409 0.416549 0.899999
0.592252 -16.787491 16.182982 -66.891857 0.694862 -0.614977 0.372785 0.717941 0.623180 -0.310174 -0.041563 0.483166 0.874542
-3.085449 -52.716991 75.379036 -907.964407 0.433777 0.894761 0.106016 -0.426946 0.307731 -0.850305 0.793445 -0.323580 -0.515501
-3.495047 -59.591385 32.418134 -1093.602169 0.486246 0.867979 0.100884 -0.407578 0.327407 -0.852458 0.772946 -0.373386 -0.512969
-6.776804 -116.722905 26.725467 2581.273086 0.448991 0.886967 0.108153 -0.764391 0.443954 -0.467559 0.462724 -0.127259 -0.877321
-1.465473 -66.281925 89.365141 -897.608675 0.349856 0.933813 0.074796 -0.683347 0.309001 -0.661479 0.640810 -0.180311 -0.746224
-6.958754 -521.690645 494.773745 32438.713047 0.425220 0.901314 0.082594 -0.886208 0.433154 -0.164355 0.183911 0.003308 -0.982937
1.812375 -28.720867 8.253824 766.874745 0.692283 0.715478 -0.094000 0.353877 -0.450118 -0.819856 0.628900 -0.534308 0.564800
1.225933 -47.564895 -39.539275 1281.065545 0.648291 0.761390 -0.001999 0.645580 -0.551071 -0.528722 0.403666 -0.341475 0.848792
2.126283 -74.745744 -77.373696 2171.006494 0.541998 0.840364 -0.005130 0.749715 -0.486273 -0.448850 0.379693 -0.239430 0.893592
3.006589 -5.691411 12.701304 -27.746656 -0.313671 0.840507 -0.441768 0.664321 -0.138166 -0.734566 0.678445 0.523888 0.515028
10.065553 -5.850693 76.973581 -5.713468 -0.744846 -0.227515 -0.627249 0.202902 0.818317 -0.537762 0.635637 -0.527820 -0.563357
9.623465 -5.138948 -303.294889 11.074073 -0.429723 -0.467672 -0.772412 0.184709 0.791805 -0.582175 0.883867 -0.392845 -0.253874
7.255615 -5.145964 -184.768140 -20.558086 -0.476051 -0.370799 -0.797423 0.128553 0.867681 -0.480213 0.869971 -0.331117 -0.365393
10.447102 -6.037466 -102.188074 49.468469 -0.631329 -0.364528 -0.684503 0.248569 0.740960 -0.623853 0.734600 -0.564002 -0.377179
8.759204 -6.326385 53.551316 -54.093524 -0.720364 -0.184497 -0.668607 0.175257 0.884274 -0.432832 0.671089 -0.428975 -0.604665
-0.858624 -16.978825 31.964815 155.886312 -0.612135 0.635147 -0.471040 -0.036404 0.572418 0.819153 -0.789915 -0.518580 0.327275
-1.084713 -19.346423 -26.844164 77.585230 0.639517 -0.628023 0.443401 0.437013 -0.177535 -0.881760 -0.632485 -0.757673 -0.160918
-1.292237 -18.152430 26.535124 72.647518 -0.642948 0.618392 -0.451896 -0.210860 0.424296 0.880631 -0.736313 -0.661486 0.142406
0.295443 -9.528254 34.900016 0.605762 -0.651741 0.568652 0.501866 0.641034 0.766658 -0.036210 -0.405350 0.298113 -0.864187
-0.640215 -9.560201 22.728494 46.299135 -0.629254 0.608946 0.482932 0.726095 0.682212 0.085866 -0.277174 0.404687 -0.871437
-0.167604 -9.495519 43.153036 -31.536794 -0.615149 0.608331 0.501522 0.612937 0.769100 -0.181089 -0.495882 0.196005 -0.845980
-1.541681 -9.833227 43.759224 39.471749 -0.593992 0.641662 0.485225 0.736841 0.676018 0.008044 -0.322860 0.362312 -0.874352
-1.518787 -9.595688 53.620721 -49.090904 -0.590958 0.643728 0.486192 0.611531 0.750543 -0.250429 -0.526117 0.149329 -0.837199
-0.831928 -8.638352 57.888357 -102.217825 -0.613074 0.598765 0.515384 0.446996 0.800802 -0.398636 -0.651410 -0.014019 -0.758596
8.335802 -4.612989 104.864254 -109.063675 0.935624 -0.194081 -0.294857 -0.338402 -0.255429 -0.905671 -0.100458 -0.947148 0.304663
5.136771 -5.860792 111.168699 -12.004688 0.947931 -0.107540 -0.299771 -0.304216 -0.027243 -0.952213 -0.094234 -0.993827 0.058540
1.801618 -6.097826 172.221159 -7.349417 0.910284 0.035946 -0.412421 -0.413858 0.054397 -0.908715 0.010230 -0.997872 -0.064393
6.166656 -5.667571 -22.215719 -16.458772 0.918761 -0.358947 -0.164425 -0.210442 -0.092855 -0.973187 -0.334054 -0.928728 0.160849
3.524170 -6.409413 120.345540 31.518529 0.941299 -0.062657 -0.331708 -0.320698 0.140814 -0.936656 -0.105398 -0.988051 -0.112454
5.097917 -5.956066 25.561689 21.940700 0.936563 -0.241550 -0.253977 -0.240068 0.085877 -0.966950 -0.255378 -0.966581 -0.022441
0.163071 -5.963923 12.275630 0.720059 0.728179 -0.515364 0.451836 0.479132 0.854162 0.202090 -0.490091 0.069331 0.868910
-0.015170 -5.824818 12.639656 5.550680 0.742178 -0.491001 0.456168 0.391035 0.870023 0.300251 -0.544301 -0.044462 0.837711
0.397420 -5.732069 16.312005 -10.345574 0.730332 -0.519483 0.443568 0.396896 0.851206 0.343398 -0.555957 -0.074744 0.827844
-0.142734 -6.208380 4.069673 -27.554611 0.688901 -0.434990 0.579827 0.310424 0.899901 0.306292 -0.655021 -0.031012 0.754974
-0.121382 -6.318917 6.709111 -47.854629 0.704376 -0.395728 0.589282 0.242987 0.914446 0.323644 -0.666942 -0.084779 0.740271
-0.301905 -5.830697 9.445208 -7.183898 0.707288 -0.405815 0.578842 0.197085 0.899547 0.389837 -0.678897 -0.161645 0.716219
0.133195 -7.879420 3.923208 -72.704622 0.682589 -0.422511 0.596286 0.357070 0.904727 0.232313 -0.637631 0.054342 0.768423
-0.266190 -5.509035 7.581142 -16.128696 0.715882 -0.387132 0.581069 0.137274 0.894009 0.426502 -0.684594 -0.225560 0.693148
-0.210420 -5.426458 4.653173 -49.155510 0.723958 -0.339449 0.600550 0.121815 0.919783 0.373042 -0.679004 -0.196911 0.707234
0.050477 -6.701957 6.224850 -80.139968 0.710512 -0.359824 0.604731 0.221975 0.930107 0.292623 -0.667757 -0.073677 0.740724
-0.476307 -14.469665 8.685592 46.639760 -0.618457 0.341847 -0.707568 0.783353 0.196924 -0.589558 -0.062201 -0.918891 -0.389576
-0.580305 -14.257026 -8.148102 -5.713572 -0.632434 0.327479 -0.701986 0.764240 0.115972 -0.634419 -0.126349 -0.937714 -0.323617
-0.423996 -13.547757 4.786793 -127.072695 -0.626838 0.334937 -0.703485 0.701852 -0.149351 -0.696490 -0.338347 -0.930329 -0.141458
-0.551091 -14.375869 3.037531 73.946293 -0.615865 0.318911 -0.720421 0.787838 0.254707 -0.560746 0.004668 -0.912919 -0.408115
-0.477176 -14.193402 5.515182 -67.715979 -0.622974 0.325358 -0.711369 0.748100 -0.017935 -0.663344 -0.228582 -0.945421 -0.232227
-0.569327 -9.762207 -23.798361 103.400442 0.686039 -0.511894 0.517025 -0.122988 0.618806 0.775856 -0.717094 -0.595856 0.361569
-0.465823 -8.037514 -20.030447 105.707219 0.690070 -0.505768 0.517689 0.002536 0.716979 0.697090 -0.723738 -0.479728 0.496048
-0.581478 -5.760935 -8.141680 70.128776 0.710933 -0.465484 0.527162 0.098188 0.807954 0.581007 -0.696372 -0.361296 0.620106
-0.007897 -5.112632 -0.232180 -12.757201 -0.450518 0.764591 -0.460906 -0.151982 -0.574414 -0.804332 0.879736 0.292317 -0.374988
-0.367896 -4.810979 -1.557801 4.137040 -0.460694 0.740666 -0.489055 -0.264545 -0.640554 -0.720907 0.847218 0.202740 -0.491039
0.311172 -4.876962 7.081170 0.324998 -0.442519 0.814932 -0.374251 -0.147781 -0.477902 -0.865893 0.884499 0.327867 -0.331912
-0.216543 -7.236224 2.882605 38.994578 0.674057 -0.429701 0.600837 -0.077061 0.768049 0.635738 -0.734649 -0.474825 0.484595
-0.616285 -7.175365 1.917021 -13.822358 0.567935 -0.625012 0.535546 0.614405 -0.111029 -0.781140 0.547683 0.772679 0.320953
-0.660338 -6.989692 0.882584 -7.941329 0.595237 -0.616361 0.515551 0.652981 -0.002895 -0.757369 0.468305 0.787459 0.400749
-0.573050 -6.992974 -0.952793 -5.417196 0.554210 -0.605992 0.570635 -0.533479 0.267644 0.802351 0.638946 0.749093 0.174953
-0.636317 -7.166137 8.091122 -6.255628 0.586686 -0.633149 0.504898 0.666105 0.022724 -0.745511 0.460546 0.773696 0.435076
-0.523927 -7.583996 0.002323 -18.457850 0.569826 -0.634050 0.522761 0.669247 -0.011095 -0.742958 0.476872 0.773212 0.418014
-0.638444 -7.363279 -0.370278 -11.301152 0.549197 -0.620211 0.560108 -0.528794 0.261086 0.807595 0.647116 0.739711 0.184576
-0.591753 -7.716110 -2.692693 -5.817661 0.548758 -0.628660 0.551045 0.577829 -0.191117 -0.793466 0.604135 0.753831 0.258381
4.918309 -5.758625 -4.695359 -14.528487 -0.367285 0.860732 -0.352479 0.758246 0.057609 -0.649418 0.538669 0.505787 0.673806
-0.269495 -12.933785 -36.973354 351.441894 0.918721 0.132832 0.371896 -0.163830 0.985070 0.052881 -0.359320 -0.109510 0.926767
0.759062 -33.119502 72.134154 1078.708435 0.926756 -0.201636 0.316965 0.156392 0.974237 0.162490 -0.341563 -0.101018 0.934414
-0.223565 -13.647111 183.737052 610.559197 0.869179 -0.481949 0.110692 0.418635 0.836306 0.354031 -0.263197 -0.261377 0.928660
15.550680 -406.352742 736.838214 16393.536313 0.740573 0.573480 0.350248 -0.534104 0.818643 -0.211085 -0.407781 -0.030745 0.912562
4.038462 -5.795190 311.748316 16.677653 0.863136 0.477175 0.165229 -0.487092 0.873042 0.023201 -0.133180 -0.100507 0.985982
-3.444995 -15.973514 101.972998 -321.045403 0.938680 -0.256269 0.230665 0.203109 0.951595 0.230681 -0.278616 -0.169685 0.945294
-7.519531 -37.224825 -202.102022 1371.910274 0.837573 0.311298 0.448959 -0.314071 0.946775 -0.070545 -0.447024 -0.081918 0.890763
-126.843760 -179.932698 4501.222675 2201.572193 0.228075 0.954392 0.192660 0.921377 -0.275524 0.274136 -0.314715 -0.114989 0.942195
-39.401584 -321.912318 1445.063562 -8716.802834 0.456701 0.880247 -0.128802 0.850260 -0.474485 -0.227866 0.261693 0.005448 0.965136
-2.126527 -4.238894 -9.649128 29.214086 0.643317 -0.422845 0.638236 -0.502671 0.395501 0.768701 0.577464 0.815341 -0.041880
-1.910470 -4.094204 -9.033386 33.727761 0.632245 -0.339121 0.696608 -0.560840 0.419998 0.713484 0.534532 0.841783 -0.075349
-2.066771 -3.608202 -5.769169 37.527212 0.669790 -0.391491 0.630965 -0.540168 0.326165 0.775780 0.509510 0.860436 -0.006991
0.549637 -29.534272 -14.464816 -427.675108 0.621386 -0.469292 0.627411 0.614367 0.788805 -0.018456 -0.486243 0.396929 0.778470
0.618504 -22.239463 -18.402391 -439.939168 0.649503 -0.443575 0.617565 0.406446 0.888966 0.211047 -0.642609 0.113931 0.757676
0.473965 -32.907056 -1.820033 -923.715371 0.646755 -0.464593 0.604864 0.564320 0.825001 0.030276 -0.513080 0.321756 0.795753
0.649240 -19.597652 -8.073682 -442.060929 0.035409 0.998242 0.047538 -0.754855 -0.004458 0.655877 -0.654935 0.059108 -0.753370
0.242769 -15.351726 -10.238588 -386.481250 0.029667 0.998601 0.043777 -0.841535 0.001319 0.540201 -0.539388 0.052866 -0.840396
-6.039399 -8.601671 -75.522580 -21.440683 0.565493 -0.631111 0.530959 0.535920 -0.208163 -0.818204 -0.626904 -0.747240 -0.220510
-4.515662 -7.441052 -26.158676 41.711399 -0.579028 0.768841 -0.271314 -0.238840 0.158220 0.958082 -0.779540 -0.619557 -0.092016
-4.784108 -8.278875 13.938576 -23.651595 0.566653 -0.704392 0.427476 0.466039 -0.153850 -0.871285 -0.679493 -0.692937 -0.241095
-3.326146 -6.835479 13.950238 21.453475 -0.168910 0.930365 0.325409 -0.328617 -0.364420 0.871326 -0.929236 -0.040241 -0.367288
-3.350310 -7.131454 20.681141 25.941648 -0.156170 0.938512 0.307906 -0.465304 -0.344878 0.815200 -0.871265 0.015960 -0.490553
-3.751731 -7.458416 27.060743 21.810503 -0.163697 0.956078 0.243143 -0.565292 -0.292898 0.771139 -0.808485 0.011214 -0.588410
3.354268 -8.152066 56.787807 -26.109921 0.612715 -0.040205 0.789281 -0.249260 0.937900 0.241275 -0.749967 -0.344569 0.564643
2.430884 -7.582697 22.772186 -49.205739 0.626778 -0.081377 0.774937 -0.365895 0.847324 0.384920 -0.687946 -0.524805 0.501308
3.903375 -6.957220 79.511886 -32.749432 0.574641 -0.068083 0.815569 -0.375014 0.863850 0.336344 -0.727429 -0.499127 0.470872
4.631767 -8.456022 67.817236 -9.879865 0.562135 0.020104 0.826801 -0.131004 0.989248 0.065014 -0.816604 -0.144861 0.558725
3.356717 -8.982282 48.620614 -6.740498 0.634664 -0.025274 0.772375 -0.128531 0.982092 0.137751 -0.762025 -0.186699 0.620050
4.947503 -7.433582 60.487860 -20.693047 0.506158 -0.019682 0.862216 -0.250582 0.953254 0.168863 -0.825235 -0.301528 0.477565
-0.064076 -2.254849 -6.213506 12.288307 -0.116652 0.606110 -0.786780 -0.635659 0.563115 0.528051 -0.763105 -0.561722 -0.319591
0.114836 -1.896355 -5.284225 13.126770 -0.182271 0.660569 -0.728304 -0.555949 0.541703 0.630459 -0.810986 -0.519814 -0.268506
-0.104835 -2.060292 -6.528536 8.977737 -0.168711 0.654994 -0.736559 -0.600563 0.524233 0.603742 -0.781576 -0.544208 -0.304921
0.194225 -4.731988 99.473638 -4.294210 0.657803 -0.527602 0.537524 0.432836 0.848850 0.303490 -0.616399 0.033023 0.786741
1.376866 -4.872779 92.852721 -1.405394 0.637979 -0.545925 0.543092 0.482902 0.832990 0.270063 -0.599824 0.089966 0.795058
0.242584 -6.670495 7.495396 -28.974844 0.584652 -0.700600 0.409075 0.783284 0.618790 -0.059705 -0.211303 0.355328 0.910546
0.440233 -6.626481 8.494570 -76.058855 0.605637 -0.680224 0.412917 0.724160 0.686238 0.068338 -0.329844 0.257630 0.908201
0.585484 -7.081031 13.069133 -32.353113 0.582363 -0.699706 0.413840 0.780635 0.623402 -0.044498 -0.226853 0.348972 0.909261
0.391521 -7.359838 14.290898 18.373053 0.559395 -0.721951 0.407265 0.826732 0.521468 -0.211153 -0.059934 0.454817 0.888566
0.000628 -6.864963 9.719019 -1.936975 0.563369 -0.722752 0.400306 0.822544 0.536208 -0.189481 -0.077699 0.436017 0.896578
1.888615 -11.987863 -24.436651 -41.529579 0.670926 -0.329244 0.664422 0.715627 0.052762 -0.696487 0.194258 0.942770 0.271015
1.468907 -11.874947 -33.597183 -1.594322 0.694836 -0.289711 0.658233 -0.631307 0.192678 0.751217 0.344463 0.937519 0.049017
0.237010 -15.809058 20.606525 46.627277 0.740725 -0.574683 0.347945 0.493705 0.816901 0.298207 -0.455611 -0.049108 0.888823
21.558186 1.347222 -320.398006 30.758232 0.521481 -0.254203 -0.814518 0.843970 0.294172 0.448528 0.125591 -0.921327 0.367945
38.070220 2.469862 1035.782134 72.540817 0.547289 0.371152 -0.750148 0.728817 0.229295 0.645175 0.411463 -0.899817 -0.145011
