19440
38866
-4.827826 -8.632357 -8.453038 -105.899130 -0.337377 0.929450 0.149332 0.939959 0.323927 0.107462 0.051508 0.176622 -0.982930
-5.435663 -9.605638 -22.843022 -110.086220 -0.341925 0.925137 0.164954 0.927350 0.303787 0.218483 0.152015 0.227675 -0.961798
-7.800778 -10.377463 131.730166 -132.138101 0.022367 0.977344 0.210472 0.981556 -0.061448 0.181031 0.189862 0.202541 -0.960692
-4.640668 -8.753188 -68.944522 -118.512485 -0.501346 0.844423 0.188686 0.863271 0.473434 0.174997 0.058441 0.250621 -0.966320
-6.538567 -9.409516 64.321102 -184.199981 0.148323 0.972968 0.177013 0.987694 -0.154724 0.022843 0.049614 0.171446 -0.983943
-4.753374 -7.033688 39.199521 -66.389455 -0.238900 0.959701 0.147986 0.969457 0.244434 -0.020136 -0.055497 0.138656 -0.988784
-4.099343 -7.607566 -35.442610 -85.932100 -0.529173 0.832455 0.164298 0.848185 0.524350 0.075099 -0.023633 0.179096 -0.983548
-4.860308 -6.081645 77.733755 -44.355851 -0.819312 -0.451545 0.353320 -0.350138 0.882033 0.315311 -0.454017 0.134627 -0.880763
-4.408239 -5.765732 -117.598886 14.368164 0.478306 0.869561 -0.122828 -0.710147 0.465260 0.528417 -0.516638 0.165519 -0.840053
-5.382971 -6.485630 0.572576 -62.601067 -0.847502 0.119676 0.517124 0.217606 0.966953 0.132852 -0.484135 0.225122 -0.845537
-5.250141 -7.238875 32.027767 -44.257306 -0.886650 0.082101 0.455095 0.178474 0.968622 0.172972 -0.426614 0.234588 -0.873481
8.813585 -19.636037 -190.065742 60.839563 0.701315 0.446401 -0.555772 -0.683319 0.198901 -0.702505 0.203055 -0.872447 -0.444527
8.781807 -20.591712 241.604406 -363.994974 0.579911 0.661228 -0.475901 0.794360 -0.329284 0.510455 0.180821 -0.674055 -0.716208
6.196278 -18.360155 -171.836447 -482.922686 0.652889 0.489117 -0.578361 0.756024 -0.467691 0.457923 -0.046516 -0.736227 -0.675134
2.867417 -17.411393 -510.797854 434.705909 0.746301 0.292420 -0.597934 -0.659131 0.449701 -0.602757 -0.092634 -0.843955 -0.528355
1.973481 -13.188242 -417.684458 -342.838867 0.671483 0.367222 -0.643630 0.710784 -0.564765 0.419317 -0.209518 -0.739046 -0.640245
9.064833 -13.162930 -77.286550 -15.217926 0.069142 0.982438 -0.173304 0.866270 0.027030 0.498844 -0.494768 0.184619 0.849188
8.464290 -15.131328 -33.870135 148.308124 0.042797 0.994692 -0.093570 0.796856 0.022510 0.603750 -0.602651 0.100401 0.791663
9.381885 -14.538281 -136.354332 147.886562 0.112527 0.981519 -0.154785 0.769857 0.012366 0.638097 -0.628218 0.190965 0.754237
10.817328 -12.611981 -170.778122 130.026646 0.187455 0.956265 -0.224538 0.789517 -0.010681 0.613636 -0.584401 0.292306 0.756989
0.018494 -1.908355 60.153986 30.151657 0.638297 0.692206 0.336791 0.764014 -0.623155 -0.167213 0.094128 0.364045 -0.926613
0.610744 -1.943684 10.389588 9.368961 0.666386 0.682050 0.301228 0.741754 -0.647449 -0.174956 0.075701 0.340025 -0.937364
0.316724 -1.594920 50.031370 -5.689393 0.538162 0.766197 0.351175 0.836411 -0.536861 -0.110440 0.103914 0.353162 -0.929774
-0.629864 -1.734066 37.170626 30.260539 0.302949 0.876110 0.375038 0.948347 -0.316010 -0.027841 0.094124 0.364101 -0.926591
1.212955 -10.844345 46.812871 -87.818980 0.991088 -0.133093 0.005475 -0.131651 -0.984955 -0.111945 -0.020292 -0.110227 0.993699
0.629064 -13.165395 34.638199 -204.447491 0.976264 -0.215320 -0.023376 -0.213407 -0.937895 -0.273515 -0.036969 -0.272011 0.961584
1.399900 -11.483386 52.328050 -99.787487 0.986190 -0.165451 0.007469 -0.159346 -0.960160 -0.229569 -0.045154 -0.225208 0.973264
1.656036 -10.579367 24.984667 5.528521 0.990975 -0.123991 0.050944 -0.119285 -0.989053 -0.086862 -0.061157 -0.080001 0.994917
0.887003 -14.636775 52.970935 -243.650309 0.967704 -0.249294 -0.037434 -0.243575 -0.886390 -0.393680 -0.064961 -0.390084 0.918485
-3.356018 -4.420094 -92.703476 -18.643750 0.454561 0.790567 -0.410340 0.886417 -0.446711 0.121303 -0.087405 -0.418872 -0.903829
-2.404490 -3.909083 -81.448513 -18.355386 0.796092 0.486328 -0.360171 -0.584366 0.772480 -0.248579 -0.157334 -0.408363 -0.899158
-3.385759 -4.438221 -98.903779 51.677963 0.886623 0.370177 -0.277251 -0.439685 0.860582 -0.257051 -0.143443 -0.349811 -0.925773
-4.097333 -5.252056 29.404091 -104.362270 -0.251528 0.918151 -0.306159 0.965551 0.216257 -0.144718 -0.066663 -0.332013 -0.940916
-3.863212 -5.741950 -80.261413 -88.033119 -0.149545 0.900526 -0.408276 0.988754 0.136561 -0.060956 0.000862 -0.412801 -0.910821
-3.232264 -8.434705 131.457764 -8.442298 -0.364962 0.908602 -0.203088 -0.897060 -0.401560 -0.184480 0.249171 -0.114853 -0.961625
-3.661368 -7.746494 77.509105 -117.004590 -0.456405 0.842556 -0.285998 -0.804571 -0.528056 -0.271703 0.379947 -0.106099 -0.918903
-4.137387 -8.616815 24.567861 18.518644 -0.445933 0.831325 -0.331727 -0.850465 -0.509071 -0.132497 0.279021 -0.223038 -0.934024
-2.149266 -7.183931 144.566787 -118.792073 -0.293217 0.943535 -0.154162 -0.876659 -0.329685 -0.350396 0.381436 -0.032405 -0.923827
-4.245001 -8.475484 58.611879 -78.833957 -0.375538 0.884162 -0.277901 0.911797 0.406203 0.060216 0.166125 -0.230776 -0.958721
-1.726945 -8.313905 129.413995 14.889912 -0.326435 0.932066 -0.157142 -0.929278 -0.346868 -0.126983 0.172864 -0.104577 -0.979378
-1.059114 -7.913187 126.209836 -56.204215 -0.275859 0.950394 -0.143711 -0.912592 -0.305909 -0.271287 0.301792 -0.056312 -0.951709
-3.454962 -8.126325 123.031435 -74.991022 -0.352004 0.912220 -0.209637 0.929865 0.366412 0.033070 0.106980 -0.183294 -0.977220
0.641864 -9.256116 -11.368958 -10.452337 -0.025700 0.996438 0.080314 0.863508 0.062607 -0.500434 0.503680 -0.056490 0.862042
0.610243 -9.364207 2.069834 31.343341 -0.020777 0.996864 0.076359 0.788237 0.063316 -0.612106 0.615021 -0.047471 0.787081
0.529592 -9.216732 -18.381316 11.388027 -0.007385 0.996619 0.081827 0.792621 0.055724 -0.607162 0.609669 -0.060374 0.790353
0.553929 -9.402731 -27.597860 1.533298 -0.028764 0.994575 0.099971 0.866695 0.074642 -0.493222 0.498009 -0.072457 0.864140
0.502951 -9.332634 -3.966897 -14.363961 -0.017526 0.996681 0.079494 0.874809 0.053784 -0.481473 0.484151 -0.061104 0.872848
0.482165 -9.529225 -14.614952 -11.806372 -0.031652 0.995170 0.092922 0.919840 0.065373 -0.386808 0.391015 -0.073230 0.917467
0.970723 -10.081793 37.142100 26.106439 -0.249623 0.963899 0.092661 0.789692 0.258016 -0.556610 0.560424 0.065769 0.825590
1.014491 -10.609368 41.241930 91.040615 -0.261222 0.959281 0.107438 0.861453 0.281892 -0.422417 0.435503 0.017792 0.900012
0.830383 -10.258281 49.927392 74.824753 -0.261809 0.960193 0.097393 0.833370 0.275812 -0.478980 0.486775 0.044237 0.872406
0.628831 -9.889455 24.535438 -36.272971 -0.242466 0.966433 0.084959 0.790373 0.247557 -0.560379 0.562601 0.068723 0.823867
0.727787 -10.358988 28.709027 -66.148304 -0.221391 0.973074 0.064136 0.721534 0.207695 -0.660494 0.656030 0.099951 0.748087
1.024967 -9.939233 15.670996 -74.433617 -0.209259 0.973876 0.088182 0.713681 0.213751 -0.667061 0.668483 0.076654 0.739766
3.834344 -17.000692 -12.943228 185.462920 -0.000156 0.960752 -0.277410 0.291020 -0.265359 -0.919180 0.956717 0.080876 0.279557
3.503678 -17.316646 30.193849 -7.246002 -0.031689 0.955271 -0.294030 0.491715 -0.241216 -0.836679 0.870179 0.171093 0.462077
3.260609 -16.686600 16.659914 132.445741 -0.068640 0.956282 -0.284278 0.325835 -0.247835 -0.912365 0.942932 0.155253 0.294579
3.245450 -14.922349 18.107286 236.295153 -0.070236 0.954696 -0.289175 0.107901 -0.280919 -0.953647 0.991678 0.098183 0.083282
2.373800 -16.793164 79.430487 100.158171 -0.137871 0.947500 -0.288504 0.353258 -0.225087 -0.908044 0.925311 0.227110 0.303679
2.871591 -15.417506 63.502610 187.146721 -0.126114 0.949841 -0.286177 0.171704 -0.263226 -0.949331 0.977043 0.168861 0.129896
0.805507 -28.376435 -17.384498 110.917617 -0.224951 0.952923 -0.203311 -0.957015 -0.255288 -0.137661 0.183083 -0.163605 -0.969389
0.834862 -26.152180 34.952180 -80.564292 -0.248132 0.952464 -0.176756 0.966312 0.230485 -0.114532 -0.068348 -0.199220 -0.977568
1.067597 -27.523127 55.646474 -158.595793 -0.209487 0.962434 -0.172732 0.970827 0.225796 0.080689 0.116660 -0.150789 -0.981658
-0.660198 -14.190982 48.909835 30.384316 0.070136 0.960600 -0.268938 0.548944 0.187943 0.814456 -0.832912 0.204754 0.514134
-0.829752 -14.668366 48.369265 53.984937 0.077295 0.964107 -0.254016 0.380737 0.206925 0.901233 -0.921447 0.166374 0.351076
-1.136608 -14.088456 40.353001 34.029100 0.059055 0.962471 -0.264883 0.528692 0.194921 0.826130 -0.846757 0.188829 0.497340
-0.839405 -13.528712 45.884507 -0.075320 0.057516 0.961023 -0.270418 0.657175 0.167460 0.734900 -0.751540 0.219981 0.621929
-1.219119 -13.638932 22.347205 2.775319 0.035924 0.964052 -0.263275 0.690860 0.166398 0.703579 -0.722095 0.207162 0.660048
0.903755 -5.494270 13.247155 -99.751736 -0.305241 0.948286 0.087078 -0.427102 -0.218058 0.877516 -0.851124 -0.230663 -0.471574
1.068504 -4.551319 40.558227 -49.098607 -0.333218 0.932371 0.140178 -0.460869 -0.290771 0.838482 -0.822536 -0.214794 -0.526591
1.457698 -4.219237 -9.987087 -61.115050 -0.335799 0.923311 0.186373 -0.434246 -0.327330 0.839217 -0.835865 -0.200876 -0.510861
1.348659 -5.633483 57.014790 -109.200438 -0.285251 0.958345 0.014380 -0.459176 -0.149812 0.875622 -0.841303 -0.243169 -0.482782
0.774049 -7.252704 21.730780 185.086912 -0.178095 0.935202 -0.306071 -0.341551 -0.350455 -0.872080 0.922835 0.050774 -0.381834
0.184266 -7.147179 46.765430 290.258586 -0.197621 0.941685 -0.272350 -0.342686 -0.326665 -0.880827 0.918429 0.080739 -0.387258
0.612744 -5.756604 37.511156 22.888161 -0.184142 0.943523 -0.275421 -0.370002 -0.326142 -0.869902 0.910599 0.058279 -0.409162
0.206842 -10.531128 34.431717 323.261186 -0.186315 0.942484 -0.277508 -0.241624 -0.317734 -0.916877 0.952315 0.103775 -0.286925
1.199649 -9.113120 30.493597 250.275863 -0.169854 0.937714 -0.303053 -0.266744 -0.339789 -0.901882 0.948682 0.072351 -0.307844
-0.408075 -15.687215 -23.752313 4.530812 -0.320012 0.945022 -0.067279 0.124787 0.112438 0.985792 -0.939160 -0.307069 0.153908
-0.575153 -14.996907 -22.487305 55.541750 -0.304463 0.951369 -0.046896 0.301176 0.142858 0.942807 -0.903657 -0.272926 0.330024
-0.710113 -15.085697 -16.073257 2.574006 -0.296987 0.951346 -0.082097 0.074150 0.108694 0.991306 -0.951998 -0.288318 0.102823
-0.414296 -15.144255 -21.741306 -60.570806 -0.313010 0.944949 -0.095379 -0.084845 0.072202 0.993775 -0.945952 -0.319154 -0.057574
-1.194547 -14.494649 -23.735610 24.493246 -0.286811 0.953887 -0.088543 0.099946 0.121716 0.987520 -0.952759 -0.274382 0.130247
-1.029323 -14.335062 -31.878487 -37.302528 -0.297796 0.947738 -0.114503 -0.113698 0.083880 0.989968 -0.947835 -0.307827 -0.082776
-0.648800 -14.633718 0.297570 -35.678763 -0.288563 0.951546 -0.106263 -0.129816 0.071077 0.988987 -0.948620 -0.299180 -0.103016
2.582697 -5.326023 -110.825708 268.041937 -0.386029 0.920181 -0.065175 0.922455 0.385638 -0.018991 0.007659 -0.067452 -0.997693
3.008033 -3.311189 -96.499580 87.919667 -0.263211 0.961247 -0.081999 0.964738 0.262288 -0.022036 0.000326 -0.084908 -0.996389
3.802262 -5.348380 -172.634690 205.716734 -0.390461 0.919284 -0.049574 0.920619 0.389829 -0.022239 -0.001119 -0.054322 -0.998523
0.736972 -22.559498 45.371361 136.003292 -0.654916 0.521229 -0.547179 0.733892 0.611377 -0.296008 0.180245 -0.595431 -0.782926
0.665233 -21.002013 -41.524929 105.485876 0.673908 -0.497441 0.546261 0.654905 0.744441 -0.130030 0.341977 -0.445377 -0.827460
0.176834 -20.924211 42.982155 329.987307 -0.671032 0.509616 -0.538524 0.702588 0.669071 -0.242311 0.236825 -0.540959 -0.807018
-5.403339 -13.046780 -120.717886 -142.947005 0.998406 -0.054704 0.013876 0.019883 0.571043 0.820680 0.052818 0.819096 -0.571220
-6.286861 -11.588517 -75.402090 -171.063487 0.989744 -0.125006 0.069142 0.029694 0.653467 0.756373 0.139733 0.746562 -0.650477
-4.861643 -11.146166 -111.361996 -143.606722 0.998666 -0.049157 -0.015780 0.044917 0.676600 0.734980 0.025453 0.734708 -0.677905
-5.780040 -9.213121 -68.408097 -170.474519 0.983530 -0.179328 -0.022568 0.153837 0.765021 0.625362 0.094880 0.618534 -0.780008
-3.744369 -13.408867 -131.143411 -146.308597 0.997711 -0.027096 -0.061950 0.066691 0.545365 0.835541 -0.011146 0.837760 -0.545924
-4.588984 -8.822533 -82.964621 -185.730078 0.993124 -0.097739 -0.064428 0.116880 0.797126 0.592392 0.006543 0.595850 -0.803069
-3.738177 -10.035827 -90.325349 -121.809097 0.996059 -0.038178 -0.080051 0.082291 0.734448 0.673657 -0.033075 0.677590 -0.734696
-3.130640 -12.019519 -97.238173 -78.568270 0.996225 -0.018323 -0.084856 0.078043 0.617136 0.782977 -0.038021 0.786643 -0.616236
0.925833 -36.558537 57.989347 818.199092 -0.569181 0.494528 -0.656868 0.756223 0.001276 -0.654313 -0.322738 -0.869161 -0.374700
0.462592 -36.135563 6.274772 741.440717 -0.578966 0.488298 -0.652965 0.653197 -0.201528 -0.729877 -0.487988 -0.849089 -0.202277
1.109926 -56.553375 74.400852 2203.384365 -0.558635 0.497606 -0.663562 0.607528 -0.299165 -0.735806 -0.564656 -0.814179 -0.135186
1.691664 -41.652960 69.395019 996.938733 -0.566728 0.490714 -0.661831 0.720746 -0.093912 -0.686808 -0.399180 -0.866245 -0.300458
0.730713 -1.736741 -18.758203 222.635164 -0.586081 0.787385 -0.191140 0.766533 0.615251 0.184101 -0.262558 0.038617 0.964143
1.467552 -0.373401 235.628485 49.934326 0.914053 -0.304982 0.267382 0.306763 0.951098 0.036168 -0.265337 0.048964 0.962912
5.721958 0.071507 525.217331 13.631452 0.967708 0.086389 0.236807 -0.069430 0.994449 -0.079059 -0.242322 0.060065 0.968335
4.588498 -8.649787 79.651224 -133.873719 0.896258 -0.416095 0.153582 0.364507 0.888282 0.279445 -0.252699 -0.194473 0.947799
4.336975 -8.131997 85.673475 100.824338 0.929661 -0.349690 0.115964 -0.296240 -0.896664 -0.328992 -0.219026 -0.271498 0.937186
5.745102 -6.992733 99.806797 128.881690 0.880932 -0.455905 0.126923 -0.371786 -0.832655 -0.410439 -0.292805 -0.314381 0.903012
5.343507 -6.939836 -20.369811 -148.784673 0.826526 -0.511560 0.234863 0.415610 0.835998 0.358297 -0.379635 -0.198530 0.903583
-0.009620 -4.916435 26.595806 -0.208896 -0.370136 0.914102 -0.165578 0.790826 0.403567 0.460139 -0.487436 -0.039371 0.872271
-0.067798 -5.295056 20.935865 -19.973818 -0.296028 0.947566 -0.120358 0.786601 0.313323 0.532060 -0.541872 -0.062831 0.838109
-0.325187 -4.736068 26.913352 2.570723 -0.353025 0.923005 -0.153087 0.775836 0.380242 0.503482 -0.522926 -0.058971 0.850336
-1.331231 -6.771314 16.837941 -5.095824 -0.542670 0.725532 -0.423217 0.248475 0.619977 0.744237 -0.802353 -0.298716 0.516719
-1.540479 -6.612171 3.778854 -7.195653 -0.560186 0.742023 -0.368230 0.267823 0.582889 0.767145 -0.783877 -0.331124 0.525257
-1.640818 -6.808032 19.596607 0.505493 -0.548925 0.736295 -0.395665 0.329104 0.625501 0.707417 -0.768357 -0.258104 0.585671
-1.297695 -6.455499 13.796344 -25.751077 -0.550485 0.745734 -0.375295 0.204133 0.556128 0.805637 -0.809503 -0.366881 0.458369
-1.496089 -6.708066 7.453510 10.743039 -0.543501 0.717566 -0.435553 0.343612 0.663603 0.664501 -0.765857 -0.211495 0.607233
-1.390351 -6.806149 -3.442653 5.381267 -0.544101 0.704952 -0.454970 0.269445 0.660353 0.700951 -0.794578 -0.258799 0.549245
-1.242710 -6.654000 -3.112124 -6.766753 -0.540685 0.707275 -0.455436 0.180451 0.626308 0.758403 -0.821643 -0.327874 0.466264
-1.065496 -6.426855 8.024998 -20.597984 -0.543797 0.732786 -0.409034 0.157953 0.568060 0.807688 -0.824218 -0.374610 0.424655
0.906726 -17.448432 -9.091843 -1.206824 -0.090344 0.994313 0.056387 0.931393 0.104403 -0.348723 0.352627 -0.021014 0.935528
0.828121 -16.530306 -2.517284 12.228247 -0.126157 0.989821 0.065869 0.982924 0.133692 -0.126437 0.133956 -0.048794 0.989785
0.931724 -17.006710 -14.457041 18.856397 -0.122061 0.990608 0.061627 0.981052 0.129830 -0.143807 0.150457 -0.042906 0.987685
0.136667 -28.356843 -44.636666 -548.562182 -0.444759 0.895607 -0.008866 -0.097289 -0.058149 -0.993556 0.890351 0.441030 -0.112995
1.111449 -35.486571 114.972166 -774.532492 -0.496574 0.867279 0.035234 -0.221315 -0.087257 -0.971291 0.839306 0.490115 -0.235271
0.201555 -24.509074 59.680054 -355.745122 -0.474772 0.879315 -0.037363 0.071760 -0.003635 -0.997415 0.877178 0.476226 0.061374
1.491211 -42.815055 -41.256328 -1232.311693 -0.449617 0.892201 0.042691 -0.371918 -0.143542 -0.917100 0.812110 0.428221 -0.396364
0.170438 -19.450187 -59.007367 -297.929684 -0.426768 0.901573 -0.070954 0.169868 0.002852 -0.985463 0.888264 0.432617 0.154366
0.725364 -27.722612 -97.884064 -627.909119 -0.439312 0.898157 0.017864 -0.097074 -0.027694 -0.994892 0.893074 0.438802 -0.099354
-2.399435 -62.877190 -38.829573 -2195.155296 0.527412 -0.500703 -0.686391 0.529456 0.825532 -0.195378 0.664464 -0.260370 0.700496
-3.757780 -94.870337 -161.869395 -3983.363105 0.546502 -0.443780 -0.710208 0.383947 0.886445 -0.258458 0.744258 -0.131435 0.654832
0.987569 -139.193369 -287.444593 -6952.318336 0.535512 -0.484175 -0.691955 0.134685 0.857815 -0.495997 0.833718 0.172416 0.524582
1.918748 -91.627721 -190.044011 -3109.324836 0.562971 -0.585679 -0.583133 0.048775 0.727879 -0.683969 0.825036 0.356612 0.438341
-0.257456 -62.450635 -99.200592 -1970.273123 0.551708 -0.524830 -0.648207 0.355907 0.851023 -0.386121 0.754287 -0.017675 0.656307
-28.272535 -40.189670 891.036025 1084.522556 -0.158798 -0.726272 -0.668814 0.982670 -0.181867 -0.035826 -0.095616 -0.662912 0.742566
-32.237591 -34.957898 1075.697556 390.060077 -0.059268 -0.882882 -0.465840 0.926132 -0.222776 0.304385 -0.372514 -0.413389 0.830869
-23.650308 -35.408236 746.143295 -20.921483 -0.097676 -0.729314 -0.677171 0.849966 -0.415083 0.324445 -0.517704 -0.543882 0.660435
9.585129 -7.715434 56.301471 199.838390 0.399037 0.916754 -0.018211 0.707419 -0.320434 -0.629984 0.583376 -0.238504 0.776395
5.949019 -5.265787 -253.993688 -3.539485 0.517200 0.855621 -0.020425 0.642355 -0.403836 -0.651380 0.565583 -0.323773 0.758477
3.550819 -4.878683 -243.880953 27.981354 0.431247 0.887079 0.164673 0.769957 -0.266698 -0.579688 0.470311 -0.376780 0.798025
-1.227408 -4.469683 -33.826023 -105.750167 0.103214 0.902487 0.418168 0.858877 0.131178 -0.495099 0.501674 -0.410256 0.761586
0.431791 -6.168847 470.664660 -154.675597 -0.205825 -0.843522 -0.496091 0.900998 0.034483 -0.432451 0.381889 -0.535986 0.752914
6.620233 -7.417738 -73.842408 192.660282 0.374431 0.910926 0.173250 0.790537 -0.215952 -0.573076 0.484616 -0.351538 0.800979
0.382144 -3.234891 -77.617514 77.941992 -0.355704 0.175540 -0.917965 -0.191667 0.947625 0.255481 0.914734 0.266820 -0.303429
-0.480556 -2.917158 -55.729462 102.917073 -0.374340 0.205235 -0.904295 -0.195505 0.935811 0.293318 0.906448 0.286595 -0.310187
0.094559 -1.708713 -40.074057 87.390398 -0.421579 0.412460 -0.807557 -0.131413 0.853374 0.504464 0.897219 0.318795 -0.305562
0.730920 -2.262918 -100.096364 82.870668 -0.385531 0.310420 -0.868911 -0.172385 0.900896 0.398333 0.906449 0.303357 -0.293812
4.299178 -7.536847 -327.206715 40.616990 -0.460051 0.867286 -0.190177 0.560147 0.117312 -0.820045 0.688904 0.483790 0.539777
2.388843 -7.251385 -99.405611 21.985256 -0.441056 0.846282 -0.298790 0.612522 0.040515 -0.789414 0.655962 0.531192 0.536236
1.619390 -7.406837 -98.211618 16.889276 -0.461771 0.843733 -0.273645 0.645425 0.107999 -0.756150 0.608435 0.525786 0.594438
3.140718 -7.632217 -324.132482 -18.196850 -0.480919 0.859386 -0.173701 0.648527 0.215352 -0.730093 0.590025 0.463766 0.660902
8.186626 -10.448931 -197.341424 -56.119788 -0.616901 -0.524034 -0.587215 -0.198172 0.825491 -0.528482 0.761683 -0.209652 -0.613095
7.587372 -10.429319 -339.476431 -19.928157 -0.565989 -0.504021 -0.652395 -0.312954 0.863466 -0.395582 0.762703 -0.019725 -0.646448
10.325675 -11.216956 -124.238071 -70.902783 -0.690450 -0.508670 -0.514329 -0.296447 0.847528 -0.440244 0.659847 -0.151495 -0.735969
-0.844022 -7.811549 29.099364 24.974547 -0.697557 -0.586352 0.411832 0.713924 -0.617719 0.329750 0.061047 0.524036 0.849505
-0.841602 -8.814406 11.410558 -105.998168 -0.702017 -0.577513 0.416715 0.704963 -0.646512 0.291633 0.100989 0.498499 0.860987
-1.184710 -8.081224 5.773496 -1.878826 -0.698237 -0.577406 0.423163 0.712080 -0.620928 0.327706 0.073534 0.530142 0.844714
-0.076320 -8.256081 -65.337400 -73.319413 0.723160 0.574124 -0.383955 0.688604 -0.642388 0.336395 0.053515 0.507661 0.859893
-0.035401 -7.340904 -83.210713 56.275871 0.721756 0.580882 -0.376357 0.692145 -0.604345 0.394592 -0.001762 0.545293 0.838244
-0.632044 -7.644817 -25.095386 67.852780 0.827212 0.397529 -0.397104 -0.358665 0.917589 0.171432 0.432527 0.000617 0.901621
-0.726807 -7.809505 -1.097946 42.068386 0.824799 0.383139 -0.415826 -0.358573 0.923056 0.139261 0.437187 0.034242 0.898718
-0.582229 -7.166612 -24.877719 15.325182 0.850811 0.334258 -0.405454 -0.342776 0.937870 0.053898 0.398279 0.093122 0.912525
-0.532676 -6.831454 -32.369869 9.002649 0.859104 0.322966 -0.397030 -0.337250 0.940745 0.035502 0.384970 0.103399 0.917119
-0.470396 -6.919093 -22.378552 63.492647 0.835928 0.379529 -0.396462 -0.353345 0.924900 0.140381 0.419967 0.022739 0.907254
-0.510004 -8.056997 -43.577629 104.488969 0.812228 0.447277 -0.374471 -0.373864 0.891910 0.254405 0.447784 -0.066634 0.891655
-2.435631 -8.284629 -122.871377 -207.436095 -0.812785 0.424217 -0.399275 0.467991 0.883625 -0.013845 0.346936 -0.198110 -0.916727
-4.112942 -10.581046 -102.768661 -256.396225 -0.857238 0.374073 -0.353854 0.393636 0.919090 0.017993 0.331955 -0.123865 -0.935128
-3.086035 -11.089895 -112.189765 -217.262540 -0.839712 0.382287 -0.385670 0.374264 0.922017 0.099052 0.393460 -0.061167 -0.917304
0.363109 -22.779011 -28.142363 -93.731345 0.971808 -0.185059 0.146091 0.231516 0.631764 -0.739780 -0.044608 -0.752747 -0.656797
0.841711 -22.212945 -16.896940 -194.179943 0.976056 -0.177113 0.126280 0.186561 0.383105 -0.904669 -0.111850 -0.906566 -0.406974
0.686587 -21.372540 -12.613481 -155.888343 0.978260 -0.156250 0.136360 0.191996 0.433816 -0.880308 -0.078393 -0.887350 -0.454384
0.753129 -19.393863 -23.469725 -134.761743 0.982329 -0.156588 0.102516 0.133540 0.202629 -0.970107 -0.131135 -0.966655 -0.219959
0.720873 -20.103853 -1.194962 -151.194732 0.982401 -0.140984 0.122521 0.167600 0.375805 -0.911417 -0.082451 -0.915911 -0.392821
1.580519 -15.387015 45.595590 253.222275 0.966905 -0.210891 0.143593 0.229871 0.964272 -0.131677 0.110693 -0.160327 -0.980838
1.401544 -19.685667 25.383014 438.936286 0.963115 -0.234209 0.132495 0.264278 0.915978 -0.301897 0.050656 -0.325777 -0.944089
1.242762 -20.677230 36.840458 510.969086 0.960755 -0.225810 0.161121 0.266479 0.912657 -0.309912 0.077067 -0.340685 -0.937014
1.351993 -18.635250 22.774217 538.931433 0.959935 -0.227168 0.164074 0.259372 0.941915 -0.213360 0.106075 -0.247368 -0.963098
1.486890 -14.156658 -26.446557 332.213581 -0.963747 0.222580 -0.147137 0.230661 0.972206 -0.040137 0.134113 -0.072621 -0.988301
1.829641 -14.782012 -26.389960 -118.597470 -0.962093 0.251798 -0.104758 0.249737 0.967766 0.032560 0.109580 0.005164 -0.993965
2.156623 -14.680242 28.072859 -88.155691 0.972488 -0.218908 0.079670 0.223702 0.972979 -0.057170 0.065002 -0.073419 -0.995181
-0.287584 -6.270340 -22.518974 56.070206 -0.073216 0.990566 -0.115837 0.968003 0.098536 0.230785 -0.240022 0.095233 0.966085
-0.156793 -6.518129 -27.311396 -21.518280 -0.129078 0.983089 -0.129904 0.924826 0.166614 0.341959 -0.357820 0.075999 0.930693
-0.181174 -6.855106 -6.575585 39.663433 -0.097093 0.987033 -0.127824 0.950838 0.129937 0.281112 -0.294076 0.094246 0.951124
0.460638 -14.058209 -9.116400 645.647034 0.545807 0.799321 -0.251358 -0.458874 0.034140 -0.887845 0.701092 -0.599934 -0.385421
1.065537 -9.041053 -95.296757 433.591322 0.589126 0.792970 -0.155337 -0.408759 0.126632 -0.903814 0.697027 -0.595956 -0.398736
0.844683 -4.550328 -94.690995 361.298596 0.660966 0.750416 -0.000075 -0.361296 0.318142 -0.876499 0.657715 -0.579363 -0.481404
0.433642 -7.449697 9.668777 472.199502 0.599248 0.790197 -0.128414 -0.450677 0.200405 -0.869901 0.661659 -0.579160 -0.476216
0.797807 -17.115881 76.538515 699.448202 0.527965 0.809121 -0.258023 -0.448343 0.007515 -0.893830 0.721278 -0.587594 -0.366731
0.000459 -23.035153 81.614775 761.128912 0.498941 0.798518 -0.336791 -0.346479 -0.172413 -0.922077 0.794362 -0.576753 -0.190646
-1.857376 -13.830098 39.821991 69.540050 0.927443 0.296792 -0.227516 0.373939 -0.742994 0.555094 0.004295 0.599896 0.800067
-1.295517 -14.180564 -0.410306 91.138061 0.931033 0.292359 -0.218410 0.363790 -0.790897 0.492077 0.028877 0.537595 0.842709
-1.483387 -15.063255 6.306084 19.134047 0.940091 0.273604 -0.203396 0.336134 -0.644209 0.687028 -0.056944 0.714237 0.697583
-1.891594 -13.371471 15.210401 54.512920 0.933652 0.301446 -0.193451 0.352430 -0.676760 0.646367 -0.063925 0.671659 0.738097
-1.618346 -12.700251 -3.659668 55.956410 0.913007 0.352105 -0.206009 0.406941 -0.750737 0.520378 -0.028569 0.558943 0.828714
-1.893161 -14.373849 59.311533 41.497924 0.947203 0.252047 -0.198189 0.314198 -0.606402 0.730449 -0.063925 0.754154 0.653578
0.243333 -10.837948 -32.226921 -229.337784 -0.929997 0.325870 -0.170042 0.301456 0.940894 0.154409 0.210309 0.092339 -0.973264
-0.049103 -10.225688 -10.621183 -33.680515 -0.936586 0.307180 -0.168660 0.283325 0.946994 0.151426 0.206235 0.094038 -0.973973
0.143279 -13.902229 -14.825237 -390.319635 -0.913158 0.380118 -0.147151 0.339745 0.909258 0.240465 0.225203 0.169589 -0.959439
1.408856 -9.718726 12.745138 10.243957 0.797110 0.511552 -0.320827 -0.489872 0.237197 -0.838906 0.353045 -0.825865 -0.439667
1.439632 -9.568227 17.690665 20.433801 0.810372 0.502569 -0.301200 -0.515350 0.366797 -0.774516 0.278768 -0.782869 -0.556241
1.569194 -9.913834 1.763324 18.964809 0.814228 0.476916 -0.331035 -0.511498 0.319621 -0.797629 0.274596 -0.818776 -0.504186
1.466672 -9.413439 16.673818 19.206489 0.802893 0.516225 -0.298118 -0.509453 0.334510 -0.792818 0.309549 -0.788426 -0.531568
1.537983 -10.019200 2.993980 10.724891 0.802550 0.484677 -0.347854 -0.484434 0.189130 -0.854139 0.348192 -0.854001 -0.386581
1.154040 -9.418774 4.667144 6.089994 0.800220 0.516456 -0.304830 -0.483006 0.253749 -0.838043 0.355462 -0.817854 -0.452506
-2.521949 -21.458898 25.176503 274.733554 0.774768 0.588389 -0.231373 -0.472877 0.782189 0.405670 0.419669 -0.204889 0.884250
-2.079942 -20.459636 29.382487 366.531688 0.751302 0.601629 -0.271270 -0.526850 0.794310 0.302491 0.397460 -0.084343 0.913735
-2.260162 -18.842927 3.539635 551.617793 0.770319 0.594471 -0.230679 -0.580131 0.803518 0.133441 0.264682 0.031033 0.963836
0.928606 -0.751831 58.829911 -4.599043 -0.193933 0.944451 -0.265335 0.818727 0.304820 0.486591 -0.540441 0.122871 0.832362
0.149067 -0.494434 27.005356 5.795020 -0.118504 0.968861 -0.217404 0.832634 0.216250 0.509860 -0.540997 0.120597 0.832333
0.392847 -0.699914 38.790947 -23.234795 -0.281894 0.904180 -0.320928 0.792508 0.407974 0.453307 -0.540802 0.126553 0.831576
-0.349082 -0.500242 34.188089 -18.668999 -0.364874 0.857119 -0.363614 0.754365 0.501055 0.424119 -0.545711 0.119547 0.829402
1.360581 -1.238105 65.850615 -34.364174 -0.279483 0.907975 -0.312204 0.798261 0.400421 0.449935 -0.533543 0.123471 0.836712
-0.249399 -0.876784 39.366911 -30.997993 -0.388676 0.838579 -0.381729 0.746598 0.529429 0.402860 -0.539928 0.128417 0.831857
0.509622 -1.143924 43.103056 -38.577733 -0.312186 0.887175 -0.339794 0.785335 0.442264 0.433187 -0.534592 0.131617 0.834798
0.718936 -28.914144 35.291280 -61.123805 0.744346 0.460874 -0.483265 0.667594 -0.531299 0.521574 0.016378 0.710856 0.703147
0.994200 -27.526337 -5.308380 -163.724168 0.742483 0.476113 -0.471206 0.663493 -0.425915 0.615121 -0.092173 0.769359 0.632132
0.695726 -32.115750 21.387832 276.478647 0.759477 0.445591 -0.473965 0.614634 -0.252817 0.747200 -0.213119 0.858797 0.465884
-1.162721 -6.101522 76.728459 88.470878 0.404925 0.820718 0.403060 -0.810210 0.526375 -0.257855 0.423787 0.222151 -0.878096
-1.618840 -4.545387 68.171729 97.233815 0.396831 0.826316 0.399659 -0.849721 0.495373 -0.180501 0.347131 0.267970 -0.898717
-0.654656 -4.794569 58.305303 103.866550 0.449479 0.788476 0.419851 -0.817532 0.552513 -0.162390 0.360013 0.270250 -0.892947
0.447957 -5.422255 62.335821 121.198239 0.480440 0.766071 0.426981 -0.793909 0.586762 -0.159434 0.372674 0.262386 -0.890094
-0.049441 -6.486359 55.740678 101.059711 0.434499 0.802393 0.409117 -0.790372 0.557494 -0.253994 0.431883 0.212995 -0.876419
-0.908881 -13.114043 10.284822 150.243381 0.919411 0.306475 -0.246487 0.373568 -0.876513 0.303598 0.123004 0.371211 0.920365
-0.502882 -13.041083 26.583677 187.011533 0.922557 0.285453 -0.259625 0.350667 -0.900988 0.255449 0.161000 0.326708 0.931311
-0.554767 -14.372713 32.769907 154.361991 0.933042 0.258613 -0.250103 0.347384 -0.828436 0.439338 0.093575 0.496803 0.862804
-1.498525 -5.265442 61.720629 -3.711987 0.443563 -0.870436 0.213523 0.819249 0.297175 -0.490427 0.363431 0.392464 0.844920
-1.419658 -5.238499 49.579192 11.952026 0.405184 -0.884549 0.231083 0.868688 0.293710 -0.398894 0.284969 0.362364 0.887403
-0.815211 -5.013905 24.497269 5.631741 0.459391 -0.866022 0.197400 0.818627 0.326560 -0.472449 0.344688 0.378635 0.858968
0.456613 -9.477768 39.654770 19.455490 0.949501 0.118041 -0.290714 0.178902 0.557494 0.810675 -0.257764 0.821746 -0.508223
0.175702 -9.373563 38.009835 29.500251 0.951204 0.115421 -0.286163 0.188097 0.518274 0.834273 -0.244604 0.847390 -0.471274
0.402436 -9.676887 41.799060 26.726774 0.949460 0.110507 -0.293793 0.225643 0.410357 0.883568 -0.218200 0.905205 -0.364682
0.102393 -10.739572 32.993175 33.859259 0.952146 0.125325 -0.278767 0.127794 0.665279 0.735576 -0.277644 0.736001 -0.617428
0.781479 -9.850469 23.443815 28.080169 0.945026 0.138493 -0.296218 0.181369 0.531767 0.827242 -0.272086 0.835490 -0.477415
0.592172 -10.560917 23.393460 34.761467 0.948630 0.139108 -0.284166 0.125383 0.659328 0.741327 -0.290483 0.738875 -0.608016
0.428395 -7.578282 2.977796 8.170174 -0.251446 0.953559 -0.165829 0.949692 0.276126 0.147780 -0.186706 0.120328 0.975019
0.342059 -7.474394 1.414528 41.113226 -0.182645 0.971082 -0.153758 0.963952 0.207646 0.166373 -0.193489 0.117828 0.974001
0.037435 -7.772305 9.880998 7.183751 -0.219017 0.962773 -0.158428 0.932580 0.254303 0.256172 -0.286924 0.091640 0.953560
0.268559 -7.553938 -7.439778 -20.089235 -0.295895 0.941225 -0.162919 0.929775 0.322897 0.176791 -0.219006 0.099166 0.970671
-78.526934 -208.868853 2732.035269 -99970.179954 -0.659879 -0.570481 0.488990 0.743858 -0.587812 0.318045 0.105996 0.573610 0.812242
-47.371013 -217.103752 -3262.771702 -13005.815463 0.028585 0.994119 -0.104450 0.591286 -0.101067 -0.800104 0.805955 0.038888 0.590697
-0.854012 -270.699123 145.561778 7151.939483 -0.262505 0.910507 -0.319479 0.362291 -0.213867 -0.907197 0.894336 0.353889 0.273728
-2.570271 -14.606216 -63.674180 784.639046 0.182173 0.888733 -0.420673 -0.252838 -0.371106 -0.893506 0.950203 -0.269135 -0.157100
-1.379201 -5.270103 30.140833 -51.690828 0.026888 0.559129 -0.828645 0.315608 0.781797 0.537759 0.948509 -0.275986 -0.155445
-3.083621 -13.492851 -40.895536 707.963108 0.127337 0.894866 -0.427785 -0.226325 -0.393703 -0.890940 0.965693 -0.210268 -0.152398
-3.297665 -15.277538 11.554211 854.200005 0.055392 0.846890 -0.528875 -0.188299 -0.511323 -0.838506 0.980548 -0.146033 -0.131145
-3.687801 -42.073271 -22.859592 2123.007495 0.086781 0.912863 -0.398936 -0.113063 -0.388835 -0.914344 0.989791 -0.124453 -0.069467
-3.322935 -47.869986 -13.255526 2502.123920 0.161323 0.905580 -0.392302 -0.134566 -0.373611 -0.917773 0.977684 -0.200849 -0.061588
-1.227623 -26.879380 107.422714 -463.651675 -0.028106 0.890238 -0.454627 0.951827 0.162763 0.259873 0.305345 -0.425422 -0.851927
-0.737267 -25.293754 125.416859 -320.487772 -0.013040 0.896241 -0.443376 -0.769683 -0.292049 -0.567711 0.638293 -0.333856 -0.693629
-2.808779 -29.045249 153.606387 -71.906385 -0.014178 0.895316 -0.445207 -0.855272 -0.241516 -0.458455 0.517986 -0.374273 -0.769162
-2.424791 -30.400868 50.199671 -1052.739577 0.051886 0.881220 -0.469851 -0.549591 -0.367632 -0.750197 0.833821 -0.297151 -0.465236
-5.070147 -35.476110 172.816797 -887.953581 0.029591 0.867203 -0.497075 -0.671567 -0.351084 -0.652485 0.740353 -0.353127 -0.571996
-4.823868 -32.536584 232.041099 -249.963267 0.010908 0.886935 -0.461765 0.915163 0.177229 0.362032 0.402937 -0.426539 -0.809757
-5.133812 -17.492900 -134.167550 -77.134277 0.968880 0.210073 -0.130923 -0.122094 0.865677 0.485485 -0.215324 0.454392 -0.864386
-6.844381 -18.480812 -77.760730 -143.109952 0.991460 0.109670 -0.070566 -0.056268 0.847892 0.527175 -0.117647 0.518703 -0.846822
-5.532862 -17.375187 -99.927774 -15.585915 0.977658 0.196732 -0.074031 -0.152616 0.906532 0.393584 -0.144542 0.373492 -0.916303
-6.086035 -10.598536 -0.110461 54.632038 -0.277143 0.944032 0.178872 -0.913342 -0.201039 -0.354105 0.298326 0.261509 -0.917940
-5.233203 -9.867004 -54.000145 -82.750989 -0.437169 0.878267 0.193726 0.875667 0.366516 0.314441 0.205159 0.307103 -0.929299
-4.350755 -5.524370 -81.630076 18.717666 0.201439 0.975695 0.086260 -0.780299 0.106617 0.616251 -0.592077 0.191446 -0.782811
-1.352047 -6.482547 -304.555958 51.816496 0.206893 0.978229 0.016218 -0.781697 0.155313 0.604010 -0.588341 0.137643 -0.796812
-1.432783 -6.098824 -234.360363 47.000558 -0.044506 0.968549 0.244809 -0.750032 -0.194267 0.632229 -0.659903 0.155476 -0.735089
-4.858504 -5.793748 -42.496947 22.097541 -0.266666 0.833943 0.483144 -0.737958 -0.499116 0.454204 -0.619925 0.235419 -0.748512
-12.309952 -48.145248 -1116.599879 780.538318 0.501229 0.818014 -0.282176 -0.601791 0.095208 -0.792958 0.621786 -0.567265 -0.539994
-89.278004 -144.103057 -6568.168944 -449.835041 0.713744 0.606315 -0.350643 -0.532662 0.144811 -0.833847 0.454797 -0.781928 -0.426319
-31.411629 -181.297051 -3036.754190 -9957.521122 0.678872 0.728363 -0.092848 -0.024633 -0.103788 -0.994294 0.733844 -0.677285 0.052517
-3.516604 -59.048911 -248.834606 -3329.851360 0.390271 0.918992 -0.056060 -0.090202 -0.022431 -0.995671 0.916271 -0.393639 -0.074140
1.453418 -29.601345 311.280774 -573.785844 0.243018 0.967641 -0.067926 -0.404882 0.037551 -0.913598 0.881483 -0.249523 -0.400906
8.416882 -14.289509 13.406082 15.321413 0.018666 0.995621 -0.091595 0.884531 0.026264 0.465742 -0.466108 0.089713 0.880167
7.816308 -15.070355 17.520915 47.611539 -0.012372 0.999857 -0.011512 0.843257 0.016620 0.537253 -0.537368 0.003061 0.843343
0.726975 -1.814293 18.158891 -22.859598 0.555342 0.763518 0.329600 0.825599 -0.553783 -0.108211 0.099906 0.332212 -0.937899
0.654428 -2.050401 -34.207371 -11.926012 0.575591 0.760605 0.300291 0.812892 -0.572123 -0.109006 0.088893 0.306847 -0.947599
0.804022 -2.685132 -38.034250 -52.255748 0.799010 0.552834 0.236553 -0.599851 0.760247 0.249404 0.041960 0.341173 -0.939063
0.293602 -2.492468 -54.330541 11.639258 0.691835 0.672026 0.264094 0.720088 -0.669129 -0.183686 0.053271 0.317251 -0.946844
0.477933 -11.332482 68.058762 344.052208 0.967762 -0.251245 -0.017658 0.087245 0.400173 -0.912277 -0.236272 -0.881327 -0.409193
0.399932 -8.183043 19.858702 13.756471 0.966865 -0.218523 -0.131983 -0.008983 0.487553 -0.873047 -0.255129 -0.845305 -0.469435
1.354463 -8.625971 58.094241 215.432134 0.964698 -0.259960 -0.042175 0.072755 0.416976 -0.906001 -0.253110 -0.870949 -0.421169
-0.108849 -8.869512 56.802195 96.378618 0.971664 -0.222760 -0.079043 0.039034 0.481041 -0.875829 -0.233123 -0.847925 -0.476105
1.480865 -16.001979 76.343356 568.789744 0.960111 -0.279617 -0.000178 0.091623 0.315204 -0.944591 -0.264180 -0.906896 -0.328251
0.043630 -17.494926 91.625857 536.686153 0.967163 -0.254105 0.005085 0.069624 0.245650 -0.966855 -0.244434 -0.935461 -0.255275
-0.472167 -12.943661 76.718193 400.097706 0.969461 -0.244755 -0.015489 0.082822 0.386193 -0.918692 -0.230836 -0.889354 -0.394670
-2.310094 -3.783833 -81.429018 49.899307 0.921775 0.264134 -0.283837 -0.338025 0.906044 -0.254605 -0.189919 -0.330633 -0.924453
0.457646 -9.484497 21.319978 29.955853 -0.039073 0.996414 0.075046 0.807492 0.075724 -0.584997 0.588582 -0.037742 0.807556
0.947740 -10.734093 27.496099 100.942674 -0.266320 0.957423 0.111424 0.886185 0.288681 -0.362407 0.379142 -0.002226 0.925336
1.003965 -10.795225 51.363522 9.199470 -0.266375 0.958071 0.105563 0.927151 0.284627 -0.243676 0.263505 -0.032963 0.964095
3.758928 -18.037643 38.494759 -50.004238 0.017822 0.956885 -0.289920 0.550641 -0.251423 -0.795978 0.834552 0.145456 0.531381
0.513945 -30.493179 -48.284340 -286.845657 -0.267908 0.941232 -0.205687 0.963330 0.264998 -0.042100 0.014880 -0.209423 -0.977712
-0.275371 -14.308008 32.055809 66.711651 0.075665 0.964634 -0.252500 0.411196 0.200506 0.889221 -0.908401 0.171110 0.381483
-0.460346 -15.031420 36.638614 87.227137 0.078929 0.966797 -0.243051 0.234860 0.218915 0.947057 -0.968819 0.131833 0.209783
-0.503408 -5.156029 -31.685170 -25.126415 -0.237818 0.970175 0.046929 0.763286 0.156787 0.626748 -0.600697 -0.184872 0.777808
-1.573783 -5.019023 -79.486466 -41.641096 -0.199979 0.976813 0.076444 0.759653 0.105299 0.641747 -0.618818 -0.186407 0.763097
-0.831858 -4.823859 -62.880180 -23.668732 -0.240156 0.969538 0.048182 0.715344 0.143203 0.683942 -0.656208 -0.198719 0.727944
1.808252 -3.862664 -64.486105 -64.209703 -0.342475 0.918716 0.196654 -0.469636 -0.348685 0.811086 -0.813728 -0.185420 -0.550878
2.056523 -4.202162 -78.773471 -29.320301 -0.357978 0.910035 0.209015 -0.395027 -0.350434 0.849205 -0.846053 -0.221431 -0.484937
-0.593097 -11.296827 69.488611 327.735165 -0.197637 0.953764 -0.226436 -0.216187 -0.267712 -0.938932 0.956140 0.136615 -0.259101
-0.420540 -8.300670 44.339027 307.182240 -0.177556 0.960139 -0.215887 -0.351866 -0.266809 -0.897220 0.919056 0.083344 -0.385214
3.194315 -2.912907 -121.206467 28.884375 -0.132830 0.920192 -0.368244 0.969355 0.043143 -0.241848 -0.206659 -0.389084 -0.897723
3.401360 -3.453189 -121.106181 51.778944 -0.210481 0.914367 -0.345877 0.945722 0.100838 -0.308936 -0.247604 -0.392128 -0.885961
1.464796 -2.854250 -177.100384 58.106343 -0.216085 0.894795 -0.390704 0.951534 0.103305 -0.289673 -0.218836 -0.434362 -0.873751
-0.233445 -15.721810 -26.640707 51.812784 -0.310994 0.950039 -0.026615 0.365654 0.145451 0.919316 -0.877257 -0.276170 0.392620
4.155878 -8.146327 -329.303282 100.715168 -0.505506 0.860221 -0.066960 0.849158 0.482242 -0.215345 -0.152953 -0.165718 -0.974240
5.083694 -8.829606 -305.394094 72.723437 -0.543771 0.838848 -0.025441 -0.783469 -0.496540 0.373664 -0.300815 -0.223120 -0.927215
3.321189 -8.625801 -338.729386 86.842711 -0.542286 0.838253 -0.057073 -0.786983 -0.482978 0.383914 -0.294252 -0.253107 -0.921603
1.163242 -23.830329 24.932587 -50.258546 -0.663593 0.494922 -0.560979 0.664305 0.734677 -0.137654 0.344010 -0.464007 -0.816305
-0.115279 -1.228761 8.773785 27.631787 -0.226787 0.949770 -0.215651 -0.833486 -0.303811 -0.461520 0.503855 -0.075075 -0.860520
-1.029071 -1.456883 -16.570915 95.907852 -0.621427 0.662458 -0.418304 0.562217 0.748902 0.350795 0.545656 -0.017184 -0.837833
-0.288380 -2.146969 73.237929 -225.216480 -0.127897 0.985803 -0.108787 -0.820881 -0.166776 -0.546205 0.556593 -0.019443 -0.830558
0.413290 -2.053481 -7.353468 -79.969265 -0.157837 0.972239 -0.172741 -0.837470 -0.224484 -0.498247 0.523193 -0.066023 -0.849653
-5.773332 -8.866525 46.438753 -151.642823 0.939690 -0.341733 -0.014162 0.271389 0.719780 0.638956 0.208158 0.604265 -0.769113
0.107974 -44.595170 -17.747410 986.434777 0.564402 -0.474259 0.675669 0.484986 -0.471841 -0.736311 -0.668011 -0.743266 0.036299
0.428176 -44.563158 -26.730127 1036.292719 0.563036 -0.469156 0.680355 0.522637 -0.435585 -0.732883 -0.640188 -0.768218 0.000052
0.221059 -37.910590 -3.997455 763.484060 -0.576958 0.477433 -0.662704 0.686359 -0.156420 -0.710242 -0.442753 -0.864633 -0.237443
0.834501 -1.712358 29.249762 182.088684 0.706925 -0.642883 0.294888 0.611399 0.765053 0.202199 -0.355595 0.037354 0.933893
0.205065 -4.075952 19.906719 87.180155 -0.442300 0.874087 -0.200856 0.789968 0.485722 0.374199 -0.424642 -0.006839 0.905335
0.321501 -2.787652 4.827790 101.169104 -0.586087 0.764836 -0.267448 0.702712 0.644134 0.302137 -0.403358 0.010861 0.914978
1.229399 -0.952165 116.168397 113.572232 0.869987 -0.338376 0.358643 0.334438 0.939424 0.075065 -0.362318 0.054638 0.930452
-1.881608 -6.799575 15.074203 -8.171377 -0.553998 0.765966 -0.326163 0.335159 0.563830 0.754827 -0.762072 -0.308857 0.569081
