17663
35308
-2.806016 -4.711194 0.029555 35.160834 0.870614 -0.471421 0.140692 -0.484544 -0.871157 0.079388 -0.085140 0.137288 0.986865
-3.466304 -5.457334 5.782253 27.061925 0.949026 -0.296504 0.106934 -0.313043 -0.926243 0.209946 -0.036797 0.232719 0.971848
-4.676811 -5.754691 36.663380 77.074889 0.978881 0.199869 0.042951 0.188166 -0.963013 0.192871 -0.079911 0.180716 0.980284
-3.023888 -4.630800 -17.371976 21.795693 0.793158 -0.602803 0.086768 -0.609001 -0.784071 0.119790 0.004178 0.147854 0.989000
-3.841223 -4.562822 -4.723997 -65.003432 0.983794 0.108705 0.142591 -0.099129 0.992420 -0.072642 -0.149406 0.057329 0.987113
-2.642216 -4.297872 7.080866 -20.328972 0.740224 -0.662381 0.115414 0.667294 0.744775 -0.005395 -0.082384 0.081009 0.993303
3.133563 -1.007226 -34.112884 -81.188563 0.899950 -0.249487 0.357557 0.148683 -0.595319 -0.789613 -0.409859 -0.763774 0.498663
2.170262 -2.312649 -84.823825 -46.704789 0.856037 -0.450221 0.253970 -0.015973 -0.514125 -0.857567 -0.516667 -0.730052 0.447302
2.834756 1.734041 -179.565818 -53.038419 0.000679 -0.601136 -0.799147 0.869942 -0.393747 0.296924 -0.493153 -0.695413 0.522686
-0.148467 -7.666285 -23.984437 248.276313 0.785070 -0.528192 0.323540 0.327923 0.797554 0.506334 -0.525482 -0.291411 0.799342
0.583431 -6.050258 -34.035809 148.981912 -0.716442 0.696988 -0.030300 0.588270 0.626896 0.510823 -0.375032 -0.348150 0.859152
0.332287 -4.578860 74.223012 -65.078801 0.802480 -0.586596 0.109230 -0.419543 -0.684882 -0.595752 -0.424276 -0.432252 0.795706
-0.521081 -1.579923 -3.547909 -18.897604 0.801835 -0.594062 0.064433 -0.567965 -0.724191 0.391106 0.185679 0.350197 0.918088
-0.534799 -1.314554 1.699125 -11.634343 0.885797 -0.464027 -0.006487 -0.417617 -0.803144 0.424920 0.202384 0.373684 0.905208
-0.599002 -1.765792 5.167803 -17.515730 0.787671 -0.610851 0.080227 -0.590386 -0.711148 0.381724 0.176124 0.348038 0.920788
-0.561577 -2.090481 -0.538382 -17.961847 0.747765 -0.656262 0.100836 -0.645903 -0.683807 0.339436 0.153807 0.318949 0.935209
-0.591620 -1.937098 -7.387569 -17.254018 0.780695 -0.620442 0.074613 -0.602641 -0.715894 0.352590 0.165346 0.320230 0.932799
-0.143042 -2.163273 14.907235 -9.981709 0.032859 0.415020 -0.909219 0.995366 0.068666 0.067315 0.090370 -0.907217 -0.410840
-0.773127 -2.547878 6.512919 -10.274362 0.293360 0.421194 -0.858217 0.946459 -0.001430 0.322821 0.134743 -0.906970 -0.399062
-0.383851 -2.289515 23.863756 -13.384771 0.254572 0.427817 -0.867275 0.963913 -0.040035 0.263189 0.077875 -0.902978 -0.422571
0.161506 -2.005454 31.977740 -13.479059 0.033288 0.432918 -0.900819 0.998891 0.015622 0.044420 0.033303 -0.901298 -0.431918
0.352954 -2.029176 12.773173 -16.661579 -0.148377 0.391575 -0.908104 0.987605 0.106200 -0.115573 0.051185 -0.913997 -0.402480
-0.625186 -3.631284 -4.650854 -9.971797 0.854785 -0.441391 0.272976 -0.488288 -0.862198 0.134865 -0.175831 0.248572 0.952521
-0.530493 -3.721793 -5.435664 -3.838392 0.848045 -0.456781 0.268648 0.478033 0.878200 -0.015813 -0.228703 0.141832 0.963109
-0.589880 -3.585393 -0.195545 -8.609460 0.838264 -0.481212 0.256414 -0.523128 -0.842390 0.129289 -0.153786 0.242516 0.957881
-0.627283 -3.188132 -1.691353 -20.611871 0.840333 -0.471833 0.266859 -0.531786 -0.813010 0.237102 -0.105087 0.341157 0.934114
-0.312343 -3.544909 13.883823 -1.810276 0.836145 -0.504512 0.215243 -0.529345 -0.845027 0.075649 -0.143721 0.177192 0.973626
-0.334781 -3.314790 12.633162 -14.177012 0.852306 -0.474033 0.221059 -0.514851 -0.834854 0.194799 -0.092211 0.279841 0.955608
0.780323 -5.981797 -9.656252 23.372039 0.894240 -0.153792 0.420336 0.445822 0.389388 -0.805990 0.039719 -0.908144 -0.416770
0.687824 -6.498166 -11.652314 -1.704337 0.905568 -0.157380 0.393927 0.416615 0.504797 -0.756050 0.079866 -0.848771 -0.522695
0.453437 -5.792830 -8.671621 6.146602 0.893725 -0.175623 0.412811 0.448413 0.377439 -0.810226 0.013517 -0.909229 -0.416077
0.533423 -5.530052 -8.231153 -14.149519 0.878301 -0.170374 0.446722 0.473651 0.182771 -0.861539 -0.065136 -0.968281 -0.241226
0.079164 -2.151622 19.109253 -22.681233 0.860961 -0.459462 0.218269 -0.508553 -0.768261 0.388779 0.010941 0.445724 0.895103
0.703100 -2.044915 24.091760 -20.793746 0.856159 -0.466102 0.223026 -0.516400 -0.756842 0.400650 0.017948 0.458191 0.888673
-0.094659 -1.708934 14.872446 -16.311763 0.858119 -0.460606 0.226877 -0.512431 -0.740453 0.434907 0.032329 0.489461 0.871426
-0.428666 -1.699680 8.086544 -25.472021 0.817792 -0.507406 0.271580 -0.575380 -0.710669 0.404830 0.012410 0.487329 0.873130
-0.359309 -2.201593 8.341570 -28.203838 0.842193 -0.477694 0.250040 -0.538888 -0.760928 0.361369 -0.017639 0.439086 0.898272
1.664425 -3.123662 58.373109 44.144693 0.201724 -0.969848 0.136756 0.971247 0.180052 -0.155758 0.126438 0.164244 0.978283
1.038344 -3.400573 56.793986 56.596654 0.280128 -0.952766 0.117322 0.956310 0.266319 -0.120605 0.083663 0.145981 0.985743
2.153059 -4.338747 53.297900 67.491989 0.253804 -0.956014 0.147039 0.964788 0.239362 -0.109046 0.069054 0.169538 0.983102
2.338824 -3.841576 8.927259 48.322177 0.194536 -0.954702 0.225167 0.972740 0.158228 -0.169530 0.126223 0.252009 0.959458
1.882465 -6.537321 3.467078 -43.249005 0.687371 0.008757 0.726253 -0.549640 -0.647372 0.528019 -0.474780 0.762123 0.440172
1.399977 -5.229295 -2.295100 -11.072340 0.634229 0.016771 0.772963 -0.616576 -0.592218 0.518760 -0.466462 0.805604 0.365262
1.492773 -6.018362 -8.926990 7.814341 0.698121 0.036795 0.715034 -0.602272 -0.509852 0.614263 -0.387163 0.859475 0.333778
1.771321 -6.983512 -2.793289 -66.324816 0.637456 0.033699 0.769749 -0.538444 -0.695113 0.476336 -0.551115 0.718110 0.424959
1.635394 -6.100437 -0.994112 4.409534 0.719661 -0.013606 0.694192 -0.595332 -0.526604 0.606851 -0.357307 0.850002 0.387077
1.716862 -6.356157 3.939208 -42.739050 0.728301 -0.012879 0.685136 -0.529236 -0.645696 0.550442 -0.435301 0.763486 0.477077
2.302384 -8.597560 15.066343 -92.833776 0.722143 0.008636 0.691690 -0.439419 -0.766533 0.468336 -0.534248 0.642147 0.549751
2.153326 -9.314845 -0.143433 -105.717115 0.671714 0.049690 0.739142 -0.442343 -0.773452 0.453987 -0.594249 0.631904 0.497559
-0.093647 -5.553756 -4.084509 -4.728500 -0.899515 -0.058498 -0.432956 -0.125822 0.983695 0.128500 0.418380 0.170063 -0.892209
-0.135743 -5.493339 -4.672904 -3.528879 -0.901752 -0.021388 -0.431724 -0.011301 0.999600 -0.025917 0.432106 -0.018492 -0.901633
-0.220778 -5.750096 -2.476966 -4.240132 -0.904840 -0.051409 -0.422637 -0.113233 0.985989 0.122490 0.410419 0.158691 -0.897983
0.177022 -5.244024 -7.235997 -5.224031 -0.900576 -0.018155 -0.434320 -0.012014 0.999785 -0.016880 0.434533 -0.009984 -0.900601
-0.143986 -5.785049 -1.911879 -2.054797 -0.900238 -0.076095 -0.428698 -0.212516 0.936152 0.280100 0.380012 0.343262 -0.858931
0.214713 -5.348016 -7.067957 -4.499132 -0.899495 -0.047139 -0.434380 -0.122185 0.981637 0.146488 0.419498 0.184840 -0.888738
-0.062626 -5.625565 -3.290171 -1.664258 -0.894117 -0.084500 -0.439790 -0.230448 0.928853 0.290046 0.383992 0.360683 -0.849975
0.197118 -2.327802 -6.561276 24.526398 0.942635 -0.160637 0.292635 0.117165 0.980046 0.160565 -0.312589 -0.117068 0.942647
0.042451 -3.161253 -5.957559 31.965005 0.943301 -0.166132 0.287373 0.097989 0.966529 0.237109 -0.317146 -0.195505 0.928007
0.135069 -2.083520 -3.662887 22.245994 0.948495 -0.099161 0.300872 0.059855 0.988737 0.137176 -0.311085 -0.112102 0.943747
0.278106 -1.433675 -3.375410 14.231702 0.948664 -0.069774 0.308492 0.046309 0.995494 0.082751 -0.312876 -0.064217 0.947621
0.268221 -1.634922 3.027020 14.942588 0.954039 -0.113505 0.277356 0.087094 0.990566 0.105795 -0.286747 -0.076777 0.954925
-0.243026 -12.701533 -4.891418 73.478593 0.880257 -0.389288 -0.271298 0.340874 0.916547 -0.209157 0.330079 0.091634 0.939495
-0.114010 -13.754288 -9.075323 101.974157 0.886740 -0.380309 -0.262787 0.378808 0.923628 -0.058452 0.264948 -0.047714 0.963082
-0.263375 -14.190891 -3.388517 99.162528 0.884462 -0.375513 -0.276978 0.390401 0.920644 -0.001510 0.255565 -0.106797 0.960875
0.155250 -9.300349 14.176541 -165.519413 0.850923 -0.388787 -0.353234 -0.059436 -0.739399 0.670639 0.521917 0.549668 0.652279
-0.272268 -12.176912 3.927131 179.711267 0.860693 -0.380353 -0.338436 0.162113 0.834885 -0.526010 0.482625 0.397868 0.780240
1.284822 -9.842364 44.032808 -213.132341 0.853994 -0.333071 -0.399697 -0.001494 -0.769797 0.638287 0.520280 0.544497 0.657899
-2.750828 -6.138325 -2.942722 33.299660 0.965876 0.228529 0.121891 0.188114 -0.295482 -0.936645 0.178034 -0.927612 0.328389
-2.913595 -7.081514 -4.525682 34.569988 0.972094 0.216820 0.089566 0.182288 -0.457818 -0.870157 0.147663 -0.862202 0.484566
-2.754226 -6.274435 0.302153 28.879239 0.968421 0.181661 0.170761 0.224330 -0.336025 -0.914748 0.108794 -0.924168 0.366166
-2.994327 -6.967265 -7.763077 38.819773 0.964879 0.261019 0.029629 0.141276 -0.420504 -0.896224 0.221472 -0.868933 0.442611
-2.594680 -5.449565 1.639749 34.055980 0.956656 0.186440 0.223717 0.257546 -0.183043 -0.948770 0.135939 -0.965264 0.223126
-2.727944 -5.901831 -4.062581 38.278449 0.962275 0.267895 0.047518 0.119611 -0.259667 -0.958262 0.244375 -0.927796 0.281915
-2.522097 -5.233510 -2.400214 39.395898 0.960471 0.226444 0.161921 0.197992 -0.146791 -0.969150 0.195689 -0.962900 0.185823
0.048622 -12.321771 18.855844 66.718989 0.993877 -0.072299 0.083549 0.095831 0.940444 -0.326161 0.054992 -0.332171 -0.941615
0.161673 -11.539268 25.777526 39.598066 0.994104 -0.075571 0.077752 0.083284 0.991366 -0.101279 0.069427 -0.107157 -0.991815
0.356563 -11.918502 2.214823 60.932011 0.996531 -0.065849 0.050899 0.078220 0.949944 -0.302469 0.028433 -0.305401 -0.951799
-0.161216 -20.055538 11.840985 -318.187547 -0.737522 0.389174 0.551911 0.046125 0.844375 -0.533764 -0.673746 -0.368205 -0.640696
-0.029784 -20.049845 -3.882253 -410.378223 -0.753867 0.370862 0.542352 -0.030759 0.804638 -0.592969 -0.656307 -0.463702 -0.595182
-0.132196 -22.663751 -8.381701 -156.016250 -0.767114 0.348573 0.538548 0.224225 0.932238 -0.283999 -0.601049 -0.097104 -0.793291
0.294037 -22.555571 11.006533 -385.394617 -0.758667 0.330194 0.561601 0.055124 0.891485 -0.449683 -0.649142 -0.310202 -0.694542
-0.034670 -21.598020 3.168272 226.536640 -0.768228 0.331953 0.547387 0.385659 0.922463 -0.018160 -0.510972 0.197154 -0.836682
-0.368330 -21.549277 -13.915070 228.076412 -0.778985 0.344926 0.523649 0.417588 0.908348 0.022882 -0.467763 0.236494 -0.851627
0.099280 -21.741548 8.866485 -55.095803 -0.757699 0.336928 0.558903 0.248332 0.940847 -0.230517 -0.603510 -0.035869 -0.796548
1.271765 -11.754878 426.015542 517.093256 0.951479 -0.307623 -0.007461 0.281907 0.861708 0.421886 0.123352 0.403519 -0.906618
1.460619 -6.985518 437.645735 298.059339 0.889194 -0.446382 -0.100382 0.434263 0.754339 0.492329 0.144045 0.481369 -0.864601
4.584084 -12.820269 316.195978 475.126733 0.925660 -0.363186 -0.106060 0.373514 0.832478 0.409227 0.060333 0.418421 -0.906247
3.809330 -17.585836 358.261290 502.291114 0.952574 -0.303676 -0.019583 0.299265 0.923186 0.241180 0.055162 0.235603 -0.970283
6.424545 -17.580329 57.269792 444.331313 0.921932 -0.324964 -0.210810 0.369837 0.900273 0.229629 -0.115165 0.289667 -0.950174
6.434253 -13.957219 14.894358 395.479576 0.899106 -0.359358 -0.249940 0.432514 0.817216 0.380906 -0.067373 0.450578 -0.890191
5.343020 -16.076331 -94.620930 136.691256 0.784350 -0.384386 -0.486871 0.603063 0.656347 0.453347 -0.145295 0.649197 -0.746614
5.336319 -14.402563 -97.460288 -75.074117 0.746674 -0.432809 -0.505128 0.665190 0.486466 0.566456 -0.000560 0.758964 -0.651132
3.373229 -17.281788 -64.631216 165.017893 0.766494 -0.369345 -0.525425 0.633626 0.568506 0.524709 -0.104909 0.735109 -0.669783
3.902094 -22.507900 -81.422431 371.499181 0.794509 -0.336679 -0.505374 0.537839 0.776528 0.328226 -0.281930 0.532589 -0.798038
1.618518 -20.721712 -66.329902 269.977140 0.760948 -0.300837 -0.574853 0.606289 0.645187 0.464917 -0.231023 0.702304 -0.673348
1.730379 -17.094122 -54.591344 146.114214 0.752490 -0.329757 -0.570105 0.658436 0.396185 0.639921 -0.014849 0.856912 -0.515249
-278.982974 -611.037961 4670.250272 52600.671997 -0.463416 -0.739027 0.488963 0.784120 -0.084942 0.614769 -0.412797 0.668300 0.618849
-39.311239 -217.550529 -800.499434 1867.867997 -0.115002 0.323287 0.939287 0.802998 0.586894 -0.103684 -0.584781 0.742322 -0.327093
-37.028908 -191.215913 -783.090556 -3730.830589 0.125123 0.894027 0.430186 0.429048 -0.439712 0.789032 -0.894574 -0.085845 0.438599
0.513142 -7.212133 11.983163 15.193505 0.736365 -0.659810 0.149727 0.570788 0.724638 0.386135 -0.363273 -0.198874 0.910210
0.396701 -7.457324 34.376430 27.108231 0.719339 -0.684034 0.121033 0.612109 0.706541 0.355137 -0.328440 -0.181378 0.926946
0.214072 -6.965555 9.590380 30.389580 0.713169 -0.688836 0.129978 0.633829 0.712857 0.300158 -0.299416 -0.131680 0.944992
-0.009308 -6.483540 -8.479496 29.052943 0.725472 -0.669700 0.158719 0.621445 0.736509 0.267133 -0.295797 -0.095163 0.950499
0.074061 -6.466304 -3.580008 39.301767 0.694921 -0.705351 0.139873 0.671903 0.706220 0.223157 -0.256186 -0.061096 0.964695
0.551097 -8.268303 -13.835829 45.712305 0.974568 -0.159184 0.157726 0.159427 -0.002107 -0.987207 -0.157480 -0.987247 -0.023325
0.542645 -9.143217 -13.445448 47.048565 0.970057 -0.158965 0.183629 0.146911 -0.218018 -0.964824 -0.193408 -0.962911 0.188137
0.584469 -8.828050 2.033804 64.622072 0.979732 -0.134213 0.148703 0.133032 -0.119053 -0.983935 -0.149761 -0.983775 0.098785
-1.927374 -4.618835 0.161961 11.476482 0.907212 -0.043362 0.418433 0.326767 0.699068 -0.636025 0.264933 -0.713739 -0.648372
-1.875767 -4.231373 1.473260 27.785415 0.897745 -0.009292 0.440417 0.282787 0.778737 -0.560001 0.337765 -0.627282 -0.701735
-1.821573 -4.440549 6.130705 0.471114 0.875812 -0.035438 0.481350 0.372177 0.684574 -0.626772 0.307308 -0.728082 -0.612747
1.091458 -0.720719 89.466414 -4.427547 0.665047 0.728992 -0.162121 0.728840 -0.586247 0.353704 0.162805 -0.353390 -0.921200
1.195429 -0.729405 96.431673 -7.907678 0.649523 0.745049 -0.151729 0.744675 -0.583043 0.324839 0.153556 -0.323979 -0.933519
2.737990 -0.628300 88.853072 -9.684656 0.509773 0.817214 -0.268873 0.851347 -0.434200 0.294413 0.123854 -0.378988 -0.917076
2.544863 -0.618353 76.872262 -0.815517 0.506022 0.809387 -0.298052 0.852178 -0.415800 0.317654 0.133175 -0.414733 -0.900145
1.048256 -0.622205 83.870805 7.391124 0.635388 0.746607 -0.197128 0.751947 -0.540153 0.377902 0.175665 -0.388345 -0.904616
0.177865 -14.917311 0.098822 239.701755 0.857709 -0.000763 0.514134 -0.408738 0.605593 0.682781 0.311877 0.795774 -0.519111
0.209810 -13.002399 1.884368 117.031915 0.853730 0.008052 0.520654 -0.441488 0.541371 0.715546 0.276105 0.840745 -0.465739
0.215527 -14.763574 1.889040 104.752017 0.861348 -0.007369 0.507963 -0.365567 0.685327 0.629831 0.352762 0.728198 -0.587611
-2.000845 -13.109166 1.235704 -412.242336 -0.376216 0.038241 0.925742 0.108311 0.994113 0.002951 -0.920179 0.101378 -0.378144
-2.427922 -20.137679 24.388447 -621.702143 -0.314024 -0.057574 0.947668 0.106338 0.989746 0.095367 -0.943441 0.130721 -0.304682
-2.497523 -28.434586 0.402095 -830.588552 -0.370565 0.010477 0.928747 0.228347 0.970274 0.080163 -0.900299 0.241782 -0.361942
-1.878879 -24.874608 -27.166345 -754.823807 -0.462966 0.077364 0.882994 0.247667 0.967797 0.045061 -0.851072 0.239551 -0.467217
-2.914871 -8.784933 -89.170066 -34.183687 0.739071 0.233397 0.631902 -0.668650 0.140355 0.730211 -0.081739 0.962199 -0.259793
-5.690338 -10.330998 37.124899 276.227598 0.591080 0.162460 0.790083 0.796160 -0.274687 -0.539144 0.129436 0.947710 -0.291706
-4.510462 -9.447471 -31.236791 253.360964 0.617421 0.253583 0.744639 0.771732 -0.378644 -0.510939 0.152388 0.890126 -0.429481
-2.485347 -9.624221 -141.827332 202.570349 0.700506 0.345906 0.624212 0.712589 -0.291433 -0.638188 -0.038837 0.891861 -0.450639
-0.748757 -9.721922 -289.313523 -7.088402 0.750731 0.429876 0.501608 -0.606868 0.148797 0.780750 -0.260988 0.890543 -0.372584
-0.411833 -9.298034 -273.346350 155.405060 0.748108 0.399448 0.529883 -0.558725 -0.051626 0.827745 -0.357997 0.915301 -0.184560
3.192060 -5.383241 5.913643 5.942015 -0.993417 -0.029240 -0.110763 -0.019486 0.995918 -0.088137 0.112888 -0.085399 -0.989931
3.823701 -5.183536 12.450445 47.707046 -0.978308 -0.086325 -0.188312 -0.073786 0.994626 -0.072627 0.193570 -0.057156 -0.979420
3.486815 -5.349585 27.784263 -36.568812 -0.978132 -0.130711 -0.161776 -0.127037 0.991352 -0.032897 0.164677 -0.011626 -0.986279
3.882871 -6.429372 -15.499324 64.107397 -0.977858 -0.028077 -0.207377 0.008518 0.984797 -0.173502 0.209096 -0.171427 -0.962752
0.450400 -4.004812 -11.159056 10.736023 0.994908 -0.100604 0.006015 0.051804 0.561673 0.825736 0.086451 0.821220 -0.564024
0.653448 -4.081202 -3.499856 8.166553 0.993535 -0.111755 0.019994 0.047092 0.565925 0.823111 0.103301 0.816848 -0.567529
0.468081 -3.714411 -8.772401 12.700761 0.994768 -0.093111 0.042042 0.004665 0.452488 0.891758 0.102055 0.886896 -0.450555
0.189701 -3.592392 -17.508294 14.953470 0.996078 -0.086315 0.019439 0.021961 0.454034 0.890714 0.085708 0.886793 -0.454149
-0.944887 -1.618856 -17.706724 -26.046681 0.920122 0.099398 0.378808 0.224336 0.659066 -0.717848 0.321012 -0.745488 -0.584123
-0.676856 -2.287706 -16.029942 -19.642667 0.919911 0.068824 0.386041 0.227840 0.707432 -0.669051 0.319145 -0.703423 -0.635093
-1.212040 -2.272344 -26.696055 -20.572248 0.906247 0.060284 0.418429 0.257885 0.705457 -0.660172 0.334981 -0.706185 -0.623771
-0.916091 -2.723477 -25.103107 -14.126981 0.920190 0.079833 0.383244 0.195724 0.754019 -0.627014 0.339030 -0.651983 -0.678216
-1.420044 -1.609063 -18.970259 -25.938910 0.790621 -0.105740 0.603107 0.511851 0.654710 -0.556205 0.336047 -0.748448 -0.571750
-0.226504 -4.488784 -1.976879 -0.874573 0.943525 -0.331188 -0.008634 0.106751 0.279248 0.954267 0.313630 0.901296 -0.298832
-0.199706 -4.490122 -1.758821 0.375769 0.947560 -0.319306 -0.013226 0.164454 0.451705 0.876879 0.274018 0.833070 -0.480529
-0.234134 -4.486978 -0.296130 -2.806244 0.947466 -0.319691 -0.010245 0.111392 0.299769 0.947486 0.299832 0.898853 -0.319633
0.488349 -4.440867 -8.174129 -9.774523 0.814675 -0.558621 0.155716 -0.196637 -0.518699 -0.832037 -0.545563 -0.647220 0.532416
0.281530 -4.562793 -8.144197 -5.810864 0.815712 -0.550548 0.177515 -0.110607 -0.449660 -0.886325 -0.567786 -0.703351 0.427687
0.256129 -4.445513 -6.922370 -9.000102 0.814113 -0.550440 0.185030 -0.195686 -0.560033 -0.805028 -0.546743 -0.619175 0.563644
0.436147 -4.182481 -5.835654 -8.641662 0.808872 -0.566084 0.158982 -0.288945 -0.618172 -0.731009 -0.512091 -0.545355 0.663589
0.203001 -4.153214 -6.026704 -9.107757 0.812026 -0.553557 0.184905 -0.289782 -0.657429 -0.695568 -0.506598 -0.511237 0.694259
0.020552 -4.433263 -7.701951 -8.622977 0.814951 -0.538084 0.215222 -0.192190 -0.601291 -0.775572 -0.546733 -0.590690 0.593437
-0.385891 -10.777203 -48.965196 -148.886864 0.678378 -0.182623 0.711654 0.178368 0.980574 0.081605 -0.712733 0.071578 0.697774
-1.807685 -11.746490 -30.352884 -135.967985 0.709155 -0.232841 0.665496 0.248780 0.965819 0.072816 -0.659703 0.113924 0.742841
-0.632435 -13.801125 -41.765075 -113.454943 0.702857 -0.188530 0.685893 0.387659 0.909987 -0.147120 -0.596417 0.369297 0.712676
0.783791 -10.973459 -51.580371 -155.464899 0.676427 -0.186282 0.712562 0.223153 0.973846 0.042752 -0.701890 0.130091 0.700305
0.654110 -13.723068 -42.863720 -158.882174 0.692591 -0.176667 0.699361 0.377477 0.914959 -0.142694 -0.614677 0.362821 0.700380
-0.392216 -14.242054 -35.581264 29.803819 0.712480 -0.195528 0.673900 -0.554389 -0.745589 0.369798 -0.430146 0.637076 0.639616
-1.598257 -14.121221 -40.113560 -3.195762 0.717483 -0.201906 0.666672 -0.581165 -0.701129 0.413117 -0.384012 0.683851 0.620389
-0.332901 -5.172194 2.429796 19.442020 0.902529 -0.365317 0.228003 -0.135611 -0.743636 -0.654687 -0.408720 -0.559954 0.720694
-0.161757 -4.875093 2.360796 -0.783794 0.897034 -0.390190 0.207561 -0.109626 -0.651399 -0.750774 -0.428150 -0.650715 0.627102
-0.182149 -5.111797 4.484661 19.504420 0.905323 -0.372689 0.203699 -0.164502 -0.749855 -0.640825 -0.391574 -0.546645 0.740169
-0.248206 -4.975432 0.285272 -1.402699 0.894725 -0.373395 0.245039 -0.064149 -0.650406 -0.756873 -0.441987 -0.661474 0.605887
-0.232918 -5.966461 2.238378 36.860781 0.911040 -0.348959 0.219621 -0.194904 -0.833859 -0.516421 -0.363343 -0.427676 0.827693
-0.275136 -5.030968 -0.563486 17.130344 0.894634 -0.378133 0.238003 -0.127972 -0.727226 -0.674363 -0.428081 -0.572851 0.698991
-0.269224 -5.924014 0.711477 37.912007 0.904138 -0.365189 0.221746 -0.195514 -0.815145 -0.545265 -0.379880 -0.449640 0.808403
-0.329060 -4.344298 4.013877 0.463755 0.921443 -0.388380 -0.010181 0.099802 0.211295 0.972314 0.375476 0.896948 -0.233457
-0.106724 -4.277521 7.356927 0.093492 0.910701 -0.413062 0.001683 0.080161 0.180729 0.980261 0.405213 0.892590 -0.197702
-0.253791 -4.337904 2.314704 0.963718 0.913931 -0.404911 -0.027875 0.187309 0.359855 0.914013 0.360063 0.840566 -0.404726
0.735518 -3.268622 -110.297958 -4.168337 0.504271 0.712183 -0.488370 0.652593 -0.684662 -0.324592 0.565537 0.155024 0.810022
0.131069 -4.319786 -112.855454 -45.551196 0.326952 0.878797 -0.347588 0.697770 -0.472536 -0.538355 0.637353 0.066520 0.767695
-1.267147 -3.948837 -112.496450 -6.261765 0.509294 0.709608 -0.486905 0.640439 -0.690440 -0.336349 0.574854 0.140532 0.806097
-0.088786 -3.647214 -102.312339 -24.961635 0.670759 0.499993 -0.547804 -0.539745 0.835648 0.101824 0.508682 0.227375 0.830387
1.623876 -3.004975 -100.155417 -13.577331 0.595018 0.576996 -0.559491 -0.609476 0.777727 0.153883 0.523921 0.249434 0.814426
30.589126 -9.010891 441.394575 -24.692881 -0.241617 -0.828253 0.505587 0.833078 0.090123 0.545764 -0.497596 0.553059 0.668224
34.198600 -7.244044 133.659697 -93.485293 -0.370542 -0.730441 0.573719 0.718744 0.165745 0.675230 -0.588307 0.662559 0.463585
25.640648 -8.262349 -535.116019 -39.528671 -0.421332 -0.643345 0.639208 0.801252 0.066095 0.594665 -0.424823 0.762718 0.487633
18.404191 -7.695708 -642.429999 -47.691638 -0.536938 -0.445118 0.716636 0.783451 0.051968 0.619277 -0.312894 0.893963 0.320824
16.641859 -7.894990 -307.096140 23.947908 -0.366721 -0.687954 0.626286 0.906954 -0.114405 0.405396 -0.207243 0.716680 0.665898
22.225199 -9.050905 77.101117 38.652631 -0.228880 -0.828333 0.511350 0.936519 -0.044044 0.347839 -0.265604 0.558502 0.785830
-4.183667 -27.631603 -8.202137 171.774761 -0.460234 -0.395798 0.794688 0.874642 -0.355665 0.329398 0.152268 0.846668 0.509871
-4.307550 -17.056040 -18.506503 -2.573515 -0.301124 -0.487323 0.819659 0.877612 -0.477837 0.038320 0.372989 0.730882 0.571569
-8.478647 -29.637875 88.071796 141.613452 -0.255273 -0.490627 0.833139 0.842940 -0.535003 -0.056782 0.473590 0.687792 0.550141
-0.471918 -13.288422 1.724112 -25.825477 0.737707 -0.399461 0.544261 0.014889 0.815597 0.578428 -0.674957 -0.418607 0.607619
-0.381745 -12.705856 2.849669 -57.975876 0.746632 -0.396980 0.533806 -0.111475 0.716420 0.688706 -0.655831 -0.573716 0.490648
-0.444314 -13.319211 -0.276298 -21.291199 0.745847 -0.396200 0.535479 0.046938 0.833143 0.551062 -0.664461 -0.385874 0.639994
-1.248866 -3.125923 11.957356 6.689010 -0.865446 -0.025248 -0.500365 -0.205280 0.928915 0.308185 0.457016 0.369432 -0.809109
-1.491336 -3.065922 8.165286 2.053729 -0.881556 0.109968 -0.459093 -0.123372 0.885027 0.448894 0.455674 0.452365 -0.766634
-1.015908 -3.257730 -13.030547 2.964913 -0.851461 0.085261 -0.517441 -0.104842 0.939100 0.327260 0.513831 0.332899 -0.790668
-1.264055 -2.840326 -22.554328 5.230011 0.897150 -0.019556 0.441294 -0.198029 0.875198 0.441377 0.394851 0.483370 -0.781310
-0.930887 -3.293750 -5.195456 2.645842 -0.847348 0.000483 -0.531038 -0.128450 0.970118 0.205842 0.515269 0.242632 -0.821966
-1.005131 -3.236197 9.223157 6.366721 -0.856415 -0.094949 -0.507482 -0.223934 0.953985 0.199417 0.465195 0.284426 -0.838269
-0.979254 -2.953976 -18.422972 9.449428 0.877582 0.080467 0.472626 -0.258383 0.909776 0.324877 0.403842 0.407225 -0.819194
1.279683 -27.321501 67.611130 -481.948207 0.647680 -0.495258 0.578991 0.634575 -0.069946 -0.769689 -0.421692 -0.865926 -0.268976
0.530359 -21.780230 -9.360217 -240.608447 -0.641688 0.522037 -0.561884 0.664113 0.011727 -0.747541 -0.383655 -0.852842 -0.354217
0.834793 -25.301323 -61.670658 -180.096050 -0.636065 0.502529 -0.585565 0.732497 0.154612 -0.662981 -0.242632 -0.850623 -0.466444
-4.922454 -17.526665 46.799443 -402.626357 0.802503 -0.048740 0.594654 -0.070254 0.982006 0.175298 -0.592497 -0.182454 0.784638
-4.875073 -23.569748 24.320984 -376.988152 0.794335 -0.190481 0.576844 0.212442 0.976714 0.029982 -0.569122 0.098730 0.816304
-4.730356 -17.384981 -15.426200 -393.278293 0.748377 -0.141819 0.647935 0.070605 0.988357 0.134779 -0.659505 -0.055118 0.749676
-4.721124 -21.139956 31.562792 -487.132249 0.838881 -0.097615 0.535491 -0.016171 0.978884 0.203774 -0.544075 -0.179601 0.819589
-4.075003 -14.230265 27.404472 -364.720865 0.806117 0.118603 0.579749 -0.306232 0.921933 0.237197 -0.506357 -0.368746 0.779506
6.514450 -162.035019 -29.775204 -6943.575400 -0.481668 0.860062 -0.168193 -0.123670 -0.256712 -0.958543 0.867584 0.440899 -0.230014
46.961013 -328.514028 1920.107054 23227.289833 -0.484275 0.864231 -0.136319 0.527367 0.164016 -0.833656 0.698113 0.475609 0.535196
67.208908 -262.028978 1937.768962 19715.707885 -0.578293 0.773054 -0.260699 0.024707 -0.302810 -0.952731 0.815455 0.557399 -0.156014
16.851879 -83.573085 -613.457249 2849.903053 0.168651 0.932304 0.319947 -0.083467 0.336939 -0.937820 0.982136 -0.131459 -0.134641
-1.249450 -120.622955 80.689142 -4209.952087 -0.552636 0.787859 -0.271794 -0.477327 -0.566540 -0.671708 0.683193 0.241475 -0.689157
-4.111323 -133.875494 6.699187 -6149.506915 -0.484586 0.784286 -0.387391 -0.307547 -0.567343 -0.763895 0.818896 0.251031 -0.516132
-1.482054 -105.065510 -42.278412 -2913.220238 -0.531865 0.797499 -0.284808 -0.554844 -0.582254 -0.594246 0.639741 0.158035 -0.752168
0.174449 -207.237550 -28.426494 -8411.795614 0.490519 -0.734213 0.469386 0.599026 -0.107108 -0.793534 0.632897 0.670418 0.387274
-16.477596 -518.848991 206.954391 -18089.507218 -0.480112 0.643643 -0.596000 0.231713 0.748351 0.621515 0.846050 0.160296 -0.508433
1.092602 -185.510083 88.141401 13455.057298 -0.448610 0.700415 -0.555128 -0.259769 -0.696510 -0.668875 0.855143 0.155859 -0.494408
2.331635 -203.635837 87.613928 3457.468027 -0.517827 0.669361 -0.532739 0.538214 0.738952 0.405309 0.664967 -0.076847 -0.742909
-0.749962 -205.877939 16.239245 -11295.587047 -0.469925 0.731501 -0.494041 0.324942 -0.377030 -0.867330 0.820721 0.568115 0.060519
0.052152 -3.437272 -1.182422 -22.382751 0.960579 -0.234507 0.149314 0.277827 0.790386 -0.545987 -0.010022 -0.565947 -0.824381
0.039317 -3.484572 0.361617 -22.849149 0.967189 -0.212535 0.139193 0.254007 0.797906 -0.546650 -0.005120 -0.564070 -0.825711
0.009773 -3.836823 0.263725 2.773105 0.963402 -0.222590 0.149370 0.266411 0.856797 -0.441501 0.029706 -0.465136 -0.884740
0.142751 -1.761983 0.257793 -73.015003 0.983508 -0.155923 0.091649 0.177839 0.741440 -0.647024 -0.032934 -0.652652 -0.756942
0.138481 -1.706414 -3.713910 -73.311712 0.968423 -0.215896 0.124680 0.244727 0.727746 -0.640698 -0.047589 -0.650979 -0.757602
-0.840904 -2.295215 -7.618573 0.098063 0.859668 0.426559 -0.281102 -0.504854 0.625308 -0.595073 0.078058 -0.653481 -0.752907
-0.646054 -2.091405 -5.597593 -4.028864 0.931360 0.313009 -0.185993 -0.360489 0.720973 -0.591815 0.051147 -0.618242 -0.784322
-1.232624 -2.400758 -24.293703 -2.578333 0.882904 0.398109 -0.248977 -0.465429 0.671862 -0.576175 0.062102 -0.624589 -0.778481
-1.482855 -2.578241 -27.420212 -0.652325 0.814900 0.486331 -0.315309 -0.570107 0.574503 -0.587303 0.104478 -0.658353 -0.745423
-1.864207 -2.681091 -36.061980 -6.592843 0.962138 0.248842 -0.111215 -0.266371 0.771952 -0.577180 0.057774 -0.584951 -0.809008
-2.240481 -2.700493 -39.127514 -5.995998 0.902135 0.387729 -0.189257 -0.418962 0.682454 -0.598939 0.103067 -0.619616 -0.778109
-2.211202 -5.424822 11.931127 -13.331180 -0.541431 0.821990 0.176592 -0.823622 -0.560747 0.084907 -0.168816 0.099474 -0.980615
-1.927860 -5.716508 19.321985 -6.847216 -0.529847 0.827710 0.184819 -0.777721 -0.561120 0.283365 -0.338249 -0.006403 -0.941035
-1.761448 -5.548359 19.408795 -10.558829 -0.562558 0.792495 0.235542 -0.789502 -0.599504 0.131457 -0.245388 0.112008 -0.962933
0.538502 -9.360423 -5.733251 -59.609234 0.961952 -0.191363 0.195012 0.051263 0.827490 0.559135 0.268368 0.527864 -0.805815
0.778891 -9.365123 -6.529670 -103.551768 0.951740 -0.244126 0.185992 0.106946 0.831849 0.544600 0.287668 0.498427 -0.817813
0.756260 -10.640637 -9.246083 45.041662 0.962496 -0.193528 0.190129 0.000039 0.700913 0.713247 0.271297 0.686490 -0.674633
-8.491568 -130.089888 -215.021547 -6040.532538 -0.178788 0.462109 0.868614 0.917278 0.397599 -0.022722 -0.355860 0.792698 -0.494968
-10.772918 -101.921330 -67.701742 -3625.507165 -0.197486 0.394274 0.897523 0.610741 0.765643 -0.201956 -0.766808 0.508271 -0.392003
-32.628080 -2845.421976 -1586.336245 -145110.286254 -0.482205 0.410153 0.774114 0.771097 0.618104 0.152831 -0.415799 0.670613 -0.614321
-3.180806 -103.726781 -73.882618 -4534.556779 -0.120119 0.505949 0.854159 0.813053 0.543842 -0.207798 -0.569663 0.669516 -0.476689
1.106590 -98.131091 209.866536 -1551.119117 -0.054621 0.553127 0.831304 0.976083 0.205028 -0.072286 -0.210423 0.807474 -0.551097
0.649540 -11.874715 -42.391848 105.379396 0.915525 -0.396669 -0.066846 -0.352153 -0.710015 -0.609809 -0.194430 -0.581835 0.789724
1.770639 -17.509385 -34.830878 289.041654 0.899612 -0.416302 -0.131876 -0.427314 -0.776950 -0.462333 -0.090010 -0.472272 0.876845
0.865835 -11.090832 -20.213956 128.417952 0.883956 -0.435371 -0.170510 -0.434871 -0.631544 -0.641903 -0.171781 -0.641563 0.747588
-0.031371 -8.066851 -34.780410 37.022273 0.915706 -0.397741 -0.057321 -0.298685 -0.578238 -0.759229 -0.268831 -0.712351 0.648295
0.569276 -9.768435 27.647882 135.898786 0.831619 -0.448926 -0.326918 -0.543118 -0.534600 -0.647477 -0.115898 -0.716009 0.688403
-0.336939 -6.743890 18.785807 69.331883 0.887877 -0.414771 -0.199096 -0.400842 -0.484963 -0.777262 -0.225831 -0.769919 0.596846
-0.375705 -8.657947 26.945924 220.973223 -0.177421 -0.363373 -0.914594 0.938754 -0.341444 -0.046449 -0.295404 -0.866819 0.401697
-0.888888 -15.869891 -31.154666 318.581789 -0.059114 -0.475826 -0.877551 0.879782 -0.440215 0.179429 -0.471688 -0.761446 0.444646
-1.226852 -17.947738 -22.631153 501.993488 -0.016056 -0.458756 -0.888417 0.947301 -0.291294 0.133297 -0.319942 -0.839459 0.439257
0.066530 -7.867267 20.811312 257.493001 -0.202371 -0.343906 -0.916937 0.965920 -0.224393 -0.129021 -0.161383 -0.911798 0.377597
-0.126839 -3.781766 61.367328 105.653583 -0.471111 -0.206839 -0.857480 0.859997 -0.323839 -0.394378 -0.196113 -0.923226 0.330445
-1.531664 -4.347582 65.313473 135.675134 -0.296375 -0.290075 -0.909955 0.922050 -0.335270 -0.193437 -0.248969 -0.896354 0.366829
-5.394745 -7.231448 25.218484 92.530405 0.911058 0.394424 -0.120012 0.411611 -0.853641 0.319175 -0.023444 0.340185 0.940066
-3.446964 -5.966946 2.832444 32.796548 0.968342 -0.235370 0.083150 -0.249625 -0.911850 0.325911 0.000889 0.336349 0.941737
-3.116021 -5.472002 -23.956654 34.085337 0.918597 -0.389167 0.068759 -0.393323 -0.883390 0.254792 0.038416 0.261096 0.964548
4.225954 -3.462253 30.512504 -3.684726 0.950567 -0.178553 0.254048 0.138144 -0.489551 -0.860963 -0.278097 -0.853498 0.440685
4.607551 -4.385466 38.493355 10.013327 0.967873 -0.099322 0.230990 0.178294 -0.376663 -0.909030 -0.177292 -0.921010 0.346854
4.249727 -4.254313 -13.936865 -0.544698 0.943115 -0.238638 0.231485 0.118452 -0.409391 -0.904637 -0.310649 -0.880597 0.357835
0.703623 -11.932982 6.147359 539.952335 -0.697680 0.701091 -0.147354 0.616284 0.692216 0.375542 -0.365290 -0.171196 0.915016
1.722853 -3.504204 -41.256311 103.973332 -0.398634 0.899468 0.179019 0.850242 0.289290 0.439773 -0.343774 -0.327518 0.880086
0.667594 -2.235225 118.758433 33.152169 0.509775 -0.827176 -0.236453 0.801382 0.356602 0.480231 -0.312915 -0.434299 0.844671
-0.513869 -1.360602 7.369874 14.722069 0.975710 -0.141112 -0.167560 -0.061063 -0.909770 0.410598 0.210382 0.390393 0.896288
-0.352696 -1.077303 7.485385 7.523490 0.973211 -0.149863 -0.174359 -0.067523 -0.911231 0.406323 0.219774 0.383665 0.896940
-0.221708 -1.397128 8.465840 23.531213 0.968156 0.025270 -0.249069 0.122507 -0.915456 0.383316 0.218326 0.401623 0.889400
-0.245966 -0.928662 10.574955 4.591520 0.973532 -0.077506 -0.215008 0.011152 -0.923513 0.383405 0.228279 0.375655 0.898205
-0.101243 -1.142180 8.925490 17.756214 0.967507 0.023221 -0.251777 0.118639 -0.921045 0.370947 0.223284 0.388764 0.893872
-1.182414 -3.041582 0.076849 -23.612876 0.523888 0.405634 -0.749001 0.833195 -0.061321 0.549569 0.176994 -0.911976 -0.370098
-1.220107 -2.739128 -3.526907 -18.252215 0.307932 0.427774 -0.849816 0.932331 0.042299 0.359123 0.189570 -0.902896 -0.385802
-0.902842 -2.862851 9.954545 -17.408590 0.505821 0.398982 -0.764826 0.853536 -0.103023 0.510747 0.124984 -0.911153 -0.392657
-1.489089 -3.164470 -8.997649 -24.263732 0.516223 0.420091 -0.746349 0.822898 -0.001746 0.568186 0.237387 -0.907480 -0.346593
-1.425368 -3.446818 -0.767488 -17.753066 0.638263 0.387952 -0.664916 0.735104 -0.050700 0.676056 0.228566 -0.920284 -0.317545
-1.228515 -3.396718 5.497821 -21.359877 0.653723 0.371306 -0.659377 0.737396 -0.116842 0.665278 0.169979 -0.921129 -0.350182
0.364317 -6.128679 21.020367 85.269930 0.617400 0.781755 0.087614 0.040725 0.079463 -0.996006 0.785595 -0.618502 -0.017224
0.966334 -5.433340 62.771582 78.552007 0.597625 0.790331 0.134989 0.031835 0.144840 -0.988943 0.801144 -0.595314 -0.061400
1.152703 -6.833730 52.388537 93.320269 0.601124 0.790287 0.118729 0.108804 0.066250 -0.991853 0.791714 -0.609145 0.046162
1.069017 -6.533785 -12.262182 8.737501 0.903124 -0.131492 0.408750 0.416035 0.503453 -0.757265 0.106213 -0.853958 -0.509386
0.986310 -7.287448 -12.228320 -54.901705 0.908675 -0.126421 0.397904 0.390480 0.594654 -0.702789 0.147768 -0.793980 -0.589712
0.602307 -7.215369 -10.427753 -44.468927 0.912390 -0.148655 0.381374 0.387821 0.611951 -0.689283 0.130917 -0.776800 -0.615990
0.665338 -15.846642 -3.696826 92.625453 0.808345 -0.169225 0.563863 0.242864 0.968352 -0.057546 -0.536280 0.183458 0.823861
0.477986 -16.486735 -2.285903 0.503211 0.805749 -0.196160 0.558829 0.093932 0.973941 0.206435 -0.584761 -0.113843 0.803178
0.463480 -14.134757 -2.588825 94.085350 0.792559 -0.151434 0.590692 0.231284 0.970946 -0.061405 -0.564231 0.185285 0.804557
0.531069 -12.420237 -4.201261 154.496129 0.801582 -0.115467 0.586629 0.349399 0.886663 -0.302902 -0.485166 0.447769 0.751077
0.297709 -10.937429 -5.444584 150.729029 0.781759 -0.102564 0.615088 0.351207 0.887478 -0.298390 -0.515273 0.449292 0.729815
0.271173 -12.974698 -4.958697 111.126817 0.772632 -0.135639 0.620196 0.232369 0.969540 -0.077440 -0.590800 0.203947 0.780615
1.685097 -2.532172 24.994641 -5.369771 0.855869 -0.445604 0.262535 -0.513914 -0.789790 0.334850 -0.058137 0.421508 0.904959
1.340346 -2.013307 21.144485 -24.894175 0.830001 -0.487728 0.270591 -0.557735 -0.721049 0.411120 0.005405 0.492148 0.870495
2.171578 -2.652121 19.276583 -12.629587 0.816204 -0.467820 0.339051 -0.571518 -0.739800 0.355055 -0.084728 0.483571 0.871195
0.433426 -2.562979 52.327862 32.663584 0.245116 -0.962552 0.115813 0.961707 0.226296 -0.154625 0.122627 0.149279 0.981162
-0.176475 -3.121137 35.809870 48.728968 0.381066 -0.919265 0.098694 0.920516 0.367278 -0.133256 0.086249 0.141629 0.986155
0.671385 -4.409127 45.314179 77.666761 0.383530 -0.917804 0.102666 0.923032 0.377304 -0.075192 0.030276 0.123602 0.991870
0.955026 -5.257082 -11.638179 32.179942 0.682162 0.061886 0.728578 -0.624789 -0.468304 0.624764 -0.379860 0.881397 0.280794
1.122315 -5.572818 -17.862296 47.078616 0.570401 0.054527 0.819554 0.619040 0.627264 -0.472578 -0.539845 0.776896 0.324038
-0.299101 -5.729261 -4.033835 0.246115 -0.905148 -0.016018 -0.424794 -0.005014 0.999623 -0.027010 0.425066 -0.022318 -0.904887
-0.180292 -5.557423 -6.241973 2.160110 -0.897437 0.023214 -0.440532 0.107389 0.980070 -0.167124 0.427872 -0.197292 -0.882044
0.103613 -5.253279 -6.098949 -2.026834 -0.898905 0.023900 -0.437492 0.105925 0.980746 -0.164064 0.425147 -0.193819 -0.884129
-0.235130 -4.090833 0.250480 -30.333581 0.949792 -0.130816 0.284222 -0.023248 -0.935395 -0.352839 -0.312017 -0.328516 0.891472
-0.027579 -4.173088 -7.792008 -27.697226 0.937746 -0.190708 0.290280 -0.063168 -0.915475 -0.397386 -0.341529 -0.354311 0.870530
-0.317588 -4.961118 -4.070012 -19.898367 0.939811 -0.140838 0.311320 0.045554 -0.851328 -0.522652 -0.338645 -0.505376 0.793671
0.080480 -4.231274 -9.565033 -22.040978 0.932165 -0.212510 0.293102 -0.062985 -0.892444 -0.446739 -0.356513 -0.397973 0.845290
-0.054820 -4.832899 -7.603599 -13.614679 0.934297 -0.179243 0.308157 0.031171 -0.820023 -0.571481 -0.355130 -0.543539 0.760558
-0.141667 -12.319463 -12.831705 71.586375 0.889409 -0.381229 -0.252222 0.322023 0.914161 -0.246192 0.324427 0.137744 0.935828
0.071240 -13.706278 -7.432377 71.358381 0.883008 -0.380449 -0.274874 0.343851 0.922972 -0.172885 0.319475 0.058143 0.945809
-0.009567 -15.245297 -11.394760 -81.753515 0.881972 -0.388826 -0.266345 -0.427688 -0.897726 -0.105689 0.198010 -0.207127 0.958066
11.517370 -5.196495 309.227726 -141.969203 0.903832 -0.200332 -0.378094 0.147769 -0.683127 0.715194 0.401562 0.702285 0.587829
6.618602 -4.594981 173.948002 -104.617291 0.856502 -0.261969 -0.444721 0.168753 -0.672138 0.720939 0.487778 0.692533 0.531479
5.590521 -6.890056 156.637411 -180.092469 0.851545 -0.264254 -0.452815 0.131799 -0.728052 0.672732 0.507445 0.632542 0.585141
0.362230 -2.598481 0.214172 -2.000484 0.898737 -0.259996 0.353093 0.010889 -0.791768 -0.610725 -0.438354 -0.552725 0.708760
0.234702 -2.774717 -10.780473 -7.162235 0.891041 -0.321010 0.320934 -0.003502 -0.711864 -0.702309 -0.453909 -0.624662 0.635424
-0.197891 -2.496653 -24.181515 -4.402690 0.887055 -0.255812 0.384308 0.038040 -0.789112 -0.613071 -0.460093 -0.558447 0.690255
0.101243 -2.501735 -14.008470 3.869418 0.883290 -0.168045 0.437675 0.089129 -0.856338 -0.508665 -0.460277 -0.488308 0.741417
0.502949 -2.616016 5.860674 3.612780 0.901300 -0.202243 0.383089 0.026400 -0.857043 -0.514568 -0.432391 -0.473893 0.767114
-3.155682 -7.895403 -10.789385 34.891705 0.969242 0.245607 0.015734 0.162865 -0.592159 -0.789191 0.184514 -0.767480 0.613946
-0.006035 -16.212006 6.679546 -290.664942 -0.748856 0.395857 0.531519 -0.135938 0.693209 -0.707801 -0.648642 -0.602294 -0.465301
0.264693 -18.454852 3.703669 -410.408916 -0.757538 0.349631 0.551266 -0.130416 0.746393 -0.652602 -0.639631 -0.566264 -0.519824
10.164314 -2234.348346 8604.762458 -268147.098722 -0.330730 0.621837 0.709884 0.928585 0.348627 0.127235 -0.168366 0.701268 -0.692731
-47.794350 -155.158158 -1470.049195 4203.930891 -0.173890 0.722551 0.669090 -0.067036 -0.686551 0.723985 -0.982481 -0.081041 -0.167822
0.487829 -8.345911 -16.022538 26.819191 0.972522 -0.153397 0.175132 0.158533 -0.114558 -0.980685 -0.170497 -0.981502 0.087092
0.392898 -8.839494 -10.692408 22.392443 0.969887 -0.134901 0.202784 0.154129 -0.304716 -0.939890 -0.188584 -0.942841 0.274748
0.344047 -7.637320 -12.635161 25.657549 0.975041 -0.163198 0.150534 0.162475 0.062399 -0.984738 -0.151314 -0.984618 -0.087357
0.280481 -8.067357 -9.259058 9.788219 0.969518 -0.150044 0.193707 0.168815 -0.163942 -0.971918 -0.177587 -0.974992 0.133615
-1.421173 -3.396353 8.478401 17.013465 0.865084 0.117399 0.487696 0.203381 0.806648 -0.554938 0.458548 -0.579256 -0.673941
-1.176006 -2.800791 11.569158 26.161158 0.872043 0.256687 0.416716 0.028146 0.823723 -0.566294 0.488619 -0.505562 -0.711097
-1.289170 -3.236979 7.474105 11.350596 0.856570 0.155581 0.492020 0.185784 0.796554 -0.575314 0.481428 -0.584206 -0.653399
3.015612 -0.558236 101.981384 -9.814416 0.489717 0.835128 -0.250475 0.863719 -0.425466 0.270127 0.119022 -0.348626 -0.929674
