13341
26674
-3.955255 -5.630650 17.751885 -76.767734 0.049871 0.697571 -0.714778 0.482267 -0.643526 -0.594385 0.874604 0.315071 0.368508
-5.284582 -6.780299 -0.292199 -88.564125 0.073264 0.807249 -0.585647 0.372425 -0.566889 -0.734803 0.925166 0.164275 0.342172
-4.624804 -8.198512 7.785492 -131.389096 -0.039992 0.875960 -0.480724 0.359404 -0.436298 -0.824908 0.932325 0.205763 0.297375
-4.161441 -5.374015 -10.760359 30.757361 0.406507 0.082138 -0.909948 -0.217933 0.975920 -0.009266 0.887275 0.202074 0.414619
-2.266785 -8.339224 71.208801 -146.698511 -0.121783 0.776533 -0.618195 0.400358 -0.531485 -0.746483 0.908230 0.338409 0.246165
-2.621345 -6.619137 52.458815 -142.990660 -0.134663 0.760407 -0.635333 0.513130 -0.494992 -0.701199 0.847681 0.420434 0.323530
-2.347832 -4.171138 36.343380 40.295062 0.051411 0.540209 -0.839959 -0.559694 0.712159 0.423759 0.827103 0.448334 0.338965
-3.359683 -4.242747 3.267778 19.452029 0.437777 -0.062771 -0.896890 -0.301751 0.929440 -0.212336 0.846934 0.363593 0.387946
-3.675775 -4.769672 -8.098740 27.095647 0.484285 -0.186961 -0.854701 -0.165586 0.939660 -0.299368 0.859098 0.286506 0.424105
-4.527242 -6.889762 -31.621580 13.952933 0.697829 -0.173747 -0.694871 0.328838 0.939565 0.095308 0.636317 -0.295009 0.712790
-4.981304 -7.172887 -30.434038 15.430965 0.722287 -0.018754 -0.691340 0.323587 0.892628 0.313858 0.611223 -0.450404 0.650801
-5.091878 -7.154308 -24.887453 33.841015 0.650807 0.059396 -0.756917 0.174251 0.958640 0.225048 0.738977 -0.278357 0.613539
-5.179676 -7.264522 10.702562 31.573029 0.534373 0.220574 -0.815961 0.140496 0.928742 0.343072 0.833490 -0.297968 0.465306
-4.919441 -6.867556 6.261366 33.797249 0.523048 0.150481 -0.838914 0.053078 0.976629 0.208276 0.850649 -0.153466 0.502836
1.879011 -3.261384 38.481985 15.893123 0.106721 -0.375519 0.920650 0.743366 -0.584789 -0.324697 0.660316 0.719032 0.216739
2.226333 -3.438132 2.042436 -1.256253 0.175129 -0.358590 0.916920 0.712057 -0.597036 -0.369491 0.679930 0.717608 0.150778
2.125882 -3.262057 -45.488301 0.324402 -0.070544 0.372033 -0.925535 -0.710522 0.632495 0.308397 0.700130 0.679369 0.219719
1.476168 -3.300728 44.934712 7.119000 0.002078 -0.348665 0.937245 0.735374 -0.634602 -0.237709 0.677658 0.689720 0.255081
-0.759613 -6.089115 8.859597 -44.739875 -0.078181 -0.548933 0.832202 0.995276 0.005221 0.096945 -0.057561 0.835850 0.545931
-0.541476 -5.178065 -2.032457 -36.527015 -0.147570 -0.532781 0.833287 0.970327 0.085175 0.226298 -0.191542 0.841956 0.504403
-1.053690 -5.928834 -3.015213 -33.891632 -0.141644 -0.547629 0.824645 0.989913 -0.075934 0.119605 -0.002881 0.833269 0.552860
-1.140630 -6.280251 -2.341237 -17.627899 -0.079945 -0.552262 0.829829 0.982785 -0.182778 -0.026961 0.166563 0.813388 0.557366
-0.812598 -6.375215 -5.956859 -15.674602 -0.065835 -0.521191 0.850897 0.988110 -0.152792 -0.017136 0.138941 0.839652 0.525053
3.167324 -4.117232 11.980358 -1.910120 -0.023737 0.233766 -0.972003 -0.334079 0.914528 0.228102 0.942246 0.330140 0.056388
2.825426 -3.958190 -28.327806 -2.829434 0.067934 0.261964 -0.962684 -0.353584 0.908605 0.222296 0.932933 0.325288 0.154351
3.088142 -4.213012 -10.759252 -5.980384 -0.002891 0.271976 -0.962300 -0.406602 0.878845 0.249610 0.913601 0.391995 0.108046
2.930546 -4.425512 44.265335 -2.359819 -0.094645 0.232948 -0.967873 -0.420790 0.871753 0.250962 0.902207 0.431024 0.015515
0.458427 -7.435687 -2.554309 21.549709 -0.093461 -0.462261 0.881805 -0.746252 0.618817 0.245303 -0.659069 -0.635122 -0.402799
0.277824 -7.251729 -5.113288 18.447061 -0.094111 -0.482090 0.871052 -0.668442 0.678991 0.303572 -0.737786 -0.553678 -0.386150
0.376042 -7.162578 -4.777046 31.242646 -0.101116 -0.462507 0.880831 -0.621586 0.720661 0.307049 -0.776793 -0.516464 -0.360358
0.465642 -12.783921 5.385080 23.198098 -0.089800 0.501114 -0.860710 0.936058 0.337654 0.098924 0.340194 -0.796790 -0.499393
0.340118 -13.162133 1.976587 -70.109570 -0.107115 0.498007 -0.860532 0.951998 0.300996 0.055691 0.286751 -0.813259 -0.506343
0.364525 -12.816720 2.462436 -8.202761 -0.106299 0.494196 -0.862827 0.979587 0.200945 -0.005590 0.170618 -0.845808 -0.505468
0.374188 -12.680455 -0.401502 85.853433 -0.074907 0.475125 -0.876724 0.981478 0.190589 0.019429 0.176325 -0.859030 -0.480600
0.380004 -13.326233 -0.094844 38.598846 -0.095031 0.484010 -0.869887 0.995420 0.055310 -0.077970 0.010376 -0.873313 -0.487050
0.732220 -1.160636 -1.422182 7.264974 0.025140 0.436300 -0.899450 -0.510433 0.779213 0.363709 0.859550 0.449966 0.242291
0.872713 -1.528936 0.545635 15.885906 0.075661 0.360711 -0.929604 -0.476490 0.832024 0.284065 0.875918 0.421455 0.234827
0.606534 -0.855558 -6.645836 7.070432 0.080675 0.385097 -0.919343 -0.507497 0.809712 0.294640 0.857868 0.442794 0.260759
2.119235 -1.873601 39.936422 8.454587 -0.089125 0.995988 -0.008086 0.728521 0.059651 -0.682422 0.679201 0.066712 0.730914
2.313286 -1.773956 56.274308 2.071141 -0.223211 0.960695 0.165054 0.668316 0.274090 -0.691540 0.709598 0.044051 0.703228
2.625181 -2.162857 15.550560 21.583142 -0.085614 0.985694 0.145181 0.701602 0.163105 -0.693651 0.707407 -0.042473 0.705529
0.226798 -13.036038 22.787272 61.413866 0.004197 0.694547 -0.719435 0.416771 0.652764 0.632614 -0.909002 0.302494 0.286728
0.222309 -12.176961 43.133569 78.182585 0.001219 0.648890 -0.760881 0.674003 0.561552 0.479979 -0.738727 0.513421 0.436670
0.771806 -13.006588 20.729362 97.704090 -0.007658 0.695409 -0.718573 0.671567 0.536002 0.511566 -0.740904 0.478653 0.471118
0.474137 -14.795562 11.878982 106.742418 -0.020064 0.698296 -0.715528 0.425554 0.653571 0.625898 -0.904711 0.291938 0.310276
0.294892 -14.419456 8.805064 21.991902 -0.010011 0.711025 -0.703095 0.174645 0.693567 0.698902 -0.984581 0.115795 0.131120
0.179387 -10.127478 -1.994947 -21.960440 -0.104639 -0.401387 0.909911 -0.240270 0.898034 0.368517 -0.965050 -0.180063 -0.190411
0.305469 -11.077982 1.191641 -11.711915 -0.089340 -0.395351 0.914175 -0.380816 0.861666 0.335427 -0.920325 -0.318165 -0.227537
0.253998 -9.926297 -2.326348 -9.304585 -0.093034 -0.434902 0.895659 -0.407376 0.837446 0.364321 -0.908510 -0.330976 -0.255080
3.626511 -19.009791 -92.789392 511.435230 -0.253780 0.664190 -0.703169 0.101729 0.741265 0.663459 0.961898 0.096840 -0.255686
10.617625 -11.890467 -389.008552 -180.142734 -0.197405 0.904860 -0.377173 -0.305689 -0.422378 -0.853318 0.931443 0.053151 -0.359986
5.696497 -20.224398 -159.875659 366.507636 -0.205801 0.690229 -0.693708 0.366062 0.711717 0.599549 0.907549 -0.130552 -0.399138
34.019105 -15.821490 -1364.152959 264.331809 0.076242 0.867230 -0.492036 -0.733174 -0.285679 -0.617125 0.675754 -0.407799 -0.614050
12.724621 -19.296214 -631.862822 229.054593 -0.084071 0.690906 -0.718040 -0.728001 -0.534620 -0.429180 0.680402 -0.486652 -0.547926
4.478808 -8.302758 16.947160 112.848460 -0.141691 0.702073 -0.697866 0.169982 0.711763 0.681542 0.975208 -0.022056 -0.220190
4.977532 -7.538403 -64.796789 -154.417027 0.012894 0.722901 -0.690831 -0.174064 -0.678718 -0.713473 0.984650 -0.129448 -0.117080
5.011224 -6.805493 -73.417959 -26.396342 0.077503 0.757385 -0.648353 -0.124052 -0.637929 -0.760038 0.989244 -0.139335 -0.044514
3.817654 -7.951328 -67.870441 -78.515625 0.161115 0.761156 -0.628239 -0.200574 -0.598018 -0.775980 0.966340 -0.251030 -0.056319
3.660053 -9.172887 -89.451513 108.147197 0.230075 0.732799 -0.640368 -0.111369 -0.633872 -0.765378 0.966779 -0.247411 0.064227
5.721306 -6.450877 -141.892672 87.998337 0.179689 0.780979 -0.598151 -0.096533 -0.591114 -0.800790 0.978976 -0.201634 0.030826
5.836841 -7.213339 -98.259907 90.822958 0.070064 0.796444 -0.600639 -0.070481 -0.596662 -0.799392 0.995050 -0.098342 -0.014330
-0.004782 -1.685188 47.354037 -19.626935 0.363160 -0.464266 0.807820 0.900229 -0.048691 -0.432686 0.240215 0.884357 0.400263
2.888604 -1.038639 129.646465 17.797898 -0.199746 -0.376147 0.904774 0.959471 -0.262417 0.102725 0.198788 0.888623 0.413318
0.853085 -1.383271 64.524080 -21.467319 0.364666 -0.460480 0.809306 0.904609 -0.030793 -0.425129 0.220685 0.887136 0.405326
0.829633 -130.659747 -33.726344 4986.985072 -0.022008 0.649933 -0.759672 0.726151 0.532679 0.434693 -0.687183 0.542070 0.483673
2.099032 -96.177311 -149.341044 2815.331754 -0.092073 0.715953 -0.692051 0.304487 0.681956 0.664999 -0.948056 0.149492 0.280788
2.662781 -61.239449 54.899934 1244.720586 -0.019622 -0.677805 0.734980 0.295227 0.698414 0.651965 -0.955226 0.229778 0.186402
2.396039 -51.551085 150.992627 -380.038568 0.044887 -0.658598 0.751155 -0.144610 0.739710 0.657205 -0.988470 -0.138124 -0.062036
2.797576 -39.219038 49.310272 385.294222 0.167907 0.633564 -0.755251 0.555799 0.571911 0.603329 -0.814184 0.521070 0.256106
2.865621 -66.118451 16.831884 260.557153 -0.110971 -0.645244 0.755874 0.047801 0.756226 0.652562 -0.992673 0.108547 -0.053076
-16.650261 -228.276705 766.575910 2239.022295 -0.524904 -0.355361 0.773430 -0.187645 0.934633 0.302078 -0.830220 0.013432 -0.557274
1.407191 -181.407509 -147.549397 -6153.006839 0.611567 0.375188 -0.696578 0.788405 -0.215141 0.576309 0.066362 -0.901636 -0.427373
1.568191 -178.058890 125.734235 5357.695728 -0.758191 -0.288655 0.584658 -0.311208 0.948148 0.064537 -0.572971 -0.133018 -0.808709
-0.201953 -4.592035 -2.822031 -50.391428 -0.033853 -0.240203 0.970132 0.699084 0.688009 0.194745 -0.714237 0.684797 0.144631
-0.420205 -4.277356 8.658381 -47.793000 0.025640 -0.211332 0.977078 0.687898 0.712924 0.136147 -0.725354 0.668639 0.163654
2.072669 -3.832034 106.201489 -24.549700 0.259536 -0.053171 0.964269 0.731909 0.662235 -0.160479 -0.630040 0.747407 0.210790
1.035066 -3.427677 100.642658 -21.445323 0.314274 0.037932 0.948574 0.638921 0.730581 -0.240897 -0.702148 0.681771 0.205367
2.229640 -1.429435 -129.194361 17.723153 0.250604 0.814037 0.523966 0.101354 0.516201 -0.850449 0.962769 -0.266232 -0.046857
0.374612 -1.942068 -105.924505 9.176420 0.265990 0.862037 0.431442 0.100724 0.420261 -0.901796 0.958699 -0.283325 -0.024957
2.459896 -1.599393 -81.076041 -4.458313 0.184741 0.855454 0.483807 0.128432 0.467044 -0.874857 0.974359 -0.223758 0.023585
3.437603 -1.175744 -81.905694 19.537243 0.158453 0.816243 0.555554 0.097679 0.546944 -0.831451 0.982523 -0.186012 -0.006935
-0.628219 -1.619188 -10.703165 20.372637 -0.209872 0.956006 0.204956 0.170123 -0.170721 0.970522 -0.962814 -0.238554 0.126809
-0.305899 -1.521919 1.271810 23.305044 -0.194594 0.939961 0.280368 0.178810 -0.247049 0.952362 -0.964448 -0.235457 0.120000
-0.434828 -1.126201 -8.689002 21.772419 -0.244045 0.968091 0.056931 0.175685 -0.013599 0.984352 -0.953717 -0.250228 0.166761
-0.928841 -1.298780 -21.661213 12.614870 -0.269824 0.949492 -0.160184 0.124519 0.199364 0.971982 -0.954825 -0.242318 0.172023
-12.174105 -34.177157 -116.385941 1028.246491 0.888663 0.379153 -0.257918 -0.344230 0.923171 0.171056 0.302959 -0.063228 0.950904
-0.248502 -65.850722 2156.577982 -1787.017664 -0.278948 0.941039 0.191399 0.944168 0.305144 -0.124232 0.175312 -0.146058 0.973618
-16.116333 -37.461062 -449.996527 -1889.211890 0.953601 0.286634 -0.092119 0.250697 -0.925394 -0.284249 0.166722 -0.247966 0.954315
-4.185901 -41.381876 -92.342960 1257.505369 0.810869 0.580026 -0.077855 -0.547327 0.798712 0.249984 0.207181 -0.160093 0.965115
-23.353499 -389.230934 232.427150 -11068.930968 0.687814 0.715347 0.123252 0.566392 -0.422696 -0.707480 0.453995 -0.556423 0.695903
-4.731684 -5.674709 22.521580 1.718589 0.752959 -0.461012 -0.469596 -0.450375 0.159287 -0.878516 -0.479807 -0.872981 0.087692
-4.408941 -5.559610 11.423249 2.358809 0.777342 -0.394925 -0.489667 -0.418743 0.256050 -0.871259 -0.469461 -0.882311 -0.033666
-4.277207 -5.651195 18.912056 -0.030797 0.870467 -0.366549 -0.328526 -0.336895 0.042949 -0.940562 -0.358872 -0.929407 0.086102
-4.700995 -5.576030 17.130208 5.211568 0.689237 -0.450027 -0.567828 -0.445221 0.355225 -0.821945 -0.571604 -0.819324 -0.044473
-4.880495 -5.734008 26.482293 -1.039871 0.812733 -0.479267 -0.331313 -0.400879 -0.047338 -0.914907 -0.422802 -0.876391 0.230601
-5.391640 -5.769960 28.218914 -1.031527 0.695934 -0.595698 -0.401022 -0.450703 0.072423 -0.889731 -0.559055 -0.799936 0.218082
-5.092258 -5.679613 30.285597 2.946529 0.651649 -0.531343 -0.541321 -0.470903 0.276082 -0.837872 -0.594646 -0.800908 0.070302
-0.311055 -4.661647 -71.892873 25.268101 -0.566124 0.034157 0.823612 -0.372346 0.880807 -0.292468 -0.735433 -0.472241 -0.485928
-1.049842 -3.218391 -75.519418 18.070776 -0.600952 0.246442 0.760344 -0.166644 0.891744 -0.420741 -0.781720 -0.379552 -0.494827
-3.003348 -4.759286 60.786010 58.795552 -0.469147 -0.061049 0.881007 -0.351215 0.928219 -0.122706 -0.810277 -0.366990 -0.456913
-2.906693 -7.955664 80.383471 233.239054 -0.262809 -0.299517 0.917181 -0.484463 0.863042 0.143019 -0.834402 -0.406754 -0.371920
0.024027 -1.272872 -29.503547 22.150843 -0.073382 0.236631 -0.968825 0.589835 0.793627 0.149163 0.804182 -0.560501 -0.197811
-0.583884 -1.109631 -30.652761 19.818994 -0.038047 0.288485 -0.956728 0.589069 0.779852 0.211726 0.807186 -0.555524 -0.199609
0.035732 -0.974601 -22.380618 2.935569 -0.028024 0.307272 -0.951209 0.586851 0.775390 0.233187 0.809210 -0.551683 -0.202053
0.479781 -1.144193 -18.289699 7.251169 -0.068660 0.266035 -0.961515 0.589155 0.788593 0.176119 0.805098 -0.554389 -0.210881
0.553364 -1.260547 -5.115855 -16.798845 -0.017120 0.371541 -0.928259 0.585838 0.756067 0.291816 0.810248 -0.538813 -0.230607
0.130714 -1.150739 -20.299630 -18.773863 0.049300 0.412725 -0.909521 0.575967 0.732215 0.363486 0.815985 -0.541774 -0.201618
4.083409 -11.196584 -139.758827 -10.990437 -0.497118 -0.496618 -0.711508 0.856182 -0.413822 -0.309360 -0.140804 -0.762969 0.630914
1.402670 -11.060893 -79.509827 -106.251713 -0.391056 -0.557840 -0.732045 0.873076 -0.476523 -0.103269 -0.291228 -0.679515 0.673384
2.015672 -11.376652 -91.799199 16.164615 -0.364457 -0.598353 -0.713544 0.930426 -0.265624 -0.252491 -0.038456 -0.755922 0.653532
-0.067530 -10.994732 -35.059557 -128.400724 -0.286445 -0.597268 -0.749146 0.901163 -0.433480 0.001029 -0.325354 -0.674808 0.662404
6.528246 -11.114317 -225.044505 181.158064 -0.443282 -0.589803 -0.675006 0.859322 -0.065321 -0.507247 0.255084 -0.804901 0.535786
2.458792 -10.686062 -71.588499 141.167643 -0.275822 -0.617579 -0.736559 0.935775 0.002583 -0.352589 0.219654 -0.786505 0.577202
2.497389 -0.866316 21.297263 -0.270236 0.058257 -0.224339 -0.972768 0.200609 0.957177 -0.208729 0.977938 -0.182986 0.100767
2.790805 -1.200482 -13.590313 -15.367173 0.174536 -0.247762 -0.952970 0.202458 0.956176 -0.211515 0.963612 -0.156019 0.217048
2.485648 -1.134802 41.855272 -25.779614 -0.034568 -0.408162 -0.912255 0.191994 0.893086 -0.406860 0.980787 -0.189212 0.047493
1.885895 -0.662406 49.900694 0.161468 -0.065088 -0.234608 -0.969908 0.197450 0.949724 -0.242976 0.978150 -0.207323 -0.015492
1.456239 -1.301311 96.867272 -36.752113 -0.170654 -0.473816 -0.863931 0.182054 0.846534 -0.500236 0.968367 -0.242649 -0.058204
1.108251 -0.644864 55.840576 -15.219916 -0.080784 -0.186682 -0.979093 0.228298 0.952724 -0.200491 0.970234 -0.239721 -0.034346
3.678581 -2.651051 54.214351 -51.118707 -0.074941 -0.570921 -0.817578 0.132225 0.806954 -0.575623 0.988383 -0.151242 0.015016
-0.802385 -5.637909 7.750643 -16.290616 -0.318831 0.317485 -0.893057 0.818398 0.567492 -0.090431 0.478092 -0.759708 -0.440763
-0.081036 -6.087393 14.240704 30.539459 -0.369284 0.326780 -0.869968 0.848977 0.499380 -0.172794 0.377979 -0.802393 -0.461842
-0.591742 -6.332902 16.702034 -47.554982 -0.430398 0.262495 -0.863629 0.754109 0.630384 -0.184216 0.496062 -0.730556 -0.469266
0.365913 -14.644859 -1.186071 -22.588546 0.269665 -0.284993 0.919815 0.914114 0.376105 -0.151462 -0.302781 0.881660 0.361938
0.308200 -13.762644 -0.965990 -8.876798 0.284090 -0.276780 0.917979 0.951536 0.198999 -0.234475 -0.117779 0.940102 0.319900
0.466551 -14.631739 -0.737814 97.159063 0.291793 -0.294175 0.910120 0.923625 0.333917 -0.188192 -0.248543 0.895522 0.369142
0.491969 -16.279815 1.022623 87.429995 0.286046 -0.306427 0.907899 0.867661 0.484901 -0.109708 -0.406624 0.819130 0.404579
0.447744 -15.282645 -1.173580 -10.583543 0.253776 -0.296362 0.920743 0.845433 0.530436 -0.062286 -0.469936 0.794233 0.385167
0.551791 -2.963875 18.460451 0.231936 -0.388591 0.398178 -0.830934 0.725833 0.687800 -0.009851 0.567594 -0.606948 -0.556284
1.022150 -3.003281 24.906219 -9.037746 -0.333742 0.449365 -0.828666 0.719746 0.689157 0.083838 0.608755 -0.568449 -0.553429
0.327905 -3.222595 37.421821 -10.429910 -0.415152 0.384214 -0.824639 0.701322 0.712532 -0.021088 0.579479 -0.587092 -0.565267
-0.040827 -3.188373 26.341073 -11.521634 -0.445019 0.342543 -0.827419 0.711069 0.696815 -0.093968 0.544370 -0.630170 -0.553667
0.177682 -2.974303 9.521753 -0.243627 -0.434544 0.349914 -0.829899 0.730826 0.675514 -0.097848 0.526370 -0.649031 -0.549267
0.443491 -4.864492 -19.854545 -61.921696 0.445705 0.871202 -0.205802 0.100229 -0.277022 -0.955622 0.889551 -0.405298 0.210790
1.083185 -6.529630 -28.480976 -56.157678 0.460959 0.843303 -0.276328 -0.076323 -0.272555 -0.959108 0.884133 -0.463200 0.061273
0.279914 -5.740586 -13.134193 -69.876272 0.457598 0.821822 -0.339430 -0.058180 -0.353250 -0.933718 0.887254 -0.447016 0.113833
-0.075132 -3.898483 -10.205002 -60.095969 0.447050 0.873936 -0.190743 0.146047 -0.281687 -0.948326 0.882506 -0.396092 0.253564
0.387427 -3.537392 -9.231858 -41.078967 0.407519 0.912514 -0.035293 0.278137 -0.160839 -0.946980 0.869809 -0.376096 0.319350
-0.360841 -14.104860 0.646555 206.446059 -0.695272 0.335533 0.635621 0.718745 0.322578 0.615914 0.001622 0.885077 -0.465441
-0.100249 -13.943883 -7.553975 227.814237 -0.697101 0.359420 0.620377 0.715700 0.297301 0.631970 0.042704 0.884550 -0.464486
-0.172073 -15.412253 -4.969396 191.140140 -0.702517 0.347406 0.621112 0.705869 0.451330 0.545940 -0.090664 0.821955 -0.562290
-0.629340 -15.856005 -2.480218 116.869363 -0.682581 0.333315 0.650373 0.714886 0.489302 0.499522 -0.151731 0.805906 -0.572270
-0.633421 -12.747132 -17.688107 202.862078 -0.684822 0.358528 0.634410 0.719903 0.197918 0.665258 0.112953 0.912297 -0.393644
-1.576164 -9.377001 -5.249478 0.941495 -0.397944 0.379503 -0.835235 0.620271 -0.559503 -0.549745 -0.675947 -0.736840 -0.012744
-1.290808 -9.743390 -13.547158 10.279104 -0.439727 0.315096 -0.841044 0.715313 -0.443405 -0.540111 -0.543110 -0.839111 -0.030415
-1.291301 -9.509464 -12.421296 -0.382081 -0.448730 0.329876 -0.830556 0.580621 -0.598885 -0.551558 -0.679354 -0.729738 0.077205
4.176555 -2.256448 15.357824 -1.426445 0.092388 0.882517 0.461116 0.741873 0.247876 -0.623042 0.664145 -0.399651 0.631816
4.728851 -2.759868 83.100211 25.216821 -0.056829 0.877335 0.476502 0.781065 0.336346 -0.526126 0.621858 -0.342280 0.704370
3.766778 -2.761244 115.909847 4.049323 0.033168 0.937734 0.345766 0.734382 0.211796 -0.644845 0.677925 -0.275312 0.681631
5.475832 -2.181641 -23.861745 10.647008 0.027383 0.806591 0.590475 0.790102 0.344393 -0.507082 0.612363 -0.480421 0.627859
3.468611 -2.544907 51.667721 -9.184845 0.151373 0.927349 0.342215 0.681580 0.152822 -0.715607 0.715915 -0.341570 0.608929
3.839100 -2.311454 -36.103662 -8.780038 0.184996 0.857716 0.479686 0.698275 0.228739 -0.678299 0.691512 -0.460436 0.556606
4.554711 -2.024060 -64.550624 -9.312110 0.151536 0.793611 0.589252 0.753733 0.292892 -0.588304 0.639472 -0.533288 0.553787
-3.827797 -15.195888 116.728096 -178.191710 -0.747617 0.271770 0.605978 0.464580 0.866041 0.184765 -0.474588 0.419659 -0.773726
-3.857654 -11.832659 96.327075 -22.057880 -0.748455 0.312973 0.584691 0.372738 0.927733 -0.019459 -0.548527 0.203372 -0.811023
-1.600961 -13.461534 54.120621 -72.429199 -0.728158 0.276969 0.626956 0.400957 0.914003 0.061902 -0.555895 0.296456 -0.776591
-8.589726 -14.731011 177.509333 -110.504434 -0.697271 0.480213 0.532172 0.547772 0.835830 -0.036513 -0.462340 0.266050 -0.845848
-7.836167 -29.324359 -212.928883 -633.096328 0.653504 -0.414518 -0.633330 0.631675 0.759662 0.154594 -0.417035 0.501087 -0.758283
-30.248547 -623.661617 922.583714 51008.649476 0.037680 -0.240929 -0.969811 0.973193 -0.211497 0.090353 -0.226881 -0.947218 0.226501
-0.365815 -227.209833 6.996000 -4433.257734 0.149838 -0.283899 -0.947074 0.862318 0.506137 -0.015293 0.483691 -0.814388 0.320649
-110.412921 -20445.071922 -1274.885346 -2827469.812917 0.177268 -0.118800 -0.976966 0.199325 0.976449 -0.082570 0.963766 -0.180096 0.196773
-27.227023 -539.306450 743.191951 -69480.588910 0.082568 -0.212028 -0.973769 0.730735 0.677285 -0.085511 0.677650 -0.704506 0.210859
-39.804218 -404.362071 -1112.384763 -6385.790264 0.047600 0.162245 0.985602 -0.621678 0.777131 -0.097903 -0.781826 -0.608066 0.137855
1.399832 -11.959122 -3.013122 -181.811616 0.501701 -0.235026 0.832502 0.560603 -0.644600 -0.519822 0.658802 0.727498 -0.191640
1.462564 -15.136617 -6.424666 214.374537 -0.470518 0.223533 -0.853608 -0.399968 0.808265 0.432126 0.786536 0.544738 -0.290897
1.768952 -11.719805 2.886665 -178.599215 0.475330 -0.262958 0.839592 0.562456 -0.642990 -0.519814 0.676538 0.719317 -0.157730
0.250241 -24.742585 3.812389 54.236231 0.298778 -0.365932 0.881377 0.669383 0.738624 0.079750 -0.680189 0.566152 0.465634
0.127290 -25.143295 7.131514 -158.262076 0.287799 -0.405267 0.867715 0.473750 0.847672 0.238775 -0.832306 0.342361 0.435954
0.395901 -21.833192 5.188750 -169.589318 0.292423 -0.364109 0.884259 0.590480 0.796095 0.132535 -0.752211 0.483381 0.447795
-0.105510 -30.795699 3.727872 226.771068 0.275540 -0.416186 0.866525 0.576805 0.792694 0.197312 -0.769008 0.445449 0.458478
0.429516 -20.471787 3.806810 115.232350 0.302464 -0.343571 0.889086 0.756796 0.653633 -0.004874 -0.579462 0.674331 0.457713
0.343672 -21.284342 3.535382 276.989985 0.313122 -0.347557 0.883832 0.814532 0.576824 -0.061740 -0.488357 0.739241 0.463713
0.191969 -26.560409 0.823866 515.607612 0.288533 -0.369912 0.883127 0.767908 0.640326 0.017322 -0.571897 0.673162 0.468813
-1.255109 -12.128516 27.291891 83.969635 0.912722 0.126575 -0.388481 0.403041 -0.434968 0.805208 0.067058 0.891505 0.448020
-2.197383 -8.783993 32.528487 111.269102 0.940100 0.099988 -0.325906 0.336196 -0.430192 0.837799 0.056432 0.897183 0.438039
-0.630457 -12.094227 -6.594614 -112.020006 0.751453 0.267197 -0.603261 0.629295 -0.565001 0.533631 0.198258 0.780628 0.592718
-0.092810 -16.545599 22.768721 -18.255417 0.848335 0.140256 -0.510545 0.484776 -0.593476 0.642478 0.212884 0.792537 0.571459
-4.959123 -8.458741 11.007932 -69.122502 0.045394 0.873430 -0.484829 0.176982 -0.484683 -0.856598 0.983167 0.046922 0.176584
-5.662005 -7.416274 -18.947217 48.256236 0.177982 0.690319 -0.701272 -0.213212 0.722774 0.657372 0.960657 0.032520 0.275825
-4.563968 -6.273908 5.922839 43.836075 0.372425 0.263618 -0.889835 -0.186042 0.960553 0.206704 0.909224 0.088565 0.406777
-4.254029 -7.140481 -20.886442 25.846599 0.772489 -0.144312 -0.618414 0.380678 0.884695 0.269071 0.508277 -0.443271 0.738353
-4.873552 -7.403958 -24.445061 -11.393601 0.749206 0.026737 -0.661797 -0.374838 -0.806664 -0.456935 0.546065 -0.590405 0.594336
-5.234671 -7.511657 -17.160576 -13.185183 0.672198 0.173876 -0.719665 0.336540 0.794048 0.506190 0.659462 -0.582456 0.475241
-3.712475 -7.009081 -0.627495 -47.938962 -0.072712 -0.465034 0.882302 0.536887 0.727279 0.427572 -0.840515 0.504786 0.196789
-3.352058 -7.164561 -7.730987 -58.524964 -0.118704 -0.378857 0.917811 0.528906 0.758168 0.381364 -0.840338 0.530705 0.110382
-3.492362 -6.375898 -7.544487 -29.434747 -0.120618 -0.492233 0.862066 0.409530 0.766391 0.494903 -0.904288 0.412736 0.109143
-3.674875 -6.218329 -10.289495 -31.345462 -0.038787 -0.554856 0.831041 0.430264 0.741346 0.515052 -0.901869 0.377545 0.209980
-3.675610 -6.729887 -8.630420 -36.411063 -0.011801 -0.534232 0.845255 0.549368 0.702843 0.451893 -0.835497 0.469689 0.285196
2.091905 -3.536140 -64.182175 -11.127855 0.272466 -0.311397 0.910381 0.706425 -0.577647 -0.409009 0.653243 0.754557 0.062590
2.370685 -3.753124 34.660811 21.706726 -0.189389 0.301513 -0.934463 -0.679598 0.646656 0.346384 0.708716 0.700661 0.082438
1.401692 -3.553630 -47.564581 3.487358 0.333390 -0.347590 0.876374 0.730897 -0.491868 -0.473134 0.595517 0.798277 0.090069
1.553302 -3.302917 4.870133 5.628815 0.245649 -0.392891 0.886168 0.763885 -0.484342 -0.426490 0.596772 0.781697 0.181146
-0.862515 -5.185872 -15.088824 -25.784372 -0.238357 -0.526530 0.816059 0.963322 -0.021521 0.267484 -0.123276 0.849884 0.512348
2.061228 -3.881264 -47.355381 -6.424319 0.145966 0.258360 -0.954958 -0.363700 0.911710 0.191067 0.920009 0.319429 0.227044
2.228844 -3.661719 -48.933756 -8.591342 0.167305 0.232193 -0.958173 -0.271317 0.945189 0.181672 0.947838 0.229574 0.221132
2.543252 -4.050642 -32.282042 -10.358337 0.055521 0.286821 -0.956374 -0.424704 0.873663 0.237360 0.903628 0.392997 0.170321
1.208973 -3.758835 -48.521952 -5.455507 0.223955 0.217663 -0.949983 -0.293807 0.944472 0.147137 0.929259 0.246159 0.275470
1.124202 -3.810610 -40.831895 -2.553205 0.208072 0.221552 -0.952691 -0.385201 0.913858 0.128392 0.899070 0.340263 0.275490
1.897250 -3.867371 -38.184051 -10.838623 0.120184 0.280490 -0.952303 -0.444300 0.873023 0.201067 0.887780 0.398943 0.229545
0.293155 -6.939311 -10.136183 26.536084 -0.097383 0.460377 -0.882366 0.949942 0.307445 0.055569 0.296862 -0.832785 -0.467271
0.062428 -7.616119 -4.254000 26.127389 -0.132025 0.448031 -0.884216 0.953910 0.299942 0.009549 0.269491 -0.842201 -0.466981
0.013517 -6.497021 -10.144372 18.738805 -0.137898 0.440864 -0.886918 0.897659 0.434055 0.076190 0.418560 -0.785643 -0.455600
0.359672 -7.464976 -7.602980 17.926634 -0.070835 0.470619 -0.879488 0.989064 0.147487 -0.000740 0.129365 -0.869922 -0.475920
0.617088 -6.882906 -7.685403 20.870846 -0.051235 0.493807 -0.868061 0.982603 0.180293 0.044566 0.178512 -0.850676 -0.494453
0.395729 -13.095219 5.345723 21.382752 -0.096818 0.508672 -0.855499 0.864058 0.469567 0.181414 0.493994 -0.721637 -0.484984
-0.002377 -9.649132 5.495324 98.849452 -0.049782 0.651945 -0.756630 0.709823 0.556037 0.432404 -0.702618 0.515548 0.490447
0.347085 -10.187488 30.336668 54.748887 -0.027392 0.637104 -0.770291 0.781761 0.493886 0.380691 -0.622976 0.591756 0.511591
1.006248 -12.497794 -42.058953 -26.336950 0.016539 -0.642048 0.766486 0.832364 0.433577 0.345225 -0.553982 0.632286 0.541588
7.264269 -4.437037 -191.412870 -52.882155 -0.304525 0.947717 0.095379 -0.817552 -0.311447 0.484366 -0.488747 -0.069525 -0.869651
9.568258 -3.584485 -228.642074 -49.127887 -0.281967 0.957092 0.066857 -0.866769 -0.283994 0.409949 -0.411346 -0.057643 -0.909655
5.860944 -4.553743 24.233361 -42.678456 -0.130756 0.894758 0.426979 -0.824584 -0.337257 0.454224 -0.550422 0.292688 -0.781901
4.836233 -4.798201 7.263529 -34.931084 -0.147211 0.894296 0.422569 -0.774805 -0.369822 0.512747 -0.614822 0.251926 -0.747346
5.350083 -4.650525 -160.916022 -39.324284 -0.321429 0.938212 0.128225 -0.763840 -0.336924 0.550483 -0.559672 -0.078998 -0.824941
4.077490 -10.339652 -33.251291 233.931300 -0.075717 0.673214 -0.735561 0.271822 0.723676 0.634355 0.959364 -0.151910 -0.237789
-0.300841 -232.957371 29.878786 9900.787944 0.051494 0.802650 -0.594223 0.710468 0.388717 0.586629 -0.701843 0.452384 0.550241
1.713482 -235.883167 -52.225037 12180.033813 -0.168047 0.721745 -0.671450 0.332626 0.682705 0.650595 -0.927966 0.114011 0.354797
16.960392 -257.793898 -257.397710 -11799.065263 -0.196568 0.739083 -0.644296 -0.351236 0.560429 0.750035 -0.915420 -0.373733 -0.149430
-5.938492 -147.416736 -167.776515 700.680029 0.582963 0.402368 -0.705871 0.297311 0.702873 0.646201 0.756148 -0.586575 0.290121
-1.695165 -119.454182 61.782730 3030.138134 0.448551 0.483362 -0.751773 0.123700 0.799468 0.587834 0.885155 -0.356668 0.298810
-239.166052 -688.813428 -5082.422418 -22385.107261 0.157353 0.404992 -0.900678 0.983944 -0.142088 0.108010 -0.084232 -0.903212 -0.420847
-0.840887 -3.556625 2.119534 -24.770669 0.085700 -0.151336 0.984760 0.631776 0.772526 0.063739 -0.770399 0.616686 0.161816
0.295847 -2.054985 -79.679984 -10.622613 0.266930 0.918425 0.291967 0.119364 0.269120 -0.955681 0.956295 -0.289950 0.037791
-0.543555 -2.081314 -11.140554 12.735638 -0.197510 0.944778 0.261505 0.118672 -0.241755 0.963053 -0.973091 -0.221246 0.064370
-0.208336 -2.038343 -0.642585 10.818263 -0.182813 0.917417 0.353449 0.123749 -0.335176 0.933993 -0.975328 -0.214485 0.052255
-0.414466 -1.550365 7.391314 20.135695 -0.175709 0.903770 0.390290 0.184848 -0.359117 0.914804 -0.966932 -0.232884 0.103960
-0.489945 -1.029422 7.689228 33.102118 -0.192786 0.929715 0.313788 0.218715 -0.271027 0.937394 -0.956555 -0.249347 0.151092
421.055246 -1345.928696 -13874.149801 -41906.672223 0.205708 -0.957136 -0.203897 0.966414 0.231482 -0.111627 0.154040 -0.174087 0.972607
2.035713 -25.674865 -38.467627 489.683710 0.810107 0.526110 -0.258718 -0.059317 -0.365471 -0.928931 0.583273 -0.767880 0.264863
1.471452 -27.478379 -6.176591 416.698359 0.814469 0.536745 -0.220329 0.012600 -0.396015 -0.918158 0.580070 -0.745035 0.329305
2.698768 -23.929999 -39.981657 215.890298 0.820946 0.516999 -0.242405 0.170703 -0.627319 -0.759823 0.544893 -0.582395 0.603248
0.455490 -22.059598 11.572270 189.069717 0.805416 0.564460 -0.180803 -0.129843 -0.129605 -0.983028 0.578313 -0.815222 0.031094
3.890749 -31.255499 -92.212900 632.097435 0.762157 0.556448 -0.330881 0.008902 -0.520058 -0.854085 0.647331 -0.648001 0.401319
1.533812 -24.478104 -55.852235 619.436821 0.790745 0.535644 -0.296324 -0.200274 -0.231059 -0.952104 0.578457 -0.812217 0.075433
-4.076477 -5.537391 9.499092 1.809989 0.879416 -0.329921 -0.343191 -0.305037 0.162949 -0.938296 -0.365487 -0.929838 -0.042662
-4.568281 -5.299420 4.510405 13.243890 0.696824 -0.365196 -0.617307 -0.439066 0.463365 -0.769749 -0.567148 -0.807418 -0.162539
-3.521457 -6.402620 -5.992756 -28.423909 0.102730 -0.679773 0.726192 -0.237185 0.692256 0.681560 -0.966017 -0.242259 -0.090117
-3.838115 -6.409208 12.735549 -30.672520 -0.201812 0.716969 -0.667253 -0.234233 0.626171 0.743670 -0.951003 -0.306374 -0.041569
-3.780390 -6.467295 -2.592630 1.268215 0.122809 -0.699403 0.704097 -0.076972 0.700618 0.709373 -0.989441 -0.141313 0.032208
-3.507896 -6.461113 -12.494276 -0.467216 0.011631 -0.651628 0.758449 -0.077385 0.755639 0.650400 -0.996933 -0.066258 -0.041637
-3.670247 -6.264399 -5.787899 28.754262 0.025641 -0.671036 0.740981 0.083508 0.740072 0.667323 -0.996177 0.044767 0.075013
-3.917516 -6.334826 4.187301 33.788467 0.137533 -0.703470 0.697291 0.094273 0.710082 0.697780 -0.986001 -0.030232 0.163978
-0.654484 -1.696245 -31.272441 28.799127 -0.073425 0.244481 -0.966870 0.613209 0.775634 0.149558 0.786501 -0.581912 -0.206868
-0.976531 -1.556415 -16.757587 27.892128 -0.006053 0.360812 -0.932619 0.611774 0.739074 0.281962 0.791010 -0.568845 -0.225209
1.108589 -10.457453 -64.447224 -146.584541 -0.450831 -0.501792 -0.738211 0.781059 -0.622107 -0.054127 -0.432086 -0.600988 0.672395
-0.541887 -8.948716 -28.881861 -141.544483 -0.329054 -0.568961 -0.753663 0.789709 -0.603405 0.110735 -0.517767 -0.558736 0.647866
2.390907 -1.338929 -14.244841 10.909330 0.223606 -0.026360 -0.974323 0.194311 0.980774 0.018060 0.955114 -0.193360 0.224429
2.366669 -1.815734 -40.244814 10.788302 0.315865 0.007588 -0.948774 0.170842 0.983169 0.064740 0.933296 -0.182539 0.309253
-0.637998 -5.866326 4.554531 59.865569 -0.075283 0.452943 -0.888356 0.867526 0.469011 0.165615 0.491662 -0.758203 -0.428248
-0.803650 -5.367066 -2.906531 33.476360 -0.169528 0.392861 -0.903837 0.858512 0.509234 0.060317 0.483961 -0.765729 -0.423605
-1.400090 -6.087437 -10.648372 -53.475794 -0.036178 0.448799 -0.892900 0.844784 0.491063 0.212595 0.533883 -0.746617 -0.396904
-0.780874 -5.922117 0.235549 -22.297682 0.071431 0.517873 -0.852470 0.828404 0.445223 0.339886 0.555557 -0.730468 -0.397205
-1.569470 -8.941759 -23.176307 -135.330611 0.080487 0.480173 -0.873474 0.781838 0.513145 0.354133 0.618264 -0.711418 -0.334116
-2.703195 -10.756938 -19.410502 -198.057782 -0.084538 0.385162 -0.918969 0.790282 0.587639 0.173594 0.606884 -0.711569 -0.354064
0.294681 -12.581869 -2.894990 37.780617 0.280405 -0.276475 0.919203 0.955351 -0.012551 -0.295207 0.093154 0.960939 0.260611
0.090777 -12.909535 -3.261474 53.339331 0.277362 -0.268053 0.922615 0.955740 -0.021114 -0.293454 0.098142 0.963173 0.250333
0.419160 -13.561178 -3.123792 73.757884 0.289651 -0.283632 0.914142 0.954122 0.161249 -0.252288 -0.075847 0.945279 0.317326
0.106789 -11.386057 -2.637400 120.867701 0.276184 -0.274413 0.921097 0.906602 -0.243764 -0.344460 0.319054 0.930203 0.181459
0.470856 -11.602864 -5.981021 30.741186 0.274743 -0.281067 0.919520 0.956365 -0.018989 -0.291557 0.099408 0.959500 0.263586
0.344840 -11.041351 -4.232870 98.483426 0.265628 -0.277809 0.923181 0.917057 -0.222590 -0.330849 0.297403 0.934492 0.195640
1.359600 -3.049546 20.811454 -14.484615 -0.271769 0.501133 -0.821589 0.709616 0.681032 0.180669 0.650067 -0.533912 -0.540695
1.631724 -2.836920 7.545783 -6.011507 -0.218903 0.508662 -0.832673 0.734271 0.647876 0.202740 0.642595 -0.567027 -0.515318
1.856624 -2.999466 1.042859 -4.587708 -0.140148 0.548819 -0.824109 0.712851 0.633577 0.300706 0.687170 -0.545323 -0.480021
1.722818 -2.824804 3.325056 2.129178 -0.139401 0.526088 -0.838927 0.750598 0.608728 0.257008 0.645887 -0.593870 -0.479738
1.016692 -7.963928 -33.257898 -64.461583 0.468201 0.784367 -0.406886 -0.290743 -0.298085 -0.909183 0.834420 -0.543980 -0.088486
-0.033833 -16.147557 -17.699004 189.004476 -0.704985 0.363733 0.608847 0.706182 0.439411 0.555180 -0.065597 0.821350 -0.566640
0.109323 -16.973177 -6.738017 191.536665 -0.684747 0.345724 0.641557 0.728760 0.318236 0.606328 0.005456 0.882723 -0.469862
0.352147 -16.690739 18.063946 -17.875320 0.707090 -0.361375 -0.607809 0.661849 0.640844 0.388941 -0.248957 0.677294 -0.692310
-1.522980 -9.074986 2.367060 13.099506 -0.328417 0.417777 -0.847115 0.848310 -0.263919 -0.459039 -0.415346 -0.869373 -0.267729
-1.492312 -9.100683 -2.716140 16.949222 -0.371833 0.370028 -0.851364 0.840235 -0.255740 -0.478124 -0.394647 -0.893127 -0.215817
-1.623960 -9.338482 1.805988 12.551233 -0.345355 0.414594 -0.841928 0.739661 -0.431913 -0.516094 -0.577609 -0.800976 -0.157495
3.603309 -3.652541 140.806482 43.083890 -0.119284 0.898407 0.422653 0.783211 0.346773 -0.516071 0.610207 -0.269468 0.745007
-1.953312 -12.785166 62.329343 33.236197 -0.703223 0.316043 0.636863 0.283883 0.946079 -0.156028 -0.651834 0.071072 -0.755024
-6.453058 -11.686565 115.330500 38.972120 -0.711583 0.521253 0.471109 0.453723 0.852877 -0.258333 -0.536455 0.029928 -0.843398
-3.370618 -11.543093 71.615001 36.944457 -0.734413 0.364073 0.572789 0.286205 0.931369 -0.225028 -0.615405 -0.001328 -0.788210
-3.369779 -34.001274 -113.436484 -878.323744 -0.470281 0.330536 0.818279 -0.188097 0.868365 -0.458871 -0.862238 -0.369714 -0.346203
-19.791074 -312.389191 -373.850421 -10470.814760 -0.482370 0.080122 0.872296 0.052740 0.996658 -0.062380 -0.874378 0.015915 -0.484984
1.408455 -265.799847 -93.107375 -10000.699615 -0.491531 0.204573 0.846491 0.110410 0.978813 -0.172440 -0.863833 0.008702 -0.503704
5.155998 -378.816769 -150.982159 -12833.379078 -0.485993 0.081540 0.870151 0.044889 0.996653 -0.068323 -0.872809 0.005856 -0.488027
0.928307 -30.430240 -161.288452 -899.284441 -0.481983 0.248717 0.840139 -0.122205 0.930409 -0.345549 -0.867617 -0.269218 -0.418047
-1.224801 -3.280734 15.235171 -11.023678 -0.269992 0.689316 -0.672270 -0.057662 0.685371 0.725907 -0.961135 -0.234753 0.145297
-1.270137 -3.359837 -13.722532 0.090357 0.244987 -0.591629 0.768086 -0.001903 0.791933 0.610605 -0.969525 -0.151052 0.192887
-0.993974 -3.587894 -1.792102 -6.936276 0.237721 -0.615971 0.751045 -0.080680 0.758016 0.647226 -0.967977 -0.214454 0.130500
-2.313092 -5.169768 -15.353094 -25.278157 -0.733653 -0.006442 0.679494 -0.316804 0.887875 -0.333637 -0.601156 -0.460040 -0.653433
-1.929166 -5.806732 -24.090063 -19.705704 -0.742677 -0.035553 0.668705 -0.230206 0.951284 -0.205094 -0.628837 -0.306259 -0.714682
-1.887885 -5.278923 -26.743476 -24.263762 -0.754881 -0.061713 0.652952 -0.328536 0.897233 -0.295021 -0.567644 -0.437224 -0.697579
-0.294827 -30.201307 8.595112 -242.036231 0.280624 -0.451419 0.847037 0.289358 0.881228 0.373777 -0.915162 0.140207 0.377916
-1.793592 -9.512084 31.522277 -155.829794 -0.665699 -0.327978 0.670280 0.739054 -0.413965 0.531444 0.103170 0.849154 0.517970
0.893126 -2.654793 -10.052681 12.791647 0.035023 0.510824 -0.858972 0.757614 0.546962 0.356164 0.651762 -0.663243 -0.367851
1.182902 -2.725488 -22.764726 6.925121 0.041037 0.524655 -0.850326 0.746134 0.549928 0.375317 0.664530 -0.649859 -0.368895
0.981921 -2.963820 -9.106654 11.669676 0.041082 0.519154 -0.853693 0.796293 0.499075 0.341821 0.603514 -0.693832 -0.392896
0.743525 -2.920543 -1.457403 17.861189 0.038182 0.498888 -0.865825 0.797762 0.506563 0.327062 0.601762 -0.703210 -0.378652
0.815100 -3.329082 -3.231095 14.801172 0.062804 0.513131 -0.856010 0.844813 0.429320 0.319336 0.531363 -0.743224 -0.406536
1.002231 -3.226036 -11.425912 9.810096 0.053801 0.524167 -0.849914 0.845958 0.428287 0.317688 0.530529 -0.736084 -0.420380
-2.700337 -8.509604 89.316597 -66.963556 -0.144862 0.804522 -0.575985 0.180313 -0.550913 -0.814851 0.972883 0.221899 0.065260
-3.857340 -6.577033 -18.735133 15.999609 0.748011 -0.243560 -0.617380 0.368943 0.925850 0.081754 0.551690 -0.288931 0.782405
-2.899743 -6.336044 -19.458921 -46.410195 -0.163313 -0.394424 0.904300 0.420842 0.801178 0.425448 -0.892312 0.450049 0.035147
-2.344462 -7.393340 -44.104214 -59.525549 -0.201613 -0.313966 0.927781 0.512874 0.773152 0.373090 -0.834454 0.551054 0.005148
1.094941 -3.872933 -103.237642 -24.275523 0.297443 -0.275214 0.914213 0.690148 -0.599678 -0.405070 0.659714 0.751427 0.011568
0.681431 -3.863036 -100.679686 -3.641085 0.352767 -0.318622 0.879793 0.710703 -0.520361 -0.473419 0.608652 0.792278 0.042879
-1.194049 -5.662374 -7.212215 -20.221655 -0.193515 -0.566454 0.801051 0.979901 -0.151905 0.129303 0.048439 0.809972 0.584464
-1.352198 -5.983801 -2.316218 -12.222818 -0.100144 -0.580168 0.808317 0.974824 -0.219876 -0.037043 0.199221 0.784257 0.587581
-0.107691 -6.566108 -1.077141 32.974621 -0.186745 0.434318 -0.881189 0.882339 0.468557 0.043952 0.431976 -0.769300 -0.470717
-0.139182 -7.474108 1.210123 61.202987 -0.192343 0.440392 -0.876960 0.899938 0.435498 0.021316 0.391301 -0.785109 -0.480090
-0.098041 -8.620986 -2.640430 32.361331 -0.143018 0.447717 -0.882664 0.964967 0.261286 -0.023821 0.219963 -0.855149 -0.469401
0.192871 -8.174998 -4.667324 12.227505 -0.085177 0.460217 -0.883711 0.993121 0.110737 -0.038053 0.080347 -0.880873 -0.466483
0.703884 -11.888225 9.916960 51.030978 -0.060012 0.513668 -0.855888 0.850744 0.474831 0.225321 0.522142 -0.714620 -0.465495
0.565438 -11.829038 9.436893 109.389844 -0.079509 0.522660 -0.848825 0.733224 0.607542 0.305410 0.675322 -0.598097 -0.431533
0.681023 -11.293921 7.110521 37.140459 -0.029782 0.499337 -0.865896 0.926210 0.339505 0.163926 0.375830 -0.797119 -0.472602
1.117449 -10.582578 16.460813 48.391737 0.015163 0.522267 -0.852647 0.840928 0.454671 0.293452 0.540934 -0.721465 -0.432295
1.040872 -10.766276 15.581858 95.634951 -0.027146 0.534990 -0.844422 0.731738 0.586149 0.347835 0.681045 -0.608453 -0.407384
7.829527 -6.354346 534.375015 12.261796 -0.496145 0.868189 -0.009403 -0.640693 -0.373404 -0.670882 0.585963 0.326830 -0.741504
2.229351 -7.261519 471.054161 34.922405 -0.633066 0.773290 -0.035350 -0.474446 -0.423686 -0.771616 0.611660 0.471712 -0.635106
3.104749 -4.802952 124.209068 44.608514 -0.249755 0.948259 0.196028 -0.785975 -0.080286 -0.613023 0.565566 0.307178 -0.765360
11.572108 -4.521312 25.368983 -31.689454 -0.202428 0.966919 0.155215 -0.834781 -0.087506 -0.543583 0.512018 0.239607 -0.824879
17.575091 -6.612694 698.374928 -24.186353 -0.408787 0.912096 -0.031214 -0.757186 -0.358055 -0.546321 0.509474 0.199694 -0.836994
-0.017515 -8.886104 -10.507551 37.295021 -0.070486 0.650590 -0.756151 0.788091 0.501023 0.357615 -0.611510 0.570709 0.548040
-0.077785 -9.843119 -5.777131 -30.021012 -0.120217 -0.390920 0.912540 -0.061686 0.920372 0.386148 -0.990829 -0.009869 -0.134759
