17436
34836
-8.599799 -10.538687 78.784046 207.582012 0.984987 -0.145758 -0.092498 -0.153140 -0.490437 -0.857916 -0.079684 -0.859201 0.505395
-7.276830 -11.324500 53.097027 98.175563 0.847096 -0.310492 -0.431304 -0.531375 -0.507584 -0.678233 0.008337 -0.803712 0.594960
-10.393267 -13.861470 78.710852 287.693162 0.992359 0.092150 0.082054 0.122073 -0.636402 -0.761637 0.017966 -0.765833 0.642788
-6.375336 -9.292365 4.059986 -110.833799 0.664583 -0.384942 -0.640429 0.746615 0.307759 0.589789 -0.029936 -0.870117 0.491934
-9.395142 -17.626353 -2.053176 491.750414 0.932385 0.157397 0.325399 0.352007 -0.599972 -0.718418 -0.082154 -0.784385 0.614810
-7.897725 -14.510890 -69.110188 469.437977 0.944328 -0.007977 0.328910 0.277816 -0.516208 -0.810153 -0.176248 -0.856426 0.485253
-6.938596 -8.205796 -41.098527 216.292462 0.982829 -0.180355 0.038975 -0.038280 -0.405927 -0.913103 -0.180504 -0.895933 0.405861
-5.771047 -8.011513 45.775466 -106.443595 0.466540 -0.398650 -0.789569 0.879091 0.110412 0.463691 -0.097672 -0.910433 0.401961
9.006911 -8.412547 -57.912929 -92.314617 0.852843 -0.458735 -0.249442 0.110289 0.625177 -0.772651 -0.510388 -0.631439 -0.583771
9.713617 -10.901877 111.389483 -189.888441 -0.835982 0.456452 0.304609 0.143212 0.717324 -0.681863 -0.529741 -0.526401 -0.665039
7.937658 -9.053963 217.126505 -120.936663 -0.777089 0.509039 0.370151 0.080264 0.663458 -0.743896 -0.624252 -0.548363 -0.556424
-0.932002 -2.792500 -5.191021 -57.716092 0.888218 -0.390351 -0.242270 -0.421806 -0.901871 -0.093322 0.182068 -0.185081 0.965710
-0.735007 -2.428424 11.518380 19.694820 0.948354 -0.220687 -0.227865 0.249375 0.962636 0.105563 0.196055 -0.156935 0.967953
-0.990258 -3.037076 2.017510 -48.338192 0.854514 -0.460301 -0.240683 -0.489209 -0.868930 -0.075065 0.174585 -0.181888 0.967697
-1.101506 -3.619091 -11.173835 -57.613484 0.801438 -0.543729 -0.249110 -0.577927 -0.811268 -0.088564 0.153940 -0.214946 0.964417
-1.169523 -3.422086 -11.173796 -54.261306 0.853458 -0.456768 -0.250943 -0.494673 -0.861543 -0.114201 0.164035 -0.221601 0.961242
-2.173312 -4.886271 -26.292629 -52.794783 0.379617 0.810982 -0.445195 0.892546 -0.194432 0.406889 0.243420 -0.551819 -0.797648
-3.053297 -5.041714 -39.674982 -76.214505 0.374695 0.822408 -0.428076 0.876585 -0.163848 0.452496 0.301996 -0.544793 -0.782304
-2.701028 -5.590408 -38.198056 -85.909982 0.589688 0.735616 -0.333374 0.755830 -0.357203 0.548750 0.284587 -0.575566 -0.766638
6.148604 -3.450639 -334.101426 -1.815140 -0.722806 0.128087 -0.679077 0.286787 0.949655 -0.126132 0.628733 -0.285919 -0.723150
10.680835 -6.144441 -315.225424 -36.292180 -0.784507 0.158747 -0.599456 0.315347 0.934482 -0.165226 0.533952 -0.318658 -0.783168
6.929705 -3.334810 -309.607682 4.092741 -0.750744 -0.079408 -0.655803 0.176506 0.932543 -0.314976 0.636576 -0.352220 -0.686085
2.267890 -1.339315 -194.141511 121.179994 -0.731434 -0.146456 -0.665999 0.091666 0.946683 -0.308852 0.675723 -0.286954 -0.679011
2.490930 -1.502864 -254.822878 -115.643240 -0.596118 0.348711 -0.723218 0.444129 0.893617 0.064794 0.668874 -0.282577 -0.687574
0.282679 -4.963356 2.044362 -40.351765 0.965329 0.193189 -0.175551 -0.190995 0.981148 0.029475 0.177936 0.005076 0.984029
0.293841 -4.480456 -2.885326 -64.554687 0.964798 0.202377 -0.167954 -0.193100 0.978678 0.070012 0.178542 -0.035116 0.983305
0.285417 -4.607635 -23.003490 -4.199805 0.953618 0.252047 -0.164576 -0.253484 0.967258 0.012561 0.162354 0.029739 0.986284
0.507246 -4.039280 -18.224844 60.020528 0.918687 0.358463 -0.165890 -0.368723 0.928889 -0.034774 0.141628 0.093113 0.985531
0.561944 -4.945621 4.945907 20.673484 0.949863 0.258829 -0.175409 -0.268171 0.962859 -0.031416 0.160763 0.076881 0.983994
-0.198608 -3.897139 -37.760115 -2.465684 0.939646 0.302122 -0.160583 -0.302844 0.952818 0.020558 0.159218 0.029314 0.986808
-0.449297 -10.824183 -7.931498 82.738626 0.913015 -0.270976 -0.304920 0.250815 -0.216593 0.943493 0.321707 0.937902 0.129788
-0.474327 -10.169588 14.197158 40.493588 0.888727 -0.276762 -0.365468 0.305021 -0.238157 0.922086 0.342237 0.930959 0.127238
0.043068 -12.068212 -2.098545 98.605527 0.892501 -0.270812 -0.360698 0.350405 -0.087235 0.932527 0.284005 0.958672 -0.017037
-0.864970 -9.827637 6.443816 12.140923 0.903563 -0.282195 -0.322398 0.212228 -0.358888 0.908933 0.372201 0.889700 0.264388
0.323439 -13.201284 -22.542681 149.479538 0.917277 -0.268068 -0.294522 0.288997 -0.060789 0.955398 0.274015 0.961480 -0.021710
-0.726913 -9.841133 -11.948823 48.037136 0.920882 -0.265967 -0.285023 0.185507 -0.344081 0.920432 0.342875 0.900483 0.267519
-0.215776 -11.294735 -19.693894 146.607491 0.931652 -0.265137 -0.248448 0.198893 -0.200106 0.959374 0.304081 0.943218 0.133696
0.675923 -19.708834 -4.960665 157.141075 0.795222 -0.333612 0.506285 -0.422423 0.294164 0.857337 0.434949 0.895640 -0.093000
1.147299 -17.958845 -23.758894 23.112127 0.817899 -0.336714 0.466545 -0.447500 0.137389 0.883667 0.361641 0.931530 0.038309
0.826494 -20.367455 -11.173829 -62.494238 0.798539 -0.307846 0.517269 -0.479849 0.193277 0.855797 0.363430 0.931598 -0.006620
6.418666 -0.746129 121.758429 47.647740 0.996307 -0.076625 -0.038733 -0.082169 -0.981779 -0.171340 0.024898 -0.173890 0.984450
7.426663 -0.466076 92.202521 2.876869 0.999423 0.003447 -0.033778 -0.002892 -0.982575 -0.185843 0.033830 -0.185833 0.981999
7.410993 -1.197955 29.482299 81.345553 0.987515 -0.133965 0.082867 -0.116632 -0.975414 -0.186990 -0.105879 -0.174991 0.978860
6.667457 -2.403659 50.432075 129.412605 0.973509 -0.222095 0.054352 -0.210356 -0.963116 -0.167801 -0.089615 -0.151923 0.984321
5.257706 -2.505136 160.443653 145.381281 0.983177 -0.173464 -0.057217 -0.180342 -0.971574 -0.153367 0.028987 -0.161105 0.986511
1.209267 -14.632811 -20.869431 -183.624213 0.785727 -0.324702 0.526499 -0.604518 -0.583482 0.542316 -0.131112 0.744390 0.654747
1.903737 -17.218300 -23.149932 -390.698523 0.797538 -0.347207 0.493337 -0.599698 -0.545145 0.585814 -0.065541 0.763062 0.642994
1.603915 -21.432076 -15.889861 -572.620318 0.743078 -0.402394 0.534709 -0.646426 -0.638303 0.417975 -0.173116 0.656238 0.734427
1.086315 -17.670057 -15.655507 -407.461021 0.731479 -0.382726 0.564322 -0.644422 -0.658506 0.388704 -0.222843 0.647990 0.728320
0.567468 -12.890473 -21.347586 -63.173870 0.770046 -0.316028 0.554216 -0.613526 -0.605059 0.507434 -0.174970 0.730774 0.659815
-0.681492 -16.909904 33.776174 -70.079292 0.880653 -0.356924 -0.311536 0.346225 0.933723 -0.091045 0.323385 -0.027682 0.945863
-0.415692 -16.403819 32.802718 82.177601 0.867034 -0.390291 -0.309719 -0.447778 -0.882985 -0.140829 0.218512 -0.260789 0.940341
-0.075877 -15.781080 12.852205 -72.617114 0.875580 -0.380900 -0.297111 0.377086 0.923339 -0.072467 0.301937 -0.048585 0.952089
1.350834 -14.578031 -4.888961 147.616330 0.827716 -0.274626 -0.489353 0.543693 0.176676 0.820478 0.138868 0.945181 -0.295549
1.183323 -13.262611 12.601159 136.464966 0.806579 -0.267055 -0.527363 0.570681 0.119190 0.812476 0.154119 0.956282 -0.248540
1.827381 -15.075557 -16.795340 84.469599 0.792065 -0.284731 -0.539965 0.609854 0.330452 0.720333 0.026669 0.899850 -0.435384
2.670176 -16.464976 -47.852526 77.205388 0.821223 -0.287064 -0.493139 0.570498 0.396222 0.719402 0.011122 0.872125 -0.489156
2.003683 -14.918029 -18.380882 -16.178330 0.760501 -0.301743 -0.574969 0.642058 0.481644 0.596473 -0.096949 0.822782 -0.560028
3.182053 -15.896989 -66.913354 -40.649515 0.783672 -0.305664 -0.540765 0.610213 0.541641 0.578157 -0.116179 0.783068 -0.610989
-1.041849 -25.877239 -21.916574 -94.264483 0.877770 -0.200991 -0.434883 0.460317 0.605400 0.649306 -0.132773 0.770125 -0.623922
-1.005116 -24.192689 -11.258663 -180.279408 0.877357 -0.213295 -0.429825 0.417877 0.779920 0.465944 -0.235845 0.588413 -0.773400
-0.842384 -25.284182 9.920761 -62.745075 0.876742 -0.201338 -0.436790 0.449280 0.666992 0.594364 -0.171668 0.717345 -0.675238
-1.677292 -25.447395 -66.316231 -227.796687 0.878031 -0.214871 -0.427658 0.433866 0.734565 0.521704 -0.202043 0.643618 -0.738197
-0.805442 -25.754067 19.210803 9.055108 0.873888 -0.207721 -0.439514 0.483633 0.462979 0.742799 -0.049191 0.861686 -0.505052
-0.926182 -26.445582 -19.781434 34.316138 0.874073 -0.201127 -0.442205 0.485714 0.378475 0.787933 -0.008889 0.903496 -0.428505
-1.610902 -26.896287 -80.117468 -135.142432 0.880148 -0.195230 -0.432694 0.465088 0.537136 0.703689 -0.095034 0.820591 -0.563559
-1.294618 -23.567153 -36.974261 238.963741 0.874353 0.158356 0.458726 -0.269350 0.944655 0.187292 -0.403679 -0.287317 0.868615
-0.881978 -20.212832 -199.289853 85.191161 0.839996 0.135633 0.525366 -0.174226 0.984403 0.024425 -0.513859 -0.112050 0.850526
5.244616 -22.871144 -493.354708 592.774007 0.840850 0.098761 0.532181 -0.147401 0.987834 0.049575 -0.520810 -0.120130 0.845178
0.343412 -4.211077 95.040389 7.428104 0.787822 -0.170585 0.591808 0.426280 -0.542521 -0.723848 -0.444546 -0.822540 0.354693
-1.085552 -4.217474 55.016848 6.479722 0.791784 -0.189740 0.580583 0.427209 -0.507317 -0.748413 -0.436543 -0.840612 0.320627
0.677285 -4.117539 134.115127 33.406039 0.795558 -0.163447 0.583414 0.439708 -0.506710 -0.741554 -0.416826 -0.846481 0.331249
2.268988 -3.978127 177.745360 38.067273 0.818024 -0.197522 0.540205 0.384477 -0.510757 -0.768963 -0.427801 -0.836727 0.341869
1.958000 -3.846414 194.280712 39.415835 0.810313 -0.174059 0.559550 0.426374 -0.479910 -0.766741 -0.401992 -0.859878 0.314663
32.923310 -13.514448 1919.906879 -65.202494 0.546163 0.760242 0.351765 0.542384 -0.640960 0.543131 -0.638377 0.105847 0.762411
9.929323 -13.807007 572.258784 -191.949790 0.740866 0.504598 0.443282 -0.404724 0.862101 -0.304927 -0.536019 0.046503 0.842924
9.014141 -12.978859 488.477864 -130.198102 0.620653 0.653280 0.433607 -0.563392 0.756177 -0.332846 -0.545325 -0.037708 0.837376
8.802952 -37.617644 -1005.636140 -3093.427319 0.906444 0.422206 0.010074 -0.165100 0.332299 0.928612 -0.388717 0.843398 -0.370916
-1.215825 -12.802159 -1378.624970 -645.043782 0.889929 0.437321 -0.129522 -0.087857 0.443027 0.892193 -0.447556 0.782610 -0.432684
6.101724 -14.636340 -717.648258 -1206.352745 0.907951 0.391293 -0.150050 -0.097511 0.545478 0.832433 -0.407575 0.741177 -0.533423
9.611571 -18.507648 -305.533799 -1499.380550 0.934773 0.313420 -0.167235 -0.034806 0.549297 0.834902 -0.353536 0.774623 -0.524377
-7.622618 -120.082797 151.365368 7104.222842 0.923632 -0.220590 -0.313441 -0.348204 -0.824700 -0.445673 0.160184 -0.520779 0.838529
-8.278011 -72.604795 126.455046 4321.037441 0.857592 -0.401788 -0.321096 -0.511585 -0.730780 -0.451931 0.053070 -0.551840 0.832260
-8.231489 -34.541473 141.728889 1404.292128 0.847148 -0.398056 -0.351981 -0.530521 -0.596488 -0.602287 -0.029791 -0.696960 0.716491
-5.863703 -33.106996 20.745971 1144.059596 0.940704 -0.215177 -0.262251 -0.333567 -0.727404 -0.599681 0.061725 -0.651600 0.756047
77.113259 -742.912293 3802.289021 -75597.753452 0.996396 -0.050031 0.068497 -0.083642 -0.713829 0.695308 -0.014108 0.698531 0.715441
163.707669 -673.633475 10561.804150 105769.730510 0.898684 -0.286688 -0.331928 -0.068207 -0.838941 0.539932 0.433260 0.462588 0.773497
9.663362 -56.503596 1591.842160 -917.599336 0.978489 -0.201969 -0.042045 -0.206214 -0.951670 -0.227596 -0.005954 -0.231371 0.972847
12.053218 -8.219143 716.786578 -439.888293 0.982846 -0.182186 -0.028673 0.060326 0.170659 0.983482 0.174283 0.968341 -0.178722
267.357063 -602.837945 21262.427453 53519.257677 -0.503497 0.106700 0.857383 0.862569 0.119103 0.491720 -0.049650 0.987132 -0.152004
3.676043 -6.779890 2.008181 4.828016 0.901739 -0.313398 0.297738 0.255773 -0.168447 -0.951948 -0.348492 -0.934563 0.071736
3.122302 -6.807303 -8.240457 6.634802 0.898879 -0.309711 0.309993 0.224401 -0.282283 -0.932717 -0.376378 -0.907962 0.184239
3.187951 -6.840304 64.003903 2.374971 0.909881 -0.258527 0.324468 0.280210 -0.193786 -0.940175 -0.305938 -0.946367 0.103880
-1.262946 -13.733528 170.527232 -89.697073 0.944559 0.323510 -0.056120 -0.304244 0.798088 -0.520087 0.123465 -0.508327 -0.852268
-2.004636 -14.022897 7.157564 -53.938837 0.983581 0.180020 -0.012667 -0.162731 0.854400 -0.493476 0.078013 -0.487435 -0.869667
1.528404 -12.799774 137.776744 102.607687 0.933665 0.349102 -0.079986 -0.355897 0.879364 -0.316317 0.040090 -0.323801 -0.945275
0.901960 -12.223450 255.058463 -74.595481 0.853559 0.498081 -0.152811 -0.506955 0.726394 -0.464057 0.120137 -0.473569 -0.872525
-3.024538 -5.641671 -4.041239 -31.450850 0.704380 0.005980 -0.709798 -0.520279 0.684588 -0.510539 -0.482866 -0.728906 -0.485321
-3.107218 -5.993449 3.365670 -44.271424 0.696255 0.012811 -0.717680 -0.495550 0.731911 -0.467692 -0.519287 -0.681279 -0.515945
-3.179592 -5.868921 -28.237939 -42.404191 0.737896 -0.018086 -0.674672 -0.467267 0.707627 -0.530024 -0.487002 -0.706355 -0.513704
11.593527 -6.163053 -582.267257 35.794671 0.877929 -0.283455 0.385867 0.336656 0.938512 -0.076540 -0.340445 0.197101 0.919374
6.837315 -9.282728 -406.763227 -112.988627 0.824550 -0.367064 0.430560 0.439378 0.894862 -0.078543 -0.356461 0.253941 0.899138
11.258642 -4.484836 -303.952022 -668.523533 0.878688 -0.390699 0.274338 0.399637 0.916333 0.024983 -0.261146 0.087683 0.961309
-128.483855 -576.961022 -12959.670625 48327.546852 -0.239184 -0.095287 0.966287 0.373591 0.909530 0.182165 -0.896226 0.404567 -0.181947
-66.711030 -434.167020 -4207.939983 7602.006707 -0.365233 0.006836 0.930891 0.345578 0.929514 0.128761 -0.864396 0.368723 -0.341851
-86.715153 -264.254134 -9302.676196 15412.927854 -0.264125 -0.016313 0.964350 0.009605 0.999763 0.019543 -0.964441 0.014424 -0.263906
-238.825865 -407.086964 -26136.286648 -16078.430763 0.014476 0.050111 0.998639 -0.203775 0.977931 -0.046118 -0.978911 -0.202830 0.024368
-88.125340 -1220.764511 -7311.754367 134892.562774 -0.305235 0.388465 0.869440 -0.368362 0.793772 -0.483978 -0.878146 -0.467996 -0.099191
-2.517316 -24.298058 -114.592721 270.119901 0.666804 -0.196721 0.718800 0.341490 0.937963 -0.060086 -0.662387 0.285529 0.692616
-3.191127 -24.778264 -76.473852 -316.074446 0.675499 -0.175925 0.716067 0.071412 0.982164 0.173935 -0.733895 -0.066357 0.676014
-4.856629 -25.123687 -80.984430 113.918286 0.720068 -0.209469 0.661532 0.276150 0.961107 0.003741 -0.636587 0.179988 0.749908
4.499896 -10.304544 99.858749 187.111878 0.906696 -0.293923 0.302508 -0.325096 -0.030045 0.945204 0.268728 0.955357 0.122795
7.466272 -8.631224 429.470990 164.318173 0.925600 -0.289271 0.244103 -0.249376 0.019090 0.968219 0.284738 0.957057 0.054467
5.768554 -11.040824 140.350511 133.376024 0.943689 -0.279508 0.176991 -0.160688 0.080396 0.983726 0.289188 0.956772 -0.030955
3.468228 -12.914282 -45.985058 117.820807 0.934558 -0.290599 0.205313 -0.195675 0.062178 0.978696 0.297174 0.954823 -0.001246
3.729873 -12.004029 42.327559 177.352335 0.890935 -0.317825 0.324380 -0.362788 -0.068456 0.929354 0.273166 0.945675 0.176293
9.549953 -12.579130 -10.529214 218.828808 0.940222 -0.294306 -0.171367 0.329743 0.660873 0.674178 0.085163 0.690384 -0.718413
9.942717 -12.572243 -74.374606 252.017126 0.935469 -0.345775 -0.073051 0.291038 0.636477 0.714278 0.200484 0.689446 -0.696039
8.326102 -10.032337 -97.504457 179.785125 0.949297 -0.268861 -0.162941 0.285617 0.520981 0.804365 0.131373 0.810119 -0.571356
-0.033073 -10.650704 -82.456463 -275.677279 0.998295 0.030358 -0.049857 0.054940 -0.200117 0.978230 -0.019720 0.979302 0.201444
-0.519713 -8.338511 -68.851795 -104.592289 0.966188 -0.007561 0.257728 -0.257589 -0.072307 0.963545 -0.011350 0.997354 0.071810
1.379149 -6.667461 -289.120040 -140.535244 0.969830 0.006644 0.243693 -0.241863 -0.098996 0.965247 -0.030538 0.995066 0.094403
0.028412 -11.458956 -121.626871 -273.002608 0.986350 0.063061 -0.152110 0.163990 -0.292705 0.942036 -0.014882 0.954121 0.299051
-0.137738 -12.916769 -48.605139 -290.134507 0.980223 0.064739 -0.187005 0.197834 -0.297294 0.934065 -0.004875 0.952589 0.304222
1.269172 -7.995714 -148.577333 -251.793017 0.999439 0.011700 0.031396 -0.028810 -0.178264 0.983561 -0.017105 0.983913 0.177827
3.560031 -13.543886 -400.679355 415.428377 -0.132605 0.804525 -0.578927 -0.378626 -0.580906 -0.720549 0.916001 -0.123648 -0.381645
6.365307 -17.278861 -425.423415 427.892971 -0.143341 0.814706 -0.561878 -0.230574 -0.579609 -0.781594 0.962439 -0.017520 -0.270932
6.282955 -13.873631 -375.647221 431.461472 -0.174384 0.780919 -0.599796 -0.384990 -0.614714 -0.688410 0.906296 -0.110868 -0.407843
3.454772 -6.042553 147.251253 15.675044 0.992763 -0.109460 -0.049397 -0.080365 -0.911211 0.404025 0.089235 0.397131 0.913413
3.318108 -5.734277 146.374509 42.497679 0.994923 -0.082586 -0.057521 -0.061564 -0.951533 0.301323 0.079618 0.296252 0.951786
4.974049 -6.202118 120.298279 24.941133 0.997174 -0.074676 0.008230 -0.072207 -0.922373 0.379491 0.020747 0.379013 0.925159
5.208373 -6.325573 133.187037 2.957954 0.994643 -0.099057 0.029550 -0.101135 -0.873394 0.476397 0.021382 0.476834 0.878733
1.094608 -13.634122 -9.341011 -36.752081 0.908914 -0.413036 -0.057238 0.140711 0.433026 -0.890331 -0.392524 -0.801180 -0.451702
1.345630 -14.444925 -28.304736 -12.682901 0.911827 -0.404934 -0.067820 0.157595 0.497718 -0.852901 -0.379124 -0.767010 -0.517649
1.000356 -13.794788 -16.846647 10.722903 0.910580 -0.403851 -0.088024 0.178968 0.577189 -0.796758 -0.372579 -0.709759 -0.597853
1.474657 -14.118083 -32.849147 -49.143114 0.907881 -0.416926 -0.043866 0.120981 0.360743 -0.924786 -0.401391 -0.834289 -0.377952
1.200952 -12.924485 -5.778097 -84.265695 0.907374 -0.419316 -0.029110 0.091181 0.263970 -0.960211 -0.410316 -0.868616 -0.277753
1.096345 -24.421031 -19.781617 -686.442806 0.879461 -0.120073 0.460577 0.153123 0.987590 -0.034921 -0.450668 0.101237 0.886933
1.550643 -26.944161 -19.228431 -711.290894 0.896080 -0.123379 0.426402 0.155511 0.986974 -0.041225 -0.415761 0.103251 0.903594
1.106158 -19.124262 -23.730775 -638.995421 0.870583 -0.173484 0.460422 0.086519 0.975173 0.203844 -0.484355 -0.137628 0.863979
0.573036 -16.784810 -22.977898 -538.937547 0.859354 -0.162618 0.484836 0.080201 0.979217 0.186283 -0.505053 -0.121198 0.854536
0.586958 -21.899374 -19.477497 -617.735224 0.864739 -0.117121 0.488374 0.160055 0.985991 -0.046943 -0.476035 0.118761 0.871371
1.389763 -6.355830 -284.269695 -26.729860 0.853633 -0.282828 0.437400 -0.487496 -0.729582 0.479644 -0.183463 0.622670 0.760673
-1.202207 -7.003278 -254.165962 -36.910396 0.848437 -0.293433 0.440513 -0.499744 -0.718301 0.484045 -0.174386 0.630825 0.756075
1.665628 -5.989843 -296.918493 -28.281988 0.796214 -0.356697 0.488682 -0.590631 -0.633344 0.500030 -0.131145 0.686762 0.714954
3.490306 -5.447452 -193.510617 -15.696629 0.809220 -0.374167 0.452947 -0.577253 -0.649778 0.494538 -0.109275 0.661655 0.741803
3.298903 -5.612513 -195.475182 -14.520550 0.864071 -0.295763 0.407315 -0.476709 -0.740659 0.473469 -0.161647 0.603281 0.780975
0.410965 -3.287700 148.021870 -49.832416 0.802467 0.390353 -0.451300 -0.486864 0.865607 -0.116995 0.344979 0.313606 0.884670
-0.524137 -2.741624 89.620593 -52.894150 0.847798 0.307319 -0.432197 -0.399673 0.905931 -0.139826 0.348569 0.291281 0.890873
1.241359 -3.040488 173.250021 -58.110844 0.724394 0.514754 -0.458564 -0.592026 0.805314 -0.031230 0.353213 0.294104 0.888112
-0.283688 -3.520803 86.100908 -66.364772 0.874703 0.241952 -0.419945 -0.348636 0.916017 -0.198409 0.336671 0.319957 0.885596
2.181946 -3.845096 177.067423 -22.887433 0.753177 0.478883 -0.450994 -0.567454 0.819778 -0.077197 0.332747 0.314062 0.889182
1.251050 -3.892441 159.316353 63.314804 0.811703 0.370913 -0.451178 0.478315 -0.865449 0.149039 0.335191 0.336781 0.879901
0.368132 -16.861044 -0.222593 -27.104497 0.875005 -0.458525 0.155312 0.020929 0.356345 0.934120 0.483662 0.814109 -0.321400
0.424919 -17.391501 -23.189504 -93.028461 0.883019 -0.445865 0.146568 -0.049218 0.222597 0.973667 0.466749 0.866981 -0.174613
0.115499 -17.263299 -11.343181 -148.585345 0.880970 -0.445801 0.158599 0.039434 0.403189 0.914267 0.471527 0.799187 -0.372777
0.088614 -16.818166 7.003993 2.897854 0.873659 -0.457979 0.164243 0.108270 0.512115 0.852066 0.474339 0.726632 -0.496999
0.160768 -17.437859 -3.103479 -192.436052 0.882593 -0.441767 0.160845 0.061336 0.447397 0.892229 0.466119 0.777610 -0.421966
0.009369 -16.587863 -10.646836 -43.390233 0.879136 -0.450616 0.155129 0.133825 0.545836 0.827136 0.457396 0.706405 -0.540168
-0.837272 -19.960439 69.926857 3.773557 0.915587 -0.343793 0.208585 0.249456 0.078759 -0.965178 -0.315393 -0.935737 -0.157872
-0.064548 -19.972892 66.818933 133.784653 0.926267 -0.338950 0.164748 0.273330 0.303235 -0.912874 -0.259461 -0.890596 -0.373522
-0.077849 -18.199810 61.478662 4.088690 0.926425 -0.339202 0.163336 0.203860 0.087238 -0.975105 -0.316508 -0.936660 -0.149969
-1.008564 -28.197659 37.924859 -229.131878 0.826056 -0.438509 -0.354035 0.335221 0.887272 -0.316821 0.453054 0.143032 0.879934
1.614013 -28.814604 215.071602 -190.830489 0.788693 -0.477549 -0.387183 0.334375 0.861691 -0.381683 0.515905 0.171566 0.839290
-1.602877 -30.687801 14.452370 -74.649660 0.830285 -0.441504 -0.340148 0.208407 0.811977 -0.545215 0.516907 0.381795 0.766185
-1.954758 -30.146293 3.426102 -180.799982 0.846735 -0.412764 -0.335657 0.270361 0.877222 -0.396719 0.458197 0.245167 0.854370
-1.637610 -30.641877 11.810023 -19.561512 0.824901 -0.451417 -0.340236 -0.059463 -0.667848 0.741918 0.562141 0.591778 0.577752
-2.351042 -31.961585 -29.292708 -86.268408 0.846178 -0.426496 -0.319505 -0.106674 -0.722989 0.682574 0.522114 0.543497 0.657274
0.140186 -12.911515 77.266219 52.255352 0.795190 -0.601876 -0.073603 0.292150 0.273931 0.916302 0.531338 0.750138 -0.393665
1.478062 -13.740737 19.306636 -215.215927 0.804465 -0.592285 -0.045103 0.218528 0.224497 0.949656 0.552342 0.773821 -0.310031
1.021927 -13.668749 -18.348917 257.091450 0.823828 -0.566433 -0.021465 0.224684 0.291550 0.929793 0.520407 0.770813 -0.367456
-0.215244 -14.415843 -1.778003 434.402244 0.835327 -0.549747 0.002482 0.262269 0.402471 0.877059 0.483160 0.731980 -0.480376
-5.285532 -10.035243 -26.324682 -137.825384 -0.729834 0.533057 -0.428010 -0.042607 0.589404 0.806714 0.682295 0.607004 -0.407456
-5.399889 -9.413184 -17.239897 -87.190405 -0.755184 0.535202 -0.378492 0.040177 0.614103 0.788202 0.654281 0.580031 -0.485264
-5.140418 -10.386637 -21.371488 -110.531587 0.776365 -0.477171 0.411782 -0.092684 0.559794 0.823432 0.623431 0.677449 -0.390379
-5.271220 -11.383682 14.811422 -109.831799 0.725533 -0.547360 0.417133 -0.129754 0.486459 0.864015 0.675845 0.680995 -0.281920
-5.044069 -10.977436 -34.818035 131.867074 -0.677342 0.597558 -0.429106 0.078484 -0.521263 -0.849779 0.731470 0.609269 -0.306175
-0.975834 -19.660970 -54.013850 436.155707 0.794895 -0.457390 -0.398667 0.587724 0.417202 0.693198 0.150737 0.785326 -0.600451
-0.572409 -18.548641 -17.395977 387.649527 0.790659 -0.460278 -0.403736 0.587930 0.386746 0.710469 0.170870 0.799107 -0.576395
-0.801997 -15.783631 -42.235013 510.672220 0.793702 -0.465815 -0.391219 0.540400 0.244655 0.805054 0.279293 0.850388 -0.445910
-1.447782 -16.793029 -63.423486 593.780769 0.800182 -0.468857 -0.374007 0.534387 0.274251 0.799510 0.272285 0.839619 -0.470002
-1.661192 -20.544631 -57.769288 407.166723 0.796126 -0.469233 -0.382104 0.590311 0.463325 0.660957 0.133105 0.751765 -0.645858
7.287571 -74.912425 412.702629 4282.110914 0.733366 -0.657530 -0.172711 0.626163 0.752243 -0.205063 0.264756 0.042241 0.963390
13.417650 -68.928377 -504.443805 3629.575472 -0.640315 0.761357 0.101651 0.735857 0.645978 -0.203045 0.220254 0.055212 0.973879
1.224574 -57.799339 129.551520 3501.366018 0.766838 -0.617471 -0.175183 0.501914 0.747012 -0.435954 0.400053 0.246379 0.882754
3.007161 -89.827318 391.364619 4384.785920 0.804097 -0.539930 -0.248805 0.467979 0.832977 -0.295204 0.366638 0.120937 0.922470
-2.482499 -74.143425 493.193872 5161.068922 0.823690 -0.499364 -0.268645 0.185406 0.684906 -0.704647 0.535872 0.530602 0.656736
-3.279324 -31.290225 116.858967 1327.201435 0.794911 -0.563026 -0.226095 0.309010 0.696388 -0.647732 0.522140 0.445024 0.727546
-6.716488 -16.659506 -32.668816 392.941642 0.358298 -0.268870 -0.894053 0.615753 -0.651767 0.442774 -0.701763 -0.709161 -0.067970
-13.947997 -90.970793 -2638.880882 -7396.714642 -0.606499 0.502818 0.615900 -0.369566 0.507587 -0.778316 -0.703974 -0.699664 -0.122027
-2.509453 -36.860801 -110.718815 -1221.456315 -0.430073 0.328316 0.840979 -0.234575 0.858896 -0.455272 -0.871787 -0.393073 -0.292373
-4.806148 -34.049901 -2079.026365 1240.100826 0.353118 -0.276099 -0.893911 0.668683 -0.593774 0.447544 -0.654347 -0.755779 -0.025049
0.129769 -9.074433 -280.919303 626.223757 0.195587 -0.139111 -0.970770 0.769949 -0.591309 0.239861 -0.607392 -0.794357 -0.008544
48.160333 -53.115184 8135.225056 -1441.885549 -0.268683 0.315429 0.910118 -0.506536 0.757395 -0.412036 -0.819287 -0.571715 -0.043723
5.340457 -3.051647 -209.674159 26.151174 0.694018 -0.516002 0.502077 0.709216 0.369975 -0.600109 0.123902 0.772567 0.622726
5.850540 -3.265353 35.374504 28.079558 0.671046 -0.596104 0.440860 0.716746 0.369463 -0.591415 0.189664 0.712851 0.675182
4.865364 -3.744700 -217.486503 33.949677 0.695805 -0.495953 0.519505 0.714759 0.407118 -0.568660 0.070529 0.766998 0.637762
-3.433514 -4.272409 -58.626399 -45.914426 0.909216 0.403517 0.102468 -0.328689 0.846806 -0.418191 0.255518 -0.346546 -0.902561
-3.894139 -5.512748 11.666624 -127.279540 0.936231 -0.119012 0.330616 0.207260 0.946830 -0.246082 0.283750 -0.298913 -0.911118
-3.393086 -4.161588 7.038523 -98.953876 0.950570 0.042879 0.307536 0.074031 0.930563 -0.358570 0.301557 -0.363613 -0.881390
-2.210288 -3.401986 -85.107527 59.356441 0.580512 0.797247 -0.165542 0.760030 -0.457589 0.461483 0.292165 -0.393713 -0.871567
-1.826715 -3.744990 -77.089267 26.219322 0.633307 0.761377 -0.138662 0.732896 -0.532499 0.423448 0.248566 -0.369798 -0.895246
-0.176890 -3.468988 11.261262 11.464373 0.925062 -0.353878 0.137950 0.126010 0.628577 0.767471 0.358303 0.692576 -0.626065
-0.300956 -3.918275 1.130416 30.650973 0.934546 -0.286410 0.211173 0.050811 0.694768 0.717437 0.352197 0.659747 -0.663845
-0.337991 -3.698069 7.120956 25.433055 0.932435 -0.319500 0.168774 0.104389 0.685352 0.720691 0.345930 0.654380 -0.672398
-56.931920 -551.765100 1864.181151 -30852.168951 0.318068 -0.566289 -0.760361 0.711656 0.672509 -0.203166 0.626401 -0.476495 0.616907
-93.201259 -410.526301 22516.377834 -20730.415445 0.229653 -0.540560 -0.809354 0.972642 0.097546 0.210836 -0.035020 -0.835631 0.548173
76.353155 -148.754271 6923.445456 47892.785162 -0.392312 -0.609169 -0.689205 0.913974 -0.173729 -0.366702 0.103648 -0.773777 0.624921
1.070728 -37.768278 -102.683813 -553.364388 0.259700 -0.520027 -0.813712 0.921582 -0.118287 0.369722 -0.288517 -0.845920 0.448529
1.350169 -42.463614 -2.496156 -87.456200 0.249818 -0.450153 -0.857294 0.959550 -0.003615 0.281514 -0.129823 -0.892944 0.431041
1.058303 -39.825566 -7.698697 112.064288 0.185473 -0.456890 -0.869972 0.858421 -0.355542 0.369734 -0.478240 -0.815378 0.326261
1.196063 -35.030203 -56.222587 -438.874878 0.161177 -0.484805 -0.859643 0.780293 -0.470730 0.411772 -0.604289 -0.737142 0.302419
0.015746 -25.922727 -95.250310 -26.101673 0.161327 -0.511974 -0.843716 0.859103 -0.347899 0.375377 -0.485712 -0.785397 0.383713
0.188601 -24.438179 -55.366399 -80.884094 0.302432 -0.528109 -0.793496 0.931019 -0.014764 0.364673 -0.204302 -0.849048 0.487214
0.142710 -14.388410 -129.721101 -369.569531 0.692258 -0.229886 0.684055 0.038459 0.958309 0.283133 -0.720625 -0.169693 0.672239
0.177394 -19.759881 -103.799478 -499.678231 0.702645 -0.225363 0.674908 0.178829 0.974004 0.139058 -0.688701 0.022985 0.724681
0.995593 -14.466575 -74.826364 -335.193247 0.709832 -0.231484 0.665247 0.076248 0.964158 0.254138 -0.700232 -0.129672 0.702041
0.670534 -10.387848 -59.994781 -154.432739 0.727393 -0.177661 0.662824 -0.054655 0.947837 0.314034 -0.684041 -0.264653 0.679740
-0.607758 -9.792011 -100.104008 -230.176621 0.706635 -0.171375 0.686511 -0.124076 0.925182 0.358668 -0.696615 -0.338627 0.632503
-7.985710 -12.870784 52.084951 134.091164 0.884634 -0.266201 -0.382831 -0.459056 -0.641222 -0.614900 0.081792 -0.719703 0.689448
-6.064125 -10.468499 -88.394209 92.338223 0.758678 -0.332344 -0.560317 -0.648962 -0.460893 -0.605332 0.057068 -0.822876 0.565348
-6.524143 -12.068491 -78.513093 129.599331 0.817930 -0.283524 -0.500604 -0.562349 -0.577706 -0.591624 0.121463 -0.765421 0.631963
10.278522 -11.069312 65.810072 -262.002920 0.907167 -0.392044 -0.152809 0.167557 0.669709 -0.723474 -0.385971 -0.630708 -0.673227
10.801459 -13.964227 187.366377 -232.033370 0.917754 -0.371282 -0.140987 0.232685 0.790365 -0.566728 -0.321847 -0.487312 -0.811752
9.537987 -13.181865 202.043509 -161.877471 -0.822576 0.448136 0.350061 0.223943 0.821135 -0.524964 -0.522702 -0.353430 -0.775803
-0.457992 -2.652102 25.799314 -58.817355 0.979431 0.000417 -0.201778 0.027507 0.990387 0.135565 0.199895 -0.138327 0.970004
-0.232367 -2.222944 32.787145 -32.543518 0.978834 0.036198 -0.201428 -0.005043 0.988201 0.153081 0.204592 -0.148826 0.967467
0.064659 -2.816983 27.087857 -86.331061 0.975027 0.123812 -0.184369 -0.096408 0.983844 0.150850 0.200067 -0.129308 0.971212
0.011544 -2.014322 40.746743 -9.025341 0.976960 0.084125 -0.196144 -0.049888 0.983592 0.173375 0.207510 -0.159595 0.965126
0.263308 -2.377516 28.485344 -60.515177 0.974930 0.128060 -0.181969 -0.097651 0.981068 0.167239 0.199940 -0.145277 0.968978
2.847019 -7.454227 103.308675 -157.255909 0.574040 0.814323 -0.085773 0.645138 -0.514295 -0.565063 0.504257 -0.269033 0.820577
2.902545 -9.870031 101.749290 -205.945461 0.666172 0.724089 -0.178634 0.462063 -0.588729 -0.663247 0.585417 -0.359296 0.726769
3.321186 -6.106855 25.838433 -128.880695 0.592583 0.804736 -0.035287 0.649719 -0.503409 -0.569600 0.476142 -0.314609 0.821164
1.713887 -11.444981 111.706129 -224.145715 0.667762 0.713756 -0.211298 0.435711 -0.604939 -0.666486 0.603531 -0.352989 0.714947
3.833259 -4.876268 104.003956 -86.831700 0.437974 0.898166 0.038411 0.797666 -0.368551 -0.477387 0.414617 -0.239722 0.877853
3.066449 -5.871009 172.879879 -95.138598 0.437047 0.899289 -0.016385 0.789732 -0.392395 -0.471539 0.430480 -0.193145 0.881693
1.455522 -8.998195 104.339717 -181.818445 0.600953 0.788365 -0.131668 0.608855 -0.558248 -0.563609 0.517832 -0.258536 0.815481
10.649293 -4.972821 -341.136439 -92.570650 -0.790778 -0.012097 -0.611984 0.224955 0.924094 -0.308943 0.569268 -0.381974 -0.728032
12.917290 -8.164487 -247.158704 66.850565 -0.800219 0.322720 -0.505472 0.356722 0.933683 0.031382 0.482078 -0.155201 -0.862272
13.090022 -9.692711 -52.922285 -101.585149 -0.894166 0.235375 -0.380875 0.325349 0.925987 -0.191562 0.307597 -0.295205 -0.904565
0.137634 -4.359103 18.552747 -89.919959 0.971338 0.155695 -0.179613 -0.141743 0.985972 0.088132 0.190815 -0.060147 0.979782
-0.579849 -9.465940 22.608653 -11.307629 0.882517 -0.290497 -0.369832 0.248636 -0.379295 0.891243 0.399179 0.878491 0.262506
0.865249 -16.261450 1.449149 125.441022 -0.808534 0.420045 -0.412111 0.328391 0.903218 0.276326 0.488296 0.088085 -0.868221
0.780230 -18.732897 -2.771473 249.998143 -0.784710 0.450696 -0.425563 0.336039 0.886212 0.318915 0.520873 0.107250 -0.846870
0.977629 -16.797882 5.292900 -46.351842 -0.819848 0.387687 -0.421365 0.222530 0.893792 0.389380 0.527570 0.225466 -0.819045
0.679583 -18.237982 -8.609410 275.523341 -0.778364 0.468075 -0.418396 0.435222 0.882605 0.177736 0.452472 -0.043752 -0.890705
0.673470 -15.433111 21.419343 -67.828723 -0.839867 0.367977 -0.399020 0.225966 0.905425 0.359366 0.493521 0.211655 -0.843587
0.569225 -14.760025 20.792451 10.312608 -0.833706 0.390013 -0.390928 0.325888 0.919008 0.221858 0.445793 0.057566 -0.893283
0.559778 -16.099524 2.756198 144.975677 -0.805252 0.436652 -0.401130 0.423903 0.896979 0.125443 0.414580 -0.069027 -0.907391
7.105196 -0.716272 68.429983 21.976027 0.975188 0.170927 -0.140687 -0.143665 0.972131 0.185261 0.168433 -0.160452 0.972566
8.085073 -1.202821 81.292635 -72.626094 0.997549 0.061306 -0.033716 0.055681 -0.987417 -0.148014 0.042366 -0.145774 0.988410
7.596705 -2.039141 33.928405 78.903272 0.984893 0.111150 -0.132785 -0.091528 0.985086 0.145700 0.146999 -0.131345 0.980377
0.467266 -3.435608 134.560707 -14.083308 -0.563626 -0.792703 -0.232268 0.766761 -0.397486 -0.504065 0.307251 -0.462198 0.831847
1.296916 -2.765581 72.805142 37.058424 0.775570 0.631197 -0.009063 0.505612 -0.629728 -0.589746 0.377953 -0.452807 0.807538
-0.935881 -3.754171 -55.165248 30.250210 0.692626 0.710921 0.121906 0.657165 -0.552297 -0.512935 0.297328 -0.435384 0.849727
1.850325 -3.333906 112.291128 0.317865 -0.651192 -0.746899 -0.134504 0.656162 -0.465062 -0.594280 0.381315 -0.475247 0.792931
2.499856 -3.813555 162.042623 -43.942207 -0.540049 -0.811233 -0.224161 0.773898 -0.373964 -0.511110 0.330802 -0.449502 0.829770
2.461990 -19.389908 -16.978222 -591.305914 0.801201 -0.391719 0.452364 -0.598132 -0.501830 0.624824 0.017745 0.771183 0.636366
2.641685 -15.663846 -29.409458 -119.485846 0.842186 -0.334743 0.422694 -0.536913 -0.448719 0.714406 0.049471 0.828612 0.557633
2.118068 -25.110260 -17.095252 -826.987939 0.754612 -0.434030 0.492116 -0.650178 -0.595717 0.471581 -0.088482 0.675824 0.731732
3.098504 -18.336969 -13.902319 -424.799663 0.819560 -0.410157 0.400117 -0.554996 -0.394590 0.732310 0.142480 0.822235 0.551025
2.833399 -23.936890 -10.714946 -863.660776 0.775306 -0.459343 0.433481 -0.627801 -0.485454 0.608441 0.069048 0.743867 0.664751
-0.827549 -23.864981 7.494921 -136.900028 0.873203 -0.210380 -0.439611 0.401759 0.821341 0.404956 -0.275876 0.530226 -0.801718
-0.973330 -22.147363 3.309620 -213.323063 0.877003 -0.232251 -0.420625 0.360336 0.897004 0.256012 -0.317844 0.376089 -0.870363
-1.698531 -22.764330 -51.132487 -237.468059 0.874838 -0.233607 -0.424366 0.385381 0.866405 0.317527 -0.293497 0.441327 -0.847992
-2.572354 -20.438993 -48.260845 1.702283 0.876302 0.120364 0.466483 -0.275452 0.919582 0.280169 -0.395247 -0.374007 0.838987
-3.357896 -20.123826 -69.320893 -197.215586 0.867479 0.091490 0.488988 -0.195005 0.966815 0.165052 -0.457661 -0.238534 0.856533
-4.689312 -21.607438 14.029957 -197.857418 0.882410 0.070077 0.465233 -0.073695 0.997226 -0.010431 -0.464673 -0.025081 0.885127
-2.581280 -20.701619 -223.645553 -167.417931 0.826681 0.088992 0.555588 -0.050534 0.995166 -0.084211 -0.560397 0.041539 0.827182
7.798814 -18.556803 -1021.606041 -24.436524 0.776922 0.142584 0.613239 -0.070265 0.987570 -0.140601 -0.625664 0.066147 0.777283
-1.097748 -4.291900 27.687106 -10.915548 0.808003 -0.232355 0.541426 0.360304 -0.532221 -0.766108 -0.466167 -0.814096 0.346318
35.176948 -13.627715 2567.523743 -222.304254 0.711045 0.637400 0.296879 -0.463119 0.742231 -0.484370 -0.529090 0.206918 0.822951
7.984137 -17.594324 344.129656 -447.631837 0.858905 0.207022 0.468427 -0.134156 0.973666 -0.184327 -0.494252 0.095477 0.864060
260.991266 -18.792409 20720.758750 419.434048 0.476817 0.877201 -0.056244 0.606552 -0.282040 0.743336 -0.636192 0.388550 0.666550
38.432907 -15.009606 2742.149311 -400.058440 0.817110 0.497263 0.291653 -0.332020 0.819521 -0.467063 -0.471269 0.284807 0.834740
1.393294 -27.418892 -238.764694 -236.762738 0.911941 -0.381076 0.152131 0.364741 0.922699 0.124865 -0.187955 -0.058381 0.980441
-0.050061 -27.287411 17.267887 -711.378469 0.906953 -0.412920 0.083269 -0.418909 -0.904887 0.075466 -0.044188 0.103326 0.993665
1.483461 -26.964123 -620.566697 -829.559537 0.912336 -0.355959 0.202326 -0.381692 -0.918230 0.105667 -0.148168 0.173630 0.973601
-0.435612 -26.791775 -66.290800 -36.138226 0.913999 -0.360433 0.186262 0.348870 0.932576 0.092690 -0.207112 -0.019738 0.978118
-5.159817 -17.279647 -1462.815631 -1071.908282 0.842269 0.499478 0.202742 -0.309598 0.140337 0.940454 -0.441284 0.854884 -0.272839
-12.959280 -26.709484 183.677598 -2703.206871 -0.048443 0.321221 0.945764 0.899801 0.425085 -0.098288 -0.433602 0.846239 -0.309627
-8.925013 -11.311043 -97.538215 -1131.028462 0.164151 0.574146 0.802129 0.878365 0.284987 -0.383740 -0.448919 0.767554 -0.457529
1.650838 -331.262549 113.027848 7970.189710 0.841519 -0.473477 -0.260125 -0.517883 -0.569986 -0.637898 -0.153762 -0.671518 0.724859
18.245514 -288.232389 755.266649 -2099.650356 0.815574 -0.479034 -0.324602 0.497807 0.294851 0.815629 0.295004 0.826795 -0.478939
202.118064 3.875773 45135.039973 347.786327 0.988079 -0.142324 -0.058679 0.083503 0.175266 0.980974 0.129332 0.974179 -0.185061
182.612627 2.141895 42739.720680 77.424006 0.983077 -0.183183 0.001844 0.031376 0.178284 0.983479 0.180486 0.966778 -0.181014
252.382380 5.423953 46676.173807 335.782533 0.990918 0.134294 -0.006880 -0.012442 0.142510 0.989715 -0.133893 0.980641 -0.142887
170.898393 0.792380 37247.104825 334.798302 0.958657 -0.276987 -0.065225 0.117777 0.177558 0.977037 0.259045 0.944326 -0.202840
3.143112 -3.166977 549.740854 2331.824227 0.095245 -0.229565 -0.968622 0.958781 -0.240525 0.151282 -0.267707 -0.943105 0.197193
513.497450 -3.522593 105625.464342 1969.693377 0.975415 0.014738 -0.219884 0.212124 0.207707 0.954914 -0.059745 0.978080 -0.199474
38.922650 -5.241409 7047.686971 -293.005308 0.817303 -0.449921 -0.359983 -0.417197 -0.031140 -0.908282 -0.397445 -0.892525 0.213157
-0.205368 -24.814384 103.128238 204.503550 -0.642366 0.137391 0.753982 0.683087 -0.343439 0.644547 0.347502 0.929071 0.126764
-1.003751 -21.125237 57.954651 342.758134 -0.538926 0.129899 0.832277 0.792149 -0.257849 0.553185 0.286460 0.957413 0.036062
0.498615 -27.655081 59.266554 156.768465 -0.553973 0.110131 0.825218 0.820929 -0.092669 0.563461 0.138526 0.989588 -0.039073
-1.565875 -17.119294 -51.629893 210.482422 0.642377 -0.210489 -0.736917 0.613094 -0.435815 0.658923 0.459856 0.875077 0.150908
0.138337 -22.208377 -50.977710 -25.586408 0.734329 -0.234615 -0.636959 0.435395 -0.557104 0.707154 0.520761 0.796612 0.306947
-1.601240 -2.515066 -20.701454 131.063967 0.981242 0.022934 0.191412 -0.026354 -0.967619 0.251035 -0.190971 0.251371 0.948864
-0.457188 -4.191140 -9.597614 79.021711 0.947932 0.273119 0.163803 0.209634 -0.922306 0.324662 -0.239748 0.273419 0.931538
0.637279 -4.150253 -89.242990 92.861279 0.972737 0.000177 0.231912 -0.071182 -0.951502 0.299294 -0.220717 0.307642 0.925549
9.470010 -8.724127 486.307859 50.062785 0.946655 -0.271266 0.173950 -0.150266 0.105930 0.982954 0.285069 0.956657 -0.059517
8.275139 -7.933544 490.578416 142.156582 0.956341 -0.219445 0.193017 -0.191464 0.028533 0.981085 0.220802 0.975207 0.014728
10.125495 -7.139836 434.919259 49.356764 0.964282 -0.126882 0.232512 -0.222454 0.088587 0.970910 0.143788 0.987954 -0.057197
4.116074 -8.098732 -162.822937 -31.392432 0.996757 -0.002817 -0.080415 0.080143 0.123941 0.989048 -0.007180 0.992286 -0.123765
3.839105 -5.673572 -106.996029 30.994130 0.997910 -0.061282 -0.020476 0.023112 0.042631 0.998823 0.060337 0.997210 -0.043959
10.458229 -14.241795 -6.322756 98.279515 0.934812 -0.342736 -0.093055 0.339906 0.787516 0.514085 0.102913 0.512202 -0.852677
11.971719 -14.058208 -209.206492 150.196727 0.916077 -0.400943 0.006948 0.316926 0.734512 0.600041 0.245686 0.547482 -0.799939
12.061000 -12.013390 -229.951473 267.611402 0.918373 -0.394377 0.032531 0.227341 0.593111 0.772357 0.323895 0.701916 -0.634355
0.254292 -3.313086 -207.757208 83.132057 0.935921 -0.272094 0.223646 -0.331129 -0.463362 0.821979 0.120027 0.843362 0.523769
-1.452356 -3.499679 -44.401016 78.112763 0.944659 -0.283754 0.164628 -0.288912 -0.481891 0.827231 0.155397 0.829014 0.537203
-0.392502 -4.554709 -212.573339 71.229825 0.919260 -0.296027 0.259479 -0.363466 -0.385140 0.848268 0.151174 0.874091 0.461640
2.833926 -4.404081 -399.903332 74.774693 0.909678 -0.289225 0.298053 -0.393874 -0.373181 0.840000 0.131721 0.881524 0.453393
3.145697 -3.177463 -338.811952 83.298468 0.899904 -0.312716 0.303942 -0.419200 -0.428248 0.800547 0.120182 0.847828 0.516473
6.291438 -9.260026 -286.644187 291.239932 -0.231456 0.741870 -0.629330 -0.466649 -0.652281 -0.597301 0.853620 -0.155427 -0.497167
9.546427 -13.564616 -330.904388 442.845981 -0.276313 0.764221 -0.582767 -0.384653 -0.643628 -0.661653 0.880734 -0.041340 -0.471803
