12075
24139
-6.826985 -9.169184 20.135962 -147.935603 -0.112265 0.963731 0.242116 0.993463 0.113931 0.007155 -0.020689 0.241336 -0.970221
-8.330219 -11.208951 111.557630 -135.152927 -0.066164 0.943832 0.323733 0.984598 0.009135 0.174596 0.161832 0.330299 -0.929899
-8.148283 -12.288566 -6.397063 -254.996853 0.302059 0.911578 0.278900 0.947838 -0.318434 0.014248 0.101800 0.260048 -0.960214
-6.493284 -9.437837 22.636764 -97.525781 -0.494679 0.827335 0.266100 0.868187 0.456597 0.194347 0.039290 0.327164 -0.944150
-5.519133 -12.705285 -130.410455 -331.220277 0.339313 0.933740 0.114001 0.940304 -0.333283 -0.068929 -0.026367 0.130584 -0.991087
-5.856941 -7.692514 -63.848534 -168.943566 0.081912 0.986621 0.140958 0.986221 -0.059844 -0.154229 -0.143730 0.151649 -0.977929
-5.289911 -7.721273 -16.384334 -91.657963 0.744396 -0.619120 -0.250128 0.657853 0.744195 0.115769 -0.114469 0.250725 -0.961267
-3.131491 -9.861785 -140.116555 -94.240977 -0.452278 0.889620 0.063408 0.022583 -0.059648 0.997964 -0.891591 -0.452789 -0.006887
-0.918017 -10.520033 -187.909629 -109.959249 -0.505322 0.856141 0.108037 0.084653 -0.075412 0.993553 -0.858769 -0.511209 0.034368
-3.537708 -10.798757 -91.677004 -61.854871 -0.398752 0.912189 0.094381 0.179711 -0.023196 0.983446 -0.899278 -0.409113 0.154681
-4.666582 -9.620562 -42.021972 -75.861538 -0.353464 0.935441 -0.003533 -0.044819 -0.013163 0.998908 -0.934374 -0.353237 -0.046578
-3.544321 -17.624529 -201.321778 549.017620 -0.551851 0.832371 0.051181 -0.467000 -0.359296 0.807971 -0.690921 -0.421978 -0.586995
-8.645409 -57.314977 65.151933 -2631.924624 -0.359904 0.931850 0.046103 -0.888497 -0.357400 0.287818 -0.284680 -0.062625 -0.956575
-2.557506 -12.091381 -271.601936 347.549913 -0.671919 0.740488 0.014246 -0.404552 -0.383066 0.830420 -0.620373 -0.552212 -0.556955
-5.280786 -68.926524 -174.241729 3218.217501 -0.519015 0.842112 0.146531 0.107207 -0.105942 0.988576 -0.848016 -0.528795 0.035295
0.105408 -7.213470 -33.425218 -8.616534 -0.293511 0.955484 0.030019 0.617792 0.165627 0.768700 -0.729509 -0.244167 0.638904
0.105466 -7.214277 -42.540445 -8.177250 -0.288140 0.956528 0.045056 0.524261 0.118203 0.843314 -0.801328 -0.266613 0.535529
0.418582 -7.118483 -10.966085 -3.131471 -0.278434 0.960303 0.017137 0.537630 0.141048 0.831300 -0.795882 -0.240675 0.555560
-0.358443 -7.309830 -53.617322 -4.227631 -0.283515 0.956867 0.063434 0.532387 0.102036 0.840329 -0.797611 -0.272018 0.538353
0.718380 -6.989235 -17.819083 7.093233 -0.301453 0.953427 -0.010171 0.640761 0.210472 0.738328 -0.706082 -0.216054 0.674366
0.492570 -7.038481 -32.776809 8.050588 -0.320576 0.947215 0.003937 0.715299 0.239358 0.656547 -0.620949 -0.213289 0.754274
0.012989 -4.983589 231.723052 180.650166 -0.077589 0.966661 0.244020 -0.958810 -0.139430 0.247474 -0.273247 0.214768 -0.937663
0.019872 -7.065432 233.469953 -31.588820 -0.066423 0.968427 0.240285 0.984438 0.102873 -0.142477 -0.162697 0.227082 -0.960189
-2.657617 -6.318086 197.972579 153.545642 -0.227196 0.945903 0.231624 -0.940872 -0.274574 0.198414 -0.251279 0.172850 -0.952356
-2.388691 -3.477595 191.726638 349.080906 -0.123643 0.972361 0.198054 -0.932055 -0.182295 0.313117 -0.340568 0.145882 -0.928834
0.937608 -2.433965 198.226030 166.948457 0.085382 0.981904 0.169041 -0.946311 0.026828 0.322141 -0.311776 0.187470 -0.931477
0.611283 -6.642012 14.829193 21.807562 0.287398 0.912364 0.291537 -0.397935 0.390603 -0.830106 0.871235 -0.122558 -0.475320
0.989746 -6.555429 9.913579 21.940030 0.294278 0.925676 0.237748 -0.438964 0.351885 -0.826733 0.848947 -0.138926 -0.509891
0.328709 -6.928923 -2.552586 20.102718 0.299362 0.915529 0.268679 -0.288349 0.355235 -0.889193 0.909526 -0.188717 -0.370335
0.226914 -7.201572 1.448033 11.213885 0.297214 0.900097 0.318574 -0.234859 0.392318 -0.889341 0.925475 -0.189505 -0.327998
0.513436 -6.817724 8.718724 27.518108 0.303752 0.893532 0.330659 -0.353331 0.427955 -0.831873 0.884812 -0.135851 -0.445705
0.445807 -15.687899 -67.189765 179.309986 0.327204 0.895953 -0.300342 -0.018686 -0.311641 -0.950016 0.944769 -0.316462 0.085228
1.605636 -17.739939 -76.848092 101.301932 0.326753 0.897999 -0.294670 0.186379 -0.366887 -0.911404 0.926550 -0.242884 0.287250
2.284873 -16.440759 -65.056427 169.688503 0.285305 0.869477 -0.403252 -0.031097 -0.412120 -0.910599 0.957932 -0.272338 0.090541
-0.080684 -17.010177 -64.161444 138.958697 0.331084 0.925649 -0.183185 0.168193 -0.248917 -0.953809 0.928490 -0.284981 0.238101
1.307593 -13.812741 -63.107180 207.116461 0.288555 0.863391 -0.413875 -0.230921 -0.356746 -0.905211 0.929199 -0.356776 -0.096435
-1.009548 -14.566458 -56.827490 191.324622 0.332658 0.920488 -0.205038 -0.039390 -0.203668 -0.978247 0.942225 -0.333498 0.031494
-0.414839 -12.971489 -63.596127 223.196720 0.326722 0.887606 -0.324666 -0.218573 -0.263244 -0.939643 0.919499 -0.377965 -0.107999
-1.103292 -14.760042 -16.688529 296.413567 0.118471 0.915428 -0.384650 -0.536139 -0.267084 -0.800763 0.835775 -0.301093 -0.459155
-1.353559 -16.771861 -24.058930 145.093751 0.133529 0.918383 -0.372483 -0.267429 -0.328516 -0.905847 0.954281 -0.220570 -0.201736
-0.775023 -17.052232 -21.157199 134.458434 0.164110 0.917167 -0.363143 -0.287583 -0.307658 -0.906996 0.943591 -0.253281 -0.213272
-0.627128 -15.108663 -16.030455 302.004950 0.157131 0.915728 -0.369800 -0.524635 -0.239845 -0.816843 0.836700 -0.322362 -0.442736
-0.846638 -11.682289 -9.874159 253.313155 0.107991 0.911723 -0.396358 -0.705608 -0.210562 -0.676595 0.700325 -0.352739 -0.620580
-0.885490 -10.902197 -5.949629 252.416375 0.066585 0.909617 -0.410078 -0.720255 -0.240604 -0.650648 0.690507 -0.338684 -0.639135
-2.641233 -6.218082 -25.974983 25.242028 0.819173 0.566952 0.086725 0.365529 -0.632588 0.682804 -0.441978 0.527634 0.725436
-2.592992 -6.675311 -50.998976 52.215827 0.809694 0.576307 0.110753 0.316080 -0.587276 0.745118 -0.494459 0.568310 0.657673
-2.274063 -6.004775 -59.999322 14.297711 0.784660 0.608248 0.119763 0.373354 -0.617886 0.691971 -0.494890 0.498248 0.711922
-2.354526 -5.647917 -31.215379 17.895000 0.807186 0.585269 0.076880 0.424963 -0.666550 0.612468 -0.409703 0.461705 0.786748
2.220974 -4.719277 74.517469 103.003756 -0.137940 0.973645 -0.181625 -0.782213 0.005394 0.622987 -0.607548 -0.228004 -0.760854
1.606267 -6.203003 41.932707 101.512209 -0.133302 0.973915 -0.183631 -0.837181 -0.011487 0.546805 -0.530432 -0.226623 -0.816874
0.377677 -4.943026 163.702082 101.885151 -0.091455 0.984272 -0.151147 -0.790146 0.020650 0.612571 -0.606057 -0.175451 -0.775830
1.300733 -3.297682 164.636683 81.592855 -0.092896 0.982993 -0.158415 -0.752174 0.034963 0.658036 -0.652384 -0.180284 -0.736134
3.039664 -21.831522 -42.344484 -40.629798 -0.087633 0.945995 -0.312112 -0.733575 -0.273256 -0.622253 0.673934 -0.174428 -0.717905
4.170908 -20.883869 -112.364933 186.485614 -0.060780 0.911955 -0.405764 -0.908276 -0.219112 -0.356404 0.413932 -0.346884 -0.841624
1.972722 -22.598221 -106.912679 -193.270531 -0.099852 0.903912 -0.415899 -0.728704 -0.351047 -0.588011 0.677510 -0.244353 -0.693737
1.555103 -22.016517 -45.055085 -102.696047 -0.092383 0.934112 -0.344820 -0.491737 -0.343925 -0.799944 0.865829 -0.095659 -0.491110
0.006920 -24.574403 -66.546531 -447.451158 -0.134986 0.881134 -0.453190 -0.793613 -0.369994 -0.482994 0.593260 -0.294460 -0.749223
0.420804 -21.602810 -51.883729 -431.220833 -0.114588 0.903480 -0.413030 -0.564689 -0.401304 -0.721166 0.817310 -0.150597 -0.556170
1.672733 -6.278625 -36.749838 -16.270801 -0.266653 0.962365 -0.052442 0.340413 0.144948 0.929037 -0.901673 -0.229878 0.366253
1.471146 -6.085435 -36.255698 -8.226081 -0.258696 0.964307 -0.056471 0.236537 0.119920 0.964194 -0.936550 -0.236076 0.259117
2.715635 -6.151612 -84.687507 -13.640440 -0.265960 0.958503 -0.102649 0.330916 0.190793 0.924171 -0.905406 -0.211824 0.367927
0.659458 -2.781698 23.398910 32.713684 0.267097 -0.954615 0.131792 0.963530 0.262218 -0.053409 0.016427 0.141251 0.989837
0.998407 -2.045013 26.716660 45.304195 0.397969 -0.908745 0.125711 0.915691 0.385125 -0.114842 0.055947 0.160816 0.985397
0.319826 -3.090949 -3.242311 38.249275 0.219791 -0.964789 0.144480 0.974991 0.212242 -0.065929 0.032943 0.155357 0.987309
0.083949 -3.695659 -13.498074 47.096302 0.095394 -0.984381 0.147964 0.995202 0.097557 0.007414 -0.021733 0.146547 0.988965
0.344478 -3.440083 22.213303 41.064187 0.168456 -0.977086 0.130095 0.985141 0.171368 0.011441 -0.033473 0.126234 0.991436
3.199399 -5.740139 -166.226226 16.081897 0.981730 -0.153889 0.111908 -0.071055 -0.842082 -0.534648 -0.176512 -0.516929 0.837632
2.471457 -5.580275 -135.296576 39.058991 0.985306 -0.149909 0.081854 -0.096347 -0.883534 -0.458351 -0.141032 -0.443729 0.884994
2.946370 -5.833744 -38.379602 32.007797 0.999898 0.001359 0.014218 0.008119 -0.873046 -0.487571 -0.011750 -0.487637 0.872968
-8.294120 -8.825378 1.264187 22.875801 -0.541741 -0.683095 0.489793 0.827476 -0.535775 0.168014 0.147649 0.496312 0.855496
-8.113971 -9.364037 32.542996 8.892087 -0.212592 -0.873141 0.438668 0.974264 -0.154982 0.163675 -0.074926 0.462175 0.883618
-7.946097 -9.120188 28.872887 32.203196 -0.372401 -0.851559 0.369004 0.926732 -0.362565 0.098565 0.049854 0.378674 0.924187
-5.201328 -12.710808 -11.878253 30.761177 -0.493683 0.806427 -0.325503 -0.497120 -0.568805 -0.655234 0.713546 0.161664 -0.681701
-4.840766 -12.622744 -43.766562 36.125645 -0.437473 0.813540 -0.383105 -0.556041 -0.579557 -0.595763 0.706708 0.047608 -0.705902
-5.271893 -11.210755 -47.731881 103.470447 -0.503585 0.789710 -0.350371 -0.627138 -0.613078 -0.480452 0.594222 0.022218 -0.803994
-5.677663 -11.080730 -32.495506 98.875106 -0.536042 0.797041 -0.278181 -0.612933 -0.594052 -0.520975 0.580493 0.108758 -0.806969
-5.726994 -12.647025 -19.479871 33.780892 -0.529480 0.808021 -0.258367 -0.501242 -0.543699 -0.673162 0.684403 0.226921 -0.692892
-3.642284 -24.377656 -15.181157 -606.726968 -0.062003 0.991125 -0.117587 0.296428 0.130784 0.946058 -0.953040 -0.023802 0.301906
-4.001574 -15.629843 -38.307019 -379.107155 -0.061339 0.982243 -0.177302 0.014976 0.178522 0.983822 -0.998005 -0.057691 0.025661
-3.232225 -19.015105 -8.312492 -482.794736 -0.108148 0.986455 -0.123327 0.123587 0.136433 0.982910 -0.986423 -0.091058 0.136668
-0.640407 -7.332493 10.540856 -16.416952 -0.075122 0.930869 0.357547 0.073298 0.362745 -0.929002 0.994477 0.043582 0.095481
-0.373952 -7.316367 6.625353 -9.980267 -0.084422 0.924927 0.370653 0.055998 0.375797 -0.925009 0.994855 0.057335 0.083519
-0.443936 -7.068572 7.271641 -6.370005 -0.076954 0.926946 0.367218 0.239872 0.374705 -0.895577 0.967750 -0.019167 0.251184
-0.570512 -6.992774 4.617240 -8.995061 -0.058134 0.933152 0.354752 0.244275 0.357847 -0.901263 0.967962 -0.034263 0.248749
-0.789506 -7.454723 4.198923 -26.754770 -0.053991 0.942674 0.329319 0.084357 0.332927 -0.939172 0.994972 0.022927 0.097496
6.759347 -12.510944 -24.771639 85.582027 -0.110397 0.990887 -0.077176 0.825642 0.048204 -0.562131 0.553288 0.125778 0.823439
6.532734 -12.499637 -65.262449 121.248031 -0.116813 0.990091 0.077937 0.821568 0.140425 -0.552545 0.558014 0.000514 0.829831
8.165924 -13.073724 -42.857614 135.204764 -0.113949 0.992674 -0.040177 0.905608 0.087156 -0.415063 0.408521 0.083681 0.908905
7.713211 -12.906164 22.652868 108.091480 -0.101884 0.974920 -0.197867 0.907473 0.009593 -0.420001 0.407569 0.222350 0.885691
9.116701 -13.976200 21.226883 47.386097 -0.109502 0.978083 -0.177094 0.966205 0.062910 -0.249981 0.233361 0.198482 0.951918
9.353525 -13.896329 -53.497306 -4.433025 -0.128353 0.991649 -0.012574 0.965736 0.122095 -0.229013 0.225565 0.041538 0.973342
-1.109845 -14.186458 -14.194224 -87.063082 0.163594 0.909455 -0.382267 -0.082705 -0.373480 -0.923944 0.983055 -0.182767 -0.014118
-1.386169 -13.979593 -13.537593 -78.767905 0.128216 0.906678 -0.401866 -0.084991 -0.393674 -0.915313 0.988098 -0.151513 -0.026584
-1.289673 -13.254609 -16.709222 -10.685811 0.162327 0.920571 -0.355244 0.143736 -0.378239 -0.914481 0.976212 -0.097384 0.193718
-1.836269 -12.610425 -28.379290 20.930893 -0.107630 -0.834582 0.540267 0.975569 0.016029 0.219109 -0.191524 0.550650 0.812467
-1.866948 -12.594020 -24.954955 -81.950396 -0.086012 -0.835022 0.543452 0.994977 -0.043959 0.089932 -0.051206 0.548458 0.834609
-1.155761 -13.028421 -31.317296 15.980076 -0.108533 -0.818640 0.563959 0.973215 0.028158 0.228167 -0.202667 0.573617 0.793656
-1.113468 -13.642994 -43.809766 147.376221 -0.141976 -0.814077 0.563136 0.934401 0.077546 0.347680 -0.326707 0.575557 0.749664
-1.827470 -12.962411 -24.261720 105.418370 -0.125974 -0.842244 0.524171 0.932908 0.079108 0.351317 -0.337361 0.533260 0.775771
-0.703477 -18.723001 -42.934948 -350.278108 -0.285336 0.958045 -0.027067 0.296144 0.114990 0.948196 -0.911527 -0.262539 0.316530
-0.604171 -17.902797 -8.550086 -399.945221 -0.253108 0.966001 -0.052711 0.219611 0.110434 0.969317 -0.942182 -0.233766 0.240097
-0.529993 -15.978060 -27.310084 -276.025144 -0.271498 0.962069 -0.026665 0.146696 0.068748 0.986790 -0.951193 -0.264000 0.159797
-0.361130 -19.099783 -31.047421 -275.653295 -0.258083 0.965695 -0.028761 0.275301 0.102045 0.955927 -0.926068 -0.238790 0.292193
0.164729 -16.969055 4.112031 -138.288979 -0.119668 -0.967300 0.223631 0.983723 -0.145938 -0.104842 0.134050 0.207445 0.969019
0.109152 -18.573418 2.121310 -47.689826 0.153048 0.957767 -0.243430 0.929258 -0.223295 -0.294309 0.336237 0.181166 0.924188
-0.029731 -17.325261 -4.102932 -57.979924 0.136566 0.964243 -0.227124 0.935947 -0.200712 -0.289342 0.324582 0.173061 0.929890
0.354737 -40.914864 -133.098167 -313.221925 -0.202667 0.971020 0.126671 -0.686035 -0.048485 -0.725951 0.698772 0.234027 -0.675980
0.406621 -34.083280 -50.255250 -240.921578 -0.217633 0.965595 0.142344 -0.613229 -0.021814 -0.789604 0.759333 0.259134 -0.596878
-0.300833 -36.110083 -77.128601 -642.811806 -0.188417 0.967198 0.170376 -0.325229 0.102244 -0.940091 0.926674 0.232540 -0.295297
0.013832 -57.052240 -131.247229 -1082.668370 -0.219212 0.960592 0.170908 -0.426800 0.063111 -0.902141 0.877375 0.270704 -0.396146
-0.386044 -30.755741 -69.618725 -372.625997 -0.203525 0.954595 0.217548 0.026969 0.227580 -0.973386 0.978698 0.192241 0.072062
-0.458228 -40.343001 -118.260709 -818.012793 -0.169828 0.965226 0.198739 -0.057033 0.191704 -0.979794 0.983822 0.177732 -0.022493
-7.199236 -60.374547 93.291706 -2358.440232 -0.116098 0.580454 0.805974 -0.572847 0.623770 -0.531749 -0.811399 -0.523435 0.260093
-2.094829 -195.793393 -27.930248 10779.013224 -0.104621 0.807698 0.580240 0.123604 -0.568357 0.813445 -0.986801 -0.156824 0.040372
-12.293483 -140.779381 493.665495 -6555.167805 -0.176306 0.628332 0.757704 -0.061461 0.761232 -0.645560 -0.982415 -0.160386 -0.095592
-14.370890 -263.833222 -106.412881 2086.615959 -0.096144 0.660243 0.744873 0.536392 0.664751 -0.519990 -0.838475 0.349550 -0.418061
-14.615717 -158.509871 234.822559 -7604.048240 -0.161657 0.642177 0.749317 -0.270420 0.701414 -0.659463 -0.949073 -0.309237 0.060269
-5.506033 -121.643114 244.592543 986.057916 -0.020953 0.734419 0.678373 -0.752985 -0.457957 0.472535 -0.657704 0.500903 -0.562603
-19.239022 -42.589574 -9.759715 -2072.271447 0.012596 0.332907 0.942875 -0.710279 0.666687 -0.225903 -0.703808 -0.666859 0.244854
-0.584087 -27.001745 32.330742 -3.435832 0.423727 -0.881414 -0.208723 0.872034 0.334638 0.357175 -0.244972 -0.333358 0.910418
-0.315991 -32.454176 -21.232589 348.779492 -0.433519 0.870606 0.232610 0.772401 0.226030 0.593555 -0.464175 -0.436985 0.770445
-0.501117 -28.337674 10.320967 197.935541 0.415473 -0.881150 -0.225737 0.896100 0.353893 0.267889 -0.156164 -0.313584 0.936631
-1.643120 -5.585905 -23.645364 20.991563 0.145250 0.933169 -0.328783 0.760548 -0.317855 -0.566158 0.632827 0.167821 0.755888
-1.775036 -5.347707 -35.845181 26.959528 0.124016 0.936821 -0.327088 0.702845 -0.315620 -0.637490 0.700449 0.150833 0.697581
-1.794271 -5.720734 -15.773218 9.504629 0.116313 0.925060 -0.361572 0.793910 -0.305342 -0.525808 0.596807 0.225897 0.769930
-1.681171 -5.824446 -5.988029 1.953002 0.130447 0.924720 -0.357599 0.843886 -0.292882 -0.449530 0.520423 0.243133 0.818563
-1.659462 -5.779075 -10.809529 14.796249 0.148005 0.935609 -0.320515 0.815296 -0.298872 -0.495951 0.559810 0.187912 0.807033
-34.693433 -133.242924 -971.012033 5535.488056 0.717231 -0.171563 -0.675385 0.498029 0.804105 0.324626 -0.487387 0.569193 -0.662173
-23.901655 -53.120797 593.817938 803.468404 0.122802 0.299757 0.946079 0.988726 -0.119254 -0.090553 0.085680 0.946533 -0.311022
-66.523543 -231.294682 3105.227446 11397.695072 -0.588355 0.403615 0.700667 0.529959 0.846939 -0.042864 -0.610722 0.346106 -0.712200
-12.912529 -68.676540 470.512602 2682.282713 -0.381821 0.442011 0.811689 0.920274 0.100591 0.378122 0.085486 0.891351 -0.445179
-24.586504 -158.685324 796.982109 -710.779445 -0.589299 0.089575 0.802934 -0.278276 0.910517 -0.305813 -0.758478 -0.403652 -0.511640
-16.140672 -319.574018 255.379864 8066.081090 -0.629325 0.130159 0.766165 0.203636 0.979046 0.000941 -0.749988 0.156611 -0.642643
-27.287227 -203.246185 785.694900 10264.867596 -0.594832 0.356546 0.720451 0.728373 0.618224 0.295418 -0.340070 0.700481 -0.627438
2.032629 -92.757819 -139.718884 3418.994121 -0.056560 -0.883215 0.465544 0.952097 -0.188069 -0.241126 0.300521 0.429605 0.851544
0.883560 -69.668152 -187.432122 1091.680052 -0.150413 -0.876263 0.457755 0.894701 0.076326 0.440096 -0.420578 0.475749 0.772513
-2.659886 -135.925691 -491.679459 5722.567002 -0.176515 -0.864698 0.470255 0.979437 -0.201725 -0.003289 0.097706 0.460005 0.882524
-8.228477 -12.383573 1.392463 136.070865 0.246224 0.911611 0.329151 -0.922224 0.324822 -0.209745 0.298121 0.251907 -0.920688
-8.887811 -11.608112 139.122973 -38.732030 -0.067954 0.917528 0.391821 0.919923 -0.094386 0.380569 0.386165 0.386307 -0.837642
-7.079089 -11.067682 16.574440 -74.484126 -0.316205 0.886130 0.338804 0.917357 0.194572 0.347272 0.241807 0.420614 -0.874422
-2.140522 -11.062607 -143.210362 -92.909321 -0.473330 0.872280 0.122829 0.205187 -0.026426 0.978366 -0.856655 -0.488293 0.166472
-2.066316 -33.152508 51.033954 -1603.849372 -0.461296 0.865682 0.194424 -0.808870 -0.500375 0.308795 -0.364603 0.014818 -0.931045
-12.213536 -57.711955 -354.615318 -2578.581065 -0.377007 0.925973 -0.020987 -0.901818 -0.361818 0.236246 -0.211164 -0.107992 -0.971467
0.269210 -2.052062 129.263476 -8.412157 0.905240 0.140360 -0.401048 0.304444 -0.872681 0.381762 0.296403 0.467683 0.832717
0.583367 -2.058737 159.380272 -8.163896 0.933825 0.021160 -0.357104 0.174648 -0.898165 0.403483 0.312201 0.439150 0.842424
2.743615 -1.743860 159.773265 0.856167 0.943413 0.026579 -0.330554 0.170046 -0.894536 0.413389 0.284705 0.446206 0.848436
-1.450046 -2.357242 140.042591 2.192526 0.873852 0.223187 -0.431938 0.383254 -0.862868 0.329506 0.299164 0.453482 0.839556
2.515777 -1.745823 140.045991 0.385147 0.935114 0.080820 -0.345007 0.230328 -0.878534 0.418482 0.269278 0.470793 0.840144
-1.460760 -2.540290 100.330107 29.194268 0.698701 0.485354 -0.525594 0.657260 -0.725625 0.203661 0.282536 0.487750 0.825998
0.381958 -2.120533 113.602064 -4.800306 0.887389 0.197821 -0.416422 0.367029 -0.849738 0.378464 0.278981 0.488684 0.826654
-0.179254 -7.777312 219.713631 43.790008 -0.000734 0.976139 0.217146 0.999025 0.010299 -0.042921 -0.044134 0.216903 -0.975195
2.598035 -6.444060 137.570022 -11.721952 -0.016648 0.987229 0.158437 0.996316 0.029712 -0.080449 -0.084129 0.156513 -0.984086
1.838308 -6.299758 144.992950 40.039544 0.029144 0.984586 0.172458 0.998663 -0.036051 0.037054 0.042700 0.171147 -0.984320
4.107683 -5.835561 10.320418 41.531108 -0.036620 0.998751 0.033999 -0.992316 -0.040365 0.116962 -0.118188 0.029455 -0.992554
3.659222 -5.809379 26.342876 45.812941 -0.037513 0.997796 0.054733 0.998362 0.035055 0.045210 0.043192 0.056339 -0.997477
0.881982 -6.659951 9.413365 23.248842 0.290731 0.935626 0.200200 -0.354517 0.299683 -0.885724 0.888703 -0.186533 -0.418822
1.613423 -6.641957 20.964368 17.651278 0.298481 0.938011 0.176193 -0.454760 0.302081 -0.837819 0.839108 -0.169948 -0.516735
1.152936 -18.367151 -82.110492 39.983135 0.333924 0.927186 -0.169766 0.373114 -0.295410 -0.879499 0.865610 -0.230344 0.444590
-0.910606 -18.120039 -32.994752 -41.298999 0.179798 0.921907 -0.343163 -0.048561 -0.340105 -0.939133 0.982504 -0.185518 0.016382
-2.990713 -6.728422 0.365519 30.660659 0.845760 0.529450 0.066124 0.313850 -0.593874 0.740818 -0.431495 0.605802 0.668443
-2.611729 -7.305839 -0.457858 58.336269 0.830849 0.554771 0.043799 0.289937 -0.498711 0.816837 -0.475001 0.665970 0.575203
-2.177033 -7.325451 -44.839587 88.952452 0.810514 0.571775 0.127045 0.248748 -0.532392 0.809125 -0.530275 0.624205 0.573739
2.497673 -5.813891 -18.453003 99.259477 -0.171081 0.961585 -0.214676 -0.820659 -0.018505 0.571118 -0.545206 -0.273883 -0.792300
1.702520 -6.648198 -34.151179 52.584920 -0.176200 0.957268 -0.229328 -0.882520 -0.050429 0.467563 -0.436019 -0.284771 -0.853694
0.867353 -7.186997 53.017747 51.355292 -0.110296 0.975013 -0.192831 -0.902170 -0.016806 0.431053 -0.417042 -0.221510 -0.881481
17.488737 -9.708091 1536.344422 23.746908 0.596277 0.760056 0.258396 -0.607727 0.637684 -0.473314 0.524520 -0.125192 -0.842143
24.245719 -9.864044 3014.250567 -33.804195 0.510272 0.820039 0.259151 -0.504525 0.529468 -0.681996 0.696475 -0.217255 -0.683903
12.332787 -9.410530 1359.193563 -36.467713 0.503255 0.837929 0.211210 -0.550065 0.499134 -0.669547 0.666455 -0.220774 -0.712107
7.191934 -9.196255 483.399994 5.667648 0.583034 0.796689 0.159242 -0.631276 0.567616 -0.528491 0.511431 -0.207602 -0.833870
10.074583 -8.944582 794.660205 61.294133 0.630709 0.733297 0.253933 -0.681041 0.679907 -0.271865 0.372009 0.001471 -0.928228
14.772064 -9.254188 1413.630191 66.644561 0.646972 0.707361 0.284723 -0.661404 0.706402 -0.252073 0.379435 0.025233 -0.924874
6.849183 -8.950028 184.434211 26.622877 0.650058 0.744166 0.153758 -0.671397 0.657243 -0.342430 0.355881 -0.119367 -0.926877
-1.880359 -8.199250 161.572708 17.738025 -0.061280 0.987006 -0.148539 -0.955313 -0.014883 0.295220 -0.289173 -0.159992 -0.943812
-2.895291 -7.887301 133.034654 84.043288 -0.079229 0.973184 -0.215955 -0.912204 0.016583 0.409401 -0.402003 -0.229432 -0.886428
-0.944330 -7.489492 140.439669 62.329321 -0.063791 0.983534 -0.169093 -0.908807 0.012752 0.417023 -0.412312 -0.180275 -0.893028
3.495765 -21.838553 14.366322 354.577627 -0.022664 0.974388 -0.223728 -0.891961 -0.120782 -0.435680 0.451544 -0.189682 -0.871854
5.914874 -21.593520 -101.441177 -602.975355 -0.006988 0.944556 -0.328275 0.997496 0.029688 0.064191 0.070378 -0.327004 -0.942399
5.036009 -21.133835 -208.684248 -355.862983 -0.043877 0.870773 -0.489723 0.990379 0.102309 0.093181 0.131243 -0.480923 -0.866884
1.179208 -6.292941 30.056791 13.935390 -0.045315 0.987491 -0.151025 0.954711 0.087312 0.284436 -0.294064 0.131296 0.946725
0.855756 -6.368219 26.135371 6.321843 -0.070571 0.986921 -0.144937 0.974910 0.098993 0.199375 -0.211115 0.127231 0.969145
1.436420 -6.186569 18.661145 -3.638036 -0.123276 0.981178 -0.148634 0.942941 0.162495 0.290616 -0.309298 0.104327 0.945225
0.556367 -6.291036 17.315274 29.532619 0.002755 0.990323 -0.138751 0.979448 0.025311 0.200103 -0.201679 0.136451 0.969900
1.529388 -6.109637 32.629792 -16.346282 -0.072753 0.984455 -0.159860 0.914537 0.129798 0.383113 -0.397907 0.118325 0.909763
0.992457 -6.349336 26.230994 18.449560 0.013371 0.988828 -0.148461 0.953252 0.032220 0.300453 -0.301880 0.145538 0.942172
1.310512 -0.962280 28.042610 69.355376 0.580389 -0.808070 0.100855 0.810060 0.560215 -0.173094 0.083372 0.182161 0.979728
1.700236 -1.028948 37.546065 59.297152 0.483104 -0.864829 0.136676 0.874286 0.468060 -0.128619 0.047261 0.181631 0.982230
0.602957 -2.142593 11.448403 51.633178 0.402205 -0.907603 0.120369 0.912676 0.387053 -0.131200 0.072488 0.162627 0.984021
1.610108 -0.023846 18.989447 85.654226 0.550398 -0.821070 0.151348 0.833203 0.528618 -0.162282 0.053240 0.215423 0.975068
1.051576 -1.001152 32.027680 63.120529 0.680459 -0.730478 0.058113 0.724491 0.658740 -0.202916 0.109944 0.180178 0.977470
1.612319 0.064829 39.001694 -49.930439 0.845024 -0.533434 0.037177 -0.527055 -0.819145 0.226306 0.090266 0.210828 0.973347
-2.343119 -7.717716 -6.455347 -105.466601 0.057769 0.996954 -0.052402 0.231070 -0.064416 -0.970802 0.971221 -0.043974 0.234088
-1.811952 -11.532679 -21.115583 -298.529749 0.001216 0.957436 0.288642 0.059846 0.288055 -0.955742 0.998207 -0.018436 0.056949
-0.844094 -12.790667 -55.411685 -320.266803 -0.035414 0.980000 0.195819 0.138581 0.198864 -0.970179 0.989718 0.007221 0.142853
-1.587871 -8.851127 -31.486415 6.328763 0.069766 0.980656 -0.182884 0.321005 -0.195649 -0.926648 0.944504 -0.005942 0.328445
-1.142259 -10.477952 -4.725009 -113.209649 -0.017149 0.991838 -0.126346 0.381627 -0.110305 -0.917711 0.924157 0.063955 0.376620
-0.705653 -16.929085 7.149218 -410.716139 -0.068294 0.992746 0.098955 0.190768 0.110351 -0.975413 0.979257 0.047738 0.196920
0.560382 -24.605297 -94.085265 -535.025652 -0.011371 0.980392 0.196727 -0.178427 0.191593 -0.965120 0.983887 0.046076 -0.172750
-1.671271 -35.283107 93.505600 -1262.271952 0.069637 0.997221 0.026466 -0.148146 0.036574 -0.988289 0.986511 -0.064901 -0.150281
-6.938481 -39.748818 -426.726159 -1611.106621 0.186146 0.967226 -0.172697 0.023262 -0.180059 -0.983381 0.982247 -0.179035 0.056017
-3.337802 -10.284112 107.468221 -309.557852 -0.040711 0.943117 -0.329958 -0.072472 -0.332149 -0.940439 0.996539 0.014373 -0.081872
-3.974417 -6.543996 54.323385 284.173715 0.034851 0.881801 0.470332 -0.038416 0.471452 -0.881054 0.998654 -0.012638 -0.050306
-4.180262 -6.373704 10.027233 281.420053 0.073655 0.886285 0.457246 -0.014562 0.459398 -0.888111 0.997177 -0.058755 -0.046743
-4.506960 -6.745045 -36.872266 208.203053 0.132076 0.900288 0.414774 0.012790 0.416858 -0.908882 0.991157 -0.125346 -0.043542
-1.594404 -13.684329 69.877225 -418.014441 0.077420 0.987968 -0.133885 -0.110817 -0.124929 -0.985958 0.990821 -0.091170 -0.099812
-7.366738 -8.076346 53.803213 -29.168076 0.926451 0.079590 -0.367905 -0.190109 0.942510 -0.274833 0.324880 0.324561 0.888320
-7.699142 -8.553056 29.080238 58.991663 -0.424286 -0.842441 0.332078 0.891306 -0.453267 -0.011090 0.159863 0.291277 0.943187
-7.291463 -7.677817 -45.329535 63.660509 0.432788 0.852932 -0.291894 0.864188 -0.484711 -0.135033 0.256658 0.193810 0.946871
-4.504805 -11.398808 -46.354644 80.119901 -0.429155 0.795387 -0.428001 -0.673472 -0.597544 -0.435174 0.601881 -0.101490 -0.792110
-4.239661 -12.727813 -24.186471 43.595302 -0.370472 0.838172 -0.400273 -0.578221 -0.545366 -0.606825 0.726919 -0.006634 -0.686691
-0.022307 -7.041292 16.872248 -7.364662 0.116752 0.982021 -0.148336 0.682981 -0.187823 -0.705875 0.721045 0.018898 0.692631
0.128048 -7.057453 -34.796348 -8.034676 0.148316 0.981746 -0.119069 0.689830 -0.188976 -0.698873 0.708617 -0.021517 0.705266
-0.084111 -7.335965 20.836241 6.090988 0.122889 0.978366 -0.166427 0.575175 -0.206875 -0.791439 0.808747 -0.001535 0.588155
0.070532 -6.618755 -19.460947 -39.429292 0.130194 0.984076 -0.121012 0.788514 -0.176759 -0.589069 0.601078 0.018727 0.798971
0.031977 -6.661093 23.412371 -24.726109 0.099776 0.986509 -0.129783 0.775282 -0.158836 -0.611318 0.623685 0.039623 0.780671
-0.324807 -7.182257 1.735104 -6.117118 -0.083719 0.925548 0.369258 0.229214 0.378509 -0.896767 0.969769 -0.009563 0.243837
5.199479 -12.359023 -40.125842 -66.146365 -0.108264 0.993491 0.035422 0.755837 0.105406 -0.646219 0.645747 0.043189 0.762329
4.830139 -11.991123 -61.373184 -31.107460 -0.111462 0.978023 0.176204 0.751213 0.198999 -0.629348 0.650581 -0.062218 0.756884
5.705534 -12.478891 -88.390492 131.858839 -0.119950 0.967961 0.220597 0.817479 0.222383 -0.531294 0.563329 -0.116605 0.817963
-1.020621 -13.762939 -15.253590 19.171208 0.177403 0.933755 -0.310854 0.354814 -0.355306 -0.864792 0.917952 -0.043122 0.394341
-0.708643 -14.735401 -11.364544 21.061795 0.180994 0.944437 -0.274372 0.548796 -0.328494 -0.768710 0.816128 0.011442 0.577758
-0.670710 -14.346900 -11.379042 23.953754 0.194972 0.934942 -0.296426 0.354103 -0.348941 -0.867670 0.914657 -0.064206 0.399099
-1.708073 -13.019724 -25.472675 -83.526366 -0.059116 -0.830478 0.553906 0.990130 -0.119415 -0.073369 0.127077 0.544102 0.829340
-2.239383 -12.944468 -13.987703 -78.111661 -0.072940 -0.864774 0.496835 0.985438 -0.139212 -0.097636 0.153598 0.482479 0.862335
-1.877371 -13.612753 -28.060264 -23.952710 -0.038509 -0.835327 0.548402 0.942384 -0.212870 -0.258069 0.332310 0.506867 0.795396
-2.454078 -12.794019 3.146676 -74.480224 -0.085557 -0.903506 0.419950 0.986647 -0.135462 -0.090428 0.138590 0.406605 0.903031
-2.432853 -13.294980 3.970346 -27.615793 -0.084057 -0.903950 0.419296 0.935692 -0.216300 -0.278737 0.342658 0.368903 0.864000
-2.291292 -13.434204 -12.631737 -35.298194 -0.064445 -0.868963 0.490663 0.928192 -0.232762 -0.290311 0.366478 0.436720 0.821565
-1.634842 -97.853337 256.300933 -4635.770883 -0.001201 -0.219073 -0.975708 -0.472038 0.860287 -0.192577 0.881577 0.460340 -0.104445
-5.286429 -70.096424 133.730121 -2777.150988 -0.121085 -0.035620 -0.992003 -0.310985 0.950407 0.003833 0.942670 0.308962 -0.126157
-5.938563 -116.323236 119.765954 -4829.422310 -0.077946 -0.116428 -0.990136 -0.451842 0.889425 -0.069015 0.888686 0.442005 -0.121934
-0.705354 -20.502779 -17.726827 -363.171376 -0.260979 0.964408 -0.042516 0.388860 0.145336 0.909761 -0.883560 -0.220896 0.412949
-1.110703 -21.687806 -6.447253 -478.178258 -0.229254 0.970518 -0.074411 0.265659 0.135932 0.954436 -0.936412 -0.199040 0.288990
-1.376922 -14.273065 -18.192711 10.889040 0.120394 0.956399 -0.266094 0.842383 -0.240246 -0.482362 0.525258 0.166079 0.834579
-1.312416 -14.210161 -18.397891 -1.699800 0.100745 0.963319 -0.248731 0.933121 -0.178220 -0.312288 0.345162 0.200635 0.916847
-0.869332 -15.027976 -16.812522 8.873452 0.134891 0.961792 -0.238245 0.842018 -0.238010 -0.484105 0.522313 0.135305 0.841951
-1.855681 -13.628530 -18.077255 -13.451400 0.100595 0.951098 -0.292050 0.933936 -0.191463 -0.301838 0.342994 0.242392 0.907525
-1.187773 -14.226305 -16.118721 2.517150 0.147321 0.949671 -0.276444 0.714901 -0.295388 -0.633769 0.683530 0.104263 0.722437
-1.668334 -13.671041 -18.313567 13.965773 0.128629 0.942596 -0.308168 0.712847 -0.303916 -0.632047 0.689422 0.138377 0.711019
-1.876720 -13.627196 -20.872606 4.820282 0.115841 0.944569 -0.307197 0.843672 -0.256797 -0.471459 0.524212 0.204559 0.826654
0.760538 -34.250107 -59.928523 164.847587 -0.231968 0.965301 0.119936 -0.870355 -0.150913 -0.468730 0.434366 0.213117 -0.875161
-0.101292 -31.724703 -22.316372 113.324662 -0.231214 0.963919 0.131909 -0.850496 -0.134419 -0.508516 0.472437 0.229764 -0.850889
-1.972602 -6.035792 -55.926255 0.572846 -0.084169 0.996421 -0.007843 0.945781 0.077408 -0.315446 0.313710 0.033969 0.948911
-2.904019 -6.180171 -32.888934 -13.371740 -0.089834 0.993749 -0.066279 0.959508 0.068515 -0.273223 0.266974 0.088140 0.959665
-1.802384 -5.909804 -83.994417 -73.641926 0.007835 0.999969 -0.001244 0.982194 -0.007930 -0.187701 0.187705 -0.000249 0.982225
-3.599081 -68.907600 225.249850 2676.963100 0.079135 0.716490 0.693094 0.465581 -0.641349 0.609841 -0.881460 -0.274431 0.384337
-0.836626 -225.382829 343.995548 -12204.365152 0.145315 0.698253 0.700947 0.012747 0.707087 -0.707012 -0.989303 0.111675 0.093850
-2.069251 -5.586903 -22.907490 17.920976 0.075687 0.933848 -0.349570 0.738221 -0.288145 -0.609920 0.670299 0.211897 0.711195
409.149219 -11.447482 33868.343832 -1034.346483 -0.606470 0.783506 0.135324 0.042798 -0.137781 0.989538 -0.793954 -0.605916 -0.050028
98.313424 -3.986062 7577.936085 -27.648894 -0.471964 0.880754 0.039006 -0.018106 -0.053918 0.998381 -0.881432 -0.470494 -0.041394
106.565585 -4.588115 8445.370046 -124.871981 -0.573649 0.819101 0.001180 0.007754 0.003989 0.999962 -0.819065 -0.573636 0.008639
-14.706029 -80.391193 131.611975 -1162.813160 -0.559050 0.651938 0.512289 0.687620 0.709790 -0.152894 -0.463295 0.266785 -0.845094
-6.963020 -87.828300 170.246647 4359.577510 -0.399073 0.519503 0.755552 0.887996 0.013639 0.459650 0.228484 0.854360 -0.466759
-32.377091 -138.775535 2070.693873 5810.704773 -0.175704 -0.066225 0.982213 0.703364 -0.706517 0.078186 0.688773 0.704590 0.170718
-65.070116 -636.845605 -4484.247803 40209.064650 -0.662034 0.002317 -0.749471 0.120023 0.987417 -0.102968 0.739801 -0.158122 -0.653981
-15.069093 -96.508080 146.750348 -3157.029002 0.154104 0.377706 0.913012 0.963155 -0.263567 -0.053532 0.220420 0.887621 -0.404406
-20.013013 -70.172379 798.881680 -2837.045425 0.107044 0.936620 -0.333593 0.256127 0.298220 0.919491 -0.960698 0.183868 0.207971
-4.991614 -102.808009 271.309141 -4505.160660 0.114985 0.932369 -0.342734 0.214574 0.313565 0.925005 -0.969916 0.179904 0.164007
-10.322004 -197.628563 517.373243 -8936.892116 0.160502 0.972693 -0.167654 -0.116612 0.187354 0.975346 -0.980123 0.136994 -0.143498
-76.641452 -176.058177 -2749.976434 7256.223366 -0.052239 0.523068 0.850689 0.031517 0.852291 -0.522117 -0.998137 -0.000464 -0.061009
-7.171236 -12.852199 -73.990285 238.646051 0.382540 0.899869 0.209523 -0.907529 0.408507 -0.097538 0.173363 0.152836 -0.972927
-4.025914 -11.268163 -39.649120 12.905060 -0.399646 0.912950 0.082493 0.372197 0.079371 0.924754 -0.837707 -0.400278 0.371517
-5.128199 -10.406736 -35.044719 -47.643588 -0.330014 0.943965 0.004536 0.144194 0.045661 0.988495 -0.932898 -0.326871 0.151182
-5.089287 -10.789626 -30.810780 14.223276 -0.321439 0.944455 0.068426 0.372106 0.059535 0.926279 -0.870755 -0.323204 0.370574
2.735673 -2.002487 174.596676 -11.674803 0.947784 -0.027924 -0.317687 0.109138 -0.907610 0.405380 0.299656 0.418884 0.857171
0.607655 -2.282645 164.857948 -16.985394 0.946096 -0.073860 -0.315352 0.065065 -0.910460 0.408448 0.317284 0.406949 0.856576
-1.586673 -2.557142 146.702846 -19.833108 0.952540 -0.115002 -0.281854 0.017493 -0.903685 0.427840 0.303909 0.412466 0.858785
-2.922553 -8.656233 217.556387 56.778935 -0.150100 0.965565 0.212497 0.980075 0.173597 -0.096521 -0.130086 0.193775 -0.972383
0.447279 -6.755031 20.235803 11.760841 0.276482 0.936067 0.217569 -0.217239 0.281410 -0.934674 0.936144 -0.211156 -0.281155
-0.087690 -7.166142 -11.709048 18.768683 0.309530 0.908405 0.281055 -0.139267 0.335691 -0.931620 0.940636 -0.249223 -0.230418
-0.028688 -7.423211 -12.751801 11.921675 0.313259 0.893661 0.321308 -0.111928 0.370723 -0.921974 0.943049 -0.252854 -0.216158
2.773257 -14.203027 -49.871341 200.508484 0.218731 0.843938 -0.489822 -0.259810 -0.433487 -0.862895 0.940561 -0.316002 -0.124447
-0.295749 -17.918338 -8.148204 115.358632 0.163040 0.917345 -0.363175 -0.257825 -0.315696 -0.913161 0.952336 -0.242517 -0.185043
0.075705 -18.714970 -4.530836 163.355122 0.167678 0.913344 -0.371063 -0.255592 -0.323246 -0.911145 0.952133 -0.247620 -0.179243
-0.220236 -16.137053 -10.920310 336.402620 0.168712 0.912386 -0.372945 -0.505968 -0.244548 -0.827159 0.845892 -0.328250 -0.420380
-2.993065 -6.126040 -9.390086 28.567239 0.843204 0.535291 0.049696 0.372462 -0.648357 0.664007 -0.387658 0.541384 0.746073
-2.310291 -5.378710 -15.781487 56.163694 0.830155 0.553143 0.069816 0.439449 -0.726246 0.528632 -0.343113 0.408166 0.845975
-2.902291 -5.450214 -16.855556 54.445623 0.854505 0.516264 0.057391 0.394276 -0.716560 0.575403 -0.338183 0.469056 0.815854
-1.650627 -5.487529 -29.082145 3.547726 0.786366 0.614251 0.065760 0.484859 -0.679647 0.550446 -0.382805 0.400968 0.832277
2.645659 -3.228587 55.373442 73.393800 -0.153205 0.971161 -0.182684 -0.752864 0.005037 0.658157 -0.640097 -0.238369 -0.730381
2.828270 -4.497510 -28.338999 93.941652 -0.189166 0.958594 -0.212869 -0.775624 -0.012922 0.631063 -0.602182 -0.284482 -0.745953
1.894263 -2.172350 102.405829 48.109783 -0.134788 0.977099 -0.164648 -0.717946 0.018219 0.695860 -0.682924 -0.212002 -0.699049
2.679707 -2.967459 -9.226447 66.970597 -0.202441 0.957249 -0.206622 -0.739352 -0.011044 0.673229 -0.642165 -0.289055 -0.709979
21.327822 -9.436223 1850.681562 -20.837962 0.452554 0.875308 0.170383 -0.463895 0.394267 -0.793319 0.761575 -0.279980 -0.584479
2.678357 -5.476691 -64.884849 -106.162689 0.090083 0.953482 0.287676 -0.876297 -0.061380 0.477845 -0.473274 0.295136 -0.830004
1.695595 -7.031980 -55.509422 -107.962213 0.048236 0.952326 0.301246 -0.799277 -0.144073 0.583437 -0.599024 0.268922 -0.754223
2.797751 -4.891465 29.790331 -97.985291 0.172626 0.953141 0.248439 -0.864816 0.025933 0.501419 -0.471480 0.301412 -0.828768
3.798807 -3.589721 -7.463512 -41.048404 0.219739 0.954516 0.201529 -0.876708 0.102604 0.469953 -0.427900 0.279949 -0.859378
3.599553 -3.253764 104.536545 -16.676977 0.287664 0.943715 0.163250 -0.844420 0.169492 0.508161 -0.451890 0.284031 -0.845649
2.279083 -4.677406 81.910254 -95.158828 0.238748 0.953197 0.185513 -0.848109 0.111626 0.517929 -0.472980 0.280990 -0.835065
1.940953 -25.200539 24.162172 188.677466 -0.064785 0.972405 -0.224122 -0.707431 -0.203157 -0.676956 0.703807 -0.114694 -0.701071
1.025472 -24.151896 42.658266 17.380577 -0.118822 0.955804 -0.268924 -0.524287 -0.290404 -0.800493 0.843211 -0.045877 -0.535621
-0.521181 -153.636973 214.562520 5749.491938 -0.003140 0.847850 0.530226 -0.212455 -0.518690 0.828145 -0.977166 0.110049 -0.181759
-11.753825 -238.754468 242.383999 10995.224303 0.029923 0.889828 0.455314 -0.063600 -0.452900 0.889290 -0.997527 0.055568 -0.043041
3.506429 -250.136136 8.599852 16073.684418 -0.067082 0.728420 0.681838 0.636286 -0.495150 0.591579 -0.768531 -0.473529 0.430268
-1298.326942 -36567.566650 -60535.124804 1701874.439149 0.134058 -0.501035 -0.854981 0.988251 0.131507 0.077888 0.073412 -0.855377 0.512778
-4.015064 -29.607862 -469.863920 1607.547231 -0.471421 0.721637 0.506953 0.158665 -0.496056 0.853670 -0.867518 -0.482874 -0.119353
1.062173 -6.480106 38.500314 -15.186452 0.038322 0.987376 -0.153687 0.918043 0.025949 0.395630 -0.394623 0.156253 0.905460
1.632062 -6.334854 47.971362 -54.618757 -0.016928 0.982969 -0.182990 0.853526 0.109530 0.509407 -0.520774 0.147564 0.840844
-50.125187 -802.237032 495.765866 -31782.720017 0.322309 0.836459 0.443231 0.192013 0.400717 -0.895855 0.926956 -0.373849 0.031457
-50.060662 -592.245497 -221.578540 -27746.600866 0.046794 0.986833 0.154824 -0.049807 0.157106 -0.986325 0.997662 -0.038442 -0.056502
-13.879000 -63.142099 -520.650417 -3512.035723 0.105511 0.958020 -0.266581 0.250084 -0.285024 -0.925321 0.962458 -0.030963 0.269659
-5.311786 -9.341942 -54.767091 -159.248347 -0.588791 0.696440 -0.410240 0.648276 0.710030 0.274947 0.482766 -0.104062 -0.869545
-5.701486 -9.011617 -50.524584 172.333921 -0.607677 0.723804 -0.326858 -0.652309 -0.689650 -0.314445 0.453014 -0.022131 -0.891228
-0.095223 -7.419269 -18.364022 8.764359 0.146632 0.979786 -0.136081 0.585343 -0.196840 -0.786528 0.797416 -0.035676 0.602375
0.423135 -7.172905 -75.245299 11.771426 0.165359 0.981612 -0.095361 0.597324 -0.176622 -0.782310 0.784768 -0.072401 0.615547
0.429971 -6.600794 -60.623408 -40.863472 0.158730 0.981374 -0.108210 0.795686 -0.192039 -0.574461 0.584542 -0.005083 0.811348
1.078449 -6.844567 -65.817714 -9.509890 0.150202 0.982582 -0.109416 0.704074 -0.184004 -0.685873 0.694059 -0.025982 0.719449
-0.345935 -6.968088 4.209029 -3.971106 -0.078058 0.929291 0.361006 0.400388 0.360846 -0.842306 0.913015 -0.078793 0.400244
-0.419457 -6.858677 3.739963 -3.178874 -0.062839 0.931852 0.357356 0.397331 0.351823 -0.847554 0.915521 -0.088729 0.392362
6.083501 -12.826614 27.588508 17.139403 -0.091721 0.968556 -0.231273 0.831242 -0.053409 -0.553339 0.548292 0.242996 0.800205
6.319713 -12.992687 95.404523 40.859905 -0.088276 0.933455 -0.347663 0.912195 -0.064448 -0.404656 0.400134 0.352858 0.845803
7.653517 -13.769732 -109.662109 60.163353 0.094154 -0.936867 0.336772 0.967669 0.006616 -0.252136 0.233990 0.349623 0.907200
-1.091979 -16.479651 1.281847 -160.217264 0.033379 0.887196 -0.460183 -0.330165 -0.424802 -0.842932 0.943333 -0.180073 -0.278742
-1.162606 -16.512529 -7.252393 -162.327425 0.084507 0.895664 -0.436628 -0.332091 -0.387826 -0.859830 0.939454 -0.217661 -0.264668
