14063
28110
-7.170147 -9.717610 63.283666 -111.475195 -0.162880 0.976403 0.141798 0.981124 0.145103 0.127830 0.104238 0.159943 -0.981607
-7.104979 -10.782201 -69.071142 -264.713653 0.502161 0.861454 0.075709 0.864769 -0.499936 -0.047303 -0.002900 0.089224 -0.996007
-6.204277 -7.790760 48.047818 -82.352117 -0.524755 0.839500 0.140969 0.849529 0.526995 0.023995 -0.054146 0.132349 -0.989723
-5.683864 -7.149304 -20.999080 144.841279 -0.009697 0.998327 0.057006 -0.992165 -0.016707 0.123813 -0.124558 0.055359 -0.990667
-5.799888 -8.855564 -39.296368 -88.245386 -0.457931 0.872085 0.172533 0.887522 0.437341 0.145047 0.051037 0.219549 -0.974266
-4.070475 -6.341582 -36.596245 72.547038 -0.605557 0.784246 0.135127 -0.780145 -0.618538 0.093718 -0.157079 0.048667 -0.986386
-5.358948 -7.789453 -13.104824 -42.743120 0.794245 -0.573401 -0.200961 0.604524 0.778976 0.166573 -0.061031 0.253786 -0.965333
-4.690186 -7.048175 5.226423 -51.670125 0.793200 -0.580735 -0.183248 0.597631 0.800139 0.051143 -0.116923 0.150081 -0.981736
-1.268959 -8.852961 75.338617 -222.927904 -0.229025 0.963928 -0.135609 -0.941883 -0.254618 -0.219149 0.245773 -0.077538 -0.966221
-0.855538 -10.722370 147.213411 -92.109827 -0.119133 0.991317 -0.055663 -0.983961 -0.125375 -0.126893 0.132770 -0.039653 -0.990353
1.403621 -7.341401 211.647443 -370.461037 -0.173579 0.983427 -0.052365 -0.912976 -0.180625 -0.365854 0.369249 0.015696 -0.929198
-2.471139 -27.577112 -32.244792 -1067.153444 0.224952 0.956997 -0.183177 -0.252015 -0.124453 -0.959687 0.941214 -0.262047 -0.213182
0.155586 -21.858691 134.802322 -662.156326 0.245222 0.960865 -0.128860 -0.353686 -0.035087 -0.934706 0.902647 -0.274787 -0.331240
-3.704589 -23.535277 -157.838439 352.852754 0.249043 0.944566 -0.213946 -0.658617 0.003213 -0.752471 0.710071 -0.328306 -0.622907
-15.005831 -78.930509 -743.483020 -3616.297496 0.533383 0.845766 0.013473 -0.123535 0.093645 -0.987912 0.836804 -0.525271 -0.154430
0.532369 -5.106631 -25.616567 39.277001 0.075035 0.983438 0.164985 0.054450 -0.169246 0.984069 -0.995693 0.064856 0.066248
0.984985 -4.577975 -19.867891 29.480161 0.084681 0.988733 0.123434 0.109374 -0.132354 0.985150 -0.990387 0.069923 0.119350
0.638581 -4.491427 -44.258688 29.296236 0.065142 0.986053 0.153155 0.134689 -0.160765 0.977759 -0.988744 0.043065 0.143283
-0.255415 -4.640125 -71.381134 30.717824 0.049363 0.983322 0.175044 0.150305 -0.180576 0.972009 -0.987407 0.021671 0.156712
-0.100605 -5.250381 -51.125428 32.746714 0.063277 0.975206 0.212060 0.047852 -0.215207 0.975395 -0.996848 0.051572 0.060283
0.333185 -3.975535 -48.182280 29.162368 0.048685 0.993875 0.099210 0.235725 -0.107955 0.965805 -0.970600 0.023634 0.239537
2.093656 -7.935306 -72.870294 -1.545801 -0.143536 -0.985475 -0.090754 0.985574 -0.134034 -0.103337 0.089672 -0.104277 0.990497
2.424269 -8.132141 100.425924 -31.023590 0.148949 0.984278 0.094928 0.972894 -0.128696 -0.192132 0.176895 -0.120973 0.976767
3.268016 -7.841708 -114.975603 -3.127321 -0.129501 -0.985123 -0.112972 0.988939 -0.120006 -0.087167 0.072313 -0.123010 0.989767
2.547822 -7.549140 -97.162637 13.995314 -0.126015 -0.987276 -0.096984 0.991801 -0.127473 0.008963 -0.021212 -0.095059 0.995246
0.729596 -7.811725 29.605475 21.600373 0.066944 0.997623 0.016344 0.872095 -0.066463 0.484803 -0.484736 0.018201 0.874471
0.758791 -7.732748 17.304902 -3.261860 0.086729 0.995388 0.040993 0.922844 -0.095772 0.373077 -0.375283 -0.005474 0.926894
0.692088 -7.682725 7.406776 20.879652 0.061866 0.996896 0.048686 0.869703 -0.077777 0.487409 -0.489683 -0.012189 0.871815
2.150321 -13.499589 -17.122472 -56.127474 0.172001 0.984819 0.023412 0.865203 -0.162388 0.474398 -0.470998 0.061340 0.879999
1.856797 -13.100853 -14.585087 136.402938 0.181577 0.983032 0.026056 0.951382 -0.182311 0.248264 -0.248802 0.020290 0.968342
1.788976 -13.122031 -13.296496 9.548862 0.140526 0.988826 0.049763 0.909476 -0.148787 0.388221 -0.391287 0.009296 0.920222
1.414675 -12.522133 -7.257892 136.885245 0.143003 0.988377 0.051580 0.978961 -0.148920 0.139495 -0.145555 -0.030546 0.988879
1.983281 -12.769897 -24.354973 -128.334515 0.128040 0.990508 0.049998 0.785584 -0.132063 0.604498 -0.605363 0.038122 0.795036
1.596633 -12.984830 3.593812 -57.678548 0.117371 0.991936 0.047828 0.858204 -0.125546 0.497720 -0.499710 0.017372 0.866018
1.426295 -12.819932 5.404092 13.566653 0.112633 0.991850 0.059568 0.921203 -0.126704 0.367874 -0.372423 -0.013439 0.927966
-1.317301 -13.422644 -3.483469 -207.825370 0.299888 0.950469 -0.081709 -0.645793 0.139222 -0.750712 0.702153 -0.277897 -0.655557
-1.275465 -14.979838 -0.473112 -98.433307 0.288255 0.953819 -0.084490 -0.779747 0.182600 -0.598876 0.555791 -0.238510 -0.796373
-1.241182 -13.333133 41.958033 -124.466057 0.255046 0.965209 -0.057641 -0.713863 0.147751 -0.684521 0.652190 -0.215732 -0.726711
-1.360509 -17.786405 2.564550 -156.593042 0.296365 0.949868 -0.099592 -0.812973 0.196168 -0.548264 0.501242 -0.243452 -0.830354
-1.650579 -11.165823 -24.666524 -281.146000 0.362161 0.928146 -0.085929 -0.502677 0.116844 -0.856541 0.784956 -0.353401 -0.508874
-1.508990 -14.086210 -19.582237 -252.719319 0.351032 0.931064 -0.099474 -0.649859 0.165763 -0.741758 0.674136 -0.325026 -0.663249
-2.310040 -4.911600 72.818383 -5.748774 0.534822 0.768783 0.350625 -0.794961 0.598437 -0.099552 0.286361 0.225491 -0.931210
-1.483892 -4.898348 55.740755 -20.463882 0.451210 0.817307 0.358356 0.861764 -0.503382 0.063012 0.231890 0.280386 -0.931456
-1.005328 -4.517927 59.718220 -21.473529 0.536380 0.752375 0.382399 -0.786755 0.609738 -0.096109 0.305473 0.249303 -0.918985
-3.663608 -5.481340 83.442943 15.369746 0.471709 0.830227 0.297010 -0.854409 0.513606 -0.078709 0.217892 0.216640 -0.951625
-2.395420 -4.951879 61.925991 -26.859677 0.391213 0.858324 0.332012 0.902834 -0.427896 0.042387 0.178448 0.283170 -0.942322
0.571124 -14.162439 -29.534560 -30.624371 0.389926 0.918019 0.072102 0.818009 -0.381274 0.430688 -0.422870 0.108956 0.899616
0.571721 -15.999427 1.952086 -101.268482 0.276496 0.960887 -0.015695 0.852163 -0.237596 0.466226 -0.444261 0.142285 0.884527
3.044276 -17.663576 15.726566 -201.412576 0.403567 0.914507 0.028463 0.890887 -0.399851 0.215497 -0.208455 0.061610 0.976090
2.818331 -11.455567 79.572123 152.239206 0.621544 0.773747 0.122469 0.756007 -0.633416 0.165038 -0.205271 0.009991 0.978654
-0.865140 -12.525507 -28.863866 8.614791 0.493662 0.859478 0.132646 0.736826 -0.494386 0.461161 -0.461936 0.129920 0.877346
1.045043 -2.217759 -40.327245 28.131476 -0.043402 0.993234 -0.107717 -0.848705 0.020227 0.528480 -0.527083 -0.114357 -0.842084
1.250875 -2.343568 -16.841999 45.879343 -0.033516 0.996485 -0.076773 -0.854371 0.011291 0.519541 -0.518582 -0.083005 -0.850990
1.229519 -2.156399 -19.385767 -10.293112 0.027874 0.992105 -0.122276 -0.843061 0.089057 0.530393 -0.537095 -0.088302 -0.838887
1.160939 -2.734005 -30.507781 -47.323221 0.060097 0.985454 -0.158963 -0.822638 0.139096 0.551289 -0.565381 -0.097638 -0.819031
0.788152 -2.454337 -34.170586 -15.697270 -0.003340 0.990364 -0.138445 -0.839587 0.072429 0.538375 -0.543215 -0.118035 -0.831255
-1.367081 -27.023180 -10.337969 -356.003578 -0.470588 -0.803411 -0.364799 0.879893 -0.396435 -0.261970 0.065850 -0.444263 0.893473
-1.448839 -29.608160 0.479908 -209.342395 -0.500437 -0.790179 -0.353808 0.773646 -0.224698 -0.592438 0.388632 -0.570200 0.723766
-1.209999 -27.935116 3.042091 -327.570870 -0.492889 -0.794798 -0.354058 0.828227 -0.303868 -0.470855 0.266648 -0.525320 0.808046
-1.158521 -24.603262 -8.380683 -325.187413 -0.458505 -0.813670 -0.357372 0.887407 -0.440808 -0.134897 -0.047771 -0.378985 0.924169
-1.721507 -21.364423 85.655431 -406.956012 0.356378 0.931882 -0.067756 0.862979 -0.300495 0.406166 -0.358138 0.203220 0.911284
-0.153131 -20.947403 27.414165 -333.481378 0.337919 0.939339 -0.058759 0.864112 -0.284904 0.414899 -0.372990 0.190976 0.907968
-1.127001 -17.294142 44.460929 -359.374203 0.360121 0.932143 -0.037727 0.740487 -0.261011 0.619315 -0.567443 0.250965 0.784235
0.386722 -39.160408 73.008744 -185.963070 0.403674 0.848718 0.341650 0.644759 -0.528840 0.551919 -0.649102 0.002514 0.760698
0.020940 -39.112452 103.068942 -945.136048 0.412782 0.842648 0.345768 0.339516 -0.494608 0.800057 -0.845186 0.212856 0.490258
0.116013 -45.640238 7.320161 -1136.550162 0.329389 0.873426 0.358650 0.463208 -0.480479 0.744700 -0.822764 0.079166 0.562842
1.107934 -52.692162 -41.964225 -673.028341 0.352009 0.861601 0.365696 0.778765 -0.486340 0.396230 -0.519244 -0.145315 0.842181
0.830921 -44.141493 -85.695055 -584.275719 0.275925 0.896718 0.346067 0.597275 -0.442053 0.669218 -0.753079 -0.022043 0.657560
-0.414793 -74.045966 -39.227689 -2627.980761 0.287739 0.889798 0.354212 0.195306 -0.416599 0.887863 -0.937583 0.186293 0.293655
-0.527455 -32.691032 -12.318808 -378.439283 0.218862 0.940286 0.260695 0.192936 -0.303600 0.933061 -0.956491 0.153914 0.247861
-0.208914 -43.454116 -52.623318 -559.125957 0.228409 0.926563 0.298847 0.357520 -0.365343 0.859479 -0.905543 0.089469 0.414713
-1.207443 -44.010247 -8.421390 208.543340 0.263763 0.900828 0.344873 -0.001793 -0.357076 0.934074 -0.964586 0.246992 0.092568
-0.708365 -31.528296 -9.105046 221.193076 0.251567 0.888425 0.383946 -0.163364 -0.352034 0.921620 -0.953953 0.294573 -0.056577
2.289133 -6.310744 54.444431 -4.362940 0.134281 0.990624 0.025140 0.747692 -0.117935 0.653489 -0.650327 0.068954 0.756519
2.011265 -6.262012 27.020042 -27.984082 0.128851 0.990507 0.047898 0.784439 -0.131355 0.606136 -0.606674 0.040528 0.793917
2.405760 -5.945519 25.330795 -5.445107 0.063061 0.997789 0.020986 0.742502 -0.060957 0.667064 -0.666868 0.026484 0.744705
2.567480 -6.112218 56.806684 -0.079140 0.100639 0.994916 -0.003652 0.682977 -0.066415 0.727414 -0.723474 0.075700 0.686189
2.266668 -5.736776 -26.550604 -18.542449 -0.021481 0.999205 0.033591 0.751647 -0.006013 0.659538 -0.659215 -0.039416 0.750920
2.757721 -5.693532 -1.251826 8.604862 -0.019051 0.999800 0.006095 0.689736 0.008729 0.724008 -0.723810 -0.017997 0.689765
-0.367160 -6.359643 -20.495590 31.227544 -0.140011 0.987443 0.073161 0.692888 0.044927 0.719644 -0.707321 -0.151450 0.690478
-0.405744 -6.105413 -3.781585 25.092780 -0.097918 0.991091 0.090285 0.723482 0.008596 0.690290 -0.683364 -0.132911 0.717878
-0.486168 -6.516486 -0.074124 6.162063 -0.109826 0.991112 0.075066 0.641523 0.012996 0.766994 -0.759202 -0.132392 0.637248
1.209877 -3.611701 -11.233000 74.683551 -0.140273 0.990113 0.000008 0.987917 0.139961 0.066571 -0.065912 -0.009345 0.997782
1.580669 -0.616889 29.813828 191.872034 0.416664 -0.909031 0.007317 0.908996 0.416526 -0.015219 0.010787 0.012993 0.999857
1.172671 -2.713173 -27.837659 157.873812 -0.112116 0.993368 0.025497 0.993071 0.111099 0.038313 -0.035227 -0.029616 0.998940
1.330538 -2.318863 3.954758 112.442336 -0.237118 0.970680 -0.039428 0.969424 0.239061 0.055380 -0.063182 0.025091 0.997687
-2.669187 -5.416570 33.876222 -8.810715 0.756293 0.620527 0.207284 0.641999 -0.764901 -0.052574 -0.125928 -0.172838 0.976867
-1.051499 -5.589700 91.900176 -43.186415 0.904090 0.400482 0.149113 0.423154 -0.887694 -0.181496 -0.059681 -0.227187 0.972021
-2.012919 -5.088521 80.836258 -19.842510 0.901386 0.406710 0.148629 0.421532 -0.902697 -0.086303 -0.099066 -0.140444 0.985120
-0.036733 -5.468787 101.561407 -29.965270 0.962700 0.245303 0.114170 0.261622 -0.951553 -0.161557 -0.069008 -0.185401 0.980237
2.604348 -43.012641 49.836369 -1704.237671 0.098739 0.949029 -0.299324 0.572821 0.191756 0.796935 -0.813711 0.250148 0.524690
3.150302 -103.069071 122.100725 -4328.417837 0.182810 0.944705 -0.272236 0.753314 0.043333 0.656232 -0.631743 0.325045 0.703738
5.581533 -118.374982 -22.715219 -5124.925325 0.175540 0.966600 -0.186736 0.641183 0.031682 0.766734 -0.747041 0.254324 0.614206
-2.026884 -33.924449 104.627002 -1209.462338 0.094785 0.146257 -0.984695 0.964924 0.229763 0.127009 0.244823 -0.962194 -0.119349
-2.140035 -27.114867 139.353316 -200.783218 0.060344 0.162892 -0.984797 0.767404 0.623340 0.150128 0.638318 -0.764796 -0.087389
-3.870206 -34.830175 116.636326 -1169.423682 0.114749 0.128810 -0.985008 0.912096 0.379201 0.155843 0.393590 -0.916305 -0.073975
-4.000796 -29.346465 90.205825 -963.964146 0.049257 0.053499 -0.997352 0.991453 0.118164 0.055304 0.120810 -0.991552 -0.047222
-6.812086 -43.963417 135.883776 -1425.750339 0.170087 0.019517 -0.985236 0.941869 0.290753 0.168360 0.289746 -0.956599 0.031071
2.509897 -1.004196 -164.641271 -9.930277 0.925121 -0.058414 0.375152 0.029520 0.996169 0.082316 -0.378524 -0.065078 0.923301
3.124082 -1.242093 -149.943272 -17.275318 0.932611 -0.031635 0.359494 0.013784 0.998546 0.052112 -0.360620 -0.043645 0.931691
3.485225 -0.984978 -22.001873 -0.498873 0.972713 0.009759 0.231805 -0.022606 0.998348 0.052829 -0.230906 -0.056627 0.971327
14.681984 -14.813443 -3.244070 157.734865 -0.257479 0.739834 -0.621571 0.438097 -0.483968 -0.757526 0.861264 0.467356 0.199507
16.006357 -12.960248 -274.203490 21.941455 -0.104378 0.801633 -0.588633 0.304467 -0.537692 -0.786248 0.946787 0.261287 0.187948
14.850880 -14.671760 -272.509953 72.063061 0.013496 0.850712 -0.525459 0.460218 -0.471821 -0.752053 0.887704 0.231675 0.397881
14.281493 -12.376384 71.874655 132.139148 -0.393677 0.676839 -0.622019 0.273095 -0.559996 -0.782192 0.877746 0.477801 -0.035616
13.085039 -16.409565 -323.067145 191.304723 0.424742 -0.610095 0.668864 0.582414 -0.381490 -0.717816 0.693101 0.694441 0.193293
13.727151 -15.299505 365.741448 263.519505 -0.529518 0.549648 -0.646141 0.410151 -0.500855 -0.762181 0.742554 0.668604 -0.039773
-1.010227 -3.709596 -17.151428 16.813302 0.943251 0.279158 -0.179859 0.305245 -0.942143 0.138532 0.130781 0.185572 0.973889
-1.966428 -3.841872 -22.443137 13.156371 0.864991 0.453312 -0.215172 0.489451 -0.856717 0.162710 0.110583 0.246059 0.962926
-1.100110 -4.038901 25.734516 39.862850 0.820818 0.525855 -0.223011 0.552793 -0.829624 0.078387 0.143795 0.187620 0.971659
-2.018050 -4.672842 -9.053378 50.050553 -0.627762 -0.736082 0.253178 0.773366 -0.626736 0.095431 0.088431 0.255707 0.962701
-0.293982 -3.615222 17.208895 -22.377462 0.921876 0.338949 -0.187771 -0.354934 0.933074 -0.058268 0.155454 0.120362 0.980483
-1.889849 -4.854658 -50.221516 72.773381 -0.601173 -0.763841 0.234817 0.788963 -0.614029 0.022497 0.127001 0.198786 0.971779
-1.206463 -3.997177 75.875670 -57.173360 0.764802 0.600589 -0.233176 -0.616445 0.787374 0.006134 0.187281 0.139049 0.972415
-0.664499 -2.832162 -34.083937 -23.349802 0.967691 -0.163962 0.191551 -0.199290 -0.962759 0.182698 -0.154462 0.214970 0.964329
-1.579698 -2.823176 -44.850906 -21.021176 0.925162 -0.318946 0.205790 -0.354341 -0.920085 0.166994 -0.136082 0.227416 0.964243
-1.145023 -2.418346 -34.965093 -26.137016 0.939000 -0.274263 0.207505 -0.316113 -0.925944 0.206640 -0.135464 0.259630 0.956160
-0.597776 -2.044103 -24.577840 -38.237699 0.950781 -0.224622 0.213447 -0.271553 -0.935797 0.224820 -0.149244 0.271717 0.950735
0.017869 -3.005601 -20.397698 -23.903532 0.982047 -0.067725 0.176059 -0.098714 -0.979838 0.173704 -0.160745 0.187965 0.968933
-0.347853 -3.350194 -38.498671 20.951071 0.971047 -0.142264 0.191906 0.167785 0.977995 -0.123988 -0.170044 0.152597 0.973550
-0.264207 -2.364217 -15.647743 -36.755100 0.980374 -0.086991 0.176915 -0.126541 -0.965794 0.226337 -0.151174 0.244282 0.957848
0.337302 -7.190202 -0.464752 70.646824 0.134573 0.990316 0.034119 0.491297 -0.036781 -0.870215 0.860533 -0.133871 0.491489
0.182322 -8.148929 2.533397 55.444797 0.097602 0.992528 0.073229 0.583482 0.002541 -0.812122 0.806240 -0.121992 0.578874
0.432046 -7.148158 -2.928945 71.721934 0.135837 0.990580 0.017317 0.430307 -0.043245 -0.901646 0.892403 -0.129929 0.432128
0.411355 -6.486017 -6.712329 42.702193 0.152623 0.988284 -0.000410 0.395287 -0.061425 -0.916502 0.905790 -0.139717 0.400031
0.372636 -6.476548 -6.075297 41.339558 0.156282 0.987640 0.011984 0.413115 -0.054340 -0.909056 0.897169 -0.147020 0.416502
0.294194 -6.911046 -3.527593 51.689644 0.150620 0.988238 0.026439 0.489967 -0.051395 -0.870224 0.858630 -0.144027 0.491946
0.161175 -7.802652 2.121538 46.772723 0.122190 0.991022 0.054273 0.608932 -0.031674 -0.792590 0.783755 -0.129895 0.607335
2.227805 -13.613724 -41.214580 -216.965274 -0.096799 0.940907 -0.324536 -0.507842 0.233737 0.829134 -0.855994 -0.245072 -0.455207
3.153079 -16.782100 -56.138587 -261.544120 -0.091814 0.939891 -0.328900 -0.328457 0.283225 0.901055 -0.940046 -0.190759 -0.282710
1.913606 -16.982938 -63.408242 -310.206529 -0.122852 0.947036 -0.296699 -0.372301 0.233150 0.898350 -0.919945 -0.220826 -0.323940
0.984914 -12.119434 -77.999620 -235.947090 -0.124537 0.939358 -0.319526 -0.579070 0.192692 0.792179 -0.805710 -0.283683 -0.519957
0.046086 -15.075620 -113.378780 -363.140419 -0.196883 0.941793 -0.272513 -0.459498 0.156899 0.874210 -0.866082 -0.297336 -0.401862
-0.230976 -19.676100 -7.801955 69.076296 0.207780 0.977823 0.026247 0.774426 -0.148049 -0.615098 0.597572 -0.148132 0.788013
-0.131012 -19.528687 2.119207 12.182842 0.186381 0.982191 0.023750 0.894300 -0.159594 -0.418040 0.406805 -0.099154 0.908118
-0.240017 -19.623427 -0.138480 100.966642 0.203820 0.978965 0.009182 0.740919 -0.148115 -0.655058 0.639919 -0.140317 0.755523
-0.133950 -19.629900 12.784145 -36.435450 0.164230 0.986210 0.020450 0.926432 -0.147089 -0.346538 0.338751 -0.075857 0.937813
-0.147482 -18.493282 13.157903 5.273998 0.171835 0.984912 0.020504 0.845448 -0.136755 -0.516251 0.505658 -0.106045 0.856192
1.302004 -4.696382 -57.735075 -4.416027 0.186427 0.920745 -0.342743 -0.400218 -0.247430 -0.882385 0.897257 -0.301672 -0.322371
2.412292 -4.484589 -29.668841 -0.220520 0.189484 0.952189 -0.239650 -0.452810 -0.131828 -0.881808 0.871240 -0.275605 -0.406181
1.412425 -5.090416 -123.927139 -8.808315 0.239037 0.921014 -0.307563 -0.475725 -0.165046 -0.863971 0.846491 -0.352836 -0.398697
-0.066275 -5.251313 -129.960342 -20.634552 0.231440 0.913072 -0.335759 -0.421395 -0.216982 -0.880537 0.876848 -0.345279 -0.334545
-0.022856 -4.914477 -80.290590 -33.416682 0.208568 0.923473 -0.322020 -0.334625 -0.242006 -0.910746 0.918981 -0.297708 -0.258542
0.939423 -4.517246 -18.061041 -18.180988 0.145608 0.906129 -0.397149 -0.309350 -0.339600 -0.888243 0.939735 -0.252193 -0.230863
1.202597 -4.389243 -5.281752 -0.572655 0.144179 0.926305 -0.348096 -0.330510 -0.286492 -0.899269 0.932725 -0.244705 -0.264847
-0.377766 -2.142209 -32.068914 -1.453604 -0.502610 0.858948 0.097941 -0.790953 -0.411152 -0.453153 0.348966 0.305225 -0.886036
-0.863610 -1.734008 -21.340271 11.134160 -0.586748 0.806700 0.070448 -0.753516 -0.512057 -0.412324 0.296548 0.295013 -0.908310
-0.493969 -1.980865 19.244935 17.610919 -0.309847 0.924299 0.222860 -0.894058 -0.203491 -0.399064 0.323504 0.322899 -0.889428
-0.137603 -2.172203 -46.421208 12.167067 -0.625654 0.779861 0.019332 -0.716637 -0.564787 -0.409202 0.308202 0.269873 -0.912239
-0.320090 -11.317053 28.097835 -141.771211 -0.156635 0.987442 0.020586 -0.479103 -0.094192 0.872690 -0.863670 -0.126831 -0.487841
-0.353532 -12.174714 -18.930264 -224.016833 -0.202760 0.978430 0.039545 -0.419774 -0.123333 0.899210 -0.884691 -0.165724 -0.435726
-0.194946 -10.213778 15.851445 -45.724863 -0.149564 0.988752 0.000600 -0.550225 -0.083734 0.830807 -0.821513 -0.123928 -0.556560
-0.202943 -12.810636 31.680594 218.828170 -0.096168 0.993164 -0.066164 -0.649923 -0.012308 0.759900 -0.753891 -0.116080 -0.646664
-0.391126 -11.344481 44.223482 73.542363 -0.112447 0.992970 -0.036965 -0.595106 -0.037507 0.802772 -0.795742 -0.112267 -0.595140
-0.246482 -11.160957 -6.876729 204.526217 -0.106890 0.991467 -0.074614 -0.630185 -0.009513 0.776387 -0.769053 -0.130008 -0.625824
-2.238914 -12.405152 -16.938408 -0.038201 0.096324 0.994959 -0.027908 0.973830 -0.088406 0.209379 -0.205856 0.047346 0.977436
-2.076148 -12.900667 16.430614 -54.707753 -0.096789 -0.994913 0.027929 0.995177 -0.096288 0.018761 -0.015976 0.029610 0.999434
-2.329244 -12.655065 -28.736002 -65.273131 0.105216 0.993334 -0.047093 0.992436 -0.101873 0.068509 -0.063255 0.053945 0.996538
3.143805 -21.293067 -81.934206 305.493686 -0.070876 0.971175 -0.227588 0.994600 0.051467 -0.090119 -0.075808 -0.232747 -0.969578
3.399505 -21.054362 -17.459663 468.546485 -0.123144 0.980835 -0.150990 0.991484 0.115106 -0.060906 -0.042359 -0.157204 -0.986657
2.082892 -21.765583 -0.512975 -133.761005 -0.071027 0.984605 -0.159715 -0.937138 -0.011026 0.348784 -0.341653 -0.174448 -0.923494
-10.077764 -115.405195 317.197536 5169.506866 -0.261695 0.664811 0.699673 0.813620 -0.237997 0.530453 0.519171 0.708084 -0.478621
-6.142060 -62.129699 295.273825 -2816.699884 -0.252334 0.689386 0.679025 -0.547376 0.476972 -0.687661 0.797940 0.545202 -0.256997
-9.159898 -156.702329 251.368643 -8747.813895 -0.136350 0.740677 0.657880 -0.489305 0.527073 -0.694820 0.861388 0.416643 -0.290551
-13.293539 -148.334672 -16.045732 5195.842414 -0.279205 0.700878 0.656365 0.894438 -0.058838 0.443305 0.349322 0.710851 -0.610464
-19.813567 -959.369401 749.495932 -152792.618223 0.273157 0.924256 -0.266714 -0.824969 0.082464 -0.559130 0.494785 -0.372761 -0.785008
-36.213646 -371.416684 786.681149 -175837.041380 0.011464 0.677584 -0.735356 0.982179 -0.145602 -0.118851 -0.187600 -0.720888 -0.667178
-21.984987 -669.013624 96.034669 -154137.390944 -0.005900 0.872707 -0.488209 -0.876675 0.230345 0.422352 -0.481046 -0.430493 -0.763721
-24.815367 -632.311704 1714.552618 44186.186800 0.095964 0.976299 -0.193987 -0.644439 0.209466 0.735406 -0.758610 -0.054440 -0.649266
-2.508944 -6.181034 25.830965 -6.953322 0.122462 0.978470 -0.166131 0.968558 -0.154350 -0.195120 0.216561 0.137012 0.966607
-2.101793 -6.280047 21.123578 12.495841 0.137903 0.976839 -0.163609 0.932445 -0.183742 -0.311102 0.333959 0.109654 0.936188
-2.093291 -6.194451 9.792421 -8.997518 0.211395 0.952729 -0.218218 0.943862 -0.256973 -0.207580 0.253844 0.162086 0.953568
-2.467641 -5.649411 -19.530980 -42.741540 -0.160073 -0.965229 0.206664 0.980554 -0.179568 -0.079181 0.113538 0.189970 0.975203
-2.028427 -5.713115 -3.320005 -38.505772 -0.221865 -0.944540 0.242116 0.964234 -0.249454 -0.089583 0.145012 0.213581 0.966103
-1.883752 -6.127179 -0.765928 -16.960920 0.245279 0.934157 -0.259210 0.939557 -0.294948 -0.173891 0.238895 0.200891 0.950038
-1.720417 -6.328018 -3.279006 10.730210 0.244960 0.935583 -0.254320 0.907434 -0.313611 -0.279664 0.341406 0.162273 0.925802
-0.608004 -13.279689 12.363197 383.688829 0.143991 0.968259 -0.204307 -0.970247 0.178746 0.163311 -0.194646 -0.174713 -0.965188
-0.506444 -9.238892 9.189409 365.769732 0.132233 0.968888 -0.209212 -0.943873 0.187532 0.271910 -0.302685 -0.161514 -0.939306
-0.604580 -11.846672 -2.238324 285.733029 0.145488 0.967921 -0.204848 -0.953524 0.192400 0.231891 -0.263864 -0.161590 -0.950928
7.734501 -52.312901 -73.620454 867.107281 -0.097410 0.901199 0.422317 0.932394 -0.065769 0.355410 0.348070 0.428387 -0.833866
5.469463 -58.346683 -76.867400 497.939131 0.005569 0.958903 0.283678 0.982284 -0.058385 0.178071 0.187315 0.277661 -0.942241
7.114459 -59.406414 -129.606345 -1887.004540 0.010763 0.953399 0.301520 -0.740174 0.210340 -0.638670 0.672329 0.216303 -0.707946
10.854394 -98.701761 -150.199739 -4644.251890 -0.109487 0.899780 0.422383 -0.665977 0.249051 -0.703170 0.737894 0.358286 -0.571965
10.011420 -51.464322 3.515858 1484.192236 -0.194632 0.827098 0.527283 0.849739 -0.126343 0.511841 0.489961 0.547674 -0.678227
7.499458 -40.758751 8.187569 -443.346700 -0.182298 0.812388 0.553889 0.982673 0.169721 0.074492 -0.033490 0.557872 -0.829251
-0.203226 -20.187189 -3.700476 -280.705295 -0.297921 0.557660 0.774764 0.506591 0.780263 -0.366818 -0.809079 0.283205 -0.514962
-1.882435 -17.434655 -71.985132 123.474667 -0.369690 0.333230 0.867345 0.196660 0.940391 -0.277471 -0.908105 0.067994 -0.413186
-2.072163 -14.923452 19.124840 -337.010674 -0.257223 0.621794 0.739735 0.411227 0.763154 -0.498486 -0.874487 0.175977 -0.452000
-0.412248 -21.992212 -80.962182 162.631577 -0.390696 0.387081 0.835180 0.311629 0.909336 -0.275671 -0.866166 0.152563 -0.475900
2.581952 -28.504917 94.743143 862.360334 -0.219211 0.731786 0.645318 -0.642070 -0.606203 0.469323 -0.734638 0.311458 -0.602745
1.110811 -29.100502 -68.998448 -12.571644 -0.364471 0.477238 0.799628 0.552852 0.801880 -0.226591 -0.749344 0.359490 -0.556103
3.095635 -30.580665 51.595289 -679.610473 -0.282704 0.617406 0.734090 0.730715 0.634405 -0.252162 -0.621397 0.465123 -0.630497
-9.315870 -12.335670 28.883063 271.982707 0.534178 0.815663 0.222141 -0.821941 0.562559 -0.089111 0.197652 0.134985 -0.970934
-6.960816 -12.515551 -70.918834 202.441388 0.515763 0.851205 0.097153 -0.837248 0.524830 -0.153522 0.181668 0.002160 -0.983358
-4.001498 -12.359536 -200.502906 -317.256804 0.415031 0.907323 -0.067184 0.909803 -0.413656 0.033885 0.002953 -0.075188 -0.997165
-4.222023 -9.475923 -137.221112 309.289405 0.369724 0.928003 -0.045997 -0.919072 0.372537 0.128545 -0.136426 0.005252 -0.990636
-3.185588 -9.907296 18.529378 3.249541 -0.258858 0.933846 -0.246827 0.965588 0.256831 -0.040957 0.025145 -0.248935 -0.968194
-3.081730 -10.390722 9.257645 -100.518598 -0.161659 0.963672 -0.212610 0.981347 0.134269 -0.137589 -0.104044 -0.230887 -0.967402
-3.059323 -9.971780 13.454911 1.871824 -0.223924 0.952738 -0.205300 0.973457 0.228868 0.000344 0.047314 -0.199774 -0.978699
-3.609595 -7.234119 -124.717140 85.940182 -0.225408 0.963551 -0.144087 -0.813807 -0.104904 0.571589 -0.535639 -0.246100 -0.807790
-3.661275 -7.789972 -139.678049 53.391905 -0.321149 0.940429 -0.111610 -0.848621 -0.233460 0.474698 -0.420363 -0.247163 -0.873044
-1.207163 -6.743343 -238.075842 52.559792 -0.126750 0.949642 -0.286555 -0.854161 0.042385 0.518279 -0.504325 -0.310456 -0.805775
-1.590412 -6.277441 -184.782345 66.251598 -0.081852 0.955529 -0.283310 -0.797394 0.107742 0.593763 -0.597882 -0.274510 -0.753114
1.643827 -6.252761 -199.304712 46.096091 -0.099159 0.951807 -0.290227 -0.868434 0.059611 0.492208 -0.485788 -0.300850 -0.820670
0.938156 -5.830889 -179.056502 29.505203 -0.055843 0.947778 -0.314005 -0.827888 0.131842 0.545177 -0.558106 -0.290405 -0.777292
0.602708 -5.382439 -10.044391 40.476274 0.094252 0.989018 0.113838 0.012812 -0.115543 0.993220 -0.995466 0.092154 0.023562
1.094539 -4.744563 -2.113614 36.149453 0.105134 0.990368 0.090099 0.093465 -0.100040 0.990584 -0.990056 0.095723 0.103083
1.282457 -4.223685 -5.529598 33.814645 0.100595 0.991310 0.084770 0.163015 -0.100473 0.981494 -0.981482 0.084914 0.171705
5.001105 -7.723162 -76.022482 15.715393 -0.127544 -0.963671 -0.234670 0.988615 -0.104477 -0.108278 0.079827 -0.245809 0.966026
6.367166 -7.516474 -53.908375 55.382108 -0.130193 -0.935812 -0.327576 0.987118 -0.091353 -0.131347 0.092991 -0.340457 0.935650
5.672448 -7.540840 -48.104729 21.502335 -0.136027 -0.942105 -0.306488 0.989162 -0.146412 0.011037 -0.055271 -0.301665 0.951810
0.803135 -7.328173 45.651019 14.956732 0.295152 0.942930 -0.154172 -0.425178 -0.014881 -0.904988 0.855634 -0.332659 -0.396521
0.589177 -7.489501 36.541584 5.679434 0.278999 0.942394 -0.184535 -0.313829 -0.092135 -0.944999 0.907563 -0.321566 -0.270045
0.438921 -7.084633 23.277529 16.719696 0.292553 0.943810 -0.153737 -0.387340 -0.030031 -0.921448 0.874289 -0.329121 -0.356790
1.507662 -7.749089 52.624097 -0.025258 0.299539 0.933036 -0.199299 -0.367930 -0.079768 -0.926426 0.880286 -0.350829 -0.319398
1.482136 -7.433287 54.616342 21.040059 0.319456 0.935813 -0.149006 -0.484157 0.026017 -0.874594 0.814580 -0.351537 -0.461392
1.590625 -11.912964 -22.926579 182.479143 0.184425 0.982208 0.035427 0.982126 -0.185550 0.031608 -0.037619 -0.028965 0.998872
-0.759705 -11.650409 80.796565 -107.132774 0.227610 0.972724 -0.044749 -0.651222 0.117893 -0.749674 0.723950 -0.199775 -0.660293
-0.401868 -13.896080 45.641113 -176.042272 0.223547 0.971235 -0.082036 -0.759539 0.120836 -0.639140 0.610842 -0.205187 -0.764703
-0.400486 -11.408939 57.312298 -123.837524 0.224619 0.972538 -0.060957 -0.635195 0.098693 -0.766020 0.738968 -0.210782 -0.639920
-0.887299 -9.512065 80.968973 -99.698388 0.235273 0.971852 -0.012260 -0.525544 0.116596 -0.842739 0.817588 -0.204717 -0.538183
-1.203505 -24.373903 -5.334427 -277.933199 0.356411 0.934223 -0.014058 0.913023 -0.351439 -0.207072 0.198392 -0.060968 0.978225
-1.641309 -25.562633 17.046982 -246.674165 0.302943 0.951797 -0.048032 0.904517 -0.303035 -0.300031 0.300124 -0.047447 0.952719
-0.853473 -22.534129 -17.989388 -304.305288 -0.322870 -0.945413 0.044152 0.946160 -0.321280 0.039512 -0.023170 0.054532 0.998243
-1.656247 -26.118726 4.530294 -90.214078 0.351561 0.935713 -0.029089 0.782468 -0.310760 -0.539603 0.513953 -0.166942 0.841417
-0.631622 -21.371712 -4.442898 -267.423491 0.360339 0.932717 -0.013920 0.927955 -0.356897 0.107348 -0.095157 0.051599 0.994124
-0.893322 -22.763360 -25.589925 -251.679625 0.394693 0.918807 0.003211 0.912064 -0.391369 -0.122350 0.111160 -0.051219 0.992482
-1.199270 -24.675538 -33.726543 -107.139576 0.402810 0.915227 0.010198 0.810930 -0.351696 -0.467657 0.424426 -0.196646 0.883851
0.193549 -14.982516 12.568667 -29.955652 0.239500 0.969711 -0.047965 0.809217 -0.172076 0.561746 -0.536477 0.173352 0.825918
0.476331 -17.317348 28.966164 -197.408371 0.222791 0.973335 -0.054615 0.911846 -0.188245 0.364830 -0.344821 0.131081 0.929471
2.226069 -19.679385 54.451625 -316.081269 0.317008 0.947966 -0.029423 0.918482 -0.299118 0.258687 -0.236426 0.109031 0.965513
-0.074933 -14.700895 -12.173832 -35.215006 0.241660 0.969651 -0.037105 0.726536 -0.155458 0.669311 -0.643230 0.188704 0.742055
-1.234954 -7.151478 -7.842643 32.325955 0.101226 0.949157 0.298086 -0.266769 -0.262756 0.927251 -0.958430 0.173382 -0.226608
-1.162073 -7.849834 28.070120 34.339411 0.132361 0.953878 0.269439 -0.369789 -0.204685 0.906289 -0.919640 0.219593 -0.325641
-0.982646 -7.485618 -18.854765 65.088759 0.082269 0.957809 0.275379 -0.246931 -0.248109 0.936732 -0.965535 0.145063 -0.216101
-0.584129 -7.491036 42.403942 7.595719 0.168298 0.959599 0.225491 -0.385646 -0.146424 0.910954 -0.907167 0.240271 -0.345423
-1.002485 -6.983617 24.864159 18.410183 0.151151 0.955243 0.254290 -0.266534 -0.208334 0.941040 -0.951900 0.210017 -0.223115
0.645854 -3.698538 44.911487 -55.479744 0.101246 0.989478 -0.103355 -0.779496 0.143452 0.609761 -0.618171 -0.018829 -0.785818
1.158292 -4.322663 10.457227 -44.845250 0.099769 0.985388 -0.138045 -0.739954 0.166231 0.651794 -0.665217 -0.037119 -0.745727
1.161331 -3.236093 4.155244 -61.829981 0.094413 0.985287 -0.142465 -0.800463 0.160216 0.577572 -0.591900 -0.059507 -0.803812
1.067900 -3.659606 -29.373707 -50.388665 0.066675 0.983342 -0.169096 -0.778774 0.157232 0.607279 -0.623751 -0.091197 -0.776285
-1.348506 -33.373198 8.244111 -657.983803 -0.489537 -0.789772 -0.369612 0.850793 -0.339734 -0.400914 0.191061 -0.510726 0.838245
-1.216533 -35.948376 3.818065 -455.705253 -0.506415 -0.783681 -0.359705 0.693452 -0.122193 -0.710065 0.512512 -0.609026 0.605326
-1.035640 -31.424580 -20.254015 28.345110 0.527031 0.776874 0.344537 0.539126 0.007760 -0.842189 0.656948 -0.629609 0.414743
-1.329819 -14.338606 -19.247007 -251.309589 0.496321 0.827123 0.263690 0.435183 -0.499865 0.748833 -0.751186 0.256908 0.608044
-1.241249 -13.995014 -20.502854 220.753450 0.457302 0.864928 0.206819 0.415814 -0.413531 0.809994 -0.786113 0.284414 0.548758
-0.897797 -14.301597 8.566788 172.050043 0.475457 0.848408 0.232689 0.381911 -0.437328 0.814180 -0.792518 0.298241 0.531947
-1.023770 -24.090155 -15.906931 764.702804 0.439712 0.866770 0.235294 0.279603 -0.381068 0.881254 -0.853508 0.321709 0.409912
-1.010653 -15.577968 6.686716 -173.526027 0.486131 0.831227 0.269702 0.433372 -0.497311 0.751579 -0.758858 0.248485 0.601988
-0.885811 -19.622507 25.988444 402.084131 0.460623 0.864105 0.202852 0.355251 -0.388918 0.850023 -0.813402 0.319477 0.486119
1.538250 -2.243544 -98.872977 7.488250 0.920677 -0.215370 -0.325529 0.344705 0.839891 0.419240 -0.183117 0.498196 -0.847507
0.313000 -1.824865 -84.394550 -14.225451 0.978335 0.063070 -0.197185 0.049777 0.852863 0.519757 -0.200953 0.518312 -0.831247
0.213467 -1.729066 -124.536633 12.077270 0.899036 -0.243756 -0.363756 0.385417 0.834787 0.393173 -0.207820 0.493674 -0.844450
1.942818 -2.707782 -94.508353 13.069867 0.838737 -0.381583 -0.388478 0.506806 0.807954 0.300597 -0.199170 0.449005 -0.871049
2.226332 -3.174870 2.192467 8.028692 0.914312 -0.303684 -0.267973 0.390815 0.835174 0.386973 -0.106287 0.458542 -0.882294
0.702180 -46.914719 30.265023 -1214.012789 0.378528 0.839865 0.389027 0.186917 -0.481004 0.856561 -0.906520 0.251517 0.339059
-0.496895 -35.665228 91.459678 -575.285487 0.394607 0.849873 0.349286 0.055214 -0.401379 0.914246 -0.917189 0.341483 0.205312
1.549149 -6.557829 33.607740 -5.131134 0.175478 0.983253 0.049194 0.801198 -0.171668 0.573247 -0.572092 0.061178 0.817905
-0.435891 -6.082527 32.098824 8.738046 -0.064838 0.994552 0.081627 0.704463 -0.012316 0.709634 -0.706773 -0.103514 0.699826
-0.312732 -5.630021 11.303562 36.889232 -0.076420 0.992636 0.093994 0.785633 0.001899 0.618690 -0.613955 -0.121124 0.779992
1.442009 0.338250 -62.429451 207.192268 -0.515376 0.856249 0.034997 0.855985 0.516309 -0.026719 0.040948 -0.016187 0.999030
3.945253 1.343143 363.710223 11.935795 0.977033 -0.208032 -0.046141 0.207160 0.978037 -0.022996 0.049911 0.012909 0.998670
2.894927 1.161557 255.822346 -63.173610 0.951614 -0.307013 -0.013199 -0.305585 -0.949966 0.064666 0.032392 0.057504 0.997820
1.684905 0.048842 30.910986 159.732055 0.566947 -0.822175 0.050992 0.823723 0.566378 -0.026384 -0.007189 0.056962 0.998350
-0.275404 -4.147232 60.323572 26.322979 0.988180 0.111040 0.105692 -0.104731 0.992471 -0.063501 -0.111947 0.051681 0.992369
0.133311 -4.757456 83.460582 21.260684 0.985239 0.138815 0.100173 -0.142514 0.989316 0.030732 -0.094837 -0.044554 0.994495
0.949986 -4.456595 51.724644 14.960125 0.992455 0.049220 0.112294 -0.051012 0.998612 0.013138 -0.111491 -0.018767 0.993588
0.633496 -3.891289 24.027997 18.173686 0.990458 0.012232 0.137273 -0.003632 0.998024 -0.062729 -0.137769 0.061632 0.988545
0.066473 -3.643111 46.663426 33.604356 0.988420 0.093759 0.119309 -0.076849 0.987278 -0.139199 -0.130842 0.128419 0.983051
-6.821392 -10.310553 -80.554201 11.720720 -0.303724 0.940736 0.150886 -0.400540 0.017619 -0.916110 0.864476 0.338681 -0.371451
-6.838965 -10.483973 -31.367001 33.301787 -0.258370 0.963158 0.074647 -0.317375 -0.011647 -0.948229 0.912424 0.268685 -0.308691
-7.138701 -10.444675 -15.722128 -11.462832 -0.237555 0.964260 0.117343 -0.492900 -0.015565 -0.869947 0.837029 0.264499 -0.478982
-8.008408 -10.114657 93.120957 40.237199 -0.214119 0.975714 0.046218 -0.375460 -0.038529 -0.926038 0.901767 0.215635 -0.374591
-0.087454 -26.461391 120.298748 -726.641536 0.052978 0.144058 -0.988150 0.922579 0.371627 0.103640 0.382154 -0.917137 -0.113217
-0.369456 -25.288505 117.049203 -241.685548 0.036556 0.155038 -0.987232 0.758102 0.639355 0.128478 0.651111 -0.753119 -0.094162
-0.996524 -8.435356 13.545765 6.568013 0.103841 0.984611 0.140566 -0.883343 0.026350 0.467986 -0.457080 0.172764 -0.872485
-0.902311 -8.881875 -4.577852 -20.050689 0.096110 0.988818 0.114023 -0.828481 0.015975 0.559789 -0.551708 0.148267 -0.820753
-0.782377 -8.635801 5.342191 -25.996388 0.073231 0.985342 0.154073 -0.845165 -0.020702 0.534105 -0.529466 0.169330 -0.831260
-1.647292 -5.180921 91.966036 228.330158 0.082355 -0.960109 -0.267225 0.982827 0.122672 -0.137853 0.165135 -0.251283 0.953723
0.248902 -4.220752 173.174968 183.865412 -0.200892 -0.950033 -0.238915 0.962451 -0.145960 -0.228877 0.182568 -0.275924 0.943682
-2.431038 -3.585249 -77.190179 185.075183 -0.023039 0.967151 0.253158 0.969577 0.083344 -0.230163 0.243702 -0.240153 0.939647
-2.977313 -5.481783 -37.781475 -0.071170 -0.467086 0.832156 0.298909 0.844961 0.519676 -0.126401 0.260522 -0.193527 0.945873
-2.898045 -5.816324 31.936461 177.491929 0.185919 -0.958291 -0.217052 0.972552 0.210934 -0.098228 0.139915 -0.192832 0.971205
-11.440274 -30.553478 -233.168660 1373.355164 0.122260 0.963847 0.236753 0.557396 0.130690 -0.819896 0.821196 -0.232206 0.521266
-2.940405 -12.118118 -58.005803 472.498787 -0.158276 0.921187 0.355475 0.655061 0.367341 -0.660269 0.738812 -0.128353 0.661575
-3.559106 -12.043941 -118.773728 547.531209 0.135962 0.967662 0.212472 0.622517 0.083393 -0.778150 0.770705 -0.238066 0.591048
-5.826065 -22.694193 -219.435217 1049.236999 0.133663 0.972344 0.191525 0.609492 0.071734 -0.789540 0.781444 -0.222265 0.583047
-1.890035 -3.966963 6.098524 25.552494 0.987657 -0.122891 -0.097115 -0.094797 -0.962559 0.253956 0.124687 0.241615 0.962328
-2.775991 -3.767954 6.615969 10.105665 0.994464 0.024609 -0.102155 0.054775 -0.951058 0.304119 0.089671 0.308031 0.947141
-2.364066 -4.299847 21.579461 21.756954 -0.643945 -0.713032 0.277346 0.762697 -0.626824 0.159329 0.060240 0.314130 0.947467
-2.387418 -2.924141 -27.616568 -14.992383 0.534409 -0.806464 0.253028 0.839124 0.542127 -0.044382 -0.101381 0.236040 0.966440
-1.882639 -2.376484 -32.434658 -15.781755 0.469190 -0.832556 0.294467 0.877127 0.478056 -0.045950 -0.102516 0.279844 0.954556
1.401558 -2.629562 36.834258 29.759901 -0.428827 0.900668 -0.070035 -0.793465 -0.412577 -0.447431 0.431881 0.136300 -0.891572
1.170371 -2.711543 14.036356 35.831485 -0.366576 0.928472 -0.059688 -0.802513 -0.348001 -0.484632 0.470738 0.129754 -0.872680
0.904051 -3.348928 22.918359 64.715756 -0.280284 0.959725 0.019195 -0.844119 -0.236902 -0.480979 0.457060 0.151014 -0.876522
0.860816 -3.417421 36.331683 54.709821 -0.325344 0.945509 0.012832 -0.843516 -0.284063 -0.455839 0.427355 0.159128 -0.889970
0.298436 -8.388113 5.698386 69.212402 0.081631 0.993644 0.077510 0.551962 0.019683 -0.833637 0.829864 -0.110834 0.546847
0.116470 -9.046476 -0.641518 18.140821 0.057091 0.991787 0.114451 0.695971 0.042655 -0.716802 0.715797 -0.120578 0.687819
-0.042932 -9.072600 1.097084 38.755833 0.072228 0.991543 0.107817 0.715947 0.023719 -0.697751 0.694408 -0.127589 0.708180
3.535915 -16.715635 -7.448105 -216.609184 -0.001366 0.939518 -0.342498 -0.312029 0.324998 0.892757 -0.950072 -0.108089 -0.292713
3.889284 -17.977568 -31.377679 -103.627774 -0.052907 0.936126 -0.347662 -0.062142 0.344389 0.936768 -0.996664 -0.071166 -0.039952
2.748139 -13.334768 -27.144076 -198.156747 -0.032922 0.937212 -0.347202 -0.527921 0.278667 0.802274 -0.848655 -0.209708 -0.485600
-0.060847 -20.500382 -20.390309 124.583902 0.209357 0.977191 0.035592 0.856112 -0.165586 -0.489544 0.472484 -0.132961 0.871252
2.635535 -4.929848 -70.385155 -13.584162 0.236014 0.952239 -0.193746 -0.510976 -0.047977 -0.858255 0.826559 -0.301560 -0.475249
2.930704 -4.361403 23.015157 -5.485424 0.176565 0.975895 -0.128274 -0.479836 -0.028446 -0.876897 0.859408 -0.216380 -0.463247
2.519854 -4.194999 4.738750 -2.330702 0.168546 0.974463 -0.148368 -0.406572 -0.068392 -0.911055 0.897937 -0.213877 -0.384662
1.736765 -2.615856 -94.277547 -1.247719 -0.805756 0.408590 -0.428731 -0.000345 0.723582 0.690238 0.592247 0.556312 -0.582890
0.608257 -2.612147 -81.876134 16.667928 -0.794169 0.468981 -0.386460 0.069199 0.701596 0.709207 0.603744 0.536487 -0.589640
1.424885 -2.496635 -8.969914 18.864881 -0.798569 0.517207 -0.307871 0.104680 0.623041 0.775153 0.592731 0.586785 -0.551682
1.948207 -2.958098 67.790336 -5.895251 0.819905 -0.447174 0.357478 0.023794 0.650495 0.759138 0.572004 0.613916 -0.543984
2.546784 -3.122257 47.956166 -36.581564 0.841552 -0.377858 0.386024 -0.000843 0.713705 0.700445 0.540176 0.589787 -0.600301
2.617722 -2.949761 -84.105858 -16.623259 -0.824258 0.281541 -0.491258 -0.098151 0.783437 0.613671 0.557643 0.554040 -0.618121
-2.040439 -15.719943 -86.651287 -452.356748 -0.191492 0.981265 0.021233 -0.342345 -0.087051 0.935533 -0.919854 -0.171878 -0.352600
-2.343213 -11.224208 -64.516767 -275.487187 -0.146406 0.989213 0.004868 -0.464112 -0.073034 0.882761 -0.873593 -0.126982 -0.469798
-1.382059 -11.684420 -77.527087 -275.579221 -0.207536 0.978027 0.019808 -0.457726 -0.114984 0.881626 -0.864532 -0.173902 -0.471532
-1.346887 -17.399791 -99.377636 -422.743534 -0.235117 0.971684 0.023448 -0.276903 -0.090088 0.956666 -0.931689 -0.218435 -0.290243
