15779
31525
-6.215364 -8.915938 -13.645522 224.546792 -0.037875 0.976234 0.213382 -0.894568 0.062037 -0.442605 0.445324 0.207649 -0.870959
-7.869719 -11.190204 -6.052232 247.728983 0.077170 0.919155 0.386262 -0.821900 0.277952 -0.497216 0.564381 0.279098 -0.776903
-5.509868 -13.623071 -109.663215 365.719767 0.169566 0.934673 0.312464 -0.812754 0.311944 -0.492060 0.557386 0.170519 -0.812554
-6.502446 -9.291809 23.323206 88.713558 -0.542976 0.839480 -0.021223 -0.653730 -0.438426 -0.616782 0.527081 0.321024 -0.786848
-3.911538 -11.830275 -138.458265 400.010379 0.156824 0.967348 0.199109 -0.873580 0.229913 -0.428949 0.460721 0.106668 -0.881112
-3.848664 -9.001572 -93.690688 307.949331 0.116361 0.981008 0.155186 -0.926238 0.163584 -0.339593 0.358530 0.104224 -0.927682
-4.509761 -6.257565 -23.911859 103.963895 -0.432030 0.900547 -0.048643 -0.819586 -0.414553 -0.395506 0.376336 0.131003 -0.917175
-5.225960 -7.249130 4.911913 87.418781 -0.679930 0.718687 -0.145546 -0.596571 -0.657578 -0.460102 0.426377 0.226009 -0.875856
17.457483 -15.349224 393.490513 318.071951 0.484028 0.456147 0.746758 0.829565 -0.510760 -0.225711 0.278457 0.728735 -0.625626
15.599685 -16.291788 355.535172 29.725706 0.500333 0.469903 0.727226 0.865484 -0.295302 -0.404642 0.024609 0.831858 -0.554443
19.371719 -14.830469 97.840384 139.343058 0.542495 0.628758 0.557102 0.839811 -0.422027 -0.341482 0.020403 0.653113 -0.756986
-5.330841 -9.900118 1.461014 21.956497 -0.251849 0.967683 -0.012690 -0.178873 -0.033658 0.983296 -0.951092 -0.249913 -0.181569
-5.203251 -10.039680 8.080629 -6.977753 -0.264218 0.962772 -0.057082 -0.324984 -0.033150 0.945138 -0.908061 -0.268273 -0.321645
-5.200156 -10.205984 5.997248 23.348436 -0.339374 0.940524 -0.015490 -0.168653 -0.044639 0.984664 -0.925409 -0.336782 -0.173772
-5.205198 -9.763995 -12.634469 -3.400823 -0.176230 0.982340 -0.062855 -0.339956 -0.000813 0.940441 -0.923782 -0.187102 -0.334096
-5.369664 -9.596287 1.093883 35.247033 -0.275646 0.960916 0.025676 -0.022648 -0.033195 0.999192 -0.960992 -0.274842 -0.030913
-5.477239 -9.369932 -10.883468 33.015764 -0.181765 0.983183 0.017656 -0.030332 -0.023553 0.999262 -0.982874 -0.181096 -0.034103
-5.309383 -9.497956 -25.077455 25.423152 -0.165754 0.985553 -0.034792 -0.189976 0.002708 0.981785 -0.967696 -0.169344 -0.186783
-4.948246 -13.028454 10.207971 -102.855062 0.418534 0.794387 0.440202 -0.557580 0.607351 -0.565889 0.716892 0.008604 -0.697132
-4.826826 -14.125840 -0.623785 -54.443392 0.385846 0.829154 0.404507 -0.723719 0.543957 -0.424667 0.572149 0.128893 -0.809958
-4.899664 -13.019265 13.219669 -127.029170 0.338904 0.798596 0.497381 -0.601165 0.590480 -0.538455 0.723702 0.116523 -0.680204
-5.075622 -10.978668 25.348595 -140.763800 0.416400 0.719530 0.555776 -0.390310 0.693569 -0.605492 0.821138 -0.035202 -0.569642
-4.982403 -10.565464 40.915115 -170.478285 0.342567 0.747669 0.568892 -0.406162 0.663880 -0.627930 0.847160 0.015955 -0.531099
-5.065126 -10.981492 -7.003846 -189.701812 0.276758 0.791222 0.545319 -0.467380 0.606674 -0.643041 0.839620 0.076905 -0.537703
-5.375075 -13.449291 -36.737850 -141.242664 0.287204 0.782334 0.552691 -0.628839 0.589244 -0.507300 0.722548 0.201856 -0.661195
-4.956983 -14.354839 -4.584325 -39.434551 0.319568 0.794833 0.515866 -0.764586 0.537877 -0.355102 0.559719 0.280945 -0.779606
-2.864358 -11.518747 -50.777035 25.286833 -0.238699 0.970800 0.023890 -0.924614 -0.234725 0.299987 -0.296835 -0.049518 -0.953644
-2.347279 -11.019186 -70.884584 87.440956 -0.148011 0.988892 -0.013626 -0.900841 -0.129121 0.414503 -0.408139 -0.073626 -0.909946
-2.086642 -12.037551 15.459779 90.320978 -0.140049 0.989838 0.024652 -0.898184 -0.137481 0.417569 -0.416715 -0.036338 -0.908311
-2.180639 -10.518661 -82.641880 124.529699 -0.089398 0.995204 -0.039704 -0.854133 -0.056099 0.517021 -0.512314 -0.080133 -0.855052
-1.988730 -10.738003 -21.852344 169.412075 -0.062792 0.997912 -0.015122 -0.829612 -0.043767 0.556622 -0.554798 -0.047497 -0.830628
-0.090719 -9.802172 178.948690 102.534100 0.115514 0.990491 -0.074730 -0.841346 0.137557 0.522700 -0.528009 -0.002495 -0.849235
3.179944 -7.201787 7.112056 -78.350143 0.759310 -0.634997 -0.142223 -0.268461 -0.106590 -0.957375 -0.592771 -0.765126 0.251406
3.865114 -3.962014 10.841796 -103.717736 0.680283 -0.604980 -0.413780 -0.553099 -0.053298 -0.831409 -0.480932 -0.794455 0.370871
1.470218 -7.372688 82.994563 -92.443566 0.787570 -0.571261 -0.231074 -0.297225 -0.023670 -0.954514 -0.539807 -0.820427 0.188435
5.965521 -4.532427 -92.684876 -39.801330 0.637418 -0.703121 -0.315151 -0.522799 -0.094201 -0.847235 -0.566021 -0.704803 0.427636
1.586523 -8.708876 54.688851 -56.732604 0.788686 -0.603037 -0.119665 -0.111633 0.050937 -0.992443 -0.604576 -0.796085 0.027146
2.965482 -8.730447 12.199744 -47.897632 0.750602 -0.658518 -0.054327 -0.089881 -0.020302 -0.995746 -0.654613 -0.752291 0.074427
4.023455 -7.476547 -48.770215 -50.050589 0.685377 -0.722156 -0.093534 -0.278059 -0.140830 -0.950184 -0.673009 -0.677242 0.297324
-0.587953 -8.708469 10.324570 21.103242 0.573144 -0.791601 -0.211834 0.758306 0.414362 0.503265 -0.310609 -0.449079 0.837765
-0.308157 -8.871712 9.205011 24.974178 0.589760 -0.781399 -0.203958 0.740004 0.421761 0.523938 -0.323383 -0.459928 0.826976
-0.452666 -8.251587 14.541090 15.660195 0.564740 -0.795507 -0.219632 0.804648 0.471649 0.360678 -0.183333 -0.380415 0.906462
-0.680108 -8.015115 16.080191 20.250876 0.544283 -0.810264 -0.217322 0.821962 0.463292 0.331267 -0.167730 -0.358933 0.918168
-0.833348 -8.518326 14.072157 24.438700 0.558695 -0.803090 -0.207141 0.772662 0.413228 0.481908 -0.301419 -0.429290 0.851386
11.585977 -10.540086 323.114523 12.507995 0.693976 0.719768 0.018211 0.435832 -0.440079 0.785100 -0.573103 0.536904 0.619102
6.304911 -11.138051 208.754118 -2.846133 0.731337 0.678999 -0.064084 0.536810 -0.515125 0.668193 -0.420691 0.523075 0.741223
12.717602 -11.256255 333.155722 6.986379 0.673926 0.738461 0.022357 0.533280 -0.507174 0.677043 -0.511309 0.444354 0.735604
1.664399 -15.994454 -38.609534 276.079312 0.388295 0.921530 0.002985 0.839039 -0.352194 -0.414695 0.381103 -0.163529 0.909955
1.757483 -15.469688 -41.158184 108.485174 0.349103 0.936698 -0.026892 0.907473 -0.345090 -0.239596 0.233710 -0.059240 0.970500
2.523798 -14.659806 -47.650605 171.411346 0.308849 0.950824 -0.023363 0.869751 -0.292285 -0.397622 0.384897 -0.102485 0.917252
-0.991722 -5.139657 -25.792149 -28.485352 -0.230302 0.508074 0.829953 0.800760 0.583564 -0.135040 -0.552941 0.633493 -0.541242
-1.022279 -5.560861 -78.665167 74.783749 -0.188435 0.559917 0.806836 0.785886 0.578659 -0.218028 -0.588961 0.592997 -0.549071
-1.954445 -5.622719 -74.600125 19.574651 -0.240826 0.507352 0.827404 0.802437 0.583643 -0.124322 -0.545983 0.634000 -0.547674
0.664223 -4.634029 -19.103560 -157.191431 0.244847 0.938213 0.244553 0.125017 0.219575 -0.967552 0.961468 -0.267476 0.063531
0.734898 -6.316995 -24.877450 -86.053990 0.260206 0.957030 0.128007 -0.020947 0.138137 -0.990192 0.965326 -0.254972 -0.055991
0.241715 -4.419195 -67.801163 -126.051873 0.287416 0.942198 0.172207 0.077103 0.156450 -0.984672 0.954698 -0.296288 0.027680
0.578280 -2.871909 -66.097453 -135.463581 0.280320 0.921850 0.267607 0.176448 0.224549 -0.958355 0.943550 -0.315865 0.099713
1.021871 -2.587872 -5.569660 -194.968786 0.231831 0.931218 0.281225 0.216394 0.232488 -0.948221 0.948382 -0.280682 0.147612
1.069684 -3.825237 76.087496 -52.342652 0.313181 0.941115 0.127360 -0.639741 0.308176 -0.704101 0.701890 -0.139034 -0.698585
1.594056 -4.084879 0.177970 -49.235546 0.357606 0.924782 0.129985 -0.641373 0.344379 -0.685597 0.678792 -0.161805 -0.716282
1.791811 -3.089368 -5.103248 -59.035527 0.351433 0.928304 0.121431 -0.592042 0.320839 -0.739290 0.725246 -0.187919 -0.662348
0.136752 -18.278370 15.885466 277.708356 0.461723 -0.860764 -0.214237 0.874288 0.482402 -0.053939 0.149777 -0.162400 0.975291
-0.155644 -20.837886 34.773862 297.742593 0.469647 -0.852223 -0.230540 0.882834 0.451555 0.129238 -0.006038 -0.264225 0.964442
0.290935 -21.884891 39.692780 197.273902 0.477435 -0.849718 -0.223686 0.874064 0.485311 0.022047 0.089823 -0.206042 0.974412
0.507136 -18.753856 -34.793687 163.092838 -0.462248 0.860236 0.215224 0.856668 0.495896 -0.142153 0.229013 -0.118665 0.966163
0.323940 -17.024192 -15.806573 90.990952 -0.443899 0.871823 0.207071 0.854438 0.481440 -0.195322 0.269978 -0.090226 0.958630
1.797000 -20.471109 -33.768391 -64.644231 0.216219 0.935531 0.279339 0.617413 -0.352652 0.703163 -0.756340 -0.020430 0.653859
1.545025 -19.802926 -19.812569 -194.432724 0.232756 0.927753 0.291717 0.462350 -0.369449 0.806064 -0.855603 0.052741 0.514938
2.039784 -19.319963 -30.657260 -77.655502 0.227507 0.940759 0.251423 0.578049 -0.338254 0.742593 -0.783646 0.023611 0.620759
1.186249 -21.021031 -22.767293 -221.607455 0.213950 0.927262 0.307265 0.494117 -0.374069 0.784807 -0.842659 0.016085 0.538207
2.318923 -19.810271 -42.268907 2.103598 0.215125 0.945557 0.244221 0.706744 -0.323321 0.629266 -0.673969 -0.037231 0.737821
1.951390 -20.565405 -44.115187 156.239103 0.201524 0.941200 0.271166 0.756891 -0.325359 0.566796 -0.621695 -0.091020 0.777953
1.219484 -21.617212 -28.081230 14.863190 0.200725 0.933541 0.297003 0.661064 -0.352817 0.662204 -0.722983 -0.063417 0.687950
3.900313 -6.876932 20.898286 -45.781689 0.003815 0.990515 0.137354 0.179204 0.134455 -0.974581 0.983805 -0.028332 0.176991
3.588389 -6.446477 -6.147036 -41.555564 0.019408 0.991943 0.125191 0.231594 0.117349 -0.965709 0.972619 -0.047736 0.227450
2.581235 -6.458412 85.774544 -9.377928 -0.076636 0.980351 0.181763 0.231159 0.194802 -0.953214 0.969893 0.031035 0.241546
8.193892 -13.668418 286.046027 71.008632 0.187755 0.852228 0.488319 -0.038629 -0.490369 0.870658 -0.981456 0.182334 0.059149
7.413495 -18.307013 480.283500 29.112420 0.307283 0.909875 0.278755 0.108838 -0.324608 0.939566 -0.945374 0.258374 0.198776
25.412643 -11.663180 2153.459021 -63.867655 0.307532 0.694262 0.650710 -0.127600 0.707764 -0.694830 -0.942943 0.130652 0.306248
-13.986947 -21.960996 -336.520432 388.775576 0.723363 0.192583 0.663067 0.563491 -0.719631 -0.405721 -0.399028 -0.667116 0.629073
6.643008 -79.510406 563.972215 -3800.540362 -0.065954 -0.724897 -0.685692 0.969776 -0.208350 0.126983 -0.234913 -0.656593 0.716730
-23.189894 -105.911947 -1598.403146 6685.864040 0.770819 -0.520560 -0.367227 -0.606820 -0.424494 -0.671993 -0.193927 -0.740826 0.643094
-11.032803 -59.290892 -13.256781 2669.678194 0.940900 -0.294634 0.167025 -0.142442 -0.791675 -0.594105 -0.307273 -0.535202 0.786856
-1.888495 -180.115750 -31.845137 9166.441858 0.887828 -0.310847 0.339316 -0.049953 -0.798108 -0.600441 -0.457456 -0.516138 0.724110
0.746097 -2.761936 6.000436 262.220067 0.149054 0.988828 -0.001532 0.125558 -0.017390 0.991934 -0.980825 0.148044 0.126748
0.600255 -6.063230 9.809680 89.947692 0.153544 0.988093 0.009821 0.011183 -0.011676 0.999869 -0.988079 0.153414 0.012843
0.660950 -2.954368 5.441922 251.934088 0.153909 0.986355 -0.058437 0.128159 0.038715 0.990998 -0.979738 0.160013 0.120452
2.965123 0.799781 458.987038 11.433525 0.166458 -0.173116 0.970733 0.187675 0.972034 0.141166 -0.968024 0.158684 0.194292
2.570606 0.630520 398.176304 28.739735 0.124334 -0.316277 0.940484 0.221079 0.932843 0.284480 -0.967298 0.172550 0.185906
0.598920 -3.144342 -4.756155 221.930000 0.152972 0.980166 -0.125996 0.124370 0.107388 0.986408 -0.980373 0.166563 0.105476
-2.393448 -6.842011 27.806303 -52.457825 0.048649 0.409189 0.911152 0.894122 0.388742 -0.222319 -0.445173 0.825496 -0.346953
-2.973120 -6.194462 -0.886815 -13.258377 -0.016446 0.396833 0.917744 0.832867 0.513296 -0.207025 -0.553229 0.760954 -0.338951
-2.860192 -6.227881 8.665990 -20.844630 0.150412 0.427840 0.891251 0.831326 0.433162 -0.348236 -0.535046 0.793299 -0.290522
-2.241569 -7.520779 -0.951094 -84.663497 0.103807 0.421647 0.900799 0.905739 0.334118 -0.260771 -0.410927 0.842959 -0.347218
-1.401208 -9.030933 33.321372 -115.436980 -0.009080 0.401162 0.915962 0.957040 0.268967 -0.108312 -0.289814 0.875629 -0.386371
-2.344573 -5.228959 69.999005 -56.242573 -0.179496 0.955130 -0.235600 -0.150043 -0.263268 -0.952983 0.972249 0.135706 -0.190566
-2.753154 -6.677868 102.714697 -80.968710 -0.199680 0.913181 -0.355286 -0.225914 -0.395724 -0.890149 0.953463 0.097481 -0.285319
-1.826809 -5.542044 26.829779 -72.837266 -0.199932 0.921296 -0.333528 -0.171563 -0.368059 -0.913837 0.964673 0.125484 -0.231647
-1.413150 -5.218404 17.551587 -71.514047 -0.226281 0.912723 -0.340196 -0.157776 -0.378987 -0.911853 0.961199 0.152660 -0.229764
-1.670490 -4.619346 39.718223 -55.866542 -0.207490 0.943392 -0.258764 -0.127359 -0.288321 -0.949026 0.969911 0.163957 -0.179973
-0.030916 -4.553569 15.052347 39.635980 0.186879 0.981402 0.043894 -0.223455 -0.001044 0.974714 -0.956632 0.191962 -0.219104
0.268312 -4.017550 11.104716 29.175891 0.199716 0.979418 -0.029222 -0.142101 0.058458 0.988125 -0.969495 0.193192 -0.150851
0.049461 -4.939803 14.858267 38.914961 0.161909 0.980891 0.107880 -0.227941 -0.069191 0.971213 -0.960119 0.181838 -0.212383
-0.206103 -5.537172 19.648763 47.305210 0.145413 0.976105 0.161476 -0.312772 -0.109488 0.943497 -0.938631 0.187702 -0.289377
0.203519 -5.488698 -3.166756 36.664125 0.140481 0.981856 0.127371 -0.228280 -0.093060 0.969138 -0.963407 0.165222 -0.211065
0.146242 -5.937789 4.246267 52.937157 0.125114 0.974251 0.187569 -0.316679 -0.139951 0.938151 -0.940245 0.176775 -0.291015
-8.186558 -14.613236 -766.064658 249.707140 0.606708 0.490650 -0.625434 0.180246 0.681380 0.709389 0.774220 -0.543124 0.324961
-8.581940 -12.150942 -676.900819 -128.050987 0.523907 0.174658 -0.833676 0.283136 0.887386 0.363842 0.803340 -0.426663 0.415455
-6.349238 -12.191764 -320.635789 131.027204 0.592285 0.468422 -0.655575 0.175300 0.719237 0.672286 0.786428 -0.513107 0.343879
2.756915 -18.356447 10.083776 177.849292 0.321422 0.929189 -0.182469 0.944510 -0.300805 0.131975 0.067742 -0.214764 -0.974314
2.716058 -17.396474 14.683462 235.177951 0.280496 0.950129 -0.136294 0.956630 -0.265091 0.120771 0.078618 -0.164259 -0.983279
2.316691 -21.744818 6.697154 479.469130 0.324700 0.931148 -0.165932 0.942010 -0.334102 -0.031502 -0.084771 -0.146081 -0.985634
3.798069 -35.248531 -48.985894 -1023.206824 0.282159 0.928624 -0.240920 0.532799 -0.360517 -0.765606 0.797817 -0.087661 0.596493
3.384820 -29.102953 -45.260414 -1212.678064 0.336258 0.915856 -0.219403 0.559655 -0.381697 -0.735590 0.757441 -0.124558 0.640913
2.969309 -24.616243 -15.610673 -733.850423 0.278440 0.936073 -0.215029 0.714039 -0.351483 -0.605482 0.642355 -0.015052 0.766259
4.011964 -37.434584 -57.163786 -706.921055 0.343670 0.905989 -0.247134 0.212435 -0.331344 -0.919284 0.914747 -0.263430 0.306337
3.817109 -34.211408 -28.564067 -625.165591 0.275555 0.925679 -0.259206 0.319541 -0.342516 -0.883502 0.906622 -0.160627 0.390175
4.718717 -34.891476 133.651396 1096.988334 -0.589911 0.806480 0.039935 -0.423728 -0.267083 -0.865518 0.687357 0.527500 -0.499283
4.476883 -36.619407 103.034331 937.134880 -0.635385 0.772138 -0.009460 -0.139584 -0.126895 -0.982046 0.759475 0.622657 -0.188406
2.887741 -32.098087 46.486885 1158.116756 -0.623246 0.781909 0.013524 -0.433017 -0.330647 -0.838552 0.651199 0.528480 -0.544654
5.963960 -37.702083 182.407814 616.571502 -0.589182 0.807990 -0.004211 -0.085430 -0.067476 -0.994057 0.803472 0.585320 -0.108782
7.314200 -54.960828 194.660659 1982.397717 -0.545628 0.837831 0.018138 -0.392271 -0.236217 -0.889002 0.740549 0.492179 -0.457544
3.548197 -5.699862 199.528327 -72.078782 -0.568538 0.777076 0.270033 -0.180728 0.202245 -0.962515 0.802560 0.596029 -0.025456
3.672818 -7.123101 239.663028 -100.011678 -0.613766 0.773006 0.160477 -0.231383 0.018214 -0.972692 0.754820 0.634137 -0.167681
5.973315 -4.455898 230.013925 -37.090739 -0.504993 0.807157 0.305744 -0.239083 0.209557 -0.948117 0.829350 0.551890 -0.087152
-8.565997 -13.737124 -34.394739 -339.659801 0.157798 0.829443 -0.535840 0.592833 -0.513541 -0.620343 0.789714 0.219775 0.572757
-8.976165 -10.866497 130.850867 -181.325563 -0.057022 0.935434 -0.348871 0.706513 -0.209088 -0.676108 0.705400 0.285035 0.648973
-7.424863 -13.984250 -83.333303 -346.671995 0.258081 0.838620 -0.479699 0.651887 -0.517614 -0.554183 0.713048 0.169685 0.680272
-5.516253 -12.030969 -295.377152 -51.581431 0.211589 0.924030 -0.318432 0.508458 -0.382318 -0.771559 0.834686 -0.001344 0.550724
14.273824 -16.786283 -158.417614 81.022151 -0.498578 -0.719993 0.482732 0.840125 -0.264149 0.473725 -0.213565 0.641744 0.736583
13.820936 -16.786130 -154.500040 180.023913 -0.535382 -0.648878 0.540669 0.844564 -0.417971 0.334683 0.008816 0.635813 0.771793
14.267345 -14.873015 -15.056850 155.414262 -0.515380 -0.760963 0.394105 0.849170 -0.391608 0.354337 -0.115303 0.517280 0.848014
13.633125 -13.981120 59.373819 2.553742 -0.395017 -0.878089 0.270038 0.843582 -0.230310 0.485106 -0.363774 0.419424 0.831716
-1.103449 -5.752423 124.739869 8.863764 0.424373 0.892493 -0.152853 0.849317 -0.450865 -0.274556 0.313955 0.013307 0.949345
-2.388436 -5.704428 126.044393 10.272692 0.418368 0.899042 -0.129195 0.849791 -0.437666 -0.293776 0.320661 -0.013118 0.947103
-1.020191 -5.366437 111.884158 24.554487 0.423276 0.893452 -0.150268 0.808608 -0.447351 -0.382139 0.408645 -0.040242 0.911806
0.140798 -5.431301 67.237748 21.725851 0.423749 0.894654 -0.141528 0.817314 -0.445016 -0.366004 0.390429 -0.039421 0.919789
0.037684 -4.934260 20.063236 -51.878840 0.143608 0.953758 0.264051 0.242681 -0.292609 0.924925 -0.959418 0.068746 0.273480
0.171643 -5.115437 29.260921 -50.314067 0.139360 0.960831 0.239549 0.261234 -0.269012 0.927033 -0.955163 0.066613 0.288491
0.236413 -4.357206 9.914535 -21.861157 0.141715 0.953017 0.267723 0.176491 -0.290444 0.940475 -0.974047 0.086029 0.209359
0.071567 -4.402170 -19.039969 -15.028148 0.129667 0.956606 0.260944 0.176546 -0.281234 0.943260 -0.975714 0.076241 0.205352
0.214501 -4.194655 15.174143 3.225069 0.148544 0.955451 0.255046 0.112257 -0.272532 0.955576 -0.982514 0.113314 0.147739
0.039323 -4.372240 -16.449123 17.916459 0.131118 0.967855 0.214627 0.123437 -0.230750 0.965152 -0.983652 0.100056 0.149725
-0.738904 -11.178081 -12.639873 -67.852850 -0.079046 0.996626 -0.022088 -0.191967 0.006524 0.981380 -0.978213 -0.081814 -0.190803
-0.891627 -10.961391 9.475268 -44.257337 -0.042868 0.998382 -0.037366 -0.204245 0.027853 0.978524 -0.977981 -0.049579 -0.202720
-0.558975 -10.758075 -9.624240 -64.415181 -0.078950 0.996185 -0.037180 -0.366055 0.005721 0.930576 -0.927238 -0.087079 -0.364207
-0.094728 -10.691724 -38.731781 -84.526768 -0.113524 0.993272 -0.022858 -0.341685 -0.017428 0.939653 -0.932933 -0.114484 -0.341365
-1.671225 -12.553950 13.151596 6.916461 0.514605 0.853243 0.084602 0.779260 -0.506570 0.368973 -0.357681 0.123948 0.925582
-1.948695 -12.544466 2.646553 -6.819575 0.479630 0.868909 0.122279 0.791913 -0.488660 0.366177 -0.377928 0.078795 0.922476
-1.542698 -12.649036 11.372442 -26.881473 0.512878 0.854291 0.084515 0.839840 -0.519710 0.156751 -0.177834 0.009415 0.984015
-1.066118 -12.492967 23.118792 -17.374266 0.537322 0.842094 0.046498 0.826498 -0.536743 0.169729 -0.167885 0.052769 0.984393
-0.850695 -13.371694 -19.044280 -75.333030 -0.547172 -0.835633 -0.048176 0.836523 -0.543955 -0.065901 0.028864 -0.076360 0.996662
-1.287922 -13.765451 -11.078089 -82.568421 -0.518005 -0.851188 -0.084560 0.855060 -0.512581 -0.078319 0.023321 -0.112873 0.993336
3.622389 -13.851230 -114.657709 490.719897 0.411983 0.899007 -0.148512 -0.597849 0.389695 0.700510 -0.687638 0.199810 -0.698019
5.029151 -13.641236 -78.084293 560.249617 0.524050 0.841928 -0.128562 -0.569723 0.458742 0.681888 -0.633078 0.284099 -0.720069
5.046134 -9.694445 -125.382556 346.926544 0.444864 0.876456 -0.184176 -0.494925 0.411978 0.765064 -0.746422 0.249196 -0.617054
2.500885 -6.638857 -47.057819 -9.716217 0.112544 0.970647 0.212552 0.730871 -0.225785 0.644087 -0.673172 -0.082860 0.734829
3.553050 -6.352651 -90.408398 -16.365119 0.141352 0.971980 0.187814 0.725147 -0.230814 0.648758 -0.673930 -0.044489 0.737455
2.633138 -6.728665 -48.747685 -14.062743 0.103752 0.977414 0.184114 0.809579 -0.190525 0.555232 -0.577769 -0.091449 0.811061
3.224243 -6.242600 -74.295424 -10.353512 0.153910 0.964500 0.214596 0.641461 -0.262728 0.720765 -0.751558 -0.026722 0.659125
2.130369 -6.928757 -24.565210 -5.271501 0.076998 0.975946 0.203961 0.820283 -0.178293 0.543459 -0.566752 -0.125460 0.814280
1.949401 -6.944527 -37.173418 -2.397138 0.089076 0.968159 0.233951 0.740037 -0.221540 0.635032 -0.666641 -0.116566 0.736208
2.367557 -6.553959 -38.249779 -10.137758 0.130979 0.960977 0.243656 0.640865 -0.269590 0.718758 -0.756397 -0.062008 0.651167
-0.808762 -6.834482 -8.607674 51.471036 0.249480 0.964776 -0.083469 -0.917721 0.208036 -0.338392 0.309108 -0.161023 -0.937296
-0.848473 -6.997669 -5.576018 32.154664 0.219363 0.970112 -0.103742 -0.936419 0.179503 -0.301492 0.273859 -0.163283 -0.947808
-0.576698 -6.248106 7.644028 -0.280439 0.146998 0.984078 -0.099913 -0.968053 0.122385 -0.218848 0.203136 -0.128891 -0.970630
-0.272589 -5.903502 19.839575 28.176074 0.189605 0.978740 -0.078214 -0.951704 0.163606 -0.259795 0.241475 -0.123695 -0.962491
-1.900136 -7.439390 41.608262 -10.848072 0.148443 -0.972177 0.181209 0.988891 0.144504 -0.034828 0.007674 0.184366 0.982828
-1.453776 -7.632915 1.371185 -4.487544 0.087062 -0.972486 0.216081 0.983088 0.048789 -0.176517 0.161118 0.227795 0.960287
-1.551193 -7.340273 -16.903604 1.723004 0.072757 -0.969014 0.236045 0.996538 0.061089 -0.056386 0.040219 0.239331 0.970105
1.043663 -9.623950 204.102195 -206.073855 0.397423 0.810131 0.430978 0.517728 -0.585728 0.623603 -0.757636 0.024704 0.652209
2.728067 -10.646125 320.430004 -150.641253 0.356991 0.860210 0.364139 0.644102 -0.509016 0.570995 -0.676528 -0.030703 0.735776
4.742956 -11.341408 338.318326 -108.119369 0.421326 0.773224 0.473929 0.586365 -0.630911 0.508062 -0.691854 -0.063836 0.719210
-0.834850 -9.144008 107.659111 -185.795873 0.303112 0.889532 0.341843 0.579770 -0.456830 0.674666 -0.756300 0.006309 0.654194
0.563984 -7.459534 210.098533 -196.950790 0.464418 0.720197 0.515395 0.382049 -0.687950 0.617060 -0.798971 0.089667 0.594647
-1.246159 -7.004142 118.445308 -133.468314 0.391608 0.804844 0.445948 0.457674 -0.590830 0.664421 -0.798234 0.056094 0.599730
-0.566501 -30.833211 -111.022899 157.383250 -0.534247 0.837657 -0.113629 -0.244233 -0.024267 0.969413 -0.809278 -0.545658 -0.217548
0.031746 -35.531925 -113.544089 -15.607356 -0.541545 0.831436 -0.124268 -0.489503 -0.191689 0.850672 -0.683458 -0.521507 -0.510798
-0.212391 -36.473296 -122.025356 -378.668715 -0.544472 0.836128 -0.066637 -0.222192 -0.067167 0.972687 -0.808814 -0.544407 -0.222351
-1.622496 -18.101840 5.859827 -240.421478 -0.419131 0.906179 0.056298 0.634765 0.248131 0.731782 -0.649156 -0.342448 0.679210
-1.583596 -17.666943 13.718082 -229.083097 -0.405619 0.913569 0.029405 0.602557 0.243064 0.760161 -0.687312 -0.326054 0.649069
-1.652410 -17.875449 10.436295 -130.377048 -0.432057 0.901261 0.032489 0.510918 0.214926 0.832328 -0.743162 -0.376212 0.553330
-1.813862 -18.537672 7.949594 -137.025944 -0.448490 0.892022 0.056147 0.548089 0.224858 0.805628 -0.706014 -0.392090 0.589754
-1.806627 -19.183935 7.094339 130.154721 -0.462975 0.886222 0.016291 0.421373 0.203887 0.883671 -0.779807 -0.415982 0.467825
-1.675194 -17.934010 17.063754 130.974471 -0.439898 0.898002 0.009087 0.391051 0.182433 0.902107 -0.808436 -0.400389 0.431416
2.081530 -14.760742 20.775219 -310.140664 -0.319961 0.939102 -0.125351 -0.713585 -0.325903 -0.620149 0.623235 0.108975 -0.774405
1.766073 -12.161989 50.303288 -212.319787 -0.399315 0.907498 -0.130365 -0.642591 -0.378456 -0.666219 0.653930 0.182260 -0.734273
1.431397 -14.695739 20.903758 -269.030101 -0.368920 0.921782 -0.119231 -0.743343 -0.369619 -0.557515 0.557977 0.117049 -0.821560
-4.824463 -12.472209 0.213820 -45.168946 -0.391406 -0.876056 0.281653 0.917088 -0.396578 0.040934 0.075837 0.274322 0.958643
-4.777909 -12.446320 -13.497568 -68.273569 -0.392207 -0.850013 0.351641 0.918592 -0.382108 0.100903 0.048596 0.362589 0.930681
-4.860677 -11.603059 -9.620006 -72.601391 -0.402621 -0.873281 0.274366 0.910667 -0.351804 0.216609 -0.092637 0.337068 0.936912
-4.741445 -11.781227 15.408673 -71.344851 -0.385272 -0.899793 0.204787 0.919845 -0.356706 0.163239 -0.073832 0.251264 0.965099
-4.847894 -10.269001 -17.295358 -96.023049 -0.418909 -0.872289 0.252243 0.875755 -0.314716 0.366069 -0.239933 0.374253 0.895749
-4.788929 -10.573777 15.001859 -90.997147 -0.401595 -0.897075 0.184331 0.888140 -0.332379 0.317381 -0.223447 0.291170 0.930210
1.061627 -4.403483 58.234212 218.424803 0.334026 0.838497 -0.430522 0.935810 -0.349599 0.045171 -0.112634 -0.417975 -0.901449
1.994612 -3.254251 -247.468728 52.590923 0.556760 0.543660 -0.628054 0.771651 -0.618408 0.148747 -0.307526 -0.567455 -0.763821
4.241404 -1.045865 -7.964000 -20.918389 0.484306 0.720348 -0.496534 0.847695 -0.526777 0.062597 -0.216472 -0.451226 -0.865757
2.398781 -3.802923 173.833821 145.380869 0.184771 0.926941 -0.326557 0.975041 -0.214521 -0.057232 -0.123104 -0.307832 -0.943443
1.778826 -66.836006 32.308559 3311.364243 -0.179511 0.938940 -0.293543 0.982784 0.157902 -0.095932 -0.043723 -0.305711 -0.951120
6.677405 -321.581074 -113.831864 17224.045778 -0.349258 0.870333 -0.347186 0.936989 0.327691 -0.121120 0.008355 -0.367612 -0.929942
-2.159958 -7.989652 170.406482 405.976238 0.472631 0.785245 -0.400012 0.875807 -0.468951 0.114227 -0.097890 -0.404320 -0.909364
-159.582688 -445.255063 7110.058922 -21055.156842 -0.358965 0.932595 -0.037562 -0.638849 -0.216162 0.738340 -0.680453 -0.289035 -0.673382
-85.823302 -386.178188 3897.356599 22575.680936 -0.406409 0.913496 0.018873 -0.855913 -0.373400 -0.357752 0.319758 0.161547 -0.933626
-65.999475 -1218.766121 2141.661647 -114684.024634 -0.465635 0.884353 0.033226 -0.750892 -0.414676 0.514008 -0.468343 -0.214391 -0.857142
1.462195 -6.273332 -13.744119 18.940952 -0.075036 -0.983429 -0.165034 0.994535 -0.085853 0.059412 -0.072596 -0.159674 0.984497
1.908920 -6.623093 -26.953753 17.810337 0.091679 0.982063 0.164764 0.973540 -0.123175 0.192476 -0.209318 -0.142759 0.967371
1.737987 -6.299305 34.355452 19.574801 -0.100056 -0.982328 -0.158180 0.991192 -0.112269 0.070243 -0.086760 -0.149759 0.984909
-1.410130 -3.815378 -62.604431 -70.547631 -0.557649 -0.511214 0.653979 0.364985 0.556598 0.746314 -0.745529 0.654874 -0.123801
-1.525829 -3.528348 50.041936 -46.445212 0.580386 0.568567 -0.582995 0.293803 0.521495 0.801076 -0.759494 0.636219 -0.135622
-2.170649 -4.144176 38.328220 -41.895446 0.591248 0.627221 -0.506970 0.291967 0.419508 0.859516 -0.751785 0.656206 -0.064905
-1.432045 -6.159407 57.451092 88.669278 -0.265005 0.859503 0.437067 0.307613 0.504947 -0.806476 0.913864 0.079273 0.398207
-2.326022 -7.065862 100.301722 102.360740 -0.255589 0.843831 0.471829 0.352515 0.535782 -0.767249 0.900226 0.029773 0.434404
-2.714525 -6.088168 106.262760 80.745259 -0.237699 0.867318 0.437332 0.301757 0.493895 -0.815482 0.923278 0.061871 0.379117
-2.256820 -5.032757 98.921149 58.261996 -0.233225 0.901526 0.364496 0.260332 0.419036 -0.869848 0.936928 0.107981 0.332426
-1.025683 -5.076979 0.052607 69.112662 -0.263214 0.861239 0.434724 0.259684 0.497232 -0.827843 0.929130 0.105009 0.354529
-0.984653 -6.112621 5.637299 89.775670 -0.278626 0.844538 0.457299 0.309843 0.529740 -0.789540 0.909046 0.078296 0.409273
-1.413129 -4.639771 33.968013 61.316544 -0.248097 0.889798 0.383024 0.237999 0.439253 -0.866264 0.939044 0.123758 0.320749
0.023681 -12.327359 -34.159885 21.394885 0.257786 0.945117 0.200750 0.575714 0.016610 -0.817483 0.775951 -0.326310 0.539835
0.425140 -12.293702 -35.875127 54.029592 0.229047 0.949396 0.214905 0.730577 -0.021769 -0.682483 0.643269 -0.313325 0.698593
0.593969 -12.109989 -29.236275 5.588291 0.232654 0.951677 0.200456 0.574723 0.031741 -0.817732 0.784579 -0.305456 0.539566
0.037495 -12.475338 -21.952697 -37.143294 0.252351 0.951045 0.178416 0.392403 0.067961 -0.917279 0.884499 -0.301488 0.356043
-204.075490 -1855.653854 -13699.114788 -214050.284223 0.698165 -0.639500 0.321878 0.710621 0.673682 -0.202905 -0.087085 0.370395 0.924783
-84.571981 -492.474414 -6471.547212 32068.144849 0.729555 -0.497593 0.469202 -0.667810 -0.370253 0.645710 0.147578 0.784419 0.602418
-143.980402 -543.431662 -10320.784627 -43197.064675 0.916979 0.093239 0.387888 -0.080215 -0.909354 0.408217 -0.390789 0.405441 0.826379
-114.937856 -344.728737 -10403.471748 -34712.852622 0.926300 -0.248694 0.283053 0.143013 0.927074 0.346527 -0.348590 -0.280508 0.894316
-103.588342 -1358.301322 -19192.745510 -161188.998487 0.823658 -0.332921 0.459076 0.111942 0.889057 0.443900 -0.555928 -0.314232 0.769547
-1.493667 -7.417640 119.710823 271.350706 -0.841099 -0.513491 -0.169940 -0.515429 0.856177 -0.035965 0.163966 0.057342 -0.984798
0.293182 -6.149224 9.931125 152.519611 -0.774018 -0.607298 -0.179121 -0.614225 0.788867 -0.020409 0.153697 0.094224 -0.983615
-0.402517 -5.200031 -128.429774 84.274217 0.556339 0.827898 0.071217 -0.822711 0.560836 -0.092790 0.116761 0.006969 -0.993136
-2.638813 -5.812979 62.226111 94.014712 0.247240 0.968046 0.041939 -0.951627 0.250740 -0.177581 0.182423 -0.003995 -0.983212
-2.462634 -8.034254 203.632607 405.457365 -0.920462 -0.328817 -0.211254 -0.318741 0.944365 -0.081110 0.226171 -0.007324 -0.974060
-8.808233 -11.335278 85.476014 114.506086 -0.191002 0.948557 0.252502 -0.741125 0.029310 -0.670726 0.643623 0.315246 -0.697402
-8.275111 -12.732785 -6.871075 121.707118 0.120551 0.892183 0.435290 -0.668500 0.397119 -0.628811 0.733877 0.215188 -0.644298
-1.424295 -5.829741 -277.946279 115.373859 -0.574044 0.798961 -0.179265 0.717086 0.384832 -0.581113 -0.395299 -0.462133 -0.793834
1.895146 -1.821314 338.208950 -219.355169 0.943398 -0.080183 -0.321825 -0.067316 0.903849 -0.422523 -0.324761 -0.420271 -0.847291
1.721502 -5.689916 -286.150329 109.934152 -0.513287 0.830133 -0.217750 0.749865 0.310401 -0.584255 -0.417420 -0.463173 -0.781813
1.533168 -4.035473 492.993676 -98.463190 0.947216 -0.166429 -0.274012 0.036406 0.905009 -0.423832 -0.318521 -0.391485 -0.863298
-3.560269 -6.298360 -142.695613 -102.893934 -0.466448 0.865208 -0.183957 -0.779444 -0.303713 0.547929 -0.418202 -0.398965 -0.816048
-5.109621 -10.358151 10.635119 -11.393997 -0.346289 0.935740 -0.066888 -0.317271 -0.049717 0.947031 -0.882849 -0.349168 -0.314100
-5.062079 -9.585340 -8.327034 -35.373526 -0.176323 0.981042 -0.080418 -0.470837 -0.012313 0.882134 -0.864421 -0.193404 -0.464082
-4.769530 -14.324100 -12.352420 -56.053039 0.430449 0.830674 0.353120 -0.693988 0.554729 -0.458974 0.577144 0.047496 -0.815260
-4.752514 -14.321307 -10.661823 20.177268 0.404544 0.847304 0.344121 -0.821348 0.502098 -0.270713 0.402159 0.173128 -0.899052
-4.797619 -14.120391 0.836659 35.580973 0.373879 0.834842 0.404046 -0.842880 0.487615 -0.227565 0.386999 0.255481 -0.885980
-1.832890 -10.149672 -105.100306 51.609599 -0.135560 0.989337 -0.053253 -0.926636 -0.107578 0.360241 -0.350671 -0.098180 -0.931338
-1.280298 -9.705327 -111.537625 85.998755 -0.048328 0.994441 -0.093552 -0.881662 0.001545 0.471879 -0.469400 -0.105286 -0.876686
1.841916 -4.495204 75.634601 -146.233416 0.657488 -0.541020 -0.524410 -0.605589 0.034659 -0.795023 -0.448299 -0.840295 0.304848
12.711815 -1.437588 -454.490065 119.298099 0.170857 -0.491630 -0.853878 0.912251 -0.248524 0.325628 -0.372298 -0.834587 0.406028
16.954302 -1.085098 -536.271257 -2.527806 0.257398 -0.578461 -0.774035 0.866213 -0.216897 0.450145 -0.428277 -0.786345 0.445242
0.073082 -9.077622 16.462976 33.173603 0.616557 -0.763912 -0.190518 0.711594 0.437156 0.550026 -0.336885 -0.474693 0.813127
-0.190322 -9.734847 8.589958 42.920616 0.620369 -0.763417 -0.179826 0.640937 0.361312 0.677240 -0.452043 -0.535395 0.713449
-0.097459 -8.428232 14.545295 14.984793 0.585636 -0.782430 -0.211739 0.784588 0.481568 0.390531 -0.203597 -0.394837 0.895909
0.143901 -10.103404 21.251550 -56.246830 0.655196 -0.740016 -0.151967 -0.599299 -0.386663 -0.700952 -0.459956 -0.550334 0.696831
0.459938 -9.450155 26.197456 38.559402 0.644810 -0.746195 -0.165571 0.674866 0.454107 0.581672 -0.358854 -0.486806 0.796394
0.320782 -8.663147 21.139459 15.463814 0.607686 -0.768826 -0.199060 0.760720 0.491517 0.423930 -0.228087 -0.409045 0.883549
1.447184 -13.843840 94.106898 21.514744 0.692224 0.721493 -0.016531 -0.279291 0.288941 0.915702 -0.665449 0.629254 -0.401519
1.919363 -14.951906 101.386878 -75.904669 0.695165 0.716289 -0.060623 -0.130057 0.208265 0.969387 -0.706987 0.666000 -0.237937
4.724209 -14.921497 174.023084 -56.306611 0.669230 0.743049 -0.003164 -0.284774 0.260411 0.922545 -0.686320 0.616494 -0.385876
-0.419365 -14.128348 55.234368 -20.325732 0.699440 0.711085 -0.071707 -0.122663 0.218283 0.968146 -0.704086 0.668364 -0.239899
1.853043 -14.268053 98.114513 59.645784 0.676262 0.736595 0.009861 -0.400805 0.356679 0.843881 -0.618082 0.574637 -0.536439
-0.391269 -14.101216 55.515512 75.687085 0.685185 0.728304 -0.009746 -0.406381 0.393357 0.824697 -0.604464 0.561109 -0.565491
-0.711291 -13.677424 57.063025 31.752030 0.698115 0.715256 -0.032321 -0.277854 0.312247 0.908460 -0.659873 0.625229 -0.416721
1.261976 -6.551131 15.627856 -17.721216 -0.528088 0.714018 0.459676 0.077844 0.579736 -0.811077 0.845614 0.392537 0.361734
0.630347 -6.690057 -33.422321 19.680560 -0.490422 0.758648 0.428882 0.197883 0.576212 -0.792983 0.848722 0.304028 0.432711
1.286898 -6.649956 43.594265 -14.804171 -0.555049 0.713028 0.428382 0.121338 0.578890 -0.806327 0.822920 0.395572 0.407830
3.297567 -6.922381 36.036114 8.388686 -0.464310 0.755244 0.462625 0.163228 0.586366 -0.793430 0.870501 0.292884 0.395533
0.205172 -7.182034 47.568065 -46.846445 -0.567549 0.746675 0.346935 0.064445 0.460369 -0.885385 0.820813 0.480142 0.309402
0.784638 -6.550617 43.133746 -15.414660 -0.556694 0.729138 0.398058 -0.003227 0.477272 -0.878750 0.830711 0.490479 0.263342
2.856758 -6.386698 35.964110 -9.802866 -0.499796 0.710465 0.495423 0.032910 0.587151 -0.808808 0.865518 0.387934 0.316837
-2.144294 -6.192705 -91.108708 -64.378077 -0.302820 0.449543 0.840363 0.808411 0.588156 -0.023322 -0.504749 0.672297 -0.541521
-2.162496 -7.166167 -44.083657 -93.051756 -0.276130 0.415614 0.866612 0.854835 0.518355 0.023782 -0.439329 0.747377 -0.498415
-1.908064 -7.213531 -61.721252 -122.788731 -0.328933 0.422724 0.844457 0.836333 0.545692 0.052603 -0.438577 0.723550 -0.533034
0.994958 -6.962495 -15.273867 -20.391149 0.253896 0.965473 0.058304 -0.166495 0.103004 -0.980648 0.952794 -0.239275 -0.186899
0.284734 -7.459201 69.383297 -11.767268 0.218178 0.972215 0.084827 -0.147821 0.118840 -0.981848 0.964649 -0.201679 -0.169643
0.534058 -7.132246 78.643829 44.880467 0.212966 0.975998 0.045529 -0.285480 0.106722 -0.952424 0.934423 -0.189836 -0.301357
-1.135535 -7.480645 164.924830 56.042646 0.189822 0.980410 0.052562 -0.276478 0.104746 -0.955295 0.942087 -0.166804 -0.290945
-1.274237 -8.037596 171.469162 10.229941 0.188883 0.978572 0.081982 -0.139229 0.109328 -0.984207 0.972080 -0.174485 -0.156895
-1.172383 -5.608520 -197.261834 19.858142 0.553912 0.832572 0.002433 -0.645230 0.431116 -0.630727 0.526174 -0.347797 -0.776001
-1.365589 -5.295397 -128.563955 31.740001 0.498620 0.866491 -0.023891 -0.709749 0.392290 -0.585119 0.497629 -0.308708 -0.810595
-3.129810 -6.012155 -133.398282 38.507305 0.432280 0.897456 -0.087785 -0.717404 0.283299 -0.636453 0.546320 -0.338104 -0.766303
0.217701 -5.340027 -135.681505 35.160768 0.580006 0.814261 0.023940 -0.634470 0.469981 -0.613650 0.510922 -0.340731 -0.789215
-1.481454 -6.102967 -216.322097 26.109389 0.544636 0.838583 -0.012267 -0.622313 0.394283 -0.676215 0.562226 -0.375925 -0.736602
0.424752 -5.581174 -174.355126 16.874049 0.581590 0.813211 0.021006 -0.602989 0.448289 -0.659880 0.546038 -0.371113 -0.751078
0.593605 -3.667707 -20.325941 -35.163177 0.396314 0.913334 0.093576 -0.630997 0.344995 -0.694853 0.666916 -0.216334 -0.713037
0.810506 -4.346868 -17.836384 -41.142969 0.369595 0.926685 0.068229 -0.692472 0.323655 -0.644771 0.619582 -0.191058 -0.761325
0.247988 -3.673970 -4.996951 -34.223866 0.356809 0.932867 0.049458 -0.663321 0.290279 -0.689742 0.657794 -0.213299 -0.722364
1.201961 -4.358918 -39.526373 -41.627813 0.392658 0.914425 0.098213 -0.666821 0.356616 -0.654350 0.633379 -0.191445 -0.749786
-0.062372 -3.157707 -4.437801 -23.583413 0.366326 0.928742 0.056956 -0.619598 0.289141 -0.729724 0.694193 -0.232027 -0.681366
0.412564 -3.027653 -28.011458 -30.076201 0.407422 0.907867 0.098921 -0.584795 0.342556 -0.735303 0.701443 -0.241730 -0.670481
1.149524 -3.575791 -50.837577 -42.144581 0.411237 0.904644 0.111821 -0.607716 0.363533 -0.706064 0.679387 -0.222404 -0.699264
-0.405114 -21.620778 5.313477 233.015727 0.459477 -0.862129 -0.213575 0.874022 0.396102 0.281406 -0.158011 -0.315969 0.935519
-0.449330 -22.321822 48.653216 189.981655 0.484688 -0.842559 -0.234889 0.851758 0.393560 0.345861 -0.198965 -0.367703 0.908409
-0.701633 -23.545602 6.311876 154.819410 0.470608 -0.856926 -0.210254 0.806086 0.320646 0.497404 -0.358821 -0.403565 0.841655
-0.849989 -22.866663 -23.593089 132.245485 0.441716 -0.877285 -0.187769 0.834424 0.324846 0.445210 -0.329580 -0.353335 0.875518
1.642696 -18.773650 -8.397053 -48.062400 0.245469 0.935043 0.255811 0.445626 -0.343190 0.826824 -0.860908 0.088964 0.500922
1.353488 -18.810860 -3.438147 -113.482982 0.247271 0.923648 0.292799 0.317705 -0.362764 0.876051 -0.915380 0.123599 0.383149
1.169074 -19.615630 -17.804496 -277.252556 0.222674 0.921756 0.317463 0.325525 -0.377249 0.867016 -0.918939 0.089720 0.384058
5.013464 -17.679431 168.574122 -186.510037 0.257213 0.936405 0.238719 -0.081916 -0.225014 0.970906 -0.962876 0.269285 -0.018830
7.195754 -53.661366 376.239299 -1890.987131 -0.148685 -0.738784 -0.657336 0.949881 0.078147 -0.302686 0.274989 -0.669396 0.690138
35.818146 -206.059517 -812.252850 -14264.212171 0.165453 -0.851586 -0.497420 0.985981 0.131793 0.102329 -0.021585 -0.507377 0.861454
6.471826 -28.617135 -52.599463 -1445.471256 0.152018 -0.849953 -0.504451 0.898138 -0.094269 0.429491 -0.412601 -0.518356 0.749044
-3.245773 -5.844030 6.050387 -5.875965 0.102763 0.415485 0.903777 0.780977 0.529012 -0.331997 -0.616048 0.739945 -0.270121
-3.906538 -7.616884 171.895730 -98.192616 -0.196745 0.886512 -0.418793 -0.269657 -0.459596 -0.846202 0.942644 0.053555 -0.329477
-2.980324 -8.586297 152.159811 -103.294051 -0.232648 0.872326 -0.430026 -0.341395 -0.487271 -0.803751 0.910672 0.040183 -0.411170
-4.240506 -6.637637 150.194666 -82.646757 -0.155625 0.927859 -0.338909 -0.208856 -0.366239 -0.906779 0.965484 0.070334 -0.250785
-3.467375 -5.706163 124.328379 -50.418703 -0.150316 0.969944 -0.191348 -0.168380 -0.215836 -0.961802 0.974194 0.112355 -0.195763
-6.515699 -12.635282 241.676152 438.042524 0.597919 0.652250 -0.465900 -0.337647 -0.322208 -0.884407 0.726971 -0.686114 -0.027576
-6.758570 -14.827277 178.975560 -253.399558 0.650283 0.643633 -0.403569 -0.196041 -0.371064 -0.907678 0.733962 -0.669363 0.115118
-4.804722 -13.663687 -103.050781 296.817530 0.580159 0.427059 -0.693568 -0.567133 -0.399383 -0.720315 0.584616 -0.811243 -0.010494
-6.659536 -12.983203 118.451730 -227.861050 0.575891 0.658824 -0.484046 -0.160509 -0.489444 -0.857136 0.801615 -0.571310 0.176119
3.452467 -17.520762 1.916267 -249.408844 0.263337 0.947572 -0.180999 0.944150 -0.214626 0.250033 0.198078 -0.236733 -0.951169
4.201587 -16.024662 -53.007672 99.235193 0.183658 0.969923 -0.159746 -0.962082 0.144022 -0.231639 0.201665 -0.196231 -0.959596
2.207190 -19.890055 -0.066747 477.328758 0.221346 0.969630 -0.104037 0.972715 -0.211920 0.094421 0.069506 -0.122098 -0.990081
3.179384 -22.257936 -8.933622 -806.165388 0.304459 0.932154 -0.195944 0.741002 -0.361041 -0.566185 0.598515 -0.027185 0.800650
2.687281 -21.654960 -13.916297 -713.341751 0.359863 0.918334 -0.164806 0.612365 -0.365746 -0.700884 0.703923 -0.151301 0.693974
2.668623 -27.696729 -30.730531 -679.389710 0.392354 0.896409 -0.206179 0.378209 -0.361550 -0.852197 0.838461 -0.256384 0.480885
