15432
30853
-6.958815 -9.411796 -21.064154 -251.362800 0.257416 0.946472 0.194748 0.965224 -0.261365 -0.005598 0.045602 0.189417 -0.980837
-7.919148 -10.833987 19.945421 -193.116254 0.262793 0.927152 0.267074 0.950037 -0.296969 0.096121 0.168432 0.228470 -0.958870
-5.903496 -12.711115 -123.697821 286.719188 0.442627 0.880921 0.167511 -0.881266 0.461864 -0.100259 0.165687 0.103244 -0.980759
-6.308945 -9.273239 19.972949 -81.499288 -0.461535 0.866127 0.191855 0.875861 0.410545 0.253613 0.140897 0.285090 -0.948089
-4.576319 -12.001782 -145.886323 -353.105968 0.392180 0.917135 0.071114 0.919820 -0.391920 -0.018163 0.011213 0.072536 -0.997303
-5.989674 -7.930943 -69.854444 -190.183057 0.235750 0.965462 0.110924 0.969816 -0.226413 -0.090525 -0.062284 0.128917 -0.989697
-5.431980 -7.600727 29.696045 -90.371250 -0.607567 0.777361 0.163010 0.794267 0.595042 0.122743 -0.001582 0.204048 -0.978960
8.700752 -13.589876 -131.150676 -179.090393 0.564145 0.699978 -0.437918 -0.030225 0.547527 0.836242 -0.825122 0.458525 -0.330042
6.516582 -12.277090 -65.371002 -127.214217 0.498682 0.757017 -0.422187 -0.112734 0.539580 0.834353 -0.859422 0.368482 -0.354421
7.040244 -12.164455 -161.570232 -248.782039 0.532004 0.710404 -0.460758 -0.199862 0.634132 0.746948 -0.822816 0.305292 -0.479344
8.586915 -12.207563 90.022204 -258.213400 -0.657265 -0.622639 0.424645 -0.126628 0.646668 0.752187 -0.742946 0.440614 -0.503876
5.293707 -11.292321 -150.578804 -140.692979 0.484275 0.737446 -0.470798 -0.300642 0.645602 0.702006 -0.821640 0.198422 -0.534356
6.431132 -10.853180 -192.403444 -133.612606 0.538183 0.706615 -0.459406 -0.287559 0.666314 0.687993 -0.792256 0.238160 -0.561793
7.878064 -10.482656 131.660672 -167.627472 -0.620774 -0.660747 0.421962 -0.247734 0.675970 0.694040 -0.743819 0.326308 -0.583314
-5.376496 -9.755789 20.969541 -80.164750 -0.127330 0.990908 -0.043447 0.017933 0.046096 0.998776 -0.991698 -0.126395 0.023640
-5.554213 -9.372472 24.636984 -94.857584 -0.146723 0.985929 -0.080103 -0.094472 0.066642 0.993294 -0.984656 -0.153306 -0.083365
-5.361868 -10.161459 -4.899487 -57.453795 -0.217395 0.974975 -0.046504 0.061273 0.061181 0.996244 -0.974159 -0.213729 0.073040
-5.177552 -8.891109 9.568263 -62.159254 -0.058986 0.996375 -0.061302 -0.100697 0.055157 0.993387 -0.993167 -0.064769 -0.097078
-5.537888 -10.310427 17.663988 -16.380425 -0.135966 0.990410 -0.024517 0.170501 0.047770 0.984199 -0.975932 -0.129637 0.175361
-5.270441 -9.734000 10.234078 -51.586082 -0.040690 0.998608 -0.033552 0.031103 0.034829 0.998909 -0.998688 -0.039602 0.032477
-3.052643 -6.532446 113.006757 -7.555065 0.094697 0.977230 -0.189880 -0.170920 0.203865 0.963963 -0.980724 0.058830 -0.186334
-3.131188 -6.796061 108.935815 -11.760388 0.095969 0.979969 -0.174500 -0.041326 0.179080 0.982966 -0.994526 0.087123 -0.057685
-1.836110 -6.515970 137.125553 -5.037580 0.127761 0.970251 -0.205647 -0.146221 0.223506 0.963672 -0.980967 0.093050 -0.170426
-0.648802 -7.481858 49.034217 26.200471 -0.110528 0.993755 0.015335 0.410605 0.031607 0.911266 -0.905090 -0.107017 0.411534
-0.212306 -7.318924 61.008169 21.160449 -0.111846 0.993661 -0.011361 0.457458 0.061634 0.887093 -0.882169 -0.094020 0.461451
-0.434875 -7.826419 41.339352 17.811298 -0.086181 0.993954 0.068025 0.319282 -0.037123 0.946932 -0.943733 -0.103327 0.314153
-0.459740 -7.130230 34.734014 21.213777 -0.124737 0.992169 -0.006485 0.505091 0.069124 0.860294 -0.854005 -0.104035 0.509757
-0.894403 -7.502828 81.368673 14.018653 -0.089463 0.995044 0.043398 0.283979 -0.016281 0.958692 -0.954648 -0.098092 0.281115
-0.955851 -7.441288 -4.654795 7.850468 -0.137298 0.988934 0.056206 0.316969 -0.009896 0.948384 -0.938446 -0.148027 0.312103
5.541593 -7.523879 17.940286 -4.081539 -0.217169 -0.820427 -0.528902 0.956654 -0.071178 -0.282394 0.194037 -0.567304 0.800322
3.889391 -7.308714 151.780943 22.304108 -0.286722 -0.712293 -0.640647 0.947937 -0.114203 -0.297276 0.138584 -0.692529 0.707954
5.203732 -8.280040 49.506275 21.352589 -0.190149 -0.805091 -0.561846 0.980846 -0.131164 -0.144003 0.042241 -0.578467 0.814612
6.557906 -8.262393 -76.022664 9.949125 -0.138972 -0.892937 -0.428194 0.989003 -0.103051 -0.106088 0.050604 -0.438228 0.897438
5.684730 -8.471351 -65.300515 -4.675056 -0.139016 -0.911033 -0.388193 0.982606 -0.078158 -0.168457 0.123129 -0.404858 0.906051
6.470214 -7.745072 -74.201905 -4.807949 -0.175717 -0.892964 -0.414414 0.936664 -0.022104 -0.349531 0.302958 -0.449585 0.840291
-0.082284 -9.897084 -1.397005 24.077344 0.267488 0.954385 0.132667 0.754082 -0.121630 -0.645419 0.599842 -0.272683 0.752219
-0.111228 -9.890992 5.190142 5.307249 0.245973 0.959920 0.134355 0.854976 -0.149571 -0.496633 0.456632 -0.237029 0.857499
-0.163056 -10.194273 2.986025 9.816570 0.247288 0.958746 0.140193 0.866518 -0.154076 -0.474771 0.433585 -0.238885 0.868872
1.363127 -7.196955 30.951305 2.590421 0.605424 0.791440 0.084169 -0.765786 0.608064 -0.209353 0.216870 -0.062292 -0.974211
2.251197 -7.484798 12.563325 6.602275 0.617481 0.784746 0.053765 -0.726651 0.595267 -0.342980 0.301157 -0.172715 -0.937803
1.503285 -7.394157 49.635632 -13.365819 0.533895 0.840056 0.096237 -0.796607 0.537883 -0.275859 0.283501 -0.070617 -0.956368
0.142124 -7.771129 29.578144 -32.451162 0.458233 0.884680 0.085809 -0.873153 0.466101 -0.142669 0.166212 0.009549 -0.986044
0.171184 -7.145983 31.381515 -4.595834 0.529588 0.842841 0.095685 -0.840273 0.536695 -0.076809 0.116092 0.039725 -0.992444
-3.392812 -4.802533 23.827577 56.037570 0.190123 0.975481 -0.110863 0.954556 -0.157273 0.253158 -0.229515 0.153955 0.961052
-3.658591 -5.028405 10.358793 44.734515 0.335909 0.941891 -0.002523 0.915468 -0.325853 0.236091 -0.221550 0.081615 0.971728
-3.090050 -3.951868 54.419158 -6.961437 0.791834 0.610590 0.013341 0.596541 -0.777927 0.197403 -0.130911 0.148352 0.980232
-3.450333 -5.852125 10.480835 30.123429 0.140074 0.989354 -0.039478 0.929681 -0.117697 0.349055 -0.340693 0.085596 0.936270
-3.138090 -5.671093 27.245207 34.742341 0.038578 0.987971 -0.149753 0.938123 0.015805 0.345942 -0.344147 0.153832 0.926228
-0.092065 -5.152443 58.278915 -169.859736 0.244653 0.967579 -0.062741 -0.964467 0.236189 -0.118397 0.099740 -0.089478 -0.990982
-0.112134 -7.036442 51.854640 72.095288 0.143198 0.986249 -0.082506 0.989315 -0.144953 -0.015652 -0.027397 -0.079383 -0.996468
0.117329 -4.703260 -11.399858 172.103416 0.203091 0.973713 -0.103135 0.976229 -0.193213 0.098215 0.075706 -0.120630 -0.989807
-1.142291 -7.750983 123.398085 42.769449 0.145964 0.987386 -0.061346 0.989055 -0.146999 -0.012687 -0.021545 -0.058823 -0.998036
0.340992 -2.470637 -1.141445 -212.897845 0.241125 0.965666 -0.096682 -0.957551 0.220510 -0.185663 0.157969 -0.137347 -0.977845
-0.784654 -5.876322 121.556453 -174.932543 0.204030 0.977425 -0.054887 -0.973608 0.196738 -0.115679 0.102269 -0.077041 -0.991769
0.496225 -2.769239 61.499826 -313.197886 0.285743 0.956776 -0.054140 -0.937850 0.267586 -0.220987 0.196948 -0.113921 -0.973773
-1.465815 -3.890136 -18.190776 -4.015103 -0.000052 0.965974 -0.258641 -0.332203 0.243935 0.911119 -0.943208 -0.085969 -0.320886
-1.590152 -4.003255 -21.772434 -1.472984 -0.066871 0.995850 -0.061732 -0.257748 0.042529 0.965276 -0.963895 -0.080460 -0.253834
-1.522343 -3.608866 11.162699 24.350520 0.035521 0.956830 -0.288468 -0.298052 0.285657 0.910805 -0.953888 -0.053626 -0.295332
-1.169075 -4.277185 -46.720987 -15.433667 -0.090479 0.992872 -0.077577 -0.279664 0.049431 0.958824 -0.955825 -0.108449 -0.273199
-0.958585 -3.774977 29.872346 4.381695 0.105230 0.893110 -0.437356 -0.339283 0.445653 0.828420 -0.934780 -0.061213 -0.349913
-0.888147 -3.874295 9.869279 -8.608141 0.071084 0.915992 -0.394848 -0.382950 0.390576 0.837138 -0.921030 -0.091700 -0.378543
-1.058979 -4.093596 -33.987970 -10.222744 -0.035884 0.974678 -0.220715 -0.362221 0.193154 0.911859 -0.931401 -0.112669 -0.346118
-0.112522 -10.806081 -9.956513 6.506584 0.212696 0.959229 0.186121 0.897128 -0.116228 -0.426208 0.387198 -0.257627 0.885272
0.159670 -10.408572 -13.011606 37.440224 0.233560 0.955881 0.178163 0.796557 -0.083016 -0.598836 0.557626 -0.281781 0.780803
-0.171598 -10.524146 -1.788732 10.269278 0.235736 0.958406 0.160893 0.880206 -0.140394 -0.453351 0.411906 -0.248490 0.876691
-0.521543 -21.695387 -6.507860 243.207877 0.499063 0.818394 0.284899 0.055503 0.297905 -0.952981 0.864787 -0.491410 -0.103249
-0.273780 -19.560647 -7.600254 344.795433 0.503262 0.818258 0.277814 -0.142553 0.395704 -0.907247 0.852294 -0.416980 -0.315788
-0.643854 -21.197574 -5.043548 225.215109 0.494434 0.826703 0.268508 0.003941 0.306773 -0.951774 0.869206 -0.471648 -0.148421
-0.813972 -22.925460 -2.364197 110.244997 0.489072 0.827996 0.274284 0.217353 0.188849 -0.957650 0.844729 -0.527976 0.087607
-0.752317 -20.742535 -13.338978 198.194304 0.486123 0.836032 0.254429 -0.047297 0.315890 -0.947616 0.872609 -0.448625 -0.193103
-0.881005 -22.353526 -4.085267 90.875109 0.481315 0.837007 0.260299 0.167762 0.203507 -0.964594 0.860344 -0.507941 0.042467
0.635717 -21.005156 -40.613816 -51.958860 0.378032 0.910755 0.166181 -0.899908 0.403643 -0.165036 0.217385 0.087159 -0.972187
0.070390 -18.823762 -39.822344 -115.221977 0.393105 0.903124 0.172728 -0.854395 0.428196 -0.294378 0.339821 0.031857 -0.939950
0.400807 -19.675881 -32.842659 -180.530687 0.421074 0.888486 0.182455 -0.788220 0.457969 -0.411064 0.448783 -0.029273 -0.893161
2.467618 -6.802692 18.014457 90.796847 -0.012983 0.999908 0.003832 -0.999592 -0.013076 0.025400 -0.025448 0.003501 -0.999670
2.539106 -6.905820 -10.142361 23.424392 -0.007591 0.998807 -0.048248 -0.998361 -0.010307 -0.056287 0.056717 -0.047742 -0.997248
2.352297 -7.269551 21.889162 17.545771 0.011703 0.999908 0.006846 -0.997835 0.012121 -0.064635 0.064712 0.006074 -0.997885
1.061593 -8.308582 -126.987658 46.217957 0.874232 0.348959 0.337560 -0.197414 0.890695 -0.409500 -0.443561 0.291359 0.847563
2.455072 -9.189486 -127.314564 77.122548 0.882312 0.363342 0.299179 -0.213754 0.875652 -0.433063 -0.419326 0.318146 0.850264
3.653371 -9.506437 -132.877795 6.046422 0.895030 0.310060 0.320599 -0.230095 0.936782 -0.263622 -0.382070 0.162182 0.909791
1.962274 -8.376116 -147.682008 35.545423 0.902803 0.155165 0.401086 -0.083172 0.978030 -0.191153 -0.421935 0.139214 0.895874
0.194509 -7.359003 -66.026684 16.959195 0.898514 0.228358 0.374867 -0.109935 0.943873 -0.311478 -0.424956 0.238656 0.873187
-79.215910 -221.067767 -4714.812899 399.505761 0.757476 0.434382 -0.487383 -0.651912 0.462968 -0.600559 0.035230 -0.772640 -0.633866
-9.554423 -95.002900 -860.933696 -3703.141774 -0.797200 0.431259 0.422478 0.225659 0.861932 -0.454038 -0.559956 -0.266623 -0.784450
5.167392 -563.925703 -401.691616 -49193.949368 -0.615481 0.391012 0.684319 -0.343935 0.647977 -0.679584 -0.709149 -0.653632 -0.264335
-5.333061 -19.972667 219.307588 -30.940801 -0.751545 -0.582762 0.309142 -0.595413 0.800989 0.062451 -0.284013 -0.137132 -0.948963
13.208840 -770.896445 575.800413 -47240.098265 -0.125848 -0.329876 -0.935598 0.981382 0.096535 -0.166043 0.145092 -0.939076 0.311585
-0.597151 -5.543586 25.606886 26.116509 -0.388171 0.914156 0.116795 -0.824609 -0.401113 0.398910 -0.411514 -0.058535 -0.909522
-0.765668 -5.779217 27.693955 11.865487 -0.379572 0.918957 0.106977 -0.864640 -0.393497 0.312342 -0.329123 -0.026060 -0.943927
-0.942342 -5.307117 10.338163 40.692238 -0.387672 0.916765 0.096191 -0.810999 -0.388814 0.437155 -0.438168 -0.091462 -0.894228
-0.791205 -4.792975 6.260981 45.344154 -0.373784 0.923286 0.088474 -0.777934 -0.364018 0.512162 -0.505079 -0.122611 -0.854320
-0.858577 -4.340020 -6.590639 52.665548 -0.349699 0.935619 0.048241 -0.778234 -0.318771 0.541052 -0.521597 -0.151663 -0.839604
-1.019633 -5.032433 -3.960441 54.148401 -0.362025 0.930493 0.055867 -0.810751 -0.343881 0.473739 -0.460022 -0.126211 -0.878892
-0.350425 -12.270266 -38.356606 51.407722 0.170128 0.938708 -0.299805 0.321292 0.234774 0.917416 -0.931573 0.252403 0.261658
0.042875 -13.784133 -13.445784 30.284499 0.187710 0.939644 -0.286067 0.317296 0.217620 0.923019 -0.929564 0.264028 0.257295
-0.095157 -13.112010 -16.113839 -104.368051 0.210771 0.951333 -0.224815 0.441814 0.112443 0.890032 -0.871995 0.286920 0.396612
0.703599 -16.405796 35.060701 -215.042257 0.190159 0.962941 -0.191271 0.945688 -0.127342 0.299095 -0.263654 0.237759 0.934857
1.296007 -17.179892 1.662980 -285.248788 0.205349 0.967724 -0.146092 0.945027 -0.157252 0.286698 -0.254471 0.196934 0.946816
0.823605 -15.079415 23.057943 -46.436007 0.229512 0.958724 -0.167849 0.883371 -0.132781 0.449472 -0.408633 0.251432 0.877383
2.143052 -1.510794 -85.818627 -10.562665 -0.935559 -0.195231 -0.294303 -0.214653 0.976068 0.034866 0.280453 0.095793 -0.955076
0.724078 -2.987828 -42.853843 -99.049978 -0.737161 -0.599088 -0.312549 -0.612405 0.787812 -0.065676 0.285576 0.142992 -0.947629
1.531761 -1.618306 -46.226208 -54.832405 -0.907421 -0.313842 -0.279446 -0.330223 0.943823 0.012308 0.259884 0.103448 -0.960083
2.578147 -0.964732 -58.315654 2.659227 -0.979492 0.045021 -0.196390 0.024305 0.994000 0.106650 0.200013 0.099689 -0.974709
1.640932 -1.014773 -37.914843 -26.233658 -0.979297 0.012372 -0.202049 -0.009741 0.994094 0.108083 0.202193 0.107814 -0.973393
-239.532267 -433.271016 -20029.518366 22787.285245 0.170347 0.223931 -0.959602 0.867507 -0.495952 0.038265 -0.467348 -0.838980 -0.278745
-273.110413 -451.538154 -22521.109444 -17972.827338 -0.145177 0.163678 -0.975773 0.719428 -0.659576 -0.217676 -0.679226 -0.733600 -0.021999
-103.738772 -577.800841 7608.292565 17358.018431 -0.146040 -0.083713 0.985730 -0.286241 0.957368 0.038897 -0.946963 -0.276475 -0.163776
-192.113636 -435.899662 16842.964049 -3057.558092 -0.503447 -0.067509 0.861385 -0.246681 0.966679 -0.068414 -0.828064 -0.246930 -0.503325
-3.229803 -65.596235 155.628856 2841.489922 0.068355 0.138276 0.988032 0.782204 0.607294 -0.139107 -0.619261 0.782352 -0.066648
-2.065865 -69.683994 67.802699 3419.761453 -0.012045 0.204752 0.978740 0.918331 0.389541 -0.070190 -0.395631 0.897961 -0.192722
-4.843087 -65.470287 48.012717 2623.381672 -0.036966 0.172136 0.984379 0.808425 0.584204 -0.071800 -0.587438 0.793142 -0.160754
-5.353099 -181.078464 100.795572 9212.994249 -0.052913 0.063137 0.996601 0.403200 0.914383 -0.036521 -0.913581 0.399897 -0.073839
7.830697 -1000.781787 38.405860 49462.463775 0.022298 -0.114270 0.993199 0.501218 0.860856 0.087791 -0.865034 0.495852 0.076470
2.205331 -10.949348 -11.859558 549.372851 0.056480 0.973906 -0.219811 0.474152 -0.219915 -0.852536 0.878630 0.056072 0.474200
1.584499 -11.748555 0.886652 485.061926 0.080102 0.955678 -0.283307 0.437860 -0.289066 -0.851305 0.895468 0.055857 0.441608
0.813663 -5.953603 -69.146435 -209.140816 0.149705 0.945097 -0.290481 0.464836 -0.326575 -0.822968 0.872649 0.011824 0.488205
0.540383 -4.536148 55.093258 -271.570659 0.013963 0.996470 -0.082778 0.529728 -0.077585 -0.844612 0.848053 0.032056 0.528941
-1.006610 -9.760587 61.523229 -553.054856 0.003403 0.999518 -0.030873 0.492724 -0.028541 -0.869718 0.870179 0.012252 0.492583
-4.353398 -7.394248 40.559812 -20.947583 0.620919 -0.203870 -0.756899 0.024536 0.970169 -0.241187 0.783491 0.131186 0.607398
-3.838852 -6.773180 15.947781 -32.470957 0.524916 -0.444908 -0.725617 0.173989 0.890596 -0.420199 0.833181 0.094319 0.544897
-4.162990 -7.578776 35.140628 -19.787526 0.585724 -0.203547 -0.784536 -0.072283 0.950977 -0.300695 0.807281 0.232832 0.542297
-4.464641 -7.890768 48.943877 -11.023446 0.637551 -0.111515 -0.762295 -0.146370 0.953913 -0.261965 0.756376 0.278593 0.591846
-4.349453 -8.048047 29.562274 -13.064426 0.621432 -0.115279 -0.774941 -0.234532 0.916386 -0.324394 0.747541 0.383337 0.542435
-4.155477 -7.888714 23.465276 -23.169774 0.573010 -0.196329 -0.795685 -0.166438 0.922773 -0.347547 0.802470 0.331580 0.496082
4.667308 -11.971822 -247.686386 12.650913 -0.197220 0.944924 0.261195 0.829239 0.018671 0.558582 -0.522941 -0.326757 0.787250
7.341538 -13.636216 -226.211011 -20.226908 -0.190038 0.963712 0.187468 0.733847 0.012587 0.679198 -0.652192 -0.266646 0.709610
7.226878 -12.681193 -219.224607 28.379737 -0.144670 0.963815 0.223901 0.858002 0.009483 0.513559 -0.492853 -0.266404 0.828327
3.918366 -16.389745 -162.402311 241.247316 -0.490572 -0.658835 -0.570329 -0.326622 0.745805 -0.580597 0.807872 -0.098542 -0.581061
4.004091 -13.864598 -108.592379 336.394245 -0.545545 -0.613258 -0.571222 -0.448666 0.789396 -0.418989 0.707870 0.027711 -0.705799
5.168594 -16.308257 -45.873436 304.289469 -0.626809 -0.573087 -0.527903 -0.308173 0.804613 -0.507570 0.715639 -0.155464 -0.680949
9.430827 -16.815413 -273.496602 -10.157559 -0.550176 -0.599280 -0.581524 -0.072224 0.727935 -0.681831 0.831919 -0.333127 -0.443775
3.751525 -12.365193 103.830411 349.510674 -0.716042 -0.504416 -0.482544 -0.366524 0.859985 -0.355085 0.594091 -0.077392 -0.800666
4.493594 -14.179028 118.957438 240.346784 -0.749133 -0.422420 -0.510256 -0.191769 0.875604 -0.443332 0.634054 -0.234263 -0.736950
8.971728 -17.587545 -48.542162 202.788955 -0.690637 -0.479568 -0.541327 -0.109743 0.809342 -0.576994 0.714827 -0.339086 -0.611591
-0.407266 -1.995013 -122.749459 -9.654391 0.878119 -0.179429 0.443522 -0.321739 -0.907562 0.269844 -0.354106 0.379654 0.854677
1.677845 -1.962193 -164.832943 -21.046365 0.925249 0.008755 0.379260 -0.128758 -0.933141 0.335661 -0.356842 0.359403 0.862261
-0.574832 -2.256167 -132.135248 -33.275852 0.917987 -0.035209 0.395044 -0.172991 -0.931855 0.318936 -0.356895 0.361118 0.861522
-2.068660 -2.613987 -72.998812 -38.997734 0.638771 -0.588762 0.495309 0.692479 0.720509 -0.036597 -0.335328 0.366368 0.867946
-1.619693 -2.578989 -58.186961 -68.484248 0.500338 -0.698147 0.512106 0.798711 0.600495 0.038290 -0.334250 0.389867 0.858068
-0.384548 -7.676397 -2.997899 6.452142 0.044775 0.988198 0.146490 0.327093 0.124052 -0.936814 0.943931 -0.089862 0.317679
-0.474019 -7.533039 -0.056849 1.401347 0.043427 0.988413 0.145442 0.150936 0.137418 -0.978946 0.987589 -0.064465 0.143219
-0.460281 -7.558886 -3.795742 7.870853 0.028745 0.988058 0.151377 0.128306 0.146540 -0.980848 0.991318 -0.047617 0.122562
0.400581 -7.437477 -23.338494 -32.084867 -0.265453 0.963994 -0.015813 -0.471159 -0.115397 0.874467 -0.841156 -0.239580 -0.484827
0.834926 -7.383111 -27.325756 -29.386706 -0.268369 0.963293 0.006726 -0.425114 -0.124695 0.896510 -0.864440 -0.237736 -0.442973
0.141059 -7.591673 -20.040675 7.402413 -0.254251 0.966827 -0.024526 -0.331091 -0.063186 0.941481 -0.908700 -0.247493 -0.336173
-0.307893 -7.677265 -18.079834 8.387079 -0.243017 0.968863 -0.047411 -0.368027 -0.046869 0.928633 -0.897496 -0.243122 -0.367957
-0.444085 -7.790155 -13.642857 23.800960 -0.235601 0.971014 -0.040296 -0.223520 -0.013789 0.974602 -0.945796 -0.238624 -0.220290
-0.067598 -7.716052 -14.880433 17.247461 -0.243392 0.969473 -0.029719 -0.198754 -0.019861 0.979848 -0.949346 -0.244394 -0.197520
-2.497231 -23.900843 -93.466290 -272.841373 -0.059339 0.870217 -0.489082 0.994211 0.095481 0.049264 0.089568 -0.483328 -0.870845
-0.735396 -22.221535 -140.955871 -261.558946 -0.052371 0.840352 -0.539505 0.995908 0.083798 0.033852 0.073658 -0.535524 -0.841302
-0.483615 -18.537939 -114.817170 -379.587829 -0.070448 0.844214 -0.531357 0.971225 -0.063439 -0.229558 -0.227505 -0.532239 -0.815453
-2.008902 -23.821026 -64.167342 -94.511238 -0.060468 0.873129 -0.483724 0.925901 0.230104 0.299599 0.372895 -0.429765 -0.822345
-0.375128 -8.939813 12.541460 71.030050 -0.061681 0.996302 -0.059820 -0.647729 0.005642 0.761850 -0.759370 -0.085738 -0.644985
-0.267694 -10.236940 6.592908 108.463082 -0.035062 0.996580 -0.074827 -0.776142 0.020015 0.630240 -0.629583 -0.080174 -0.772786
-0.474357 -10.493677 7.401365 115.257387 -0.037203 0.996124 -0.079706 -0.760629 0.023504 0.648761 -0.648119 -0.084763 -0.756807
-0.540496 -7.425983 18.027328 -2.625013 -0.049220 0.985467 0.162579 -0.150989 0.153564 -0.976535 0.987309 0.072613 -0.141237
-0.738478 -7.402778 1.337293 -0.622223 -0.021379 0.988366 0.150582 -0.121014 0.146951 -0.981713 0.992421 0.039211 -0.116465
-0.749907 -7.735416 9.437963 -21.357331 -0.035557 0.986241 0.161445 -0.309361 0.142750 -0.940169 0.950280 0.083375 -0.300029
-0.423328 -7.851117 31.296197 -25.964245 -0.053773 0.979952 0.191837 -0.337758 0.162942 -0.927022 0.939696 0.114644 -0.322225
-0.236569 -7.557128 22.831501 -5.980727 -0.063749 0.982703 0.173870 -0.186218 0.159451 -0.969483 0.980438 0.094181 -0.172832
2.322491 -6.215581 35.234392 10.426210 -0.110518 0.976124 -0.186998 -0.126771 -0.200458 -0.971466 0.985756 0.083658 -0.145898
1.482592 -6.241341 85.780999 8.764215 -0.153844 0.966865 -0.203726 -0.134063 -0.224699 -0.965162 0.978958 0.121172 -0.164189
1.891807 -5.923370 26.435183 3.413175 -0.115332 0.973988 -0.195052 -0.236941 -0.217669 -0.946826 0.964654 0.062984 -0.255882
2.260153 -5.885751 -7.972401 6.682795 -0.068573 0.982637 -0.172399 -0.232291 -0.183782 -0.955126 0.970226 0.025449 -0.240860
1.552550 -5.614896 19.895560 14.136018 -0.122679 0.970108 -0.209383 -0.342760 -0.239410 -0.908404 0.931378 0.039674 -0.361885
1.833239 -5.544899 -5.585335 17.257674 -0.081528 0.978076 -0.191625 -0.338355 -0.208008 -0.917741 0.937480 0.009984 -0.347896
2.692799 -21.960339 43.092910 -694.546605 -0.015547 0.939484 -0.342240 -0.942386 -0.128160 -0.309003 0.334165 -0.317718 -0.887349
1.778143 -22.656159 50.742701 -680.193980 -0.019509 0.948849 -0.315126 -0.946229 -0.119318 -0.300689 0.322908 -0.292316 -0.900156
2.483526 -34.550614 85.546205 1295.721409 -0.008938 0.943521 -0.331192 0.992623 0.048419 0.111150 0.120909 -0.327756 -0.936994
4.577894 -34.143912 102.361677 1385.123887 -0.043352 0.928415 -0.369006 0.988633 0.093089 0.118064 0.143963 -0.359693 -0.921898
3.387516 -20.850505 25.039241 679.815828 -0.061097 0.915171 -0.398409 0.937678 0.189429 0.291335 0.342092 -0.355780 -0.869709
1.227130 -5.108527 70.565000 -29.840919 -0.613632 0.789431 -0.015984 -0.763977 -0.598718 -0.240575 0.199487 0.135413 -0.970499
1.851942 -4.129585 74.515437 -37.801046 -0.661082 0.748023 -0.058578 -0.709102 -0.648383 -0.277081 0.245245 0.141635 -0.959059
0.142410 -5.013855 44.750212 21.041233 -0.422111 0.904967 0.053444 -0.856677 -0.378914 -0.350041 0.296525 0.193540 -0.935209
-0.396235 -6.041296 35.070073 22.034741 -0.374869 0.924623 0.067422 -0.884468 -0.334898 -0.324898 0.277829 0.181427 -0.943343
-0.701599 -6.785353 23.840736 55.881985 -0.202407 0.970547 0.130655 -0.889879 -0.126583 -0.438284 0.408836 0.204979 -0.889290
-0.076091 -5.834866 34.354527 65.459362 -0.215430 0.966453 0.139854 -0.889143 -0.134918 -0.437288 0.403750 0.218555 -0.888380
-0.458114 -21.666174 -17.479150 -167.278752 -0.202041 0.979371 0.003554 -0.206599 -0.039073 -0.977645 0.957338 0.198258 -0.210232
-0.079885 -21.980658 -9.271472 -144.312817 -0.195660 0.980315 0.026457 -0.255488 -0.024909 -0.966491 0.946807 0.195863 -0.255332
-0.182966 -22.433157 -14.861877 -47.640867 -0.203328 0.979101 0.004304 -0.418282 -0.082888 -0.904527 0.885267 0.185716 -0.426394
-0.529353 -22.527433 -22.050854 -71.968546 -0.209704 0.977680 -0.012862 -0.375646 -0.092704 -0.922115 0.902726 0.188540 -0.386702
-0.726346 -21.602289 -20.233596 -209.214296 -0.212116 0.977160 -0.012890 -0.153131 -0.046262 -0.987123 0.965172 0.207410 -0.159446
-3.475254 -21.555001 -22.732390 219.805741 -0.277407 0.957206 -0.082471 0.021013 0.091865 0.995550 -0.960523 -0.274439 0.045598
-3.182472 -21.756112 -43.998182 218.989498 -0.318208 0.946609 -0.051729 0.082359 0.081962 0.993227 -0.944437 -0.311792 0.104043
-3.705315 -19.288508 -25.686650 297.325876 -0.278271 0.959025 -0.053253 0.252419 0.126510 0.959312 -0.926741 -0.253507 0.277280
-1.522285 -16.984655 -48.340683 -607.988372 -0.341505 0.939860 0.006032 0.575168 0.214059 -0.789532 0.743341 0.266160 0.613680
-1.847881 -16.621219 -77.266907 -643.267105 -0.344822 0.938665 -0.002558 0.606924 0.220875 -0.763451 0.716060 0.264807 0.645860
-1.325697 -11.606291 -36.162755 -393.601856 -0.315637 0.948032 -0.040113 0.706779 0.206688 -0.676567 0.633116 0.241901 0.735287
-1.137998 -11.934706 -48.088845 -388.582117 -0.306593 0.951273 -0.032875 0.666197 0.189789 -0.721223 0.679840 0.243023 0.691923
-1.342026 -17.454234 -50.474828 -594.678939 -0.327846 0.944542 0.018878 0.530941 0.200742 -0.823289 0.781421 0.259889 0.567309
2.196815 -3.928949 10.059767 -78.888611 0.042069 0.998053 -0.046050 -0.938718 0.023701 -0.343871 0.342110 -0.057694 -0.937887
1.734425 -3.953176 20.894471 -86.314234 0.065115 0.997869 0.004193 -0.939521 0.062722 -0.336699 0.336245 -0.017985 -0.941603
2.257054 -4.943969 -1.271019 -106.982348 0.039157 0.998203 -0.045370 -0.956743 0.024353 -0.289912 0.288286 -0.054760 -0.955977
2.333647 -4.798734 8.676079 -93.476745 0.050992 0.995551 -0.079231 -0.954898 0.025365 -0.295848 0.292522 -0.090743 -0.951943
2.428650 -3.913013 12.818267 -57.757400 0.057366 0.994690 -0.085449 -0.938537 0.024550 -0.344305 0.340379 -0.099948 -0.934961
0.976275 -6.143661 170.008396 32.606634 -0.739311 -0.520312 -0.427427 -0.560731 0.827169 -0.037039 0.372826 0.212289 -0.903291
1.874200 -5.624365 188.752550 94.435156 -0.787228 -0.445823 -0.426044 -0.519612 0.851614 0.068968 0.332078 0.275671 -0.902070
-1.922997 -6.887201 235.697997 -5.713201 -0.785698 -0.465083 -0.407891 -0.521919 0.852337 0.033497 0.332082 0.239204 -0.912416
2.967400 -5.063355 70.553501 98.633927 -0.724462 -0.482700 -0.492093 -0.550728 0.834647 -0.007930 0.414552 0.265264 -0.870507
-2.385176 -7.238331 228.905188 -29.016587 -0.722875 -0.553907 -0.413083 -0.579684 0.811499 -0.073729 0.376055 0.186161 -0.907704
0.767406 -6.629517 178.991204 10.566977 -0.710084 -0.563843 -0.421737 -0.574917 0.810083 -0.115049 0.406512 0.160769 -0.899390
2.920108 -5.815554 97.406470 42.042920 -0.702150 -0.528188 -0.477497 -0.556011 0.825648 -0.095695 0.444789 0.198301 -0.873407
6.938959 -25.267794 -339.124814 962.898566 -0.478760 0.618673 -0.622922 -0.418937 0.462546 0.781373 -0.771544 -0.635055 -0.037736
10.232849 -49.871985 -54.633490 2995.084273 -0.481527 0.723301 -0.494943 -0.140880 0.493503 0.858258 -0.865034 -0.483002 0.135736
-41.542860 -132.222922 1786.974952 8999.495989 -0.448648 0.723718 0.524354 0.420449 -0.346812 0.838418 -0.788630 -0.596618 0.148691
-20.894835 -107.757566 -431.704707 8128.485288 0.414974 -0.409742 -0.812348 0.583522 -0.565183 0.583156 -0.698068 -0.716017 0.004557
-13.911826 -95.525224 -494.229112 -3759.236463 -0.325117 0.487878 0.810107 -0.477539 0.654703 -0.585936 -0.816245 -0.577355 0.020126
-18.578703 -78.463261 322.247237 4172.386386 -0.287442 0.672666 0.681834 0.467089 -0.523041 0.712921 -0.836185 -0.523400 0.163851
0.722589 -7.397178 38.811245 -48.106529 -0.253714 0.967199 -0.012447 0.930011 0.240381 -0.278023 0.265911 0.082114 0.960494
1.826354 -7.463629 74.142083 24.102210 -0.217672 0.974915 -0.046471 0.886528 0.177572 -0.427242 0.408273 0.134196 0.902942
1.552613 -7.334681 39.132301 -17.953492 -0.205383 0.978356 -0.025257 0.933019 0.187944 -0.306843 0.295454 0.086586 0.951425
0.743948 -6.841400 14.049051 -76.505222 -0.229533 0.973297 -0.002904 0.960290 0.225977 -0.163638 0.158612 0.040349 0.986516
-55.854025 -281.488151 -2723.409151 -8938.987231 0.212825 -0.475187 -0.853758 -0.014942 0.872091 -0.489116 0.976976 0.116853 0.178503
-52.951047 -167.868880 -3850.038371 13917.404043 0.196335 -0.360731 -0.911771 -0.673011 0.626673 -0.392858 0.713098 0.690763 -0.119738
-20.858557 -351.477755 -1614.029685 22203.750704 0.315177 -0.234128 -0.919700 -0.518342 0.769310 -0.373477 0.794975 0.594430 0.121111
-16.741208 -323.285975 1212.418989 -23163.220785 -0.269873 0.363601 0.891607 0.908998 -0.209247 0.360468 0.317633 0.907750 -0.274043
-85.322268 -1705.938008 -325.264354 -188573.411195 0.179694 -0.522586 -0.833435 0.317299 0.832734 -0.453734 0.931145 -0.182915 0.315454
-18.084992 -391.402729 -218.093322 -6432.491889 0.269359 -0.298599 -0.915579 0.186349 0.948910 -0.254646 0.944839 -0.102026 0.311241
208.753352 -335.599131 -6761.335000 -19826.843612 0.537887 -0.032228 0.842401 0.758934 -0.416523 -0.500528 0.367010 0.908554 -0.199583
-9.081426 -383.441623 -434.406231 22409.692020 0.163952 -0.147824 -0.975329 -0.569657 0.793005 -0.215949 0.805364 0.591009 0.045806
-2.134109 -78.490323 -131.708317 3536.423996 0.278852 -0.059311 -0.958501 0.935656 -0.208033 0.285078 -0.216308 -0.976322 -0.002516
-4.163832 -50.480207 150.236798 2834.211640 0.395284 -0.035722 -0.917864 0.917399 -0.034856 0.396440 -0.046154 -0.998754 0.018993
1.657224 -488.547357 992.873534 38582.997140 0.618502 -0.129461 -0.775045 0.748902 -0.201511 0.631299 -0.237909 -0.970893 -0.027681
-1.813444 -49.537079 70.939818 2581.533418 0.375655 -0.008325 -0.926722 0.917186 -0.140021 0.373048 -0.132866 -0.990114 -0.044964
58.909260 -903.259403 -732.677901 63466.630079 0.323060 0.102111 -0.940854 0.846946 -0.474789 0.239286 -0.422273 -0.874156 -0.239868
-8.750209 -10.735689 104.976702 102.769375 0.015248 0.961302 0.275073 -0.960491 0.090541 -0.263172 0.277894 0.260192 -0.924703
-8.518743 -13.531561 -13.082300 244.347087 0.462377 0.833027 0.303766 -0.832919 0.525537 -0.173369 0.304061 0.172851 -0.936840
-5.440374 -9.711689 4.549142 -76.066673 -0.228451 0.967055 -0.112316 -0.084191 0.095311 0.991881 -0.969908 -0.236052 -0.059644
-5.285179 -8.400265 20.144171 -41.355319 -0.070775 0.993830 -0.085399 -0.201960 0.069564 0.976920 -0.976833 -0.086388 -0.195791
-4.567736 -13.981480 0.135613 -64.125576 0.487523 0.817743 -0.305970 -0.337917 0.499845 0.797475 -0.805068 0.285395 -0.520015
-4.529452 -12.514356 -2.625534 -112.506654 0.493310 0.806580 -0.325691 -0.496067 0.568430 0.656357 -0.714537 0.162224 -0.680530
-4.563543 -14.016033 0.110319 -59.209378 0.439293 0.831353 -0.340403 -0.368127 0.512238 0.775947 -0.819454 0.215557 -0.531066
-4.692882 -12.685473 -6.397269 -128.201311 0.537680 0.796072 -0.277794 -0.480143 0.559925 0.675238 -0.693082 0.229681 -0.683289
-4.548033 -14.245868 1.018649 15.376714 0.439539 0.835647 -0.329393 -0.173100 0.438647 0.881831 -0.881386 0.330581 -0.337453
-4.755575 -14.117719 -24.345619 -60.858669 0.536134 0.797705 -0.276093 -0.308185 0.489467 0.815747 -0.785864 0.352262 -0.508261
-4.554630 -14.231505 -3.308330 14.121274 0.491642 0.815611 -0.305070 -0.136696 0.418276 0.897975 -0.860001 0.399780 -0.317133
-0.034912 -7.653904 -4.827716 24.027396 -0.122016 0.992109 0.028842 0.422629 0.025640 0.905940 -0.898052 -0.122728 0.422422
0.021906 -7.357082 19.881444 20.600480 -0.125167 0.992122 -0.005194 0.502886 0.067955 0.861677 -0.855242 -0.105241 0.507430
-0.349216 -6.919292 47.674686 21.087282 -0.120838 0.992503 -0.018317 0.553250 0.082656 0.828904 -0.824204 -0.090029 0.559090
3.359107 -8.165495 213.369083 48.078836 -0.240756 -0.716053 -0.655213 0.970496 -0.186757 -0.152508 -0.013161 -0.672599 0.739890
-0.017815 -8.383160 1.645642 -29.168859 0.001634 0.995200 0.097852 0.668848 -0.073831 0.739724 -0.743398 -0.064239 0.665758
-0.014209 -7.787415 2.141392 -21.401971 -0.007040 0.996360 0.084951 0.538614 -0.067799 0.839820 -0.842523 -0.051668 0.536176
-0.133158 -8.517570 11.061801 -29.794670 0.019045 0.995330 0.094638 0.653862 -0.084007 0.751936 -0.756374 -0.047560 0.652408
0.027596 -7.885603 -4.378806 -25.466921 -0.012228 0.995104 0.098071 0.553565 -0.074940 0.829427 -0.832716 -0.064431 0.549939
-0.251554 -9.138786 10.876298 -34.213952 0.041604 0.992937 0.111112 0.770563 -0.102678 0.629039 -0.636005 -0.059449 0.769392
-0.014706 -8.776274 5.858749 -23.046236 0.028826 0.992797 0.116293 0.787052 -0.094263 0.609643 -0.616213 -0.073955 0.784099
0.157308 -8.241168 -4.147522 -22.030207 -0.000941 0.993436 0.114384 0.688263 -0.082337 0.720773 -0.725461 -0.079404 0.683668
1.863086 -16.146817 -54.430914 -85.617980 -0.230922 -0.917419 0.324063 0.968044 -0.183155 0.171303 -0.097803 0.353265 0.930397
1.731980 -15.461954 -49.333037 -131.173051 -0.251733 -0.915686 0.313288 0.926975 -0.135107 0.349948 -0.278115 0.378503 0.882829
0.746422 -15.437994 -40.877897 -153.084748 -0.224929 -0.913990 0.337681 0.964060 -0.158461 0.213258 -0.141407 0.373512 0.916784
0.828259 -15.500906 -40.832976 -59.036598 -0.202638 -0.919152 0.337783 0.977968 -0.207622 0.021721 0.050166 0.334742 0.940973
-0.217977 -14.556947 -27.925568 -61.769351 -0.193173 -0.922427 0.334384 0.980854 -0.190133 0.042139 0.024707 0.336122 0.941494
-0.279541 -14.327190 -33.639230 -120.335924 -0.230029 -0.912318 0.338768 0.959553 -0.154563 0.235305 -0.162312 0.379192 0.910971
2.687821 -7.760828 -28.511215 5.583258 0.592893 0.805257 -0.006227 -0.707516 0.517205 -0.481582 0.384577 -0.289932 -0.876379
1.609654 -8.182517 -81.883313 22.292931 0.630182 0.775939 -0.028090 -0.711182 0.562315 -0.421927 0.311594 -0.285868 -0.906195
1.130602 -8.789324 -170.307741 42.927751 0.567042 0.816134 -0.111300 -0.717377 0.422925 -0.553629 0.404764 -0.393775 -0.825292
1.966813 -8.507344 -42.207534 -36.429928 0.659569 0.750904 -0.033334 0.707855 -0.605617 0.363552 0.252805 -0.263384 -0.930977
1.585621 -9.269334 -86.808377 -53.499262 0.591183 0.800174 -0.101120 0.719975 -0.467062 0.513311 0.363509 -0.376264 -0.852225
-3.130289 -4.328137 61.867935 10.908217 0.854622 0.515200 0.064738 -0.505203 0.853817 -0.125567 -0.119967 0.074606 0.989971
-3.676153 -5.214808 0.315012 35.549983 0.443340 0.891562 0.092558 0.871927 -0.452895 0.186090 -0.207830 0.001797 0.978163
-3.516093 -6.058113 -10.050977 26.193303 0.231202 0.970376 0.070116 0.915346 -0.241379 0.322302 -0.329679 0.010336 0.944037
0.315015 -6.391952 -11.453828 86.846806 0.090652 0.989750 -0.110354 0.994723 -0.095336 -0.037923 -0.048054 -0.106333 -0.993169
0.034742 -7.577513 54.504658 -2.311285 0.066892 0.994534 -0.080174 -0.983792 0.079141 0.160902 -0.166368 -0.068111 -0.983709
-1.168635 -8.193459 119.325768 17.037184 0.087270 0.994022 -0.065611 -0.983858 0.096333 0.150812 -0.156231 -0.051390 -0.986383
-1.670318 -3.606422 11.248417 2.999020 -0.051042 0.998696 0.000894 -0.235830 -0.012923 0.971708 -0.970453 -0.049387 -0.236182
-1.080629 -4.673939 -38.005947 -21.939096 -0.118189 0.991869 0.047199 -0.181304 -0.068288 0.981053 -0.976299 -0.107393 -0.187900
1.988499 -1.724198 -7.791014 -12.696383 0.002559 0.988186 -0.153236 -0.809654 0.091983 0.579655 -0.586902 -0.122584 -0.800324
1.920971 -2.239485 -3.323880 -57.606854 0.051957 0.981647 -0.183494 -0.799583 0.150975 0.581269 -0.598304 -0.116518 -0.792752
1.786922 -1.969254 -56.683713 -19.272649 -0.003914 0.979907 -0.199415 -0.806948 0.114683 0.579382 -0.590610 -0.163185 -0.790285
1.749268 -2.097358 -53.075052 39.034245 -0.071177 0.986027 -0.150612 -0.810717 0.030777 0.584628 -0.581095 -0.163716 -0.797199
1.984545 -1.957229 -7.591490 45.379676 -0.050483 0.991963 -0.116017 -0.812411 0.026779 0.582470 -0.580896 -0.123658 -0.804530
-0.170279 -20.850867 -24.897097 309.865012 0.515188 0.805965 0.291551 -0.078726 0.383232 -0.920291 0.853454 -0.451170 -0.260887
0.081920 -18.125245 -8.138501 285.094998 0.500797 0.814574 0.292697 -0.237906 0.454671 -0.858297 0.832228 -0.360198 -0.421490
0.179982 -16.087462 1.554136 -101.304138 0.470013 0.847105 0.247992 -0.526173 0.494480 -0.691832 0.708682 -0.194683 -0.678136
0.385037 -16.970376 1.610057 -176.278300 0.459281 0.855937 0.237555 -0.594943 0.494991 -0.633267 0.659624 -0.149516 -0.736574
0.195905 -17.804231 0.982971 -145.669424 0.450496 0.863238 0.227759 -0.633722 0.488889 -0.599486 0.628848 -0.125730 -0.767295
2.474902 -6.874328 -8.248339 -46.723581 0.013160 0.999368 -0.033020 -0.989951 0.008371 -0.141164 0.140799 -0.034546 -0.989435
2.286199 -6.532655 -21.645686 -38.892299 0.002702 0.996366 -0.085131 -0.990241 -0.009197 -0.139064 0.139342 -0.084676 -0.986617
2.321777 -6.527530 -23.019790 -15.367897 -0.021614 0.994860 -0.098928 0.997962 0.027411 0.057622 0.060038 -0.097481 -0.993425
24.258768 -145.209354 1213.338584 -5380.281873 0.387192 0.918243 0.083136 -0.639573 0.332441 -0.693130 0.664100 -0.215203 -0.716002
6.652081 -218.861387 505.137316 1212.336114 0.372622 0.924830 0.076436 -0.797317 0.361210 -0.483542 0.474804 -0.119235 -0.871977
21.752809 -239.752314 949.675211 -15254.309157 0.464971 0.885299 -0.006902 -0.492066 0.251943 -0.833304 0.735984 -0.390858 -0.552772
6.729203 -143.752889 542.599542 -8116.782206 0.494473 0.864442 -0.090751 -0.015459 -0.095646 -0.995295 0.869055 -0.493550 0.033931
11.542248 -54.185153 -970.584343 -575.619310 0.386679 0.822386 -0.417325 -0.178406 -0.377269 -0.908757 0.904793 -0.425851 -0.000836
-0.064619 -5.702071 62.488391 8.070353 -0.352694 0.927774 0.121832 -0.878047 -0.373141 0.299666 -0.323483 0.001284 -0.946233
-0.087635 -5.655750 59.202880 -9.698485 -0.338461 0.934640 0.109046 -0.912504 -0.354301 0.204467 -0.229738 0.030301 -0.972781
-1.005472 -5.842528 31.232076 -7.165143 -0.348034 0.932905 0.092527 -0.907822 -0.360008 0.215067 -0.233947 0.009148 -0.972206
0.396751 -14.782445 -7.953742 74.160003 0.217513 0.956744 -0.193206 0.657310 0.002749 0.753616 -0.721548 0.290917 0.628279
0.380068 -14.271196 -12.814606 51.831087 0.228002 0.956698 -0.180952 0.747678 -0.052987 0.661944 -0.623692 0.286218 0.727384
0.406036 -14.176445 27.555105 51.232713 0.237271 0.952609 -0.190363 0.773053 -0.066484 0.630848 -0.588295 0.296843 0.752192
0.241707 -14.536113 -5.807799 31.282844 0.216432 0.957571 -0.190301 0.644042 0.006456 0.764963 -0.733735 0.288124 0.615319
0.380183 -14.477703 6.005520 74.985337 0.233418 0.958027 -0.166432 0.793636 -0.088805 0.601877 -0.561834 0.272576 0.781054
0.570954 -3.052182 -113.783470 -63.106220 -0.799801 -0.478129 -0.362919 -0.489229 0.869546 -0.067423 0.347812 0.123625 -0.929378
0.364762 -8.987637 -10.104615 -35.729679 -0.144629 -0.976683 -0.158659 0.983348 -0.159705 0.086730 -0.110046 -0.143473 0.983517
0.729169 -8.348625 3.941328 -31.244245 0.099541 0.979331 0.176072 0.956283 -0.143056 0.255065 -0.274982 -0.142985 0.950758
0.274923 -8.813059 13.672328 -24.383471 0.104809 0.984519 0.140489 0.952775 -0.139892 0.269537 -0.285018 -0.105604 0.952687
2.622245 -299.946065 -889.375023 20012.020160 -0.128650 0.488876 0.862815 0.857204 -0.382662 0.344632 0.498648 0.783945 -0.369837
-33.432938 -783.348189 -4222.184330 69146.193851 -0.275940 -0.037109 -0.960458 -0.615174 0.774602 0.146812 0.738524 0.631360 -0.236572
-8.231129 -18.689530 978.222980 1298.101135 -0.353945 0.228905 0.906821 0.935124 0.069696 0.347399 0.016320 0.970951 -0.238723
7.680747 -342.233804 -1663.700717 5418.451538 -0.347843 -0.089841 -0.933238 -0.145194 0.988551 -0.041048 0.926242 0.121223 -0.356905
99.258572 -283.893063 -10599.168587 16840.317509 0.789882 0.085093 0.607327 -0.611412 0.186075 0.769123 0.047562 0.978844 -0.199004
83.068855 -136.444771 -10865.120396 7155.205081 0.895717 0.304536 0.323957 -0.431977 0.423516 0.796260 -0.105289 0.853166 -0.510903
-0.467087 -165.259481 169.154707 7288.211575 0.083408 0.936713 -0.340017 0.666713 -0.306047 -0.679580 0.740633 0.170011 0.650045
1.768006 -41.810438 103.771531 1706.384781 0.017037 0.958557 -0.284390 0.453452 -0.260906 -0.852238 0.891118 0.114437 0.439104
6.381580 -259.122677 -54.444312 11254.354947 0.145024 0.942617 -0.300736 0.712369 -0.310413 -0.629424 0.686658 0.122953 0.716508
0.921637 -86.681682 159.113025 3861.934410 0.127224 0.943542 -0.305848 0.928313 -0.221877 -0.298339 0.349356 0.245967 0.904130
-3.170377 -6.075334 68.419951 -51.392957 0.517476 -0.479746 -0.708564 0.269997 0.877295 -0.396805 0.811986 0.014027 0.583509
-2.934734 -5.377868 29.626266 -62.081387 0.441475 -0.609902 -0.658117 0.356616 0.792312 -0.495042 0.823362 -0.016146 0.567287
4.507035 -12.438650 -266.523186 -2.281309 -0.261330 0.938422 0.225987 0.702171 0.024175 0.711598 -0.662316 -0.344643 0.665250
2.526006 -12.541280 -170.139459 306.910141 -0.470462 -0.644737 -0.602478 -0.507969 0.756161 -0.412538 0.721549 0.111956 -0.683252
2.765731 -9.500566 -117.006589 246.624587 -0.539307 -0.591941 -0.598960 -0.537262 0.789560 -0.296553 0.648457 0.161866 -0.743843
4.475666 -1.872862 -181.522358 -10.335543 0.945464 0.012484 0.325487 -0.100687 -0.939125 0.328492 -0.309773 0.343350 0.886652
4.368697 -1.523755 -175.293005 -13.766174 0.941073 -0.022952 0.337425 -0.147204 -0.926031 0.347560 -0.304489 0.376750 0.874841
6.372773 -1.417125 -161.223601 -22.796493 0.964036 -0.030861 0.263974 -0.127226 -0.925625 0.356416 -0.233341 0.377182 0.896262
