17983
35947
-2.493949 -4.159802 -0.576593 -25.220712 0.423794 0.760446 0.492057 0.596046 0.174909 -0.783668 0.682003 -0.625403 0.379135
-2.992721 -4.790441 -3.375511 -21.285522 0.302668 0.700075 0.646751 0.594425 0.391778 -0.702260 0.745018 -0.596996 0.297564
-4.149149 -5.062916 32.788961 -57.754258 0.041650 -0.470820 -0.881246 0.700116 0.643008 -0.310449 0.712813 -0.604044 0.356410
-2.661824 -4.067758 14.632875 -18.070565 0.530886 0.732824 0.425593 0.504480 0.130238 -0.853545 0.680926 -0.667838 0.300553
-3.497136 -4.081688 -4.063695 -48.772201 0.095040 -0.527587 -0.844168 0.775793 0.570637 -0.269294 0.623789 -0.629305 0.463532
-2.482755 -3.742053 -0.228248 -19.102936 0.564652 0.754434 0.334660 0.521604 -0.011962 -0.853104 0.639607 -0.656267 0.400271
3.063114 -0.371916 -3.181169 14.233752 0.197062 -0.833078 -0.516863 0.953029 0.039094 0.300344 -0.230004 -0.551772 0.801652
2.761186 -2.080677 -21.176480 35.756364 -0.186853 -0.806291 -0.561231 0.932449 -0.325392 0.157029 -0.309231 -0.493979 0.812626
2.566775 1.371461 165.750144 -27.431253 0.913127 -0.407608 0.007347 -0.349710 -0.792432 -0.499755 -0.209526 -0.453770 0.866136
5.415368 0.256274 183.471020 15.687423 0.759503 -0.616845 -0.206537 -0.627283 -0.610418 -0.483638 -0.172256 -0.496882 0.850551
4.846823 -1.363217 75.607750 -32.681709 0.422284 -0.760840 -0.492746 0.893397 0.257372 0.368241 -0.153353 -0.595720 0.788416
0.253712 -0.929646 -10.038312 -42.408967 -0.566236 -0.718033 -0.404729 0.763998 -0.272941 -0.584646 0.309328 -0.640260 0.703124
0.412939 -2.516810 13.618518 -14.415188 -0.274040 -0.742533 -0.611185 0.887162 0.050162 -0.458723 0.371275 -0.667929 0.645001
1.206158 -0.887380 59.094676 -32.645546 -0.675868 -0.628011 -0.385751 0.700059 -0.383348 -0.602463 0.230477 -0.677234 0.698737
0.199543 -2.338333 -2.082996 -21.107047 -0.376277 -0.759188 -0.531084 0.843069 -0.042828 -0.536098 0.384254 -0.649461 0.656162
2.946525 -1.127777 -109.603399 -14.624130 0.934755 0.347960 -0.071807 0.217172 -0.719532 -0.659628 0.281192 -0.600997 0.748154
3.054895 -1.160626 -131.784082 -51.877895 0.921812 0.038516 -0.385720 -0.194106 -0.815451 -0.545309 0.335539 -0.577543 0.744216
-0.403242 -1.935917 -42.954409 -39.828830 -0.446869 -0.771641 -0.452635 0.811833 -0.137236 -0.567533 0.375814 -0.621076 0.687770
-16.417579 -104.451733 97.438752 6366.804690 0.469939 -0.507863 -0.721965 0.500617 0.826987 -0.255880 0.727007 -0.241180 0.642878
-19.678850 -90.691935 109.552747 5541.730790 0.630503 -0.320516 -0.706920 0.412594 0.909826 -0.044521 0.657444 -0.263601 0.705891
-11.383678 -93.587532 8.282001 6929.388283 0.677921 -0.319911 -0.661876 0.286038 0.944185 -0.163391 0.677204 -0.078555 0.731590
0.330488 -3.455563 -24.123147 36.767347 -0.650217 0.079522 0.755575 -0.350677 0.850818 -0.391324 -0.673976 -0.519408 -0.525330
0.033826 -3.405340 -10.516716 24.900832 -0.632898 0.056333 0.772183 -0.359001 0.862300 -0.357151 -0.685973 -0.503255 -0.525524
0.472089 -2.804786 -18.868603 12.253351 -0.645585 0.077230 0.759773 -0.314129 0.879959 -0.356364 -0.696091 -0.468730 -0.543828
0.879371 -2.882151 -31.250115 16.772741 -0.655432 0.120353 0.745603 -0.308678 0.858314 -0.409895 -0.689294 -0.498810 -0.525416
0.418671 -2.484119 -11.605852 7.452216 -0.634368 0.072059 0.769665 -0.280080 0.906573 -0.315722 -0.720508 -0.415852 -0.554919
0.773687 -2.539162 -22.061844 12.944378 -0.647249 0.152728 0.746822 -0.253672 0.880727 -0.399963 -0.718832 -0.448323 -0.531307
0.630565 -3.488298 -11.632251 -5.764850 -0.227539 0.710600 0.665788 -0.052022 0.673875 -0.737011 0.972378 0.202334 0.116366
0.369606 -3.320068 -2.692689 -3.336183 -0.227551 0.716066 0.659901 -0.095732 0.657946 -0.746956 0.969049 0.233144 0.081166
0.380180 -3.302273 2.110686 3.850839 0.222075 -0.689636 -0.689264 -0.000256 0.706875 -0.707339 0.975029 0.157259 0.156803
0.274776 -3.518349 -0.529508 12.093815 0.221726 -0.687035 -0.691969 0.096126 0.721576 -0.685629 0.970359 0.085505 0.226034
0.600128 -3.421544 10.129898 2.156218 0.211175 -0.679349 -0.702773 0.050139 0.725570 -0.686319 0.976161 0.109697 0.187284
0.219743 -7.660504 0.492758 66.332758 -0.123346 0.876209 0.465880 0.744214 -0.228878 0.627503 -0.656453 -0.424115 0.623856
0.324044 -7.651174 9.484360 87.769667 -0.116623 0.891033 0.438701 0.784539 -0.188210 0.590826 -0.609014 -0.413082 0.677101
0.327846 -7.640601 6.796635 4.357565 -0.114566 0.886025 0.449260 0.552895 -0.318852 0.769831 -0.825337 -0.336590 0.453349
0.007610 -8.275176 -4.270290 108.299005 -0.018745 0.874008 0.485551 0.403516 0.450942 -0.796132 0.914781 -0.181004 0.361129
-0.199054 -10.141768 -2.427681 86.682366 -0.013941 0.879969 0.474826 0.643989 0.371170 -0.668963 0.764908 -0.296457 0.571865
-0.072784 -10.058591 -3.023268 83.207531 -0.023751 0.870378 0.491811 0.639633 0.391309 -0.661625 0.768314 -0.298864 0.566016
0.111573 -7.094951 -1.212592 43.091132 -0.126414 0.839244 0.528857 0.176122 0.543652 -0.820624 0.976218 0.010595 0.216534
0.251677 -7.834853 -3.521935 10.515534 -0.100967 0.853465 0.511275 0.445931 0.498210 -0.743594 0.889354 -0.152915 0.430890
0.144884 -6.887567 1.710488 28.153517 -0.123197 0.858926 0.497061 0.242605 0.511746 -0.824172 0.962271 -0.019054 0.271425
0.331431 -5.512195 -2.106738 -31.856859 0.111466 0.795500 0.595613 0.882983 0.195723 -0.426653 -0.455978 0.573474 -0.680597
0.313777 -5.341649 0.847429 -24.168696 0.116083 0.780518 0.614261 0.835079 0.258130 -0.485810 -0.537742 0.569351 -0.621830
0.352391 -5.069294 -2.270688 19.098848 0.101322 0.793656 0.599870 -0.813266 -0.281216 0.509428 -0.573003 0.539471 -0.616959
53.810406 -3.971769 -816.665305 42.459754 -0.214818 0.426693 0.878514 0.969559 -0.015058 0.244395 0.117511 0.904271 -0.410469
23.175424 -3.595651 -391.735186 -4.117592 -0.016284 0.649972 0.759784 0.987671 -0.107869 0.113447 0.155694 0.752264 -0.640202
214.121603 -1.052943 -4472.668632 52.456330 -0.327430 0.382977 0.863781 0.936379 0.009199 0.350871 0.126429 0.923712 -0.361624
44.906136 0.666485 -702.920384 14.512827 -0.532219 0.020091 0.846368 0.839060 -0.120666 0.530488 0.112786 0.992490 0.047363
24.339351 1.001740 -277.443071 35.242088 -0.472079 -0.039930 0.880652 0.877551 -0.116408 0.465139 0.083941 0.992399 0.089995
27.241429 -1.264524 -388.696469 16.571738 -0.364566 0.302132 0.880799 0.928598 0.047606 0.368021 0.069260 0.952077 -0.297915
-0.562706 -8.169783 -19.397544 -20.100748 0.108215 -0.783263 -0.612200 0.986705 0.009514 0.162242 -0.121254 -0.621618 0.773879
-1.030858 -8.271002 -18.951393 13.281080 0.139755 -0.759607 -0.635189 0.985432 0.169478 0.014141 0.096909 -0.627912 0.772227
-0.387925 -8.280116 -21.925972 23.708455 0.113551 -0.783917 -0.610393 0.986276 0.163057 -0.025934 0.119859 -0.599071 0.791674
-0.355586 -1.870096 -27.372073 -17.155215 -0.476805 0.819126 0.318887 0.782292 0.230000 0.578895 0.400844 0.525483 -0.750461
0.203074 -2.022914 -9.250045 -38.826370 -0.500972 0.806009 0.315241 0.769802 0.248528 0.587910 0.395515 0.537200 -0.744973
0.561589 -1.441076 -25.134220 -20.628706 -0.462157 0.823591 0.328800 0.804440 0.233314 0.546297 0.373211 0.516975 -0.770357
-0.028027 -9.341335 -6.754744 36.251798 -0.381262 -0.374908 -0.845035 0.080935 0.897031 -0.434493 0.920917 -0.234048 -0.311661
-0.061235 -8.677184 -8.816623 33.443215 -0.372708 -0.338265 -0.864098 -0.082237 0.939568 -0.332338 0.924297 -0.052805 -0.378003
0.313886 -9.605246 -10.556123 37.825521 -0.371141 -0.363608 -0.854426 0.040523 0.912927 -0.406106 0.927692 -0.185346 -0.324090
0.414722 -10.114161 -12.139403 20.578695 -0.371364 -0.394999 -0.840277 0.205194 0.847704 -0.489177 0.905530 -0.354082 -0.233755
0.078174 -9.791145 -5.579806 14.962875 -0.387456 -0.404311 -0.828499 0.240490 0.823253 -0.514218 0.889968 -0.398482 -0.221742
-0.663887 -9.137098 3.158409 -47.212536 0.105425 -0.578306 -0.808979 0.881799 0.430426 -0.192779 0.459691 -0.693034 0.555328
-0.808808 -9.429365 -6.012274 -29.348796 0.185349 -0.565827 -0.803421 0.852889 0.498717 -0.154471 0.488084 -0.656598 0.575025
-0.415225 -8.871825 -3.274238 -0.396399 0.084758 -0.588979 -0.803691 0.952440 0.284835 -0.108293 0.292701 -0.756289 0.585109
-1.111150 -6.233307 -7.974237 -55.135010 0.342621 0.077730 -0.936253 0.750954 -0.621484 0.223214 -0.564516 -0.779561 -0.271305
-1.276292 -4.536881 12.937947 43.147150 -0.348860 -0.044921 0.936098 -0.635073 0.745874 -0.200883 -0.689188 -0.664570 -0.288734
-1.369437 -4.727192 4.234333 43.660326 -0.389120 -0.059856 0.919240 -0.631709 0.743633 -0.218985 -0.670470 -0.665904 -0.327174
0.525055 -4.634788 62.043554 43.564706 0.600798 0.697842 -0.389945 0.030196 -0.507260 -0.861264 0.798830 -0.505671 0.325833
-1.316860 -3.901790 48.061414 16.915330 0.616009 0.670213 -0.413942 -0.036713 -0.500484 -0.864967 0.786883 -0.548024 0.283697
0.444991 -4.061882 58.855494 20.140865 0.595580 0.746954 -0.295540 0.026546 -0.386010 -0.922113 0.802857 -0.541347 0.249729
-0.938141 -4.957235 49.979843 -58.955626 0.613168 0.549913 -0.567116 0.080114 0.670921 0.737188 0.785879 -0.497454 0.367332
1.700966 -4.854104 57.840335 51.637376 0.604774 0.733339 -0.310582 0.070511 -0.437758 -0.896324 0.793269 -0.520174 0.316454
2.316867 -6.252362 68.379803 85.866077 0.598808 0.721639 -0.347372 0.141051 -0.521975 -0.841217 0.788374 -0.454730 0.414350
1.425981 -5.952628 73.267560 71.394735 0.598414 0.669385 -0.440254 0.082317 -0.597963 -0.797285 0.796947 -0.440866 0.412932
-0.001298 -19.036786 -2.617981 222.793416 0.526080 0.206690 0.824936 0.847337 -0.210113 -0.487721 0.072523 0.955579 -0.285672
0.156780 -14.870628 14.460570 149.167415 0.484889 0.176224 0.856638 0.847083 -0.338294 -0.409888 0.217563 0.924393 -0.313311
0.116795 -15.587187 4.791009 108.318654 0.497672 0.194089 0.845371 0.867356 -0.115881 -0.484010 0.004022 0.974115 -0.226015
0.123750 -14.900415 9.378441 91.579915 0.484249 0.188834 0.854310 0.874103 -0.146873 -0.463004 0.038044 0.970963 -0.236184
-0.075894 -16.056343 4.327291 60.796694 0.511378 0.209254 0.833490 0.824028 0.155834 -0.544696 -0.243866 0.965364 -0.092741
0.074420 -17.431710 6.660777 88.251106 0.525672 0.187292 0.829814 0.839077 0.046454 -0.542025 -0.140065 0.981205 -0.132733
4.310828 -24.354346 92.827028 -361.431426 -0.783331 -0.544439 -0.299966 -0.302633 0.755539 -0.581011 0.542961 -0.364344 -0.756602
3.972349 -20.670051 34.901108 -221.484696 -0.769884 -0.543071 -0.335191 -0.125922 0.644169 -0.754447 0.625637 -0.538629 -0.564320
5.021861 -25.356473 -7.070412 -160.700895 -0.717148 -0.553594 -0.423359 -0.277950 0.784262 -0.554687 0.639095 -0.280120 -0.716303
3.074050 -26.701865 129.488262 -473.957475 -0.825483 -0.511737 -0.238123 -0.253959 0.713515 -0.652994 0.504066 -0.478562 -0.718955
-3.297835 -54.864922 464.111827 -1621.559450 0.957777 -0.244835 0.150727 -0.039265 0.407947 0.912161 0.284817 0.879565 -0.381109
4.938515 -26.367958 104.348571 -651.936689 0.904627 -0.377621 -0.197618 0.180548 -0.080477 0.980268 0.386073 0.922457 0.004623
-0.535076 -6.671774 54.284594 76.966916 0.862605 -0.039838 0.504307 -0.472568 0.292305 0.831407 0.180533 0.955495 -0.233317
2.860460 -12.196461 167.184300 -709.184957 0.788019 0.027757 0.615025 -0.539420 0.512628 0.668011 0.296737 0.858162 -0.418933
-3.316764 -36.951223 -420.448128 -2420.800545 0.752782 0.153685 0.640079 -0.639012 0.404090 0.654504 0.158062 0.901716 -0.402398
3.106800 -53.606573 -72.167858 1533.886056 0.523727 0.395086 0.754730 0.850925 -0.284705 -0.441441 0.040469 0.873413 -0.485296
3.008497 -100.008924 534.603219 6620.092265 0.461579 0.181050 0.868427 0.708871 -0.663836 -0.238377 0.533335 0.725633 -0.434754
-0.089751 -3.764243 -0.655465 0.045538 0.191621 0.773734 0.603836 -0.382604 -0.507676 0.771933 -0.903823 0.378948 -0.198752
-0.012560 -3.142060 -1.938200 -29.701470 0.178221 0.761762 0.622861 -0.503196 -0.473410 0.722964 -0.845595 0.442268 -0.298944
-0.096721 -3.654446 1.777642 0.532677 0.186716 0.757827 0.625169 -0.381934 -0.530305 0.756904 -0.905132 0.380099 -0.190424
-0.159862 -3.631031 2.800291 13.063529 0.197551 0.773783 0.601859 -0.264224 -0.549206 0.792817 -0.944012 0.315647 -0.095956
1.619208 -2.177221 26.789826 -16.971862 0.083535 0.804879 0.587530 -0.336806 -0.532090 0.776815 -0.937861 0.262775 -0.226640
1.496685 -2.595790 28.196249 -14.390692 0.086386 0.800395 0.593216 -0.267117 -0.555032 0.787774 -0.959784 0.226511 -0.165852
2.020279 -2.215659 15.567999 -18.105220 0.019972 0.824438 0.565599 -0.326212 -0.529380 0.783162 -0.945086 0.200146 -0.258369
2.029115 -1.744674 11.704289 -19.771959 0.010431 0.831038 0.556118 -0.385057 -0.509922 0.769227 -0.922834 0.222161 -0.314678
1.700407 -1.727542 25.099268 -16.238626 0.085053 0.815536 0.572421 -0.392448 -0.500643 0.771584 -0.915833 0.290271 -0.277475
-2.805558 -5.822389 -6.371157 44.590877 0.112704 -0.372204 -0.921283 0.833843 0.539670 -0.116023 0.540373 -0.755129 0.371182
-2.849844 -4.541216 1.601214 40.844985 0.221086 -0.283374 -0.933177 0.704645 0.707933 -0.048032 0.674238 -0.646939 0.356192
-2.718106 -5.807025 6.221694 37.797910 0.161682 -0.401253 -0.901585 0.822474 0.559658 -0.101582 0.545339 -0.725106 0.420506
-3.097274 -4.546825 -13.755422 45.809195 0.173282 -0.266213 -0.948211 0.719919 0.691237 -0.062504 0.672078 -0.671805 0.311430
-2.687102 -6.781163 -1.860221 30.418200 0.123389 -0.425030 -0.896730 0.922662 0.381809 -0.054011 0.365336 -0.820714 0.439271
-2.938981 -6.928125 -12.554156 33.894367 0.113291 -0.364989 -0.924093 0.928032 0.371055 -0.032782 0.354854 -0.853874 0.380758
-3.179192 -5.979104 -18.930034 46.363492 0.104828 -0.307345 -0.945807 0.838179 0.539149 -0.082300 0.535226 -0.784128 0.314128
2.523596 0.707344 -20.202653 -2.122751 0.350204 0.699548 -0.622888 -0.143004 -0.617273 -0.773643 0.925693 -0.360008 0.116133
2.471667 0.193684 2.793590 20.649938 0.266445 0.883320 -0.385685 -0.074910 -0.379962 -0.921964 0.960935 -0.274544 0.035069
3.224557 0.302407 -10.408474 -16.055092 0.327884 0.695534 -0.639316 -0.107675 -0.644803 -0.756727 0.938562 -0.316957 0.136529
1.631250 0.600420 -28.423541 35.232596 0.384039 0.881696 -0.274093 -0.047099 -0.277763 -0.959494 0.922115 -0.381393 0.065145
2.374572 0.570478 -42.230502 7.588708 0.400992 0.404178 -0.822098 0.249189 0.815444 0.522452 0.881539 -0.414357 0.226270
1.423847 0.726138 1.831446 -15.146699 0.242856 0.126535 -0.961774 0.393816 0.893218 0.216957 0.886527 -0.431451 0.167092
-0.448123 -1.237316 -6.391910 -12.073112 -0.502765 -0.268488 0.821670 0.020613 0.946547 0.321905 -0.864177 0.178780 -0.470356
-0.202327 -1.177091 0.987530 -13.659708 -0.498815 -0.341052 0.796786 -0.010902 0.921720 0.387703 -0.866640 0.184705 -0.463485
-0.307947 -0.874391 -4.853497 -12.575602 -0.502270 -0.130315 0.854835 0.057277 0.981394 0.183262 -0.862812 0.141010 -0.485461
-0.685836 -1.008646 -13.181494 -6.733022 -0.473404 0.096494 0.875544 0.164867 0.986122 -0.019538 -0.865279 0.135099 -0.482743
19.965149 -1029.559376 -1078.300221 55605.905885 0.630634 -0.520706 0.575470 0.682467 0.725134 -0.091761 -0.369513 0.450607 0.812659
-5.735931 -109.833479 -42.783168 -830.562626 0.593807 -0.605468 0.529908 0.798287 0.360939 -0.482142 0.100657 0.709318 0.697665
1.280491 -79.133139 -110.438553 -1833.732705 0.693984 -0.525855 0.491795 -0.690104 -0.680578 0.246111 -0.205286 0.510187 0.835205
15.043148 -69.545990 -864.582330 -1503.815640 0.660004 -0.413649 0.627128 0.454342 0.884582 0.105303 -0.598304 0.215430 0.771766
2.158107 -116.486708 75.270595 -7543.398148 0.680499 -0.616826 0.395533 0.730527 0.613108 -0.300714 -0.057016 0.493583 0.867828
11.328355 -56.417803 -212.225415 -567.384422 0.844399 -0.348837 0.406574 0.384846 0.922951 -0.007388 -0.372671 0.162706 0.913588
1.157170 -3.776647 -9.753947 44.409942 0.312380 0.151700 0.937766 -0.511128 0.858934 0.031315 -0.800729 -0.489101 0.345852
2.370480 -4.461731 -6.595840 27.070264 0.264496 0.271577 0.925358 -0.632602 0.773105 -0.046076 -0.727912 -0.573196 0.376284
1.677685 -4.427507 -7.958852 44.825828 0.315346 0.084302 0.945225 -0.570501 0.812799 0.117840 -0.758344 -0.576412 0.304407
-3.440539 -4.907829 8.501857 -13.039872 -0.392186 0.610017 0.688527 0.302657 0.792388 -0.529641 -0.868671 0.000670 -0.495390
-3.874575 -4.933739 13.468590 -5.988704 -0.472797 0.675051 0.566365 0.383786 0.736329 -0.557250 -0.793203 -0.046103 -0.607209
-3.493185 -4.740890 12.844721 -5.578272 -0.402521 0.631565 0.662648 0.201100 0.767205 -0.609061 -0.893048 -0.111902 -0.435824
-3.189529 -4.701298 3.737417 -9.322695 -0.308191 0.606515 0.732911 0.162744 0.792667 -0.587531 -0.937301 -0.061795 -0.342999
-3.201758 -4.480623 5.949004 2.798953 -0.316484 0.609722 0.726689 0.047953 0.775371 -0.629683 -0.947385 -0.164438 -0.274630
-3.526449 -4.601221 11.736158 -0.171433 -0.438947 0.582757 0.683901 0.048560 0.775421 -0.629575 -0.897200 -0.243139 -0.368667
1.394522 -3.364921 -27.820025 -0.564419 0.090294 -0.554014 -0.827596 -0.032214 0.828931 -0.558422 0.995394 0.077083 0.057001
0.758251 -3.465407 -42.836699 0.817154 0.137688 -0.537461 -0.831972 -0.093457 0.829175 -0.551121 0.986057 0.153636 0.063938
1.913940 -3.249720 -15.046296 7.349904 0.062510 -0.591666 -0.803756 -0.129786 0.793674 -0.594337 0.989570 0.141468 -0.027177
2.010924 -3.244396 -16.414912 2.102813 0.054539 -0.579111 -0.813422 -0.032272 0.813187 -0.581107 0.997990 0.057944 0.025661
17.350167 -5.765003 -675.839790 159.902566 0.796992 0.563123 -0.218396 -0.512693 0.821898 0.248252 0.319296 -0.085885 0.943755
23.138126 -8.973492 -1109.067546 121.245470 0.795731 0.563000 -0.223255 -0.459092 0.801128 0.383963 0.395027 -0.203036 0.895952
8.949883 -9.465265 -350.221496 168.882983 0.831675 0.540805 -0.125879 -0.467896 0.804639 0.365554 0.298981 -0.245124 0.922239
49.736585 -5.087406 901.533383 18.117430 0.388734 0.841855 -0.374388 0.867250 -0.471529 -0.159807 0.311070 0.262566 0.913397
31.866822 -4.522334 -960.732338 9.645511 -0.282680 -0.658961 0.697039 0.836148 -0.525380 -0.157584 0.470052 0.538281 0.699503
29.645311 -4.612315 455.690721 0.435194 0.362074 0.832233 -0.419870 0.811065 -0.503277 -0.298137 0.459430 0.232594 0.857219
0.080879 -4.212033 1.407192 -9.762234 0.274200 0.648551 0.710067 0.877563 -0.470732 0.091071 0.393316 0.598157 -0.698220
0.206212 -4.496638 3.562189 -9.092316 0.270457 0.655976 0.704662 0.872008 -0.477099 0.109449 0.407989 0.584869 -0.701051
0.067953 -4.844716 2.074475 -27.515453 0.227318 0.673486 0.703380 0.825808 -0.516117 0.227297 0.516108 0.529188 -0.673493
0.150770 -4.258150 2.137346 8.238970 0.329850 0.631693 0.701543 0.898277 -0.438572 -0.027445 0.290340 0.639233 -0.712098
-0.033149 -4.596084 2.182551 -24.574171 0.240656 0.662529 0.709324 0.829460 -0.519906 0.204192 0.504065 0.539215 -0.674660
0.041969 -4.001318 0.460727 5.882129 0.321082 0.630602 0.706574 0.905808 -0.422259 -0.034761 0.276437 0.651182 -0.706784
-0.013340 -4.016016 2.314079 -9.287990 0.277828 0.640492 0.715948 0.881902 -0.465548 0.074255 0.380868 0.610766 -0.694193
0.583406 -11.224075 -10.513546 29.778209 0.099797 0.885684 0.453437 -0.000420 0.455750 -0.890108 0.995008 -0.088640 -0.045855
0.919576 -11.371671 -9.797359 41.962261 0.067811 0.910509 0.407891 -0.044523 0.411186 -0.910463 0.996704 -0.043579 -0.068421
0.264166 -10.109110 -8.341435 59.744279 0.088843 0.900101 0.426526 -0.338691 0.430003 -0.836891 0.936694 0.070108 -0.343059
1.118910 -11.194644 -10.683998 -36.857914 0.057892 0.897108 0.438003 0.314051 0.400099 -0.860984 0.947640 -0.187399 0.258575
-0.062081 -10.377202 -5.781838 62.037385 0.103167 0.872156 0.478227 -0.321950 0.484190 -0.813577 0.941119 0.070031 -0.330743
0.834105 -10.821608 -11.831334 -53.855209 0.091893 0.874636 0.475991 0.358974 0.416774 -0.835127 0.928813 -0.247611 0.275673
0.223929 -11.027946 -8.726352 26.394846 0.118543 0.860996 0.494604 0.019867 0.495960 -0.868118 0.992750 -0.112735 -0.041687
-2.329674 -2.530948 -18.995063 7.651808 0.367816 0.864381 0.342866 0.238565 0.268659 -0.933225 0.898776 -0.425051 0.107394
-1.820267 -2.425831 -19.215573 4.298774 0.421773 0.851149 0.312494 0.202291 0.247628 -0.947501 0.883847 -0.462845 0.067737
-2.367754 -2.416167 -1.002750 10.152391 0.383803 0.823541 -0.417702 -0.126040 -0.401391 -0.907193 0.914773 -0.400831 0.050256
-2.401030 -2.789132 9.015356 -19.298366 0.194900 0.265138 -0.944307 0.312822 0.895686 0.316052 0.929600 -0.356999 0.091628
-2.318783 -2.727588 -4.722749 -12.648398 0.083369 -0.202819 -0.975661 0.392583 0.906576 -0.154912 0.915930 -0.370113 0.155203
0.117894 -1.368406 -17.239976 18.578772 0.161884 0.766985 0.620909 -0.231343 0.641171 -0.731697 0.959309 0.025193 -0.281232
-0.430365 -1.406216 -25.222522 19.851156 0.175981 0.750884 0.636556 -0.225059 0.660211 -0.716568 0.958321 0.017161 -0.285178
0.050512 -2.065071 -18.890375 22.765850 0.166926 0.759444 0.628793 -0.177576 0.650469 -0.738483 0.969847 -0.011613 -0.243440
-0.372036 -0.871624 -22.067966 12.089170 0.173979 0.752485 0.635215 -0.255021 0.657475 -0.709007 0.951155 0.038641 -0.306287
0.420779 -2.013738 -6.731038 20.797292 0.145267 0.755699 0.638605 -0.181395 0.654853 -0.733664 0.972622 0.009262 -0.232209
0.126849 -0.882092 -16.720041 10.511999 0.143122 0.809607 0.569256 -0.271669 0.585221 -0.764011 0.951689 0.045302 -0.303703
0.466365 -1.369229 -7.170528 17.596080 0.136223 0.779653 0.611215 -0.239787 0.624570 -0.743246 0.961221 0.045315 -0.272032
10.602740 -2.625946 -509.272863 23.903151 0.591166 0.770808 0.237441 -0.206364 0.429145 -0.879346 0.779703 -0.470840 -0.412762
8.857928 -2.767634 -219.572619 -1.390028 0.429697 0.818633 0.381051 -0.052882 0.444086 -0.894422 0.901423 -0.364180 -0.234114
12.115611 -3.193182 -277.146803 32.309419 0.377480 0.868085 0.322392 -0.242089 0.428552 -0.870480 0.893813 -0.250542 -0.371924
13.229572 -2.866275 -617.373818 27.371331 0.619224 0.772193 0.142408 -0.284155 0.389440 -0.876124 0.731996 -0.502051 -0.460573
1.573553 -3.807973 26.568999 3.766455 0.153524 0.675656 0.721054 0.940047 -0.324752 0.104154 0.304536 0.661834 -0.685006
1.069715 -3.660537 14.851252 5.602758 0.166441 0.662583 0.730261 0.887353 -0.423607 0.182103 0.430002 0.617690 -0.658450
1.081337 -3.810136 14.093569 3.107694 0.179367 0.649269 0.739106 0.934419 -0.347432 0.078437 0.307716 0.676566 -0.669007
1.577560 -3.811426 26.211086 -1.056094 0.165570 0.661214 0.731699 0.970792 -0.239905 -0.002877 0.173635 0.710804 -0.681622
2.144648 -3.802768 25.735314 -0.546823 0.142198 0.705187 0.694615 0.974658 -0.222181 0.026036 0.172691 0.673310 -0.718910
-0.723130 -11.720547 -4.517473 35.604468 0.209912 0.938277 0.274908 0.455606 0.154908 -0.876600 0.865078 -0.309258 0.394967
-0.728535 -11.410726 1.212867 19.755514 0.178717 0.946916 0.267226 0.505060 0.144793 -0.850852 0.844378 -0.287027 0.452373
-0.695661 -12.182507 -2.723565 1.752273 0.193291 0.937770 0.288490 0.653563 0.096239 -0.750729 0.731775 -0.333655 0.594289
-0.596806 -12.687363 -6.158302 0.744247 0.221970 0.928920 0.296372 0.614047 0.102936 -0.782528 0.757414 -0.355684 0.547552
-0.654046 -12.306252 -1.671958 -0.258683 0.179760 0.937685 0.297378 0.808934 0.031108 -0.587076 0.559743 -0.346091 0.752933
-0.514475 -12.759061 -5.537988 -3.909299 0.205596 0.929332 0.306711 0.780974 0.033063 -0.623688 0.589755 -0.367761 0.718986
0.208139 -12.567407 -0.638322 109.626072 0.935078 0.339447 -0.102002 0.353676 -0.874684 0.331423 -0.023281 0.345982 0.937952
-0.240406 -15.156133 -9.771478 -32.453446 0.926712 0.362522 -0.098912 0.369297 -0.829963 0.418069 -0.069466 0.423957 0.903014
0.269383 -13.033475 1.902008 28.750847 0.947798 0.305161 -0.092498 0.308071 -0.801463 0.512590 -0.082289 0.514328 0.853637
0.245043 -12.269851 1.964066 113.888221 0.942445 0.314737 -0.112861 0.331914 -0.839883 0.429453 -0.040375 0.442196 0.896009
0.260232 -10.824190 1.056250 144.888757 0.933906 0.336904 -0.119648 0.356986 -0.896997 0.260685 0.019498 0.286168 0.957981
-0.760641 -3.572282 13.318863 -25.418718 -0.716401 -0.451708 0.531724 -0.198227 0.862494 0.465628 -0.668937 0.228174 -0.707432
-0.943325 -3.575233 3.149489 -27.906819 -0.743373 -0.417720 0.522405 -0.176650 0.875894 0.449003 -0.645129 0.241494 -0.724906
-0.626911 -3.226264 8.194331 -11.468602 -0.724933 -0.445358 0.525480 -0.246571 0.880098 0.405746 -0.643176 0.164571 -0.747824
-0.461211 -3.197002 14.312324 -6.640202 -0.702261 -0.478605 0.527036 -0.266265 0.863149 0.429041 -0.660252 0.160968 -0.733592
-0.694747 -3.608732 14.130201 -22.247833 -0.690224 -0.501469 0.521651 -0.231319 0.836001 0.497587 -0.685626 0.222779 -0.693027
0.344056 -11.483741 10.509483 -33.386214 -0.257854 -0.912774 -0.316787 0.954897 -0.190786 -0.227534 0.147249 -0.361170 0.920801
0.379156 -11.467735 3.918820 -43.475516 -0.246670 -0.918349 -0.309497 0.964046 -0.199961 -0.175018 0.098840 -0.341541 0.934655
0.367834 -10.957136 7.514371 -89.383283 -0.264407 -0.915020 -0.304677 0.963359 -0.265346 -0.039131 -0.045040 -0.303860 0.951651
0.276094 -12.357479 7.213060 -35.014045 -0.246550 -0.917308 -0.312665 0.921701 -0.122253 -0.368133 0.299467 -0.378947 0.875625
0.255645 -12.108140 -2.115761 -107.336803 -0.264679 -0.924218 -0.275258 0.958866 -0.221868 -0.177059 0.102570 -0.310799 0.944925
0.280087 -12.805353 9.156251 -53.525825 -0.261684 -0.913123 -0.312615 0.911027 -0.126748 -0.392384 0.318671 -0.387482 0.865047
-0.721907 -87.978991 108.464858 2769.221090 0.257182 0.862521 0.435793 -0.670165 0.484090 -0.562614 0.696230 0.147359 -0.702531
0.396703 -113.122912 175.455132 3408.190218 0.271530 0.838397 0.472613 -0.638144 0.524431 -0.563688 0.720447 0.148537 -0.677416
-1.956162 -24.511314 48.079383 591.488465 0.243104 0.895754 0.372190 -0.838375 0.387023 -0.383850 0.487882 0.218720 -0.845064
-1.295322 -20.532638 36.859096 516.474691 0.222598 0.879682 0.420250 -0.816223 0.403890 -0.413101 0.533132 0.251063 -0.807922
-0.974039 -37.042241 60.942881 1110.461928 0.141104 0.889811 0.433965 -0.672460 0.407853 -0.617620 0.726559 0.204675 -0.655912
0.794101 -6.892640 60.332651 -22.617068 0.633853 0.732899 0.247163 -0.610123 0.277381 0.742166 -0.475374 0.621223 -0.622977
2.967619 -9.793745 54.583201 57.450373 0.570312 0.793126 0.213766 0.648042 -0.274515 -0.710410 -0.504763 0.543685 -0.670538
1.761083 -7.487927 55.763647 -13.627035 0.529350 0.785072 0.321638 0.758379 -0.267908 -0.594210 -0.380328 0.558469 -0.737199
1.876281 -7.599374 49.557217 -19.803715 0.442988 0.812554 0.378838 0.872043 -0.292449 -0.392448 -0.208094 0.504213 -0.838133
1.002666 -6.806595 34.989876 -26.720175 0.498049 0.781564 0.375639 0.823403 -0.290397 -0.487521 -0.271945 0.552112 -0.788174
0.519944 -6.418225 52.122730 -29.764363 0.554057 0.757771 0.344680 0.736548 -0.253260 -0.627181 -0.387966 0.601368 -0.698455
23.225508 -122.216347 461.091094 745.068706 0.160009 0.969434 0.185996 0.507268 -0.242395 0.826997 -0.846804 0.037977 0.530548
30.316897 -329.760277 -3052.393404 -11223.599138 0.229366 0.835615 0.499138 0.678762 -0.504861 0.533289 -0.697620 -0.216478 0.682982
562.669051 -695.160253 18232.629499 -95450.690707 0.161007 0.925461 0.342926 0.105808 -0.361643 0.926293 -0.981265 0.112856 0.156148
0.769961 -3.274773 3.081591 -6.646718 0.077082 0.585994 0.806641 0.907081 0.294598 -0.300694 -0.413839 0.754867 -0.508835
0.978767 -3.153173 11.675173 -3.919749 0.085447 0.604914 0.791693 0.913741 0.269204 -0.304312 -0.397210 0.749405 -0.529732
0.798442 -3.392016 5.178189 -3.546586 0.115974 0.598164 0.792938 0.945514 0.178035 -0.272593 -0.304226 0.781347 -0.544925
0.825804 -3.099394 5.397649 -6.781999 0.064123 0.602951 0.795197 0.867532 0.360155 -0.343041 -0.493231 0.711856 -0.499985
0.624412 -3.562335 2.653159 -3.610445 0.120852 0.585149 0.801870 0.943930 0.182269 -0.275270 -0.307229 0.790177 -0.530312
0.527256 -3.423450 5.667641 -8.417700 0.078622 0.568468 0.818940 0.901902 0.309426 -0.301376 -0.424724 0.762299 -0.488375
0.691597 -3.135996 1.533246 -10.815436 0.046641 0.575727 0.816311 0.855938 0.398259 -0.329789 -0.514971 0.714093 -0.474211
2.765096 -1.944582 -10.882429 -15.259694 0.140278 0.940400 0.309790 -0.312688 0.338948 -0.887322 0.939440 -0.027604 -0.341599
2.641989 -1.783551 35.880515 -16.818472 0.060563 0.918919 0.389770 -0.326490 0.387244 -0.862234 0.943259 0.075036 -0.323470
3.035809 -2.444737 -17.005726 -17.631095 0.174122 0.907592 0.382044 -0.378678 0.419851 -0.824820 0.909002 0.001052 -0.416791
2.523629 -2.644123 -50.269644 -16.761449 0.250108 0.917186 0.310188 -0.366033 0.386163 -0.846698 0.896363 -0.098227 -0.432302
2.374937 -2.166946 -43.209095 -12.300011 0.211676 0.950010 0.229508 -0.302750 0.287016 -0.908826 0.929266 -0.122893 -0.348370
-2.014661 -4.292224 -4.683754 -7.434305 0.700868 0.695507 0.158284 -0.213638 -0.007037 0.976888 -0.680546 0.718485 -0.143654
-1.862544 -3.974333 -3.292562 -5.674628 0.651862 0.701696 0.287573 -0.426685 0.025887 0.904030 -0.626910 0.712006 -0.316278
-1.881740 -3.980674 -1.445415 -5.213204 0.645568 0.732300 0.216747 -0.300507 -0.017338 0.953622 -0.702095 0.680761 -0.208869
0.190766 -23.571380 0.177251 196.189483 0.174930 0.802236 0.570804 0.333955 -0.593721 0.732100 -0.926215 -0.062557 0.371770
0.032352 -23.789665 -2.222029 -103.960851 0.159200 0.774841 0.611782 -0.011690 -0.618162 0.785964 -0.987177 0.132277 0.089353
0.231521 -19.087025 -1.541558 -31.644518 0.179433 0.806393 0.563502 0.228224 -0.591292 0.773490 -0.956931 0.010185 0.290136
-92.669349 -306.006458 -4058.368742 13436.638634 0.806570 -0.569304 0.159180 -0.591075 -0.772722 0.231370 0.008718 0.280703 0.959755
-393.655026 -1040.812896 -18046.227590 -80720.654997 0.973341 0.156796 0.167398 0.204575 -0.923498 -0.324500 -0.103711 -0.350095 0.930955
-185.380422 -717.532330 -9759.411047 -24035.509242 0.958487 -0.041818 -0.282052 0.110588 0.966279 0.232543 0.262817 -0.254081 0.930790
-161.780224 -285.160781 -11263.950627 -11471.386459 0.885331 -0.448322 0.123272 -0.340968 -0.445752 0.827675 0.316116 0.774798 0.547502
-126.933467 -264.929964 -7556.558842 13773.828364 0.868518 -0.439906 0.228381 -0.445361 -0.490371 0.749126 0.217554 0.752342 0.621813
-144.620947 -942.021609 -8490.143534 -77584.998983 0.493977 -0.849568 0.184989 0.801943 0.362968 -0.474490 0.335966 0.382738 0.860604
0.373402 -9.096258 -2.044171 154.195605 -0.200182 -0.850654 -0.486122 0.922175 -0.331181 0.199781 -0.330939 -0.408297 0.850748
0.416194 -9.409084 -2.810073 263.467962 -0.203359 -0.841991 -0.499696 0.903054 -0.358506 0.236573 -0.378336 -0.403143 0.833269
0.307701 -11.747400 -0.394521 236.425205 0.172726 0.856603 0.486207 0.868394 -0.365385 0.335239 -0.464819 -0.364315 0.806980
-1.396542 -25.475251 -33.988167 -135.446847 0.924228 -0.225226 0.308343 0.094759 0.917543 0.386181 -0.369896 -0.327701 0.869361
0.039178 -20.777697 -15.850955 141.062168 0.938976 -0.148743 0.310162 0.075810 -0.790023 -0.608372 -0.335526 -0.594760 0.730536
-1.014529 -26.011413 -32.664896 121.507739 0.933991 -0.190012 0.302582 0.066675 -0.739301 -0.670066 -0.351020 -0.646011 0.677831
-4.646275 -6.373648 27.196031 -66.258645 0.088081 -0.284066 -0.954750 0.575623 0.796755 -0.183954 0.812957 -0.533374 0.233695
-2.986789 -5.243787 -0.113202 -24.929626 0.263913 0.664737 0.698909 0.526073 0.508137 -0.681941 0.808454 -0.547651 0.215596
-2.715154 -4.805434 19.111437 -26.994955 0.389815 0.693557 0.605824 0.527191 0.371328 -0.764320 0.755059 -0.617329 0.220888
2.795688 -3.318062 -44.611698 18.061115 -0.259458 -0.809650 -0.526448 0.902330 -0.397523 0.166660 -0.344211 -0.431789 0.833713
3.429155 -3.698464 1.525929 13.804379 -0.176367 -0.749014 -0.638649 0.894945 -0.392165 0.212790 -0.409839 -0.534026 0.739492
1.796560 -2.041218 -61.277854 49.024791 -0.305083 -0.833201 -0.461195 0.911381 -0.395921 0.112392 -0.276242 -0.386035 0.880152
1.351578 -3.268340 -83.194818 19.367764 -0.294469 -0.847953 -0.440754 0.896515 -0.404842 0.179899 -0.330981 -0.342168 0.879416
0.223659 -2.635610 25.464047 -31.124235 -0.281708 -0.738454 -0.612639 0.903773 0.010214 -0.427890 0.322234 -0.674227 0.664517
-0.050572 -2.639781 -13.001572 6.964812 -0.201376 -0.758599 -0.619657 0.867633 0.155457 -0.472277 0.454599 -0.632740 0.626881
-0.012262 -1.309708 3.268230 -19.514138 -0.191001 -0.275602 -0.942105 0.559794 0.757815 -0.335182 0.806319 -0.591404 0.009537
-0.040413 -1.405842 -1.629773 -16.635496 -0.196883 -0.295603 -0.934803 0.541588 0.761997 -0.355025 0.817263 -0.576176 0.010071
-0.063661 -1.721018 -1.946835 -22.543285 -0.152085 -0.226996 -0.961948 0.539320 0.796542 -0.273231 0.828254 -0.560352 0.001281
0.030072 -4.261472 -6.523136 47.473045 -0.621742 0.056801 0.781160 -0.423271 0.814810 -0.396139 -0.658998 -0.576938 -0.482560
-0.119546 -4.099227 -1.979148 36.184582 -0.608636 0.029467 0.792902 -0.428448 0.828891 -0.359683 -0.667828 -0.558633 -0.491868
0.629854 -3.742746 -9.276880 -8.364479 -0.250286 0.748518 0.614066 -0.169421 0.590606 -0.788975 0.953233 0.301505 0.021006
0.482492 -4.694582 -3.339207 48.724068 0.122693 -0.869296 -0.478823 0.889066 -0.118130 0.442275 -0.441031 -0.479969 0.758367
0.487657 -7.144755 8.951498 92.102182 -0.129317 0.886671 0.443949 0.816863 -0.158554 0.554613 -0.562149 -0.434367 0.703785
0.352967 -5.601766 10.075613 72.340366 -0.100938 0.891863 0.440900 0.891629 -0.115511 0.437785 -0.441373 -0.437308 0.783551
0.635809 -6.091654 1.968415 68.787835 -0.156647 0.863733 0.478986 0.826047 -0.151267 0.542922 -0.541394 -0.480712 0.689789
0.315388 -3.807909 -1.368300 11.639213 0.085777 -0.871496 -0.482843 0.929952 -0.103880 0.352701 -0.357535 -0.479275 0.801539
0.253400 -3.933791 2.022156 -14.004704 0.172448 -0.856797 -0.485963 0.912949 -0.046215 0.405449 -0.369847 -0.513578 0.774242
0.512404 -4.312605 0.124417 18.491044 0.181272 -0.851606 -0.491840 0.881867 -0.080591 0.464560 -0.435260 -0.517950 0.736394
-0.153358 -8.245119 -2.231799 109.980227 -0.018649 0.882677 0.469610 0.409748 0.435184 -0.801699 0.912008 -0.177471 0.369791
-0.250171 -10.248095 -0.283249 91.758531 -0.019841 0.889803 0.455913 0.641409 0.361125 -0.676892 0.766942 -0.278996 0.577893
-0.099996 -5.769806 -3.432686 71.534963 -0.019934 0.879375 0.475712 0.216341 0.468328 -0.856659 0.976114 -0.085840 0.199581
-0.223712 -8.228784 0.386264 112.084490 -0.029618 0.889896 0.455202 0.413527 0.425511 -0.804945 0.910010 -0.164397 0.380599
-0.218743 -5.768453 -0.855473 73.518652 -0.032650 0.879543 0.474698 0.225755 0.469166 -0.853767 0.973637 -0.079290 0.213879
-0.041136 -6.010467 3.383733 34.599116 -0.133805 0.862633 0.487811 0.048856 0.497381 -0.866155 0.989803 0.092063 0.108696
-0.132775 -5.102731 0.272169 28.094459 -0.126590 0.860209 0.493979 -0.130630 0.479192 -0.867935 0.983316 0.174400 -0.051708
-0.181576 -5.001776 3.290563 28.186219 -0.145013 0.847224 0.511060 -0.154290 0.490838 -0.857481 0.977326 0.203197 -0.059540
0.141873 -4.763303 -3.623463 -0.567634 -0.081633 0.738570 0.669216 0.959918 0.238903 -0.146568 -0.268129 0.630428 -0.728469
0.028867 -4.809570 -0.728944 -0.134771 -0.100854 0.728227 0.677875 0.992227 0.123545 0.014901 -0.072897 0.674109 -0.735026
0.550820 -4.608119 -8.018633 -1.677261 -0.017586 0.743882 0.668079 0.969856 0.175115 -0.169455 -0.243045 0.644960 -0.724538
28.269323 -3.088789 -582.193102 -3.976626 -0.074544 0.590245 0.803775 0.966734 -0.154993 0.203475 0.244680 0.792205 -0.559056
-0.564976 -3.650795 9.588632 -1.799794 -0.214462 -0.564483 -0.797098 0.911193 -0.409529 0.044858 -0.351756 -0.716690 0.602181
-0.608982 -3.834252 9.539417 0.022308 -0.182281 -0.584887 -0.790368 0.955945 -0.293526 -0.003253 -0.230091 -0.756141 0.612624
-0.770130 -3.787034 -2.425031 -5.474153 -0.271157 -0.575514 -0.771530 0.883795 -0.466386 0.037282 -0.381287 -0.671765 0.635100
1.195023 -1.472898 -30.467476 -42.980860 -0.321417 0.840643 0.435903 0.871545 0.082622 0.483304 0.370271 0.535251 -0.759214
0.341634 -3.075368 -12.808894 -64.841702 -0.350141 0.832951 0.428478 0.839609 0.076287 0.537807 0.415279 0.548063 -0.726065
-0.056424 -8.434242 -8.588174 -2.436043 -0.372236 -0.295214 -0.879937 -0.240748 0.946328 -0.215646 0.896371 0.131572 -0.423330
-0.328747 -7.874688 -10.209415 16.829468 -0.372329 -0.305579 -0.876352 -0.140775 0.951911 -0.272116 0.917362 0.022052 -0.397442
0.254567 -9.048001 -7.284444 34.701358 -0.382224 -0.327172 -0.864213 -0.113072 0.944756 -0.307654 0.917126 -0.019875 -0.398102
-0.356994 -7.986983 -11.853474 -23.970390 -0.370352 -0.275526 -0.887088 -0.251588 0.949054 -0.189737 0.894172 0.152912 -0.420803
0.255308 -8.391907 -4.914189 20.255276 -0.388476 -0.297113 -0.872244 -0.212106 0.950005 -0.229133 0.896715 0.095996 -0.432074
-0.310659 -8.908929 -12.437371 -37.250176 -0.364892 -0.277269 -0.888806 -0.378666 0.916303 -0.130388 0.850568 0.288983 -0.439344
0.206647 -8.329263 -5.720885 -12.925953 -0.386359 -0.275231 -0.880326 -0.326609 0.933423 -0.148489 0.862585 0.230153 -0.450529
-1.591620 -3.279076 3.212758 -0.659970 0.005896 -0.293201 0.956033 -0.502486 0.825712 0.256333 -0.864565 -0.481904 -0.142461
-1.605865 -3.213910 7.221063 -1.205854 0.030071 -0.346789 0.937461 -0.410593 0.850817 0.327908 -0.911323 -0.394776 -0.116804
-1.756514 -3.151596 6.474858 -3.501263 -0.056433 -0.294426 0.954007 -0.463365 0.854113 0.236187 -0.884369 -0.428724 -0.184627
-1.518526 -3.311564 1.450970 -2.268670 0.053396 -0.291212 0.955167 -0.433762 0.854812 0.284864 -0.899444 -0.429526 -0.080673
-1.613866 -3.131637 1.296445 -0.323420 -0.124540 -0.198878 0.972079 -0.538229 0.836579 0.102199 -0.833546 -0.510473 -0.211229
-1.455565 -3.352469 -1.432993 11.048558 -0.043367 -0.233440 0.971404 -0.591839 0.789348 0.163268 -0.804889 -0.567835 -0.172390
-1.504557 -3.329418 -0.239000 4.590620 0.058513 -0.289460 0.955400 -0.522579 0.806555 0.276369 -0.850580 -0.515443 -0.104072
-2.696882 -3.733013 19.948430 -20.636468 0.591651 0.363567 -0.719561 0.304757 0.725450 0.617126 0.746372 -0.584415 0.318414
0.183273 -15.030662 4.537941 271.417222 0.495644 0.203286 0.844400 0.773752 -0.544971 -0.322976 0.394518 0.813438 -0.427405
3.950152 -23.115394 -15.953872 -90.172452 -0.692720 -0.560721 -0.453576 -0.067399 0.676491 -0.733360 0.718050 -0.477443 -0.506411
2.747629 -17.174107 2.391607 -62.903393 -0.732787 -0.533696 -0.422128 0.070246 0.557711 -0.827057 0.676823 -0.635709 -0.371193
2.501821 -15.447257 -39.022714 -83.316296 0.787735 0.507071 0.349790 0.060689 0.501183 -0.863211 0.613018 -0.701209 -0.364026
1.330281 -89.812881 -1.403222 4135.108049 0.210948 0.360665 0.908527 0.960311 -0.249986 -0.123733 0.182493 0.898570 -0.399084
1.796284 -246.190117 21.275786 10041.958358 0.122625 0.402407 0.907211 0.972425 -0.231433 -0.028784 0.198376 0.885724 -0.419691
23.694601 -123.874186 -2940.914956 -439.705342 -0.577023 0.727378 0.371438 -0.125242 0.370605 -0.920308 0.807068 0.577558 0.122749
10.120957 -103.126423 -88.338825 2084.154382 0.509277 0.415853 0.753461 0.859652 -0.286947 -0.422681 0.040430 0.862976 -0.503625
-0.034096 -3.260663 -3.314176 -27.573741 0.192248 0.782519 0.592204 -0.496157 -0.443145 0.746626 -0.846681 0.437363 -0.303058
0.049913 -1.532049 -4.038351 -74.595075 0.185733 0.778053 0.600115 -0.594514 -0.397286 0.699083 -0.782341 0.486619 -0.388774
0.105098 -1.353125 -2.355649 -74.033544 0.125291 0.721578 0.680902 -0.608837 -0.485962 0.627023 -0.783339 0.493118 -0.378437
1.328033 -2.950793 31.187040 -10.477964 0.096188 0.799928 0.592337 -0.180937 -0.571130 0.800670 -0.978780 0.184191 -0.089800
0.579410 -2.906954 21.921146 -8.875795 0.110452 0.770340 0.627994 -0.196080 -0.602552 0.773617 -0.974347 0.208585 -0.084496
1.967900 -2.668721 21.707723 -10.809374 0.037438 0.821218 0.569385 -0.244380 -0.544960 0.802058 -0.968957 0.169174 -0.180287
0.314032 -3.194068 21.001078 -9.438505 0.109155 0.772742 0.625264 -0.105024 -0.616536 0.780291 -0.988461 0.150840 -0.013859
1.141277 -3.257680 34.579638 -10.658721 0.104320 0.805291 0.583630 -0.087823 -0.577081 0.811951 -0.990659 0.135959 -0.010522
2.020085 -3.044678 31.545705 -7.428795 0.058405 0.823922 0.563686 -0.157246 -0.550008 0.820223 -0.985831 0.136542 -0.097435
-2.789507 -4.816250 10.618237 19.896576 0.331808 -0.232094 -0.914350 0.656393 0.752949 0.047074 0.677534 -0.615792 0.402179
2.801231 -0.180020 35.291429 -7.361732 0.201547 0.819180 -0.536957 -0.077028 -0.533253 -0.842442 0.976445 -0.211152 0.044376
1.915796 -0.137689 -12.574098 39.750211 0.312297 0.948948 -0.044370 0.032834 -0.057460 -0.997808 0.949417 -0.310156 0.049102
-0.382088 -1.587864 -6.527538 -7.636721 -0.500826 -0.322777 0.803112 0.047812 0.916132 0.398016 -0.864227 0.237735 -0.443390
