17010
33989
-7.130447 -8.755568 0.952702 -155.686323 -0.099767 0.989984 -0.099892 -0.112388 -0.110962 -0.987449 0.988643 0.087289 -0.122332
-6.178144 -9.581157 -9.650850 -81.189282 -0.127931 0.867351 -0.480974 -0.169580 -0.496947 -0.851050 0.977178 0.027312 -0.210661
-8.670828 -11.127601 -51.412612 -120.512863 -0.026023 0.999538 -0.015718 -0.310297 -0.023023 -0.950361 0.950283 0.019854 -0.310753
-5.402127 -8.497079 -22.146031 101.743285 -0.090142 0.685987 -0.722008 0.077819 0.727595 0.681579 0.992884 0.005253 -0.118969
-7.801552 -15.082757 6.391215 -357.510490 0.020916 0.894635 0.446309 -0.247992 0.437098 -0.864549 0.968536 0.092598 -0.231005
-5.438619 -12.564143 114.251425 -375.582907 -0.123427 0.911154 0.393146 -0.116748 0.380091 -0.917551 0.985462 0.159149 -0.059462
-5.775546 -6.779870 20.009240 -175.427580 -0.153313 0.978537 -0.137697 0.026890 -0.135162 -0.990459 0.987812 0.155552 0.005591
-4.741263 -7.411311 -38.679349 128.383004 -0.049883 0.555230 -0.830199 -0.050660 0.828758 0.557310 0.997469 0.069858 -0.013213
7.105393 -7.066508 62.323530 51.954140 0.238694 -0.921256 0.307103 0.944327 0.146463 -0.294611 0.226433 0.360327 0.904927
5.890365 -6.245814 60.996727 -63.752248 0.262891 -0.921312 0.286484 0.924024 0.154982 -0.349516 0.277613 0.356602 0.892057
6.092404 -6.290915 50.452892 -18.072154 0.286371 -0.935435 0.207249 0.917436 0.205357 -0.340793 0.276229 0.287731 0.917010
6.991220 -7.969144 72.232613 161.130943 0.261407 -0.943477 0.203757 0.936465 0.196752 -0.290382 0.233879 0.266719 0.934966
8.077519 -9.901456 115.870362 211.863764 0.223681 -0.948664 0.223614 0.959297 0.173705 -0.222656 0.172382 0.264317 0.948905
-0.561965 -3.784383 51.917828 13.366446 0.107797 0.882452 0.457885 -0.225992 0.470262 -0.853101 0.968146 0.011517 -0.250120
-0.133381 -4.006398 -23.515379 -4.111340 0.130866 0.898243 0.419564 -0.238070 0.439293 -0.866224 0.962391 -0.013474 -0.271334
-0.806294 -3.653295 59.336227 45.560980 0.092491 0.899963 0.426043 -0.293763 0.433495 -0.851930 0.951393 0.046360 -0.304470
-1.391683 -3.959886 -35.006006 72.542434 0.775964 0.520869 0.355774 -0.557052 0.830477 -0.000892 -0.295927 -0.197492 0.934572
-0.150110 -2.903450 -51.530094 43.611991 0.931505 0.121714 0.342760 -0.162994 0.982119 0.094211 -0.325165 -0.143626 0.934687
-1.075379 -3.787993 -22.151076 57.573066 0.897329 0.279534 0.341558 -0.331783 0.937568 0.104335 -0.291069 -0.206946 0.934052
8.833529 -6.676792 302.181181 -138.151351 0.351026 -0.568640 -0.743929 0.936237 0.199967 0.288918 -0.015529 -0.797911 0.602575
5.972120 -8.037722 390.191553 -215.436519 0.306710 -0.484082 -0.819508 0.948175 0.230499 0.218709 0.083023 -0.844118 0.529691
6.053500 -5.856469 383.350491 -120.099948 0.344300 -0.484663 -0.804089 0.938702 0.193390 0.285374 0.017192 -0.853054 0.521539
0.185397 -4.384936 -8.117144 -33.912153 0.076381 0.979785 0.184899 -0.528528 0.197030 -0.825735 0.845473 0.034654 -0.532893
0.030594 -3.937886 -21.542434 -63.945776 0.052956 0.988852 0.139168 -0.478326 0.147454 -0.865715 0.876584 0.020723 -0.480802
0.290992 -3.923266 -3.169878 -56.996878 0.072052 0.978570 0.192897 -0.487331 0.203282 -0.849226 0.870240 0.032816 -0.491534
-0.880865 -8.653986 1.792468 -54.712644 0.100763 0.966766 -0.234971 -0.817195 0.215133 0.534705 -0.567485 -0.138138 -0.811714
-0.696512 -8.458515 -21.201104 -28.280850 0.121209 0.947203 -0.296842 -0.820099 0.264040 0.507662 -0.559237 -0.181907 -0.808804
-0.520975 -9.667176 -8.596897 -55.006861 0.118929 0.957097 -0.264238 -0.718677 0.266604 0.642203 -0.685098 -0.113525 -0.719551
-0.957007 -8.083690 -7.644162 -13.826132 0.113461 0.954583 -0.275494 -0.894393 0.218881 0.390068 -0.432653 -0.202143 -0.878607
-0.619049 -10.178946 4.479262 -80.806521 0.086764 0.974046 -0.209059 -0.714916 0.207024 0.667860 -0.693807 -0.091514 -0.714323
-0.961090 -7.757079 12.813521 -33.129868 0.124000 0.965199 -0.230250 -0.887182 0.211772 0.409952 -0.444446 -0.153440 -0.882567
-0.809342 -8.578697 12.776507 -87.992642 0.085069 0.978022 -0.190358 -0.814727 0.178259 0.551764 -0.573570 -0.108152 -0.811985
0.340693 -15.290193 -4.885443 -40.938346 -0.475006 0.855050 0.207989 -0.263647 -0.363780 0.893395 -0.839559 -0.369532 -0.398229
0.730629 -14.487239 8.202404 36.205087 -0.453712 0.875908 0.164106 -0.411097 -0.369109 0.833521 -0.790661 -0.310714 -0.527553
0.655024 -16.442666 3.875461 73.144585 -0.457806 0.858307 0.231781 -0.358178 -0.416673 0.835519 -0.813709 -0.299487 -0.498182
10.793551 -0.819483 38.116495 8.987153 -0.157357 0.935745 0.315627 -0.423521 0.224780 -0.877556 0.892115 0.271764 -0.360937
9.621229 -0.545957 20.954462 -27.522187 -0.191120 0.945033 0.265302 -0.416115 0.166789 -0.893885 0.889000 0.281235 -0.361366
10.225604 -0.164799 -71.582646 15.308228 0.019700 0.956701 0.290405 -0.425648 0.270849 -0.863403 0.904675 0.106601 -0.412553
0.692617 -3.490588 -80.310519 -8.248534 0.135594 0.937178 0.321421 -0.137558 0.339083 -0.930645 0.981169 -0.081976 -0.174894
3.723447 -3.815087 -349.473186 20.707339 0.191392 0.952463 0.237030 -0.206678 0.275188 -0.938912 0.959507 -0.130711 -0.249522
1.577187 -3.865788 -164.121764 -8.681066 0.154062 0.938556 0.308833 -0.217111 0.337083 -0.916099 0.963913 -0.074085 -0.255703
0.494890 -15.910925 -15.581520 -8.318337 -0.145643 0.974590 -0.170186 0.739204 -0.007132 -0.673443 0.657545 0.223884 0.719382
0.251552 -16.064742 1.902273 -79.764671 -0.146533 0.974407 -0.170468 0.751576 -0.002378 -0.659643 0.643166 0.224779 0.731992
0.257549 -15.188000 -4.191814 -97.158378 -0.143789 0.973534 -0.177640 0.862906 0.035464 -0.504118 0.484477 0.225773 0.845168
-0.001105 -15.968540 -7.933643 58.920716 -0.147156 0.977551 -0.150794 0.597935 -0.033526 -0.800843 0.787921 0.208014 0.579578
0.559317 -15.400882 -17.865927 -102.682740 -0.163571 0.971034 -0.174175 0.879930 0.063776 -0.470803 0.446058 0.230272 0.864874
0.883417 -15.976377 -24.334344 -6.256212 -0.164154 0.971664 -0.170068 0.773895 0.019950 -0.633000 0.611670 0.235524 0.755241
1.109637 -15.510139 -33.104331 122.471673 -0.152185 0.974594 -0.164338 0.593692 -0.042791 -0.803554 0.790171 0.219855 0.572096
0.471747 -15.318401 -23.385866 121.890470 -0.137014 0.976661 -0.165410 0.554787 -0.062678 -0.829628 0.820633 0.205438 0.533252
5.125029 -15.589941 87.377201 213.838853 0.034845 0.994091 -0.102801 0.274546 0.089384 0.957411 -0.960942 0.061584 0.269809
2.852534 -16.446634 48.175532 44.652893 0.017729 0.995766 -0.090202 0.040897 0.089418 0.995154 -0.999006 0.021332 0.039138
3.374533 -15.738283 38.644334 112.716887 0.083669 0.969319 -0.231127 0.189590 0.212219 0.958655 -0.978292 0.124029 0.166017
-15.083871 -41.319631 34.404343 -147.133408 0.389502 -0.583585 -0.712542 0.898380 0.411230 0.154284 0.202981 -0.700228 0.684456
-15.980790 -71.500066 268.994811 3243.545652 -0.278066 -0.545401 -0.790706 0.960407 -0.172660 -0.218649 -0.017272 -0.820199 0.571818
-15.613092 -34.536459 253.033457 -190.402710 0.404973 -0.473389 -0.782240 0.872763 0.455161 0.176387 0.272545 -0.754143 0.597485
-12.436039 -40.028787 184.742794 117.920055 0.516510 -0.469141 -0.716327 0.710393 0.701838 0.052580 0.478078 -0.536032 0.695781
-10.851499 -49.417374 76.403797 306.456543 0.518103 -0.549073 -0.655811 0.738931 0.673488 0.019897 0.430756 -0.494907 0.754663
-0.431792 -16.790474 -132.690239 -245.787237 0.290672 0.947536 -0.132986 0.944518 -0.306367 -0.118427 0.152956 0.091184 0.984017
-7.632799 -17.434619 608.998107 -368.170310 -0.408315 -0.904348 0.124231 0.908197 -0.416168 -0.044512 0.091956 0.094651 0.991254
-1.762373 -14.797995 114.601247 -22.247791 -0.320732 -0.935189 0.150175 0.946132 -0.323749 0.004583 0.044333 0.143555 0.988649
-2.934568 -14.416586 136.054409 127.456500 -0.239259 -0.957764 0.159511 0.968170 -0.222894 0.113867 -0.073503 0.181678 0.980607
-0.487730 -15.162111 4.756368 158.847592 -0.169616 -0.971259 0.166994 0.985439 -0.165106 0.040630 -0.011891 0.171454 0.985120
-4.296669 -13.723996 9.466521 -45.586781 -0.124975 0.970026 0.208400 0.505498 0.242994 -0.827904 0.853729 -0.001879 0.520715
-4.069127 -13.498863 0.816919 47.671297 -0.124139 0.969704 0.210388 0.276442 0.237432 -0.931239 0.952979 0.057443 0.297542
-4.136667 -13.722142 -22.554305 -40.291017 -0.160688 0.971566 0.173895 0.467047 0.230058 -0.853780 0.869509 0.055976 0.490735
-15.061934 -17.855000 239.827289 213.706349 0.929462 0.210915 -0.302681 0.367128 -0.448069 0.815139 -0.036303 0.868763 0.493895
-14.783551 -15.390377 252.127364 155.402232 -0.033537 -0.622084 0.782232 0.995452 -0.090616 -0.029385 0.089162 0.777689 0.622294
-12.394221 -17.911342 314.185434 213.517168 0.833329 0.158044 -0.529702 0.542144 -0.420718 0.727376 0.107898 0.893319 0.436279
-7.558008 -74.737173 -137.984322 -1333.870686 -0.498075 0.794343 0.347766 -0.145652 -0.471993 0.869487 -0.854814 -0.382417 -0.350786
-10.015997 -152.532905 -135.954292 -9128.675893 -0.529868 0.798918 0.284551 -0.577243 -0.585555 0.569136 -0.621314 -0.137312 -0.771437
-7.761454 -103.596983 -105.053028 -2017.982700 -0.493000 0.816433 0.300647 -0.173487 -0.430870 0.885581 -0.852557 -0.384433 -0.354060
-12.853810 -131.795320 -124.542681 5949.969449 -0.508487 0.824388 0.248648 0.257505 -0.129966 0.957497 -0.821664 -0.550903 0.146198
-6.990113 -63.402211 -142.960262 1317.485793 -0.451056 0.810622 0.373416 0.148009 -0.344662 0.926985 -0.880137 -0.473391 -0.035483
10.421902 -52.403589 -480.459445 2495.521057 0.382999 -0.637446 -0.668562 0.918578 0.339288 0.202729 0.097606 -0.691771 0.715490
4.357280 -23.606792 -217.559642 417.395601 0.521780 -0.603812 -0.602625 0.805993 0.580378 0.116345 0.279500 -0.546418 0.789498
3.789883 -27.328986 -202.820814 460.631220 0.598140 -0.511821 -0.616659 0.703565 0.703801 0.098287 0.383700 -0.492649 0.781071
4.362890 -34.773756 -6.630357 484.640084 0.577679 -0.390359 -0.716873 0.689906 0.702870 0.173215 0.436252 -0.594638 0.675344
312.361604 -32081.862281 -13748.937552 7048586.885533 -0.517282 0.082473 0.851832 0.791332 -0.332944 0.512778 0.325903 0.939333 0.106962
12.055708 -1712.374983 39726.690581 1778500.846551 0.428367 0.435215 -0.791890 0.362515 0.719976 0.591792 0.827698 -0.540576 0.150642
-43.094188 -1606.268938 6546.751858 -101608.947287 0.613771 0.783688 -0.095492 0.724582 -0.511150 0.462284 0.313476 -0.352929 -0.881575
-23.619966 -3977.071729 -553.678187 686970.554232 0.677653 0.500274 -0.538992 0.716217 -0.615227 0.329438 -0.166793 -0.609280 -0.775215
-0.155436 -10.199449 15.840928 -43.669346 -0.357449 0.734503 -0.576833 0.506117 -0.366738 -0.780608 0.784905 0.570972 0.240654
-0.524025 -10.679378 -16.478376 -116.348427 -0.370286 0.765636 -0.526013 0.574787 -0.255994 -0.777231 0.729732 0.590143 0.345287
-0.587224 -11.106381 -6.694782 14.181979 -0.324595 0.727738 -0.604182 0.445086 -0.446107 -0.776458 0.834587 0.520947 0.179102
-0.290353 -10.811373 14.782479 49.522113 -0.318411 0.708021 -0.630333 0.392871 -0.506585 -0.767479 0.862709 0.492014 0.116859
0.397047 -14.124495 -44.326526 236.097564 -0.131398 0.979684 -0.151508 0.854734 0.189380 0.483286 -0.502160 0.065997 0.862253
0.319338 -13.081664 -19.314963 165.409327 -0.121565 0.977773 -0.170824 0.905211 0.179814 0.385046 -0.407204 0.107824 0.906950
-0.021060 -14.566029 -19.200273 211.225501 -0.101382 0.981730 -0.161021 0.834843 0.171984 0.522933 -0.541072 0.081411 0.837026
0.542824 -13.849571 -28.069208 181.270275 -0.146991 0.973241 -0.176621 0.868616 0.212425 0.447641 -0.473181 0.087617 0.876597
0.200675 -15.842355 -42.731439 237.851893 -0.144058 0.976860 -0.158090 0.784384 0.210121 0.583602 -0.603315 0.039931 0.796502
1.100143 -11.605323 -11.497341 -68.112849 0.186442 -0.955311 0.229391 0.976211 0.206439 0.066292 -0.110684 0.211574 0.971074
1.036205 -11.225188 -37.703264 -65.703345 0.175500 -0.952395 0.249284 0.970842 0.209429 0.116639 -0.163293 0.221546 0.961381
0.893238 -11.677679 -40.898832 -60.527043 0.185086 -0.949288 0.254157 0.982722 0.179073 -0.046810 -0.001077 0.258430 0.966029
0.978819 -12.571698 -10.563095 -77.273752 0.201057 -0.955177 0.217285 0.974360 0.172136 -0.144884 0.100988 0.240844 0.965296
1.002848 -12.261610 25.721304 -84.146851 0.190133 -0.964496 0.183297 0.981032 0.193832 0.002307 -0.037754 0.179381 0.983055
-2.941473 -8.480569 -153.793609 -138.597707 -0.312986 0.690887 -0.651702 0.515174 -0.452962 -0.727614 0.797895 0.563472 0.214156
-4.113745 -9.417739 -184.568536 -44.822256 -0.306264 0.651559 -0.694027 0.414203 -0.565221 -0.713416 0.857111 0.505961 0.096771
-4.973009 -8.867443 -163.159670 -129.436649 -0.309387 0.616791 -0.723774 0.524455 -0.524224 -0.670922 0.793238 0.587161 0.161291
-1.895941 -9.217890 -149.893659 -47.913941 -0.298982 0.703858 -0.644355 0.420149 -0.509174 -0.751144 0.856787 0.495304 0.143491
10.371597 -3.280076 -87.650628 -15.206576 -0.308604 0.822885 0.477100 -0.345884 0.370163 -0.862174 0.886074 0.431091 -0.170389
9.755704 -3.423720 -125.371723 -15.024276 -0.234371 0.833973 0.499559 -0.308891 0.423357 -0.851678 0.921768 0.353918 -0.158384
9.597262 -3.592654 219.223956 -24.618981 -0.442347 0.744553 0.499970 -0.326001 0.385855 -0.863041 0.835495 0.544754 -0.072043
8.909493 -3.579114 264.294224 6.153550 -0.491794 0.732135 0.471292 -0.378773 0.307485 -0.872917 0.784009 0.607808 -0.126093
-663.202739 -1027.949720 -58632.594857 -65123.066082 0.126050 -0.147613 -0.980980 0.344674 0.933778 -0.096222 0.930221 -0.325990 0.168581
-141.449078 -373.358308 -11274.644748 -13950.423739 0.483765 0.273118 -0.831491 0.549462 0.644713 0.531447 0.681221 -0.713969 0.161822
-573.964707 -2455.390895 24954.995475 -332194.291557 -0.304670 -0.483481 -0.820623 0.174804 0.818566 -0.547168 0.936280 -0.310154 -0.164878
0.677390 -13.844168 -38.098938 333.379944 -0.618461 -0.143851 0.772537 0.738377 0.230028 0.633946 -0.268899 0.962494 -0.036047
1.256425 -14.044300 27.749651 -207.452515 0.702014 0.190550 -0.686198 0.674350 0.131933 0.726530 -0.228973 0.972771 0.035879
1.511878 -12.840696 -11.452257 -152.135921 -0.678011 -0.189541 0.710193 0.684771 0.188328 0.704003 -0.267187 0.963642 0.002104
1.672866 -11.229850 -44.251400 206.381171 -0.599062 -0.138333 0.788662 0.734617 0.296878 0.610083 -0.318532 0.944842 -0.076227
10.702895 -8.516475 -394.811608 132.028112 -0.719203 0.693805 0.037169 0.674455 0.709995 -0.202526 -0.166904 -0.120589 -0.978571
7.733386 -9.005893 126.671437 104.056468 0.744706 -0.667282 0.012162 0.653922 0.725911 -0.213165 -0.133412 -0.166698 -0.976941
10.793140 -7.653310 -476.388351 70.859423 -0.745753 0.664731 0.044562 0.655575 0.744101 -0.128589 -0.118635 -0.066682 -0.990696
14.662985 -6.821403 -458.531723 67.077291 -0.711849 0.673922 0.197737 0.661876 0.737883 -0.132092 -0.234927 0.036848 -0.971314
15.758069 -6.992441 -510.365493 -68.585708 -0.704048 0.675804 0.218185 0.669659 0.734056 -0.112778 -0.236376 0.066708 -0.969369
9.091678 -6.862961 -368.548158 24.145585 -0.757773 0.648908 0.068547 0.649679 0.760090 -0.013418 -0.060809 0.034366 -0.997558
-6.902740 -7.467466 -77.767145 28.682535 -0.105618 -0.057553 0.992740 -0.590986 0.806521 -0.016118 -0.799738 -0.588397 -0.119196
-7.206153 -8.279064 29.295746 -66.095721 -0.499999 0.785275 0.365163 0.246698 -0.275034 0.929245 -0.830145 -0.554706 0.056208
-6.902148 -7.114598 44.060823 -78.458032 -0.480774 0.858986 0.176068 0.044454 -0.176661 0.983267 -0.875717 -0.480556 -0.046749
-5.162299 -14.984407 -571.801752 966.970219 -0.248128 0.873413 -0.419025 0.059640 0.445505 0.893291 -0.966890 -0.196660 0.162633
-39.015523 -334.836380 -1093.718372 25954.623437 -0.256492 0.966536 -0.004564 0.656829 0.177765 0.732786 -0.709075 -0.184956 0.680444
-8.818706 -235.851020 291.529377 22039.407317 -0.227325 0.949400 0.216712 0.487804 -0.081590 0.869132 -0.842835 -0.303288 0.444574
2.948294 -13.825545 -68.999882 409.198145 -0.101557 0.696747 -0.710091 -0.157248 0.693565 0.703022 -0.982323 -0.183057 -0.039125
0.770954 -0.985499 -0.172168 -34.734457 -0.494484 0.619251 -0.609929 0.446230 0.783053 0.433252 0.745898 -0.057933 -0.663536
0.644819 -1.073678 16.847598 -32.205651 -0.537622 0.528629 -0.656897 0.377856 0.847506 0.372772 0.753782 -0.047801 -0.655384
0.448220 -1.318996 14.448308 44.726732 -0.435996 0.724542 -0.533804 -0.502593 -0.688065 -0.523419 0.746530 -0.040077 -0.664143
0.411269 -1.471172 -18.972435 56.913014 -0.327061 0.847834 -0.417383 -0.589715 -0.528234 -0.610905 0.738422 -0.046333 -0.672745
0.708649 -1.157327 2.685242 -34.054615 -0.461405 0.685538 -0.563155 0.494673 0.725726 0.478142 0.736481 -0.057960 -0.673971
-2.115005 -6.161759 0.158769 12.278603 -0.326326 0.899134 -0.291666 -0.597359 0.042973 0.800822 -0.732580 -0.435558 -0.523083
-2.000404 -6.367949 31.667393 8.500184 -0.261550 0.910392 -0.320590 -0.711685 0.042466 0.701214 -0.651994 -0.411562 -0.636805
-1.311534 -6.452148 -69.201771 5.158524 -0.405108 0.873706 -0.269307 -0.666839 -0.080849 0.740803 -0.625471 -0.479689 -0.615374
-0.970308 -6.380670 -90.133225 7.560720 -0.463186 0.858540 -0.219926 -0.554683 -0.087286 0.827471 -0.691220 -0.505262 -0.516647
-1.776039 -6.127334 -68.739718 13.088078 -0.469596 0.863672 -0.183169 -0.441173 -0.049842 0.896037 -0.764752 -0.501585 -0.404435
-2.636221 -5.886991 3.177338 22.552981 -0.353267 0.901429 -0.250255 -0.465906 0.062448 0.882628 -0.811255 -0.428399 -0.397920
-6.134413 -6.661027 -8.441991 91.784777 0.563461 0.747884 0.350973 0.808101 -0.587246 -0.045991 0.171711 0.309536 -0.935256
-5.210543 -6.182687 -217.870734 42.396406 -0.463311 0.881455 0.091541 -0.858758 -0.421060 -0.291964 0.218809 0.213881 -0.952039
-5.134135 -6.673251 -59.875157 -157.393308 0.862552 0.469679 0.188163 -0.499101 0.850885 0.163993 0.083081 0.235365 -0.968350
-5.007222 -5.480267 -54.636121 171.775354 0.904788 0.391835 0.166805 -0.425756 0.841049 0.333719 0.009529 0.372963 -0.927797
6.967890 -47.372656 -300.826460 -927.299167 -0.106330 -0.663736 0.740371 0.993788 -0.095551 0.057065 0.032867 0.741839 0.669772
2.276959 -39.827325 -144.275343 -93.481402 0.041993 -0.712201 0.700718 0.934520 -0.220089 -0.279701 0.353424 0.666581 0.656324
4.652460 -40.921386 -639.334767 -1131.665398 0.116148 -0.688530 0.715846 0.972956 -0.066014 -0.221359 0.199668 0.722197 0.662242
13.640048 -59.331671 -1033.447204 -2605.917836 -0.116076 -0.571540 0.812323 0.971529 0.104735 0.212515 -0.206539 0.813863 0.543110
0.267961 -13.478708 -16.087095 -135.494169 0.510315 -0.169259 -0.843167 0.757654 0.552339 0.347681 0.406866 -0.816255 0.410107
0.273316 -11.862318 -13.902403 -39.064947 0.474553 -0.188100 -0.859894 0.831226 0.417160 0.367479 0.289590 -0.889155 0.354318
-0.337564 -12.338499 -21.425430 -117.386734 0.505403 -0.182798 -0.843299 0.767178 0.542543 0.342178 0.394976 -0.819898 0.414441
-0.532462 -5.021762 52.368340 -8.715367 -0.859895 0.441296 0.256589 0.470377 0.880253 0.062446 -0.198306 0.174391 -0.964501
-0.660367 -4.662571 26.687978 -38.221445 -0.883338 0.400532 0.243490 0.411782 0.911268 -0.005131 -0.223940 0.095732 -0.969890
-0.283260 -4.394908 6.375240 -2.355201 -0.826993 0.501903 0.253329 0.523685 0.851620 0.022317 -0.204539 0.151121 -0.967123
174.523632 -9.634158 -12685.090138 -316.072990 -0.583064 0.812157 0.020888 -0.686978 -0.506595 0.520982 -0.433701 -0.289416 -0.853312
144.882126 -9.143366 -10961.514089 -261.245069 -0.537062 0.843210 0.023709 -0.720107 -0.472930 0.507722 -0.439329 -0.255605 -0.861194
106.016717 -19.175943 -7288.032170 -543.042672 -0.632875 0.766821 0.107028 -0.598028 -0.571934 0.561475 -0.491764 -0.291338 -0.820543
148.743689 -21.482104 -11088.374397 -945.991941 -0.505630 0.854714 0.117482 -0.697427 -0.485092 0.527524 -0.507871 -0.184797 -0.841378
41.738415 -10.310993 -3866.173269 -202.349543 -0.556323 0.828228 0.067397 -0.642793 -0.480325 0.596745 -0.526614 -0.288661 -0.799595
72.880549 -16.251465 -4758.764360 -516.556470 -0.518302 0.793446 0.319073 -0.634677 -0.606945 0.478334 -0.573191 -0.045413 -0.818162
59.400440 -14.369227 -3974.759580 16.269873 -0.679810 0.683549 0.265743 -0.455375 -0.677459 0.577653 -0.574884 -0.271682 -0.771814
-0.291074 -9.205644 -20.199668 -175.961780 -0.358813 -0.028538 0.932973 0.854868 -0.411369 0.316192 0.374772 0.911022 0.172001
-0.208855 -8.129758 -10.468582 21.403322 -0.392827 -0.035942 0.918910 0.863204 -0.358990 0.354972 0.317121 0.932649 0.172046
-0.684974 -9.193268 0.021375 -201.059148 -0.411171 -0.043850 0.910503 0.848044 -0.384715 0.364438 0.334303 0.921993 0.195370
-0.781750 -10.377264 3.166906 -20.130878 0.215719 0.583062 -0.783265 0.701825 0.465131 0.539533 -0.678902 0.666102 0.308870
-0.903005 -10.128776 7.893373 -24.617590 0.199093 0.595176 -0.778542 0.709144 0.460818 0.533630 -0.676370 0.658341 0.330320
-0.775308 -10.488998 -4.256043 -4.129228 -0.203887 -0.575102 0.792267 0.827514 0.331184 0.453362 -0.523116 0.748047 0.408381
-0.858205 -9.537634 11.236856 -39.448711 0.222520 0.601525 -0.767237 0.558361 0.566487 0.606074 -0.799199 0.563258 0.209813
-0.722511 -10.638376 3.193105 10.071565 -0.222320 -0.567594 0.792724 0.821619 0.328665 0.465749 -0.524896 0.754862 0.393278
-0.747117 -9.919792 2.565814 -47.697814 0.227737 0.589622 -0.774908 0.548191 0.580082 0.602488 -0.804750 0.562006 0.191120
-0.773929 -10.545546 -6.958926 -9.721031 0.224083 0.576918 -0.785463 0.698093 0.467366 0.542435 -0.680039 0.669877 0.298013
20.345795 -6.740445 -711.311318 -55.280986 -0.197849 0.471250 -0.859523 0.369420 0.848048 0.379924 0.907956 -0.242358 -0.341875
25.267432 -7.737975 -1047.214266 -55.907324 -0.205588 0.519063 -0.829643 0.235898 0.849039 0.472742 0.949782 -0.098521 -0.296998
25.760892 -7.415967 -212.753197 -86.799390 -0.464811 0.501859 -0.729444 0.347851 0.861112 0.370792 0.814218 -0.081389 -0.574826
13.888716 -7.116518 -712.424561 -45.893666 -0.047184 0.470509 -0.881133 0.335343 0.838381 0.429723 0.940914 -0.275206 -0.197340
20.962467 -5.628694 -497.469430 -58.192912 -0.363877 0.451510 -0.814697 0.443601 0.853099 0.274662 0.819031 -0.261458 -0.510714
15.135836 -5.800279 -526.894234 -16.862855 -0.163356 0.422392 -0.891571 0.460172 0.832004 0.309857 0.872672 -0.359659 -0.330286
9.987602 -6.269193 -437.132060 -9.381723 -0.070348 0.444761 -0.892882 0.441789 0.816418 0.371866 0.894357 -0.368305 -0.253924
-0.561334 -17.503575 -5.603542 139.438376 -0.512862 -0.496849 0.700081 0.027233 0.805671 0.591736 -0.858039 0.322545 -0.399668
-0.506119 -16.723953 8.025618 137.860188 -0.513537 -0.495294 0.700687 -0.015396 0.821775 0.569604 -0.857929 0.281725 -0.429638
-0.521773 -17.147095 -4.018405 -54.537080 -0.510473 -0.484042 0.710718 -0.175554 0.867775 0.464916 -0.841783 0.112557 -0.527951
-0.881922 -17.891364 -30.374086 -36.877090 -0.508651 -0.488447 0.709009 -0.140054 0.859470 0.491625 -0.849505 0.150766 -0.505579
-0.937684 -18.039659 -30.508834 202.387690 -0.509506 -0.500293 0.700079 0.075998 0.784260 0.615761 -0.857104 0.366938 -0.361564
-6.318109 -16.353447 -207.808869 -107.913859 -0.546741 0.731435 -0.407526 0.051983 0.515426 0.855356 -0.835687 -0.446473 0.319827
-4.199369 -16.354289 -131.792720 -16.961245 -0.581256 0.722206 -0.374914 0.096393 0.518608 0.849561 -0.807991 -0.457673 0.371059
-7.213222 -17.653051 -237.627523 -148.963675 -0.563925 0.685990 -0.459789 0.141241 0.628676 0.764733 -0.813658 -0.366311 0.451417
-10.156305 -18.280264 -324.122396 -243.963872 -0.504402 0.679364 -0.532957 0.086176 0.653753 0.751785 -0.859158 -0.333274 0.388299
-11.153493 -19.312405 292.648495 -197.815625 0.535249 -0.560997 0.631498 0.149323 0.798673 0.582945 -0.831391 -0.217724 0.511259
-8.086371 -18.077040 239.322343 -115.920604 0.587903 -0.625103 0.513435 0.220356 0.734459 0.641882 -0.778340 -0.264226 0.569536
-0.961013 -7.797223 20.866283 207.164656 0.805499 -0.590141 0.053899 -0.424112 -0.510568 0.747963 0.413885 0.625342 0.661548
-1.024992 -7.324429 1.622759 176.224829 0.776604 -0.616168 0.131239 -0.483773 -0.449834 0.750742 0.403547 0.646519 0.647428
-1.437820 -5.775984 25.698547 75.666306 0.826172 -0.563147 0.017464 -0.407416 -0.575720 0.708914 0.389169 0.592800 0.705078
-4.526522 -12.484835 -6.173487 -0.899610 0.835834 -0.475439 0.274480 0.539243 0.804778 -0.248090 0.102944 -0.355374 -0.929038
-4.430230 -12.594450 -18.885391 -4.648887 0.817925 -0.533905 0.214345 0.573557 0.727525 -0.376483 -0.045065 -0.430874 -0.901286
-4.242347 -12.529825 -19.361598 -4.672060 0.831343 -0.513724 0.212027 0.550722 0.812748 -0.190120 0.074656 -0.274823 -0.958592
2.019919 -41.317691 -156.542828 -1521.406027 0.232300 0.373439 -0.898098 0.766836 0.497693 0.405295 0.598330 -0.782844 -0.170753
1.395287 -52.755472 -153.910761 -2847.341725 0.373147 0.455464 -0.808278 0.689566 0.446694 0.570055 0.620693 -0.770076 -0.147390
12.503815 -84.597149 -507.208948 -4920.972200 0.240816 0.358112 -0.902088 0.515921 0.740022 0.431501 0.822091 -0.569319 -0.006548
-2.334036 -34.275370 -74.021819 -1708.016821 0.365506 0.453071 -0.813100 0.836297 0.223684 0.500573 0.408672 -0.862956 -0.297144
9.896214 -60.937177 -245.808680 -2689.654287 -0.022762 0.270931 -0.962330 0.653173 0.732763 0.190850 0.756866 -0.624224 -0.193644
-2.247865 -27.502911 104.889639 -1017.059809 0.056166 0.340848 -0.938439 0.884473 0.419074 0.205147 0.463199 -0.841546 -0.277934
-4.029922 -25.587135 -115.451602 -963.249824 0.260186 0.425318 -0.866838 0.899603 0.219331 0.377636 0.350740 -0.878065 -0.325550
0.982767 -17.903630 -33.456127 160.338934 0.532460 0.570432 -0.625374 0.799437 -0.581706 0.150062 -0.278184 -0.579849 -0.765760
0.980792 -13.940523 -30.020237 15.895004 0.595670 0.523006 -0.609625 0.782979 -0.547428 0.295409 -0.179225 -0.653289 -0.735589
1.282965 -15.512364 -25.834675 28.471509 0.628216 0.511112 -0.586608 0.771469 -0.506983 0.384453 -0.100902 -0.694070 -0.712802
81.631741 -1447.612679 -4878.554397 -185310.350106 0.970964 0.196946 -0.135796 0.177937 -0.215158 0.960232 -0.159897 0.956514 0.243954
-1.259968 -250.285382 -589.326314 -7375.940275 0.979667 0.160115 -0.120896 0.187686 -0.944326 0.270226 0.070898 0.287422 0.955177
-12.217207 -285.081272 -1201.968105 4104.666395 0.974185 0.172438 -0.145698 0.225620 -0.765524 0.602552 0.007633 0.619869 0.784668
-88.109315 -1117.169050 -4334.150464 40463.327824 0.972353 -0.002319 0.233503 -0.224882 -0.278677 0.933685 -0.062907 0.960382 0.271494
2.691173 -165.453441 -1871.329953 11803.132402 0.972095 0.172970 -0.158469 0.009894 0.644692 0.764378 -0.234378 0.744617 -0.624991
2.603840 -1.256813 -184.012177 -27.778954 -0.769438 0.616892 0.165558 0.566207 0.778727 -0.270175 -0.295593 -0.114143 -0.948470
3.861071 -1.630978 -153.613758 -47.763438 -0.694936 0.692846 0.192429 0.634680 0.716795 -0.288765 -0.338002 -0.078542 -0.937862
3.840971 -1.183357 -199.569622 -13.586534 -0.759523 0.622728 0.187978 0.567158 0.775485 -0.277407 -0.318523 -0.104083 -0.942184
2.663454 -1.745799 -147.717328 -50.690860 -0.730257 0.660192 0.175703 0.609736 0.745835 -0.268237 -0.308134 -0.088750 -0.947194
2.052902 -1.142346 -209.027573 14.928745 -0.789072 0.594388 0.155140 0.546446 0.794537 -0.264777 -0.280645 -0.124153 -0.951748
1.288456 -1.518155 -133.858804 -39.277088 -0.808348 0.563219 0.171342 0.517114 0.818411 -0.250590 -0.281366 -0.113961 -0.952810
0.763202 -1.272741 -143.976394 -2.424469 -0.809163 0.564957 0.161486 0.518150 0.815670 -0.257299 -0.277083 -0.124523 -0.952743
0.173096 -13.553690 -33.829933 -60.059063 -0.661803 0.712245 -0.233932 -0.101530 0.224015 0.969283 -0.742771 -0.665226 0.075939
-0.037209 -13.287947 -7.382072 -118.660091 -0.645451 0.714021 -0.271231 -0.104480 0.269232 0.957391 -0.756622 -0.646288 0.099175
0.190340 -12.829960 -18.177418 -30.140667 -0.653790 0.714579 -0.248868 -0.176357 0.175939 0.968475 -0.735837 -0.677069 -0.010994
0.518846 -12.956757 -32.930345 -7.097910 -0.664029 0.714650 -0.219865 -0.223779 0.090625 0.970418 -0.713434 -0.693586 -0.099746
0.081222 -7.464528 -8.270344 -120.852807 0.176771 0.975834 0.128450 -0.818684 0.218221 -0.531165 0.546359 0.011266 -0.837475
0.174815 -8.546376 -44.415997 -122.331131 0.171120 0.978166 0.117938 -0.858217 0.206780 -0.469793 0.483923 0.020825 -0.874863
0.048710 -8.665508 22.780567 -111.153031 0.142594 0.981796 0.125477 -0.875917 0.184206 -0.445913 0.460909 0.046323 -0.886238
-0.215809 -7.883831 6.500309 -117.296789 0.145145 0.981158 0.127525 -0.845324 0.189953 -0.499345 0.514160 0.035323 -0.856966
4.434992 -4.412895 -287.559349 -94.461094 -0.830829 0.523953 -0.187606 0.526187 0.849341 0.041810 0.181248 -0.063978 -0.981354
8.034945 -3.035754 -385.684338 8.783813 -0.726123 0.677282 -0.118463 0.675288 0.734906 0.062437 0.129346 -0.034660 -0.990994
5.149306 -4.406552 -330.467934 26.814628 -0.718923 0.659699 -0.218969 0.670495 0.741233 0.031769 0.183265 -0.123978 -0.975215
7.176415 -3.022139 -445.189347 -75.746849 -0.786226 0.610024 -0.098587 0.606251 0.792358 0.068034 0.119618 -0.006279 -0.992800
1.959158 -5.789962 -140.622841 -60.969719 -0.812827 0.528319 -0.245340 0.540208 0.841249 0.021813 0.217916 -0.114805 -0.969192
2.588100 -5.158754 -65.983306 -61.847341 -0.883291 0.428424 -0.190391 0.422082 0.903465 0.074818 0.204065 -0.014275 -0.978853
3.942404 -4.627906 -203.100771 -180.864145 -0.897664 0.418266 -0.138755 0.413157 0.908324 0.065184 0.153298 0.001186 -0.988179
-152.907502 -448.210084 12683.046193 47637.255841 0.235070 -0.705749 0.668326 0.785375 -0.267187 -0.558388 0.572650 0.656147 0.491470
-39.941707 -267.090105 1625.493842 -14825.097697 0.328967 -0.867068 0.374131 0.871272 0.125869 -0.474386 0.364233 0.482027 0.796859
-38.319538 -360.933053 -1483.480630 8918.134109 -0.295940 0.853861 -0.428183 0.497415 -0.244931 -0.832218 0.815474 0.459271 0.352238
-63.838522 -1119.139886 -1865.532657 69379.752204 -0.413857 0.745355 -0.522654 0.160146 -0.505566 -0.847795 0.896145 0.434567 -0.089866
2.276533 -10.314858 -12.381372 111.652341 -0.615617 0.745758 0.254677 -0.545689 -0.636573 0.544976 -0.568541 -0.196522 -0.798837
2.605944 -10.043687 -29.385534 183.567974 -0.591622 0.758975 0.271919 -0.449611 -0.590563 0.670138 -0.669204 -0.274210 -0.690634
0.048412 -15.366178 -49.361771 -174.864620 -0.511534 0.858813 0.027805 -0.636853 -0.400654 0.658707 -0.576846 -0.319243 -0.751886
2.469534 -6.207214 -14.732300 -62.532438 -0.124809 0.974477 -0.186595 0.966303 0.162057 0.199988 -0.225123 0.155347 0.961866
1.940295 -7.151737 -27.435552 234.619612 -0.292685 0.926628 -0.236001 0.919701 0.340349 0.195735 -0.261696 0.159762 0.951836
2.259664 -9.229604 22.920336 54.715867 -0.229334 0.928349 -0.292530 0.943417 0.285963 0.167901 -0.239523 0.237472 0.941401
3.057982 -9.970974 -26.924753 -250.175530 0.096300 -0.964608 0.245473 0.979177 0.136089 0.150640 -0.178715 0.225855 0.957628
3.270526 -7.549292 -28.052288 -260.641962 -0.009676 0.990884 -0.134368 0.980302 0.035908 0.194213 -0.197267 0.129842 0.971713
-6.692058 -10.317957 -24.527279 -48.107622 -0.088759 0.899803 -0.427172 -0.283132 -0.433965 -0.855284 0.954965 -0.045032 -0.293282
-5.263471 -9.437427 26.533046 -37.005545 -0.068899 0.786324 -0.613960 -0.236692 -0.610735 -0.755632 0.969139 -0.093257 -0.228196
3.240943 -12.378844 71.288129 -169.014973 -0.497704 0.858009 0.126927 0.637504 0.461104 -0.617229 0.588115 0.226281 0.776478
3.824296 -11.874021 75.079096 -144.452405 -0.511968 0.829541 0.223048 0.594245 0.529524 -0.605374 0.620292 0.177387 0.764050
4.940379 -9.789490 71.853603 -74.171698 -0.479999 0.862482 0.160395 0.724338 0.492787 -0.482177 0.494910 0.115264 0.861266
2.750528 -12.825003 35.768474 -147.238196 -0.513295 0.834477 0.200440 0.483216 0.474033 -0.736068 0.709247 0.280964 0.646551
3.873767 -9.738049 52.359576 -148.717109 -0.467316 0.882383 0.054907 0.749342 0.428283 -0.505036 0.469151 0.194868 0.861350
2.238164 -13.499522 44.193313 -145.393075 -0.506897 0.852532 0.127451 0.510749 0.416147 -0.752301 0.694399 0.316244 0.646374
2.625582 -12.009161 34.019650 -222.563664 -0.476624 0.876763 0.064158 0.665442 0.407511 -0.625398 0.574471 0.255386 0.777664
-6.728948 -7.746520 -51.796630 44.375639 0.543190 -0.689903 -0.478517 0.626027 0.712581 -0.316729 0.559495 -0.127521 0.818965
-6.338171 -8.432663 39.282962 48.481911 -0.433150 0.838836 0.329750 0.801840 0.525708 -0.284048 0.411622 -0.141372 0.900323
-7.178166 -8.224174 54.399266 41.897539 -0.505144 0.718424 0.478221 0.719647 0.656500 -0.226088 0.476380 -0.229943 0.848639
0.337400 -3.504531 -12.461969 12.839796 0.132814 0.896680 0.422286 -0.210731 0.441866 -0.871979 0.968480 -0.026822 -0.247644
0.354387 -3.416990 0.011879 77.309802 0.110254 0.923627 0.367092 -0.282077 0.383236 -0.879524 0.953035 0.006577 -0.302788
0.115397 -3.258144 -37.996064 75.076168 0.124016 0.929901 0.346272 -0.277795 0.367549 -0.887546 0.952602 -0.013877 -0.303903
-0.170182 -3.208924 -38.254765 9.960839 0.143105 0.890137 0.432640 -0.214759 0.454652 -0.864390 0.966126 -0.030785 -0.256228
0.478093 -3.078267 3.477764 -65.323470 0.151116 0.814507 0.560127 -0.112846 0.577144 -0.808808 0.982054 -0.059016 -0.179129
-1.938428 -4.567133 5.991490 -47.218929 0.888205 0.304642 0.343926 0.376785 -0.911338 -0.165821 -0.262917 -0.276869 0.924239
-2.908029 -5.032333 12.383501 -32.898293 0.894758 0.273302 0.353149 0.374439 -0.890097 -0.259853 -0.243318 -0.364738 0.898756
-2.486668 -5.224293 21.151117 -50.705998 0.777658 0.511552 0.365462 0.588649 -0.796603 -0.137537 -0.220771 -0.322086 0.920609
10.348148 -6.503769 14.594571 -19.269411 0.513550 -0.763698 -0.391192 0.786774 0.237168 0.569858 -0.342421 -0.600430 0.722656
8.177637 -4.601973 111.394571 -21.708457 0.541185 -0.662332 -0.518107 0.797682 0.209361 0.565572 -0.266125 -0.719364 0.641633
9.183068 -5.981548 91.641124 -13.389669 0.588666 -0.716319 -0.374645 0.725398 0.263556 0.635874 -0.356749 -0.646084 0.674763
10.124847 -8.172273 13.700725 0.203663 0.538322 -0.802545 -0.257160 0.719524 0.278829 0.636035 -0.438742 -0.527425 0.727550
11.000991 -7.925655 -15.552732 38.037512 0.485526 -0.818239 -0.307813 0.801796 0.276463 0.529803 -0.348407 -0.504036 0.790291
-0.645473 -7.981248 -24.416208 9.638983 0.123456 0.939911 -0.318316 -0.897301 0.242724 0.368694 -0.423803 -0.240108 -0.873349
0.645420 -15.640499 7.453679 -203.701390 -0.500633 0.862463 0.074326 0.600751 0.284327 0.747165 -0.623269 -0.418707 0.660469
0.659512 -17.494364 -1.159921 -256.177582 -0.539378 0.838366 0.078825 0.579085 0.301341 0.757531 -0.611335 -0.454243 0.648022
0.860166 -14.818152 5.040780 32.965054 -0.469656 0.875914 0.110445 0.545765 0.189720 0.816178 -0.693948 -0.443600 0.567147
0.468956 -18.481121 5.114554 -276.935640 -0.567381 0.821985 0.049198 0.646555 0.407697 0.644786 -0.509947 -0.397649 0.762778
0.480691 -13.792321 16.478772 24.261698 -0.432048 0.895834 0.104001 0.568834 0.181205 0.802242 -0.699830 -0.405766 0.587870
0.393844 -13.889699 13.744188 -112.225089 -0.460792 0.883831 0.080706 0.638165 0.266765 0.722206 -0.616778 -0.384291 0.686953
0.473583 -16.223912 5.591497 -187.472541 -0.529790 0.846229 0.056744 0.675687 0.380689 0.631287 -0.512611 -0.372790 0.773471
2.269202 -3.354049 -152.965432 -30.121991 0.125366 0.931564 0.341279 -0.041706 0.348637 -0.936329 0.991234 -0.103150 -0.082559
3.448169 -3.332469 -148.419470 -22.592717 0.110263 0.891385 0.439631 0.031718 0.438947 -0.897953 0.993396 -0.112955 -0.020127
4.199250 -3.821220 -232.106892 -20.204569 0.119244 0.933806 0.337323 -0.055576 0.345493 -0.936774 0.991308 -0.092957 -0.093095
0.265362 -15.009098 8.141796 -102.984157 -0.135039 0.973915 -0.182355 0.853779 0.020977 -0.520213 0.502819 0.225940 0.834341
0.269949 -16.944395 8.741874 -144.797488 -0.152812 0.977176 -0.147567 0.750831 0.017708 -0.660257 0.642574 0.211693 0.736400
-0.246874 -17.083197 1.674786 -20.382427 -0.169130 0.979320 -0.111027 0.606474 0.014612 -0.794969 0.776907 0.201788 0.596404
0.603678 -10.890284 -28.266243 30.941587 -0.323645 -0.789040 0.522178 0.881685 -0.051233 0.469049 -0.343346 0.612202 0.712266
0.642082 -10.372019 -22.102459 -71.805549 -0.325621 -0.786861 0.524234 0.793937 0.073546 0.603535 -0.513454 0.612732 0.600770
0.161895 -10.706201 -13.258515 26.293388 -0.338994 -0.790280 0.510432 0.866745 -0.051371 0.496098 -0.365835 0.610589 0.702386
4.871965 -16.525523 118.846517 176.843542 -0.015417 0.998471 0.053080 0.137705 -0.050460 0.989187 -0.990353 -0.022559 0.136716
2.548599 -16.789153 72.353218 -28.721811 -0.034311 0.997572 0.060602 -0.104526 -0.063887 0.992468 -0.993930 -0.027718 -0.106465
1.121631 -16.287942 25.546793 -85.674746 0.007711 0.997651 -0.068071 -0.194126 0.068271 0.978598 -0.980946 -0.005669 -0.194196
-16.360836 -53.541189 419.316725 2496.728512 -0.464331 -0.312324 -0.828764 0.862616 -0.371561 -0.343272 -0.200724 -0.874297 0.441943
-15.232238 -225.282384 516.334913 15576.566808 -0.602589 -0.269691 -0.751102 0.722060 -0.585075 -0.369212 -0.339878 -0.764823 0.547292
-8.857597 -83.114090 477.603697 4971.971466 -0.561245 -0.098191 -0.821805 0.727720 -0.531523 -0.433483 -0.394244 -0.841333 0.369770
-8.697979 -111.927215 -405.381793 7164.533241 0.623853 0.113575 0.773245 0.535101 -0.783184 -0.316684 -0.569626 -0.611329 0.549366
-22.785530 -219.699279 -414.023337 -17069.840435 0.607614 0.347470 0.714192 -0.486840 0.873425 -0.010750 -0.627528 -0.341166 0.699867
-3.569021 -34.342812 -574.698775 -1945.460354 0.020673 0.999524 -0.022913 0.974720 -0.025249 -0.222000 0.222472 0.017744 0.974777
-12.153303 -37.902806 -1457.343420 -2372.669923 0.004506 0.998928 -0.046063 0.985845 -0.012157 -0.167216 0.167597 0.044657 0.984844
-16.085951 -17.540733 287.730454 -692.923845 0.341805 -0.930274 0.133267 0.938879 0.331855 -0.091528 0.040921 0.156407 0.986845
-0.958054 -21.751104 12.203708 70.786222 -0.779176 0.081880 0.621434 0.366527 0.863779 0.345753 -0.508471 0.497174 -0.703047
-0.993307 -22.662735 9.783043 37.914092 -0.789127 0.086850 0.608059 0.260337 0.943928 0.203038 -0.556330 0.318523 -0.767489
-0.844810 -22.461703 2.860650 56.921248 -0.783642 0.076152 0.616527 0.227989 0.958458 0.171401 -0.577863 0.274879 -0.768451
-8.066978 -62.840103 -58.200757 -3549.261774 -0.516194 0.820431 0.245838 -0.780693 -0.568766 0.258889 -0.352225 0.058287 -0.934099
-8.369627 -48.223426 -161.937614 -1964.527417 -0.449575 0.846121 0.286288 -0.719733 -0.532956 0.444907 -0.529025 0.006032 -0.848585
-7.580355 -42.775128 -17.146705 -1754.508484 -0.360105 0.855154 0.372874 -0.749138 -0.503267 0.430715 -0.555983 0.124232 -0.821857
-6.479870 -28.770132 45.088639 -1271.938003 -0.337144 0.891603 0.302288 -0.879735 -0.412703 0.236099 -0.335262 0.186334 -0.923515
3.825157 -21.883713 -172.629529 739.672308 0.397667 -0.699573 -0.593682 0.898710 0.427361 0.098398 0.184880 -0.572678 0.798661
0.881700 -14.722794 -148.177400 46.704094 0.544909 -0.598977 -0.586772 0.777421 0.623087 0.085909 0.314152 -0.502981 0.805182
-0.151504 -8.617727 10.134873 -196.887920 -0.436171 0.770149 -0.465431 0.629607 -0.108355 -0.769320 0.642923 0.628594 0.437630
-0.624318 -8.410082 -47.234638 -155.166040 0.515329 -0.771849 0.372404 0.614827 0.030256 -0.788082 0.597013 0.635085 0.490145
-0.195119 -9.274041 19.633715 -151.438477 -0.404735 0.751791 -0.520577 0.591216 -0.219166 -0.776164 0.697606 0.621914 0.355766
0.800814 -12.005113 -21.917741 49.985342 -0.157643 0.969255 -0.188924 0.933294 0.208751 0.292209 -0.322663 0.130257 0.937508
0.637751 -11.596591 -64.908903 -67.010599 0.152591 -0.951295 0.267868 0.980393 0.179900 0.080409 -0.124682 0.250346 0.960094
-5.846506 -9.431724 -128.525630 72.282875 -0.348305 0.580309 -0.736155 -0.451473 0.584391 0.674284 0.821496 0.567211 0.058448
0.128895 -6.688739 2.333352 -10.269794 0.301115 0.923347 -0.238245 -0.813458 0.379095 0.441105 -0.497610 -0.060979 -0.865255
-0.129092 -6.868758 14.850045 -11.638855 0.318796 0.918730 -0.233033 -0.740164 0.394885 0.544264 -0.592053 0.001027 -0.805898
0.036966 -7.159042 7.927829 -4.727697 0.341513 0.902671 -0.261828 -0.700273 0.430185 0.569701 -0.626887 0.011209 -0.779030
10.617699 -3.105341 -249.146862 -23.660400 -0.129819 0.884542 0.448032 -0.307968 0.393537 -0.866189 0.942498 0.250428 -0.221322
9.445426 -3.338823 -243.906705 9.418537 -0.084266 0.881051 0.465456 -0.268073 0.429850 -0.862186 0.959706 0.197429 -0.199964
9.327973 -3.525324 -163.489331 -11.219929 -0.178526 0.841719 0.509547 -0.250061 0.462049 -0.850870 0.951629 0.279320 -0.127993
-146.031799 -972.884597 2867.039529 144939.775845 0.919904 -0.325987 -0.217968 0.388425 0.833829 0.392243 -0.053882 0.445490 -0.893664
