17641
35260
-4.094084 -4.849100 -8.705040 49.655143 0.041048 -0.705518 -0.707503 0.983198 0.154577 -0.097100 0.177870 -0.691629 0.700008
-3.540738 -5.150274 -14.966886 17.048893 -0.324666 -0.725033 -0.607387 0.940514 -0.179492 -0.288473 0.100131 -0.664913 0.740178
-4.906074 -6.183743 -4.818188 65.312918 0.309189 -0.702721 -0.640769 0.950935 0.236395 0.199602 0.011210 -0.671045 0.741332
-2.914528 -4.582745 -6.800878 25.794482 -0.612168 -0.667355 -0.424132 0.771766 -0.387503 -0.504202 0.172130 -0.635987 0.752258
-4.883407 -8.689041 -7.769077 148.104137 0.653935 -0.509577 -0.559196 0.754505 0.493582 0.432549 0.055592 -0.704775 0.707249
-4.059457 -7.830681 8.883580 136.158453 0.601265 -0.451738 -0.659101 0.772003 0.541209 0.333324 0.206136 -0.709243 0.674153
-3.415764 -3.923657 22.108512 52.594749 0.345708 -0.546514 -0.762763 0.888935 0.451043 0.079724 0.300468 -0.705608 0.641744
-2.706943 -4.058654 7.798225 37.338425 0.691584 0.630428 0.352522 0.672459 -0.383825 -0.632833 0.263649 -0.674714 0.689384
2.236923 -4.093814 -28.471633 -11.716076 -0.240105 -0.635037 -0.734219 0.188646 0.711402 -0.676993 0.952240 -0.301058 -0.051014
2.074533 -2.762689 -1.120013 -33.089159 -0.332139 -0.626147 -0.705424 0.217797 0.676760 -0.703250 0.917741 -0.387216 -0.088406
2.060273 -3.089485 -23.698757 -40.063254 -0.205159 -0.532450 -0.821223 0.351258 0.743115 -0.569559 0.913525 -0.405311 0.034571
1.317063 -4.468523 -19.727497 -16.953604 -0.158985 -0.522939 -0.837412 0.315284 0.776895 -0.545006 0.935585 -0.350670 0.041360
1.760406 -3.658303 -45.110382 -11.759315 -0.092088 -0.426012 -0.900019 0.448112 0.789431 -0.419517 0.889222 -0.441942 0.118204
3.218489 -1.853041 -88.568406 11.920683 -0.041025 -0.227629 -0.972883 0.498438 0.839230 -0.217376 0.865954 -0.493840 0.079029
7.629474 -1.909132 -308.735871 53.615658 0.412173 0.637058 -0.651360 -0.391538 -0.521682 -0.757988 0.822686 -0.567454 -0.034409
3.744075 -2.274386 -289.730579 55.309287 0.502413 0.738103 -0.450316 -0.272999 -0.358759 -0.892616 0.820398 -0.571398 -0.021257
9.487372 -3.876396 -379.242418 48.069900 0.467169 0.689173 -0.553890 -0.288838 -0.473127 -0.832300 0.835659 -0.548809 0.021971
3.084786 -5.976494 103.529565 -71.802891 -0.053325 -0.136153 -0.989252 0.998375 0.012674 -0.055561 0.020103 -0.990607 0.135255
1.980729 -6.445307 51.379934 -5.852741 0.000072 -0.123199 -0.992382 0.999928 0.011941 -0.001410 0.012024 -0.992310 0.123190
4.278381 -5.805317 134.042737 -21.326148 -0.157404 -0.095443 -0.982911 0.981565 -0.124392 -0.145110 -0.108417 -0.987632 0.113263
5.027160 -4.808499 105.504854 -84.202483 -0.171171 -0.210992 -0.962384 0.984425 -0.076378 -0.158347 -0.040095 -0.974499 0.220779
-1.285783 -3.839573 -19.989050 13.408335 0.088576 0.879268 0.468020 -0.106957 0.475546 -0.873164 0.990310 -0.027284 -0.136166
-1.547801 -3.641742 3.388123 6.471038 0.005099 0.825304 0.564666 -0.153672 0.558613 -0.815068 0.988109 0.082617 -0.129675
-1.377154 -3.857181 5.627047 5.483475 0.021511 0.837437 0.546111 -0.027563 0.546526 -0.836988 0.999389 -0.002952 -0.034839
-1.121552 -4.089170 -11.138524 5.796035 0.065780 0.847939 0.525996 0.070787 0.521845 -0.850098 0.995320 -0.093153 0.025696
-0.858371 -4.161086 -27.296428 14.760715 0.118949 0.875648 0.468072 -0.000700 0.471493 -0.881870 0.992900 -0.104570 -0.056697
-2.060221 -4.417282 -77.173524 4.579541 -0.320397 -0.390260 -0.863159 0.904856 0.143559 -0.400782 0.280323 -0.909444 0.307134
-1.838346 -4.561434 -66.635952 -1.970581 -0.320167 -0.384684 -0.865743 0.933762 0.026146 -0.356939 0.159944 -0.922678 0.350832
-2.613786 -4.614645 -19.066621 8.038962 -0.518925 -0.329460 -0.788780 0.818303 0.075362 -0.569825 0.247179 -0.941157 0.230492
-0.718059 -4.169920 -67.895690 -2.101448 -0.177027 -0.413901 -0.892943 0.969064 0.085234 -0.231626 0.171980 -0.906323 0.386008
-2.858357 -4.206321 -36.033648 18.569382 -0.466591 -0.346938 -0.813588 0.804942 0.214653 -0.553167 0.366554 -0.912994 0.179110
-0.676336 -4.230588 -71.904835 1.236711 -0.250612 -0.413884 -0.875153 0.923222 0.169835 -0.344698 0.291297 -0.894346 0.339545
-2.011677 -4.085922 -80.555370 15.038164 -0.335248 -0.395267 -0.855203 0.853529 0.256882 -0.453321 0.398869 -0.881916 0.251252
-0.821065 -5.102618 -11.903645 -29.164353 -0.072634 -0.594081 -0.801119 0.316622 0.747955 -0.583364 0.945767 -0.296024 0.133773
-1.407178 -5.048982 12.140145 18.863184 0.136083 0.655320 0.742992 0.425954 0.638408 -0.641092 0.894452 -0.403722 0.192260
-1.224232 -4.648336 -1.144359 -34.301000 -0.070796 -0.440611 -0.894902 0.387830 0.814406 -0.431660 0.919008 -0.377630 0.113225
0.222180 -11.099549 0.789316 74.214831 0.001762 0.072685 0.997353 0.312585 0.947337 -0.069592 -0.949888 0.311881 -0.021051
0.266262 -10.897507 1.255676 16.239040 0.019496 0.073302 0.997119 0.434845 0.897420 -0.074475 -0.900294 0.435044 -0.014379
0.264774 -10.734340 -0.386768 78.180889 0.007434 0.065299 0.997838 0.273537 0.959674 -0.064840 -0.961833 0.273427 -0.010727
1.314881 -2.630850 -2.253196 -1.034403 -0.392815 -0.197498 -0.898160 0.579250 0.705431 -0.408456 0.714259 -0.680707 -0.162704
1.129496 -2.480585 -7.807354 -1.249568 -0.398656 -0.263408 -0.878459 0.528864 0.716525 -0.454857 0.749250 -0.645917 -0.146340
0.959321 -2.464902 -2.438320 5.690524 -0.368973 -0.163065 -0.915024 0.539842 0.763803 -0.353801 0.756591 -0.624511 -0.193794
0.911061 -2.642719 12.937983 8.368143 -0.357564 -0.083196 -0.930175 0.581315 0.759706 -0.291409 0.730904 -0.644922 -0.223281
74.666050 -1.888435 4915.288923 -11.319480 0.919411 -0.144110 -0.365945 -0.151779 0.728367 -0.668165 -0.362832 -0.669861 -0.647796
92.131390 -0.003856 1916.869593 -15.715664 -0.775654 0.406069 0.483186 -0.053395 0.720592 -0.691300 -0.628896 -0.562009 -0.537248
69.333798 -1.553194 477.851598 -54.901459 -0.719340 0.393177 0.572679 -0.136418 0.728395 -0.671439 -0.681131 -0.561117 -0.470328
87.805765 -2.819799 3388.542522 -50.884223 -0.667047 0.430123 0.608312 -0.023600 0.803900 -0.594297 -0.744642 -0.410780 -0.526088
36.164696 -2.098573 -127.332491 5.428729 0.961430 -0.196625 -0.192332 0.040706 0.793275 -0.607502 -0.272023 -0.576241 -0.770682
33.597704 -1.878122 1003.082507 2.829028 -0.820800 0.347207 0.453579 0.056074 0.839201 -0.540922 -0.568456 -0.418555 -0.708286
1.694143 -1.992533 209.423400 -8.823095 -0.382871 -0.235552 -0.893267 0.547368 0.721087 -0.424761 0.744177 -0.651574 -0.147149
4.127900 -2.333286 234.554392 -8.721872 -0.352433 -0.250161 -0.901782 0.511864 0.755166 -0.409535 0.783445 -0.605924 -0.138097
1.558534 -2.400344 212.388225 -6.812690 -0.435213 -0.277984 -0.856338 0.461575 0.747742 -0.477316 0.773006 -0.602998 -0.197117
-1.553728 -4.611924 -6.942245 -48.050249 0.271177 0.117972 0.955273 -0.464508 0.885282 0.022534 -0.843027 -0.449843 0.294867
-1.905075 -5.377329 -5.448694 -62.159646 0.289872 0.205561 0.934729 -0.365437 0.926435 -0.090410 -0.884551 -0.315378 0.343667
-1.794757 -6.203951 -9.917200 -100.221608 0.198128 0.286095 0.937494 -0.426992 0.886123 -0.180179 -0.882283 -0.364604 0.297726
-0.624495 -12.135230 -4.570501 -72.997306 -0.571195 0.717309 0.399005 -0.606604 -0.696376 0.383524 -0.552963 0.022971 -0.832889
-0.602570 -10.942544 -4.961418 -87.971230 -0.552684 0.739058 0.385141 -0.721020 -0.655795 0.223749 -0.417937 0.154032 -0.895323
-0.486589 -12.882224 -7.289978 -82.543310 -0.579550 0.721518 0.378859 -0.634897 -0.691210 0.345158 -0.510909 0.040500 -0.858680
-0.693338 -10.585875 0.725888 -73.189095 -0.540016 0.735404 0.409346 -0.699471 -0.662633 0.267690 -0.468107 0.141769 -0.872226
-0.698702 -11.605002 1.491102 -73.182227 -0.560227 0.713815 0.420254 -0.580883 -0.700238 0.415020 -0.590525 0.011613 -0.806936
-1.828224 -3.927065 3.419503 -33.565694 -0.540577 -0.091697 0.836282 0.753259 -0.495450 0.432586 0.374669 0.863783 0.336900
-1.739964 -5.064914 -2.854145 -48.344572 -0.588255 -0.020831 0.808407 0.653344 -0.601342 0.459924 0.476548 0.798720 0.367352
-1.863157 -3.877837 1.457988 -25.813605 -0.522841 -0.062365 0.850146 0.757771 -0.490774 0.430028 0.390411 0.869052 0.303856
-1.773425 -3.325691 3.362238 -12.042508 -0.467894 -0.125655 0.874806 0.827477 -0.409951 0.383695 0.310415 0.903410 0.295791
-1.736677 -3.595947 7.588763 -21.313430 -0.509926 -0.045158 0.859032 0.764136 -0.482400 0.428236 0.395059 0.874786 0.280495
-1.721899 -3.269691 3.594178 -6.674425 -0.445855 -0.108494 0.888506 0.842187 -0.387089 0.375345 0.303208 0.915637 0.263958
0.992689 -1.342954 38.722213 -17.760792 0.728529 0.643041 -0.236101 0.274021 -0.589458 -0.759903 0.627820 -0.488915 0.605644
1.150633 -1.133150 24.282667 13.862940 0.783492 0.519759 -0.340575 -0.177644 0.712546 0.678764 0.595469 -0.471305 0.650607
0.105835 -1.013555 41.160588 17.699449 0.744682 0.582724 -0.325395 -0.216695 0.672228 0.707922 0.631263 -0.456665 0.626869
0.438957 -13.338984 -1.094245 96.156124 -0.450718 0.793095 0.409700 0.748561 0.085758 0.657497 0.486322 0.603031 -0.632332
0.399730 -13.951146 2.484852 -4.970391 -0.488424 0.774611 0.401772 0.833725 0.278345 0.476893 0.257575 0.567893 -0.781763
0.270146 -12.842990 -7.330654 44.424291 -0.444446 0.807058 0.388748 0.777178 0.131575 0.615372 0.445491 0.575626 -0.685706
0.304148 -12.083314 -5.752618 -77.606201 -0.427064 0.810004 0.401883 -0.679294 0.005947 -0.733842 0.596805 0.586394 -0.547691
2.182915 -7.733306 -0.044002 5.620282 -0.412796 0.315796 -0.854326 0.611493 -0.599070 -0.516906 -0.675038 -0.735791 0.054187
1.109956 -7.915657 -23.646568 38.573467 0.512859 -0.538641 0.668461 -0.320679 0.602095 0.731196 -0.796329 -0.589362 0.136059
1.059733 -6.606646 -12.011223 124.144013 0.431620 -0.328909 0.839954 -0.473211 0.710184 0.521258 -0.767968 -0.622461 0.150887
0.634665 -3.175466 4.345242 39.130869 -0.541937 -0.470910 -0.696095 0.140130 0.766044 -0.627328 0.828654 -0.437516 -0.349159
0.184256 -4.524280 -6.360309 49.638505 0.584028 0.616227 0.528371 0.091465 0.596813 -0.797150 0.806564 -0.513885 -0.292192
-0.029470 -3.757859 -2.559142 49.420290 -0.570613 -0.574157 -0.587150 0.134046 0.640265 -0.756368 0.810205 -0.510298 -0.288380
-1.150920 -3.856389 18.797273 -27.548157 0.162309 0.657485 0.735778 -0.669548 0.621119 -0.407328 0.724818 0.426525 -0.541031
20.434850 -46.560450 -344.859535 1788.606104 -0.232787 0.926433 0.295858 -0.421033 0.178226 -0.889363 0.876665 0.331598 -0.348570
63.954131 -185.809133 -1158.028798 8180.243720 -0.352947 0.922507 0.156237 -0.446694 -0.019413 -0.894476 0.822127 0.385493 -0.418930
0.396149 -7.396593 -9.143500 -15.799451 0.230462 0.407429 0.883679 0.940952 -0.324740 -0.095675 0.247985 0.853549 -0.458211
0.440777 -7.263120 -5.151364 -16.790088 0.214964 0.414334 0.884374 0.948837 -0.303069 -0.088643 0.231299 0.858182 -0.458284
0.378289 -7.334011 -3.286821 -4.655717 0.223742 0.408092 0.885099 0.897658 -0.440037 -0.024029 0.379671 0.799892 -0.464782
0.405619 -7.488039 -2.754922 -17.210131 0.228791 0.387590 0.892988 0.865526 -0.500845 -0.004370 0.445555 0.773904 -0.450058
0.369857 -7.482295 3.301614 -17.472784 0.217205 0.368012 0.904096 0.927842 -0.365536 -0.074118 0.303203 0.854957 -0.420853
0.190492 -3.813131 0.631955 2.931980 -0.197100 0.860824 0.469184 0.320023 -0.395864 0.860742 -0.926681 -0.319802 0.197458
0.065073 -3.920582 -3.432327 3.803165 -0.217669 0.861005 0.459663 0.198358 -0.422103 0.884581 -0.955654 -0.283723 0.078908
0.133822 -4.066679 -0.939192 -0.048976 -0.209545 0.880857 0.424479 0.142627 -0.401938 0.904491 -0.967341 -0.250073 0.041409
6.000287 -1.761348 20.877805 -3.596614 0.012268 -0.210549 -0.977506 0.815392 0.567953 -0.112100 0.578780 -0.795675 0.178647
6.011441 -1.837591 29.219021 2.763424 -0.041086 -0.187366 -0.981431 0.838921 0.527054 -0.135740 0.542700 -0.828920 0.135531
6.060920 -1.683868 -89.544296 1.514946 0.096490 -0.335815 -0.936973 0.818501 0.562406 -0.117279 0.566344 -0.755597 0.329132
5.776534 -1.796194 -94.781520 -7.281170 0.139645 -0.350493 -0.926096 0.791408 0.601609 -0.108351 0.595124 -0.717789 0.361394
5.887120 -1.788624 -9.440964 -3.562284 0.059516 -0.254814 -0.965157 0.781524 0.613417 -0.113758 0.621030 -0.747522 0.235652
-204.922580 -733.135833 11205.116374 55829.209563 0.805490 0.215854 -0.551900 0.071726 0.888947 0.452360 0.588253 -0.403957 0.700555
-136.175150 -1327.186027 3759.699473 -203364.997075 0.889935 -0.155365 -0.428810 -0.398060 -0.723521 -0.563974 0.222631 -0.672592 0.705731
-166.196737 -349.741713 8625.302469 3075.064598 0.776538 0.611938 -0.150070 0.082606 -0.335002 -0.938589 0.624632 -0.716454 0.310691
-80.255859 -1147.701667 2124.869451 -67891.767838 0.510631 0.706720 -0.489697 0.351205 -0.691309 -0.631464 0.784800 -0.150461 0.601207
-172.080979 -225.118006 10307.065337 12032.480830 0.808988 0.354243 -0.469095 -0.500267 -0.004122 -0.865861 0.308659 -0.935145 -0.173881
-138.527171 -339.089163 7379.374673 -15714.896857 0.513203 0.672611 -0.533121 0.552593 0.216334 0.804885 0.656707 -0.707668 -0.260657
-90.950101 -398.094019 4547.068087 -21543.722583 0.500714 0.764960 -0.405120 -0.024454 -0.455327 -0.889988 0.865268 -0.455536 0.209282
-1.450449 -8.189805 -13.453641 -228.611662 0.170731 0.789489 -0.589540 0.981701 -0.187515 0.033188 -0.084346 -0.584418 -0.807057
-1.761749 -32.873571 -17.874958 -1012.617644 0.129337 0.767253 -0.628167 0.991001 -0.077993 0.108782 0.034471 -0.636584 -0.770437
-2.171342 -3.056272 12.363372 -89.685166 0.754295 -0.528841 0.389059 0.655471 0.572866 -0.492119 -0.037374 -0.626220 -0.778750
-0.294540 -2.532701 1.696913 -9.699275 -0.396000 -0.329578 -0.857066 0.394031 0.782076 -0.482800 0.829412 -0.528900 -0.179838
-0.352690 -2.293351 2.742122 -9.264576 -0.395697 -0.316732 -0.862035 0.465601 0.739887 -0.485575 0.791606 -0.593505 -0.145301
-0.139185 -2.605015 3.584127 -10.594935 -0.390823 -0.303658 -0.868935 0.404624 0.791240 -0.458496 0.826762 -0.530783 -0.186368
-0.058720 -2.854668 5.072325 -7.878390 -0.402678 -0.330330 -0.853659 0.308555 0.829041 -0.466352 0.861768 -0.451191 -0.231911
-0.191344 -2.753826 -0.073724 -7.957448 -0.408529 -0.366872 -0.835769 0.296153 0.812847 -0.501571 0.863364 -0.452421 -0.223421
-16.238001 -30.314064 -612.657783 1009.389738 -0.006568 0.327003 0.945000 0.199835 0.926388 -0.319173 -0.979808 0.186748 -0.071431
-13.744884 -79.003329 -1073.966837 2884.619928 -0.441844 0.252729 0.860756 -0.106318 0.937982 -0.329979 -0.890769 -0.237314 -0.387572
-28.042208 -128.333483 -12.238610 -4133.845946 -0.272800 0.691989 0.668379 0.102458 -0.669883 0.735364 -0.956599 -0.269088 -0.111845
-57.033892 -226.061157 1490.551499 -7124.363470 0.301929 0.723210 0.621133 0.211032 -0.686079 0.696248 -0.929680 0.079138 0.359768
0.715745 -6.500314 -370.380437 -216.515663 -0.407543 0.647198 0.644239 0.298430 -0.572358 0.763771 -0.863046 -0.503529 -0.040117
-1.662291 -3.522270 -236.727718 -101.862403 -0.508954 0.788913 0.344357 0.187217 -0.289019 0.938839 -0.840188 -0.542295 0.000600
8.287064 -13.995251 -535.952482 569.277376 -0.489360 0.536825 0.687274 -0.190974 0.702990 -0.685080 -0.850915 -0.466502 -0.241495
10.330335 -27.859423 -422.878856 1034.318815 -0.162637 0.492124 0.855198 -0.293277 0.803454 -0.518122 -0.942092 -0.335075 0.013657
-1.726287 -4.752599 -11.227419 24.553516 0.127342 0.767656 0.628083 0.943645 -0.288796 0.161652 0.305481 0.572102 -0.761171
-2.201768 -4.765692 -16.493209 10.101325 0.093136 0.739811 0.666337 0.949981 -0.266401 0.162994 0.298098 0.617827 -0.727618
-1.858448 -4.549002 -18.184371 4.001806 0.170066 0.758886 0.628625 0.907937 -0.368637 0.199393 0.383051 0.536842 -0.751713
-1.443930 -4.728182 -8.975373 14.899397 0.211621 0.760711 0.613624 0.900913 -0.395239 0.179281 0.378910 0.514883 -0.768976
-1.533561 -4.753227 -17.548483 -8.620034 0.292002 0.724054 0.624885 0.844183 -0.502217 0.187441 0.449545 0.472784 -0.757882
-1.992252 -4.544840 -16.603309 -7.376990 0.220410 0.728888 0.648184 0.851987 -0.467409 0.235893 0.474907 0.500251 -0.724025
-0.208689 -3.898385 -4.218236 -25.199571 0.043838 0.654458 0.754826 -0.143904 0.751810 -0.643485 -0.988620 -0.080413 0.127137
-0.139582 -3.659342 -8.004068 -23.359135 0.041904 0.633672 0.772466 -0.144596 0.768852 -0.622863 -0.988603 -0.085595 0.123844
-0.245510 -3.226623 -3.701471 27.029868 0.032376 0.701458 0.711975 0.247101 -0.695853 0.674337 -0.968449 -0.154097 0.195860
-0.189416 -3.216707 3.261483 31.749030 0.044365 0.712613 0.700153 0.269432 -0.683408 0.678498 -0.961997 -0.158542 0.222321
-0.098180 -3.737931 1.936995 7.241573 0.014191 0.395405 0.918397 0.518484 0.782450 -0.344886 -0.854969 0.481069 -0.193907
-0.302278 -4.684457 -4.765926 34.368938 0.036883 0.453744 0.890368 0.442235 0.791571 -0.421715 -0.896141 0.409306 -0.171466
-0.246603 -3.951069 -7.676639 16.038768 0.016473 0.421473 0.906691 0.505813 0.778708 -0.371170 -0.862486 0.464731 -0.200359
-0.245774 -3.466784 -5.081322 10.974929 -0.013924 0.369887 0.928972 0.573238 0.764180 -0.295680 -0.819270 0.528405 -0.222674
-0.177910 -3.303751 0.816063 9.516572 0.012109 0.391883 0.919935 0.603154 0.730924 -0.319305 -0.797533 0.558729 -0.227514
-0.338471 -5.649950 -1.748254 20.345652 -0.483451 -0.765107 -0.425308 0.871872 -0.377462 -0.312030 0.078198 -0.521665 0.849559
-0.384664 -6.044362 -4.071445 5.380552 -0.452011 -0.786222 -0.421355 0.880674 -0.468416 -0.070714 -0.141773 -0.403040 0.904135
-0.457873 -5.953120 -2.910025 20.636901 -0.465798 -0.764751 -0.445183 0.881267 -0.355422 -0.311519 0.080006 -0.537430 0.839505
-0.249924 -5.060617 -3.331597 24.936658 -0.509747 -0.751283 -0.419205 0.811637 -0.258353 -0.523927 0.285314 -0.607312 0.741463
-0.610660 -6.378549 2.001121 10.864990 -0.419351 -0.759277 -0.497638 0.899071 -0.423288 -0.111795 -0.125761 -0.494294 0.860150
-0.442356 -5.841416 -0.873102 18.000565 -0.431822 -0.767159 -0.474338 0.894424 -0.296383 -0.334907 0.116341 -0.568879 0.814150
-0.303901 -5.234192 -2.719586 25.333738 -0.479277 -0.758031 -0.442361 0.822712 -0.212486 -0.527253 0.305678 -0.616635 0.725480
-0.438600 -4.163548 -2.032636 -12.704431 0.272247 0.859684 0.432232 0.031503 -0.456922 0.888949 -0.961711 0.228397 0.151478
-0.626657 -4.674998 2.697763 -17.084959 0.315217 0.840490 0.440699 0.196146 -0.512045 0.836263 -0.928529 0.177163 0.326264
-0.446420 -4.048854 4.688885 -7.936427 0.309636 0.868622 0.386810 0.053889 -0.422179 0.904909 -0.949327 0.259348 0.177531
0.607650 -8.322847 12.519383 9.088980 0.130247 -0.016454 0.991345 0.723934 0.684767 -0.083748 -0.677462 0.728577 0.101101
1.175521 -8.600139 15.189243 34.855182 0.146218 0.033842 0.988673 0.753732 0.643480 -0.133497 -0.640710 0.764714 0.068581
1.557295 -8.224403 23.766075 43.414813 0.140293 -0.003772 0.990103 0.866988 0.483415 -0.121006 -0.478174 0.875383 0.071090
0.686597 -8.273843 18.194037 21.178173 0.116410 -0.048214 0.992030 0.849145 0.522917 -0.074229 -0.515171 0.851019 0.101814
-0.001498 -7.972089 9.199244 -1.299278 0.105267 -0.037600 0.993733 0.693462 0.719007 -0.046254 -0.712762 0.693985 0.101762
39.362091 -3.351952 -1866.546631 93.638900 0.983516 -0.139317 0.115269 0.178609 0.649098 -0.739439 -0.028196 -0.747838 -0.663282
36.794254 -3.229583 45.873540 78.858913 0.946284 0.085396 0.311857 0.181475 0.657987 -0.730836 0.267608 -0.748172 -0.607145
45.263253 -2.313424 -2083.558289 87.373359 0.982583 -0.116412 0.144845 0.184464 0.705258 -0.684532 0.022465 -0.699328 -0.714448
45.100397 -2.032044 -1839.288400 88.216700 0.967011 -0.240220 -0.084760 0.116409 0.712691 -0.691752 -0.226581 -0.659065 -0.717144
28.604113 -3.672266 -1094.908019 84.023378 0.963550 -0.256965 -0.074435 0.113821 0.645553 -0.755186 -0.242108 -0.719187 -0.651270
0.116156 -1.550182 -1.489746 47.929594 0.220311 0.404863 0.887439 0.966929 -0.210497 -0.144013 0.128498 0.889818 -0.437849
0.062473 -1.491827 -0.157851 45.338215 0.170726 0.409507 0.896190 0.977040 -0.188014 -0.100216 0.127458 0.892723 -0.432203
0.074867 -2.939319 2.807052 14.685686 0.304566 0.380551 0.873167 0.951593 -0.161365 -0.261594 0.041349 0.910572 -0.411276
1.464596 -6.685295 -13.668183 -20.493953 0.719217 0.133939 0.681754 0.666489 -0.410186 -0.622527 -0.196265 -0.902113 0.384282
1.533270 -7.288666 2.143829 -22.099495 0.704804 0.203078 0.679714 0.693836 -0.396948 -0.600852 -0.147791 -0.895093 0.420673
1.894658 -9.093750 0.716716 -88.940296 0.724751 0.155026 0.671344 0.684581 -0.272329 -0.676155 -0.078005 -0.949633 0.303499
1.983545 -8.363170 -17.970832 -79.705281 0.747772 0.078326 0.659319 0.648245 -0.300864 -0.699471 -0.143579 -0.950445 0.275752
0.930987 -6.166063 -17.141062 -20.229146 0.780173 0.031789 0.624755 0.568664 -0.452203 -0.687120 -0.260673 -0.891349 0.370874
1.638984 -3.310430 -25.101316 -6.915752 0.239490 0.359157 0.902026 -0.057656 0.932684 -0.356056 -0.969185 0.033265 0.244076
2.029787 -3.293646 -8.824060 -6.535505 0.309026 0.307400 0.900004 -0.035060 0.949362 -0.312221 -0.950407 0.064931 0.304155
1.467228 -3.133925 -18.768534 -1.806449 0.265709 0.342993 0.900974 -0.145679 0.938122 -0.314172 -0.952983 -0.047775 0.299234
0.974034 -3.149905 -18.059329 -1.901041 0.222481 0.399866 0.889162 -0.174567 0.913620 -0.367186 -0.959181 -0.073527 0.273066
1.042524 -2.964770 -16.477692 -2.062613 0.263572 0.346013 0.900447 -0.257107 0.924886 -0.280145 -0.929745 -0.157673 0.332736
1.450066 -2.991093 -11.751705 -1.987105 0.311654 0.291893 0.904251 -0.207862 0.949541 -0.234872 -0.927181 -0.114761 0.356601
0.495697 -9.321804 -12.144526 -61.778336 -0.340634 0.670451 -0.659139 0.053213 0.713690 0.698438 0.938689 0.202837 -0.278784
0.153505 -9.057877 -9.832258 -21.862732 -0.343155 0.683314 -0.644458 0.026255 0.692830 0.720623 0.938912 0.230365 -0.255688
0.534102 -9.903834 -12.926664 27.040010 -0.343787 0.701379 -0.624402 0.104806 -0.632119 -0.767751 0.933181 0.329384 -0.143805
0.635033 -10.470903 -7.713525 55.043647 -0.357765 0.681395 -0.638518 0.070861 -0.661995 -0.746151 0.931119 0.312192 -0.188554
0.166113 -9.433241 -11.011060 23.199150 -0.340095 0.708515 -0.618337 0.139569 -0.612220 -0.778272 0.929976 0.350988 -0.109326
-0.042917 -8.494685 5.986130 57.091317 0.798175 0.415175 0.436516 -0.599480 0.618954 0.507463 0.059498 0.666728 -0.742923
-0.553354 -7.961498 19.173674 23.823676 0.753071 0.453596 0.476587 -0.654854 0.586821 0.476244 0.063649 0.670740 -0.738957
-0.190710 -7.770731 11.026153 28.590465 0.800348 0.406197 0.440961 -0.599368 0.524730 0.604497 -0.014159 0.748106 -0.663428
0.059093 -7.938205 -0.707400 51.459453 0.814484 0.405057 0.415385 -0.579489 0.532850 0.616656 -0.028443 0.742967 -0.668723
0.080060 -9.146590 -3.660606 98.637854 0.806595 0.416575 0.419368 -0.589090 0.625029 0.512165 0.048762 0.660155 -0.749545
0.175827 -8.611006 -8.633350 -7.932618 -0.341276 0.654124 -0.675021 0.127298 0.743683 0.656301 0.931303 0.138051 -0.337070
1.401368 -13.742256 1.526069 156.185231 0.496140 -0.646048 0.580058 0.399452 0.763024 0.508167 -0.770898 -0.020417 0.636631
1.160439 -17.303910 6.372326 208.788732 0.482836 -0.679441 0.552476 0.338052 0.726601 0.598140 -0.807830 -0.102038 0.580516
1.257974 -16.487453 -7.640933 218.696974 0.474128 -0.680208 0.559034 0.273709 0.717348 0.640699 -0.836831 -0.150761 0.526294
0.917651 -13.656937 -4.615251 138.043330 0.486114 -0.632146 0.603394 0.352158 0.773623 0.526775 -0.799799 -0.043583 0.598684
0.605593 -15.161399 20.984688 224.496954 0.529526 -0.626754 0.571648 0.744242 0.666620 0.041478 -0.407069 0.403481 0.819450
1.441995 -13.329321 17.043971 113.757744 0.582681 -0.551285 0.597133 0.729402 0.678773 -0.085092 -0.358407 0.485131 0.797616
1.451098 -12.118772 38.748970 -39.158846 0.577165 -0.581103 0.573760 0.769580 0.622077 -0.144109 -0.273180 0.524729 0.806246
1.090386 -12.420232 21.381461 -30.836831 0.541394 -0.606544 0.582234 0.800767 0.583049 -0.137205 -0.256250 0.540516 0.801360
0.233402 -13.924692 -0.076882 193.710607 0.500230 -0.636852 0.586677 0.768870 0.638315 0.037329 -0.398258 0.432405 0.808960
-0.066963 -19.113504 -5.555134 315.438044 0.483472 -0.640938 0.596199 0.643821 0.721824 0.253899 -0.593084 0.261092 0.761631
-49.775329 -1254.996635 842.941322 213363.288684 -0.647711 0.368601 -0.666787 0.753715 0.437833 -0.490118 0.111284 -0.820022 -0.561409
-31.326325 -1833.671464 581.783930 283517.873974 -0.684866 0.399703 -0.609259 0.722615 0.264989 -0.638443 -0.093741 -0.877507 -0.470313
-96.969299 -416.644229 2048.034855 -9433.335648 -0.530158 0.571715 -0.626158 -0.036859 0.722245 0.690655 0.847097 0.389236 -0.361831
-52.210432 -518.026338 -1153.395967 8038.882803 0.545050 -0.719590 0.430245 0.749138 0.187584 -0.635298 0.376447 0.668583 0.641315
-51.678794 -544.744360 638.296261 -122487.334231 -0.449307 0.523865 -0.723663 0.114548 0.837126 0.534882 0.886004 0.157432 -0.436134
0.811866 -3.638785 -16.114776 -2.452240 0.100255 0.465045 0.879592 0.476176 0.753802 -0.452813 -0.873616 0.464237 -0.145871
1.183602 -3.499473 -8.514636 -0.204472 0.123769 0.450790 0.884008 0.494065 0.744591 -0.448870 -0.860570 0.492313 -0.130563
0.952898 -3.588231 -4.151393 0.709694 0.134471 0.477635 0.868206 0.364403 0.790933 -0.491564 -0.921481 0.382478 -0.067694
0.722890 -3.659676 -17.092928 -2.439787 0.101170 0.487827 0.867058 0.338795 0.802544 -0.491062 -0.935405 0.343436 -0.084080
0.495285 -3.721603 -29.735167 -5.827767 0.070698 0.482340 0.873126 0.454290 0.763700 -0.458675 -0.888044 0.429080 -0.165130
-0.771787 -3.027577 7.090712 4.413649 0.106403 0.240501 0.964799 0.923143 0.336623 -0.185721 -0.369440 0.910409 -0.186199
-0.834023 -3.101935 4.481027 2.285833 0.127066 0.241364 0.962080 0.885716 0.409007 -0.219591 -0.446499 0.880032 -0.161809
-0.549854 -2.952400 9.988678 6.222652 0.168475 0.239796 0.956093 0.927213 0.290605 -0.236272 -0.334502 0.926308 -0.173382
-0.504896 -2.686504 11.397712 9.782460 0.150083 0.238076 0.959581 0.954332 0.218700 -0.203522 -0.258314 0.946304 -0.194380
-0.752632 -2.830930 6.764688 9.223434 0.094737 0.249939 0.963616 0.952881 0.257435 -0.160454 -0.288172 0.933412 -0.213774
0.445982 -7.955665 -8.117168 117.406756 0.003837 0.363150 0.931723 0.846171 0.495341 -0.196549 -0.532897 0.789151 -0.305387
0.570286 -7.321209 1.526774 203.447137 0.068825 0.356621 0.931711 0.878260 0.421330 -0.226144 -0.473205 0.833848 -0.284207
0.634121 -8.901490 -6.050543 56.854411 0.039974 0.371758 0.927469 0.735636 0.617205 -0.279101 -0.676197 0.693436 -0.248806
0.572312 -6.413402 -6.243259 40.605562 -0.048568 0.338462 0.939726 0.920607 0.380135 -0.089334 -0.387459 0.860779 -0.330053
0.407576 -9.182841 -7.506857 9.567336 -0.023363 0.350359 0.936324 0.714876 0.660573 -0.229340 -0.698861 0.663997 -0.265896
0.207638 -9.041739 -5.491790 20.119096 -0.050689 0.344448 0.937436 0.828624 0.538477 -0.153051 -0.557506 0.769024 -0.312713
0.277881 -8.517134 -7.221430 -30.734783 -0.066805 0.344458 0.936422 0.903134 0.419821 -0.089999 -0.424130 0.839702 -0.339138
8.656005 -10.621620 -241.933132 -40.359868 0.946433 -0.082096 -0.312290 -0.190228 0.639732 -0.744685 -0.260918 -0.764201 -0.589847
-0.122365 -67.328497 -182.551457 2041.714394 0.370093 0.736109 -0.566723 -0.671827 0.633404 0.383989 -0.641623 -0.238628 -0.728956
5.886236 -296.648661 -428.618636 22218.076974 0.327612 0.836140 -0.439933 -0.322228 0.536594 0.779895 -0.888166 0.113745 -0.445222
0.560478 -11.180121 2.495601 -277.913540 0.348667 0.936578 0.035407 0.883213 -0.340973 0.321981 -0.313633 0.080992 0.946084
0.921400 -13.896021 18.660440 -314.642470 0.277655 0.960181 0.030987 0.913134 -0.273798 0.302029 -0.298487 0.055565 0.952795
0.461666 -3.088446 26.573306 -66.002453 0.420629 0.906126 0.044791 0.847301 -0.410010 0.337599 -0.324272 0.104053 0.940224
0.472895 -5.373570 7.489795 -122.146694 0.570706 0.818792 0.062245 0.777496 -0.563196 0.279839 -0.264186 0.111311 0.958027
1.305462 -2.184824 10.616608 -1.959020 0.562703 0.820011 0.104629 0.749554 -0.559492 0.353748 -0.348616 0.120630 0.929471
-0.512057 -1.971153 29.933295 15.196922 0.889581 0.419931 0.179735 -0.361447 0.887726 -0.285128 -0.279289 0.188680 0.941487
0.766353 -3.938561 -3.628761 80.451838 0.827566 0.551148 0.106634 -0.510119 0.817616 -0.266987 -0.234335 0.166553 0.957782
-1.300065 -54.819500 23.934165 -2066.420414 0.519218 0.840136 -0.156794 -0.829647 0.539523 0.143529 -0.205178 -0.055561 -0.977146
-1.626660 -61.214503 9.301254 -2265.447814 0.454939 0.870566 -0.187471 -0.869486 0.479725 0.117723 -0.192420 -0.109446 -0.975190
-1.366456 -68.940328 15.771228 -2614.514876 0.489261 0.850369 -0.193640 -0.713489 0.517956 0.471863 -0.501555 0.092704 -0.860144
-0.063608 -1.737314 13.811318 -16.185485 -0.184264 -0.345950 -0.919981 0.780474 -0.620430 0.076985 -0.597417 -0.703836 0.384328
-0.433165 -1.762270 10.273079 -13.624159 -0.141650 -0.385867 -0.911615 0.792311 -0.596264 0.129274 -0.593446 -0.703971 0.390187
-0.043681 -1.379650 14.027113 -5.998132 -0.230630 -0.302855 -0.924710 0.744466 -0.666858 0.032729 -0.626563 -0.680866 0.379263
-0.441268 -2.272016 7.238662 -19.823258 -0.131744 -0.400602 -0.906731 0.826279 -0.549709 0.122812 -0.547637 -0.733034 0.403430
0.403559 -1.582967 21.822322 -16.572567 -0.197720 -0.332108 -0.922286 0.769624 -0.635305 0.063776 -0.607113 -0.697203 0.381211
0.042921 -2.196867 14.712449 -22.955093 -0.174072 -0.358124 -0.917304 0.808754 -0.583434 0.074305 -0.561797 -0.728939 0.391193
-3.926804 -5.609205 -18.518701 24.723931 -0.240191 -0.758381 -0.605942 0.970651 -0.179905 -0.159595 0.012022 -0.626492 0.779335
-2.885300 -5.187515 9.811618 13.254320 -0.485788 -0.725734 -0.487154 0.871699 -0.361169 -0.331207 0.064423 -0.585548 0.808074
2.415922 -3.905601 7.707166 -7.925784 0.347261 0.673854 0.652174 0.127837 0.654944 -0.744786 0.929014 -0.342007 -0.141293
1.413394 -2.825188 -35.111949 -32.576754 0.462027 0.648389 0.605081 0.146738 0.616976 -0.773181 0.874642 -0.446019 -0.189916
1.613753 0.375680 -5.295707 -10.316572 -0.168173 -0.109758 -0.979628 0.486435 0.855118 -0.179315 0.857379 -0.506681 -0.090418
1.223263 -9.580974 21.304904 333.950503 -0.439698 -0.466314 -0.767605 0.231734 0.766816 -0.598576 0.867736 -0.441072 -0.229106
-0.624748 -61.769322 122.104262 3296.875411 -0.673953 -0.623232 -0.396698 -0.311464 0.726611 -0.612394 0.669909 -0.289167 -0.683816
-0.229117 -7.909972 -108.669894 107.979675 0.628441 0.413778 0.658673 0.405734 0.548089 -0.731422 0.663658 -0.726901 -0.176558
4.328442 -5.485844 10.250580 158.156913 -0.277116 -0.086794 -0.956908 0.440978 0.873340 -0.206919 0.853666 -0.479316 -0.203742
1.735937 -3.832425 -27.009949 45.920424 -0.352729 -0.435700 -0.828099 0.448470 0.698000 -0.558275 0.821253 -0.568298 -0.050806
5.226411 -2.701062 -121.821672 39.526947 -0.090253 -0.219927 -0.971332 0.489389 0.839642 -0.235583 0.867383 -0.496621 0.031850
0.725617 -7.582715 5.469813 58.946091 0.085535 -0.131432 -0.987628 0.996094 0.033096 0.081864 0.021927 -0.990773 0.133749
0.806401 -6.819921 20.426869 74.483072 0.113195 -0.151423 -0.981966 0.976216 0.200873 0.081557 0.184901 -0.967843 0.170560
0.333940 -5.800552 22.110290 50.108435 0.068048 -0.188275 -0.979756 0.952294 0.305089 0.007513 0.297498 -0.933527 0.200054
-0.095282 -5.513101 -5.274799 69.797951 0.146720 -0.159888 -0.976171 0.944861 0.314728 0.090464 0.292765 -0.935618 0.197248
0.206075 -6.486266 -2.637961 110.553510 0.196491 -0.132972 -0.971447 0.955874 0.246659 0.159578 0.218397 -0.959936 0.175571
-0.187069 -1.555497 1.281567 -19.160812 -0.187659 -0.717189 -0.671137 0.956473 0.022035 -0.290989 0.223483 -0.696531 0.681836
-0.296191 -1.371146 -6.121925 -14.162607 -0.187507 -0.718923 -0.669321 0.954242 0.028275 -0.297696 0.232946 -0.694514 0.680725
-0.147947 -1.573252 4.978147 -7.729277 -0.131627 -0.706513 -0.695352 0.949588 0.111470 -0.293012 0.284528 -0.698866 0.656224
-1.022304 -3.775730 33.709899 4.844175 -0.040810 0.759552 0.649165 -0.012769 0.649257 -0.760462 0.999085 0.039324 0.016798
-1.176489 -3.572321 24.251303 3.302320 -0.034892 0.739407 0.672353 -0.137231 0.662846 -0.736073 0.989924 0.117950 -0.078341
-2.060952 -4.787039 7.103636 -4.083691 -0.570683 -0.296379 -0.765821 0.812144 -0.065808 -0.579734 0.121424 -0.952801 0.278257
-1.406694 -4.224249 -44.435181 -23.345081 -0.370066 -0.364094 -0.854685 0.928243 -0.107657 -0.356054 0.037624 -0.925119 0.377808
-0.531642 -3.800489 -57.967723 -18.244197 -0.120875 -0.410975 -0.903597 0.991460 -0.005095 -0.130311 0.048951 -0.911632 0.408082
-1.188369 -5.559062 12.189237 -57.374012 -0.096219 0.650464 0.753418 -0.195210 0.729899 -0.655089 -0.976030 -0.210107 0.056747
-0.880014 -6.931639 8.948539 -45.773612 -0.096294 0.652721 0.751454 0.005307 0.755288 -0.655372 -0.995339 -0.059121 -0.076194
-1.240559 -6.105682 6.337167 -61.346264 -0.125205 0.550784 0.825204 -0.126048 0.816178 -0.563884 -0.984091 -0.174616 -0.032764
-0.734574 -6.504047 8.459650 46.514299 -0.078969 0.707751 0.702034 0.048940 -0.700632 0.711842 -0.995675 -0.090571 -0.020691
-1.513288 -4.721546 5.164882 -71.959637 -0.139443 0.538175 0.831218 -0.278945 0.784076 -0.554449 -0.950129 -0.309178 0.040787
-0.945353 -5.312653 9.186225 50.105906 -0.083728 0.705504 0.703743 0.230638 -0.673326 0.702451 -0.969431 -0.221125 0.106340
-1.227768 -4.373779 12.244758 31.636424 -0.103968 0.720596 0.685516 0.329624 -0.625332 0.707325 -0.938370 -0.299502 0.172511
-1.485114 -3.958784 11.560181 -49.353503 -0.116600 0.646523 0.753931 -0.319820 0.694233 -0.644791 -0.940277 -0.316304 0.125823
-0.850207 -6.111066 -5.285684 3.057575 0.185266 0.179197 0.966212 0.981607 0.012367 -0.190511 -0.046088 0.983736 -0.173609
-0.486915 -6.167769 -10.266204 3.282346 0.144023 0.231030 0.962228 0.989482 -0.020357 -0.143215 -0.013499 0.972734 -0.231532
-0.858051 -6.605215 -4.511295 32.040747 0.167746 0.180841 0.969102 0.973308 0.125806 -0.191951 -0.156631 0.975433 -0.154910
-0.724461 -6.155717 -6.649226 -4.028413 0.176440 0.187448 0.966298 0.978842 -0.136757 -0.152202 0.103618 0.972708 -0.207612
-1.109980 -6.578470 -0.641215 21.136976 0.199633 0.124062 0.971985 0.961749 0.165084 -0.218601 -0.187580 0.978446 -0.086360
-1.080968 -6.303217 -3.860513 -1.317502 0.201170 0.130929 0.970767 0.978253 0.024246 -0.205992 -0.050507 0.991095 -0.123205
1.381626 -2.632966 -19.998490 -5.827976 -0.406138 -0.307657 -0.860464 0.571632 0.649105 -0.501896 0.712943 -0.695708 -0.087760
0.951227 -2.508623 -17.005916 -1.343428 -0.422960 -0.366167 -0.828871 0.509164 0.660624 -0.551660 0.749571 -0.655361 -0.092979
0.762348 -2.475539 -4.448510 0.680112 -0.427454 -0.336937 -0.838902 0.454029 0.722423 -0.521500 0.781755 -0.603803 -0.155824
0.715868 -5.461896 11.628344 -2.129989 0.126516 -0.084887 -0.988326 0.635134 0.772257 0.014975 0.761970 -0.629614 0.151617
1.295194 -5.208577 28.901988 -1.973220 0.182760 -0.033759 -0.982578 0.599083 0.796261 0.084072 0.779550 -0.604010 0.165749
1.182219 -5.425531 16.846311 17.549594 0.165163 -0.037368 -0.985558 0.505594 0.861198 0.052077 0.846815 -0.506894 0.161131
0.962496 -4.961326 26.687646 -25.296727 0.113080 -0.085980 -0.989859 0.718927 0.694744 0.021783 0.685826 -0.714099 0.140375
-0.035182 -4.732026 -1.380304 -25.331607 0.058216 -0.845511 -0.530775 0.905731 -0.178863 0.384266 -0.419837 -0.503110 0.755392
-0.006553 -4.448462 -0.702473 -23.378393 0.122585 -0.849176 -0.513685 0.905651 -0.115982 0.407854 -0.405919 -0.515216 0.754839
0.201723 -3.744495 1.521116 -20.008598 -0.139115 0.856196 0.497570 0.808547 -0.191894 0.556263 -0.571751 -0.479693 0.665579
-0.264524 -5.451307 0.520655 -23.074449 0.062698 -0.842708 -0.534708 0.974913 -0.062935 0.213502 -0.213572 -0.534680 0.817621
0.207774 -3.914686 2.395584 -22.545185 -0.099096 0.859032 0.502239 0.794330 -0.235713 0.559893 -0.599350 -0.454427 0.658996
0.010833 -4.852252 -1.170853 -28.061955 0.014233 -0.838869 -0.544147 0.883543 -0.244235 0.399627 -0.468134 -0.486465 0.737701
-0.185687 -5.664798 0.172754 -20.957988 -0.025346 -0.824145 -0.565812 0.967368 -0.162956 0.194023 -0.252106 -0.542431 0.801381
-0.261105 -5.669260 -0.815281 -20.282642 0.006987 -0.836422 -0.548041 0.982227 -0.097059 0.160655 -0.187568 -0.539423 0.820878
3.890414 -1.148114 -32.508315 -1.083797 0.177592 -0.625897 -0.759417 0.875894 0.452325 -0.167967 0.448633 -0.635339 0.628549
4.080327 -0.904379 -31.253751 -20.319317 0.214687 -0.605915 -0.766013 0.911946 0.405147 -0.064884 0.349662 -0.684633 0.639542
3.517344 -1.216237 -3.556946 -7.430230 0.206742 -0.656518 -0.725425 0.891250 0.432261 -0.137201 0.403648 -0.618170 0.674488
4.607145 -0.987497 -36.048761 -17.055975 0.164826 -0.554670 -0.815582 0.905543 0.412837 -0.097759 0.390926 -0.722432 0.570324
3.379417 -1.415045 -29.227038 5.288982 0.149060 -0.709033 -0.689241 0.850873 0.447088 -0.275911 0.503781 -0.545329 0.669940
3.458209 -1.427279 -42.579406 14.521689 0.158540 -0.643754 -0.748629 0.818105 0.510149 -0.265430 0.552784 -0.570376 0.607537
4.282498 -1.289275 -27.229811 6.957135 0.162607 -0.551054 -0.818473 0.852676 0.495879 -0.164459 0.496490 -0.671151 0.550504
-1.634647 -4.335397 25.893083 -24.650950 0.442395 0.040099 0.895923 -0.279626 0.955366 0.095316 -0.852113 -0.292691 0.433862
-2.067781 -5.463665 2.955878 -82.898982 0.329183 0.278105 0.902384 -0.325708 0.930437 -0.167935 -0.886314 -0.238633 0.396864
-0.436536 -10.466674 -13.202109 -7.779362 -0.428521 0.815803 0.388375 0.769849 0.104659 0.629586 0.472972 0.568781 -0.672894
-0.270904 -11.794757 -10.693228 51.456960 -0.417022 0.815549 0.401214 -0.694879 -0.001541 -0.719125 0.585864 0.578687 -0.567350
-0.218172 -11.242550 -7.270073 -16.514561 -0.443951 0.813141 0.376444 0.792408 0.160142 0.588595 0.418326 0.559604 -0.715435
-0.502509 -10.906787 -6.576015 -77.759396 -0.414800 0.797996 0.437200 0.717340 -0.008810 0.696667 0.559789 0.602599 -0.568780
-0.476725 -10.176625 -12.379663 2.470056 -0.449242 0.810735 0.375352 0.832088 0.226721 0.506188 0.325285 0.539727 -0.776456
-0.614523 -10.107050 -6.308194 -1.834466 -0.438651 0.796164 0.416783 0.791406 0.122519 0.598887 0.425749 0.592547 -0.683832
-0.501564 -11.662423 -9.253777 -78.653693 -0.557010 0.747357 0.362213 -0.747806 -0.641056 0.172722 -0.361284 0.174657 -0.915953
-0.589944 -9.691077 -7.702088 -58.565250 -0.524336 0.767644 0.368503 -0.807054 -0.586020 0.072419 -0.271542 0.259430 -0.926801
-0.641568 -9.687796 -0.100990 -37.199580 -0.523958 0.751536 0.400825 -0.783388 -0.609927 0.119552 -0.334322 0.251361 -0.908321
-5.745451 -9.426813 -37.532055 -90.839180 -0.374901 0.467123 0.800778 0.203056 0.884179 -0.420709 -0.904554 0.004878 -0.426332
-6.343807 -11.775332 -55.401499 -171.935654 -0.426933 0.440279 0.789862 0.327792 0.889411 -0.318591 -0.842781 0.122893 -0.524039
-4.739224 -10.309205 -71.867968 -100.486897 -0.449363 0.610560 0.652142 0.333930 0.791879 -0.511290 -0.828592 -0.011985 -0.559725
-1.683820 -5.073144 13.800118 -53.814197 -0.578190 -0.093283 0.810552 0.684229 -0.596587 0.419422 0.444440 0.797108 0.408768
0.599616 -14.517195 3.302659 116.045481 -0.486661 0.770292 0.412082 0.788474 0.184210 0.586835 0.376125 0.610505 -0.697003
0.526786 -15.004013 6.604355 -26.455791 -0.505933 0.756417 0.414567 0.841871 0.328356 0.428293 0.187843 0.565700 -0.802932
5.090594 -5.476296 -21.167714 137.332361 -0.315062 0.273920 -0.908682 0.838310 -0.368546 -0.401760 -0.444942 -0.888336 -0.113515
2.095630 -7.457232 -113.171958 120.264320 -0.337326 0.169723 -0.925962 0.789955 -0.483972 -0.376488 -0.512038 -0.858467 0.029182
3.385182 -5.656927 -272.705966 146.386938 -0.255321 0.007881 -0.966824 0.883961 -0.403204 -0.236725 -0.391693 -0.915076 0.095980
5.626445 -2.750731 55.618620 131.742521 -0.265290 0.272907 -0.924739 0.883629 -0.314929 -0.346438 -0.385772 -0.909033 -0.157601
5.253553 -5.866309 218.909711 169.027649 -0.289927 0.474166 -0.831330 0.822648 -0.320423 -0.469659 -0.489074 -0.820058 -0.297172
4.861338 -2.875072 -201.858432 129.152324 -0.233548 0.006478 -0.972324 0.914637 -0.337905 -0.221944 -0.329991 -0.941158 0.072992
-0.128959 -5.522344 -11.143200 27.021340 0.596172 0.680138 0.426604 0.159105 0.420733 -0.893123 0.786934 -0.600330 -0.142616
0.034901 -4.766119 -4.257557 43.248239 0.586263 0.643569 0.492052 0.137759 0.519338 -0.843392 0.798322 -0.562234 -0.215812
-0.146388 -5.190030 -1.627890 29.166949 0.591600 0.681252 0.431168 0.187713 0.403708 -0.895424 0.784075 -0.610668 -0.110954
-0.120593 -5.815551 -6.545202 30.444821 0.604291 0.685356 0.406350 0.099631 0.440999 -0.891960 0.790510 -0.579489 -0.198209
-0.368971 -6.238363 -6.634965 13.024900 0.607807 0.715541 0.344343 0.146289 0.325317 -0.934221 0.780494 -0.618200 -0.093054
