12049
24081
-9.256766 -11.288481 5.229691 160.098194 -0.050703 0.964505 0.259151 -0.943003 0.039220 -0.330466 0.328900 0.261136 -0.907542
-7.258957 -11.501571 -84.495245 305.173487 0.204062 0.960126 0.191093 -0.956196 0.237332 -0.171358 0.209878 0.147754 -0.966499
-6.765704 -8.771485 68.395567 -117.885194 -0.658233 0.752110 0.032548 0.733909 0.631475 0.250233 0.167650 0.188599 -0.967638
-6.163284 -7.590563 -62.094655 -157.607605 -0.144813 0.986397 0.077789 0.985849 0.137129 0.096423 0.084445 0.090651 -0.992296
-6.697136 -9.717975 -42.004525 -61.698825 0.687800 -0.721646 -0.078480 0.682357 0.605870 0.409035 0.247630 0.334886 -0.909137
-5.023436 -7.664947 -31.527173 -133.469814 0.858169 -0.512786 -0.024438 0.509984 0.846087 0.155090 0.058851 0.145556 -0.987598
-5.291662 -8.639994 -14.539630 -82.138968 0.860388 -0.507477 -0.046896 0.497611 0.816643 0.292365 0.110071 0.274883 -0.955156
-4.257521 -9.709205 -18.635404 -48.916444 -0.405286 0.897359 -0.174616 -0.190105 0.104103 0.976229 -0.894206 -0.428847 -0.128401
-4.435514 -8.720075 -29.589325 -44.806168 -0.418670 0.887296 -0.193444 -0.356357 0.035410 0.933679 -0.835300 -0.459838 -0.301369
-3.002776 -9.387200 -100.594953 -86.106389 -0.493378 0.851670 -0.176738 -0.269174 0.043719 0.962099 -0.827118 -0.522252 -0.207677
-5.465083 -11.623445 339.297427 -332.750531 0.685033 -0.714220 0.143592 0.601103 0.442783 -0.665296 -0.411587 -0.542063 -0.732641
-7.484644 -26.754282 -104.236915 1189.507291 -0.491526 0.863055 -0.116354 0.868304 0.475454 -0.141389 -0.066706 -0.170527 -0.983092
-0.771497 -9.850398 -58.758110 -147.839094 -0.626801 0.770386 -0.116734 0.653072 0.437711 -0.617985 -0.424991 -0.463589 -0.777475
-13.764834 -35.235929 -211.692151 1565.507406 -0.383556 0.902465 -0.196066 0.923515 0.374316 -0.083710 -0.002155 -0.213177 -0.977011
-1.343957 -2.056853 24.134862 61.885131 0.400996 -0.608092 0.685146 0.689221 0.692953 0.211640 -0.603471 0.387350 0.696981
-1.520249 -2.223469 -5.117307 79.879200 -0.000280 0.857489 -0.514502 0.794951 0.312326 0.520102 -0.606674 0.408858 0.681749
-1.753492 -3.155643 -1.922597 67.564486 -0.084419 0.831827 -0.548577 0.764233 0.407324 0.500035 -0.639391 0.377028 0.670096
-1.804687 -2.981253 9.780103 59.690249 0.366340 -0.644527 0.671104 0.683117 0.676009 0.276339 -0.631780 0.357208 0.687936
-0.979913 -2.255872 57.123196 54.253652 0.676559 -0.236512 0.697374 0.424383 0.899166 -0.106767 -0.601803 0.368188 0.708710
-1.319282 -3.104487 101.716634 -54.215042 -0.119615 0.965458 -0.231480 0.992820 0.116021 -0.029129 -0.001267 -0.233303 -0.972403
-2.367780 -4.755800 123.653080 -83.803605 -0.059148 0.969887 -0.236266 0.995183 0.075828 0.062139 0.078183 -0.231452 -0.969700
-1.743142 -3.520691 -21.336779 -79.856109 0.149303 0.939890 -0.307108 0.988774 -0.140046 0.052095 0.005955 -0.311438 -0.950248
0.188651 -6.210450 16.434266 -8.275290 -0.320832 0.881727 0.345868 -0.177801 -0.414749 0.892396 -0.930298 -0.224813 -0.289836
0.085495 -6.507496 -13.098100 -69.586221 -0.333669 0.887904 0.316688 -0.152648 -0.382397 0.911302 -0.930249 -0.255731 -0.263131
-0.027264 -6.466543 -8.053680 -2.463399 -0.339593 0.880794 0.329966 -0.193903 -0.408838 0.891770 -0.920369 -0.238857 -0.309627
0.448245 -10.258239 31.953012 70.518086 -0.165804 0.938208 0.303766 0.657097 0.334794 -0.675378 0.735345 -0.087623 0.672005
0.685016 -11.208653 23.255379 31.533209 -0.181889 0.927743 0.325898 0.763542 0.342093 -0.547701 0.619613 -0.149216 0.770594
-0.051336 -10.663032 31.169333 55.257352 -0.140281 0.953091 0.268214 0.661459 0.291785 -0.690893 0.736745 -0.080494 0.671362
0.427429 -11.921124 26.948543 33.010320 -0.179534 0.939898 0.290446 0.804772 0.310126 -0.506127 0.565783 -0.142875 0.812082
-0.113600 -11.710517 29.710014 25.818029 -0.136006 0.957886 0.252896 0.761344 0.264394 -0.591989 0.633922 -0.112027 0.765241
-0.491096 -11.220445 5.959639 83.888029 -0.073746 0.970721 0.228611 0.663215 0.218935 -0.715691 0.744787 -0.098839 0.659942
-0.562091 -17.210578 22.261521 151.901863 0.062881 0.931558 -0.358114 -0.913580 0.198177 0.355102 -0.401768 -0.304837 -0.863514
-0.513503 -16.395594 22.626123 -73.647586 0.009731 0.938453 -0.345270 -0.824835 0.202729 0.527776 -0.565289 -0.279656 -0.776042
-0.202523 -17.008276 20.481119 20.155192 0.038236 0.937876 -0.344857 -0.873779 0.198818 0.443826 -0.484817 -0.284359 -0.827099
-0.166022 -18.685301 23.241789 -232.643459 0.096244 0.926913 -0.362725 0.958409 -0.184668 -0.217601 -0.268681 -0.326696 -0.906135
0.147121 -14.280293 -10.891309 72.826357 -0.139916 0.986638 0.083477 -0.696700 -0.038192 -0.716345 0.703586 0.158386 -0.692734
0.222518 -13.692392 -17.769201 46.555637 -0.139712 0.987879 0.067638 -0.676162 -0.045278 -0.735360 0.723385 0.148473 -0.674292
-0.101727 -13.452160 -6.605768 -26.118360 -0.125341 0.987222 0.098395 -0.522828 0.018561 -0.852236 0.843173 0.158264 -0.513821
0.408375 -13.381975 -14.031766 47.573880 -0.168300 0.984436 0.050600 -0.808562 -0.108507 -0.578320 0.563829 0.138245 -0.814239
0.039288 -14.805815 11.156199 32.557696 -0.135207 0.983595 0.119413 -0.639143 0.005511 -0.769068 0.757110 0.180305 -0.627913
0.428461 -14.462027 0.835348 95.179262 -0.157895 0.983904 0.083675 -0.800531 -0.077934 -0.594202 0.578117 0.160805 -0.799952
1.380551 -3.413646 61.790445 -13.230804 0.796578 0.342226 0.498342 0.109862 0.728662 -0.676004 -0.594469 0.593239 0.542839
1.083215 -3.116928 47.535486 -5.551300 0.806920 0.436680 0.397732 -0.063734 -0.605065 0.793621 -0.587213 0.665737 0.460408
0.275033 -4.062558 60.286581 8.151130 0.818058 0.444305 0.365204 -0.026710 -0.604953 0.795813 -0.574516 0.660776 0.483019
0.455122 -3.937434 66.462458 29.883490 0.814186 0.394193 0.426279 -0.035832 -0.698684 0.714532 -0.579498 0.597036 0.554734
-1.294695 -15.003378 -18.722601 -265.303330 0.466908 -0.698576 -0.542207 0.460810 0.715520 -0.525057 0.754752 -0.004701 0.655993
-1.575488 -18.834640 16.467098 -347.740436 -0.461961 0.709261 0.532485 0.275451 0.685436 -0.674020 0.843042 0.164697 0.512012
-1.054520 -16.008584 -31.383485 -358.465457 0.496547 -0.685505 -0.532470 0.396267 0.724806 -0.563586 0.772278 0.068847 0.631543
-0.936579 -11.966085 -10.035036 -161.161338 0.500011 -0.670836 -0.547693 0.511071 0.739131 -0.438740 0.699139 -0.060536 0.712418
-0.960164 -12.277109 -13.622490 -191.318244 0.500440 -0.657458 -0.563302 0.502935 0.750359 -0.428973 0.704710 -0.068629 0.706168
-1.094265 -14.958584 6.268166 -272.926384 0.491159 -0.685317 -0.537684 0.473760 0.728155 -0.495319 0.730968 -0.011453 0.682316
-0.668992 -20.828394 11.446272 -413.723329 -0.497902 0.695041 0.518664 0.251038 0.687973 -0.680936 0.830105 0.208834 0.517025
0.611647 -27.343879 38.615401 258.749313 0.527356 0.822597 -0.212674 0.462375 -0.067852 0.884084 -0.712815 0.564562 0.416130
0.699404 -34.493792 -6.549270 690.293531 0.513631 0.841689 -0.166560 0.224725 0.055379 0.972847 -0.828059 0.537115 0.160705
0.150796 -32.409666 55.615221 547.987015 0.550207 0.817548 -0.169962 0.191672 0.074455 0.978631 -0.812733 0.571026 0.115736
-0.075223 -30.433210 49.055307 498.156003 0.552435 0.812849 -0.184642 0.295879 0.015866 0.955094 -0.779276 0.582259 0.231740
-4.793459 -9.362765 -5.999487 69.856622 -0.276693 0.835287 0.475118 -0.490155 -0.547944 0.677868 -0.826552 0.045320 -0.561032
-4.945735 -8.366833 17.521987 35.816355 -0.250023 0.803718 0.539931 -0.390005 -0.594000 0.703605 -0.886219 0.034658 -0.461968
-4.820758 -9.374278 -5.814291 116.550046 -0.198981 0.852759 0.482917 -0.507866 -0.511167 0.693384 -0.838140 0.107286 -0.534800
-4.544005 -11.306039 -30.600531 144.775869 -0.286509 0.848126 0.445641 -0.613780 -0.519639 0.594348 -0.735654 0.103240 -0.669443
2.487654 -105.763688 -203.679256 -3668.780584 0.500493 0.812465 -0.299011 -0.304123 -0.158372 -0.939376 0.810565 -0.561088 -0.167825
-5.308444 -279.601305 -143.439043 -17073.558336 0.449492 0.772824 -0.447995 -0.344917 -0.312467 -0.885097 0.824008 -0.552365 -0.126109
-2.183128 -74.055060 -300.437917 -3022.538909 0.499727 0.797272 -0.338572 0.050332 -0.416945 -0.907537 0.864720 -0.436479 0.248487
8.501437 -188.228994 -280.681329 -9253.754845 0.489828 0.794648 -0.358613 0.221226 -0.511168 -0.830521 0.843284 -0.327478 0.426182
1.225371 -2.973854 -41.789930 13.330133 0.666519 0.288410 0.687439 0.280573 0.757282 -0.589748 -0.690675 0.585955 0.423823
0.735044 -2.498926 -46.391629 25.387002 0.604874 0.185625 0.774384 0.399089 0.770849 -0.496508 -0.689097 0.609373 0.392186
0.799515 -2.091197 -36.691279 58.542249 0.676590 0.302365 0.671417 0.307789 0.712206 -0.630894 -0.668948 0.633512 0.388807
0.335420 -1.946572 -24.332287 -1.291631 0.400375 -0.093750 0.911543 0.638809 0.741745 -0.204296 -0.656980 0.664097 0.356865
-0.178423 -0.492466 -37.534766 -118.446557 0.706393 0.343458 0.618906 -0.280960 -0.666493 0.690542 -0.649669 0.661682 0.374308
5.119036 -100.224690 -118.607217 4773.059586 0.021832 0.980903 -0.193267 0.951494 0.038954 0.305191 -0.306892 0.190556 0.932473
1.862569 -59.856268 77.649254 1137.608987 0.110121 0.953600 -0.280216 0.808797 0.077889 0.582908 -0.577686 0.290829 0.762691
1.681370 -67.778940 -39.360953 -1981.220567 0.076552 0.980080 -0.183257 0.550417 0.111713 0.827382 -0.831373 0.164205 0.530901
-3.472484 -5.914343 296.755481 -74.236716 0.274874 0.960766 -0.037065 -0.609315 0.203886 0.766268 -0.743761 0.188042 -0.641451
-2.784786 -32.749304 -61.318870 1630.524188 -0.654121 0.195311 0.730739 0.311107 0.950058 0.024557 -0.689448 0.243401 -0.682215
-5.240495 -33.153698 -69.408849 1804.020395 -0.658161 0.080021 0.748613 0.246460 0.962448 0.113803 -0.711394 0.259404 -0.653168
-3.222777 -9.213506 371.712639 -164.639234 0.440699 0.881720 -0.168385 -0.465561 0.384889 0.796940 -0.767488 0.272817 -0.580115
-2.461488 -19.001080 38.314888 -59.107419 -0.028928 0.990207 0.136576 -0.657265 0.084099 -0.748953 0.753104 0.111433 -0.648396
-3.377514 -20.230604 48.002465 -117.221725 0.005628 0.990877 0.134652 -0.553660 0.115219 -0.824733 0.832724 0.069910 -0.549258
-3.554585 -21.391545 70.128564 -13.902158 -0.031410 0.993364 0.110640 -0.786865 0.043682 -0.615578 0.616326 0.106394 -0.780271
-1.959758 -3.035137 141.440158 187.391376 0.237193 -0.925650 -0.294807 0.964404 0.260880 -0.043194 0.116891 -0.274068 0.954580
1.248208 -3.244441 131.827773 59.152478 0.022106 -0.966605 -0.255316 0.995411 0.045062 -0.084416 0.093102 -0.252278 0.963165
-1.603304 -8.641645 167.008283 -321.826006 0.251152 -0.911198 -0.326560 0.967603 0.245339 0.059603 0.025808 -0.330950 0.943295
-3.815496 -8.769839 44.329104 -264.364374 0.391953 -0.889623 -0.234400 0.919942 0.381461 0.090519 0.008887 -0.251114 0.967917
-2.584297 -4.803422 117.726585 -4.465789 0.780936 -0.591578 -0.200435 -0.618797 -0.776432 -0.119344 0.085022 -0.217229 0.972411
-15.707707 -96.533525 -18.527773 6180.525551 -0.153075 0.970738 0.185029 0.514476 0.238144 -0.823773 0.843732 0.030906 0.535875
-7.949085 -65.076992 -168.383471 3950.657612 -0.340822 0.888506 0.307240 0.499883 0.448050 -0.741193 0.796214 0.099031 0.596855
-16.583238 -85.366313 -538.829109 5107.627409 -0.056057 0.952982 0.297797 0.508298 0.283959 -0.813019 0.859355 -0.105795 0.500317
-10.101637 -34.058261 -318.373389 1542.073374 -0.324441 0.890709 0.318396 0.671851 0.453939 -0.585283 0.665849 -0.024025 0.745700
-3.498276 -4.860050 -3.340025 5.846215 -0.143445 0.635188 -0.758920 0.802371 0.523546 0.286531 -0.579331 0.567834 0.584757
-2.973586 -4.729756 -34.879750 -26.895580 0.207568 -0.518310 0.829620 0.729798 0.646789 0.221492 -0.651391 0.559481 0.512514
-2.978386 -4.775217 -16.286477 -11.872996 -0.022399 0.737830 -0.674614 0.768443 0.444357 0.460481 -0.639526 0.508088 0.576934
-3.115258 -5.069477 -49.707800 -28.278556 0.255348 -0.455262 0.852956 0.760105 0.639739 0.113906 -0.597526 0.619250 0.509403
-3.212142 -4.977789 -41.530112 19.525847 0.100439 0.817475 -0.567139 0.822077 0.252905 0.510126 -0.560447 0.517468 0.646626
-3.825277 -4.648488 34.938926 34.477728 0.024797 -0.743372 0.668419 0.871133 0.344076 0.350341 -0.490420 0.573595 0.656108
-3.422117 -5.086255 -29.272050 -1.993039 0.319390 -0.462601 0.827037 0.794089 0.606916 0.032810 -0.517120 0.646262 0.561189
9.524545 -3.803171 325.847172 60.878295 -0.701492 -0.047044 -0.711123 0.712147 -0.084760 -0.696895 -0.027490 -0.995290 0.092960
11.720364 -3.010106 441.147722 -6.593896 -0.679448 -0.056738 -0.731527 0.733501 -0.027989 -0.679111 0.018056 -0.997997 0.060635
3.799534 -2.944820 -220.138944 39.675346 0.803720 0.003479 0.594997 0.594116 -0.059393 -0.802183 -0.032548 -0.998229 0.049803
1.319752 -7.223948 2.878839 34.233632 -0.971010 0.081270 0.224801 0.044437 0.985409 -0.164302 -0.234874 -0.149549 -0.960453
1.192399 -7.717431 17.624400 58.174248 0.979067 -0.063774 -0.193288 0.010092 0.963688 -0.266839 -0.203287 -0.259303 -0.944159
1.231607 -6.948096 -27.085501 35.667127 -0.981305 0.063891 0.181544 0.038889 0.989656 -0.138086 -0.188488 -0.128445 -0.973640
1.343836 -8.142023 -12.816558 61.623864 0.962354 -0.067098 -0.263386 -0.012294 0.957312 -0.288794 -0.271520 -0.281160 -0.920449
1.092463 -6.729129 -7.695286 -7.676166 -0.974257 0.087713 0.207678 0.077762 0.995419 -0.055618 -0.211605 -0.038037 -0.976615
1.161836 -6.924063 11.713950 -7.183002 -0.961086 0.124156 0.246778 0.108691 0.991213 -0.075387 -0.253970 -0.045631 -0.966135
1.466037 -7.305987 23.090607 37.347065 -0.958589 0.100492 0.266474 0.055617 0.983717 -0.170905 -0.279309 -0.149007 -0.948569
-12.512283 -14.835939 49.483231 49.521456 -0.180779 0.023908 -0.983233 -0.213878 0.974825 0.063028 0.959987 0.221686 -0.171115
-13.407196 -15.382562 21.735892 0.553024 -0.009286 0.339097 -0.940706 -0.032527 0.940146 0.339216 0.999428 0.033748 0.002300
-12.937732 -15.702465 43.287379 60.157290 -0.247610 0.092135 -0.964469 0.024647 0.995745 0.088795 0.968546 -0.001785 -0.248827
-13.540179 -14.663306 41.120360 56.778246 -0.032035 0.248780 -0.968030 -0.300751 0.921240 0.246708 0.953165 0.299039 0.045309
-12.318501 -15.140943 3.402126 119.409681 -0.378290 0.070389 -0.923007 -0.116738 0.985517 0.123000 0.918297 0.154280 -0.364594
-12.426960 -13.862923 32.897938 76.129491 -0.368876 0.101227 -0.923950 -0.311982 0.922898 0.225667 0.875556 0.371499 -0.308854
-12.675278 -13.322312 22.806302 112.182290 -0.072483 -0.117879 -0.990379 -0.465601 0.882149 -0.070921 0.882022 0.455981 -0.118825
-0.106193 -20.792445 -54.181548 26.284219 0.752878 0.587176 -0.297319 0.645696 -0.746457 0.160868 0.127478 0.313092 0.941128
0.096973 -22.718127 -22.530436 241.983998 0.727408 0.604145 -0.325400 0.685372 -0.616285 0.387889 -0.033802 0.505174 0.862355
-0.044828 -20.893270 -27.556092 -55.495817 0.754756 0.585065 -0.296720 0.652517 -0.716145 0.247705 0.067571 0.380572 0.922280
-0.028658 -23.464864 -19.024303 308.061653 0.770217 0.555328 -0.313649 -0.573063 0.818443 0.041834 0.279935 0.147519 0.948617
1.201733 -8.014236 16.232007 -70.098938 0.892595 -0.164020 -0.419966 0.126024 -0.803585 0.581695 0.432888 0.572143 0.696606
0.860423 -8.166377 33.912127 -1.812795 0.868476 -0.119238 -0.481178 0.144542 -0.867558 0.475868 0.474191 0.482831 0.736218
1.479239 -8.042697 -19.428136 -90.736362 0.889994 -0.106606 -0.443335 0.210189 -0.766903 0.606366 0.404637 0.632846 0.660132
2.124136 -8.236155 -49.676083 -90.754342 0.905184 -0.117579 -0.408433 0.217086 -0.698264 0.682129 0.365399 0.706118 0.606533
1.954507 -8.440010 56.909652 -110.556188 0.874821 -0.244094 -0.418458 0.141337 -0.697607 0.702402 0.463371 0.673619 0.575782
1.021404 -8.086186 8.247551 -3.843028 0.884391 -0.282542 -0.371513 0.002352 -0.793256 0.608884 0.466740 0.539365 0.700884
0.386844 -7.833319 -3.156136 -78.141855 0.900319 -0.217906 -0.376754 0.044925 0.907545 -0.417546 0.432906 0.358999 0.826869
-3.501743 -4.598153 77.562925 28.536739 -0.266052 0.962376 0.055215 -0.658637 -0.139661 -0.739386 0.703856 0.233082 -0.671014
-2.595742 -4.374146 90.792646 41.048018 -0.214641 0.960330 0.178030 -0.667805 -0.011286 -0.744251 0.712718 0.278636 -0.643735
-3.333342 -5.780584 82.760715 79.016660 -0.019809 0.942375 0.333973 -0.643469 0.243645 -0.725662 0.765216 0.229276 -0.601563
-2.211095 -3.735015 69.084395 -8.794967 -0.473099 0.873708 -0.113188 -0.581715 -0.406277 -0.704660 0.661653 0.267531 -0.700459
-1.154385 -10.110269 -3.564982 32.172278 0.959685 -0.010749 -0.280871 -0.280577 -0.096202 -0.954998 0.016755 -0.995304 0.095339
-1.141315 -10.183045 22.295467 15.327044 0.948048 0.028945 -0.316808 -0.303288 -0.218374 -0.927539 0.096031 -0.975436 0.198250
-1.306788 -10.143295 2.159954 -16.592326 0.952339 -0.006939 -0.304963 -0.291123 -0.319225 -0.901855 0.091094 -0.947654 0.306030
-1.003350 -10.056742 20.902935 59.500641 0.952441 0.027278 -0.303499 -0.302793 -0.027187 -0.952668 0.034238 -0.999258 0.017635
-0.970474 -9.941602 -15.225335 -4.900777 0.960988 -0.023826 -0.275563 -0.273971 -0.218817 -0.936514 0.037985 -0.975475 0.216808
-0.793781 -9.593276 -10.650211 41.117419 0.964321 -0.021976 -0.263822 -0.263263 0.025358 -0.964391 -0.027883 -0.999437 -0.018668
-0.902493 -9.571443 0.098644 39.259347 0.962060 -0.000980 -0.272836 -0.271417 0.098485 -0.957410 -0.027809 -0.995138 -0.094482
2.008655 -16.711625 -38.892267 134.295219 -0.525939 0.618303 -0.584029 0.438559 -0.391196 -0.809093 0.728735 0.681664 0.065417
1.300447 -16.535399 37.535511 -72.799674 0.521015 -0.612490 0.594474 -0.508274 0.336891 0.792567 0.685712 0.715095 0.135788
1.753407 -17.646395 9.337183 178.461364 0.574018 -0.584748 0.573212 0.584657 -0.197436 -0.786889 0.573305 0.786822 0.228545
2.290966 -17.057333 15.367381 -177.022879 0.566396 -0.597703 0.567404 -0.442344 0.360428 0.821233 0.695361 0.716131 0.060246
-9.173998 -21.341544 221.532230 -37.292533 0.775219 0.111554 -0.621764 -0.021525 0.988377 0.150492 0.631326 -0.103281 0.768610
-14.338612 -23.182877 302.166021 61.666082 0.880392 0.132791 -0.455276 -0.017573 0.968474 0.248494 0.473921 -0.210772 0.854970
-11.749052 -22.798876 289.799832 -238.820847 0.818525 0.087166 -0.567819 0.190051 0.891676 0.410845 0.542123 -0.444202 0.713294
35.496302 -2.473726 -1342.588860 -7.125515 -0.539994 0.832369 -0.124770 -0.294819 -0.325908 -0.898257 0.788345 0.448269 -0.421387
31.594477 -1.425003 -1379.346758 8.873066 -0.229053 0.931332 -0.283117 -0.246543 -0.336871 -0.908699 0.941675 0.138340 -0.306775
34.805496 -3.905637 -1533.395194 31.161778 -0.439023 0.895877 -0.068290 -0.316640 -0.225402 -0.921375 0.840832 0.382882 -0.382628
-0.075405 -32.869320 20.711000 -176.719124 0.627444 0.208652 -0.750186 0.773262 -0.280226 0.568805 -0.091539 -0.936983 -0.337169
0.154455 -34.495556 14.819050 -284.520609 0.604144 0.205383 -0.769953 0.792779 -0.252748 0.554635 -0.080692 -0.945482 -0.315519
-0.275606 -36.878029 24.502364 -309.802354 0.589542 0.210023 -0.779955 0.787340 0.066211 0.612953 0.180376 -0.975452 -0.126325
-2.563358 -5.553569 22.426900 -18.146512 0.125202 0.906876 -0.402368 0.823958 0.130864 0.551333 -0.552646 0.400562 0.730843
-2.769043 -5.171387 28.369631 -41.076348 0.137714 0.931301 -0.337214 0.754334 0.122021 0.645052 -0.641884 0.343204 0.685708
-3.141755 -5.713836 27.005677 -19.036700 0.057337 0.929517 -0.364296 0.833248 0.156439 0.530306 -0.549918 0.333955 0.765548
-2.297324 -5.769923 2.738948 -16.208404 -0.073871 -0.977479 0.197682 0.978288 -0.032539 0.204681 -0.193639 0.208510 0.958659
-2.090517 -5.634385 9.035000 -20.780284 0.077417 0.975816 -0.204425 0.949979 -0.009973 0.312156 -0.302568 0.218366 0.927776
-2.129208 -5.686343 -29.464521 -5.141938 0.103584 0.984562 -0.141096 0.976325 -0.073566 0.203415 -0.189895 0.158826 0.968873
-2.420190 -18.859770 -12.204755 146.895033 -0.719737 -0.475901 0.505467 -0.298755 0.869531 0.393270 -0.626676 0.132040 -0.768012
-2.448470 -18.553052 1.975241 185.244765 -0.691021 -0.488983 0.532340 -0.151834 0.818222 0.554490 -0.706708 0.302337 -0.639653
-2.539173 -16.688618 -9.600015 168.623013 -0.733631 -0.470359 0.490457 -0.111956 0.795537 0.595471 -0.670262 0.381947 -0.636291
0.673453 -33.487311 -27.360946 -870.809862 -0.664588 -0.491163 0.563100 -0.399490 0.870414 0.287727 -0.631451 -0.033733 -0.774682
0.781407 -29.371456 6.755597 -719.658432 -0.635640 -0.524264 0.566664 -0.580493 0.808486 0.096840 -0.508910 -0.267389 -0.818238
0.315931 -43.655431 -22.197045 -1372.364757 -0.654498 -0.544288 0.524770 -0.385648 0.837333 0.387491 -0.650314 0.051235 -0.757936
2.126480 -14.195063 33.387051 -117.851407 -0.289967 0.910617 -0.294443 0.284129 -0.211879 -0.935082 0.913887 0.354802 0.197294
2.907909 -12.573461 102.510925 -6.924436 -0.275666 0.897589 -0.344009 0.374383 -0.229362 -0.898460 0.885351 0.376465 0.272815
1.558581 -12.064874 -19.890367 67.810253 -0.266934 0.899481 -0.345947 0.424023 -0.212739 -0.880311 0.865420 0.381674 0.324613
-8.412203 -12.386574 -62.228006 207.828000 0.296371 0.907733 0.296958 -0.866784 0.386209 -0.315480 0.401059 0.163899 -0.901270
-4.595194 -11.737396 -183.457281 149.900039 0.154372 0.984538 0.082784 -0.918297 0.173891 -0.355659 0.364555 0.021116 -0.930942
-4.552403 -11.342791 -136.298284 348.940410 0.176226 0.982765 0.055843 -0.975631 0.181917 -0.122680 0.130725 0.032862 -0.990874
-12.312886 -33.256844 -167.409255 1500.523913 -0.286166 0.923729 -0.254624 0.957144 0.287932 -0.031148 0.044542 -0.252625 -0.966539
2.021528 -1.386256 84.976837 16.516084 0.781202 0.144256 0.607382 0.132814 0.912257 -0.387488 -0.609986 0.383376 0.693498
2.414126 -1.179755 76.029997 3.936778 0.778587 0.190995 0.597765 0.111784 0.895112 -0.431600 -0.617501 0.402858 0.675572
0.872255 -1.332751 93.983153 14.584342 0.792017 0.100764 0.602126 0.166787 0.913051 -0.372183 -0.587274 0.395202 0.706346
0.614443 -1.960750 86.817088 43.492264 0.780037 0.046480 0.624005 0.204239 0.923709 -0.324113 -0.591463 0.380266 0.711034
-1.912661 -7.337653 -156.445500 0.348745 -0.120417 0.874802 -0.469278 -0.877828 -0.314586 -0.361183 0.463591 -0.368453 -0.805807
-0.865502 -6.621147 -139.920669 -88.224277 -0.130176 0.870389 -0.474845 -0.802062 -0.373993 -0.465646 0.582882 -0.320239 -0.746790
0.968923 -6.440386 -228.364303 -14.634746 -0.121982 0.847638 -0.516362 -0.872925 -0.339213 -0.350623 0.472358 -0.407975 -0.781303
-2.072194 -6.836960 3.837170 -68.033764 -0.126332 0.931887 -0.340040 -0.843305 -0.281399 -0.457876 0.522376 -0.228914 -0.821415
-0.980884 -6.803645 -193.590554 -45.443365 -0.064386 0.869089 -0.490447 0.932638 0.227249 0.280257 0.355022 -0.439365 -0.825177
-2.714387 -7.283143 -4.304747 32.975902 -0.073394 0.934134 -0.349295 -0.920918 -0.197908 -0.335770 0.382783 -0.297029 -0.874786
0.346544 -6.406110 -8.821811 -45.296441 -0.335062 0.884863 0.323652 -0.116251 -0.379708 0.917773 -0.934997 -0.269886 -0.230093
-1.208339 -7.775646 -3.179536 13.171310 -0.066636 0.972163 0.224631 0.243478 0.234169 -0.941214 0.967615 0.008026 0.252304
-0.873147 -8.418095 17.336241 41.983455 -0.100375 0.964102 0.245828 0.358866 0.265526 -0.894824 0.927976 0.001599 0.372636
-0.994380 -8.768218 16.760319 53.286442 -0.078803 0.968702 0.235387 0.418829 0.246443 -0.873984 0.904640 -0.029714 0.425140
-1.236190 -7.567235 -1.918632 28.455600 -0.039917 0.969195 0.243038 0.295556 0.243800 -0.923693 0.954491 -0.034960 0.296184
-1.154937 -9.274638 -15.222760 108.068687 -0.013557 0.977441 0.210774 0.424916 0.196445 -0.883661 0.905131 -0.077581 0.417993
-0.966115 -10.174900 -1.615503 88.133844 -0.038514 0.977934 0.205336 0.535190 0.193718 -0.822220 0.843854 -0.078227 0.530841
-0.835018 -18.495048 17.501700 1.992674 0.034144 0.932645 -0.359176 -0.832558 0.225357 0.506024 -0.552884 -0.281757 -0.784176
-0.515711 -17.959739 20.334882 -167.017775 -0.017395 0.943765 -0.330159 -0.680319 0.230812 0.695623 -0.732709 -0.236714 -0.638047
1.415999 -2.715672 4.384458 22.414989 0.738299 0.350446 0.576283 0.191443 0.710394 -0.677266 -0.646733 0.610351 0.457392
0.786611 -1.446588 -18.619825 -10.329441 0.779581 0.561085 0.278275 0.039459 -0.487433 0.872268 -0.625057 0.669023 0.402133
-1.899782 -18.157671 4.320444 -327.319593 -0.410591 0.744766 0.526059 0.401903 0.665687 -0.628757 0.818467 0.046737 0.572649
-2.408641 -22.761476 15.505761 -411.975508 -0.413005 0.738886 0.532424 0.143887 0.630209 -0.762976 0.899290 0.238504 0.366596
-0.133579 -17.601785 1.075342 -31.170651 -0.016600 0.957135 -0.289166 -0.431917 0.253966 0.865418 -0.901761 -0.139262 -0.409187
0.123023 -17.630036 -20.506422 50.507697 -0.049071 0.954187 -0.295161 -0.290572 0.269096 0.918235 -0.955594 -0.130824 -0.264055
-0.180005 -17.458140 10.947146 144.936311 -0.003758 0.961112 -0.276132 -0.098426 0.274438 0.956554 -0.995137 -0.030773 -0.093567
0.679180 -31.258651 8.119039 525.968093 0.514450 0.835373 -0.193631 0.445353 -0.067317 0.892821 -0.732804 0.545546 0.406667
0.609264 -42.218736 24.947113 403.749046 0.508457 0.846817 -0.156117 0.203126 0.058231 0.977420 -0.836786 0.528687 0.142403
-4.182326 -7.335464 47.862608 20.715550 -0.186414 0.623742 0.759075 0.239363 0.778171 -0.580651 -0.952867 0.073453 -0.294363
-4.867655 -7.960300 34.497496 45.720439 -0.252671 0.702287 0.665545 0.271082 0.711698 -0.648074 -0.928801 0.016668 -0.370203
-4.422815 -8.334600 38.859311 97.713489 -0.257720 0.542301 0.799681 0.118089 0.839113 -0.530984 -0.958976 -0.042411 -0.280296
-3.762524 -7.635203 71.094642 80.807824 -0.190689 0.432354 0.881310 0.069332 0.901474 -0.427244 -0.979199 -0.020368 -0.201878
-3.392828 -6.828251 61.504263 55.431809 -0.153588 0.516009 0.842701 0.165619 0.854199 -0.492864 -0.974157 0.063869 -0.216656
-3.172280 -6.657354 48.905668 -26.272445 -0.112845 0.568779 0.814712 0.239066 0.811405 -0.533357 -0.964424 0.134583 -0.227539
-4.021463 -7.866344 33.934911 96.402649 -0.110859 0.721787 0.683179 -0.336481 -0.674078 0.657571 -0.935142 0.156979 -0.317595
-1.960840 -377.970887 -48.206474 21635.659812 0.110899 0.987446 -0.112477 -0.012315 -0.111801 -0.993654 0.993755 -0.111581 0.000239
-38.065563 -3085.838817 -2135.923402 -279253.027396 0.238482 0.971078 0.011546 -0.023929 0.017761 -0.999556 0.970852 -0.238100 -0.027473
-2.661899 -728.142171 -105.449347 26667.576633 0.307531 0.926889 -0.215177 0.932735 -0.338378 -0.124521 0.188228 0.162409 0.968604
-5.684566 -1244.911225 -363.237066 -13548.575134 0.400000 0.911282 -0.097797 0.904571 -0.409704 -0.117874 0.147484 0.041315 0.988201
-364.238529 -3587.486870 -11649.399274 9740.762176 0.461689 0.886969 0.011349 -0.005578 -0.009891 0.999936 -0.887024 0.461723 -0.000381
-2.306410 -288.658604 29.464728 3766.017023 0.428930 0.894774 -0.124089 0.517159 -0.130605 0.845866 -0.740652 0.426991 0.518761
43.433972 -53.876751 85.182028 543.452585 -0.222154 0.973329 -0.057251 0.908593 0.185363 -0.374298 0.353703 0.135170 0.925540
1.659138 -3.801050 68.074708 75.157100 -0.047053 0.934682 -0.352356 0.645251 0.297715 0.703574 -0.762520 0.194253 0.617113
1.611860 -4.989877 63.609051 50.355695 -0.044953 0.939420 -0.339807 0.557997 0.305755 0.771462 -0.828624 0.154932 0.537938
0.559058 -4.315736 84.298123 65.088786 -0.037035 0.924296 -0.379874 0.616293 0.320363 0.719410 -0.786646 0.207470 0.581502
0.573901 -5.438189 91.295517 38.397315 -0.030688 0.927036 -0.373714 0.511297 0.335828 0.791072 -0.858856 0.166802 0.484296
0.892863 -2.835119 89.373923 70.533897 -0.024715 0.928697 -0.370016 0.676606 0.288012 0.677683 -0.735931 0.233606 0.635480
-0.520794 -5.141579 54.202015 53.356874 -0.072782 0.908764 -0.410914 0.555765 0.379064 0.739889 -0.828147 0.174521 0.532649
-0.530453 -4.084149 51.171721 67.639350 -0.069615 0.914563 -0.398408 0.632516 0.349301 0.691312 -0.771413 0.203873 0.602792
3.110665 -168.220765 44.366534 -7055.420649 0.075953 0.973910 -0.213848 0.298720 0.182392 0.936749 -0.951313 0.135030 0.277073
-1.840857 -6.992874 90.752414 129.365548 -0.257659 0.861510 0.437507 -0.715098 -0.474532 0.513279 -0.649806 0.180609 -0.738331
-3.113155 -24.136181 14.155166 1305.724479 -0.339660 0.910134 0.237248 0.670503 0.411203 -0.617525 0.659588 0.050673 0.749917
-2.611247 -4.248144 -10.877766 -37.973867 0.172808 -0.585712 0.791883 0.690812 0.645152 0.326431 -0.702080 0.490632 0.516104
-2.240397 -4.331605 -51.878976 -35.167143 0.291152 -0.376224 0.879594 0.653558 0.749654 0.104313 -0.698636 0.544495 0.464147
-2.516178 -4.992292 -46.501402 -37.462023 0.310870 -0.340398 0.887406 0.709317 0.704553 0.021776 -0.632637 0.622682 0.460475
1.007960 -7.290025 -31.102705 45.368990 -0.983639 0.062085 0.169116 0.031106 0.983172 -0.180013 -0.177446 -0.171808 -0.969018
1.232442 -8.689751 -2.430643 51.312664 0.969577 -0.049704 -0.239686 -0.057473 0.905573 -0.420279 -0.237943 -0.421269 -0.875166
-12.004988 -15.531213 -57.471191 9.566649 0.153551 0.332667 -0.930460 0.209826 0.909176 0.359684 0.965606 -0.250465 0.069802
-12.266541 -15.785827 47.360150 28.938654 -0.102391 0.193554 -0.975732 0.178791 0.968494 0.173356 0.978545 -0.156702 -0.133770
-12.416117 -15.182074 -98.134338 -44.701678 0.234439 0.429971 -0.871874 -0.008631 0.897754 0.440413 0.972093 -0.095725 0.214180
0.370675 -21.932687 0.033382 92.495172 0.717053 0.602461 -0.350537 0.649949 -0.396249 0.648501 -0.251796 0.692841 0.675700
0.325413 -21.329804 -1.965072 86.718546 0.720893 0.607972 -0.332691 0.679971 -0.527664 0.509127 -0.133986 0.593246 0.793793
0.216893 -19.669716 33.298582 153.695792 0.731985 0.585940 -0.347668 0.681286 -0.624353 0.382142 -0.006845 0.516584 0.856209
0.467926 -20.388458 29.551153 -67.927847 0.710711 0.597053 -0.372045 0.666236 -0.401441 0.628471 -0.225876 0.694531 0.683086
1.178786 -7.869124 -19.873009 -38.249962 0.882264 -0.057726 -0.467201 0.252597 -0.779430 0.573309 0.397246 0.623824 0.673082
0.475530 -8.069456 -21.145350 -6.930467 0.895554 -0.043129 -0.442858 0.163090 -0.894207 0.416888 0.413986 0.445572 0.793777
0.386025 -7.963023 15.478874 -79.405742 0.883257 -0.089817 -0.460207 -0.054696 0.955046 -0.291369 0.465688 0.282525 0.838638
-1.873931 -4.999121 91.033977 77.360516 -0.096543 0.937750 0.333622 -0.657266 0.191647 -0.728885 0.747450 0.289647 -0.597849
-1.488691 -3.892508 65.614298 57.687364 -0.198217 0.951260 0.236252 -0.683532 0.038597 -0.728899 0.702491 0.305967 -0.642566
-1.241498 -10.363748 20.325899 -19.044818 0.936975 0.018900 -0.348886 -0.310391 -0.413445 -0.855991 0.160424 -0.910333 0.381521
-0.855300 -10.289742 14.660013 45.099126 0.945424 0.035416 -0.323914 -0.320292 -0.081710 -0.943788 0.059892 -0.996027 0.065907
-1.010633 -10.535454 5.063788 -6.110698 0.939064 0.023610 -0.342932 -0.319001 -0.311793 -0.894999 0.128054 -0.949857 0.285262
0.708848 -16.577371 65.007606 32.426018 0.521263 -0.639673 0.564893 0.665655 -0.109457 -0.738189 0.534031 0.760814 0.368745
-11.224903 -21.525887 255.175245 258.379835 0.819602 0.113801 -0.561517 -0.166908 0.984990 -0.043998 0.548082 0.129782 0.826295
-14.143608 -22.176935 217.055501 257.302873 0.908915 0.158041 -0.385871 -0.196712 0.978460 -0.062607 0.367665 0.132809 0.920426
-16.117601 -23.381893 209.569096 176.833003 0.958864 0.141974 -0.245811 -0.087109 0.971326 0.221218 0.270170 -0.190705 0.943737
21.622762 -2.091440 -894.823704 88.809202 -0.282146 0.924993 -0.254521 -0.252156 -0.327473 -0.910593 0.925641 0.192741 -0.325638
10.047271 -2.315925 -124.756009 19.862351 -0.299951 0.786503 -0.539854 -0.078977 -0.584442 -0.807583 0.950680 0.199599 -0.237419
13.252999 -2.077257 -364.258752 -17.796315 -0.177457 0.824235 -0.537722 -0.116833 -0.560175 -0.820094 0.977169 0.082708 -0.195705
-0.181424 -37.900294 11.810355 -448.059126 0.578626 0.195684 -0.791770 0.788386 0.114453 0.604440 0.208900 -0.973965 -0.088050
-0.402890 -49.740536 10.332386 -1759.417419 0.588574 0.195310 -0.784497 0.808083 -0.171104 0.563671 -0.024140 -0.965701 -0.258534
-3.329766 -5.229910 25.427079 -42.221901 0.127019 0.955227 -0.267223 0.769779 0.074971 0.633893 -0.625545 0.286219 0.725790
-2.772330 -4.351852 7.825662 -43.238207 0.256524 0.955520 -0.145521 0.658274 -0.062475 0.750182 -0.707722 0.288233 0.645020
-2.352863 -4.379486 24.567241 -51.579552 0.164394 0.930093 -0.328484 0.683581 0.132656 0.717719 -0.711120 0.342534 0.613986
-2.014531 -5.797003 -29.499065 -22.925352 0.002261 -0.963231 0.268664 0.971175 0.066154 0.229006 -0.238359 0.260402 0.935615
-1.683912 -5.478185 26.803844 -21.635772 0.037605 0.965833 -0.256421 0.936368 0.055560 0.346596 -0.349001 0.253138 0.902286
-1.748909 -5.057332 26.687614 -24.851396 0.085471 0.973218 -0.213403 0.906759 0.012781 0.421456 -0.412896 0.229527 0.881382
0.936607 -156.826622 12.451832 7408.496005 -0.656983 0.753499 -0.024757 0.583433 0.487355 -0.649685 0.477471 0.441277 0.759800
0.846286 -65.225328 -137.259820 -2314.835364 0.705184 -0.702727 0.094291 -0.633176 -0.564308 0.529759 0.319067 0.433281 0.842891
2.532409 -144.969370 -133.247190 6941.790058 0.684780 -0.724305 0.080360 0.699354 0.622147 -0.351906 0.204892 0.297178 0.932580
-0.029261 -66.370906 -6.200525 1005.346267 0.628651 -0.774169 0.073890 0.776296 0.630369 -0.000099 -0.046501 0.057423 0.997266
-1.452408 -10.111977 -9.816737 -123.325116 0.954106 -0.153144 -0.257350 0.294022 0.642203 0.707903 -0.056860 0.751081 -0.657757
-1.176419 -9.105775 3.084100 -113.474670 0.958303 -0.178506 -0.223140 0.279612 0.746809 0.603402 -0.058933 0.640634 -0.765581
-1.540715 -9.049524 17.910427 -85.794366 0.962457 -0.141398 -0.231695 0.260609 0.720027 0.643151 -0.075887 0.679388 -0.729845
-1.102749 -10.107365 -14.606362 -212.628458 0.949762 -0.199140 -0.241443 0.308663 0.723575 0.617387 -0.051756 0.660895 -0.748691
-9.611234 -11.893993 -49.161873 116.319400 0.202356 0.902871 0.379310 -0.827009 0.364992 -0.427594 0.524507 0.227166 -0.820541
-7.601267 -10.857609 55.304625 -66.976206 -0.520213 0.836912 0.170169 0.774091 0.377890 0.507920 0.360779 0.395953 -0.844429
-9.303142 -11.161738 127.342004 35.083074 -0.354948 0.910081 0.213924 -0.800329 -0.177529 -0.572675 0.483203 0.374480 -0.791378
11.530189 -13.956320 -72.571167 -56.342223 0.046203 0.993561 -0.103446 -0.014814 0.104227 0.994443 -0.998822 0.044414 -0.019534
12.534130 -14.127667 -114.275840 121.178635 0.185899 0.975113 -0.120815 0.077141 0.108094 0.991143 -0.979536 0.193572 0.055127
11.873675 -14.280162 -82.470679 51.657851 -0.007645 0.993388 -0.114554 0.238751 0.113058 0.964477 -0.971051 0.019977 0.238036
10.194756 -13.923928 -34.231387 -172.883702 -0.119111 0.989013 -0.087557 -0.074555 0.079027 0.994081 -0.990078 -0.124933 -0.064323
3.011699 -1.449226 42.360654 19.650420 0.742929 0.204532 0.637357 0.101686 0.906637 -0.409475 -0.661602 0.369022 0.652768
3.277893 -1.073041 16.449949 8.371146 0.717282 0.243133 0.652988 0.103386 0.889637 -0.444812 -0.689070 0.386566 0.612984
2.912868 -1.070402 36.056816 -5.638083 0.750418 0.227211 0.620684 0.106953 0.884941 -0.453255 -0.652253 0.406515 0.639775
2.076533 -1.335373 81.430959 -17.475732 0.791830 0.212673 0.572517 0.095230 0.882954 -0.459700 -0.603272 0.418525 0.678896
1.352474 -5.710027 -145.442445 -81.910953 -0.160373 0.864370 -0.476598 -0.776628 -0.408509 -0.479551 0.609204 -0.293232 -0.736808
-0.303182 -5.698209 -144.909385 -142.053308 -0.158984 0.854993 -0.493671 -0.724708 -0.440636 -0.529753 0.670464 -0.273545 -0.689675
-1.211916 -5.490799 -15.415653 -141.051087 -0.110802 0.927933 -0.355897 -0.738637 -0.316478 -0.595196 0.664935 -0.196930 -0.720472
0.243169 -6.238195 11.141173 -9.165449 -0.321155 0.891640 0.319121 -0.140765 -0.378172 0.914970 -0.936507 -0.248927 -0.246964
-0.874890 -7.747178 16.872989 1.218543 -0.108347 0.966430 0.232968 0.244183 0.253040 -0.936133 0.963657 0.044540 0.263402
-0.556013 -17.816834 -8.672220 -144.486418 -0.044036 0.939558 -0.339547 -0.547983 0.261468 0.794575 -0.835329 -0.221056 -0.503348
-0.526068 -18.582546 -19.206849 -172.380354 -0.031806 0.932929 -0.358654 -0.718383 0.228150 0.657171 -0.694920 -0.278553 -0.662943
-0.404309 -19.040340 27.694110 -102.338697 -0.025365 0.949555 -0.312572 -0.407896 0.275630 0.870430 -0.912676 -0.149575 -0.380329
-0.326089 -20.422666 -48.278259 -168.174980 -0.062685 0.935307 -0.348241 -0.469707 0.280221 0.837168 -0.880594 -0.216049 -0.421755
-0.474719 -19.195235 -19.729474 -43.321689 -0.057560 0.943937 -0.325069 -0.283219 0.296792 0.911977 -0.957327 -0.144559 -0.250257
-0.330228 -12.423766 -6.885582 -139.239353 -0.111411 0.986173 0.122682 -0.322922 0.080826 -0.942968 0.939845 0.144674 -0.309452
-0.285250 -12.259920 5.251408 -98.906967 -0.142708 0.983703 0.109372 -0.385507 0.046533 -0.921531 0.911602 0.173674 -0.372584
-0.407919 -13.561311 3.825245 -148.687376 -0.100705 0.984939 0.140548 -0.355013 0.096393 -0.929878 0.929421 0.143540 -0.339959
-0.454411 -11.245521 -1.894207 -140.536678 -0.118758 0.983649 0.135396 -0.188189 0.111591 -0.975773 0.974926 0.141361 -0.171859
-0.548198 -12.086111 -20.894493 -174.439883 -0.079105 0.984939 0.153743 -0.165842 0.139074 -0.976296 0.982974 0.102727 -0.152343
1.955559 -2.944859 -2.592845 -2.641646 0.712816 0.304928 0.631595 0.189910 0.782981 -0.592346 -0.675150 0.542180 0.500213
2.088009 -2.861405 34.549248 -23.881469 0.750053 0.283502 0.597535 0.142057 0.813325 -0.564200 -0.645942 0.508064 0.569763
0.918621 -26.279474 30.343851 117.775440 0.496309 0.836405 -0.232603 0.644092 -0.175112 0.744635 -0.582085 0.519387 0.625632
0.913834 -36.247335 29.321268 535.812029 0.511689 0.836982 -0.193999 0.526433 -0.126978 0.840681 -0.679001 0.532295 0.505589
-0.097112 -19.695405 12.078505 57.793017 -0.553905 0.557246 0.618601 -0.213592 0.623019 -0.752480 -0.804716 -0.548930 -0.226070
-0.592068 -20.339069 25.043432 27.540024 -0.559894 0.523131 0.642536 -0.361515 0.543536 -0.757546 -0.745537 -0.656432 -0.115202
-0.174516 -20.239025 -8.628476 0.130689 0.557139 -0.552933 -0.619565 -0.446375 0.429727 -0.784911 -0.700247 -0.713863 0.007398
-4.804602 -8.689209 -8.251549 -52.992275 -0.348136 0.717062 0.603840 -0.274796 -0.693899 0.665576 -0.896263 -0.065778 -0.438617
-4.635289 -9.130915 -21.860380 -7.839206 -0.364934 0.779622 0.508932 -0.372462 -0.623234 0.687642 -0.853285 -0.061386 -0.517819
14.799026 -1024.836469 -709.637042 -92649.366330 0.297571 0.946191 0.127180 -0.930258 0.317319 -0.184196 0.214641 0.063498 -0.974627
-58.106896 -8334.407668 2679.455912 28337.356922 0.391446 0.919831 0.026091 0.920199 -0.391225 -0.013321 -0.002046 0.029223 -0.999571
-91.278274 -1114.093583 -4037.076258 -7393.810161 0.311468 0.949416 -0.039971 0.021973 -0.049248 -0.998545 0.950003 -0.310136 0.036200
-0.687494 -13.987511 -34.925030 95.903573 -0.509924 0.773478 0.376443 -0.619953 -0.633818 0.462528 -0.596352 -0.002477 -0.802719
0.103510 -14.426501 -46.121535 114.011443 -0.535570 0.759664 0.368885 -0.576378 -0.648072 0.497786 -0.617214 -0.053982 -0.784941
-0.507172 -12.389140 -46.777589 43.180284 -0.549060 0.740886 0.386809 -0.460850 -0.654472 0.599403 -0.697245 -0.150847 -0.700782
2.146145 -4.551524 2.191703 71.637481 -0.089975 0.946402 -0.310206 0.609289 0.298689 0.734542 -0.787827 0.122914 0.603507
2.045214 -5.503528 -7.681857 29.195680 -0.106858 0.950568 -0.291550 0.502208 0.304675 0.809296 -0.858119 0.059939 0.509940
-0.751788 -15.109123 -64.380509 90.865124 -0.052516 0.984361 -0.168152 0.394967 0.175128 0.901849 -0.917193 0.019053 0.397987
-0.927980 -14.750475 -56.196312 -13.525427 -0.020425 0.992709 -0.118795 0.588520 0.107991 0.801238 -0.808225 0.053548 0.586434
-0.995091 -13.813749 -44.244032 26.707535 -0.029443 0.984447 -0.173199 0.413614 0.169743 0.894489 -0.909976 0.045301 0.412179
6.494177 -376.544335 -217.743260 -17033.492077 0.148964 0.986404 -0.069402 0.203674 0.038073 0.978298 -0.967640 0.159866 0.195234
5.468183 -117.572384 -5.160348 -4970.339693 0.063587 0.952663 -0.297305 0.027368 0.296131 0.954755 -0.997601 0.068847 0.007242
3.683549 -42.151007 -50.547025 -1352.721492 0.090097 0.962639 -0.255358 -0.138522 0.266021 0.953962 -0.986253 0.050576 -0.157314
4.034171 -54.726091 23.665057 -2418.329554 0.199025 0.943165 -0.266135 -0.134421 0.295275 0.945909 -0.970732 0.152486 -0.185548
2.399870 -182.106763 251.350635 -8069.470783 0.237874 0.938874 -0.248861 0.326232 0.164103 0.930937 -0.914871 0.302632 0.267255
0.305362 -12.797850 -21.491673 5.811652 -0.209532 0.977705 0.013775 -0.927508 -0.194275 -0.319353 0.309556 0.079690 -0.947536
0.226428 -13.064295 -14.512412 49.569463 -0.187844 0.981736 0.030141 -0.845253 -0.145947 -0.514049 0.500262 0.122037 -0.857231
0.614065 -12.747628 -2.403390 22.549636 -0.215489 0.975722 0.039134 -0.904094 -0.184204 -0.385593 0.369023 0.118472 -0.921839
