13128
26238
-3.343023 -4.669742 -5.315701 -56.873466 0.847659 0.525864 -0.070302 0.128332 -0.331805 -0.934578 0.514787 -0.783181 0.348743
-3.220554 -4.472656 -20.185693 -26.619259 0.801370 0.240966 -0.547487 -0.379260 -0.503101 -0.776563 0.462566 -0.829955 0.311782
-4.473358 -5.524750 -15.252410 -47.427798 0.888267 0.458136 0.033055 0.119754 -0.161510 -0.979578 0.443442 -0.874086 0.198327
-2.590707 -3.682108 -9.881507 -22.682482 0.736720 0.152294 -0.658824 -0.438958 -0.633400 -0.637275 0.514353 -0.758690 0.399788
-3.651120 -6.480781 8.221374 -92.266966 0.788743 0.555538 0.263176 0.335815 -0.030802 -0.941424 0.514890 -0.830920 0.210853
-2.158133 -6.318501 51.253889 -96.581052 0.724819 0.669386 0.162974 0.304397 -0.098945 -0.947392 0.618045 -0.736297 0.275476
-2.281725 -4.823299 34.587203 -83.928257 0.753520 0.655402 0.051530 0.305992 -0.280266 -0.909846 0.581873 -0.701355 0.411734
-2.309787 -3.329160 10.039420 -24.409588 0.818300 0.421761 -0.390516 -0.088012 -0.579454 -0.810239 0.568013 -0.697389 0.437048
-2.786150 -5.085927 -13.809139 11.484133 0.562445 -0.382084 -0.733258 0.795280 0.007335 0.606198 -0.226240 -0.924098 0.307989
-3.128766 -5.497273 -13.872150 15.181438 0.633904 -0.366382 -0.681124 0.693934 -0.119423 0.710066 -0.341498 -0.922769 0.178542
-3.353535 -5.376245 -18.833416 13.164897 0.655842 -0.296120 -0.694394 0.731317 0.021115 0.681711 -0.187206 -0.954917 0.230406
-4.538235 -4.852500 15.569207 1.423458 0.224413 0.961502 0.158599 0.517263 -0.255460 0.816810 -0.825880 0.101265 0.554678
-4.189108 -4.771870 13.748269 -0.394859 0.317830 0.941985 0.107926 0.412670 -0.239914 0.878718 -0.853632 0.234745 0.464981
-4.608465 -4.961165 12.009695 5.010522 0.084595 0.989982 -0.113046 0.426111 0.066613 0.902215 -0.900707 0.124493 0.416207
5.292686 -3.270829 25.090002 12.428291 0.707289 0.475086 0.523484 0.295984 0.473459 -0.829596 0.641978 -0.741707 -0.194255
5.438542 -3.706788 58.269941 25.672035 0.603625 0.557783 0.569662 0.388642 0.418014 -0.821110 0.696128 -0.717037 -0.035546
5.008829 -3.763002 70.441870 5.569810 0.560371 0.629903 0.537780 0.294721 0.455153 -0.840223 0.774031 -0.629331 -0.069409
-1.832624 -1.941166 -7.411987 11.814734 0.791446 0.534209 0.297042 -0.363370 0.801976 -0.474127 -0.491503 0.267310 0.828836
-1.198908 -1.963459 -22.318614 -7.765655 0.699468 -0.391014 0.598208 0.496011 0.868227 -0.012463 -0.514507 0.305436 0.801244
-1.353874 -1.640306 -20.653237 -8.548994 0.675492 -0.439625 0.591980 0.493109 0.866224 0.080615 -0.548228 0.237456 0.801911
-1.686432 -2.158345 -23.557974 -6.902925 0.785016 -0.261834 0.561420 0.405125 0.902607 -0.145516 -0.468641 0.341678 0.814636
-1.862088 -2.597579 -11.149702 -10.755106 0.590624 0.804078 0.067977 0.698846 -0.551803 0.455112 -0.403456 0.221295 0.887836
-2.045713 -2.313574 -7.815085 16.635479 0.762304 0.623442 0.173818 -0.476949 0.722662 -0.500280 -0.437507 0.298463 0.848238
-1.058390 -3.549310 -32.808436 -23.866139 0.579080 0.808419 0.105478 -0.216296 0.277083 -0.936184 0.786055 -0.519311 -0.335311
-0.666415 -3.027566 -30.581261 -27.252939 0.587605 0.801961 0.107604 -0.143503 0.234162 -0.961548 0.796321 -0.549569 -0.252679
-0.201882 -3.466873 -23.409949 -10.857899 0.593320 0.795785 0.121231 -0.254461 0.328298 -0.909654 0.763689 -0.508867 -0.397282
-0.855641 -3.859915 -35.663677 -4.796494 0.594635 0.796959 0.106137 -0.306760 0.346919 -0.886310 0.743174 -0.494472 -0.450765
-0.161332 -5.506192 -1.455010 -20.309704 0.834290 0.086116 -0.544559 -0.308078 0.891946 -0.330939 0.457218 0.443866 0.770672
-0.192416 -5.055805 -2.880364 -16.600861 0.824419 0.120341 -0.553038 -0.269805 0.942525 -0.197109 0.497532 0.311713 0.809504
-0.093691 -5.450398 2.859024 -25.286315 0.821724 0.104744 -0.560177 -0.299441 0.915694 -0.268029 0.484876 0.387986 0.783812
-0.012370 -5.887402 1.231411 17.719814 0.832748 0.084795 -0.547120 0.360231 -0.833406 0.419128 0.420433 0.546118 0.724562
-0.129704 -5.805981 1.115636 10.876655 0.843183 0.062172 -0.534020 0.370374 -0.787161 0.493154 0.389699 0.613606 0.686747
0.438490 -10.764792 -4.275611 -60.885558 0.434373 0.882559 0.180028 -0.023128 0.210730 -0.977271 0.900436 -0.420336 -0.111947
0.567558 -9.756010 -6.788417 -55.618300 0.431834 0.877067 0.210412 0.073143 0.198463 -0.977375 0.898982 -0.437454 -0.021552
0.756071 -10.680104 -11.703552 -59.644663 0.439159 0.878763 0.186856 -0.156251 0.279523 -0.947340 0.884718 -0.386836 -0.260063
0.702622 -10.995440 -3.872501 -14.149570 0.432540 0.887164 0.160781 -0.331520 0.322326 -0.886679 0.838453 -0.330222 -0.433531
1.022241 -10.698145 -16.962394 -5.296514 0.445474 0.877180 0.179186 -0.407776 0.376970 -0.831632 0.797039 -0.297403 -0.525624
0.121550 -7.603893 21.414807 -29.179439 0.693330 0.711675 0.113188 -0.579999 0.457893 0.673747 -0.427661 0.532778 -0.730242
0.285713 -7.321088 24.381367 58.081383 0.574163 0.794909 0.196103 0.764040 -0.434127 -0.477260 -0.294244 0.423856 -0.856602
-0.671347 -6.268265 10.548066 59.892899 0.669544 0.736745 0.094431 0.684549 -0.562713 -0.463407 -0.288275 0.374914 -0.881100
-0.632940 -5.694944 16.149109 68.871475 0.569014 0.805588 0.165080 0.804625 -0.504002 -0.313943 -0.169708 0.311465 -0.934981
0.369749 -13.370144 11.597234 38.594307 0.652411 0.642791 0.401472 -0.053093 -0.489674 0.870288 -0.756003 0.589101 0.285341
0.401126 -12.583866 8.713301 -15.645445 0.650027 0.640408 0.409075 -0.284676 -0.293901 0.912459 -0.704574 0.709577 0.008734
0.093657 -13.235338 8.776827 8.241699 0.650395 0.636773 0.414133 -0.213586 -0.369896 0.904189 -0.728949 0.676534 0.104573
0.015586 -13.547207 9.647024 78.374105 0.653052 0.637889 0.408191 0.062966 -0.582869 0.810123 -0.754691 0.503351 0.420809
-0.203704 -3.026954 14.852412 17.001862 0.512392 0.851462 0.111651 -0.433476 0.368684 -0.822296 0.741318 -0.372940 -0.558000
-0.111198 -2.708748 13.883381 20.307891 0.542865 0.821311 0.175342 -0.445000 0.458378 -0.769328 0.712231 -0.339614 -0.614321
0.169005 -3.296940 11.474287 8.610707 0.530359 0.836958 0.134982 -0.358557 0.365727 -0.858883 0.768216 -0.407118 -0.494064
0.351880 -3.366203 -0.940880 -6.716866 0.548709 0.828618 0.110956 -0.262593 0.296829 -0.918116 0.793702 -0.474642 -0.380462
0.162671 -3.246711 12.339422 -7.250471 0.504920 0.859546 0.078973 -0.271871 0.245203 -0.930571 0.819232 -0.448393 -0.357494
1.220768 -3.160222 -21.399225 3.244227 0.537446 0.830394 -0.146964 -0.371244 0.076501 -0.925379 0.757186 -0.551900 -0.349394
0.388130 -3.004640 -18.635596 -0.792179 0.534134 0.813396 -0.230408 -0.379436 -0.012893 -0.925128 0.755466 -0.581567 -0.301746
0.610426 -2.972534 -19.785745 -2.363313 0.542897 0.824282 -0.160694 -0.285759 0.001388 -0.958301 0.789687 -0.566178 -0.236299
-0.694282 -15.342690 1.082146 74.960125 0.928917 0.311034 -0.200926 0.305123 -0.335522 0.891249 -0.209794 0.889204 0.406576
-0.600553 -15.480484 3.432114 19.789339 0.938461 0.301607 -0.168300 0.175892 0.002015 0.984407 -0.297243 0.953430 0.051160
-0.645816 -15.125757 -1.937472 50.614609 0.924139 0.334967 -0.183751 0.273072 -0.242738 0.930865 -0.267206 0.910426 0.315794
-0.571512 -15.377150 -0.346277 -5.127462 0.927218 0.335908 -0.165628 0.143666 0.089397 0.985580 -0.345871 0.937643 -0.034632
-0.559406 -14.376194 -4.939571 101.872722 0.914516 0.353144 -0.197357 0.353066 -0.458556 0.815519 -0.197496 0.815485 0.544040
-0.740246 -13.977603 -2.848759 84.048983 0.915498 0.344761 -0.207373 0.373300 -0.535696 0.757415 -0.150038 0.770824 0.619128
-0.543353 -15.106491 -4.039374 61.751736 0.916328 0.359366 -0.176632 0.239346 -0.137909 0.961090 -0.321024 0.922950 0.212383
-1.979954 -5.224672 2.599813 -34.723932 -0.542578 -0.532856 -0.649364 0.799658 -0.564357 -0.205056 -0.257208 -0.630528 0.732310
-2.406260 -6.307834 -2.197841 -28.113212 -0.549829 -0.531041 -0.644735 0.831350 -0.422677 -0.360833 -0.080898 -0.734398 0.673881
-2.167248 -5.593248 1.573710 -23.685362 -0.487474 -0.612520 -0.622245 0.862593 -0.448260 -0.234512 -0.135284 -0.651063 0.746870
-2.019037 -5.035171 3.002588 -25.984553 -0.476146 -0.633584 -0.609800 0.842265 -0.527891 -0.109180 -0.252733 -0.565599 0.784999
-2.182491 -5.671324 -2.942046 -15.987066 -0.458590 -0.686995 -0.563678 0.883913 -0.418027 -0.209644 -0.091608 -0.594383 0.798947
-0.135273 -14.958995 2.676697 47.054959 0.837265 0.420656 -0.349337 -0.340372 0.900957 0.269115 0.427943 -0.106416 0.897519
-0.216665 -15.674661 4.689716 -85.802130 0.860158 0.363548 -0.357716 -0.392937 0.919507 -0.010352 0.325159 0.149464 0.933773
-0.364236 -15.008042 12.345566 -77.765335 0.859115 0.368933 -0.354696 -0.384495 0.922689 0.028433 0.337764 0.111951 0.934549
-0.291297 -14.163330 11.832573 16.274942 0.825187 0.436739 -0.358227 -0.325995 0.886128 0.329400 0.461297 -0.155036 0.873596
-0.419655 -12.657950 9.501409 -16.295932 0.839384 0.413946 -0.352253 -0.394271 0.909805 0.129637 0.374144 0.030068 0.926883
-0.555324 -13.965689 6.188219 81.989984 0.876464 0.348894 -0.331789 0.423104 -0.887003 0.184954 0.229769 0.302487 0.925045
-1.599514 -3.306986 -5.049898 6.611256 0.357449 0.914339 0.190302 0.622800 -0.385209 0.680980 -0.695952 0.124895 0.707143
-1.476711 -3.033174 -7.797252 17.590849 0.297694 0.945777 0.129940 0.741613 -0.314817 0.592368 -0.601155 0.079980 0.795120
-1.700758 -3.333836 -4.079370 9.583416 0.413515 0.894686 0.168946 0.648299 -0.419608 0.635324 -0.639307 0.153189 0.753538
-1.836114 -3.357693 -2.861449 1.168927 0.489033 0.858795 0.152701 0.600769 -0.458539 0.654843 -0.632395 0.228502 0.740178
-1.788249 -3.312397 -2.190791 -10.624982 0.438829 0.881570 0.173966 0.544115 -0.414771 0.729317 -0.715100 0.225388 0.661689
-2.414333 -4.160186 3.036581 5.347495 0.984202 -0.088496 -0.153346 0.025796 -0.785199 0.618706 0.175160 0.612887 0.770512
-2.480198 -4.347474 -3.316083 8.571938 0.990209 -0.133879 -0.039528 -0.063566 -0.684561 0.726178 0.124280 0.716556 0.686369
-2.513194 -4.048540 -4.832513 5.085173 0.997538 -0.041082 -0.056835 0.004410 -0.772095 0.635491 0.069989 0.634177 0.770013
-2.435740 -3.935846 1.127324 6.416019 0.987675 -0.004141 -0.156463 0.080834 -0.842520 0.532566 0.134029 0.538650 0.831801
-2.224895 -4.001144 13.554174 14.435044 0.968437 -0.076834 -0.237122 0.052320 -0.867453 0.494760 0.243707 0.491550 0.836053
0.661272 -4.743283 0.721070 -3.758392 0.913239 0.097455 -0.395598 0.235796 0.665408 0.708260 -0.332258 0.740091 -0.584697
0.711678 -4.851290 -1.426767 -12.767188 0.906234 0.119827 -0.405439 0.199648 0.724035 0.660238 -0.372666 0.679275 -0.632222
0.716111 -4.554090 0.946499 -10.961464 0.919760 0.113597 -0.375683 0.150593 0.781793 0.605080 -0.362442 0.613103 -0.701955
0.575078 -4.511158 5.600662 -4.845513 0.929532 0.089822 -0.357634 0.179681 0.736607 0.652016 -0.322001 0.670330 -0.668560
3.179993 -2.060778 26.293643 -26.616678 0.561612 0.815287 0.141066 -0.355367 0.391646 -0.848721 0.747199 -0.426522 -0.509679
2.332962 -2.514040 31.593676 -25.038425 0.450683 0.887003 0.100553 -0.426497 0.312906 -0.848640 0.784210 -0.339582 -0.519325
2.155059 -2.855800 26.413156 -16.381418 0.489325 0.868263 0.081727 -0.490499 0.351488 -0.797413 0.721090 -0.350107 -0.597874
1.598700 -2.959865 21.289176 0.951170 0.515258 0.852153 0.091350 -0.579306 0.424852 -0.695633 0.631596 -0.305510 -0.712566
2.420633 -3.048013 20.261496 -11.817412 0.584098 0.805611 0.099101 -0.504867 0.456192 -0.732801 0.635562 -0.377995 -0.673187
-2.287584 -11.840123 26.632175 -235.678459 0.454128 -0.153537 0.877607 0.590460 -0.685779 -0.425517 0.667177 0.711430 -0.220774
35.752717 -70.591753 460.978033 1370.168099 -0.330998 -0.051655 -0.942217 -0.644972 0.741240 0.185940 0.688804 0.669249 -0.278665
-3.574753 -21.818924 -46.290404 177.214542 -0.358539 0.590027 0.723407 0.680967 -0.364757 0.635009 0.638540 0.720292 -0.271009
-3.772356 -22.662202 17.950172 579.199922 -0.553178 0.627127 0.548366 0.568373 -0.197132 0.798806 0.609054 0.753558 -0.247393
-0.421979 -23.170220 30.632355 544.150263 -0.663994 0.312684 0.679220 0.715110 0.000145 0.699012 0.218472 0.949857 -0.223700
-1.087556 -26.981193 35.289525 576.960711 -0.667845 0.307943 0.677609 0.740878 0.187833 0.644840 0.071297 0.932679 -0.353592
0.089590 -24.581594 33.125095 440.447012 -0.674661 0.283553 0.681492 0.726424 0.418823 0.544881 -0.130922 0.862662 -0.488543
1.004808 -22.014196 -14.578305 343.376831 0.722152 -0.285441 -0.630095 0.664259 0.540331 0.516530 -0.193021 0.791559 -0.579808
0.525326 -19.897533 18.741839 399.674718 -0.682440 0.322581 0.655909 0.717984 0.127627 0.684259 0.137017 0.937898 -0.318706
2.907177 -6.253557 44.122327 -18.608893 0.891388 0.388627 -0.233230 0.267746 -0.036307 0.962805 -0.365705 0.920679 0.136417
1.742282 -5.618140 55.730162 -20.024344 0.928508 0.301515 -0.216705 0.202685 0.077436 0.976178 -0.311113 0.950312 -0.010787
1.192564 -5.729605 54.327715 -6.311057 0.919756 0.289637 -0.264875 0.295966 -0.068570 0.952734 -0.257785 0.954677 0.148791
0.238584 -5.378812 52.916014 -8.703683 0.932106 0.274578 -0.236191 0.231931 0.048375 0.971529 -0.278186 0.960347 0.018592
2.350659 -6.346255 52.016796 6.670072 0.886166 0.348962 -0.304854 0.397374 -0.233921 0.887342 -0.238337 0.907472 0.345961
-0.691642 -5.363111 39.568408 3.768651 0.913454 0.305335 -0.269020 0.305839 -0.079009 0.948799 -0.268447 0.948962 0.165555
0.230164 -5.641075 49.834864 1.843159 0.895414 0.300777 -0.328277 0.398223 -0.211270 0.892628 -0.199127 0.929999 0.308950
0.744145 -7.417926 0.114231 54.522388 -0.048082 0.726953 -0.685002 0.882444 -0.290376 -0.370100 -0.467953 -0.622271 -0.627534
0.405432 -7.201150 -9.022865 7.887115 0.011957 0.668785 -0.743360 0.807365 -0.445050 -0.387416 -0.589931 -0.595530 -0.545275
1.209304 -6.814489 -14.732562 61.404457 -0.038017 0.669196 -0.742113 0.945854 -0.215475 -0.242757 -0.322359 -0.711159 -0.624770
-0.185579 -3.286106 5.384378 -15.925801 0.748325 0.663167 -0.014836 -0.519695 0.600035 0.608174 -0.412223 0.447401 -0.793665
-0.278616 -3.353889 8.275317 -10.204328 0.742499 0.669817 -0.006371 -0.540208 0.604396 0.585560 -0.396069 0.431336 -0.810604
-0.335790 -3.215623 9.972277 -3.758565 0.757124 0.652955 -0.020308 -0.458241 0.552989 0.695858 -0.465594 0.517545 -0.717892
-0.250712 -4.215285 0.058014 3.659962 0.544747 0.836747 -0.055722 0.651905 -0.464333 -0.599512 0.527514 -0.290257 0.798423
-0.218825 -4.170384 -2.323014 4.574197 0.566958 0.821178 -0.065001 0.640215 -0.488919 -0.592523 0.518347 -0.294320 0.802927
-0.328100 -3.932114 0.929126 10.675413 0.540001 0.839921 -0.054141 0.570233 -0.412409 -0.710460 0.619059 -0.352776 0.701652
-0.305613 -4.206978 1.914283 6.219447 0.517927 0.853369 -0.059264 0.627101 -0.425894 -0.652195 0.581804 -0.300625 0.755731
-0.262164 -4.398373 1.028956 3.042661 0.536297 0.841440 -0.066066 0.692318 -0.483322 -0.535814 0.482786 -0.241617 0.841748
0.814886 -7.417974 -0.370159 15.905272 0.547827 0.797743 0.251976 -0.335946 -0.066069 0.939561 -0.766176 0.599367 -0.231804
0.761729 -7.733180 8.844964 -5.227106 0.524818 0.791413 0.313418 -0.421770 -0.078051 0.903337 -0.739376 0.606278 -0.292832
0.514116 -7.432631 -2.254087 -43.509085 0.529941 0.801930 0.275809 -0.516485 0.047251 0.854991 -0.672611 0.595547 -0.439225
0.426012 -7.017986 1.398250 -40.348571 0.555067 0.793479 0.249584 -0.510270 0.087855 0.855515 -0.656906 0.602223 -0.453654
0.559021 -6.968122 -4.023827 -19.748312 0.570961 0.792003 0.216182 -0.438216 0.071335 0.896035 -0.694241 0.606335 -0.387798
0.928486 -6.909765 0.764687 30.455880 0.612553 0.772540 0.167213 -0.208000 -0.046547 0.977021 -0.762571 0.633257 -0.132175
-1.024324 -6.720292 -5.980065 -13.772126 0.345882 0.825057 0.446819 -0.349114 -0.328855 0.877482 -0.870911 0.459495 -0.174294
-1.169395 -6.800059 -4.485833 -16.112764 0.382426 0.809378 0.445711 -0.294862 -0.350255 0.889032 -0.875675 0.471412 -0.104708
-1.088707 -6.515768 -2.340265 -11.455258 0.381596 0.816188 0.433845 -0.470199 -0.232692 0.851333 -0.795800 0.528859 -0.294976
-0.923814 -6.565714 -5.779250 -14.033308 0.338320 0.841968 0.420274 -0.478800 -0.230461 0.847135 -0.810117 0.487830 -0.325165
0.701754 -9.364575 11.504353 -7.003363 0.414918 0.852399 0.318211 0.043549 0.330731 -0.942720 0.908816 -0.405009 -0.100106
0.905246 -11.755904 15.024760 -39.881970 0.429510 0.841145 0.328627 0.105743 0.314555 -0.943331 0.896850 -0.439920 -0.046160
0.635745 -10.196348 11.975426 19.202272 0.402791 0.860357 0.312324 0.267149 0.215863 -0.939167 0.875437 -0.461725 0.142896
-1.674019 -2.448659 -11.045382 7.570246 0.191357 0.938862 -0.286220 0.823706 0.004967 0.566996 -0.533752 0.344259 0.772395
-1.338309 -2.333503 -19.068164 2.175461 -0.160577 0.873711 -0.459178 0.871487 0.343911 0.349621 -0.463384 0.344026 0.816652
-1.820185 -2.713786 -4.375374 8.853636 0.239704 0.904957 -0.351560 0.845178 -0.016329 0.534236 -0.477720 0.425189 0.768764
0.150286 -7.105702 6.148115 -19.712847 0.628939 0.773774 -0.075562 0.127367 -0.006670 0.991833 -0.766951 0.633426 0.102749
0.549450 -8.013499 -0.545553 -38.768688 0.607025 0.791258 -0.073697 0.255448 -0.106469 0.960943 -0.752507 0.602142 0.266754
0.111085 -7.490835 5.598207 -28.770023 0.629415 0.777062 0.003383 0.027056 -0.026266 0.999289 -0.776598 0.628875 0.037557
0.497543 -6.386179 -0.608747 10.564809 0.562796 0.797157 -0.218635 0.414698 -0.043491 0.908919 -0.715042 0.602204 0.355056
-0.133784 -6.351714 11.289368 0.530015 0.596425 0.783042 -0.176413 0.238390 0.037061 0.970462 -0.766451 0.620863 0.164565
0.554279 -1.204361 -2.426944 6.779884 0.130599 0.978457 -0.159894 0.981388 -0.104681 0.160996 0.140790 -0.177944 -0.973917
0.714405 -0.830832 10.280852 -17.117648 0.202744 0.971601 -0.122005 -0.954039 0.167910 -0.248224 0.220689 -0.166724 -0.960989
0.663194 -0.964149 2.262193 -12.827056 0.138076 0.981137 -0.135294 -0.971783 0.107831 -0.209786 0.191240 -0.160443 -0.968342
0.532823 -0.819832 -2.868913 -14.088414 0.221241 0.969333 -0.106986 -0.950604 0.189863 -0.245569 0.217725 -0.156032 -0.963457
0.739588 -1.168509 -7.767925 -9.727209 0.154631 0.980449 -0.121694 -0.972640 0.129456 -0.192908 0.173383 -0.148194 -0.973641
0.672887 -1.312448 -4.043857 1.298890 0.074636 0.986089 -0.148518 0.989995 -0.055385 0.129777 0.119746 -0.156718 -0.980357
0.875198 -3.020945 4.257408 -1.526468 0.672359 0.696814 0.249770 0.097606 -0.417935 0.903219 -0.733762 0.582908 0.349015
1.166171 -3.194276 6.677922 -0.624093 0.652682 0.725008 0.219932 0.086291 -0.359536 0.929133 -0.752702 0.587450 0.297224
1.054892 -3.019126 6.153168 5.991781 0.684709 0.671551 0.283183 0.013551 -0.400216 0.916321 -0.728690 0.623576 0.283132
-0.358991 -8.130369 -1.090921 41.235711 0.861185 0.375905 -0.342133 -0.211962 -0.346199 -0.913903 0.461987 -0.859559 0.218464
-0.486214 -9.113994 -3.286099 21.904225 0.871090 0.385340 -0.304491 -0.187645 -0.311816 -0.931429 0.453862 -0.868495 0.199313
-0.223003 -10.313057 -3.281988 80.734352 0.856681 0.375814 -0.353356 -0.110537 -0.535352 -0.837365 0.503864 -0.756414 0.417085
0.152262 -9.076625 -11.945520 94.241960 0.859809 0.364723 -0.357360 -0.154676 -0.480940 -0.863002 0.486625 -0.797291 0.357103
0.072932 -12.035297 -5.375540 131.829054 0.861599 0.361749 -0.356069 -0.020968 -0.675526 -0.737038 0.507157 -0.642497 0.574447
-1.108662 -12.449659 -27.889384 52.748668 0.707771 0.700911 -0.088223 -0.692509 0.713061 0.109431 0.139610 -0.016357 0.990071
-1.544854 -12.729659 -13.612824 35.086697 0.764301 0.631601 -0.130091 -0.611538 0.773915 0.164551 0.204610 -0.046211 0.977752
-2.266045 -12.735746 -21.779430 -37.412306 0.731263 0.671500 -0.119762 0.681199 -0.709953 0.178702 -0.034974 0.212260 0.976587
1.128627 -3.034148 49.625068 55.896442 -0.135857 -0.634490 0.760898 0.797920 0.385168 0.463647 -0.587253 0.670125 0.453945
-0.265427 -5.734437 7.900143 21.657319 0.511706 0.787488 -0.343539 0.467262 0.080468 0.880450 -0.720988 0.611054 0.326787
-0.387625 -4.515113 -20.092732 46.923798 0.364414 0.728871 -0.579612 0.593441 0.297898 0.747720 -0.717657 0.616445 0.323983
-0.091338 -4.119381 -16.987738 34.635339 0.210226 0.630324 -0.747327 0.659931 0.472492 0.584159 -0.721315 0.615990 0.316640
2.244019 -4.103191 -59.569524 43.863394 0.309659 0.815898 -0.488285 0.737668 0.117886 0.664792 -0.599964 0.566051 0.565358
0.565048 -3.052502 21.091228 44.681750 -0.008108 -0.401739 0.915718 0.759132 0.593595 0.267141 -0.650886 0.697317 0.300160
0.722309 -120.543719 -116.363002 -3449.359011 0.944913 -0.286790 -0.157767 -0.313869 -0.657129 -0.685322 -0.092871 -0.697088 0.710945
6.075554 -106.805980 0.975406 -2866.676650 0.986472 -0.088617 -0.137914 -0.127469 -0.943648 -0.305418 0.103077 -0.318866 0.942178
3.584015 -72.546950 -109.431457 -1808.229285 0.965584 -0.207246 -0.157150 -0.258713 -0.703211 -0.662240 -0.026737 -0.680105 0.732627
4.093905 -66.153288 -18.576027 -1393.320505 0.971548 -0.068186 -0.226816 -0.236183 -0.350356 -0.906349 0.017666 -0.934131 0.356492
1.910959 -57.765719 -40.549961 457.221802 0.911239 -0.268042 -0.312725 -0.363366 -0.165673 -0.916798 -0.193930 -0.949055 0.248365
12.096946 -102.278871 -208.754107 -2696.391832 0.959239 -0.098616 -0.264833 -0.241912 -0.770975 -0.589132 0.146082 -0.629184 0.763405
-155.605215 -2735.386755 -2701.914973 -144816.205438 0.713658 0.696203 0.077416 -0.359590 0.458948 -0.812442 0.601154 -0.551968 -0.577880
23.091555 -710.566233 11826.134076 9216.703603 -0.084222 0.822289 -0.562803 0.021529 -0.563176 -0.826056 0.996214 0.081689 -0.029729
123.975424 -1114.798736 27371.644003 -221138.623868 0.444252 0.759739 -0.474802 0.532964 -0.650109 -0.541579 0.720132 0.012454 0.693726
-32.496897 -306.591075 -746.865835 12561.683012 0.876347 0.445021 -0.184315 0.063774 -0.486479 -0.871362 0.477440 -0.751861 0.454705
-1.585855 -3.037313 -8.265244 3.531090 -0.181872 0.932220 -0.312870 0.226243 0.349311 0.909283 -0.956941 -0.094588 0.274438
-1.436093 -3.233457 -4.166930 0.574159 -0.215027 0.932108 -0.291441 0.193698 0.333198 0.922746 -0.957207 -0.141964 0.252194
-1.415967 -3.090617 -8.483848 9.362049 -0.222909 0.944333 -0.241963 0.300632 0.302703 0.904429 -0.927325 -0.128864 0.351372
-1.587512 -2.798948 -9.504539 10.429514 -0.151447 0.970280 -0.188736 0.364923 0.232332 0.901584 -0.918638 -0.067668 0.389263
-1.365331 -2.831041 -10.842382 8.973783 -0.209402 0.960546 -0.183039 0.398539 0.254774 0.881055 -0.892927 -0.111546 0.436165
-0.431752 -7.294182 -0.619489 -3.138031 0.592296 0.701064 0.397109 -0.377016 -0.194427 0.905570 -0.712071 0.686082 -0.149154
-0.350089 -7.422098 4.881943 -6.724210 0.611467 0.682977 0.399564 -0.363092 -0.206479 0.908587 -0.703046 0.700649 -0.121728
-0.318208 -7.039281 2.231143 -8.948668 0.594179 0.683027 0.424765 -0.503276 -0.096235 0.858750 -0.627427 0.724025 -0.286570
-0.426358 -7.788575 2.898062 -7.450753 0.611643 0.700966 0.366797 -0.204110 -0.308122 0.929193 -0.764351 0.643201 0.045386
0.065807 -44.814545 -1.448570 -919.347066 0.555707 0.772250 0.307929 0.618763 -0.631551 0.467200 -0.555268 0.069091 0.828797
0.000818 -47.083712 -0.582051 1040.115196 -0.610690 -0.746586 -0.263947 0.791631 -0.567407 -0.226647 0.019446 -0.347360 0.937530
0.300743 -39.453914 4.302942 805.807636 -0.589675 -0.734050 -0.336830 0.800605 -0.586205 -0.124076 -0.106374 -0.342833 0.933354
0.433781 -46.129936 4.544443 -1019.262055 0.556117 0.773519 0.303977 0.597416 -0.626320 0.500817 -0.577778 0.096912 0.810420
2.250552 -7.236786 5.873787 -4.059393 -0.399531 -0.502817 0.766518 -0.276126 0.863328 0.422397 -0.874145 -0.042895 -0.483767
2.529737 -7.172457 21.888022 26.334942 -0.418981 -0.529096 0.737911 -0.138304 0.840386 0.524045 -0.897400 0.117509 -0.425282
0.971517 -10.512344 9.247005 -104.573981 -0.355477 -0.350168 0.866613 -0.034966 0.931504 0.362046 -0.934031 0.098397 -0.343372
1.145450 -11.586335 -6.426629 -195.497260 -0.379185 -0.355633 0.854250 -0.171406 0.934212 0.312838 -0.909307 -0.027800 -0.415197
2.752286 -6.329357 -12.711547 39.822345 -0.646168 -0.645389 0.407356 -0.190962 0.653497 0.732445 -0.738918 0.395493 -0.545514
3.830826 -9.009451 3.885224 89.836354 -0.616135 -0.615243 0.491786 -0.308944 0.763119 0.567629 -0.724521 0.197802 -0.660260
2.627098 -8.064832 20.141665 36.909503 0.697275 0.670406 -0.253697 -0.349116 0.626736 0.696650 -0.626039 0.397187 -0.671057
1.440668 -6.817541 20.541072 -12.491860 0.686050 0.702245 -0.190229 -0.276212 0.493283 0.824851 -0.673084 0.513345 -0.532385
-3.377842 -4.936940 -7.130778 -26.500092 0.833737 0.202765 -0.513584 -0.410454 -0.394569 -0.822097 0.369337 -0.896215 0.245741
-2.615551 -4.091286 5.655317 -19.591463 0.705609 0.046644 -0.707065 -0.563972 -0.567156 -0.600224 0.429013 -0.822288 0.373885
-2.684582 -5.073968 -10.913574 15.777553 0.553041 -0.445364 -0.704128 0.764385 -0.064992 0.641476 -0.331453 -0.892988 0.304486
-2.700796 -5.305110 -9.918652 13.350465 0.570135 -0.468412 -0.674934 0.690927 -0.171095 0.702386 -0.444485 -0.866785 0.226091
-2.914709 -5.611074 -14.455185 -7.123289 0.634964 -0.430445 -0.641512 -0.588424 0.268591 -0.762638 -0.500578 -0.861728 0.082739
-3.385636 -5.729505 -12.319486 -7.035054 0.710371 -0.329514 -0.621927 -0.561579 0.267292 -0.783060 -0.424265 -0.905525 -0.004829
-1.326640 -1.749520 -8.967081 -25.152447 0.374707 0.925916 0.047696 0.742183 -0.330389 0.583102 -0.555661 0.183093 0.810998
-1.063552 -2.199908 -6.833214 -19.645690 0.354426 0.932149 0.074025 0.774636 -0.337031 0.535116 -0.523757 0.132317 0.841529
-1.374772 -2.251471 -8.797124 -19.790493 0.408256 0.910855 0.060587 0.761818 -0.376519 0.527131 -0.502952 0.169048 0.847622
-1.238266 -2.632335 -6.918017 -8.648349 0.391546 0.917598 0.068598 0.802548 -0.377018 0.462357 -0.450120 0.125981 0.884037
-0.163023 -2.371229 -26.325681 -27.143481 0.580753 0.807637 0.102217 -0.090561 0.188876 -0.977816 0.809027 -0.558613 -0.182831
-0.781775 -2.129657 -18.791357 -23.922032 0.567459 0.798466 0.201102 -0.018851 0.256767 -0.966289 0.823186 -0.544538 -0.160757
-0.390196 -1.543497 -27.956992 -20.834023 0.585645 0.802984 0.110617 -0.034234 0.160850 -0.986385 0.809844 -0.573885 -0.121691
-0.595030 -1.323574 -12.331189 -16.108989 0.554043 0.764633 0.329201 0.107116 0.326677 -0.939046 0.825568 -0.555535 -0.099089
-0.233453 -5.955576 19.512001 67.220173 0.525695 0.825589 0.205056 0.840693 -0.467393 -0.273459 -0.129923 0.316145 -0.939772
0.302081 -6.636784 21.804287 69.874056 0.508016 0.832811 0.219877 0.851740 -0.447683 -0.272249 -0.128296 0.325585 -0.936768
-0.118317 -5.408027 13.906161 40.818081 0.452895 0.862933 0.224126 0.891535 -0.436319 -0.121618 -0.007158 0.254896 -0.966942
-0.865326 -4.715038 12.564007 30.825827 0.472321 0.859148 0.196921 0.879739 -0.445682 -0.165612 -0.054521 0.251461 -0.966330
0.720459 -12.976431 9.826148 -19.876459 0.642658 0.653478 0.399946 -0.248627 -0.315886 0.915642 -0.724690 0.687882 0.040535
0.544659 -11.926736 9.619016 -103.438675 0.647120 0.643048 0.409542 -0.479081 -0.074879 0.874571 -0.593057 0.762156 -0.259617
-0.584268 -18.143589 5.634967 28.182840 0.938087 0.279848 -0.204153 0.238374 -0.093896 0.966624 -0.251339 0.955441 0.154792
-0.539731 -17.126314 5.278138 -59.024468 0.941097 0.287199 -0.178477 0.094546 0.283272 0.954368 -0.324651 0.915027 -0.239433
-0.511493 -15.272491 9.674600 -43.394817 0.945253 0.290546 -0.148591 0.046613 0.330450 0.942672 -0.322991 0.897990 -0.298816
0.005717 -10.686345 -9.978231 61.435093 0.592600 0.707586 0.384900 0.756007 -0.653494 0.037396 -0.277990 -0.268826 0.922201
0.214151 -10.097633 2.077785 54.222312 -0.589987 -0.717219 -0.370827 0.805639 -0.553357 -0.211523 -0.053491 -0.423549 0.904293
-0.100294 -9.677389 17.251383 55.046275 -0.602857 -0.698046 -0.386388 0.795951 -0.559577 -0.230944 -0.055004 -0.446772 0.892955
0.226964 -10.875273 2.788875 68.675093 -0.591625 -0.712858 -0.376581 0.765444 -0.643321 0.015244 -0.253130 -0.279233 0.926258
-0.492098 -9.940380 15.453786 59.956675 -0.597559 -0.709440 -0.373655 0.780016 -0.622275 -0.065940 -0.185736 -0.330860 0.925221
-0.241493 -11.232081 -15.181717 43.525686 0.582651 0.717621 0.381494 0.699495 -0.681790 0.214171 -0.413792 -0.142066 0.899218
0.046356 -11.955770 -12.214743 27.267873 0.582211 0.713393 0.390002 0.635533 -0.698496 0.328940 -0.507078 -0.056347 0.860056
0.201957 -11.805435 0.636827 -31.843274 0.602956 0.701486 0.379949 -0.642813 0.709261 -0.289377 -0.472477 -0.069754 0.878578
-2.693099 -6.354828 -8.225293 -34.887641 -0.638943 -0.403515 -0.654925 0.755422 -0.489856 -0.435176 -0.145219 -0.772798 0.617815
-2.664435 -7.206980 -8.994834 -25.122929 -0.593471 -0.493486 -0.635817 0.801504 -0.290347 -0.522772 0.073373 -0.819860 0.567843
-2.187770 -5.362254 -2.582152 -33.669468 -0.606776 -0.440872 -0.661404 0.753713 -0.583405 -0.302580 -0.252468 -0.682107 0.686287
-0.227231 -19.654588 7.838007 179.943011 0.882114 0.312700 -0.352268 0.403256 -0.887828 0.221691 0.243431 0.337611 0.909264
-0.016722 -17.717944 6.824704 10.893479 0.848617 0.381590 -0.366386 -0.370322 0.923100 0.103674 0.377772 0.047701 0.924669
0.000385 -21.596616 10.111027 167.365241 0.877847 0.319045 -0.357203 0.394455 -0.904630 0.161402 0.271642 0.282587 0.919976
1.321615 -105.988418 21.820027 -295.702907 0.774226 0.349502 -0.527657 -0.455593 0.886466 -0.081322 0.439328 0.303359 0.845556
-1.219608 -18.383139 34.305862 -148.058502 0.701572 0.703697 -0.112282 0.205861 -0.350993 -0.913469 0.682216 -0.617749 0.391111
-0.657433 -70.175211 -13.663533 -978.473101 0.768430 0.576096 -0.278620 -0.087805 -0.336353 -0.937634 0.633881 -0.744970 0.207879
5.816937 -184.715073 -82.566524 2549.151134 0.811223 0.479865 -0.334135 -0.507253 0.861775 0.006108 0.290880 0.164536 0.942505
-1.028468 -2.428396 -11.204330 12.947921 0.023768 0.999433 -0.023852 0.832690 -0.006588 0.553701 -0.553229 0.033022 0.832374
-1.257772 -2.567419 -13.190196 16.574789 0.173671 0.984286 0.031920 0.838432 -0.164783 0.519498 -0.516595 0.063459 0.853875
-1.321287 -2.933602 -8.439868 14.905972 0.200218 0.974089 0.105183 0.744221 -0.221031 0.630302 -0.637219 0.047918 0.769192
-0.226835 -3.881457 4.901473 -4.277384 0.943776 0.115682 -0.309686 0.093373 0.805356 0.585392 -0.317126 0.581395 -0.749274
-0.212437 -3.688808 1.721454 -5.866224 0.943439 0.165480 -0.287297 0.020594 0.835615 0.548930 -0.330906 0.523798 -0.784943
-0.331416 -3.902523 8.582815 -8.027255 0.942224 0.113828 -0.315051 0.119078 0.765258 0.632614 -0.313105 0.633580 -0.707490
-0.308294 -4.079584 9.319786 -4.741840 0.941490 0.081315 -0.327085 0.168876 0.726040 0.666594 -0.291680 0.682828 -0.669827
-0.398991 -4.023027 7.079189 -4.328896 0.936700 0.092122 -0.337797 0.198023 0.656263 0.728083 -0.288756 0.748887 -0.596480
3.170929 -1.722525 38.982781 -22.861110 0.510350 0.835305 0.204471 -0.303004 0.397180 -0.866277 0.804818 -0.380149 -0.455802
-1.604651 -20.056262 21.330404 453.882187 -0.638884 0.379867 0.668976 0.686126 -0.111931 0.718820 0.347935 0.918244 -0.189126
0.810270 -2.560882 15.467098 -2.160179 0.567155 0.800612 0.193278 -0.612658 0.566944 -0.550658 0.550441 -0.193895 -0.812046
1.275875 -2.946514 14.835244 5.916165 0.548355 0.826239 0.128979 -0.615570 0.503217 -0.606503 0.566021 -0.253184 -0.784550
0.857223 -2.637574 22.118036 6.351357 0.499584 0.858224 0.117760 -0.620799 0.449508 -0.642302 0.604173 -0.247779 -0.757351
3.184878 -5.739050 37.101448 -37.109808 0.890351 0.417971 -0.180487 0.143613 0.118353 0.982531 -0.432031 0.900718 -0.045349
3.466999 -2.670094 -83.278064 16.312585 -0.005311 -0.064692 0.997891 0.808725 0.586662 0.042337 -0.588163 0.807244 0.049202
1.890875 -2.876889 -42.464719 -1.334702 0.338282 0.291907 0.894626 0.623020 0.643019 -0.445391 -0.705274 0.708037 0.035659
8.337222 -2.273104 -254.173157 -17.487807 -0.116873 0.055295 0.991606 0.769137 0.636700 0.055148 -0.628306 0.769127 -0.116943
1.320038 -2.966634 -63.816899 -7.318953 0.395592 0.446890 0.802369 0.561319 0.573834 -0.596352 -0.726931 0.686297 -0.023844
15.055872 -6.849240 -508.453594 -146.014628 -0.428192 -0.335773 0.838992 0.749216 0.387219 0.537342 -0.505299 0.858672 0.085762
11.217634 -1.452681 -407.837668 -19.750677 -0.090394 0.132376 0.987069 0.743793 0.668065 -0.021479 -0.662270 0.732233 -0.158849
109.921499 -14.961919 -2855.818076 -51.968492 -0.351132 0.027622 0.935919 0.750700 0.605704 0.263766 -0.559604 0.795211 -0.233417
-0.171415 -3.608894 5.208394 -3.345892 0.772326 0.635053 -0.014839 -0.214345 0.282526 0.935005 -0.597971 0.718948 -0.354323
-0.169738 -3.543713 3.945775 -2.282840 0.769946 0.637940 -0.014661 -0.306356 0.389708 0.868489 -0.559758 0.664199 -0.495491
-0.121593 -3.502324 5.813825 -9.324755 0.767397 0.640888 -0.019075 -0.298720 0.383693 0.873811 -0.567334 0.664862 -0.485891
-0.209721 -3.862424 -3.326162 9.707519 0.575166 0.814916 -0.071389 0.563851 -0.458160 -0.687140 0.592669 -0.354966 0.723010
0.950212 -7.684565 5.174159 -11.492627 0.476901 0.804582 0.353854 -0.445878 -0.125487 0.886254 -0.757468 0.580431 -0.298901
0.556345 -7.197704 10.280690 -61.096305 0.506680 0.789224 0.346988 -0.603736 0.037498 0.796302 -0.615449 0.612960 -0.495483
-1.082284 -7.184012 -9.197292 -10.120974 0.334398 0.820193 0.464178 -0.167856 -0.432822 0.885714 -0.927363 0.374095 0.007061
-1.307522 -7.174413 -5.241390 -14.052068 0.387818 0.799168 0.459269 -0.112310 -0.453582 0.884110 -0.914868 0.394454 0.086153
-1.294252 -6.814086 2.675839 -11.020754 0.426343 0.789280 0.441892 -0.224914 -0.380676 0.896939 -0.876154 0.481791 -0.015222
0.825651 -12.455840 21.311170 -105.578654 0.434589 0.810133 0.393468 -0.091982 0.474522 -0.875425 0.895920 -0.344258 -0.280740
0.899270 -19.557575 13.847857 -243.941750 0.521770 0.732514 0.437241 -0.098949 0.561047 -0.821849 0.847328 -0.385551 -0.365219
1.537178 -14.424130 9.421204 -99.520015 0.517413 0.784992 0.340693 0.050559 0.369390 -0.927898 0.854241 -0.497331 -0.151439
1.124368 -12.137172 13.255071 3.080991 0.459998 0.839692 0.288650 0.289850 0.165272 -0.942694 0.839279 -0.517302 0.167360
-0.794772 -2.425985 -22.711733 -4.909478 -0.331296 0.793141 -0.511049 0.850959 0.485136 0.201277 -0.407569 0.368199 0.835653
-0.570082 -2.189980 -18.730680 -4.264026 -0.402240 0.751229 -0.523314 0.792738 0.571730 0.211401 -0.458005 0.329817 0.825501
-0.289658 -2.020428 -14.534977 -4.315667 -0.436916 0.727146 -0.529493 0.745411 0.622162 0.239325 -0.503455 0.290125 0.813856
0.172961 -2.117501 11.152864 -4.816283 0.498556 -0.665957 0.554926 0.726419 0.670285 0.151768 -0.473030 0.327443 0.817939
-0.017406 -2.371259 -15.766746 -6.869186 -0.440582 0.720611 -0.535357 0.799259 0.586409 0.131563 -0.408744 0.369925 0.834316
-0.359337 -3.547198 -5.979222 -1.412593 0.543594 0.839337 0.004342 0.456938 -0.291587 -0.840348 0.704069 -0.458792 0.542030
-0.309720 -3.582977 -3.224800 10.554064 0.559114 0.827970 -0.043085 0.494686 -0.374854 -0.784073 0.665340 -0.417073 0.619171
0.272507 -3.402018 -22.984619 11.287444 0.592812 0.802957 -0.061911 0.459809 -0.400579 -0.792535 0.661172 -0.441357 0.606675
0.218443 -3.289850 -16.233503 -2.872630 0.565706 0.824087 -0.029271 0.422179 -0.319938 -0.848177 0.708337 -0.467461 0.528903
0.396151 -1.224735 0.143406 15.823569 0.265812 0.953436 -0.142491 0.947447 -0.231079 0.221238 0.178009 -0.193810 -0.964754
0.620641 -0.958566 11.164005 -18.410098 0.338510 0.933483 -0.118409 -0.915585 0.297733 -0.270296 0.217062 -0.199911 -0.955468
0.719298 -2.938714 8.120499 8.344012 0.713734 0.622813 0.320450 -0.015921 -0.442969 0.896396 -0.700236 0.644890 0.306246
1.046800 -3.179240 9.767418 9.181690 0.702721 0.646970 0.295995 -0.069944 -0.351199 0.933685 -0.708019 0.676823 0.201543
0.520942 -3.226952 15.979141 11.883870 0.735479 0.602385 0.310165 -0.074774 -0.382817 0.920793 -0.673409 0.700416 0.236512
0.293760 -2.883537 14.372259 13.452501 0.734147 0.596912 0.323612 -0.007248 -0.469691 0.882801 -0.678952 0.650451 0.340496
0.405344 -2.650685 5.995187 5.461608 0.716479 0.622174 0.315528 0.055987 -0.502124 0.862982 -0.695359 0.600643 0.394594
-0.268377 -7.909405 10.123880 -40.483552 0.451331 0.892144 -0.019459 0.642296 -0.339918 -0.686958 0.619480 -0.297547 0.726436
0.277284 -8.951293 15.999855 -7.225319 0.471687 0.881257 -0.029972 0.679504 -0.384942 -0.624575 0.561948 -0.274237 0.780390
0.030358 -7.682137 9.031372 30.366652 0.532051 0.841321 -0.095402 0.673028 -0.488587 -0.555261 0.513765 -0.231219 0.826186
-0.202168 -7.113589 3.095407 28.967967 0.546150 0.830284 -0.111120 0.639586 -0.498974 -0.584769 0.540970 -0.248301 0.803553
-0.422816 -7.290945 2.007554 -34.804954 0.475971 0.879070 -0.026236 0.593606 -0.343133 -0.727937 0.648910 -0.330903 0.685142
-1.223139 -7.708652 17.793635 -5.819700 0.381868 0.912565 0.146295 -0.912278 0.397544 -0.098532 0.148076 0.095836 -0.984322
-1.519942 -6.991866 17.403209 -18.703779 0.312120 0.946178 0.085603 -0.909657 0.323629 -0.260364 0.274054 -0.003396 -0.961708
-1.741214 -7.297254 14.915890 -6.288011 0.345530 0.933533 0.095529 -0.935068 0.351093 -0.048802 0.079098 0.072463 -0.994230
-1.744627 -7.772711 17.562523 -5.511722 0.383908 0.914002 0.131208 0.919816 -0.366093 -0.141117 -0.080947 0.174864 -0.981260
-2.114482 -7.382391 7.359208 1.261379 0.320798 0.946196 0.042454 -0.943304 0.315141 0.104231 -0.085244 0.073484 -0.993647
0.544402 -63.295287 -121.764230 -1586.710547 0.891709 -0.364549 -0.268253 -0.419144 -0.888775 -0.185466 0.170805 -0.277818 0.945327
-1.407453 -33.131361 -18.270852 856.285678 0.893345 -0.299148 -0.335330 0.263035 0.953127 -0.149538 0.364346 0.045385 0.930157
-1.583534 -13.543861 -20.326745 285.914704 0.929848 -0.221899 -0.293502 0.247318 0.967536 0.052034 0.272428 -0.120972 0.954541
-1.465275 -3.294363 -2.831335 -1.169528 -0.196864 0.916276 -0.348830 0.101071 0.372863 0.922365 -0.975207 -0.146324 0.166012
-0.278898 -8.235167 5.932990 -10.749386 0.623428 0.685147 0.376711 -0.240954 -0.289998 0.926198 -0.743827 0.668188 0.015705
-0.226803 -7.783162 4.969814 -14.532550 0.611994 0.672210 0.416651 -0.451006 -0.136127 0.882079 -0.649660 0.727738 -0.219862
3.182876 -7.930228 31.619785 48.040748 -0.453447 -0.522866 0.721801 -0.329141 0.850836 0.409566 -0.828282 -0.051858 -0.557906
3.372703 -7.618823 28.372326 42.610936 -0.490071 -0.572786 0.657074 -0.215657 0.810037 0.545282 -0.844584 0.125524 -0.520501
4.469506 -10.549247 42.864195 101.926102 -0.527155 -0.547177 0.650158 -0.393194 0.835331 0.384214 -0.753330 -0.053098 -0.655495
-4.062050 -6.258457 4.138727 -34.177759 0.837711 0.507798 0.200949 0.193363 0.068326 -0.978745 0.510735 -0.858762 0.040951
-4.691313 -6.199301 -41.634468 -28.230679 0.915731 0.395241 -0.072262 -0.055138 -0.054532 -0.996989 0.397991 -0.916957 0.028144
-3.552105 -5.684545 -16.563628 -24.778641 0.878183 0.298889 -0.373444 -0.312016 -0.233805 -0.920859 0.362548 -0.925203 0.112065
-2.481323 -4.783344 -5.108971 5.564686 0.495190 -0.459006 -0.737631 0.833888 0.012899 0.551782 -0.243757 -0.888339 0.389148
0.477462 -2.556060 -10.735140 -41.693342 0.603054 -0.254996 -0.755846 0.479258 0.873275 0.087766 0.637681 -0.415173 0.648841
-2.139062 -11.195449 25.688008 -303.959002 0.742385 0.372141 -0.557114 0.046619 0.800837 0.597066 0.668350 -0.469225 0.577180
-2.233238 -3.751390 17.082711 126.279025 0.641675 0.701013 -0.311183 0.221058 -0.557547 -0.800172 0.734430 -0.444660 0.512728
-9.286831 -37.378496 109.217176 974.707114 0.577700 0.704258 -0.412655 0.043645 -0.531479 -0.845946 0.815082 -0.470693 0.337773
-5.046057 -23.388524 89.072407 675.440754 0.667699 0.642533 -0.375939 0.053889 -0.545394 -0.836446 0.742478 -0.538235 0.398784
3.084890 -4.365377 -91.303756 -75.204047 0.604929 0.678300 -0.417097 0.253993 -0.660813 -0.706267 0.754685 -0.321301 0.572029
4.271429 -6.246020 -112.811859 79.891378 0.622467 0.567748 -0.538699 -0.076250 0.729023 0.680229 0.778923 -0.382344 0.497084
0.739106 -5.767323 -26.423936 -57.374473 0.590898 0.673303 -0.444412 0.102046 -0.608825 -0.786714 0.800266 -0.419517 0.428462
0.610532 -3.737404 -3.609532 -48.082303 0.529958 0.816567 -0.228830 0.375959 -0.468106 -0.799708 0.760131 -0.337781 0.555072
-0.040920 -4.411664 0.464106 -54.505763 0.563566 0.770308 -0.298361 0.234838 -0.495676 -0.836156 0.791988 -0.401162 0.460243
-0.272999 -5.876263 -4.452151 -33.312166 0.591882 0.677379 -0.436844 -0.022365 -0.527963 -0.848973 0.805714 -0.512262 0.297342
-0.794909 -1.801492 -18.031563 -7.705187 0.657467 -0.440985 0.610957 0.517885 0.853434 0.058695 -0.547296 0.277816 0.789485
-0.589295 -2.039203 -21.773030 -7.013987 0.647768 -0.440409 0.621640 0.555501 0.831453 0.010204 -0.521359 0.338712 0.783236
