16376
32739
-6.766400 -9.096982 -0.612556 -183.243194 0.143199 0.967141 0.210077 0.989596 -0.142903 -0.016668 0.013900 0.210278 -0.977543
-7.454596 -9.667134 88.854760 -109.229182 -0.214815 0.948732 0.231868 0.969475 0.178404 0.168197 0.118208 0.260922 -0.958095
-8.003591 -12.737916 -46.664434 -354.580539 0.543324 0.795366 0.268686 0.821886 -0.569190 0.022943 0.171182 0.208363 -0.962955
-5.527146 -8.640199 38.585604 -110.153858 -0.509456 0.833280 0.214706 0.860380 0.489169 0.143038 0.014163 0.257600 -0.966148
-4.543310 -12.367305 -135.740184 -351.168370 0.404360 0.902965 0.145419 0.912386 -0.409307 0.004520 0.063602 0.130851 -0.989360
-4.649535 -9.066093 -77.318268 -262.624093 0.280032 0.950756 0.132835 0.957337 -0.266291 -0.112224 -0.071324 0.158594 -0.984764
-5.114557 -7.300314 41.863031 -90.676797 -0.482932 0.850034 0.210284 0.871924 0.488953 0.025933 -0.080776 0.195876 -0.977296
8.664595 -12.857576 6.154303 -301.249452 0.270171 0.936135 -0.225075 0.090827 0.207946 0.973914 -0.958519 0.283566 0.028846
7.665883 -10.854314 12.298448 -216.073853 0.200410 0.963473 -0.177638 0.002598 0.180793 0.983518 -0.979709 0.197568 -0.033729
7.332103 -10.846715 45.185258 -135.104908 0.322129 0.899606 -0.294859 0.022762 0.304011 0.952397 -0.946422 0.313506 -0.077454
-5.699986 -8.248880 -12.828046 44.966110 0.313626 0.948902 -0.034976 0.648910 -0.187292 0.737453 -0.693220 0.253981 0.674492
-6.027127 -8.368351 -16.980268 14.500521 0.402422 0.911846 -0.081201 0.574448 -0.182461 0.797945 -0.712787 0.367756 0.597235
-5.736154 -8.732332 -10.455677 25.682681 0.296697 0.952902 -0.062836 0.545570 -0.115130 0.830120 -0.783789 0.280575 0.554033
-6.019818 -8.056832 -27.719225 38.173195 0.402028 0.912050 -0.080861 0.665525 -0.230421 0.709918 -0.628848 0.339222 0.699627
-5.585333 -8.791225 -9.088906 41.735684 0.221344 0.975180 -0.005604 0.598362 -0.131273 0.790398 -0.770045 0.178303 0.612568
-5.777504 -8.142883 -11.930531 14.929458 0.340998 0.939578 -0.030241 0.725576 -0.242604 0.643959 -0.597713 0.241531 0.764462
-5.491552 -8.449768 1.918174 25.852644 0.250125 0.968123 0.013242 0.701029 -0.190519 0.687213 -0.667829 0.162606 0.726336
-1.719896 -5.565843 -31.411197 -2.144230 0.029784 0.949986 -0.310870 -0.805164 0.207095 0.555719 -0.592305 -0.233750 -0.771062
-0.991810 -5.427553 -1.882163 0.519969 0.092033 0.933008 -0.347889 -0.758906 0.291909 0.582109 -0.644664 -0.210442 -0.734930
-1.370915 -5.528290 -17.468953 10.870288 -0.004202 0.966690 -0.255915 -0.749766 0.166293 0.640467 -0.661690 -0.194567 -0.724092
-2.739427 -6.060885 -16.576109 42.189789 -0.172315 0.975072 -0.139796 -0.790190 -0.052095 0.610644 -0.588139 -0.215689 -0.779468
-0.774595 -5.257820 18.088153 25.102394 0.090465 0.936483 -0.338845 -0.696557 0.302670 0.650538 -0.711776 -0.177174 -0.679695
-0.250727 -5.083251 6.934167 27.242266 0.041287 0.957854 -0.284271 -0.673090 0.236931 0.700581 -0.738407 -0.162415 -0.654505
-1.662501 -6.703075 57.388166 -3.921374 -0.215533 0.947097 -0.237806 -0.181052 0.200549 0.962809 -0.959565 -0.250572 -0.128249
-1.373337 -6.542050 60.086716 -29.619217 -0.205884 0.945627 -0.251798 -0.288658 0.187175 0.938958 -0.935034 -0.266000 -0.234426
-2.446236 -6.787089 42.671379 -16.850837 -0.257521 0.940578 -0.221351 -0.219617 0.166109 0.961341 -0.940984 -0.296178 -0.163790
-2.249761 -6.886629 36.646195 0.620325 -0.247704 0.947789 -0.200844 -0.086713 0.184784 0.978946 -0.964947 -0.259905 -0.036414
-1.329795 -6.740660 75.424521 10.685453 -0.188976 0.952978 -0.236900 -0.082310 0.225025 0.970870 -0.978526 -0.202970 -0.035915
1.588974 -4.116338 139.264490 13.311629 -0.151496 -0.801109 -0.579028 0.852696 0.190371 -0.486485 0.499958 -0.567436 0.654262
3.784109 -4.308756 -153.231396 -13.558994 0.103316 0.802467 0.587685 0.825523 0.260404 -0.500702 0.554832 -0.536877 0.635550
4.108582 -3.689282 69.421065 17.680278 0.337381 0.833419 0.437706 0.757096 0.036101 -0.652305 0.559445 -0.551461 0.618799
5.586090 -3.877033 -5.947227 3.184995 0.284352 0.833073 0.474482 0.737839 0.125850 -0.663140 0.612158 -0.538657 0.578888
2.699653 -4.442717 -145.375815 46.104390 -0.422553 -0.834196 -0.354354 0.750304 -0.102641 -0.653076 0.508422 -0.541832 0.669272
8.157442 -4.841624 414.477209 23.887353 0.472659 0.835965 0.278846 0.698560 -0.162527 -0.696849 0.537222 -0.524163 0.660792
8.142003 -3.983240 298.034034 13.472290 0.428585 0.831730 0.352902 0.679964 -0.039723 -0.732168 0.594948 -0.553757 0.582572
-1.362728 -6.385980 14.432222 -41.039021 -0.297765 0.953601 0.044505 -0.137710 -0.089039 0.986462 -0.944654 -0.287605 -0.157833
-1.328024 -6.215628 17.514169 33.262300 -0.284359 0.958145 0.033132 -0.004653 -0.035938 0.999343 -0.958706 -0.284019 -0.014678
-1.221612 -6.875970 -5.876433 -17.808636 -0.287314 0.957582 0.022069 -0.176221 -0.075492 0.981452 -0.941487 -0.278096 -0.190436
-0.471473 -9.299990 -18.319812 57.456073 -0.312193 0.937066 -0.156341 -0.758310 -0.146664 0.635182 -0.572278 -0.316854 -0.756374
-0.786611 -9.945915 -13.497609 57.367905 -0.286488 0.945727 -0.153378 -0.832152 -0.166285 0.529030 -0.474814 -0.279195 -0.834627
-0.540184 -10.893076 -9.116633 64.528142 -0.283092 0.943283 -0.173422 -0.857373 -0.167856 0.486554 -0.429849 -0.286427 -0.856265
1.246093 -11.728652 -10.803017 11.338643 -0.299769 0.941209 0.155770 0.897068 0.333660 -0.289725 0.324666 -0.052885 0.944349
1.125993 -12.059258 -4.283003 40.518079 -0.283042 0.949686 0.134105 0.833149 0.312721 -0.456144 0.475131 0.017379 0.879743
1.163701 -11.456521 0.876983 39.982489 -0.295506 0.942398 0.156723 0.873759 0.332943 -0.354533 0.386292 -0.032172 0.921816
-2.767309 -15.031295 -4.814056 -52.046914 -0.121819 0.967014 -0.223704 0.868401 -0.005308 -0.495834 0.480666 0.254667 0.839110
-2.659725 -14.932352 -5.387024 -42.147493 -0.137729 0.970080 -0.199940 0.940134 0.064504 -0.334646 0.311736 0.234061 0.920889
-2.610718 -16.568390 -11.571636 -52.092670 -0.097902 0.974075 -0.203943 0.822002 -0.036373 -0.568322 0.561006 0.223281 0.797131
-2.321869 -15.736447 -19.838859 -30.094299 -0.111444 0.981182 -0.157680 0.931130 0.047655 -0.361560 0.347242 0.187114 0.918918
2.237613 -9.404058 50.754489 131.505896 -0.109178 0.892246 -0.438152 -0.214176 -0.451549 -0.866159 0.970674 0.000724 -0.240397
2.476017 -9.122996 26.021625 136.037813 -0.062268 0.900859 -0.429622 -0.162038 -0.433871 -0.886284 0.984818 -0.014428 -0.172990
2.429692 -12.005999 82.975151 238.225349 -0.131708 0.887721 -0.441140 -0.059863 -0.451328 -0.890348 0.989479 0.090858 -0.112585
1.914183 -10.615501 68.972659 251.329425 -0.148058 0.882585 -0.446231 -0.138230 -0.465243 -0.874324 0.979271 0.067768 -0.190882
1.003561 -6.500985 -8.031369 -50.803661 -0.218269 0.975371 -0.031786 0.835981 0.203682 0.509557 -0.503481 -0.084648 0.859849
1.065287 -6.066596 -13.851888 35.571486 -0.190973 0.981502 -0.013516 0.899555 0.180506 0.397768 -0.392850 -0.063805 0.917387
0.782187 -6.244283 -17.294916 2.727351 -0.206955 0.978328 -0.006570 0.878265 0.188738 0.439350 -0.431068 -0.085156 0.898292
1.146045 -6.056630 9.490717 81.100621 -0.608517 0.693515 0.385673 0.790919 0.569533 0.223786 -0.064455 0.441213 -0.895085
1.151090 -4.408785 -73.728629 36.118181 0.720939 -0.567519 -0.397706 0.688182 0.653841 0.314479 -0.081563 0.500414 -0.861936
0.706001 -6.092318 72.351781 94.861409 -0.619095 0.658637 0.427691 0.774330 0.602741 0.192654 -0.130898 0.450445 -0.883156
-0.802571 -10.008664 -24.167407 -129.549933 -0.126104 0.989526 -0.070259 -0.401517 -0.115676 -0.908517 0.907129 0.086358 -0.411898
-1.115130 -8.979394 -34.996950 -52.323635 -0.140588 0.985615 -0.093795 -0.340429 -0.137082 -0.930224 0.929701 0.098848 -0.354804
-1.114332 -8.580548 -16.948897 -35.388683 -0.123306 0.990414 -0.062250 -0.310386 -0.098072 -0.945538 0.942580 0.097269 -0.319503
3.838353 -4.467577 13.253344 9.943584 -0.439006 0.896526 0.059283 -0.116340 -0.122146 0.985670 -0.890920 -0.425818 -0.157925
3.419779 -4.465658 -52.054784 -0.859082 -0.515897 0.854722 0.057445 -0.136554 -0.148251 0.979477 -0.845697 -0.497465 -0.193198
3.771183 -4.875537 -54.169790 2.464578 -0.484664 0.874052 0.033687 -0.201876 -0.149248 0.967973 -0.851086 -0.462341 -0.248785
3.768827 -4.876792 45.952166 -7.063573 -0.390024 0.920738 0.011063 -0.231099 -0.109509 0.966748 -0.891333 -0.374498 -0.255493
0.854695 -2.578043 61.915201 10.235391 0.118651 0.968327 0.219693 0.992920 -0.116984 -0.020629 0.005724 0.220585 -0.975351
0.318780 -3.412677 42.757493 -35.662150 0.286667 0.933948 0.213456 0.957286 -0.288027 -0.025390 0.037768 0.211617 -0.976623
0.102406 -3.516954 57.502440 61.135091 0.002609 0.974396 0.224823 0.999995 -0.002945 0.001158 0.001790 0.224819 -0.974399
1.204897 -3.122999 114.990790 70.479826 -0.131281 0.962117 0.238947 0.990891 0.134645 0.002262 -0.029996 0.237068 -0.971030
19.009135 -16.605182 -373.790795 -284.160815 -0.914016 0.373837 -0.157545 0.332553 0.912872 0.236799 0.232343 0.164046 -0.958700
18.035266 -21.756874 -261.285978 -627.180109 0.940840 -0.328632 -0.082592 0.335918 0.872558 0.354686 0.044495 0.361447 -0.931330
21.193722 -16.854669 -773.702261 -178.753107 0.935062 -0.269649 -0.230105 0.326645 0.907582 0.263814 -0.137702 0.321845 -0.936725
19.698823 -20.841127 -1006.464391 -298.128649 0.897233 -0.161775 -0.410854 0.319167 0.880593 0.350268 -0.305131 0.445403 -0.841731
17.665585 -17.851419 940.800151 110.687017 -0.882082 0.182434 0.434337 0.293895 0.933662 0.204696 -0.368180 0.308208 -0.877184
5.987849 -1.898084 55.114140 34.837743 0.987914 0.013064 0.154453 -0.047515 -0.922946 0.381985 -0.147543 0.384707 0.911171
6.247491 -1.581664 -158.970471 14.835549 0.956375 0.037874 0.289678 -0.075381 -0.925993 0.369939 -0.282251 0.375637 0.882741
5.495210 -1.661752 -192.571051 46.714137 0.941221 0.065743 0.331333 -0.069028 -0.922744 0.379180 -0.330664 0.379764 0.863968
5.123523 -2.229581 -64.975875 23.843606 0.968229 0.053742 0.244223 -0.057296 -0.902976 0.425854 -0.243414 0.426317 0.871208
-0.662332 -15.674983 -31.227248 -120.927091 0.955952 0.116476 -0.269423 0.178304 0.498694 0.848241 -0.233160 0.858917 -0.455959
-1.195775 -13.728301 -53.970523 -128.953779 0.950353 0.100723 -0.294420 0.162991 0.644851 0.746727 -0.265070 0.757642 -0.596420
-0.470706 -13.430195 -34.027213 -156.071581 0.952016 0.097918 -0.289963 0.133180 0.720484 0.680563 -0.275553 0.686524 -0.672871
-1.302902 -14.498553 -24.344902 -82.964752 0.961770 0.096966 -0.256117 0.179705 0.482245 0.857407 -0.206650 0.870654 -0.446383
-0.981546 -15.473894 -41.927380 -47.177328 0.959802 0.126355 -0.250629 0.200336 0.317011 0.927022 -0.196586 0.939967 -0.278954
-0.622862 -16.313853 -24.892804 10.217272 0.960274 0.129391 -0.247250 0.223047 0.176575 0.958682 -0.167703 0.975745 -0.140701
1.124445 -34.139014 -26.480127 325.871521 0.754280 -0.277175 0.595177 -0.607664 0.048541 0.792710 0.248609 0.959593 0.131816
1.816049 -57.160178 -96.657930 1649.226884 0.779486 -0.295743 0.552212 -0.500304 0.236562 0.832907 0.376959 0.925513 -0.036436
0.841730 -40.378621 8.478769 -211.194315 0.727583 -0.310603 0.611677 -0.646810 -0.013471 0.762532 0.228605 0.950444 0.210703
1.003469 -32.632627 -17.036374 -214.631456 0.726006 -0.285304 0.625713 -0.685434 -0.226600 0.691977 0.055637 0.931265 0.360070
1.445636 -5.349746 -12.270313 42.104123 -0.318328 0.921964 -0.220569 0.257204 0.307942 0.915979 -0.912422 -0.234851 0.335159
1.452448 -5.011710 -6.717397 18.140659 -0.329429 0.913278 -0.239581 0.321565 0.347099 0.880975 -0.887734 -0.213178 0.408023
1.080092 -5.492760 -14.762113 39.708649 -0.341108 0.918959 -0.197886 0.270490 0.297562 0.915583 -0.900267 -0.258787 0.350070
2.405528 -6.766709 -24.278817 -61.093010 0.823033 -0.429545 0.371628 0.432561 0.898046 0.080024 -0.368113 0.094890 0.924926
3.292644 -5.837454 -16.428133 -71.895352 0.776883 -0.527034 0.344512 0.478540 0.849817 0.220932 -0.409211 -0.006775 0.912415
2.535980 -5.275347 50.707170 -59.469522 0.741906 -0.558525 0.370980 0.524822 0.828072 0.197127 -0.417298 0.048449 0.907477
-2.480933 -14.067305 23.461981 -35.036438 -0.158631 0.952923 -0.258408 0.914010 0.042753 -0.403432 0.373392 0.300185 0.877763
3.459577 -12.888866 -51.921348 -23.305339 -0.128896 0.789800 0.599669 -0.625250 -0.534094 0.569040 -0.769707 0.301596 -0.562665
3.894606 -13.712041 25.336783 15.230397 -0.145961 0.796645 0.586559 -0.643029 -0.526975 0.555707 -0.751804 0.296063 -0.589184
3.800636 -13.142615 -52.005759 -23.246753 -0.153100 0.797125 0.584082 -0.743336 -0.482355 0.463450 -0.651162 0.363214 -0.666381
0.092695 -24.009790 40.013172 423.105461 0.099823 -0.166329 -0.981005 0.938470 0.343343 0.037282 0.330621 -0.924365 0.190368
0.385212 -15.268150 56.320284 -124.658924 0.104168 -0.137365 -0.985028 0.897921 0.438861 0.033756 0.427653 -0.887993 0.169058
-1.075318 -24.560305 36.220129 -560.622787 0.208799 -0.079841 -0.974694 0.865856 0.478427 0.146294 0.454640 -0.874490 0.169025
-1.373878 -28.316383 79.370100 565.804060 0.093301 -0.168030 -0.981357 0.952546 0.301901 0.038870 0.289742 -0.938414 0.188224
-3.543893 -28.902149 107.060824 -744.712508 0.227735 -0.102014 -0.968364 0.884837 0.436800 0.162077 0.406448 -0.893756 0.189740
-3.040386 -40.440102 131.152630 -1401.715204 0.302300 0.050405 -0.951879 0.701131 0.664770 0.257869 0.645778 -0.745346 0.165620
-0.469246 -10.999801 -15.545162 65.417500 -0.317282 0.929535 -0.187871 -0.723790 -0.109355 0.681300 -0.612748 -0.352144 -0.707485
-0.469200 -10.405122 5.493495 40.555366 -0.333471 0.930439 -0.151923 -0.623411 -0.096745 0.775886 -0.707217 -0.353446 -0.612307
-0.524462 -10.517553 18.815983 65.944861 -0.305727 0.936951 -0.169277 -0.700529 -0.100950 0.706447 -0.644818 -0.334563 -0.687224
-5.431962 -7.630136 61.222204 8.628737 0.646711 0.060297 -0.760348 -0.367980 0.897848 -0.241783 0.668098 0.436156 0.602837
-5.113581 -7.763150 76.680163 23.600938 0.605694 0.050401 -0.794100 -0.286982 0.944659 -0.158937 0.742143 0.324160 0.586638
-4.788922 -7.549453 44.939804 2.194463 0.568331 0.088803 -0.817994 -0.404147 0.896096 -0.183515 0.716704 0.434887 0.545168
2.674066 -6.797111 197.192854 15.660769 -0.413264 0.801861 -0.431545 0.611013 -0.107204 -0.784328 0.675186 0.587814 0.445644
4.452203 -6.436728 175.782143 18.354673 -0.382610 0.812965 -0.438973 0.521016 -0.202516 -0.829174 0.762988 0.545962 0.346083
5.136302 -6.789663 222.293090 9.168355 -0.293151 0.834783 -0.466048 0.633204 -0.195702 -0.748835 0.716321 0.514625 0.471218
3.840358 -6.476171 -78.771477 42.100882 -0.437629 0.844139 -0.309694 0.472944 -0.076831 -0.877736 0.764725 0.530591 0.365607
4.709698 -6.843227 277.080571 4.245987 -0.318951 0.815315 -0.483251 0.709685 -0.132500 -0.691947 0.628186 0.563653 0.536357
0.512796 -7.294806 -17.017188 23.322147 -0.466153 0.830185 -0.305768 0.623976 0.063502 -0.778859 0.627181 0.553859 0.547617
2.263705 -6.946469 -81.728678 37.753348 -0.448812 0.846667 -0.285871 0.543639 0.004793 -0.839305 0.709242 0.532101 0.462433
1.770461 -7.102077 -266.757007 25.770616 0.394160 -0.788821 0.471592 0.694415 -0.080506 -0.715057 0.602018 0.609328 0.516037
0.598366 -5.595937 25.181006 -161.270191 -0.255657 0.925327 -0.280016 0.779686 0.368598 0.506187 -0.571602 0.088914 0.815699
1.278211 -3.352686 51.458871 -152.951638 -0.414267 0.830837 -0.371609 0.690980 0.552843 0.465738 -0.592394 0.063835 0.803116
1.617637 -2.408150 94.904155 -218.493760 -0.455696 0.772159 -0.442845 0.596800 0.634152 0.491610 -0.660433 0.040265 0.749805
0.591557 -5.926659 2.471554 -187.631581 -0.257204 0.928872 -0.266539 0.757587 0.365047 0.541112 -0.599923 0.062750 0.797593
1.710631 -2.103427 104.768817 -241.627539 -0.467871 0.742832 -0.478851 0.547523 0.668935 0.502737 -0.693769 0.026965 0.719693
5.780446 0.362854 -372.343895 -83.853094 0.713049 -0.219584 0.665841 0.149844 0.975475 0.161228 -0.684914 -0.015191 0.728465
-0.609872 -8.613774 -7.564668 -40.578441 0.719321 0.524550 -0.455439 0.659042 -0.722580 0.208665 0.219636 0.450251 0.865468
-0.245459 -8.392462 -10.013335 -59.375614 0.731708 0.505520 -0.457223 0.618622 -0.774168 0.134056 0.286199 0.380938 0.879191
-0.579639 -8.561385 26.732183 -32.939603 0.724146 0.496652 -0.478487 0.643433 -0.736259 0.209566 0.248209 0.459630 0.852721
1.319042 -13.921177 -24.557443 -128.599769 0.857530 -0.433929 0.276312 -0.512179 -0.669921 0.537475 0.048119 0.602422 0.796726
1.777011 -14.989475 -46.983164 -13.938548 0.849259 -0.436819 0.296561 -0.518159 -0.797382 0.309344 -0.101345 0.416379 0.903525
0.908899 -14.183748 -25.867413 -63.404631 0.836273 -0.456011 0.304468 -0.548240 -0.704437 0.450779 -0.008919 0.543896 0.839105
2.000857 -14.900460 -23.944027 -26.351529 0.879402 -0.414042 0.234992 -0.475092 -0.795003 0.377171 -0.030654 0.443328 0.895835
0.515227 -24.010128 -12.411024 -10.744453 0.858882 -0.509148 -0.055594 -0.472081 -0.744871 -0.471495 -0.198651 -0.431203 0.880115
0.401980 -22.482400 -13.471679 -14.843052 0.856883 -0.511404 -0.064933 -0.510351 -0.823776 -0.246848 -0.072748 -0.244659 0.966876
0.733249 -22.573731 -0.854951 177.236570 0.870674 -0.488556 -0.056923 -0.440856 -0.723824 -0.530778 -0.218112 -0.487229 0.845597
0.839979 -23.912261 -19.516530 -26.466190 0.868541 -0.494077 -0.039054 -0.391297 -0.635232 -0.665858 -0.304177 -0.593606 0.745055
-2.407725 -12.638952 -18.710610 -18.667296 0.787756 -0.566536 0.241819 0.340122 0.727350 0.596053 -0.513573 -0.387297 0.765666
-2.485578 -12.590978 -21.790399 -0.062997 0.789147 -0.570905 0.226528 0.242592 0.628543 0.738974 -0.564267 -0.528205 0.634510
-2.644381 -12.209145 -21.037083 -24.694957 0.814738 -0.542088 0.205775 0.320792 0.717042 0.618825 -0.483006 -0.438169 0.758098
-2.540798 -12.461629 -31.032165 -20.331223 0.804185 -0.550475 0.224198 0.402917 0.782177 0.475244 -0.436972 -0.291851 0.850811
-2.820417 -12.437373 -12.820054 0.703361 0.834957 -0.524173 0.167600 0.410110 0.795752 0.445632 -0.366957 -0.303349 0.879387
-2.832390 -11.777814 -10.335054 28.963282 0.841246 -0.515713 0.162312 -0.276095 -0.667901 -0.691144 -0.464840 -0.536608 0.704255
-3.082026 -12.002926 -18.948057 48.298974 0.846429 -0.510201 0.152486 -0.337146 -0.735115 -0.588166 -0.412177 -0.446431 0.794235
1.633299 -8.273266 -24.148882 18.970619 0.224587 0.967075 -0.119694 0.467593 -0.214719 -0.857469 0.854937 -0.136608 0.500421
1.297932 -8.778009 5.877602 -20.429821 0.251254 0.958759 -0.132864 0.522083 -0.249827 -0.815485 0.815047 -0.135528 0.563321
1.274670 -8.277252 6.128678 -30.255670 0.247409 0.955375 -0.161394 0.581808 -0.279686 -0.763724 0.774783 -0.095052 0.625042
1.226756 -8.309907 19.594792 -58.105605 0.265859 0.950411 -0.161362 0.626722 -0.297587 -0.720181 0.732488 -0.090338 0.674760
0.536982 -7.178557 10.521717 -91.612213 -0.892723 -0.340203 0.295478 -0.344238 0.938031 0.039975 -0.290767 -0.066028 -0.954513
0.683582 -6.294978 13.847654 7.193393 -0.878091 -0.377136 0.294491 -0.389167 0.920971 0.019040 -0.278398 -0.097888 -0.955465
0.509743 -7.042876 1.784195 -65.398043 -0.891528 -0.354755 0.281649 -0.357592 0.932882 0.043110 -0.278038 -0.062282 -0.958549
0.399644 -7.718138 2.520363 -100.357437 -0.909280 -0.295192 0.293381 -0.281304 0.955437 0.089485 -0.306723 -0.001162 -0.951798
-4.075303 -8.540459 -98.718786 -46.433495 -0.595668 0.743424 -0.304141 0.405424 -0.048603 -0.912836 0.693406 0.667053 0.272451
-3.559129 -8.562069 -173.285004 77.794572 0.676793 -0.622959 0.392268 -0.483626 0.025495 0.874904 0.555029 0.781839 0.284024
-5.135683 -8.691597 -38.729897 84.787430 0.593395 -0.690584 0.413493 -0.567991 0.004736 0.823021 0.570324 0.723237 0.389435
-4.774744 -9.683564 -70.814005 -140.767614 0.542704 -0.616257 0.570701 0.547398 -0.255840 -0.796807 0.637046 0.744831 0.198492
-1.451247 -6.118993 121.042087 53.446441 -0.645366 -0.575454 0.502350 0.650163 -0.068586 0.756693 -0.400988 0.814953 0.418402
7.488935 -7.019107 -858.422741 59.336269 0.653651 0.626690 -0.424264 0.574633 -0.046180 0.817107 -0.492481 0.777899 0.390303
0.972921 -6.657305 -317.085891 -23.215423 0.696224 0.593711 -0.403459 0.585014 -0.143598 0.798210 -0.415970 0.791762 0.447305
-2.310040 -6.348469 26.837741 -34.333784 0.720611 0.517683 -0.461221 0.614349 -0.168387 0.770858 -0.321397 0.838838 0.439379
-2.391466 -6.000504 103.523267 57.298176 0.693039 0.502606 -0.516802 0.642032 -0.104288 0.759552 -0.327858 0.858203 0.394965
9.338809 -4.905926 -477.081343 13.464045 0.752949 0.344633 0.560621 0.631342 -0.137932 -0.763140 0.185675 -0.928549 0.321437
8.269585 -4.568016 -446.467266 38.201126 0.741045 0.341559 0.578091 0.620213 -0.018314 -0.784220 0.257270 -0.939682 0.225410
2.863687 -5.100347 -364.516099 41.505867 0.765091 0.295323 0.572206 0.613317 -0.063516 -0.787279 0.196157 -0.953284 0.229722
2.782090 -5.686836 -432.319027 42.693735 0.795239 0.271077 0.542322 0.595397 -0.180317 -0.782936 0.114446 -0.945517 0.304794
7.700858 -14.151294 70.521253 456.125030 -0.802394 -0.559783 0.206897 -0.368859 0.737713 0.565440 -0.469154 0.377390 -0.798418
6.204991 -18.715938 89.268070 519.068515 -0.808349 -0.537297 0.240593 -0.412201 0.808352 0.420307 -0.420313 0.240582 -0.874904
6.675152 -18.649684 104.170710 510.287020 0.871894 0.476082 -0.114661 -0.379450 0.804833 0.456357 -0.309546 0.354387 -0.882378
0.927881 -3.983965 -53.257156 15.850707 0.162858 0.968097 0.190436 -0.054564 0.201554 -0.977956 0.985140 -0.148877 -0.085648
0.764393 -4.206871 5.468073 31.468401 0.173764 0.939677 0.294642 -0.040111 0.305698 -0.951283 0.983970 -0.153480 -0.090810
1.057077 -4.675239 -67.903921 18.851108 0.183794 0.963963 0.192343 0.018928 0.192170 -0.981179 0.982783 -0.183976 -0.017074
0.058094 -3.372358 -56.814009 45.255637 0.163575 0.968448 0.188022 -0.127461 0.209739 -0.969414 0.978262 -0.134607 -0.157747
1.031130 -3.659085 -52.730228 20.790222 0.122216 0.990026 0.070087 -0.150749 0.088314 -0.984619 0.980988 -0.109771 -0.160039
-0.201812 -26.477870 29.895926 -29.355597 0.566760 0.592654 -0.572315 -0.665868 0.738583 0.105426 0.485183 0.321335 0.813229
-0.330918 -25.209940 9.722470 -26.549607 0.586360 0.586553 -0.558692 -0.683609 0.728322 0.047178 0.434580 0.354264 0.828032
-0.347919 -25.763586 7.043640 19.048274 0.556044 0.612414 -0.561929 -0.566483 0.773972 0.282956 0.608203 0.160988 0.777285
2.301169 -2.334428 -130.220982 16.699112 -0.018266 0.965785 -0.258701 -0.223608 -0.256136 -0.940422 0.974508 -0.040670 -0.220635
1.834729 -2.315264 -120.390661 -17.659421 0.005367 0.983750 -0.179464 -0.249420 -0.172478 -0.952912 0.968381 -0.049876 -0.244441
0.508375 -2.518487 -83.021407 8.776728 0.001001 0.978575 -0.205889 -0.232209 -0.200034 -0.951875 0.972665 -0.048762 -0.227033
3.603697 -2.126516 -124.721651 -25.983691 -0.051669 0.975949 -0.211785 -0.244606 -0.217976 -0.944804 0.968245 -0.002987 -0.249985
-2.351042 -5.694104 -10.846824 -0.842479 0.363692 -0.916175 0.168380 0.925989 0.375245 0.041658 -0.101349 0.140767 0.984842
-2.236738 -5.744466 -13.397208 15.099023 0.393924 -0.906061 0.154525 0.919023 0.390979 -0.050312 -0.014830 0.161831 0.986707
-1.992473 -5.771455 -14.397199 23.006861 0.335507 -0.922462 0.191045 0.941924 0.331652 -0.052792 -0.014662 0.197662 0.980161
-1.836089 -5.606412 -19.090986 15.539719 0.379617 -0.908390 0.175267 0.923229 0.359790 -0.134906 0.059488 0.213025 0.975234
-1.970246 -5.849895 -4.995895 13.701514 0.298694 -0.929939 0.214463 0.953001 0.302583 -0.015257 -0.050705 0.208941 0.976613
-1.854935 -5.760153 -5.641474 13.720916 0.318997 -0.924264 0.209708 0.947456 0.305423 -0.095105 0.023853 0.229027 0.973128
-0.834628 -10.133837 -33.078147 -58.247310 0.811891 0.451510 -0.370097 -0.070286 -0.553729 -0.829725 0.579563 -0.699659 0.417833
-0.402509 -9.914147 -52.990039 -46.779615 0.823699 0.422771 -0.377870 -0.071156 -0.584069 -0.808579 0.562546 -0.692913 0.451014
-0.590919 -9.902299 -45.698723 -29.431402 0.825195 0.435470 -0.359748 -0.124467 -0.481052 -0.867811 0.550964 -0.760891 0.342760
-0.601919 -9.636200 -22.032267 -43.591181 0.806900 0.445413 -0.387968 -0.022551 -0.633099 -0.773742 0.590257 -0.633082 0.500803
-3.803685 -1206.747531 -520.173334 -137712.852559 0.476145 0.863762 -0.164927 -0.840079 0.502234 0.205009 -0.259911 -0.040937 -0.964764
-53.079416 -227.557266 -2442.589417 -2871.164123 0.326916 0.939378 -0.103412 0.940344 -0.312423 0.134703 0.094229 -0.141279 -0.985475
-45.925607 -155.302253 -1815.828153 -5478.520292 0.495268 0.865185 -0.078511 -0.686177 0.334162 -0.646141 0.532796 -0.373885 -0.759169
3.235712 -90.836795 -108.919567 4989.007406 0.426539 0.861948 -0.274062 -0.146638 -0.233098 -0.961334 0.892503 -0.450234 -0.026969
2.128655 -79.310591 -100.958751 3511.185732 0.473104 0.824100 -0.311498 0.210993 -0.449267 -0.868125 0.855368 -0.344990 0.386429
6.086679 -120.156801 -261.109947 6709.900344 0.407258 0.877773 -0.252299 -0.052457 -0.253309 -0.965962 0.911806 -0.406630 0.057117
1.035665 -44.565963 -98.452104 2471.869791 0.403489 0.879889 -0.250981 -0.266832 -0.149224 -0.952120 0.875212 -0.451140 -0.174572
-7.297794 -10.267860 97.702858 -71.313002 -0.293122 0.919798 0.260867 0.929066 0.209637 0.304777 0.225646 0.331699 -0.916002
-9.167946 -11.609354 0.237198 165.894298 0.317885 0.886780 0.335516 -0.906572 0.387903 -0.166307 0.277625 0.251303 -0.927239
-5.763099 -9.554228 9.467508 -76.305453 -0.507151 0.825102 0.249007 0.852190 0.436927 0.287865 0.128720 0.358193 -0.924732
6.186058 -7.630025 -1.583029 -8.811840 0.088471 0.985500 -0.144787 -0.077174 0.151702 0.985409 -0.993085 0.076006 -0.089476
5.918874 -8.786952 30.767902 -25.539585 0.237420 0.935375 -0.262118 -0.079771 0.287695 0.954394 -0.968126 0.205683 -0.142920
8.048037 -10.729575 -41.736964 -270.837522 0.068799 0.993133 -0.094620 -0.019091 0.096138 0.995185 -0.997448 0.066662 -0.025574
-6.025099 -8.807839 -6.477425 2.426968 0.382989 0.918004 -0.102902 0.498222 -0.111473 0.859854 -0.777878 0.380582 0.500063
-1.725076 -4.015457 5.008132 40.427269 -0.376065 0.913828 -0.153275 -0.870529 -0.291777 0.396290 -0.317419 -0.282462 -0.905241
-1.498563 -3.687204 4.600081 24.146798 -0.292346 0.939191 -0.180149 -0.883223 -0.192939 0.427424 -0.366675 -0.284068 -0.885920
-1.358854 -4.214119 15.460222 54.783218 -0.403759 0.908550 -0.107314 -0.848817 -0.328263 0.414430 -0.341303 -0.258420 -0.903732
-1.565279 -3.550552 2.021002 8.800968 -0.210606 0.947738 -0.239661 -0.909405 -0.099998 0.403711 -0.358647 -0.302973 -0.882938
-1.600882 -4.932638 17.282805 59.102000 -0.490223 0.867824 -0.081017 -0.830021 -0.436452 0.347239 -0.265982 -0.237470 -0.934271
-1.951851 -4.474728 7.794376 -54.095579 -0.454578 0.881249 -0.129452 0.849489 0.385239 -0.360499 -0.267819 -0.273843 -0.923733
-1.797674 -3.649598 -0.243755 -19.803441 -0.273064 0.934485 -0.228418 0.914839 0.178822 -0.362066 -0.297499 -0.307833 -0.903733
-1.062300 -6.389163 64.748805 -18.184623 -0.189915 0.942238 -0.275899 -0.376598 0.189606 0.906766 -0.906701 -0.276112 -0.318835
-2.000728 -6.548855 54.804676 -15.215748 -0.227511 0.939001 -0.257906 -0.347325 0.169181 0.922357 -0.909727 -0.299424 -0.287648
3.373630 -4.708143 200.684321 0.221148 0.024168 -0.774314 -0.632340 0.861666 0.336855 -0.379554 0.506901 -0.535692 0.675341
5.592625 -4.392728 -120.725948 4.207122 0.058523 0.834908 0.547270 0.793247 0.293938 -0.533254 0.606081 -0.465328 0.645086
5.054562 -5.244397 -110.831520 -36.599084 -0.056939 0.820203 0.569232 0.846296 0.342132 -0.408323 0.529661 -0.458489 0.713616
-1.527038 -6.328968 7.675266 19.498097 -0.312652 0.948701 0.047063 -0.031125 -0.059753 0.997728 -0.949358 -0.310477 -0.048210
-1.449549 -6.227561 17.285430 53.386176 -0.296369 0.954201 0.040812 0.080925 -0.017489 0.996567 -0.951639 -0.298654 0.072035
-1.123752 -6.175175 38.032944 37.447473 -0.274447 0.960715 0.041290 0.116028 -0.009540 0.993200 -0.954577 -0.277371 0.108851
-0.813926 -6.381421 30.362189 64.318622 -0.262903 0.961828 0.075958 0.103487 -0.050162 0.993365 -0.959256 -0.269020 0.086348
-0.446279 -8.670073 -31.268959 33.383398 -0.268276 0.956374 0.115658 0.779174 0.144818 0.609849 -0.566494 -0.253725 0.784033
-0.490448 -8.407548 -59.828879 10.434256 -0.273207 0.951265 0.143014 0.832842 0.159510 0.530029 -0.481386 -0.263916 0.835832
-0.459384 -8.587331 -20.688313 -7.246494 -0.257203 0.957802 0.128305 0.768069 0.122043 0.628629 -0.586444 -0.260232 0.767048
-0.522879 -8.770422 -19.612179 41.420419 -0.232765 0.961984 0.142852 0.736844 0.078576 0.671481 -0.634730 -0.261557 0.727122
-0.764069 -8.865114 -29.792444 37.762357 -0.260549 0.958264 0.117660 0.728807 0.115288 0.674944 -0.633210 -0.261608 0.728428
0.972686 -11.253775 -9.576433 -24.445619 -0.290115 0.937790 0.190746 0.918811 0.328690 -0.218517 0.267619 -0.111864 0.957009
0.568749 -11.349269 -23.588258 -60.706970 -0.276197 0.937966 0.209606 0.944022 0.305691 -0.124002 0.180385 -0.163624 0.969891
0.687416 -11.670646 30.534269 -13.395414 0.291978 -0.933328 -0.208920 0.953126 0.302071 -0.017420 0.079368 -0.194041 0.977777
1.017003 -11.731416 -1.508045 -37.058116 0.299376 -0.937733 -0.176155 0.951990 0.305940 -0.010714 0.063940 -0.164491 0.984304
-2.241610 -12.931776 -25.906333 -44.244510 0.214638 -0.929879 0.298758 0.975036 0.221818 -0.010095 -0.056883 0.293466 0.954276
-2.203046 -12.845342 -21.155867 -33.978485 0.196790 -0.923145 0.330269 0.980017 0.195163 -0.038433 -0.028977 0.331233 0.943104
-2.248202 -12.287525 -30.364058 -40.168408 0.201780 -0.924707 0.322804 0.955503 0.258258 0.142535 -0.215170 0.279680 0.935671
-2.207538 -13.618493 -27.201761 -29.589479 0.197269 -0.930277 0.309306 0.966981 0.132713 -0.217568 0.161349 0.342013 0.925740
-2.250104 -12.400730 -10.074969 -48.682250 -0.230347 0.937087 -0.262312 0.944626 0.280069 0.171006 -0.233713 0.208396 0.949710
-2.361935 -12.533170 5.904256 -55.645955 0.225032 -0.944846 0.237963 0.967716 0.245185 0.058390 -0.113515 0.217141 0.969517
-2.354443 -13.066641 -11.719726 -32.917963 0.200920 -0.944086 0.261407 0.978104 0.178560 -0.106903 0.054249 0.277162 0.959291
3.224678 -16.768253 -21.623888 250.547864 0.011250 0.904790 -0.425709 0.252095 -0.414550 -0.874412 0.967637 0.097482 0.232757
3.042618 -13.989799 -21.737006 290.346148 0.018416 0.909726 -0.414801 0.033635 -0.415201 -0.909108 0.999264 -0.002790 0.038245
3.578426 -16.596012 -14.036469 270.533739 0.026069 0.910496 -0.412695 0.235782 -0.406788 -0.882570 0.971456 0.074298 0.225283
1.308396 -6.239722 -7.468073 43.193282 -0.189999 0.981216 -0.033413 0.898604 0.187510 0.396674 -0.395488 -0.045343 0.917351
2.137827 -4.864667 29.867659 34.139291 -0.672090 0.641172 0.370396 0.740367 0.590181 0.321781 -0.012284 0.490495 -0.871358
1.514918 -3.270502 -60.667515 37.838812 0.871667 -0.382432 -0.306501 0.487762 0.737937 0.466408 -0.047809 0.556052 -0.829771
-0.279620 -3.547299 -65.983116 20.751787 0.842388 -0.424461 -0.331987 0.530901 0.759291 0.376325 -0.092339 0.493264 -0.864965
2.641803 -3.732591 -56.704195 35.606203 0.789609 -0.505256 -0.348185 0.613196 0.670583 0.417504 -0.022540 0.543171 -0.839320
0.632435 -5.450257 37.478015 -101.564070 0.424430 0.880918 0.209385 0.894735 -0.443522 0.052316 0.138953 0.165140 -0.976433
0.805320 -3.835828 32.298875 -87.755220 0.392154 0.898185 0.198693 0.917351 -0.397904 -0.011839 0.068427 0.186914 -0.979990
1.201249 -4.920981 31.332279 -109.530900 0.446222 0.875632 0.184810 0.888098 -0.458729 0.029157 0.110308 0.151119 -0.982342
1.231919 -6.487530 42.597318 87.407279 0.442141 0.875932 0.193011 -0.874475 0.468831 -0.124465 0.199513 0.113752 -0.973270
2.040598 -6.045430 29.861706 115.373214 0.464346 0.871175 0.159491 -0.871389 0.481589 -0.093562 0.158318 0.095534 -0.982756
0.830672 -32.273687 -24.366775 417.561239 -0.126754 0.969859 -0.208104 0.890977 0.019105 -0.453647 0.435998 0.242917 0.866543
0.996874 -26.319607 -29.211920 185.020202 -0.069119 0.979409 -0.189687 0.702833 -0.087134 -0.705998 0.707989 0.182116 0.682339
0.648565 -24.782788 -4.028548 21.218579 -0.056164 0.977089 -0.205288 0.858184 -0.057838 -0.510074 0.510261 0.204822 0.835273
20.032239 -23.609176 -848.714949 -626.933796 -0.823153 0.478055 -0.306402 0.345990 0.850148 0.396913 0.450233 0.220708 -0.865204
15.433245 -27.563402 -661.234658 -813.578996 0.938734 -0.186352 -0.289916 0.318211 0.791732 0.521443 -0.132364 0.581751 -0.802525
13.688935 -28.267623 241.695631 -680.599993 0.901247 -0.423919 0.089706 0.275386 0.720213 0.636754 0.334540 0.549169 -0.765831
5.087143 -1.330128 -202.106501 -6.710869 0.933660 0.033382 0.356602 -0.103410 -0.928119 0.357634 -0.342907 0.370784 0.863095
3.520871 -1.524968 -260.796647 -24.556136 0.912045 0.073657 0.403421 0.084512 0.928862 -0.360655 -0.401287 0.363028 0.840940
2.373231 -42.236109 -124.369732 911.250720 0.675123 -0.264973 0.688476 -0.581230 0.383664 0.717617 0.454292 0.884642 -0.105010
1.594224 -37.537636 -18.607601 157.308235 0.676470 -0.282875 0.679978 -0.668136 0.152681 0.728205 0.309811 0.946927 0.085715
0.654403 -42.901374 -55.243734 73.240700 0.711377 -0.290115 0.640137 -0.638524 0.113772 0.761146 0.293649 0.950205 0.104311
1.752346 -5.029985 -24.471016 23.381536 -0.312259 0.920343 -0.235507 0.307512 0.332478 0.891568 -0.898849 -0.205979 0.386836
1.648758 -4.917754 -16.382038 -6.370804 -0.317929 0.916354 -0.243344 0.361121 0.354352 0.862570 -0.876649 -0.186359 0.443573
1.504309 -4.905295 -7.487615 -12.294085 -0.328216 0.914506 -0.236545 0.381629 0.357448 0.852402 -0.864080 -0.189499 0.466322
2.610342 -3.322483 246.256140 -61.489216 0.961852 -0.273567 0.000951 -0.267638 -0.940275 0.210365 0.056655 0.202595 0.977622
3.369319 -2.689854 321.199775 -58.570015 0.973116 -0.228603 -0.028040 -0.213135 -0.939965 0.266530 0.087286 0.253389 0.963419
-0.506986 -3.146635 248.705056 -61.743468 0.945232 -0.326368 0.004564 -0.318123 -0.918044 0.236630 0.073038 0.225122 0.971589
-3.016225 -3.755557 40.916119 59.310909 0.494232 -0.846195 0.199220 0.869285 0.483373 -0.103411 -0.008792 0.224288 0.974483
-1.315749 -3.752963 174.672511 -20.622925 0.910700 -0.409123 0.056957 -0.413045 -0.900455 0.136293 0.004473 0.147648 0.989030
1.502707 -3.685670 -67.286101 46.133738 -0.462908 0.860404 -0.213121 0.700047 0.502347 0.507524 -0.543737 -0.085742 0.834864
2.153798 -3.981018 -53.180774 45.655311 -0.434545 0.874025 -0.217373 0.681599 0.476898 0.554970 -0.588723 -0.092998 0.802968
2.293467 -3.317664 -41.921549 50.957384 -0.455313 0.856593 -0.242770 0.701694 0.513081 0.494341 -0.548010 -0.054730 0.834679
-5.799286 -896.814983 -5103.799238 -74473.239293 0.995784 0.064287 0.065429 -0.017028 0.830464 -0.556812 0.090132 -0.553351 -0.828057
56.226322 -98.389802 -1512.718885 -2589.356189 0.978888 -0.094715 -0.181129 -0.171954 0.097470 -0.980271 -0.110501 -0.990721 -0.079125
-18.267644 -83.387543 -776.009933 -5635.286911 0.433319 0.081014 -0.897592 0.890656 0.113701 0.440232 0.137722 -0.990206 -0.022887
-14.206868 -106.780809 182.843551 -5484.580596 0.542745 0.226240 -0.808853 0.807528 0.124220 0.576600 0.230926 -0.966118 -0.115276
-7.207626 -75.049600 -65.787965 -3023.348607 0.558940 0.025958 -0.828802 0.776348 0.334773 0.534050 0.291324 -0.941941 0.166966
4.642117 -17.072447 93.642940 209.533566 -0.214052 0.768070 0.603532 -0.727619 -0.537597 0.426098 -0.651730 0.347934 -0.673936
8.772753 -7.610484 43.361404 121.888257 0.377681 0.924985 -0.041951 0.690544 -0.311560 -0.652747 0.616852 -0.217561 0.756413
4.153536 -6.075626 -132.337781 88.517362 0.339074 0.921241 0.190639 0.792503 -0.170518 -0.585545 0.506921 -0.349625 0.787904
7.522203 -8.441771 48.724543 192.942653 0.345797 0.935852 0.067869 0.762651 -0.238188 -0.601357 0.546615 -0.259708 0.796093
1.409569 -7.405549 360.915490 11.194330 -0.247798 -0.863183 -0.439899 0.883448 -0.014962 -0.468291 0.397639 -0.504669 0.766285
11.008583 -8.069028 35.208343 10.840864 0.348357 0.936679 -0.035790 0.786554 -0.312867 -0.532398 0.509883 -0.157313 0.845737
3.919301 -7.847113 188.268537 27.771569 -0.338000 -0.897724 -0.282574 0.863899 -0.176818 -0.471607 0.373409 -0.403519 0.835307
9.439665 -7.192091 105.710270 11.274809 0.384611 0.920936 0.062855 0.816134 -0.307448 -0.489286 0.431276 -0.239483 0.869856
5.608718 -6.144938 69.531357 6.740122 -0.372248 0.830155 -0.415059 0.418417 -0.249076 -0.873435 0.828468 0.498802 0.254633
5.117615 -6.350607 171.578119 -2.752916 -0.302710 0.839362 -0.451484 0.506069 -0.259858 -0.822416 0.807627 0.477436 0.346113
5.074464 -6.166132 -85.480598 26.066495 -0.420805 0.844734 -0.330677 0.415222 -0.144738 -0.898132 0.806545 0.515243 0.289846
5.721973 -6.518780 185.219440 20.935526 -0.274983 0.846276 -0.456292 0.560989 -0.244197 -0.790986 0.780818 0.473482 0.407601
-0.742778 -6.348883 97.035504 -60.560450 0.739389 0.460960 -0.490735 0.623720 -0.194493 0.757064 -0.253532 0.865846 0.431315
-1.130855 -5.856780 126.836417 50.496590 0.709507 0.474880 -0.520661 0.646345 -0.144145 0.749306 -0.280780 0.868165 0.409209
-1.962516 -6.329317 124.294198 -50.218228 0.728956 0.475909 -0.492071 0.627581 -0.177476 0.758053 -0.273434 0.861402 0.428043
-0.152335 -8.883098 -20.228488 -89.488553 0.727634 0.521916 -0.445143 0.655095 -0.721188 0.225254 0.203468 0.455514 0.866665
-0.524694 -8.701257 -19.202765 -53.619075 0.714287 0.536134 -0.449839 0.668416 -0.713092 0.211471 0.207399 0.451730 0.867713
-0.308579 -8.048365 -42.622510 -22.809636 0.714654 0.544016 -0.439677 0.686105 -0.667519 0.289273 0.136123 0.508395 0.850297
0.338018 -8.305342 -70.927256 -13.916005 0.730432 0.538772 -0.419756 0.673788 -0.668962 0.313846 0.111709 0.512070 0.851649
1.315660 -11.684684 2.421537 1.607727 0.748009 0.452965 -0.485082 -0.444622 -0.200626 -0.872961 0.492741 -0.868661 -0.051328
1.142092 -11.191308 -2.450954 -10.919765 0.742783 0.455052 -0.491122 -0.384813 -0.310115 -0.869337 0.547898 -0.834719 0.055238
1.264511 -11.282719 7.800664 1.473458 0.747647 0.473519 -0.465621 -0.430485 -0.188313 -0.882735 0.505674 -0.860417 -0.063052
0.967603 -14.908032 -54.074752 -8.337990 0.820858 -0.465866 0.330394 -0.553222 -0.792303 0.257298 -0.141906 0.393987 0.908095
2.600547 -15.332129 -85.340740 -36.596227 0.834567 -0.443562 0.326727 0.493159 0.865853 -0.084214 -0.245544 0.231411 0.941359
3.457551 -15.407062 -68.074692 36.925452 0.878469 -0.402239 0.257869 -0.448382 -0.880460 0.154089 -0.165063 0.250986 0.953813
0.467100 -20.889266 8.917865 77.434266 0.872721 -0.481283 -0.082006 -0.475284 -0.799118 -0.368124 -0.111639 -0.360246 0.926153
0.265334 -20.460446 -0.109338 -128.661874 0.865269 -0.494717 -0.081016 -0.498680 -0.865943 -0.038213 0.051251 -0.073465 0.995980
0.289057 -19.895569 -8.266659 73.575686 0.872825 -0.481959 -0.076756 -0.486679 -0.847862 -0.210411 -0.036331 -0.221008 0.974595
0.588666 -21.411970 25.085030 67.218462 0.863991 -0.494792 -0.093274 -0.501456 -0.828879 -0.247994 -0.045392 -0.261038 0.964261
-2.182506 -13.079816 -21.096010 24.023641 0.768414 -0.594916 0.235826 0.254646 0.622320 0.740184 -0.587107 -0.508716 0.629693
-2.368242 -13.045545 -9.442114 -45.751250 0.777900 -0.596014 0.199094 -0.171076 -0.505735 -0.845556 -0.604653 -0.623698 0.495375
-2.576896 -12.632576 -14.611235 -20.181881 0.796282 -0.574003 0.190933 -0.158414 -0.502481 -0.849952 -0.583815 -0.646555 0.491047
1.179716 -8.576973 -8.393763 35.408076 0.240677 0.965593 -0.098511 0.397556 -0.190662 -0.897551 0.885451 -0.176856 0.429765
1.358427 -9.184971 13.074367 -57.880607 0.274377 0.952968 -0.128722 0.557232 -0.266657 -0.786376 0.783715 -0.144035 0.604189
0.433855 -7.355822 15.342413 -82.484195 -0.896751 -0.324396 0.301007 -0.331269 0.943076 0.029449 -0.293426 -0.073305 -0.953167
0.461198 -6.757470 9.543898 -21.065444 -0.889138 -0.348354 0.296787 -0.370850 0.928450 -0.021252 -0.268149 -0.128959 -0.954707
2.688069 -4.258495 67.117207 -9.716273 0.855782 -0.440489 -0.271304 0.194170 0.759572 -0.620764 0.479515 0.478560 0.735558
4.829381 -4.601863 92.151359 16.004893 0.859945 -0.412923 -0.299981 -0.117991 -0.732671 0.670277 0.496560 0.541007 0.678778
3.261407 -4.779169 156.484193 -29.457396 0.797996 -0.552212 -0.241381 0.272955 0.688255 -0.672161 0.537307 0.470495 0.699954
4.019567 -4.683487 -15.194733 -9.284358 0.919200 -0.181239 -0.349605 0.064202 -0.806942 0.587131 0.388523 0.562136 0.730105
1.111894 -4.574289 76.677917 -20.087429 0.770491 -0.619474 -0.150316 0.412938 0.664688 -0.622633 0.485618 0.417662 0.767941
0.972431 -4.035718 40.075234 -4.094874 0.847793 -0.475334 -0.235168 0.274767 0.772981 -0.571842 0.453596 0.420188 0.785934
1.586963 -4.281421 8.701597 1.905064 0.907964 -0.235612 -0.346539 -0.020686 -0.851157 0.524504 0.418538 0.469062 0.777693
