11132
22252
-3.990416 -5.247927 -9.004260 51.829503 -0.235718 0.968122 0.084714 0.887061 0.249944 -0.388137 0.396938 0.016345 0.917700
-4.654555 -6.333181 2.995711 56.242495 -0.210595 0.976911 0.035992 0.943595 0.212760 -0.253697 0.255497 0.019465 0.966614
-4.502223 -7.235898 21.780407 102.629225 0.684872 -0.685323 -0.247554 0.658170 0.727601 -0.193412 0.312670 -0.030470 0.949373
-3.577568 -5.235509 -3.363165 29.575768 0.192496 0.965116 -0.177473 0.917844 -0.241059 -0.315362 0.347143 0.102187 0.932228
-3.205749 -5.329463 -51.069401 73.040597 -0.548867 0.775277 0.312554 0.686929 0.631387 -0.359832 0.476312 -0.017203 0.879108
-3.060909 -4.126657 -7.430695 31.225037 0.133664 0.985653 -0.103065 0.862766 -0.166904 -0.477261 0.487616 0.025128 0.872696
-0.599275 -4.554671 28.446369 -3.388167 -0.054824 0.989748 0.131882 0.471756 0.142085 -0.870206 0.880023 -0.014509 0.474709
-0.290244 -4.634062 -42.218174 21.690937 -0.038442 0.938206 0.343937 0.300502 0.339113 -0.891460 0.953006 -0.069084 0.294969
0.135681 -5.976423 -6.114542 -98.422405 -0.002856 0.989704 0.143104 0.560199 0.120125 -0.819602 0.828353 -0.077826 0.554774
0.870532 -5.073025 45.711148 -82.430334 0.084234 0.891775 -0.444568 0.854736 -0.293992 -0.427779 0.512183 0.343955 0.786997
0.688503 -7.185825 51.413098 -103.753785 -0.014138 0.922776 -0.385077 0.757022 -0.241718 -0.607034 0.653236 0.300094 0.695144
1.812279 -6.435785 45.982500 -108.164528 0.123983 0.888291 -0.442230 0.803933 -0.351162 -0.479975 0.581652 0.296015 0.757665
1.894147 -5.224182 23.271698 -75.128575 0.237803 0.866891 -0.438120 0.836213 -0.412198 -0.361719 0.494163 0.280343 0.822928
-3.622000 -78.341359 -213.258570 -1869.286147 0.227206 0.335733 0.914145 -0.502375 0.844558 -0.185314 -0.834264 -0.417139 0.360553
43.525205 -721.339324 -1472.311271 -22463.087000 0.221047 0.377838 0.899098 -0.480417 0.844476 -0.236771 -0.848727 -0.379604 0.368189
6.859789 -50.231125 121.073447 -941.344327 0.088349 0.529462 0.843720 -0.305235 0.820674 -0.483038 -0.948170 -0.214857 0.234116
4.774424 -29.051580 209.529409 -563.715657 -0.304187 0.852944 0.424213 0.683910 -0.114454 0.720533 -0.663127 -0.509300 0.548522
-1.775851 -68.583139 -196.421019 -1756.360035 0.202323 0.122443 0.971634 -0.197270 0.976911 -0.082031 -0.959245 -0.175078 0.221806
-2.208402 -127.907426 -51.685002 -3852.097780 0.298436 0.109583 0.948118 -0.382397 0.923898 0.013582 -0.874476 -0.366611 0.317629
-8.888179 -36.695438 -94.595105 -961.751665 0.290386 0.339647 0.894604 -0.576416 0.808329 -0.119788 -0.763820 -0.480879 0.430505
-0.385014 -21.283134 62.259961 -409.605438 -0.301605 0.839699 0.451597 0.722140 -0.108079 0.683252 -0.622534 -0.532189 0.573783
0.180241 -3.438597 -8.341841 -13.914061 -0.280074 0.944707 0.170552 0.958016 0.263700 0.112552 0.061354 0.194915 -0.978899
0.131847 -3.647647 -6.775657 -24.281869 -0.308978 0.935342 0.172243 0.941296 0.274850 0.196007 0.135992 0.222694 -0.965357
0.256336 -3.223408 -3.965559 -5.512445 -0.259808 0.946221 0.192784 0.963927 0.242166 0.110453 0.057828 0.214526 -0.975005
-0.035800 -3.906721 -7.646924 -11.404989 -0.337101 0.926948 0.164712 0.922519 0.290295 0.254338 0.187943 0.237688 -0.952986
0.240505 -3.363953 0.345749 6.757292 -0.239448 0.950402 0.198497 0.970859 0.236452 0.039023 -0.009847 0.202057 -0.979324
0.154657 -3.372299 -6.821562 -11.767463 -0.232443 0.955333 0.182508 0.972271 0.233192 0.017653 -0.025695 0.181551 -0.983046
-0.104645 -3.771810 -16.145429 -20.167135 -0.317490 0.935752 0.153523 0.945588 0.300269 0.125305 0.071156 0.184953 -0.980168
0.248946 -6.823567 -7.612678 44.397734 -0.245701 0.876053 0.414925 -0.036866 0.419292 -0.907103 0.968644 0.238172 0.070723
0.127648 -7.773577 -2.483589 36.727166 -0.256050 0.868841 0.423738 0.146588 0.468181 -0.871389 0.955484 0.161004 0.247239
0.307370 -7.361696 -7.067444 33.863298 -0.253558 0.868608 0.425709 0.090601 0.459482 -0.883554 0.963068 0.185462 0.195202
0.573505 -6.485573 -11.148919 55.071989 -0.254445 0.863497 0.435466 -0.116150 0.419740 -0.900182 0.960087 0.279626 0.006506
0.493223 -5.950016 -11.384081 33.750496 -0.252003 0.880402 0.401729 -0.222119 0.351422 -0.909487 0.941891 0.318425 -0.106994
0.153426 -6.013879 -6.830344 63.164411 -0.245521 0.882976 0.400091 -0.169877 0.367147 -0.914519 0.954391 0.292500 -0.059855
1.033836 -10.001318 -1.201098 -50.680840 -0.423456 0.753826 0.502426 -0.476032 0.286708 -0.831379 0.770765 0.591223 -0.237437
1.150212 -10.746633 2.506947 -14.744219 -0.429721 0.746257 0.508370 0.687115 -0.095026 0.720307 0.585843 0.658840 -0.471930
1.088425 -10.351403 -4.495514 25.684702 -0.404229 0.773061 0.488851 -0.604141 0.175620 -0.777285 0.686741 0.609536 -0.396047
0.068814 -12.581658 3.460449 106.513645 0.523168 -0.773323 -0.358144 0.637062 0.075731 0.767083 -0.566080 -0.629473 0.532275
-0.070171 -11.330254 18.608479 137.779838 0.526813 -0.758758 -0.383085 0.704940 0.138213 0.695670 -0.474899 -0.636540 0.607691
-0.042904 -13.649853 -5.416618 105.682227 -0.541042 0.772865 0.331594 0.463654 -0.054833 0.884318 -0.701640 -0.632198 0.328675
-0.350613 -11.280309 25.233946 128.441219 0.557717 -0.748504 -0.358739 0.602313 0.067577 0.795394 -0.571113 -0.659678 0.488523
-0.475356 -12.743868 -15.390604 72.675806 -0.559770 0.762449 0.324544 0.415103 -0.080960 0.906165 -0.717180 -0.641964 0.271176
-3.134459 -3.867391 -34.472843 2.803427 0.816540 -0.541632 -0.199744 0.551074 0.834399 -0.009829 0.171989 -0.102048 0.979799
-1.952123 -3.515624 -37.324334 13.674501 0.903149 -0.417666 -0.099380 -0.423046 -0.905215 -0.040212 0.073165 -0.078360 0.994237
-2.387384 -3.085149 -40.731991 25.344020 0.951060 -0.286237 -0.116416 -0.301615 -0.941815 -0.148369 0.067173 -0.176220 0.982056
-2.935321 -3.450635 25.456369 -28.324244 -0.001604 -0.976830 -0.214009 0.984134 0.036428 -0.173649 0.177422 -0.210892 0.961273
-1.663886 -8.945475 -5.137917 -2.477451 -0.347388 0.881571 0.319616 0.914061 0.394429 -0.094436 -0.209318 0.259343 -0.942829
-1.835714 -9.154965 2.954776 -6.879198 -0.329942 0.867361 0.372589 0.911694 0.395154 -0.112548 -0.244850 0.302553 -0.921146
-1.683955 -9.262189 -14.415652 -17.012675 -0.358530 0.883098 0.302646 0.933499 0.337095 0.122254 0.005942 0.326352 -0.945230
-1.558008 -9.069670 -13.812265 -15.121612 -0.367315 0.889515 0.271739 0.929799 0.343784 0.131479 0.023534 0.300957 -0.953347
-1.596336 -8.961425 -11.113201 0.920359 -0.359929 0.894054 0.266682 0.921658 0.385122 -0.047203 -0.144907 0.228799 -0.962628
5.039590 -55.769672 -37.911175 -1584.047249 0.052617 -0.168759 -0.984252 -0.642905 0.748466 -0.162700 0.764137 0.641341 -0.069114
2.785864 -17.957820 -47.697631 -521.634374 0.140883 -0.339985 -0.929818 -0.495202 0.789056 -0.363547 0.857279 0.511665 -0.057196
-0.449598 -195.850052 36.672391 -6418.067882 -0.015076 0.023220 -0.999617 -0.531669 0.846500 0.027682 0.846818 0.531883 -0.000416
-0.742339 -13.169260 -1.049171 -137.780732 0.664108 -0.730343 -0.159875 0.524215 0.302409 0.796082 0.533066 0.612493 -0.583689
-0.682382 -11.332381 -9.906926 72.434227 0.700671 -0.697518 -0.150094 0.563238 0.411610 0.716477 0.437975 0.586554 -0.681272
-0.584183 -13.901242 2.513481 -190.545226 0.661913 -0.738332 -0.129375 0.526966 0.335605 0.780817 0.533084 0.585009 -0.611217
-0.499564 -12.278378 -4.264831 -37.740199 0.680773 -0.717041 -0.149668 0.542812 0.356644 0.760368 0.491837 0.598880 -0.632012
-0.699920 -23.219277 1.915112 473.706350 -0.656087 0.745013 0.120443 -0.383224 -0.191399 -0.903607 0.650146 0.639001 -0.411081
-0.523830 -28.607336 16.468591 -631.932945 0.620475 -0.757455 -0.203158 0.487979 0.170112 0.856118 0.613911 0.630336 -0.475172
-1.032143 -2.795545 55.260358 4.748781 0.241256 0.832732 0.498349 0.948225 -0.311572 0.061585 0.206555 0.457690 -0.864786
-0.398318 -2.881473 70.959631 -7.165405 0.308708 0.806793 0.503769 0.910124 -0.404442 0.089999 0.276356 0.430709 -0.859137
-1.675712 -3.414303 2.211805 32.444622 -0.225938 0.914101 0.336707 0.952896 0.135594 0.271300 0.202340 0.382144 -0.901679
-1.970803 -3.778785 4.272147 36.866999 -0.255452 0.896665 0.361576 0.960907 0.194161 0.197381 0.106780 0.397862 -0.911210
-3.127883 -77.332112 137.640194 284.558865 -0.290058 0.809944 -0.509761 0.789071 0.503805 0.351493 -0.541511 0.300284 0.785236
-6.620877 -88.015854 59.148682 1005.382432 -0.410606 0.795146 -0.446256 0.789873 0.554687 0.261578 -0.455526 0.245080 0.855822
-14.899497 -193.473071 -288.266721 5339.006867 0.533097 -0.748517 0.394374 0.845421 0.453255 -0.282530 0.032727 0.484028 0.874440
2.122357 -52.683891 -78.851134 934.811594 0.265013 -0.886376 0.379612 0.963198 0.261683 -0.061405 -0.044911 0.381915 0.923106
1.242979 -1.588797 -13.523908 32.444390 -0.223572 0.924821 0.307769 -0.928642 -0.298018 0.220929 -0.296041 0.236413 -0.925456
1.339240 -0.562041 -9.279535 54.604282 -0.085882 0.960640 0.264189 -0.925916 -0.174858 0.334820 -0.367837 0.215862 -0.904488
0.930760 -1.734803 1.970396 38.278696 -0.238661 0.924389 0.297566 -0.918103 -0.314628 0.241032 -0.316430 0.215671 -0.923774
0.865848 -2.652590 -3.943468 -14.731077 -0.337876 0.883708 0.323884 0.908516 0.396112 -0.133017 -0.245842 0.249311 -0.936699
1.195023 -1.066321 -19.725505 -4.853501 0.922816 0.385199 -0.005656 0.379975 -0.912525 -0.151382 0.063474 -0.137549 0.988459
1.730915 -1.182050 11.945768 8.894951 0.816077 0.573263 -0.073396 -0.555328 0.812973 0.175171 0.160088 -0.102194 0.981798
1.448825 -1.299742 -38.504994 -8.358799 0.927341 0.372567 0.035095 0.372761 -0.911399 -0.174360 0.032975 -0.174774 0.984056
1.283743 -3.395322 3.372381 -20.222443 0.464468 -0.786570 -0.406912 0.873014 0.483835 0.061235 0.148712 -0.383682 0.911413
1.334963 -3.451665 1.983038 -21.639559 0.474309 -0.800670 -0.366004 0.870238 0.489273 0.057420 0.133101 -0.345745 0.928840
1.390948 -3.780232 5.650957 -10.533546 0.452863 -0.804694 -0.383906 0.861748 0.505507 -0.043043 0.228703 -0.311338 0.922369
1.157686 -10.868386 -4.761176 -48.276097 0.588695 -0.502058 0.633542 0.769112 0.106647 -0.630154 0.248809 0.858233 0.448921
1.204180 -9.563505 -4.777728 -137.215284 0.623250 -0.444039 0.643730 0.768773 0.197010 -0.608420 0.143341 0.874080 0.464152
-0.447649 -15.695339 -18.898921 -306.157854 0.506216 -0.399083 0.764512 0.842148 0.037734 -0.537924 0.185828 0.916138 0.355189
-3.392218 -37.039842 34.179487 -943.488982 0.232927 -0.362566 0.902381 0.961370 -0.054097 -0.269890 0.146669 0.930387 0.335959
-2.177326 -263.286654 -35.098679 -6540.643352 0.318920 -0.240377 0.916793 0.872204 -0.304083 -0.383138 0.370878 0.921820 0.112680
11.510716 -388.670790 -232.045136 -12725.108220 0.506335 -0.331655 0.796009 0.793707 -0.181637 -0.580549 0.337126 0.925750 0.171268
0.671614 -13.973921 -15.651529 -212.619368 0.617995 -0.416115 0.667031 0.721966 -0.035470 -0.691018 0.311202 0.908620 0.278501
1.456764 -4.851249 -5.405097 113.966947 0.569447 0.807051 0.156200 0.638947 -0.554106 0.533585 -0.517181 0.204045 0.831197
1.017197 -6.641993 -20.720447 140.067586 0.541161 0.835389 0.096278 0.646054 -0.486313 0.588314 -0.538293 0.256172 0.802880
1.530573 -3.973889 -5.278186 79.586507 0.565570 0.818857 0.098005 0.662155 -0.521720 0.537922 -0.491612 0.239338 0.837278
1.943089 -2.911448 25.292072 24.322719 0.606219 0.774184 0.182038 0.610554 -0.599717 0.517265 -0.509630 0.202431 0.836241
-4.245638 -26.294625 -0.036554 -639.900612 -0.110384 0.266128 -0.957597 -0.638864 0.719069 0.273481 0.761359 0.641962 0.090645
-4.238835 -21.905727 66.154472 590.283886 0.179236 -0.235630 0.955172 0.701307 -0.650302 -0.292021 0.689959 0.722209 0.048692
-3.202395 -34.574914 -57.856637 851.985864 0.073145 -0.148815 0.986156 0.716665 -0.679806 -0.155741 0.693572 0.718135 0.056926
-4.467125 -34.631058 71.553101 -1153.234170 -0.057643 0.210433 -0.975907 -0.627870 0.752364 0.199317 0.776181 0.624232 0.088756
4.221117 -5.441860 34.997324 -3.519521 -0.471473 0.880142 0.055346 0.881540 0.468617 0.057327 0.024519 0.075818 -0.996820
4.479107 -5.604306 43.868708 -5.155053 -0.486018 0.871063 0.070963 0.862587 0.465065 0.199145 0.140465 0.157999 -0.977397
3.633335 -5.534051 48.960971 -1.900334 -0.494232 0.853823 0.163466 0.868428 0.476350 0.137561 0.039586 0.209946 -0.976911
3.722687 -5.236106 46.405368 13.916037 -0.482806 0.862758 0.150157 -0.864926 -0.496636 0.072494 -0.137118 0.094874 -0.986001
0.364421 -6.095646 -12.939555 31.125093 -0.599761 0.735539 0.315071 -0.137078 -0.482374 0.865173 -0.788350 -0.475708 -0.390136
0.206242 -5.620598 -0.853152 29.137149 -0.592786 0.723468 0.353834 -0.035756 -0.462558 0.885868 -0.804566 -0.512478 -0.300066
0.059926 -6.089257 -0.197237 24.065293 -0.584683 0.744393 0.322529 -0.202290 -0.518782 0.830629 -0.785636 -0.420410 -0.453906
0.242869 -6.530698 -11.840899 9.813824 -0.591381 0.754582 0.284385 -0.291843 -0.529033 0.796839 -0.751729 -0.388239 -0.533079
-0.117967 -6.061285 -1.957212 18.368001 -0.599280 0.731581 0.325043 -0.267916 -0.565901 0.779729 -0.754377 -0.380191 -0.535136
-0.033202 -6.762554 -4.656875 22.791265 -0.582586 0.759797 0.288620 -0.352074 -0.555977 0.752950 -0.732555 -0.337043 -0.591410
-0.192036 -10.752066 9.046405 122.935714 0.446820 -0.665286 -0.598119 0.648416 0.701456 -0.295833 0.616368 -0.255645 0.744806
-0.229527 -9.725855 7.227139 106.843211 0.452048 -0.668136 -0.590970 0.645349 0.702340 -0.300405 0.615774 -0.245585 0.748673
-0.188341 -13.541041 5.659041 179.606607 0.481209 -0.635799 -0.603488 0.756831 0.648702 -0.079952 0.442317 -0.418265 0.793354
-0.104337 -13.961970 3.084568 203.911689 0.478774 -0.635330 -0.605914 0.748903 0.655720 -0.095794 0.458170 -0.407907 0.789742
-0.546825 -10.358950 -27.362480 -239.571122 0.442734 -0.746927 -0.496071 0.641106 -0.123094 0.757516 -0.626873 -0.653412 0.424361
-1.277203 -13.660239 -24.826232 -260.137522 0.399400 -0.756591 -0.517736 0.803703 0.017261 0.594781 -0.441069 -0.653661 0.614968
-0.287515 -11.327551 -11.231199 -211.464523 0.491069 -0.733748 -0.469537 0.682702 -0.010629 0.730619 -0.541081 -0.679338 0.495712
0.088876 -5.016609 -15.178129 15.526638 -0.638508 0.742306 0.203200 -0.179638 -0.400482 0.898524 -0.748357 -0.537212 -0.389057
0.630583 -4.914590 -19.609252 3.274770 -0.625795 0.756836 0.188628 -0.213187 -0.398592 0.892007 -0.750288 -0.518000 -0.410784
0.483300 -4.881634 -13.437430 10.862201 -0.620367 0.763861 0.177936 -0.123117 -0.318899 0.939758 -0.774588 -0.561088 -0.291879
0.091910 -5.130614 -21.216649 4.180796 -0.647674 0.733022 0.207841 -0.270370 -0.476148 0.836770 -0.712333 -0.485760 -0.506576
0.742447 -12.883104 -14.071573 -13.710717 -0.467925 0.853999 0.227445 -0.137453 -0.324552 0.935827 -0.873013 -0.406634 -0.269251
0.785900 -13.072598 -12.815038 0.781955 -0.459509 0.850570 0.255700 0.111306 -0.230476 0.966691 -0.881171 -0.472664 -0.011233
0.439495 -13.537343 2.548831 -18.720428 -0.459264 0.855806 0.238061 -0.093675 -0.313162 0.945069 -0.883347 -0.411736 -0.223992
0.377468 -13.753374 7.318751 16.809477 -0.444047 0.865926 0.230204 -0.295234 -0.383977 0.874871 -0.845967 -0.320520 -0.426154
0.352976 -13.520529 -0.470280 -37.076398 -0.466044 0.855604 0.225266 -0.380511 -0.423684 0.822011 -0.798758 -0.297377 -0.523023
0.142349 -14.108459 -4.134250 -62.343274 -0.587710 0.724359 0.360419 -0.660529 -0.686822 0.303275 -0.467224 0.059830 -0.882112
0.226410 -13.409368 -4.911445 -65.140015 -0.550995 0.756270 0.352788 -0.791936 -0.607166 0.064710 -0.263139 0.243730 -0.933463
0.293705 -13.517908 -6.435431 -76.752765 -0.560929 0.749537 0.351502 -0.784777 -0.616617 0.062513 -0.263598 0.240785 -0.934098
-0.431197 -19.871182 6.405230 -443.126537 -0.254987 0.933817 0.250933 0.754422 0.354457 -0.552456 0.604838 -0.048441 0.794874
-0.424065 -21.237245 5.198148 -441.867388 -0.270437 0.918796 0.287536 0.726165 0.390765 -0.565673 0.632098 -0.055820 0.772876
0.475226 -13.271325 15.624848 -266.611320 -0.244745 0.940820 0.234430 0.867481 0.320475 -0.380490 0.433102 -0.110240 0.894578
0.367903 -12.386769 15.243249 -188.837926 -0.244346 0.947251 0.207390 0.879672 0.306524 -0.363620 0.408009 -0.093586 0.908168
-0.140289 -13.555122 -4.780681 -140.801225 -0.199780 0.957400 0.208501 0.803811 0.281823 -0.523893 0.560336 -0.062932 0.825871
-0.732321 -22.294368 -10.897991 -149.634478 -0.126736 0.974796 0.183605 -0.000174 0.185075 -0.982724 0.991936 0.124578 0.023286
-0.683255 -24.988069 -7.768809 -127.519468 -0.122982 0.980284 0.154660 -0.276057 0.115900 -0.954128 0.953241 0.160035 -0.256360
-0.651171 -21.381172 -2.444627 51.589434 -0.122651 0.976164 0.179057 -0.360909 0.124196 -0.924294 0.924501 0.177989 -0.337074
-0.599141 -20.950303 8.200441 -33.872808 -0.167797 0.963149 0.210208 -0.280287 0.157821 -0.946854 0.945137 0.217798 -0.243476
-3.470716 -9.263993 -6.174637 -0.330486 -0.257451 0.817261 0.515561 0.549133 -0.315275 0.773986 -0.795092 -0.482375 0.367618
-3.615394 -9.331522 -18.588690 -12.592766 -0.304977 0.789102 0.533204 0.401333 -0.401247 0.823367 -0.863667 -0.465100 0.194321
-3.064265 -9.660782 -24.430958 -5.005459 -0.363036 0.772479 0.521038 0.544003 -0.278272 0.791597 -0.756482 -0.570825 0.319208
0.663832 -32.192364 -27.638365 258.809642 -0.439471 0.876376 0.197054 -0.412402 -0.391739 0.822475 -0.797991 -0.280189 -0.533577
0.625538 -26.800289 8.560355 480.797516 -0.441059 0.849002 0.290968 -0.123756 -0.378644 0.917231 -0.888905 -0.368544 -0.272073
-0.282278 -32.467293 -7.685311 279.765331 -0.425039 0.889766 0.166307 -0.007734 -0.187292 0.982274 -0.905142 -0.416219 -0.086488
0.453115 -42.161397 -26.353033 976.530009 -0.418433 0.884344 0.207001 -0.197263 -0.310960 0.929726 -0.886567 -0.348194 -0.304564
2.021763 -2.427209 -17.831914 -67.948048 -0.722907 -0.483295 0.493792 -0.502874 0.858120 0.103674 -0.473838 -0.173369 -0.863378
-0.170351 -3.637369 41.356490 -110.315185 0.541515 0.782274 -0.307911 -0.741106 0.617110 0.264456 -0.396892 -0.084988 -0.913922
0.146552 -3.799606 -26.652718 -29.476334 -0.654238 -0.643304 0.397659 -0.553008 0.765596 0.328702 -0.515901 -0.004859 -0.856634
-1.250197 -3.872766 10.206773 21.386307 -0.482745 0.610192 0.628190 0.639914 0.735483 -0.222655 -0.597886 0.294502 -0.745521
-1.041953 -4.156824 11.432747 14.688933 -0.476664 0.593058 0.648902 0.574478 0.768878 -0.280715 -0.665407 0.238974 -0.707195
-0.788703 -3.613527 23.448373 23.630026 -0.440127 0.617893 0.651534 0.673779 0.706891 -0.215237 -0.593557 0.344258 -0.727445
-1.239557 -3.172186 14.179091 29.106781 -0.437900 0.652362 0.618601 0.732957 0.657504 -0.174537 -0.520594 0.376978 -0.766074
492.125655 -1734.178920 -15946.127937 -125744.807799 0.696859 0.546248 -0.464759 -0.250033 0.792387 0.556423 0.672214 -0.271543 0.688762
-9.290048 -40.961268 -48.255662 970.933418 -0.594269 -0.047556 -0.802859 0.717132 0.420582 -0.555727 0.364096 -0.906008 -0.215835
-10.232738 -314.892244 112.715158 12583.674086 0.845850 0.184024 0.500673 0.501794 -0.592895 -0.629824 -0.180944 -0.783971 0.593842
297.283317 31.633017 -8051.511170 -2275.345912 -0.262247 0.088376 -0.960946 0.943370 -0.186181 -0.274573 -0.203175 -0.978533 -0.034546
-0.623258 -42.778415 49.247480 -1055.775119 -0.112331 0.609599 -0.784711 0.610251 0.665559 0.429680 0.784204 -0.430604 -0.446771
-0.945898 -19.248885 36.926194 -434.401909 -0.129981 0.508982 -0.850907 0.807187 0.552698 0.207302 0.575808 -0.659895 -0.482684
0.489731 -27.702302 44.417095 -687.944455 -0.110204 0.545626 -0.830751 0.719389 0.620530 0.312125 0.685809 -0.563236 -0.460902
-5.764438 -7.655059 27.924988 56.073750 -0.548902 0.827924 0.115106 0.829391 0.556582 -0.048243 0.104007 -0.068988 0.992181
-4.927641 -7.201000 -7.329548 45.314597 -0.242384 0.970160 0.006237 0.967524 0.242191 -0.072399 0.071749 0.011514 0.997356
-4.257119 -6.317796 -7.166993 40.060517 -0.009861 0.992191 -0.124334 0.983069 -0.013133 -0.182766 0.182971 0.124032 0.975263
4.130248 -8.096684 15.127250 -9.122349 0.287750 0.800937 -0.525072 0.525049 -0.590455 -0.612933 0.800952 0.099317 0.590434
5.591067 -8.516957 135.445893 -1.105068 0.139158 0.819239 -0.556312 0.469491 -0.549209 -0.691338 0.871902 0.164978 0.461052
6.992678 -6.632587 77.960829 165.925535 0.230817 0.810251 -0.538718 0.233927 -0.583639 -0.777588 0.944459 -0.053460 0.324253
3.546250 -6.428374 -99.665255 55.386466 0.500166 0.721707 -0.478511 0.367868 -0.677347 -0.637082 0.783905 -0.142618 0.604279
2.379893 -6.484766 -85.212808 -45.460798 0.430722 0.801111 -0.415572 0.642144 -0.595602 -0.482606 0.634136 0.058988 0.770968
27.355606 -109.028515 1315.032648 3811.959341 -0.175232 -0.353218 0.918984 0.978889 -0.162257 0.124290 0.105210 0.921363 0.374194
64.814395 -47.217077 1899.017109 -1345.099356 -0.505231 0.806088 0.308162 0.603999 0.075247 0.793425 -0.616382 -0.586993 0.524893
0.196584 -3.485035 -3.519883 -20.206963 -0.284050 0.939076 0.193523 0.951545 0.251296 0.177237 0.117808 0.234490 -0.964954
0.063089 -4.014815 -5.644419 -28.986915 -0.312938 0.932665 0.179461 0.925296 0.256761 0.279107 0.214235 0.253398 -0.943341
-0.030516 -4.160738 1.583841 -17.586454 -0.336136 0.923263 0.186004 0.904819 0.261763 0.335830 0.261370 0.281184 -0.923375
0.175569 -8.159046 -4.501940 27.305014 -0.251220 0.869100 0.426092 0.274270 0.486084 -0.829758 0.928259 0.091588 0.360482
0.013934 -8.432372 1.747063 27.655564 -0.270792 0.861986 0.428546 0.326526 0.501035 -0.801464 0.905568 0.077099 0.417137
0.111997 -8.471855 4.179879 7.593827 -0.275477 0.863311 0.422856 0.462652 0.504647 -0.728893 0.842654 0.005159 0.538431
0.063443 -8.639534 -2.323325 4.302077 -0.272973 0.852857 0.445107 0.574323 0.515653 -0.635811 0.771776 -0.082076 0.630575
-0.130181 -8.415192 -6.782892 4.075826 -0.258867 0.856870 0.445827 0.450431 0.515391 -0.729029 0.854458 -0.012092 0.519379
-0.119605 -7.818392 -6.776532 24.577935 -0.254986 0.865813 0.430523 0.222235 0.485796 -0.845348 0.941060 0.119875 0.316286
0.071824 -10.741037 10.122695 35.034463 0.470617 -0.786147 -0.400616 0.802076 0.191962 0.565531 -0.367688 -0.587473 0.720889
-0.397735 -9.484349 17.844177 128.987281 0.523953 -0.763360 -0.377830 0.737905 0.185267 0.648978 -0.425404 -0.618836 0.660358
-0.269076 -8.554828 10.208565 55.863277 0.465101 -0.786023 -0.407244 0.821601 0.211979 0.529184 -0.329624 -0.580717 0.744390
-1.049203 -3.252315 -28.870979 -13.358320 0.875832 -0.478121 -0.065722 0.479500 0.877521 0.006097 0.054757 -0.036854 0.997819
-0.947065 -2.858168 -38.503484 25.343500 0.963415 -0.265648 -0.035534 -0.268001 -0.956189 -0.117802 0.002684 -0.123015 0.992401
-1.555270 -3.511518 -30.605680 9.003340 0.812171 -0.578087 -0.078699 0.571786 0.815505 -0.089518 0.115928 0.027705 0.992871
-2.494566 -3.839467 -35.197400 7.315155 0.823474 -0.550063 -0.139002 0.545185 0.834999 -0.074501 0.157046 -0.014432 0.987486
-1.950735 -8.975165 -0.893648 -21.559713 -0.348627 0.864952 0.360996 0.935378 0.345492 0.075524 -0.059396 0.363997 -0.929504
-1.995659 -9.008200 9.114664 -24.460109 -0.344175 0.845731 0.407778 0.931537 0.361892 0.035676 -0.117399 0.392139 -0.912384
1.213411 -9.656021 -67.364999 -370.061616 0.143300 -0.253249 -0.956729 -0.475169 0.830389 -0.290978 0.868147 0.496305 -0.001341
2.603800 -3.225567 93.651990 -10.393175 -0.316575 0.686115 0.655001 -0.315808 0.574887 -0.754832 0.894453 0.445815 -0.034686
-0.490601 -10.506251 3.943318 35.297064 0.671050 -0.724594 -0.157017 0.586259 0.388941 0.710652 0.453864 0.568936 -0.685799
-1.003304 -14.564816 1.639020 275.046271 0.671295 -0.724090 -0.158295 0.653602 0.477596 0.587117 0.349525 0.497590 -0.793874
-0.672372 -12.152974 -0.773461 135.896037 0.700190 -0.702631 -0.126662 0.604045 0.488424 0.629739 0.380609 0.517447 -0.766410
-0.987968 -14.136480 -2.432247 185.784334 0.695616 -0.705310 -0.136590 0.666546 0.562690 0.488974 0.268020 0.431182 -0.861538
1.667267 -3.219092 19.086220 -13.167185 0.671436 0.628348 0.392879 0.710596 -0.696355 -0.100710 0.210302 0.346799 -0.914059
3.115441 -2.206895 -52.212844 -36.539572 -0.752564 -0.512286 -0.413776 -0.579684 0.813475 0.047170 0.312432 0.275358 -0.909156
1.816646 -2.932733 88.876300 -12.266438 0.509821 0.698437 0.502263 0.803118 -0.595676 0.013133 0.308359 0.396681 -0.864615
0.530882 -2.846164 64.693137 -18.147897 0.510528 0.701543 0.497191 0.827286 -0.558397 -0.061572 0.234434 0.442754 -0.865454
0.406753 -2.830272 94.367858 -6.105702 0.306044 0.812020 0.496951 0.885557 -0.434430 0.164497 0.349466 0.389735 -0.852045
-14.559933 -232.739694 -108.055918 5305.138958 -0.456401 0.780879 -0.426527 0.702412 0.610457 0.366006 -0.546183 0.132552 0.827112
-5.015668 -58.243482 -120.535076 1286.523126 0.205659 -0.882017 0.423970 0.969464 0.124485 -0.211291 0.133584 0.454477 0.880685
1.320019 -5.240831 -65.910192 3.816545 -0.434731 0.844747 0.312107 -0.543094 0.030534 -0.839117 0.718371 0.534293 -0.445503
1.420995 -5.067354 -27.561855 -2.647058 -0.489166 0.811114 0.320642 -0.411300 0.109662 -0.904879 0.769122 0.574516 -0.279968
1.956519 -5.083627 -4.878700 9.040128 -0.516603 0.776013 0.361837 -0.539284 0.033346 -0.841463 0.665052 0.629835 -0.401264
1.939575 -5.138004 -28.894517 -1.264526 -0.469054 0.802897 0.367892 -0.628459 -0.010769 -0.777768 0.620506 0.596021 -0.509639
1.216221 -5.380172 -81.032020 0.888794 -0.409381 0.859165 0.306991 -0.645268 -0.034773 -0.763165 0.645009 0.510516 -0.568626
1.839914 1.097908 -20.156248 -23.071028 -0.676368 -0.736139 -0.025009 0.726743 -0.661439 -0.185316 0.119876 -0.143517 0.982361
2.577075 0.391496 -54.046368 -1.146170 0.719873 0.684081 0.117541 0.690738 -0.689373 -0.218281 0.068292 -0.238324 0.968782
2.524404 0.309514 -20.811245 25.050567 0.865318 0.500394 -0.028800 0.477070 -0.839882 -0.258846 0.153714 -0.210245 0.965489
2.326719 0.097417 -4.120847 -65.972860 -0.294427 -0.938039 -0.182745 0.953715 -0.276164 -0.119001 0.061160 -0.209324 0.975932
2.135901 0.693912 8.735169 12.448899 0.961821 0.162660 -0.220097 -0.131633 0.980030 0.149045 0.239945 -0.114383 0.964024
1.826238 0.091065 -31.269153 -65.531858 -0.091141 -0.987000 -0.132381 0.991505 -0.077551 -0.104424 0.092800 -0.140773 0.985683
1.094472 0.306938 17.032951 -0.498138 -0.434406 0.890633 0.134402 0.891300 0.446573 -0.078464 0.129903 -0.085707 0.987815
1.615782 0.755037 -27.177739 68.242875 0.928385 -0.305371 -0.211779 0.316330 0.948457 0.019100 0.195031 -0.084724 0.977131
1.181918 -8.900002 -1.732952 107.064053 0.549980 -0.511124 0.660510 0.825034 0.209611 -0.524768 0.129772 0.833556 0.536977
-4.773423 -7.007885 -22.312260 20.152582 -0.444984 0.846045 0.293595 0.570021 0.014730 0.821498 -0.690699 -0.532909 0.488818
-6.031843 -6.969574 57.152290 19.571466 -0.157895 0.904475 0.396225 0.642129 -0.210783 0.737049 -0.750160 -0.370803 0.547508
-5.963364 -7.043601 33.643050 13.573595 -0.146310 0.843216 0.517281 0.536447 -0.371716 0.757662 -0.831154 -0.388348 0.397955
-5.609442 -6.985027 27.325997 -6.908000 -0.399250 0.904356 0.150794 0.644824 0.160053 0.747385 -0.651768 -0.395629 0.647052
0.410282 -8.912971 -23.894482 106.769401 0.518155 0.849754 0.097124 0.516363 -0.401329 0.756507 -0.681824 0.341836 0.646733
0.832360 -8.007180 7.836131 93.706694 0.541060 0.840878 -0.013377 0.593063 -0.370230 0.714986 -0.596264 0.394783 0.699011
0.780507 -7.251552 -21.745927 156.342847 0.543185 0.829173 0.131992 0.608894 -0.497265 0.618042 -0.578099 0.255342 0.774985
-1.410009 -9.003650 43.423934 61.342814 0.472468 0.867997 -0.152827 0.644398 -0.221914 0.731782 -0.601270 0.444225 0.664182
-0.078520 -8.306162 41.463101 74.404257 0.507520 0.848819 -0.148088 0.655381 -0.268710 0.705883 -0.559374 0.455304 0.692675
-0.542479 -9.017493 35.088597 7.024785 0.505520 0.852501 -0.133005 0.480454 -0.150090 0.864082 -0.716668 0.500714 0.485461
-0.177760 -7.466343 39.149291 90.568834 0.524440 0.842939 -0.120068 0.736809 -0.378624 0.560139 -0.426702 0.382227 0.819651
-1.992402 -9.433103 32.904217 -25.364470 0.429070 0.890757 -0.149837 0.436136 -0.059037 0.897942 -0.791003 0.450629 0.413822
-1.520896 -8.040984 54.359831 89.525160 0.494879 0.855135 -0.154397 0.759901 -0.339700 0.554216 -0.421481 0.391596 0.817928
-3.048987 -9.657852 36.211549 12.891468 0.388103 0.915078 -0.109578 0.573296 -0.146615 0.806124 -0.721601 0.375680 0.581513
-2.932832 -8.956245 50.119605 75.611674 0.433257 0.892929 -0.122337 0.737229 -0.273038 0.618016 -0.518442 0.357951 0.776588
0.348543 -5.640666 -8.224819 29.559079 -0.596244 0.717725 0.359672 0.013732 -0.438837 0.898462 -0.802686 -0.540641 -0.251798
-0.016108 -12.377990 -1.757575 135.051061 0.461462 -0.670132 -0.581357 0.661231 0.696687 -0.278210 0.591461 -0.256028 0.764607
0.210772 -14.639000 -1.101502 182.166177 0.496410 -0.652765 -0.572254 0.787240 0.616318 -0.020126 0.365828 -0.440510 0.819830
0.253834 -15.828011 6.574256 57.087718 0.510002 -0.631014 -0.584567 0.852564 0.461015 0.246170 0.114157 -0.623928 0.773099
0.530684 -17.394662 22.479759 222.072163 0.485794 -0.614417 -0.621688 0.812291 0.579999 0.061517 0.322781 -0.534877 0.780845
0.291377 -15.481739 20.927267 223.501300 0.468787 -0.643261 -0.605355 0.707009 0.684072 -0.179398 0.529506 -0.343892 0.775475
-1.341348 -11.881682 -23.059740 -238.227267 0.369834 -0.723088 -0.583409 0.722297 -0.171194 0.670060 -0.584388 -0.669205 0.458971
1.080435 -13.045517 -20.226122 -9.846287 -0.450307 0.863302 0.227890 -0.089993 -0.297816 0.950372 -0.888327 -0.407451 -0.211800
0.803675 -13.753451 -14.238286 5.066110 -0.411181 0.862902 0.293821 0.357894 -0.143626 0.922650 -0.838357 -0.484533 0.249772
0.584602 -12.693462 -12.694245 22.167067 -0.455393 0.843439 0.285005 0.368834 -0.112627 0.922646 -0.810295 -0.525286 0.259800
1.179483 -13.301982 -18.910627 -21.823996 -0.430390 0.867075 0.250890 0.130483 -0.215267 0.967799 -0.893162 -0.449267 0.020490
0.125932 -12.939204 0.903581 -16.941006 -0.575979 0.726450 0.374859 -0.619068 -0.687097 0.380333 -0.533858 0.012999 -0.845474
-0.030349 -12.055910 -8.454106 -31.719623 -0.574894 0.741978 0.344913 -0.685172 -0.666964 0.292744 -0.447254 0.068027 -0.891816
0.744963 -14.311783 15.484277 -296.589859 -0.275728 0.920700 0.276200 0.876218 0.358890 -0.321620 0.395241 -0.153331 0.905690
0.103561 -18.822114 17.381084 -319.894104 -0.337295 0.875772 0.345333 0.701965 0.478403 -0.527613 0.627277 -0.064450 0.776124
-0.473717 -20.512377 11.944541 -183.617138 -0.363148 0.865992 0.343776 0.394023 0.477085 -0.785580 0.844316 0.149827 0.514473
0.283220 -18.702553 4.615829 -259.103580 -0.347254 0.864423 0.363577 0.654390 0.501069 -0.566307 0.671706 -0.041269 0.739667
0.787966 -15.079776 4.264521 -244.132654 -0.329378 0.869663 0.367690 0.849200 0.443090 -0.287282 0.412759 -0.217618 0.884462
-0.832760 -22.649986 -9.367116 183.626805 -0.113544 0.981910 0.151529 -0.632273 0.046233 -0.773365 0.766380 0.183619 -0.615585
3.977277 -57.680534 -109.288647 -400.867797 -0.342852 0.937739 0.055655 0.469705 0.222437 -0.854341 0.813529 0.266772 0.516724
3.365131 -70.770129 -87.419323 117.996725 -0.472845 0.880774 0.025573 0.799539 0.441071 -0.407670 0.370345 0.172318 0.912771
13.694876 -168.611416 -6.402612 6036.287868 -0.427587 0.890396 -0.156092 0.554474 0.121955 -0.823217 0.713953 0.438545 0.545848
0.353713 -1.124710 -7.544871 130.462202 -0.520235 0.827874 0.209715 0.853567 0.496013 0.159355 0.027905 0.261908 -0.964689
0.172611 -2.799517 -4.145321 88.803119 -0.461031 0.860431 0.217045 0.887020 0.453853 0.084936 -0.025425 0.231681 -0.972459
0.319348 0.307559 41.718541 91.431581 0.182859 0.940199 0.287382 0.980962 -0.193927 0.010274 0.065391 0.280032 -0.957761
2.428517 0.604578 143.071888 -0.964568 0.948816 0.288340 0.128876 -0.312747 0.914648 0.256140 0.044021 0.283335 -0.958010
0.610243 -1.066035 -12.181442 118.741461 -0.632728 0.746987 0.204122 0.774318 0.607138 0.178368 0.009308 0.270913 -0.962559
-0.672063 -4.275802 11.561188 -154.593453 0.103676 0.991057 -0.084003 -0.947236 0.124141 0.295523 -0.303308 -0.048932 -0.951635
-1.685678 -5.947126 18.973580 -42.507328 0.184519 0.975768 -0.117596 -0.846947 0.218570 0.484674 -0.498632 -0.010166 -0.866754
-0.750198 -20.510078 -22.359133 427.903454 0.719123 0.186472 0.669396 0.569002 0.394941 -0.721289 0.398872 -0.899583 -0.177909
31.249115 -700.352912 3.383845 -47938.551781 0.304738 -0.404468 0.862288 -0.632302 0.591143 0.500744 -0.712270 -0.697822 -0.075602
-3.885909 -123.841228 2575.194862 3855.357432 0.676183 0.579838 0.454493 0.653500 -0.187221 -0.733407 0.340167 -0.792929 0.505520
-12.582793 -33.301907 391.151043 938.736941 -0.373690 0.181044 -0.909714 0.880235 0.378471 -0.286261 0.292475 -0.907735 -0.300792
22.242579 -349.227032 109.455257 13122.867922 0.030254 0.726375 -0.686632 -0.515903 -0.577025 -0.633156 0.856113 -0.373391 -0.357282
1.358156 -16.562928 29.664677 -391.746335 -0.077233 0.539004 -0.838755 0.734209 0.599897 0.317902 0.674517 -0.591269 -0.442073
0.137635 -61.267633 59.979694 -1971.041640 0.021205 0.591349 -0.806137 0.616915 0.626769 0.476000 0.786744 -0.507412 -0.351521
-5.903944 -7.682249 -24.994947 -42.734629 0.722348 -0.669236 -0.174176 -0.687850 -0.721290 -0.081265 0.071246 -0.178508 0.981356
-3.802061 -8.640593 64.342253 128.907713 0.748120 -0.578481 -0.325079 0.598739 0.799672 -0.045118 0.286057 -0.160883 0.944610
-2.294764 -7.738566 80.804067 133.768837 0.634569 -0.663095 -0.397022 0.629412 0.741498 -0.232427 0.448512 -0.102399 0.887891
2.251621 -8.030597 77.050418 -32.453020 -0.005402 0.923328 -0.383975 0.560123 -0.315298 -0.766061 0.828392 0.219212 0.515474
7.889685 -6.881157 236.205603 82.758688 0.040415 0.821835 -0.568291 0.303125 -0.552036 -0.776770 0.952094 0.140870 0.271429
-36.726438 -3617.702839 -943.428466 -274056.724909 0.136996 -0.066255 0.988353 0.843386 0.531122 -0.081298 -0.519549 0.844701 0.128640
0.226151 -3.315442 3.530946 4.450973 -0.271446 0.935316 0.226939 0.960716 0.249153 0.122263 0.057812 0.251212 -0.966204
0.197140 -3.337117 4.051822 16.959675 -0.251132 0.942456 0.220702 0.967951 0.244917 0.055550 -0.001700 0.227579 -0.973758
0.624326 -8.258407 15.499160 -0.160014 -0.491645 0.688124 0.533639 -0.083700 0.572638 -0.815525 0.866764 0.445614 0.223939
1.071968 -8.516389 -8.191187 43.668460 0.491377 -0.660883 -0.567258 0.083421 0.684031 -0.724667 0.866943 0.308764 0.391249
0.584507 -8.631080 11.386525 57.664210 -0.495262 0.686836 0.531951 0.030345 0.625625 -0.779533 0.868214 0.369931 0.330691
0.942869 -10.106691 -12.248726 64.585205 0.501680 -0.676120 -0.539611 0.232899 0.706324 -0.668480 0.833112 0.209688 0.511816
0.249643 -7.912575 20.838594 16.129501 -0.515580 0.694669 0.501610 -0.079381 0.544175 -0.835208 0.853156 0.470435 0.225422
0.086013 -8.865219 21.426292 37.277202 -0.512651 0.692174 0.508020 0.021617 0.601904 -0.798276 0.858325 0.398255 0.323530
0.221476 -12.448909 2.546645 111.820289 0.515456 -0.782432 -0.349436 0.665330 0.108436 0.738632 -0.540038 -0.613223 0.576469
-0.278052 -2.500293 -29.487129 31.708711 0.962683 -0.269705 -0.022373 -0.270523 -0.956674 -0.107667 -0.007635 -0.109701 0.993935
0.289563 -1.851812 -60.955123 5.045479 0.988277 0.140901 0.058791 0.149506 -0.971183 -0.185612 -0.030943 -0.192226 0.980863
-1.986222 -9.223360 -2.418342 -22.344156 -0.362530 0.862643 0.352732 0.923909 0.282978 0.257520 0.122332 0.419251 -0.899591
-1.769764 -9.627808 -13.342548 -12.007981 -0.354623 0.881942 0.310516 0.900547 0.232835 0.367156 0.251511 0.409836 -0.876799
-1.434003 -9.463735 -16.435079 -16.670493 -0.352470 0.892324 0.281999 0.900772 0.241799 0.360753 0.253721 0.381171 -0.889007
-0.349462 -14.696400 15.891934 -260.717163 0.660360 -0.743287 -0.107000 0.536541 0.367312 0.759740 0.525403 0.559112 -0.641362
-0.152103 -26.481622 -1.799880 584.982090 -0.653729 0.748130 0.113756 -0.387450 -0.201783 -0.899537 0.650016 0.632128 -0.421774
1.690952 -3.202556 -15.002291 -22.454229 0.843785 0.454256 0.285792 -0.506665 0.849845 0.145102 0.176965 0.267236 -0.947242
2.438816 -2.485638 50.921688 -79.218907 -0.884298 -0.406961 -0.228909 -0.427050 0.903152 0.044089 0.188798 0.136743 -0.972449
-6.488256 -136.044149 26.497495 4038.278526 0.503022 -0.803144 0.319262 0.864273 0.467973 -0.184482 -0.001240 0.368728 0.929537
-8.775298 -422.166843 114.245633 -15672.251789 -0.569524 0.688318 -0.449289 -0.000259 0.546447 0.837494 -0.821975 -0.477089 0.311037
-98.517985 -4840.518665 -2747.068983 174027.023051 0.672431 -0.603414 0.428635 0.470828 0.795557 0.381327 -0.571102 -0.054603 0.819061
0.080993 -10.457032 -0.995309 31.098563 -0.483138 0.841763 0.240858 0.866219 0.419507 0.271437 0.127444 0.339777 -0.931831
0.328366 -10.214464 -9.872100 -53.351185 -0.470413 0.848730 0.241599 0.837604 0.343282 0.424944 0.277726 0.402263 -0.872383
0.177043 -11.474589 -2.775562 -18.630471 -0.495598 0.836669 0.233169 0.839326 0.392287 0.376355 0.223415 0.382226 -0.896655
0.307694 -5.721262 1.702568 5.105088 -0.338930 0.910431 0.237154 0.871370 0.208730 0.444012 0.354741 0.357138 -0.864067
0.109127 -6.125084 6.451731 9.341299 -0.368169 0.897125 0.244170 0.892189 0.266992 0.364301 0.261632 0.351969 -0.898703
0.352150 -5.806528 5.893560 2.083531 -0.376912 0.896201 0.234011 0.903175 0.299560 0.307471 0.205456 0.327242 -0.922334
0.247069 -3.812626 32.904668 -14.114485 -0.310714 0.717384 0.623552 0.947847 0.282863 0.146882 -0.071009 0.636670 -0.767860
-0.524271 -3.974611 16.881341 -14.626184 -0.259551 0.739617 0.620968 0.964331 0.233086 0.125447 -0.051956 0.631378 -0.773733
0.217826 -3.375278 33.471975 -20.380844 -0.314750 0.714677 0.624635 0.935968 0.343090 0.079082 -0.157788 0.609529 -0.776902
-7.043903 -183.644184 -18.309322 -5481.727959 0.272004 -0.307663 0.911788 0.856041 -0.355439 -0.375308 0.439553 0.882614 0.166691
-0.303976 -505.701539 240.676291 20760.761763 -0.372184 0.150140 -0.915935 -0.412455 0.857287 0.308124 0.831481 0.492461 -0.257142
4.794655 -670.443420 -284.777408 20469.224588 -0.261739 0.027966 -0.964733 -0.600761 0.777601 0.185532 0.755367 0.628135 -0.186728
-2.387890 -5.940661 10.605243 63.983896 -0.646770 0.751377 -0.130845 -0.029745 0.146578 0.988752 -0.762105 -0.643387 0.072452
-1.170610 -4.159909 30.615948 137.638511 -0.624967 0.768397 -0.137774 0.136371 0.281234 0.949900 -0.768647 -0.574868 0.280549
-1.293464 -6.113013 33.523066 48.501115 -0.589233 0.806271 0.052264 0.072360 -0.011766 0.997309 -0.804716 -0.591430 0.051409
-0.007203 -8.886531 -8.960635 17.574960 0.501956 0.864199 0.034654 0.352621 -0.241071 0.904181 -0.789746 0.441639 0.425741
0.024047 -8.770578 25.544213 20.213344 0.536343 0.841086 -0.070075 0.430661 -0.201326 0.879772 -0.725856 0.502038 0.470203
0.482711 -8.305984 40.613240 73.453302 0.545052 0.830722 -0.113222 0.601028 -0.292999 0.743584 -0.584538 0.473341 0.658987
0.846496 -6.941763 34.262620 91.880184 0.564695 0.821104 -0.083113 0.699908 -0.423101 0.575426 -0.437319 0.383111 0.813620
0.728317 -5.725015 15.888109 -7.549757 -0.475250 0.821739 0.314457 0.861294 0.507514 -0.024532 -0.179750 0.259181 -0.948955
1.492362 -5.434996 19.990557 -8.479238 -0.477652 0.833995 0.276228 0.871220 0.490173 0.026565 -0.113245 0.253344 -0.960725
0.719488 -5.905872 21.118368 -3.787704 -0.452788 0.832397 0.319527 0.891316 0.431901 0.137904 -0.023213 0.347241 -0.937489
1.145561 -5.420003 17.073065 10.592226 -0.491283 0.819079 0.296227 -0.832634 -0.541474 0.116302 -0.255659 0.189511 -0.948010
0.312565 -6.021239 15.403964 -3.012435 -0.455378 0.827739 0.327841 0.886416 0.455883 0.080230 -0.083048 0.327138 -0.941320
0.144304 -6.080543 12.896041 -1.947411 -0.478436 0.814245 0.328792 0.849545 0.523940 -0.061323 -0.222200 0.249984 -0.942409
0.567981 -5.690629 12.235042 3.631226 -0.501743 0.805852 0.314414 -0.810038 -0.565233 0.156045 -0.303466 0.176392 -0.936373
0.169293 -5.045790 -1.294839 21.537193 -0.604088 0.696541 0.387180 0.028747 -0.466484 0.884062 -0.796399 -0.545182 -0.261774
0.239159 -4.855083 -0.767161 -9.405717 -0.602890 0.678466 0.419771 0.110402 -0.450136 0.886109 -0.790149 -0.580570 -0.196478
0.089587 -4.923349 2.645777 15.387005 -0.602534 0.693096 0.395690 0.045882 -0.464892 0.884178 -0.796773 -0.550902 -0.248312
-0.222624 -11.071866 -0.233399 118.831050 0.444645 -0.678731 -0.584478 0.635341 0.698956 -0.328331 0.631373 -0.225352 0.742014
-0.331775 -7.149374 26.747087 -124.351669 -0.412681 0.730457 0.544175 0.603612 -0.228108 0.763950 -0.682163 -0.643738 0.346777
-0.959528 -9.751399 -7.459650 -201.332254 0.307529 -0.679714 -0.665894 0.694203 -0.318344 0.645553 -0.650775 -0.660792 0.373959
-0.655400 -5.722419 -10.769760 -3.141223 -0.618900 0.763129 0.186003 -0.155524 -0.351174 0.923303 -0.769919 -0.542504 -0.336026
