17262
34507
-6.143261 -7.890540 16.492101 200.517547 -0.172386 0.978385 0.114214 -0.846305 -0.087779 -0.525417 0.504035 0.187235 -0.843144
-6.833401 -9.191168 85.105629 135.390278 -0.399142 0.916813 0.011840 -0.705016 -0.298627 -0.643252 0.586206 0.265096 -0.765563
-7.371634 -12.217515 -50.399911 427.193357 0.281604 0.863079 0.419279 -0.767022 0.465021 -0.442077 0.576521 0.197105 -0.792952
-4.577938 -7.140059 -6.376598 101.631780 -0.647160 0.738584 -0.188886 -0.582832 -0.639049 -0.501920 0.491417 0.214733 -0.844037
-4.959089 -10.052524 -147.173458 417.923282 0.211651 0.945794 0.246328 -0.849525 0.302647 -0.432102 0.483230 0.117807 -0.867531
-4.719952 -6.130215 -5.617628 111.547502 -0.320739 0.946869 -0.023769 -0.834460 -0.294357 -0.465865 0.448110 0.129587 -0.884536
10.004668 -10.550722 -77.608211 -71.066484 0.134784 0.971247 0.196245 -0.823781 -0.000227 0.566908 -0.550652 0.238073 -0.800065
10.847298 -11.555705 -96.295937 -77.152820 0.141767 0.960921 0.237766 -0.740685 -0.056379 0.669482 -0.656725 0.271020 -0.703747
9.355973 -11.155205 -92.779052 -151.977339 0.035099 0.991090 0.128485 -0.784608 -0.052302 0.617782 -0.618998 0.122494 -0.775781
8.482292 -9.671883 -49.243434 -6.838224 0.080424 0.992284 0.094361 -0.853927 0.019759 0.520017 -0.514141 0.122399 -0.848928
9.478018 -10.487447 -87.416825 41.884435 0.183290 0.968998 0.165672 -0.869394 0.081115 0.487416 -0.458867 0.233373 -0.857309
-7.554888 -9.261295 -31.314455 3.283776 0.499152 0.849807 0.169337 -0.530046 0.144847 0.835506 -0.685491 0.506801 -0.522738
-7.805446 -9.321723 -59.712376 -0.260382 0.498492 0.839216 0.217306 -0.444058 0.031907 0.895430 -0.744526 0.542861 -0.388566
-8.038680 -9.080464 -83.116464 -4.703193 0.514685 0.820182 0.249800 -0.543797 0.087027 0.834692 -0.662860 0.565444 -0.490804
4.654120 -9.174087 12.405031 226.468400 -0.300728 0.535299 -0.789315 0.055523 0.836049 0.545839 0.952092 0.120324 -0.281145
6.225661 -10.517957 -160.917143 165.070368 -0.251825 0.465264 -0.848595 0.173163 0.884365 0.433489 0.952155 -0.037782 -0.303271
3.791946 -8.872657 -150.066305 193.648575 -0.208027 0.471089 -0.857205 0.024926 0.878646 0.476823 0.977805 0.077825 -0.194525
2.950433 -6.160052 94.783787 163.282831 -0.358701 0.531846 -0.767121 -0.045897 0.810767 0.583567 0.932324 0.244535 -0.266412
3.902803 -9.675216 148.212444 272.099133 -0.391943 0.591221 -0.704868 0.099214 0.788864 0.606506 0.914624 0.167783 -0.367847
3.138770 -6.832169 -44.402639 144.590760 -0.245355 0.509335 -0.824851 -0.074476 0.838441 0.539880 0.966568 0.193894 -0.167782
0.059118 -7.214226 -49.745273 -8.880575 0.023001 0.975908 -0.216967 -0.881702 0.122101 0.455734 -0.471246 -0.180818 -0.863268
-0.262114 -7.169717 -51.364362 -2.922776 0.026545 0.977699 -0.208326 -0.911670 0.109164 0.396158 -0.410065 -0.179409 -0.894237
0.210942 -7.177779 -57.831429 -7.813985 0.016514 0.976004 -0.217125 -0.932404 0.093445 0.349129 -0.361041 -0.196683 -0.911573
0.261694 -7.147079 -25.461820 5.780557 0.026421 0.977304 -0.210189 -0.826379 0.139666 0.545519 -0.562494 -0.159282 -0.811314
-0.256311 -7.106236 -40.316594 -3.656309 0.019547 0.978305 -0.206245 -0.819795 0.133767 0.556814 -0.572323 -0.158195 -0.804625
0.370298 -7.239877 -29.444442 -11.878629 0.020943 0.977625 -0.209311 -0.900165 0.109538 0.421549 -0.435044 -0.179585 -0.882318
2.289000 -6.860549 -259.444286 78.258583 0.123251 -0.500768 -0.856762 0.777083 -0.488259 0.397171 -0.617212 -0.714727 0.328960
-1.887034 -7.895588 37.522163 46.017881 0.438034 -0.615770 -0.654945 0.605906 -0.335970 0.721111 -0.664081 -0.712707 0.225932
-0.698966 -7.068857 73.446480 43.536216 0.468293 -0.620319 -0.629210 0.645467 -0.246129 0.723044 -0.603385 -0.744731 0.285135
2.703181 -5.571316 -208.841482 104.332508 0.219029 -0.558111 -0.800336 0.809433 -0.354090 0.468442 -0.544834 -0.750421 0.374198
13.913332 -5.606536 -953.222012 97.823828 -0.057463 -0.460249 -0.885928 0.851572 -0.485764 0.197125 -0.521078 -0.743105 0.419849
14.232705 -6.826644 -949.633011 56.722166 -0.088746 -0.434974 -0.896059 0.805693 -0.560289 0.192185 -0.585647 -0.704893 0.400179
7.536745 -7.350611 600.053130 -49.115536 0.044913 0.428037 0.902645 -0.736159 0.624984 -0.259741 -0.675317 -0.652824 0.343173
-0.421279 -6.410580 14.124055 9.362553 -0.228047 0.967257 -0.111397 -0.952987 -0.198296 0.229115 -0.199524 -0.158409 -0.967004
-0.501363 -6.447049 18.077758 31.791890 -0.230545 0.967690 -0.102102 -0.956337 -0.205962 0.207362 -0.179633 -0.145450 -0.972922
-0.507145 -5.901530 18.219955 -23.173883 -0.255568 0.960921 -0.106375 0.960667 0.240043 -0.139638 -0.108646 -0.137878 -0.984472
-0.444561 -6.146236 5.807019 16.844920 -0.239886 0.963095 -0.122075 -0.956801 -0.213271 0.197605 -0.164277 -0.164204 -0.972651
-0.482075 -10.163696 -11.914812 76.920982 0.004180 0.991770 -0.127962 -0.828658 -0.068191 -0.555586 0.559740 -0.108359 -0.821553
-0.543502 -9.686785 -4.291890 38.915085 -0.034846 0.989226 -0.142192 -0.883737 -0.096939 -0.457833 0.466685 -0.109707 -0.877593
-0.675139 -9.961305 -3.877854 66.078054 -0.015022 0.992729 -0.119434 -0.832342 -0.078603 -0.548660 0.554059 -0.091168 -0.827471
-0.632960 -10.200803 -9.930320 17.285522 0.007654 0.993908 -0.109944 -0.717559 -0.071117 -0.692858 0.696456 -0.084194 -0.712643
1.870621 -10.573100 -50.372596 99.001483 -0.209893 0.969954 -0.123022 -0.869318 -0.127552 0.477511 -0.447472 -0.207172 -0.869970
1.273284 -9.989684 -49.521050 79.802766 -0.254737 0.958627 -0.127057 -0.820041 -0.144514 0.553759 -0.512487 -0.245255 -0.822926
0.938861 -9.746013 -31.923625 19.560789 -0.219166 0.967042 -0.129596 -0.898298 -0.148151 0.413657 -0.380824 -0.207075 -0.901162
1.349176 -9.932127 -35.064646 -34.564986 -0.180690 0.974640 -0.132017 -0.942957 -0.133507 0.304971 -0.279612 -0.179592 -0.943167
0.732171 -9.311179 -24.861817 -98.439783 -0.183216 0.973287 -0.138361 -0.963551 -0.149881 0.221599 -0.194942 -0.173918 -0.965272
-2.059863 -10.943165 25.731697 -1.898439 0.603384 0.789737 0.110652 -0.781323 0.613227 -0.116133 0.159569 0.016382 -0.987051
-2.353254 -11.769276 51.229086 71.205050 0.598542 0.793437 0.110478 0.799199 -0.600896 -0.014313 0.055030 0.096861 -0.993775
-1.887862 -11.708946 20.312139 -52.612087 0.613793 0.779739 0.123554 -0.783709 0.620675 -0.023708 0.095173 0.082279 -0.992055
-1.325058 -11.514488 33.391160 -20.143728 0.605385 0.782607 0.145035 -0.759940 0.622508 -0.187017 0.236646 -0.002999 -0.971591
-0.867514 -8.336877 -18.038620 -50.311927 -0.017689 0.998159 0.058020 0.895688 0.041608 -0.442733 0.444332 -0.044136 0.894774
-0.933650 -7.696673 -7.976377 -12.750749 -0.028763 0.997025 0.071513 0.937013 0.051809 -0.345431 0.348108 -0.057073 0.935715
-0.769742 -8.201466 -16.749201 -68.943033 -0.047031 0.995244 0.085304 0.896082 0.079772 -0.436662 0.441390 -0.055903 0.895572
-0.471196 -9.211120 -17.360918 -87.040003 -0.050695 0.995602 0.078780 0.831438 0.085774 -0.548956 0.553299 -0.037671 0.832130
-0.437094 -9.078961 -10.566344 -110.465129 -0.075103 0.991423 0.106961 0.860014 0.118690 -0.496275 0.504713 -0.054716 0.861551
-0.535487 -2.333917 -57.576378 96.946493 0.049283 0.830694 0.554543 -0.179218 0.553561 -0.813296 0.982574 0.059303 -0.176156
1.407716 -2.001660 171.401862 76.652450 -0.112044 -0.556489 -0.823265 -0.129375 0.829600 -0.543164 0.985245 0.045652 -0.164947
0.749114 -1.286148 69.971417 78.753446 -0.023429 0.953593 0.300186 -0.184095 0.291019 -0.938838 0.982629 0.077259 -0.168733
0.673407 -4.382848 258.935687 140.191784 -0.159603 -0.470218 -0.867999 -0.086326 0.882549 -0.462228 0.983400 0.001158 -0.181450
0.840675 -3.561154 139.734556 147.426991 -0.089460 0.995586 0.028365 -0.137924 0.015821 -0.990316 0.986394 0.092506 -0.135900
-2.187173 -3.723534 -131.717738 148.002107 0.081318 0.758020 0.647142 -0.151951 0.651131 -0.743599 0.985037 0.037866 -0.168130
9.238666 -8.496448 -166.060788 -60.026572 0.296527 0.807190 0.510408 -0.608656 0.571571 -0.550313 0.735942 0.147480 -0.660787
9.651914 -9.840758 -235.038041 29.469748 0.368422 0.794480 0.482769 -0.710447 0.575545 -0.404985 0.599608 0.193776 -0.776480
7.127015 -10.085686 -198.526109 -72.094587 0.363588 0.839151 0.404512 -0.668564 0.537441 -0.513984 0.648711 0.083563 -0.756433
7.348372 -8.510333 -240.158606 -140.468384 0.344695 0.840507 0.418011 -0.526426 0.541769 -0.655257 0.777213 -0.005812 -0.629210
4.762985 -9.389714 -107.279249 -140.627173 0.354495 0.866016 0.352632 -0.590043 0.499736 -0.634124 0.725385 -0.016725 -0.688140
61.405360 -13.616363 -4057.922125 -156.686731 0.036731 -0.975132 -0.218559 0.994348 0.057464 -0.089275 0.099614 -0.214045 0.971731
23.298834 -6.888876 1506.784799 -10.458657 -0.146429 0.960029 0.238543 0.961056 0.195194 -0.195628 0.234370 -0.200608 0.951224
41.034098 -8.175852 -2326.798017 -45.055408 0.156174 -0.945065 -0.287162 0.964072 0.209098 -0.163839 0.214883 -0.251257 0.943766
64.435845 -11.390697 -3584.399009 -45.947896 0.038829 -0.940801 -0.336727 0.995915 0.063929 -0.063774 0.081526 -0.332875 0.939440
0.044725 -15.993625 -11.386723 -83.317625 -0.588762 -0.803849 0.084769 0.797222 -0.560177 0.225032 -0.133406 0.200070 0.970657
0.757606 -15.976899 -48.331411 -33.561004 -0.619480 -0.780653 0.082618 0.776109 -0.593246 0.213810 -0.117898 0.196572 0.973375
0.010350 -15.318613 -20.582410 -149.800452 -0.609914 -0.788987 0.074193 0.741590 -0.535244 0.404424 -0.279374 0.301685 0.911557
-4.242414 -22.629667 -86.142376 -359.998731 -0.374139 0.918846 0.125468 0.611963 0.142965 0.777858 -0.696794 -0.367808 0.615788
-3.016588 -24.119597 -92.910336 -251.923977 -0.421640 0.891878 0.163626 0.679884 0.191553 0.707860 -0.599981 -0.409709 0.687139
-3.605218 -24.819773 -72.437196 -273.802686 -0.344979 0.925937 0.153723 0.806211 0.208450 0.553690 -0.480638 -0.314944 0.818411
-4.501575 -22.493852 -35.958672 -283.873131 -0.290457 0.948285 0.128023 0.754120 0.144495 0.640643 -0.589014 -0.282625 0.757091
-5.329818 -20.361309 -15.280089 -236.622985 -0.276586 0.956010 0.097702 0.571702 0.081971 0.816356 -0.772435 -0.281649 0.569225
-4.337415 -12.708700 -20.290803 -125.811542 0.189942 0.963151 0.190426 0.977825 -0.203007 0.051444 0.088206 0.176432 -0.980353
-4.573136 -12.170217 -5.751461 -107.986090 0.177277 0.948595 0.262185 0.983485 -0.180623 -0.011486 0.036461 0.259892 -0.964949
-4.617701 -13.558584 -9.624822 101.928549 0.168442 0.949133 0.266033 -0.957226 0.221918 -0.185661 0.235254 0.223381 -0.945916
-4.816293 -14.002727 -14.745434 38.588828 0.141608 0.926883 0.347614 -0.921399 0.251788 -0.296019 0.361900 0.278373 -0.889684
-4.584473 -14.349833 -12.749167 16.180452 0.175726 0.946347 0.271197 -0.875374 0.276245 -0.396749 0.450379 0.167680 -0.876951
-4.223181 -14.128772 -11.633346 95.950686 0.193142 0.960244 0.201563 -0.930533 0.244410 -0.272711 0.311133 0.134889 -0.940745
0.942545 -42.446710 127.608098 666.408355 -0.535368 0.837357 0.110519 0.843623 0.536491 0.021842 -0.041003 0.104930 -0.993634
1.254075 -36.448767 90.141195 -190.115198 -0.537112 0.841132 0.063298 -0.808979 -0.492420 -0.321055 0.238881 0.223650 -0.944943
-0.261099 -42.196814 134.236571 -478.522660 -0.539029 0.838466 0.080143 -0.798932 -0.478830 -0.363909 0.266750 0.260187 -0.927980
1.211885 -37.773677 -22.166517 -479.893517 -0.566116 0.823615 0.034223 -0.823587 -0.566878 0.018794 -0.034879 0.017546 -0.999237
101.005489 -369.157445 -5133.892443 -4279.873045 0.661674 -0.734313 0.151567 0.514881 0.298043 -0.803783 -0.545055 -0.609881 -0.575291
98.929658 -707.305875 5422.920370 218889.016745 -0.487934 0.832823 -0.261393 -0.828586 -0.536101 -0.161373 0.274528 -0.137847 -0.951647
440.021878 -201.599350 53946.992587 374386.386352 0.772007 -0.634385 -0.039504 0.423566 0.559802 -0.712189 -0.473917 -0.533082 -0.700875
2.820697 -4.355671 -103.894387 66.092251 0.180574 0.981177 -0.068447 -0.271301 0.116579 0.955408 -0.945404 0.153953 -0.287246
3.065575 -5.122633 -89.908272 45.052228 0.194086 0.979279 -0.057826 -0.354159 0.124919 0.926804 -0.914823 0.159400 -0.371066
3.749846 -4.471942 -27.737579 58.483231 0.241774 0.969617 -0.037262 -0.298606 0.110885 0.947913 -0.923244 0.218054 -0.316342
3.247691 -3.553090 -42.902797 69.444215 0.229246 0.970714 -0.071830 -0.216401 0.122776 0.968554 -0.949008 0.206494 -0.238209
2.497613 -3.565182 -98.567671 59.233765 0.168418 0.980961 -0.096704 -0.205971 0.130962 0.969755 -0.963956 0.143406 -0.224105
1.295516 -2.097214 -11.672716 106.916480 0.123019 0.961800 -0.244557 0.008124 0.245444 0.969377 -0.992371 0.121238 -0.022381
1.005977 -4.000909 -24.775983 49.963974 0.096213 0.988695 -0.114999 -0.059244 0.121019 0.990881 -0.993596 0.088523 -0.070218
0.917746 -3.845484 6.059180 30.789558 0.129812 0.986311 -0.101687 -0.098813 0.114913 0.988449 -0.986603 0.118264 -0.112378
0.849615 -5.055887 -21.859441 4.254118 0.082250 0.996600 0.004820 -0.170212 0.009282 0.985364 -0.981969 0.081867 -0.170397
1.127929 -1.992419 20.177259 91.423785 0.161069 0.954893 -0.249470 -0.014985 0.255108 0.966797 -0.986829 0.151982 -0.055399
0.768226 -3.433506 22.350086 30.788888 0.165359 0.975176 -0.147266 -0.096959 0.164673 0.981571 -0.981456 0.148033 -0.121783
0.694908 -4.181560 31.715088 15.835749 0.148349 0.988310 -0.035167 -0.171432 0.060722 0.983323 -0.973963 0.139846 -0.178436
0.779962 -4.576115 8.611035 13.376870 0.113172 0.993575 -0.000343 -0.182372 0.021113 0.983003 -0.976695 0.111186 -0.183589
-1.739932 -6.075720 34.539970 -3.781956 0.357229 0.918885 -0.167442 -0.559788 0.354137 0.749149 -0.747679 0.173886 -0.640889
-1.978360 -5.969736 30.622116 -8.674758 0.300758 0.942120 -0.148169 -0.586428 0.305210 0.750299 -0.752095 0.138768 -0.644280
-2.227781 -6.080825 34.378970 4.979047 0.320587 0.934468 -0.154901 -0.508309 0.307713 0.804323 -0.799279 0.179118 -0.573647
-1.718407 -5.886628 26.630550 -24.994015 0.306901 0.941509 -0.139185 -0.649709 0.314120 0.692247 -0.695478 0.122022 -0.708111
-1.969411 -6.061388 19.282204 9.032583 0.366116 0.911734 -0.186281 -0.459483 0.351191 0.815806 -0.809218 0.213087 -0.547503
-1.615711 -6.151496 -1.914173 -4.883763 0.387803 0.900151 -0.198335 -0.534086 0.394813 0.747579 -0.751240 0.183985 -0.633868
-1.436358 -5.921659 9.426132 -15.974161 0.372809 0.911015 -0.176251 -0.623644 0.386649 0.679389 -0.687081 0.143365 -0.712296
0.044621 -9.266156 12.932505 -64.489634 -0.281353 0.959287 0.024693 -0.170710 -0.075357 0.982436 -0.944298 -0.272196 -0.184961
0.003661 -9.374047 17.250618 -6.409187 -0.272593 0.961660 0.030034 -0.054952 -0.046727 0.997395 -0.960559 -0.270233 -0.065583
0.075198 -8.953601 24.551542 -63.389733 -0.262520 0.964899 0.007362 -0.192910 -0.059957 0.979383 -0.945447 -0.255687 -0.201879
0.209482 -8.561289 29.163973 -69.337811 -0.258140 0.965959 -0.016938 -0.323222 -0.069828 0.943743 -0.910435 -0.249093 -0.330245
-0.290184 -6.031794 34.860686 35.264821 -0.020526 0.998568 0.049399 -0.995006 -0.015576 -0.098589 0.097678 0.051176 -0.993901
-0.764889 -5.842397 32.654609 35.170364 -0.040616 0.998488 0.037049 -0.997741 -0.038544 -0.055025 0.053514 0.039200 -0.997797
-0.447819 -5.520050 31.827148 -27.444799 -0.050886 0.997570 0.047585 0.998702 0.050938 0.000116 -0.002308 0.047529 -0.998867
1.541526 -20.675136 -27.102023 38.160343 0.381789 0.912263 -0.148368 -0.819950 0.408393 0.401120 -0.426519 0.031489 -0.903930
2.444078 -20.476511 -28.579792 -297.304754 0.374205 0.917677 -0.133563 -0.921294 0.384315 0.059328 -0.105774 -0.100850 -0.989263
2.476374 -19.557681 -21.409829 29.383413 0.365681 0.925376 -0.099780 -0.876108 0.378421 0.298716 -0.314183 0.021817 -0.949112
3.165972 -20.775096 2.393569 459.434826 0.347634 0.935635 -0.061135 0.937558 -0.346059 0.035038 0.011627 -0.069498 -0.997514
1.950725 -22.061331 -40.715393 178.010934 0.358768 0.924777 -0.126778 -0.751101 0.366654 0.549010 -0.554196 0.101745 -0.826145
2.463645 -22.220604 -4.775091 327.428918 0.375873 0.922692 -0.085783 -0.721284 0.349426 0.598039 -0.581781 0.162913 -0.796863
2.456338 -19.505527 35.580174 13.270299 0.348720 0.937141 -0.012663 -0.894003 0.336663 0.295664 -0.281342 0.091783 -0.955208
2.937544 -15.930006 -10.730625 -213.912380 0.152603 0.986891 0.052519 -0.969234 0.159834 -0.187188 0.193128 0.022338 -0.980919
2.725854 -14.845237 -28.711980 -331.510892 0.155105 0.985353 0.070870 -0.978960 0.162934 -0.122841 0.132589 0.050326 -0.989893
2.198314 -20.218589 34.612023 551.406818 0.288764 0.955057 0.066937 0.956283 -0.291098 0.028007 0.046234 0.055923 -0.997364
1.613897 -41.627822 -6.449547 1339.424658 0.860247 -0.505828 -0.064129 -0.401147 -0.593793 -0.697489 -0.314730 -0.625738 0.713720
2.514597 -29.445677 -68.481292 1077.510881 0.876072 -0.481396 -0.027470 -0.286505 -0.473882 -0.832677 -0.387830 -0.737355 0.553078
1.569161 -31.595841 -83.991975 1155.551128 0.876919 -0.479310 -0.035693 -0.226455 -0.346522 -0.910297 -0.423946 -0.806340 0.412414
-0.551272 -6.761941 -84.536217 -119.477154 -0.044772 0.998951 -0.009656 0.922861 0.037657 -0.383289 0.382523 0.026071 0.923578
-0.963541 -9.456759 -217.260991 -264.122912 0.114409 0.992352 -0.046337 0.887269 -0.123051 -0.444536 0.446838 -0.009746 0.894562
-2.355189 -6.516673 -132.551535 -152.082949 -0.016905 0.999486 -0.027252 0.922000 0.005038 -0.387157 0.386820 0.031671 0.921611
-1.527157 -4.893574 -80.833200 -39.297174 -0.282772 0.955434 0.084771 0.901233 0.294901 -0.317510 0.328359 0.013385 0.944458
1.049885 -4.004882 54.627204 -13.385136 -0.000547 0.989860 0.142047 0.832603 0.079126 -0.548189 0.553870 -0.117969 0.824204
1.850295 -4.488469 78.062056 -21.914628 -0.020716 0.986163 0.164479 0.790957 0.116791 -0.600622 0.611521 -0.117654 0.782432
2.041047 -4.169021 69.135273 -7.602404 0.056392 0.990053 0.128896 0.838712 0.023063 -0.544087 0.541648 -0.138788 0.829069
-0.715907 -6.777876 -23.131679 -13.355588 -0.139630 0.988231 0.062472 0.985132 0.132261 0.109642 -0.100089 -0.076853 0.992006
-0.561577 -6.508191 1.712472 -72.351496 0.151168 -0.987656 -0.041043 0.987952 0.149560 0.039779 -0.033149 -0.046562 0.998365
-0.695049 -6.656732 -2.313649 -16.249075 -0.136959 0.989794 0.039370 0.987247 0.133135 0.087286 -0.081154 -0.050823 0.995405
-0.865340 -6.174865 -9.241869 -32.429766 0.146890 -0.988991 -0.017870 0.989149 0.146815 0.005403 -0.002720 -0.018470 0.999826
-0.851923 -6.798973 3.073989 37.883680 -0.122528 0.992123 0.026054 0.989750 0.120210 0.077098 -0.073358 -0.035234 0.996683
1.868404 -2.672483 78.094616 0.166480 0.042201 0.871568 -0.488454 0.375749 -0.466843 -0.800543 0.925760 0.149752 0.347193
1.164443 -3.463645 60.043498 25.668261 -0.034246 0.934222 -0.355044 0.407418 -0.311343 -0.858531 0.912600 0.174052 0.369956
1.486592 -3.381022 74.842250 -17.458038 0.040212 0.839880 -0.541281 0.350604 -0.519136 -0.779471 0.935660 0.158431 0.315341
-0.439007 -6.615840 -39.947098 -46.568518 -0.080939 0.980776 0.177561 0.973921 0.039939 0.223343 -0.211958 -0.191008 0.958431
-0.477852 -6.087875 -23.947476 25.018676 -0.103939 0.981518 0.160686 0.967544 0.062369 0.244883 -0.230335 -0.180923 0.956144
-0.214013 -5.941720 -33.585718 16.018235 -0.091515 0.979335 0.180353 0.951758 0.032752 0.305098 -0.292886 -0.199574 0.935087
0.019272 -5.978075 -24.726210 19.467373 -0.061470 0.981485 0.181409 0.932136 -0.008531 0.362009 -0.356854 -0.191350 0.914353
-0.093707 -6.366969 -22.242810 -22.543549 -0.066773 0.981856 0.177484 0.965616 0.018799 0.259291 -0.251250 -0.188695 0.949351
-0.213972 -6.148268 -23.283309 8.042467 -0.072653 0.981671 0.176195 0.913056 -0.005619 0.407796 -0.401311 -0.190503 0.895912
-0.623434 -18.676903 4.139447 -17.182871 0.393442 0.910974 0.123811 0.431908 -0.064269 -0.899625 0.811578 -0.407425 0.418744
-0.837467 -19.221875 23.488570 -377.989187 0.393986 0.912008 0.114094 0.637969 -0.181994 -0.748247 0.661643 -0.367587 0.653536
-0.992278 -18.909720 -16.256496 -150.633717 0.401833 0.903809 0.147176 0.524790 -0.095584 -0.845848 0.750417 -0.417126 0.512718
-0.379156 -19.300949 61.453986 -169.488333 0.358402 0.931188 0.066613 0.512147 -0.136457 -0.847989 0.780547 -0.338036 0.525812
-0.726474 -19.842834 -15.085356 209.310071 0.412746 0.901292 0.131584 0.234971 0.034215 -0.971400 0.880017 -0.431860 0.197655
-0.272149 -19.563487 63.481280 190.302708 0.355090 0.928933 0.104857 0.277037 0.002562 -0.960856 0.892839 -0.370240 0.256439
0.835840 -6.015646 52.886839 -4.141558 -0.012917 0.938345 -0.345460 -0.174529 -0.342301 -0.923239 0.984567 -0.048368 -0.168190
1.993967 -6.242330 81.517459 -35.162967 -0.008899 0.904868 -0.425599 -0.162944 -0.421239 -0.892192 0.986595 -0.061409 -0.151192
0.903269 -6.133557 66.378362 3.935592 -0.016171 0.923943 -0.382188 -0.097287 -0.381879 -0.919078 0.995125 -0.022319 -0.096064
0.091648 -6.364193 32.222599 17.037830 -0.008651 0.951353 -0.307980 -0.070052 -0.307812 -0.948865 0.997506 -0.013366 -0.069307
0.176909 -6.535038 42.674563 46.646094 -0.011014 0.935494 -0.353171 -0.009847 -0.353276 -0.935467 0.999891 0.006826 -0.013102
5.712228 -8.210425 -274.930581 -113.490710 0.385397 0.903484 -0.187580 0.518975 -0.380315 -0.765523 0.762977 -0.197681 0.615457
2.221484 -8.385584 -88.517978 -25.366246 0.402396 0.892866 -0.202157 0.525600 -0.406129 -0.747532 0.749548 -0.194550 0.632715
4.520546 -7.949963 -257.794176 -11.755069 0.408289 0.893479 -0.187069 0.590649 -0.414820 -0.692140 0.696013 -0.172101 0.697099
-0.403907 -8.353464 -19.650663 -127.617137 0.384927 0.922947 0.000200 -0.423353 0.176757 -0.888555 0.820124 -0.341944 -0.458771
-0.149823 -10.533732 -30.139437 -306.974403 0.381314 0.923907 -0.031550 -0.485996 0.171314 -0.857006 0.786389 -0.342121 -0.514340
-0.348253 -10.669510 -39.011655 -321.025554 0.380178 0.924449 -0.029313 -0.500065 0.178783 -0.847332 0.778075 -0.336795 -0.530254
-0.240171 -8.068776 -9.403828 -39.153560 0.401687 0.914857 0.041046 -0.396921 0.214318 -0.892480 0.825289 -0.342205 -0.449215
-0.580531 -8.456325 -13.322306 193.693777 0.430703 0.894242 0.121760 -0.336874 0.284462 -0.897551 0.837264 -0.345560 -0.423766
-0.664712 -10.268904 -10.645871 24.766254 -0.164167 0.984570 -0.060596 0.038414 0.067764 0.996962 -0.985684 -0.161341 0.048946
-0.627773 -9.637552 -16.266077 7.885833 -0.152490 0.987939 -0.026911 0.102113 0.042833 0.993850 -0.983016 -0.148804 0.107413
-0.691482 -10.018939 -16.232614 13.745871 -0.151757 0.985742 -0.072677 -0.035188 0.068095 0.997058 -0.987791 -0.153867 -0.024352
-0.481464 -23.888946 -1.485022 -261.714877 -0.217652 0.899256 -0.379429 -0.871263 -0.354226 -0.339743 0.439919 -0.256637 -0.860586
-0.220294 -23.380319 -13.123138 -226.937881 -0.235693 0.892732 -0.384030 -0.896256 -0.352452 -0.269262 0.375730 -0.280726 -0.883187
-0.646812 -24.889474 -13.856063 62.952805 -0.242246 0.888955 -0.388685 0.963530 0.267374 0.010991 0.113694 -0.371848 -0.921305
-0.954666 -24.580260 13.061519 202.965051 -0.214587 0.903945 -0.369913 0.953943 0.275262 0.119266 0.209633 -0.327283 -0.921379
-1.677276 -25.363473 3.254590 84.381866 0.254017 0.960307 -0.115265 -0.226321 -0.056850 -0.972392 0.940348 -0.273091 -0.202897
-1.685576 -24.712289 24.334986 -74.129134 0.225473 0.966499 -0.122644 -0.058473 -0.112233 -0.991960 0.972493 -0.230832 -0.031209
-2.128949 -24.974292 37.559088 -193.796588 0.236223 0.964013 -0.121972 0.088448 -0.146336 -0.985273 0.967665 -0.221956 0.119833
-1.753062 -22.523728 55.075754 -348.917106 0.212902 0.964366 -0.157071 0.423870 -0.236001 -0.874436 0.880345 -0.119592 0.459011
-2.004764 -21.874857 55.110734 -212.773913 0.235345 0.958531 -0.160722 0.307205 -0.230253 -0.923368 0.922083 -0.167935 0.348655
20.052435 -122.435216 320.679485 -6330.357783 0.437855 0.729396 -0.525609 0.869265 -0.194239 0.454587 0.229480 -0.655937 -0.719087
14.418411 -77.345636 -1265.208461 -4787.498366 0.449097 0.676975 -0.583110 0.887256 -0.414815 0.201755 -0.105300 -0.607975 -0.786942
-33.652882 -36.962657 -2878.919047 -837.165793 0.304860 0.692180 -0.654177 0.952209 -0.235178 0.194909 -0.018936 -0.682333 -0.730797
-7.560465 -62.689151 1050.480067 -313.792646 0.983648 0.173270 -0.049136 -0.134928 0.528260 -0.838293 0.119294 -0.831215 -0.543001
-16.916675 -64.389603 381.300583 -2579.117649 0.963796 -0.200595 0.175666 0.265698 0.777834 -0.569542 0.022392 -0.595597 -0.802971
-10.289273 -43.113635 -76.900245 -3100.453305 0.815978 -0.500799 0.288755 0.570861 0.619352 -0.539000 -0.091090 -0.604651 -0.791265
0.460082 -5.982978 52.243774 -74.231808 0.143407 0.988935 -0.037966 0.609288 -0.118454 -0.784051 0.779873 -0.089306 0.619534
0.438466 -6.664192 41.492584 -42.183575 0.154521 0.986527 -0.053731 0.532102 -0.128920 -0.836808 0.832461 -0.100714 0.544854
0.894877 -5.714610 -2.567519 -67.020431 0.149401 0.988768 -0.004183 0.618839 -0.096803 -0.779530 0.771179 -0.113874 0.626351
0.865678 -4.936963 53.885579 -90.970520 0.127407 0.991698 -0.017415 0.679145 -0.100022 -0.727157 0.722862 -0.080818 0.686250
1.249781 -4.575893 0.407819 -82.762942 0.140642 0.989929 0.016138 0.688455 -0.086071 -0.720153 0.711512 -0.112394 0.693627
3.188853 -1.869876 153.459393 -1.294672 0.008221 0.276877 -0.960870 -0.086994 0.957457 0.275149 0.996175 0.081328 0.031958
0.894867 -2.927764 112.689851 -25.612883 -0.052201 0.536790 -0.842100 -0.120046 0.833761 0.538916 0.991395 0.129223 0.020916
1.701183 -2.641548 188.741169 -12.240826 -0.051816 0.350290 -0.935207 -0.073271 0.932608 0.353376 0.995965 0.086834 -0.022658
-0.377414 -11.263851 7.527535 66.660803 0.110554 0.992027 0.060506 -0.434686 0.103010 -0.894671 0.893771 -0.072609 -0.442608
-0.346257 -12.124419 -1.941479 3.426944 0.126408 0.988214 0.086334 -0.255115 0.116491 -0.959868 0.958612 -0.099310 -0.266834
-0.374118 -12.517267 16.209050 17.407700 0.113529 0.990438 0.078379 -0.277259 0.107338 -0.954781 0.954064 -0.086664 -0.286794
-0.364415 -10.489237 17.864276 143.625701 0.095202 0.994473 0.044261 -0.582916 0.091735 -0.807338 0.806936 -0.051060 -0.588428
-0.087934 -9.979587 22.897853 121.499590 0.079908 0.996354 0.029887 -0.568724 0.070195 -0.819528 0.818638 -0.048489 -0.572260
-47.861754 -284.154495 -4609.782798 -61896.632963 0.884520 -0.466501 0.001275 -0.460587 -0.872864 0.161145 0.074062 0.143123 0.986930
40.088039 -77.464700 889.192175 -973.332545 0.962299 -0.267669 0.048310 -0.192007 -0.542709 0.817680 0.192650 0.796128 0.573643
232.443942 -746.374927 -4317.560682 236466.173950 0.929653 -0.213463 0.300298 0.222900 0.974837 0.002906 -0.293362 0.064235 0.953841
-11.085086 -225.986259 -840.757214 -12582.062393 0.910442 0.104700 0.400166 0.379853 -0.594566 -0.708663 -0.163728 -0.797201 0.581088
193.792505 -64.143628 11315.863998 -4591.026508 0.518904 -0.472564 -0.712335 0.834475 0.099253 0.542033 -0.185444 -0.875689 0.445846
-16.609301 -528.509376 1159.636192 -37106.236928 0.337473 0.117617 -0.933958 0.246455 0.946515 0.208251 0.908500 -0.300458 0.290436
-2.788880 -105.470862 8.553562 -4863.855553 0.847924 -0.099183 0.520756 -0.309285 -0.890381 0.334013 -0.430543 0.444280 0.785651
-0.805975 -54.925128 -32.979007 2343.425191 0.806428 -0.201439 0.555964 0.386364 0.891243 -0.237504 -0.447657 0.406335 0.796552
-2.633995 -306.722147 -240.947168 20511.684537 0.806308 -0.199749 0.556748 0.138671 0.978857 0.150364 -0.575011 -0.044035 0.816960
1.069134 -245.054811 -98.964906 14386.241015 0.805900 -0.134248 0.576631 0.077719 0.989513 0.121753 -0.586929 -0.053305 0.807882
-2.709371 -105.287159 -150.697471 3997.631881 0.805992 -0.177801 0.564592 0.050302 0.970944 0.233960 -0.589786 -0.160169 0.791517
-0.344997 -182.713688 -89.197430 11565.970855 0.820873 -0.236281 0.519942 0.221752 -0.707108 -0.671434 -0.526302 -0.666460 0.528050
4.743827 -234.587184 91.631751 13163.979034 0.847954 -0.297092 0.438988 0.145004 -0.666569 -0.731204 -0.509851 -0.683682 0.522140
2.451655 -8.345919 -22.668502 -98.290060 0.930870 -0.112961 0.347450 0.362162 0.159913 -0.918295 -0.048170 -0.980646 -0.189769
2.111650 -17.122474 -35.672294 689.119199 0.845116 -0.111175 0.522895 0.531567 0.071018 -0.844034 -0.056700 -0.991260 -0.119115
2.627493 -10.907834 14.636394 -61.666818 0.898127 -0.063671 0.435103 0.439453 0.165528 -0.882883 0.015808 -0.984148 -0.176646
3.346769 -12.647586 4.623606 -361.265381 0.943807 -0.090263 0.317931 0.330369 0.284390 -0.899988 0.009181 -0.954450 -0.298230
2.927012 -9.320738 -42.618398 -320.283228 0.963954 -0.144185 0.223616 0.252317 0.228664 -0.940239 -0.084435 -0.962769 -0.256801
1.619869 -10.918654 -15.225276 -0.226138 0.070356 0.985578 0.153900 0.563326 0.088070 -0.821528 0.823234 -0.144496 0.549006
1.317248 -10.648795 -13.532059 13.747490 0.085108 0.982556 0.165352 0.596766 0.082627 -0.798150 0.797889 -0.166605 0.579324
1.492199 -11.151367 -16.502367 72.106815 0.057734 0.982626 0.176386 0.670828 0.092666 -0.735801 0.739363 -0.160806 0.653823
1.583757 -11.773101 -4.449693 23.425604 0.032615 0.987545 0.153917 0.639778 0.097685 -0.762326 0.767867 -0.123336 0.628624
-9.302635 -13.137670 34.763222 332.863312 0.196517 0.834332 0.515044 -0.706629 0.484677 -0.515523 0.679747 0.262636 -0.684811
-7.620345 -11.072169 127.914477 108.419316 -0.323877 0.937565 0.126791 -0.639582 -0.118219 -0.759578 0.697165 0.327103 -0.637938
-5.785303 -9.815900 -31.425736 111.228462 -0.516957 0.854706 -0.047258 -0.578106 -0.389308 -0.717100 0.631308 0.343390 -0.695366
-5.311485 -8.092363 -19.764360 98.685621 -0.667496 0.725306 -0.168463 -0.520397 -0.616222 -0.591149 0.532575 0.306922 -0.788773
11.191645 -11.224686 -83.041264 24.401022 0.182033 0.940695 0.286281 -0.610748 -0.120006 0.782678 -0.770617 0.317319 -0.552682
10.082740 -12.178133 -113.480059 -118.238130 0.059608 0.983201 0.172517 -0.650819 -0.092764 0.753544 -0.756889 0.157194 -0.634357
4.973708 -9.249080 -239.386630 -101.675938 -0.212920 0.337264 -0.917016 0.312856 0.912657 0.263019 0.925627 -0.230892 -0.299838
3.107349 -9.224657 -246.747780 95.011821 -0.190579 0.361802 -0.912567 0.122894 0.931085 0.343479 0.973949 -0.046689 -0.221909
-0.296973 -7.119273 -61.775029 6.856712 0.009582 0.978162 -0.207625 -0.948682 0.074526 0.307326 -0.316088 -0.194026 -0.928678
-2.259604 -8.593831 85.363249 -40.082568 0.532939 -0.649100 -0.542812 -0.481203 0.295171 -0.825419 -0.696002 -0.701101 0.155041
-3.000563 -8.633096 -5.091883 29.695524 -0.414740 0.623752 0.662513 0.527208 -0.428708 0.733663 -0.741649 -0.653562 0.151045
-3.201682 -8.737298 -44.742784 36.431007 -0.485796 0.649035 0.585453 0.426999 -0.408217 0.806865 -0.762676 -0.641960 0.078827
-3.631535 -8.779133 16.061658 3.486930 -0.399782 0.630515 0.665301 0.414686 -0.522886 0.744732 -0.817441 -0.573622 0.052426
-2.265104 -8.578847 81.771776 18.696931 -0.285329 0.563393 0.775355 -0.520166 0.588445 -0.618999 -0.804993 -0.579932 0.125157
-0.429508 -9.982880 -6.343107 41.181990 -0.022913 0.988908 -0.146755 -0.874218 -0.091032 -0.476924 0.484993 -0.117367 -0.866606
-0.384720 -8.786484 -2.175932 32.065144 -0.047483 0.986579 -0.156228 -0.928750 -0.101174 -0.356634 0.367654 -0.128162 -0.921089
1.994694 -10.639497 -55.534226 39.960930 -0.237354 0.964579 -0.115114 -0.801126 -0.127343 0.584791 -0.549418 -0.231023 -0.802975
1.619590 -10.187625 -54.184225 -34.553453 -0.273351 0.955357 -0.112128 -0.756361 -0.141453 0.638677 -0.594304 -0.259393 -0.761261
2.588236 -10.777252 -69.250807 -71.192184 -0.241879 0.965134 -0.100051 -0.738176 -0.116110 0.664541 -0.629754 -0.234593 -0.740524
2.991974 -11.081694 -55.147974 50.212012 -0.187024 0.978040 -0.091979 -0.805999 -0.099248 0.583536 -0.561593 -0.183270 -0.806861
-2.514424 -12.066969 43.987665 53.641530 0.593380 0.798384 0.102388 0.800374 -0.571732 -0.180344 -0.085446 0.188961 -0.978260
-2.500359 -11.577510 24.098166 82.394083 0.581981 0.809873 0.073508 0.813089 -0.581028 -0.035954 0.013592 0.080693 -0.996646
-2.621939 -12.049574 -11.269020 -55.752513 0.571877 0.819847 0.028416 -0.810905 0.559722 0.170718 -0.124058 0.120672 -0.984910
-2.661200 -12.674362 12.349551 -27.226968 0.584958 0.809285 0.053682 -0.773268 0.536507 0.337958 -0.244704 0.239202 -0.939629
-2.661410 -11.985272 -24.797460 -35.846219 0.540989 0.840966 -0.010309 -0.830355 0.536030 0.152257 -0.133569 0.073810 -0.988287
-2.900948 -12.551357 -25.804190 -22.276995 0.536761 0.843719 -0.005087 -0.796123 0.508459 0.328113 -0.279422 0.172068 -0.944625
-0.901001 -7.675763 -10.055177 26.476583 0.005822 0.996502 0.083362 0.961720 0.017260 -0.273489 0.273971 -0.081763 0.958256
-0.681888 -8.461192 -7.549777 77.719953 0.037838 0.996735 0.071329 0.988155 -0.026698 -0.151116 0.148719 -0.076202 0.985939
-0.680298 -7.213813 -23.096874 108.299624 0.041191 0.994206 0.099284 0.968206 -0.015179 -0.249692 0.246739 -0.106413 0.963222
-1.022874 -6.749892 -4.584335 -9.776751 -0.040231 0.990628 0.130527 0.940903 0.081524 -0.328717 0.336277 -0.109589 0.935365
1.932483 -0.530234 -74.856532 36.660143 0.054264 0.739770 0.670668 -0.175838 0.668241 -0.722866 0.982922 0.078703 -0.166341
2.591646 -3.710325 88.224494 109.963142 -0.065908 -0.475401 -0.877297 -0.088022 0.878551 -0.469468 0.993936 0.046280 -0.099749
0.059252 -4.760879 28.184396 27.878484 -0.068157 0.996376 0.050885 -0.996102 -0.070824 0.052582 -0.055995 0.047103 -0.997319
0.147943 -4.209146 48.221809 36.974209 -0.108713 0.991927 0.065284 -0.983390 -0.116915 0.138838 -0.145350 0.049106 -0.988161
0.382513 -4.428251 18.543670 37.436414 -0.095860 0.994204 0.048676 -0.990004 -0.100310 0.099145 -0.103453 0.038686 -0.993882
-0.315802 -4.651932 50.032241 31.733172 -0.105851 0.992089 0.067489 -0.988506 -0.112351 0.101159 -0.107941 0.056005 -0.992579
0.189001 -5.050345 7.919547 -27.955230 -0.072316 0.996505 0.041816 0.997378 0.072371 0.000186 -0.002841 0.041720 -0.999125
-0.112918 -5.562381 13.998946 -31.948146 -0.019245 0.998859 0.043719 0.999026 0.017474 0.040516 0.039706 0.044456 -0.998222
6.810255 -7.045919 -424.501682 -29.195291 -0.001494 -0.982204 -0.187810 0.990029 0.025002 -0.138629 0.140858 -0.186145 0.972373
0.989955 -13.524238 89.570638 -60.240116 0.684851 0.727199 -0.046494 0.564843 -0.489473 0.664355 -0.460360 0.481246 0.745969
-0.361078 -13.073013 42.403496 -48.905533 0.642604 0.762386 -0.076339 0.587178 -0.426003 0.688290 -0.492222 0.487123 0.721407
0.331598 -14.463657 -49.699398 -172.038571 -0.640918 -0.763851 0.075870 0.667475 -0.505770 0.546511 -0.379080 0.400910 0.834008
1.668846 -14.816625 104.273466 -206.183122 0.677456 0.733987 -0.048130 0.634067 -0.549558 0.544008 -0.372845 0.399059 0.837699
-1.920554 -27.031655 -73.607201 -78.128440 -0.449339 0.873035 0.189482 0.787988 0.287389 0.544502 -0.420914 -0.393976 0.817077
-2.577738 -25.406417 -62.151663 -127.622318 -0.388594 0.906448 0.165369 0.840118 0.274850 0.467609 -0.378412 -0.320639 0.868329
-1.422866 -19.393999 2.374838 -327.735927 -0.422547 0.905816 0.030837 0.236484 0.143033 -0.961050 0.874945 0.398797 0.274649
-1.378868 -19.368527 -28.662152 -278.611984 -0.406439 0.911566 0.062086 0.298723 0.196793 -0.933829 0.863465 0.360998 0.352290
-1.429759 -23.238172 -7.770023 -316.512783 -0.404942 0.913376 0.042032 0.045876 0.066207 -0.996751 0.913191 0.401698 0.068712
-1.439354 -25.058451 -3.382467 -480.780613 -0.422705 0.905265 0.042609 0.045605 0.068204 -0.996628 0.905119 0.419336 0.070115
-1.310871 -19.057478 28.029288 -430.355266 -0.459436 0.888078 0.015354 0.330662 0.187057 -0.925026 0.824367 0.419913 0.379595
-4.307487 -11.098643 -21.305992 -89.691726 0.202562 0.961636 0.185002 0.975814 -0.182356 -0.120550 -0.082189 0.204946 -0.975316
1.143264 -40.005847 43.863103 -612.337687 -0.489930 0.869509 0.062629 0.015160 0.080329 -0.996653 0.871630 0.487341 0.052537
0.351926 -43.618165 54.811672 339.836696 -0.516317 0.853605 0.069108 -0.268339 -0.084620 -0.959601 0.813272 0.514003 -0.272746
1.050222 -38.131203 14.475160 -163.207643 -0.470181 0.881411 0.045214 -0.324864 -0.125208 -0.937436 0.820606 0.455453 -0.345209
0.662816 -41.976305 11.989675 715.948554 -0.480724 0.875634 0.046578 -0.573011 -0.273488 -0.772569 0.663749 0.398082 -0.633221
0.985101 -32.588202 -30.787429 25.216194 -0.450276 0.892858 0.007528 -0.460582 -0.225036 -0.858617 0.764929 0.390082 -0.512563
1.048185 -31.940457 -17.747895 -118.468243 -0.455307 0.888840 0.051569 -0.204739 -0.048156 -0.977631 0.866474 0.455680 -0.203906
3.505170 -5.746055 -93.418246 26.342380 0.207922 0.977009 -0.047131 -0.445748 0.137532 0.884530 -0.870676 0.162905 -0.464096
2.063187 -5.547638 -114.223139 31.639883 0.162735 0.984391 -0.067023 -0.407503 0.128920 0.904058 -0.898587 0.119809 -0.422122
0.734379 -5.783792 -92.376458 25.684235 0.138283 0.989197 -0.048648 -0.456218 0.107220 0.883385 -0.879058 0.099963 -0.466117
2.509678 -6.094357 -127.808211 27.877869 0.167223 0.983238 -0.072664 -0.504399 0.148645 0.850580 -0.847123 0.105585 -0.520801
1.329761 -1.661333 -37.294146 167.471821 0.096809 0.955944 -0.277126 0.040715 0.274397 0.960754 -0.994470 0.104292 0.012357
0.931567 -2.718130 -32.196984 168.731474 0.083836 0.977995 -0.191045 0.025678 0.189536 0.981538 -0.996149 0.087194 0.009223
-2.429795 -6.015348 21.468663 -3.828005 0.240874 0.963133 -0.119813 -0.574514 0.240990 0.782213 -0.782249 0.119581 -0.611381
-2.125231 -5.853638 19.147028 -15.528069 0.234292 0.965507 -0.113593 -0.653859 0.242969 0.716544 -0.719428 0.093607 -0.688231
-0.627641 -6.010394 30.115150 -12.250816 -0.067021 0.997331 0.028979 -0.979888 -0.060322 -0.190215 0.187959 0.041145 -0.981315
-1.198918 -6.190513 32.540214 47.468624 -0.057558 0.998101 0.021951 -0.995601 -0.055758 -0.075295 0.073928 0.026189 -0.996920
1.420034 -20.382682 -45.132680 -201.614047 0.403766 0.895199 -0.188657 -0.889904 0.432148 0.146006 -0.212232 -0.108934 -0.971129
2.347490 -20.340485 -68.080310 186.728156 0.402939 0.894272 -0.194728 0.915114 -0.390328 0.101044 0.014353 -0.218913 -0.975639
3.286685 -20.200947 -34.745833 224.272768 0.377736 0.916328 -0.132887 0.918616 -0.352897 0.177788 0.116017 -0.189229 -0.975055
4.911646 -12.162530 -39.684661 -38.886080 -0.035754 0.995184 0.091272 -0.969470 -0.012370 -0.244900 0.242591 0.097242 -0.965243
3.257414 -10.477082 -18.042579 34.073034 0.045806 0.989987 0.133523 0.997102 -0.053438 0.054140 0.060733 0.130656 -0.989566
2.264588 -26.232270 0.154211 872.167800 0.902452 -0.423076 -0.081156 -0.287551 -0.451322 -0.844762 -0.320771 -0.785694 0.528953
2.223926 -19.282605 -69.337845 747.556458 0.898876 -0.438200 -0.001899 -0.148993 -0.301547 -0.941738 -0.412097 -0.846788 0.336342
0.217708 -10.164682 -48.567720 -155.288500 0.043984 0.998645 -0.027827 0.847838 -0.052046 -0.527695 0.528428 0.000383 0.848978
1.252810 -5.322346 6.282216 43.110857 0.012182 -0.989690 -0.142709 0.998987 0.018228 -0.041137 0.043314 -0.142063 0.988910
0.943386 -5.269720 20.741038 32.973457 0.018081 -0.988066 -0.152968 0.999836 0.017922 0.002413 0.000358 -0.152986 0.988228
1.150382 -5.875584 9.770855 23.308563 0.046005 -0.988850 -0.141634 0.996578 0.035686 0.074554 -0.068669 -0.144579 0.987108
1.057611 -4.900875 24.508292 42.204244 -0.025997 -0.987696 -0.154210 0.995312 -0.011199 -0.096061 0.093152 -0.155984 0.983357
1.247710 -5.686066 -3.072823 27.851786 0.028915 -0.992365 -0.119899 0.999574 0.029196 -0.000588 0.004084 -0.119831 0.992786
1.366061 -5.239695 -10.081926 35.567345 -0.004865 -0.992753 -0.120077 0.994379 0.007898 -0.105586 0.105769 -0.119915 0.987134
1.307270 -4.962216 5.263109 33.696340 -0.028617 -0.989548 -0.141335 0.992365 -0.011155 -0.122830 0.119969 -0.143771 0.982312
-1.710152 -9.538777 -48.804584 -72.850107 -0.175313 0.980278 0.091215 0.783685 0.082872 0.615606 -0.595906 -0.179408 0.782757
-0.644136 -8.520583 -38.046853 -41.465531 -0.059873 0.979482 0.192432 0.777219 -0.075225 0.624718 -0.626376 -0.186965 0.756768
-1.384663 -9.005462 -44.418958 -18.162383 -0.144418 0.979493 0.140486 0.863752 0.055517 0.500849 -0.482779 -0.193676 0.854057
-0.532892 -8.382828 -24.907059 -35.375790 -0.058937 0.978013 0.200042 0.826656 -0.064521 0.558997 -0.559613 -0.198311 0.804678
-2.724733 -10.357303 -48.553289 -53.116761 -0.298309 0.954130 0.025459 0.829373 0.245918 0.501662 -0.472389 -0.170766 0.864689
-0.383979 -6.566180 -22.499659 32.731488 -0.152070 0.984798 0.083953 0.956917 0.125440 0.261867 -0.247355 -0.120158 0.961446
-0.396811 -6.304123 2.520305 42.530575 -0.174017 0.983486 0.049728 0.949577 0.154214 0.272988 -0.260811 -0.094725 0.960731
-0.395359 -6.523170 -11.269901 -35.813008 -0.169313 0.983469 0.064200 0.910683 0.131211 0.391714 -0.376815 -0.124788 0.917845
-0.537494 -6.806294 14.040660 -56.890168 -0.139449 0.989027 0.048777 0.899306 0.105873 0.424311 -0.414491 -0.103036 0.904202
