19501
38972
-4.665502 -7.771486 3.542418 95.894863 -0.282698 0.894104 -0.347361 -0.283580 -0.423849 -0.860194 0.916332 0.144670 -0.373371
-5.790579 -9.040152 7.112584 76.199081 -0.220985 0.966881 -0.127695 -0.244487 -0.181672 -0.952482 0.944136 0.179264 -0.276536
-7.464233 -8.899079 130.963686 149.405261 -0.107717 0.990476 0.085753 -0.337503 0.044701 -0.940262 0.935141 0.130224 -0.329474
-4.986909 -7.691870 -38.215112 68.757691 -0.380746 0.809042 -0.447753 -0.178710 -0.539479 -0.822815 0.907246 0.233266 -0.349989
-6.422768 -7.145294 5.663678 178.733820 -0.034475 0.990682 0.131758 -0.456769 0.101642 -0.883759 0.888917 0.090650 -0.449009
-4.278959 -7.056878 40.256051 71.394542 -0.388218 0.749174 -0.536679 -0.234936 -0.643568 -0.728440 0.891118 0.156708 -0.425853
5.224935 -11.875814 -223.962549 109.132004 -0.186094 0.964104 -0.189399 -0.562569 0.053487 0.825019 -0.805534 -0.260081 -0.532421
2.153073 -10.634265 -199.834007 -2.700510 -0.218480 0.962897 -0.158415 -0.456185 0.042726 0.888858 -0.862648 -0.266465 -0.429925
2.450088 -11.290458 -226.628572 111.801101 -0.181099 0.950471 -0.252604 -0.582484 0.103292 0.806252 -0.792411 -0.293149 -0.534928
78.986380 -10.627298 5215.811363 -304.003474 -0.554500 0.372021 -0.744399 0.740973 0.627886 -0.238156 0.378799 -0.683637 -0.623820
36.141983 -10.311456 2668.695255 -370.365398 -0.440799 0.679254 -0.586779 0.854787 0.517155 -0.043473 0.273927 -0.520734 -0.808579
89.974074 -6.644161 7839.030873 -452.871870 -0.424141 0.720634 -0.548444 0.901902 0.390785 -0.184013 0.081717 -0.572690 -0.815689
75.384735 -9.383113 232.623717 -597.484964 -0.316834 0.127283 -0.939902 0.873539 0.425226 -0.236879 0.369520 -0.896092 -0.245913
38.811745 -13.572987 -1394.244453 -283.026752 -0.278672 0.088484 -0.956301 0.729210 0.667482 -0.150736 0.624976 -0.739350 -0.250532
-2.213418 -21.289142 -33.326100 31.667801 0.058415 0.966275 0.250799 0.914890 -0.152344 0.373856 -0.399455 -0.207614 0.892934
-2.403319 -19.252327 48.983865 330.526756 -0.058272 -0.964580 -0.257273 0.978796 -0.105898 0.175341 -0.196375 -0.241600 0.950298
-2.877390 -20.779886 -15.709835 115.790223 0.050993 0.980549 0.189532 0.940063 -0.111198 0.322361 -0.337166 -0.161734 0.927449
-1.666218 -19.898737 57.832054 281.680040 -0.051655 -0.951589 -0.303002 0.968968 -0.121197 0.215435 -0.241728 -0.282471 0.928320
-2.559330 -22.562904 -3.917422 -97.660713 0.062564 0.980329 0.187192 0.849168 -0.150837 0.506124 -0.524403 -0.127293 0.841901
-1.565009 -21.617626 -44.447598 57.874210 0.049433 0.954168 0.295161 0.894987 -0.173497 0.410970 -0.443344 -0.243850 0.862545
-1.997126 -22.433768 -17.749953 -73.400199 0.067311 0.966830 0.246390 0.810400 -0.197031 0.551753 -0.581998 -0.162536 0.796781
-0.213320 -6.080260 -26.346787 29.041677 0.007621 0.999657 0.025045 -0.259175 -0.022216 0.965575 -0.965800 0.013850 -0.258916
0.239284 -5.559456 -34.048126 23.941846 0.008012 0.999891 0.012432 -0.171902 -0.010870 0.985054 -0.985081 0.010030 -0.171796
-0.401220 -6.254167 20.388065 27.871641 0.010491 0.994821 0.101096 -0.266364 -0.094668 0.959212 -0.963815 0.036992 -0.263991
-0.805946 -6.696791 27.893871 35.462454 0.005137 0.993439 0.114251 -0.358571 -0.104825 0.927598 -0.933488 0.045732 -0.355680
0.739806 -9.557114 -23.670266 8.385837 -0.028476 0.991811 -0.124501 -0.646315 0.076745 0.759201 -0.762539 -0.102086 -0.638837
0.609781 -10.704132 -29.368131 -40.045684 -0.056227 0.992402 -0.109435 -0.532880 0.062862 0.843852 -0.844320 -0.105763 -0.525297
0.311168 -9.314687 -14.837949 -26.403327 -0.030653 0.991165 -0.129040 -0.653349 0.077834 0.753046 -0.756436 -0.107391 -0.645191
1.909715 -17.131059 36.013739 105.781762 0.251030 0.950239 -0.184470 0.900961 -0.299045 -0.314390 0.353910 0.087279 0.931198
2.539613 -17.093847 23.365367 22.830021 0.287793 0.947894 -0.136647 0.928792 -0.311040 -0.201495 0.233499 0.068928 0.969911
1.645647 -16.300951 -48.622703 -105.909219 -0.266712 -0.944518 0.191705 0.959066 -0.279747 -0.043983 0.095172 0.172127 0.980467
0.800464 -16.756057 51.880096 20.321575 0.201732 0.953712 -0.223019 0.923517 -0.261057 -0.281007 0.326220 0.149274 0.933433
1.236177 -16.465378 54.912525 164.770738 0.185437 0.955129 -0.230957 0.822004 -0.279562 -0.496141 0.538445 0.097845 0.836961
-0.819078 -13.970484 32.601450 -143.977979 0.161295 0.986558 0.026234 0.343053 -0.031123 -0.938800 0.925364 -0.160423 0.343462
-0.915599 -10.526231 36.111948 -114.347965 0.143475 0.988849 0.039916 0.518350 -0.040729 -0.854198 0.843047 -0.143246 0.518413
-1.018489 -13.098081 17.926770 -123.862742 0.178102 0.981689 0.067574 0.400141 -0.009515 -0.916404 0.898981 -0.190253 0.394508
-0.890194 -16.872880 8.321413 -154.282841 0.202452 0.978477 0.039947 0.189179 0.000946 -0.981942 0.960846 -0.206353 0.184915
-1.669296 -16.907877 20.408053 -146.693111 0.226576 0.972474 0.054387 0.206375 0.006639 -0.978450 0.951879 -0.232917 0.199190
-1.631661 -12.898919 -0.349629 -268.210025 0.247602 0.966026 0.074081 0.496117 -0.060740 -0.866128 0.832203 -0.251208 0.494301
-0.644103 -17.664311 8.116506 -203.361539 0.088683 0.969850 0.226993 -0.035809 -0.224640 0.973784 -0.995416 0.094486 -0.014807
-0.765253 -19.044321 4.378716 -200.476327 0.092247 0.977812 0.188082 0.114228 -0.198033 0.973517 -0.989163 0.068320 0.129961
-0.019959 -16.463113 38.933650 -212.842997 0.111247 0.974734 0.193695 -0.099328 -0.183023 0.978078 -0.988817 0.128047 -0.076457
-0.294199 -15.599876 0.958122 -189.958835 0.081785 0.969747 0.230004 -0.245712 -0.204035 0.947626 -0.965887 0.134016 -0.221592
-0.588663 -17.077126 -12.564741 -165.005581 0.060830 0.960875 0.270221 -0.086744 -0.264609 0.960446 -0.994372 0.081864 -0.067254
-0.048100 -15.236124 15.083604 -203.743175 0.095394 0.975196 0.199730 -0.231780 -0.173371 0.957194 -0.968080 0.137604 -0.209492
-0.173319 -11.840033 -93.599058 -71.712976 0.348368 0.935922 0.051867 -0.510502 0.235844 -0.826901 0.786147 -0.261587 -0.559950
0.746682 -12.100211 -93.490989 19.390887 0.351671 0.934106 0.061435 -0.381876 0.203068 -0.901629 0.854692 -0.293616 -0.428125
1.106209 -11.973724 -73.466817 -47.353630 0.307820 0.951298 0.016680 -0.534033 0.187257 -0.824466 0.787436 -0.244879 -0.565666
-0.379918 -11.846532 -93.450316 16.689497 0.381260 0.916345 0.122280 -0.363450 0.270193 -0.891572 0.850027 -0.295478 -0.436059
0.408939 -12.982489 -86.098834 -103.111123 0.309937 0.950729 0.007343 -0.657419 0.219885 -0.720730 0.686833 -0.218554 -0.693177
-1.058755 -13.216880 -88.671154 -133.916931 0.350341 0.935185 0.051876 -0.633126 0.277272 -0.722684 0.690226 -0.220341 -0.689230
-1.482103 -11.883025 -77.263337 -79.466485 0.374024 0.919410 0.121619 -0.491164 0.307610 -0.814944 0.786679 -0.245074 -0.566634
0.111065 -4.650090 23.570902 45.353064 0.404538 0.912673 -0.058116 -0.832269 0.341070 -0.437035 0.379049 -0.225165 -0.897565
1.050401 -4.062682 96.955476 42.072420 0.443896 0.895922 -0.016720 -0.831681 0.404978 -0.379867 0.333561 -0.182527 -0.924890
0.997796 -4.463992 85.383798 55.645280 0.295934 0.948017 -0.116986 -0.891594 0.230200 -0.389959 0.342758 -0.219706 -0.913371
1.726721 -2.392404 -27.733916 -55.337751 0.108544 0.992328 -0.059190 -0.746146 0.041982 -0.664457 0.656874 -0.116287 -0.744979
1.761071 -1.922642 -23.516298 -8.757078 0.060788 0.993145 -0.099844 -0.739870 -0.022311 -0.672380 0.669998 -0.114744 -0.733441
1.646524 -2.150613 16.277352 -49.606167 0.066657 0.996588 -0.048676 -0.745751 0.017351 -0.665999 0.662882 -0.080694 -0.744363
1.569826 -3.046075 12.450537 -65.635893 0.106208 0.994127 -0.020781 -0.772212 0.069297 -0.631574 0.626425 -0.083126 -0.775037
1.152380 -21.293514 -42.393899 -66.056203 -0.121289 0.972715 0.197773 -0.399676 0.134521 -0.906732 0.908597 0.189021 -0.372455
1.466757 -23.274209 -25.587024 -190.333859 -0.166232 0.968925 0.183168 -0.520761 0.071476 -0.850705 0.837362 0.236801 -0.492697
1.075683 -22.366852 -38.472096 -222.692690 -0.139230 0.974991 0.173229 -0.550432 0.069222 -0.832005 0.823189 0.211191 -0.527028
-4.400255 -18.506150 -7.375235 -487.422877 -0.027105 0.971285 0.236372 0.850048 -0.102030 0.516729 -0.526008 -0.214933 0.822873
-5.048288 -15.880386 -27.071283 -273.396352 -0.045294 0.973275 0.225133 0.758421 -0.113177 0.641863 -0.650189 -0.199818 0.733026
-4.114550 -17.709921 -71.344829 -362.891647 -0.100077 0.959212 0.264382 0.810909 -0.075341 0.580302 -0.576551 -0.272465 0.770294
-3.747844 -20.469828 -96.142492 -387.017312 -0.086833 0.950599 0.298029 0.914106 -0.042910 0.403198 -0.396069 -0.307441 0.865222
-0.080067 -9.281082 14.343607 -4.739774 -0.152626 -0.951707 -0.266382 0.960320 -0.079152 -0.267434 0.233434 -0.296629 0.926023
-0.464195 -10.250673 -6.219632 -202.842007 0.216579 0.945930 0.241476 0.925864 -0.120567 -0.358106 0.309629 -0.301132 0.901914
-0.182400 -8.172198 -8.087220 -20.978867 -0.104935 -0.957006 -0.270422 0.962158 -0.028936 -0.270953 0.251479 -0.288621 0.923827
0.063070 -9.130099 2.322578 166.394882 -0.048299 -0.955438 -0.291212 0.982507 0.007053 -0.186094 0.179855 -0.295106 0.938384
-0.180445 -8.077394 -0.208031 170.983809 -0.035045 -0.956650 -0.289123 0.975956 0.029516 -0.215958 0.215130 -0.289740 0.932615
-0.256976 -7.392015 -11.984669 -38.748475 -0.083747 -0.959704 -0.268242 0.958296 -0.003754 -0.285753 0.273232 -0.280986 0.919995
1.611083 -6.733486 203.393057 -2.207876 0.059338 0.981025 0.184579 -0.944757 -0.004520 0.327740 -0.322355 0.193830 -0.926562
-0.988988 -6.373694 131.390485 9.307813 0.054449 0.984468 0.166909 -0.904624 -0.022130 0.425636 -0.422719 0.174165 -0.889368
1.287774 -6.688515 183.582588 4.175690 0.109076 0.982842 0.148743 -0.887051 0.028711 0.460778 -0.448602 0.182202 -0.874962
2.321010 -28.652853 -88.533440 -737.759416 -0.262490 0.914602 0.307573 0.551569 0.403759 -0.729897 0.791751 0.021943 0.610449
3.026118 -30.499652 -64.867064 -734.231354 -0.288239 0.922583 0.256433 0.584250 0.381619 -0.716253 0.758663 0.056631 0.649017
1.764884 -33.383601 -69.064226 -794.486291 -0.246352 0.930793 0.270066 0.396568 0.351068 -0.848225 0.884333 0.101863 0.455609
3.626632 -25.622211 -92.280254 -286.808819 -0.311815 0.903668 0.293523 0.684977 0.427889 -0.589675 0.658466 -0.017187 0.752414
1.396534 -29.753511 -50.378219 -842.399200 -0.247459 0.920668 0.301886 0.446885 0.384909 -0.807551 0.859685 0.064927 0.506682
1.466290 -25.071586 -47.463213 -626.169583 -0.263968 0.904453 0.335091 0.590500 0.426236 -0.685298 0.762647 -0.016975 0.646592
2.308499 -24.418908 -86.042469 -222.407752 -0.276339 0.901155 0.334002 0.660047 0.430565 -0.615591 0.698552 -0.050345 0.713786
1.077497 -15.933759 899.162237 891.274342 0.824201 0.428037 0.370779 0.538167 -0.795821 -0.277569 -0.176264 -0.428314 0.886272
10.906881 -12.620948 1855.507397 551.480786 0.957583 0.090969 0.273422 0.207952 -0.875006 -0.437174 -0.199476 -0.475489 0.856808
-1.533598 -15.433564 846.987906 381.708730 0.875360 0.328086 0.355111 0.410291 -0.892645 -0.186668 -0.255745 -0.309101 0.915997
-5.643523 -34.257435 95.343210 1615.465604 0.407805 0.797999 0.443727 0.834320 -0.523107 0.173979 -0.370951 -0.299261 0.879112
-6.475850 -43.604973 77.800672 1606.844564 0.332978 0.846451 0.415507 0.758588 -0.502199 0.415140 -0.560063 -0.176966 0.809329
-6.662497 -46.778175 0.161618 2022.004046 0.292660 0.842733 0.451831 0.800115 -0.474565 0.366884 -0.523609 -0.254144 0.813169
-5.042276 -34.791266 -18.451627 2208.758746 -0.363266 -0.796502 -0.483344 0.881894 -0.461287 0.097351 -0.300501 -0.390894 0.870001
-3.083361 -22.072183 -232.380609 1620.139706 -0.564254 -0.697057 -0.442414 0.804191 -0.585291 -0.103494 -0.186800 -0.414182 0.890819
1.406604 -20.037873 -6.751194 29.850570 -0.135208 0.969176 0.205951 -0.916577 -0.043402 -0.397495 0.376304 0.242514 -0.894193
1.774240 -20.796546 41.481897 194.041979 -0.133383 0.967708 0.213895 -0.927486 -0.045827 -0.371038 0.349254 0.247875 -0.903648
1.748833 -21.293933 41.969143 -415.526899 -0.156884 0.968650 0.192624 -0.822947 -0.020383 -0.567753 0.546028 0.247591 -0.800345
1.234154 -19.382943 38.332025 -421.114787 -0.164660 0.965144 0.203432 -0.814330 -0.016644 -0.580163 0.556555 0.261191 -0.788686
1.600160 -19.585619 49.433842 -487.741177 -0.214865 0.966801 0.138305 -0.675617 -0.044879 -0.735886 0.705248 0.251557 -0.662830
0.359198 -33.395139 -33.794818 -594.990133 -0.224653 0.941028 0.252978 -0.005322 0.258425 -0.966017 0.974424 0.218365 0.053048
0.299746 -36.063274 -35.380960 -329.106019 -0.230842 0.945906 0.227977 -0.232963 0.173758 -0.956837 0.944691 0.273988 -0.180250
0.408692 -32.011900 2.327477 -550.619173 -0.240720 0.937912 0.249750 -0.080722 0.237079 -0.968131 0.967232 0.253209 -0.018641
0.594599 -38.431019 -26.316911 -365.648199 -0.243964 0.940578 0.236208 -0.068142 0.226339 -0.971662 0.967387 0.253147 -0.008875
0.572856 -29.202394 8.344187 -406.496530 -0.241112 0.928756 0.281562 0.116912 0.315805 -0.941594 0.963430 0.194111 0.184727
0.615901 -32.048728 -22.622461 -540.848458 -0.232457 0.933738 0.272208 0.170495 0.314661 -0.933766 0.957547 0.170650 0.232343
4.982699 -5.875803 -229.527925 -15.456724 0.100030 0.992412 -0.071507 -0.961403 0.077891 -0.263890 0.256318 -0.095144 -0.961899
5.160672 -5.461743 -199.954160 -28.106968 0.116368 0.992023 -0.048469 -0.923915 0.090212 -0.371810 0.364472 -0.088048 -0.927043
6.249751 -5.956470 15.774377 -20.686443 0.081141 0.995494 0.049070 -0.955319 0.091717 -0.280988 0.284223 0.024078 -0.958456
5.874579 -6.091661 183.754895 -22.503981 0.047434 0.985181 0.164829 -0.950957 0.095036 -0.294361 0.305664 0.142782 -0.941373
6.062237 -6.336817 184.639082 -11.532691 0.045092 0.988351 0.145356 -0.981452 0.070968 -0.178086 0.186328 0.134630 -0.973220
3.608199 -8.765338 -208.048464 -14.321208 -0.472913 0.182433 0.862016 -0.012005 0.976906 -0.213334 -0.881028 -0.111237 -0.459801
6.464190 -9.384775 -410.923115 -13.267393 -0.511193 0.054438 0.857740 -0.186004 0.967333 -0.172248 -0.839097 -0.247595 -0.484369
2.922265 -8.734783 -141.746438 121.518771 -0.471112 -0.083547 0.878108 -0.157760 0.987434 0.009310 -0.867851 -0.134144 -0.478372
1.341935 -6.625807 -1.969040 84.627092 -0.444148 -0.114927 0.888552 -0.100920 0.991845 0.077841 -0.890252 -0.055100 -0.452124
2.785736 -8.564626 134.886603 222.708868 -0.384279 -0.380577 0.841125 -0.288710 0.914924 0.282067 -0.876913 -0.134449 -0.461462
-0.236724 -12.700415 -15.105147 -15.032812 0.207072 0.950679 -0.230934 -0.772431 0.014010 -0.634944 0.600392 -0.309859 -0.737235
-0.105933 -12.641057 -14.812328 -16.793314 0.218778 0.950078 -0.222460 -0.595356 -0.050660 -0.801863 0.773102 -0.307873 -0.554552
0.117937 -12.804193 -16.029225 -24.940076 0.201503 0.950042 -0.238361 -0.753823 -0.004967 -0.657058 0.625417 -0.312081 -0.715163
1.948815 -4.432875 16.906131 60.465409 0.071514 0.991430 -0.109325 -0.382210 -0.074001 -0.921108 0.921304 -0.107657 -0.373642
1.843398 -5.157140 3.573186 65.255637 0.071023 0.991919 -0.105127 -0.319369 -0.077232 -0.944478 0.944965 -0.100654 -0.311303
1.769255 -4.360930 -5.296245 70.870584 0.043906 0.993363 -0.106309 -0.381038 -0.081717 -0.920941 0.923516 -0.080943 -0.374922
1.689421 -3.474004 6.186723 50.070917 0.055196 0.994868 -0.084805 -0.428892 -0.053076 -0.901795 0.901668 -0.086148 -0.423761
2.023691 -3.760982 29.834083 43.995066 0.087597 0.993219 -0.076439 -0.432046 -0.031261 -0.901309 0.897587 -0.111977 -0.426378
-282.407510 -356.667934 7393.665692 -53278.481644 0.361200 0.355962 0.861873 0.794283 -0.601659 -0.084382 0.488517 0.715050 -0.500054
-301.958582 -421.519763 40044.142438 -56009.886449 -0.642463 0.585674 -0.494194 0.147957 -0.537958 -0.829886 0.751898 0.606290 -0.258963
-282.129000 -506.837724 18517.093954 132359.019896 -0.722132 0.463436 -0.513568 0.192825 0.847842 0.493946 0.664337 0.257665 -0.701616
-363.492944 -537.435391 -40749.999931 45384.496019 0.950322 -0.278252 0.139517 0.189264 0.872382 0.450697 0.247119 0.401902 -0.881707
-127.033091 -215.954450 -10502.688508 12.139632 0.491061 0.305906 -0.815648 0.856220 -0.341959 0.387236 -0.160460 -0.888530 -0.429845
-121.095564 -302.811117 -10901.483960 -2303.813214 0.742294 0.017268 -0.669851 -0.397380 0.816251 -0.419314 -0.539526 -0.577440 -0.612760
-435.235162 -2318.146506 -110474.427539 -285487.625709 0.167396 0.773387 -0.611434 0.954375 -0.282671 -0.096258 -0.247279 -0.567424 -0.785419
3.064602 -4.785012 -65.146019 6.785219 -0.511883 0.510578 0.690859 0.846636 0.163587 0.506405 0.145543 0.844126 -0.516011
1.711916 -9.743267 20.111899 -344.049330 0.761545 -0.473696 -0.442337 0.615063 0.313055 0.723667 0.204323 0.823170 -0.529758
2.033269 -6.158947 27.893385 -186.650581 0.717080 -0.470684 -0.514055 0.669556 0.260301 0.695656 0.193626 0.843030 -0.501806
-1.309067 -336.443709 -149.323706 -29240.100243 0.843136 -0.107114 -0.526924 -0.363810 0.607947 -0.705721 -0.395935 -0.786719 -0.473613
-1.067874 -159.409220 -33.990782 -11371.443988 0.831404 -0.132046 -0.539751 -0.337531 0.651605 -0.679326 -0.441406 -0.746977 -0.497177
-1.802683 -94.037175 -9.314737 1057.034072 -0.835055 0.123443 0.536139 -0.097874 0.925626 -0.365563 -0.541390 -0.357739 -0.760867
7.829052 -12.623184 164.070050 -119.364607 -0.469847 0.751004 0.463936 0.874426 0.467953 0.128060 -0.120926 0.465846 -0.876564
9.465606 -19.156023 175.324374 -426.730283 -0.499345 0.791793 0.351736 0.863221 0.419908 0.280226 0.074185 0.443556 -0.893171
8.042099 -16.523934 186.626440 -265.694199 -0.546857 0.697789 0.462642 0.836757 0.437030 0.329913 0.028021 0.567534 -0.822873
-2.715260 -6.766854 152.728943 -47.569281 0.508645 -0.667938 -0.543267 0.772981 0.632168 -0.053521 0.379185 -0.392711 0.837852
-2.634492 -7.975999 121.506282 -497.225544 0.758547 -0.425225 -0.493751 0.531079 0.842494 0.090328 0.377573 -0.330739 0.864899
-2.500784 -8.279064 -33.547793 4.623053 -0.429195 0.787801 0.441771 0.834653 0.532859 -0.139344 0.345177 -0.308919 0.886240
-2.351491 -8.198462 -175.740686 309.356450 -0.320342 0.815409 0.482171 0.872322 0.452382 -0.185485 0.369372 -0.361190 0.856216
-2.421322 -7.631149 -61.151307 239.604627 -0.159959 0.896439 0.413292 0.905400 0.300043 -0.300375 0.393274 -0.326147 0.859630
-5.070064 -10.287677 90.319989 77.298874 0.676332 -0.312327 -0.667104 0.301969 0.943619 -0.135640 0.671856 -0.109707 0.732512
1.015519 -7.775360 -782.931782 -497.970491 -0.229329 0.670989 0.705111 0.788244 0.553020 -0.269890 0.571034 -0.493906 0.655727
-5.564190 -9.900043 141.064744 -28.166454 0.372052 -0.684399 -0.627037 0.601157 0.692380 -0.399024 0.707240 -0.228490 0.669032
-6.764956 -12.111799 -154.442985 315.455611 0.629257 -0.361264 -0.688131 0.244101 0.932464 -0.266320 0.737869 -0.000390 0.674944
-3.758274 -7.888904 -30.342655 103.374279 -0.035168 0.994581 0.097839 0.396819 -0.075955 0.914749 -0.917223 -0.070995 0.391997
-3.585326 -6.843415 -9.875737 62.677527 0.039417 0.986699 0.157709 0.484766 -0.156897 0.860456 -0.873755 -0.042536 0.484502
-4.000810 -7.608683 -18.835700 89.794316 0.061422 0.986708 0.150448 0.416508 -0.162319 0.894524 -0.907055 -0.007720 0.420942
-3.827483 -8.568031 -238.012481 -40.428285 0.029567 0.860749 0.508170 0.500193 0.427419 -0.753074 0.865409 -0.276449 0.417903
-1.045193 -7.603743 -285.034535 -25.902488 0.126659 0.893251 0.431347 0.502987 0.316963 -0.804076 0.854963 -0.318805 0.409148
-3.485943 -8.382865 -196.225362 -45.283788 -0.012584 0.803902 0.594628 0.426690 0.542131 -0.723899 0.904310 -0.244613 0.349839
-5.687305 -9.358437 -146.204123 32.485753 -0.142685 0.722076 0.676940 0.354483 0.675850 -0.646195 0.924112 -0.147761 0.352397
-0.932888 -4.295606 -76.623980 10.283941 0.312371 0.544576 0.778371 0.022393 0.814923 -0.579136 -0.949696 0.198336 0.242363
-1.276766 -4.628403 -67.751355 -47.662424 0.308647 0.311941 0.898571 0.060876 0.936279 -0.345941 -0.949227 0.161476 0.269990
-2.015800 -4.605172 -59.976519 -38.330696 0.279362 0.269361 0.921630 0.153575 0.934954 -0.319806 -0.947825 0.230881 0.219824
-1.861545 -4.110301 -73.769023 24.153533 0.307353 0.571427 0.760924 0.091435 0.778196 -0.621330 -0.947192 0.260543 0.186933
-0.715208 -4.191578 -27.144201 -24.821224 0.325091 0.729421 0.601881 0.010455 -0.639184 0.768983 -0.945625 0.243696 0.215419
2.635381 -12.205920 -274.739419 -345.762683 -0.558144 -0.380280 0.737470 0.675559 0.307779 0.669994 -0.481763 0.872158 0.085117
6.464876 -15.626221 -365.979647 -237.116868 -0.591965 -0.395068 0.702494 0.735113 0.092689 0.671578 -0.330433 0.913964 0.235551
4.839880 -13.062735 -372.167155 -337.300603 -0.613888 -0.411486 0.673663 0.635052 0.249463 0.731080 -0.468883 0.876611 0.108172
3.471249 -5.550245 62.409703 16.401093 -0.121919 0.972268 0.199576 0.337613 0.229710 -0.912826 0.933356 0.043912 0.356256
3.325724 -5.349820 64.959762 24.454273 -0.139903 0.965701 0.218745 0.246491 0.247930 -0.936895 0.958994 0.077156 0.272723
4.139950 -5.713329 46.000930 22.692054 -0.074631 0.975575 0.206601 0.305697 0.219586 -0.926462 0.949199 0.005985 0.314619
2.188362 -5.397465 77.810844 12.485619 -0.183688 0.959719 0.212599 0.328843 0.263813 -0.906788 0.926348 0.096654 0.364056
4.185281 -5.780178 69.055233 1.090555 -0.061666 0.981902 0.179067 0.397333 0.188730 -0.898058 0.915600 -0.015770 0.401780
2.245796 -5.367852 60.881458 -2.318868 -0.158532 0.967837 0.195343 0.415905 0.244895 -0.875814 0.895484 0.057600 0.441352
3.363812 -5.538750 60.461665 -2.790508 -0.098472 0.979802 0.174046 0.426679 0.199574 -0.882108 0.899026 0.012601 0.437713
1.923665 -12.213710 -17.883359 40.766050 -0.364259 0.931139 -0.017159 -0.382841 -0.132919 0.914202 -0.848969 -0.339576 -0.404895
1.679765 -11.433299 -30.396109 73.854955 -0.388271 0.921447 -0.013469 -0.250204 -0.091340 0.963875 -0.886929 -0.377615 -0.266014
1.506158 -12.044238 -32.103387 12.829816 -0.400952 0.915299 -0.038270 -0.438146 -0.154910 0.885455 -0.804528 -0.371793 -0.463146
1.564341 -12.279450 -13.675946 -11.259211 -0.372505 0.926989 -0.043947 -0.572348 -0.192202 0.797167 -0.730519 -0.322101 -0.602157
2.477568 -29.056982 -22.662250 457.198571 0.368865 0.928426 0.044321 -0.274845 0.154499 -0.948994 0.887918 -0.337870 -0.312162
1.777439 -25.807279 -21.420828 542.207393 0.424215 0.905478 0.012275 -0.307102 0.156603 -0.938703 0.851898 -0.394443 -0.344507
1.984801 -32.083506 -20.619454 251.003839 0.389604 0.918485 0.067784 -0.012761 0.078977 -0.996795 0.920894 -0.387490 -0.042491
2.363402 -23.883486 -24.149494 683.516321 0.359902 0.932938 -0.009848 -0.526044 0.194193 -0.827990 0.770551 -0.303176 -0.560657
2.833129 -34.316573 -29.697633 188.512444 0.329307 0.940291 0.086081 0.023846 0.082855 -0.996276 0.943922 -0.330133 -0.004862
3.089470 -28.223910 -26.497450 701.431491 0.304301 0.951827 0.037763 -0.498951 0.193034 -0.844859 0.811449 -0.238249 -0.533655
3.328906 -32.420404 -33.009168 267.435352 0.305726 0.949263 0.073695 -0.225341 0.147342 -0.963074 0.925069 -0.277831 -0.258954
-1.710415 -5.768842 -151.509209 -49.588137 0.291365 0.941752 -0.167959 0.346344 -0.267516 -0.899156 0.891713 -0.203811 0.404115
0.028183 -5.380412 -156.207508 -37.183675 0.306092 0.935902 -0.174340 0.319146 -0.273410 -0.907410 0.896913 -0.222111 0.382378
-1.931009 -6.444525 -149.223121 -49.744988 0.251277 0.967380 -0.032171 0.291862 -0.107418 -0.950409 0.922863 -0.229427 0.309333
-3.344159 -6.916249 -62.760763 -74.360690 0.179054 0.982679 -0.047777 0.314233 -0.103140 -0.943727 0.932308 -0.153965 0.327257
1.734541 -3.787054 -84.773079 16.864194 0.344501 -0.251779 -0.904393 -0.413228 0.824348 -0.386902 0.842948 0.507009 0.179947
0.447591 -3.748444 -58.552498 26.243199 0.379871 -0.332597 -0.863178 -0.322396 0.827018 -0.460546 0.867040 0.453234 0.206932
1.404343 -3.288402 -84.797583 -1.364343 0.289223 -0.114916 -0.950339 -0.463082 0.852077 -0.243966 0.837798 0.510646 0.193224
0.507650 -4.709733 -24.585495 84.710717 0.412065 -0.470433 -0.780317 -0.253530 0.763386 -0.594108 0.875171 0.442645 0.195296
3.177267 -3.411073 -117.184287 10.018372 0.277465 -0.102331 -0.955270 -0.524990 0.816581 -0.239961 0.804611 0.568088 0.172850
3.256955 -3.862144 -79.921090 19.790700 0.317874 -0.227518 -0.920430 -0.483998 0.795830 -0.363869 0.815293 0.561151 0.142855
1.560796 -4.573266 -7.508769 58.386405 0.378558 -0.393558 -0.837739 -0.353314 0.775118 -0.523795 0.855490 0.494272 0.154378
0.678151 -21.352791 16.824907 -155.865454 0.491656 -0.606819 0.624536 0.809267 0.583204 -0.070423 -0.321498 0.540040 0.777815
0.008580 -22.333635 -2.293411 -21.169370 0.422698 -0.632670 0.648887 0.892979 0.412933 -0.179092 -0.154640 0.655145 0.739508
0.547137 -19.097956 7.696334 -17.957715 0.502868 -0.601701 0.620548 0.807867 0.582471 -0.089883 -0.307368 0.546519 0.779000
1.431009 -16.444060 34.331965 62.481423 -0.102988 0.991565 -0.078694 -0.707210 -0.017361 0.706790 -0.699462 -0.128444 -0.703032
0.822039 -16.268181 23.781974 -28.356545 -0.074505 0.991881 -0.103057 -0.840361 -0.006811 0.541985 -0.536883 -0.126986 -0.834045
1.085919 -17.026736 16.903627 43.489601 -0.063096 0.991641 -0.112550 -0.708183 0.034975 0.705162 -0.703204 -0.124199 -0.700056
1.884432 -15.654014 32.937440 131.582221 -0.068246 0.993944 -0.086123 -0.549943 0.034546 0.834488 -0.832409 -0.104314 -0.544255
2.240780 -15.072622 35.548116 140.606326 -0.140358 0.988860 -0.049560 -0.547256 -0.035768 0.836201 -0.825113 -0.144489 -0.546179
-1.450639 -18.555830 8.791150 -119.452673 0.397669 0.859438 -0.321288 -0.223778 -0.248745 -0.942364 0.889822 -0.446646 -0.093406
-1.625577 -18.267216 8.270946 -215.343780 0.432075 0.855709 -0.284733 -0.236777 -0.197011 -0.951380 0.870200 -0.478486 -0.117489
-1.143602 -20.318784 6.040549 -155.739679 0.398126 0.866534 -0.301022 -0.397230 -0.132935 -0.908040 0.826864 -0.481090 -0.291288
-1.155912 -20.388326 1.112381 -40.280856 0.375905 0.868036 -0.324359 -0.378424 -0.175714 -0.908801 0.845867 -0.464368 -0.262434
1.352028 -21.773035 34.766642 -176.247957 0.542797 -0.544128 0.639763 0.687027 0.725816 0.034420 -0.483079 0.420851 0.767801
1.208522 -19.608163 33.667634 144.378931 0.598162 -0.475753 0.644873 0.565106 0.820983 0.081504 -0.568205 0.315669 0.759931
1.088542 -26.805713 17.647251 -414.390949 0.501545 -0.554115 0.664386 0.688067 0.721008 0.081918 -0.524420 0.416057 0.742886
0.789485 -18.473897 26.784841 58.215753 0.581155 -0.522642 0.623782 0.593822 0.796467 0.114086 -0.556448 0.304114 0.773227
-0.448212 -38.454993 11.828635 -1230.233625 0.361335 -0.646927 0.671508 0.826430 0.555693 0.090654 -0.431799 0.522198 0.735431
0.976297 -19.528680 34.972660 -124.366428 0.549825 -0.566390 0.613918 0.701391 0.712191 0.028889 -0.453589 0.414713 0.788841
0.501380 -26.613287 19.453776 -512.077523 0.443477 -0.619625 0.647605 0.815382 0.578907 -0.004475 -0.372130 0.530030 0.761963
0.079953 -1.311986 99.628055 -12.401473 0.131020 0.990486 -0.042093 0.943447 -0.137615 -0.301611 0.304534 0.000195 0.952502
-0.730992 -2.088848 69.402681 -52.100550 0.326622 0.940421 -0.094474 0.890599 -0.339696 -0.302392 0.316468 -0.014629 0.948490
0.772464 -1.677427 109.139393 -85.694505 0.383708 0.915513 -0.120849 0.868682 -0.402245 -0.289119 0.313303 -0.005958 0.949634
1.952654 -0.989584 144.133873 -67.639102 0.289118 0.953484 -0.085318 0.908232 -0.301375 -0.290324 0.302532 -0.006449 0.953117
1.139562 -0.891473 121.668703 18.946731 0.066528 0.997594 -0.019493 0.950386 -0.069306 -0.303255 0.303877 -0.001650 0.952710
14.779716 -6.122487 -955.780997 262.130168 0.284625 0.126293 0.950284 -0.671413 0.733810 0.103575 -0.684246 -0.667513 0.293655
11.353854 -7.954262 -782.075533 351.574905 0.337638 -0.091367 0.936831 -0.624648 0.722789 0.295619 -0.704141 -0.685002 0.186969
7.716571 -6.578359 -492.937123 0.961888 0.397770 -0.137844 0.907071 -0.568201 0.739230 0.361506 -0.720366 -0.659195 0.215720
22.122744 -9.581873 1364.020698 -637.163715 -0.285359 -0.166415 -0.943862 0.716093 -0.691569 -0.094565 -0.637009 -0.702878 0.316514
6.151250 -6.428495 -375.931149 -86.118549 0.423842 -0.148117 0.893543 -0.522928 0.765487 0.374935 -0.739530 -0.626172 0.246990
20.104104 -6.748416 816.751095 -287.614657 -0.302846 -0.368770 -0.878802 0.728458 -0.684141 0.036049 -0.614518 -0.629253 0.475823
-0.620690 -14.426428 8.053490 155.145745 0.578970 -0.489396 0.652138 0.093474 0.834394 0.543184 -0.809973 -0.253530 0.528835
-0.304239 -14.699229 12.614279 112.664468 0.593051 -0.468184 0.655053 0.090806 0.847265 0.523351 -0.800028 -0.250891 0.544985
-0.392278 -13.504955 9.956681 98.699762 0.578518 -0.507095 0.638883 0.225120 0.852104 0.472483 -0.783988 -0.129514 0.607115
-0.463833 -12.734350 2.023831 98.553828 0.565355 -0.529703 0.632288 0.229966 0.837379 0.495896 -0.792142 -0.134953 0.595230
-0.643521 -13.887130 11.252816 195.146496 0.577786 -0.509111 0.637941 0.117977 0.825497 0.551939 -0.807616 -0.243640 0.537024
-0.055170 -20.212400 27.157713 180.282451 0.279726 0.789989 -0.545592 0.793769 -0.509973 -0.331449 0.540078 0.340359 0.769721
-0.463539 -19.236350 29.426399 182.874684 0.283933 0.789866 -0.543594 0.770341 -0.525479 -0.361175 0.570927 0.316203 0.757666
-0.141136 -19.735774 25.017275 0.067263 0.261323 0.805715 -0.531538 0.708840 -0.533963 -0.460900 0.655176 0.256332 0.710660
-4.900460 -49.142643 -129.214657 -402.052256 0.425068 0.877569 -0.221789 0.043816 -0.264689 -0.963338 0.904100 -0.399766 0.150962
-1.569699 -43.449584 -279.075049 -439.106421 0.458474 0.828069 -0.322651 0.170414 -0.438234 -0.882559 0.872216 -0.349646 0.342033
-3.872350 -44.120743 -213.060360 -168.863699 0.450332 0.846176 -0.284933 -0.076844 -0.281209 -0.956565 0.889548 -0.452668 0.061614
-6.630521 -47.759508 46.845625 99.858259 0.392224 0.900762 -0.186517 -0.226047 -0.102165 -0.968744 0.891663 -0.422126 -0.163542
-6.451305 -41.668859 -57.636480 158.892798 0.451661 0.861292 -0.232762 -0.295087 -0.101994 -0.950011 0.841977 -0.497768 -0.208090
-3.753627 -39.149755 -322.560290 210.459215 0.475264 0.816808 -0.327030 -0.289601 -0.205754 -0.934771 0.830816 -0.538971 -0.138761
6.979774 -300.261860 1308.870400 1838.520340 -0.079969 0.881072 -0.466173 0.989681 0.125962 0.068297 0.118895 -0.455901 -0.882053
16.405100 -178.709336 -514.884882 6125.994632 -0.176038 0.862126 -0.475131 -0.806912 -0.402840 -0.431988 0.563830 -0.307343 -0.766574
22.674744 -163.045922 -1477.522670 11675.575138 -0.209341 0.836092 -0.507076 -0.879600 -0.387550 -0.275878 0.427177 -0.388271 -0.816557
-291.571907 -470.886276 -14129.005934 -1661.441500 0.474668 0.716229 -0.511573 -0.660348 0.674067 0.331019 -0.581920 -0.180692 -0.792918
-107.087516 -336.455406 -6351.082382 -26944.514463 0.107265 0.983884 0.143058 0.988441 -0.121036 0.091290 0.107133 0.131613 -0.985495
-287.500416 -3572.395052 -20499.609988 2051981.643219 0.102703 0.901689 -0.420010 -0.734965 -0.215739 -0.642871 0.670282 -0.374718 -0.640553
-80.591708 -691.098588 -2372.019930 16972.275948 0.499090 0.702753 -0.506998 0.861578 -0.465017 0.203576 -0.092699 -0.538421 -0.837562
-0.825662 -16.983013 33.949175 206.228359 0.316144 0.898467 -0.304647 -0.915256 0.373366 0.151338 -0.249717 -0.230986 -0.940365
-0.961972 -15.359146 35.376655 188.780475 0.317466 0.896875 -0.307946 -0.857932 0.409989 0.309616 -0.403941 -0.165904 -0.899615
-0.315715 -15.845252 40.483213 139.428954 0.329267 0.896050 -0.297789 -0.874340 0.408414 0.262158 -0.356528 -0.174049 -0.917930
0.836185 -10.460094 67.214105 -20.500717 0.570085 -0.653614 0.497787 0.443877 0.754878 0.482839 -0.691359 -0.054303 0.720468
0.733593 -11.131494 65.907675 -91.875321 0.564733 -0.657731 0.498464 0.530741 0.751980 0.390949 -0.631974 0.043773 0.773753
0.352104 -10.783159 67.937367 -80.828634 0.569843 -0.649214 0.503786 0.497210 0.760503 0.417633 -0.654264 0.012502 0.756163
0.367383 -10.500459 35.690822 -6.567344 0.569367 -0.643080 0.512122 0.421806 0.763231 0.489446 -0.705621 -0.062659 0.705814
0.775386 -10.437364 55.406206 49.692142 0.572991 -0.652259 0.496226 0.352680 0.742786 0.569109 -0.739796 -0.151085 0.655648
-6.118923 -9.487435 121.549831 117.361980 -0.341249 0.770939 0.537775 0.286936 0.630247 -0.721427 0.895107 0.091879 0.436282
-4.738353 -8.908160 251.903664 133.843738 -0.399272 0.805386 0.438104 0.275440 0.561142 -0.780546 0.874479 0.190979 0.445884
-5.673920 -10.234277 180.908090 -12.331456 -0.374876 0.785324 0.492681 0.395441 0.616118 -0.681194 0.838507 0.060537 0.541518
-5.364178 -8.305822 178.022593 212.763949 -0.353243 0.824471 0.442117 0.203400 0.528963 -0.823909 0.913152 0.201114 0.354550
-6.654986 -9.913888 34.624223 -2.858963 -0.295181 0.735089 0.610338 0.390191 0.675851 -0.625281 0.872135 -0.053578 0.486323
-6.507443 -8.911279 -21.684709 164.023510 -0.298757 0.717721 0.628984 0.199995 0.691536 -0.694104 0.933138 0.081575 0.350142
4.905122 -4.879852 174.841728 66.716824 -0.011313 0.919208 -0.393609 0.635508 -0.297300 -0.712560 0.772012 0.258203 0.580801
3.149078 -5.271046 160.501143 66.667746 -0.032945 0.900587 -0.433426 0.618395 -0.322318 -0.716728 0.785176 0.291641 0.546300
4.682148 -3.883417 155.656680 52.662651 0.045374 0.890123 -0.453456 0.562883 -0.397786 -0.724520 0.825290 0.222368 0.519084
-14.659801 -187.389280 -1179.312520 2226.351272 0.951492 -0.230719 0.203545 0.276821 0.930709 -0.239063 0.134285 -0.283813 -0.949430
-13.130925 -150.345434 -831.592933 -5327.806197 0.942543 -0.238928 0.233507 0.333450 0.629736 -0.701601 -0.020584 -0.739152 -0.673224
-4.649006 -182.683500 -458.397427 4663.515405 0.963980 -0.217674 0.152844 0.247115 0.945514 -0.211984 0.098373 -0.242118 -0.965247
0.087253 -318.499164 784.223926 12435.848053 0.960765 -0.019424 0.276684 -0.081994 0.933071 0.350222 0.264968 0.359168 -0.894869
8.956037 -213.195902 -706.898056 -7930.964924 0.966851 -0.219413 0.130602 0.243083 0.947497 -0.207750 0.078162 -0.232611 -0.969424
-1.096011 -126.220140 -103.555344 -1037.306267 0.940192 -0.307789 0.145960 0.226064 0.884294 0.408557 0.254821 0.351126 -0.900987
-6.608516 -31.250732 5.661831 -1370.859228 0.939693 -0.322797 -0.113047 0.017843 -0.283809 0.958715 0.341554 0.902915 0.260934
-5.935691 -144.304336 -398.263463 -7456.156453 0.948776 -0.250292 -0.192817 0.031200 -0.533070 0.845495 0.314406 0.808202 0.497955
-7.002462 -27.755496 -111.232116 -1300.564747 0.904785 -0.316577 -0.284858 0.209434 -0.251647 0.944887 0.370813 0.914578 0.161384
-2.506922 -587.813888 -564.493856 -40487.181020 0.964239 -0.220315 -0.147322 -0.069994 -0.747813 0.660209 0.255623 0.626288 0.736492
-1.553676 -11.877445 -24.706132 -455.591371 0.908200 -0.413814 0.062690 -0.142789 -0.165551 0.975809 0.393426 0.895182 0.209442
-9.241711 -94.268343 -48.812664 -4718.709388 0.957180 -0.288831 -0.019581 -0.081936 -0.335167 0.938589 0.277656 0.896794 0.344481
-14.628139 -117.583775 -394.194648 -6245.105907 0.949788 -0.312866 -0.004184 -0.103210 -0.325887 0.939758 0.295382 0.892139 0.341815
-2.669987 -25.216307 38.083817 -1122.412438 0.931773 -0.359660 0.049445 -0.135009 -0.216852 0.966824 0.337005 0.907535 0.250614
-8.578782 -45.360648 -305.053121 -2620.187957 0.893026 -0.414512 0.175171 -0.270937 -0.184457 0.944759 0.359302 0.891154 0.277031
-1.884692 -5.438783 75.335946 129.671091 0.813552 -0.148674 -0.562165 -0.549314 0.120646 -0.826861 -0.190756 -0.981499 -0.016483
-0.272309 -4.478884 48.861139 -32.578116 0.623994 -0.113731 -0.773109 0.756183 -0.161569 0.634100 -0.197027 -0.980286 -0.014817
-2.274354 -7.766632 11.048833 226.812013 0.855161 -0.115931 -0.505232 -0.506382 0.021508 -0.862041 -0.110804 -0.993024 0.040312
-2.584849 -13.077194 105.063600 535.602944 0.972776 -0.115480 -0.200925 -0.207254 -0.045568 -0.977225 -0.103694 -0.992264 0.068261
1.297821 -39.343844 57.183903 1740.714521 0.942749 -0.089590 -0.321243 -0.330293 -0.117516 -0.936534 -0.046153 -0.989022 0.140379
-1.976269 -10.292156 36.771164 401.453133 0.943559 -0.082841 -0.320676 -0.326615 -0.072131 -0.942401 -0.054938 -0.993949 0.095117
-4.609660 -21.339039 83.776316 196.663398 0.006385 0.986501 -0.163632 -0.394466 -0.147881 -0.906933 0.918888 -0.070338 -0.388197
-5.285537 -23.116058 105.283275 71.159646 0.012948 0.988690 -0.149413 -0.090226 -0.147661 -0.984914 0.995837 -0.026233 -0.087294
-5.919222 -22.940989 71.297879 303.064054 0.130135 0.976267 -0.173111 -0.431537 -0.101421 -0.896376 0.892659 -0.191353 -0.408097
-9.131452 -12.031380 58.347300 261.629280 -0.040820 0.828083 0.559117 -0.243962 0.534387 -0.809267 0.968925 0.169437 -0.180207
-6.033369 -10.128798 8.520769 83.093420 -0.218219 0.972851 -0.077076 -0.149692 -0.111413 -0.982435 0.964351 0.202849 -0.169941
-5.220038 -9.107073 -67.181092 96.441894 -0.303314 0.927343 -0.219170 -0.162027 -0.276848 -0.947155 0.939014 0.251774 -0.234227
-4.664818 -4.894936 4.752727 5.583417 -0.521132 0.848810 -0.089123 -0.791847 -0.519818 -0.320573 0.318434 0.096489 -0.943022
1.819459 -5.801891 -534.041847 50.833076 -0.467513 0.871220 -0.149694 -0.809586 -0.489980 -0.323248 0.354967 0.029932 -0.934400
-4.616766 -5.365429 -39.296934 88.401443 -0.885887 -0.360946 -0.291414 -0.360179 0.931061 -0.058286 0.292363 0.053327 -0.954820
-3.988120 -5.432986 -17.087275 48.323564 -0.412621 0.908235 -0.069662 -0.831971 -0.406903 -0.377167 0.370902 0.097670 -0.923522
-4.885146 -5.546120 -23.613243 18.386685 0.112520 0.977590 0.177924 -0.929148 0.166978 -0.329853 0.352171 0.128203 -0.927114
1.529771 -10.928282 -175.106178 -86.721868 -0.253105 0.966654 -0.038957 -0.277986 -0.034099 0.959980 -0.926640 -0.253805 -0.277347
-1.180054 -9.919441 -102.125873 -37.386409 -0.222252 0.968857 -0.109182 -0.335587 0.029123 0.941559 -0.915415 -0.245903 -0.318663
4.457353 -11.642775 -232.689662 -85.576899 -0.230725 0.969250 -0.085553 -0.402322 -0.014973 0.915376 -0.885948 -0.245620 -0.393405
4.572047 -11.061380 -220.465896 19.061788 -0.211982 0.967263 -0.139519 -0.485850 0.019564 0.873823 -0.847946 -0.253020 -0.465798
14.156498 -10.266765 943.985725 -327.223642 -0.301259 0.809120 -0.504548 0.918348 0.388624 0.074885 0.256670 -0.440791 -0.860130
13.643988 -14.639458 705.055226 -328.732494 -0.406767 0.707345 -0.578103 0.816847 0.564965 0.116517 0.409025 -0.424826 -0.807602
7.173583 -15.168689 320.733675 184.815459 -0.425310 0.719714 -0.548747 -0.736956 -0.627357 -0.251634 0.525364 -0.297380 -0.797219
6.760763 -11.779417 366.699356 -313.428358 -0.328421 0.812752 -0.481222 0.879940 0.448443 0.156856 0.343285 -0.371932 -0.862451
12.978423 -16.628087 624.340216 -90.949482 -0.479461 0.590493 -0.649180 0.644545 0.738980 0.196138 0.595550 -0.324385 -0.734911
-3.104891 -18.155336 23.994090 463.280686 -0.054903 -0.979834 -0.192123 0.989836 -0.078691 0.118460 -0.131189 -0.183667 0.974195
-2.511530 -15.986427 57.187012 514.495183 -0.068904 -0.964012 -0.256776 0.997575 -0.069100 -0.008268 -0.009773 -0.256723 0.966436
-1.712956 -17.031379 66.589383 461.828134 -0.057374 -0.950582 -0.305125 0.996907 -0.070990 0.033710 -0.053705 -0.302247 0.951716
1.235338 -5.507527 -94.592752 29.665999 0.007781 0.998721 -0.049954 -0.173370 0.050546 0.983559 -0.984826 -0.001008 -0.173541
1.608440 -4.851844 -97.611297 36.623090 0.006190 0.998500 -0.054394 -0.091190 0.054732 0.994328 -0.995814 0.001195 -0.091392
0.600735 -4.960723 -34.909445 35.535722 0.010368 0.999924 -0.006633 -0.087110 0.007512 0.996170 -0.996145 0.009750 -0.087181
-0.601768 -11.854951 -5.664278 -39.292597 -0.045373 0.997536 -0.053509 -0.155647 0.045850 0.986748 -0.986770 -0.053101 -0.153183
-0.527936 -11.198590 -4.698780 -67.863395 -0.040051 0.995682 -0.083743 -0.351582 0.064408 0.933939 -0.935300 -0.066847 -0.347485
-0.357768 -12.291675 -14.584322 -49.552512 -0.062142 0.996464 -0.056546 -0.172512 0.045079 0.983975 -0.983045 -0.070901 -0.169100
-0.595358 -10.809594 2.401700 -58.980891 -0.020162 0.995967 -0.087421 -0.337301 0.075537 0.938362 -0.941181 -0.048406 -0.334418
-0.361020 -12.209646 -14.708281 16.464619 -0.062690 0.997466 -0.033639 0.033962 0.035818 0.998781 -0.997455 -0.061471 0.036122
-0.698887 -11.387959 -0.352869 -32.479549 -0.025945 0.998094 -0.055988 -0.140532 0.051809 0.988720 -0.989736 -0.033521 -0.138920
-0.625951 -11.803065 -7.192412 13.570379 -0.045920 0.998549 -0.028144 0.051934 0.030522 0.998184 -0.997594 -0.044375 0.053260
2.610795 -16.379451 -35.980674 -180.202722 -0.313126 -0.940616 0.131124 0.949707 -0.310547 0.040205 0.002902 0.137119 0.990550
-0.631577 -11.446520 35.199228 -137.803560 0.157225 0.987447 0.015109 0.461313 -0.059907 -0.885213 0.873196 -0.146147 0.464941
-0.727482 -9.131701 32.854734 -117.182000 0.147096 0.989050 0.011975 0.587088 -0.077558 -0.805799 0.796047 -0.125560 0.592068
