14433
28853
-4.334917 -5.783991 -15.095936 84.996753 -0.170460 0.984911 0.029903 0.876450 0.165417 -0.452187 0.450310 0.050871 0.891422
-5.100580 -6.253976 25.861344 57.476722 0.021635 0.990833 -0.133348 0.932042 -0.068245 -0.355866 0.361704 0.116587 0.924975
-4.311592 -8.156308 -21.796687 108.586429 -0.349129 0.932387 0.093615 0.880558 0.360601 -0.307546 0.320510 0.024940 0.946917
-4.004153 -5.211988 16.792359 -23.927701 0.619476 0.664160 -0.418497 -0.651214 0.732475 0.198494 0.438371 0.149569 0.886262
-2.531885 -7.867451 -72.833630 135.357454 -0.213967 0.955695 0.202149 0.874932 0.279525 -0.395422 0.434409 -0.092260 0.895978
-3.801516 -5.208141 -37.349310 88.894300 -0.208694 0.967383 0.143583 0.819247 0.253110 -0.514558 0.534117 -0.010245 0.845349
-3.508671 -4.624470 25.213326 -24.058616 0.703783 0.536441 -0.465747 -0.497765 0.840120 0.215474 0.506873 0.080186 0.858283
-4.756781 -6.429158 25.993510 -7.747897 -0.432240 0.042632 0.900751 0.898848 -0.059827 0.434158 0.072398 0.997298 -0.012460
-5.003415 -6.414596 27.544770 6.217295 -0.448499 0.083311 0.889892 0.860002 -0.230917 0.455053 0.243402 0.969400 0.031919
-5.584508 -6.438282 22.250853 -4.876481 -0.336021 0.230729 0.913156 0.926925 -0.090931 0.364064 0.167034 0.968760 -0.183314
-4.063851 -6.534157 23.302827 10.302808 -0.499982 -0.081395 0.862202 0.850598 -0.233296 0.471229 0.162792 0.968993 0.185878
-4.953691 -6.302230 26.465306 -18.243817 -0.375230 0.098868 0.921644 0.925026 0.103671 0.365486 -0.059413 0.989686 -0.130355
-4.039595 -6.322611 20.864987 -22.568954 -0.425426 -0.077931 0.901632 0.894513 0.114972 0.432005 -0.137329 0.990307 0.020798
-3.857306 -6.527078 16.696801 -9.739830 -0.470510 -0.114843 0.874889 0.882383 -0.056226 0.467160 -0.004459 0.991791 0.127790
0.164262 -1.218673 24.377886 -16.700411 0.155905 0.986927 0.040849 0.568782 -0.055887 -0.820588 0.807577 -0.151168 0.570059
0.203940 -1.072069 25.440780 1.222395 0.169798 0.985333 0.016939 0.574422 -0.084992 -0.814135 0.800754 -0.147969 0.580429
-0.189410 -1.180505 7.616827 -15.796220 0.153929 0.985493 0.071481 0.572846 -0.030063 -0.819112 0.805080 -0.167033 0.569163
-0.464460 -1.690427 22.327629 -25.073576 0.198884 0.979700 -0.025156 0.529997 -0.129113 -0.838113 0.824347 -0.153355 0.544916
-0.799592 -1.753905 4.455316 -25.554288 0.291058 0.948207 -0.127235 0.487708 -0.261472 -0.832931 0.823059 -0.180378 0.538551
-0.627772 -1.204431 -1.827256 7.652013 0.057070 0.974859 0.215389 0.593733 0.140303 -0.792336 0.802636 -0.173102 0.570799
0.109844 -1.346119 -30.690844 -3.831288 0.039242 0.946280 0.320959 0.593483 0.236341 -0.769364 0.803889 -0.220676 0.552327
-0.186284 -1.597214 -21.564198 -22.340443 0.201418 0.975299 0.090678 0.539867 -0.033292 -0.841092 0.817297 -0.218365 0.533237
-1.018671 -4.888270 13.466158 7.972338 0.008354 0.998267 0.058254 -0.888571 0.034131 -0.457468 0.458663 0.047941 -0.887316
-1.330996 -5.066000 16.757688 4.598341 0.031781 0.997052 0.069840 -0.820524 0.065927 -0.567798 0.570728 0.039260 -0.820200
-1.061298 -4.911450 -16.831722 9.863525 0.091771 0.994173 0.056548 -0.885479 0.107452 -0.452086 0.455528 0.008583 -0.890180
-0.649691 -4.608156 -15.471886 15.254347 0.078940 0.995490 0.052617 -0.936688 0.092133 -0.337827 0.341151 0.022618 -0.939736
-0.675016 -4.637945 11.806873 15.535244 -0.002750 0.998366 0.057076 -0.939243 0.017012 -0.342832 0.343243 0.054551 -0.937661
-0.589057 -7.827843 -0.176538 -13.703849 0.210238 0.952839 0.218856 0.858528 -0.072847 -0.507566 0.467686 -0.294604 0.833354
-0.601900 -7.630330 -0.247602 -12.098574 0.177634 0.961151 0.211271 0.850038 -0.041683 -0.525069 0.495864 -0.272859 0.824419
-0.432980 -7.333008 -0.909330 -16.797027 0.172589 0.957861 0.229599 0.946758 -0.097004 -0.306985 0.271777 -0.270356 0.923604
-0.398428 -7.489432 0.936949 -14.140443 -0.204036 -0.949712 -0.237522 0.948220 -0.131397 -0.289160 0.243409 -0.284222 0.927346
-0.531781 -7.950181 -0.851546 -12.512004 0.241139 0.944335 0.223794 0.862931 -0.103119 -0.494688 0.444074 -0.312407 0.839762
1.025769 -7.681236 8.831666 64.923787 0.164781 0.970326 0.176958 -0.841242 0.231927 -0.488388 0.514937 0.068388 -0.854496
1.283698 -7.920343 5.585760 -78.619831 0.149917 0.976046 0.157667 -0.876783 0.204943 -0.435027 0.456920 0.073021 -0.886506
1.291083 -7.355412 2.106220 39.721366 0.160673 0.980692 0.111478 -0.849360 0.194913 -0.490507 0.502765 0.015874 -0.864278
0.992559 -7.944284 8.678647 115.946761 0.187412 0.970474 0.151847 -0.788764 0.240813 -0.565562 0.585430 0.013778 -0.810606
0.616691 -8.927134 7.601450 147.537230 0.208514 0.954108 0.214943 -0.769180 0.295719 -0.566491 0.604056 0.047209 -0.795542
-0.650519 -11.126366 -4.730349 86.362819 0.275091 0.944461 0.179774 0.334316 0.081349 -0.938944 0.901420 -0.318396 0.293370
-0.404484 -13.340188 -0.173949 107.772774 0.264826 0.946664 0.183560 0.571224 -0.000644 -0.820794 0.776898 -0.322221 0.540928
-0.574544 -11.371545 -3.705921 99.964533 0.301166 0.940087 0.159798 0.318021 0.058964 -0.946248 0.898978 -0.335797 0.281210
-0.759230 -9.154331 -6.768016 46.922694 0.311277 0.939767 0.141223 0.088831 0.119182 -0.988891 0.946158 -0.320364 0.046382
-0.904573 -9.145841 -5.443920 43.822652 0.275195 0.946081 0.170875 0.096813 0.149563 -0.984001 0.956502 -0.287335 0.050434
2.189204 -7.668387 6.743725 -67.631078 0.238650 0.891006 0.386205 0.874738 -0.369959 0.312992 -0.421758 -0.263132 0.867688
1.621386 -5.957494 -2.086445 -15.621323 0.263706 0.856694 0.443321 0.830186 -0.435590 0.347925 -0.491172 -0.276289 0.826084
1.693325 -6.655985 -9.938946 1.928360 0.217825 0.893850 0.391898 0.791915 -0.396566 0.464333 -0.570458 -0.209207 0.794236
2.137407 -7.932461 4.065403 -94.678037 0.256873 0.863557 0.433919 0.887837 -0.388226 0.247036 -0.381788 -0.321792 0.866422
1.795103 -6.602781 -1.295848 -5.776601 0.249788 0.906158 0.341297 0.801501 -0.391266 0.452226 -0.543326 -0.160589 0.824020
1.830776 -7.207695 3.684909 -55.796969 0.237400 0.914193 0.328469 0.878710 -0.346252 0.328602 -0.414139 -0.210619 0.885510
2.553863 -9.877630 -20.466513 -118.992185 -0.221651 -0.911139 -0.347415 0.940437 -0.293922 0.170847 -0.257778 -0.288854 0.922016
2.749399 -11.328776 -14.234201 -156.716933 -0.215547 -0.884741 -0.413247 0.940232 -0.302296 0.156782 -0.263634 -0.354754 0.897021
-0.082954 -6.868874 -4.424889 0.533323 0.033650 0.998519 0.042753 -0.651860 -0.010499 0.758267 -0.757592 0.053385 -0.650541
-0.238838 -6.938544 -3.711796 1.396329 0.050574 0.998376 0.026231 -0.775916 0.022742 0.630426 -0.628805 0.052236 -0.775806
0.005333 -7.007956 -5.243138 -2.627371 0.059409 0.998154 0.012583 -0.670251 0.030545 0.741505 -0.739753 0.052486 -0.670829
0.166867 -8.865159 5.876637 -5.568597 0.147419 0.982943 0.109953 -0.153608 -0.087066 0.984289 -0.977073 0.161993 -0.138153
0.288103 -8.745170 6.113820 -8.326507 0.156098 0.985646 0.064308 -0.326532 -0.009951 0.945134 -0.932207 0.168532 -0.320292
-0.057027 -9.584601 8.918483 -13.556601 0.154151 0.981685 0.111945 -0.216838 -0.076925 0.973172 -0.963960 0.174289 -0.201009
-0.187074 -9.705784 8.535695 0.268484 0.149646 0.975721 0.159919 -0.026678 -0.157697 0.987127 -0.988380 0.151986 -0.002431
0.049622 -8.741023 4.400771 10.055017 0.144526 0.976159 0.161941 0.026501 -0.167419 0.985530 -0.989146 0.138143 0.050065
-0.436361 -21.916316 19.605272 -132.693545 -0.195325 0.976991 -0.085656 0.538002 0.033716 -0.842269 0.820001 0.210600 0.532208
-0.200696 -19.316181 33.831098 -216.302612 -0.204452 0.973430 -0.103122 0.764185 0.092887 -0.638273 0.611736 0.209300 0.762871
-1.055236 -22.361097 -8.197971 -249.140273 -0.146538 0.987601 -0.056315 0.599896 0.043457 -0.798897 0.786544 0.150852 0.598825
-1.122128 -22.354063 -19.336362 42.519398 -0.131346 0.990055 -0.050384 0.286441 -0.010753 -0.958038 0.949052 0.140266 0.282180
-1.260845 -21.983379 -16.503024 -3.474412 -0.160735 0.984112 -0.075414 0.253623 -0.032659 -0.966752 0.953855 0.174518 0.244344
-1.822274 -10.119085 -14.024571 43.317841 0.062392 0.932052 0.356913 -0.022432 0.358829 -0.933134 0.997800 -0.050214 -0.043296
-1.790206 -9.378441 -12.724068 72.130249 0.068172 0.941055 0.331313 -0.258664 0.337402 -0.905126 0.963559 0.023995 -0.266418
-2.323854 -9.620420 -13.267551 39.385559 -0.000538 0.942606 0.333906 -0.063597 0.333198 -0.940710 0.997976 0.021741 -0.059767
-2.319153 -10.154548 -13.039308 -0.688569 0.015345 0.930085 0.367025 0.184074 0.358166 -0.915333 0.982793 -0.081605 0.165709
-2.607241 -9.904602 -13.508378 0.159923 -0.030915 0.935032 0.353213 0.180168 0.352806 -0.918187 0.983150 -0.035252 0.179370
0.812229 -139.636149 427.877361 4974.101689 0.630219 -0.620517 -0.466672 0.739369 0.663093 0.116792 0.236976 -0.418648 0.876685
-9.407157 -110.491436 62.272913 3368.819729 0.430456 0.875795 -0.218383 0.613073 -0.461261 -0.641389 0.662457 -0.142205 0.735478
-4.395227 -360.997391 -400.647934 -836.662989 0.262854 -0.078717 -0.961619 0.964738 0.035624 0.260790 0.013728 -0.996260 0.085305
16.106171 -307.049048 250.818641 24809.888499 0.335770 0.760876 -0.555271 -0.061709 -0.570460 -0.819004 0.939921 -0.309262 0.144590
9.728311 -94.142002 512.815782 12460.040351 0.279445 0.696152 -0.661274 0.940443 -0.059585 0.334689 0.193592 -0.715418 -0.671342
1.093886 -64.931099 -80.389326 -1919.757002 0.003437 0.606832 -0.794823 -0.767200 0.511404 0.387130 -0.641399 -0.608457 -0.467319
2.929461 -1222.486403 701.946508 98130.624274 0.075563 0.996679 -0.030336 -0.835092 0.079879 0.544280 -0.544896 0.015794 -0.838355
1.109916 -133.071724 18.509106 3675.716898 0.251806 0.964670 -0.077492 -0.837171 0.176953 -0.517524 0.485528 -0.195190 -0.852152
-2.155834 -946.668374 391.470709 170597.017088 0.267160 0.960591 -0.076750 -0.954229 0.274818 0.117991 -0.134433 -0.041715 -0.990044
2.502082 -4.367854 26.793014 0.956941 0.160557 0.943617 0.289499 -0.915996 0.251702 -0.312406 0.367659 0.215021 -0.904761
1.532724 -4.231407 68.709258 2.495690 0.154383 0.918618 0.363740 -0.910206 0.275436 -0.309288 0.384305 0.283330 -0.878655
2.284790 -4.087023 31.833901 8.928322 0.175119 0.932433 0.316072 -0.947946 0.246404 -0.201700 0.265953 0.264298 -0.927047
2.614823 -4.193349 -32.108869 12.826311 0.202685 0.965040 0.166183 -0.952224 0.233824 -0.196458 0.228447 0.118425 -0.966327
-3.349103 -8.253640 -17.482600 -231.516233 0.378141 -0.066314 0.923370 0.107665 0.993813 0.027282 -0.919466 0.089098 0.382941
-2.598072 -8.296639 -27.840197 -235.992646 0.282884 -0.228644 0.931503 0.197652 0.964224 0.176651 -0.938568 0.134141 0.317956
-3.249511 -6.598799 -25.419299 -272.020122 0.340470 -0.068062 0.937789 0.066785 0.996608 0.048085 -0.937881 0.046259 0.343861
-3.541859 -6.446722 -37.434297 -152.086065 0.397445 0.290455 0.870445 -0.138926 0.956695 -0.255802 -0.907049 -0.019260 0.420585
-3.577566 -7.793044 18.517372 -126.398609 0.453479 0.223295 0.862842 -0.076911 0.974300 -0.211717 -0.887942 0.029647 0.458999
0.137562 -20.354409 1.876466 222.610216 0.174438 0.976458 0.126891 -0.382426 -0.051567 0.922546 -0.907371 0.209454 -0.364428
0.280448 -18.020610 2.065544 38.341450 0.173985 0.978521 0.110568 -0.466843 -0.016901 0.884179 -0.867057 0.205451 -0.453875
0.088358 -23.424268 3.367486 103.792513 0.216776 0.972987 0.079404 -0.586879 0.064890 0.807071 -0.780116 0.221554 -0.585092
0.268789 -16.424709 2.376572 122.792660 0.158946 0.976595 0.144910 -0.280719 -0.096013 0.954975 -0.946537 0.192469 -0.258888
-0.067875 -29.007757 5.040720 566.631839 0.216510 0.972182 0.089366 -0.489118 0.028795 0.871742 -0.844919 0.232452 -0.481746
0.037416 -23.068395 0.564884 650.841181 0.178317 0.977824 0.109830 -0.256793 -0.061505 0.964507 -0.949874 0.200192 -0.240131
0.180680 -16.619896 1.101124 273.259385 0.157524 0.975290 0.154905 -0.187774 -0.124419 0.974300 -0.969498 0.182563 -0.163536
2.059034 -15.190059 -9.407756 -358.329885 0.215614 0.976300 -0.018672 0.795430 -0.164514 0.583289 -0.566393 0.140618 0.812050
1.810055 -14.791198 -11.214103 -302.754380 0.217955 0.975347 0.034557 0.881979 -0.212003 0.420912 -0.417861 0.061261 0.906443
1.821920 -11.830746 -9.911691 -170.346251 0.158532 0.987161 0.019534 0.813678 -0.141827 0.563749 -0.559281 0.073478 0.825715
0.793480 -14.882511 -19.575587 -89.078267 0.352002 -0.116332 0.928742 -0.475001 0.832781 0.284343 -0.806516 -0.541242 0.237883
0.405882 -16.855997 11.658419 -131.776828 0.422059 -0.169727 0.890539 -0.391647 0.851786 0.347957 -0.817606 -0.495635 0.293030
-0.211255 -14.536383 2.676180 47.711511 0.389225 -0.156794 0.907700 -0.221070 0.940707 0.257291 -0.894221 -0.300809 0.331484
1.155236 -16.270455 -1.325562 256.929795 -0.394981 0.147690 -0.906740 0.615871 -0.689799 -0.380631 -0.681684 -0.708777 0.181500
-0.041951 -13.256385 -18.160744 107.525882 0.350227 -0.051206 0.935264 -0.336049 0.925160 0.176492 -0.874307 -0.376107 0.306808
1.263376 -14.286071 3.617908 145.710884 -0.360473 0.060160 -0.930828 0.644189 -0.705656 -0.295076 -0.674596 -0.705996 0.215615
7.807620 -7.027859 -2.190530 40.073811 0.279863 0.781728 0.557296 0.419589 -0.621713 0.661377 -0.863494 -0.048740 0.501998
10.995691 -6.452383 -170.688754 38.990684 0.372271 0.763050 0.528365 0.395360 -0.645423 0.653543 -0.839705 0.034401 0.541952
6.993824 -6.531592 -86.454039 61.651368 0.315679 0.757901 0.570905 0.495942 -0.644735 0.581685 -0.808942 -0.099510 0.579405
3.413773 -7.704633 -97.536000 11.489056 0.162639 0.964040 -0.210180 0.981101 -0.135375 0.138255 0.104831 -0.228694 -0.967838
4.575838 -8.766933 -69.921508 -17.338981 0.177726 0.974591 -0.136329 -0.950303 0.133987 -0.281019 0.255612 -0.179498 -0.949970
4.711426 -8.557006 -50.382488 5.788803 0.133891 0.985449 -0.104708 0.984670 -0.120372 0.126240 0.111799 -0.120005 -0.986458
0.520310 -4.036114 -10.352617 16.124704 -0.029363 0.994110 -0.104319 0.237860 0.108315 0.965241 -0.970855 -0.003529 0.239640
0.685664 -4.208006 0.858512 12.543667 -0.011159 0.995275 -0.096451 0.230097 0.096425 0.968379 -0.973104 0.011387 0.230086
0.567353 -3.744026 -0.028909 14.558217 0.007653 0.998334 -0.057196 0.352355 0.050837 0.934485 -0.935835 0.027305 0.351378
0.226038 -3.478194 -20.146304 13.124658 -0.019471 0.999168 -0.035823 0.355996 0.040410 0.933613 -0.934285 -0.005425 0.356486
0.607388 -3.385522 -3.682737 11.648878 0.026498 0.999611 0.008693 0.459861 -0.019911 0.887767 -0.887595 0.019527 0.460210
0.755588 -3.664860 3.407498 14.483206 0.027718 0.999360 -0.022615 0.444066 0.007959 0.895958 -0.895565 0.034877 0.443562
1.193612 -0.839912 73.115344 -11.471146 0.933406 -0.357860 0.026258 0.358379 0.933390 -0.018661 0.017831 -0.026828 -0.999481
1.092221 -0.617022 82.499345 -12.161541 0.950269 -0.309523 0.034401 0.310758 0.949667 -0.039527 0.020435 -0.048252 -0.998626
-0.042756 -0.850886 -16.500452 -16.490730 -0.725067 0.688676 0.001764 0.688422 0.724865 -0.025424 -0.018788 -0.017219 -0.999675
0.175923 -1.281130 -20.994126 -18.325446 -0.774036 0.633108 0.006544 0.633113 0.774058 -0.001523 -0.006030 0.002964 -0.999977
-0.444324 -5.332141 5.165448 -11.836644 0.055523 0.998457 -0.000932 0.602352 -0.032751 0.797558 -0.796297 0.044844 0.603241
-0.441987 -5.056809 3.146998 -6.394338 0.022312 0.999744 -0.003631 0.433868 -0.006411 0.900954 -0.900700 0.021677 0.433900
-0.624253 -5.614907 4.928625 -17.112891 0.053998 0.997760 0.039496 0.589863 -0.063788 0.804980 -0.805696 0.020170 0.591986
-0.186562 -4.780753 -3.966091 5.351799 -0.034084 0.997261 0.065636 -0.056306 -0.067486 0.996130 -0.997832 -0.030256 -0.058452
-0.211922 -4.836613 0.249854 3.800043 -0.016697 0.998611 0.049964 -0.073886 -0.051067 0.995958 -0.997127 -0.012938 -0.074636
-0.166373 -5.035762 -0.648197 10.194877 -0.022525 0.998059 0.058058 -0.212337 -0.061524 0.975258 -0.976937 -0.009640 -0.213311
0.145005 -8.068215 13.280386 34.695105 0.321726 0.829753 0.456073 0.172063 -0.524898 0.833592 -0.931067 0.189715 0.311643
0.451341 -8.406681 8.601155 64.565922 0.300595 0.832248 0.465839 0.147497 -0.523116 0.839401 -0.942278 0.183610 0.280000
0.144530 -9.133420 12.626862 60.701044 0.313198 0.820260 0.478624 -0.027777 -0.495853 0.867962 -0.949281 0.285139 0.132516
0.399979 -7.077325 7.296935 14.217541 0.311609 0.828517 0.465251 0.313644 -0.551871 0.772701 -0.896954 0.094857 0.431827
-0.320184 -8.609390 13.373692 38.593392 0.315159 0.827925 0.463912 -0.002883 -0.487986 0.872847 -0.949034 0.276423 0.151406
0.151257 -7.537252 12.296946 -17.818454 0.336036 0.818271 0.466382 0.337876 -0.566949 0.751271 -0.879159 0.094875 0.466989
-0.283998 -7.980743 14.146939 9.759303 0.325290 0.832522 0.448434 0.193179 -0.522730 0.830322 -0.925672 0.183468 0.330865
849.368368 -0.743104 127896.162677 -79.170292 0.472045 0.881182 0.026293 -0.054458 0.058915 -0.996776 0.879891 -0.469091 -0.075798
256.260867 -5.382260 -11494.830410 14.775433 0.958688 0.284446 -0.002721 -0.019717 0.056904 -0.998185 0.283774 -0.957002 -0.060162
139.575275 -6.500062 10504.845877 -23.179248 0.700880 0.713215 -0.009516 0.024807 -0.037707 -0.998981 0.712847 -0.699930 0.044121
231.720042 -3.637309 28624.944696 -224.388728 0.350404 0.935535 0.044630 0.053334 0.027643 -0.998194 0.935079 -0.352151 0.040210
95.800063 -6.390982 8458.882992 -43.134021 0.531692 0.845733 -0.045152 0.127478 -0.132619 -0.982935 0.837289 -0.516863 0.178325
78.630464 -6.375215 0.046070 -20.054286 0.836326 0.548107 -0.011750 0.109997 -0.188757 -0.975844 0.537085 -0.814831 0.218152
-0.485022 -2.995845 -41.257993 -9.328370 -0.030717 0.993976 -0.105205 -0.945785 0.005144 0.324752 -0.323337 -0.109476 -0.939930
-0.058872 -2.782436 -31.463312 9.082220 -0.053898 0.995604 -0.076599 -0.902275 -0.015695 0.430875 -0.427779 -0.092337 -0.899155
-1.171179 -2.933040 -35.802885 6.796219 0.142057 0.976512 -0.162000 -0.897614 0.196071 0.394773 -0.417264 -0.089333 -0.904384
-1.162767 -3.304679 -56.480153 -18.609495 0.011850 0.990651 -0.135902 -0.966177 0.046358 0.253679 -0.257608 -0.128300 -0.957694
-0.444978 -2.956467 -51.850035 -16.744375 -0.111565 0.988147 -0.105444 -0.973613 -0.087431 0.210793 -0.199076 -0.126179 -0.971827
-1.616648 -3.340996 -33.362313 2.994989 0.226429 0.959665 -0.166651 -0.901150 0.271334 0.338093 -0.369675 -0.073623 -0.926240
-1.406665 -2.594596 -21.439874 -11.262455 -0.402889 -0.867848 0.290724 0.913795 -0.399312 0.074353 0.051562 0.295618 0.953914
-1.288155 -2.416812 -18.600416 0.733697 -0.146009 -0.938975 0.311459 0.989260 -0.136443 0.052415 -0.006720 0.315767 0.948813
-1.926868 -2.707875 -27.633323 -4.400235 -0.281880 -0.921267 0.267975 0.959446 -0.271401 0.076186 0.002542 0.278583 0.960409
0.278176 -9.630197 -27.858927 11.369187 0.461712 0.882728 -0.087252 0.428800 -0.136007 0.893103 -0.776500 0.449770 0.441310
0.643565 -9.988394 -19.391417 37.133624 0.465007 0.875136 -0.133809 0.320283 -0.025389 0.946982 -0.825341 0.483210 0.292097
0.870966 -9.528800 -18.002986 31.600569 0.469841 0.875877 -0.109950 0.453635 -0.132716 0.881250 -0.757275 0.463924 0.459684
0.483265 -9.149325 -25.792365 -1.887862 0.462542 0.883132 -0.078313 0.561960 -0.223711 0.796338 -0.685752 0.412348 0.599761
-0.291819 -9.331907 -28.794142 -7.050241 0.476857 0.877310 -0.054172 0.538369 -0.242798 0.806975 -0.694814 0.413976 0.588096
0.025329 -5.274539 97.430169 -38.946087 -0.225306 0.919254 0.322815 -0.588022 -0.392483 0.707239 -0.776832 0.030477 -0.628971
2.861440 -5.776990 177.923902 -50.611908 -0.272329 0.878951 0.391512 -0.459398 -0.476292 0.749733 -0.845452 -0.024314 -0.533497
2.097947 -4.980711 134.349012 -48.330684 -0.314245 0.845877 0.430978 -0.580317 -0.530439 0.617954 -0.751320 0.055915 -0.657565
0.603060 -4.430462 120.978434 -47.731724 -0.270520 0.866235 0.420066 -0.650505 -0.486128 0.583544 -0.709692 0.115395 -0.694998
-0.381345 -14.139851 15.461639 -22.447249 0.514005 0.392810 0.762561 0.604658 0.464639 -0.646915 -0.608430 0.793606 0.001311
-0.629883 -13.227391 2.546840 -19.877296 0.492150 0.413976 0.765776 0.481177 0.603714 -0.635609 -0.725436 0.681289 0.097922
-0.381867 -14.952057 21.267028 -17.697319 0.535134 0.417599 0.734332 0.441255 0.603083 -0.664519 -0.720365 0.679634 0.138463
-0.031804 -18.355392 23.235981 -109.904262 0.551547 0.427224 0.716433 -0.460812 -0.559871 0.688619 -0.695304 0.709947 0.111925
-0.085911 -16.333363 26.625569 35.843002 0.536430 0.398018 0.744194 0.655725 0.358555 -0.664427 -0.531288 0.844405 -0.068651
-6.285291 -43.232890 -74.568755 -1395.992464 -0.672984 0.736228 -0.071142 -0.708540 -0.669287 -0.223664 0.212282 0.100115 -0.972066
-0.797067 -251.578155 40.561498 14529.144043 -0.701673 0.711129 -0.044174 0.709793 0.692264 -0.130244 -0.062040 -0.122742 -0.990497
-8.857612 -36.912384 173.304368 1099.400601 0.797907 -0.602720 -0.008482 0.595754 0.786386 0.163323 0.091768 0.135369 -0.986536
-10.576868 -21.756445 200.602520 567.249567 0.735281 -0.677310 -0.024755 0.628978 0.668295 0.397201 0.252484 0.307625 -0.917398
0.460148 -3.779963 -12.234292 -19.550414 -0.151900 0.987718 0.036600 -0.783079 -0.142858 0.605292 -0.603086 -0.063283 -0.795162
-0.127633 -3.755395 -29.730871 -28.348033 -0.159979 0.987030 0.013336 -0.802514 -0.137915 0.580474 -0.574785 -0.082161 -0.814170
0.305643 -3.381280 -5.284673 -13.486061 -0.132031 0.990516 0.038031 -0.835864 -0.131875 0.532860 -0.532822 -0.038565 -0.845348
0.148175 -9.332722 12.100144 -13.119046 0.586050 0.760366 -0.279980 -0.409641 0.576159 0.707273 -0.699099 0.299806 -0.649135
0.386013 -8.919160 5.726713 -19.446844 0.553543 0.781590 -0.287589 -0.429467 0.563754 0.705506 -0.713546 0.267018 -0.647730
-0.071962 -9.323277 10.903539 19.863568 0.598401 0.742567 -0.300849 -0.525951 0.647342 0.551656 -0.604393 0.171880 -0.777924
-2.096779 -2.536641 -47.936106 10.630502 -0.616676 0.784186 0.069017 0.782958 0.601871 0.157249 0.081773 0.151009 -0.985144
-2.435551 -3.167779 5.640318 56.313542 0.186268 0.966720 0.175373 0.981880 -0.189498 0.001702 0.034878 0.171878 -0.984501
-2.149096 -2.492881 13.192612 38.248680 -0.035542 0.976190 0.213986 0.994830 0.014178 0.100555 0.095127 0.216453 -0.971647
-1.276332 -2.145485 36.235443 22.515819 0.861308 -0.508076 0.002521 0.492814 0.836622 0.239160 0.123621 0.204748 -0.970977
-1.016115 -2.413098 30.853636 10.556886 0.837259 -0.546806 -0.000599 0.537499 0.822806 0.184621 0.100459 0.154898 -0.982810
6.546767 -5.829471 150.989038 -9.518063 0.481017 0.875505 0.045971 0.521352 -0.243495 -0.817865 0.704851 -0.417374 0.573572
3.558373 -5.545226 72.825708 -12.551382 0.383870 0.919403 0.085690 0.537044 -0.146806 -0.830682 0.751151 -0.364893 0.550114
6.138186 -6.122225 180.138477 -23.942702 0.385539 0.912452 0.137081 0.451244 -0.056868 -0.890587 0.804822 -0.405213 0.433664
3.390638 -5.243667 55.215700 -9.965586 0.460013 0.887897 0.005187 0.604858 -0.309085 -0.733903 0.650027 -0.340742 0.679235
5.579709 -5.518941 105.084482 -9.769361 0.553196 0.832436 -0.032012 0.580912 -0.413019 -0.701396 0.597089 -0.369414 0.712053
0.709924 -6.918888 -11.040363 -363.502353 0.186348 0.945939 0.265469 -0.261484 0.308208 -0.914677 0.947048 -0.101032 -0.304782
0.533978 -14.254073 -8.381018 -834.666240 0.219509 0.910753 0.349779 -0.300894 0.404245 -0.863741 0.928051 -0.084353 -0.362775
0.453823 -11.881698 -4.437104 -579.888083 0.226512 0.908086 0.352238 -0.245270 0.403163 -0.881647 0.942621 -0.113310 -0.314048
0.681124 -8.059986 -7.836351 -567.827355 0.171836 0.939282 0.297021 -0.311965 0.337872 -0.887987 0.934425 -0.059928 -0.351082
0.656413 -8.088850 -9.675352 -291.616223 0.203672 0.940493 0.272013 -0.199092 0.311818 -0.929049 0.958582 -0.135066 -0.250753
1.220619 -4.151827 -31.841044 -11.514468 0.100050 0.992974 0.063183 -0.287560 0.089648 -0.953558 0.952522 -0.077234 -0.294509
0.973515 -3.296747 -4.292909 -66.455988 0.073312 0.992655 0.096231 -0.351874 0.116031 -0.928828 0.933172 -0.034234 -0.357796
0.451796 -12.165551 -7.315142 15.337986 0.025315 0.955006 0.295503 -0.324829 -0.271700 0.905906 -0.945434 0.118921 -0.303336
0.304250 -12.104992 -5.331313 55.531405 -0.010471 0.942553 0.333892 -0.314565 -0.320062 0.893649 -0.949178 0.095674 -0.299845
0.159065 -12.347837 -1.316874 27.015792 0.016539 0.950846 0.309223 -0.478338 -0.264054 0.837537 -0.878020 0.161765 -0.450459
1.169111 -14.022816 -41.489856 -105.362389 -0.050186 0.066984 -0.996491 0.844237 0.535931 -0.006493 0.533616 -0.841600 -0.083446
0.623238 -14.264883 -29.564943 27.076155 -0.056598 0.079061 -0.995262 0.676340 0.736317 0.020030 0.734412 -0.672002 -0.095147
1.343619 -13.975055 -33.293502 -118.716365 -0.044961 0.137510 -0.989479 0.828108 0.559134 0.040076 0.558762 -0.817594 -0.139012
1.820490 -11.778547 -24.348368 -158.889543 -0.045126 0.148775 -0.987841 0.944073 0.329673 0.006524 0.326635 -0.932299 -0.155331
2.053587 -11.836339 -11.692584 -169.221464 -0.072975 0.209267 -0.975132 0.922546 0.385642 0.013721 0.378923 -0.898603 -0.221201
-5.863097 -7.445558 19.611891 46.045155 -0.217243 0.972309 -0.086146 0.950382 0.190558 -0.245892 0.222667 0.135289 0.965462
-4.653837 -6.025677 5.776520 51.196153 0.407664 0.845378 -0.345176 0.841156 -0.494768 -0.218314 0.355340 0.201348 0.912794
4.056964 -5.926049 19.371830 1.394638 0.038684 0.973991 0.223259 -0.274432 0.225190 -0.934867 0.960828 0.025105 -0.276005
4.358722 -7.053052 -1.374480 8.683522 -0.011302 0.953046 0.302615 -0.285448 0.286966 -0.914423 0.958327 0.096716 -0.268802
4.987367 -6.710150 15.858331 -68.355386 0.053336 0.983090 0.175184 -0.360417 0.182560 -0.914752 0.931265 0.014351 -0.364060
4.757680 -6.061631 19.355344 -30.308371 0.118670 0.988124 0.097611 -0.328087 0.131806 -0.935407 0.937164 -0.078980 -0.339832
0.728842 -1.129575 18.508277 -1.196592 0.169101 0.983122 0.069821 0.577586 -0.041446 -0.815277 0.798623 -0.178192 0.574847
0.656057 -1.383247 24.558986 18.697694 0.181703 0.982820 0.032396 0.584019 -0.081351 -0.807654 0.791142 -0.165673 0.588767
0.040567 -1.403959 38.712762 21.363618 0.169996 0.985415 0.007679 0.583411 -0.094359 -0.806677 0.794187 -0.141612 0.590942
-1.281029 -5.073549 -6.250711 7.744819 0.117278 0.990223 0.075527 -0.814903 0.139423 -0.562578 0.567608 -0.004431 -0.823287
-1.385263 -5.098939 27.455700 0.543992 0.063245 0.993120 0.098549 -0.733364 0.113222 -0.670342 0.676888 0.029876 -0.735480
-0.446886 -7.158344 -0.823407 -16.783700 0.140880 0.964551 0.223147 0.942752 -0.061882 -0.327704 0.302279 -0.256540 0.918050
1.426477 -9.197547 3.701592 -131.804651 0.146455 0.978512 0.145137 -0.941022 0.183050 -0.284551 0.305004 0.094903 -0.947611
1.313136 -9.100182 8.302412 -125.485895 0.151320 0.967395 0.203099 -0.933580 0.207390 -0.292263 0.324854 0.145384 -0.934523
1.419519 -8.022641 -3.458128 -86.834934 0.154801 0.983103 0.097704 -0.885697 0.181913 -0.427139 0.437695 0.020414 -0.898892
1.463780 -10.463176 7.858912 85.373717 0.145779 0.970197 0.193560 0.981137 -0.166888 0.097566 0.126962 0.175686 -0.976225
1.507132 -10.229769 0.510993 61.647291 0.134920 0.981632 0.134886 0.985554 -0.147013 0.084085 0.102371 0.121593 -0.987287
1.456594 -9.221888 -6.270656 -119.179301 0.148770 0.985136 0.085879 -0.948831 0.166669 -0.268218 0.278545 0.041582 -0.959523
-0.236267 -13.590277 2.245974 17.219529 0.264493 0.947319 0.180638 0.800123 -0.110992 -0.589478 0.538374 -0.300445 0.787329
-0.073520 -13.491420 5.114037 19.831415 0.227882 0.955045 0.189629 0.810045 -0.077890 -0.581171 0.540274 -0.286046 0.791379
0.139816 -12.880603 -5.638055 -129.047395 -0.239623 -0.952001 -0.190458 0.945072 -0.183805 -0.270286 0.222305 -0.244763 0.943754
0.435764 -12.789488 -11.083322 -109.149030 -0.204502 -0.958256 -0.199809 0.949778 -0.144856 -0.277377 0.236855 -0.246498 0.939755
0.199359 -13.522145 12.428315 26.689943 0.183917 0.961343 0.204925 0.812383 -0.031297 -0.582283 0.553361 -0.273569 0.786735
-1.057004 -8.778775 8.150774 -10.873167 0.280863 0.922143 0.266024 -0.882046 0.138755 0.450268 -0.378300 0.361109 -0.852343
-0.740147 -9.278542 9.186264 22.340010 0.263502 0.913107 0.311130 0.902370 -0.119297 -0.414121 -0.341020 0.389876 -0.855396
-1.078367 -8.857249 9.507226 20.659834 0.242565 0.923405 0.297463 0.947670 -0.159931 -0.276304 -0.207567 0.348919 -0.913877
87.914082 -2.925258 17540.945549 -19.258529 0.399330 0.873981 0.276936 0.248493 -0.393937 0.884909 -0.882489 0.284554 0.374489
110.316047 -4.300264 23782.265340 36.423244 0.382292 0.856602 0.346535 0.195794 -0.441597 0.875590 -0.903060 0.266881 0.336536
7.512615 -3.689723 3986.404270 14.564226 0.465969 0.724745 0.507560 0.068781 -0.601577 0.795848 -0.882124 0.335930 0.330165
1.146697 -5.880170 -14.272454 43.363234 0.204779 0.880880 0.426750 0.766378 -0.415506 0.489918 -0.608877 -0.226727 0.760174
1.357712 -7.416936 -21.817010 -106.756519 0.254004 0.819450 0.513793 0.848558 -0.443725 0.288198 -0.464147 -0.362780 0.808059
0.096091 -9.243839 8.339726 -18.189454 0.164274 0.983903 0.070349 -0.392845 -0.000162 0.919605 -0.904813 0.178704 -0.386494
0.688225 -17.053283 47.413217 -327.909256 -0.209328 0.971678 -0.109653 0.903441 0.149275 -0.401885 0.374135 0.183190 0.909101
2.207297 -16.583568 122.875148 -283.682469 -0.282286 0.955216 -0.088757 0.866620 0.214231 -0.450639 0.411443 0.204128 0.888283
3.950733 -12.746735 154.881406 -307.506092 -0.302372 0.949745 -0.080968 0.933286 0.277720 -0.227702 0.193772 0.144417 0.970359
4.112204 -16.618946 153.901798 -292.799062 -0.336897 0.941502 -0.008613 0.819502 0.288714 -0.495035 0.463590 0.173835 0.868830
6.072574 -12.877136 226.750263 -261.975650 -0.346868 0.937440 -0.029823 0.900951 0.324191 -0.288421 0.260709 0.126913 0.957039
-10.428364 -248.405579 -28.805093 6280.944317 -0.236836 0.960640 0.145188 0.962050 0.252733 -0.102885 0.135529 -0.115311 0.984040
-1.912005 -36.031035 -148.701422 295.741440 -0.384628 0.883162 0.268490 0.849875 0.452331 -0.270387 0.360242 -0.124185 0.924556
-4.023852 -256.389683 207.519235 3301.304210 0.268963 -0.905398 -0.328503 0.950274 0.193871 0.243706 -0.156964 -0.377716 0.912520
19.103242 -1579.121599 861.816151 -66804.737146 -0.398671 0.890844 0.217849 0.653630 0.109383 0.748868 -0.643296 -0.440945 0.625890
-1.228841 -2.842774 18.089743 19.805613 -0.176424 0.965450 -0.191783 0.947247 0.113561 -0.299711 0.267577 0.234541 0.934555
-0.928492 -2.406320 16.659363 23.045419 -0.153645 0.962870 -0.221979 0.940459 0.073565 -0.331850 0.303198 0.259749 0.916843
-0.592525 -2.539335 -14.430046 27.226159 0.269320 -0.943700 0.192086 0.926534 0.199497 -0.318962 0.262683 0.263877 0.928098
-0.838120 -3.026357 -15.687493 17.468907 0.259522 -0.948575 0.181254 0.941435 0.206656 -0.266446 0.215287 0.239788 0.946654
-0.293916 -2.099227 11.382983 30.444953 -0.290877 0.936987 -0.193510 0.911422 0.209842 -0.353945 0.291035 0.279324 0.915028
-0.196038 -2.560125 -7.722503 27.724816 0.338205 -0.925090 0.172700 0.908533 0.273126 -0.316179 0.245326 0.263837 0.932848
1.597385 -4.351446 62.367206 -1.822029 0.122956 0.933716 0.336238 -0.868642 0.265107 -0.418545 0.479941 0.240608 -0.843661
0.397541 -4.175967 70.105817 -3.461159 0.149119 0.915500 0.373663 -0.853646 0.309906 -0.418625 0.499051 0.256551 -0.827726
0.315096 -4.149390 61.800010 0.253065 0.192363 0.899655 0.391941 -0.893633 0.325627 -0.308848 0.405483 0.290840 -0.866600
0.287399 -0.738724 18.366516 -6.802334 0.005084 0.911777 0.410654 0.990395 0.052151 -0.128054 -0.138172 0.407361 -0.902755
-0.285291 -0.679968 2.701814 4.309130 -0.569065 0.708478 0.417400 0.805698 0.581868 0.110815 -0.164362 0.399360 -0.901941
0.160327 -0.506220 6.382556 -1.645825 -0.057079 0.912944 0.404074 0.986156 0.114670 -0.119776 -0.155684 0.391644 -0.906850
-2.409267 -7.242505 -27.158991 -312.426257 0.244431 -0.263423 0.933200 0.160990 0.960060 0.228837 -0.956209 0.094301 0.277077
-1.814340 -8.785873 -25.066858 -171.052922 0.210815 -0.292609 0.932704 0.241104 0.940234 0.240476 -0.947326 0.174183 0.268764
0.380826 -15.055207 3.620829 53.061748 0.155671 0.979997 0.123989 -0.348579 -0.062946 0.935163 -0.924262 0.188798 -0.331807
-2.820194 -3.545466 33.774449 -31.923596 -0.194518 0.980288 -0.034605 -0.287479 -0.023244 0.957505 -0.937826 -0.196200 -0.286334
-1.475629 -3.437262 37.292224 -15.074885 -0.008206 0.939102 -0.343541 -0.369616 0.316374 0.873666 -0.929148 -0.134147 -0.344511
-0.850732 -2.591709 -35.966842 -26.855479 -0.296826 0.937774 0.180208 -0.360682 -0.284833 0.888132 -0.884196 -0.198623 -0.422784
3.073038 -7.979628 -97.962730 11.534194 0.219076 0.951010 -0.218140 0.942098 -0.148000 0.300912 0.253886 -0.271432 -0.928368
0.748772 -4.454910 -4.742761 9.369251 -0.031850 0.990768 -0.131777 0.098958 0.134321 0.985984 -0.994582 -0.018363 0.102323
0.789609 -4.587929 -0.752024 6.745298 -0.016642 0.992261 -0.123050 0.093534 0.124073 0.987855 -0.995477 -0.004930 0.094875
0.663445 -4.385238 -1.316880 9.712854 -0.004676 0.995061 -0.099152 0.223942 0.097677 0.969696 -0.974591 0.017670 0.223292
2.315279 -0.759985 58.219179 -6.447405 0.951350 -0.308108 -0.001236 0.307609 0.950022 -0.053238 -0.017578 -0.050267 -0.998581
2.886214 -0.601758 94.300089 -6.404908 0.962614 -0.269938 0.022546 0.270841 0.960517 -0.063659 0.004472 -0.067386 -0.997717
1.458518 -0.405767 104.962500 -3.032548 0.980294 -0.191831 0.047165 0.194210 0.979558 -0.052428 0.036144 -0.060555 -0.997510
-0.534747 -5.061433 -7.086975 -4.200357 0.045754 0.998787 -0.018208 0.642962 -0.015494 0.765742 -0.764531 0.046743 0.642890
-0.405223 -5.162925 -0.016455 -7.411125 0.052060 0.998480 -0.018118 0.623961 -0.018357 0.781240 -0.779720 0.051977 0.623967
-0.552941 -5.641230 -3.633468 -18.625752 0.076179 0.997093 0.001355 0.761537 -0.059059 0.645425 -0.643629 0.048136 0.763822
-0.693584 -5.428525 -9.453129 -12.033603 0.059082 0.998147 -0.014551 0.777001 -0.036831 0.628421 -0.626720 0.048435 0.777738
-0.594851 -6.348695 -0.774914 -28.330019 0.111319 0.993615 0.018367 0.865672 -0.106029 0.489254 -0.488077 0.038564 0.871948
-0.712201 -5.998226 -6.047152 -21.126445 0.093711 0.995599 -0.000661 0.874330 -0.081979 0.478357 -0.476198 0.045405 0.878165
-0.230814 -5.477840 1.380924 15.720726 -0.010460 0.999256 0.037125 -0.341360 -0.038465 0.939145 -0.939874 0.002849 -0.341508
-0.392525 -6.141680 1.901098 19.629809 0.010517 0.999878 -0.011563 -0.474318 0.015168 0.880223 -0.880291 0.003773 -0.474420
-0.257908 -5.610062 0.573091 18.662594 -0.007530 0.999803 0.018360 -0.321806 -0.019806 0.946599 -0.946776 -0.001220 -0.321892
0.501161 -9.709843 11.460864 69.206752 0.299706 0.818591 0.489984 -0.071614 -0.492841 0.867168 -0.951340 0.294985 0.089085
244.707555 -6.247484 10763.645210 12.618325 0.859247 0.508524 0.055655 -0.050261 0.192187 -0.980070 0.509086 -0.839325 -0.190695
470.210006 -0.907569 -21655.778901 -56.295458 0.936367 -0.238366 -0.257678 -0.220593 0.171424 -0.960183 -0.273047 -0.955927 -0.107934
230.522771 -3.928585 -9860.144108 -94.696420 0.951423 -0.280432 -0.127094 -0.130452 0.006742 -0.991432 -0.278886 -0.959850 0.030169
0.564625 -2.907932 -11.019533 -4.540560 -0.101148 0.994538 -0.025760 -0.885665 -0.078221 0.457690 -0.453175 -0.069109 -0.888739
0.213636 -2.995567 -25.209456 3.013497 -0.075635 0.995726 -0.053009 -0.872284 -0.040315 0.487335 -0.483115 -0.083099 -0.871605
0.592972 -3.329281 -6.299362 -17.301449 -0.096124 0.995303 -0.011490 -0.848428 -0.075892 0.523842 -0.520509 -0.060102 -0.851738
1.913554 -3.956869 49.956315 10.897986 0.162644 -0.974216 -0.156365 0.983703 0.147792 0.102405 -0.076655 -0.170472 0.982376
1.019351 -4.142176 63.661270 6.268242 0.210841 -0.961215 -0.177798 0.971882 0.186620 0.143593 -0.104843 -0.203074 0.973534
2.387247 -4.054116 -40.227689 5.943873 -0.136207 0.979806 0.146382 0.974210 0.105641 0.199388 -0.179897 -0.169765 0.968926
-1.178314 -5.090499 -7.578311 -7.453089 0.221115 0.948568 -0.226554 0.415315 0.118599 0.901913 -0.882395 0.293518 0.367730
-0.778274 -5.289845 12.100501 -3.487649 0.277082 0.941755 -0.190588 0.535861 0.013186 0.844204 -0.797546 0.336042 0.500996
-0.808791 -5.044603 16.678162 -1.132278 0.295800 0.938630 -0.177416 0.421804 0.038298 0.905878 -0.857079 0.342793 0.384589
0.397570 -9.864178 -18.831022 -1.626106 0.466754 0.870370 -0.156833 0.150169 0.096762 0.983914 -0.871545 0.482797 0.085539
0.930314 -10.368615 -7.143942 24.565429 0.488154 0.853361 -0.182977 0.188604 0.101553 0.976788 -0.852135 0.511334 0.111373
0.708186 -10.050441 -10.980379 -32.722577 0.487045 0.850985 -0.196497 0.000075 0.224945 0.974372 -0.873377 0.474577 -0.109494
0.045613 -9.366889 -30.912029 -31.193692 0.453428 0.871914 -0.184849 -0.031481 0.222931 0.974326 -0.890737 0.435968 -0.128532
-0.660469 -13.996399 -0.396731 -49.608711 0.466826 0.411591 0.782730 0.573903 0.532403 -0.622239 -0.672836 0.739689 0.012327
-0.980267 -13.326646 -2.683573 -24.485619 0.470237 0.424644 0.773663 0.380773 0.693222 -0.611928 -0.796172 0.582341 0.164286
-4.051485 -84.637129 -22.235903 -2849.293931 -0.672351 0.728760 -0.129819 -0.705066 -0.683897 -0.187530 0.225447 0.034555 -0.973642
121.675462 -1228.466086 3149.289496 71070.160309 0.893819 -0.448421 -0.002634 0.432328 0.863272 -0.260487 -0.119081 -0.231689 -0.965474
-1.434248 -153.456018 -45.904993 9336.212709 0.731151 -0.682208 0.003304 0.560904 0.598374 -0.572132 -0.388336 -0.420168 -0.820155
433.667620 2.008698 28427.817555 -247.053681 0.937299 -0.134038 -0.321720 -0.348402 -0.384930 -0.854661 0.009282 -0.913161 0.407494
260.724179 -2.453867 -14327.967598 -116.299064 0.904243 -0.417284 -0.090653 -0.284159 -0.429550 -0.857170 -0.318744 -0.800850 0.506993
844.029919 -8.365878 40596.144035 -118.589129 -0.533033 0.840171 -0.099941 0.350130 0.326568 0.877931 -0.770250 -0.432974 0.468241
217.666200 -4.338981 8116.249270 -147.380213 0.797438 0.400152 -0.451632 -0.308749 -0.372481 -0.875176 0.518427 -0.837339 0.173483
142.969894 1.054392 -3265.783162 -76.375607 0.936817 -0.340744 -0.079167 -0.250476 -0.495390 -0.831775 -0.244204 -0.799051 0.549438
50.331813 -1.954413 1902.012162 -17.396933 0.606987 0.642529 -0.467678 -0.267365 -0.389080 -0.881551 0.748387 -0.660131 0.064377
576.394976 -4.028047 29432.790203 -0.240725 0.746123 0.384322 -0.543688 -0.372834 -0.435379 -0.819414 0.551629 -0.814089 0.181558
-0.093233 -4.310777 -42.658914 -26.375433 -0.161329 0.986875 -0.007184 -0.737974 -0.115801 0.664819 -0.655261 -0.112556 -0.746970
-0.524562 -4.423631 -39.362496 -35.081121 -0.145230 0.989173 -0.021090 -0.755387 -0.097089 0.648047 -0.638983 -0.110047 -0.761309
-0.414397 -3.760483 -23.745952 -34.974971 -0.140263 0.990114 -0.000459 -0.819855 -0.115883 0.560721 -0.555125 -0.079025 -0.828004
0.094265 -9.061974 0.808761 25.821985 0.561600 0.766465 -0.311668 -0.549789 0.627179 0.551705 -0.618334 0.138486 -0.773618
0.483927 -8.384547 12.012972 -12.197059 0.557656 0.782366 -0.277349 -0.484491 0.578090 0.656568 -0.674009 0.231766 -0.701425
0.719726 -8.748834 15.660305 -42.004489 0.550635 0.795764 -0.252114 -0.380477 0.508086 0.772713 -0.742993 0.329559 -0.582540
-2.024970 -3.343145 19.131628 39.797169 0.208505 0.947341 0.243046 0.977651 -0.208722 -0.025158 0.026896 0.242860 -0.969688
2.808608 -5.883929 65.608540 -21.885944 0.306059 0.934762 0.180408 0.455007 0.022829 -0.890195 0.836240 -0.354539 0.418336
2.402957 -5.202468 61.942788 -11.677657 0.322200 0.942970 0.083641 0.522933 -0.103635 -0.846050 0.789131 -0.316336 0.526501
2.257583 -4.917603 42.588664 -9.245104 0.385866 0.922391 0.017369 0.603354 -0.238070 -0.761109 0.697905 -0.304166 0.648392
0.326628 -18.945531 -1.265454 -621.728092 0.227759 0.896980 0.378883 -0.410152 0.441282 -0.798151 0.883120 -0.026387 -0.468404
0.257746 -26.879709 -3.797519 -1139.998187 0.200963 0.914144 0.352073 -0.496032 0.404883 -0.768129 0.844729 0.020274 -0.534810
0.584218 -24.787360 -12.661989 -1360.514512 0.193882 0.918064 0.345787 -0.370418 0.394892 -0.840744 0.908405 -0.034919 -0.416630
0.231851 -11.365495 -5.746877 24.136921 -0.035218 0.932093 0.360502 -0.155295 -0.361448 0.919369 -0.987240 0.023606 -0.157479
0.187821 -12.033164 -4.701756 72.605791 -0.033426 0.935233 0.352451 -0.313970 -0.344621 0.884680 -0.948844 0.081088 -0.305154
-1.151498 -11.247120 -18.099818 164.777858 -0.055861 0.214332 -0.975162 0.310796 0.931896 0.187019 0.948834 -0.292630 -0.118670
-0.145744 -12.490255 -8.092546 129.734629 -0.085099 0.090253 -0.992276 0.468681 0.882458 0.040069 0.879259 -0.461651 -0.117396
-1.165510 -10.466253 17.656390 226.899366 -0.141871 0.062057 -0.987938 0.269513 0.962751 0.021772 0.952489 -0.263173 -0.153312
-2.235111 -8.514292 -33.449619 109.485551 -0.045845 0.400534 -0.915134 0.123529 0.911339 0.392684 0.991281 -0.095043 -0.091258
