11069
22123
-8.253528 -10.180465 95.376569 218.137009 0.241479 0.688517 -0.683836 0.582435 -0.666482 -0.465372 0.776181 0.285912 0.561958
-10.470002 -13.350178 -50.779516 319.133710 -0.180721 0.933464 -0.309814 0.716450 -0.090866 -0.691696 0.673825 0.346970 0.652359
-7.733308 -13.101336 -180.076768 508.106420 -0.259580 0.961813 -0.086799 0.594273 0.088243 -0.799408 0.761222 0.259093 0.594485
-8.855264 -11.897609 123.921406 -184.824886 0.319465 0.573654 -0.754230 -0.646231 0.714026 0.269355 0.693056 0.401358 0.598820
-6.148434 -8.920345 -116.723371 247.127395 -0.012454 0.935652 -0.352703 0.576428 -0.281504 -0.767128 0.817053 0.212862 0.535831
-5.533016 -8.339403 14.686552 -147.550700 0.355976 0.500864 -0.788934 -0.438435 0.835066 0.332325 0.825261 0.227596 0.516860
-6.407495 -10.550432 3.487884 -180.243851 0.389235 0.368748 -0.844109 -0.486953 0.860233 0.151248 0.781903 0.352170 0.514396
14.690850 -18.967819 -158.208488 -150.549560 0.021261 0.987598 -0.155554 -0.862310 -0.060621 -0.502739 0.505934 -0.144825 -0.850327
15.692544 -17.537766 -100.874374 149.969411 -0.056359 0.998020 0.027936 -0.943638 -0.044106 -0.328026 0.326145 0.044849 -0.944255
15.316412 -20.016637 -155.633553 92.617479 0.036923 0.982862 -0.180610 -0.976768 -0.002682 -0.214283 0.211095 -0.184326 -0.959929
12.536217 -19.444232 -132.858244 -116.498870 0.068508 0.950588 -0.302803 -0.916463 -0.059967 -0.395600 0.394210 -0.304609 -0.867071
11.773187 -17.537193 -85.070422 -345.054524 0.067048 0.962281 -0.263665 -0.755999 -0.123459 -0.642824 0.651129 -0.242431 -0.719206
-0.931924 -3.358336 -54.583562 -93.601476 -0.496107 -0.655544 0.569333 0.774129 -0.630899 -0.051871 0.393196 0.415004 0.820469
-1.451388 -3.530652 -30.556119 75.981926 0.096702 -0.901564 0.421700 0.928707 -0.070655 -0.364022 0.357984 0.426837 0.830456
-1.425744 -4.888661 58.703940 -86.437834 0.392190 0.741299 -0.544667 0.823688 -0.546611 -0.150844 0.409542 0.389477 0.824975
-0.249259 -5.220979 74.528201 130.502675 0.544933 0.613871 -0.571148 -0.717180 0.694142 0.061803 0.434397 0.375938 0.818517
0.518933 -4.869455 75.813964 138.658628 0.624164 0.533361 -0.570916 -0.657548 0.753260 -0.015166 0.421960 0.384871 0.820868
-0.451744 -10.525675 -113.592381 68.780202 0.467270 0.874517 -0.129922 -0.495816 0.137535 -0.857467 0.732001 -0.465086 -0.497866
0.547549 -11.574841 -80.211995 25.579647 0.459899 0.875780 -0.146637 -0.392429 0.052321 -0.918293 0.796551 -0.479866 -0.367744
0.894617 -10.831320 -59.360341 22.703894 0.417125 0.887741 -0.194737 -0.492029 0.040424 -0.869640 0.764143 -0.458565 -0.453656
1.584771 -9.480600 -227.857827 23.549419 0.217922 0.958930 -0.181560 -0.904967 0.128884 -0.405493 0.365439 -0.252671 -0.895886
1.302596 -8.901055 -209.685635 -51.604108 0.221022 0.957425 -0.185704 0.950524 -0.168852 0.260754 0.218296 -0.234149 -0.947376
-0.949168 -9.376953 -197.302621 49.104857 0.189907 0.963411 -0.189143 -0.930394 0.115072 -0.348031 0.313532 -0.242071 -0.918204
0.310004 -10.931530 -22.706793 17.840624 -0.427811 0.820507 -0.379137 0.069867 0.448225 0.891186 -0.901164 -0.354770 0.249083
0.048086 -11.563459 -20.030340 30.445811 -0.423643 0.816810 -0.391597 -0.062857 0.404757 0.912261 -0.903646 -0.411088 0.120130
0.285168 -11.985201 -16.352290 42.687293 -0.415563 0.811659 -0.410508 -0.040375 0.434418 0.899806 -0.908668 -0.390500 0.147757
0.645394 -11.173720 -21.392243 44.306790 -0.413500 0.820953 -0.393770 0.168879 0.494122 0.852833 -0.894705 -0.286147 0.342961
0.536406 -10.404246 -18.223079 49.200862 -0.423507 0.826912 -0.369945 0.202883 0.484581 0.850893 -0.882882 -0.285304 0.372990
0.192027 -10.639561 0.262658 39.945574 -0.405422 0.841411 -0.357295 0.168605 0.452981 0.875431 -0.898446 -0.294678 0.325515
0.759992 -25.928632 -107.626153 713.780432 -0.078113 0.912231 0.402160 0.522464 0.381018 -0.762796 0.849076 -0.150530 0.506370
0.465992 -32.756367 -163.414816 831.085265 -0.048599 0.908428 0.415207 0.727493 0.317031 -0.608478 0.684392 -0.272489 0.676282
1.916197 -32.049146 -96.266960 679.182733 -0.063332 0.920859 0.384717 0.713937 0.311163 -0.627273 0.697340 -0.234938 0.677142
1.623281 -24.315142 -11.917718 540.968464 -0.115170 0.929957 0.349164 0.480499 0.359799 -0.799791 0.869400 -0.075661 0.488282
1.348676 -17.649227 -22.636598 359.623810 -0.125647 0.916499 0.379793 0.336389 0.399506 -0.852782 0.933304 -0.020608 0.358497
32.556511 -8.131768 1308.959707 -70.266536 -0.627089 0.773020 -0.095915 0.239404 0.308439 0.920625 -0.741246 -0.554352 0.378483
24.897104 -8.558141 1211.435898 0.282746 -0.494573 0.842774 -0.212436 0.273088 0.382728 0.882577 -0.825118 -0.378485 0.419438
40.579542 -8.209846 1749.012294 20.942581 -0.658097 0.748386 -0.082625 0.346344 0.398330 0.849340 -0.668546 -0.530332 0.521339
27.729117 -6.703910 168.903083 24.708554 0.893912 -0.431406 -0.121697 -0.294773 -0.361241 -0.884655 -0.337684 -0.826676 0.450084
32.813017 -6.971081 -134.443215 -117.959808 0.895317 -0.419042 -0.151035 -0.364482 -0.494296 -0.789192 -0.256048 -0.761627 0.595285
55.530371 -8.038683 2661.757001 30.608639 -0.649200 0.747264 -0.141899 0.359153 0.465612 0.808835 -0.670484 -0.474132 0.570658
0.058062 -8.304836 -28.589735 13.159576 -0.150667 0.841447 -0.518909 -0.262655 -0.540108 -0.799560 0.953054 -0.015827 -0.302387
0.031918 -8.008670 -27.455188 -8.349674 -0.153529 0.848082 -0.507134 -0.327626 -0.527877 -0.783586 0.932250 -0.045847 -0.358898
0.146364 -8.315661 1.051878 27.753892 -0.160998 0.852798 -0.496805 -0.252024 -0.522207 -0.814729 0.954234 0.005963 -0.299000
0.190101 -8.000545 -9.204159 34.411593 -0.160065 0.833979 -0.528071 -0.175970 -0.550507 -0.816074 0.971295 0.037701 -0.234872
1.975449 -6.523662 -17.098087 128.495192 0.250769 0.959308 -0.129783 0.600270 -0.259274 -0.756606 0.759467 -0.111828 0.640862
1.048470 -8.061641 49.548453 79.062351 0.204384 0.971416 -0.120744 0.696585 -0.230992 -0.679273 0.687748 -0.054724 0.723884
0.421677 -6.984896 185.418266 139.831297 0.174593 0.971263 -0.161755 0.612491 -0.235756 -0.754502 0.770955 -0.032657 0.636051
-0.700406 -9.639318 -2.941139 49.663525 -0.381320 0.875931 -0.295535 0.299176 0.419415 0.857079 -0.874694 -0.238404 0.421989
-0.073039 -9.197027 26.534279 17.663852 -0.362042 0.894632 -0.261837 0.415307 0.406280 0.813914 -0.834533 -0.185928 0.518638
-0.177853 -9.212475 88.104034 33.469318 -0.342224 0.898946 -0.273459 0.350450 0.392146 0.850533 -0.871819 -0.195239 0.449237
-26.410297 -155.270167 1228.107911 -6557.095454 0.646383 0.761962 -0.040033 0.720798 -0.626990 -0.295524 0.250278 -0.162166 0.954496
-0.436872 -412.279105 51898.953576 26296.624122 -0.382960 -0.566400 -0.729748 0.873236 0.035722 -0.485986 0.301330 -0.823356 0.480921
-517.567126 -14663.018474 16082.474102 428994.606374 0.916269 0.187068 -0.354199 -0.374162 0.083993 -0.923552 0.143017 -0.978749 -0.146955
63.362604 -81.341703 -3345.974755 -5245.534867 -0.128916 -0.486700 0.864004 0.424751 0.760204 0.491605 -0.896084 0.430363 0.108724
-19.004944 -77.696477 197.292034 3564.349552 0.864446 0.484707 -0.133391 -0.474576 0.874333 0.101583 0.165866 -0.024509 0.985844
-9.272088 -112.867723 1000.160674 -6058.942949 0.277321 0.960436 -0.025590 0.941257 -0.266249 0.207717 -0.192685 0.081691 0.977854
36.096543 -425.911507 3386.525124 -29420.053982 0.673350 0.739296 -0.006422 0.724576 -0.658168 0.204462 -0.146931 0.142328 0.978853
8.705561 -3.722605 19.688280 42.611491 0.036893 0.995423 -0.088163 0.736463 -0.086716 -0.670897 0.675472 0.040178 0.736291
8.571898 -2.807069 90.524583 -31.890279 -0.127181 0.983052 -0.132038 0.734239 0.003808 -0.678881 0.666872 0.183288 0.722279
9.392414 -3.543624 74.905898 -32.086449 -0.060292 0.996733 -0.053749 0.719080 0.006025 -0.694901 0.692307 0.080547 0.717094
9.210344 -3.216888 144.445307 -50.696178 -0.188697 0.978006 -0.088870 0.697449 0.069756 -0.713231 0.691345 0.196567 0.695272
9.167491 -4.263604 -97.572630 3.840925 0.046683 0.997810 0.046856 0.712987 -0.000431 -0.701177 0.699622 -0.066141 0.711446
9.318821 -3.878295 15.600136 -21.173287 -0.074418 0.996901 0.025497 0.684959 0.069681 -0.725242 0.724771 0.036507 0.688022
18.799607 -3144.675769 74.505690 -70909.133478 0.080531 -0.969544 -0.231297 0.983484 0.115027 -0.139745 0.162095 -0.216223 0.962794
-8.667972 -2178.617606 -412.892525 358804.965439 -0.072419 0.947804 0.310522 0.908854 0.190940 -0.370846 0.410780 -0.255362 0.875243
37.339209 -15295.750923 4311.560088 2337216.812117 -0.032345 0.911887 0.409165 0.199179 -0.395287 0.896703 -0.979429 -0.110501 0.168843
-17.817603 -1537.992082 -1096.335717 94777.094957 -0.269905 0.834741 0.479956 -0.685658 0.183345 -0.704456 0.676036 0.519222 -0.522861
-5.533151 -6.973091 77.887534 3.471124 -0.567454 0.769998 0.291718 0.815768 0.477587 0.326239 0.111883 0.423100 -0.899149
-5.608175 -7.194410 -52.333047 32.917682 0.760627 -0.633866 -0.140216 0.604187 0.612177 0.510095 0.237495 0.472709 -0.848612
-6.357223 -6.866851 -26.735259 3.226060 0.843068 -0.536682 -0.034760 0.496209 0.751308 0.435102 0.207396 0.384069 -0.899710
-6.079475 -6.815456 -37.045294 -12.605612 0.039401 0.949496 0.311295 0.993265 -0.071188 0.091415 0.108959 0.305596 -0.945906
-0.503230 -5.614838 -17.275487 141.156610 0.169648 0.974574 -0.146373 -0.951085 0.200817 0.234755 -0.258181 -0.099387 -0.960971
-0.260815 -2.252318 -13.686616 287.973173 0.375420 0.904217 -0.203597 -0.854046 0.422821 0.303030 -0.360090 -0.060118 -0.930979
-0.379234 -3.638558 -13.090394 286.680994 0.236329 0.959415 -0.153858 -0.908944 0.274254 0.314016 -0.343468 -0.065637 -0.936868
1.548015 -10.242660 -19.815053 53.365115 -0.376387 0.837162 -0.396853 0.453714 0.540031 0.708880 -0.807761 -0.086755 0.583092
1.959174 -10.044067 -11.544314 63.332631 -0.354747 0.838159 -0.414300 0.490778 0.544095 0.680513 -0.795796 -0.038081 0.604366
1.671520 -9.334176 -15.385546 73.085674 -0.367413 0.840035 -0.399186 0.581731 0.542448 0.606084 -0.725670 0.009536 0.687977
1.794588 -11.076193 -5.037957 60.659336 -0.356828 0.833075 -0.422681 0.355670 0.539544 0.763146 -0.863813 -0.121977 0.488824
1.424428 -11.178492 -22.729220 35.798872 -0.387510 0.825132 -0.411088 0.278605 0.529902 0.800989 -0.878758 -0.195860 0.435229
-3.047557 -7.081688 32.961257 -77.254344 -0.338818 0.769921 -0.540763 -0.847331 -0.499521 -0.180302 0.408941 -0.397116 -0.821624
-3.252417 -7.435981 52.496976 85.171666 -0.188677 0.862897 -0.468839 0.914426 0.328454 0.236522 0.358086 -0.384092 -0.851027
-2.250641 -6.232285 78.342840 -83.563137 -0.184676 0.866243 -0.464238 -0.858854 -0.371877 -0.352246 0.477770 -0.333662 -0.812653
-2.578291 -6.517097 101.470314 -76.720490 -0.355081 0.771496 -0.527931 -0.800640 -0.542505 -0.254291 0.482590 -0.332389 -0.810324
-1.565158 -7.770795 -251.638859 365.459161 -0.220384 0.840243 -0.495402 -0.630956 0.264519 0.729332 -0.743859 -0.473310 -0.471860
1.761243 -7.130747 -330.589261 311.203829 -0.258140 0.852785 -0.454006 -0.573408 0.242968 0.782412 -0.777539 -0.462303 -0.426274
-2.596427 -3.842257 -271.830863 261.846418 -0.376899 0.901148 -0.214196 -0.434341 0.032303 0.900169 -0.818104 -0.432307 -0.379230
-3.872794 -5.225175 166.375764 96.064468 -0.220997 -0.490234 0.843108 -0.549695 0.776698 0.307532 -0.805603 -0.395488 -0.441127
-3.726077 -9.636963 -116.609457 284.344471 -0.145814 0.860202 -0.488662 -0.710854 0.252433 0.656478 -0.688058 -0.443091 -0.574670
-5.961840 -24.136886 -187.280134 -1420.194256 -0.144675 0.853535 -0.500548 -0.630900 0.310130 0.711185 -0.762256 -0.418686 -0.493627
-5.258861 -31.434497 -503.484594 -1970.732491 -0.277284 0.762394 -0.584695 -0.716073 0.241759 0.654822 -0.640588 -0.600256 -0.478894
-3.526739 -13.648493 -285.937023 365.225455 -0.283041 0.896663 -0.340416 -0.154121 0.307796 0.938887 -0.946644 -0.318208 -0.051075
-8.765609 -49.570554 -114.234482 -2892.512092 -0.137266 0.911194 -0.388438 -0.804095 0.126497 0.580886 -0.578436 -0.392077 -0.715323
-15.005953 -65.969006 -433.688016 3757.224087 -0.275622 0.890238 -0.362641 0.377262 0.447165 0.810998 -0.884141 -0.086718 0.459102
4.773837 -19.383317 -89.370593 412.919424 0.910651 0.156794 -0.382270 0.410070 -0.229736 0.882646 -0.050572 0.960540 0.273506
10.463389 -17.340634 264.822316 558.939671 0.959052 0.124302 -0.254498 0.283085 -0.449587 0.847192 0.009111 0.884545 0.466365
6.068164 -20.275177 244.445731 495.402144 0.967642 0.138599 -0.210854 0.238107 -0.224986 0.944821 -0.083512 0.964454 0.250707
17.806349 -18.424724 1081.186752 535.581353 0.994304 0.090545 -0.056216 0.088243 -0.403636 0.910654 -0.059764 0.910428 0.409327
11.077552 -20.340269 870.173803 441.160642 0.993697 0.109893 -0.022119 0.042040 -0.182426 0.982320 -0.103915 0.977059 0.185896
-1.739660 -13.748246 8.017739 137.317228 -0.297108 -0.034497 0.954221 0.839986 -0.484644 0.244018 0.454039 0.874031 0.172968
-2.010222 -14.571143 5.505437 69.956531 -0.284388 -0.064712 0.956523 0.917042 -0.309305 0.251725 0.279568 0.948759 0.147306
-1.576016 -13.044712 7.801953 84.832167 -0.283538 -0.083651 0.955305 0.851268 -0.480626 0.210574 0.441530 0.872927 0.207485
-1.890008 -14.567882 12.305320 53.988135 -0.265234 -0.117323 0.957020 0.917803 -0.334865 0.213313 0.295446 0.934934 0.196497
-1.182374 -11.909550 10.573913 135.985870 -0.299311 -0.070971 0.951512 0.736482 -0.651206 0.183099 0.606636 0.755576 0.247182
-1.410119 -13.076241 -10.013104 118.314824 -0.260127 -0.107527 0.959569 0.818828 -0.551230 0.160205 0.511717 0.827395 0.231436
-0.909586 -16.111668 0.555287 93.475288 -0.137130 -0.276464 0.951190 0.888394 0.390398 0.241546 -0.438122 0.878156 0.192074
-1.107707 -15.627385 36.917226 25.644705 -0.125905 -0.276579 0.952708 0.834900 0.489149 0.252340 -0.535808 0.827186 0.169329
-0.820745 -16.634704 11.236582 -35.140432 -0.108372 -0.265932 0.957881 0.726267 0.636773 0.258952 -0.678816 0.723741 0.124129
-1.190273 -15.240890 20.072932 115.801843 -0.141895 -0.275400 0.950800 0.934216 0.280304 0.220611 -0.327270 0.919557 0.217509
-0.816780 -16.936065 -14.937647 19.699926 -0.119618 -0.275897 0.953715 0.779310 0.569069 0.262368 -0.615116 0.774623 0.146938
-0.903199 -15.772347 -1.151918 156.252076 -0.130968 -0.296279 0.946079 0.890961 0.383342 0.243387 -0.434782 0.874796 0.213767
-0.840745 -15.042568 -23.362525 152.773739 -0.141613 -0.279125 0.949755 0.947423 0.239886 0.211765 -0.286942 0.929809 0.230478
-0.965286 -14.831870 4.580084 102.577036 -0.134868 -0.279304 0.950684 0.969341 0.161696 0.185020 -0.205398 0.946490 0.248933
-19.293082 -39.015112 -174.059920 -2419.099925 0.755724 -0.654185 -0.030378 0.043154 0.003458 0.999062 0.653466 0.756327 -0.030844
-40.553349 -62.876169 -1813.527663 -3041.757169 0.759781 -0.608724 0.228445 -0.207246 0.106289 0.972498 0.616264 0.786230 0.045399
-36.110525 -44.568956 1097.515418 2139.441673 -0.646539 0.753156 0.121420 -0.086005 0.086186 -0.992560 0.758017 0.652171 -0.009053
-3.106318 -30.263630 44.431016 978.580515 0.155554 -0.246885 -0.956478 -0.573171 0.766045 -0.290946 0.804536 0.593484 -0.022346
-4.366753 -19.729113 -88.053676 -346.121600 -0.125153 0.222975 0.966757 0.735163 -0.633497 0.241283 0.666238 0.740921 -0.084638
-0.097888 -11.705651 31.502247 -62.193736 0.229035 0.137883 -0.963603 -0.173319 0.979876 0.099016 0.957864 0.144333 0.248324
0.320414 -11.820236 54.522167 26.702835 0.225697 0.060493 -0.972318 -0.009723 0.998160 0.059844 0.974149 -0.004053 0.225870
0.685017 -10.875657 39.808497 -4.460611 0.237235 0.056902 -0.969784 -0.026676 0.998288 0.052049 0.971086 0.013522 0.238347
0.540271 -10.545603 27.004809 -54.219675 0.242769 0.103663 -0.964529 -0.158491 0.985153 0.065987 0.957049 0.136850 0.255595
1.366723 -10.919758 24.816579 90.467786 0.258331 -0.015283 -0.965936 0.090665 0.995845 0.008491 0.961793 -0.089770 0.258644
1.132264 -10.118020 27.744428 -8.214344 0.253218 0.041159 -0.966533 -0.042333 0.998609 0.031435 0.966482 0.032956 0.254609
-2.058121 -8.417990 -63.907934 15.117230 0.781137 0.044125 -0.622798 0.400864 0.729310 0.554450 -0.478678 0.682759 -0.552003
-1.058608 -8.356291 -98.072948 11.784046 0.748145 0.051698 -0.661518 0.442376 0.704202 0.555340 -0.494553 0.708115 -0.503975
-1.491535 -8.790845 -60.489755 -68.316499 0.774607 0.051236 -0.630364 0.458785 0.640525 0.615828 -0.435317 0.766226 -0.472649
-2.682840 -8.433299 -28.700846 -17.862167 0.833091 0.068630 -0.548862 0.357374 0.690584 0.628790 -0.422190 0.719988 -0.550793
-3.154481 -7.992260 -37.996186 -1.699551 0.811519 0.027018 -0.583701 0.344775 0.784372 0.515646 -0.471771 0.619702 -0.627217
-0.164776 -12.185491 19.081877 -104.430732 0.213363 0.198745 -0.956544 -0.428050 0.899128 0.091336 0.878208 0.389961 0.276913
-0.733918 -14.571189 6.230331 -124.512974 0.182766 0.256685 -0.949057 -0.568417 0.815215 0.111022 0.802184 0.519169 0.294898
-0.557658 -12.954140 29.652032 -104.289377 0.201759 0.215896 -0.955344 -0.376827 0.917432 0.127746 0.904043 0.334226 0.266456
0.037486 -11.314723 18.304048 -69.428009 0.229678 0.161495 -0.959775 -0.294001 0.951581 0.089760 0.927799 0.261558 0.266037
-1.164920 -37.845408 17.990088 -114.861208 0.287289 0.111547 0.951327 0.957834 -0.038046 -0.284793 0.004427 0.993031 -0.117774
-1.872885 -42.702141 44.901803 -491.507727 0.270682 0.103754 0.957061 0.962181 -0.060814 -0.265538 0.030652 0.992742 -0.116291
-1.526535 -39.887529 -17.635589 -851.145670 0.301531 0.129904 0.944565 0.882463 0.337094 -0.328066 -0.361024 0.932466 -0.012992
-1.284722 -39.709783 29.714349 182.461892 0.260442 0.106545 0.959593 0.906264 -0.369723 -0.204917 0.332950 0.923013 -0.192849
-0.028858 -9.338926 25.758406 41.028105 -0.732523 0.019580 0.680460 0.366882 0.853348 0.370398 -0.573417 0.520974 -0.632281
-0.118305 -10.141561 -51.263174 42.772576 -0.751204 0.007940 0.660023 0.340985 0.860839 0.377736 -0.565174 0.508815 -0.649373
-0.105306 -9.160406 5.141300 79.900973 0.757626 0.020743 -0.652359 0.403527 0.770697 0.493146 -0.513000 0.636865 -0.575530
-0.991468 -8.827800 86.058987 66.763245 0.796304 0.070201 -0.600809 0.387764 0.703078 0.596087 -0.464262 0.707639 -0.532643
-0.356661 -8.568397 -8.449244 15.348871 0.754847 0.039748 -0.654696 0.459772 0.679807 0.571378 -0.467778 0.732314 -0.494875
-0.375352 -8.628518 -83.259208 31.244798 0.733293 0.038793 -0.678805 0.443998 0.728782 0.521288 -0.514923 0.683646 -0.517187
-9.530625 -14.228262 -338.861667 577.148627 -0.396780 -0.645628 -0.652480 0.681824 0.268611 -0.680415 0.614558 -0.714851 0.333625
6.667635 -35.291427 -1554.270252 3170.313426 0.700831 -0.335548 -0.629478 0.453638 0.890672 0.030280 0.550498 -0.306776 0.776428
-6.045809 -68.813550 216.579774 3864.010465 0.035758 -0.372342 -0.927406 0.883117 0.446157 -0.145077 0.467787 -0.813821 0.344775
0.531826 -8.333123 -77.395636 -66.979673 -0.089327 0.995399 -0.034654 -0.608306 -0.026974 0.793244 -0.788660 -0.091939 -0.607917
1.430381 -8.376817 -95.569305 -27.013750 -0.071814 0.996009 -0.052997 -0.538787 0.005977 0.842421 -0.839376 -0.089052 -0.536207
0.504128 -8.893717 -77.943721 -16.490384 -0.080726 0.995206 -0.055205 -0.483824 0.009298 0.875116 -0.871434 -0.097355 -0.480754
1.234568 -7.880854 -80.804653 -63.761736 -0.082362 0.996365 -0.021746 -0.639498 -0.036102 0.767945 -0.764368 -0.077156 -0.640147
0.121734 -8.013004 -32.255034 -96.028716 -0.089572 0.995674 -0.024699 -0.670272 -0.041919 0.740931 -0.736690 -0.082922 -0.671127
0.681744 -7.336792 -63.291867 -94.313335 -0.097567 0.995182 -0.009644 -0.711999 -0.063026 0.699346 -0.695369 -0.075100 -0.714718
-2.183080 -5.501259 32.273509 51.505914 -0.141094 0.887833 0.438001 -0.786368 -0.369286 0.495231 -0.601430 0.274556 -0.750267
-2.926548 -6.554057 22.571935 47.541315 0.055498 0.956075 0.287821 -0.849463 -0.106280 0.516834 -0.524722 0.273177 -0.806251
-2.458409 -5.687941 58.782997 83.688375 -0.045787 0.937592 0.344710 -0.776271 -0.250581 0.578458 -0.628735 0.241102 -0.739298
-5.274501 -7.418953 61.048106 25.876539 0.767284 0.262396 -0.585170 -0.485186 0.834199 -0.262121 -0.419369 -0.485037 -0.767378
-5.434505 -6.777139 -39.233653 2.819313 -0.634434 -0.512237 0.578884 -0.633277 0.773869 -0.009274 -0.443230 -0.372478 -0.815357
-4.086809 -6.719897 132.349490 41.785223 0.888634 0.117645 -0.443271 -0.286845 0.896726 -0.337050 -0.357841 -0.426664 -0.830607
-3.146530 -7.409214 156.629411 35.005189 0.914737 0.027527 -0.403112 -0.238355 0.842353 -0.483351 -0.326257 -0.538222 -0.777093
-4.892163 -8.030581 80.334177 24.386936 0.792723 0.166296 -0.586460 -0.468806 0.781247 -0.412159 -0.389629 -0.601664 -0.697273
-5.915112 -8.177504 -0.428782 -1.658757 -0.503619 -0.493570 0.709053 -0.695550 0.718452 0.006084 -0.512424 -0.490118 -0.705129
-9.086841 -371.025692 -704.165610 -29805.666188 0.043550 -0.626556 0.778158 -0.454046 0.681397 0.574057 -0.889913 -0.378319 -0.254810
-14.849721 -226.750940 -359.685928 5100.981476 0.002070 -0.572201 0.820111 -0.051936 0.818944 0.571518 -0.998648 -0.043776 -0.028023
-7.475227 -447.818126 -10.844092 -33187.425422 -0.113004 0.744089 -0.658453 -0.301583 0.605747 0.736286 -0.946719 -0.281782 -0.155953
-10.932824 -153.687487 42.871676 8469.612523 -0.028174 0.665706 -0.745682 0.523371 0.645380 0.556387 -0.851639 0.374593 0.366594
-13.204884 -89.900837 -153.410513 4434.708590 -0.180375 0.523350 -0.832808 0.879363 -0.293528 -0.374916 -0.440665 -0.799966 -0.407270
-10.856297 -242.483907 257.883944 14045.549371 0.033500 -0.584909 0.810407 -0.078950 0.806779 0.585554 -0.996316 -0.083598 -0.019152
-10.126893 -183.016995 -257.652072 10847.569431 -0.000358 0.520507 -0.853857 0.774327 -0.540164 -0.329606 -0.632785 -0.661283 -0.402849
-3.913728 -8.119916 115.719180 351.832746 0.012248 0.953344 0.301639 -0.055398 0.301845 -0.951746 0.998389 0.005054 -0.056510
-5.444228 -10.352828 -82.164346 156.503860 0.055096 0.915504 -0.398519 0.011756 -0.399693 -0.916574 0.998412 -0.045814 0.032784
-4.713448 -11.398465 188.906485 481.638963 -0.066037 0.414515 -0.907644 0.034582 0.910033 0.413090 0.997218 -0.004109 -0.074431
-10.645427 -13.741051 135.531523 159.859808 0.086961 0.774690 -0.626333 0.815452 -0.416508 -0.401945 0.572256 0.475791 0.667942
-12.360489 -15.566882 -31.314293 276.864388 -0.306727 0.909113 -0.281838 0.797163 0.083583 -0.597950 0.520047 0.408078 0.750348
-7.738170 -14.035309 -202.222110 173.081403 -0.206812 0.964247 -0.165699 0.779713 0.060133 -0.623243 0.590996 0.258092 0.764272
15.075015 -16.710839 -54.143231 134.467956 0.042486 0.998964 -0.016313 -0.995289 0.040895 -0.087903 0.087145 -0.019971 -0.995995
14.194557 -13.779615 44.941038 -236.395302 -0.056861 0.983469 0.171916 0.987798 0.030411 0.152741 0.144988 0.178503 -0.973198
13.947326 -14.044794 159.497905 -294.981130 -0.195591 0.929101 0.313873 0.947909 0.097055 0.303396 0.251422 0.356865 -0.899686
-0.571959 -2.768317 -61.295016 95.283538 0.448174 -0.851614 0.271834 0.822740 0.274014 -0.498011 0.349627 0.446844 0.823463
-0.553060 -4.124070 -52.516025 86.299768 0.406055 -0.865556 0.293140 0.862525 0.257011 -0.435884 0.301942 0.429834 0.850925
-1.386195 -4.824093 -48.897698 79.255796 0.288326 -0.898868 0.330007 0.908946 0.148539 -0.389556 0.301141 0.412278 0.859850
-2.179848 -4.996162 -41.533045 20.481673 -0.068738 -0.888408 0.453879 0.927628 -0.224339 -0.298627 0.367126 0.400503 0.839533
0.294958 -0.852606 264.400677 -100.707963 -0.676473 0.696905 0.238131 0.606733 0.710647 -0.356170 -0.417444 -0.096458 -0.903569
-0.327312 -4.096787 -36.667187 289.778965 0.006223 0.993548 -0.113243 -0.935721 0.045726 0.349764 -0.352686 -0.103787 -0.929968
0.691073 -0.292949 210.024251 168.703205 -0.597964 0.775200 0.203728 -0.671594 -0.623313 0.400551 -0.437493 -0.102693 -0.893339
-0.616163 -3.831865 -15.825989 292.294407 0.065085 0.990136 -0.124071 -0.939206 0.102789 0.327608 -0.337130 -0.095206 -0.936632
3.715608 -0.250907 263.312884 -29.233739 -0.908357 0.246958 0.337490 0.184340 0.960831 -0.206936 -0.375376 -0.125758 -0.918302
1.096380 -0.785017 365.121147 -25.164870 -0.833482 0.445708 0.326576 0.374813 0.890328 -0.258518 -0.405983 -0.093066 -0.909130
2.681043 -8.890791 -89.110091 49.866793 0.212278 0.969325 -0.123886 -0.942879 0.169860 -0.286576 0.256742 -0.177643 -0.950014
2.461658 -8.283833 -142.557764 -44.536280 0.211126 0.965716 -0.151056 0.969955 -0.187875 0.154565 0.120886 -0.179150 -0.976367
0.511428 -8.280355 -174.521281 -57.984189 0.201406 0.962162 -0.183521 0.973786 -0.176461 0.143537 0.105721 -0.207619 -0.972480
-0.055259 -12.449450 -20.250558 58.222383 -0.418670 0.807528 -0.415468 -0.183477 0.372844 0.909573 -0.889411 -0.457040 0.007935
-0.201733 -11.575198 -15.855383 39.647942 -0.416939 0.821637 -0.388683 -0.129172 0.369722 0.920120 -0.899709 -0.433841 0.048019
-0.387425 -12.113603 -23.551342 55.932426 -0.407510 0.806452 -0.428452 -0.292494 0.329193 0.897819 -0.865091 -0.491190 -0.101733
-0.606722 -11.228560 -30.742002 19.622856 -0.414450 0.820128 -0.394488 -0.224501 0.327939 0.917636 -0.881947 -0.468877 -0.048205
-0.491974 -10.875713 -18.594221 7.302878 -0.415172 0.836466 -0.357710 -0.078124 0.358966 0.930075 -0.906382 -0.414087 0.083685
-4.584673 -33.398201 246.941040 -241.145616 0.045798 -0.922255 -0.383860 0.949731 0.159329 -0.269490 0.309698 -0.352221 0.883191
-1.896313 -33.785798 -221.538064 405.413850 -0.030133 0.908035 0.417808 0.861382 0.235638 -0.449996 0.507064 -0.346333 0.789266
-4.817453 -31.863509 -246.229778 521.598140 -0.018697 0.928764 0.370200 0.779143 0.245571 -0.576741 0.626567 -0.277656 0.728231
-6.323955 -33.519391 -180.086834 -175.819740 -0.062539 0.950981 0.302859 0.936217 0.161042 -0.312350 0.345812 -0.264008 0.900397
20.646215 -8.844228 1017.406026 23.927652 -0.451949 0.864567 -0.219695 0.190437 0.334116 0.923093 -0.871479 -0.375353 0.315649
7.927694 -8.470849 458.294518 83.607767 -0.392640 0.874122 -0.285911 0.246041 0.399382 0.883152 -0.886170 -0.276415 0.371883
11.621175 -7.340056 787.777113 413.465645 0.416457 0.799653 -0.432572 0.033903 -0.489124 -0.871555 0.908523 -0.348299 0.230810
26.120717 -1.992841 1704.214941 344.214328 0.376179 0.780231 -0.499728 -0.063274 -0.516453 -0.853975 0.924384 -0.352867 0.144910
37.366060 -4.796232 2658.980304 443.629197 0.386632 0.738652 -0.552185 -0.078007 -0.570408 -0.817649 0.918929 -0.359204 0.162918
-0.017027 -9.443560 -54.041246 44.835093 -0.407168 0.871476 -0.273392 0.446242 0.450981 0.772971 -0.796921 -0.192730 0.572514
-0.113067 -9.023043 -14.963029 30.848555 -0.377845 0.891117 -0.251283 0.522797 0.429340 0.736444 -0.764144 -0.146892 0.628097
0.346678 -8.983083 -44.339689 43.976101 -0.391357 0.884058 -0.255501 0.574006 0.451528 0.683111 -0.719275 -0.120681 0.684163
-0.469837 -10.011751 -51.939716 29.975747 -0.416753 0.862048 -0.288426 0.296663 0.428902 0.853249 -0.859248 -0.270029 0.434484
-0.080746 -9.823383 -55.290911 28.349173 -0.424608 0.852933 -0.303667 0.369144 0.469353 0.802147 -0.826705 -0.228502 0.514146
0.273183 -9.192307 -42.439456 45.347731 -0.410121 0.864735 -0.289887 0.510096 0.480969 0.713071 -0.756044 -0.144575 0.638353
2.195960 -32.078887 -37.465694 258.752722 0.160654 -0.631973 0.758156 0.970615 0.240581 -0.005135 -0.179153 0.736703 0.652053
0.835258 -34.488247 -8.840011 124.086967 0.183479 -0.587480 0.788164 0.888830 0.441625 0.122264 -0.419901 0.678111 0.603198
2.021001 -34.045095 -30.133261 491.589771 0.180277 -0.590804 0.786416 0.982232 0.150526 -0.112082 -0.052157 0.792649 0.607443
108.729507 -62.798139 -9258.874572 -1924.104819 -0.207955 0.965686 -0.155581 -0.936209 -0.150437 0.317618 -0.283314 -0.211706 -0.935368
45.758191 -89.571872 -3067.173715 -3567.183682 -0.277565 0.932751 0.230070 -0.812976 -0.355649 0.461069 -0.511887 0.059065 -0.857020
3.603102 -73.156081 67.003104 -191.509173 -0.209659 0.926997 0.310998 -0.367089 0.220175 -0.903753 0.906250 0.303644 -0.294128
10.333679 -298.283950 811.800765 -23044.813806 -0.122572 0.894731 0.429456 -0.664857 0.247243 -0.704866 0.736846 0.371924 -0.564563
6.068109 -159.822718 407.396845 -8361.788619 -0.145794 0.925208 0.350334 -0.691063 0.158159 -0.705279 0.707938 0.344928 -0.616318
5.588996 -196.315121 5.390981 13107.861007 -0.167309 0.939695 0.298297 -0.432981 0.201789 -0.878526 0.885740 0.276142 -0.373109
7.459676 -108.362118 305.776422 -3628.501294 -0.202880 0.947451 0.247338 -0.721815 0.025981 -0.691598 0.661681 0.318844 -0.678614
20.913729 -3412.822013 1071.983992 917662.197451 0.016982 0.934350 0.355953 0.551544 -0.305694 0.776113 -0.833973 -0.183144 0.520526
1567.505638 -37.284130 41000.024193 -3277.688143 -0.829462 0.156484 -0.536196 -0.091150 0.909167 0.406335 0.551076 0.385913 -0.739855
-10.304582 -3085.787747 1408.939295 -1396408.068517 -0.190072 0.962408 0.194021 0.703694 0.271356 -0.656644 0.684608 -0.011722 0.728817
1.759038 -0.506864 288.161835 27.537016 -0.917081 -0.038178 0.396870 -0.047166 0.998804 -0.012907 -0.395902 -0.030555 -0.917784
0.074783 -1.188698 80.383254 159.663678 -0.699658 -0.639115 0.319390 -0.611368 0.766873 0.195283 -0.369740 -0.058633 -0.927284
1.675844 -0.319923 208.637899 14.821529 -0.927365 -0.068158 0.367897 -0.079564 0.996703 -0.015906 -0.365600 -0.044022 -0.929731
3.138873 -0.287556 44.282235 4.523216 -0.943220 0.225122 0.244248 0.204758 0.973042 -0.106128 -0.261556 -0.050091 -0.963888
3.345071 -0.324629 91.144395 9.479252 -0.936443 0.224985 0.269176 0.204929 0.973572 -0.100806 -0.284742 -0.039237 -0.957801
1.876905 -9.210104 -10.349386 72.770886 -0.341406 0.847642 -0.406135 0.612881 0.528364 0.587544 -0.712614 0.048321 0.699891
-4.014559 -8.756160 12.855414 62.935689 -0.165533 0.871048 -0.462465 0.963806 0.242257 0.111308 0.208990 -0.427302 -0.879623
-3.425288 -8.086491 10.128037 61.245794 -0.025773 0.915723 -0.400983 0.964310 0.128511 0.231499 0.263519 -0.380705 -0.886353
-4.152654 -8.846356 51.050761 58.490801 -0.267335 0.819041 -0.507645 0.939901 0.337768 0.049990 0.212410 -0.463772 -0.860115
-2.691010 -7.203336 24.419317 -77.604823 0.007622 0.922858 -0.385066 -0.928907 -0.136039 -0.344420 0.370234 -0.360316 -0.856212
-3.662897 -7.818051 9.026889 65.701487 -0.342161 0.760272 -0.552189 0.885738 0.457140 0.080563 0.313678 -0.461529 -0.829818
-12.425109 -68.544713 219.196381 -3177.340610 0.353551 -0.308598 -0.883045 0.911227 0.326911 0.250589 0.211346 -0.893250 0.396783
-9.285273 -350.870851 277.113244 -19505.590741 0.486612 -0.327285 -0.809996 0.837996 0.436928 0.326889 0.246924 -0.837842 0.486878
-12.009853 -50.552610 375.143950 2710.391350 0.892253 0.345154 0.291125 0.409442 -0.346621 -0.843926 0.190374 -0.872194 0.450595
-8.416512 -19.541675 141.019816 644.240762 0.270953 -0.308607 -0.911782 0.951214 0.231054 0.204467 0.147571 -0.922700 0.356156
-20.470218 -40.616207 100.614330 1588.891038 -0.515601 -0.377185 -0.769342 0.851340 -0.124052 -0.509737 0.096827 -0.917792 0.385073
5.740781 -11.038270 -338.208797 276.188185 -0.161552 0.852813 -0.496599 -0.655893 0.283200 0.699716 -0.737364 -0.438756 -0.513603
5.440805 -8.078205 -266.612458 64.891840 -0.213376 0.898201 -0.384325 -0.546149 0.216510 0.809224 -0.810057 -0.382568 -0.444354
0.762266 -4.941516 -303.024190 19.112361 -0.381569 0.901759 -0.203067 -0.417801 0.027711 0.908116 -0.824529 -0.431350 -0.366182
19.703261 -13.340202 892.433423 309.224047 0.984727 0.129015 -0.116911 0.167135 -0.512365 0.842347 -0.048774 0.849021 0.526102
-2.466141 -15.365590 36.929657 98.594250 -0.301585 -0.028587 0.953011 0.920649 -0.268615 0.283286 0.247894 0.962823 0.107329
-2.272719 -15.689749 -9.090793 133.219290 -0.290630 -0.038362 0.956066 0.943968 -0.174813 0.279938 0.156394 0.983854 0.087018
-1.104261 -15.861260 44.079629 -61.028709 -0.105524 -0.262195 0.959228 0.718003 0.647286 0.255915 -0.687994 0.715734 0.119952
-52.687186 -71.290687 -1673.945172 -2940.741849 0.911497 -0.403269 -0.080909 -0.079867 -0.366504 0.926982 0.403477 0.838480 0.366276
-16.012076 -69.167682 -306.535178 -3557.283370 0.888925 -0.432710 0.150250 -0.188294 -0.046173 0.981027 0.417563 0.900350 0.122521
-11.625309 -72.374414 -125.889621 -3500.844411 0.894253 -0.409539 0.180523 -0.349782 -0.387877 0.852762 0.279219 0.825730 0.490110
-0.472112 -12.674659 57.484386 -7.646228 0.219510 0.113639 -0.968969 -0.073810 0.992281 0.099652 0.972814 0.049645 0.226203
-0.554955 -8.898449 -72.269628 -51.255819 0.734255 0.038933 -0.677757 0.498154 0.647355 0.576866 -0.461208 0.761194 -0.455928
0.795899 -46.038180 92.446213 20.660038 0.284589 0.108241 0.952519 0.799257 -0.575429 -0.173408 0.529337 0.810657 -0.250273
0.040069 -40.607488 75.047426 148.536333 0.278794 0.098278 0.955309 0.851421 -0.485454 -0.198534 0.444247 0.868721 -0.219018
0.388853 -44.878543 84.473535 -186.284021 0.308551 0.080521 0.947794 0.934158 -0.213460 -0.285977 0.179289 0.973628 -0.141083
1.181091 -49.646066 51.273173 -360.478437 0.329773 0.109963 0.937634 0.923114 -0.245616 -0.295861 0.197764 0.963110 -0.182506
0.357433 -47.591657 43.467761 -330.392057 0.357787 0.091060 0.929353 0.918661 0.144175 -0.367798 -0.167481 0.985354 -0.032070
0.148722 -9.669220 41.995219 -17.071843 -0.709165 0.081361 0.700332 0.332845 0.914295 0.230824 -0.621530 0.396794 -0.675467
0.126574 -10.466278 -35.738075 -18.291612 -0.736347 0.053659 0.674473 0.281549 0.930745 0.233330 -0.615243 0.361709 -0.700459
-19.928871 -100.921227 413.548700 2068.500761 0.927000 0.206133 0.313337 -0.168986 -0.516281 0.839582 -0.334835 0.831242 0.443759
-3.700981 -49.042343 910.325815 -1295.454849 -0.297622 0.073887 0.951820 0.945886 0.157863 0.283512 -0.129309 0.984693 -0.116872
1.428224 -172.153688 -137.582591 -11771.248832 0.488414 0.018102 0.872424 0.835879 0.277320 -0.473709 -0.250515 0.960607 0.120316
-15.243694 -53.898393 727.970628 -707.237962 0.312450 -0.314745 0.896276 0.913134 -0.160557 -0.374710 0.261841 0.935498 0.237238
-3.956542 -42.283142 88.655894 1771.040352 0.535549 0.091066 0.839580 0.749021 0.407978 -0.522035 -0.390070 0.908439 0.150282
-7.368845 -57.083610 -139.301799 -2737.555662 0.647784 0.260354 0.715955 -0.620371 -0.365189 0.694101 -0.442171 0.893786 0.075047
1.514536 -8.743422 -92.669048 0.142426 -0.055824 0.995230 -0.080005 -0.399461 0.051175 0.915321 -0.915049 -0.083056 -0.394699
-40.606509 -233.621930 -327.861099 13512.965980 0.334336 -0.542847 0.770413 0.799845 0.595788 0.072695 -0.498465 0.591907 0.633387
-3.211982 -18.706079 -33.047929 549.360140 0.088626 0.977820 -0.189772 0.201939 -0.204204 -0.957873 0.975380 -0.046570 0.215558
-4.397022 -17.424802 -132.264219 -392.000866 0.106826 0.733460 -0.671285 -0.034373 -0.672021 -0.739734 0.993683 -0.102097 0.046578
-2.275692 -15.688275 37.525497 538.735302 0.044213 0.994305 0.096963 0.148257 0.089453 -0.984895 0.987960 -0.057920 0.143458
-11.420138 -14.992623 -194.883618 113.584703 0.011293 -0.808642 0.588193 0.901829 -0.245863 -0.355324 0.431945 0.534462 0.726480
-8.190791 -13.045826 31.036171 -68.788273 0.269612 0.560279 -0.783196 -0.771838 0.612069 0.172157 0.575826 0.558085 0.597466
-9.283634 -14.340815 -90.685589 44.366735 -0.118308 -0.676198 0.727158 0.891676 -0.394582 -0.221854 0.436941 0.622143 0.649632
-9.571920 -14.290031 -47.017230 3.909075 -0.059416 -0.632122 0.772587 0.956214 -0.258228 -0.137741 0.286573 0.730575 0.619787
-9.430351 -14.260682 24.979359 8.454451 0.016916 -0.642000 0.766518 0.995169 -0.063341 -0.075014 0.096711 0.764084 0.637827
-10.542539 -14.721656 -148.643453 -28.441228 0.063999 -0.703508 0.707800 0.992898 -0.026391 -0.116009 0.100293 0.710197 0.696822
-9.145753 -14.085476 12.871442 40.749634 -0.099230 -0.527142 0.843964 0.969034 -0.243919 -0.038417 0.226111 0.814018 0.535022
-8.660699 -13.508374 -9.726931 18.182976 -0.179580 -0.484219 0.856320 0.898822 -0.434560 -0.057236 0.399837 0.759401 0.513265
-2.165322 -10.704296 -326.170769 27.067722 0.470151 0.882549 -0.008123 0.694194 -0.375463 -0.614103 0.545025 -0.283083 0.789184
-4.615965 -11.035901 -299.654825 -30.635774 0.516852 0.851844 -0.085003 0.728843 -0.489946 -0.478269 0.449057 -0.185240 0.874090
-0.809209 -10.446620 -325.023505 -20.167587 0.496654 0.867312 -0.033242 0.753965 -0.450088 -0.478495 0.429966 -0.212583 0.877461
-3.554041 -10.228497 -266.982224 -62.469254 0.544137 0.833734 -0.093823 0.776377 -0.542758 -0.320395 0.318047 -0.101497 0.942626
2.165959 -9.996386 -341.338877 37.268859 0.459755 0.888036 -0.004175 0.716937 -0.373940 -0.588362 0.524048 -0.267509 0.808587
1.393048 -9.714992 -342.203355 -60.798319 0.521492 0.852395 -0.038316 0.792779 -0.500646 -0.347643 0.315512 -0.150917 0.936844
3.243915 -9.654931 -251.880601 -7.398333 0.471888 0.880829 -0.038227 0.760264 -0.428487 -0.488259 0.446452 -0.201341 0.871861
0.201470 -5.139755 -38.694111 303.163529 0.024460 0.992342 -0.121076 -0.937161 0.064925 0.342803 -0.348038 -0.105083 -0.931572
-0.449863 -6.677582 -39.925247 81.628463 0.142446 0.977534 -0.155359 -0.964843 0.172159 0.198595 -0.220880 -0.121608 -0.967690
0.005396 -7.595958 -40.422895 84.603172 0.100478 0.983248 -0.152075 -0.968375 0.131731 0.211891 -0.228374 -0.125975 -0.965389
3.021818 -9.214603 -75.188198 19.327617 0.194828 0.973901 -0.116439 -0.904732 0.132591 -0.404821 0.378817 -0.184216 -0.906952
2.835175 -9.513945 -132.761169 -4.515024 0.192953 0.970763 -0.142787 -0.853798 0.094400 -0.511974 0.483526 -0.220698 -0.847051
0.742821 -32.604331 -153.877855 138.708100 -0.059289 0.909048 0.412453 0.922530 0.207738 -0.325244 0.381344 -0.361217 0.850940
24.396679 -7.966401 1144.932071 -120.350035 -0.535642 0.820824 -0.198333 0.095196 0.292066 0.951649 -0.839062 -0.490862 0.234582
6.228541 -9.036259 343.241117 67.738536 -0.379495 0.870753 -0.312687 0.133202 0.385870 0.912886 -0.915555 -0.304785 0.262422
11.791456 -8.543644 592.772666 9.347375 -0.421170 0.854659 -0.303602 0.064999 0.362320 0.929784 -0.904650 -0.371863 0.208150
6.232790 -10.894785 -28.415149 65.977345 -0.354303 0.692926 -0.627951 0.928676 0.181962 -0.323188 -0.109682 -0.697670 -0.707973
6.379854 -11.602605 -43.846399 94.479332 -0.348989 0.678531 -0.646376 0.916943 0.104863 -0.384993 -0.193449 -0.727048 -0.658770
5.802616 -11.228819 -109.951786 91.108611 -0.405015 0.633255 -0.659508 0.908631 0.198500 -0.367407 -0.101750 -0.748055 -0.655790
5.003467 -11.184242 195.087942 8.741309 -0.287023 0.781267 -0.554292 0.940158 0.118826 -0.319347 -0.183631 -0.612783 -0.768620
5.310632 -10.188410 -100.218548 28.244468 -0.376019 0.659659 -0.650737 0.926608 0.269723 -0.262005 0.002685 -0.701498 -0.712667
18.810609 -0.767616 1211.395942 -80.050436 0.337663 0.794003 -0.505513 0.009850 -0.540007 -0.841603 0.941216 -0.279199 0.190161
43.090177 -2.203212 2197.508938 -229.238258 0.465985 0.769805 -0.436185 0.059237 -0.519017 -0.852709 0.882807 -0.371512 0.287455
39.960017 -0.272209 2631.521671 79.306181 0.369974 0.775268 -0.511935 -0.041308 -0.536763 -0.842721 0.928123 -0.332932 0.166564
11.666815 -0.717779 909.452022 132.246170 0.353716 0.791440 -0.498506 -0.033021 -0.522062 -0.852268 0.934770 -0.317922 0.158527
0.691045 -8.625586 35.889928 24.987814 -0.339702 0.916033 -0.213275 0.636509 0.390849 0.664902 -0.692430 -0.090117 0.715835
-26.520320 -90.959558 -937.177950 4736.302535 0.911821 0.307666 -0.271889 -0.374115 0.895407 -0.241422 -0.169174 -0.321852 -0.931553
-227.101067 -3292.713803 -4321.321436 -344721.461340 0.958890 0.196897 -0.204354 -0.157998 -0.227753 -0.960815 0.235724 -0.953604 0.187281
-35.397541 -190.582744 -1331.644465 11826.130383 0.954370 0.190987 -0.229568 -0.130463 0.958161 0.254767 0.268621 -0.213192 0.939357
7.308143 -5.246161 -185.304053 71.496682 0.179885 0.983339 0.026173 0.736532 -0.117004 -0.666207 0.652045 -0.139118 0.745308
7.446684 -5.556016 -50.961126 104.705120 0.200625 0.973771 -0.107331 0.769269 -0.224428 -0.598211 0.606609 -0.037449 0.794118
-0.388077 -3.921193 -5.260412 143.086188 0.232341 0.959286 -0.160589 -0.928003 0.268078 0.258737 -0.291253 -0.088912 -0.952505
1.827934 -8.486063 -12.246024 72.823725 -0.362530 0.842144 -0.399205 0.663959 0.533972 0.523481 -0.654011 0.075279 0.752730
-4.491271 -9.341811 -19.216247 41.379176 -0.175734 0.873030 -0.454901 0.980675 0.195614 -0.003431 0.085990 -0.446713 -0.890535
-4.107307 -8.716514 -5.573375 35.144619 -0.043021 0.916805 -0.397012 0.989067 0.095186 0.112633 0.141053 -0.387826 -0.910876
-4.626699 -9.758748 38.851327 39.511345 -0.256947 0.831625 -0.492319 0.963421 0.260557 -0.062687 0.076145 -0.490418 -0.868155
-4.832192 -9.697949 -22.457461 24.591190 -0.271357 0.840726 -0.468557 0.961762 0.218066 -0.165717 -0.037146 -0.495608 -0.867751
