10056
20095
-6.149427 -10.540266 84.872912 -238.272529 -0.622361 0.777032 0.094275 -0.006354 -0.125455 0.992079 -0.782705 -0.616832 -0.083015
-8.109863 -10.577886 -37.838367 -164.632918 -0.674434 0.666357 0.317974 0.207689 -0.242055 0.947774 -0.708523 -0.705250 -0.024855
-7.055026 -11.560226 77.725749 -142.481590 -0.649892 0.757575 0.060995 0.131193 0.032772 0.990815 -0.748617 -0.651925 0.120687
-6.627078 -8.301180 3.858349 82.593862 -0.557344 0.544325 0.626960 -0.319847 0.556080 -0.767120 -0.766202 -0.628080 -0.135827
-3.700173 -11.065662 223.556073 -186.887182 -0.524402 0.846128 0.095232 0.090765 -0.055658 0.994316 -0.846619 -0.530065 0.047612
-4.006717 -11.053760 181.561928 -303.290400 -0.530452 0.846249 0.049836 -0.075063 -0.105446 0.991588 -0.844385 -0.522249 -0.119456
-5.005058 -7.709579 99.491041 -114.689618 -0.567799 0.756208 0.325198 0.036558 -0.371502 0.927712 -0.822355 -0.538643 -0.183293
-9.527395 -10.453657 -28.477108 -37.082206 0.160810 0.782234 -0.601872 0.966627 -0.001603 0.256183 0.199430 -0.622983 -0.756386
-9.864592 -10.934192 -23.806933 -52.039862 0.340277 0.771851 -0.537082 0.871349 -0.044102 0.488678 0.353500 -0.634272 -0.687559
-9.115895 -10.669295 -30.051828 -75.003939 0.391905 0.703861 -0.592444 0.895631 -0.144641 0.420623 0.210369 -0.695455 -0.687086
-0.589884 -7.658531 -76.098397 29.325390 -0.441969 0.831782 0.335859 -0.818355 -0.527213 0.228782 -0.367366 0.173737 -0.913705
-1.113607 -7.290507 -69.384687 19.307671 -0.431572 0.834351 0.342935 -0.786322 -0.534256 0.310270 -0.442089 0.135754 -0.886639
-1.027756 -7.712865 10.463931 35.893177 -0.425705 0.812219 0.398844 -0.821576 -0.531662 0.205788 -0.379195 0.240075 -0.893630
-1.026340 -8.008671 -66.687381 31.699656 -0.445059 0.823411 0.352017 -0.856710 -0.505947 0.100324 -0.260710 0.256927 -0.930601
0.513711 -6.127585 11.200811 67.571715 -0.501902 0.758630 0.415422 0.840367 0.541360 0.026694 -0.204642 0.362504 -0.909237
0.402952 -6.709670 -9.593386 79.090764 -0.438152 0.809346 0.391128 0.873281 0.486400 -0.028216 -0.213081 0.329202 -0.919904
1.022891 -5.306129 -7.540563 66.442166 -0.497575 0.770356 0.398712 0.858333 0.503628 0.098097 -0.125233 0.391039 -0.911814
0.058592 -7.786769 4.683638 -100.796850 -0.449546 0.796116 0.405103 -0.842136 -0.528949 0.104976 -0.297852 0.293960 -0.908224
-1.222449 -7.633101 -1.926251 147.066394 -0.042767 0.957241 0.286114 0.943252 -0.055708 0.327373 -0.329313 -0.283878 0.900536
-0.758716 -7.091933 8.939867 -75.806873 0.046986 -0.953662 -0.297187 0.955587 -0.043741 0.291444 -0.290938 -0.297682 0.909253
-1.100899 -7.852272 -29.350814 -116.642539 -0.075479 0.952013 0.296603 0.945547 -0.026114 0.324438 -0.316614 -0.304940 0.898202
0.085069 -28.052605 23.386394 -407.440013 -0.177340 0.805574 0.565333 -0.633733 -0.532964 0.560654 -0.752950 0.258843 -0.605034
-0.292996 -28.065899 7.772970 -653.426794 -0.185754 0.810674 0.555250 -0.738569 -0.487901 0.465262 -0.648083 0.323666 -0.689369
-0.057106 -28.788438 11.238393 -482.584245 -0.169577 0.829926 0.531476 -0.438041 -0.546561 0.713717 -0.882816 0.111778 -0.456225
0.325666 -28.419341 29.110357 -99.891787 -0.139788 0.830956 0.538490 -0.307905 -0.553347 0.773952 -0.941092 0.057615 -0.333207
-0.000393 -7.073601 224.858992 132.272299 0.524163 -0.298950 0.797422 0.223186 0.951855 0.210141 -0.821852 0.067825 0.565649
-3.320612 -9.831506 -189.642435 92.688049 0.334839 -0.686313 0.645644 0.233174 0.724237 0.648930 -0.912969 -0.066740 0.402534
-2.302966 -8.402871 343.640899 29.801642 0.565576 -0.130321 0.814334 -0.014646 0.985692 0.167916 -0.824566 -0.106896 0.555575
8.225087 -8.665524 772.544635 14.034537 0.607382 0.163911 0.777316 -0.102964 0.986472 -0.127561 -0.787709 -0.002557 0.616042
-5.444252 -7.073680 24.491054 -217.052120 -0.450996 0.886242 -0.105725 -0.111953 0.061349 0.991818 -0.885477 -0.459142 -0.071549
-5.737917 -9.378636 166.499507 -192.117645 -0.361764 0.839904 -0.404584 -0.106804 0.393781 0.912978 -0.926132 -0.373494 0.052751
-4.240545 -8.152553 265.727662 -220.509107 -0.263927 0.828870 -0.493271 -0.237350 0.439868 0.866130 -0.934884 -0.345673 -0.080639
-3.135281 -4.656109 159.348750 -164.389238 -0.319883 0.847814 -0.422950 -0.297035 0.334161 0.894487 -0.899692 -0.411762 -0.144937
0.902304 -11.279877 24.645511 -35.962527 -0.371874 0.892466 0.255369 0.770782 0.450169 -0.450826 0.517306 -0.029183 0.855303
1.119259 -10.881875 18.622497 -23.835183 -0.354421 0.899606 0.255136 0.850522 0.423522 -0.311836 0.388586 -0.106477 0.915240
0.626396 -10.936712 19.788100 -20.103438 -0.347209 0.911213 0.221669 0.835016 0.407985 -0.369183 0.426842 -0.056913 0.902534
0.289153 -27.238554 61.028668 -342.941671 0.681367 -0.663794 -0.308411 0.592571 0.252929 0.764779 0.429649 0.703850 -0.565682
-0.578607 -23.850759 -44.107690 -443.527226 -0.687750 0.653260 0.316624 0.690242 0.453345 0.563955 0.224869 0.606407 -0.762695
-2.006035 -26.564675 68.128768 -324.400746 0.696752 -0.639985 -0.323969 0.612642 0.296012 0.732835 0.373105 0.709081 -0.598328
-0.451238 -29.073598 57.094528 -28.345702 0.669135 -0.672220 -0.316826 0.429278 0.001631 0.903171 0.606613 0.740349 -0.289661
-7.176834 -16.182327 -26.169184 -188.484297 0.747777 -0.658711 0.083236 0.371932 0.311738 -0.874349 -0.549996 -0.684777 -0.478106
-7.197501 -16.854663 3.285710 -19.199633 0.796607 -0.595553 0.103603 0.478400 0.516339 -0.710301 -0.369527 -0.615395 -0.696232
-7.384255 -15.718067 -8.633117 -165.633185 0.822352 -0.551688 0.139203 0.366865 0.327114 -0.870865 -0.434911 -0.767227 -0.471398
-7.338476 -13.528208 -47.389001 -242.055447 0.766298 -0.621982 0.161016 0.287804 0.108249 -0.951552 -0.574418 -0.775513 -0.261960
2.624809 -6.314293 -14.004956 27.541182 0.441042 -0.261486 0.858549 0.637330 -0.582275 -0.504743 0.631895 0.769792 -0.090155
1.424664 -5.666841 -35.911406 -26.584343 -0.452677 0.341118 -0.823846 -0.539618 0.630734 0.557662 0.709856 0.697003 -0.101446
2.738699 -6.440443 101.538286 32.004731 0.458136 -0.392056 0.797749 0.605194 -0.519754 -0.602989 0.651039 0.759044 -0.000848
1.082471 -5.690888 -47.713992 40.520063 0.423193 -0.167608 0.890402 0.589199 -0.695655 -0.410986 0.688296 0.698550 -0.195642
3.839572 -6.963987 -4.885130 16.547828 0.442388 -0.253656 0.860204 0.722382 -0.467626 -0.509401 0.531467 0.846749 -0.023636
2.014238 -6.683403 -153.499098 24.066515 0.415070 -0.092990 0.905025 0.721718 -0.572013 -0.389774 0.553931 0.814957 -0.170313
-2.231023 -7.322484 7.043982 -46.959459 -0.623495 0.694465 0.359128 0.700007 0.291288 0.652029 0.348201 0.657929 -0.667747
-1.431651 -6.397718 3.101772 -65.677210 -0.538531 0.732293 0.416812 0.805331 0.301822 0.510240 0.247842 0.610452 -0.752279
-1.220348 -6.375646 -2.675130 -71.101062 -0.677285 0.658961 0.327193 0.697801 0.434424 0.569517 0.233149 0.614041 -0.754053
-2.050322 -7.514954 -4.252432 -59.766231 0.738970 -0.615101 -0.274908 0.592878 0.399864 0.699002 0.320031 0.679529 -0.660167
1.646255 -45.825799 -44.526850 1831.408037 0.893244 0.384722 0.232604 -0.003151 -0.512018 0.858969 -0.449562 0.768002 0.456145
1.935067 -70.533707 46.237457 3005.808860 0.896921 0.366172 0.247891 -0.097555 -0.382928 0.918613 -0.431295 0.848106 0.307734
4.181553 -203.451347 260.273259 9778.894963 0.908018 0.324249 0.265266 -0.165401 -0.304279 0.938113 -0.384897 0.895699 0.222659
-7.640671 -10.806131 45.493125 30.204695 -0.292149 0.956236 0.016154 -0.521269 -0.145051 -0.840975 0.801828 0.254111 -0.540833
-8.582795 -10.923765 53.222176 20.062257 -0.161291 0.986697 -0.020331 -0.445688 -0.091205 -0.890530 0.880538 0.134573 -0.454470
-7.916610 -10.424436 52.397091 28.033535 -0.217406 0.975833 0.022002 -0.602660 -0.116467 -0.789453 0.767812 0.184892 -0.613416
-7.218770 -10.508744 37.390258 7.620046 -0.385809 0.921764 0.038774 -0.626977 -0.231129 -0.743962 0.676796 0.311337 -0.667096
-7.384369 -10.008079 52.400622 2.988542 -0.346297 0.937381 -0.037351 -0.675907 -0.276915 -0.682984 0.650559 0.211270 -0.729477
-8.079858 -10.110091 56.476242 21.338046 -0.240580 0.963477 -0.117612 -0.669188 -0.252412 -0.698911 0.703071 0.089439 -0.705472
-0.268004 -5.278604 7.273315 -76.649805 0.729694 -0.567480 -0.381463 0.584984 0.806945 -0.081439 0.354035 -0.163724 0.920790
0.087198 -6.824193 -5.955045 -78.998358 0.732086 -0.576354 -0.363135 0.550070 0.814605 -0.183961 0.401839 -0.065074 0.913395
-0.087138 -6.073311 -33.215780 -51.799975 0.691087 -0.633439 -0.348072 0.630494 0.763797 -0.138170 0.353379 -0.123970 0.927230
-0.232306 -5.261838 52.827508 -42.100205 -0.607780 0.723579 0.327164 0.747681 0.660227 -0.071220 0.267536 -0.201328 0.942280
-0.647038 -4.825324 -28.489173 -47.515616 0.649819 -0.670960 -0.357139 0.694732 0.714913 -0.079039 0.308355 -0.196754 0.930701
-0.668935 -2.672122 33.008561 20.528981 0.291164 -0.393875 -0.871829 0.884257 -0.237006 0.402389 -0.365120 -0.888083 0.279279
-0.071307 -2.599125 37.784698 -9.403919 0.061412 -0.297306 -0.952805 0.891594 -0.412757 0.186260 -0.448653 -0.860954 0.239727
0.072453 -2.187307 5.675054 -1.076105 0.046241 -0.329230 -0.943117 0.918202 -0.357812 0.169927 -0.393404 -0.873829 0.285754
0.270995 -1.946701 -7.770412 -13.893961 -0.149529 -0.236015 -0.960176 0.866610 -0.498834 -0.012343 -0.476055 -0.833943 0.279123
-0.134010 -1.939944 -34.029177 -23.380633 -0.044469 -0.321404 -0.945898 0.898696 -0.426395 0.102633 -0.436312 -0.845510 0.307806
1.130347 -13.979500 16.979888 22.026922 -0.652941 0.396660 0.645236 0.745743 0.187740 0.639234 0.132422 0.898563 -0.418389
1.327339 -14.132406 8.194473 86.823256 -0.657030 0.422926 0.624056 0.723686 0.121966 0.679267 0.211166 0.897919 -0.386200
1.094049 -13.708889 31.132273 46.905202 -0.667380 0.384143 0.637995 0.677824 -0.041532 0.734050 0.308478 0.922339 -0.232663
0.617726 -13.393751 24.311855 27.441500 -0.648596 0.376063 0.661740 0.712086 -0.007239 0.702055 0.268807 0.926566 -0.263095
1.258637 -23.298741 39.221251 -180.866905 -0.368063 0.647367 0.667417 0.268997 0.761249 -0.590035 -0.890039 -0.037637 -0.454328
1.116706 -29.547823 26.093552 -527.223781 -0.393116 0.628500 0.671154 0.529418 0.751504 -0.393647 -0.751782 0.200572 -0.628168
0.934367 -29.562968 54.607912 -594.916715 -0.358772 0.622297 0.695721 0.499720 0.757585 -0.419935 -0.788392 0.197005 -0.582775
1.003831 -24.472865 20.056826 -460.215816 -0.358387 0.643736 0.676138 0.330578 0.764828 -0.552953 -0.873085 0.025346 -0.486909
-0.144690 -7.088210 25.659588 34.680303 0.633092 -0.446236 -0.632509 0.524160 0.848407 -0.073910 0.569606 -0.284744 0.771019
-0.527849 -7.536448 -3.524782 31.409572 0.670318 -0.430728 -0.604274 0.474673 0.874800 -0.097008 0.570403 -0.221806 0.790849
-0.229452 -7.701269 15.699698 -31.294452 0.637475 -0.457260 -0.620112 0.597348 0.801654 0.022948 0.486623 -0.385051 0.784177
-0.492531 -7.237597 19.268443 99.890276 0.648745 -0.427175 -0.629802 0.412155 0.892934 -0.181097 0.639732 -0.142090 0.755349
0.288124 -7.897412 12.404064 -29.490896 0.623441 -0.470522 -0.624444 0.635343 0.770349 0.053860 0.455698 -0.430315 0.779210
-0.443072 -6.872788 6.063644 95.362185 0.638961 -0.440848 -0.630382 0.428937 0.884448 -0.183750 0.638547 -0.152985 0.754224
-0.024344 -6.987604 3.077381 41.155106 0.622140 -0.477536 -0.620405 0.539336 0.835828 -0.102507 0.567503 -0.270833 0.777554
-0.663221 -31.841333 -81.329082 218.325324 0.088262 0.712850 0.695740 -0.575870 0.606428 -0.548287 0.812763 0.352263 -0.464034
-0.127380 -37.002713 -48.409783 219.048824 0.061099 0.718332 0.693013 -0.659748 0.550075 -0.512006 0.748999 0.425931 -0.507527
-0.517841 -29.674419 -79.686033 294.481797 0.059857 0.733577 0.676965 -0.815079 0.427422 -0.391097 0.576249 0.528370 -0.623508
-1.542953 -28.504862 -51.757775 384.949868 0.047350 0.693010 0.719371 -0.797014 0.460320 -0.390991 0.602102 0.554835 -0.574135
-1.843242 -30.291261 -62.072609 264.487124 0.061213 0.685277 0.725706 -0.578239 0.616979 -0.533832 0.813568 0.386954 -0.434021
-1.113992 -32.855552 77.664974 32.530033 -0.096875 -0.694229 -0.713205 -0.260459 0.709287 -0.655037 0.960613 0.122304 -0.249530
-1.747003 -28.252404 24.914550 228.028876 0.098673 -0.706371 -0.700931 0.822578 -0.338502 0.456926 -0.560025 -0.621657 0.547644
-2.366069 -26.043625 26.473717 4.501070 0.083596 -0.723793 -0.684934 0.947898 -0.154281 0.278724 -0.307410 -0.672548 0.673185
-3.251270 -28.738103 -52.666921 284.458121 -0.046752 0.738708 0.672402 0.812796 -0.363166 0.455492 -0.580669 -0.567821 0.583441
-0.770221 -2.525756 131.919869 49.033266 -0.685997 -0.140291 -0.713952 -0.383888 0.903335 0.191352 0.618093 0.405345 -0.673541
0.140671 -2.883022 137.792462 48.656131 -0.698499 -0.135085 -0.702745 -0.355024 0.918063 0.176404 0.621335 0.372709 -0.689225
1.700888 -2.321408 193.714255 42.540478 -0.739567 -0.052084 -0.671064 -0.304867 0.914788 0.264989 0.600080 0.400562 -0.692426
-0.285305 -4.107832 3.099033 -11.347808 -0.438813 0.762906 0.474782 0.412585 0.640443 -0.647771 0.798259 0.088362 0.595798
-0.064021 -3.870251 0.642600 0.070448 0.474711 -0.703312 -0.529152 0.414645 0.709023 -0.570399 0.776349 0.051365 0.628206
-0.461164 -4.257851 37.113414 7.124059 -0.474595 0.724286 0.500169 0.436835 0.687137 -0.580532 0.764156 0.057026 0.642506
-0.311982 -3.890014 -10.503274 -13.666128 -0.469409 0.714875 0.518276 0.375357 0.692841 -0.615694 0.799226 0.094474 0.593559
-1.014076 -4.564768 47.153546 -7.677738 -0.424962 0.794709 0.433411 0.420719 0.597340 -0.682774 0.801501 0.107809 0.588196
-0.750865 -4.607119 22.535853 -30.393989 -0.398678 0.821511 0.407645 0.394276 0.554859 -0.732583 0.828011 0.131340 0.545112
-0.391099 -4.184452 -4.671459 -25.875644 -0.428461 0.777826 0.459791 0.383415 0.617293 -0.686981 0.818177 0.118054 0.562716
-230.714803 -318.863771 -8317.305022 14575.510590 -0.234691 -0.186448 0.954022 0.029822 0.979590 0.198781 -0.971613 0.075103 -0.224340
80.967750 -7.368146 -3863.877061 1352.255663 0.748030 -0.051312 -0.661678 -0.591284 0.401238 -0.699565 -0.301387 -0.914535 -0.269798
117.316434 -577.761483 -15036.073996 70153.001792 0.454827 -0.348088 0.819736 -0.250129 0.833473 0.492704 -0.854733 -0.429135 0.292019
-17.012677 -114.763455 1135.891382 -4848.584100 0.835142 0.548787 -0.037021 0.485753 -0.704295 0.517699 -0.258033 0.450336 0.854761
2.407423 -42.716215 55.097777 1651.141046 0.722481 0.481638 -0.496029 0.411165 0.277479 0.868302 -0.555846 0.831282 -0.002441
2.792136 -36.767562 20.116126 959.245697 0.697632 0.506453 -0.506769 0.257301 0.483036 0.836942 -0.668660 0.714270 -0.206670
9.513856 -143.963076 -74.118085 6463.941643 0.696166 0.290516 -0.656470 0.331180 0.681362 0.652737 -0.636925 0.671823 -0.378128
-8.807905 -11.821222 36.154933 149.988472 0.726629 -0.656945 -0.201079 -0.221933 0.052541 -0.973645 -0.650197 -0.752105 0.107620
-7.904999 -11.238665 0.974368 120.286103 0.612280 -0.486766 -0.623035 -0.526148 0.337339 -0.780622 -0.590154 -0.805767 0.049565
-7.204122 -9.471473 13.597784 -95.236420 0.491437 -0.364563 -0.790938 0.542981 -0.581801 0.605540 -0.680927 -0.727049 -0.087968
-9.917349 -10.937444 10.624093 -41.344822 -0.116480 0.818073 -0.563195 0.937376 0.277971 0.209902 0.328267 -0.503476 -0.799220
-10.128544 -10.992688 -61.521610 -15.705214 0.268617 0.819305 -0.506542 0.844027 0.053214 0.533654 0.464180 -0.570884 -0.677221
-9.654688 -11.214099 -34.982817 -1.388178 0.304300 0.757363 -0.577757 0.803972 0.121109 0.582204 0.510911 -0.641665 -0.572045
-1.240256 -7.146211 -73.793065 5.599103 -0.451687 0.818329 0.355411 -0.714086 -0.570413 0.405846 -0.534847 0.070479 -0.842005
-1.495249 -7.284088 -3.734044 17.369285 -0.426373 0.812976 0.396581 -0.762164 -0.559007 0.326524 -0.487147 0.163039 -0.857966
0.935288 -10.425987 -80.624345 -190.957283 -0.396565 0.722149 -0.566779 -0.663910 -0.652006 -0.366213 0.634003 -0.231063 -0.738004
-0.268346 -8.926263 -50.327287 -103.955960 -0.423914 0.699701 -0.575078 -0.601178 -0.692286 -0.399156 0.677408 -0.176517 -0.714115
0.660794 -7.454729 -58.151363 -102.521143 -0.384605 0.729773 -0.565253 -0.572437 -0.668948 -0.474156 0.724151 -0.141210 -0.675030
-0.421725 -6.956759 -53.437801 48.771739 -0.434369 0.670050 -0.601960 0.491331 0.736375 0.465130 0.754929 -0.093724 -0.649075
2.031553 -7.123450 -71.824789 -134.415770 -0.343512 0.792823 -0.503418 -0.611466 -0.595664 -0.520859 0.712818 -0.128901 -0.689402
1.936468 -9.404634 -97.859712 -172.102314 -0.348794 0.762038 -0.545565 -0.659143 -0.613283 -0.435218 0.666238 -0.207804 -0.716201
0.775601 -5.505446 -33.516579 72.703821 -0.414774 0.691866 -0.591003 0.482455 0.717910 0.501838 0.771492 -0.076983 -0.631565
0.387947 -5.665684 -50.940084 42.549465 -0.447319 0.629681 -0.635144 0.424119 0.774573 0.469212 0.787419 -0.059489 -0.613541
-0.378728 -6.209780 7.347967 52.970194 -0.426135 0.603325 0.674098 -0.214729 0.656390 -0.723218 -0.878806 -0.452936 -0.150159
-0.933532 -6.644887 13.601723 -6.470896 -0.413869 0.612475 0.673488 0.344503 -0.579426 0.738636 -0.842633 -0.537717 -0.028806
-0.330289 -6.407835 20.074038 -21.267125 -0.433805 0.671522 0.600726 0.248812 -0.551518 0.796191 -0.865971 -0.494860 -0.072169
-0.900589 -6.650890 11.530562 18.780094 -0.401772 0.564737 0.720868 -0.344604 0.636093 -0.690387 -0.848426 -0.525792 -0.060953
0.099770 -6.012033 28.055606 -60.476887 -0.422131 0.654015 0.627750 0.160394 -0.627664 0.761782 -0.892232 -0.422260 -0.160056
0.314587 -5.419288 21.451061 86.621690 -0.428724 0.646976 0.630569 -0.095032 0.661801 -0.743632 -0.898423 -0.378737 -0.222247
-0.464163 -5.975700 13.194364 57.027529 -0.395436 0.547717 0.737317 -0.223159 0.721400 -0.655578 -0.890972 -0.423778 -0.163039
0.065715 -4.975072 20.466629 70.362485 -0.411875 0.607863 0.678868 -0.096606 0.711667 -0.695843 -0.906105 -0.352183 -0.234394
1.114982 -10.164457 29.401044 -78.362625 -0.185573 0.844718 0.502010 0.955077 0.275188 -0.109996 -0.231063 0.459046 -0.857838
1.214877 -10.143831 23.551007 73.336834 -0.115713 0.862010 0.493507 0.935131 0.262046 -0.238456 -0.334873 0.433902 -0.836414
1.295557 -11.126443 -11.096627 -47.465349 -0.169339 0.874878 0.453777 0.935606 0.287425 -0.205007 -0.309783 0.389841 -0.867213
1.241349 -12.152091 -14.653882 -115.190262 -0.241332 0.860753 0.448177 0.963967 0.265887 0.008419 -0.111918 0.434060 -0.893905
1.274575 -11.208198 51.066881 -147.312747 -0.260529 0.820265 0.509205 0.961329 0.269169 0.058255 -0.089278 0.504691 -0.858672
0.838915 -10.307752 14.210291 -111.384505 -0.253058 0.831495 0.494548 0.959584 0.280785 0.018925 -0.123126 0.479350 -0.868944
-0.254618 -22.787356 11.263239 -339.823789 -0.195060 0.798715 0.569216 -0.799177 -0.465872 0.379841 -0.568566 0.380812 -0.729188
57.964280 -3.386215 2449.082680 75.421996 0.630926 -0.088996 0.770722 0.346930 0.920910 -0.177664 -0.693954 0.379479 0.611901
26.446840 -6.948334 15.446625 70.541785 0.154209 0.067288 0.985744 0.289389 0.950850 -0.110178 -0.944708 0.302254 0.127158
60.399737 -3.858153 -195.529932 -10.808951 0.181450 -0.097214 0.978583 0.504634 0.863298 -0.007809 -0.844050 0.495243 0.205703
-4.731008 -10.733310 210.292550 -48.625401 -0.306980 0.784398 -0.538964 0.064013 0.582043 0.810634 -0.949561 -0.214348 0.228888
-2.444305 -10.139732 242.438473 -167.229101 -0.229210 0.822458 -0.520601 -0.077758 0.517660 0.852046 -0.970266 -0.235778 0.054700
-6.955791 -9.701456 71.905037 -57.582484 -0.461396 0.794916 -0.393982 0.033388 0.459320 0.887643 -0.886566 -0.396400 0.238469
0.038931 -9.921126 -25.141487 19.023365 -0.345416 0.877305 0.333202 -0.072286 0.329128 -0.941514 0.935662 0.349300 0.050269
-0.519156 -10.394468 -30.646067 18.312459 -0.341948 0.892089 0.295379 0.067483 0.336827 -0.939145 0.937293 0.301206 0.175379
-0.134958 -10.243745 -16.340935 11.929738 -0.351121 0.892663 0.282608 0.135617 0.347127 -0.927961 0.926457 0.287500 0.242944
-0.367394 -10.561826 -20.758458 9.682595 -0.341549 0.903680 0.258278 0.283869 0.361157 -0.888248 0.895970 0.230063 0.379880
0.348707 -9.886965 -11.086592 31.362270 -0.356081 0.885946 0.297164 0.086113 0.347766 -0.933619 0.930479 0.306854 0.200124
0.138285 -10.247861 -23.336076 11.157042 -0.335359 0.904833 0.262322 0.303595 0.367389 -0.879122 0.891832 0.215182 0.397910
-5.136805 -29.575600 209.153022 -353.192905 0.667807 -0.673181 -0.317587 0.544487 0.150890 0.825085 0.507511 0.723920 -0.467304
-6.889594 -29.847563 236.913510 187.834439 0.697508 -0.623672 -0.352868 0.338411 -0.147364 0.929388 0.631634 0.767670 -0.108270
-4.053999 -32.501661 168.118851 275.089459 0.675012 -0.639824 -0.367403 0.268781 -0.250500 0.930057 0.687107 0.726551 -0.002882
-6.716853 -16.287597 -12.335233 91.810683 0.726319 -0.687218 0.013845 0.575288 0.596751 -0.559403 -0.376170 -0.414270 -0.828780
-6.669556 -16.316970 20.367060 145.573988 0.830759 -0.543569 0.119881 0.534167 0.717954 -0.446327 -0.156540 -0.434827 -0.886804
-6.851497 -16.325699 -24.325504 -26.890392 0.723366 -0.689811 0.030044 0.477100 0.467905 -0.743936 -0.499117 -0.552472 -0.667575
-0.476576 -5.158218 -90.733122 -27.946385 -0.471696 0.436530 -0.766123 -0.411001 0.659851 0.629027 0.780116 0.611587 -0.131835
0.576730 -5.838797 -98.133859 -30.429809 -0.481520 0.466262 -0.742117 -0.489611 0.559194 0.669016 0.726925 0.685494 -0.040976
0.627208 -5.057834 -29.019931 -37.816976 -0.440059 0.304277 -0.844845 -0.456011 0.734772 0.502159 0.773564 0.606239 -0.184590
8.515207 -73.666240 41.408243 1143.163284 -0.558046 0.661174 0.501433 0.356462 -0.354676 0.864372 -0.749346 -0.661101 0.037758
10.541633 -115.821693 273.317407 -5196.416382 -0.543722 0.679356 0.492790 -0.103279 -0.636866 0.764026 -0.832887 -0.364523 -0.416441
11.060455 -173.852802 88.728305 -7782.513820 -0.476892 0.695837 0.537015 0.097507 -0.565312 0.819094 -0.873537 -0.442982 -0.201744
7.780307 -61.259461 21.202988 1892.933402 -0.529468 0.664729 0.527067 0.305616 0.729043 -0.612450 -0.791368 -0.163193 -0.589156
0.132702 -32.695820 -92.669358 727.043763 0.877870 0.430215 0.210379 0.033602 -0.493550 0.869068 -0.477719 0.755860 0.447729
0.494523 -148.416733 -131.145525 6552.213996 0.892349 0.397711 0.213399 -0.124350 -0.237873 0.963304 -0.433878 0.886139 0.162810
-7.502693 -10.755493 52.181059 30.172191 -0.312142 0.950027 0.004011 -0.398362 -0.127051 -0.908386 0.862482 0.285143 -0.418112
-8.121378 -10.745911 56.933417 -12.910101 -0.228365 0.973544 -0.007858 -0.286948 -0.075018 -0.955004 0.930328 0.215834 -0.296488
-9.042658 -10.661736 50.734977 -32.524264 -0.090219 0.995907 -0.005400 -0.240400 -0.027039 -0.970297 0.966472 0.086241 -0.241856
-9.581283 -10.912080 65.064695 -0.731433 0.027712 0.999448 0.018340 -0.391698 0.027737 -0.919676 0.919676 -0.018302 -0.392250
0.186411 -8.107672 26.813837 -76.717234 0.724570 -0.576856 -0.377141 0.501499 0.816651 -0.285621 0.472755 0.017817 0.881014
0.180208 -7.602342 -16.771957 -72.404260 0.729974 -0.580762 -0.360352 0.513832 0.813975 -0.270964 0.450683 0.012636 0.892595
-0.842359 -9.928730 30.129075 -0.216564 0.488420 -0.550172 -0.677316 0.846657 0.486677 0.215214 0.211229 -0.678569 0.703510
-1.426410 -9.758920 6.915577 49.307766 0.545333 -0.520158 -0.657303 0.747410 0.656736 0.100382 0.379460 -0.546016 0.746911
-1.224821 -10.228230 -1.770279 56.241221 0.555175 -0.542124 -0.630779 0.768800 0.623871 0.140465 0.317376 -0.562926 0.763143
1.461856 -15.021247 7.952501 32.859968 -0.633815 0.450322 0.628879 0.769827 0.288287 0.569435 0.075132 0.845045 -0.529391
1.640356 -14.020300 5.663542 121.449805 -0.649194 0.444847 0.616975 0.711216 0.067439 0.699731 0.269665 0.893064 -0.360163
1.371652 -13.746179 -6.570676 65.586025 0.660452 -0.424986 -0.619024 0.654220 -0.078907 0.752176 0.368510 0.901754 -0.225921
0.840402 -37.620125 6.533178 -914.766762 -0.416492 0.629506 0.655940 0.712219 0.674346 -0.194943 -0.565047 0.385980 -0.729205
1.323270 -28.732325 22.674354 -575.945598 -0.407338 0.630474 0.660741 0.570075 0.740756 -0.355381 -0.713506 0.231911 -0.661156
1.258513 -49.307623 46.785576 -1646.847044 -0.467044 0.598411 0.650980 0.718788 0.685711 -0.114645 -0.514989 0.414373 -0.750388
0.661941 -38.020864 -11.727603 -347.796002 -0.449490 0.638808 0.624406 0.872498 0.463879 0.153506 -0.191588 0.613792 -0.765868
-0.661450 -7.660830 2.725065 -2.197236 0.666830 -0.439517 -0.601800 0.520188 0.852789 -0.046425 0.533613 -0.282092 0.797296
-0.736869 -7.901584 2.946253 -1.845847 0.669510 -0.413011 -0.617397 0.390373 0.902771 -0.180590 0.631954 -0.120108 0.765643
0.209248 -35.695556 -37.767964 -706.914963 0.011216 0.732612 0.680554 0.929953 -0.257782 0.262174 0.367507 0.629943 -0.684186
0.653536 -34.131809 -8.160586 14.261022 0.019826 0.693173 0.720498 -0.762999 0.476184 -0.437128 0.646095 0.541073 -0.538332
2.831131 -212.652036 -6.714194 -844.731842 0.002742 -0.615156 -0.788400 -0.335591 0.742116 -0.580209 0.942004 0.266171 -0.204406
1.526700 -74.363748 -44.301949 -2414.029168 -0.019781 0.650955 0.758859 -0.548805 0.627369 -0.552468 0.835716 0.427394 -0.344838
1.679859 -68.901764 12.197568 -1226.432184 -0.024454 -0.617779 -0.785972 -0.144829 0.780102 -0.608659 0.989154 0.098948 -0.108549
1.130211 -69.947303 15.970950 -1378.475211 0.004366 -0.654242 -0.756273 -0.494622 0.655874 -0.570244 0.869097 0.376559 -0.320739
1.939488 -132.695281 217.330091 85.528902 0.005851 -0.686683 -0.726933 0.133130 0.721009 -0.680016 0.991081 -0.092798 0.095637
0.979773 -62.923312 40.256906 1372.459803 -0.043033 -0.565429 -0.823674 0.194198 0.803979 -0.562054 0.980018 -0.184143 0.075207
1.740321 -89.456985 37.055431 -3192.359756 -0.058479 -0.614679 -0.786606 -0.007356 0.788199 -0.615377 0.998262 -0.030200 -0.050615
-2.092741 -3.728905 74.406921 49.124956 -0.537057 -0.396840 -0.744371 -0.512250 0.854522 -0.085979 0.670201 0.335129 -0.662208
-0.314068 -3.690558 15.461300 -8.266915 0.500666 -0.655394 -0.565502 0.368934 0.752529 -0.545516 0.783084 0.064489 0.618563
-0.082519 -3.751352 15.849905 1.167737 0.509080 -0.635813 -0.580154 0.398488 0.771550 -0.495901 0.762918 0.021269 0.646145
-1.441753 -16.513704 -18.674308 -60.552792 0.565110 -0.659470 -0.495731 0.310386 0.726674 -0.612867 0.764403 0.192469 0.615341
-2.070679 -15.807648 -21.202851 -34.154168 0.527764 -0.688020 -0.498089 0.311603 0.702352 -0.640004 0.790170 0.182565 0.585066
-1.843445 -16.177110 -14.044924 8.491216 0.544454 -0.666247 -0.509593 0.136525 0.669820 -0.729864 0.827605 0.327805 0.455646
38.002914 -558.797337 -2062.205092 50825.744695 0.760563 0.601710 -0.243905 -0.581360 0.798397 0.156792 0.289076 0.022546 0.957041
42.482659 -621.991208 -2123.628694 49303.551842 0.747969 0.586915 -0.309957 -0.555409 0.809141 0.191862 0.363405 0.028646 0.931191
-15.104350 -829.000838 298.916588 58975.283026 0.818106 0.486149 -0.307185 -0.495209 0.867128 0.053452 0.292354 0.108391 0.950148
2.635479 -25.036182 45.447041 827.439681 0.666853 0.572971 -0.476456 0.467300 0.176507 0.866300 -0.580463 0.800343 0.150045
2.468830 -26.191001 -53.614263 529.590175 0.595955 0.642637 -0.481515 0.397490 0.284940 0.872245 -0.697739 0.711216 0.085631
-8.908203 -12.114579 52.217578 51.090619 0.701128 -0.690209 -0.178971 -0.313629 -0.073104 -0.946727 -0.640356 -0.719907 0.267725
-9.071990 -12.106897 94.765782 68.863825 0.688646 -0.587204 -0.425392 -0.474386 0.078832 -0.876780 -0.548383 -0.805591 0.224274
-9.347814 -10.515519 20.657421 -18.083520 -0.288030 0.830114 -0.477441 0.943519 0.331249 0.006728 0.163737 -0.448537 -0.878638
-0.859682 -7.015256 12.008206 9.924813 -0.447715 0.798992 0.401451 -0.623677 -0.600759 0.500115 -0.640763 0.026467 -0.767282
-0.399535 -7.211593 -75.089845 1.778348 -0.452655 0.821692 0.346302 -0.674164 -0.569558 0.470219 -0.583615 0.020617 -0.811769
-0.694455 -6.909701 -57.764503 13.043482 -0.453293 0.811119 0.369609 -0.583800 -0.583503 0.564537 -0.673575 -0.040123 -0.738029
0.267662 -7.010529 -76.908681 5.488446 -0.450512 0.824324 0.342826 -0.625017 -0.565416 0.538200 -0.637490 -0.028193 -0.769943
-0.308187 -11.858166 -42.679276 220.205948 -0.455455 0.682398 -0.571746 0.674008 0.683882 0.279317 0.581612 -0.258145 -0.771420
-1.269810 -9.026596 -44.038383 103.602267 -0.458174 0.674479 -0.578925 0.591851 0.717427 0.367438 0.663166 -0.174287 -0.727897
-1.236532 -6.517724 1.541686 29.793579 -0.412364 0.592621 0.691922 0.450846 -0.527230 0.720255 -0.791640 -0.608957 0.049770
-1.111294 -6.158182 4.787197 41.181409 -0.429522 0.653248 0.623521 0.421424 -0.465668 0.778174 -0.798695 -0.597009 0.075279
1.362290 -10.918787 11.296301 -79.356733 -0.129776 0.861604 0.490711 -0.895048 -0.314753 0.315942 -0.426670 0.398208 -0.812024
0.995950 -11.064707 20.327838 -159.487468 -0.112077 0.856496 0.503838 -0.881084 -0.320107 0.348169 -0.459488 0.404902 -0.790522
0.990178 -11.802512 5.837216 -97.731653 -0.140403 0.856933 0.495937 -0.788460 -0.399735 0.467486 -0.598847 0.325390 -0.731781
0.386290 -30.885106 39.642225 -341.550140 -0.179721 0.813285 0.553414 -0.593610 -0.538264 0.598246 -0.784428 0.220995 -0.579512
-0.161585 -18.175021 81.182250 3.940282 -0.427855 0.876924 0.218965 0.115738 -0.187109 0.975497 -0.896407 -0.442714 0.021438
2.426019 -19.739086 12.531301 -182.922096 -0.456989 0.852968 0.252202 0.278378 -0.132143 0.951338 -0.844788 -0.504959 0.177060
1.262128 -19.221639 64.247394 -22.463764 -0.419738 0.843665 0.334738 0.143052 -0.302698 0.942290 -0.896302 -0.443399 -0.006366
3.115757 -17.887189 3.659277 -192.576145 -0.506250 0.862197 0.018093 0.255702 0.130036 0.957970 -0.823606 -0.489599 0.286296
0.011066 -18.914604 76.377496 80.321169 -0.407027 0.845810 0.344868 -0.065532 -0.403626 0.912574 -0.911062 -0.348842 -0.219714
-1.922877 -18.213566 104.671045 105.308929 -0.404106 0.866358 0.293466 -0.100345 -0.360880 0.927198 -0.909192 -0.345239 -0.232768
-2.893414 -15.012999 96.461915 141.514077 -0.450742 0.875727 0.173011 0.018090 -0.184815 0.982607 -0.892471 -0.446032 -0.067463
-1.964114 -13.415125 103.267044 75.636477 -0.466472 0.884156 0.025932 0.160668 0.055864 0.985426 -0.869822 -0.463840 0.168114
-0.347119 -10.166238 -37.567380 11.149982 -0.333017 0.882133 0.333079 -0.112637 0.313496 -0.942885 0.936169 0.351514 0.005039
-0.499048 -10.538647 -26.601771 5.537549 -0.343443 0.881903 0.322947 -0.072637 0.317890 -0.945341 0.936360 0.348129 0.045118
-0.686665 -10.538553 -11.920487 -1.917013 -0.365170 0.884126 0.291500 0.072545 0.339197 -0.937914 0.928110 0.321351 0.188004
-0.586448 -10.548365 -17.748498 -8.988693 -0.351162 0.895694 0.272795 0.222003 0.362691 -0.905080 0.909615 0.257268 0.326210
2.917159 -17.711369 -45.067477 199.623051 -0.067811 0.945327 0.318996 0.693590 0.274499 -0.666021 0.717171 -0.176089 0.674283
1.506569 -16.479978 -56.407906 173.272889 -0.055938 0.914182 0.401425 0.622128 0.346376 -0.702125 0.780914 -0.210462 0.588114
2.558005 -18.252394 -52.594998 226.152825 -0.068588 0.922582 0.379655 0.776422 0.288329 -0.560389 0.626470 -0.256336 0.736089
7.115954 -30.072841 518.772743 50.153606 -0.457664 0.884783 0.087765 0.483782 0.164985 0.859497 -0.745988 -0.435820 0.503550
10.775464 -39.735475 527.226915 816.826781 -0.535006 0.830948 0.152627 0.249894 -0.016930 0.968125 -0.807045 -0.556093 0.198591
5.385895 -28.708718 519.036788 -43.320015 -0.468971 0.878667 0.089496 0.211310 0.013238 0.977329 -0.857563 -0.477251 0.191880
-6.950355 -10.189379 -4.450848 -235.984018 0.756203 -0.522644 0.393702 0.376195 -0.145041 -0.915118 -0.535383 -0.840123 -0.086935
-6.893229 -9.613235 1.646559 -177.709397 0.682644 -0.587296 0.434834 0.375638 -0.228392 -0.898183 -0.626812 -0.776480 -0.064700
-7.028329 -13.703999 -22.384994 -212.713915 0.705099 -0.700371 0.110976 0.260974 0.110784 -0.958968 -0.659339 -0.705129 -0.260893
0.565497 -6.148044 1.554941 21.481016 -0.429854 0.708701 0.559436 -0.478303 -0.704254 0.524645 -0.765802 0.042060 -0.641700
0.709120 -6.307501 12.414181 21.938914 -0.414840 0.731886 0.540602 -0.474363 -0.680968 0.557909 -0.776458 0.024998 -0.629672
0.751979 -6.531591 13.320250 11.059435 -0.431482 0.704492 0.563484 -0.531239 -0.703259 0.472453 -0.729115 0.095490 -0.677697
0.669645 -6.507291 0.395285 -13.228834 -0.446543 0.683967 0.576878 0.561380 0.716205 -0.414612 -0.696743 0.138706 -0.703782
-1.075466 -5.897714 -132.495165 35.544263 -0.555427 0.538399 -0.633741 0.424481 -0.471769 -0.772820 0.715064 0.698256 -0.033493
1.131291 -6.476104 188.816157 37.293618 0.505459 -0.511607 0.694816 0.546316 -0.433534 -0.716650 0.667870 0.741826 0.060365
9.489076 -75.951982 186.738896 -863.764730 -0.629049 0.615559 0.474747 0.293033 -0.377893 0.878253 -0.720020 -0.691580 -0.057334
11.406208 -92.260651 95.690993 3242.562428 -0.747649 0.479300 0.459665 0.062141 0.739624 -0.670146 -0.661180 -0.472470 -0.582763
9.228854 -73.312879 134.596691 2637.550093 -0.668430 0.602966 0.435469 0.409410 0.787083 -0.461394 -0.620955 -0.130124 -0.772970
8.447331 -67.398909 166.326821 2291.875972 -0.533359 0.680007 0.503110 0.425079 0.729681 -0.535606 -0.731325 -0.071809 -0.678238
6.091239 -98.615102 -103.560346 4679.503493 0.898896 0.413124 0.145996 0.120419 -0.553295 0.824236 -0.421290 0.723321 0.547102
1.538371 -22.524481 -81.135909 -33.926524 0.872566 0.452040 0.185169 0.137198 -0.590580 0.795231 -0.468833 0.668487 0.577339
1.876804 -26.801280 -50.784006 -641.805169 0.889423 0.443813 0.109348 0.252707 -0.676795 0.691438 -0.380875 0.587348 0.714112
-6.869435 -10.929888 15.731758 46.239034 -0.400568 0.915729 0.031413 -0.503668 -0.191421 -0.842423 0.765417 0.353269 -0.537901
0.345947 -8.369961 -15.747319 -46.417057 0.712309 -0.612371 -0.342955 0.490436 0.783814 -0.380931 0.502084 0.103143 0.858646
1.285839 -13.928373 139.539499 285.073814 -0.543455 -0.585008 -0.602015 -0.118025 0.763291 -0.635183 0.831100 -0.274140 -0.483860
-1.272941 -11.606637 33.635038 213.231873 -0.503034 -0.480817 -0.718172 -0.107977 0.859414 -0.499748 0.857495 -0.173844 -0.484232
-0.125349 -15.343629 73.282998 353.913838 -0.525655 -0.477254 -0.704213 0.041894 0.812279 -0.581763 0.849666 -0.335308 -0.406984
-1.046518 -10.392650 58.654026 159.160198 -0.530272 -0.512948 -0.675053 -0.205353 0.850213 -0.484735 0.822583 -0.118417 -0.556179
-0.871713 -10.714586 -15.982274 3.697473 0.579120 -0.549379 -0.602331 0.788357 0.565568 0.242128 0.207639 -0.615073 0.760638
-0.332200 -10.409193 -41.538636 1.250656 0.613319 -0.554071 -0.562891 0.775374 0.558119 0.295464 0.150452 -0.617664 0.771917
-0.408763 -10.541373 -18.814173 -69.156046 0.589396 -0.544288 -0.596961 0.806577 0.437871 0.397118 0.045245 -0.715555 0.697090
-0.630531 -10.234129 -42.198002 47.679316 0.586357 -0.575609 -0.569965 0.759277 0.635731 0.139088 0.282284 -0.514316 0.809812
0.641734 -12.508368 -15.412071 -71.833995 -0.551788 0.506061 0.662897 0.698947 0.714240 0.036539 -0.454976 0.483492 -0.747818
0.140392 -11.365195 -19.832245 -93.333904 -0.507515 0.564485 0.650987 0.625605 0.760924 -0.172087 -0.592492 0.319924 -0.739325
0.263601 -13.734080 -32.437300 -117.239933 -0.539668 0.555134 0.632918 0.708336 0.705716 -0.015011 -0.454993 0.440217 -0.774074
0.664583 -14.964329 -32.903748 -64.928198 -0.576299 0.522763 0.628171 0.764635 0.616228 0.188671 -0.288466 0.589052 -0.754854
1.070335 -13.952054 -8.267561 -63.113836 -0.594257 0.465776 0.655676 0.752209 0.610427 0.248115 -0.284676 0.640649 -0.713112
1.019307 -12.288936 -14.843659 -58.349086 -0.576472 0.480910 0.660610 0.724227 0.675089 0.140536 -0.378386 0.559446 -0.737458
1.490985 -22.949620 27.107046 -94.815587 -0.409449 0.635895 0.654209 0.347142 0.771724 -0.532855 -0.843708 0.008926 -0.536728
-0.422882 -7.533932 28.183389 -4.322532 0.648727 -0.447296 -0.615694 0.615816 0.783882 0.079372 0.447128 -0.430645 0.783978
-0.109590 -7.685008 68.732002 -11.225355 0.614510 -0.437335 -0.656594 0.654110 0.747738 0.114143 0.441041 -0.499627 0.745557
-0.660985 -15.633919 -4.126129 -395.870420 -0.392027 0.762890 0.514114 0.169813 -0.489235 0.855460 -0.904145 -0.422667 -0.062244
-0.891760 -10.406012 0.360322 -109.986534 -0.393518 0.760577 0.516397 0.059002 -0.539665 0.839809 -0.917421 -0.360949 -0.167493
-0.376067 -15.057594 -7.625807 -428.378203 -0.395627 0.762993 0.511195 0.131955 -0.503609 0.853795 -0.908882 -0.405239 -0.098560
-1.420113 -25.739244 -47.225192 -233.922986 0.019988 0.704025 0.709894 0.917287 -0.295369 0.267099 0.397725 0.645837 -0.651697
-0.811094 -25.710049 -61.145525 -298.775719 0.019389 0.732208 0.680805 0.945224 -0.235346 0.226195 0.325847 0.639127 -0.696664
2.410415 -192.592908 -176.221049 -5138.846435 -0.049274 0.666759 0.743643 0.801764 -0.417591 0.427542 0.595606 0.617293 -0.514007
1.247231 -68.217278 8.997037 -860.082942 -0.020894 0.621486 0.783147 0.857213 -0.391998 0.333951 0.514538 0.678301 -0.524555
-2.737719 -3.242217 -9.739688 69.408935 0.097841 0.798800 0.593587 -0.746203 0.453532 -0.487329 0.658489 0.395256 -0.640441
-1.082564 -4.773361 -60.965929 33.087731 0.504681 -0.681830 -0.529532 0.440481 0.730901 -0.521306 0.742478 0.029844 0.669206
-1.480642 -4.784685 57.672714 17.044344 -0.458258 0.738715 0.494267 0.431852 0.671095 -0.602606 0.776855 0.062698 0.626550
-147.120518 -7640.241067 -10057.974709 826469.447761 0.736634 0.157361 0.657730 -0.341664 0.925906 0.161130 -0.583641 -0.343416 0.735818
-93.397612 -633.961426 -4057.598078 32622.244439 0.846936 -0.104744 0.521276 0.432703 -0.433951 -0.790225 -0.308980 -0.894827 0.322205
-19.307567 -310.599005 727.706635 -14121.712384 0.910453 0.410314 0.052126 0.402644 -0.850416 -0.338628 0.094615 -0.329294 0.939475
-52.577336 -135.842013 1390.064396 -7063.987776 0.564584 0.820101 0.093161 0.627358 -0.499737 0.597232 -0.536347 0.278742 0.796640
0.341425 -29.464457 -143.577288 364.855792 0.540111 0.757291 -0.367138 0.264545 0.261358 0.928282 -0.798934 0.598500 0.059175
-0.408528 -24.550655 -111.973393 -187.406853 0.567823 0.736123 -0.368375 -0.058639 0.482556 0.873900 -0.821060 0.474619 -0.317172
1.265478 -24.879353 -115.438396 372.002913 0.577922 0.710427 -0.401621 0.160319 0.383706 0.909433 -0.800190 0.589969 -0.107857
1.693511 -24.650085 -121.831459 372.016382 0.554241 0.714582 -0.426836 0.395706 0.224942 0.890403 -0.732280 0.662400 0.158093
-5.747995 -11.913745 272.200878 17.640138 -0.480821 0.856046 0.189730 0.461295 0.062949 0.885011 -0.745666 -0.513053 0.425157
-3.450368 -11.105378 309.640143 143.425551 -0.435145 0.891280 0.127549 0.363093 0.044080 0.930709 -0.823900 -0.451306 0.342799
-9.161692 -10.831140 44.767697 -2.549861 -0.358341 0.823271 -0.440247 0.875235 0.460350 0.148464 0.324894 -0.332119 -0.885518
-9.536929 -10.792389 71.780083 -10.391638 -0.314370 0.830992 -0.458937 -0.830700 -0.474801 -0.290690 0.459465 -0.289855 -0.839569
-10.038677 -10.935843 26.923505 5.589856 0.008060 0.878171 -0.478279 -0.867109 -0.232086 -0.440747 0.498053 -0.418273 -0.759599
-0.879491 -7.069584 31.875473 6.426119 -0.434014 0.793565 0.426481 -0.683214 -0.598496 0.418356 -0.587240 0.109806 -0.801930
3.482989 -11.110722 -116.909143 -221.533752 -0.341884 0.796176 -0.499218 -0.702888 -0.569250 -0.426500 0.623749 -0.205081 -0.754240
0.801762 -3.862535 8.169079 -89.288758 -0.415483 0.734961 -0.535917 -0.483393 -0.677501 -0.554368 0.770523 -0.028727 -0.636765
4.353677 -8.419197 -108.206239 -146.469052 -0.321436 0.863158 -0.389406 -0.689271 -0.495247 -0.528805 0.649295 -0.098430 -0.754140
2.999474 -5.344307 -88.073275 -105.599912 -0.295139 0.883995 -0.362554 -0.630080 -0.465329 -0.621666 0.718256 -0.044960 -0.694324
0.549981 -5.592383 31.075599 -78.423243 -0.433044 0.703895 0.563032 0.080269 -0.592042 0.801900 -0.897791 -0.392452 -0.199880
0.655194 -32.374634 16.645873 4.733936 -0.180911 0.835158 0.519406 -0.221660 -0.549156 0.805789 -0.958195 -0.030644 -0.284469
0.545143 -28.625322 35.927228 175.749230 -0.137350 0.848636 0.510834 0.023656 -0.512765 0.858203 -0.990240 -0.129959 -0.050353
0.412047 -26.987733 34.502606 194.893393 -0.113961 0.848153 0.517349 -0.001825 -0.520919 0.853604 -0.993484 -0.096334 -0.060913
106.222967 -1.286952 1936.706678 -42.793854 0.338770 -0.220649 0.914630 0.663296 0.745455 -0.065841 -0.667288 0.628976 0.398893
138.646993 -11.009613 -5718.730870 152.408851 -0.210617 0.294655 0.932105 0.544402 0.827309 -0.138514 -0.811952 0.478266 -0.334656
212.679635 -5.411961 8926.982981 237.440461 0.481846 -0.245739 0.841093 0.714828 0.665395 -0.215105 -0.506800 0.704884 0.496278
2.682423 -24.304288 -25.668855 -351.473716 -0.467492 0.834826 0.290716 0.328905 -0.140992 0.933779 -0.820532 -0.532152 0.208666
5.180962 -21.160124 -85.289201 -402.117871 -0.554477 0.822885 0.124159 0.379425 0.117189 0.917771 -0.740670 -0.555992 0.377202
