16897
33782
-5.144014 -8.445094 24.448288 92.141296 -0.217761 0.972985 0.076689 -0.962170 -0.200829 -0.184112 0.163737 0.113880 -0.979909
-5.805065 -9.654707 6.296625 86.181713 -0.211509 0.973147 0.090828 -0.932627 -0.173154 -0.316583 0.292354 0.151669 -0.944206
-8.143062 -10.853754 82.587940 222.224087 0.361597 0.903759 0.229059 -0.890134 0.407728 -0.203519 0.277326 0.130301 -0.951899
-4.713441 -8.608658 -76.141344 91.988994 -0.417737 0.904556 0.085292 -0.890537 -0.389030 -0.235795 0.180108 0.174456 -0.968053
-6.906858 -9.491576 50.642801 253.906717 0.382325 0.912818 0.143496 -0.914019 0.396390 -0.086276 0.135635 0.098172 -0.985883
-4.852167 -7.390266 17.621002 -82.684514 0.025912 0.996728 0.076560 0.998032 -0.030169 0.054980 0.057110 0.074985 -0.995548
-4.315479 -7.404292 -37.342017 -78.045266 -0.434949 0.898155 0.064313 0.897403 0.426492 0.113019 0.074080 0.106872 -0.991509
5.558935 -8.342365 32.291077 -13.041697 0.377952 0.822245 -0.425518 -0.157559 0.510029 0.845604 -0.912320 0.252553 -0.322319
4.027102 -8.893844 -22.111435 23.216963 0.451611 0.706490 -0.544903 -0.218180 0.679636 0.700351 -0.865127 0.197399 -0.461073
5.975954 -9.163375 61.689309 -50.503964 0.475325 0.736636 -0.481075 -0.117820 0.595164 0.794920 -0.871885 0.321166 -0.369687
5.371735 -9.955452 7.298960 -76.112983 -0.515577 -0.657302 0.549668 -0.115841 0.689085 0.715362 -0.848977 0.305150 -0.431419
7.680263 -11.454075 39.667243 -158.781431 0.427983 0.809826 -0.401262 -0.038432 0.459885 0.887147 -0.902969 0.364263 -0.227946
6.878007 -12.088797 22.131936 -200.329970 0.530129 0.694941 -0.485818 -0.028545 0.587258 0.808897 -0.847436 0.414952 -0.331160
-7.716587 -9.443447 -79.524681 1.037171 0.710215 0.689845 -0.140385 -0.016175 0.215353 0.976402 -0.703799 0.691185 -0.164105
-7.987583 -9.638395 -139.219905 34.459711 0.719864 0.681786 -0.130241 0.111572 0.071540 0.991178 -0.685089 0.728045 0.024570
-8.489029 -9.650623 -214.087735 5.596703 0.727626 0.628170 -0.275613 0.148817 0.247663 0.957349 -0.669637 0.737608 -0.086724
17.885244 -8.446949 245.673038 -154.660288 0.957887 0.160915 0.237821 -0.281828 0.685510 0.671304 0.055006 0.710058 -0.701991
16.624225 -12.114375 419.921684 -298.334475 0.939017 0.111471 0.325303 -0.324149 0.602710 0.729156 0.114784 0.790136 -0.602088
16.188738 -11.881611 -262.295739 -272.177185 0.940994 0.332056 0.065343 -0.266832 0.609207 0.746772 -0.208163 0.720143 -0.661863
16.039348 -11.324308 680.453890 -228.699930 0.869197 -0.056857 0.491186 -0.348346 0.634596 0.689886 0.350930 0.770750 -0.531783
19.219179 -8.258666 -449.434200 -153.838454 0.899209 0.428310 -0.089293 -0.254245 0.677631 0.690055 -0.356066 0.597802 -0.718227
19.353033 -5.772238 -288.982298 -84.153411 0.936295 0.351197 0.003391 -0.278852 0.737484 0.615109 -0.213524 0.576869 -0.788435
17.649082 -7.482387 703.824764 -149.441261 0.885089 -0.076767 0.459047 -0.264968 0.727752 0.632589 0.382635 0.681530 -0.623785
-0.733930 -6.672582 34.089074 18.888519 -0.186903 0.957801 -0.218370 0.233358 0.259211 0.937205 -0.954260 -0.124208 0.271958
-0.752439 -6.976507 27.239446 18.612318 -0.188841 0.958879 -0.211874 0.121705 0.236945 0.963870 -0.974437 -0.156232 0.161446
-1.025287 -6.703022 10.222755 11.640077 -0.206577 0.951616 -0.227491 0.231559 0.273450 0.933598 -0.950635 -0.140182 0.276843
-0.940598 -6.463717 7.949043 -7.144610 -0.201213 0.953987 -0.222312 0.296591 0.275635 0.914363 -0.933567 -0.118046 0.338405
-0.866032 -6.363769 -15.500276 -6.807320 -0.228943 0.942575 -0.243183 0.307231 0.307016 0.900750 -0.923685 -0.131507 0.359878
-0.933614 -6.571012 -15.473253 6.503582 -0.229825 0.945074 -0.232412 0.243765 0.287091 0.926368 -0.942210 -0.156248 0.296357
2.713917 -4.641922 219.757139 93.772258 0.647927 0.723015 0.239666 0.384920 -0.039281 -0.922114 0.657288 -0.689714 0.303755
0.062579 -5.988696 167.302931 55.016884 0.672674 0.716828 0.183487 0.410198 -0.154877 -0.898750 0.615831 -0.679831 0.398223
-1.128413 -4.548967 96.338447 91.288951 0.654599 0.690634 0.307450 0.428715 -0.004165 -0.903430 0.622659 -0.723193 0.298812
4.159197 -5.602410 406.635764 40.118084 0.622221 0.758985 0.191787 0.438468 -0.134930 -0.888560 0.648527 -0.636973 0.416747
-0.052542 -2.867466 42.908213 123.780413 0.545555 0.662055 0.513861 0.509125 0.225223 -0.830702 0.665704 -0.714813 0.214197
2.479733 -3.059487 169.282793 122.002458 0.657145 0.700420 0.278517 0.347414 0.046466 -0.936560 0.668927 -0.712217 0.212801
6.095900 -4.452829 222.410425 25.003563 0.684294 0.663134 0.303307 0.411802 -0.008156 -0.911237 0.601798 -0.748456 0.278661
7.742764 -5.037339 342.586577 18.811292 0.652544 0.725758 0.217856 0.429375 -0.117256 -0.895482 0.624358 -0.677884 0.388137
-0.935024 -11.607453 -33.764408 38.954305 -0.013445 0.878972 0.476684 0.977844 0.111158 -0.177386 -0.208904 0.463737 -0.860992
-0.824629 -12.021383 32.996246 51.572673 -0.023255 0.872698 0.487707 0.969490 0.138764 -0.202075 -0.244026 0.468127 -0.849299
-1.263747 -12.659163 22.349125 102.159039 -0.010047 0.866775 0.498598 0.935729 0.183961 -0.300947 -0.352576 0.463529 -0.812915
-1.159510 -12.382898 -38.398420 69.728978 0.011207 0.876624 0.481045 0.941508 0.152788 -0.300366 -0.336806 0.456274 -0.823636
0.117922 -9.267302 33.541839 41.182378 0.165311 0.767168 0.619779 0.387168 0.527496 -0.756207 0.907069 -0.364967 0.209822
0.360297 -8.069063 17.984728 -85.849449 0.162981 0.757359 0.632332 0.347580 0.555740 -0.755210 0.923377 -0.342871 0.172667
0.404175 -8.728897 13.244274 11.935960 0.185054 0.773081 0.606713 0.268461 0.554124 -0.787956 0.945348 -0.308693 0.104999
0.479082 -8.260115 -1.013879 5.668128 0.175896 0.759452 0.626333 0.211707 0.592181 -0.777497 0.961374 -0.269357 0.056619
0.707872 -8.341767 -5.414864 20.148845 0.180771 0.767772 0.614694 0.098629 0.607689 -0.788027 0.978568 -0.203079 -0.034128
0.508150 -8.335831 -43.473427 45.609907 0.217091 0.774933 0.593591 0.090418 0.589515 -0.802681 0.971955 -0.227926 -0.057910
0.405611 -8.097645 -15.662048 -10.179628 0.203890 0.765883 0.609797 0.201610 0.576682 -0.791702 0.958010 -0.284361 0.036830
0.430617 -8.734143 19.568016 -37.827120 0.188929 0.767485 0.612595 0.341838 0.533411 -0.773705 0.920572 -0.355583 0.161578
-9.698537 -17.733730 -78.773752 -30.592887 -0.023202 0.903676 -0.427589 0.945246 -0.119440 -0.303717 -0.325533 -0.411223 -0.851425
-8.652517 -15.108076 23.380499 230.428554 -0.056945 0.966615 -0.249824 -0.780368 0.112983 0.615029 -0.622722 -0.229978 -0.747882
-8.816087 -17.253153 -73.508233 99.680558 -0.029531 0.954538 -0.296622 -0.931100 0.081668 0.355505 -0.363568 -0.286683 -0.886358
-8.324419 -16.082610 78.436788 72.728539 -0.038359 0.992580 -0.115382 -0.900178 0.015806 0.435236 -0.433830 -0.120559 -0.892892
-9.203330 -17.092493 161.117872 85.379807 0.050882 0.992569 -0.110538 -0.963755 0.077824 0.255186 -0.261892 -0.093547 -0.960553
-0.138789 -14.158580 23.196743 63.057894 0.270903 -0.432622 0.859913 -0.379300 0.773069 0.508424 -0.884728 -0.463899 0.045333
-0.002038 -14.139403 50.752068 -9.208164 0.303325 -0.437921 0.846297 -0.290468 0.803378 0.519820 -0.907536 -0.403497 0.116483
-0.096373 -14.514112 19.450230 -109.773027 0.282444 -0.452386 0.845915 -0.239315 0.820709 0.518812 -0.928953 -0.348976 0.123541
0.105106 -15.657107 37.035951 95.201628 0.277689 -0.416830 0.865530 -0.437141 0.747457 0.500215 -0.855451 -0.517263 0.025347
0.041101 -16.438529 26.043198 244.807968 0.248698 -0.399420 0.882391 -0.563045 0.681659 0.467249 -0.788118 -0.613029 -0.055364
1.578513 -10.937070 37.458919 228.144670 -0.075313 0.389521 -0.917933 0.712883 0.664691 0.223569 0.697227 -0.637542 -0.327743
1.660074 -10.976948 4.313787 219.929081 -0.041885 0.373162 -0.926820 0.689586 0.682058 0.243451 0.722992 -0.628925 -0.285895
1.829366 -9.181762 37.792522 -4.873503 -0.107687 0.355225 -0.928557 0.645785 0.735112 0.206328 0.755887 -0.577430 -0.308561
1.455961 -9.443021 3.839494 15.603829 -0.125362 0.333113 -0.934516 0.660497 0.730881 0.171922 0.740289 -0.595692 -0.311645
1.746383 -10.900594 38.514134 -209.192287 -0.163198 0.316520 -0.934442 0.578278 0.798073 0.169334 0.799350 -0.512732 -0.313281
1.997432 -10.345351 67.664732 -202.100426 -0.162264 0.316996 -0.934443 0.551596 0.814353 0.180474 0.818176 -0.486150 -0.306994
-0.599830 -7.144595 23.026864 73.835312 -0.262846 0.927428 -0.266062 0.867995 0.347707 0.354520 -0.421303 0.137757 0.896396
-0.284347 -5.827419 29.409356 154.094350 -0.269991 0.920797 -0.281492 0.895758 0.347429 0.277327 -0.353160 0.177273 0.918614
-0.329345 -7.637766 25.386972 47.139978 -0.225600 0.937801 -0.263883 0.849335 0.322010 0.418258 -0.477215 0.129766 0.869153
0.028307 -7.885623 20.047458 -7.694461 -0.204469 0.944476 -0.257212 0.823232 0.308080 0.476839 -0.529605 0.114247 0.840516
-0.132798 -7.895605 24.272240 -13.596055 -0.209932 0.941148 -0.264894 0.783961 0.323930 0.529599 -0.584238 0.096486 0.805827
0.441086 -0.442162 49.596076 -11.906936 -0.105756 0.993712 -0.036764 -0.919826 -0.111805 -0.376058 0.377804 0.005954 -0.925866
-0.528381 -0.905701 68.405596 -1.563670 0.249379 0.961616 0.114474 -0.884403 0.274307 -0.377608 0.394515 0.007074 -0.918862
-0.515635 -1.534233 64.836157 -85.922543 -0.275554 0.955873 -0.101865 -0.881068 -0.293515 -0.370901 0.384433 0.012453 -0.923069
0.072348 -1.059436 40.431929 45.454121 0.421814 0.892218 0.161308 -0.824407 0.451471 -0.341360 0.377394 -0.011007 -0.925988
0.984422 -1.396045 40.869493 78.707283 0.261335 0.962315 0.075192 -0.897421 0.270918 -0.348195 0.355444 -0.023517 -0.934402
1.204040 0.675095 56.392197 -92.112167 -0.491337 0.844659 -0.212461 -0.781516 -0.535237 -0.320554 0.384476 -0.008541 -0.923095
1.450028 0.175664 44.324432 111.298376 0.402646 0.906515 0.126911 -0.849274 0.421694 -0.317662 0.341483 -0.020123 -0.939673
1.509348 -1.185376 65.704313 -114.722771 -0.523333 0.819878 -0.232213 -0.755303 -0.572477 -0.319042 0.394512 -0.008426 -0.918852
0.018395 -10.703135 -10.259119 -214.532497 0.833599 -0.293176 0.468146 0.538218 0.621723 -0.569018 0.124235 -0.726297 -0.676061
-0.089865 -11.780415 15.087031 -239.165151 0.835701 -0.277682 0.473811 0.532421 0.621190 -0.575022 0.134654 -0.732813 -0.666973
-0.189360 -9.266522 -1.651509 -81.806290 0.829845 -0.290605 0.476346 0.549710 0.572317 -0.608499 0.095788 -0.766813 -0.634684
-0.212819 -10.141574 -6.000608 -104.360049 0.817796 -0.304936 0.488082 0.567935 0.564738 -0.598766 0.093053 -0.766867 -0.635024
-0.148827 -12.449275 70.654136 -35.337760 -0.188171 0.869490 0.456704 -0.592033 -0.471448 0.653631 -0.783638 0.147389 -0.603480
0.015665 -12.735559 26.802406 -25.273906 -0.199982 0.882333 0.426023 -0.443194 -0.469242 0.763800 -0.873834 0.036065 -0.484885
0.306364 -12.953582 62.634262 -38.703431 -0.184064 0.870681 0.456109 -0.528972 -0.478855 0.700633 -0.828438 0.112308 -0.548706
0.187659 -12.000299 56.305550 -41.793598 -0.192169 0.868342 0.457223 -0.692055 -0.450243 0.564217 -0.695795 0.207998 -0.687463
-0.368150 -28.396377 -32.112098 233.700342 0.064295 -0.349701 0.934652 0.776078 -0.571267 -0.267127 0.627350 0.742539 0.234666
-0.722434 -26.596535 -34.543428 -115.285891 0.056424 -0.346120 0.936492 0.909048 -0.370059 -0.191541 0.412854 0.862123 0.293760
-0.731254 -26.790702 -6.049916 162.697401 0.043408 -0.371476 0.927427 0.732880 -0.619046 -0.282258 0.678972 0.691945 0.245375
-1.115743 -28.624052 20.378407 -224.796117 -0.040633 0.372477 -0.927151 -0.686353 0.663943 0.296815 0.726133 0.648414 0.228673
-1.002035 -25.698416 -0.733773 -302.653323 -0.036340 0.374379 -0.926564 -0.475860 0.808831 0.345472 0.878770 0.453469 0.148759
-0.492284 -27.296202 36.920691 -365.757115 -0.058747 0.356245 -0.932544 -0.554208 0.765336 0.327282 0.830302 0.536050 0.152473
-4.184764 -14.655900 121.546185 -164.570547 0.691929 -0.403338 0.598794 -0.588610 -0.795420 0.144379 -0.418059 0.452356 0.787782
-2.647111 -16.081348 114.871147 -170.110912 0.728463 -0.399488 0.556553 -0.556540 -0.818819 0.140707 -0.399506 0.412244 0.818810
-2.695784 -14.554969 155.234406 -10.080436 0.679280 -0.462469 0.569825 -0.678585 -0.691489 0.247721 -0.279464 0.554947 0.783539
-1.348629 -6.856507 107.422116 -9.483167 -0.421115 0.900786 -0.106049 0.088267 0.157067 0.983636 -0.902702 -0.404863 0.145653
0.057763 -7.174399 96.007361 -11.430898 -0.413113 0.900058 -0.138686 0.130709 0.209314 0.969073 -0.901251 -0.382209 0.204116
0.012793 -7.060696 138.316673 -2.692570 -0.401240 0.911755 -0.087799 0.041133 0.113692 0.992664 -0.915049 -0.394685 0.083121
-1.212009 -7.458707 -30.234985 85.398155 -0.787957 0.611093 -0.075422 0.553260 0.756443 0.348852 0.270234 0.233152 -0.934138
-0.235039 -8.984781 21.149868 96.139838 -0.859629 0.499114 -0.109191 0.463505 0.851747 0.244317 0.214945 0.159412 -0.963528
-1.915013 -7.931989 -48.726763 39.123978 0.910714 -0.383133 0.154303 0.303371 0.873998 0.379596 0.280296 0.298892 -0.912194
-0.110958 -8.911690 -33.956994 133.363074 -0.761162 0.645314 -0.064825 0.612865 0.748369 0.253655 0.212200 0.153343 -0.965120
1.360876 -82.098879 -401.786057 1514.666176 0.772764 0.034241 -0.633769 -0.556479 -0.443662 -0.702492 0.305234 -0.895540 0.323791
9.176661 -78.309483 -299.475157 229.905997 0.618396 0.136648 -0.773895 -0.452791 -0.742926 -0.492992 0.642313 -0.655277 0.397550
6.931671 -70.168141 -352.565272 -2685.613366 0.596379 0.057351 -0.800651 0.755160 0.298089 0.583846 0.272149 -0.952814 0.134465
0.722448 -231.803809 872.668249 -14307.374788 0.355796 0.163217 -0.920201 0.733102 0.561939 0.383127 0.579629 -0.810916 0.080281
8.732134 -50.487537 -170.899083 -1883.698617 0.448423 0.227060 -0.864500 0.867241 0.123590 0.482305 0.216355 -0.966007 -0.141495
0.206211 -6.358698 -46.162920 -36.835391 -0.319974 0.894823 -0.311302 -0.177764 0.266038 0.947430 -0.930600 -0.358491 -0.073942
0.584773 -6.093739 -69.976134 -36.970368 -0.322635 0.887982 -0.327712 -0.263530 0.248265 0.932157 -0.909098 -0.387108 -0.153911
0.884996 -6.438014 -34.463347 -49.305409 -0.298281 0.898140 -0.323067 -0.184542 0.277821 0.942740 -0.936468 -0.340821 -0.082876
-1.654488 -5.274378 48.631856 -16.599533 -0.103787 0.843655 -0.526758 0.780088 0.397599 0.483093 -0.617002 0.360779 0.699391
-1.086353 -5.160514 26.078087 -18.307529 -0.168253 0.797924 -0.578798 0.781961 0.465549 0.414489 -0.600190 0.382859 0.702276
-0.715371 -4.764388 64.780152 -39.594357 -0.169317 0.783479 -0.597907 0.704952 0.520238 0.482074 -0.688748 0.339872 0.640400
2.485860 -4.823042 25.315838 -31.032450 0.764122 0.533721 0.362299 0.627245 -0.745874 -0.224133 -0.150605 -0.398515 0.904712
1.776685 -4.450195 107.316131 -6.252038 0.734694 0.599361 0.317791 0.666032 -0.726301 -0.169966 -0.128941 -0.336532 0.932802
2.068619 -4.701659 142.628099 -7.515878 0.718139 0.624801 0.306431 0.690406 -0.694900 -0.201132 -0.087271 -0.356002 0.930401
3.371745 -4.933145 118.134067 -50.415581 0.742368 0.577093 0.340374 0.662162 -0.709403 -0.241429 -0.102135 -0.404612 0.908767
1.851637 -4.748529 -155.843348 -17.051565 -0.687556 -0.656168 -0.310984 0.725197 -0.642236 -0.248240 -0.036837 -0.396203 0.917423
-1.319601 -6.048105 -53.519338 -36.036193 -0.051423 0.657459 0.751734 0.575680 -0.595569 0.560259 -0.816056 -0.461569 0.347860
-1.813911 -6.174469 -48.782335 -50.609608 -0.012041 0.641331 0.767170 0.560168 -0.631206 0.536461 -0.828291 -0.436204 0.351653
-1.400160 -6.538100 -34.132197 34.931995 -0.065080 0.684238 0.726349 0.525592 -0.595237 0.607820 -0.848244 -0.421320 0.320892
1.885215 -8.199327 -58.769454 13.931781 0.478506 0.794173 0.374594 -0.751072 0.591180 -0.293935 0.454888 0.140697 -0.879364
2.050005 -8.034852 -82.232735 4.810187 0.447088 0.813536 0.371849 -0.692183 0.577968 -0.432246 0.566564 0.064136 -0.821518
2.148051 -7.871326 -67.289553 4.720104 0.462562 0.789282 0.403818 -0.747214 0.592211 -0.301592 0.477187 0.162233 -0.863697
1.127324 -19.841047 87.687213 -81.804013 0.321380 -0.505192 0.800934 -0.332647 0.731672 0.594981 -0.886601 -0.457643 0.067094
0.699287 -18.843049 72.062565 -184.396050 0.310903 -0.518531 0.796533 -0.119927 0.809965 0.574086 -0.942845 -0.274011 0.189634
0.703286 -18.780302 23.459025 -180.407793 0.310311 -0.513933 0.799737 -0.258904 0.763776 0.591283 -0.914700 -0.390537 0.103949
0.961009 -20.878041 22.369144 170.541655 0.318957 -0.501180 0.804416 -0.422352 0.684652 0.594029 -0.848460 -0.529216 0.006700
-0.795174 -18.100694 43.886998 -387.044564 0.282660 -0.506400 0.814655 -0.231906 0.788017 0.570306 -0.930765 -0.350126 0.105304
-0.218675 -13.844732 62.466317 -112.330670 0.325394 -0.435131 0.839512 -0.049588 0.878754 0.474692 -0.944277 -0.196092 0.264364
-0.502804 -15.072000 -0.522339 190.790622 0.262898 -0.480803 0.836488 0.113951 0.876391 0.467926 -0.958071 -0.027698 0.285190
-1.019348 -19.565407 -19.278927 -385.473771 0.248427 -0.520969 0.816625 -0.126921 0.818279 0.560635 -0.960299 -0.242924 0.137160
-0.257260 -20.800116 -36.092914 416.406206 -0.209905 0.848545 0.485707 -0.097046 0.476240 -0.873944 0.972894 0.230581 0.017617
-0.277220 -23.264130 -19.121580 379.211356 -0.236589 0.812334 0.533047 0.021395 0.552845 -0.833009 0.971374 0.185676 0.148177
1.151188 -22.997613 -41.917414 -37.838804 -0.207385 0.829428 0.518691 0.166918 0.552445 -0.816666 0.963914 0.082785 0.253015
14.148395 -8.462489 259.339696 217.292894 -0.158156 -0.986919 0.031280 0.987398 -0.158253 -0.000655 0.005597 0.030783 0.999510
10.457819 -6.386937 305.787297 155.564414 -0.182020 -0.970644 -0.157223 0.982447 -0.186162 0.011909 -0.040828 -0.152296 0.987491
11.648994 -9.307151 -199.413343 197.241198 0.099808 0.993143 0.060871 0.989550 -0.105473 0.098320 -0.104066 -0.050421 0.993291
14.830917 -11.129014 84.924895 186.659684 -0.119269 -0.978070 0.170745 0.987973 -0.099869 0.118045 -0.098404 0.182771 0.978218
11.914671 -11.559967 -189.126925 101.433031 0.055945 0.998249 0.019214 0.957019 -0.059099 0.283940 -0.284579 -0.002503 0.958649
0.314168 -6.596791 242.673159 -71.345067 0.690027 -0.701039 -0.180019 0.719524 0.691354 0.065688 0.078407 -0.174854 0.981467
-3.371753 -7.677564 -65.349503 -182.799638 0.672575 -0.723696 -0.154618 0.739664 0.663970 0.109733 0.023248 -0.188169 0.981862
-3.930376 -11.136359 -174.188246 -325.032056 0.278736 -0.957086 -0.079321 0.959213 0.281499 -0.025866 0.047085 -0.068876 0.996513
1.888168 -6.552745 -122.425970 -60.382468 0.227866 0.922855 -0.310508 -0.535719 -0.147467 -0.831420 0.813070 -0.355797 -0.460788
3.685917 -6.088158 -5.947379 -32.837307 0.122999 0.958551 -0.257004 -0.564604 -0.145385 -0.812457 0.816145 -0.245037 -0.523320
2.988544 -6.907051 -106.092588 -29.800558 0.211145 0.938051 -0.274732 -0.612215 -0.092192 -0.785298 0.761978 -0.334007 -0.554823
4.098648 -6.619912 -36.372128 -30.660476 0.150335 0.962818 -0.224459 -0.636029 -0.079626 -0.767546 0.756879 -0.258151 -0.600410
-1.337831 -20.586650 -34.927221 630.362624 0.991367 0.036751 -0.125857 -0.129827 0.141059 -0.981452 0.018316 -0.989319 -0.144613
-0.958774 -12.012575 -4.605705 418.874826 0.991764 0.055395 -0.115479 -0.127450 0.337708 -0.932582 0.012662 -0.939619 -0.341987
-1.229453 -16.092109 1.846231 543.826944 0.983950 0.077840 -0.160572 -0.175435 0.257390 -0.950249 0.032638 -0.963167 -0.266914
-2.997378 -6.071474 -50.866127 -8.868565 0.955449 0.227218 0.188386 0.279851 -0.494521 -0.822881 0.093813 -0.838941 0.536076
-3.494198 -6.194554 -39.681048 17.062041 0.992195 0.110202 0.058352 0.113171 -0.599323 -0.792467 0.052360 -0.792886 0.607117
-1.776962 -5.706058 -115.277750 -1.984877 0.934955 0.228315 0.271533 0.352667 -0.515031 -0.781261 0.038526 -0.826205 0.562050
0.179737 -5.661039 -245.079730 -28.796052 0.866571 0.257529 0.427474 0.497650 -0.381714 -0.778870 0.037409 -0.887678 0.458942
-2.723642 -5.892376 -55.424190 -24.701107 0.913214 0.287522 0.288741 0.387135 -0.391088 -0.834971 0.127149 -0.874289 0.468457
-3.954832 -6.277240 2.213486 2.811414 0.933691 0.292056 0.207181 0.317348 -0.406906 -0.856573 0.165864 -0.865523 0.472608
0.360279 -7.856360 11.204706 6.145541 0.962635 0.268254 0.037059 -0.218625 0.850604 -0.478201 0.159802 -0.452231 -0.877468
0.494585 -7.303029 3.756500 38.090399 0.954191 0.298038 0.026332 -0.272861 0.902923 -0.332079 0.122748 -0.309681 -0.942884
0.852141 -7.637079 42.034081 38.691692 0.956080 0.289487 0.045927 -0.246880 0.879805 -0.406194 0.157994 -0.377015 -0.912632
0.063525 -7.408117 30.832419 33.336209 0.956949 0.284149 0.059225 -0.248099 0.906658 -0.341202 0.150649 -0.311819 -0.938122
0.950928 -7.917259 57.965974 12.996790 0.952885 0.300142 0.043868 -0.235628 0.823496 -0.516075 0.191021 -0.481423 -0.855419
0.421146 -7.879262 27.860440 -6.007245 0.957232 0.287457 0.032805 -0.212089 0.774298 -0.596223 0.196789 -0.563766 -0.802149
0.015883 -7.774175 9.528173 -0.867119 0.960274 0.276507 0.037644 -0.200670 0.777960 -0.595407 0.193920 -0.564200 -0.802542
-0.131875 -7.762479 17.865803 3.378876 0.962030 0.266759 0.057779 -0.207826 0.853140 -0.478499 0.176938 -0.448322 -0.876185
-0.955199 -22.257562 -48.875469 149.602442 0.980477 -0.035503 -0.193404 0.194933 0.046317 0.979722 0.025825 0.998296 -0.052333
-0.566381 -22.073598 29.302968 150.310626 0.975583 -0.104625 -0.193109 0.201905 0.081189 0.976034 0.086439 0.991192 -0.100331
-0.826672 -22.280113 -52.830851 -329.868581 0.977764 -0.054817 -0.202416 0.207644 0.388159 0.897896 -0.029350 0.919961 -0.390910
-0.674035 -23.224445 -0.811987 571.345118 0.975900 -0.095645 -0.196138 0.170747 -0.224995 0.959282 0.135881 0.969654 0.203242
-0.523006 -21.879093 -72.743423 -381.845038 0.979120 -0.038186 -0.199663 0.195892 0.439664 0.876540 -0.054313 0.897350 -0.437964
-0.956710 -22.522594 -28.667748 477.871044 0.974804 -0.064832 -0.213433 0.182922 -0.315246 0.931214 0.127657 0.946793 0.295444
-0.808713 -21.239214 -20.094223 400.591886 0.977166 -0.057423 -0.204571 0.181311 -0.276641 0.943714 0.110783 0.959256 0.259913
-0.939720 -21.536136 -28.098045 224.080966 0.982510 -0.026378 -0.184331 0.184119 -0.010274 0.982850 0.027819 0.999599 0.005238
-0.902681 -21.414821 -37.408222 -281.681406 0.982013 -0.023046 -0.187399 0.181738 0.384483 0.905066 -0.051193 0.922844 -0.381756
0.991043 -5.994050 -12.481922 -17.309149 -0.968321 -0.248585 0.023659 -0.248558 0.968608 0.004122 -0.023941 -0.001889 -0.999712
1.050970 -6.044855 -11.642796 -67.264249 0.966574 0.253268 -0.039882 -0.256012 0.961836 -0.096593 -0.013896 -0.103575 -0.994525
1.053487 -6.204551 -11.303693 -39.791703 0.958213 0.284532 -0.029489 -0.285856 0.956297 -0.061507 -0.010699 -0.067366 -0.997671
0.886549 -5.757869 -3.740924 23.714030 0.959299 0.281721 -0.019446 -0.280171 0.958116 0.059316 -0.035342 0.051453 -0.998050
0.724497 -6.282627 18.633528 44.844604 0.973608 0.227402 -0.019374 -0.222111 0.963620 0.148675 -0.052479 0.140448 -0.988696
0.928141 -6.612783 16.757083 -14.172819 0.978677 0.200868 -0.042935 -0.196680 0.976680 0.086102 -0.059228 0.075821 -0.995361
1.603867 -4.797979 -85.372313 -24.782440 0.150213 0.873983 -0.462158 -0.366510 -0.384926 -0.847055 0.918208 -0.296624 -0.262502
-0.156617 -5.522854 -125.449957 -44.428581 0.185864 0.883509 -0.429962 -0.363303 -0.344783 -0.865526 0.912943 -0.317076 -0.256898
0.623829 -4.794384 -63.512121 -57.102620 0.149971 0.875747 -0.458885 -0.279759 -0.407578 -0.869261 0.948285 -0.258741 -0.183873
-0.201073 -4.524096 63.526489 217.042447 -0.996225 0.084877 0.018197 0.084774 0.996380 -0.006380 -0.018673 -0.004813 -0.999814
-0.049497 -4.356717 -0.596006 140.349461 -0.997776 0.062902 -0.022049 0.063294 0.997840 -0.017577 0.020895 -0.018933 -0.999602
-0.496342 -2.841923 -56.576972 137.445006 0.979919 -0.198991 -0.012676 0.199356 0.978997 0.042694 -0.003914 0.044364 -0.999008
-0.696092 -4.573242 -85.584869 239.702492 0.998745 -0.045010 -0.021988 0.045463 0.998754 0.020593 -0.021034 0.021567 -0.999546
-0.410893 -10.102642 6.065336 20.941309 0.926842 0.360430 -0.105136 -0.058147 -0.138849 -0.988605 0.370921 -0.922394 0.107733
-0.305006 -9.988515 -0.665867 -27.511244 0.929668 0.357999 -0.086912 -0.079389 -0.035688 -0.996205 0.359742 -0.933040 0.004757
-0.313474 -10.131043 -7.706139 14.155790 0.930236 0.353963 -0.096802 -0.062041 -0.108295 -0.992181 0.361678 -0.928969 0.078780
0.731683 -16.286264 -31.077005 81.400861 0.995115 -0.012533 -0.097919 0.071481 -0.592644 0.802287 0.068086 0.805367 0.588853
1.272426 -16.367828 -21.667974 77.195670 0.993526 -0.053539 -0.100194 0.052883 -0.562621 0.825022 0.100543 0.824979 0.556148
0.666353 -15.594733 -9.460937 32.924453 0.993480 -0.027496 -0.110637 0.055485 -0.731157 0.679949 0.099589 0.681655 0.724864
0.399744 -15.440913 -14.594509 56.615206 0.993831 -0.002303 -0.110885 0.073160 -0.737809 0.671034 0.083357 0.675006 0.733088
0.293462 -14.973191 -8.990158 10.018578 0.993271 0.003116 -0.115768 0.064340 -0.846018 0.529257 0.096293 0.533145 0.840526
0.286100 -15.035583 1.566860 -0.891346 0.993293 -0.025390 -0.112802 0.032850 -0.873417 0.485865 0.110860 0.486312 0.866724
0.708816 -14.550158 -17.465170 29.381637 0.994133 -0.054908 -0.093192 0.017544 -0.768313 0.639834 0.106732 0.637715 0.762842
0.602871 -18.360187 22.196190 130.707292 0.979366 0.118139 -0.163967 -0.131415 -0.244095 -0.960806 0.153532 -0.962528 0.223533
0.253322 -17.818300 7.562629 311.732884 0.981502 0.104846 -0.160189 -0.158920 -0.020404 -0.987081 0.106760 -0.994279 0.003364
1.300653 -18.136144 58.501025 175.324432 0.982087 0.126914 -0.139279 -0.121718 -0.136965 -0.983069 0.143842 -0.982412 0.119064
2.201427 -4.112817 48.312809 -6.353949 0.042262 0.987249 -0.153472 -0.216113 -0.140940 -0.966142 0.975453 -0.073998 -0.207401
2.056691 -4.190950 41.166910 2.823501 0.043280 0.984305 -0.171089 -0.293082 -0.151206 -0.944055 0.955107 -0.091002 -0.281937
2.196896 -3.968036 -7.649151 -4.230758 0.086714 0.977120 -0.194207 -0.218639 -0.171523 -0.960613 0.971945 -0.125760 -0.198763
1.709905 -3.725964 -57.607935 -0.499631 0.111980 0.952967 -0.281628 -0.257417 -0.245917 -0.934484 0.959790 -0.177140 -0.217772
1.561662 -3.712212 -80.976349 -5.033617 0.128447 0.968193 -0.214718 -0.184956 -0.189325 -0.964338 0.974316 -0.163580 -0.154755
2.169454 -3.896129 -59.132323 -1.058049 0.110411 0.980100 -0.164964 -0.135133 -0.149634 -0.979464 0.984657 -0.130436 -0.115922
2.483032 -3.996615 26.012772 -9.162256 0.056184 0.983753 -0.170512 -0.149527 -0.160565 -0.975633 0.987160 -0.080311 -0.138076
0.282104 -36.408596 -26.473714 220.254325 0.914413 0.034101 -0.403344 -0.098410 0.985277 -0.139804 0.392638 0.167531 0.904306
-0.480301 -37.463763 66.261035 35.083819 0.892345 0.026504 -0.450574 -0.031488 0.999498 -0.003568 0.450254 0.017371 0.892732
0.218012 -39.758584 -14.518612 437.125101 0.910939 0.079035 -0.404899 0.013280 0.975350 0.220263 0.412327 -0.206023 0.887435
-0.354567 -41.107198 50.067036 -151.214081 0.899448 0.082174 -0.429234 0.102463 0.915137 0.389905 0.424848 -0.394680 0.814698
-61.756969 -417.488587 -2902.210687 20422.988208 0.939834 0.034844 -0.339849 0.290387 0.442553 0.848423 -0.179964 0.896065 -0.405808
-256.441806 -30988.101263 7297.845172 -5152933.452335 0.877621 0.070022 -0.474214 0.473491 0.027642 0.880365 -0.074753 0.997162 0.008896
-61.846795 -332.263806 -2983.015170 13184.956237 0.862675 0.101174 -0.495535 0.377922 -0.780077 0.498653 0.336105 0.617450 0.711189
-82.028924 -553.607595 -3583.100776 -17847.998461 0.811029 -0.060872 -0.581831 0.440504 -0.590915 0.675852 0.384953 0.804434 0.452434
-201.961902 -444.557095 -9886.718249 -83693.829594 0.821181 -0.002785 -0.570661 0.245218 0.904681 0.348455 0.515296 -0.426081 0.743589
-119.302930 -375.778605 -6382.322511 -36306.946088 0.784165 0.139388 -0.604695 0.107543 0.929177 0.353645 0.611163 -0.342347 0.713638
2.938367 -16.244698 16.467994 -52.943031 0.987470 -0.148499 -0.053401 0.050979 -0.020072 0.998498 0.149348 0.988709 0.012250
2.469012 -15.998699 68.885062 -55.508548 0.980396 -0.194975 -0.028448 0.028659 -0.001738 0.999588 0.194944 0.980807 -0.003884
2.461050 -16.548146 62.443781 -21.897462 0.983102 -0.175364 -0.052524 0.010556 -0.232138 0.972626 0.182756 0.956744 0.226364
2.635524 -3.455585 58.415344 11.126614 0.892171 -0.287317 -0.348538 0.110637 0.887116 -0.448090 0.437938 0.361211 0.823248
3.805971 -3.395000 79.553072 6.821187 0.888563 -0.308643 -0.339406 0.108660 0.860384 -0.497928 0.445701 0.405560 0.798042
2.407514 -3.515388 66.974597 7.187420 0.824793 -0.489374 -0.283248 0.288896 0.795342 -0.532889 0.486061 0.357694 0.797371
1.805476 -3.581837 64.230360 4.963906 0.746310 -0.628728 -0.218453 0.415347 0.696378 -0.585273 0.520103 0.346061 0.780855
0.757001 -3.895469 -43.206590 30.883247 -0.715582 0.675906 0.176334 0.495667 0.669193 -0.553620 0.492197 0.308757 0.813887
1.245126 -3.848755 48.450904 33.876425 0.814955 -0.515483 -0.264811 0.343417 0.797638 -0.495820 0.466810 0.313131 0.827065
-0.999862 -12.988539 -8.151861 -47.653432 0.999966 -0.000295 0.008193 -0.001140 -0.994650 0.103294 -0.008118 0.103300 0.994617
-0.707155 -13.081791 -49.849564 47.503321 0.999131 -0.012980 0.039607 0.014437 0.999222 -0.036712 -0.039099 0.037251 0.998541
-0.855509 -13.373552 -17.401130 -42.432068 0.999737 -0.019591 0.011942 -0.018333 -0.995053 -0.097635 -0.013796 -0.097391 0.995151
-1.178528 -13.374924 -6.839618 -56.926760 0.999789 -0.016888 -0.011694 -0.017733 -0.996918 -0.076423 0.010367 -0.076614 0.997007
-11.898123 -44.584827 -184.022627 -2236.275812 -0.360006 0.708899 -0.606513 0.340193 0.705089 0.622188 -0.868714 -0.017659 0.494999
-9.122442 -136.309300 -245.856433 -7172.204972 -0.330495 0.715853 -0.615083 0.448648 0.692523 0.564914 -0.830354 0.089255 0.550041
88.758453 -91.313160 -4095.505733 -4519.755418 0.395595 -0.411891 0.820884 0.166001 0.911141 0.377181 -0.903298 -0.012944 0.428817
-4.858120 -10.521142 -183.497944 -601.782541 -0.252597 0.854329 -0.454221 0.395911 0.519607 0.757141 -0.882864 -0.011420 0.469489
-5.601705 -32.057592 -18.847037 -1896.670060 -0.271410 0.859567 -0.432991 0.421672 0.510600 0.749320 -0.865176 -0.020793 0.501038
-13.413859 -113.500551 -102.649660 -5876.248605 0.410370 -0.688208 0.598303 0.429599 0.724625 0.538854 -0.804389 0.035900 0.593018
-21.545705 -55.572427 -654.064363 -1231.173137 0.902794 0.296455 -0.311573 -0.153285 -0.455087 -0.877154 0.401830 -0.839649 0.365408
-30.980077 -48.681443 -852.071879 -572.283376 0.772485 0.550105 -0.317258 -0.112948 -0.372607 -0.921090 0.624908 -0.747361 0.225700
-27.443413 -45.435993 -841.405611 -1124.672761 0.866196 0.458312 -0.199136 0.159650 -0.631438 -0.758813 0.473515 -0.625489 0.620119
-8.111688 -11.025973 87.460026 91.979006 0.100445 0.972573 0.209790 -0.896201 0.180022 -0.405481 0.432127 0.147285 -0.889704
-5.918846 -10.500346 -10.472536 67.358922 -0.199090 0.973472 0.112760 -0.883932 -0.128704 -0.449555 0.423117 0.189175 -0.886107
-5.051502 -9.718941 -59.994940 74.595173 -0.355698 0.929836 0.094258 -0.875377 -0.296129 -0.382130 0.327406 0.218434 -0.919289
3.279393 -8.176441 -13.633580 75.383604 0.322866 0.823658 -0.466202 -0.256473 0.550294 0.794606 -0.911032 0.136983 -0.388917
2.501824 -9.364926 -14.270388 84.223731 0.388381 0.747188 -0.539323 -0.315915 0.657761 0.683775 -0.865655 0.095185 -0.491510
2.773909 -10.220627 41.631315 100.803088 -0.435704 -0.686719 0.581875 -0.316399 0.722058 0.615243 -0.842647 0.083959 -0.531880
4.290296 -10.230169 65.222323 66.298199 -0.498162 -0.647325 0.576893 -0.305560 0.753703 0.581863 -0.811460 0.113586 -0.573263
5.340957 -10.189100 60.346697 -60.218970 -0.533266 -0.624507 0.570630 -0.203712 0.749496 0.629887 -0.821053 0.219653 -0.526900
-7.194900 -9.724099 41.122394 17.047159 0.707066 0.695949 -0.125351 0.098251 0.078860 0.992032 -0.700289 0.713748 0.012619
-6.973103 -9.372729 62.920526 6.139411 0.719804 0.671215 -0.177069 0.235455 0.003885 0.971877 -0.653026 0.741253 0.155244
-8.513446 -9.417053 -153.096645 25.419721 0.753685 0.649218 -0.102342 0.186675 -0.062156 0.980454 -0.630167 0.758058 0.168039
18.325455 -3.908394 -78.167111 -25.270908 0.956478 0.281242 0.077796 -0.269611 0.749762 0.604290 -0.111623 0.598965 -0.792957
18.324278 -4.841545 -368.816268 -3.006221 0.872141 0.465452 -0.150748 -0.288123 0.737639 0.610634 -0.395418 0.489125 -0.777433
14.991905 -3.402330 -147.555780 -22.346675 0.909639 0.414726 -0.023637 -0.336127 0.768290 0.544747 -0.244081 0.487578 -0.838267
15.743027 -2.823041 83.291753 -60.810097 0.971684 0.145518 0.186157 -0.226282 0.799892 0.555851 0.068019 0.582235 -0.810170
-0.195988 -7.002064 45.611381 38.343321 -0.172779 0.961700 -0.212794 0.173057 0.242322 0.954637 -0.969638 -0.128116 0.208297
-0.311665 -7.286492 52.097774 23.726621 -0.168082 0.965953 -0.196683 0.062912 0.209627 0.975755 -0.983763 -0.151633 0.096005
-0.877570 -7.174904 46.449203 14.485833 -0.177664 0.967387 -0.180549 0.000431 0.183545 0.983011 -0.984091 -0.174568 0.033027
-1.015285 -6.956376 15.050459 24.744607 -0.201519 0.957845 -0.204753 0.063654 0.221406 0.973102 -0.977414 -0.183065 0.105588
-2.658027 -6.161953 7.215424 53.886767 0.703400 0.671810 0.232163 0.432771 -0.145675 -0.889656 0.563860 -0.726258 0.393208
-0.818773 -6.437589 118.173015 20.291057 0.656722 0.716248 0.236020 0.520864 -0.204470 -0.828790 0.545360 -0.667219 0.507348
3.748233 -6.054558 416.905018 27.737100 0.611419 0.769254 0.185514 0.492547 -0.186483 -0.850071 0.619325 -0.611125 0.492913
-0.423599 -10.780134 29.105429 -4.207172 -0.054074 0.865889 0.497305 0.993579 0.096228 -0.059513 -0.099387 0.490893 -0.865532
-0.513796 -10.677062 11.411621 13.377741 -0.030391 0.873688 0.485537 0.999163 0.039859 -0.009182 -0.027375 0.484852 -0.874168
-0.177289 -10.083910 29.260658 14.456216 -0.057660 0.869518 0.490523 0.989545 -0.015284 0.143411 0.132195 0.493664 -0.859547
-0.534482 -10.157027 -22.497079 19.511293 -0.099003 0.881172 0.462315 0.995076 0.089884 0.041773 -0.004745 0.464174 -0.885731
-0.876258 -11.381567 -34.132154 -5.833479 -0.102252 0.888680 0.446981 0.973079 0.182655 -0.140549 -0.206546 0.420577 -0.883433
-0.497006 -10.131783 43.534944 27.364743 -0.078447 0.866100 0.493676 0.987651 0.000156 0.156668 0.135613 0.499870 -0.855417
0.316467 -8.691427 -6.410892 0.877065 0.171050 0.739359 0.651222 0.285341 0.595463 -0.751002 0.943039 -0.314279 0.109115
-9.155798 -19.454088 -13.220497 156.436986 0.080982 0.792790 -0.604091 0.995213 -0.031050 0.092665 0.054707 -0.608703 -0.791510
-9.506626 -19.055362 158.133223 18.900243 0.073724 0.873503 -0.481204 0.995370 -0.094292 -0.018664 -0.061676 -0.477599 -0.876410
-9.534312 -17.788592 27.319851 102.045094 0.133749 0.872265 -0.470388 0.969270 -0.016252 0.245463 0.206464 -0.488764 -0.847634
-10.287063 -19.422308 164.862494 -31.439857 0.105666 0.848109 -0.519178 0.965093 -0.213289 -0.151999 -0.239646 -0.484993 -0.841042
-9.021683 -17.845512 -76.978482 188.834024 0.114512 0.755881 -0.644617 0.939071 0.129325 0.318466 0.324087 -0.641810 -0.695016
-9.214929 -19.317759 -46.174529 56.643083 0.049370 0.747916 -0.661955 0.985417 -0.144530 -0.089804 -0.162838 -0.647868 -0.744144
-9.266069 -20.178625 -170.786501 209.073627 0.099525 0.645585 -0.757176 0.991617 -0.001332 0.129205 0.082404 -0.763687 -0.640306
0.180355 -15.341040 45.300453 -139.851777 0.311441 -0.452095 0.835832 -0.151219 0.844790 0.513287 -0.938156 -0.286252 0.194737
0.049907 -16.605291 24.553861 -58.632923 0.295851 -0.450119 0.842535 -0.238569 0.819252 0.521451 -0.924963 -0.355275 0.134991
1.100823 -14.924735 9.340447 348.946198 -0.007402 0.407133 -0.913339 0.817402 0.528594 0.229004 0.576020 -0.744870 -0.336704
1.140237 -13.034540 -48.892184 341.273515 0.026324 0.381987 -0.923793 0.745825 0.607818 0.272585 0.665622 -0.696163 -0.268895
1.602635 -9.871395 -40.307421 172.047320 -0.015895 0.360399 -0.932663 0.661463 0.703286 0.260491 0.749809 -0.612782 -0.249569
-0.739420 -5.532981 16.484027 139.539267 -0.328368 0.902700 -0.278042 0.869301 0.403955 0.284844 -0.369445 0.148168 0.917364
-0.293560 -2.307998 11.850847 246.628999 -0.477646 0.819731 -0.316063 0.832067 0.537557 0.136739 -0.281991 0.197673 0.938833
0.054989 -2.553314 18.653868 260.792910 -0.376459 0.877446 -0.297266 0.884080 0.436162 0.167824 -0.276913 0.199628 0.939930
0.175434 -4.769001 15.047548 201.424548 -0.269485 0.924562 -0.269375 0.914915 0.333097 0.227985 -0.300515 0.185016 0.935660
-1.258684 -2.018180 49.082552 -112.384570 -0.366335 0.916850 -0.158699 -0.845053 -0.399215 -0.355687 0.389466 -0.003808 -0.921033
-1.232648 -1.576310 74.181291 7.757136 0.581658 0.775366 0.245930 -0.703795 0.631298 -0.325783 0.407856 -0.016410 -0.912899
-0.900102 -13.852975 36.719167 -271.818958 0.851534 -0.254621 0.458320 0.484979 0.714669 -0.504027 0.199212 -0.651472 -0.732051
-0.989195 -18.050495 64.217524 -393.727066 0.839596 -0.266238 0.473493 0.457198 0.817048 -0.351288 0.293340 -0.511420 -0.807714
-0.414777 -13.828055 50.679532 -304.471326 0.838149 -0.261030 0.478925 0.499339 0.720507 -0.481175 0.219468 -0.642443 -0.734235
-0.303069 -10.895062 20.844853 -166.406952 0.832763 -0.277523 0.479049 0.537342 0.613508 -0.578681 0.133303 -0.739317 -0.660031
-0.622154 -12.358474 12.237156 -32.346902 -0.203730 0.887953 0.412352 -0.606539 -0.445094 0.658788 -0.768508 0.115893 -0.629256
-0.956738 -12.479240 13.264878 4.636972 -0.204653 0.896714 0.392455 -0.512419 -0.439759 0.737589 -0.833993 0.050152 -0.549492
-0.907767 -28.451600 12.072696 -286.012694 0.034633 -0.363250 0.931048 0.976551 -0.185766 -0.108803 0.212480 0.912984 0.348299
-1.095000 -15.590490 103.925976 -196.371737 0.734058 -0.406549 0.543945 -0.608391 -0.749563 0.260799 -0.301693 0.522373 0.797564
-0.856196 -17.442760 88.173926 238.104250 0.767663 -0.362863 0.528227 0.497645 0.856874 -0.134594 -0.403785 0.366192 0.838368
-2.719452 -18.100356 116.702584 151.870256 0.757982 -0.353625 0.548099 0.404609 0.913993 0.030148 -0.511620 0.198914 0.835870
5.517408 -131.350627 -791.155766 5673.989363 0.762262 0.055441 -0.644890 0.273449 0.875465 0.398480 0.586671 -0.480091 0.652173
7.318072 -174.623676 -316.288078 9574.135814 0.593587 0.111478 -0.797012 0.049331 0.983457 0.174296 0.803257 -0.142778 0.578267
12.538542 -84.920444 126.523070 -871.017550 0.379624 0.290580 -0.878321 0.246216 0.883419 0.398685 0.891775 -0.367607 0.263822
1.219069 -6.223034 -22.627886 -42.456138 -0.278803 0.898589 -0.338832 -0.268910 0.265659 0.925804 -0.921931 -0.349232 -0.167573
-0.325159 -4.802230 3.194779 -35.220405 -0.191994 0.923574 -0.331888 -0.807511 0.043520 0.588245 -0.557731 -0.380943 -0.737440
-0.338726 -4.447669 14.151510 -25.883756 -0.224791 0.925335 -0.305326 -0.829982 -0.017669 0.557510 -0.510489 -0.378738 -0.771984
-0.436720 -5.017899 7.316676 -32.690998 -0.230669 0.924605 -0.303144 -0.777250 0.012342 0.629071 -0.585384 -0.380726 -0.715803
-0.105308 -4.315351 -1.091133 -24.855100 -0.211147 0.921926 -0.324761 -0.846449 -0.006304 0.532433 -0.488816 -0.387315 -0.781694
-0.255812 -4.731648 19.008921 -30.443381 -0.290964 0.700013 -0.652167 0.691402 0.625008 0.362393 -0.661289 0.345466 0.665845
-1.676781 -9.179397 65.951969 -59.617016 -0.427006 0.904164 0.012397 -0.883727 -0.420180 0.206097 -0.191554 -0.077049 -0.978453
-2.736566 -8.850673 89.256995 -97.473791 -0.426705 0.904259 -0.015465 -0.898875 -0.422155 0.117514 -0.099734 -0.064045 -0.992951
-3.223116 -9.424598 94.650743 -21.276329 -0.433118 0.901061 -0.022304 -0.867988 -0.410297 0.279738 -0.242910 -0.140520 -0.959817
-1.860967 -9.053919 78.635009 41.487423 -0.396701 0.917945 -0.002299 -0.844766 -0.364094 0.392181 -0.359164 -0.157521 -0.919885
1.700624 -4.232402 11.014256 -20.741331 0.756297 0.538047 0.372183 0.622338 -0.767119 -0.155639 -0.201768 -0.349333 0.915017
0.699082 -4.077716 -85.274021 -19.804883 -0.692599 -0.646921 -0.319062 0.698216 -0.712321 -0.071360 -0.181110 -0.272198 0.945043
2.389144 -4.848188 -88.718050 -26.893075 0.768498 0.457346 0.447488 0.596738 -0.764658 -0.243313 -0.230897 -0.454019 0.860554
1.554326 -4.301961 -57.660864 -49.604639 0.792784 0.430274 0.431692 0.543323 -0.819864 -0.180618 -0.276213 -0.377739 0.883753
1.257695 -3.743472 -26.952111 -30.944348 0.771714 0.489757 0.405703 0.571352 -0.814080 -0.104065 -0.279309 -0.312108 0.908061
1.004434 -3.652785 29.924721 -16.890457 0.732014 0.580841 0.356061 0.638978 -0.766637 -0.063040 -0.236353 -0.273662 0.932334
1.358217 -19.083075 41.126534 -277.785535 0.285267 -0.538257 0.793033 -0.171651 0.785345 0.594785 -0.942952 -0.305798 0.131641
1.193372 -19.524528 42.052677 -24.377159 0.289281 -0.526339 0.799552 0.120150 0.848623 0.515172 -0.949674 -0.052964 0.308730
