19130
38236
-3.132184 -7.896569 -83.346733 96.102371 -0.254447 0.934560 -0.248706 -0.226205 -0.307551 -0.924253 0.940259 0.178915 -0.289658
-5.242583 -9.172525 -26.199530 67.704734 -0.210085 0.977635 0.009734 -0.183850 -0.029726 -0.982505 0.960241 0.208199 -0.185983
-5.743201 -9.282893 72.867902 142.888866 -0.170836 0.984456 0.040762 -0.257274 -0.004634 -0.966327 0.951118 0.175571 -0.254067
-4.895849 -7.677942 -63.207732 63.085588 -0.347845 0.870741 -0.347583 -0.129883 -0.411915 -0.901918 0.928512 0.268583 -0.256376
-4.551381 -7.071716 13.123332 142.830000 -0.240702 0.940095 -0.241421 -0.326684 -0.312690 -0.891909 0.913970 0.135816 -0.382379
-3.406688 -7.173380 -81.489294 79.776376 -0.335303 0.843206 -0.420210 -0.207875 -0.501254 -0.839960 0.918891 0.194289 -0.343354
-0.042710 -4.906793 -552.395581 -34.449315 -0.738815 0.591795 -0.322383 0.524937 0.805362 0.275380 0.422604 0.034224 -0.905668
-1.191636 -4.798493 -538.783589 3.800563 -0.777043 0.533882 -0.333427 0.481877 0.845357 0.230579 0.404967 0.018499 -0.914144
-4.714596 -6.015629 -24.377890 49.587164 -0.708168 -0.616759 -0.343667 -0.610595 0.779380 -0.140500 0.354502 0.110344 -0.928522
-4.810677 -5.299717 -130.059960 -83.524368 -0.875709 -0.344458 -0.338352 -0.331963 0.938380 -0.096142 0.350620 0.028128 -0.936095
-5.133848 -7.672747 61.196464 104.128436 0.488596 0.843784 0.222041 -0.830898 0.527628 -0.176683 0.266237 0.098167 -0.958896
-16.222616 -93.256843 -1113.478425 -8314.400805 0.171913 0.965407 -0.196051 0.984672 -0.162448 0.063501 0.029456 -0.203962 -0.978536
-6.352943 -59.850765 63.181794 -4394.987817 -0.054744 0.978502 -0.198839 0.993222 0.073812 0.089783 0.102530 -0.192576 -0.975911
-22.011418 -62.386222 -268.614036 17543.417073 -0.061762 0.995953 -0.065300 -0.683178 0.005512 0.730231 -0.727635 -0.089711 -0.680072
-35.973271 -201.718718 -502.571034 -17510.816846 0.062214 0.988606 -0.137071 -0.317545 -0.110594 -0.941772 0.946200 -0.102118 -0.307046
-35.579304 -115.118118 -10.641806 20739.894399 0.017735 0.988153 0.152446 -0.711829 -0.094592 0.695954 -0.702129 0.120858 -0.701718
-37.422975 -145.667126 1766.996050 -10275.084698 0.390671 0.787991 0.475864 -0.242066 0.586693 -0.772784 0.888133 -0.186714 -0.419950
12.430280 -68.056733 73.713096 -4940.573478 0.819258 0.564737 0.099443 -0.530139 0.812036 -0.244027 -0.218562 0.147202 0.964656
0.503937 -49.198370 3561.343338 4160.808675 0.635092 0.032844 0.771738 -0.487764 0.791758 0.367703 0.598953 0.609952 -0.518859
3.660470 -151.944673 808.970892 -14203.234495 0.877489 0.229239 0.421263 -0.450707 0.694410 0.560944 0.163939 0.682088 -0.712657
6.317486 -205.070381 211.239630 -27534.606757 -0.904833 -0.305276 -0.296789 -0.342953 0.935665 0.083155 0.252309 0.177026 -0.951316
0.356571 -7.235156 110.658674 -7.417795 0.016510 0.982747 0.184218 -0.754772 -0.108590 0.646937 -0.655780 0.149723 -0.739957
0.581736 -7.120592 93.642694 -0.608364 -0.007053 0.980513 0.196327 -0.667362 -0.150828 0.729300 -0.744700 0.125877 -0.655421
2.035928 -6.914901 120.017682 -8.721538 0.033039 0.987383 0.154865 -0.760979 -0.075600 0.644357 -0.647935 0.139139 -0.748880
1.942415 -7.018636 139.883268 -0.387852 0.057696 0.987329 0.147829 -0.828238 -0.035337 0.559261 -0.557398 0.154705 -0.815705
3.425297 -6.740552 120.428832 6.827200 0.054958 0.993260 0.102046 -0.825142 -0.012370 0.564790 -0.562245 0.115242 -0.818901
3.312357 -6.588336 102.648998 -4.013759 0.034601 0.994054 0.103243 -0.761925 -0.040613 0.646390 -0.646740 0.101029 -0.755990
0.884762 -10.529561 -3.235129 18.267707 0.156841 0.985089 0.070715 0.937247 -0.171035 0.303835 -0.311399 -0.018624 0.950097
0.654946 -10.518606 -4.634468 25.036036 0.132396 0.989236 0.062321 0.877768 -0.146220 0.456228 -0.460429 0.005700 0.887678
0.888251 -10.974142 2.824397 23.638402 0.138014 0.989744 0.036859 0.925730 -0.142139 0.350457 -0.352102 0.014246 0.935853
0.975697 -10.948098 7.257344 -1.963841 0.169176 0.984799 0.039365 0.964753 -0.173637 0.197744 -0.201573 -0.004524 0.979463
1.041607 -10.492145 -1.009516 -6.637210 0.181384 0.980677 0.073297 0.969904 -0.190706 0.151387 -0.162440 -0.043632 0.985753
-1.806161 -13.038198 14.178137 -60.199652 0.319076 0.947714 -0.005270 -0.788041 0.268398 0.554034 -0.526480 0.172626 -0.832477
-2.172321 -13.647141 2.184160 -14.474933 0.274348 0.960861 -0.038460 -0.652416 0.215363 0.726617 -0.706461 0.174254 -0.685965
-1.897323 -13.875447 14.295519 -23.731570 0.330296 0.943792 -0.012665 -0.639800 0.233733 0.732137 -0.693945 0.233719 -0.681040
-0.304526 -6.712714 -25.612148 117.677664 0.496187 0.867957 -0.021172 0.539052 -0.327095 -0.776165 0.680603 -0.373710 0.630175
-0.615208 -6.171078 2.139716 140.249859 0.476336 0.878669 -0.032329 0.561340 -0.332197 -0.757986 0.676758 -0.342909 0.651469
-0.248579 -9.915972 -35.103710 284.446631 0.412257 0.906531 0.090807 0.676482 -0.237820 -0.697003 0.610259 -0.348774 0.711295
2.670568 -6.577809 -73.556808 15.319593 -0.068817 0.986944 -0.145625 -0.876278 0.009976 0.481703 -0.476866 -0.160757 -0.864150
2.436383 -6.329905 -77.847813 23.784303 -0.075056 0.984779 -0.156770 -0.814106 0.030273 0.579927 -0.575846 -0.171155 -0.799442
1.570831 -6.635962 -49.698664 9.816320 -0.087779 0.983381 -0.158921 -0.882247 -0.002670 0.470779 -0.462530 -0.181532 -0.867820
1.712084 -6.686083 -42.535345 -3.938870 -0.084428 0.985261 -0.148772 -0.933990 -0.026229 0.356336 -0.347181 -0.169037 -0.922438
0.928548 -6.718166 -43.336977 -8.685494 -0.105689 0.980315 -0.166771 -0.938546 -0.042924 0.342474 -0.328574 -0.192718 -0.924607
0.789699 -6.731468 -48.657053 3.470945 -0.102322 0.978846 -0.177174 -0.889857 -0.010461 0.456119 -0.444617 -0.204330 -0.872104
5.580229 -2.487460 333.113722 -1.153608 0.598413 0.779191 0.186448 -0.736583 0.626606 -0.254579 0.315195 -0.015009 -0.948908
6.919027 -2.507252 363.352398 -5.234667 0.570675 0.806995 0.151951 -0.764716 0.589689 -0.259762 0.299231 -0.032040 -0.953643
6.406628 -2.588454 358.860554 239.603562 0.398985 0.916066 0.040439 -0.876348 0.393923 -0.277197 0.269860 -0.075159 -0.959962
10.326213 -7.637516 307.595219 253.892019 -0.284922 0.900840 0.327576 -0.182225 0.284605 -0.941166 0.941070 0.327851 -0.083065
11.866397 -7.892305 180.764286 -63.040684 -0.210354 0.940075 0.268348 0.022562 0.279085 -0.960001 0.977365 0.195886 0.079917
6.960043 -5.840730 524.450870 -45.731219 -0.400397 0.890195 0.217337 0.039808 0.253853 -0.966423 0.915477 0.378301 0.137079
2.767089 -6.264830 -31.568436 3.350200 0.024983 0.998333 -0.052039 -0.993646 0.019084 -0.110920 0.109742 -0.054479 -0.992466
3.176917 -6.327627 -40.330253 1.326470 0.011924 0.998040 -0.061437 0.999891 -0.012436 -0.007959 -0.008708 -0.061335 -0.998079
2.317539 -6.233255 -50.773652 2.620065 -0.008539 0.995022 -0.099293 -0.993278 -0.019903 -0.114030 0.115439 -0.097652 -0.988503
3.305438 -6.340834 0.848330 -1.021554 0.048287 0.998817 -0.005750 -0.998806 0.048327 0.007171 -0.007441 -0.005397 -0.999958
1.994762 -6.157161 -38.574728 -1.383289 0.007533 0.996213 -0.086615 -0.972669 -0.012802 -0.231843 0.232074 -0.085994 -0.968889
2.300788 -6.228626 -23.260593 0.597405 0.041152 0.998305 -0.041149 -0.973111 0.030703 -0.228283 0.226632 -0.049437 -0.972725
2.781428 -6.305102 3.119041 3.541573 0.060758 0.998152 0.001358 -0.991929 0.060531 -0.111410 0.111287 -0.005422 -0.993774
1.333122 -19.381968 9.595031 -106.417530 -0.696018 0.702213 0.149854 0.443954 0.584899 -0.678821 0.564326 0.405943 0.718850
1.407805 -21.096188 18.425731 -62.846262 -0.688565 0.713405 0.130118 0.351290 0.485114 -0.800787 0.634408 0.505686 0.584644
1.329784 -18.976270 -12.447614 -115.728034 -0.668818 0.726283 0.158728 0.427414 0.550348 -0.717241 0.608276 0.411861 0.678506
1.207533 -21.639361 29.043164 -65.843405 -0.710075 0.693628 0.121132 0.382224 0.524186 -0.761009 0.591353 0.494074 0.637332
1.175975 -17.754328 -9.180956 -189.833320 -0.680978 0.711927 0.171548 0.511386 0.629989 -0.584464 0.524169 0.310280 0.793078
1.152920 -18.400492 6.742623 -177.912445 -0.706297 0.688496 0.164673 0.517609 0.660948 -0.543349 0.482934 0.298530 0.823198
1.110858 -20.351292 17.304660 -174.331471 -0.715116 0.684659 0.140893 0.468266 0.618875 -0.630651 0.518976 0.385013 0.763170
1.381117 -17.816851 16.780664 132.666190 -0.168601 0.958990 0.227842 0.332371 -0.162301 0.929079 -0.927956 -0.232372 0.291377
1.670672 -18.062313 -2.716131 -84.675263 -0.185876 0.957096 0.222302 0.454277 -0.116904 0.883157 -0.871253 -0.265144 0.413057
1.375781 -18.204498 0.514279 -62.872770 -0.190140 0.948249 0.254303 0.336130 -0.180496 0.924358 -0.922422 -0.261236 0.284416
1.084631 -18.200444 23.528234 166.537543 -0.176211 0.952052 0.250092 0.202105 -0.213662 0.955773 -0.963381 -0.218963 0.154765
1.237928 -19.173666 -29.268236 -272.193648 -0.222423 0.936537 0.270972 0.327481 -0.190019 0.925553 -0.918305 -0.294603 0.264434
1.151839 -18.023510 -8.474749 -45.873917 -0.208381 0.938046 0.276852 0.189028 -0.239102 0.952417 -0.959607 -0.250798 0.127492
-0.341053 -23.868622 -15.569007 291.579783 -0.625155 0.779736 -0.034549 -0.707102 -0.584550 -0.397880 0.330437 0.224307 -0.916787
-0.669534 -21.604473 -10.390879 300.882874 -0.636102 0.770922 -0.032450 -0.751664 -0.628614 -0.199613 0.174285 0.102583 -0.979337
-0.579349 -23.171749 -6.651643 377.487187 -0.610052 0.792204 -0.015774 -0.741579 -0.577853 -0.340803 0.279101 0.196210 -0.940002
0.530370 -6.010067 94.906698 -25.938023 0.064642 0.954149 0.292268 -0.804694 0.223048 -0.550197 0.590160 0.199620 -0.782217
0.361065 -5.511961 87.063313 -29.474476 0.143462 0.925920 0.349416 -0.721137 0.339607 -0.603845 0.677776 0.165348 -0.716436
-0.852997 -6.593145 73.926893 -28.369203 0.083925 0.949982 0.300818 -0.793582 0.246293 -0.556389 0.602648 0.192028 -0.774558
57.468311 -15.715982 4098.265695 -108.134065 -0.060779 0.823025 0.564744 0.436101 -0.487036 0.756712 -0.897843 -0.292278 0.329320
16.542980 -22.205068 922.954717 -445.915419 -0.124837 0.941328 0.313556 0.203112 -0.285089 0.936733 -0.971165 -0.180626 0.155605
20.438978 -23.193388 1366.259989 -146.054313 -0.066546 0.957210 0.281639 0.400570 -0.232891 0.886175 -0.913846 -0.171788 0.367932
164.185942 -27.618185 14735.411821 861.191628 0.122486 0.844771 0.520922 0.655205 -0.463067 0.596888 -0.745455 -0.268200 0.610217
20.581788 -28.614112 1480.487574 393.428950 -0.014435 0.980575 0.195613 0.590066 -0.149583 0.793377 -0.807226 -0.126877 0.576445
7.702320 -36.256325 297.416307 977.901459 0.759018 -0.639912 -0.120017 -0.009807 0.173080 -0.984859 -0.650996 -0.748703 -0.125095
9.943976 -36.965426 -257.716050 -947.506261 -0.672047 0.736175 0.079997 -0.102211 -0.199214 0.974611 -0.733421 -0.646808 -0.209126
11.550582 -37.243344 373.300371 2.070082 0.693435 -0.710671 -0.118721 -0.199646 -0.031195 -0.979371 -0.692307 -0.702833 0.163514
3.316533 -203.837170 -1678.098043 -3778.393817 0.536674 -0.780813 0.319863 0.838031 0.449016 -0.309983 0.098415 0.434415 0.895320
3.458151 -206.287441 -1893.473636 -2368.346460 0.565395 -0.757992 0.325232 0.796380 0.604321 0.023986 -0.214726 0.245447 0.945330
-7.658005 -277.319771 450.207553 -23716.994917 0.441595 -0.845343 0.300648 0.891431 0.375398 -0.253824 0.101706 0.380094 0.919339
1.306225 -302.225941 -1371.464132 -7817.885493 0.522413 -0.794298 0.310123 0.744145 0.247109 -0.620634 0.416334 0.555003 0.720165
-12.738073 -251.895152 1557.776720 -14349.032188 0.442744 -0.803215 0.398526 0.732866 0.068085 -0.676958 0.516609 0.591785 0.618794
-5.063668 -31.501375 48.518272 718.449774 -0.729541 0.675229 -0.108795 -0.330230 -0.487065 -0.808527 0.598931 0.553926 -0.578314
-4.264458 -36.677394 -123.370433 1423.068841 -0.730414 0.643595 -0.228649 -0.337914 -0.631446 -0.697918 0.593557 0.432505 -0.678697
-5.397242 -22.730129 183.542709 -733.382558 -0.763900 0.629342 -0.142776 0.396865 0.632599 0.665069 0.508876 0.451383 -0.733006
-3.944213 -48.999781 -229.191527 729.046327 -0.681235 0.722758 -0.116360 -0.257028 -0.384969 -0.886417 0.685460 0.573951 -0.448023
-4.688198 -25.136698 -124.485410 -771.782970 0.698985 -0.714943 -0.016614 0.414044 0.385641 0.824529 0.583085 0.583212 -0.565575
-3.445877 -40.018811 84.391771 798.680236 -0.666987 0.744150 0.036999 -0.303601 -0.226100 -0.925584 0.680408 0.628586 -0.376730
229.237993 -6006.054879 19371.908594 -2361806.808501 -0.476729 0.745381 -0.465980 -0.629596 -0.659461 -0.410755 0.613464 -0.097560 -0.783673
-8.348853 -406.929407 3822.046842 -50094.096416 -0.398057 0.822683 -0.405885 0.021392 -0.434004 -0.900657 0.917111 0.367196 -0.155160
-48.346049 -332.117874 3739.883936 -27980.220868 -0.322749 0.882035 -0.343289 0.005994 -0.360787 -0.932629 0.946466 0.303063 -0.111157
-129.359184 -634.155960 8114.538799 -51221.524065 -0.443935 0.691155 -0.570287 -0.736982 -0.643641 -0.206358 0.509685 -0.328682 -0.795103
-142.445032 -263.373918 10831.483891 7259.539860 -0.388775 0.763992 -0.514947 0.915413 0.257051 -0.309748 -0.104277 -0.591811 -0.799303
3.843969 -2.488092 193.698456 39.670796 0.549777 0.816744 0.175140 -0.765351 0.576532 -0.286092 0.334638 -0.023243 -0.942060
3.967481 -2.931227 98.211324 15.140727 0.497939 0.860495 0.107731 -0.800791 0.503920 -0.323727 0.332853 -0.074926 -0.939997
2.672280 -2.412726 170.930527 -13.630375 0.569235 0.797413 0.200258 -0.742321 0.603182 -0.291773 0.353456 -0.017432 -0.935289
4.488632 -1.262988 -29.774114 1.995760 -0.168261 0.198806 0.965487 -0.059384 0.975628 -0.211244 -0.983952 -0.092879 -0.152354
4.477799 -1.499588 -35.374840 -7.441646 -0.177458 0.165789 0.970063 -0.044574 0.983342 -0.176213 -0.983118 -0.074510 -0.167113
4.072936 -1.095338 187.109777 7.720516 -0.016561 0.230335 0.972970 -0.055248 0.971406 -0.230905 -0.998335 -0.057579 -0.003362
4.006071 -1.490757 -240.308474 -3.693929 -0.315297 0.151910 0.936755 -0.040720 0.984030 -0.173283 -0.948119 -0.092781 -0.304076
4.252519 -1.051488 216.737482 -1.232399 0.010810 0.267753 0.963427 -0.076689 0.960868 -0.266181 -0.996996 -0.071006 0.030921
4.158145 -1.206799 -239.310016 -7.841416 -0.311735 0.161480 0.936347 -0.061883 0.979910 -0.189596 -0.948152 -0.117048 -0.295479
4.833264 -1.099848 -27.243617 -15.451491 -0.150214 0.210471 0.965991 -0.082899 0.970955 -0.224444 -0.985172 -0.113794 -0.128403
0.356566 -27.396956 5.711688 71.464611 0.197951 0.980179 -0.008047 0.865544 -0.170935 0.470761 -0.460054 0.100153 0.882224
0.179645 -35.711659 4.075891 219.402348 0.166184 0.984866 -0.049214 0.792205 -0.103624 0.601393 -0.587191 0.138929 0.797437
0.237194 -31.001765 1.166412 536.827967 0.211133 0.977438 -0.006181 0.905454 -0.193194 0.377928 -0.368207 0.085390 0.925814
0.352484 -24.928196 5.636424 302.287489 0.231218 0.972868 0.008078 0.935870 -0.224678 0.271418 -0.265869 0.055197 0.962428
0.527715 -22.810972 9.155905 102.668129 0.212438 0.977123 0.010040 0.915109 -0.202538 0.348646 -0.342704 0.064878 0.937201
-289.631021 -899.141549 -36606.123212 -139145.168891 0.460379 -0.599334 -0.654866 0.597707 0.754700 -0.270507 0.656351 -0.266882 0.705675
-13.274870 -409.644980 -42241.526612 -44833.283855 0.730942 -0.415317 -0.541512 0.493866 0.869538 -0.000272 0.470978 -0.267235 0.840693
-137.682821 -840.157052 -13913.183953 187278.274904 0.790067 -0.061754 -0.609903 -0.505756 -0.627890 -0.591579 0.346419 -0.775849 0.527307
-540.212487 -1572.843213 -44185.939427 251634.637898 0.594381 0.548478 -0.588119 0.016671 0.722763 0.690895 0.804011 -0.420459 0.420453
-134.314125 -1007.806763 -19981.489141 -275817.765689 0.889493 -0.032987 -0.455757 -0.456751 -0.093577 -0.884659 0.013466 -0.995065 0.098303
-284.084749 -1367.037669 -29385.967402 -267498.124146 0.476136 0.090587 -0.874693 0.875056 0.049618 0.481472 0.087016 -0.994652 -0.055644
-396.943919 -476.505670 -52915.524813 -56529.391008 0.872165 0.477246 0.107539 0.186938 -0.121981 -0.974769 0.452087 -0.870262 0.195602
-28.500474 -37.278406 107.511975 374.812857 0.691491 -0.650469 0.314215 0.377503 0.696234 0.610532 -0.615899 -0.303560 0.726993
-30.838468 -37.425140 -481.409156 -1127.209069 -0.709679 0.683389 -0.171274 0.163291 0.396037 0.903599 -0.685341 -0.613297 0.392651
-24.885996 -38.956142 228.972581 607.717998 0.819526 -0.520359 0.240006 -0.162207 -0.612349 -0.773768 -0.549605 -0.595193 0.586242
3.745411 -6.154526 -148.290290 -8.070956 -0.042741 -0.100781 0.993990 -0.478678 0.875340 0.068168 -0.876949 -0.472888 -0.085655
2.764846 -5.922379 -101.543387 -2.605067 -0.011923 -0.068647 0.997570 -0.391922 0.918137 0.058497 -0.919921 -0.390272 -0.037851
3.448067 -6.047947 37.157550 -77.830686 0.080740 0.107165 0.990958 -0.513188 0.856769 -0.050840 -0.854470 -0.504442 0.124171
39.441203 -19.014109 -7567.779850 -1829.375475 0.840852 0.268609 0.469913 0.402980 -0.890270 -0.212193 -0.361353 -0.367788 0.856829
15.965695 -28.294150 -2619.950136 153.371006 0.867211 0.337687 0.365941 0.460830 -0.822680 -0.332917 -0.188630 -0.457345 0.869053
15.377126 -41.089527 -5193.364413 3550.310008 0.882418 0.275643 0.381260 -0.320176 0.945619 0.057377 -0.344711 -0.172700 0.922686
6.126909 -48.385627 -1809.448393 3795.922992 0.919951 0.239850 0.310101 -0.264871 0.963429 0.040599 -0.289022 -0.119486 0.949837
38.122599 -21.858186 -7912.393507 1664.972488 0.918926 0.156951 0.361858 -0.198293 0.976885 0.079850 -0.340961 -0.145131 0.928807
17.740522 -31.222388 -3857.916190 2287.680495 0.952672 0.064882 0.296997 -0.060165 0.997875 -0.025006 -0.297989 0.005954 0.954551
23.144008 -12.411737 -586.575042 151.837069 0.585280 0.810596 0.019546 0.739412 -0.543465 0.397386 -0.332742 0.218130 0.917443
16.959701 -12.435752 -743.983990 82.670262 0.466909 0.845584 0.258814 0.739547 -0.533843 0.409978 -0.484837 0.000017 0.874605
19.345473 -13.573430 -559.150603 248.394795 0.506705 0.844932 0.171287 0.701294 -0.519523 0.488143 -0.501435 0.127222 0.855791
24.302164 -13.840469 363.093686 258.540760 -0.633567 -0.765537 0.112013 0.702341 -0.508357 0.498287 -0.324515 0.394369 0.859746
-5.443837 -23.285694 3124.264784 1318.191172 0.214010 0.938127 -0.272246 0.903439 -0.084100 0.420387 -0.371481 0.335925 0.865538
-4.074692 -49.723572 1587.643304 -7172.683924 0.629189 0.748867 0.208131 0.251061 -0.449237 0.857412 -0.735588 0.487220 0.470666
-11.343688 -45.092239 1825.454672 -3839.206644 0.675112 0.737714 0.001366 0.596835 -0.547275 0.586752 -0.433603 0.395308 0.809766
-4.979723 -34.620165 1016.792427 2331.805879 0.323661 0.942310 0.085411 0.923242 -0.334281 0.189422 -0.207046 -0.017547 0.978174
-4.345861 -15.583459 696.426198 859.411404 0.377043 0.911533 0.164155 0.882747 -0.407313 0.234208 -0.280350 -0.056601 0.958228
1.731762 -4.082414 124.023021 -31.001076 -0.272663 -0.371802 0.887366 0.743450 -0.666846 -0.050963 0.610685 0.645817 0.458241
1.451434 -4.553922 -82.368562 2.663188 0.240508 0.371208 -0.896862 -0.691571 0.713881 0.110017 0.681092 0.593783 0.428410
0.722703 -4.865167 -51.545651 -7.631534 0.248569 0.376335 -0.892516 -0.685478 0.719363 0.112416 0.684349 0.583857 0.436781
2.443474 -3.645543 -68.538386 -37.787365 -0.055776 -0.520043 0.852317 0.771003 -0.564817 -0.294171 0.634385 0.640731 0.432458
4.029752 -4.187497 289.239043 -5.609346 -0.041541 0.588358 -0.807533 0.718244 -0.544257 -0.433486 0.694550 0.598013 0.399975
0.197251 -5.100368 -24.183588 -55.561537 0.217978 0.396802 -0.891647 -0.635950 0.750770 0.178640 0.740306 0.528103 0.415997
31.713214 -3.773525 -112.144487 57.088372 0.080206 0.913662 -0.398483 0.732581 -0.325125 -0.598012 0.675938 0.243957 0.695408
28.087761 -4.243192 1603.766272 -12.674319 -0.099712 0.790720 -0.604003 0.751251 -0.338208 -0.566779 0.652442 0.510273 0.560305
30.709643 -5.459849 -778.898133 -42.323837 0.186307 0.947287 -0.260648 0.723881 -0.311722 -0.615489 0.664294 0.074008 0.743799
32.565240 -5.022372 -1219.260422 104.635531 0.279894 0.941706 -0.186680 0.730799 -0.335095 -0.594680 0.622569 -0.030022 0.781988
30.502667 -6.215477 -1724.929885 19.046357 0.407444 0.913078 0.016657 0.710112 -0.305301 -0.634454 0.574221 -0.270333 0.772781
29.432148 -7.962624 -1275.274423 -191.242017 0.341766 0.937653 -0.063266 0.700828 -0.299140 -0.647577 0.626128 -0.176981 0.759369
24.558986 -7.999191 -194.673908 -249.029249 0.162058 0.956828 -0.241284 0.721386 -0.281715 -0.632645 0.673305 0.071534 0.735896
21.358382 -7.094561 -891.924968 12.231765 -0.559940 -0.588533 0.583177 0.787706 -0.596369 0.154474 0.256876 0.545868 0.797523
18.393262 -8.155911 -1160.877196 141.879590 -0.591268 -0.479895 0.648153 0.757480 -0.606317 0.242082 0.276813 0.634099 0.722007
17.249665 -5.881496 -1109.181074 24.121438 -0.459652 -0.515025 0.723512 0.807181 -0.582028 0.098497 0.370376 0.629280 0.683249
25.030398 -9.508842 -405.866172 83.494571 -0.640895 -0.629507 0.439288 0.759968 -0.600978 0.247536 0.108177 0.492490 0.863569
21.498011 -6.338991 -636.193913 -4.976414 -0.456615 -0.677567 0.576547 0.826446 -0.562972 -0.007083 0.329378 0.473251 0.817034
23.809745 -8.994318 51.592224 -48.225945 -0.597922 -0.728218 0.334945 0.797022 -0.584522 0.151957 0.085125 0.357816 0.929904
-1.269649 -5.247055 -14.721894 46.070789 -0.119658 0.983930 0.132529 0.231528 0.157462 -0.960000 0.965441 0.084188 0.246649
-1.453624 -5.131625 -12.129132 56.730851 -0.154558 0.972121 0.176329 0.215725 0.207373 -0.954180 0.964145 0.109438 0.241762
-1.039162 -5.819319 -31.294737 15.036877 -0.123813 0.979097 0.161370 0.330467 0.194023 -0.923660 0.935661 0.061034 0.347581
-1.989042 -5.431685 41.588292 -76.808712 0.194378 0.969921 -0.146527 -0.828138 0.082200 -0.554464 0.525742 -0.229120 -0.819207
-1.978957 -5.447455 30.304197 -51.518582 0.104118 0.978968 -0.175447 -0.851555 -0.003388 -0.524254 0.513822 -0.203987 -0.833292
-2.430246 -6.486243 18.374815 127.236889 0.197987 0.966955 -0.160621 -0.830970 0.078662 -0.550728 0.519895 -0.242508 -0.819085
-0.184448 -15.757484 -1.525996 -61.756582 -0.096297 0.993628 0.058575 0.977606 0.083353 0.193230 -0.187116 -0.075871 0.979403
-0.070822 -16.862476 -5.259629 66.038722 -0.117283 0.991050 0.063753 0.924682 0.085563 0.371002 -0.362227 -0.102463 0.926441
-0.063558 -16.172723 -3.297207 -103.697118 -0.099728 0.992904 0.064778 0.975151 0.084586 0.204759 -0.197827 -0.083589 0.976666
14.131172 0.021279 -343.168622 114.640702 0.740002 -0.458091 -0.492492 -0.595655 -0.786419 -0.163524 0.312397 -0.414364 0.854816
12.159329 -1.388114 -595.117832 75.899248 0.777449 -0.489605 -0.394792 -0.584362 -0.794428 -0.165546 0.232581 -0.359405 0.903734
17.357236 -0.633948 -665.988544 -25.259244 0.730839 -0.422347 -0.536188 -0.567703 -0.812256 -0.133993 0.378930 -0.402323 0.833396
17.033750 -0.219388 -62.494958 -58.850983 0.614295 -0.422031 -0.666732 0.637440 0.763440 0.104061 0.465093 -0.488926 0.737997
23.783462 -0.406650 -1179.937378 108.881908 0.559480 -0.423095 -0.712722 0.623743 0.781201 0.025885 0.545828 -0.459038 0.700968
31.846931 -0.035934 -2637.314384 58.579346 0.646491 -0.488153 -0.586307 0.618232 0.785508 0.027688 0.447033 -0.380374 0.809615
-0.415737 -8.836014 7.133590 50.361737 0.053190 0.995072 -0.083687 -0.526389 -0.043276 -0.849142 0.848578 -0.089218 -0.521493
-0.704713 -9.471585 4.380369 -165.904022 0.037724 0.994501 -0.097695 -0.572115 -0.058662 -0.818073 0.819306 -0.086753 -0.566756
-0.002760 -8.993561 19.648879 44.909686 0.059382 0.996711 -0.055153 -0.534437 -0.014922 -0.845076 0.843119 -0.079659 -0.531793
-0.799394 -9.439256 -11.889810 -161.322903 0.017455 0.985795 -0.167043 -0.568461 -0.127655 -0.812746 0.822525 -0.109144 -0.558158
0.093556 -12.417798 18.132569 312.796429 0.045524 0.995199 -0.086639 -0.473582 -0.054863 -0.879039 0.879572 -0.081048 -0.468811
-0.280945 -12.416960 9.266111 330.516034 0.050400 0.995013 -0.086075 -0.468512 -0.052558 -0.881892 0.882018 -0.084775 -0.463527
-0.509487 -8.658014 -1.042862 79.786996 0.037408 0.990942 -0.128978 -0.530825 -0.089648 -0.842727 0.846655 -0.099989 -0.522663
-0.227065 -9.874410 10.925156 39.971777 -0.369092 0.904702 -0.212805 -0.118297 0.181379 0.976272 -0.921834 -0.385508 -0.040078
-0.395578 -10.029606 -1.811977 27.607265 -0.385807 0.895378 -0.222376 -0.109057 0.195086 0.974704 -0.916111 -0.400299 -0.022381
-0.221699 -9.331338 10.884069 29.267744 -0.368399 0.910698 -0.186844 0.062878 0.224927 0.972345 -0.927539 -0.346463 0.140126
0.147442 -9.091455 23.166912 38.421086 -0.357085 0.917076 -0.177374 0.051736 0.209019 0.976542 -0.932638 -0.339532 0.122083
0.153755 -9.667836 22.713950 37.441689 -0.355610 0.913413 -0.198038 -0.136171 0.158993 0.977844 -0.924662 -0.374698 -0.067841
1.514077 -6.620234 -2.793535 81.304582 -0.328823 0.937411 -0.114616 0.436684 0.043312 -0.898572 0.837366 0.345522 0.423594
1.268922 -8.158501 -11.744112 40.587688 -0.357257 0.932329 -0.055938 0.568494 0.169539 -0.805029 0.741068 0.319403 0.590593
1.511523 -7.347054 20.566986 56.513823 -0.378714 0.919583 -0.104610 0.457123 0.087573 -0.885082 0.804745 0.383013 0.453527
-1.352059 -18.749277 -2.336205 93.767514 -0.271296 -0.829473 0.488235 0.893668 -0.028709 0.447809 -0.357429 0.557809 0.749062
-1.403663 -18.105455 3.183005 118.104887 -0.271487 -0.842786 0.464765 0.910378 -0.068198 0.408118 -0.312260 0.533911 0.785769
-1.531965 -18.098108 -1.138566 -31.652951 -0.247381 -0.833056 0.494793 0.949434 -0.106521 0.295344 -0.193333 0.542836 0.817283
-1.425488 -18.920311 -4.790164 -3.488400 -0.240562 -0.820062 0.519258 0.943580 -0.072154 0.323189 -0.227568 0.567708 0.791151
-9.968887 -19.820685 -223.933792 465.921138 0.266999 -0.887846 0.374754 0.962461 0.265358 -0.057046 -0.048796 0.375917 0.925368
-14.335513 -45.077275 -208.151143 1889.125507 0.529044 -0.809517 0.254549 0.848559 0.507422 -0.149903 -0.007814 0.295305 0.955371
-9.910426 -16.247730 -308.686094 -375.937831 0.003137 -0.940479 0.339838 0.999995 0.002804 -0.001470 0.000429 0.339841 0.940483
-16.002113 -78.467252 -25.978558 3969.741939 0.494219 -0.801983 0.335515 0.868471 0.472696 -0.149386 -0.038792 0.365214 0.930115
-3.346520 -13.381114 -88.808223 -357.003468 -0.255719 -0.892408 0.371775 0.966568 -0.228525 0.116285 -0.018814 0.389082 0.921011
-3.471496 -14.677550 -95.191610 175.738567 -0.159813 -0.905992 0.391968 0.983312 -0.111137 0.144036 -0.086933 0.408445 0.908634
-10.736209 -38.661240 -163.129248 1757.236474 0.312943 -0.845680 0.432310 0.942896 0.331298 -0.034469 -0.114074 0.418411 0.901066
3.251253 -4.305886 29.998996 -24.183806 0.016318 0.990171 0.138907 0.778803 0.074539 -0.622824 0.627056 -0.118344 0.769932
2.967267 -4.106009 15.750082 7.172658 0.072638 0.991248 0.110227 0.804944 0.006990 -0.593310 0.588888 -0.131824 0.797392
2.697675 -4.081114 26.744209 -0.827432 -0.021793 0.991632 0.127242 0.794535 0.094429 -0.599831 0.606827 -0.088026 0.789945
2.762818 -4.250837 42.245629 -25.015917 -0.066192 0.986790 0.147865 0.758308 0.146065 -0.635322 0.648527 -0.070075 0.757959
2.074284 -3.938014 49.916259 -0.212397 -0.072627 0.991416 0.108715 0.792846 0.123520 -0.596773 0.605079 -0.042853 0.795012
2.123707 -3.930597 27.232124 18.703405 -0.029781 0.994834 0.097048 0.828947 0.078834 -0.553744 0.558534 -0.063957 0.827012
6.018723 -7.307990 -75.270376 -163.540414 0.035302 0.811538 0.583232 0.576449 -0.493263 0.651459 -0.816371 -0.313206 0.485223
5.895943 -6.957613 -177.372610 -97.506896 -0.010057 0.809805 0.586613 0.549674 -0.485581 0.679757 -0.835319 -0.329282 0.440245
6.044874 -6.869974 -34.839693 -77.722116 0.049498 0.830220 0.555234 0.553779 -0.485452 0.676510 -0.831191 -0.273991 0.483787
0.122330 -31.230785 5.298351 -238.608805 0.024947 0.867076 -0.497551 0.195001 -0.492366 -0.848263 0.980486 0.075861 0.181363
0.197187 -28.143660 19.854226 -254.711972 0.028254 0.855769 -0.516586 0.360722 -0.490698 -0.793155 0.932245 0.163934 0.322559
0.025401 -29.883738 -22.550023 -219.190207 0.046363 0.872725 -0.486006 0.171763 -0.486247 -0.856774 0.984047 0.043755 0.172446
0.122715 -30.219655 -14.685748 175.689998 0.037095 0.877685 -0.477801 -0.081666 -0.473868 -0.876801 0.995969 -0.071545 -0.054099
0.075557 -28.420935 6.182592 119.433956 0.028861 0.885590 -0.463569 -0.106938 -0.458366 -0.882307 0.993847 -0.075037 -0.081474
-0.143558 -28.247923 32.085442 -45.478438 0.010727 0.875618 -0.482885 0.117550 -0.480669 -0.868988 0.993009 0.047442 0.108085
-0.394846 -182.060036 105.371746 7695.407714 0.003136 0.959346 -0.282216 0.091605 -0.281306 -0.955236 0.995791 0.022857 0.088763
5.634107 -187.049496 -381.325635 13065.961917 0.010784 0.985075 -0.171787 -0.455014 -0.148146 -0.878075 0.890419 -0.087634 -0.446625
4.996470 -642.995262 4524.723516 55634.678699 -0.049987 0.742326 -0.668171 -0.037016 -0.669925 -0.741505 0.998064 0.012333 -0.060965
-0.954639 -173.028899 -286.586471 -9293.453492 0.036276 0.970697 -0.237554 0.462272 -0.227049 -0.857178 0.885996 0.078719 0.456962
68.695849 -2453.181763 5725.216893 232325.116236 0.501803 0.534646 0.679962 0.823855 -0.534929 -0.187386 0.263546 0.654221 -0.708900
74.887981 -251.952074 3828.574583 25328.785055 0.547589 0.520353 0.655270 0.828748 -0.229248 -0.510512 -0.115427 0.822605 -0.556775
44.996621 -88.529192 -2098.895449 7708.314354 0.459016 0.710598 0.533250 0.888173 -0.352652 -0.294593 -0.021286 0.608841 -0.793007
-0.414751 -140.114649 205.105465 8478.442880 0.145454 0.981149 -0.127239 -0.729123 0.019374 -0.684108 0.668747 -0.192279 -0.718197
754.216573 -527.083304 95429.066148 -22510.185578 -0.933221 0.091960 -0.347336 0.078494 0.995522 0.052674 0.350625 0.021892 -0.936260
-7.303898 -481.793531 741.049034 -34680.016604 0.254318 0.963465 -0.084015 0.964958 -0.246983 0.088633 0.064644 -0.103612 -0.992515
-4.294840 -134.245160 -646.210524 10005.318017 0.004682 0.993751 -0.111525 -0.839821 -0.056635 -0.539901 0.542843 -0.096189 -0.834307
-1.385324 -3.838279 -21.801262 1.449742 -0.212231 0.676977 0.704741 0.137254 0.734671 -0.664394 -0.967533 -0.044276 -0.248838
-2.477292 -4.340994 -78.090056 1.643811 -0.207876 0.610127 0.764548 0.139010 0.792116 -0.594331 -0.968227 -0.017267 -0.249476
-1.604275 -4.157951 -25.631868 -31.781762 -0.217510 0.595298 0.773505 0.154010 0.803483 -0.575062 -0.963831 -0.005954 -0.266447
0.806549 -26.460492 -3.790434 152.846101 -0.104327 0.988383 -0.110523 -0.376690 0.063580 0.924155 -0.920446 -0.138047 -0.365681
0.733102 -29.212211 0.751130 155.702970 -0.072334 0.985048 -0.156359 -0.580377 0.085923 0.809802 -0.811129 -0.149323 -0.565484
0.643980 -33.546779 2.686829 337.074817 -0.068450 0.991186 -0.113426 -0.390900 0.077956 0.917126 -0.917884 -0.107116 -0.382119
0.746138 -29.397671 -1.806690 268.430490 -0.093202 0.994265 -0.052447 -0.151699 0.037881 0.987701 -0.984023 -0.100012 -0.147299
0.861628 -23.770743 -7.567428 168.128792 -0.123828 0.990716 -0.056107 -0.149745 0.037238 0.988023 -0.980940 -0.130747 -0.143744
126.668311 -433.055234 13170.720283 36140.210092 -0.806017 0.051140 -0.589679 0.306906 0.887980 -0.342492 0.506108 -0.457030 -0.731422
90.408313 -420.094154 -21878.342067 -40011.431465 0.911415 -0.349681 0.216898 0.398711 0.880802 -0.255378 0.101743 -0.319235 -0.942198
-1.912369 -279.224980 -679.250466 12385.815672 0.951337 -0.075630 0.298726 0.281381 0.608413 -0.742063 0.125627 -0.790008 -0.600087
-53.256116 -331.504991 -14444.369401 -30137.850714 0.967808 -0.165630 0.189509 0.251287 0.593412 -0.764668 -0.014195 -0.787673 -0.615930
-29.376092 -5860.801859 -11119.666046 1153431.866629 0.993567 -0.085356 -0.074427 -0.067995 0.075936 -0.994792 -0.090563 -0.993453 -0.069643
-10.340694 -633.182111 2259.467816 44897.436210 0.955888 -0.011916 -0.293488 -0.293176 0.022648 -0.955790 -0.018037 -0.999672 -0.018155
-45.169630 -519.711571 -1133.047997 -12969.106453 0.710045 0.047863 0.702527 0.596299 0.489767 -0.636047 0.374518 -0.870539 -0.319216
-27.728812 -39.959226 114.129412 -75.456245 -0.603296 0.699952 0.382233 -0.269821 -0.630155 0.728080 -0.750487 -0.336113 -0.569031
-22.463923 -40.574021 183.541154 -1204.236891 -0.539983 0.800202 0.260952 -0.678550 -0.597314 0.427534 -0.497984 -0.053792 -0.865516
-23.150610 -41.906544 -150.222816 1192.816622 -0.810428 0.457272 0.366209 0.275018 0.848899 -0.451370 -0.517274 -0.265089 -0.813730
-26.012920 -41.447637 -124.045189 -493.452902 -0.758925 0.488849 0.430185 -0.010451 0.651397 -0.758665 -0.651094 -0.580266 -0.489253
-31.011529 -40.696250 -59.382339 1179.948648 -0.671419 0.689311 0.272115 0.001338 -0.366060 0.930590 -0.741077 -0.625180 -0.244858
-8.703895 -12.316457 41.649807 276.740229 -0.098339 0.765567 0.635796 -0.188939 0.612909 -0.767231 0.977052 0.195576 -0.084373
-5.738638 -10.060911 -10.196187 85.429164 -0.218677 0.973652 0.064671 -0.090783 0.045688 -0.994822 0.971565 0.223415 -0.078401
-5.051897 -9.175141 -78.106408 91.348557 -0.295311 0.944999 -0.140599 -0.092023 -0.174612 -0.980328 0.950959 0.276563 -0.138526
9.392704 -6.510721 -1598.698895 -78.799353 -0.646209 0.674547 -0.356932 0.620523 0.736683 0.268791 0.444258 -0.047789 -0.894623
1.443434 -5.588847 -1043.800652 77.201043 -0.793017 0.468411 -0.389507 0.442276 0.882371 0.160664 0.418946 -0.044861 -0.906902
20.501562 -63.937578 734.787128 5371.867516 -0.310292 0.946328 -0.090460 -0.107608 -0.129509 -0.985722 0.944531 0.296127 -0.142018
17.184256 -54.300229 532.911999 2124.143413 -0.317533 0.948117 -0.015707 0.438351 0.132079 -0.889047 0.840845 0.289187 0.457547
14.797310 -332.766058 1303.951972 23300.788668 -0.436110 0.897990 -0.058497 -0.021353 -0.075312 -0.996931 0.899640 0.433522 -0.052019
-5.157088 -90.871537 373.547388 -7457.883621 -0.175873 0.943548 -0.280687 0.984138 0.161787 -0.072783 -0.023263 -0.289036 -0.957036
-5.195162 -20.301259 2865.511427 3144.526825 -0.589912 -0.527287 0.611533 -0.500827 0.833000 0.235123 -0.633385 -0.167571 -0.755476
-35.344542 -166.631711 2016.532042 -10973.420264 -0.074144 0.997165 -0.012852 -0.506544 -0.048759 -0.860834 0.859020 0.057315 -0.508723
8.120868 -34.297961 45.977672 -2851.657511 -0.819316 -0.490127 -0.297483 -0.477272 0.870549 -0.119815 0.317698 0.043814 -0.947179
17.946588 -231.184923 587.182406 -37851.960212 -0.886951 -0.328083 -0.325083 -0.340784 0.939953 -0.018839 0.311743 0.094074 -0.945498
457.181983 -3.471793 -54582.796693 733.238614 0.291153 -0.474725 -0.830582 0.887270 0.458654 0.048877 0.357747 -0.751181 0.554748
28.770430 -2.520785 1930.540385 -192.052687 -0.071362 0.997407 -0.009282 0.975884 0.071741 0.206165 -0.206296 -0.005654 0.978473
17.277346 -59.886137 468.686793 -6050.987689 -0.789336 -0.567453 -0.234404 -0.527982 0.822229 -0.212544 0.313342 -0.044008 -0.948620
24.826504 -2.018380 1520.756783 -139.391105 -0.079547 0.995614 -0.049239 0.977482 0.087592 0.191982 -0.195453 0.032859 0.980162
12.106094 -52.467369 -299.797530 -3735.288336 0.811801 0.574356 0.105326 -0.554103 0.814609 -0.171415 -0.184252 0.080793 0.979553
-0.783692 -7.325246 71.898260 8.484313 -0.025704 0.980690 0.193871 -0.652033 -0.163450 0.740362 -0.757754 0.107380 -0.643644
-0.415214 -7.148541 65.379181 24.040419 -0.035842 0.977819 0.206363 -0.552490 -0.191457 0.811233 -0.832748 0.084938 -0.547097
0.755138 -7.040255 67.524542 6.372778 -0.029591 0.979490 0.199307 -0.575730 -0.179699 0.797649 -0.817104 0.091144 -0.569239
-2.397888 -2.411535 58.745501 -61.266912 0.189473 0.626488 0.756051 0.125581 0.748213 -0.651465 -0.973822 0.218380 0.063091
-2.710092 -4.096957 -13.300280 105.964814 0.186469 0.978866 -0.083971 0.029368 0.079879 0.996372 -0.982022 0.188258 0.013853
-2.014890 -2.587892 66.246837 44.732451 -0.075606 -0.629537 0.773283 0.183518 0.753470 0.631351 -0.980104 0.189645 0.058565
0.373208 -10.484506 -5.646757 -8.691510 0.114798 0.992089 0.050796 0.783977 -0.121882 0.608708 -0.610084 0.030056 0.791767
0.226690 -10.251447 -11.792293 -2.676076 0.143226 0.985466 0.091338 0.799776 -0.169610 0.575839 -0.582962 0.009425 0.812445
-0.091369 -10.258093 -10.124432 -14.327849 0.128790 0.988649 0.077369 0.685802 -0.145149 0.713167 -0.716302 0.038789 0.696712
-0.175973 -10.104969 -13.276361 -12.342210 0.157760 0.981182 0.111329 0.694872 -0.190409 0.693468 -0.701616 0.032042 0.711834
0.097474 -10.092516 -15.312603 2.292896 0.172855 0.976890 0.125728 0.809130 -0.213626 0.547423 -0.561631 -0.007106 0.827357
-2.035052 -15.625077 -16.814739 -112.336808 -0.213648 -0.973936 0.076184 0.975909 -0.216310 -0.028489 0.044226 0.068262 0.996687
-2.073996 -16.327478 -10.274522 -92.187084 0.205239 0.978696 -0.005610 0.976969 -0.205212 -0.058481 0.058387 -0.006522 0.998273
-1.885598 -16.640029 15.186935 -118.898807 0.216838 0.973082 -0.078053 0.947686 -0.229015 -0.222360 0.234249 0.025754 0.971835
-2.094392 -15.275840 -5.566900 -55.415789 0.189250 0.981816 -0.014885 0.973676 -0.185677 0.132206 -0.127038 0.039513 0.991111
-1.684231 -15.844454 -26.208316 -122.315954 -0.223475 -0.965897 0.130772 0.970274 -0.233232 -0.064591 0.092889 0.112450 0.989306
-2.031213 -14.916751 -18.783151 -89.163815 -0.202818 -0.974936 0.091460 0.972770 -0.189902 0.132875 -0.112176 0.115919 0.986904
2.126103 -10.200929 18.346262 -88.671070 0.353176 0.929281 -0.108181 0.304839 -0.223628 -0.925777 0.884500 -0.293985 0.362261
1.428055 -9.596386 21.947481 -36.886690 0.316967 0.938493 -0.136975 0.271203 -0.228077 -0.935109 0.908835 -0.259251 0.326815
1.873356 -13.377085 21.248611 -263.943888 0.340352 0.938583 -0.056768 0.205034 -0.132999 -0.969677 0.917672 -0.318392 0.237707
1.703055 -9.794251 38.079889 91.348916 0.304733 0.934784 -0.182530 0.371109 -0.293034 -0.881141 0.877163 -0.200774 0.436204
2.990433 -14.332429 31.251070 -280.883976 0.385429 0.921223 -0.052840 0.195140 -0.137346 -0.971111 0.901867 -0.363983 0.232705
2.933112 -10.745904 12.692236 -121.746136 0.412072 0.905822 -0.098405 0.312872 -0.242104 -0.918421 0.855750 -0.347667 0.383170
2.364894 -9.890476 20.963148 27.629833 0.358673 0.921275 -0.150350 0.413100 -0.301093 -0.859472 0.837079 -0.246160 0.488573
3.524150 -6.305379 -87.558035 23.718415 -0.051432 0.991538 -0.119194 -0.812077 0.027946 0.582880 -0.581279 -0.126774 -0.803768
3.150329 -5.965218 -78.822482 26.095713 -0.059944 0.990740 -0.121827 -0.745177 0.036790 0.665851 -0.664167 -0.130697 -0.736071
2.073371 -5.976462 -71.848012 29.488653 -0.073921 0.983535 -0.164905 -0.745990 0.055206 0.663665 -0.661841 -0.172077 -0.729627
5.426662 -3.755562 130.183033 141.612115 0.345792 0.936085 -0.064587 -0.895791 0.308854 -0.319637 0.279259 -0.168385 -0.945336
3.814579 -5.156684 -41.081009 35.726537 0.217201 0.960374 -0.174659 -0.913646 0.137030 -0.382718 0.343619 -0.242703 -0.907205
4.359798 -3.761197 -40.844570 15.027159 0.400248 0.916124 -0.022768 -0.858749 0.366276 -0.358319 0.319926 -0.162968 -0.933321
3.765691 -6.475370 -5.770931 -8.693449 0.037933 0.999174 -0.014580 -0.991205 0.039474 0.126313 -0.126784 -0.009660 -0.991883
1.162973 -23.969164 41.929835 -264.792399 -0.706926 0.701009 0.094037 0.297872 0.415664 -0.859357 0.641505 0.579491 0.502655
1.417836 -17.507088 4.281756 107.189222 -0.178362 0.963597 0.199170 0.433628 -0.104724 0.894986 -0.883263 -0.245997 0.399163
1.734977 -18.172658 1.212427 -129.514951 -0.190613 0.964749 0.181454 0.545549 -0.049565 0.836612 -0.816114 -0.258461 0.516871
-0.117905 -2.566519 -9.537575 -41.721807 0.263902 0.891670 0.367804 -0.466911 0.451763 -0.760201 0.844008 -0.028887 -0.535551
0.178146 -1.952776 -12.147939 -24.152522 0.228883 0.924492 0.304839 -0.453119 0.378339 -0.807182 0.861566 -0.046622 -0.505500
0.037682 -2.277857 -14.902302 -33.047526 0.175469 0.955138 0.238582 -0.495298 0.295086 -0.817070 0.850818 -0.025201 -0.524857
-0.471094 -3.251934 -19.006938 -53.884709 0.187664 0.947993 0.257082 -0.529036 0.318078 -0.786732 0.827589 -0.011636 -0.561214
-0.109570 -3.245165 -5.609697 -54.131947 0.085255 0.988064 0.128304 -0.549555 0.154046 -0.821133 0.831096 0.000504 -0.556128
0.317899 -2.227670 -8.118223 -35.303001 0.089789 0.988250 0.123691 -0.508309 0.152271 -0.847606 0.856481 -0.013232 -0.516008
42.307891 -15.896350 3135.759261 -705.651249 -0.121385 0.812314 0.570449 0.295833 -0.518975 0.801965 -0.947496 -0.266105 0.177314
31.115814 -11.810268 1883.053916 -38.913332 -0.158007 0.795525 0.584957 0.239665 -0.543787 0.804273 -0.957911 -0.267275 0.104738
9.248405 -19.721892 394.737795 -241.744135 -0.185062 0.955626 0.229195 0.011203 -0.231156 0.972852 -0.982663 -0.182606 -0.032072
4.609249 -33.930942 207.827668 1470.122043 0.787090 -0.605938 -0.115450 0.135681 0.352650 -0.925866 -0.601731 -0.713075 -0.359781
2.185497 -28.309728 117.246325 948.468252 0.797301 -0.594373 -0.105032 0.242238 0.474487 -0.846276 -0.552840 -0.649294 -0.522289
