12291
24565
-8.402153 -11.783380 51.387774 182.291890 -0.048143 0.954050 0.295756 -0.619181 0.203838 -0.758331 0.783771 0.219634 -0.580916
-7.024489 -12.552855 -30.652352 291.136839 0.203678 0.894328 0.398363 -0.648942 0.427990 -0.629046 0.733069 0.130391 -0.667539
-6.303642 -9.044298 -10.986253 157.778015 -0.134990 0.985303 0.104667 -0.725236 -0.026275 -0.687999 0.675138 0.168782 -0.718124
-4.191335 -11.151582 -112.689625 322.391016 0.208377 0.949724 0.233673 -0.744411 0.308972 -0.591937 0.634375 0.050603 -0.771367
-6.726198 -9.733312 -17.494639 107.032968 -0.431003 0.896094 -0.106071 -0.528781 -0.346070 -0.775000 0.731181 0.277939 -0.622995
-4.388356 -7.271411 -81.914235 142.692595 0.003683 0.996573 0.082633 -0.815145 0.050857 -0.577020 0.579245 0.065233 -0.812539
-5.054375 -6.989876 4.698417 76.759307 -0.601589 0.741288 -0.297629 -0.526714 -0.648231 -0.549881 0.600552 0.174037 -0.780415
-5.684594 -8.228003 -11.911954 93.604755 -0.567595 0.789754 -0.232648 -0.510929 -0.559463 -0.652650 0.645591 0.251574 -0.721056
-1.978624 -11.894430 -208.588042 21.028660 -0.325469 0.927184 -0.185470 -0.405423 0.040365 0.913238 -0.854226 -0.372424 -0.362764
-3.753225 -11.172159 -65.122776 -13.994791 -0.234242 0.954114 -0.186539 -0.494840 0.048148 0.867649 -0.836818 -0.295546 -0.460855
-2.220659 -11.286520 -198.539229 -73.949293 -0.276216 0.929721 -0.243563 -0.628392 0.017047 0.777710 -0.727206 -0.367869 -0.579520
4.002911 -1.515020 177.682831 0.972688 0.113546 -0.047165 0.992413 0.327743 0.944738 0.007401 -0.937919 0.324416 0.122730
4.629698 -1.659885 153.064949 6.110676 0.075507 -0.066267 0.994941 0.305844 0.951235 0.040145 -0.949083 0.301265 0.092092
5.636209 -1.422167 136.267065 5.062518 0.027822 -0.036223 0.998956 0.343689 0.938765 0.024469 -0.938671 0.342650 0.038568
4.066489 -1.490428 174.325161 -2.026161 0.110932 -0.028834 0.993410 0.346232 0.938079 -0.011435 -0.931567 0.345218 0.114046
0.039256 -7.063334 112.979111 82.707821 -0.099372 0.983777 -0.149359 -0.160456 -0.163981 -0.973326 0.982028 0.072756 -0.174148
0.273681 -5.494696 85.953671 86.994232 -0.105183 0.970080 -0.218819 -0.209797 -0.236733 -0.948653 0.972071 0.053875 -0.228421
1.414214 -6.388419 70.707331 45.967924 -0.056448 0.993938 -0.094345 -0.109880 -0.100106 -0.988891 0.992341 0.045454 -0.114865
0.145379 -7.717298 119.178518 13.903899 -0.091623 0.993194 -0.071911 -0.073138 -0.078731 -0.994209 0.993104 0.085833 -0.079854
1.175242 -6.827161 92.331405 -7.779071 -0.066764 0.997707 -0.011144 0.024536 -0.009524 -0.999654 0.997467 0.067015 0.023844
2.167466 -5.584044 11.644737 52.975487 0.025759 0.996819 -0.075425 -0.118095 -0.071888 -0.990397 0.992668 -0.034420 -0.115868
2.103789 -6.311900 15.275175 16.229937 0.021415 0.999112 -0.036282 0.013816 -0.036583 -0.999235 0.999675 -0.020897 0.014587
0.639926 -8.361659 4.904225 4.211794 0.005757 0.996106 -0.087978 -0.293312 0.085792 0.952160 -0.955999 -0.020323 -0.292664
0.569739 -8.487984 13.721773 28.825684 0.028049 0.993689 -0.108607 -0.437028 0.109906 0.892708 -0.899010 -0.022424 -0.437353
0.417953 -8.758927 23.014039 17.575628 0.038948 0.996337 -0.076133 -0.298656 0.084316 0.950629 -0.953566 0.014287 -0.300845
0.382805 -8.728510 13.311027 -14.637405 0.020555 0.998989 -0.039977 -0.150153 0.042616 0.987744 -0.988449 0.014300 -0.150878
0.828554 -8.253578 5.013147 -24.449241 -0.013761 0.998843 -0.046073 -0.139538 0.043708 0.989252 -0.990121 -0.020042 -0.138775
2.159646 -16.828533 49.457892 187.669202 -0.288844 -0.945655 -0.149348 0.957368 -0.284674 -0.049056 0.003875 -0.157151 0.987567
0.992142 -16.819379 53.451036 197.304855 -0.247337 -0.950861 -0.186248 0.968874 -0.244765 -0.037052 -0.010356 -0.189615 0.981804
2.541988 -17.511315 -47.846045 4.512213 0.282863 0.946800 0.153485 0.932905 -0.308759 0.185353 -0.222882 -0.090757 0.970611
3.198038 -17.186281 -36.810443 36.721292 0.320996 0.942504 0.092992 0.938197 -0.329866 0.104760 -0.129412 -0.053617 0.990140
-1.053619 -16.142641 -15.513727 139.945930 0.100387 0.994493 0.030090 0.923367 -0.081858 -0.375090 0.370561 -0.065438 0.926500
-0.693700 -18.052126 -23.833700 -41.707630 0.080070 0.994146 0.072544 0.991191 -0.071706 -0.111353 0.105500 -0.080821 0.991130
-0.573369 -16.894417 -11.286992 117.706963 0.097170 0.993397 0.060990 0.934327 -0.069935 -0.349489 0.342917 -0.090945 0.934953
-1.816242 -5.829439 -59.353597 26.904491 -0.469686 0.464020 0.751053 0.590497 0.797540 -0.123463 -0.656284 0.385506 -0.648596
-1.778778 -6.313296 -50.316206 3.086401 -0.495024 0.444859 0.746359 0.621645 0.781471 -0.053481 -0.607049 0.437496 -0.663391
-1.158993 -6.091548 -32.505597 13.835143 -0.473132 0.480893 0.738165 0.572272 0.804797 -0.157499 -0.669814 0.347913 -0.655977
-1.577209 -5.655378 -47.866832 1.282386 -0.477635 0.434240 0.763741 0.506785 0.846284 -0.164235 -0.717659 0.308608 -0.624281
57.363711 -0.291364 2769.448770 -400.037617 -0.487034 0.857162 -0.167542 -0.840012 -0.512246 -0.178842 0.239120 -0.053635 -0.969508
122.350072 5.126439 7005.688878 -105.075694 -0.284532 0.945945 -0.155660 -0.932420 -0.310804 -0.184373 0.222786 -0.092680 -0.970452
20.319116 4.213338 1074.848758 22.884207 -0.506636 0.839866 -0.194793 -0.841283 -0.531004 -0.101377 0.188579 -0.112515 -0.975591
4.428585 -2.728713 19.375558 99.109900 0.377913 0.922642 -0.076895 -0.897577 0.344745 -0.274783 0.227018 -0.172864 -0.958426
10.269644 2.272324 542.347376 -16.539337 -0.371096 0.911599 -0.176846 -0.894803 -0.401956 -0.194319 0.248225 -0.086131 -0.964866
2.181847 -2.510671 -117.509752 -25.664037 0.319928 0.929866 0.181646 -0.587502 0.345116 -0.731940 0.743295 -0.127451 -0.656710
2.638429 -3.188835 -137.007885 -50.102525 0.252624 0.962801 0.095894 -0.660558 0.244036 -0.710006 0.706996 -0.116021 -0.697636
0.644950 -2.390750 -136.558744 -43.657697 0.244526 0.968512 0.046817 -0.645491 0.198620 -0.737489 0.723566 -0.150115 -0.673734
3.441591 -3.498071 -50.491737 -34.344795 0.239504 0.943746 0.227992 -0.627890 0.329670 -0.705033 0.740535 -0.025704 -0.671527
3.125626 -3.063092 -61.076370 -8.687132 0.303500 0.906627 0.293112 -0.555271 0.418279 -0.718830 0.774314 -0.055408 -0.630371
2.462710 -2.669521 -114.411027 15.724370 0.364568 0.892759 0.264710 -0.531813 0.432973 -0.727811 0.764372 -0.124561 -0.632629
1.242652 -2.267871 -130.125797 11.570246 0.381820 0.894174 0.233808 -0.536674 0.420456 -0.731572 0.752458 -0.153850 -0.640419
-0.176087 -24.130700 15.135408 -341.365178 0.002208 0.986901 0.161312 0.781548 0.098931 -0.615951 0.623842 -0.127433 0.771092
2.119710 -21.371804 89.183139 -682.212311 -0.021087 0.988451 0.150070 0.956523 0.063620 -0.284634 0.290894 -0.137543 0.946817
-0.740214 -19.471732 49.219588 -506.569262 0.018221 0.992302 0.122497 0.947247 0.022078 -0.319743 0.319986 -0.121861 0.939553
-0.568664 -39.280909 -27.606848 -501.246944 -0.448487 0.857168 0.253225 0.795953 0.254146 0.549426 0.406594 0.447965 -0.796247
-1.007472 -42.616406 42.559473 -567.383169 -0.478429 0.840893 0.252992 0.738784 0.229712 0.633585 0.474662 0.490032 -0.731139
-2.487636 -135.858883 -154.113907 -5830.560836 -0.460084 0.834883 0.302148 0.887584 0.423766 0.180602 0.022742 0.351274 -0.935997
-0.770630 -55.393263 -56.070876 -2002.076772 -0.482260 0.832666 0.272200 0.870297 0.490874 0.040319 -0.100044 0.256339 -0.961396
729.489385 -7.649284 -69940.899638 289.443427 0.143968 -0.330596 -0.932727 0.908496 0.417820 -0.007865 0.392312 -0.846246 0.360498
525.456406 -45.502254 -29202.066023 -1178.449668 0.119620 -0.981077 -0.152246 0.983294 0.095879 0.154728 -0.137203 -0.168211 0.976156
396.291498 -26.364145 21149.080354 -828.137792 -0.155357 0.985042 0.074548 0.979603 0.143884 0.140266 -0.127442 -0.094819 0.987303
-1.464134 -11.627399 -53.734505 -11.344263 -0.329536 0.882619 0.335245 -0.517908 -0.465875 0.717448 -0.789415 -0.062799 -0.610639
-0.209753 -12.074063 -25.237384 -5.867403 -0.321010 0.894028 0.312516 -0.409741 -0.428602 0.805241 -0.853853 -0.130440 -0.503906
-0.204031 -10.278916 46.834700 66.186520 -0.385887 0.743014 0.546828 -0.214607 -0.648775 0.730092 -0.897238 -0.164380 -0.409810
5.724749 -61.755940 125.982874 1349.678581 -0.497023 0.856108 0.141587 0.702577 0.301267 0.644688 -0.509268 -0.419901 0.751219
8.147329 -64.321800 -345.774797 830.579996 0.498374 -0.838855 -0.218966 0.829360 0.387726 0.402281 -0.252557 -0.382088 0.888945
12.576552 -106.642334 -603.767762 2243.502964 0.481888 -0.821363 -0.305199 0.773542 0.235159 0.588501 -0.411603 -0.519676 0.748679
5.234773 -74.301793 -5.239526 1794.888954 -0.526711 0.823270 0.211666 0.455170 0.062853 0.888184 -0.717911 -0.564160 0.407833
4.636397 -71.394053 145.248345 2256.336944 -0.389970 0.895818 0.213152 0.461222 -0.010327 0.887225 -0.796993 -0.444301 0.409143
2.974572 -6.108022 -61.304041 26.764682 0.008473 0.986414 -0.164059 -0.745528 0.115572 0.656377 -0.666420 -0.116749 -0.736379
2.338820 -5.738395 -71.539627 35.886012 -0.010231 0.980736 -0.195070 -0.666854 0.138674 0.732172 -0.745118 -0.137574 -0.652589
1.424817 -6.253563 -49.545077 33.126913 -0.017845 0.976483 -0.214855 -0.739796 0.131661 0.659823 -0.672594 -0.170724 -0.720049
0.742644 -5.878741 -41.463499 42.376851 -0.000867 0.968105 -0.250545 -0.660826 0.187489 0.726744 -0.750538 -0.166196 -0.639586
0.509711 -6.676079 -21.171747 18.729943 -0.022808 0.974909 -0.221433 -0.756574 0.127952 0.641267 -0.653510 -0.182157 -0.734672
0.541407 -6.894015 -31.886850 7.830070 -0.040540 0.978463 -0.202403 -0.826293 0.081062 0.557377 -0.561780 -0.189840 -0.805210
0.864259 -6.734263 -54.383188 9.270665 -0.041599 0.977897 -0.204905 -0.829185 0.080628 0.553129 -0.557424 -0.192914 -0.807504
0.308193 -14.565447 -13.527021 44.193754 -0.085494 0.988784 0.122463 -0.978734 -0.106350 0.175412 -0.186468 0.104862 -0.976849
-0.091603 -13.464906 43.951815 21.834750 -0.124074 0.981055 0.148784 -0.914412 -0.171268 0.366766 -0.385300 0.090544 -0.918339
-0.324132 -14.407651 23.712131 82.144951 -0.079667 0.987029 0.139381 -0.979168 -0.103685 0.174581 -0.186768 0.122569 -0.974728
0.398828 -13.588058 -29.322102 45.560120 -0.142834 0.981457 0.127829 -0.928424 -0.177616 0.326313 -0.342967 0.072071 -0.936578
0.302445 -15.153054 -56.163449 66.627353 -0.113178 0.988772 0.097578 -0.969181 -0.131494 0.208320 -0.218812 0.070993 -0.973181
0.524151 -5.183604 62.763502 27.554150 0.050535 0.141292 0.988677 -0.108518 0.984858 -0.135200 -0.992809 -0.100457 0.065102
-0.667578 -5.156083 84.070520 29.998728 0.028391 0.295265 0.954993 -0.151004 0.945681 -0.287897 -0.988125 -0.136034 0.071436
1.070210 -5.577969 76.282967 37.807992 0.051659 0.168699 0.984313 -0.196802 0.968021 -0.155578 -0.979081 -0.185678 0.083208
-3.247141 -11.246725 637.129515 32.716006 -0.486702 -0.452492 -0.747243 0.371836 0.666725 -0.645922 0.790481 -0.592223 -0.156244
-2.070168 -9.996487 556.412923 126.222892 -0.493706 -0.423858 -0.759341 0.170723 0.808946 -0.562548 0.852706 -0.407370 -0.327019
-8.091823 -11.309782 647.235254 75.611803 -0.482716 -0.534942 -0.693413 0.199350 0.703868 -0.681784 0.852787 -0.467340 -0.233128
-8.686250 -11.706485 -471.596036 -116.119381 0.441973 0.613533 0.654398 0.302732 0.584699 -0.752649 0.844401 -0.530758 -0.072685
-10.100377 -13.188140 -180.991646 2.396198 0.411204 0.807241 0.423407 0.128049 0.408735 -0.903626 0.902505 -0.425791 -0.064708
-9.744329 -12.790290 -226.069343 362.801153 0.416089 0.831934 0.367090 -0.048567 0.423452 -0.904616 0.908026 -0.358572 -0.216598
22.703601 -57.707519 -43.463332 -2264.130077 0.267468 -0.177466 -0.947083 0.888361 0.426097 0.171041 0.373195 -0.887100 0.271621
-25.531923 -171.228101 -458.478759 -7421.354375 0.956774 -0.032646 0.288993 0.217724 0.739202 -0.637320 0.192818 -0.672692 -0.714357
-31.014113 -214.588977 2264.306701 -10852.659929 0.602674 0.132353 0.786935 0.487195 0.719997 -0.494212 0.632002 -0.681239 -0.369442
-113.765301 -571.470856 1652.345933 27879.575475 -0.407040 0.254545 -0.877226 -0.219528 0.904973 0.364459 0.886637 0.340925 -0.312480
-7.108564 -40.485137 178.980778 1812.553426 0.995105 0.094509 0.028875 -0.095061 0.995302 0.018389 -0.027001 -0.021043 0.999414
-8.233654 -19.134270 209.587143 -822.925390 0.988898 0.126928 0.077271 0.113162 -0.980279 0.162010 -0.096311 0.151467 0.983759
-16.532963 -59.035994 361.220883 2477.779551 0.987230 -0.104745 0.120023 0.098641 0.993561 0.055734 -0.125088 -0.043183 0.991205
-9.130986 -39.543761 260.623244 -1331.733701 0.998566 0.050490 -0.017807 0.041654 -0.941627 -0.334072 0.033635 -0.332851 0.942379
0.851162 -3.004800 -42.834126 67.169952 0.085200 0.982667 -0.164642 -0.607241 -0.079796 -0.790501 0.789936 -0.167328 -0.589917
0.187633 -4.404911 -36.777018 81.342706 0.050457 0.975015 -0.216334 -0.559165 -0.151898 -0.815022 0.827520 -0.162090 -0.537530
0.787875 -4.302651 -43.803557 87.167588 0.075171 0.982626 -0.169694 -0.560918 -0.099032 -0.821927 0.824452 -0.156970 -0.543728
-6.866438 -19.897065 -240.221425 990.887997 -0.086487 0.966029 0.243534 0.970865 0.136560 -0.196908 0.223475 -0.219409 0.949694
-4.170543 -10.007876 234.728116 327.723106 0.372933 -0.901659 -0.218935 0.925453 0.378441 0.017850 0.066759 -0.209271 0.975576
-1.779135 -7.164810 58.721827 442.176308 -0.317081 -0.939620 -0.128741 0.935363 -0.287399 -0.206148 0.156701 -0.185785 0.970015
-2.147023 -4.850942 33.951768 -58.001902 0.193915 -0.387419 0.901279 0.419106 0.863375 0.280953 -0.886988 0.323250 0.329790
-2.344449 -3.926197 0.748712 -26.435192 0.299353 0.011579 0.954072 0.275126 0.956407 -0.097932 -0.913616 0.291806 0.283118
-1.555138 -3.723128 -10.878800 -16.553527 0.309518 0.024094 0.950588 0.224822 0.969482 -0.097777 -0.923934 0.243977 0.294656
-1.370636 -4.619937 9.443199 -37.346020 0.214875 -0.347961 0.912552 0.358238 0.897331 0.257803 -0.908567 0.271516 0.317467
-0.748175 -3.302074 -14.457212 -26.849574 0.357104 0.337049 0.871134 0.047548 0.924859 -0.377326 -0.932854 0.176165 0.314245
-0.705726 -3.630689 -33.282860 1.149676 0.302434 0.029319 0.952719 0.170055 0.981831 -0.084198 -0.937878 0.187479 0.291953
1.912074 -7.370488 -0.025077 -5.761412 -0.447178 0.879682 -0.161838 0.335831 0.332826 0.881161 -0.829005 -0.339686 0.444257
1.515975 -7.244042 8.705473 -1.491385 -0.367749 0.922881 -0.114238 0.392497 0.265410 0.880627 -0.843034 -0.279012 0.459833
1.064370 -7.278393 2.246542 -7.172933 -0.422605 0.893059 -0.154434 0.487499 0.367639 0.791951 -0.764035 -0.259396 0.590732
1.757145 -7.440790 7.026459 9.444432 -0.482811 0.848472 -0.216768 0.366100 0.420422 0.830190 -0.795527 -0.321466 0.513610
0.384831 -7.179629 -2.781184 -7.896092 -0.384308 0.914462 -0.126753 0.636339 0.361856 0.681273 -0.668864 -0.181161 0.720972
0.907631 -7.144094 11.285443 16.197186 -0.458153 0.861152 -0.220259 0.513712 0.458747 0.725018 -0.725394 -0.219019 0.652560
0.969730 -8.102798 34.192314 -28.390402 -0.164063 0.973857 -0.157119 -0.971264 -0.187316 -0.146832 0.172424 -0.128514 -0.976603
0.471343 -7.756779 33.363661 -9.234727 -0.125032 0.981849 -0.142616 -0.947424 -0.160829 -0.276626 0.294542 -0.100530 -0.950336
0.500532 -8.711566 27.074137 -35.843537 -0.119133 0.983181 -0.138432 -0.983397 -0.136066 -0.120072 0.136888 -0.121829 -0.983066
0.960995 -9.351627 27.868829 41.989197 -0.166931 0.975791 -0.141300 0.985967 0.165479 -0.022047 0.001869 -0.142997 -0.989721
0.644863 -10.312016 15.016039 61.652381 -0.125475 0.983090 -0.133380 0.991640 0.120200 -0.046924 -0.030098 -0.138153 -0.989954
0.166834 -9.521985 5.900174 68.130678 -0.065608 0.987739 -0.141658 0.990397 0.081772 0.111474 0.121691 -0.132984 -0.983619
4.185984 -14.849382 83.341257 -55.899948 0.377067 0.923840 -0.065875 -0.147432 0.130089 0.980480 -0.914376 0.359995 -0.185256
5.323212 -13.853764 36.041618 -169.798386 0.268950 0.954850 -0.126207 -0.156388 0.172589 0.972500 -0.950373 0.241816 -0.195745
4.809765 -12.931318 90.551627 -209.209291 0.389691 0.915877 -0.096493 -0.306154 0.227651 0.924362 -0.868568 0.330674 -0.369113
3.214097 -14.206557 95.549129 -93.505771 0.453763 0.890914 -0.019279 -0.303639 0.174917 0.936594 -0.837797 0.419137 -0.349887
2.769289 -14.805470 98.315338 24.999302 0.457249 0.889019 -0.023824 -0.123679 0.090094 0.988224 -0.880697 0.448918 -0.151149
-0.701438 -7.702725 10.534547 -108.692671 0.136683 0.984026 -0.114063 -0.923061 0.084723 -0.375207 0.359550 -0.156571 -0.919896
-0.285327 -9.669228 1.435090 -153.947333 0.084334 0.988887 -0.122434 -0.965256 0.050578 -0.256365 0.247324 -0.139800 -0.958794
-0.553182 -7.564720 0.386076 -60.464406 0.091340 0.986082 -0.138923 -0.930808 0.034961 -0.363832 0.353912 -0.162543 -0.921046
0.595630 -4.184373 20.616159 1.605021 -0.060313 0.962011 0.266266 0.009691 -0.266175 0.963876 -0.998132 -0.060714 -0.006731
-0.098597 -4.494842 -27.322528 -0.636846 -0.095358 0.950872 0.294534 -0.030278 -0.298516 0.953924 -0.994982 -0.082047 -0.057256
0.263391 -3.806684 24.927998 2.765416 -0.052212 0.958990 0.278590 -0.061914 -0.281543 0.957549 -0.996715 -0.032747 -0.074075
0.118967 -4.756014 -35.224949 -45.776347 -0.110045 0.974900 0.193546 0.023519 -0.192120 0.981090 -0.993648 -0.112516 0.001787
0.167145 -4.005593 39.415228 9.536219 -0.023762 0.981276 0.191134 -0.043951 -0.192028 0.980405 -0.998751 -0.014896 -0.047691
0.608973 -4.408121 7.641291 -23.621760 -0.078974 0.971117 0.225154 0.079846 -0.218972 0.972459 -0.993674 -0.094777 0.060246
0.461849 -4.242741 39.697125 22.211906 -0.031885 0.972152 0.232171 0.042013 -0.230780 0.972099 -0.998608 -0.040750 0.033485
-5.351452 -7.630464 -178.364149 22.901039 0.200739 -0.589689 -0.782286 0.245780 0.803316 -0.542472 0.948312 -0.083375 0.306191
-4.346280 -7.934589 -425.741441 166.225398 0.366356 -0.075375 -0.927417 0.170348 0.985301 -0.012787 0.914748 -0.153299 0.373811
-5.618662 -8.696139 -61.455479 105.234763 0.221431 -0.326470 -0.918905 0.254004 0.929079 -0.268877 0.941515 -0.173868 0.288651
-1.816768 -14.236962 -71.829736 12.674311 0.279662 0.957765 0.066894 0.905539 -0.239976 -0.349873 0.319043 -0.158421 0.934406
-2.198206 -13.464572 -58.157388 11.005041 0.256222 0.965409 0.048338 0.954414 -0.244749 -0.170856 0.153116 -0.089911 0.984110
-1.228031 -14.304164 71.236745 8.811820 -0.228557 -0.967309 -0.109882 0.970628 -0.217711 -0.102387 0.075117 -0.130056 0.988657
-0.506082 -14.295800 8.613189 -0.167284 -0.204626 -0.976584 -0.066416 0.978838 -0.204287 -0.011917 -0.001930 -0.067449 0.997721
-0.141137 -14.003388 -33.449973 11.698634 0.223499 0.971079 0.083981 0.957015 -0.202287 -0.207850 0.184850 -0.126825 0.974549
-0.882173 -14.393659 -53.132521 17.134300 0.260844 0.961117 0.090636 0.907710 -0.212214 -0.361977 0.328668 -0.176691 0.927770
1.424659 -17.146936 -17.255081 84.797979 0.104274 0.993844 0.037442 0.991654 -0.106767 0.072273 -0.075825 -0.029594 0.996682
2.003806 -16.053292 8.930278 218.946029 0.116410 0.992977 0.021123 0.965266 -0.108102 -0.237856 0.233902 -0.048079 0.971071
1.667794 -15.858068 -48.702671 184.441817 0.152587 0.983682 0.095326 0.963599 -0.126655 -0.235446 0.219530 -0.127782 0.967201
1.951511 -14.137625 -29.680410 138.907887 0.166218 0.982781 0.080700 0.900044 -0.117771 -0.419583 0.402854 -0.142376 0.904123
1.332176 -14.101116 -55.654535 107.977493 0.188553 0.975681 0.111778 0.902734 -0.127380 -0.410909 0.386678 -0.178384 0.904798
-0.672250 -33.333854 -37.954857 -319.530972 0.126072 -0.947984 0.292288 0.967369 0.052205 -0.247934 0.219779 0.314008 0.923632
-0.474462 -33.562236 -14.852795 -419.657918 0.109596 -0.947431 0.300605 0.981714 0.055817 -0.181995 0.155649 0.315054 0.936223
-0.684258 -31.543779 17.698236 -728.268605 0.120619 -0.955368 0.269673 0.981804 0.154947 0.109786 -0.146671 0.251524 0.956673
-1.171313 -31.862865 -25.070774 -785.757285 0.152198 -0.951433 0.267603 0.975702 0.187816 0.112834 -0.157614 0.243927 0.956900
-1.167171 -23.721256 -13.795153 -562.103487 -0.115830 0.959580 -0.256496 0.890944 0.214531 0.400245 -0.439093 0.182163 0.879781
-0.849913 -25.494546 -17.015758 -680.959728 -0.110239 0.958812 -0.261776 0.882529 0.215574 0.417937 -0.457155 0.184952 0.869944
-2.783302 -6.177222 55.856506 19.695018 -0.001706 0.761263 -0.648441 0.727910 0.445563 0.521172 -0.685671 0.471118 0.554891
-2.182514 -6.154329 37.608654 -34.665301 -0.067150 0.682280 -0.728001 0.750938 0.514986 0.413377 -0.656949 0.518926 0.546931
-1.761100 -6.169384 42.402684 26.196799 -0.077825 0.674960 -0.733739 0.689506 0.568014 0.449378 -0.720086 0.470944 0.509595
-1.481264 -5.987055 8.208879 14.878101 -0.117349 0.635856 -0.762835 0.695397 0.600999 0.393984 -0.708980 0.484240 0.512699
-5.857620 -46.047339 155.309395 -683.937679 0.775851 -0.369171 -0.511632 0.087517 0.866069 -0.492205 0.624816 0.337101 0.704250
-12.236151 -18.198217 -63.166122 -649.845573 0.685935 -0.565324 -0.458150 0.359799 0.810765 -0.461741 0.632485 0.151882 0.759535
-1.741198 -74.404130 635.011374 -2580.411573 0.666236 -0.488081 -0.563833 0.393166 0.872346 -0.290573 0.633680 -0.028090 0.773085
68.563886 -2432.630834 468.669832 -121252.622334 -0.672056 0.693495 0.259624 0.307846 0.580529 -0.753802 0.673477 0.426673 0.603638
-6.144587 -13.803796 40.391737 -42.880054 -0.230460 -0.834373 0.500709 0.966779 -0.254799 0.020384 0.110572 0.488773 0.865375
-5.366878 -13.039364 17.439985 -56.705331 -0.296450 -0.857715 0.420050 0.952442 -0.233039 0.196335 -0.070511 0.458277 0.886008
-5.574257 -13.789708 21.716210 -11.266409 -0.309840 -0.860150 0.405143 0.937522 -0.347328 -0.020417 0.158279 0.373504 0.914026
1.014047 -4.187667 5.446989 -42.871861 0.033839 0.999042 -0.027766 0.047004 0.026161 0.998552 -0.998321 0.035095 0.046073
0.725792 -4.690975 9.516006 -25.939467 -0.001612 0.996711 -0.081017 0.044331 0.081008 0.995727 -0.999016 0.001987 0.044315
1.295239 -3.805695 -5.503579 -0.402897 0.031705 0.997484 0.063406 -0.005095 -0.063276 0.997983 -0.999484 0.031965 -0.003076
-44.486568 -83.759611 1540.891943 -4086.636474 0.346628 -0.263730 -0.900164 0.937981 0.090908 0.334556 -0.006400 -0.960303 0.278885
-54.819799 -491.249896 -1968.989508 20481.331048 0.990846 0.023624 -0.132912 -0.118728 -0.316054 -0.941283 0.064245 -0.948447 0.310356
-13.206144 -183.328557 -547.833702 8098.310312 0.973774 -0.189698 0.125617 0.013939 -0.501336 -0.865140 -0.227092 -0.844202 0.485544
-2.093388 -44.302811 -102.477432 -1656.036065 0.938996 -0.303354 0.162057 0.306845 0.526093 -0.793141 -0.155345 -0.794482 -0.587082
-0.012810 -45.996102 -119.249691 -1294.200174 0.923487 -0.354943 0.145558 0.352345 0.634676 -0.687779 -0.151740 -0.686442 -0.711177
-2.163806 -53.881234 -64.450151 -1413.820648 0.935053 -0.300504 0.188077 0.354299 0.773942 -0.524867 -0.012164 -0.557414 -0.830145
-7.065830 -12.410124 -41.580297 109.199188 0.139108 0.911164 0.387852 -0.504462 0.402234 -0.764020 0.852154 0.089376 -0.515602
-4.741914 -12.066193 -156.685764 184.083832 0.250370 0.926070 0.282329 -0.573316 0.376806 -0.727548 0.780143 -0.020292 -0.625272
9.176577 -12.721643 -111.643221 -44.114382 0.123618 0.980592 0.152180 -0.590161 -0.050639 0.805696 -0.797765 0.189409 -0.572447
9.085403 -12.010711 -61.140498 62.019140 0.225654 0.950145 0.215184 -0.462818 -0.089810 0.881892 -0.857252 0.298593 -0.419478
8.826492 -12.849587 -115.997643 34.407528 0.132659 0.983083 0.126292 -0.365807 -0.069861 0.928065 -0.921188 0.169315 -0.350351
8.254100 -13.639983 -50.955842 -80.367546 0.060136 0.994820 0.081957 -0.513295 -0.039599 0.857298 -0.856103 0.093622 -0.508255
8.519675 -12.527825 -54.086703 -156.578859 0.065327 0.992794 0.100464 -0.712982 -0.023998 0.700772 -0.698133 0.117408 -0.706276
6.177611 -1.715960 133.484433 9.723406 0.006838 -0.034186 0.999392 0.291627 0.956039 0.030708 -0.956508 0.291240 0.016507
6.168799 -1.447517 75.402892 2.611537 -0.043784 -0.016613 0.998903 0.311214 0.949884 0.029439 -0.949331 0.312162 -0.036419
2.099123 -2.234008 156.030718 21.065328 0.111061 -0.156625 0.981394 0.284442 0.951202 0.119618 -0.952239 0.265865 0.150192
4.512020 -2.071682 143.440761 25.627353 0.059223 -0.087928 0.994365 0.283307 0.956636 0.067718 -0.957199 0.277700 0.081566
-1.643730 -6.970192 108.211928 141.997772 -0.103742 0.955172 -0.277280 -0.225740 -0.294121 -0.928727 0.968648 0.033755 -0.246133
-1.444805 -4.168581 73.576549 106.866019 -0.155657 0.857211 -0.490877 -0.256187 -0.514963 -0.818035 0.954012 0.001576 -0.299764
0.267588 -3.396333 74.808051 105.112276 -0.107803 0.953983 -0.279812 -0.264069 -0.298819 -0.917047 0.958460 0.024970 -0.284131
0.401935 -8.760871 13.963333 13.992907 0.036706 0.993423 -0.108459 -0.464358 0.113059 0.878402 -0.884887 -0.018121 -0.465454
0.768404 -14.289571 43.897216 280.347684 -0.260601 -0.949965 -0.172202 0.944842 -0.214296 -0.247692 0.198397 -0.227252 0.953412
-0.219678 -13.972945 50.211247 339.501664 -0.226056 -0.954464 -0.194674 0.947917 -0.169503 -0.269672 0.224394 -0.245495 0.943069
-0.158278 -16.707425 55.625244 248.171973 -0.208249 -0.956682 -0.203449 0.977939 -0.200188 -0.059663 0.016350 -0.211385 0.977266
-1.295717 -15.756887 12.919955 179.898086 0.147186 0.985698 -0.082074 0.913948 -0.167260 -0.369761 0.378201 0.020588 0.925495
-1.324672 -15.634932 -9.060112 168.039925 0.122697 0.992322 -0.015585 0.908833 -0.118654 -0.399929 0.398708 -0.034906 0.916414
-0.872562 -13.125346 13.774553 247.023780 0.156420 0.983624 -0.089533 0.781492 -0.178688 -0.597780 0.603990 -0.023536 0.796645
-0.546234 -14.725013 37.776887 186.935377 0.180186 0.971888 -0.151550 0.881979 -0.227847 -0.412552 0.435484 0.059328 0.898239
-0.598820 -10.311185 6.898449 200.765708 0.171058 0.981363 -0.087560 0.636743 -0.177929 -0.750266 0.751863 -0.072586 0.655312
-0.049190 -9.951526 23.505087 176.450051 0.196102 0.971274 -0.134797 0.642461 -0.231115 -0.730636 0.740802 -0.056677 0.669328
0.031033 -11.927503 38.166216 210.805551 0.195801 0.967983 -0.157067 0.766875 -0.250969 -0.590693 0.611200 0.004792 0.791462
-1.667428 -6.804964 -38.508710 -53.098316 -0.508143 0.420164 0.751833 0.652026 0.758004 0.017073 -0.562719 0.498890 -0.659133
-2.081118 -6.775580 -59.414696 -46.450928 -0.501209 0.399707 0.767479 0.643640 0.765015 0.021911 -0.578375 0.504962 -0.640699
-1.536239 -6.566330 8.876257 -25.882109 -0.461449 0.479010 0.746736 0.656514 0.750503 -0.075730 -0.596703 0.455297 -0.660795
-1.974241 -7.474141 -29.109124 -87.399641 -0.468619 0.400364 0.787468 0.718668 0.691157 0.076279 -0.513725 0.601673 -0.611618
-1.892303 -8.002231 -6.818098 -81.732644 -0.492767 0.432043 0.755327 0.702205 0.710077 0.051950 -0.513896 0.555994 -0.653285
4.175976 -4.070260 -23.541458 -46.508403 0.062737 0.917176 -0.393513 0.047175 -0.396574 -0.916790 0.996915 -0.038952 0.068148
3.522739 -2.842680 16.835554 -58.022953 0.014594 0.893728 -0.448372 0.114356 -0.446970 -0.887210 0.993333 0.038326 0.108726
3.369966 -3.946830 77.101756 -48.760759 -0.065182 0.934225 -0.350677 0.036920 -0.348926 -0.936423 0.997190 0.073985 0.011748
3.420991 -3.035589 -55.664316 -98.791648 0.121344 0.864850 -0.487144 0.137950 -0.500702 -0.854557 0.982978 -0.036494 0.180063
0.733777 -3.147043 -152.797145 -58.273751 0.201106 0.979502 -0.011526 -0.690424 0.133388 -0.711001 0.694890 -0.150944 -0.703096
3.058242 -4.028964 -152.548293 -43.471437 0.215669 0.975379 0.046068 -0.724188 0.191418 -0.662504 0.655011 -0.109520 -0.747641
4.063476 -4.225607 -30.918790 -39.882494 0.190709 0.965908 0.175077 -0.699406 0.258845 -0.666207 0.688812 -0.004602 -0.724926
-2.276182 -11.033605 -71.174278 -50.553303 0.201375 0.807581 0.554312 -0.254984 0.589614 -0.766380 0.945744 -0.012989 -0.324654
0.850131 -9.739294 -24.183167 -57.726333 0.195783 0.777333 0.597848 -0.057707 0.617722 -0.784276 0.978948 -0.119048 -0.165797
-0.671678 -11.979056 -30.505896 -82.082084 0.186028 0.871237 0.454247 -0.230537 0.488114 -0.841782 0.955116 -0.051875 -0.291655
-0.791532 -9.003120 -18.363085 -13.197345 -0.215959 -0.588225 -0.779329 -0.091369 0.806836 -0.583668 0.972118 -0.054842 -0.227989
-3.624826 -10.407749 -67.896854 -77.048211 0.153580 0.772595 0.616044 -0.310528 0.629591 -0.712171 0.938075 0.081923 -0.336605
-0.884227 -18.373501 -2.499653 170.981533 -0.331652 0.896662 0.293264 -0.751873 -0.438985 0.491914 -0.569819 0.057353 -0.819766
0.788843 -29.031316 0.076573 793.029368 -0.361046 0.873573 0.326369 -0.834998 -0.458669 0.303975 -0.415239 0.162768 -0.895032
-1.225063 -17.880925 -0.332567 128.855987 -0.374200 0.871773 0.316207 -0.736699 -0.486557 0.469614 -0.563249 0.057220 -0.824304
-0.091539 -16.547210 34.831331 281.101230 -0.304219 0.894920 0.326450 -0.789123 -0.428713 0.439875 -0.533606 0.123790 -0.836624
-1.741048 -18.615718 36.708820 -303.391882 -0.271804 0.922158 0.275221 -0.668363 -0.386650 0.635447 -0.692397 0.011231 -0.721429
-1.082779 -16.017060 9.712173 -185.962381 -0.259156 0.932574 0.251283 -0.727435 -0.359614 0.584393 -0.635355 0.031343 -0.771584
0.652724 -6.535483 13.204348 -31.875866 -0.529591 0.186007 0.827608 0.061953 0.981537 -0.180959 -0.845988 -0.044562 -0.531337
-0.156982 -6.110770 -12.586191 0.091098 -0.526355 0.269307 0.806489 0.250507 0.955531 -0.155583 -0.812525 0.120139 -0.570412
-0.546111 -7.177071 53.980977 22.088745 -0.484165 0.367130 0.794229 0.328794 0.917528 -0.223690 -0.810850 0.152835 -0.564945
-0.454435 -8.175716 78.936560 -26.928705 -0.475315 0.355410 0.804835 0.183029 0.934707 -0.304668 -0.860567 0.002495 -0.509330
3.032161 -5.738630 -53.395883 36.738922 0.014564 0.991258 -0.131129 -0.660822 0.107963 0.742737 -0.750401 -0.075836 -0.656618
2.421441 -5.613485 -71.591816 9.508651 -0.004683 0.989698 -0.143097 -0.613931 0.110110 0.781642 -0.789346 -0.091512 -0.607090
1.722187 -5.316254 -71.155144 25.134875 0.007417 0.976474 -0.215508 -0.607713 0.175551 0.774511 -0.794122 -0.125223 -0.594718
-0.233886 -13.741666 -5.213410 51.830162 -0.129516 0.983515 0.126191 -0.939458 -0.162427 0.301722 -0.317244 0.079474 -0.945008
-0.020866 -12.926578 -16.326394 30.886702 -0.189567 0.973754 0.125965 -0.812056 -0.227601 0.537366 -0.551932 0.000424 -0.833889
0.538528 -12.967256 -20.700953 80.852936 -0.175045 0.973659 0.146109 -0.838899 -0.225178 0.495524 -0.515372 0.035832 -0.856217
0.213392 -13.019799 -0.389425 50.097386 -0.183830 0.971555 0.149291 -0.766266 -0.236770 0.597308 -0.615665 0.004594 -0.787995
-0.230876 -4.235583 45.122232 13.809750 0.040762 0.122009 0.991692 0.054695 0.990756 -0.124142 -0.997671 0.059301 0.033712
0.160490 -4.739183 52.879111 12.872872 0.046455 0.123879 0.991209 -0.027549 0.992062 -0.122694 -0.998540 -0.021607 0.049499
0.589543 -4.383437 3.698758 20.459320 -0.001136 0.032386 0.999475 0.029698 0.999036 -0.032338 -0.999558 0.029645 -0.002097
0.246926 -3.835777 5.293566 22.803728 0.004552 0.040889 0.999153 0.116318 0.992360 -0.041141 -0.993202 0.116406 -0.000239
0.478519 -4.827459 -43.749476 32.545059 -0.051520 -0.069755 0.996233 -0.021432 0.997405 0.068729 -0.998442 -0.017810 -0.052881
0.162901 -4.194280 -35.905737 28.184319 -0.044731 -0.056699 0.997389 0.066099 0.996032 0.059586 -0.996810 0.068592 -0.040806
-7.760160 -111.896189 -14.933407 -3640.085740 0.886295 -0.454209 0.090421 -0.220495 -0.242155 0.944851 0.407264 0.857354 0.314772
-327.744133 -1792.847188 -1570.689265 -76156.990861 0.741010 -0.302257 -0.599621 0.644107 0.067522 0.761950 0.189817 0.950832 -0.244720
-26.582897 -150.379004 -987.284478 -2477.702190 0.958967 -0.281664 0.032364 -0.198886 -0.586960 0.784807 0.202055 0.759041 0.618895
-38.625947 -570.979158 -1713.897285 -23134.371017 0.939480 -0.186797 -0.287200 0.253953 -0.182999 0.949747 0.229967 0.965204 0.124487
-8.067834 -474.543406 -124.818466 -22035.332621 0.913155 -0.067203 -0.402034 0.010769 0.989949 -0.141017 0.407469 0.124440 0.904701
-66.926016 -1314.012833 139.607391 -37492.292483 0.973206 0.033087 -0.227542 0.007006 0.984866 0.173177 0.229828 -0.170131 0.958246
-17.752362 -381.889643 -719.556633 -18762.205761 0.973024 -0.047512 -0.225757 0.111294 -0.760496 0.639734 0.202082 0.647603 0.734693
-26.197564 -46.586059 577.691572 -1341.371949 0.921654 -0.347173 0.173277 -0.234680 -0.854401 -0.463600 -0.308997 -0.386614 0.868936
-28.107363 -46.093241 300.249539 -430.727618 0.795944 -0.605051 0.019674 -0.325031 -0.454543 -0.829304 -0.510714 -0.653685 0.558451
-29.983810 -52.812732 830.000652 567.731715 0.956789 -0.290405 0.014820 -0.119081 -0.437811 -0.891146 -0.265282 -0.850874 0.453475
5.008860 -8.951167 -43.245283 7.397003 -0.028687 0.989872 0.139036 0.755657 -0.069576 0.651261 -0.654339 -0.123747 0.746008
5.762509 -11.314570 -8.279665 131.067075 -0.021518 0.998264 0.054818 0.665143 -0.026641 0.746241 -0.746406 -0.052520 0.663415
5.745776 -9.642757 -53.089345 71.725208 0.001008 0.996333 0.085551 0.742535 -0.058048 0.667287 -0.669806 -0.062852 0.739871
5.315156 -9.509853 -67.435353 -115.946423 0.059718 0.990295 0.125497 0.786031 -0.124145 0.605593 -0.615295 -0.062479 0.785817
-13.708766 -38.383523 -442.477276 1789.282772 -0.105919 0.952613 0.285149 0.937302 0.191400 -0.291257 0.332032 -0.236421 0.913159
-4.781386 -30.806902 -140.414245 1525.122726 -0.464206 0.869117 0.170728 0.861988 0.487620 -0.138574 0.203688 -0.082839 0.975525
-0.136839 -10.815279 -73.796155 -501.288207 0.727605 -0.684694 -0.042244 -0.685980 -0.726629 -0.037974 0.004695 -0.056608 0.998385
-2.664780 -4.767674 36.226922 -73.523940 0.173248 -0.356625 0.918043 0.429586 0.866156 0.255400 -0.886251 0.350130 0.303261
-3.051138 -4.297471 3.362577 -43.399189 0.216836 -0.115582 0.969342 0.376753 0.925945 0.026130 -0.900577 0.359537 0.244324
2.295216 -7.549431 14.134165 15.470565 -0.372939 0.920876 -0.113598 0.245082 0.215849 0.945169 -0.894903 -0.324649 0.306189
1.900178 -7.629855 30.419431 18.914022 -0.292193 0.952360 -0.087375 0.265322 0.168499 0.949322 -0.918818 -0.254203 0.301916
0.959775 -7.382552 27.299131 -10.802735 -0.158540 0.971421 -0.176653 -0.930775 -0.206738 -0.301525 0.329429 -0.116621 -0.936950
0.477231 -7.591423 30.769899 25.265146 -0.116016 0.982292 -0.147113 -0.889261 -0.168701 -0.425153 0.442443 -0.081497 -0.893086
-0.010053 -7.965084 21.173505 22.269137 -0.076946 0.988679 -0.128812 -0.903213 -0.123835 -0.410940 0.422239 -0.084725 -0.902516
5.848857 -11.175693 44.372658 -288.348944 0.285525 0.941183 -0.180694 -0.297834 0.266348 0.916708 -0.910917 0.207926 -0.356365
-1.529162 -9.597468 42.275597 -233.435272 0.165961 0.979284 -0.116020 -0.924300 0.113469 -0.364410 0.343696 -0.167715 -0.923983
-1.028344 -7.936276 34.510017 -183.508694 0.173331 0.980595 -0.091592 -0.913140 0.125171 -0.387954 0.368961 -0.150881 -0.917116
-1.714399 -6.480528 37.604886 -173.269407 0.232129 0.967655 -0.098793 -0.853324 0.153842 -0.498167 0.466856 -0.199941 -0.861434
-1.822226 -10.031604 15.764887 -243.952080 0.189252 0.969387 -0.156435 -0.915138 0.116374 -0.385978 0.355957 -0.216207 -0.909148
-1.900358 -7.086478 21.676381 -203.097808 0.273575 0.953399 -0.127229 -0.840403 0.172593 -0.513745 0.467845 -0.247471 -0.848457
-1.818216 -5.323221 41.510324 -76.980371 0.413989 0.910199 -0.012259 -0.734197 0.325915 -0.595596 0.538116 -0.255571 -0.803190
-1.866262 -5.375101 24.168939 -39.042141 0.293561 0.952374 -0.082498 -0.797881 0.196576 -0.569863 0.526505 -0.233113 -0.817588
-0.136582 -3.616578 0.152324 -2.678972 -0.090448 0.909472 0.405808 -0.093230 -0.413421 0.905754 -0.991528 -0.044090 -0.122183
-0.735055 -4.484459 -56.467202 -2.605675 -0.121276 0.916616 0.380930 -0.074925 -0.391121 0.917284 -0.989787 -0.082703 -0.116111
-0.836550 -4.921019 -85.454919 -30.124411 -0.131831 0.964962 0.226866 -0.010607 -0.230223 0.973080 -0.991215 -0.125876 -0.040586
0.288937 -13.257844 -53.313307 24.478124 0.295190 0.955078 0.026230 0.542189 -0.144845 -0.827678 0.786698 -0.258544 0.560590
1.191467 -13.466203 -38.248792 -33.762867 0.241057 0.967378 0.077919 0.568238 -0.075598 -0.819384 0.786764 -0.241795 0.567924
1.843660 -15.662628 -4.283150 -196.339018 0.289928 0.956346 -0.036665 0.393671 -0.154090 -0.906245 0.872333 -0.248312 0.421161
0.169642 -12.821473 -58.404923 56.301346 0.247256 0.964984 0.087576 0.694668 -0.113529 -0.710315 0.675500 -0.236466 0.698415
0.934678 -13.264419 -89.772801 -162.101666 0.361855 0.928109 -0.087602 0.376269 -0.231381 -0.897153 0.852926 -0.291678 0.432945
-1.359625 -12.853932 -55.106884 88.277486 0.298626 0.954264 0.014271 0.682603 -0.203114 -0.701995 0.666990 -0.219375 0.712039
-0.274973 -13.098759 -53.467855 29.558294 0.341001 0.939170 -0.040971 0.509681 -0.221329 -0.831408 0.789901 -0.262629 0.554150
-2.790338 -14.248007 -52.851673 -0.153568 0.284933 0.958545 0.002249 0.911066 -0.270089 -0.311466 0.297947 -0.090796 0.950255
-3.183500 -13.655684 -52.123000 -35.838544 0.261598 0.965169 0.003960 0.964911 -0.261427 -0.024544 0.022654 -0.010242 0.999691
-1.336078 -38.156856 -106.028753 -1755.933239 0.875835 0.446687 0.182710 -0.474655 0.865737 0.158755 0.087265 0.225768 -0.970265
-1.257985 -40.417406 1.032215 -2070.099580 0.929247 0.320853 0.183173 -0.354983 0.912799 0.201952 0.102403 0.252687 -0.962114
20.687488 -1382.391814 -624.843351 154993.576998 0.996195 0.010467 -0.086523 0.086222 -0.263129 0.960900 0.012709 0.964704 0.263031
-5.999449 -416.636481 -135.318999 -25470.700070 0.993899 0.016011 0.109127 -0.046754 0.957275 0.285375 0.099896 0.288736 -0.952183
2.530949 -493.348526 -1029.621357 -27959.198282 0.982985 0.178539 0.043174 -0.180975 0.901127 0.393977 -0.031435 0.395087 -0.918106
-1.378117 -7.449429 -29.046887 25.397922 0.149726 -0.583284 0.798350 0.482877 0.747745 0.455750 -0.862793 0.317267 0.393611
-2.342762 -7.924568 51.911434 67.738711 -0.092897 0.702019 -0.706073 0.539057 0.631681 0.557132 -0.837130 0.328858 0.437110
-1.705609 -6.629988 42.369318 48.322050 -0.093178 0.661226 -0.744378 0.608502 0.629573 0.483076 -0.788063 0.407943 0.461019
-1.851554 -78.982149 116.290732 -2652.851343 0.091862 0.995639 -0.016282 -0.554256 0.064708 0.829827 -0.827262 0.067205 -0.557783
-12.919404 -259.200573 -243.297172 -17966.378271 0.016033 0.999863 -0.004119 -0.709858 0.014284 0.704200 -0.704163 0.008366 -0.709989
-2.465426 -96.956863 109.818877 908.153314 0.068966 0.989612 -0.126143 -0.214969 0.138215 0.966791 -0.974183 0.039558 -0.222268
1.491690 -17.172215 31.895875 199.765162 0.075409 0.996579 -0.033820 0.995678 -0.077097 -0.051774 0.054205 0.029770 0.998086
-2.244939 -7.671227 -0.656359 -69.731261 0.060918 -0.483455 0.873247 0.845379 0.490132 0.212377 -0.530681 0.725287 0.438561
-2.586370 -6.792413 -4.967909 -20.863023 -0.067768 -0.508687 0.858280 0.802259 0.483626 0.349981 -0.593117 0.712280 0.375324
-2.757557 -6.722088 13.257404 -30.045444 0.060601 -0.483273 0.873370 0.759223 0.590350 0.273985 -0.648003 0.646478 0.402688
-1.818929 -8.153953 -13.170012 -79.426810 -0.033746 -0.497375 0.866879 0.883852 0.390050 0.258199 -0.466548 0.774905 0.426444
-2.422165 -6.784008 9.487237 -41.606954 0.137312 -0.471874 0.870908 0.770737 0.603175 0.205293 -0.622182 0.643051 0.446514
-2.072844 -7.966700 5.818744 -71.147613 0.145176 -0.484953 0.862406 0.853551 0.502203 0.138716 -0.500374 0.715970 0.486841
-1.475168 -9.963809 1.387460 -131.872360 0.106323 -0.487798 0.866457 0.917906 0.383175 0.103083 -0.382288 0.784366 0.488493
-5.505857 -12.479929 18.927893 -91.130402 -0.200019 -0.816788 0.541156 0.970418 -0.088929 0.224456 -0.135208 0.570043 0.810413
-4.817335 -11.545397 2.874713 -109.032216 -0.277341 -0.848913 0.449921 0.916563 -0.093358 0.388841 -0.288088 0.520223 0.803974
0.519716 -5.471827 25.596866 -86.453064 -0.000876 0.987508 -0.157568 0.102689 0.156824 0.982273 -0.994713 0.015320 0.101544
0.702783 -5.988343 -2.589759 -76.019805 -0.036317 0.984309 -0.172677 0.106255 0.175614 0.978708 -0.993675 -0.017196 0.110965
0.805160 -5.333400 -16.686765 -20.966583 -0.037530 0.994751 -0.095193 0.039297 0.096655 0.994542 -0.998523 -0.033585 0.042719
-3.564733 -62.211050 -92.079455 2465.564135 0.831495 -0.442670 0.335648 -0.287634 0.173849 0.941830 0.475272 0.879670 -0.017228
-7.065559 -94.893358 -414.097954 4479.627832 0.889502 -0.338522 0.306902 -0.262320 0.171626 0.949596 0.374132 0.925174 -0.063861
31.334188 -1097.822526 -1061.969116 66983.600800 0.922948 -0.321859 0.211127 0.053212 0.649905 0.758150 0.381230 0.688498 -0.616955
39.806954 -6481.869721 672.064749 -440583.507080 0.836859 -0.450442 0.311078 0.519621 0.832422 -0.192530 0.172224 -0.322764 -0.930678
3.834446 -104.304966 -307.488984 2416.516009 -0.826463 0.484880 -0.286095 0.200180 0.728051 0.655644 0.526200 0.484595 -0.698771
