14256
28487
-5.966457 -9.913941 -26.239917 -225.843429 0.573853 -0.593875 0.563920 0.799876 0.554216 -0.230310 -0.175758 0.583230 0.793064
-5.196898 -7.651878 -54.122489 -168.529862 0.462102 -0.616861 0.637137 0.831211 0.551693 -0.068723 -0.309112 0.561353 0.767680
-5.909752 -7.894772 60.176530 -89.981611 0.033302 -0.830252 0.556392 0.982725 0.128606 0.133087 -0.182052 0.542348 0.820192
-4.826263 -6.554217 35.561212 -66.169469 -0.389443 -0.836016 0.386537 0.869677 -0.195572 0.453225 -0.303308 0.512668 0.803228
-7.945712 -9.668235 47.738028 -108.579871 0.535801 -0.692613 0.482912 0.844323 0.443554 -0.300630 -0.005977 0.568812 0.822446
-5.961361 -8.748953 39.557730 -72.829440 0.008340 -0.855155 0.518305 0.998363 0.036450 0.044074 -0.056582 0.517089 0.854059
-4.806726 -7.560260 -22.310416 -68.492676 -0.221517 -0.869426 0.441621 0.958701 -0.111319 0.261728 -0.178392 0.481360 0.858178
-1.139464 -7.352828 63.334508 211.596360 -0.087090 -0.669851 0.737370 0.996102 -0.068973 0.054991 0.014022 0.739285 0.673246
-2.054310 -4.948566 28.800134 259.768877 -0.325853 -0.584217 0.743311 0.939507 -0.287897 0.185584 0.105576 0.758819 0.642688
-2.256746 -7.886526 4.908896 97.435228 -0.123652 -0.623889 0.771668 0.985830 0.011597 0.167346 -0.113354 0.781427 0.613615
-1.918733 -9.150391 12.785102 5.449687 -0.021767 -0.651507 0.758331 0.979342 0.138629 0.147211 -0.201035 0.745869 0.635031
-7.506589 -8.192902 1.362426 20.346876 -0.115001 -0.283134 -0.952161 0.992929 -0.004351 -0.118632 0.029446 -0.959071 0.281632
-7.412989 -8.026645 -27.271746 50.910103 -0.012073 -0.366958 -0.930159 0.982759 0.167283 -0.078751 0.184498 -0.915073 0.358612
-7.722402 -8.359837 -39.430947 32.920252 -0.219025 -0.465841 -0.857333 0.974735 -0.064999 -0.213700 0.043825 -0.882478 0.468308
-7.308615 -8.019039 -27.655019 35.230633 -0.381226 -0.499224 -0.778102 0.907107 -0.039585 -0.419034 0.178390 -0.865569 0.467940
0.394003 -1.532774 -51.964415 24.809226 -0.275638 0.732720 -0.622210 0.822498 0.514786 0.241851 -0.497514 0.445103 0.744556
0.233604 -1.411360 -52.401250 -9.067878 -0.260269 0.743714 -0.615751 0.831717 0.496606 0.248254 -0.490416 0.447517 0.747811
-0.317607 -1.499782 -50.177208 25.451362 -0.234058 0.761757 -0.604105 0.837656 0.473415 0.272415 -0.493507 0.442271 0.748897
-0.758236 -1.871942 -21.563748 40.140176 -0.185383 0.775079 -0.604057 0.832585 0.450400 0.322401 -0.521954 0.443161 0.728816
-0.257028 -2.037679 -52.762534 40.437747 -0.259237 0.747593 -0.611475 0.813016 0.510674 0.279673 -0.521346 0.424637 0.740190
-0.596087 -1.552455 -1.416024 22.034986 -0.272039 0.710033 -0.649498 0.815701 0.528229 0.235810 -0.510517 0.465647 0.722873
1.043983 -11.454157 73.456579 136.853369 0.930922 -0.054636 0.361109 0.277877 -0.535666 -0.797399 -0.237001 -0.842660 0.483481
0.286865 -9.004239 58.457688 139.177805 0.924304 -0.054085 0.377805 0.338096 -0.343229 -0.876290 -0.177068 -0.937693 0.298962
1.774049 -10.045695 74.548373 125.808356 0.907005 -0.056026 0.417375 0.359207 -0.414372 -0.836222 -0.219799 -0.908382 0.355712
-0.359936 -10.393476 45.530575 141.200018 0.938888 -0.084877 0.333594 0.263111 -0.447922 -0.854482 -0.221950 -0.890035 0.398216
2.946828 -12.318318 102.829554 106.272896 0.911684 -0.055002 0.407194 0.291581 -0.611633 -0.735449 -0.289505 -0.789227 0.541579
0.438297 -12.071551 52.276391 95.116091 0.944606 -0.091483 0.315200 0.184760 -0.645526 -0.741053 -0.271264 -0.758239 0.592865
2.386241 -7.102826 -52.055117 3.551132 -0.142705 0.925641 -0.350463 0.950723 0.226664 0.211538 0.275245 -0.303005 -0.912375
2.494628 -7.748646 -81.951456 -58.013611 -0.149498 0.916720 -0.370506 0.984593 0.172397 0.029271 0.090707 -0.360421 -0.928369
1.863413 -7.166633 -36.459250 -6.224768 -0.158227 0.916031 -0.368581 0.963548 0.224799 0.145052 0.215729 -0.332194 -0.918209
1.626281 -7.466461 -14.655134 -37.519354 -0.170663 0.922806 -0.345404 -0.905241 -0.285277 -0.314890 0.389118 -0.258934 -0.884048
2.829814 -7.043621 -62.954834 -46.854553 -0.119821 0.939404 -0.321189 -0.914721 -0.230217 -0.332092 0.385912 -0.254007 -0.886878
-0.528161 -8.602265 10.980495 -52.661998 -0.055244 0.751629 -0.657268 0.645100 0.529305 0.551074 -0.762099 0.393560 0.514117
-0.488251 -9.006693 7.725649 -38.218732 -0.047534 0.748564 -0.661357 0.640121 0.531107 0.555131 -0.766802 0.396961 0.504417
-0.541532 -8.383681 3.642091 -10.724674 -0.036976 0.775255 -0.630566 0.558265 0.539378 0.630407 -0.828839 0.328713 0.452741
-0.431770 -8.484441 4.301884 -4.623345 -0.027957 0.766780 -0.641301 0.549421 0.547742 0.630964 -0.835078 0.334704 0.436598
0.997793 -9.669957 -22.422383 -137.580678 -0.059990 0.814981 -0.576374 0.749354 0.418229 0.513374 -0.659446 0.401111 0.635800
0.960822 -9.121003 -5.076786 -81.353188 -0.061034 0.788115 -0.612494 0.703307 0.469385 0.533889 -0.708262 0.398186 0.582935
0.926902 -11.025296 -11.102895 -84.790663 -0.066837 0.803753 -0.591197 0.844762 0.360890 0.395139 -0.530951 0.473011 0.703101
0.986576 -9.998079 6.918311 -56.884977 -0.033762 0.773143 -0.633333 0.780281 0.416369 0.466688 -0.624517 0.478421 0.617327
-0.090046 -15.540626 22.303275 169.266917 0.189013 -0.716978 0.670982 0.939718 -0.066221 -0.335476 0.284962 0.693944 0.661240
0.242282 -12.984778 22.918614 246.258689 0.182425 -0.710994 0.679124 0.831225 -0.257398 -0.492759 0.525154 0.654396 0.544040
0.033259 -13.574973 21.034299 236.066808 0.173944 -0.711218 0.681111 0.876308 -0.203746 -0.436546 0.449253 0.672797 0.587806
-0.169384 -15.894767 5.287265 183.093837 0.172249 -0.702048 0.690984 0.950687 -0.065191 -0.303224 0.257924 0.709139 0.656199
-1.458015 -12.487974 3.315667 121.746466 -0.348974 0.757600 -0.551598 0.616879 -0.257384 -0.743783 0.705462 0.599830 0.377527
-1.187157 -14.252612 7.681812 96.751575 0.321117 -0.766582 0.556090 0.758141 -0.143809 -0.636035 0.567544 0.625837 0.534998
-1.110243 -13.234705 -22.041859 118.484872 -0.285285 0.793186 -0.538022 0.674014 -0.233062 -0.700990 0.681408 0.562617 0.468130
-1.757190 -15.354129 22.913888 100.714243 0.332534 -0.752932 0.567903 0.766534 -0.135018 -0.627850 0.549406 0.644099 0.532250
-1.443609 -9.376545 31.284502 196.565915 -0.391932 0.746834 -0.537242 0.388711 -0.394849 -0.832465 0.833842 0.535102 0.135549
-1.596724 -12.545881 -5.447117 183.614245 -0.371797 0.748645 -0.548905 0.548872 -0.299587 -0.780377 0.748670 0.591420 0.299525
0.625910 -3.657166 -3.091541 -16.842676 0.129224 0.785900 -0.604700 0.898811 -0.350415 -0.263342 -0.418856 -0.509480 -0.751658
0.592933 -3.756792 -21.311528 -6.656334 0.140437 0.774051 -0.617351 0.930838 -0.315688 -0.184068 -0.337369 -0.548804 -0.764851
0.497160 -3.906901 5.987046 10.474547 0.120160 0.802429 -0.584525 0.907513 -0.327483 -0.263010 -0.402469 -0.498861 -0.767565
0.131481 -4.295211 22.522188 41.771277 0.055739 0.839745 -0.540112 0.914301 -0.260287 -0.310329 -0.401181 -0.476527 -0.782288
0.234855 -4.385830 26.832408 -35.911521 0.041010 0.845729 -0.532034 -0.878030 0.284630 0.384772 -0.476846 -0.451363 -0.754248
-3.101288 -4.796020 59.001286 -15.520208 0.611927 -0.759307 0.221356 0.754335 0.476173 -0.451927 0.237747 0.443523 0.864155
-2.893385 -4.503071 60.366585 -26.125569 0.477708 -0.833090 0.278847 0.863455 0.386711 -0.323884 0.161991 0.395494 0.904071
-2.130472 -4.525469 49.770926 -16.448218 0.557092 -0.804646 0.205410 0.792825 0.441716 -0.419900 0.247138 0.396778 0.884020
-0.913532 -4.827520 23.211648 -50.927441 0.040007 0.783356 -0.620285 -0.646548 0.493600 0.581665 -0.761823 -0.377773 -0.526225
-1.288684 -4.673678 51.042446 8.401379 -0.068207 0.857938 -0.509205 -0.699010 0.323077 0.637970 -0.711852 -0.399454 -0.577671
-1.930781 -4.191837 46.966293 8.159285 -0.010426 0.802541 -0.596505 -0.695258 0.422928 0.581161 -0.718685 -0.420784 -0.553564
-0.675809 -4.236974 71.952727 -47.138725 -0.177961 -0.595489 0.783405 -0.617118 0.687641 0.382510 -0.766482 -0.415382 -0.489860
-2.283301 -3.998862 22.264597 41.355069 -0.027279 0.776120 -0.629994 -0.737203 0.410019 0.537044 -0.675121 -0.479084 -0.560973
-1.642259 -3.640339 53.625975 -9.763506 -0.184009 -0.574710 0.797402 -0.663851 0.670937 0.330372 -0.724874 -0.468564 -0.504980
-0.600142 -6.492674 8.965772 -32.404083 -0.120307 0.888057 -0.443712 0.772210 0.364600 0.520345 -0.623873 0.280038 0.729631
-0.451780 -5.897347 -0.201070 -78.731751 -0.116167 0.896155 -0.428266 0.669731 0.389089 0.632511 -0.733461 0.213345 0.645382
-0.648984 -6.509802 12.332197 -47.740683 -0.101781 0.896466 -0.431264 0.769971 0.345491 0.536452 -0.629909 0.277460 0.725418
-0.820070 -7.272012 33.098508 -0.181125 -0.112000 0.882677 -0.456439 0.860834 0.315642 0.399169 -0.496408 0.348211 0.795190
-0.741734 -7.343900 14.453792 -8.517037 -0.129358 0.881062 -0.454969 0.860991 0.327405 0.389230 -0.491895 0.341374 0.800939
-0.583086 -7.147411 0.234671 -8.940925 -0.141521 0.873149 -0.466457 0.831069 0.360811 0.423250 -0.537863 0.327759 0.776710
-0.646886 -14.200858 -1.939543 258.259094 -0.307245 0.785000 -0.537937 0.244004 -0.481396 -0.841855 0.919816 0.389915 0.043637
-0.264489 -10.856147 -7.157479 91.388538 -0.307026 0.827092 -0.470802 0.056009 -0.478135 -0.876499 0.950052 0.295477 -0.100475
-0.426521 -12.213090 5.800001 112.197828 -0.308156 0.795711 -0.521425 0.100761 -0.517715 -0.849599 0.945985 0.314348 -0.079361
1.884382 -5.878452 -92.055096 -5.574378 -0.398520 0.796732 -0.454312 0.292416 0.579872 0.760422 -0.869296 -0.170195 0.464068
1.938355 -5.813215 -97.748380 -4.449212 -0.396758 0.778034 -0.487078 0.160622 0.581290 0.797686 -0.903761 -0.238253 0.355601
3.439589 -5.916375 -84.949493 -1.511100 -0.369466 0.773419 -0.515091 0.273357 0.620245 0.735236 -0.888128 -0.130840 0.440579
3.334247 -5.850141 -66.315593 0.329523 -0.377092 0.777558 -0.503195 0.393451 0.626331 0.672982 -0.838449 -0.055794 0.542116
1.924099 -5.926050 -95.202151 -2.504136 -0.411752 0.801862 -0.432986 0.406099 0.586801 0.700534 -0.815809 -0.112611 0.567252
-0.897130 -12.228896 -7.336299 102.879737 -0.335404 0.924742 -0.179882 -0.225092 0.106748 0.968472 -0.914788 -0.365319 -0.172349
-0.947555 -14.733076 -2.723244 -219.687127 -0.311142 0.920390 -0.236796 -0.120085 0.209092 0.970495 -0.942746 -0.330398 -0.045468
-0.945183 -14.976390 10.702809 -56.515576 -0.298680 0.931038 -0.209662 -0.199330 0.153986 0.967758 -0.933305 -0.330842 -0.139591
-0.893591 -11.558868 -25.567506 -127.390368 -0.352918 0.914232 -0.199070 -0.170499 0.146360 0.974427 -0.919989 -0.377834 -0.104223
-0.915004 -11.258163 -23.770892 184.106365 -0.371062 0.915007 -0.158353 -0.230907 0.074254 0.970138 -0.899442 -0.396546 -0.183729
3.907605 -273.411271 440.483847 -15789.021485 0.348585 0.711785 0.609796 0.927454 -0.168002 -0.334072 -0.135341 0.682010 -0.718711
15.549193 -116.123857 164.258860 -812.220475 0.238226 0.700730 0.672477 -0.486179 0.685452 -0.542021 0.840761 0.197821 -0.503972
-6.964773 -62.783595 248.007310 2443.130572 0.094533 0.712956 0.694808 -0.816271 0.455039 -0.355866 0.569882 0.533510 -0.624981
0.626848 -14.893389 -19.034989 -50.765476 -0.231727 0.846920 -0.478570 -0.110100 0.465966 0.877926 -0.966530 -0.256130 0.014731
0.886757 -14.718968 -9.917005 -61.953939 -0.211482 0.843524 -0.493702 -0.140251 0.473709 0.869442 -0.967267 -0.253114 -0.018125
1.021816 -14.992551 -17.671085 31.269904 -0.221569 0.839981 -0.495317 0.139883 0.530067 0.836338 -0.965060 -0.116020 0.234945
0.733608 -15.020534 -32.265253 21.736600 -0.254091 0.843297 -0.473590 0.149539 0.518026 0.842192 -0.955550 -0.143173 0.257731
-2.063236 -10.688747 1.966705 35.790893 -0.196226 0.719363 -0.666342 -0.051189 0.671112 0.739587 -0.979222 -0.179236 0.094866
-1.972829 -10.164917 6.692512 42.859262 -0.200613 0.712896 -0.671963 0.112863 0.698158 0.706992 -0.973148 -0.065992 0.220519
-1.846120 -10.362625 6.746985 45.850482 -0.164052 0.728943 -0.664627 0.114221 0.683261 0.721185 -0.979816 -0.042398 0.195351
-1.910833 -10.802838 4.188544 19.530295 -0.159010 0.741345 -0.652015 -0.072149 0.649926 0.756565 -0.984637 -0.167343 0.049858
-2.070715 -11.018361 2.749817 6.638316 -0.178300 0.740546 -0.647920 -0.257392 0.600442 0.757112 -0.949715 -0.301763 -0.083551
-2.106259 -11.093725 -0.082623 12.241592 -0.231700 0.699703 -0.675818 -0.243393 0.630929 0.736674 -0.941847 -0.335177 -0.024116
1.047782 -1.772628 30.409543 11.442461 -0.237771 0.669833 -0.703412 0.811905 0.534573 0.234609 -0.533174 0.515320 0.670947
0.545835 -2.106360 -24.401080 -21.216935 0.139285 -0.718176 0.681779 0.839711 0.450583 0.303086 -0.524867 0.530282 0.665820
0.884380 -2.007085 -26.063160 -26.696919 0.158430 -0.717569 0.678229 0.841971 0.456977 0.286805 -0.515737 0.525611 0.676571
-8.304007 -57.388052 -545.204057 2111.687860 0.876554 0.434817 0.206367 0.481173 -0.781664 -0.396830 0.011239 -0.447141 0.894393
0.286196 -14.059733 -145.608412 421.059711 -0.610872 -0.640497 -0.465401 0.791444 -0.478239 -0.380661 0.021239 -0.600874 0.799061
65.959817 -345.524207 2408.391178 17043.387930 0.783869 0.554141 0.280138 0.606705 -0.587531 -0.535460 0.132130 -0.589691 0.796747
-4.445229 -6.922343 13.369345 11.179034 0.517419 0.758414 0.396341 0.251551 0.307894 -0.917564 0.817924 -0.574465 0.031469
-4.433151 -6.891071 4.646244 1.678471 0.459012 0.767145 0.448104 0.166100 0.421383 -0.891542 0.872765 -0.483658 -0.065997
-4.184525 -6.954576 3.439783 6.525165 0.416753 0.785986 0.456665 0.261072 0.377714 -0.888355 0.870723 -0.489447 0.047786
-4.178909 -6.987229 14.583824 2.805436 0.525698 0.755006 0.391928 0.384313 0.200240 -0.901225 0.758910 -0.624396 0.184893
-4.804918 -7.047882 41.296756 0.362277 0.581601 0.727761 0.363460 0.320093 0.206015 -0.924715 0.747850 -0.654157 0.113133
-4.089061 -6.922371 1.856677 7.820835 0.455058 0.781852 0.426181 0.334947 0.293165 -0.895469 0.825065 -0.550238 0.128472
-0.159132 -1.330556 -27.761868 71.176775 0.156407 0.984884 -0.074433 -0.557061 0.025732 -0.830073 0.815610 -0.171293 -0.552665
-0.175871 -1.853227 70.154218 141.441764 -0.550998 -0.013896 -0.834391 0.052940 0.997265 -0.051567 0.832825 -0.072586 -0.548756
-0.058557 -2.854479 -63.944125 -57.953708 0.294018 0.949862 0.106374 -0.538586 0.256590 -0.802550 0.789606 -0.178673 -0.587025
-0.253952 -2.012281 -100.646623 93.301485 0.114497 0.975625 -0.187208 -0.588617 -0.085181 -0.803912 0.800263 -0.202239 -0.564516
2.053282 -5.221815 -112.220546 -8.407236 0.582766 -0.635958 0.505907 0.735701 0.148471 -0.660833 0.345150 0.757307 0.554398
0.254639 -5.771335 -150.948110 -7.271260 0.631939 -0.590298 0.502197 0.680998 0.113584 -0.723423 0.369993 0.799154 0.473770
2.261535 -5.563380 -92.660644 -7.097197 0.557693 -0.642884 0.525051 0.704423 0.031980 -0.709060 0.439052 0.765296 0.470697
2.838918 -5.590541 -77.158749 14.993439 0.519746 -0.650194 0.554176 0.673788 -0.086833 -0.733805 0.525236 0.754790 0.392962
3.625038 -5.197907 1.791029 -1.346593 0.465098 -0.732083 0.497733 0.709163 -0.028423 -0.704471 0.529879 0.680622 0.505947
3.520548 -5.111141 -53.182412 -6.986402 0.520507 -0.692271 0.499833 0.737741 0.069891 -0.671457 0.429896 0.718245 0.547095
-0.115006 -6.350819 -98.909924 -14.683500 0.037965 0.757106 -0.652188 -0.774296 -0.390283 -0.498141 0.631684 -0.523899 -0.571407
1.692507 -5.890425 -94.693227 -14.942864 -0.029001 0.743974 -0.667578 -0.770294 -0.442258 -0.459407 0.637029 -0.500909 -0.585905
0.476524 -6.444731 -79.878194 36.875309 0.041470 0.770688 -0.635862 0.836215 0.321537 0.444251 0.546831 -0.550140 -0.631127
-0.905147 -6.599542 -55.507598 11.504481 0.066520 0.796089 -0.601513 0.857420 0.262708 0.442509 0.510299 -0.545185 -0.665107
-0.142793 -6.569862 -55.670104 12.184183 0.061791 0.793164 -0.605865 0.906645 0.209218 0.366364 0.417345 -0.571942 -0.706191
1.310956 -6.282561 -68.380136 36.005552 0.006010 0.775805 -0.630944 0.893263 0.279451 0.352120 0.449494 -0.565715 -0.691318
0.858059 -12.211535 5.873233 83.347673 0.328142 -0.706858 0.626638 0.760953 -0.195256 -0.618729 0.559709 0.679873 0.473814
0.936215 -11.566544 21.566904 45.629093 0.329305 -0.706471 0.626463 0.808863 -0.131223 -0.573167 0.487133 0.695470 0.528227
1.194987 -11.045374 6.814984 37.442872 0.380688 -0.702695 0.601079 0.671389 -0.236935 -0.702209 0.635856 0.670881 0.381584
-0.830249 -15.455872 -7.614685 197.785241 -0.375328 0.617563 -0.691191 0.563466 -0.440078 -0.699170 0.735959 0.651880 0.182802
-0.972027 -13.410778 1.671071 138.373740 -0.384132 0.612040 -0.691267 0.418812 -0.551739 -0.721235 0.822824 0.566560 0.044389
-0.836034 -13.889028 4.889532 160.644608 -0.403073 0.608949 -0.683164 0.419373 -0.540596 -0.729302 0.813424 0.580463 0.037477
-0.735940 -16.318107 15.432963 216.835359 -0.409993 0.587636 -0.697560 0.577373 -0.424840 -0.697245 0.706078 0.688618 0.165104
0.416516 -4.174456 1.579677 -89.526462 -0.230427 0.822946 -0.519292 0.906279 -0.012835 -0.422486 -0.354348 -0.567975 -0.742860
0.605028 -3.917174 6.180233 -77.349969 -0.287865 0.814680 -0.503419 0.893724 0.039664 -0.446860 -0.344080 -0.578553 -0.739517
0.356585 -5.531464 1.768174 -22.920081 -0.202475 0.822172 -0.532012 0.949054 0.030794 -0.313606 -0.241455 -0.568406 -0.786520
0.746012 -1.680902 12.058872 -171.923351 -0.371284 0.818545 -0.438329 0.822703 0.071149 -0.564001 -0.430474 -0.570019 -0.699836
0.312424 -5.664885 3.145409 -26.504870 -0.188846 0.825968 -0.531145 0.952034 0.021379 -0.305245 -0.240767 -0.563312 -0.790386
0.353128 -3.995998 5.264890 -115.113778 -0.186033 0.826348 -0.531546 0.914160 -0.052726 -0.401910 -0.360144 -0.560687 -0.745605
0.635839 -1.044929 7.385814 -199.323093 -0.311727 0.826093 -0.469465 0.837777 0.005857 -0.545981 -0.448281 -0.563504 -0.693907
-4.116163 -4.477613 -4.208508 59.029259 0.940514 -0.139887 -0.309620 0.038837 -0.861068 0.507005 0.337528 0.488870 0.804413
-3.250825 -3.950923 62.825005 3.945251 -0.056721 -0.891494 0.449468 0.917618 -0.223940 -0.328372 0.393396 0.393814 0.830752
-4.186042 -4.545809 28.712022 68.369444 0.783428 -0.617875 -0.066867 -0.461529 -0.650472 0.603222 0.416211 0.441720 0.794765
-0.381450 -11.489894 48.909763 3.037789 -0.265935 0.730873 -0.628573 0.311282 -0.552015 -0.773552 0.912350 0.401378 0.080708
-1.405750 -11.639266 40.961989 5.950938 -0.223173 0.714642 -0.662933 0.334102 -0.582813 -0.740746 0.915735 0.386802 0.108695
-0.876805 -11.615199 48.662881 -5.988174 -0.261124 0.727579 -0.634384 0.186548 -0.606761 -0.772684 0.947108 0.320109 -0.022712
0.889777 -1.940537 8.843855 -29.609941 -0.117777 0.639762 -0.759495 0.594490 -0.567199 -0.569971 0.795431 0.518642 0.313529
0.706757 -1.847961 19.058262 -11.523286 -0.157130 0.651611 -0.742101 0.592733 -0.538817 -0.598618 0.789923 0.533928 0.301567
0.873174 -2.189488 9.013558 -34.949201 -0.116618 0.633909 -0.764565 0.577154 -0.583238 -0.571600 0.808266 0.507930 0.297847
-0.432007 -23.187361 27.108247 35.932907 -0.002379 0.940630 -0.339425 0.515921 -0.289609 -0.806196 0.856633 0.177035 0.484602
-1.096997 -22.743679 23.725876 90.395845 0.020135 0.941398 -0.336696 0.338242 -0.323321 -0.883774 0.940844 0.096089 0.324930
-0.652782 -22.678895 28.417361 221.465263 0.002947 0.937361 -0.348346 0.169601 -0.343770 -0.923611 0.985508 0.056358 0.159990
-0.335774 -22.694558 16.423349 96.490733 -0.002500 0.945589 -0.325354 0.239295 -0.315337 -0.918314 0.970944 0.080151 0.225487
-0.609220 -20.303991 6.746376 147.037022 0.005353 0.943785 -0.330516 -0.066698 -0.329448 -0.941815 0.997759 -0.027086 -0.061185
-2.447203 -4.542617 10.701140 34.967285 0.831700 0.470853 -0.294232 -0.475452 0.330299 -0.815382 0.286741 -0.818047 -0.498577
-2.778700 -3.914065 4.962877 42.717007 0.921885 0.344883 -0.176589 -0.326179 0.444795 -0.834125 0.209129 -0.826567 -0.522544
-2.385355 -3.774949 6.779290 38.094533 0.925798 0.360954 -0.112297 -0.297866 0.513656 -0.804632 0.232754 -0.778376 -0.583058
-1.938138 -4.325113 15.716731 39.200055 0.821647 0.509128 -0.256290 -0.489655 0.400297 -0.774597 0.291777 -0.761939 -0.578200
0.740847 -36.962374 -2.585283 -787.473587 0.175993 0.959086 -0.221769 0.924911 -0.083985 0.370791 -0.336995 0.270373 0.901850
0.729357 -43.887178 -1.519486 -1414.232452 0.167554 0.959835 -0.225040 0.871648 -0.037583 0.488689 -0.460603 0.278037 0.842936
0.803820 -26.560998 -0.854813 -197.385005 0.225061 0.952047 -0.207252 0.751881 -0.034416 0.658399 -0.619695 0.304009 0.723572
0.993744 -24.109578 3.109399 -213.407551 0.223333 0.946848 -0.231518 0.830211 -0.060318 0.554176 -0.510756 0.315975 0.799555
-0.532103 -10.966419 -47.194591 20.438393 0.038409 0.986254 -0.160708 -0.154400 -0.153038 -0.976084 0.987262 -0.062303 -0.146399
-1.082966 -10.678428 -62.889575 -2.017992 0.054330 0.987762 -0.146201 0.006146 -0.146746 -0.989155 0.998504 -0.052842 0.014043
-0.245313 -11.784386 -51.475769 -31.684207 0.039911 0.996218 -0.077182 0.079295 -0.080157 -0.993623 0.996052 -0.033536 0.082195
-1.823390 -10.299485 -62.665906 -78.055931 0.065974 0.989543 -0.128268 0.199633 -0.139039 -0.969956 0.977647 -0.038385 0.206719
-1.274056 -11.343009 -107.839146 -12.792034 0.028562 0.999131 0.030370 0.272347 0.021455 -0.961960 0.961775 -0.035746 0.271497
-0.204566 -14.800513 -63.280673 89.227154 -0.019109 0.996327 0.083473 0.268410 0.085536 -0.959500 0.963115 -0.004070 0.269059
2.458182 -5.605375 -29.171369 -15.992283 -0.139694 0.711279 -0.688889 -0.175680 -0.702476 -0.689683 0.974486 -0.024680 -0.223089
2.650572 -5.460845 -0.758260 -12.204243 -0.193058 0.741289 -0.642821 -0.144995 -0.669507 -0.728517 0.970415 0.047440 -0.236737
3.111893 -5.683916 6.191300 -12.896858 -0.195897 0.740297 -0.643106 -0.256787 -0.671654 -0.694939 0.946406 -0.029005 -0.321674
2.049131 -5.156380 21.611961 -3.380968 -0.357557 0.782201 -0.510210 0.863461 0.485033 0.138486 0.355792 -0.391029 -0.848827
1.992675 -5.385354 21.380486 7.098798 -0.251880 0.805114 -0.536980 0.916349 0.376859 0.135208 0.311223 -0.458005 -0.832689
2.561577 -5.295029 31.945446 13.402801 -0.274073 0.803749 -0.528082 0.874814 0.436452 0.210261 0.399480 -0.404347 -0.822751
3.394969 0.932852 -221.873422 -9.627803 0.895848 -0.307149 -0.321117 0.010692 0.737340 -0.675437 -0.444232 -0.601656 -0.663828
1.205329 -0.828729 31.745285 -152.774280 -0.547325 0.774061 -0.318221 0.717022 0.237593 -0.655308 -0.431641 -0.586838 -0.685060
2.758943 0.717362 -244.780718 -16.098523 0.878964 -0.351234 -0.322579 0.046534 0.736366 -0.674982 -0.474613 -0.578274 -0.663583
-0.162670 -8.605619 0.687043 -91.453576 0.297542 -0.654460 0.695090 0.809463 0.558967 0.179793 -0.506199 0.509154 0.696078
-0.089144 -8.336117 2.478357 -105.364315 0.287726 -0.663938 0.690218 0.822435 0.540573 0.177149 -0.490729 0.516689 0.701582
-0.208793 -9.360251 -14.764118 -51.865227 0.323241 -0.628685 0.707297 0.876516 0.480635 0.026640 -0.356700 0.611346 0.706414
-0.150694 -54.874240 110.325347 2148.955323 -0.267697 0.788727 -0.553397 -0.254222 0.496186 0.830163 -0.929360 -0.362917 -0.067684
0.973742 -52.559954 99.331460 1989.677744 -0.222692 0.769117 -0.599056 0.095054 0.628689 0.771826 -0.970244 -0.114937 0.213112
3.940872 -197.881605 285.273007 8538.339293 -0.252733 0.800956 -0.542766 -0.031536 0.553861 0.832012 -0.967022 -0.227393 0.114720
-1.391887 -51.785061 -43.450338 2206.848347 0.336437 0.759781 0.556366 0.834997 0.032490 -0.549294 -0.435419 0.649367 -0.623484
-1.482505 -8.896988 -36.602682 385.559855 0.225028 0.719713 0.656792 0.922532 0.059526 -0.381303 -0.313525 0.691716 -0.650563
-0.544984 -13.580448 -53.509561 512.408732 0.270591 0.751459 0.601739 0.880515 0.059510 -0.470268 -0.389196 0.657090 -0.645569
-0.393498 -45.677302 -68.449486 1789.900414 0.332363 0.782670 0.526272 0.739448 0.130127 -0.660518 -0.585450 0.608682 -0.535494
-1.921887 -61.881779 -118.665224 -2308.347802 0.312300 0.812129 0.492864 -0.567257 -0.256745 0.782497 -0.762029 0.523954 -0.380505
1.778680 -17.288697 -5.236598 -422.922295 0.631472 0.609881 0.478841 0.707869 -0.201365 -0.677033 -0.316488 0.766484 -0.558872
4.562976 -187.730100 13.153523 -8709.024555 0.637479 0.603174 0.479378 0.736507 -0.294373 -0.609018 -0.226228 0.741301 -0.631897
1.682257 -17.972341 11.883720 -434.771674 0.643172 0.582601 0.496896 0.710083 -0.210959 -0.671773 -0.286550 0.784903 -0.549378
1.922502 -10.516403 12.309183 79.631916 0.554316 0.607752 0.568657 0.748845 -0.065970 -0.659454 -0.363270 0.791382 -0.491680
-0.102302 -6.027538 19.043593 -1.591704 -0.254811 0.832958 -0.491174 0.179807 -0.458269 -0.870436 0.950127 0.310113 0.033000
0.003544 -6.444747 1.376638 21.289273 -0.248888 0.858502 -0.448363 0.257666 -0.387556 -0.885104 0.933629 0.335819 0.124749
-0.121318 -6.733741 35.516589 3.073194 -0.272101 0.840798 -0.467996 0.266687 -0.401404 -0.876215 0.924575 0.363227 0.115008
-3.350130 -10.521299 -149.373088 -254.833714 0.526553 -0.499159 0.688173 0.803501 0.556638 -0.211045 -0.277719 0.664074 0.694174
-2.892935 -7.223984 -133.095075 -190.849317 0.427893 -0.557547 0.711372 0.810343 0.585251 -0.028727 -0.400314 0.588747 0.702229
-4.175231 -5.328268 6.371299 -63.145295 -0.121861 -0.829597 0.544902 0.910592 0.124999 0.393951 -0.394933 0.544191 0.740192
-15.553985 -19.327262 203.200250 -162.637763 0.730640 -0.188280 0.656290 -0.548680 0.410157 0.728506 0.406345 0.892369 -0.196371
-13.930729 -19.296491 -37.029462 167.379656 0.742350 -0.022933 0.669620 -0.662720 0.121922 0.738876 0.098586 0.992275 -0.075311
-17.433775 -20.986869 379.629726 397.077633 0.821514 -0.445328 0.356087 -0.419878 -0.049958 0.906205 0.385769 0.893973 0.228024
-17.418596 -19.860675 513.482563 90.742838 0.714687 -0.614815 0.333504 -0.269483 0.197964 0.942438 0.645447 0.763422 0.024200
-10.484286 -17.800669 397.450565 137.440046 0.460426 -0.519282 0.719968 0.625704 -0.385469 -0.678166 0.629684 0.762732 0.147437
0.950816 -1.501320 -21.935016 -6.806620 -0.256868 0.719562 -0.645175 0.824762 0.511193 0.241764 -0.503772 0.470014 0.724776
0.765708 -1.892828 -26.019562 -41.516056 -0.217168 0.744066 -0.631826 0.843530 0.468776 0.262118 -0.491218 0.476040 0.729445
-0.144713 -1.939118 -53.228686 -40.274396 -0.239088 0.756469 -0.608763 0.845315 0.470648 0.252850 -0.477786 0.454143 0.751981
1.127797 -7.400744 66.052420 96.301243 0.895810 -0.041048 0.442538 0.423381 -0.224040 -0.877812 -0.135179 -0.973715 0.183318
-0.107875 -6.891496 49.123764 86.928114 0.912072 -0.049883 0.406984 0.387720 -0.218022 -0.895623 -0.133408 -0.974668 0.179512
-0.766082 -7.992691 43.152869 108.286917 0.933797 -0.076573 0.349513 0.316508 -0.278793 -0.906696 -0.166870 -0.957294 0.236100
2.740725 -7.083265 -54.462243 -1.056248 -0.143493 0.921607 -0.360626 0.989596 0.129773 -0.062115 -0.010446 -0.365787 -0.930640
3.434205 -7.393131 -48.968443 -32.284526 -0.137070 0.941604 -0.307562 0.989709 0.143062 -0.003093 0.041088 -0.304821 -0.951523
3.898043 -6.840158 -38.209041 22.296368 -0.134070 0.952409 -0.273757 0.990309 0.118666 -0.072150 -0.036231 -0.280777 -0.959089
4.677753 -7.335588 -46.400222 -34.846294 -0.136277 0.963886 -0.228807 0.989807 0.142121 0.009178 0.041365 -0.225224 -0.973429
-0.563677 -8.989181 13.740751 -22.999147 -0.063373 0.731807 -0.678559 0.765138 0.472161 0.437753 -0.640740 0.491450 0.589856
-0.370040 -9.423326 -1.739546 -31.713759 -0.072205 0.740119 -0.668588 0.759389 0.475382 0.444231 -0.646618 0.475643 0.596363
-0.578167 -8.729600 11.768148 -7.556912 -0.076844 0.737929 -0.670489 0.776986 0.465738 0.423534 -0.624811 0.488415 0.609149
-0.610391 -9.407833 -10.150330 8.074570 0.089198 -0.729088 0.678583 0.862463 0.397318 0.313521 -0.498198 0.557287 0.664251
-0.506905 -9.630776 -1.708991 -0.800920 0.083537 -0.729947 0.678380 0.877279 0.376763 0.297374 -0.472655 0.570287 0.671841
1.183991 -11.020594 11.890279 -15.895944 0.052520 -0.782875 0.619958 0.954400 0.222044 0.199543 -0.293876 0.581208 0.758838
1.080123 -11.861079 30.082464 -35.783633 0.100623 -0.791528 0.602792 0.987910 0.151304 0.033767 -0.117932 0.592107 0.797183
0.947932 -12.135596 6.424510 -55.552026 0.085747 -0.788854 0.608569 0.950321 0.248207 0.187838 -0.299228 0.562229 0.770948
0.130515 -10.175485 -16.113489 253.830519 -0.165740 0.698903 -0.695748 0.762839 -0.356255 -0.539592 0.624986 0.620175 0.474105
0.624126 -12.704375 18.897210 273.763081 0.203319 -0.700159 0.684425 0.797553 -0.287052 -0.530576 0.567954 0.653742 0.500051
0.526322 -8.554223 -22.423027 190.712475 -0.158611 0.688592 -0.707590 0.699430 -0.427468 -0.572773 0.696879 0.585758 0.413821
-0.979436 -8.427100 -48.421646 97.748820 -0.275249 0.817203 -0.506377 0.413034 -0.375112 -0.829876 0.868125 0.437573 0.234283
-1.059656 -11.100208 -48.366590 73.700266 -0.272859 0.809351 -0.520094 0.572646 -0.297772 -0.763811 0.773061 0.506243 0.382222
-0.719212 -10.386537 -39.950892 91.275477 -0.259843 0.806497 -0.531078 0.541633 -0.333586 -0.771592 0.799447 0.488142 0.350146
-0.547324 -8.129554 -43.139668 98.499084 -0.254262 0.816470 -0.518390 0.383389 -0.407000 -0.829074 0.887899 0.409547 0.209541
-0.800309 -6.840652 -52.962292 104.656841 -0.260978 0.807580 -0.528872 0.281597 -0.460344 -0.841895 0.923360 0.368644 0.107272
-1.197680 -7.180053 -38.166100 136.966148 -0.303221 0.809261 -0.503143 0.250144 -0.441888 -0.861488 0.919503 0.387080 0.068442
-0.404719 -4.712232 35.821107 48.316045 0.012452 0.852479 -0.522613 0.921542 -0.212630 -0.324883 -0.388079 -0.477565 -0.788243
-0.309234 -4.909643 25.230614 -24.264311 -0.032799 0.861008 -0.507533 -0.871955 0.223540 0.435575 -0.488487 -0.456832 -0.743428
-0.992024 -5.197761 38.585606 -11.507789 -0.072040 0.861689 -0.502298 -0.869376 0.192591 0.455075 -0.488872 -0.469469 -0.735257
-0.372556 -4.534793 50.899485 38.622323 0.072156 0.839861 -0.537984 0.946656 -0.227514 -0.228208 -0.314062 -0.492820 -0.811476
-1.283660 -5.053062 53.230975 34.497908 -0.011591 0.853870 -0.520357 0.923402 -0.190526 -0.333209 -0.383659 -0.484361 -0.786257
-1.865452 -4.087602 41.681377 -27.839422 0.435990 -0.863083 0.254952 0.884733 0.359179 -0.297049 0.164804 0.355075 0.920196
-3.653531 -4.520195 69.275185 -11.415843 0.299098 -0.881902 0.364402 0.949906 0.238896 -0.201514 0.090662 0.406420 0.909177
-2.476474 -4.073766 49.269772 -7.469901 0.184847 -0.923953 0.334876 0.979956 0.147531 -0.133872 0.074287 0.352909 0.932704
-0.751386 -5.061927 29.714877 -41.112055 -0.036516 0.842805 -0.536979 -0.653572 0.386348 0.650829 -0.755983 -0.374721 -0.536726
-0.581671 -4.911347 22.428262 12.983649 -0.069990 0.858771 -0.507557 -0.706040 0.316793 0.633364 -0.704705 -0.402685 -0.584154
535.224506 -211.674765 -24116.715484 8644.524866 -0.198976 0.875630 -0.440093 0.205435 -0.401826 -0.892374 0.958230 0.267972 0.099932
-7.294031 -84.226143 144.146554 3850.090013 -0.045619 -0.196707 -0.979400 -0.081385 0.977894 -0.192614 0.995638 0.070921 -0.060619
-1.058086 -17.582991 -24.665037 -464.281406 -0.136462 0.672544 -0.727367 -0.179695 0.705250 0.685807 0.974211 0.224291 0.024613
3.255915 -5.897698 -61.611877 -0.009780 -0.353372 0.767291 -0.535157 0.176620 0.616498 0.767291 -0.918659 -0.176620 0.353372
2.784592 -5.945225 -54.956263 4.872482 -0.358038 0.761762 -0.539932 0.074818 0.599814 0.796634 -0.930704 -0.244829 0.271750
-0.876900 -21.165766 17.571819 -397.114849 -0.265280 0.933197 -0.242425 0.005092 0.252786 0.967509 -0.964158 -0.255426 0.071811
-0.972744 -17.882892 -20.676004 -503.528921 -0.332255 0.919954 -0.208066 -0.055307 0.201216 0.977984 -0.941567 -0.336448 0.015975
106.308055 -578.692317 -1377.793088 -8181.305818 0.058207 0.952165 0.299991 0.394936 0.254023 -0.882892 0.916863 -0.169868 0.361258
-8.666676 -301.911987 536.950632 9285.146281 0.059842 0.994235 0.088972 0.316786 0.065609 -0.946225 0.946607 -0.084810 0.311033
-14.436599 -219.080084 -699.679203 6086.312350 0.202025 0.930071 0.306846 -0.764421 0.345603 -0.544259 0.612247 0.124605 -0.780786
0.224672 -3.677848 -36.676878 0.828888 0.077254 0.777126 -0.624586 0.960225 -0.226594 -0.163167 -0.268329 -0.587137 -0.763721
0.462759 -3.415207 -25.212950 7.901377 0.154214 0.771114 -0.617738 0.953816 -0.279310 -0.110545 -0.257783 -0.572162 -0.778575
-1.824953 -9.479908 5.157957 28.162509 -0.191753 0.713723 -0.673669 0.263739 0.698631 0.665099 -0.945343 0.050139 0.322201
-4.821435 -72.796608 83.811952 2562.613771 -0.486970 -0.666788 -0.564140 0.869408 -0.431885 -0.240010 -0.083608 -0.607346 0.790026
-8.503656 -169.766853 -57.677590 7147.513042 -0.476255 -0.682644 -0.554236 0.879077 -0.384059 -0.282351 -0.020114 -0.621687 0.783007
-1.337385 -6.241732 107.021694 -90.377829 -0.015693 -0.819896 -0.572297 0.999305 -0.032210 0.018744 -0.033802 -0.571605 0.819832
-0.597316 -22.652402 37.654275 -841.321727 -0.212877 -0.832321 -0.511786 0.976719 -0.167048 -0.134594 0.026532 -0.528523 0.848504
-0.984978 -58.507403 -91.667587 -19.151346 0.172173 0.774058 0.609255 -0.298808 0.630389 -0.716466 0.938653 0.058694 -0.339831
0.526667 -44.962201 -72.267380 505.780429 0.149209 0.787853 0.597515 -0.557665 0.566056 -0.607116 0.816545 0.242626 -0.523819
-0.985147 -49.372012 -110.846061 1132.964701 0.183927 0.781919 0.595628 -0.698837 0.530154 -0.480170 0.691229 0.327931 -0.643944
-4.303816 -6.772821 12.348384 -3.785130 0.409109 0.780752 0.472289 0.069860 0.489266 -0.869332 0.909807 -0.388646 -0.145620
-4.091720 -6.849879 4.471298 1.532831 0.362507 0.807340 0.465607 0.152691 0.441390 -0.884229 0.919388 -0.391634 -0.036733
-0.633608 -5.440804 -130.362996 -18.221361 0.674619 -0.592030 0.440896 0.679399 0.264447 -0.684459 0.288627 0.761294 0.580626
-2.640813 -6.079323 -120.397556 20.947278 0.732724 -0.588529 0.341686 -0.588368 -0.295558 0.752641 0.341963 0.752515 0.562834
1.748727 -5.787199 -100.539983 -1.684184 -0.044585 0.726046 -0.686200 -0.695965 -0.515346 -0.500051 0.716691 -0.455276 -0.528279
3.207084 -5.400402 -57.178083 6.734949 -0.126924 0.735887 -0.665102 -0.705761 -0.538157 -0.460748 0.696987 -0.410923 -0.587666
2.969994 -5.527689 -67.032566 2.767972 -0.103365 0.745881 -0.658010 -0.782515 -0.469357 -0.409113 0.613991 -0.472615 -0.632179
-0.435122 -6.528458 -39.593069 -21.520135 0.065098 0.802531 -0.593048 0.956623 0.118931 0.265948 0.283964 -0.584636 -0.759977
-1.152649 -6.219660 -17.872930 -29.897142 0.026425 0.812608 -0.582212 0.967005 0.126846 0.220931 0.253382 -0.568840 -0.782444
-1.186448 -6.510640 -32.356249 -13.227617 0.047035 0.813286 -0.579960 0.923057 0.186519 0.336418 0.381778 -0.551160 -0.741936
0.577946 -6.500990 -64.926681 -2.367061 0.044921 0.787695 -0.614426 0.946119 0.163892 0.279281 0.320687 -0.593865 -0.737891
0.399786 -6.303878 -37.267653 -38.754327 0.040742 0.799137 -0.599767 0.983156 0.074974 0.166681 0.178168 -0.596456 -0.782622
-0.773290 -8.833080 3.787859 42.400789 -0.354962 0.664816 -0.657284 0.617277 -0.361353 -0.698851 0.702119 0.653792 0.282109
-0.999667 -8.806874 7.425982 33.882543 -0.339451 0.669868 -0.660341 0.599844 -0.386594 -0.700523 0.724542 0.633894 0.270587
-0.876555 -8.527108 12.369917 -10.600292 -0.362908 0.664081 -0.653678 0.524938 -0.433898 -0.732238 0.769894 0.608876 0.191136
-0.771796 -8.598980 4.537638 2.489648 -0.368855 0.663921 -0.650503 0.535644 -0.420124 -0.732517 0.759626 0.618631 0.200661
-0.824492 -7.907205 16.911506 3.683198 -0.393159 0.672824 -0.626685 0.368733 -0.508991 -0.777794 0.842296 0.536876 0.047978
0.434645 -13.625603 11.433042 58.780427 0.301496 -0.710373 0.635980 0.794063 -0.182156 -0.579900 0.527792 0.679846 0.509161
-0.539574 -15.833055 40.662308 -69.193238 0.245756 -0.724553 0.643916 0.925233 -0.022745 -0.378717 0.289046 0.688844 0.664791
0.201921 -14.147084 7.440406 -41.219674 0.256830 -0.701547 0.664733 0.930163 -0.007287 -0.367074 0.262364 0.712586 0.650681
-0.700320 -16.415490 -0.685862 -93.487137 0.354066 -0.611915 0.707246 0.882411 -0.031942 -0.469394 0.309820 0.790278 0.528650
-0.643756 -16.471640 -25.350956 -89.048323 0.334666 -0.599216 0.727282 0.880789 -0.075440 -0.467460 0.334976 0.797025 0.502536
-0.916598 -16.064058 -16.967788 67.087010 0.354428 -0.604032 0.713811 0.752527 -0.268874 -0.601174 0.555053 0.750235 0.359254
0.466160 -5.187168 3.229382 -19.155495 -0.207323 0.816779 -0.538414 0.950283 0.037433 -0.309130 -0.232337 -0.575736 -0.783931
0.688095 -4.539677 13.361095 -14.421752 -0.271640 0.813377 -0.514422 0.919270 0.061069 -0.388861 -0.284876 -0.578523 -0.764302
1.035893 -3.008401 20.072821 -87.394485 -0.366224 0.804900 -0.466922 0.857450 0.096983 -0.505346 -0.361469 -0.585432 -0.725679
-2.223119 -3.568196 -47.930463 -13.055600 -0.173276 0.938683 -0.298078 0.880346 0.011930 -0.474182 0.441551 0.344576 0.828432
-2.132557 -3.609482 -47.719150 20.314806 0.215951 0.866047 -0.450919 0.906760 -0.349169 -0.236364 0.362149 0.357832 0.860700
-1.904117 -3.776214 52.149841 17.730878 -0.416346 -0.776022 0.473757 0.864320 -0.499512 -0.058630 0.282146 0.385068 0.878702
-1.163570 -3.315010 41.854342 20.013208 -0.344182 -0.826033 0.446327 0.884983 -0.444193 -0.139635 0.313599 0.346932 0.883908
-1.349606 -3.015423 -31.412548 11.974171 0.072455 0.922399 -0.379381 0.913927 -0.213711 -0.345057 0.399358 0.321725 0.858490
-0.014471 -11.780543 39.372448 -7.710008 -0.258212 0.770497 -0.582805 -0.048951 -0.612922 -0.788626 0.964847 0.175104 -0.195980
0.354467 -12.392783 38.534817 -12.245402 -0.248193 0.800555 -0.545446 -0.191224 -0.592474 -0.782565 0.949649 0.089924 -0.300133
0.792006 -12.533746 38.484442 -29.526494 -0.257193 0.783871 -0.565153 0.026027 -0.578995 -0.814916 0.966010 0.224300 -0.128511
0.628279 -2.867707 12.499048 -31.123862 -0.156294 0.656693 -0.737785 0.509277 -0.586436 -0.629865 0.846292 0.474181 0.242782
0.440031 -2.852849 12.383858 -29.159504 -0.183341 0.671059 -0.718377 0.494799 -0.568455 -0.657292 0.849447 0.475961 0.227818
0.711738 -3.510890 13.598666 -36.752403 -0.193734 0.688841 -0.698545 0.435867 -0.577466 -0.690328 0.878912 0.438213 0.188368
0.223091 -2.373102 15.867258 -17.835974 -0.184824 0.666877 -0.721883 0.539846 -0.544902 -0.641598 0.821223 0.508288 0.259300
0.893330 -3.618512 11.393037 -34.968340 -0.158318 0.672359 -0.723097 0.448543 -0.603434 -0.659299 0.879627 0.428719 0.206048
0.891480 -2.857941 5.219172 -36.696338 -0.126384 0.652583 -0.747103 0.522015 -0.596674 -0.609492 0.843521 0.467029 0.265248
0.619731 -2.200499 14.456261 -28.451077 -0.137399 0.636283 -0.759122 0.564708 -0.579320 -0.587787 0.813773 0.509444 0.279716
-1.010748 -21.864649 18.685967 -186.117572 0.015581 0.945720 -0.324608 0.657940 -0.254157 -0.708886 0.752909 0.202527 0.626188
-1.589800 -22.773704 25.826974 -128.677574 0.028449 0.948734 -0.314794 0.591014 -0.269944 -0.760153 0.806159 0.164422 0.568395
0.713147 -28.982617 3.030350 -338.739280 0.204722 0.955604 -0.211921 0.722663 -0.001533 0.691199 -0.660187 0.294651 0.690893
0.640642 -54.029198 28.006323 -1709.647205 0.131544 0.962086 -0.238929 0.903212 -0.016990 0.428858 -0.408539 0.272217 0.871202
-2.223110 -10.825148 -85.290760 27.743567 0.041066 0.983713 -0.174990 -0.020387 -0.174276 -0.984486 0.998948 -0.043996 -0.012899
-2.564576 -12.889284 -32.849508 120.267108 0.067652 0.946058 -0.316855 0.129020 -0.323211 -0.937491 0.989332 -0.022543 0.143926
1.143054 -5.982654 -3.273941 29.593871 -0.093396 0.775167 -0.624815 0.506517 0.577270 0.640468 -0.857157 0.256662 0.446550
1.103833 -5.783171 -5.694261 41.418400 -0.111948 0.776797 -0.619721 0.563495 0.563303 0.604287 -0.818499 0.281561 0.500782
1.168600 -6.143235 -0.964593 21.533786 -0.111647 0.776018 -0.620750 0.451059 0.596175 0.664170 -0.885483 0.205842 0.416591
1.067153 -6.541526 -0.708703 15.597385 -0.104025 0.765962 -0.634414 0.396529 0.616926 0.679829 -0.912109 0.180844 0.367902
0.456669 -36.943892 20.971965 1009.863261 -0.281526 0.737557 -0.613802 -0.060082 0.624870 0.778414 -0.957671 -0.256022 0.131603
-7.666295 -105.075273 -150.545116 -3838.342039 0.617243 0.638270 0.460024 0.777975 -0.407945 -0.477846 -0.117331 0.652834 -0.748359
-4.276206 -116.592075 -91.337743 -4597.811292 0.580987 0.651153 0.488318 0.747875 -0.663824 -0.004616 0.321151 0.367883 -0.872654
-3.280457 -110.484597 -51.878983 -4168.654290 0.585660 0.646679 0.488680 0.737115 -0.675682 0.010745 0.337141 0.353921 -0.872397
1.914605 -223.348640 -315.968489 9132.057432 0.763607 0.560584 0.320388 -0.618056 0.491018 0.613928 -0.186842 0.666818 -0.721418
-2.292658 -97.843354 54.272215 2755.359028 0.513001 0.758256 0.402340 -0.686284 0.643842 -0.338351 0.515600 0.102545 -0.850671
-1.919462 -69.592883 -77.686539 -2531.432325 0.645996 0.645096 0.408095 0.763043 -0.560646 -0.321622 0.021319 0.519160 -0.854411
2.025894 -12.701764 -54.392262 373.379660 0.335758 0.743075 0.578883 0.810751 0.084883 -0.579204 -0.479530 0.663803 -0.573949
