15375
30731
-9.520239 -10.872370 -17.485770 344.355992 -0.046188 0.968515 0.244633 0.359328 0.244610 -0.900583 0.932068 -0.046308 0.359313
-8.299049 -12.493996 46.732374 209.522350 0.126122 0.957626 -0.258931 0.449276 -0.287852 -0.845750 0.884446 0.009664 0.466543
-10.783754 -14.197157 72.290511 429.402180 -0.165194 0.915567 0.366671 0.444290 0.401001 -0.801127 0.880521 -0.030567 0.473020
-7.710340 -11.010066 69.590897 161.831008 0.187787 0.828537 -0.527505 0.345283 -0.558467 -0.754251 0.919519 0.040500 0.390953
-6.615133 -16.793219 -274.609495 776.764666 -0.117527 0.774238 0.621886 0.349404 0.618424 -0.703896 0.929572 -0.134563 0.343204
-6.729203 -9.967365 -251.261649 383.716326 -0.037909 0.893017 0.448424 0.283024 0.439967 -0.852248 0.958363 -0.094607 0.269424
-6.526378 -9.102974 60.888401 153.084333 0.225940 0.754777 -0.615844 0.197715 -0.654564 -0.729695 0.953866 -0.043105 0.297123
-7.091578 -14.944783 19.155400 7.423996 0.140023 0.985438 0.096464 0.987131 -0.146532 0.064031 0.077233 0.086256 -0.993275
-6.147522 -15.306994 -113.081083 28.914887 0.179016 0.983837 -0.004251 -0.982843 0.178637 -0.045912 0.044411 -0.012397 -0.998936
-6.944196 -14.848703 -23.467641 157.121934 0.125167 0.989036 0.078365 -0.987549 0.116613 0.105583 -0.095287 0.090605 -0.991318
-7.180584 -14.443057 27.608010 -58.759918 0.097168 0.980170 0.172698 0.995267 -0.095471 -0.018127 -0.001280 0.173642 -0.984808
-2.631719 -6.742103 -26.006596 -180.330926 -0.168697 0.964555 -0.202915 -0.638442 -0.263772 -0.723060 0.750955 -0.007572 -0.660311
-2.550333 -5.715809 -16.530840 -111.720298 -0.094449 0.986392 -0.134573 -0.627170 -0.163935 -0.761435 0.773135 -0.012483 -0.634119
-1.972626 -7.307301 -26.124603 -117.135842 -0.070599 0.987931 -0.137870 -0.680563 -0.148755 -0.717430 0.729280 -0.043180 -0.682851
-1.111759 -8.542701 -44.897032 -99.783996 -0.029699 0.991609 -0.125812 -0.758492 -0.104334 -0.643276 0.651005 -0.076323 -0.755226
-2.157281 -8.510469 -38.808698 -135.970680 -0.120878 0.977791 -0.171213 -0.717424 -0.205258 -0.665711 0.686069 -0.042363 -0.726302
0.963252 -17.775923 -170.423381 7.452830 0.763966 -0.394400 -0.510690 0.445239 -0.250636 0.859618 0.467031 0.884099 0.015875
-0.141528 -18.094276 -189.271759 -131.240909 0.772835 -0.402481 -0.490648 0.502841 -0.083284 0.860357 0.387140 0.911632 -0.138019
0.665236 -17.559936 -8.510366 -62.136138 0.719238 -0.454550 -0.525434 0.537106 -0.115934 0.835510 0.440697 0.883144 -0.160757
-0.340019 -17.869846 -210.864925 77.399314 0.771520 -0.415227 -0.482020 0.395283 -0.280807 0.874585 0.498506 0.865294 0.052516
-1.393901 -13.529841 -33.484352 5.549835 -0.035744 0.989024 0.143368 0.348328 0.146793 -0.925807 0.936691 -0.016847 0.349752
-1.229718 -13.998466 10.752440 -85.216868 -0.035732 0.988096 0.149631 0.436568 0.150118 -0.887059 0.898961 -0.033627 0.436735
-1.183478 -13.870870 18.456444 102.898800 -0.033309 0.991464 0.126052 0.177254 0.129983 -0.975544 0.983601 0.010151 0.180071
-1.370917 -13.299917 -4.198780 119.287021 -0.049973 0.992651 0.110215 0.154792 0.116717 -0.981028 0.986682 0.031964 0.159487
-1.116748 -12.791790 -3.081607 116.112995 -0.032326 0.994509 0.099534 0.015262 0.100066 -0.994864 0.999361 0.030641 0.018413
-1.081663 -12.858706 -0.229691 94.737760 -0.013688 0.995071 0.098211 -0.010622 0.098070 -0.995123 0.999850 0.014665 -0.009228
-1.182130 -14.184846 5.926396 235.821408 -0.006552 0.989641 0.143415 0.071294 0.143515 -0.987077 0.997434 -0.003757 0.071496
-1.214350 -15.619568 -7.317511 1.666356 0.142718 0.978123 0.151349 0.340824 0.094996 -0.935315 0.929231 -0.185070 0.319810
-1.397553 -16.161755 21.628977 -437.700531 0.131141 0.978960 0.156329 0.534485 0.062991 -0.842827 0.834942 -0.194085 0.514979
-0.891746 -15.582284 -48.154455 -181.414719 0.171213 0.971789 0.162212 0.414635 0.078281 -0.906615 0.893736 -0.222483 0.389534
-1.539416 -15.519044 -3.662663 -41.377535 0.127068 0.978564 0.162069 0.364315 0.105930 -0.925231 0.922566 -0.176611 0.343046
-0.852671 -17.172864 -46.897941 246.758465 0.191648 0.972648 0.131250 0.199713 0.092283 -0.975499 0.960929 -0.213165 0.176565
-1.329573 -17.448501 -15.412742 514.486087 0.150105 0.979059 0.137522 0.155209 0.114038 -0.981278 0.976411 -0.168639 0.134841
-3.266184 -22.182348 -135.651906 -294.416489 0.067554 -0.953162 -0.294819 0.978558 0.120926 -0.166735 0.194577 -0.277234 0.940894
-2.522256 -16.819870 -9.002835 -735.614384 0.052173 -0.934826 -0.351252 0.988111 -0.002611 0.153717 -0.144616 -0.355096 0.923576
-3.872672 -21.154420 -60.355681 -707.517028 -0.034951 -0.931834 -0.361197 0.999383 -0.033793 -0.009522 -0.003333 -0.361307 0.932441
-2.267484 -17.531086 74.034194 -563.811700 0.105445 -0.934250 -0.340672 0.992438 0.077221 0.095411 -0.062830 -0.348157 0.935328
-4.616192 -23.066369 -70.754134 -288.772403 -0.017964 -0.933022 -0.359371 0.970289 0.070469 -0.231459 0.241281 -0.352852 0.904035
-4.688073 -27.372237 212.906759 -206.186467 -0.038058 0.957558 0.285717 0.915726 0.147871 -0.373603 0.399996 -0.247420 0.882489
-3.844853 -27.718277 279.924424 -275.945378 -0.075499 0.965830 0.247936 0.898970 0.173514 -0.402177 0.431455 -0.192523 0.881352
-2.257141 -25.735425 44.584834 -168.096469 -0.068787 0.957613 0.279724 0.891502 0.184849 -0.413588 0.447764 -0.220925 0.866429
-2.398186 -21.386514 -6.684852 -63.387850 0.118324 -0.946197 -0.301181 0.962312 0.184062 -0.200193 0.244858 -0.266143 0.932316
-3.515134 -24.314026 -34.177681 -155.889158 0.015255 0.983622 0.179597 0.568764 -0.156264 0.807520 -0.822359 -0.089829 0.561833
-3.079222 -23.883038 17.760297 -142.294969 0.052873 0.986690 0.153774 0.567069 -0.156419 0.808682 -0.821972 -0.044443 0.567791
-3.730989 -23.370080 27.232247 -92.929462 0.021836 0.986921 0.159720 0.385627 -0.155710 0.909421 -0.922396 -0.041734 0.383984
-3.763852 -24.523787 34.129385 -73.857768 -0.001392 0.985625 0.168942 0.423099 -0.152495 0.893159 -0.906082 -0.072722 0.416805
-3.721828 -22.424006 43.399411 -57.680225 -0.015886 0.989281 0.145156 0.180738 -0.139942 0.973524 -0.983403 -0.041701 0.176578
-3.343807 -21.281313 20.905098 -64.328979 0.009814 0.993861 0.110201 0.138136 -0.110497 0.984230 -0.990365 -0.005564 0.138373
-2.137968 -17.867197 -42.005955 517.562340 0.002607 -0.982694 -0.185218 0.993163 -0.019072 0.115163 -0.116703 -0.184252 0.975926
-2.532013 -22.153451 -43.414555 368.384489 -0.002075 0.977980 0.208690 0.937670 -0.070621 0.340276 -0.347521 -0.196389 0.916875
-2.653331 -22.680939 55.235797 313.832719 -0.026309 0.983497 0.178999 0.923351 -0.044706 0.381345 -0.383054 -0.175312 0.906937
-1.823427 -22.358173 -29.178597 303.105807 -0.062498 0.975216 0.212245 0.932070 -0.019005 0.361779 -0.356846 -0.220438 0.907782
-2.220237 -19.134635 139.183194 456.744307 -0.020930 0.985049 0.170997 0.983615 -0.010344 0.179985 -0.179063 -0.171962 0.968693
5.124205 -10.713198 -2.130461 -38.744613 -0.362681 0.926613 -0.099248 -0.811492 -0.261657 0.522510 -0.458195 -0.270043 -0.846837
4.561435 -9.919124 -28.944546 13.424668 -0.355674 0.930137 -0.091326 -0.848242 -0.280235 0.449392 -0.392404 -0.237304 -0.888654
4.941514 -10.862268 64.311000 -20.302329 -0.275583 0.959276 -0.062002 -0.817466 -0.199931 0.540163 -0.505769 -0.199545 -0.839273
6.148142 -11.868107 -9.175840 -176.970164 -0.349170 0.929518 -0.118650 -0.781786 -0.219159 0.583764 -0.516616 -0.296591 -0.803207
5.347537 -11.747712 -5.234175 -178.843894 -0.266649 0.957047 -0.113836 -0.777874 -0.143969 0.611707 -0.569044 -0.251661 -0.782851
3.841152 -11.009476 172.668068 145.977893 -0.192458 0.981305 0.000506 -0.799382 -0.157078 0.579927 -0.569164 -0.111207 -0.814669
4.586342 -10.754077 121.358845 -4.368891 -0.209556 0.977111 -0.036604 -0.775941 -0.143400 0.614290 -0.594981 -0.157131 -0.788231
-0.108017 -8.397778 -22.777493 5.754983 -0.115038 0.993012 -0.026322 -0.415010 -0.072118 -0.906954 0.902515 0.093410 -0.420406
-0.028327 -7.975314 31.793616 8.162325 -0.117572 0.992960 -0.014405 -0.443687 -0.065501 -0.893785 0.888436 0.098693 -0.448265
-0.267031 -8.996222 -8.133044 86.014162 -0.088000 0.995557 0.033500 -0.546413 -0.020126 -0.837274 0.832880 0.091985 -0.545756
0.030592 -8.567537 -5.954275 -100.217430 -0.127985 0.989941 -0.060302 -0.304535 -0.097091 -0.947540 0.943864 0.102907 -0.313898
-0.235832 -9.108510 -31.438479 135.694660 -0.082497 0.995833 0.038868 -0.519616 -0.009701 -0.854345 0.850408 0.090677 -0.518251
-0.059476 -9.053152 -62.057657 24.771410 -0.100792 0.994182 -0.037983 -0.379220 -0.073685 -0.922368 0.919800 0.078564 -0.384441
0.106683 -9.277630 -60.285375 -97.286977 -0.116046 0.989893 -0.081518 -0.266818 -0.110125 -0.957435 0.956735 0.089356 -0.276900
-0.072201 -24.865780 -21.631094 -103.781682 -0.199115 0.965025 0.170529 -0.924385 -0.242730 0.294270 -0.325370 0.099041 -0.940386
-0.085982 -25.081952 -23.899873 294.116897 -0.179890 0.969617 0.165776 0.975789 0.197205 -0.094579 -0.124398 0.144749 -0.981618
0.425571 -27.018494 -69.165451 -136.245061 -0.209539 0.965428 0.155056 -0.907479 -0.251059 0.336826 -0.364109 0.070132 -0.928712
0.109152 -25.833591 -3.847576 12.096613 -0.220443 0.957402 0.186509 -0.838292 -0.283717 0.465586 -0.498669 0.053713 -0.865126
-3.070808 -18.002371 -68.600802 97.032911 0.034405 0.997717 0.058106 -0.894654 0.004834 0.446733 -0.445432 0.067355 -0.892778
-2.828333 -18.092753 -49.853905 48.328367 0.028513 0.998314 0.050563 -0.904441 0.004226 0.426578 -0.425645 0.057895 -0.903036
-3.244698 -17.601299 -53.095111 25.713530 0.037079 0.997187 0.065137 -0.782502 -0.011568 0.622541 -0.621543 0.074053 -0.779872
0.854976 -8.877532 -29.211576 -184.089356 -0.132165 0.991170 -0.010667 0.221536 0.019048 -0.974966 0.966154 0.131220 0.222097
0.995201 -7.227280 -41.666407 -212.957495 -0.142224 0.988577 0.049876 0.272037 0.087486 -0.958302 0.951718 0.122726 0.281372
1.232336 -6.357760 -6.487006 -144.026197 -0.164559 0.982645 0.085615 0.286933 0.130734 -0.948988 0.943711 0.131599 0.303466
1.051683 -7.519789 24.289911 -132.741782 -0.159826 0.986864 0.023578 0.276236 0.067643 -0.958706 0.947707 0.146714 0.283419
1.413155 -5.504921 35.775204 -116.646066 -0.191589 0.972758 0.130524 0.327308 0.188699 -0.925885 0.925291 0.134668 0.354544
-0.821455 -34.829289 51.646605 -469.887348 -0.445868 0.887279 0.118053 -0.104089 -0.182390 0.977701 -0.889026 -0.423638 -0.173678
-0.497767 -37.728139 19.069098 -584.292615 -0.448555 0.888142 0.100015 -0.263185 -0.238199 0.934877 -0.854127 -0.393021 -0.340591
-0.571353 -31.959094 60.007454 -404.951822 -0.445308 0.888798 0.108348 -0.374102 -0.294628 0.879342 -0.813479 -0.351045 -0.463701
-1.125424 -38.959675 21.015425 17.074575 -0.459054 0.878898 0.129646 0.126010 -0.080041 0.988795 -0.879427 -0.470246 0.074007
-1.073071 -36.128082 52.802835 -197.832199 -0.451473 0.883430 0.125395 0.186426 -0.044040 0.981482 -0.872593 -0.466489 0.144811
1.157912 -51.509742 -53.470081 849.731346 -0.348233 0.937227 -0.018409 -0.388033 -0.161997 -0.907297 0.853325 0.308807 -0.420088
1.474254 -55.011191 15.421149 395.178184 -0.369212 0.929337 0.003959 -0.022784 -0.004793 -0.999729 0.929066 0.369202 -0.022944
1.134301 -63.766605 -70.818952 1466.004096 -0.363602 0.931551 0.002447 -0.304122 -0.116221 -0.945517 0.880513 0.344536 -0.325564
0.718388 -55.214171 -90.022161 856.530454 -0.352963 0.935163 -0.029799 -0.612746 -0.255106 -0.747973 0.707078 0.245747 -0.663060
-3.351668 -5.857358 286.914527 -21.199750 0.566530 0.823314 0.034624 -0.795401 0.535375 0.284097 -0.215364 0.188489 -0.958170
-3.403964 -5.874995 178.006020 -34.036686 0.467933 0.883706 0.010107 -0.863968 0.455015 0.215687 -0.186006 0.109659 -0.976410
-4.524256 -6.993136 -16.807686 -147.010260 0.039106 0.992481 0.115981 -0.962477 0.006221 0.271293 -0.268532 0.122238 -0.955483
-4.472773 -7.138260 94.624558 -165.421785 0.140192 0.977821 0.155601 -0.940110 0.082141 0.330825 -0.310707 0.192662 -0.930775
0.171587 -49.746615 0.178266 -4.405092 -0.432086 0.900965 -0.039546 -0.892627 -0.433513 -0.123629 0.128529 0.018118 -0.991540
0.745189 -44.650190 0.898216 132.119355 -0.443965 0.894732 -0.048467 -0.870012 -0.443379 -0.215625 0.214416 0.053563 -0.975273
0.472739 -43.077162 81.454167 160.095251 -0.443844 0.895798 -0.023421 0.895931 0.443094 -0.031224 -0.017592 -0.034843 -0.999238
-0.102366 -55.368996 19.302557 -305.497638 -0.477807 0.878238 -0.019938 -0.845866 -0.453833 0.280260 -0.237087 -0.150776 -0.959717
-0.166893 -47.914437 -73.435106 -482.093385 -0.470286 0.880213 -0.063683 -0.868145 -0.448454 0.212634 -0.158604 -0.155285 -0.975054
0.131355 -42.632395 -57.642021 -111.330353 -0.412975 0.907562 -0.076046 -0.899654 -0.419512 -0.120966 0.141687 -0.018459 -0.989739
1.615416 -9.029523 -69.665283 -14.383011 0.039600 0.999038 -0.018817 -0.876605 0.025696 -0.480524 0.479579 -0.035524 -0.876779
1.434491 -8.824369 -74.800680 -13.673854 0.046739 0.998876 -0.007896 -0.819661 0.033833 -0.571849 0.570939 -0.033199 -0.820321
2.649831 -9.009627 -151.651568 -19.564145 0.068228 0.997581 0.013276 -0.868908 0.065956 -0.490559 0.490248 -0.021934 -0.871307
-8.421675 -18.931904 -124.885873 -192.122651 -0.254641 0.814866 0.520722 -0.250977 0.464333 -0.849356 0.933900 0.346970 -0.086275
-7.614157 -17.538833 -88.254591 -221.111209 -0.200051 0.822118 0.533012 -0.130800 0.516730 -0.846098 0.971015 0.238981 -0.004160
-7.242402 -19.195530 -55.503952 -154.329281 -0.174408 0.841969 0.510559 -0.295400 0.449884 -0.842819 0.939319 0.297814 -0.170254
-1.027270 -14.647567 -29.087574 26.472941 -0.163791 0.985626 0.041401 -0.693966 -0.144948 0.705267 -0.701130 -0.086786 -0.707732
-0.800829 -14.693725 -39.965922 40.228842 -0.175163 0.983993 0.032813 -0.635962 -0.138525 0.759186 -0.751579 -0.112114 -0.650046
-0.965920 -14.906707 -37.763429 -12.089875 -0.178236 0.982905 0.046152 -0.544044 -0.137520 0.827711 -0.819907 -0.122420 -0.559254
1.090138 -9.165511 120.588918 19.415835 -0.377788 0.824163 0.421938 0.637534 0.562019 -0.526958 0.671436 -0.069921 0.737756
-0.706557 -8.584974 85.469051 31.464942 -0.332510 0.864778 0.376293 0.536995 0.501607 -0.678253 0.775289 0.023459 0.631170
1.225015 -8.415631 74.262021 59.348474 -0.414053 0.751285 0.513937 0.543215 0.656990 -0.522763 0.730395 -0.062727 0.680138
-8.059660 -10.769024 18.874780 8.882606 0.188586 -0.397855 0.897857 0.417789 0.859905 0.293285 -0.888756 0.319806 0.328385
-8.425291 -10.001901 32.477489 -60.670583 0.181505 -0.370675 0.910854 0.314223 0.899543 0.303457 -0.931837 0.231132 0.279746
-7.764897 -10.205186 56.513903 -50.626273 0.296340 -0.297212 0.907661 0.284877 0.934594 0.213023 -0.911607 0.195445 0.361626
-7.256503 -10.805316 45.442443 -0.964776 0.339444 -0.341080 0.876608 0.375245 0.903675 0.206308 -0.862536 0.258912 0.434736
-7.564593 -11.041060 17.589230 13.296320 0.247702 -0.367741 0.896331 0.499947 0.840985 0.206873 -0.829877 0.396876 0.392165
-1.377382 -38.942784 143.224298 -536.698947 0.048624 0.998297 -0.032239 0.681982 -0.056765 -0.729162 0.729750 -0.013469 0.683581
-2.234903 -33.910051 139.294687 -744.183790 0.072001 0.996545 -0.041399 0.827214 -0.082854 -0.555745 0.557255 -0.005768 0.830321
-2.510993 -34.260356 124.262520 -266.560998 0.068478 0.997403 -0.022336 0.648128 -0.061497 -0.759045 0.758447 -0.037501 0.650655
-1.643965 -34.891742 173.055307 -1166.557049 0.057414 0.997268 -0.046475 0.917901 -0.071038 -0.390398 0.392633 0.020245 0.919472
-1.052964 -38.168135 167.325575 705.885097 0.030553 0.999323 -0.020516 0.291256 -0.028536 -0.956220 0.956157 -0.023240 0.291930
-0.369214 -39.296291 -24.504074 394.581203 0.094458 0.995525 -0.002730 0.385174 -0.039075 -0.922016 0.917997 -0.086041 0.387141
-2.538842 -36.492039 187.503170 337.289617 0.045208 0.998883 -0.013775 0.422479 -0.031612 -0.905821 0.905244 -0.035131 0.423436
-0.042786 -35.544497 60.269579 -1044.618539 0.063066 0.997853 -0.017673 0.891628 -0.064290 -0.448181 0.448355 -0.012507 0.893768
-0.212938 -1.296680 23.869785 -391.524927 0.293459 0.948558 -0.118828 -0.808273 0.312569 0.498994 -0.510467 0.050389 -0.858420
-0.679853 -2.665602 -13.813995 -424.409897 0.210770 0.975054 -0.069616 -0.829099 0.216038 0.515677 -0.517853 0.050971 -0.853950
4.152892 -0.632464 -595.491820 -32.080121 -0.865625 -0.126533 0.484440 -0.093090 0.991343 0.092594 -0.491963 0.035055 -0.869910
2.062347 -1.093111 -501.515833 -31.709700 -0.857596 -0.154725 0.490499 -0.107145 0.986499 0.123850 -0.503040 0.053659 -0.862596
7.439240 -0.100870 -642.755738 3.060190 -0.863244 -0.107213 0.493269 -0.069167 0.993090 0.094804 -0.500025 0.047721 -0.864695
-2.374183 -11.684981 23.413558 177.534741 -0.114572 -0.992618 0.039778 0.992552 -0.112712 0.046232 -0.041407 0.044779 0.998138
-2.671298 -13.035719 -41.368053 114.656431 0.041974 0.999054 -0.011409 0.986825 -0.039669 0.156855 -0.156254 0.017843 0.987556
-2.283881 -11.917197 -21.319259 175.783782 0.075181 0.997136 -0.008273 0.996716 -0.074894 0.030785 -0.030078 0.010560 0.999492
-1.731204 -9.840513 -0.031587 186.392723 0.173718 0.984088 -0.037317 0.981937 -0.175974 -0.069520 0.074981 0.024566 0.996882
-1.748427 -9.995631 -22.997933 167.332034 -0.203447 -0.977241 0.060084 0.978309 -0.205347 -0.027272 0.038990 0.053232 0.997821
-2.210267 -11.214151 -31.730708 142.543954 -0.144147 -0.986834 0.073352 0.987095 -0.138168 0.080947 -0.069747 0.084073 0.994016
-2.113005 -11.474663 29.687635 -23.046418 -0.038654 0.988798 -0.144168 0.890162 0.099624 0.444620 -0.454002 0.111147 0.884041
-2.376658 -11.882244 -16.414493 -79.054981 -0.063123 0.992497 -0.104712 0.866154 0.106602 0.488275 -0.495774 0.059875 0.866385
-2.371947 -11.982561 21.959549 -43.954248 -0.013078 0.993769 -0.110687 0.922556 0.054685 0.381967 -0.385640 0.097120 0.917523
-2.318774 -10.945433 -9.028979 -73.937498 -0.089701 0.984343 -0.151730 0.813647 0.160285 0.558827 -0.574397 0.073327 0.815286
-1.720105 -11.432616 121.470126 -53.972095 0.046695 0.990665 -0.128075 0.941732 -0.000902 0.336363 -0.333108 0.136319 0.932983
-1.962454 -10.859881 42.947154 -15.343409 -0.038290 0.985675 -0.164252 0.852891 0.117885 0.508606 -0.520683 0.120614 0.845187
-0.927212 -10.958913 122.872635 -3.283591 0.029509 0.989444 -0.141877 0.918770 0.029055 0.393722 -0.393688 0.141970 0.908215
2.137532 -14.352005 -29.843120 38.174327 0.009192 0.985609 0.168788 -0.871190 -0.074965 0.485189 -0.490860 0.151507 -0.857964
2.488101 -13.338652 -54.727506 -82.829191 0.097473 0.982411 0.159273 -0.866616 0.005092 0.498950 -0.489363 0.186663 -0.851869
3.093002 -15.528458 -47.125490 -338.498640 0.042247 0.985855 0.162190 -0.804822 -0.062610 0.590205 -0.592011 0.155469 -0.790792
2.522644 -13.903787 -32.483444 -184.842009 -0.020129 0.987222 0.158076 -0.820434 -0.106670 0.561702 -0.571386 0.118384 -0.812098
1.988326 -13.668788 -3.922815 141.868475 -0.050849 0.983603 0.173029 -0.869512 -0.128829 0.476814 -0.491287 0.126206 -0.861806
1.688062 -15.411907 12.809963 255.481785 -0.050262 0.980921 0.187797 -0.921824 -0.117924 0.369235 -0.384336 0.154557 -0.910164
1.929056 -9.238024 34.236804 -73.584770 0.072096 0.993436 0.088805 -0.326627 0.107643 -0.939004 0.942400 -0.038692 -0.332244
1.988925 -9.979084 -3.806472 -72.928548 0.095287 0.991993 0.082888 -0.412471 0.115129 -0.903666 0.905973 -0.051919 -0.420139
1.900056 -9.413491 53.853577 -37.575686 0.087054 0.991837 0.093173 -0.269077 0.113462 -0.956412 0.959176 -0.058189 -0.276758
1.504826 -9.181480 76.652959 54.779222 0.064921 0.991496 0.112790 -0.261446 0.125980 -0.956961 0.963032 -0.032638 -0.267401
1.962851 -1.288948 -181.280816 60.190346 0.761268 0.602146 -0.240606 -0.500971 0.781744 0.371355 0.411702 -0.162165 0.896774
1.256686 -1.020696 -144.699844 10.650850 0.688135 0.702048 -0.183303 0.599346 -0.692367 -0.401761 0.408968 -0.166604 0.897212
2.427636 -1.527571 -72.237884 8.940021 0.653761 0.727618 -0.207770 0.614861 -0.670845 -0.414624 0.441069 -0.143316 0.885956
13.984422 -6.673412 707.508171 170.054089 0.049540 0.977198 -0.206472 0.807140 -0.160931 -0.568002 0.588278 0.138513 0.796708
15.870274 -8.011770 805.979881 -59.954219 0.163259 0.946691 -0.277710 0.878623 -0.267547 -0.395525 0.448741 0.179430 0.875464
8.372111 -6.041044 544.237798 141.656167 0.080975 0.942508 -0.324225 0.819796 -0.247996 -0.516171 0.566902 0.224002 0.792746
7.680138 -4.904589 480.747161 182.586365 -0.039885 0.972087 -0.231206 0.781360 -0.113883 -0.613601 0.622804 0.205129 0.755008
2.946650 -32.182827 1.737317 741.190734 0.031425 0.967766 0.249881 0.092491 0.246116 -0.964817 0.995218 -0.053431 0.081775
3.345022 -40.423650 -53.520063 1198.715229 -0.029359 0.957512 0.286894 0.242742 0.285256 -0.927203 0.969646 -0.042420 0.240804
3.407018 -28.369567 -82.121899 798.882535 0.008328 0.978943 0.203962 -0.068473 0.204049 -0.976563 0.997618 0.005834 -0.068731
2.862968 -24.086715 -37.331951 290.804878 0.041234 0.981193 0.188573 -0.151909 0.192696 -0.969429 0.987534 -0.011327 -0.156998
2.711193 -8.609142 574.338500 -94.079072 -0.061663 0.743241 0.666177 0.035506 -0.665391 0.745650 -0.997465 -0.069632 -0.014640
13.217813 -3.822522 1406.520970 -212.933234 0.056483 0.519162 0.852807 -0.169996 0.846699 -0.504185 -0.983825 -0.116496 0.136079
11.168645 -6.685847 1237.971491 -37.906120 -0.018564 0.502854 0.864172 -0.075696 0.861134 -0.502712 -0.996958 -0.074747 0.022078
1.289102 -8.353248 568.225470 -170.571163 -0.062477 0.721455 0.689637 -0.056894 -0.692438 0.719230 -0.996423 -0.005700 -0.084308
-1.178225 -25.723280 29.784868 -259.182238 -0.103342 0.934769 -0.339892 -0.513142 0.242629 0.823296 -0.852060 -0.259494 -0.454595
-0.955859 -27.937719 42.480989 -100.692225 -0.072739 0.934904 -0.347366 -0.540137 0.255864 0.801739 -0.838427 -0.245943 -0.486365
-1.206658 -26.553642 98.145443 -59.501112 -0.057624 0.938489 -0.340468 -0.666175 0.217857 0.713266 -0.743566 -0.267912 -0.612644
-1.174098 -25.629125 -14.747027 -5.234459 -0.095832 0.924409 -0.369166 -0.660308 0.218486 0.718510 -0.744855 -0.312620 -0.589457
-1.026536 -26.727678 8.950868 360.749369 -0.069121 0.925704 -0.371879 -0.783126 0.180579 0.595068 -0.618010 -0.332360 -0.712461
-5.014172 -28.118102 44.949940 147.275653 0.001610 0.987063 -0.160322 0.998595 -0.010078 -0.052017 -0.052959 -0.160013 -0.985693
-3.427835 -27.125616 234.510185 -208.974274 0.007665 0.998915 -0.045933 -0.998516 0.010122 0.053509 -0.053915 -0.045455 -0.997510
-4.747546 -25.608297 151.110466 -157.401335 -0.012801 0.995316 -0.095820 0.997245 0.019710 0.071506 0.073059 -0.094641 -0.992827
-6.577167 -18.516524 -9.052945 -31.207783 0.321295 0.944867 0.063217 0.827404 -0.312569 0.466587 -0.460622 0.097606 0.882214
-6.970096 -18.256759 -34.162919 -42.987393 0.363304 0.931578 0.013108 0.755973 -0.302985 0.580262 -0.544531 0.200903 0.814324
-6.644941 -17.775003 -4.694942 -45.789594 0.306251 0.949226 0.071973 0.712376 -0.278673 0.644097 -0.631451 0.145983 0.761550
-6.071221 -18.461945 -15.841052 -17.685497 0.275265 0.955285 0.107980 0.828348 -0.292682 0.477680 -0.487924 0.042044 0.871873
-6.302573 -17.110277 -22.501014 -96.580110 0.246935 0.961475 0.120788 0.640194 -0.255438 0.724502 -0.727444 0.101577 0.678607
-5.783278 -18.004952 -42.901384 -23.102183 0.228451 0.964893 0.129581 0.786456 -0.261359 0.559624 -0.573844 0.025937 0.818554
1.534815 -55.932690 13.522929 1251.325695 -0.062710 0.906090 -0.418411 -0.075813 -0.422350 -0.903257 0.995148 0.024922 -0.095180
0.620082 -75.102712 78.286330 2897.357524 -0.090130 0.913438 -0.396871 0.247642 -0.365423 -0.897296 0.964650 0.179155 0.193270
1.086802 -69.316345 -99.511579 2563.392933 -0.097694 0.916188 -0.388658 0.048417 -0.385688 -0.921358 0.994038 0.108829 0.006679
-1.229511 -52.862525 -134.512284 1692.234529 -0.207880 0.939383 -0.272664 0.706430 0.336988 0.622411 -0.676567 0.063231 0.733661
-1.966481 -51.120806 -7.053952 1807.432319 -0.170289 0.942299 -0.288225 0.579833 0.332319 0.743881 -0.796741 0.040448 0.602966
1.242698 -82.851208 -181.842079 4160.396818 -0.186086 0.958489 -0.216035 0.445738 0.278301 0.850803 -0.875608 -0.062028 0.479023
0.069089 -70.776455 -32.826571 3342.406900 -0.172745 0.931503 -0.320095 0.242743 0.355219 0.902716 -0.954586 -0.078239 0.287479
-0.185048 -45.600532 -147.397082 893.280598 -0.213678 0.946967 -0.239989 0.641533 0.321289 0.696569 -0.736734 0.005119 0.676163
-0.893981 -3.670456 101.270224 -88.714552 0.854029 0.466396 -0.230454 -0.215032 0.719857 0.659975 -0.473704 0.514083 -0.715069
-1.815536 -3.943933 41.701717 -111.503832 0.735081 0.677604 -0.022557 -0.476305 0.539812 0.694073 -0.482483 0.499456 -0.719551
-2.149974 -4.831907 53.685464 -114.767014 0.756186 0.653783 -0.027395 -0.434763 0.533268 0.725677 -0.489044 0.536836 -0.687490
0.332652 -19.589086 3.219807 213.672735 -0.091784 0.995741 0.008647 -0.229611 -0.029613 0.972832 -0.968945 -0.087305 -0.231351
0.359124 -22.108989 11.851884 399.900269 -0.091716 0.995666 0.015418 -0.379982 -0.049306 0.923679 -0.920436 -0.078858 -0.382857
0.135966 -19.691812 -51.106952 154.644645 -0.099479 0.995027 0.004939 -0.216300 -0.026469 0.975968 -0.971246 -0.096020 -0.217858
0.529548 -18.998038 -37.248338 -75.724025 -0.083723 0.996482 -0.003734 -0.050194 -0.000475 0.998739 -0.995224 -0.083805 -0.050057
0.260244 -18.188368 -31.159659 50.861570 -0.093447 0.995619 -0.003245 -0.080065 -0.004266 0.996781 -0.992400 -0.093406 -0.080113
0.342265 -9.204203 -2.380557 86.979794 -0.110914 0.931662 0.345984 0.482615 -0.253836 0.838242 -0.868781 -0.259950 0.421480
0.166476 -8.943958 -9.002748 52.112949 -0.116771 0.928881 0.351490 0.478226 -0.257592 0.839611 -0.870439 -0.266134 0.414135
0.151801 -10.050481 -7.732645 110.055127 -0.124283 0.937095 0.326201 0.402807 -0.252793 0.879683 -0.906808 -0.240726 0.346051
880.823360 -9715.965263 90723.229942 -1277794.157965 -0.486821 0.179838 -0.854788 0.655796 0.721663 -0.221660 0.577006 -0.668476 -0.469258
-55.092611 -543.614006 2468.448768 -32843.114791 -0.337729 0.445029 -0.829390 0.281099 0.888640 0.362357 0.898289 -0.110763 -0.425217
-22.330635 -585.384362 1187.926120 -13896.895683 -0.336496 0.341630 -0.877530 0.044606 0.936609 0.347526 0.940628 0.077798 -0.330404
-271.388705 -14605.471808 18773.648217 -1721855.487336 -0.101568 0.571900 -0.814011 0.388463 0.776083 0.496782 0.915850 -0.265756 -0.300987
-54.340949 -386.502106 -4016.294040 -19618.047897 0.694357 -0.024429 0.719216 0.679616 0.350882 -0.644208 0.236623 -0.936101 -0.260240
-28.517279 -151.577309 1677.884288 -13001.484369 -0.447654 0.070005 -0.891462 0.879247 -0.147134 -0.453074 -0.162882 -0.986636 0.004314
1.180854 -121.871030 194.730515 8698.057505 0.281244 -0.182643 0.942095 -0.034226 0.979187 0.200052 -0.959026 -0.088508 0.269139
4.017341 -205.381974 -36.321269 14729.636602 0.248240 -0.185302 0.950810 -0.004239 0.981316 0.192355 -0.968689 -0.051781 0.242817
-0.141453 -47.525032 208.954043 3319.825328 0.300279 -0.234558 0.924562 0.216689 0.960726 0.173356 -0.928912 0.148287 0.339312
-1.192074 -125.718413 197.398227 8745.535111 0.313483 -0.126859 0.941082 0.059827 0.991706 0.113755 -0.947707 0.020642 0.318472
-2.287169 -17.690273 210.450977 1479.773940 0.278068 -0.379205 0.882543 0.230231 0.918308 0.322031 -0.932562 0.113642 0.342657
0.811079 -10.818522 -31.506430 -81.277241 -0.197144 0.709725 -0.676332 0.327486 0.697918 0.636917 -0.924060 0.095925 0.370016
1.822354 -15.302733 62.270598 187.138655 0.218839 -0.622623 0.751298 0.369787 0.765448 0.526637 -0.902977 0.162572 0.397748
-10.579149 -14.840460 100.872778 170.900137 -0.020965 0.999508 -0.023325 0.593621 -0.006328 -0.804720 0.804471 0.030718 0.593196
-8.281958 -12.633902 -48.837084 179.003274 0.084615 0.935447 -0.343190 0.498459 -0.337969 -0.798320 0.862774 0.103517 0.494880
-5.694515 -15.360408 -135.615105 198.361866 0.142928 0.989332 -0.028184 -0.979882 0.145456 0.136654 -0.139296 -0.008085 -0.990218
-4.029267 -15.980653 -248.954359 -45.189480 0.186473 0.977729 -0.096303 0.982339 -0.184015 0.033879 0.015403 -0.100920 -0.994775
-1.772687 -16.255686 -368.913059 167.197733 0.215209 0.961844 -0.168941 0.963598 -0.181049 0.196723 0.158631 -0.205128 -0.965794
0.769796 -16.577885 -374.036727 21.755789 0.167083 0.971592 -0.167607 0.985863 -0.162469 0.040969 0.012574 -0.172083 -0.985002
-3.321539 -15.784117 -237.188355 199.483246 0.150921 0.983119 -0.103442 -0.972590 0.166394 0.162422 -0.176892 -0.076094 -0.981284
-3.014501 -4.395547 -17.621112 -142.900804 -0.111267 0.988488 -0.102523 -0.603841 -0.149183 -0.783020 0.789301 0.025216 -0.613488
-2.581998 -4.573547 -31.051408 7.369912 0.103092 0.987072 0.122724 -0.579028 0.159875 -0.799479 0.808764 -0.011359 -0.588024
-0.582335 -16.712362 -73.470351 -182.728220 0.761324 -0.424746 -0.489874 0.577433 0.100543 0.810224 0.294886 0.899712 -0.321808
-1.946711 -18.901326 -195.648187 -97.562953 0.775810 -0.437111 -0.455030 0.465661 -0.089986 0.880376 0.425769 0.894895 -0.133733
-1.247615 -17.543430 -169.628502 -155.783760 0.779625 -0.419896 -0.464621 0.538340 0.070299 0.839791 0.319963 0.904845 -0.280854
-1.376388 -13.763647 17.522229 -97.968691 -0.038084 0.983381 0.177516 0.555155 0.168529 -0.814495 0.830875 -0.067529 0.552347
-1.266681 -14.348072 -4.600850 -142.588963 -0.018822 0.985577 0.168175 0.506983 0.154385 -0.848017 0.861751 -0.069301 0.502577
-1.126661 -13.503055 24.748853 -104.086515 -0.058908 0.982702 0.175576 0.574058 0.177238 -0.799402 0.816693 -0.053700 0.574569
-1.322150 -13.238789 -24.318356 -102.316634 -0.063206 0.982670 0.174254 0.547132 0.180145 -0.817431 0.834656 -0.043673 0.549037
-1.486610 -15.284575 -9.883623 -174.658014 0.131721 0.980069 0.148708 0.590285 0.042969 -0.806051 0.796375 -0.193954 0.572860
-0.932900 -15.139789 -18.810292 -130.998624 0.156668 0.976964 0.144903 0.604341 0.021214 -0.796443 0.781170 -0.212348 0.587096
-1.554894 -16.531926 2.849496 -487.869075 0.117818 0.981207 0.152814 0.524610 0.069159 -0.848529 0.843151 -0.180139 0.506602
-0.743801 -16.439044 -18.858182 -371.239204 0.164145 0.974286 0.154350 0.556572 0.037714 -0.829943 0.814423 -0.222138 0.536069
-3.056003 -14.464251 -100.727526 -598.995279 -0.017465 -0.938648 -0.344433 0.979415 -0.085347 0.182924 -0.201098 -0.334148 0.920817
-2.011375 -11.316461 22.872453 -562.276261 0.049967 -0.932777 -0.356973 0.967358 -0.043709 0.249617 -0.248440 -0.357793 0.900145
-1.688091 -13.313516 154.346166 -741.729790 0.090090 -0.922468 -0.375416 0.966380 -0.010179 0.256917 -0.240819 -0.385940 0.890537
-3.017227 -23.952115 -1.664884 -5.009323 0.034505 0.984168 0.173846 0.757317 -0.139255 0.638027 -0.652135 -0.109641 0.750132
-2.862199 -23.685897 43.545674 -154.010263 0.090005 0.986791 0.134691 0.564978 -0.161963 0.809054 -0.820182 -0.003278 0.572093
-1.773205 -18.572160 65.223178 511.727001 -0.047353 -0.976054 -0.212312 0.985784 -0.079967 0.147765 -0.161204 -0.202297 0.965965
-0.271197 -8.638782 52.674671 76.491826 -0.106047 0.993531 0.040623 -0.560997 -0.026049 -0.827408 0.820997 0.110533 -0.560130
-0.146862 -8.155137 -3.554538 -114.348094 -0.109463 0.993027 -0.043772 -0.325734 -0.077441 -0.942285 0.939104 0.088887 -0.331939
0.455743 -26.332693 -59.237808 358.743111 -0.183412 0.971253 0.151750 0.976885 0.197322 -0.082220 -0.109800 0.133163 -0.984993
-0.139320 -23.065037 -26.803139 131.954296 -0.143646 0.978419 0.148531 0.984535 0.126078 0.121636 0.100285 0.163707 -0.981399
0.360216 -23.901305 -20.041865 197.007696 -0.166873 0.972477 0.162613 0.982146 0.149420 0.114293 0.086850 0.178782 -0.980048
-1.576466 -19.839755 -7.997016 52.906549 0.008633 0.999781 0.019071 -0.964292 0.003275 0.264821 -0.264701 0.020676 -0.964109
-2.089726 -17.922844 -10.579881 50.513210 0.011331 0.999314 0.035251 -0.906229 -0.004638 0.422762 -0.422635 0.036735 -0.905555
-2.361717 -19.289065 -61.444090 67.239314 0.032733 0.999269 0.019756 -0.971553 0.027174 0.235259 -0.234550 0.026895 -0.971732
-1.693917 -18.659528 10.828781 27.219910 -0.015147 0.999613 0.023345 -0.872709 -0.024612 0.487621 -0.488006 0.012987 -0.872743
-1.993659 -20.346205 -62.852243 64.387173 0.047447 0.998748 0.015843 -0.998444 0.046956 0.030091 -0.029309 0.017246 -0.999422
-1.439586 -18.944031 -68.664949 95.124746 -0.035334 0.999355 -0.006457 -0.908451 -0.029426 0.416955 -0.416496 -0.020599 -0.908904
-1.353220 -20.693699 -14.088341 97.848029 0.032796 0.999366 0.013843 -0.997869 0.031959 0.056888 -0.056410 0.015679 -0.998285
-1.307232 -20.341728 -40.311847 125.430847 -0.001731 0.999960 -0.008817 -0.978136 0.000140 0.207969 -0.207961 -0.008984 -0.978096
-0.426465 -32.631385 52.259094 -374.993524 -0.438817 0.892823 0.101524 -0.526318 -0.346954 0.776281 -0.728306 -0.287211 -0.622158
-0.632931 -31.402749 -58.797362 -210.389845 -0.449479 0.888854 0.088922 -0.281905 -0.235599 0.930066 -0.847643 -0.392978 -0.356469
-0.711543 -32.141936 -49.844352 -252.492933 -0.468915 0.878679 0.089677 -0.468088 -0.333325 0.818406 -0.749008 -0.341786 -0.567600
1.100892 -40.947588 -65.806536 -120.812656 -0.411651 0.909506 -0.057816 -0.790589 -0.387945 -0.473780 0.453335 0.149324 -0.878743
1.301713 -50.522113 -127.816172 175.199993 -0.441207 0.894779 -0.068610 -0.866708 -0.444693 -0.225978 0.232711 0.040239 -0.971713
-0.386109 -28.452888 27.503469 -706.647570 -0.069877 0.992102 0.104169 -0.813217 -0.117132 0.570051 -0.577750 0.044878 -0.814979
-0.611980 -32.564985 37.892703 -974.270965 -0.043851 0.997049 0.063006 -0.796405 -0.072963 0.600346 -0.603172 0.023852 -0.797254
0.220473 -22.763819 9.149353 -428.667011 -0.084977 0.991135 0.102128 -0.902835 -0.119954 0.412917 -0.421507 0.057116 -0.905025
-6.899953 -17.508148 -24.506141 -239.184702 -0.156367 0.828973 0.536986 -0.103408 0.526945 -0.843585 0.982271 0.187438 -0.003326
0.564086 -8.592014 247.102206 0.865592 0.178062 0.908665 0.377654 0.983917 -0.158885 -0.081622 -0.014164 0.386114 -0.922342
2.970765 -9.106212 251.350992 4.611925 0.115663 0.920950 0.372120 0.992667 -0.120426 -0.010506 0.035138 0.370607 -0.928125
0.303840 -8.639627 271.159846 12.441250 0.123498 0.915939 0.381842 0.987342 -0.152002 0.045280 0.099515 0.371417 -0.923118
3.341298 -8.916534 247.273315 -28.171258 0.154254 0.917878 0.365659 0.985018 -0.113980 -0.129418 -0.077112 0.380143 -0.921708
-0.823080 -14.790203 -30.289557 25.067840 -0.160667 0.986740 0.023025 -0.754289 -0.137797 0.641919 -0.636580 -0.085767 -0.766426
-1.031987 -14.293413 -14.967397 -47.740467 -0.134807 0.990479 0.027903 -0.821255 -0.127442 0.556147 -0.554408 -0.052057 -0.830615
-0.922746 -14.575397 -36.920540 -54.548050 -0.133549 0.991033 0.004289 -0.872317 -0.119603 0.474087 -0.470349 -0.059573 -0.880467
-0.608631 -15.242772 -7.714038 -7.180118 -0.140145 0.990059 0.011927 -0.825034 -0.123429 0.551438 -0.547429 -0.067441 -0.834130
-0.454332 -9.263341 116.387726 -27.450369 -0.305937 0.892618 0.331113 0.628244 0.450597 -0.634249 0.715340 -0.013980 0.698636
-1.785518 -9.839494 60.549707 41.747835 -0.213950 0.949571 0.229217 0.497720 0.307875 -0.810856 0.840536 0.059397 0.538490
-1.781611 -10.290024 18.276512 -132.902495 -0.186960 0.961479 0.201504 0.500973 0.269760 -0.822348 0.845028 0.052798 0.532110
-1.183420 -9.592051 56.560904 36.716079 -0.227120 0.939705 0.255678 0.555586 0.340649 -0.758474 0.799838 0.030213 0.599455
2.654737 -20.842408 -159.916701 1124.843809 0.680436 -0.233317 0.694672 0.672526 -0.177694 -0.718425 -0.291060 -0.956027 -0.036003
1.797596 -10.421951 121.469279 429.983706 -0.644019 0.203946 -0.737323 0.736739 -0.094243 -0.669577 -0.206046 -0.974435 -0.089561
0.958162 -17.331472 136.351694 1174.007643 -0.643894 0.232595 -0.728903 0.728931 -0.103017 -0.676792 -0.232508 -0.967102 -0.103213
-0.925628 -11.409434 -6.966378 -121.192650 -0.138185 0.990193 -0.020559 0.210006 0.009008 -0.977659 0.967886 0.139415 0.209191
-0.778191 -12.318656 -0.541607 -171.811837 -0.134886 0.989435 -0.053151 0.116639 -0.037413 -0.992470 0.983972 0.140070 0.110360
-0.271697 -11.215188 48.048948 -154.899913 -0.160028 0.985478 -0.056776 0.184054 -0.026720 -0.982553 0.969802 0.167686 0.177105
-0.400587 -9.911549 51.446879 -103.509941 -0.176823 0.984237 0.003473 0.253324 0.048920 -0.966144 0.951084 0.169956 0.257981
-0.226099 -9.354067 108.922965 -123.103038 -0.195244 0.980744 0.004544 0.259373 0.056102 -0.964146 0.945836 0.187065 0.265333
0.265072 -10.105091 60.318067 -166.537819 -0.164552 0.985237 -0.047238 0.220591 -0.009920 -0.975316 0.961386 0.170911 0.215702
-8.203155 -8.846149 -277.976097 35.384003 0.184748 0.960617 0.207566 0.167561 -0.238897 0.956479 -0.968396 0.141927 0.205098
-8.651514 -9.669816 -24.127313 -74.858965 0.050931 -0.528682 0.847291 0.292883 0.818996 0.493422 -0.954791 0.223026 0.196554
-8.094075 -8.820855 -132.521466 18.055025 0.298410 0.556654 0.775299 -0.077209 0.823726 -0.561706 -0.951310 0.107759 0.288787
-7.610142 -9.331058 -173.365370 4.929450 0.187637 0.980534 -0.057834 0.114406 0.036661 0.992757 -0.975553 0.192895 0.105300
-5.019505 -9.585200 -541.708591 58.816254 0.092370 0.962806 0.253915 0.185588 -0.267184 0.945606 -0.978276 0.040222 0.203365
-5.038066 -9.690686 -383.396000 -21.909736 0.111023 0.981695 0.154754 0.068293 -0.162884 0.984279 -0.991469 0.098709 0.085126
0.573900 -38.383135 2.929223 174.153971 0.066613 0.997665 -0.015077 0.461654 -0.044213 -0.885958 0.884555 -0.052056 0.463521
0.418788 -36.848936 -26.736140 994.530565 0.077157 0.997013 -0.003309 0.136291 -0.013835 -0.990572 0.987660 -0.075978 0.136951
0.905940 -39.939922 18.382889 511.019694 0.047509 0.998870 0.001531 0.364154 -0.015893 -0.931203 0.930126 -0.044798 0.364497
0.980346 -41.032301 97.425674 -638.632140 0.025215 0.998810 -0.041757 0.699391 -0.047471 -0.713161 0.714295 0.011222 0.699755
-0.605620 -5.670327 -36.228300 -248.962015 -0.005411 0.998061 0.062012 -0.801931 -0.041377 0.595982 -0.597392 0.046505 -0.800600
-0.941148 -5.861029 -66.438543 -199.709909 0.016905 0.998919 0.043300 -0.798881 -0.012547 0.601358 -0.601251 0.044758 -0.797806
-0.968015 -3.493139 -19.316704 -365.917870 0.124469 0.992210 -0.005100 -0.825378 0.106391 0.554465 -0.550689 0.064804 -0.832191
-2.602646 -13.395933 35.091444 43.580022 0.009066 0.999898 -0.010997 0.973823 -0.006331 0.227221 -0.227128 0.012769 0.973781
-2.720829 -13.222574 -4.619367 -57.809486 -0.000968 0.999623 -0.027424 0.936160 0.010548 0.351416 -0.351573 0.025333 0.935818
-2.705027 -12.650414 -9.810067 -81.469183 -0.001143 0.997333 -0.072972 0.928151 0.028219 0.371133 -0.372203 0.067305 0.925708
-2.417942 -12.635962 -13.544236 -82.105537 -0.038497 0.997055 -0.066323 0.888085 0.064563 0.455122 -0.458064 0.041380 0.887955
-2.156410 -10.936590 -23.174660 -110.102771 -0.097468 0.987549 -0.123480 0.782969 0.152678 0.603033 -0.614378 0.037905 0.788101
4.292841 -15.380743 -46.825284 -354.821846 0.219934 0.943696 0.247118 -0.885858 0.087124 0.455703 -0.408515 0.319136 -0.855142
3.654795 -14.945985 -4.799834 -317.648441 0.187887 0.958813 0.213015 -0.865909 0.059339 0.496669 -0.463573 0.277770 -0.841394
3.366355 -13.971395 -113.244153 98.490772 0.216522 0.959928 0.177921 -0.904471 0.128636 0.406676 -0.367492 0.248979 -0.896080
2.535467 -14.416614 -65.392477 65.817247 0.141594 0.975830 0.166455 -0.888759 0.051262 0.455499 -0.435957 0.212434 -0.874536
3.932926 -16.303728 -213.239604 491.692741 0.286711 0.947842 0.139258 -0.912845 0.226181 0.339936 -0.290708 0.224584 -0.930081
4.580923 -13.329891 -88.689060 -97.506240 0.287447 0.933077 0.216196 -0.908544 0.194178 0.369922 -0.303185 0.302756 -0.903558
2.812498 -28.703497 -56.839929 -780.782224 -0.294205 -0.894797 -0.335829 0.954475 -0.256990 -0.151436 0.049200 -0.365094 0.929670
2.618361 -27.945781 -132.132986 -479.941995 -0.242862 -0.921242 -0.303862 0.958962 -0.180754 -0.218448 0.146319 -0.344445 0.927334
3.897341 -29.516664 -69.221744 -188.180244 -0.267744 -0.897156 -0.351317 0.884626 -0.084424 -0.458595 0.381771 -0.433570 0.816252
1.653696 -9.220703 -50.555555 80.398254 0.131889 0.986887 0.093059 -0.148230 0.112458 -0.982538 0.980119 -0.115792 -0.161118
1.933260 -9.103391 -8.449321 -32.045757 0.117129 0.989976 0.078925 -0.235695 0.104911 -0.966148 0.964743 -0.094562 -0.245620
1.848644 -9.186975 -66.587621 -41.225450 0.152017 0.985734 0.072239 -0.237362 0.107359 -0.965471 0.959453 -0.129622 -0.250296
1.761998 -8.754207 -68.154374 45.019349 0.151642 0.986768 0.057392 -0.152219 0.080684 -0.985048 0.976644 -0.140638 -0.162440
1.307826 -9.488441 -37.746879 108.599843 0.135004 0.983073 0.123863 -0.036311 0.129833 -0.990871 0.990180 -0.129274 -0.053224
