16938
33864
-5.772988 -7.982000 72.308933 -108.612514 -0.493571 0.855983 0.153884 0.869665 0.484057 0.096809 0.008378 0.181609 -0.983335
-7.166947 -9.413755 92.896353 -111.231699 -0.235292 0.951876 0.196391 0.965029 0.204776 0.163666 0.115573 0.228032 -0.966770
-7.141439 -9.860802 -22.426667 -313.193392 0.386603 0.908675 0.157632 0.921772 -0.386201 -0.034436 0.029586 0.158614 -0.986897
-5.338546 -8.103449 -5.880991 -72.733337 -0.611163 0.769756 0.184269 0.790810 0.584099 0.182886 0.033146 0.257495 -0.965711
-5.522236 -6.854120 67.614898 -128.596187 -0.244045 0.960888 0.130902 0.966624 0.251882 -0.046831 -0.077971 0.115104 -0.990289
-4.414686 -7.094001 -4.243778 -71.670633 0.741117 -0.653510 -0.153851 0.669041 0.737984 0.088119 -0.055953 0.168239 -0.984157
8.444500 -12.308664 6.437956 -106.420420 0.350445 0.910623 -0.218982 0.084315 0.202186 0.975711 -0.932780 0.360397 0.005924
7.550557 -10.301486 57.129029 -95.219248 0.244810 0.956694 -0.157493 -0.056051 0.176129 0.982770 -0.967950 0.231765 -0.096742
6.332150 -11.074687 18.006397 -46.950329 0.340914 0.905419 -0.252972 -0.054882 0.287801 0.956116 -0.938491 0.312070 -0.147807
9.402777 -11.806782 24.499093 -173.698015 0.192559 0.976387 -0.097921 0.087093 0.082390 0.992787 -0.977413 0.199699 0.069171
5.190475 -12.785123 135.501906 347.267938 -0.605715 0.646038 0.464482 0.619491 0.749240 -0.234244 -0.499339 0.145858 -0.854041
3.266762 -13.342421 213.965782 379.273652 -0.521332 0.673867 0.523562 0.646970 0.712188 -0.272429 -0.556456 0.196703 -0.807258
6.081328 -15.347974 216.347886 160.751810 -0.559633 0.667748 0.490840 0.465313 0.743280 -0.480644 -0.685780 -0.040590 -0.726676
3.142479 -9.298522 159.842582 286.142587 -0.565365 0.649482 0.508464 0.694228 0.707568 -0.131889 -0.445433 0.278425 -0.850923
6.279641 -13.640642 34.984134 247.214202 -0.699651 0.574635 0.424598 0.468403 0.817647 -0.334740 -0.539525 -0.035318 -0.841228
4.249592 -8.417900 48.410293 260.427401 -0.625332 0.648404 0.434204 0.680772 0.725271 -0.102625 -0.381458 0.231419 -0.894950
-0.730506 -7.145764 -50.444244 -1.546909 -0.154773 0.986466 0.054136 0.306907 -0.004077 0.951731 -0.939070 -0.163917 0.302122
-0.631065 -7.163107 -38.499176 8.516011 -0.153497 0.987659 0.031117 0.425386 0.037623 0.904230 -0.891900 -0.152033 0.425911
-0.753610 -7.236144 -19.375913 24.799593 -0.146545 0.988887 0.025025 0.412606 0.038113 0.910112 -0.899044 -0.143697 0.413606
-0.459891 -7.473008 45.911188 37.897603 -0.107402 0.994098 0.015292 0.393064 0.028329 0.919075 -0.913217 -0.104721 0.393786
-0.759370 -7.355584 -14.518175 7.187606 -0.137057 0.989821 0.038329 0.322899 0.008063 0.946399 -0.936457 -0.142087 0.320717
-0.610644 -7.134337 38.597108 39.988170 -0.121298 0.992598 -0.005969 0.491002 0.065226 0.868713 -0.862673 -0.102443 0.495279
-2.314941 -8.091886 74.444946 29.459459 -0.551211 -0.664227 -0.504945 0.829349 -0.369906 -0.418747 0.091361 -0.649594 0.754772
0.423607 -7.358630 183.276057 41.699270 -0.425041 -0.681371 -0.595881 0.884649 -0.173302 -0.432855 0.191668 -0.711126 0.676434
-1.426165 -7.385575 73.683041 39.750550 -0.609580 -0.635423 -0.473972 0.767456 -0.323288 -0.553621 0.198554 -0.701229 0.684729
-2.980666 -8.207347 -1.057735 19.921650 -0.678655 -0.617720 -0.397303 0.722958 -0.466500 -0.509617 0.129459 -0.633088 0.763178
-1.656082 -7.578076 55.995374 17.928230 0.790823 0.544261 0.279963 0.583444 -0.532181 -0.613495 0.184911 -0.648509 0.738407
-0.156510 -9.237070 -1.362234 7.311421 0.310582 0.946742 0.084959 0.584537 -0.119746 -0.802482 0.749570 -0.298898 0.590597
-0.145393 -9.356783 -7.536126 20.934975 0.302752 0.947876 0.099361 0.682923 -0.143034 -0.716350 0.664799 -0.284732 0.690630
-0.233570 -9.449244 -1.609789 29.846715 0.302711 0.948147 0.096871 0.657122 -0.134010 -0.741776 0.690331 -0.288200 0.663615
-0.165408 -9.294132 -6.807189 8.234557 0.306682 0.947179 0.093795 0.583778 -0.109350 -0.804516 0.751764 -0.301486 0.586478
0.337287 -15.385886 19.228752 43.591128 0.102482 0.993438 -0.050772 -0.991158 0.106305 0.079404 -0.084280 -0.042186 -0.995549
0.816720 -14.157305 23.548731 0.959927 0.069295 0.995170 -0.069538 0.995698 -0.073293 -0.056693 -0.061516 -0.065310 -0.995967
0.394756 -15.340811 30.900387 30.355859 0.121613 0.991065 -0.054773 -0.987663 0.115341 -0.105918 0.098654 -0.066979 -0.992865
0.007733 -15.893612 25.824967 -10.215009 0.139647 0.989140 -0.045831 -0.983678 0.133274 -0.120899 0.113478 -0.061966 -0.991606
-0.261114 -16.771803 8.817986 68.435061 0.161576 0.985023 -0.060186 0.984379 -0.156548 0.080562 0.069933 -0.072263 -0.994931
-2.295385 -13.123437 9.876887 -12.476004 0.058980 0.987105 -0.148815 0.870199 -0.123887 -0.476871 0.489157 0.101372 0.866284
-2.194656 -12.550567 9.209400 -24.782935 0.067349 0.982921 -0.171261 0.922832 -0.126619 -0.363797 0.379269 0.133543 0.915599
-2.454423 -12.728140 15.260577 -18.944304 0.058682 0.987290 -0.147697 0.949025 -0.101072 -0.298558 0.309691 0.122649 0.942894
-2.223188 -12.967460 7.703102 -25.365694 0.069127 0.990424 -0.119502 0.902796 -0.113076 -0.414937 0.424476 0.079203 0.901968
3.200026 -11.026610 -25.037917 201.822127 0.170151 0.928125 -0.331109 -0.470148 -0.218840 -0.855027 0.866031 -0.301154 -0.399120
2.950944 -10.002752 97.689943 144.044418 0.063137 0.955173 -0.289238 -0.520998 -0.215645 -0.825868 0.851219 -0.202835 -0.484028
2.874813 -8.386451 -1.446608 83.528143 0.155726 0.935582 -0.316915 -0.575863 -0.174685 -0.798666 0.802578 -0.306873 -0.511564
2.933297 -9.467007 -45.880724 115.674528 0.220186 0.918934 -0.327228 -0.533761 -0.167281 -0.828925 0.816467 -0.357179 -0.453658
3.506036 -11.776857 -59.375400 222.709376 0.225219 0.915710 -0.332794 -0.429441 -0.213302 -0.877544 0.874561 -0.340555 -0.345204
3.446485 -13.659794 -19.416129 242.171299 0.185997 0.925116 -0.331008 -0.320103 -0.261454 -0.910591 0.928945 -0.275323 -0.247502
0.260665 -6.509915 -11.876488 -36.359071 -0.052759 0.998439 0.018318 0.958118 0.045441 0.282744 -0.281471 -0.032468 0.959020
0.344384 -6.583813 -21.239327 4.577276 -0.015957 0.999263 0.034900 0.986841 0.010122 0.161378 -0.160906 -0.037016 0.986275
0.147986 -6.523346 -9.493026 -36.446546 -0.024975 0.999330 0.026744 0.972834 0.018136 0.230793 -0.230153 -0.031781 0.972635
0.070755 -5.791107 -2.951462 -48.535180 -0.070557 0.997489 0.006042 0.935971 0.064109 0.346190 -0.344933 -0.030081 0.938145
1.901402 -2.393066 -113.248917 16.408340 0.812952 -0.385613 -0.436361 0.517976 0.821252 0.239261 -0.266101 0.420532 -0.867377
0.879583 -1.739183 -134.970117 13.540746 0.893183 -0.216691 -0.394041 0.363442 0.863871 0.348765 -0.264827 0.454722 -0.850350
0.155180 -1.920630 -130.904116 35.453178 0.732746 -0.481077 -0.481298 0.618713 0.765453 0.176850 -0.283332 0.427372 -0.858531
-1.807440 -9.904053 -54.043002 -338.215185 0.355188 0.934185 -0.033756 -0.412152 0.124090 -0.902625 0.839030 -0.334515 -0.429102
-1.744990 -7.055193 -46.745965 -309.162132 0.340349 0.939685 -0.033978 -0.334251 0.087130 -0.938448 0.878885 -0.330757 -0.343746
-1.312502 -5.745313 -40.815825 -218.528823 0.335696 0.937582 -0.090823 -0.360131 0.038651 -0.932101 0.870410 -0.345611 -0.350627
-1.804213 -11.881745 -51.191289 -353.959843 0.365863 0.929723 -0.041941 -0.487254 0.152959 -0.859760 0.792923 -0.334990 -0.508974
-1.807986 -12.191331 -15.868293 -196.810793 0.310902 0.950198 -0.021518 -0.581662 0.172315 -0.794970 0.751671 -0.259673 -0.606267
7.971052 -8.721826 197.822799 -28.296331 0.584465 0.809365 -0.057696 -0.536795 0.332353 -0.775496 0.608484 -0.484221 -0.628711
6.219953 -8.885131 130.153601 13.481726 0.612768 0.788206 -0.056983 -0.607780 0.423957 -0.671464 0.505094 -0.446085 -0.738843
8.642724 -9.178559 371.459891 -53.083578 0.646044 0.762999 -0.021434 -0.528935 0.427259 -0.733265 0.550323 -0.485058 -0.679605
0.336110 -4.119653 35.484277 -53.537751 0.689678 0.721037 0.066706 0.721160 -0.675627 -0.153153 -0.065361 0.153732 -0.985948
1.469781 -4.427384 31.242431 69.077002 0.795044 0.606311 0.017067 -0.604965 0.790618 0.094554 -0.043836 0.085500 -0.995373
0.750652 -4.855264 32.408521 58.448753 0.734934 0.675479 0.060000 -0.677977 0.729945 0.086759 -0.014807 0.104441 -0.994421
0.217277 -5.006636 29.190580 -39.167066 0.640644 0.764119 0.075476 0.767522 -0.634461 -0.091486 -0.022020 0.116540 -0.992942
-0.490503 -4.949139 30.870236 -4.275054 0.500621 0.858655 0.109960 0.860835 -0.480393 -0.167887 -0.091333 0.178705 -0.979654
11.142073 -21.140737 -364.516224 489.380635 0.494101 0.813258 -0.307368 0.843550 -0.534024 -0.056934 -0.210444 -0.231149 -0.949886
9.215536 -30.508117 35.956390 -847.317473 0.510321 0.854927 -0.093128 -0.807302 0.513562 0.290721 -0.296372 0.073178 -0.952265
8.662812 -24.734601 -385.129118 -701.291758 0.452800 0.813642 -0.364634 -0.787844 0.556593 0.263641 -0.417462 -0.167898 -0.893048
8.171189 -18.809087 -525.707019 -319.047104 0.469098 0.761203 -0.447792 -0.815594 0.567887 0.110953 -0.338753 -0.313169 -0.887227
9.289591 -17.277548 -553.990331 165.885684 0.467357 0.756207 -0.457961 0.858020 -0.512805 0.028857 -0.213023 -0.406426 -0.888504
5.315180 -1.698774 110.469469 21.353071 0.997577 -0.069221 -0.007009 -0.061027 -0.918948 0.389629 0.033411 0.388257 0.920945
5.387112 -1.719762 91.327258 14.884254 0.997780 -0.059408 0.030085 -0.066555 -0.904753 0.420705 -0.002226 0.421774 0.906698
3.777605 -1.741366 144.389898 22.001905 0.996190 -0.042064 -0.076388 -0.007167 -0.912501 0.409012 0.086909 0.406906 0.909326
3.815166 -1.993403 130.818640 13.286071 0.997707 -0.039007 -0.055301 -0.010895 -0.899089 0.437630 0.066791 0.436024 0.897453
1.574736 -2.086589 125.834079 19.221990 0.987649 0.051116 -0.148113 0.109728 -0.900431 0.420933 0.111849 0.431986 0.894918
1.514129 -1.881105 135.266210 9.177174 0.985577 0.048553 -0.162112 0.109810 -0.912381 0.394338 0.128762 0.406452 0.904554
-4.085055 -8.821152 33.409893 29.393566 0.397165 0.864277 -0.308684 0.642989 -0.022050 0.765558 -0.654848 0.502533 0.564478
-3.649455 -7.851926 51.429116 59.034435 0.457575 0.830519 -0.317590 0.636399 -0.056449 0.769292 -0.620984 0.554123 0.554371
-3.855537 -9.001707 16.397302 54.771406 0.332830 0.847646 -0.413184 0.604689 0.144371 0.783268 -0.723585 0.510542 0.464511
-3.917284 -9.554748 -8.571133 6.520576 0.297355 0.884865 -0.358601 0.587482 0.126500 0.799289 -0.752625 0.448344 0.482227
-3.838351 -9.938245 -7.474035 41.482799 0.287527 0.867242 -0.406473 0.500350 0.225869 0.835843 -0.816687 0.443706 0.368981
-4.083600 -10.150914 -17.981098 66.652902 0.336919 0.846076 -0.413088 0.488950 0.217713 0.844706 -0.804620 0.486577 0.340337
-1.058834 -5.749129 39.472382 41.633502 0.915419 0.297299 -0.271334 0.402404 -0.690995 0.600497 0.008963 0.658892 0.752184
-1.310429 -5.251616 55.176449 54.594140 0.910558 0.305911 -0.278033 0.411464 -0.735402 0.538407 0.039761 0.604651 0.795497
-0.120437 -4.936876 66.167580 63.852094 0.952169 0.210078 -0.221904 0.299982 -0.780898 0.547913 0.058180 0.588273 0.806567
6.889438 -1.777854 -43.058805 5.440924 0.980682 -0.051490 0.188711 -0.107606 -0.947649 0.300635 -0.163352 0.315134 0.934883
6.921276 -2.137857 -79.265306 -8.678504 0.975579 -0.032781 0.217188 -0.095661 -0.953509 0.285779 -0.197722 0.299577 0.933359
5.877598 -2.088321 -171.423336 -5.628863 0.954544 0.000012 0.298072 -0.091452 -0.951759 0.292903 -0.283696 0.306848 0.908494
5.640479 -1.668965 -126.495574 -11.050660 0.956449 -0.022699 0.291014 -0.120869 -0.938282 0.324064 -0.265698 0.345125 0.900163
6.572553 -1.515233 13.201714 -25.762566 0.988827 -0.055369 0.138403 -0.101679 -0.929471 0.354604 -0.109007 0.364715 0.924716
-2.445685 -12.274480 -27.956692 -29.491802 0.141261 0.973321 -0.180806 0.157169 0.158272 0.974807 -0.977417 0.166119 0.130619
-2.250820 -12.510581 -15.877888 -40.743777 0.117877 0.978381 -0.169926 0.049829 0.165076 0.985021 -0.991777 0.124578 0.029293
-2.418510 -12.895911 -17.499214 -3.149677 0.122862 0.979844 -0.157514 0.297703 0.115018 0.947704 -0.946719 0.163329 0.277572
-2.493522 -12.709818 -7.786255 -16.969438 0.171601 0.966744 -0.189631 0.314837 0.128578 0.940396 -0.933505 0.221076 0.282303
-7.709802 -8.916485 -117.544527 -42.109533 -0.718038 -0.694696 -0.042663 -0.654952 0.695156 -0.296304 0.235498 -0.184815 -0.954140
-7.202657 -9.794106 -34.043110 -21.558198 0.848252 0.526550 -0.056692 -0.515249 0.795789 -0.318180 0.122423 -0.299107 -0.946334
-7.160608 -9.048709 35.368811 -78.347511 0.654973 0.752883 -0.064628 0.753549 -0.644380 0.130151 0.056343 -0.133946 -0.989386
-6.581848 -8.870281 163.498401 -57.716853 0.349335 0.936864 0.015850 -0.920744 0.346363 -0.179620 0.173769 -0.048154 -0.983608
2.101949 -18.911808 79.327867 162.079838 0.130333 0.991466 -0.002923 0.249904 -0.029998 0.967806 -0.959459 0.126868 0.251681
1.758268 -19.258000 56.830196 726.261483 0.112301 0.993451 -0.021048 0.529962 -0.041963 0.846983 -0.840553 0.106272 0.531203
1.964398 -19.466952 36.823814 429.512440 0.088971 0.995750 -0.023806 0.449230 -0.018784 0.893218 -0.888975 0.090165 0.448992
2.421065 -19.864210 16.329458 -102.178829 0.084601 0.996411 0.002681 0.083191 -0.009744 0.996486 -0.992936 0.084081 0.083717
2.084621 -21.031632 44.233938 -415.344210 0.111894 0.993506 0.020608 -0.078727 -0.011810 0.996826 -0.990597 0.113162 -0.076894
-3.337973 -58.213778 122.413055 -3324.941733 -0.182794 0.043291 -0.982198 0.982608 -0.025172 -0.183980 -0.032689 -0.998745 -0.037937
-3.910249 -20.182812 34.906647 -1032.926595 0.125554 -0.028662 -0.991673 0.990981 -0.043558 0.126726 -0.046828 -0.998640 0.022934
-3.367376 -8.173515 -14.576798 -381.883055 0.253661 -0.002789 -0.967289 0.963796 -0.084226 0.252988 -0.082176 -0.996443 -0.018677
-11.444967 -67.135289 -340.802635 -4029.069872 -0.134544 0.057475 -0.989239 0.989597 -0.043527 -0.137122 -0.050940 -0.997398 -0.051021
-4.342896 -62.893590 96.603779 -2775.631894 0.018068 0.051798 -0.998494 0.982481 0.184347 0.027342 0.185486 -0.981495 -0.047559
0.261737 -7.880227 -75.149999 -194.089797 0.097769 0.985849 -0.136175 0.447172 -0.165757 -0.878955 0.889088 -0.025041 0.457050
-0.644982 -11.426247 56.642017 -455.423261 -0.032602 0.997502 0.062671 0.450015 0.070639 -0.890223 0.892426 0.000821 0.451194
0.179120 -8.878312 9.092245 -18.922553 0.062769 0.986699 -0.149949 0.493137 -0.161286 -0.854870 0.867684 0.020286 0.496702
1.617777 -14.263946 -46.071477 479.241871 0.086034 0.972054 -0.218424 0.460563 -0.233209 -0.856443 0.883448 0.026915 0.467756
-5.791996 -9.317495 -16.818294 -4.408599 0.331088 0.938954 -0.093526 0.895493 -0.281417 0.344815 -0.297445 0.197916 0.934000
-5.494752 -9.365840 10.858940 0.773858 0.231348 0.972609 -0.022563 0.914281 -0.209430 0.346742 -0.332519 0.100847 0.937689
-5.344775 -9.059340 -6.086704 42.761844 0.278541 0.959133 -0.049783 0.942804 -0.263180 0.204588 -0.183125 0.103922 0.977581
-5.891776 -8.944336 43.461583 44.958760 -0.349483 -0.930609 0.108760 0.927120 -0.326717 0.183590 -0.135316 0.164995 0.976968
-6.406131 -9.123484 55.176367 34.705534 -0.368400 -0.913177 0.174324 0.914809 -0.322691 0.242889 -0.165548 0.248953 0.954262
-4.597380 -6.746257 13.777649 49.356259 -0.896963 -0.387218 -0.213352 -0.366867 0.921207 -0.129560 0.246709 -0.037939 -0.968347
-4.572153 -6.038462 6.482179 51.582948 -0.916429 -0.359574 -0.175683 -0.353485 0.933115 -0.065916 0.187635 0.001694 -0.982237
-4.933950 -6.074233 0.707244 86.575900 -0.972828 -0.021249 -0.230552 -0.040703 0.995967 0.079955 0.227923 0.087166 -0.969770
-5.045907 -7.378578 34.922226 85.438164 -0.866905 -0.423105 -0.263547 -0.401762 0.906031 -0.133020 0.295064 -0.009433 -0.955431
-2.601868 -6.479136 11.829147 -13.962724 -0.248122 0.956890 0.150985 0.256261 0.215141 -0.942361 0.934219 0.195129 0.298595
-2.799323 -6.285629 -77.583288 -26.789232 -0.202286 0.947966 0.245849 0.279442 0.296474 -0.913244 0.938612 0.116036 0.324874
-2.284043 -6.813391 -13.350503 -31.612980 -0.226190 0.951252 0.209660 0.182152 0.252748 -0.950231 0.956901 0.176742 0.230441
-1.615063 -6.842934 127.310677 -27.684132 -0.276400 0.956647 0.091814 0.198008 0.150174 -0.968628 0.940423 0.249548 0.230932
-1.851606 -6.504213 146.171441 -19.236098 -0.269527 0.962612 0.027090 0.311186 0.113684 -0.943525 0.911328 0.245875 0.330192
0.111765 -5.789775 -2.693272 -8.399547 0.171981 0.982710 0.068585 0.938652 -0.142348 -0.314118 0.298924 -0.118400 0.946903
0.281122 -5.363429 -9.864366 -30.168105 0.169696 0.982352 0.078663 0.960865 -0.147192 -0.234677 0.218957 -0.115408 0.968885
0.143423 -5.550791 11.818770 -46.332600 0.196797 0.978220 0.066003 0.947082 -0.172257 -0.270857 0.253588 -0.115814 0.960354
-0.037346 -6.169443 7.253219 -22.080322 0.199368 0.978229 0.057625 0.910663 -0.163241 -0.379534 0.361864 -0.128144 0.923382
1.394554 -7.500813 -34.145253 -20.003573 -0.247195 0.968589 0.027023 -0.355689 -0.116647 0.927297 -0.901321 -0.219611 -0.373351
1.658040 -7.214548 6.241911 -14.339723 -0.203957 0.977337 0.056684 -0.358399 -0.128424 0.924693 -0.911017 -0.168282 -0.376470
1.447324 -7.735260 -12.372739 -24.572630 -0.218159 0.975026 0.041613 -0.248570 -0.096749 0.963770 -0.943726 -0.199912 -0.263469
1.002643 -7.618470 -46.025959 -8.172489 -0.266570 0.963815 -0.000978 -0.351675 -0.096321 0.931154 -0.897366 -0.248562 -0.364626
1.290735 -7.013074 -34.818693 -38.053232 -0.265930 0.963671 0.024866 -0.452313 -0.147514 0.879575 -0.851290 -0.222658 -0.475109
1.580777 -6.731194 -3.122973 -31.742993 -0.228314 0.971886 0.057532 -0.444499 -0.156631 0.881979 -0.866195 -0.175795 -0.467763
-0.363338 -4.922679 38.756303 -0.462896 -0.013913 0.973038 -0.230224 -0.183602 -0.228817 -0.955998 0.982902 -0.028969 -0.181836
0.141298 -6.042621 24.547131 202.377096 0.027793 0.987739 -0.153619 -0.167276 -0.146915 -0.974902 0.985518 -0.052793 -0.161142
0.005981 -6.621299 16.460520 137.151722 0.005995 0.976434 -0.215734 -0.136670 -0.212913 -0.967465 0.990599 -0.035284 -0.132172
-0.506873 -6.845876 -35.530560 -97.955170 -0.022573 0.913666 -0.405839 -0.195001 -0.402169 -0.894558 0.980543 -0.058946 -0.187244
0.097436 -6.002855 -20.002650 55.478961 0.006773 0.963206 -0.268678 -0.146857 -0.264812 -0.953052 0.989135 -0.045912 -0.139660
0.552660 -7.839258 -21.165694 171.681655 0.023931 0.976163 -0.215717 -0.060259 -0.213978 -0.974978 0.997896 -0.036331 -0.053702
41.005657 -7.223737 2191.573854 -46.921852 -0.282687 0.947869 -0.147078 0.057846 0.169899 0.983762 -0.957467 -0.269589 0.102858
25.788933 -7.639198 1513.225531 35.968506 -0.195656 0.976850 -0.086501 0.093079 0.106306 0.989967 -0.976245 -0.185642 0.111723
19.029770 -6.477872 920.406744 28.006951 -0.256801 0.962231 -0.090363 0.175818 0.138451 0.974638 -0.950337 -0.234401 0.204731
1.719337 -4.350631 -8.683438 -4.139688 0.123606 0.918003 -0.376818 -0.426106 -0.293839 -0.855624 0.896189 -0.266324 -0.354846
2.503333 -4.470738 -14.344600 -6.451714 0.149204 0.933405 -0.326333 -0.485776 -0.218262 -0.846394 0.861255 -0.284810 -0.420860
1.437804 -4.772028 -55.706048 -11.107557 0.130439 0.887832 -0.441294 -0.455337 -0.341736 -0.822122 0.880712 -0.308175 -0.359687
2.093518 -4.196404 -7.583648 -3.185226 0.147478 0.955061 -0.257118 -0.428996 -0.172466 -0.886689 0.891186 -0.241070 -0.384282
1.226731 -4.463975 4.804935 -13.353243 0.084478 0.872441 -0.481363 -0.377167 -0.419147 -0.825870 0.922285 -0.251322 -0.293647
1.012991 -4.249829 3.879305 -1.243757 0.098076 0.899987 -0.424741 -0.370943 -0.362981 -0.854778 0.923462 -0.241388 -0.298244
1.229773 -4.121771 -21.407423 1.039019 0.137187 0.940109 -0.312050 -0.370291 -0.243516 -0.896429 0.918730 -0.238528 -0.314707
3.991662 -6.435126 196.025827 -24.329457 -0.349262 0.936895 0.015600 -0.843493 -0.321606 0.430220 -0.408088 -0.137101 -0.902589
1.243562 -5.893781 82.873382 -21.549856 -0.312357 0.949860 0.014137 -0.875725 -0.293682 0.383219 -0.368156 -0.107321 -0.923549
1.426698 -6.184828 92.452053 -35.531741 -0.268784 0.963199 -0.001543 -0.854179 -0.237620 0.462510 -0.445122 -0.125633 -0.886613
3.519403 -6.760585 166.952704 -51.445758 -0.269574 0.962979 0.001389 -0.827176 -0.232295 0.511682 -0.493061 -0.136787 -0.859174
7.886648 -6.932361 368.732625 -36.148913 -0.366897 0.930184 0.012037 -0.799007 -0.321730 0.508014 -0.476419 -0.176771 -0.861265
9.065906 -6.941021 347.996583 -12.165097 -0.464834 0.885398 0.000316 -0.789579 -0.414690 0.452325 -0.400619 -0.210007 -0.891853
5.426977 -6.596313 215.656684 -7.322475 -0.447812 0.894070 0.010196 -0.833054 -0.421339 0.358460 -0.324785 -0.152029 -0.933489
-0.028922 -9.372705 5.722479 51.108703 -0.028943 0.997207 -0.068849 -0.915668 0.001173 0.401933 -0.400891 -0.074676 -0.913077
0.352017 -7.933849 -2.318377 97.869561 -0.118616 0.992364 -0.033820 -0.820557 -0.078787 0.566108 -0.559121 -0.094900 -0.823637
0.112042 -8.317998 6.080152 94.906359 -0.084037 0.995396 -0.046102 -0.878838 -0.052232 0.474252 -0.469660 -0.080371 -0.879181
-0.141784 -9.634628 -18.158849 39.370179 -0.030911 0.996041 -0.083343 -0.950622 -0.003535 0.310330 -0.308807 -0.088820 -0.946968
0.239520 -3.539697 19.161648 -29.386810 -0.103605 0.992812 0.059919 0.492135 0.103522 -0.864342 0.864332 0.060062 0.499323
0.174715 -4.012912 24.565702 -37.151399 -0.102756 0.993679 0.045196 0.456300 0.087462 -0.885517 0.883873 0.070369 0.462403
0.398413 -3.998980 9.690153 -33.389367 -0.093247 0.994020 0.056830 0.453901 0.093243 -0.886160 0.886160 0.056836 0.459881
-0.079760 -3.834592 22.797799 -44.562163 -0.106492 0.992975 0.051572 0.480131 0.096772 -0.871843 0.870709 0.068083 0.487063
0.490171 -3.532786 10.375231 -36.459078 -0.089262 0.994398 0.056604 0.501891 0.093994 -0.859808 0.860313 0.048339 0.507470
0.268880 -3.113556 17.736099 -21.810931 -0.103684 0.992468 0.065240 0.535581 0.110983 -0.837159 0.838094 0.051859 0.543055
-0.086560 -3.320330 18.389355 -35.031024 -0.123888 0.988172 0.090374 0.517993 0.142084 -0.843502 0.846366 0.057686 0.529469
-0.780692 -7.429644 42.310529 -109.633706 -0.050939 0.981686 0.183567 -0.408948 0.147187 -0.900610 0.911135 0.120945 -0.393961
-0.124867 -7.795497 62.081704 -88.338157 -0.059854 0.974877 0.214550 -0.405468 0.172661 -0.897655 0.912147 0.140721 -0.384948
-0.380992 -7.285164 49.013012 -65.798091 -0.056600 0.982061 0.179868 -0.336069 0.150903 -0.929670 0.940135 0.113068 -0.321499
-0.957903 -7.010468 34.077987 -64.838079 -0.056416 0.987365 0.148078 -0.337655 0.120706 -0.933498 0.939578 0.102664 -0.326579
-1.734080 -14.183705 18.102141 58.120348 0.140620 0.973178 -0.182070 0.445018 0.102145 0.889677 -0.884412 0.206131 0.418718
-1.562288 -14.782309 15.697248 61.472233 0.134543 0.975959 -0.171469 0.275041 0.129462 0.952676 -0.951972 0.175337 0.251011
-1.987481 -14.215496 18.409966 52.166620 0.124602 0.981491 -0.145431 0.419301 0.080755 0.904248 -0.899256 0.173650 0.401478
1.588990 -22.810368 25.588591 -270.899391 -0.169224 0.962454 -0.212240 -0.849285 -0.033135 0.526893 -0.500078 -0.269416 -0.823005
0.656001 -22.702408 76.205483 -242.057164 -0.200707 0.971461 -0.126412 -0.797861 -0.087221 0.596498 -0.568449 -0.220581 -0.792597
-0.416020 -25.785632 102.783972 -138.154246 -0.142882 0.977617 -0.154430 -0.638437 0.028191 0.769158 -0.756296 -0.208493 -0.620119
-1.023082 -24.995467 58.704259 -76.048611 -0.204245 0.971420 -0.120944 -0.597163 -0.025742 0.801707 -0.775681 -0.235968 -0.585354
0.894815 -25.115230 -6.229455 -157.734796 -0.142071 0.960247 -0.240295 -0.690478 0.077806 0.719157 -0.709265 -0.268090 -0.651975
-0.661558 -24.808534 85.410651 32.325324 -0.133541 0.972505 -0.190791 -0.376013 0.128402 0.917675 -0.916941 -0.194287 -0.348527
-1.918211 -24.590932 70.195190 51.848215 -0.170806 0.977036 -0.127377 -0.361511 0.058118 0.930555 -0.916589 -0.204993 -0.343282
-4.833074 -13.297813 2.263628 7.945904 -0.353816 0.848402 -0.393737 0.041920 -0.406160 -0.912840 0.934375 0.339483 -0.108141
-5.029421 -13.300198 -16.197238 30.653336 -0.407235 0.832847 -0.374867 -0.083794 -0.442782 -0.892705 0.909471 0.332130 -0.250104
-4.960160 -13.364960 -15.479627 3.970635 -0.406200 0.828076 -0.386383 0.131987 -0.365236 -0.921511 0.904202 0.425315 -0.039064
-0.014311 -35.792955 6.195837 -270.357213 -0.448448 0.878161 0.166515 0.442473 0.056245 0.895016 -0.776603 -0.475047 0.413785
0.156068 -31.898073 13.511282 -366.954831 -0.465150 0.872430 0.150003 0.119471 -0.106032 0.987160 -0.877133 -0.477098 0.054910
0.156310 -32.314789 5.990013 -325.290140 -0.459673 0.874656 0.153875 0.213424 -0.059390 0.975153 -0.862062 -0.481092 0.159372
-0.017299 -35.941249 -6.212978 -198.543786 -0.456252 0.873248 0.171090 0.516816 0.103525 0.849814 -0.724386 -0.476151 0.498542
-1.528686 -37.047309 264.724676 1746.713543 0.311712 0.588739 -0.745803 -0.079336 0.798295 0.597018 0.946859 -0.126929 0.295546
-5.610428 -12.952473 -38.778382 90.707469 -0.131729 0.807108 0.575521 0.234098 0.589488 -0.773112 0.963247 -0.032887 0.266595
98.036206 -597.648241 -2007.250781 36757.544829 -0.139350 0.819171 0.556364 0.356650 0.565658 -0.743527 0.923787 -0.094817 0.370982
-7.823952 -114.207359 757.449673 5543.991143 0.155546 0.523600 -0.837645 -0.019805 0.849448 0.527300 0.987630 -0.065430 0.142499
-4.025056 -75.621946 24.468942 -3664.459627 0.191309 0.964376 -0.182701 0.191486 -0.219233 -0.956698 0.962670 -0.148040 0.226605
-6.863256 -22.282162 488.854777 488.603842 0.120586 0.506021 -0.854050 0.039117 0.857238 0.513433 0.991932 -0.095321 0.083577
2.802801 -8.394929 -1308.033272 107.581564 0.549260 0.359362 -0.754435 0.012563 0.899157 0.437445 0.835557 -0.249749 0.489357
1.087556 -16.169279 38.706362 216.922798 -0.117615 0.982888 -0.141768 0.050589 -0.136643 -0.989328 0.991770 0.123531 0.033652
1.063413 -14.959736 44.068069 144.173060 -0.129607 0.982066 -0.136924 -0.129006 -0.153616 -0.979673 0.983138 0.109308 -0.146603
1.776511 -15.093335 38.170428 155.435566 -0.100012 0.980726 -0.167850 -0.119551 -0.179319 -0.976500 0.987778 0.077595 -0.135181
1.681546 -16.416991 47.692179 184.543547 -0.104474 0.980801 -0.164667 0.092646 -0.155255 -0.983520 0.990203 0.118008 0.074648
2.191425 -15.238070 -3.842645 127.489198 -0.029217 0.979667 -0.198489 -0.068675 -0.200072 -0.977371 0.997211 0.014924 -0.073125
1.545600 -7.537801 14.549692 -25.927522 -0.180016 0.981834 0.059973 -0.298769 -0.112664 0.947652 -0.937193 -0.152674 -0.313623
1.527790 -7.934041 9.326978 -45.031291 -0.180497 0.980963 0.071646 -0.186834 -0.105711 0.976687 -0.965668 -0.162904 -0.202357
2.719375 -14.545094 26.626547 -318.123090 0.010318 0.924423 -0.381229 0.947400 -0.131001 -0.292015 -0.319887 -0.358163 -0.877150
2.831926 -18.898636 45.244070 -316.810476 -0.024020 0.928669 -0.370131 0.999054 0.008869 -0.042582 -0.036262 -0.370803 -0.928003
2.815132 -15.657106 44.003947 -331.594622 0.001396 0.946121 -0.323810 0.966373 -0.084541 -0.242848 -0.257139 -0.312583 -0.914424
2.772019 -17.972147 -14.563552 -487.039565 -0.010151 0.894935 -0.446082 0.974912 -0.090344 -0.203434 -0.222361 -0.436955 -0.871565
2.756199 -12.347835 29.523898 258.422025 0.018613 0.911178 -0.411592 -0.924598 0.172347 0.339727 -0.380488 -0.374234 -0.845682
-0.450742 -2.238361 -28.129183 -38.862490 0.974520 -0.159454 0.157749 -0.195715 -0.948061 0.250752 -0.109572 0.275237 0.955112
-0.696363 -1.586378 -19.725172 -31.466267 0.898840 -0.379548 0.219159 -0.427402 -0.869782 0.246590 -0.097028 0.315314 0.944014
-0.297890 -1.794665 -19.294854 -43.470436 0.980990 -0.119549 0.152859 -0.158510 -0.948059 0.275786 -0.111949 0.294773 0.948987
-0.029724 -2.560440 -18.309163 -35.776608 0.989587 -0.055484 0.132814 -0.085827 -0.968195 0.235017 -0.115550 0.243969 0.962875
-32.042453 -47.796352 863.789165 1420.464828 -0.320494 0.944508 0.072029 0.904252 0.327710 -0.273743 0.282157 0.022600 0.959102
-29.648231 -42.324565 262.029533 742.190205 0.674109 -0.626069 -0.391938 0.693854 0.718685 0.045381 0.253268 -0.302539 0.918872
-25.076962 -47.506010 378.200025 2048.424107 0.764705 -0.479300 -0.430694 0.398565 0.877010 -0.268326 0.506332 0.033531 0.861687
-20.839271 -33.586387 662.814958 1167.404831 -0.331760 0.943208 0.017138 0.738307 0.270911 -0.617665 0.587229 0.192264 0.786255
-17.441951 -53.767937 472.886774 2765.269372 0.717570 -0.218183 -0.661430 0.092264 0.971075 -0.220230 0.690348 0.097004 0.716944
-6.423674 -12.324013 -183.081010 -437.495741 -0.556639 -0.005021 -0.830740 0.830747 0.000983 -0.556650 0.003611 -0.999987 0.003624
-6.258274 -9.248068 -130.568756 -84.766179 -0.424854 -0.011994 -0.905182 0.905251 -0.010616 -0.424745 -0.004515 -0.999872 0.015368
-4.975279 -41.415541 -67.004439 1990.555405 0.479703 -0.019086 -0.877224 0.875691 -0.052525 0.480007 -0.055237 -0.998437 -0.008483
-8.609383 -12.883624 -12.268817 353.966314 0.600847 0.755132 0.262218 -0.776841 0.628927 -0.031120 0.188416 0.185003 -0.964507
-7.545711 -10.875493 114.885659 93.224172 -0.170693 0.958875 0.226765 -0.948236 -0.097310 -0.302291 0.267793 0.266626 -0.925850
-5.857604 -9.573840 -21.066548 -93.738025 -0.419079 0.882180 0.214781 0.892978 0.357688 0.273221 0.164206 0.306296 -0.937667
0.850698 -9.274618 -9.403931 -28.668373 0.401850 0.861808 -0.309522 0.890832 -0.446173 -0.085726 -0.211980 -0.241283 -0.947020
0.889257 -8.266120 40.809228 -19.349411 0.434704 0.847204 -0.305415 0.877429 -0.474824 -0.068272 -0.202859 -0.238302 -0.949769
1.084924 -10.496544 5.207738 -184.688625 0.434389 0.844119 -0.314277 0.891779 -0.452100 0.018304 -0.126634 -0.288217 -0.949155
0.902708 -8.715996 -18.304939 -103.916727 0.353120 0.880616 -0.315945 -0.879575 0.427564 0.208657 -0.318833 -0.204216 -0.925549
2.088802 -10.908895 -60.284896 -111.161376 0.387058 0.872481 -0.298267 0.911789 -0.410306 -0.016995 -0.137209 -0.265379 -0.954331
1.697961 -9.755525 -84.747243 27.025171 0.365339 0.872363 -0.324822 -0.878966 0.438179 0.188196 -0.306506 -0.216752 -0.926862
2.455239 -14.560329 164.609073 -278.186497 -0.499694 0.705965 0.501916 -0.581940 -0.702805 0.409159 -0.641601 0.087631 -0.762016
0.775475 -12.148197 106.387169 -292.602914 -0.501345 0.717382 0.483752 -0.679724 -0.672483 0.292817 -0.535377 0.182016 -0.824768
1.583185 -9.979346 148.490205 299.588322 -0.522832 0.679214 0.515087 0.711400 0.680566 -0.175325 -0.469634 0.274768 -0.839015
-0.627194 -7.092250 -20.792862 2.073844 -0.144527 0.989292 0.020340 0.515946 0.057803 0.854669 -0.844341 -0.134017 0.518775
-0.266817 -7.163931 -31.968134 -2.317807 -0.157492 0.986975 0.032823 0.475301 0.046626 0.878587 -0.865612 -0.153972 0.476454
-0.431123 -7.071718 -22.029379 -4.486229 -0.147931 0.988425 0.033663 0.575773 0.058397 0.815522 -0.804116 -0.140024 0.577747
2.880364 -7.321522 263.142501 -3.820841 -0.315020 -0.682586 -0.659423 0.942615 -0.144027 -0.301221 0.110634 -0.716472 0.688787
3.696486 -7.163689 232.644098 21.231686 -0.324907 -0.700207 -0.635725 0.911734 -0.053253 -0.407315 0.251351 -0.711951 0.655705
5.528559 -7.639650 143.008259 -51.774712 -0.219798 -0.769768 -0.599288 0.958055 -0.054520 -0.281351 0.183901 -0.635991 0.749464
-0.234745 -7.768092 198.235035 28.221925 -0.411690 -0.676582 -0.610531 0.907842 -0.245972 -0.339588 0.079586 -0.694071 0.715494
0.903785 -7.969131 299.015688 12.163601 -0.332494 -0.663697 -0.670040 0.943104 -0.232699 -0.237500 0.001711 -0.710885 0.703306
3.055877 -7.768982 209.194380 39.056095 -0.249509 -0.716419 -0.651529 0.968022 -0.166422 -0.187716 0.026054 -0.677531 0.735033
5.032212 -7.603382 164.094318 -13.143308 -0.207031 -0.764338 -0.610677 0.974657 -0.107065 -0.196421 0.084750 -0.635865 0.767133
-1.284271 -10.963908 6.906388 12.462119 0.100125 0.992100 -0.075584 -0.929430 0.120375 0.348813 -0.355156 -0.035325 -0.934139
-1.380193 -10.938017 -16.896497 24.147529 0.116681 0.989722 -0.082683 -0.916528 0.139372 0.374903 -0.382573 -0.032038 -0.923369
-1.107630 -11.089765 -4.119272 -46.545894 0.121622 0.989026 -0.083882 -0.980159 0.132996 0.146971 -0.156514 -0.064343 -0.985578
-1.494314 -10.874181 -1.020494 66.964366 0.093748 0.993024 -0.071523 -0.831210 0.117609 0.543377 -0.547998 -0.008510 -0.836437
-1.157564 -11.263729 9.244956 -67.590415 0.087788 0.992368 -0.086602 -0.986784 0.098521 0.128653 -0.136203 -0.074163 -0.987901
-1.185662 -11.116000 11.000132 1.747266 0.079381 0.992633 -0.091535 -0.935228 0.105942 0.337824 -0.345033 -0.058789 -0.936748
-1.372555 -11.229634 0.861528 76.017742 0.082281 0.992329 -0.092265 -0.845035 0.118547 0.521405 -0.528343 -0.035065 -0.848307
-0.140525 -8.675316 -37.252770 33.815615 0.326411 0.940640 0.093011 0.385661 -0.042695 -0.921652 0.862972 -0.336709 0.376705
-0.045101 -8.901271 -23.815626 10.835299 0.317375 0.942427 0.105378 0.485860 -0.066170 -0.871528 0.814379 -0.327800 0.478888
-0.085443 -8.609018 -36.389690 28.118355 0.324473 0.941169 0.094432 0.360899 -0.030901 -0.932093 0.874339 -0.336519 0.349694
0.023165 -8.528840 -23.577400 7.265727 0.324116 0.942810 0.077832 0.275953 -0.015529 -0.961046 0.904875 -0.332969 0.265205
-0.190489 -8.520861 -1.981415 32.739578 0.311064 0.947034 0.079787 0.351597 -0.036677 -0.935433 0.882960 -0.319032 0.344383
1.246267 -13.745998 27.422549 86.403569 0.016782 0.999855 -0.002937 -0.883209 0.016201 0.468699 -0.468679 0.005271 -0.883353
1.161004 -13.203215 -3.933926 63.671772 -0.017204 0.998778 -0.046327 -0.892240 0.005575 0.451528 -0.451235 -0.049103 -0.891053
0.595292 -15.276796 11.347799 116.705155 0.064792 0.997070 -0.040666 -0.943585 0.074476 0.322645 -0.324729 -0.017467 -0.945646
-1.686880 -12.871582 17.315335 -26.269458 0.063407 0.974316 -0.216074 0.888562 -0.153686 -0.432247 0.454353 0.164588 0.875485
-1.983842 -12.931018 5.795702 -23.978765 0.071265 0.982869 -0.169967 0.847429 -0.149538 -0.509413 0.526103 0.107732 0.843569
-1.548306 -13.393178 28.779105 -34.380216 0.059292 0.974451 -0.216634 0.787681 -0.178984 -0.589511 0.613224 0.135685 0.778168
-1.334744 -13.652413 31.918567 -45.350847 0.069167 0.962660 -0.261729 0.841184 -0.197321 -0.503462 0.536307 0.185340 0.823422
-1.719843 -13.183334 31.342555 -36.668016 0.078433 0.962537 -0.259559 0.932708 -0.162781 -0.321805 0.352000 0.216853 0.910533
2.596432 -8.384003 48.440560 50.476880 0.102075 0.952621 -0.286521 -0.640799 -0.157340 -0.751413 0.760893 -0.260303 -0.594378
2.447413 -9.123434 68.444821 149.651598 0.056934 0.955274 -0.290189 -0.569834 -0.207574 -0.795112 0.819785 -0.210628 -0.532530
-0.349945 -2.181060 126.374605 13.894918 0.937551 0.231878 -0.259289 0.313940 -0.885063 0.343663 0.149799 0.403603 0.902588
2.140363 -1.829619 160.850999 -8.431676 0.989165 -0.008846 -0.146541 0.048178 -0.923343 0.380941 0.138677 0.383874 0.912913
-0.559472 -2.441647 86.775732 31.590024 0.900202 0.326052 -0.288662 0.416097 -0.839545 0.349323 0.128448 0.434573 0.891430
-1.641556 -3.215026 -43.421623 90.291527 -0.552067 -0.720683 0.419330 0.825210 -0.544259 0.151032 0.119378 0.429415 0.895182
-1.425370 -5.089349 -32.550729 -128.865742 0.293245 0.949301 -0.113287 -0.326358 -0.011980 -0.945170 0.898609 -0.314139 -0.306299
16.098829 -7.847244 701.778544 11.311513 0.551411 0.833510 0.034738 -0.307228 0.241610 -0.920454 0.775601 -0.496876 -0.389304
11.314010 -8.159568 337.953609 -28.968633 0.595178 0.803121 -0.027568 -0.423104 0.284019 -0.860416 0.683188 -0.523765 -0.508846
17.872267 -7.031212 683.903089 -52.194301 0.671431 0.738458 0.062127 -0.261684 0.314694 -0.912409 0.693327 -0.596362 -0.404538
2.250287 -5.869561 41.725827 72.582749 0.813626 0.581301 0.010088 -0.581350 0.813650 0.002597 0.006699 0.007978 -0.999946
2.582858 -5.293933 -44.740707 71.228432 -0.842734 -0.538098 0.015800 -0.537361 0.842615 0.035258 -0.032286 0.021223 -0.999253
3.460122 -6.322395 73.106525 93.782479 0.855459 0.517142 -0.027461 -0.517763 0.855160 -0.024970 -0.010570 -0.035579 -0.999311
3.703006 -5.458867 -101.616484 106.935115 -0.875305 -0.482540 0.031577 -0.481596 0.875764 0.033197 -0.043673 0.013850 -0.998950
2.396893 -32.901927 63.700054 211.409361 0.489572 0.871618 -0.024525 -0.366683 0.231315 0.901131 -0.791115 0.432175 -0.432853
6.001900 -34.328298 78.340724 -563.072485 0.497627 0.865656 -0.054842 -0.642672 0.410429 0.646931 -0.582528 0.286685 -0.760574
3.386122 -35.316903 130.094562 -326.567329 0.481284 0.872006 0.089277 -0.573344 0.236121 0.784553 -0.663055 0.428780 -0.613601
0.908739 -31.800013 84.015624 358.629117 0.471762 0.877353 0.087701 -0.268076 0.047964 0.962203 -0.839985 0.477442 -0.257825
0.702891 -29.226110 107.237081 718.152805 0.486194 0.873824 0.006904 -0.047141 0.018339 0.998720 -0.872579 0.485897 -0.050110
1.763329 -29.100954 83.124023 482.678578 0.491318 0.866804 -0.085198 -0.108381 0.157902 0.981489 -0.864211 0.472989 -0.171525
5.796548 -1.522782 -35.019063 27.598855 0.986753 -0.040292 0.157146 -0.100018 -0.913760 0.393749 -0.127729 0.404250 0.905686
5.567643 -1.741610 -44.539825 13.083705 0.982788 -0.039918 0.180371 -0.114531 -0.897746 0.425364 -0.144948 0.438701 0.886866
5.195408 -2.080367 80.582455 1.906530 0.996839 -0.059848 0.052260 -0.077219 -0.884640 0.459836 -0.018711 0.462418 0.886465
-3.456192 -8.010251 80.827808 -50.525760 0.631931 0.770282 -0.085607 0.545372 -0.363476 0.755284 -0.550666 0.523975 0.649782
-2.731265 -6.429773 83.428174 14.781651 0.659045 0.741795 -0.124095 0.521938 -0.332291 0.785597 -0.541517 0.582514 0.606166
1.222840 -61.511582 -36.951542 -1171.973143 0.346538 0.886634 0.306253 -0.896086 0.409444 -0.171422 0.277382 0.215025 -0.936388
0.749293 -53.354757 -73.835524 -962.342455 0.358112 0.894189 0.268666 -0.894814 0.410846 -0.174681 0.266578 0.177850 -0.947262
1.068149 -58.422447 -77.195806 -1865.916124 0.381424 0.883864 0.270739 -0.686399 0.466975 -0.557486 0.619170 -0.026803 -0.784799
-1.373896 -14.970093 114.137437 -187.967697 0.087000 0.899744 0.427659 -0.678977 -0.260581 0.686358 -0.728987 0.350083 -0.588235
-3.566224 -13.575320 141.910179 -244.013250 0.193739 0.931053 0.309201 -0.646865 -0.115723 0.753773 -0.737584 0.346046 -0.579846
-1.419542 -14.592682 89.266667 -108.835545 0.166508 0.929320 0.329605 -0.496257 -0.209871 0.842427 -0.852059 0.303839 -0.426236
4.786430 -2.618294 135.375877 56.167898 0.999392 -0.034793 0.002027 -0.031328 -0.871349 0.489663 0.015271 0.489429 0.871910
4.287497 -2.954196 42.056324 49.855557 0.997714 -0.008832 0.066998 -0.042140 -0.856365 0.514648 -0.052830 0.516295 0.854780
3.298319 -3.131906 118.476063 61.091647 0.998163 0.008564 -0.059978 0.038334 -0.855874 0.515762 0.046917 0.517114 0.854630
5.725421 -2.393259 -165.882834 23.693619 0.956614 0.016816 0.290874 0.066766 0.959116 -0.275025 -0.283607 0.282513 0.916381
-3.447257 -6.027919 21.034791 12.742456 0.059430 0.993420 -0.097904 0.934786 -0.020976 0.354591 -0.350204 0.112593 0.929882
-3.183757 -5.411698 31.007870 31.410947 0.036350 0.984210 -0.173233 0.954882 0.016922 0.296504 -0.294754 0.176195 0.939189
-2.853189 -6.065717 31.902957 17.617404 -0.056297 0.976850 -0.206383 0.921747 0.130289 0.365250 -0.383684 0.169670 0.907744
-2.169648 -11.533031 -31.960814 -57.112834 0.130360 0.973695 -0.186881 -0.141273 0.204808 0.968553 -0.981350 0.099859 -0.164255
-2.055086 -11.631667 7.875382 -64.832852 0.126776 0.976076 -0.176646 -0.150295 0.194928 0.969234 -0.980479 0.096326 -0.171411
-2.272374 -12.830326 16.998894 -5.040159 0.122581 0.981802 -0.145046 0.222537 0.115236 0.968090 -0.967187 0.150948 0.204362
-7.457734 -9.302002 192.514147 -0.379321 0.960277 0.162572 0.226801 -0.071471 0.928942 -0.363262 0.269741 -0.332622 -0.903660
-6.500395 -9.793572 62.041168 -35.206296 0.967588 0.226448 0.111777 -0.148164 0.867491 -0.474876 0.204500 -0.442924 -0.872925
-4.749306 -10.125397 -258.900142 -21.790088 0.888688 0.421376 -0.180764 -0.458349 0.805904 -0.374748 0.012232 -0.415887 -0.909334
2.260131 -19.394191 6.454450 418.283371 0.049858 0.998037 -0.037890 0.630646 -0.002042 0.776068 -0.774468 0.062588 0.629510
1.607703 -17.522809 9.919825 324.868080 0.065697 0.992726 -0.100893 0.664445 0.031913 0.746655 -0.744444 0.116091 0.657515
1.294849 -18.008578 58.738062 794.097260 0.133970 0.986803 -0.090948 0.562432 -0.000151 0.826843 -0.815918 0.161924 0.555030
-2.433140 -8.154700 -34.054228 -384.573729 0.433450 -0.070898 -0.898384 0.898171 -0.047371 0.437086 -0.073546 -0.996358 0.043146
-3.469242 -30.761799 -73.333969 -1409.719496 0.223490 -0.109636 -0.968521 0.974690 0.030926 0.221413 0.005678 -0.993491 0.113773
-1.869746 -10.863615 -70.980454 -496.483479 0.340428 -0.133032 -0.930812 0.939400 0.005531 0.342779 -0.040452 -0.991096 0.126853
-2.314050 -30.042094 -97.077083 -1355.082308 0.207342 -0.175628 -0.962374 0.973651 0.132513 0.185589 0.094932 -0.975497 0.198476
