14102
28184
-6.473063 -9.742114 53.808193 103.096600 -0.320610 0.945184 -0.061938 -0.591108 -0.250743 -0.766629 0.740136 0.209177 -0.639096
-6.888037 -10.805609 -24.359217 283.066571 0.156590 0.928890 0.335622 -0.699331 0.344237 -0.626448 0.697435 0.136615 -0.703506
-6.039692 -8.015772 48.056433 104.611818 -0.418748 0.893305 -0.163269 -0.636356 -0.416922 -0.649020 0.647843 0.167878 -0.743045
-5.424459 -7.150185 -26.732730 147.277449 -0.146171 0.989257 -0.002120 -0.781323 -0.116761 -0.613108 0.606769 0.087962 -0.789996
-5.655582 -9.121657 -35.884498 100.908331 -0.481034 0.858411 -0.178150 -0.527467 -0.445687 -0.723285 0.700275 0.253956 -0.667174
-4.382271 -6.583467 -3.068636 64.309046 -0.620861 0.709823 -0.332690 -0.537997 -0.694488 -0.477751 0.570168 0.117630 -0.813063
-5.076509 -7.561525 6.289756 -55.585692 -0.669180 0.663330 -0.334949 0.438118 0.716255 0.543167 0.600208 0.216729 -0.769921
-7.447896 -11.619455 -18.362684 -6.671389 -0.549143 0.835456 0.021344 -0.151243 -0.074228 -0.985706 0.821929 0.544521 -0.167119
-7.847803 -11.408434 -29.428541 -27.340496 -0.604433 0.796315 0.023305 0.008930 0.036024 -0.999311 0.796606 0.603808 0.028885
-7.380524 -11.355975 -30.621793 -29.705998 -0.501859 0.864287 0.033850 -0.019619 0.027750 -0.999422 0.864727 0.502233 -0.003030
-0.854501 -1.978638 4.330130 -30.786414 0.053353 0.993828 -0.097262 -0.647754 -0.039684 -0.760815 0.759979 -0.103594 -0.641639
-1.141293 -1.753344 40.233753 3.537016 0.089682 0.995771 -0.019932 -0.623850 0.040563 -0.780491 0.776382 -0.082430 -0.624849
-1.065199 -1.784024 -31.424411 -8.911246 0.245415 0.963766 0.104530 -0.600569 0.235795 -0.764014 0.760978 -0.124723 -0.636676
-0.283330 -2.129443 -98.178312 -35.511056 0.248020 0.966392 0.067623 -0.626946 0.213334 -0.749285 0.738529 -0.143442 -0.658786
0.026285 -2.055086 -104.774338 7.721238 0.381058 0.894221 0.234870 -0.535010 0.420455 -0.732790 0.754029 -0.153578 -0.638635
6.853019 -14.769920 302.377169 143.027094 0.292244 0.400791 0.868309 0.916788 -0.375836 -0.135083 0.272202 0.835532 -0.477276
8.717051 -13.081795 280.748182 252.159116 0.284036 0.445210 0.849183 0.835416 -0.549549 0.008687 0.470535 0.706954 -0.528028
4.213577 -14.095606 161.568004 198.783151 0.237323 0.416574 0.877578 0.906633 -0.419393 -0.046101 0.348846 0.806583 -0.477212
10.209501 -15.015537 289.849979 136.347190 0.369666 0.508462 0.777698 0.900457 -0.402486 -0.164870 0.229182 0.761230 -0.606634
-0.030828 -11.497405 7.196221 49.440190 0.236129 0.958646 -0.158875 -0.863641 0.132102 -0.486490 0.445384 -0.252086 -0.859119
0.003117 -11.645220 5.891990 31.463157 0.249646 0.956124 -0.153307 -0.734321 0.083724 -0.673619 0.631228 -0.280743 -0.723004
0.088455 -11.101192 -1.276732 104.851012 0.250878 0.953326 -0.168017 -0.826394 0.120534 -0.550041 0.504117 -0.276841 -0.818062
-0.183201 -11.489651 -10.815895 48.145272 0.253832 0.951385 -0.174462 -0.804883 0.107731 -0.583573 0.536408 -0.288551 -0.793099
0.250917 -11.696186 -17.177746 38.598036 0.242722 0.950967 -0.191698 -0.859622 0.119258 -0.496818 0.449596 -0.285376 -0.846418
0.294680 -10.785839 -16.032378 43.196043 0.240647 0.952956 -0.184294 -0.912102 0.157099 -0.378668 0.331901 -0.259220 -0.906999
-0.190544 -10.872344 -4.847870 22.036141 0.223657 0.957552 -0.181856 -0.899522 0.130947 -0.416789 0.375284 -0.256802 -0.890626
1.815047 -13.112843 4.539130 253.494497 0.434245 0.890817 0.133702 -0.724043 0.433475 -0.536528 0.535904 -0.136179 -0.833224
0.840589 -13.836227 -78.708200 317.420882 0.518615 0.849484 0.097037 -0.699987 0.487013 -0.522337 0.490975 -0.202967 -0.847200
1.445438 -20.257136 -90.609419 509.210515 0.524876 0.845162 0.101025 -0.588970 0.446305 -0.673740 0.614507 -0.294129 -0.732031
1.238258 -24.201723 -126.475551 381.495652 0.550344 0.829112 0.098464 -0.350315 0.336344 -0.874158 0.757893 -0.446594 -0.475555
2.827622 -20.718028 -36.475381 391.382761 0.490263 0.865114 0.105924 -0.444657 0.352792 -0.823297 0.749615 -0.356532 -0.557640
2.366173 -16.412252 -11.411246 293.228145 0.446593 0.886416 0.121741 -0.602060 0.398365 -0.691975 0.661875 -0.235736 -0.711583
0.114422 -30.114871 4.244782 -136.022393 0.040966 0.988536 -0.145323 -0.000888 0.145481 0.989361 -0.999160 0.040401 -0.006838
-0.183061 -31.048180 -44.404154 -119.030030 0.013990 0.988006 -0.153777 -0.168574 0.153922 0.973597 -0.985590 -0.012302 -0.168705
0.179246 -27.501698 18.599997 -108.635145 0.046213 0.980400 -0.191519 -0.333967 0.195855 0.922012 -0.941451 -0.021352 -0.336473
-0.085359 -35.341040 -76.102767 -575.864391 -0.013483 0.988318 -0.151809 -0.294224 0.141179 0.945252 -0.955641 -0.057411 -0.288883
-0.513433 -40.092338 9.242955 -672.439071 0.027612 0.991275 -0.128882 0.072850 0.126593 0.989276 -0.996961 0.036705 0.068719
0.159132 -31.194030 -8.713328 -116.404911 0.032495 0.996034 -0.082824 0.334699 0.067239 0.939923 -0.941765 0.058264 0.331186
-0.829844 -4.672452 37.850072 90.340596 -0.428053 0.639066 -0.639035 -0.020142 0.700168 0.713694 0.903529 0.318371 -0.286837
-0.900684 -2.977325 66.661441 55.548376 -0.425385 0.514382 -0.744620 -0.141720 0.774762 0.616165 0.893848 0.367635 -0.256674
-1.489790 -3.057805 -0.398982 -43.897075 -0.412381 0.759140 -0.503635 0.006093 -0.550520 -0.834800 0.910991 0.347325 -0.222398
-0.327960 -12.819291 -3.599301 92.758744 0.174624 0.984601 0.008248 0.622607 -0.103926 -0.775603 0.762802 -0.140575 0.631168
-0.661505 -10.732749 -13.596309 57.989333 0.182696 0.983121 -0.009731 0.609805 -0.121074 -0.783249 0.771207 -0.137162 0.621632
-0.452007 -13.718020 -4.362111 237.702774 0.127262 0.990245 0.056746 0.711288 -0.051239 -0.701031 0.691284 -0.129578 0.710870
-1.600557 -20.530997 -40.810044 167.589546 -0.504909 0.812359 0.291788 0.114847 -0.271811 0.955473 -0.855498 -0.515938 -0.043942
-1.932093 -21.333800 -57.031467 193.911004 -0.517898 0.793622 0.319290 -0.090707 -0.422088 0.902005 -0.850620 -0.438185 -0.290585
-0.959179 -20.139829 -62.668574 213.076730 -0.540825 0.788053 0.294076 0.006768 -0.345530 0.938383 -0.841108 -0.509492 -0.181537
-3.298725 -23.148028 -98.932332 148.526243 -0.502377 0.802982 0.320681 0.072669 -0.330357 0.941054 -0.861589 -0.496068 -0.107612
-0.701487 -19.836032 -54.746375 -39.966243 -0.537855 0.795704 0.278510 0.153269 -0.232565 0.960428 -0.828988 -0.559258 -0.003130
-2.371960 -21.326678 -61.528863 -29.989347 -0.491050 0.817939 0.299741 0.253783 -0.194836 0.947435 -0.833345 -0.541307 0.111905
-1.186214 -19.836641 -31.761185 -119.976540 -0.502908 0.817992 0.279235 0.294984 -0.141234 0.945006 -0.812445 -0.557621 0.170267
-0.682860 -26.610088 7.417743 920.525943 -0.477887 0.830227 0.286961 -0.830884 -0.533235 0.159036 -0.285054 0.162430 -0.944649
-0.945212 -35.156113 21.617423 -1026.012726 -0.474872 0.834011 0.280930 0.879757 0.441572 0.176186 0.022890 0.330816 -0.943418
-1.254719 -32.208553 33.526568 1166.397638 -0.442855 0.846629 0.295126 -0.867432 -0.487842 0.097838 -0.226807 0.212673 -0.950436
-6.396931 -571.879727 66.072531 5393.042013 -0.520445 0.838956 -0.159026 -0.465794 -0.435019 -0.770581 0.715663 0.326972 -0.617184
-22.383418 -351.650785 895.389366 27032.988836 -0.442266 0.871826 -0.210525 -0.851282 -0.481946 -0.207479 0.282347 -0.087456 -0.955318
-2.640473 -300.244307 228.881964 -11822.193882 -0.482084 0.864109 -0.144609 0.842007 0.411344 -0.349027 -0.242114 -0.290022 -0.925888
-0.088345 -411.118919 56.669819 26385.182761 -0.476222 0.873810 -0.098332 -0.616729 -0.411621 -0.670979 0.626784 0.258891 -0.734927
-3.438933 -241.800910 53.076988 40.119053 -0.424274 0.905534 -0.000075 0.331301 0.155149 -0.930682 0.842752 0.394889 0.365830
-1.610778 -198.167818 201.823308 -8824.696671 -0.550729 0.823097 -0.138596 0.816031 0.496039 -0.296713 -0.175475 -0.276507 -0.944856
-0.425267 -7.055041 -18.975676 -64.225197 -0.457519 0.845341 0.275816 -0.611341 -0.524283 0.592780 -0.645708 -0.102590 -0.756662
-0.797728 -6.371673 11.863847 -39.189658 -0.399468 0.884142 0.242319 -0.707016 -0.465382 0.532492 -0.583569 -0.041390 -0.811008
-0.591193 -7.287204 3.961715 -47.839558 -0.426754 0.872291 0.238725 -0.634978 -0.476967 0.607705 -0.643959 -0.107756 -0.757433
-0.010368 -7.347154 -28.383286 -30.678493 -0.464399 0.842233 0.273821 -0.505779 -0.506025 0.698660 -0.726995 -0.185964 -0.660981
-0.402989 -5.739133 59.336159 19.558567 0.158500 0.985485 0.060799 -0.983292 0.151964 0.100213 -0.089520 0.075667 -0.993107
-0.671774 -6.009512 49.001631 -19.430211 0.160686 0.985648 0.051749 0.986661 -0.159023 -0.034824 -0.026095 0.056654 -0.998053
-0.725520 -5.757389 29.491090 24.196895 0.142354 0.988919 0.042128 -0.982054 0.135790 0.130889 -0.123718 0.060005 -0.990502
-0.379256 -6.453540 52.552207 -31.795707 0.154316 0.986684 0.051394 0.987421 -0.155826 0.026792 0.034444 0.046613 -0.998319
-2.537672 -27.360379 -11.556704 -995.214361 0.999496 0.012069 0.029366 0.030338 -0.090446 -0.995439 0.009358 -0.995828 0.090766
-2.098523 -7.677114 1.511685 -117.014820 0.965055 0.052489 0.256736 0.259705 -0.060866 -0.963768 0.034961 -0.996765 0.072371
-2.167367 -11.291187 -13.570924 312.857887 0.995784 -0.014344 0.090597 0.088947 -0.090246 -0.991940 -0.022404 -0.995816 0.088590
-1.316202 -5.608554 -35.842292 -7.988617 0.971363 -0.023275 0.236457 0.231972 -0.122411 -0.964989 -0.051405 -0.992207 0.113506
-1.277938 -12.935844 -35.729512 587.605279 0.995552 -0.073452 0.059000 0.050068 -0.118005 -0.991750 -0.079809 -0.990293 0.113802
-0.573672 -26.861571 31.347558 274.910160 0.980705 0.089456 -0.173826 -0.162607 -0.120313 -0.979328 0.108521 -0.988697 0.103446
0.846016 -17.879333 90.257966 320.207351 0.975667 0.118758 -0.184309 -0.156226 -0.213267 -0.964422 0.153840 -0.969749 0.189525
-0.560147 -24.208865 70.435202 617.060669 0.982725 0.139669 -0.121428 -0.077732 -0.283940 -0.955686 0.167958 -0.948615 0.268179
-2.669967 -40.008561 52.215138 1272.839494 0.990028 0.138953 -0.023148 0.018412 -0.290554 -0.956681 0.139660 -0.946715 0.290215
-3.355535 -9.731072 22.068759 -24.852379 -0.199218 0.925837 0.321151 0.820993 0.336620 -0.461149 0.535055 -0.171793 0.827166
-3.602556 -10.173233 46.307192 -72.527549 -0.177407 0.934852 0.307535 0.883855 0.288781 -0.367976 0.432813 -0.206535 0.877506
-3.467025 -9.567139 49.001747 29.593496 -0.209193 0.909018 0.360452 0.803183 0.369982 -0.466915 0.557795 -0.191834 0.807505
-2.279363 -4.062882 -2.138400 -15.451834 0.391587 0.567198 0.724532 0.079209 0.763711 -0.640680 -0.916726 0.308271 0.254132
-1.409822 -3.768722 -2.219630 -26.964206 0.366593 0.358668 0.858468 0.101636 0.901745 -0.420150 -0.924813 0.241275 0.294120
-1.966477 -3.849792 0.086506 -18.479346 0.294695 0.011211 0.955525 0.251769 0.963691 -0.088955 -0.921828 0.266786 0.281173
-2.741029 -3.793340 -30.416773 -3.256706 0.383090 0.472955 0.793445 0.164115 0.810460 -0.562335 -0.909015 0.345641 0.232860
-2.413458 -4.658867 8.580395 34.014562 0.412254 0.784483 0.463285 -0.029267 -0.496841 0.867348 -0.910599 0.371126 0.181865
-2.379916 -5.138875 20.021634 51.811404 0.382880 0.823781 0.418076 0.026126 -0.462038 0.886475 -0.923429 0.328491 0.198427
-1.386993 -2.115931 -39.610753 29.466309 -0.111453 -0.321572 0.940303 0.297715 0.891936 0.340318 -0.948127 0.317872 -0.003672
-1.946637 -2.371377 35.413866 -19.861445 0.273196 0.833739 -0.479837 0.178805 0.446108 0.876936 -0.945195 0.325372 0.027201
-1.440380 -2.128091 52.083694 -39.282970 0.347067 0.915468 -0.203625 0.099976 0.179768 0.978615 -0.932496 0.360002 0.029134
-1.104660 -1.555950 -26.844034 20.066548 -0.195886 -0.525470 0.827955 0.288569 0.776040 0.560794 -0.937207 0.348774 -0.000381
-0.645798 -2.176428 -22.896161 36.473687 -0.056578 -0.103126 0.993058 0.299508 0.947087 0.115416 -0.952415 0.303959 -0.022697
-2.084267 -3.291137 42.574159 -83.905059 0.237101 0.949897 -0.203666 0.630279 -0.309942 -0.711818 0.739278 -0.040407 0.672187
-2.163448 -3.649046 -43.792496 -65.430971 0.379482 0.879348 -0.287645 0.552776 -0.464801 -0.691664 0.741911 -0.103470 0.662466
-2.374943 -4.797739 19.366822 -89.464603 0.196351 0.973322 -0.118707 0.592868 -0.214275 -0.776269 0.780995 -0.082044 0.619125
-1.444900 -4.241568 81.325748 -96.335208 0.091820 0.991050 -0.096894 0.638571 -0.133265 -0.757936 0.764066 -0.007720 0.645092
-0.411830 -10.905749 -4.001467 16.582479 -0.283957 0.943975 -0.168166 -0.361970 0.056872 0.930453 -0.887888 -0.325080 -0.325541
-0.313067 -10.876223 -10.569894 -3.104840 -0.302641 0.943742 -0.133268 -0.284426 0.044027 0.957687 -0.909676 -0.327740 -0.255100
-0.540057 -10.647919 8.023890 -27.812475 -0.281867 0.947490 -0.151043 -0.213941 0.091395 0.972562 -0.935297 -0.306447 -0.176946
-0.042682 -11.089622 1.438056 35.716114 -0.285142 0.949302 -0.132365 -0.428957 -0.002892 0.903320 -0.857141 -0.314354 -0.408034
-0.517608 -10.590047 -1.881894 -2.654193 -0.271166 0.945873 -0.178308 -0.270000 0.103063 0.957329 -0.923888 -0.307738 -0.227438
-0.382016 -10.678503 -10.693439 9.116663 -0.271840 0.942817 -0.192870 -0.421536 0.063509 0.904585 -0.865107 -0.327204 -0.380167
-0.174876 -10.961278 -7.762287 22.201186 -0.273226 0.944410 -0.182860 -0.518442 0.015553 0.854971 -0.810287 -0.328403 -0.485373
0.538392 -11.431760 -50.450857 76.918390 -0.386232 -0.912556 0.134411 0.921891 -0.386745 0.023339 0.030685 0.132927 0.990651
-0.167689 -11.449374 -33.172345 40.421915 -0.371251 -0.921105 0.117213 0.926635 -0.359463 0.110152 -0.059328 0.149507 0.986979
-0.077243 -10.888014 23.338638 43.577811 0.373996 0.920277 -0.114963 0.920522 -0.383449 -0.074872 0.112986 0.077824 0.990544
0.032354 -7.351607 39.518525 42.222764 -0.095067 0.987317 -0.127151 -0.884766 -0.142342 -0.443765 0.456236 -0.070312 -0.887077
-0.167254 -8.018342 17.623074 71.979919 -0.052299 0.992522 -0.110293 -0.836530 -0.103863 -0.537987 0.545419 -0.064127 -0.835707
-0.266333 -7.676793 17.239860 35.823031 -0.070340 0.989633 -0.125212 -0.892908 -0.118425 -0.434385 0.444710 -0.081248 -0.891982
0.375670 -7.679972 31.159833 60.826516 -0.076257 0.989555 -0.122335 -0.820195 -0.132022 -0.556642 0.566979 -0.057890 -0.821695
-0.012637 -7.305513 26.593478 -10.893495 -0.104507 0.985368 -0.134643 -0.923284 -0.146445 -0.355106 0.369628 -0.087203 -0.925079
0.713620 -7.009038 39.169966 35.557100 -0.121718 0.980804 -0.152339 -0.869036 -0.179459 -0.461054 0.479543 -0.076270 -0.874198
117.224675 -11.977372 7578.081959 -202.177267 0.054914 0.964339 -0.258912 0.996028 -0.034704 0.081997 0.070087 -0.262386 -0.962414
80.399755 -9.429051 3769.431969 -56.116800 0.051588 0.978108 -0.201602 0.993825 -0.030424 0.106702 0.098233 -0.205862 -0.973638
69.414439 -10.471601 3780.323202 -162.171516 0.104570 0.954789 -0.278288 0.992670 -0.083159 0.087693 0.060587 -0.285418 -0.956486
4.691959 -9.212789 -159.016401 10.096428 0.423139 0.879641 -0.217221 0.598314 -0.451306 -0.662075 0.680422 -0.150184 0.717267
8.452502 -8.430839 -325.200563 6.596873 0.414643 0.877722 -0.240157 0.585683 -0.459395 -0.667781 0.696453 -0.136235 0.704552
6.052657 -9.621149 -182.566835 -66.390433 0.379519 0.903259 -0.200219 0.502018 -0.382833 -0.775510 0.777137 -0.193808 0.598745
3.864502 -9.192444 29.546321 30.920939 0.400572 0.892855 -0.205794 0.570738 -0.418847 -0.706276 0.716798 -0.165460 0.677365
1.543973 -28.690501 14.303501 -631.990525 0.159150 0.986674 -0.033839 0.343948 -0.087541 -0.934899 0.925403 -0.137150 0.353296
1.812437 -19.392862 -3.165806 -346.388639 0.169349 0.985397 -0.017697 0.590211 -0.115781 -0.798903 0.789286 -0.124849 0.601199
1.677245 -20.532349 25.669099 -373.554316 0.128765 0.990026 -0.057162 0.605717 -0.124159 -0.785934 0.785192 -0.066576 0.615663
1.526277 -19.623446 17.692173 -339.112899 0.125876 0.987971 -0.089829 0.629203 -0.149515 -0.762725 0.766981 -0.039488 0.640454
1.390935 -26.518163 11.170783 -678.963122 0.132783 0.986450 -0.096354 0.412188 -0.143368 -0.899748 0.901371 -0.079755 0.425639
1.871013 -15.836602 33.528037 -135.517769 0.110107 0.991832 -0.064381 0.771391 -0.126123 -0.623738 0.626763 -0.019015 0.778978
0.309260 -15.693177 7.698923 31.388020 0.093714 0.995514 -0.013046 -0.179972 0.029826 0.983219 -0.979197 0.089794 -0.181960
-0.165700 -14.996395 14.434620 -76.017757 0.097169 0.995143 0.015787 -0.060130 -0.009963 0.998141 -0.993450 0.097938 -0.058870
0.106112 -14.928340 38.415296 27.430822 0.111998 0.993131 -0.033865 -0.252219 0.061374 0.965722 -0.961167 0.099618 -0.257361
-0.181481 -14.852096 -28.854690 -1.532634 0.083484 0.995278 -0.049525 -0.200220 0.065438 0.977563 -0.976188 0.071695 -0.204738
-0.421440 -8.183068 29.087810 25.159679 -0.078341 0.961682 -0.262735 0.832573 -0.081847 -0.547836 0.548348 0.261664 0.794259
-0.147475 -7.844702 78.731495 5.360410 -0.077626 0.953020 -0.292790 0.883269 -0.070466 -0.463540 0.462395 0.294596 0.836304
-1.177606 -8.142163 15.629798 -13.941377 -0.132782 0.961088 -0.242237 0.905759 0.018424 -0.423391 0.402453 0.275627 0.872961
0.998670 -7.069816 98.543827 47.907634 -0.007842 0.941561 -0.336751 0.797988 -0.197054 -0.569548 0.602623 0.273190 0.749809
0.269134 -7.094100 43.223994 71.499394 0.008308 0.944649 -0.327978 0.732030 -0.229187 -0.641565 0.681221 0.234760 0.693416
-1.568184 -5.735868 10.287129 -10.170201 0.136279 -0.610637 0.780096 0.707510 0.611176 0.354813 -0.693439 0.503573 0.515323
-1.438498 -5.704489 25.998461 31.520520 -0.100664 0.642217 -0.759884 0.674992 0.605189 0.422057 -0.730926 0.470430 0.494412
-1.853909 -5.546104 20.440745 -8.283152 -0.073029 0.669999 -0.738761 0.738904 0.533854 0.411121 -0.669841 0.515850 0.534052
-0.685307 -4.120332 50.359413 -53.610630 0.379305 0.921850 0.079495 0.118371 -0.133555 0.983947 -0.917669 0.363806 0.159779
-1.299334 -4.703025 43.115062 -51.175141 0.378672 0.914972 0.139402 0.137771 -0.204665 0.969088 -0.915219 0.347761 0.203557
-1.063908 -5.128620 40.830803 -39.171462 0.387490 0.911147 0.140223 0.200588 -0.231794 0.951859 -0.899786 0.340709 0.272583
-0.282436 -4.928634 66.985692 -35.552423 0.383293 0.920726 0.073142 0.209580 -0.163825 0.963970 -0.899534 0.354154 0.255759
0.535389 -4.175468 73.881951 -49.371147 0.376150 0.925565 0.042890 0.143739 -0.104020 0.984134 -0.915342 0.364017 0.172166
0.330888 -3.233034 63.295179 -60.660017 0.374035 0.926852 0.032308 0.076655 -0.065615 0.994896 -0.924241 0.369650 0.095590
-0.084852 -11.805661 47.670464 -72.938317 0.405165 0.903634 -0.138877 0.875184 -0.427281 -0.226902 0.264376 0.029611 0.963965
0.378720 -10.905726 30.847211 -35.559642 0.397298 0.908264 -0.131192 0.884618 -0.417079 -0.208556 0.244141 0.033196 0.969171
0.629005 -33.903481 -4.035229 -593.528889 0.210221 0.976966 -0.036669 -0.887357 0.206415 0.412298 -0.410371 0.054135 -0.910311
0.781397 -32.277018 -16.387512 811.491211 0.226172 0.970152 -0.087468 0.971415 -0.231288 -0.053477 -0.072111 -0.072873 -0.994731
1.122006 -33.415446 2.262406 948.509884 0.224203 0.972202 -0.067494 0.974015 -0.225821 -0.017285 -0.032046 -0.061865 -0.997570
1.043261 -39.629496 -72.109162 -1296.009840 0.197462 0.978073 -0.066199 -0.972523 0.203941 0.112282 -0.123321 -0.042209 -0.991469
213.381058 -3122.799556 2898.979887 155294.492431 0.885152 -0.465120 -0.013006 -0.038476 -0.101021 0.994140 0.463709 0.879464 0.107315
-3.347119 -83.783087 -210.512678 3540.101633 0.892148 -0.411691 0.185961 -0.047327 0.324207 0.944802 0.449256 0.851704 -0.269756
12.821907 -1356.499915 134.702540 76152.977950 0.884429 -0.455047 0.103527 -0.138770 -0.044635 0.989318 0.445566 0.889348 0.102623
0.106446 -20.521759 -40.245784 770.715288 0.849534 -0.488151 0.200000 -0.308843 -0.152871 0.938747 0.427676 0.859267 0.280631
0.159506 -4.767755 -122.940492 70.746624 0.300070 0.953900 0.005679 -0.953754 0.299904 0.020294 -0.017656 0.011506 -0.999778
-0.445282 -7.344815 -89.691680 265.039441 -0.035871 0.999339 0.005933 -0.999323 -0.035821 -0.008406 0.008188 0.006230 -0.999947
-1.237642 -7.483858 -94.652651 227.011711 -0.101858 0.992885 -0.061683 -0.990415 -0.107029 -0.087312 0.093292 -0.052198 -0.994270
-8.378048 -11.475495 61.402815 142.750561 -0.074268 0.962645 0.260381 -0.580942 0.170459 -0.795896 0.810550 0.210376 -0.546581
-7.245655 -12.318166 -42.164132 192.735763 0.150824 0.897208 0.415055 -0.517525 0.429388 -0.740131 0.842271 0.103172 -0.529089
-4.969238 -12.819393 -153.594429 243.857806 0.249522 0.910771 0.328991 -0.570147 0.412783 -0.710312 0.782733 0.010335 -0.622272
-3.802175 -12.924404 -172.298495 404.159407 0.256671 0.942067 0.215937 -0.706505 0.335342 -0.623215 0.659523 -0.007401 -0.751648
-3.565520 -8.636447 -135.419361 227.891700 0.122354 0.984400 0.126434 -0.806898 0.172838 -0.564839 0.577880 0.032909 -0.815458
-2.442770 -8.652600 9.420552 162.128754 -0.071483 0.984394 -0.160804 -0.909250 -0.130589 -0.395234 0.410066 -0.117958 -0.904396
-2.431896 -6.193311 8.169423 131.462150 -0.200501 0.958469 -0.202820 -0.926656 -0.252731 -0.278272 0.317974 -0.132151 -0.938844
-1.750296 -6.655074 36.939253 158.027453 -0.154690 0.978273 -0.138035 -0.924525 -0.192596 -0.328877 0.348316 -0.076743 -0.934230
-1.289029 -4.367450 84.439848 98.185749 -0.490523 0.844770 -0.213896 -0.836022 -0.525452 -0.158011 0.245875 -0.101314 -0.963992
-0.464319 -3.917353 93.053049 144.085105 -0.401233 0.901497 -0.162222 -0.875098 -0.429585 -0.222848 0.270585 -0.052546 -0.961261
7.966149 -14.170164 -32.634389 24.243979 0.037682 0.997843 0.053759 -0.287636 -0.040690 0.956875 -0.956998 0.051520 -0.285482
7.941134 -14.104157 -78.771686 -42.773284 0.072312 0.996703 0.036800 -0.125936 -0.027477 0.991658 -0.989399 0.076343 -0.123534
7.187423 -14.824696 -17.568186 -50.753164 0.002721 0.999975 0.006525 -0.073588 -0.006307 0.997269 -0.997285 0.003193 -0.073569
-0.637538 -2.177112 75.305103 49.506322 0.065046 0.997809 -0.012116 -0.610560 0.030192 -0.791394 0.789294 -0.058875 -0.611186
-1.352799 -2.531375 11.897369 60.220773 0.276105 0.938295 0.208253 -0.552846 0.332287 -0.764164 0.786211 -0.095858 -0.610478
5.096831 -11.295978 172.284482 287.065774 0.210595 0.410933 0.887008 0.817370 -0.571744 0.070816 0.536243 0.710100 -0.456291
7.418369 -9.178870 261.840817 238.871310 0.233449 0.432261 0.871007 0.762090 -0.637675 0.112206 0.603921 0.637591 -0.478286
10.044971 -10.177889 277.564897 179.852488 0.290258 0.529831 0.796887 0.774294 -0.619376 0.129780 0.562334 0.579355 -0.590024
11.068673 -13.831319 134.718599 181.073437 0.386245 0.624620 0.678722 0.852766 -0.522273 -0.004648 0.351575 0.580587 -0.734380
0.316838 -11.630008 -21.129401 46.592202 0.260866 0.947012 -0.187394 -0.764627 0.084190 -0.638951 0.589318 -0.309967 -0.746073
0.244082 -11.779083 -11.415909 -20.033932 0.265988 0.949823 -0.164581 -0.577685 0.020381 -0.816005 0.771706 -0.312123 -0.554120
0.067959 -11.615585 -15.393710 -14.588369 0.279637 0.946046 -0.163709 -0.580978 0.030986 -0.813329 0.764374 -0.322549 -0.558296
-0.010584 -11.710468 -0.433840 9.831251 0.267740 0.951716 -0.150173 -0.621457 0.051476 -0.781755 0.736278 -0.302633 -0.605233
1.235622 -8.903444 -31.746240 79.553911 0.426194 0.900814 0.083019 -0.807606 0.420226 -0.413743 0.407592 -0.109288 -0.906601
-0.034673 -29.604565 -34.168971 -344.944863 0.013988 0.977237 -0.211690 -0.569832 0.181758 0.801409 -0.821642 -0.109418 -0.559403
102.176012 -15.756654 4944.068189 -1016.715791 -0.355241 0.811920 -0.463238 0.924063 0.379822 -0.042914 0.141106 -0.443306 -0.885194
77.072017 1.206997 3449.943940 -354.879755 -0.359256 0.849850 -0.385603 0.917725 0.396744 0.019384 0.169459 -0.346914 -0.922461
757.101158 17.157697 -33530.235395 6.461151 0.174853 -0.031744 -0.984083 0.947303 0.277893 0.159354 0.268411 -0.960087 0.078662
52.847619 -1.552756 2387.552035 -242.619451 -0.382981 0.879084 -0.283789 0.908544 0.413982 0.056273 0.166953 -0.236283 -0.957234
80.828785 -2.698154 1076.477352 -382.720023 -0.332285 0.106385 -0.937160 0.784972 0.582037 -0.212253 0.522881 -0.806173 -0.276912
35.711675 -4.320729 1863.693110 -221.100760 -0.479076 0.801407 -0.358097 0.853656 0.520352 0.022472 0.204346 -0.294926 -0.933414
-1.587173 -1.827658 45.272183 23.418577 -0.146760 0.701165 0.697731 -0.426648 0.591514 -0.684166 0.892431 0.398094 -0.212340
-0.045876 -2.332936 114.219811 21.337126 -0.365730 0.219450 -0.904479 -0.314555 0.885477 0.342032 0.875955 0.409600 -0.254817
-0.915556 -2.005033 5.633223 -1.160261 -0.076463 -0.343425 -0.936063 -0.483393 0.833869 -0.266445 0.872058 0.432113 -0.229769
-0.869027 -10.538450 -24.268389 79.687979 0.168135 0.985756 -0.004013 0.611942 -0.107566 -0.783554 0.772825 -0.129287 0.621311
-0.704242 -11.348950 -20.482649 -251.804209 0.231273 0.969077 -0.086036 0.516437 -0.197231 -0.833302 0.824503 -0.148288 0.546082
-0.819806 -9.565616 -10.263848 76.411624 0.164467 0.985911 -0.030492 0.594263 -0.123712 -0.794699 0.787275 -0.112581 0.606237
-1.144899 -20.948147 -58.676122 52.211795 -0.557665 0.775176 0.296836 -0.189625 -0.467121 0.863620 -0.808117 -0.425323 -0.407490
-1.882600 -19.257733 -56.964968 -178.359005 -0.513854 0.798714 0.313065 -0.364919 -0.533773 0.762837 -0.776394 -0.277744 -0.565747
-3.129843 -21.602961 -75.628361 -47.916174 -0.482805 0.816255 0.317219 -0.232008 -0.468514 0.852447 -0.844436 -0.337968 -0.415579
-1.491111 -38.095360 40.391729 -958.955058 -0.478862 0.838935 0.258609 0.857481 0.383824 0.342645 0.188197 0.385832 -0.903170
-38.553366 -48.984922 -1207.387269 -1383.386836 -0.113218 -0.828937 -0.547764 0.971019 -0.209108 0.115745 -0.210487 -0.518784 0.828588
8.179319 -49.223745 -178.675736 -2227.383481 0.199692 -0.815534 -0.543163 0.979684 0.176650 0.094945 0.018519 -0.551088 0.834241
5.556311 -14.242642 -153.621246 -875.293891 -0.009900 -0.778837 -0.627148 0.952453 -0.198345 0.231284 -0.304524 -0.595039 0.743769
-1.291197 -5.034061 -358.615198 -447.635272 0.160310 -0.873321 -0.460012 0.946411 0.003619 0.322945 -0.280370 -0.487132 0.827100
2.608509 -3.641277 -191.856916 -315.350763 -0.197806 -0.794408 -0.574273 0.932046 -0.333864 0.140804 -0.303585 -0.507397 0.806464
-2.979449 -6.043389 -6.296414 -2.004487 0.433242 0.897782 -0.079297 -0.157042 0.161834 0.974242 -0.887490 0.409630 -0.211103
-2.776457 -6.753562 21.341752 -12.484327 0.401385 0.907851 -0.121230 -0.167354 0.202828 0.964807 -0.900490 0.366971 -0.233345
-2.718563 -6.162618 20.294531 39.711345 0.398859 0.916639 -0.026160 -0.087292 0.066350 0.993971 -0.912848 0.394171 -0.106479
-2.636402 -5.509870 7.459574 23.965185 0.425245 0.901277 0.082860 -0.109837 -0.039485 0.993165 -0.898389 0.431440 -0.082203
-0.784840 -6.313013 -20.742675 -48.301615 -0.447334 0.850535 0.276554 -0.654667 -0.522071 0.546675 -0.609347 -0.063496 -0.790357
-0.952610 -5.351821 -32.940203 -42.272401 -0.391012 0.893452 0.221027 -0.752402 -0.448605 0.482332 -0.530094 -0.022296 -0.847645
-1.085185 -5.362774 24.746482 -45.549455 -0.291321 0.935412 0.200339 -0.823848 -0.351765 0.444450 -0.486217 0.035571 -0.873114
-0.944205 -5.942284 -1.058415 33.041434 0.143667 0.989371 0.022471 -0.985115 0.140810 0.098593 -0.094381 0.036301 -0.994874
-0.747786 -6.595970 45.136679 7.519799 0.133046 0.989990 0.047100 -0.983794 0.137678 -0.114863 0.120198 0.031055 -0.992264
-4.485276 -36.148244 -27.848244 -1624.809976 0.992027 0.084804 0.093219 0.096118 -0.030755 -0.994895 0.081504 -0.995923 0.038661
0.759171 -20.216409 55.178605 -345.907149 0.952292 0.069550 -0.297159 -0.289545 -0.101847 -0.951730 0.096458 -0.992366 0.076850
-1.825876 -3.217511 -6.086901 73.959594 -0.039824 0.988517 0.145769 0.093867 0.148941 -0.984381 0.994788 0.025519 0.098721
-1.815927 -3.497216 -2.942716 62.413607 0.000999 0.998470 0.055285 0.107393 0.054858 -0.992702 0.994216 -0.006929 0.107174
-1.909752 -2.654270 -1.076248 26.505267 -0.009948 0.993740 -0.111277 0.074534 -0.110236 -0.991107 0.997169 0.018154 0.072971
9.783177 -11.272900 -196.668823 -7.295107 0.509610 0.822950 -0.251100 0.821101 -0.552358 -0.143855 0.257083 0.132868 0.957212
10.097765 -12.812150 223.433983 -11.500601 -0.493531 -0.858789 0.137508 0.868356 -0.495434 0.022453 0.048843 0.130487 0.990246
11.484900 -12.290831 107.047996 42.116034 -0.515790 -0.775617 0.363840 0.838038 -0.544978 0.026268 0.177911 0.318461 0.931091
10.816473 -10.490653 -79.127943 54.305734 0.490274 0.737665 -0.464200 0.782924 -0.606771 -0.137324 0.382963 0.296107 0.875020
9.498967 -9.432049 -215.752429 31.817155 0.475294 0.810890 -0.341399 0.746681 -0.577000 -0.330965 0.465363 0.097611 0.879721
-0.713288 -3.479277 -21.026521 -25.659527 0.340129 0.202573 0.918301 0.113668 0.960506 -0.253984 -0.933484 0.190769 0.303670
-1.142372 -3.678323 30.082585 -56.651000 0.374063 0.472536 0.797989 0.010953 0.858144 -0.513291 -0.927339 0.200744 0.315824
-1.720061 -3.026632 45.904549 -53.684082 0.349696 0.936849 0.005079 0.064892 -0.029630 0.997452 -0.934613 0.348475 0.071156
-2.253160 -3.211444 23.693205 -57.089000 0.299839 0.953646 -0.025595 0.073956 0.003513 0.997255 -0.951119 0.300909 0.069474
-2.560776 -4.204055 7.515037 -54.425661 0.257856 0.965822 0.026408 0.106688 -0.055628 0.992735 -0.960275 0.253165 0.117386
-2.303012 -4.335473 15.282289 -57.729299 0.305554 0.943971 0.124725 0.097580 -0.161343 0.982062 -0.947162 0.287902 0.141412
-1.968050 -4.096025 34.510897 -57.742852 0.338138 0.933932 0.115903 0.089136 -0.154387 0.983981 -0.936866 0.322390 0.135451
-1.732323 -7.094749 77.151983 -44.971272 0.102852 0.989823 -0.098345 0.418307 -0.132743 -0.898553 0.902464 -0.051280 0.427703
-1.749118 -6.316260 89.546655 -76.413139 0.086053 0.992270 -0.089411 0.516813 -0.121184 -0.847478 0.851762 -0.026719 0.523247
-2.721130 -6.482353 40.153503 -74.032825 0.144910 0.987888 -0.055487 0.499994 -0.121504 -0.857463 0.853819 -0.096512 0.511545
-0.600841 -10.865467 -9.959832 -48.166021 -0.307905 0.944182 -0.117110 -0.130640 0.079967 0.988200 -0.942405 -0.319571 -0.098725
0.041039 -11.188018 -41.002800 -34.696488 -0.331268 0.937875 -0.103205 -0.213973 0.031858 0.976320 -0.918954 -0.345506 -0.190127
0.275267 -11.490661 -27.562180 46.651337 -0.320436 0.941322 -0.105985 -0.350204 -0.013764 0.936572 -0.880158 -0.337228 -0.334066
0.649888 -12.979604 53.909033 -152.173818 0.425476 0.890289 -0.162343 0.808149 -0.454523 -0.374573 0.407267 -0.028174 0.912875
1.023426 -16.577388 49.763560 -282.423757 0.424035 0.892772 -0.152162 0.703687 -0.430557 -0.565195 0.570105 -0.132588 0.810803
1.094231 -14.160087 -3.007674 -177.516624 0.483525 0.864825 -0.135209 0.730033 -0.483651 -0.482840 0.482966 -0.134758 0.865208
0.458889 -14.108457 57.572643 -156.268791 0.409094 0.900317 -0.148563 0.794983 -0.431578 -0.426313 0.447933 -0.056297 0.892293
-0.543347 -8.450756 1.710772 36.864379 -0.026743 0.992714 -0.117493 -0.855622 -0.083508 -0.510821 0.516911 -0.086869 -0.851620
-0.455259 -9.054883 1.002390 69.852515 -0.010221 0.996268 -0.085711 -0.767018 -0.062804 -0.638545 0.641544 -0.059216 -0.764797
-0.077692 -8.859912 5.193546 89.061389 -0.021232 0.995992 -0.086885 -0.735417 -0.074432 -0.673514 0.677282 -0.049597 -0.734050
7.170999 -7.209974 374.427050 -44.559312 -0.124697 0.957103 -0.261543 -0.714033 -0.269592 -0.646124 0.688917 -0.106181 -0.717020
36.012957 -9.561583 1971.104376 -455.416276 -0.311991 0.827187 -0.467357 -0.676273 -0.538858 -0.502282 0.667320 -0.159353 -0.727523
6.723157 -6.977311 352.469939 -53.165145 -0.152647 0.930606 -0.332673 -0.632018 -0.350708 -0.691055 0.759771 -0.104768 -0.641695
20.269354 -7.107869 963.345960 -21.320007 -0.191849 0.862849 -0.467639 -0.652800 -0.467989 -0.595683 0.732834 -0.190994 -0.653051
1.567951 -6.666948 100.451713 -39.424408 -0.069444 0.968463 -0.239285 -0.661270 -0.224283 -0.715835 0.746927 -0.108521 -0.655991
3.724838 -6.426469 179.656595 -24.089779 -0.123713 0.936896 -0.326988 -0.540046 -0.340014 -0.769896 0.832493 -0.081342 -0.548032
1.775413 -6.331611 93.498490 -40.780557 -0.099079 0.955170 -0.278986 -0.584893 -0.282722 -0.760242 0.805036 -0.087853 -0.586684
10.314598 -6.942291 448.884636 -19.482065 -0.168013 0.874391 -0.455205 -0.568389 -0.463210 -0.679979 0.805423 -0.144488 -0.574819
0.568214 -6.662275 21.206168 -7.785283 -0.264886 0.962221 -0.062972 0.914700 0.230059 -0.332259 0.305220 0.145611 0.941084
0.035832 -7.162639 21.290240 -79.805192 -0.179837 0.979022 -0.095785 0.971414 0.161408 -0.174077 0.154965 0.124352 0.980062
-0.058682 -6.258090 21.769674 8.578510 -0.249667 0.965428 -0.074934 0.929863 0.217434 -0.296779 0.270226 0.143774 0.952002
0.333970 -6.944039 14.813249 62.319793 -0.269516 0.961872 -0.046513 0.880109 0.226427 -0.417300 0.390857 0.153405 0.907578
-0.274299 -6.564692 16.601152 65.927037 -0.270146 0.961667 -0.047100 0.886248 0.229246 -0.402506 0.376279 0.150478 0.914205
2.088790 -14.929845 7.756889 -181.602027 0.151610 0.988388 0.010210 0.721753 -0.103641 -0.684347 0.675342 -0.111123 0.729085
1.915839 -15.271953 -16.389303 -110.014718 0.184446 0.981313 0.054812 0.713826 -0.095417 -0.693792 0.675597 -0.167094 0.718086
0.455154 -16.305780 -32.230827 87.840669 0.090584 0.994903 -0.044307 -0.322210 0.071376 0.943974 -0.942324 0.071233 -0.327033
0.448444 -20.417730 -100.996613 136.311835 0.075048 0.995931 -0.049889 -0.359984 0.073715 0.930042 -0.929935 0.051838 -0.364051
0.301549 -16.896973 -38.738137 6.841925 0.073817 0.997237 0.008371 -0.147454 0.002613 0.989065 -0.986310 0.074244 -0.147239
0.579282 -18.452707 -41.195919 160.673338 0.111723 0.989937 -0.086849 -0.521200 0.132784 0.843042 -0.846090 0.048922 -0.530790
-1.659686 -22.422012 0.887511 -286.207670 0.192103 0.971392 -0.139620 0.395121 -0.206787 -0.895052 0.898319 -0.116776 0.423541
-1.630660 -23.932009 -36.948671 -226.030826 0.232310 0.961756 -0.145111 0.310996 -0.214809 -0.925818 0.921582 -0.169948 0.349004
-1.770971 -25.195721 -12.126561 -135.637525 0.198160 0.973237 -0.116373 0.103880 -0.138911 -0.984842 0.974650 -0.183067 0.128626
-0.798810 -7.896760 67.954563 -13.116946 -0.120784 0.956454 -0.265718 0.937721 0.022104 -0.346686 0.325716 0.291044 0.899557
0.824990 -7.676917 137.034601 1.802573 -0.059531 0.948587 -0.310868 0.928916 -0.061375 -0.365169 0.365474 0.310509 0.877504
1.253428 -7.365408 135.360244 12.156372 -0.024759 0.943577 -0.330227 0.868300 -0.143404 -0.474859 0.495422 0.298493 0.815757
1.351677 -67.167218 -86.665169 -2580.945070 -0.126340 0.962587 -0.239716 0.923580 0.025959 -0.382525 0.361991 0.269726 0.892306
0.832066 -31.168616 6.742926 -546.323512 -0.217317 0.960249 -0.175201 0.941497 0.158840 -0.297242 0.257598 0.229547 0.938590
1.438463 -49.975570 -41.875230 -1724.461591 -0.193239 0.956472 -0.218679 0.838825 0.045438 -0.542501 0.508951 0.288266 0.811093
1.012756 -34.050183 -12.386193 -366.348696 0.241827 -0.955244 0.170375 0.969755 0.231947 -0.075991 0.033072 0.183599 0.982445
1.072768 -67.188954 -58.959885 -1858.576310 -0.185610 0.950069 -0.250834 0.660008 -0.068575 -0.748122 0.727969 0.304411 0.614325
1.014068 -47.168170 -35.436502 -1103.773954 -0.176553 0.965653 -0.190638 0.710235 -0.009110 -0.703906 0.681466 0.259674 0.684232
0.874045 -33.095403 40.645497 -395.203609 0.224814 -0.965746 0.129590 0.971795 0.212499 -0.102268 0.071227 0.148926 0.986280
1.088055 -37.876409 -41.506035 -849.679496 -0.196750 0.972173 -0.127160 0.901971 0.128628 -0.412194 0.384367 0.195793 0.902179
18.268884 -30.113885 806.763717 1023.652839 0.989088 0.126950 0.074757 -0.095758 0.939591 -0.328633 0.111961 -0.317889 -0.941494
-7.325486 -17.321762 -138.425933 -368.175729 -0.410958 0.721245 -0.557601 0.904855 0.397261 -0.153039 0.111134 -0.567441 -0.815880
-22.341556 -79.228500 -124.007811 326.916944 -0.210731 0.890151 -0.404011 0.941310 0.296259 0.161758 0.263680 -0.346212 -0.900339
-4.298460 -9.783162 4.401549 -144.192998 -0.236187 -0.837164 0.493328 0.867221 0.047418 0.495660 -0.438341 0.544893 0.714807
-5.067440 -11.566031 13.548166 -122.018384 -0.212738 -0.818782 0.533235 0.937511 -0.017259 0.347526 -0.275345 0.573846 0.771289
-4.453254 -10.083983 -19.369053 -141.710044 -0.092609 -0.763011 0.639716 0.910563 0.195049 0.364460 -0.402864 0.616254 0.676706
-3.670753 -8.228514 -20.072773 -139.739853 -0.141944 -0.796966 0.587109 0.835033 0.222105 0.503378 -0.531575 0.561707 0.633966
-3.646974 -7.925208 9.461266 -141.403504 0.241769 0.853130 -0.462295 0.787448 0.105885 0.607218 -0.566986 0.510840 0.646196
-4.204557 -9.949895 0.706818 -137.037381 -0.314151 -0.874918 0.368549 0.831245 -0.065955 0.551980 -0.458629 0.479760 0.747990
-4.764434 -11.506217 23.260939 -102.449484 -0.298379 -0.864812 0.403819 0.906471 -0.124315 0.403553 -0.298797 0.486462 0.821021
-0.588758 -12.204481 15.107207 -45.229372 0.375295 0.921063 -0.103908 0.917827 -0.384928 -0.097076 0.129411 0.058938 0.989838
-0.961086 -56.546523 24.060842 1952.356330 0.205651 0.977586 0.045092 -0.088148 -0.027385 0.995731 -0.974647 0.208748 -0.080541
-0.680781 -90.535708 -50.734526 3788.266306 0.155225 0.987844 0.008375 -0.036178 -0.002787 0.999341 -0.987216 0.155426 -0.035306
-1.346838 -51.393795 -81.099515 2351.466835 0.135114 0.990303 0.032306 0.248805 -0.065470 0.966338 -0.959083 0.122528 0.255238
-0.280762 -49.151402 39.590503 625.230783 0.228863 0.971682 0.058793 -0.404072 0.039878 0.913858 -0.885634 0.232905 -0.401755
0.477904 -38.738851 20.632757 1103.863711 0.165088 0.982686 0.084105 0.288548 -0.129666 0.948645 -0.943126 0.132342 0.304959
0.365717 -34.737030 -3.790684 473.551840 0.144964 0.984299 0.100699 0.056621 -0.109859 0.992333 -0.987816 0.138151 0.071657
-4.540586 -121.440795 -195.493238 -1581.999009 -0.847077 0.406548 -0.342313 0.276914 0.887369 0.368640 0.453628 0.217475 -0.864249
-4.082102 -174.879233 -108.211699 7740.082247 0.928462 -0.246816 0.277561 0.043330 0.814155 0.579029 0.368891 0.525579 -0.766607
-1.032622 -65.908729 68.707933 1906.494744 0.865184 -0.400216 0.302133 0.026004 0.637509 0.770004 0.500780 0.658338 -0.561970
0.179911 -5.718681 -85.577583 127.791323 0.218229 0.975307 0.033937 -0.970617 0.213304 0.111377 -0.101388 0.057245 -0.993199
-1.221458 -9.053289 38.119582 -353.974339 -0.078427 0.992041 0.098506 0.996366 0.081294 -0.025431 -0.033236 0.096154 -0.994811
-1.283372 -12.222956 -26.931705 288.468839 -0.198213 0.979439 0.037563 -0.963567 -0.187693 -0.190551 0.179583 0.073965 -0.980958
-6.915618 -10.829267 0.799656 87.003059 -0.360260 0.932301 -0.032062 -0.473446 -0.212347 -0.854844 0.803780 0.292786 -0.517894
-7.685287 -11.293407 0.094449 23.743621 -0.678761 0.734310 -0.008500 -0.127117 -0.128885 -0.983478 0.723274 0.666466 -0.180825
-7.144006 -10.508086 -30.282859 -65.997708 0.783590 -0.611685 0.108755 0.129522 0.332042 0.934330 0.607627 0.718046 -0.339412
-7.396185 -10.953450 -23.439765 -32.040384 0.778712 -0.626764 0.027830 0.091649 0.157526 0.983253 0.620652 0.763120 -0.180110
-7.481741 -11.217463 -48.280511 -1.158137 0.796954 -0.603991 -0.007734 0.014450 0.006263 0.999876 0.603868 0.796967 -0.013719
-7.178624 -10.505599 23.245100 54.368324 -0.718503 0.686479 -0.111806 -0.203838 -0.361526 -0.909807 0.664984 0.630909 -0.399688
-7.238868 -11.154911 -19.195627 42.028378 -0.576456 0.816714 -0.026031 -0.266722 -0.218180 -0.938753 0.772372 0.534206 -0.343607
-7.661385 -11.267596 -19.752834 25.290585 0.717467 -0.696218 -0.022826 -0.025157 -0.058644 0.997962 0.696138 0.715431 0.059590
-0.556759 -2.539413 -40.246066 -49.375126 0.127621 0.991134 -0.036964 -0.668636 0.058449 -0.741289 0.732556 -0.119319 -0.670167
0.003309 -3.092894 -107.952078 -54.188664 0.184669 0.982739 -0.011016 -0.684544 0.120575 -0.718931 0.705193 -0.140305 -0.694995
-0.609678 -3.268688 -22.084650 -57.581796 0.109039 0.993751 -0.023855 -0.693898 0.058911 -0.717660 0.711770 -0.094806 -0.695985
4.769795 -7.761976 -126.398952 -220.672003 -0.167780 -0.439167 -0.882600 -0.747339 0.640530 -0.176650 0.642911 0.629963 -0.435675
-0.570704 -6.401923 -6.033812 32.542862 0.016802 0.986681 -0.161795 0.993723 -0.034379 -0.106459 -0.110604 -0.158991 -0.981065
-0.702085 -7.091771 -1.921603 -49.827422 0.041275 0.985065 -0.167164 0.997433 -0.050420 -0.050837 -0.058506 -0.164637 -0.984618
-0.568424 -6.315879 -1.765156 20.767955 0.057672 0.983365 -0.172243 0.991427 -0.076676 -0.105800 -0.117246 -0.164664 -0.979356
-0.335448 -6.268809 -5.800355 -22.986596 0.054989 0.982905 -0.175710 -0.968579 0.095258 0.229742 -0.242553 -0.157556 -0.957259
-0.331838 -6.498290 -16.557177 -9.632416 0.019891 0.985396 -0.169111 -0.962821 0.064457 0.262339 -0.269408 -0.157606 -0.950042
-0.545630 -24.118185 -148.359242 210.649764 0.560142 0.824224 0.083033 -0.249214 0.263254 -0.931982 0.790021 -0.501349 -0.352868
