15406
30801
-5.947575 -7.544027 26.431435 101.119425 -0.279832 0.907822 -0.312336 -0.287162 -0.389587 -0.875077 0.916096 0.155183 -0.369711
-7.106484 -9.466825 69.862945 117.503338 -0.160548 0.983409 0.084443 -0.241234 0.043863 -0.969475 0.957095 0.176018 -0.230189
-6.495349 -10.237965 -48.419294 275.853438 0.076861 0.857194 0.509225 -0.360823 0.500032 -0.787257 0.929462 0.123231 -0.347729
-5.824500 -8.101023 -26.246512 85.072715 -0.328707 0.884197 -0.331886 -0.191669 -0.406555 -0.893295 0.924778 0.230020 -0.303110
-5.253022 -6.905185 -13.531962 120.286795 -0.065617 0.994689 0.079295 -0.450353 0.041392 -0.891891 0.890436 0.094234 -0.445245
-4.639910 -6.634914 -16.906114 57.443964 -0.379142 0.749566 -0.542588 -0.263595 -0.649561 -0.713154 0.887000 0.127364 -0.443858
-5.148782 -7.290627 -13.731325 -49.526654 -0.444677 0.662059 -0.603274 0.119919 0.711472 0.692407 0.887627 0.235554 -0.395768
13.089663 -9.170108 636.043723 240.860908 -0.408415 0.771402 -0.487992 -0.812856 -0.550588 -0.190048 0.415286 -0.319049 -0.851907
44.111411 -11.194747 2098.633224 -63.770957 -0.662800 0.403021 -0.631087 0.545827 0.837002 -0.038734 0.512610 -0.370137 -0.774745
8.000683 -11.084606 343.268918 118.847352 -0.420943 0.725864 -0.543993 -0.664403 -0.655017 -0.359890 0.617556 -0.209938 -0.757991
3.225256 -9.490879 149.125724 200.819540 -0.269319 0.869417 -0.414223 -0.822283 -0.431492 -0.371032 0.501316 -0.240682 -0.831116
2.047516 -10.892788 123.991997 78.266253 -0.324909 0.830239 -0.452922 -0.670252 -0.540012 -0.509068 0.667231 -0.138171 -0.731923
-1.420630 -6.500388 76.366261 -66.394176 0.508491 0.860801 -0.021400 0.860525 -0.508896 -0.022854 0.030563 0.006794 0.999510
-0.734262 -9.183944 48.014019 -247.128230 0.457530 0.889191 0.002446 0.885410 -0.455328 -0.093404 0.081940 -0.044901 0.995625
3.901761 -5.227304 370.200091 -197.140922 0.148329 0.988852 -0.013022 0.988650 -0.148591 -0.022169 0.023857 0.009586 0.999669
-3.303544 -10.531417 -228.488391 241.814075 -0.511212 -0.858637 0.037471 0.859368 -0.510057 0.036447 -0.012183 0.050834 0.998633
-2.902311 -7.159121 77.870800 110.471504 0.270794 0.962541 -0.013596 0.962476 -0.270980 -0.014471 0.017613 0.009167 0.999803
5.623324 -5.042678 -451.566313 33.039962 -0.110271 -0.993036 0.041459 0.993901 -0.110132 0.005640 -0.001035 0.041828 0.999124
-0.709454 -7.871488 -8.705886 49.366323 0.102293 0.992422 -0.068073 -0.907872 0.065170 -0.414151 0.406576 -0.104167 -0.907659
-0.604584 -7.101897 12.337683 59.425346 0.048852 0.996067 -0.073922 -0.970651 0.029896 -0.238628 0.235479 -0.083410 -0.968293
-0.444063 -6.896864 -18.322249 67.637009 0.056563 0.995035 -0.081887 -0.961108 0.032060 -0.274304 0.270317 -0.094217 -0.958150
-0.636678 -7.156860 -9.290804 18.502124 0.070407 0.995647 -0.061076 -0.917089 0.040522 -0.396617 0.392416 -0.083937 -0.915950
-0.743645 -8.390904 -11.317999 42.599340 0.099966 0.993877 -0.047067 -0.859833 0.062486 -0.506737 0.500694 -0.091126 -0.860815
-0.875708 -9.075292 -9.546599 70.743381 0.132965 0.990025 -0.046587 -0.843264 0.088305 -0.530196 0.520794 -0.109782 -0.846594
-0.973277 -9.567185 13.962001 70.224335 0.148088 0.988298 -0.036575 -0.842296 0.106657 -0.528358 0.518274 -0.109050 -0.848234
0.185970 -4.955244 8.682058 7.189712 0.049218 0.986589 -0.155627 -0.933941 -0.009769 -0.357294 0.354023 -0.162932 -0.920935
0.146771 -5.052054 -3.073634 -7.876814 0.032276 0.984775 -0.170812 -0.928767 -0.033588 -0.369140 0.369257 -0.170559 -0.913542
0.030525 -5.252609 13.975990 -2.024476 0.016161 0.986338 -0.163937 -0.952184 -0.034848 -0.303531 0.305097 -0.161003 -0.938613
0.271626 -4.782752 0.826266 -13.481201 0.069192 0.985111 -0.157382 -0.896325 -0.007870 -0.443327 0.437965 -0.171740 -0.882435
0.094553 -5.162827 20.974131 -8.518512 0.015204 0.986671 -0.162018 -0.957164 -0.032496 -0.287717 0.289147 -0.159453 -0.943911
1.952044 -16.377457 -22.710922 -70.071248 0.246888 0.968386 -0.035698 -0.042196 0.047546 0.997977 -0.968125 0.244882 -0.052601
2.267248 -15.633332 -10.907927 158.562155 0.278089 0.959999 -0.032681 0.207575 -0.026841 0.977851 -0.937859 0.278713 0.206736
2.203436 -15.228985 2.293607 197.123316 0.243462 0.969882 -0.007454 0.174985 -0.036363 0.983899 -0.953995 0.240847 0.178568
2.484341 -13.998357 -2.609571 343.577956 0.282648 0.959216 0.003722 0.400385 -0.121504 0.908256 -0.871666 0.255227 0.418399
1.877791 -15.883528 0.098808 -99.154075 0.236408 0.971239 -0.028393 -0.091354 0.051309 0.994496 -0.967350 0.232513 -0.100856
0.479339 -30.195912 -22.061272 435.377820 0.062112 0.963489 -0.260444 -0.893360 -0.062684 -0.444948 0.445029 -0.260306 -0.856849
0.281269 -26.982937 20.541910 447.489189 0.013549 0.968288 -0.249469 -0.954672 -0.061666 -0.291201 0.297350 -0.242107 -0.923562
0.162136 -25.330295 -18.550363 -346.913715 0.019994 0.959854 -0.279787 0.994910 0.008543 0.100406 0.098765 -0.280371 -0.954797
1.051425 -30.118700 1.778790 329.016231 0.020673 0.967773 -0.250974 -0.804216 -0.133040 -0.579255 0.593977 -0.213812 -0.775548
0.084386 -4.550785 -2.882801 42.452360 0.414079 0.909877 0.025752 -0.784384 0.371037 -0.497065 0.461823 -0.185624 -0.867331
0.511691 -3.779175 63.542664 38.666885 0.414153 0.908798 0.050631 -0.813132 0.394406 -0.428088 0.409015 -0.136124 -0.902317
0.466658 -4.242543 32.532773 51.641331 0.327379 0.944606 -0.023301 -0.849863 0.283586 -0.444199 0.412985 -0.165224 -0.895625
-0.604667 -5.058256 -1.141216 58.124050 0.274926 0.958478 -0.075736 -0.836832 0.199757 -0.509715 0.473422 -0.203512 -0.857003
-0.576501 -5.209441 -57.470481 35.453257 0.396786 0.917865 -0.009180 -0.754531 0.320450 -0.572708 0.522727 -0.234169 -0.819708
0.286528 -8.294210 37.427127 -34.497270 0.023349 0.999316 0.028670 0.848199 -0.034981 0.528521 -0.529162 -0.011977 0.848436
2.313866 -8.167772 119.497092 45.784489 -0.038144 0.998976 -0.024313 0.810025 0.045159 0.584654 -0.585154 -0.002607 0.810918
1.156002 -8.273572 48.370101 56.416239 0.012073 0.999606 0.025356 0.788313 -0.025115 0.614761 -0.615156 -0.012566 0.788306
-0.723311 -6.132945 -10.198632 29.406445 0.329882 0.943492 -0.031623 0.734787 -0.277653 -0.618868 0.592677 -0.180917 0.784859
-1.027218 -6.527581 10.460075 -200.939644 0.233939 0.970725 0.054450 0.754824 -0.146039 -0.639463 0.612791 -0.190695 0.766891
-0.635196 -6.873597 20.749330 -23.043112 0.257692 0.966178 -0.009713 0.735577 -0.202687 -0.646409 0.626515 -0.159430 0.762930
-0.627964 -7.786228 -7.616817 128.586236 0.297748 0.954317 -0.024989 0.771436 -0.255944 -0.582562 0.562345 -0.154179 0.812402
-0.411971 -7.536420 -12.581687 206.071491 0.342905 0.937262 -0.062894 0.751299 -0.313827 -0.580571 0.563885 -0.151828 0.811777
0.070912 -6.543026 6.061124 78.615714 0.084676 0.996381 -0.007432 -0.967168 0.083982 0.239860 -0.239616 0.013123 -0.970779
0.211179 -6.348859 17.555832 74.496695 0.002253 0.999735 0.022894 -0.971580 -0.003230 0.236688 -0.236699 0.022777 -0.971316
-0.115420 -7.159516 3.436344 83.323950 0.065464 0.997855 0.000306 -0.984857 0.064562 0.160901 -0.160536 0.010835 -0.986970
2.087820 -6.120328 -75.740682 -7.206434 0.019670 0.986558 -0.162226 0.999595 -0.022742 -0.017101 -0.020560 -0.161824 -0.986605
2.351538 -6.228669 -61.876767 13.095412 0.017269 0.988770 -0.148442 0.994460 -0.032381 -0.099999 -0.103683 -0.145893 -0.983852
1.380283 -6.180756 -47.553660 0.421282 -0.012960 0.984482 -0.175006 0.998342 0.002923 -0.057488 -0.056085 -0.175461 -0.982888
1.395720 -6.115454 -48.270097 -7.086589 0.003290 0.985688 -0.168548 0.998975 0.004369 0.045048 0.045140 -0.168523 -0.984664
0.763485 -6.121453 -26.144784 -7.746297 -0.028188 0.983556 -0.178391 0.998915 0.034333 0.031457 0.037065 -0.177310 -0.983457
0.664599 -6.069201 -23.723223 -3.297475 -0.037008 0.982368 -0.183257 0.999033 0.032011 -0.030155 -0.023757 -0.184196 -0.982602
0.904120 -6.102528 -37.422840 15.267123 -0.038739 0.980898 -0.190626 0.994444 0.019157 -0.103513 -0.097884 -0.193576 -0.976190
-0.118829 -30.360505 -20.794090 583.818695 0.407381 -0.846750 -0.342133 0.893671 0.446786 -0.041655 0.188131 -0.288785 0.938728
-0.520252 -28.554937 33.973087 245.088233 0.401585 -0.832394 -0.381903 0.914730 0.384918 0.122908 0.044694 -0.398696 0.915994
-0.774331 -33.439139 -6.335487 307.125454 0.429183 -0.835946 -0.342047 0.879678 0.300971 0.368216 -0.204862 -0.458924 0.864535
0.162898 -26.958843 32.238781 347.652836 0.440363 -0.817721 -0.370691 0.875208 0.483054 -0.025880 0.200226 -0.313035 0.928396
0.378180 -24.991789 -0.713142 440.189868 -0.416668 0.839535 0.348668 0.816531 0.514225 -0.262392 0.399581 -0.175368 0.899767
-0.466550 -30.455179 3.211112 370.584776 0.442462 -0.829225 -0.341487 0.895360 0.387001 0.220366 -0.050577 -0.403257 0.913688
1.493322 -22.045472 -26.858466 246.004245 -0.056080 0.955913 0.288246 0.864777 -0.097788 0.492542 -0.499014 -0.276890 0.821168
1.195201 -19.463956 32.930132 340.892695 0.051285 -0.956602 -0.286851 0.968324 -0.022653 0.248667 -0.244373 -0.290517 0.925139
0.984797 -21.520110 -23.797720 338.194895 -0.063325 0.956719 0.284039 0.910333 -0.061267 0.409317 -0.409004 -0.284490 0.867053
1.080617 -6.697616 163.846613 -2.625004 0.074594 0.987878 0.136135 -0.932078 0.020540 0.361676 -0.354496 0.153867 -0.922311
1.432174 -6.779781 142.262806 -4.609581 0.116942 0.987214 0.108317 -0.889902 0.055741 0.452734 -0.440908 0.149335 -0.885042
2.643451 -7.068895 116.982493 -10.363974 0.081956 0.992253 0.093365 -0.929966 0.042450 0.365188 -0.358395 0.116756 -0.926240
2.721103 -6.924257 109.204903 -9.837954 0.046410 0.993235 0.106447 -0.968887 0.018824 0.246786 -0.243113 0.114589 -0.963206
3.495610 -7.219768 8.198118 -21.424877 0.060959 0.997735 0.028435 -0.949578 0.049192 0.309649 -0.307549 0.045877 -0.950426
-1.095942 -22.461915 -31.521156 -240.880529 -0.060109 0.963957 0.259181 0.003029 -0.259473 0.965746 -0.998187 -0.058835 -0.012677
-1.108061 -24.988857 -69.530152 -298.716616 -0.085917 0.951733 0.294656 0.251973 -0.265378 0.930636 -0.963913 -0.154203 0.217010
-1.467201 -23.314847 -42.892077 -216.160302 -0.061056 0.961330 0.268546 0.246617 -0.246177 0.937324 -0.967188 -0.123458 0.222049
-2.775810 -243.002179 -259.234461 -14691.621457 0.659895 -0.714994 0.230914 -0.313895 0.016882 0.949307 0.682648 0.698926 0.213293
-33.295909 -380.382229 -1671.964259 -1545.639016 -0.461447 0.679728 -0.570120 0.550227 -0.284830 -0.784935 0.695929 0.675901 0.242571
-9.081933 -133.376509 246.553443 7734.277145 -0.601407 0.779710 -0.174246 0.012825 -0.208646 -0.977907 0.798840 0.590355 -0.115481
-4.229694 -97.163998 110.911336 5800.020229 -0.609118 0.789758 -0.072507 -0.048484 -0.128336 -0.990545 0.791597 0.599843 -0.116462
-1.134499 -75.359543 -242.152114 -2645.345518 0.627722 -0.729943 0.270458 -0.420335 -0.025407 0.907013 0.655197 0.683035 0.322769
-3.518527 -6.630616 -4.958409 -16.395922 0.015270 0.998265 -0.056858 -0.385989 0.058342 0.920657 -0.922377 -0.007888 -0.386210
-3.538167 -6.820247 19.878424 -34.621126 0.088584 0.994357 -0.058366 -0.360095 0.086603 0.928887 -0.928700 0.061267 -0.365735
-3.533041 -6.088779 32.842504 -58.755833 0.078774 0.994954 -0.062131 -0.465878 0.091842 0.880069 -0.881335 0.040381 -0.470763
-3.547097 -6.774558 -0.228785 5.530411 0.042315 0.993102 -0.109352 -0.276068 0.116811 0.954013 -0.960206 0.010181 -0.279107
-3.379888 -5.823164 1.013542 -54.255431 0.007320 0.998400 -0.056070 -0.493886 0.052365 0.867948 -0.869496 -0.021339 -0.493479
-3.165216 -6.501214 -34.129251 17.767090 -0.010406 0.987518 -0.157162 -0.284712 0.147739 0.947160 -0.958557 -0.054602 -0.279621
-3.019808 -6.444722 65.679530 -72.964741 -0.278943 0.816308 -0.505798 -0.098387 -0.548226 -0.830523 0.955254 0.181905 -0.233238
-3.205868 -7.703372 76.445682 -88.734237 -0.286057 0.803497 -0.522076 -0.192786 -0.581962 -0.790034 0.938619 0.125346 -0.321377
-2.088306 -6.864933 37.974178 -85.629397 -0.307676 0.818485 -0.485199 -0.150477 -0.545375 -0.824574 0.939517 0.180690 -0.290962
-2.199046 -8.239556 43.778857 -96.331666 -0.306103 0.815577 -0.491054 -0.251883 -0.566816 -0.784394 0.918072 0.116417 -0.378935
-2.044350 -5.649180 34.058812 -66.380717 -0.307180 0.831928 -0.462101 -0.071227 -0.504314 -0.860578 0.948982 0.231438 -0.214171
-1.580037 -7.339373 16.414661 -102.120514 -0.329360 0.812150 -0.481595 -0.184330 -0.555546 -0.810797 0.926037 0.178272 -0.332678
-1.555759 -5.971666 16.965310 -84.166012 -0.332672 0.818843 -0.467787 -0.096880 -0.523091 -0.846753 0.938053 0.236371 -0.253347
-6.699793 -35.551191 41.908980 2045.716025 0.990662 -0.136090 -0.008285 0.057919 0.365046 0.929186 0.123429 0.920989 -0.369519
-9.561228 -54.428800 -25.218011 2629.534663 0.994690 -0.069414 0.075983 -0.031884 0.494128 0.868804 0.097853 0.866614 -0.489291
-19.996812 -75.172716 -309.657035 3538.217308 0.983485 -0.141000 -0.113477 0.167655 0.473500 0.864690 0.068190 0.869434 -0.489320
-10.560903 -68.683818 -202.492612 3484.353897 0.914230 -0.221928 -0.339016 0.400988 0.375250 0.835701 0.058250 0.899964 -0.432055
-12.850552 -47.267009 465.192077 2265.560496 0.969017 -0.014057 -0.246593 0.000771 0.998547 -0.053890 0.246992 0.052031 0.967620
-11.515699 -43.870085 448.807236 -1457.468256 0.940998 -0.001540 -0.338410 -0.120371 -0.936117 -0.330447 0.316282 -0.351684 0.881070
-6.617274 -54.027414 194.873145 2273.705851 0.945636 0.041095 -0.322620 -0.006666 0.994225 0.107105 0.325159 -0.099131 0.940449
-6.002378 -27.782916 269.610036 1488.327019 0.943214 0.187376 -0.274294 -0.221012 0.970428 -0.097075 0.247993 0.152185 0.956734
-9.154741 -15.114286 -245.728403 -366.645713 0.708900 -0.549815 -0.441774 -0.679109 -0.701218 -0.217034 0.190451 -0.453868 0.870478
-16.871202 -17.434065 -497.525877 -445.562819 0.885436 -0.240131 -0.397921 -0.416654 -0.789475 -0.450699 0.205921 -0.564860 0.799080
-11.903464 -16.785129 -518.748309 -101.449615 0.176528 -0.875544 -0.449733 0.916200 0.313153 -0.250024 0.359743 -0.367910 0.857454
-6.280015 -11.935032 -125.502906 157.419465 0.355954 -0.799041 -0.484593 0.880918 0.459977 -0.111380 0.311899 -0.387241 0.867620
-5.367929 -31.583731 294.542277 1635.563108 -0.298226 0.953377 0.046183 0.896362 0.263107 0.356804 -0.328018 -0.147805 0.933037
-2.431268 -15.464757 -216.249602 -730.597585 -0.460185 0.864304 0.202998 0.556786 0.102858 0.824263 -0.691534 -0.492340 0.528566
-0.228713 -11.923425 255.578784 -353.399217 0.565748 -0.789121 -0.239200 0.653326 0.251990 0.713909 -0.503085 -0.560168 0.658116
1.924363 -7.991801 16.641938 -244.651475 -0.328701 0.886026 0.326975 0.881067 0.412362 -0.231686 0.340112 -0.211932 0.916192
4.699298 -4.520183 -166.558409 -264.597407 0.415907 -0.846126 -0.333306 0.877731 0.469377 -0.096303 0.237930 -0.252500 0.937888
2.169172 -4.448028 0.429406 -225.145367 -0.235487 0.932652 0.273323 0.938788 0.291049 -0.184305 0.251443 -0.213190 0.944101
1.144041 -8.315350 -5.859715 -216.939415 -0.296392 0.909732 0.290757 0.877767 0.379454 -0.292473 0.376401 -0.168530 0.911000
0.966821 -10.490929 -17.645482 -148.520258 -0.338182 0.881337 0.329968 0.806734 0.452041 -0.380578 0.484576 -0.137492 0.863876
-2.159333 -8.606344 -80.355097 17.424668 -0.714294 0.616140 -0.331898 0.120043 0.575082 0.809241 -0.689474 -0.538194 0.484741
-0.449791 -8.654352 -88.231185 10.163543 -0.718180 0.648333 -0.252749 0.136194 0.487158 0.862629 -0.682399 -0.585100 0.438166
-1.749342 -8.174854 -64.890769 40.032320 -0.715453 0.625294 -0.311664 0.217049 0.622941 0.751555 -0.664091 -0.470056 0.581405
-2.921832 -8.330214 47.004500 23.360869 0.692931 -0.609774 0.384738 0.160297 0.650549 0.742355 -0.702959 -0.452728 0.548530
-1.848821 -7.513050 58.326524 41.735709 0.726321 -0.607831 0.320935 0.295588 0.697741 0.652522 -0.620553 -0.379076 0.686452
-2.733674 -7.750006 48.650371 44.772447 0.711234 -0.600101 0.366094 0.259754 0.708291 0.656393 -0.653203 -0.371755 0.659639
-0.808168 -7.758046 82.996766 79.507005 0.728292 -0.629030 0.271870 0.283799 0.637978 0.715851 -0.623738 -0.444191 0.643152
-1.270896 -10.199004 3.807888 -31.927663 -0.207994 0.971321 -0.115217 -0.043395 -0.126840 -0.990974 0.977167 0.201117 -0.068532
-1.301003 -10.762272 12.032559 -11.405240 -0.221976 0.966321 -0.130191 0.058912 -0.119987 -0.991026 0.973271 0.227653 0.030294
-1.218982 -11.100091 -16.206928 -14.539170 -0.181210 0.977894 -0.104336 0.071197 -0.092769 -0.993139 0.980864 0.187395 0.052813
-0.994564 -10.866819 -29.385169 -31.893047 -0.154629 0.984862 -0.078332 0.022192 -0.075803 -0.996876 0.987723 0.155885 0.010135
-1.056939 -10.224629 -12.278619 -7.777065 -0.179090 0.978165 -0.105453 -0.085805 -0.122307 -0.988776 0.980084 0.168031 -0.105835
-1.030451 -10.865255 -41.568539 13.729245 -0.140989 0.985909 -0.090027 0.150713 -0.068501 -0.986201 0.978472 0.152612 0.138931
-0.769728 -10.310680 5.974818 -16.991351 -0.395572 0.887933 -0.234728 -0.454923 0.032589 0.889934 -0.797852 -0.458817 -0.391050
-0.441582 -9.966348 14.933823 -31.567184 -0.377767 0.894216 -0.240145 -0.523443 0.007683 0.852026 -0.763740 -0.447570 -0.465169
-0.613836 -10.149152 4.129852 -27.834454 -0.386078 0.887289 -0.252312 -0.596828 -0.031706 0.801743 -0.703378 -0.460122 -0.541800
-0.822795 -10.607577 1.932669 -4.981361 -0.403234 0.884623 -0.234188 -0.471823 0.018293 0.881503 -0.784082 -0.465948 -0.410010
1.868290 -13.558862 25.850339 214.742711 -0.257202 0.959286 -0.116696 -0.451656 -0.012574 0.892103 -0.854315 -0.282157 -0.436502
2.590171 -11.712248 -1.065747 151.115232 -0.295537 0.946369 -0.130550 -0.328786 0.027549 0.944002 -0.896971 -0.321910 -0.303012
2.000082 -13.239056 -6.056835 129.178706 -0.337285 0.934780 -0.111464 -0.476563 -0.067432 0.876550 -0.811866 -0.348767 -0.468226
1.455955 -14.868196 27.791015 80.908059 -0.264663 0.957511 -0.114573 -0.645204 -0.087522 0.758981 -0.716705 -0.274797 -0.640953
2.090100 -12.444148 -21.443838 96.451070 -0.397992 0.911582 -0.103056 -0.379030 -0.061095 0.923366 -0.835427 -0.406554 -0.369832
1.768449 -13.388385 -12.168651 32.648660 -0.382341 0.917158 -0.112411 -0.579125 -0.143055 0.802589 -0.720020 -0.371963 -0.585845
1.588355 -14.247281 -1.729860 59.136757 -0.331475 0.936182 -0.116994 -0.641367 -0.132653 0.755680 -0.691934 -0.325525 -0.644407
0.715559 -22.689990 -17.199575 70.751167 0.075814 0.965315 -0.249839 -0.923495 0.162470 0.347507 -0.376045 -0.204379 -0.903781
0.881240 -21.205035 -29.855097 164.347251 0.035448 0.971786 -0.233185 -0.745145 0.181188 0.641817 -0.665959 -0.151005 -0.730545
0.713056 -20.794556 -27.108532 159.264485 0.037281 0.965202 -0.258833 -0.844808 0.168791 0.507749 -0.533769 -0.199735 -0.821703
0.897266 -23.602351 -8.443236 88.667163 0.080192 0.971601 -0.222624 -0.836108 0.187160 0.515649 -0.542671 -0.144787 -0.827372
1.556075 -11.306212 -44.060681 -90.718300 -0.461808 0.882052 -0.093365 0.135940 0.174402 0.975246 -0.876501 -0.437685 0.200446
2.321074 -10.606972 -26.616158 -101.024409 -0.418985 0.902063 -0.103604 0.073170 0.147274 0.986386 -0.905040 -0.405700 0.127710
2.442318 -11.691578 -32.886224 -85.925752 -0.415087 0.904199 -0.100633 0.204665 0.200581 0.958060 -0.886462 -0.377082 0.268316
1.672088 -11.937737 -37.761450 -40.285427 -0.443031 0.892466 -0.085020 0.315294 0.243885 0.917120 -0.839234 -0.379506 0.389438
1.052070 -11.698221 -62.990851 -35.606661 -0.484031 0.870983 -0.084279 0.273838 0.242244 0.930769 -0.831100 -0.427442 0.355762
0.515867 -11.446081 -59.474949 -56.728942 -0.495510 0.863225 -0.096497 0.156900 0.198220 0.967518 -0.854314 -0.464275 0.233660
0.935939 -10.887786 -53.733982 -81.954655 -0.488454 0.867387 -0.095144 0.007220 0.113050 0.993563 -0.872560 -0.484623 0.061483
0.203984 -6.767689 5.760520 -18.052127 -0.101724 0.989369 -0.103927 0.118615 0.115786 0.986166 -0.987716 -0.087989 0.129133
0.298732 -6.504591 -1.487424 -37.264216 -0.111121 0.984042 -0.138973 0.117082 0.151828 0.981448 -0.986886 -0.092788 0.132085
0.503526 -6.954900 1.201657 -23.777814 -0.111379 0.983377 -0.143402 0.211644 0.164461 0.963410 -0.970980 -0.076954 0.226444
0.395788 -6.878920 10.562644 3.427520 -0.094450 0.990794 -0.096983 0.223097 0.116006 0.967869 -0.970210 -0.069778 0.232000
0.265849 -6.660367 -0.772683 11.857583 -0.100446 0.993775 -0.048180 0.177060 0.065506 0.982018 -0.979061 -0.090109 0.182538
3.439678 -4.293059 62.318635 51.408823 -0.152506 0.951861 0.265900 0.134763 0.286562 -0.948536 0.979071 0.108824 0.171978
2.624756 -3.658669 84.239504 52.665612 -0.191669 0.949978 0.246588 0.102476 0.269244 -0.957605 0.976095 0.158274 0.148956
2.945866 -3.072595 26.597830 81.871353 -0.133933 0.946475 0.293677 0.069857 0.304627 -0.949907 0.988525 0.106709 0.106918
3.341338 -21.634132 137.869649 -89.002950 -0.550856 0.464069 -0.693684 0.255627 0.885026 0.389081 0.794489 0.037003 -0.606151
2.973796 -19.731958 135.829212 -450.879812 -0.547726 0.461922 -0.697585 0.503152 0.848013 0.166469 0.668457 -0.259812 -0.696895
11.305152 -19.777955 581.167202 -326.077927 -0.569762 0.421429 -0.705528 0.436510 0.882580 0.174675 0.696298 -0.208447 -0.686818
34.688002 -0.881083 1776.624553 78.212251 0.236787 0.323137 -0.916250 0.875821 -0.479219 0.057331 -0.420559 -0.816046 -0.396483
16.073859 -4.269201 851.361306 138.156371 0.138892 0.395995 -0.907688 0.888992 -0.453718 -0.061911 -0.436351 -0.798328 -0.415054
27.608358 -2.040766 1036.905222 91.401760 0.158735 0.132223 -0.978427 0.884014 -0.460354 0.081206 -0.439685 -0.877833 -0.189961
-29.455995 -138.459344 -833.110772 -6496.075695 -0.131684 -0.729019 0.671707 0.957801 0.081074 0.275762 -0.255494 0.679675 0.687579
-5.556566 -50.399856 -156.688804 -1680.332778 0.479540 -0.553494 0.680945 0.642602 0.749936 0.157035 -0.597583 0.362272 0.715300
-2.023831 -74.854254 -529.170689 -2777.531310 0.443998 -0.423478 0.789640 0.615910 0.784304 0.074303 -0.650784 0.453357 0.609054
-7.371790 -43.957773 -214.669637 -1267.468478 0.360241 -0.588254 0.724005 0.810939 0.581091 0.068640 -0.461091 0.562396 0.686371
-24.813186 -187.446316 1027.570972 9081.104821 0.492599 -0.792172 0.360290 0.800629 0.250261 -0.544392 0.341086 0.556626 0.757514
4.452584 -7.373084 -23.462019 -32.978172 0.045992 -0.979570 0.195772 0.991797 0.068176 0.108127 -0.119265 0.189193 0.974670
3.236704 -7.254958 -146.362790 -32.332303 0.054882 -0.956508 0.286498 0.993345 0.081403 0.081486 -0.101264 0.280119 0.954609
3.998027 -7.467825 -47.547841 0.320885 0.060689 -0.972499 0.224862 0.997868 0.053696 -0.037088 0.023994 0.226633 0.973685
3.673987 -7.542518 106.288727 1.527916 0.058671 -0.994938 0.081590 0.998266 0.058077 -0.009635 0.004847 0.082013 0.996619
4.058066 -7.642949 -100.085382 14.830772 0.075668 -0.960688 0.267121 0.984501 0.029472 -0.172886 0.158217 0.276063 0.948028
4.441997 -7.662066 53.653757 25.145056 0.056525 -0.985973 0.157039 0.987066 0.031554 -0.157179 0.150019 0.163892 0.975004
-0.806288 -16.615610 9.371850 126.605499 0.654634 -0.312045 0.688537 -0.075591 0.879241 0.470342 -0.752157 -0.359949 0.551993
-0.475419 -16.236719 24.960561 129.038697 0.669556 -0.294167 0.682027 -0.022690 0.909702 0.414641 -0.742415 -0.293100 0.602422
-0.314511 -14.675372 0.653129 62.981325 0.650902 -0.339675 0.678931 0.137841 0.932331 0.334303 -0.746543 -0.124014 0.653678
-0.595350 -14.741954 -3.708509 88.216821 0.647158 -0.349637 0.677451 0.052469 0.906949 0.417959 -0.760548 -0.234940 0.605285
-20.939286 -1533.111722 367.247846 89407.329414 0.166201 0.909507 -0.381016 -0.657428 -0.185786 -0.730255 0.734960 -0.371860 -0.567058
-8.424796 -1971.719318 5444.266481 36001.940635 -0.566580 -0.690652 0.449430 -0.348802 0.695164 0.628557 -0.746542 0.199366 -0.634767
6.280070 -2113.745919 -2753.534798 91103.916092 0.432998 0.819803 -0.374748 -0.639310 0.572386 0.513475 -0.635449 -0.017247 -0.771950
-16.002207 -1921.465147 -159.919090 -161415.662630 -0.415403 -0.711441 0.566827 0.659778 0.193322 0.726167 -0.626205 0.675632 0.389087
-3.702027 -374.196425 -27.092808 185.977603 0.216474 0.805974 -0.550949 -0.127777 -0.536086 -0.834437 0.967890 -0.251033 0.013064
-26.248790 -3835.381800 -159.794682 -109257.807428 -0.284590 -0.690573 0.664919 0.896659 0.053620 0.439464 -0.339135 0.721272 0.603949
-83.055444 -630.359626 -4437.907314 83618.169519 0.353184 0.775319 -0.523586 0.142004 0.508742 0.849127 -0.924714 0.374249 -0.069581
58.431072 -2231.539179 5175.992004 -337773.728320 0.180752 0.808024 -0.560737 -0.757203 -0.249520 -0.603641 0.627672 -0.533701 -0.566738
-1.046011 -3.190340 179.373181 43.214562 0.298465 0.896597 0.327159 0.363189 -0.423689 0.829808 -0.882617 0.128849 0.452090
-0.877536 -3.893956 149.874253 64.503210 0.277256 0.911327 0.304323 0.324419 -0.386935 0.863153 -0.904368 0.140586 0.402932
-2.750029 -4.335007 80.079927 84.321280 0.073705 0.992410 -0.098434 0.394386 0.061652 0.916874 -0.915984 0.106399 0.386849
-0.148102 -10.883095 -60.776768 -19.206084 -0.066664 0.997654 -0.015578 0.211365 -0.001139 -0.977407 0.975131 0.068451 0.210793
-0.288569 -10.634999 -44.590387 -40.953485 -0.073563 0.997146 -0.017004 0.390812 0.013137 -0.920377 0.917526 0.074351 0.390663
0.169317 -10.910562 -31.675287 6.213485 -0.095209 0.995368 -0.013317 0.386409 0.024625 -0.921999 0.917400 0.092928 0.386964
0.670091 -10.667911 -22.829610 -11.840689 -0.110768 0.993846 -0.000311 0.374167 0.041413 -0.926436 0.920722 0.102736 0.376452
0.457591 -10.968338 -24.344993 -12.832717 -0.104004 0.994461 -0.015186 0.183326 0.004162 -0.983043 0.977535 0.105024 0.182744
0.417266 -11.031992 -31.517784 55.793460 -0.104865 0.994469 -0.005973 0.465995 0.043831 -0.883701 0.878551 0.095452 0.468014
2.997302 -41.400187 -50.248191 -1553.179764 0.053927 0.994306 0.091911 0.890142 -0.006159 -0.455642 0.452482 -0.106385 0.885405
3.519169 -62.915918 -119.453622 -2563.741509 0.043289 0.997689 0.052371 0.744644 0.002727 -0.667456 0.666056 -0.067891 0.742805
2.158503 -51.254066 -29.496378 -1399.649963 0.090023 0.995789 0.017328 0.663625 -0.047003 -0.746588 0.742629 -0.078709 0.665061
2.009563 -46.596750 -22.971018 -1514.693123 0.105737 0.991251 0.079007 0.904707 -0.062921 -0.421363 0.412705 -0.116032 0.903444
2.069343 -5.884538 0.279389 66.699683 0.781895 -0.435129 0.446434 -0.523482 -0.069388 0.849207 0.338537 0.897690 0.282036
2.811210 -7.281947 19.000896 -69.366943 0.702812 -0.463719 0.539463 -0.641610 -0.085691 0.762229 0.307233 0.881829 0.357752
1.472818 -6.349092 -78.357712 -111.607456 0.757180 -0.385684 0.527187 -0.593110 -0.067799 0.802262 0.273677 0.920136 0.280089
1.811196 -9.288359 20.269469 186.359855 0.814525 -0.479852 0.326023 -0.434462 -0.132151 0.890943 0.384437 0.867340 0.316118
-3.583920 -30.293873 148.004717 -125.535987 0.973783 0.143013 0.176902 0.037511 0.666061 -0.744954 0.224366 -0.732059 -0.643234
-1.728851 -26.798528 85.525879 178.411796 0.973256 0.139181 0.182762 0.013657 0.759108 -0.650822 0.229318 -0.635912 -0.736905
-1.648273 -27.541695 99.847127 -673.734883 0.976511 0.119550 0.179262 0.120801 0.385154 -0.914912 0.178421 -0.915076 -0.361665
-4.040964 -35.383829 126.668498 -1124.462517 0.984375 0.075828 0.158924 0.129823 0.297225 -0.945940 0.118965 -0.951792 -0.282737
-0.651242 -7.452377 -8.860876 -7.681091 -0.356394 0.933925 -0.027688 0.861171 0.316847 -0.397482 0.362445 0.165505 0.917192
-0.929035 -7.828325 17.460927 -29.010058 -0.309266 0.949437 -0.054079 0.871660 0.260277 -0.415290 0.380216 0.175573 0.908080
-1.029516 -7.951867 3.010988 -42.133340 -0.302703 0.951065 -0.062019 0.832971 0.232371 -0.502158 0.463174 0.203665 0.862549
-0.550693 -7.426397 -8.244283 -7.144483 -0.363114 0.931255 -0.030215 0.841983 0.314073 -0.438661 0.399015 0.184725 0.898145
-7.961159 -13.343463 -6.940234 365.594832 0.037541 0.723445 0.689361 -0.226564 0.678044 -0.699231 0.973273 0.129934 -0.189361
-7.169051 -10.678319 58.695693 94.213521 -0.200061 0.979147 0.035318 -0.094562 0.016582 -0.995381 0.975210 0.202476 -0.089272
-9.312409 -11.908281 40.811414 197.474525 -0.100997 0.794815 0.598388 -0.126780 0.586278 -0.800128 0.986776 0.156674 -0.041554
-6.031386 -9.567541 -37.765183 103.621671 -0.268772 0.950016 -0.158840 -0.130650 -0.199342 -0.971181 0.954302 0.240274 -0.177697
0.948300 -11.627015 -258.162029 -101.332088 -0.124778 0.955783 -0.266289 -0.883653 0.015000 0.467902 -0.451207 -0.293691 -0.842709
3.077691 -10.774425 -266.140417 -162.272219 -0.110855 0.958396 -0.263036 -0.942471 -0.017390 0.333836 -0.315373 -0.284911 -0.905188
4.627206 -12.089253 -229.412700 -111.029434 -0.126333 0.969872 -0.208299 -0.876821 -0.010974 0.480691 -0.463923 -0.243368 -0.851791
-1.033245 -10.581598 -201.155467 -146.613605 -0.071008 0.959912 -0.271157 -0.941505 0.025281 0.336049 -0.329432 -0.279158 -0.901967
1.761492 -12.252911 -226.560281 25.950260 -0.166753 0.960824 -0.221383 -0.754365 0.020259 0.656142 -0.634922 -0.276417 -0.721434
-2.235879 -11.418154 -177.042595 -62.027249 -0.092304 0.966471 -0.239612 -0.855942 0.045940 0.515028 -0.508767 -0.252633 -0.823002
-1.098976 -4.573572 3.329644 -44.677996 -0.189011 0.962478 -0.194707 -0.961844 -0.221404 -0.160738 0.197816 -0.156897 -0.967601
-0.558719 -5.269671 -18.289054 39.519004 -0.186508 0.959247 -0.212272 0.975476 0.206514 0.076151 0.116885 -0.192864 -0.974239
-0.898061 -5.400321 14.149694 55.204622 -0.240036 0.951127 -0.194269 0.961687 0.260283 0.086080 0.132438 -0.166164 -0.977164
-0.670875 -4.684844 -51.322531 -27.262606 -0.125732 0.967595 -0.218978 -0.973029 -0.163310 -0.162926 0.193407 -0.192587 -0.962031
-1.213622 -4.436903 30.393562 -59.034105 -0.286512 0.939172 -0.189384 -0.935117 -0.317144 -0.158039 0.208488 -0.131816 -0.969101
-1.372228 -3.477076 21.700073 -37.898078 -0.177733 0.969926 -0.166298 -0.947463 -0.214327 -0.237441 0.265942 -0.115360 -0.957062
-1.170603 -4.012525 -30.112242 -24.681577 -0.079661 0.979402 -0.185544 -0.960662 -0.125109 -0.247942 0.266048 -0.158494 -0.950841
-1.441847 -10.296964 13.205654 -281.310193 0.437492 0.898578 0.034043 0.886610 -0.424729 -0.183106 0.150076 -0.110290 0.982504
-1.123848 -16.168864 44.635249 -517.666961 0.327940 0.943589 0.045770 0.923496 -0.309997 -0.225957 0.199022 -0.116369 0.973061
0.233969 -12.582860 105.208129 -498.501315 0.342797 0.939366 0.009053 0.933023 -0.339329 -0.119684 0.109355 -0.049474 0.992771
-0.544797 -7.087723 14.196358 0.559243 0.021893 0.996567 -0.079837 -0.989939 0.010443 -0.141111 0.139793 -0.082123 -0.986769
-0.518311 -6.939303 -1.981541 24.062807 0.031236 0.996008 -0.083625 -0.984849 0.016391 -0.172636 0.170576 -0.087750 -0.981430
0.983985 -14.696481 -28.477898 290.340239 0.267851 0.956916 -0.112105 -0.600214 0.256750 0.757511 -0.753657 0.135613 -0.643125
1.157486 -13.122443 -5.195499 61.382069 0.262812 0.961255 -0.083182 -0.526024 0.215022 0.822839 -0.808844 0.172496 -0.562153
1.102993 -13.797635 6.900562 200.395029 0.243947 0.965891 -0.086864 -0.551137 0.211779 0.807092 -0.797958 0.149014 -0.584001
1.327196 -14.431917 -24.091659 93.156459 0.282799 0.954408 -0.095556 -0.533390 0.239278 0.811321 -0.797195 0.178472 -0.576739
0.684528 -15.453714 -24.712292 282.433125 0.251575 0.959727 -0.125035 -0.672650 0.266269 0.690393 -0.695882 0.089581 -0.712547
0.872675 -15.228338 -43.142092 79.243821 0.271804 0.952630 -0.136450 -0.780126 0.301133 0.548381 -0.563494 0.042604 -0.825021
1.365509 -15.709902 -23.952006 206.351969 0.289923 0.951083 -0.106701 -0.656543 0.278769 0.700885 -0.696345 0.133149 -0.705248
77.672243 -6.937341 3830.702281 -97.198192 0.144957 0.985235 0.091099 0.975575 -0.126960 -0.179260 0.165048 -0.114859 0.979575
111.861414 -4.253235 -4869.028613 -53.960244 -0.128707 -0.970476 -0.203989 0.986970 -0.105327 -0.121637 0.096560 -0.216987 0.971387
32.199662 -5.628803 1896.452958 77.739056 0.006131 0.997310 0.073038 0.993771 0.002051 -0.111426 0.111276 -0.073267 0.991085
150.124487 2.082732 -6815.163267 -206.309274 -0.181641 -0.947609 -0.262760 0.970470 -0.129610 -0.203445 0.158729 -0.291955 0.943169
18.972340 -5.353427 1111.248664 90.917395 0.009403 0.996120 0.087500 0.982007 0.007306 -0.188701 0.188608 -0.087700 0.978129
154.576894 -6.381307 7630.797731 165.291268 -0.087414 0.979735 0.180216 0.974361 0.121738 -0.189208 0.207313 -0.159056 0.965258
131.016677 -11.364357 6483.438030 342.565532 -0.093581 0.982441 0.161410 0.966177 0.128742 -0.223444 0.240300 -0.135041 0.961259
-0.492273 -3.507813 61.916411 32.135087 0.407644 0.911499 0.054730 -0.826003 0.393633 -0.403451 0.389289 -0.119257 -0.913363
0.310588 -2.983010 95.473802 43.250146 0.405530 0.911825 0.064192 -0.841526 0.399838 -0.363267 0.356902 -0.093296 -0.929471
1.564289 -3.338260 77.978032 32.831204 0.310937 0.950336 -0.013433 -0.878093 0.281834 -0.386682 0.363692 -0.132029 -0.922115
1.407924 -8.311243 110.082259 -57.697113 -0.020601 0.999708 -0.012617 0.860883 0.024154 0.508229 -0.508385 0.000392 0.861130
5.294895 -7.849622 249.556119 20.884499 -0.063530 0.997940 -0.008909 0.842620 0.058421 0.535330 -0.534747 -0.026503 0.844596
-1.295885 -7.858779 13.541432 -222.725333 0.207355 0.975258 0.076659 0.691564 -0.090710 -0.716597 0.691913 -0.201604 0.693262
-1.024703 -7.497107 60.220860 -155.263846 0.184207 0.981661 0.049091 0.716042 -0.099814 -0.690885 0.673314 -0.162417 0.721296
3.037409 -6.297527 -50.019364 -21.161352 0.043638 0.992207 -0.116713 -0.991295 0.057528 0.118428 -0.124219 -0.110529 -0.986080
2.703357 -6.334426 -49.368139 -14.470386 0.024479 0.990472 -0.135523 -0.978109 0.051752 0.201556 -0.206649 -0.127623 -0.970056
2.684420 -6.188594 -45.583093 4.537865 0.053589 0.992106 -0.113371 0.998222 -0.056193 -0.019899 -0.026112 -0.112103 -0.993353
-0.824315 -28.857380 -3.530209 198.483792 0.387589 -0.858444 -0.335928 0.917919 0.325865 0.226354 -0.084845 -0.396087 0.914285
-0.969558 -30.684381 28.111225 100.388635 0.424165 -0.833252 -0.354649 0.857053 0.242884 0.454388 -0.292481 -0.496688 0.817163
0.545765 -16.189136 24.531328 89.138020 -0.057992 -0.965860 -0.252489 0.995385 -0.036571 -0.088725 0.076462 -0.256469 0.963523
0.071401 -14.764511 10.947589 -92.453224 -0.079881 -0.962328 -0.259891 0.984143 -0.034715 -0.173945 0.158370 -0.269665 0.949842
0.536315 -15.353707 27.176940 198.384494 0.010951 -0.960592 -0.277746 0.999937 0.011227 0.000596 0.002545 -0.277735 0.960654
-0.287537 -13.787495 20.179093 -76.653653 -0.049329 -0.962177 -0.267923 0.984573 -0.001757 -0.174966 0.167878 -0.272421 0.947420
-0.840720 -6.259303 135.404549 5.102428 0.097559 0.988784 0.113083 -0.891939 0.036461 0.450684 -0.441506 0.144831 -0.885492
0.542684 -6.380278 149.543735 13.366302 0.163489 0.982763 0.086308 -0.835718 0.091473 0.541486 -0.524258 0.160656 -0.836268
-9.479549 -173.314519 97.937437 8910.360985 -0.567772 0.818515 -0.087571 0.067423 -0.059784 -0.995932 0.820420 0.571367 0.021243
-2.641331 -232.191896 745.317789 -13204.511080 0.728928 -0.683229 -0.043149 -0.368141 -0.444345 0.816718 0.577179 0.579444 0.575421
-3.166390 -5.845461 33.281106 -74.082447 0.177526 0.974358 -0.138245 -0.458649 0.206203 0.864362 -0.870704 0.090041 -0.483494
-3.381474 -6.941672 3.899358 -38.513867 0.142360 0.987410 -0.068953 -0.338716 0.114054 0.933950 -0.930057 0.109601 -0.350688
-3.458884 -6.786376 4.937484 14.000931 0.095528 0.989760 -0.106060 -0.214746 0.124530 0.968698 -0.971987 0.069762 -0.224443
-4.318673 -7.173001 82.643026 -84.672254 -0.239263 0.772129 -0.588703 -0.112191 -0.624237 -0.773137 0.964451 0.118936 -0.235982
-4.559510 -8.250529 93.124257 -94.029299 -0.253241 0.762688 -0.595127 -0.215465 -0.644195 -0.733886 0.943103 0.057621 -0.327469
-3.423188 -8.964888 88.281047 -73.964500 -0.285109 0.813719 -0.506532 -0.330674 -0.579524 -0.744853 0.899649 0.044868 -0.434303
-7.950360 -37.724117 254.052530 1924.222858 0.817042 0.097097 0.568344 -0.559343 0.372689 0.740431 0.139922 0.922862 -0.358813
-21.339630 -43.049562 389.668359 -1271.641341 0.965385 -0.257585 0.041000 -0.224024 -0.899363 -0.375445 -0.133583 -0.353264 0.925937
-25.077544 -42.456577 474.072060 742.811683 0.910721 -0.412797 -0.013637 -0.258793 -0.544600 -0.797770 -0.321890 -0.730075 0.602808
-18.222108 -42.310770 418.350756 1070.580275 0.984044 -0.160269 -0.077273 -0.157330 -0.580974 -0.798572 -0.083093 -0.797987 0.596919
-14.358860 -37.368356 419.396670 -600.768338 0.984626 -0.076214 -0.157174 -0.147355 -0.845596 -0.513083 0.093802 -0.528355 0.843826
1.277245 -1.887801 -1.590785 -32.628228 0.035403 0.992900 0.113563 -0.497764 0.116055 -0.859513 0.866590 0.026099 -0.498339
0.995510 -2.597027 -10.839739 -52.895878 -0.014861 0.999522 0.027118 -0.523507 0.015329 -0.851883 0.851891 0.026856 -0.523029
1.055207 -2.149571 -13.376586 -42.666861 0.071155 0.989412 0.126493 -0.509464 0.145075 -0.848174 0.857545 0.004091 -0.514393
0.582613 -2.426907 -8.851325 -42.755189 0.126410 0.971955 0.198303 -0.521250 0.235166 -0.820363 0.843990 -0.000337 -0.536359
0.996732 -1.768528 -19.555965 -27.494545 0.133843 0.970713 0.199505 -0.492705 0.239853 -0.836488 0.859842 -0.013661 -0.510377
-20.326219 -22.281418 877.772901 -470.798401 0.158132 0.906373 0.391768 0.854585 0.073132 -0.514137 0.494651 -0.416101 0.763008
-19.171541 -21.037224 -387.203620 -475.615933 -0.356624 -0.727523 -0.586114 0.853115 0.002124 -0.521718 0.380807 -0.686080 0.619903
-19.031763 -20.367732 -101.613747 -639.400061 -0.038390 -0.540276 -0.840612 0.991738 0.082445 -0.098280 0.122403 -0.837439 0.532647
-13.315776 -15.627162 -463.388406 -100.074164 0.994998 -0.000423 0.099895 0.082619 -0.558648 -0.825280 -0.056155 -0.829405 0.555819
-8.057133 -71.639908 -279.279561 -5307.107808 -0.365844 0.917194 0.157841 0.105316 -0.127709 0.986204 -0.924698 -0.377420 0.049874
-9.764261 -102.118869 20.681119 -7855.362943 -0.023757 0.974607 0.222658 0.059103 -0.220962 0.973490 -0.997969 -0.036287 0.052353
-4.903490 -8.747867 -71.219987 -494.141914 -0.174722 0.970472 0.166300 0.470626 -0.066042 0.879858 -0.864860 -0.231996 0.445191
0.125891 -3.221025 -134.563856 64.862405 0.132655 0.982669 -0.129477 0.705556 -0.185367 -0.683981 0.696128 0.000620 0.717918
-0.904410 -3.448060 -62.845648 66.492019 0.075327 0.988901 -0.128063 0.717587 -0.142934 -0.681644 0.692383 0.040549 0.720389
0.510658 -4.496441 -150.543129 57.735132 0.117068 0.986980 -0.110296 0.762621 -0.160481 -0.626622 0.636164 0.010756 0.771479
1.927662 -4.031436 -191.208287 66.315965 0.162106 0.976207 -0.144018 0.724436 -0.216833 -0.654352 0.670011 -0.001742 0.742349
1.875627 -3.044888 -179.644649 69.489728 0.196831 0.962644 -0.185942 0.673434 -0.270579 -0.687948 0.712561 -0.010190 0.701536
-1.657065 -8.873165 -97.753663 23.699891 -0.721401 0.615444 -0.317506 0.050807 0.504280 0.862044 -0.690652 -0.605748 0.395057
0.239201 -8.828898 -121.519577 3.041533 -0.728462 0.640254 -0.243757 0.039376 0.394346 0.918118 -0.683954 -0.659216 0.312476
0.154955 -6.842301 -0.871795 14.237257 -0.330034 0.943963 -0.003255 0.731648 0.257979 0.630982 -0.596463 -0.205864 0.775791
0.068990 -7.262724 14.356559 24.614725 -0.329712 0.943658 -0.028271 0.701135 0.264808 0.662032 -0.632218 -0.198458 0.748942
0.131532 -6.885357 8.314550 2.185258 -0.310881 0.950448 0.001548 0.790778 0.257751 0.555189 -0.527279 -0.173822 0.831723
0.061602 -7.031632 -6.340111 36.046991 -0.348124 0.937324 -0.015266 0.656295 0.255312 0.709995 -0.669393 -0.237147 0.704041
0.136874 -6.747164 -2.724100 -10.031156 -0.320237 0.947325 0.004869 0.777515 0.259891 0.572649 -0.541220 -0.187168 0.819786
0.133561 -6.792862 -7.114477 15.070052 -0.331471 0.943465 -0.001163 0.712640 0.251182 0.655021 -0.618281 -0.216291 0.755610
0.851188 -23.847519 -4.197466 169.163011 0.115729 0.963083 -0.243058 0.992635 -0.103315 0.063263 0.035816 -0.248589 -0.967947
0.517044 -21.426050 -15.140431 231.124713 0.127145 0.957402 -0.259261 0.971101 -0.066927 0.229093 0.201982 -0.280897 -0.938243
0.683992 -20.463522 -12.590598 -337.290009 0.130084 0.960597 -0.245624 -0.921129 0.025419 -0.388427 0.366878 -0.276779 -0.888141
0.923718 -25.276579 7.911791 158.445931 0.120699 0.970304 -0.209623 0.982822 -0.146504 -0.112238 -0.139616 -0.192475 -0.971319
0.929405 -25.833782 31.689428 20.025531 0.104969 0.973791 -0.201774 -0.938237 0.164237 0.304528 -0.329685 -0.157346 -0.930887
0.798310 -22.027229 -16.075574 231.685088 0.120202 0.962791 -0.242042 0.979361 -0.075096 0.187651 0.162492 -0.259603 -0.951947
0.899377 -20.183887 -2.944235 -290.764263 0.126059 0.963836 -0.234797 -0.938600 0.039258 -0.342766 0.321152 -0.263589 -0.909605
0.374690 -6.414624 -14.695696 -54.431813 -0.123439 0.974510 -0.187330 0.166893 0.206471 0.964114 -0.978218 -0.087745 0.188126
