13415
26816
-6.698687 -8.453560 44.714765 136.818705 -0.454385 0.890800 0.003278 -0.742027 -0.376457 -0.554686 0.492880 0.254473 -0.832053
-8.141698 -10.672658 3.129107 156.923038 -0.076511 0.944632 0.319088 -0.802933 0.131363 -0.581414 0.591139 0.300691 -0.748425
-6.989394 -11.339043 -64.177844 305.531337 0.178365 0.920330 0.348107 -0.826649 0.332047 -0.454308 0.533701 0.206730 -0.820016
-6.953033 -9.137716 43.136366 102.266509 -0.645632 0.762044 -0.049472 -0.564027 -0.519534 -0.641840 0.514813 0.386489 -0.765241
-5.881207 -7.695129 -56.370502 167.975507 -0.073938 0.986510 0.146054 -0.900805 -0.003229 -0.434212 0.427883 0.163671 -0.888892
-5.074431 -7.275106 49.546845 -71.499657 -0.818307 0.525034 -0.233906 0.405811 0.815938 0.411780 0.407051 0.242041 -0.880753
-5.330482 -7.933349 16.582535 -94.795636 -0.760539 0.627343 -0.167396 0.473726 0.712444 0.517694 0.444032 0.314426 -0.839030
-7.617072 -9.170370 41.192324 -135.344413 0.933323 0.256408 -0.251323 0.079305 0.535475 0.840819 -0.350170 0.804687 -0.479437
-8.318242 -9.603039 46.934131 -65.860950 0.903793 0.334867 -0.266499 0.117125 0.405394 0.906608 -0.411630 0.850600 -0.327171
-7.146999 -9.429827 71.225268 -91.648707 0.966237 0.214904 -0.142136 0.031610 0.448613 0.893167 -0.255709 0.867504 -0.426673
-5.122831 -9.380690 -18.547140 13.390183 -0.234851 0.971274 0.038357 0.105100 -0.013856 0.994365 -0.966333 -0.237559 0.098827
-3.915647 -9.750986 -49.681404 14.427563 -0.368740 0.927299 0.064403 0.164102 -0.003255 0.986438 -0.914932 -0.374308 0.150972
-4.940651 -9.358122 -21.559019 -26.270017 -0.244605 0.966222 0.081139 0.243140 -0.019886 0.969787 -0.938643 -0.256943 0.230063
-5.518311 -9.605052 -7.403410 -18.182115 -0.113325 0.990421 0.078887 0.228725 -0.051260 0.972141 -0.966872 -0.128211 0.220725
-5.788651 -9.504597 -16.613183 13.618365 -0.080108 0.996422 0.026948 0.060931 -0.022089 0.997897 -0.994922 -0.081582 0.058944
-0.585249 -2.497301 -8.878904 -17.832015 -0.207884 0.909941 0.358876 -0.008399 0.365217 -0.930884 0.978117 0.196530 0.068280
-0.271473 -2.649758 -22.920083 11.716028 -0.193663 0.915533 0.352554 -0.078818 0.343677 -0.935775 0.977897 0.209013 -0.005603
-0.641696 -2.833817 -19.510720 -10.873432 -0.195670 0.919499 0.340932 -0.051551 0.337527 -0.939903 0.979314 0.201486 0.018642
0.556371 -3.271871 65.992540 -50.222230 -0.215770 0.910832 0.351892 -0.024956 0.355119 -0.934488 0.976125 0.210416 0.053893
0.011588 -2.456229 37.130099 -43.566238 -0.226811 0.945021 0.235567 0.047625 0.252343 -0.966465 0.972774 0.207986 0.102241
-2.523633 -3.813505 24.266495 104.244172 0.324348 0.938161 -0.121044 -0.202724 0.193928 0.959841 -0.923960 0.286784 -0.253088
-2.625099 -4.459006 24.107325 60.203570 0.311229 0.937586 -0.155143 -0.264364 0.242224 0.933509 -0.912824 0.249521 -0.323251
-3.050666 -3.599344 21.229185 82.566763 0.240602 0.970623 -0.001611 -0.241281 0.061418 0.968510 -0.940156 0.232637 -0.248970
-2.110845 -3.357782 80.850589 25.649447 -0.168230 0.155725 0.973370 0.241534 0.963854 -0.112458 -0.955699 0.216183 -0.199762
-2.530846 -2.668033 64.491067 17.547414 -0.264112 -0.121830 0.956767 0.241764 0.951957 0.187956 -0.933700 0.280953 -0.221969
-3.560062 -3.876104 35.948924 24.295753 0.014124 0.847848 0.530052 -0.305021 -0.501184 0.809800 -0.952241 0.173114 -0.251533
-1.802228 -5.546912 -17.214920 -60.770626 0.168765 0.964956 -0.200945 -0.091697 -0.187615 -0.977953 0.981382 -0.183470 -0.056820
-1.386104 -6.186222 -35.249409 -17.480369 0.183034 0.967280 -0.175693 -0.203185 -0.137634 -0.969419 0.961881 -0.213135 -0.171345
-1.835526 -5.979887 0.190853 -29.054144 0.128672 0.966727 -0.221094 -0.163049 -0.199290 -0.966281 0.978192 -0.160382 -0.131981
-1.966640 -5.761046 9.852373 -37.861859 0.091405 0.963874 -0.250182 -0.148879 -0.235183 -0.960481 0.984622 -0.125040 -0.122004
-2.089034 -5.184300 8.264327 -68.828137 0.115777 0.954769 -0.273882 -0.058121 -0.268752 -0.961454 0.991573 -0.127233 -0.024377
0.944598 -11.698687 -26.579745 94.786343 -0.638645 0.768709 0.034914 0.474106 0.357339 0.804694 -0.606100 -0.530467 0.592662
0.500651 -10.913660 -32.526505 83.942579 -0.633870 0.769713 0.075842 0.527195 0.358229 0.770544 -0.565928 -0.528408 0.632859
0.505628 -11.892595 -27.889937 81.855817 -0.646203 0.762363 0.034986 0.397979 0.297515 0.867812 -0.651179 -0.574707 0.495660
0.897855 -12.135799 -19.902430 30.192934 -0.639716 0.768571 0.007872 0.312131 0.250413 0.916443 -0.702380 -0.588720 0.400088
0.204079 -11.849983 -17.761031 -5.681916 -0.638850 0.768463 0.036540 0.274530 0.183342 0.943938 -0.718683 -0.613066 0.328094
3.565193 -17.612258 31.009085 -248.239643 0.738410 0.671963 -0.056702 -0.648098 0.730383 0.215662 0.186332 -0.122499 0.974820
4.614474 -18.255644 71.747895 3.429976 0.741785 0.669498 -0.039094 0.670082 -0.737535 0.083854 -0.027307 0.088398 0.995711
3.087860 -17.695009 68.859646 -129.480467 0.740697 0.663358 -0.106415 -0.657487 0.748288 0.088178 0.138122 0.004653 0.990404
2.639032 -15.955641 59.233586 -217.476680 0.719910 0.681708 -0.130397 -0.606315 0.709131 0.359884 0.337804 -0.180023 0.923840
1.837467 -16.712841 84.231062 -97.299416 0.711025 0.683066 -0.166928 -0.671665 0.730015 0.126271 0.208111 0.022338 0.977850
-2.422077 -6.470144 -47.558946 -57.204143 -0.389081 0.453787 0.801681 0.769045 0.639092 0.011487 -0.507135 0.620998 -0.597642
-1.887154 -5.877084 -48.273402 -23.912786 -0.343862 0.515483 0.784879 0.776098 0.626548 -0.071481 -0.528612 0.584564 -0.615512
-2.004322 -5.624731 -43.989187 15.925292 -0.319071 0.518135 0.793555 0.751721 0.648280 -0.121030 -0.577156 0.557915 -0.596341
-1.236321 -5.743710 -61.446548 33.032765 -0.301649 0.569936 0.764317 0.765914 0.622269 -0.161734 -0.567788 0.536614 -0.624229
-1.439064 -5.718869 -53.841650 43.064584 -0.301396 0.554977 0.775345 0.719361 0.666077 -0.197131 -0.625843 0.498339 -0.599982
1.063949 -4.764419 -7.523364 88.324159 0.203913 0.977313 -0.057262 -0.472066 0.046916 -0.880314 0.857655 -0.206539 -0.470924
0.809747 -5.898128 -19.852531 54.265339 0.214989 0.975591 -0.044743 -0.369942 0.038952 -0.928238 0.903838 -0.216113 -0.369287
0.614716 -5.325193 38.011950 96.972031 0.188757 0.981672 -0.026303 -0.446671 0.061971 -0.892550 0.874561 -0.180223 -0.450181
-1.913088 -14.717952 -67.958944 170.724644 0.382074 0.919377 0.093626 -0.909987 0.391948 -0.135276 0.161066 0.033513 -0.986375
-1.509016 -13.565707 -72.240238 -140.917438 0.352541 0.932742 0.075541 0.935790 -0.351097 -0.032056 -0.003378 0.081992 -0.996627
-2.494029 -12.806020 -54.818750 -113.847233 0.352807 0.929278 0.109408 0.935439 -0.347547 -0.064542 -0.021953 0.125115 -0.991899
-3.220773 -14.374070 -48.447522 155.283028 0.368604 0.916982 0.152563 -0.916877 0.385681 -0.102893 0.153192 0.101955 -0.982923
-3.390809 -11.963384 -46.846599 -81.266007 0.355503 0.921739 0.154969 0.932757 -0.339246 -0.121969 -0.059851 0.187909 -0.980361
0.950502 -3.408160 -31.312319 -43.031463 0.339306 0.937113 0.081800 -0.610227 0.285456 -0.739012 0.715887 -0.200834 -0.668708
0.748022 -2.679319 -39.459013 -30.455043 0.339986 0.938785 0.055611 -0.569617 0.252621 -0.782124 0.748295 -0.234234 -0.620636
0.890969 -2.583314 -9.778361 -47.013990 0.315529 0.945315 0.082593 -0.569998 0.258400 -0.779956 0.758646 -0.199021 -0.620361
1.268747 -12.096111 121.580032 37.122932 -0.545973 0.834589 0.073313 0.624148 0.463553 -0.628934 0.558885 0.297623 0.773995
0.326204 -13.988586 88.992592 -191.127589 -0.506108 0.861360 0.043737 0.594386 0.385091 -0.705982 0.624947 0.331306 0.706878
3.550959 -13.650752 231.672154 -185.145973 -0.509948 0.859817 0.025828 0.595358 0.374454 -0.710868 0.620888 0.347129 0.702851
3.385164 -13.455611 189.131324 131.541218 -0.503197 0.861517 0.067680 0.665827 0.436438 -0.605142 0.550879 0.259442 0.793235
0.920725 -15.652983 89.432344 233.514205 -0.528508 0.844144 0.089999 0.703285 0.494745 -0.510507 0.475468 0.206512 0.855151
8.796319 -5.706201 439.669958 -177.394279 -0.109849 0.583770 0.804453 0.049598 0.811563 -0.582156 -0.992710 -0.024050 -0.118104
12.485834 0.562625 -1078.563675 385.033445 -0.164913 0.911435 -0.376948 -0.384897 0.292408 0.875415 -0.908107 -0.289453 -0.302587
6.402613 -2.340549 94.389528 -301.925229 -0.434340 0.176780 0.883231 -0.071004 0.970781 -0.229220 -0.897946 -0.162272 -0.409097
5.276985 -6.591742 283.362932 -248.307423 -0.215538 0.524079 0.823945 0.102669 0.851263 -0.514597 -0.971083 -0.026322 -0.237286
5.270754 -6.193181 -156.725689 -106.781011 -0.527121 0.226430 0.819069 0.053852 0.970811 -0.233722 -0.848082 -0.079091 -0.523928
3.558341 -7.703921 115.633641 -186.755353 -0.339867 0.417709 0.842620 0.141368 0.908464 -0.393330 -0.929788 -0.014560 -0.367808
-9.027464 -125.768678 142.524324 -5892.275085 0.764214 -0.619275 0.180209 0.514220 0.753682 0.409318 -0.389301 -0.220140 0.894418
35.320701 -954.422222 -528.631356 52877.305831 0.894920 -0.231198 0.381663 0.048405 -0.799966 -0.598089 -0.443594 -0.553716 0.704715
10.827702 -494.809844 126.089108 27853.607937 0.919651 -0.217134 0.327255 0.061265 -0.743749 -0.665645 -0.387930 -0.632210 0.670687
-1.751637 -204.264894 -70.503933 -12554.878930 0.871872 -0.438933 0.217201 0.364643 0.877895 0.310382 -0.326917 -0.191412 0.925466
-3.870819 -124.256293 162.128474 2734.326954 0.788850 -0.536002 0.300695 -0.600171 -0.777193 0.189120 -0.132329 0.329656 0.934781
-5.796099 -7.996620 49.119600 -110.107372 -0.069532 0.737485 -0.671775 -0.154214 -0.673256 -0.723149 0.985588 -0.053315 -0.160543
-5.091523 -6.660307 93.656660 -88.541650 -0.130977 0.841495 -0.524149 -0.076291 -0.535691 -0.840961 0.988446 0.070159 -0.134361
-5.654614 -6.578789 47.619317 -96.835480 -0.042763 0.773172 -0.632754 -0.043311 -0.634172 -0.771978 0.998146 0.005607 -0.060606
-0.256721 -2.976284 8.961623 12.188511 -0.100767 0.994875 0.008350 -0.952808 -0.098915 0.287005 -0.286361 -0.020965 -0.957893
-0.637094 -2.923924 22.311791 4.407380 -0.199938 0.979114 0.036886 -0.936356 -0.202023 0.287097 -0.288553 -0.022863 -0.957191
-0.589708 -3.022114 19.542581 -16.052033 -0.022904 0.999671 -0.011581 -0.944923 -0.017864 0.326804 -0.326490 -0.018429 -0.945021
-0.323817 -3.315633 -9.269675 6.800741 -0.012146 0.999714 -0.020586 -0.952327 -0.005289 0.305034 -0.304838 -0.023309 -0.952119
-0.413073 -3.368456 10.303880 -20.736572 0.108777 0.992543 -0.055009 -0.925198 0.121325 0.359568 -0.363560 -0.011782 -0.931496
-0.901756 -3.373209 30.269734 -25.548721 0.026261 0.999360 -0.024307 -0.922388 0.033597 0.384800 -0.385370 -0.012315 -0.922680
-0.213854 -10.099818 21.603988 84.715055 -0.294303 0.950213 -0.102376 -0.866551 -0.310490 -0.390749 0.403082 0.026284 -0.914786
-0.085844 -8.532448 10.365939 112.820822 -0.300583 0.945162 -0.127742 -0.932129 -0.319481 -0.170493 0.201955 -0.067824 -0.977044
-0.105718 -8.535908 -6.706467 85.653893 -0.301144 0.943010 -0.141578 -0.921232 -0.326046 -0.212191 0.246259 -0.066526 -0.966918
0.050960 -7.389558 44.350238 -34.110529 -0.495676 0.838518 0.226259 0.041527 0.283099 -0.958191 0.867514 0.465556 0.175147
-0.281176 -7.925469 30.379586 -52.684814 -0.492726 0.862432 0.115899 -0.004493 0.130665 -0.991416 0.870173 0.489017 0.060507
0.739856 -6.212612 41.733119 -24.298127 -0.492815 0.807250 0.324778 0.018000 0.382629 -0.923727 0.869948 0.449380 0.203095
1.693066 -6.390600 82.889696 -23.571117 -0.500312 0.767125 0.401505 0.105260 0.514163 -0.851209 0.859423 0.383608 0.337989
-25.608437 -421.141378 726.426929 26653.714412 -0.025186 0.757816 0.651982 -0.099102 0.647084 -0.755951 0.994759 0.083652 -0.058804
-8.610930 -151.653721 1205.985051 6983.661462 0.744885 -0.042216 0.665856 -0.398883 0.771822 0.495159 0.534826 0.634436 -0.558079
-96.088018 -251.478601 3519.028528 -13735.195765 -0.473031 0.845402 0.248068 0.337927 0.434118 -0.835073 0.813663 0.311186 0.491036
-7.032398 -484.326417 1191.813897 32640.232356 -0.828649 0.409592 -0.381543 0.447920 0.893977 -0.013110 0.335722 -0.181764 -0.924258
7.919998 -278.858227 -776.265946 -12452.533942 0.654167 -0.215410 -0.725027 -0.547846 -0.795851 -0.257850 0.521470 -0.565880 0.638631
-1.631843 -9.913937 -77.175967 117.049580 -0.501411 0.832265 0.236479 0.857172 0.515006 0.004966 -0.117655 0.205194 -0.971624
1.767368 -8.871507 56.427454 -135.208785 -0.115971 0.976544 0.181418 0.993244 0.113246 0.025340 0.004201 0.183131 -0.983079
-0.869961 -18.737322 -77.665027 507.442189 -0.669846 0.716385 0.195189 0.741814 0.656984 0.134476 -0.031900 0.234872 -0.971503
-0.887433 -5.911435 11.774173 -72.741870 -0.254843 0.966204 0.038788 0.892215 0.250415 -0.375825 0.372837 0.061169 0.925878
-1.051983 -8.019336 -45.265799 -124.916790 -0.085537 0.996130 -0.020198 0.874224 0.065314 -0.481110 0.477929 0.058811 0.876428
-2.104951 -5.917882 -77.801523 -88.896124 -0.191559 0.980909 0.033493 0.891556 0.188176 -0.411967 0.410405 0.049055 0.910583
-1.052296 -4.500309 -5.600296 -39.669545 -0.431967 0.893934 0.119524 0.840219 0.447044 -0.306893 0.327775 0.032142 0.944209
-0.758160 -6.172621 46.286074 74.356857 0.089598 -0.966403 -0.240910 0.990655 0.061497 0.121743 -0.102838 -0.249567 0.962881
0.058586 -6.672012 36.526331 47.764934 0.026979 -0.968901 -0.245972 0.978592 -0.024625 0.204333 -0.204036 -0.246218 0.947494
-0.046650 -5.842260 41.089031 56.354248 0.051673 -0.969610 -0.239139 0.994071 0.027000 0.105325 -0.095667 -0.243163 0.965256
-0.657560 -5.105290 35.542922 61.966005 0.092095 -0.969163 -0.228566 0.995516 0.084638 0.042238 -0.021590 -0.231431 0.972612
-0.613574 -7.427253 97.149720 42.839614 0.173205 0.944608 -0.278775 0.633906 0.109709 0.765589 -0.753766 0.309321 0.579791
-1.790228 -7.765776 46.847514 -0.255730 0.115299 0.954830 -0.273872 0.543297 0.170199 0.822108 -0.831586 0.243582 0.499132
-2.109956 -7.795865 62.604950 19.175442 0.118872 0.952571 -0.280140 0.657213 0.136003 0.741333 -0.744272 0.272235 0.609875
0.051721 -7.465286 93.128774 34.171406 0.186908 0.948308 -0.256472 0.554667 0.113605 0.824280 -0.810808 0.296321 0.504761
-0.029527 -7.064553 119.637628 26.704862 0.225473 0.942979 -0.244851 0.704936 0.015567 0.709100 -0.672478 0.332487 0.661230
-0.111768 -6.483549 15.721467 -45.789618 0.106737 0.952947 0.283723 0.396764 -0.302471 0.866654 -0.911694 -0.020067 0.410380
0.000164 -5.908814 31.086670 -45.292901 0.098648 0.962147 0.254050 0.332040 -0.272489 0.903050 -0.938093 0.004729 0.346351
-0.021272 -5.486741 -6.356216 -64.517614 0.085222 0.954537 0.285650 0.268021 -0.298088 0.916138 -0.959636 0.001515 0.281239
0.096606 -4.915755 -2.472230 -57.992404 0.087930 0.957336 0.275275 0.184702 -0.287222 0.939888 -0.978853 0.031801 0.202077
0.117672 -5.046205 -38.106080 -54.511536 0.086144 0.945999 0.312513 0.204734 -0.323794 0.923711 -0.975020 0.015590 0.221571
0.248492 -5.966056 -36.322533 -64.854831 0.083628 0.944500 0.317689 0.320155 -0.327370 0.889005 -0.943667 -0.027364 0.329763
0.261310 -21.066780 0.183761 374.995892 0.465783 0.853365 0.234124 0.231296 0.137970 -0.963051 0.854136 -0.502724 0.133116
0.185424 -23.202921 -7.808277 52.446131 0.458808 0.851094 0.255214 0.529012 -0.030878 -0.848053 0.713892 -0.524104 0.464406
0.058957 -23.742371 -0.502138 182.571256 0.458747 0.851235 0.254853 0.444389 0.028579 -0.895378 0.769461 -0.524005 0.365169
0.328205 -24.674259 12.175655 271.968252 0.423209 0.869577 0.254420 0.394410 0.075987 -0.915788 0.815681 -0.487915 0.310811
0.147683 -21.584177 -13.681354 489.201888 0.474109 0.851449 0.224176 0.060731 0.222380 -0.973067 0.878369 -0.474955 -0.053723
-0.691642 -11.945245 -14.113967 110.157665 0.181285 0.982647 0.039246 -0.404551 0.110890 -0.907768 0.896367 -0.148687 -0.417633
-0.133487 -13.410104 -19.555684 85.179081 0.191441 0.981497 0.003757 -0.249986 0.052460 -0.966827 0.949135 -0.184151 -0.255403
-0.500487 -11.684375 -4.681609 123.624322 0.171548 0.985167 0.004078 -0.460350 0.083819 -0.883771 0.871004 -0.149732 -0.467901
-0.786167 -10.003395 15.851573 93.630193 0.162044 0.986676 0.014568 -0.600932 0.110381 -0.791642 0.782702 -0.119527 -0.610811
-0.754638 -10.249573 -5.434806 103.959120 0.173692 0.984327 -0.030510 -0.591295 0.079463 -0.802531 0.787529 -0.157434 -0.595830
3.769044 -3.918271 11.482838 -26.370445 0.269201 0.489887 -0.829181 -0.649582 0.728002 0.219217 0.711037 0.479608 0.514201
3.643689 -3.638536 -46.176496 -23.357251 0.264092 0.395002 -0.879903 -0.616052 0.771029 0.161226 0.742115 0.499487 0.446965
2.924294 -2.757339 5.754221 -0.566206 0.250121 0.495943 -0.831552 -0.610972 0.747108 0.261807 0.751101 0.442572 0.489875
-2.543003 -13.636696 7.535743 34.376606 0.429368 0.888407 0.162406 0.406909 -0.350840 0.843407 -0.806268 0.296047 0.512141
-2.234314 -13.507848 23.031029 3.898988 0.486031 0.860513 0.152617 0.285360 -0.321320 0.902952 -0.826041 0.395312 0.401728
-2.529720 -13.504489 11.566400 -39.674554 0.439325 0.882309 0.168894 0.172466 -0.267352 0.948039 -0.881617 0.387368 0.269623
-2.588234 -13.359202 -3.403164 14.740603 0.405210 0.897746 0.172792 0.350072 -0.326963 0.877807 -0.844544 0.295206 0.446765
-1.969567 -14.994409 36.179302 -57.593482 0.343364 0.911519 0.226350 0.878053 -0.226007 -0.421833 -0.333352 0.343590 -0.877965
-1.853238 -16.747564 9.623367 -78.108022 0.334592 0.920761 0.200618 0.934710 -0.297189 -0.194926 -0.119859 0.252741 -0.960081
-2.128232 -15.883476 -41.161923 47.328588 0.291006 0.946445 0.139850 -0.890604 0.214588 0.400969 -0.349485 0.241235 -0.905354
-2.296518 -17.286105 4.070456 -41.969277 0.320510 0.934354 0.155741 0.943709 -0.300775 -0.137649 -0.081770 0.191092 -0.978160
-2.199146 -15.525945 -10.007771 104.306285 0.269290 0.952232 0.144006 -0.771276 0.123693 0.624366 -0.576728 0.279204 -0.767743
-2.179826 -14.727033 -39.729544 107.751167 0.261071 0.954357 0.145066 -0.767490 0.114064 0.630832 -0.585492 0.276029 -0.762238
-2.443002 -16.575743 26.989727 72.044892 0.293129 0.945020 0.144954 -0.890542 0.214717 0.401039 -0.347866 0.246644 -0.904520
1.144170 -23.365776 -149.801948 -72.316348 0.388762 0.900346 -0.195552 -0.254538 -0.099031 -0.961979 0.885480 -0.423756 -0.190673
-1.481297 -24.645406 -35.232397 4.781693 0.338375 0.926824 -0.162790 -0.277063 -0.067201 -0.958499 0.899299 -0.369435 -0.234049
0.591164 -24.284637 -134.392899 -148.874052 0.374399 0.905408 -0.200154 0.031561 -0.228171 -0.973109 0.926730 -0.358014 0.114003
3.778743 -21.310767 -307.246842 48.847515 0.425656 0.876117 -0.226352 -0.082963 -0.211305 -0.973893 0.901074 -0.433322 0.017258
5.396605 -22.622986 -318.513668 145.551080 0.401041 0.887281 -0.227811 0.151466 -0.309490 -0.938762 0.903451 -0.341977 0.258511
1.599482 -22.244159 -160.821619 -217.870530 0.371037 0.898734 -0.233685 0.325992 -0.361694 -0.873445 0.869517 -0.247901 0.427182
-1.452158 -22.091794 -62.922876 -260.361061 0.345926 0.914847 -0.208302 0.261309 -0.307162 -0.915079 0.901140 -0.262119 0.345313
-0.098415 -7.318314 -108.748002 0.268652 0.024762 -0.958503 0.284006 0.993776 -0.007265 -0.111164 0.108614 0.284991 0.952357
1.464908 -7.066217 -158.038080 2.553200 -0.027844 -0.952109 0.304488 0.978681 -0.087975 -0.185593 0.203492 0.292829 0.934260
2.256358 -7.072693 -167.312081 12.531133 -0.058658 -0.953892 0.294362 0.992787 -0.086627 -0.082883 0.104561 0.287377 0.952093
-0.361773 -7.559002 -66.051832 -8.857977 0.046036 -0.963022 0.265462 0.975972 -0.013297 -0.217491 0.212978 0.269096 0.939270
0.390002 -7.114262 -151.509988 5.201199 -0.020043 -0.955177 0.295356 0.999730 -0.015684 0.017120 -0.011721 0.295619 0.955234
-1.020949 -7.157226 -51.647446 6.235239 0.082666 -0.962964 0.256647 0.996498 0.076614 -0.033509 0.012605 0.258518 0.965924
-1.082691 -7.596876 -6.431930 -7.952314 0.110301 -0.966975 0.229768 0.989416 0.084898 -0.117681 0.094287 0.240316 0.966105
5.387949 -90.239855 -206.115792 3199.046397 -0.396904 0.916289 -0.053677 -0.561702 -0.288728 -0.775324 0.725919 0.277579 -0.629279
2.574033 -79.678413 -64.713876 2518.465744 -0.403421 0.906885 -0.121699 -0.339905 -0.272014 -0.900263 0.849539 0.321818 -0.417991
2.915882 -84.016579 -108.615341 -2279.805548 -0.410322 0.907949 -0.085238 -0.049662 -0.115577 -0.992056 0.910588 0.402829 -0.092514
6.036345 -85.832381 -259.681581 -980.134354 -0.417185 0.908344 -0.029469 -0.214664 -0.129995 -0.967998 0.883106 0.397509 -0.249221
0.547261 -2.160786 -20.409282 10.656234 0.329807 0.943860 -0.018844 0.751058 -0.274426 -0.600502 0.571961 -0.183897 0.799401
0.163860 -2.362274 -25.916037 1.931514 0.319623 0.947543 -0.001780 0.764364 -0.258943 -0.590505 0.559990 -0.187379 0.807032
0.607224 -2.585619 -14.083259 31.884184 0.364649 0.929545 -0.054558 0.757596 -0.330240 -0.563018 0.541368 -0.163971 0.824642
0.118455 -2.535074 -32.623984 -22.909782 0.257087 0.964875 0.054061 0.767145 -0.169742 -0.618609 0.587704 -0.200509 0.783837
0.702801 -2.224345 -28.831335 -17.311119 0.257633 0.965343 0.041695 0.762586 -0.176643 -0.622302 0.593369 -0.192122 0.781666
-0.459430 -11.492098 -8.896884 -0.766335 0.190407 0.969023 0.157287 0.775115 -0.050074 -0.629833 0.602447 -0.241841 0.760639
-0.074554 -11.703352 -32.297390 80.252605 0.191379 0.962648 0.191526 0.800360 -0.040104 -0.598178 0.568154 -0.267769 0.778140
-0.116139 -11.372975 -32.487102 38.164330 0.196380 0.962385 0.187750 0.707331 -0.006436 -0.706853 0.679056 -0.271614 0.681989
-0.541011 -11.187574 -15.718912 -22.667444 0.212195 0.964115 0.159548 0.697920 -0.035234 -0.715308 0.684018 -0.263137 0.680352
-0.744066 -11.072205 4.514208 -90.035200 0.186114 0.972358 0.141000 0.738014 -0.043614 -0.673374 0.648611 -0.229385 0.725731
-0.749071 -11.329966 2.326616 -30.090334 0.178048 0.974345 0.137662 0.798211 -0.061194 -0.599262 0.575464 -0.216581 0.788628
-0.916634 -3.892059 0.283615 -38.708986 -0.098542 0.987182 -0.125546 0.803131 0.153388 0.575719 -0.587597 0.044097 0.807951
-0.708615 -4.628431 12.294909 -54.605942 0.002008 0.997838 -0.065695 0.857798 0.032048 0.512987 -0.513984 0.057383 0.855879
-0.519889 -3.932606 18.807807 -50.976530 0.007335 0.996622 -0.081798 0.838350 0.038460 0.543774 -0.545083 0.072564 0.835236
-0.666015 -3.430525 17.794909 -31.544332 -0.065636 0.989465 -0.129035 0.803600 0.129075 0.581005 -0.591540 0.065557 0.803606
-0.398282 -3.447589 27.593091 -32.347171 -0.003312 0.994545 -0.104255 0.819073 0.062508 0.570274 -0.573680 0.083504 0.814812
-10.043208 -488.148023 -545.546144 -30918.456923 0.929030 -0.275543 0.246941 0.218492 0.947155 0.234858 -0.298605 -0.164235 0.940139
-10.171920 -380.491487 41.037939 22937.067114 0.961986 -0.246271 0.118045 -0.213563 -0.947773 -0.236892 -0.170220 -0.202677 0.964338
-12.522791 -216.282110 -991.744815 -12315.507159 0.905189 -0.225026 0.360550 0.055721 0.903846 0.424214 -0.421341 -0.363903 0.830690
-17.813123 -85.479611 -521.510203 3155.331907 0.976319 -0.132562 0.170961 0.048561 -0.635808 -0.770318 -0.210813 -0.760379 0.614314
-7.354350 -12.098086 -49.100475 124.118211 0.047760 0.945747 0.321374 -0.692540 0.263206 -0.671648 0.719796 0.190486 -0.667539
-8.802644 -11.880036 50.628770 120.449776 -0.139203 0.936305 0.322420 -0.714282 0.130573 -0.687570 0.685875 0.326011 -0.650609
-7.313778 -10.759227 36.056378 105.671173 -0.492593 0.867998 0.062702 -0.605305 -0.289964 -0.741301 0.625266 0.403114 -0.668238
-4.820993 -9.599003 -29.617657 -30.865144 0.996857 0.073175 -0.030359 0.011151 0.249794 0.968235 -0.078434 0.965530 -0.248193
-4.994503 -9.386936 -4.272382 -88.602204 0.997461 0.047376 -0.053167 0.030093 0.396243 0.917652 -0.064542 0.916923 -0.393811
-5.620671 -9.584725 37.848129 -33.637361 0.994157 0.089003 -0.061072 0.031979 0.297533 0.954176 -0.103095 0.950554 -0.292948
-5.524945 -9.095700 32.913021 -40.246386 0.997533 0.056171 -0.042112 0.010590 0.472590 0.881219 -0.069401 0.879490 -0.470830
-5.283534 -9.761569 39.424307 11.686750 0.996060 0.064756 -0.060588 0.055940 0.071333 0.995883 -0.068812 0.995348 -0.067430
-6.595743 -9.879898 100.665597 4.348826 0.986775 0.117216 -0.111966 0.091652 0.166272 0.981811 -0.133701 0.979088 -0.153330
-1.582704 -10.318464 -106.497254 9.378849 -0.451485 0.890941 0.048843 0.168274 0.031260 0.985244 -0.876267 -0.453043 0.164036
-2.466217 -10.225803 -106.952131 47.545353 -0.439419 0.898159 -0.014895 -0.007518 0.012904 0.999888 -0.898251 -0.439482 -0.001082
0.825335 -11.214649 -182.980663 26.949501 -0.489073 0.872214 -0.007140 0.002380 0.009519 0.999952 -0.872240 -0.489032 0.006731
-0.207491 -2.753972 -20.864719 3.200632 -0.190335 0.869446 0.455891 -0.052976 0.454607 -0.889115 0.980289 0.193381 0.040468
0.169365 -2.552918 -8.213894 27.813128 -0.193803 0.887450 0.418179 -0.113977 0.403006 -0.908072 0.974397 0.223650 -0.023045
-2.244449 -4.269153 35.604891 66.766927 0.369771 0.913666 -0.168772 -0.235420 0.267852 0.934255 -0.898803 0.305728 -0.314140
-2.308883 -5.203092 32.940123 13.402892 0.360825 0.915051 -0.180239 -0.325860 0.304773 0.894946 -0.873854 0.264186 -0.408149
-2.638702 -5.359291 30.830555 11.928826 0.306978 0.937442 -0.164217 -0.354628 0.272793 0.894328 -0.883178 0.216303 -0.416185
-0.776959 -6.007767 -63.265092 -32.116153 0.231186 0.966124 -0.114705 -0.183687 -0.072435 -0.980312 0.955412 -0.247704 -0.160718
-0.769551 -6.128995 -41.900899 11.835860 0.194081 0.968362 -0.156868 -0.309144 -0.091386 -0.946614 0.931001 -0.232215 -0.281627
-1.415231 -5.577436 -46.879085 -59.163083 0.212212 0.966783 -0.142464 -0.101136 -0.123274 -0.987206 0.971976 -0.223905 -0.071616
0.925684 -10.368184 -23.069018 49.962655 -0.619120 0.781528 0.076841 0.595836 0.403760 0.694232 -0.511536 -0.475597 0.715638
0.479634 -9.442539 25.801540 49.949219 0.599182 -0.790500 -0.126848 0.658060 0.396033 0.640402 -0.456002 -0.467191 0.757492
0.196733 -10.602158 -40.880346 99.214417 -0.625243 0.772768 0.109094 0.559745 0.346629 0.752684 -0.543835 -0.531675 0.649281
-1.565341 -18.163903 67.201673 59.972590 -0.556718 -0.824841 -0.098503 0.823223 -0.531938 -0.198356 0.111215 -0.191518 0.975168
-1.122042 -16.294902 108.766337 271.851467 -0.568859 -0.811524 -0.133520 0.744507 -0.439147 -0.502851 0.349441 -0.385458 0.853998
-1.555054 -16.426674 -29.192008 94.425702 0.572498 0.816661 0.072870 0.770161 -0.505150 -0.389455 0.281242 -0.279083 0.918159
-1.996793 -6.491417 -39.401736 -96.575509 -0.387997 0.476728 0.788790 0.790297 0.612443 0.018591 -0.474226 0.630591 -0.614382
-1.244357 -5.816249 -25.620506 -49.745239 -0.330606 0.540543 0.773636 0.792734 0.603868 -0.083158 -0.512125 0.585795 -0.628150
-0.838478 -15.139916 -82.025867 165.755354 0.371960 0.927045 0.047260 -0.917763 0.374912 -0.130962 0.139126 -0.005340 -0.990260
-0.861518 -13.665624 -43.252272 -103.555405 0.319872 0.943989 0.081039 0.946031 -0.313521 -0.082033 -0.052031 0.102906 -0.993329
0.661215 -3.702714 -25.392653 -40.858481 0.329628 0.942100 0.061593 -0.645790 0.272581 -0.713200 0.688694 -0.195315 -0.698249
0.708227 -4.448402 -18.515611 -48.193910 0.300762 0.952908 0.038832 -0.705071 0.249587 -0.663762 0.642197 -0.172255 -0.746935
0.316054 -3.954900 -8.214524 -42.186209 0.289429 0.956982 0.020397 -0.683772 0.221618 -0.695228 0.669841 -0.187272 -0.718500
0.979391 -4.319815 -28.864969 -43.620065 0.330403 0.941472 0.066818 -0.675416 0.285294 -0.680015 0.659278 -0.179549 -0.730147
0.187855 -3.296808 -6.933469 -29.787785 0.309775 0.949935 0.040774 -0.632928 0.238020 -0.736714 0.709536 -0.202409 -0.674974
0.530738 -3.039726 -28.117064 -34.917072 0.343177 0.936439 0.072883 -0.599883 0.278224 -0.750155 0.722752 -0.213714 -0.657234
-1.366703 -20.938933 39.375512 -421.780740 -0.457639 0.889107 0.007487 0.554629 0.292039 -0.779166 0.694948 0.352424 0.626773
-0.098379 -20.563408 55.079671 -524.400415 -0.462114 0.886812 0.003853 0.500187 0.264228 -0.824619 0.732300 0.379141 0.565676
15.138654 -7.013813 990.453620 -64.490442 0.124480 0.666680 0.734876 -0.009517 0.741405 -0.670990 -0.992176 0.076531 0.098635
4855.537196 -141.166917 237513.998935 3013.233735 0.437603 0.338375 0.833070 -0.253055 0.935388 -0.247007 -0.862825 -0.102721 0.494956
1.949398 -554.302623 1456.475578 -35020.528416 -0.012930 -0.563181 -0.826232 0.885392 0.377538 -0.271195 0.464666 -0.735046 0.493754
-2.377475 -139.856746 2334.865179 -5552.433725 -0.450954 -0.461668 -0.763873 0.860745 -0.451364 -0.235349 -0.236132 -0.763632 0.600923
14.498633 -52.422661 168.571494 -1912.208391 -0.124072 -0.752213 -0.647134 0.984839 -0.173034 0.012312 -0.121238 -0.635795 0.762277
100.956381 -764.453667 2162.820002 -66004.962531 -0.463821 0.772202 0.434251 0.807201 0.570354 -0.152059 0.365097 -0.280000 0.887865
17.007150 -145.563945 33.023002 -7706.342369 0.150609 -0.870598 -0.468376 0.946356 -0.010041 0.322969 -0.285879 -0.491892 0.822384
-0.289990 -3.046852 15.417661 35.271162 -0.223238 0.973993 0.038753 -0.939368 -0.225577 0.258268 -0.260293 -0.021252 -0.965296
-0.701857 -3.298323 11.574111 28.043651 -0.378324 0.922407 0.077695 -0.890885 -0.385616 0.240051 -0.251385 -0.021600 -0.967646
-1.048966 -3.087099 22.170219 -18.827787 -0.376499 0.921803 0.092342 -0.881474 -0.387120 0.270449 -0.285048 -0.020427 -0.958295
-0.040316 -8.367139 3.062294 152.287639 -0.299672 0.943637 -0.140521 -0.936525 -0.319057 -0.145340 0.181983 -0.088047 -0.979352
-0.029874 -7.228852 -0.960099 -58.475595 -0.341334 0.928473 -0.146384 0.934144 0.352361 0.056721 0.104244 -0.117383 -0.987600
-0.123188 -9.710992 17.896217 111.837777 -0.283947 0.951441 -0.118884 -0.900335 -0.307211 -0.308250 0.329805 -0.019509 -0.943848
-91.512839 -213.668528 -3609.252141 7181.123834 0.647338 0.251533 -0.719503 -0.425703 -0.663710 -0.615034 0.632242 -0.704429 0.322566
-533.504006 -612.574999 31485.955224 -13648.218848 -0.714682 -0.290987 -0.636047 0.082120 0.868157 -0.489448 0.694612 -0.402032 -0.596560
-202.462699 -425.694764 7802.550836 36808.019454 0.016785 0.491572 -0.870675 -0.015995 0.870818 0.491345 0.999731 0.005679 0.022479
-209.970888 -223.089504 17219.104514 -9045.082360 -0.637395 0.321451 -0.700283 0.760821 0.406423 -0.505936 0.121977 -0.855272 -0.503619
-130.090048 -8197.288297 4979.977393 751215.008482 0.646316 -0.607195 -0.462157 0.178949 0.709373 -0.681738 0.741790 0.357916 0.567136
-209.074629 -601.744195 -9056.367527 36966.804055 0.855083 -0.085453 -0.511400 -0.356449 -0.813162 -0.460122 0.376533 -0.575731 0.725780
-72.419553 -611.929416 -3160.056435 41185.201198 0.957392 -0.098465 -0.271485 -0.279227 -0.075711 -0.957236 -0.073700 -0.992256 0.099980
0.527396 -7.899086 39.822006 115.989221 0.197861 0.976793 0.082009 -0.970045 0.183090 0.159658 -0.140938 0.111143 -0.983760
2.836515 -11.230682 30.182230 43.052087 0.176533 0.979641 0.095604 0.981523 -0.182488 0.057541 0.073816 0.083680 -0.993755
4.643734 -10.750170 73.872111 25.722864 -0.045268 0.980896 0.189194 -0.975042 -0.002177 -0.222011 0.217357 0.194523 -0.956513
4.242142 -1.536683 -96.699240 17.502231 -0.257078 -0.034297 0.965782 0.450425 0.879927 0.151145 -0.855002 0.473869 -0.210762
5.078056 -1.404894 -87.915613 12.913501 -0.206985 -0.047679 0.977182 0.465029 0.873971 0.141145 -0.860759 0.483633 -0.158726
4.999088 -1.590095 -13.506363 10.411684 -0.122192 -0.067004 0.990242 0.442644 0.889319 0.114796 -0.888333 0.452352 -0.079009
4.497724 -1.814525 -102.593801 1.404266 -0.253343 -0.022138 0.967123 0.408908 0.903583 0.127799 -0.876705 0.427841 -0.219864
-2.083152 -9.403451 -144.317929 -234.400733 0.026785 0.997747 -0.061512 0.864350 -0.054028 -0.499979 0.502176 0.039776 0.863850
-0.738563 -10.479523 -95.899094 -184.439056 -0.004959 0.999940 -0.009763 0.797690 -0.001932 -0.603064 0.603047 0.010778 0.797633
-0.354750 -7.374255 47.988147 56.214953 0.044106 -0.964527 -0.260274 0.965424 -0.025852 0.259401 -0.256928 -0.262716 0.930037
0.217153 -7.381463 -49.322163 19.830944 0.006749 0.962346 0.271745 0.934698 -0.102648 0.340299 -0.355379 -0.251703 0.900195
0.799067 -6.896320 -33.708951 27.622551 0.004043 0.969519 0.244984 0.958240 -0.073808 0.276278 -0.285938 -0.233636 0.929330
2.197011 -6.535883 161.351344 22.392933 0.283884 0.941327 -0.182520 0.710986 -0.078931 0.698762 -0.643357 0.328137 0.691677
0.926398 -6.789160 163.184419 1.475688 0.286380 0.936019 -0.204587 0.758068 -0.090775 0.645827 -0.585935 0.340043 0.735562
3.606308 -6.352146 165.787464 -9.111046 0.307260 0.943171 -0.126569 0.745475 -0.155891 0.648047 -0.591488 0.293473 0.751009
3.875636 -6.214784 109.557110 3.643289 0.268342 0.959177 -0.089288 0.678536 -0.122405 0.724297 -0.683800 0.254944 0.683682
0.209911 -6.492994 33.634387 -22.242521 0.107371 0.957850 0.266449 0.432605 -0.286308 0.854916 -0.895167 -0.023473 0.445112
0.585606 -7.530153 21.770507 19.185338 -0.054625 0.997278 0.049517 0.306959 -0.030418 0.951236 -0.950154 -0.067161 0.304462
0.355465 -7.937433 21.863858 31.870782 -0.040793 0.998501 0.036502 0.199413 -0.027661 0.979525 -0.979066 -0.047236 0.197986
0.340328 -7.596232 46.676966 14.504956 -0.028704 0.998431 0.048073 0.315425 -0.036589 0.948245 -0.948516 -0.042382 0.313880
-0.452389 -8.033539 23.156259 -172.790024 0.322063 0.946019 0.036371 -0.777517 0.286226 -0.559948 0.540132 -0.152059 -0.827729
-1.317387 -7.269827 41.932651 -204.120909 0.334415 0.941755 0.035567 -0.726526 0.281658 -0.626760 0.600272 -0.183758 -0.778400
-0.727891 -10.727754 39.862884 -227.942175 0.289695 0.956905 0.020217 -0.836390 0.263367 -0.480718 0.465326 -0.122352 -0.876642
-1.502095 -11.099709 64.872600 -243.389799 0.284906 0.958479 0.012114 -0.826101 0.251928 -0.504073 0.486196 -0.133606 -0.863576
0.376661 -26.940372 24.358653 -221.415476 -0.393750 -0.870446 -0.295441 0.824616 -0.192469 -0.531944 0.406165 -0.453078 0.793568
0.315341 -26.692510 64.771422 -289.094031 -0.383313 -0.865449 -0.322598 0.908162 -0.289531 -0.302347 0.168264 -0.408865 0.896949
0.662377 -32.179507 57.245354 -156.774971 -0.399432 -0.860838 -0.315298 0.802699 -0.162258 -0.573887 0.442864 -0.482318 0.755805
0.324925 -14.502083 1.599015 92.005147 0.157100 0.986871 -0.037494 -0.183045 -0.008211 -0.983070 0.970471 -0.161303 -0.179352
-0.007832 -12.862330 -37.813015 137.313390 0.186429 0.980836 -0.056608 -0.414992 0.026390 -0.909442 0.890520 -0.193038 -0.411959
3.834565 -3.447286 271.003414 6.353252 0.012446 0.706115 -0.707988 0.581811 -0.580959 -0.569194 0.813229 0.404831 0.418056
1.759715 -3.375380 215.644449 -15.508614 0.005073 0.713215 -0.700927 0.544127 -0.590053 -0.596459 0.838987 0.378368 0.391073
4.520985 -3.931774 369.822171 6.726577 -0.046059 0.751144 -0.658530 0.525301 -0.542509 -0.655547 0.849669 0.376120 0.369590
-0.323678 -16.211358 -43.915273 416.241515 0.024872 0.978755 -0.203519 0.989802 -0.052675 -0.132356 -0.140264 -0.198152 -0.970083
0.121707 -15.550394 -17.784428 333.420146 0.033707 0.979780 -0.197219 0.994627 -0.052212 -0.089392 -0.097882 -0.193146 -0.976275
0.201382 -20.659517 -29.349507 -380.173408 0.047335 0.976812 -0.208802 -0.942187 0.113083 0.315429 -0.331726 -0.181800 -0.925692
-0.370794 -20.392435 -51.570507 -394.340119 0.037719 0.975846 -0.215177 -0.928987 0.113581 0.352254 -0.368186 -0.186610 -0.910833
-1.130308 -19.853388 -67.929561 -417.213912 0.039883 0.977167 -0.208697 -0.957832 0.096867 0.270508 -0.284547 -0.189108 -0.939825
-2.349743 -13.388737 10.657692 55.861673 0.464880 0.871721 0.154881 0.456821 -0.386012 0.801442 -0.758420 0.301822 0.577670
-2.000619 -13.809874 44.115529 51.386232 0.519117 0.846177 0.120421 0.427809 -0.379217 0.820472 -0.739930 0.374404 0.558860
-2.346282 -13.111387 9.147973 69.935264 0.437471 0.888003 0.141671 0.608897 -0.408458 0.680005 -0.661713 0.211219 0.719390
-2.036553 -13.127229 28.338608 45.580404 0.492734 0.861789 0.120555 0.567950 -0.423460 0.705773 -0.659277 0.279289 0.698106
-1.852014 -15.557426 23.331397 -52.753160 0.352216 0.907120 0.230384 0.914923 -0.281872 -0.288903 -0.197132 0.312539 -0.929225
-1.623208 -16.478158 12.708907 -49.003606 0.353095 0.911953 0.208964 0.934912 -0.352413 -0.041774 0.035545 0.210113 -0.977031
-1.842598 -17.482057 20.739139 -31.068024 0.335697 0.920244 0.201145 0.931539 -0.356013 0.074096 0.139797 0.162500 -0.976755
-1.033894 -23.128837 -66.985700 16.246932 0.385667 0.913330 -0.130723 -0.436866 0.055976 -0.897783 0.812655 -0.403354 -0.420591
-1.695070 -23.328405 -8.590495 168.454807 0.343460 0.932700 -0.110023 -0.527870 0.094823 -0.844015 0.776781 -0.347964 -0.524912
-1.962557 -24.410141 -2.535630 264.586410 0.306751 0.942153 -0.135101 -0.574864 0.070266 -0.815226 0.758575 -0.327736 -0.563164
-2.347067 -25.282786 -17.035370 -75.023200 0.321201 0.934699 -0.152212 -0.239039 -0.075503 -0.968070 0.916346 -0.347329 -0.199178
3.771132 -6.842637 -155.304871 7.118018 -0.096090 -0.955214 0.279881 0.976816 -0.144535 -0.157923 0.191303 0.258217 0.946957
3.539465 -6.817946 138.705806 3.144030 0.099712 0.950848 -0.293163 0.948696 -0.179699 -0.260163 0.300057 0.252181 0.919984
1.187119 -7.208151 136.432432 -20.553737 0.020358 0.953028 -0.302198 0.957251 -0.105813 -0.269212 0.288543 0.283799 0.914440
-0.432990 -41.154921 56.255483 -1009.875474 -0.410904 0.907274 -0.089512 0.730352 0.268823 -0.627949 0.545659 0.323402 0.773089
0.808605 -57.011664 -41.967315 -2058.538718 -0.426899 0.904192 -0.013931 0.651243 0.296712 -0.698459 0.627408 0.307243 0.715515
1.085964 -61.123182 2.021103 -2071.532372 -0.410143 0.908000 -0.085548 0.457503 0.123691 -0.880563 0.788970 0.400296 0.466143
7.341222 -862.754619 -1509.824486 -53444.124205 0.369504 -0.824563 -0.428443 0.896623 0.437447 -0.068612 0.243996 -0.358799 0.900960
32.776883 -476.961550 -835.616476 -20221.572552 0.881694 -0.462758 -0.092039 -0.218217 -0.226995 -0.949133 -0.418326 -0.856930 0.301122
-2.812402 -195.033585 -6.141654 -11619.823251 0.495120 -0.848902 -0.184992 0.855915 0.440009 0.271665 -0.149219 -0.292844 0.944445
0.342654 -2.703642 -16.025963 27.410449 0.339155 0.940512 -0.020278 0.778425 -0.292679 -0.555332 0.528232 -0.172558 0.831381
-0.137833 -2.526009 -16.908177 -3.658018 0.257685 0.965205 0.044479 0.790651 -0.184175 -0.583909 0.555400 -0.185632 0.810600
-0.350061 -2.755549 -20.193789 -30.134588 0.175702 0.978145 0.111177 0.794323 -0.074150 -0.602954 0.581533 -0.194251 0.789991
2.222453 -2.351939 -80.257365 -14.703589 0.122522 0.967181 0.222595 -0.168489 -0.200759 0.965043 -0.978059 0.155744 -0.138362
1.212150 -3.009874 -56.611909 -14.516836 0.114082 0.973296 0.199201 -0.167487 -0.178798 0.969525 -0.979251 0.143969 -0.142617
1.873963 -2.280082 -72.571747 -4.531099 0.102530 0.948808 0.298751 -0.209506 -0.272999 0.938924 -0.972417 0.158858 -0.170790
2.046379 -3.255202 -78.520774 -43.102957 0.136962 0.982107 0.129255 -0.114736 -0.113878 0.986847 -0.983909 0.149990 -0.097086
0.393361 -11.138064 -44.769714 88.759196 0.185028 0.960943 0.205801 0.706648 0.015437 -0.707397 0.682945 -0.276317 0.676192
-1.010520 -4.262400 8.025644 -46.237895 -0.111777 0.984281 -0.136734 0.801495 0.170638 0.573138 -0.587462 0.045528 0.807970
-0.887016 -5.581811 -1.457714 -28.888366 -0.033387 0.998318 -0.047405 0.890514 0.051247 0.452060 -0.453728 0.027122 0.890727
-0.595030 -5.416917 13.940433 -34.829786 0.043152 0.998116 -0.043617 0.908498 -0.021039 0.417360 -0.415656 0.057636 0.907694
-1.001384 -4.850253 9.200349 -46.345743 -0.088118 0.990099 -0.109264 0.832846 0.133405 0.537188 -0.546446 0.043663 0.836355
-76.246470 -781.066324 3165.160784 -57849.564275 0.601435 0.198298 -0.773921 0.169186 0.915124 0.365956 0.780802 -0.351036 0.516838
-38.889970 -595.642327 -1253.444999 -40555.427649 0.975315 -0.095830 -0.198943 -0.038370 -0.960767 0.274690 0.217461 0.260276 0.940727
-37.945664 -324.539548 -847.178299 18115.687813 0.985231 -0.129451 -0.112080 -0.171206 -0.733946 -0.657276 -0.002825 -0.666758 0.745269
1165.335591 -3172.885058 -42112.921767 398555.056855 0.196895 0.239190 -0.950800 -0.220931 0.955665 0.194663 0.955208 0.171733 0.241010
-38.852511 -143.812876 1071.519957 5383.986593 0.793907 0.474216 -0.380567 -0.219990 -0.359472 -0.906854 0.566848 -0.803678 0.181065
-0.881313 -2.066131 71.060636 -64.880643 0.145595 0.989000 0.026095 0.784238 -0.099291 -0.612464 0.603136 -0.109636 0.790067
-0.336509 -2.327234 75.653551 -64.023469 0.083007 0.994481 0.064166 0.782720 -0.025208 -0.621863 0.616814 -0.101843 0.780493
-0.146948 -1.628358 47.714287 -33.599589 0.086375 0.993489 0.074294 0.796871 -0.024139 -0.603667 0.597943 -0.111344 0.793767
-4.584868 -11.895211 -168.285750 214.327310 0.169952 0.956291 0.237956 -0.763481 0.280447 -0.581761 0.623067 0.082804 -0.777773
-3.680719 -11.092337 -159.702374 303.400203 0.153833 0.973500 0.169211 -0.882557 0.212380 -0.419508 0.444328 0.084804 -0.891841
