10177
20338
-8.136435 -11.330783 -2.898594 -146.731592 0.980809 -0.172997 -0.089922 -0.100064 -0.842471 0.529368 0.167335 0.510211 0.843613
-8.812641 -12.904904 -36.976319 -142.667409 0.989171 -0.094303 -0.112463 -0.046538 -0.928252 0.369030 0.139195 0.359800 0.922588
-6.908303 -13.814886 119.478815 -292.263465 0.905238 0.184966 -0.382534 0.341031 -0.853303 0.394427 0.253461 0.487506 0.835521
-7.768449 -12.379606 36.082795 -131.873794 0.932539 -0.349555 0.090454 -0.355319 -0.843898 0.401975 0.064178 0.406998 0.911172
-6.609322 -9.966514 76.591303 -136.191982 0.969414 -0.077566 -0.232852 0.084716 -0.784685 0.614079 0.230347 0.615023 0.754113
-7.100919 -10.705991 30.171079 -122.648833 0.888485 -0.422886 0.178218 -0.448145 -0.715942 0.535344 0.098796 0.555513 0.825618
-10.275775 -11.865127 -25.861031 43.428646 -0.384209 -0.409317 0.827552 0.661598 0.503127 0.556014 -0.643950 0.761133 0.077497
-9.897024 -11.153527 -40.708890 81.813001 -0.339661 -0.330885 0.880423 0.789771 0.408010 0.458028 -0.510776 0.850907 0.122738
-9.567540 -12.084329 -60.234628 34.803833 -0.543120 -0.315398 0.778167 0.596323 0.507558 0.621920 -0.591117 0.801816 -0.087586
-9.872214 -12.466875 -57.130805 -17.475390 -0.538829 -0.373996 0.754844 0.458898 0.621119 0.635315 -0.706453 0.688722 -0.163051
-10.648560 -12.331243 -39.249441 21.250930 -0.350299 -0.435979 0.828983 0.546896 0.623315 0.558913 -0.760392 0.649154 0.020089
-1.054660 -5.762490 5.994073 145.456827 0.911953 -0.365513 0.186392 -0.403447 -0.716210 0.569451 0.074646 0.594512 0.800615
-0.712244 -9.209164 6.566252 193.600484 0.903420 -0.381706 0.195277 -0.408748 -0.629240 0.661046 0.129449 0.677022 0.724489
-1.258424 -5.478301 24.155212 152.211719 0.866685 -0.431320 0.250639 -0.494745 -0.678806 0.542632 0.063913 0.594294 0.801705
-0.823256 -7.815759 -12.358214 167.125304 0.910906 -0.372887 0.176651 -0.395276 -0.665812 0.632813 0.118352 0.646259 0.753885
-1.194472 -5.656739 -12.392802 124.275641 0.931901 -0.334057 0.141303 -0.352068 -0.739401 0.573876 0.087228 0.584544 0.806659
-0.543588 -33.104346 -89.495144 -1065.588619 -0.300634 0.919008 -0.255037 -0.278920 -0.340435 -0.897946 0.912043 0.198818 -0.358676
-0.926049 -29.222943 -58.756043 -318.864898 -0.333067 0.913247 -0.234620 -0.563971 -0.392360 -0.726629 0.755647 0.109697 -0.645727
-1.190927 -27.782978 12.645408 -657.304869 -0.353596 0.914605 -0.196130 -0.336538 -0.320023 -0.885623 0.872761 0.247148 -0.420958
-0.886224 -22.450296 -28.622018 -671.395628 -0.334510 0.910698 -0.242348 -0.049804 -0.273887 -0.960472 0.941075 0.309218 -0.136974
-1.281245 -21.801308 31.877775 -756.202301 -0.360769 0.911546 -0.197305 -0.105852 -0.250204 -0.962389 0.926629 0.326315 -0.186755
-1.533623 -28.671620 44.839850 -641.901668 -0.363014 0.914843 -0.176869 -0.413590 -0.328296 -0.849214 0.834963 0.235125 -0.497546
3.182486 -1.109553 -85.109297 37.058984 0.985746 -0.161358 -0.047637 -0.086578 -0.729284 0.678711 0.144256 0.664912 0.732859
0.846989 -2.001738 22.701978 -142.163519 0.946740 0.131967 -0.293715 0.293607 -0.728308 0.619163 0.132206 0.672423 0.728264
2.153306 -2.044975 -32.193906 -55.800268 0.961504 0.138634 -0.237254 0.261803 -0.724454 0.637672 0.083476 0.675239 0.732861
3.782521 -1.938628 -38.383617 38.637323 0.993269 -0.082210 -0.081604 -0.003151 -0.723397 0.690425 0.115792 0.685521 0.718786
-1.707704 -20.932918 7.763267 -660.254867 0.898303 -0.158956 -0.409614 -0.420409 -0.581908 -0.696160 0.127699 -0.797569 0.589556
-1.216002 -24.905194 24.930047 -483.681586 0.909080 -0.146551 -0.389995 -0.416193 -0.361912 -0.834148 0.018899 -0.920621 0.390001
-0.996362 -22.969945 56.009256 -685.310972 0.876836 -0.142958 -0.459044 -0.460427 -0.524593 -0.716107 0.138438 -0.839265 0.525804
-1.865338 -15.198247 2.020984 -563.036627 0.877253 -0.177740 -0.445910 -0.435484 -0.685465 -0.583516 0.201941 -0.706078 0.678729
-1.993281 -12.946693 -17.817039 -486.726025 0.885659 -0.203170 -0.417528 -0.425622 -0.714659 -0.555074 0.185616 -0.669316 0.719418
-0.504265 -20.063509 1.447063 234.885378 0.800913 -0.532155 -0.274499 0.548015 0.466718 0.694158 0.241286 0.706389 -0.665429
-0.499484 -17.948750 7.417634 101.160999 0.786617 -0.544670 -0.290808 0.507175 0.301363 0.807437 0.352148 0.782633 -0.513300
-0.467148 -21.086709 9.705329 312.432816 0.799920 -0.542049 -0.257510 0.537848 0.457243 0.708271 0.266173 0.705062 -0.657298
-0.610273 -17.367657 7.669757 108.965651 0.789930 -0.535421 -0.298890 0.507870 0.298114 0.808206 0.343627 0.790223 -0.507413
-0.479611 -22.803266 0.687015 292.841387 0.810145 -0.526835 -0.257118 0.570066 0.605710 0.555103 0.136708 0.596289 -0.791044
-0.646871 -19.145816 7.183370 171.755171 0.803901 -0.523443 -0.282403 0.549301 0.471355 0.689994 0.228060 0.709811 -0.666451
-0.518856 -21.440869 -5.087687 116.429899 0.812436 -0.516352 -0.270792 0.573285 0.622802 0.532411 0.106262 0.587791 -0.802004
-2.272563 -6.140026 -51.203927 -72.670791 0.740566 -0.255148 -0.621660 0.605854 -0.146678 0.781938 0.290694 0.955712 -0.045957
-1.706660 -5.385624 -62.439006 -57.820794 0.753330 -0.238680 -0.612802 0.608120 -0.101927 0.787274 0.250368 0.965734 -0.068362
-1.698716 -6.143580 -81.963785 -66.726817 0.724880 -0.216694 -0.653906 0.623450 -0.197400 0.756534 0.293017 0.956074 0.007993
-2.711527 -5.565018 6.270359 -7.083074 0.832206 -0.319801 -0.452946 0.475894 -0.007231 0.879473 0.284532 0.947457 -0.146174
-2.544104 -6.192147 65.611100 -35.492196 0.788001 -0.358492 -0.500538 0.491494 -0.123342 0.862102 0.370794 0.925349 -0.079003
1.665090 -21.367152 90.858231 165.478485 -0.083732 0.852136 -0.516578 0.596479 0.458130 0.659037 -0.798249 0.252945 0.546641
1.447017 -23.223312 66.339579 -54.109614 -0.106697 0.880461 -0.461957 0.325749 0.469921 0.820403 -0.939416 0.062948 0.336949
0.789360 -21.232334 49.375335 -69.379507 -0.094297 0.868090 -0.487367 0.353971 0.486795 0.798583 -0.930491 0.097210 0.353182
0.601637 -20.497108 22.818650 89.113501 -0.120629 0.857801 -0.499625 0.610612 0.460942 0.643961 -0.782688 0.227397 0.579387
0.301593 -20.571888 25.350172 -42.795151 -0.104114 0.865375 -0.490190 0.366195 0.491598 0.790084 -0.924695 0.097246 0.368078
1.096853 -13.991775 -68.519843 -58.156324 0.360307 -0.761272 0.539114 0.928446 0.236669 -0.286315 0.090372 0.603699 0.792073
-0.099673 -13.172504 -85.386901 78.617490 0.280309 -0.778533 0.561528 0.956105 0.278478 -0.091181 -0.085385 0.562438 0.822419
-0.415918 -12.228910 -83.693322 -82.937560 0.468078 -0.715724 0.518306 0.882516 0.348421 -0.315862 0.045481 0.605261 0.794727
2.416246 -15.433739 -43.183563 -168.543397 0.479198 -0.718091 0.504692 0.843318 0.217315 -0.491517 0.243277 0.661150 0.709716
2.549940 -16.838536 5.901303 -242.325676 0.381109 -0.784410 0.489344 0.892228 0.173364 -0.416982 0.242251 0.595522 0.765943
-5.582006 -39.364606 -121.597076 260.533822 -0.308648 0.951057 0.015052 -0.600056 -0.182410 -0.778883 0.738017 0.249433 -0.626988
-4.325813 -30.932955 1.645448 372.757500 -0.282183 0.943489 0.173786 -0.501476 0.009368 -0.865121 0.817860 0.331272 -0.470494
-2.741868 -38.488357 -112.591860 -344.082216 -0.243113 0.969400 0.034051 -0.169240 -0.007825 -0.985544 0.955120 0.245361 -0.165964
-2.042815 -34.810172 -217.358388 -37.215358 -0.284581 0.946251 -0.153699 -0.402192 -0.263384 -0.876853 0.870204 0.187719 -0.455528
-3.642412 -34.020369 -192.501033 204.061438 -0.293059 0.946083 -0.138001 -0.664386 -0.305308 -0.682186 0.687537 0.108234 -0.718038
-5.518176 -41.093090 -167.245033 322.180036 -0.305206 0.950367 -0.060434 -0.812154 -0.292907 -0.504590 0.497247 0.104922 -0.861241
4.725544 -9.339582 -22.901345 21.461975 0.817507 -0.569761 0.083992 -0.574562 -0.796859 0.186798 0.039501 0.200968 0.978801
4.226650 -10.001555 -38.192866 -171.548398 0.824667 -0.547906 0.140436 -0.552569 -0.727390 0.406905 0.120794 0.413162 0.902611
5.074848 -9.256711 10.366382 -162.660780 0.802468 -0.589089 0.094965 -0.567193 -0.703647 0.427987 0.185300 0.397310 0.898782
5.058413 -8.578358 31.046293 -120.832039 0.787158 -0.614645 0.050933 -0.575276 -0.701943 0.419921 0.222351 0.359845 0.906130
-0.321562 -6.735797 65.006929 -53.980659 0.890906 -0.414996 -0.184567 0.448880 0.866459 0.218530 -0.069231 0.277538 -0.958217
0.298279 -7.366014 -7.613624 -63.781112 0.918902 -0.335549 -0.207428 0.382733 0.885722 0.262701 -0.095574 0.320786 -0.942317
0.125745 -6.800737 63.404914 -3.633662 0.919155 -0.352796 -0.175184 0.382182 0.906422 0.179823 -0.095350 0.232238 -0.967974
-0.608623 -6.738246 87.529778 31.556176 0.920069 -0.354479 -0.166785 0.377921 0.915264 0.139528 -0.103193 0.191407 -0.976071
0.302959 -12.078562 -40.315294 -131.457833 0.939858 -0.335855 0.062202 -0.122916 -0.162655 0.978997 0.318683 0.927763 0.194155
-0.375065 -12.419237 -33.715702 118.649459 0.928117 -0.352051 0.121070 -0.272055 -0.419377 0.866088 0.254134 0.836769 0.485009
-0.630037 -11.717584 -59.458548 -23.720898 0.938850 -0.337988 0.065757 -0.167656 -0.281917 0.944677 0.300751 0.897935 0.321344
1.233993 -27.352162 24.248330 354.980618 0.813143 -0.524177 -0.253056 0.488665 0.378570 0.786060 0.316235 0.762839 -0.563978
1.260941 -31.643076 3.129773 143.925849 0.812066 -0.519504 -0.265828 0.561891 0.573079 0.596539 0.157564 0.633795 -0.757283
0.442083 -33.829330 8.504625 257.588398 0.787809 -0.562335 -0.251270 0.475948 0.296872 0.827853 0.390936 0.771781 -0.501521
1.203370 -29.265073 30.661262 -44.273303 0.799033 -0.546162 -0.251501 0.421378 0.210242 0.882179 0.428937 0.810867 -0.398131
0.967014 -51.631771 58.884904 -1498.751359 0.764734 -0.556566 -0.324677 0.403387 0.020607 0.914798 0.502455 0.830548 -0.240271
0.464927 -33.181239 15.577136 -137.394950 0.765698 -0.581882 -0.274080 0.348886 0.017752 0.936997 0.540356 0.813079 -0.216603
0.152642 -27.431890 12.002857 280.386704 0.791923 -0.565751 -0.229747 0.503305 0.391734 0.770213 0.345749 0.725582 -0.594969
0.217032 -26.803406 33.062170 -14.745170 0.771193 -0.586370 -0.247853 0.421610 0.178735 0.888987 0.476976 0.790078 -0.385059
-69.921022 -90.972302 3079.500919 2863.989807 -0.483523 0.859323 0.166644 -0.135616 -0.261622 0.955595 -0.864762 -0.439452 -0.243038
-37.064870 -93.386742 1658.475428 -1960.288161 -0.371244 0.812750 0.449016 -0.356493 -0.571273 0.739297 -0.857374 -0.114388 -0.501822
-49.991056 -77.534000 2101.040065 -2065.095206 -0.501426 0.846084 0.180870 -0.541125 -0.469796 0.697478 -0.675097 -0.251860 -0.693405
-0.580046 -11.784773 599.191406 -269.940344 0.802707 0.128636 -0.582335 -0.391237 -0.623385 -0.676997 0.450105 -0.771261 0.450069
0.506534 -10.267178 193.077651 -310.439327 0.852493 0.082650 -0.516164 -0.387993 -0.561673 -0.730743 0.350311 -0.823221 0.446755
1.129685 -9.574097 392.299774 -382.549587 0.871241 0.183486 -0.455271 -0.210360 -0.698444 -0.684051 0.443495 -0.691744 0.569915
-1.505744 -11.017845 251.900869 0.297184 0.849299 0.046812 -0.525833 -0.477043 -0.358552 -0.802415 0.226101 -0.932335 0.282186
2.024278 -11.624443 854.931315 -49.482400 0.817208 0.244045 -0.522123 -0.205220 -0.723335 -0.659296 0.538568 -0.645932 0.541032
-4.881084 -11.403469 45.180816 -33.555541 0.964143 0.068468 -0.256399 -0.131198 0.962795 -0.236246 -0.230684 -0.261415 -0.937255
-3.219975 -10.822572 143.511590 -95.751299 0.979352 0.078489 -0.186303 -0.137111 0.935090 -0.326813 -0.148559 -0.345609 -0.926544
-4.010411 -9.475999 79.170447 -146.713321 0.976060 0.045238 -0.212747 -0.139235 0.881404 -0.451377 -0.167096 -0.470193 -0.866601
-4.883247 -9.849138 20.011674 -125.444116 0.962257 0.043970 -0.268567 -0.160813 0.888004 -0.430799 -0.219546 -0.457728 -0.861559
-4.660496 -8.068645 13.786258 -110.236130 0.987556 -0.102749 -0.119058 0.007624 0.787446 -0.616337 -0.157080 -0.607760 -0.778430
1.194038 -2.016265 283.889407 -22.750558 0.080738 0.967477 -0.239729 -0.733637 0.220495 0.642774 -0.674729 -0.123978 -0.727579
0.755478 -2.405178 268.098555 -58.916900 0.029876 0.980329 -0.195097 -0.724647 0.155682 0.671305 -0.688472 -0.121321 -0.715044
4.673502 -2.171491 267.426936 -81.385371 0.084736 0.949358 -0.302555 -0.730034 0.265810 0.629599 -0.678137 -0.167526 -0.715587
5.225238 -1.722431 243.384877 -16.770849 0.048256 0.957081 -0.285775 -0.723403 0.230772 0.650717 -0.688738 -0.175330 -0.703491
-0.492211 -8.545130 38.362812 46.361365 0.717925 -0.694430 0.048488 0.544244 0.516498 -0.661082 -0.434031 -0.500996 -0.748746
-0.161679 -7.225912 120.818586 92.577316 0.778529 -0.624124 0.066045 0.562288 0.646882 -0.515146 -0.278792 -0.438193 -0.854554
0.193762 -8.433780 59.330946 98.021404 0.747434 -0.663288 0.037301 0.538681 0.572246 -0.618350 -0.388799 -0.482269 -0.785017
9.183238 -9.761086 -181.813005 142.681536 0.219421 0.726917 -0.650727 -0.660740 -0.380018 -0.647309 0.717829 -0.571994 -0.396919
6.160655 -11.648192 -67.449151 323.138171 0.214603 0.597788 -0.772396 -0.669928 -0.485378 -0.561787 0.710733 -0.638011 -0.296311
7.545268 -11.464949 -115.919551 386.668654 0.195052 0.706277 -0.680534 -0.616497 -0.451364 -0.645137 0.762814 -0.545383 -0.347378
-2.731983 -16.606394 -15.973084 -1.321640 -0.357237 0.793473 -0.492729 -0.348171 -0.602646 -0.718049 0.866694 0.084959 -0.491552
-2.444165 -17.937152 24.269581 159.421516 -0.387783 0.777894 -0.494476 -0.142749 -0.580663 -0.801532 0.910630 0.240234 -0.336215
-2.935750 -15.809515 15.700375 75.090231 -0.355248 0.767923 -0.533004 -0.368851 -0.639086 -0.674921 0.858923 0.043165 -0.510283
-3.010809 -15.441135 0.128772 11.808856 -0.344489 0.778571 -0.524552 -0.521466 -0.623320 -0.582706 0.780641 -0.072800 -0.620725
6.043264 -8.375297 -532.008522 -0.756726 -0.499731 -0.395280 0.770729 -0.041645 0.899737 0.434441 -0.865179 0.185007 -0.466088
22.979234 -9.086518 -1435.046742 -73.629554 -0.543796 -0.403263 0.735979 -0.015164 0.881561 0.471827 -0.839081 0.245417 -0.485504
51.304220 -9.764163 -3007.355420 98.660335 -0.529108 -0.517042 0.672839 -0.120500 0.830670 0.543568 -0.839955 0.206529 -0.501818
9.331287 -13.921024 48.830082 142.467510 0.521110 0.715243 -0.465695 0.745368 -0.647187 -0.159927 0.415778 0.263774 0.870375
6.810035 -12.738912 128.954224 117.782790 0.472349 0.653866 -0.591054 0.752534 -0.648294 -0.115791 0.458889 0.390094 0.798278
8.000262 -12.002127 43.355241 132.520158 0.468285 0.722848 -0.508135 0.695878 -0.656102 -0.292034 0.544484 0.216845 0.810256
1.349453 -21.089884 42.231057 23.283792 0.153396 0.625021 -0.765388 -0.093598 0.780262 0.618409 0.983722 -0.023223 0.178190
2.697433 -19.814064 -6.267342 -172.938128 0.183950 0.573099 -0.798574 0.208638 0.771159 0.601485 0.960538 -0.277256 0.022285
1.942370 -19.723677 -3.874293 94.227435 0.202603 0.578406 -0.790189 -0.122156 0.815549 0.565648 0.971612 -0.018076 0.235889
1.846850 -5.048056 19.931148 -130.052172 0.496805 0.093734 -0.862785 0.794471 -0.449232 0.408664 -0.349285 -0.888485 -0.297650
2.001008 -3.280420 64.835596 -54.932735 0.503561 0.107834 -0.857204 0.773823 -0.497534 0.391992 -0.384218 -0.860716 -0.333983
1.270927 -4.364009 -77.616070 -158.033170 0.483542 0.021808 -0.875050 0.756866 -0.512597 0.405460 -0.439705 -0.858352 -0.264368
1.790098 -3.173543 91.667612 1.239799 0.503232 0.102477 -0.858054 0.770628 -0.502505 0.391945 -0.391011 -0.858480 -0.331848
0.553669 -3.240402 -47.211980 18.508900 0.463778 0.046295 -0.884741 0.773436 -0.508210 0.378840 -0.432096 -0.859988 -0.271503
-5.890492 -42.857413 434.811337 -2390.106154 0.361869 0.697387 -0.618629 -0.026568 -0.655618 -0.754626 0.931850 -0.289512 0.218719
-6.383420 -59.962706 259.753236 -3057.715053 0.381774 0.673339 -0.633138 -0.124280 -0.641405 -0.757070 0.915862 -0.367716 0.161189
-2.920444 -66.758247 63.832658 -3197.987950 0.376569 0.706340 -0.599400 -0.134340 -0.598552 -0.789739 0.916596 -0.377914 0.130507
-2.494412 -21.136411 47.479181 -1032.019762 0.436290 0.713755 -0.547909 -0.075330 -0.577808 -0.812689 0.896647 -0.395842 0.198325
-1.766434 -9.390663 25.436424 -166.111193 0.552897 0.111997 -0.825689 0.817435 -0.265049 0.511419 -0.161570 -0.957709 -0.238095
-1.637328 -10.541267 -36.026558 -200.834031 0.464361 0.095917 -0.880437 0.862622 -0.274186 0.425094 -0.200630 -0.956881 -0.210062
-2.684303 -7.820309 -15.100901 -126.790734 0.421151 0.142966 -0.895652 0.865935 -0.357122 0.350173 -0.269794 -0.923052 -0.274202
-2.070063 -7.636204 73.675666 -130.447091 0.606685 0.111081 -0.787143 0.767987 -0.337567 0.544283 -0.205254 -0.934724 -0.290106
-2.127575 -4.849602 55.810659 85.954179 -0.787287 0.598403 0.148640 0.481393 0.747171 -0.458253 -0.385279 -0.289222 -0.876305
-1.204518 -4.559857 74.089861 84.267240 -0.781619 0.599761 0.171342 0.483634 0.756197 -0.440754 -0.393916 -0.261635 -0.881123
-2.284078 -3.674007 62.395638 93.620110 -0.778184 0.612768 0.137638 0.521470 0.752567 -0.402134 -0.349997 -0.241160 -0.905176
2.250671 -28.427741 -4.418536 754.589660 -0.751900 -0.203154 0.627196 -0.057404 0.967900 0.244693 -0.656773 0.147981 -0.739426
0.342126 -32.809599 42.524280 1039.826625 -0.780731 0.005625 0.624842 0.146717 0.973655 0.174557 -0.607399 0.227957 -0.760988
2.635929 -18.297433 43.065579 270.306390 -0.724744 -0.210649 0.656028 0.030121 0.941524 0.335598 -0.688359 0.262983 -0.676019
0.468666 -116.889415 -174.100142 5158.605330 -0.823008 -0.068461 0.563890 -0.004464 0.993459 0.114098 -0.568013 0.091386 -0.817930
3.435671 -24.640693 -18.522889 -391.040503 -0.651227 -0.205570 0.730509 0.061866 0.945026 0.321088 -0.756357 0.254295 -0.602709
20.862748 -260.040556 1233.819755 11305.049901 -0.767535 0.369169 0.524026 0.255204 0.925911 -0.278497 -0.588014 -0.080022 -0.804883
2.441661 -37.972589 37.272352 986.020237 -0.690837 -0.143556 0.708615 -0.075607 0.989061 0.126660 -0.719046 0.033925 -0.694134
-9.364999 -15.196446 32.379735 -287.494123 0.923148 0.262918 -0.280484 0.328770 -0.918067 0.221501 0.199267 0.296693 0.933952
-10.711335 -14.280024 -108.010869 -103.399483 0.995566 0.040115 -0.085080 0.052205 -0.988052 0.145013 0.078246 0.148812 0.985765
-8.658591 -13.565698 27.708832 -38.288322 0.966855 -0.250106 0.051370 -0.255187 -0.953234 0.161941 -0.008465 0.169682 0.985462
-9.437021 -10.460014 -62.435853 103.090474 -0.286622 -0.257587 0.922766 0.874788 0.322359 0.361705 -0.390632 0.910897 0.132939
-9.172390 -10.224279 67.953760 62.414739 0.278069 -0.168591 0.945650 0.870201 0.461069 -0.173684 -0.406728 0.871202 0.274917
-9.165118 -11.451959 -94.683721 103.597250 -0.543230 -0.254643 0.800036 0.706829 0.375536 0.599471 -0.453093 0.891140 -0.024013
-8.977941 -9.333853 -9.058845 100.781716 0.030957 -0.182406 0.982736 0.960003 0.279156 0.021574 -0.278272 0.942762 0.183752
-8.692435 -10.569891 -115.647278 101.409477 -0.575254 -0.223051 0.786976 0.749650 0.241178 0.616326 -0.327273 0.944501 0.028472
-0.870240 -9.213565 31.538295 208.543272 0.883515 -0.410996 0.224687 -0.452307 -0.623917 0.637296 0.121740 0.664688 0.737136
-0.368842 -13.016676 10.491861 239.931799 0.900985 -0.390223 0.189612 -0.385385 -0.519124 0.762882 0.199262 0.760418 0.618109
-0.263028 -12.566462 -4.073260 220.166729 0.915136 -0.370617 0.158649 -0.344087 -0.512991 0.786412 0.210072 0.774263 0.596981
-0.610514 -10.769257 -14.337259 211.400453 0.919407 -0.363500 0.150196 -0.349835 -0.581288 0.734656 0.179741 0.727991 0.661606
-0.318337 -35.024342 -77.121167 -612.146368 -0.325816 0.909806 -0.257092 -0.588678 -0.408011 -0.697843 0.739799 0.076024 -0.668520
-1.134386 -31.723990 -58.304978 177.147361 -0.336770 0.911849 -0.234770 -0.793000 -0.409103 -0.451426 0.507677 -0.034146 -0.860870
3.039011 -1.258019 -116.210709 -5.664550 0.939261 -0.337698 0.061225 -0.288225 -0.679302 0.674889 0.186319 0.651543 0.735375
2.123949 -2.058772 -152.089939 -84.390144 0.910059 -0.387669 0.146647 -0.379939 -0.638862 0.668956 0.165647 0.664506 0.728692
-0.760917 -3.198176 -3.283918 -175.596595 0.969733 0.039422 -0.240965 0.193608 -0.725469 0.660462 0.148776 0.687125 0.711144
0.765678 -7.418998 81.823390 -318.007780 0.805434 0.347275 -0.480287 0.568507 -0.681774 0.460416 0.167557 0.643882 0.746553
-1.084952 -24.219219 -14.432696 -47.015120 0.930655 -0.169839 -0.324093 -0.351143 -0.165564 -0.921568 -0.102860 -0.971464 0.213721
-0.517894 -25.534181 40.417565 140.301275 0.912711 -0.145617 -0.381778 -0.392490 -0.052619 -0.918250 -0.113624 -0.987941 0.105180
-0.166294 -23.464531 5.853850 375.933337 0.947346 -0.155716 -0.279799 -0.254545 0.163921 -0.953067 -0.194273 -0.974106 -0.115653
-0.524070 -22.055515 -28.045679 150.648725 0.950903 -0.180978 -0.251059 -0.259957 -0.026857 -0.965247 -0.167945 -0.983120 0.072585
-0.422798 -18.540393 7.208279 31.574097 0.788137 -0.548333 -0.279591 0.503336 0.312736 0.805512 0.354251 0.775582 -0.522474
-0.491906 -17.602591 8.604855 -164.319156 0.768883 -0.549871 -0.326282 0.468655 0.137530 0.872610 0.434949 0.823849 -0.363445
-0.631432 -16.723835 8.326885 -99.372251 0.771740 -0.543596 -0.330031 0.466233 0.130701 0.874954 0.432486 0.829109 -0.354309
-0.945724 -5.500405 -85.253662 -61.981324 0.754299 -0.218871 -0.618974 0.606479 -0.128766 0.784603 0.251430 0.967220 -0.035612
-0.875857 -4.550459 -102.549486 -55.156365 0.786180 -0.215653 -0.579150 0.583551 -0.049457 0.810569 0.203445 0.975217 -0.086963
-2.044184 -4.720600 -52.401811 -39.937767 0.806477 -0.258186 -0.531915 0.545977 -0.020111 0.837559 0.226944 0.965886 -0.124745
1.213505 -12.526369 -20.233711 65.243096 0.926386 -0.316823 -0.203549 0.296500 0.280430 0.912933 0.232157 0.906081 -0.353725
0.656429 -11.638435 -11.303015 -19.341963 0.929234 -0.330383 -0.165444 0.214937 0.119122 0.969336 0.300544 0.936300 -0.181704
0.593705 -12.034600 -32.314066 153.591097 0.916849 -0.309932 -0.251653 0.321454 0.199285 0.925717 0.236759 0.929638 -0.282344
0.897691 -22.852061 7.506532 -211.050543 -0.140400 0.895440 -0.422464 -0.036431 0.421729 0.905990 -0.989424 -0.142592 0.026589
1.275111 -22.945705 -15.771549 -136.898987 -0.167494 0.892961 -0.417812 0.104500 0.437492 0.893129 -0.980319 -0.105933 0.166592
1.026477 -21.016785 -7.134390 -156.275632 -0.145886 0.911048 -0.385627 -0.168826 0.361153 0.917097 -0.974790 -0.198895 -0.101122
-2.309043 -32.795428 93.023432 -5.692718 -0.287215 0.921609 0.261046 -0.307288 0.169472 -0.936404 0.907238 0.349166 -0.234525
3.125575 -10.077590 -104.313495 17.905590 0.819911 -0.542817 0.181924 -0.571462 -0.795065 0.203233 -0.034323 0.270596 0.962081
-6.853906 -11.837722 -463.321437 364.284110 0.710706 -0.468093 0.525153 -0.300011 0.473539 0.828103 0.636310 0.746089 -0.196114
0.662883 -9.243935 -296.700061 -264.238779 0.715687 -0.694985 0.069194 0.036983 0.136643 0.989930 0.697442 0.705921 -0.123497
-8.142740 -34.416606 -232.861031 -1810.731243 0.320161 -0.112433 0.940668 0.686827 -0.656347 -0.312215 0.652508 0.746035 -0.132915
-0.873329 -10.861090 19.933312 -18.415843 -0.599952 0.785021 0.154269 -0.207629 0.033440 -0.977636 0.772624 0.618565 -0.142930
-8.258699 -31.041027 355.450141 1662.400881 -0.345001 -0.063874 -0.936426 -0.644284 0.741627 0.186782 0.682549 0.667764 -0.297015
-2.176711 -9.041525 291.084248 -343.904446 -0.611728 0.766962 0.193800 -0.217449 0.072521 -0.973374 0.760595 0.637581 -0.122412
-8.440292 -12.375862 -242.385118 891.428085 -0.300236 0.016751 -0.953718 -0.629461 0.747753 0.211292 0.716685 0.663765 -0.213958
1.560103 -27.214797 14.355137 379.411608 0.790383 -0.553801 -0.261914 0.579615 0.537595 0.612404 0.198346 0.635843 -0.745897
2.924171 -38.135255 40.875862 716.138514 0.789982 -0.563916 -0.240679 0.612936 0.716467 0.333145 0.015427 0.410699 -0.911641
1.441662 -41.868806 29.435967 648.623022 0.817989 -0.524383 -0.236467 0.575120 0.753734 0.317997 -0.011481 0.396115 -0.918129
-43.648435 -112.893138 2605.731938 4023.893886 -0.228283 0.860565 0.455318 0.220168 -0.409921 0.885150 -0.948374 -0.302312 0.095891
-13.923462 -95.904694 853.946142 -2714.947458 -0.329674 0.813756 0.478662 -0.449325 -0.581143 0.678513 -0.830315 -0.008614 -0.557228
-0.146914 -10.701679 36.371398 -129.242164 0.921467 0.028826 -0.387385 -0.339096 -0.426804 -0.838363 0.189504 -0.903885 0.383511
2.211206 -7.441255 -96.606725 -445.943543 0.960740 0.091053 -0.262083 -0.147438 -0.632650 -0.760273 0.235032 -0.769066 0.594388
-0.391292 -10.014005 -180.193343 -272.803840 0.973936 0.009220 -0.226635 -0.196013 -0.468577 -0.861403 0.114138 -0.883375 0.454557
-4.296927 -12.150899 -74.563217 -7.035812 -0.979583 -0.017254 0.200297 -0.040259 0.992964 -0.111359 -0.196967 -0.117149 -0.973386
-3.671825 -5.311944 8.181505 10.755726 -0.542934 0.739324 0.398275 -0.225626 -0.585249 0.778830 -0.808898 -0.332992 -0.484563
-2.793061 -4.711150 39.017286 -21.833615 -0.443383 0.851259 0.280661 -0.413432 -0.472049 0.778616 -0.795290 -0.229191 -0.561236
-3.298674 -5.480873 -13.517456 -23.289117 -0.600905 0.637735 0.481879 0.188778 0.699035 -0.689720 -0.776709 -0.323488 -0.540444
-2.915462 -5.149831 45.065300 -27.144007 -0.382716 0.902380 0.198087 -0.378752 -0.348815 0.857248 -0.842660 -0.253057 -0.475275
-3.450891 -5.422988 -36.318753 -30.882183 -0.646431 0.506849 0.570290 0.032922 0.765292 -0.642841 -0.762262 -0.396777 -0.511395
-4.163373 -4.843467 -36.401159 -26.726523 -0.613207 0.604283 0.508743 0.054671 0.674965 -0.735822 -0.788028 -0.423397 -0.446930
-3.798236 -5.257379 47.095347 -17.323906 -0.407113 0.907301 0.105185 -0.314969 -0.247551 0.916249 -0.857352 -0.339887 -0.386553
1.461632 -8.014505 124.656193 78.825507 -0.726115 0.672547 0.142963 -0.252452 -0.454178 0.854395 -0.639551 -0.584297 -0.499571
0.875825 -8.169595 85.534530 70.253802 -0.746517 0.645372 0.161890 -0.278813 -0.524334 0.804572 -0.604133 -0.555490 -0.571362
0.002639 -8.858098 38.896528 3.963704 -0.706368 0.706462 0.044224 -0.416786 -0.465602 0.780708 -0.572131 -0.533035 -0.623330
0.185862 -8.610357 63.883492 44.683094 -0.695386 0.717441 0.041423 -0.356860 -0.394772 0.846644 -0.623770 -0.573963 -0.530545
7.733049 -10.331849 -142.167524 -100.687983 0.241948 0.616974 -0.748868 0.735032 0.387278 0.556546 0.633395 -0.685098 -0.359795
5.838873 -11.079114 -123.146517 -149.462689 0.264637 0.502879 -0.822849 0.744930 0.435269 0.505590 0.612411 -0.746762 -0.259421
4.873793 -12.374887 -83.988901 -202.337948 0.238161 0.477191 -0.845912 0.668362 0.551415 0.499234 0.704679 -0.684274 -0.187611
4.468150 -14.672062 -20.176574 -315.247133 0.196563 0.523442 -0.829079 0.576238 0.622464 0.529612 0.793292 -0.581849 -0.179274
-1.789003 -15.939264 22.639240 -49.191972 -0.402078 0.802387 -0.441031 -0.219149 -0.552018 -0.804518 0.888992 0.226827 -0.397796
-1.087971 -17.628166 40.538323 162.215517 -0.417102 0.796368 -0.437978 0.027084 -0.470793 -0.881828 0.908456 0.379675 -0.174799
-1.924436 -20.369017 51.163997 196.247403 -0.404774 0.778539 -0.479620 0.120049 -0.474725 -0.871908 0.906502 0.410503 -0.098694
-2.728730 -18.471185 50.911244 121.171033 -0.379846 0.775993 -0.503539 0.031325 -0.533235 -0.845387 0.924519 0.336890 -0.178239
-1.201322 -15.932246 38.039104 -24.153271 -0.422034 0.801242 -0.424145 -0.075199 -0.497179 -0.864383 0.903456 0.332904 -0.270079
-2.973711 -17.001727 44.141575 234.221438 -0.358940 0.776746 -0.517520 -0.133809 -0.591567 -0.795075 0.923719 0.216136 -0.316273
-1.555546 -17.109944 43.846754 22.651655 -0.295399 0.902031 -0.314768 0.932385 0.200352 -0.300862 -0.208323 -0.382359 -0.900224
-0.484000 -17.171110 66.112977 40.355552 -0.285035 0.914879 -0.285922 0.941203 0.210703 -0.264085 -0.181361 -0.344384 -0.921145
-1.496228 -16.490595 49.075350 46.858968 -0.317402 0.897086 -0.307398 0.948231 0.296609 -0.113492 -0.010635 -0.327507 -0.944789
-0.557409 -17.421647 57.412678 11.329757 -0.263480 0.917127 -0.299091 0.888989 0.110469 -0.444404 -0.374535 -0.382980 -0.844423
-2.393782 -16.252555 34.459215 26.812016 -0.317042 0.880859 -0.351529 0.948232 0.287203 -0.135536 -0.018428 -0.376302 -0.926314
-2.403859 -16.775961 31.677186 7.467349 -0.304801 0.884452 -0.353327 0.927081 0.190524 -0.322833 -0.218213 -0.425963 -0.878031
-1.609823 -17.210392 37.241539 -4.438709 -0.279967 0.902804 -0.326441 0.869669 0.094501 -0.484506 -0.406564 -0.419542 -0.811597
33.643283 -7.212252 1869.963079 -39.729548 0.222544 0.691370 -0.687373 -0.484979 0.690135 0.537131 -0.845736 -0.213826 -0.488885
93.190608 -7.653036 -5332.093465 -22.350046 -0.375631 -0.668431 0.641951 -0.329466 0.743741 0.581637 -0.866229 0.006980 -0.499598
103.446703 -11.788092 6468.337346 -141.530737 0.082099 0.773534 -0.628415 -0.398113 0.603505 0.690860 -0.913655 -0.193461 -0.357501
19.931928 -6.353272 744.605685 -13.221551 -0.038873 0.649894 -0.759030 -0.505181 0.642596 0.576075 -0.862137 -0.405841 -0.303335
36.775600 -7.437539 1537.429304 1.817447 0.411994 -0.481622 0.773499 -0.281442 0.740122 0.610745 -0.866632 -0.469319 0.169378
25.230189 -6.447090 917.545877 -14.697991 0.379773 -0.483476 0.788685 -0.428548 0.663612 0.613161 -0.819829 -0.570851 0.044829
1.180845 -22.359876 56.561756 -105.142383 0.116500 0.665499 -0.737251 0.021368 0.740454 0.671767 0.992961 -0.094014 0.072042
2.811466 -20.746686 77.425876 -353.201523 0.098817 0.656807 -0.747555 0.317300 0.691222 0.649256 0.943163 -0.301357 -0.140100
1.769174 -4.310799 27.462091 23.299075 0.422548 0.178115 -0.888667 0.839234 -0.447153 0.309420 -0.342258 -0.876544 -0.338423
1.630205 -3.449873 102.266767 83.073062 0.427210 0.187378 -0.884523 0.826266 -0.478129 0.297786 -0.367118 -0.858069 -0.359086
-8.691059 -252.043464 325.038705 -13527.123265 0.365795 0.582645 -0.725754 -0.557246 -0.487462 -0.672204 0.745434 -0.650312 -0.146365
-6.150269 -280.549696 727.121592 -12821.190531 0.428344 0.640266 -0.637637 -0.314497 -0.555899 -0.769460 0.847120 -0.530129 0.036754
3.128966 -6.750203 41.182042 -23.351601 0.856144 -0.328923 -0.398531 -0.513627 -0.457196 -0.726057 -0.056610 -0.826306 0.560369
3.279176 -7.165719 5.682172 -16.998144 0.881011 -0.294490 -0.370263 -0.464055 -0.385659 -0.797446 -0.092045 -0.874381 0.476430
4.429345 -7.372236 121.525482 -17.830176 0.843211 -0.347214 -0.410410 -0.522325 -0.348563 -0.778255 -0.127167 -0.870601 0.475271
3.166275 -6.865921 -55.062072 -30.328741 0.902686 -0.261635 -0.341621 -0.426742 -0.442452 -0.788750 -0.055214 -0.857778 0.511046
5.706036 -7.097314 183.442161 -20.208775 0.808347 -0.390767 -0.440314 -0.581168 -0.410374 -0.702736 -0.093913 -0.823950 0.558826
3.695853 -6.502193 164.136880 -42.052987 0.815882 -0.370631 -0.443811 -0.578176 -0.513616 -0.633965 -0.007018 -0.773841 0.633340
2.011024 -6.017341 29.873153 -44.594448 0.851531 -0.330663 -0.406887 -0.524205 -0.551982 -0.648479 0.010166 -0.765492 0.643365
2.543154 -6.034324 -71.422705 -53.819594 0.887957 -0.290303 -0.356731 -0.459766 -0.539797 -0.705148 -0.012144 -0.790154 0.612788
-2.055464 -7.512560 -71.287551 -182.676516 0.341564 0.122782 -0.931804 0.874161 -0.405665 0.266981 -0.345219 -0.905738 -0.245892
-0.180986 -5.492589 89.620084 77.434404 -0.761908 0.625765 0.167078 0.485350 0.722433 -0.492470 -0.428873 -0.294125 -0.854142
-0.091438 -4.375529 88.830880 88.731650 -0.765518 0.619831 0.172605 0.506702 0.746091 -0.431974 -0.396530 -0.243225 -0.885215
-3.608126 -14.587555 -26.677485 -26.997166 -0.520995 -0.335178 0.784997 0.660378 0.424406 0.619500 -0.540800 0.841151 0.000231
-1.382864 -14.563548 -145.418196 -95.348507 -0.466670 -0.279875 0.838981 0.549709 0.651339 0.523047 -0.692849 0.705286 -0.150111
-4.822415 -15.743268 114.868878 -29.025375 -0.506384 -0.440664 0.741209 0.627789 0.400868 0.667222 -0.591148 0.803193 0.073651
-5.231403 -13.652677 291.849279 126.167425 0.876270 0.130531 -0.463803 -0.249132 0.946685 -0.204257 0.412413 0.294532 0.862071
-2.715733 -13.346211 259.869867 -176.496444 0.860906 0.059982 -0.505215 0.269966 -0.895549 0.353708 0.431229 0.440901 0.787177
-4.328128 -12.876826 147.249606 -319.814146 0.878795 0.121587 -0.461449 0.366803 -0.790659 0.490219 0.305244 0.600063 0.739426
-1.238706 -7.546446 14.494490 178.187338 0.840514 -0.452193 0.298425 -0.537031 -0.622515 0.569274 0.071648 0.638746 0.766075
-1.748091 -4.043331 -13.894286 -99.032418 0.663426 -0.614875 0.426374 0.748204 0.539382 -0.386339 0.007572 0.575322 0.817892
-1.838714 -2.289447 37.923547 123.752551 0.868598 -0.430933 0.244610 -0.494710 -0.725997 0.477693 0.028268 0.535935 0.843786
-0.073537 -38.352351 -69.634557 -1318.693421 -0.293206 0.924347 -0.244158 -0.191061 -0.306883 -0.932373 0.936764 0.226728 -0.266586
-0.134921 -21.100266 -70.521939 -637.467765 -0.303002 0.917479 -0.257725 -0.011153 -0.273834 -0.961712 0.952925 0.288527 -0.093205
4.372503 -1.713971 33.654306 53.656794 0.968904 -0.240061 -0.059969 -0.135266 -0.716817 0.684015 0.207192 0.654633 0.726999
4.070061 -1.340374 -9.223169 60.996387 0.946959 -0.319464 -0.034813 -0.218426 -0.719324 0.659441 0.235710 0.616860 0.750950
4.889212 -2.582030 77.259781 32.355598 0.965887 -0.253314 -0.053794 -0.135919 -0.672713 0.727312 0.220426 0.695190 0.684195
4.623607 -1.917961 178.767642 36.099794 0.932311 -0.346751 -0.102762 -0.182091 -0.695559 0.695011 0.312473 0.629255 0.711617
-0.148915 -25.269715 92.950556 -286.150591 0.880082 -0.130941 -0.456411 -0.474724 -0.262198 -0.840172 0.009657 -0.956089 0.292917
1.015796 -24.038847 65.893369 623.307569 0.917856 -0.136010 -0.372884 -0.324145 0.285317 -0.901956 -0.229065 -0.948734 -0.217793
0.814405 -26.350721 114.383870 388.749399 0.882693 -0.124118 -0.453264 -0.451648 0.042499 -0.891184 -0.129875 -0.991357 0.018544
-0.507079 -21.364975 4.087564 262.964576 0.805767 -0.538865 -0.245692 0.529480 0.469623 0.706474 0.265311 0.699342 -0.663725
-0.575870 -24.254747 9.561560 499.057809 0.809070 -0.538327 -0.235816 0.560993 0.587785 0.582920 0.175192 0.603915 -0.777557
-1.231717 -6.269842 -39.470390 -38.890085 0.766514 -0.229602 -0.599782 0.558350 -0.223214 0.799012 0.317335 0.947343 0.042898
-1.397062 -4.969250 45.018567 -126.329021 0.820027 -0.535659 -0.201557 0.420950 0.803099 -0.421703 0.387759 0.260962 0.884049
-1.357702 -3.751252 43.858568 -78.821905 0.877738 -0.397947 -0.266860 0.301941 0.891845 -0.336814 0.372032 0.215058 0.902963
-0.456234 -5.440577 60.644530 -114.799685 0.842257 -0.464759 -0.273133 0.342767 0.852770 -0.394074 0.416069 0.238291 0.877556
-2.019218 -3.580314 14.583999 -65.439195 0.875831 -0.439151 -0.200168 0.353691 0.866240 -0.352890 0.328365 0.238274 0.914003
-0.325732 -6.903391 62.054395 -115.316217 0.808894 -0.536542 -0.240443 0.367872 0.780867 -0.504894 0.458651 0.319953 0.829017
-1.582202 -6.505320 57.588328 -127.877524 0.781882 -0.603361 -0.156895 0.456099 0.725183 -0.515833 0.425011 0.331760 0.842200
-2.284183 -4.740342 31.870811 -126.096215 0.779730 -0.616808 -0.107562 0.520546 0.734084 -0.436064 0.347927 0.284021 0.893464
2.795088 -24.289750 74.023974 186.844674 -0.130394 0.878116 -0.460338 0.687794 0.414527 0.595908 -0.714099 0.238915 0.658014
2.243706 -22.977249 -0.056043 87.258749 -0.167589 0.893170 -0.417326 0.429841 0.447158 0.784402 -0.887215 0.047926 0.458860
-2.050499 -12.120237 -97.580105 75.463904 0.315680 -0.785551 0.532217 0.940455 0.333544 -0.065513 -0.126054 0.521208 0.844069
11.733928 -23.320660 -489.391669 -509.964882 -0.167626 0.934400 0.314322 0.798002 0.315817 -0.513277 0.578874 -0.164791 0.798592
18.014883 -19.950545 -741.615195 -299.188386 -0.202068 0.953244 0.224708 0.846844 0.285316 -0.448831 0.491958 -0.099598 0.864903
12.361209 -26.771422 -295.138865 -597.321121 -0.245117 0.966608 0.074746 0.764487 0.240124 -0.598247 0.596219 0.089498 0.797818
4.218960 -8.091028 -117.568909 -211.804595 0.777184 -0.607729 0.163251 0.612709 0.789950 0.023817 -0.143434 0.081515 0.986297
6.162130 -8.777614 -49.560544 -157.273090 0.847773 -0.527851 0.051513 0.526792 0.849336 0.033443 -0.061405 -0.001215 0.998112
5.587605 -9.176529 -69.617980 -174.696582 0.821616 -0.560858 0.101911 0.561722 0.827013 0.022746 -0.097039 0.038557 0.994533
4.014983 -8.072218 25.873937 -48.022066 0.803346 -0.595498 0.004248 -0.570499 -0.767538 0.292261 0.170780 0.237210 0.956329
4.780408 -8.820889 12.714112 -64.502930 0.850063 -0.526341 -0.018949 0.524192 0.848990 -0.066620 0.051153 0.046698 0.997598
8.914481 -63.975324 -261.504945 -2856.589271 0.697289 -0.669456 0.256158 -0.263229 0.093240 0.960217 0.666707 0.736977 0.111205
1.718539 -41.059806 202.255570 1634.481215 -0.600782 0.789156 0.127648 -0.031089 0.136492 -0.990153 0.798808 0.598835 0.057468
8.848585 -59.889815 232.012372 3665.670412 -0.538965 0.786913 0.300475 -0.302079 0.152421 -0.941019 0.786298 0.597943 -0.155561
-1.099546 -8.612519 -207.472570 421.314576 -0.525654 0.818270 0.232642 -0.274693 0.095558 -0.956772 0.805129 0.566836 -0.174543
-0.289067 -9.845845 31.876920 -136.349615 -0.694856 0.653476 0.300239 0.719054 0.638101 0.275298 -0.011682 0.407180 -0.913273
1.029962 -11.680439 -44.160755 -142.678831 0.816681 -0.522512 -0.244976 0.571098 0.670755 0.473218 0.082943 0.526374 -0.846198
-0.408186 -8.692995 20.065794 -146.772357 0.792087 -0.562332 -0.237448 0.610215 0.739279 0.284788 -0.015395 0.370472 -0.928716
-1.229992 -7.533465 16.402505 -119.675959 -0.692127 0.663879 0.283239 0.719333 0.666711 0.195080 -0.059330 0.338764 -0.938999
-4.508960 -10.297922 -93.419721 79.033113 0.880255 -0.461403 0.110720 -0.370352 -0.522209 0.768204 0.296633 0.717221 0.630558
-3.931679 -10.023292 -81.307067 -50.730501 0.908901 -0.414743 0.043439 -0.229529 -0.410581 0.882462 0.348160 0.812041 0.468373
-3.431101 -10.461302 -91.894252 63.485769 0.900307 -0.416891 0.125098 -0.339767 -0.493503 0.800633 0.272040 0.763320 0.585949
1.313874 -27.220391 40.256420 468.997267 0.793465 -0.553357 -0.253395 0.489584 0.332994 0.805868 0.361554 0.763486 -0.535134
-45.438177 -74.291942 -876.552409 -2846.956836 0.797359 -0.598348 0.078737 0.134863 0.049492 -0.989627 -0.588244 -0.799707 -0.120158
-78.218795 -110.552314 2447.967583 6348.190892 0.500976 -0.539661 0.676601 -0.228155 0.671774 0.704744 -0.834846 -0.507430 0.213416
4.407821 -7.176046 321.548114 -134.503800 0.950657 0.264236 -0.162574 0.064019 -0.679819 -0.730580 0.303566 -0.684123 0.663191
3.780664 -5.932421 -162.006176 -224.664254 0.981258 0.190344 0.030020 0.149949 -0.656407 -0.739355 0.121026 -0.730000 0.672646
0.124784 -7.261490 -197.725780 -446.642114 0.986296 0.163071 -0.025053 0.077432 -0.591616 -0.802493 0.145685 -0.789556 0.596135
-3.216037 -9.817626 138.995607 272.558438 0.991688 0.060840 -0.113374 -0.118841 0.770829 -0.625859 -0.049315 -0.634130 -0.771652
-3.939337 -8.701179 42.075720 105.670712 0.992541 -0.119924 -0.021904 0.071467 0.717960 -0.692406 -0.098762 -0.685676 -0.721175
-1.962441 -5.739299 177.134302 -207.967947 0.983541 0.108604 -0.144406 -0.176148 0.754332 -0.632420 -0.040247 -0.647447 -0.761047
-2.901723 -5.543289 -5.770524 -10.689504 -0.604836 0.628912 0.488511 0.238828 0.728455 -0.642118 -0.759694 -0.271706 -0.590797
-2.556307 -4.281234 14.503612 -72.171359 -0.537751 0.746124 0.392586 -0.402439 -0.636331 0.658123 -0.740856 -0.195915 -0.642457
-1.169309 -4.099702 103.902989 -31.161966 -0.151797 0.986483 -0.061724 -0.561317 -0.034637 0.826876 -0.813561 -0.160164 -0.558987
-0.961158 -3.502028 146.718669 -33.634143 -0.104096 0.990176 -0.093355 -0.638261 0.005478 0.769800 -0.762749 -0.139718 -0.631421
0.317735 -4.899480 -15.075238 42.195559 0.866998 -0.115264 -0.484798 -0.209833 0.797975 -0.564983 -0.451979 -0.591566 -0.667657
0.194472 -5.734717 -2.772855 84.393045 0.873285 -0.136537 -0.467688 -0.210742 0.759624 -0.615272 -0.439274 -0.635869 -0.634594
0.682514 -5.390612 -26.175258 68.735466 0.868100 -0.125837 -0.480174 -0.213189 0.779063 -0.589586 -0.448278 -0.614187 -0.649477
0.044248 -5.087993 5.323322 22.310859 0.875036 -0.145615 -0.461637 -0.172769 0.796916 -0.578858 -0.452176 -0.586278 -0.672172
0.559749 -4.962936 -38.877299 6.264517 0.862837 -0.102700 -0.494939 -0.210188 0.817585 -0.536074 -0.459709 -0.566575 -0.683857
0.162690 -4.922293 -19.819667 -36.045931 0.869701 -0.132522 -0.475456 -0.171404 0.822243 -0.542713 -0.462862 -0.553493 -0.692390
10.395424 -10.281771 -177.191652 -155.304525 0.191886 0.739870 -0.644804 -0.705338 -0.352874 -0.614800 0.682407 -0.572776 -0.454147
11.839587 -10.264842 -274.835812 -6.223017 0.178322 0.816199 -0.549564 -0.631532 -0.333365 -0.700025 0.754565 -0.471897 -0.456009
12.556214 -12.063657 -141.355446 -263.676640 0.110140 0.828914 -0.548426 -0.672026 -0.344433 -0.655551 0.732291 -0.440759 -0.519116
11.810913 -12.161195 -153.601757 5.980257 0.071620 0.890029 -0.450243 -0.572075 -0.333122 -0.749506 0.817068 -0.311252 -0.485306
