17819
35607
-4.682603 -8.332270 10.561276 102.212480 -0.236756 0.935458 -0.262420 -0.793012 -0.342111 -0.504075 0.561318 -0.088760 -0.822827
-5.869487 -9.740326 32.433520 67.055714 -0.019641 0.993701 -0.110327 -0.760975 -0.086431 -0.642999 0.648484 -0.071327 -0.757879
-6.639464 -9.447148 121.197108 153.716738 0.081219 0.993595 -0.078560 -0.807266 0.019349 -0.589871 0.584573 -0.111328 -0.803667
-5.052303 -9.163844 -55.183307 77.765137 -0.224251 0.954693 -0.195633 -0.729468 -0.297556 -0.615903 0.646211 -0.004591 -0.763145
-6.240731 -7.254334 25.721621 168.428892 0.126991 0.988115 -0.086616 -0.868494 0.068583 -0.490932 0.479157 -0.137569 -0.866881
-4.573565 -7.550730 -7.614898 81.507912 -0.432341 0.838696 -0.331166 -0.736413 -0.540353 -0.407081 0.520363 -0.067877 -0.851243
6.637919 -11.253407 -30.909464 -222.655757 0.077404 0.982415 -0.169912 -0.597400 0.182143 0.780984 -0.798199 -0.041055 -0.600993
6.696103 -8.218450 -43.890281 -61.266983 0.073329 0.979419 -0.188044 -0.678482 0.187185 0.710369 -0.730948 -0.075493 -0.678245
6.816704 -9.195954 44.830888 -120.683945 0.180194 0.977718 -0.107691 -0.663751 0.201662 0.720255 -0.725923 0.058306 -0.685300
6.635047 -13.557931 45.338593 -252.987306 0.160620 0.980547 -0.112823 -0.485785 0.178039 0.855754 -0.859194 0.082643 -0.504932
5.659544 -13.517727 -113.939123 -236.253665 0.001653 0.978232 -0.207507 -0.467620 0.184178 0.864529 -0.883928 -0.095606 -0.457746
7.190126 -11.587190 66.990806 -264.111995 0.176097 0.978920 -0.103467 -0.599329 0.190003 0.777626 -0.780893 0.074927 -0.620155
0.517500 -13.457110 -285.483507 649.327797 -0.327033 0.822768 -0.464868 0.943288 0.313920 -0.107994 0.057077 -0.473822 -0.878769
1.498932 -9.512939 89.716033 337.705449 -0.664519 0.696813 -0.269938 0.742773 0.655495 -0.136436 0.081873 -0.291167 -0.953163
0.589760 -5.879646 194.477392 5.652445 -0.440453 0.858313 -0.263248 0.894189 0.393227 -0.214007 -0.080169 -0.329654 -0.940692
1.516906 -6.382488 47.909831 -53.514921 -0.177472 0.896802 -0.405277 0.970187 0.090369 -0.224877 -0.165046 -0.433104 -0.886104
6.937077 -3.917109 281.221728 -35.952950 0.114096 0.746096 0.655990 -0.799623 0.460816 -0.385035 0.589564 0.480613 -0.649173
10.227484 -5.032578 69.843199 -68.452172 0.278314 0.805470 0.523220 -0.773664 0.510818 -0.374845 0.569197 0.300472 -0.765331
8.808347 -3.956770 406.070442 -55.376767 0.073945 0.786489 0.613161 -0.763954 0.439883 -0.472099 0.641020 0.433518 -0.633369
4.283271 -4.045763 666.371851 -28.432832 -0.093639 0.722719 0.684769 -0.778734 0.375372 -0.502663 0.620327 0.580321 -0.527656
3.586529 -3.719267 375.910043 -4.850426 -0.020910 0.728234 0.685010 0.822912 -0.376571 0.425453 0.567784 0.572599 -0.591398
4.686047 -6.242017 155.273396 102.979411 0.529034 0.573553 0.625428 0.765835 -0.640163 -0.060735 0.365541 0.511106 -0.777914
6.946785 -7.103597 197.145902 75.276825 0.568386 0.587619 0.575883 0.754576 -0.651296 -0.080185 0.327952 0.480123 -0.813590
6.119546 -5.333558 176.750186 8.322718 0.449806 0.661566 0.600004 0.803419 -0.593163 0.051723 0.390118 0.458789 -0.798324
4.435499 -4.672923 152.002178 13.825527 0.360727 0.670862 0.647936 0.830412 -0.547292 0.104340 0.424608 0.500416 -0.754515
3.335382 -5.484173 69.964364 105.120694 0.459727 0.589487 0.664196 0.797246 -0.603436 -0.016257 0.391216 0.537001 -0.747382
-1.363205 -3.331922 122.967045 88.953431 0.069281 0.996656 0.043331 -0.857511 0.081692 -0.507938 0.509779 0.001966 -0.860303
-1.717119 -4.980940 126.739622 112.547856 0.082923 0.995386 0.048273 -0.823685 0.095725 -0.558909 0.560951 -0.006585 -0.827823
-2.436362 -3.584919 59.758459 86.240585 0.281765 0.950627 0.130064 -0.809996 0.308333 -0.498836 0.514310 -0.035203 -0.856882
-0.119869 -4.788290 121.111491 109.170295 0.041329 0.998365 0.039487 -0.829187 0.056321 -0.556126 0.557441 0.009758 -0.830159
-2.045399 -2.327111 48.179184 64.327720 0.419830 0.882890 0.210353 -0.770298 0.469184 -0.431865 0.479984 -0.019276 -0.877066
0.140429 -3.162666 115.156536 88.624479 0.036336 0.998746 0.034442 -0.862014 0.048761 -0.504534 0.505581 0.011357 -0.862705
-1.074721 -2.114844 122.339897 54.802650 -0.000146 0.999933 0.011615 -0.878760 0.005415 -0.477233 0.477263 0.010277 -0.878700
-1.445804 -11.851334 30.973180 249.353541 0.085280 0.994083 0.067275 0.854679 -0.038282 -0.517744 0.512105 -0.101652 0.852886
-0.992496 -10.356721 21.807913 213.748478 0.088789 0.995095 0.043621 0.840198 -0.051303 -0.539847 0.534961 -0.084583 0.840632
-1.007932 -13.084647 28.424752 178.713390 0.035736 0.997584 0.059575 0.931601 -0.011677 -0.363294 0.361721 -0.068483 0.929768
-1.199022 -7.910586 19.062478 198.565618 0.137292 0.990304 0.021183 0.752035 -0.090294 -0.652910 0.644667 -0.105569 0.757139
-1.524622 -8.993775 29.320319 248.921988 0.141173 0.988874 0.046890 0.758461 -0.077596 -0.647083 0.636245 -0.126914 0.760976
-0.202685 -16.117464 -30.543890 -86.120072 0.030730 0.994853 0.096555 0.861611 -0.075331 0.501948 -0.506638 -0.067768 0.859491
-1.057630 -15.337768 -38.087166 -72.816962 0.021313 0.995775 0.089323 0.861154 -0.063672 0.504341 -0.507898 -0.066172 0.858872
-0.198255 -15.356957 -28.738087 -96.426247 0.007438 0.996872 0.078681 0.762809 -0.056533 0.644148 -0.646581 -0.055228 0.760843
0.466473 -16.467320 -16.150743 -89.460400 0.025504 0.997626 0.063966 0.776666 -0.060060 0.627042 -0.629396 -0.033688 0.776354
0.439173 -15.619488 -13.239230 -52.502639 0.003817 0.999266 0.038121 0.662674 -0.031077 0.748263 -0.748899 -0.022406 0.662306
-3.287472 -5.070380 20.950935 266.972066 -0.027153 0.978399 -0.204935 0.906683 -0.062224 -0.417199 0.420939 0.197139 0.885408
-3.155781 -5.809509 73.502865 82.587773 0.184627 0.946426 -0.264935 0.874419 -0.281247 -0.395337 0.448669 0.158675 0.879499
-1.585754 -4.375016 162.429069 -73.198371 0.554811 0.711215 -0.431692 0.709882 -0.675275 -0.200177 0.433880 0.195390 0.879529
-0.581617 -7.258309 -2.808362 42.506435 -0.100914 0.991622 0.080637 -0.969818 -0.116130 0.214398 -0.221966 0.056567 -0.973412
-0.523019 -6.590071 10.707484 45.171761 -0.069421 0.993152 0.093964 -0.928738 -0.098728 0.357349 -0.364179 0.062460 -0.929232
-0.756314 -7.819756 -15.610591 61.292863 -0.116175 0.989245 0.088865 -0.966132 -0.133308 0.220948 -0.230418 0.060187 -0.971229
-0.528054 -6.713347 9.671229 26.260411 -0.105411 0.990738 0.085598 -0.959711 -0.123899 0.252197 -0.260467 0.055565 -0.963882
-0.740265 -8.346739 -24.792444 -46.119815 -0.154547 0.984957 0.077299 0.985906 0.158822 -0.052577 -0.064063 0.068084 -0.995621
-0.486557 -7.727333 -5.888486 35.540084 -0.162654 0.983586 0.078121 -0.982426 -0.168790 0.079682 -0.091561 0.063787 -0.993754
2.004041 -14.264387 -29.878454 -32.023571 -0.012139 0.994554 -0.103511 -0.970032 -0.036836 -0.240170 0.242675 -0.097494 -0.965196
2.186457 -14.830229 -17.350403 -80.599085 -0.024408 0.997771 -0.062106 -0.997580 -0.028355 -0.063478 0.065097 -0.060406 -0.996049
1.566187 -15.069307 -55.955582 111.924606 0.003696 0.993509 -0.113692 0.997397 0.004526 0.071970 0.072017 -0.113662 -0.990906
-0.885512 -15.332572 38.440438 269.977264 -0.305077 0.828670 0.469291 0.218669 0.540571 -0.812383 0.926883 0.145220 0.346121
-0.847423 -17.611506 38.285937 237.444919 -0.298075 0.841222 0.451106 0.383785 0.538325 -0.750277 0.873991 0.050511 0.483309
-1.130002 -15.663437 4.162584 237.217473 -0.275297 0.839708 0.468082 0.278826 0.535710 -0.797039 0.920037 0.088909 0.381612
-0.179646 -17.336421 60.070852 274.633350 -0.317046 0.835371 0.449040 0.314865 0.539324 -0.781018 0.894618 0.106232 0.434020
-1.213502 -13.817461 1.174325 178.180022 -0.276029 0.839629 0.467794 0.134810 0.515712 -0.846089 0.951648 0.170482 0.255542
-0.957708 -13.100410 34.255765 223.156540 -0.306873 0.827350 0.470447 0.080963 0.515198 -0.853238 0.948301 0.223747 0.225085
-0.094732 -14.687531 65.151160 308.664329 -0.324490 0.822075 0.467867 0.154278 0.534006 -0.831286 0.933223 0.197563 0.300108
1.486486 -24.732156 -5.911410 -68.614751 -0.285124 0.899038 0.332317 -0.528957 0.141542 -0.836762 0.799318 0.414363 -0.435195
1.490580 -25.818396 -15.878897 -162.822828 -0.317385 0.902705 0.290501 -0.696912 -0.014286 -0.717014 0.643102 0.430024 -0.633640
1.373720 -22.806761 -45.250830 -2.395424 -0.259269 0.917809 0.300678 -0.552879 0.114222 -0.825396 0.791900 0.380238 -0.477823
0.926239 -20.748462 -38.214065 64.032044 -0.250502 0.923671 0.289967 -0.571323 0.100756 -0.814517 0.781561 0.369704 -0.502475
0.760738 -20.585594 -44.219687 -7.789727 -0.234344 0.920115 0.313802 -0.415371 0.197075 -0.888048 0.878948 0.338453 -0.336005
-0.360332 -22.210553 12.832589 857.687495 -0.265616 0.900368 0.344653 -0.682964 -0.428051 0.591889 -0.680447 0.078170 -0.728616
-0.661983 -28.602016 26.830159 819.285902 -0.285325 0.889528 0.356832 -0.824357 -0.417685 0.382066 -0.488902 0.185144 -0.852465
-0.762244 -22.850438 24.513363 796.907077 -0.249206 0.908880 0.334415 -0.741391 -0.401209 0.537931 -0.623085 0.113876 -0.773820
-0.406340 -15.526807 32.997368 548.795004 -0.212359 0.922395 0.322631 -0.619727 -0.382397 0.685354 -0.755541 0.054402 -0.652839
-0.175627 -14.407342 9.720012 576.758051 -0.225701 0.920337 0.319436 -0.559275 -0.390889 0.731039 -0.797666 0.013656 -0.602945
-0.861034 -4.656355 48.135962 -46.646669 0.001157 0.225875 0.974156 0.101350 0.969114 -0.224826 -0.994850 0.098991 -0.021771
-1.455998 -5.860933 -11.608154 -76.263253 0.036555 0.524825 0.850425 0.181862 0.833290 -0.522067 -0.982644 0.173744 -0.064985
-1.257965 -5.884439 -17.758516 -51.494557 0.002168 0.394702 0.918807 0.121508 0.911897 -0.392020 -0.992588 0.112492 -0.045982
-0.241013 -5.001745 96.779351 19.131946 -0.001653 0.006486 0.999978 0.029822 0.999535 -0.006434 -0.999554 0.029811 -0.001846
0.994910 -3.928125 142.523615 4.486727 -0.010770 -0.165858 0.986091 0.024164 0.985817 0.166076 -0.999650 0.025617 -0.006610
0.034094 -3.836493 99.974718 -36.170497 -0.003050 -0.018863 0.999817 0.073674 0.997101 0.019037 -0.997278 0.073719 -0.001651
0.469688 -33.348161 -29.795995 -827.842019 -0.393768 0.869176 0.299133 0.879912 0.262282 0.396185 0.265898 0.419215 -0.868077
0.604696 -28.726939 -21.770286 -787.806646 -0.410793 0.865504 0.286622 0.910640 0.374141 0.175369 0.044546 0.333050 -0.941856
0.729091 -30.183560 17.289379 -412.450940 -0.406592 0.862522 0.301227 0.883037 0.286431 0.371756 0.234367 0.417148 -0.878100
0.172885 -14.345467 564.835859 685.876376 0.702541 0.710742 -0.035809 0.645288 -0.657444 -0.389064 0.300066 -0.250226 0.920515
8.057039 -9.306771 1009.013992 -533.604149 0.827605 0.548854 -0.117597 -0.439144 0.763599 0.473360 0.349602 -0.340113 0.872984
7.305737 -11.586103 693.814036 401.326081 0.926092 0.365351 -0.094194 0.304381 -0.870979 -0.385677 0.222949 -0.328502 0.917813
-88.831117 -729.403762 4892.238171 306803.481653 0.006877 0.983564 -0.180427 -0.854808 0.099410 0.509333 -0.518898 -0.150728 -0.841443
-150.619000 -1707.883134 7286.844545 -180133.199724 0.027746 0.992976 -0.115014 -0.579691 -0.077753 -0.811118 0.814364 -0.089178 -0.573462
-131.287860 -1763.840546 7052.422668 128958.946525 0.279877 0.898471 -0.338258 -0.653909 -0.079562 -0.752378 0.702902 -0.431763 -0.565251
-47.708508 -1607.074514 1459.595689 71813.595846 -0.509931 0.720552 -0.469867 0.669390 -0.010673 -0.742835 -0.540266 -0.693319 -0.476888
-141.910272 -1915.141043 6321.591462 -311226.688295 -0.245167 0.957736 0.150449 0.671213 0.055706 0.739168 -0.699547 -0.282203 0.656502
-0.460456 -5.085514 26.859691 37.008588 -0.081191 0.862300 0.499846 -0.468443 0.409646 -0.782785 0.879755 0.297704 -0.370678
-0.134828 -5.176311 29.155916 -4.581877 -0.061321 0.838151 0.541980 -0.403264 0.475906 -0.781596 0.913027 0.266489 -0.308813
-0.856805 -5.415565 39.425097 23.708823 -0.079881 0.865941 0.493726 -0.438552 0.414266 -0.797531 0.895149 0.280233 -0.346668
-1.142047 -4.996525 39.131570 50.622706 -0.098159 0.884980 0.455166 -0.499017 0.351947 -0.791906 0.861015 0.304868 -0.407073
-0.741842 -4.489402 27.518801 67.791746 -0.105100 0.882217 0.458964 -0.524739 0.342842 -0.779172 0.844750 0.322727 -0.426900
-1.360485 -5.760173 36.350927 -100.891654 -0.047377 0.439062 0.897207 0.531813 0.771414 -0.349421 -0.845535 0.460592 -0.270046
-1.650137 -7.284943 -2.496929 -125.202906 -0.063545 0.423261 0.903777 0.610331 0.732991 -0.300365 -0.789593 0.532517 -0.304907
-1.413399 -7.076862 7.358290 -121.468460 -0.068364 0.450722 0.890042 0.606337 0.727231 -0.321701 -0.792264 0.517672 -0.323006
3.488849 0.591578 454.011368 -20.448444 0.597699 0.073864 0.798311 -0.120849 0.992670 -0.001367 -0.792560 -0.095658 0.602244
9.794767 1.082704 560.115923 4.754279 0.589304 -0.006073 0.807888 -0.056761 0.997190 0.048900 -0.805915 -0.074674 0.587303
9.369144 0.813618 511.103860 -16.545300 0.576503 -0.007652 0.817059 -0.084258 0.994069 0.068761 -0.812739 -0.108484 0.572439
-1.090646 -5.201944 6.898216 -38.064191 0.039415 0.998933 -0.024055 -0.439774 0.038959 0.897263 -0.897243 0.024787 -0.440841
-1.447836 -5.200604 8.436071 -44.708367 -0.053869 0.992322 0.111336 -0.447208 -0.123666 0.885840 -0.892806 0.002071 -0.450436
-1.732094 -5.729846 -3.224276 -35.148955 -0.043280 0.993737 0.103021 -0.358299 -0.111697 0.926901 -0.932603 -0.003204 -0.360889
-0.907994 -5.286577 11.913266 -36.480435 0.121659 0.981770 -0.146038 -0.422390 0.184353 0.887469 -0.898213 0.046284 -0.437118
-0.484569 -4.541733 4.399609 -40.961818 0.060037 0.996545 -0.057394 -0.522371 0.080363 0.848923 -0.850602 0.020985 -0.525391
-1.363709 -5.739095 17.342654 -26.336580 0.115863 0.983761 -0.137080 -0.331264 0.168379 0.928393 -0.936397 0.062157 -0.345393
-0.869747 -4.547662 13.578767 -40.223859 -0.017755 0.998250 0.056415 -0.525152 -0.057325 0.849076 -0.850823 0.014551 -0.525250
-1.681804 -5.772311 11.886374 -28.297302 0.044221 0.998700 -0.025365 -0.333673 0.038697 0.941894 -0.941651 0.033187 -0.334950
-2.145449 -5.922552 10.861326 -43.458599 -0.115532 0.970455 0.211825 -0.339778 -0.239000 0.909632 -0.933383 -0.033118 -0.357351
2.960209 -16.490506 22.102661 -81.059136 -0.156197 0.987145 -0.033877 0.795287 0.105351 -0.597009 0.585765 0.120193 0.801519
1.715331 -18.472935 86.387235 -106.962616 -0.198583 0.972929 -0.118207 0.808689 0.094521 -0.580592 0.553702 0.210889 0.805568
2.724654 -20.200073 29.892523 -352.059952 -0.123487 0.988968 -0.081810 0.713814 0.031254 -0.699637 0.689362 0.144793 0.709799
3.188060 -17.029215 -4.566775 -232.227269 -0.069268 0.997564 -0.008218 0.707362 0.043305 -0.705524 0.703450 0.054683 0.708638
3.071338 -21.122546 -2.804241 -612.841669 -0.046421 0.996523 -0.069184 0.611955 -0.026371 -0.790453 0.789529 0.079031 0.608603
2.816454 -25.897738 -0.037459 -815.210140 -0.093017 0.989851 -0.107437 0.571051 -0.035356 -0.820153 0.815628 0.137640 0.561966
-12.421104 -53.679536 -176.294384 -2903.196313 0.966619 -0.254895 -0.026025 0.112937 0.332690 0.936249 0.229986 0.907935 -0.350371
0.345088 -83.104270 59.859378 -3799.054795 0.958023 -0.137285 -0.251683 0.281365 0.618659 0.733549 -0.055000 0.773572 -0.631317
27.469681 -38.053729 1366.661007 786.117844 0.860495 -0.306747 0.406761 -0.149100 0.611828 0.776811 0.487152 0.729091 -0.480739
8.312479 -23.841988 85.169567 -302.556545 -0.272573 0.033463 0.961553 0.801349 -0.545214 0.246133 0.532489 0.837628 0.121795
1.683536 -7.146330 -81.627008 -172.718064 -0.409087 0.256903 0.875585 0.899359 -0.048713 0.434488 0.154274 0.965209 -0.211120
-9.941182 -29.969659 -506.168885 -1619.446159 0.628059 0.150057 0.763560 0.749142 -0.382079 -0.541112 0.210542 0.911866 -0.352382
-13.432650 -54.584925 -740.285716 -3313.188690 0.874659 -0.373287 -0.309237 0.407669 0.221325 0.885901 0.262254 0.900928 -0.345762
-2.539256 -52.814208 -83.535202 -1320.847817 0.877850 -0.230384 -0.419885 0.263341 -0.500095 0.824959 0.400039 0.834763 0.378338
-0.452231 -76.572361 192.241798 -3464.200117 0.825211 -0.241075 -0.510793 0.411325 -0.363274 0.835969 0.387089 0.899953 0.200617
0.173382 -49.283581 -103.322056 -2061.281345 0.878559 -0.329445 -0.345833 0.349960 -0.048763 0.935495 0.325058 0.942915 -0.072451
1.005932 -41.492907 -106.154705 -1336.291728 0.889956 -0.349331 -0.293165 0.240259 -0.187252 0.952477 0.387626 0.918098 0.082717
1.659895 -27.144005 -38.625784 -1193.786674 0.872556 -0.376292 -0.311529 0.418270 0.246011 0.874373 0.252380 0.893243 -0.372051
1.962720 -33.141016 -76.633038 -1276.356718 0.891132 -0.373125 -0.258188 0.343499 0.182973 0.921156 0.296465 0.909560 -0.291221
1.170767 -2.266669 -60.531357 31.139143 0.133702 0.988676 -0.068142 -0.885719 0.088368 -0.455734 0.444552 -0.121287 -0.887504
1.024017 -3.069429 -56.398404 70.475125 0.058927 0.992958 -0.102772 -0.875121 0.001850 -0.483901 0.480303 -0.118453 -0.869067
1.742742 -2.088238 -47.028592 40.014092 0.127591 0.991061 -0.038958 -0.883771 0.095774 -0.458014 0.450189 -0.092868 -0.888091
0.968339 -11.251725 -614.077429 -252.345705 0.617901 0.778728 -0.108535 0.634297 -0.575279 -0.516450 0.464613 -0.250272 0.849411
-2.738931 -12.288022 -468.068002 -350.824531 0.596254 0.779797 -0.190780 0.632109 -0.602531 -0.487231 0.494893 -0.169920 0.852179
-2.162955 -9.107341 -278.867509 -268.388653 0.604331 0.767759 -0.212907 0.673973 -0.635139 -0.377306 0.424905 -0.084524 0.901283
1.275931 -9.478607 -212.786245 -197.336835 0.514570 0.847713 -0.128843 0.725767 -0.510617 -0.461014 0.456596 -0.143714 0.877990
17.295271 -4.149187 1211.718878 -66.214722 0.749164 0.646270 0.145219 -0.652192 0.758003 -0.008785 -0.115754 -0.088129 0.989361
3.821365 -8.852420 -291.478865 -363.582891 0.342026 0.852319 0.395689 0.836086 -0.468228 0.285873 -0.428928 -0.233055 0.872758
-1.087682 -5.092478 -222.060349 -74.627344 0.646905 0.633114 0.425065 -0.677375 0.733102 -0.061025 -0.350253 -0.248451 0.903103
-2.237755 -69.002737 -394.955108 -6746.987708 -0.334819 0.914246 0.228144 0.602949 0.021809 0.797482 -0.724119 -0.404571 0.558546
-6.108115 -104.509491 -405.423259 -7782.425324 -0.176146 0.962385 0.206854 0.616598 -0.055933 0.785289 -0.767320 -0.265871 0.583552
-6.552305 -9.305612 110.020867 -88.544083 -0.093988 -0.626821 -0.773474 0.244381 0.738618 -0.628269 0.965114 -0.248072 0.083762
-6.370191 -9.324669 139.267071 -43.112766 -0.128797 -0.568837 -0.812303 0.172617 0.793760 -0.583222 0.976532 -0.215334 -0.004043
-6.680859 -9.279879 90.549503 57.915854 -0.080652 -0.447351 -0.890714 0.056928 0.890099 -0.452197 0.995115 -0.087177 -0.046321
-6.999328 -9.708431 21.638463 2.697106 0.012680 -0.548314 -0.836177 0.144798 0.828436 -0.541043 0.989380 -0.114216 0.089899
-7.027772 -9.441462 54.449327 -149.074109 -0.017639 -0.672205 -0.740155 0.338318 0.692591 -0.637070 0.940867 -0.261645 0.215203
-4.460898 -8.025213 -264.360968 -61.770167 0.271285 0.877565 0.395328 0.305974 0.310794 -0.899881 0.912570 -0.365085 0.184198
83.985369 -54.282485 6135.035751 -761.108738 -0.318504 0.915021 -0.247570 -0.521172 0.049118 0.852037 -0.791792 -0.400404 -0.461239
-50.783649 -460.702857 -3943.400776 57978.606391 0.622905 0.782092 -0.017930 0.303226 -0.220252 0.927115 -0.721141 0.582941 0.374347
113.189433 -100.493460 9376.857248 -6098.024411 0.040472 0.998915 -0.023030 -0.615038 0.043070 0.787320 -0.787458 0.017700 -0.616114
41.343924 -35.438410 3769.928098 398.728378 -0.061287 0.984151 -0.166408 -0.311170 0.139573 0.940049 -0.948376 -0.109394 -0.297684
3.424778 -8.108257 -228.344257 -10.153595 -0.611257 0.791026 0.025364 0.280696 0.186718 0.941459 -0.739983 -0.582593 0.336171
1.025987 -8.223891 -239.927599 -20.503808 -0.656354 0.753893 -0.029071 0.259464 0.261741 0.929608 -0.708434 -0.602609 0.367403
1.118244 -7.916019 -225.807586 -37.652057 -0.656394 0.751776 -0.063080 0.103338 0.172422 0.979588 -0.747307 -0.636477 0.190864
3.693101 -7.810051 -233.750587 -23.891883 -0.619158 0.785259 0.003499 0.117419 0.088174 0.989160 -0.776438 -0.612857 0.146798
5.441609 -7.944408 -123.279445 0.464436 -0.524708 0.849350 0.057315 0.292846 0.116874 0.948990 -0.799326 -0.514727 0.310054
-1.614267 -8.143354 -16.055342 -26.363494 -0.292263 0.955690 -0.035192 0.785599 0.218937 -0.578706 0.545359 0.196781 0.814776
-1.497371 -8.430995 -11.681032 -49.662596 -0.266072 0.963813 -0.016462 0.813969 0.215492 -0.539460 0.516391 0.156935 0.841850
-1.639063 -8.549569 -0.363083 -22.317436 -0.245321 0.967043 -0.068155 0.719704 0.134572 -0.681114 0.649495 0.216143 0.728999
-1.431765 -7.642870 -33.007685 -41.369576 -0.312456 0.949893 0.008609 0.856876 0.285748 -0.429082 0.410042 0.126692 0.903225
-1.437439 -8.066994 22.313114 -4.931125 -0.259541 0.960052 -0.104588 0.704371 0.114097 -0.700602 0.660681 0.255504 0.705846
-1.373017 -7.821872 17.135322 -5.508461 -0.287789 0.953867 -0.085530 0.773443 0.178826 -0.608118 0.564768 0.241162 0.789226
-1.786207 -7.603508 -31.777678 -22.647779 -0.322223 0.946423 -0.021329 0.837815 0.274612 -0.471863 0.440725 0.169915 0.881414
0.848090 -12.439379 27.296792 131.519338 0.204866 0.978624 0.018021 0.919782 -0.186186 -0.345450 0.334710 -0.087346 0.938264
0.633658 -12.743086 7.530657 212.689267 0.238315 0.971112 0.012159 0.889648 -0.213267 -0.403787 0.389530 -0.107045 0.914772
0.609291 -10.412848 4.076710 130.279132 0.224529 0.973130 0.051039 0.822486 -0.161162 -0.545475 0.522593 -0.164454 0.836572
0.830379 -10.621917 21.571097 58.731887 0.206587 0.976838 0.055768 0.858142 -0.153515 -0.489924 0.470015 -0.149069 0.869980
1.080855 -11.863248 34.457121 59.097276 0.172391 0.984547 0.030795 0.943879 -0.156167 -0.291041 0.281735 -0.079240 0.956215
0.206799 -20.171395 -1.840372 14.401139 0.150556 0.965267 0.213525 0.601851 -0.260843 0.754809 -0.784289 -0.014869 0.620218
0.203925 -19.252988 -3.266667 -65.119539 0.136712 0.969583 0.203022 0.579714 -0.244494 0.777273 -0.803269 -0.011433 0.595507
0.331730 -19.915757 -1.196650 -64.405087 0.142382 0.970190 0.196111 0.426478 -0.238927 0.872371 -0.893221 0.040573 0.447783
0.116900 -19.572452 -3.884087 49.898724 0.151573 0.963077 0.222505 0.730678 -0.260771 0.630958 -0.665684 -0.066943 0.743225
0.171155 -21.493464 5.736966 32.216179 0.162839 0.964594 0.207463 0.449429 -0.259705 0.854732 -0.878349 0.045944 0.475807
0.079393 -19.472178 4.106876 120.285640 0.160092 0.962063 0.220918 0.750442 -0.264013 0.605916 -0.641254 -0.068784 0.764239
0.064943 -20.898112 9.362420 149.018178 0.168933 0.961788 0.215467 0.628745 -0.273510 0.727923 -0.759039 -0.012504 0.650925
0.259655 -6.703978 -6.376547 13.689803 -0.045240 0.997526 0.053800 0.358328 -0.034067 0.932974 -0.932499 -0.061486 0.355900
0.180420 -6.146876 -4.296494 49.339190 -0.021142 0.994989 0.097728 0.474145 -0.076080 0.877154 -0.880193 -0.064882 0.470160
0.139770 -6.379118 -7.155890 26.312595 -0.046330 0.997430 0.054650 0.370885 -0.033622 0.928070 -0.927522 -0.063266 0.368374
0.306479 -5.790209 -9.651699 -69.917918 -0.058801 0.997929 0.026097 0.235730 -0.011522 0.971750 -0.970038 -0.063292 0.234564
0.328884 -14.611394 -3.511116 -373.543671 -0.296314 0.955014 -0.012064 -0.788178 -0.237377 0.567827 -0.539419 -0.177764 -0.823060
-0.067099 -13.976676 -16.581522 -310.725438 -0.306325 0.951767 -0.017449 -0.809128 -0.250673 0.531483 -0.501474 -0.176925 -0.846889
0.178438 -12.038354 0.554473 -107.649462 -0.294422 0.955622 -0.010079 -0.834266 -0.251859 0.490477 -0.466172 -0.152816 -0.871396
0.440197 -13.026320 -9.056114 -200.823888 -0.270020 0.962716 -0.016375 -0.827181 -0.223234 0.515692 -0.492809 -0.152792 -0.856618
-0.093065 -10.517823 3.981991 57.423990 -0.277718 0.960576 -0.012862 -0.875452 -0.247549 0.415094 -0.395546 -0.126539 -0.909688
0.079282 -11.422105 -16.572712 35.262531 -0.240238 0.970043 -0.036078 -0.877001 -0.200964 0.436443 -0.416118 -0.136491 -0.899008
2.914994 -12.920205 85.065518 171.333989 0.447418 0.886028 -0.121535 -0.421604 0.328813 0.845063 -0.788712 0.326857 -0.520670
3.901119 -13.142910 40.884732 406.051287 0.357713 0.908602 -0.215602 -0.339163 0.341522 0.876545 -0.870063 0.240427 -0.430331
2.933107 -15.889283 46.320453 249.083054 0.390592 0.912481 -0.121721 -0.560797 0.340712 0.754601 -0.730031 0.226480 -0.644796
1.459574 -13.782288 64.023291 118.401400 0.442082 0.895767 -0.046533 -0.494233 0.286552 0.820745 -0.748530 0.339838 -0.569397
-0.284092 -6.774660 23.829895 -202.309340 -0.355060 0.928359 -0.109914 0.888574 0.371677 0.268873 -0.290463 0.002201 0.956884
0.427845 -8.051647 3.662183 -16.206657 -0.382370 0.918362 -0.102001 0.887019 0.395740 0.237879 -0.258825 -0.000481 0.965924
-0.190563 -7.717914 -7.673659 313.711321 -0.243737 0.966402 -0.081607 0.930973 0.256722 0.259583 -0.271812 0.012704 0.962266
-0.745725 -7.149048 11.859899 -141.666560 -0.290891 0.951229 -0.102690 0.912535 0.308097 0.268989 -0.287509 0.015462 0.957653
-0.860769 -17.361135 -29.899201 -123.658090 -0.038035 0.975097 -0.218494 0.234666 -0.203821 -0.950468 0.971332 0.087424 0.221070
-1.259979 -17.985088 -34.907181 -92.006226 -0.008591 0.962674 -0.270526 0.001348 -0.270525 -0.962712 0.999962 0.008635 -0.001026
-1.668321 -18.735786 2.919120 -184.813922 -0.042162 0.980273 -0.193099 0.027089 -0.192078 -0.981006 0.998744 0.046592 0.018456
-1.019417 -16.742423 -6.139852 -177.779168 -0.069113 0.985506 -0.154922 0.269781 -0.131044 -0.953963 0.960438 0.107726 0.256814
-0.537619 -11.145875 -3.356281 277.975331 -0.447281 0.889693 -0.091574 0.878256 0.456264 0.143138 -0.169131 0.016403 0.985457
-0.735427 -11.936001 20.138950 212.814515 -0.422701 0.902723 -0.080089 0.892520 0.429995 0.136064 -0.157266 0.013966 0.987458
-0.538605 -10.812552 17.094869 -107.580449 -0.369440 0.925643 -0.081843 0.922138 0.376066 0.090758 -0.114788 0.041941 0.992504
-0.563821 -9.728487 1.405253 -42.756136 -0.381628 0.920166 -0.087485 0.914447 0.389653 0.109349 -0.134708 0.038270 0.990146
-0.734869 -10.899507 -25.263094 353.373522 -0.447510 0.888796 -0.098876 0.876586 0.457851 0.148221 -0.177009 0.020343 0.983999
6.639940 -86.070667 385.709773 -4942.254340 -0.372704 0.918067 -0.135074 -0.319459 -0.263605 -0.910197 0.871227 0.296084 -0.391532
14.806742 -95.414582 1003.097453 -5656.152819 -0.363786 0.910647 -0.195915 -0.332639 -0.323462 -0.885846 0.870064 0.257089 -0.420588
4.391532 -79.898383 118.959406 -3894.319800 -0.355993 0.933821 -0.035327 -0.081524 -0.068694 -0.994301 0.930926 0.351085 -0.100583
10.633412 -88.261782 709.339179 -3598.112696 -0.340318 0.925839 -0.164334 -0.590807 -0.346496 -0.728621 0.731526 0.150873 -0.664911
5.297949 -88.978720 -143.704397 -4654.753988 -0.326666 0.940657 -0.091944 -0.338923 -0.207397 -0.917670 0.882281 0.268610 -0.386560
-5.032964 -41.576873 17.916289 -760.319297 -0.081258 0.992699 -0.089141 -0.514865 0.034771 0.856566 -0.853411 -0.115499 -0.508281
-4.590748 -47.820626 65.309180 73.133908 -0.096704 0.992674 -0.072437 -0.240015 0.047372 0.969613 -0.965941 -0.111151 -0.233675
-2.155395 -42.349719 283.585377 -420.311265 -0.071896 0.996872 0.032807 -0.254978 -0.050169 0.965644 -0.964270 -0.061061 -0.257788
-3.425257 -419.364593 219.406158 14295.481089 -0.276167 0.919562 0.279529 -0.605739 0.059276 -0.793452 0.746198 0.388447 -0.540645
-49.285709 -951.846762 1234.903092 -59219.351367 -0.244992 0.945978 0.212376 -0.093524 0.194971 -0.976340 0.965004 0.259058 -0.040705
-16.644240 -347.484830 649.416612 -10741.414161 -0.399360 0.908707 0.121509 -0.757978 -0.252709 -0.601338 0.515734 0.332251 -0.789701
16.604480 -223.218731 -2177.375275 -13708.877154 0.782775 -0.484394 -0.390673 -0.583091 -0.351583 -0.732389 -0.217411 -0.801094 0.557656
-2.889756 -224.066602 -1487.324897 -2391.350642 0.813859 -0.473460 -0.336851 -0.123301 0.425794 -0.896380 -0.567829 -0.771061 -0.288159
-29.283431 -280.902701 -1713.351137 4932.531149 0.865648 -0.372492 -0.334518 -0.428401 -0.205335 -0.879949 -0.259086 -0.905034 0.337324
-225.939744 -443.040123 -27864.057112 -23397.758588 0.899514 0.338061 -0.276750 -0.151445 -0.352901 -0.923323 0.409804 -0.872454 0.266242
-274.964690 -515.787025 -31398.721291 21647.203991 0.634054 -0.171578 -0.754014 0.522985 0.813400 0.254690 0.569616 -0.555825 0.605472
-345.909433 -598.079368 -37376.921458 22066.930959 0.884604 -0.042442 -0.464408 -0.379629 -0.643914 -0.664271 0.270846 -0.763920 0.585721
-225.472456 -754.048276 -16845.509745 -79355.255092 0.964208 0.201688 -0.172118 -0.235708 0.354725 -0.904772 0.121427 -0.912958 -0.389568
2.913782 -159.806973 -267.352010 1498.408412 0.941791 -0.174354 -0.287455 -0.270326 -0.901060 -0.339138 0.199884 -0.397104 0.895742
0.050737 -194.650747 -522.612104 7371.862141 0.934562 -0.110690 -0.338143 -0.271986 -0.834963 -0.478393 0.229384 -0.539058 0.810432
-0.017243 -101.587608 -168.109724 4870.409675 0.940880 -0.086630 -0.327476 -0.311891 -0.598758 -0.737708 0.132171 -0.796231 0.590379
-1.927647 -22.460475 -8.668649 930.649837 0.952316 -0.016429 -0.304672 -0.304331 -0.122650 -0.944637 0.021849 -0.992314 0.121801
0.849461 -300.719727 35.239557 15557.548001 0.931621 -0.049610 -0.360029 -0.361296 -0.019219 -0.932253 -0.039330 -0.998584 0.035829
2.015898 -32.450359 -51.348901 955.732611 0.858015 -0.504882 -0.094365 0.040616 -0.116454 0.992365 0.512017 0.855297 0.079413
2.013787 -26.214765 -87.591957 770.388338 0.851345 -0.524234 -0.019740 -0.162638 -0.299521 0.940125 0.498758 0.797161 0.340256
0.440835 -21.338987 -45.095462 646.730933 0.859611 -0.510938 0.003260 -0.188543 -0.311265 0.931432 0.474890 0.801284 0.363901
0.808723 -3.208192 -38.826060 -89.457048 0.777254 -0.095200 -0.621944 -0.603361 0.167526 -0.779673 -0.178416 -0.981260 -0.072770
1.585880 -6.681352 -92.346921 -340.741604 0.917176 -0.164116 -0.363116 -0.337641 0.163884 -0.926898 -0.211628 -0.972732 -0.094898
0.246702 -6.319705 -86.306125 -303.353081 0.878120 -0.153718 -0.453074 -0.435114 0.137200 -0.889861 -0.198949 -0.978543 -0.053593
-9.077260 -12.136748 125.398065 215.977907 0.335131 0.909817 0.244788 -0.603757 0.406839 -0.685536 0.723301 -0.081952 -0.685653
-6.180434 -10.492855 23.436930 93.321478 -0.012652 0.997851 -0.064294 -0.690744 -0.055214 -0.720989 0.722989 -0.035289 -0.689958
6.198245 -7.157435 -58.364399 24.288568 0.002938 0.975959 -0.217935 -0.710194 0.155464 0.686626 -0.704000 -0.152759 -0.693577
6.526806 -7.254571 -10.605581 48.809375 0.080177 0.980156 -0.181290 -0.728439 0.181763 0.660559 -0.680403 -0.079097 -0.728557
5.838131 -8.020530 5.998637 41.302236 0.195115 0.970673 -0.140440 -0.736039 0.239555 0.633135 -0.648210 0.020164 -0.761194
1.094323 -57.397049 -202.588102 3889.993789 -0.305038 0.840677 -0.447453 0.896444 0.412065 0.163066 0.321465 -0.351375 -0.879315
3.487999 -12.236046 38.631647 1204.826666 -0.682373 0.663459 -0.306902 0.705065 0.708192 -0.036691 0.193003 -0.241423 -0.951034
3.861121 -3.928353 -223.679612 207.597770 0.903799 -0.393816 0.167500 0.421537 0.886762 -0.189631 0.073852 -0.241996 -0.967463
1.807063 -4.003200 -391.011135 108.321048 0.782519 -0.613075 0.108639 0.622250 0.763985 -0.170680 -0.021640 -0.201161 -0.979319
13.258208 -4.700853 -34.099363 -92.153047 0.264914 0.845448 0.463722 -0.743012 0.485497 -0.460680 0.614617 0.222510 -0.756793
12.150907 -6.601912 -57.326549 -98.159521 0.420139 0.805595 0.417733 -0.751328 0.566963 -0.337727 0.508910 0.171962 -0.843469
9.821116 -6.435581 121.682029 -26.889393 0.446264 0.746248 0.493926 -0.780148 0.594816 -0.193812 0.438427 0.298844 -0.847629
8.724335 -8.012907 150.463690 36.428406 0.607673 0.618815 0.497796 0.748441 -0.655873 -0.098320 0.265649 0.432317 -0.861703
7.694652 -9.480730 202.938684 181.725244 0.651341 0.539681 0.533386 0.720480 -0.660399 -0.211617 0.238041 0.522129 -0.818974
8.196497 -6.323826 169.088500 -16.437779 0.502939 0.673552 0.541646 0.786509 -0.616509 0.036342 0.358408 0.407731 -0.839821
9.231322 -10.063648 130.420073 140.567975 0.678132 0.589689 0.438638 0.717482 -0.660497 -0.221276 0.159235 0.464770 -0.870996
9.690409 -7.837659 70.699343 -40.070972 0.563600 0.692471 0.450377 0.769199 -0.638712 0.019470 0.301144 0.335456 -0.892626
9.472509 -9.100487 0.496936 -15.527864 0.645552 0.655678 0.391598 0.741663 -0.660557 -0.116622 0.182206 0.365719 -0.912716
-0.439843 -6.320694 127.179564 99.728961 0.045272 0.997821 0.047990 -0.769257 0.065469 -0.635577 0.637334 0.008143 -0.770545
-3.689028 -18.037290 48.778173 -302.789416 0.118771 0.986123 0.115997 0.257065 0.082301 -0.962883 0.959068 -0.144182 0.243723
-3.193709 -13.231448 12.216157 -393.882695 0.156411 0.977718 0.140009 0.557674 0.029575 -0.829533 0.815191 -0.207827 0.540622
-3.911858 -17.226648 28.398152 -400.625354 0.226349 0.972626 0.052573 0.373651 -0.036858 -0.926837 0.899528 -0.229433 0.371766
-2.704563 -13.443067 5.524635 -277.433198 0.090388 0.980809 0.172753 0.465998 0.111650 -0.877713 0.880157 -0.159837 0.446964
-4.444564 -22.014159 24.721880 -331.260561 0.233245 0.970787 0.056304 0.067997 0.041476 -0.996823 0.970038 -0.236332 0.056336
-2.799667 -17.261824 21.402413 -125.560001 0.072516 0.984934 0.156993 0.149485 0.144896 -0.978090 0.986101 -0.094395 0.136726
-3.151473 -21.466473 52.124661 -197.535431 0.046843 0.993919 0.099649 -0.079116 0.103137 -0.991516 0.995764 -0.038562 -0.083466
-4.365915 -23.459834 85.748813 -302.526181 0.091559 0.992976 0.074934 -0.038813 0.078751 -0.996138 0.995043 -0.088297 -0.045751
-0.448281 -15.882475 -5.078352 -117.288077 0.010515 0.979114 -0.203040 -0.849180 0.115960 0.515215 -0.527999 -0.167000 -0.832663
-0.423799 -14.713426 -6.343887 -63.638608 0.028096 0.976931 -0.211700 -0.939887 0.097922 0.327144 -0.340327 -0.189783 -0.920956
-0.303888 -16.451306 -5.904363 -137.219725 -0.000243 0.977256 -0.212064 -0.850550 0.111322 0.513977 -0.525895 -0.180496 -0.831178
-0.598113 -14.250818 -8.624221 -76.894986 0.039329 0.978115 -0.204313 -0.942443 0.104257 0.317698 -0.332046 -0.180059 -0.925918
-0.306304 -17.272500 -2.881490 -91.951337 -0.010090 0.980176 -0.197874 -0.716667 0.130912 0.685018 -0.697342 -0.148722 -0.701139
-0.648847 -15.215271 -7.869788 -91.010258 0.021476 0.980698 -0.194346 -0.848100 0.120805 0.515880 -0.529400 -0.153746 -0.834325
-0.460777 -16.661274 -4.062915 -50.112748 -0.001882 0.981321 -0.192368 -0.710605 0.134036 0.690706 -0.703588 -0.137998 -0.697080
1.195425 -4.836840 -51.685371 -27.103510 0.373832 0.908914 -0.184731 0.918481 -0.335079 0.210033 0.129002 -0.248189 -0.960084
-0.129118 -5.044889 -102.568683 -32.964734 0.326583 0.920862 -0.212973 0.941485 -0.297070 0.159234 0.083364 -0.252513 -0.963996
0.261915 -5.147436 -145.493890 -38.572185 0.375448 0.901552 -0.215041 0.917375 -0.328393 0.224902 0.132143 -0.281712 -0.950356
2.712465 -71.714507 -126.909299 -6400.958521 -0.934607 -0.280952 0.218117 -0.239155 0.950305 0.199314 -0.263275 0.134116 -0.955353
-0.208326 -49.401524 -51.483250 -5253.506046 -0.955079 -0.128761 0.266919 -0.077902 0.978086 0.193080 -0.285930 0.163613 -0.944179
69.077805 -972.791120 2038.229245 -85884.305328 -0.925836 -0.296731 0.234049 -0.229099 0.933198 0.276867 -0.300569 0.202713 -0.931969
-3.363678 -9.663857 -139.476407 -453.331823 -0.958591 -0.044440 0.281296 -0.013288 0.993653 0.111698 -0.284475 0.103335 -0.953098
3.171776 -65.976092 -105.532703 -7957.283428 -0.891808 -0.399886 0.211588 -0.348949 0.905658 0.240867 -0.287946 0.140974 -0.947214
2.521968 -9.064578 -207.375547 -692.692441 -0.850159 -0.491917 0.187745 -0.447542 0.862968 0.234505 -0.277375 0.115343 -0.953813
1.130825 -8.381392 -167.909809 -496.257113 -0.883214 -0.423355 0.201750 -0.388454 0.901446 0.191046 -0.262747 0.090364 -0.960624
-1.797835 -7.476628 -158.544006 -532.799407 -0.951967 -0.199597 0.232205 -0.176264 0.977312 0.117443 -0.250378 0.070872 -0.965551
-0.606279 -6.059528 15.807885 28.217769 -0.071889 0.993424 0.089105 -0.909163 -0.102006 0.403754 -0.410189 0.051985 -0.910518
2.308391 -14.630835 10.397207 -96.738268 -0.045192 0.998971 -0.003800 -0.996711 -0.045345 -0.067159 0.067262 -0.000752 -0.997735
2.064691 -15.838841 11.937395 -121.912264 -0.043924 0.999034 0.001515 -0.989729 -0.043722 0.136107 -0.136041 -0.004478 -0.990693
-0.291764 -19.634280 51.162091 199.651399 -0.306245 0.847846 0.432864 0.489834 0.530242 -0.692030 0.816258 -0.000101 0.577688
1.343568 -27.916740 39.330335 -154.918235 -0.349531 0.879483 0.323014 -0.670181 0.006234 -0.742171 0.654741 0.475890 -0.587234
1.196663 -28.680199 22.404363 51.417362 -0.375185 0.878194 0.296668 0.819235 0.164405 0.549386 0.433693 0.449162 -0.781130
1.300892 -27.177992 -21.262304 -120.165003 -0.350508 0.897149 0.268827 -0.839062 -0.173287 -0.515700 0.416076 0.406319 -0.813502
-1.225108 -28.413435 18.309967 711.610751 -0.269657 0.902099 0.336900 -0.869499 -0.378451 0.317406 -0.413832 0.207344 -0.886426
-1.611830 -6.281840 -19.965165 -12.789381 0.056534 0.607152 0.792572 0.267326 0.755650 -0.597937 -0.961946 0.245679 -0.119588
-1.808655 -6.015713 13.018833 -47.260979 0.073379 0.568782 0.819208 0.243711 0.786292 -0.567758 -0.967068 0.241311 -0.080921
-1.996284 -6.156225 -12.166907 23.798825 0.074038 0.604861 0.792882 0.330920 0.735114 -0.591692 -0.940750 0.306189 -0.145734
-2.226285 -5.930234 11.311304 -29.813609 0.085371 0.552682 0.829008 0.303792 0.777987 -0.549952 -0.948906 0.298796 -0.101483
-1.797482 -5.312729 35.350941 -74.938425 0.066090 0.443285 0.893941 0.233112 0.864248 -0.445795 -0.970201 0.237851 -0.046217
0.735199 -24.621896 -23.921905 -777.288088 -0.405391 0.865992 0.292773 0.905871 0.423552 0.001499 -0.122706 0.265822 -0.956181
0.679012 -24.187989 -20.369566 -598.634081 -0.413503 0.865951 0.281325 0.898903 0.437422 -0.025191 -0.144872 0.242468 -0.959282
-4.818317 -31.434327 -236.599034 1026.429298 0.935956 -0.350055 -0.038060 -0.352116 -0.930135 -0.104227 -0.001084 -0.110954 0.993825
-4.307837 -23.806780 -273.978369 1149.475011 0.959887 -0.275980 -0.049522 -0.273837 -0.884766 -0.377099 -0.060257 -0.375533 0.924848
-7.749860 -37.265220 -110.566671 1414.013771 0.910973 -0.388887 -0.137458 -0.404068 -0.908315 -0.108132 0.082804 -0.154047 0.984588
-0.831100 -25.227894 -388.363316 960.217890 0.957601 -0.284995 0.042169 -0.273857 -0.945914 -0.173924 -0.089456 -0.155002 0.983856
-4.918499 -41.997288 -260.485959 1523.403316 0.889745 -0.456292 -0.012287 -0.447939 -0.878001 0.168713 0.087771 0.144608 0.985589
-1.520238 -34.383450 -454.598416 1135.015926 0.912261 -0.402409 0.076464 -0.408096 -0.908946 0.085291 -0.035180 0.109012 0.993418
-1.771592 -47.278440 -12.565705 -1260.456561 -0.509829 0.843751 0.167806 0.800246 0.393556 0.452460 0.315723 0.364963 -0.875854
0.371042 -35.209848 -56.789264 443.674331 -0.549470 0.828075 0.111239 -0.725799 -0.407116 -0.554501 0.413882 0.385419 -0.824715
-0.863978 -30.072062 -20.131041 -552.214920 -0.519514 0.839662 0.158345 0.832946 0.456335 0.312985 0.190543 0.294493 -0.936465
-2.027921 -34.965989 -38.768820 -887.470043 -0.417804 0.876271 0.239978 0.902636 0.370290 0.219395 0.103388 0.308276 -0.945662
-1.831165 -46.171363 -99.931035 -1382.776657 -0.423397 0.881727 0.208066 0.826060 0.281445 0.488276 0.371967 0.378610 -0.847523
2.440987 -66.721243 -316.119189 1729.581396 -0.417248 0.890604 0.180910 -0.620457 -0.133712 -0.772758 0.664032 0.434678 -0.608373
-2.109826 -36.018057 -10.932176 -1248.051139 -0.457288 0.859464 0.228494 0.886412 0.461249 0.039032 -0.071846 0.220388 -0.972763
-499.188875 -2551.848758 24284.108716 110693.460285 0.151662 0.985538 0.075588 0.741004 -0.062754 -0.668562 0.654150 -0.157406 0.739805
0.274314 -4.474540 36.914822 -61.276307 -0.032886 0.786766 0.616375 -0.333280 0.572778 -0.748899 0.942254 0.230054 -0.243377
0.400575 -4.565168 24.713164 -45.967767 -0.028273 0.790202 0.612195 -0.368794 0.560987 -0.741137 0.929081 0.246728 -0.275561
0.888107 -3.310437 37.173082 -99.713751 0.021262 0.692139 0.721451 -0.304362 0.691843 -0.654765 0.952319 0.205660 -0.225371
0.359555 -4.531469 10.680997 -28.302586 -0.017922 0.789497 0.613492 -0.405847 0.555024 -0.726111 0.913765 0.261998 -0.310468
0.726442 -3.594298 16.191504 -88.212703 0.028114 0.711833 0.701786 -0.340007 0.667012 -0.662941 0.940003 0.219974 -0.260780
-1.777893 -7.423028 -50.213195 -114.072946 -0.043251 0.438479 0.897700 0.624186 0.713448 -0.318409 -0.780078 0.546560 -0.304549
-1.670282 -9.042338 -22.148183 -101.118941 -0.039455 0.446607 0.893860 0.735838 0.618185 -0.276388 -0.676007 0.646831 -0.353021
-0.561809 -6.173984 27.590752 0.469500 -0.148369 0.988170 -0.038803 -0.245121 0.001265 0.969492 -0.958072 -0.153354 -0.242034
-0.559183 -6.166421 17.328973 -43.097706 -0.156277 0.987568 0.016937 -0.165795 -0.043133 0.985217 -0.973699 -0.151158 -0.170474
