13654
27291
-5.856003 -8.179968 53.437887 124.520288 -0.428331 0.903365 0.021570 -0.799978 -0.367994 -0.473936 0.420199 0.220256 -0.880295
-7.202667 -10.136609 65.862340 109.135789 -0.433710 0.898057 0.073408 -0.722501 -0.297930 -0.623883 0.538412 0.323622 -0.778063
-7.157771 -11.036134 -34.633765 314.035079 0.083298 0.942065 0.324924 -0.869555 0.227977 -0.438064 0.486760 0.246049 -0.838167
-5.397957 -8.435121 -2.748391 101.183058 -0.669042 0.737889 -0.088897 -0.599243 -0.606314 -0.522772 0.439647 0.296486 -0.847825
-4.353717 -10.760756 -150.715064 331.075956 0.105990 0.980128 0.167674 -0.907623 0.164240 -0.386324 0.406186 0.111238 -0.906995
-4.694786 -6.635191 -24.185611 92.768146 -0.341020 0.940056 0.000802 -0.877898 -0.318166 -0.357864 0.336157 0.122743 -0.933774
-4.698068 -7.162988 -0.747645 -84.229504 -0.774713 0.612127 -0.158495 0.515562 0.756624 0.402139 0.366081 0.229828 -0.901756
-6.277371 -10.675038 -60.372588 -36.669066 0.952492 -0.299055 -0.057670 0.136365 0.249439 0.958741 0.272332 0.921057 -0.278369
-5.731254 -10.057521 -66.305019 -53.211910 0.966547 -0.255403 0.023600 0.101881 0.466735 0.878509 0.235388 0.846716 -0.477142
-5.355901 -10.023736 -58.085858 -47.123728 0.983673 -0.179666 -0.010359 0.084155 0.408343 0.908941 0.159075 0.894973 -0.416796
-5.431737 -10.242958 -60.318144 -28.755575 0.982951 -0.175170 -0.055878 0.097294 0.237663 0.966463 0.156016 0.955422 -0.250654
-5.607745 -10.402331 -63.181324 0.971007 0.974025 -0.204710 -0.096794 0.112514 0.066575 0.991417 0.196509 0.976556 -0.087878
-6.498314 -10.798604 -48.956619 10.957807 0.938750 -0.308385 -0.153776 0.155060 -0.020497 0.987692 0.307741 0.951041 -0.028577
-7.335018 -10.975724 -41.911712 -0.035986 0.890063 -0.433727 -0.140246 0.183967 0.060290 0.981082 0.417066 0.899025 -0.133453
14.509108 -9.897201 241.043126 181.860112 0.556861 0.697490 0.451014 -0.476802 -0.176186 0.861172 -0.680122 0.694597 -0.234454
15.357346 -12.227795 372.108709 -220.964294 0.610334 0.560975 0.559285 0.620463 0.100386 -0.777785 -0.492462 0.821724 -0.286795
10.477077 -8.408681 389.078801 190.477332 0.673031 0.485984 0.557538 -0.510770 -0.239798 0.825597 -0.534924 0.840426 -0.086835
10.937562 -6.591404 314.175639 116.962083 0.661208 0.613517 0.431741 -0.377383 -0.225368 0.898215 -0.648371 0.756839 -0.082516
0.202999 -6.514793 -175.537687 -24.806110 0.321939 0.871566 -0.369769 -0.190323 -0.323012 -0.927060 0.927433 -0.368832 -0.061889
-1.629232 -6.897024 -186.253587 -29.612208 0.302840 0.861046 -0.408519 -0.254844 -0.339876 -0.905284 0.918337 -0.378265 -0.116504
-2.690447 -6.343042 -136.647854 -37.540561 0.254841 0.855321 -0.451089 -0.153934 -0.424659 -0.892171 0.954652 -0.296800 -0.023443
-0.306799 -5.740281 -162.715583 -23.843682 0.303376 0.852490 -0.425703 -0.107774 -0.413193 -0.904243 0.946756 -0.320205 0.033477
1.943452 -5.959606 -174.180104 -7.619602 0.311305 0.877347 -0.365173 -0.148347 -0.334691 -0.930578 0.938660 -0.343866 -0.025960
2.495751 -6.221762 -127.175574 -34.920530 0.290390 0.899870 -0.325433 -0.228842 -0.264913 -0.936724 0.929142 -0.346488 -0.129000
7.228645 -11.542573 398.001564 258.413814 0.315622 0.215804 0.924019 0.728182 -0.679443 -0.090045 0.608386 0.701274 -0.371592
12.026663 -9.159929 -492.425342 -167.435836 -0.326156 -0.285995 -0.901015 -0.682481 0.730747 0.015100 0.654096 0.619851 -0.433524
5.597505 -8.778456 -215.189231 -219.059448 -0.279540 -0.249611 -0.927120 -0.675136 0.737677 0.004956 0.682678 0.627317 -0.374731
-0.517282 -6.194165 -4.579980 6.891197 -0.631029 0.772608 -0.069846 0.775750 0.628016 -0.061714 -0.003816 -0.093126 -0.995647
-0.518756 -6.597536 -7.087493 1.352790 -0.626358 0.776309 -0.070844 -0.775508 -0.629770 -0.044469 0.079137 -0.027087 -0.996496
-0.702262 -6.606510 -2.000878 9.474383 -0.623524 0.777826 -0.078774 -0.779155 -0.626537 -0.019230 0.064313 -0.049387 -0.996707
-0.571253 -6.196188 -0.919402 -14.375061 -0.629875 0.773047 -0.075199 0.774584 0.618074 -0.134183 -0.057251 -0.142766 -0.988099
-0.495378 -6.281822 -0.548375 -24.968558 -0.622716 0.779485 -0.068038 0.772466 0.598598 -0.212077 -0.124584 -0.184620 -0.974882
0.177186 -6.040116 -6.857373 13.812670 -0.532073 0.837635 -0.123555 0.822502 0.476699 -0.310240 -0.200969 -0.266695 -0.942595
0.220755 -6.230678 -0.282584 10.214616 -0.556887 0.823237 -0.110258 0.772150 0.464213 -0.433924 -0.306039 -0.326783 -0.894177
0.216090 -5.960327 4.715105 14.204178 -0.536335 0.836039 -0.115686 0.803721 0.464074 -0.372381 -0.257638 -0.292700 -0.920842
0.052637 -5.876734 -6.715292 9.272807 -0.535443 0.835931 -0.120496 0.827311 0.490438 -0.273910 -0.169874 -0.246351 -0.954177
0.094507 -5.793107 -12.784265 -0.273463 -0.523815 0.842075 -0.128559 0.845963 0.496562 -0.194351 -0.099821 -0.210561 -0.972471
0.156739 -6.017030 -0.518678 14.359371 -0.523087 0.844243 -0.116769 0.838080 0.484615 -0.250541 -0.154929 -0.228916 -0.961038
11.454868 -15.354451 388.738052 188.947438 0.520892 0.851520 -0.059872 0.274003 -0.100361 0.956478 -0.808452 0.514627 0.285597
14.213110 -14.032505 290.937251 99.287870 0.358182 0.933625 0.007082 0.316370 -0.128504 0.939892 -0.878416 0.334412 0.341399
13.773577 -15.787706 349.092715 148.102518 0.388716 0.921338 -0.005997 0.134008 -0.050096 0.989713 -0.911560 0.385521 0.142940
9.401471 -16.153118 330.107656 -21.042219 0.499276 0.866317 -0.014794 -0.113844 0.082518 0.990066 -0.858931 0.492632 -0.139825
8.444867 -16.180786 322.027498 56.956366 0.553841 0.830373 -0.061163 0.099128 0.007177 0.995049 -0.826700 0.557162 0.078338
0.543407 -28.812224 13.530355 -51.353387 0.271964 0.951597 -0.143170 0.649287 -0.071648 0.757161 -0.710255 0.298879 0.637346
0.758047 -25.008948 -10.304419 -86.307260 0.216827 0.966847 -0.134881 0.540454 -0.003828 0.841365 -0.812955 0.255328 0.523366
0.334223 -27.213049 -16.092939 -19.684900 0.211958 0.959207 -0.187070 0.386738 0.093466 0.917441 -0.897501 0.266806 0.351151
0.298477 -30.906433 22.355841 27.648654 0.249204 0.948914 -0.193546 0.454232 0.061979 0.888725 -0.855319 0.309388 0.415582
0.239131 -25.458747 -34.050624 -11.545407 0.177047 0.949691 -0.258343 0.075315 0.248647 0.965662 -0.981316 0.190424 0.027504
0.114125 -28.912749 13.740814 69.284711 0.216949 0.942642 -0.253690 0.143067 0.226371 0.963477 -0.965642 0.245320 0.085750
1.966029 -4.748502 53.383017 6.075502 0.294257 0.953553 -0.064420 -0.730171 0.180809 -0.658907 0.616655 -0.240925 -0.749461
1.386200 -4.598327 25.084454 8.987618 0.328971 0.942608 -0.057172 -0.775667 0.235185 -0.585686 0.538626 -0.237020 -0.808519
1.864927 -4.691623 22.833941 -2.134535 0.373887 0.926507 -0.042357 -0.730425 0.266000 -0.629065 0.571566 -0.266138 -0.776198
2.425894 -4.893870 32.348510 -3.041992 0.381596 0.923394 -0.041567 -0.692806 0.255956 -0.674171 0.611886 -0.286058 -0.737405
3.131122 -5.171591 -56.702856 71.473929 -0.296096 0.647984 -0.701744 0.090791 0.750456 0.654655 0.950833 0.130128 -0.281038
2.914481 -4.305214 79.413154 79.361083 -0.404757 0.667860 -0.624608 0.121337 0.716248 0.687216 0.906338 0.202367 -0.370943
3.564413 -6.564569 -37.598994 109.787281 -0.317297 0.695969 -0.644166 0.207767 0.713781 0.668842 0.925287 0.078385 -0.371080
2.062544 -6.545945 -144.033022 83.372310 -0.232157 0.671906 -0.703311 0.186510 0.740400 0.645773 0.954629 0.018746 -0.297206
3.445909 -8.168619 -148.771175 145.912396 -0.263071 0.650610 -0.712391 0.283531 0.757930 0.587497 0.922173 -0.047431 -0.383858
-0.397003 -9.801043 -4.857507 20.327465 0.376361 0.919226 -0.115658 0.468014 -0.296371 -0.832543 0.799572 -0.259207 0.541753
-0.228807 -12.106920 -9.251620 261.074472 0.359572 0.930518 -0.069597 0.534732 -0.266606 -0.801862 0.764702 -0.251111 0.593442
-0.266793 -11.092125 -12.784457 -88.365832 0.394493 0.908301 -0.139156 0.443898 -0.320968 -0.836621 0.804568 -0.268271 0.529812
-0.352275 -11.788375 -12.526074 -277.859213 0.414054 0.891209 -0.185218 0.366591 -0.349514 -0.862236 0.833169 -0.289113 0.471427
-0.521553 -9.578781 -8.576119 -97.040606 0.390901 0.906857 -0.157499 0.425545 -0.329788 -0.842705 0.816154 -0.262391 0.514823
11.434201 -34.455368 -436.409289 -688.669220 0.428594 0.868053 0.250582 -0.242036 0.377521 -0.893810 0.870475 -0.322431 -0.371903
6.669787 -30.227913 -166.744298 -340.057272 0.348693 0.902590 0.252477 -0.587509 0.420386 -0.691454 0.730237 -0.092773 -0.676865
6.679061 -27.018305 -402.016387 -131.846776 0.548068 0.799164 0.246896 -0.406027 0.512259 -0.756791 0.731275 -0.314527 -0.605236
10.337891 -26.901787 -684.596665 -89.682389 0.663765 0.701325 0.259922 -0.113032 0.437584 -0.892045 0.739351 -0.562729 -0.369725
1.955105 -23.955751 -173.154781 0.849367 0.548738 0.788869 0.276719 -0.538743 0.586797 -0.604504 0.639252 -0.182634 -0.746995
1.915405 -25.343465 -288.669773 17.727599 0.623522 0.727275 0.286865 -0.273528 0.546670 -0.791413 0.732395 -0.414998 -0.539791
-1.424790 -16.065413 -86.843732 -819.853038 0.809396 -0.271180 0.520903 -0.112903 0.798599 0.591180 -0.576308 -0.537310 0.615766
-3.929558 -24.740047 -236.361750 1267.772967 0.823055 -0.372360 0.428868 0.032527 -0.722959 -0.690125 -0.567029 -0.581961 0.582923
-2.904912 -96.160692 -114.178370 -5163.494656 0.758502 -0.517325 0.396295 0.183097 0.752804 0.632268 -0.625420 -0.407016 0.665724
1.825360 -15.898425 31.758539 -208.488013 0.422768 0.887340 0.184106 -0.805525 0.461027 -0.372269 0.415207 -0.009082 -0.909682
1.396903 -16.906173 0.430875 -126.511000 0.441016 0.885579 0.145789 -0.883590 0.456902 -0.102515 0.157397 0.083607 -0.983990
1.826194 -16.128095 -15.890545 -168.172682 0.469000 0.875580 0.115751 -0.801543 0.477007 -0.360546 0.370900 -0.076317 -0.925532
0.609808 -4.409007 28.104802 -9.918428 0.166401 0.955630 -0.243066 -0.088968 0.260048 0.961488 -0.982036 0.138368 -0.128292
0.233817 -3.765619 47.754394 36.274944 0.170063 0.954399 -0.245360 0.006743 0.247854 0.968774 -0.985410 0.166407 -0.035715
0.695456 -4.254618 40.198272 0.094307 0.158610 0.946029 -0.282615 -0.025851 0.290119 0.956641 -0.987003 0.144427 -0.070471
-1.411655 -16.941520 -45.096112 -101.120226 -0.362812 -0.888388 0.281307 0.927180 -0.374371 0.013528 0.093295 0.265731 0.959522
-1.780630 -15.832365 -35.052141 -92.970708 -0.351723 -0.897445 0.266239 0.925428 -0.290519 0.243275 -0.140978 0.331950 0.932703
-1.915025 -16.932671 -27.665518 -95.829073 -0.347742 -0.907329 0.236282 0.936453 -0.348519 0.039881 0.046164 0.235136 0.970866
-1.478799 -17.028308 19.346822 -2.378211 0.363548 0.900630 -0.238113 0.885002 -0.413707 -0.213583 0.290869 0.133083 0.947462
-9.961107 -75.214461 -12.032742 -3000.733576 0.999158 -0.033042 0.024332 0.023754 -0.017759 -0.999560 -0.033460 -0.999296 0.016959
-7.894733 -69.778618 3.580464 -2615.943978 0.989634 -0.120384 -0.078309 -0.072005 0.055855 -0.995839 -0.124257 -0.991155 -0.046608
-10.686509 -138.468171 -102.117365 -6335.856479 0.996398 -0.071753 -0.045197 -0.009904 0.430864 -0.902362 -0.084221 -0.899560 -0.428602
-9.254144 -156.220953 -54.245554 -7191.130720 0.988111 -0.153386 -0.010491 0.087857 0.619333 -0.780197 -0.126169 -0.769999 -0.625446
-0.675709 -41.412464 -104.232925 1718.761543 0.930913 -0.365196 -0.005790 -0.206564 -0.513343 -0.832953 -0.301219 -0.776602 0.553314
-2.061910 -85.431784 -104.719132 3934.265099 0.937881 -0.345432 -0.032481 -0.222818 -0.527910 -0.819550 -0.265952 -0.775878 0.572086
-0.462778 -66.652986 -181.212243 3135.464875 0.923812 -0.382818 -0.004688 -0.305611 -0.730011 -0.611299 -0.230594 -0.566158 0.791386
5.795029 0.692362 1.757445 -34.470799 -0.089418 -0.088479 0.992056 0.111917 0.988846 0.098280 -0.989686 0.119816 -0.078518
4.876117 0.680657 235.042470 -24.344386 0.103020 -0.166219 0.980693 0.125203 0.980264 0.152994 -0.986768 0.107024 0.121798
6.431062 0.900074 326.253014 -32.694070 0.143398 -0.104674 0.984114 0.125699 0.988264 0.086799 -0.981650 0.111256 0.154873
2.577256 -12.655104 110.975400 -290.413512 0.435779 0.872147 -0.222387 0.354822 -0.393540 -0.848073 0.827163 -0.290665 0.480953
3.267365 -19.269176 109.033468 -573.986840 0.463918 0.879018 -0.110033 0.262861 -0.255203 -0.930471 0.845981 -0.402739 0.349453
5.305415 -17.923972 172.363618 -473.504802 0.474585 0.869969 -0.133880 0.387930 -0.343259 -0.855385 0.790114 -0.354017 0.500392
4.604572 -9.650854 185.142600 -128.911685 0.448286 0.864112 -0.228800 0.441249 -0.436517 -0.784062 0.777393 -0.250526 0.576973
20.322395 -6.611824 -1084.003499 -272.194228 0.379332 -0.795373 -0.472745 0.890309 0.452868 -0.047544 0.251907 -0.402854 0.879916
7.869423 -5.150053 -341.117711 -244.562085 -0.026638 -0.930668 -0.364894 0.992308 0.019528 -0.122245 0.120896 -0.365343 0.922989
4.254916 -4.266787 -136.044817 -171.207318 -0.086939 -0.924455 -0.371247 0.975085 -0.002622 -0.221818 0.204087 -0.381282 0.901650
1.736839 -7.271918 -67.619847 -184.123008 -0.009181 -0.909469 -0.415671 0.949411 0.122563 -0.289130 0.313901 -0.397297 0.862335
2.129420 -9.760736 -78.183378 -193.817749 0.091433 -0.883545 -0.459334 0.915539 0.256023 -0.310226 0.391699 -0.392173 0.832329
-1.049218 -3.632094 -47.814681 11.337307 -0.231033 -0.295685 0.926927 0.204961 0.916532 0.343454 -0.951112 0.269333 -0.151145
-1.986541 -3.871735 -58.838150 1.298361 -0.253094 -0.468047 0.846685 0.157832 0.843478 0.513453 -0.954480 0.263586 -0.139606
-2.124524 -3.652979 -53.563690 4.537046 -0.270911 -0.519715 0.810249 0.187686 0.797053 0.574004 -0.944130 0.307577 -0.118387
-1.795674 -4.032680 -73.361630 4.821568 -0.237415 -0.372873 0.896995 0.126212 0.903729 0.409078 -0.963174 0.210333 -0.167498
-1.208324 -3.140092 -39.226072 15.229761 -0.257272 -0.385951 0.885919 0.250765 0.858708 0.446919 -0.933235 0.337138 -0.124139
-0.318599 -3.159254 -22.660351 21.464279 -0.212567 -0.217845 0.952554 0.264345 0.925663 0.270685 -0.940711 0.309342 -0.139179
0.086161 -3.590431 -25.673727 13.220729 -0.198276 -0.157734 0.967371 0.208543 0.957578 0.198882 -0.957704 0.241172 -0.156971
-0.390496 -3.934887 -46.303158 14.344467 -0.211558 -0.213672 0.953723 0.148288 0.957496 0.247411 -0.966051 0.193768 -0.170881
-1.828946 -4.573317 -33.737957 -86.116063 0.437637 0.886823 -0.148388 0.558453 -0.397425 -0.728137 0.704702 -0.235792 0.669177
-1.017363 -4.864307 -125.753131 -56.732641 0.522453 0.837278 -0.161274 0.489851 -0.449540 -0.746967 0.697918 -0.311255 0.645005
-2.005319 -5.816289 -20.377860 -69.615487 0.409657 0.905430 -0.111252 0.506851 -0.327310 -0.797478 0.758474 -0.270304 0.593003
-1.880622 -5.380975 79.159444 -86.263224 0.316778 0.944556 -0.086408 0.572953 -0.263158 -0.776191 0.755895 -0.196372 0.624548
-1.999737 -6.616518 67.030112 -61.964285 0.307239 0.949349 -0.065881 0.478916 -0.214073 -0.851359 0.822341 -0.230019 0.520430
-2.214226 -6.667390 -27.244957 -47.155726 0.378679 0.924654 -0.040229 0.443284 -0.219354 -0.869128 0.812467 -0.311287 0.492948
0.582382 -9.763600 -37.639389 16.948656 -0.050058 0.994653 0.090335 0.669975 -0.033636 0.741621 -0.740694 -0.097646 0.664709
0.409843 -9.827263 -36.939788 35.745527 -0.067910 0.995084 0.072078 0.615111 -0.015120 0.788295 -0.785510 -0.097869 0.611061
0.888727 -10.904710 -46.698300 70.622965 -0.069170 0.995546 0.064065 0.547987 -0.015746 0.836339 -0.833622 -0.092956 0.544457
1.101986 -10.160665 -25.668945 2.078083 -0.021931 0.996439 0.081417 0.644352 -0.048179 0.763210 -0.764415 -0.069199 0.641001
1.245305 -1.546535 20.459663 -58.777036 0.065973 0.989563 0.128111 0.473950 0.081906 -0.876734 0.878077 -0.118559 0.463600
0.800007 -0.607638 26.425638 -60.475232 0.055927 0.989236 0.135218 0.499472 0.089546 -0.861690 0.864523 -0.115729 0.489088
1.113511 -1.808252 41.936648 -74.844281 -0.018833 0.974667 0.222866 0.473270 0.205042 -0.856723 0.880716 -0.089341 0.465142
1.758299 -2.798827 21.554436 -60.985621 0.048815 0.987462 0.150117 0.435460 0.114220 -0.892933 0.898884 -0.108958 0.424424
-1.102223 -17.773876 11.078454 -169.696731 0.243220 0.950959 -0.191104 0.462815 -0.286923 -0.838736 0.852436 -0.115552 0.509903
-0.419662 -18.681821 -22.687556 -147.648029 0.252094 0.950392 -0.182220 0.599602 -0.301206 -0.741453 0.759557 -0.077657 0.645789
-1.482811 -21.931495 -15.066479 -292.385408 0.281248 0.938806 -0.198856 0.353542 -0.294011 -0.888012 0.892137 -0.179448 0.414597
-1.006358 -14.714834 24.744806 -254.764739 0.254864 0.957073 -0.138042 0.957922 -0.230402 0.171172 0.132019 -0.175859 -0.975523
-0.804521 -14.226556 26.103221 -277.921827 0.206410 0.969101 -0.135051 0.968659 -0.182894 0.168075 0.138181 -0.165511 -0.976479
-1.207455 -18.810122 27.679367 389.542189 0.276104 0.952417 -0.129105 -0.906655 0.213516 -0.363851 0.318972 -0.217515 -0.922466
-0.583347 -11.732385 42.171639 -65.808780 0.153426 0.979632 -0.129544 0.988109 -0.153429 0.010012 -0.010067 -0.129540 -0.991523
-1.468457 -19.299940 -9.033001 347.327244 0.325123 0.932916 -0.154799 -0.899693 0.254723 -0.354498 0.291286 -0.254527 -0.922154
-0.923486 -15.363527 -16.810725 -227.968220 0.280407 0.944567 -0.170779 0.956393 -0.259776 0.133525 0.081758 -0.200773 -0.976220
-0.628190 -11.497683 6.787242 -108.142873 0.181032 0.970151 -0.161350 0.983454 -0.179714 0.022852 -0.006826 -0.162817 -0.986633
0.503150 -14.537137 -25.888348 86.843123 0.549444 0.828515 0.108047 -0.270279 0.298606 -0.915305 0.790607 -0.473707 -0.387997
0.307660 -14.773983 -14.227180 301.039057 0.560865 0.813710 0.152664 -0.184028 0.302316 -0.935275 0.807195 -0.496468 -0.319304
0.699585 -20.195311 -31.129774 446.458400 0.561657 0.801614 0.204834 -0.039382 0.273193 -0.961153 0.826433 -0.531771 -0.185010
0.800430 -17.902608 -33.877134 413.545455 0.548933 0.819046 0.166844 -0.189130 0.316136 -0.929671 0.814188 -0.478772 -0.328444
1.529212 -19.098562 -53.155469 -143.702177 0.150450 0.975597 -0.159921 -0.934777 0.193038 0.298210 -0.321804 -0.104625 -0.941008
0.868768 -16.248655 -56.631900 6.712889 0.205724 0.963501 -0.171297 -0.967580 0.226472 0.111804 -0.146517 -0.142743 -0.978855
1.968546 -20.432493 -67.754615 -113.871401 0.237465 0.959333 -0.152615 0.963430 -0.252673 -0.089219 -0.124152 -0.125847 -0.984250
3.338542 -7.031767 -181.065691 18.458602 -0.110272 -0.957113 0.267907 0.971078 -0.161186 -0.176146 0.211774 0.240735 0.947206
1.523749 -7.098759 -156.122876 19.975886 -0.065994 -0.959664 0.273296 0.991221 -0.094498 -0.092470 0.114566 0.264794 0.957475
1.423418 -7.068227 -151.504570 7.010715 -0.049773 -0.960825 0.272649 0.979104 -0.100833 -0.176601 0.197174 0.258161 0.945767
-0.454492 -7.260722 -73.517422 8.380537 0.020770 -0.970634 0.239662 0.994986 -0.003389 -0.099952 0.097829 0.240536 0.965698
2.394750 -6.977502 175.225612 7.372788 0.079461 0.954810 -0.286397 0.948086 -0.161139 -0.274168 0.307928 0.249743 0.918046
2.254320 -83.570908 64.090079 -3851.519395 -0.418123 0.895851 0.150416 0.482861 0.359442 -0.798528 0.769427 0.261253 0.582862
1.391745 -61.128207 -54.510769 -1861.609940 -0.399242 0.910318 0.109208 0.438910 0.294341 -0.848953 0.804962 0.291005 0.517061
1.151554 -37.261934 -15.290964 -598.376553 -0.409980 0.897083 0.164798 0.682106 0.421505 -0.597549 0.605514 0.132574 0.784714
0.902284 -53.199828 -42.573169 -1566.341091 -0.379332 0.918289 0.113369 0.502265 0.307266 -0.808281 0.777070 0.249666 0.577780
0.958887 -37.074360 17.661038 -884.649740 -0.425577 0.891852 0.153244 0.714341 0.435055 -0.548128 0.555518 0.123802 0.822236
1.106693 -30.441044 -7.995209 89.119880 -0.433498 0.884739 0.171223 0.815923 0.466007 -0.342208 0.382556 0.008641 0.923892
1.017065 -30.330474 -20.930931 44.533578 -0.416193 0.889051 0.190715 0.826621 0.457319 -0.327959 0.378790 -0.021155 0.925241
0.790523 -32.909096 -18.817703 -454.495424 -0.400564 0.895846 0.192374 0.692530 0.433479 -0.576626 0.599958 0.097752 0.794037
-54.314278 -302.788440 2732.986068 -8707.668638 0.993033 0.116810 0.015547 0.026021 -0.088684 -0.995720 0.114932 -0.989187 0.091105
0.979967 -15.933272 87.948705 -111.996498 0.919419 -0.392379 0.026602 -0.343808 -0.834765 -0.430075 -0.190959 -0.386273 0.902401
-3.611923 -37.105751 87.474192 1883.314382 -0.022578 -0.949227 -0.313780 0.999373 -0.012867 -0.032986 0.027274 -0.314328 0.948922
-9.737985 -140.168178 -339.234454 -1241.851139 -0.429638 0.825309 0.366437 0.597703 -0.044268 0.800494 -0.676877 -0.562943 0.474271
4.330658 -98.033808 235.229761 5373.741239 -0.128697 -0.954253 -0.269887 0.991137 -0.114735 -0.066955 0.032926 -0.276112 0.960561
4.096716 -135.920463 -143.033866 10269.731700 0.123102 0.955342 -0.268641 0.951188 -0.036390 0.306460 0.282998 -0.293254 -0.913189
2.791147 -42.908097 -261.796132 1871.786919 -0.046020 0.897067 -0.439493 0.991277 -0.013383 -0.131115 -0.123501 -0.441693 -0.888625
0.182932 -57.754145 -64.311600 -2333.771026 -0.563654 0.819953 -0.099857 -0.573634 -0.301581 0.761573 -0.594339 -0.486545 -0.640340
-8.059251 -598.123926 -71.129929 59300.000289 0.158335 0.940935 0.299286 0.597577 0.149977 -0.787660 0.786022 -0.303561 0.538535
0.502523 -6.661706 -2.129985 45.729446 0.199057 0.978548 0.053099 0.121699 -0.078447 0.989462 -0.972402 0.190497 0.134704
0.696841 -6.758922 -13.995143 34.678738 0.196289 0.979581 0.043487 0.172889 -0.078230 0.981830 -0.965184 0.185204 0.184715
0.697419 -6.109468 -3.518030 45.553425 0.207838 0.971544 0.113603 0.209030 -0.157570 0.965131 -0.955568 0.176844 0.235831
0.369471 -6.018217 5.537205 -30.346761 0.192379 0.942595 0.272954 0.477734 -0.332923 0.812978 -0.857182 0.026001 0.514357
0.272024 -6.671831 10.983769 -24.144328 0.212233 0.931711 0.294740 0.575373 -0.362929 0.732959 -0.789876 -0.014027 0.613107
0.286713 -6.034702 -7.889803 -42.124509 0.195374 0.940498 0.278014 0.513090 -0.339608 0.788293 -0.835804 0.011366 0.548911
0.529283 -5.689446 5.655293 -31.292492 0.190013 0.947992 0.255355 0.456640 -0.315584 0.831797 -0.869123 0.041447 0.492857
0.543529 -5.429185 0.349626 -26.458189 0.176020 0.951961 0.250575 0.394828 -0.301451 0.867893 -0.901736 0.053832 0.428922
0.362300 -3.728960 -7.510149 -55.536594 0.191007 0.969318 0.154724 -0.178211 -0.120762 0.976554 -0.965276 0.214102 -0.149677
0.075206 -4.493247 6.426194 -15.528680 0.214248 0.975986 0.039361 -0.073502 -0.024073 0.997004 -0.974010 0.216500 -0.066580
0.151716 -5.243064 -5.446498 -23.712779 0.205016 0.978744 -0.005427 -0.058209 0.017728 0.998147 -0.977026 0.204320 -0.060606
-0.181225 -11.833573 -40.943558 -48.135151 0.292341 0.937714 0.187692 0.267121 0.108384 -0.957548 0.918250 -0.330067 0.218798
-0.138012 -12.436146 3.398354 -37.394580 0.258782 0.954259 0.149736 0.074556 0.134822 -0.988061 0.963054 -0.266856 0.036256
-0.264231 -11.830204 -21.904616 5.186302 0.284235 0.944898 0.162417 0.026862 0.161489 -0.986509 0.958378 -0.284763 -0.020519
2.639206 -203.530141 312.439588 8267.148635 0.812474 -0.148660 0.563725 0.341884 0.904720 -0.254161 -0.472229 0.399228 0.785886
-0.201705 -37.186154 -108.034328 1337.260144 0.718296 -0.284378 0.634965 0.498362 0.847140 -0.184362 -0.485476 0.448868 0.750220
1.612983 -20.136271 -101.003016 362.515661 0.588567 -0.527731 0.612444 0.716205 0.691774 -0.092195 -0.375019 0.492898 0.785119
0.945707 -195.758368 -120.003932 7853.674748 0.733377 -0.216798 0.644327 0.261879 0.964736 0.026534 -0.627357 0.149277 0.764290
3.093361 -14.934162 -47.882997 16.828079 0.543534 -0.652067 0.528564 0.767803 0.640685 0.000839 -0.339190 0.405377 0.848893
18.297793 -342.667083 560.088377 16068.361072 0.799001 0.020546 0.600978 0.051010 0.993498 -0.101783 -0.599162 0.111981 0.792758
0.546797 -65.224700 187.183449 2853.308670 0.819839 -0.216617 0.530039 0.346481 0.924649 -0.158033 -0.455867 0.313210 0.833117
-8.782482 -12.821432 3.299955 265.797096 0.119071 0.876823 0.465837 -0.782254 0.371789 -0.499851 0.611474 0.304885 -0.730168
-9.433103 -11.793237 131.293312 99.022231 -0.207358 0.925698 0.316364 -0.703622 0.083547 -0.705645 0.679646 0.368922 -0.634017
-5.829004 -9.426091 -28.684034 91.416444 -0.654063 0.756192 -0.019363 -0.579511 -0.517367 -0.629682 0.486178 0.400631 -0.776612
-7.071971 -11.015582 27.470492 73.937334 -0.490817 0.866286 0.092986 -0.613044 -0.267544 -0.743369 0.619092 0.421863 -0.662387
16.923111 -14.794127 449.490825 -186.138956 0.592307 0.504972 0.627835 0.749519 -0.059422 -0.659311 -0.295626 0.861088 -0.413682
12.104395 -12.160313 470.093681 -228.303484 0.631612 0.387047 0.671760 0.699467 0.089227 -0.709073 -0.334384 0.917732 -0.214370
8.596235 -9.008241 357.147221 185.656878 0.660485 0.387719 0.642988 -0.614481 -0.212994 0.759636 -0.431479 0.896832 -0.097566
-3.731873 -7.283277 -139.308994 -41.991957 0.221041 0.851248 -0.475939 -0.281214 -0.411651 -0.866869 0.933841 -0.325454 -0.148391
12.023647 -7.403118 -305.256178 -20.186051 -0.350954 -0.466730 -0.811784 -0.684791 0.719212 -0.117455 0.638665 0.514681 -0.572023
8.373180 -6.661391 -376.043571 -100.387511 -0.275587 -0.324024 -0.905020 -0.654933 0.752442 -0.069963 0.703644 0.573446 -0.419577
14.921651 -10.350231 335.717703 124.409353 0.452936 0.460530 0.763388 0.725275 -0.688293 -0.015095 0.518483 0.560504 -0.645764
-0.716527 -6.887606 2.323284 33.451967 -0.622211 0.779684 -0.070332 -0.769661 -0.625677 -0.127082 0.143089 0.024940 -0.989396
-0.204499 -7.062330 10.322844 -29.203828 -0.601781 0.796060 -0.064406 -0.724912 -0.510587 0.462389 -0.335205 -0.324946 -0.884335
-0.401147 -7.515024 -8.434742 -43.402802 -0.643302 0.764547 -0.040379 -0.639240 -0.507345 0.577905 -0.421349 -0.397579 -0.815105
-0.019565 -6.691794 0.411025 29.450832 -0.594807 0.799381 -0.084820 0.722550 0.485408 -0.492241 -0.352316 -0.354075 -0.866317
5.818577 -15.528634 118.693293 23.953474 0.386986 0.921874 -0.019748 -0.638116 0.283206 0.715962 -0.665620 0.264465 -0.697860
7.557613 -14.940287 157.938917 -98.868547 0.352539 0.935779 -0.005778 -0.526954 0.203616 0.825143 -0.773328 0.287850 -0.564895
6.830191 -14.592979 83.414517 -4.521986 0.250933 0.966957 -0.045016 -0.661723 0.205292 0.721095 -0.706509 0.151159 -0.691372
4.823864 -15.448202 133.961730 20.541169 0.452831 0.891574 -0.006338 -0.604460 0.312216 0.732904 -0.655417 0.328050 -0.680302
4.243484 -14.939672 67.143779 130.873186 0.333372 0.941657 -0.046317 -0.745214 0.293282 0.598867 -0.577512 0.165129 -0.799508
3.078686 -15.436876 77.763275 84.607316 0.448206 0.893584 -0.024878 -0.720891 0.377762 0.581044 -0.528610 0.242493 -0.813492
0.799071 -24.942601 -20.383931 -62.879009 0.254064 0.964677 -0.069637 0.771881 -0.158849 0.615603 -0.582796 0.210154 0.784974
0.804591 -22.303009 1.143646 -224.471631 0.242197 0.965462 -0.096038 0.631209 -0.081621 0.771306 -0.736828 0.247428 0.629177
0.876493 -5.530764 -117.481457 18.559269 0.503452 0.861216 -0.069592 -0.672861 0.340264 -0.656870 0.542027 -0.377528 -0.750786
-1.321009 -6.406013 -188.418642 50.876078 0.459664 0.875175 -0.150925 -0.689592 0.244644 -0.681625 0.559617 -0.417395 -0.715968
1.206869 -5.917947 -155.086277 22.917088 0.478316 0.870777 -0.113849 -0.645063 0.260407 -0.718389 0.595909 -0.417057 -0.686263
-1.050470 -5.792557 -153.255090 41.779772 0.509684 0.857070 -0.075188 -0.700544 0.362687 -0.614570 0.499460 -0.365909 -0.785271
2.263764 -5.283316 -39.619724 12.222374 0.429700 0.900153 -0.071295 -0.670333 0.265097 -0.693093 0.604989 -0.345613 -0.717314
1.095084 -5.326166 122.610087 -111.951251 -0.441463 0.763809 -0.470857 -0.243630 -0.607082 -0.756370 0.863571 0.219194 -0.454091
1.745632 -4.262595 129.682396 -89.641955 -0.447903 0.724964 -0.523268 -0.190708 -0.649256 -0.736273 0.873506 0.229988 -0.429060
-0.035550 -3.797297 77.446249 -63.554663 -0.424022 0.792207 -0.438877 -0.220514 -0.560324 -0.798380 0.878396 0.241753 -0.412282
-0.071209 -11.541766 -16.794949 185.250317 0.362770 0.928785 -0.075869 0.518347 -0.268775 -0.811835 0.774412 -0.255183 0.578936
0.010762 -15.325758 -21.139772 413.815026 0.339285 0.940130 -0.032256 0.654925 -0.260693 -0.709305 0.675248 -0.219531 0.704164
0.044583 -2.805655 -13.989630 35.410229 0.335840 0.941223 0.036211 0.066216 0.014757 -0.997696 0.939589 -0.337465 0.057368
-0.330696 -2.535150 29.868987 -26.096078 0.298552 0.953987 0.027854 0.098141 -0.001657 -0.995171 0.949334 -0.299844 0.094120
-0.072186 -3.150428 18.650042 -113.472678 0.302033 0.951795 0.053498 0.116773 0.018757 -0.992981 0.946118 -0.306160 0.105479
0.132488 -3.174016 -35.191794 -67.161685 0.335279 0.934928 0.116181 0.100673 0.087059 -0.991103 0.936725 -0.343992 0.064933
-5.653800 -30.639266 213.288729 1800.394708 0.147234 -0.902847 -0.403966 0.913353 -0.032649 0.405858 -0.379617 -0.428720 0.819811
-2.519335 -49.975133 171.727021 3157.373729 0.164630 -0.882601 -0.440354 0.955987 0.032850 0.291563 -0.242869 -0.468973 0.849164
-1.326136 -7.577736 -75.525543 277.974816 -0.600020 -0.446014 -0.664114 0.695294 -0.701326 -0.157186 -0.395653 -0.556069 0.730921
0.758918 -6.374506 -87.959839 -46.461489 -0.282415 0.260284 0.923306 0.383244 0.912954 -0.140141 -0.879412 0.314274 -0.357584
0.830877 -5.534968 -23.658819 -4.416021 -0.370989 -0.045503 0.927522 0.209189 0.969032 0.131211 -0.904769 0.242705 -0.349981
-0.381066 -5.237384 -16.178624 -12.991519 -0.333184 0.071453 0.940151 0.339708 0.939253 0.049006 -0.879538 0.335705 -0.337217
2.673823 -204.768857 47.234037 9751.334669 0.974023 -0.197761 0.110319 0.036956 0.619455 0.784162 0.223415 0.759715 -0.610671
-3.142736 -22.153598 -167.472321 1018.455069 0.907110 -0.414569 -0.072687 0.283901 0.475178 0.832830 0.310726 0.776105 -0.548735
-13.873327 -86.190638 -291.205211 3507.593180 0.984130 -0.169010 0.054079 0.076163 0.677553 0.731519 0.160276 0.715791 -0.679673
-8.755638 -43.038126 -68.208704 2057.920074 0.957800 -0.210174 0.196079 -0.062884 0.512419 0.856430 0.280474 0.832618 -0.477578
-10.239082 -127.916850 134.688996 4757.014331 0.985236 -0.163561 0.050567 0.109490 0.829061 0.548334 0.131609 0.534702 -0.834729
2.476034 -41.150381 -44.734423 1403.332364 0.893972 -0.438847 -0.090707 -0.409942 -0.719113 -0.561092 -0.181005 -0.538785 0.822769
1.732098 -33.603020 -35.210613 1131.178863 0.900987 -0.412392 -0.134741 -0.381757 -0.606056 -0.697824 -0.206116 -0.680169 0.703482
1.520943 -33.794525 -28.400588 1500.659623 0.917210 -0.389624 -0.083185 -0.285845 -0.498127 -0.818634 -0.277523 -0.774637 0.568259
7.212362 -24.591832 238.585902 -663.624915 0.481793 0.870076 -0.104127 0.195433 -0.222525 -0.955138 0.854214 -0.439829 0.277252
0.189406 -3.361700 -24.959035 68.784987 0.346523 0.937486 -0.032261 0.740115 -0.294376 -0.604626 0.576325 -0.185640 0.795856
1.478100 -3.618689 -112.477207 69.278523 0.379071 0.925138 -0.020614 0.744448 -0.318114 -0.587026 0.549638 -0.207179 0.809305
1.246450 -2.588305 -95.396648 73.146139 0.366774 0.930078 -0.020768 0.720789 -0.298213 -0.625726 0.588167 -0.214531 0.779767
3.157959 -3.039006 -130.159799 72.562079 0.379831 0.922150 -0.073267 0.712683 -0.342205 -0.612355 0.589755 -0.180375 0.787181
-2.854089 -4.118779 54.065922 -11.830234 0.266714 0.694253 -0.668488 0.102604 0.669218 0.735948 -0.958298 0.264877 -0.107257
0.358274 -11.054098 -63.698639 96.352895 -0.095934 0.994044 0.051704 0.477629 0.000398 0.878561 -0.873308 -0.108980 0.474823
0.201386 -12.207457 53.737919 100.357967 0.599083 0.800586 0.012685 0.779961 -0.587084 0.216781 -0.180999 0.119976 0.976138
0.977562 -13.753681 14.524225 146.445577 0.604041 0.794849 0.057870 0.757935 -0.595394 0.266535 -0.246310 0.117137 0.962086
0.259326 -13.431313 49.294389 95.457349 0.616673 0.786647 0.030009 0.711093 -0.572989 0.407468 -0.337728 0.229935 0.912726
0.726164 -11.967546 37.010854 69.501653 0.607530 0.793794 0.028249 0.791151 -0.607903 0.067329 -0.070618 0.018555 0.997331
-0.377118 -12.306978 35.091069 58.133193 0.601836 0.798004 0.031372 0.741881 -0.573188 0.347949 -0.295647 0.186134 0.936988
-0.017495 -11.549259 53.265832 36.873910 0.595382 0.803428 0.004944 0.800468 -0.593695 0.082329 -0.069081 0.045059 0.996593
-0.347840 -11.705586 37.958276 49.479251 0.589327 0.807627 0.020771 0.790590 -0.581807 0.190964 -0.166313 0.096120 0.981377
0.354596 -21.799539 -43.636238 -53.852961 0.351580 0.870826 0.343590 0.817299 -0.464501 0.340969 -0.456523 -0.160938 0.875035
0.791539 -24.985305 -61.480655 -430.102545 0.369595 0.863384 0.343465 0.876185 -0.446890 0.180526 -0.309355 -0.234217 0.921652
0.370294 -22.970508 21.821375 -221.489750 -0.375154 -0.864106 -0.335529 0.904487 -0.420460 0.071532 -0.202888 -0.276646 0.939310
0.820032 -27.303228 66.556821 -495.100157 -0.374731 -0.859473 -0.347682 0.924362 -0.375321 -0.068480 -0.071636 -0.347046 0.935108
0.812936 -0.233680 -39.737269 11.755055 0.261753 0.942786 -0.206495 0.430280 -0.305509 -0.849426 0.863913 -0.133489 0.485629
0.845690 -0.001148 -53.272677 -7.242566 0.322045 0.877856 -0.354479 0.394212 -0.464766 -0.792836 0.860746 -0.115589 0.495737
0.756971 -0.815812 17.205368 -20.279041 0.162009 0.986388 -0.028136 0.467649 -0.101854 -0.878026 0.868940 -0.129090 0.477785
0.451739 -15.312028 40.837465 -24.946812 0.167946 0.978123 -0.122760 0.697215 -0.205893 -0.686658 0.696911 -0.029731 0.716541
1.052957 -15.111701 35.210751 -14.389695 0.171048 0.980902 -0.092594 0.720348 -0.188620 -0.667474 0.672191 -0.047470 0.738854
0.695092 -16.166350 41.170804 150.596975 0.157586 0.981633 -0.107535 0.826683 -0.190701 -0.529366 0.540150 0.005476 0.841551
0.260503 -15.227719 18.571600 -5.196493 0.166822 0.979062 -0.116653 0.798849 -0.203558 -0.566043 0.577937 -0.001240 0.816081
-1.008740 -20.257854 27.213840 420.553332 0.237145 0.962479 -0.131898 -0.898750 0.165819 -0.405897 0.368796 -0.214800 -0.904351
-0.758840 -12.238847 -4.855878 -239.290427 0.173612 0.974050 -0.145209 0.978458 -0.153881 0.137625 0.111708 -0.165974 -0.979783
-0.680802 -17.693899 15.368231 485.624603 0.212736 0.967620 -0.135849 -0.945215 0.168561 -0.279565 0.247614 -0.187880 -0.950468
0.105522 -11.830961 -8.775425 -43.665383 0.544672 0.833648 0.091453 -0.290027 0.289558 -0.912163 0.786903 -0.470306 -0.399494
0.128406 -13.215502 -7.548026 291.933090 0.562588 0.812626 0.152098 -0.185273 0.303219 -0.934736 0.805710 -0.497691 -0.321145
3.036454 -7.215603 -132.334994 14.400592 -0.129817 -0.962740 0.237234 0.988988 -0.142871 -0.038612 0.071067 0.229609 0.970685
1.023730 -70.912492 -32.005966 -2280.031372 -0.411880 0.903868 0.115659 0.118406 0.178935 -0.976710 0.903512 0.388593 0.180723
0.485544 -67.422118 -37.491073 -2070.215397 -0.422373 0.902453 0.084734 0.152324 0.162821 -0.974826 0.893531 0.398833 0.206236
-7.336058 -12.279710 -44.298464 59.673852 0.499683 -0.837663 -0.220540 0.865995 0.488746 0.105733 0.019219 -0.243819 0.969630
-1.620776 -14.472862 62.640574 -374.432329 0.797890 -0.556478 -0.231739 -0.591456 -0.796949 -0.122687 0.116412 -0.234954 0.965010
-1.557230 -9.361253 22.450731 -250.710326 0.260722 -0.931425 -0.253913 0.965389 0.253434 0.061607 0.006968 -0.261187 0.965263
0.378408 -6.915795 -9.986055 -18.333426 0.185103 0.982628 0.013395 -0.057601 -0.002759 0.998336 -0.981030 0.185567 -0.056090
0.433271 -5.268699 -5.893591 -123.860044 0.192481 0.981298 -0.002283 -0.176607 0.036929 0.983589 -0.965278 0.188919 -0.180412
0.385690 -7.044202 -3.428647 -23.115006 0.194637 0.980856 -0.006118 -0.028329 0.011856 0.999528 -0.980466 0.194372 -0.030094
0.240110 -6.508562 -19.891049 -34.623284 0.203441 0.927255 0.314341 0.593815 -0.372121 0.713379 -0.778457 -0.041530 0.626323
0.889439 -2.054522 -33.903641 -54.392863 0.148571 0.878790 0.453492 -0.248944 -0.410577 0.877185 -0.957055 0.243219 -0.157769
0.738546 -2.407281 -4.186308 -58.322368 0.159447 0.896704 0.412914 -0.258194 -0.365828 0.894151 -0.952845 0.249181 -0.173193
1.444196 -0.619492 -68.938260 89.835012 0.028162 0.680718 0.732004 0.341727 0.681618 -0.647009 -0.939377 0.268366 -0.213424
2.528351 0.526202 -175.040805 26.243405 -0.183619 0.196835 0.963089 0.320624 0.938158 -0.130611 -0.929238 0.284807 -0.235374
2.224644 0.462013 -81.639317 38.311989 -0.069052 0.389358 0.918495 0.345280 0.873117 -0.344164 -0.935956 0.293372 -0.194728
-0.418489 -15.494432 9.516742 -177.143239 -0.486044 -0.823465 -0.292688 0.873800 -0.452044 -0.179245 0.015294 -0.342872 0.939258
-0.605016 -14.737472 4.580336 -74.592805 -0.459510 -0.838690 -0.292318 0.887125 -0.449381 -0.105198 -0.043133 -0.307662 0.950518
-0.396633 -15.753384 17.474656 -96.826351 -0.469255 -0.827837 -0.307386 0.876755 -0.478297 -0.050326 -0.105360 -0.293118 0.950253
1.391980 -20.485680 13.608854 -39.428771 0.304541 0.947435 0.098090 0.709184 -0.294288 0.640666 -0.635856 0.125545 0.761529
1.301806 -19.018505 34.995527 101.031532 0.251934 0.966638 0.046271 0.838703 -0.241945 0.487893 -0.482811 0.084110 0.871676
2.443605 -21.692669 16.218755 124.182641 0.266997 0.958992 0.095113 0.912405 -0.283322 0.295375 -0.310210 -0.007918 0.950635
-0.905413 -43.925960 -21.429591 -1623.242022 0.745649 -0.287946 0.600912 -0.530244 -0.802558 0.273389 -0.403545 0.522482 0.751108
-0.980259 -104.168830 -64.865877 4626.747969 0.737300 -0.200461 0.645139 0.278685 0.960171 -0.020146 -0.615406 0.194644 0.763799
-0.037648 -8.185282 13.199517 49.308550 0.048930 0.995147 0.085375 0.290140 -0.095953 0.952162 -0.955732 0.021819 0.293427
-0.243703 -8.563092 8.625611 33.379425 0.046005 0.995034 0.088264 0.322811 -0.098425 0.941332 -0.945345 0.014814 0.325736
0.068061 -7.911565 6.402010 13.347385 0.052944 0.990793 0.124606 0.394763 -0.135383 0.908754 -0.917256 -0.001077 0.398296
0.169569 -7.762569 19.637605 26.930957 0.062074 0.992206 0.108044 0.333882 -0.122659 0.934600 -0.940569 0.021940 0.338894
-5.417859 -12.826232 -158.247901 317.101023 0.142485 0.955572 0.258031 -0.816848 0.260745 -0.514559 0.558979 0.137455 -0.817710
-4.795545 -9.814556 -20.201343 -32.550258 0.993911 -0.106656 -0.027651 0.060808 0.321692 0.944890 0.091883 0.940818 -0.326219
-4.785817 -9.384481 -21.947937 -32.748484 0.994008 -0.107124 0.021739 0.035273 0.502594 0.863803 0.103460 0.857860 -0.503361
-7.424321 -11.387504 26.608230 -14.785541 0.728691 -0.674851 -0.116555 0.333698 0.201263 0.920944 0.598042 0.709978 -0.371855
-7.726671 -11.472133 6.414089 13.054948 0.788305 -0.600217 -0.135331 0.197512 0.038548 0.979542 0.582721 0.798908 -0.148938
-7.421350 -11.447951 -37.459758 -28.228908 -0.684987 0.717068 0.128862 -0.190843 -0.005905 -0.981603 0.703115 0.696978 -0.140893
-4.516498 -6.580947 -67.879707 -55.323067 0.141832 0.825523 -0.546255 -0.184437 -0.520132 -0.833934 0.972557 -0.219028 -0.078486
-4.401557 -5.549650 -61.847104 -46.619698 0.144279 0.875351 -0.461459 -0.070603 -0.456043 -0.887153 0.987015 -0.160578 0.003995
-2.573147 -5.306301 -121.592291 -58.899713 0.251866 0.813099 -0.524818 -0.060044 -0.528126 -0.847040 0.965898 -0.244852 0.084195
8.062673 -5.243860 -262.686599 -35.770372 -0.233287 -0.395197 -0.888480 -0.631075 0.756669 -0.170867 0.739811 0.520837 -0.425920
4.620244 -5.588580 -155.700256 -118.731557 -0.256403 -0.289157 -0.922305 -0.624807 0.777626 -0.070100 0.737478 0.558289 -0.380052
-0.838593 -6.959950 14.594854 39.169117 -0.608919 0.790231 -0.068940 -0.785695 -0.612803 -0.084594 0.109095 -0.002655 -0.994028
-0.906251 -7.007187 21.114517 19.225022 -0.607550 0.791666 -0.064407 -0.762837 -0.604166 -0.230353 0.221275 0.090818 -0.970973
8.907889 -14.313014 75.136514 -133.627267 0.124873 0.991746 -0.029109 -0.573501 0.096090 0.813550 -0.809631 0.084896 -0.580766
4.627042 -15.739931 142.820062 -14.568834 0.486047 0.873674 -0.021256 -0.478536 0.286416 0.830042 -0.731274 0.393268 -0.557296
0.787901 -21.279422 16.498062 -135.346895 0.229976 0.967480 -0.105323 0.591178 -0.052913 0.804804 -0.773059 0.247350 0.584122
0.768498 -22.516561 9.214564 -154.686712 0.259822 0.962790 -0.074347 0.787028 -0.166520 0.594018 -0.559535 0.212852 0.801009
0.769914 -20.306011 -14.554295 -101.766852 0.196628 0.978348 -0.064588 0.631295 -0.075924 0.771818 -0.750203 0.192535 0.632555
0.750310 -4.544326 1.555722 11.135008 0.534937 0.844663 0.019691 -0.734609 0.476498 -0.483011 0.417364 -0.243916 -0.875393
0.435907 -4.335346 -4.417850 8.747765 0.478941 0.877847 0.000221 -0.789022 0.430590 -0.438220 0.384785 -0.209707 -0.898868
0.263609 -4.331386 8.300911 13.589598 0.563674 0.825155 0.037291 -0.743762 0.526675 -0.411621 0.359292 -0.204285 -0.910592
-0.110670 -4.171321 -6.465658 10.373948 0.471657 0.881780 -0.001841 -0.823062 0.439498 -0.359736 0.316399 -0.171187 -0.933052
0.355063 -4.545698 -0.607222 11.721036 0.553037 0.832814 0.023902 -0.739179 0.503690 -0.447114 0.384402 -0.229603 -0.894158
0.395046 -4.254445 23.740486 13.042022 0.574052 0.817402 0.048157 -0.744263 0.545399 -0.385502 0.341375 -0.185457 -0.921449
