11899
23767
-6.568160 -8.726199 43.446774 -82.345541 -0.795570 0.505317 0.334249 0.550991 0.832869 0.052324 -0.251946 0.225796 -0.941031
-5.326301 -8.665415 -49.608647 170.506798 -0.620112 0.752901 0.220457 -0.737919 -0.655180 0.161907 -0.266339 0.062279 -0.961865
-5.097150 -7.172307 23.811186 -74.455612 -0.937821 0.103051 0.331469 0.122138 0.991815 0.037215 -0.324920 0.075386 -0.942732
-4.198796 -6.444977 -36.068647 -109.403430 -0.821146 0.527568 0.217694 0.490756 0.847427 -0.202547 -0.291337 -0.059486 -0.954769
-5.597962 -8.376424 7.854593 -63.926138 -0.913973 0.165216 0.370618 0.248018 0.950341 0.187986 -0.321155 0.263734 -0.909562
-3.958039 -5.676526 0.856368 -55.226491 -0.941872 -0.073359 0.327864 -0.091765 0.994936 -0.041003 -0.323196 -0.068706 -0.943835
-4.965248 -7.479891 -17.062558 -54.897290 -0.915241 -0.084255 0.393998 -0.000803 0.978270 0.207332 -0.402905 0.189442 -0.895421
-4.311159 -6.452437 -5.048456 -46.269388 -0.889370 -0.272661 0.366983 -0.234341 0.961104 0.146164 -0.392561 0.043994 -0.918673
-5.500118 -7.202498 -20.325341 -28.565871 -0.581235 0.788022 -0.202945 -0.187381 0.113084 0.975756 -0.791868 -0.605172 -0.081932
-5.455863 -7.669404 -14.358604 -15.682792 -0.623956 0.758545 -0.187850 -0.035803 0.212383 0.976530 -0.780639 -0.616038 0.105360
-5.997210 -7.595438 -24.825660 -16.663037 -0.520781 0.825258 -0.218488 -0.075262 0.210553 0.974681 -0.850366 -0.524039 0.047541
-6.513399 -7.429659 -28.477062 -9.141345 -0.379586 0.863172 -0.332939 -0.134593 0.304522 0.942948 -0.915314 -0.402741 -0.000585
-6.155416 -7.150850 -37.309425 -31.010489 -0.453395 0.841092 -0.294952 -0.255685 0.194277 0.947038 -0.853849 -0.504797 -0.126971
-6.329612 -7.629671 -23.707506 5.187093 -0.433870 0.874279 -0.217700 0.029466 0.255267 0.966421 -0.900493 -0.412887 0.136515
-1.606291 -6.021547 -54.502274 7.056564 0.808068 -0.588790 0.018751 -0.232643 -0.348204 -0.908092 -0.541205 -0.729438 0.418351
-1.464675 -5.832602 -38.061478 19.862620 0.820360 -0.570455 0.039877 -0.126428 -0.248937 -0.960232 -0.557697 -0.782695 0.276339
-2.160438 -6.035030 -14.583192 14.633044 0.832190 -0.554233 -0.016883 -0.207952 -0.283729 -0.936084 -0.514019 -0.782511 0.351370
-1.742205 -6.205207 14.032694 -1.322213 0.836380 -0.546983 -0.035747 -0.286104 -0.379989 -0.879632 -0.467560 -0.745935 0.474309
-1.491521 -6.133883 -35.022886 -1.141241 0.806454 -0.590897 -0.021745 -0.346736 -0.442796 -0.826865 -0.478964 -0.674368 0.561980
-0.302391 -5.853351 -75.141511 3.236644 0.794643 -0.605432 0.044656 -0.248898 -0.392009 -0.885651 -0.553708 -0.692662 0.462199
1.620416 -5.808975 -13.239415 18.550728 0.696083 -0.610545 -0.377762 0.716555 0.557867 0.418728 -0.044911 -0.562157 0.825811
0.982614 -5.969579 -20.512613 -0.184389 0.751762 -0.585032 -0.304288 -0.642152 -0.544512 -0.539581 -0.149984 -0.601035 0.785023
1.463635 -5.872682 -39.558032 -0.349001 0.741899 -0.601749 -0.295778 -0.667160 -0.618434 -0.415255 -0.066960 -0.505409 0.860278
2.242622 -5.884447 -41.082175 -11.457451 0.704447 -0.618018 -0.349010 0.709609 0.623275 0.328608 0.014444 -0.479148 0.877615
2.300537 -5.868807 -9.478030 -5.806131 0.645330 -0.623847 -0.440868 0.762405 0.562119 0.320564 0.047838 -0.542989 0.838376
1.647876 -5.556262 -1.244126 19.194108 0.635804 -0.629773 -0.446251 0.771743 0.509011 0.381210 -0.012929 -0.586766 0.809653
1.131841 -5.604784 12.113422 22.914916 0.661576 -0.613688 -0.430935 0.744879 0.471563 0.472000 -0.086447 -0.633258 0.769097
-2.871544 -13.495462 42.839696 -272.750820 -0.720462 0.681984 -0.125829 -0.470924 -0.614309 -0.633131 0.509083 0.396891 -0.763749
-2.134694 -8.557139 29.939814 -234.078207 -0.699539 0.705145 -0.115824 -0.363416 -0.490613 -0.791977 0.615283 0.511927 -0.599464
-2.577113 -9.054117 26.589083 -234.316585 -0.719129 0.656341 -0.228189 -0.277075 -0.571997 -0.772042 0.637246 0.491973 -0.593195
-2.973135 -12.538219 1.863771 249.573319 -0.705545 0.654224 -0.272390 0.393492 0.681337 0.617207 0.589381 0.328284 -0.738146
-3.418387 -14.796530 31.117313 193.515046 -0.708832 0.680871 -0.184312 0.544822 0.694434 0.470033 0.448024 0.232758 -0.863191
-3.562138 -18.126414 57.025476 226.315086 -0.733369 0.671297 -0.107377 0.613038 0.721289 0.322376 0.293860 0.170594 -0.940502
-0.643699 -15.229900 -6.111058 -161.224385 0.789687 -0.604744 0.103335 0.549146 0.621640 -0.558572 -0.273556 -0.497844 -0.822994
-0.272938 -16.193708 -15.475593 -57.854143 0.793996 -0.601721 0.086617 0.598669 0.749164 -0.283459 -0.105673 -0.276920 -0.955065
-0.582800 -15.341670 -4.184076 -186.070240 0.809693 -0.579282 0.093963 0.523839 0.641246 -0.560711 -0.264557 -0.503225 -0.822663
-0.201584 -16.539054 -3.537891 -79.505438 0.776691 -0.618593 0.118715 0.615709 0.705853 -0.350249 -0.132866 -0.345129 -0.929103
-0.586548 -15.342470 -11.573130 -145.420103 0.758650 -0.642203 0.109661 0.562156 0.560198 -0.608406 -0.329289 -0.523214 -0.786013
1.568683 -9.567214 5.414202 163.524381 -0.763360 0.621866 -0.174824 0.439917 0.698638 0.564249 0.473027 0.353817 -0.806882
1.184938 -9.953260 12.776632 183.113598 -0.789652 0.597242 -0.140542 0.443063 0.713521 0.542755 0.424435 0.366318 -0.828049
1.305984 -12.634903 9.430158 211.335320 -0.750711 0.644862 -0.143477 0.561810 0.737439 0.374904 0.347567 0.200837 -0.915894
1.879967 -12.206073 15.945835 243.797791 -0.733546 0.654652 -0.182593 0.524393 0.716084 0.460691 0.432344 0.242187 -0.868576
1.976793 -9.489321 6.765046 133.394942 -0.743660 0.633797 -0.212773 0.423868 0.693085 0.583069 0.517016 0.343417 -0.784066
4.017927 -7.296817 34.783189 18.648715 -0.193802 0.976477 -0.094518 -0.939007 -0.212535 -0.270359 0.284087 -0.036357 -0.958109
3.042782 -7.275806 -5.399033 22.124593 -0.105081 0.983299 -0.148598 -0.980280 -0.127566 -0.150926 0.167361 -0.129808 -0.977313
3.010230 -7.942023 -55.096464 22.946789 -0.103238 0.971355 -0.214036 -0.953192 -0.158099 -0.257738 0.284194 -0.177409 -0.942210
-0.565640 -10.718509 3.741483 -209.834425 0.730002 -0.682761 0.030583 0.478665 0.542700 0.690186 0.487829 0.489198 -0.722985
-0.700500 -10.310813 -21.543278 200.807892 -0.712822 0.699899 -0.045005 -0.507525 -0.559056 -0.655648 0.484048 0.444519 -0.753724
-0.842636 -14.094999 -27.876404 206.716283 -0.694567 0.719404 -0.005946 -0.367874 -0.362252 -0.856413 0.618260 0.592648 -0.516258
-0.401421 -13.531838 6.629187 -181.771042 0.705422 -0.708717 -0.010025 0.363502 0.349598 0.863509 0.608479 0.612782 -0.504234
-0.544356 -15.805730 -29.045622 85.504962 -0.689234 0.724222 0.021431 -0.187314 -0.149535 -0.970852 0.699907 0.673159 -0.238721
-1.006059 -15.684878 -28.340445 66.914531 -0.696158 0.717807 0.010852 -0.138764 -0.119717 -0.983063 0.704350 0.685873 -0.182947
-1.919683 -11.458959 9.063324 -13.431531 0.827103 -0.562036 0.004062 -0.495772 -0.732954 -0.465820 -0.264785 -0.383267 0.884870
-1.584699 -11.003833 19.961881 -9.073983 0.843443 -0.534563 -0.053357 -0.500919 -0.746671 -0.437678 -0.194126 -0.395884 0.897547
-1.869496 -11.080184 16.210566 -19.060039 0.833182 -0.552527 -0.022854 -0.542701 -0.809029 -0.225717 -0.106225 -0.200466 0.973925
-1.629137 -11.380056 15.680239 -16.764954 0.842976 -0.537186 -0.028693 -0.442144 -0.661476 -0.605771 -0.306432 -0.523337 0.795121
-2.178960 -11.304061 12.768968 -35.082775 0.824523 -0.564639 0.036661 -0.528313 -0.791439 -0.307424 -0.202598 -0.234110 0.950866
-2.178778 -11.566003 9.764375 8.800405 0.818290 -0.573656 0.036332 -0.447215 -0.675089 -0.586731 -0.361109 -0.463868 0.808967
-1.903417 -11.880518 6.036366 -9.333694 0.827542 -0.561397 0.002695 -0.411275 -0.609504 -0.677759 -0.382135 -0.559766 0.735279
0.572866 -18.955053 -5.604965 -82.403422 -0.712418 0.699154 0.060366 0.366184 0.443752 -0.817920 0.598640 0.560596 0.572156
0.608472 -17.419949 0.074594 -109.522182 -0.736582 0.669855 0.093492 0.519932 0.649208 -0.555157 0.432571 0.360309 0.826474
0.652116 -17.884053 0.897344 -42.159315 -0.727302 0.684205 0.053819 0.422784 0.508422 -0.750174 0.540635 0.522849 0.659047
1.421055 -4.990997 31.176654 -6.227266 -0.850982 0.506384 0.139297 0.498372 0.862278 -0.090014 -0.165694 -0.007178 -0.986151
1.840674 -4.858220 2.213750 -2.075491 -0.862613 0.498224 0.087582 0.495278 0.867042 -0.054206 -0.102944 -0.003381 -0.994681
1.247892 -4.653827 -30.359578 32.183838 0.842828 -0.523195 -0.126124 0.532178 0.845125 0.050506 -0.080166 0.109688 -0.990728
0.298469 -5.312236 61.669801 9.994695 -0.825127 0.536199 0.177923 0.540400 0.840937 -0.028160 -0.164721 0.072914 -0.983641
0.515939 -29.437805 -4.364222 -312.106604 0.592323 -0.719225 -0.363137 -0.504982 0.019798 -0.862903 -0.627811 -0.694495 0.351469
0.873497 -38.280018 3.842464 449.773237 -0.599782 0.735179 0.315869 0.177070 -0.263021 0.948402 -0.780325 -0.624765 -0.027578
0.838587 -29.492413 -2.414703 98.081443 -0.590673 0.715544 0.372964 0.405499 -0.136388 0.903863 -0.697622 -0.685124 0.209591
0.619255 -27.928384 7.022540 11.481735 0.576322 -0.713189 -0.399016 0.657392 0.114535 0.744793 -0.485477 -0.691551 0.534854
0.360498 -27.061091 -4.272280 273.338737 0.564485 -0.727245 -0.390477 0.730963 0.220644 0.645763 -0.383471 -0.649947 0.656139
-0.095229 -25.593485 10.328065 194.408680 0.584702 -0.709370 -0.393596 0.709701 0.212240 0.671772 -0.392998 -0.672123 0.627538
-61.877315 -351.804987 2059.436774 -79513.177016 -0.593312 0.750882 0.290098 0.228499 0.502659 -0.833740 0.771861 0.428380 0.469810
-59.783150 -418.473895 -2344.717873 59752.731973 0.720094 -0.662047 -0.207746 0.539430 0.345814 0.767742 0.436440 0.664910 -0.606147
-51.434161 -487.403416 -1824.700664 -32967.637363 0.711047 -0.578030 -0.400367 0.524915 0.815215 -0.244724 0.467843 -0.036148 0.883072
8541.220508 -598.528911 -2382061.851959 -22350.041973 -0.663663 -0.246317 -0.706314 0.697388 -0.545261 -0.465124 -0.270557 -0.801260 0.533648
1.336333 -4.255498 5.365528 -15.755935 0.508182 0.860305 -0.040333 0.828804 -0.501234 -0.248693 0.234168 -0.092953 0.967742
1.575414 -4.523309 48.396324 -20.583683 0.419562 0.904225 -0.079659 0.846711 -0.421481 -0.324707 0.327183 -0.068787 0.942454
2.159337 -4.674194 -20.379973 -23.601188 0.537411 0.843203 -0.014081 0.788194 -0.508149 -0.347182 0.299901 -0.175481 0.937692
1.070114 -4.293638 -45.264384 -17.287379 0.610982 0.791614 0.006936 0.766191 -0.589111 -0.256711 0.199130 -0.162160 0.966463
0.756095 -3.799271 -21.049692 -12.182804 0.569949 0.821565 -0.013726 0.810864 -0.565070 -0.152302 0.132882 -0.075674 0.988239
3.251721 -15.498166 12.956058 -170.155862 0.715995 -0.563461 -0.412143 -0.145038 0.457427 -0.877339 -0.682872 -0.687947 -0.245793
1.888950 -14.631065 0.379159 113.022214 0.756083 -0.596904 -0.268412 -0.119623 0.277170 -0.953345 -0.643451 -0.752916 -0.138160
3.117745 -19.803705 3.859217 -159.202778 0.780001 -0.558867 -0.281543 -0.061266 0.379548 -0.923141 -0.622773 -0.737300 -0.261808
-10.486797 -53.838442 -381.149981 -798.896241 0.814093 -0.551752 0.181167 -0.580010 -0.756927 0.301080 0.028992 0.350186 0.936231
-8.940818 -217.144932 -257.847524 -8979.468390 0.738972 -0.657329 0.147783 0.557706 0.719875 0.413212 -0.378001 -0.222932 0.898563
-33.774691 -58.222872 -1060.857059 1602.679229 0.863289 -0.503823 0.029893 -0.494770 -0.856499 -0.147009 -0.099670 -0.112122 0.988683
-0.313985 -3.204000 13.260242 -37.985547 0.960861 -0.253215 -0.112374 0.127554 0.764464 -0.631921 -0.245918 -0.592855 -0.766842
-0.289059 -2.682813 12.046781 -20.508375 0.945888 -0.320490 -0.050806 0.200707 0.700870 -0.684469 -0.254974 -0.637234 -0.727270
-0.545888 -3.347593 7.955389 -33.618425 0.963077 -0.228359 -0.142600 0.088043 0.767685 -0.634750 -0.254423 -0.598758 -0.759446
-0.652450 -4.088475 5.900119 -33.423385 0.967278 -0.186496 -0.172026 0.062988 0.833300 -0.549222 -0.245777 -0.520414 -0.817779
-0.427557 -3.870196 14.202784 -38.744062 0.964950 -0.231812 -0.123024 0.122597 0.812665 -0.569689 -0.232038 -0.534639 -0.812600
-1.185717 -6.198483 -22.189990 92.110319 0.845146 -0.521425 -0.117660 -0.132010 -0.416898 0.899316 0.517978 0.744521 0.421173
-0.884235 -8.069950 28.344314 101.806566 0.814116 -0.579136 -0.042624 -0.121102 -0.241108 0.962913 0.567934 0.778761 0.266425
-1.724497 -5.694939 27.979372 77.632706 0.843433 -0.523216 -0.121923 -0.127102 -0.414840 0.900973 0.521982 0.744414 0.416392
-1.223190 -4.188058 -8.623945 56.517214 0.864198 -0.414230 -0.285614 -0.007076 -0.577599 0.816290 0.503102 0.703415 0.502091
-0.942296 -4.278646 -33.405531 88.465897 0.855747 -0.426764 -0.292522 -0.037331 -0.614831 0.787775 0.516045 0.663216 0.542072
-1.327177 -5.119906 -25.222678 -6.968462 0.923855 -0.381758 0.027444 0.094544 0.297100 0.950154 0.370883 0.875210 -0.310570
-0.651874 -5.051689 -52.501917 -8.275048 0.938728 -0.340816 0.051315 0.082342 0.366347 0.926828 0.334677 0.865814 -0.371964
-0.723784 -5.167305 -61.303607 -7.852493 0.941562 -0.333703 0.045859 0.042834 0.253658 0.966345 0.334105 0.907910 -0.253128
0.251864 -5.074257 -52.561858 -6.111932 0.939555 -0.339124 0.047230 0.058407 0.294659 0.953816 0.337379 0.893404 -0.296656
2.436900 -5.455641 -80.227460 10.706624 0.936570 -0.350478 0.001482 -0.186852 -0.495731 0.848138 0.296519 0.794617 0.529774
0.534530 -5.753503 -101.621660 -3.876045 0.959346 -0.282203 -0.004000 -0.143189 -0.498884 0.854758 0.243211 0.819436 0.519011
1.639617 -5.715651 -89.453168 3.958583 0.943766 -0.329585 0.026066 -0.156812 -0.376830 0.912912 0.291060 0.865663 0.407322
3.267813 -5.479971 -37.981370 17.226811 0.904765 -0.425727 -0.012522 -0.186408 -0.422252 0.887105 0.382952 0.800287 0.461398
3.602800 -5.232656 -29.760733 24.634626 0.892309 -0.450427 -0.029991 -0.234846 -0.519922 0.821297 0.385528 0.725808 0.569712
2.943273 -5.380293 -76.587143 -1.927234 0.928149 -0.371961 -0.013567 -0.215415 -0.566534 0.795384 0.303537 0.735312 0.605954
2.493674 -6.598569 -50.798376 7.684220 0.860569 -0.409875 -0.302363 -0.477609 -0.855627 -0.199478 0.176949 -0.316076 0.932087
1.863964 -6.531319 -17.944946 14.356919 0.872322 -0.391685 -0.292638 -0.452722 -0.873111 -0.180886 0.184655 -0.290275 0.938958
2.461547 -6.187867 -46.080165 15.556069 0.858691 -0.417499 -0.297229 0.449763 0.891936 0.046514 0.245689 -0.173623 0.953673
-0.123832 -5.853606 13.222116 32.726995 0.777617 -0.618042 -0.115481 0.045405 -0.127991 0.990735 0.627096 0.775656 0.071466
-0.123725 -6.572437 6.438454 63.245501 0.788017 -0.608470 -0.093775 0.087465 -0.040127 0.995359 0.609409 0.792562 -0.021599
-0.370310 -6.255884 9.319987 46.850091 0.783289 -0.609695 -0.121370 0.108714 -0.057884 0.992386 0.612079 0.790520 -0.020943
2.482529 -11.501135 -54.262519 -20.691866 0.848142 -0.432168 0.306406 0.157333 0.757763 0.633278 -0.505866 -0.488902 0.710686
3.261494 -12.252991 -41.362078 -116.541202 0.886275 -0.367521 0.281859 -0.104542 -0.751591 -0.651293 -0.451206 -0.547759 0.704538
2.915373 -13.428395 -24.091002 -123.886844 0.879168 -0.383432 0.282918 -0.065726 -0.685631 -0.724976 -0.471957 -0.618781 0.627987
2.374634 -13.420023 -47.131513 -95.658503 0.838490 -0.453724 0.301776 -0.068824 -0.637547 -0.767331 -0.540553 -0.622630 0.565804
1.344733 -11.700078 -55.183813 -4.822445 0.808234 -0.500503 0.310250 0.181165 0.712654 0.677719 -0.560301 -0.491549 0.666665
-0.380929 -6.495188 -16.242351 -26.015517 0.901189 -0.430059 -0.053912 0.156416 0.438702 -0.884915 -0.404217 -0.789043 -0.462622
-0.090802 -6.009722 -21.482875 6.099601 0.903991 -0.416293 -0.097468 0.071973 0.372884 -0.925082 -0.421450 -0.829251 -0.367046
-0.079568 -6.302249 -17.143532 -18.940377 0.904485 -0.417840 -0.085532 0.126691 0.454703 -0.881587 -0.407254 -0.786546 -0.464208
-0.374257 -7.237937 -14.210904 -52.457031 0.892006 -0.450729 -0.034195 0.236933 0.530638 -0.813809 -0.384952 -0.717821 -0.580125
0.381278 -18.236754 21.851703 7.968253 0.968166 -0.243412 -0.058350 -0.196104 -0.592747 -0.781149 -0.155554 -0.767725 0.621612
0.104897 -19.161627 0.318729 4.251228 0.966188 -0.252208 -0.053588 -0.198780 -0.596244 -0.777805 -0.164217 -0.762158 0.626217
0.160315 -18.085404 12.235574 182.777599 0.966688 -0.247943 -0.063558 -0.146098 -0.330599 -0.932395 -0.210168 -0.910620 0.355810
0.594165 -18.021055 35.214199 189.022996 0.968642 -0.240542 -0.062230 -0.140154 -0.322175 -0.936248 -0.205158 -0.915611 0.345785
-0.029724 -16.395093 1.813443 259.791477 0.962729 -0.261116 -0.070500 -0.102721 -0.111868 -0.988400 -0.250201 -0.958803 0.134520
0.190472 -16.253695 22.652178 201.244511 0.965584 -0.250694 -0.069279 -0.091238 -0.077047 -0.992844 -0.243562 -0.964996 0.097268
-0.589154 -8.322171 6.268933 -19.259187 0.909478 -0.335340 -0.245759 -0.403521 -0.854316 -0.327588 0.100102 -0.397103 0.912299
-0.571709 -7.972534 -4.966747 -12.636197 0.906807 -0.354606 -0.227940 -0.406801 -0.877889 -0.252633 0.110521 -0.321816 0.940330
-0.619868 -8.219938 -0.095827 -20.749817 0.916052 -0.329073 -0.229259 -0.396928 -0.825721 -0.400790 0.057414 -0.458144 0.887022
-0.508471 -8.542638 6.160081 -21.356523 0.917530 -0.320684 -0.235160 -0.397223 -0.766991 -0.503923 0.018766 -0.555775 0.831121
-0.546706 -8.421757 -6.062583 -11.981423 0.923813 -0.320867 -0.208839 -0.382475 -0.749594 -0.540205 -0.016789 -0.578924 0.815209
4.083509 -28.645211 -26.835327 -462.112479 0.991807 -0.127737 -0.001129 0.087876 0.675836 0.731795 0.092714 0.725899 -0.681524
4.449631 -25.520842 12.330519 -666.934970 0.989245 -0.118490 0.085756 0.081556 0.933536 0.349083 0.121419 0.338335 -0.933160
4.125819 -22.107250 96.430346 -325.789342 0.968080 -0.197955 0.153736 0.062290 0.784143 0.617446 0.242777 0.588161 -0.771444
3.453386 -18.786085 129.340248 -244.993901 0.949425 -0.189602 0.250287 0.091710 0.929796 0.356467 0.300303 0.315485 -0.900160
2.829632 -19.171858 108.335824 -149.977704 0.955973 -0.202862 0.212043 0.047867 0.820694 0.569359 0.289523 0.534142 -0.794272
0.381432 -5.997918 -83.876502 4.834650 0.952251 -0.236807 -0.192717 0.193465 -0.020306 0.980897 0.236197 0.971345 -0.026477
1.963757 -6.089894 -96.288623 2.111221 0.958621 -0.256247 -0.124027 0.116819 -0.043221 0.992212 0.259612 0.965645 0.011498
0.549066 -5.887858 -93.643998 15.152474 0.958195 -0.246533 -0.145201 0.112922 -0.140436 0.983629 0.262888 0.958905 0.106726
2.312594 -6.069750 -82.367114 -12.931004 0.955637 -0.262677 -0.133263 0.166427 0.108245 0.980094 0.243023 0.958793 -0.147160
-0.949227 -5.777736 -57.183277 22.591546 0.935631 -0.261228 -0.237392 0.203537 -0.150196 0.967478 0.288388 0.953520 0.087359
0.783734 -6.147170 -88.310702 -8.608389 0.950002 -0.238504 -0.201526 0.233711 0.115132 0.965465 0.207066 0.964293 -0.165117
-0.341263 -6.222578 -45.731271 -3.312011 0.925888 -0.257908 -0.276070 0.304241 0.075777 0.949577 0.223984 0.963193 -0.148627
1.039786 -69.451487 -2.603473 2165.227832 0.929093 -0.084078 -0.360164 0.035174 0.989491 -0.140253 0.368171 0.117640 0.922286
0.409494 -35.083915 -11.465127 -316.261793 0.937858 -0.124862 -0.323778 0.055408 -0.867173 0.494915 0.342567 0.482100 0.806367
0.572544 -36.417537 1.309847 -4.236712 0.927732 -0.130172 -0.349811 0.066146 0.979718 -0.189149 0.367338 0.152341 0.917526
0.364289 -33.145191 1.748313 76.794844 0.922250 -0.172422 -0.346015 0.043536 -0.843018 0.536120 0.384136 0.509501 0.769967
-2.548537 -3.254694 -34.020208 -39.803814 -0.359704 0.932851 0.020069 0.912001 0.346957 0.218802 -0.197147 -0.097007 0.975563
-2.509534 -2.866141 -23.718293 -50.085098 -0.372744 0.927699 -0.020885 0.892349 0.364532 0.266140 -0.254511 -0.080566 0.963708
-1.088723 -2.608543 -79.578671 -13.459691 0.282209 0.939426 0.194520 0.928920 -0.318246 0.189283 -0.239722 -0.127276 0.962463
1.019795 -7.133514 -0.603496 29.109317 0.921337 -0.337366 -0.193192 -0.187724 0.049094 -0.980994 -0.340438 -0.940093 0.018100
0.829063 -7.207686 9.453278 25.443925 0.935439 -0.302923 -0.182183 -0.193657 -0.008008 -0.981037 -0.295720 -0.952981 0.066155
1.069828 -6.703653 7.354144 14.837432 0.936675 -0.306357 -0.169660 -0.138748 0.120174 -0.983009 -0.321540 -0.944301 -0.070058
0.896037 -6.739574 9.887737 8.246314 0.943683 -0.292726 -0.154185 -0.140111 0.068587 -0.987757 -0.299718 -0.953733 -0.023710
-0.091867 -4.291131 -28.677080 -5.934966 0.982738 -0.046382 -0.179097 0.086573 0.970824 0.223622 -0.163500 0.235266 -0.958080
-0.582692 -5.159418 -17.796831 -9.788275 0.965857 -0.171320 -0.194346 0.210619 0.956058 0.203944 -0.150866 0.237914 -0.959498
0.212928 -4.627268 37.257759 1.848318 -0.984946 -0.034450 0.169392 -0.011137 0.990551 0.136695 -0.172501 0.132751 -0.976023
-0.733205 -5.420015 -15.248634 -29.709839 0.929211 -0.289566 -0.229605 0.347204 0.896842 0.274087 -0.126553 0.334404 -0.933894
-0.415233 -4.736772 -15.901283 -35.757310 0.939920 -0.254574 -0.227469 0.314150 0.905780 0.284381 -0.133641 0.338755 -0.931335
-3.733813 -27.031807 125.241956 -542.041051 -0.027932 0.294981 -0.955095 0.996815 -0.063175 -0.048664 -0.074693 -0.953412 -0.292277
-4.572741 -27.240220 122.837160 -805.078076 -0.096727 0.230095 -0.968349 0.858964 -0.472203 -0.198004 -0.502817 -0.850929 -0.151969
-1.741447 -24.145450 43.334776 -675.628192 -0.084690 0.277553 -0.956970 0.960875 -0.231445 -0.152162 -0.263719 -0.932415 -0.247092
-1.418418 -22.214956 102.456978 -51.587207 -0.082880 0.350915 -0.932732 0.981490 0.190893 -0.015394 0.172650 -0.916743 -0.360241
-5.309203 -9.589588 -48.907647 -87.300241 -0.651422 0.714171 0.256144 0.746803 0.663140 0.050318 -0.133923 0.224067 -0.965328
-3.909497 -9.435905 -112.694835 139.869271 -0.603651 0.787412 0.124853 -0.789090 -0.612448 0.047370 -0.113765 0.069925 -0.991044
-2.732033 -8.973775 -115.461453 190.746731 -0.696906 0.713744 0.069941 -0.688990 -0.693404 0.210909 -0.199032 -0.098795 -0.975000
-5.028860 -7.767622 17.961716 14.642931 0.736858 -0.667473 0.107327 -0.032473 -0.193519 -0.980559 -0.675267 -0.719048 0.164271
-5.313486 -7.780934 -12.535472 -1.777110 -0.659477 0.734131 -0.161682 0.078930 0.281516 0.956305 -0.747570 -0.617900 0.243598
-5.123252 -7.405812 -12.815548 -24.729567 -0.670605 0.726815 -0.148423 -0.092206 0.116860 0.988859 -0.736062 -0.676819 0.011350
-1.271459 -20.829440 190.431759 -1246.528436 0.987350 0.047694 -0.151210 -0.155242 0.096910 -0.983112 0.032234 -0.994150 -0.103088
-6.113664 -53.707782 173.811064 -2599.364102 0.979815 -0.123147 -0.157472 -0.160362 -0.013857 -0.986961 -0.119359 -0.992292 0.033325
-2.306920 -12.649831 216.792709 -504.214287 0.991972 0.047691 -0.117117 -0.126149 0.437567 -0.890293 -0.008788 -0.897920 -0.440071
0.026826 -8.463023 124.548610 -166.070631 0.995151 0.067359 -0.071678 -0.097282 0.566345 -0.818407 0.014533 -0.821411 -0.570152
-0.332642 -5.583020 -13.884891 -11.103065 0.910722 -0.393960 -0.124022 -0.364389 -0.625042 -0.690321 -0.194440 -0.673883 0.712794
-0.305341 -5.930733 -16.530840 -17.694248 0.914268 -0.386846 -0.120267 -0.331162 -0.542689 -0.771894 -0.233336 -0.745546 0.624271
-0.386551 -5.777919 -1.767697 -6.789744 0.916517 -0.375547 -0.137697 -0.355347 -0.606399 -0.711343 -0.183643 -0.700888 0.689225
-0.168881 -5.745925 -20.645697 -19.325220 0.908215 -0.400331 -0.121983 -0.359669 -0.597620 -0.716581 -0.213971 -0.694683 0.686754
-0.299988 -5.305821 -3.392440 -11.226570 0.910357 -0.390241 -0.137703 -0.387933 -0.688914 -0.612295 -0.144077 -0.610827 0.778545
-0.235740 -5.165303 -11.783066 -13.936291 0.901888 -0.411966 -0.129931 -0.401286 -0.687687 -0.605026 -0.159898 -0.597805 0.785533
0.767684 -6.019445 -16.138273 2.261877 0.783504 -0.561165 -0.266862 -0.605469 -0.592859 -0.530967 -0.139749 -0.577592 0.804275
0.499577 -6.168595 -12.012385 -1.474842 0.789571 -0.552813 -0.266412 -0.574451 -0.513144 -0.637722 -0.215833 -0.656567 0.722728
0.586415 -6.206012 -7.662223 -14.063173 0.765399 -0.568182 -0.302215 -0.606864 -0.480927 -0.632791 -0.214197 -0.667741 0.712910
-0.442796 -4.795536 14.847699 9.255619 0.853627 -0.519567 0.037037 0.218339 0.292352 -0.931052 -0.472916 -0.802858 -0.363001
0.011704 -4.964504 91.942333 10.722997 0.890413 -0.453769 0.035474 0.161512 0.242138 -0.956704 -0.425533 -0.857592 -0.288892
-1.195410 -5.002342 11.339072 12.586252 0.856930 -0.513762 0.041461 0.169447 0.204831 -0.964019 -0.486784 -0.833122 -0.262581
-1.001631 -5.016934 -49.756805 11.132961 0.823627 -0.562293 0.073923 0.213239 0.186257 -0.959081 -0.525516 -0.805689 -0.273310
-1.762627 -5.297401 21.241323 -104.982749 -0.723276 0.659527 -0.204685 -0.246566 -0.523510 -0.815563 0.645040 0.539409 -0.541259
-1.428685 -6.535240 2.130523 -142.202723 -0.673816 0.736819 -0.055398 -0.374619 -0.405284 -0.833909 0.636893 0.541149 -0.549114
-1.409348 -4.828459 16.180399 6.362657 -0.706034 0.698556 -0.116342 -0.301296 -0.444977 -0.843336 0.640887 0.560371 -0.524642
-1.476520 -8.746074 -16.665899 -169.543488 -0.658366 0.752382 -0.021792 -0.462246 -0.426995 -0.777177 0.594039 0.501594 -0.628905
-1.246695 -6.139660 -17.701913 -98.776418 -0.679037 0.733157 -0.037271 -0.351470 -0.369260 -0.860300 0.644498 0.571076 -0.508424
-1.137498 -5.005921 -5.991144 -8.368951 -0.706488 0.700747 -0.099138 -0.300389 -0.423743 -0.854522 0.640813 0.573930 -0.509867
-0.360615 -16.070961 -9.804433 -133.576911 0.813062 -0.575743 0.086312 0.550663 0.712434 -0.434980 -0.188945 -0.401195 -0.896294
-0.272685 -15.975525 -15.980641 87.594431 0.812872 -0.577183 0.078093 0.582373 0.807503 -0.093710 0.008972 -0.121654 -0.992532
0.247735 -15.737840 9.534850 141.768690 -0.780273 0.615246 -0.112451 0.615763 0.787187 0.034241 0.109586 -0.042526 -0.993067
-0.038118 -15.228585 27.072794 175.811142 -0.803610 0.589328 -0.083092 0.582183 0.807385 0.095875 0.123589 0.028671 -0.991919
0.703259 -9.511689 24.076944 187.243762 -0.809260 0.576946 -0.110600 0.444962 0.724929 0.525820 0.383546 0.376312 -0.843375
1.136133 -7.623911 16.671692 34.166513 -0.817586 0.553166 -0.159876 0.362215 0.709923 0.603994 0.447609 0.435908 -0.780788
0.695485 -7.143949 -28.354097 24.452444 0.837010 -0.526679 0.148403 0.351527 0.725405 0.591791 0.419336 0.443167 -0.792313
0.888683 -7.766752 -24.368442 -93.400463 0.842511 -0.511680 0.168401 0.296976 0.702019 0.647283 0.449422 0.495332 -0.743415
0.400495 -7.320286 -26.059158 59.517076 0.837158 -0.530922 0.131488 0.369093 0.725765 0.580547 0.403655 0.437478 -0.803539
0.252429 -7.367202 -32.762359 -96.758420 0.851649 -0.507822 0.129660 0.331763 0.713853 0.616724 0.405744 0.482215 -0.776428
3.285997 -6.679049 36.079598 36.897322 -0.166085 0.983067 -0.077427 -0.980207 -0.173160 -0.095966 0.107748 -0.059956 -0.992369
3.278704 -6.338953 29.648116 -34.879260 -0.091564 0.988628 -0.119292 0.995282 0.094717 0.021023 0.032083 -0.116805 -0.992637
-0.594565 -7.436696 -5.361661 83.332452 -0.753165 0.653903 -0.071792 -0.493681 -0.633977 -0.595275 0.434767 0.412898 -0.800308
-0.596780 -7.483120 -1.311548 -7.953642 -0.773868 0.628775 -0.075958 0.481625 0.662119 0.574139 0.411298 0.407725 -0.815227
-0.701922 -7.549799 0.713992 -151.420473 0.770575 -0.634883 0.056021 0.483516 0.639589 0.597610 0.415243 0.433416 -0.799827
-0.889123 -9.454398 1.116733 -218.792721 0.753068 -0.657208 0.031091 0.464012 0.564007 0.683073 0.466456 0.499974 -0.729688
-1.584580 -11.067059 12.579295 -10.167981 0.841343 -0.537272 -0.059004 -0.533999 -0.809368 -0.244475 -0.083594 -0.237195 0.967859
-1.350656 -11.456128 17.330900 -4.233009 0.847240 -0.525212 -0.079601 -0.491225 -0.717585 -0.493730 -0.202193 -0.457410 0.865964
-1.467750 -11.483175 18.121461 -18.498865 0.849153 -0.525420 -0.053589 -0.441479 -0.650455 -0.618065 -0.289887 -0.548491 0.784298
-0.147804 -13.015310 -9.412783 -51.440746 -0.638291 0.749191 -0.176912 -0.174443 -0.364610 -0.914674 0.749770 0.552967 -0.363419
-0.288966 -14.756817 -19.929250 -111.935013 -0.651137 0.714351 -0.256365 -0.162225 -0.460976 -0.872459 0.741420 0.526502 -0.416044
-0.642231 -14.949892 -0.042940 -234.110735 -0.656146 0.711156 -0.252448 -0.261608 -0.528145 -0.807851 0.707837 0.464026 -0.532584
-0.341286 -12.574066 14.415547 -73.533037 -0.644748 0.747608 -0.159322 -0.207071 -0.371458 -0.905064 0.735814 0.550547 -0.394304
1.789076 -4.711435 -4.372410 23.736472 0.862369 -0.500852 -0.073933 0.503604 0.863610 0.023692 -0.051983 0.057664 -0.996982
1.964020 -4.844957 -10.736648 -7.768128 -0.875273 0.481288 0.047522 0.477713 0.875705 -0.070224 -0.075413 -0.038763 -0.996399
1.844243 -4.546024 4.392982 26.668670 0.864941 -0.500828 -0.032374 0.501808 0.864065 0.039755 -0.008062 0.050631 -0.998685
1.821897 -4.655658 10.389449 8.129690 0.879104 -0.476615 -0.003817 0.475956 0.878259 -0.046110 -0.025329 -0.038718 -0.998929
1.024134 -35.712762 1.091447 507.319832 -0.604663 0.723566 0.332918 0.128946 -0.323542 0.937386 -0.785974 -0.609732 -0.102333
0.840528 -50.419761 -8.529921 868.309902 -0.578946 0.762001 0.290132 -0.163462 -0.457075 0.874278 -0.798813 -0.458734 -0.389180
-18.347600 -3030.677644 -914.095888 -679307.041864 0.791077 -0.611617 0.011090 0.610904 0.788961 -0.065862 -0.031533 -0.058877 -0.997767
3.371008 -2.194016 -67.266201 4.831597 -0.593506 -0.795019 0.125283 0.804633 -0.589570 0.070518 0.017800 0.142660 0.989612
3.839205 -2.081290 -64.849063 -15.502817 -0.596584 -0.793239 0.121899 0.800671 -0.577891 0.158015 -0.054899 0.191870 0.979884
2.177593 -2.278505 -94.739156 -10.936467 -0.650603 -0.733765 0.195717 0.759079 -0.636044 0.138731 0.022688 0.238823 0.970798
0.368488 -6.644148 9.317948 -19.683315 0.815694 -0.527554 -0.237339 0.010956 0.424293 -0.905459 -0.578379 -0.735977 -0.351874
0.183150 -6.360673 -2.797042 -27.275823 0.806218 -0.561039 -0.187744 -0.031694 0.275925 -0.960656 -0.590769 -0.780449 -0.204674
0.187894 -7.083213 8.729809 -7.605383 0.809677 -0.535822 -0.239411 0.042170 0.460006 -0.886914 -0.585358 -0.708018 -0.395052
0.244492 -6.212396 -6.522051 -17.805717 0.802021 -0.544120 -0.246364 -0.016848 0.391692 -0.919942 -0.597058 -0.741964 -0.304978
0.440081 -6.851376 4.451466 -7.463414 0.811905 -0.514664 -0.275557 0.062127 0.545505 -0.835801 -0.580475 -0.661472 -0.474873
4.760447 -45.179442 25.913803 -1353.207272 0.837488 -0.478248 -0.264372 0.064065 0.566386 -0.821646 -0.542687 -0.671182 -0.504980
4.917092 -56.934599 99.292066 -1479.053146 0.858950 -0.490231 -0.147917 0.353350 0.776524 -0.521684 -0.370607 -0.395833 -0.840218
7.900361 -107.483673 -194.072388 -3799.167393 -0.813014 0.529257 0.242684 0.342433 0.771741 -0.535868 -0.470902 -0.352565 -0.808671
-34.424841 -47.853009 -561.349186 -1042.053281 0.916927 -0.253514 -0.308181 -0.025278 -0.807626 0.589153 0.398254 0.532420 0.746942
-27.828974 -37.690715 56.648548 748.131302 0.715442 -0.041271 -0.697452 -0.273953 0.901743 -0.334380 0.642722 0.430299 0.633839
-34.953307 -131.688746 -951.092188 -5459.912231 0.740468 -0.610254 0.281598 -0.468865 -0.168847 0.866981 0.481531 0.774003 0.411152
-21.232346 -106.520182 -653.350150 -3419.484599 0.861728 -0.471012 0.188605 -0.428971 -0.477860 0.766573 0.270939 0.741483 0.613836
-0.492109 -2.921340 7.008028 -14.502773 0.944707 -0.322647 -0.058549 0.191894 0.688737 -0.699156 -0.265905 -0.649262 -0.712568
-0.400318 -8.672482 -42.132544 20.128953 0.836888 -0.534461 -0.118195 0.029605 -0.171421 0.984753 0.546573 0.827627 0.127637
-0.308618 -8.142534 82.221003 -8.459878 0.762892 -0.646438 -0.010655 -0.026307 -0.047505 0.998525 0.645990 0.761487 0.053247
-1.393087 -8.827240 128.852545 144.607014 0.764747 -0.641949 0.055347 -0.179756 -0.130072 0.975074 0.618749 0.755634 0.214866
-2.498469 -6.862721 78.186804 125.798902 0.820257 -0.571978 0.004399 -0.203865 -0.285154 0.936550 0.534431 0.769109 0.350506
-3.963420 -7.371744 6.807129 14.966161 -0.368284 -0.483175 0.794298 0.831085 0.211856 0.514213 -0.416732 0.849505 0.323536
-4.009144 -7.119391 -10.801281 0.864122 -0.313476 -0.449161 0.836653 0.918706 0.079445 0.386870 -0.240235 0.889912 0.387742
-4.048097 -7.243412 20.041649 9.652840 -0.347782 -0.424826 0.835805 0.882403 0.152981 0.444929 -0.316880 0.892255 0.321664
-4.259833 -7.732824 28.605575 25.156585 -0.430518 -0.429778 0.793691 0.782700 0.260148 0.565424 -0.449484 0.864647 0.224389
-4.347122 -11.187724 12.215673 -15.288132 0.966697 -0.085518 0.241212 -0.191980 0.380943 0.904448 0.169234 0.920635 -0.351838
-3.929862 -11.051125 0.441926 -17.721875 0.952401 -0.161890 0.258310 -0.170698 0.418841 0.891871 0.252575 0.893512 -0.371270
-4.182254 -10.439883 10.824106 -41.508158 0.963125 -0.087445 0.254446 -0.158131 0.581155 0.798281 0.217679 0.809081 -0.545898
-4.093977 -11.234110 -0.812428 -4.541994 0.956740 -0.147571 0.250743 -0.218095 0.206661 0.953795 0.192571 0.967220 -0.165537
-4.838491 -10.878289 26.749155 -46.627166 0.975357 -0.000536 0.220634 -0.187875 0.522298 0.831810 0.115682 0.852763 -0.509326
-4.546449 -11.591863 16.332723 -9.813835 0.975426 -0.015102 0.219808 -0.205964 0.291799 0.934041 0.078245 0.956361 -0.281518
-4.273668 -11.246378 10.824064 0.818265 0.968023 -0.078367 0.238308 -0.225393 0.145358 0.963363 0.110135 0.986271 -0.123046
-0.718584 -6.076099 -103.881310 1.119268 0.959101 -0.282939 -0.008468 -0.116893 -0.423131 0.898497 0.257803 0.860759 0.438898
-1.181475 -6.147124 -70.196152 -6.860381 0.958552 -0.275253 -0.073583 -0.098685 -0.563016 0.820533 0.267283 0.779262 0.566843
-1.544757 -6.308261 -43.012416 -3.596486 0.955840 -0.259866 -0.137256 -0.085609 -0.692987 0.715849 0.281141 0.672487 0.684632
-2.178375 -6.386793 -23.057603 6.635070 0.939354 -0.315436 -0.134588 -0.105288 -0.638744 0.762181 0.326387 0.701788 0.633219
-2.133937 -6.331890 -75.096119 -2.957702 0.950668 -0.301146 -0.074439 -0.089282 -0.495431 0.864047 0.297083 0.814776 0.497877
0.947059 -6.816258 -17.900198 10.850005 0.878328 -0.412888 -0.240962 0.434328 0.899805 0.041351 0.199745 -0.140976 0.969653
1.715441 -6.517768 -14.882762 17.789214 0.867525 -0.406053 -0.287265 0.437963 0.897358 0.054198 0.235772 -0.172829 0.956317
1.117508 -7.056638 -17.304805 -9.542034 0.887711 -0.387924 -0.247960 -0.440146 -0.873050 -0.209892 0.135060 -0.295462 0.945760
1.353407 -6.279692 -22.227230 24.609700 0.863413 -0.435180 -0.255216 0.425641 0.899939 -0.094552 0.270826 -0.026993 0.962250
0.697644 -7.060757 -28.967182 -13.408416 0.894280 -0.393004 -0.214036 -0.430048 -0.887015 -0.168113 0.123784 -0.242386 0.962251
0.456052 -7.190316 -28.713607 13.187344 0.887132 -0.409376 -0.213093 0.430066 0.900811 0.059857 0.167452 -0.144745 0.975197
0.654811 -6.736226 -20.246908 14.613152 0.868527 -0.441753 -0.224753 0.425134 0.897091 -0.120366 0.254796 0.008991 0.966953
2.680086 -12.692358 58.812370 -188.918464 0.954733 -0.278161 0.105407 -0.159748 -0.778375 -0.607135 -0.250928 -0.562814 0.787576
3.306104 -12.223903 12.541317 -149.362069 0.927859 -0.309408 0.208192 -0.119049 -0.774794 -0.620904 -0.353419 -0.551326 0.755735
3.124453 -10.074756 12.703146 -41.068508 0.931941 -0.320548 0.169514 -0.195645 -0.838098 -0.509230 -0.305302 -0.441408 0.843771
2.623113 -9.643614 49.376964 -99.446589 0.956086 -0.285024 0.068266 -0.217348 -0.845777 -0.487258 -0.196619 -0.451023 0.870586
2.972070 -9.109241 12.529193 51.379768 0.938892 -0.321497 0.122967 -0.245237 -0.875464 -0.416439 -0.241537 -0.360835 0.900810
-0.302907 -6.187696 -6.217260 9.528567 0.910076 -0.410759 -0.055119 0.106398 0.360104 -0.926825 -0.400551 -0.837617 -0.371425
-0.213968 -19.913645 -6.417625 -72.356511 0.966158 -0.255875 -0.032670 -0.227293 -0.784581 -0.576863 -0.121972 -0.564766 0.816187
-0.388732 -21.075372 -9.334723 50.382777 0.962625 -0.268593 -0.034790 -0.200473 -0.620259 -0.758347 -0.182108 -0.736978 0.650922
0.136309 -19.503112 10.518361 -134.661933 0.969446 -0.239408 -0.053461 -0.230283 -0.813110 -0.534623 -0.084523 -0.530599 0.843398
-0.608518 -8.063428 4.543577 -3.683437 0.897678 -0.362806 -0.250091 -0.409587 -0.896311 -0.169897 0.162520 -0.254947 0.953200
-0.529435 -7.807085 -9.231713 -6.093322 0.892673 -0.389979 -0.225946 -0.417617 -0.904230 -0.089245 0.169504 -0.174026 0.970043
-0.209756 -4.864296 -1.885618 -71.562437 0.915270 -0.347955 -0.203001 0.401557 0.747824 0.528688 0.032151 0.565409 -0.824184
-0.415608 -6.269115 5.788491 -62.907406 0.867428 -0.428536 -0.252836 0.487425 0.629814 0.604774 0.099928 0.647836 -0.755197
-0.049462 -4.985926 6.547449 -68.708961 0.877223 -0.414440 -0.242323 0.479038 0.722323 0.498771 0.031675 0.553615 -0.832170
0.237805 -3.589424 -14.502586 -52.397938 0.950534 -0.262778 -0.165626 0.310339 0.826062 0.470438 -0.013196 0.498568 -0.866750
0.098522 -3.943043 -17.266434 -62.216939 0.973059 -0.200195 -0.114363 0.230270 0.819073 0.525448 0.011520 0.537626 -0.843105
3.125451 -27.283947 -39.919872 64.187908 0.993739 -0.107937 -0.028861 0.059207 0.289665 0.955295 0.094751 0.951023 -0.294242
2.473681 -22.564410 0.034136 185.978083 0.984834 -0.171976 0.022956 -0.012607 0.061027 0.998057 0.173043 0.983209 -0.057933
1.673607 -27.253836 -70.247091 623.271003 0.994339 -0.096079 -0.045370 0.025285 -0.200764 0.979313 0.103200 0.974917 0.197198
1.582448 -27.993640 -77.376657 397.342887 0.991708 -0.073117 -0.105685 0.111444 0.079769 0.990564 0.063997 0.994128 -0.087256
2.631288 -27.679417 -98.165501 -131.360568 0.992882 -0.065165 -0.099693 0.118797 0.482036 0.868060 0.008512 0.873725 -0.486346
2.271826 -6.090880 -71.588857 6.370058 0.950029 -0.295836 -0.099628 0.058718 -0.144104 0.987819 0.306590 0.944307 0.119532
2.833898 -6.130620 -24.169092 -5.645108 0.932996 -0.346269 -0.098067 0.099791 -0.012893 0.994925 0.345776 0.938047 -0.022526
0.377278 -39.562385 4.110266 -508.362883 0.930151 -0.163433 -0.328800 0.037604 -0.848369 0.528068 0.365247 0.503548 0.782965
0.362735 -29.796068 -20.719774 -346.965735 0.927265 -0.161695 -0.337690 0.178653 -0.601552 0.778600 0.329034 0.782298 0.528911
0.563753 -33.586635 -9.553709 -381.583566 0.932459 -0.140333 -0.332906 0.166377 -0.651140 0.740497 0.320684 0.745871 0.583813
0.406500 -5.501312 11.929028 25.502071 0.962958 -0.236750 -0.129082 0.031699 0.574763 -0.817706 -0.267783 -0.783324 -0.560977
0.090943 -6.024246 13.246279 27.849469 0.963596 -0.250459 -0.093555 0.032823 0.458090 -0.888300 -0.265339 -0.852891 -0.449635
-0.065644 -5.927550 14.739894 32.480233 0.963019 -0.255017 -0.086953 0.057124 0.508638 -0.859083 -0.263309 -0.822346 -0.504396
-0.259036 -6.290848 13.790765 14.758672 0.961641 -0.266214 -0.066161 0.034266 0.355877 -0.933905 -0.272163 -0.895814 -0.351348
0.154401 -5.420339 18.220753 27.564146 0.966751 -0.228407 -0.114994 0.054017 0.621936 -0.781203 -0.249951 -0.749017 -0.613595
-0.537252 -5.540892 -16.887105 -17.627081 0.971309 -0.154099 -0.181144 0.179187 0.975004 0.131378 -0.156371 0.160067 -0.974642
-0.969226 -6.339065 -9.023667 -24.555737 0.924758 -0.319691 -0.206447 0.366088 0.895480 0.253170 -0.103933 0.309699 -0.945137
19.659413 -61.228121 2491.192118 -1971.281939 -0.289009 -0.694407 -0.658993 -0.070462 0.701931 -0.708751 0.954730 -0.158401 -0.251794
-15.589703 -103.587991 -214.412863 -3540.551119 -0.265684 0.152332 -0.951949 0.226716 0.969617 0.091884 0.937023 -0.191409 -0.292148
-11.067268 -66.128553 -74.961286 -1969.427809 -0.016101 -0.014838 -0.999760 0.128402 0.991580 -0.016784 0.991591 -0.128642 -0.014061
-5.441290 -50.664115 186.394346 -1435.218615 -0.258463 -0.285513 -0.922865 0.402999 0.836357 -0.371616 0.877946 -0.467962 -0.101107
-7.685443 -83.125170 -109.447869 -2607.755742 0.032442 0.244075 -0.969214 -0.175830 0.955994 0.234860 0.983886 0.162798 0.073930
-5.952257 -76.489378 46.394090 -2043.567060 -0.052024 0.017239 -0.998497 0.359100 0.933295 -0.002597 0.931848 -0.358696 -0.054744
-8.072463 -35.281476 222.472526 -967.316274 0.026172 0.205458 -0.978316 0.975441 -0.219352 -0.019971 -0.218699 -0.953767 -0.206153
-5.788947 -28.563592 154.206781 269.659196 -0.054596 0.232728 -0.971008 0.948936 0.314694 0.022070 0.310707 -0.920220 -0.238025
-9.500587 -29.867537 254.479846 -12.228121 -0.002045 0.152291 -0.988334 0.979810 0.197895 0.028466 0.199921 -0.968321 -0.149621
-7.478937 -9.418943 -86.343643 -34.527957 0.720265 -0.586945 -0.369748 0.681226 0.699087 0.217275 -0.130958 0.408378 -0.903370
-6.347435 -9.215602 -67.104759 -40.107604 0.871050 -0.330423 -0.363444 0.433522 0.865025 0.252569 -0.230933 0.377562 -0.896726
-5.114685 -7.908892 -13.733851 -4.588702 -0.728953 0.675003 -0.114005 0.154080 0.324044 0.933410 -0.666998 -0.662847 0.340217
-0.397364 -5.978092 -2.731715 -9.370440 0.918451 -0.370392 -0.138772 -0.325174 -0.507327 -0.798049 -0.225188 -0.778094 0.586396
-0.414267 -6.212182 -14.070045 -13.270555 0.904072 -0.400578 -0.148967 -0.323475 -0.413558 -0.851078 -0.279316 -0.817623 0.503463
