13735
27446
-4.213281 -6.144083 10.400760 100.383497 -0.810582 0.531035 0.246897 0.297043 0.736159 -0.608141 -0.504700 -0.419610 -0.754457
-4.731045 -5.589735 7.914439 38.781941 0.899841 -0.199792 -0.387776 -0.042506 0.844558 -0.533775 -0.434143 -0.496795 -0.751475
-4.593604 -6.328722 -4.358037 47.302131 0.825770 -0.550950 -0.120657 0.279902 0.586045 -0.760399 -0.489652 -0.594142 -0.638151
-5.249098 -5.743735 15.599991 16.463794 0.909253 -0.209949 -0.359416 -0.108161 0.714642 -0.691078 -0.401944 -0.667240 -0.627082
-2.984397 -7.086864 31.099347 99.128930 -0.773115 0.520212 0.362868 0.206417 0.747322 -0.631587 -0.599738 -0.413387 -0.685146
-3.139163 -5.710900 -76.039683 -48.775352 0.719138 -0.356038 -0.596722 -0.314582 0.598895 -0.736453 -0.619579 -0.717329 -0.318685
-2.661597 -6.047282 51.026622 -19.472698 -0.760691 0.467137 0.450703 -0.036442 0.662506 -0.748169 -0.648091 -0.585550 -0.486939
-4.235926 -5.544089 -30.423686 -5.014979 0.720522 -0.074130 -0.689459 -0.491267 0.647140 -0.582981 -0.489392 -0.758759 -0.429860
4.833056 -3.868030 -33.458157 -36.242694 -0.428849 0.650991 0.626338 -0.529859 0.380286 -0.758045 0.731668 0.656958 -0.181848
5.730484 -5.816133 -1.975336 40.159208 -0.550362 0.510803 0.660440 0.594554 -0.315581 0.739537 0.586180 0.799680 -0.130016
5.884832 -5.546201 -23.679851 59.841847 -0.500461 0.645652 0.576778 0.572869 -0.252545 0.779771 0.649123 0.720662 -0.243485
6.101614 -6.611941 -26.295458 65.497085 -0.478583 0.707894 0.519466 0.624524 -0.141423 0.768094 0.617194 0.692016 -0.374414
4.848554 -4.521332 -41.250815 -52.452184 -0.405860 0.778723 0.478403 -0.535309 0.221717 -0.815038 0.740758 0.586884 -0.326871
-0.390378 -3.185405 49.248721 -13.461482 -0.616188 -0.021360 0.787310 0.455443 0.805883 0.378317 -0.642561 0.591689 -0.486847
-0.495773 -3.368080 -33.560885 -8.333395 0.645351 0.033656 -0.763144 0.521158 0.711014 0.472073 -0.558495 0.702371 -0.441314
-1.135267 -3.159054 -8.327887 -8.064289 0.601469 -0.123543 -0.789286 0.555782 0.774411 0.302315 -0.573883 0.620504 -0.534447
7.529439 -3.617688 61.305807 22.627659 -0.552012 0.813204 0.184343 -0.803914 -0.577727 0.141256 -0.221370 0.070220 -0.972658
6.682279 -5.184333 26.341523 -44.653827 -0.453702 0.863762 0.219247 0.881603 0.470966 -0.031098 -0.130119 0.179180 -0.975174
6.120123 -4.255481 20.441349 15.184900 -0.478792 0.812938 0.331498 -0.830833 -0.541575 0.128116 -0.283681 0.214078 -0.934717
5.531607 -5.212144 22.641015 -25.613826 -0.400459 0.819404 0.410134 0.881819 0.466280 -0.070562 -0.249056 0.333406 -0.909292
7.362133 -3.472871 53.843286 6.791420 -0.576327 0.753486 0.316397 -0.729883 -0.648736 0.215435 -0.367585 0.106772 -0.923840
5.702518 -4.717292 39.413086 -5.911955 -0.453542 0.762354 0.461645 -0.808600 -0.569810 0.146569 -0.374788 0.306811 -0.874872
-0.158496 -4.425171 0.262074 18.029415 0.851215 -0.022248 -0.524345 0.407822 0.656884 0.634181 -0.330324 0.753664 -0.568223
-0.139186 -3.938542 -0.045029 29.344601 0.852149 -0.005486 -0.523270 0.447594 0.525691 0.723400 -0.271110 0.850658 -0.450423
-0.189306 -4.003782 -2.174548 36.958373 0.860101 0.003548 -0.510111 0.424167 0.550541 0.719018 -0.283389 0.834800 -0.472016
-0.536077 -6.272170 16.327288 -81.699961 -0.342395 0.654829 0.673769 -0.721879 -0.642348 0.257448 -0.601378 0.398231 -0.692644
-0.894910 -9.662928 25.338072 109.590384 -0.310030 0.647469 0.696179 0.565348 0.714280 -0.412536 -0.764371 0.265684 -0.587494
0.045735 -7.350043 9.929833 -78.423795 -0.318564 0.692172 0.647622 -0.672978 -0.646298 0.359721 -0.667545 0.321242 -0.671704
0.054366 -4.900233 7.546245 -29.536921 -0.363553 0.662060 0.655367 -0.763267 -0.615027 0.197901 -0.534091 0.428273 -0.728924
0.020985 -12.292803 4.209366 -62.562904 -0.595660 0.214398 0.774095 0.800894 0.084974 0.592746 0.061306 0.973043 -0.222326
-0.032902 -11.569051 4.253610 -68.368607 -0.579277 0.227242 0.782815 0.803302 0.322163 0.500916 -0.138365 0.919006 -0.369166
0.035292 -11.476373 2.263450 -65.253629 -0.574938 0.216090 0.789146 0.795580 0.372851 0.477529 -0.191044 0.902379 -0.386283
-0.066051 -12.247993 -1.020571 -35.343769 -0.573263 0.229554 0.786558 0.808770 0.312444 0.498266 -0.131377 0.921783 -0.364770
0.027065 -12.596970 -0.698888 -19.670369 -0.595401 0.229987 0.769808 0.782087 -0.053467 0.620871 0.183951 0.971724 -0.148035
0.032380 -1.471355 -21.583172 17.319362 -0.554196 0.387067 0.736917 0.514727 0.855106 -0.062047 -0.654159 0.344925 -0.673130
-0.439296 -2.005082 -14.739696 10.095556 -0.481728 0.485524 0.729524 0.529377 0.824652 -0.199271 -0.698354 0.290199 -0.654283
-0.604428 -1.602380 -21.027918 12.936169 -0.551610 0.381586 0.741700 0.517920 0.853721 -0.054035 -0.653824 0.354335 -0.668552
-0.924523 -1.756075 -9.106222 0.406348 -0.657744 0.097699 0.746879 0.358476 0.912665 0.196310 -0.662471 0.396860 -0.635322
-0.424798 -1.422286 -25.898325 -7.619927 -0.742383 -0.057410 0.667511 0.230114 0.913861 0.334523 -0.629217 0.401948 -0.665224
-0.155514 -1.122775 -28.251590 11.002783 -0.655738 0.217624 0.722944 0.418882 0.901528 0.108560 -0.628129 0.374015 -0.682324
2.907019 -5.193951 60.058631 -106.436560 -0.189174 -0.257611 0.947550 0.078350 0.957937 0.276077 -0.978813 0.126467 -0.161033
2.672990 -5.964509 25.958227 -138.290423 -0.149485 -0.200005 0.968325 0.018771 0.978578 0.205020 -0.988586 0.048823 -0.142528
3.997532 -2.634335 60.372022 -65.844680 -0.198842 -0.432210 0.879578 -0.046077 0.900630 0.432138 -0.978948 0.045399 -0.198998
4.060408 -3.009641 45.916038 -69.846955 -0.311794 -0.396732 0.863359 0.005226 0.907926 0.419098 -0.950135 0.135184 -0.281012
3.247054 -4.525575 28.538198 -64.742539 -0.375520 -0.264678 0.888218 0.171009 0.922114 0.347077 -0.910901 0.282228 -0.301009
-0.389425 -6.250732 0.864836 -77.792329 0.597519 -0.486520 -0.637393 0.687022 -0.099279 0.719822 -0.413487 -0.868010 0.274929
-0.401808 -6.713428 -6.622724 -77.152041 0.599050 -0.508912 -0.618181 0.688309 -0.067167 0.722302 -0.409109 -0.858194 0.310052
-0.395706 -5.448388 -4.719290 -10.148384 0.530620 -0.492390 -0.689924 0.687373 -0.226286 0.690155 -0.495945 -0.840445 0.218383
-0.385847 -5.136274 -2.372438 -2.875587 0.514663 -0.477387 -0.712196 0.699378 -0.246761 0.670805 -0.495976 -0.843333 0.206875
-0.319764 -4.820465 5.877426 -35.894613 0.557246 -0.472246 -0.682979 0.686163 -0.201309 0.699039 -0.467608 -0.858172 0.211859
-1.712974 -8.918610 10.522972 -35.233361 0.838701 -0.330868 -0.432559 -0.293088 0.395213 -0.870578 -0.458999 -0.856933 -0.234492
-2.096483 -10.384990 15.885737 -44.593191 0.805415 -0.349607 -0.478625 -0.233555 0.554984 -0.798401 -0.544756 -0.754830 -0.365340
-1.798976 -9.942924 16.410449 -28.104313 0.835567 -0.298393 -0.461292 -0.200701 0.615821 -0.761895 -0.511417 -0.729196 -0.454671
0.782008 -8.555866 -10.117712 -2.755260 -0.693079 -0.106250 -0.712988 -0.321248 0.930957 0.173546 0.645322 0.349327 -0.679360
0.907365 -8.437372 -10.610723 -12.145440 -0.698617 -0.111917 -0.706688 -0.161332 0.986895 0.003197 0.697069 0.116245 -0.707518
0.481377 -8.384331 -5.626395 -4.947522 -0.696804 -0.103315 -0.709781 -0.200803 0.978100 0.054760 0.688580 0.180683 -0.702290
7.293593 -5.677438 34.314155 -146.701513 0.369141 -0.181481 0.911482 -0.264300 0.919755 0.290167 -0.891000 -0.348017 0.291553
8.076250 -2.571599 70.168336 -63.016771 0.435270 -0.260478 0.861795 -0.275347 0.872848 0.402889 -0.857160 -0.412658 0.308203
7.530277 -3.169857 -6.604823 -87.916644 0.181584 -0.345758 0.920586 -0.264941 0.884332 0.384401 -0.947013 -0.313702 0.068975
-0.121029 -3.777196 15.343310 -4.359683 0.641049 -0.113504 0.759061 -0.604225 0.535201 0.590315 0.473254 0.837064 -0.274508
0.133093 -3.852646 14.920431 13.277982 0.585655 -0.073939 0.807181 0.709597 -0.434542 -0.554658 0.391764 0.897612 -0.202025
0.091544 -3.505102 -3.512828 -11.120078 0.654053 -0.056249 0.754354 -0.622317 0.526917 0.578862 0.430042 0.848054 -0.309627
0.193320 -3.478225 5.081888 6.348064 0.659760 -0.094380 0.745526 -0.562498 0.595835 0.573217 0.498310 0.797542 -0.340020
0.124122 -3.268272 -11.557558 2.411622 0.658453 -0.044842 0.751285 -0.588417 0.591721 0.551028 0.469260 0.804895 -0.363234
-4.322488 -566.264803 24.173966 -12387.814516 -0.618539 0.779300 0.100504 0.733803 0.527162 0.428525 0.280968 0.338809 -0.897923
17.539035 -221.127731 -512.316648 -14235.710259 0.791771 -0.606335 -0.073866 0.412463 0.619925 -0.667508 -0.450525 -0.498046 -0.740930
-1.661076 -329.641542 4.526722 -13833.008692 -0.648278 0.751988 0.119373 0.712473 0.543818 0.443447 0.268549 0.372527 -0.888316
3.741663 -196.847649 -494.553906 30615.685197 0.748336 -0.631842 -0.201914 0.086365 0.394618 -0.914777 -0.657674 -0.667122 -0.349876
-24.347479 -296.734591 501.800319 3068.315099 -0.755680 0.642449 0.127303 0.559741 0.734441 -0.383779 -0.340055 -0.218757 -0.914608
-22.795551 -1994.221571 -976.225845 2548120.689887 -0.627827 0.777002 0.045837 -0.459855 -0.322767 -0.827257 0.627986 0.540453 -0.559950
-22.584481 -223.530362 -415.297740 -4305.719260 0.919344 -0.108787 0.378116 0.383562 0.461943 -0.799681 0.087673 -0.880213 -0.466411
-33.100159 -211.272275 761.888589 -797.991805 -0.701465 0.099859 -0.705673 0.275565 0.951132 -0.139329 0.657275 -0.292193 -0.694703
-3.606095 -221.438729 -255.456774 -4372.921795 0.913084 0.211950 0.348361 0.357385 -0.004586 -0.933946 0.196352 -0.977270 0.079935
-1.631782 -2.924419 -1.978703 -20.793591 -0.651312 0.705626 -0.279079 -0.054983 -0.410704 -0.910109 0.756815 0.577421 -0.306294
-1.370242 -3.900749 1.099313 -40.592198 -0.651049 0.684542 -0.327928 -0.097392 -0.503799 -0.858313 0.752761 0.526866 -0.394667
-1.528302 -3.152064 -0.581394 28.446023 -0.690247 0.567343 -0.449089 -0.058992 0.574463 0.816402 0.721165 0.590012 -0.363053
-1.794517 -2.684931 1.200421 13.610582 -0.675599 0.538435 -0.503640 -0.157601 0.561855 0.812084 0.720227 0.628018 -0.294731
-1.892440 -2.512015 -1.937511 0.678341 -0.647965 0.663597 -0.373871 0.070832 -0.436231 -0.897043 0.758369 0.607735 -0.235658
-0.334525 -2.014354 -24.605905 -0.333530 0.717670 0.267346 -0.643021 0.575438 0.292374 0.763799 -0.392201 0.918174 -0.055987
0.521501 -1.751440 -20.844030 -1.884455 0.760196 0.278864 -0.586803 0.522159 0.275193 0.807229 -0.386591 0.920056 -0.063589
0.071707 -1.949022 -18.120649 -6.184943 0.672585 0.241486 -0.699510 0.649517 0.260337 0.714390 -0.354623 0.934831 -0.018250
-1.063185 -2.321208 25.056209 -3.905869 -0.611028 -0.197546 0.766564 0.716026 0.275017 0.641617 -0.337567 0.940926 -0.026595
-1.172862 -2.305702 -24.233981 3.175227 0.749619 0.256722 -0.610054 0.540313 0.294993 0.788062 -0.382274 0.920366 -0.082422
-0.486141 -2.233737 17.282863 -7.880367 -0.590781 -0.201297 0.781318 0.736406 0.261152 0.624104 -0.329673 0.944076 -0.006047
-0.134703 -5.099195 -3.334516 -15.282720 0.850220 -0.200009 -0.486953 -0.270252 0.627982 -0.729796 -0.451763 -0.752087 -0.479870
-0.104787 -4.898254 9.726049 -16.082880 0.878324 -0.196159 -0.435968 -0.246664 0.595230 -0.764760 -0.409516 -0.779245 -0.474420
0.115985 -4.373142 2.680013 -30.755558 0.873704 -0.203910 -0.441658 -0.317733 0.448280 -0.835519 -0.368357 -0.870325 -0.326875
0.760441 -2.471777 -0.795633 -5.341878 0.990496 0.099650 -0.094805 0.085045 0.098012 0.991545 -0.108100 0.990184 -0.088606
0.867280 -2.449495 -0.541480 -6.801187 0.993630 0.111289 -0.017744 0.016222 0.014565 0.999762 -0.111521 0.993681 -0.012667
0.840822 -2.238296 5.336383 -4.797574 0.990421 0.118491 -0.070892 0.061646 0.079957 0.994890 -0.123554 0.989731 -0.071887
0.808510 -2.286970 2.833006 -5.341012 0.991111 0.132700 0.009516 -0.008693 -0.006775 0.999939 -0.132756 0.991133 0.005561
0.738196 -2.295023 6.597603 -2.659654 0.988094 0.096823 -0.119560 0.104324 0.149495 0.983243 -0.113074 0.984010 -0.137615
-1.005039 -16.424474 -31.745630 -332.481206 0.994872 0.065400 0.077147 -0.101017 0.605240 0.789608 -0.004948 0.793352 -0.608743
-1.030271 -5.257203 -22.786165 -27.540196 0.974313 -0.145913 -0.171536 0.225192 0.624899 0.747522 0.001881 0.766949 -0.641706
-0.033652 -16.066117 1.327348 -304.290891 0.999755 0.001451 0.022110 -0.018267 0.618755 0.785372 0.012541 0.785583 -0.618629
-0.332299 -27.321662 -20.152227 -542.553696 0.988830 0.073230 0.129816 -0.146942 0.333142 0.931356 -0.024957 0.940029 -0.340181
-2.295601 -4.018721 -0.392227 -34.947976 0.994480 0.102647 0.021738 0.093588 -0.774137 -0.626062 0.047435 -0.624640 0.779471
-1.922133 -2.539393 -82.526430 5.331973 -0.047423 -0.881928 -0.468992 0.998866 -0.043857 -0.018532 -0.004225 -0.469339 0.883008
-2.780499 -3.582571 16.654079 -41.239086 0.833428 0.454143 0.314883 0.552128 -0.708522 -0.439490 -0.023511 -0.540139 0.841247
5.703858 -7.241746 -33.035125 91.380533 0.166834 -0.748174 -0.642186 0.948705 -0.055596 0.311236 -0.268562 -0.661170 0.700521
5.610949 -4.356537 -29.895336 28.869263 0.171639 -0.721912 -0.670360 0.979505 0.052251 0.194524 -0.105402 -0.690009 0.716085
5.787882 -5.141266 80.979167 31.800885 0.212736 -0.506150 -0.835796 0.965488 -0.022647 0.259461 -0.150255 -0.862148 0.483864
-0.381229 -3.256366 21.459138 -6.145827 0.522704 -0.150940 -0.839046 0.650819 0.706360 0.278372 0.550651 -0.691573 0.467452
-0.040052 -2.996781 11.909299 -6.893921 0.544355 -0.136573 -0.827663 0.702614 0.613248 0.360918 0.458271 -0.777994 0.429782
0.158723 -3.086624 28.098808 -6.864654 0.488194 -0.189907 -0.851823 0.727000 0.628488 0.276540 0.482844 -0.754280 0.444886
0.446313 -2.828323 13.458354 -5.503877 0.520606 -0.171150 -0.836467 0.758792 0.541879 0.361388 0.391412 -0.822845 0.411973
0.679476 -2.909854 18.100009 -9.992493 0.516347 -0.194782 -0.833934 0.745648 0.581184 0.325936 0.421182 -0.790117 0.445331
0.946563 -3.062545 22.014155 -4.454324 0.519146 -0.192776 -0.832662 0.703329 0.649889 0.288049 0.485609 -0.735175 0.472972
-1.233231 -3.453463 -2.189398 10.939912 0.580208 0.307087 -0.754358 -0.517693 0.854074 -0.050500 0.628770 0.419827 0.654518
-1.125011 -3.644867 3.727165 7.373097 0.522216 0.314953 -0.792524 -0.517497 0.855685 -0.000939 0.677855 0.410619 0.609840
-1.264879 -3.308992 -1.963052 14.356338 0.556980 0.306820 -0.771774 -0.575443 0.812625 -0.092230 0.598865 0.495482 0.629173
-1.069075 -2.984821 -7.131537 12.253781 0.633898 0.239341 -0.735452 -0.540950 0.816823 -0.200432 0.552763 0.524896 0.647254
-1.141369 -2.887107 -0.120102 -15.851378 0.595496 0.229773 -0.769798 0.590667 -0.774712 0.225685 0.544515 0.589089 0.597057
0.334750 -3.574058 -3.164801 8.416932 -0.120413 -0.943005 -0.310229 0.990209 -0.136322 0.030036 -0.070615 -0.303574 0.950187
0.267627 -3.792550 -4.976870 4.599056 -0.096396 -0.952605 -0.288532 0.985855 -0.131307 0.104152 -0.137102 -0.274411 0.951789
0.146197 -3.593412 -12.295297 6.609895 -0.144255 -0.948782 -0.281073 0.989321 -0.132305 -0.061144 0.020825 -0.286892 0.957736
0.274346 -3.794909 0.500440 6.910485 -0.085977 -0.947133 -0.309107 0.966221 -0.154923 0.205950 -0.242950 -0.280959 0.928460
-4.315830 -7.516402 -54.133553 44.893764 0.142382 -0.581288 -0.801144 0.964413 -0.100707 0.244469 -0.222788 -0.807442 0.546263
-6.049711 -7.206355 -45.486595 5.946437 -0.150439 -0.443558 -0.883529 0.982202 -0.168724 -0.082535 -0.112464 -0.880221 0.461046
-5.151804 -7.652502 -69.816428 -11.618239 0.179073 -0.567322 -0.803790 0.983835 0.102360 0.146937 -0.001085 -0.817110 0.576481
-3.692882 -9.501120 -61.273663 -87.974341 0.166784 -0.645332 -0.745473 0.980509 0.188188 0.056460 0.103854 -0.740359 0.664141
-3.311865 -7.170917 -49.523009 4.935849 0.238280 -0.637243 -0.732901 0.969075 0.106149 0.222770 -0.064161 -0.763318 0.642829
-5.989443 -10.432671 -84.889484 -101.281639 0.108930 -0.564995 -0.817872 0.978736 0.204820 -0.011138 0.173810 -0.799268 0.575292
0.023913 -11.433775 3.441820 -43.198536 -0.448552 0.761850 0.467317 0.403966 0.639229 -0.654368 0.797253 0.104738 0.594489
0.191490 -10.646029 2.720185 -25.629725 -0.446950 0.750294 0.487129 0.157683 0.602098 -0.782697 0.880552 0.273015 0.387416
0.204762 -11.389734 2.259524 -12.372937 -0.444750 0.749005 0.491110 0.076562 0.578111 -0.812359 0.892377 0.323696 0.314460
0.163893 -11.623815 -4.948458 -59.918508 -0.411527 0.772406 0.483771 0.304767 0.616871 -0.725663 0.858931 0.151193 0.489263
0.023855 -11.342393 -2.330760 8.982239 -0.403143 0.785006 0.470364 0.531126 0.619264 -0.578288 0.745239 -0.016690 0.666589
0.081828 -11.338539 2.462472 9.718336 -0.420298 0.794819 0.437736 0.668030 0.597515 -0.443522 0.614074 -0.106009 0.782097
0.011584 -9.505439 6.440952 -31.305489 -0.445792 0.778984 0.440968 0.562958 0.626990 -0.538481 0.695951 -0.008196 0.718042
4.204141 -3.382676 6.216475 -1.680483 0.435981 0.896465 0.079196 0.117768 0.030412 -0.992575 0.892217 -0.442071 0.092316
2.406171 -3.855264 1.850142 23.973035 0.280338 0.926136 0.252356 0.183285 0.206415 -0.961145 0.942240 -0.315698 0.111881
4.505140 -3.267708 40.052179 2.093375 0.251334 0.940210 0.229862 0.069956 0.219218 -0.973165 0.965369 -0.260669 0.010676
2.503813 -3.331415 47.464900 3.475207 -0.034450 0.888963 0.456681 0.048855 0.457904 -0.887658 0.998212 0.008269 0.059205
3.471155 -3.389061 41.713536 -14.118913 0.046491 0.867234 0.495726 -0.010424 0.496657 -0.867884 0.998864 -0.035182 -0.032130
7.057843 -3.455515 79.994634 -2.853607 0.239546 0.926279 0.290904 -0.068892 0.315089 -0.946558 0.968438 -0.206704 -0.139292
6.365975 -3.343823 15.786056 -12.205438 0.431399 0.900076 0.061302 0.013992 0.061267 -0.998023 0.902053 -0.431404 -0.013836
3.295231 -0.190482 45.639591 -10.880234 0.907052 -0.167974 -0.386060 -0.419552 -0.437109 -0.795558 0.035117 -0.883584 0.466954
2.562077 -1.380186 26.142248 -51.912287 0.901440 -0.197229 -0.385367 -0.431507 -0.480853 -0.763271 0.034765 -0.854331 0.518565
3.465369 -0.575392 26.594236 -47.347057 0.935779 -0.227251 -0.269584 -0.349907 -0.504436 -0.789372 -0.043398 -0.833007 0.551557
4.012511 -0.084050 24.947043 1.697650 0.929504 -0.252404 -0.268915 -0.355965 -0.423191 -0.833186 -0.096497 -0.870173 0.483204
-0.315078 -8.273948 9.883464 33.180126 -0.462562 0.692779 0.553257 -0.226684 0.510873 -0.829230 0.857118 0.508985 0.079268
-0.500043 -7.197700 11.247363 34.995269 -0.449334 0.684405 0.574185 -0.385905 0.430966 -0.815687 0.805715 0.588097 -0.070467
-0.236382 -7.432628 12.264509 37.663344 -0.451841 0.667218 0.592165 -0.465316 0.390070 -0.794560 0.761131 0.634559 -0.134218
-0.446940 -12.247067 -6.921395 -16.111077 0.371993 0.822455 0.430337 0.323525 -0.549415 0.770373 -0.870030 0.147349 0.470463
-0.402881 -11.973800 -5.187256 -23.890655 0.373948 0.836116 0.401339 0.146010 -0.480412 0.864804 -0.915884 0.264792 0.301731
-0.155113 -12.105909 -10.540119 -37.412482 0.356867 0.823598 0.440832 0.098938 -0.502573 0.858855 -0.928901 0.262882 0.260837
-0.086506 -14.147481 -12.902461 -67.965339 0.365853 0.809587 0.459043 0.297743 -0.569132 0.766445 -0.881760 0.143729 0.449267
0.204055 -12.466987 -10.611760 -68.463749 0.365426 0.821255 0.438183 -0.025205 -0.461836 0.886607 -0.930499 0.335033 0.148067
0.545768 -1.415003 20.040758 24.552796 0.450408 -0.698529 -0.556048 0.380568 0.713593 -0.588178 0.807651 0.053307 0.587246
-0.031482 -1.361180 -31.907511 26.146372 -0.413632 0.720121 0.557077 0.385739 0.692856 -0.609226 0.824691 0.037109 0.564365
0.070312 -2.039847 -24.413106 31.458253 -0.415827 0.730665 0.541494 0.437017 0.682701 -0.585607 0.797561 0.006869 0.603199
0.691239 -1.960746 12.257094 26.634778 0.473516 -0.682291 -0.557012 0.418172 0.730732 -0.539595 0.775187 0.022580 0.631328
0.630979 -18.465788 0.206655 118.217561 0.552728 0.731068 0.400039 0.275232 0.292954 -0.915655 0.786600 -0.616212 0.039289
0.756811 -16.409158 -0.903848 166.662437 0.576939 0.730428 0.365536 -0.034398 0.468860 -0.882602 0.816063 -0.496634 -0.295629
0.527716 -19.104552 2.521258 136.682052 0.555653 0.734282 0.389974 0.201661 0.336014 -0.920015 0.806587 -0.589852 -0.038631
1.280344 -14.782347 -19.689376 -39.072756 0.477189 0.721617 0.501557 0.337938 -0.677523 0.653269 -0.811226 0.142238 0.567169
1.139453 -18.851590 -9.284842 -235.521851 0.456630 0.753789 0.472536 0.577690 -0.655160 0.486866 -0.676581 -0.050661 0.734623
1.060301 -16.637564 -19.891963 -155.326970 0.445054 0.746478 0.494670 0.525479 -0.664987 0.530721 -0.725120 -0.023739 0.688213
0.786033 -16.238494 -9.881753 -98.111702 0.459910 0.731397 0.503528 0.309731 -0.663579 0.680977 -0.832195 0.157231 0.531723
0.401131 -2.712389 15.523110 -2.849691 0.864147 -0.140126 -0.483336 -0.454751 0.193902 -0.869255 -0.215525 -0.970962 -0.103838
0.014440 -2.757898 15.448052 -1.140256 0.886566 -0.138313 -0.441441 -0.412282 0.196572 -0.889597 -0.209818 -0.970685 -0.117250
0.397822 -2.795829 16.922775 -3.675510 0.870548 -0.139775 -0.471815 -0.426015 0.265809 -0.864787 -0.246289 -0.953839 -0.171853
0.924812 -2.809450 16.136574 -4.609604 0.844397 -0.158567 -0.511712 -0.469194 0.242108 -0.849259 -0.258554 -0.957204 -0.130037
3.256509 -1.272989 39.694108 14.087620 0.139625 0.170088 -0.975487 0.988992 0.024785 0.145880 0.048990 -0.985117 -0.164755
14.475408 -2.279482 -362.981090 66.368691 0.522441 0.007883 -0.852639 0.848822 -0.099767 0.519180 -0.080972 -0.994980 -0.058814
2.489689 -1.114721 -4.593979 20.370042 0.159611 0.025496 -0.986851 0.987086 0.009687 0.159900 0.013636 -0.999628 -0.023621
2.632555 -1.227223 4.716478 18.428319 0.099617 0.059549 -0.993242 0.994054 0.038146 0.101985 0.043961 -0.997496 -0.055395
0.205669 -5.171044 22.977020 14.611095 0.966704 -0.133490 -0.218322 -0.199936 0.138493 -0.969972 -0.159717 -0.981326 -0.107192
-0.673890 -4.842914 30.083349 -1.214759 0.964890 -0.127031 -0.229893 -0.223697 0.061256 -0.972732 -0.137650 -0.990005 -0.030689
-0.658650 -4.752094 30.936636 20.632811 0.972675 -0.127986 -0.193708 -0.160933 0.229696 -0.959865 -0.167343 -0.964811 -0.202822
0.054851 -4.837089 25.719793 -16.176495 0.945643 -0.130529 -0.297862 -0.308178 -0.067185 -0.948953 -0.103854 -0.989165 0.103759
-0.051610 -4.618370 23.224451 28.683339 0.975950 -0.130241 -0.174810 -0.129124 0.300711 -0.944934 -0.175637 -0.944780 -0.276662
0.618662 -4.927731 14.665285 30.544195 0.970551 -0.166222 -0.174361 -0.119064 0.298216 -0.947043 -0.209417 -0.939913 -0.269643
0.915877 -5.459633 12.576539 -15.107433 0.944033 -0.179441 -0.276772 -0.291203 -0.059280 -0.954823 -0.154927 -0.981981 0.108216
0.923178 -5.660694 11.913684 16.899281 0.958296 -0.182109 -0.220237 -0.198052 0.132362 -0.971214 -0.206018 -0.974329 -0.090775
0.001420 -3.961026 0.150060 -10.816218 -0.044629 0.988571 0.143996 -0.690797 -0.134662 0.710398 -0.721670 0.067768 -0.688912
-0.097943 -4.202338 -1.335794 -3.835389 -0.035345 0.989925 0.137109 -0.587861 -0.131543 0.798196 -0.808190 0.052389 -0.586587
-0.121578 -3.939686 -4.648366 -8.346726 -0.044875 0.990624 0.129035 -0.712982 -0.122232 0.690447 -0.699745 0.061016 -0.711782
0.000743 -3.553111 -1.961091 -11.999185 -0.065721 0.986734 0.148445 -0.796764 -0.141452 0.587502 -0.600706 0.079664 -0.795491
1.864907 -19.666409 -30.082854 129.441123 0.422738 -0.763394 -0.488388 0.823784 0.099080 0.558179 -0.377721 -0.638289 0.670756
1.117472 -19.681778 -13.876917 142.366088 0.401963 -0.777645 -0.483419 0.868917 0.157431 0.469254 -0.288808 -0.608673 0.738990
1.991425 -18.980867 -33.056903 260.951948 0.421414 -0.763127 -0.489947 0.905993 0.330549 0.264411 -0.039828 -0.555315 0.830686
3.232488 -42.365136 -57.259299 940.105689 0.421183 -0.739019 -0.525790 0.864759 0.152405 0.478502 -0.273489 -0.656219 0.703264
-4.874359 -90.034216 -12.156284 2007.542150 0.573304 0.644039 -0.506494 0.095192 0.561629 0.821895 -0.813794 0.519410 -0.260676
-3.579203 -53.906516 13.469397 -555.301185 0.628997 0.730817 -0.265083 -0.443796 0.617516 0.649399 -0.638285 0.290827 -0.712750
-0.413970 -1032.988697 806.011601 -34858.052989 0.419735 0.897852 -0.132980 -0.597369 0.383574 0.704288 -0.683354 0.216176 -0.697349
-3.778887 -4.761175 -14.190522 35.524307 -0.841074 -0.010307 0.540821 -0.200178 0.934766 -0.293498 -0.502516 -0.355114 -0.788271
-3.219169 -4.665399 -7.441562 24.948901 -0.700035 -0.406698 0.586982 -0.538897 0.840193 -0.060549 -0.468553 -0.358710 -0.807333
-3.460116 -5.216576 18.995234 16.517975 0.747621 0.353764 -0.562063 -0.561545 0.788588 -0.250592 -0.354586 -0.502971 -0.788219
-4.387998 -5.688937 23.674990 20.104900 0.877058 0.122226 -0.464575 -0.377992 0.772418 -0.510385 -0.296464 -0.623243 -0.723656
5.132315 -5.017479 -8.428785 14.220089 -0.507832 0.439597 0.740852 0.560191 -0.484817 0.671669 0.654440 0.756114 -0.000053
0.945238 -1.110961 58.724170 2.429373 -0.557381 0.202488 0.805186 0.165712 0.977423 -0.131090 -0.813551 0.060362 -0.578352
0.156309 -0.980131 14.440656 -0.843332 -0.620504 0.036997 0.783330 0.051610 0.998648 -0.006284 -0.782503 0.036529 -0.621574
0.038656 -1.106462 19.977251 8.072816 -0.599410 0.172764 0.781575 0.119504 0.984801 -0.126035 -0.791471 0.017855 -0.610946
0.988489 -1.292492 66.971699 9.779979 -0.535468 0.284080 0.795344 0.175717 0.958597 -0.224089 -0.826073 0.019762 -0.563216
-0.047362 -1.517476 25.781516 15.628681 -0.596401 0.175860 0.783185 0.092837 0.984269 -0.150316 -0.797300 -0.016940 -0.603346
-0.251339 -1.281269 -22.340154 11.156962 -0.677491 -0.021853 0.735206 -0.032365 0.999476 -0.000116 -0.734818 -0.023874 -0.677844
7.740653 -4.067707 69.626651 32.814054 -0.570113 0.820820 0.035021 -0.819004 -0.571182 0.054615 -0.064832 -0.002454 -0.997893
5.798185 -6.568903 -0.269220 -56.976160 -0.393277 0.850855 0.348395 0.917369 0.388432 0.086914 -0.061376 0.353788 -0.933310
-0.094082 -4.758951 -2.610437 22.812179 0.832289 -0.028407 -0.553613 0.421592 0.680890 0.598873 -0.359938 0.731834 -0.578674
-0.112130 -5.456955 -1.326965 3.608493 0.825477 -0.061660 -0.561057 0.360594 0.822330 0.440164 -0.434234 0.565660 -0.701050
0.048068 -4.995038 -5.122243 24.440269 0.818876 -0.031227 -0.573120 0.431709 0.691531 0.579148 -0.378245 0.721671 -0.579760
-0.208852 -5.049695 1.573560 -6.984395 0.844046 -0.049645 -0.533968 0.358217 0.793180 0.492490 -0.399082 0.606961 -0.687264
0.028915 -4.411027 -4.630265 37.989029 0.829344 -0.018958 -0.558417 0.473372 0.554784 0.684203 -0.296830 0.831778 -0.469081
-0.064317 -4.359372 -0.269650 37.083812 0.840423 -0.018256 -0.541623 0.457844 0.558635 0.691596 -0.289944 0.829212 -0.477848
-1.262274 -11.392823 29.543983 69.475884 -0.315996 0.656671 0.684784 0.278812 0.754171 -0.594551 -0.906868 0.003050 -0.421403
-1.852461 -11.254331 29.089817 112.611690 -0.354605 0.616416 0.703055 0.411215 0.778109 -0.474814 -0.839737 0.120735 -0.529401
-2.098171 -12.016062 18.591977 -3.392956 -0.383362 0.629491 0.675851 0.057050 0.746501 -0.662934 -0.921834 -0.215587 -0.322093
-0.053092 -10.400527 3.654608 -17.251918 -0.550995 0.249846 0.796230 0.757421 0.550251 0.351478 -0.350311 0.796744 -0.492424
-0.010234 -1.975551 -13.108954 13.322756 -0.548555 0.362757 0.753322 0.467942 0.879858 -0.082943 -0.692905 0.307013 -0.652400
-0.479577 -2.264498 -3.427879 6.752413 -0.525064 0.387680 0.757636 0.430428 0.888942 -0.156570 -0.734193 0.243899 -0.633620
3.525719 -3.838191 13.971522 -104.094296 -0.146846 -0.301378 0.942129 -0.069582 0.953242 0.294088 -0.986709 -0.022369 -0.160950
2.569204 -9.603195 -33.748984 -170.888459 -0.119725 -0.047665 0.991662 0.131349 0.989306 0.063409 -0.984080 0.137845 -0.112184
-0.324175 -6.500167 -4.452660 -64.437231 0.580689 -0.509382 -0.635082 0.676223 -0.132603 0.724664 -0.453345 -0.850262 0.267455
-0.335573 -8.189758 -1.798879 -77.591065 0.625819 -0.497369 -0.600812 0.735268 0.119170 0.667218 -0.260255 -0.859315 0.440278
-0.062398 -8.950660 3.863101 -70.639289 0.631411 -0.489862 -0.601128 0.758289 0.227872 0.610796 -0.162225 -0.841492 0.515338
-0.163645 -8.017272 -0.288993 -102.858271 0.609966 -0.505618 -0.610158 0.696067 -0.026131 0.717502 -0.378726 -0.862362 0.336004
-0.093958 -9.451284 5.993688 -24.695300 0.636240 -0.479026 -0.604758 0.771446 0.386578 0.505399 -0.008313 -0.788094 0.615499
-0.377341 -9.106997 -13.702597 -24.474677 0.645981 -0.501670 -0.575357 0.762943 0.399600 0.508171 -0.025022 -0.767233 0.640880
-0.247159 -9.389539 -7.047299 -7.366548 -0.674001 -0.019072 -0.738484 -0.123704 0.988465 0.087374 0.728299 0.150244 -0.668586
-1.094061 -9.855600 -13.533207 2.287048 -0.682345 0.066580 -0.727992 0.122190 0.992222 -0.023783 0.720746 -0.105182 -0.685173
-0.798099 -10.942983 -5.327264 14.354318 -0.692807 0.073711 -0.717346 -0.056958 0.986061 0.156332 0.718870 0.149166 -0.678952
-0.025584 -9.087585 -1.304585 10.231356 -0.684991 -0.042568 -0.727307 -0.238420 0.956420 0.168572 0.688435 0.288875 -0.665288
-4.155787 -10.797043 -41.770168 58.947775 -0.543750 0.685604 0.484029 0.782130 0.623103 -0.003965 -0.304318 0.376417 -0.875043
-3.144631 -9.879996 -34.548238 86.752103 -0.566747 0.704449 0.427258 0.812958 0.562358 0.151173 -0.133779 0.433020 -0.891402
-2.178547 -10.346940 -27.855213 -52.280144 -0.557559 0.746443 0.363251 -0.759811 -0.635135 0.138891 -0.334387 0.198563 -0.921281
-1.881025 -9.889512 -20.674911 61.824748 -0.559349 0.741276 0.370997 0.821662 0.554959 0.129970 -0.109544 0.377533 -0.919494
-0.304219 -4.077790 27.770515 18.066112 0.583804 -0.093767 0.806461 0.694233 -0.457377 -0.555740 0.420967 0.884315 -0.201923
-0.132221 -4.365984 24.424091 11.646803 0.544972 -0.078903 0.834733 0.774214 -0.334820 -0.537110 0.321865 0.938973 -0.121380
0.155699 -4.077109 0.001039 7.676906 0.530959 -0.025631 0.847010 0.810363 -0.276908 -0.516366 0.247778 0.960555 -0.126256
-0.826494 -35.415824 -58.015952 -683.892339 0.869550 -0.368677 0.328573 -0.490211 -0.563813 0.664687 0.059801 0.739049 0.670993
-1.639393 -46.172314 20.435673 -878.028727 0.877298 -0.407172 0.254085 -0.453355 -0.529270 0.717177 0.157535 0.744368 0.648921
-1.384856 -49.729189 -65.748188 -1180.630200 0.865594 -0.402888 0.297369 -0.435407 -0.312254 0.844345 0.247322 0.860336 0.445705
0.676215 -39.589346 -114.477713 -755.252729 0.813960 -0.430110 0.390481 -0.563195 -0.419481 0.711932 0.142410 0.799401 0.583676
-0.802534 -5.192815 12.387537 50.378521 -0.688573 0.605716 -0.398718 0.140712 0.650981 0.745938 0.711385 0.457528 -0.533479
-1.050014 -4.164175 3.713729 30.982935 -0.703343 0.545962 -0.455230 0.034112 0.665587 0.745540 0.710032 0.508841 -0.486760
0.094814 -2.469326 4.869418 -2.884201 -0.667629 -0.070986 0.741102 0.742938 -0.127848 0.657037 0.048108 0.989250 0.138093
0.193260 -2.416457 3.097802 2.953563 -0.672492 -0.070952 0.736695 0.733535 -0.196222 0.650709 0.098387 0.977989 0.184004
-0.053418 -2.380740 9.745634 -2.891675 -0.677716 -0.071428 0.731846 0.729350 -0.191901 0.656675 0.093537 0.978812 0.182150
0.359413 -1.860465 -9.255963 -7.600015 0.723974 0.236040 -0.648188 0.608044 0.225426 0.761226 -0.325798 0.945235 -0.019680
0.057147 -2.176594 -8.298869 -8.378068 0.956286 0.225348 -0.186375 0.200132 -0.039619 0.978968 -0.213224 0.973472 0.082986
0.532478 -1.886237 -9.499756 -1.500073 0.941597 0.230185 -0.245785 0.247141 0.023393 0.968697 -0.228730 0.972866 0.034862
0.601352 -1.988515 -2.866686 -2.466404 0.971951 0.198199 -0.126606 0.128479 0.003434 0.991706 -0.196990 0.980156 0.022126
4.115208 -51.718989 -74.391865 1133.114109 0.599834 -0.166384 -0.782634 0.753904 -0.210104 0.622482 -0.268006 -0.963417 -0.000590
0.023932 -13.616351 5.406056 129.849610 0.638241 -0.198486 -0.743809 0.766137 0.258381 0.588450 0.075387 -0.945432 0.316977
1.276932 -25.469128 -28.940797 412.286172 0.673508 -0.214947 -0.707237 0.722451 -0.010987 0.691335 -0.156370 -0.976564 0.147889
-0.370564 -12.578799 -12.114013 144.486048 0.662329 -0.248005 -0.706975 0.744165 0.327125 0.582416 0.086827 -0.911857 0.401221
0.766653 -24.370245 -5.931939 -249.269506 0.716789 -0.185031 -0.672293 -0.579261 0.378709 -0.721829 -0.388164 -0.906831 -0.164273
1.876767 -29.394233 -24.817677 -471.517308 0.727023 -0.238702 -0.643785 -0.571067 0.310353 -0.759975 -0.381209 -0.920164 -0.089319
4.725860 -79.847304 -81.643580 -2091.334067 0.706383 -0.242913 -0.664843 -0.700948 -0.109399 -0.704772 -0.098465 -0.963859 0.247547
-2.651999 -114.669465 51.119533 -2854.067682 0.970408 -0.234305 -0.058397 0.191367 0.598729 0.777754 0.147268 0.765914 -0.625850
-3.695460 -25.913468 -70.013918 -496.516248 0.986440 0.044742 0.157903 -0.163531 0.349386 0.922598 0.013891 0.935910 -0.351965
-7.933741 -36.312101 -87.569790 -707.685393 0.981293 -0.183030 0.059701 -0.002350 0.298689 0.954348 0.192506 0.936635 -0.292671
-5.929282 -18.959068 -108.393122 -79.103405 0.982206 -0.054427 0.179749 -0.184429 -0.098788 0.977869 0.035466 0.993619 0.107068
-10.439313 -41.776086 -157.699262 -1067.622964 0.961527 -0.245519 0.123231 0.043456 0.578879 0.814255 0.271251 0.777573 -0.567277
-14.986297 -31.310057 -180.298532 -640.668766 0.922892 -0.382889 0.040828 0.055417 0.236998 0.969928 0.381051 0.892876 -0.239942
-13.695093 -22.163099 -235.295934 75.056796 0.971205 -0.206228 0.119292 -0.182404 -0.321533 0.929164 0.153263 0.924168 0.349891
1.872938 -3.081146 -142.026554 12.997845 0.117982 -0.915961 -0.383529 0.989020 0.073777 0.128048 -0.088991 -0.394426 0.914609
-1.567301 -2.450729 -87.204165 -1.299383 0.127052 -0.887055 -0.443837 0.989314 0.145591 -0.007779 0.071519 -0.438106 0.896074
1.355837 -2.931837 -127.763960 -1.816225 0.260484 -0.884304 -0.387497 0.965477 0.239213 0.103108 0.001515 -0.400977 0.916087
3.472832 -3.433425 -92.758029 -16.908625 0.395746 -0.775061 -0.492611 0.914574 0.381272 0.134853 0.083300 -0.503897 0.859738
5.000721 -4.105128 -17.024751 -23.873020 0.341719 -0.619924 -0.706345 0.931459 0.323334 0.166851 0.124951 -0.714947 0.687923
4.880995 -3.346923 -128.541375 -6.706595 0.271536 -0.832402 -0.483090 0.962187 0.223551 0.155631 -0.021553 -0.507082 0.861628
0.281438 -3.116021 -25.582680 8.782728 0.654258 -0.089214 -0.750991 -0.589148 -0.682750 -0.432154 0.474184 -0.725185 0.499255
0.586987 -2.894717 -35.383329 -8.180156 0.644893 -0.108017 -0.756601 0.650497 0.597259 0.469186 0.401207 -0.794741 0.455433
1.241939 -2.780233 -31.896002 -3.616375 0.616361 -0.113616 -0.779225 0.704541 0.521566 0.481239 0.351740 -0.845613 0.401520
1.365920 -7.396809 28.598452 -35.927693 -0.028086 0.969006 -0.245434 -0.704378 -0.193401 -0.682970 0.709269 -0.153696 -0.687979
3.073090 -7.383545 65.529736 36.296738 -0.086462 0.967302 -0.238433 -0.895153 -0.180481 -0.407588 0.437294 -0.178193 -0.881488
2.363146 -7.451107 21.357642 11.409006 -0.037138 0.918899 -0.392741 -0.778286 -0.273111 -0.565404 0.626811 -0.284667 -0.725309
1.391311 -6.637028 11.465932 -57.169411 0.011783 0.944451 -0.328441 -0.543588 -0.269639 -0.794863 0.839270 -0.187902 -0.510215
-1.077837 -3.625385 10.906483 0.635703 0.529606 0.289178 -0.797429 -0.411398 0.909693 0.056663 0.741801 0.298052 0.600746
-0.741207 -3.641276 12.355968 -6.142714 0.520014 0.240692 -0.819544 -0.396618 0.917809 0.017890 0.756491 0.315743 0.572736
-0.824116 -3.547519 9.996209 2.318180 0.521660 0.225706 -0.822756 -0.488242 0.869819 -0.070949 0.699636 0.438715 0.563949
0.000211 -3.827864 -11.676050 2.281441 -0.104861 -0.950688 -0.291885 0.989878 -0.128002 0.061293 -0.095632 -0.282503 0.954488
0.122390 -3.923423 -4.289890 2.996317 -0.062152 -0.954184 -0.292693 0.969680 -0.127174 0.208679 -0.236341 -0.270849 0.933158
-5.234967 -7.334913 -33.888384 33.010129 -0.042996 -0.387763 -0.920756 0.944695 -0.315691 0.088835 -0.325121 -0.866014 0.379891
-5.950266 -7.082302 2.996977 -27.307598 -0.534869 -0.152317 -0.831092 0.821453 -0.324022 -0.469281 -0.197813 -0.933707 0.298431
0.157448 -9.797193 1.851329 -2.908492 -0.461896 0.731576 0.501447 0.086691 0.599903 -0.795362 0.882687 0.323903 0.340514
0.179884 -9.669842 1.737156 32.828448 -0.452424 0.727180 0.516258 -0.198665 0.482165 -0.853258 0.869393 0.488597 0.073678
0.210728 -10.430265 -0.792653 -14.825627 -0.448374 0.737253 0.505390 0.074159 0.594144 -0.800932 0.890764 0.321638 0.321073
-0.609153 -1.105414 -18.212065 -20.734090 0.252383 -0.368224 0.894826 0.686132 -0.583967 -0.433826 0.682294 0.723460 0.105267
0.353376 -0.715483 -31.676856 -14.701621 0.495803 -0.545248 0.675932 0.561144 -0.392887 -0.728531 0.662795 0.740503 0.111168
-0.671902 -0.857531 5.412798 -27.099964 -0.227209 0.044846 0.972813 0.708354 -0.677898 0.196693 0.668289 0.733786 0.122258
0.456813 -1.136892 -32.939620 -11.616209 0.496263 -0.533831 0.684652 0.530132 -0.438184 -0.725917 0.687520 0.723201 0.065546
-0.949599 -1.802660 -9.942336 20.837931 0.369387 -0.195852 -0.908403 -0.589505 0.706279 -0.391986 0.718357 0.680303 0.145435
-1.127158 -1.779963 -3.421800 18.007044 0.171854 -0.036610 -0.984442 -0.653287 0.743731 -0.141702 0.737348 0.667476 0.103896
-0.647361 -1.416376 24.098602 11.527003 -0.336571 0.419496 -0.843056 -0.611843 0.583129 0.534424 0.715799 0.695690 0.060402
2.391463 -3.442291 17.409534 12.922568 0.357842 0.931254 0.068671 0.207711 -0.007685 -0.978160 0.910388 -0.364290 0.196182
1.405704 -3.903034 2.947741 23.811191 0.284664 0.934261 0.214762 0.309091 0.122614 -0.943095 0.907430 -0.334847 0.253867
2.492420 -5.060483 -6.169391 50.181502 0.778591 -0.477079 -0.407667 -0.618352 -0.472550 -0.627963 -0.106945 -0.741007 0.662926
3.408527 -3.246486 25.157469 39.559748 0.864071 -0.330866 -0.379354 -0.497751 -0.449326 -0.741856 -0.075001 -0.829840 0.552938
3.141873 -3.965471 -12.844748 50.467032 0.794275 -0.503677 -0.339759 -0.564416 -0.404743 -0.719457 -0.224859 -0.763212 0.605761
3.595597 -2.473478 -7.695697 49.185635 0.840178 -0.448736 -0.304528 -0.483452 -0.365327 -0.795494 -0.245714 -0.815581 0.523882
-0.534920 -6.482264 9.861604 36.999302 -0.421230 0.674742 0.606043 -0.561147 0.331068 -0.758623 0.712516 0.659633 -0.239173
-0.639442 -12.798561 -2.747464 5.759550 0.387942 0.827151 0.406598 0.433365 -0.553039 0.711578 -0.813447 0.099846 0.573005
-0.496898 -11.927465 -1.310879 2.072441 0.386380 0.837065 0.387340 0.344056 -0.520446 0.781512 -0.855766 0.168695 0.489087
0.355353 -1.022573 21.208268 12.084550 0.441991 -0.698748 -0.562490 0.364621 0.712874 -0.599050 0.819570 0.059679 0.569863
-0.279968 -1.082245 36.636181 9.302264 0.444892 -0.645019 -0.621307 0.324859 0.762723 -0.559214 0.834588 0.046952 0.548870
-0.855049 -1.603527 -19.433183 26.437451 -0.316713 0.877727 0.359568 0.507366 0.477058 -0.717632 0.801419 0.044851 0.596419
1.024547 -21.586835 -19.406901 -292.706178 0.443878 0.752762 0.486129 0.721417 -0.621996 0.304431 -0.531535 -0.215571 0.819146
1.141832 -22.915004 -0.135436 -284.944727 0.478424 0.766199 0.429010 0.787750 -0.590355 0.175872 -0.388021 -0.253812 0.886013
-0.133222 -2.847484 16.616887 -2.864371 0.891615 -0.142459 -0.429799 -0.382924 0.269334 -0.883645 -0.241643 -0.952452 -0.185591
1.395787 -3.026280 -61.921080 -20.735438 0.765100 -0.322830 -0.557138 -0.474673 0.301875 -0.826775 -0.435094 -0.897024 -0.077726
2.076882 -2.372655 -88.886487 -31.525656 0.668782 -0.343614 -0.659287 -0.617818 0.236422 -0.749937 -0.413559 -0.908864 0.054176
3.567198 -2.198705 -97.169652 -37.414571 0.696023 -0.277656 -0.662163 -0.615336 0.244586 -0.749360 -0.370020 -0.929024 0.000614
2.595751 -2.987468 -65.468316 -27.534529 0.764110 -0.290731 -0.575857 -0.481800 0.336394 -0.809140 -0.428957 -0.895720 -0.116968
-1.299155 -4.678414 29.850867 3.892072 0.967145 -0.152570 -0.203352 -0.182100 0.142405 -0.972913 -0.177396 -0.977979 -0.109943
-0.853272 -4.405179 30.963108 -23.986837 0.940215 -0.137350 -0.311658 -0.325685 -0.094915 -0.940702 -0.099625 -0.985965 0.133973
-1.603449 -4.504699 22.735208 -18.265164 0.948946 -0.187355 -0.253770 -0.258785 -0.002391 -0.965932 -0.180366 -0.982289 0.050753
-0.021649 -4.217098 0.696980 -5.867453 -0.036586 0.987984 0.150164 -0.579705 -0.143381 0.802112 -0.814005 0.057705 -0.577985
-0.084464 -4.287945 -2.950706 -1.202666 -0.049721 0.986698 0.154776 -0.450640 -0.160460 0.878166 -0.891320 0.026084 -0.452624
-0.152754 -4.158648 -1.457873 0.973794 -0.034403 0.988855 0.144853 -0.478189 -0.143558 0.866445 -0.877583 0.039459 -0.477798
-3.417129 -26.850279 10.044890 105.415800 0.627878 0.712027 -0.314303 -0.008110 0.409791 0.912144 -0.778269 0.570166 -0.263073
-2.362433 -31.081206 20.891329 -122.978529 0.718443 0.626222 -0.302795 -0.206381 0.607614 0.766949 -0.664264 0.488518 -0.565777
-4.113634 -43.431259 7.280745 857.244294 0.538084 0.771634 -0.339185 0.460227 0.068166 0.885180 -0.706156 0.632404 0.318448
-2.816183 -38.129732 21.846626 768.725120 0.662397 0.685961 -0.301145 0.318389 0.106100 0.942004 -0.678129 0.719861 0.148122
-2.415100 -21.500443 30.684665 72.116837 0.732140 0.616845 -0.288918 0.069132 0.354678 0.932429 -0.677637 0.702642 -0.217030
