12318
24619
-8.197161 -10.525995 59.418327 115.587500 -0.183254 0.974945 0.126093 -0.270936 0.073210 -0.959809 0.944993 0.210052 -0.250732
-6.868248 -11.383288 -48.849722 323.605885 0.074564 0.890227 0.449373 -0.410904 0.438022 -0.799559 0.908624 0.125031 -0.398458
-6.143034 -8.321821 21.548963 140.264405 -0.227946 0.964995 -0.129712 -0.403009 -0.214779 -0.889637 0.886355 0.150514 -0.437859
-4.980841 -8.382951 -79.958703 234.096449 0.071363 0.969171 0.235826 -0.527958 0.237296 -0.815446 0.846267 0.066313 -0.528616
-6.325196 -8.507569 -1.108448 99.167543 -0.398979 0.846046 -0.353584 -0.247989 -0.470793 -0.846673 0.882790 0.250120 -0.397646
-4.827468 -6.754118 3.183716 98.442913 -0.336860 0.862834 -0.376886 -0.422063 -0.496188 -0.758723 0.841658 0.096514 -0.531316
-4.930588 -7.391527 -8.665164 80.079748 -0.446936 0.739462 -0.503432 -0.258677 -0.645555 -0.718571 0.856350 0.190929 -0.479803
-6.220667 -9.434299 -6.973792 26.602683 0.321409 0.913126 0.250792 -0.552840 -0.034079 0.832590 -0.768807 0.406250 -0.493859
-6.586583 -9.484786 -35.721179 20.286195 0.356637 0.883260 0.304404 -0.576200 -0.048524 0.815867 -0.735394 0.466366 -0.491628
-6.397701 -9.715787 -17.809828 28.747752 0.336974 0.910353 0.240219 -0.650234 0.040499 0.758653 -0.680914 0.411845 -0.605590
-6.151113 -9.661303 -5.454971 30.926153 0.260536 0.949003 0.177523 -0.542141 -0.008341 0.840246 -0.798877 0.315157 -0.512320
-35.538111 -222.503719 407.152312 15281.695606 0.167216 0.985439 0.030812 -0.800063 0.117365 0.588324 -0.576141 0.123029 -0.808038
-8.708182 -50.691564 194.538557 3512.589930 0.097729 0.995044 0.018361 -0.994385 0.096879 0.042573 -0.040583 0.022418 -0.998925
-10.311824 -35.981883 -276.285845 -2186.764805 -0.069213 0.942602 -0.326668 0.997536 0.061634 -0.033510 -0.011453 -0.328182 -0.944545
-13.115693 -219.252887 -203.084850 13564.518497 -0.025159 0.978231 -0.205990 -0.830818 0.094138 0.548526 -0.555976 -0.184940 -0.810363
-9.360652 -38.227620 157.994258 2980.354035 0.018059 0.997017 -0.075044 -0.930782 0.044174 0.362897 -0.365130 -0.063296 -0.928802
-8.404082 -26.215822 284.822993 1267.636429 0.255776 0.962165 0.093896 -0.955352 0.236708 0.176840 -0.147923 0.134935 -0.979751
0.413611 -7.356564 -14.940373 -9.651826 -0.143172 0.960550 -0.238423 -0.763587 0.046051 0.644061 -0.629632 -0.274268 -0.726870
0.459381 -7.340060 -10.328682 -1.813230 -0.130690 0.959738 -0.248640 -0.684083 0.094230 0.723292 -0.717601 -0.264618 -0.644225
0.185248 -7.429477 -9.988688 4.462782 -0.123117 0.958541 -0.256987 -0.659514 0.114470 0.742925 -0.741541 -0.260953 -0.618078
0.091817 -7.462959 -28.486944 3.901681 -0.137327 0.954347 -0.265259 -0.734087 0.081737 0.674118 -0.665024 -0.287298 -0.689350
-1.347817 -4.026389 -1.481506 87.023768 0.239257 0.967139 0.086007 -0.739820 0.238953 -0.628942 0.628827 -0.086849 -0.772680
-0.981452 -3.006918 -46.380263 53.461771 0.382231 0.907870 0.172254 -0.705903 0.407166 -0.579583 0.596322 -0.099940 -0.796500
-1.082899 -2.776217 31.398425 61.645777 0.169012 0.983202 0.068914 -0.788165 0.176806 -0.589521 0.591803 -0.045320 -0.804808
-1.269343 -5.422230 56.702960 102.181105 0.081550 0.996606 0.011250 -0.722882 0.066916 -0.687724 0.686143 -0.047952 -0.725885
-1.786788 -5.411811 -6.032891 90.820839 0.197097 0.980046 0.025730 -0.699380 0.158947 -0.696853 0.687038 -0.119353 -0.716752
-0.855420 -3.886576 55.297423 92.636538 0.071283 0.997341 0.015123 -0.777525 0.065056 -0.625478 0.624799 -0.032828 -0.780095
-0.580666 -7.116229 13.760554 -8.544181 -0.114007 0.993398 0.012742 -0.843306 -0.103546 0.527364 -0.525202 -0.049378 -0.849544
-0.424930 -7.299922 13.033826 3.045507 -0.132893 0.991114 -0.005693 -0.829051 -0.108011 0.548642 -0.543152 -0.077630 -0.836038
-0.357265 -7.480613 -12.113765 -46.408443 -0.158854 0.987231 -0.011829 -0.781012 -0.118325 0.613204 -0.603974 -0.106648 -0.789836
-0.759366 -7.356866 -26.765009 -75.432000 -0.164761 0.986333 -0.001179 -0.802300 -0.133324 0.581841 -0.573731 -0.096811 -0.813302
-0.341084 -8.405509 -4.965031 -25.815945 0.178111 0.984004 -0.003688 0.697614 -0.128914 -0.704781 0.693983 -0.122957 0.709415
-0.092411 -8.310262 0.134021 12.569646 0.156015 0.987749 -0.003249 0.811774 -0.130092 -0.569297 0.562746 -0.086182 0.822125
-0.403157 -8.618895 6.226524 31.505603 0.189150 0.981651 -0.024148 0.802843 -0.168762 -0.571806 0.565390 -0.088770 0.820033
-0.736589 -7.506597 7.336930 18.915809 0.199340 0.979843 -0.013124 0.732824 -0.157950 -0.661831 0.650563 -0.122312 0.749538
-0.477870 -19.199367 9.155741 -187.919042 0.087539 0.965218 -0.246354 0.995869 -0.078810 0.045094 0.024110 -0.249284 -0.968130
-0.446684 -16.705236 8.693288 -64.261796 0.015490 0.970764 -0.239535 0.977641 -0.064949 -0.199999 -0.209709 -0.231081 -0.950065
-0.489311 -16.776257 5.585294 4.992151 0.025579 0.970693 -0.238958 0.988512 -0.060180 -0.138648 -0.148965 -0.232666 -0.961081
-0.483308 -19.036604 -13.389027 -166.319692 0.109039 0.962177 -0.249650 0.988014 -0.077298 0.133616 0.109265 -0.261227 -0.959073
-0.564111 -17.083475 -8.422165 -117.751803 0.088360 0.966509 -0.240940 0.990238 -0.059053 0.126261 0.107804 -0.249744 -0.962292
-0.417785 -15.252635 -10.918539 -104.860015 -0.017204 0.969817 -0.243227 -0.958159 0.053523 0.281188 -0.285719 -0.237888 -0.928318
-0.467483 -14.836700 -23.770149 -7.272597 0.039519 0.963411 -0.265100 0.996241 -0.058456 -0.063923 -0.077081 -0.261577 -0.962100
0.781084 -13.138218 -55.799992 -17.329273 0.248392 0.957982 -0.143426 -0.125641 -0.114953 -0.985393 0.960477 -0.262784 -0.091809
0.578895 -13.071504 -39.899502 -95.671416 0.238118 0.964817 -0.111477 0.067162 -0.130861 -0.989123 0.968911 -0.228041 0.095960
0.810902 -13.907502 -15.376179 16.562029 0.197729 0.971536 -0.130466 -0.188865 -0.092843 -0.977604 0.961890 -0.217941 -0.165132
0.885516 -13.039089 -41.000366 81.805201 0.220649 0.960395 -0.170162 -0.361409 -0.081538 -0.928835 0.905924 -0.266444 -0.329104
-0.154013 -26.305531 -52.059117 -65.754615 0.073501 0.960587 0.268086 0.503448 -0.267786 0.821481 -0.860894 -0.074587 0.503288
-0.792548 -24.240503 -51.713307 -149.029912 0.063476 0.961531 0.267263 0.405313 -0.269560 0.873533 -0.911972 -0.052877 0.406831
-0.221477 -22.639972 -47.196762 -89.122193 0.047857 0.967407 0.248665 0.169138 -0.253204 0.952513 -0.984430 0.003526 0.175743
0.401304 -24.723635 -6.787164 -79.984131 0.083725 0.965892 0.245035 0.180978 -0.256548 0.949437 -0.979917 0.035146 0.196284
0.263404 -22.981414 -39.687240 -12.830618 0.062734 0.961244 0.268467 0.382420 -0.271618 0.883164 -0.921856 -0.047263 0.384639
0.144632 -21.505154 10.545311 -218.177486 0.102689 0.971714 0.212668 -0.207926 -0.188107 0.959887 -0.972739 0.142789 -0.182728
-0.233154 -19.055614 -33.222678 -131.473795 0.055122 0.975446 0.213230 -0.143807 -0.203573 0.968441 -0.988069 0.084046 -0.129054
-0.278985 -19.188570 -13.138271 -178.597517 0.074340 0.972946 0.218747 -0.004131 -0.219051 0.975705 -0.997224 0.073438 0.012265
0.498710 -23.142779 -50.627608 -419.789306 0.196132 0.959537 -0.202043 -0.175819 -0.168293 -0.969930 0.964686 -0.225758 -0.135697
-0.128759 -21.795576 -57.686326 -439.561001 0.187303 0.969913 -0.155518 0.140810 -0.183195 -0.972940 0.972157 -0.160336 0.170886
0.810050 -26.135414 -6.654744 -392.040136 0.130611 0.971698 -0.196833 -0.264577 -0.157173 -0.951470 0.955479 -0.176350 -0.236560
-1.305476 -25.166263 -43.063140 -69.877949 -0.292290 0.914585 0.279464 -0.240101 -0.353047 0.904273 -0.925699 -0.197210 -0.322785
-1.462240 -21.541157 -26.841551 -5.917971 -0.262325 0.932063 0.249890 -0.371233 -0.336504 0.865420 -0.890714 -0.134254 -0.434286
-1.049514 -25.407249 -31.318697 -0.467326 -0.257236 0.938891 0.228723 -0.573032 -0.338787 0.746229 -0.778115 -0.060891 -0.625163
-0.859129 -27.030876 -23.849498 -57.916698 -0.290301 0.917542 0.271739 -0.238678 -0.344419 0.907969 -0.926692 -0.198726 -0.318982
1.464622 -2.379935 135.393356 5.188904 -0.670667 0.118806 -0.732182 -0.232183 0.903862 0.359340 0.704483 0.410998 -0.578606
1.898195 -2.896638 71.976546 -17.199318 -0.603041 0.042573 -0.796574 -0.314071 0.905251 0.286146 0.733282 0.422738 -0.532532
0.109237 -1.877377 98.836546 -5.664960 -0.577963 -0.117515 -0.807557 -0.427257 0.886684 0.176755 0.695277 0.447193 -0.562680
0.981024 -37.579364 9.578786 -240.562642 -0.274008 0.922073 0.273314 -0.825791 -0.371241 0.424558 -0.492939 0.109368 -0.863163
1.618779 -51.209367 66.183372 917.251255 -0.279893 0.925597 0.254816 -0.937469 -0.320716 0.135248 -0.206909 0.201027 -0.957485
0.526124 -34.750714 15.904877 -41.194250 -0.249341 0.934912 0.252526 -0.933070 -0.301736 0.195796 -0.259248 0.186804 -0.947573
0.613270 -34.811726 19.051271 -433.929544 -0.232153 0.930751 0.282501 -0.827254 -0.341700 0.445974 -0.511621 0.130165 -0.849294
0.128172 -16.387041 11.908346 -137.115212 0.075054 0.994756 0.069481 -0.145134 -0.058038 0.987708 -0.986561 0.084215 -0.140017
0.048752 -17.257952 -12.372461 -178.593974 0.064320 0.993765 0.091068 -0.072475 -0.086364 0.993624 -0.995294 0.070510 -0.066469
0.923667 -21.694362 35.292026 -476.286080 0.074083 0.995902 0.051867 0.090578 -0.058515 0.994169 -0.993130 0.068953 0.094541
0.590166 -16.696435 0.616329 -118.149570 0.055290 0.992221 0.111540 -0.085470 -0.106598 0.990622 -0.994805 0.064305 -0.078911
-2.758165 -6.133700 25.837032 11.912255 0.168606 0.978584 -0.118091 -0.070614 0.131490 0.988799 -0.983151 0.158378 -0.091272
-3.047641 -6.233842 4.559332 10.103903 0.097256 0.994974 -0.023848 -0.070055 0.030746 0.997069 -0.992791 0.095300 -0.072693
-3.267602 -5.691436 17.461057 30.472154 0.138771 0.988376 -0.062092 0.037738 0.057375 0.997639 -0.989605 0.140787 0.029338
-2.907750 -5.336614 30.517806 40.309241 0.208308 0.965697 -0.155039 0.056440 0.146384 0.987617 -0.976433 0.214479 0.024011
-0.803898 -14.680247 19.682250 -38.557650 0.193989 0.960801 -0.198063 0.868262 -0.074186 0.490528 -0.456606 0.267128 0.848618
-1.072361 -14.040219 11.863079 5.822277 0.205606 0.961478 -0.182442 0.743827 -0.032387 0.667587 -0.635961 0.272966 0.721833
-1.533782 -14.230767 7.247975 -10.725258 0.177883 0.966669 -0.184145 0.698284 0.007856 0.715778 -0.693367 0.255911 0.673611
0.903364 -428.627609 -152.485308 28214.539437 0.910050 -0.174953 -0.375765 0.112881 0.976899 -0.181455 0.398831 0.122716 0.908776
-3.860483 -151.701953 -92.100613 8220.285790 0.897610 -0.159433 -0.410948 -0.310384 -0.890587 -0.332440 0.312983 -0.425954 0.848885
-4.090812 -92.263645 26.151831 -2432.206554 0.848001 -0.091921 -0.521963 0.259246 0.930925 0.257238 0.462262 -0.353454 0.813255
-3.877295 -97.870591 -149.491738 3463.102828 0.894753 -0.269143 -0.356343 -0.390122 -0.859420 -0.330458 0.217307 -0.434695 0.873966
-3.757019 -159.585012 -85.791107 -5556.436143 0.905084 -0.172762 -0.388557 0.081401 -0.826462 0.557076 0.417369 0.535829 0.733955
6.707868 -403.865854 -1010.414193 -26224.103563 0.885453 -0.315568 -0.341160 0.304355 0.948536 -0.087455 0.351200 -0.026397 0.935928
-6.210158 -6.613677 18.538426 -57.045916 0.870198 -0.212042 0.444740 0.262646 0.963346 -0.054604 -0.416860 0.164325 0.893994
-6.084246 -7.527396 7.716687 -12.949669 0.849071 -0.236277 0.472495 0.345080 0.925280 -0.157409 -0.399998 0.296700 0.867163
-6.534366 -7.319914 3.919270 -24.922862 0.725923 -0.388509 0.567536 0.464484 0.885499 0.012060 -0.507238 0.254857 0.823261
-5.519512 -6.636192 -72.631675 4.740020 -0.061675 0.979785 -0.190310 0.839246 0.154114 0.521455 -0.540243 0.127556 0.831786
-6.928791 -7.398698 19.035290 -36.945797 0.613967 -0.404656 0.677715 0.487884 0.869491 0.077172 -0.620495 0.283265 0.731264
-6.358938 -6.780468 -14.300839 -13.984748 -0.279215 0.866781 -0.413194 0.740535 0.468304 0.481974 -0.611267 0.171411 0.772639
-6.525033 -7.831607 15.175903 -21.485944 0.712644 -0.320619 0.623972 0.473628 0.876032 -0.090799 -0.517508 0.360239 0.776153
-5.527706 -9.355173 -2.794975 18.160759 0.196002 0.965182 0.173224 0.181650 -0.209330 0.960825 -0.963632 0.156858 0.216355
-5.378934 -9.421210 -0.620201 -9.967984 0.121880 0.981833 0.145427 0.074461 -0.155151 0.985081 -0.989748 0.109232 0.092018
-5.070314 -9.271649 -21.168785 33.568738 0.051498 0.991872 0.116355 0.216509 -0.124828 0.968267 -0.974921 0.024672 0.221178
4353.311339 -291.254610 363154.411948 16836.451782 -0.254377 -0.173742 -0.951371 0.830967 0.463998 -0.306920 0.494759 -0.868631 0.026343
167.047171 -40.817422 5417.583367 956.286249 -0.274196 0.299042 -0.913997 0.945322 -0.090707 -0.313271 -0.176587 -0.949919 -0.257819
613.770486 -103.621775 31429.155598 -1930.737158 0.092876 0.987050 -0.130793 0.978995 -0.114475 -0.168716 0.181504 0.112376 0.976948
334.955758 -51.504201 15513.901468 -241.397552 -0.006143 0.982820 -0.184462 0.988088 -0.022400 -0.152252 -0.153769 -0.183200 -0.970975
389.125987 -19.164886 18901.244496 -208.259519 -0.179097 0.980532 -0.080505 0.949557 0.150868 -0.274919 0.257422 0.125681 0.958091
149.323978 0.546215 6240.660395 50.212222 -0.262670 0.964528 0.026255 0.918173 0.258225 -0.300465 0.296586 0.054816 0.953432
2023.195039 -21.561486 234015.992298 3169.562590 -0.148728 -0.105742 -0.983208 0.848063 0.497728 -0.181814 0.508596 -0.860863 0.015650
429.379223 -52.670167 19631.391024 -51.213101 -0.113689 0.959858 -0.256412 0.988359 0.083004 -0.127505 -0.101103 -0.267922 -0.958121
-0.099253 -8.092378 -161.624680 -23.330409 -0.601861 0.778662 -0.177339 0.019027 0.235980 0.971572 -0.798374 -0.581377 0.156842
2.381698 -7.876331 -184.159011 -30.043351 -0.596996 0.798184 -0.080608 0.015937 0.112258 0.993551 -0.802086 -0.591861 0.079739
1.101543 -8.438789 -165.936772 -13.087304 -0.600401 0.796305 -0.073601 0.167171 0.214980 0.962204 -0.782031 -0.565405 0.262194
-1.266699 -8.389839 -114.103821 -28.190768 -0.585129 0.785597 -0.201152 0.109578 0.322367 0.940251 -0.803503 -0.528126 0.274710
-1.447545 -5.729451 -25.484280 24.281546 -0.007060 0.994132 0.107948 0.029855 0.108112 -0.993690 0.999529 0.003792 0.030443
-1.554099 -5.605667 -11.965430 24.328825 -0.047454 0.988596 0.142922 0.033193 0.144565 -0.988938 0.998322 0.042185 0.039675
-1.059556 -5.793291 -30.171383 -9.304645 -0.002047 0.994829 0.101544 0.150738 0.100691 -0.983432 0.988572 -0.013293 0.150165
-0.910109 -5.819990 -30.459759 2.381588 0.022759 0.999517 0.021176 0.071652 0.019496 -0.997239 0.997170 -0.024214 0.071174
-0.299903 -5.651207 -38.212829 -29.918283 0.043136 0.998862 0.020357 0.208367 0.010933 -0.977990 0.977099 -0.046428 0.207658
3.190216 -10.760112 -74.295237 21.370249 0.182042 0.954099 -0.237814 -0.067638 0.253433 0.964985 -0.980962 0.159583 -0.110669
1.967326 -11.143302 -30.783148 69.047994 0.137475 0.976533 -0.165780 -0.060609 0.175349 0.982639 -0.988649 0.125041 -0.083293
1.959637 -12.856442 -93.401842 203.721470 0.153875 0.957682 -0.243244 -0.163991 0.267514 0.949496 -0.974387 0.106214 -0.198215
0.687162 -15.332666 -78.994172 284.677665 0.156464 0.961740 -0.224888 -0.356770 0.267352 0.895119 -0.920996 0.059820 -0.384951
2.096101 -15.681601 -104.080709 350.311127 0.201726 0.931347 -0.303149 -0.325932 0.355704 0.875924 -0.923621 0.077891 -0.375311
3.242438 -12.927879 -86.714381 241.932237 0.229795 0.925045 -0.302468 -0.164681 0.343262 0.924690 -0.959205 0.162678 -0.231217
-2.476512 -17.993601 -5.853972 -94.370948 0.258953 0.961995 -0.086650 -0.941744 0.271395 0.198654 -0.214620 -0.030160 -0.976232
-2.515714 -18.410667 3.488667 -12.696972 0.234061 0.970288 -0.061292 -0.841083 0.233707 0.487812 -0.487642 0.062626 -0.870794
-2.317632 -17.202636 13.415008 -30.396708 0.275655 0.960997 -0.022354 -0.921368 0.270774 0.278859 -0.274035 0.056273 -0.960072
-2.240770 -16.691564 7.836626 -55.623240 0.289859 0.956445 -0.034570 -0.955902 0.291100 0.038883 -0.047253 -0.021775 -0.998646
-1.775473 -16.649151 33.436087 -64.025060 0.313981 0.949403 0.007006 -0.947969 0.313081 0.057757 -0.052642 0.024776 -0.998306
-2.111616 -17.103769 27.405749 -4.610190 0.295500 0.955137 0.019841 -0.896186 0.269948 0.352106 -0.330953 0.121829 -0.935750
-0.164918 -6.743472 15.549746 -54.318234 -0.272540 0.961758 -0.027258 0.894519 0.263716 0.360956 -0.354341 -0.073992 0.932184
0.246765 -6.856340 28.094453 -36.069132 -0.316354 0.947198 -0.052314 0.853430 0.308250 0.420284 -0.414218 -0.088312 0.905883
-0.217571 -7.278431 41.958096 -72.597003 -0.217735 0.975828 -0.018730 0.904525 0.208960 0.371714 -0.366642 -0.063994 0.928159
-1.299756 -17.833889 26.896856 152.765240 0.144286 0.982717 -0.115969 -0.615713 0.180905 0.766923 -0.774648 0.039253 -0.631174
-0.352666 -15.922676 -11.304037 210.289125 0.147659 0.976402 -0.157594 -0.440232 0.207571 0.873562 -0.885659 0.059611 -0.460493
-0.181288 -15.520370 13.843469 190.808593 0.120215 0.989067 -0.085410 -0.455107 0.131367 0.880693 -0.882284 0.067002 -0.465924
-13.213298 -24.428148 360.378379 -192.875788 0.259941 0.899112 -0.352176 -0.180865 -0.312924 -0.932398 0.948535 -0.306064 -0.081277
2.814481 -27.953264 -452.575752 -243.986965 0.382611 0.739353 -0.554045 -0.360380 -0.432745 -0.826352 0.850726 -0.515838 -0.100875
-8.477596 -25.695178 126.127749 98.710307 0.329057 0.872174 -0.361985 -0.442548 -0.196199 -0.875018 0.834190 -0.448127 -0.321419
-7.028248 -25.584556 118.077778 134.042933 0.248347 0.907719 -0.338186 -0.519619 -0.169805 -0.837355 0.817509 -0.383682 -0.429497
-6.411364 -25.919668 -21.500472 174.707886 0.410116 0.864664 -0.290106 -0.599225 0.015663 -0.800427 0.687556 -0.502107 -0.524552
-0.987825 -9.333587 10.189616 -121.544196 -0.304864 0.891622 0.334767 0.680930 0.449813 -0.577929 0.665877 -0.051763 0.744264
-1.694549 -9.418560 41.161997 -76.727208 -0.324086 0.870453 0.370512 0.586530 0.492171 -0.643234 0.742261 -0.008853 0.670053
-1.166229 -10.333680 15.689196 12.406628 -0.360621 0.848837 0.386560 0.476272 0.523926 -0.706163 0.801946 0.070550 0.593216
2.084895 -5.748833 -81.046861 30.394551 0.198022 -0.116273 0.973277 -0.152356 0.977220 0.147743 -0.968285 -0.177541 0.175796
0.922422 -5.911652 -106.962793 42.673507 0.180377 -0.255526 0.949827 -0.185412 0.939521 0.287964 -0.965964 -0.228051 0.122090
0.043234 -5.656079 -85.954295 61.199158 0.195685 -0.250922 0.948022 -0.072429 0.960373 0.269141 -0.977988 -0.121332 0.169757
3.484436 -6.227797 -103.619146 -0.240547 0.177800 -0.122224 0.976447 -0.310172 0.934718 0.173480 -0.933906 -0.333711 0.128283
2.840336 -41.191107 -37.031298 1185.782459 -0.170060 0.979970 0.103630 -0.860361 -0.096378 -0.500489 0.480477 0.174272 -0.859518
0.137342 -24.340271 34.598621 -699.912707 -0.234342 0.962738 0.134976 0.963618 0.211676 0.163199 0.128547 0.168310 -0.977316
10.788117 -1351.179257 -616.474524 63429.950537 -0.034841 0.975642 0.216584 -0.948492 0.036000 -0.314748 0.314878 0.216394 -0.924135
3.830634 -67.157324 -37.838673 2559.044188 -0.388863 0.919751 0.053324 -0.852085 -0.337038 -0.400446 0.350339 0.201156 -0.914767
6.210646 -61.050598 4.317722 1888.217033 -0.094408 0.980412 0.172856 -0.711206 0.055077 -0.700822 0.696615 0.189100 -0.692076
7.050684 -54.035208 -128.876115 1068.025544 -0.230777 0.969552 0.081919 -0.569030 -0.066189 -0.819648 0.789269 0.235771 -0.566980
-9.638193 -18.527104 542.818626 688.015620 0.148602 0.975054 -0.164885 0.938354 -0.086409 0.334702 -0.312105 0.204458 0.927786
-2.091972 -9.625483 146.884671 180.474241 0.257030 0.966325 -0.012319 0.922626 -0.241574 0.300672 -0.287570 0.088648 0.953648
-3.401116 -26.477441 303.344176 848.683264 0.283578 0.953968 -0.097612 0.879540 -0.218185 0.422854 -0.382092 0.205766 0.900925
-18.203947 -83.386886 344.045713 3435.571709 -0.133237 0.943993 -0.301869 0.865363 0.259280 0.428859 -0.483109 0.204087 0.851443
-7.933839 -11.725940 -6.619193 121.113164 -0.025329 0.904736 0.425218 -0.202726 0.411868 -0.888407 0.978908 0.108705 -0.172981
-5.461339 -11.651655 -127.791992 175.049360 0.123538 0.906286 0.404207 -0.257245 0.422651 -0.869018 0.958417 -0.003376 -0.285351
-3.301031 -11.134333 -165.649718 324.828567 0.182127 0.943905 0.275452 -0.439421 0.328740 -0.835966 0.879624 -0.031213 -0.474644
-5.768537 -9.622797 -16.318467 -36.217853 0.237261 0.968182 0.079568 -0.862365 0.172203 0.476101 -0.447251 0.181577 -0.875783
-6.037138 -9.892074 -11.733558 -15.711457 0.250462 0.959426 0.129503 -0.779787 0.120647 0.614309 -0.573760 0.254846 -0.778365
-6.178006 -9.552199 -16.304732 -31.845037 0.317072 0.934816 0.159951 -0.862937 0.214400 0.457572 -0.393452 0.283111 -0.874668
-5.760230 -8.852117 -16.219387 -37.096213 0.296339 0.948453 0.112337 -0.916766 0.249494 0.311919 -0.267813 0.195420 -0.943444
-6.327898 -8.886108 -22.792408 35.946397 0.390823 0.897596 0.203910 0.894914 -0.318698 -0.312347 -0.215376 0.304554 -0.927825
-29.279473 -123.498261 -417.866313 -5879.142889 0.239905 0.942371 -0.233203 -0.595297 -0.046951 -0.802133 0.766856 -0.331260 -0.549726
-9.282550 -83.348248 -216.828666 -4251.893408 -0.076963 0.971740 -0.223156 -0.679802 -0.214872 -0.701213 0.729346 -0.097735 -0.677128
0.743068 -7.221859 -12.516995 -7.022493 -0.143447 0.962920 -0.228492 -0.739709 0.049059 0.671137 -0.657460 -0.265290 -0.705243
0.626913 -7.140207 -16.013706 7.336679 -0.141299 0.960258 -0.240706 -0.633921 0.098992 0.767036 -0.760380 -0.260970 -0.594741
-0.125825 -7.574382 -11.792290 4.478609 -0.160857 0.986896 -0.012734 -0.637867 -0.094105 0.764375 -0.753160 -0.131077 -0.644646
0.075696 -7.699901 -1.500632 0.601341 -0.114118 0.991972 -0.054492 -0.604266 -0.025769 0.796366 -0.788568 -0.123807 -0.602356
0.212099 -7.822632 1.793180 24.477913 -0.132341 0.990612 -0.034265 -0.523085 -0.040435 0.851321 -0.841943 -0.130588 -0.523525
0.143371 -7.739583 -8.130978 42.455531 -0.155660 0.987810 0.001389 -0.528860 -0.084525 0.844490 -0.834312 -0.130719 -0.535570
-0.140210 -7.705606 -13.597720 29.284019 -0.198852 0.978818 0.048725 -0.534566 -0.150002 0.831708 -0.821400 -0.139340 -0.553070
-0.230471 -10.708961 7.436863 156.869515 0.204247 0.978132 -0.039246 0.887551 -0.201947 -0.414091 0.412961 -0.049744 0.909389
-0.416937 -8.442503 -8.630246 164.753697 0.250252 0.967552 -0.034877 0.799551 -0.226845 -0.556112 0.545979 -0.111282 0.830375
-0.327616 -10.173038 8.575714 73.408552 0.191106 0.981058 -0.031670 0.882606 -0.185867 -0.431811 0.429518 -0.054569 0.901408
-0.196951 -12.226120 17.046807 100.548984 0.142466 0.989303 -0.031354 0.956786 -0.145758 -0.251626 0.253504 -0.005849 0.967317
-0.221740 -19.234928 -24.337461 -139.425454 0.042132 0.963874 -0.263006 0.991184 -0.073420 -0.110291 -0.125616 -0.256041 -0.958469
-0.282420 -18.252193 -14.038049 -37.997525 -0.013625 0.966358 -0.256840 -0.928704 0.082965 0.361423 -0.370573 -0.243453 -0.896329
0.316695 -11.547466 -20.732844 -109.447737 0.215141 0.972382 -0.090488 0.270045 -0.148280 -0.951362 0.938504 -0.180242 0.294488
0.001623 -11.607451 -15.526636 -114.735675 0.214815 0.970383 -0.110505 0.247027 -0.163452 -0.955124 0.944898 -0.177877 0.274823
-0.011543 -9.704761 -9.109947 -111.178084 0.202687 0.975255 -0.088292 0.428662 -0.169430 -0.887436 0.880435 -0.142025 0.452396
-0.246910 -9.773480 -3.711249 -114.299809 0.204696 0.974377 -0.093213 0.413271 -0.172358 -0.894147 0.887303 -0.144506 0.437963
-0.324374 -11.314361 -12.898001 -101.348574 0.211930 0.970074 -0.118499 0.228901 -0.167153 -0.958991 0.950100 -0.176115 0.257476
-1.173505 -26.734043 -28.081947 -312.656629 0.071912 0.965775 0.249215 0.544238 -0.247381 0.801628 -0.835843 -0.077986 0.543401
-0.710989 -21.993714 4.185296 -303.269633 0.090430 0.969294 0.228674 0.217371 -0.243289 0.945283 -0.971891 0.035775 0.232697
0.283749 -15.548812 -47.288988 -47.608989 0.159563 0.985463 -0.058330 0.329009 -0.108795 -0.938039 0.930748 -0.130486 0.341586
0.173980 -16.137056 -50.003303 -200.574923 0.179245 0.976423 -0.120286 0.226820 -0.159988 -0.960706 0.957300 -0.144919 0.250149
2.242883 -3.339476 -4.908116 -3.680905 -0.449187 -0.179007 -0.875321 -0.546993 0.829744 0.111014 0.706420 0.528660 -0.470626
2.595899 -3.586273 -22.470041 -10.774689 -0.364262 -0.301497 -0.881143 -0.646138 0.763198 0.005972 0.670686 0.571515 -0.472813
1.799045 -2.600843 57.229009 -5.879619 -0.441357 -0.318569 -0.838879 -0.613997 0.788961 0.023428 0.654379 0.525409 -0.543814
1.655050 -2.625476 59.253462 -6.371556 -0.528373 -0.144283 -0.836663 -0.484642 0.860382 0.157690 0.697097 0.488801 -0.524528
1.757217 -3.786132 -25.961540 -12.323618 -0.497407 -0.001723 -0.867515 -0.397246 0.889449 0.226003 0.771221 0.457032 -0.443102
0.087678 -13.270920 -12.281892 101.437036 0.170618 0.574193 0.800744 0.984278 -0.136991 -0.111491 0.045677 0.807178 -0.588539
-0.734562 -13.033563 -20.516611 -136.899800 0.176349 0.586941 0.790190 0.948412 0.113556 -0.296008 -0.263470 0.801626 -0.536637
-0.664958 -13.312361 2.763748 1.284056 0.267851 0.564964 0.780430 0.959746 -0.085403 -0.267569 -0.084516 0.820684 -0.565098
0.647633 -12.960409 -15.310586 225.210668 0.259764 0.579264 0.772642 0.939939 -0.335147 -0.064743 0.221445 0.743054 -0.631532
1.396445 -12.120852 -16.265929 240.126071 0.159357 0.578238 0.800154 0.939907 -0.336777 0.056185 0.301962 0.743116 -0.597157
0.887634 -13.043443 -18.163271 151.940116 0.088620 0.593262 0.800117 0.983008 -0.181732 0.025872 0.160756 0.784228 -0.599286
0.993176 -51.702051 -32.902596 945.310672 -0.232243 0.944671 0.231647 -0.948399 -0.272793 0.161627 -0.215876 0.182157 -0.959279
0.884679 -59.870235 32.805854 -1609.641613 -0.230893 0.932808 0.276690 0.969162 0.195328 0.150238 0.086098 0.302846 -0.949142
28.918900 -261.115031 -1009.398848 36586.139763 -0.380741 0.922328 -0.065929 0.227492 0.162540 0.960119 -0.896261 -0.350558 0.271708
6.509288 -1196.240362 -630.108746 -64440.837855 -0.552581 0.818876 -0.155230 -0.201458 0.049497 0.978246 -0.808745 -0.571832 -0.137618
6.219789 -624.152672 -363.286067 -40800.196162 0.007390 0.996927 0.077991 0.405001 0.068326 -0.911760 0.914286 -0.038324 0.403252
0.322828 -14.918455 -13.650335 -26.160104 0.065356 0.993972 0.088020 -0.287525 -0.065709 0.955516 -0.955541 0.087757 -0.281497
-3.080787 -6.361739 -14.474509 8.658777 0.025014 0.996287 0.082384 -0.096571 -0.079616 0.992137 -0.995012 0.032773 -0.094221
-3.447000 -5.736133 -5.506972 31.295063 0.066743 0.989818 0.125724 0.033920 -0.128183 0.991170 -0.997193 0.061889 0.042130
-1.465516 -13.624551 25.365313 1.137386 0.214934 0.958771 -0.185909 0.608929 0.017265 0.793037 -0.763550 0.283656 0.580113
0.064026 -37.983304 -7.135994 108.315002 -0.012211 0.996649 -0.080886 0.808193 0.057470 0.586106 -0.588791 0.058215 0.806187
0.062452 -46.586137 27.731984 740.119861 -0.001859 0.992201 -0.124630 0.861966 0.064773 0.502811 -0.506963 0.106492 0.855364
0.858427 -38.735172 -8.369945 889.270585 0.003015 0.999870 -0.015845 0.993366 -0.001173 0.114992 -0.114958 0.016086 0.993240
0.586737 -31.460909 2.648785 447.175705 0.016366 0.997999 -0.061082 0.957200 0.002017 0.289422 -0.288966 0.063205 0.955251
-3.612629 -78.642392 30.818523 2866.911895 0.898947 0.032529 -0.436847 -0.320133 -0.631920 -0.705827 0.299013 -0.774351 0.557649
-1.364645 -140.748006 -17.198980 6265.933808 0.917314 -0.115705 -0.380982 -0.375321 -0.570708 -0.730361 0.132923 -0.812961 0.566945
-5.553021 -7.437278 32.409633 -19.184465 0.923950 -0.142342 0.355044 0.218906 0.957927 -0.185624 -0.313684 0.249229 0.916236
-5.631919 -7.857101 19.184904 1.908253 0.909654 -0.136302 0.392366 -0.269396 -0.912604 0.307537 -0.316157 0.385454 0.866874
-5.250162 -9.420808 -30.917156 -19.087411 -0.002832 0.997011 0.077207 -0.009085 -0.077229 0.996972 -0.999955 -0.002122 -0.009276
-5.515351 -9.340817 15.486980 -25.255759 0.140749 0.979284 0.145574 -0.067896 -0.137145 0.988221 -0.987714 0.148975 -0.047186
105.284321 -38.634358 4265.835268 -500.729854 0.296011 0.954935 -0.021809 0.951754 -0.296805 -0.077914 0.080875 -0.002307 0.996722
286.942663 -249.357600 -13704.683879 10876.268377 -0.246646 0.555170 0.794325 -0.542848 0.599839 -0.587800 -0.802796 -0.576177 0.153425
1369.862263 -288.612488 55807.486264 8979.763898 0.225664 0.955848 -0.188231 -0.952590 0.256975 0.162900 -0.204078 -0.142546 -0.968521
-1.779306 -5.115053 -8.411908 52.291998 -0.033223 0.988472 0.147712 -0.056779 0.145689 -0.987700 0.997834 0.041202 -0.051284
-1.778149 -4.800452 -0.163668 59.266675 -0.069556 0.984752 0.159456 -0.078868 0.153914 -0.984932 0.994456 0.081083 -0.066960
-1.758978 -5.483499 2.533930 27.648426 -0.091088 0.980217 0.175721 0.005394 0.176938 -0.984207 0.995828 0.088702 0.021404
3.274728 -10.582560 -24.032025 -91.826270 0.184527 0.965344 -0.184553 0.021386 0.183789 0.982733 -0.982595 0.185288 -0.013269
2.490226 -11.335190 -9.002753 -68.864846 0.116969 0.987558 -0.105105 0.063127 0.098224 0.993160 -0.991127 0.122804 0.050853
-2.173852 -19.230155 -16.705040 -4.636427 0.211208 0.970846 -0.113358 -0.890978 0.238915 0.386105 -0.401931 -0.019451 -0.915463
-2.587025 -18.675651 -2.748520 72.482766 0.199228 0.976068 -0.087180 -0.728029 0.206974 0.653556 -0.655958 0.066737 -0.751841
-2.539057 -17.610406 -1.526416 64.809181 0.215528 0.975333 -0.047676 -0.648360 0.179441 0.739885 -0.730190 0.128555 -0.671042
1.536566 -6.612449 10.707037 64.411559 -0.441100 0.893236 -0.086954 0.716172 0.408733 0.565717 -0.540859 -0.187264 0.820002
0.993372 -6.490338 42.859585 47.085453 -0.350969 0.934376 -0.061329 0.805291 0.334607 0.489433 -0.477836 -0.122388 0.869882
0.859117 -6.133076 13.265158 53.867939 -0.431016 0.898692 -0.081100 0.786703 0.418278 0.454029 -0.441955 -0.131892 0.887288
1.453206 -7.231889 24.504343 37.794162 -0.361814 0.930830 -0.051443 0.739180 0.320069 0.592595 -0.568070 -0.176384 0.803856
0.705109 -6.339658 -59.151894 45.114345 -0.507853 0.858815 -0.067238 0.731545 0.471174 0.492786 -0.454893 -0.201076 0.867549
2.264508 -7.355002 3.440676 24.616382 -0.404994 0.912781 -0.053018 0.622591 0.317776 0.715121 -0.669597 -0.256611 0.696987
1.051976 -7.229728 -42.828098 52.305924 -0.502920 0.861762 -0.066620 0.655925 0.430715 0.619877 -0.562881 -0.268050 0.781866
2.698369 -10.130534 -3.341804 81.104640 0.455954 0.881494 -0.122778 -0.755888 0.310719 -0.576269 0.469829 -0.355559 -0.807984
2.942563 -13.340783 20.787331 188.277864 0.449656 0.882201 -0.139754 -0.712574 0.259966 -0.651656 0.538560 -0.392606 -0.745529
2.629414 -11.715357 2.614609 205.884605 0.429670 0.893007 -0.133875 -0.709473 0.242145 -0.661826 0.558598 -0.379348 -0.737606
-0.894080 -18.497903 -40.556354 248.751182 0.170470 0.964940 -0.199575 -0.566058 0.261685 0.781728 -0.806547 0.020290 -0.590822
0.416659 -18.514936 -87.069161 311.419469 0.209140 0.940124 -0.269124 -0.521580 0.340037 0.782514 -0.827172 0.023285 -0.561466
-15.174269 -19.482435 185.130124 -363.737098 0.462356 0.880647 -0.103379 0.114614 -0.174967 -0.977880 0.879256 -0.440280 0.181831
-11.035988 -66.614880 124.224012 2702.303919 0.554616 0.677954 0.482473 0.416681 0.275611 -0.866265 0.720263 -0.681481 0.129632
-0.762074 -14.627725 81.434043 -206.054375 0.103004 -0.396471 0.912250 0.966241 0.257624 0.002865 -0.236153 0.881159 0.409623
-0.357860 -12.900603 5.168722 -222.217267 0.125000 -0.344625 0.930381 0.940279 0.340405 -0.000240 -0.316623 0.874848 0.366594
0.656603 -14.073626 32.177436 -62.378058 0.166117 -0.357061 0.919191 0.986068 0.051939 -0.158028 0.008684 0.932636 0.360714
0.482844 -13.430845 -1.554686 -197.586698 0.201442 -0.327765 0.923034 0.958112 0.261789 -0.116138 -0.203574 0.907765 0.366771
1.657841 -13.940678 -16.266796 172.762606 0.220108 -0.317171 0.922472 0.933485 -0.205984 -0.293559 0.283123 0.925728 0.250735
1.472902 -14.240098 98.908954 223.495655 0.114882 -0.405618 0.906794 0.932318 -0.271080 -0.239373 0.342908 0.872920 0.347023
0.483231 -46.576479 -5.592208 892.274479 0.937624 0.332582 -0.101247 -0.305760 0.650297 -0.695431 0.165448 -0.683010 -0.711424
0.240903 -37.598963 7.410124 371.602425 0.933515 0.344459 -0.099486 -0.266655 0.481530 -0.834880 0.239676 -0.805901 -0.541367
0.499706 -34.500590 10.610333 276.898729 0.938445 0.337119 -0.075307 -0.311767 0.732752 -0.604877 0.148734 -0.591122 -0.792750
-103.429516 -1570.447033 -4412.475200 -142613.410911 0.734832 0.324611 -0.595525 0.100661 0.816113 0.569058 0.670738 -0.478108 0.567030
-34.100417 -436.348155 -1597.797917 -13924.798308 0.812793 0.427275 -0.395986 -0.550623 0.341519 -0.761695 0.190216 -0.837139 -0.512851
-163.834465 -1178.034016 -7583.991170 144447.281201 0.688679 0.482193 -0.541490 -0.251327 -0.541762 -0.802078 0.680115 -0.688465 0.251912
-33.276407 -1958.531872 -46.456478 -247143.731737 0.801092 0.151298 -0.579103 0.559647 -0.532424 0.635075 0.212242 0.832847 0.511194
-2.089023 -26.319289 -7.818905 -1055.755799 -0.266083 0.960326 0.083508 0.963502 0.262318 0.053409 0.029385 0.094672 -0.995075
-1.491644 -14.265803 29.640005 393.306845 -0.175558 0.974251 0.141472 -0.973603 -0.193110 0.121679 -0.145866 0.116375 -0.982436
0.841408 -18.183217 35.519702 514.068978 0.290114 0.956771 0.020582 0.847831 -0.266937 0.458178 -0.443866 0.115474 0.888622
0.882277 -10.898912 -57.931532 -44.225877 0.177818 0.981412 0.072196 0.893037 -0.191752 0.407082 -0.413359 0.007913 0.910534
-9.928997 -11.590173 194.598086 54.538426 -0.195606 0.926850 0.320448 -0.069365 0.312866 -0.947261 0.978226 0.207518 -0.003093
-6.804684 -9.530172 -12.060273 98.190115 -0.386858 0.888351 -0.247333 -0.176425 -0.334564 -0.925711 0.905105 0.314483 -0.286156
-6.798294 -10.831490 -30.901906 63.307966 -0.297266 0.948697 -0.107736 -0.104301 -0.144427 -0.984003 0.949081 0.281274 -0.141883
-7.391405 -11.502426 50.128794 20.494867 -0.250472 0.968088 -0.008307 0.008228 -0.006451 -0.999945 0.968089 0.250526 0.006349
-5.687539 -9.973189 -14.959963 -31.935512 0.177911 0.982526 0.054691 -0.801464 0.112430 0.587380 -0.570967 0.148334 -0.807462
-5.759467 -9.995306 -9.582962 -14.105699 0.171717 0.982819 0.067684 -0.731605 0.081210 0.676875 -0.659748 0.165748 -0.732980
-5.860923 -9.806698 -2.638303 33.761789 0.204937 0.972442 0.111165 -0.632819 0.044999 0.772991 -0.746686 0.228762 -0.624602
-6.469049 -21.460338 -331.119620 -998.955186 -0.120903 0.906881 -0.403670 0.991058 0.133399 0.002863 0.056445 -0.399714 -0.914900
0.070715 -7.250398 -50.013846 -16.835689 -0.176659 0.948810 -0.261821 -0.839947 -0.006654 0.542628 -0.513109 -0.315776 -0.798126
-0.218081 -7.677944 -27.447326 8.335903 -0.148677 0.955032 -0.256533 -0.758113 0.056489 0.649672 -0.634948 -0.291072 -0.715624
-1.687672 -6.267174 -64.135475 -8.263334 0.146463 0.979544 -0.137991 -0.526809 -0.040832 -0.849002 0.837270 -0.197042 -0.510053
-1.754481 -5.577047 -32.472485 -89.029763 0.088722 0.976468 -0.196569 -0.391804 -0.147226 -0.908193 0.915761 -0.157593 -0.369522
-0.953044 -5.930842 -93.807213 -22.124486 0.158838 0.967548 -0.196522 -0.473342 -0.100053 -0.875178 0.866439 -0.232034 -0.442089
-2.046400 -6.105785 -3.105114 -50.535551 0.091685 0.991037 -0.097157 -0.467474 -0.043312 -0.882945 0.879239 -0.126371 -0.459313
-0.181148 -5.646244 -106.820933 16.660306 0.226802 0.966494 -0.120210 -0.553852 0.026464 -0.832194 0.801129 -0.255322 -0.541297
-1.379208 -5.860016 -95.344102 51.784384 0.229914 0.970834 -0.067973 -0.612950 0.090201 -0.784956 0.755931 -0.222136 -0.615811
-2.274527 -6.147068 -24.938246 44.656719 0.158713 0.986402 -0.042682 -0.617164 0.065374 -0.784114 0.770661 -0.150790 -0.619147
0.004611 -7.755501 13.449554 17.563631 0.136387 0.990610 -0.009489 0.743952 -0.108743 -0.659325 0.654166 -0.082864 0.751798
-0.292779 -18.651463 -21.878452 -5.457896 -0.029716 0.964492 -0.262435 -0.941126 0.061455 0.332424 -0.336748 -0.256863 -0.905882
-0.345175 -18.072267 -20.055379 -127.122515 -0.069102 0.965212 -0.252173 -0.844433 0.078001 0.529952 -0.531186 -0.249564 -0.809666
0.709357 -13.212780 -3.644485 -63.909668 0.185911 0.977354 -0.101071 0.066082 -0.115068 -0.991157 0.980342 -0.177588 0.085978
0.719433 -28.363934 -11.050768 -97.250467 0.061311 0.964030 0.258627 0.490026 -0.254810 0.833634 -0.869549 -0.075623 0.488023
0.513189 -24.524810 13.946986 -76.505384 0.099534 0.969189 0.225311 0.235254 -0.242937 0.941083 -0.966824 0.040665 0.252186
0.414986 -21.108803 7.902330 -130.205690 0.093458 0.971362 0.218454 -0.069618 -0.212502 0.974678 -0.993186 0.106300 -0.047764
0.547690 -23.634665 22.987814 -499.647802 0.128416 0.982658 -0.133763 0.172781 -0.154986 -0.972690 0.976553 -0.101797 0.189687
0.079945 -18.475536 -22.123238 -2.072389 0.142867 0.989281 -0.030194 0.365644 -0.081104 -0.927214 0.919725 -0.121428 0.373312
2.481848 -4.711143 -89.287501 -64.909695 -0.235587 -0.337433 -0.911394 -0.705489 0.704369 -0.078422 0.668420 0.624503 -0.403995
3.031482 -3.620200 2.433001 -43.333263 -0.296964 -0.428043 -0.853576 -0.725704 0.682148 -0.089601 0.620618 0.592835 -0.513206
2.328602 -2.727936 52.325054 -1.177414 -0.377664 -0.421658 -0.824363 -0.693908 0.718357 -0.049538 0.613075 0.553324 -0.563890
-1.340130 -30.995878 -19.352053 -441.277515 -0.221638 0.885795 0.407730 0.569252 -0.221954 0.791637 -0.791725 -0.407557 0.455047
-1.507446 -26.038365 -17.746612 -248.294333 -0.237285 0.903761 0.356248 0.276025 -0.288881 0.916710 -0.931400 -0.315855 0.180913
-1.450543 -28.898470 -45.269446 -373.304925 -0.272569 0.884441 0.378774 0.267453 -0.308515 0.912846 -0.924216 -0.350118 0.152455
-1.617041 -12.619315 -15.856039 -187.188476 0.257279 0.588387 0.766556 0.893383 0.157541 -0.420770 -0.368340 0.793083 -0.485123
-1.589638 -11.497528 -29.808437 -173.930511 0.162603 0.594446 0.787524 0.865460 0.297382 -0.403167 -0.473856 0.747126 -0.466114
-0.785981 -12.122579 -44.811079 -174.548194 0.066112 0.606127 0.792615 0.922255 0.266103 -0.280419 -0.380887 0.749533 -0.541411
0.846372 -38.763837 -17.248885 -382.836740 -0.273659 0.909709 0.312313 -0.596185 -0.415241 0.687123 -0.754767 -0.001841 -0.655990
0.914901 -36.027363 -6.339810 19.884954 -0.282509 0.918167 0.277772 -0.519286 -0.389851 0.760499 -0.806555 -0.070605 -0.586927
0.760638 -35.190809 -26.168917 158.072067 -0.282973 0.929993 0.234606 -0.789892 -0.364713 0.493006 -0.544055 0.045806 -0.837798
125.801437 -1598.426427 -6786.019706 211845.236101 -0.114612 0.993111 0.024393 0.375222 0.020541 0.926707 -0.919822 -0.115364 0.374991
0.226865 -14.810423 2.110805 -6.719972 0.079555 0.994055 0.074340 -0.301789 -0.047058 0.952213 -0.950050 0.098188 -0.296251
0.371429 -14.987839 -18.352105 32.001858 0.075671 0.995151 0.062843 -0.480289 -0.018855 0.876908 -0.873840 0.096539 -0.476533
-1.031099 -5.538023 -20.950871 -36.102819 0.225016 0.945502 -0.235357 -0.466249 0.316587 0.826066 -0.855558 0.076143 -0.512077
-1.397833 -5.761070 -12.335812 -33.963307 0.282424 0.917759 -0.279205 -0.428963 0.381157 0.818969 -0.858037 0.111528 -0.501332
-0.886427 -4.953458 -22.268804 -44.114400 0.228686 0.947359 -0.224082 -0.541155 0.315050 0.779676 -0.809230 0.057038 -0.584716
-1.409737 -6.023252 -10.012303 -22.016391 0.249030 0.932723 -0.260792 -0.369244 0.340374 0.864757 -0.895345 0.119054 -0.429165
-0.721409 -5.017866 -15.344291 -43.648329 0.163390 0.973327 -0.161052 -0.539038 0.224800 0.811728 -0.826282 0.045815 -0.561391
-1.269285 -5.819005 -3.646904 -28.010285 0.196104 0.959553 -0.201995 -0.409249 0.267285 0.872396 -0.891100 0.088414 -0.445111
-1.853867 -13.842782 11.352299 -19.111009 0.176497 0.969876 -0.167899 0.521669 0.052479 0.851532 -0.834692 0.237880 0.496692
-0.380709 -49.865442 66.335246 -630.145125 0.031548 0.987369 -0.155262 0.548922 0.112700 0.828241 -0.835278 0.111356 0.538433
0.330430 -49.717723 -5.102824 964.452374 -0.047537 0.991303 -0.122716 0.763113 0.115314 0.635894 -0.644515 0.063417 0.761957
0.764162 -48.541198 -38.054232 1596.435926 -0.054737 0.995947 -0.071371 0.960078 0.072134 0.270272 -0.274324 0.053728 0.960135
0.906862 -40.775526 -33.807076 1097.165825 -0.019769 -0.997125 0.073154 0.997895 -0.015159 0.063053 -0.061762 0.074246 0.995326
-4.493657 -59.681113 46.456329 2104.128206 0.862381 0.015988 -0.506007 -0.420903 -0.532758 -0.734173 0.281317 -0.846117 0.452711
-5.262060 -6.234798 54.450146 -72.378155 0.931958 -0.175797 0.317095 0.201177 0.978335 -0.048880 -0.301632 0.109347 0.947133
-4.532886 -6.071646 -145.182858 50.920101 0.263765 0.960095 0.092979 0.884391 -0.279190 0.374040 -0.385073 0.016429 0.922740
-4.596174 -6.618805 -153.425154 12.927236 0.121894 0.992538 0.003302 0.871490 -0.108619 0.478234 -0.475024 0.055416 0.878226
-4.729871 -9.385468 -33.093956 4.958236 -0.068335 0.996570 0.046686 0.125805 -0.037814 0.991334 -0.989699 -0.073616 0.122789
-5.526838 -9.076222 -5.441250 -36.031875 0.076856 0.988784 0.128063 -0.152965 -0.115229 0.981491 -0.985238 0.095023 -0.142393
