12801
25590
-5.449522 -7.594933 14.624701 101.888251 -0.420283 0.898989 0.123211 -0.895942 -0.432639 0.100551 -0.143700 0.068130 -0.987273
-7.193057 -9.633195 81.106571 -134.989507 -0.052628 0.993190 0.103941 0.998611 0.052609 0.002933 -0.002555 0.103951 -0.994579
-5.796656 -8.994876 -43.818134 221.926208 0.269123 0.963052 -0.010215 -0.952290 0.267671 0.146614 -0.143931 0.029729 -0.989141
-5.801136 -8.922337 -22.339739 -102.412965 -0.400032 0.902265 0.160908 0.916132 0.398643 0.042261 -0.026014 0.164319 -0.986064
-4.475124 -6.238398 -36.404190 83.006421 -0.180989 0.982739 0.038291 -0.953608 -0.184882 0.237593 -0.240571 -0.006487 -0.970610
-4.280343 -6.625167 -9.843967 -58.812673 -0.693386 0.690134 0.207199 0.685427 0.720416 -0.105784 -0.222274 0.068671 -0.972563
-4.888709 -7.572635 -11.943274 63.929380 -0.639505 0.740438 0.206844 -0.754600 -0.656007 0.015287 -0.147010 0.146309 -0.978254
-4.892055 -8.947683 32.383915 -42.838533 0.762475 -0.258466 -0.593151 0.638161 0.451588 0.623554 -0.106692 0.853969 -0.509267
-5.715442 -9.180962 45.096625 -42.902302 0.734823 -0.194575 -0.649750 0.656953 0.442401 0.610487 -0.168665 0.875455 -0.452913
-5.009667 -9.461622 37.988710 -41.807641 0.759169 -0.253092 -0.599673 0.650401 0.330818 0.683767 -0.025327 0.909122 -0.415758
-4.507295 -9.193803 26.751307 -51.336029 0.758497 -0.344345 -0.553272 0.651659 0.394549 0.647821 0.004781 0.851914 -0.523659
-4.654354 -9.826159 17.796218 -38.379928 0.747260 -0.333833 -0.574594 0.657325 0.244325 0.712901 0.097602 0.910418 -0.402011
-5.340957 -9.925805 41.100924 -4.262095 0.755382 -0.223184 -0.616107 0.651541 0.155437 0.742519 0.069952 0.962304 -0.262828
-3.643978 -9.985662 -12.349146 -612.663463 0.183093 0.913156 -0.364175 -0.892307 0.309844 0.328307 -0.412633 -0.264845 -0.871545
-2.912743 -10.626409 -213.011172 -408.321939 -0.585841 0.794103 0.161834 -0.636947 -0.574632 0.513904 -0.501087 -0.197986 -0.842445
-17.305960 -66.246615 -419.738218 3129.680652 -0.136054 0.940347 -0.311829 0.959526 0.046735 -0.277716 -0.246576 -0.336992 -0.908646
-7.399727 -29.774040 -233.783170 -1389.406207 -0.071814 0.972363 -0.222157 -0.931289 0.014382 0.363997 -0.357132 -0.233032 -0.904518
5.379179 -4.414223 326.165744 -42.547587 0.463276 0.751379 0.469898 0.886181 -0.397350 -0.238320 0.007646 0.526823 -0.849941
3.511925 -3.870740 237.902202 0.484893 0.531947 0.716320 0.451573 0.846555 -0.437639 -0.303014 -0.019429 0.543469 -0.839205
7.947243 -4.757563 312.300720 2.496994 0.533971 0.752545 0.385423 0.844386 -0.451213 -0.288825 -0.043446 0.479670 -0.876373
8.826149 -4.932298 338.443321 -53.670751 0.426760 0.821651 0.377843 0.903428 -0.368312 -0.219464 -0.041159 0.435013 -0.899483
-1.610435 -5.871515 6.525399 21.408599 -0.268076 0.959619 0.085249 0.961934 0.271495 -0.031207 -0.053091 0.073638 -0.995871
-1.708229 -5.056431 3.166200 54.790762 -0.288977 0.953951 0.080439 0.955362 0.281967 0.088193 0.061451 0.102334 -0.992850
-1.665234 -5.345665 -8.263850 53.659606 -0.260111 0.964369 0.048320 0.964907 0.257737 0.050268 0.036023 0.059699 -0.997566
1.568171 -10.701127 22.490532 183.405346 -0.250966 -0.967966 0.007624 0.967991 -0.250932 0.005083 -0.003007 0.008655 0.999958
2.009039 -13.062237 -20.738974 234.116412 0.241975 0.970186 -0.013706 0.954215 -0.235384 0.184574 -0.175845 0.057740 0.982723
2.082039 -12.154016 9.540660 239.696208 -0.292348 -0.954388 0.060632 0.955814 -0.289563 0.050726 -0.030856 0.072783 0.996870
1.517571 -11.770541 -23.745895 231.504145 0.207658 0.978121 0.012547 0.973617 -0.207908 0.094046 -0.094597 0.007313 0.995489
1.207980 -9.980382 28.815671 111.920161 -0.211361 -0.977181 -0.021084 0.977155 -0.210766 -0.027311 0.022244 -0.026375 0.999405
-0.115703 -21.130930 -10.372713 273.650349 0.139005 0.965850 -0.218657 0.981756 -0.105479 0.158205 0.129738 -0.236659 -0.962892
-0.201430 -17.449590 -19.259917 -438.007088 0.163888 0.961733 -0.219570 -0.894714 0.051168 -0.443699 0.415485 -0.269169 -0.868861
0.136907 -19.401926 -21.789325 -410.955817 0.159750 0.960610 -0.227394 -0.920830 0.061997 -0.385004 0.355741 -0.270896 -0.894463
0.242121 -22.377522 -13.707210 173.771321 0.135402 0.964709 -0.225837 0.990286 -0.124498 0.061916 0.031615 -0.232027 -0.972195
2.897218 -14.731888 17.286719 221.435609 0.217101 0.935529 -0.278661 -0.256353 -0.220808 -0.941024 0.941887 -0.275733 -0.191888
2.506437 -13.674275 58.196008 202.549686 0.134324 0.957342 -0.255838 -0.373323 -0.190266 -0.907980 0.917925 -0.217474 -0.331841
2.983724 -11.711536 -16.369530 172.790443 0.221667 0.929350 -0.295249 -0.448710 -0.171607 -0.877046 0.865750 -0.326894 -0.378969
2.552917 -10.514962 41.752479 88.506967 0.141260 0.953803 -0.265152 -0.529702 -0.153450 -0.834188 0.836338 -0.258289 -0.483555
3.054111 -13.623977 -29.948050 201.908781 0.282774 0.913385 -0.292861 -0.311016 -0.201515 -0.928795 0.907363 -0.353723 -0.227094
2.921763 -11.058113 -34.699049 143.454129 0.283076 0.912231 -0.296146 -0.483626 -0.130880 -0.865434 0.828235 -0.388207 -0.404130
2.739071 -9.563417 -18.950261 58.001941 0.230608 0.928660 -0.290535 -0.570790 -0.112712 -0.813324 0.788048 -0.353393 -0.504077
2.333350 -32.667269 38.196069 -876.433349 0.168731 0.968759 -0.181760 0.983295 -0.178212 -0.037039 -0.068274 -0.172474 -0.982645
6.491302 -25.404558 258.521788 -749.189888 0.335224 0.926424 -0.171359 0.939840 -0.316133 0.129460 0.065762 -0.204448 -0.976666
6.004308 -31.583327 261.299991 653.295011 0.254454 0.958640 -0.127523 -0.919236 0.198788 -0.339835 0.300430 -0.203696 -0.931799
1.890761 -31.470386 69.519191 -685.817144 0.170342 0.977760 -0.122350 0.984352 -0.163163 0.066546 0.045103 -0.131771 -0.990254
1.755996 -20.924282 2.618502 311.356519 0.147078 0.979592 -0.136992 -0.951510 0.177952 0.250920 -0.270178 -0.093444 -0.958265
-1.251799 -12.505625 -44.980944 -44.729939 0.153430 0.988149 0.004631 0.406448 -0.067379 0.911186 -0.900700 0.137921 0.411969
-2.067881 -12.327133 -51.748872 44.447390 0.138718 0.986796 -0.083617 0.275199 0.042698 0.960439 -0.951327 0.156242 0.265642
-1.025065 -13.044182 -36.328596 36.832316 0.128154 0.989207 -0.071034 0.255087 0.036337 0.966235 -0.958388 0.141947 0.247677
-0.204876 -14.040045 -28.086334 -30.337024 0.134205 0.990781 -0.018470 0.350765 -0.030064 0.935981 -0.926797 0.132092 0.351566
-0.261258 -14.336946 -45.620105 -46.026411 0.145699 0.988582 0.038438 0.572028 -0.115878 0.812008 -0.807190 0.096321 0.582380
-1.234076 -13.237791 -65.033115 -97.120716 0.176001 0.982197 0.065671 0.574171 -0.156617 0.803616 -0.799594 0.103731 0.591514
0.644961 -4.819527 -15.366983 -46.620652 0.047065 0.993690 -0.101810 -0.721650 0.104297 0.684356 -0.690657 -0.041262 -0.722005
0.441507 -5.156330 -18.114383 -39.985564 -0.003457 0.997833 -0.065701 -0.668722 0.046543 0.742054 -0.743504 -0.046501 -0.667113
0.183663 -4.430687 -16.682884 -41.138410 0.018076 0.995430 -0.093772 -0.744051 0.076041 0.663782 -0.667879 -0.057773 -0.742024
0.937154 -5.492706 -24.614616 -33.549072 0.032994 0.994848 -0.095853 -0.647444 0.094337 0.756252 -0.761398 -0.037108 -0.647221
-0.908596 -20.488402 -38.900144 -302.948297 0.297544 0.889727 0.346199 -0.876962 0.398044 -0.269256 0.377366 0.223488 -0.898692
-1.155548 -17.446194 -30.082129 -71.323520 0.358153 0.855863 0.373129 -0.743811 0.503104 -0.440036 0.564333 0.119938 -0.816788
-0.805323 -24.778905 -41.807531 -417.291538 0.333379 0.875203 0.350539 -0.795003 0.460826 -0.394474 0.506782 0.147170 -0.849419
-1.307200 -17.238184 0.720527 -115.037017 0.307823 0.860030 0.406931 -0.795083 0.467433 -0.386458 0.522578 0.204583 -0.827682
-0.505270 -28.422620 -37.899678 422.975696 0.286375 0.896250 0.338712 0.945244 -0.322040 0.052947 0.156532 0.305003 -0.939399
-1.035067 -21.898694 -11.305330 418.827189 0.258885 0.888788 0.378199 0.920497 -0.345659 0.182220 0.292683 0.300957 -0.907613
-0.736477 -21.697438 -22.039750 306.200693 0.276538 0.893977 0.352608 0.950088 -0.309473 0.039496 0.144431 0.324086 -0.934937
2.293347 -8.166756 189.131029 -52.774679 0.882840 0.349785 -0.313438 -0.424792 0.879351 -0.215160 -0.200363 -0.323098 -0.924912
10.325472 -8.487346 648.438548 15.276875 0.941606 0.222646 -0.252601 -0.307950 0.872826 -0.378604 -0.136182 -0.434284 -0.890422
6.013787 -9.255076 341.331502 31.551745 0.787844 0.546683 -0.283620 -0.607324 0.766096 -0.210368 -0.102275 -0.337987 -0.935577
-45.329356 -357.561422 -776.509714 16149.365976 -0.174223 -0.213748 -0.961227 -0.619260 0.782748 -0.061818 0.765613 0.584480 -0.268739
-7.880798 -103.726083 115.171322 -2752.285412 -0.053762 -0.531760 -0.845187 -0.295848 0.816891 -0.495139 0.953721 0.223427 -0.201238
-11.411925 -207.953715 -64.372728 -8704.598346 -0.068174 0.589125 0.805161 0.868085 -0.362728 0.338904 0.491711 0.722053 -0.486682
-8.430436 -303.505652 250.064828 -17022.068832 -0.100552 0.480510 0.871206 0.878411 -0.368317 0.304527 0.467208 0.795897 -0.385050
-5.446595 -110.120231 -307.523383 -4896.086400 0.194012 -0.501603 -0.843062 -0.386198 0.750940 -0.535668 0.901782 0.429515 -0.048027
-17.675004 -201.422908 145.154752 -8803.265830 0.094413 0.469734 0.877745 0.948969 -0.308957 0.063268 0.300904 0.826980 -0.474933
154.235276 -423.253890 -5003.588395 -7030.808027 0.460056 0.691245 0.557251 0.742728 -0.643511 0.185063 -0.486521 -0.328747 0.809458
-14.444478 -6897.057001 1008.368812 279488.381015 -0.048823 -0.896589 -0.440163 0.989354 0.017077 -0.144524 0.137095 -0.442534 0.886210
-1.569427 -602.142476 -145.044644 -32277.550009 -0.181894 0.940575 0.286762 -0.297748 -0.330620 0.895565 -0.937156 -0.077515 -0.340192
-58.047400 -5936.902477 960.345880 2230866.212433 -0.098990 0.954937 0.279816 0.065377 -0.274348 0.959406 -0.992938 -0.113265 0.035273
60094.274583 147.269921 -11433986.287544 192386.116356 -0.888117 0.144571 -0.436288 0.087685 0.985102 0.147936 0.451175 0.093129 -0.887563
1.229915 -5.511127 13.952734 -19.749792 0.851447 -0.048042 0.522236 0.026224 0.998450 0.049095 -0.523785 -0.028107 0.851387
0.037293 -6.719915 -23.830290 5.462822 0.832298 0.211356 0.512453 -0.118061 0.970835 -0.208663 -0.541610 0.113169 0.832978
0.962161 -6.747638 -8.415533 -100.203042 0.837405 0.200501 0.508481 -0.196206 0.978554 -0.062731 -0.510153 -0.047236 0.858785
-0.352072 -12.103427 44.016794 -5.899537 0.369934 0.908965 -0.192172 -0.205804 0.281883 0.937116 -0.905976 0.307122 -0.291347
-0.841239 -12.776904 55.864233 -62.405544 0.370336 0.908351 -0.194293 -0.026172 0.219286 0.975310 -0.928529 0.356107 -0.104983
-0.240852 -13.073713 47.096174 -82.613317 0.375866 0.901083 -0.216274 -0.022355 0.242137 0.969985 -0.926404 0.359750 -0.111155
0.277277 -11.021186 27.983002 46.858627 0.365159 0.907046 -0.209588 -0.297223 0.326944 0.897088 -0.882223 0.265285 -0.388981
0.061555 -12.847867 37.450856 105.904341 0.367144 0.905004 -0.214879 -0.402062 0.362721 0.840701 -0.838779 0.222264 -0.497039
1.680811 -37.578542 -53.562690 1118.355815 0.155595 0.985091 0.073386 0.382002 0.008507 -0.924122 0.910969 -0.171823 0.374983
1.515840 -23.587968 -38.304887 373.005570 0.194161 0.979927 0.045216 0.330439 -0.021934 -0.943573 0.923641 -0.198146 0.328064
1.987302 -92.699896 -106.281347 4616.227963 0.155922 0.984078 0.085320 0.508891 -0.005998 -0.860810 0.846592 -0.177638 0.501723
2.186495 -78.586127 -84.330952 3209.158472 0.147952 0.988723 0.023161 0.559149 -0.064309 -0.826569 0.815759 -0.135243 0.562358
1.235096 -27.046306 -12.479510 871.115974 0.148940 0.988817 0.007544 0.423409 -0.056877 -0.904151 0.893612 -0.137859 0.427145
1.446626 -15.691002 51.411128 -180.722614 0.040937 0.989411 0.139248 0.332625 0.117920 -0.935658 0.942170 -0.084620 0.324276
-0.143863 -31.904516 22.623015 1206.299519 0.097087 0.362128 0.927058 0.917764 0.327811 -0.224163 -0.385076 0.872584 -0.300522
-7.523690 -85.777178 -0.561794 3595.279667 -0.134315 0.216337 0.967036 0.930242 0.363817 0.047815 -0.341480 0.906000 -0.250112
-3.803814 -47.442303 60.936977 1627.415468 0.002953 0.206555 0.978430 0.848994 0.516483 -0.111597 -0.528394 0.831011 -0.173839
-1.296503 -33.492906 26.882533 1209.940905 0.083086 0.278348 0.956880 0.858787 0.467115 -0.210448 -0.505551 0.839241 -0.200231
1.844632 -14.881786 28.575026 216.164368 0.295217 0.469342 0.832205 0.805495 0.346177 -0.480977 -0.513833 0.812330 -0.275856
2.199313 -11.749789 -2.327966 -11.672137 0.257538 0.523683 0.812053 0.879474 0.221073 -0.421488 -0.400249 0.822729 -0.403631
1.946250 -10.614076 3.136709 32.221551 0.240896 0.487639 0.839152 0.918447 0.164946 -0.359511 -0.313727 0.857322 -0.408136
-1.011839 -5.071661 66.230246 -140.320785 -0.028120 0.994250 0.103324 0.596495 0.099634 -0.796409 0.802124 -0.039237 0.595867
-1.232848 -6.527821 52.848937 -102.500142 0.035846 0.999065 -0.024178 0.508296 -0.039057 -0.860296 0.860436 -0.018548 0.509220
-1.025465 -4.522825 49.090567 -60.226036 -0.071142 0.989346 0.127015 0.559013 0.145006 -0.816380 0.826101 -0.012924 0.563374
-0.676289 -3.017738 39.807946 -96.729444 -0.198885 0.926438 0.319620 0.604426 0.372676 -0.704117 0.771436 -0.053148 0.634083
-0.915287 -3.188728 80.827665 -145.431602 -0.212450 0.917727 0.335621 0.641093 0.390114 -0.660916 0.737471 -0.074752 0.671229
-1.694172 -5.256921 36.955129 -162.560889 0.025541 0.991707 0.125958 0.616153 0.083603 -0.783177 0.787212 -0.097613 0.608908
0.728721 -7.260577 -210.420939 -39.839843 0.260829 0.930602 0.256804 0.862820 -0.105399 -0.494402 0.433024 -0.350530 0.830433
-0.380246 -6.648643 -219.550487 55.082704 0.158513 0.906478 0.391372 0.818335 0.101170 -0.565768 0.552451 -0.409955 0.725765
-1.490666 -13.503308 391.076661 -643.432999 -0.005727 -0.848155 -0.529717 0.971889 0.119963 -0.202586 0.235370 -0.515986 0.823626
-0.195659 -8.802653 -208.654341 46.941210 0.132346 0.903476 0.407695 0.842885 0.113848 -0.525912 0.521564 -0.413242 0.746459
-1.932556 -8.853779 -195.645265 -177.446080 0.112470 0.938650 0.326016 0.898765 0.043825 -0.436235 0.423760 -0.342075 0.838697
-0.613094 -2.809699 66.999695 67.511671 -0.087492 0.991549 -0.095788 -0.530771 -0.127772 -0.837828 0.842987 0.022462 -0.537465
-0.910195 -2.264931 24.977957 64.187656 -0.017059 0.999220 -0.035613 -0.554176 -0.039096 -0.831481 0.832225 -0.005552 -0.554411
-0.439753 -1.779907 56.959287 44.287047 -0.071574 0.994246 -0.079698 -0.565606 -0.106271 -0.817799 0.821563 0.013456 -0.569958
0.310678 -2.594722 51.214243 64.237205 -0.098857 0.986330 -0.131834 -0.534353 -0.164379 -0.829124 0.839461 0.011519 -0.543298
0.598023 -1.764643 36.890477 43.343658 -0.075472 0.990630 -0.113823 -0.567249 -0.136531 -0.812150 0.820081 -0.003272 -0.572238
-1.631443 -6.595429 -54.462377 -55.195537 -0.193999 0.927540 0.319429 0.297117 0.365876 -0.881962 0.934926 0.076192 0.346567
-1.908864 -6.117295 -56.868006 -37.420786 -0.187009 0.942765 0.276084 0.364625 0.327581 -0.871630 0.912182 0.062336 0.405016
-1.034894 -5.747880 -42.092606 -39.046203 -0.172392 0.949547 0.261995 0.389104 0.309991 -0.867469 0.904919 0.047602 0.422913
0.743459 -7.521887 16.831418 -19.156822 0.085948 0.993021 0.080762 0.892337 -0.040673 -0.449534 0.443112 -0.110703 0.889605
1.187453 -7.214343 8.407862 -8.450522 0.058139 0.990841 0.121875 0.939159 -0.012887 -0.343241 0.338526 -0.134415 0.931307
0.977175 -7.367157 25.793105 -2.760577 0.074416 0.994135 0.078471 0.948417 -0.046237 -0.313636 0.308169 -0.097762 0.946295
-0.373144 -6.803913 -19.118404 -19.653712 0.172433 0.983576 0.053338 0.376527 -0.015780 -0.926271 0.910217 -0.179803 0.373064
-0.616487 -7.019704 -8.524443 -8.875036 0.149889 0.986271 0.069304 0.340022 0.014399 -0.940307 0.928396 -0.164507 0.333196
-0.418420 -6.737925 -9.471430 0.919976 0.158746 0.985794 0.054859 0.461700 -0.025006 -0.886684 0.872716 -0.166085 0.459110
-0.596659 -6.862312 -0.584878 3.918133 0.137201 0.988248 0.067396 0.434935 0.001026 -0.900461 0.889948 -0.152857 0.429682
-0.283481 -6.597099 -25.401631 -1.816365 0.180776 0.982467 0.045588 0.468509 -0.045266 -0.882298 0.864766 -0.180857 0.468478
-0.396154 -6.969744 -9.095291 10.040911 0.157696 0.986568 0.042609 0.555222 -0.052901 -0.830018 0.816615 -0.154548 0.556107
-0.187003 -6.833058 -15.790644 21.015255 0.178864 0.983204 0.036294 0.540322 -0.067334 -0.838760 0.822229 -0.169634 0.543290
1.490820 -16.053613 -46.974760 -25.784221 -0.032879 -0.942597 0.332310 0.978765 -0.097676 -0.180219 0.202332 0.319328 0.925792
1.432490 -15.277344 -62.433604 24.953737 -0.054394 -0.935042 0.350339 0.998520 -0.050832 0.019361 -0.000295 0.350873 0.936423
0.779015 -15.482424 -49.431736 -29.002379 -0.053995 -0.935604 0.348898 0.979597 -0.117370 -0.163136 0.193580 0.332971 0.922853
0.867512 -15.935134 31.750725 -72.050136 0.041159 0.941743 -0.333806 0.916256 -0.168814 -0.363286 0.398473 0.290899 0.869826
0.167706 -21.218454 -14.226175 71.592498 0.212429 0.976197 0.043740 0.916240 -0.183423 -0.356173 0.339672 -0.115738 0.933396
0.210769 -20.632695 6.682668 34.481248 0.188659 0.981784 0.022535 0.967936 -0.182025 -0.173111 0.165856 -0.054472 0.984644
0.226141 -22.657965 6.611562 36.538716 0.176700 0.983944 0.025111 0.982347 -0.174707 -0.066867 0.061407 -0.036484 0.997446
0.138098 -23.111909 18.845316 80.156486 0.185752 0.982547 0.009837 0.972049 -0.182286 -0.147960 0.143584 -0.037046 0.988944
0.192899 -21.855470 12.047244 102.701945 0.214230 0.976677 0.014410 0.903899 -0.192632 -0.381915 0.370232 -0.094843 0.924085
1.062113 -4.337077 -77.517266 -17.799262 -0.062014 0.951163 -0.302396 -0.770596 -0.238180 -0.591145 0.634300 -0.196366 -0.747733
2.146057 -3.656735 -38.059930 -15.325845 -0.191492 0.920762 -0.339896 -0.703438 -0.370256 -0.606701 0.684475 -0.122917 -0.718600
2.096010 -3.692293 -10.180986 -1.980796 -0.138152 0.951527 -0.274793 -0.772405 -0.277178 -0.571458 0.619924 -0.133303 -0.773256
1.768675 -4.107128 -29.821477 -15.655800 -0.021993 0.973068 -0.229469 -0.822877 -0.147972 -0.548614 0.567794 -0.176759 -0.803969
1.000638 -4.741328 -84.484359 -23.384691 0.057091 0.971489 -0.230109 -0.832238 -0.081004 -0.548469 0.551471 -0.222818 -0.803885
-3.063736 -25.521843 -61.764548 -159.688478 -0.079631 0.984799 0.154372 0.397705 -0.110617 0.910821 -0.914051 -0.133924 0.382851
-3.380133 -25.923125 61.248388 -209.489547 0.072105 0.989657 0.124017 0.383015 -0.142281 0.912719 -0.920924 0.018311 0.389313
-3.404696 -24.122885 30.651048 -290.248691 0.007746 0.989538 0.144063 0.279785 -0.140458 0.949733 -0.960031 -0.032950 0.277946
-0.709010 -7.105616 11.920968 -53.010829 -0.004924 0.992961 0.118343 -0.280567 0.112219 -0.953252 0.959822 0.037897 -0.278039
-0.879034 -7.779339 -6.835408 -45.498255 0.014792 0.993420 0.113573 -0.430757 0.108836 -0.895881 0.902347 0.035671 -0.429533
-0.513719 -7.531618 25.698269 -62.385836 -0.006431 0.987841 0.155335 -0.335744 0.144188 -0.930852 0.941931 0.058139 -0.330735
-1.058619 -28.689070 8.845918 84.217721 -0.345691 0.909526 0.230781 0.286167 -0.132041 0.949038 -0.893648 -0.394116 0.214631
-1.306089 -28.970083 15.432107 -110.970809 -0.359650 0.903058 0.234816 0.208989 -0.167301 0.963501 -0.909382 -0.395598 0.128560
-1.255527 -28.079404 14.294701 153.288503 -0.341490 0.906646 0.247745 0.539401 -0.026810 0.841622 -0.769695 -0.421039 0.479891
-1.212881 -28.373716 11.924520 -121.810474 -0.352097 0.908499 0.225074 -0.078588 -0.268321 0.960119 -0.932659 -0.320366 -0.165872
-0.971564 -27.363552 10.272491 278.674059 -0.329381 0.912213 0.243670 0.610288 0.008768 0.792131 -0.720456 -0.409622 0.559600
-0.720696 -26.445281 11.599362 117.709347 -0.323151 0.915419 0.239962 0.495148 -0.052536 0.867219 -0.806475 -0.399060 0.436291
-0.970133 -27.728281 -7.352649 -144.117766 -0.360696 0.904016 0.229462 -0.082403 -0.275949 0.957633 -0.929036 -0.326506 -0.174028
-0.569859 -27.426057 17.156245 -78.841480 -0.334645 0.916359 0.219769 0.158917 -0.174997 0.971659 -0.928848 -0.360086 0.087063
-1.001677 -7.524525 -6.300024 28.779593 0.847928 -0.520728 -0.099296 0.483115 0.836184 -0.259606 0.218214 0.172156 0.960596
-1.076398 -6.443814 6.684916 18.998745 0.833575 -0.546196 -0.082600 0.492804 0.802836 -0.335557 0.249594 0.239006 0.938392
-0.889318 -6.288036 3.285410 -5.376490 0.918506 -0.377238 -0.118482 0.352294 0.916814 -0.187992 0.179543 0.130931 0.974998
0.233859 -5.609761 -11.739339 -13.428458 0.980917 -0.149865 -0.123863 0.148929 0.988705 -0.016833 0.124987 -0.001935 0.992156
-0.414714 -7.321681 15.184568 8.123847 0.916089 -0.380605 -0.126178 0.366527 0.922452 -0.121407 0.162601 0.064972 0.984550
-1753.084068 -2336.516736 -233701.326924 429466.042679 0.945913 -0.177803 0.271357 0.323655 0.459804 -0.826939 -0.022261 -0.870038 -0.492481
-93.388084 -726.753087 -3882.276117 -47767.123519 0.280257 -0.375734 -0.883335 0.921957 -0.150888 0.356692 -0.267306 -0.914361 0.304123
-45.354771 -595.595933 2081.600263 -129548.293586 -0.506999 0.852506 0.127226 -0.322421 -0.324459 0.889253 -0.799373 -0.409830 -0.439366
-0.408604 -4.610160 -80.779214 31.930763 0.938071 -0.258968 0.230127 0.243436 0.965350 0.094010 -0.246499 -0.032167 0.968609
-0.534422 -5.025527 -100.303521 49.028113 0.930691 -0.290285 0.222595 0.255550 0.951343 0.172163 -0.261740 -0.103347 0.959589
-1.763462 -4.656588 -97.397136 24.725246 0.895105 -0.393837 0.208994 0.375508 0.918641 0.122856 -0.240376 -0.031490 0.970169
0.889388 -5.228565 -84.999059 48.668657 0.950224 -0.204830 0.234776 0.169034 0.971905 0.163793 -0.261729 -0.115955 0.958150
1.029493 -4.740560 -55.510683 37.796221 0.960714 -0.146217 0.235900 0.129129 0.987855 0.086414 -0.245670 -0.052558 0.967928
0.452562 -21.471212 -2.536969 82.427830 -0.067006 0.994311 -0.082797 0.196720 0.094520 0.975893 -0.978167 -0.049103 0.201935
0.659128 -21.596341 -23.688742 148.700966 -0.083155 0.993592 -0.076551 0.370250 0.102122 0.923302 -0.925203 -0.048434 0.376369
0.440447 -19.576265 -1.898056 141.531262 -0.057867 0.996712 -0.056709 0.487033 0.077771 0.869914 -0.871465 -0.022720 0.489932
3.756865 -158.525312 -25.994767 6167.904754 -0.136722 -0.976418 0.167079 0.984096 -0.114568 0.135755 -0.113411 0.182982 0.976553
4.596448 -114.677302 143.723477 4718.210384 0.187317 0.973410 -0.131856 0.911203 -0.222325 -0.346815 0.366908 0.055184 0.928619
9.289963 -433.489994 41.658845 19417.267722 -0.126575 -0.986595 0.102999 0.991460 -0.122543 0.044607 -0.031387 0.107765 0.993681
-12.270074 -66.721679 355.772840 2767.785755 0.639505 -0.109276 -0.760981 0.169547 0.985522 0.000963 0.749858 -0.129638 0.648773
-6.526335 -56.631053 253.463170 2069.308918 0.564608 -0.035561 -0.824593 0.255963 0.957358 0.133973 0.784666 -0.286707 0.549634
-7.655911 -103.059787 236.338474 5326.425794 0.587495 -0.091579 -0.804029 -0.032127 0.990153 -0.136253 0.808590 0.105879 0.578768
-12.563699 -37.892390 401.412729 -369.100359 0.635677 -0.087275 -0.767006 -0.516715 -0.786281 -0.338773 0.573516 -0.611674 0.544917
-17.560072 -51.014428 405.102868 2028.420613 0.696053 -0.244652 -0.675023 0.067492 0.958287 -0.277723 0.714811 0.147751 0.683531
-20.707185 -56.377033 516.356452 2062.261029 0.746454 -0.237739 -0.621520 0.315193 0.948900 0.015585 0.586055 -0.207533 0.783243
-7.253220 -12.057795 -39.309595 -304.187157 0.484180 0.873096 0.057217 0.874453 -0.485102 0.002596 0.030023 0.048776 -0.998358
-6.804598 -10.760541 17.963025 -99.567895 -0.171465 0.974789 0.142781 0.975546 0.147766 0.162710 0.137510 0.167188 -0.976288
-9.159974 -11.378539 134.151105 95.852488 0.171268 0.974535 0.144735 -0.966155 0.194894 -0.168999 0.192903 0.110892 -0.974931
-10.139755 -77.641964 -130.088771 -4296.996242 -0.329901 0.942172 -0.058961 -0.899583 -0.294824 0.322226 -0.286209 -0.159343 -0.944825
-2.121088 -4.186064 23.643857 74.232847 -0.016626 0.959471 -0.281318 0.954462 0.099049 0.281411 -0.297870 0.263829 0.917425
-2.054604 -2.989871 -30.202696 74.958263 -0.135073 -0.959060 0.248917 0.963249 -0.068233 0.259801 -0.232180 0.274861 0.933029
-1.638230 -3.716285 -36.202654 74.874127 -0.025707 -0.951613 0.306221 0.959429 0.062550 0.274923 -0.280775 0.300865 0.911398
-2.123119 -5.529304 18.633549 50.906813 -0.070206 0.957059 -0.281262 0.915679 0.173686 0.362443 -0.395731 0.232100 0.888553
-2.497646 -4.570861 27.366140 71.322507 -0.000921 0.970528 -0.240987 0.950811 0.075500 0.300429 -0.309769 0.228856 0.922858
-1.665188 -5.026036 26.018511 58.717699 -0.049298 0.946061 -0.320216 0.929186 0.161025 0.332691 -0.366309 0.281139 0.887005
2.429288 -14.006613 11.686328 129.912860 0.273863 0.959168 -0.070674 0.914112 -0.236745 0.329169 -0.298996 0.154751 0.941623
2.261173 -13.860524 -15.360103 55.227046 0.227632 0.973611 -0.016306 0.891686 -0.201691 0.405236 -0.391254 0.106784 0.914067
1.783447 -13.343702 -23.931559 123.507374 0.194828 0.980779 0.010754 0.929324 -0.188091 0.317770 -0.313685 0.051916 0.948107
-0.433041 -22.443636 -16.219352 201.628329 0.109186 0.971255 -0.211523 -0.889134 0.190570 0.416081 -0.444431 -0.142642 -0.884384
-0.524851 -21.587895 -29.096738 183.006513 0.109794 0.966159 -0.233414 -0.910395 0.191999 0.366494 -0.398907 -0.172260 -0.900666
-0.456319 -22.772106 -22.382820 39.019697 0.125451 0.966620 -0.223402 0.982453 -0.152366 -0.107567 -0.138015 -0.205987 -0.968773
2.105955 -11.609504 80.997987 158.683662 0.095825 0.967006 -0.236043 -0.458839 -0.167526 -0.872583 0.883337 -0.191921 -0.427647
-2.108767 -13.534269 86.729611 -39.202529 0.812141 0.402384 0.422510 -0.507441 0.129703 0.851869 -0.287978 0.906236 -0.309523
-3.403189 -12.717037 130.088593 -141.386133 0.838672 0.380985 0.389204 -0.523645 0.367572 0.768562 -0.149750 0.848376 -0.507773
-4.434149 -13.974263 104.359367 -28.992273 0.803710 0.446264 0.393572 -0.499721 0.147182 0.853590 -0.323000 0.882715 -0.341299
-1.219000 -12.004719 99.669978 -175.734408 0.842723 0.368008 0.392923 -0.523368 0.389070 0.758097 -0.126111 0.844509 -0.520482
-3.258717 -13.889125 95.595205 73.898543 0.795876 0.421949 0.434213 -0.429564 -0.111882 0.896079 -0.426681 0.899689 -0.092210
-1.599175 -13.549754 68.662025 90.323321 0.808830 0.392853 0.437563 -0.426122 -0.121213 0.896509 -0.405235 0.911578 -0.069362
-0.476257 -6.064635 64.834248 96.290291 0.034438 0.999230 0.018794 -0.947300 0.026644 0.319237 -0.318491 0.028797 -0.947489
-0.204044 -4.232723 68.989339 98.729589 0.031218 0.999336 0.018802 -0.908469 0.020525 0.417448 -0.416785 0.030113 -0.908506
0.548640 -4.914266 50.230818 98.397327 0.005463 0.999861 0.015726 -0.923115 -0.001004 0.384524 -0.384486 0.016618 -0.922981
0.384421 -6.009670 22.026878 62.387629 0.006645 0.999959 0.006073 -0.957116 0.004602 0.289668 -0.289628 0.007737 -0.957108
-0.015748 -6.833993 56.247331 40.891489 0.058512 0.998220 0.011534 -0.978845 0.055099 0.197043 -0.196057 0.022819 -0.980327
-1.002033 -7.040545 80.203446 38.383537 0.066741 0.997721 0.009966 -0.981968 0.063910 0.177918 -0.176875 0.021660 -0.983995
-1.311851 -13.871014 -47.337306 133.890741 0.108647 0.983498 -0.144664 0.101894 0.133741 0.985764 -0.988845 0.121841 0.085682
-2.655468 -12.688397 -53.170449 111.266636 0.143453 0.977765 -0.152961 0.155248 0.130412 0.979230 -0.977404 0.164220 0.133088
-3.059075 -11.103136 -61.739425 19.366963 0.166995 0.981583 -0.092775 0.320582 0.034926 0.946577 -0.932384 0.187815 0.308845
-0.052190 -3.835628 -13.844218 -27.327192 0.024817 0.994766 -0.099120 -0.789926 0.080281 0.607924 -0.612699 -0.063211 -0.787784
-0.196658 -4.028218 -16.722811 -21.793671 -0.015471 0.997412 -0.070216 -0.769106 0.033003 0.638269 -0.638934 -0.063878 -0.766605
-0.430291 -3.558571 -17.940411 -3.273648 -0.059452 0.997059 -0.048366 -0.818799 -0.020994 0.573697 -0.570994 -0.073709 -0.817638
-0.098644 -3.397607 -14.434937 -23.441072 0.011007 0.995380 -0.095384 -0.818461 0.063768 0.571013 -0.574457 -0.071783 -0.815381
-1.008010 -20.364562 -31.100623 -72.078833 0.395640 0.839364 0.372742 -0.598149 0.543476 -0.588941 0.696913 -0.010054 -0.717086
-1.290627 -16.847624 3.400005 76.458380 0.366927 0.832893 0.414312 -0.649273 0.548249 -0.527131 0.666190 0.075583 -0.741942
30.334261 -7.023811 1647.874241 -23.075781 0.966698 0.230251 -0.111709 -0.254601 0.821034 -0.510961 0.025932 -0.522386 -0.852315
-34.037472 -52.103330 -1090.494970 -2566.300418 0.182489 -0.170273 -0.968352 0.659270 0.751864 -0.007965 0.729425 -0.636952 0.249463
-9.145994 -109.394113 144.471681 -4661.412969 -0.022929 -0.287176 -0.957603 0.361675 0.890594 -0.275741 0.932022 -0.352663 0.083444
-6.234264 -265.723271 -217.260584 -14305.062334 0.055498 -0.410476 -0.910181 0.447894 0.824956 -0.344730 0.892363 -0.388533 0.229633
4.017444 -291.172596 -575.576530 -15962.888080 0.224801 -0.440630 -0.869086 0.420898 0.848324 -0.321233 0.878811 -0.293583 0.376164
-6.103960 -42.060661 -195.690957 -2269.039483 0.144542 -0.402420 -0.903972 0.669957 0.712113 -0.209886 0.728193 -0.575285 0.372534
-5.319372 -66.477817 -150.297763 -2810.082176 0.147679 -0.501930 -0.852207 0.120024 0.864382 -0.488301 0.981726 -0.030173 0.187895
-0.799010 -13.742329 51.832720 -94.589710 0.368541 0.902632 -0.222336 0.177080 0.166627 0.969989 -0.912590 0.396851 0.098429
1.444763 -38.078337 16.347193 1335.321996 0.213964 0.976664 -0.018618 0.413310 -0.107783 -0.904189 0.885096 -0.185769 0.426726
1.980771 -20.720187 -12.386413 236.512335 0.180915 0.981855 0.056842 0.217314 0.016459 -0.975963 0.959189 -0.188919 0.210393
1.985277 -40.554689 -33.043441 1251.430917 0.209098 0.977048 0.040693 0.317175 -0.028397 -0.947942 0.925029 -0.211119 0.315832
0.224128 -127.981035 16.800683 6405.587617 0.144418 0.987178 0.067987 0.629209 -0.038588 -0.776278 0.763701 -0.154887 0.626714
0.829870 -47.083798 -56.473563 1257.975220 0.201370 0.978032 0.053889 0.514570 -0.058813 -0.855429 0.833468 -0.199987 0.515109
1.634351 -29.292163 -15.114985 554.627788 0.248578 0.968550 0.010929 0.164678 -0.031140 -0.985856 0.954510 -0.246862 0.167240
-7.039499 -71.422460 143.101198 2492.506928 -0.035246 0.132708 0.990528 0.677053 0.732204 -0.074007 -0.735090 0.668031 -0.115658
-3.454762 -690.947622 -1382.661016 28338.396485 -0.448075 0.051646 0.892503 0.823037 0.413620 0.389266 -0.349053 0.908984 -0.227839
2.131006 -19.147271 50.855335 -292.610217 -0.021348 0.011942 -0.999701 0.977176 0.211640 -0.018338 0.211358 -0.977275 -0.016188
0.813946 -23.721151 98.882035 -377.123727 0.007724 0.084205 -0.996418 0.925860 0.375854 0.038939 0.377787 -0.922845 -0.075059
0.609720 -23.434557 60.747337 -154.812457 -0.054653 0.042449 -0.997603 0.995859 0.075012 -0.051366 0.072651 -0.996279 -0.046372
-1.434325 -6.233332 -0.572511 -112.738783 0.048567 0.996843 -0.062807 0.482533 -0.078473 -0.872355 0.874530 -0.012061 0.484821
0.163978 -5.089862 -138.725652 61.687075 0.298653 0.937737 0.177358 0.784655 -0.135483 -0.604947 0.543252 -0.319834 0.776262
-0.944355 -4.884637 17.158604 99.174945 0.011250 0.939452 0.342495 0.737988 0.223317 -0.636791 0.674720 -0.259921 0.690792
-1.141904 -3.197809 31.849327 77.940242 -0.034973 0.998201 -0.048690 -0.522741 -0.059795 -0.850392 0.851774 0.004288 -0.523892
-0.728678 -3.208577 -51.538441 69.711094 0.007504 0.997704 -0.067312 -0.521030 -0.053553 -0.851856 0.853505 -0.041464 -0.519432
-0.615068 -2.016022 -43.539035 40.290084 -0.050180 0.988161 -0.144982 -0.556723 -0.148195 -0.817372 0.829181 -0.039699 -0.557569
-0.800816 -7.347573 23.666563 -81.992289 -0.138067 0.978200 0.155118 0.236072 0.184607 -0.954039 0.961877 0.095103 0.256413
-1.131233 -7.918903 3.878265 -75.964055 -0.148166 0.965077 0.216042 0.159889 0.238955 -0.957777 0.975952 0.107368 0.189710
-0.641304 -6.571219 -19.057286 -48.969839 -0.129175 0.965107 0.227779 0.280573 0.255889 -0.925094 0.951101 0.055590 0.303837
-1.124279 -7.433289 -29.662164 -47.891293 -0.152811 0.950869 0.269254 0.162721 0.292944 -0.942181 0.974767 0.100162 0.199491
0.177715 -7.694266 16.619475 -18.078303 0.119153 0.991746 0.047345 0.812998 -0.070082 -0.578033 0.569944 -0.107366 0.814638
0.089000 -7.795785 5.934164 -2.959997 0.131533 0.990034 0.050318 0.843432 -0.085095 -0.530454 0.520886 -0.112212 0.846219
-0.016408 -7.666336 9.398653 1.589299 0.131222 0.990205 0.047692 0.767135 -0.070954 -0.637550 0.627922 -0.120246 0.768931
-0.549991 -7.287989 -13.701172 -49.693317 0.166077 0.984747 0.051878 0.258319 0.007327 -0.966032 0.951677 -0.173836 0.253162
-0.718384 -7.210620 3.159184 -32.229363 0.129699 0.989272 0.067226 0.241752 0.034203 -0.969735 0.961631 -0.142025 0.234722
-0.685644 -7.067547 8.054494 4.316740 0.121769 0.989378 0.079396 0.315775 0.037219 -0.948104 0.940988 -0.140521 0.307889
0.022204 -19.372534 4.661446 69.296199 0.202544 0.979142 0.016042 0.885371 -0.176098 -0.430241 0.418442 -0.101346 0.902571
0.128443 -20.042075 -17.307283 -45.751194 0.164076 0.985614 0.040553 0.977835 -0.157086 -0.138433 0.130072 -0.062368 0.989541
8.820127 -29.572831 432.956072 -152.492040 -0.065772 0.995253 -0.071726 -0.977987 -0.050031 0.202580 -0.198030 -0.083471 -0.976635
26.409113 -25.364265 1678.160051 640.257734 -0.339999 0.936543 -0.085374 0.940291 0.337010 -0.047724 -0.015923 -0.096502 -0.995205
5.511535 -33.895799 134.404172 -890.991595 -0.036943 0.992734 -0.114518 -0.964779 -0.065299 -0.254830 0.260456 -0.101070 -0.960181
1.435476 -36.706112 51.784943 -943.816856 0.075430 0.993993 -0.079297 -0.987938 0.063711 -0.141139 0.135239 -0.088987 -0.986809
-0.915534 -7.573483 -5.591345 -51.205023 0.014735 0.995045 0.098324 -0.377259 0.096600 -0.921056 0.925991 0.023522 -0.376813
-1.119318 -8.412243 -2.534696 -32.959419 0.000370 0.996011 0.089233 -0.550095 0.074721 -0.831752 0.835102 0.048779 -0.547928
-0.775118 -6.849135 -1.430131 -46.782252 0.008755 0.995475 0.094622 -0.247277 0.093842 -0.964390 0.968905 0.014954 -0.246980
-0.847388 -7.256364 -2.587745 -33.304931 0.019812 0.995830 0.089050 -0.286533 0.090987 -0.953740 0.957866 0.006620 -0.287140
-0.950909 -7.901604 -4.712877 -29.725031 0.015845 0.996297 0.084502 -0.455464 0.082427 -0.886430 0.890113 0.024442 -0.455083
-1.344280 -28.265311 -4.413227 94.923122 -0.373478 0.889134 0.264490 0.466853 -0.066223 0.881852 -0.801600 -0.452830 0.390362
-1.141285 -30.265895 -15.342223 -55.484226 -0.394050 0.885490 0.246236 0.154434 -0.200313 0.967484 -0.906022 -0.419264 0.057816
-1.036759 -28.273591 7.886945 -223.166599 -0.373379 0.898585 0.230506 -0.122248 -0.293969 0.947965 -0.919589 -0.325771 -0.219612
-0.798680 -23.648699 99.788520 16.184504 -0.081182 0.996664 0.008375 0.950105 0.074845 0.302817 -0.301180 -0.032540 0.953012
-2.668477 -22.542350 141.913388 34.655764 -0.106018 0.994361 -0.002682 0.937651 0.100869 0.332619 -0.331013 -0.032749 0.943058
-1.689575 -22.776751 139.959908 272.357403 -0.118225 0.992888 -0.014017 0.991374 0.118826 0.055306 -0.056578 0.007357 0.998371
-2.102922 -24.233520 153.204375 -329.771043 -0.054803 0.998485 0.004862 0.765353 0.038879 0.642436 -0.641274 -0.038929 0.766324
-0.268353 -22.770221 33.543965 378.178533 -0.101656 0.993784 0.045377 0.989296 0.105786 -0.100513 0.104689 -0.034674 0.993900
0.346586 -22.561052 23.909990 110.327754 -0.086445 0.995018 0.049661 0.989147 0.079777 0.123382 -0.118806 -0.059788 0.991116
0.700635 -23.509975 63.751753 -149.288078 -0.081868 0.996347 0.024283 0.913976 0.065339 0.400473 -0.397423 -0.054980 0.915987
-0.204408 -23.645965 79.797027 -334.471550 -0.068368 0.997433 0.021265 0.774168 0.039596 0.631741 -0.629277 -0.059654 0.774888
-1.135294 -6.137892 0.698542 -44.923475 0.785496 -0.616549 -0.053505 -0.527373 -0.712103 0.463452 0.323842 0.335822 0.884505
-1.295153 -5.980223 24.496699 -15.995714 0.812269 -0.579906 -0.062679 -0.511089 -0.759395 0.402626 0.281083 0.295006 0.913216
-1.164920 -6.873500 -20.975088 58.563786 0.791719 -0.607587 -0.063394 0.536714 0.741398 -0.402822 0.291750 0.284898 0.913080
-0.059707 -42.485549 -16.773803 -519.297996 -0.368943 0.859151 0.354598 0.568964 -0.092912 0.817097 -0.734957 -0.503216 0.454547
0.116299 -45.309306 -10.703135 309.127413 -0.365970 0.859844 0.355998 0.709340 0.010109 0.704794 -0.602414 -0.510457 0.613621
-0.094000 -41.049235 37.004666 256.337822 0.343022 -0.857573 -0.383281 0.869113 0.134966 0.475844 -0.356341 -0.496339 0.791624
0.284220 -42.969019 10.153999 -379.229818 -0.379701 0.853288 0.357388 0.362504 -0.218191 0.906081 -0.851128 -0.473594 0.226473
-0.126163 -37.789905 -53.586341 232.196210 -0.383896 0.845495 0.371162 0.701608 0.005769 0.712540 -0.600308 -0.533952 0.595421
-2.575402 -5.023371 -73.456373 17.363062 0.823232 -0.549079 0.144226 0.521067 0.831652 0.191947 -0.225340 -0.082866 0.970750
-1.191050 -5.443500 -92.680769 39.578726 0.899897 -0.390947 0.193251 0.335956 0.904008 0.264391 -0.278063 -0.173001 0.944855
1.162808 -5.568492 -90.454687 35.597402 0.942310 -0.231020 0.242242 0.162697 0.948529 0.271704 -0.292542 -0.216618 0.931395
-0.764038 -14.588244 -19.970749 73.719588 0.215803 0.976429 -0.004007 0.610597 -0.138150 -0.779799 0.761971 -0.165836 0.626018
-0.499632 -14.964369 -5.116893 83.767667 0.217767 0.975941 -0.010776 0.603827 -0.143393 -0.784112 0.766792 -0.164247 0.620526
-0.593487 -13.850282 -16.767981 79.412645 0.238276 0.970779 -0.028503 0.433091 -0.132479 -0.891561 0.869285 -0.200093 0.452002
-0.541602 -15.726611 -9.644179 20.069525 0.202900 0.979088 0.014783 0.770350 -0.150286 -0.619657 0.604477 -0.137117 0.784733
-0.709621 -15.146618 -23.010374 9.591297 0.189290 0.981767 0.017375 0.798500 -0.143609 -0.584615 0.571461 -0.124536 0.811125
-2.623075 -221.583559 88.404968 9961.555682 0.576885 -0.098873 -0.810820 -0.022775 0.990314 -0.136965 0.816508 0.097480 0.569045
-1.950151 -67.980148 116.643266 2727.837800 0.574697 -0.006188 -0.818343 0.144358 0.985057 0.093930 0.805533 -0.172116 0.567003
-2.456003 -36.966658 115.997182 38.799148 0.584792 -0.031687 -0.810564 -0.578929 -0.716235 -0.389677 0.568207 -0.697139 0.437194
-7.459639 -48.585365 270.642224 -1242.777631 0.622333 -0.005131 -0.782736 0.679406 0.500147 0.536899 0.388728 -0.865925 0.314743
-3.694386 -11.854466 -202.757193 308.073436 0.362078 0.924352 -0.120303 -0.926317 0.371217 0.064306 -0.104100 -0.088155 -0.990652
-3.369100 -8.576607 -140.516470 225.310669 0.275461 0.953993 -0.118397 -0.931177 0.295390 0.213667 -0.238811 -0.051392 -0.969705
8.341266 -16.931738 124.102595 -335.290478 0.422897 0.800379 -0.424913 0.901793 -0.325641 0.284127 0.089040 -0.503340 -0.859489
9.361887 -18.576386 120.393593 95.575454 0.397831 0.801637 -0.446216 0.832437 -0.110919 0.542905 0.385719 -0.587431 -0.711439
9.014973 -15.045769 -131.404348 -14.964034 0.291013 0.848487 -0.442020 0.896439 -0.080425 0.435807 0.334227 -0.523070 -0.784022
5.744027 -13.047416 297.141081 -185.584258 -0.507178 0.694750 0.509992 0.352559 0.707220 -0.612815 -0.786430 -0.131004 -0.603627
1.514363 -10.767800 78.823176 226.037684 -0.430376 0.819436 0.378552 -0.414922 -0.552039 0.723251 -0.801634 -0.154200 -0.577586
5.910913 -9.220390 314.002040 287.896621 -0.425119 0.799746 0.423888 -0.274881 -0.560267 0.781372 -0.862389 -0.215657 -0.458015
-1.563761 -2.467854 -46.906822 63.205187 -0.252072 -0.936103 0.245298 0.942264 -0.179683 0.282581 -0.220449 0.302366 0.927349
3.605069 -5.553901 81.674651 24.052431 -0.225051 0.970554 0.085886 0.974298 0.225046 0.009865 -0.009754 0.085899 -0.996256
3.847306 -5.762523 -34.361246 -30.246528 -0.251600 0.967024 -0.039528 -0.965723 -0.253537 -0.055669 0.063855 -0.024167 -0.997667
3.527051 -5.035435 43.710259 -44.319727 -0.289224 0.956354 0.041658 -0.949563 -0.281118 -0.138933 0.121159 0.079740 -0.989425
2.577871 -4.918163 100.021781 37.333281 -0.270572 0.951578 0.145913 0.960133 0.255671 0.113035 0.070256 0.170680 -0.982819
3.203221 -3.847396 98.046807 -56.386345 -0.334342 0.937144 0.099877 -0.926350 -0.307274 -0.217847 0.173465 0.165357 -0.970859
3.681162 -4.171989 -6.312154 -45.154044 -0.348848 0.936978 -0.019445 -0.911937 -0.344162 -0.223436 0.216046 0.060212 -0.974525
2.513373 -13.917889 3.209659 228.219595 -0.305063 -0.947487 0.095946 0.944068 -0.287633 0.161251 -0.125186 0.139772 0.982238
2.377123 -12.618054 24.182436 168.674446 -0.341038 -0.934415 0.102768 0.937987 -0.345488 -0.028610 0.062239 0.086638 0.994294
-0.392841 -15.549697 -10.883429 -423.256209 0.161347 0.962411 -0.218479 -0.848929 0.022452 -0.528029 0.503276 -0.270669 -0.820641
-0.318290 -12.336594 -16.279484 -334.450994 0.197520 0.959947 -0.198714 -0.777233 0.029821 -0.628506 0.597407 -0.278590 -0.751993
-0.082274 -14.925577 -24.784762 -343.145829 0.196683 0.958498 -0.206390 -0.803725 0.037053 -0.593847 0.561554 -0.282680 -0.777656
-5.283944 -13.299216 104.911877 -107.119655 0.817579 0.460706 0.345419 -0.526733 0.356029 0.771878 -0.232629 0.813015 -0.533751
