13735
27458
-6.459752 -8.773230 -42.327786 192.839300 0.218174 0.959567 0.177851 -0.621009 0.277090 -0.733190 0.752826 -0.049517 -0.656354
-8.388809 -10.738726 -13.652881 211.592929 0.262158 0.874373 0.408343 -0.482872 0.485216 -0.728972 0.835528 0.006071 -0.549414
-6.373665 -13.660525 -74.862844 353.454935 0.401971 0.824135 0.399026 -0.436860 0.555600 -0.707433 0.804719 -0.110049 -0.583366
-6.376487 -8.141979 50.156229 74.943663 -0.384624 0.828292 -0.407427 -0.488532 -0.557157 -0.671500 0.783199 0.059234 -0.618943
-3.053419 -11.160654 -168.294122 359.752337 0.401203 0.900850 0.165848 -0.597263 0.394554 -0.698287 0.694487 -0.181100 -0.696341
-5.290721 -6.652564 -72.372997 137.559079 0.231369 0.969679 0.078677 -0.691319 0.220773 -0.687996 0.684505 -0.104790 -0.721437
-5.418855 -7.003656 33.046255 -59.455574 -0.498119 0.685164 -0.531440 0.468426 0.728389 0.500026 0.729695 0.000132 -0.683773
-10.066320 -11.719431 90.584811 31.038127 0.092428 0.868421 0.487137 -0.004451 0.489587 -0.871943 0.995709 -0.078424 -0.049117
-9.758142 -12.120319 79.846484 77.296942 0.067476 0.919334 0.387649 -0.208591 0.392947 -0.895591 0.975672 0.020429 -0.218279
-10.296578 -11.542988 197.328814 -1.366416 -0.032265 0.953480 0.299724 -0.048879 0.298016 -0.953309 0.998283 0.045408 -0.036990
-10.147711 -10.877581 233.543914 -77.830053 -0.048844 0.990681 0.127146 0.139990 0.132832 -0.981203 0.988947 0.030126 0.145174
4.109043 -8.899268 -77.178244 -64.294199 0.461305 0.862536 0.207918 -0.601143 0.476205 -0.641760 0.652553 -0.171058 -0.738183
3.950551 -8.995775 99.527873 -50.328014 0.469488 0.849638 0.240199 -0.501032 0.480370 -0.719869 0.727013 -0.217623 -0.651224
4.960465 -7.761126 -129.911597 26.499819 0.448521 0.869850 0.205403 -0.542916 0.447715 -0.710488 0.709980 -0.207152 -0.673065
7.951619 -7.872227 -242.977884 -41.464202 0.443959 0.864389 0.236075 -0.618079 0.486168 -0.617753 0.648751 -0.128344 -0.750100
1.288245 -83.525640 -39.360045 -5055.950788 0.952688 0.303897 -0.005670 -0.296606 0.933586 0.201104 -0.066409 0.189907 -0.979554
-4.921778 -60.929281 -39.209640 -2762.344900 0.979700 0.181170 -0.085826 -0.154636 0.955401 0.251590 -0.127579 0.233211 -0.964021
0.591129 -65.053057 -168.580018 -4189.315863 0.939193 0.343387 0.000965 -0.326116 0.891069 0.315663 -0.107535 0.296784 -0.948871
4.623168 -141.815079 -401.040785 -10496.996670 0.922341 0.385952 0.018103 -0.380096 0.897940 0.221879 -0.069379 0.211528 -0.974906
3.408183 -11.899567 134.031300 259.190886 0.431796 0.436732 0.789188 0.819901 -0.554711 -0.141627 0.375918 0.708210 -0.597599
5.825613 -11.904684 162.774937 236.826662 0.490149 0.470813 0.733545 0.797607 -0.581675 -0.159617 0.351535 0.663317 -0.660631
4.638418 -8.627978 157.644412 236.267410 0.411049 0.474940 0.778120 0.761531 -0.648093 -0.006709 0.501108 0.595321 -0.628080
2.501369 -8.046855 66.878147 212.809745 0.352990 0.477069 0.804862 0.783256 -0.621208 0.024696 0.511769 0.621696 -0.592948
-0.736744 -6.075925 -21.895060 22.403880 -0.073915 0.981207 -0.178239 -0.487088 -0.191480 -0.852104 0.870220 -0.023835 -0.492087
-0.536447 -5.483881 -19.098414 55.139884 -0.087764 0.977125 -0.193714 -0.582762 -0.208078 -0.785552 0.807889 -0.043946 -0.587693
-1.100019 -6.061397 -11.304688 18.850475 -0.117266 0.969475 -0.215328 -0.471699 -0.245178 -0.846987 0.873927 -0.002248 -0.486051
-1.267921 -6.046584 -13.048600 -20.857672 -0.102113 0.974313 -0.200715 -0.366679 -0.224428 -0.902873 0.924727 0.018597 -0.380177
-1.463557 -5.958177 -6.742197 -22.476207 -0.141378 0.963217 -0.228530 -0.346693 -0.264404 -0.899941 0.927263 0.048002 -0.371321
-1.280074 -6.021793 -7.148996 11.221674 -0.159066 0.955103 -0.249951 -0.447138 -0.295415 -0.844274 0.880208 0.022532 -0.474053
-1.483750 -5.995853 -9.604614 -78.762192 0.493973 0.868846 0.033123 0.670307 -0.356280 -0.650963 0.553786 -0.343761 0.758386
-2.554183 -10.514183 -15.214487 -312.340257 0.449831 0.888625 0.089434 0.685004 -0.279024 -0.672989 0.573081 -0.363994 0.734225
-1.977267 -6.269196 15.897783 -139.623183 0.384253 0.920897 0.065567 0.736276 -0.262822 -0.623557 0.556999 -0.287879 0.779024
-1.352813 -9.460177 -66.712460 -257.247015 0.546767 0.833876 0.075480 0.619932 -0.342588 -0.705916 0.562788 -0.432764 0.704262
-1.512044 -5.026830 28.078836 62.883109 0.390194 0.919472 0.048173 0.732702 -0.278399 -0.621000 0.557581 -0.277607 0.782329
-1.474516 -6.076591 -6.722559 125.425130 0.352981 0.925734 0.135727 0.764672 -0.201840 -0.611995 0.539149 -0.319809 0.779128
-1.009356 -6.918169 -38.690017 109.646591 0.397599 0.904217 0.155908 0.742512 -0.217243 -0.633625 0.539065 -0.367693 0.757767
-0.597979 -6.680550 -38.153021 -83.746355 0.527601 0.847494 0.058232 0.631238 -0.345252 -0.694507 0.568486 -0.403180 0.717126
-0.239516 -16.758332 -1.655554 -176.292759 0.155149 0.975887 -0.153538 0.985108 -0.141174 0.098142 0.074100 -0.166478 -0.983257
-0.229927 -15.955145 -0.850132 -34.351988 0.117649 0.980471 -0.157590 0.984910 -0.135489 -0.107682 -0.126931 -0.142544 -0.981616
-0.304364 -15.460265 -2.628762 -135.537760 0.158666 0.976428 -0.146333 0.984074 -0.144366 0.103713 0.080143 -0.160458 -0.983784
-0.181078 -16.754640 0.386362 -88.193056 0.117549 0.979743 -0.162129 0.982563 -0.138428 -0.124127 -0.144056 -0.144711 -0.978931
-0.269552 -18.129922 -4.369064 270.303827 0.210496 0.968310 -0.134414 -0.930550 0.156325 -0.331117 0.299612 -0.194778 -0.933967
-0.153695 -18.000226 -1.907035 -207.701742 0.148933 0.975973 -0.159046 0.986765 -0.136252 0.087922 0.064139 -0.170036 -0.983348
-0.157023 -19.482691 -3.726853 274.673820 0.196735 0.969998 -0.142823 -0.932338 0.140010 -0.333380 0.303382 -0.198747 -0.931912
11.704719 0.395198 435.867274 231.605544 0.533534 0.842125 -0.078532 -0.835440 0.539209 0.106271 -0.131839 -0.008910 -0.991231
100.298404 -5.047717 6294.706361 241.290770 -0.023295 0.986104 -0.164488 -0.976090 0.013134 0.216971 -0.216116 -0.165609 -0.962220
146.939736 -6.546820 9108.155366 144.841195 -0.051477 0.996007 -0.072939 -0.984152 -0.038183 0.173166 -0.169690 -0.080697 -0.982188
7.588998 -4.012678 341.694394 -33.047591 0.575348 0.817586 -0.022959 -0.814247 0.575200 0.078400 -0.077305 0.026413 -0.996658
20.451858 -3.678529 1089.083439 -187.802590 -0.119945 0.973168 -0.196362 0.985904 0.093522 -0.138732 -0.116646 -0.210235 -0.970667
7.113543 -4.010968 253.777144 29.731825 0.396938 0.913802 -0.086052 -0.914746 0.401553 0.044652 -0.075357 -0.060992 -0.995290
0.436221 -1.924922 180.155142 7.749908 -0.693583 0.296350 -0.656596 -0.133402 0.842860 0.521336 0.707917 0.449181 -0.545060
-1.359234 -1.785088 -3.942577 16.068186 -0.596319 0.793653 -0.120497 -0.351464 -0.393080 -0.849683 0.721718 0.464332 -0.513341
-1.035909 -2.275457 29.401969 19.584550 -0.628588 0.741793 -0.233710 -0.300068 -0.508547 -0.807056 0.717521 0.437176 -0.542255
-1.554575 -8.759493 -49.358229 2.300589 0.258005 0.963280 0.074326 0.843473 -0.187062 -0.503548 0.471155 -0.192610 0.860764
-1.887934 -11.357259 -75.389676 141.684685 0.147362 0.978842 0.141963 0.910940 -0.078398 -0.405021 0.385322 -0.189004 0.903219
-0.607366 -11.458562 -25.745384 -132.590249 0.165411 0.978008 0.127039 0.850313 -0.076172 -0.520736 0.499607 -0.194158 0.844213
-2.233831 -7.789747 -25.590247 132.904936 0.299074 0.954201 0.007408 0.857757 -0.265428 -0.440229 0.418100 -0.138016 0.897855
-1.018114 -10.891031 -43.096336 -242.204641 0.251834 0.964723 0.076734 0.809316 -0.166463 -0.563292 0.530647 -0.203958 0.822687
-1.728331 -8.306350 -9.007664 -52.233567 0.367411 0.929535 -0.031195 0.800542 -0.333142 -0.498145 0.473436 -0.158051 0.866532
-2.194273 -12.204289 -6.346723 -3.115647 0.147805 0.988325 -0.036980 0.142813 0.015671 0.989626 -0.978651 0.151553 0.138830
-2.237221 -12.474418 0.399455 5.183059 0.213952 0.975964 -0.041453 0.167364 0.005184 0.985882 -0.962400 0.217869 0.162232
-2.246844 -12.653984 -11.045949 38.493887 0.154504 0.987504 -0.031056 -0.032330 0.036470 0.998812 -0.987463 0.153316 -0.037561
-1.823448 -12.378897 -16.656516 30.496472 0.086745 0.995813 -0.028837 -0.040978 0.032488 0.998632 -0.995387 0.085445 -0.043625
-1.842706 -11.858684 -14.352039 -6.679994 0.083514 0.996187 -0.025226 0.125890 0.014565 0.991937 -0.988523 0.086016 0.124194
-0.171832 -16.567954 -31.355130 -25.145112 0.065794 0.983770 0.166936 0.812560 -0.149924 0.563266 -0.579152 -0.098586 0.809236
-1.063603 -15.957854 -40.002396 -29.957891 0.061801 0.984982 0.161219 0.811784 -0.143580 0.566031 -0.580678 -0.095894 0.808466
-0.191322 -16.052867 -30.554191 -69.852647 0.047365 0.987605 0.149644 0.695512 -0.140136 0.704716 -0.716951 -0.070700 0.693529
-1.036768 -16.439211 -41.995341 -21.112144 0.081081 0.980619 0.178363 0.905171 -0.147359 0.398687 -0.417243 -0.129123 0.899575
0.508224 -17.024907 -16.453326 -50.780859 0.067172 0.988200 0.137656 0.709696 -0.144298 0.689572 -0.701298 -0.051374 0.711015
-0.166527 -17.048358 -29.833778 -36.887129 0.085372 0.980531 0.176834 0.902148 -0.151405 0.403987 -0.422895 -0.125041 0.897510
0.511050 -17.455978 -15.898041 -10.671236 0.083826 0.984720 0.152640 0.818869 -0.155358 0.552556 -0.567827 -0.078674 0.819380
3.563079 -25.636059 -82.184098 -579.870749 0.253703 0.935971 0.244115 -0.658965 0.351990 -0.664731 0.708096 -0.007781 -0.706074
2.510343 -28.782884 -61.932328 -440.386922 0.232629 0.946696 0.222825 -0.840089 0.311036 -0.444417 0.490034 0.083809 -0.867665
2.632359 -24.055106 -46.361359 -416.120182 0.258427 0.933918 0.247008 -0.738573 0.355823 -0.572626 0.622677 0.034451 -0.781721
3.223551 -21.301380 -92.005528 -435.876800 0.310333 0.913896 0.261703 -0.486225 0.389155 -0.782396 0.816872 -0.115557 -0.565126
1.393260 -23.326431 -42.069508 -132.974261 0.230390 0.952952 0.196986 -0.912799 0.281791 -0.295621 0.337222 0.111700 -0.934775
0.965387 -20.650123 -47.866379 -262.655645 0.277756 0.936251 0.215140 -0.782809 0.350398 -0.514228 0.556832 0.025584 -0.830231
1.960499 -20.346857 -113.050322 -289.538977 0.332318 0.916714 0.221811 -0.566206 0.381987 -0.730409 0.754305 -0.117137 -0.645990
-4.455376 -13.738061 -11.195420 -63.012931 0.281399 0.946549 0.157672 0.956479 -0.263451 -0.125466 -0.077221 0.186116 -0.979489
-4.093432 -12.669270 -28.729809 134.527381 0.286368 0.952267 0.105737 -0.909034 0.235168 0.344024 -0.302737 0.194636 -0.932988
-4.647598 -13.652015 -9.666739 -80.127118 0.285249 0.933487 0.217335 0.950261 -0.245858 -0.191203 -0.125052 0.261066 -0.957187
-4.106095 -14.223253 -30.492638 -101.454732 0.296627 0.950844 0.088926 0.950163 -0.284490 -0.127501 -0.095935 0.122315 -0.987844
-4.770557 -14.353574 3.795990 -6.591384 0.298079 0.924971 0.235747 0.949431 -0.312821 0.026915 0.098642 0.215803 -0.971442
-4.373906 -14.330727 -9.871659 -4.285712 0.298027 0.941726 0.155990 0.947545 -0.311633 0.071023 0.115495 0.126641 -0.985202
1.615801 -52.727763 -127.204344 -543.017485 0.044603 0.957613 0.284582 0.569158 0.209754 -0.795024 0.821018 -0.197433 0.535677
1.332892 -90.493545 -141.473387 -2327.880339 0.077178 0.985304 0.152378 0.078796 0.146328 -0.986093 0.993899 -0.088112 0.066345
3.366261 -167.626647 162.471363 -7165.515341 0.079750 0.972736 0.217774 0.283761 0.187277 -0.940429 0.955573 -0.136795 0.261089
0.906598 -62.962997 -82.327424 -422.813466 0.080496 0.981495 0.173748 -0.251321 0.188667 -0.949338 0.964551 -0.032751 -0.261857
2.008234 -79.254622 0.358389 -2528.950262 0.081136 0.971398 0.223167 0.663124 0.114548 -0.739693 0.744099 -0.208003 0.634863
0.356643 -6.093462 -15.442663 5.610811 -0.106295 0.990465 -0.087641 0.993762 0.102829 -0.043175 -0.033751 -0.091683 -0.995216
0.377465 -6.260769 -16.099106 0.673735 -0.139610 0.986439 -0.086297 -0.976973 -0.123019 0.174328 -0.161348 -0.108648 -0.980899
0.220866 -5.969571 -18.176989 10.982758 -0.118946 0.988016 -0.098371 0.992680 0.116245 -0.032768 -0.020940 -0.101548 -0.994610
0.298411 -5.727108 5.406210 -21.165821 -0.077113 0.993497 -0.083774 -0.991492 -0.085252 -0.098362 0.104864 -0.075477 -0.991618
0.281046 -5.919832 -9.360386 -16.498623 -0.076714 0.993797 -0.080511 -0.992865 -0.083536 -0.085098 0.091295 -0.073408 -0.993115
4.228465 -6.796584 294.383593 46.990281 0.174115 0.911317 -0.373076 -0.675477 0.386209 0.628151 -0.716530 -0.142634 -0.682818
-0.348316 -8.542461 -9.617173 75.910176 -0.148430 0.979221 -0.138181 -0.679096 0.000646 0.734049 -0.718886 -0.202793 -0.664890
-0.045437 -7.401401 12.679400 137.122457 -0.093230 0.979938 -0.176151 -0.606288 0.084462 0.790747 -0.789762 -0.180520 -0.586250
2.516146 -4.213778 181.896477 99.703589 0.121831 0.924765 -0.360509 -0.615808 0.355281 0.703247 -0.778420 -0.136327 -0.612762
-0.093320 -6.053805 20.192986 188.873599 -0.062898 0.974746 -0.214276 -0.543572 0.146604 0.826460 -0.837002 -0.168457 -0.520624
-1.691134 -5.799725 -39.567102 -30.618913 0.309857 0.926759 -0.212383 -0.570170 0.359875 0.738509 -0.760851 0.107738 -0.639920
-1.141376 -5.480116 -36.333510 -40.741160 0.279021 0.934790 -0.219807 -0.609756 0.349298 0.711470 -0.741853 0.064486 -0.667455
-1.411628 -6.138100 -27.501911 -20.594115 0.309894 0.922577 -0.229820 -0.488499 0.361874 0.793987 -0.815680 0.133785 -0.562821
-1.542542 -6.216396 -13.139778 -10.674068 0.323176 0.928026 -0.185272 -0.458702 0.324858 0.827079 -0.827738 0.182307 -0.530674
-1.318617 -6.325625 -12.278281 -6.864177 0.303270 0.923804 -0.233694 -0.405796 0.347099 0.845489 -0.862182 0.161579 -0.480140
-1.309401 -6.297949 -5.760036 2.892254 0.321129 0.924937 -0.203390 -0.370067 0.320246 0.872062 -0.871738 0.204777 -0.445129
-4.459533 -6.896853 355.084425 -0.533267 -0.641071 -0.765789 -0.050947 0.732294 -0.590460 -0.339268 0.229726 -0.254802 0.939309
-3.375723 -8.181764 -394.153038 -27.695250 0.512941 0.853251 0.094097 0.787483 -0.424082 -0.447242 0.341705 -0.303509 0.889449
-5.580142 -9.123370 -96.848048 -444.532439 0.896986 0.415857 -0.149927 -0.355766 0.880411 0.313538 0.262385 -0.227900 0.937665
2.077201 -22.140918 65.816809 -511.252035 -0.122192 0.985217 -0.120068 0.932722 0.072637 -0.353205 0.339263 0.155148 0.927809
-0.022660 -18.062019 -150.503807 -472.393139 0.133019 -0.976696 0.168438 0.989168 0.120184 -0.084275 0.062067 0.177824 0.982103
-0.438426 -23.878063 119.598904 -392.548217 -0.139117 0.976977 -0.161746 0.929892 0.072717 -0.360573 0.340510 0.200569 0.918600
1.805588 -73.702470 47.462074 -3318.901988 0.914879 -0.367578 -0.166979 0.154384 -0.063640 0.985959 0.373044 0.927813 0.001474
5.678049 -73.638526 201.700941 -4470.468645 0.840170 -0.400748 -0.365397 0.416893 0.046318 0.907775 0.346865 0.915017 -0.205984
4.851926 -88.308854 587.250900 -4561.426801 0.844088 -0.446619 -0.296727 0.357686 0.056723 0.932118 0.399470 0.892924 -0.207629
0.401616 -5.891508 -57.252551 70.580892 0.989488 -0.134203 0.053878 0.038507 -0.114604 -0.992665 -0.139393 -0.984305 0.108232
-0.890267 -4.856563 -42.577558 73.565749 0.967049 -0.118597 0.225278 0.213837 -0.101835 -0.971547 -0.138163 -0.987707 0.073119
0.357594 -8.231822 -91.319814 409.795731 0.983484 -0.168836 0.065216 0.047668 -0.105982 -0.993225 -0.174604 -0.979930 0.096183
-1.498538 -7.278577 -85.250612 -473.460267 0.986943 -0.133954 -0.089443 -0.101547 -0.086423 -0.991070 -0.125027 -0.987212 0.098897
1.693931 -9.217968 -68.509766 387.461490 0.987616 -0.156415 -0.012216 -0.038473 -0.165966 -0.985381 -0.152101 -0.973648 0.169928
-0.183063 -9.408069 -63.121980 -568.401643 0.977140 -0.131629 -0.166949 -0.179538 -0.090338 -0.979594 -0.113861 -0.987174 0.111905
1.532716 -7.098450 -31.961871 22.832256 0.990763 -0.111308 -0.077458 -0.092861 -0.140631 -0.985698 -0.098823 -0.983785 0.149668
4.085020 -6.209259 3.144270 -123.771918 0.095256 -0.001089 0.995452 -0.561055 0.825976 0.054592 -0.822279 -0.563704 0.078068
4.358347 -6.350821 2.843149 33.502668 0.094793 -0.004791 0.995486 -0.560397 0.826237 0.057339 -0.822782 -0.563302 0.075637
4.414452 -6.181301 -148.504836 -108.804076 -0.009363 -0.168860 0.985596 -0.543896 0.827946 0.136683 -0.839101 -0.534781 -0.099594
1.352919 -5.265302 -39.391468 -19.824900 0.105303 0.993867 -0.033758 -0.133508 -0.019511 -0.990856 0.985437 -0.108847 -0.130634
1.029175 -4.884032 -44.054636 -40.969098 0.116644 0.990295 -0.075565 -0.147275 -0.057996 -0.987394 0.982193 -0.126303 -0.139081
0.442969 -4.032760 -59.806757 -4.855079 0.130682 0.990702 0.037850 -0.078052 0.048340 -0.995777 0.988347 -0.127176 -0.083643
1.465083 -4.947898 -23.916311 -30.047335 0.098696 0.993318 0.059813 -0.024582 0.062522 -0.997741 0.994814 -0.097003 -0.030589
0.642787 -3.961074 -39.575060 29.982456 0.139619 0.972010 0.188951 0.005312 0.190082 -0.981754 0.990191 -0.138075 -0.021376
-2.341418 -6.935123 -216.524506 -108.615067 0.097295 0.944456 0.313905 0.802441 -0.261018 0.536617 -0.588746 -0.199680 0.783267
0.398883 -3.044538 109.854987 -13.615299 0.519011 0.685782 0.510226 -0.599432 0.717549 -0.354688 -0.609351 -0.121759 0.783496
2.106885 -3.732289 32.312912 23.817074 0.392594 0.817729 0.420940 0.714913 -0.559264 0.419671 -0.578593 -0.136175 0.804168
-0.392123 -3.111350 -25.648502 -4.099144 -0.233949 0.835882 -0.496557 0.266641 -0.435987 -0.859545 0.934971 0.333492 0.120882
-0.179707 -2.388636 -34.587338 -27.651677 -0.259971 0.860010 -0.439088 0.235266 -0.384606 -0.892596 0.936517 0.335352 0.102345
-0.394466 -2.534340 -14.461339 11.904618 -0.303660 0.916267 -0.261239 0.136459 -0.229535 -0.963687 0.942958 0.328281 0.055332
-0.111906 -2.863371 1.841099 34.366346 -0.307054 0.917784 -0.251776 0.125999 -0.223023 -0.966636 0.943314 0.328533 0.047160
2.589525 -4.228839 135.168521 -8.070749 -0.295053 0.831023 -0.471534 0.288645 -0.392923 -0.873095 0.910839 0.393715 0.123937
-0.254542 -3.721983 -25.035315 59.006110 -0.161248 0.740827 -0.652054 0.328137 -0.582866 -0.743366 0.930766 0.333830 0.149107
2.968476 -3.950666 133.095543 43.993660 -0.322185 0.880669 -0.347303 0.163335 -0.309651 -0.936717 0.932480 0.358523 0.044079
-1.637248 -8.301066 -118.477987 -24.670236 -0.598501 0.722592 -0.345916 -0.119281 0.346599 0.930398 -0.792193 -0.598105 0.121248
0.743823 -8.248252 -241.856352 -19.388408 -0.650486 0.726699 -0.220854 0.029287 0.314564 0.948784 -0.758953 -0.610703 0.225902
-1.514429 -8.451789 -143.071030 -11.715757 -0.624317 0.719572 -0.304047 0.025788 0.407992 0.912621 -0.780745 -0.561924 0.273273
-3.247801 -8.717881 -36.731001 -8.736023 -0.576300 0.702546 -0.417501 -0.026560 0.494498 0.868773 -0.816806 -0.511763 0.266320
-2.768192 -8.604792 -86.685265 -1.177612 -0.612751 0.703809 -0.359429 0.119008 0.531807 0.838462 -0.781264 -0.470994 0.409624
1.753617 -6.509794 -236.451702 29.306666 0.058684 0.997105 0.048353 0.894695 -0.031049 -0.445598 0.442807 -0.069411 0.893926
3.799904 -6.974590 -123.140750 53.005620 0.014890 0.999312 -0.033962 0.920607 -0.026957 -0.389560 0.390207 0.025465 0.920375
4.397932 -6.585199 -191.474968 41.392859 0.053386 0.998487 -0.013215 0.883500 -0.053397 -0.465377 0.465379 -0.013169 0.885014
2.550245 -12.509023 -28.199000 -172.823476 -0.063369 0.997107 -0.041983 0.260874 0.057155 0.963679 -0.963291 -0.050116 0.263741
3.055142 -13.408880 -23.799033 -195.073999 -0.011499 0.996796 -0.079158 0.273864 0.079276 0.958496 -0.961700 0.010657 0.273898
2.797838 -13.476906 -27.468432 -18.416870 -0.051669 0.998198 -0.030515 0.428276 0.049752 0.902277 -0.902170 -0.033551 0.430075
2.723855 -11.020292 -28.546837 -252.831650 -0.024093 0.995214 -0.094705 0.123308 0.096968 0.987620 -0.992076 -0.012116 0.125054
2.070572 -12.938518 -29.929346 -34.065001 -0.095703 0.995409 -0.001694 0.412234 0.041183 0.910147 -0.906038 -0.086405 0.414282
2.281887 -10.433020 -22.085797 -193.811866 -0.069586 0.996284 -0.050755 0.115280 0.058568 0.991605 -0.990893 -0.063151 0.118928
1.912378 -11.904056 -25.646239 -148.571629 -0.103213 0.994567 -0.013528 0.245821 0.038684 0.968543 -0.963805 -0.096641 0.248478
0.075408 -17.822756 -7.461728 177.544944 0.162218 0.975987 0.145381 0.901596 -0.206475 0.380122 -0.401012 -0.069413 0.913439
-0.065504 -17.649299 -3.882817 143.670067 0.160582 0.977130 0.139395 0.897259 -0.203360 0.391880 -0.411265 -0.062145 0.909395
0.059311 -18.746667 -4.020806 115.507610 0.156613 0.977711 0.139834 0.796937 -0.208729 0.566854 -0.583407 -0.022662 0.811864
0.087171 -18.269568 -2.584094 129.946214 0.160345 0.976342 0.145073 0.808284 -0.214236 0.548434 -0.566539 -0.029321 0.823513
0.129975 -19.554436 -3.742117 17.639238 0.157768 0.977621 0.139165 0.667829 -0.209446 0.714239 -0.727402 0.019746 0.685927
0.080846 -19.158331 -3.197513 -11.674315 0.144813 0.981474 0.125451 0.655376 -0.190132 0.730980 -0.741290 0.023637 0.670768
2.521014 -2.286011 -131.116704 -3.558434 -0.124923 -0.096110 0.987500 0.414369 0.899285 0.139944 -0.901495 0.426672 -0.072516
0.693699 -2.723268 -75.915460 -21.505036 -0.212825 -0.262859 0.941069 0.402478 0.854045 0.329573 -0.890346 0.448901 -0.075967
2.077674 -2.553129 -117.523700 -19.153302 -0.128149 -0.129905 0.983210 0.448758 0.876492 0.174295 -0.884417 0.463559 -0.054026
3.942051 -2.205169 -125.082750 -4.465151 -0.024324 -0.029084 0.999281 0.443276 0.895627 0.036858 -0.896055 0.443854 -0.008893
0.451069 -3.619427 -62.359619 -64.593052 -0.222770 -0.298752 0.927966 0.450002 0.812893 0.369734 -0.864796 0.499952 -0.046649
1.780183 -3.372129 -105.928984 -61.778908 -0.114361 -0.141583 0.983298 0.482567 0.857256 0.179559 -0.868361 0.495042 -0.029714
3.308637 -2.669518 -116.944170 -30.709180 -0.022375 -0.039290 0.998977 0.476562 0.877978 0.045205 -0.878856 0.477086 -0.000920
-1.831503 -7.493093 184.248422 -117.760379 -0.200641 0.310221 -0.929250 -0.603180 0.708312 0.366699 0.771957 0.634080 0.045003
-0.000812 -5.427286 210.236974 -9.329438 0.014660 0.015493 -0.999772 -0.538096 0.842868 0.005171 0.842756 0.537898 0.020693
0.240584 -6.531070 125.223440 -109.203483 -0.145051 0.269725 -0.951950 -0.616092 0.728220 0.300209 0.774203 0.630034 0.060547
-0.861876 -9.877974 -94.753477 181.729490 0.301091 -0.431093 0.850590 0.669868 -0.539223 -0.510407 0.678691 0.723462 0.126420
0.860480 -8.666064 -77.179869 182.541365 0.247862 -0.400013 0.882357 0.675028 -0.581987 -0.453463 0.694911 0.708012 0.125768
2.046965 -5.479344 136.435042 -102.137754 -0.110613 0.232883 -0.966194 -0.618294 0.745007 0.250355 0.778124 0.625084 0.061583
0.257448 -21.618669 -4.622138 656.492294 -0.006387 0.988875 -0.148614 -0.823107 -0.089593 -0.560774 0.567850 -0.118744 -0.814522
-0.095282 -18.714683 -0.372112 790.986945 -0.014864 0.989637 -0.142821 -0.910555 -0.072413 -0.406996 0.413120 -0.123997 -0.902195
0.052578 -17.627113 -1.185435 694.511310 0.012670 0.993234 -0.115433 -0.917877 -0.034242 -0.395385 0.396663 -0.110963 -0.911233
0.842455 -5.150380 66.696835 -35.469449 -0.075555 0.779336 -0.622035 0.048593 -0.620199 -0.782938 0.995957 0.089381 -0.008989
-0.688293 -5.995753 32.203198 15.490942 -0.098306 0.924372 -0.368608 0.110276 -0.358002 -0.927186 0.989027 0.131796 0.066743
0.408022 -6.056456 59.732682 -16.862109 -0.090642 0.835238 -0.542367 -0.016367 -0.545785 -0.837766 0.995749 0.067060 -0.063141
-0.889162 -23.076787 18.043654 288.870670 -0.328522 0.890216 -0.315577 0.923087 0.373360 0.092264 0.199958 -0.260994 -0.944404
-0.639453 -22.951533 -4.674012 281.456131 -0.316449 0.891926 -0.322999 0.917945 0.373796 0.132865 0.239242 -0.254451 -0.937026
-0.530544 -21.151157 -8.116670 -345.199395 -0.306499 0.891793 -0.332812 -0.849212 -0.414130 -0.327621 0.429997 -0.182212 -0.884252
-0.892952 -25.606313 11.437653 140.755321 -0.325370 0.891734 -0.314556 0.941705 0.275467 -0.193158 -0.085596 -0.359066 -0.929379
-0.221035 -22.747905 -19.044329 -397.435351 -0.333765 0.882739 -0.330715 -0.857175 -0.430190 -0.283175 0.392240 -0.188967 -0.900244
-0.335943 -24.738786 -37.298948 250.903622 -0.344887 0.874363 -0.341383 0.925732 0.376968 0.030271 0.155158 -0.305589 -0.939437
-1.123899 -23.770369 2.834914 87.882295 -0.344144 0.881206 -0.324101 0.938730 0.316046 -0.137478 -0.018716 -0.351556 -0.935980
-2.034135 -20.174024 3.360874 -112.724235 0.066859 0.980004 -0.187408 -0.057810 -0.183707 -0.981280 0.996086 -0.076441 -0.044372
-0.903984 -19.745327 -72.547135 -211.642943 0.126081 0.968260 -0.215816 -0.086960 -0.205927 -0.974696 0.988201 -0.141658 -0.058237
-2.085150 -21.024658 -1.237953 -108.407293 0.078431 0.984289 -0.158192 -0.275685 -0.131078 -0.952269 0.958043 -0.118299 -0.261073
-1.109492 -18.753361 -44.763628 -130.260415 0.094433 0.963146 -0.251857 0.133374 -0.262946 -0.955547 0.986557 -0.056644 0.153289
-2.012436 -21.222979 11.576000 -147.814630 0.037089 0.978484 -0.202963 0.085801 -0.205471 -0.974895 0.995622 -0.018744 0.091576
3.504041 -4.502476 82.833843 -29.848581 0.106427 0.987890 0.112904 0.691177 0.008128 -0.722640 0.714807 -0.154945 0.681941
3.053409 -4.077861 33.782316 3.302003 0.160210 0.982511 0.094891 0.720509 -0.050694 -0.691591 0.674685 -0.179169 0.716029
2.675762 -4.126006 75.288204 -2.786786 0.067849 0.991486 0.111144 0.716128 0.029168 -0.697360 0.694664 -0.126908 0.708051
2.526079 -4.314600 72.807916 -21.572167 0.032471 0.991283 0.127690 0.683999 0.071114 -0.726009 0.728760 -0.110914 0.675727
1.871377 -4.027491 62.952762 1.579273 0.030594 0.993371 0.110810 0.724351 0.054358 -0.687285 0.688752 -0.101292 0.717886
33.719807 -5.351062 2816.291655 148.373740 -0.099457 0.451094 -0.886918 0.351907 0.849679 0.392692 0.930736 -0.273057 -0.243250
13.628655 -25.068793 476.533084 -832.631067 0.053170 0.949185 -0.310194 -0.364923 -0.270680 -0.890822 0.929518 -0.160562 -0.331987
120.372318 -13.162734 9404.729793 75.432147 -0.350944 0.605549 -0.714247 0.480372 0.771170 0.417779 0.803792 -0.196488 -0.561526
-20.493910 -187.168112 -1602.170972 -6602.961284 0.453948 0.739061 -0.497715 -0.251264 -0.429737 -0.867290 0.854867 -0.518762 0.009379
100.511871 -710.593155 6603.626281 -64084.656252 0.018537 0.955618 -0.294025 -0.028562 -0.293449 -0.955548 0.999420 -0.026111 -0.021855
13.271592 -161.287674 -270.148850 8430.503191 0.237710 0.855511 -0.459994 -0.755078 -0.135149 -0.641555 0.611025 -0.499835 -0.613851
33.619548 -160.492061 1662.271859 8785.558999 -0.091627 0.942372 -0.321777 -0.709719 -0.288465 -0.642718 0.698500 -0.169481 -0.695251
21.491664 -49.401700 1168.270391 -2401.132149 0.170092 0.902262 -0.396222 0.976239 -0.099502 0.192502 0.134262 -0.419550 -0.897748
15.224566 -180.357687 538.761223 -1922.748858 -0.507222 0.861220 0.032016 -0.523101 -0.337183 0.782734 -0.684902 -0.380272 -0.621532
3.482179 -444.033539 390.911433 16240.302325 -0.374448 0.918490 0.127144 -0.074834 -0.166608 0.983179 -0.924223 -0.358635 -0.131120
512.844997 -22778.910548 45408.032379 6668031.975963 -0.462240 0.869680 0.173176 0.497269 0.092525 0.862649 -0.734206 -0.484866 0.475234
0.127042 -3.723425 61.635897 43.386590 -0.315034 0.707378 -0.632748 0.040468 -0.656078 -0.753608 0.948217 0.263018 -0.178060
0.590285 -3.298513 35.359709 39.964503 -0.299069 0.738349 -0.604482 0.077606 -0.612557 -0.786607 0.951071 0.282161 -0.125897
-0.290541 -3.918069 58.103406 7.028570 -0.312078 0.788372 -0.530166 0.072249 -0.536727 -0.840657 0.947305 0.300654 -0.110541
-1.184203 -4.426078 80.483425 10.978425 -0.309039 0.774954 -0.551309 0.034613 -0.570136 -0.820821 0.950419 0.272748 -0.149370
-1.628146 -4.451866 65.886033 -27.753069 -0.300837 0.826666 -0.475522 0.078042 -0.475608 -0.876188 0.950477 0.300700 -0.078566
4.139421 -7.148996 -152.933326 -20.223390 0.021336 0.997709 0.064199 0.834929 -0.053103 0.547790 -0.549945 -0.041914 0.834149
2.028788 -7.505421 -175.976323 7.561724 -0.027981 0.996138 0.083224 0.900593 -0.011006 0.434523 -0.433761 -0.087110 0.896807
1.926486 -7.396013 -227.952500 -11.214683 -0.017323 0.993194 0.115174 0.822149 -0.051405 0.566947 -0.569009 -0.104511 0.815663
0.937485 -5.936710 -7.574643 -60.723507 -0.120551 0.983731 -0.133195 0.252083 0.160111 0.954368 -0.960168 -0.081474 0.267283
1.061101 -6.316254 -11.909718 -37.153836 -0.116518 0.989049 -0.090589 0.273496 0.119635 0.954404 -0.954790 -0.086429 0.284440
0.841853 -5.539993 -24.653547 -14.337526 -0.114838 0.991829 -0.055561 0.190439 0.076874 0.978684 -0.974959 -0.101809 0.197711
-34.314045 -90.573432 -3507.527513 6294.162007 0.816961 -0.397662 -0.417659 -0.516573 -0.182652 -0.836535 -0.256372 -0.899168 0.354641
-400.816884 -847.892341 -37838.038871 4701.545515 0.938804 -0.290444 0.185172 0.295648 0.955297 -0.000514 -0.176745 0.055229 0.982706
-13.724642 -4932.574302 -19947.874494 -550906.021549 0.962865 -0.107593 -0.247617 0.145123 0.979652 0.138641 0.227661 -0.169428 0.958887
-18.565705 -23.605375 -354.718581 -830.485559 0.238349 -0.348589 -0.906463 0.967822 0.162805 0.191875 0.080691 -0.923028 0.376176
-9.416391 -62.236881 -510.547620 -1797.112915 0.232951 0.036377 -0.971808 0.793888 0.570045 0.211640 0.561673 -0.820808 0.103914
109.743365 -110.833139 5121.323308 5344.292772 -0.122005 0.302078 -0.945444 -0.689764 0.659135 0.299611 0.713681 0.688687 0.127944
2.756614 -12.808428 -60.309009 150.824316 0.738224 -0.614056 0.279214 -0.674473 -0.678400 0.291306 -0.010541 0.403371 0.914976
2.248623 -14.000581 -43.415667 18.807887 0.760857 -0.575829 0.299193 -0.644903 -0.619764 0.447205 0.072085 0.533210 0.842906
5.016443 -13.148012 -66.631656 -175.116751 0.672251 -0.688684 0.271650 0.717541 0.515787 -0.468080 0.182246 0.509587 0.840897
4.836806 -11.688068 -50.881063 -191.297823 0.619945 -0.750657 0.228432 0.780687 0.560894 -0.275547 0.078715 0.349158 0.933752
1.967723 -11.749585 -9.546819 29.686663 0.751732 -0.622320 0.218212 -0.658465 -0.726556 0.196315 -0.036372 0.291261 0.955952
-9.304615 -11.536523 29.351095 110.455694 0.119820 0.938608 0.323511 -0.385720 0.344270 -0.855978 0.914802 0.022222 -0.403290
-7.847900 -12.597331 -20.198227 145.689936 0.296434 0.849020 0.437369 -0.299151 0.517451 -0.801719 0.906993 -0.106818 -0.407375
-7.250679 -9.516267 28.272796 104.178515 -0.310163 0.900990 -0.303342 -0.449815 -0.420184 -0.788107 0.837536 0.107994 -0.535604
-3.009769 -6.644337 19.294565 -320.821218 0.069439 0.863796 -0.499033 -0.398099 -0.434689 -0.807814 0.914711 -0.254759 -0.313692
-1.916934 -9.350631 32.562974 -196.037568 0.106384 0.928683 -0.355289 -0.487705 -0.262648 -0.832562 0.866502 -0.261847 -0.424982
-1.432154 -6.245284 105.399894 -381.061457 0.039556 0.886930 -0.460206 -0.277183 -0.432752 -0.857843 0.960002 -0.161494 -0.228725
-3.011780 -9.309788 1.745734 -86.069882 0.118211 0.905911 -0.406635 -0.595126 -0.263177 -0.759318 0.794891 -0.331759 -0.508020
6.807117 -9.661869 166.374226 214.925592 0.462289 0.518140 0.719597 0.752244 -0.658824 -0.008882 0.469486 0.545418 -0.694336
8.214459 -12.403729 72.546240 178.554599 0.560120 0.588581 0.582956 0.792459 -0.585751 -0.170013 0.241400 0.557196 -0.794517
7.466491 -14.490925 190.431162 141.286405 0.548874 0.488797 0.678097 0.822220 -0.461887 -0.332587 0.150636 0.740093 -0.655417
-0.042994 -5.451889 -33.541649 59.341886 -0.044867 0.987300 -0.152400 -0.591779 -0.149173 -0.792177 0.804850 -0.054645 -0.590957
0.151469 -4.352265 -28.524824 77.981870 -0.048994 0.986320 -0.157390 -0.668953 -0.149420 -0.728132 0.741689 -0.069612 -0.667122
-0.334594 -4.488907 -16.170022 72.075003 -0.095144 0.974727 -0.202125 -0.659289 -0.213831 -0.720842 0.745845 -0.064675 -0.662972
-2.210893 -15.447899 -79.073530 -427.039893 0.521089 0.845735 0.114890 0.546237 -0.227027 -0.806278 0.655814 -0.482900 0.580272
-0.157719 -16.931567 -1.066562 -48.238466 0.096112 0.981942 -0.162950 -0.939578 0.143540 0.310789 -0.328567 -0.123234 -0.936407
70.363531 -1.341564 3189.595209 -279.900518 -0.023606 0.876326 -0.481141 0.992500 -0.037201 -0.116449 -0.119946 -0.480281 -0.868875
63.462564 -21.863551 3052.904347 407.870331 0.008010 0.786527 -0.617504 0.975865 -0.140915 -0.166827 -0.218230 -0.601264 -0.768672
-0.896523 -2.887064 71.619055 18.936535 -0.645472 0.711838 -0.276862 -0.295873 -0.567220 -0.768583 0.704149 0.414183 -0.576739
-0.781497 -4.079908 103.980328 -45.240092 -0.662064 0.681038 -0.312825 -0.293055 -0.619427 -0.728306 0.689776 0.390510 -0.609681
0.311129 -3.171302 153.579786 38.625677 -0.702932 0.557252 -0.441991 0.161274 0.730113 0.664022 0.692731 0.395481 -0.603090
-0.871306 -10.084220 -40.728681 72.794114 0.094868 0.980892 0.169856 0.899459 -0.011344 -0.436858 0.426583 -0.194222 0.883348
-1.158884 -12.555139 -59.284955 329.185178 0.065187 0.979975 0.188147 0.940614 0.002606 -0.339467 0.333159 -0.199103 0.921609
-2.633125 -9.107483 -49.553086 183.807293 0.187617 0.979939 0.067229 0.915498 -0.149658 -0.373452 0.355898 -0.131614 0.925210
-2.647459 -12.923223 -55.918899 296.888058 0.107058 0.989304 0.099073 0.959609 -0.076738 -0.270670 0.260172 -0.124049 0.957561
-2.296692 -12.572615 -0.543920 29.321424 0.233447 0.972222 -0.016931 0.002755 0.016750 0.999856 -0.972366 0.233460 -0.001232
-2.014797 -12.528120 9.967529 -2.232263 0.277704 0.960320 -0.025827 0.181219 -0.025965 0.983100 -0.943420 0.277691 0.181239
-1.720767 -15.948893 -24.108848 -60.552612 0.114662 0.986396 0.117798 0.901916 -0.153074 0.403876 -0.416414 -0.059934 0.907198
2.379162 -31.294628 -11.333433 -624.901736 0.208747 0.948798 0.237079 -0.819730 0.301960 -0.486685 0.533355 0.092747 -0.840792
0.577591 -22.839747 -50.385556 -102.696934 0.194995 0.971369 0.135717 -0.176920 0.170939 -0.969267 0.964716 -0.164991 -0.205186
0.136824 -19.713151 -45.151955 -127.615939 0.189788 0.967505 0.167075 0.022611 0.165816 -0.985898 0.981565 -0.190889 -0.009594
0.188817 -20.781038 -36.757719 -212.783696 0.185490 0.960694 0.206542 0.164632 0.176836 -0.970374 0.968757 -0.213999 0.125360
-3.550203 -12.998836 -42.227613 140.726154 0.262278 0.964701 0.023730 -0.920324 0.242667 0.306783 -0.290196 0.102302 -0.951483
-3.504223 -11.194798 -48.181740 114.664938 0.266686 0.963420 0.026451 -0.868501 0.228332 0.439966 -0.417832 0.140306 -0.897625
-3.818196 -10.586473 -29.544327 90.088923 0.292722 0.954184 0.062021 -0.818439 0.216483 0.532252 -0.494440 0.206563 -0.844311
9.551363 -597.182593 99.945085 -30009.175565 0.062451 0.983094 0.172121 0.487976 0.120362 -0.864519 0.870620 -0.137981 0.472209
1.267463 -128.425392 46.555588 -2951.867001 -0.021962 0.983125 0.181610 -0.098373 0.178647 -0.978983 0.994907 0.039366 -0.092789
0.467238 -6.393968 -21.669834 -6.437773 -0.163212 0.982854 -0.085794 -0.947627 -0.131974 0.290837 -0.274528 -0.128768 -0.952918
1.101681 -6.443922 -36.218283 -5.331176 -0.124269 0.988294 -0.088503 -0.951310 -0.093311 0.293771 -0.282074 -0.120701 -0.951770
0.204866 -6.180739 -10.230438 0.579210 -0.162628 0.982596 -0.089762 -0.974771 -0.145902 0.168918 -0.152882 -0.114968 -0.981534
1.201460 -6.505356 -37.835536 -11.611024 -0.142379 0.985869 -0.088266 -0.909560 -0.095140 0.404535 -0.390421 -0.137881 -0.910253
0.495731 -6.529344 -32.375894 -13.323771 -0.176820 0.980351 -0.087447 -0.907115 -0.127842 0.400996 -0.381938 -0.150228 -0.911896
0.301296 -6.347654 -15.903742 -8.032687 -0.178130 0.979895 -0.089868 -0.948095 -0.146464 0.282248 -0.263411 -0.135480 -0.955123
-2.628861 -12.635893 -9.959412 222.323668 -0.379613 0.917518 0.118548 -0.660305 -0.358460 0.659927 -0.647990 -0.172240 -0.741918
3.144407 -15.684396 -31.714398 -36.327744 -0.048091 0.996538 0.067818 0.916439 0.071027 -0.393821 0.397274 -0.043212 0.916682
2.994400 -17.945443 16.046473 -176.833462 -0.094095 0.995143 -0.028909 0.926326 0.076875 -0.368797 0.364783 0.061482 0.929060
3.225067 -18.325316 -6.218846 -322.638464 -0.014206 0.999849 0.009993 0.862715 0.017308 -0.505394 0.505491 -0.001441 0.862831
2.743496 -16.215297 -33.589120 -146.618841 0.046621 0.993492 0.103926 0.843023 0.016678 -0.537619 0.535854 -0.112676 0.836759
3.540149 -21.636910 -18.130963 -655.517869 0.005692 0.999210 -0.039337 0.793451 -0.028455 -0.607969 0.608608 0.027752 0.792986
2.869468 -20.693788 -30.982968 -458.531995 0.086607 0.996109 0.016303 0.710515 -0.050289 -0.701882 0.698332 -0.072371 0.712106
-0.418915 -8.330606 -50.875277 20.081432 0.917519 -0.373589 -0.136347 0.241400 0.250722 0.937478 0.316046 0.893068 -0.320226
-1.308762 -9.090208 -85.673811 200.470429 0.916040 -0.356134 -0.184496 0.285909 0.257196 0.923096 0.281294 0.898342 -0.337424
1.647439 -7.417282 6.422943 -174.904610 0.843630 -0.463035 -0.271820 0.406864 0.220958 0.886363 0.350356 0.858357 -0.374799
-3.988284 -11.076919 -164.689956 398.996151 0.968976 -0.247112 -0.004592 0.070969 0.260392 0.962891 0.236746 0.933345 -0.269850
-5.032386 -8.571120 -313.458770 187.767552 0.957519 -0.285038 -0.043711 0.111648 0.226678 0.967549 0.265880 0.931327 -0.248873
-3.437537 -6.068175 -100.257141 -13.917330 -0.079565 0.994051 0.074374 0.766605 0.013327 0.641981 -0.637171 -0.108095 0.763105
-0.447710 -2.368679 -15.555561 1.737282 -0.309850 0.926127 -0.215130 0.123532 -0.185134 -0.974918 0.942726 0.328654 0.057043
-0.230021 -2.327685 -33.829404 -3.153712 -0.273608 0.873599 -0.402447 0.171809 -0.367295 -0.914099 0.946372 0.319249 0.049597
0.280859 -2.451155 -24.807289 -28.363430 -0.265320 0.842572 -0.468698 0.207688 -0.424763 -0.881159 0.941526 0.331133 0.062294
0.680536 -7.984854 -227.791059 -38.072372 -0.641916 0.724483 -0.251134 -0.131033 0.219056 0.966874 -0.755496 -0.653558 0.045684
-1.953903 -6.365444 -145.882890 4.439571 0.037954 0.999190 0.013392 0.910888 -0.029082 -0.411629 0.410906 -0.027822 0.911253
-0.904176 -6.423412 -243.548534 4.452842 0.056584 0.996291 0.064820 0.903566 -0.023485 -0.427804 0.424695 -0.082776 0.901544
-1.641424 -5.978365 -137.954751 13.675934 0.072548 0.997359 0.003327 0.852682 -0.060293 -0.518939 0.517368 -0.040485 0.854805
-2.094245 -5.991525 -2.246286 12.955900 0.064825 0.995145 -0.074050 0.852932 -0.093774 -0.513531 0.517982 0.029870 0.854870
-2.341179 -5.474638 31.019710 36.879508 0.038269 0.998233 -0.045463 0.787083 -0.058143 -0.614101 0.615659 0.012282 0.787917
-1.121769 -5.325421 -135.024578 38.136691 0.083295 0.996512 0.005035 0.784525 -0.062458 -0.616943 0.614477 -0.055338 0.786992
3.262876 -14.089019 -20.071737 24.900875 0.000322 0.998005 -0.063130 0.453488 0.056120 0.889494 -0.891262 0.028916 0.452565
-0.086735 -16.743822 -5.301206 64.990399 0.173494 0.973854 0.146655 0.953747 -0.203264 0.221473 -0.245492 -0.101448 0.964076
0.577484 -2.558654 -80.351086 -11.223776 -0.215488 -0.262301 0.940618 0.385995 0.861921 0.328784 -0.896980 0.433924 -0.084487
-0.558468 -3.283228 -43.684290 -46.314311 -0.298013 -0.455744 0.838740 0.348299 0.766170 0.540066 -0.888750 0.453079 -0.069593
-2.666709 -6.675785 225.640249 -19.010450 -0.013399 0.072860 -0.997252 -0.538442 0.839866 0.068596 0.842556 0.537881 0.027977
0.292385 -5.364498 220.499041 14.923412 0.122044 -0.190224 -0.974125 -0.422869 0.877961 -0.224425 0.897935 0.439317 0.026710
2.862469 -3.943630 179.007974 17.972927 0.141867 -0.145413 -0.979147 -0.466789 0.862441 -0.195713 0.872916 0.484820 0.054475
-1.924418 -24.600669 -34.582760 198.590914 -0.201057 0.973678 -0.107368 -0.451136 0.005254 0.892440 -0.869513 -0.227869 -0.438205
-1.947906 -24.305311 -56.674689 -48.375162 -0.222222 0.965686 -0.134416 -0.640486 -0.040642 0.766894 -0.735116 -0.256512 -0.627540
-1.492483 -24.582014 -51.732783 148.080474 -0.226326 0.959621 -0.167044 -0.478676 0.039782 0.877090 -0.848320 -0.278468 -0.450344
-0.966790 -23.904470 -4.309600 -0.577194 -0.199937 0.966277 -0.162280 -0.632536 -0.000804 0.774530 -0.748280 -0.257505 -0.611366
-0.880272 -23.105703 -14.921798 287.103729 -0.206550 0.961032 -0.183725 -0.362385 0.099281 0.926726 -0.908853 -0.257994 -0.327757
-0.822338 -23.140442 8.614567 68.539376 -0.316802 0.899525 -0.300818 0.945883 0.323127 -0.029907 0.070301 -0.294013 -0.953212
-0.858590 -21.064965 -69.503738 -196.775963 0.121956 0.977126 -0.174215 -0.321041 -0.127254 -0.938477 0.939180 -0.170383 -0.298178
1.050705 -19.345816 -159.278236 -306.246723 0.153006 0.963250 -0.220770 -0.158415 -0.196605 -0.967601 0.975445 -0.183022 -0.122512
0.590936 -18.834657 -148.602114 -125.005456 0.141689 0.950013 -0.278208 0.091990 -0.292463 -0.951842 0.985628 -0.109273 0.128830
148.069019 -32.897004 10713.913379 -414.119556 -0.251822 0.894289 -0.369909 -0.620751 -0.442499 -0.647196 0.742465 -0.066643 -0.666562
-3.324644 -45.738105 -338.823442 -1588.146974 0.292643 0.815172 -0.499855 0.464091 -0.578125 -0.671111 0.836050 0.035582 0.547498
0.532246 -47.575994 47.549315 -1727.711026 0.069427 0.922097 -0.380680 0.700146 -0.316867 -0.639836 0.710616 0.222110 0.667602
4.570002 -92.386198 318.391329 -3942.207497 -0.130186 0.970101 -0.204830 0.559701 -0.098619 -0.822805 0.818405 0.221761 0.530128
