18590
37147
-8.000143 -16.077795 -114.996521 -463.563498 0.287505 0.342407 -0.894482 0.829044 -0.556628 0.053395 -0.479611 -0.756917 -0.443904
-10.838160 -19.254516 39.582091 -314.706098 0.460543 0.224222 -0.858851 0.800182 -0.523669 0.292367 -0.384199 -0.821885 -0.420590
-13.290218 -18.482919 625.999571 -614.792907 0.501656 0.164749 -0.849235 0.733401 -0.601613 0.316520 -0.458764 -0.781613 -0.422630
-9.129592 -16.454644 -198.137092 -303.670894 0.284409 0.398247 -0.872073 0.870501 -0.488388 0.060866 -0.401670 -0.776451 -0.485576
-11.106070 -13.930695 196.263203 -678.552365 0.327846 0.295853 -0.897211 0.752237 -0.656294 0.058460 -0.571539 -0.694081 -0.437715
-8.288303 -14.670514 -65.032119 -343.483653 0.102936 0.509607 -0.854228 0.861908 -0.474370 -0.179134 -0.496507 -0.717826 -0.488064
-9.971096 -11.558943 2.903055 135.089280 -0.481856 0.631289 0.607691 0.379772 0.775450 -0.504431 -0.789676 -0.012279 -0.613401
-3.957154 -10.501050 1210.299805 109.157591 -0.452805 -0.524857 0.720759 -0.327046 0.849805 0.413368 -0.829463 -0.048546 -0.556448
-7.919373 -9.841566 415.619868 -116.673267 -0.503629 -0.477114 0.720223 -0.244967 0.878318 0.410547 -0.828462 0.030332 -0.559223
-8.568298 -11.307604 -25.973976 203.004032 -0.603545 -0.101271 0.790872 -0.121103 0.992036 0.034612 -0.788078 -0.074887 -0.611003
-10.568945 -11.574507 11.729775 42.197022 -0.616668 0.356591 0.701829 0.189960 0.932584 -0.306925 -0.763961 -0.055951 -0.642833
1.905576 -11.073237 698.203489 -1163.714082 0.144102 0.803071 0.578196 -0.467879 -0.459566 0.754910 -0.871966 0.379310 -0.309516
6.598373 -7.346933 892.353941 983.304165 0.012523 0.646178 0.763084 0.365335 0.707427 -0.605044 -0.930792 0.286358 -0.227212
24.685375 -3.245731 -3646.598256 565.346991 0.067755 0.976632 0.203959 -0.316540 -0.172825 0.932703 -0.946156 0.127756 -0.297433
29.547437 -11.064303 -2816.272435 662.253537 0.255485 0.960347 0.111631 -0.324720 -0.023521 0.945518 -0.910651 0.277814 -0.305834
34.652885 -12.822612 -4632.218315 1033.235496 0.134084 0.979682 -0.149148 -0.308973 0.184334 0.933036 -0.941572 0.079022 -0.327412
5.622537 -7.331711 -2473.145078 1032.951753 0.147696 0.983067 -0.108465 -0.250836 0.143315 0.957362 -0.956696 0.114192 -0.267755
-3.119492 -642.433510 -743.119852 109640.039020 -0.325081 -0.256093 0.910351 0.638983 0.650166 0.411077 -0.697154 0.715332 -0.047718
-10.954494 -170.560589 -387.167398 38226.241987 -0.393850 -0.125856 0.910517 0.588459 0.726446 0.354955 -0.706115 0.675601 -0.212050
3.137240 -2195.124262 1811.748057 485321.532185 -0.156738 0.015079 0.987525 0.922967 0.358111 0.141023 -0.351517 0.933557 -0.070047
8.570739 -10.639412 -186.125187 90.913186 0.256129 0.075896 -0.963658 0.837808 -0.514686 0.182143 -0.482157 -0.854013 -0.195413
6.171989 -11.977485 -466.271457 101.392714 0.218779 0.019083 -0.975588 0.828740 -0.531418 0.175453 -0.515097 -0.846895 -0.132078
6.056182 -10.258116 -322.553045 59.137884 0.175498 0.069470 -0.982026 0.883463 -0.451250 0.125962 -0.434388 -0.889690 -0.140568
9.199862 -11.374690 -125.854399 123.847422 0.312778 0.057927 -0.948058 0.771820 -0.597251 0.218142 -0.553592 -0.799960 -0.231516
8.106904 -8.882351 -132.992323 105.273213 0.230299 0.118595 -0.965866 0.879018 -0.451166 0.154194 -0.417480 -0.884525 -0.208150
8.532002 -9.940882 114.943627 145.533434 0.331918 0.136900 -0.933321 0.818458 -0.533713 0.212784 -0.468996 -0.834511 -0.289196
-1.064777 -10.604429 -120.933609 150.604555 0.709488 0.011155 -0.704629 0.463332 0.746001 0.478337 -0.530990 0.665852 -0.524110
-2.325931 -12.038108 -107.964695 181.193736 0.761002 0.068769 -0.645094 0.358255 0.784452 0.506249 -0.540860 0.616365 -0.572333
-1.635421 -12.757775 118.302225 219.600630 -0.714532 -0.035902 0.698681 0.377075 0.821443 0.427840 -0.589286 0.569160 -0.573410
-0.987576 -12.087252 -29.757932 214.358196 0.676268 -0.054319 -0.734650 0.475111 0.794300 0.378625 -0.562966 0.605093 -0.562967
-2.252842 -15.411386 40.429443 357.136916 -0.693391 0.034421 0.719738 0.374706 0.870404 0.319362 -0.615471 0.491133 -0.616429
-3.001989 -15.699665 108.892127 298.008374 -0.728359 -0.038382 0.684120 0.275151 0.898008 0.343327 -0.627523 0.438302 -0.643511
-1.341160 -21.502729 -5.936897 153.540795 0.540158 -0.222554 -0.811603 0.633395 -0.527478 0.566196 -0.554112 -0.819900 -0.143957
-1.331678 -22.073936 -2.541858 151.508772 0.514928 -0.222892 -0.827749 0.661979 -0.510101 0.549163 -0.544639 -0.830732 -0.115116
-1.773016 -22.868277 -0.081934 106.892610 0.514974 -0.202727 -0.832889 0.520212 -0.698344 0.491625 -0.681309 -0.686452 -0.254168
3.928178 -26.922294 -57.025894 -1030.684880 -0.554513 0.206017 0.806270 0.830967 0.084906 0.549804 0.044812 0.974858 -0.218275
3.403527 -24.064727 -65.200621 -432.668343 -0.542719 0.222769 0.809833 0.836067 0.235468 0.495527 -0.080302 0.946007 -0.314042
3.583375 -26.394020 -15.097076 -772.298781 -0.533184 0.238845 0.811583 0.844406 0.091397 0.527850 0.051898 0.966747 -0.250414
3.980261 -30.392690 -27.099641 -704.609007 -0.540703 0.228986 0.809448 0.815020 -0.095650 0.571484 0.208285 0.968719 -0.134910
3.364368 -29.217188 -1.071743 -612.993604 -0.520835 0.257119 0.814015 0.830529 -0.067840 0.552829 0.197365 0.963996 -0.178211
3.055956 -26.283889 21.920976 -455.627045 -0.510812 0.265602 0.817635 0.858515 0.107837 0.501321 0.044980 0.958033 -0.283108
-2.022194 -33.335527 7.493383 717.675756 -0.492904 0.196800 0.847535 -0.001659 0.973870 -0.227100 -0.870082 -0.113345 -0.479697
-1.032164 -39.836392 -23.806622 895.856947 -0.499118 0.191907 0.845017 -0.246221 0.903565 -0.350637 -0.830817 -0.383070 -0.403734
-1.991677 -33.783988 43.145891 796.953097 -0.460413 0.160700 0.873038 -0.021802 0.981134 -0.192094 -0.887437 -0.107477 -0.448223
-0.350345 -39.089856 -80.410754 771.331661 -0.527772 0.225372 0.818941 -0.221207 0.894416 -0.388700 -0.820076 -0.386300 -0.422194
-2.772719 -27.709039 49.393111 403.134289 -0.463133 0.151846 0.873184 0.195997 0.978369 -0.066181 -0.864345 0.140490 -0.482876
-2.935720 -27.708973 7.370439 407.974991 -0.494444 0.197799 0.846404 0.223883 0.969889 -0.095871 -0.839882 0.142093 -0.523840
-1.392468 -32.908222 -55.603122 655.259657 -0.521381 0.239720 0.818960 0.029864 0.964268 -0.263241 -0.852801 -0.112792 -0.509910
-3.216853 -26.314484 -86.389656 -154.690972 -0.447527 0.282627 0.848435 0.716072 -0.455064 0.529299 0.535686 0.844416 0.001272
-2.440666 -26.146464 -97.691460 48.912286 -0.468021 0.325747 0.821490 0.774671 -0.296098 0.558759 0.425255 0.897895 -0.113766
-3.703128 -26.113592 -92.432626 151.999742 -0.465633 0.286077 0.837464 0.784373 -0.304804 0.540235 0.409812 0.908435 -0.082464
4.579625 -13.644850 222.550213 -23.017375 0.699526 -0.287821 -0.654081 -0.694595 -0.058761 -0.716998 -0.167933 -0.955880 0.241024
4.982079 -14.238533 302.082411 -181.879303 0.652489 -0.306712 -0.692955 0.751136 0.140772 0.644964 -0.100270 -0.941335 0.322235
2.809743 -13.222971 208.036457 5.052341 0.680425 -0.256363 -0.686513 0.723781 0.088431 0.684340 -0.114730 -0.962527 0.245721
2.014499 -13.911786 134.580466 184.187759 0.686225 -0.250557 -0.682874 0.702178 -0.016842 0.711803 -0.189848 -0.967955 0.164378
3.268072 -14.033478 189.471711 -159.640135 0.720276 -0.274176 -0.637205 -0.652051 0.045852 -0.756787 -0.236710 -0.960586 0.145751
-0.326372 -29.841837 188.793783 771.610252 -0.449896 0.225163 0.864231 0.594937 0.797275 0.101990 -0.666066 0.560048 -0.492649
-0.703315 -26.352926 147.957834 808.639482 -0.473149 0.209904 0.855611 0.683655 0.700034 0.206321 -0.555649 0.682564 -0.474723
-2.187178 -28.750997 243.894002 917.550604 -0.442755 0.234320 0.865484 0.615476 0.781355 0.103315 -0.652041 0.578428 -0.490167
-1.968934 -31.170750 281.642460 299.318997 -0.431937 0.246812 0.867476 0.458268 0.888473 -0.024603 -0.776801 0.386910 -0.496871
-1.560994 -31.164680 -140.784927 -453.768024 0.838768 -0.074736 -0.539336 -0.517578 0.198114 -0.832384 -0.169059 -0.977326 -0.127490
-1.401076 -33.081439 -119.771697 -576.301212 0.814076 -0.060073 -0.577644 -0.520032 0.367402 -0.771092 -0.258549 -0.928120 -0.267853
-2.339634 -28.407985 -59.572227 -516.700252 0.838283 -0.049009 -0.543028 -0.517541 0.241853 -0.820767 -0.171558 -0.969074 -0.177378
-2.217237 -27.329803 -82.888796 4.923874 0.863657 -0.065931 -0.499749 -0.490836 0.115769 -0.863526 -0.114789 -0.991086 -0.067623
-2.366261 -25.399828 16.906266 138.466469 0.866707 -0.038365 -0.497340 -0.485949 0.160069 -0.859204 -0.112572 -0.986360 -0.120089
-2.492009 -25.973563 16.576435 -448.263169 0.835460 -0.020555 -0.549167 -0.523338 0.275188 -0.806467 -0.167701 -0.961171 -0.219151
8.862573 -27.991203 1677.132393 -268.821877 -0.578181 0.551167 0.601599 -0.258383 0.575700 -0.775763 -0.773915 -0.603975 -0.190447
1.770386 -31.743903 1077.815101 218.682864 -0.551872 0.534766 0.639893 -0.259984 0.618751 -0.741320 -0.792367 -0.575476 -0.202441
8.528213 -28.737377 1688.141034 705.204570 -0.514338 0.508154 0.690823 -0.431202 0.543071 -0.720513 -0.741297 -0.668471 -0.060205
4.655648 -4.432012 529.290851 -9.915474 -0.546335 0.789011 -0.281034 0.776099 0.350723 -0.524083 -0.314942 -0.504435 -0.803963
1.650606 -3.959478 -276.967065 -35.023530 0.729159 -0.674401 0.116234 0.601167 0.550071 -0.579672 -0.326994 -0.492549 -0.806517
1.059348 -3.616869 535.782788 -8.249049 -0.507607 0.807792 -0.299678 0.789849 0.297334 -0.536406 -0.344200 -0.508983 -0.788963
4.487632 -4.528598 667.871992 51.030602 -0.377252 0.837966 -0.394327 0.858580 0.156845 -0.488098 -0.347161 -0.522697 -0.778632
6.518318 -5.584978 214.780730 57.587795 -0.472780 0.778007 -0.413745 0.834353 0.244215 -0.494180 -0.283432 -0.578848 -0.764592
-9.954157 -13.989830 -697.413527 -339.816990 -0.455611 0.725377 -0.515991 0.820864 0.118104 -0.558778 -0.344384 -0.678144 -0.649246
-6.568784 -13.298235 -933.804769 -169.893447 -0.514734 0.681101 -0.520721 0.809360 0.185678 -0.557189 -0.282815 -0.708255 -0.646832
-3.091887 -11.886716 -929.514682 -23.080703 -0.271775 0.685115 -0.675837 0.890657 -0.086932 -0.446287 -0.364510 -0.723229 -0.586576
-12.901751 -18.037665 343.485440 -647.866496 0.835973 -0.535478 0.120055 0.469764 0.585193 -0.660962 -0.283675 -0.608944 -0.740754
-10.117178 -13.657709 -736.585695 -245.475673 -0.223889 0.735683 -0.639253 0.884733 -0.121704 -0.449928 -0.408804 -0.666302 -0.623635
-14.777608 -18.093394 0.005203 -763.644566 0.857489 -0.514188 -0.018014 0.361373 0.626829 -0.690286 -0.366228 -0.585403 -0.723312
4.663862 -76.534916 -759.878291 -2287.005158 0.929072 0.061024 -0.364830 -0.018437 0.992711 0.119097 0.369439 -0.103923 0.923426
4.618482 -65.857923 -695.350413 2413.422479 0.926671 0.073996 -0.368519 -0.104066 -0.891598 -0.440709 0.361181 -0.446742 0.818517
1.289123 -66.305323 -505.708970 -2310.420434 0.932499 0.063301 -0.355581 0.039582 0.960680 0.274823 0.358996 -0.270347 0.893328
-4.318114 -295.722178 2035.746468 -54703.899651 0.713722 -0.052708 -0.698443 0.601763 0.556440 0.572935 -0.358444 0.829214 -0.428862
-6.277597 -132.284018 -1087.301667 -16223.437143 -0.698310 0.183663 0.691831 0.710867 0.291164 0.640228 -0.083850 0.938878 -0.333883
-5.085150 -59.573219 -819.978036 -7775.025457 -0.599677 0.203204 0.774013 0.767859 0.418477 0.485045 -0.225344 0.885203 -0.406983
-7.428067 -37.704698 -538.664232 -5626.629581 -0.522193 0.238966 0.818663 0.778174 0.526280 0.342746 -0.348942 0.816042 -0.460777
-2.294176 -55.066917 -759.251708 -5615.962278 -0.642465 0.198511 0.740157 0.742511 0.400124 0.537194 -0.189516 0.894703 -0.404462
-4.539630 -35.939027 -633.227164 -3997.635957 -0.564978 0.243733 0.788286 0.766643 0.508285 0.392308 -0.305055 0.825979 -0.474026
-13.074181 -21.070919 -140.232371 -5408.483691 -0.481063 0.121061 0.868287 0.720397 0.619008 0.312822 -0.499607 0.775998 -0.384994
-8.229509 -13.919300 -35.941549 -510.872585 0.780526 0.550651 0.295909 -0.448131 0.162845 0.879011 -0.435841 0.818697 -0.373868
-3.288816 -28.722031 -3284.248677 -3099.526895 0.824343 0.563421 0.054906 -0.237662 0.256423 0.936890 -0.513785 0.785368 -0.345285
-16.124728 -59.786019 -702.589579 -15640.253536 -0.467632 0.162533 0.868852 0.693173 0.677359 0.246367 -0.548482 0.717474 -0.429418
-54.800245 -77.164325 -15195.530997 7785.598521 0.426399 0.722425 0.544321 0.632574 0.191980 -0.750329 -0.646556 0.664263 -0.375127
144.204726 -308.982001 31905.325230 -43202.996751 0.807202 0.529366 0.261146 -0.340891 0.056887 0.938380 -0.481890 0.846484 -0.226375
-0.558731 -55.766668 1569.168461 -3887.647566 0.526957 0.780700 -0.335893 0.502415 -0.604918 -0.617781 0.685489 -0.156787 0.711001
5.653426 -46.027180 2252.758100 -3168.134171 0.460587 0.838875 -0.290085 0.579879 -0.531809 -0.617187 0.672012 -0.116054 0.731390
7.949865 -39.947329 2489.123178 -3376.466569 0.402029 0.893289 -0.201016 0.767521 -0.448491 -0.458003 0.499283 -0.029847 0.865925
1.933380 -64.405758 1122.678453 -5419.330044 0.539678 0.719032 -0.437881 0.264910 -0.638748 -0.722374 0.799106 -0.273850 0.535198
-7.039951 -68.497260 1566.469294 -5546.450808 0.577294 0.734078 -0.357576 0.483719 -0.660260 -0.574519 0.657835 -0.158700 0.736252
-4.334218 -85.133600 1573.497409 -6993.791704 0.554012 0.689002 -0.467276 0.207211 -0.657746 -0.724178 0.806309 -0.304378 0.507169
-7.125595 -348.741921 3973.259817 7651.200397 0.724153 0.547990 -0.418700 -0.312068 0.801793 0.509648 0.614993 -0.238400 0.751631
30.809633 -547.205038 3387.899782 86817.877784 0.808123 0.535153 -0.246066 -0.347777 0.770682 0.533948 0.475383 -0.345919 0.808920
9.725193 -615.371574 88.646630 -89188.703966 0.843460 0.481182 -0.238830 0.537148 -0.749735 0.386483 -0.006910 0.454270 0.890837
-17.561806 -849.890326 7039.171395 -139349.284660 0.835417 0.386593 -0.390673 0.528347 -0.760708 0.377057 0.151421 0.521411 0.839763
-39.246599 -3188.044246 3293.158259 -173938.561134 0.764097 0.517096 -0.385704 0.448998 0.003014 0.893527 -0.463202 0.855922 0.229872
3.871951 -3.763630 -551.577235 -75.658651 -0.657462 0.690962 -0.300525 0.201794 -0.222809 -0.953748 0.725964 0.687697 -0.007056
8.580581 -3.983567 683.068039 74.950175 0.658124 -0.630935 0.410846 -0.271201 0.310394 0.911101 0.702370 0.711039 -0.033168
3.511887 -4.249483 -535.489444 -96.323781 -0.660896 0.688622 -0.298355 0.182613 -0.238044 -0.953933 0.727921 0.684934 -0.031571
0.813351 -7.684127 -985.113318 131.941432 0.337267 0.129618 0.932443 0.941404 -0.043276 -0.334493 -0.003004 0.990619 -0.136618
4.189232 -7.872917 -624.755577 120.800590 0.412075 0.098535 0.905806 0.910818 -0.017706 -0.412428 -0.024600 0.994976 -0.097043
-0.403497 -8.259565 -1107.736286 197.914201 0.324970 0.145352 0.934488 0.944924 -0.009259 -0.327159 -0.038901 0.989337 -0.140355
4.416001 -7.061046 -430.957420 129.292382 0.431206 0.072142 0.899365 0.902048 -0.055763 -0.428019 0.019273 0.995834 -0.089120
-4.539361 -8.274540 -742.224394 -26.317198 0.100242 0.121834 0.987476 0.994928 -0.003950 -0.100511 -0.008345 0.992543 -0.121612
-3.650149 -7.770047 -656.222980 -166.274920 0.123956 0.136294 0.982883 0.991716 -0.050644 -0.118048 0.033688 0.989373 -0.141443
2.100522 -6.713634 -764.448543 52.503309 0.401168 0.097948 0.910753 0.915577 -0.073237 -0.395417 0.027971 0.992493 -0.119059
1.961001 -12.477453 -682.479678 -12.606407 -0.522906 0.378631 0.763681 0.850917 0.284522 0.441573 -0.050091 0.880730 -0.470961
6.361638 -12.732085 -742.799418 27.911078 -0.505423 0.369224 0.779886 0.861253 0.160531 0.482154 0.052827 0.915371 -0.399131
7.074109 -13.098665 -786.324690 0.069977 -0.547161 0.349769 0.760445 0.835609 0.281132 0.471936 -0.048716 0.893659 -0.446095
2.552991 -12.700121 -728.197392 1.162699 -0.582135 0.350373 0.733729 0.799715 0.409739 0.438828 -0.146884 0.842231 -0.518722
-0.892138 -16.067901 54.290222 62.311947 -0.609948 0.000110 0.792442 0.081123 0.994755 0.062303 -0.788278 0.102287 -0.606757
-1.553314 -15.817929 51.352303 87.295777 -0.597622 0.080486 0.797728 0.261623 0.960066 0.099132 -0.757893 0.267947 -0.594813
-1.464667 -17.119926 62.430307 13.086475 -0.618071 0.026657 0.785670 0.063560 0.997847 0.016146 -0.783549 0.059916 -0.618435
-1.112190 -14.571683 35.141041 61.335348 -0.598619 0.056679 0.799026 0.272957 0.952229 0.136949 -0.753093 0.300080 -0.585493
-0.605365 -15.992710 53.103204 -64.799567 -0.620275 -0.035443 0.783584 -0.115324 0.992243 -0.046408 -0.775861 -0.119152 -0.619551
-0.366355 -15.592154 44.415351 14.034982 -0.610723 -0.055256 0.789914 -0.087130 0.996194 0.002321 -0.787036 -0.067408 -0.613213
-0.683105 -15.145093 47.828600 70.895859 -0.604631 -0.014907 0.796366 0.107428 0.989163 0.100079 -0.789228 0.146063 -0.596477
1.332152 -28.452020 -55.112604 -840.501049 0.609788 -0.068696 -0.789582 0.411209 0.879080 0.241091 0.677544 -0.471697 0.564301
2.891006 -21.185636 -212.618870 122.676145 0.644221 0.084875 -0.760115 0.307427 0.881271 0.358958 0.700334 -0.464928 0.541641
3.025945 -25.675609 -164.043978 64.195905 0.646687 0.013830 -0.762630 0.424891 0.823812 0.375234 0.633454 -0.566694 0.526872
1.389224 -23.151778 -68.142520 -1117.143502 0.608641 -0.039068 -0.792484 0.329566 0.921001 0.207708 0.721764 -0.387596 0.573434
1.840475 -30.825026 -71.990891 -290.457578 0.615185 -0.106831 -0.781111 0.489599 0.828337 0.272306 0.617933 -0.549950 0.561885
0.981543 -34.933899 -12.257898 -952.993128 0.588574 -0.147454 -0.794882 0.426920 0.891642 0.150712 0.686527 -0.428056 0.587748
0.679541 -33.417815 8.466818 -1892.190855 0.581141 -0.135979 -0.802362 0.370324 0.922133 0.111944 0.724662 -0.362189 0.586246
-261.021834 -1491.542751 54301.702853 628192.695792 0.736930 0.674739 -0.040753 -0.664337 0.711797 -0.228036 0.124857 -0.195121 -0.972799
-161.929171 -1029.686016 27255.327192 123416.767097 0.518577 0.854900 0.014981 -0.845945 0.510440 0.154366 -0.124320 0.092724 -0.987900
-69.599685 -1829.026426 -12906.116823 473221.191869 -0.800419 -0.594585 -0.076143 -0.569573 0.793972 -0.212589 0.186858 -0.126792 -0.974170
6.226626 -73.339051 -52.842616 5939.109982 0.541760 0.187135 -0.819437 0.820626 0.093158 0.563821 0.181848 -0.977907 -0.103098
6.068183 -57.903124 -19.211972 3276.718018 0.523736 0.113214 -0.844324 0.826809 0.171131 0.535818 0.205152 -0.978722 -0.003979
3.423929 -57.373638 169.061925 3252.618095 0.520549 0.190031 -0.832416 0.761829 0.336850 0.553307 0.385545 -0.922182 0.030575
7.670599 -69.133219 -121.234541 3650.073858 0.521143 0.114166 -0.845799 0.852831 -0.107978 0.510901 -0.033000 -0.987576 -0.153636
1.156705 -56.081553 137.245153 2240.764119 0.568269 0.252211 -0.783237 0.733608 0.275826 0.621080 0.372680 -0.927529 -0.028281
9.473153 -80.494767 -150.059942 2830.996311 0.568974 0.188872 -0.800373 0.805373 -0.324754 0.495893 -0.166265 -0.926748 -0.336889
4.998514 -76.550466 -1.362779 5592.984701 0.589786 0.271469 -0.760563 0.781245 0.046660 0.622478 0.204472 -0.961315 -0.184565
-15.794071 -88.519759 1507.090596 -7635.122910 0.414185 -0.141651 -0.899103 0.031276 0.989447 -0.141476 0.909655 0.030477 0.414244
-5.126811 -105.664044 1000.590094 -10030.114391 0.391530 -0.217626 -0.894060 0.018921 0.973328 -0.228635 0.919971 0.072601 0.385205
-16.059404 -110.076871 1666.907169 -8272.473522 0.433129 -0.229785 -0.871549 -0.264462 0.891998 -0.366605 0.861661 0.389279 0.325581
-1.807311 -64.303866 692.835445 -6539.829404 0.378601 -0.177766 -0.908328 0.277270 0.958095 -0.071937 0.883053 -0.224617 0.412025
-11.749679 -47.795994 1116.698141 -4423.355450 0.409425 -0.030600 -0.911830 0.235973 0.968981 0.073438 0.881299 -0.245234 0.403946
-7.037077 -14.794389 -489.769850 -147.233813 0.927016 0.339258 -0.159831 0.143007 -0.713772 -0.685623 0.346686 -0.612726 0.710194
-6.585769 -17.668117 -288.981718 300.452477 0.905889 0.324654 -0.271964 0.073492 -0.752922 -0.653994 0.417090 -0.572459 0.705923
-7.179026 -16.684609 -772.753916 934.563910 0.932570 0.159103 -0.324036 -0.076589 -0.789993 -0.608313 0.352770 -0.592112 0.724539
-8.051498 -17.788564 -133.426910 391.405869 0.893989 0.034169 -0.446784 -0.250011 -0.789423 -0.560630 0.371858 -0.612898 0.697192
-0.222535 -7.219647 1971.979137 -658.613454 0.242520 -0.789593 0.563673 0.839362 -0.120571 -0.530032 0.486472 0.601669 0.633514
11.873299 -9.866034 2818.930508 -1047.059770 0.417658 -0.823015 0.384977 0.757410 0.081323 -0.647855 0.501887 0.562168 0.657326
8.997952 -12.116155 3301.610180 -544.494215 0.266066 -0.821264 0.504713 0.793287 -0.110908 -0.598661 0.547635 0.559665 0.621989
-3.107159 -50.560589 190.436975 -73.552284 0.387132 -0.043529 -0.920996 0.742434 -0.577596 0.339374 -0.546737 -0.815161 -0.191288
-4.981673 -49.220989 178.550741 -232.412711 0.373631 -0.085919 -0.923590 0.725325 -0.593591 0.348644 -0.578190 -0.800167 -0.159465
-2.949887 -48.584728 -165.008659 875.587550 -0.392684 0.060560 0.917677 -0.572129 0.765152 -0.295314 -0.720047 -0.640995 -0.265815
-1.725368 -50.215049 -235.877170 478.860290 -0.415917 0.020403 0.909174 -0.606894 0.738325 -0.294203 -0.677269 -0.674136 -0.294700
-1.399153 -45.265231 -159.989878 1493.004869 -0.413000 0.047109 0.909512 -0.403828 0.885646 -0.229247 -0.816305 -0.461966 -0.346747
-2.656533 -42.781158 -149.734220 1433.081666 -0.400947 0.079935 0.912607 -0.373947 0.895133 -0.242695 -0.836304 -0.438575 -0.329010
-6.387171 -14.880608 3.236712 -597.630117 0.723692 0.319276 -0.611827 0.081788 0.840621 0.535412 0.685259 -0.437514 0.582238
-6.271507 -18.219953 -213.474260 -481.237570 0.720906 0.328940 -0.609994 0.005689 0.877342 0.479831 0.693010 -0.349383 0.630610
-5.378913 -17.464769 -76.716862 -254.091421 0.733338 0.243557 -0.634741 0.040669 0.916241 0.398558 0.678647 -0.318092 0.662009
-1.278123 -14.961735 12.569596 -22.916560 0.673952 -0.114082 -0.729914 -0.524609 -0.769551 -0.364111 0.520167 -0.628312 0.578489
-1.315571 -14.728468 -19.281590 7.720718 0.674536 -0.099875 -0.731455 -0.531894 -0.752842 -0.387709 0.511947 -0.650580 0.560942
-1.093060 -14.863753 -10.004927 -35.508990 0.684996 -0.102630 -0.721282 0.415974 0.867884 0.271557 0.598119 -0.486050 0.637188
-1.486336 -15.655587 4.307959 -95.181241 0.653056 -0.118900 -0.747918 -0.632917 -0.628000 -0.452805 0.415854 -0.769077 0.485373
-1.155681 -14.868159 10.737546 -4.335254 0.686664 -0.122875 -0.716515 0.413428 0.876717 0.245856 0.597971 -0.465048 0.652810
-1.626996 -16.225170 38.940467 -128.730705 0.645810 -0.140081 -0.750538 -0.635902 -0.642747 -0.427207 0.422562 -0.753163 0.504170
-1.538624 -15.352939 29.924352 -67.418517 0.670587 -0.141704 -0.728171 -0.528879 -0.779639 -0.335335 0.520192 -0.609986 0.597760
-0.609802 -24.231516 -46.055367 37.268389 0.565495 -0.346246 -0.748551 0.673582 -0.329844 0.661430 -0.475923 -0.878246 0.046700
0.013744 -24.377356 -120.416391 -83.368520 0.571766 -0.371845 -0.731310 0.746273 -0.134578 0.651893 -0.340822 -0.918488 0.200551
-0.000330 -24.700312 -101.972369 117.467925 0.557743 -0.361608 -0.747102 0.667698 -0.339221 0.662652 -0.493053 -0.868429 0.052247
-4.955514 -41.356200 361.524436 1702.731484 -0.154652 0.486928 0.859641 -0.390040 0.769341 -0.505949 -0.907718 -0.413541 0.070941
-4.956387 -30.919934 312.903053 1681.074147 -0.164699 0.487972 0.857180 -0.113713 0.853859 -0.507930 -0.979767 -0.181129 -0.085141
-7.808690 -42.993825 206.132569 1525.978794 -0.230444 0.444006 0.865884 -0.412563 0.761318 -0.500186 -0.881299 -0.472497 0.007739
-0.824821 -17.846135 -53.867913 265.464747 -0.517038 0.226908 0.825339 0.094707 0.973468 -0.208303 -0.850707 -0.029535 -0.524810
-0.063514 -15.881220 -84.922562 103.500392 -0.529059 0.166980 0.831994 0.182096 0.979949 -0.080880 -0.828817 0.108713 -0.548857
-0.045078 -17.356816 -77.609806 291.512280 -0.527582 0.194703 0.826890 0.061186 0.979561 -0.191614 -0.847298 -0.050498 -0.528712
-0.579963 -20.346413 -32.524246 419.661656 -0.525416 0.251882 0.812707 -0.045067 0.945597 -0.322204 -0.849651 -0.205917 -0.485481
-0.060422 -19.666460 -50.163154 424.809110 -0.532022 0.229980 0.814900 -0.073546 0.946219 -0.315056 -0.843531 -0.227550 -0.486495
0.814176 -16.395209 -90.995946 275.223674 -0.526658 0.155140 0.835801 0.020405 0.985229 -0.170019 -0.849832 -0.072488 -0.522045
-0.419108 -16.914085 -266.753882 -26.627956 -0.480061 0.262716 0.836972 0.161108 0.964277 -0.210269 -0.862314 0.033901 -0.505238
-1.270046 -16.272500 -56.059128 -167.160927 -0.460648 0.228125 0.857766 0.034010 0.970233 -0.239772 -0.886931 -0.081278 -0.454694
-1.772989 -16.682012 -61.698215 -11.234338 -0.465123 0.236393 0.853099 0.182264 0.968612 -0.169028 -0.866279 0.076870 -0.493610
-1.691931 -16.188448 -176.906060 171.330529 -0.479534 0.263636 0.836985 0.298597 0.945909 -0.126871 -0.825159 0.189082 -0.532316
-1.230896 -16.631776 -164.854198 141.782205 -0.459914 0.313099 0.830932 0.287577 0.937859 -0.194218 -0.840106 0.149633 -0.521374
-1.836028 -30.964039 -199.390042 -151.225465 0.308926 -0.159923 -0.937544 0.803946 0.570605 0.167573 0.508169 -0.805503 0.304844
-3.792146 -30.541518 -112.758615 329.484422 0.280724 -0.169831 -0.944644 0.886123 0.424002 0.187105 0.368755 -0.889595 0.269519
-1.803509 -28.046143 -63.458438 -99.665591 0.376616 -0.083378 -0.922610 0.760303 0.596813 0.256426 0.529245 -0.798037 0.288161
3.885898 -11.333597 563.564307 -403.793920 -0.640345 0.400527 -0.655390 0.748612 0.516376 -0.415856 0.171866 -0.756924 -0.630498
6.345723 -7.393673 -590.204063 -136.476177 0.799163 -0.266783 0.538670 0.588899 0.527215 -0.612571 0.120572 -0.806766 -0.578438
5.894046 -9.240346 403.815115 -327.561536 -0.667200 0.349219 -0.657944 0.719177 0.532035 -0.446904 0.193982 -0.771353 -0.606124
16.658092 -55.822799 1495.767853 536.275198 -0.339723 0.198363 0.919369 -0.057970 0.971232 -0.230974 -0.938737 -0.131763 -0.318451
6.467462 -55.831014 736.882741 1843.769460 -0.308410 0.365367 0.878288 0.055277 0.928619 -0.366894 -0.949646 -0.064605 -0.306592
21.379587 -54.671220 2569.379426 -233.124591 -0.282475 0.319460 0.904518 -0.218072 0.896846 -0.384853 -0.934159 -0.305961 -0.183672
5.864400 -54.282915 305.223993 1806.115895 -0.357513 0.225464 0.906284 0.189508 0.967746 -0.165997 -0.914479 0.112402 -0.388709
44.613753 -47.333484 6851.518788 -2013.703203 -0.258936 0.088370 0.961844 -0.336297 0.925251 -0.175542 -0.905459 -0.368919 -0.209862
9.128099 -54.903518 220.927512 123.350699 -0.408981 0.079274 0.909093 0.087500 0.995036 -0.047404 -0.908338 0.060158 -0.413887
25.597344 -49.766067 2852.951641 -1618.979900 -0.363035 -0.013155 0.931683 -0.171293 0.983801 -0.052855 -0.915895 -0.178779 -0.359407
-2.283709 -38.892418 -44.468456 757.787721 0.431170 0.895794 -0.107916 0.731748 -0.417146 -0.539013 0.527861 -0.153439 0.835356
-2.670982 -36.401071 -35.353432 475.590845 0.440617 0.886366 -0.142166 0.637721 -0.420523 -0.645347 0.631798 -0.193688 0.750544
-2.993794 -38.291412 -53.499552 789.136357 0.426376 0.894980 -0.131202 0.747550 -0.430312 -0.505965 0.509286 -0.117651 0.852517
9.162689 -99.592928 -969.652833 517.604250 0.437290 0.898444 -0.039698 -0.879342 0.417906 -0.228282 0.188508 -0.134734 -0.972785
4.796646 -90.516546 -926.007050 -1491.027572 0.406362 0.906902 -0.111353 0.908200 -0.387533 0.158086 0.100216 -0.165371 -0.981127
3.112107 -93.511138 -556.692782 -1939.641643 0.414021 0.906475 -0.083006 -0.818407 0.330769 -0.469895 0.398492 -0.262479 -0.878811
7.476448 -103.173058 -861.833788 -3335.795345 0.427446 0.901838 -0.063081 -0.774887 0.329545 -0.539398 0.465662 -0.279444 -0.839685
-13.337668 -35.354717 1046.698308 -3090.584173 0.278975 0.958691 0.055536 0.228262 -0.010026 -0.973548 0.932775 -0.284272 0.221630
-14.148072 -40.116943 1670.373719 -3655.536241 0.221610 0.954509 -0.199506 -0.037837 -0.196022 -0.979869 0.974401 -0.224697 0.007325
-12.153341 -27.798817 1190.133211 -1628.053122 0.256473 0.966183 -0.026682 0.158213 -0.069198 -0.984977 0.953515 -0.248399 0.170610
23.253153 -75.570342 -1489.138459 -4173.218613 0.466980 0.867849 0.169611 -0.648498 0.466508 -0.601515 0.601149 -0.170903 -0.780648
17.065989 -63.864228 -1152.603469 -3218.491594 0.433788 0.889499 0.143594 -0.503278 0.371393 -0.780243 0.747355 -0.266192 -0.608771
23.702187 -66.006610 -844.439877 -3417.761066 0.421828 0.860383 0.286009 -0.569352 0.496862 -0.654955 0.705620 -0.113438 -0.699452
17.935929 -49.385046 300.633194 -1331.424901 0.347918 0.873034 0.341709 -0.425539 0.471828 -0.772202 0.835386 -0.123253 -0.535667
22.042107 -60.517697 660.358254 -2477.830585 0.361441 0.833873 0.417152 -0.557140 0.551896 -0.620488 0.747633 0.008142 -0.664062
-213.012191 -1309.318755 19705.402181 77190.021145 0.656633 0.754202 0.003497 -0.288332 0.255310 -0.922866 0.696920 -0.604976 -0.385105
-28.362870 -586.712873 3269.896451 1452.929681 0.518549 0.853585 -0.049989 -0.505701 0.259018 -0.822907 0.689473 -0.451998 -0.565973
-75.041481 -757.903705 6380.387328 50022.961275 0.561275 0.827629 0.000468 0.481274 -0.325927 -0.813724 0.673309 -0.456948 0.581251
-1838.640734 -6280.740468 172950.037311 -159605.624799 0.185806 0.937017 -0.295762 0.767472 0.049560 0.639164 -0.613565 0.345750 0.709926
-260.432096 -1776.556735 19675.317876 -389590.153586 0.673128 0.739349 0.016184 0.658333 -0.589111 -0.468558 0.336893 -0.326054 0.883285
1.736542 -48.209836 -11.995750 -1416.919026 0.467591 0.872838 -0.139685 -0.197214 -0.051029 -0.979031 0.861664 -0.485334 -0.148275
1.555441 -45.434303 -24.769963 -1553.547266 0.463475 0.878512 -0.115787 -0.039853 -0.109871 -0.993147 0.885213 -0.464913 0.015911
2.148568 -51.254175 -49.597309 -2043.429615 0.460482 0.879622 -0.119250 -0.220204 -0.016945 -0.975307 0.859922 -0.475371 -0.185894
6.425039 -6.183357 194.129943 54.715027 0.100086 -0.117503 -0.988016 0.994723 0.034329 0.096682 0.022558 -0.992479 0.120319
6.027460 -6.557089 165.293825 56.718686 0.142942 -0.140654 -0.979686 0.989083 -0.015507 0.146540 -0.035803 -0.989937 0.136902
6.148454 -6.765398 -64.432302 83.595015 0.143795 -0.199405 -0.969309 0.989430 0.010399 0.144641 -0.018763 -0.979862 0.198793
-1.768164 -12.134543 -214.142007 -206.270652 0.564270 0.492451 -0.662639 -0.463760 0.853094 0.239077 0.683027 0.172401 0.709754
-2.872353 -10.230484 -106.175327 -192.479179 0.529236 0.485891 -0.695571 -0.399394 0.865950 0.301024 0.748594 0.118494 0.652354
-2.969941 -12.260839 -212.402621 -233.116883 0.507238 0.543955 -0.668448 -0.513031 0.813817 0.272948 0.692466 0.204485 0.691865
-3.080408 -27.549677 -66.298575 -9.825914 0.584493 -0.314695 -0.747887 0.078262 0.939293 -0.334071 0.807615 0.136731 0.573639
-3.865366 -27.211590 -48.815311 -86.117579 0.537800 -0.334861 -0.773718 0.084150 0.934474 -0.345945 0.838862 0.120941 0.530738
-3.171647 -27.890849 -73.379335 -46.060594 0.583059 -0.296671 -0.756326 -0.096356 0.899120 -0.426964 0.806696 0.321821 0.495654
-53.422701 -622.327064 6437.893169 -42197.543402 0.377225 0.925846 -0.022580 0.793880 -0.310709 0.522700 -0.476924 0.215101 0.852218
-56.805384 -427.852753 -10160.602787 -13134.116530 -0.461920 -0.885413 0.051710 0.886124 -0.458247 0.069240 -0.037610 0.077804 0.996259
-11.976670 -1411.549316 2199.950113 163609.415312 0.718901 0.650119 0.246023 -0.512431 0.734809 -0.444375 -0.469677 0.193392 0.861396
-0.637007 -96.281489 1241.431272 -8471.847216 0.610424 0.735987 0.292754 0.606944 -0.672106 0.424137 -0.508921 0.081219 0.856973
62.334158 -157.797036 -14508.568808 -24288.149782 0.281815 0.818044 0.501383 0.434646 -0.574715 0.693387 -0.855373 -0.022517 0.517522
6.606625 -15.764430 -352.798416 346.810246 0.609372 0.181038 -0.771940 0.048008 0.963373 0.263832 0.791430 -0.197831 0.578361
5.866860 -17.594191 -619.886132 -407.913581 0.619583 -0.159937 -0.768464 0.155888 0.984592 -0.079232 0.769296 -0.070703 0.634969
4.709994 -9.677366 116.198726 352.153721 0.539899 0.169841 -0.824417 0.017798 0.976909 0.212912 0.841542 -0.129624 0.524409
2.889172 -25.245400 -481.021173 -489.305816 0.662100 -0.049669 -0.747768 0.156924 0.984870 0.073528 0.732802 -0.166025 0.659877
5.829163 -22.158190 -340.563603 25.266670 0.636690 0.222884 -0.738206 0.137561 0.909133 0.393135 0.758751 -0.351853 0.548176
-18.273412 -23.429167 751.723138 691.766360 0.795927 -0.021533 -0.605010 -0.522483 0.480370 -0.704455 -0.305798 -0.876802 -0.371089
-11.698445 -21.151440 -34.018077 -338.023064 0.558943 0.177642 -0.809954 0.775645 -0.457372 0.434954 -0.293184 -0.871352 -0.393433
-10.193571 -19.094427 -306.059484 -369.906772 0.430719 0.312814 -0.846539 0.849471 -0.457282 0.263235 -0.304764 -0.832491 -0.462686
2.608292 -10.379544 2755.036216 90.734658 -0.380013 -0.594143 0.708932 -0.328363 0.803162 0.497101 -0.864736 -0.043882 -0.500307
11.512344 -13.094001 5196.370166 334.281971 -0.420614 -0.407739 0.810452 -0.269459 0.909151 0.317549 -0.866300 -0.084818 -0.492270
0.008500 -13.093414 2585.709526 501.568286 -0.534818 -0.162387 0.829217 -0.169581 0.982020 0.082937 -0.827776 -0.096263 -0.552739
6.773916 -19.722008 1814.308272 3117.305799 -0.028382 0.333874 0.942190 0.326522 0.893961 -0.306947 -0.944763 0.298934 -0.134389
25.750771 -6.491995 -2945.765854 -418.734218 -0.179409 0.712535 0.678311 -0.292000 -0.696995 0.654930 -0.939440 0.080567 -0.333107
-30.369576 -216.778048 -1957.002653 56573.894208 -0.540599 -0.015041 0.841146 0.711389 0.525555 0.466602 -0.449087 0.850626 -0.273415
-10.862635 -27.292830 -1205.844065 4141.573533 -0.525214 -0.428583 0.735165 0.187563 0.784365 0.591263 -0.830043 0.448429 -0.331573
1.164064 -11.628165 -698.984916 118.665097 0.140322 0.015095 -0.989991 0.882668 -0.454898 0.118174 -0.448561 -0.890416 -0.077156
7.361205 -12.728289 -450.554026 112.768064 0.266920 -0.009786 -0.963669 0.745704 -0.631328 0.212958 -0.610475 -0.775454 -0.161217
-2.860810 -10.487511 -190.477430 124.076145 0.741797 0.043480 -0.669213 0.445769 0.713563 0.540479 -0.501026 0.699241 -0.509937
-3.712952 -12.554734 -173.190131 173.333078 0.784240 0.101034 -0.612176 0.308309 0.792764 0.525805 -0.538435 0.601097 -0.590568
-3.276188 -14.079929 78.545897 218.732470 -0.783617 -0.097960 0.613473 0.247366 0.856632 0.452760 -0.569873 0.506542 -0.647040
-0.789217 -19.115693 8.585767 237.036607 0.565893 -0.232617 -0.790983 0.725060 -0.316307 0.611750 -0.392497 -0.919695 -0.010334
-0.794157 -19.619121 7.187006 236.989297 0.541434 -0.232788 -0.807873 0.752849 -0.293504 0.589130 -0.374256 -0.927181 0.016341
-1.286091 -22.577210 -4.715471 128.033926 0.488127 -0.226046 -0.842992 0.688221 -0.494302 0.531054 -0.536735 -0.839386 -0.085713
3.828957 -23.933503 -39.575738 -678.043907 -0.564254 0.165693 0.808803 0.818989 0.236068 0.522999 -0.104275 0.957506 -0.268903
3.130127 -23.455965 -78.503427 594.033300 -0.544723 0.183277 0.818343 0.824477 0.295473 0.482631 -0.153343 0.937606 -0.312059
-1.229868 -40.587006 0.541674 999.565013 -0.468513 0.165947 0.867731 -0.260633 0.912522 -0.315236 -0.844136 -0.373852 -0.384277
-0.192524 -41.035487 -49.440434 183.740906 -0.498354 0.178983 0.848298 -0.516586 0.724493 -0.456343 -0.696263 -0.665639 -0.268594
0.647755 -41.183853 -117.246574 252.675208 -0.530473 0.202905 0.823060 -0.484022 0.724599 -0.490590 -0.695932 -0.658624 -0.286169
-2.150443 -27.119197 -91.362090 -322.302342 -0.447788 0.318158 0.835620 0.718511 -0.428207 0.548070 0.532191 0.845822 -0.036854
-0.949727 -27.253775 -120.633642 -148.536886 -0.459153 0.352684 0.815348 0.768706 -0.302305 0.563651 0.445275 0.885565 -0.132306
-2.187320 -27.565329 -78.641647 -219.518896 -0.424764 0.290358 0.857477 0.636745 -0.577470 0.510964 0.643530 0.763034 0.060404
-0.914890 -29.146011 -105.196473 -522.698942 -0.430803 0.332721 0.838872 0.705697 -0.455188 0.542951 0.562496 0.825894 -0.038704
2.888927 -13.479078 224.686973 -147.035114 0.640463 -0.281196 -0.714658 0.766957 0.185964 0.614162 -0.039799 -0.941460 0.334768
0.461302 -28.691903 92.323006 593.960431 -0.500312 0.194454 0.843727 0.663443 0.712239 0.229257 -0.556356 0.674465 -0.485351
-0.190925 -26.020326 32.711320 245.029011 -0.537265 0.169345 0.826237 0.706241 0.625849 0.330964 -0.461052 0.761338 -0.455845
-1.031740 -23.812303 160.753128 292.682008 -0.523253 0.166698 0.835714 0.710978 0.626045 0.320278 -0.469805 0.761761 -0.446099
-0.210300 -35.118054 -177.226596 -635.696826 0.819484 -0.079711 -0.567531 -0.515977 0.328370 -0.791164 -0.249425 -0.941180 -0.227965
0.078926 -37.518688 -168.525391 -340.734537 0.798792 -0.063540 -0.598242 -0.491466 0.504601 -0.709816 -0.346975 -0.861012 -0.371843
-1.052057 -35.529854 -109.624247 -384.371568 0.790127 -0.042541 -0.611466 -0.500115 0.532023 -0.683255 -0.354380 -0.845661 -0.399090
-5.051255 -40.221458 207.011295 295.777403 0.589091 -0.292233 -0.753374 0.785102 -0.013704 0.619215 -0.191279 -0.956249 0.221360
-3.559751 -40.487718 210.995091 457.775342 0.620868 -0.256321 -0.740826 0.767282 0.005055 0.641290 -0.160631 -0.966579 0.199809
-3.084462 -36.240587 195.195997 895.404759 0.615206 -0.258048 -0.744938 0.788364 0.199333 0.582021 -0.001699 -0.945345 0.326066
-1.201215 -4.274309 95.495482 157.871429 0.906556 -0.405011 -0.118842 0.252900 0.746625 -0.615299 -0.337933 -0.527747 -0.779284
0.970787 -10.648152 -1033.233795 39.227915 -0.348832 0.679885 -0.645037 0.878588 -0.002315 -0.477575 -0.326189 -0.733315 -0.596531
-9.905529 -17.172683 756.431430 -479.002921 0.832406 -0.511605 0.212978 0.517996 0.581750 -0.627094 -0.196925 -0.632319 -0.749262
0.152528 -69.651657 -20.874922 -3013.630497 0.915001 0.070347 -0.397271 -0.027305 0.993221 0.112985 0.402526 -0.092534 0.910720
-1.193408 -74.695577 161.943283 -2236.419086 0.900130 0.078877 -0.428421 -0.121406 0.989928 -0.072820 0.418362 0.117560 0.900640
-0.330170 -73.592182 1.512199 -2671.988297 0.908848 0.074716 -0.410382 -0.131433 0.985007 -0.111742 0.395880 0.155494 0.905042
27.070230 -710.153000 -6533.981381 -120534.549427 -0.601224 0.182150 0.778043 0.794709 0.238002 0.558384 -0.083467 0.954032 -0.287849
14.354462 -1034.585004 7178.534392 -182284.216424 0.788789 -0.147434 -0.596720 0.601039 -0.018261 0.799011 0.128698 0.988903 -0.074210
-9.022728 -11.605779 -125.358635 -1084.697803 -0.579049 0.123727 0.805850 0.680475 0.617762 0.394111 -0.449061 0.776570 -0.441908
24.296591 -531.759650 3862.359952 -1467.747325 0.822667 0.453824 -0.342436 -0.178341 -0.365924 -0.913397 0.539827 -0.812492 0.220098
-20.924695 -1283.119349 -2339.181994 165295.533414 0.868157 0.425900 -0.254780 -0.146554 -0.270470 -0.951508 0.474158 -0.863397 0.172393
-3.270515 -8.325530 -43.816485 347.319771 0.379563 0.125124 -0.916665 0.813265 -0.517479 0.266113 -0.441058 -0.846498 -0.298175
-3.417313 -5.972103 -26.500815 288.890250 0.332325 0.174486 -0.926884 0.870363 -0.435337 0.230108 -0.363357 -0.883197 -0.296540
-3.380636 -6.337774 -7.232988 277.910998 0.346554 0.139396 -0.927615 0.852272 -0.459872 0.249300 -0.391833 -0.876976 -0.278174
11.633176 -3.822749 524.044138 103.727522 0.691232 -0.555467 0.462227 -0.320583 0.337539 0.885039 0.647630 0.759950 -0.055244
11.091949 -4.280654 512.549548 -21.231254 0.695125 -0.556266 0.455379 -0.291372 0.361079 0.885847 0.657194 0.748459 -0.088915
9.281696 -13.243675 -386.437927 29.610063 -0.518747 0.299529 0.800740 0.854570 0.154580 0.495797 0.024727 0.941482 -0.336156
-2.009113 -17.020302 72.483798 105.844461 -0.608206 0.088377 0.788844 0.241705 0.967210 0.077997 -0.756085 0.238106 -0.609624
-1.439178 -13.894195 -4.351473 107.862228 -0.587232 0.130102 0.798894 0.423842 0.890289 0.166562 -0.689577 0.436416 -0.577949
3.316949 -14.506864 -309.017940 221.058244 0.649634 0.156270 -0.744013 0.179264 0.919564 0.349666 0.738810 -0.360530 0.569367
-29.950206 -1242.831716 2605.934782 215071.456054 -0.798456 -0.582460 -0.152346 -0.337081 0.642159 -0.688483 0.498843 -0.498370 -0.709072
-28.054163 -1418.910156 13342.943916 -344050.887637 0.801794 0.567875 0.186132 0.031165 0.271307 -0.961988 0.596788 -0.777117 -0.199835
-40.523606 -1670.853462 43613.451519 454561.801909 0.749933 0.624337 0.218641 -0.014298 0.345736 -0.938223 0.661359 -0.700479 -0.268206
5.096703 -47.127237 87.148697 2131.656554 0.532693 0.118478 -0.837974 0.749826 0.393054 0.532231 0.392427 -0.911851 0.120539
6.143873 -51.340841 -62.850603 2858.524061 0.525935 0.048905 -0.849117 0.824693 0.214854 0.523182 0.208022 -0.975421 0.072668
6.727001 -61.181284 -115.136163 2555.161776 0.510457 0.047165 -0.858609 0.859594 -0.054753 0.508035 -0.023050 -0.997385 -0.068492
-5.806456 -135.280329 1037.113504 -13731.507435 0.428426 -0.286745 -0.856872 -0.261035 0.868600 -0.421184 0.865050 0.404119 0.297280
2.277339 -123.934912 297.408764 -13349.499941 0.404692 -0.203267 -0.891576 0.065706 0.978926 -0.193357 0.912090 0.019668 0.409519
