12858
25702
-6.187781 -8.696305 24.045347 -149.319944 0.063076 0.992659 0.103193 0.994005 -0.071738 0.082504 0.089301 0.097371 -0.991234
-7.379403 -9.803331 72.464899 94.224888 -0.219118 0.969073 0.113509 -0.948501 -0.184288 -0.257650 0.228763 0.164120 -0.959548
-7.280574 -11.568534 -46.477898 327.503342 0.461596 0.867427 0.185738 -0.864244 0.486952 -0.126328 0.200026 0.102210 -0.974445
-5.395392 -8.420374 17.172274 -89.113984 -0.498953 0.864202 0.064816 0.860429 0.485066 0.156117 0.103477 0.133665 -0.985610
-4.392513 -11.499640 -124.347625 295.544838 0.368636 0.928421 0.046273 -0.921339 0.371529 -0.114457 0.123456 0.000440 -0.992350
-3.667800 -8.682210 -91.476143 -194.437729 0.214505 0.976510 0.020390 0.976664 -0.214216 -0.015441 -0.010711 0.023227 -0.999673
-4.831782 -7.121746 27.676842 -59.317345 -0.402558 0.913084 0.064997 0.915369 0.401002 0.036017 0.006823 0.073995 -0.997235
-5.615177 -9.749855 -21.451128 15.592655 0.770202 -0.526000 -0.360711 0.597293 0.396516 0.697149 0.223673 0.752396 -0.619574
-5.739480 -9.984275 -36.367387 -18.195562 0.771398 -0.495632 -0.399117 0.572892 0.267865 0.774624 0.277019 0.826194 -0.490574
-6.259394 -10.169475 -35.648543 -17.847394 0.722258 -0.598235 -0.347071 0.620586 0.339040 0.707054 0.305314 0.726063 -0.616130
-3.902889 -11.148396 -56.668221 72.017646 -0.207102 0.978311 -0.003969 0.519827 0.113479 0.846701 -0.828787 -0.173290 0.532055
-1.879891 -12.031091 -107.646445 76.038478 -0.254861 0.966578 0.027807 0.566696 0.125998 0.814236 -0.783519 -0.223275 0.579867
-3.468916 -10.141011 -55.338755 19.066989 -0.122636 0.986118 0.111947 0.688970 0.003402 0.724781 -0.714339 -0.166013 0.679823
12.426009 -3.948654 -49.463546 6.317541 -0.260263 0.809074 0.526937 0.926410 0.363036 -0.099846 -0.272079 0.462174 -0.844019
10.983190 -3.793781 73.791342 68.193146 -0.171133 0.795248 0.581630 0.963079 0.259550 -0.071509 -0.207829 0.547918 -0.810304
9.717006 -4.799094 173.889766 0.006670 -0.090239 0.702023 0.706414 0.950164 0.273214 -0.150140 -0.298404 0.657661 -0.691692
13.025171 -3.086547 -16.540538 81.173118 -0.295960 0.868316 0.398039 0.945477 0.325606 -0.007300 -0.135943 0.374177 -0.917339
11.139508 -4.256035 126.558605 -68.676179 -0.182188 0.708499 0.681789 0.899278 0.400469 -0.175852 -0.397626 0.581080 -0.710098
13.168899 -2.992759 -120.695930 -72.251694 -0.355033 0.872820 0.334868 0.900296 0.415714 -0.129032 -0.251831 0.255670 -0.933388
13.381095 -3.015413 -94.106120 137.893100 -0.322157 0.813263 0.484580 -0.866327 -0.459643 0.195464 -0.381698 0.356835 -0.852629
-0.585409 -11.369634 7.344747 21.798025 -0.040705 -0.364879 -0.930165 0.913888 -0.389933 0.112968 -0.403921 -0.845467 0.349331
-0.634708 -10.431154 -6.198628 -22.226062 -0.018137 -0.393026 -0.919349 0.891516 -0.422615 0.163082 -0.452625 -0.816656 0.358054
-0.745558 -11.094948 -19.153725 1.751213 0.041543 -0.430037 -0.901855 0.831613 -0.485428 0.269776 -0.553799 -0.761202 0.337458
-0.724427 -10.688263 -0.233275 -18.598019 -0.080707 -0.357014 -0.930606 0.951138 -0.306755 0.035195 -0.298033 -0.882294 0.364326
-0.671073 -12.208836 5.820378 40.933489 0.030975 -0.400545 -0.915753 0.856100 -0.462241 0.231139 -0.515881 -0.791137 0.328588
-0.693296 -13.429958 8.343061 111.844710 -0.051992 -0.342572 -0.938052 0.931345 -0.355631 0.078254 -0.360408 -0.869581 0.337543
-0.570969 -11.602472 21.988517 50.732724 -0.089526 -0.322468 -0.942337 0.964527 -0.263982 -0.001299 -0.248341 -0.909026 0.334662
-2.442498 -14.096769 22.402977 -164.351815 -0.288313 0.383890 0.877214 0.947457 -0.018198 0.319364 0.138564 0.923199 -0.358473
-1.403871 -18.568407 -9.940027 -295.590450 -0.135447 0.333057 0.933128 0.923428 -0.298888 0.240719 0.359074 0.894281 -0.267070
-1.852510 -19.996043 47.470447 -346.852188 -0.233328 0.364391 0.901542 0.920196 -0.216945 0.325842 0.314319 0.905624 -0.284691
0.677579 -10.683290 4.359106 127.158725 0.465792 0.585251 0.663716 0.863455 -0.464706 -0.196199 0.193607 0.664477 -0.721794
1.060760 -10.474141 -36.925619 74.027514 0.505944 0.605726 0.614098 0.852048 -0.461802 -0.246481 0.134291 0.647947 -0.749754
1.362467 -9.656831 -34.423308 71.704994 0.479397 0.614130 0.626915 0.830413 -0.548520 -0.097677 0.283889 0.567424 -0.772940
1.622261 -9.013993 30.381262 70.756735 0.408869 0.603393 0.684648 0.860212 -0.505334 -0.068355 0.304731 0.616891 -0.725662
0.702596 -10.217770 41.203930 138.965154 0.402651 0.592743 0.697516 0.888994 -0.434785 -0.143708 0.218087 0.677951 -0.702011
-2.035050 -4.358771 -76.685708 -37.490629 -0.451043 -0.799909 -0.395862 0.850056 -0.520180 0.082566 -0.271964 -0.299264 0.914591
-2.190802 -3.996777 72.753376 -31.742871 0.408801 0.827647 0.384556 0.852229 -0.496942 0.163566 -0.326476 -0.260864 0.908495
-3.389097 -4.596783 57.245687 5.778253 0.033295 0.941064 0.336586 0.946897 -0.137464 0.290670 -0.319807 -0.309034 0.895668
-2.849958 -4.817179 -78.446985 -12.868711 -0.368193 -0.828533 -0.421861 0.902603 -0.427372 0.051582 -0.223029 -0.361781 0.905192
-3.960570 -5.319752 -22.711765 27.357848 0.168726 -0.914984 -0.366519 0.941834 0.040010 0.333689 -0.290655 -0.401502 0.868513
6.144181 -3.178806 -80.517485 53.893109 -0.610634 -0.547165 -0.572483 0.051841 0.693741 -0.718356 0.790215 -0.468330 -0.395256
5.210273 -2.784988 -78.439734 -12.973864 -0.570355 -0.603194 -0.557541 0.005464 0.675969 -0.736910 0.821380 -0.423347 -0.382246
5.643806 -2.765242 18.949768 -37.594120 -0.722587 -0.474448 -0.502759 0.047334 0.691622 -0.720707 0.689657 -0.544571 -0.477300
5.115329 -3.566266 5.663869 -81.939359 -0.731749 -0.415253 -0.540471 0.056432 0.753339 -0.655207 0.679234 -0.509947 -0.527822
5.885224 -3.353301 34.360739 -29.541087 -0.799614 -0.341783 -0.493762 0.074147 0.759749 -0.645975 0.595919 -0.553142 -0.582164
5.985221 -3.522889 -70.225742 27.799816 0.825373 0.383390 0.414453 0.040610 0.691865 -0.720884 0.563126 -0.611829 -0.555477
6.307195 -3.352747 55.784918 52.120688 -0.754578 -0.447066 -0.480359 0.053198 0.687933 -0.723822 0.654051 -0.571734 -0.495316
-0.996054 -6.871866 -4.181749 18.743742 -0.511259 0.837210 0.194149 -0.306926 -0.388873 0.868662 -0.802752 -0.384522 -0.455776
0.613913 -7.045923 -7.871897 19.599278 -0.508872 0.837013 0.201145 -0.414016 -0.442826 0.795296 -0.754745 -0.321426 -0.571878
0.363131 -6.762082 -108.654771 14.123257 -0.576599 0.770573 0.271571 -0.307124 -0.512433 0.801927 -0.757106 -0.378984 -0.532130
0.676410 -6.614324 59.447558 -16.511761 -0.104621 0.925241 -0.364668 -0.491654 0.270620 0.827672 -0.864483 -0.265883 -0.426586
0.519743 -6.864930 73.297226 -17.399839 -0.108228 0.936862 -0.332529 -0.352034 0.276702 0.894152 -0.929709 -0.213834 -0.299861
1.403966 -6.429427 16.345627 -17.626074 -0.146031 0.918332 -0.367889 -0.426093 0.277227 0.861156 -0.892815 -0.282510 -0.350811
1.735690 -6.530135 4.845067 -18.832105 -0.160411 0.918694 -0.360928 -0.341833 0.291329 0.893464 -0.925969 -0.266698 -0.267307
1.568115 -6.234766 5.826761 -15.224814 -0.164145 0.914523 -0.369735 -0.418309 0.274916 0.865702 -0.893350 -0.296764 -0.337427
1.339700 -6.225924 13.076093 -6.098638 -0.127758 0.907431 -0.400309 -0.541791 0.274221 0.794522 -0.830747 -0.318391 -0.456604
1.568606 -6.064343 -3.927829 -10.457960 -0.154884 0.909313 -0.386213 -0.499883 0.265061 0.824536 -0.852131 -0.320769 -0.413497
0.520830 -34.405944 -40.968852 -266.859488 -0.419207 -0.417553 0.806173 0.907803 -0.205133 0.365807 0.012629 0.885195 0.465049
0.189713 -31.806011 -41.063747 -272.286803 -0.436669 -0.413689 0.798863 0.841568 0.125986 0.525253 -0.317938 0.901659 0.293133
-0.037622 -30.514389 -36.459107 -251.789381 -0.421335 -0.414949 0.806408 0.886095 0.001035 0.463502 -0.193165 0.909844 0.367249
-2.099127 -14.384752 -104.132733 -7.022213 0.774968 0.206246 0.597400 -0.629587 0.334462 0.701252 0.055177 0.919564 -0.389048
-2.517396 -13.450906 -149.093853 -83.599542 0.817370 0.195567 0.541903 -0.547319 0.557248 0.624433 0.179856 0.806987 -0.562515
-0.625332 -14.519955 -129.728407 -46.355764 0.835195 0.191843 0.515408 -0.543988 0.425853 0.722998 0.080786 0.884220 -0.460031
-0.184932 -14.639300 -64.188921 42.117459 0.799194 0.177876 0.574150 -0.597055 0.124661 0.792455 -0.069385 0.976125 -0.205831
-0.847944 -14.382068 -33.047254 82.995722 0.747079 0.181554 0.639462 -0.659873 0.086411 0.746392 -0.080254 0.979577 -0.184358
11.135956 -34.560380 -44.427382 -1624.657233 -0.129841 0.687879 -0.714118 0.941404 0.311630 0.129013 0.311286 -0.655523 -0.688034
5.859157 -26.009328 474.035692 -1301.805337 -0.322205 0.754307 -0.572019 0.912127 0.409102 0.025693 0.253395 -0.513475 -0.819838
12.455492 -87.748369 252.863618 -5287.806143 -0.065617 0.764573 -0.641188 0.989995 0.130322 0.054088 0.124915 -0.631224 -0.765475
1.457059 -2.781662 1.324248 -127.134271 -0.326438 0.686435 -0.649804 0.933090 0.343800 -0.105570 0.150935 -0.640787 -0.752735
0.712998 -3.170491 -215.017942 -264.169272 0.134363 0.681525 -0.719354 0.977257 0.029050 0.210057 0.164056 -0.731218 -0.662122
-1.038811 -45.849915 -607.984750 -2349.566592 0.100904 0.678305 -0.727819 0.985423 0.032575 0.166977 0.136970 -0.734058 -0.665130
5.490323 -9.288517 111.099444 -100.534764 -0.260798 0.933457 -0.246258 -0.494123 0.090070 0.864714 -0.829353 -0.347198 -0.437753
6.999455 -8.170054 116.041424 -144.007197 -0.327253 0.919296 -0.218634 -0.588411 -0.017209 0.808379 -0.739377 -0.393191 -0.546556
5.208169 -7.110342 149.756972 -127.847873 -0.254798 0.960343 -0.113227 -0.572607 -0.055485 0.817951 -0.779230 -0.273246 -0.564036
3.436121 -8.469120 128.284934 -74.432659 -0.198041 0.967046 -0.160007 -0.448795 0.055665 0.891899 -0.871414 -0.248443 -0.422982
1.136994 -6.620600 9.650525 20.180179 -0.044655 0.446062 0.893887 -0.711330 0.614063 -0.341960 -0.701438 -0.651119 0.289876
1.653661 -6.689401 25.738338 -12.540902 0.026020 -0.381777 -0.923888 0.806358 -0.538238 0.245125 -0.590855 -0.751363 0.293844
0.680942 -5.990920 -20.757138 52.141172 -0.046181 0.373605 0.926438 -0.725935 0.624539 -0.288045 -0.686211 -0.685835 0.242371
1.008692 -5.588736 18.756173 53.734802 -0.079577 0.456665 0.886073 -0.628899 0.666659 -0.400064 -0.773404 -0.589086 0.234145
-0.049520 -6.098383 41.116203 -34.022089 0.052562 -0.353143 -0.934091 0.790780 -0.556505 0.254891 -0.609839 -0.752059 0.250008
0.236396 -4.955768 -53.595247 61.437173 -0.120424 0.383181 0.915789 -0.685987 0.634701 -0.355775 -0.717579 -0.671064 0.186425
0.882241 -4.967183 -45.228009 68.560771 -0.124772 0.413567 0.901884 -0.637381 0.663209 -0.392300 -0.760379 -0.623792 0.180850
-0.168461 -6.186770 21.210952 10.620253 0.135522 -0.504016 -0.852996 0.800067 -0.452149 0.394277 -0.584403 -0.735886 0.341970
-0.597811 -6.569657 41.803552 -2.817403 0.136763 -0.489909 -0.860979 0.807023 -0.448928 0.383638 -0.574465 -0.747297 0.333970
-0.580408 -6.448746 21.627341 39.193146 0.110702 -0.487892 -0.865856 0.743222 -0.537760 0.398039 -0.659823 -0.687587 0.303081
-27.302144 -92.165833 1279.417607 -3957.164982 -0.694915 0.638674 0.330438 0.363353 0.708410 -0.605086 -0.620538 -0.300418 -0.724349
-32.969602 -261.494607 2587.202439 2317.905002 -0.644949 0.676356 0.355786 0.355714 0.677726 -0.643549 -0.676394 -0.288498 -0.677688
139.789064 -433.143340 13121.331503 -39817.185392 -0.411457 0.594946 0.690465 0.493754 -0.491268 0.717540 -0.766101 -0.636156 0.091622
-133.679072 -660.582164 -5641.993136 6377.474070 0.676340 0.245472 -0.694483 -0.665314 -0.201029 -0.718989 0.316103 -0.948331 -0.027352
14.080209 -53.093848 -1808.789871 -2913.185813 0.619786 0.587239 -0.520592 0.738573 -0.660725 0.133988 -0.265285 -0.467539 -0.843227
-40.102481 -247.997401 1114.154824 10585.550897 -0.479552 0.876607 -0.039877 -0.831227 -0.439224 0.340799 -0.281232 -0.196578 -0.939290
-0.761124 -11.627806 202.962769 22.458306 0.243185 0.182686 0.952621 -0.307878 0.945857 -0.102794 -0.919822 -0.268293 0.286263
-0.962815 -11.458556 62.034353 -122.036236 0.233583 0.032410 0.971797 -0.535709 0.838364 0.100804 -0.811453 -0.544146 0.213190
-0.803858 -8.446951 67.586823 -65.170155 0.156833 0.226368 0.961333 -0.395504 0.906316 -0.148890 -0.904975 -0.356861 0.231670
-1.160411 -11.375707 -6.847466 -48.251442 -0.297089 0.757304 0.581575 0.932599 0.360856 0.006512 -0.204933 0.544311 -0.813467
-1.072508 -10.815378 -13.379114 8.592968 -0.306753 0.754640 0.580018 0.885473 0.449756 -0.116862 -0.349056 0.477743 -0.806177
-0.971932 -10.877936 -3.206049 -31.475752 -0.307630 0.743468 0.593818 0.916080 0.400127 -0.026385 -0.257219 0.535868 -0.804167
4.007788 -1.496233 176.632637 29.016136 0.883855 0.275368 0.378117 -0.164187 0.939559 -0.300453 -0.437999 0.203475 0.875646
4.473735 -1.441094 -106.928189 28.179679 0.740918 0.358599 0.567845 -0.188732 0.922618 -0.336387 -0.644532 0.142065 0.751263
5.165116 -1.098668 191.867612 15.628839 0.882442 0.270540 0.384844 -0.151949 0.938154 -0.311093 -0.445206 0.216045 0.868974
-2.245679 -6.936004 140.495875 -167.463598 -0.038691 -0.963582 -0.264601 0.997913 -0.023561 -0.060118 0.051695 -0.266375 0.962482
-5.533794 -31.663836 154.561975 -1532.075465 0.094444 -0.941609 -0.323191 0.976290 0.024085 0.215124 -0.194778 -0.335845 0.921558
-4.571035 -13.160244 8.723616 -718.396318 0.087841 -0.976948 -0.194565 0.995467 0.078941 0.053052 -0.036470 -0.198343 0.979454
-1.829538 -4.984928 68.895298 103.439578 0.831886 -0.515113 -0.206457 -0.543791 -0.830871 -0.118086 0.110712 -0.210504 0.971304
-2.828548 -3.205272 27.170726 101.956298 0.470313 -0.845878 -0.251585 0.879824 0.471613 0.059088 0.068669 -0.249141 0.966030
-0.841401 -2.039660 -3.798609 -58.986400 0.235117 0.942938 -0.235769 0.878408 -0.102301 0.466834 -0.416076 0.316862 0.852338
-0.596472 -1.525887 -95.311424 14.386261 0.760979 -0.330435 0.558322 0.446948 0.890797 -0.081972 -0.470265 0.311920 0.825565
-0.432570 -1.618749 -5.986418 -31.852334 -0.388089 0.780819 -0.489600 0.792626 0.553834 0.254973 -0.470246 0.289118 0.833835
-0.581151 -1.767978 -47.793346 -35.806009 0.891559 0.243787 0.381695 -0.071680 0.908101 -0.412570 -0.447197 0.340471 0.827100
-0.350238 -2.871202 -1.586278 -30.995281 0.079221 0.948550 -0.306556 0.917791 0.050626 0.393824 -0.389081 0.312553 0.866560
-1.681080 -12.292123 16.917444 -19.712814 0.922440 0.375811 -0.088716 -0.067119 0.382302 0.921597 -0.380263 0.844163 -0.377875
-1.823333 -12.814082 18.123715 -37.520831 0.907760 0.406015 -0.105470 -0.029268 0.312113 0.949594 -0.418468 0.858917 -0.295207
-1.735493 -13.194339 -12.052812 -79.649494 0.917508 0.384820 -0.100458 -0.008541 0.271592 0.962375 -0.397625 0.882129 -0.252474
-1.897207 -11.462881 32.429362 10.925824 0.981775 0.134184 -0.134579 0.134891 0.006807 0.990837 -0.133871 0.990933 0.011417
-2.551245 -11.816422 24.913682 8.676743 0.979582 0.180929 -0.087653 0.099612 -0.058084 0.993330 -0.174631 0.981779 0.074921
-2.382544 -11.408489 22.023099 -27.485018 0.981763 0.148152 -0.119134 0.142166 -0.156083 0.977459 -0.126217 0.976570 0.174299
-1.674527 -11.326576 39.105003 -24.162668 0.979949 0.104369 -0.169728 0.174651 -0.039930 0.983820 -0.095903 0.993737 0.057357
-1.178634 -10.822723 35.834189 13.098956 0.974767 0.090061 -0.204252 0.190899 0.137948 0.971868 -0.115704 0.986336 -0.117275
-1.382185 -10.960676 26.558225 -11.757988 0.976001 0.129365 -0.175175 0.145076 0.213644 0.966079 -0.162402 0.968308 -0.189749
0.705146 -14.464355 -49.960612 61.961218 0.944677 0.193857 -0.264584 0.226740 0.196920 0.953840 -0.237011 0.961063 -0.142071
1.201384 -13.493212 -39.733502 41.711214 0.931156 0.173815 -0.320526 0.315252 0.057917 0.947239 -0.183208 0.983074 0.000866
-0.063475 -14.902279 -53.610432 80.800581 0.939823 0.183064 -0.288479 0.283661 0.052563 0.957483 -0.190444 0.981695 0.002528
-1.727378 -12.938102 20.214674 -99.077067 0.981030 -0.171786 -0.089827 -0.137901 -0.292754 -0.946191 -0.136246 -0.940630 0.310890
-1.658278 -14.081274 17.889375 -112.692386 0.986184 -0.157196 -0.052256 -0.068709 -0.101121 -0.992499 -0.150732 -0.982377 0.110525
-1.009488 -12.884682 50.349946 -102.770705 0.989774 -0.112039 -0.088284 -0.115563 -0.267023 -0.956736 -0.083617 -0.957155 0.277240
-2.236539 -14.689552 -3.023012 -103.520279 0.975973 -0.203799 -0.077083 -0.083809 -0.024572 -0.996179 -0.201126 -0.978704 0.041062
-1.191672 -12.227982 43.237046 -49.238144 0.982226 -0.138961 -0.126182 -0.175235 -0.437960 -0.881750 -0.067267 -0.888190 0.454527
-2.306925 -12.732117 16.026547 -54.835875 0.973964 -0.203329 -0.100256 -0.149178 -0.241830 -0.958783 -0.170703 -0.948776 0.265866
-2.114854 -12.254683 13.146298 -39.030595 0.969408 -0.215137 -0.118170 -0.203987 -0.438351 -0.875350 -0.136520 -0.872676 0.468826
-1.725879 -12.033543 23.162035 -57.461231 0.974928 -0.180610 -0.129981 -0.200949 -0.463712 -0.862897 -0.095574 -0.867382 0.488379
2.143905 -8.303082 -49.312287 66.319841 0.872430 -0.485834 -0.053203 0.484059 0.843916 0.231284 0.067467 0.227532 -0.971431
2.417000 -8.913035 -25.372333 -64.120041 0.896880 -0.441195 0.030889 0.411150 0.857463 0.309377 0.162982 0.264774 -0.950438
1.985163 -8.179408 -35.320037 -9.057297 0.888842 -0.457866 -0.017875 0.436371 0.833925 0.337861 0.139789 0.308105 -0.941026
1.547063 -7.841602 -36.875316 91.543914 0.863110 -0.500177 -0.069745 0.495801 0.812978 0.305366 0.096036 0.298144 -0.949677
-1.043231 -18.580322 53.758101 559.891799 0.992065 0.062818 -0.108912 -0.121153 0.246034 -0.961660 0.033613 -0.967224 -0.251692
-0.420426 -17.389101 29.153964 465.751817 0.989353 0.059681 -0.132738 -0.142488 0.211489 -0.966938 0.029636 -0.975556 -0.217741
-0.827440 -22.329817 57.063380 459.208628 0.990293 0.088002 -0.107590 -0.102971 -0.055456 -0.993137 0.093364 -0.994575 0.045857
2.312224 -4.931754 -300.487494 -4.661313 0.807434 0.242854 0.537654 0.569545 -0.083222 -0.817736 0.153846 -0.966486 0.205513
4.868843 -4.758502 -323.258607 -3.281770 0.812741 0.252794 0.524925 0.569025 -0.150878 -0.808361 0.125149 -0.955684 0.266471
5.196055 -5.129707 -397.097579 -8.144174 0.800219 0.248376 0.545856 0.572793 -0.046926 -0.818355 0.177645 -0.967526 0.179819
1.521136 -17.683226 25.845743 85.006820 0.995471 0.012678 -0.094221 0.083289 -0.594162 0.800021 0.045840 0.804245 0.592527
0.974983 -17.926142 -41.595824 159.711704 0.994405 0.077025 -0.072288 0.104789 -0.632913 0.767099 -0.013334 0.770382 0.637444
1.212527 -21.017691 -21.474407 324.831491 0.997850 0.060063 -0.026213 0.048800 -0.414048 0.908946 -0.043740 0.908271 0.416089
0.260816 -20.796163 -58.233546 483.448839 0.994564 0.095879 -0.040615 0.086982 -0.550573 0.830243 -0.057242 0.829262 0.555920
1.197791 -26.050072 -9.728723 545.091743 0.996492 0.083059 -0.010230 0.032317 -0.269177 0.962548 -0.077195 0.959503 0.270917
7.401638 -3.075203 -6.959915 -86.770717 -0.556734 0.830659 0.007304 -0.488244 -0.320098 -0.811884 0.672060 0.455569 -0.583774
8.608549 -1.738947 -88.233252 -24.432866 -0.608364 0.782326 -0.133638 -0.380774 -0.435445 -0.815720 0.696351 0.445369 -0.562799
7.991437 -1.194442 -153.414583 -29.557622 -0.702941 0.701140 -0.119483 -0.334336 -0.474008 -0.814577 0.627769 0.532652 -0.567616
6.668204 -1.825322 64.787363 102.469375 0.781341 -0.618924 0.080242 0.302665 0.488213 0.818561 0.545802 0.615289 -0.568788
5.818250 -3.840105 -57.200843 -137.263258 -0.605340 0.793432 0.063474 -0.502732 -0.319289 -0.803315 0.617109 0.518189 -0.592162
1.150772 -59.219105 -32.797890 -1939.561671 -0.916968 0.034065 0.397504 0.098051 0.985031 0.141771 -0.386725 0.168975 -0.906582
0.538845 -54.166857 -48.079406 -1371.771918 -0.899696 0.078642 0.429375 0.114172 0.991791 0.057580 -0.421322 0.100827 -0.901289
2.079147 -53.760109 78.695469 -1554.415503 -0.918578 -0.036171 0.393582 -0.127803 0.969490 -0.209178 -0.374008 -0.242447 -0.895175
1.491440 -42.509430 -2.553116 -796.568736 -0.927341 -0.019561 0.373707 -0.069971 0.990085 -0.121805 -0.367619 -0.139103 -0.919514
1.424417 -58.040076 3.116747 -1707.953157 -0.925707 0.069847 0.371736 0.122195 0.985327 0.119157 -0.357958 0.155729 -0.920660
-11.953387 -17.112615 388.865477 -664.516884 0.570506 0.545606 0.613871 0.796862 -0.186773 -0.574567 -0.198833 0.816964 -0.541328
-1.918274 -24.063755 106.304588 797.731898 0.902081 0.353705 0.247268 -0.386841 0.408714 0.826624 -0.191319 0.841336 -0.505521
52.467521 -36.395361 -3920.081014 -874.757839 0.304702 0.723338 0.619628 0.951926 -0.252811 -0.172984 0.031523 0.642549 -0.765596
0.021578 -4.311575 -21.479129 49.925142 -0.111017 -0.947749 0.299077 0.968861 -0.036193 0.244946 -0.221323 0.316957 0.922255
-0.283591 -4.827471 6.309635 44.710722 -0.006257 -0.949510 0.313673 0.955390 0.086949 0.282257 -0.295280 0.301446 0.906609
-0.039808 -4.507312 11.142167 44.144928 -0.098029 -0.955546 0.278068 0.976287 -0.038145 0.213095 -0.193015 0.292363 0.936626
-0.065239 -4.333783 -29.623032 32.090966 -0.064209 -0.941090 0.332004 0.950455 0.043729 0.307770 -0.304158 0.335317 0.891656
0.362951 -3.863864 -22.754951 17.206701 -0.184294 -0.944226 0.272897 0.970786 -0.131464 0.200728 -0.153657 0.301917 0.940870
0.257936 -3.902751 -49.342064 31.740218 -0.165993 -0.939393 0.299977 0.959268 -0.083307 0.269934 -0.228584 0.332565 0.914959
1.729698 -9.366668 -54.637230 17.981295 0.982259 0.100662 -0.158222 0.132270 -0.969987 0.204034 0.132934 0.221342 0.966093
2.064626 -9.390378 -79.375583 30.928863 0.980005 0.111522 -0.164779 0.153103 -0.951588 0.266533 0.127077 0.286432 0.949636
2.689305 -8.300525 -41.650829 -38.961363 0.968480 0.151817 -0.197481 -0.181052 0.973531 -0.139491 0.171077 0.170848 0.970332
2.289128 -8.889806 -42.650872 -40.086267 0.981104 0.112161 -0.157656 -0.122850 0.990625 -0.059745 0.149477 0.077984 0.985685
0.827851 -7.529838 -59.227246 6.106094 0.556013 -0.803741 0.211778 0.823276 0.497513 -0.273308 0.114307 0.326314 0.938325
0.151265 -7.150367 -114.651564 30.493336 0.601824 -0.767336 0.221368 0.776197 0.496766 -0.388256 0.187955 0.405486 0.894569
1.647078 -7.690002 -63.054224 30.673855 0.581134 -0.790932 0.191597 0.774411 0.465090 -0.428928 0.250143 0.397640 0.882786
-1.746230 -16.976069 -14.819018 27.434820 0.924892 -0.371837 -0.079455 0.264279 0.778892 -0.568757 -0.273372 -0.505040 -0.818659
-2.361546 -17.726011 -7.968244 -23.827773 0.937855 -0.338071 -0.078334 0.196180 0.702697 -0.683908 -0.286255 -0.626039 -0.725350
-1.882502 -16.434586 -16.557035 -71.612501 0.924830 -0.370369 -0.086691 0.175233 0.617120 -0.767109 -0.337612 -0.694255 -0.635632
0.376014 -21.230674 -5.686487 249.714493 0.910843 -0.342326 -0.230602 0.354496 0.934977 0.012243 0.211417 -0.092899 0.972971
0.392529 -24.045041 -5.341601 -226.524296 0.916799 -0.330238 -0.224552 -0.389363 -0.864139 -0.318842 0.088750 -0.379747 0.920824
0.465915 -21.818468 -5.329194 191.373460 0.918347 -0.326557 -0.223607 0.353240 0.931100 0.090963 0.178495 -0.162523 0.970426
0.640779 -20.026011 4.123839 176.964347 0.921118 -0.323233 -0.216935 0.298731 0.944236 -0.138484 0.249601 0.062755 0.966313
0.510721 -20.419393 4.658449 116.090814 0.914088 -0.337729 -0.224459 0.298773 0.935150 -0.190339 0.274186 0.106925 0.955714
0.283874 -22.593750 -1.123390 -128.470613 0.926311 -0.306906 -0.218533 -0.347555 -0.919988 -0.181182 0.145442 -0.243783 0.958862
1.432620 -245.897641 -171.198370 13581.111402 0.041270 0.989152 -0.140979 0.653807 -0.133432 -0.744804 0.755535 0.061435 0.652221
22.535912 -2383.379368 1313.782056 -172179.887181 0.082998 -0.979238 0.184942 0.989197 0.058453 -0.134435 0.120833 0.194102 0.973511
-6.746851 -236.729400 129.879405 -11779.465537 -0.041338 -0.991081 0.126689 0.998270 -0.046275 -0.036274 0.041813 0.124970 0.991279
2.448060 -91.353518 60.662947 4429.214306 0.077892 0.996246 -0.037775 -0.065245 -0.032715 -0.997333 0.994825 -0.080149 -0.062452
2.153628 -66.565969 -28.589102 2577.713489 0.109188 0.993995 -0.007176 0.034294 -0.010982 -0.999351 0.993429 -0.108872 0.035287
1.584198 -63.115472 13.324421 2229.551936 0.120719 0.989019 -0.085258 0.319043 -0.119984 -0.940114 0.940020 -0.086289 0.330024
0.671929 -59.336230 63.518349 2040.597327 0.050497 0.996259 -0.070127 0.040386 -0.072196 -0.996572 0.997907 -0.047492 0.043881
-8.574497 -12.602811 -28.213151 273.520594 0.437591 0.853329 0.283448 -0.833876 0.503058 -0.227120 0.336399 0.136975 -0.931705
-8.706305 -11.040075 99.969046 85.842440 -0.125376 0.975017 0.183367 -0.908671 -0.038662 -0.415719 0.398244 0.218742 -0.890816
-6.344896 -10.201498 -0.585891 64.725148 -0.447537 0.888335 0.102820 -0.837009 -0.375625 -0.397897 0.314844 0.264135 -0.911650
-5.601338 -9.123994 -20.767026 -81.799127 -0.562208 0.822351 0.087531 0.808613 0.524431 0.266677 0.173398 0.220707 -0.959803
-5.219465 -9.681637 -47.730163 9.675942 0.810259 -0.420445 -0.408298 0.569651 0.401227 0.717297 0.137763 0.813783 -0.564604
-5.278812 -9.844743 -2.165327 -18.442520 0.814550 -0.399489 -0.420616 0.546773 0.286523 0.786730 0.193774 0.870812 -0.451816
-5.539155 -10.104928 -19.917492 -19.242710 0.779120 -0.434178 -0.452174 0.541620 0.103061 0.834282 0.315625 0.894912 -0.315457
-5.867945 -10.191726 -40.588856 -34.670601 0.735249 -0.526616 -0.426713 0.556897 0.110496 0.823199 0.386360 0.842891 -0.374513
-0.150967 -13.383077 -166.678733 89.116365 -0.318638 0.947868 0.004150 0.449013 0.147083 0.881336 -0.834780 -0.282690 0.472471
1.833948 -13.698555 -191.465095 71.860716 -0.283533 0.955249 0.084312 0.620852 0.115848 0.775321 -0.730857 -0.272174 0.625914
-1.236009 -11.197691 -107.814961 34.232844 -0.191977 0.972816 0.129513 0.727174 0.052379 0.684451 -0.659062 -0.225577 0.717463
-0.119269 -2.664969 -44.465695 17.898494 0.564080 0.783548 0.260511 -0.781279 0.608570 -0.138728 0.267239 0.125278 -0.955452
-0.257911 -3.245864 -48.003038 -5.907578 0.578244 0.775402 0.253742 -0.778732 0.617314 -0.111804 0.243331 0.132948 -0.960789
-0.442615 -2.978760 -37.574536 -3.974424 0.474766 0.843490 0.251241 -0.822155 0.526926 -0.215430 0.314099 0.104280 -0.943646
-0.034165 -2.667316 -34.281630 18.210448 0.485776 0.834388 0.260419 -0.812091 0.541028 -0.218624 0.323311 0.105281 -0.940418
0.921523 -7.367180 -172.039189 -28.695533 -0.537924 0.823911 -0.178348 -0.382728 -0.050191 0.922497 -0.751104 -0.564492 -0.342333
0.208147 -7.642837 -172.158718 -13.039712 -0.536404 0.820916 -0.195878 -0.268842 0.053799 0.961681 -0.799997 -0.568509 -0.191839
-1.358483 -7.582587 -162.397449 -29.811869 -0.497319 0.830423 -0.251139 -0.378495 0.052797 0.924096 -0.780650 -0.554626 -0.288054
11.650607 -2.394925 163.170138 89.119242 -0.220652 0.851727 0.475262 0.965636 0.259372 -0.016506 -0.137328 0.455289 -0.879689
-0.766304 -10.038317 -0.452621 -56.033669 -0.039644 -0.379940 -0.924161 0.932956 -0.345262 0.101922 -0.357802 -0.858161 0.368155
-2.494600 -15.481354 2.899356 -67.098899 -0.079262 0.091236 0.992670 -0.230463 0.967148 -0.107292 -0.969848 -0.237278 -0.055632
-2.623770 -16.523279 -31.894374 -64.534454 -0.164237 0.117602 0.979385 -0.216905 0.964261 -0.152160 -0.962278 -0.237424 -0.132859
-2.291580 -14.992443 -13.000337 -137.484821 -0.102341 0.073560 0.992026 -0.441371 0.890363 -0.111555 -0.891469 -0.449268 -0.058654
-2.783012 -16.283105 -6.938083 -1.538630 -0.103162 0.114898 0.988006 -0.029389 0.992520 -0.118491 -0.994230 -0.041261 -0.099014
-2.356586 -15.301629 20.970347 -99.957995 -0.026457 0.074819 0.996846 -0.342778 0.936059 -0.079354 -0.939044 -0.343797 0.000881
-2.791738 -16.103312 18.313532 -10.477619 -0.027468 0.091686 0.995409 -0.038893 0.994933 -0.092715 -0.998866 -0.041261 -0.023762
1.821471 -9.744405 13.303013 -26.611879 0.467016 0.610394 0.639778 0.883876 -0.343244 -0.317720 0.025666 0.713864 -0.699813
1.687249 -9.724404 59.484227 -38.820300 0.403787 0.595208 0.694754 0.912444 -0.206940 -0.353018 -0.066347 0.776469 -0.626654
3.473761 -8.363671 165.613074 -109.774058 0.328707 0.602413 0.727358 0.936363 -0.107418 -0.334194 -0.123192 0.790923 -0.599387
4.148372 -7.920271 243.091011 -105.269609 0.249084 0.558889 0.790949 0.933877 0.077759 -0.349038 -0.256577 0.825589 -0.502565
1.847930 -9.489726 122.659698 -102.063030 0.344959 0.564845 0.749636 0.915085 -0.024668 -0.402506 -0.208862 0.824828 -0.525390
-0.557049 -3.969063 -69.769627 -30.732316 -0.589023 -0.712091 -0.382069 0.761661 -0.647186 0.031981 -0.270043 -0.272170 0.923580
5.613600 -3.622526 -107.296544 73.674978 -0.506243 -0.628984 -0.589997 0.021506 0.674721 -0.737760 0.862123 -0.386174 -0.328045
3.008438 -6.496421 23.917012 -33.185224 -0.317053 0.706184 0.633073 0.151106 -0.621372 0.768807 -0.936293 -0.339413 -0.090299
2.852766 -6.284246 0.740241 19.184601 -0.377468 0.713507 0.590276 0.209159 -0.555267 0.804942 -0.902092 -0.427302 -0.060359
3.336237 -6.710160 -54.025553 -35.849452 -0.412725 0.700382 0.582343 0.078045 -0.609793 0.788709 -0.907506 -0.370968 -0.197015
2.191297 -6.224753 16.392804 85.975391 -0.311348 0.674861 0.669048 0.345608 -0.575417 0.741249 -0.885222 -0.462014 0.054082
3.453853 -7.003018 -15.998194 -100.489234 -0.317318 0.709732 0.628960 -0.020258 -0.668158 0.743744 -0.948103 -0.223262 -0.226396
3.255378 -6.859008 117.638119 -56.361777 -0.213085 0.714608 0.666280 0.084709 -0.665862 0.741251 -0.973355 -0.214389 -0.081351
2.125826 -7.025051 34.175038 37.159065 -0.237933 0.653221 0.718812 0.309175 -0.650634 0.693604 -0.920760 -0.387269 0.047152
0.348013 -34.294108 -21.874329 -300.974883 -0.457453 -0.432142 0.777168 0.771307 0.242098 0.588621 -0.442519 0.868701 0.222566
-0.058927 -28.822984 -42.007564 -228.943255 -0.477647 -0.420189 0.771553 0.644459 0.429289 0.632759 -0.597098 0.799470 0.065746
0.515022 -40.529336 -50.044532 -670.773621 -0.433762 -0.412835 0.800886 0.890532 -0.061153 0.450792 -0.137126 0.908751 0.394168
-0.941452 -16.857236 -36.653775 258.928832 -0.681215 0.224865 -0.696693 0.706257 0.452403 -0.544548 0.192736 -0.862999 -0.466996
-1.813546 -14.674752 35.286109 26.638603 0.761446 -0.154921 0.629444 0.567446 0.628728 -0.531702 0.313377 -0.762038 -0.566651
-0.744657 -14.992003 -12.384311 209.785066 -0.674325 0.241245 -0.697916 0.700706 0.507284 -0.501670 0.233016 -0.827323 -0.511116
-0.373275 -11.737347 9.498578 31.460307 0.681063 -0.240979 0.691435 0.665623 0.597245 -0.447487 0.305121 -0.765001 -0.567163
-0.251835 -12.905940 -1.383048 230.493568 -0.655747 0.259565 -0.708958 0.720389 0.496105 -0.484686 0.225910 -0.828557 -0.512307
-3.132281 -9.036200 -68.505716 -157.559083 0.867975 0.037018 0.495227 -0.278737 0.861637 0.424130 0.411005 0.506172 -0.758198
-3.477099 -11.574338 -140.116992 -135.053011 0.832999 0.165556 0.527925 -0.465749 0.724877 0.507574 0.298648 0.668689 -0.680929
-3.581141 -10.533467 -35.107358 -191.223206 0.793532 0.106762 0.599090 -0.444531 0.774019 0.450873 0.415571 0.624096 -0.661668
-2.099097 -7.856201 -87.679231 -161.194208 -0.825194 0.080674 -0.559058 -0.213226 0.872030 0.440567 0.523058 0.482759 -0.702392
-1.947076 -8.811161 204.987217 -190.518904 0.741457 -0.016554 0.670796 -0.372760 0.821083 0.432288 0.557935 0.570569 -0.602627
9.004574 -78.136868 477.083943 2977.019185 -0.222024 0.728440 -0.648137 -0.752100 -0.550983 -0.361612 0.620525 -0.407177 -0.670191
-13.729330 -25.248517 -216.064356 1899.881671 -0.908526 -0.271457 -0.317635 -0.101695 0.881005 -0.462048 0.405264 -0.387481 -0.828021
2.210642 -6.689296 41.243900 0.928174 0.046593 -0.410777 -0.910544 0.795276 -0.536326 0.282649 -0.604454 -0.737304 0.301692
-0.695415 -7.250565 40.688034 -37.175818 0.138155 -0.494061 -0.858381 0.866574 -0.359340 0.346300 -0.479544 -0.791694 0.378496
-0.873042 -6.783963 48.667622 -10.483625 0.108269 -0.480644 -0.870206 0.819897 -0.451843 0.351578 -0.562180 -0.751545 0.345158
-0.309310 -3.181241 -6.876547 -41.184166 -0.520803 0.729339 0.443653 0.398283 -0.252079 0.881945 -0.755073 -0.636019 0.159200
-0.909445 -3.781478 1.713199 -36.846809 -0.461861 0.702880 0.540966 0.507114 -0.291126 0.811222 -0.727681 -0.649004 0.221980
-0.865737 -3.897444 -15.185548 -45.462724 -0.580581 0.747373 0.323048 0.371830 -0.109598 0.921808 -0.724340 -0.655303 0.214265
-53.336153 -215.675120 -2632.452135 -5107.211706 0.800566 -0.595389 0.067867 0.421785 0.479413 -0.769585 -0.425666 -0.644729 -0.634928
79.942994 -216.364819 -3822.532833 -1537.322289 -0.375577 0.922837 -0.085522 -0.859457 -0.381334 -0.340467 0.346808 0.054370 -0.936359
-29.020050 -59.442468 -514.278311 -2280.172298 -0.164473 0.837483 -0.521125 0.148886 0.543345 0.826202 -0.975080 -0.058300 0.214055
-16.809978 -48.574883 -258.491580 -1902.217739 -0.304556 0.876833 -0.372034 0.292262 0.457775 0.839658 -0.906548 -0.146991 0.395683
-24.711032 -44.913243 -452.367257 -1057.907351 -0.274066 0.789408 -0.549294 0.560658 0.595211 0.575661 -0.781377 0.150197 0.605715
-14.683955 -41.067443 -389.559429 -740.234491 -0.414941 0.865173 -0.281603 0.626137 0.496091 0.601537 -0.660134 -0.073280 0.747565
-40.983144 -61.716650 -245.605351 -1783.980833 0.261555 -0.405360 0.875941 0.418457 0.865430 0.275545 -0.869760 0.294473 0.395984
-32.406234 -49.844781 612.433961 -74.013643 0.493019 -0.588448 0.640828 0.738147 0.672791 0.049907 -0.460512 0.448420 0.766060
-24.116305 -52.941891 -651.030798 672.678201 -0.403220 0.839006 -0.365352 0.850331 0.491056 0.189213 -0.338159 0.234376 0.911436
-1.013649 -11.078478 -7.518533 -31.700172 -0.291393 0.767770 0.570631 0.903884 0.416278 -0.098522 -0.313183 0.487075 -0.815275
-0.874277 -10.577682 -24.032631 -2.263046 -0.305706 0.766769 0.564455 -0.840618 -0.495749 0.218162 -0.447108 0.407798 -0.796113
3.395884 -1.922190 -88.649446 30.539784 0.736624 0.401268 0.544397 -0.255508 0.910425 -0.325335 -0.626179 0.100552 0.773168
2.370567 -1.926357 -246.937281 31.625890 0.637135 0.469187 0.611492 -0.282861 0.880350 -0.380754 -0.716972 0.069625 0.693617
3.923574 -1.484667 -293.883950 30.190683 0.645200 0.408405 0.645696 -0.213446 0.907839 -0.360929 -0.733593 0.095051 0.672910
13.914013 -13.196867 -448.023140 -35.749425 0.175416 -0.481960 0.858454 0.949315 -0.148209 -0.277192 0.260826 0.863567 0.431534
6.371358 -12.568850 -305.171778 -195.502627 0.315361 -0.391680 0.864369 0.945667 0.053755 -0.320663 0.079133 0.918530 0.387351
10.657666 -14.445444 -430.387661 32.807611 0.343125 -0.344915 0.873670 0.873505 -0.224795 -0.431807 0.345333 0.911318 0.224152
9.510612 -11.419858 -333.697526 -187.519295 0.156664 -0.512187 0.844465 0.987647 0.083969 -0.132298 -0.003148 0.854759 0.519015
19.805035 -5.967850 61.457814 -106.947140 -0.553616 0.541838 -0.632393 0.087483 0.793021 0.602880 0.828164 0.278441 -0.486431
18.988932 -4.100813 441.707982 -44.462441 -0.816905 0.376337 -0.437079 0.039391 0.792433 0.608685 0.575426 0.480021 -0.662167
18.965498 -4.572598 516.324221 -46.302537 -0.714344 0.533134 -0.453300 0.175619 0.763608 0.621338 0.677400 0.364241 -0.639107
20.471305 -6.074472 345.434715 -63.907694 -0.785226 0.350068 -0.510756 -0.047903 0.788038 0.613760 0.617353 0.506407 -0.602019
18.955457 -5.483354 -136.944667 -85.174899 -0.403690 0.660693 -0.632866 0.218719 0.741371 0.634454 0.888367 0.117703 -0.443790
20.753099 -7.511092 -517.101770 -151.304628 -0.217954 0.650737 -0.727350 0.172157 0.759215 0.627658 0.960655 0.011582 -0.277503
21.610127 -8.964171 -541.328875 -66.516658 -0.179893 0.611057 -0.770874 -0.045787 0.777608 0.627080 0.982620 0.148104 -0.111908
20.221951 -7.804057 151.267529 -86.358845 -0.581268 0.456762 -0.673421 -0.103489 0.779374 0.617953 0.807104 0.428888 -0.405756
0.609639 -1.758404 -91.913450 -19.253184 0.767221 -0.296079 0.568954 0.398932 0.914893 -0.061847 -0.502220 0.274424 0.820040
0.762944 -2.036334 -103.771066 -13.480056 0.837932 -0.111645 0.534234 0.263410 0.940029 -0.216703 -0.478002 0.322305 0.817089
-1.685251 -11.739275 9.655702 -85.295335 0.910005 0.404173 -0.092389 -0.132719 0.495095 0.858642 -0.392782 0.769106 -0.504180
-2.049778 -12.020937 18.809369 -43.485980 0.893653 0.437211 -0.101145 -0.097074 0.408391 0.907631 -0.438133 0.801289 -0.407402
-1.546017 -11.016070 13.355357 -75.334285 0.929579 0.358675 -0.085060 -0.134356 0.544549 0.827898 -0.343265 0.758168 -0.554391
-1.451675 -10.101273 4.532203 -146.234184 0.911022 0.404154 -0.081840 -0.228352 0.659723 0.715975 -0.343356 0.633581 -0.693312
-1.804973 -10.731492 5.712141 -122.480574 0.888410 0.451491 -0.082968 -0.227762 0.590456 0.774265 -0.398562 0.668968 -0.627400
2.280133 -10.984339 -3.768936 23.073738 0.968272 0.084609 -0.235140 0.134772 -0.969175 0.206243 0.210442 0.231389 0.949828
2.173374 -11.597852 -43.854577 40.402339 0.984569 0.047032 -0.168557 0.081642 -0.975410 0.204717 0.154784 0.215320 0.964199
1.458590 -11.096543 -38.459834 -61.505612 0.979554 0.053859 -0.193840 0.132494 -0.897752 0.420103 0.151394 0.437196 0.886532
3.045153 -11.466966 6.847918 -57.676698 0.973150 0.074508 -0.217781 -0.080569 0.996567 -0.019072 0.215612 0.036106 0.975811
1.622826 -10.724408 10.014874 -27.086194 0.959333 0.069316 -0.273633 0.184314 -0.888024 0.421237 0.213795 0.454541 0.864687
2.762424 -10.977875 35.235793 -20.508099 0.948146 0.131905 -0.289171 -0.147408 0.988545 -0.032407 0.281584 0.073353 0.956729
2.097519 -10.461260 35.792040 -12.747940 0.946392 0.109035 -0.304063 0.185970 -0.953573 0.236883 0.264117 0.280730 0.922731
-1.350218 -14.360003 77.575347 -122.798816 0.993510 -0.100407 -0.053448 -0.059567 -0.058969 -0.996481 -0.096902 -0.993197 0.064567
-1.662952 -16.414159 40.824839 -130.852155 0.990049 -0.137596 -0.029498 -0.009995 0.140332 -0.990054 -0.140367 -0.980497 -0.137561
2.684761 -9.450224 10.033989 -58.401304 0.889210 -0.448970 0.087925 0.412330 0.869746 0.271157 0.198214 0.204861 -0.958511
2.391636 -11.960135 -7.767612 -218.067830 0.903363 -0.417041 0.100059 0.346003 0.846543 0.404532 0.253411 0.330819 -0.909033
2.690579 -8.610092 -13.305445 45.867333 0.874618 -0.484480 0.017945 0.471850 0.859152 0.198029 0.111359 0.164733 -0.980032
0.656758 -6.750541 9.100556 -8.347818 0.889545 0.442530 -0.113475 -0.203667 0.161802 -0.965578 0.408936 -0.882036 -0.234058
0.491881 -6.683669 36.413482 52.506068 0.869757 0.462893 -0.171037 -0.229073 0.071726 -0.970763 0.437092 -0.883507 -0.168421
0.527620 -6.446189 -4.228205 17.423032 0.894135 0.436149 -0.101468 -0.179899 0.142365 -0.973329 0.410071 -0.888542 -0.205756
1.060601 -6.532822 -41.685324 -26.537467 0.913049 0.405234 -0.046113 -0.163093 0.259142 -0.951970 0.373821 -0.876716 -0.302700
1.042116 -6.145038 -26.881210 -11.323261 0.906934 0.420731 0.021378 -0.099341 0.262906 -0.959694 0.409393 -0.868255 -0.280234
0.555470 -5.998966 5.756406 37.022111 0.892689 0.447885 -0.050044 -0.136029 0.161914 -0.977384 0.429653 -0.879308 -0.205464
-0.247268 -12.282709 -4.844433 227.449670 0.989073 0.037070 -0.142689 -0.146582 0.350720 -0.924937 -0.015756 -0.935746 -0.352322
-0.147506 -16.107492 -5.249902 334.269593 0.987733 0.042534 -0.150247 -0.155685 0.193897 -0.968590 0.012065 -0.980099 -0.198141
-0.394635 -20.909522 34.119787 417.817469 0.987459 0.081658 -0.135117 -0.132599 -0.035527 -0.990533 0.085685 -0.996027 0.024254
-1.138241 -11.571216 6.773895 83.012323 0.910338 -0.398033 -0.113378 -0.200569 -0.663922 0.720402 0.362018 0.633069 0.684227
-1.282594 -12.003652 7.691973 145.988324 0.914693 -0.391866 -0.098878 -0.161858 -0.579373 0.798830 0.370321 0.714680 0.593375
-1.388331 -10.812293 10.264153 32.019038 0.918292 -0.383578 -0.098020 -0.204588 -0.671730 0.711985 0.338945 0.633756 0.695320
-1.484126 -11.922588 2.858214 93.537727 0.923807 -0.377449 -0.064122 -0.187788 -0.592672 0.783247 0.333639 0.711528 0.618395
-1.776626 -11.341411 19.408614 -31.987787 0.924797 -0.375368 -0.062044 -0.229528 -0.680507 0.695864 0.303426 0.629292 0.715488
1.420529 -4.801513 -228.638360 -3.736803 0.822052 0.276900 0.497551 0.560223 -0.236949 -0.793729 0.101890 -0.931226 0.349910
6.376065 -4.799106 -269.282957 -1.026492 0.789608 0.322588 0.521974 0.599083 -0.221272 -0.769505 0.132735 -0.920313 0.367975
0.214405 -21.321854 35.028924 54.174235 0.988535 0.073051 -0.132145 -0.087355 -0.437153 -0.895135 0.123158 -0.896416 0.425760
0.992829 -20.953322 50.921822 67.229948 0.991738 0.060607 -0.113064 -0.080185 -0.395095 -0.915134 0.100135 -0.916639 0.386971
0.969608 -21.972059 46.196426 -77.856618 0.989885 0.074888 -0.120497 -0.038633 -0.674953 -0.736848 0.136511 -0.734050 0.665233
0.286584 -20.224358 22.603800 230.678595 0.990921 0.057182 -0.121681 -0.111713 -0.153387 -0.981831 0.074807 -0.986510 0.145607
9.376486 -1.413838 -149.845919 0.781712 -0.605837 0.753957 -0.253987 -0.285621 -0.504080 -0.815060 0.742551 0.421250 -0.520737
20.632757 -0.778640 -769.170155 41.892582 -0.698012 0.619845 -0.358568 -0.150814 -0.616752 -0.772575 0.700024 0.485190 -0.523981
