17492
34972
-5.466700 -8.020120 87.567274 -82.831771 -0.152338 0.982544 0.106768 0.983369 0.139878 0.115846 0.098889 0.122640 -0.987512
-4.886874 -9.109288 28.590385 84.200261 -0.308465 0.946086 0.098847 -0.929445 -0.277653 -0.242983 0.202437 0.166824 -0.964981
-7.465686 -10.115604 76.394462 227.488321 0.319725 0.926087 0.200349 -0.926832 0.349610 -0.136950 0.196872 0.141903 -0.970106
-4.492919 -8.535503 -36.088584 -86.091570 -0.468268 0.877995 0.099243 0.873786 0.443462 0.199597 0.131234 0.180182 -0.974839
-5.218791 -11.244214 -79.582760 -383.378406 0.491513 0.862187 0.122675 0.866446 -0.498321 0.030785 0.087674 0.091160 -0.991969
-3.849724 -7.276401 -32.151598 -120.631210 0.148155 0.986312 0.072385 0.988887 -0.146831 -0.023307 -0.012360 0.075034 -0.997104
-3.956071 -7.203936 41.643937 -73.590418 -0.408983 0.907603 0.094814 0.912140 0.403509 0.071973 0.027064 0.115919 -0.992890
6.337810 -12.520580 -305.460498 -223.393705 -0.291771 0.954512 -0.061461 0.012829 0.068157 0.997592 -0.956402 -0.290280 0.032132
4.574854 -10.227089 -305.789014 -230.386811 -0.340467 0.936418 -0.084878 -0.141707 0.038137 0.989174 -0.929517 -0.348809 -0.119713
6.957139 -9.109923 -152.980797 -160.229585 -0.188300 0.978065 -0.089062 -0.156875 0.059567 0.985820 -0.969502 -0.199601 -0.142218
8.253234 -12.324713 -21.340397 -339.877649 -0.068298 0.994234 -0.082670 -0.076877 0.077373 0.994034 -0.994699 -0.074246 -0.071150
6.607743 -6.978293 40.070953 -3.345267 -0.006232 0.992387 -0.122998 -0.208841 0.118997 0.970683 -0.977930 -0.031736 -0.206509
8.104704 -9.114942 24.244707 -174.563188 -0.032490 0.993628 -0.107926 -0.159229 0.101458 0.982014 -0.986707 -0.049091 -0.154918
-2.973565 -7.788730 -108.060296 28.463664 -0.397746 0.836545 -0.376815 0.914103 0.396597 -0.084416 0.078826 -0.378024 -0.922434
-1.679809 -7.561993 -130.544641 -5.146201 -0.304559 0.856477 -0.416763 0.952468 0.270662 -0.139807 -0.006940 -0.439533 -0.898200
-3.301354 -7.922051 -141.267832 8.609429 -0.339003 0.859407 -0.382750 0.940379 0.297593 -0.164698 -0.027639 -0.415763 -0.909053
-0.998860 -7.343667 -116.977138 -3.911463 -0.301717 0.855804 -0.420197 0.951258 0.299731 -0.072586 0.063827 -0.421616 -0.904525
-4.530071 -8.082405 -89.345026 68.439801 -0.467176 0.826627 -0.313742 0.878572 0.473858 -0.059741 0.099285 -0.303555 -0.947627
-3.921787 -7.407488 -67.496646 41.404633 -0.487640 0.805183 -0.337471 0.853031 0.521718 0.012167 0.185862 -0.281940 -0.941257
2.898359 -7.904934 -102.428383 256.037049 0.369997 -0.672177 0.641311 0.280088 0.738889 0.612857 -0.885807 -0.047132 0.461655
3.163064 -4.817364 -63.876123 116.986722 0.364725 -0.693268 0.621575 0.348302 0.720677 0.599425 -0.863517 -0.002129 0.504315
4.204952 -5.442952 109.639137 146.236121 -0.389622 0.709160 -0.587612 0.312038 0.701943 0.640241 -0.866503 -0.066094 0.494777
4.378479 -10.165071 -147.233184 433.619773 0.404485 -0.701674 0.586554 0.266749 0.703992 0.658210 -0.874778 -0.109773 0.471925
2.294080 -14.741776 -136.161203 473.088413 0.368034 -0.683346 0.630546 0.165912 0.715524 0.678601 -0.914890 -0.145134 0.376712
1.793808 -12.252435 -11.905705 390.922540 0.384515 -0.651684 0.653802 0.186380 0.748474 0.636435 -0.904108 -0.122863 0.409260
7.375535 -5.416696 -230.013340 -63.973634 -0.282561 -0.661838 0.694356 0.896195 0.075968 0.437108 -0.342043 0.745788 0.571670
9.352660 -6.216359 -173.886915 49.732320 -0.447550 -0.684668 0.575264 0.787836 0.002479 0.615880 -0.423099 0.728851 0.538297
5.788406 -3.909058 -190.635218 33.761275 -0.528729 -0.566559 0.632026 0.785780 -0.045178 0.616854 -0.320931 0.822782 0.469078
3.977370 -2.884840 -218.983029 -42.586112 -0.345432 -0.566363 0.748271 0.892387 0.048483 0.448659 -0.290382 0.822728 0.488668
-1.896166 -16.213625 75.590958 194.485218 -0.011356 0.751580 0.659544 -0.171517 0.648347 -0.741774 0.985116 0.121546 -0.121546
-1.026318 -18.016651 57.639365 98.544883 -0.011141 0.739936 0.672585 0.063519 0.671792 -0.738012 0.997918 -0.034500 0.054485
-2.080956 -17.885784 50.783831 221.071073 0.025059 0.789647 0.613050 -0.089071 0.612567 -0.785384 0.995710 0.034924 -0.085685
-2.584711 -15.744106 35.694131 219.732843 0.021491 0.815537 0.578305 -0.272575 0.561305 -0.781434 0.961894 0.140838 -0.234359
-0.358583 -16.756012 7.457969 -192.640336 -0.096448 0.336200 -0.936839 0.938886 -0.281746 -0.197768 -0.330440 -0.898659 -0.288480
-0.918506 -13.636657 12.673226 -235.523165 -0.098374 0.349800 -0.931645 0.805777 -0.521390 -0.280847 -0.583991 -0.778327 -0.230570
-0.482707 -16.317802 -83.866450 -189.677377 -0.084472 0.290685 -0.953083 0.932132 -0.314967 -0.178679 -0.352129 -0.903492 -0.244351
-0.018404 -18.347552 -30.235497 -100.176658 -0.072700 0.311639 -0.947415 0.994032 -0.054820 -0.094310 -0.081328 -0.948618 -0.305794
2.352073 -7.887876 -99.294021 -15.883079 0.530842 0.701852 0.474985 0.822683 -0.561333 -0.089986 0.203468 0.438530 -0.875381
1.910752 -8.236553 -67.480013 -17.448227 0.531938 0.705442 0.468394 0.834218 -0.531513 -0.146886 0.145338 0.468877 -0.871224
1.827566 -8.124441 -53.149370 27.229976 0.523219 0.708415 0.473698 0.802248 -0.596954 0.006628 0.287472 0.376555 -0.880662
1.850186 -8.477846 24.497005 10.528617 0.511511 0.716869 0.473767 0.815501 -0.578737 -0.004768 0.270769 0.388796 -0.880637
1.595158 -8.638097 -36.081159 -27.472353 0.494891 0.734126 0.464910 -0.784128 0.607850 -0.125144 0.374468 0.302617 -0.876469
1.918559 -8.251064 -68.734486 -38.248408 0.485518 0.736867 0.470425 -0.772276 0.613693 -0.164227 0.409710 0.283562 -0.867024
0.397995 -6.246218 52.637957 44.019375 0.039461 0.661733 0.748701 0.074308 0.745266 -0.662614 -0.996454 0.081782 -0.019763
0.813726 -7.087493 76.480014 -9.498139 0.047140 0.686949 0.725175 -0.069551 0.726478 -0.683662 -0.996464 -0.018209 0.082024
1.229848 -6.213379 88.745394 23.701720 0.035739 0.670241 0.741283 0.081997 0.737289 -0.670583 -0.995992 0.084749 -0.028608
0.960933 -6.046491 19.706184 108.125199 0.011991 0.663416 0.748155 0.218803 0.728335 -0.649348 -0.975695 0.171485 -0.136424
11.368881 -1.558894 -52.418993 0.261281 0.952968 0.248465 0.173542 -0.303039 0.789386 0.533888 0.004339 0.561369 -0.827554
15.335303 -2.639000 -75.132456 -18.183483 0.959405 0.237177 0.152605 -0.281509 0.772437 0.569292 -0.017145 0.589142 -0.807848
13.679886 -3.063623 -81.458037 17.175943 0.877008 0.478944 0.038328 -0.422233 0.730175 0.537181 -0.229293 0.487296 -0.842596
13.456881 -2.409131 52.385756 -16.138892 0.960300 0.082660 0.266444 -0.225707 0.791535 0.567917 0.163955 0.605508 -0.778767
9.362212 -1.789325 -107.242543 -9.722313 0.982031 0.048520 0.182375 -0.137845 0.844453 0.517589 0.128894 0.533428 -0.835967
10.300216 -2.331048 86.009250 -28.587839 0.957587 -0.034634 0.286055 -0.134404 0.824449 0.549745 0.254877 0.564875 -0.784827
0.857777 -8.173017 31.355540 21.144623 0.141574 0.705987 0.693930 0.073086 0.691623 -0.718551 0.987226 -0.152445 -0.046318
0.434714 -8.509584 13.093761 45.874244 -0.151273 -0.687479 -0.710274 0.080578 0.707576 -0.702028 0.985202 -0.163431 -0.051642
0.895942 -8.221601 -1.005193 22.339196 0.156592 0.713560 0.682869 -0.055190 0.696640 -0.715295 0.986120 -0.074322 -0.148469
1.194274 -8.061026 11.964770 19.884110 0.165522 0.714576 0.679694 -0.046043 0.694049 -0.718454 0.985131 -0.087624 -0.147782
-0.698909 -9.997861 8.076929 24.023905 0.125385 0.699535 0.703512 0.724285 0.420060 -0.546773 0.678005 -0.578100 0.453994
-0.413457 -9.836122 23.038457 -52.415637 0.153896 0.721744 0.674835 0.653588 0.437853 -0.617339 0.741039 -0.536070 0.404339
-0.258334 -9.694594 30.917825 19.935323 0.144072 0.729680 0.668439 0.702283 0.400498 -0.588557 0.697167 -0.554228 0.454741
0.067839 -9.122081 54.682055 -5.665163 0.164867 0.749812 0.640782 0.689117 0.377231 -0.618720 0.705646 -0.543580 0.454516
0.013122 -8.466613 36.468457 166.158005 0.158082 0.738585 0.655365 0.724435 0.364252 -0.585248 0.670973 -0.567286 0.477475
3.976149 -5.436440 47.521404 -96.064428 -0.050644 -0.475160 -0.878441 0.869355 0.411966 -0.272958 0.491587 -0.777500 0.392219
5.103969 -6.173636 114.233587 47.234082 0.006824 -0.409341 -0.912356 0.885886 0.425694 -0.184367 0.463854 -0.806985 0.365534
4.765205 -6.609972 4.131711 22.539906 0.026544 -0.497630 -0.866983 0.881015 0.421448 -0.214928 0.472343 -0.758120 0.449606
6.049514 -7.705873 -36.005902 192.128454 0.060558 -0.547921 -0.834335 0.887951 0.411374 -0.205706 0.455935 -0.728391 0.511439
5.162165 -6.505434 -155.877589 9.498716 0.058673 -0.574789 -0.816196 0.877248 0.419898 -0.232642 0.476439 -0.702356 0.528869
-0.084873 -4.130255 -6.620692 -8.137633 -0.146774 0.913648 -0.379084 -0.870287 0.062882 0.488514 -0.470168 -0.401613 -0.785907
0.094371 -4.124383 4.145932 -10.553496 -0.102386 0.912983 -0.394942 -0.897379 0.086539 0.432691 -0.429217 -0.398714 -0.810432
0.122228 -4.046413 0.590272 -3.012204 -0.190232 0.915142 -0.355426 -0.894053 -0.011929 0.447802 -0.405562 -0.402955 -0.820455
-0.296301 -4.383163 -17.121730 -12.444146 -0.095730 0.908497 -0.406779 -0.861539 0.129068 0.491011 -0.498584 -0.397461 -0.770350
-0.058446 -4.047698 10.945559 -15.348373 -0.197532 0.919238 -0.340562 -0.868060 -0.002608 0.496452 -0.455469 -0.393693 -0.798469
-0.078260 -4.489085 5.107247 -25.354568 -0.172750 0.917706 -0.357734 -0.842125 0.050763 0.536888 -0.510865 -0.394004 -0.764054
-0.231859 -4.650318 -11.911502 -24.373845 -0.141461 0.914172 -0.379841 -0.839569 0.092510 0.535319 -0.524512 -0.394629 -0.754423
-0.805601 -11.143055 28.435816 -3.435001 0.761404 -0.163345 0.627361 0.393880 0.885196 -0.247560 -0.514899 0.435599 0.738331
-0.234465 -11.016156 120.604948 16.582231 0.763015 -0.231498 0.603503 0.375129 0.918938 -0.121784 -0.526389 0.319315 0.788006
0.172834 -10.445663 127.677061 31.784611 0.769260 -0.216638 0.601088 0.438437 0.863304 -0.249960 -0.464771 0.455823 0.759087
-1.153859 -10.715596 65.375031 -36.240829 0.786895 -0.151116 0.598298 -0.442177 -0.814371 0.375872 -0.430436 0.560325 0.707644
0.363475 -33.824552 -14.062813 296.874187 0.210802 0.564191 -0.798280 0.977476 -0.130122 0.166157 -0.010130 -0.815326 -0.578913
0.637023 -28.097394 -19.337961 249.652198 0.179715 0.566933 -0.803921 0.917743 0.197618 0.344521 0.354190 -0.799709 -0.484784
0.506097 -29.655344 14.910184 130.616060 0.163548 0.595472 -0.786552 0.970821 0.044594 0.235624 0.175383 -0.802137 -0.570804
0.747556 -27.587511 33.257607 101.168522 0.137476 0.598687 -0.789097 0.952074 0.139890 0.272005 0.273233 -0.788673 -0.550762
0.363504 -30.091412 17.524966 215.505634 0.162047 0.595129 -0.787123 0.986351 -0.121303 0.111348 -0.029214 -0.794423 -0.606662
-0.047429 -56.756944 54.565728 3888.881899 0.017752 0.692919 -0.720797 0.979166 0.133803 0.152743 0.202284 -0.708491 -0.676108
2.071229 -4.099021 128.524910 382.903301 0.779882 -0.465082 0.418906 0.624120 0.628611 -0.464029 0.047518 -0.623336 -0.780509
-1.520083 -11.673420 -69.703027 816.985831 -0.496974 0.574938 -0.649971 0.859380 0.429964 -0.276762 0.120343 -0.696116 -0.707771
-4.132422 -66.458466 139.987880 4290.201624 -0.000463 0.670663 -0.741762 0.993573 0.084273 0.075575 0.113196 -0.736960 -0.666391
0.373719 -20.597641 -24.625103 -128.533554 -0.796801 0.267993 -0.541561 0.331975 0.943037 -0.021773 0.504877 -0.197133 -0.840380
0.015584 -22.305423 -35.063813 -13.240805 -0.795380 0.245466 -0.554182 0.181899 0.968848 0.168068 0.578173 0.032873 -0.815252
0.597089 -21.196662 -31.234584 27.309430 -0.797765 0.250171 -0.548621 0.216832 0.968028 0.126119 0.562632 -0.018346 -0.826504
0.550146 -6.588888 55.029656 29.403566 -0.442565 0.880413 -0.170318 0.468773 0.389055 0.793025 -0.764453 -0.271125 0.584896
-0.274697 -6.478086 89.292340 23.847163 -0.439359 0.876955 -0.194717 0.469400 0.408934 0.782583 -0.765916 -0.252435 0.591311
0.166576 -6.141539 64.336094 30.252759 -0.437181 0.878187 -0.194065 0.539514 0.428718 0.724656 -0.719582 -0.212105 0.661221
0.702038 -6.054360 -0.398277 36.604461 -0.463478 0.873397 -0.149553 0.562204 0.420297 0.712234 -0.684920 -0.246025 0.685825
0.414788 -5.483062 54.633055 36.194029 -0.447914 0.873053 -0.192749 0.609198 0.455813 0.648932 -0.654409 -0.173243 0.736027
-0.459596 -5.777664 56.014130 30.068594 -0.475074 0.853838 -0.212756 0.562619 0.480646 0.672636 -0.676582 -0.199851 0.708728
0.935364 -10.373794 43.264089 54.162818 0.791267 -0.084709 0.605575 0.099545 0.994991 0.009111 -0.603314 0.053073 0.795736
1.162975 -10.789874 -17.179886 32.025565 0.764460 -0.078474 0.639877 0.135033 0.990037 -0.039906 -0.630370 0.116911 0.767440
0.993095 -10.467202 45.393160 -43.489991 0.794325 -0.087191 0.601204 0.181158 0.978616 -0.097425 -0.579853 0.186300 0.793135
-0.863053 -5.172559 33.640750 -39.962827 0.155863 -0.519512 -0.840127 0.766097 -0.473319 0.434816 -0.623540 -0.711391 0.324224
-0.314617 -5.094806 28.648892 14.402470 0.142282 -0.512527 -0.846801 0.746410 -0.506323 0.431867 -0.650098 -0.693507 0.310515
-0.373706 -5.347032 23.183946 -34.805792 0.094008 -0.480984 -0.871675 0.775114 -0.514108 0.367275 -0.624789 -0.710174 0.324487
0.860529 -5.948489 -36.112601 36.239993 0.118390 0.795339 0.594491 -0.598468 0.534894 -0.596426 0.792351 0.285172 -0.539312
0.893148 -6.049791 -13.335159 25.331154 0.132277 0.777128 0.615285 -0.535032 0.578523 -0.615673 0.834412 0.247758 -0.492313
0.993208 -6.681689 -4.423227 49.570878 0.129399 0.766619 0.628929 -0.492234 0.600257 -0.630394 0.860791 0.228008 -0.455029
-0.728125 -7.558502 2.255019 188.150716 -0.046738 0.323382 -0.945114 0.652294 0.726447 0.216305 0.756524 -0.606382 -0.244893
-0.519807 -7.100920 -13.845533 149.146055 -0.015921 0.320509 -0.947112 0.642512 0.729055 0.235916 0.766110 -0.604775 -0.217538
-0.578317 -10.020161 -11.711531 382.142226 -0.066481 0.277047 -0.958554 0.695740 0.701482 0.154493 0.715210 -0.656634 -0.239388
2.201039 -11.864937 132.430190 575.773421 -0.417998 0.415687 -0.807764 -0.556510 0.585627 0.589353 0.718035 0.695877 -0.013457
3.426530 -9.314259 100.181138 238.549822 -0.384519 0.418674 -0.822713 -0.589169 0.574800 0.567878 0.710651 0.703077 0.025648
3.203108 -8.013529 -8.985613 -205.985654 0.345958 -0.315963 0.883448 0.627634 -0.621965 -0.468226 0.697416 0.716468 -0.016865
1.778674 -11.807452 -24.751494 421.143945 -0.370569 0.411842 -0.832505 -0.501673 0.665577 0.552569 0.781667 0.622410 -0.040032
-2.411590 -119.563245 -91.809571 -6205.598510 -0.347725 0.918919 0.186210 0.891678 0.262717 0.368632 0.289822 0.294223 -0.910734
9.623204 -101.314126 -456.740047 4663.606908 -0.614734 0.774257 0.150425 -0.752432 -0.632870 0.182541 -0.236533 0.000970 -0.971623
1.379489 -74.544157 129.173850 -3740.103699 -0.538490 0.831272 0.137898 0.839656 0.543095 0.004984 -0.070749 0.118470 -0.990434
7.662057 -2.640653 -27.806645 -183.732930 -0.203994 0.957877 0.202134 -0.956550 -0.238964 0.167059 -0.208325 0.159272 -0.965004
7.711353 -1.347959 -63.470933 -181.386050 -0.184096 0.980212 0.072755 -0.968449 -0.193540 0.157001 -0.167975 0.041556 -0.984915
8.148707 -1.720695 -55.221383 -28.106200 -0.244314 0.932350 0.266523 -0.935235 -0.299178 0.189284 -0.256217 0.203016 -0.945059
3.383880 -1.532006 381.274877 38.948508 0.953299 0.178228 0.243834 -0.120268 0.964566 -0.234838 -0.277048 0.194546 0.940955
5.483631 -1.278891 284.432860 27.283212 0.913498 0.299027 0.275870 -0.224375 0.935918 -0.271502 -0.339378 0.186118 0.922053
4.667395 -1.060009 425.871460 14.329991 0.952102 0.211800 0.220553 -0.154556 0.955685 -0.250557 -0.263847 0.204468 0.942644
-4.724581 -7.745667 0.044490 125.528563 0.307138 0.950527 0.046523 0.949522 -0.309358 0.052007 -0.063827 -0.028202 0.997562
-4.944219 -7.311804 -34.968981 93.962781 0.403856 0.914814 -0.003919 0.914510 -0.403602 0.027873 -0.023916 0.014841 0.999604
-5.385906 -8.723526 -9.119988 103.507045 0.390620 0.920506 -0.009184 0.908205 -0.383733 0.167070 -0.150265 0.073602 0.985902
-4.990147 -8.702327 -2.590084 102.912482 0.274780 0.960451 0.045059 0.942906 -0.278342 0.182905 -0.188213 0.007772 0.982098
-5.360519 -9.474344 5.263265 42.532002 0.326030 0.944698 0.035369 0.894615 -0.320406 0.311454 -0.305562 0.069902 0.949603
-5.699668 -9.613312 -2.723369 59.280006 0.403652 0.914559 -0.025422 0.867775 -0.373904 0.327357 -0.289882 0.154199 0.944559
-6.006173 -9.230101 33.330746 64.063397 -0.433666 -0.895619 0.098991 0.884836 -0.402512 0.234625 -0.170289 0.189340 0.967033
0.530469 -1.447249 182.761824 -15.702910 0.551336 -0.528797 -0.645292 0.520459 0.822511 -0.229344 0.652036 -0.209402 0.728697
-0.906279 -2.225429 -222.580535 -121.606029 -0.311427 0.795120 0.520382 0.676074 0.570217 -0.466664 0.667785 -0.206485 0.715141
-0.792813 -3.006709 -56.085851 358.095968 0.540539 0.783320 -0.306964 0.487259 -0.588916 -0.644791 0.685854 -0.198964 0.700013
1.885304 -3.078619 -223.175939 -329.455309 0.707450 0.541152 -0.454609 -0.257542 0.796386 0.547213 0.658169 -0.270045 0.702773
3.469330 -9.950817 46.169247 196.376888 0.551792 0.783405 0.286011 -0.665892 0.620334 -0.414456 0.502109 -0.038241 -0.863958
2.621677 -7.688251 77.359317 152.689142 0.525526 0.782074 0.334937 -0.695906 0.621623 -0.359584 0.489426 0.044114 -0.870929
2.969265 -6.523694 72.878493 151.964412 0.576552 0.745492 0.334409 -0.694202 0.662795 -0.280690 0.430897 0.070315 -0.899658
3.110262 -4.574702 -63.761440 118.682133 -0.662446 -0.672623 -0.329763 -0.659640 0.732392 -0.168751 0.355021 0.105737 -0.928859
3.290893 -7.096982 10.513410 155.273527 0.633495 0.725084 0.270069 -0.678282 0.688360 -0.257086 0.372314 0.020321 -0.927884
0.413323 -7.345027 -54.946168 -104.955315 0.469882 0.839168 -0.273877 0.682866 -0.542166 -0.489643 0.559380 -0.043053 0.827793
1.533638 -8.412427 -44.847396 -90.227141 0.431201 0.866271 -0.252269 0.642455 -0.491106 -0.588274 0.633495 -0.091593 0.768306
0.466241 -8.419877 -60.758124 -106.032913 0.498315 0.818253 -0.286610 0.616309 -0.566823 -0.546695 0.609791 -0.095786 0.786753
-0.802297 -7.157053 -53.721374 -116.167042 0.569752 0.747633 -0.341213 0.625413 -0.663802 -0.410154 0.533143 -0.020287 0.845782
-0.758499 -5.918170 -72.348193 -92.237896 0.526422 0.792842 -0.307051 0.697277 -0.609235 -0.377673 0.486501 0.015284 0.873546
9.841573 -6.375144 -59.280833 -9.993406 -0.625585 0.766390 -0.145912 0.162522 -0.054904 -0.985176 0.763040 0.640025 0.090208
11.337584 -5.801265 -126.218648 -0.042061 -0.522032 0.813538 -0.256199 0.122441 -0.225787 -0.966452 0.844092 0.535888 -0.018257
9.016875 -5.732781 -320.117551 21.838970 -0.463374 0.858300 -0.220467 0.186227 -0.148916 -0.971156 0.866374 0.491065 0.090835
9.518799 -5.406797 -57.684509 1.809797 -0.404192 0.840714 -0.360318 0.212588 -0.296797 -0.930977 0.889626 0.452892 0.058763
6.486518 -5.565231 17.904850 43.190253 -0.428920 0.829769 -0.357086 0.266048 -0.261727 -0.927749 0.863276 0.492932 0.108498
-0.329710 -11.744295 29.093641 -58.062715 0.935153 0.234707 -0.265333 0.059770 -0.842814 -0.534875 0.349165 -0.484331 0.802189
-0.693062 -10.453690 29.960955 122.354200 0.936243 0.221641 -0.272624 -0.117171 0.928468 0.352447 0.331239 -0.298032 0.895241
-0.834872 -11.665800 28.243507 -71.840728 0.934535 0.242953 -0.260036 0.071205 -0.843582 -0.532259 0.348676 -0.478898 0.805656
0.042208 -11.278798 38.554491 -120.593050 0.932984 0.231757 -0.275371 0.098388 -0.900180 -0.424259 0.346209 -0.368733 0.862656
-0.599522 -12.118825 26.152524 2.841135 0.931516 0.248811 -0.265275 0.006307 -0.740321 -0.672224 0.363645 -0.624515 0.691190
0.423169 -11.905304 65.233535 -0.440561 0.925892 0.237584 -0.293730 0.015998 -0.801461 -0.597833 0.377448 -0.548830 0.745867
-0.046045 -12.157085 47.650635 21.425938 0.929518 0.241913 -0.278341 -0.009275 -0.739197 -0.673425 0.368659 -0.628543 0.684854
-0.125899 -15.551098 -26.315010 86.258158 0.928742 0.105445 -0.355416 0.285274 -0.815542 0.503497 0.236765 0.569010 0.787509
0.071311 -14.789407 -12.213893 -79.139743 0.922304 0.110921 -0.370205 0.289575 -0.832726 0.471926 0.255933 0.542461 0.800146
-0.305877 -14.688016 -48.289036 -30.354141 0.921153 0.133363 -0.365638 0.260511 -0.909244 0.324667 0.289155 0.394321 0.872296
0.841425 -11.299174 -23.336427 -17.649861 0.949436 0.189380 -0.250411 -0.190825 -0.285273 -0.939258 0.249313 -0.939550 0.234710
0.699713 -11.016529 -31.499890 -1.608061 0.956634 0.176644 -0.231619 -0.181041 -0.262372 -0.947832 0.228200 -0.948661 0.219014
1.046025 -10.891470 -33.786640 19.847932 0.957061 0.179301 -0.227786 -0.135641 -0.417462 -0.898514 0.256196 -0.890829 0.375216
0.759670 -10.710161 -7.550530 25.848635 0.959189 0.189258 -0.210088 -0.132418 -0.355827 -0.925123 0.249842 -0.915188 0.316245
-2.006079 -11.062655 -256.949941 -226.371552 0.967217 -0.060755 -0.246575 0.179001 0.851846 0.492257 -0.180137 0.520257 -0.834795
1.733506 -9.983100 -313.501260 -196.361038 0.974956 0.025527 -0.220926 0.095286 0.849646 0.518674 -0.200949 0.526736 -0.825935
-1.575979 -13.447760 -142.461193 -191.461055 0.962555 -0.130133 -0.237810 0.258334 0.706232 0.659166 -0.082170 0.695917 -0.713405
-3.693381 -11.949613 -81.217975 -196.855332 0.970429 -0.152363 -0.187224 0.229105 0.825618 0.515622 -0.076013 0.543268 -0.836111
-3.684279 -13.209402 -22.801401 -84.790482 0.976156 -0.179787 -0.121637 0.215243 0.729172 0.649599 0.028095 0.660292 -0.750483
-2.507319 -14.438034 -16.089351 -24.437030 0.971416 -0.194133 -0.136615 0.223653 0.555581 0.800818 0.079564 0.808481 -0.583119
-0.331267 -14.450641 24.747972 -46.123053 0.992191 -0.010862 -0.124253 -0.116066 -0.445150 -0.887902 0.045667 -0.895390 0.442935
0.193137 -14.559792 -0.919058 16.773961 0.994087 -0.034931 -0.102816 -0.107947 -0.215202 -0.970585 -0.011778 -0.975945 0.217700
-0.233588 -14.452076 -5.232472 -78.968979 0.989521 -0.039409 -0.138907 -0.144033 -0.336988 -0.930427 0.010143 -0.940684 0.339133
-0.346326 -13.334546 5.618115 -65.867965 0.992505 -0.019777 -0.120591 -0.114044 -0.504411 -0.855899 0.043901 -0.863237 0.502886
0.887818 -4.596244 112.005354 114.282577 0.616609 0.578041 -0.534474 -0.606727 0.781525 0.145265 0.501674 0.234708 0.832608
2.103728 -4.335151 85.343612 78.231803 0.592233 0.645873 -0.481776 -0.635857 0.741861 0.212904 0.494920 0.180252 0.850037
1.920951 -3.145933 -2.841662 39.480412 0.592084 0.678890 -0.434219 -0.676960 0.711324 0.189060 0.437221 0.182009 0.880744
0.628281 -3.497003 157.497235 108.347598 0.597073 0.592581 -0.540695 -0.644370 0.755754 0.116718 0.477798 0.278719 0.833082
-0.361498 -5.108618 98.500010 139.560806 0.677771 0.495135 -0.543570 -0.540105 0.836892 0.088870 0.498912 0.233351 0.834646
1.891166 -2.652247 103.986076 -78.046830 0.522033 0.696185 -0.492755 0.726526 -0.665600 -0.170694 0.446813 0.268892 0.853262
-0.932633 -23.613529 -2.981017 -76.513896 0.930745 -0.111603 -0.348222 0.237633 -0.539189 0.807964 0.277929 0.834757 0.475327
-0.082594 -25.474919 24.010262 167.653643 0.922335 -0.135558 -0.361832 0.269954 -0.443911 0.854440 0.276448 0.885758 0.372840
-0.044168 -25.513374 27.935249 17.549554 0.932682 -0.146760 -0.329495 0.284313 -0.263032 0.921944 0.221972 0.953560 0.203600
-0.790287 -24.690567 67.489778 148.620486 0.935804 -0.153206 -0.317488 0.254417 -0.329886 0.909091 0.244013 0.931506 0.269731
-1.220908 -22.176159 52.943519 -31.322768 0.924148 -0.144227 -0.353764 0.213351 -0.573306 0.791076 0.316910 0.806548 0.499048
-1.287487 -22.612264 23.114414 35.697710 0.920626 -0.107027 -0.375491 0.143972 -0.800875 0.581266 0.362932 0.589189 0.721898
1.164318 -14.499854 -25.298588 -101.479407 0.985012 0.108328 -0.134225 0.171799 -0.685529 0.707485 0.015374 0.719941 0.693865
1.567846 -15.582781 17.134388 -57.741120 0.987486 0.072619 -0.139991 0.154130 -0.632338 0.759205 0.033389 0.771282 0.635618
1.121881 -17.252721 -25.633565 -283.288893 0.992460 0.061343 -0.106118 0.113798 -0.782796 0.611785 0.045540 0.619248 0.783874
0.694331 -15.119650 -19.564644 -196.240208 0.989845 0.076123 -0.120050 0.133229 -0.791279 0.596764 0.049565 0.606698 0.793386
0.444590 -14.157302 -65.946632 94.447475 0.981488 0.144779 -0.125382 0.191083 -0.695771 0.692380 -0.013005 0.703521 0.710556
-1.760774 -7.866242 -479.765621 67.082606 0.823658 -0.549831 0.138828 -0.227444 -0.096040 0.969044 0.519477 0.829737 0.204160
-4.376216 -8.364839 -340.093454 71.777253 0.780646 -0.577938 0.237863 -0.273998 0.025580 0.961390 0.561708 0.815680 0.138385
0.760197 -8.125883 -677.584166 18.304380 0.854040 -0.499721 0.144551 -0.168624 -0.003065 0.985676 0.492119 0.866181 0.086883
-4.243968 -8.808695 -317.381220 69.550807 0.745310 -0.536905 0.395279 -0.321401 0.230104 0.918561 0.584135 0.811656 0.001063
2.810142 -7.813294 -650.047572 14.695284 0.846703 -0.504973 0.167617 -0.134752 0.101241 0.985694 0.514719 0.857177 -0.017675
7.298800 -7.311447 -499.717128 17.890385 0.804291 -0.583339 0.113279 -0.142065 -0.003656 0.989851 0.577004 0.812221 0.085812
0.158988 -59.695112 -387.184662 2662.823672 0.980683 -0.165838 -0.103723 -0.177973 -0.536497 -0.824922 -0.081157 -0.827447 0.555648
3.146056 -63.483995 -341.507792 1501.619906 0.991173 -0.121811 -0.052323 -0.132247 -0.880831 -0.454584 -0.009286 -0.457491 0.889166
3.986427 -57.421796 -98.717520 1591.290425 0.972541 -0.114008 -0.202895 -0.210413 -0.803265 -0.557217 0.099452 -0.584608 0.805197
-1.677004 -54.870147 -346.501243 1593.771098 0.996370 -0.085076 -0.003124 -0.065739 -0.745545 -0.663205 -0.054093 -0.661003 0.748431
4.044333 -42.269618 -183.436344 1606.136410 0.967895 -0.087933 -0.235471 -0.247927 -0.488169 -0.836794 0.041368 -0.868308 0.494297
0.050795 -29.507804 -323.950344 1357.070573 0.966715 -0.130980 -0.219786 -0.245232 -0.229391 -0.941935 -0.072958 -0.964481 0.253876
-0.825514 -2.636004 -29.676482 -13.952112 0.048036 0.979599 -0.195137 -0.257136 -0.176651 -0.950092 0.965181 -0.095815 -0.243405
-0.529558 -2.669301 -41.063512 32.568005 0.000930 0.921023 -0.389506 -0.230501 -0.378821 -0.896306 0.973072 -0.090615 -0.211944
0.621981 -2.280239 -153.771769 1.702028 0.049843 0.958072 -0.282160 -0.249123 -0.261656 -0.932456 0.967188 -0.116769 -0.225636
1.122555 -2.389443 -139.153106 -32.186277 0.058922 0.969126 -0.239422 -0.269533 -0.215487 -0.938572 0.961187 -0.119835 -0.248514
-1.275898 -6.751666 -30.479487 98.590566 0.951808 -0.282465 0.119480 -0.224724 -0.377205 0.898452 0.208713 0.882003 0.422503
-1.154288 -6.693263 -16.365867 114.274609 0.897050 -0.337650 0.285121 -0.400343 -0.347652 0.847858 0.187157 0.874717 0.447037
-1.938447 -5.799846 -8.554716 23.031551 0.925060 -0.313339 0.214671 -0.339333 -0.427872 0.837723 0.170639 0.847788 0.502133
-0.390389 -8.934236 -5.334593 178.916951 0.931668 -0.316606 0.178200 -0.270418 -0.276748 0.922109 0.242629 0.907288 0.343453
-2.310546 -6.156960 -28.989227 6.369090 0.965637 -0.252403 0.061952 -0.182157 -0.487268 0.854043 0.185376 0.835980 0.516501
-1.981805 -6.047263 -29.381202 33.388639 0.968509 -0.248788 -0.009722 -0.110193 -0.463335 0.879305 0.223265 0.850544 0.476159
-1.172485 -7.186896 -47.543473 91.270727 0.966808 -0.254821 0.018663 -0.111284 -0.354214 0.928519 0.229996 0.899777 0.370815
-0.167910 -9.383553 -25.537342 150.468087 0.958006 -0.281295 0.055652 -0.130862 -0.256198 0.957725 0.255146 0.924789 0.282250
-3.354002 -8.588106 -14.349710 63.796922 0.933180 -0.021157 -0.358787 0.062138 0.992730 0.103078 0.353998 -0.118485 0.927711
-4.094209 -9.343546 -23.926194 29.991202 0.939294 0.060674 -0.337707 0.036038 0.961351 0.272957 0.341216 -0.268557 0.900804
-3.305114 -9.205765 76.607262 56.441774 0.900194 0.156932 -0.406230 -0.072514 0.973806 0.215507 0.429409 -0.164541 0.887994
-2.582721 -8.040985 42.851103 95.513833 0.916807 0.060113 -0.394780 -0.052582 0.998170 0.029878 0.395853 -0.006633 0.918290
0.588786 -10.814868 57.940855 65.262180 0.979134 -0.131974 -0.154531 0.190526 0.331658 0.923960 0.070687 0.934123 -0.349882
-0.238247 -9.763071 55.754239 59.109900 0.979859 -0.144698 -0.137621 0.177804 0.318476 0.931106 0.090900 0.936822 -0.337790
0.343963 -9.723694 69.981942 57.852844 0.973310 -0.161491 -0.163059 0.192541 0.187981 0.963115 0.124882 0.968805 -0.214057
0.041010 -11.231294 31.237363 81.234561 0.982608 -0.116010 -0.144996 0.182871 0.468913 0.864106 0.032254 0.875593 -0.481972
1.136236 -10.927699 64.279130 -24.542706 0.974657 -0.124418 -0.185912 0.205137 0.165590 0.964624 0.089232 0.978315 -0.186916
1.417973 -11.094059 39.264847 92.443960 0.983486 -0.086176 -0.159151 0.178421 0.314176 0.932448 0.030353 0.945445 -0.324363
1.014079 -11.776500 37.942413 105.306707 0.984498 -0.093324 -0.148510 0.175197 0.482688 0.858090 0.008396 0.870806 -0.491555
-22.349151 -847.046327 272.549842 -93062.307148 0.520714 -0.784390 0.337030 0.843798 0.412810 -0.342918 0.129853 0.462947 0.876823
-53.621305 -109.790600 -2039.593358 -5590.463015 0.324826 -0.571111 0.753870 0.522930 0.772622 0.359999 -0.788056 0.277285 0.549619
-29.514379 -462.698105 -4325.413869 -36937.143143 -0.235449 0.936689 -0.259186 0.861444 0.324607 0.390570 -0.449976 0.131315 0.883334
-19.104351 -184.633065 308.026324 -8791.503901 -0.281444 0.745202 -0.604536 0.374039 0.665366 0.646051 -0.883676 0.044293 0.465998
-93.689709 -974.471377 6255.201494 76128.957823 0.330903 -0.895911 0.296389 0.850342 0.146903 -0.505310 0.409172 0.419241 0.810441
16.339094 -1706.007938 -3358.318436 -93617.841049 0.796438 -0.529824 0.291500 0.539025 0.840496 0.054940 -0.274114 0.113370 0.954992
-8.547880 -61.520312 -181.665216 -3132.811487 -0.478023 0.714951 -0.510233 0.429098 0.696950 0.574574 -0.766400 -0.055719 0.639943
-6.665925 -151.307859 125.768779 -8666.118236 0.117176 -0.992541 0.033659 0.993046 0.116712 -0.015420 0.011376 0.035232 0.999314
-0.931052 -61.339364 -38.717208 -2724.308138 -0.133829 0.990750 -0.022434 0.985694 0.135418 0.100348 -0.102457 0.008683 0.994699
1.354423 -16.984580 -8.495053 -150.337427 0.201852 0.974934 -0.093596 0.967707 -0.183793 0.172522 -0.150996 0.125397 0.980549
1.364014 -201.451546 -295.743103 -10584.003426 -0.137437 0.989701 0.040046 0.981016 0.141593 -0.132512 0.136817 -0.021074 0.990372
1.942001 -13.738656 9.813287 114.777124 -0.277653 -0.950686 0.138219 0.960632 -0.273295 0.049949 -0.009711 0.146646 0.989141
0.859051 -15.247419 -21.149067 -385.124016 -0.100902 -0.987492 0.121154 0.993257 -0.106973 -0.044681 0.057082 0.115829 0.991628
0.249181 -119.015967 -139.000181 -5390.260014 -0.158665 0.987202 0.016026 0.931395 0.155042 -0.329342 0.327612 0.037328 0.944075
1.051281 -74.120420 14.550048 -4310.228148 -0.242114 0.969415 -0.040200 0.957649 0.232110 -0.170391 0.155848 0.079752 0.984556
1.920392 -43.712486 -47.171375 1991.683451 -0.231648 0.970537 0.066317 -0.357205 -0.021452 -0.933780 0.904845 0.239997 -0.351650
0.915864 -41.003485 -61.966799 2025.571158 -0.197374 0.976977 0.080996 -0.387192 -0.001785 -0.921997 0.900625 0.213339 -0.378630
3.734400 -205.577582 -184.404301 11496.179881 -0.195709 0.980638 0.006903 -0.103676 -0.013690 -0.994517 0.975166 0.195352 -0.104348
7.340648 -268.236618 -104.296166 14779.350767 -0.264887 0.959862 -0.092190 0.017146 -0.090901 -0.995712 0.964127 0.265332 -0.007621
56.296159 -10.243368 -2792.144665 191.891615 0.909381 0.356019 -0.215121 0.267493 -0.104467 0.957880 -0.318551 0.928621 0.190233
9.340564 -10.785321 -600.454432 -38.455687 0.861000 0.418470 -0.289069 0.297473 0.046668 0.953589 -0.412538 0.907031 0.084303
70.881710 -12.534212 -3823.406721 -70.704525 0.865735 0.374863 -0.331634 0.314337 0.108393 0.943103 -0.389481 0.920722 0.023994
-7.616938 -10.420447 118.390308 90.781950 -0.064523 0.984665 0.162087 -0.945040 -0.008123 -0.326853 0.320524 0.174268 -0.931072
-5.275981 -9.870219 -13.361428 78.645751 -0.367079 0.921329 0.128084 -0.885047 -0.303563 -0.352905 0.286260 0.242905 -0.926851
5.202684 -9.443970 -44.455642 -43.455541 0.465242 0.708622 -0.530476 -0.189721 0.665183 0.722175 -0.864613 0.235344 -0.443912
6.084408 -9.244154 6.332311 -31.082150 0.417467 0.798403 -0.433906 -0.118956 0.521414 0.844972 -0.900872 0.301132 -0.312648
4.154323 -8.345072 -22.955265 62.728548 0.365305 0.801612 -0.473256 -0.219055 0.568140 0.793241 -0.904747 0.186106 -0.383141
6.868546 -11.220180 -27.734195 -142.934137 0.510346 0.703952 -0.493962 -0.085329 0.613012 0.785453 -0.855725 0.358703 -0.372916
3.794925 -9.459803 -34.752522 50.403294 0.430663 0.720062 -0.544096 -0.278136 0.679416 0.678995 -0.858586 0.141086 -0.492875
4.674620 -9.875803 58.656693 43.749909 -0.494320 -0.664132 0.560871 -0.275502 0.731644 0.623535 -0.824467 0.153705 -0.544636
6.071935 -10.297818 64.896424 -72.997982 -0.543002 -0.639379 0.544375 -0.191528 0.725485 0.661051 -0.817598 0.254689 -0.516399
-8.659582 -9.625602 -145.304359 -34.616785 0.644510 0.567229 -0.512696 0.433045 0.281825 0.856182 -0.630142 0.773838 0.063997
-8.234493 -9.492702 -109.692993 5.374953 0.724504 0.609827 -0.321254 0.198801 0.261393 0.944538 -0.659978 0.748187 -0.068146
-7.940536 -9.609037 -99.827098 21.888343 0.710973 0.686774 -0.151196 0.143949 0.068320 0.987224 -0.688329 0.723654 0.050287
-8.375682 -9.456072 -150.500634 7.991485 0.682268 0.666278 -0.300972 0.355004 0.057962 0.933066 -0.639127 0.743447 0.196986
-8.790116 -9.498128 108.118131 -122.590472 -0.350055 -0.481350 0.803594 0.748951 0.371430 0.548737 -0.562613 0.793941 0.230487
-1.448210 -7.514428 -141.112370 -29.411698 -0.241213 0.867910 -0.434222 0.966512 0.174457 -0.188203 -0.087590 -0.465077 -0.880926
0.089680 -7.115656 -103.325190 -25.242427 -0.225304 0.873238 -0.432080 0.973462 0.183505 -0.136738 -0.040116 -0.451422 -0.891409
3.754168 -4.226945 -43.721214 -0.080948 0.443007 -0.674686 0.590376 0.319577 0.734104 0.599134 -0.837625 -0.076750 0.540827
2.333277 -4.921331 -42.933961 129.898681 0.344872 -0.624479 0.700778 0.334503 0.779330 0.529861 -0.877024 0.051678 0.477659
3.194127 -3.508083 55.838847 59.386600 -0.333342 0.711296 -0.618823 0.410970 0.700347 0.583625 -0.848521 0.059771 0.525776
3.807091 -3.513366 26.664641 20.463879 -0.387850 0.718612 -0.577208 0.391993 0.695373 0.602328 -0.834214 -0.007351 0.551391
4.369677 -3.665870 130.517710 83.769644 0.741828 0.453125 -0.494337 0.621182 -0.186612 0.761124 -0.252635 0.871696 0.419907
2.567342 -4.095451 73.369740 69.010915 0.867092 0.362860 -0.341298 0.456187 -0.303175 0.836647 -0.200113 0.881146 0.428413
2.400512 -2.845989 33.340221 38.193428 0.854435 0.399646 -0.332001 0.467715 -0.313399 0.826453 -0.226240 0.861432 0.454699
4.939063 -6.086680 181.465873 166.971455 0.784153 0.405417 -0.469830 0.570804 -0.174150 0.802406 -0.243488 0.897390 0.367974
0.490273 -6.377040 1.435345 24.923979 -0.178776 -0.718731 -0.671911 0.816644 0.272490 -0.508764 0.548754 -0.639667 0.538233
0.244786 -7.245356 -25.722320 37.155929 0.244942 0.735028 0.632248 0.739443 0.280149 -0.612161 0.627078 -0.617455 0.474891
0.029515 -7.550827 -23.316124 -30.947983 0.192259 0.705818 0.681805 0.756311 0.336142 -0.561250 0.625324 -0.623562 0.469192
-1.540017 -8.786168 -35.552381 56.048042 -0.188526 0.767958 0.612126 0.040444 -0.616703 0.786156 -0.981235 -0.172968 -0.085206
-1.292120 -10.253388 -8.816016 -118.550907 -0.184711 0.784067 0.592554 -0.174216 -0.619502 0.765419 -0.967228 -0.038149 -0.251026
-0.951600 -9.341127 -6.191776 20.357387 -0.200925 0.785865 0.584846 -0.014137 -0.599285 0.800411 -0.979505 -0.152555 -0.131521
-1.979967 -9.763343 -47.900662 -131.624875 -0.176886 0.782599 0.596867 -0.154202 -0.620976 0.768512 -0.972077 -0.043900 -0.230520
-1.025021 -9.539247 -10.946692 256.496866 -0.203210 0.773566 0.600252 0.163536 -0.577617 0.799759 -0.965382 -0.260682 0.009128
-2.269616 -8.187406 -52.552463 4.675641 -0.162714 0.742678 0.649579 0.034154 -0.653719 0.755966 -0.986082 -0.145192 -0.081003
-1.828281 -8.458369 -74.991052 166.686541 -0.186417 0.734780 0.652187 0.193321 -0.623412 0.757618 -0.963263 -0.267314 0.025834
-1.209903 -8.707712 -31.703720 201.414871 -0.190236 0.755314 0.627145 0.190459 -0.598280 0.778323 -0.963087 -0.267510 0.030042
-7.092924 -14.199019 67.385136 12.838614 0.002015 0.990571 0.136989 -0.975019 -0.028480 0.220287 -0.222112 0.134010 -0.965768
-6.836691 -14.379644 94.683893 93.451862 -0.074416 0.982588 0.170247 -0.905689 -0.138042 0.400839 -0.417360 0.124362 -0.900191
-5.523942 -14.045404 133.949529 59.346264 -0.052209 0.960859 0.272074 -0.954100 -0.128448 0.270546 -0.294904 0.245461 -0.923461
-8.346820 -15.125317 54.879916 14.618687 -0.035937 0.999172 0.019080 -0.931368 -0.040407 0.361831 -0.362302 0.004767 -0.932049
-5.725293 -14.008574 111.141560 6.769857 -0.000211 0.961484 0.274861 0.998213 0.016625 -0.057390 -0.059749 0.274358 -0.959770
-8.694984 -14.923911 37.770935 -45.594888 0.107322 0.994194 -0.007707 -0.987485 0.107492 0.115409 -0.115568 0.004776 -0.993288
-7.028518 -14.039021 57.929692 51.528300 0.059879 0.985527 0.158588 0.998206 -0.059178 -0.009144 0.000373 0.158851 -0.987302
-0.490064 -14.186519 58.050926 -212.843570 -0.121345 0.362444 -0.924072 0.837116 -0.462897 -0.291486 -0.533398 -0.808926 -0.247238
-0.699472 -12.656834 73.964679 -206.199161 -0.128863 0.365856 -0.921707 0.715503 -0.609249 -0.341865 -0.686622 -0.703538 -0.183261
-0.885212 -11.976074 -30.825310 144.785678 0.124561 -0.347256 0.929461 -0.681904 0.650513 0.334423 -0.720757 -0.675460 -0.155767
-1.270075 -11.944233 34.310345 102.695288 0.113417 -0.318174 0.941224 -0.700823 0.645886 0.302786 -0.704261 -0.693972 -0.149729
2.244061 -8.275021 -101.304108 -0.806574 0.551358 0.689146 0.470194 0.825116 -0.533707 -0.185312 0.123239 0.490138 -0.862889
2.008478 -8.454053 -67.897710 -2.984677 0.514094 0.708185 0.483923 0.857266 -0.442871 -0.262604 0.028343 0.549853 -0.834780
1.889159 -8.164470 40.369422 -31.669450 0.519041 0.712821 0.471680 0.845944 -0.507401 -0.164081 0.122371 0.484179 -0.866369
2.203963 -7.713879 -35.559323 -44.677769 0.477273 0.729626 0.489750 0.878743 -0.399176 -0.261666 0.004578 0.555251 -0.831670
1.570336 -6.704302 143.110836 -89.204105 0.053885 0.682485 0.728911 -0.035567 0.730820 -0.681643 -0.997914 0.010805 0.063654
16.047614 -3.385978 157.197958 -56.642963 0.954777 0.072898 0.288246 -0.232988 0.785716 0.573033 0.184707 0.614277 -0.767169
-0.471658 -10.861141 20.541786 -438.212605 -0.122353 0.279220 -0.952400 0.575905 0.801507 0.160997 0.808309 -0.528794 -0.258871
0.059950 -7.486648 19.908991 -231.089936 -0.141480 0.245000 -0.959145 0.630112 0.769558 0.103627 0.763507 -0.589708 -0.263254
-0.271100 -11.048393 17.560308 -430.567471 -0.143118 0.247004 -0.958387 0.548254 0.825987 0.131009 0.823975 -0.506690 -0.253635
-0.713430 -16.071178 13.030443 -407.186526 -0.123889 0.275480 -0.953290 0.378298 0.901250 0.211278 0.917356 -0.334453 -0.215869
-0.063765 -13.365334 35.855630 -400.038334 -0.167558 0.231728 -0.958241 0.473123 0.871640 0.128055 0.864916 -0.431909 -0.255686
-0.514376 -15.940535 4.614410 -407.554016 -0.138121 0.256437 -0.956641 0.376362 0.907032 0.188799 0.916119 -0.333966 -0.221793
0.614736 -8.389521 2.807839 23.330795 -0.134696 -0.701481 -0.699843 -0.042344 0.709709 -0.703221 0.989982 -0.065087 -0.125299
0.377297 -8.557654 -4.841397 34.033148 -0.117961 -0.671225 -0.731808 0.102847 0.724732 -0.681312 0.987678 -0.155633 -0.016457
0.749902 -8.801645 14.800008 26.068069 -0.114463 -0.661085 -0.741529 0.078396 0.738096 -0.670126 0.990329 -0.134837 -0.032658
0.758456 -8.628683 -9.480408 24.881865 -0.113109 -0.686743 -0.718046 -0.036687 0.725078 -0.687689 0.992905 -0.051441 -0.107207
-0.696566 -10.318045 12.477659 10.317591 0.121578 0.686624 0.716775 0.702762 0.450423 -0.550677 0.700960 -0.570672 0.427771
0.400032 -4.204296 6.736636 -8.355396 -0.142262 0.917342 -0.371814 0.915715 -0.020644 -0.401299 -0.375804 -0.397565 -0.837087
0.529119 -28.312116 -1.767776 93.792250 0.192315 0.574947 -0.795268 0.970476 0.008788 0.241037 0.145572 -0.818144 -0.556282
0.665477 -27.268465 -8.809873 -11.416879 0.177313 0.564536 -0.806138 0.895255 0.247684 0.370367 0.408753 -0.787370 -0.461486
0.868508 -27.526836 -77.632759 41.223349 0.189851 0.538292 -0.821096 0.783215 0.421278 0.457273 0.592056 -0.729909 -0.341618
1.109851 -18.325812 98.025996 -38.424186 -0.417957 -0.445169 0.791920 0.901408 -0.311674 0.300538 0.113030 0.839454 0.531545
1.759497 -23.165401 -5.601478 -85.300646 -0.415752 -0.359440 0.835436 0.874904 -0.408934 0.259453 0.248381 0.838794 0.484491
1.794330 -19.485235 74.491519 26.049548 -0.532356 -0.348367 0.771516 0.756868 -0.604075 0.249487 0.379141 0.716752 0.585251
0.858212 -23.143859 34.971863 -8.894730 -0.283566 -0.422297 0.860962 0.953121 -0.025253 0.301533 -0.105594 0.906106 0.409661
