11313
22612
-9.693156 -13.126339 7.309866 -314.905881 0.801267 0.168128 0.574198 0.323268 0.685908 -0.651942 0.503457 -0.707999 -0.495246
-10.929237 -15.520663 -115.144776 -188.290049 0.875226 0.280369 0.394173 0.023296 0.789512 -0.613293 0.483153 -0.545953 -0.684470
-11.620321 -16.328683 -65.140404 -374.734992 0.732674 -0.074807 0.676456 0.439620 0.810775 -0.386494 0.519541 -0.580558 -0.626920
-9.574729 -13.595671 20.829846 -192.959648 0.891247 0.434791 0.128982 -0.182240 0.603776 -0.776043 0.415293 -0.668141 -0.617349
-6.763666 -17.097563 279.216134 -520.182076 0.623475 0.031714 0.781200 0.485100 0.767904 -0.418332 0.613153 -0.639779 -0.463385
-5.254441 -14.443839 304.787391 -623.560887 0.619592 0.134412 0.773330 0.518375 0.669741 -0.531728 0.589401 -0.730329 -0.345290
-6.719359 -11.006029 171.442226 -344.393168 0.708385 0.190208 0.679714 0.465202 0.598424 -0.652285 0.530827 -0.778273 -0.335430
-7.561215 -10.079744 8.759729 -175.697389 0.857582 0.514028 0.018124 -0.188926 0.347579 -0.918420 0.478393 -0.784197 -0.395191
-8.308839 -11.609770 -53.858805 -176.332002 0.859941 0.510164 -0.015263 -0.268853 0.427358 -0.863182 0.433842 -0.746390 -0.504662
-1.103869 -9.969694 -219.972677 146.896709 0.825155 0.511506 0.239750 0.293771 -0.026042 -0.955521 0.482512 -0.858885 0.171754
-2.980642 -7.550570 -214.766859 -160.207040 0.799958 0.557516 0.221910 0.315973 -0.076981 -0.945640 0.510127 -0.826589 0.237741
-0.935205 -9.021852 -113.899652 136.414860 0.739513 0.577839 0.345288 0.453803 -0.049104 -0.889748 0.497176 -0.814672 0.298538
-0.126665 -10.942464 126.753099 235.499159 0.666214 0.672766 0.321782 0.455569 -0.025527 -0.889835 0.590437 -0.739415 0.323497
0.958663 -11.105918 -217.534098 314.793654 0.848758 0.517060 0.110719 0.141276 -0.019964 -0.989769 0.509559 -0.855716 0.089993
-1.631576 -8.360987 -176.981743 14.890533 0.864106 0.494481 0.093857 0.115307 -0.012972 -0.993245 0.489924 -0.869091 0.068226
-4.793821 -10.971704 396.672099 -14.992377 0.704556 0.590296 0.393893 0.226903 0.338529 -0.913188 0.672396 -0.732768 -0.104573
-6.720015 -11.697992 98.154719 74.443151 0.803425 0.577521 0.144834 -0.070928 0.334355 -0.939774 0.591166 -0.744766 -0.309592
-4.630449 -11.109986 357.207487 6.763305 0.714652 0.611313 0.339955 0.097132 0.394572 -0.913717 0.692703 -0.686010 -0.222604
-3.652433 -13.394034 130.095631 -84.754123 0.967945 0.073994 0.240017 0.184711 -0.857250 -0.480629 -0.170191 -0.509556 0.843438
-0.419070 -13.723253 -138.026109 -37.808129 0.922659 0.133204 0.361880 0.284219 -0.869145 -0.404729 -0.260615 -0.476280 0.839784
-5.784779 -19.331620 -109.603149 -578.432507 0.953444 -0.298058 0.045894 -0.198317 -0.734345 -0.649159 -0.227190 -0.609835 0.759267
2.623877 -9.516172 166.876045 41.357124 0.750947 0.363071 0.551595 -0.294940 0.931754 -0.211765 -0.590837 -0.003664 0.806783
1.097559 -10.076992 229.760406 32.081083 0.768109 0.363921 0.526850 -0.354119 0.926943 -0.124004 -0.533487 -0.091319 0.840864
3.037446 -9.783540 131.273850 2.232387 0.727903 0.375154 0.573949 -0.386218 0.915958 -0.108889 -0.566563 -0.142408 0.811619
3.665294 -9.412524 3.156145 20.665743 0.659528 0.387161 0.644304 -0.334336 0.918791 -0.209864 -0.673232 -0.077002 0.735411
3.592720 -8.912239 59.549926 77.843100 0.696946 0.385487 0.604704 -0.238956 0.919880 -0.310999 -0.676141 0.072252 0.733221
1.857322 -8.870506 142.372743 84.294282 0.765741 0.331318 0.551243 -0.184376 0.934211 -0.305377 -0.616154 0.132204 0.776451
-0.443096 -15.367840 28.290767 -103.833206 0.803523 0.239996 0.544749 -0.216008 0.970304 -0.108861 -0.554699 -0.030198 0.831503
-0.501884 -16.190966 28.602802 -81.448509 0.807126 0.205116 0.553603 -0.079330 0.966882 -0.242581 -0.585026 0.151876 0.796667
-0.756061 -14.821983 6.833500 -85.045852 0.793703 0.241278 0.558409 -0.206763 0.970325 -0.125373 -0.572088 -0.015949 0.820037
-0.776220 -14.225303 -9.139831 -70.192852 0.782104 0.247460 0.571906 -0.201403 0.968894 -0.143807 -0.589703 -0.002712 0.807616
-0.634037 -13.351349 -10.200585 -63.444215 0.773592 0.285561 0.565695 -0.332262 0.942939 -0.021621 -0.539591 -0.171233 0.824331
-0.292180 -19.690830 42.312665 400.891101 -0.645048 -0.224081 -0.730549 -0.180371 0.973671 -0.139393 0.742550 0.041855 -0.668482
-0.920135 -16.360529 74.592955 280.046503 -0.667281 -0.184008 -0.721718 -0.273049 0.961973 0.007192 0.692950 0.201864 -0.692150
-1.307186 -19.942658 70.645913 279.786950 -0.663488 -0.171156 -0.728347 -0.171338 0.982371 -0.074769 0.728304 0.075185 -0.681117
-0.476213 -23.435970 37.606251 334.992107 -0.645025 -0.208857 -0.735065 -0.018360 0.965882 -0.258329 0.763941 -0.153133 -0.626853
0.196041 -9.875866 -2.166845 0.381194 0.875045 0.325239 0.358492 0.442633 -0.837389 -0.320711 -0.195890 -0.439317 0.876714
0.220330 -9.624394 -9.731653 43.774113 0.884183 0.309169 0.350192 0.448831 -0.770065 -0.453376 -0.129501 -0.558045 0.819644
0.413693 -9.599123 -19.916966 26.716705 0.881626 0.315185 0.351275 0.449158 -0.788855 -0.419481 -0.144891 -0.527604 0.837043
0.544725 -9.704975 2.259671 -4.141023 0.876436 0.325684 0.354668 0.437807 -0.845621 -0.305368 -0.200461 -0.422912 0.883720
0.502572 -9.634752 14.201607 -24.511882 0.862545 0.352354 0.363128 0.433783 -0.884408 -0.172205 -0.260477 -0.306053 0.915687
0.636779 -25.195122 4.759855 -69.971822 0.743597 0.144353 0.652859 0.554962 -0.677854 -0.482215 -0.372934 -0.720886 0.584161
0.219030 -25.274291 -34.692865 -6.851421 0.724801 0.111604 0.679858 0.589869 -0.610386 -0.528663 -0.355975 -0.784203 0.508240
0.470878 -24.829812 1.411806 -233.013018 0.740714 0.134607 0.658197 0.461689 -0.813708 -0.353160 -0.488043 -0.565473 0.664871
0.914764 -24.455916 -1.905551 -333.778245 0.743557 0.137935 0.654292 0.431721 -0.846249 -0.312218 -0.510627 -0.514623 0.688783
1.287505 -25.135899 -26.667891 -15.598576 0.736212 0.145310 0.660967 0.538113 -0.717974 -0.441529 -0.410398 -0.680734 0.606774
1.566465 -24.746788 -40.937322 195.078323 0.727847 0.145053 0.670222 0.637366 -0.503678 -0.583158 -0.252988 -0.851627 0.459053
1.174815 -58.558711 140.152884 1112.538213 0.813217 -0.157255 0.560312 0.416156 0.830164 -0.371002 0.406808 -0.534882 -0.740546
0.844735 -63.848057 -110.078820 2035.666166 -0.771471 0.215310 -0.598728 0.246660 0.968622 0.030502 0.586508 -0.124150 -0.800372
4.433999 -105.692468 -621.824655 3660.940329 -0.848421 0.072851 -0.524285 0.163780 0.978008 -0.129139 0.503347 -0.195431 -0.841694
1.758800 -70.567145 120.108895 2893.093027 -0.801776 0.195166 -0.564859 0.344766 0.923087 -0.170432 0.488152 -0.331392 -0.807395
0.896651 -147.531586 345.933143 3615.840583 0.884858 -0.119747 0.450207 0.395878 0.702709 -0.591170 0.245573 -0.701328 -0.669203
1.189004 -70.000821 81.107720 320.272888 0.847493 -0.159908 0.506148 0.513013 0.491579 -0.703682 0.136288 -0.856025 -0.498644
11.674706 -245.226428 -571.207065 16310.250594 0.901010 -0.031135 0.432679 0.312318 0.738783 -0.597208 0.301062 -0.673224 -0.675375
-10.160175 -19.644884 -79.033144 198.863316 -0.486571 0.300712 -0.820257 0.860066 0.000006 -0.510184 -0.153414 -0.953715 -0.258635
-9.778205 -20.971265 -18.359852 -32.874423 -0.480318 0.344657 -0.806539 0.773980 -0.266036 -0.574613 -0.412613 -0.900242 -0.138975
-10.194843 -19.787895 2.188745 182.884695 -0.465594 0.431628 -0.772606 0.850626 -0.022681 -0.525282 -0.244250 -0.901767 -0.356594
-10.082924 -16.696780 -30.446384 361.754398 -0.462339 0.386097 -0.798230 0.886603 0.214795 -0.409631 0.013299 -0.897102 -0.441623
-6.133698 -31.697754 54.678688 2496.297867 0.767995 0.448640 0.457061 0.600318 -0.752932 -0.269649 -0.223161 -0.481472 0.847575
6.693311 -35.430085 -2371.424299 1562.403026 -0.232916 -0.927643 -0.291938 0.956416 -0.164134 -0.241512 0.176120 -0.335466 0.925443
1.132887 -40.446177 610.385920 -1354.926006 0.675172 0.552451 0.488816 -0.580700 0.806702 -0.109634 -0.454896 -0.209834 0.865471
5.883871 -72.466720 527.104654 -2389.997364 0.647402 0.554632 0.522737 -0.567990 0.808439 -0.154318 -0.508191 -0.197004 0.838410
-5.477457 -44.593922 -174.564495 2674.538983 0.855774 0.209250 0.473143 0.413344 -0.826539 -0.382074 -0.311122 -0.522540 0.793823
-40.074406 -959.639342 -1760.591926 71345.670795 0.751035 -0.017272 0.660036 -0.424365 -0.778465 0.462500 -0.505827 0.627450 0.591984
4.271178 -8.730269 84.287070 13.360381 0.828337 0.345251 0.441203 -0.414262 0.907651 0.067501 -0.377153 -0.238687 0.894865
3.943254 -8.401247 50.973430 16.571638 0.823251 0.323543 0.466452 -0.359890 0.932919 -0.011920 -0.439019 -0.158058 0.884466
3.344049 -8.728490 133.843932 32.147546 0.842988 0.364964 0.395188 -0.412468 0.910122 0.039334 -0.345314 -0.196160 0.917758
2.425432 -3.567964 -19.900989 -2.667803 0.592352 0.168533 0.787855 0.562550 0.613519 -0.554195 0.576764 -0.771486 -0.268611
2.259118 -2.993595 14.653741 20.436043 -0.555882 -0.082557 -0.827151 0.628229 0.609894 -0.483071 0.544356 -0.788171 -0.287165
2.617947 -3.532004 46.619907 -0.073190 -0.538162 -0.093391 -0.837651 0.649292 0.587745 -0.482676 0.537403 -0.803638 -0.255664
-4.257805 -9.243344 25.992790 -90.920122 0.833291 0.368727 0.411905 -0.221342 -0.460230 0.859765 -0.506590 0.807607 0.301891
-3.762391 -9.999290 139.202801 59.508605 0.838321 0.391932 0.378955 -0.249916 -0.341494 0.906049 -0.484520 0.854267 0.188331
-5.196816 -9.788532 77.589150 -73.735754 0.769435 0.375816 0.516462 -0.303147 -0.496841 0.813173 -0.562203 0.782247 0.268359
-7.086819 -11.872813 111.242521 -129.093420 0.640988 0.250705 0.725453 -0.418819 -0.677805 0.604294 -0.643215 0.691178 0.329465
-5.848510 -11.112596 8.373272 -144.520116 0.717693 0.283693 0.635952 -0.350524 -0.641940 0.681942 -0.601705 0.712342 0.361275
19.145072 -18.143601 275.246187 264.285391 0.313343 0.773842 0.550440 0.947600 -0.216818 -0.234615 -0.062210 0.595112 -0.801231
16.681530 -16.403084 -339.641944 352.301144 0.262327 0.932054 0.249921 0.957212 -0.218544 -0.189691 -0.122184 0.288989 -0.949503
19.211402 -13.898868 261.646582 121.383928 0.318736 0.827227 0.462712 0.947796 -0.283047 -0.146858 0.009485 0.485365 -0.874260
16.912453 -21.814565 -196.073762 329.284629 0.267906 0.889220 0.370829 0.901881 -0.096084 -0.421163 -0.338876 0.447276 -0.827712
-0.674031 -11.038530 16.860460 20.818152 0.836911 0.008571 0.547271 -0.546375 0.072402 0.834406 0.032472 0.997339 -0.065277
-0.955862 -11.299999 -5.075498 25.303867 0.817902 0.018781 0.575051 -0.574322 -0.033279 0.817953 -0.034499 0.999270 0.016433
-0.725494 -10.967073 -21.891470 -3.018650 0.807701 0.025046 0.589060 -0.587147 -0.056726 0.807490 -0.053639 0.998076 0.031112
-0.062457 -10.588627 54.910437 -6.642441 0.841700 -0.001222 0.539944 -0.538514 0.070857 0.839632 0.039285 0.997486 -0.058982
-0.224148 -10.515393 20.995757 -1.077841 0.794167 0.009565 0.607624 -0.593840 -0.200107 0.779301 -0.129044 0.979727 0.153239
0.123758 -10.466421 38.858438 -30.135999 0.819980 0.007521 0.572343 -0.570743 -0.065127 0.818542 -0.043431 0.997849 0.049110
-1.131184 -9.420499 2.876743 -213.730380 -0.800200 -0.488176 -0.348375 -0.469882 0.871291 -0.141641 0.372681 0.050354 -0.926592
-0.970356 -9.772655 36.437640 -222.379288 -0.835534 -0.417240 -0.357482 -0.400953 0.907872 -0.122498 0.375659 0.040982 -0.925852
-0.199187 -6.948466 19.282138 -191.855292 -0.763777 -0.551151 -0.335972 -0.476843 0.832588 -0.281810 0.435046 -0.055034 -0.898725
-0.073544 -6.857084 -3.339572 -172.586786 -0.702131 -0.636635 -0.318916 -0.567066 0.770823 -0.290290 0.430637 -0.022976 -0.902233
-1.055250 -9.076648 0.812356 -182.254423 -0.760664 -0.559174 -0.329719 -0.543480 0.826344 -0.147596 0.354993 0.066924 -0.932470
-0.246960 -11.852920 -16.385566 -9.012024 0.791215 0.209086 0.574685 -0.491237 -0.342406 0.800902 -0.364233 0.915992 0.168206
-0.489611 -12.210059 -15.632884 -25.729483 0.792064 0.207597 0.574054 -0.500087 -0.318618 0.805230 -0.350068 0.924871 0.148549
-0.261973 -11.458387 -9.376941 -15.242220 0.782048 0.195306 0.591824 -0.562095 -0.189094 0.805166 -0.269164 0.962340 0.038100
-0.585433 -12.712156 -17.504250 -36.669352 0.808115 0.227090 0.543489 -0.404294 -0.457177 0.792171 -0.428364 0.859895 0.277641
-0.038929 -11.347110 -16.555645 9.854099 0.789844 0.201584 0.579233 -0.541261 -0.215020 0.812897 -0.288414 0.955578 0.060723
-0.236455 -12.048091 -18.001759 -32.043293 0.804003 0.226673 0.549726 -0.400604 -0.476713 0.782471 -0.439427 0.849331 0.292472
0.151412 -11.496333 -20.005391 5.170005 0.795132 0.207803 0.569721 -0.476264 -0.367597 0.798777 -0.375416 0.906471 0.193319
2.260612 -20.797690 -116.254020 4.709955 0.513512 0.441387 0.735855 -0.027105 0.865473 -0.500221 -0.857654 0.236925 0.456395
1.107797 -19.730963 -65.046278 168.919983 0.524809 0.430024 0.734612 0.036237 0.850942 -0.524008 -0.850448 0.301624 0.431000
1.938644 -20.587095 -98.952869 138.773945 0.522613 0.468147 0.712541 0.118988 0.787527 -0.604685 -0.844226 0.400799 0.355868
2.029220 -9.407901 -97.055024 -22.422532 0.769659 0.547715 0.328076 0.039729 0.471776 -0.880823 0.637218 -0.690967 -0.341346
3.341835 -9.677375 -137.254929 -5.106189 0.754832 0.606385 0.250051 -0.064342 0.447838 -0.891797 0.652755 -0.657068 -0.377058
0.618382 -9.981579 69.300059 -69.851057 -0.775149 -0.542782 -0.323315 -0.043864 0.556755 -0.829518 0.630254 -0.628818 -0.455376
0.120501 -10.046874 -43.911185 -78.110140 0.777329 0.495100 0.388118 0.041955 0.574774 -0.817236 0.627694 -0.651544 -0.426017
-0.833124 -11.504094 15.006158 -130.407020 -0.775777 -0.460763 -0.431124 -0.008889 0.691143 -0.722663 0.630945 -0.556793 -0.540269
-0.670371 -11.038126 21.992268 -117.261429 -0.778650 -0.505529 -0.371679 -0.085609 0.672409 -0.735212 0.621591 -0.540654 -0.566849
-2.442290 -4.646295 -285.613559 74.570700 0.232320 0.759917 -0.607086 0.842101 0.155187 0.516510 0.486716 -0.631224 -0.603874
-2.163600 -5.355907 -242.577920 -7.135075 0.487787 0.762735 -0.424616 0.768630 -0.144664 0.623121 0.413849 -0.630323 -0.656827
-4.887098 -5.350884 -120.744612 100.163430 0.481612 0.805845 -0.344478 0.734917 -0.157225 0.659680 0.477439 -0.570872 -0.667950
0.531214 -4.114791 -438.699859 2.275917 0.369663 0.738748 -0.563560 0.821671 0.023281 0.569487 0.433828 -0.673579 -0.598402
-2.771579 -5.102476 -228.051904 -104.565257 -0.348922 0.488992 -0.799463 0.757044 0.649909 0.067108 0.552393 -0.581812 -0.596956
1.297044 -3.473391 -380.811349 92.943589 0.158155 0.704142 -0.692222 0.846457 0.264291 0.462235 0.508427 -0.659041 -0.554226
4.198110 -16.607109 27.962500 -382.202847 -0.494225 -0.463340 -0.735566 0.584355 0.449394 -0.675703 0.643639 -0.763781 0.048654
3.657844 -13.416633 -39.476767 -59.843425 -0.483285 -0.480878 -0.731568 0.681294 0.318198 -0.659233 0.549794 -0.817011 0.173839
3.373618 -14.573517 -13.293543 -328.954970 -0.442227 -0.493752 -0.748762 0.631891 0.420945 -0.650784 0.636514 -0.760930 0.125844
3.829863 -13.623769 -15.417888 -75.941026 -0.507880 -0.434825 -0.743629 0.671109 0.341485 -0.658028 0.540066 -0.833256 0.118382
4.923124 -24.071846 52.579513 -791.940449 -0.464626 -0.504864 -0.727485 0.477511 0.549012 -0.685981 0.745725 -0.666106 -0.014007
3.744101 -16.200574 2.515416 -339.899295 -0.526476 -0.442269 -0.726100 0.562666 0.458999 -0.687552 0.637362 -0.770531 0.007198
4.647688 -23.975256 52.969681 -727.079773 -0.521297 -0.479972 -0.705604 0.431836 0.564792 -0.703227 0.736048 -0.671295 -0.087156
0.835188 -25.365077 -13.615261 244.817655 0.829165 0.307150 0.467059 -0.432606 -0.176577 0.884123 -0.354030 0.935136 0.013536
0.521189 -24.468821 -55.499246 351.127993 0.823594 0.323007 0.466219 -0.475810 -0.053921 0.877894 -0.308704 0.944859 -0.109281
0.652222 -26.526404 -54.526396 253.752965 0.826852 0.322307 0.460905 -0.511266 0.089269 0.854774 -0.234355 0.942417 -0.238597
1.061392 -23.148135 -11.295928 296.656327 0.828889 0.292712 0.476720 -0.436584 -0.194331 0.878425 -0.349767 0.936245 0.033286
0.773512 -22.383587 1.971359 54.182386 0.837277 0.293129 0.461566 -0.349386 -0.362516 0.864009 -0.420591 0.884679 0.201111
1.252990 -25.674564 -15.786459 316.594865 0.822932 0.298585 0.483353 -0.515814 0.036027 0.855943 -0.238158 0.953703 -0.183662
-6.331711 -11.729654 -61.052161 125.459922 0.716687 0.588336 0.374461 -0.354079 -0.155618 0.922177 -0.600823 0.793501 -0.096788
-6.970495 -12.756239 -62.112350 206.542188 0.632678 0.572651 0.521334 -0.559355 -0.127655 0.819040 -0.535575 0.809799 -0.239551
-6.165235 -11.674645 -86.904438 145.121834 0.690528 0.655513 0.305735 -0.347018 -0.070626 0.935195 -0.634625 0.751874 -0.178705
-5.663893 -12.037547 -86.305888 -68.964398 0.767698 0.627012 0.132272 -0.123805 -0.057398 0.990645 -0.628739 0.776892 -0.033562
-4.643907 -9.530146 -106.130553 -6.644981 0.712991 0.698817 0.057439 -0.115520 0.036272 0.992643 -0.691592 0.714381 -0.106589
-5.746069 -11.696939 -47.495859 259.088195 0.667790 0.703108 0.244327 -0.358839 0.016513 0.933254 -0.652143 0.710891 -0.263329
-5.032722 -9.477334 -92.436159 167.006972 0.686300 0.713162 0.142801 -0.225044 0.021515 0.974111 -0.691627 0.700669 -0.175259
18.776952 -144.884827 -1302.342817 -8995.870563 0.788760 0.419079 0.449701 0.424950 0.156856 -0.891523 0.444157 -0.894298 0.054367
2.673695 -73.611518 -426.011695 -4299.085095 0.831145 0.481725 0.277738 0.495077 -0.413669 -0.764053 0.253171 -0.772541 0.582310
7.971181 -55.906187 214.872337 -3122.975147 -0.628529 -0.633831 -0.450787 0.703588 -0.216290 -0.676892 0.331534 -0.742615 0.581901
-12.223827 -229.863924 -210.885668 -16729.366783 0.694893 -0.372647 -0.615027 0.698117 0.554741 0.452653 0.172501 -0.743906 0.645637
3.253310 -13.974177 252.134256 -969.625992 -0.599272 -0.635291 -0.487112 0.778894 -0.322145 -0.538096 0.184926 -0.701875 0.687877
-5.919514 -12.325378 200.224213 135.927020 -0.826418 0.345599 -0.444516 0.138135 0.889786 0.434972 0.545850 0.298065 -0.783074
-5.020101 -13.351826 137.111323 -97.388974 -0.821541 0.400080 -0.406210 0.303432 0.909988 0.282579 0.482700 0.108893 -0.868989
-3.862516 -12.866773 131.939145 35.044286 -0.847643 0.340671 -0.406749 0.175112 0.903304 0.391634 0.500837 0.260739 -0.825335
0.337608 -39.832246 -8.979205 100.997441 0.712224 0.377599 0.591739 -0.517936 0.851678 0.079923 -0.473792 -0.363406 0.802158
0.522140 -35.821185 -27.225162 -61.914546 0.696010 0.397647 0.597868 0.594345 -0.786261 -0.168960 -0.402894 -0.472938 0.783585
0.367912 -40.984923 0.240759 1040.456020 0.709731 0.391570 0.585623 0.625904 -0.732003 -0.269103 -0.323305 -0.557535 0.764610
-12.702401 -241.837220 338.543233 -15277.208066 0.732027 -0.273500 -0.623967 -0.077599 0.876446 -0.475206 0.676842 0.396283 0.620358
-1.375378 -105.645284 60.784143 -6308.429344 0.717618 -0.365867 -0.592592 0.104537 0.897839 -0.427735 0.688546 0.245003 0.682552
4.016274 -447.761488 -650.704102 -24535.693801 0.663830 0.059209 -0.745536 -0.308631 0.929708 -0.200971 0.681232 0.363506 0.635442
-14.699902 -16.398309 440.387469 -75.983926 -0.833472 -0.029361 -0.551780 0.193694 0.919701 -0.341516 0.517500 -0.391520 -0.760858
-9.231966 -15.582420 104.974922 -115.820694 0.892909 0.330481 0.305772 -0.100133 0.807889 -0.580765 0.438962 -0.487953 -0.754463
-11.067211 -16.583661 200.329683 4.059302 -0.876125 -0.304533 -0.373717 -0.131095 0.896501 -0.423203 0.463917 -0.321786 -0.825370
-7.285717 -12.571889 -126.954266 147.709587 0.857620 0.509302 -0.071410 -0.233357 0.261640 -0.936530 0.458293 -0.819851 -0.343237
-7.393965 -11.166181 -129.494336 162.742992 0.846297 0.527514 -0.074229 -0.308628 0.371946 -0.875446 0.434200 -0.763796 -0.477583
-7.142000 -12.174950 -87.811435 -41.416323 0.857053 0.514054 0.034761 -0.064114 0.173349 -0.982771 0.511223 -0.840059 -0.181527
-6.176182 -11.417480 232.834349 -57.658085 0.786338 0.569945 0.238403 0.123025 0.233705 -0.964493 0.605424 -0.787747 -0.113653
-7.444387 -10.811796 12.720467 122.342216 0.793452 0.607463 0.037706 -0.269602 0.406337 -0.873043 0.545663 -0.682553 -0.486183
-2.224838 -11.917942 86.723546 -127.800504 0.933675 0.173832 0.313102 0.258687 -0.931972 -0.253985 -0.247652 -0.318135 0.915128
7.195388 -8.220934 -618.272323 160.489287 0.695420 0.590702 0.409221 -0.644060 0.764914 -0.009638 -0.318712 -0.256860 0.912385
244.397120 -5.367324 20139.677852 -551.736840 -0.296984 -0.806252 -0.511623 0.902224 -0.412400 0.126170 -0.312718 -0.424128 0.849896
0.041402 -16.833540 47.032801 -113.968807 0.812349 0.211481 0.543475 -0.098252 0.968240 -0.229908 -0.574835 0.133368 0.807327
0.054487 -16.765420 43.841294 3.447920 0.811998 0.186402 0.553094 0.035946 0.929861 -0.366152 -0.582552 0.317196 0.748345
-0.472548 -16.083736 27.529302 12.577055 0.805963 0.176868 0.564925 0.059286 0.925407 -0.374310 -0.588989 0.335172 0.735358
3.918935 -19.634193 30.967142 370.176462 0.510389 0.278903 0.813459 0.676483 -0.714233 -0.179563 0.530919 0.641938 -0.553210
3.428736 -19.561378 79.158808 334.070760 0.489320 0.216649 0.844766 0.688423 -0.690614 -0.221646 0.535388 0.690011 -0.487077
4.244260 -22.865022 34.860759 235.020947 0.501817 0.262597 0.824150 0.783108 -0.542543 -0.303957 0.367318 0.797928 -0.477899
-0.259870 -16.438964 21.222382 353.878756 -0.639689 -0.226605 -0.734472 -0.306008 0.951643 -0.027090 0.705094 0.207425 -0.678099
-1.071358 -13.035699 69.350707 241.503351 -0.675361 -0.181830 -0.714720 -0.369833 0.921965 0.114913 0.638052 0.341935 -0.689906
0.233427 -9.230820 -9.660971 53.518899 0.888613 0.302578 0.344694 0.451547 -0.708953 -0.541747 -0.080452 -0.637050 0.766613
0.101495 -9.247747 38.889091 55.859293 0.891550 0.306551 0.333415 0.448026 -0.704860 -0.549951 -0.066422 -0.639687 0.765760
0.560172 -24.647384 -2.817052 -154.582157 0.735621 0.118445 0.666958 0.464639 -0.804693 -0.369567 -0.492923 -0.581756 0.646983
1.055120 -25.343066 31.076464 -140.206753 0.730776 0.113574 0.673103 0.531201 -0.713901 -0.456257 -0.428710 -0.690975 0.582033
0.226005 -26.027714 -26.296336 -108.182188 0.705754 0.103134 0.700910 0.629349 -0.545568 -0.553421 -0.325318 -0.831696 0.449944
-0.060345 -23.950474 0.619128 299.653337 0.783971 0.270810 0.558616 -0.175158 0.959768 -0.219464 -0.595575 0.074208 0.799865
-0.408521 -23.325366 8.339631 249.806640 0.781195 0.277415 0.559263 -0.292303 0.954116 -0.064979 -0.551628 -0.112713 0.826440
-0.279230 -25.345766 -2.127285 258.785846 0.774503 0.302485 0.555561 -0.318291 0.945332 -0.070976 -0.546659 -0.121859 0.828441
6.711172 -117.152166 -1773.402613 3832.109290 -0.776138 0.185025 -0.602807 0.005288 0.957858 0.287195 0.630541 0.219715 -0.744408
0.363016 -38.495762 -41.904124 397.549566 -0.781733 0.252591 -0.570168 0.211653 0.967493 0.138422 0.586597 -0.012469 -0.809783
0.234157 -40.021078 -135.595771 285.450430 -0.758045 0.283403 -0.587410 0.140371 0.950443 0.277405 0.636917 0.127830 -0.760261
-9.309227 -20.783011 -88.471813 46.347245 -0.494652 0.199797 -0.845813 0.820709 -0.212801 -0.530239 -0.285930 -0.956450 -0.058713
-9.184217 -20.133325 -36.154957 -209.352234 -0.482766 0.314182 -0.817452 0.652153 -0.494016 -0.575016 -0.584494 -0.810702 0.033600
-9.412838 -20.371608 55.728510 -192.288274 -0.470107 0.437986 -0.766268 0.635934 -0.433946 -0.638184 -0.612035 -0.787311 -0.074529
-9.000059 -20.428519 -82.916750 -144.416926 -0.491615 0.208427 -0.845502 0.717551 -0.453162 -0.528928 -0.493392 -0.866719 0.073224
-0.078742 -99.997336 180.066572 6369.897499 0.906664 -0.042424 0.419714 0.255112 -0.737244 -0.625611 -0.335973 -0.674293 0.657610
-1.966701 -100.107500 -270.700703 -4677.900867 0.824321 0.179476 0.536920 -0.361685 0.896582 0.255588 -0.435521 -0.404882 0.803985
0.962999 -124.391243 -269.681288 -6276.816482 0.823953 0.143990 0.548059 -0.353244 0.886770 0.298090 -0.443080 -0.439211 0.781520
-0.061974 -54.616605 125.417722 1703.117711 0.914424 -0.039101 0.402864 0.214393 -0.797438 -0.564029 -0.343313 -0.602133 0.720813
3.528738 -8.544591 -33.440250 40.360966 0.811515 0.256986 0.524787 -0.245606 0.964925 -0.092723 -0.530209 -0.053644 0.846169
2.996301 -7.896037 63.118530 51.636363 0.835178 0.330217 0.439812 -0.311630 0.943060 -0.116295 -0.453172 -0.039931 0.890528
-0.903018 -14.769999 -2.395136 -45.445253 0.786182 0.209661 0.581343 -0.056046 0.961005 -0.270792 -0.615448 0.180310 0.767275
-0.666290 -13.662933 -18.848041 -58.133331 0.770755 0.259706 0.581798 -0.199049 0.965598 -0.167333 -0.605240 0.013166 0.795934
2.544183 -6.457281 -39.222326 -117.728132 -0.733859 -0.388037 -0.557564 0.202695 0.658315 -0.724939 0.648356 -0.645019 -0.404457
2.525097 -5.226510 25.862918 -142.985661 0.754651 0.360450 0.548249 0.240827 0.625097 -0.742466 0.610331 -0.692337 -0.384924
2.445884 -5.442678 25.211917 -122.280798 0.725598 0.366901 0.582143 0.268079 0.628428 -0.730213 0.633751 -0.685902 -0.357628
-16.233876 -425.392636 -600.477846 19605.973021 0.700486 -0.613182 -0.365140 -0.321558 0.185581 -0.928526 -0.637118 -0.767833 0.067177
-22.459930 -309.748302 -983.161743 13582.957026 0.687205 -0.638466 -0.346569 -0.320134 0.162092 -0.933402 -0.652122 -0.752388 0.093005
-7.246002 -309.329465 -174.942868 -17247.486129 0.672551 -0.633197 -0.383063 0.710671 0.408199 0.572992 -0.206451 -0.657598 0.724529
-10.490137 -247.518831 186.284376 11306.176375 0.689848 -0.601701 -0.402574 -0.421926 0.117718 -0.898955 -0.588293 -0.789999 0.172666
1.119661 -44.299508 -42.716248 1624.753140 0.825139 -0.558707 -0.083621 0.031351 0.193079 -0.980682 -0.564060 -0.806577 -0.176833
-4.362230 -10.899731 -43.481385 159.496519 0.832711 0.332252 0.442946 -0.321566 -0.361055 0.875348 -0.450764 0.871348 0.193814
-3.767893 -11.007154 85.743452 113.574571 0.778191 0.333037 0.532451 -0.456156 -0.283007 0.843699 -0.431670 0.899441 0.068316
-2.951764 -9.613111 138.279663 87.005815 0.882182 0.378107 0.280696 -0.152370 -0.334815 0.929883 -0.445576 0.863096 0.237756
-1.073385 -11.522754 23.523185 38.205862 0.842159 0.011556 0.539106 -0.537895 0.088307 0.838374 0.037918 0.996026 -0.080584
-0.944677 -10.157941 10.592475 -211.316847 -0.853199 -0.349780 -0.386918 -0.343203 0.935080 -0.088525 0.392764 0.057262 -0.917855
-1.591270 -12.356685 -5.726842 -168.328935 -0.853850 -0.344405 -0.390288 -0.399930 0.913989 0.068407 0.333160 0.214498 -0.918148
-0.113752 -7.227882 59.378873 -199.387514 -0.818651 -0.459847 -0.344021 -0.388317 0.884575 -0.258336 0.423108 -0.077898 -0.902725
-1.585961 -12.542492 -24.084967 -134.915346 -0.859269 -0.296295 -0.416972 -0.371686 0.921698 0.111001 0.351434 0.250362 -0.902116
-0.986079 -10.611024 -20.898413 -183.550247 -0.865060 -0.280606 -0.415851 -0.291298 0.955837 -0.039012 0.408432 0.087388 -0.908596
-0.256328 -7.728713 21.050018 -200.464071 -0.845171 -0.376576 -0.379311 -0.310881 0.923614 -0.224256 0.434786 -0.071614 -0.897682
-0.416018 -11.640433 -3.086837 -41.297204 0.780137 0.190405 0.595930 -0.574040 -0.160852 0.802873 -0.248727 0.968438 0.016187
-0.623555 -12.679755 -9.409875 -52.859767 0.800173 0.201083 0.565057 -0.502126 -0.290649 0.814489 -0.328014 0.935462 0.131600
-0.793707 -13.375009 -18.010294 -47.794606 0.816157 0.224365 0.532492 -0.403240 -0.438891 0.802977 -0.413866 0.870078 0.267731
1.209442 -19.448610 -62.978965 -19.955345 0.525886 0.409271 0.745615 -0.106083 0.901337 -0.419926 -0.843914 0.141736 0.517417
-0.154493 -18.849176 -32.644485 105.148193 0.534799 0.409795 0.738957 0.037254 0.862242 -0.505125 -0.844158 0.297669 0.445860
5.253919 -9.645129 -190.021750 4.179902 0.749035 0.587352 0.306536 0.074638 0.384922 -0.919926 0.658313 -0.711936 -0.244482
8.188083 -10.143676 -274.468535 12.000542 0.715274 0.665260 0.214040 -0.041656 0.346318 -0.937192 0.697602 -0.661433 -0.275424
-3.428286 -6.299970 -164.831978 -31.734633 0.745759 0.653344 -0.130325 -0.544718 0.485348 -0.683901 0.383569 -0.581016 -0.717841
-1.775473 -5.862103 -236.622458 -25.121892 0.673005 0.691105 -0.263511 -0.637960 0.362123 -0.679613 0.374260 -0.625493 -0.684608
1.051387 -4.237794 -323.642052 25.713090 0.515081 0.739088 -0.434098 0.763509 -0.165456 0.624242 0.389545 -0.652973 -0.649524
2.627207 -12.076545 -71.247663 -25.780063 -0.464801 -0.517190 -0.718661 0.701070 0.280779 -0.655488 0.540797 -0.808503 0.232080
3.917339 -14.802612 -29.424831 180.111054 -0.520696 -0.439154 -0.732133 0.729598 0.216443 -0.648721 0.443354 -0.871950 0.207705
-3.172071 -19.304719 14.912796 -34.859554 0.655110 0.338335 0.675544 -0.577404 -0.352461 0.736462 -0.487274 0.872526 0.035545
-3.173575 -18.942332 6.470146 34.975122 0.654923 0.328558 0.680534 -0.470802 -0.527022 0.707527 -0.591119 0.783772 0.190473
-2.921703 -19.532640 26.502204 -22.264438 0.697232 0.289935 0.655595 -0.554221 -0.362017 0.749521 -0.454649 0.885935 0.091722
-3.044574 -19.108124 13.114802 -53.812015 0.669258 0.334347 0.663555 -0.653506 -0.160103 0.739795 -0.353586 0.928751 -0.111348
-2.273385 -19.717531 35.612985 0.073554 0.731519 0.238270 0.638833 -0.552595 -0.341663 0.760201 -0.399399 0.909117 0.118266
-2.770256 -19.303118 23.724971 -32.870253 0.695561 0.283160 0.660314 -0.644190 -0.161173 0.747691 -0.318141 0.945433 -0.070303
-2.353217 -19.222491 41.552190 36.294581 0.742385 0.243410 0.624192 -0.447242 -0.513633 0.732226 -0.498837 0.822759 0.272450
-6.610517 -12.664168 10.614854 107.405458 0.727568 0.511381 0.457312 -0.441536 -0.161136 0.882656 -0.525063 0.844112 -0.108556
-6.642027 -13.645018 50.820195 92.665748 0.710424 0.459168 0.533351 -0.544966 -0.120618 0.829737 -0.445320 0.880123 -0.164541
-6.755710 -15.234312 43.216079 205.054573 0.660207 0.489671 0.569516 -0.645886 -0.016876 0.763248 -0.383351 0.871744 -0.305130
3.957765 -227.191343 790.277007 -13382.001461 0.913200 0.406245 -0.032100 0.245736 -0.611801 -0.751874 0.325084 -0.678723 0.658525
11.552378 -402.737378 -1284.336517 -27532.079051 0.919784 0.379308 0.100610 0.317676 -0.569180 -0.758364 0.230389 -0.729493 0.644020
-0.101172 -34.104834 -52.070781 -900.596504 0.821894 0.239167 0.517000 -0.186967 -0.744049 0.641431 -0.538083 0.623851 0.566813
-1.237079 -37.260570 -44.082687 1184.864597 0.830753 0.247548 0.498567 0.050339 0.858590 -0.510185 -0.554361 0.448935 0.700815
-0.335144 -28.058985 35.987015 -589.165421 0.848360 0.257518 0.462568 -0.140216 -0.733235 0.665361 -0.510514 0.629325 0.585939
0.345779 -23.931652 11.310621 -363.870503 0.838981 0.253405 0.481556 -0.255625 -0.597696 0.759879 -0.480381 0.760622 0.436679
-6.402290 -12.466004 129.098739 -2.489025 -0.799158 0.333006 -0.500454 0.191427 0.930173 0.313263 0.569827 0.154546 -0.807101
-0.258856 -40.664586 -29.516952 326.226042 0.730068 0.218284 0.647574 0.186385 0.848083 -0.496001 -0.657465 0.482813 0.578473
-0.083840 -59.545913 1.346170 1731.345273 0.735902 0.256942 0.626442 0.169930 0.825502 -0.538211 -0.655417 0.502522 0.563826
-0.318736 -38.786817 -30.941703 -562.464204 0.728238 0.187107 0.659287 -0.371816 -0.700246 0.609433 -0.575692 0.688946 0.440377
-0.412215 -51.238426 -20.990790 955.170511 0.727642 0.280050 0.626186 -0.027587 0.924074 -0.381218 -0.685402 0.260116 0.680121
0.104866 -32.724169 -11.750498 -33.227536 0.726652 0.158254 0.668530 -0.366782 -0.733452 0.572292 -0.580902 0.661062 0.474920
0.000189 -36.363294 -24.818771 244.416345 0.737386 0.253519 0.626091 0.000099 0.926854 -0.375421 -0.675472 0.276892 0.683425
0.308862 -32.601761 -6.221100 -48.707736 0.739729 0.190143 0.645482 0.189481 0.861573 -0.470945 -0.645677 0.470679 0.601301
-11.355177 -16.880675 -50.003768 -237.105635 -0.630253 0.132133 -0.765064 0.446201 0.868062 -0.217655 0.635363 -0.478550 -0.606056
3.956121 -13.390540 -26.809962 451.621596 0.796982 0.427177 -0.427013 -0.545127 0.204267 -0.813088 0.260108 -0.880792 -0.395663
4.175273 -16.836910 -201.728872 497.224805 0.873059 0.321668 -0.366466 -0.425696 0.136282 -0.894545 0.237803 -0.936994 -0.255915
6.319394 -17.671802 10.481103 346.289136 0.795804 0.416825 -0.439265 -0.480309 -0.007278 -0.877069 0.368781 -0.908958 -0.194413
2.468695 -10.804699 -176.298073 352.172979 0.863817 0.317385 -0.391264 -0.481667 0.292574 -0.826074 0.147709 -0.902035 -0.405604
2.918889 -13.322531 202.856104 249.695609 0.708025 0.526481 -0.470657 -0.600617 0.098399 -0.793459 0.371429 -0.844473 -0.385882
4.074122 -8.763065 -118.201909 268.969424 0.796882 0.421671 -0.432634 -0.573717 0.303830 -0.760616 0.189283 -0.854330 -0.484037
4.237981 -10.822969 85.551425 297.737712 0.745931 0.495217 -0.445362 -0.609951 0.239385 -0.755417 0.267482 -0.835138 -0.480623
-1.153362 -11.470602 -30.245483 -24.479531 0.896403 0.249412 0.366408 0.380337 -0.857321 -0.346908 -0.227606 -0.450328 0.863366
-0.812929 -11.122039 -34.281408 -48.090517 0.881001 0.278525 0.382440 0.383441 -0.893870 -0.232314 -0.277146 -0.351312 0.894298
-1.898235 -12.156805 56.723697 -45.554267 0.925061 0.200823 0.322385 0.320971 -0.867147 -0.380833 -0.203075 -0.455769 0.866623
0.705035 -7.779127 -91.720844 72.234147 0.763775 0.156122 0.626318 0.061930 0.948109 -0.311857 -0.642505 0.276976 0.714473
0.469554 -8.917385 -99.318192 96.780475 0.764261 0.138925 0.629765 -0.006913 0.978231 -0.207406 -0.644869 0.154159 0.748584
0.664254 -7.936174 -8.467657 67.389817 0.773353 0.174882 0.609378 0.010585 0.957505 -0.288221 -0.633887 0.229347 0.738639
1.450100 -8.884374 -85.624591 63.277204 0.778752 0.117748 0.616183 0.019519 0.977204 -0.211404 -0.627028 0.176659 0.758701
1.080468 -6.951882 -8.733879 69.478215 0.771632 0.209332 0.600636 0.035681 0.928562 -0.369459 -0.635067 0.306518 0.709039
1.324964 -6.421650 -48.635905 67.889623 0.766476 0.237026 0.596937 0.063128 0.897111 -0.437273 -0.639163 0.372842 0.672651
1.212235 -7.020143 -87.503430 53.724155 0.773012 0.208923 0.599002 0.084495 0.901896 -0.423609 -0.628739 0.378068 0.679523
1.662360 -8.143753 0.665724 38.912171 0.806557 0.163553 0.568081 0.070878 0.927279 -0.367601 -0.586892 0.336755 0.736311
0.126635 -15.805214 49.136378 -123.710060 0.808974 0.241222 0.536072 -0.226326 0.969439 -0.094686 -0.542529 -0.044728 0.838845
-0.809189 -17.913543 -55.576778 16.520622 0.550346 0.365880 0.750501 0.630161 0.407661 -0.660840 -0.547738 0.836627 -0.006209
0.343978 -17.134960 -75.312134 69.909110 0.500212 0.353502 0.790458 0.685630 0.395857 -0.610908 -0.528865 0.847546 -0.044359
-1.009802 -18.110767 -53.407143 124.087844 0.539435 0.359827 0.761272 0.559014 0.523069 -0.643352 -0.629693 0.772608 0.081014
-0.196878 -17.634727 -58.733462 -58.110093 0.542860 0.364321 0.756686 0.714154 0.273850 -0.644198 -0.441913 0.890099 -0.111519
-1.794164 -17.819467 -37.159382 -39.727785 0.594135 0.356599 0.721000 -0.516122 -0.518495 0.681748 -0.616946 0.777175 0.124007
-1.527269 -17.907618 -38.650433 -16.340170 0.594121 0.354740 0.721928 0.611086 0.384565 -0.691870 -0.523062 0.852214 0.011702
0.404708 -22.040340 34.256802 229.784183 -0.646762 -0.257668 -0.717848 0.004997 0.939752 -0.341821 0.762675 -0.224664 -0.606508
0.349634 -19.245962 16.272577 297.047743 -0.633243 -0.265934 -0.726830 -0.160359 0.963818 -0.212932 0.757158 -0.018284 -0.652976
-0.119155 -25.429336 47.700603 173.280644 -0.647623 -0.255432 -0.717871 0.169716 0.870112 -0.462710 0.742819 -0.421496 -0.520154
0.941465 -23.478893 47.792764 -22.802172 -0.663902 -0.288600 -0.689887 0.197438 0.822153 -0.533932 0.721285 -0.490688 -0.488849
0.776313 -21.034975 32.668959 46.406829 -0.644429 -0.294487 -0.705683 0.037248 0.909682 -0.413632 0.763757 -0.292842 -0.575256
0.364899 -9.270097 -11.942934 43.746549 0.883823 0.311964 0.348620 0.459899 -0.715958 -0.525259 -0.085735 -0.624566 0.776252
0.428966 -9.559607 37.367373 26.857722 0.884208 0.318915 0.341277 0.444903 -0.797551 -0.407399 -0.142260 -0.512060 0.847087
0.404007 -24.297266 -22.088271 153.446558 0.737113 0.116376 0.665674 -0.345112 0.911744 0.222754 -0.581001 -0.393927 0.712221
0.771849 -23.831494 17.466190 364.749115 0.741861 0.138552 0.656084 -0.329516 0.927461 0.176736 -0.584005 -0.347304 0.733702
-0.826725 -21.561774 26.763235 145.303746 0.786201 0.257963 0.561554 -0.280689 0.958628 -0.047392 -0.550547 -0.120362 0.826082
-0.758107 -20.321334 37.029751 81.992741 0.796951 0.223708 0.561092 -0.145915 0.972681 -0.180557 -0.586156 0.062023 0.807821
-1.514727 -20.438899 37.757301 59.210079 0.776598 0.248881 0.578752 -0.274807 0.960479 -0.044286 -0.566901 -0.124653 0.814300
-1.490631 -21.233507 31.966155 73.061964 0.765887 0.276310 0.580577 -0.406108 0.907931 0.103625 -0.498491 -0.315142 0.807584
-2.216230 -20.190503 38.830147 42.649134 0.749206 0.264861 0.607074 -0.404567 0.908709 0.102825 -0.524419 -0.322640 0.787965
-2.326802 -19.664965 45.262051 21.113341 0.757569 0.246326 0.604493 -0.277834 0.959672 -0.042868 -0.590675 -0.135473 0.795456
2.128176 -178.335116 -24.550669 4436.464364 0.853000 -0.282204 0.439035 0.475321 0.767473 -0.430180 0.215549 -0.575626 -0.788792
3.322418 -178.061273 550.042593 -1946.905008 0.899504 -0.188392 0.394210 0.435426 0.312154 -0.844372 -0.036019 -0.931165 -0.362814
-4.208578 -226.021894 1457.191258 -13500.179055 0.820290 -0.205623 0.533707 0.569441 0.206342 -0.795713 -0.053491 -0.956631 -0.286351
-1.168238 -50.655273 42.404140 -1166.123677 0.775242 -0.318705 0.545369 -0.249936 0.638154 0.728211 0.580114 0.700847 -0.415068
-1.755960 -49.075163 107.034770 -907.465992 0.775474 -0.341675 0.530940 -0.239421 0.618983 0.748023 0.584223 0.707191 -0.398201
-1.646676 -50.984986 14.899269 -52.296208 0.795887 -0.317094 0.515767 -0.452800 0.253766 0.854737 0.401916 0.913813 -0.058389
-1.490068 -53.997551 22.428843 -1247.115148 0.789076 -0.331349 0.517269 -0.290015 0.541361 0.789189 0.541526 0.772746 -0.331079
-0.968611 -48.575859 -75.166657 -1406.676699 -0.764349 0.332365 -0.552543 -0.060987 0.815812 0.575092 0.641912 0.473269 -0.603295
-9.880352 -16.586712 -104.659624 354.015998 -0.494281 0.244020 -0.834351 0.865103 0.232300 -0.444559 0.085338 -0.941536 -0.325924
-9.490201 -12.358013 -53.315606 443.773873 -0.385737 0.350741 -0.853339 0.895877 0.363425 -0.255590 0.220479 -0.863077 -0.454408
-9.886626 -12.552881 5.933969 452.035066 -0.316915 0.444221 -0.837993 0.931275 0.313143 -0.186196 0.179700 -0.839410 -0.512931
-9.620321 -13.148832 106.529307 411.775181 -0.288852 0.527382 -0.799019 0.951131 0.253231 -0.176701 0.109148 -0.811013 -0.574756
3.181108 -100.995294 429.876585 5491.336302 0.922723 0.015689 0.385144 0.162142 -0.922274 -0.350887 -0.349703 -0.386219 0.853547
1.252522 -62.676697 72.280577 -1024.727680 0.902076 -0.096516 0.420647 0.020800 0.983263 0.181001 -0.431076 -0.154527 0.888985
-2.212843 -93.758109 125.344599 5359.992952 0.903552 -0.064594 0.423583 0.175591 -0.845931 -0.503556 -0.390848 -0.529366 0.753000
-1.946895 -44.384232 190.707662 756.672210 0.922379 -0.045097 0.383644 0.230393 -0.732950 -0.640081 -0.310057 -0.678786 0.665668
0.422401 -9.968922 -116.659757 30.757335 0.756337 0.142224 0.638535 -0.172095 0.984958 -0.015540 -0.631140 -0.098136 0.769436
1.095472 -9.569647 -141.921035 52.820259 0.758428 0.133975 0.637838 -0.081528 0.990459 -0.111100 -0.646638 0.032260 0.762115
2.668240 -9.453850 -126.226087 26.085042 0.761232 0.180257 0.622923 -0.194248 0.979865 -0.046169 -0.618703 -0.085856 0.780920
-0.843302 -15.428890 13.739487 10.091653 0.796373 0.172448 0.579700 0.078760 0.920757 -0.382103 -0.599656 0.349954 0.719684
-0.971289 -14.806828 5.633889 -3.004185 0.786115 0.175872 0.592530 0.088624 0.916683 -0.389663 -0.611693 0.358833 0.705032
-11.632619 -414.085492 -92.857233 22019.909245 0.641577 -0.549300 -0.535395 -0.433378 0.316328 -0.843872 -0.632900 -0.773437 0.035106
-10.409645 -269.035972 -149.945191 -8024.998236 0.697262 -0.589820 -0.407356 0.702170 0.447712 0.553635 -0.144167 -0.672062 0.726326
-9.630168 -12.136300 122.051658 112.793280 0.393740 0.228977 0.890246 0.506035 0.754524 -0.417879 -0.767397 0.615031 0.181216
-8.296397 -12.176876 149.734533 131.467071 0.503685 0.183976 0.844070 0.482617 0.750448 -0.451564 -0.716507 0.634808 0.289199
-9.007730 -11.268440 185.405923 103.655088 0.470088 0.240169 0.849315 0.556948 0.665779 -0.496535 -0.684708 0.706440 0.179213
-8.829516 -12.939183 101.282341 82.765029 0.467007 0.202191 0.860827 0.376588 0.835330 -0.400505 -0.800054 0.511216 0.313963
-10.019515 -10.966978 138.166293 93.233098 0.401959 0.327370 0.855136 0.584749 0.626891 -0.514855 -0.704626 0.706991 0.060555
-10.766352 -11.902886 101.224316 111.085561 0.245481 0.229209 0.941914 0.559940 0.759637 -0.330784 -0.791332 0.608617 0.058133
-10.170946 -12.974700 92.100632 72.867590 0.345794 0.222601 0.911524 0.410429 0.837705 -0.360274 -0.843785 0.498697 0.198312
-0.453061 -2.892209 -206.020184 16.884265 0.087750 0.988192 -0.125602 0.559735 0.055388 0.826819 -0.824013 0.142857 0.548265
