19897
39774
-5.753076 -9.287813 46.712639 -148.023884 0.749119 0.070425 -0.658681 0.137822 0.956005 0.258960 0.647939 -0.284773 0.706455
-6.775770 -11.158884 58.767988 -145.152450 0.758298 0.256509 -0.599323 -0.093909 0.952728 0.288947 0.645109 -0.162826 0.746540
-8.554844 -11.156439 99.483192 -329.047248 0.670568 0.659957 -0.338813 -0.403580 0.707750 0.579839 0.622464 -0.252083 0.740940
-5.556849 -9.489994 -75.329204 -124.989493 0.713586 0.018838 -0.700314 0.144575 0.974161 0.173520 0.685487 -0.225069 0.692424
-7.065506 -8.285984 63.224892 -248.492435 0.785674 0.363743 -0.500408 -0.068917 0.855309 0.513514 0.614790 -0.368968 0.697062
-4.807336 -7.912942 -6.599203 -96.565074 0.654619 -0.200733 -0.728821 0.394081 0.913353 0.102401 0.645116 -0.354248 0.677003
5.463454 -6.925721 -149.829198 -83.205436 0.867806 0.198516 -0.455526 -0.448099 -0.083554 -0.890071 0.214754 -0.976530 -0.016446
4.673820 -3.058909 -156.519985 -255.757848 0.933432 0.242846 -0.264067 -0.235325 -0.141125 -0.961616 0.270791 -0.959745 0.074583
6.616476 -7.279439 -1.055756 25.770563 0.863053 0.318048 -0.392409 -0.387100 -0.082608 -0.918330 0.324489 -0.944469 -0.051822
2.518031 -6.690130 -288.380889 -125.076591 0.882924 0.114176 -0.455422 -0.441790 -0.126360 -0.888175 0.158955 -0.985392 0.061125
7.555124 -8.373023 -5.810221 38.423575 0.846014 0.300451 -0.440443 -0.454502 -0.025452 -0.890382 0.278726 -0.953458 -0.115023
6.731304 -8.576034 -180.944486 -82.431084 0.855790 0.207127 -0.474048 -0.482864 -0.009023 -0.875649 0.185648 -0.978272 -0.092292
-9.967502 -11.208341 -128.736554 15.966776 -0.580429 -0.574622 0.576985 0.798433 -0.540835 0.264579 0.160020 0.614253 0.772714
-10.227645 -11.757155 149.213795 -162.722045 0.911203 0.143669 -0.386095 0.328515 -0.818918 0.470586 0.248572 0.555637 0.793398
-8.783933 -10.616106 127.273261 -128.700916 0.737430 0.372530 -0.563398 0.635742 -0.664533 0.392719 0.228097 0.647779 0.726880
-9.391478 -10.636976 190.009368 13.170451 0.766541 0.328667 -0.551718 0.616859 -0.615761 0.490229 0.178604 0.716113 0.674747
-7.789656 -11.012074 -36.333099 -102.128892 0.736778 0.309401 -0.601189 0.621472 -0.660130 0.421901 0.266327 0.684470 0.678654
36.906767 -8.359338 -123.846696 -284.732572 -0.418352 0.907741 0.031431 0.843180 0.375267 0.384997 -0.337683 -0.187566 0.922382
97.161590 -7.739974 6670.196979 -796.070548 0.587822 -0.600178 -0.542450 0.808938 0.428387 0.402622 -0.009266 -0.675478 0.737322
128.548941 -2.545415 4262.468253 -509.197729 -0.485235 0.861866 -0.147426 0.644195 0.466381 0.606218 -0.591236 -0.199187 0.781514
194.556444 -5.925208 14710.815989 151.536785 -0.310462 0.709609 -0.632510 0.785688 0.566099 0.249454 -0.535078 0.419509 0.733283
28.419020 -7.533697 2109.732838 51.164593 -0.267957 0.889546 -0.370008 0.906886 0.362523 0.214791 -0.325203 0.278001 0.903858
15.754051 -10.653244 521.281079 -150.054162 -0.450331 0.880561 -0.147696 0.861186 0.472041 0.188507 -0.235711 0.042303 0.970902
-2.834647 -15.550422 -108.298568 632.250988 0.627053 0.548408 -0.553221 0.238204 0.541178 0.806464 -0.741662 0.637476 -0.208715
-3.427853 -18.978203 66.192900 634.940898 -0.658776 -0.508323 0.554637 0.141586 0.640277 0.754982 -0.738896 0.575893 -0.349828
-2.309718 -22.715178 146.890714 716.421058 -0.592853 -0.551092 0.587216 0.109662 0.667141 0.736815 -0.797809 0.501218 -0.335083
-1.414350 -16.624720 -93.736055 490.000210 0.591782 0.557914 -0.581829 0.263752 0.548042 0.793779 -0.761728 0.623203 -0.177170
-1.453841 -23.798214 70.199654 612.788757 -0.596203 -0.545229 0.589294 0.055858 0.704067 0.707933 -0.800888 0.454989 -0.389311
-2.127603 -28.500821 148.487428 488.684269 -0.582013 -0.548296 0.600527 -0.155977 0.800052 0.579299 -0.798080 0.243491 -0.551162
-2.054088 -11.043502 -72.422724 166.676680 0.797489 0.511978 -0.319202 -0.299164 0.795003 0.527703 0.523938 -0.325344 0.787172
-1.771469 -11.131880 -48.162905 135.411378 0.808669 0.490767 -0.324348 -0.242689 0.780583 0.576014 0.535869 -0.387089 0.750337
-2.111342 -11.744831 -31.248682 -20.143055 0.785286 0.521156 -0.334250 -0.174903 0.704611 0.687701 0.593915 -0.481581 0.644472
-1.702025 -10.606392 -90.186416 163.524250 0.815499 0.484163 -0.317093 -0.308926 0.827451 0.468924 0.489415 -0.284448 0.824356
-1.647878 -7.338118 -11.529719 -19.830221 0.958745 0.170615 -0.227373 -0.187695 0.980654 -0.055580 0.213492 0.095964 0.972220
-1.970159 -7.296141 -0.443496 -18.864888 0.951621 0.191247 -0.240505 0.237113 -0.954868 0.178897 0.195437 0.227269 0.954020
-1.818902 -7.563469 -0.845829 -3.496944 0.949791 0.219653 -0.222822 -0.248509 0.962284 -0.110687 0.190105 0.160503 0.968555
-0.416058 -10.444818 -3.781876 -92.001887 0.887776 0.415141 -0.198774 -0.331721 0.277699 -0.901579 0.319083 -0.866338 -0.384245
-0.569391 -10.791555 -10.525737 -61.821278 0.881260 0.422163 -0.212507 -0.380439 0.366821 -0.848945 0.280441 -0.828988 -0.483872
-0.259642 -10.167538 10.762068 -113.447710 0.893866 0.413323 -0.173691 -0.302096 0.269008 -0.914534 0.331273 -0.869942 -0.365321
-0.223003 -10.140526 12.628295 -42.391446 0.895494 0.413186 -0.165431 -0.267254 0.201970 -0.942223 0.355901 -0.887967 -0.291289
1.408627 -17.884762 41.688149 -153.874346 0.861004 0.495979 -0.112587 -0.477737 0.864633 0.155490 0.174466 -0.080090 0.981401
0.941268 -18.196068 39.077520 137.048657 0.828870 0.548541 -0.109894 0.556018 -0.829444 0.053532 0.061786 0.105474 0.992501
0.836378 -19.629661 14.685436 -247.643006 0.838985 0.533192 -0.108676 -0.521864 0.844983 0.116882 0.154150 -0.041348 0.987182
1.195452 -18.049388 27.553338 -88.672563 0.874509 0.467939 -0.127545 -0.428284 0.868460 0.249699 0.227612 -0.163739 0.959887
-0.218406 -17.488127 -25.768087 94.826761 -0.808103 -0.583539 -0.080328 -0.584221 0.811413 -0.017189 0.075210 0.033039 -0.996620
-0.668914 -17.151465 54.535437 110.818348 0.825049 0.558114 0.088337 -0.563350 0.824595 0.051769 0.043950 0.092477 -0.994744
0.169790 -16.273650 50.266058 281.615648 0.812988 0.574812 0.092960 -0.579772 0.784302 0.220760 -0.053987 0.233371 -0.970888
-3.137864 -20.497575 -82.591347 -1202.424297 -0.181799 0.337239 0.923698 0.818984 0.571840 -0.047588 -0.544256 0.747843 -0.380154
-9.471093 -77.135178 1336.496666 -4141.377318 -0.163783 -0.219972 -0.961659 0.498527 0.822732 -0.273100 0.851261 -0.524142 -0.025088
130.722668 -31.453298 8973.723985 1172.834488 0.808830 0.366873 -0.459563 0.196230 0.568324 0.799063 -0.554335 0.736486 -0.387686
742.517413 10.202301 119458.793131 -1181.633724 0.606812 -0.676795 0.416806 0.436597 -0.154386 -0.886311 -0.664201 -0.719801 -0.201804
-2.651848 -15.112031 82.126377 10.613901 0.818945 0.573711 0.013557 -0.488296 0.709042 -0.508750 0.301488 -0.410018 -0.860808
-3.099908 -14.706732 -9.408194 18.385332 0.853500 0.519905 -0.035165 -0.471755 0.742264 -0.475910 0.221326 -0.422779 -0.878790
-2.413108 -14.910539 73.800467 -10.995220 0.833988 0.551563 0.015529 -0.510496 0.781963 -0.357669 0.209420 -0.290365 -0.933719
-2.381194 -15.687455 101.048895 -0.414831 0.811085 0.583824 0.035911 -0.509884 0.735778 -0.445700 0.286633 -0.343190 -0.894462
-2.047647 -15.315349 89.408420 2.944080 0.834413 0.550031 0.034931 -0.523161 0.810399 -0.263733 0.173370 -0.201788 -0.963963
-2.254534 -14.789251 30.229481 -16.240393 0.859481 0.511166 0.000950 -0.503788 0.847388 -0.167725 0.086541 -0.143678 -0.985833
-0.498539 -3.905086 -264.067843 -21.921284 0.334521 -0.673235 0.659432 0.940844 0.278634 -0.192810 -0.053934 0.684921 0.726618
-1.228802 -4.513749 -154.627229 -70.123140 -0.017011 -0.730919 0.682252 0.999714 -0.023904 -0.000682 0.016807 0.682045 0.731117
1.816047 -3.162538 -319.121091 2.361546 0.362983 -0.661549 0.656199 0.931146 0.283836 -0.228922 -0.034809 0.694111 0.719026
3.602082 -2.870185 -386.092643 11.364874 0.498889 -0.610227 0.615412 0.864099 0.404842 -0.299058 -0.066652 0.680974 0.729268
3.120690 -2.718667 -387.818499 -64.254624 0.580080 -0.564253 0.587474 0.807411 0.493638 -0.323124 -0.107676 0.661771 0.741934
1.071628 -6.946741 58.093700 -140.745384 0.829529 0.557996 0.022877 0.374230 -0.524999 -0.764414 0.414529 -0.642664 0.644320
1.028369 -9.262625 128.743810 -210.085469 0.784626 0.617449 0.055850 0.394245 -0.427398 -0.813574 0.478470 -0.660369 0.578773
1.075937 -9.236486 11.210017 -98.432076 0.823116 0.562441 0.078356 0.376945 -0.437946 -0.816159 0.424726 -0.701330 0.572489
1.344216 -9.595545 -98.582206 -60.368678 0.853137 0.512155 0.099266 0.371987 -0.463806 -0.804058 0.365762 -0.722898 0.586205
1.305336 -9.564538 -64.182917 -66.294705 0.879036 0.476122 0.024572 0.337064 -0.584198 -0.738309 0.337170 -0.657282 0.674015
1.790158 -10.467890 -34.883415 -40.199937 0.834809 0.543838 0.085646 0.324015 -0.359566 -0.875058 0.445094 -0.758257 0.476380
0.844384 -17.454287 -28.501694 -51.511990 0.669675 0.529923 -0.520304 -0.450708 -0.266829 -0.851860 0.590252 -0.804975 -0.060152
0.399166 -18.345888 -13.612665 -79.394161 0.684051 0.534428 -0.496448 -0.478078 -0.185558 -0.858493 0.550922 -0.824594 -0.128567
0.742637 -18.909366 -46.230607 156.138251 0.679097 0.522546 -0.515532 -0.370258 -0.362581 -0.855245 0.633827 -0.771674 0.052751
0.468992 -18.269639 -14.815930 -301.392037 0.671636 0.534635 -0.512903 -0.539827 -0.121013 -0.833033 0.507436 -0.836374 -0.207334
1.494657 -18.414653 -81.286004 153.719595 0.667107 0.514532 -0.538726 -0.407174 -0.353747 -0.842065 0.623841 -0.781102 0.026483
0.997333 -18.234298 -76.543561 -157.082600 0.671213 0.514685 -0.533453 -0.492925 -0.227571 -0.839784 0.553622 -0.826626 -0.100952
-0.486897 -11.329169 -52.208472 -48.317900 -0.761021 -0.591680 0.266010 -0.588497 0.802203 0.100707 -0.272980 -0.079905 -0.958695
-0.636896 -11.315090 66.192145 -24.752696 0.769438 0.581729 -0.263734 -0.610996 0.790698 -0.038492 -0.186142 -0.190758 -0.963827
-0.638078 -11.218114 -36.661156 -13.496000 -0.759424 -0.588967 0.276393 -0.585208 0.804012 0.105339 -0.284265 -0.081751 -0.955254
-0.507289 -11.526786 -43.114771 -14.373122 -0.751004 -0.605015 0.264479 -0.561048 0.795896 0.227540 -0.348163 0.022499 -0.937164
-0.361146 -11.403743 -29.442427 -5.927360 -0.747749 -0.607922 0.267023 -0.548143 0.792133 0.268449 -0.374714 0.054366 -0.925545
2.740319 -6.088706 -143.239384 207.882155 -0.124902 0.989004 -0.079188 0.981917 0.111773 -0.152796 0.142265 0.096840 0.985080
1.417973 -3.632205 -213.993271 130.732149 -0.187986 0.981549 -0.034978 0.963760 0.177482 -0.199165 0.189282 0.071151 0.979342
-0.710950 -5.213542 -394.714295 187.940362 -0.194753 0.980844 0.004048 0.962226 0.191854 -0.193169 0.190245 0.033725 0.981157
-0.462965 -7.847715 -451.106808 286.551424 -0.114342 0.993403 0.008724 0.983471 0.114431 -0.140321 0.140394 0.007465 0.990068
1.722142 -18.750282 119.120742 69.244251 0.881871 0.468082 0.056590 -0.232382 0.327068 0.915983 -0.410246 0.820930 -0.397206
0.235567 -18.608158 39.416572 -99.693478 0.886139 0.463323 0.009504 -0.250527 0.461695 0.850925 -0.389865 0.756419 -0.525201
0.984236 -18.699731 95.223558 60.933250 0.893180 0.449432 0.015494 -0.163365 0.292179 0.942308 -0.418976 0.844182 -0.334389
-1.795153 -19.147174 -64.451654 -855.919409 0.514188 0.472498 -0.715791 0.675012 0.291926 0.677597 0.529121 -0.831580 -0.168837
-0.965590 -27.334033 11.154371 -1111.607308 0.505186 0.512446 -0.694397 0.511069 0.470718 0.719189 0.695411 -0.718208 -0.024095
-1.293083 -27.215103 -65.205348 -1353.144621 0.518583 0.450526 -0.726704 0.608108 0.403132 0.683878 0.601062 -0.796562 -0.064911
-1.878875 -16.499375 -100.740252 -751.711678 0.535711 0.454711 -0.711513 0.696226 0.238924 0.676893 0.477789 -0.857993 -0.188587
0.587815 -3.578497 -12.349838 -82.686611 0.490030 0.850087 -0.192930 0.799140 -0.526505 -0.290118 0.348204 0.012012 0.937342
0.212122 -4.198351 2.486980 -111.337426 0.570800 0.786884 -0.234522 0.735784 -0.616960 -0.279251 0.364429 0.013161 0.931138
0.085911 -4.708475 -2.922167 -112.610364 0.519235 0.830498 -0.201665 0.766209 -0.556894 -0.320613 0.378574 -0.011957 0.925494
0.647096 -3.519673 22.492958 -66.270228 0.575533 0.780515 -0.244046 0.738746 -0.624213 -0.254191 0.350736 0.033992 0.935857
-3.394858 -17.704907 202.109669 -814.415462 0.747939 0.472404 -0.466285 -0.234750 -0.468825 -0.851525 0.620870 -0.746349 0.239756
-2.238349 -13.124473 136.367452 -26.883208 0.693670 0.411337 -0.591290 -0.292126 -0.589701 -0.752938 0.658395 -0.695022 0.288896
-4.508119 -10.318816 211.792710 -12.828436 0.730725 0.411135 -0.544985 -0.274249 -0.554270 -0.785857 0.625163 -0.723707 0.292266
10.169522 -39.006113 310.340843 -334.547287 -0.493073 -0.262023 0.829592 0.414491 0.767634 0.488809 -0.764902 0.584877 -0.269894
7.666005 -45.168074 308.649543 927.175029 -0.407250 -0.311684 0.858487 0.382949 0.795075 0.470325 -0.829155 0.520296 -0.204435
9.805720 -40.970280 305.171177 864.406681 -0.466459 -0.302910 0.831060 0.162955 0.894028 0.417325 -0.869403 0.330090 -0.367667
3.031785 -7.971049 -216.344377 -15.984950 0.838163 0.509460 -0.194765 0.050713 -0.428340 -0.902194 0.543058 -0.746308 0.384855
4.613833 -7.830414 -164.093517 -38.964824 0.821098 0.537277 -0.192696 0.120158 -0.492736 -0.861843 0.557997 -0.684503 0.469142
4.843691 -8.059793 -3.112726 -7.689555 0.765955 0.593925 -0.246101 0.061171 -0.448393 -0.891741 0.639977 -0.667980 0.379780
-0.373164 -7.990235 -21.582324 24.628396 -0.276792 0.539843 -0.794956 0.907759 0.418269 -0.032028 0.315215 -0.730494 -0.605821
0.225148 -9.300059 -31.323589 41.520097 -0.209726 0.565873 -0.797373 0.933570 0.358290 0.008720 0.290625 -0.742574 -0.603424
1.085247 -8.177582 -37.026902 53.344160 -0.407734 0.481490 -0.775835 0.886257 0.413193 -0.209334 0.219777 -0.772941 -0.595197
0.398743 -6.528100 47.233093 64.303719 -0.520009 0.418592 -0.744561 0.816299 0.500189 -0.288905 0.251488 -0.758018 -0.601800
0.029440 -8.825537 -73.482611 55.235350 0.467889 0.445797 -0.763115 0.866571 -0.061814 0.495210 0.173592 -0.892997 -0.415237
-0.178839 -8.356083 -40.199176 96.173020 0.506401 0.445274 -0.738437 0.813181 0.038295 0.580749 0.286871 -0.894575 -0.342696
0.437132 -8.600142 -54.595942 23.258892 0.514924 0.445390 -0.732449 0.842428 -0.104791 0.528520 0.158643 -0.889183 -0.429168
-0.607269 -8.383008 -9.203364 97.580859 0.459778 0.470950 -0.752868 0.852008 0.005083 0.523503 0.250371 -0.882145 -0.398916
0.412344 -9.198147 -96.324713 -32.057646 0.469627 0.434992 -0.768266 0.882059 -0.194010 0.429338 0.037708 -0.879285 -0.474801
-0.342826 -8.959790 -33.574013 35.090365 0.437930 0.473531 -0.764190 0.888539 -0.098630 0.448074 0.136804 -0.875237 -0.463944
-1.049457 -9.012338 16.452010 507.347830 0.827945 0.543910 -0.136637 0.407166 -0.415458 0.813395 -0.385646 0.729080 0.565438
-1.064397 -9.679150 36.051713 423.450194 0.832992 0.536604 -0.134833 0.394065 -0.404333 0.825365 -0.388377 0.740656 0.548263
-1.289770 -12.424910 41.009327 517.544622 0.820065 0.546460 -0.169925 0.397942 -0.331144 0.855562 -0.411261 0.769236 0.489019
5.071237 -50.304900 -151.372647 -2429.187107 0.902017 0.383031 -0.199129 0.343092 -0.356094 0.869186 -0.262017 0.852341 0.452618
3.976001 -42.730932 -108.048372 -1302.032535 0.914314 0.373394 -0.156864 0.351931 -0.540806 0.763985 -0.200435 0.753727 0.625876
3.793405 -32.720902 -23.244027 -952.249765 0.890937 0.401960 -0.211328 0.338965 -0.278928 0.898500 -0.302216 0.872139 0.384758
5.021381 -55.662982 -187.947792 -1981.843617 0.928165 0.333745 -0.164695 0.359041 -0.686476 0.632329 -0.097977 0.646038 0.756991
-21.200507 -87.076669 -793.589564 5322.891458 -0.332397 0.109232 -0.936793 0.824888 0.515219 -0.232615 0.457244 -0.850069 -0.261362
-28.555666 -41.669986 18.012068 1762.410203 0.156064 0.555522 -0.816724 0.887474 0.284134 0.362847 0.433629 -0.781449 -0.448669
-19.213354 -29.286508 -652.018719 1984.912764 -0.210789 0.181956 -0.960448 0.747621 0.663010 -0.038473 0.629786 -0.726161 -0.275789
6.667764 -1.847601 108.151383 8.813247 0.636093 -0.699388 0.325950 0.763232 0.508200 -0.399011 0.113416 0.502583 0.857057
5.206129 -1.590332 -117.743406 4.394367 0.575340 -0.676185 0.460171 0.816322 0.439629 -0.374626 0.051012 0.591185 0.804921
4.758042 -1.498492 78.779556 12.711559 0.690548 -0.667506 0.278530 0.707017 0.541741 -0.454581 0.152545 0.510835 0.846036
6.662580 -1.889383 -182.343231 20.271727 0.586024 -0.658337 0.472407 0.809703 0.453531 -0.372411 0.030921 0.600751 0.798838
4.794554 -2.278314 275.484087 -9.677306 0.714729 -0.683321 0.149110 -0.664140 -0.596251 0.451003 0.219273 0.421375 0.879979
7.438225 -2.101525 -78.607196 16.824040 0.618916 -0.675543 0.400730 0.782960 0.489962 -0.383291 0.062587 0.550980 0.832168
6.680624 -2.253675 292.646185 4.356848 0.643673 -0.734018 0.216570 0.745141 0.536574 -0.396046 0.174499 0.416299 0.892326
-6.592389 -10.082403 -27.842790 -31.050117 -0.128149 -0.043392 0.990805 0.984999 -0.121981 0.122056 0.115563 0.991584 0.058373
-7.372453 -10.334893 -80.585767 -36.808159 -0.300542 -0.081963 0.950240 0.938927 -0.200502 0.279669 0.167603 0.976259 0.137216
-7.494828 -10.436292 -59.278320 -9.676757 -0.190118 -0.032948 0.981208 0.946055 -0.273237 0.174131 0.262365 0.961382 0.083118
-6.930100 -10.085173 -54.515692 -44.676162 -0.305518 -0.116348 0.945051 0.951321 -0.079614 0.297743 0.040598 0.990012 0.135008
-5.656292 -11.180874 -45.052191 -75.804504 -0.120791 0.277527 0.953094 0.727438 -0.628560 0.275219 0.675458 0.726561 -0.125959
-4.956632 -10.690995 7.076057 -111.310983 -0.097577 0.339995 0.935351 0.753578 -0.588653 0.292587 0.650076 0.733410 -0.198774
-5.446825 -10.237846 -1.691557 -87.115209 -0.063829 0.276641 0.958851 0.820261 -0.532713 0.208298 0.568417 0.799804 -0.192916
-0.544829 -1.108914 96.065919 60.192075 0.824734 0.493942 -0.275382 0.442096 -0.259471 0.858619 -0.352654 0.829877 0.432364
-1.100017 -1.539581 42.781544 65.493277 -0.160238 -0.513965 0.842712 0.914994 0.242923 0.322140 -0.370283 0.822696 0.431349
-0.708076 -1.168081 -63.256034 17.746907 -0.540583 -0.556652 0.630800 0.763416 -0.009513 0.645837 -0.353506 0.830692 0.430099
0.275682 -0.990950 80.934895 6.582769 0.841706 0.485961 -0.235314 0.405373 -0.280883 0.869930 -0.356656 0.827615 0.433416
0.354122 -1.410051 79.919136 -67.615668 0.816401 0.500263 -0.288490 0.455362 -0.250437 0.854357 -0.355155 0.828865 0.432258
-1.431006 -1.719928 -82.229081 61.577457 0.040139 -0.443857 0.895198 0.928819 0.346856 0.130331 -0.368353 0.826246 0.426185
-0.528574 -1.659417 117.958822 -74.073447 0.780674 0.511725 -0.358728 0.518318 -0.209497 0.829131 -0.349135 0.833216 0.428785
-3.955714 -31.314038 -70.524960 -512.312448 0.754591 0.545311 -0.365005 -0.424187 -0.019032 -0.905374 0.500657 -0.838018 -0.216952
-4.819992 -28.830550 -92.230563 -1014.507468 0.723239 0.576754 -0.379842 -0.287421 -0.248733 -0.924944 0.627944 -0.778130 0.014122
-4.429114 -26.615935 -54.581664 -880.344474 0.762028 0.544481 -0.350505 -0.232747 -0.274808 -0.932904 0.604270 -0.792478 0.082685
-3.879287 -29.668390 -15.339486 -460.601582 0.782526 0.523392 -0.337215 -0.388130 -0.013422 -0.921507 0.486835 -0.851986 -0.192641
-4.187270 -25.217549 42.871397 -811.025630 0.777851 0.531548 -0.335268 -0.202429 -0.293131 -0.934396 0.594954 -0.794689 0.120411
-4.584845 -17.723833 -24.336084 -695.267719 0.753227 0.559644 -0.345612 -0.076762 -0.447056 -0.891206 0.653266 -0.697811 0.293775
0.850076 -7.825546 115.046670 -113.265911 0.781456 0.522342 -0.341299 0.623841 -0.664736 0.411032 0.012174 0.534120 0.845321
1.739931 -6.735126 60.406424 -150.303074 0.785666 0.532685 -0.314604 0.616475 -0.631500 0.470284 -0.051841 0.563432 0.824535
0.419490 -5.993521 136.244730 -131.649164 0.732644 0.562082 -0.383793 0.678668 -0.560732 0.474330 -0.051407 0.607983 0.792284
-1.283281 -7.145386 -180.182461 -120.731287 -0.687536 -0.590525 0.422581 0.725712 -0.538563 0.428126 -0.025233 0.601024 0.798833
-2.694427 -5.191073 125.821544 -124.019028 0.869426 0.468651 -0.156411 0.367012 -0.400691 0.839493 -0.330757 0.787282 0.520372
-2.454135 -6.922972 137.838528 -125.660988 0.868257 0.464687 -0.173772 0.405552 -0.463048 0.788108 -0.285759 0.754753 0.590499
-1.258922 -5.710714 156.884317 -136.315512 0.863179 0.458937 -0.210471 0.410884 -0.396252 0.821072 -0.293421 0.795211 0.530607
-1.475502 -4.020140 146.535593 -113.664566 0.854825 0.468508 -0.223102 0.408534 -0.342516 0.846040 -0.319961 0.814360 0.484192
-0.582329 -11.104241 -7.916812 -43.980885 0.903162 0.270285 -0.333534 -0.369854 0.095433 -0.924176 0.217960 -0.958039 -0.186157
-0.675550 -11.398196 -10.333631 -24.079191 0.894520 0.278032 -0.350046 -0.417483 0.239634 -0.876518 0.159817 -0.930201 -0.330431
-0.731949 -10.703663 -6.553085 -11.861087 0.898743 0.283310 -0.334659 -0.391261 0.173642 -0.903750 0.197931 -0.943178 -0.266907
-0.772335 -11.225848 14.624762 1.694527 0.890077 0.292895 -0.349249 -0.435927 0.323165 -0.839959 0.133154 -0.899876 -0.415323
-0.808804 -10.446523 -9.560246 2.560137 0.898324 0.289271 -0.330659 -0.390686 0.181748 -0.902403 0.200943 -0.939835 -0.276283
-0.834161 -10.643946 -16.932619 -43.104615 0.904530 0.284480 -0.317641 -0.345615 0.052815 -0.936889 0.249750 -0.957226 -0.146093
-0.687201 -10.905778 -5.119381 24.589764 0.892580 0.290961 -0.344444 -0.428058 0.306818 -0.850076 0.141657 -0.906203 -0.398408
1.735071 -14.324724 -38.356428 103.200055 0.788996 0.347100 -0.506958 -0.610785 0.353755 -0.708378 0.066540 -0.868550 -0.491114
1.049011 -13.719091 -54.654710 95.610168 0.791907 0.329016 -0.514423 -0.609682 0.378794 -0.696278 0.034227 -0.865022 -0.500565
1.594048 -14.593622 20.256518 -33.943760 0.796130 0.358068 -0.487815 -0.576534 0.203966 -0.791206 0.183808 -0.911145 -0.368822
4.198275 -15.833496 14.098471 -273.677226 0.709031 0.697534 0.103547 0.513287 -0.409810 -0.754050 0.483541 -0.587794 0.648603
4.626485 -18.207548 55.129447 -258.784543 0.715025 0.686148 0.133940 0.457648 -0.314571 -0.831627 0.528485 -0.655932 0.538941
4.185463 -14.817972 -17.334086 -246.395953 0.732162 0.667415 0.136000 0.550537 -0.462301 -0.695116 0.401058 -0.583811 0.705916
4.156201 -13.405116 -34.430372 -266.570652 0.711214 0.691815 0.124767 0.599943 -0.504832 -0.620656 0.366393 -0.516272 0.774093
3.438699 -14.502779 59.251155 -275.339342 0.681793 0.728229 0.069571 0.576909 -0.476760 -0.663231 0.449815 -0.492323 0.745174
0.007444 -28.327342 40.296931 -581.270093 0.658834 0.734373 -0.163199 0.032101 0.189295 0.981395 -0.751603 0.651816 -0.101140
0.143255 -30.577732 23.105736 -346.680206 0.665638 0.731915 -0.145692 0.235894 -0.021141 0.971549 -0.708011 0.681067 0.186727
0.545282 -31.848470 98.150442 -446.366253 0.682635 0.720047 -0.124667 0.227998 -0.047778 0.972489 -0.694282 0.692278 0.196784
0.175225 -31.535080 -76.620949 -716.307286 0.631055 0.758036 -0.164774 0.157677 0.082634 0.984027 -0.759544 0.646956 0.067378
0.100662 -25.734365 -48.260631 -530.776972 0.636085 0.748544 -0.187292 -0.014606 0.254363 0.966999 -0.771481 0.612358 -0.172729
-0.574520 -16.367108 29.868255 -15.263811 0.766972 0.621248 0.160641 -0.639552 0.719711 0.270165 -0.052224 0.309947 -0.949318
-0.391846 -16.368554 38.246419 -96.643837 0.762237 0.624459 0.170428 -0.642451 0.761996 0.081357 0.079061 0.171505 -0.982006
-0.655396 -16.228621 53.955440 -48.083439 0.756906 0.630540 0.171793 -0.650782 0.751277 0.109842 0.059805 0.194940 -0.978990
-0.791106 -16.806098 4.201014 -38.395624 0.773981 0.618544 0.135486 -0.611057 0.673507 0.415930 -0.166021 0.404712 -0.899247
-0.442574 -17.127264 52.256558 -58.232424 0.776402 0.608085 0.165626 -0.616360 0.677770 0.400909 -0.131530 0.413352 -0.901022
-5.173651 -6.197488 66.691307 -14.911066 0.914469 -0.396385 0.081398 -0.377516 -0.763271 0.524308 0.145699 0.510192 0.847629
-3.893476 -6.084843 105.341236 -32.073463 0.976798 -0.177533 -0.119778 -0.078341 -0.816733 0.571672 0.199318 0.549025 0.811692
-5.248176 -6.254724 53.811469 -38.806157 0.917870 -0.378933 0.118001 -0.373593 -0.724591 0.579134 0.133951 0.575654 0.806647
-5.603989 -6.561198 -4.650839 76.845709 0.318462 -0.817059 0.480620 0.945955 0.241163 -0.216816 0.061243 0.523693 0.849703
-5.420832 -6.136023 42.151876 76.632141 0.076018 -0.886660 0.456131 0.993989 0.031240 -0.104930 0.078788 0.461366 0.883705
-0.115149 -19.241225 -39.165214 -498.202833 0.896908 0.330463 -0.293852 -0.151953 -0.393729 -0.906580 0.415290 -0.857771 0.302924
0.335203 -18.324634 4.241314 -419.087833 0.886808 0.342969 -0.309748 -0.165151 -0.390799 -0.905539 0.431621 -0.854195 0.289922
0.213574 -22.285018 -8.780214 -472.618470 0.890711 0.345376 -0.295550 -0.232889 -0.211645 -0.949194 0.390381 -0.914288 0.108080
-0.385908 -24.926640 -54.827992 -567.385686 0.901007 0.330740 -0.280708 -0.236493 -0.167976 -0.957003 0.363672 -0.928652 0.073130
-0.721865 -20.893745 -107.182567 -545.046209 0.905788 0.311832 -0.286894 -0.184774 -0.318628 -0.929696 0.381321 -0.895119 0.230991
0.147067 -22.758982 -45.675834 102.124368 0.876136 0.474171 -0.086878 -0.096826 -0.003451 -0.995295 0.472240 -0.880426 -0.042889
0.080203 -20.747680 -45.189421 189.270932 0.868432 0.479855 -0.124758 -0.249731 0.205966 -0.946157 0.428322 -0.852829 -0.298702
-0.286649 -21.321865 -62.599234 123.476088 0.871100 0.479560 -0.105863 -0.146720 0.048412 -0.987993 0.468677 -0.876173 -0.112533
0.591790 -22.400277 -25.847576 147.805622 0.868600 0.485668 -0.098289 -0.180179 0.124785 -0.975686 0.461595 -0.865191 -0.195896
-0.703784 -22.512782 -76.405706 130.285389 0.872563 0.482731 -0.074860 -0.012561 -0.131022 -0.991300 0.488340 -0.865912 0.108261
-2.748784 -24.721667 -81.501716 375.283504 0.920322 0.235528 -0.312305 -0.319951 -0.006046 -0.947415 0.225031 -0.971849 -0.069793
-1.681278 -23.687509 -96.494222 376.502226 0.926718 0.198445 -0.319081 -0.341578 0.091045 -0.935433 0.156581 -0.975874 -0.152158
-2.330359 -21.274605 -74.847780 303.807646 0.906790 0.237419 -0.348373 -0.402188 0.239424 -0.883697 0.126398 -0.941439 -0.312595
-3.911576 -20.745115 -64.217821 257.515766 0.895162 0.284776 -0.342911 -0.395648 0.153301 -0.905517 0.205301 -0.946256 -0.249901
-0.998718 -17.353714 -13.048550 291.478895 -0.916848 -0.195620 0.348026 -0.077426 0.942304 0.325682 -0.391656 0.271655 -0.879096
-1.300919 -18.689628 -21.708996 168.265755 -0.906685 -0.237061 0.348890 -0.106452 0.928956 0.354555 -0.408154 0.284330 -0.867506
-1.317526 -16.623290 19.047014 42.522929 0.913093 0.255072 -0.318117 -0.073587 0.870451 0.486724 -0.401055 0.421015 -0.813573
-1.006476 -16.392972 23.216669 380.573620 -0.918333 -0.172308 0.356334 -0.054009 0.946400 0.318449 -0.392106 0.273197 -0.878417
-0.795320 -19.420408 30.899334 314.082152 -0.912596 -0.175160 0.369442 -0.129810 0.980963 0.144436 -0.387708 0.083854 -0.917960
-1.183274 -15.047874 10.513584 96.733721 0.920493 0.231402 -0.314873 -0.061422 0.881467 0.468234 -0.385901 0.411666 -0.825598
83.819058 -310.599190 5667.932501 -26366.585945 0.974496 0.209611 -0.080127 0.190178 -0.581889 0.790720 -0.119119 0.785792 0.606912
-1.523162 -58.419328 201.482978 -2689.126353 0.881750 0.370807 -0.291581 0.394124 -0.239464 0.887313 -0.259199 0.897307 0.357291
12.951732 -197.663759 1503.759246 -12285.865708 0.900083 0.323162 -0.292261 0.434558 -0.714704 0.548049 0.031771 0.620294 0.783725
-0.921270 -96.316956 -76.049812 -5667.492995 0.947893 0.300140 -0.106842 0.164778 -0.174850 0.970709 -0.272668 0.937733 0.215196
2.640754 -34.636242 -101.325133 -1548.467041 0.968254 0.228574 0.101183 -0.010852 -0.365961 0.930567 -0.249732 0.902123 0.351863
1.345842 -69.827793 -147.663982 -3270.742515 0.723333 0.355299 -0.592074 0.687808 -0.295113 0.663196 -0.060904 0.886945 0.457842
5.433562 -69.295670 -258.112141 -1332.355273 0.767866 0.336662 -0.545015 0.593636 -0.693730 0.407842 0.240788 0.636708 0.732546
1.116398 -60.941902 -191.497226 -1898.218942 0.801240 0.299779 -0.517829 0.597775 -0.438763 0.670934 0.026072 0.847124 0.530755
-0.611777 -45.529856 -91.700663 -1552.591981 0.777369 0.302558 -0.551504 0.592099 -0.055898 0.803924 -0.212406 0.951490 0.222598
0.454117 -44.209554 -144.251027 -1721.688814 0.735618 0.326879 -0.593310 0.616942 0.038393 0.786071 -0.279729 0.944286 0.173423
3.384659 -60.465076 222.279498 -3138.760194 -0.655043 -0.342564 0.673475 0.743036 -0.130228 0.656459 -0.137174 0.930425 0.339843
2.929502 -1.391434 328.470475 -43.868026 0.313086 -0.915267 0.253504 0.938036 0.256263 -0.233277 0.148547 0.310832 0.938785
3.397682 -2.150526 388.415465 -98.671678 0.538113 -0.823600 0.179214 0.825596 0.472201 -0.308899 0.169784 0.314180 0.934058
-0.271327 -3.137967 266.648942 111.129080 0.005763 -0.954620 0.297769 0.989644 -0.037264 -0.138619 0.143425 0.295485 0.944520
5.933963 -0.518215 305.811625 -107.244009 0.523252 -0.818254 0.238050 0.841721 0.452630 -0.294333 0.133091 0.354382 0.925581
-1.288869 -9.263081 -50.476374 -31.745442 -0.952619 -0.192516 0.235488 -0.164625 0.977343 0.133038 -0.255765 0.087967 -0.962729
0.257551 -9.092638 -110.473034 51.506064 -0.954491 -0.223290 0.197706 -0.176199 0.957050 0.230237 -0.240625 0.184924 -0.952839
-0.364539 -9.561817 -71.327106 -27.084869 -0.956617 -0.195441 0.216071 -0.181346 0.979873 0.083438 -0.228030 0.040635 -0.972806
0.295729 -17.499142 -31.819991 245.474084 -0.796695 -0.545607 0.259981 -0.546055 0.834177 0.077290 -0.259040 -0.080387 -0.962515
0.892340 -18.445091 7.911046 251.840894 -0.817247 -0.508194 0.271746 -0.526553 0.850119 0.006263 -0.234200 -0.137970 -0.962349
1.261006 -21.222886 70.300969 391.426424 0.808138 0.530675 -0.255533 -0.574971 0.804890 -0.146832 -0.127756 -0.265585 -0.955585
-1.580008 -4.808164 73.897648 -26.776242 -0.839469 -0.486332 0.242430 -0.235612 0.727763 0.644086 -0.489671 0.483571 -0.725521
-2.558246 -5.377781 -81.243727 -30.815439 0.865727 0.424369 -0.265384 -0.168088 0.745929 0.644466 -0.471449 0.513323 -0.717102
-2.542692 -5.007811 -82.073204 -22.982942 0.818560 0.554229 -0.150965 -0.354688 0.694395 0.626109 -0.451837 0.458962 -0.764982
-0.659461 -4.149577 70.399353 -26.642923 -0.810219 -0.547834 0.208380 -0.312153 0.704216 0.637684 -0.496090 0.451617 -0.741577
-0.879196 -4.734628 70.250536 -38.634146 -0.842862 -0.451828 0.292293 -0.166865 0.735834 0.656281 -0.511606 0.504381 -0.695600
-1.464903 -4.647880 83.562494 -18.183495 -0.795090 -0.586223 0.155480 -0.385887 0.686754 0.616003 -0.467892 0.429780 -0.772247
-0.348095 -9.320886 -27.757804 -7.727639 0.929318 0.295033 -0.222091 0.052550 -0.700949 -0.711273 0.365523 -0.649328 0.666908
-0.546942 -9.477317 -27.638059 -16.688534 0.927212 0.304835 -0.217609 0.076089 -0.722203 -0.687483 0.366727 -0.620885 0.692830
-0.142958 -8.716278 -36.166144 -89.107001 0.933764 0.260341 -0.245577 0.058642 -0.788203 -0.612615 0.353053 -0.557637 0.751262
1.779218 -74.867462 -74.562999 -5433.393794 0.776961 0.605220 -0.173319 -0.008028 -0.265760 -0.964006 0.629497 -0.750387 0.201627
6.464271 -207.103617 116.031960 -14611.895127 0.770397 0.631754 -0.085879 -0.115974 0.006408 -0.993232 0.626927 -0.775143 -0.078204
0.999601 -74.660181 -34.902264 -4265.019667 0.795366 0.587554 -0.148906 -0.064953 -0.161633 -0.984711 0.602639 -0.792878 0.090394
12.475109 -157.812060 -793.438593 -10237.017454 0.740699 0.607117 -0.287702 -0.203310 -0.205597 -0.957285 0.640335 -0.767553 0.028853
0.286771 -43.442989 74.167736 -3288.483483 0.782015 0.601650 -0.162696 0.024582 -0.290611 -0.956525 0.622775 -0.744018 0.242052
0.528586 -12.620184 35.707827 -581.023750 0.761539 0.599340 -0.246677 -0.065174 -0.307860 -0.949197 0.644834 -0.738927 0.195386
0.990800 -44.302406 -29.956983 -3213.254369 0.751724 0.645469 -0.135205 0.025010 -0.232774 -0.972209 0.659003 -0.727452 0.191125
3.138659 -38.447227 26.267483 -335.374044 0.489771 -0.278377 -0.826215 0.076612 0.957731 -0.277274 0.868479 0.072503 0.490396
3.727792 -37.784480 153.698578 -177.020980 0.475778 -0.276732 -0.834898 -0.214618 0.884000 -0.415310 0.852980 0.376780 0.361197
2.361398 -37.527792 -4.901248 -8.049712 0.476811 -0.269527 -0.836664 -0.181353 0.901187 -0.393666 0.860094 0.339436 0.380816
2.625045 -42.938948 -5.730422 -452.571287 0.443044 -0.273049 -0.853907 0.134593 0.961952 -0.237765 0.886339 -0.009589 0.462938
2.708853 -40.477928 -48.428627 152.395901 0.450892 -0.339125 -0.825646 0.383104 0.909003 -0.164148 0.806181 -0.242295 0.539782
2.662250 -37.266781 -91.599913 41.019565 0.508667 -0.345578 -0.788564 0.348856 0.920082 -0.178183 0.787119 -0.184459 0.588573
-10.212817 -13.525115 176.547125 294.266387 0.586824 0.732344 -0.345411 0.532412 -0.670386 -0.516837 0.610062 -0.119392 0.783307
-9.377868 -13.167427 158.067033 -150.838409 0.700215 0.486171 -0.522816 -0.375348 0.873621 0.309677 0.607299 -0.020603 0.794206
-6.905136 -11.508517 -22.334830 -149.669982 0.734854 0.228989 -0.638400 -0.114497 0.969654 0.216011 0.668491 -0.085642 0.738772
6.484073 -5.842248 10.747062 -114.486984 0.897682 0.356599 -0.258853 -0.219033 -0.148621 -0.964332 0.382350 -0.922361 0.055307
8.326858 -3.060260 219.411232 22.482020 0.933656 0.357856 0.015042 0.075794 -0.156352 -0.984789 0.350061 -0.920594 0.173102
10.949362 -0.719143 1054.790154 -66.046312 0.731102 0.306237 0.609679 0.637934 0.010039 -0.770026 0.241931 -0.951902 0.188020
1.518848 -0.163699 -243.062088 -430.752937 0.973959 0.183361 -0.133353 -0.104974 -0.156633 -0.982062 0.200960 -0.970487 0.133306
-8.551270 -14.891896 -213.898670 -367.203317 0.986694 -0.053405 -0.153565 0.030660 -0.866450 0.498322 0.159669 0.496400 0.853284
8.964199 -15.537930 -124.149714 -46.172771 0.814252 0.518654 -0.260751 -0.575913 0.778146 -0.250623 -0.072916 -0.354241 -0.932307
8.824799 -16.160522 8.176243 41.372618 0.797600 0.525025 -0.296956 -0.603172 0.690748 -0.398811 0.004264 -0.497207 -0.867621
9.468974 -14.843797 -156.571379 6.652688 0.790813 0.564017 -0.237697 -0.609641 0.691384 -0.387720 0.054341 -0.451524 -0.890603
10.186367 -13.196454 -54.402828 -6.531705 0.760875 0.638804 -0.114011 -0.620213 0.664266 -0.417237 0.190799 -0.388176 -0.901618
10.344768 -13.633545 -123.160205 -51.964321 0.818079 0.560554 -0.128554 -0.573150 0.776248 -0.262560 0.047389 -0.288476 -0.956314
41.527332 -13.062373 3080.517088 305.910136 0.727771 -0.391554 -0.563058 -0.646010 -0.667035 -0.371128 0.230263 -0.633838 0.738396
138.109858 -18.311488 9408.633252 681.591062 0.764834 -0.255378 -0.591448 -0.597327 -0.624997 -0.502572 0.241308 -0.737672 0.630563
132.598371 -21.097059 8636.485208 1115.740597 0.852542 -0.292640 -0.433052 -0.522024 -0.517561 -0.677954 0.025734 -0.804048 0.594008
-4.093794 -20.117352 -22.919682 772.272801 -0.719390 -0.456357 0.523657 0.133200 0.649264 0.748808 -0.681715 0.608436 -0.406288
-3.911666 -27.314316 -9.811032 756.083467 -0.716586 -0.458114 0.525962 -0.051716 0.786889 0.614924 -0.695579 0.413445 -0.587565
-3.768289 -24.339098 -1.091690 723.787156 -0.686958 -0.488145 0.538333 0.005107 0.737534 0.675291 -0.726679 0.466646 -0.504162
-2.589593 -11.072183 27.207995 127.639485 0.731328 0.578648 -0.361007 -0.322893 0.759991 0.564052 0.600749 -0.295940 0.742644
-2.232422 -9.887539 8.111417 152.963073 0.715314 0.614523 -0.332697 -0.433363 0.763590 0.478672 0.548199 -0.198222 0.812518
-2.187158 -10.642946 -23.382826 190.864151 0.755780 0.566224 -0.328918 -0.385773 0.790882 0.475062 0.529127 -0.232155 0.816167
-1.969907 -7.199547 -11.737291 -54.357224 0.947997 0.236315 -0.213205 0.281375 -0.935344 0.214382 0.148759 0.263224 0.953197
-2.123269 -6.587928 -0.106156 -77.718310 0.948936 0.208483 -0.236761 0.273821 -0.917027 0.289972 0.156662 0.339995 0.927287
-1.781734 -7.021132 29.737946 -16.227557 0.950529 0.148228 -0.272989 0.206206 -0.958343 0.197630 0.232322 0.244145 0.941499
-2.043971 -6.627098 4.720439 -73.808722 0.947561 0.186390 -0.259590 0.258381 -0.924851 0.279089 0.188063 0.331527 0.924512
-0.353614 -7.312908 -2.702328 -15.049831 0.911991 0.384795 -0.142149 -0.020295 -0.303778 -0.952527 0.409709 -0.871580 0.269233
-0.097213 -6.574465 -6.976505 -67.686066 0.915755 0.384230 -0.117307 -0.026193 -0.234273 -0.971818 0.400884 -0.893019 0.204473
-0.303136 -7.134890 10.373680 -12.907889 0.908225 0.392645 -0.144768 -0.056238 -0.228282 -0.971969 0.414687 -0.890908 0.185250
0.115702 -6.846518 -3.848906 20.835531 0.916359 0.390326 -0.089063 -0.041325 -0.129054 -0.990776 0.398220 -0.911587 0.102129
-0.683528 -7.955379 -16.087617 29.289125 0.909185 0.377459 -0.175803 -0.050032 -0.320118 -0.946056 0.413375 -0.868936 0.272161
-0.142197 -7.464736 10.707603 0.140611 0.910756 0.395854 -0.117576 -0.082839 -0.103799 -0.991143 0.404552 -0.912429 0.061743
-0.482181 -7.500960 -37.118072 -1.048195 0.915568 0.372580 -0.151389 -0.086223 -0.185827 -0.978792 0.392810 -0.909204 0.138012
1.358596 -16.856616 29.093259 -139.480815 0.870871 0.483918 -0.086064 -0.476435 0.874152 0.094165 0.120801 -0.041002 0.991830
0.998905 -18.209826 57.675890 113.846757 0.840242 0.532708 -0.101077 0.542062 -0.829677 0.133435 0.012779 0.166907 0.985890
0.467492 -18.660574 52.362236 58.434021 0.816775 0.566302 -0.110366 0.573732 -0.777018 0.258988 -0.060909 0.274855 0.959554
0.478722 -19.156930 11.037937 -38.833659 0.803990 0.585393 -0.104472 0.586583 -0.751930 0.300869 -0.097571 0.303177 0.947926
-1.106137 -16.437064 -26.333685 0.421431 -0.833602 -0.548827 -0.062423 -0.547550 0.835931 -0.037528 0.072778 0.002896 -0.997344
-0.964625 -17.188475 -52.689954 -105.993274 -0.813899 -0.575818 -0.077469 -0.552855 0.808550 -0.201492 0.178661 -0.121165 -0.976422
-1.500121 -15.843617 10.733155 27.071848 -0.847117 -0.530995 -0.020879 -0.529931 0.847039 -0.041204 0.039565 -0.023841 -0.998933
-1.105489 -15.936470 -13.331169 118.407680 0.852811 0.521098 0.034191 -0.518563 0.837292 0.173304 -0.061681 0.165526 -0.984275
-1.341801 -16.074639 9.325731 -102.416426 -0.830880 -0.555030 -0.039742 -0.539689 0.821192 -0.185417 0.135548 -0.132611 -0.981856
-1.371017 -16.561939 -57.752463 -115.896213 -0.811408 -0.580045 -0.071866 -0.545330 0.795558 -0.264012 0.210312 -0.175031 -0.961838
0.301845 -6.049507 65.886824 41.956468 0.802430 0.559039 -0.208761 -0.094868 0.464889 0.880272 -0.589157 0.686552 -0.426075
-1.485901 -5.651397 -106.536001 18.061148 0.781865 0.590064 -0.201276 -0.081750 0.417089 0.905182 -0.618065 0.691276 -0.374345
324.451329 -16.036256 23502.844374 234.797302 0.766478 0.636679 -0.084565 -0.228826 0.393727 0.890291 -0.600124 0.663038 -0.447472
107.436950 -6.947547 6964.981720 192.954383 0.719602 0.694252 -0.013693 -0.334612 0.363974 0.869228 -0.608448 0.620916 -0.494221
669.987382 19.508367 63621.549324 -394.168086 0.697390 0.704429 0.132010 -0.425714 0.258983 0.867004 -0.576554 0.660838 -0.480497
-3.339129 -15.128806 -39.122321 81.743766 0.858179 0.510695 -0.052148 -0.439367 0.678162 -0.589112 0.265492 -0.528476 -0.806367
-3.323528 -14.637166 -29.703137 65.727481 0.871827 0.484620 -0.071144 -0.445896 0.725127 -0.524755 0.202718 -0.489218 -0.848275
-3.273364 -14.229595 -22.357197 48.653094 0.878975 0.472400 -0.065126 -0.460948 0.806678 -0.369862 0.122187 -0.355120 -0.926801
-5.610619 -6.884579 -111.151036 33.006841 -0.397447 -0.750091 0.528582 0.906829 -0.409162 0.101230 0.140344 0.519567 0.842825
-4.206716 -6.674905 -113.713323 -7.093913 -0.381509 -0.712161 0.589303 0.917730 -0.368068 0.149328 0.110558 0.597790 0.793992
-5.282572 -6.553365 -104.308181 -31.791206 -0.397396 -0.742249 0.539576 0.916444 -0.351117 0.191955 0.046976 0.570774 0.819762
-6.451264 -6.687632 -68.501999 -8.314542 -0.625038 -0.662772 0.412384 0.779296 -0.560265 0.280714 0.044995 0.496826 0.866683
-4.984570 -6.050039 -145.933051 -81.567078 0.977419 0.198951 -0.071211 0.205290 -0.814142 0.543166 -0.050088 0.545519 0.836600
0.440936 -8.524729 50.076214 -265.466077 0.810178 0.583836 0.052412 0.389831 -0.469860 -0.792000 0.437772 -0.662092 0.608268
0.741674 -10.347985 170.055107 -290.788643 0.777676 0.626135 0.056351 0.380414 -0.397325 -0.835116 0.500505 -0.670886 0.547181
0.335362 -17.645241 -48.010534 6.661621 0.699823 0.515040 -0.494956 -0.444480 -0.228445 -0.866170 0.559182 -0.826164 -0.069054
0.187819 -18.045730 -32.092561 -162.443629 0.690219 0.524871 -0.498105 -0.551052 -0.064872 -0.831945 0.468977 -0.848706 -0.244456
0.169035 -19.135528 -1.165016 -174.606768 0.670746 0.540301 -0.508109 -0.601102 -0.005314 -0.799154 0.434484 -0.841455 -0.321212
0.267803 -10.150163 12.778901 -63.424292 0.802533 0.527806 -0.278140 -0.594924 0.742987 -0.306653 -0.044801 -0.411571 -0.910276
-0.232614 -10.922763 26.796670 14.743957 0.786107 0.555045 -0.271958 -0.604764 0.781577 -0.152961 -0.127656 -0.284714 -0.950075
