12600
25188
-4.242604 -6.105104 -26.264535 88.608531 0.573491 0.675816 -0.463013 -0.221870 -0.415937 -0.881913 0.788595 -0.608497 0.088593
-4.865917 -6.986377 -4.019093 77.760010 0.472212 0.640392 -0.605734 -0.211999 -0.584499 -0.783209 0.855612 -0.498256 0.140245
-3.150806 -8.689835 -66.019765 123.700461 0.626047 0.675398 -0.389748 -0.066213 -0.451967 -0.889574 0.776969 -0.582721 0.238232
-4.099299 -5.525907 13.319094 -38.003870 0.106228 0.117793 -0.987340 0.516294 0.842081 0.156011 0.849798 -0.526330 0.028637
-2.292928 -7.649871 -87.043216 145.534598 0.686180 0.608757 -0.398210 -0.175117 -0.393083 -0.902674 0.706039 -0.689130 0.163122
-2.838486 -4.792657 -54.700226 72.044991 0.619070 0.580468 -0.528970 -0.332239 -0.416737 -0.846137 0.711597 -0.699563 0.065135
-3.663127 -4.558795 20.505096 -31.914058 -0.012321 -0.036117 -0.999272 0.612723 0.789473 -0.036089 0.790202 -0.612721 0.012403
-5.777392 -6.371914 -16.731246 -15.998047 -0.869923 -0.180923 -0.458803 -0.129935 0.981493 -0.140674 0.475763 -0.062761 -0.877332
-5.873270 -6.611750 -13.217772 -19.152266 -0.877088 -0.186508 -0.442641 -0.211007 0.977465 0.006250 0.431501 0.098882 -0.896677
-5.226584 -6.362204 -31.019452 -28.723916 -0.765385 -0.112958 -0.633582 -0.095936 0.993502 -0.061232 0.636381 0.013917 -0.771249
-3.869056 -6.495672 6.943047 17.953550 -0.548537 -0.462479 0.696577 -0.355949 0.883003 0.305951 -0.756576 -0.080121 -0.648979
-3.913978 -6.274289 6.309539 11.832297 -0.638451 -0.485958 0.596846 -0.388643 0.872893 0.294983 -0.664332 -0.043627 -0.746164
-3.820370 -6.661414 5.265518 25.650839 -0.578302 -0.417666 0.700801 -0.424639 0.887578 0.178569 -0.696598 -0.194320 -0.690645
-0.687834 -2.206267 -30.875790 26.604864 0.642657 0.394844 -0.656575 0.703334 0.035805 0.709957 0.303831 -0.918050 -0.254697
-0.675004 -2.864797 -36.969063 19.367710 0.670852 0.398113 -0.625671 0.697806 -0.053265 0.714304 0.251047 -0.915789 -0.313538
-0.931347 -2.311389 7.312803 25.868287 0.598769 0.437058 -0.671160 0.726209 0.057148 0.685094 0.337782 -0.897616 -0.283177
-0.005783 -2.750557 -65.052237 -19.260940 0.708858 0.362043 -0.605347 -0.668444 0.070831 -0.740382 0.225173 -0.929466 -0.292215
0.301519 -2.115180 -46.410900 -26.212521 0.750127 0.367017 -0.550098 -0.598852 0.024152 -0.800495 0.280510 -0.929900 -0.237906
1.968903 -4.826705 23.780991 0.519126 -0.724689 -0.384571 0.571779 -0.389316 0.913156 0.120747 -0.568559 -0.135098 -0.811474
1.809714 -5.045328 48.872179 -3.153705 -0.696569 -0.366158 0.617024 -0.310310 0.929131 0.201056 -0.646915 -0.051419 -0.760827
0.682417 -5.074156 68.091127 2.995697 -0.656508 -0.380082 0.651564 -0.384580 0.911735 0.144351 -0.648919 -0.155811 -0.744733
1.316134 -4.959332 55.423689 -5.878902 -0.665375 -0.388258 0.637598 -0.487023 0.873075 0.023409 -0.565760 -0.294949 -0.770013
-0.295827 -7.936418 -3.013383 -1.608279 0.831523 0.288393 -0.474762 -0.200098 -0.641790 -0.740315 0.518199 -0.710588 0.475957
-0.360399 -8.185181 -5.424050 -11.543485 0.828562 0.264501 -0.493482 -0.334639 -0.472689 -0.815219 0.448890 -0.840597 0.303140
-0.414297 -7.887897 -2.007369 -10.526671 0.829207 0.313415 -0.462803 -0.202736 -0.602965 -0.771577 0.520878 -0.733624 0.436442
-0.241182 -7.172992 -0.696931 -19.565859 0.830178 0.343324 -0.439241 -0.035168 -0.754059 -0.655864 0.556388 -0.559931 0.613930
-0.165897 -7.344216 -0.565318 10.690666 0.831837 0.317773 -0.455047 0.047368 0.776237 0.628660 0.552996 -0.544497 0.630649
-2.437232 -16.892298 -10.691846 60.478931 0.935796 0.267684 -0.229416 -0.152239 -0.280107 -0.947820 0.317978 -0.921892 0.221371
-2.161747 -16.535489 1.490001 113.013529 0.900493 0.317846 -0.296792 -0.234334 -0.220262 -0.946875 0.366333 -0.922203 0.123863
-2.455470 -17.319904 -3.203395 -68.657285 0.927700 0.291383 -0.233387 -0.036111 -0.552185 -0.832939 0.371577 -0.781145 0.501739
-2.152103 -16.817318 -22.783312 -91.755593 0.958516 0.222912 -0.177642 -0.008552 -0.600451 -0.799616 0.284909 -0.767964 0.573636
-2.366382 -14.816521 5.455266 -189.350668 0.925131 0.311196 -0.217463 0.128733 -0.796002 -0.591446 0.357157 -0.519170 0.776467
-2.321828 -15.062126 18.549483 -150.225753 0.883346 0.370941 -0.286536 0.113745 -0.762685 -0.636690 0.454711 -0.529825 0.715907
0.441036 -4.594810 -1.693030 23.708123 0.791312 0.495851 -0.357710 -0.411995 0.864720 0.287261 0.451758 -0.079938 0.888552
0.360087 -4.412035 -6.073365 12.660092 0.798227 0.509863 -0.320740 -0.404268 0.848200 0.342235 0.446544 -0.143516 0.883177
0.633004 -4.303432 -11.665450 -8.294048 0.778353 0.546734 -0.308624 -0.495053 0.836795 0.233872 0.386121 -0.029250 0.921984
0.708395 -4.393875 -2.680570 -3.854890 0.772426 0.528813 -0.351731 -0.497481 0.848057 0.182515 0.394805 0.034000 0.918136
1.699361 -5.587001 33.126108 -14.392854 0.871016 0.406950 -0.275180 -0.366392 0.911285 0.187929 0.327245 -0.062865 0.942846
1.772474 -5.171911 35.934216 -26.284179 0.848183 0.458487 -0.265283 -0.359462 0.866049 0.347485 0.389066 -0.199372 0.899377
2.269673 -5.827157 39.563427 -19.820281 0.879163 0.409308 -0.244007 -0.357711 0.905180 0.229547 0.314826 -0.114525 0.942215
2.080715 -5.959552 38.514052 2.805791 0.894958 0.365925 -0.255243 -0.364235 0.929643 0.055650 0.257649 0.043164 0.965274
1.091698 -4.329214 19.018678 -1.465365 0.736148 0.441980 -0.512582 -0.676703 0.466539 -0.569574 0.012601 -0.766156 -0.642531
0.973712 -4.237616 13.907497 -7.006061 0.735388 0.440532 -0.514915 -0.670671 0.364399 -0.646076 0.096982 -0.820454 -0.563426
0.562596 -4.299575 32.233524 -3.714302 0.744577 0.452465 -0.490796 -0.666086 0.455138 -0.590914 0.043988 -0.766893 -0.640266
13.790976 -19.800540 657.385111 134.345884 0.667919 0.563929 -0.485663 -0.406573 0.823068 0.396558 0.623363 -0.067411 0.779021
-0.242478 -24.008102 51.054062 -373.588485 0.752920 0.349900 -0.557389 -0.019801 0.858611 0.512244 0.657815 -0.374642 0.653394
3.530039 -25.517951 119.909968 -542.572313 0.771728 0.387357 -0.504371 0.032750 0.767836 0.639809 0.635109 -0.510277 0.579875
17.853298 -18.562452 734.044492 98.484125 0.681173 0.595175 -0.426346 -0.418224 0.794305 0.440646 0.600910 -0.121848 0.789975
34.049299 -12.543501 1433.718213 290.700974 0.638899 0.758036 -0.131113 0.451847 -0.507707 -0.733531 0.622610 -0.409409 0.666890
0.682497 -1.304810 -4.786262 -7.357931 0.686022 0.410884 -0.600457 -0.624884 -0.089996 -0.775513 0.372685 -0.907235 -0.195015
0.710657 -1.655397 -4.226570 -27.662257 0.725241 0.418514 -0.546692 -0.584897 -0.044373 -0.809893 0.363210 -0.907126 -0.212606
0.589341 -1.475090 -19.499267 -9.671877 0.696357 0.385815 -0.605172 -0.625842 -0.086300 -0.775160 0.351295 -0.918531 -0.181363
0.523962 -1.553844 -17.516783 -15.806191 0.626979 0.374840 -0.682929 0.689320 0.141489 0.710506 0.362952 -0.916229 -0.169674
0.648430 -1.457066 -5.351515 -18.182876 0.621738 0.398667 -0.674171 0.685063 0.140424 0.714821 0.379646 -0.906281 -0.185806
-1.374780 -21.848760 -25.638653 26.378002 0.340844 0.846251 -0.409494 0.566825 0.162515 0.807650 -0.750023 0.507394 0.424284
-1.256498 -23.689873 -20.665594 -260.973437 0.365535 0.842228 -0.396277 0.152619 0.365745 0.918116 -0.918200 0.396083 -0.005153
-0.757069 -28.828675 -17.807509 -185.112445 0.361037 0.845177 -0.394117 0.528127 0.163011 0.833372 -0.768592 0.509022 0.387508
-0.785208 -24.099801 -38.375547 24.195140 0.334267 0.863853 -0.376861 0.752349 -0.003736 0.658754 -0.567659 0.503731 0.651167
-0.721399 -23.989577 27.502633 178.583667 -0.356248 -0.845700 0.397339 0.793697 -0.049482 0.606298 -0.493085 0.531359 0.688857
-3.461573 -9.413314 4.150163 37.018835 0.802628 0.529062 -0.275465 -0.596186 0.697076 -0.398305 0.018708 -0.483920 -0.874912
-3.282983 -8.502177 -6.333112 45.808528 0.805397 0.511185 -0.300043 -0.578570 0.787994 -0.210531 -0.128812 -0.343157 -0.930404
-3.538580 -9.370590 -7.868697 48.812398 0.793020 0.574540 -0.202540 -0.608427 0.730274 -0.310671 0.030583 -0.369599 -0.928688
-3.676613 -10.018222 -10.502916 10.589906 0.793743 0.569972 -0.212376 -0.578656 0.600006 -0.552403 0.187428 -0.561359 -0.806069
-4.133722 -9.899186 -23.549330 23.133052 0.758437 0.634766 -0.147800 -0.618405 0.629285 -0.470718 0.205787 -0.448410 -0.869816
-3.904452 -9.209398 -16.897216 52.521738 0.750399 0.648059 -0.130080 -0.655884 0.705645 -0.268107 0.081959 -0.286504 -0.954567
-3.461867 -8.256577 -11.926965 59.255053 0.772547 0.618616 -0.143128 -0.632414 0.769804 -0.086339 -0.056770 -0.157217 -0.985931
0.490462 -34.959609 -49.940729 -78.681945 0.316025 0.700840 -0.639493 0.940274 -0.321263 0.112584 -0.126542 -0.636878 -0.760509
-0.102773 -99.321213 12.405093 -1980.276289 0.297483 0.752942 -0.587012 -0.841490 0.497226 0.211330 -0.450997 -0.431097 -0.781509
0.304285 -25.646275 -37.026897 30.389117 0.300389 0.720606 -0.624895 0.850623 -0.498788 -0.166287 -0.431518 -0.481599 -0.762794
0.091416 -30.114757 -31.722110 -225.566827 0.269499 0.763363 -0.587067 -0.650057 0.593979 0.473935 -0.710490 -0.253902 -0.656306
-0.158522 -3.867477 6.689458 -14.754237 0.377383 0.829572 -0.411573 -0.707420 0.545055 0.449968 -0.597611 -0.121345 -0.792551
0.180649 -4.429716 1.145521 -25.138032 0.326327 0.862994 -0.385683 -0.659473 0.500168 0.561183 -0.677204 -0.071218 -0.732341
-0.039097 -3.904321 -2.664829 -13.886074 0.314583 0.870957 -0.377454 -0.709037 0.479984 0.516606 -0.631113 -0.105114 -0.768536
-0.151469 -3.248592 -4.544952 -18.655260 0.377333 0.821800 -0.426924 -0.738686 0.545130 0.396456 -0.558537 -0.165767 -0.812747
-0.275812 -3.251119 9.905598 -11.846494 0.474650 0.760653 -0.442848 -0.719910 0.624979 0.301879 -0.506396 -0.175524 -0.844248
6.880909 -8.381738 41.388366 31.768334 -0.784564 -0.415694 0.460063 -0.131707 0.836775 0.531471 -0.605899 0.356379 -0.711253
6.207309 -8.004621 42.960545 -27.866433 -0.788403 -0.324757 0.522450 0.077051 0.790471 0.607634 -0.610315 0.519316 -0.598186
6.194828 -8.703004 30.319908 2.507832 -0.709779 -0.398127 0.581127 0.036204 0.803259 0.594528 -0.703494 0.443023 -0.555723
25.811166 -792.265229 644.769403 -38589.981332 -0.719431 -0.465406 0.515574 -0.263898 0.869793 0.416915 -0.642477 0.163883 -0.748575
4.725474 -147.676112 -2.949458 -4417.399113 -0.816423 -0.322731 0.478852 -0.143733 0.916720 0.372780 -0.559281 0.235519 -0.794818
3.715285 -63.298284 60.859351 -1963.055827 -0.720813 -0.431710 0.542268 0.171507 0.646931 0.743011 -0.671575 0.628575 -0.392275
-2.229086 -7.190861 -5.150168 -59.196984 -0.336688 -0.663811 0.667830 0.935517 -0.155221 0.317357 -0.107004 0.731616 0.673267
-2.659656 -6.919918 -8.282372 -26.811374 -0.224352 -0.728331 0.647457 0.972029 -0.119889 0.201956 -0.069467 0.674656 0.734856
-1.678390 -6.523172 -5.115222 22.444474 -0.289964 -0.686803 0.666500 0.949997 -0.290873 0.113568 0.115868 0.666104 0.736804
-1.199350 -7.017928 -23.361653 -11.787899 -0.440312 -0.587166 0.679236 0.895401 -0.342945 0.283982 0.066196 0.733230 0.676751
-1.639835 -6.695282 -10.965233 -70.476877 -0.478261 -0.602315 0.639126 0.863132 -0.188065 0.468652 -0.162079 0.775788 0.609822
-0.066257 -2.289150 7.599294 0.904551 0.570959 0.606793 -0.552999 -0.514280 0.789400 0.335208 0.639939 0.093006 0.762776
0.332521 -2.593626 18.528015 7.744303 0.545007 0.632091 -0.550844 -0.527749 0.769139 0.360426 0.651497 0.094273 0.752771
0.105830 -2.426391 6.341318 -7.679108 0.604913 0.548135 -0.577606 -0.504453 0.825037 0.254640 0.616123 0.137340 0.775583
-0.008922 -2.325231 -4.113550 -14.255816 0.643146 0.482934 -0.594255 -0.454380 0.865342 0.211475 0.616362 0.134008 0.775976
-0.209990 -2.084118 -2.142216 -6.284470 0.622786 0.528060 -0.577313 -0.457715 0.844341 0.278539 0.634535 0.090775 0.767545
-0.650872 -5.996991 3.233968 -18.609921 -0.458941 -0.693573 0.555274 0.808003 -0.065926 0.585479 -0.369465 0.717363 0.590665
-1.454875 -6.890165 12.703231 -38.836948 -0.330591 -0.693140 0.640521 0.890690 -0.004734 0.454587 -0.312060 0.720788 0.618937
-0.825080 -5.979833 8.748646 -20.457703 -0.444531 -0.681638 0.581173 0.789172 0.008937 0.614108 -0.423793 0.731635 0.533956
-1.285997 -6.543511 12.501000 -19.086369 -0.360375 -0.710911 0.603934 0.904853 -0.109104 0.411507 -0.226653 0.694768 0.682588
-0.350064 -5.399468 5.593522 -11.648594 -0.508651 -0.689873 0.515120 0.705829 0.008488 0.708332 -0.493032 0.723880 0.482615
-0.720655 -6.019525 3.130174 -11.918639 -0.442809 -0.703431 0.555972 0.859170 -0.155562 0.487471 -0.256414 0.693531 0.673251
-2.484247 -5.745981 -5.744476 7.964118 -0.043755 0.024956 0.998731 0.268419 0.963224 -0.012309 -0.962308 0.267539 -0.048845
-2.413682 -5.450309 -18.220274 14.220999 -0.092242 0.037484 0.995031 0.348056 0.937469 -0.003050 -0.932925 0.346045 -0.099521
-1.049499 -5.534865 -46.063705 22.314707 -0.066720 0.289024 0.954994 0.197958 0.941935 -0.271241 -0.977937 0.170951 -0.120060
-2.747852 -5.603594 -10.390692 7.827799 -0.077943 -0.116072 0.990178 0.441084 0.886689 0.138661 -0.894075 0.447560 -0.017914
-0.954394 -5.535003 -36.479618 0.580818 -0.056471 0.237909 0.969645 0.103037 0.967397 -0.231357 -0.993073 0.086845 -0.079143
-2.712491 -5.812832 8.653283 1.282043 -0.011356 -0.121758 0.992495 0.371960 0.920818 0.117221 -0.928179 0.370500 0.034833
-2.178255 -5.707874 13.748884 -4.863114 -0.016191 -0.051503 0.998542 0.187016 0.980892 0.053625 -0.982224 0.187611 -0.006250
0.293429 -5.747567 3.762502 21.216775 -0.690295 -0.499255 0.523677 0.720387 -0.406886 0.561682 -0.067346 0.764976 0.640528
0.150197 -5.404922 1.933838 16.611849 -0.696625 -0.504429 0.510161 0.711913 -0.397969 0.578619 -0.088844 0.766271 0.636345
0.187841 -5.863963 2.459868 20.302248 -0.659690 -0.511657 0.550470 0.725733 -0.243415 0.643475 -0.195246 0.823988 0.531905
0.437801 -6.156089 7.244984 17.262247 -0.651869 -0.510367 0.560886 0.733871 -0.238226 0.636146 -0.191050 0.826301 0.529836
0.324028 -6.527110 9.437396 5.892991 -0.624666 -0.525492 0.577624 0.707354 -0.067408 0.703638 -0.330820 0.848124 0.413816
0.043709 -6.343263 4.269649 15.437888 -0.637594 -0.522278 0.566304 0.699149 -0.083589 0.710073 -0.323519 0.848669 0.418446
-0.140648 -14.420398 -5.275761 118.208921 0.842904 0.339846 -0.417154 -0.052885 -0.719207 -0.692781 0.535459 -0.606009 0.588249
-0.294758 -14.004950 -3.440141 120.726488 0.835750 0.345809 -0.426542 -0.055912 -0.719159 -0.692593 0.546256 -0.602683 0.581702
-0.207477 -15.470262 -6.946909 21.982125 0.843076 0.355676 -0.403382 -0.143002 0.871327 0.469404 0.518433 -0.338059 0.785457
0.006741 -16.088552 -5.549835 13.845685 0.839717 0.364023 -0.402943 -0.146508 0.866391 0.477390 0.522887 -0.341838 0.780856
-0.088516 -15.417521 -4.903919 98.889752 0.829447 0.392351 -0.397590 -0.334391 0.918920 0.209210 0.447438 -0.040578 0.893394
-0.277581 -14.879989 -5.998107 113.088364 0.832981 0.382805 -0.399504 -0.332740 0.923457 0.191080 0.442071 -0.026235 0.896596
0.689705 -6.522885 10.309528 -6.655067 -0.572347 -0.491678 0.656255 0.058202 0.773924 0.630598 -0.817943 0.399117 -0.414336
0.942704 -6.260149 3.270764 -26.005519 -0.602274 -0.466137 0.648061 0.083069 0.770809 0.631628 -0.793956 0.434247 -0.425516
0.708826 -6.927026 11.986827 -69.635824 -0.571523 -0.490424 0.657909 0.144609 0.729014 0.669049 -0.807743 0.477517 -0.345729
0.869994 -6.563603 2.300678 55.018136 -0.603612 -0.477740 0.638292 0.002957 0.799242 0.601002 -0.797273 0.364659 -0.481019
0.343789 -6.931796 16.179271 -52.076043 -0.548352 -0.502412 0.668500 0.127862 0.739633 0.660753 -0.826415 0.447801 -0.341340
0.386840 -6.743682 14.175576 2.724322 -0.550973 -0.497811 0.669786 0.036142 0.787610 0.615113 -0.833740 0.363119 -0.415960
0.693679 -6.951143 9.112099 60.637944 -0.576454 -0.491527 0.652765 -0.024165 0.808756 0.587648 -0.816772 0.322978 -0.478088
-0.409836 -6.637416 -1.989597 0.488648 -0.594660 -0.390657 0.702685 0.140398 0.810122 0.569201 -0.791624 0.437137 -0.426900
-0.268592 -6.463239 -5.384791 7.370667 -0.607969 -0.378365 0.698007 0.141159 0.813628 0.563989 -0.781311 0.441419 -0.441251
-0.332469 -6.899175 0.181366 11.312295 -0.588747 -0.369203 0.719074 0.019962 0.882680 0.469550 -0.808071 0.290800 -0.512305
-0.324061 -6.972703 2.393443 7.073097 -0.575520 -0.392751 0.717303 0.014365 0.872136 0.489053 -0.817662 0.291764 -0.496290
-0.185871 -7.199865 4.456923 14.642505 -0.574546 -0.377554 0.726188 -0.114454 0.915593 0.385474 -0.810430 0.138358 -0.569263
-0.227317 -7.124251 1.811625 13.934923 -0.588335 -0.350312 0.728796 -0.113132 0.928082 0.354775 -0.800664 0.126276 -0.585654
0.550266 -7.072968 5.209242 -8.524422 -0.596964 -0.345384 0.724116 -0.576873 0.812053 -0.088248 -0.557541 -0.470404 -0.684009
0.284194 -7.110792 7.131676 -15.425148 -0.588739 -0.327156 0.739159 -0.498731 0.866649 -0.013654 -0.636124 -0.376680 -0.673393
0.426618 -6.793273 6.200122 -14.088201 -0.602728 -0.311444 0.734658 -0.584366 0.799215 -0.140614 -0.543356 -0.514061 -0.663706
2.788933 -18.669204 -20.178569 -133.036566 0.543855 0.204161 -0.813965 -0.359746 0.933029 -0.006341 0.758159 0.296269 0.580879
2.188814 -18.419945 29.912427 31.622901 0.484114 0.210432 -0.849324 -0.615463 0.771842 -0.159578 0.621964 0.599982 0.503173
2.286211 -18.655282 3.205433 -82.288772 0.491767 0.233263 -0.838900 -0.463238 0.885875 -0.025227 0.737276 0.401016 0.543701
2.068783 -18.923403 1.938315 -73.559615 -0.544855 -0.232729 0.805587 0.692427 -0.666732 0.275705 0.472946 0.708030 0.524420
3.182769 -19.362567 19.438369 -230.785244 0.471088 0.202572 -0.858511 -0.182432 0.974605 0.129860 0.863015 0.095444 0.496080
3.596929 -21.198856 30.833652 -384.595990 0.504857 0.186302 -0.842859 0.035632 0.971102 0.235991 0.862467 -0.149174 0.483629
1.474553 -14.692568 -42.784522 -5.117640 0.623255 0.206147 -0.754359 -0.310442 0.950587 0.003283 0.717760 0.232138 0.656454
1.814173 -15.023074 -47.722303 9.248633 0.604118 0.247629 -0.757444 -0.526881 0.837215 -0.146519 0.597861 0.487598 0.636247
2.205188 -16.933210 -78.916523 -150.347625 0.660061 0.186676 -0.727648 -0.083937 0.980894 0.175504 0.746508 -0.054766 0.663119
0.650219 -2.843360 -10.926167 -5.910044 0.763739 0.413694 -0.495540 -0.474063 0.880480 0.004417 0.438140 0.231544 0.868574
0.983545 -2.922340 -7.103820 -5.026127 0.682405 0.515801 -0.517950 -0.566310 0.821080 0.071554 0.462186 0.244492 0.852413
1.311227 -2.813007 -5.142820 -6.334290 0.736380 0.445488 -0.509201 -0.472158 0.877423 0.084826 0.484574 0.177959 0.856457
0.188210 -7.312942 -25.018469 -87.980576 -0.259090 -0.155703 0.953220 0.522939 0.807137 0.273979 -0.812039 0.569461 -0.127698
1.695540 -4.760811 -23.524757 -153.582528 0.006665 0.103967 0.994558 0.464854 0.880262 -0.095134 -0.885362 0.462958 -0.042463
2.658212 -4.479222 -96.127975 -170.219496 -0.237017 0.009314 0.971461 0.399281 0.912531 0.088667 -0.885662 0.408902 -0.220005
0.873047 -8.294204 -22.945024 -58.074530 -0.407437 -0.299251 0.862812 0.477177 0.735795 0.480529 -0.778651 0.607499 -0.156994
15.896945 -152.325214 246.014619 -5337.189768 -0.185682 -0.517867 0.835066 -0.747975 0.625619 0.221661 -0.637224 -0.583451 -0.503518
3.488540 -25.633082 136.453469 568.565594 0.476138 0.513675 -0.713744 0.737755 -0.675039 0.006336 -0.478550 -0.529585 -0.700378
5.291859 -147.824799 -33.919507 -4971.561683 -0.395885 -0.563990 0.724700 -0.403173 0.815796 0.414642 -0.825062 -0.128029 -0.550347
3.875719 -160.642905 110.596488 -6019.328580 -0.362450 -0.525717 0.769578 0.084909 0.803666 0.588993 -0.928127 0.278824 -0.246651
3.449771 -40.758778 56.990501 -282.752681 -0.298017 -0.449483 0.842111 0.005546 0.881367 0.472399 -0.954544 0.145453 -0.260170
-0.870916 -3.318232 -13.329702 -27.677678 -0.464786 0.456935 0.758409 0.783089 0.611876 0.111261 -0.413213 0.645614 -0.642213
-0.851007 -2.730945 -14.735338 -26.969771 -0.520705 0.394929 0.756900 0.713081 0.688692 0.131221 -0.469448 0.608058 -0.640222
-1.331345 -3.417937 -14.678896 -15.115487 -0.570736 0.333310 0.750443 0.718797 0.644628 0.260357 -0.396977 0.688012 -0.607494
-38.731231 -204.997541 -797.489484 6015.667214 0.518526 0.830666 -0.202793 -0.476048 0.083437 -0.875452 0.710288 -0.550484 -0.438701
-108.078347 -190.026932 3342.279445 8903.057522 -0.406075 0.123972 -0.905392 0.472763 0.876369 -0.092040 0.782047 -0.465411 -0.414481
-47.623831 -279.184324 2116.896995 -15446.465380 -0.539531 -0.085228 -0.837641 0.813290 0.204675 -0.544672 0.217865 -0.975113 -0.041113
-6.074924 -122.288926 1657.103762 -2698.069814 0.377522 -0.349315 -0.857588 0.863874 -0.200649 0.462018 -0.333464 -0.915270 0.226015
-31.868262 -120.662672 -189.307290 -2740.004000 0.805062 -0.587680 -0.080675 -0.556124 -0.700420 -0.447369 -0.206403 -0.405025 0.890703
-8.347575 -19.298333 157.858237 -406.644065 -0.324861 0.828609 -0.455930 0.060165 -0.462994 -0.884317 0.943846 0.314711 -0.100555
-4.213792 -16.191313 114.634957 397.882174 -0.327011 0.934345 0.141646 -0.174267 0.087695 -0.980786 0.928814 0.345412 -0.134148
-1.245282 -7.958103 121.281157 -180.069294 0.917771 0.266784 -0.294148 -0.387270 0.765163 -0.514341 -0.087854 -0.585962 -0.805562
-6.418334 -12.244190 283.194209 -256.640986 0.898438 0.322433 -0.298071 -0.435440 0.741691 -0.510183 -0.056576 -0.588160 -0.806763
0.179942 -74.496270 149.656592 -2311.988086 0.891735 0.299975 -0.338857 -0.432508 0.785297 -0.442996 -0.133215 -0.541594 -0.830018
0.995650 -32.342896 -1.275105 -901.155187 0.812144 0.336897 -0.476365 -0.533313 0.759782 -0.371898 -0.236642 -0.556086 -0.796724
0.282434 -6.749979 -0.365216 -139.700399 0.865149 0.270501 -0.422310 -0.462061 0.757303 -0.461510 -0.194978 -0.594408 -0.780168
0.488616 -67.204696 -15.281651 -1716.483526 -0.780402 -0.386070 0.491855 -0.504656 0.853338 -0.130905 -0.369180 -0.350377 -0.860780
-5.487219 -7.571737 29.653369 -51.186898 0.392665 0.521399 -0.757599 0.194788 0.757925 0.622582 0.898817 -0.392037 0.196048
-5.126474 -9.136341 -12.161381 88.385345 0.501351 0.770388 -0.393890 0.055436 -0.482901 -0.873918 0.863466 -0.416304 0.284810
-4.621874 -6.607641 -1.899942 -58.048140 0.186666 0.249092 -0.950321 0.394748 0.866782 0.304733 0.899628 -0.432020 0.063470
-3.422995 -6.130211 -20.726630 -6.380308 -0.547509 -0.115830 -0.828745 -0.094172 0.992611 -0.076518 0.831484 0.036151 -0.554371
-4.276043 -6.244469 -28.765219 -17.977974 -0.648418 -0.091628 -0.755750 -0.084498 0.995259 -0.048169 0.756581 0.032626 -0.653086
-3.607315 -6.591000 -17.277441 -18.112355 -0.558300 -0.106900 -0.822723 -0.217189 0.975913 0.020579 0.800706 0.190175 -0.568070
-3.187878 -6.255219 -5.924805 -14.600302 -0.461982 -0.120527 -0.878662 -0.093232 0.991833 -0.087031 0.881975 0.041713 -0.469446
-3.445528 -6.743392 2.324760 -26.183283 -0.473702 -0.052925 -0.879094 -0.187240 0.981424 0.041809 0.860551 0.184406 -0.474812
-3.611241 -6.916182 -8.012269 -14.294512 -0.561941 -0.071211 -0.824106 -0.330652 0.932565 0.144882 0.758216 0.353908 -0.547593
-4.263762 -6.814408 -26.982327 -6.163271 -0.645389 -0.116323 -0.754945 -0.348229 0.924464 0.155252 0.679860 0.363092 -0.637146
-3.916362 -6.241815 3.030170 -5.294712 -0.606966 -0.538481 0.584492 -0.328842 0.839718 0.432130 -0.723502 0.070082 -0.686756
-4.142844 -6.100128 8.262968 8.960640 -0.716095 -0.494716 0.492406 -0.392232 0.868740 0.302399 -0.577375 0.023409 -0.816144
-4.096485 -6.401231 5.742150 13.269356 -0.705279 -0.489319 0.512980 -0.472350 0.863932 0.174664 -0.528646 -0.119119 -0.840443
-4.082277 -6.125888 3.188265 2.562013 -0.701715 -0.495397 0.512033 -0.300900 0.857515 0.417286 -0.645798 0.138745 -0.750796
-1.129472 -3.014743 8.560653 19.254256 0.634738 0.444354 -0.632184 0.719310 -0.040874 0.693486 0.282313 -0.894918 -0.345572
-0.677962 -3.391268 -21.662470 13.832020 0.680320 0.403995 -0.611516 0.708067 -0.146876 0.690701 0.189223 -0.902893 -0.385978
0.214647 -3.298484 -64.803183 -15.526368 0.708194 0.357964 -0.608542 -0.686965 0.150488 -0.710937 0.162912 -0.921529 -0.352484
-1.034502 -5.179673 56.107038 1.227600 -0.655693 -0.422536 0.625724 -0.474586 0.875209 0.093692 -0.587227 -0.235526 -0.774398
-1.764253 -5.157879 17.423926 -4.535425 -0.669212 -0.466960 0.578016 -0.565483 0.824679 0.011529 -0.482061 -0.319144 -0.815944
-1.310186 -5.138368 56.062375 -3.031740 -0.652523 -0.431471 0.622934 -0.556948 0.830507 -0.008158 -0.513831 -0.352265 -0.782232
-0.469267 -8.318154 -8.599076 -9.575537 0.826165 0.247301 -0.506254 -0.449710 -0.251871 -0.856926 0.339430 -0.935630 0.096874
-0.308809 -8.413476 -5.261344 -10.861253 0.822459 0.244832 -0.513438 -0.448721 -0.275481 -0.850153 0.349587 -0.929606 0.116711
-0.377188 -8.361059 -4.651291 4.467620 0.812483 0.247313 -0.527928 -0.538501 -0.028573 -0.842140 0.223357 -0.968514 -0.109964
-0.123698 -8.505261 -5.225518 -11.255146 0.821640 0.235500 -0.519083 -0.444864 -0.304422 -0.842273 0.356375 -0.922967 0.145360
-0.196472 -8.538655 -5.307468 -3.405710 0.812521 0.234938 -0.533492 -0.534547 -0.064777 -0.842653 0.232529 -0.969850 -0.072952
-1.788025 -14.759038 2.513566 221.037832 0.912166 0.312811 -0.264770 -0.306580 0.092117 -0.947377 0.271960 -0.945338 -0.179927
-1.184823 -14.097319 17.974547 228.267708 0.863716 0.362293 -0.350340 -0.413914 0.113353 -0.903231 0.287522 -0.925146 -0.247862
0.134024 -5.344441 0.982394 42.076780 0.810151 0.438247 -0.389352 -0.282149 0.873685 0.396317 0.513856 -0.211221 0.831467
0.119534 -5.079539 2.503189 35.701154 0.806342 0.462734 -0.368360 -0.283036 0.848762 0.446647 0.519329 -0.255891 0.815363
0.290407 -4.266376 -1.464079 8.247548 0.800679 0.508579 -0.316639 -0.370992 0.835909 0.404500 0.470402 -0.206404 0.857974
0.299714 -4.103038 -3.494595 -8.204056 0.799530 0.521238 -0.298433 -0.437073 0.845717 0.306154 0.411969 -0.114342 0.903995
1.007582 -4.940910 18.821303 -18.265799 0.843817 0.452039 -0.289195 -0.369584 0.880264 0.297561 0.389078 -0.144205 0.909848
1.013996 -4.507113 24.646570 -18.719577 0.813457 0.508646 -0.282076 -0.359725 0.821077 0.443205 0.457040 -0.259058 0.850884
1.733093 -4.750685 33.788541 -22.386057 0.819936 0.516812 -0.246192 -0.353071 0.795076 0.493148 0.450606 -0.317426 0.834383
1.161949 -4.269515 -0.259885 -4.949517 0.728839 0.420726 -0.540169 -0.682078 0.377367 -0.626390 0.059697 -0.824975 -0.562008
0.987282 -3.995937 -6.551656 -10.827423 0.731928 0.418595 -0.537643 -0.666287 0.274517 -0.693327 0.142632 -0.865690 -0.479831
0.809537 -3.939687 11.807311 -12.132629 0.733830 0.442523 -0.515428 -0.655348 0.261318 -0.708683 0.178918 -0.857838 -0.481770
1.464530 -4.920751 -0.127873 -78.817791 0.384351 0.341793 -0.857585 0.907481 -0.310502 0.282961 -0.169568 -0.886998 -0.429512
3.220209 -3.801173 12.726299 -52.312655 0.501993 0.305166 -0.809245 0.831827 -0.426529 0.355158 -0.236784 -0.851438 -0.467960
3.900474 -6.433988 94.684893 -139.556156 0.157724 0.385135 -0.909282 0.962417 -0.266108 0.054228 -0.221082 -0.883662 -0.412632
0.856609 -2.306977 -10.295649 -29.449553 0.736239 0.420770 -0.530004 -0.590137 0.015902 -0.807146 0.331195 -0.907028 -0.260019
0.743235 -2.123648 9.456447 -29.925100 0.720384 0.446256 -0.530944 -0.593558 0.000650 -0.804791 0.358798 -0.894905 -0.265347
0.638104 -1.852033 -17.777929 -26.515539 0.735941 0.395685 -0.549385 -0.586300 -0.033344 -0.809407 0.338589 -0.917781 -0.207451
0.777192 -2.790454 6.980853 -26.956195 0.727185 0.442290 -0.524958 -0.608507 0.061425 -0.791168 0.317680 -0.894766 -0.313804
0.709693 -3.003599 -2.900196 -26.855827 0.735702 0.421563 -0.530120 -0.613767 0.083974 -0.785009 0.286414 -0.902903 -0.320521
0.640256 -2.456422 -14.870090 -27.877873 0.740830 0.399588 -0.539907 -0.598320 0.027277 -0.800793 0.305260 -0.916289 -0.259289
-1.035744 -16.554126 -3.917183 -101.253140 0.344383 0.810951 -0.473032 0.134502 0.456038 0.879738 -0.929145 0.366590 -0.047977
-1.113788 -17.145722 -8.346626 -137.633838 0.336471 0.810709 -0.479101 -0.153161 0.549104 0.821600 -0.929155 0.203065 -0.308926
-0.874149 -22.671907 6.273069 -211.581972 0.375071 0.823291 -0.426043 0.261208 0.347109 0.900714 -0.889434 0.449117 0.084859
-1.568856 -19.050404 14.610801 -223.812771 0.357075 0.791284 -0.496353 -0.222831 0.588203 0.777408 -0.907107 0.166991 -0.386356
-1.040001 -18.915514 -7.042041 -168.834884 0.321136 0.812961 -0.485763 -0.046302 0.525796 0.849350 -0.945901 0.250265 -0.206494
-3.302122 -8.826310 -0.808211 54.599678 0.809353 0.466807 -0.356424 -0.563084 0.789272 -0.244923 -0.166984 -0.398926 -0.901651
-3.128337 -7.416227 4.538407 34.690995 -0.820107 -0.443501 0.361568 -0.495107 0.866770 -0.059815 -0.286868 -0.228070 -0.930425
0.595035 -4.802616 -11.019692 -18.257232 0.301898 0.874333 -0.379999 -0.552515 0.485296 0.677654 -0.776907 -0.005373 -0.629592
0.700697 -4.893225 -4.769273 -9.901495 0.354244 0.837311 -0.416438 -0.522594 0.546542 0.654360 -0.775504 0.014175 -0.631184
0.238761 -4.374297 -2.213869 -28.826813 0.290173 0.892294 -0.345849 -0.664811 0.447912 0.597830 -0.688350 -0.056450 -0.723179
1.356615 -5.082383 -22.936467 -0.863824 0.308063 0.850583 -0.426151 -0.383970 0.520996 0.762319 -0.870439 0.071213 -0.487098
0.196631 -4.820518 -9.476152 -23.207502 0.269887 0.906810 -0.323816 -0.569732 0.421498 0.705510 -0.776251 0.005919 -0.630396
0.995164 -5.122786 -31.817320 -10.212431 0.258627 0.885929 -0.385021 -0.431175 0.462547 0.774686 -0.864408 0.034343 -0.501617
3.402867 -8.920542 75.973137 27.975540 -0.371844 -0.397029 0.839107 -0.170553 0.917754 0.358662 -0.912493 -0.009746 -0.408976
1.561347 -8.178621 85.885003 18.161931 -0.315949 -0.381498 0.868697 -0.149694 0.924174 0.351417 -0.936893 -0.019008 -0.349100
3.206577 -8.957703 74.692392 5.601760 -0.379517 -0.335465 0.862224 -0.321882 0.921603 0.216888 -0.867386 -0.195221 -0.457744
2.924228 -30.780034 7.290572 -1190.973273 -0.787338 -0.368606 0.494195 -0.295146 0.929116 0.222782 -0.541284 0.029545 -0.840321
2.449509 -19.383480 -18.824760 -416.094220 -0.837232 -0.310108 0.450417 -0.228594 0.946712 0.226893 -0.496777 0.086999 -0.863507
1.706856 -109.704445 -66.261572 -2853.097005 -0.890917 -0.249623 0.379415 -0.125185 0.938019 0.323186 -0.436573 0.240435 -0.866946
-3.171699 -6.487843 -9.534445 -22.689597 -0.063957 -0.777887 0.625141 0.986071 0.047116 0.159511 -0.153536 0.626635 0.764039
-2.554454 -6.104897 2.965164 34.333098 -0.110020 -0.785009 0.609637 0.991150 -0.132488 0.008270 0.074277 0.605152 0.792638
-2.240927 -6.193452 4.561448 48.425655 -0.200232 -0.751552 0.628552 0.969642 -0.243919 0.017240 0.140359 0.612923 0.777577
1.181772 -2.931705 28.717485 8.543253 0.572055 0.601629 -0.557491 -0.510699 0.793123 0.331876 0.641825 0.094858 0.760961
0.870094 -3.005544 29.777299 12.475897 0.514020 0.670989 -0.534375 -0.500398 0.740551 0.448538 0.696696 0.036843 0.716420
2.031754 -3.440127 40.947674 16.160746 0.564790 0.629203 -0.533962 -0.457522 0.777241 0.431938 0.686794 0.000344 0.726852
1.580622 -3.395211 34.460368 10.381591 0.511122 0.691512 -0.510457 -0.444875 0.720996 0.531273 0.735418 -0.044456 0.676153
0.662814 -3.063047 21.163005 -11.981041 0.469340 0.737881 -0.485027 0.496335 -0.674750 -0.546228 0.730323 -0.015631 0.682923
-1.303589 -7.191377 15.407982 -57.948367 -0.319642 -0.683309 0.656444 0.852566 0.094907 0.513930 -0.413474 0.723935 0.552229
-2.005254 -7.739829 10.295593 -49.797387 -0.172419 -0.691766 0.701236 0.957288 0.050067 0.284768 -0.232102 0.720384 0.653587
-2.171056 -7.031686 24.407508 -25.361903 -0.220727 -0.705976 0.672962 0.958849 -0.030740 0.282248 -0.178574 0.707569 0.683709
-1.292172 -5.163263 -40.791973 22.491611 -0.091933 0.267042 0.959290 0.278573 0.931800 -0.232692 -0.956005 0.245841 -0.160054
-2.275766 -4.971190 -12.652215 4.271316 -0.145615 -0.009234 0.989298 0.399015 0.914474 0.067267 -0.905308 0.404540 -0.129476
-2.558136 -5.283636 -10.755755 3.405135 -0.154445 -0.155278 0.975723 0.483962 0.849088 0.211731 -0.861352 0.504913 -0.055989
0.082972 -5.204575 -4.667159 -8.711592 0.725534 0.499118 -0.473796 0.687814 -0.503260 0.523108 -0.022651 0.705416 0.708432
0.034744 -5.210166 -3.246064 13.124951 0.704247 0.508059 -0.495895 0.701396 -0.389769 0.596761 -0.109905 0.768086 0.630845
-0.244966 -11.957530 -3.489347 202.455263 0.836888 0.331719 -0.435409 -0.226798 -0.513818 -0.827377 0.498177 -0.791172 0.354776
-0.311929 -11.699506 -1.001838 199.055504 0.827899 0.340024 -0.446057 -0.236112 -0.510098 -0.827074 0.508758 -0.790053 0.342026
-0.375057 -13.684872 -0.258371 118.774585 0.824284 0.351674 -0.443713 -0.063456 -0.721379 -0.689627 0.562609 -0.596605 0.572306
1.048689 -6.984463 6.496528 -87.015348 -0.600709 -0.461067 0.653120 0.170796 0.724070 0.668245 -0.781010 0.512971 -0.356208
0.967833 -5.970873 -1.995670 41.745267 -0.627477 -0.443928 0.639688 0.038380 0.802918 0.594853 -0.777688 0.397808 -0.486775
0.937044 -5.078603 -5.777117 3.632626 -0.316693 -0.497931 0.807323 0.786695 0.337624 0.516837 -0.529921 0.798796 0.284797
1.398799 -5.006721 -1.821378 8.289664 -0.193728 -0.486411 0.851982 0.755927 0.479540 0.445664 -0.625335 0.730374 0.274791
1.868282 -5.004786 -6.589204 -3.941575 -0.294175 -0.504961 0.811465 0.679309 0.486770 0.549175 -0.672309 0.712789 0.199829
-0.000259 -5.430513 1.605362 32.648083 0.706787 0.282832 -0.648427 -0.561070 -0.334160 -0.757323 0.430874 -0.899079 0.077491
0.169813 -4.661939 0.534643 -16.945229 0.657189 0.254021 -0.709630 0.662621 0.253988 0.704573 0.359214 -0.933254 -0.001401
-0.165098 -5.361943 0.259348 32.811028 0.695356 0.276855 -0.663197 -0.552351 -0.384493 -0.739644 0.459769 -0.880634 0.114439
0.304087 -4.810019 2.543475 21.519799 0.670266 0.266661 -0.692557 -0.662569 -0.205334 -0.720305 0.334283 -0.941663 -0.039053
-0.197630 -6.321205 -3.214723 35.246574 0.743613 0.298043 -0.598507 -0.432755 -0.467811 -0.770633 0.509670 -0.832060 0.218891
0.041407 -5.855330 0.520254 33.713058 0.726115 0.293522 -0.621774 -0.537302 -0.322031 -0.779489 0.429027 -0.900078 0.076122
-0.302558 -6.295217 -6.212314 2.240895 -0.617480 -0.404332 0.674710 0.253878 0.709417 0.657475 -0.744489 0.577272 -0.335400
-0.021418 -6.029215 -10.305719 6.623046 -0.625953 -0.401627 0.668489 0.245044 0.712484 0.657511 -0.740362 0.575380 -0.347566
0.629156 -7.722792 -2.174243 -9.733555 -0.607752 -0.403860 0.683765 -0.546604 0.837345 0.008732 -0.576074 -0.368442 -0.729650
0.587341 -7.391915 1.711262 -6.472432 -0.598110 -0.376825 0.707295 -0.563903 0.824997 -0.037321 -0.569453 -0.421169 -0.705932
0.625046 -7.419312 2.493208 -10.737468 0.623571 0.384845 -0.680480 -0.616252 0.777572 -0.124960 -0.481032 -0.497269 -0.722033
0.660423 -7.924402 -2.250951 -15.923551 -0.634939 -0.399060 0.661515 -0.596792 0.797109 -0.091959 -0.490602 -0.453176 -0.744272
0.590607 -6.982287 3.124489 24.544072 0.638772 0.367701 -0.675845 0.673638 -0.691678 0.260371 -0.371729 -0.621592 -0.689522
0.522401 -7.693849 1.309194 -29.621893 0.653980 0.372455 -0.658474 -0.650511 0.721198 -0.238137 -0.386195 -0.584081 -0.713935
1.908398 -21.812453 -20.604978 -146.336022 -0.442477 -0.261231 0.857888 0.703876 -0.693926 0.151738 0.555672 0.670988 0.490921
1.926297 -18.550152 -22.626318 -176.103928 -0.484520 -0.257181 0.836121 0.800961 -0.514716 0.305824 0.351713 0.817878 0.455382
1.626450 -3.848326 13.210632 -38.914922 0.460679 0.401331 0.791649 0.502442 0.617339 -0.605347 -0.731660 0.676629 0.082750
2.767974 -3.299215 23.032475 29.951771 0.626734 0.535050 0.566503 -0.283259 -0.520834 0.805292 -0.725926 0.665171 0.174867
3.340527 -3.007130 40.374123 -114.729550 0.391605 0.324545 0.860997 0.412929 0.774226 -0.479649 -0.822274 0.543364 0.169177
0.952187 -4.573565 -17.549174 -96.522630 0.245468 0.264077 0.932743 0.555568 0.750170 -0.358594 -0.794412 0.606225 0.037430
-1.054719 -34.577240 49.685005 -1120.445296 -0.235255 0.790595 -0.565344 0.824639 -0.145500 -0.546626 -0.514418 -0.594801 -0.617726
-2.745582 -10.505652 -78.399755 -406.293017 -0.350716 0.721453 -0.597080 0.773864 -0.135784 -0.618625 -0.527383 -0.679020 -0.510685
-0.464925 -17.917046 58.446941 -639.690972 -0.080226 0.805289 -0.587429 0.906994 -0.185459 -0.378110 -0.413432 -0.563129 -0.715514
64.222339 -2936.733637 50.817370 -107301.621203 -0.017590 0.832813 -0.553276 0.960574 -0.139487 -0.240500 -0.277466 -0.535693 -0.797525
-1.252633 -5.229354 -0.909521 -32.159404 0.011341 0.301928 0.953263 0.997522 -0.069611 0.010181 0.069432 0.950786 -0.301969
-1.545702 -4.677300 -5.111078 -12.126040 -0.095413 0.343768 0.934195 0.995371 0.043847 0.085527 -0.011560 0.938030 -0.346360
-1.708748 -4.565825 4.070394 -15.022081 0.012231 0.297443 0.954661 0.997063 0.068552 -0.034133 -0.075597 0.952275 -0.295731
-1.046661 -5.878465 -7.837283 -49.271203 -0.047015 0.338790 0.939686 0.989378 -0.113748 0.090512 0.137552 0.933961 -0.329844
-1.524068 -4.624152 4.474774 -22.152251 0.074036 0.261724 0.962299 0.996524 0.017547 -0.081442 -0.038201 0.964983 -0.259515
-1.167890 -5.464553 2.683192 -35.815911 0.104213 0.254314 0.961490 0.988670 -0.131506 -0.072376 0.108035 0.958139 -0.265138
-0.713660 -6.817869 2.812224 -61.975548 0.075319 0.268648 0.960289 0.969275 -0.245874 -0.007238 0.234165 0.931329 -0.278913
-4.589058 -6.364218 -21.800771 -89.015632 0.440825 -0.102928 -0.891672 0.055080 0.994633 -0.087582 0.895901 -0.010505 0.444129
-4.079330 -6.347534 -15.677483 -87.672092 0.503312 -0.043688 -0.863000 0.030658 0.998995 -0.032692 0.863561 -0.010003 0.504146
-3.924402 -4.767533 -35.872842 -4.163562 -0.245606 0.744149 0.621225 0.454865 0.654392 -0.604044 0.856023 -0.134216 0.499209
1.619201 -2.990851 43.077968 -22.735045 0.854467 0.241218 -0.460108 0.293255 0.507104 0.810461 -0.428821 0.827441 -0.362566
2.372926 -2.894674 28.029980 -28.483650 0.825796 0.293279 -0.481714 0.277705 0.531960 0.799937 -0.490857 0.794359 -0.357845
1.562082 -2.320348 41.796609 -29.974152 0.858149 0.240242 -0.453722 0.254631 0.568240 0.782475 -0.445806 0.787012 -0.426462
2.454957 -3.527496 27.097737 -8.716534 0.821149 0.292373 -0.490135 0.331372 0.454966 0.826558 -0.464659 0.841144 -0.276711
0.631446 -2.437179 38.384560 -29.251598 0.866057 0.218018 -0.449904 0.265156 0.562605 0.783051 -0.423837 0.797461 -0.429439
0.549941 -3.011405 45.021961 -24.044662 0.871733 0.216272 -0.439668 0.287295 0.501278 0.816200 -0.396917 0.837823 -0.374847
0.808554 -3.491319 49.900649 -18.224366 0.868313 0.216057 -0.446489 0.320927 0.441636 0.837833 -0.378205 0.870791 -0.314139
1.739297 -3.498546 52.341226 -17.527099 0.848326 0.235057 -0.474437 0.338385 0.448489 0.827256 -0.407233 0.862326 -0.300925
-4.601829 -9.880441 94.353454 326.812560 0.860760 -0.445791 0.245689 0.502526 0.667441 -0.549536 -0.080995 -0.596484 -0.798528
-6.059765 -8.210906 50.492062 -7.795775 0.393287 0.619287 -0.679565 -0.015128 0.743386 0.668692 0.919291 -0.252707 0.301732
-5.009829 -7.507459 0.548142 -50.370257 0.299084 0.428889 -0.852410 0.199482 0.845460 0.495384 0.933143 -0.318202 0.167307
-3.740521 -6.227823 10.806557 -8.172707 -0.513935 -0.536498 0.669358 -0.308111 0.843671 0.439644 -0.800586 0.019712 -0.598893
-0.847612 -2.407715 32.426505 27.500476 0.631937 0.464154 -0.620658 0.688971 0.030305 0.724155 0.354929 -0.885236 -0.300638
-0.817783 -4.316319 -81.980805 6.095063 0.683103 0.371341 -0.628870 0.725827 -0.440582 0.528263 -0.080903 -0.817309 -0.570492
0.420899 -4.538729 -91.218178 6.158043 0.668568 0.379098 -0.639767 0.725713 -0.520417 0.450007 -0.162349 -0.765147 -0.623051
-1.075054 -4.512887 -84.430262 6.253704 0.672686 0.385432 -0.631613 0.720226 -0.536746 0.439520 -0.169611 -0.750564 -0.638660
-0.516277 -8.224917 -3.014916 -12.936234 0.821071 0.293425 -0.489637 -0.353106 -0.412882 -0.839550 0.448507 -0.862224 0.235395
-1.049360 -11.962653 9.348769 248.331830 0.896073 0.317981 -0.309744 -0.421421 0.390104 -0.818671 0.139490 -0.864122 -0.483566
-0.379531 -10.464419 22.815397 210.503449 0.840332 0.369145 -0.396957 -0.526706 0.382908 -0.758922 0.128154 -0.846826 -0.516201
-0.230084 -12.224853 28.257486 203.966274 0.804256 0.404021 -0.435820 -0.527075 0.146167 -0.837154 0.274525 -0.902996 -0.330505
-0.724871 -13.647992 30.310776 115.801744 0.806101 0.430482 -0.406063 -0.372915 -0.163272 -0.913387 0.459495 -0.887709 -0.028920
0.457186 -4.785235 6.147357 30.499369 0.790742 0.469730 -0.392530 -0.407262 0.882416 0.235543 0.457016 -0.026391 0.889067
0.222721 -5.546544 3.185734 51.453825 0.808665 0.427074 -0.404560 -0.292844 0.888696 0.352792 0.510200 -0.166818 0.843723
0.650818 -4.418528 9.040719 6.493566 0.769486 0.505108 -0.390840 -0.497631 0.857770 0.128815 0.400317 0.095373 0.911400
0.192926 -5.904976 7.166799 57.016984 0.811284 0.396710 -0.429464 -0.281153 0.908776 0.308349 0.512611 -0.129414 0.848812
