19730
39424
-5.017828 -8.152535 61.782677 125.652231 -0.566147 0.807279 -0.166667 -0.624204 -0.551916 -0.552953 0.538374 0.209019 -0.816373
-5.816493 -9.795168 24.795776 56.407775 -0.414716 0.909635 -0.023973 -0.658321 -0.318118 -0.682213 0.628191 0.267143 -0.730760
-7.412102 -10.036460 173.389341 188.458836 -0.195402 0.972114 0.129666 -0.784338 -0.075530 -0.615718 0.588754 0.222015 -0.777225
-4.667240 -8.381725 -40.286426 86.839583 -0.613722 0.774326 -0.154155 -0.554408 -0.561679 -0.614124 0.562118 0.291437 -0.774008
-6.673693 -8.189182 4.495028 294.963348 0.033333 0.980162 0.195375 -0.867471 0.125460 -0.481409 0.496370 0.153436 -0.854444
-4.391878 -6.412304 71.213939 -171.757867 -0.687334 0.678981 -0.257987 0.556105 0.720414 0.414428 0.467246 0.141382 -0.872750
-3.661158 -7.208893 -21.243213 -107.448375 -0.715655 0.654752 -0.243183 0.496220 0.721652 0.482685 0.491533 0.224764 -0.841354
-3.186210 -3.749353 -138.691428 -223.817678 -0.925462 0.265766 -0.269978 0.270867 0.962431 0.018910 0.264861 -0.055628 -0.962681
-3.566539 -5.377040 90.249990 -207.001477 -0.768399 -0.620740 -0.155709 -0.599680 0.783351 -0.163537 0.223489 -0.032286 -0.974172
-4.370256 -6.274223 -43.641181 -193.365490 -0.964084 -0.016494 -0.265086 -0.018211 0.999826 0.004021 0.264974 0.008704 -0.964216
7.460750 -14.065657 -0.635903 -77.098349 -0.042034 0.997879 0.049711 0.056420 -0.047305 0.997286 -0.997522 -0.044724 0.054312
7.969600 -14.130858 29.650546 32.150757 -0.076549 0.996131 0.043161 -0.086043 -0.049726 0.995050 -0.993346 -0.072457 -0.089517
7.561602 -13.384974 -144.278556 -0.670636 0.000736 0.998670 0.051549 -0.099004 -0.051223 0.993768 -0.995087 0.005835 -0.098834
9.453294 -12.187634 -171.632529 -24.772485 0.120466 0.991364 0.051814 -0.119274 -0.037362 0.992158 -0.985526 0.125701 -0.113743
8.073175 -13.162996 -178.104067 -76.075479 0.023519 0.999375 0.026396 0.039314 -0.027308 0.998854 -0.998950 0.022454 0.039931
-5.328826 -8.538493 -300.189705 71.033392 0.259312 0.888104 -0.379511 -0.527183 -0.199086 -0.826101 0.809219 -0.414290 -0.416567
-4.662301 -7.745410 -276.772204 118.513219 0.305951 0.911631 -0.274449 -0.576006 -0.052279 -0.815772 0.758031 -0.407671 -0.509110
-6.979265 -9.392826 2.751940 101.580096 0.025754 0.863618 -0.503489 -0.545620 -0.409877 -0.730958 0.837637 -0.293539 -0.460651
-6.807456 -9.287291 -114.652572 44.684300 0.013188 0.788111 -0.615392 -0.467492 -0.539180 -0.700526 0.883899 -0.296929 -0.361324
-5.139415 -8.540036 -352.155774 23.061409 0.293083 0.880929 -0.371573 -0.455358 -0.213115 -0.864425 0.840685 -0.422547 -0.338678
-3.198144 -26.629247 -34.992941 748.741552 -0.119939 0.985766 -0.117813 0.844935 0.163662 0.509215 -0.521248 0.038470 0.852538
-3.102801 -20.019617 -9.958584 1046.895495 -0.128618 0.982859 -0.132079 0.937365 0.163966 0.307345 -0.323734 0.084276 0.942387
-2.351861 -22.094028 17.532048 1254.192666 -0.129163 0.976405 -0.173064 0.928579 0.180331 0.324379 -0.347934 0.118806 0.929961
-2.102685 -26.561400 36.656526 992.703044 -0.113157 0.975541 -0.188453 0.864157 0.190235 0.465880 -0.490335 0.110135 0.864547
-2.199367 -30.596918 21.258113 304.377731 -0.092368 0.982414 -0.162270 0.722807 0.178241 0.667667 -0.684849 0.055619 0.726560
-2.613910 -30.262970 -1.587328 -91.245970 -0.094321 0.988146 -0.121126 0.609017 0.153518 0.778158 -0.787529 0.000371 0.616278
-1.076046 -6.503542 -24.616841 28.121401 0.086646 0.994021 0.066438 -0.575969 -0.004432 0.817459 -0.812866 0.109096 -0.572142
-1.721786 -6.943725 -13.115146 37.827029 0.082690 0.993807 0.074225 -0.658226 -0.001458 0.752819 -0.748265 0.111107 -0.654029
-0.231914 -6.465235 -69.315609 37.475927 0.129967 0.991112 -0.028374 -0.568663 0.097951 0.816718 -0.812238 0.090011 -0.576339
-1.622519 -7.071895 14.434847 32.140902 0.039931 0.984770 0.169217 -0.669917 -0.099266 0.735770 -0.741361 0.142742 -0.655751
0.381795 -6.009372 -75.524837 24.779099 0.127341 0.991377 -0.030933 -0.488851 0.089867 0.867726 -0.863023 0.095376 -0.496079
-0.496829 -6.052425 -31.842958 19.900339 0.094888 0.994081 0.052917 -0.493880 0.000856 0.869530 -0.864337 0.108642 -0.491038
-1.131203 -6.717837 7.781913 29.602103 0.050156 0.985565 0.161700 -0.587093 -0.101883 0.803083 -0.807964 0.135213 -0.573508
0.110808 -8.265554 -13.204975 54.201868 -0.110975 0.980994 -0.159168 0.987072 0.090162 -0.132513 -0.115644 -0.171816 -0.978318
0.025716 -8.434154 -11.758901 -46.494371 -0.163518 0.975952 -0.144150 -0.942450 -0.111340 0.315265 -0.291634 -0.187405 -0.937992
-0.143136 -7.733025 -6.065739 42.371541 -0.111549 0.980818 -0.159851 0.984950 0.087751 -0.148906 -0.132023 -0.174055 -0.975846
-0.219554 -7.291032 0.188631 29.173312 -0.107044 0.982023 -0.155478 0.982758 0.080793 -0.166310 -0.150758 -0.170599 -0.973739
-0.200203 -7.355849 -6.666703 -15.495938 -0.056391 0.983153 -0.173870 0.998168 0.051689 -0.031455 -0.021938 -0.175325 -0.984266
-0.309589 -20.417973 -10.047099 -371.676622 0.562343 0.823803 -0.071546 0.095405 -0.150582 -0.983983 0.821382 -0.546510 0.163274
-0.411661 -22.321266 -10.638062 -54.797221 0.561008 0.823378 -0.085549 -0.183520 0.022934 -0.982748 0.807212 -0.567029 -0.163973
-0.487750 -20.118360 -3.413406 -365.032468 0.548883 0.833018 -0.069347 0.097670 -0.146305 -0.984406 0.830173 -0.533551 0.161665
-0.433623 -16.034138 -5.210425 -438.859168 0.552947 0.831223 -0.057604 0.315543 -0.272888 -0.908826 0.771156 -0.484356 0.413179
-0.424055 -15.858444 2.545826 -432.596701 0.537236 0.841419 -0.058241 0.323659 -0.269433 -0.907001 0.778860 -0.468423 0.417082
-0.471956 -19.885006 4.192269 -352.747390 0.531408 0.844754 -0.063219 0.101402 -0.137525 -0.985294 0.841025 -0.517182 0.158741
1.453208 -10.639109 -17.694422 13.209288 -0.255448 0.965113 -0.057469 0.028811 0.067014 0.997336 -0.966393 -0.253112 0.044925
1.419732 -10.782133 -20.809543 154.329546 -0.257572 0.964391 -0.060057 -0.076762 0.041535 0.996184 -0.963205 -0.261199 -0.063330
2.086091 -10.260515 -19.326860 53.791783 -0.214356 0.975337 -0.052623 -0.000456 0.053775 0.998553 -0.976756 -0.214070 0.011082
0.948974 -10.796583 -26.918207 111.033120 -0.292499 0.954829 -0.052406 -0.050657 0.039255 0.997944 -0.954923 -0.294553 -0.036887
2.018511 -10.972238 -14.796683 -139.171546 -0.207519 0.976435 -0.059252 0.091475 0.079674 0.992615 -0.973945 -0.200566 0.105854
1.092802 -10.890622 -27.737111 -26.766389 -0.292126 0.955534 -0.040218 0.063389 0.061305 0.996104 -0.954277 -0.288438 0.078479
1.522022 -11.472075 -16.815247 -161.441919 -0.248573 0.967334 -0.049770 0.131601 0.084634 0.987683 -0.959632 -0.238961 0.148340
-2.352143 -5.841075 76.458843 14.152219 -0.236669 0.862574 0.447163 0.116390 0.482094 -0.868354 0.964594 0.153467 0.214492
-1.982635 -5.505758 79.590260 -5.235220 -0.265089 0.808496 0.525417 0.166228 0.575072 -0.801037 0.949787 0.125007 0.286840
-3.394964 -6.093940 84.069449 25.390930 -0.216179 0.826006 0.520558 0.135264 0.553361 -0.821885 0.966939 0.107261 0.231354
-1.158550 -5.263829 65.017572 -21.170625 -0.270469 0.836318 0.476885 0.145163 0.525111 -0.838562 0.951722 0.157579 0.263428
-3.579297 -5.989521 82.628445 19.846188 -0.194655 0.847393 0.493999 0.070623 0.514434 -0.854617 0.978326 0.131467 0.159983
-2.596393 -5.699859 74.602228 21.280961 -0.221324 0.883959 0.411865 0.054938 0.432969 -0.899733 0.973652 0.176505 0.144390
-1.519200 -5.590210 61.667716 13.675604 -0.252070 0.876354 0.410444 0.092567 0.444031 -0.891217 0.963272 0.186655 0.193048
2.067834 -13.806728 -16.612369 17.784241 0.160994 0.986937 -0.006075 -0.358793 0.052792 -0.931923 0.919428 -0.152214 -0.362605
2.300423 -14.721595 15.741476 25.999142 0.150555 0.988538 0.011211 -0.179196 0.038441 -0.983062 0.972225 -0.145996 -0.182930
2.233270 -14.284285 13.838423 44.737840 0.117750 0.993043 0.000229 -0.367293 0.043766 -0.929075 0.922622 -0.109314 -0.369891
2.214050 -13.986843 -4.919230 48.938141 0.126641 0.991851 -0.013886 -0.541619 0.057413 -0.838661 0.831030 -0.113730 -0.544476
1.570661 -13.959268 -39.873701 8.109527 0.171160 0.985072 -0.018371 -0.528300 0.076023 -0.845647 0.831627 -0.154446 -0.533426
0.381644 -4.359029 5.878341 42.420839 0.443788 0.895878 0.021320 -0.754218 0.386252 -0.531003 0.483949 -0.219573 -0.847102
1.373683 -3.910776 67.647389 18.540706 0.497146 0.862009 0.098927 -0.731321 0.477647 -0.486849 0.466921 -0.169688 -0.867866
1.120836 -4.304006 51.634439 37.953171 0.371353 0.927877 -0.033779 -0.810423 0.306163 -0.499478 0.453113 -0.212858 -0.865668
1.492684 -1.993891 -45.887104 -18.519324 0.242463 0.969924 0.021419 -0.548125 0.155170 -0.821877 0.800482 -0.187534 -0.569263
1.441277 -2.526453 -40.681735 -57.462947 0.271223 0.959705 0.073516 -0.550988 0.217434 -0.805689 0.789209 -0.178015 -0.587759
1.017388 -2.244818 -60.182322 -24.773472 0.273680 0.961637 0.018784 -0.548098 0.171976 -0.818543 0.790372 -0.213723 -0.574138
0.940781 -2.325812 -60.943412 28.800080 0.220434 0.973443 -0.061790 -0.556421 0.073465 -0.827647 0.801127 -0.216823 -0.557838
1.510858 -2.135722 -44.322263 37.280552 0.197532 0.979208 -0.046192 -0.555448 0.072973 -0.828343 0.807749 -0.189281 -0.558314
1.466632 -22.820177 -17.073407 -9.169174 -0.434972 0.896196 0.087359 -0.035323 0.079960 -0.996172 0.899751 0.436392 0.003124
1.413848 -23.599567 -22.710186 -194.569689 -0.438201 0.897730 0.045390 -0.178707 -0.037520 -0.983187 0.880933 0.438945 -0.176872
1.135665 -21.396480 -44.023198 -74.791085 -0.401147 0.912838 0.076212 -0.062204 0.055861 -0.996499 0.913899 0.404483 -0.034374
1.475017 -25.247812 16.235637 -54.406924 -0.474715 0.878521 0.053354 -0.157883 -0.025363 -0.987132 0.865863 0.477030 -0.150744
1.020300 -20.844320 -46.264201 35.672517 -0.399484 0.909151 0.117715 0.085640 0.164854 -0.982593 0.912731 0.382449 0.143716
1.441814 -22.242019 -20.584670 34.286233 -0.433987 0.891825 0.127685 0.117039 0.196337 -0.973526 0.893285 0.407554 0.189586
1.566324 -24.581499 21.335299 31.171132 -0.473624 0.875865 0.092415 -0.004682 0.102425 -0.994730 0.880715 0.471560 0.044410
-6.158590 -15.188407 -41.244364 -255.787146 -0.280076 0.957247 0.072353 0.498456 0.080600 0.863160 -0.820426 -0.277815 0.499720
-5.724206 -18.174312 -66.355266 -527.567484 -0.283485 0.953762 0.099874 0.609962 0.098967 0.786226 -0.739988 -0.283802 0.609814
-5.701453 -15.779557 6.387749 -470.603242 -0.204367 0.974884 0.088515 0.541017 0.037129 0.840192 -0.815803 -0.219595 0.535017
-6.047623 -14.651852 71.379041 -73.656718 -0.164622 0.979535 0.115805 0.464598 -0.026562 0.885123 -0.870085 -0.199514 0.450717
-6.526245 -14.730741 8.665369 133.713817 -0.243987 0.964102 0.104780 0.428585 0.010276 0.903443 -0.869934 -0.265335 0.415707
2.200806 -6.858159 182.632869 -6.028868 0.011839 0.973199 0.229659 0.979713 -0.057240 0.192057 0.200055 0.222726 -0.954134
2.221249 -6.777021 213.834271 -6.667731 0.038626 0.971290 0.234740 0.996980 -0.053298 0.056482 0.067372 0.231850 -0.970416
5.032207 -6.888535 230.048798 2.963313 0.059408 0.977301 0.203356 -0.978994 0.096845 -0.179422 0.195043 0.188426 -0.962525
5.005744 -6.811083 224.708652 -2.755629 0.049668 0.974822 0.217381 -0.943709 0.117070 -0.309366 0.327026 0.189779 -0.925764
2.160879 -6.886523 163.766558 2.948110 -0.008486 0.972374 0.233274 -0.944630 0.068730 -0.320858 0.328026 0.223080 -0.917951
-5.239083 -6.628098 -181.217329 -51.700167 -0.243065 0.666062 -0.705181 -0.020462 0.723301 0.690230 0.969794 0.182200 -0.162180
-7.135726 -8.815017 -86.299883 -202.053187 -0.096554 0.830726 0.548244 -0.341472 0.489740 -0.802217 0.934919 0.264667 -0.236383
-5.394183 -7.132700 -196.460013 -49.078728 -0.237032 0.582225 -0.777708 -0.112088 0.778786 0.617194 0.965014 0.233467 -0.119337
-1.786665 -6.596250 -200.824801 21.561546 -0.173858 0.571236 -0.802161 -0.094194 0.801185 0.590957 0.980256 0.178301 -0.085485
-5.237080 -7.270082 -196.850473 -81.041968 -0.192829 0.402866 -0.894716 -0.223150 0.869931 0.439799 0.955521 0.284462 -0.077849
-1.639332 -6.496364 -212.741391 4.058257 -0.157338 0.534755 -0.830230 -0.158667 0.816090 0.555717 0.974715 0.219165 -0.043554
1.455102 -39.477663 -51.976324 -327.171797 -0.520260 0.852478 0.051094 0.216878 0.189752 -0.957579 0.826010 0.487109 0.283604
0.669135 -38.086847 -25.159217 -368.465924 -0.523291 0.849566 0.066360 0.118099 0.149424 -0.981695 0.843931 0.505875 0.178525
1.152140 -36.418941 -30.601965 -775.852209 -0.534776 0.841710 0.074424 0.345851 0.298392 -0.889578 0.770974 0.449985 0.450679
-4.189816 -29.444902 97.561586 1312.208294 0.009274 0.989783 0.142277 0.701678 -0.107813 0.704290 -0.712434 -0.093301 0.695509
-5.293340 -30.891967 -306.624196 1239.885236 0.065845 0.957869 0.279557 0.763747 -0.228678 0.603652 -0.642148 -0.173763 0.746627
-5.168041 -19.364614 -117.365167 900.155836 0.233915 0.921507 0.310014 0.791525 -0.365658 0.489676 -0.564599 -0.130841 0.814929
11.026941 -65.488119 703.410660 505.872761 -0.398317 0.896155 0.195577 0.712290 0.436542 -0.549613 0.577916 0.079613 0.812204
9.975143 -66.915449 -254.673893 -1.269793 -0.416947 0.894297 0.162448 0.686393 0.426954 -0.588707 0.595836 0.133956 0.791856
11.060017 -62.310616 382.652355 82.457620 -0.376647 0.909362 0.176632 0.539613 0.370359 -0.756076 0.752964 0.189461 0.630198
15.534428 -64.202783 1146.582756 1153.191259 -0.361308 0.903641 0.229978 0.576890 0.410400 -0.706236 0.732567 0.122497 0.669582
-3.278587 -23.447307 -143.512357 -972.526306 -0.441469 0.896082 -0.046286 -0.882690 -0.442977 -0.156939 0.161134 0.028427 -0.986523
-2.750457 -30.628152 -171.024762 1306.247015 -0.385721 0.920711 -0.059260 0.922564 0.384224 -0.035317 -0.009747 -0.068294 -0.997618
-3.550501 -27.043496 73.277344 -1311.305223 -0.445669 0.895056 0.015952 -0.886574 -0.438839 -0.146313 0.123958 0.079350 -0.989110
-3.607754 -20.139191 93.647767 -747.437671 -0.512705 0.858428 0.015314 -0.819650 -0.484079 -0.306336 0.255554 0.169611 -0.951800
-2.905009 -18.223091 -94.770963 -364.368802 -0.509994 0.859138 -0.042290 -0.816200 -0.498854 -0.291483 0.271520 0.114137 -0.955641
1.307060 -2.575457 -5.889280 60.660031 0.154032 0.957332 -0.244519 -0.026401 0.251372 0.967530 -0.987713 0.142575 -0.063994
1.028921 -3.548926 5.692286 17.848027 0.148214 0.982592 -0.112008 -0.105112 0.128269 0.986153 -0.983354 0.134388 -0.122293
1.702721 -2.364143 -27.034483 51.079658 0.170990 0.951876 -0.254350 -0.042463 0.265031 0.963304 -0.984357 0.153915 -0.085737
-3.989299 -10.810666 -85.343733 -127.809946 -0.090593 0.981117 0.170886 -0.861926 -0.163200 0.480052 -0.498876 0.103802 -0.860435
-3.079363 -12.046474 -85.736592 -71.314496 -0.130077 0.978447 0.160378 -0.804312 -0.198716 0.559995 -0.579795 0.056151 -0.812825
-3.955946 -11.237265 -95.870248 -119.170634 -0.154375 0.964802 0.212896 -0.795632 -0.249151 0.552172 -0.585780 0.084145 -0.806090
-4.748333 -10.090982 -56.073354 -124.470872 -0.072932 0.971423 0.225873 -0.851732 -0.178494 0.492639 -0.518878 0.156454 -0.840409
3.357532 -3.310135 -34.942874 72.778464 0.251740 0.966273 -0.054246 -0.211049 0.109514 0.971321 -0.944503 0.233072 -0.231500
3.354895 -4.253598 -46.504810 68.936625 0.238086 0.970222 -0.044540 -0.275806 0.111509 0.954724 -0.931261 0.215022 -0.294141
3.354433 -3.440307 35.162975 81.260899 0.321760 0.946689 -0.015814 -0.226599 0.093212 0.969518 -0.919306 0.308369 -0.244511
2.076301 -23.392728 -2.390122 -412.603084 0.278958 0.959628 -0.036019 -0.933019 0.279718 0.226349 -0.227285 0.029535 -0.973380
1.069593 -23.938549 54.675892 -343.899250 0.254760 0.965775 0.048754 -0.928428 0.230187 0.291610 -0.270407 0.119555 -0.955294
1.578119 -22.247680 -6.846585 511.689653 0.272407 0.961716 -0.029933 -0.813074 0.246716 0.527297 -0.514495 0.119302 -0.849154
1.618141 -21.459339 -26.664950 169.932497 0.295450 0.950369 -0.097506 -0.839665 0.306999 0.448012 -0.455711 0.050492 -0.888695
-193.138863 -275.921011 9073.232763 28658.990829 0.056480 0.697260 0.714590 -0.646781 0.570796 -0.505832 0.760581 0.433614 -0.483213
-268.610892 -362.430139 187.676701 37918.049266 0.355790 0.750106 0.557454 -0.571669 0.646554 -0.505135 0.739329 0.138957 -0.658850
-402.796200 -15437.262022 72313.668675 -1540011.481943 -0.020640 0.640972 0.767287 0.879402 -0.353462 0.318930 0.475632 0.681337 -0.556377
-237.212209 -422.299868 -17713.686536 63509.688426 -0.152222 -0.304584 -0.940243 -0.067108 0.952319 -0.297632 0.986065 0.017792 -0.165404
-225.280308 -752.774949 -25620.959693 94801.172721 -0.009416 -0.285623 -0.958296 -0.536789 0.809995 -0.236147 0.843664 0.512179 -0.160946
5.955692 -34.986140 106.902993 -893.954710 -0.558033 0.829106 0.034384 0.579009 0.418717 -0.699589 0.594430 0.370485 0.713718
7.112238 -37.297390 118.680813 -551.090097 -0.600478 0.798065 0.050185 0.327700 0.302844 -0.894929 0.729410 0.520940 0.443377
8.580487 -38.389577 29.721382 -557.815435 -0.433856 0.899574 0.050362 0.339491 0.214999 -0.915708 0.834575 0.380187 0.398676
-1.003842 -26.967597 162.805800 -578.771633 0.998922 0.045380 -0.009746 0.038135 -0.922115 -0.385032 0.026460 -0.384245 0.922852
0.360318 -24.261648 69.192329 -455.726770 0.997680 0.066036 0.016559 0.066911 -0.906205 -0.417511 0.012565 -0.417650 0.908521
-0.604123 -21.179932 99.649995 -676.598866 0.995065 0.098933 0.007653 0.098617 -0.977445 -0.186751 0.010995 -0.186584 0.982378
-0.477581 -28.467137 193.241790 -399.374198 0.999113 0.009853 -0.040945 -0.016185 -0.807740 -0.589316 0.038880 -0.589456 0.806864
-3.002223 -28.405250 159.531043 -853.594072 0.999873 -0.011723 0.010782 -0.007949 -0.953909 -0.299991 -0.013802 -0.299867 0.953881
-2.697702 -33.584013 225.218958 -806.886527 0.997517 -0.036946 -0.059956 -0.063176 -0.845664 -0.529963 0.031123 -0.532435 0.845899
-20.327772 -98.828822 -1501.892900 12184.718096 0.718324 -0.695641 -0.009674 -0.583283 -0.609765 0.536626 0.379199 0.379829 0.843765
-5.693146 -51.926156 -1986.217655 4096.361400 0.900749 0.190311 -0.390426 -0.282173 0.939767 -0.192915 0.330196 0.283936 0.900195
-22.689308 -60.704944 -2728.426213 3929.912295 0.892128 0.112943 -0.437437 -0.212383 0.959433 -0.185424 0.398749 0.258327 0.879924
-82.743279 -124.445474 6520.059965 -12449.206518 -0.576894 0.816813 0.003160 0.642478 0.456147 -0.615753 0.504396 0.353194 0.787933
-26.033434 -101.268941 2187.893374 -8430.379116 -0.636400 0.765917 -0.091468 0.574138 0.391152 -0.719281 0.515132 0.510266 0.688671
10.589438 -301.847369 2482.517230 -31091.854741 -0.747070 0.656029 0.107294 0.400938 0.573427 -0.714444 0.530221 0.490722 0.691417
4.685822 -7.585315 69.350414 59.381950 -0.015961 0.984056 0.177139 0.960208 -0.034319 0.277171 -0.278831 -0.174514 0.944351
4.726135 -8.572330 -173.052794 217.078577 -0.091227 -0.985431 -0.143539 0.989207 -0.106270 0.100872 -0.114657 -0.132788 0.984490
13.768143 -6.817112 -864.778938 116.370010 -0.275504 -0.942953 -0.186916 0.955671 -0.289674 0.052741 -0.103877 -0.164100 0.980959
-8.198086 -9.269709 -130.873773 218.318297 0.231023 -0.278445 -0.932254 -0.250183 0.908954 -0.333484 0.940232 0.310276 0.140327
-7.829923 -8.301333 -62.647157 -11.181344 0.405056 -0.637268 -0.655606 -0.124010 0.672144 -0.729962 0.905843 0.376977 0.193229
-7.195059 -11.171032 -71.319550 348.029026 0.287876 -0.100833 -0.952344 -0.283942 0.940740 -0.185435 0.914606 0.323793 0.242186
-7.824922 -75.487138 -506.548265 -8444.658756 -0.484036 -0.849481 0.209977 0.838469 -0.381597 0.389042 -0.250358 0.364370 0.896970
-12.430083 -119.499231 517.515892 -13061.875749 0.318640 0.946413 -0.052634 0.773174 -0.227389 0.592027 -0.548334 0.229339 0.804197
-20.561079 -206.006033 -544.676619 18325.631448 0.212036 0.972398 0.097379 0.904637 -0.157606 -0.395970 0.369693 -0.172053 0.913085
-1.283910 -2.223115 -25.690552 52.249187 -0.066654 0.981994 0.176761 0.802727 0.157994 -0.575037 0.592610 -0.103563 0.798804
-0.286409 -2.050549 -106.231677 55.193234 0.164878 0.985199 0.046881 0.798711 -0.105478 -0.592398 0.578685 -0.135118 0.804280
-1.094831 -1.624358 1.027132 12.414950 -0.361198 0.849642 0.384246 0.708398 0.517980 -0.479446 0.606389 -0.099024 0.788978
2.093355 -7.134710 150.960618 48.714299 0.150307 0.959277 -0.239156 0.612670 0.099473 0.784054 -0.775914 0.264373 0.572769
0.200931 -7.543256 105.833673 34.984575 0.101678 0.948684 -0.299432 0.605869 0.179679 0.775009 -0.789040 0.260218 0.556509
2.170479 -6.891233 170.078106 31.153344 0.173792 0.957213 -0.231386 0.692159 0.048405 0.720120 -0.700509 0.285307 0.654131
0.367456 -7.700411 84.845580 22.553420 0.089103 0.951690 -0.293849 0.503437 0.211530 0.837739 -0.859426 0.222579 0.460268
4.076603 -6.449777 179.308860 20.400952 0.192805 0.968250 -0.159116 0.677747 -0.014146 0.735159 -0.709567 0.249583 0.658956
3.682976 -6.685731 156.537806 44.253150 0.171023 0.971797 -0.162365 0.605496 0.026336 0.795412 -0.777255 0.234345 0.583915
1.891339 -7.429957 117.354540 48.939903 0.128200 0.963085 -0.236711 0.520389 0.137858 0.842728 -0.844251 0.231220 0.483506
2.520210 -9.150294 54.516610 29.891765 -0.168002 0.983209 -0.071242 -0.381528 0.001785 0.924355 -0.908962 -0.182475 -0.374822
4.530181 -9.068267 74.176459 30.284870 -0.258567 0.960320 -0.104536 -0.441630 -0.021272 0.896945 -0.859131 -0.278087 -0.429607
2.982026 -9.407413 61.811642 23.727800 -0.183212 0.978778 -0.091803 -0.568331 -0.029258 0.822280 -0.802143 -0.202825 -0.561630
1.340755 -9.607875 38.027877 17.695520 -0.127421 0.987759 -0.089982 -0.541882 0.006657 0.840428 -0.830739 -0.155848 -0.534400
1.103520 -9.449925 27.872191 -5.813473 -0.129985 0.985458 -0.109434 -0.712160 -0.015998 0.701835 -0.689878 -0.169163 -0.703884
2.517893 -9.172399 58.318092 -23.442447 -0.179914 0.979285 -0.092913 -0.752336 -0.076133 0.654366 -0.633737 -0.187631 -0.750448
0.121047 -11.173523 -9.087795 1.017066 -0.166665 0.978868 -0.118494 -0.720142 -0.038756 0.692743 -0.673511 -0.200788 -0.711383
0.325657 -11.471063 -6.698747 18.814113 -0.185367 0.978969 -0.085195 -0.682381 -0.065852 0.728024 -0.707103 -0.193087 -0.680237
-0.095657 -11.091114 -5.801302 21.323382 -0.178707 0.978390 -0.104008 -0.579907 -0.019342 0.814453 -0.794841 -0.205864 -0.570831
-0.242265 -10.930430 -13.329148 15.500593 -0.163397 0.977999 -0.129691 -0.604189 0.004723 0.796827 -0.779908 -0.208557 -0.590125
-0.072521 -10.899403 -15.847018 -7.642364 -0.150273 0.977637 -0.147121 -0.747119 -0.014838 0.664525 -0.647481 -0.209777 -0.732641
-2.026363 -16.781009 -3.593026 -16.913234 0.306558 0.949267 0.070109 0.951784 -0.304822 -0.034508 -0.011387 0.077307 -0.996942
-1.900841 -16.586533 -1.031645 15.253608 0.325477 0.942788 0.072223 -0.926587 0.333238 -0.174322 0.188416 0.010183 -0.982036
-1.828453 -17.423384 -21.706066 11.938237 0.299304 0.954061 0.013581 0.954121 -0.299138 -0.013032 -0.008371 0.016859 -0.999823
-1.716450 -17.177390 -21.677787 30.295879 0.274036 0.961674 0.009386 -0.940358 0.265891 0.212201 -0.201572 0.066977 -0.977181
-1.956255 -16.258543 -5.235095 27.528141 0.284269 0.955672 0.076691 -0.936941 0.259951 0.233595 -0.203304 0.138258 -0.969305
1.536179 -10.008669 31.414090 77.142222 0.432142 0.886037 0.167904 -0.376093 0.346294 -0.859439 0.819638 -0.308252 -0.482881
1.347051 -13.542295 37.368781 286.845570 0.409104 0.904059 0.123738 -0.303540 0.262715 -0.915885 0.860522 -0.337132 -0.381896
0.672601 -9.458294 32.618992 57.420327 0.408531 0.891700 0.194869 -0.355231 0.351995 -0.865974 0.840781 -0.284554 -0.460560
0.792735 -9.173738 46.309193 -89.478248 0.402965 0.885380 0.231777 -0.424462 0.405162 -0.809738 0.810834 -0.227916 -0.539076
-0.065349 -9.059594 18.505223 43.595113 0.401639 0.895644 0.191070 -0.336311 0.338309 -0.878887 0.851811 -0.288736 -0.437093
-0.158203 -9.248569 31.032494 -132.516936 0.386792 0.896961 0.214132 -0.396721 0.371471 -0.839418 0.832469 -0.239729 -0.499525
5.177210 -6.676712 -108.246400 -16.888586 0.074872 0.995075 0.064964 0.850486 -0.097735 0.516838 -0.520642 -0.016554 0.853615
3.890061 -6.750914 -103.373419 -14.952138 0.018173 0.994861 0.099610 0.852913 -0.067413 0.517682 -0.521737 -0.075550 0.849755
5.192799 -6.404327 -122.795940 -26.777842 0.056034 0.994818 0.084834 0.778121 -0.096752 0.620618 -0.625610 -0.031235 0.779510
3.883469 -6.838016 -108.412614 1.869196 0.033999 0.995410 0.089457 0.915211 -0.066971 0.397370 -0.401537 -0.068362 0.913288
5.800248 -6.365197 -59.396126 -31.823967 0.114299 0.993139 0.024696 0.778708 -0.105001 0.618538 -0.616887 0.051468 0.785367
5.661738 -6.647494 -33.307429 -19.768176 0.135682 0.990747 0.003355 0.850221 -0.118175 0.512990 -0.508639 0.066751 0.858388
4.950111 -6.796914 -89.730414 3.444932 0.094162 0.994484 0.046197 0.913019 -0.104762 0.394236 -0.396901 -0.005056 0.917848
-1.385428 -12.102420 -149.156052 0.450443 0.001321 0.997849 -0.065547 0.546611 0.054168 0.835633 -0.837386 0.036933 0.545363
-0.297613 -13.230277 -85.770966 116.346115 0.019902 0.999376 -0.029178 0.435939 0.017590 0.899804 -0.899756 0.030628 0.435317
-0.476995 -12.025198 -26.032660 -15.673318 0.046811 0.998197 -0.037569 0.555156 0.005269 0.831729 -0.830428 0.059791 0.553909
-1.378838 -11.511430 -85.111770 1.344063 0.050945 0.998380 -0.025352 0.683869 -0.016374 0.729421 -0.727824 0.054498 0.683595
-2.414019 -11.391409 -134.153370 28.649669 0.011080 0.996631 -0.081262 0.642514 0.055174 0.764285 -0.766194 0.060680 0.639738
-1.873849 -5.211072 -73.189775 -47.677164 -0.058488 0.993989 0.092547 0.360932 -0.065379 0.930298 -0.930756 -0.087814 0.354938
-0.698177 -5.639931 -50.564091 -54.428788 -0.038843 0.982688 0.181148 0.382460 -0.152860 0.911240 -0.923155 -0.104677 0.369902
-1.373790 -5.904179 -55.379548 -66.312944 -0.034186 0.985252 0.167662 0.427052 -0.137273 0.893747 -0.903581 -0.102154 0.416061
-0.535608 -8.286431 8.697527 69.557627 -0.001643 0.984573 -0.174968 0.016637 -0.174917 -0.984443 0.999860 0.004528 0.016093
-0.461039 -7.947942 10.597857 71.123210 -0.007738 0.968764 -0.247864 0.044114 -0.247300 -0.967934 0.998997 0.018424 0.040822
-0.920554 -9.359219 -5.771705 66.627357 0.000588 0.992816 -0.119650 0.214906 -0.116979 -0.969604 0.976635 0.025143 0.213431
-0.679407 -10.915492 22.927382 -1.308173 -0.226850 0.932580 -0.280774 -0.325724 -0.344336 -0.880532 0.917847 0.108294 -0.381876
-0.199570 -9.836551 31.970793 15.943238 -0.245280 0.921696 -0.300523 -0.298872 -0.366786 -0.880990 0.922233 0.126271 -0.365435
-0.839482 -11.721835 5.224062 186.933457 -0.202296 0.956287 -0.211167 -0.248341 -0.258669 -0.933497 0.947314 0.136401 -0.289813
0.135512 -10.883508 46.196944 -166.202297 -0.257769 0.905915 -0.335965 -0.368085 -0.413567 -0.832752 0.893347 0.090994 -0.440058
-0.967751 -12.655236 6.523405 165.507561 -0.187082 0.957057 -0.221454 -0.258955 -0.265507 -0.928681 0.947598 0.116393 -0.297506
-0.970616 -12.026952 16.333260 -20.907219 -0.209927 0.934613 -0.287105 -0.347189 -0.345769 -0.871724 0.913997 0.083319 -0.397074
-0.493565 -11.893678 36.921556 -194.016371 -0.245364 0.913434 -0.324707 -0.401653 -0.400632 -0.823510 0.882310 0.071641 -0.465185
2.972322 -18.503612 -40.464744 -343.765949 0.061158 0.976366 -0.207290 0.971470 -0.010550 0.236927 -0.229141 0.215866 0.949155
3.919842 -23.244697 59.851540 -355.518707 -0.105190 -0.964610 0.241791 0.994150 -0.096007 0.049485 -0.024520 0.245582 0.969066
3.014676 -20.565201 32.185081 -199.988060 -0.120338 -0.970021 0.211133 0.992590 -0.113954 0.042190 -0.016866 0.214646 0.976546
-0.431834 -18.726882 134.211451 -283.533073 0.162774 0.980493 -0.110178 -0.518972 0.180053 0.835613 -0.839150 0.078837 -0.538156
-2.282652 -19.426823 211.999250 -307.527441 0.169709 0.977684 -0.123828 -0.483507 0.192092 0.854004 -0.858732 0.085061 -0.505316
-0.129456 -20.555148 86.413679 39.045103 0.158901 0.981487 -0.106930 -0.332628 0.155194 0.930201 -0.929575 0.112242 -0.351131
0.881689 -19.579428 45.485817 -38.990468 0.140062 0.984839 -0.102343 -0.379151 0.148829 0.913288 -0.914673 0.089114 -0.394248
0.779370 -18.323839 104.466173 -252.266784 0.149545 0.983421 -0.102564 -0.561453 0.169844 0.809891 -0.813884 0.063530 -0.577544
0.484914 -1.828573 -30.486967 13.568949 0.341489 0.389487 -0.855386 -0.542463 0.824888 0.159038 0.767541 0.409705 0.492973
-0.010192 -1.502520 -102.651878 -2.840785 0.479207 0.132963 -0.867572 -0.401556 0.912156 -0.082005 0.780457 0.387676 0.490503
-0.456495 -2.201315 37.499998 -49.469856 0.081235 0.704582 -0.704958 0.600282 -0.599214 -0.529721 0.795652 0.380141 0.471625
-0.022387 -8.622308 -24.116368 32.008809 0.127590 -0.494504 0.859760 0.371912 0.827448 0.420727 -0.919457 0.266075 0.289487
-0.636774 -9.210232 -123.891597 -34.899803 0.086642 -0.543170 0.835141 0.379331 0.793133 0.476495 -0.921195 0.275511 0.274760
-0.511212 -7.739878 -50.093164 -76.746980 0.082235 -0.585586 0.806428 0.437130 0.748373 0.498854 -0.895631 0.311490 0.317519
-0.292142 -7.499350 2.909795 -15.538554 0.135475 -0.497625 0.856747 0.381134 0.824354 0.418543 -0.914540 0.269833 0.301341
-0.410182 -7.052301 15.212024 -50.675674 0.113751 -0.558317 0.821793 0.428370 0.773886 0.466475 -0.896415 0.298969 0.327197
-0.163875 -6.793110 -21.787771 12.493576 0.074362 -0.588262 0.805244 0.526843 0.708769 0.469131 -0.846703 0.389351 0.362628
0.806184 -20.579127 -6.518547 -245.451051 -0.286431 0.872655 -0.395512 -0.892235 -0.393367 -0.221763 0.349105 -0.289370 -0.891286
0.682556 -20.746255 -16.603273 -268.523233 -0.273471 0.871823 -0.406373 -0.877078 -0.399463 -0.266763 0.394901 -0.283469 -0.873898
0.924092 -19.082481 -4.252430 -214.717727 -0.294065 0.870468 -0.394730 -0.817966 -0.442837 -0.367188 0.494426 -0.214898 -0.842236
0.844766 -19.040821 6.562502 -187.233847 -0.307234 0.871048 -0.383252 -0.841408 -0.436785 -0.318202 0.444568 -0.224709 -0.867102
0.995490 -18.130157 0.559086 -90.948129 -0.297953 0.870626 -0.391451 -0.732754 -0.471420 -0.490749 0.611797 -0.140617 -0.778416
0.900858 -18.159970 8.879507 -69.845867 -0.311313 0.870700 -0.380745 -0.766411 -0.466925 -0.441130 0.561870 -0.154478 -0.812674
14.078105 -65.732672 763.365279 3162.868847 -0.042020 0.928711 -0.368417 -0.824930 -0.240283 -0.511620 0.563671 -0.282419 -0.776218
6.313547 -53.295160 794.732440 3191.442336 -0.150635 0.944118 -0.293173 -0.931381 -0.234953 -0.278077 0.331420 -0.231168 -0.914725
10.391723 -49.776663 895.980118 2916.931532 -0.064200 0.934933 -0.348968 -0.946147 -0.168214 -0.276604 0.317307 -0.312417 -0.895384
14.122547 -49.035101 745.210382 -2956.254263 0.016722 0.921855 -0.387173 0.957379 0.096911 0.272091 0.288350 -0.375221 -0.880944
-0.360248 -53.224380 -3.971704 2372.178043 -0.065242 0.989473 -0.129178 0.384371 0.144384 0.911818 -0.920870 -0.009836 0.389745
0.316467 -56.178113 63.130091 2763.199790 -0.053683 0.990550 -0.126213 0.399743 0.137143 0.906309 -0.915054 0.001799 0.403328
0.123500 -35.438340 -70.064027 1416.094610 -0.044985 0.996732 -0.067097 0.610205 0.080595 0.788133 -0.790965 0.005489 0.611837
-0.156479 -35.890943 -18.860418 1183.958218 -0.039112 0.996218 -0.077592 0.597490 0.085556 0.797299 -0.800922 0.015177 0.598576
-1.347809 -50.210654 -70.809840 2043.242701 -0.061757 0.989183 -0.133056 0.366672 0.146474 0.918747 -0.928298 -0.007951 0.371752
17.538994 -0.061184 1132.149197 -475.585600 0.913498 0.403480 0.052203 -0.328957 0.808015 -0.488773 0.239391 -0.429321 -0.870848
17.669551 -0.177887 -15.609548 -456.376487 0.922179 0.371183 -0.108673 -0.374680 0.787689 -0.489041 0.095923 -0.491701 -0.865465
17.939222 1.843060 944.891116 -279.395071 0.923059 0.373484 0.092039 -0.299321 0.847698 -0.437966 0.241595 -0.376719 -0.894267
-99.736221 -4817.418129 3567.738417 569698.277924 -0.377224 0.923639 0.067775 0.657117 0.215367 0.722367 -0.652610 -0.317030 0.688180
-83.198559 -1397.040578 3979.077895 -35980.613605 0.189655 0.944249 0.269120 0.705315 0.059660 -0.706380 0.683054 -0.323782 0.654677
-604.181493 -2524.815461 27450.247448 -85289.746797 -0.137220 0.952448 0.272054 0.463502 0.304468 -0.832145 0.875406 -0.011911 0.483241
-71.731615 -1532.980159 3159.698549 -257188.352831 0.007187 0.983473 -0.180914 -0.669638 -0.129630 -0.731287 0.742653 -0.126403 -0.657639
-43.742396 -1399.392587 2368.215391 194692.877000 -0.043587 0.998809 -0.021945 -0.857225 -0.048671 -0.512638 0.513095 0.003532 -0.858325
2.295343 -6.525316 -34.505947 -19.481589 0.007639 0.972421 0.233107 0.517904 -0.203260 0.830939 -0.855404 -0.114380 0.505174
2.933589 -6.272389 -55.995127 -8.763031 0.027982 0.979845 0.197792 0.530284 -0.182283 0.827992 -0.847358 -0.081717 0.524697
2.461384 -6.632881 -40.160543 -7.234044 -0.011824 0.980450 0.196410 0.616596 -0.147485 0.773342 -0.787191 -0.130250 0.602798
2.506557 -6.204984 -30.258037 -20.728634 0.042311 0.976207 0.212672 0.433726 -0.209705 0.876302 -0.900051 -0.055164 0.432279
1.805712 -6.999036 -44.115294 -7.752166 -0.036598 0.975665 0.216191 0.617871 -0.147937 0.772237 -0.785427 -0.161840 0.597421
1.494729 -6.839327 -55.558902 -27.776353 -0.015989 0.966064 0.257807 0.511105 -0.213711 0.832526 -0.859370 -0.145078 0.490343
2.025087 -6.292749 -24.983177 -36.493120 0.024445 0.965495 0.259272 0.413424 -0.245896 0.876707 -0.910210 -0.085758 0.405170
-0.533674 -15.033721 -59.685426 153.867575 0.004084 0.971501 -0.237000 0.207624 0.231013 0.950539 -0.978200 0.053089 0.200763
1.565321 -15.493336 80.040047 165.560104 0.039638 0.984014 -0.173623 0.111908 0.168294 0.979364 -0.992928 0.058250 0.103448
-0.232673 -15.101383 -70.707359 218.125813 0.027173 0.994737 -0.098793 0.258381 0.088482 0.961982 -0.965661 0.051666 0.254617
3.201765 -13.922048 200.537524 36.058882 0.024711 0.927426 -0.373189 0.001289 0.373274 0.927720 -0.999694 0.023405 -0.008029
-0.295823 -14.030757 -14.471815 43.962385 -0.010274 0.934174 -0.356669 0.138592 0.354576 0.924699 -0.990296 0.039932 0.133112
-36.286335 -1439.403860 -2956.912355 -146086.081952 0.865341 -0.313144 0.391312 -0.493330 -0.394529 0.775224 0.088373 0.863879 0.495886
-34.492409 -244.590914 -4979.466922 9485.169167 0.875267 -0.261374 0.406929 -0.447240 -0.757660 0.475319 -0.184078 0.598026 0.780052
-93.726522 -401.541649 -6394.674875 -58188.042800 0.756127 -0.494932 0.428152 -0.618497 -0.326662 0.714670 0.213852 0.805192 0.553112
-166.715831 -895.791990 -9770.758799 -104683.241395 0.698057 -0.415385 0.583243 -0.581651 0.146106 0.800209 0.417610 0.897835 0.139619
-23.354555 -2688.967462 15230.912913 -400456.742606 0.757686 -0.328787 0.563748 -0.559049 0.118695 0.820595 0.336714 0.936916 0.093875
-102.008260 -472.417550 -11208.716813 82911.175088 0.764106 -0.628419 0.145709 -0.400393 -0.284907 0.870927 0.505793 0.723822 0.469314
-70.028297 -632.253598 -6782.308792 115666.962607 0.861148 -0.504084 -0.065748 -0.333946 -0.658466 0.674465 0.383280 0.558858 0.735374
-88.339564 -912.980672 -9545.096861 248519.318014 0.756148 -0.654237 -0.014635 -0.453417 -0.539911 0.709161 0.471861 0.529595 0.704895
-216.818274 -876.548076 35815.322922 -176727.502154 -0.731175 0.677523 0.079660 0.351978 0.474699 -0.806705 0.584375 0.561804 0.585561
1.685117 -13.963999 -12.913371 -257.674478 0.687066 -0.549741 0.475104 0.692312 0.296827 -0.657721 0.220553 0.780819 0.584533
1.773197 -10.463261 29.060923 -100.228049 0.621114 -0.548492 0.559798 0.747202 0.198940 -0.634123 0.236445 0.812145 0.533398
0.860098 -21.017927 -43.271698 669.576464 0.784969 -0.508864 0.353385 -0.535958 -0.271650 0.799347 0.310762 0.816862 0.485967
2.660112 -10.400223 18.390096 17.985537 0.556845 -0.539741 0.631351 0.820340 0.238169 -0.519921 0.130254 0.807438 0.575394
2.439411 -26.001409 -89.074165 766.896425 0.785324 -0.527256 0.324449 -0.513999 -0.263193 0.816416 0.345067 0.807918 0.477701
2.846172 -11.606385 8.897897 -43.449339 0.600901 -0.573192 0.557108 0.791916 0.332241 -0.512333 0.108571 0.749044 0.653563
2.945581 -17.650376 -48.767075 335.222710 0.706413 -0.575040 0.412687 -0.664436 -0.337806 0.666642 0.243938 0.745128 0.620708
-0.792770 -169.661716 37.606341 17467.406482 0.337343 0.935513 0.104949 0.938399 -0.325310 -0.116540 -0.074884 0.137798 -0.987625
0.911962 -12.250332 7.351801 1654.056611 0.237946 0.964494 0.114599 0.971272 -0.236703 -0.024536 0.003461 0.117145 -0.993109
0.845825 -56.697754 33.080140 5348.144520 0.291367 0.945851 0.143078 0.956030 -0.282699 -0.078031 -0.033357 0.159522 -0.986631
0.131300 -5.580850 38.167107 56.793576 -0.128434 0.977240 -0.168840 0.453978 -0.093429 -0.886101 0.881708 0.190455 0.431645
-0.366800 -7.287053 26.503155 51.592775 -0.174288 0.983197 -0.054282 0.568138 0.055381 -0.821068 0.804266 0.173942 0.568244
-0.697805 -6.620987 27.367504 38.414139 -0.119769 0.978423 -0.168356 0.462437 -0.095078 -0.881540 0.878526 0.183435 0.441071
-9.110603 -12.833448 89.433060 244.001580 0.014940 0.913074 0.407520 -0.711802 0.295945 -0.636989 0.702222 0.280557 -0.654349
-6.237115 -10.905379 3.837369 71.739325 -0.359864 0.931062 0.060181 -0.626424 -0.193309 -0.755132 0.691441 0.309444 -0.652804
-5.236174 -9.805656 -67.943422 73.115920 -0.516877 0.854723 -0.047823 -0.573678 -0.387302 -0.721728 0.635399 0.345610 -0.690523
-5.932334 -6.122310 2.402563 -74.029795 0.989505 -0.141735 -0.028139 0.144368 0.978025 0.150418 -0.006201 0.152902 -0.988222
-5.811782 -6.870583 30.860366 44.917383 0.968582 0.224480 0.107044 -0.238122 0.961270 0.138776 0.071746 0.159905 -0.984522
-5.396102 -6.363833 -60.019923 -48.812690 0.391394 0.914594 0.101633 0.920188 -0.389945 -0.034583 0.008002 0.107057 -0.994221
-5.723232 -6.088839 -37.537751 -20.091380 0.012154 0.992067 0.125119 0.996548 -0.001742 -0.082997 -0.082121 0.125696 -0.988664
-5.550715 -6.365626 17.846770 -63.903867 0.732443 -0.657144 -0.178012 0.675824 0.733409 0.073294 -0.082391 0.173989 -0.981295
-9.810511 -10.284999 1.578451 242.327861 -0.131193 0.488845 -0.862449 -0.259353 0.822745 0.505793 0.956830 0.290036 0.018845
-10.697490 -11.043278 229.883115 -66.406830 -0.342132 0.929921 -0.134884 -0.102145 -0.179502 -0.978440 0.934084 0.320978 -0.156401
-7.446585 -10.220125 60.059658 -131.066604 -0.359066 0.918825 0.163807 -0.077146 0.145692 -0.986318 0.930118 0.366790 -0.018570
-7.403867 -8.687572 99.984023 -119.256895 -0.372018 0.918067 0.136953 0.036995 0.162091 -0.986082 0.927488 0.361773 0.094265
-6.560605 -9.180665 -26.670907 -131.233558 -0.429096 0.893701 0.131056 0.029804 0.159022 -0.986825 0.902767 0.419537 0.094871
-6.664541 -10.303169 -27.673421 -93.898577 -0.448242 0.882422 0.142867 -0.099567 0.109543 -0.988983 0.888350 0.457528 -0.038758
7.483233 -14.135426 104.466963 -38.818974 -0.104034 0.993533 0.045478 0.074102 -0.037856 0.996532 -0.991809 -0.107044 0.069685
-4.610123 -7.129538 -268.025565 151.211603 0.380966 0.914011 -0.139456 -0.577121 0.117236 -0.808200 0.722354 -0.388380 -0.572158
-2.161231 -6.653401 -363.204079 67.711919 0.484247 0.872081 -0.070559 -0.523496 0.224178 -0.822007 0.701039 -0.434992 -0.565089
-4.254605 -6.703412 -271.276844 108.893572 0.418812 0.905012 -0.074493 -0.582086 0.204595 -0.786967 0.696974 -0.372953 -0.612482
1.559882 -6.128091 -268.712387 26.884621 0.464014 0.883736 -0.060842 -0.520232 0.216273 -0.826187 0.716972 -0.415014 -0.560102
-1.253926 -6.155544 -308.369628 47.983402 0.522503 0.852517 0.014313 -0.524709 0.334732 -0.782710 0.672065 -0.401458 -0.622222
-2.382079 -15.199649 34.289538 968.307061 -0.140585 0.972764 -0.184298 0.959394 0.179825 0.217316 -0.244539 0.146263 0.958545
-2.993134 -14.118129 9.620080 859.568530 -0.138277 0.981591 -0.131753 0.964546 0.163666 0.207038 -0.224790 0.098453 0.969421
-0.913943 -6.959459 -71.583390 40.075879 0.130482 0.990973 -0.030785 -0.654191 0.109386 0.748377 -0.744989 0.077510 -0.662559
0.499074 -8.923008 -23.086178 -45.441888 -0.155681 0.976946 -0.146083 -0.944928 -0.104187 0.310253 -0.287880 -0.186338 -0.939363
0.419781 -9.264719 -27.624410 -1.964694 -0.200752 0.969934 -0.137577 -0.866395 -0.110240 0.487039 -0.457229 -0.216970 -0.862476
-0.060237 -8.865661 -11.973564 -17.373074 -0.204151 0.970532 -0.128021 -0.866660 -0.118372 0.484654 -0.455218 -0.209893 -0.865287
-0.098090 -23.058864 -12.702466 -79.761996 0.563615 0.820700 -0.093751 -0.180219 0.011410 -0.983560 0.806139 -0.571245 -0.154337
-0.252879 -22.909463 -10.229677 208.712865 0.551039 0.827079 -0.110886 -0.452451 0.184469 -0.872502 0.701173 -0.530953 -0.475862
-0.503112 -22.134091 -10.743916 234.234897 0.551671 0.827699 -0.102833 -0.457435 0.197156 -0.867112 0.697433 -0.525400 -0.487383
2.263418 -10.690577 -35.744196 158.382629 -0.225987 0.973191 -0.042778 -0.115259 0.016893 0.993192 -0.967288 -0.229379 -0.108352
1.466875 -11.432886 -33.228902 81.048740 -0.258834 0.964206 -0.057542 -0.254138 -0.010506 0.967111 -0.931890 -0.264945 -0.247760
