16751
33488
-6.021949 -8.062988 92.174495 127.983387 -0.339748 0.934978 0.101917 -0.933942 -0.348177 0.080781 -0.111014 0.067739 -0.991508
-6.092103 -9.165038 62.105699 -106.110461 -0.288499 0.949649 0.122206 0.957349 0.288211 0.020420 -0.015829 0.122885 -0.992295
-7.886285 -10.371343 33.711314 -225.426503 0.312305 0.947899 0.062881 0.949981 -0.311707 -0.019354 0.001255 0.065781 -0.997833
-4.933200 -7.947801 -17.760589 -87.285170 -0.536594 0.826575 0.169825 0.837185 0.546696 -0.015648 -0.105777 0.133778 -0.985350
-6.169862 -9.549322 -128.883279 287.730339 0.428358 0.901955 -0.054655 -0.891354 0.431702 0.138278 -0.148315 0.010515 -0.988884
-5.305634 -6.864973 77.534017 100.767863 -0.548827 0.823543 0.143406 -0.812165 -0.565935 0.141791 -0.197930 0.038651 -0.979454
0.433846 -1.333202 -384.718481 -167.090306 -0.289155 -0.293802 0.911082 -0.448288 0.882489 0.142306 -0.845829 -0.367278 -0.386884
-2.808810 -4.454730 -195.970324 -155.590740 -0.346267 0.934728 -0.079887 -0.318488 -0.037030 0.947203 -0.882420 -0.353428 -0.310522
2.015192 -4.107579 -512.918658 -184.707163 -0.507403 0.190072 0.840485 -0.197362 0.923809 -0.328064 -0.838803 -0.332340 -0.431230
3.748173 -3.255556 -446.656727 -143.240798 -0.460827 -0.014641 0.887369 -0.298054 0.944344 -0.139204 -0.835944 -0.328633 -0.439543
1.385560 -6.730666 -466.291080 -16.774085 -0.522359 0.509794 0.683557 0.142880 0.842608 -0.519228 -0.840670 -0.173556 -0.512983
4.222716 -5.539253 -547.313354 -82.835796 -0.551608 0.237574 0.799554 -0.102620 0.931968 -0.347715 -0.827766 -0.273852 -0.489702
2.256721 -5.139837 -645.507862 -59.791800 -0.540756 0.342058 0.768491 -0.025771 0.906422 -0.421586 -0.840784 -0.247780 -0.481338
-2.995129 -10.564203 162.088851 334.702803 -0.312608 0.712701 0.627960 -0.116486 -0.684866 0.719298 -0.942713 -0.151710 -0.297114
-2.333876 -5.607069 -343.056822 23.856281 -0.434192 0.464691 0.771712 0.061350 0.869942 -0.489323 -0.898729 -0.165115 -0.406231
-0.484454 -10.324811 -56.821693 205.996572 -0.299243 0.814657 0.496777 -0.308614 -0.575284 0.757500 -0.902890 -0.073364 -0.423564
0.361955 -6.091259 13.830659 -6.303600 -0.132136 0.973745 0.185366 -0.102651 -0.199443 0.974518 -0.985902 -0.109741 -0.126310
0.368388 -6.173729 1.548644 -2.360754 -0.135138 0.976255 0.169305 -0.087283 -0.181937 0.979429 -0.986975 -0.117580 -0.109797
0.355487 -6.315259 -6.774514 -7.580873 -0.145100 0.974010 0.173927 0.004622 -0.175118 0.984537 -0.989406 -0.143660 -0.020908
-2.018542 -6.357499 32.371724 -12.398568 0.890274 0.424162 -0.165826 0.406924 -0.577353 0.707867 -0.204510 0.697675 0.686605
-1.318641 -6.394872 38.883536 -22.254898 0.896330 0.401961 -0.187134 0.401313 -0.556029 0.727860 -0.188519 0.727502 0.659698
-1.767128 -6.690321 45.798007 12.290409 0.896268 0.409721 -0.169800 0.380963 -0.515177 0.767763 -0.227092 0.752809 0.617825
-1.240267 -6.807150 51.494683 35.333541 0.897990 0.396378 -0.191044 0.382092 -0.487126 0.785312 -0.218217 0.778199 0.588887
-2.357234 -6.629611 45.144297 18.331431 0.891439 0.430118 -0.142599 0.370370 -0.510284 0.776167 -0.261077 0.744721 0.614190
-1.851391 -7.675144 58.674533 98.014759 0.906952 0.395957 -0.143720 0.328844 -0.452318 0.829017 -0.263248 0.799141 0.540439
2.000586 -6.726398 52.261952 61.684716 0.217281 0.946217 0.239712 0.738323 -0.319954 0.593724 -0.638489 -0.047980 0.768134
1.728976 -7.082749 76.890104 95.093985 0.175068 0.970905 0.163388 0.760492 -0.238748 0.603864 -0.625303 -0.018538 0.780162
2.355801 -7.062439 46.606793 -8.249415 0.191443 0.956870 0.218515 0.780838 -0.283371 0.556771 -0.594678 -0.064035 0.801410
2.534526 -7.081824 15.093548 17.264927 0.226488 0.913949 0.336749 0.741630 -0.385943 0.548665 -0.631418 -0.125478 0.765224
1.247638 -6.988837 -7.114193 33.232423 0.191570 0.934423 0.300258 0.649813 -0.350024 0.674705 -0.735557 -0.065858 0.674254
-0.311986 -6.133082 -25.870443 31.938957 -0.137270 0.990506 0.007441 -0.965168 -0.135440 0.223845 -0.222728 -0.023545 -0.974596
-0.026680 -5.396861 -33.226692 63.883661 -0.155399 0.987822 0.007714 -0.931787 -0.149168 0.330942 -0.328063 -0.044240 -0.943620
-0.595460 -6.097835 -27.072959 25.577395 -0.186633 0.982185 0.021917 -0.955393 -0.186650 0.228880 -0.228893 -0.021778 -0.973208
-0.856702 -6.344206 -21.798788 -4.743922 -0.162288 0.986595 0.017087 -0.979520 -0.163168 0.117969 -0.119175 -0.002408 -0.992870
0.820380 -12.119333 -20.540042 7.861026 0.001407 0.980167 -0.198167 -0.757823 0.130341 0.639309 -0.652459 -0.149276 -0.742976
0.247297 -11.620335 -26.135727 98.672725 0.001817 0.976963 -0.213402 -0.652830 0.162812 0.739801 -0.757502 -0.137971 -0.638086
0.400467 -11.510514 -24.022352 5.189622 0.012822 0.975420 -0.219978 -0.782590 0.146728 0.604999 -0.622405 -0.164396 -0.765236
0.739259 -12.267710 -43.864950 -41.350709 0.011434 0.973078 -0.230192 -0.889285 0.115156 0.442620 -0.457211 -0.199645 -0.866660
0.302080 -11.571578 -18.726223 -48.968839 0.037648 0.973966 -0.223547 -0.853643 0.147642 0.499495 -0.519496 -0.172024 -0.836977
-0.545658 -17.784834 -129.940573 426.422920 0.347361 0.797619 -0.493096 0.798968 0.023541 0.600912 0.490907 -0.602702 -0.629095
-0.274430 -23.334501 -142.800995 432.276472 0.358924 0.799414 -0.481779 0.903059 -0.166963 0.395736 0.235917 -0.577114 -0.781845
-2.645838 -19.889134 -94.978222 367.150914 0.361831 0.816079 -0.450659 0.834956 -0.068677 0.546015 0.414642 -0.573845 -0.706239
-1.931409 -14.442177 -100.659323 -392.686979 0.326009 0.811215 -0.485437 -0.710615 -0.128380 -0.691769 0.623494 -0.570482 -0.534608
-0.184020 -17.198295 16.500552 208.731185 0.062279 0.986957 -0.148449 -0.466468 0.160277 0.869896 -0.882343 -0.015070 -0.470365
-0.269469 -15.023156 0.626739 135.595220 0.024270 0.995152 -0.095310 -0.310159 0.098129 0.945607 -0.950375 -0.006612 -0.311037
-0.416764 -15.672533 43.377238 93.267250 0.056887 0.993247 -0.101112 -0.267453 0.112735 0.956953 -0.961890 0.027396 -0.272060
-0.212195 -16.647605 9.824058 184.913180 0.065492 0.984976 -0.159788 -0.445496 0.172149 0.878577 -0.892885 -0.013645 -0.450077
0.370108 -15.317772 31.164735 -76.285671 0.187042 0.973878 -0.128749 -0.914351 0.124678 -0.385250 0.359135 -0.189779 -0.913787
-0.165252 -14.105016 43.221293 -212.606205 0.223373 0.968900 -0.106472 -0.765960 0.106924 -0.633934 0.602835 -0.223157 -0.766023
-0.130355 -14.988992 32.413301 -194.110580 0.208760 0.970767 -0.118447 -0.847888 0.119306 -0.516578 0.487345 -0.208271 -0.848008
0.405222 -13.976679 -26.986616 -229.732675 0.237761 0.959662 -0.150060 -0.776418 0.094940 -0.623026 0.583648 -0.264641 -0.767672
0.127010 -15.725078 -13.009163 -148.221997 0.232723 0.961209 -0.148048 -0.904340 0.157878 -0.396540 0.357784 -0.226169 -0.906001
0.459795 -13.697785 10.381232 -134.592663 0.206562 0.967452 -0.146181 -0.825211 0.091987 -0.557284 0.525699 -0.235744 -0.817353
0.498304 -15.887727 29.023933 -106.552922 0.154287 0.979504 -0.129489 0.987416 -0.148258 0.055036 0.034711 -0.136351 -0.990052
0.792398 -15.175622 -16.407668 -86.004782 0.166953 0.971064 -0.170764 0.977801 -0.140828 0.155151 0.126613 -0.192877 -0.973020
0.268589 -16.212501 36.184170 58.979017 0.191690 0.975783 -0.105369 -0.972484 0.174358 -0.154510 0.132396 -0.132088 -0.982356
1.044816 -13.951490 34.380464 31.019856 0.171369 0.973356 -0.152351 -0.939180 0.114684 -0.323709 0.297612 -0.198558 -0.933810
-3.071964 -5.046981 35.084991 64.922166 0.041335 0.986187 -0.160397 0.946718 0.012661 0.321814 -0.319400 0.165153 0.933117
-3.497281 -5.102234 22.363885 67.992539 0.126290 0.988705 -0.080710 0.944855 -0.095108 0.313374 -0.302158 0.115835 0.946194
-3.247261 -4.413394 47.384202 105.277786 0.177207 0.977856 -0.111337 0.955714 -0.143969 0.256677 -0.234964 0.151891 0.960063
-3.248770 -5.905309 25.133449 23.276535 0.039996 0.993616 -0.105487 0.917357 0.005330 0.398029 -0.396050 0.112689 0.911288
-2.691675 -5.777526 32.041670 37.753412 -0.023135 0.977410 -0.210082 0.915857 0.104975 0.387539 -0.400837 0.183439 0.897596
-1.553893 -4.015589 0.358157 -93.501350 -0.241145 0.970330 0.017561 -0.958510 -0.235295 -0.160919 0.152013 0.055637 -0.986811
-1.695556 -3.119166 2.240668 -81.487447 -0.287665 0.957521 0.020050 -0.935794 -0.276560 -0.218643 0.203810 0.081658 -0.975599
-1.642069 -3.636303 -2.402921 -71.579626 -0.160044 0.987099 0.004523 -0.971043 -0.156614 -0.180409 0.177373 0.033266 -0.983581
-1.674222 -3.998010 -6.103938 -90.413888 -0.295132 0.954515 0.042405 -0.943088 -0.283906 -0.173157 0.153242 0.091096 -0.983981
-1.317140 -4.807551 -8.859749 -78.041199 -0.146980 0.989105 0.008206 -0.984610 -0.145509 -0.096802 0.094553 0.022308 -0.995270
-1.348858 -5.101183 -0.152804 -67.268581 -0.215475 0.975973 0.032358 -0.973493 -0.212089 -0.085613 0.076693 0.049948 -0.995803
-0.191444 -10.101166 22.908540 -17.006698 0.242871 0.968100 0.061621 -0.127770 0.094894 -0.987254 0.961607 -0.231902 -0.146741
-0.197818 -10.745039 19.592698 -144.562468 0.250957 0.967780 0.020554 -0.166865 0.064166 -0.983890 0.953507 -0.243485 -0.177592
-0.402012 -12.354320 21.276843 -244.116584 0.234885 0.972022 -0.001473 -0.240262 0.056589 -0.969057 0.941862 -0.227971 -0.246832
1.321374 -15.349367 -56.384392 -87.739386 0.059002 0.990798 -0.121815 -0.410571 0.135314 0.901732 -0.909918 0.003190 -0.414777
1.101670 -15.746554 -33.270979 21.821682 0.079899 0.993357 -0.082819 -0.132856 0.092956 0.986767 -0.987910 0.067839 -0.139400
0.556217 -15.432105 -78.605392 35.212389 0.041090 0.987449 -0.152500 -0.281171 0.157889 0.946580 -0.958778 -0.003983 -0.284129
1.660598 -15.022750 -35.435840 -83.297355 0.062562 0.991375 -0.115158 -0.601703 0.129522 0.788148 -0.796266 -0.019982 -0.604617
2.125118 -14.260646 -11.383009 -132.758636 0.085722 0.992213 -0.090358 -0.510083 0.121611 0.851485 -0.855843 0.026901 -0.516536
0.621044 -31.718650 -34.943735 258.233955 0.094597 0.850118 0.518026 -0.242697 -0.484965 0.840182 -0.965479 0.205202 -0.160445
0.376249 -28.662413 -20.842010 174.469613 0.116048 0.847448 0.518039 0.064576 -0.526897 0.847473 -0.991142 0.064895 0.115870
0.264878 -29.265301 -1.270435 269.119013 0.126029 0.852208 0.507797 -0.199692 -0.479607 0.854459 -0.971720 0.209090 -0.109735
0.905195 -31.750910 -6.664924 199.566687 0.125437 0.855572 0.502257 -0.495501 -0.384565 0.778838 -0.859502 0.346564 -0.375698
1.789818 -5.996472 18.714803 -86.152708 -0.022066 0.999326 0.029341 0.999743 0.021905 0.005777 0.005130 0.029461 -0.999553
1.939871 -4.927834 11.437043 90.757773 -0.053329 0.998221 0.026667 -0.996825 -0.054798 0.057775 -0.059133 0.023501 -0.997973
2.003004 -5.015086 -13.547663 85.202331 -0.033624 0.999094 -0.026084 -0.998716 -0.032599 0.038784 -0.037899 -0.027355 -0.998907
1.846423 -3.694961 0.918421 82.263167 -0.046848 0.998882 -0.006309 -0.992910 -0.045875 0.109659 -0.109247 -0.011402 -0.993949
1.970414 -5.928872 -9.861429 38.474193 -0.010416 0.999677 -0.023177 -0.996949 -0.012175 -0.077098 0.077355 -0.022303 -0.996754
1.867296 -5.509014 -19.629490 -53.839334 -0.025066 0.997640 -0.063920 0.999424 0.026470 0.021215 0.022857 -0.063351 -0.997730
1.847036 -4.890538 -15.092883 -78.524277 -0.030455 0.997495 -0.063840 0.998252 0.027118 -0.052504 -0.050641 -0.065328 -0.996578
-1.023443 -12.773172 38.834606 -15.439493 0.341448 0.838607 0.424442 0.253926 -0.517095 0.817395 -0.904950 0.171321 0.389505
-0.934775 -13.238539 23.756787 73.407288 0.303818 0.856719 0.416806 0.225045 -0.489639 0.842383 -0.925770 0.162131 0.341561
-1.038160 -12.475887 14.763718 -246.382247 0.326857 0.824486 0.461938 0.281223 -0.551495 0.785345 -0.902263 0.126788 0.412125
-1.229643 -14.875480 -18.054128 -342.556746 0.337443 0.810979 0.477960 0.368309 -0.581007 0.725795 -0.866303 0.068877 0.494748
-2.549008 -87.633727 183.367169 -1545.883976 0.215218 0.968953 0.121700 0.970892 -0.225714 0.080141 -0.105122 -0.100910 0.989326
-2.326100 -90.510441 187.307432 4294.267434 0.128303 0.978507 0.161435 0.903770 -0.048340 -0.425280 0.408336 -0.200465 0.890548
0.160045 -92.710779 -204.560932 3121.540222 -0.098973 -0.988176 -0.117099 0.991641 -0.088155 -0.094222 0.082785 -0.125446 0.988640
-1.684207 -4.751147 -0.874363 55.281618 -0.314913 0.853830 0.414492 0.943881 0.327556 0.042372 -0.099591 0.404575 -0.909066
-1.700836 -4.304769 21.886304 45.287981 -0.270593 0.872579 0.406677 0.961689 0.264305 0.072784 -0.043977 0.410791 -0.910668
-1.967573 -5.441852 20.600543 62.940856 -0.382784 0.840145 0.384231 0.917333 0.394925 0.050349 -0.109442 0.371740 -0.921863
-1.788758 -5.841958 -5.361419 79.273503 -0.409053 0.820509 0.399300 0.898196 0.439246 0.017543 -0.160997 0.365825 -0.916653
1.335943 -7.280928 -219.487778 -7.644304 -0.040459 0.999176 0.003074 0.129852 0.002208 0.991531 -0.990708 -0.040515 0.129834
2.803432 -7.090342 -191.295486 -12.216397 -0.013450 0.999908 0.001823 0.031424 -0.001400 0.999505 -0.999416 -0.013500 0.031402
3.327120 -7.044534 -154.841376 0.291792 0.008665 0.999950 -0.005006 0.140683 0.003738 0.990048 -0.990017 0.009283 0.140644
2.616993 -7.290820 -167.380772 -4.527772 -0.014677 0.999620 -0.023339 0.232687 0.026115 0.972201 -0.972441 -0.008838 0.232982
-1.640229 -6.019886 3.710041 -37.216417 0.267665 0.882666 0.386337 0.541779 -0.469453 0.697201 -0.796763 -0.022693 0.603866
-1.075425 -5.884850 -36.034020 -41.467822 0.289016 0.820867 0.492593 0.475444 -0.569686 0.670381 -0.830917 -0.040449 0.554925
-1.545667 -6.278093 -34.506459 -34.538001 0.298302 0.820023 0.488445 0.551880 -0.565712 0.612698 -0.778745 -0.086794 0.621307
-2.154872 -6.779747 -16.569289 -34.843746 0.300186 0.837407 0.456769 0.613389 -0.536182 0.579882 -0.730509 -0.106105 0.674610
-1.995646 -7.065598 -61.103168 -47.865441 0.324080 0.787026 0.524940 0.612296 -0.597488 0.517785 -0.721156 -0.153615 0.675527
0.518442 -8.166085 64.166104 -23.950814 0.198446 0.980076 0.008333 0.976362 -0.198423 0.085702 -0.085648 0.008871 0.996286
0.659761 -7.832370 58.037477 -27.783678 0.166313 0.986014 0.010828 0.959408 -0.164342 0.229190 -0.227764 0.027729 0.973322
0.746391 -8.034044 60.052323 -46.512585 0.184585 0.982758 0.010693 0.956505 -0.182133 0.227871 -0.225890 0.031834 0.973633
0.254296 -6.770999 25.471602 -7.059403 0.159025 0.987217 -0.010671 -0.279761 0.055425 0.958468 -0.946808 0.149435 -0.284999
0.238808 -6.415814 29.670813 26.805787 0.168345 0.984822 -0.042266 -0.164784 0.070392 0.983815 -0.971857 0.158656 -0.174133
0.637963 -6.721836 34.626410 43.543254 0.179052 0.983189 -0.035766 -0.155921 0.064252 0.985678 -0.971406 0.170910 -0.164804
0.433504 -7.087685 6.270938 15.770441 0.136904 0.990459 0.015739 -0.355058 0.034232 0.934217 -0.924765 0.133486 -0.356357
0.146271 -23.900996 -32.684716 -264.456821 -0.021835 0.999707 -0.010438 0.557484 0.020841 0.829926 -0.829901 -0.012302 0.557775
0.145694 -25.528154 -46.596608 -339.196029 -0.005817 0.999904 0.012607 0.740317 -0.004169 0.672245 -0.672233 -0.013244 0.740221
-0.033397 -22.612503 6.414592 -169.729513 0.012221 0.999704 -0.021034 0.663478 0.007631 0.748157 -0.748096 0.023099 0.663188
0.192874 -26.961259 15.839431 -235.344333 0.047640 0.998828 -0.008583 0.826006 -0.034563 0.562601 -0.561645 0.033892 0.826684
0.557716 -15.190400 -13.446310 -258.826523 0.166013 0.975542 0.144075 -0.125030 -0.124100 0.984361 -0.978165 0.181430 -0.101370
1.128831 -11.447511 -78.243137 -11.287288 0.143436 0.956605 0.253641 -0.060840 -0.247283 0.967031 -0.987788 0.154139 -0.022731
0.859953 -11.786980 -148.907667 17.803069 0.075622 0.995823 0.051170 0.118871 -0.059954 0.991098 -0.990026 0.068866 0.122908
1.803975 -13.324817 -26.423714 -217.120579 0.188081 0.910875 0.367330 -0.291499 -0.305382 0.906515 -0.937899 0.277575 -0.208083
2.032662 -15.243484 -54.707797 -268.254347 0.155485 0.946084 0.284163 -0.367698 -0.211562 0.905560 -0.916855 0.245288 -0.314979
-1.151098 -25.453864 -14.275355 841.777028 0.147762 0.101869 -0.983763 0.363233 0.919580 0.149781 0.919906 -0.379467 0.098877
-1.971382 -15.133156 -163.418968 708.147553 0.213219 0.203803 -0.955511 0.093722 0.969224 0.227641 0.972499 -0.138090 0.187556
-1.875382 -18.997717 -57.473463 843.826663 0.188512 0.210492 -0.959248 0.057161 0.972753 0.224689 0.980406 -0.097188 0.171344
-2.861591 -32.652436 132.096925 1032.540856 0.080001 0.122680 -0.989217 0.377031 0.914944 0.143961 0.922739 -0.384483 0.026942
-1.506292 -26.492482 77.099919 170.651755 0.080455 0.116452 -0.989932 0.672782 0.726448 0.140136 0.735453 -0.677283 -0.019900
0.138293 -11.584401 -36.180742 -41.480683 0.082887 0.965763 -0.245830 0.995952 -0.071669 0.054249 0.034774 -0.249331 -0.967794
0.220310 -11.395490 -53.941549 11.293890 0.052596 0.963416 -0.262799 0.992337 -0.079887 -0.094259 -0.111805 -0.255828 -0.960235
-0.356179 -11.479291 -4.223694 -32.362197 0.071758 0.971140 -0.227458 0.996266 -0.058810 0.063207 0.048006 -0.231144 -0.971734
6.343483 -1.809273 3.080869 -5.387589 0.969826 -0.076069 0.231629 0.120124 0.975843 -0.182483 -0.212152 0.204801 0.955535
5.867827 -1.901255 -109.977264 9.112195 0.934600 -0.054455 0.351506 0.123374 0.976492 -0.176754 -0.333618 0.208561 0.919348
5.496698 -1.643717 -106.605523 9.891500 0.933371 -0.062343 0.353458 0.141974 0.968608 -0.204065 -0.329640 0.240650 0.912921
0.255943 -7.589551 -254.314944 -68.989884 -0.192518 0.970232 0.146924 0.850069 0.239692 -0.468968 0.490225 -0.034611 0.870909
-0.004288 -6.484377 -256.980832 -69.157551 -0.479979 0.830964 0.281282 0.771939 0.552383 -0.314615 0.416809 -0.066124 0.906586
-2.378966 -9.770338 115.762781 -236.685545 -0.210793 0.977130 0.027969 0.893498 0.204199 -0.399956 0.396520 0.059318 0.916108
-1.274847 -8.966502 27.845725 -43.253242 0.012724 0.995768 -0.091022 0.818127 -0.062704 -0.571608 0.574896 0.067195 0.815462
-0.332741 -7.241674 -297.283109 4.975399 -0.024662 0.998944 0.038754 0.822763 0.042301 -0.566809 0.567850 -0.017907 0.822938
-8.068738 -9.435027 14.327899 -14.728028 -0.247121 -0.693988 0.676248 0.919103 0.053154 0.390416 -0.306889 0.718022 0.624711
-7.330162 -9.090314 -61.280755 21.402413 -0.506455 -0.678347 0.532305 0.763761 -0.066382 0.642077 -0.400215 0.731737 0.551714
-7.044090 -9.209393 0.127080 -8.513292 -0.411740 -0.762263 0.499424 0.818135 -0.067799 0.571015 -0.401403 0.643706 0.651550
-3.785110 -9.388470 -59.212985 76.840138 -0.368721 0.821404 -0.435133 -0.593295 -0.568328 -0.570092 0.715574 -0.047958 -0.696889
-4.704792 -10.123912 -36.909427 121.062741 -0.329565 0.876449 -0.351034 -0.540765 -0.480007 -0.690772 0.773925 0.037828 -0.632146
-4.024191 -11.245511 -40.487480 96.818020 -0.219248 0.918463 -0.329174 -0.532395 -0.395349 -0.748502 0.817610 -0.011143 -0.575665
-3.872961 -12.692344 -36.683815 51.470701 -0.112808 0.958138 -0.263147 -0.434018 -0.285752 -0.854385 0.893814 -0.017829 -0.448084
-2.960139 -11.570843 -53.881512 90.277591 -0.157308 0.933283 -0.322858 -0.609526 -0.348984 -0.711821 0.777002 -0.084815 -0.623758
-3.216672 -9.864476 -98.848290 97.705590 -0.287252 0.861314 -0.419075 -0.636597 -0.498576 -0.588359 0.715702 -0.097774 -0.691527
-10.273799 -181.017025 559.000771 -9387.585971 -0.410079 -0.405583 0.816907 -0.057676 0.905422 0.420577 -0.910225 0.125354 -0.394686
-3.213372 -331.463897 488.739561 -19095.651413 -0.357477 -0.504313 0.786053 -0.106237 0.858164 0.502264 -0.927860 0.096040 -0.360351
8.894715 -44.931091 447.464133 1661.144272 0.133259 0.980370 -0.145314 -0.532636 0.194491 0.823694 -0.835788 0.032365 -0.548098
1464.670591 -886.020593 133611.524410 -16146.749792 0.551107 0.829316 0.092284 0.066565 0.066549 -0.995560 0.831775 -0.554803 0.018528
1.951533 -38.387705 161.389478 1636.906565 0.155718 0.981328 -0.112901 -0.566526 0.182352 0.803614 -0.809197 0.061176 -0.584343
31.228322 -32.481984 1874.715236 438.765398 -0.082353 0.993888 0.073515 -0.840427 -0.108904 0.530869 -0.535630 0.018065 -0.844260
46.747514 -36.064905 2283.279703 1015.675516 -0.189380 0.981681 -0.020935 -0.794160 -0.140597 0.591221 -0.577447 -0.128591 -0.806238
63.319083 -92.959124 -2349.366096 5847.676618 0.885565 0.464068 0.020372 -0.020219 0.082323 -0.996401 0.464074 -0.881966 -0.082285
0.396090 -4.769612 59.812879 -99.701560 0.146631 0.982358 0.116066 -0.901756 0.180978 -0.392535 0.406615 0.047105 -0.912384
-0.847301 -5.430140 81.050572 -98.008271 0.210737 0.966008 0.149728 -0.892221 0.252657 -0.374307 0.399413 0.054711 -0.915137
0.542724 -6.021071 58.986105 -91.369577 0.108491 0.988947 0.101058 -0.936109 0.135846 -0.324416 0.334559 0.059405 -0.940501
1.288275 -5.305851 34.228876 -93.769545 0.081732 0.994748 0.061610 -0.928598 0.098457 -0.357789 0.361976 0.027968 -0.931768
1.017572 -4.086888 35.232346 -78.499733 0.113542 0.990798 0.073671 -0.898126 0.134063 -0.418805 0.424827 0.018614 -0.905083
0.100354 -2.221197 -31.061771 22.995760 -0.541486 0.830444 0.130978 0.749968 0.406737 0.521645 0.379923 0.380693 -0.843049
0.557117 -2.531084 -24.797317 13.998280 -0.603301 0.790804 0.103234 0.721942 0.486536 0.492019 0.338864 0.371364 -0.864442
0.192817 -2.421725 -51.577921 4.943321 -0.622375 0.779588 0.069948 0.706964 0.521535 0.477706 0.335933 0.346763 -0.875731
-0.580687 -1.975383 -31.228824 -3.309391 -0.565190 0.814761 0.129328 0.754482 0.447110 0.480469 0.333643 0.369131 -0.867424
0.266816 -23.047085 -36.836663 -93.775110 0.021427 0.863261 -0.504304 -0.835605 -0.261483 -0.483106 0.548913 -0.431750 -0.715742
-0.632382 -22.620129 -24.102568 -38.486926 -0.001443 0.875148 -0.483854 -0.836502 -0.266190 -0.478964 0.547962 -0.404053 -0.732447
-0.031013 -20.509128 -92.996731 -413.077280 0.054786 0.854253 -0.516962 -0.613057 -0.379886 -0.692710 0.788137 -0.354878 -0.502894
0.323864 -23.531457 -51.202953 -209.848847 0.027795 0.873259 -0.486463 0.956145 0.118722 0.267752 0.291571 -0.472572 -0.831662
1.053762 -22.951964 -79.321874 -145.468922 0.047199 0.858486 -0.510660 -0.834177 -0.247344 -0.492919 0.549473 -0.449246 -0.704455
1.255328 -28.503046 45.196632 269.651556 0.194495 0.969961 -0.146105 -0.900768 0.117648 -0.418061 0.388314 -0.212918 -0.896592
0.628821 -30.730520 18.790021 -116.778079 0.218879 0.966753 -0.132218 -0.748553 0.079445 -0.658298 0.625907 -0.243060 -0.741055
1.333193 -28.281267 17.584303 292.335844 0.193980 0.970856 -0.140751 -0.939207 0.142358 -0.312450 0.283307 -0.192803 -0.939449
0.865456 -29.836070 46.456126 -119.758774 0.206874 0.969604 -0.130654 -0.687859 0.049178 -0.724177 0.695740 -0.239685 -0.677124
1.416751 -24.943081 21.246242 -460.408802 0.165269 0.971156 -0.171878 0.985634 -0.156487 0.063544 0.034815 -0.179911 -0.983067
1.307226 -23.972070 -27.612756 -487.989235 0.168614 0.962211 -0.213819 0.985587 -0.161568 0.050143 0.013702 -0.219192 -0.975585
1.047538 -14.754437 81.680046 -302.305900 0.053576 0.981138 -0.185735 0.995021 -0.068110 -0.072769 -0.084046 -0.180911 -0.979902
0.119663 -17.109787 -7.740670 -274.000814 0.081402 0.970033 -0.228932 0.993459 -0.060513 0.096841 0.080086 -0.235317 -0.968613
0.509197 -13.000012 0.800242 318.176657 0.123227 0.966834 -0.223711 -0.971348 0.163674 0.172318 -0.203218 -0.196068 -0.959302
0.011504 -12.836303 23.952841 322.545446 0.169985 0.967347 -0.188001 -0.969167 0.198641 0.145799 -0.178383 -0.157421 -0.971287
0.297687 -9.118624 21.911558 125.896999 0.202366 0.956660 -0.209402 -0.925537 0.256711 0.278353 -0.320045 -0.137480 -0.937374
0.226417 -7.442897 -7.665468 -49.565673 -0.034876 0.977530 0.207890 0.832777 0.143427 -0.534706 0.552509 -0.154477 0.819067
-0.286878 -7.268047 -19.111818 -123.755389 -0.031617 0.978056 0.205930 0.792761 0.150017 -0.590783 0.608711 -0.144575 0.780108
-0.068892 -7.260325 -5.617426 -91.322081 -0.084480 0.963965 0.252260 0.816150 0.212178 -0.537476 0.571632 -0.160476 0.804664
0.590793 -6.774889 4.898803 56.493294 -0.135828 0.948156 0.287317 0.834187 0.265907 -0.483142 0.534493 -0.174052 0.827057
0.582235 -6.539158 3.249025 54.216156 -0.196192 0.919875 0.339615 0.809727 0.347322 -0.472979 0.553037 -0.182201 0.812990
-0.293047 -6.861287 8.690923 -121.589178 -0.062363 0.973743 0.218941 0.772461 0.186001 -0.607214 0.631993 -0.131255 0.763778
0.184104 -6.498668 13.945654 -64.025622 -0.138342 0.950557 0.278035 0.791878 0.274768 -0.545374 0.594804 -0.144721 0.790737
0.243701 -20.436002 -50.298395 -320.490134 0.176857 0.954549 -0.239911 0.979030 -0.145575 0.142508 0.101106 -0.260084 -0.960278
0.866411 -22.201196 -90.996470 -427.766541 0.190760 0.945481 -0.263963 0.979427 -0.165285 0.115778 0.065837 -0.280618 -0.957559
0.487712 -18.172622 -81.056911 -413.945946 0.158008 0.955564 -0.248861 0.970950 -0.196217 -0.136946 -0.179692 -0.219993 -0.958809
0.571291 -23.649093 -76.574756 179.582775 0.206199 0.945890 -0.250550 -0.921327 0.101427 -0.375326 0.329604 -0.308230 -0.892388
-0.028235 -23.144347 -70.932746 131.702762 0.201731 0.948523 -0.244148 -0.904195 0.084538 -0.418671 0.376480 -0.305216 -0.874704
-0.103897 -20.437223 4.834335 -258.698120 0.186596 0.954462 -0.232777 0.961984 -0.129414 0.240496 0.199419 -0.268803 -0.942325
0.804863 -10.303817 24.945874 -78.202322 -0.040422 0.999183 0.000453 -0.066741 -0.003152 0.997765 -0.996951 -0.040301 -0.066814
0.821204 -11.189400 -3.855915 -91.021480 -0.047086 0.998890 -0.001232 -0.008723 0.000822 0.999962 -0.998853 -0.047095 -0.008674
0.956400 -11.036724 12.259398 -81.429103 -0.048766 0.998268 0.032905 0.080378 -0.028915 0.996345 -0.995571 -0.051232 0.078829
-1.011519 -18.659410 55.750340 48.670056 0.295015 -0.896409 -0.330783 0.928097 0.351141 -0.123840 0.227163 -0.270464 0.935546
-1.330367 -19.325137 51.167289 6.976444 0.307197 -0.903348 -0.299319 0.940181 0.336769 -0.051445 0.147274 -0.265610 0.952765
-0.938936 -19.711135 49.091621 -159.203952 0.300371 -0.896664 -0.325225 0.952179 0.261875 0.157408 -0.055973 -0.356953 0.932444
-0.596837 -19.479083 13.694527 -119.012801 0.286684 -0.904021 -0.317108 0.957950 0.266368 0.106672 -0.011966 -0.334355 0.942371
1.433414 -20.716304 96.739521 -468.665815 -0.297208 0.948021 0.113679 0.426929 0.238441 -0.872283 0.854048 0.210717 0.475605
0.840954 -26.202763 79.537135 -479.612986 -0.299079 0.938444 0.172846 0.238033 0.248782 -0.938854 0.924063 0.239648 0.297786
1.514763 -25.160430 107.314434 -304.312332 -0.308819 0.945566 0.102649 0.149734 0.154911 -0.976515 0.939261 0.286196 0.189422
1.320226 -4.858147 112.270300 106.825141 0.774202 0.606339 -0.181561 -0.561938 0.790474 0.243675 0.291269 -0.086628 0.952711
4.216183 -5.048211 308.868391 41.653305 0.763456 0.603028 -0.231282 -0.515781 0.784789 0.343622 0.388721 -0.143049 0.910183
5.045683 -5.078596 80.662847 23.474581 0.867796 0.473623 -0.150371 -0.413322 0.855946 0.310680 0.275855 -0.207455 0.938545
-0.161067 -5.073553 170.299775 -89.520047 0.617239 0.773965 -0.141399 0.705521 -0.624023 -0.335909 0.348218 -0.107576 0.931221
2.038880 -5.028133 -27.738095 81.091318 0.905686 0.409328 -0.110375 -0.386674 0.904317 0.180814 0.173827 -0.121082 0.977304
-0.834142 -4.114917 159.754671 60.933314 0.699132 0.693005 -0.175951 -0.649152 0.718381 0.250062 0.299694 -0.060607 0.952108
0.260821 -3.856199 164.452279 64.632180 0.780608 0.585269 -0.219346 -0.556689 0.810599 0.181733 0.284164 -0.019755 0.958572
1.344313 -3.930092 37.453050 70.882595 0.852117 0.496898 -0.164281 -0.476085 0.866341 0.150983 0.217347 -0.050444 0.974790
0.355898 -25.757975 -22.002915 -339.946337 -0.407183 0.861187 0.304234 -0.353171 -0.455645 0.817103 -0.842302 -0.225265 -0.489677
0.406440 -29.910951 -24.668672 -517.426124 -0.412033 0.850056 0.328076 -0.238344 -0.448075 0.861638 -0.879443 -0.276829 -0.387227
-0.002981 -28.159835 -26.010686 -222.952705 -0.412324 0.851556 0.323792 -0.057070 -0.378855 0.923695 -0.909248 -0.362383 -0.204810
-0.063884 -26.312897 -15.618164 -288.569852 -0.393510 0.871140 0.293709 -0.307617 -0.425841 0.850900 -0.866326 -0.244488 -0.435550
0.289416 -27.306377 37.105117 44.906218 -0.064004 0.997949 -0.000611 -0.991211 -0.063501 0.116053 -0.115777 -0.008033 -0.993243
0.239657 -27.897675 2.586482 358.400896 -0.040098 0.998490 -0.037554 -0.958777 -0.027867 0.282790 -0.281317 -0.047345 -0.958446
0.705088 -28.757118 28.098307 -407.136746 -0.058481 0.998162 -0.015922 -0.981111 -0.060414 -0.183767 0.184391 -0.004874 -0.982841
0.001955 -26.071420 9.616559 641.333980 -0.055577 0.998137 -0.025175 -0.878734 -0.036926 0.475882 -0.474066 -0.048570 -0.879149
0.391764 -27.465666 38.103997 -413.944964 -0.089793 0.995943 0.005952 -0.965411 -0.085568 -0.246290 0.244782 0.027861 -0.969178
0.136540 -26.488104 2.318843 443.192406 -0.059813 0.998092 -0.015292 -0.932894 -0.050442 0.356601 -0.355150 -0.035596 -0.934131
3.276588 -5.333974 -65.129430 2.961540 0.966627 0.234919 -0.102207 0.204736 -0.948166 -0.243030 0.154001 -0.213994 0.964619
3.242672 -5.642810 -78.802580 218.336576 0.990209 -0.042927 -0.132825 -0.083717 -0.944048 -0.319005 0.111700 -0.327001 0.938399
1.833119 -6.257780 -43.072016 5.205026 0.992137 -0.014269 -0.124342 -0.033006 -0.988141 -0.149958 0.120728 -0.152883 0.980842
-0.037312 -10.388752 17.257685 112.435008 0.048672 0.989379 -0.136965 -0.874530 0.108458 0.472688 -0.482523 -0.096774 -0.870521
0.095968 -9.123660 15.149330 103.330988 0.018866 0.993131 -0.115475 -0.839812 0.078414 0.537185 -0.542550 -0.086843 -0.835523
0.039086 -10.380766 19.295107 98.344265 0.058363 0.990615 -0.123592 -0.910477 0.103594 0.400375 -0.409421 -0.089160 -0.907979
3.203722 -18.839976 -8.636141 -475.912942 0.061241 0.917084 -0.393962 0.985981 -0.116962 -0.119000 -0.155211 -0.381152 -0.911391
3.243082 -17.785200 2.483284 -425.101068 0.063120 0.937867 -0.341207 0.973335 -0.133399 -0.186614 -0.220535 -0.320329 -0.921278
2.785212 -14.048196 18.203153 -300.477795 0.088644 0.922021 -0.376854 0.950761 -0.191126 -0.243975 -0.296977 -0.336671 -0.893564
3.102130 -17.958652 37.825702 -424.663963 0.082656 0.913941 -0.397341 0.980222 -0.146496 -0.133053 -0.179812 -0.378485 -0.907974
2.491681 -12.583449 -10.414578 -228.071801 0.074553 0.898134 -0.433357 0.941337 -0.206810 -0.266672 -0.329129 -0.388054 -0.860865
2.362806 -1198.087069 7148.025772 -81286.219151 -0.358715 -0.154788 -0.920524 0.757855 0.527437 -0.384014 0.544959 -0.835375 -0.071893
-42.149665 -422.151884 -437.258963 -28431.759592 0.169389 -0.138979 -0.975701 0.689716 0.723889 0.016629 0.703988 -0.675773 0.218475
-41.622337 -440.909894 -1738.240802 -25988.981790 0.304249 0.235351 -0.923061 0.930289 0.135045 0.341064 0.204925 -0.962482 -0.177858
-19.574173 -97.627568 -172.795177 -4996.159733 0.144970 -0.015601 -0.989313 0.925753 0.355060 0.130057 0.349236 -0.934713 0.065916
-23.817787 -130.746440 -841.124775 -7002.652903 0.197018 0.044872 -0.979372 0.964632 0.169567 0.201822 0.175125 -0.984497 -0.009878
-12.543249 -67.012641 -210.660901 -2685.093065 -0.194544 -0.105549 -0.975198 0.896074 0.385289 -0.220461 0.399003 -0.916740 0.019624
-1.949183 -72.979801 116.303052 3437.996865 0.540276 -0.010652 -0.841420 0.005315 0.999943 -0.009246 0.841471 0.000524 0.540302
-2.737040 -42.297876 125.242332 1347.814864 0.571022 -0.033784 -0.820240 0.364662 0.905606 0.216565 0.735497 -0.422773 0.529440
-0.896840 -42.043951 117.992749 994.994199 0.543879 -0.021511 -0.838888 0.443492 0.856027 0.265580 0.712398 -0.516484 0.475114
-6.353784 -29.912707 168.161162 540.120082 0.484449 -0.031826 -0.874240 0.869482 -0.092703 0.485188 -0.096486 -0.995185 -0.017238
-2.841887 -20.496388 99.232763 80.889450 0.587589 -0.013522 -0.809046 0.807506 -0.054086 0.587374 -0.051701 -0.998445 -0.020862
-6.246364 -38.710847 152.498608 -1152.725908 0.674000 -0.043313 -0.737461 0.738418 0.068556 0.670849 0.021501 -0.996707 0.078190
-12.582443 -42.068293 281.650417 -1078.120446 0.620051 -0.074208 -0.781044 0.783610 0.009581 0.621179 -0.038613 -0.997197 0.064091
-17.914322 -122.974316 510.404796 -6101.144979 0.699387 -0.097270 -0.708094 0.706594 0.243271 0.664488 0.107624 -0.965069 0.238870
-1.107439 -4.513686 -29.035911 -56.236870 0.240685 0.949873 0.199530 -0.612870 0.308139 -0.727627 0.752636 -0.052843 -0.656313
-0.625128 -4.117306 -55.661506 -63.693534 0.204964 0.971782 0.116748 -0.617455 0.220929 -0.754944 0.759434 -0.082649 -0.645314
-1.295683 -5.095536 -15.972919 -57.773590 0.230119 0.953017 0.196988 -0.652559 0.301281 -0.695268 0.721950 -0.031448 -0.691230
-1.387071 -4.596293 7.896516 -54.362332 0.246632 0.936396 0.249668 -0.610168 0.350194 -0.710675 0.752906 -0.022935 -0.657728
-8.182676 -10.775226 105.641258 -115.181874 0.047644 0.989384 0.137293 0.993224 -0.061512 0.098606 0.106005 0.131665 -0.985610
-5.876654 -9.622844 -16.484703 -105.095279 -0.315523 0.934045 0.167349 0.948250 0.303740 0.092545 0.035610 0.187888 -0.981545
9.613668 -15.257875 135.616733 123.669285 0.705541 0.628767 -0.326901 0.351025 0.090651 0.931968 -0.615624 0.772292 0.156755
9.856975 -14.975409 -32.924128 33.461198 0.575573 0.757679 -0.307634 0.287732 0.164497 0.943478 -0.765458 0.631557 0.123329
9.531226 -15.607029 103.253501 -36.688218 0.717964 0.621012 -0.314440 0.169976 0.281642 0.944344 -0.675008 0.731452 -0.096652
9.707432 -13.564141 37.625263 165.697779 0.596500 0.741554 -0.307060 0.485149 -0.028358 0.873972 -0.639390 0.670294 0.376679
8.256008 -15.405255 152.766014 50.457656 0.780286 0.545540 -0.305844 0.253158 0.171666 0.952072 -0.571896 0.820315 0.004159
8.635310 -13.288367 137.546742 182.786365 0.711416 0.622810 -0.325568 0.450174 -0.048121 0.891643 -0.539658 0.780892 0.314607
7.919251 -14.252917 153.675248 177.694208 0.763960 0.561851 -0.317314 0.378878 0.007476 0.925417 -0.522319 0.827205 0.207162
-5.485927 -9.446951 -8.859499 -13.463416 0.187330 0.948398 -0.255831 0.200396 0.218066 0.955138 -0.961639 0.230194 0.149205
-5.369605 -8.882415 -20.306535 -37.096896 0.172104 0.951000 -0.256866 0.047741 0.252398 0.966445 -0.983921 0.178592 0.001963
-5.110678 -9.283136 -33.056789 -36.970495 0.092134 0.971130 -0.220042 0.156350 0.204132 0.966377 -0.983395 0.123439 0.133029
-5.297392 -9.718947 -19.369526 7.186161 0.090951 0.972459 -0.214598 0.295141 0.179488 0.938443 -0.951115 0.148689 0.270688
-5.564901 -9.624337 -25.303826 -4.938380 0.170330 0.955104 -0.242412 0.311440 0.181217 0.932827 -0.934876 0.234385 0.266591
-0.113721 -5.287719 -24.858860 -18.867644 -0.158495 0.971907 0.173998 -0.229369 -0.207648 0.950932 -0.960348 -0.110808 -0.255837
0.162217 -5.260955 -13.210988 -20.807459 -0.142936 0.980835 0.132410 -0.302139 -0.170640 0.937867 -0.942487 -0.094049 -0.320739
0.239993 -5.832333 4.682821 -13.114458 -0.138627 0.974520 0.176334 -0.163359 -0.198115 0.966470 -0.976779 -0.105173 -0.186661
0.255828 -6.330985 -1.609599 -21.585596 -0.152325 0.971028 0.184124 -0.049323 -0.193534 0.979853 -0.987099 -0.140174 -0.077374
0.198766 -5.862396 -22.157937 -18.356229 -0.163858 0.970966 0.174287 -0.130435 -0.196449 0.971800 -0.977823 -0.136504 -0.158838
-1.438882 -6.312772 22.038402 -13.242841 0.890526 0.418146 -0.179213 0.424435 -0.621840 0.658157 -0.163764 0.662170 0.731241
-0.671348 -6.253607 46.507149 -14.260092 0.903100 0.382201 -0.195785 0.408736 -0.625223 0.664854 -0.131699 0.680454 0.720859
-0.743970 -6.386579 50.685880 -21.415535 0.895588 0.392508 -0.209426 0.407084 -0.533129 0.741657 -0.179455 0.749474 0.637248
1.479552 -7.301862 38.398937 55.680820 0.145113 0.980401 0.133251 0.787755 -0.195971 0.583984 -0.598652 -0.020225 0.800754
1.194933 -7.070616 35.811917 35.869682 0.143322 0.979777 0.139630 0.717641 -0.200041 0.667064 -0.681505 -0.004599 0.731799
0.829164 -7.069697 12.766741 15.282404 0.099426 0.990372 0.096321 0.715045 -0.138429 0.685235 -0.691972 -0.000744 0.721924
0.805448 -7.551584 17.774577 -70.837352 0.111265 0.987070 0.115382 0.606877 -0.159427 0.778642 -0.786969 0.016613 0.616768
0.463553 -5.435007 -34.993432 70.997791 -0.108414 0.994104 0.002125 -0.937727 -0.102975 0.331760 -0.330023 -0.033974 -0.943361
0.481909 -4.517856 -38.199708 83.716867 -0.130237 0.991483 0.000314 -0.908274 -0.119434 0.400965 -0.397588 -0.051936 -0.916093
0.106165 -4.342129 -26.403820 77.702219 -0.168315 0.985571 0.017873 -0.897480 -0.160719 0.410730 -0.407677 -0.053092 -0.911582
1.567452 -17.602169 -171.962484 478.365084 0.365411 0.781983 -0.504953 0.823564 -0.018766 0.566914 0.433841 -0.623018 -0.650870
2.338432 -20.499380 -162.678192 402.652628 0.361539 0.792529 -0.491108 0.890813 -0.138143 0.432861 0.275212 -0.593982 -0.755939
0.747875 -23.129614 -110.903518 129.249158 0.357446 0.815961 -0.454356 0.933919 -0.314985 0.169054 -0.005174 -0.484760 -0.874632
-1.954149 -24.794213 -116.421697 38.102812 0.359420 0.811327 -0.461048 0.925780 -0.372091 0.066927 -0.117252 -0.450884 -0.884848
-0.061036 -17.075273 -38.403531 79.865392 -0.000332 0.997395 -0.072139 -0.260546 0.069561 0.962952 -0.965461 -0.019116 -0.259844
-0.110425 -17.510678 -25.972845 184.524890 0.031106 0.990591 -0.133274 -0.474500 0.131990 0.870304 -0.879706 -0.036167 -0.474141
-0.126846 -18.689707 -16.348153 86.370558 0.007524 0.995846 -0.090747 -0.335774 0.087996 0.937823 -0.941913 -0.023414 -0.335041
-0.110305 -18.216831 -45.297524 -75.416444 -0.025401 0.998224 -0.053879 -0.106267 0.050895 0.993034 -0.994013 -0.030950 -0.104786
-0.085245 -19.324810 -8.195951 255.833980 0.039113 0.991657 -0.122826 -0.477571 0.126524 0.869435 -0.877722 -0.024651 -0.478536
-0.197426 -15.578896 -16.389458 -207.360139 0.258590 0.955759 -0.140200 -0.821378 0.141165 -0.552639 0.508398 -0.258064 -0.821544
0.091983 -11.970028 -5.790758 -193.394598 0.256197 0.958673 -0.123727 -0.650790 0.076425 -0.755401 0.714727 -0.274052 -0.643475
-3.549878 -4.608660 24.772349 61.608635 0.486615 0.872752 0.038864 0.844115 -0.481180 0.236509 -0.225114 0.082283 0.970852
-3.636315 -5.523259 0.069528 45.545817 0.236650 0.970819 0.038814 0.915252 -0.236155 0.326411 -0.326052 0.041721 0.944431
-1.769822 -2.970280 -2.197552 -9.379990 -0.125654 0.991331 0.038388 -0.968866 -0.114302 -0.219621 0.213330 0.064789 -0.974830
-1.778747 -2.517836 8.995543 -22.530658 -0.305242 0.951703 0.032998 -0.926627 -0.288854 -0.240678 0.219522 0.104042 -0.970044
-1.735371 -2.799363 -2.658342 -80.755625 -0.406485 0.913375 0.022726 -0.887456 -0.388792 -0.247513 0.217237 0.120779 -0.968618
-2.322350 -22.704078 38.071523 -69.860334 0.232722 0.967359 -0.100290 -0.846049 0.150517 -0.511415 0.479626 -0.203868 -0.853462
-2.094271 -23.291924 68.361930 -35.176597 0.235991 0.970658 -0.046172 -0.903941 0.201836 -0.377031 0.356648 -0.130713 -0.925049
-1.585397 -22.127507 41.890244 -111.191506 0.225763 0.972700 -0.053714 -0.786074 0.149324 -0.599826 0.575430 -0.177642 -0.798326
-1.925489 -21.225928 30.612463 -175.489026 0.212178 0.970600 -0.113652 -0.720604 0.076841 -0.689076 0.660084 -0.228105 -0.715722
-0.598459 -9.519500 6.103020 -228.936322 0.149006 0.970548 -0.189300 -0.750914 -0.013494 -0.660263 0.643371 -0.240531 -0.726787
-0.605028 -14.419952 5.209088 -420.970893 0.156414 0.969891 -0.186671 -0.843008 0.032614 -0.536911 0.514657 -0.241346 -0.822728
-0.462182 -11.645584 29.483034 -346.803523 0.154585 0.972457 -0.174444 -0.783693 0.013179 -0.621009 0.601605 -0.232709 -0.764145
0.740336 -15.580701 -8.229608 28.774752 0.106553 0.992817 -0.054409 0.106660 0.042992 0.993366 -0.988570 0.111649 0.101313
0.298668 -14.514696 -42.307915 44.000259 0.075303 0.994372 -0.074517 0.097703 0.067012 0.992957 -0.992363 0.082053 0.092106
1.106922 -16.542998 -6.882935 -6.418663 0.107479 0.993486 -0.037873 0.056923 0.031882 0.997869 -0.992577 0.109405 0.053125
0.338834 -15.065155 -53.796964 110.453820 0.059839 0.989398 -0.132330 -0.080959 0.136942 0.987265 -0.994920 0.048364 -0.088295
1.621809 -15.775633 -1.093869 -65.129489 0.123524 0.991186 -0.047876 -0.162229 0.067767 0.984423 -0.978991 0.113833 -0.169170
0.382542 -33.971567 -69.692877 568.811863 0.097521 0.839772 0.534110 0.030899 -0.538964 0.841762 -0.994754 0.065587 0.078508
0.276690 -27.244955 -34.045516 255.620668 0.130214 0.831934 0.539379 0.325449 -0.549733 0.769335 -0.936551 -0.075362 0.342335
-0.487444 -27.176676 -31.767229 8.960252 0.128004 0.830759 0.541714 0.380208 -0.545581 0.746849 -0.916001 -0.110364 0.385698
0.072852 -21.107257 5.452726 -272.686387 0.200091 0.978620 0.047602 0.861357 -0.198854 0.467462 -0.466934 0.052533 0.882731
0.338147 -23.370590 8.649540 -53.283601 0.208340 0.977270 0.039216 0.953532 -0.211875 0.214209 -0.217649 0.007235 0.976000
0.314926 -23.272798 37.801359 -175.438723 0.227257 0.973365 0.030252 0.884501 -0.219307 0.411780 -0.407447 0.066822 0.910781
1.303580 -4.005277 44.731073 99.316629 -0.088264 0.993916 0.065879 -0.990038 -0.094818 0.104085 -0.109698 0.056036 -0.992384
