19182
38351
-2.994807 -3.903343 -39.945197 44.247899 0.258079 -0.285108 -0.923097 0.901974 -0.271253 0.335952 -0.346176 -0.919312 0.187155
-3.272318 -4.727281 -21.177329 31.164379 0.101923 -0.242298 -0.964833 0.882643 -0.425345 0.200057 -0.458860 -0.871994 0.170510
-3.925778 -5.914832 11.782583 -104.275082 0.825129 -0.441715 -0.352207 -0.380783 0.025701 -0.924307 -0.417332 -0.896787 0.146991
-2.125909 -3.803434 -2.913065 34.230637 -0.121521 -0.171723 -0.977622 0.931780 -0.359173 -0.052733 -0.342080 -0.917336 0.203655
-2.369521 -5.096910 39.477174 -98.283494 0.810876 -0.336112 -0.479071 -0.506451 0.007157 -0.862239 -0.293238 -0.941795 0.164421
-2.396588 -3.069771 3.587777 33.461159 0.412038 -0.299267 -0.860618 0.870010 -0.151447 0.469198 -0.270753 -0.942074 0.197964
-2.659391 -3.166772 23.374845 7.135238 0.992733 -0.020898 -0.118509 -0.117831 -0.368755 -0.922028 0.024432 -0.929292 0.368537
-1.996612 -2.569902 44.107756 46.122268 0.998847 0.011513 -0.046608 -0.042103 -0.256425 -0.965647 0.023069 -0.966496 0.255645
-1.268818 -2.927197 61.351579 31.069207 0.882069 -0.089547 -0.462532 -0.467102 -0.294185 -0.833829 0.061403 -0.951544 0.301319
-1.956486 -3.245277 45.198699 0.666479 0.760117 -0.198588 -0.618696 -0.642066 -0.375884 -0.668178 0.099866 -0.905138 0.413223
3.537474 -12.288126 -97.210591 -104.686686 0.899706 0.120767 -0.419458 -0.411624 0.554494 -0.723258 -0.145241 -0.823378 -0.548592
1.870146 -11.550500 -35.257703 -189.599245 0.887337 0.163648 -0.431105 -0.461003 0.335995 -0.821331 -0.010440 -0.927538 -0.373583
2.773460 -10.952476 -68.163586 -222.174109 0.916566 0.118354 -0.381966 -0.399852 0.259424 -0.879100 0.004954 -0.958484 -0.285104
4.343471 -11.858128 -80.389380 -179.488280 0.943649 0.137940 -0.300832 -0.329926 0.463510 -0.822379 -0.026000 -0.875289 -0.482901
-3.087537 -4.870590 -6.620426 -1.090739 -0.177716 -0.104187 -0.978551 0.940564 0.274454 -0.200038 0.289408 -0.955939 0.049220
-2.387991 -4.396241 40.369963 15.894153 0.024086 0.093311 -0.995346 0.919896 0.387757 0.058612 0.391422 -0.917026 -0.076497
-2.697123 -4.606343 -7.851040 26.185156 -0.079130 -0.101707 -0.991662 0.892924 0.435042 -0.115870 0.443200 -0.894647 0.056392
-2.444264 -4.009504 14.835507 35.829609 0.064904 0.012970 -0.997807 0.829615 0.554974 0.061178 0.554551 -0.831766 0.025260
-2.384521 -4.474440 -28.821013 34.547108 -0.099715 -0.206668 -0.973317 0.841941 0.503785 -0.193226 0.530276 -0.838743 0.123767
-2.246538 -5.026671 -35.157639 7.226988 -0.150503 -0.269771 -0.951090 0.903635 0.352677 -0.243028 0.400990 -0.896015 0.190695
-2.815700 -5.046576 -34.445961 -3.682685 -0.192419 -0.225037 -0.955161 0.930146 0.268372 -0.250608 0.312735 -0.936661 0.157678
1.102501 -2.001774 27.005855 -34.797892 -0.825269 0.543240 -0.154340 0.457981 0.803687 0.379922 0.330430 0.242853 -0.912052
0.131445 -2.712690 -46.212666 32.209592 -0.518424 0.854131 0.041188 -0.773255 -0.447681 -0.449064 0.365120 0.264654 -0.892550
1.426580 -1.846264 -51.064743 32.958674 -0.514976 0.855715 0.050510 -0.796497 -0.455894 -0.397181 0.316847 0.244770 -0.916349
3.211109 -1.012530 57.940174 -41.603917 -0.855316 0.495625 -0.150961 0.432829 0.843680 0.317589 0.284768 0.206299 -0.936135
4.377709 -2.425423 142.190403 -32.235333 -0.931032 0.292554 -0.218155 0.209703 0.918121 0.336271 0.298670 0.267332 -0.916150
1.954131 -3.058098 15.064310 -7.409772 0.187248 0.101366 -0.977069 0.977052 -0.122024 0.174586 -0.101529 -0.987337 -0.121889
2.117510 -3.022247 -9.250511 -9.995659 0.213708 0.020865 -0.976675 0.973937 -0.082324 0.211350 -0.075994 -0.996387 -0.037915
1.866530 -3.279166 19.456777 -13.857897 0.212347 0.121073 -0.969665 0.976662 -0.059053 0.206506 -0.032259 -0.990885 -0.130787
-0.066680 -6.300322 4.169394 3.052499 0.367264 -0.457918 -0.809585 0.885186 0.439337 0.153062 0.285591 -0.772848 0.566696
-0.080579 -6.198167 -0.645893 1.639255 0.363035 -0.470223 -0.804423 0.819487 0.571999 0.035473 0.443449 -0.672092 0.592997
-0.155326 -6.235586 5.056839 -1.496621 0.352002 -0.466612 -0.811399 0.852309 0.518085 0.071814 0.386864 -0.716841 0.580065
-0.126227 -6.071343 4.670899 14.007679 0.382566 -0.450660 -0.806566 0.877885 0.449449 0.165269 0.288031 -0.771298 0.567571
-0.203676 -6.091031 4.710302 7.428651 0.372788 -0.456759 -0.807713 0.864203 0.487887 0.122962 0.337908 -0.743867 0.576611
-0.230565 -5.904501 1.825532 1.344310 0.353031 -0.477156 -0.804793 0.823812 0.566283 0.025628 0.443512 -0.672046 0.593002
-0.243911 -9.331420 -8.618458 -71.022869 0.759726 0.344922 -0.551221 -0.585488 -0.005920 -0.810660 0.282877 -0.938613 -0.197450
0.012859 -9.955533 -7.270100 -73.894382 0.758527 0.340826 -0.555404 -0.630188 0.166772 -0.758321 0.165830 -0.925216 -0.341285
-0.171467 -9.879846 -1.036987 -88.652678 0.744334 0.365782 -0.558723 -0.617475 0.058316 -0.784426 0.254347 -0.928872 -0.269268
-0.497039 -5.918425 5.269212 -95.244192 -0.680401 -0.400768 0.613547 -0.454817 0.887398 0.075272 -0.574627 -0.227836 -0.786063
-0.641606 -7.746095 9.048746 -55.547178 -0.674924 -0.391389 0.625534 -0.311391 0.919627 0.239421 -0.668965 -0.033195 -0.742553
-0.800890 -7.303178 3.181862 -72.725747 -0.714915 -0.356893 0.601269 -0.331180 0.930185 0.158351 -0.615806 -0.085921 -0.783199
-0.256675 -6.284779 14.286005 -83.294895 -0.641106 -0.435657 0.631812 -0.445225 0.881692 0.156183 -0.625106 -0.181169 -0.759224
-0.647681 -5.525009 1.115250 -103.444029 -0.721862 -0.353829 0.594743 -0.451171 0.892280 -0.016761 -0.524747 -0.280430 -0.803741
-0.373814 -4.127847 1.359884 -102.667635 -0.677751 -0.420493 0.603190 -0.542713 0.839560 -0.024528 -0.496101 -0.343984 -0.797220
-0.138003 -4.314929 9.194337 -92.658156 -0.642572 -0.454619 0.616785 -0.560737 0.827592 0.025820 -0.522184 -0.329263 -0.786708
31.350219 -2.204414 292.681352 -14.792038 -0.684941 0.494162 -0.535406 0.702089 0.644067 -0.303725 0.194749 -0.583936 -0.788094
18.352121 -2.624129 -274.460635 -17.871445 0.731519 -0.629190 0.262679 0.672438 0.602064 -0.430518 -0.112728 -0.491568 -0.863512
20.586241 -1.826755 214.815513 -10.676808 -0.652671 0.488793 -0.578879 0.735774 0.591161 -0.330402 0.180712 -0.641568 -0.745475
23.858257 -3.037705 -262.103460 -21.721865 -0.546584 0.199294 -0.813344 0.738842 0.571935 -0.356375 0.394156 -0.795722 -0.459857
85.097101 -5.629900 1938.076156 -67.680086 0.639962 -0.011114 0.768326 0.562979 0.687307 -0.458981 0.522975 -0.726282 -0.446108
-0.013782 -3.825355 11.045767 -42.214316 -0.379017 0.738594 0.557518 0.913205 0.201082 0.354431 0.149674 0.643463 -0.750701
0.138406 -3.996780 11.142540 14.604161 -0.401070 0.732657 0.549870 0.908397 0.240681 0.341888 0.118143 0.636621 -0.762073
0.311329 -3.868451 -7.416079 -52.774528 -0.374365 0.757753 0.534473 0.919582 0.229261 0.319074 0.119245 0.610942 -0.782643
-0.163194 -4.192368 26.622043 29.896285 -0.426017 0.706742 0.564824 0.895380 0.239906 0.375154 0.129632 0.665554 -0.735006
-0.330543 -4.152417 13.682471 -26.820230 -0.389543 0.731353 0.559803 0.903293 0.184738 0.387213 0.179773 0.656502 -0.732589
-0.673314 -1.760735 -19.215478 10.969235 0.533494 0.383913 -0.753654 0.159318 0.829488 0.535320 0.830663 -0.405661 0.381363
-1.181510 -1.638470 1.544373 0.136575 0.433145 0.043735 -0.900262 0.308047 0.931493 0.193463 0.847049 -0.361121 0.389999
-0.530581 -1.626686 -29.546078 9.038665 0.561872 0.514620 -0.647662 0.034496 0.767677 0.639908 0.826505 -0.381888 0.413584
0.331390 -1.880899 -38.687070 8.588682 0.561587 0.436697 -0.702791 0.124331 0.795198 0.593467 0.818023 -0.420662 0.392277
0.025610 -1.913414 -29.943910 2.661864 0.546430 0.389294 -0.741529 0.200534 0.798829 0.567149 0.813142 -0.458609 0.358437
-1.012683 -6.406780 -1.048250 -10.462798 0.658281 0.268716 -0.703177 0.644838 -0.683251 0.342566 0.388393 0.678940 0.623050
-0.918580 -6.679087 5.082655 -22.581955 0.656806 0.260277 -0.707716 0.572580 -0.782860 0.243479 0.490670 0.565143 0.663217
-0.822974 -6.679651 -0.429093 -22.877756 0.657659 0.247998 -0.711324 0.581725 -0.767130 0.270383 0.478624 0.591615 0.648777
-0.661424 -7.025352 6.506149 11.075987 0.636666 0.246361 -0.730728 -0.483219 0.865933 -0.129073 0.600962 0.435278 0.670356
-0.787175 -6.422890 -0.012388 -8.744852 0.651908 0.241113 -0.718944 0.637893 -0.687009 0.348011 0.410010 0.685480 0.601671
1.454236 -4.812526 -0.396564 55.998944 -0.165390 0.827399 0.536710 -0.806954 0.199332 -0.555960 0.566984 0.525051 -0.634705
1.575317 -4.546000 -2.001969 33.230758 -0.164100 0.851503 0.498010 -0.836391 0.147559 -0.527898 0.522992 0.503159 -0.687976
1.268067 -4.763489 6.085296 24.752319 -0.178173 0.852580 0.491286 -0.780810 0.181341 -0.597872 0.598824 0.490126 -0.633393
1.732228 -4.463293 -7.002380 -23.702425 -0.188657 0.820660 0.539375 0.851257 -0.137200 0.506495 0.489662 0.554701 -0.672709
1.983003 -5.018658 -24.080275 61.450765 -0.189906 0.829217 0.525675 -0.800161 0.179542 -0.572282 0.568927 0.529304 -0.629411
1.836231 -4.831984 -22.325189 26.521295 -0.171497 0.829614 0.531346 -0.713119 0.267589 -0.647964 0.679743 0.490037 -0.545723
4.528838 -7.491458 -90.717943 -93.339850 0.687449 -0.541624 -0.483794 -0.476266 0.166682 -0.863359 -0.548255 -0.823930 0.143372
8.508783 -7.492517 -174.343769 -113.988139 0.651540 -0.404047 -0.642061 -0.646862 0.146258 -0.748451 -0.396316 -0.902970 0.166069
4.030020 -9.451686 -92.692672 -96.581845 0.676992 -0.436840 -0.592328 -0.491202 0.331156 -0.805640 -0.548089 -0.836365 -0.009613
5.015443 -9.826787 -70.932903 -125.136060 0.661570 -0.210857 -0.719627 -0.633132 0.357177 -0.686709 -0.401832 -0.909925 -0.102797
1.159483 -11.211642 2.488948 6.209761 -0.616224 -0.125415 0.777521 -0.383576 0.910029 -0.157215 -0.687850 -0.395118 -0.608888
0.818028 -10.374650 -15.142602 31.759477 -0.603231 -0.228373 0.764172 -0.423414 0.903660 -0.064180 -0.675895 -0.362276 -0.641812
0.598502 -10.885826 2.486389 -2.836654 -0.617483 -0.122244 0.777027 -0.183972 0.982895 0.008434 -0.764767 -0.137744 -0.629411
-3.490333 -7.584382 11.152602 7.913966 0.902557 -0.095020 -0.419955 -0.281704 -0.867940 -0.409050 0.325628 -0.487494 0.810133
-3.467371 -7.205066 19.812395 33.114963 0.884473 -0.088138 -0.458192 -0.372426 -0.724926 -0.579466 0.281082 -0.683165 0.674002
-3.080289 -7.410292 29.722545 28.131680 0.856582 -0.024563 -0.515426 -0.325248 -0.801162 -0.502347 0.400601 -0.597943 0.694250
-3.143548 -7.397045 17.198552 27.460749 0.887167 -0.043473 -0.459397 0.147126 0.970243 0.192309 0.437366 -0.238199 0.867163
-3.551488 -7.518239 1.306710 21.910110 0.923059 -0.130639 -0.361795 0.219108 0.951628 0.215398 0.316155 -0.278097 0.907033
-3.023382 -7.414522 29.241491 5.907556 0.855459 -0.009246 -0.517788 0.225661 0.906580 0.356635 0.466119 -0.421932 0.777629
0.868395 -20.561350 -1.797400 309.165092 0.603684 -0.698358 -0.384528 0.500676 0.707461 -0.498822 0.620395 0.108607 0.776733
0.725852 -15.328117 7.466147 4.532359 -0.614713 0.688293 0.385202 0.318411 0.663355 -0.677181 0.721625 0.293620 0.626933
0.792349 -16.235645 -1.735390 70.369759 -0.590204 0.700741 0.400776 0.381367 0.679609 -0.626650 0.711490 0.217008 0.668348
0.566268 -15.201006 10.709065 35.333423 -0.620077 0.693106 0.367571 0.396874 0.681268 -0.615114 0.676754 0.235538 0.697514
0.758913 -19.862396 3.262487 256.506778 0.590949 -0.696287 -0.407387 0.554668 0.717390 -0.421539 0.585767 0.023144 0.810149
0.926757 -27.502849 11.691815 473.616679 -0.590289 0.723391 0.358140 0.706011 0.677775 -0.205353 0.391289 -0.131633 0.910805
0.566826 -20.341177 8.250407 246.701967 -0.591248 0.725759 0.351708 0.565086 0.683951 -0.461398 0.575416 0.074056 0.814501
-0.717445 -6.365605 -2.420573 -272.939891 0.870313 -0.006107 -0.492461 -0.295759 0.793061 -0.532523 -0.393804 -0.609112 -0.688405
1.093952 -5.114505 -31.244531 -320.288965 0.879782 -0.147931 -0.451775 -0.196489 0.752209 -0.628947 -0.432870 -0.642105 -0.632713
3.687267 -0.959480 -125.922462 -85.221152 0.707693 0.318434 -0.630690 -0.595805 0.748746 -0.290509 -0.379719 -0.581360 -0.719607
-23.827317 -656.102550 709.570654 -23302.588818 -0.725613 0.392179 0.565404 -0.083907 0.765124 -0.638392 -0.682968 -0.510667 -0.522277
-54.225434 -826.859279 -1325.792781 48260.131476 0.634637 -0.379884 -0.672997 0.769213 0.394437 0.502723 0.074478 -0.836724 0.542536
-16.257423 -602.410057 592.142417 -45247.718282 -0.634822 0.416040 0.651085 -0.124969 0.776276 -0.617883 -0.762485 -0.473611 -0.440805
-122.398030 -804.944775 3769.222795 -67665.113381 -0.675464 0.492993 0.548367 0.709858 0.636047 0.302566 -0.199624 0.593635 -0.779582
0.495854 -1.420092 -6.374587 23.233098 0.873742 -0.421754 -0.242276 -0.228667 0.083444 -0.969922 -0.429285 -0.902862 0.023533
0.222656 -2.134901 -6.437927 12.285673 0.796646 -0.406723 -0.447137 -0.442961 0.110487 -0.889707 -0.411267 -0.906846 0.092143
0.324048 -1.918762 -1.713401 15.520478 0.826734 -0.397996 -0.397630 -0.397671 0.086540 -0.913438 -0.397956 -0.913296 0.086725
0.268674 -1.484820 3.172072 21.143536 0.878077 -0.395237 -0.269756 -0.271917 0.051747 -0.960928 -0.393754 -0.917120 0.062034
2.910365 -0.326543 -43.505247 13.467822 0.753337 -0.396927 0.524339 0.529294 -0.107236 -0.841634 -0.390295 -0.911564 -0.129307
2.902605 -0.694067 -45.275408 3.233712 0.785816 -0.413829 0.459607 0.461346 -0.102697 -0.881257 -0.411890 -0.904543 -0.110217
3.241016 -0.495169 9.195266 4.479117 0.831196 -0.260046 0.491415 0.480040 -0.110242 -0.870292 -0.280490 -0.959283 -0.033200
-1.957089 -2.969100 6.192215 -1.886465 -0.520657 0.103791 0.847433 0.671880 -0.562616 0.481706 0.526776 0.820177 0.223195
-1.722334 -2.896728 7.569843 4.834167 -0.484038 0.002051 0.875044 0.723484 -0.561565 0.401517 0.492218 0.827430 0.270335
-1.679746 -3.011590 9.557388 1.781359 -0.450154 -0.018654 0.892756 0.712867 -0.609599 0.346712 0.537756 0.792490 0.287712
-1.790743 -3.048412 11.657933 -1.386825 -0.462307 0.021671 0.886455 0.677918 -0.635765 0.369092 0.571576 0.771578 0.279227
0.267549 -3.632737 -23.428580 12.475107 0.397500 -0.577853 -0.712797 0.730111 0.669705 -0.135764 0.555816 -0.466455 0.688105
-0.003278 -3.309301 -8.781081 -2.887833 0.388214 -0.579725 -0.716386 0.706945 0.686022 -0.172055 0.591201 -0.439651 0.676157
0.227169 -3.272869 -20.284171 -3.281711 0.438401 -0.527115 -0.727980 0.651378 0.744426 -0.146753 0.619283 -0.409853 0.669708
-0.270729 -16.285198 -15.168463 31.482066 0.703964 0.300126 -0.643707 0.701618 -0.153108 0.695909 -0.110304 0.941532 0.318357
-0.335610 -16.848156 -2.487800 -98.185598 0.716795 0.262658 -0.645922 0.631937 0.146834 0.760983 -0.294722 0.953651 0.060734
0.073557 -14.592911 -14.795111 9.245245 0.733432 0.295956 -0.611954 0.611091 0.107243 0.784262 -0.297735 0.949162 0.102200
0.715588 -16.161483 5.699627 -196.856843 0.653341 0.373251 -0.658657 0.673156 -0.684516 0.279819 -0.346418 -0.626196 -0.698479
1.055144 -13.783816 -6.926625 154.104238 -0.671062 -0.329005 0.664403 -0.529240 0.840155 -0.118509 -0.519212 -0.431155 -0.737919
1.259264 -18.117743 25.762263 -187.685143 0.643241 0.381053 -0.664108 0.685124 -0.673682 0.277050 -0.341827 -0.633207 -0.694409
-12.198631 -21.505345 -148.262315 -255.488630 0.727530 -0.344713 -0.593190 -0.123190 0.784924 -0.607222 0.674926 0.514847 0.528590
-15.411944 -21.999804 -163.811010 -111.778272 0.567162 -0.529686 -0.630683 -0.312404 0.570174 -0.759806 0.762057 0.627960 0.157905
-11.931866 -22.471012 -152.708804 2.363386 0.684707 -0.309844 -0.659676 0.462686 -0.514543 0.721919 0.563114 0.799526 0.208951
-8.699826 -26.441535 -147.110864 388.271984 0.745065 -0.054929 -0.664726 0.433484 -0.717553 0.545169 0.506922 0.694335 0.510813
-1.888956 -4.308390 5.030969 45.500899 -0.495888 0.507004 0.705013 0.820078 0.540428 0.188177 -0.285602 0.671480 -0.683774
-2.319690 -3.891945 20.058297 12.160268 -0.396064 0.586202 0.706754 0.884192 0.451085 0.121358 -0.247666 0.672971 -0.696973
-2.042781 -4.364876 14.273888 31.222839 -0.475921 0.563563 0.675201 0.820462 0.561007 0.110059 -0.316767 0.606356 -0.729377
-2.025181 -3.480340 15.842527 12.858835 -0.479506 0.504941 0.717710 0.845570 0.484601 0.223992 -0.234701 0.714280 -0.659333
-1.819773 -4.965593 -3.936098 55.178239 -0.486081 0.546274 0.682137 0.800695 0.591141 0.097162 -0.350162 0.593412 -0.724741
-1.683514 -5.546598 -3.510479 57.409845 -0.457405 0.521809 0.720067 0.795358 0.602221 0.068822 -0.397728 0.604190 -0.690483
-1.667706 -4.508754 -6.608688 52.811764 -0.526128 0.458777 0.716040 0.796473 0.560915 0.225842 -0.298026 0.689129 -0.660517
-1.730298 -3.548947 -4.847031 27.055099 -0.592668 0.422572 0.685695 0.767055 0.555819 0.320457 -0.245706 0.715890 -0.653552
-4.071746 -4.664329 -0.791825 6.130161 -0.639374 -0.446771 0.625777 0.756061 -0.513398 0.405949 0.139906 0.732679 0.666039
-4.337952 -4.839976 -6.728209 13.262662 -0.507263 -0.613313 0.605419 0.858315 -0.422582 0.291065 0.077325 0.667287 0.740776
-3.974923 -4.591744 2.609472 1.961548 0.763770 0.362121 -0.534343 0.612219 -0.668729 0.421888 0.204557 0.649361 0.732453
0.414357 -2.368318 -7.742738 -14.780897 -0.631793 0.099141 0.768771 0.089875 0.994467 -0.054386 -0.769909 0.034733 -0.637207
0.473868 -2.676849 -5.621534 -9.726459 -0.624810 0.131929 0.769550 0.179414 0.983506 -0.022940 -0.759884 0.123735 -0.638174
0.569147 -2.597539 0.610566 -10.238696 -0.614103 0.101741 0.782640 0.117708 0.992372 -0.036646 -0.780399 0.069619 -0.621395
0.481823 -2.306105 -7.575749 -10.479044 -0.632086 0.055395 0.772916 0.023895 0.998361 -0.052011 -0.774530 -0.014406 -0.632373
0.239426 -2.221286 -12.901817 -8.700685 -0.640073 0.071577 0.764973 0.035000 0.997334 -0.064032 -0.767517 -0.014211 -0.640871
-0.180566 -0.941178 25.773862 12.825246 0.834165 -0.428871 0.346753 -0.495125 -0.305395 0.813379 0.242939 0.850178 0.467095
0.638740 -0.918162 38.600892 12.389255 0.814162 -0.449465 0.367587 -0.520564 -0.284602 0.804993 0.257201 0.846748 0.465688
-0.085554 -1.217069 23.943257 21.194113 0.874272 -0.400319 0.274579 -0.415360 -0.324141 0.849947 0.251247 0.857134 0.449663
-0.889402 -1.298170 17.239694 15.943265 0.954729 -0.290279 0.065045 -0.183525 -0.402670 0.896758 0.234118 0.868099 0.437714
-0.964778 -1.088417 5.851385 24.780321 -0.645242 -0.222477 0.730867 0.729634 -0.463062 0.503197 0.226488 0.857949 0.461114
0.456538 -4.272283 -33.489919 -2.679813 0.129668 0.712686 0.689394 0.890833 -0.389051 0.234639 0.435434 0.583710 -0.685332
0.060424 -4.035912 -26.343912 2.800194 0.201600 0.667801 0.716519 0.845060 -0.488447 0.217470 0.495208 0.561659 -0.662803
0.729714 -3.870822 -34.324897 -13.433275 0.145915 0.698015 0.701059 -0.806830 0.494038 -0.323962 0.572480 0.518365 -0.635267
0.144996 -3.948231 -27.449544 -21.849891 0.193381 0.659021 0.726839 -0.757388 0.571193 -0.316388 0.623672 0.489316 -0.609593
1.292906 -3.871758 -26.735879 -6.800289 0.072251 0.715832 0.694524 -0.816197 0.442652 -0.371324 0.573239 0.540040 -0.616242
1.265444 -3.877581 -27.260296 -23.771746 0.121002 0.700337 0.703482 -0.714670 0.553304 -0.427904 0.688916 0.450980 -0.567461
0.444306 -4.930705 2.446355 -4.205895 0.070534 -0.529741 -0.845222 -0.699850 0.577506 -0.420353 0.710799 0.621178 -0.330005
0.588497 -4.412728 9.040769 -13.874982 -0.081933 0.529525 0.844328 0.797365 -0.473416 0.374281 0.597910 0.703904 -0.383437
0.648493 -4.895538 -1.104129 -3.480201 0.044527 -0.525115 -0.849866 -0.682476 0.605262 -0.409736 0.729550 0.598257 -0.331427
-0.135160 -5.899620 0.696994 -19.502813 0.409745 -0.382736 -0.828023 0.684924 -0.470441 0.556384 -0.602485 -0.795109 0.069384
-0.171161 -5.975265 0.296866 -18.094303 0.402952 -0.384078 -0.830731 0.697153 -0.459271 0.550498 -0.592965 -0.800971 0.082697
-0.201544 -5.733535 0.417963 -5.359989 0.402932 -0.380271 -0.832490 0.630632 -0.543848 0.553654 -0.663286 -0.748080 0.020677
-0.131193 -5.571279 5.740223 -3.580405 0.410580 -0.373103 -0.831996 0.592118 -0.584793 0.554449 -0.693412 -0.720286 -0.019184
-0.033823 -5.643576 9.433943 -7.890253 0.423215 -0.371081 -0.826552 0.628801 -0.536504 0.562826 -0.652302 -0.757933 0.006280
-0.047647 -5.891407 4.530579 -31.637949 0.418892 -0.377150 -0.826007 0.674705 -0.479513 0.561106 -0.607703 -0.792354 0.053601
-0.132602 -6.071911 -1.311084 -15.765010 0.389791 -0.383090 -0.837439 0.785144 -0.336986 0.519606 -0.481261 -0.860048 0.169427
8.379457 -5.427123 -106.809421 7.440370 -0.269596 0.275068 0.922852 0.714513 -0.585344 0.383203 0.645593 0.762699 -0.038733
9.199597 -6.264979 -2.322500 24.450826 -0.457378 -0.009047 0.889226 0.719111 -0.592020 0.363856 0.523148 0.805872 0.277283
8.471293 -6.274055 -80.700535 28.919275 -0.329349 0.256701 0.908644 0.784829 -0.460601 0.414596 0.524950 0.849677 -0.049768
6.936463 -5.351879 -117.269837 19.800368 -0.202947 0.408421 0.889947 0.750516 -0.518866 0.409272 0.628919 0.750979 -0.201224
6.245270 -5.906822 -108.287171 40.360719 -0.170645 0.473981 0.863842 0.808946 -0.433156 0.397469 0.562571 0.766627 -0.309509
0.606371 -7.201966 -38.855397 12.176942 0.686918 0.494519 -0.532537 0.652551 -0.097173 0.751488 -0.319876 0.863718 0.389449
1.064613 -7.639361 -30.080365 22.790125 0.671670 0.460187 -0.580591 0.623370 0.072427 0.778566 -0.400336 0.884863 0.238220
2.439496 -7.397854 54.805584 13.988357 -0.658105 -0.460199 0.595916 0.701829 -0.088344 0.706847 -0.272645 0.883410 0.381120
0.150961 -7.379595 -23.939964 13.968873 0.683518 0.486355 -0.544300 0.576387 0.097902 0.811291 -0.447863 0.868259 0.213411
-0.111531 -7.004308 -21.412795 12.169631 0.697270 0.481994 -0.530563 0.612817 -0.016868 0.790045 -0.371847 0.876012 0.307136
-0.214308 -6.851835 -21.229070 5.517518 0.708155 0.477175 -0.520404 0.644009 -0.134399 0.753120 -0.289428 0.868470 0.402481
0.054513 -6.943405 -24.807738 3.935961 0.712057 0.482220 -0.510332 0.668269 -0.242496 0.703286 -0.215385 0.841819 0.494924
0.372702 -14.368922 -5.732868 38.921719 -0.821981 -0.156791 0.547506 -0.328029 0.916216 -0.230097 -0.465557 -0.368733 -0.804545
0.559996 -16.043623 -17.521795 39.272102 -0.820611 -0.148426 0.551877 -0.340965 0.902138 -0.264368 -0.458630 -0.405114 -0.790912
0.525685 -15.197237 10.951513 10.223874 0.811118 0.182137 -0.555800 -0.455155 0.793354 -0.404257 -0.367316 -0.580876 -0.726404
-1.263093 -4.944530 -23.650922 54.516999 0.200041 -0.278618 -0.939338 0.917648 0.389265 0.079962 0.343373 -0.877978 0.333542
-1.112956 -3.937225 -12.167932 42.434184 0.283775 -0.203103 -0.937134 0.837102 0.529145 0.138803 0.467688 -0.823866 0.320176
-0.974314 -4.457368 -21.564240 48.246769 0.228624 -0.285354 -0.930754 0.877286 0.474849 0.069910 0.422019 -0.832521 0.358899
-2.567933 -7.352925 33.302217 -32.004937 0.603371 0.131580 0.786530 -0.414149 0.894560 0.168054 -0.681486 -0.427140 0.594246
-1.479955 -7.278381 21.745714 -47.004008 0.641091 0.133541 0.755758 -0.402050 0.897244 0.182507 -0.653727 -0.420856 0.628905
-2.082791 -7.655843 19.681382 -2.437371 0.605905 0.136242 0.783784 -0.245469 0.969171 0.021293 -0.756719 -0.205296 0.620669
-2.991441 -7.607608 35.873114 -2.611385 0.581164 0.109117 0.806438 -0.241125 0.969560 0.042580 -0.777243 -0.219198 0.589784
-2.409108 -7.308247 25.691028 31.851257 0.595984 0.100154 0.796726 -0.019794 0.993722 -0.110111 -0.802752 0.049854 0.594225
-1.479880 -7.525562 23.976288 40.320480 0.636206 0.148661 0.757062 -0.080047 0.988684 -0.126875 -0.767356 0.020118 0.640906
15.323915 -8.515230 280.766781 -78.385751 0.119793 -0.680948 0.722468 0.342196 0.711435 0.613809 -0.931961 0.173695 0.318243
15.720849 -8.606085 413.147242 -82.733650 0.429467 -0.664479 0.611577 0.263123 0.739897 0.619127 -0.863901 -0.104975 0.492601
14.422471 -7.159878 69.723826 -42.751233 -0.018549 -0.620350 0.784106 0.226014 0.761339 0.607684 -0.973947 0.188491 0.126086
-0.382402 -5.315024 14.198956 -81.047436 0.633045 0.332848 -0.698903 0.697464 0.146463 0.701493 0.335854 -0.931537 -0.139432
-0.639679 -7.027747 10.501382 60.035296 0.636087 0.318023 -0.703033 -0.614468 -0.342321 -0.710806 0.466715 -0.884126 0.022331
-0.576733 -5.408063 7.649648 -80.288448 0.658173 0.318956 -0.681965 0.678497 0.141261 0.720893 0.326268 -0.937183 -0.123436
-0.451356 -4.014426 5.543987 -47.576560 0.680561 0.318481 -0.659853 0.690854 0.021037 0.722688 0.244044 -0.947696 -0.205707
-0.592035 -4.760846 -3.472642 80.226295 0.692089 0.298177 -0.657346 -0.672063 -0.066044 -0.737542 0.263332 -0.952223 -0.154686
0.674525 -2.752279 -25.190404 -0.714398 -0.136856 -0.318700 -0.937924 0.735061 -0.667384 0.119517 -0.664045 -0.673074 0.325599
1.713284 -2.045256 -22.927419 -2.879476 -0.208873 -0.178502 -0.961514 0.738692 -0.673107 -0.035509 -0.640863 -0.717680 0.272452
1.131250 -2.389182 16.322534 -3.805897 0.085699 0.311850 0.946259 -0.708452 0.686867 -0.162203 -0.700537 -0.656478 0.279794
0.600465 -3.101008 19.076529 -18.631925 0.004462 0.414229 0.910162 -0.680543 0.668142 -0.300745 -0.732694 -0.618063 0.284882
1.381615 -2.659438 20.927062 -22.424457 -0.019951 0.407123 0.913156 -0.674417 0.668771 -0.312901 -0.738081 -0.622090 0.261227
-1.144351 -7.319517 -0.929178 18.459338 0.778145 0.187578 -0.599420 -0.202041 0.978393 0.043889 0.594701 0.086955 0.799230
-1.123940 -7.123566 3.407250 15.527515 0.783762 0.205057 -0.586233 -0.209738 0.975857 0.060934 0.584574 0.075198 0.807848
-1.047418 -7.502138 0.665352 11.553635 0.784048 0.202095 -0.586879 -0.093285 0.973137 0.210481 0.613651 -0.110280 0.781838
-1.079155 -7.792320 -0.273271 12.231197 0.767350 0.201882 -0.608620 -0.078882 0.971657 0.222847 0.636358 -0.122992 0.761525
-1.092919 -7.992150 -1.033958 20.133933 0.744504 0.193834 -0.638860 -0.108177 0.979304 0.171061 0.658795 -0.058246 0.750064
-6.576619 -14.359496 -146.807436 168.536655 0.301037 -0.227931 -0.925972 -0.575302 0.730999 -0.366971 0.760529 0.643185 0.088929
-2.326675 -13.422729 -125.605415 108.575950 0.250156 -0.049115 -0.966959 -0.460038 0.872745 -0.163343 0.851931 0.485699 0.195728
-5.450231 -14.199383 -219.363918 23.847384 0.276538 -0.200164 -0.939926 -0.228702 0.936260 -0.266670 0.933393 0.288708 0.213134
-8.971059 -12.973528 64.995457 -15.488056 -0.368316 0.666739 0.647922 -0.308778 0.569627 -0.761696 0.876926 0.480609 0.003928
5.925821 -3.169170 -681.047224 -65.499183 0.179063 0.934073 -0.308940 0.195714 -0.341558 -0.919257 0.964174 -0.104141 0.243972
-7.153322 -10.470569 -111.959680 -383.693176 -0.122558 0.902858 0.412100 0.272276 0.429886 -0.860851 0.954382 -0.006701 0.298512
-8.292206 -14.195831 -73.663264 -179.483454 -0.178848 0.885639 0.428552 -0.059945 0.424957 -0.903226 0.982049 0.187230 0.022913
0.212341 -3.610135 -13.493872 -0.330089 0.599309 0.070107 0.797442 0.720286 0.387452 -0.575386 -0.349309 0.919220 0.181707
0.138917 -3.443842 3.212631 -8.656448 0.553530 0.017561 0.832644 0.716391 0.499821 -0.486789 -0.424721 0.865951 0.264085
0.097188 -3.374067 -10.995173 -7.306098 0.564324 0.046182 0.824261 0.714433 0.472980 -0.515631 -0.413672 0.879862 0.233920
3.982253 -26.780172 82.665468 -82.955508 0.006741 -0.991809 0.127551 0.993027 -0.008373 -0.117593 0.117698 0.127455 0.984836
2.844012 -30.724666 -34.257277 179.384751 0.032785 0.990711 -0.131971 0.970548 -0.063089 -0.232499 0.238665 0.120462 0.963602
2.473829 -26.057387 -34.080113 -355.353527 -0.003435 0.989863 -0.141984 0.973591 0.035722 0.225487 -0.228274 0.137460 0.963844
1.479100 -33.945057 -23.743580 -860.198885 0.027812 0.992034 -0.122861 0.810231 0.049613 0.584008 -0.585451 0.115789 0.802397
2.003914 -22.528884 -46.543973 -385.624103 -0.033193 0.986530 -0.160179 0.816064 0.119279 0.565519 -0.577008 0.111944 0.809031
3.836035 -27.765911 -90.257790 -435.664061 -0.075787 0.984651 -0.157224 0.970796 0.108858 0.213789 -0.227623 0.136429 0.964145
-0.722851 -11.102403 43.364243 -272.437390 -0.272175 0.306025 -0.912288 0.429534 0.887020 0.169400 0.861058 -0.345752 -0.372873
0.530149 -6.069510 -11.866040 -119.453261 -0.330685 -0.121936 -0.935831 0.383530 0.888676 -0.251316 0.862294 -0.442026 -0.247106
-1.423913 -7.653573 -28.106345 -97.399707 -0.271184 0.218871 -0.937313 0.266364 0.952838 0.145432 0.924938 -0.210227 -0.316693
-1.584404 -27.591971 63.374752 -669.947716 -0.264467 0.600310 -0.754775 0.197832 0.799767 0.566776 0.943885 0.000574 -0.330273
-1.456979 -9.396877 14.428692 -185.368366 -0.255810 0.584426 -0.770070 0.148909 0.810888 0.565938 0.955190 0.030102 -0.294460
8.695684 -64.217999 43.833838 800.451864 -0.022353 0.926796 -0.374900 -0.021537 0.374460 0.926993 -0.999518 -0.028796 -0.011590
-71.868150 -1660.529353 -685.918838 187826.112748 -0.050833 0.934003 -0.353631 0.947966 -0.066306 -0.311391 -0.314288 -0.351059 -0.882032
-3.988704 -285.436207 122.874371 11817.268803 0.061707 0.943870 -0.324501 -0.353060 0.324742 0.877434 -0.933563 -0.060425 -0.353282
0.677866 -3.750542 7.004054 -12.951018 -0.453695 -0.096134 0.885956 0.871979 0.157248 0.463600 -0.183882 0.982869 0.012484
0.230246 -3.950903 5.721907 0.183350 -0.376767 -0.093379 0.921589 0.921554 0.062880 0.383124 -0.093725 0.993643 0.062363
0.427433 -3.876125 11.496803 -10.354090 -0.368868 -0.108463 0.923132 0.904406 0.187252 0.383387 -0.214442 0.976305 0.029023
1.039870 -3.602449 5.451922 -15.108282 -0.466800 -0.105774 0.878015 0.840897 0.254341 0.477706 -0.273844 0.961313 -0.029782
1.181920 -3.444812 1.769351 -13.148563 -0.542793 -0.092271 0.834783 0.801205 0.241207 0.547621 -0.251885 0.966077 -0.056998
0.944651 -3.486398 5.440514 -16.217058 -0.537085 -0.086089 0.839124 0.821249 0.173753 0.543470 -0.192587 0.981019 -0.022619
0.667656 -3.649480 6.010553 -5.804938 -0.488237 -0.087174 0.868346 0.866478 0.070281 0.494243 -0.104114 0.993711 0.041221
-1.104657 -2.408140 -3.369467 -15.601559 0.661235 -0.144504 -0.736130 -0.650534 0.378230 -0.658595 -0.373596 -0.914364 -0.156094
-1.049201 -1.843036 -1.403689 -27.419933 0.737524 -0.174481 -0.652391 -0.596321 0.285141 -0.750397 -0.316954 -0.942471 -0.106252
-0.972166 -2.368795 -6.461869 15.125541 0.649614 -0.173384 -0.740230 0.653833 -0.369427 0.660323 -0.387950 -0.912941 -0.126621
-0.750116 -2.670569 -5.106664 -5.662459 0.712257 0.019325 -0.701652 0.650838 0.356174 0.670485 -0.262868 0.934220 -0.241110
-0.842907 -2.651014 8.130677 -4.559257 -0.680724 0.013482 0.732416 0.692311 0.338618 0.637216 -0.239418 0.940827 -0.239839
-0.743182 -2.492271 6.194253 -5.750204 -0.676078 0.019652 0.736568 0.676904 0.411451 0.610336 -0.291067 0.911220 -0.291476
-0.971384 -2.675995 6.552932 -4.149403 -0.640709 0.054631 0.765838 0.732571 0.342111 0.588473 -0.229853 0.938070 -0.259215
0.044171 -2.855195 15.840604 6.480140 -0.594973 -0.165752 0.786469 0.796397 0.010442 0.604684 -0.108440 0.986112 0.125791
-0.330147 -2.974019 12.725942 5.215346 -0.605864 -0.162598 0.778775 0.777105 0.088713 0.623087 -0.170400 0.982696 0.072608
0.223092 -3.047259 19.228154 5.932946 -0.562627 -0.161668 0.810749 0.807276 0.103957 0.580946 -0.178203 0.981354 0.072022
0.896987 -24.181888 -14.141049 -44.630307 0.595658 0.634110 0.493047 0.803142 -0.479653 -0.353405 0.012394 0.606495 -0.794990
0.970319 -26.635125 29.470764 -70.002098 0.577857 0.557714 0.595849 0.813242 -0.454932 -0.362869 0.068694 0.694256 -0.716442
1.790934 -79.776376 -5.062457 -2164.160295 0.622283 0.611900 0.488202 0.635941 -0.031518 -0.771094 -0.456446 0.790307 -0.408746
-3.445030 -5.676967 -12.552288 30.486459 0.254764 -0.331638 -0.908356 0.759328 -0.513033 0.400273 -0.598763 -0.791715 0.121120
-4.832182 -6.116407 -20.785582 -65.281956 0.681334 -0.510554 -0.524517 -0.486600 0.219389 -0.845629 -0.546813 -0.831386 0.098958
-2.775536 -5.175194 8.934746 22.017882 0.037607 -0.256331 -0.965857 0.820489 -0.543808 0.176269 -0.570424 -0.799104 0.189866
-2.484455 -4.374296 7.062933 28.812102 -0.134073 -0.193597 -0.971877 0.885244 -0.464180 -0.029657 -0.445384 -0.864325 0.233614
2.503073 -3.661403 176.562144 -4.848348 -0.209771 -0.514626 -0.831358 0.898544 0.233779 -0.371437 0.385505 -0.824929 0.413374
0.179213 -2.857993 109.135441 -3.215789 -0.235271 -0.572767 -0.785229 0.884252 0.209197 -0.417534 0.403418 -0.792574 0.457253
-0.565472 -3.072937 77.966403 5.459007 0.037667 -0.506388 -0.861482 0.940051 0.310368 -0.141336 0.338947 -0.804514 0.487722
0.350083 -3.992379 85.357304 19.524525 0.248832 -0.407488 -0.878656 0.922483 0.376153 0.086798 0.295140 -0.832143 0.469500
-1.007177 -3.152558 55.138195 8.129721 0.293156 -0.441992 -0.847764 0.919260 0.373973 0.122904 0.262718 -0.815345 0.515938
1.823428 -11.251832 -27.156066 -31.634207 0.858382 0.194688 -0.474633 -0.486801 0.601057 -0.633842 -0.161880 -0.775131 -0.610711
-3.037180 -4.932582 -6.147939 14.839977 0.641084 -0.237169 -0.729905 -0.059401 0.932867 -0.355290 0.765168 0.271128 0.583958
-2.857248 -4.939908 11.668335 18.334801 0.551518 -0.278892 -0.786159 -0.046020 0.930845 -0.362504 0.832892 0.236107 0.500544
-2.904975 -4.733116 6.744912 16.647670 0.587742 -0.315052 -0.745186 -0.095686 0.887531 -0.450703 0.803370 0.336201 0.491493
-3.040375 -4.638640 -1.293553 6.562401 0.649934 -0.312616 -0.692717 -0.123880 0.855713 -0.502404 0.749827 0.412343 0.517430
-3.125812 -4.690630 -3.632742 8.579240 0.693024 -0.234228 -0.681803 -0.063913 0.922061 -0.381732 0.718076 0.308125 0.624040
0.299638 -10.455467 -7.489270 75.065906 0.623604 0.097720 -0.775609 0.686241 0.406772 0.603001 0.374421 -0.908288 0.186606
0.285026 -12.161056 -11.028197 71.274037 0.634411 0.088211 -0.767946 0.751387 0.162886 0.639441 0.181494 -0.982694 0.037056
-0.036392 -11.324385 -8.299164 57.631994 0.635354 0.102711 -0.765360 0.719065 0.282671 0.634857 0.281552 -0.953702 0.105740
1.007700 -3.153345 -34.586849 27.560725 -0.353817 0.915397 0.191993 -0.859571 -0.237319 -0.452568 0.368716 0.325158 -0.870816
1.759347 -2.854486 -15.876462 -5.113353 0.210822 -0.025532 -0.977191 0.974995 -0.066372 0.212083 -0.070273 -0.997468 0.010901
1.815941 -2.692073 -17.436617 -11.324551 0.183378 -0.024878 -0.982728 0.970930 -0.151860 0.185021 -0.153839 -0.988089 -0.003693
1.174923 -2.713733 -22.850377 -6.353844 0.197105 -0.060909 -0.978488 0.973875 -0.102638 0.202565 -0.112769 -0.992852 0.039087
1.264331 -2.394254 -28.586487 -12.038336 0.174221 -0.070058 -0.982211 0.963069 -0.195829 0.184794 -0.205292 -0.978132 0.033353
1.736089 -2.437030 -16.191863 -11.636219 0.144270 -0.006581 -0.989517 0.963625 -0.226413 0.142000 -0.224974 -0.974009 -0.026323
0.022531 -6.049077 -0.389495 -1.120331 0.352809 -0.476286 -0.805405 0.816387 0.577277 0.016241 0.457207 -0.663252 0.592502
-0.005202 -5.522891 4.755925 41.015712 0.345693 -0.463815 -0.815703 0.721274 0.687392 -0.085182 0.600217 -0.558899 0.572164
-0.012423 -6.525357 -3.730367 -10.592097 0.356637 -0.478506 -0.802397 0.863719 0.496237 0.087964 0.356088 -0.724417 0.590272
3.852946 -5.119131 -67.205946 38.322743 -0.281173 0.705729 0.650298 0.719446 -0.293435 0.629518 0.635090 0.644858 -0.425228
6.957981 -4.815884 -125.225554 15.074990 -0.415017 0.658260 0.628057 0.657415 -0.260234 0.707166 0.628940 0.706380 -0.324748
4.557581 -5.459190 -81.689438 58.243584 -0.353008 0.680607 0.641996 0.731774 -0.226723 0.642732 0.583003 0.696685 -0.418015
-0.317963 -7.789360 6.045114 -45.192941 0.698826 0.381803 -0.604870 -0.603230 -0.139856 -0.785210 0.384391 -0.913601 -0.132580
-0.383357 -8.149808 5.057887 -51.007142 0.709028 0.384116 -0.591383 -0.598901 -0.114731 -0.792562 0.372286 -0.916128 -0.148700
-0.274285 -9.669934 -0.480970 -90.985995 0.707796 0.373765 -0.599436 -0.647510 0.004030 -0.762047 0.282410 -0.927515 -0.244869
-0.348276 -8.226491 -0.786114 -57.880035 0.691437 0.382738 -0.612721 -0.616923 -0.128518 -0.776459 0.375926 -0.914874 -0.147258
-0.369378 -9.873648 -3.909955 -90.814626 0.698579 0.383556 -0.604046 -0.661451 0.024205 -0.749598 0.272892 -0.923200 -0.270612
-0.193139 -10.097782 -2.913196 -50.599234 0.707945 0.376432 -0.597589 -0.695799 0.226592 -0.681557 0.121152 -0.898307 -0.422336
-0.123391 -10.016027 -0.201439 -33.204100 0.718344 0.374771 -0.586114 -0.689630 0.272665 -0.670868 0.091609 -0.886116 -0.454320
-0.982519 -8.672235 2.877073 -36.014201 -0.710985 -0.357990 0.605263 -0.196247 0.927532 0.318074 -0.675269 0.107365 -0.729716
-0.830042 -8.772295 10.580289 -37.032558 -0.676365 -0.379805 0.631093 -0.177254 0.915553 0.361031 -0.714921 0.132325 -0.686570
-0.382416 -8.178083 14.363273 -51.860649 -0.648249 -0.417361 0.636854 -0.265890 0.907820 0.324291 -0.713496 0.040888 -0.699466
-0.079138 -3.205328 -12.059420 1.929281 -0.421869 0.071129 0.903863 0.858436 -0.289454 0.423444 0.291745 0.954546 0.061052
0.244356 -3.051852 -7.733104 15.712579 -0.394702 0.050793 0.917404 0.840415 -0.383607 0.382817 0.371367 0.922099 0.108723
0.259004 -3.415703 -3.721558 6.874149 -0.480178 0.069136 0.874443 0.824860 -0.303525 0.476948 0.298389 0.950312 0.088719
-0.050984 -2.986202 -8.185771 9.314587 -0.323159 0.028249 0.945923 0.881244 -0.355342 0.311674 0.344931 0.934309 0.089938
-0.304997 -2.976474 -8.666745 -1.238456 -0.385514 0.047455 0.921481 0.880803 -0.278598 0.382843 0.274891 0.959235 0.065605
-0.257550 -2.805236 -11.196540 -21.265963 -0.460914 0.078780 0.883941 0.863750 -0.188808 0.467213 0.203702 0.978849 0.018978
0.337649 -4.264188 -1.052435 -2.492445 -0.390801 0.754803 0.526828 0.914741 0.254683 0.313664 0.102581 0.604491 -0.789980
0.012327 -4.142495 14.998299 45.976463 -0.403416 0.727194 0.555378 0.911732 0.268077 0.311254 0.077458 0.631921 -0.771153
-1.234847 -1.403849 -22.287289 3.907275 0.540066 0.402554 -0.739107 0.090265 0.845422 0.526416 0.836768 -0.351015 0.420247
-1.114381 -2.005682 4.344380 -22.519345 0.273458 -0.345684 -0.897621 0.423406 0.881178 -0.210362 0.863683 -0.322533 0.387330
-1.187112 -6.596859 8.410643 -13.696340 0.660393 0.279008 -0.697162 0.633612 -0.705308 0.317927 0.403010 0.651687 0.642563
-0.873355 -6.781889 4.926164 -0.567569 0.650147 0.269504 -0.710406 -0.480522 0.870097 -0.109678 0.588563 0.412672 0.695194
1.682439 -4.279994 -6.852453 8.356318 -0.186298 0.880922 0.435051 -0.832012 0.094052 -0.546727 0.522541 0.463822 -0.715416
1.865744 -3.978708 -11.469417 -15.306921 -0.163410 0.855918 0.490613 -0.848427 0.131858 -0.512626 0.503457 0.500018 -0.704637
-0.690923 -13.622306 -2.871724 158.200562 0.665575 -0.575439 -0.475268 0.292944 0.787127 -0.542784 0.686436 0.222037 0.692463
-0.553803 -13.454035 -6.076790 46.896500 0.658957 -0.580812 -0.477946 0.464664 0.814002 -0.348551 0.591492 0.007596 0.806275
-0.520470 -12.573429 3.949428 109.561212 0.643471 -0.576756 -0.503287 0.302845 0.795658 -0.524609 0.703015 0.185152 0.686650
-0.666257 -14.846268 -7.045446 13.372885 0.651490 -0.593859 -0.472115 0.566416 0.794745 -0.218067 0.504712 -0.125345 0.854140
-0.669882 -11.886495 0.904039 133.999595 0.652460 -0.583994 -0.482956 0.122099 0.709978 -0.693558 0.747922 0.393551 0.534537
-0.706011 -13.937153 3.300520 128.809789 0.666880 -0.564964 -0.485887 0.357016 0.814586 -0.457154 0.654072 0.131397 0.744932
-0.778183 -11.927911 -0.336799 144.336942 0.679838 -0.556115 -0.478076 0.150247 0.743686 -0.651426 0.717807 0.371034 0.589141
-0.743627 -11.267522 3.839865 147.361598 0.660756 -0.578894 -0.477790 0.078504 0.686351 -0.723021 0.746485 0.440232 0.498956
-0.696618 -9.626120 -1.510722 20.613708 0.622688 -0.697570 -0.354478 0.602235 0.138021 0.786297 0.499572 0.703097 -0.506046
-0.711278 -9.485015 0.543715 -25.077498 0.601630 -0.706123 -0.373405 0.508790 -0.021606 0.860619 0.615771 0.707759 -0.346270
-0.701539 -10.109490 1.219043 -8.627025 0.600531 -0.718293 -0.351308 0.563493 0.068455 0.823279 0.567307 0.692365 -0.445863
-0.625423 -9.303854 -1.091905 -15.304770 0.626286 -0.687858 -0.366902 0.545337 0.050223 0.836711 0.557111 0.724106 -0.406569
-0.729769 -10.264286 -1.556144 36.577856 -0.623690 0.707236 0.332908 0.640038 0.217560 0.736898 0.448734 0.672670 -0.588348
-0.734563 -10.310696 1.566692 60.225645 -0.646941 0.687634 0.329585 0.667827 0.302303 0.680161 0.368067 0.660131 -0.654793
-0.615565 -9.450233 -2.461949 14.429196 0.641126 -0.680640 -0.354523 0.637302 0.214828 0.740065 0.427556 0.700413 -0.571505
-2.956862 -6.912941 26.680981 33.186755 0.838471 -0.018639 -0.544628 -0.397667 -0.704257 -0.588119 0.372596 -0.709701 0.597910
-3.305975 -6.361719 21.576928 39.699237 0.867542 -0.086847 -0.489723 -0.435384 -0.608611 -0.663351 0.240440 -0.788702 0.565807
-3.304630 -5.212461 15.652833 52.382835 0.858990 -0.130198 -0.495161 -0.495806 -0.452787 -0.741053 0.127719 -0.882062 0.453492
-2.805278 -5.715269 20.508720 46.615502 0.818550 -0.061111 -0.571176 -0.511259 -0.530837 -0.675889 0.261897 -0.845268 0.465760
