10935
21857
-8.121175 -10.893673 105.631361 103.447331 -0.121663 0.974573 0.188162 -0.963865 -0.070740 -0.256828 0.236987 0.212609 -0.947963
-7.106912 -10.770850 -36.214708 -210.127875 0.296289 0.941938 0.158005 0.949520 -0.308353 0.057700 0.103071 0.132933 -0.985751
-6.784464 -8.810140 22.563531 -120.904435 -0.268669 0.949498 0.162081 0.962898 0.260311 0.071170 0.025384 0.175189 -0.984208
-5.081749 -8.390148 -71.922443 181.770708 0.117117 0.990742 0.068660 -0.989388 0.110412 0.094444 -0.085988 0.078993 -0.993160
-6.802635 -10.255276 -14.954713 -101.338635 -0.350892 0.914235 0.202608 0.919159 0.294920 0.261092 0.178946 0.277844 -0.943812
-5.058092 -6.844053 -9.073290 83.297671 -0.533932 0.832640 0.147062 -0.838018 -0.544253 0.038910 -0.112436 0.102465 -0.988362
-6.237856 -8.836792 -5.750672 -87.485099 -0.606016 0.764918 0.218277 0.794559 0.569095 0.211677 0.037695 0.301713 -0.952653
-5.377564 -7.560216 3.414618 -77.982509 -0.700110 0.687330 0.193452 0.711448 0.694526 0.107126 -0.060727 0.212631 -0.975244
-8.162218 -11.191940 69.910580 -54.377051 -0.230808 0.951047 0.205517 -0.659969 0.002184 -0.751290 0.714961 0.309039 -0.627157
-7.341270 -11.325264 -32.592318 -43.245962 -0.279745 0.916058 0.287366 -0.688091 0.017433 -0.725415 0.669532 0.400666 -0.625455
-7.634138 -10.774448 1.067727 -38.233164 -0.264590 0.936672 0.229430 -0.527654 0.058522 -0.847441 0.807201 0.345284 -0.478754
-9.017317 -11.010626 95.465602 -51.593140 -0.148359 0.967326 0.205597 -0.566016 0.087420 -0.819746 0.810935 0.237988 -0.534552
-8.380207 -11.400204 55.687460 -64.694305 -0.265635 0.963630 0.029251 -0.674405 -0.164055 -0.719906 0.688924 0.210959 -0.693455
3.425351 -9.641439 -49.504036 198.481941 -0.769433 0.513806 0.379442 0.572219 0.818446 0.052082 -0.283793 0.257197 -0.923748
5.509447 -10.723168 39.745785 146.218257 -0.729840 0.506930 0.458645 0.516358 0.848465 -0.116110 -0.448004 0.152083 -0.881001
4.277534 -9.804264 -126.153094 79.421865 -0.842099 0.419936 0.338413 0.411963 0.905817 -0.098908 -0.348075 0.056123 -0.935785
2.899060 -8.958822 -83.508417 209.458649 0.673491 -0.547632 -0.496496 0.650686 0.757911 0.046676 -0.350739 0.354499 -0.866783
1.344614 -8.941767 -141.555955 109.533025 -0.835016 0.464234 0.295356 0.498815 0.865251 0.050243 -0.232233 0.189281 -0.954065
2.557561 -7.776823 102.219387 116.143740 0.795160 -0.514938 -0.320249 0.578431 0.802623 0.145649 -0.182039 0.301056 -0.936070
2.878072 -6.957001 -0.229733 134.606214 0.751141 -0.521834 -0.404322 0.620598 0.766997 0.163015 -0.225047 0.373369 -0.899972
1.781083 0.054033 272.578106 14.700284 0.995481 0.093885 0.014285 0.094914 -0.978683 -0.182130 0.003119 -0.182663 0.983171
-0.006200 -1.799884 1.844626 199.799801 -0.086480 -0.981931 -0.168323 0.994791 -0.094263 0.038796 -0.053961 -0.164091 0.984968
0.684595 0.124503 177.516040 54.147219 0.860764 0.501331 0.088048 0.508989 -0.846423 -0.156520 0.003942 -0.179542 0.983742
3.817096 0.228343 190.484900 17.116931 0.997693 -0.001898 0.067862 0.011645 -0.980009 -0.198614 -0.066882 -0.198946 0.977726
2.954614 -0.063636 126.438987 14.890653 0.995997 -0.010474 0.088772 0.007629 -0.979527 -0.201167 -0.089062 -0.201039 0.975526
1.298368 -6.571615 -101.732430 28.343181 0.013495 0.999895 -0.005357 0.784231 -0.007261 0.620426 -0.620322 0.012574 0.784247
0.615124 -7.022018 -108.462583 25.018446 0.009483 0.999950 -0.003066 0.691257 -0.004340 0.722596 -0.722546 0.008972 0.691264
2.442837 -6.914614 -105.144235 13.612827 -0.005516 0.998154 -0.060487 0.703730 0.046849 0.708921 -0.710446 0.038656 0.702689
3.131179 -6.355239 -102.950194 28.854265 -0.002298 0.997394 -0.072104 0.811917 0.043953 0.582116 -0.583769 0.057205 0.809902
2.195520 -5.987120 -99.279304 33.050926 0.007830 0.999756 -0.020664 0.852952 0.004108 0.521972 -0.521930 0.021712 0.852712
0.987367 -6.098818 -50.353630 34.212026 0.059212 0.997990 0.022589 0.845801 -0.062175 0.529863 -0.530203 0.012269 0.847782
0.070453 -8.152036 1.110080 -26.864842 0.027272 0.996555 -0.078317 0.548855 0.050552 0.834387 -0.835472 0.065740 0.545586
-0.090979 -8.796535 8.725789 -25.513301 0.045772 0.996914 -0.063779 0.660027 0.017745 0.751033 -0.749847 0.076472 0.657177
0.239945 -8.467537 8.818068 -18.573174 0.041872 0.996816 -0.067859 0.672522 0.022109 0.739747 -0.738892 0.076611 0.669454
0.019142 -8.817620 16.368716 -6.182288 0.063952 0.996295 -0.057508 0.771496 -0.012805 0.636105 -0.633011 0.085047 0.769457
0.219408 -8.042354 2.835360 -19.465114 0.027603 0.997441 -0.065954 0.569772 0.038512 0.820900 -0.821339 0.060238 0.567250
0.397168 -8.429621 10.756994 -2.735596 0.055927 0.997176 -0.050120 0.786969 -0.013133 0.616853 -0.614453 0.073942 0.785481
0.437263 -8.246488 4.890778 -11.022263 0.041800 0.997825 -0.050966 0.695688 0.007546 0.718305 -0.717127 0.065481 0.693859
2.766976 -13.291976 8.313240 -47.072256 0.399213 0.882221 -0.249628 0.807632 -0.467249 -0.359733 0.434003 0.057997 0.899043
2.663945 -14.081879 47.140106 134.199304 0.353422 0.888739 -0.291951 0.886859 -0.417614 -0.197686 0.297614 0.189052 0.935780
2.364529 -14.177821 62.655656 109.478204 0.332644 0.883728 -0.329201 0.861057 -0.426984 -0.276162 0.384616 0.191597 0.902974
2.000725 -15.523079 -56.892706 149.868381 -0.311431 -0.897018 0.313638 0.937509 -0.343937 -0.052762 0.155200 0.277606 0.948076
2.579038 -13.920549 43.893044 -12.136151 0.344586 0.884096 -0.315651 0.753262 -0.461062 -0.469061 0.560229 0.076136 0.824831
-0.954489 -8.955517 18.300972 274.087200 0.261668 0.931116 -0.254072 -0.308490 -0.168749 -0.936140 0.914529 -0.323336 -0.243084
-0.972201 -5.918573 3.311578 117.952405 0.279723 0.916029 -0.287483 -0.393193 -0.163871 -0.904735 0.875873 -0.366111 -0.314338
-0.858037 -8.590563 -5.691838 165.575685 0.275993 0.932155 -0.234338 -0.302590 -0.147145 -0.941694 0.912287 -0.330809 -0.241450
-0.990964 -6.954284 3.592442 -11.872857 0.290152 0.936959 -0.194730 -0.342418 -0.088365 -0.935383 0.893623 -0.338083 -0.295193
-0.735852 -7.523596 -4.301441 92.213734 0.265927 0.934864 -0.235188 -0.300866 -0.151297 -0.941589 0.915840 -0.321153 -0.241035
-0.587861 -9.945340 0.272353 201.259257 0.256134 0.943788 -0.208949 -0.175203 -0.167253 -0.970222 0.950631 -0.285115 -0.122516
-2.840745 -13.241499 135.298379 -102.513862 0.829638 0.365047 0.422423 -0.519515 0.227685 0.823568 -0.204462 0.902718 -0.378544
-4.218888 -12.728697 115.752670 -145.990855 0.828792 0.419872 0.369881 -0.532369 0.388132 0.752288 -0.172303 0.820403 -0.545207
-4.900487 -14.121924 104.510252 -42.528680 0.790582 0.467463 0.395548 -0.510925 0.147495 0.846877 -0.337542 0.871621 -0.355446
-1.185809 -11.589747 127.971847 -175.695690 0.864537 0.316223 0.390612 -0.496646 0.418599 0.760341 -0.076928 0.851339 -0.518945
-3.197681 -13.908267 110.304514 34.587408 0.806808 0.396282 0.438203 -0.466447 -0.027973 0.884107 -0.362613 0.917703 -0.162276
-0.274286 -9.162069 21.913468 0.856218 0.101679 0.993948 -0.041570 0.854710 -0.065900 0.514905 -0.509050 0.087886 0.856238
-0.536565 -9.589530 26.048623 -17.208991 0.151826 0.988245 -0.017892 0.914095 -0.133502 0.382895 -0.376005 0.074489 0.923619
-0.258785 -9.114710 25.611203 -7.264134 0.139199 0.989867 -0.028038 0.915954 -0.117941 0.383561 -0.376368 0.079073 0.923090
0.046752 -14.193871 8.469343 -6.853025 0.210185 0.974134 -0.082979 0.477995 -0.176431 -0.860461 0.852844 -0.141192 0.502714
0.160507 -14.700923 7.011603 -74.946150 0.194927 0.979110 -0.057850 0.665564 -0.175367 -0.725446 0.720436 -0.102906 0.685844
-0.356880 -15.498464 16.127548 -17.870551 0.221818 0.969594 -0.103362 0.476717 -0.200305 -0.855931 0.850610 -0.140587 0.506654
-2.197716 -6.051703 32.407625 19.774665 0.866819 0.471955 -0.160885 0.467777 -0.657974 0.590131 -0.172658 0.586795 0.791114
-2.083817 -5.306405 33.697890 45.089668 0.847531 0.503240 -0.168646 0.515986 -0.706841 0.483875 -0.124299 0.497118 0.858734
-1.322348 -5.478666 43.991060 48.389735 0.901111 0.407125 -0.149161 0.422710 -0.748303 0.511233 -0.096519 0.523729 0.846399
-2.690040 -5.759146 19.518663 20.539741 0.825689 0.545905 -0.142218 0.518278 -0.634528 0.573378 -0.222768 0.547140 0.806853
-5.372484 -244.859287 237.433588 12356.110262 -0.041050 0.994742 0.093827 -0.588978 -0.099947 0.801945 -0.807106 0.022342 -0.589984
-5.452232 -16.931898 135.330725 333.319785 -0.130427 0.942349 0.308168 -0.414407 -0.334185 0.846515 -0.900697 0.017298 -0.434102
-4.458758 -33.384518 22.164797 1030.062693 0.114954 0.984832 0.129971 -0.648896 -0.024620 0.760479 -0.752144 0.171757 -0.636223
-5.377176 -16.784162 -90.742168 304.268463 -0.114547 0.992609 -0.040084 -0.419755 -0.011790 0.907561 -0.900380 -0.120783 -0.418003
-4.438001 -26.590411 466.800878 624.880363 0.126448 0.978887 0.160595 -0.811279 0.008890 0.584592 -0.570822 0.204208 -0.795275
-4.929886 -36.074892 106.120570 1204.701136 -0.169913 0.960209 0.221649 -0.741325 -0.272735 0.613232 -0.649282 0.060118 -0.758168
-6.728081 -30.893724 97.391551 1328.498673 -0.403975 0.870132 0.282266 -0.433845 -0.453898 0.778303 -0.805346 -0.191956 -0.560866
3.443516 -5.841940 70.229724 32.928152 0.076997 0.964362 -0.253134 0.856879 0.065795 0.511301 -0.509735 0.256274 0.821276
3.771665 -6.076589 -26.582688 29.095203 0.043642 0.984577 -0.169418 0.837039 0.056542 0.544214 -0.545401 0.165560 0.821662
3.124596 -6.360602 67.268060 16.895542 0.082222 0.965808 -0.245876 0.790939 0.086864 0.605698 -0.606345 0.244275 0.756753
3.519696 -5.305911 12.998692 42.929441 0.045570 0.977465 -0.206120 0.897118 0.050721 0.438870 -0.439435 0.204913 0.874590
2.663624 -5.162627 89.400671 49.026366 0.075532 0.951595 -0.297930 0.903778 0.060901 0.423647 -0.421285 0.301262 0.855430
8.655913 -4.557085 264.136914 -53.052589 -0.183287 0.924195 0.335065 0.938129 0.062571 0.340587 0.293804 0.376759 -0.878483
2.722683 -2.634360 140.155177 -34.457122 -0.265881 0.889466 0.371696 0.920617 0.119906 0.371600 0.285957 0.440991 -0.850738
6.308054 -3.650165 256.870179 2.851566 -0.038896 0.903881 0.426011 0.961371 -0.082410 0.262630 0.272494 0.419770 -0.865760
-12.465849 -287.608421 -136.047565 11961.359718 0.012520 -0.016365 -0.999788 0.960196 -0.278835 0.016588 -0.279048 -0.960199 0.012222
-5.355100 -96.585334 172.883641 3691.822740 0.337838 -0.012770 -0.941118 0.904280 -0.272920 0.328317 -0.261043 -0.961952 -0.080655
-4.419570 -65.895565 49.162350 2533.242309 0.238829 -0.053416 -0.969591 0.964958 -0.098721 0.243126 -0.108705 -0.993681 0.027967
-15.922227 -154.643273 -553.847571 6295.425111 -0.143502 -0.071045 -0.987097 0.982866 -0.126818 -0.133760 -0.115678 -0.989379 0.088026
-3.908788 -7.558901 39.398884 -96.800482 0.021116 0.945150 0.325952 0.631267 0.240212 -0.737428 0.775278 -0.221335 0.591570
-4.377174 -8.738927 51.271640 -79.704955 0.039776 0.914016 0.403723 0.555757 0.315542 -0.769134 0.830393 -0.254965 0.495420
-3.618753 -9.740268 11.561417 -134.056814 0.048430 0.946419 0.319288 0.520328 0.248957 -0.816871 0.852592 -0.205695 0.480392
-4.472203 -5.924953 87.757031 -103.437685 0.098706 0.949018 0.299371 0.673745 0.157666 -0.721948 0.732342 -0.272960 0.623833
-3.352557 -8.518801 3.465032 -163.265984 0.023098 0.963362 0.267208 0.603666 0.199613 -0.771843 0.796902 -0.179133 0.576938
-3.598000 -5.021534 57.339578 -65.592033 0.032265 0.956846 0.288800 0.719611 0.178288 -0.671098 0.693627 -0.229477 0.682804
-3.473971 -6.229221 17.652463 -111.228892 -0.008926 0.955710 0.294174 0.673671 0.223153 -0.704536 0.738978 -0.191888 0.645826
-1.189955 -4.740584 37.376969 56.449901 -0.044584 0.998580 -0.029155 -0.428814 -0.045488 -0.902247 0.902292 0.027723 -0.430233
-0.696056 -4.964891 70.044869 50.853438 -0.092908 0.993649 -0.063480 -0.398499 -0.095536 -0.912179 0.912451 0.059452 -0.404845
-1.474350 -5.537430 50.150256 32.917876 -0.056241 0.997777 -0.035763 -0.327031 -0.052253 -0.943568 0.943338 0.041372 -0.329243
-0.816354 -3.852917 66.191224 64.655873 -0.083742 0.994743 -0.058946 -0.486599 -0.092442 -0.868721 0.869602 0.044066 -0.491782
-1.147994 -5.248233 -39.191269 52.282357 0.001110 0.999118 -0.041969 -0.370947 -0.038563 -0.927853 0.928653 -0.016599 -0.370577
-0.788956 -4.267468 -53.555582 68.554859 0.020656 0.998390 -0.052833 -0.463319 -0.037268 -0.885408 0.885951 -0.042768 -0.461803
-1.193627 -3.730945 26.737546 73.073981 -0.026476 0.999262 -0.027828 -0.501633 -0.037360 -0.864273 0.864675 0.008923 -0.502252
10.685961 -15.141953 -392.439602 -265.460051 0.708657 -0.476551 0.520293 -0.302481 0.461017 0.834247 0.637425 0.748574 -0.182555
10.377917 -11.366844 -358.864858 -229.960598 0.758347 -0.478665 0.442481 -0.156127 0.525671 0.836238 0.632877 0.703242 -0.323908
12.260020 -12.457538 161.843537 168.943075 -0.532085 0.653335 -0.538553 0.208617 -0.515297 -0.831233 0.820588 0.554638 -0.137885
12.041097 -16.554778 282.222174 208.348937 -0.531329 0.607571 -0.590379 0.449067 -0.388931 -0.804408 0.718351 0.692524 0.066190
-1.891347 -3.684922 34.008407 -80.436230 -0.075861 0.989353 -0.124197 -0.631694 -0.144057 -0.761715 0.771497 -0.020670 -0.635897
-2.173502 -4.311321 -21.652243 -72.023377 -0.093077 0.968525 -0.230859 -0.664370 -0.233113 -0.710120 0.741585 -0.087280 -0.665157
-2.229878 -5.301731 42.950190 -83.019887 -0.017614 0.998041 -0.060027 -0.708906 -0.054803 -0.703171 0.705083 -0.030168 -0.708482
-1.331975 -4.537601 62.006778 -86.096272 -0.033104 0.999445 0.003649 -0.671796 -0.019548 -0.740478 0.739996 0.026964 -0.672071
-1.719384 -6.038426 65.123410 -81.041325 -0.018679 0.999823 -0.002338 -0.748699 -0.015537 -0.662728 0.662647 0.010629 -0.748856
1.234234 -16.156236 0.083397 -124.805936 0.073756 0.968267 -0.238787 0.685817 -0.223080 -0.692741 0.724027 0.112670 0.680507
1.711933 -15.416670 14.333169 -109.074100 0.046061 0.978034 -0.203292 0.786321 -0.161013 -0.596468 0.616098 0.132378 0.776466
1.782883 -16.132406 8.895029 19.585520 0.045345 0.967223 -0.249847 0.824521 -0.177444 -0.537289 0.564012 0.181641 0.805541
1.196444 -16.426401 13.186445 -99.705473 0.069679 0.955194 -0.287661 0.694666 -0.253416 -0.673216 0.715950 0.152919 0.681198
1.460916 -16.105834 12.380149 -34.956634 0.054479 0.951851 -0.301681 0.769982 -0.232408 -0.594235 0.635736 0.199915 0.745569
1.818960 -16.198389 10.851940 13.821206 0.041594 0.958977 -0.280414 0.912484 -0.150784 -0.380313 0.406993 0.240055 0.881323
-1.691165 -12.959137 -18.700995 41.665745 0.174900 0.981971 -0.071711 0.587508 -0.162533 -0.792728 0.790091 -0.096517 0.605343
-1.921231 -12.345008 -2.388131 30.140344 0.144330 0.981430 -0.126349 0.474059 -0.180659 -0.861760 0.868583 -0.064481 0.491330
-2.050471 -12.949475 -6.032911 27.934968 0.140492 0.984014 -0.109449 0.658801 -0.175432 -0.731577 0.739083 -0.030676 0.672916
-2.157764 -12.813693 1.037829 46.907033 0.117526 0.981379 -0.151929 0.566758 -0.191911 -0.801221 0.815459 -0.008057 0.578759
-1.842588 -13.360183 -26.108318 20.427834 0.159378 0.985897 -0.051046 0.756960 -0.155233 -0.634755 0.633727 -0.062526 0.771025
-2.343684 -13.379724 -0.298734 38.797854 0.113752 0.982534 -0.147265 0.739391 -0.182727 -0.648006 0.663597 0.035175 0.747263
-2.154372 -13.351421 -2.920351 29.970139 0.132088 0.985494 -0.106557 0.785472 -0.169634 -0.595195 0.604637 0.005079 0.796485
2.622220 -11.750864 16.600213 170.155558 0.095316 0.943533 -0.317271 -0.928120 0.199459 0.314341 -0.359873 -0.264504 -0.894723
2.035420 -14.114093 25.168764 258.585585 0.090287 0.959730 -0.266019 -0.962624 0.152584 0.223771 -0.255350 -0.235873 -0.937636
2.122143 -10.038159 25.470001 83.405463 0.152309 0.951035 -0.268952 -0.898407 0.246640 0.363364 -0.411906 -0.186285 -0.891982
2.654764 -9.381676 2.452875 10.755826 0.133674 0.934644 -0.329502 -0.850813 0.278726 0.445453 -0.508181 -0.220799 -0.832466
1.746692 -9.000706 44.407726 -35.120192 0.224644 0.946031 -0.233581 -0.850657 0.307313 0.426545 -0.475307 -0.102877 -0.873785
2.417470 -10.100092 34.184187 -57.657708 0.194528 0.943740 -0.267422 -0.809075 0.308514 0.500217 -0.554578 -0.119058 -0.823571
9.230513 -18.559033 328.911146 -429.797766 -0.352079 0.915803 -0.193250 -0.903004 -0.386674 -0.187260 0.246218 -0.108575 -0.963114
9.858875 -26.705114 474.595679 511.993887 -0.228025 0.970067 -0.083512 0.973153 0.224312 -0.051555 -0.031279 -0.093025 -0.995172
98.896781 -23.095591 5048.020325 -159.507996 -0.690544 0.722854 0.025110 -0.696258 -0.673738 0.247593 -0.195891 -0.153491 -0.968539
244.406189 -27.755190 -14308.404059 490.703876 0.990752 0.004810 0.135600 0.029181 0.968433 -0.247561 0.132510 -0.249229 -0.959336
3.004483 -6.761095 -42.149311 10.742915 0.079846 0.989350 0.121703 0.288374 0.093946 -0.952898 0.954183 -0.111181 0.277801
3.167541 -6.570783 -31.018241 11.520601 0.039884 0.997701 0.054791 0.228270 0.044286 -0.972590 0.972781 -0.051298 0.225979
2.343006 -6.486272 -37.991816 15.847338 0.078434 0.990087 0.116514 0.148996 0.103920 -0.983362 0.985722 -0.094489 0.139369
1.601266 -6.281493 -32.403970 21.314095 0.107871 0.980899 0.161868 0.064601 0.155558 -0.985712 0.992064 -0.116786 0.046587
1.941171 -6.550043 -32.354560 12.551595 0.113475 0.975798 0.186929 0.208877 0.160509 -0.964680 0.971336 -0.148513 0.185608
1.846529 -6.205135 -28.185979 11.769775 0.069954 0.992820 0.097035 0.017791 0.096016 -0.995221 0.997392 -0.071346 0.010947
0.514507 -22.324683 -11.885098 -424.308452 -0.351776 0.903389 0.245240 -0.785730 -0.427361 0.447203 -0.508804 0.035377 -0.860155
1.278105 -17.679425 19.889699 -349.045712 -0.304451 0.932259 0.195455 -0.886743 -0.352328 0.299252 -0.347845 0.082210 -0.933941
1.132768 -15.684183 49.537825 -161.857583 -0.338778 0.894776 0.290870 -0.889945 -0.405071 0.209557 -0.305330 0.187865 -0.933531
0.526356 -20.192073 35.973985 -410.663238 -0.349870 0.891576 0.287547 -0.816248 -0.440757 0.373460 -0.459706 0.104048 -0.881955
0.246105 -50.181431 53.258673 514.167416 0.341681 -0.836001 -0.429368 0.938536 0.327363 0.109474 0.049039 -0.440382 0.896470
0.363249 -44.937245 -1.993035 283.480029 0.281175 -0.868603 -0.408007 0.914384 0.371536 -0.160818 0.291276 -0.327857 0.898704
-0.237995 -46.518466 -2.509528 326.296637 0.340576 -0.844949 -0.412394 0.933493 0.251516 0.255599 -0.112244 -0.472018 0.874414
-0.393821 -44.160093 -6.089939 4.255644 0.352795 -0.838977 -0.414310 0.802907 0.044060 0.594474 -0.480496 -0.542380 0.689164
0.016692 -45.209810 2.625221 -50.263932 0.358362 -0.841978 -0.403299 0.799690 0.053934 0.597986 -0.481739 -0.536809 0.692649
-0.167203 -41.917647 10.794735 541.884620 0.346431 -0.834337 -0.428797 0.931609 0.252420 0.261511 -0.109951 -0.490066 0.864723
-3.751928 -9.223718 81.193179 48.956119 0.394457 0.728300 0.560341 -0.549617 0.675679 -0.491303 0.736427 0.114175 -0.666813
-2.211573 -9.251027 53.812611 107.479237 0.355081 0.727560 0.587004 -0.621730 0.652714 -0.432917 0.698119 0.211237 -0.684112
-2.668561 -9.643786 70.088843 9.335208 0.343992 0.751499 0.562956 -0.457453 0.657709 -0.598461 0.820004 0.051660 -0.570022
-4.021055 -8.753392 81.353018 -66.496514 0.378276 0.785735 0.489416 -0.411190 0.616305 -0.671633 0.829355 -0.052819 -0.556220
-1.823618 -9.520043 49.270126 -95.727713 0.317843 0.781333 0.537117 -0.300166 0.620277 -0.724677 0.899375 -0.069110 -0.431680
-2.830142 -8.461109 69.888331 -103.257111 0.324366 0.819191 0.472983 -0.311048 0.564581 -0.764524 0.893329 -0.100865 -0.437938
-0.935917 -10.429722 -20.014182 7.177822 0.015560 -0.997435 -0.069861 0.999809 0.014693 0.012917 -0.011857 -0.070049 0.997473
-0.913881 -10.959815 3.996103 2.299505 0.008450 -0.994233 -0.106912 0.999440 0.011858 -0.031282 0.032370 -0.106587 0.993776
-0.993785 -10.606150 21.006256 21.372302 0.024989 0.996699 0.077243 0.988081 -0.012885 -0.153396 0.151894 -0.080155 0.985141
1.807887 -23.433310 -30.085048 98.824015 0.172181 0.985065 0.000782 0.698816 -0.121587 -0.704892 0.694270 -0.121915 0.709314
1.172783 -22.657024 -15.764731 194.265729 0.219498 0.975604 -0.004198 0.708153 -0.162282 -0.687157 0.671074 -0.147857 0.726497
1.078712 -35.797494 -38.579530 830.037041 0.169363 0.985308 0.021994 0.868145 -0.138586 -0.476570 0.466520 -0.099807 0.878862
1.938445 -36.732152 1.481572 979.694805 0.176259 0.984239 -0.014372 0.846332 -0.158986 -0.508375 0.502647 -0.077442 0.861016
1.894800 -21.995587 17.115917 58.011688 0.086796 0.996209 -0.005864 0.661227 -0.062011 -0.747618 0.745147 -0.061013 0.664103
1.311984 -38.548734 -44.003590 972.321020 0.142163 0.989458 0.027619 0.876469 -0.112865 -0.468042 0.459991 -0.090745 0.883274
-3.082492 -23.041076 126.399045 1047.738319 0.512631 -0.112873 -0.851157 -0.047382 0.986092 -0.159304 0.857300 0.121994 0.500153
-0.899509 -92.788536 87.636138 3522.765265 0.536644 -0.045309 -0.842592 0.078355 0.996919 -0.003704 0.840163 -0.064033 0.538540
4.033005 -104.345705 458.082959 5079.326735 0.501421 0.095915 -0.859871 -0.176703 0.984241 0.006747 0.846967 0.148559 0.510468
-0.823651 -11.289936 55.817999 77.914398 0.466102 -0.523253 -0.713411 0.116066 0.835554 -0.537008 0.877085 0.167497 0.450186
-0.357451 -5.512594 26.912549 54.619308 -0.154826 0.985819 0.064734 -0.851633 -0.099965 -0.514517 0.500749 0.134790 -0.855033
-0.565219 -6.984046 35.666582 52.327782 -0.055378 0.989814 0.131157 -0.787439 0.037469 -0.615252 0.613900 0.137349 -0.777343
-0.793456 -6.410341 27.738250 50.153705 -0.143239 0.987650 0.063479 -0.854297 -0.091007 -0.511755 0.499658 0.127533 -0.856783
-8.980746 -11.612361 68.863324 97.133216 0.247850 0.939814 0.235201 -0.903924 0.311681 -0.292876 0.348557 0.140015 -0.926771
-4.799335 -9.838868 -170.886494 -0.343726 0.167100 0.985934 -0.003446 -0.946434 0.159424 -0.280797 0.276298 -0.050182 -0.959761
-3.893652 -10.985371 -178.179188 247.995396 0.314968 0.949100 -0.002154 -0.948898 0.314852 -0.021488 0.019716 -0.008812 -0.999767
-7.472951 -11.341863 -41.011690 -18.656684 -0.358493 0.858129 0.367555 -0.720461 -0.003946 -0.693485 0.593649 0.513418 -0.619663
-7.525446 -11.203851 -43.947994 -30.443130 -0.350830 0.874230 0.335620 -0.581052 0.077837 -0.810136 0.734369 0.479232 -0.480665
3.489094 -11.791670 160.485885 221.596637 -0.613453 0.591195 0.523607 0.615937 0.773130 -0.151302 -0.494265 0.229692 -0.838417
6.960423 -11.395730 206.488063 -51.551842 -0.642920 0.531707 0.551309 0.390227 0.846751 -0.361573 -0.659072 -0.017327 -0.751880
5.614028 -10.527915 -59.497187 -73.791580 -0.813703 0.397179 0.424424 0.282247 0.908269 -0.308843 -0.508157 -0.131514 -0.851164
0.001835 -4.654098 0.055889 64.163396 -0.005329 0.987689 0.156341 0.982463 -0.023969 0.184913 -0.186384 -0.154584 0.970240
-0.108685 -3.066065 0.485828 115.099734 0.013083 -0.988237 -0.152369 0.989056 -0.009606 0.147228 -0.146960 -0.152628 0.977296
0.106824 -4.766023 1.925723 0.453846 -0.078874 0.986854 0.141064 0.946503 0.029718 0.321325 -0.312909 -0.158862 0.936403
-0.261808 -1.461439 4.709480 150.055500 0.047731 -0.985971 -0.159944 0.994232 0.031499 0.102525 -0.096049 -0.163915 0.981787
0.093683 -3.820019 6.319210 73.441580 -0.135817 0.982510 0.127386 0.960062 0.098774 0.261771 -0.244611 -0.157851 0.956686
-0.041904 -8.320043 4.709995 -33.975855 0.027769 0.996027 -0.084615 0.523767 0.057599 0.849912 -0.851409 0.067920 0.520087
-0.365541 -9.045249 17.560455 -34.237484 0.055608 0.996487 -0.062620 0.623841 0.014292 0.781420 -0.779570 0.082518 0.620855
-0.406721 -9.382130 11.543548 -21.056258 0.083249 0.995979 -0.033102 0.766139 -0.042725 0.641254 -0.637261 0.078744 0.766615
2.323780 -15.039560 43.774489 -61.641493 0.298396 0.897226 -0.325492 0.621197 -0.441479 -0.647464 0.724620 0.008994 0.689090
1.346875 -14.058721 48.822862 38.485524 0.277256 0.900939 -0.333825 0.769195 -0.416335 -0.484773 0.575734 0.122370 0.808428
1.050415 -14.417496 50.810506 -41.886484 0.225004 0.916579 -0.330540 0.665423 -0.392357 -0.635034 0.711748 0.077064 0.698194
0.213898 -13.995378 47.419501 44.569455 0.215901 0.919462 -0.328596 0.798253 -0.360014 -0.482890 0.562298 0.158046 0.811691
0.503144 -14.863166 37.782346 99.152817 0.263070 0.908490 -0.324716 0.885336 -0.361067 -0.292935 0.383372 0.210420 0.899305
-1.223018 -7.258573 22.132112 209.170911 0.297010 0.922877 -0.245117 -0.392213 -0.116138 -0.912513 0.870606 -0.367164 -0.327470
-1.083966 -5.752354 9.821339 -10.624371 0.321827 0.916648 -0.237031 -0.417849 -0.087142 -0.904327 0.849605 -0.390080 -0.354976
-0.986373 -5.699981 -25.049515 -95.218891 0.326185 0.910588 -0.253834 -0.396864 -0.111799 -0.911043 0.857964 -0.397906 -0.324912
-6.214241 -13.698795 82.352632 -112.249691 0.787486 0.535176 0.305700 -0.534207 0.345303 0.771614 -0.307391 0.770942 -0.557816
-3.379687 -10.651273 137.061889 -175.969645 0.880782 0.340230 0.329344 -0.471016 0.558020 0.683197 -0.048663 0.756873 -0.651747
-5.547978 -10.945611 106.049180 -164.060634 0.860645 0.438245 0.259291 -0.491792 0.583351 0.646408 -0.132027 0.683845 -0.717583
82.314342 -4.404376 3868.007924 -108.117855 0.636132 0.759529 -0.135837 0.419411 -0.488154 -0.765375 0.647635 -0.429908 0.629086
28.093112 -2.429493 1419.239547 -198.044330 0.503128 0.848620 -0.163423 0.545324 -0.458449 -0.701745 0.670436 -0.263949 0.693431
187.112690 -8.739810 8851.692964 -2.813416 0.480760 0.840784 -0.248903 0.462837 -0.484420 -0.742374 0.744749 -0.241702 0.622036
137.074587 -13.691299 5679.876054 109.570359 0.612370 0.789251 -0.045667 0.407453 -0.364584 -0.837294 0.677484 -0.494127 0.544843
-0.835241 -10.282459 -4.528823 -13.634116 0.152175 0.988058 0.024180 0.920988 -0.150638 0.359289 -0.358641 0.032406 0.932913
-0.646762 -9.740554 7.916744 -27.746752 0.180871 0.983405 0.014187 0.949538 -0.178364 0.258001 -0.256250 0.033194 0.966040
-0.806068 -10.410543 -10.306414 8.207708 0.193093 0.980153 0.044884 0.969267 -0.197656 0.146473 -0.152438 -0.015222 0.988196
-0.198976 -15.780800 38.713912 -93.383458 0.182792 0.979647 -0.082934 0.669606 -0.185818 -0.719097 0.719872 -0.075912 0.689943
-0.889118 -16.904963 41.309072 -72.141904 0.215708 0.970429 -0.108339 0.540934 -0.211130 -0.814134 0.812933 -0.117011 0.570480
-0.402157 -16.139149 25.876585 -173.512364 0.198740 0.977815 -0.066185 0.739485 -0.193933 -0.644633 0.643167 -0.079171 0.761622
1.134746 -27.539314 35.558984 -27.855238 -0.225452 -0.968902 -0.101984 0.969639 -0.212975 -0.120173 0.094716 -0.125981 0.987501
1.292699 -28.620171 -5.066659 -104.644495 -0.199422 -0.978519 -0.052274 0.979740 -0.198099 -0.029419 0.018432 -0.057082 0.998199
1.615857 -28.100720 -38.322779 -10.958032 0.212728 0.971199 0.107326 0.902382 -0.153140 -0.402809 0.374772 -0.182537 0.908970
-4.062413 -10.678806 52.319841 140.048871 0.750978 0.529973 0.393905 -0.134276 -0.461502 0.876918 -0.646531 0.711438 0.275415
-4.564563 -12.877251 73.829455 131.138965 0.766391 0.500065 0.403211 -0.276455 -0.309828 0.909714 -0.579842 0.808667 0.099204
-5.606442 -12.761779 25.271648 159.260369 0.719921 0.640453 0.267458 -0.135369 -0.248385 0.959156 -0.680727 0.726722 0.092120
-6.220918 -14.100113 47.635272 114.585865 0.738973 0.602460 0.301596 -0.305085 -0.099896 0.947071 -0.600701 0.791873 -0.109982
-4.808235 -10.523164 20.775823 138.057848 0.708054 0.659112 0.253440 0.004012 -0.362648 0.931918 -0.706147 0.658831 0.259419
-6.587851 -14.644896 -21.698230 123.739398 0.671511 0.726438 0.146156 -0.211390 -0.001242 0.977401 -0.710202 0.687231 -0.152728
-5.777343 -12.744116 -7.806825 144.650595 0.644693 0.757180 0.105115 -0.011899 -0.127550 0.991761 -0.764349 0.640632 0.073221
-3.142351 -15.580721 54.968923 112.572772 -0.089797 0.928328 0.360755 -0.505265 -0.354607 0.786741 -0.858280 0.111630 -0.500894
-3.284533 -13.199142 83.756373 172.660913 -0.120682 0.919484 0.374147 -0.290125 -0.393115 0.872518 -0.949349 0.003252 -0.314207
-8.738686 -19.265839 3.907755 260.745202 -0.254361 0.673671 0.693879 0.106008 0.732575 -0.672381 -0.961282 -0.097471 -0.257753
0.804101 -26.742620 27.593330 179.500094 0.191241 0.980539 -0.044389 -0.932882 0.167511 -0.318860 0.305219 -0.102389 -0.946762
0.581012 -27.706580 -2.677600 -92.411689 0.178558 0.980763 -0.078879 -0.856202 0.115378 -0.503594 0.484805 -0.157457 -0.860332
0.263712 -26.953974 14.407917 -368.848610 0.180992 0.982280 -0.048656 -0.755077 0.107088 -0.646831 0.630159 -0.153811 -0.761079
1.854720 -6.435493 124.190390 8.748887 0.096197 0.946697 -0.307425 0.746944 0.135482 0.650937 -0.657891 0.292248 0.694097
2.671328 -6.631451 79.872293 9.438786 0.092006 0.967611 -0.235082 0.696401 0.106216 0.709749 -0.711731 0.229012 0.664073
1.082569 -6.462191 110.142280 -0.955111 0.108268 0.950871 -0.290038 0.634945 0.158349 0.756155 -0.764933 0.266025 0.586607
0.383484 -6.413328 96.771377 -0.883396 0.069763 0.936443 -0.343814 0.702285 0.198670 0.683613 -0.708470 0.289146 0.643790
0.588804 -6.344898 94.586191 15.661753 0.058185 0.935372 -0.348845 0.787343 0.171840 0.592083 -0.613764 0.309111 0.726460
-0.154021 -6.454159 13.341783 -16.281178 0.284962 0.873254 0.395251 0.431690 -0.485081 0.760487 -0.855827 0.046084 0.515205
-0.311973 -5.651164 16.826368 -23.767958 0.285349 0.877712 0.384964 0.363954 -0.470810 0.803664 -0.886630 0.089215 0.453792
-0.622877 -6.206960 20.608181 16.799187 0.241869 0.934893 0.259758 0.382689 -0.337917 0.859861 -0.891655 0.108567 0.439504
-0.456256 -5.117631 29.448724 -4.694698 0.252844 0.935640 0.246268 0.300920 -0.317965 0.899080 -0.919520 0.153220 0.361949
-0.817506 -5.581414 32.098591 -0.555408 0.224868 0.961229 0.159603 0.249765 -0.215188 0.944093 -0.941834 0.172433 0.288470
-2.423928 -13.197313 -16.548304 -25.585456 0.143885 0.989499 -0.013708 0.985454 -0.144535 -0.089382 0.090425 0.000648 0.995903
-2.088593 -13.137436 -10.752998 -38.226455 0.156426 0.987641 0.009786 0.984786 -0.155199 -0.078166 0.075681 -0.021864 0.996892
-2.550644 -13.996830 1.460096 -74.802797 0.179692 0.983688 -0.008344 0.941354 -0.174409 -0.288851 0.285594 -0.044050 0.957338
-2.044334 -12.840400 -17.885757 2.342039 0.137051 0.990481 0.012785 0.984764 -0.137632 0.106292 -0.107040 0.001977 0.994253
3.416595 0.583975 -229.802024 -1.680888 0.895890 0.031949 0.443125 -0.094460 0.988304 0.119717 -0.434117 -0.149111 0.888430
3.790647 0.489850 -22.701572 3.865980 0.963072 -0.015272 0.268810 -0.025296 0.988841 0.146808 -0.268053 -0.148187 0.951939
3.865442 0.704345 40.393051 -6.039025 0.984732 0.022721 0.172591 -0.048209 0.988263 0.144958 -0.167271 -0.151065 0.974269
-3.680510 -9.847563 16.684957 -78.765808 0.068307 0.920046 0.385810 0.431832 0.321344 -0.842769 0.899364 -0.224172 0.375355
-4.075689 -9.838374 25.908240 -35.734996 0.062653 0.868737 0.491294 0.416375 0.424623 -0.803945 0.907032 -0.254932 0.335117
-5.053134 -6.949231 58.624991 -104.894195 0.009209 0.866894 0.498407 0.645485 0.375521 -0.665081 0.763718 -0.327839 0.556108
-4.836031 -9.158255 25.958971 -55.369154 0.029893 0.827446 0.560750 0.549345 0.455079 -0.700802 0.835061 -0.328994 0.440949
-0.771756 -5.693775 70.004907 27.800308 -0.093285 0.993209 -0.069521 -0.288561 -0.093799 -0.952856 0.952906 0.068826 -0.295352
0.204401 -5.267217 45.834331 43.970178 -0.079562 0.993760 -0.078171 -0.351264 -0.101339 -0.930776 0.932890 0.046596 -0.357135
0.007604 -4.141408 45.560509 58.473620 -0.089528 0.992124 -0.087607 -0.457035 -0.119076 -0.881442 0.884931 0.038874 -0.464096
4.767574 -11.250419 -206.247188 -301.433728 0.831251 -0.437795 0.342574 -0.093433 0.497457 0.862442 0.547988 0.748914 -0.372607
8.261169 -7.272221 -240.321165 -169.170768 0.810107 -0.481790 0.334072 -0.013769 0.554023 0.832387 0.586120 0.678923 -0.442185
3.361599 -7.907160 -49.584034 -238.109355 0.829345 -0.484734 0.277884 0.028191 0.533012 0.845638 0.558025 0.693492 -0.455716
1.096454 -14.679051 9.149657 -119.980165 0.082377 0.975913 -0.202010 0.609280 -0.209723 -0.764719 0.788665 0.060085 0.611880
1.709924 -14.951279 -5.190916 -138.258529 0.068584 0.988265 -0.136489 0.772424 -0.139187 -0.619668 0.631393 0.062928 0.772905
-1.818621 -12.269179 -12.779525 46.583190 0.177009 0.978847 -0.102595 0.403448 -0.167245 -0.899588 0.897718 -0.117843 0.424518
-1.872199 -12.113549 -1.572077 16.223095 0.155379 0.977759 -0.140869 0.265114 -0.178643 -0.947524 0.951615 -0.109879 0.286975
-1.987427 -12.151926 -1.036857 21.547881 0.126006 0.979997 -0.154042 0.365327 -0.190208 -0.911239 0.922311 -0.058546 0.381987
2.730577 -16.307012 33.629920 -348.472450 0.052043 0.950076 -0.307647 0.977992 -0.110816 -0.176779 -0.202045 -0.291676 -0.934935
2.213570 -17.983498 27.483392 -282.501251 0.048526 0.954223 -0.295133 0.998800 -0.048300 0.008059 -0.006565 -0.295170 -0.955422
7.412583 -29.911351 345.345405 665.392523 -0.095176 0.994803 -0.036165 -0.899812 -0.070436 0.430554 -0.425770 -0.073521 -0.901840
2.001591 -39.380179 54.113056 744.260053 0.029976 0.992480 -0.118680 0.997307 -0.021746 0.070037 0.066930 -0.120460 -0.990459
1.430833 -38.838891 3.565164 -1051.750006 0.022563 0.996721 -0.077699 -0.883691 -0.016461 -0.467781 0.467526 -0.079217 -0.880423
0.771475 -35.416850 14.427723 -561.440796 0.014760 0.998861 -0.045374 -0.994615 0.010011 -0.103152 0.102580 -0.046652 -0.993630
0.529197 -33.754298 3.008994 625.512849 0.021035 0.993867 -0.108563 -0.908446 0.064343 0.413021 -0.417473 -0.089936 -0.904228
3.711237 -6.824214 -29.237544 13.176678 0.039528 0.997126 0.064632 0.344322 0.047128 -0.937668 0.938019 -0.059318 0.341470
3.421769 -6.804392 13.315740 16.181594 -0.009398 0.999946 0.004390 0.298956 0.006998 -0.954241 0.954221 0.007655 0.299005
2.831941 -6.508239 4.106241 12.549328 -0.011627 0.999914 -0.006145 0.165935 -0.004130 -0.986128 0.986068 0.012486 0.165873
-0.469133 -33.002044 -33.481603 239.794893 -0.369460 0.887822 0.274354 0.172453 -0.224606 0.959068 -0.913104 -0.401651 0.070125
-0.468052 -31.180140 52.784783 192.773383 -0.294690 0.920050 0.258197 0.219226 -0.197899 0.955393 -0.930106 -0.338148 0.143380
-0.285225 -32.782030 28.572624 501.751772 -0.301401 0.916892 0.261663 0.540450 -0.061807 0.839103 -0.785539 -0.394322 0.476905
-0.401441 -31.433590 50.072357 -341.959328 -0.311705 0.909059 0.276499 -0.230303 -0.354601 0.906211 -0.921846 -0.218792 -0.319890
-0.519347 -33.462704 -75.084279 627.786482 -0.355163 0.893319 0.275391 0.557156 -0.034267 0.829701 -0.750624 -0.448115 0.485548
-0.636179 -27.151166 -78.238820 213.047759 -0.355568 0.894695 0.270356 0.297862 -0.165706 0.940117 -0.885917 -0.414804 0.207576
-0.780570 -27.850573 -62.194253 84.115357 -0.343887 0.907107 0.242689 0.000085 -0.258422 0.966032 -0.939011 -0.332227 -0.088791
0.404965 -47.060636 -75.930034 -414.363642 -0.262086 0.865909 0.426044 0.891991 0.385857 -0.235513 0.368325 -0.318303 0.873510
0.663936 -41.299266 10.041415 284.625156 -0.250393 0.884593 0.393444 0.751290 0.433857 -0.497324 0.610628 -0.171064 0.773221
0.429879 -37.130798 -3.368651 164.841166 -0.261610 0.875080 0.407181 0.797960 0.433429 -0.418808 0.542974 -0.215350 0.811667
93.778030 -99.088673 5106.786690 4321.140929 -0.068730 -0.447632 -0.891573 0.203138 0.868684 -0.451800 0.976735 -0.212165 0.031227
29.112520 -18.719097 -1112.016228 654.843871 0.082565 -0.220660 -0.971850 0.365374 0.913979 -0.176479 0.927192 -0.340517 0.156086
168.982082 -344.487993 -8826.068286 -15486.219233 0.360547 0.899873 -0.245426 0.082964 -0.293020 -0.952500 0.929044 -0.323059 0.180305
1.032290 -24.982579 -18.088486 -303.801470 0.254453 0.966990 0.013545 0.333322 -0.074545 -0.939862 0.907827 -0.243666 0.341287
0.586652 -22.520176 -12.783602 37.488191 0.259752 0.965628 0.009520 0.558523 -0.142185 -0.817212 0.787769 -0.217589 0.576259
1.051006 -22.159657 -5.497475 58.503484 0.235524 0.971791 -0.012256 0.554138 -0.144640 -0.819762 0.798410 -0.186282 0.572573
-4.643643 -42.948441 125.386596 1662.860553 0.562011 -0.084884 -0.822763 -0.036967 0.991149 -0.127507 0.826303 0.102075 0.553898
-3.281980 -57.702145 131.426042 2149.770619 0.560657 -0.036255 -0.827254 0.193998 0.976987 0.088662 0.805002 -0.210195 0.554788
-1.630352 -36.201579 110.262201 475.451792 0.549016 -0.022199 -0.835517 0.529093 0.783086 0.326859 0.647026 -0.621517 0.441672
0.143066 -38.724584 51.491445 -389.520822 0.561406 -0.072196 -0.824385 -0.550287 -0.776594 -0.306734 0.618068 -0.625851 0.475713
0.706354 -2.842657 -2.065610 -58.703428 0.045366 0.998552 0.028894 -0.607345 0.050534 -0.792830 0.793142 -0.018419 -0.608758
0.359762 -2.361545 34.663895 -54.223687 0.003975 0.999569 0.029079 -0.598488 0.025675 -0.800721 0.801122 0.014221 -0.598332
0.435974 -3.638544 21.112305 -76.994593 0.029566 0.998468 0.046763 -0.638783 0.054857 -0.767428 0.768818 0.007182 -0.639427
0.538750 -4.024504 -13.503352 -77.731682 0.073462 0.995954 0.051761 -0.647152 0.087096 -0.757370 0.758814 -0.022141 -0.650931
-9.303244 -11.453041 143.980405 5.072611 -0.163630 0.970262 0.178372 -0.865194 -0.054268 -0.498492 0.473988 0.235895 -0.848345
-7.735428 -11.289555 25.870277 49.111432 -0.222624 0.949980 0.219034 -0.906160 -0.118764 -0.405917 0.359599 0.288846 -0.887275
2.440854 -11.932584 176.221237 135.367829 -0.539645 0.650465 0.534490 0.595660 0.743649 -0.303603 -0.594956 0.154537 -0.788762
1.048748 -9.932444 109.665475 205.157199 -0.571492 0.625542 0.531125 0.707053 0.703864 -0.068198 -0.416501 0.336559 -0.844544
0.177851 -3.203577 9.330484 181.052492 -0.033197 -0.984020 -0.174935 0.995546 -0.048009 0.081133 -0.088235 -0.171463 0.981231
2.980075 -6.923364 -14.073699 6.283932 0.050671 0.987712 -0.147845 0.643946 0.080843 0.760788 -0.763391 0.133754 0.631937
3.260415 -6.583620 -18.340906 16.337494 0.040226 0.987219 -0.154209 0.754958 0.071070 0.651910 -0.654538 0.142645 0.742450
2.548356 -7.236753 -90.919501 11.068403 0.003332 0.996746 -0.080534 0.593099 0.062871 0.802671 -0.805122 0.050439 0.590960
0.019614 -7.688419 -6.416150 -19.725057 0.014287 0.996234 -0.085517 0.411801 0.072073 0.908419 -0.911162 0.048195 0.409220
0.019912 -7.718349 -1.652922 -19.256026 0.024895 0.997380 -0.067922 0.429094 0.050705 0.901836 -0.902917 0.051596 0.426707
2.674760 -13.187230 -28.435178 71.870056 0.385860 0.901493 -0.196016 0.880259 -0.423361 -0.214266 0.276144 0.089868 0.956905
-1.362010 -11.173360 27.710606 341.145226 0.286929 0.935782 -0.204899 -0.268843 -0.126635 -0.954823 0.919454 -0.329052 -0.215244
-6.549622 -14.633488 63.623010 2.288781 0.756192 0.567452 0.325840 -0.458247 0.103777 0.882746 -0.467101 0.816841 -0.338508
-5.026166 -14.168030 94.699539 82.816441 0.775291 0.482456 0.407627 -0.409400 -0.107577 0.905990 -0.480952 0.869289 -0.114114
-0.600814 -9.918375 11.928356 -15.267172 0.120406 0.992627 -0.013961 0.862310 -0.097610 0.496885 -0.491858 0.071866 0.867704
-0.661713 -10.406451 3.110867 -23.134673 0.119253 0.992786 0.012453 0.851041 -0.108670 0.513732 -0.511379 0.050666 0.857860
0.074718 -14.660070 -9.743218 39.724820 0.220884 0.973809 0.053906 0.023709 0.049893 -0.998473 0.975012 -0.221824 0.012067
0.024440 -15.784913 -14.724397 -87.529701 0.217371 0.975770 -0.024965 -0.033479 -0.018108 -0.999275 0.975515 -0.218049 -0.028731
-0.502764 -16.915610 2.881295 -291.866001 0.201979 0.978073 -0.050777 -0.187111 -0.012354 -0.982261 0.961350 -0.207897 -0.180513
-0.298488 -15.071907 -0.749026 -197.819735 0.217027 0.976060 0.014336 -0.088300 0.034255 -0.995505 0.972164 -0.214785 -0.093621
-2.995706 -11.064221 63.437491 119.319026 0.779339 0.425131 0.460320 -0.245125 -0.469236 0.848370 -0.576667 0.774004 0.261484
-3.188941 -13.098232 89.441722 106.569757 0.793949 0.408707 0.450116 -0.362068 -0.276904 0.890074 -0.488418 0.869645 0.071867
-4.913719 -17.458479 34.333688 -13.979075 0.007028 0.946486 0.322669 -0.741035 -0.211730 0.637210 -0.671429 0.243587 -0.699892
0.039946 -26.586177 271.965086 1013.588331 0.448336 0.893827 0.008284 -0.733200 0.362434 0.575378 -0.511286 0.264036 -0.817846
3.345345 -5.555716 -72.607306 39.892334 0.008947 0.996764 -0.079888 0.885900 0.029153 0.462960 -0.463791 0.074915 0.882772
0.179074 -6.311794 -2.056465 -41.882344 0.326162 0.805428 0.494878 0.431553 -0.592636 0.680106 -0.841059 0.008259 0.540880
0.487088 -6.706579 7.735945 -38.527561 0.321466 0.824282 0.466068 0.484325 -0.566068 0.667081 -0.813689 -0.011284 0.581192
1.095524 -6.899519 -4.267810 -28.688300 0.307173 0.837444 0.452032 0.592104 -0.540042 0.598136 -0.745022 -0.083919 0.661741
0.762834 -7.019113 -18.138264 -34.168314 0.334337 0.798033 0.501361 0.557272 -0.596410 0.577705 -0.760044 -0.086246 0.644123
3.258339 0.396326 -263.229250 3.120110 0.882509 -0.058382 0.466657 -0.018516 0.987182 0.158520 -0.469930 -0.148536 0.870117
4.284936 0.376407 -99.763346 9.115183 0.943092 -0.003112 0.332516 -0.050531 0.987002 0.152554 -0.328669 -0.160675 0.930677
