14273
28531
-4.351181 -6.230811 -1.505487 128.075967 0.875532 0.456973 0.156907 0.244626 -0.139208 -0.959572 0.416656 -0.878520 0.233669
-5.110137 -6.989935 52.703836 68.627937 0.880918 0.410222 -0.236010 -0.039820 -0.432667 -0.900674 0.471590 -0.802818 0.364809
-5.420258 -8.907157 -22.171625 189.815020 0.692576 0.552069 0.464282 0.591236 -0.065713 -0.803817 0.413253 -0.831205 0.371914
-3.680404 -5.564726 16.725358 54.685366 0.813035 0.288337 -0.505802 -0.365609 -0.423255 -0.828967 0.453104 -0.858905 0.238702
-2.803119 -8.519146 -100.592263 215.278401 0.857845 0.381200 0.344656 0.410699 -0.105392 -0.905659 0.308914 -0.918465 0.246969
-2.922007 -6.311546 -66.699370 149.394005 0.865818 0.381658 0.323568 0.355867 -0.015114 -0.934415 0.351737 -0.924180 0.148906
-2.891594 -4.369435 -4.440384 57.511721 0.915224 0.350341 -0.199064 -0.131169 -0.208079 -0.969277 0.380998 -0.913217 0.144484
-3.128705 -6.806887 4.324277 22.153561 0.110844 0.401867 -0.908965 -0.545419 0.789161 0.282389 0.830802 0.464465 0.306659
-3.158510 -7.137868 4.606080 10.092427 0.166992 0.383667 -0.908247 -0.386359 0.872974 0.297730 0.907105 0.301191 0.294014
-3.286915 -6.989102 -11.041726 10.541769 0.096714 0.339957 -0.935455 -0.378189 0.881921 0.281402 0.920662 0.326563 0.213863
-3.698241 -7.034538 -23.535377 -4.053050 0.057050 0.317230 -0.946631 -0.239180 0.924906 0.295535 0.969298 0.209555 0.128641
-4.039068 -6.894548 -39.287265 14.675477 0.027937 0.328573 -0.944065 -0.385844 0.874786 0.293043 0.922141 0.356075 0.151217
-3.509121 -6.635122 -17.314315 25.301414 0.054982 0.344012 -0.937354 -0.527086 0.807315 0.265371 0.848031 0.479476 0.225712
1.142467 -3.760226 54.384029 12.286960 0.917810 0.385583 -0.094609 -0.171418 0.169916 -0.970435 0.358107 -0.906893 -0.222046
2.058718 -3.927295 54.556234 11.399610 0.931388 0.358906 -0.060853 -0.114959 0.131380 -0.984644 0.345400 -0.924081 -0.163625
1.283935 -3.883767 53.994009 9.704140 0.911114 0.393277 -0.123306 -0.168210 0.081692 -0.982360 0.376266 -0.915784 -0.140584
1.576768 -3.660113 49.648649 9.756020 0.933057 0.358188 -0.033256 -0.121479 0.226722 -0.966354 0.338596 -0.905703 -0.255057
0.315927 -3.637616 33.155720 12.855141 0.904811 0.394336 -0.160675 -0.232223 0.140689 -0.962434 0.356917 -0.908133 -0.218870
0.682295 -3.438405 31.285489 8.786559 0.928772 0.363962 -0.070105 -0.176784 0.268745 -0.946849 0.325777 -0.891800 -0.313946
-0.985964 -5.382245 -60.190533 7.232308 0.937816 0.342657 0.055558 -0.346869 0.918799 0.188389 -0.013507 0.195946 -0.980522
-1.439669 -5.337358 -19.659310 8.798506 0.917220 0.383689 0.107192 -0.398359 0.886142 0.236775 0.004140 0.259875 -0.965633
-1.782608 -5.441075 -6.812924 4.482517 0.912139 0.388320 0.131190 -0.402633 0.908800 0.109406 0.076741 0.152615 -0.985302
-1.599708 -5.386358 26.478401 0.668496 0.886805 0.421731 0.188997 -0.441389 0.894094 0.075971 0.136942 0.150793 -0.979034
-1.706378 -5.402532 -2.084487 -2.952857 -0.919264 -0.367838 -0.140173 -0.365062 0.929847 -0.045977 0.147252 0.008906 -0.989059
-1.230023 -5.471042 -44.677945 -0.515970 0.936275 0.343437 0.073757 -0.347612 0.936090 0.053861 0.050546 0.076068 -0.995821
0.483778 -3.308170 4.191956 17.510010 0.922231 0.330763 -0.200215 -0.140133 0.768571 0.624229 -0.360351 0.547626 -0.755150
0.484443 -3.225947 1.799110 2.519545 0.915982 0.345203 -0.204478 -0.126206 0.731674 0.669870 -0.380852 0.587782 -0.713767
0.376282 -3.465910 -9.887561 25.906801 0.904471 0.371744 -0.209138 -0.164093 0.755844 0.633855 -0.393708 0.538985 -0.744640
0.344474 -3.764882 -10.091935 33.870396 0.906921 0.370492 -0.200575 -0.194181 0.790096 0.581414 -0.373882 0.488348 -0.788497
-0.572306 -7.278319 1.962068 50.144175 0.937355 0.248140 0.244525 0.138705 0.378041 -0.915339 0.319572 -0.891915 -0.319940
-0.615060 -7.421680 2.534812 55.255537 0.945650 0.222204 0.237427 0.136458 0.391580 -0.909970 0.295170 -0.892912 -0.339976
-0.574564 -6.395108 3.790309 27.953256 0.944911 0.249239 0.212187 0.070129 0.479039 -0.874988 0.319727 -0.841666 -0.435170
-0.545949 -6.273246 -3.830178 29.095584 0.941399 0.260390 0.214395 0.069037 0.473424 -0.878125 0.330155 -0.841467 -0.427704
0.315943 -12.769094 18.700015 92.160642 0.933789 0.258913 0.246986 0.213007 0.152408 -0.965091 0.287517 -0.953801 -0.087166
0.762395 -11.043600 24.434813 145.009862 0.943540 0.259205 0.206266 0.090937 0.396071 -0.913706 0.318533 -0.880875 -0.350138
0.842109 -11.237296 -2.353073 77.533238 0.954735 0.225848 0.193581 0.148435 0.202236 -0.968022 0.257775 -0.952939 -0.159558
0.052359 -12.523023 44.723426 189.815656 0.926490 0.279315 0.252189 0.139824 0.366664 -0.919786 0.349379 -0.887435 -0.300655
-0.643774 -14.305420 60.990475 82.417841 0.914642 0.288811 0.282876 0.267710 0.091610 -0.959135 0.302923 -0.952993 -0.006472
-0.908407 -10.100830 -8.825017 73.509832 0.945656 0.224798 0.234946 0.090329 0.512491 -0.853929 0.312369 -0.828746 -0.464334
-0.744192 -12.297902 0.440408 98.520386 0.938612 0.238196 0.249542 0.170344 0.309010 -0.935679 0.299986 -0.920747 -0.249465
-0.576653 -12.091280 0.604212 99.418347 0.944118 0.223083 0.242641 0.158749 0.337382 -0.927886 0.288859 -0.914553 -0.283115
-0.709357 -10.133209 -7.232551 82.865769 0.951680 0.209367 0.224657 0.081198 0.533970 -0.841595 0.296163 -0.819171 -0.491169
-0.912029 -8.741747 -4.759421 49.923597 0.949138 0.228471 0.216653 0.004842 0.677418 -0.735582 0.314824 -0.699218 -0.641857
-1.127222 -8.653286 -13.822357 56.331576 0.946092 0.220345 0.237399 0.023705 0.683875 -0.729214 0.323030 -0.695531 -0.641785
1.112734 -7.930758 25.803851 -34.698923 0.949143 0.146939 0.278455 -0.021104 0.912119 -0.409381 0.314138 -0.382685 -0.868832
1.317668 -7.479117 17.895625 -43.286118 0.953097 0.171161 0.249619 -0.075907 0.933555 -0.350303 0.292991 -0.314925 -0.902761
1.202900 -6.571142 6.508380 6.051157 0.966233 0.098205 0.238220 0.017341 0.897642 -0.440383 0.257084 -0.429644 -0.865629
0.983651 -6.888087 7.178535 -33.344321 0.964170 0.096096 0.247270 0.059009 0.831049 -0.553060 0.258640 -0.547835 -0.795602
-1.868426 -2.784365 43.797683 16.717683 0.188352 0.468412 0.863200 0.970386 0.046593 -0.237024 -0.151244 0.882281 -0.445765
-1.092560 -3.046527 39.452151 16.495267 0.004269 0.439588 0.898190 0.976571 0.191420 -0.098325 -0.215154 0.877565 -0.428471
-0.884630 -2.771418 34.521217 23.211427 0.005573 0.434333 0.900735 0.988582 0.133247 -0.070368 -0.150583 0.890842 -0.428631
-2.336712 -3.162103 25.327256 3.027598 0.440203 0.513352 0.736676 0.872182 -0.049518 -0.486668 -0.213353 0.856748 -0.469534
1.224045 -11.768782 -0.944763 54.937464 0.962302 0.224715 0.153224 0.124294 0.137751 -0.982637 0.241920 -0.964639 -0.104627
0.897259 -10.114443 -34.146254 0.000476 0.979387 0.161642 0.121133 0.078567 0.247622 -0.965666 0.186088 -0.955278 -0.229818
1.119492 -11.169983 -15.274322 73.969564 0.972043 0.169746 0.162229 0.156994 0.043914 -0.986623 0.174599 -0.984509 -0.016038
1.211520 -15.396655 2.747114 192.587658 0.962265 0.204766 0.179210 0.204594 -0.110225 -0.972621 0.179406 -0.972585 0.147959
-0.328938 -5.548444 -12.469908 31.851237 0.908338 0.392042 0.145690 -0.095635 0.533809 -0.840180 0.407156 -0.749234 -0.522372
-0.077686 -4.845465 -5.949353 22.023982 0.902151 0.407416 0.141902 -0.158262 0.618518 -0.769668 0.401344 -0.671899 -0.622475
-0.275127 -5.297282 -11.708964 40.364351 0.902350 0.413497 0.121588 -0.143388 0.554041 -0.820048 0.406452 -0.722536 -0.559230
-0.517326 -5.832704 -17.356381 22.398283 0.912273 0.387526 0.132595 -0.048434 0.423530 -0.904586 0.406709 -0.818807 -0.405145
0.518949 -14.104502 -38.953549 139.110517 -0.826570 -0.486640 -0.282776 -0.462075 0.873591 -0.152727 0.321354 0.004424 -0.946949
1.404014 -17.885384 22.947118 243.098261 -0.881907 -0.397975 -0.252699 -0.326382 0.902233 -0.281868 0.340170 -0.166104 -0.925578
1.257796 -18.628740 -14.958199 283.676330 -0.837029 -0.453252 -0.306505 -0.327917 0.863975 -0.382123 0.438010 -0.219340 -0.871801
0.721109 -19.002781 -51.345664 345.388837 -0.804753 -0.516530 -0.292522 -0.426944 0.846020 -0.319327 0.412421 -0.132089 -0.901366
2.449124 -4.953296 -17.716611 -6.295158 0.932533 0.340206 0.121006 -0.280241 0.893222 -0.351596 0.227700 -0.293964 -0.928298
1.998474 -4.875321 -54.566351 -4.104217 0.939663 0.330098 0.089823 -0.255413 0.851616 -0.457727 0.227590 -0.407168 -0.884544
2.454121 -4.942916 13.313715 0.759266 0.911912 0.370795 0.175863 -0.276474 0.871770 -0.404449 0.303280 -0.320201 -0.897492
2.740627 -4.932717 -0.310633 -7.319900 0.919883 0.359289 0.157248 -0.232871 0.822985 -0.518137 0.315574 -0.440007 -0.840718
-0.530118 -16.119013 -11.770853 -93.069393 0.630550 0.772257 0.077620 -0.339068 0.184123 0.922568 -0.698168 0.608044 -0.377947
-0.322037 -15.236773 -6.132867 -19.570462 0.627478 0.775332 0.071638 -0.475297 0.308528 0.823956 -0.616737 0.551063 -0.562107
-0.384022 -16.823242 7.767096 -106.861198 0.642825 0.761215 0.085601 -0.321029 0.166253 0.932363 -0.695497 0.626827 -0.351243
-7.904725 -74.390672 39.348923 2748.318997 0.778452 0.520723 -0.350514 -0.559009 0.321108 -0.764459 0.285518 -0.791036 -0.541056
24.643759 -388.301887 -1047.536410 16653.498235 0.913848 0.186107 -0.360897 -0.397158 0.594714 -0.698986 -0.084544 -0.782100 -0.617392
-13.963915 -33.669499 368.681768 1033.020253 0.860828 0.464275 -0.208384 -0.393954 0.348753 -0.850395 0.322143 -0.814137 -0.483120
-14.713864 -74.225025 160.937267 1975.233937 0.791401 0.568600 -0.224450 -0.182937 -0.130051 -0.974485 0.583282 -0.812269 -0.001096
-1.571254 -5.165693 -1.897260 -31.596703 0.156325 0.688967 0.707733 0.858581 -0.449005 0.247454 0.488264 0.568963 -0.661725
-1.650904 -5.130012 1.580194 -30.386248 0.181335 0.624761 0.759468 0.825725 -0.516176 0.227467 0.534132 0.585863 -0.609482
-1.292761 -6.458452 -0.235441 42.983666 0.161601 0.666674 0.727620 -0.749408 0.562624 -0.349058 0.642085 0.488876 -0.590531
-1.618938 -5.930186 -0.448274 51.236145 -0.206522 -0.578508 -0.789099 -0.769017 0.594602 -0.234652 0.604948 0.558369 -0.567681
-1.381756 -5.686446 -0.711293 38.301735 0.126523 0.729004 0.672715 -0.816631 0.461531 -0.346559 0.563122 0.505512 -0.653721
-1.146319 -7.002846 7.673095 44.048283 0.112010 0.731324 0.672770 -0.694599 0.541782 -0.473291 0.710624 0.414292 -0.568662
-1.032816 -7.799690 11.219323 77.398927 -0.204547 -0.627160 -0.751552 -0.660047 0.655345 -0.367234 0.722841 0.420943 -0.548004
-0.692285 -8.230910 -3.192872 62.822572 0.157039 0.688431 0.708097 -0.603663 0.634370 -0.482873 0.781620 0.351622 -0.515201
-2.055961 -2.622671 -16.607384 50.039096 0.931559 0.094000 -0.351228 0.306826 0.315051 0.898110 -0.195077 0.944408 -0.264647
-1.374328 -2.474399 53.547369 18.651516 -0.611915 0.061726 0.788512 0.753497 0.348546 0.557457 -0.240423 0.935257 -0.259791
-0.889607 -2.130505 66.907106 14.981382 -0.451826 0.118957 0.884139 0.869192 0.281879 0.406262 -0.200892 0.952047 -0.230757
-1.726912 -4.793048 11.815204 -2.164346 0.974606 0.200697 0.099319 -0.219987 0.775287 0.592061 -0.041824 0.598875 -0.799750
-2.069139 -4.748506 8.981149 4.944312 0.957203 0.263886 0.118856 -0.274328 0.696381 0.663173 -0.092233 0.667397 -0.738969
-1.999532 -4.648200 12.572294 10.492756 0.982730 0.164890 0.083986 -0.176068 0.693524 0.698587 -0.056944 0.701310 -0.710579
-1.847392 -4.812677 -1.523329 -2.894362 0.929557 0.344000 0.132622 -0.353260 0.728109 0.587422 -0.105509 0.592892 -0.798340
1.883995 -19.587632 15.767350 414.973223 0.288510 0.944608 -0.156456 -0.140752 -0.119787 -0.982772 0.947075 -0.305561 -0.098395
2.982307 -25.706850 43.487428 460.197260 0.307071 0.935667 -0.173880 0.175431 -0.235228 -0.955977 0.935378 -0.263049 0.236377
1.999115 -23.347708 24.402006 490.654211 0.261835 0.938545 -0.224889 0.122085 -0.263357 -0.956942 0.957360 -0.223106 0.183539
-3.839496 -5.817447 6.112683 2.189063 0.028197 -0.485247 0.873922 0.979702 -0.160167 -0.120543 0.198466 0.859582 0.470881
-3.850147 -5.774609 12.384586 -8.661441 -0.007870 -0.431396 0.902128 0.954466 -0.272286 -0.121881 0.298216 0.860091 0.413896
-4.062010 -5.723059 12.149758 -5.620939 -0.039383 -0.382714 0.923027 0.982959 -0.180831 -0.033038 0.179556 0.905997 0.383314
-1.211360 -3.254324 25.393219 33.188283 0.960070 0.279228 0.017225 0.277650 -0.943482 -0.180975 0.034282 -0.178532 0.983337
-0.748036 -3.478614 47.747525 24.159463 0.969991 0.241697 -0.026463 0.235856 -0.961780 -0.139109 0.059074 -0.128693 0.989923
-1.354556 -3.828660 31.498981 20.684353 0.957976 0.286754 0.007351 0.286236 -0.953945 -0.089766 0.018728 -0.088098 0.995936
-0.744689 -2.830945 44.025353 34.270400 0.972312 0.232629 -0.022188 0.222134 -0.949561 -0.221339 0.072559 -0.210281 0.974945
-1.360421 -3.585224 -14.707840 26.573085 0.945446 0.319312 0.064587 0.325056 -0.937818 -0.121801 -0.021678 -0.136151 0.990451
-1.196119 -2.661051 -9.220567 37.001200 0.941146 0.331010 0.068385 0.337687 -0.912114 -0.232411 0.014555 -0.241825 0.970211
-1.012358 -2.490218 25.624966 39.425335 0.960873 0.276643 0.013829 0.271055 -0.928839 -0.252562 0.057024 -0.246428 0.967482
-0.940298 -5.407881 45.551286 2.979020 0.932666 0.311639 -0.181703 0.265087 -0.250446 0.931131 -0.244670 0.916601 0.316194
0.321046 -5.163120 73.138021 10.009120 0.950753 0.272479 -0.147727 0.235105 -0.323408 0.916588 -0.201975 0.906180 0.371542
-0.458966 -5.384055 43.733491 13.637423 0.929336 0.310816 -0.199317 0.258775 -0.163215 0.952049 -0.263381 0.936352 0.232113
-1.284552 -5.427987 14.758131 -7.038939 0.921392 0.352788 -0.163024 0.221374 -0.131662 0.966260 -0.319421 0.926394 0.199410
-0.533077 -5.368836 22.694326 -5.901001 0.923733 0.339662 -0.177052 0.199552 -0.032194 0.979358 -0.326951 0.939996 0.097519
0.450535 -5.396719 42.984622 15.518860 0.932377 0.311218 -0.183894 0.219565 -0.083440 0.972023 -0.287167 0.946669 0.146130
-0.511414 -5.217907 9.917125 -20.923524 0.922809 0.348133 -0.165003 0.142900 0.088435 0.985778 -0.357774 0.933265 -0.031860
-0.745001 -5.160044 -10.374546 -12.878518 0.924817 0.372945 -0.075001 0.091138 -0.025803 0.995504 -0.369333 0.927495 0.057853
0.878264 -6.341193 0.653000 -22.249423 0.954203 0.291108 -0.068935 -0.292119 0.856983 -0.424555 0.064515 -0.425249 -0.902774
1.010199 -5.793948 2.376793 -31.145073 0.957471 0.281952 -0.061264 -0.264483 0.772788 -0.576929 0.115322 -0.568596 -0.814493
0.816033 -6.205990 5.902134 -32.860973 0.954637 0.295076 -0.039979 -0.274708 0.820915 -0.500634 0.114905 -0.488906 -0.864735
0.889614 -6.584873 -0.412529 -22.998839 0.949886 0.307514 -0.056142 -0.305999 0.878017 -0.368035 0.063883 -0.366771 -0.928115
0.778580 -6.835893 3.382725 -26.709231 0.949909 0.309852 -0.040806 -0.302883 0.880528 -0.364599 0.077041 -0.358696 -0.930270
0.479994 -10.129295 23.271862 -68.909130 0.929887 0.337421 0.146480 0.367311 -0.830319 -0.419110 0.019791 -0.443529 0.896042
0.946848 -9.145898 8.369203 -41.688666 0.922057 0.335522 0.192968 0.386420 -0.826519 -0.409324 -0.022155 -0.451986 0.891750
0.686556 -8.462783 11.893313 -67.168749 0.913765 0.358598 0.190897 0.396501 -0.889545 -0.226928 -0.088436 -0.283050 0.955019
1.039934 -8.101026 -0.830764 -38.214730 0.906188 0.354576 0.230433 0.404439 -0.885846 -0.227390 -0.123501 -0.299254 0.946147
0.273492 -9.404273 35.829479 -92.115145 0.925341 0.354223 0.135167 0.376958 -0.897728 -0.228007 -0.040578 -0.261937 0.964232
0.479983 -7.000329 9.730498 81.950705 0.915138 0.358173 0.185025 -0.365661 0.930723 0.006867 -0.169748 -0.073941 0.982710
0.744178 -7.418026 0.904536 52.669083 0.902624 0.365837 0.226788 -0.389780 0.918235 0.070112 -0.182595 -0.151682 0.971417
-0.557765 -13.606764 14.605548 -116.213068 0.968118 0.177207 0.177047 0.246614 -0.798190 -0.549613 -0.043922 -0.575752 0.816444
-0.845130 -13.526117 -1.307950 -151.034044 0.961428 0.167949 0.217828 0.238321 -0.904037 -0.354853 -0.137328 -0.393079 0.909192
-0.600393 -13.651450 1.276141 -49.466503 0.960339 0.173227 0.218497 0.272595 -0.748111 -0.604998 -0.058658 -0.640564 0.765661
-0.092596 -13.544689 12.853762 91.638221 0.968059 0.168416 0.185734 0.248095 -0.536513 -0.806599 0.036195 -0.826916 0.561160
-0.198688 -13.499917 10.227885 -87.098118 0.973638 0.151621 0.170412 0.224062 -0.775678 -0.590017 -0.042725 -0.612646 0.789202
1.117199 -7.531462 -2.357985 -84.964444 0.913909 0.404647 0.032104 -0.238415 0.471090 0.849254 -0.328524 0.783795 -0.527008
0.811672 -8.070964 -13.097601 -58.060780 0.894140 0.447500 0.016048 -0.241545 0.451829 0.858782 -0.377054 0.771748 -0.512090
1.045532 -7.209313 -2.334938 -43.739426 0.910256 0.412859 0.031337 -0.274089 0.544112 0.792980 -0.310338 0.730404 -0.608441
0.944850 -7.131415 -2.430786 43.352302 0.910307 0.412984 0.028035 -0.300603 0.612992 0.730670 -0.284570 0.673561 -0.682155
1.141122 -6.908401 -3.538644 8.801096 0.924111 0.380861 0.031038 -0.274015 0.603864 0.748507 -0.266335 0.700209 -0.662400
-0.073515 -3.302375 -32.703114 -23.227215 0.770428 0.609956 0.185459 -0.406535 0.245951 0.879907 -0.491091 0.753301 -0.437456
-0.414614 -3.589380 -38.118613 -14.211010 0.800654 0.589374 0.107666 -0.286831 0.219298 0.932543 -0.526006 0.777526 -0.344632
-1.115700 -3.792599 -47.256669 -20.969867 0.792896 0.598879 0.112518 -0.333141 0.271416 0.902967 -0.510229 0.753443 -0.414716
-0.542893 -3.419207 -43.889529 -12.373455 0.742093 0.631294 0.225313 -0.467190 0.246094 0.849218 -0.480658 0.735463 -0.477559
-0.420730 -9.949618 -36.074123 -14.399060 0.946088 0.267905 0.182057 -0.265626 0.963356 -0.037259 -0.185368 -0.013109 0.982582
-1.061874 -9.873042 -36.426575 -10.341373 0.949119 0.262016 0.174699 -0.224140 0.951730 -0.209692 -0.221210 0.159866 0.962034
-0.063399 -10.245187 -32.061510 -19.717102 0.937739 0.303152 0.169542 -0.258566 0.935181 -0.242035 -0.231926 0.183128 0.955340
-0.096691 -10.461016 -25.853623 -7.250712 0.934124 0.328866 0.138782 0.226004 -0.845851 0.483176 -0.276289 0.419981 0.864454
0.700313 -10.837301 -26.269234 22.667767 0.931254 0.337641 0.136986 0.270809 -0.892882 0.359755 -0.243780 0.297926 0.922936
0.480985 -10.026343 -35.746973 -11.326676 0.936484 0.299523 0.182439 -0.295822 0.954045 -0.047828 -0.188381 -0.009179 0.982053
0.989972 -10.363046 -28.429713 -23.953095 0.934429 0.321230 0.153797 -0.303222 0.944072 -0.129552 -0.186811 0.074423 0.979573
0.445481 -16.844589 3.021862 45.565448 0.805450 0.460732 -0.372796 -0.454994 0.077627 -0.887105 0.379778 -0.884138 -0.272154
0.361181 -16.949047 -25.391992 40.219394 0.837798 0.415470 -0.354229 -0.384338 -0.012026 -0.923114 0.387786 -0.909527 -0.149606
0.728422 -20.716023 -1.929261 220.415533 0.832438 0.469050 -0.295026 -0.245655 -0.164858 -0.955236 0.496690 -0.867649 0.022010
0.787106 -17.944712 3.235101 105.122192 0.808300 0.471109 -0.353141 -0.372800 -0.054720 -0.926297 0.455710 -0.880376 -0.131399
0.277575 -12.451263 3.214136 128.189425 0.918799 0.372321 -0.131096 0.225312 -0.221988 0.948660 -0.324104 0.901165 0.287851
0.174761 -11.310668 29.293952 -20.083732 0.901890 0.367717 -0.226670 0.355663 -0.334328 0.872771 -0.245150 0.867761 0.432310
0.401982 -12.044371 15.972275 29.935569 0.903624 0.374337 -0.208172 0.350897 -0.368251 0.860966 -0.245632 0.851037 0.464114
0.513979 -12.705189 1.818838 105.210008 0.910753 0.382141 -0.156513 0.294252 -0.334630 0.895231 -0.289731 0.861389 0.417212
0.323923 -13.803785 -5.182741 135.026393 0.915492 0.384179 -0.119507 0.173534 -0.109062 0.978770 -0.362989 0.916794 0.166513
0.451876 -14.979758 -2.501378 132.792435 0.924976 0.368817 -0.091613 0.070101 0.071341 0.994986 -0.373503 0.926760 -0.040135
0.487736 -29.436650 -14.874364 183.136175 0.715837 0.604429 -0.349633 0.357326 0.113097 0.927107 -0.599913 0.788590 0.135019
0.310275 -27.036598 -9.952746 186.006584 0.709170 0.605806 -0.360662 0.289035 0.216777 0.932452 -0.643068 0.765511 0.021368
0.493829 -37.229210 -30.259102 496.128271 0.686408 0.599492 -0.411647 0.148172 0.438891 0.886239 -0.711961 0.669316 -0.212431
1.121206 -50.099037 6.449660 897.399789 0.715875 0.596583 -0.362783 0.174311 0.350425 0.920227 -0.676120 0.722005 -0.146870
0.649841 -42.983065 25.930746 397.576035 -0.702590 -0.579244 0.413333 -0.096474 0.653028 0.751164 -0.705025 0.487884 -0.514693
0.362519 -34.568143 28.996846 365.130613 -0.687555 -0.573141 0.445845 -0.114209 0.691713 0.713084 -0.717095 0.439365 -0.541049
-2.212689 -9.576105 -7.826385 -56.090001 0.809119 0.564208 -0.164305 -0.568610 0.822272 0.023483 0.148353 0.074425 0.986130
-1.051868 -8.999879 28.973118 12.605050 0.729753 0.666898 -0.150691 0.683394 -0.718183 0.131094 0.020797 0.198647 0.979850
-1.987879 -10.740421 9.643602 -62.847458 0.830178 0.545512 -0.114985 0.556236 -0.824363 0.105011 0.037505 0.151136 0.987801
0.614655 -11.761577 12.914542 -78.086768 0.926713 0.374980 -0.024370 0.187985 -0.406470 0.894116 -0.325370 0.833170 0.447172
0.779762 -12.345220 10.884247 -46.365073 0.928028 0.372504 0.002071 0.217418 -0.546156 0.808977 -0.302478 0.750303 0.587837
0.564704 -11.657602 4.999961 -49.637472 0.920153 0.391557 -0.001402 0.135325 -0.314648 0.939512 -0.367431 0.864685 0.342512
0.409630 -10.882147 5.760632 -40.637982 0.919046 0.392297 -0.038168 0.126943 -0.202930 0.970930 -0.373148 0.897175 0.236301
0.695236 -3.986882 7.324903 -29.984699 0.925494 0.367198 -0.092874 -0.040862 0.340572 0.939330 -0.376550 0.865550 -0.330202
0.869767 -4.635714 7.274421 -30.067958 0.918518 0.370417 -0.138262 0.034082 0.274215 0.961064 -0.393908 0.887467 -0.239246
0.900134 -4.369025 -6.872857 -27.644008 0.909828 0.397707 -0.118502 -0.031007 0.349908 0.936271 -0.413826 0.848171 -0.330688
-0.370904 -9.485633 -7.953255 -14.657915 0.899622 0.307940 0.309600 -0.143278 0.877915 -0.456878 -0.412494 0.366658 0.833913
-0.450859 -9.537314 -6.320318 25.308342 0.896982 0.333539 0.290128 0.081120 -0.769344 0.633663 -0.434560 0.544850 0.717145
-0.325031 -9.995985 -3.846269 30.490235 0.897332 0.340153 0.281231 0.090972 -0.766062 0.636297 -0.431879 0.545386 0.718356
-0.274662 -9.843870 -4.551211 3.253214 0.900590 0.313110 0.301495 0.126429 -0.852323 0.507505 -0.415876 0.418937 0.807180
1.053943 -21.164168 -38.681755 336.444028 0.867144 0.373623 0.329344 -0.291365 0.916842 -0.272959 -0.403940 0.140736 0.903895
1.506015 -27.133844 -48.138674 -369.981620 0.892091 0.324453 0.314489 0.381128 -0.914166 -0.137991 -0.242724 -0.242961 0.939178
0.711032 -20.853850 -20.981781 254.843170 0.879616 0.346963 0.325413 -0.347810 0.935794 -0.057607 -0.324507 -0.062509 0.943816
0.446026 -18.596210 -5.319061 287.302103 0.875665 0.367814 0.312926 -0.261679 0.906011 -0.332669 -0.405875 0.209421 0.889611
2.262624 -139.911075 -107.806668 -4653.773454 -0.034202 -0.505922 0.861901 -0.204860 0.847642 0.489424 -0.978194 -0.159830 -0.132634
0.085063 -64.847091 -58.266874 -2058.194282 0.006633 -0.593719 0.804645 -0.088869 0.801129 0.591857 -0.996021 -0.075434 -0.047449
0.675684 -26.451272 -32.288275 -879.552136 0.020443 -0.636352 0.771128 -0.348165 0.718480 0.602136 -0.937210 -0.280789 -0.206868
-5.127828 -7.889223 22.578109 46.033966 0.861883 0.441124 -0.250133 0.053397 -0.569459 -0.820283 0.504287 -0.693632 0.514362
-6.638978 -8.692662 25.410484 98.519524 0.724169 0.627370 0.286332 0.530593 -0.241659 -0.812448 0.440511 -0.740275 0.507881
-4.169338 -6.612188 -20.264750 53.989434 0.815386 0.323851 -0.479860 -0.258312 -0.538278 -0.802204 0.518093 -0.778060 0.355249
-7.843687 -7.926290 145.312219 -10.890777 0.937984 0.303365 -0.167798 0.146470 -0.785473 -0.601314 0.314218 -0.539445 0.781195
-5.725978 -8.099735 -93.107286 -50.288382 0.988240 0.022066 -0.151308 -0.046114 -0.900451 -0.432506 0.145789 -0.434397 0.888844
-6.708323 -7.416010 -54.201074 -34.767770 0.945860 0.292169 0.141374 0.315131 -0.722342 -0.615560 0.077727 -0.626785 0.775306
-3.582268 -7.356517 22.092036 10.796646 0.206887 0.437760 -0.874965 -0.429894 0.844029 0.320633 0.878857 0.309808 0.362809
-3.323217 -7.282019 11.714274 -11.969791 0.207457 0.376589 -0.902852 -0.238583 0.914540 0.326643 0.948704 0.147641 0.279575
-3.391680 -6.987990 16.791927 23.129717 0.158134 0.451579 -0.878106 -0.562278 0.772210 0.295863 0.811688 0.446954 0.376025
2.073949 -4.074276 52.191878 0.441794 0.920027 0.375293 -0.112721 -0.117251 -0.010828 -0.993043 0.373903 -0.926843 -0.034042
2.566588 -4.181787 4.930081 22.544964 0.962399 0.269986 -0.029925 -0.074668 0.157012 -0.984770 0.261175 -0.949976 -0.171267
2.506402 -4.285336 14.012868 11.472285 0.957487 0.282462 -0.058599 -0.077025 0.054567 -0.995535 0.278003 -0.957725 -0.074004
2.155625 -3.819265 17.808677 7.396365 0.959341 0.282186 0.006009 -0.060954 0.227916 -0.971771 0.275589 -0.931893 -0.235850
-0.356648 -5.193766 -51.754219 8.545309 0.940404 0.334316 0.062238 -0.334123 0.874326 0.352018 -0.063269 0.351834 -0.933922
0.494967 -3.128149 6.426742 -18.384681 0.919142 0.329871 -0.215320 -0.086149 0.701693 0.707252 -0.384390 0.631516 -0.673374
0.588351 -2.960864 -4.409767 -2.839831 0.911620 0.322864 -0.254377 -0.063904 0.722675 0.688228 -0.406036 0.611146 -0.679437
0.483491 -3.247166 8.943534 -7.329776 0.927006 0.330063 -0.178097 -0.137344 0.740636 0.657720 -0.348994 0.585249 -0.731906
0.389100 -3.354381 6.265424 -21.534979 0.919342 0.360052 -0.158658 -0.147830 0.689782 0.708765 -0.364632 0.628143 -0.687372
1.158979 -9.738650 -8.679404 93.279271 0.966408 0.213830 0.142588 0.042542 0.414051 -0.909259 0.253466 -0.884782 -0.391046
1.102538 -7.826230 11.499340 116.090966 0.958585 0.241055 0.151682 -0.020151 0.588647 -0.808139 0.284093 -0.771614 -0.569126
0.597508 -9.279436 39.549345 203.081933 0.941205 0.270019 0.203035 0.011982 0.573926 -0.818820 0.337623 -0.773110 -0.536946
-0.318573 -13.986931 6.809552 -53.739495 0.932545 0.236398 0.272904 0.327124 -0.233299 -0.915730 0.152808 -0.943233 0.294893
-0.602696 -13.959114 3.365999 98.077405 0.934780 0.234888 0.266486 0.248803 0.102517 -0.963113 0.253543 -0.966601 -0.037390
-0.146775 -13.814603 6.951731 10.539724 0.925802 0.236817 0.294633 0.329500 -0.123578 -0.936033 0.185259 -0.963663 0.192440
0.130928 -12.947528 22.141977 -138.157335 0.925473 0.254208 0.280854 0.369807 -0.445567 -0.815299 0.082116 -0.858399 0.506368
0.510834 -13.391152 24.501340 -106.875964 0.911409 0.260039 0.318925 0.396910 -0.350970 -0.848105 0.108607 -0.899556 0.423089
0.146321 -13.614535 20.565135 74.357624 0.907185 0.265614 0.326289 0.340619 -0.008434 -0.940163 0.246969 -0.964043 0.098125
-0.301094 -2.869007 29.890196 24.963760 -0.072315 0.409843 0.909285 0.980915 0.194205 -0.009522 -0.180491 0.891242 -0.416065
-1.536103 -3.338472 45.211525 7.019750 0.127912 0.473391 0.871516 0.948276 0.199043 -0.247294 -0.290536 0.858069 -0.423445
-0.347394 -3.341637 38.212697 7.350629 -0.016083 0.427968 0.903651 0.952619 0.281104 -0.116176 -0.303739 0.858967 -0.412212
0.062156 -3.110256 32.529177 11.500090 -0.090821 0.401915 0.911162 0.964212 0.264340 -0.020493 -0.249093 0.876692 -0.411539
1.177495 -10.660912 -18.516243 -1.545857 0.971205 0.202245 0.125931 0.041038 0.378663 -0.924625 0.234686 -0.903168 -0.359459
0.639612 -10.293897 -38.290913 -36.892283 0.981158 0.152868 0.118156 0.038337 0.445350 -0.894535 0.189367 -0.882210 -0.431098
0.337803 -9.715983 -34.917855 -47.579349 0.978433 0.146472 0.145654 0.091800 0.323336 -0.941821 0.185045 -0.934880 -0.302916
-0.165382 -5.365352 15.858420 42.391410 0.879016 0.466962 0.096316 -0.191708 0.531107 -0.825332 0.436553 -0.707016 -0.556372
-0.402687 -5.639286 24.247379 25.331367 0.871429 0.481263 0.094852 -0.132518 0.417160 -0.899120 0.472282 -0.770950 -0.427301
-0.270655 -5.395680 15.263646 43.962246 0.881138 0.459055 0.113417 -0.178326 0.544743 -0.819424 0.437944 -0.701800 -0.561855
4.831529 -5.843387 16.410651 45.217486 0.753520 0.650786 0.093197 -0.210077 0.104024 0.972135 -0.622957 0.752102 -0.215099
4.265630 -5.533787 40.553190 35.433962 0.810922 0.575492 0.105900 -0.200420 0.103129 0.974267 -0.549761 0.811279 -0.198970
4.807879 -5.877408 37.171153 -7.989389 0.769650 0.632036 0.090386 -0.155725 0.048538 0.986607 -0.619184 0.773417 -0.135781
0.785466 -13.670532 -1.650398 57.648322 -0.861057 -0.456587 -0.223852 -0.456327 0.888045 -0.056050 0.224382 0.053888 -0.973010
1.186812 -13.261006 18.258937 113.535562 -0.879107 -0.432649 -0.199962 -0.406224 0.899575 -0.160458 0.249303 -0.059831 -0.966575
0.096864 -5.137544 -37.171116 3.048137 -0.819915 -0.543202 -0.180754 -0.316676 0.693375 -0.647261 0.476923 -0.473459 -0.740528
1.161422 -5.031346 47.830579 -4.209721 0.846571 0.477777 0.234622 -0.176203 0.667489 -0.723471 0.502265 -0.571129 -0.649263
-0.142984 -5.396807 40.099173 1.680201 0.816216 0.545200 0.191175 -0.264648 0.646963 -0.715123 0.513568 -0.533101 -0.672348
0.545408 -5.201509 44.394506 -6.194336 0.833581 0.497704 0.239652 -0.147163 0.618246 -0.772085 0.532434 -0.608327 -0.588602
-0.578692 -5.372497 -25.203474 6.627409 -0.794794 -0.591203 -0.137049 -0.386767 0.667464 -0.636320 0.467670 -0.452737 -0.759154
-0.368202 -5.589350 33.922956 -8.032426 0.827733 0.519648 0.211716 -0.172988 0.595252 -0.784697 0.533791 -0.612896 -0.582603
-0.664457 -5.666508 31.408237 3.411645 0.806253 0.571879 0.151363 -0.317479 0.634186 -0.704993 0.499163 -0.520348 -0.692874
-1.876433 -4.461178 -4.716845 -15.876299 0.168685 0.650773 0.740297 0.889722 -0.423757 0.169779 0.424194 0.630019 -0.650488
-1.946297 -4.701582 -2.188961 -19.126667 0.223494 0.565491 0.793896 0.842178 -0.522081 0.134791 0.490700 0.638476 -0.592926
-1.672154 -4.680916 8.141723 10.310587 0.995869 0.075215 0.050866 -0.089336 0.711450 0.697035 -0.016239 0.698700 -0.715230
-1.969433 -4.265093 10.723767 22.114039 0.989923 0.120924 0.073692 -0.133675 0.626234 0.768090 -0.046732 0.770201 -0.636087
-1.679640 -4.337536 13.984132 24.372690 0.996843 0.048026 0.063230 -0.079323 0.637625 0.766252 0.003517 0.768848 -0.639421
-1.401689 -4.575940 9.088853 17.080670 0.999067 -0.003058 0.043086 -0.028714 0.698144 0.715381 0.032268 0.715950 -0.697405
-0.616130 -6.271098 -3.272086 133.207147 0.894019 0.305346 0.327863 0.432554 -0.778928 -0.454058 -0.116737 -0.547755 0.828454
-0.679716 -6.130144 1.652168 121.854117 0.920378 0.266414 0.286230 0.376162 -0.803151 -0.462008 -0.106801 -0.532891 0.839417
-0.866949 -8.081261 -4.869164 160.804734 0.886090 0.327918 0.327590 0.434571 -0.833559 -0.341069 -0.161223 -0.444579 0.881111
-4.225976 -26.459143 -37.629597 695.372762 0.240617 -0.590866 0.770052 -0.430359 0.646169 0.630283 -0.869997 -0.483056 -0.098805
-16.479899 -22.759114 370.144949 -598.161173 -0.428496 0.831382 -0.353828 -0.310878 0.232035 0.921691 -0.848378 -0.504939 -0.159033
-3.193172 -12.193879 -83.283503 217.706110 0.118708 -0.551590 0.825625 -0.441384 0.715519 0.541492 -0.889432 -0.428697 -0.158525
-2.170398 -20.014755 60.076773 509.774052 0.107661 -0.512776 0.851745 -0.489330 0.718437 0.494372 -0.865428 -0.470009 -0.173569
4.388551 -27.344276 92.574900 274.056259 0.349874 0.926051 -0.141483 0.299901 -0.253802 -0.919589 0.887495 -0.279309 0.366523
3.170677 -23.814710 92.370750 509.159313 0.307331 0.940135 -0.147288 0.022372 -0.161875 -0.986558 0.951340 -0.299905 0.070782
4.136647 -29.319376 73.618301 735.602256 0.347644 0.935011 -0.069990 -0.134166 -0.024271 -0.990662 0.927978 -0.353788 -0.117009
-3.649184 -5.931683 3.769234 -2.354266 0.032354 -0.528036 0.848605 0.938457 -0.276073 -0.207563 0.343878 0.803095 0.486607
-3.679059 -5.825167 13.337050 -3.796440 0.003230 -0.452188 0.891917 0.913452 -0.361620 -0.186644 0.406933 0.815327 0.411884
-4.035566 -5.878003 22.176822 -0.824987 -0.016666 -0.344577 0.938610 0.907933 -0.398399 -0.130136 0.418783 0.850027 0.319493
-0.805235 -4.030700 39.961870 -12.209958 0.966656 0.255156 -0.021712 -0.254715 0.966785 0.021153 0.026388 -0.014917 0.999540
-0.021210 -3.624375 38.144552 21.483901 0.973569 0.227119 -0.024084 0.223577 -0.969268 -0.102631 0.046654 -0.094533 0.994428
-0.033255 -2.775709 33.946799 31.424252 0.977349 0.209899 -0.027027 0.199306 -0.955835 -0.216000 0.071172 -0.205721 0.976019
0.622773 -5.043585 83.203837 -3.600461 0.964507 0.243442 -0.102286 0.204663 -0.444429 0.872122 -0.166852 0.862102 0.478478
1.938358 -4.769247 76.868991 -1.859023 0.961986 0.265005 -0.065996 0.176181 -0.417558 0.891407 -0.208670 0.869148 0.448373
-0.798741 -5.260468 57.932199 1.448836 0.950405 0.281937 -0.131311 0.237119 -0.383636 0.892523 -0.201259 0.879395 0.431462
1.841484 -4.964520 -84.075929 -10.902593 0.910638 0.391534 0.132055 -0.081920 -0.142173 0.986446 -0.405002 0.909114 0.097394
0.185251 -5.031862 -56.656252 -15.406057 0.916974 0.393354 0.066567 -0.031610 -0.094697 0.995004 -0.397693 0.914497 0.074401
1.316556 -4.735634 -72.992431 -6.638481 0.911655 0.391959 0.123503 -0.112664 -0.050633 0.992342 -0.395210 0.918588 0.002000
2.604318 -4.726211 -58.735205 -4.297420 0.926435 0.346615 0.146892 -0.135041 -0.058243 0.989127 -0.351402 0.936198 0.007151
1.802575 -4.513758 -54.838264 -12.551244 0.919247 0.373497 0.124438 -0.156970 0.057857 0.985907 -0.361034 0.925825 -0.111813
1.048410 -5.561401 -8.904826 -24.673034 0.965121 0.245092 -0.092035 -0.248275 0.745293 -0.618788 0.083067 -0.620055 -0.780148
1.084988 -5.343151 3.207738 -18.542666 0.961139 0.267745 -0.067261 -0.242618 0.702997 -0.668529 0.131711 -0.658868 -0.740638
0.893846 -6.039602 -5.232561 -15.968064 0.963465 0.252302 -0.089878 -0.264036 0.838423 -0.476793 0.044940 -0.483105 -0.874408
0.702044 -10.260559 15.145718 -56.684990 0.940749 0.303416 0.151426 0.334554 -0.757551 -0.560526 0.055360 -0.577975 0.814175
1.080132 -9.384353 13.528312 -43.810195 0.933106 0.309340 0.183362 0.358975 -0.771196 -0.525733 0.021222 -0.556387 0.830653
1.192198 -8.696885 9.133116 -6.248950 0.915190 0.341248 0.214422 0.399889 -0.835099 -0.377753 -0.050156 -0.431461 0.900736
-0.662709 -13.718235 1.782524 -143.931886 0.953723 0.185766 0.236439 0.262994 -0.896538 -0.356445 -0.145762 -0.402132 0.903905
1.234602 -8.631907 -8.831366 -52.160414 0.911399 0.410143 0.033688 -0.182972 0.330543 0.925885 -0.368610 0.850014 -0.376302
0.747294 -8.649389 -16.824046 -25.047406 0.892934 0.449350 0.027456 -0.158641 0.256997 0.953303 -0.421311 0.855592 -0.300766
0.427326 -8.206970 -22.272650 -56.757945 0.883686 0.468078 -0.001271 -0.208362 0.395796 0.894388 -0.419146 0.790094 -0.447289
0.378146 -7.657075 -17.751151 -48.826091 0.888191 0.459364 -0.010034 -0.257738 0.516184 0.816778 -0.380378 0.722869 -0.576865
0.156232 -3.689450 -9.503789 -11.464666 0.807114 0.576246 0.128480 -0.221003 0.093091 0.970820 -0.547471 0.811957 -0.202488
0.004868 -3.634921 -24.190424 -11.427394 0.803781 0.586148 0.101820 -0.242393 0.166358 0.955809 -0.543307 0.792941 -0.275793
0.419199 -3.342600 -11.494480 -17.724624 0.791500 0.589180 0.162465 -0.313767 0.163606 0.935299 -0.524479 0.791265 -0.314359
-1.527062 -9.758749 -33.334944 0.424017 0.963389 0.221572 0.150952 -0.213311 0.974538 -0.069091 -0.162417 0.034362 0.986124
-0.822171 -18.734047 -8.631775 0.712546 -0.804192 -0.469522 0.364452 -0.454926 0.880847 0.130962 -0.382516 -0.060480 -0.921967
-0.949086 -18.873111 -2.682804 91.825057 -0.792278 -0.475977 0.381762 -0.359387 0.869656 0.338436 -0.493089 0.130935 -0.860069
-0.737989 -17.401819 -2.786257 70.635612 -0.794479 -0.488754 0.360448 -0.302212 0.833014 0.463417 -0.526755 0.259244 -0.809519
-0.904443 -19.228092 -1.455587 34.835096 -0.794490 -0.458544 0.398149 -0.488678 0.871978 0.029109 -0.360525 -0.171440 -0.916859
-0.674089 -18.153390 -3.592142 38.923236 -0.805584 -0.471894 0.358260 -0.430613 0.881654 0.193024 -0.406948 0.001226 -0.913450
-0.811585 -18.893569 9.373607 -23.762727 0.808645 0.456324 -0.371298 -0.535561 0.832193 -0.143629 -0.243450 -0.314998 -0.917338
-0.632760 -18.726440 10.580402 -2.329246 0.812028 0.462877 -0.355466 -0.531887 0.837645 -0.124289 -0.240223 -0.289994 -0.926389
0.029337 -15.600669 10.803104 164.645205 0.928277 0.363983 -0.076278 0.017676 0.161695 0.986682 -0.371470 0.917263 -0.143664
-1.106562 -16.413301 65.730363 163.060657 0.944871 0.312677 -0.097218 0.013376 0.259795 0.965571 -0.327168 0.913641 -0.241291
-0.541203 -14.097066 22.149906 175.637323 0.927794 0.355021 -0.114706 0.135985 -0.035486 0.990075 -0.347427 0.934184 0.081202
0.476652 -23.711910 -2.370100 74.152833 0.728603 0.611764 -0.308029 0.460397 -0.104461 0.881545 -0.507121 0.784112 0.357765
0.256332 -27.229027 -4.616377 249.069231 0.707985 0.624143 -0.330458 0.360339 0.083179 0.929105 -0.607382 0.776870 0.166013
-0.112037 -30.511603 -12.493086 347.315335 0.702036 0.586343 -0.404163 0.159926 0.423228 0.891797 -0.693952 0.690710 -0.203350
0.872610 -4.031888 2.007242 -12.720460 0.861321 0.498382 0.098696 -0.467083 0.853199 -0.232131 -0.199898 0.153840 0.967664
0.991793 -4.253315 -8.569589 -8.098975 0.851515 0.513903 0.104050 -0.456771 0.824484 -0.334045 -0.257454 0.236917 0.936797
0.990165 -4.149558 -11.260615 -6.795341 0.876821 0.469689 0.102850 -0.432613 0.864007 -0.257560 -0.209836 0.181340 0.960773
0.791886 -3.969171 -2.019794 -9.524590 0.881119 0.462591 0.098178 -0.442832 0.879969 -0.171913 -0.165919 0.108000 0.980208
0.649601 -11.611634 -3.866625 -49.898467 0.919490 0.391924 0.030572 0.167311 -0.460528 0.871735 -0.355733 0.796436 0.489024
1.993313 -32.344387 -37.002406 -271.083729 0.901031 0.339756 0.269645 0.432363 -0.753244 -0.495666 -0.034703 -0.563195 0.825595
1.340868 -29.209079 -35.069612 -136.882260 0.903116 0.312306 0.294696 0.425992 -0.737886 -0.523503 -0.053959 -0.598322 0.799437
2.649863 -40.105059 -52.404587 -837.515007 0.900393 0.344381 0.265884 0.407104 -0.882467 -0.235623 -0.153490 -0.320396 0.934766
-2.192518 -118.605634 45.598455 -4574.686295 -0.084382 0.730769 -0.677390 0.602235 0.579002 0.549608 -0.793847 0.361571 0.488952
-2.334247 -274.713890 -89.209317 12989.161625 0.083173 -0.773754 0.628002 0.954120 0.243727 0.173929 -0.287639 0.584723 0.758526
-1.656869 -263.293698 -126.294655 10193.929121 0.097920 -0.648472 0.754914 0.948139 0.291282 0.127229 -0.302397 0.703305 0.643364
1.677554 -229.894002 -77.491450 -8807.915719 0.022210 -0.657362 0.753248 0.475801 0.669587 0.570321 -0.879272 0.345729 0.327645
0.021609 -272.158662 -125.257458 11141.981198 0.082928 -0.666494 0.740883 0.928713 0.321301 0.185089 -0.361407 0.672719 0.645627
-0.748638 -3.154834 7.346514 -27.490163 0.744977 0.636762 0.198855 0.661434 -0.666344 -0.344225 0.086683 -0.387969 0.917587
-0.868582 -3.401384 -10.528237 -28.512316 0.786447 0.581968 0.206917 0.611883 -0.688376 -0.389535 0.084260 -0.432957 0.897468
-1.002374 -3.757834 7.437547 -23.329955 0.741994 0.638728 0.203645 0.655333 -0.626987 -0.421220 0.141363 -0.445998 0.883800
-6.900127 -8.478342 82.620370 22.806527 0.800422 0.598287 0.037098 0.410773 -0.502377 -0.760844 0.436566 -0.624235 0.647874
-4.701980 -7.334805 -24.155945 41.196133 0.800917 0.412615 -0.433913 -0.095448 -0.627424 -0.772806 0.591119 -0.660370 0.463131
-4.773437 -8.011360 -28.318491 -24.074178 0.813466 0.480874 -0.327161 -0.101071 0.670825 0.734696 0.572764 -0.564584 0.594295
-5.088798 -8.312982 12.236914 3.240535 0.845299 0.491765 -0.208896 0.223681 -0.680777 -0.697502 0.485218 -0.542872 0.685459
-6.907663 -7.782322 60.618635 -49.699763 0.954026 0.095353 -0.284152 -0.026603 -0.917365 -0.397157 0.298541 -0.386457 0.872653
-4.857504 -7.900013 -49.454972 -51.539756 0.979649 0.096662 -0.175908 0.042909 -0.956997 -0.286908 0.196077 -0.273521 0.941669
-1.928920 -8.667157 -220.957759 -18.451073 0.970625 0.209257 0.118738 0.239010 -0.895217 -0.376113 -0.027592 -0.393444 0.918934
-3.871243 -7.521475 26.428546 -8.687415 0.267827 0.440380 -0.856933 -0.302450 0.882895 0.359194 0.914764 0.162978 0.369656
-3.385251 -7.119527 21.523236 -25.055113 0.238080 0.368348 -0.898687 -0.116701 0.929438 0.350036 0.964209 0.021541 0.264267
0.798628 -3.881847 41.954266 6.220158 0.897590 0.402062 -0.180772 -0.204118 0.015597 -0.978822 0.390727 -0.915480 -0.096068
-1.025731 -5.270774 -44.072056 -3.757184 -0.900776 -0.381088 -0.208264 -0.381566 0.923497 -0.039504 0.207386 0.043882 -0.977274
0.451972 -3.189678 2.971904 -10.645893 0.912544 0.342805 -0.223043 -0.071539 0.670754 0.738221 -0.402674 0.657703 -0.636617
0.426683 -3.273590 -8.823407 10.023893 0.896680 0.378899 -0.228911 -0.104006 0.682948 0.723025 -0.430288 0.624514 -0.651793
1.130839 -9.603320 -6.700560 52.591290 0.969607 0.208008 0.128821 0.071094 0.264268 -0.961825 0.234110 -0.941751 -0.241448
1.281160 -8.446830 -18.333646 72.646970 0.976964 0.192568 0.091974 -0.008254 0.464757 -0.885400 0.213245 -0.864244 -0.455641
