15805
31585
-6.853807 -8.662387 48.219017 173.205091 -0.072447 0.994350 0.077582 -0.601201 0.018528 -0.798883 0.795807 0.104519 -0.596462
-7.738448 -9.910015 104.821973 143.697926 -0.139227 0.988622 0.056937 -0.499117 -0.020398 -0.866294 0.855276 0.149030 -0.496279
-7.084790 -12.490217 -51.541388 326.637970 0.187565 0.868601 0.458642 -0.465705 0.489751 -0.737064 0.864834 0.075345 -0.496372
-6.464953 -9.237265 16.005336 95.958929 -0.347111 0.911511 -0.220593 -0.412528 -0.359642 -0.836946 0.842220 0.199512 -0.500859
-5.714801 -10.300993 -85.723872 317.428409 0.267608 0.885286 0.380334 -0.589987 0.462634 -0.661729 0.761775 0.047308 -0.646112
-4.863745 -6.398350 -18.219107 99.654285 -0.184611 0.972196 -0.144061 -0.663403 -0.231416 -0.711578 0.725131 0.035795 -0.687680
-4.967267 -7.327337 -13.116255 92.198013 -0.442041 0.804287 -0.397142 -0.455683 -0.582713 -0.672903 0.772627 0.116480 -0.624083
1.837060 -12.859687 64.418504 352.998215 0.509504 0.842966 0.172667 -0.379354 0.400169 -0.834239 0.772331 -0.359547 -0.523670
2.723094 -15.328809 99.418345 479.598051 0.521424 0.842258 0.136815 -0.389559 0.377620 -0.840028 0.759185 -0.384713 -0.525009
2.549398 -15.069837 47.546770 292.906132 0.491285 0.869073 0.057890 -0.281859 0.221518 -0.933534 0.824133 -0.442314 -0.353784
2.535511 -13.126205 -48.104454 127.277261 0.482884 0.871966 0.080614 -0.339548 0.271299 -0.900613 0.807175 -0.407519 -0.427080
1.340880 -10.792000 41.635233 197.348689 0.497865 0.847959 0.181920 -0.414434 0.416886 -0.808981 0.761824 -0.327370 -0.558976
-5.357982 -10.262954 7.457705 -16.774874 0.070957 0.995077 -0.069182 -0.657585 0.098817 0.746871 -0.750031 0.007502 -0.661360
-5.449243 -10.146995 6.202137 19.563854 0.063213 0.997588 -0.028682 -0.528853 0.057856 0.846739 -0.846356 0.038356 -0.531235
-5.465032 -9.926369 -14.849942 1.564838 0.159263 0.987070 -0.018094 -0.620180 0.114292 0.776089 -0.768122 0.112381 -0.630364
-5.571422 -9.752913 -11.146022 21.768588 0.125494 0.991437 0.036113 -0.452618 0.024824 0.891359 -0.882830 0.128206 -0.451857
-1.677472 -5.129087 -28.785756 -55.714432 -0.502071 0.857597 -0.111592 -0.563485 -0.422279 -0.710046 0.656056 0.293613 -0.695257
-1.252198 -4.289884 -28.578952 -42.756790 -0.446414 0.893377 -0.050912 -0.551437 -0.319465 -0.770622 0.704721 0.315942 -0.635255
-1.330293 -4.941463 -7.184631 -60.274912 -0.498779 0.855975 -0.136111 -0.522574 -0.422282 -0.740671 0.691473 0.298303 -0.657936
-1.574050 -6.443688 -45.160607 -83.232773 -0.551461 0.810659 -0.196778 -0.552933 -0.531836 -0.641417 0.624624 0.244911 -0.741528
-1.998882 -6.531811 -36.501020 -95.723433 -0.579798 0.794158 -0.182061 -0.563602 -0.552295 -0.614266 0.588376 0.253540 -0.767809
-2.122401 -6.432552 15.661232 -28.798695 0.688982 0.475076 0.547363 -0.306653 -0.493211 0.814068 -0.656710 0.728729 0.194130
-1.967122 -6.548441 0.060451 -22.303163 0.682517 0.439099 0.584262 -0.311823 -0.548052 0.776148 -0.661012 0.711921 0.237134
-1.778161 -6.531768 12.700617 -59.247534 0.697243 0.441919 0.564412 -0.349550 -0.477807 0.805925 -0.625834 0.759215 0.178675
-1.281176 -6.447455 7.017191 -34.649407 0.698666 0.416840 0.581473 -0.343501 -0.517498 0.783711 -0.627593 0.747289 0.218374
-0.995100 -6.341494 44.485158 -31.048692 0.722599 0.427738 0.543038 -0.369739 -0.424599 0.826443 -0.584075 0.797970 0.148664
-0.050240 -5.831552 84.691738 120.696838 -0.168481 0.982690 -0.077038 -0.590118 -0.163159 -0.790658 0.789541 0.087749 -0.607392
-0.029509 -7.374626 88.770801 85.259536 -0.123788 0.992193 -0.015140 -0.540400 -0.080202 -0.837577 0.832253 0.095500 -0.546109
-1.844314 -7.271223 94.554905 135.230871 -0.197338 0.969428 -0.145836 -0.577654 -0.235178 -0.781669 0.792069 0.070010 -0.606404
-1.891829 -4.489725 80.714154 153.206019 -0.308381 0.907993 -0.283637 -0.587890 -0.416326 -0.693583 0.747854 0.047140 -0.662187
-0.042450 -3.445934 82.789417 126.865450 -0.201490 0.971568 -0.124326 -0.627284 -0.225479 -0.745435 0.752274 0.072210 -0.654881
-0.302160 -10.890497 -9.526767 -75.291291 0.052322 0.977631 -0.203715 0.997744 -0.042583 0.051903 0.042067 -0.205971 -0.977654
-0.219564 -9.281309 -9.309083 -89.250389 0.025813 0.977789 -0.207996 0.981886 -0.063867 -0.178386 -0.187708 -0.199624 -0.961725
-0.512393 -10.470726 -7.488070 -70.796754 0.037944 0.980462 -0.193013 0.999058 -0.033153 0.027995 0.021049 -0.193893 -0.980797
1.720548 -18.443309 72.606311 -186.754010 -0.225612 -0.962130 -0.152990 0.969834 -0.236691 0.058311 -0.092314 -0.135219 0.986506
2.891512 -17.658658 57.893592 -169.258515 -0.263544 -0.957854 -0.114279 0.962449 -0.269085 0.035851 -0.065091 -0.100539 0.992802
1.300547 -17.931285 68.373715 -28.990079 -0.227902 -0.961708 -0.152242 0.969273 -0.209212 -0.129387 0.092582 -0.177051 0.979837
2.139896 -17.504103 -74.456027 -219.859638 0.233890 0.959903 0.154537 0.941950 -0.263097 0.208589 -0.240883 -0.096779 0.965717
0.456001 -18.779604 70.886664 -157.881029 -0.186945 -0.966965 -0.173291 0.979061 -0.197861 0.047866 -0.080572 -0.160714 0.983707
2.643685 -13.144980 15.425162 187.206538 0.209294 0.967330 -0.143066 0.661418 -0.247803 -0.707898 0.720224 -0.053532 0.691674
2.791418 -11.603901 -19.910844 135.029738 0.264872 0.961082 -0.078515 0.581256 -0.224099 -0.782254 0.769405 -0.161560 0.617992
2.851984 -13.548189 -11.842133 154.223396 0.252462 0.964846 -0.073038 0.726003 -0.238785 -0.644904 0.639673 -0.109788 0.760766
-1.596646 -3.486066 -11.830326 -68.328126 0.033780 0.997639 -0.059791 -0.428041 -0.039619 -0.902890 0.903128 -0.056093 -0.425692
-1.237387 -4.487978 -17.392054 -86.847532 0.018376 0.995040 -0.097768 -0.486435 -0.076534 -0.870358 0.873524 -0.063552 -0.482616
-1.711008 -3.418047 -2.253107 -66.909468 -0.050475 0.984793 -0.166238 -0.419293 -0.171966 -0.891415 0.906447 -0.024709 -0.421596
-1.861766 -3.117442 -1.131596 6.058477 -0.002505 0.997450 -0.071326 -0.399146 -0.066395 -0.914480 0.916884 -0.026179 -0.398295
-2.201314 -23.947576 -6.207091 -30.713618 -0.022994 0.990184 0.137865 0.962540 -0.015339 0.270706 -0.270164 -0.138925 0.952739
-2.541805 -22.401835 27.300564 37.743073 0.029930 -0.989328 -0.142598 0.997171 0.019712 0.072541 -0.068956 -0.144366 0.987119
-2.712725 -24.325663 -19.310021 68.869504 -0.064582 0.992700 0.101866 0.983834 0.046252 0.173005 -0.167031 -0.111392 0.979639
-2.282967 -25.263053 -6.789357 -160.080599 -0.061522 0.993906 0.091463 0.919194 0.020709 0.393260 -0.388969 -0.108266 0.914867
-1.867385 -23.048760 6.622599 -77.136462 -0.013452 0.991373 0.130379 0.885566 -0.048736 0.461950 -0.464319 -0.121673 0.877271
58.961369 9.689656 136.646859 275.395644 -0.317254 0.015441 -0.948215 0.909427 -0.278527 -0.308812 -0.268872 -0.960304 0.074321
139.306707 -0.568968 4610.929346 244.324994 -0.176323 0.620618 -0.764031 0.839280 -0.310772 -0.446127 -0.514315 -0.719898 -0.466076
160.803085 1.454996 6162.978271 190.171267 0.098674 0.395904 -0.912975 0.848687 -0.512535 -0.130531 -0.519609 -0.761950 -0.386572
0.117227 -27.886131 76.980283 -1008.577609 0.141528 0.982157 -0.123846 0.558109 -0.182492 -0.809451 0.817609 -0.045441 0.573978
0.144422 -22.016790 71.102049 -841.371732 0.173629 0.969762 -0.171508 0.688671 -0.244053 -0.682766 0.703978 -0.000435 0.710222
-1.467228 -27.316091 -37.724345 -957.423969 0.203454 0.975867 -0.079315 0.528808 -0.177702 -0.829930 0.823996 -0.126910 0.552200
6.771286 -12.321140 -276.215534 -139.499669 0.368620 0.900548 0.230506 -0.507613 0.402738 -0.761664 0.778748 -0.163757 -0.605587
4.111114 -13.634337 -403.519939 -45.314294 0.421650 0.895070 0.145122 -0.557969 0.382272 -0.736572 0.714760 -0.229602 -0.660606
4.314265 -13.091431 -373.878890 140.058267 0.381735 0.920245 0.086183 -0.485972 0.279152 -0.828194 0.786200 -0.274269 -0.553775
6.024052 -15.355219 -384.516596 -337.754895 0.412359 0.887678 0.204909 -0.609748 0.436036 -0.661876 0.676881 -0.147988 -0.721063
8.218575 -14.875126 -264.014430 -361.676466 0.364756 0.892782 0.264376 -0.593520 0.441714 -0.672773 0.717418 -0.088485 -0.691001
-1.186416 -16.148199 224.401310 -294.210617 0.066775 0.995553 0.066446 0.970646 -0.080237 0.226733 -0.231056 -0.049356 0.971688
-1.425186 -15.699371 207.406136 62.710840 0.069719 0.994558 0.077422 0.942701 -0.091070 0.320969 -0.326273 -0.050608 0.943920
-3.017502 -14.801633 109.863645 -319.302222 0.030701 0.993174 0.112527 0.962071 -0.059894 0.266144 -0.271067 -0.100088 0.957343
1.688075 -6.708404 195.149467 13.641883 0.133557 0.968679 0.209338 -0.809416 -0.015264 0.587037 -0.571846 0.247845 -0.782026
1.503191 -6.523469 175.638955 12.249740 0.169228 0.971685 0.164894 -0.717890 0.006896 0.696123 -0.675275 0.236179 -0.698730
4.007743 -6.870246 189.060811 8.790104 0.127150 0.979162 0.158347 -0.803542 0.008092 0.595192 -0.581509 0.202918 -0.787827
4.085239 -6.995529 199.848527 10.985031 0.109931 0.976773 0.183926 -0.877613 0.008520 0.479294 -0.466595 0.214105 -0.858165
5.316551 -7.061073 120.629401 4.253048 0.093614 0.989003 0.114497 -0.872472 0.026091 0.487968 -0.479614 0.145576 -0.865319
5.087679 -7.077836 90.651565 -0.038702 0.096978 0.991120 0.090977 -0.797381 0.022666 0.603051 -0.595634 0.131026 -0.792498
-3.711294 -10.931482 -43.076567 136.009873 0.183819 0.982796 -0.017989 -0.729004 0.148581 0.668189 -0.659366 0.109712 -0.743774
-3.685023 -12.612385 -39.065190 177.299414 0.184236 0.982796 -0.012986 -0.821966 0.161304 0.546217 -0.538915 0.089959 -0.837543
-2.957032 -11.122529 -61.680411 163.076003 0.139955 0.988824 -0.051377 -0.748928 0.139657 0.647767 -0.647703 0.052180 -0.760104
-4.167241 -12.480230 -27.792265 158.983318 0.221341 0.974535 0.035910 -0.807715 0.162569 0.566717 -0.546448 0.154443 -0.823130
-3.031493 -9.557896 -54.072508 85.921776 0.139889 0.988966 -0.048764 -0.666550 0.130473 0.733954 -0.732218 0.070169 -0.677446
-4.130406 -10.895859 -29.205338 111.735493 0.230604 0.972868 0.018684 -0.708271 0.154657 0.688791 -0.667213 0.172071 -0.724719
-3.773467 -9.493064 -39.745276 78.740992 0.198531 0.979285 -0.039819 -0.634084 0.159315 0.756674 -0.747344 0.124975 -0.652578
0.819715 -48.463900 169.646060 -1149.556357 -0.067232 0.928252 0.365824 -0.428148 -0.358021 0.829765 -0.901204 0.100840 -0.421500
0.975190 -48.496056 119.075145 -703.397502 -0.061330 0.955969 0.286989 -0.125029 -0.292624 0.948019 -0.990256 -0.022260 -0.137470
2.372313 -56.317032 70.223088 -662.136993 -0.106608 0.936766 0.333324 0.053427 -0.329354 0.942694 -0.992865 -0.118307 0.014937
0.601441 -39.510988 58.024535 -1328.139790 -0.133492 0.933063 0.334026 -0.717679 -0.323449 0.616699 -0.683460 0.157399 -0.712817
-0.749382 -41.742872 153.880238 -1207.983109 -0.071846 0.938256 0.338398 -0.774142 -0.266386 0.574232 -0.628921 0.220712 -0.745483
5.602543 -18.862425 160.668160 -515.002371 0.406941 0.912162 -0.048574 0.516368 -0.273580 -0.811491 0.753500 -0.305147 0.582342
104.441775 -2061.368722 4731.360217 -202220.561002 0.086274 0.983083 -0.161570 -0.453481 -0.105650 -0.884982 0.887081 -0.149620 -0.436694
-100.496499 -322.633036 6478.643338 8915.810508 0.873783 0.331143 -0.356156 -0.409452 0.105792 -0.906177 0.262396 -0.937631 -0.228026
0.230918 -10.949612 119.215577 92.671821 0.094501 0.558702 0.823967 0.005846 0.827345 -0.561664 -0.995508 0.057895 0.074919
2.083266 -10.831331 123.283765 6.000171 0.098532 0.458063 0.883442 -0.140183 0.885298 -0.443391 -0.985211 -0.080155 0.151443
0.962675 -10.303726 12.563243 59.897807 0.087546 0.495101 0.864413 0.024802 0.866393 -0.498747 -0.995852 0.065102 0.063570
0.261638 -10.039821 29.553424 102.386554 0.093008 0.572404 0.814680 0.120746 0.805703 -0.579882 -0.988317 0.152303 0.005822
-1.527727 -6.243488 21.897889 -12.375038 0.201188 0.952284 -0.229517 -0.130634 0.258299 0.957192 -0.970803 0.162593 -0.176367
-1.861412 -6.190656 26.148648 -16.926490 0.160078 0.975318 -0.152084 -0.167771 0.178712 0.969492 -0.972743 0.129679 -0.192238
-1.922247 -6.316676 29.152159 4.317842 0.195112 0.955958 -0.219262 -0.024537 0.228247 0.973294 -0.980474 0.184522 -0.067990
-1.328230 -5.819187 19.045864 -30.800367 0.163206 0.973845 -0.158082 -0.271665 0.198395 0.941720 -0.948452 0.110750 -0.296939
-1.583255 -6.261958 14.072394 10.001249 0.223994 0.937723 -0.265524 0.014179 0.269283 0.962957 -0.974487 0.219461 -0.047022
-1.358583 -6.308438 7.769357 -6.765644 0.231039 0.931937 -0.279491 -0.085719 0.305643 0.948280 -0.969161 0.195132 -0.150500
-1.175430 -5.982607 14.295747 -26.760169 0.208273 0.947679 -0.241922 -0.229677 0.287818 0.929736 -0.950721 0.138075 -0.277605
-0.147876 -8.088985 -6.348978 -16.328151 -0.162484 0.985867 0.040811 -0.955748 -0.146971 -0.254845 0.245245 0.080413 -0.966120
0.087095 -7.389554 5.154915 -41.861140 -0.189879 0.980612 0.048446 -0.893508 -0.152140 -0.422490 0.406928 0.123508 -0.905072
-0.136272 -7.892078 -2.527582 7.346951 -0.181514 0.982924 0.030201 -0.963680 -0.171675 -0.204568 0.195891 0.066236 -0.978386
-0.267243 -7.738619 1.563384 22.776375 -0.187108 0.981935 0.028188 -0.971992 -0.180907 -0.150011 0.142202 0.055467 -0.988282
-0.362823 -7.554484 -9.418471 -19.405202 -0.139669 0.989956 0.021905 0.990121 0.139900 -0.009376 -0.012346 0.020379 -0.999716
2.085829 -20.038051 -54.918786 0.006984 -0.102955 0.974687 -0.198460 0.977369 0.062061 -0.202233 -0.184798 -0.214789 -0.959018
1.680686 -20.889847 -52.031403 -223.487755 -0.120483 0.976596 -0.178170 -0.922355 -0.043760 0.383857 -0.367076 -0.210584 -0.906041
1.230002 -20.308032 -45.457062 -118.821739 -0.099278 0.969737 -0.223056 0.974834 0.049819 -0.217292 -0.199604 -0.239015 -0.950279
1.539043 -22.485839 -39.654327 -427.319312 -0.083912 0.971457 -0.221877 0.996473 0.081632 -0.019444 -0.000777 -0.222726 -0.974881
0.756438 -22.406407 -22.993341 -363.333723 -0.061499 0.971601 -0.228495 0.997968 0.063680 0.002178 0.016667 -0.227897 -0.973543
0.445302 -19.809687 -25.256072 -170.228123 -0.079760 0.969076 -0.233515 0.975896 0.028174 -0.216412 -0.203141 -0.245147 -0.947965
6.371728 -60.053423 -189.236939 -1824.208865 0.122808 0.214110 0.969059 0.833298 -0.552578 0.016487 0.539011 0.805490 -0.246278
-4.896247 -18.923989 -133.926268 530.993879 0.786513 -0.316378 -0.530379 0.591606 0.139564 0.794056 0.177200 0.938311 -0.296940
-8.026004 -112.674941 490.630758 -7668.494602 -0.511871 0.385019 0.767951 0.858970 0.216299 0.464095 0.012579 0.897204 -0.441437
3.351693 0.886992 -122.915007 80.245255 0.267315 0.472467 0.839832 -0.023230 0.874454 -0.484551 -0.963329 0.110019 0.244730
4.552950 1.118449 -239.462200 56.369543 0.216263 0.309075 0.926122 0.009543 0.947856 -0.318556 -0.976288 0.077730 0.202037
3.949973 1.402226 24.331423 23.386078 0.411128 0.071802 0.908746 0.087769 0.989144 -0.117862 -0.907343 0.128216 0.400362
2.257161 -3.889279 -103.320730 14.899410 0.115714 0.894532 0.431766 0.754946 -0.361692 0.547025 -0.645498 -0.262662 0.717176
-1.049958 -3.468037 -160.457312 146.056653 0.002955 0.923003 0.384781 0.742087 -0.259944 0.617848 -0.670297 -0.283715 0.685717
0.989817 -5.309310 -227.664574 204.671850 -0.181911 0.949411 0.255984 0.672272 -0.069902 0.736997 -0.717606 -0.306158 0.625546
-3.842352 -7.858047 -16.891453 97.367315 -0.022086 0.998442 0.051250 0.601838 -0.027655 0.798139 -0.798313 -0.048471 0.600289
-3.984420 -8.952816 -16.582343 70.027263 -0.092082 0.995661 0.013445 0.482897 0.032843 0.875061 -0.870822 -0.087070 0.483825
-3.863771 -8.253457 7.234877 89.894080 -0.092546 0.994770 0.043226 0.575009 0.017952 0.817950 -0.812896 -0.100554 0.573663
-2.085772 -5.309805 -73.685602 102.217675 -0.232533 0.933870 0.271691 0.857004 0.328823 -0.396761 0.459861 -0.140580 0.876792
-1.422385 -5.103905 -32.353350 76.894464 -0.189942 0.947232 0.258213 0.869249 0.284515 -0.404298 0.456429 -0.147659 0.877422
-1.853170 -3.900369 -50.769511 74.288691 -0.261914 0.925022 0.275202 0.819477 0.363782 -0.442853 0.509763 -0.109532 0.853314
-2.077864 -3.757498 -46.638495 98.483470 -0.272264 0.929482 0.248869 0.813356 0.360505 -0.456605 0.514124 -0.078102 0.854152
-1.909385 -2.538418 -17.335427 42.291631 -0.019965 0.996088 0.086080 0.837209 0.063719 -0.543158 0.546518 -0.061222 0.835206
-1.826351 -2.832194 -26.540276 40.087055 -0.116023 0.976882 0.179556 0.827911 0.194988 -0.525874 0.548728 -0.087643 0.831394
-0.515933 -4.950764 -17.929098 -35.379684 -0.078367 0.996898 0.007220 0.295740 0.016331 0.955129 -0.952049 -0.076985 0.296103
-0.247292 -5.277501 -9.561824 -43.922414 -0.078662 0.996868 0.008187 0.289180 0.014958 0.957158 -0.954037 -0.077659 0.289451
-0.435637 -5.631722 -14.206162 38.331953 -0.058040 0.996797 0.055026 0.410659 -0.026401 0.911407 -0.909940 -0.075495 0.407811
-0.438972 -5.264070 -10.683050 40.551097 -0.040060 0.995936 0.080660 0.417311 -0.056671 0.906995 -0.907880 -0.069995 0.413345
-0.500119 -4.502837 -13.841837 -29.036845 -0.069851 0.997500 0.010744 0.301339 0.010833 0.953456 -0.950955 -0.069837 0.301342
-1.189753 -10.297944 -8.922004 -20.549880 0.121027 0.992595 -0.010378 0.140453 -0.027473 -0.989706 0.982662 -0.118323 0.142738
-1.129583 -10.155932 -11.454600 27.550159 0.123408 0.990949 -0.052831 -0.125220 -0.037262 -0.991429 0.984424 -0.128966 -0.119488
-1.247884 -9.701965 -10.128633 18.436070 0.084267 0.994880 -0.055795 -0.064365 -0.050443 -0.996651 0.994362 -0.087576 -0.059785
-1.244828 -9.661869 -8.514971 -26.969100 0.080943 0.996713 -0.003319 0.176538 -0.017614 -0.984136 0.980960 -0.079073 0.177384
-1.106892 -9.542598 -5.215802 -53.740137 0.098195 0.994809 0.026703 0.395742 -0.014414 -0.918249 0.913097 -0.100735 0.395103
-1.092649 -9.918954 1.940958 -52.920895 0.122860 0.992208 0.020693 0.395372 -0.029811 -0.918037 0.910267 -0.120972 0.395954
0.114367 -7.557846 8.558799 -19.178614 -0.171886 -0.969745 -0.173350 0.968199 -0.133826 -0.211377 0.181783 -0.204171 0.961909
0.052212 -8.378345 -7.535617 -73.700727 0.214295 0.963719 0.159132 0.924875 -0.147804 -0.350371 0.314139 -0.222260 0.922994
-0.120404 -8.042347 -11.658891 -61.418120 0.194939 0.965862 0.170616 0.931634 -0.127948 -0.340128 0.306687 -0.225256 0.924772
236.904417 -9.027881 66822.792393 -101.190407 0.380742 0.921528 0.076302 -0.899282 0.349814 0.262531 -0.215238 0.168574 -0.961902
575.595624 -42.378350 152227.786722 2046.378042 0.330570 0.920891 -0.206599 -0.898648 0.374012 0.229230 -0.288366 -0.109883 -0.951194
135.538187 -9.609152 35106.901004 342.317142 0.262550 0.964887 -0.007775 -0.943413 0.258382 0.207870 -0.202580 0.047242 -0.978126
-0.201182 -5.293712 -46.256358 -6.391869 -0.076831 0.987797 0.135477 0.637122 -0.055877 0.768735 -0.766924 -0.145378 0.625055
-0.735455 -5.446440 -69.342397 -50.736079 -0.088676 0.986204 0.139777 0.540532 -0.070224 0.838388 -0.836637 -0.149899 0.526848
0.263822 -5.118525 -35.268019 -49.677618 -0.051848 0.983840 0.171381 0.571685 -0.111470 0.812865 -0.818833 -0.140122 0.556667
0.378151 -5.299726 -22.938130 -31.909351 -0.033731 0.984261 0.173472 0.656284 -0.109092 0.746585 -0.753759 -0.139030 0.642275
-1.342067 -5.759360 102.855020 -90.038116 0.010010 0.995530 -0.093914 0.139141 -0.094392 -0.985764 0.990222 0.003200 0.139463
-0.017814 -5.559344 78.522827 -83.855584 0.003994 0.998355 -0.057194 0.139630 -0.057191 -0.988551 0.990196 0.004038 0.139629
-1.022789 -4.284473 105.204868 -91.664540 0.003379 0.998259 -0.058890 0.229595 -0.058092 -0.971551 0.973280 0.010238 0.229391
-0.259544 -6.732898 69.998897 -70.673771 0.005556 0.995451 -0.095113 0.028427 -0.095234 -0.995049 0.999580 -0.002825 0.028827
-1.550956 -6.982625 101.718707 -80.029324 0.008076 0.993106 -0.116945 0.029756 -0.117136 -0.992670 0.999525 -0.004537 0.030497
1.085304 -6.759184 14.067799 2.895835 0.102806 -0.968604 -0.226355 0.976524 0.141584 -0.162340 0.189291 -0.204352 0.960421
1.393831 -7.033112 -21.650309 4.354093 0.095675 -0.973515 -0.207643 0.993718 0.105577 -0.037116 0.058055 -0.202787 0.977500
1.493580 -6.830534 -26.404142 3.686636 0.100270 -0.974084 -0.202747 0.978704 0.133248 -0.156155 0.179124 -0.182772 0.966700
0.535054 -5.488111 1.769094 8.782035 0.047280 0.978531 0.200602 0.652151 -0.182357 0.735830 -0.756614 -0.096033 0.646772
0.672270 -5.930740 1.070995 17.228340 0.026921 0.986664 0.160530 0.663293 -0.137774 0.735568 -0.747875 -0.086676 0.658156
0.883238 -5.644282 -3.020451 -11.607285 0.080526 0.966732 0.242786 0.713758 -0.225947 0.662946 -0.695748 -0.119906 0.708207
0.373018 -6.201941 -0.812544 34.078634 -0.014093 0.993325 0.114487 0.587968 -0.084378 0.804471 -0.808762 -0.078652 0.582854
0.342964 -5.391741 -21.251343 -28.665597 0.084534 0.959283 0.269500 0.695496 -0.250488 0.673454 -0.713540 -0.130506 0.688352
0.164201 -5.087982 -7.819134 -0.493350 0.053185 0.973740 0.221365 0.638907 -0.203549 0.741866 -0.767443 -0.101975 0.632955
0.267774 -5.701765 -0.547983 36.317353 -0.000549 0.989959 0.141352 0.586140 -0.114206 0.802120 -0.810209 -0.083292 0.580193
-0.987706 -24.004597 -26.102913 -21.360491 -0.094355 0.991374 -0.090963 0.759103 0.012530 -0.650850 0.644096 0.130461 0.753738
-1.468265 -24.754394 -30.987303 -71.234960 -0.097652 0.989878 -0.102986 0.794129 0.015131 -0.607560 0.599852 0.141114 0.787569
-1.108661 -22.862005 -24.691106 -211.831168 -0.080512 0.991641 -0.100831 0.905873 0.030594 -0.422444 0.415828 0.125352 0.900763
-0.606532 -22.177416 -19.004251 -210.980260 -0.079645 0.993655 -0.079408 0.863532 0.028981 -0.503461 0.497965 0.108669 0.860361
-1.382006 -20.622827 1.513774 78.374043 0.202232 0.976440 -0.075287 -0.792015 0.117849 -0.599019 0.576033 -0.180769 -0.797188
-1.531199 -20.445921 7.486932 141.183092 0.172391 0.982021 -0.076917 -0.811437 0.097308 -0.576282 0.558436 -0.161759 -0.813623
-2.026814 -21.633187 10.128249 -0.908237 0.197594 0.977641 -0.071938 -0.658238 0.077942 -0.748764 0.726415 -0.195304 -0.658921
4.862701 -7.058383 148.510661 -75.176875 -0.253017 0.916835 -0.308862 -0.376931 -0.387442 -0.841315 0.891014 0.096448 -0.443613
6.545857 -7.483656 166.094318 362.191316 -0.220074 0.909904 -0.351629 -0.388269 -0.412389 -0.824125 0.894883 0.044842 -0.444043
4.562441 -8.462943 207.164878 333.226134 -0.309468 0.898880 -0.310233 -0.386942 -0.417054 -0.822400 0.868623 0.134464 -0.476879
-2.537327 -6.466603 7.928186 13.864615 -0.048577 -0.522570 0.851212 0.875633 0.387719 0.287996 -0.480529 0.759339 0.438745
-2.370027 -6.417824 55.361615 0.567424 -0.051738 -0.565998 0.822781 0.862728 0.389650 0.322294 -0.503014 0.726512 0.468143
-2.794746 -7.035367 -17.312968 -28.073326 -0.009586 -0.512546 0.858606 0.913226 0.345289 0.216317 -0.407340 0.786175 0.464761
-0.151821 -33.112492 -49.206101 331.133676 -0.361776 0.918638 -0.158817 0.198035 0.242195 0.949802 -0.910989 -0.312164 0.269543
0.297523 -33.762318 -12.141469 452.474567 -0.348774 0.928269 -0.129128 0.409715 0.274934 0.869796 -0.842906 -0.250457 0.476215
-0.037918 -29.764374 -66.149267 181.199367 -0.361104 0.929429 -0.075929 0.543491 0.275922 0.792770 -0.757775 -0.245006 0.604773
2.460850 -6.162263 -30.708024 7.281562 0.063596 0.997304 -0.036599 0.798727 -0.072851 -0.597268 0.598324 -0.008751 0.801207
3.129893 -6.457373 -12.686851 13.240863 0.068353 0.994486 -0.079537 0.858644 -0.099235 -0.502874 0.507994 0.033921 0.860693
2.584494 -6.200899 -15.314376 7.801282 0.077325 0.992669 -0.092892 0.793660 -0.117677 -0.596872 0.603427 0.027572 0.796941
-2.420690 -6.371961 -4.189646 6.693165 -0.033352 -0.570748 0.820448 0.843871 0.423765 0.329098 -0.535509 0.703328 0.467504
-2.150018 -6.684407 73.477599 -29.897818 0.027495 -0.569219 0.821726 0.902537 0.367526 0.224390 -0.429733 0.735469 0.523846
4.890077 -6.921283 671.900390 -72.212300 0.274462 0.952791 0.129843 0.911899 -0.300741 0.279277 -0.305142 -0.041752 0.951391
-1.034105 -10.542461 83.356972 -342.193870 -0.058686 0.995406 0.075643 0.909214 0.022011 0.415746 -0.412171 -0.093175 0.906330
-2.010994 -12.738736 107.099615 -445.090949 -0.212484 0.975994 0.047808 0.914096 0.181240 0.362740 -0.345368 -0.120777 0.930663
2.627388 0.274006 -152.337013 138.339666 0.119753 0.665178 0.737019 -0.095734 0.746639 -0.658305 -0.988177 0.008276 0.153093
2.392535 -0.266212 -73.550356 -162.219101 0.158090 0.769070 0.619306 0.127429 -0.637838 0.759555 -0.979168 0.041160 0.198837
1.433720 -2.989263 -23.883159 -144.482687 0.042666 0.962833 0.266707 0.222858 -0.269396 0.936889 -0.973917 -0.019464 0.226069
1.242509 -2.912276 -25.386377 -191.755243 0.009627 0.971477 0.236940 0.192528 -0.234319 0.952905 -0.981244 -0.036444 0.189293
-467.074139 -580.330140 23818.811253 81777.711901 0.120433 0.769242 -0.627505 -0.581496 -0.457649 -0.672622 0.804586 -0.445898 -0.392195
-338.033015 -563.473236 32542.160729 -38232.576564 0.026974 0.986418 0.162023 -0.014957 0.162462 -0.986601 0.999524 -0.024189 -0.019137
-459.734290 -1184.695780 -59287.205281 -154495.661444 0.781449 0.586913 -0.211827 -0.006588 -0.331702 -0.943361 0.623934 -0.738584 0.255342
-643.155347 -2070.914637 51014.475592 205077.879648 -0.312059 0.939900 -0.138589 -0.671228 -0.321350 -0.667972 0.672363 0.115422 -0.731167
-344.379179 -842.275110 -28507.000433 100460.897371 0.806013 0.419508 -0.417560 -0.527993 0.190740 -0.827551 0.267518 -0.887486 -0.375236
-1.171611 -18.375943 49.674868 217.108158 0.976251 -0.208617 -0.058425 0.193468 0.960873 -0.198225 -0.097492 -0.182214 -0.978414
0.195218 -21.008582 5.138603 95.885264 0.989218 -0.119733 -0.084326 0.073982 0.905506 -0.417834 -0.126386 -0.407091 -0.904601
-1.080447 -17.845560 2.733999 414.810203 0.995609 0.025777 -0.089990 -0.049038 0.962495 -0.266831 -0.079736 -0.270073 -0.959533
-3.431852 -12.332868 -67.721639 259.062441 -0.971251 0.219108 0.093081 0.215625 0.975388 -0.046077 -0.100886 -0.024682 -0.994592
-1.848588 -15.542237 62.483855 64.603495 0.914835 -0.400465 -0.052001 0.402157 0.915165 0.027239 -0.036681 0.045832 -0.998275
-8.818249 -11.299865 97.891304 99.820313 -0.102160 0.976582 0.189342 -0.394432 0.134969 -0.908959 0.913229 0.167542 -0.371407
3.721689 -9.925724 128.326328 410.601023 0.560585 0.801489 0.208228 -0.475044 0.517216 -0.711913 0.678290 -0.300171 -0.670687
5.249797 -17.920368 139.267625 598.360184 0.584098 0.800740 0.132835 -0.381642 0.415367 -0.825724 0.716365 -0.431609 -0.548211
4.234554 -17.828983 39.893370 232.183339 0.561599 0.826375 0.041349 -0.186941 0.175408 -0.966584 0.806014 -0.535103 -0.252992
4.764342 -0.565457 282.540695 -41.444744 -0.757096 0.506251 -0.412935 0.490877 0.857906 0.151780 0.431098 -0.087788 -0.898024
2.316157 -1.645753 227.536532 146.240441 -0.613233 0.720566 -0.323621 -0.683858 -0.689348 -0.239034 0.395327 -0.074727 -0.915496
0.878722 -2.016804 222.806845 99.099115 -0.625553 0.709951 -0.323501 -0.672198 -0.700930 -0.238426 0.396022 -0.068308 -0.915697
3.954623 -3.309309 305.390312 187.319114 -0.766404 0.514402 -0.384728 0.491803 0.855177 0.163712 0.413224 -0.063740 -0.908396
6.428819 -5.385165 287.461205 309.185653 -0.654387 0.628539 -0.420376 0.598502 0.770301 0.220070 0.462138 -0.107585 -0.880258
5.466006 -1.488536 89.997351 -79.401680 -0.789702 0.211260 -0.575969 0.269562 0.962843 -0.016430 0.551097 -0.168234 -0.817306
-1.038063 -3.722026 -25.441621 -47.518410 -0.421144 0.906438 -0.031759 -0.527662 -0.273339 -0.804275 0.737706 0.321958 -0.593407
-1.150204 -3.571934 -13.878258 -38.091316 -0.384801 0.921140 0.058553 -0.570899 -0.187683 -0.799281 0.725260 0.340992 -0.598099
-2.142533 -6.408434 18.116947 -21.115010 0.681895 0.475766 0.555577 0.224371 0.586884 -0.777962 -0.696187 0.655144 0.293446
-1.550572 -6.455812 14.703905 -42.772462 0.686372 0.408840 0.601451 0.269395 0.625253 -0.732452 -0.675514 0.664762 0.319017
-0.062978 -8.189511 92.578211 0.173646 -0.079459 0.995513 0.051388 -0.472091 0.007822 -0.881515 0.877961 0.094304 -0.469351
1.306844 -7.328540 58.059570 77.782976 -0.054784 0.997926 0.033803 -0.496178 0.002170 -0.868218 0.866491 0.064337 -0.495030
1.210434 -7.639430 57.897644 -18.195192 -0.028909 0.996599 0.077171 -0.418110 0.058069 -0.906539 0.907936 0.058473 -0.415009
2.068267 -6.630218 23.335349 86.290322 -0.009616 0.999925 0.007595 -0.506300 0.001681 -0.862356 0.862304 0.012137 -0.506246
2.019411 -7.053282 25.452057 12.834191 0.001922 0.999296 0.037458 -0.431441 0.034621 -0.901477 0.902139 0.014429 -0.431204
-0.772401 -11.388403 -8.519407 51.153224 0.055519 0.982606 -0.177210 -0.969051 0.010272 -0.246645 0.240534 -0.185420 -0.952766
-0.978402 -11.751012 -6.358656 34.593737 0.072084 0.986154 -0.149344 -0.887258 -0.004996 -0.461247 0.455607 -0.165756 -0.874613
-0.769006 -12.041864 -12.444399 20.120030 0.084180 0.980601 -0.177020 -0.875096 -0.012213 -0.483795 0.476571 -0.195635 -0.857092
2.518526 -17.421910 -52.682830 31.331544 0.269091 0.958808 0.090974 0.947918 -0.246947 -0.201169 0.170417 -0.140369 0.975323
3.439619 -17.296556 -13.038179 -109.332580 0.283890 0.958851 0.003335 0.957967 -0.283476 -0.044044 0.041286 -0.015698 0.999024
3.489740 -16.446000 -38.772116 -228.607403 0.287698 0.953869 0.085814 0.931942 -0.299477 0.204445 -0.220713 -0.021156 0.975109
1.762142 -9.399863 37.858996 75.764060 0.143314 0.973647 -0.177406 0.403832 -0.221185 -0.887692 0.903538 -0.055577 0.424889
2.407883 -9.557600 18.446233 13.986522 0.200714 0.969172 -0.142894 0.443837 -0.219996 -0.868683 0.873340 -0.110935 0.474311
2.141389 -11.035365 45.754645 125.084079 0.150648 0.969319 -0.194230 0.551352 -0.245460 -0.797346 0.820559 -0.013030 0.571414
-2.279017 -13.406232 79.220551 61.194454 0.123353 0.503967 0.854869 0.985118 -0.166091 -0.044233 0.119694 0.847603 -0.516955
-3.243763 -12.603646 131.426128 153.105441 0.169130 0.497779 0.850654 0.920932 -0.387285 0.043525 0.351111 0.776033 -0.523922
-3.892504 -13.981368 83.867174 36.307232 0.114382 0.545116 0.830521 0.990098 -0.131035 -0.050354 0.081378 0.828057 -0.554707
-1.561334 -11.944465 108.658749 174.906515 0.190879 0.464555 0.864728 0.902277 -0.429980 0.031829 0.386602 0.774149 -0.501231
-2.804384 -13.880306 80.179869 -68.647483 0.080686 0.512435 0.854927 0.983100 0.100494 -0.153019 -0.164328 0.852825 -0.495667
-1.371774 -13.529196 102.139502 -55.578396 0.102376 0.481751 0.870308 0.986333 0.064385 -0.151664 -0.129099 0.873940 -0.468575
-0.613736 -12.824928 119.206606 82.541124 0.147202 0.471853 0.869302 0.976109 -0.211312 -0.050589 0.159823 0.855980 -0.491686
-0.778618 -4.542549 -38.998185 -95.273379 0.090118 0.995740 -0.019491 -0.480808 0.026359 -0.876429 0.872182 -0.088354 -0.481136
-0.384306 -5.721426 -38.162729 -65.023380 0.061296 0.995997 -0.065055 -0.562475 -0.019374 -0.826587 0.824539 -0.087259 -0.559036
-0.850475 -5.559686 -24.642719 -63.772861 -0.002184 0.991561 -0.129622 -0.565102 -0.108165 -0.817900 0.825018 -0.071464 -0.560569
-0.414685 -7.596436 9.398937 30.808690 -0.179297 0.983209 0.033959 -0.978804 -0.174808 -0.106695 0.098967 0.052369 -0.993712
-0.620895 -7.888908 9.146433 23.772885 -0.168328 0.985210 0.032039 -0.944800 -0.151984 -0.290266 0.281103 0.079131 -0.956410
-0.540371 -7.467555 7.622369 30.823613 -0.159813 0.986870 0.023406 -0.984677 -0.157692 -0.074464 0.069795 0.034948 -0.996949
-0.376530 -7.725517 15.197230 9.578282 -0.192430 0.980342 0.043594 -0.929823 -0.167953 -0.327446 0.313688 0.103545 -0.943864
2.760880 -33.745659 20.513216 142.608613 0.095817 0.942127 0.321273 0.995302 -0.086185 -0.044104 -0.013863 0.323990 -0.945959
4.851331 -29.025363 58.268357 -560.207205 0.152021 0.939690 0.306386 -0.936777 0.235838 -0.258513 0.315180 0.247716 -0.916132
2.426485 -34.324769 74.779172 372.075536 0.052773 0.934725 0.351432 0.995680 -0.076175 0.053092 0.076397 0.347112 -0.934707
3.371390 -33.569051 -32.824705 358.341021 0.141835 0.948136 0.284465 0.989135 -0.146973 -0.003318 0.038663 0.281845 -0.958681
0.719187 -34.998167 54.379988 -15.961084 0.033578 0.932628 0.359275 0.973143 0.051403 -0.224388 -0.227738 0.357160 -0.905854
1.138835 -33.537466 29.645965 -233.925288 0.091536 0.944410 0.315770 0.957051 0.004165 -0.289889 -0.275089 0.328743 -0.903468
-0.664030 -6.274564 123.190987 15.373858 0.134301 0.973418 0.185530 -0.745228 -0.024190 0.666371 -0.653145 0.227756 -0.722169
-2.953675 -13.094031 -56.458302 216.240708 0.160441 0.985055 -0.062657 -0.834048 0.169245 0.525091 -0.527848 0.031987 -0.848737
-3.650351 -14.182060 -33.777368 106.274302 0.208217 0.977970 -0.014819 -0.914170 0.199976 0.352567 -0.347763 0.059863 -0.935669
-4.177827 -13.885552 -24.358083 110.084868 0.234507 0.971354 0.038438 -0.900962 0.202324 0.383840 -0.365067 0.124645 -0.922599
3.795931 -64.283915 -6.397110 119.404895 -0.116032 0.948977 0.293222 0.372393 -0.232117 0.898579 -0.920793 -0.213458 0.326460
1.745509 -50.514098 -128.633622 -488.383126 -0.118097 0.970573 0.209860 0.009627 -0.210210 0.977609 -0.992955 -0.117472 -0.015482
0.730036 -49.584489 -53.852652 -1273.677681 -0.125037 0.961391 0.245137 -0.376379 -0.274570 0.884845 -0.917989 -0.018374 -0.396179
0.505102 -3.527148 -101.370469 -20.491553 -0.098699 -0.475811 0.873992 0.090195 0.870388 0.484035 -0.991021 0.126604 -0.042990
0.481407 -3.403909 -20.578612 -23.076133 -0.030812 -0.290248 0.956455 0.129452 0.947691 0.291759 -0.991107 0.132805 0.008373
1.253568 -3.201908 -43.863881 14.802269 -0.034977 -0.288250 0.956916 0.100191 0.951667 0.290331 -0.994353 0.106029 -0.004407
0.643892 -3.465490 -119.503508 9.727733 -0.106396 -0.466053 0.878336 0.033995 0.881129 0.471653 -0.993743 0.080041 -0.077905
-1.160071 -4.018348 -154.090710 -55.894880 -0.154191 -0.688228 0.708920 0.036499 0.713044 0.700169 -0.987367 0.133835 -0.084825
-0.765019 -3.976998 -117.982455 -77.033962 -0.142355 -0.633351 0.760659 0.084059 0.757973 0.646846 -0.986240 0.156023 -0.054663
-2.357829 -6.361032 28.211774 -0.481259 0.153422 0.978526 -0.137653 -0.056732 0.147795 0.987390 -0.986531 0.143678 -0.078188
-2.273287 -6.256342 9.926568 -13.819979 0.092818 0.995273 -0.028584 -0.165273 0.043710 0.985279 -0.981871 0.086728 -0.168548
-1.650458 -5.867484 8.806478 -33.728298 0.096626 0.994619 -0.037379 -0.280125 0.063212 0.957880 -0.955088 0.082086 -0.284726
2.461698 -21.482101 -35.525426 -408.126080 -0.106358 0.986841 -0.121791 -0.943748 -0.061620 0.324874 -0.313094 -0.149493 -0.937883
2.243988 -21.466102 -34.993077 -186.352285 -0.116007 0.987767 -0.104204 -0.803913 -0.031762 0.593898 -0.583323 -0.152668 -0.797764
-7.889704 -16.904682 -390.003066 978.689607 0.973973 -0.014418 0.226205 -0.212540 0.288690 0.933534 0.078763 0.957314 -0.278112
-1.664959 -9.738474 55.538257 -365.618888 -0.350984 0.356880 0.865706 0.922122 -0.028999 0.385812 0.162793 0.933700 -0.318908
12.920425 -205.136396 287.493528 13787.866092 0.974576 -0.183411 -0.128694 0.158306 0.157196 0.974797 0.158558 0.970387 -0.182234
5.064148 -10.601261 57.936871 -117.939672 -0.457286 0.750608 0.476946 0.829893 0.552927 -0.074501 -0.319637 0.361745 -0.875770
2.990195 -9.144439 19.627603 179.058626 -0.520827 0.700372 0.488076 -0.724890 -0.664811 0.180448 -0.450859 0.259819 -0.853944
4.182620 -8.935518 17.368887 121.686503 -0.416746 0.820914 0.390414 -0.814895 -0.527705 0.239735 -0.402825 0.218238 -0.888878
5.541779 -11.516603 82.129605 -26.264325 -0.423611 0.813482 0.398498 0.875496 0.480590 -0.050393 -0.232508 0.327537 -0.915784
7.181005 -14.022791 146.551838 -191.315444 -0.469789 0.738988 0.482903 0.868801 0.484000 0.104541 -0.156471 0.468659 -0.869411
-1.091039 -3.267213 -36.278599 -133.182739 -0.016508 0.904167 -0.426860 -0.429083 -0.392015 -0.813764 0.903114 -0.169724 -0.394434
-1.060451 -2.832751 -53.347950 63.614633 0.250664 0.948287 0.194730 -0.320451 0.271090 -0.907646 0.913498 -0.165113 -0.371832
-0.046780 -3.940013 -74.070986 -60.937242 0.108412 0.979123 -0.171944 -0.431927 -0.109390 -0.895250 0.895369 -0.171323 -0.411051
-3.491798 -6.256165 13.405982 53.234125 -0.042483 0.995725 0.082014 0.709353 -0.027746 0.704307 -0.703572 -0.088098 0.705142
-2.372164 -5.024050 -90.669155 21.281534 -0.261528 0.956845 -0.126691 0.718639 0.280661 0.636229 -0.644329 -0.075347 0.761027
-3.672960 -6.279975 18.618736 19.071483 0.080441 0.987336 0.136735 0.717133 -0.152603 0.680024 -0.692278 -0.043355 0.720327
-1.510038 -6.705911 -45.978873 86.702745 -0.153031 0.956283 0.249209 0.920576 0.229645 -0.315916 0.359334 -0.181071 0.915474
-0.728552 -6.311696 -22.106695 62.345216 -0.117835 0.963383 0.240847 0.926608 0.193885 -0.322190 0.357089 -0.185206 0.915525
-0.967680 -5.133627 -6.776156 61.906048 -0.134424 0.962047 0.237478 0.878406 0.226605 -0.420776 0.458620 -0.152040 0.875529
-1.346595 -4.217605 -12.479994 46.344375 -0.112057 0.969410 0.218374 0.852640 0.206662 -0.479891 0.510341 -0.132419 0.849716
-0.006954 -5.534174 -8.651137 -53.412353 -0.082780 0.996480 0.013210 0.280806 0.010605 0.959706 -0.956188 -0.083153 0.280696
0.029774 -2.520024 -10.784196 -213.123287 -0.098225 0.993369 -0.059754 0.161814 0.075188 0.983953 -0.981921 -0.086980 0.168126
-0.185391 -5.970582 -7.786637 34.265216 -0.063508 0.996944 0.045497 0.405897 -0.015845 0.913782 -0.911710 -0.076500 0.403650
0.196682 -2.576219 -14.902487 -228.345250 -0.095442 0.995110 -0.025417 0.155091 0.040087 0.987087 -0.983279 -0.090267 0.158159
0.024963 -6.300532 -6.470160 24.838117 -0.068456 0.996763 0.042167 0.398458 -0.011432 0.917115 -0.914628 -0.079584 0.396385
0.150167 -5.720554 -10.327611 -67.093663 -0.083836 0.996343 0.016514 0.270358 0.006792 0.962736 -0.959103 -0.085177 0.269938
-0.953004 -9.383860 -6.977980 66.344180 0.100300 0.990911 -0.089642 -0.334568 -0.051260 -0.940976 0.937019 -0.124372 -0.326386
-0.962959 -9.799387 -5.705795 52.534803 0.134998 0.988025 -0.074719 -0.317721 -0.028263 -0.947763 0.938525 -0.151686 -0.310100
-1.012437 -9.175614 -2.584583 56.183012 0.060677 0.992502 -0.106109 -0.289385 -0.084248 -0.953498 0.955288 -0.088561 -0.282103
-0.638664 -8.414056 0.527821 67.079646 0.077400 0.989259 -0.123998 -0.500821 -0.068962 -0.862799 0.862083 -0.128882 -0.490104
-0.640779 -8.219228 9.951503 65.761159 0.035090 0.988243 -0.148809 -0.475970 -0.114403 -0.871989 0.878761 -0.101426 -0.466360
0.097491 -10.351735 -10.065245 -103.637374 0.270256 0.955071 0.121658 0.818214 -0.161236 -0.551841 0.507432 -0.248681 0.825028
0.437547 -10.779162 -16.804386 -103.231250 0.279470 0.953306 0.114474 0.801217 -0.165846 -0.574931 0.529100 -0.252395 0.810154
0.069250 -11.661623 -13.760752 -62.683977 0.284339 0.952755 0.106811 0.662899 -0.114894 -0.739840 0.692615 -0.281170 0.664250
0.466183 -9.421087 -15.215614 -91.259171 0.248518 0.959512 0.132573 0.904431 -0.180867 -0.386383 0.346761 -0.215927 0.912761
-0.227889 -11.304266 -6.679706 -70.005670 0.273592 0.955751 0.108105 0.685382 -0.114863 -0.719067 0.674832 -0.270824 0.686481
0.207812 -8.855781 -7.450689 -85.787692 0.233163 0.961616 0.144668 0.915900 -0.167176 -0.364938 0.326745 -0.217592 0.919724
-0.096878 -9.811558 -5.524242 -94.315732 0.249976 0.959212 0.132001 0.835117 -0.144601 -0.530727 0.489992 -0.242905 0.837201
0.684019 -12.723539 21.842190 -139.418417 0.352506 0.909103 -0.221971 0.669197 -0.410689 -0.619282 0.654152 -0.069759 0.753139
0.769531 -10.732637 9.718586 -110.678006 0.361610 0.908324 -0.210205 0.720405 -0.415338 -0.555438 0.591824 -0.049420 0.804551
0.407234 -11.228075 30.194144 -43.256367 0.306728 0.933044 -0.188005 0.819962 -0.359336 -0.445577 0.483300 0.017486 0.875280
0.940027 -13.835847 -6.756172 -201.804474 0.407028 0.882183 -0.236814 0.541798 -0.441905 -0.714965 0.735379 -0.162706 0.657833
-0.136236 -12.251637 31.087353 -78.351473 0.295142 0.937608 -0.183799 0.804765 -0.347644 -0.481142 0.515019 0.005910 0.857158
0.280907 -14.501709 30.315843 -151.731999 0.316112 0.926088 -0.205995 0.640793 -0.368533 -0.673474 0.699612 -0.080893 0.709929
1.336710 -16.771871 20.144489 -217.565385 0.370717 0.897967 -0.237115 0.456174 -0.398440 -0.795708 0.808996 -0.186817 0.557338
0.662755 -8.932329 -16.164630 -8.833409 0.224026 0.970289 0.091391 0.719280 -0.101336 -0.687289 0.657608 -0.219707 0.720611
0.489713 -8.315296 -22.293502 -41.250460 0.215259 0.972328 0.090785 0.721497 -0.095699 -0.685772 0.658108 -0.213120 0.722132
0.581919 -11.498017 4.417521 -208.998197 0.176781 0.979308 0.098507 0.652563 -0.041695 -0.756587 0.736825 -0.198032 0.646431
0.513199 -9.679437 -16.586836 163.466412 0.275858 0.960876 0.024906 0.755522 -0.200739 -0.623611 0.594213 -0.190845 0.781338
0.851728 -10.968998 3.154791 -129.747012 0.185948 0.976225 0.111393 0.630498 -0.031601 -0.775548 0.753589 -0.214445 0.621383
0.636634 -10.382392 1.213833 133.180021 0.272379 0.961788 0.027831 0.782193 -0.204488 -0.588523 0.560343 -0.182070 0.808001
