13020
26018
-6.265288 -7.657540 15.374794 -147.646672 -0.515709 0.855897 0.038520 0.850364 0.505855 0.144887 0.104523 0.107475 -0.988698
-8.075724 -10.722936 -42.178611 205.677496 0.042773 0.978548 0.201532 -0.972663 0.086870 -0.215362 0.228249 0.186811 -0.955512
-6.219154 -10.818847 -106.935727 342.537717 0.214904 0.970040 0.113312 -0.967860 0.227053 -0.108142 0.130630 0.086430 -0.987657
-6.341320 -8.564521 -54.716598 -99.083219 0.817577 -0.575421 -0.021409 0.558870 0.784008 0.270177 0.138681 0.232855 -0.962573
-4.921836 -7.090641 -84.651713 170.555895 -0.027191 0.999020 0.034929 -0.998549 -0.025521 -0.047417 0.046479 0.036168 -0.998264
-4.374775 -6.225582 -1.506059 -91.866627 0.856429 -0.516143 -0.011245 0.515375 0.853469 0.077329 0.030315 0.072022 -0.996942
-4.718649 -7.494535 5.284024 -101.000286 0.865916 -0.499389 -0.028276 0.496378 0.850979 0.171592 0.061629 0.162619 -0.984762
-6.296391 -9.800922 -57.886732 -42.038633 0.939008 -0.283103 -0.195235 0.329096 0.574999 0.749047 0.099798 0.767612 -0.633097
-6.818527 -10.315165 -56.039947 -64.388030 0.893622 -0.354501 -0.275262 0.413982 0.414127 0.810628 0.173375 0.838348 -0.516830
-7.059621 -10.049752 -40.338914 -68.920645 0.834051 -0.492867 -0.247874 0.507076 0.507872 0.696377 0.217333 0.706504 -0.673512
-7.080571 -10.489704 13.056598 -42.900333 0.701514 -0.667769 -0.248922 0.613667 0.388436 0.687409 0.362340 0.634982 -0.682281
-6.748762 -10.139755 -9.354438 -44.884556 0.777878 -0.599902 -0.187145 0.574779 0.558817 0.597790 0.254036 0.572575 -0.779502
-0.323043 -3.359409 -11.447432 -26.654969 -0.099007 0.988925 0.110564 -0.867185 -0.031253 -0.497005 0.488046 0.145086 -0.860675
-0.048493 -3.217706 -21.122097 29.433641 -0.066099 0.990872 0.117487 -0.901943 -0.008973 -0.431762 0.426767 0.134506 -0.894303
0.065044 -3.527940 18.466658 -43.841662 -0.108969 0.987350 0.115173 -0.857092 -0.034636 -0.513998 0.503507 0.154724 -0.850024
-0.494009 -3.082944 10.596102 -58.595257 -0.195686 0.978290 0.068229 -0.815287 -0.123627 -0.565706 0.544989 0.166327 -0.821780
1.939973 -4.225536 120.057849 -48.070140 -0.024998 0.982684 0.183593 -0.873385 0.067885 -0.482276 0.486388 0.172403 -0.856565
2.087507 -3.405086 128.067429 -110.059276 -0.128044 0.983112 0.130751 -0.813788 -0.028793 -0.580448 0.566880 0.180727 -0.803732
0.299817 -3.220070 54.302071 -78.557468 -0.215991 0.974512 0.060620 -0.806308 -0.143008 -0.573948 0.550650 0.172846 -0.816645
-2.956762 -3.053952 23.194519 64.066494 -0.094387 0.837340 -0.538472 0.574539 0.487539 0.657428 -0.813017 0.247320 0.527102
-2.906848 -4.309332 36.892308 55.574977 0.098594 0.943829 -0.315384 0.495651 0.228242 0.837995 -0.862907 0.238942 0.445307
-3.333677 -3.673412 33.473273 58.871927 0.286427 0.952720 0.101414 0.486738 -0.235866 0.841102 -0.825255 0.191552 0.531283
-1.921932 -3.529223 74.689618 27.089480 0.611189 0.151638 0.776823 0.046345 0.972935 -0.226383 -0.790127 0.174364 0.587619
-3.358955 -4.113656 66.802478 17.011417 0.535841 0.490542 0.687199 -0.196923 0.864073 -0.463249 -0.821033 0.112903 0.559605
-3.851323 -4.767160 23.671054 48.264920 0.136388 0.990285 0.027108 0.460402 -0.087591 0.883379 -0.877171 0.108002 0.467875
-0.617965 -13.028910 -11.776700 0.743610 -0.474981 0.873754 0.104623 -0.661471 -0.276087 -0.697303 0.580387 0.400412 -0.709099
-0.489125 -12.700323 -5.997487 -8.585004 -0.477069 0.870719 0.119388 -0.494377 -0.153559 -0.855576 0.726634 0.467191 -0.503722
-0.437800 -13.024705 -6.831774 0.838687 -0.478467 0.872633 0.097879 -0.646783 -0.274834 -0.711434 0.593920 0.403704 -0.695904
-0.534902 -12.909583 -6.024097 0.489188 -0.487047 0.868009 0.096668 -0.772962 -0.376875 -0.510388 0.406590 0.323304 -0.854494
-0.702645 -12.691883 -8.526916 8.924794 -0.488945 0.865835 0.106128 -0.784463 -0.383228 -0.487600 0.381510 0.321663 -0.866593
-7.613703 -23.488932 3.585736 -186.316864 0.019103 0.999276 -0.032896 -0.371936 -0.023438 -0.927963 0.928062 -0.029962 -0.371219
-7.701984 -22.175291 3.794886 111.373307 0.010531 0.997759 -0.066076 -0.681202 -0.041216 -0.730934 0.732019 -0.052709 -0.679242
-7.465968 -22.859742 79.034597 -94.591739 -0.134770 0.988992 0.061093 -0.478270 -0.010928 -0.878145 0.867811 0.147566 -0.474477
-7.174245 -22.174040 96.327718 -215.170202 -0.175533 0.978920 0.104419 -0.199622 0.068470 -0.977478 0.964022 0.192424 -0.183395
-6.698232 -21.998049 101.409125 -114.148514 -0.276274 0.951390 0.136120 -0.484122 -0.015413 -0.874865 0.830240 0.307601 -0.464847
1.072483 -6.243877 -8.449474 2.365550 -0.503826 0.728071 0.464835 0.289602 0.649353 -0.703187 0.813812 0.219667 0.538011
1.210690 -6.553769 8.506576 -9.788976 -0.528213 0.733984 0.426917 0.337330 0.642795 -0.687766 0.779230 0.219275 0.587128
0.795908 -6.688251 6.708248 -34.975317 -0.506359 0.768703 0.390765 0.238252 0.560228 -0.793335 0.828756 0.308612 0.466821
0.649016 -6.265734 -4.664434 -24.280409 -0.488473 0.761480 0.426077 0.190318 0.569516 -0.799644 0.851571 0.309514 0.423117
0.341816 -7.462284 1.519892 -63.946789 -0.486775 0.809530 0.328192 0.137226 0.441912 -0.886500 0.862681 0.386490 0.326201
0.373068 -8.071260 7.901484 -70.153788 -0.494844 0.818406 0.292132 0.177551 0.424308 -0.887941 0.850650 0.387524 0.355275
0.023185 -7.417352 -131.260636 -19.871075 -0.346904 0.838928 0.419353 0.478355 0.542853 -0.690281 0.806743 0.038861 0.589623
-0.858388 -7.571573 -177.166001 -11.670511 -0.359345 0.797282 0.484987 0.328228 0.594474 -0.734075 0.873578 0.104600 0.475311
-7.294721 -20.850309 -7.477923 -1780.460999 0.527091 0.297107 -0.796180 -0.171773 0.954803 0.242582 0.832267 0.008900 0.554303
-6.703781 -15.994861 -21.165649 -1549.892493 0.646502 0.229109 -0.727698 -0.098472 0.970923 0.218201 0.756530 -0.069410 0.650265
-7.199988 -73.535487 -24.487708 -7359.111352 0.485845 0.398969 -0.777675 -0.237839 0.916515 0.321610 0.841063 0.028709 0.540174
-6.940275 -74.102639 -24.582978 -8063.497736 0.608780 0.333404 -0.719881 -0.171293 0.941243 0.291068 0.774626 -0.053885 0.630120
-0.649198 -6.913769 0.095706 25.378477 -0.484988 0.845707 0.222635 -0.735386 -0.532166 0.419532 -0.473279 -0.039746 -0.880015
-0.393625 -7.656556 -16.252660 27.184462 -0.565440 0.795168 0.219058 -0.748792 -0.606260 0.267881 -0.345817 0.012558 -0.938218
-0.940224 -6.816911 -23.852352 14.650159 -0.568117 0.793098 0.219633 -0.664083 -0.599443 0.446835 -0.486041 -0.108001 -0.867237
-0.121623 -7.949840 12.243875 43.656220 -0.498101 0.835849 0.230762 -0.796929 -0.546162 0.258091 -0.341759 0.055345 -0.938156
-1.058148 -6.317158 6.764145 32.668360 -0.460111 0.855026 0.239224 -0.653114 -0.508463 0.561166 -0.601448 -0.101958 -0.792379
-0.655794 -7.375560 27.436873 40.261264 -0.416877 0.878353 0.233901 -0.761630 -0.477994 0.437541 -0.496118 -0.004254 -0.868245
-1.948548 -23.404193 0.917567 -25.537435 -0.044486 -0.988954 0.141391 0.998645 -0.047846 -0.020452 0.026991 0.140290 0.989743
-2.183454 -22.147328 -22.045268 171.411117 0.050112 0.991965 -0.116166 0.970736 -0.075728 -0.227895 0.234860 0.101346 0.966731
-2.633973 -22.900034 11.352111 271.014002 0.010048 0.984568 -0.174714 0.967114 -0.053975 -0.248549 0.254143 0.166471 0.952732
-2.160409 -24.654791 -5.208675 -125.461151 -0.005464 -0.986003 0.166637 0.997582 0.006171 0.069226 -0.069286 0.166612 0.983585
-1.636762 -23.279365 3.812030 -194.986560 0.046649 0.988883 -0.141188 0.980352 -0.018204 0.196413 -0.191659 0.147576 0.970303
1.387813 -23.189594 36.946690 100.456576 -0.650306 0.125709 0.749199 0.662789 -0.388049 0.640413 0.371231 0.913025 0.169032
1.280560 -25.524643 21.321271 280.497795 -0.673839 0.137648 0.725943 0.692047 -0.226640 0.685350 0.258865 0.964203 0.057460
1.082657 -26.045016 9.666099 99.783551 -0.666885 0.139985 0.731894 0.698171 -0.225886 0.679362 0.260425 0.964044 0.052906
1.231576 -30.531101 -43.305398 275.319986 0.710608 -0.116222 -0.693923 0.699609 0.011965 0.714426 0.074729 0.993151 -0.089812
1.093362 -23.965563 47.522309 61.708704 0.612604 -0.161150 -0.773787 0.590896 -0.556822 0.583774 0.524937 0.814850 0.245888
0.341894 -21.770942 -94.544777 126.234018 -0.610389 0.227512 0.758725 0.665604 -0.371957 0.647008 0.429415 0.899937 0.075606
0.654319 -23.975083 -62.980156 120.858551 -0.666177 0.223894 0.711393 0.724068 -0.034394 0.688871 0.178702 0.974006 -0.139202
-4.599793 -4.737971 -26.038095 -57.397897 0.630203 0.537336 0.560459 0.091879 0.665158 -0.741029 -0.770975 0.518493 0.369814
-4.211426 -5.292219 -12.756542 40.762476 0.638543 0.645616 0.418859 -0.042726 -0.513685 0.856914 -0.768399 0.565073 0.300425
-3.731806 -5.303783 -62.623820 -37.073458 0.527063 0.487606 0.696021 0.191034 0.730074 -0.656124 -0.828077 0.478782 0.291645
-3.898189 -4.831778 -19.567502 -14.504385 0.418515 0.046970 0.906995 0.377714 0.899197 -0.220855 -0.825940 0.435016 0.358586
0.012125 -43.224872 18.177925 856.498828 0.720917 -0.132067 -0.680321 0.686876 0.005722 0.726752 0.092087 0.991224 -0.094839
-0.602151 -56.301282 15.122947 23.281343 0.708013 -0.111676 -0.697314 0.678294 0.382368 0.627464 -0.196557 0.917237 -0.346471
0.126538 -44.774631 4.627367 111.750264 0.729524 -0.114404 -0.674319 0.637348 0.471426 0.609545 -0.248157 0.874453 -0.416832
-0.468841 -64.622952 51.214438 -1137.848636 0.722833 -0.138632 -0.676974 0.517444 0.757899 0.397293 -0.458000 0.637472 -0.619569
0.224888 -48.825836 40.831204 -336.480183 0.752252 -0.122082 -0.647467 0.459862 0.801029 0.383248 -0.471852 0.586044 -0.658717
-0.540374 -5.759060 91.073003 -8.118809 -0.384692 0.876225 -0.290244 -0.842837 -0.461652 -0.276591 0.376348 -0.138226 -0.916109
-1.596319 -5.944556 39.765868 -1.004994 -0.346284 0.880614 -0.323429 -0.862088 -0.434676 -0.260503 0.369989 -0.188616 -0.909688
-1.138834 -5.735710 47.392204 18.582087 -0.389496 0.862943 -0.321904 -0.880787 -0.451169 -0.143739 0.269272 -0.227543 -0.935798
-0.719469 -5.332550 37.553853 -33.383177 -0.398524 0.857646 -0.324995 0.898654 0.435966 0.048523 0.183303 -0.272721 -0.944470
-0.079609 -5.735222 83.786110 1.945009 -0.401210 0.866673 -0.296495 -0.868125 -0.463038 -0.178762 0.292216 -0.185673 -0.938155
9.244950 -3.717694 -95.171800 29.550624 0.564569 0.824900 -0.028315 -0.799832 0.538298 -0.265525 0.203790 -0.172554 -0.963688
8.974499 -3.423530 -272.235789 -30.911420 0.572126 0.810408 -0.126139 0.808099 -0.530718 0.255565 0.140167 -0.248148 -0.958528
7.348135 -3.430253 -387.128493 -21.444754 0.595344 0.771734 -0.223590 0.793333 -0.520545 0.315683 0.127234 -0.365321 -0.922145
6.525660 -2.798308 -369.774582 -1.651258 0.550099 0.800950 -0.236369 0.830513 -0.495082 0.255231 0.087405 -0.336709 -0.937543
9.280875 -3.691976 -202.868453 8.004357 0.576619 0.810426 -0.103542 0.782698 -0.511603 0.354465 0.234295 -0.285434 -0.929319
1.227414 -8.635607 -20.284508 21.889048 -0.534561 0.699378 0.474463 0.663119 0.695148 -0.277564 0.523945 -0.166251 0.835370
1.566784 -9.112327 11.606963 41.564214 0.567131 -0.693456 -0.444390 0.667423 0.703089 -0.245383 0.482608 -0.157432 0.861571
1.447588 -8.173765 -20.573070 45.224668 -0.530421 0.705860 0.469484 0.588281 0.705241 -0.395677 0.610392 -0.066313 0.789319
-1.953894 -183.102488 75.463087 -9483.619725 0.297655 0.951747 -0.074698 -0.095711 0.107600 0.989577 -0.949864 0.287403 -0.123120
-1.687428 -94.733056 246.039477 -3637.670381 0.320199 0.924707 -0.205887 0.256783 0.124477 0.958420 -0.911886 0.359753 0.197592
1.726393 -132.841981 397.199972 -5053.877861 0.403671 0.891689 -0.204792 -0.177473 0.295905 0.938586 -0.897526 0.342535 -0.277700
-1.405920 -10.698541 -7.201062 43.178743 0.626460 -0.705328 -0.331752 0.607856 0.175659 0.774374 0.487913 0.686772 -0.538781
-1.256696 -10.230038 -10.949805 57.058004 0.658966 -0.681747 -0.317780 0.582985 0.195966 0.788496 0.475280 0.704853 -0.526583
-1.501560 -9.087073 -8.168589 93.494587 0.617338 -0.684202 -0.388281 0.513769 -0.023133 0.857617 0.595765 0.728926 -0.337241
-5.335379 -8.114820 21.631349 21.618550 0.921080 0.045316 -0.386727 0.259952 -0.811013 0.524102 0.289890 0.583271 0.758788
-5.630789 -8.314900 52.193312 20.595953 0.929957 0.071998 -0.360551 0.293763 -0.735207 0.610880 0.221097 0.674008 0.704861
-5.765217 -8.157405 57.381595 20.947339 0.963857 0.007729 -0.266307 0.151640 -0.837782 0.524525 0.219053 0.545951 0.808674
-6.540855 -8.216742 65.553149 18.713645 0.981835 0.048364 -0.183471 0.131554 -0.870324 0.474583 0.136727 0.490099 0.860877
-6.212747 -7.804972 32.365438 19.940175 0.977032 -0.010439 -0.212836 0.077550 -0.912891 0.400769 0.198480 0.408069 0.891114
-4.820444 -9.362237 -29.856919 22.350672 -0.161611 0.986095 0.038719 0.897064 0.130442 0.422209 -0.411287 -0.102967 0.905671
-4.806806 -9.507772 -33.356302 -28.697870 -0.212760 0.974336 0.073508 0.786105 0.126005 0.605113 -0.580321 -0.186529 0.792739
-4.359372 -9.375087 -10.394861 -0.123343 -0.234723 0.969996 0.063350 0.873611 0.181923 0.451341 -0.426274 -0.161283 0.890100
-0.939009 -2.305621 65.020760 51.856250 0.120655 0.975820 -0.182258 0.106068 -0.195221 -0.975007 0.987012 -0.098308 0.127058
-1.426807 -2.472053 -33.064907 46.800468 0.051506 0.912215 0.406461 0.177834 0.392119 -0.902562 0.982712 -0.118770 0.142026
-0.531733 -1.967189 -4.632272 22.873602 0.072175 0.968401 0.238727 0.121094 0.229073 -0.965848 0.990014 -0.098619 0.100734
-0.068587 -1.982291 11.886172 26.247097 0.126860 0.982588 -0.135747 0.083684 -0.146967 -0.985595 0.988384 -0.113673 0.100872
0.771572 -12.770287 -122.348335 -342.276709 0.528036 -0.176255 0.830730 0.838600 0.262455 -0.477354 -0.133893 0.948710 0.286393
4.972860 -15.476412 -306.262000 -205.720227 0.476268 -0.151886 0.866083 0.877151 0.013236 -0.480033 0.061447 0.988309 0.139531
5.437430 -13.552519 -274.324145 -339.142431 0.382714 -0.219679 0.897369 0.917131 0.207414 -0.340367 -0.111356 0.953268 0.280855
13.890014 -16.766582 -533.278169 100.426045 0.316735 -0.251099 0.914674 0.926755 -0.123440 -0.354805 0.201999 0.960058 0.193610
1.981664 -10.629090 -175.314608 -352.508780 0.413241 -0.216611 0.884484 0.873071 0.370292 -0.317224 -0.258803 0.903307 0.342136
5.613562 -11.907763 -240.432965 -409.485699 0.315576 -0.307098 0.897832 0.909697 0.367072 -0.194192 -0.269933 0.878037 0.395205
9.933172 -14.122475 -363.340481 -276.939329 0.269537 -0.348042 0.897896 0.958082 0.190933 -0.213595 -0.097098 0.917830 0.384916
7.081409 -1.860932 9.362179 -27.671152 -0.462829 0.755760 -0.463267 -0.145652 -0.580344 -0.801241 0.874400 0.303361 -0.378677
6.104887 -3.298854 -130.239791 133.171206 -0.415780 0.636856 -0.649263 0.073326 0.735045 0.674042 0.906505 0.232645 -0.352315
6.003983 -1.240712 -218.889240 -18.974459 -0.287198 0.797052 -0.531249 -0.148462 -0.584952 -0.797364 0.946296 0.150132 -0.286329
5.958817 -1.857085 -187.673437 40.826327 -0.293280 0.843866 -0.449306 -0.188347 -0.511763 -0.838227 0.937290 0.161210 -0.309029
5.838550 -1.249179 -187.421356 42.843076 -0.162514 0.861194 -0.481596 -0.189330 -0.506232 -0.841358 0.968372 0.045552 -0.245319
4.077055 -1.159660 -133.895961 -26.365848 -0.158493 0.872351 -0.462476 -0.168883 -0.485446 -0.857800 0.972810 0.057851 -0.224265
0.042801 -20.775309 11.010534 96.528010 -0.890139 -0.092533 0.446195 -0.072562 0.995455 0.061680 -0.449874 0.022527 -0.892808
0.006540 -21.556528 15.512606 6.337378 -0.885724 -0.122898 0.447648 -0.001143 0.964893 0.262641 -0.464211 0.232116 -0.854769
-0.486408 -19.665170 24.148158 128.732096 -0.885068 -0.104972 0.453471 -0.059021 0.991684 0.114367 -0.461705 0.074458 -0.883903
-0.435094 -18.785910 18.240833 -15.225161 -0.892440 -0.084055 0.443266 -0.162547 0.976414 -0.142107 -0.420867 -0.198874 -0.885054
-1.159259 -18.888926 27.342462 85.823057 -0.893910 -0.096263 0.437789 -0.073414 0.994921 0.068864 -0.442194 0.029419 -0.896437
-1.234393 -19.263584 31.565449 51.423316 -0.890129 -0.131942 0.436190 -0.008357 0.961734 0.273859 -0.455632 0.240124 -0.857170
2.637866 -6.201146 -139.298432 -7.917955 -0.033536 -0.885280 0.463848 0.984586 -0.108976 -0.136801 0.171655 0.452111 0.875289
3.974921 -5.850428 -76.571142 -14.890077 -0.090137 -0.914639 0.394096 0.981675 -0.148305 -0.119667 0.167899 0.376088 0.911245
2.458293 -6.146960 -124.546595 11.374253 -0.012095 -0.890287 0.455238 0.996937 -0.045917 -0.063309 0.077266 0.453078 0.888116
-1.004094 -14.602406 3.577616 -292.587250 -0.271253 0.858418 -0.435363 -0.428524 0.297313 0.853213 -0.861852 -0.418000 -0.287206
-0.648479 -15.022861 9.679823 -366.548105 -0.276782 0.853946 -0.440645 -0.415770 0.306992 0.856091 -0.866330 -0.420158 -0.270075
-1.078729 -19.561043 17.575599 -449.277453 -0.256544 0.865037 -0.431158 -0.249446 0.371718 0.894205 -0.933789 -0.336953 -0.120418
-1.537420 -18.919423 -33.961126 -351.820899 -0.271062 0.858539 -0.435242 -0.297979 0.355115 0.886060 -0.915278 -0.369870 -0.159568
-1.704441 -12.490847 -25.236812 -165.520087 0.950406 0.210102 -0.229317 0.268335 -0.181161 0.946138 -0.157242 0.960749 0.228554
-0.948704 -12.053067 -27.161827 -113.941503 0.935653 0.254325 -0.244686 0.270699 -0.072333 0.959943 -0.226439 0.964410 0.136524
-0.936798 -13.113686 -28.260411 -196.025777 0.942861 0.251870 -0.218116 0.275855 -0.222967 0.934981 -0.186861 0.941726 0.279706
-1.579277 -29.518863 65.973736 -4767.193827 -0.835604 -0.261953 0.482852 -0.223195 0.965055 0.137302 -0.501946 0.006960 -0.864871
-1.548181 -59.236279 129.983921 -13379.409681 -0.828595 -0.272635 0.488979 -0.250994 0.961621 0.110842 -0.500432 -0.030888 -0.865225
-0.681650 -21.066108 -168.798604 -5150.966734 -0.798212 -0.412993 0.438514 -0.366960 0.910685 0.189719 -0.477701 -0.009482 -0.878471
-3.778618 -23.506933 48.268268 -290.919507 -0.133825 0.758767 -0.637466 -0.630556 -0.561438 -0.535898 0.764520 -0.330241 -0.553580
-4.166282 -23.410195 -1.005687 -185.658989 -0.089185 0.689712 -0.718570 -0.704530 -0.553648 -0.443971 0.704048 -0.466659 -0.535300
-3.933571 -25.019416 43.353943 -145.531322 -0.117444 0.766635 -0.631251 -0.827099 -0.427330 -0.365097 0.549649 -0.479229 -0.684270
3.109206 -3.673220 -110.242496 119.030055 -0.046805 0.836916 -0.545326 -0.109328 -0.546936 -0.830005 0.992903 -0.020771 -0.117098
4.246310 -3.189243 -9.347232 60.048538 -0.176806 0.902551 -0.392608 -0.108046 -0.414280 -0.903714 0.978297 0.117363 -0.170764
5.224463 -2.452660 -74.266039 12.163442 -0.056565 0.878161 -0.475009 -0.096460 -0.478352 -0.872855 0.993728 0.003554 -0.111765
3.983386 -2.932824 -251.849514 122.316680 0.063831 0.796816 -0.600841 -0.150170 -0.587545 -0.795135 0.986597 -0.140983 -0.082154
2.975200 -12.833776 209.450639 89.980607 -0.714634 0.517994 0.470085 0.572340 0.819361 -0.032783 -0.402151 0.245621 -0.882012
-0.332048 -13.369569 15.514173 156.614892 -0.757737 0.468458 0.454293 0.505299 0.861729 -0.045785 -0.412926 0.194861 -0.889675
2.516890 -14.673037 183.924157 270.433259 -0.727688 0.504323 0.464896 0.501670 0.853543 -0.140681 -0.467758 0.130852 -0.874117
10.702079 -15.048861 618.628254 180.931461 -0.603255 0.682337 0.412916 0.650983 0.720372 -0.239344 -0.460766 0.124416 -0.878758
18.009232 -14.854967 1256.414428 -43.144308 -0.602888 0.636631 0.480861 0.703207 0.708725 -0.056650 -0.376863 0.303992 -0.874965
-5.406558 -320.391203 354.387435 -13700.719842 0.194519 -0.414208 -0.889154 0.266679 0.894657 -0.358430 0.943952 -0.167397 0.284488
-20.353159 -751.179117 328.790846 -34874.949334 0.371640 -0.479406 -0.795018 -0.147810 0.814874 -0.560475 0.916535 0.325806 0.231980
10.679397 -535.587955 168.682053 -29610.490675 0.409447 -0.391734 -0.823952 -0.481747 0.674121 -0.559894 0.774773 0.626184 0.087300
-1.259516 -49.000713 527.549320 -2550.225806 0.101316 -0.618333 -0.779359 -0.285217 0.732452 -0.618195 0.953093 0.284920 -0.102150
-40.311414 -440.200690 -668.509266 25428.495465 -0.408004 0.790894 -0.456092 -0.824340 -0.533855 -0.188315 0.392424 -0.299142 -0.869780
56.905390 -246.580558 3966.297328 27.830982 0.166958 -0.138303 -0.976216 -0.598663 0.772484 -0.211826 0.783408 0.619791 0.046176
0.728414 -7.137486 8.159058 14.897624 0.062800 0.961457 -0.267687 0.718213 0.142700 0.681034 -0.692984 0.235026 0.681569
0.777157 -6.769650 0.558240 43.410096 0.070902 0.963920 -0.256574 0.807751 0.095433 0.581748 -0.585245 0.248495 0.771841
0.758962 -7.267674 2.123972 36.183143 0.044685 0.962175 -0.268741 0.736230 0.150114 0.659872 -0.675255 0.227341 0.701674
-1.323801 -4.320802 -44.813760 -64.067441 0.408878 -0.229436 0.883277 0.673123 0.729375 -0.122136 -0.616218 0.644493 0.452664
-1.242411 -3.710698 -54.901235 -65.459065 0.358781 -0.298673 0.884348 0.669084 0.742903 -0.020546 -0.650848 0.599074 0.466377
-1.982836 -4.580816 -41.372833 -41.764884 0.323560 -0.370843 0.870508 0.747442 0.664307 0.005182 -0.580206 0.648977 0.492127
-3.085853 -5.707321 28.340326 -11.014695 0.167675 0.982059 -0.086288 0.822829 -0.091204 0.560923 -0.542989 0.165053 0.823359
-2.705916 -5.843395 26.630408 5.250482 0.226521 0.972630 -0.051755 0.867128 -0.177180 0.465506 -0.443596 0.150325 0.883530
-2.743737 -5.520985 21.286749 -20.888025 0.288846 0.955743 -0.055894 0.787567 -0.204014 0.581478 -0.544340 0.211978 0.811640
-3.133852 -5.053307 14.988062 -44.519075 0.227021 0.969701 -0.090233 0.739247 -0.111265 0.664179 -0.634015 0.217487 0.742108
-2.378737 -5.391735 18.489917 -26.222552 0.380576 0.923753 -0.042925 0.744569 -0.278565 0.606645 -0.548433 0.262835 0.793813
-2.680086 -4.771707 16.507361 -47.862218 0.341383 0.938382 -0.053816 0.698367 -0.214912 0.682713 -0.629080 0.270650 0.728703
1.202451 -6.865817 95.743905 11.590026 -0.643581 0.761344 -0.078477 -0.377707 -0.405106 -0.832602 0.665688 0.506205 -0.548284
5.656450 -6.269244 180.860732 -17.904901 -0.678959 0.696730 -0.231479 -0.345472 -0.581396 -0.736632 0.647815 0.420174 -0.635445
2.921308 -6.125080 108.719261 -10.170190 -0.661250 0.727552 -0.182802 -0.296789 -0.477525 -0.826974 0.688959 0.492583 -0.531693
1.187221 -11.872545 131.847975 446.205975 0.090153 0.955461 -0.281010 0.045613 -0.285824 -0.957196 0.994883 -0.073476 0.069349
-0.374461 -49.189652 189.809146 1909.426649 0.053922 0.986866 -0.152273 0.118694 -0.157749 -0.980320 0.991466 -0.034787 0.125642
-6.967832 -60.409575 335.415813 2994.006931 0.022914 0.999594 0.016923 0.093976 0.014699 -0.995466 0.995311 -0.024400 0.093601
-5.024188 -41.015588 -8.889593 1852.310067 0.037826 0.978544 0.202537 0.045447 0.200787 -0.978580 0.998250 -0.046221 0.036877
-0.683679 -14.844539 68.804358 -883.977084 -0.076656 0.991879 -0.101485 0.118994 0.110158 0.986765 -0.989931 -0.063566 0.126472
-0.424842 -9.950646 80.681870 -348.523890 -0.049289 0.997972 0.040291 0.106620 -0.034852 0.993689 -0.993077 -0.053274 0.104686
-2.080713 -66.180218 47.506579 -2866.139667 -0.071373 0.996779 -0.036565 0.177812 0.048786 0.982854 -0.981473 -0.063647 0.180721
0.690373 -8.792179 60.577506 -288.855800 -0.073435 0.994954 -0.068370 0.075855 0.073929 0.994374 -0.994411 -0.067836 0.080901
-1.634117 -54.673536 7.098527 -2565.340854 -0.064200 0.997019 -0.042806 0.241002 0.057115 0.968843 -0.968399 -0.051884 0.243950
0.258975 -26.766777 80.046386 -1070.581233 -0.094517 0.974221 -0.204842 0.119790 0.215398 0.969151 -0.988290 -0.067064 0.137060
-5.179430 -12.436136 -144.999178 247.706488 0.164457 0.980625 0.106436 -0.945141 0.187537 -0.267469 0.282247 0.056610 -0.957670
-9.148313 -11.714390 38.902322 137.803898 -0.146474 0.960050 0.238432 -0.920073 -0.043690 -0.389302 0.363332 0.276397 -0.889716
-8.037833 -12.948280 -46.957986 147.142529 0.112139 0.967706 0.225764 -0.884720 0.200674 -0.420715 0.452433 0.152559 -0.878652
-7.031165 -9.963857 -24.314040 -71.006578 0.687886 -0.721411 -0.079867 0.684652 0.608398 0.401377 0.240967 0.330783 -0.912424
-5.829107 -10.139230 -41.549881 -57.255242 0.943795 -0.199822 -0.263290 0.325764 0.427554 0.843253 0.055930 0.881628 -0.468618
-6.103216 -10.553055 -53.841434 -46.201551 0.924714 -0.225661 -0.306565 0.361052 0.264779 0.894166 0.120607 0.937533 -0.326320
-7.084780 -10.810911 -48.778958 -36.185067 0.862543 -0.389692 -0.322737 0.432913 0.238183 0.869399 0.261928 0.889612 -0.374146
-5.509648 -9.657096 -15.618317 27.783200 -0.252443 0.967096 -0.031590 0.296560 0.108406 0.948842 -0.921045 -0.230160 0.314168
-5.559270 -9.396319 -18.306010 36.294403 -0.157171 0.982225 -0.102622 0.256717 0.140976 0.956150 -0.953621 -0.123934 0.274311
-5.365831 -9.666931 -24.758489 21.054473 -0.250201 0.963266 -0.097560 0.132868 0.133973 0.982037 -0.959034 -0.232744 0.161508
0.080413 -3.142218 -17.729268 31.443137 -0.032485 0.989821 0.138558 -0.897578 0.032091 -0.439686 0.439657 0.138650 -0.887399
-2.448378 -4.229855 12.450014 56.041304 0.079260 0.910103 -0.406730 0.514910 0.311991 0.798455 -0.853572 0.272715 0.443893
-2.450877 -5.096545 30.238701 26.838301 0.083445 0.926097 -0.367942 0.408589 0.304970 0.860261 -0.908896 0.222122 0.352945
-3.018115 -5.250806 52.287104 15.439567 0.084136 0.956778 -0.278382 0.378251 0.227796 0.897238 -0.921872 0.180788 0.342736
-0.360312 -12.091331 -3.164536 -35.712599 -0.479601 0.866739 0.136915 -0.297974 -0.014107 -0.954470 0.825345 0.498562 -0.265032
-0.580991 -12.119622 -3.468621 -49.434182 -0.480443 0.861440 0.164605 -0.341196 -0.010689 -0.939932 0.807936 0.507746 -0.299055
-0.303690 -10.950987 -1.047166 -85.196404 -0.479032 0.856492 0.192222 -0.124272 0.150605 -0.980752 0.868956 0.493700 -0.034293
-0.465321 -10.421410 -6.582528 -83.709652 -0.477505 0.851549 0.216457 -0.150393 0.163507 -0.975011 0.865662 0.498126 -0.049992
-0.814821 -11.694166 -12.435620 -59.409275 -0.473508 0.859565 0.192192 -0.348158 0.017775 -0.937267 0.809058 0.510717 -0.290848
-0.977616 -12.759276 -12.084225 -30.230828 -0.482245 0.859672 0.168537 -0.528305 -0.131926 -0.838743 0.698809 0.493518 -0.517789
-7.252667 -22.549635 -67.026908 65.146571 0.179381 0.972979 -0.145377 -0.610826 -0.005684 -0.791744 0.771177 -0.230824 -0.593301
-6.975463 -21.342802 -97.524213 377.363274 0.168826 0.967085 -0.190380 -0.841974 0.041084 -0.537951 0.512423 -0.251115 -0.821197
1.457639 -6.958457 5.383477 14.536730 -0.543750 0.717865 0.434748 0.439088 0.684805 -0.581587 0.715219 0.125346 0.687569
1.014625 -7.022881 19.950638 -23.493374 -0.538546 0.752238 0.379613 0.389415 0.621730 -0.679564 0.747211 0.218149 0.627763
3.047082 -7.185142 90.571891 8.819636 -0.364304 0.847644 0.385724 0.382374 0.513810 -0.767977 0.849160 0.132286 0.511300
2.529021 -6.860578 57.738929 22.832144 -0.384893 0.812630 0.437596 0.232058 0.544095 -0.806294 0.893312 0.208789 0.397995
-0.525871 -7.510121 -19.278362 12.630415 -0.617557 0.750004 0.236893 -0.690988 -0.661223 0.292096 -0.375712 -0.016696 -0.926586
0.030608 -8.658143 -4.420193 40.112602 -0.644412 0.724896 0.243433 -0.731355 -0.677218 0.080591 -0.223277 0.126102 -0.966564
0.431173 -8.962647 6.790683 51.177704 -0.591519 0.771358 0.234760 -0.783810 -0.618387 0.056905 -0.189067 0.150347 -0.970386
0.971068 -27.391136 -18.547001 294.971245 0.656804 -0.135343 -0.741816 0.651785 -0.392798 0.648757 0.379189 0.909611 0.169777
0.886973 -34.112815 -30.653172 759.736173 0.700805 -0.129471 -0.701505 0.691160 -0.120146 0.712645 0.176550 0.984277 -0.005287
-4.501320 -5.307168 30.665417 36.742127 0.598275 0.796807 -0.084644 0.358181 -0.171442 0.917776 -0.716779 0.579401 0.387971
-4.185149 -5.646502 20.708931 27.817871 0.673706 0.736135 0.065007 0.209412 -0.274530 0.938499 -0.708708 0.618659 0.339108
-3.889451 -5.854953 -2.892245 2.035904 0.653417 0.675201 0.342272 -0.060021 -0.404510 0.912562 -0.754615 0.616827 0.223788
-0.020869 -57.789819 6.455154 1249.249112 0.713427 -0.095467 -0.694196 0.686051 -0.106552 0.719709 0.142676 0.989713 0.010522
-0.246350 -55.775642 18.236099 -27.592342 0.728219 -0.078884 -0.680789 0.663171 0.331741 0.670934 -0.172919 0.940067 -0.293894
0.470513 -59.625563 80.950317 -1329.412551 0.731280 -0.115362 -0.672250 0.522343 0.728518 0.443192 -0.438619 0.675243 -0.593010
-0.553321 -4.877351 20.679689 -43.760652 -0.368094 0.869677 -0.328890 0.923796 0.382172 -0.023343 0.105392 -0.312420 -0.944080
-1.022471 -4.450463 12.962338 -54.461695 -0.349135 0.872189 -0.342624 0.933231 0.356702 -0.042941 0.084762 -0.334740 -0.938491
-0.817392 -3.921595 9.487825 -46.240914 -0.263313 0.901325 -0.343919 0.964582 0.251794 -0.078618 0.015736 -0.352439 -0.935702
-1.310108 -4.036231 5.264008 -58.954831 -0.276787 0.889155 -0.364407 0.958078 0.284555 -0.033398 0.073998 -0.358375 -0.930641
-1.005609 -3.416947 6.501318 -37.649152 -0.172218 0.915764 -0.362928 0.984982 0.164704 -0.051807 0.012333 -0.366399 -0.930376
4.399751 -3.105330 87.186985 25.650960 0.850702 0.056457 0.522608 0.133292 0.938551 -0.318365 -0.508468 0.340493 0.790901
2.759458 -3.190572 97.498131 -5.460186 0.861898 -0.039969 0.505503 0.168619 0.962750 -0.211378 -0.478225 0.267424 0.836532
4.023986 -2.854870 53.573900 -23.732540 0.830765 0.047581 0.554586 0.093766 0.970138 -0.223695 -0.548668 0.237839 0.801496
4.293442 -2.617756 -39.341965 3.411463 0.758552 0.142594 0.635819 0.087630 0.944575 -0.316383 -0.645693 0.295710 0.704014
-15.066990 -116.518452 -631.795751 5250.469955 -0.278223 -0.950921 0.135430 0.952768 -0.255348 0.164411 -0.121760 0.174776 0.977051
-3.461608 -105.498399 148.772452 4307.201606 0.289523 0.952847 -0.090883 0.854319 -0.214427 0.473456 -0.431643 0.214719 0.876116
-9.660507 -95.220094 309.475918 3626.032499 0.274954 0.961383 -0.011984 0.760145 -0.209735 0.614972 -0.588710 0.178199 0.788458
-4.307273 -39.887681 -152.326232 1773.578862 -0.244254 -0.956115 0.161813 0.969283 -0.235763 0.070047 -0.028824 0.173952 0.984332
-34.291127 -50.030109 990.652933 1893.293302 0.929690 -0.366229 -0.039410 0.365231 0.930422 -0.030342 0.047780 0.013815 0.998762
-13.836657 -29.147237 534.208879 1511.828701 0.123956 0.976135 -0.178314 0.974374 -0.153728 -0.164203 0.187696 0.153391 0.970176
-4.337245 -27.700359 -123.520672 1387.093099 -0.187012 -0.966393 0.176383 0.971860 -0.208186 -0.110216 0.143232 0.150808 0.978132
-5.225104 -8.168801 13.809486 22.641170 0.880456 0.067895 -0.469242 0.372151 -0.712179 0.595235 0.293771 0.698706 0.652310
-5.770990 -8.348951 49.956628 -3.714868 0.896976 0.131320 -0.422125 0.408951 -0.609154 0.679479 0.167910 0.782104 0.600099
-6.778965 -8.581521 70.242516 -1.008333 0.924859 0.204923 -0.320378 0.374174 -0.641023 0.670137 0.068043 0.739660 0.669533
-6.022270 -9.370242 -0.349809 -42.114410 0.016713 0.999425 -0.029495 0.645740 0.011733 0.763467 -0.763375 0.031806 0.645172
-5.601787 -9.209837 -19.226850 -24.965403 -0.099501 0.994266 0.039165 0.658151 0.036242 0.752013 -0.746282 -0.100603 0.657984
-5.860449 -9.531247 -10.480648 -40.905846 0.002611 0.999701 -0.024300 0.753465 0.014010 0.657338 -0.657483 0.020025 0.753204
-5.739628 -9.229746 -11.191894 -19.437158 -0.097166 0.994786 0.030990 0.541671 0.026734 0.840166 -0.834956 -0.098422 0.541444
-6.043654 -9.078150 -7.613014 -5.609445 -0.013960 0.997688 -0.066505 0.538255 0.063550 0.840383 -0.842667 0.024065 0.537898
-2.135639 -3.128277 66.146510 58.690150 0.141994 0.965644 -0.217646 0.156389 -0.238997 -0.958344 0.977436 -0.102041 0.184952
-2.100946 -3.062673 -27.481798 45.420580 0.126555 0.985921 0.109285 0.214887 0.080306 -0.973332 0.968404 -0.146664 0.201698
-1.219156 -2.504910 -47.815701 16.616303 0.053727 0.861751 0.504478 0.222567 0.482164 -0.847338 0.973436 -0.157805 0.165892
0.543100 -15.643565 -147.328702 -346.589627 0.613012 -0.156777 0.774362 0.789028 0.071088 -0.610230 0.040622 0.985072 0.167280
4.712909 -16.565246 -340.228670 45.235109 0.562949 -0.099802 0.820444 0.791875 -0.219154 -0.570005 0.236691 0.970572 -0.044342
12.199251 -17.409865 -695.732331 207.086999 0.442684 -0.075206 0.893518 0.856720 -0.258677 -0.446225 0.264691 0.963032 -0.050082
8.050436 -4.784366 107.927099 139.337691 -0.564631 0.597552 -0.569319 0.090601 0.730502 0.676874 0.820356 0.330603 -0.466603
8.228740 -6.815945 -261.206823 168.979909 -0.396153 0.558139 -0.729070 0.142960 0.821845 0.551482 0.906987 0.114244 -0.405368
4.658777 -5.611261 -360.130494 203.378146 -0.304306 0.540304 -0.784519 0.070371 0.834078 0.547140 0.949971 0.111291 -0.291837
-3.945717 -27.238903 153.231598 817.082080 -0.031480 0.999421 0.012894 0.764642 0.032389 -0.643641 0.643686 0.010403 0.765219
0.172160 -29.331783 -22.767154 401.214113 -0.075433 0.996629 0.032268 0.931909 0.081974 -0.353306 0.354760 -0.003420 0.934951
-2.324054 -26.084608 -8.630625 301.252820 0.210644 0.972951 -0.094841 0.881514 -0.230988 -0.411798 0.422566 -0.003139 0.906327
0.423988 -23.448765 0.276677 -82.376749 -0.900578 -0.103737 0.422135 0.003002 0.969600 0.244678 -0.434684 0.221619 -0.872889
0.237619 -22.845101 11.964301 -243.664978 -0.892465 -0.154345 0.423891 0.045675 0.903904 0.425290 -0.448798 0.398917 -0.799653
-0.399660 -20.176657 28.376805 -172.282283 -0.882683 -0.165272 0.439950 0.048604 0.899004 0.435236 -0.467449 0.405558 -0.785502
4.011792 -6.120096 -88.689031 -25.925352 -0.094422 -0.908240 0.407658 0.958997 -0.192898 -0.207642 0.267225 0.371336 0.889213
4.587578 -6.048153 6.429512 -24.320822 -0.127614 -0.940337 0.315405 0.957216 -0.200040 -0.209099 0.259717 0.275227 0.925633
4.425218 -5.849745 15.706634 -10.957091 -0.129718 -0.944766 0.300983 0.978534 -0.170998 -0.115022 0.160136 0.279601 0.946668
262.339675 -155.841611 -18793.187023 4818.307563 -0.189707 -0.051066 -0.980512 0.321316 0.940427 -0.111146 0.927775 -0.336140 -0.161997
6.374335 -8.623133 316.430618 -17.679174 -0.501679 -0.391767 -0.771256 0.200552 0.814605 -0.544240 0.841485 -0.427711 -0.330101
17.514349 -7.332149 140.591821 -40.046128 -0.438244 -0.255865 -0.861670 0.452457 0.765529 -0.457436 0.776675 -0.590337 -0.219721
4.872932 -9.826233 240.964162 33.851384 -0.458826 -0.653735 -0.601755 -0.149150 0.724308 -0.673151 0.875918 -0.219108 -0.429836
-0.367179 -15.953470 -31.736938 -365.411908 -0.308411 0.843554 -0.439658 -0.380436 0.314238 0.869783 -0.871867 -0.435512 -0.224004
-0.728483 -13.454867 -19.413411 -209.003661 -0.279883 0.837739 -0.468890 -0.500342 0.289549 0.815977 -0.819343 -0.462984 -0.338116
-0.333284 -16.223025 -43.132656 -267.431196 -0.298383 0.825402 -0.479248 -0.454067 0.318900 0.831941 -0.839518 -0.465848 -0.279634
-0.847559 -14.232207 -34.594205 -63.737836 -0.246866 0.806239 -0.537620 -0.591548 0.314051 0.742592 -0.767547 -0.501349 -0.399401
-0.992922 -11.514982 -17.198658 -16.331594 -0.243220 0.821469 -0.515783 -0.604542 0.287457 0.742898 -0.758534 -0.492500 -0.426697
-2.244831 -11.592231 -20.811966 -48.308256 0.955019 0.167501 -0.244706 0.260588 -0.080186 0.962114 -0.141533 0.982605 0.120228
-2.411112 -10.940149 -21.276281 31.179024 0.954609 0.156369 -0.253515 0.247522 0.057006 0.967204 -0.165693 0.986052 -0.015714
-1.723613 -10.806290 -29.978113 47.403794 0.936514 0.223472 -0.270188 0.267680 0.042039 0.962590 -0.226471 0.973803 0.020449
-1.986412 -68.718714 103.471991 -11391.975355 -0.838863 -0.238685 0.489222 -0.223805 0.970494 0.089735 -0.496206 -0.034216 -0.867530
-4.753206 -135.656991 -304.226854 -26956.196442 -0.857606 -0.116375 0.500968 -0.119446 0.992498 0.026078 -0.500244 -0.037474 -0.865073
-1.340695 -29.205875 30.592120 -2624.829969 -0.848184 -0.199131 0.490846 -0.152583 0.979219 0.133596 -0.507250 0.038419 -0.860942
-1.795424 -63.175058 -5.583308 -8186.180698 -0.849265 -0.209992 0.484409 -0.196509 0.977303 0.079143 -0.490034 -0.027978 -0.871254
-3.353887 -97.808868 26.394462 -16368.228475 -0.841674 -0.250545 0.478344 -0.233523 0.967609 0.095914 -0.486880 -0.030976 -0.872919
2.489782 -5.413101 -118.115483 197.126498 -0.125668 0.920959 -0.368838 -0.132821 -0.384057 -0.913706 0.983141 0.065834 -0.170586
3.643177 -5.015304 55.520042 129.232366 -0.268735 0.938580 -0.216445 -0.110880 -0.253362 -0.960996 0.956811 0.234254 -0.172157
4.831611 -3.026929 134.599475 21.715402 -0.335536 0.917250 -0.214633 -0.105826 -0.263102 -0.958946 0.936064 0.299047 -0.185349
-0.159946 -16.975734 8.107160 286.331021 -0.747580 0.488718 0.449755 0.448587 0.870908 -0.200720 -0.489791 0.051700 -0.870306
0.765301 -6.863946 -0.564292 25.529144 0.069367 0.960386 -0.269903 0.797330 0.109227 0.593578 -0.599544 0.256376 0.758168
0.875945 -6.272180 -8.901739 37.505938 0.105363 0.965604 -0.237713 0.864619 0.029136 0.501583 -0.491257 0.258380 0.831809
0.646323 -6.853646 10.566782 -4.994408 0.064524 0.958188 -0.278770 0.705675 0.153708 0.691663 -0.705592 0.241350 0.666251
0.690918 -6.950814 5.582571 -0.957933 0.062226 0.954124 -0.292875 0.784466 0.134662 0.605375 -0.617042 0.267421 0.740098
0.892054 -6.685497 -7.485832 26.762521 0.088779 0.959741 -0.266488 0.859470 0.061409 0.507485 -0.503419 0.274092 0.819416
-2.185993 -7.555466 -0.092714 75.518959 0.845663 -0.262854 0.464502 -0.532004 -0.345448 0.773070 0.042744 0.900874 0.431972
-2.574168 -6.705970 -9.304595 31.587668 0.762194 -0.269080 0.588776 -0.645487 -0.384827 0.659738 -0.049054 0.882896 0.467000
-2.844186 -6.685534 10.953018 29.228918 0.840091 -0.265946 0.472779 -0.541234 -0.469176 0.697811 -0.036236 0.842108 0.538090
-1.808494 -8.295281 -16.627529 101.537755 0.800652 -0.253859 0.542690 -0.597064 -0.262917 0.757885 0.049713 0.930822 0.362075
-2.576221 -6.742892 6.115780 41.136031 0.876603 -0.274499 0.395245 -0.480590 -0.457535 0.748128 0.024522 0.845761 0.532998
-2.092421 -7.916211 4.718167 78.330294 0.889836 -0.273419 0.365285 -0.444441 -0.338204 0.829512 0.103264 0.900478 0.422465
-1.424122 -10.233379 7.680044 151.277346 0.881319 -0.268340 0.388935 -0.448009 -0.212862 0.868319 0.150215 0.939512 0.307818
-3.062522 -6.004861 13.831233 12.609845 0.084864 0.994848 -0.055449 0.882888 -0.049285 0.466989 -0.461851 0.088586 0.882523
-2.779348 -5.850820 21.183247 15.384652 0.145236 0.988928 -0.030463 0.923236 -0.124390 0.363542 -0.355728 0.080924 0.931079
0.907359 -19.166097 11.662917 -222.533920 0.924599 0.284215 -0.253652 -0.302220 0.952623 -0.034230 0.231907 0.108307 0.966690
1.610381 -18.721057 20.945960 -186.502123 0.914112 0.306768 -0.265127 -0.259296 0.944989 0.199400 0.311712 -0.113528 0.943370
1.373612 -19.170511 32.374219 -316.622472 0.923424 0.256292 -0.285661 -0.252199 0.966294 0.051692 0.289281 0.024310 0.956936
0.776845 -17.217488 47.045913 -118.061227 0.893226 0.328185 -0.307313 -0.325419 0.943550 0.061780 0.310241 0.044822 0.949601
-0.509307 -33.743778 74.643872 1003.351808 0.053866 0.987839 -0.145854 0.288281 -0.155231 -0.944880 0.956030 -0.008850 0.293137
-8.499054 -51.683704 289.269139 1896.240487 -0.015999 0.997300 -0.071667 0.310693 -0.063169 -0.948409 0.950376 0.037440 0.308844
1.186262 -8.395906 62.654150 106.940951 -0.040503 0.997101 0.064420 0.069229 -0.061517 0.995702 -0.996778 -0.044789 0.066537
-3.364882 -10.913910 -182.769090 348.184105 0.151017 0.988450 0.012638 -0.982931 0.151508 -0.104362 0.105072 -0.003339 -0.994459
-5.373011 -9.648634 -31.287139 -33.521318 0.968693 -0.146117 -0.200707 0.248258 0.574233 0.780144 -0.001260 0.805547 -0.592530
-0.268233 -3.132828 -19.325402 -6.213421 -0.021569 0.988624 0.148855 -0.869468 0.054948 -0.490923 0.493518 0.140013 -0.858392
-0.584278 -2.758366 4.930326 -42.283078 -0.156364 0.983270 0.093437 -0.831149 -0.079882 -0.550282 0.533612 0.163705 -0.829734
-1.667748 -3.127638 60.029092 14.094671 0.601050 0.101350 0.792759 0.128787 0.966681 -0.221228 -0.788767 0.235066 0.567971
-0.605283 -3.541835 44.126400 16.150705 0.619684 0.084507 0.780289 0.077587 0.982721 -0.168048 -0.781007 0.164677 0.602420
-0.469553 -3.905729 54.877825 28.640619 0.629084 0.089880 0.772124 0.021189 0.990941 -0.132615 -0.777049 0.099786 0.621480
-1.819383 -4.140457 82.584454 30.847393 0.617809 0.181713 0.765044 -0.038275 0.978729 -0.201558 -0.785396 0.095242 0.611622
-0.304536 -12.733990 -5.927984 0.632772 -0.477383 0.872683 0.102616 -0.479138 -0.160635 -0.862916 0.736568 0.461108 -0.494819
-5.823375 -22.869330 -145.529086 434.822701 0.310563 0.916351 -0.252689 -0.810073 0.116059 -0.574728 0.497326 -0.383185 -0.778355
-6.327924 -19.956883 -125.965228 -502.733820 0.181455 0.950647 -0.251683 0.954336 -0.108466 0.278350 0.237314 -0.290698 -0.926918
0.713680 -6.050106 -21.136162 11.575817 -0.479341 0.732314 0.483682 0.250867 0.642459 -0.724094 0.841010 0.225748 0.491670
0.394821 -5.994326 -9.674698 -17.051902 -0.474968 0.757029 0.448678 0.149020 0.571687 -0.806825 0.867294 0.316355 0.384346
0.180604 -6.968806 -4.725269 -56.503928 -0.477825 0.800838 0.361028 0.095144 0.455743 -0.885012 0.873287 0.388532 0.293960
1.949851 -6.533729 63.800746 21.587564 -0.409883 0.814542 0.410509 0.273539 0.539105 -0.796582 0.870156 0.214215 0.443779
