19365
38701
-2.769147 -5.764328 29.133962 -81.849418 -0.196034 0.959119 -0.204114 -0.250975 -0.250294 -0.935075 0.947936 0.132079 -0.289781
-3.779404 -7.030958 20.887062 -58.191170 -0.147175 0.987497 -0.056476 -0.386179 -0.109934 -0.915850 0.910607 0.112981 -0.397530
-4.958277 -6.454386 -40.763826 -126.491646 -0.020925 0.938970 0.343361 -0.307481 0.320746 -0.895867 0.951324 0.124323 -0.282004
-3.195639 -6.181533 21.639204 -52.090090 -0.175077 0.927547 -0.330159 -0.316441 -0.370559 -0.873242 0.932316 0.048409 -0.358390
-2.723974 -4.574303 -2.998171 -96.172514 -0.217603 0.915543 -0.338274 -0.127457 -0.370267 -0.920140 0.967679 0.157110 -0.197264
-2.363168 -5.323252 27.377561 -84.619367 -0.198821 0.872075 -0.447163 -0.176768 -0.480700 -0.858883 0.963962 0.091719 -0.249728
-3.760642 -4.868246 -16.443310 109.650879 0.017181 0.290987 -0.956573 -0.179418 0.942082 0.283356 0.983623 0.166758 0.068395
-3.884462 -5.392792 -40.636225 72.663819 0.088225 0.155852 -0.983833 -0.122031 0.981935 0.144608 0.988597 0.107300 0.105650
-4.271951 -6.010655 -12.810700 32.606807 0.035849 0.327780 -0.944074 -0.066616 0.943363 0.325004 0.997134 0.051240 0.055654
-2.872312 -4.485543 -138.347613 115.003732 0.173077 -0.182277 -0.967894 -0.147852 0.966781 -0.208506 0.973747 0.179193 0.140378
-2.831040 -3.137470 2.702165 130.144149 -0.012499 0.439489 -0.898161 -0.253521 0.867488 0.428008 0.967249 0.233053 0.100578
2.166653 -1.270454 -39.774686 -0.758110 -0.413900 0.839821 0.351266 0.316866 0.494652 -0.809268 0.853395 0.223652 0.470847
1.934274 -1.465800 -44.543231 24.770790 -0.431961 0.812969 0.390501 0.305295 0.539222 -0.784879 0.848649 0.219819 0.481118
2.509637 -1.374051 37.294792 3.467678 -0.485855 0.794768 0.363717 0.296636 0.541371 -0.786717 0.822163 0.274339 0.498784
2.618863 -1.608886 40.212789 -24.697236 -0.472938 0.820470 0.321183 0.309436 0.495972 -0.811333 0.824972 0.284325 0.488447
2.248181 -1.629709 -34.850475 -27.317490 -0.401796 0.856468 0.324073 0.319348 0.462732 -0.826980 0.858240 0.228785 0.459435
0.463082 -9.229529 93.116539 61.618140 -0.243263 -0.274468 -0.930317 0.666361 0.649669 -0.365913 0.704830 -0.708941 0.024854
0.439712 -9.621971 68.345412 2.868595 -0.232560 -0.286088 -0.929554 0.816082 0.462528 -0.346523 0.529081 -0.839179 0.125906
1.103606 -8.673437 61.716406 71.967990 -0.212999 -0.272589 -0.938257 0.647535 0.679729 -0.344480 0.731662 -0.680928 0.031729
-0.012968 -9.863731 72.447160 -19.033867 -0.254704 -0.316086 -0.913901 0.832421 0.409303 -0.373559 0.492140 -0.855897 0.158866
1.192271 -7.187289 48.275898 94.827674 -0.189790 -0.241547 -0.951648 0.486099 0.819017 -0.304827 0.853046 -0.520448 -0.038025
-0.613968 -9.647588 63.000884 45.975081 -0.243166 -0.315175 -0.917352 0.683650 0.615220 -0.392590 0.688108 -0.722612 0.065869
0.029917 -8.270928 55.425884 101.256831 -0.199680 -0.258909 -0.945037 0.492252 0.807417 -0.325215 0.847240 -0.530135 -0.033777
43.932877 -7.980394 1043.058326 10.678687 0.274019 0.443005 0.853616 0.910921 -0.404220 -0.082634 0.308441 0.800220 -0.514307
54.072382 -8.013155 3020.649130 14.342922 0.221544 0.178294 0.958713 0.943387 -0.288068 -0.164429 0.246858 0.940866 -0.232020
53.496934 -8.088393 197.280701 30.134119 0.270284 0.501764 0.821693 0.952187 -0.265569 -0.151040 0.142430 0.823229 -0.549552
0.326927 -9.086191 -1.982640 -16.620646 0.073882 0.965864 0.248289 0.501806 0.179150 -0.846225 0.861819 -0.187113 0.471441
0.503259 -8.572628 2.307107 -57.240870 0.060388 0.965893 0.251803 0.708490 0.136223 -0.692449 0.703132 -0.220216 0.676099
0.309268 -9.211827 3.384870 -18.416545 0.071791 0.969498 0.234349 0.526728 0.162671 -0.834323 0.846997 -0.183335 0.498984
0.222594 -14.354040 11.712194 -96.333542 0.553873 -0.508194 -0.659517 -0.173422 0.704328 -0.688365 0.814340 0.495642 0.301977
-0.168215 -12.338283 10.452184 -85.047874 0.558552 -0.493336 -0.666812 0.061735 0.826398 -0.559692 0.827169 0.271452 0.492042
0.554176 -14.367113 15.134378 -100.437639 0.543839 -0.471344 -0.694316 -0.158394 0.754840 -0.636496 0.824106 0.456127 0.335853
0.936094 -15.823193 17.644098 -58.289956 0.547308 -0.494694 -0.675080 -0.400308 0.553630 -0.730238 0.734988 0.669905 0.104976
-0.579284 -4.699713 7.492451 -30.490378 -0.136669 0.967665 0.212003 0.542675 -0.105907 0.833239 -0.828749 -0.228927 0.510654
-0.281712 -4.297665 13.756061 -49.729118 -0.148278 0.977970 0.146928 0.529887 -0.046877 0.846772 -0.835005 -0.203412 0.511263
-0.238021 -4.207487 19.718036 -45.274640 -0.177943 0.978663 0.102738 0.433170 -0.015843 0.901173 -0.883572 -0.204860 0.421109
1.351290 -22.281989 -57.744576 -507.411665 -0.540003 0.807896 0.236010 -0.172662 0.168111 -0.970529 0.823763 0.564838 -0.048712
1.656025 -15.190927 -41.730355 -260.313207 -0.537210 0.804479 0.253415 -0.013914 0.291957 -0.956330 0.843334 0.517276 0.145648
2.619636 -22.629682 -70.628535 -550.998572 -0.562370 0.789875 0.244616 -0.168087 0.180450 -0.969115 0.809621 0.586118 -0.031288
5.159906 -20.972977 -106.787411 -525.480783 -0.582423 0.741183 0.333812 -0.213491 0.256764 -0.942599 0.784350 0.620258 -0.008690
7.483446 -25.317450 -232.123980 -569.611360 -0.550142 0.764761 0.335387 -0.413046 0.099854 -0.905219 0.725766 0.636530 -0.260948
2.429549 -27.249372 -99.708227 -588.288645 -0.566043 0.794351 0.220457 -0.354903 0.006560 -0.934880 0.744069 0.607423 -0.278205
0.184049 -6.299702 0.318838 -27.584672 0.386766 0.912248 0.134969 0.510461 -0.089893 -0.855189 0.768011 -0.399654 0.500435
-0.032382 -6.654726 -0.902763 -19.736047 0.384006 0.911934 0.144622 0.343398 0.004341 -0.939180 0.857098 -0.410313 0.311489
0.137166 -6.084231 -4.551602 -26.330266 0.387050 0.908744 0.156132 0.547153 -0.090066 -0.832173 0.742170 -0.407521 0.532081
0.455775 -6.488552 -15.335094 -9.463908 0.391614 0.908910 0.143251 0.300717 0.020709 -0.953489 0.869602 -0.416478 0.265215
0.674122 -6.413051 -6.375820 -23.790199 0.366009 0.920683 0.135573 0.475777 -0.059924 -0.877522 0.799796 -0.385684 0.459972
13.638750 -10.126316 -900.461529 58.911610 0.659970 -0.557207 -0.503945 -0.112721 0.589739 -0.799689 0.742788 0.584575 0.326401
13.161058 -9.285253 696.830517 -58.245434 -0.660235 0.559100 0.501495 -0.184031 0.526933 -0.829743 0.728163 0.640117 0.245008
18.201994 -9.096985 610.920320 95.961786 -0.494906 0.661748 0.563168 -0.156471 0.569642 -0.806861 0.854743 0.487440 0.178375
19.081444 -11.330577 425.165211 253.018854 -0.388119 0.723409 0.571001 -0.087257 0.587943 -0.804183 0.917469 0.361943 0.165069
16.304422 -11.539222 788.522065 278.536858 -0.566287 0.621371 0.541495 -0.094174 0.603906 -0.791473 0.818810 0.499195 0.283467
-4.827728 -12.893108 -99.052951 144.098226 -0.330312 0.840998 0.428504 -0.568492 -0.539667 0.620949 -0.753466 0.038494 -0.656359
-4.877241 -12.659993 -129.363590 -112.370211 -0.365244 0.813047 0.453377 -0.468366 -0.581390 0.665296 -0.804506 -0.030649 -0.593153
-6.145054 -12.142092 -77.788441 92.876222 -0.257332 0.838612 0.480115 -0.577090 -0.531885 0.619730 -0.775079 0.117594 -0.620826
-5.889959 -12.555347 -23.574366 268.822583 -0.206350 0.863876 0.459497 -0.689468 -0.461589 0.558183 -0.694300 0.201628 -0.690864
0.410985 -0.740188 -25.081322 -0.575303 -0.430899 0.762822 0.482109 0.464725 -0.270375 0.843165 -0.773535 -0.587367 0.237999
0.229584 -0.678876 -14.821919 7.056258 -0.417322 0.769569 0.483329 0.457334 -0.281748 0.843483 -0.785295 -0.573047 0.234371
0.855054 -0.746732 -36.475081 0.502012 -0.488239 0.790118 0.370589 0.407491 -0.169113 0.897414 -0.771734 -0.589164 0.239398
-0.241574 -0.644804 -4.019329 -1.618365 -0.280199 0.676411 0.681144 0.534361 -0.479560 0.696046 -0.797463 -0.559008 0.227075
1.147280 -1.097559 -35.615603 -16.216138 -0.474468 0.789483 0.389354 0.426572 -0.180699 0.886219 -0.770011 -0.586570 0.251035
0.577165 -1.223204 -33.120363 -16.725984 -0.458541 0.772360 0.439546 0.455356 -0.220540 0.862562 -0.763146 -0.595670 0.250572
-0.193671 -0.832776 -21.695380 -5.379960 -0.361793 0.722183 0.589540 0.509578 -0.376352 0.773750 -0.780664 -0.580354 0.231847
0.830481 -23.742166 16.826411 -600.184814 0.289304 0.867009 0.405708 0.784219 0.028368 -0.619836 0.548912 -0.497485 0.671717
0.833498 -27.895212 29.032267 -548.467754 0.284038 0.866968 0.409497 0.604509 0.169583 -0.778338 0.744238 -0.468623 0.475922
0.908865 -24.007599 -1.499242 -513.568307 0.306419 0.854967 0.418496 0.751636 0.052448 -0.657490 0.584082 -0.516024 0.626552
0.888967 -19.528425 10.239712 -515.961835 -0.299649 -0.852585 -0.428147 0.872591 -0.063472 -0.484310 0.385740 -0.518720 0.762977
0.931656 -18.873116 -14.021038 -465.083977 -0.288024 -0.870339 -0.399440 0.885090 -0.082702 -0.458013 0.365592 -0.485460 0.794148
5.757718 -47.506942 222.282579 -95.501805 0.240932 0.756045 0.608561 -0.228039 0.653577 -0.721689 0.943372 -0.035103 -0.329875
7.247818 -47.918819 -335.983319 -275.324778 0.259746 0.722822 0.640359 -0.284726 0.690965 -0.664453 0.922748 0.009738 -0.385282
6.942669 -49.014158 119.982644 -396.585175 0.277040 0.727084 0.628170 -0.477502 0.671497 -0.566642 0.833811 0.142970 -0.533216
5.396129 -57.322004 482.210899 116.793755 0.246812 0.741920 0.623409 -0.413634 0.662420 -0.624586 0.876351 0.103708 -0.470376
4.203773 -67.943974 127.051828 -1092.693179 0.295869 0.789945 0.537074 -0.108091 0.586322 -0.802834 0.949093 -0.179481 -0.258860
0.395602 -13.011901 9.539752 -261.616465 -0.406015 -0.794494 -0.451587 0.910708 -0.310710 -0.272159 0.075916 -0.521765 0.849705
0.670600 -13.771911 0.052616 -279.418896 -0.409624 -0.799433 -0.439448 0.907428 -0.307579 -0.286303 0.093715 -0.516044 0.851420
0.739098 -14.089564 -0.942163 29.580945 -0.416625 -0.801544 -0.428896 0.876056 -0.227993 -0.424907 0.242796 -0.552763 0.797184
0.385469 -12.919497 11.956278 -12.614802 -0.420595 -0.791915 -0.442685 0.882274 -0.243320 -0.402974 0.211407 -0.560059 0.801025
-41.757883 -394.097893 -1191.908745 -26099.038517 0.972558 0.232656 0.001209 0.187134 -0.785331 0.590116 -0.138243 0.573696 0.807318
-55.897403 -311.293801 -1719.147009 20042.652148 0.959226 -0.281157 0.028910 -0.126114 -0.334223 0.934018 0.252944 0.899581 0.356053
-162.475715 -235.064980 -6628.551242 -9690.606148 0.948609 0.187268 0.255093 -0.248735 -0.057103 0.966887 -0.195633 0.980648 0.007588
-67.740792 -129.119834 -2609.070705 -5222.018585 0.806212 0.583185 -0.099592 0.444177 -0.485447 0.753026 -0.390807 0.651335 0.650410
0.293004 -3.329533 -28.186428 7.034530 -0.367595 0.901953 0.226615 0.643711 0.422638 -0.637976 0.671201 0.088642 0.735957
0.450828 -3.536936 -27.228969 7.851398 -0.355380 0.907508 0.223908 0.704922 0.417517 -0.573380 0.613832 0.045930 0.788099
0.724154 -3.337029 -21.234620 2.292466 -0.369647 0.905864 0.206814 0.643357 0.410116 -0.646449 0.670413 0.105903 0.734392
0.132501 -3.628030 -19.129558 11.057724 -0.365717 0.902530 0.227357 0.703060 0.427959 -0.567942 0.609884 0.047860 0.791044
0.549250 -3.296210 -27.553044 0.674816 -0.352338 0.917191 0.186063 0.599939 0.373945 -0.707275 0.718284 0.137574 0.682013
0.025371 -3.198341 -26.936082 5.819385 -0.366362 0.905207 0.215359 0.593296 0.405556 -0.695359 0.716784 0.126982 0.685636
-0.079906 -3.380265 -14.485539 13.107047 -0.395211 0.886116 0.242090 0.631679 0.453505 -0.628740 0.666926 0.095562 0.738971
-1.909876 -6.642161 -112.920643 -40.674576 -0.080223 -0.987093 -0.138609 0.991465 -0.093357 0.091006 -0.102771 -0.130125 0.986157
-3.133650 -7.879076 -47.003452 -112.341817 -0.286304 -0.932487 -0.220221 0.946207 -0.311329 0.088127 -0.150738 -0.183144 0.971461
-3.147360 -7.711677 -61.462928 -84.781403 -0.285426 -0.940632 -0.183694 0.956302 -0.292199 0.010331 -0.063393 -0.172719 0.982929
-1.938321 -5.075156 49.590979 -42.997189 0.641138 0.697962 0.319048 -0.592547 0.714419 -0.372147 -0.487678 0.049547 0.871616
-1.955391 -5.908612 52.683487 -51.820506 0.694328 0.634986 0.338676 -0.467346 0.755717 -0.458781 -0.547263 0.160265 0.821474
-2.694252 -5.530011 55.001525 -49.059199 0.630630 0.689825 0.355595 -0.532782 0.717974 -0.447947 -0.564313 0.093034 0.820302
-83.381541 -590.339636 4450.722949 -41398.737776 -0.676367 -0.373004 0.635134 0.729023 -0.215935 0.649537 -0.105132 0.902352 0.417980
-98.559852 -1046.026387 7403.169538 -74207.447745 -0.626795 -0.433645 0.647364 0.765153 -0.185594 0.616518 -0.147203 0.881764 0.448134
-64.082623 -142.654694 -3240.209705 830.023784 0.722862 0.418955 -0.549498 0.671967 -0.611533 0.417717 0.161031 0.671196 0.723578
-234.175697 -802.630738 9942.686484 -70382.334401 -0.496378 -0.505459 0.705776 0.823899 -0.530435 0.199571 0.273493 0.680551 0.679744
-101.665357 -9986.340998 -8628.939284 -932308.446199 0.172228 0.829678 -0.531011 0.754777 -0.457538 -0.470075 0.632968 0.319835 0.705022
-60.250100 -172.264724 -2578.814671 -1593.047642 0.638458 0.533903 -0.554363 -0.613293 0.788097 0.052683 0.465019 0.306351 0.830606
1.928247 -4.111046 5.186844 67.128072 0.314687 -0.734030 -0.601807 0.865604 0.482082 -0.135372 0.389488 -0.478327 0.787085
2.227138 -6.873017 85.117165 59.443457 -0.235669 0.845755 0.478706 0.886444 0.388977 -0.250826 0.398343 -0.365234 0.841384
1.228177 -3.738596 41.367400 -70.646797 -0.119147 -0.879795 -0.460179 0.886734 0.114214 -0.447949 0.446662 -0.461428 0.766536
0.652832 -40.364504 -10.371693 -1914.140498 0.912968 0.368009 -0.176234 0.363776 -0.538483 0.760068 -0.184813 0.758028 0.625490
0.911311 -34.954135 -4.827387 -1497.011801 0.912547 0.356812 -0.199859 0.384015 -0.579474 0.718848 -0.140680 0.732731 0.665819
0.719606 -58.132728 -26.079067 -2576.864572 0.898553 0.400384 -0.179707 0.431272 -0.729746 0.530543 -0.081281 0.554223 0.828390
0.747804 -18.505204 11.291805 -780.385765 0.933377 0.316678 -0.168888 0.302566 -0.441209 0.844860 -0.193033 0.839672 0.507631
0.781708 -18.685851 -2.253430 -811.661615 0.926274 0.343714 -0.154524 0.294927 -0.405910 0.865017 -0.234595 0.846816 0.477354
10.586228 -9.361702 -123.192011 -141.467065 -0.443210 0.719940 0.534089 -0.577327 -0.685035 0.444321 -0.685754 0.111417 -0.719255
9.118845 -8.058074 -49.202551 70.308602 -0.371898 0.696802 0.613318 0.442095 0.713918 -0.543022 -0.816238 0.069196 -0.573557
10.525498 -10.507712 147.123772 -97.971251 -0.406760 0.759748 0.507276 -0.465801 -0.650170 0.600257 -0.785860 -0.007871 -0.618355
12.066874 -10.579277 250.419144 -75.573125 -0.455257 0.742583 0.491235 -0.495762 -0.669705 0.552915 -0.739568 -0.008183 -0.673032
11.426490 -9.180573 131.200111 -34.968967 -0.539353 0.717143 0.441366 -0.575016 -0.696568 0.429127 -0.615187 0.022341 -0.788065
12.420593 -8.021932 -254.599423 80.185820 -0.550846 0.684685 0.477258 0.644710 0.712221 -0.277651 -0.530017 0.154751 -0.833747
10.755628 -8.077082 4.090965 -5.020992 -0.606646 0.706844 0.363801 -0.655895 -0.703615 0.273364 -0.449202 0.072780 -0.890461
17.537754 -8.695723 471.336035 -19.137633 -0.680716 0.644771 0.347702 0.527152 0.760740 -0.378663 -0.508662 -0.074470 -0.857740
14.760421 -7.761524 267.422424 -45.643611 -0.715978 0.635623 0.288719 0.595673 0.771892 -0.222165 -0.364073 0.012916 -0.931281
-0.157153 -1.537493 -21.346333 -26.676185 -0.179994 0.935533 -0.303941 -0.446167 -0.353021 -0.822381 0.876662 0.012415 -0.480946
-0.626415 -1.779900 -10.120766 -27.020389 -0.083003 0.991316 -0.101997 -0.490449 -0.129732 -0.861759 0.867508 0.021505 -0.496958
-0.313110 -1.371074 -16.149137 -26.393484 -0.137162 0.967280 -0.213439 -0.448270 -0.252762 -0.857418 0.883312 0.021926 -0.468272
-1.623789 -4.928550 6.794812 20.471216 -0.304945 0.934548 0.183383 -0.125507 -0.230310 0.964990 -0.944064 -0.271253 -0.187524
-2.089985 -5.257690 4.245629 26.643761 -0.287570 0.948110 0.135612 -0.240683 -0.208587 0.947926 -0.927025 -0.239956 -0.288178
-1.827627 -5.483047 -14.357801 23.533750 -0.311895 0.949841 0.022873 -0.268996 -0.111367 0.956681 -0.911242 -0.292231 -0.290239
-1.459148 -5.237993 -13.010253 27.499649 -0.332627 0.941422 0.055537 -0.154607 -0.112530 0.981547 -0.930299 -0.317903 -0.182981
-1.180483 -4.561742 6.940486 18.589330 -0.315755 0.921103 0.227744 -0.013312 -0.244300 0.969608 -0.948747 -0.303127 -0.089400
-0.385979 -6.251144 2.088756 -23.968336 0.288442 0.956140 0.050971 -0.299520 0.039539 0.953270 -0.909444 0.290230 -0.297788
-0.187077 -6.635525 3.651708 -24.471779 0.301107 0.953375 0.020260 -0.284885 0.069660 0.956027 -0.910041 0.293638 -0.292577
-0.191767 -5.708616 -0.190697 -11.661488 0.273499 0.957936 0.086929 -0.428928 0.040571 0.902427 -0.860941 0.284099 -0.421982
-0.368681 -7.387030 5.371019 -46.088366 0.306338 0.951815 -0.014304 -0.148069 0.062488 0.987001 -0.940336 0.300238 -0.160077
-0.258224 -5.445302 1.883147 -12.654014 0.259716 0.958374 0.118604 -0.439852 0.008061 0.898034 -0.859696 0.285402 -0.423637
-0.538057 -7.065634 2.064543 -44.300693 0.295046 0.955439 0.009147 -0.155189 0.038473 0.987135 -0.942796 0.292670 -0.159625
-0.374870 -5.951885 2.352735 -24.027023 0.276466 0.957788 0.078792 -0.305305 0.009793 0.952204 -0.911238 0.287308 -0.295125
-0.109060 -13.109859 -7.847222 264.036974 0.574564 -0.542221 -0.613084 0.439956 -0.427033 0.789988 0.690156 0.723629 0.006804
0.052262 -16.230649 5.530617 159.506938 -0.555850 0.543221 0.629239 0.633113 -0.213888 0.743922 0.538701 0.811889 -0.225031
0.160318 -13.887684 -6.647360 254.941014 0.570731 -0.547914 -0.611602 0.462695 -0.400731 0.790777 0.678365 0.734306 -0.024808
0.129954 -10.776206 8.455985 -232.287488 -0.588029 0.561277 0.582400 -0.277465 0.536374 -0.797067 0.759760 0.630294 0.159668
-0.179165 -9.418416 6.282341 -210.713353 -0.588256 0.562188 0.581292 -0.253988 0.554002 -0.792826 0.767754 0.614025 0.183106
2.389959 -8.562449 41.236917 39.986695 0.279188 0.959936 -0.024004 0.207441 -0.035887 0.977589 -0.937562 0.277911 0.209150
1.153705 -8.461893 30.292348 17.615757 0.323280 0.945029 -0.049101 0.207228 -0.020071 0.978087 -0.923334 0.326371 0.202325
2.244668 -8.027258 42.305976 42.588751 0.289623 0.956396 -0.037761 0.335364 -0.064448 0.939881 -0.896465 0.284875 0.339407
-1.124068 -15.110735 1.386377 -101.050870 -0.393448 0.885884 0.245782 0.495936 -0.020592 0.868115 -0.774110 -0.463450 0.431239
-1.207889 -16.050623 -10.331179 -135.256084 -0.398504 0.885542 0.238770 0.569813 0.035047 0.821027 -0.718685 -0.463236 0.518559
-0.915490 -13.852249 3.946689 -72.354937 -0.404345 0.894806 0.189281 0.377886 -0.025017 0.925514 -0.832891 -0.445753 0.328019
-0.915917 -12.766464 26.504402 -6.668902 -0.389836 0.900157 0.194282 0.313214 -0.068788 0.947188 -0.865982 -0.430099 0.255126
-1.711001 -6.387030 5.076074 -34.533741 -0.341059 0.761502 0.551175 0.915937 0.401126 0.012573 -0.211516 0.509130 -0.834295
-1.259541 -7.735858 -213.841154 -61.590230 -0.265274 0.819274 0.508350 0.934091 0.349048 -0.075097 -0.238963 0.454924 -0.857870
-0.042476 -6.230470 68.981697 47.700405 -0.658473 0.543501 0.520596 0.689172 0.713397 0.126910 -0.302416 0.442347 -0.844319
0.660179 -5.304609 161.419567 65.824282 -0.650767 0.544917 0.528741 0.709401 0.684592 0.167583 -0.270653 0.484147 -0.832075
1.325917 -4.763631 -59.125421 -8.755602 -0.569467 0.791307 0.222577 -0.777889 -0.606288 0.165238 -0.265699 0.079043 -0.960810
2.288890 -4.678482 -39.238059 -8.963894 -0.531619 0.805935 0.260479 -0.794379 -0.581131 0.176775 -0.293842 0.112942 -0.949158
1.664407 -4.887561 -67.102839 -4.717475 -0.556742 0.801119 0.219652 -0.747094 -0.598497 0.289225 -0.363165 0.003077 -0.931720
12.263584 -11.602309 -611.105189 188.014887 0.149554 0.983759 0.099253 0.439256 0.023828 -0.898046 0.885826 -0.177903 0.428558
4.743710 -11.333430 -170.996843 174.344990 0.228557 0.973530 -0.000510 0.453319 -0.106890 -0.884916 0.861547 -0.202023 0.465751
5.798009 -12.695504 -322.837462 121.056187 0.115097 0.985023 0.128385 0.591584 0.035855 -0.805445 0.797985 -0.168655 0.578597
11.670248 -13.365439 -691.291180 111.620037 0.019230 0.979949 0.198318 0.540353 0.156704 -0.826718 0.841219 -0.123059 0.526505
5.620982 -14.531218 -269.289934 17.154311 -0.100363 0.972509 0.210128 0.695667 0.219580 -0.683982 0.711318 -0.077532 0.698580
-3.244876 -14.315050 -31.896144 31.709042 0.733126 -0.613944 -0.292574 0.108899 -0.318674 0.941588 0.671318 0.722164 0.166770
-3.675965 -15.511405 -31.870979 -55.699300 -0.678360 0.696664 0.233424 -0.054040 0.269531 -0.961474 0.732740 0.664840 0.145191
-4.559167 -14.227360 60.774054 -5.658571 0.727433 -0.665257 -0.168148 0.171607 -0.060886 0.983282 0.664374 0.744127 -0.069872
-2.130664 -12.370822 -90.914131 -0.486883 0.795072 -0.582877 -0.167672 0.155578 -0.071205 0.985254 0.586221 0.809434 -0.034069
-4.123260 -13.572708 13.772278 -34.073698 0.781823 -0.622799 -0.029579 0.198917 0.204185 0.958510 0.590919 0.755268 -0.283522
-3.650810 -14.954212 34.692925 -91.932324 0.709069 -0.700046 -0.084595 0.290320 0.180501 0.939752 0.642600 0.690909 -0.331224
0.777432 -1.333799 41.485265 3.274964 -0.578693 0.319397 -0.750400 0.263119 0.944037 0.198903 0.771935 -0.082341 -0.630347
2.065257 -1.877184 68.531663 18.992576 -0.609192 0.177768 -0.772842 0.199189 0.977609 0.067858 0.767600 -0.112604 -0.630961
2.185936 -1.338927 95.567300 5.937449 -0.610817 0.055606 -0.789817 0.100910 0.994863 -0.007998 0.785315 -0.084586 -0.613291
0.551638 -1.060274 78.099572 2.487648 -0.616846 0.079103 -0.783099 0.094449 0.995187 0.026130 0.781396 -0.057845 -0.621348
2.040173 -1.347880 125.888763 -5.295436 -0.613164 -0.120824 -0.780661 -0.034982 0.991418 -0.125966 0.789181 -0.049929 -0.612128
3.390987 -1.588035 93.051465 -0.378347 -0.578137 -0.054550 -0.814114 0.026896 0.995946 -0.085833 0.815497 -0.071520 -0.574326
0.482177 -7.081411 -11.783667 -36.808202 -0.186975 0.678520 -0.710388 -0.493379 0.560462 0.665177 -0.849481 -0.474862 -0.229975
0.858122 -6.018923 13.670749 -4.969954 -0.172792 0.682271 -0.710387 -0.510029 0.555032 0.657122 -0.842623 -0.475864 -0.252073
0.621781 -6.101642 41.085900 -116.015662 -0.105818 0.638075 -0.762668 -0.510713 0.623214 0.592263 -0.853214 -0.452177 -0.259926
1.328021 -7.684695 -46.574152 -118.527254 0.066515 -0.576375 0.814473 -0.422823 0.723084 0.546233 -0.903768 -0.380710 -0.195608
0.319108 -8.969015 -74.176426 -94.790061 -0.196050 0.656673 -0.728248 -0.405276 0.622002 0.669973 -0.892925 -0.426490 -0.144190
-0.217901 -8.004221 -80.920582 -1.049304 -0.267092 0.706315 -0.655576 -0.460156 0.504247 0.730748 -0.846711 -0.496844 -0.190335
0.602662 -15.318458 -0.955604 174.717295 0.452562 0.876480 -0.164229 0.850981 -0.479531 -0.214201 0.266496 0.042817 0.962885
0.497909 -16.137905 5.595017 82.452040 0.432367 0.884356 -0.175994 0.890633 -0.449331 -0.069821 0.140826 0.126557 0.981912
0.591809 -15.235173 5.193805 135.536572 0.440539 0.879680 -0.179132 0.840596 -0.474254 -0.261688 0.315156 0.035294 0.948383
0.678922 -14.181907 -0.099430 113.550969 0.459555 0.872431 -0.166353 0.793428 -0.487445 -0.364513 0.399100 -0.035524 0.916219
3.589016 -47.321291 277.510404 -2639.055932 0.495558 0.840112 -0.220532 0.792647 -0.541236 -0.280668 0.355152 0.035716 0.934126
2.575243 -35.631451 -114.077458 -1712.736420 0.476532 0.858569 -0.189147 0.829083 -0.510439 -0.228197 0.292471 0.048075 0.955065
4.860903 -47.005402 -256.985691 -1656.615327 0.441127 0.884667 -0.150901 0.757403 -0.457186 -0.466177 0.481401 -0.091351 0.871727
7.374750 -54.846734 -508.851123 -1609.472791 0.394349 0.906336 -0.151805 0.673140 -0.397350 -0.623695 0.625597 -0.143767 0.766785
6.313325 -55.582871 23.193164 -931.045099 0.400307 0.899641 -0.174355 0.566429 -0.392480 -0.724650 0.720356 -0.191323 0.666695
5.321186 -57.755475 138.475793 -2484.595733 0.458335 0.871522 -0.174293 0.687089 -0.471838 -0.552520 0.563771 -0.133484 0.815073
5.819876 -27.411229 79.574249 -364.880687 0.384452 0.922562 0.032784 0.365333 -0.184665 0.912376 -0.847778 0.338788 0.408038
6.808677 -27.212765 1.012457 104.374734 0.324668 0.940186 0.103156 0.547388 -0.275720 0.790155 -0.771335 0.200072 0.604164
5.670738 -26.751046 4.086191 -346.737863 0.318931 0.941550 0.108475 0.322984 -0.215573 0.921526 -0.891047 0.258867 0.372858
7.419939 -55.118183 -2289.706938 5146.087071 0.910497 0.353541 -0.214484 0.392909 -0.901347 0.182200 0.128909 0.250165 0.959583
-6.583356 -9.583610 102.114635 971.652607 -0.653696 -0.717298 0.241175 0.748199 -0.660397 0.063830 0.113486 0.222172 0.968380
21.020030 -76.036582 1070.856971 -8339.928266 0.242560 -0.948948 0.201650 0.951923 0.192722 -0.238118 0.187099 0.249713 0.950072
59.845009 -547.667321 -5227.846903 -46594.692720 0.056104 0.970981 -0.232483 0.892579 -0.153116 -0.424096 0.447386 0.183716 0.875268
1.491852 -4.970919 13.772300 3.958318 -0.215885 0.874187 0.434960 -0.710121 -0.446313 0.544548 -0.670165 0.191315 -0.717131
1.422281 -5.030809 -13.667833 2.173746 -0.188407 0.883848 0.428154 -0.729836 -0.417722 0.541153 -0.657147 0.210525 -0.723766
1.644761 -4.942782 10.745273 3.246917 -0.210604 0.869177 0.447412 -0.620963 -0.472426 0.625475 -0.755017 0.146099 -0.639222
1.194913 -4.920435 -1.339730 -3.609426 -0.190419 0.882854 0.429312 -0.807839 -0.389396 0.442455 -0.557796 0.262563 -0.787353
1.306912 -4.908253 16.042230 -2.749092 -0.225522 0.874468 0.429472 -0.789604 -0.422284 0.445199 -0.570671 0.238711 -0.785717
-0.318631 -2.243497 71.145405 22.817944 0.883402 -0.408445 -0.229725 0.456940 0.859535 0.228923 -0.103954 0.307201 -0.945950
0.231337 -2.486718 79.094936 10.038452 0.897250 -0.384379 -0.217243 0.427432 0.879506 0.209214 -0.110649 0.280574 -0.953433
-1.698078 -2.327426 56.977887 6.460877 0.975389 -0.136293 -0.173321 0.180435 0.945181 0.272171 -0.126725 0.296745 -0.946511
-1.984460 -2.048179 53.769104 12.616066 0.960784 -0.194952 -0.197199 0.246324 0.926625 0.284061 -0.127351 0.321497 -0.938308
-0.857137 -1.943969 59.280641 15.740996 0.863461 -0.441536 -0.243886 0.494982 0.834761 0.241180 -0.097096 0.328969 -0.939336
0.674978 -4.730113 -81.466483 -3.625805 -0.467543 0.839437 0.277037 -0.344862 -0.461780 0.817209 -0.813925 -0.286541 -0.505391
1.723759 -4.806301 -74.497592 -1.537210 -0.460218 0.827471 0.321699 -0.222809 -0.458406 0.860360 -0.859392 -0.324276 -0.395335
0.327740 -4.629083 -66.161511 -1.460952 -0.476662 0.818481 0.320752 -0.227021 -0.467102 0.854563 -0.849267 -0.334520 -0.408462
-0.177874 -3.692215 -1.220165 14.693775 0.067114 0.989140 0.130762 -0.793432 -0.026551 0.608080 -0.604948 0.144561 -0.783033
-0.305391 -3.036334 -5.231143 20.594135 0.064038 0.991614 0.112256 -0.714432 -0.032985 0.698927 -0.696769 0.124957 -0.706328
-0.365450 -3.686889 -3.502338 16.796916 0.136572 0.989006 0.056707 -0.736355 0.063058 0.673650 -0.662668 0.133758 -0.736872
-0.152604 -4.492284 -5.207624 22.982261 0.064475 0.991735 0.110924 -0.844771 -0.004931 0.535106 -0.531230 0.128207 -0.837471
2.446961 -10.867233 -8.166818 -128.304542 -0.272600 0.854853 0.441493 0.515254 0.517233 -0.683362 0.812529 -0.041196 0.581464
2.426171 -13.980879 -12.931326 -223.456872 -0.279162 0.826488 0.488862 0.369145 0.562349 -0.739930 0.886454 0.026100 0.462080
1.661851 -12.170920 -47.085398 -135.309437 -0.183055 0.849389 0.495003 0.527979 0.509675 -0.679316 0.829295 -0.136999 0.541758
0.143311 -13.074375 -70.415407 -100.096373 -0.129025 0.852151 0.507141 0.522262 0.493135 -0.695744 0.842968 -0.175092 0.508673
0.389906 -10.614451 -77.454010 -167.430156 -0.124248 0.853567 0.505950 0.694351 0.439049 -0.570186 0.708829 -0.280462 0.647227
-86.574446 -450.971904 -7524.113867 7057.524525 0.739120 0.398562 -0.543001 0.634562 -0.141649 0.759781 -0.225905 0.906137 0.357608
-113.978353 -326.476616 -6243.092697 27185.077289 0.821263 0.557618 -0.120784 0.050861 0.139304 0.988943 -0.568278 0.818325 -0.086045
-68.482932 -361.396315 -5485.578265 13914.398577 0.685832 0.457004 -0.566376 0.675023 -0.108606 0.729760 -0.271991 0.882809 0.382974
3.468779 -24.790073 -88.580766 439.283391 0.407979 0.844136 -0.347833 -0.717928 0.061253 -0.693418 0.564033 -0.532619 -0.631018
1.900529 -25.099831 -20.925921 -578.176181 0.424782 0.844973 -0.324931 0.754495 -0.132081 0.642878 0.500297 -0.518242 -0.693634
2.243931 -24.117028 -21.936423 196.171605 0.431092 0.841420 -0.325839 -0.479831 -0.092046 -0.872519 0.764148 -0.532484 -0.364059
3.798040 -25.131945 -77.149497 -96.275550 0.427206 0.850804 -0.305986 -0.376636 -0.140205 -0.915690 0.821973 -0.506434 -0.260547
5.609708 -25.580221 -139.276922 303.579016 0.346622 0.883805 -0.314233 -0.688913 0.012510 -0.724736 0.636594 -0.467688 -0.613201
-8.945221 -17.003551 -152.633809 -1489.942687 0.913042 0.382913 0.140470 0.072634 -0.491548 0.867816 -0.401346 0.782150 0.476616
-8.333962 -15.048597 -127.575529 -1125.792980 0.898978 0.296342 0.322521 -0.120029 -0.541486 0.832097 -0.421226 0.786749 0.451214
-11.707222 -22.145448 -164.697636 -909.089480 0.886092 0.444640 0.130904 0.178935 -0.588672 0.788319 -0.427578 0.675100 0.601180
-6.394111 -8.633901 -43.177504 -111.410776 0.113384 0.906657 0.406347 -0.493044 0.406419 -0.769241 0.862584 0.113128 -0.493103
-4.328834 -7.787799 10.700858 -44.113695 -0.084046 0.996450 -0.004911 -0.500743 -0.046495 -0.864346 0.861506 0.070186 -0.502873
-3.730343 -7.138057 27.287915 -27.793849 -0.120585 0.969129 -0.215054 -0.455861 -0.246501 -0.855236 0.881845 0.005094 -0.471513
-4.014361 -5.629266 -23.946509 -8.408380 0.105250 0.261126 -0.959550 -0.022352 0.965287 0.260235 0.994195 -0.005942 0.107433
-3.639434 -5.139251 -55.967864 37.956997 0.169225 -0.072301 -0.982922 -0.058850 0.994785 -0.083306 0.983819 0.071943 0.164088
-40.765630 -82.791551 11.327622 -3605.399905 -0.069031 0.842745 0.533868 0.997423 0.068777 0.020402 -0.019524 0.533901 -0.845321
-74.309857 -131.104992 -3801.737119 6778.681693 0.709700 -0.453533 -0.539104 0.658685 0.155702 0.736133 0.249921 0.877533 -0.409237
-47.119447 -86.807119 -531.771208 -3354.585354 -0.184940 0.886873 0.423384 -0.859624 0.062803 -0.507053 0.476281 0.457725 -0.750762
1.862754 -2.068040 -30.819082 32.904942 -0.449267 0.785156 0.426251 0.321088 0.587137 -0.743083 0.833704 0.196979 0.515885
0.845646 -1.881560 -101.803496 30.495683 -0.378051 0.850373 0.365982 0.355553 0.498369 -0.790702 0.854786 0.168800 0.490762
2.261794 -1.678526 29.878960 27.986560 -0.498198 0.763250 0.411397 0.282035 0.591319 -0.755512 0.819911 0.260366 0.509857
0.473818 -2.616964 -103.801347 29.645916 -0.402386 0.818422 0.410208 0.384946 0.557809 -0.735300 0.830603 0.137967 0.539503
2.084832 -2.321313 28.815554 34.336417 -0.507344 0.740149 0.441340 0.304687 0.633138 -0.711549 0.806082 0.226529 0.546733
1.518291 -2.848986 -35.637059 30.567855 -0.463647 0.760483 0.454640 0.359984 0.630551 -0.687617 0.809595 0.155148 0.566115
1.036444 -9.425105 -12.446933 21.722730 -0.166731 -0.343919 -0.924078 0.791258 0.512523 -0.333514 0.588313 -0.786791 0.186675
0.310548 -9.276060 -14.538307 -41.267384 -0.194263 -0.358649 -0.913035 0.923952 0.245752 -0.293119 0.329507 -0.900543 0.283634
-0.066287 -9.500505 19.352142 -45.764813 -0.249437 -0.339430 -0.906956 0.919034 0.212210 -0.332179 0.305217 -0.916381 0.259015
-3.342214 -5.975966 -13.504943 -2.978939 0.574920 0.476006 0.665496 0.024919 0.802793 -0.595738 -0.817830 0.359085 0.449680
-1.741018 -5.366090 -55.128704 -13.670063 0.432569 0.193147 0.880669 0.282185 0.898706 -0.335707 -0.856303 0.393728 0.334249
-3.254876 -5.656341 -26.362915 -7.890519 0.521015 0.494550 0.695674 -0.047385 0.830541 -0.554938 -0.852231 0.256166 0.456159
-1.762478 -5.456181 -49.061819 0.567717 0.453794 0.187275 0.871206 0.373439 0.847709 -0.376740 -0.809083 0.496304 0.314749
-3.668408 -5.948894 -12.686942 -2.400124 0.548521 0.654402 0.520464 -0.264492 0.726298 -0.634457 -0.793202 0.210354 0.571474
-3.025471 -6.194544 13.013511 8.654360 0.631102 0.469556 0.617436 0.082002 0.751128 -0.655044 -0.771353 0.464031 0.435534
-3.325266 -6.315839 17.587610 -1.018053 0.624605 0.604231 0.494747 -0.191544 0.732707 -0.653032 -0.757087 0.313121 0.573389
0.145887 -9.644177 5.898684 16.409446 0.068765 0.970633 0.230526 0.315552 0.198047 -0.928011 0.946413 -0.136558 0.292667
0.020682 -9.568845 7.812110 19.514250 0.057220 0.968596 0.241965 0.097135 0.235811 -0.966932 0.993625 -0.078831 0.080592
0.181752 -9.564001 4.276120 20.813209 0.068515 0.968629 0.238881 0.068935 0.234275 -0.969723 0.995266 -0.082908 0.050721
-0.516784 -12.513427 5.463195 -79.692987 0.571549 -0.530089 -0.626369 0.066208 0.790638 -0.608694 0.817892 0.306428 0.486984
-0.872733 -10.696139 6.132634 -52.737598 0.576141 -0.517828 -0.632389 0.276835 0.851605 -0.445119 0.769041 0.081384 0.633998
-0.605983 -10.366722 9.050562 -60.461352 0.567414 -0.479433 -0.669467 0.273674 0.876603 -0.395816 0.776623 0.041376 0.628605
-0.577444 -4.669911 -5.042878 -1.244804 -0.119228 0.964141 0.237101 0.626661 -0.112153 0.771180 -0.770118 -0.240528 0.590817
-0.428341 -4.533749 10.835402 -42.985822 -0.141300 0.975688 0.167533 0.612940 -0.046668 0.788750 -0.777393 -0.214138 0.591444
-0.876427 -4.834355 8.304265 36.239445 -0.105069 0.954801 0.278058 0.644660 -0.147505 0.750104 -0.757214 -0.258066 0.600024
-0.716310 -4.764151 -5.828067 50.191267 -0.101060 0.954504 0.280553 0.700489 -0.131980 0.701353 -0.706471 -0.267403 0.655282
-0.728334 -4.862913 -12.055689 11.627550 -0.115881 0.962706 0.244476 0.693871 -0.097656 0.713447 -0.710714 -0.252310 0.656677
2.017208 -11.165253 65.371424 -22.898028 -0.527877 0.692528 0.491681 0.616525 -0.085725 0.782654 0.584160 0.716279 -0.381709
1.345034 -9.994567 17.264031 -110.388532 -0.472199 0.695278 0.541864 -0.511663 0.284369 -0.810762 0.717794 0.660093 -0.221469
1.075342 -11.832250 -33.147822 101.325046 -0.456741 0.676063 0.578210 0.570948 -0.275666 0.773322 0.682207 0.683336 -0.260089
1.414733 -13.423680 -7.580799 79.562136 -0.472516 0.644921 0.600672 0.620470 -0.240598 0.746411 0.625896 0.725390 -0.286468
2.773326 -12.236838 48.679363 -105.475345 -0.543289 0.681967 0.489651 0.697808 0.042525 0.715022 0.466799 0.730146 -0.498985
1.010928 -15.487521 -21.145042 -242.179605 -0.523943 0.807549 0.270829 -0.033615 0.298114 -0.953938 0.851090 0.508913 0.129049
-0.131662 -6.689082 -1.068187 -25.617862 0.374674 0.911111 0.171746 0.389639 0.013356 -0.920871 0.841309 -0.411945 0.350000
0.184218 -6.215404 -14.735390 17.090607 0.395837 0.901387 0.175540 0.120606 0.138470 -0.982996 0.910367 -0.410277 0.053901
-0.302929 -6.594787 3.302358 2.907774 0.375352 0.908551 0.183429 0.163233 0.130010 -0.977984 0.912396 -0.397030 0.099506
5.117802 -10.942890 -443.510784 62.093784 0.721454 -0.546956 -0.424669 0.147612 -0.477701 0.866033 0.676546 0.687489 0.263902
5.031405 -11.530619 -354.951670 113.802735 0.702948 -0.602662 -0.377708 0.211079 -0.330359 0.919950 0.679198 0.726403 0.105016
7.705061 -10.851923 -611.861267 16.723769 0.719566 -0.516752 -0.463888 -0.087612 0.595124 -0.798844 0.688876 0.615462 0.382957
11.253701 -9.753349 503.488473 -140.299649 -0.641869 0.632532 0.433483 -0.243692 0.367735 -0.897433 0.727061 0.681671 0.081895
-3.049911 -11.903769 -131.144924 -27.265417 -0.398754 0.832212 0.385252 -0.503413 -0.549782 0.666570 -0.766531 -0.071857 -0.638174
-2.637902 -13.166359 -105.205566 -254.268428 -0.393959 0.825074 0.405029 -0.412624 -0.552527 0.724192 -0.821302 -0.118178 -0.558119
-4.305796 -14.819061 -175.256789 -244.633776 -0.386481 0.813945 0.433734 -0.315237 -0.558532 0.767247 -0.866752 -0.159797 -0.472447
0.584564 -0.748112 -32.454610 9.144524 -0.484041 0.792218 0.371611 0.402565 -0.175462 0.898418 -0.776947 -0.584468 0.233988
0.199127 -0.796767 -18.435727 5.070506 -0.449013 0.789945 0.417582 0.399235 -0.240732 0.884681 -0.799374 -0.563946 0.207282
-0.196923 -0.631458 -1.541919 1.580685 -0.411933 0.794575 0.446051 0.412874 -0.273623 0.868715 -0.812309 -0.542015 0.215345
7.820413 -17.957437 -185.491008 -428.373964 -0.593024 0.659342 0.462158 -0.290251 0.360336 -0.886517 0.751050 0.659868 0.022313
29.999703 -15.115764 -1381.652952 -357.395231 -0.365796 0.606007 0.706363 -0.619287 0.408067 -0.670794 0.694749 0.682815 -0.226024
40.260410 -12.709173 -1936.714859 234.529911 -0.340786 0.478759 0.809107 0.679124 -0.469772 0.564009 0.650120 0.741690 -0.165045
3.140046 -13.864443 -24.314547 -256.221644 -0.604777 0.728505 0.321754 -0.051631 0.367297 -0.928669 0.794720 0.578250 0.184520
4.294013 -11.657550 -64.571520 -189.574879 -0.620561 0.625781 0.472550 -0.153722 0.493847 -0.855853 0.768944 0.603750 0.210266
36.016280 -7.677410 1826.039231 -160.566930 0.255294 -0.173334 -0.951200 -0.654159 0.693475 -0.301940 0.711970 0.699319 0.063652
0.830341 -29.545444 37.332979 -194.299118 0.272818 0.866033 0.418996 0.348699 0.316892 -0.882037 0.896649 -0.386739 0.215530
0.571523 -26.818386 29.130560 -121.784936 0.272461 0.870242 0.410418 0.426733 0.273014 -0.862185 0.862360 -0.410051 0.296975
0.499523 -27.097538 39.278164 159.513035 0.256247 0.863384 0.434633 0.157203 0.406436 -0.900054 0.953742 -0.298962 0.031578
0.368934 -25.212859 5.716032 -133.212567 0.278458 0.869522 0.407913 0.475451 0.244226 -0.845162 0.834510 -0.429285 0.345409
0.433083 -25.295824 13.913436 64.059419 0.267471 0.863196 0.428197 0.236295 0.372059 -0.897629 0.934143 -0.341270 0.104453
41.597095 -78.125953 440.771035 -1704.092299 0.699201 -0.153416 -0.698271 0.468885 -0.638899 0.609881 0.539690 0.753838 0.374784
37.138264 -97.888124 -209.629479 -3051.559158 0.743092 -0.119348 -0.658460 -0.253222 0.860652 -0.441765 0.619429 0.495009 0.609323
41.430087 -111.541395 -1303.345233 -1182.382918 0.910321 0.205147 -0.359486 0.402188 -0.643595 0.651176 0.097776 0.737360 0.668386
70.406231 -125.006818 2981.555713 -12948.118137 0.719588 -0.286597 -0.632500 0.578422 -0.256592 0.774331 0.384215 0.923051 0.018867
4.973299 -165.090578 1476.046907 -1702.760316 0.980918 0.084002 -0.175338 0.170624 0.060394 0.983484 -0.093204 0.994634 -0.044909
360.638707 -1255.676499 -25429.279715 -152543.201025 0.885990 0.457532 -0.075412 0.216885 -0.265136 0.939502 -0.409858 0.848745 0.334140
57.904574 -388.223536 -2228.041672 -30898.543468 0.864087 0.491538 -0.108373 0.500755 -0.861287 0.086188 0.050975 0.128743 0.990367
38.081498 -167.249319 -1717.735366 4544.429717 0.882182 0.469096 0.041277 0.385867 -0.770330 0.507640 -0.269929 0.431904 0.860580
6.745925 -49.567523 -518.824676 -839.563033 0.267401 0.717355 0.643349 -0.526088 0.668057 -0.526243 0.807297 0.197740 -0.556031
9.627233 -51.100938 -728.295784 -559.530954 0.215834 0.712786 0.667347 -0.336740 0.695863 -0.634335 0.916527 0.087811 -0.390215
0.376746 -11.311014 7.429131 -331.323497 -0.383419 -0.801351 -0.459158 0.923106 -0.348346 -0.162883 -0.029420 -0.486304 0.873295
0.586976 -11.965116 -9.707639 -321.495026 -0.379020 -0.812506 -0.442920 0.925302 -0.339283 -0.169419 -0.012621 -0.474048 0.880408
1.119967 -13.574421 51.480447 -303.001312 -0.375089 -0.806967 -0.456195 0.925028 -0.293840 -0.240792 0.060263 -0.512311 0.856683
-4.625683 -52.125095 16.214095 -192.422048 0.088061 0.784748 0.613527 -0.485602 -0.503955 0.714297 -0.869733 0.360832 -0.336697
-4.122404 -43.654238 -11.212710 -39.937497 0.034432 0.812047 0.582576 -0.467545 -0.502111 0.727521 -0.883298 0.297431 -0.362380
-3.868600 -48.158594 -32.247779 662.364372 0.059482 0.818099 0.571993 -0.156132 -0.558331 0.814794 -0.985944 0.137772 -0.094521
1.120958 -4.734921 -25.601407 13.309745 0.282968 -0.949142 -0.138052 0.959120 0.279373 0.045165 -0.004300 -0.145188 0.989395
1.759320 -4.647766 -24.968080 12.180445 0.319763 -0.932999 -0.165118 0.947497 0.315087 0.054498 0.001180 -0.173876 0.984767
1.815226 -4.842944 -34.379679 8.802651 0.322255 -0.934873 -0.148873 0.938466 0.294856 0.179836 -0.124228 -0.197666 0.972366
-1.517722 -6.374981 8.618519 -42.252633 0.700759 0.621935 0.349477 -0.420093 0.755680 -0.502463 -0.576592 0.205292 0.790820
-1.875527 -6.584045 54.470365 -18.215060 0.723780 0.576126 0.379765 -0.279785 0.748114 -0.601702 -0.630763 0.329247 0.702662
4.857043 -1.823110 -226.495085 191.730856 0.042218 0.965792 0.255860 -0.398026 0.251147 -0.882326 0.916402 0.064589 -0.395014
6.873654 -1.997783 -270.756372 290.590025 -0.013833 0.967260 0.253412 -0.442732 0.221314 -0.868912 0.896547 0.124213 -0.425176
5.431029 -0.442653 -287.101806 67.040609 0.039913 0.988890 0.143189 -0.354669 0.147993 -0.923205 0.934140 0.013937 -0.356635
2.890204 -0.599349 -183.515013 37.962084 0.065288 0.987300 0.144830 -0.344784 0.158520 -0.925200 0.936409 -0.010469 -0.350755
2.630940 -1.687032 -158.275119 58.043660 0.051325 0.976171 0.210846 -0.354136 0.215194 -0.910098 0.933785 0.027957 -0.356742
3.109813 -6.967380 -150.044085 74.134961 0.454296 -0.760161 -0.464511 0.852635 0.522103 -0.020525 0.258124 -0.386734 0.885330
