14897
29766
-5.818411 -7.504655 -14.709363 130.028729 -0.666347 0.738284 0.104490 -0.087676 -0.216742 0.972284 -0.740469 -0.638717 -0.209155
-6.909708 -8.568553 68.264249 91.164700 -0.628701 0.718930 0.296439 -0.062125 -0.426414 0.902392 -0.775162 -0.548918 -0.312750
-5.928704 -11.102164 -38.479491 198.406168 -0.585658 0.791108 -0.176503 -0.388822 -0.083131 0.917555 -0.711212 -0.606001 -0.356286
-5.275749 -7.705222 12.102455 -58.156852 -0.521593 0.423330 0.740765 -0.280656 0.734776 -0.617525 -0.805713 -0.529997 -0.264444
-3.487111 -10.474521 105.565993 -240.428962 0.720619 -0.683602 0.115744 0.236521 0.085456 -0.967861 -0.651741 -0.724835 -0.223267
-4.772432 -6.122226 50.576536 -122.689229 0.725350 -0.681295 -0.098517 0.012104 0.155714 -0.987728 -0.688274 -0.715256 -0.121193
-4.439812 -6.308336 33.388408 -62.860311 -0.344434 0.217374 0.913298 -0.557161 0.735650 -0.385216 -0.755603 -0.641536 -0.132271
4.402468 -7.870632 -1.183329 -92.733567 0.872508 -0.469314 -0.135923 -0.462750 -0.704441 -0.538169 -0.156821 -0.532455 0.831805
5.271305 -8.132612 23.278220 -26.337301 0.879767 -0.472285 -0.054371 -0.435300 -0.754291 -0.491486 -0.191110 -0.456061 0.869187
5.833306 -7.826912 -8.983377 11.607770 0.836853 -0.511663 -0.194621 -0.541824 -0.723438 -0.427860 -0.078124 -0.463506 0.882643
5.459993 -7.246144 -12.675303 -4.930973 0.812167 -0.501751 -0.297708 -0.583059 -0.679958 -0.444634 -0.020667 -0.534699 0.844790
6.999108 -8.052836 -19.230209 120.404816 0.815815 -0.534812 -0.220050 -0.577273 -0.730282 -0.365300 -0.034668 -0.425046 0.904508
6.649993 -8.478476 -33.172456 96.114339 0.785009 -0.527731 -0.324440 -0.617051 -0.712491 -0.334072 0.054860 -0.462445 0.884949
-1.775991 -5.327266 264.926831 -51.714504 0.852257 0.031323 0.522184 0.522037 0.013365 -0.852818 0.033692 -0.999420 0.004962
-0.865062 -4.796740 242.743727 0.517148 0.865368 0.036780 0.499785 0.501065 -0.080300 -0.861676 -0.008440 -0.996092 0.087918
-4.280420 -5.113380 19.894929 -109.682815 0.948500 -0.094152 -0.302460 -0.302392 0.015339 -0.953060 -0.094372 -0.995440 0.013922
0.891574 -9.421665 -111.001029 86.970266 0.569087 -0.376848 -0.730839 0.804792 0.072952 0.589056 -0.168668 -0.923398 0.344800
3.583161 -11.236123 -238.806799 57.011550 0.484338 -0.443638 -0.754057 0.847420 0.023644 0.530396 -0.217475 -0.895894 0.387399
0.785721 -10.763403 -136.482582 9.535462 0.504052 -0.408405 -0.761010 0.809063 -0.085067 0.581533 -0.302238 -0.908828 0.287548
0.957358 -10.758573 -2.543225 -12.275163 -0.212033 0.836724 -0.504910 0.199776 0.542858 0.815717 -0.956625 -0.072090 0.282262
1.112781 -10.031414 74.667958 -88.872333 -0.144201 0.835745 -0.529846 -0.030549 0.531428 0.846553 -0.989077 -0.138260 0.051102
0.172544 -11.016564 61.874137 10.947324 -0.142320 0.855830 -0.497293 0.255865 0.517140 0.816761 -0.956179 0.010998 0.292576
0.107098 -10.426106 -12.117280 64.583951 -0.205939 0.856708 -0.472907 0.479851 0.509584 0.714190 -0.852838 0.079845 0.516035
-0.198233 -10.692622 17.636803 70.394276 -0.162981 0.875944 -0.454048 0.501408 0.469878 0.726502 -0.849722 0.109257 0.515786
-0.236364 -11.236615 75.541199 38.910684 -0.144824 0.872354 -0.466931 0.303442 0.488324 0.818207 -0.941780 0.023191 0.335430
2.206258 -7.441215 33.366735 16.150723 -0.234040 0.717277 0.656307 0.190767 0.695813 -0.692425 0.953327 0.036853 0.299681
1.162085 -8.100122 -22.258757 0.955976 0.265131 -0.649419 -0.712714 0.391796 0.747954 -0.535780 0.881023 -0.137187 0.452745
0.762354 -8.451027 -20.515969 2.100283 0.275194 -0.660913 -0.698185 0.185458 0.749079 -0.635992 0.943331 0.045537 0.328714
1.564988 -7.798780 -8.571677 11.970345 0.191884 -0.661956 -0.724565 0.401331 0.726659 -0.557585 0.895608 -0.183799 0.405098
2.251292 -7.258030 41.104088 10.140201 -0.261645 0.735338 0.625156 -0.015744 0.644381 -0.764542 0.965036 0.209882 0.157022
5.648196 -4.999554 116.360630 13.952436 -0.230517 0.859133 0.456895 0.070139 0.482989 -0.872813 0.970537 0.169152 0.171596
2.648427 -6.598214 34.394087 40.130884 -0.170816 0.745827 0.643867 0.219481 0.665854 -0.713068 0.960547 -0.019514 0.277433
5.023789 -12.439681 55.298466 -138.025851 0.509513 -0.669178 -0.540923 0.205965 0.705214 -0.678418 0.835449 0.234252 0.497143
7.564736 -9.378643 157.340328 -228.380894 0.446212 -0.699008 -0.558822 0.408770 0.714682 -0.567571 0.796117 0.024828 0.604634
8.860652 -10.797539 -179.294956 -249.711122 -0.532908 0.757281 0.377537 0.394832 0.617158 -0.680605 0.748410 0.213636 0.627887
4.689003 -10.493608 76.727108 -137.115938 0.406484 -0.614548 -0.676093 0.281131 0.788212 -0.547437 0.869331 0.032453 0.493164
5.823589 -13.481079 -89.265315 -183.072775 -0.578449 0.724414 0.374995 0.221339 0.581854 -0.782595 0.785115 0.369690 0.496914
3.716585 -14.360209 12.569519 -73.626832 -0.568433 0.659861 0.491393 0.035974 0.616635 -0.786427 0.821943 0.429354 0.374253
3.211045 -13.517989 21.261556 -43.747913 0.477111 -0.649592 -0.591942 -0.033346 0.659681 -0.750806 0.878210 0.377957 0.293079
3.725895 -12.310881 53.792420 -24.933886 0.422634 -0.612392 -0.668100 0.065930 0.755994 -0.651250 0.903899 0.231192 0.359883
-1.446928 -13.252953 15.049117 -19.193183 0.886399 -0.452266 0.098755 -0.085051 0.050591 0.995091 0.455042 0.890447 -0.006378
-1.364128 -13.616080 15.548003 47.834650 0.883634 -0.452483 0.120209 -0.015571 0.228213 0.973487 0.467920 0.862078 -0.194611
-1.719959 -12.790789 -0.447533 36.222597 0.917618 -0.379596 0.117830 -0.091183 0.087498 0.991983 0.386862 0.921005 -0.045677
-0.927071 -14.075143 28.121568 -17.917638 0.853475 -0.513260 0.090245 -0.054994 0.083500 0.994989 0.518224 0.854161 -0.043039
-1.800151 -12.282908 -2.962712 -15.984898 0.924419 -0.369372 0.094943 -0.138060 -0.092045 0.986137 0.355513 0.924712 0.136084
-1.470347 -12.998946 14.390649 -62.503906 0.893067 -0.444940 0.066785 -0.137322 -0.128201 0.982195 0.428456 0.886337 0.175592
-0.986971 -14.147184 29.817359 -64.762223 0.856378 -0.513004 0.058677 -0.123389 -0.092973 0.987993 0.501389 0.853336 0.142920
1.481193 -8.339035 -22.805822 -65.699163 0.944036 -0.234478 0.231984 0.118052 0.896913 0.426158 0.307994 0.374922 -0.874399
0.795912 -8.117739 -23.141514 -106.682863 0.953482 -0.223749 0.202010 0.135362 0.916561 0.376288 0.269349 0.331439 -0.904212
1.279691 -8.064113 14.286708 15.980598 -0.927399 0.290235 -0.235995 0.209202 0.925410 0.315992 0.310104 0.243680 -0.918943
14.605260 -7.929010 514.075385 -79.875690 -0.138670 0.903237 0.406121 -0.225777 0.370450 -0.900995 0.964259 0.216634 -0.152560
36.012121 -5.067698 1057.159775 -35.426098 -0.031602 0.994925 0.095524 -0.074987 0.092942 -0.992844 0.996684 0.038539 -0.071669
15.183755 -4.305196 378.992246 3.217124 -0.258731 0.933757 0.247299 -0.146109 0.215240 -0.965569 0.954835 0.285955 -0.080741
1.052112 -8.001514 0.795644 -22.990103 0.732446 -0.275985 0.622378 0.679487 0.239044 -0.693654 -0.042663 -0.930962 -0.362615
-0.647565 -8.551993 19.940219 25.868907 0.770791 -0.239978 0.590163 0.626726 0.119224 -0.770065 -0.114436 -0.963429 -0.242297
0.506250 -7.439065 80.883053 -24.669330 -0.552223 0.302146 -0.777018 0.830338 0.115759 -0.545104 -0.074754 -0.946207 -0.314809
5.041277 -7.254587 261.838543 -49.946343 -0.334808 0.330290 -0.882503 0.940369 0.176837 -0.290577 0.060085 -0.927166 -0.369801
-0.046444 -6.824456 89.525486 -23.082036 -0.387377 0.313068 -0.867138 0.913439 0.003040 -0.406964 -0.124771 -0.949726 -0.287146
-1.695200 -11.963194 -21.745123 -114.721786 0.296514 0.728605 0.617426 0.908084 -0.014896 -0.418522 -0.295740 0.684772 -0.666051
-1.882343 -11.210587 -18.959992 -59.004913 0.269818 0.721706 0.637447 0.866070 0.107447 -0.488239 -0.420856 0.683810 -0.596057
-1.538811 -11.894157 34.317810 -177.688373 0.328477 0.679411 0.656128 0.890803 0.008071 -0.454319 -0.313964 0.733714 -0.602570
-6.567784 -12.242909 348.004887 44.909526 -0.550782 0.804333 -0.222905 0.815709 0.575303 0.060372 -0.176797 0.148574 0.972969
-10.283634 -11.203712 66.157749 -144.509491 0.974557 -0.191462 0.116539 -0.202416 -0.975087 0.090734 -0.096264 0.112015 0.989033
-6.522933 -10.935994 -289.149419 99.429644 0.742610 -0.639485 0.198973 -0.663557 -0.742776 0.089306 -0.090682 0.198349 0.975927
-13.318475 -14.430226 410.951749 -110.757156 0.038061 0.995892 -0.082162 0.975836 -0.019339 0.217649 -0.215166 0.088460 0.972563
-3.761998 -12.591389 -166.050183 95.624149 0.754473 -0.622152 0.209038 -0.653174 -0.742945 0.146277 -0.064297 0.246900 0.966906
-2.232865 -12.859105 118.020970 -0.537042 -0.640262 0.733900 -0.226840 0.739654 0.668707 0.075789 -0.207310 0.119258 0.970979
-6.816959 -14.575212 456.530578 142.290631 -0.544098 0.804780 -0.237245 0.787352 0.587450 0.187028 -0.289886 0.085034 0.953276
1.518887 -3.770761 5.953332 3.394166 0.957311 -0.283479 -0.056529 -0.116078 -0.197905 -0.973324 -0.264730 -0.938335 0.222362
1.893049 -3.707332 2.908260 2.233813 0.967515 -0.251727 -0.023397 -0.064124 -0.154828 -0.985858 -0.244545 -0.955333 0.165941
1.589930 -3.617881 -6.273123 4.739293 0.953736 -0.291820 -0.072310 -0.109836 -0.114314 -0.987354 -0.279863 -0.949618 0.141078
1.567624 -3.820340 12.697287 -0.554013 0.971576 -0.236726 -0.000090 -0.057769 -0.236727 -0.969857 -0.229570 -0.942295 0.243674
1.202914 -3.714880 -24.417958 8.633395 0.943550 -0.326711 -0.054525 -0.122212 -0.190389 -0.974072 -0.307859 -0.925750 0.219569
1.349446 -3.820166 18.129597 7.341760 0.961702 -0.270810 -0.042312 -0.121593 -0.283163 -0.951333 -0.245649 -0.920044 0.305248
1.218885 -3.921543 -12.658401 9.572575 0.944095 -0.324319 -0.059176 -0.153022 -0.272105 -0.950023 -0.292008 -0.905967 0.306521
-0.216854 -2.665321 -5.646777 14.348683 0.932278 -0.325610 0.157594 0.151244 -0.044898 -0.987476 -0.328607 -0.944438 -0.007389
-0.574125 -2.427514 -0.069194 6.629777 0.941906 -0.315955 0.113957 0.126013 0.017921 -0.991867 -0.311343 -0.948605 -0.056695
-0.103224 -2.604975 6.304291 21.478143 0.913397 -0.316564 0.255917 0.251672 -0.054978 -0.966250 -0.319949 -0.946977 -0.029453
-2.688182 -5.113854 5.904695 7.880289 0.234842 -0.767281 0.596766 0.883442 0.424554 0.198205 -0.405438 0.480661 0.777551
-2.209770 -5.603707 11.773002 31.413803 -0.287095 0.724504 -0.626634 0.808070 0.534469 0.247722 -0.514392 0.435244 0.738893
-2.380091 -5.494461 4.184427 33.749697 -0.181718 0.822428 -0.539065 0.876294 0.384174 0.290721 -0.446192 0.419550 0.790500
-2.145212 -5.801230 0.382130 47.415530 -0.137487 0.870762 -0.472092 0.876443 0.328997 0.351580 -0.461459 0.365424 0.808406
-2.443939 -5.292399 0.503726 22.946300 0.114556 -0.875199 0.470005 0.925907 0.265499 0.268712 -0.359962 0.404398 0.840767
0.420853 -10.984101 13.593844 -20.221966 0.906708 -0.392538 0.154258 -0.405753 -0.911664 0.065068 -0.115090 0.121588 0.985886
0.237319 -11.413040 22.883319 22.506838 0.912722 -0.385012 0.136765 -0.398808 -0.912272 0.093335 -0.088832 0.139732 0.986197
0.347143 -11.022565 -6.526308 -25.355160 0.913380 -0.366094 0.178080 0.347830 0.929063 0.125919 -0.211545 -0.053070 0.975926
-1.340384 -4.243252 9.710574 4.114394 0.195028 -0.684188 -0.702745 0.977163 0.073913 0.199224 -0.084365 -0.725550 0.682978
-1.175961 -4.288749 13.377442 0.255241 0.080571 -0.686580 -0.722576 0.995008 0.098235 0.017607 0.058893 -0.720387 0.691067
-1.806779 -3.966583 11.689579 -7.680375 0.060739 -0.720046 -0.691263 0.996600 0.005128 0.082226 -0.055662 -0.693907 0.717910
-1.584032 -3.947353 0.467703 1.707587 0.268003 -0.718088 -0.642281 0.944676 0.065012 0.321498 -0.189108 -0.692910 0.695783
-1.389198 -4.539985 12.078170 11.239459 0.375235 -0.664739 -0.646003 0.891839 0.068965 0.447065 -0.252630 -0.743885 0.618719
-61.966898 -302.166896 -2370.776502 12382.419882 -0.378384 -0.216680 -0.899931 0.923490 -0.022009 -0.382991 0.063180 -0.975995 0.208429
-125.016563 -213.400220 -7859.121298 9898.916643 -0.365611 -0.280546 -0.887481 0.853244 0.279950 -0.440003 0.371892 -0.918108 0.137022
-18.530134 -60.856596 -856.006840 2677.281497 -0.307434 -0.250682 -0.917956 0.622438 0.676697 -0.393259 0.719761 -0.692271 -0.052006
13.183540 -272.363899 -3854.599413 3557.956654 -0.407698 -0.231852 -0.883191 0.821528 -0.515345 -0.243947 -0.398589 -0.825023 0.400579
-1.452156 -22.060847 -92.306386 709.653166 -0.134301 0.174904 -0.975383 0.753180 0.657661 0.014225 0.643959 -0.732729 -0.220058
-17.119157 -250.479548 735.722346 -2738.765584 0.181952 0.296115 0.937662 -0.627472 0.769158 -0.121141 -0.757081 -0.566315 0.325753
-26.076126 -135.366551 696.083533 499.817989 -0.025406 -0.036801 0.999000 -0.554349 0.832120 0.016556 -0.831896 -0.553374 -0.041541
3.236752 -51.694937 -86.218150 1656.624482 0.021739 0.270808 -0.962388 0.951434 0.290071 0.103115 0.307085 -0.917890 -0.251350
-25.741467 -473.997832 -1014.352942 31314.326576 -0.033972 0.239252 -0.970363 0.960633 -0.260056 -0.097751 -0.275736 -0.935484 -0.220998
-4.589940 -47.562879 61.264657 2076.635543 -0.376571 -0.417292 -0.827080 0.595489 0.574873 -0.561171 0.709638 -0.703839 0.032012
-8.214104 -49.398731 223.596906 1890.910419 -0.399873 -0.476347 -0.783067 0.627212 0.480778 -0.612747 0.668362 -0.736170 0.106520
-4.813098 -85.937625 162.332499 3375.485244 -0.407263 -0.424647 -0.808586 0.766230 0.322931 -0.555524 0.497019 -0.845808 0.193859
4.102037 -95.526604 469.088838 4241.398621 -0.235568 -0.278259 -0.931171 0.682010 0.635258 -0.362367 0.692366 -0.720430 0.040129
3.089986 -6.886595 88.072416 10.539736 -0.999269 -0.016831 0.034322 -0.017218 0.999791 -0.011019 -0.034129 -0.011602 -0.999350
3.006361 -7.834786 -48.346817 142.943039 0.999782 -0.009126 0.018793 0.010656 0.996496 -0.082957 0.017971 -0.083139 -0.996376
4.341050 -8.523985 113.286767 87.325945 -0.993861 0.093778 -0.058705 0.094417 0.995499 -0.008193 0.057672 -0.013685 -0.998242
2.597132 -7.559957 -28.171211 98.543493 0.998606 -0.009435 -0.051927 0.002391 0.990968 -0.134080 -0.052723 -0.133769 -0.989609
5.389211 -6.806676 -139.023277 -35.108656 0.999065 -0.039638 0.017289 0.038408 0.997050 0.066450 0.019872 0.065724 -0.997640
3.790240 -6.379569 -108.764283 -53.746471 0.998377 0.041232 -0.039289 -0.038229 0.996500 0.074345 -0.042217 0.072722 -0.996458
2.884563 -6.580305 104.187425 -52.514695 -0.996166 -0.046768 0.073935 -0.042749 0.997569 0.055033 -0.076329 0.051661 -0.995743
2.800888 -6.843055 45.480492 3.230088 -0.995349 -0.045783 0.084758 -0.050523 0.997227 -0.054648 -0.082021 -0.058676 -0.994902
-0.316273 -1.140320 24.383576 -13.255194 -0.774946 0.198832 0.599937 -0.073293 0.914550 -0.397776 -0.627764 -0.352227 -0.694154
0.152498 -1.079625 31.370212 -11.067689 -0.744529 0.016874 0.667377 -0.217343 0.939092 -0.266213 -0.631220 -0.343253 -0.695514
-0.241420 -1.297991 31.925374 -24.615030 -0.764712 0.139966 0.628988 -0.115995 0.930278 -0.348035 -0.633846 -0.339106 -0.695159
-0.821776 -1.617345 4.464309 -30.566051 -0.746747 0.525333 0.407915 0.237969 0.783736 -0.573697 -0.621080 -0.331336 -0.710265
-1.031620 -5.849822 -69.715566 -11.604831 0.974665 -0.214838 -0.062233 0.076411 0.058327 0.995369 0.210213 0.974906 -0.073266
0.571813 -5.475809 -86.007046 -5.168613 0.979581 -0.200880 -0.008297 0.025381 0.082622 0.996258 0.199443 0.976125 -0.086034
-0.812338 -5.939671 -62.736606 -19.558568 0.971214 -0.212951 -0.106745 0.094653 -0.066225 0.993305 0.218594 0.974816 0.044163
-1.939021 -6.222462 -38.025050 -12.437626 0.955210 -0.257634 -0.145599 0.120767 -0.109802 0.986590 0.270166 0.959983 0.073770
-0.610729 -6.939469 11.909397 24.240119 -0.584007 0.742561 0.327930 0.627392 0.156560 0.762803 0.515087 0.651223 -0.557309
-0.365445 -6.698767 -2.504149 13.136616 -0.554174 0.760985 0.337332 0.654104 0.147472 0.741890 0.514820 0.631786 -0.579488
-0.368914 -6.252146 -6.453155 9.651291 0.558810 -0.751619 -0.350429 0.547843 0.017350 0.836401 0.622575 0.659369 -0.421464
-0.599961 -7.403740 8.967987 29.750331 -0.602129 0.733014 0.316435 0.705544 0.303018 0.640615 0.373694 0.608991 -0.699630
-0.495836 -6.394129 -8.364357 17.095475 0.567973 -0.755146 -0.327355 0.529981 0.031258 0.847433 0.629703 0.654811 -0.417966
-0.712267 -7.275425 7.837413 36.736900 -0.597732 0.748055 0.288323 0.600689 0.179722 0.779020 0.530932 0.638838 -0.556774
-0.920846 -7.958576 13.291353 46.759400 -0.628841 0.721543 0.289715 0.674550 0.320949 0.664811 0.386706 0.613488 -0.688543
648.584131 -6.439915 -46954.997637 476.983314 0.674496 -0.225230 0.703084 -0.673838 -0.576930 0.461622 -0.301659 0.785126 0.540905
162.652462 -17.874565 8708.173967 -799.824706 0.647774 -0.644457 -0.406280 0.525240 0.764081 -0.374571 0.551826 0.029243 0.833447
237.014945 -3.166507 17224.127128 41.961072 0.841056 -0.531193 0.102268 -0.521594 -0.746223 0.413631 0.143404 0.401229 0.904683
121.623290 -15.400096 -6509.790591 -655.067410 -0.598647 0.746364 0.290796 0.581405 0.654596 -0.483189 0.550989 0.120190 0.825812
21.148293 -10.306278 -770.295289 -141.660927 -0.200541 0.348967 0.915427 0.576195 0.797722 -0.177871 -0.792327 0.491794 -0.361049
22.773809 -10.117811 -923.387101 -174.474244 -0.124494 0.430970 0.893737 0.687661 0.686811 -0.235399 -0.715278 0.585283 -0.381866
235.380100 -35.132578 -10255.911296 -941.809265 -0.001734 0.451619 0.892209 0.773162 0.566452 -0.285224 -0.634207 0.689327 -0.350157
291.264244 -16.650401 -16298.997175 -381.296400 0.623618 -0.055787 0.779736 0.719545 0.430819 -0.544656 -0.305540 0.900712 0.308808
-0.826128 -11.516097 11.594686 23.788247 0.145387 -0.042514 0.988461 0.774392 -0.616924 -0.140435 0.615775 0.785874 -0.056771
-1.189390 -11.287155 11.289400 12.217254 0.148930 -0.001043 0.988847 0.783951 -0.609366 -0.118713 0.602694 0.792888 -0.089936
-0.954784 -11.792070 10.822561 8.861367 0.160997 -0.046190 0.985873 0.889705 -0.425585 -0.165232 0.427205 0.903739 -0.027422
-0.584376 -12.263305 9.132222 21.906786 0.165577 -0.076881 0.983196 0.883518 -0.431371 -0.182522 0.438155 0.898893 -0.003499
-1.071488 -12.057408 11.158558 -3.059411 0.177867 -0.049951 0.982786 0.958568 -0.217028 -0.184514 0.222509 0.974887 0.009280
-0.670096 -12.660186 9.403259 3.344099 0.185284 -0.081110 0.979332 0.953203 -0.227448 -0.199178 0.238902 0.970406 0.035172
11.193019 -7.218515 176.569533 31.666934 0.948599 0.142198 -0.282736 -0.247624 0.889824 -0.383269 -0.197086 -0.433580 -0.879298
8.457566 -7.319893 330.027115 54.335840 0.942547 0.289326 -0.167019 -0.330759 0.878451 -0.344851 -0.046943 -0.380281 -0.923679
6.956543 -6.045648 -6.540728 82.671880 -0.915338 -0.165762 0.366986 -0.242093 0.954783 -0.172570 -0.321787 -0.246805 -0.914079
8.857166 -5.996633 129.392924 50.457417 -0.886729 -0.025031 0.461612 -0.158088 0.954752 -0.251906 -0.434420 -0.296348 -0.850563
13.369032 -6.935063 -149.008128 25.815725 0.917472 -0.038030 -0.395979 -0.153217 0.884840 -0.439980 -0.367110 -0.464340 -0.805989
-0.788569 -8.455972 -3.734666 21.214789 0.599038 -0.628334 -0.496335 0.472742 0.777827 -0.414125 0.646272 0.013438 0.762989
-0.872461 -8.781187 4.868150 16.102415 0.565443 -0.634297 -0.527201 0.475654 0.772974 -0.419839 0.673815 -0.013371 0.738779
-0.849358 -7.918005 -0.705692 17.402092 0.580644 -0.654402 -0.484366 0.365214 0.741070 -0.563414 0.727648 0.150246 0.669294
-0.641983 -7.651789 -15.854672 19.917459 0.613473 -0.648872 -0.450129 0.371272 0.740045 -0.560794 0.696999 0.176912 0.694906
-0.490248 -8.206978 -16.142191 29.765062 0.630181 -0.620253 -0.467074 0.469551 0.783522 -0.406957 0.618379 0.037142 0.785002
0.606620 -9.752798 -2.705573 -31.324095 0.569661 -0.613877 -0.546481 0.778176 0.188928 0.598956 -0.264440 -0.766460 0.585329
0.429672 -9.609745 0.742790 2.450004 0.542529 -0.620867 -0.565850 0.830401 0.294645 0.472884 -0.126873 -0.726435 0.675422
0.683561 -8.786867 4.700341 -20.666517 0.614397 -0.582159 -0.532547 0.734701 0.176076 0.655142 -0.287628 -0.793781 0.535894
0.899588 -8.554959 1.914181 -48.065076 0.633158 -0.579397 -0.513234 0.662423 0.062626 0.746508 -0.400383 -0.812636 0.423458
0.788690 -7.897759 8.261858 32.872852 0.672453 -0.551084 -0.494078 -0.619843 -0.054502 -0.782831 -0.404478 -0.832668 0.378236
0.506529 -8.053559 8.824762 -10.928880 0.656755 -0.554995 -0.510542 0.690072 0.169298 0.703661 -0.304095 -0.814444 0.494174
-0.780918 -15.629072 11.837970 95.131027 0.168571 -0.660494 -0.731663 0.534240 0.685025 -0.495306 0.828355 -0.307389 0.468338
-0.661139 -15.763177 0.501950 76.140084 0.157262 -0.670525 -0.725028 0.477043 0.694405 -0.538732 0.864696 -0.261147 0.429072
-0.954271 -13.963335 20.913971 115.593229 0.154315 -0.681731 -0.715143 0.287200 0.723510 -0.627734 0.945359 -0.108521 0.307442
-1.415774 -13.585379 30.784930 144.764197 0.180392 -0.670289 -0.719842 0.400128 0.718564 -0.568826 0.898530 -0.185417 0.397825
-1.283228 -15.526868 28.330613 158.051219 0.190353 -0.653293 -0.732785 0.584184 0.675270 -0.450265 0.788983 -0.342372 0.510183
-1.291339 -12.802120 -38.569169 -21.261886 0.848184 -0.212634 -0.485150 0.516959 0.132611 0.845676 0.115483 0.968091 -0.222402
-0.604304 -13.956163 -21.258121 -149.658910 0.914289 -0.185220 -0.360235 0.378760 0.075678 0.922396 0.143584 0.979779 -0.139345
-1.794439 -13.109082 -47.558934 -140.089146 0.901604 -0.204810 -0.381002 0.394675 0.029017 0.918362 0.177034 0.978371 -0.106996
0.141815 -41.260008 10.205024 464.831412 -0.043198 -0.698449 -0.714355 -0.157294 0.710860 -0.685520 0.986607 0.082750 -0.140569
-0.062515 -31.666625 22.532391 140.903544 -0.037470 -0.683739 -0.728764 0.146525 0.717635 -0.680831 0.988497 -0.132293 0.073295
-0.013612 -40.530376 -22.052317 -431.955631 0.025069 0.683331 0.729678 0.369144 0.671994 -0.641994 0.929034 -0.285451 0.235401
-0.094579 -59.465336 -91.860612 -1683.102948 0.076899 0.708979 0.701024 0.599301 0.529046 -0.600790 0.796822 -0.466325 0.384209
-1.187557 -56.108449 -121.206843 -971.985436 0.025411 0.717808 0.695777 0.150919 0.685270 -0.712480 0.988219 -0.123111 0.090917
0.677088 -47.793222 -57.927824 -1325.376219 0.046684 0.664393 0.745923 0.745471 0.473876 -0.468737 0.664901 -0.577947 0.473164
0.398733 -6.123441 -15.116629 2.856881 0.961947 -0.261326 -0.079797 -0.053553 -0.466694 0.882796 0.267938 0.844929 0.462930
0.643995 -6.170716 -19.662672 -20.081315 0.958294 -0.284923 -0.022156 -0.101341 -0.411288 0.905854 0.267211 0.865830 0.423009
0.122171 -5.894368 -3.571650 34.548492 0.956087 -0.285752 -0.065150 -0.113587 -0.566184 0.816415 0.270179 0.773164 0.573778
-0.124346 -5.608363 1.009135 50.763367 0.954706 -0.277834 -0.106516 -0.086550 -0.601792 0.793949 0.284687 0.748769 0.598581
-0.010521 -5.491297 -3.766247 52.787605 0.947522 -0.317989 -0.032939 -0.189420 -0.641429 0.743430 0.257530 0.698177 0.668002
-0.189156 -5.027585 5.807267 62.061764 0.946085 -0.318393 -0.059571 -0.176986 -0.662144 0.728176 0.271291 0.678374 0.682796
-2.512844 -4.773101 -29.450557 4.492369 0.758968 0.481373 -0.438460 0.579196 -0.191454 0.792387 -0.297489 0.855351 0.424117
-2.073433 -4.114507 -45.001527 22.290131 0.854355 0.434245 -0.285497 0.464319 -0.391075 0.794650 -0.233422 0.811475 0.535745
-2.729506 -4.175257 -31.337607 28.778777 0.824905 0.414970 -0.383838 0.527742 -0.322071 0.785976 -0.202534 0.850923 0.484675
-2.007341 -4.419130 -24.985537 16.557021 0.802046 0.484293 -0.349546 0.536813 -0.327961 0.777350 -0.261828 0.811112 0.523015
-2.790998 -4.714164 14.203268 16.237662 -0.678884 -0.429809 0.595299 0.698789 -0.129309 0.703543 -0.225412 0.893612 0.388132
-2.469068 -5.094808 -34.233951 -14.090201 0.692783 0.454028 -0.560277 0.642853 -0.036751 0.765107 -0.326790 0.890229 0.317334
-1.933806 -4.994437 -56.792373 -6.889994 0.757909 0.474232 -0.447971 0.539025 -0.068443 0.839504 -0.367459 0.877735 0.307496
-1.957226 -5.044193 -10.556930 1.390111 0.770837 0.470613 -0.429342 0.522392 -0.081261 0.848825 -0.364579 0.878590 0.308483
-0.550540 -17.265284 -4.085871 185.567011 -0.101979 -0.082870 -0.991329 0.041999 0.995277 -0.087520 0.993900 -0.050560 -0.098017
-0.569828 -16.931096 -0.325053 39.143079 -0.127976 -0.101388 -0.986581 0.369817 0.918139 -0.142326 0.920249 -0.383069 -0.080004
-0.621421 -16.540709 -2.055480 178.566898 -0.124251 -0.083436 -0.988737 0.032770 0.995570 -0.088130 0.991709 -0.043351 -0.120967
-0.462398 -4.503465 -29.808464 17.829765 0.834901 -0.411300 0.365748 -0.524198 -0.391612 0.756212 0.167799 0.823087 0.542560
0.636458 -3.889258 -51.131828 34.777043 0.857276 -0.385403 0.341382 -0.504135 -0.493747 0.708564 0.104526 0.779537 0.617572
-0.428160 -4.030946 -37.783835 24.380311 0.824151 -0.416474 0.383828 -0.553370 -0.447755 0.702351 0.120651 0.791243 0.599482
-100.215990 -285.890398 -9334.647061 -5771.557366 0.798138 -0.602361 0.011680 0.216979 0.269306 -0.938293 -0.562046 -0.751422 -0.345643
177.243146 -1846.083904 -14240.832454 -263167.018002 0.757448 -0.597338 -0.263554 -0.472924 -0.223663 -0.852243 -0.450130 -0.770170 0.451908
-56.991346 -100.480647 389.405934 -11768.286288 -0.423394 0.600085 -0.678701 0.845114 0.531510 -0.057264 0.326373 -0.597825 -0.732179
-1.611384 -19.441781 -2476.983404 -320.685676 0.645207 0.742763 0.178917 0.550825 -0.289957 -0.782634 0.529434 -0.603513 0.596215
17.094534 -237.174041 1817.934981 -7111.968617 -0.581716 0.798145 0.156749 -0.045716 0.160324 -0.986005 0.812106 0.580741 0.056775
-9.187859 -1028.772460 2821.824850 64372.183647 -0.540488 0.831320 0.129536 -0.610069 -0.281214 -0.740766 0.579387 0.479401 -0.659155
-2.481628 -29.120258 267.294033 -1502.934302 0.704638 -0.680136 0.202241 0.702413 0.708973 -0.063038 0.100509 -0.186476 -0.977305
-3.620871 -32.229150 -27.296274 -1259.777812 0.712001 -0.694521 -0.103418 -0.701273 -0.710805 -0.054518 0.035646 -0.111341 0.993143
-3.489413 -16.323647 29.522677 681.579754 -0.660790 0.741760 0.114666 0.733924 0.670546 -0.108271 0.157200 -0.012612 0.987486
-2.744963 -26.282125 -74.680595 1059.842002 0.717014 -0.697040 0.005048 0.692943 0.713548 0.103338 -0.075633 -0.070597 0.994633
-3.121634 -34.575366 41.053848 1287.334130 -0.727933 0.685368 -0.019628 0.617968 0.668211 0.414258 -0.297035 -0.289423 0.909948
-6.641048 -9.209035 74.352018 -72.930570 -0.600497 0.628129 0.494832 0.039093 0.641149 -0.766420 -0.798671 -0.440888 -0.409563
-7.072625 -10.672067 -1.436631 126.078110 -0.556145 0.831072 0.004799 -0.380514 -0.259761 0.887544 -0.738859 -0.491777 -0.460699
3.969177 -9.223536 -0.395920 -127.009660 0.905280 -0.424791 0.004549 -0.336182 -0.722907 -0.603645 -0.259712 -0.544939 0.797240
-1.086442 -5.869972 7.091679 -52.468040 0.665869 -0.601499 -0.441381 0.741177 0.465689 0.483518 -0.085289 -0.649101 0.755906
-1.084387 -4.542094 5.353103 -65.919398 0.671852 -0.589597 -0.448320 0.728028 0.414243 0.546240 -0.136348 -0.693382 0.707553
-0.678649 -5.596461 3.553498 53.365759 0.729291 -0.551929 -0.404363 -0.681679 -0.535406 -0.498652 -0.058722 -0.639309 0.766705
-1.301522 -4.709040 9.135569 -83.320071 0.549358 -0.656819 -0.516521 0.818165 0.297254 0.492184 -0.169738 -0.692985 0.700686
-0.825420 -6.548253 -8.692056 28.093115 0.738810 -0.554631 -0.382811 -0.673890 -0.603209 -0.426628 -0.005706 -0.573170 0.819417
-1.504464 -6.409908 41.707036 -62.693679 0.601075 -0.632312 -0.488764 0.792291 0.391257 0.468180 -0.104804 -0.668655 0.736150
-1.363848 -7.349349 26.599153 3.505338 0.657509 -0.609942 -0.442326 0.753405 0.526069 0.394502 -0.007929 -0.592640 0.805429
0.331453 -8.398803 -18.372778 -7.246528 0.292744 -0.646125 -0.704857 0.407843 0.751108 -0.519135 0.864850 -0.135497 0.483400
0.798027 -7.816736 -24.351191 -22.574510 0.291087 -0.640752 -0.710426 0.589315 0.705064 -0.394452 0.753642 -0.303845 0.582840
1.088525 -7.734578 -4.848914 -22.020967 0.223683 -0.628058 -0.745325 0.603428 0.689758 -0.400136 0.765402 -0.360246 0.533275
12.434121 -7.989555 -348.761277 -203.842642 -0.487640 0.788477 0.374847 0.519411 0.607119 -0.601347 0.701726 0.098541 0.705600
10.209079 -7.094267 -250.951700 -165.772950 -0.404504 0.723467 0.559439 0.514654 0.685740 -0.514676 0.755981 -0.079729 0.649720
5.941141 -8.247184 123.154741 -188.344387 0.365793 -0.623290 -0.691163 0.436283 0.770815 -0.464221 0.822103 -0.131734 0.553889
-0.837385 -14.125018 25.653020 55.923580 0.854005 -0.506874 0.117277 0.020899 0.258658 0.965743 0.519844 0.822299 -0.231488
1.378559 -11.350343 6.627627 159.931170 -0.894474 0.363613 -0.260197 0.306914 0.922502 0.234082 0.325147 0.129522 -0.936751
1.393835 -15.285460 2.015654 228.606981 -0.871752 0.392574 -0.293146 0.406186 0.913656 0.015637 0.273973 -0.105440 -0.955940
1.646678 -12.324274 -2.321061 183.854496 -0.870625 0.386003 -0.304981 0.325138 0.916738 0.232114 0.369184 0.102923 -0.923639
-0.030094 -6.476302 41.203320 -4.701749 0.839943 -0.409896 -0.355642 -0.508309 -0.823761 -0.251078 0.190048 -0.391667 0.900266
0.107939 -6.182499 57.103957 4.060778 0.834191 -0.417348 -0.360480 -0.536731 -0.764563 -0.356880 0.126667 -0.491187 0.861795
0.565726 -6.351061 82.293145 4.792480 0.849624 -0.393572 -0.351057 -0.490369 -0.834531 -0.251189 0.194107 -0.385563 0.902033
23.901941 -0.523516 453.352944 -12.656853 0.485603 0.561292 -0.670180 0.299735 0.613259 0.730803 0.821187 -0.555757 0.129562
52.325263 -0.275894 1448.707123 52.691093 0.211819 0.843004 -0.494446 -0.094964 -0.485778 -0.868908 0.972684 -0.231006 0.022842
35.457702 1.199745 334.295130 110.860140 0.609329 0.508607 -0.608307 0.337251 0.528084 0.779351 0.717621 -0.680034 0.150249
26.199965 -2.167959 756.984754 106.121841 0.198049 0.809298 -0.553004 -0.173951 -0.526205 -0.832376 0.964633 -0.261047 -0.036564
28.617686 -1.738814 -575.163448 50.925432 0.844772 0.328135 -0.422714 -0.231724 -0.487720 -0.841685 0.482352 -0.808985 0.335976
16.142886 -2.117125 199.572653 -27.705156 0.515610 0.567518 -0.641927 0.308779 0.575780 0.757056 0.799251 -0.588559 0.121640
15.557753 -183.863190 688.712985 -1233.094110 0.971537 0.169170 0.165823 -0.188203 0.126112 0.974000 -0.143859 0.977485 -0.154361
13.907547 -4.902036 1142.261543 -3239.722598 0.788935 -0.068185 -0.610682 0.597389 0.317854 0.736272 -0.143905 0.945685 -0.291499
108.627412 -11.596646 -2469.009208 -18.045593 -0.579542 0.105884 0.808034 0.806909 0.213431 0.550767 -0.114142 0.971203 -0.209131
20.609306 -17.443539 -91.279761 976.019671 0.955024 0.254591 -0.152028 0.162341 -0.019870 0.986535 -0.248142 0.966845 0.060307
-0.162160 -8.972570 13.808718 16.057375 0.848063 -0.228849 0.477930 0.517814 0.166414 -0.839152 -0.112505 -0.959132 -0.259631
-1.184528 -9.738804 30.119655 65.865233 0.887270 -0.207765 0.411808 0.429391 0.046001 -0.901946 -0.168450 -0.977096 -0.130028
2.221425 -3.648565 -22.167142 7.914293 0.961341 -0.273180 -0.034590 -0.055759 -0.070108 -0.995980 -0.269657 -0.959405 0.082630
-6.388106 -12.557029 34.379665 23.228888 -0.460553 0.767762 -0.445457 0.137870 0.557632 0.818558 -0.876860 -0.315574 0.362671
-6.696464 -11.872916 33.633423 -76.041673 -0.442967 0.767675 -0.463093 -0.141685 0.450101 0.881666 -0.885271 -0.456162 0.090612
-6.497732 -12.623234 -24.286570 -4.713991 -0.563044 0.683719 -0.464230 0.043069 0.585244 0.809712 -0.825304 -0.435910 0.358966
-5.815504 -12.537977 80.337415 -2.192033 -0.350735 0.830341 -0.433034 0.126848 0.500271 0.856527 -0.927844 -0.245484 0.280790
-5.953234 -12.417588 -11.444568 82.640568 -0.535107 0.719834 -0.442152 0.301489 0.651650 0.696030 -0.789155 -0.239147 0.565724
-5.732239 -12.445162 61.231892 79.626008 -0.405492 0.801818 -0.438935 0.338198 0.577706 0.742885 -0.849234 -0.152787 0.505428
-0.528002 -2.659227 -2.851688 -4.113902 0.947422 -0.318150 -0.034229 -0.018299 0.052927 -0.998431 -0.319463 -0.946562 -0.044322
-0.836221 -2.827669 -5.360387 -24.135147 0.937605 -0.296468 -0.181671 -0.143175 0.146946 -0.978728 -0.316857 -0.943670 -0.095330
-0.939958 -2.516169 -1.553486 -16.909210 0.953231 -0.300656 -0.030914 0.000685 0.104431 -0.994532 -0.302241 -0.947998 -0.099753
-2.736382 -5.190249 0.170993 10.758922 0.359811 -0.647015 0.672241 0.822165 0.560502 0.099413 -0.441114 0.516923 0.733628
-2.241015 -6.058542 -10.565982 48.345198 -0.330420 0.682101 -0.652350 0.766968 0.596865 0.235611 -0.550075 0.422481 0.720366
-1.380238 -7.222125 12.870635 70.191469 -0.260858 0.754692 -0.601990 0.724467 0.565180 0.394613 -0.638044 0.333184 0.694181
0.107409 -10.613509 17.178458 -71.599318 0.914787 -0.376779 0.145612 0.358834 0.923533 0.135371 -0.185482 -0.071585 0.980037
0.135751 -10.848477 10.176811 -79.537533 0.905589 -0.395154 0.154152 0.396021 0.917863 0.026371 -0.151911 0.037166 0.987695
-1.744656 -4.233236 14.952429 -5.655476 0.036799 -0.721098 -0.691855 0.997013 0.073539 -0.023617 0.067908 -0.688919 0.721650
-1.190975 -4.623820 23.904123 -12.426952 0.071534 -0.683274 -0.726650 0.983044 0.171615 -0.064597 0.168841 -0.709708 0.683965
-0.367334 -13.102336 3.441275 296.302347 -0.941889 0.282979 -0.181019 0.280453 0.959036 0.039948 0.184908 -0.013141 -0.982668
-0.299545 -8.929648 5.070651 193.842421 -0.935583 0.306759 -0.174883 0.262396 0.935400 0.237013 0.236291 0.175857 -0.955636
-0.356704 -9.904729 -2.954905 203.969444 -0.932269 0.302219 -0.198844 0.261751 0.942914 0.205912 0.249723 0.139918 -0.958155
4.889029 -5.967753 56.678438 -85.787330 0.889141 -0.448932 0.088817 0.364830 0.578190 -0.729791 -0.276273 -0.681290 -0.677877
3.383019 -6.250031 29.685917 -36.047105 0.905875 -0.413090 0.093532 0.370097 0.664634 -0.649068 -0.205959 -0.622590 -0.754959
4.331362 -6.949345 79.047180 -46.984395 0.874081 -0.474268 0.105129 0.423448 0.637813 -0.643339 -0.238062 -0.606848 -0.758329
-44.188874 -178.796015 -2841.003958 8368.649154 -0.423067 -0.275613 -0.863164 0.527309 0.699797 -0.481902 0.736858 -0.659031 -0.150728
-658.361962 -20953.642248 69299.115846 -1646538.019678 0.855387 0.195066 0.479857 0.440674 0.212853 -0.872067 0.272249 -0.957415 -0.096112
1.239297 -9.019486 10.038632 -83.584912 -0.005873 0.754747 0.655989 0.136269 -0.649277 0.748245 -0.990654 -0.093785 0.099035
1.749729 -7.925738 -18.893807 29.984614 -0.043288 0.771674 0.634544 0.037390 -0.633443 0.772886 -0.998363 -0.057182 0.001433
1.207371 -10.031549 -18.075607 -176.234142 0.047884 0.716060 0.696395 0.050939 -0.698038 0.714247 -0.997553 -0.001273 0.069900
2.982392 -10.255795 45.552651 108.232087 -0.079897 0.761247 0.643522 0.089303 -0.637523 0.765238 -0.992795 -0.118609 0.017046
-0.219907 -24.020058 -16.475584 773.024331 0.123239 0.592696 0.795942 -0.137526 0.804517 -0.577788 -0.982802 -0.038256 0.180659
-0.597664 -17.201910 16.034415 355.516392 0.093348 0.627966 0.772622 -0.258102 0.764745 -0.590380 -0.961597 -0.144305 0.233467
2.601021 -10.434030 53.909757 91.316819 -0.059707 0.787136 0.613883 0.225155 -0.588512 0.776504 -0.972492 -0.184582 0.142089
-10.640435 -22.952216 301.133890 149.481528 -0.269105 -0.373933 -0.887556 0.582239 0.670921 -0.459197 0.767190 -0.640342 0.037170
-17.325606 -54.415491 -495.542403 1644.016405 0.364496 0.550322 0.751192 0.607451 0.470901 -0.639731 0.705795 -0.689491 0.162652
1.526578 -0.827285 -11.240689 -27.598162 0.970611 -0.219116 0.099516 -0.233012 -0.752278 0.616266 0.060170 0.621342 0.781226
1.165870 -0.837947 -29.391618 -12.438945 0.949191 -0.263960 0.171352 -0.312243 -0.722023 0.617403 0.039250 0.639537 0.767758
1.516175 -0.399716 -9.729075 -8.998432 0.909943 -0.357321 0.210535 -0.409209 -0.690961 0.595921 0.067464 0.628407 0.774954
3.650626 -9.769090 -30.142665 246.370045 0.993398 -0.079065 0.083115 0.086214 0.992536 -0.086258 0.075675 -0.092854 -0.992800
1.860375 -11.164427 -11.373762 256.798201 0.991487 -0.122170 0.045035 0.129266 0.965066 -0.227901 0.015619 -0.231782 -0.972642
0.386769 -1.120111 15.298046 3.930688 -0.768477 0.069535 0.636088 -0.171966 0.935063 -0.309976 -0.616337 -0.347595 -0.706616
0.441150 -5.458315 -85.017173 0.455245 0.979328 -0.199649 0.032507 0.008688 0.202073 0.979332 0.202091 0.958805 -0.199631
2.072531 -5.214084 -90.989043 8.909982 0.974760 -0.213869 0.064057 -0.018974 0.206525 0.978257 0.222448 0.954781 -0.197255
2.154441 -5.118965 -92.185544 4.977131 0.975491 -0.216274 0.040521 -0.019735 0.097416 0.995048 0.219151 0.971461 -0.090760
-0.259608 -6.229510 -4.270904 7.714058 -0.547547 0.758864 0.352587 0.558605 0.017767 0.829243 0.623019 0.651006 -0.433634
185.673791 -9.092003 -7699.792469 -409.654819 -0.297944 0.805309 0.512550 0.630457 0.569174 -0.527792 0.716766 -0.165889 0.677295
-1.026315 -11.143202 -12.168870 -6.559601 -0.136065 -0.002640 -0.990696 -0.630382 0.771670 0.084522 0.764267 0.636018 -0.106661
-1.276289 -11.232770 -7.646334 -7.665808 -0.150858 -0.056068 -0.986964 -0.640749 0.765819 0.054434 0.752784 0.640608 -0.151455
-1.391176 -13.169245 -10.051000 -106.809531 -0.093550 0.342411 0.934882 0.968392 0.249371 0.005568 -0.231226 0.905853 -0.354916
-1.598403 -13.216467 -9.383735 -61.206370 -0.002383 0.333361 0.942796 0.999318 -0.033953 0.014531 0.036855 0.942188 -0.333053
-1.232921 -14.705582 -8.751422 -84.972885 -0.039569 0.360007 0.932110 0.998996 0.033879 0.029324 -0.021022 0.932334 -0.360986
3.747905 -7.765064 218.558265 124.847012 0.870687 0.458277 -0.178566 -0.489650 0.841867 -0.226942 -0.046327 -0.285030 -0.957398
7.370511 -9.132678 516.582171 -2.710241 0.881645 0.465550 -0.077228 -0.434959 0.738172 -0.515667 0.183062 -0.488227 -0.853301
4.418169 -5.934354 -102.743942 125.432811 -0.914052 -0.293676 0.279756 -0.331647 0.938228 -0.098685 -0.233493 -0.182984 -0.954986
1.199069 -10.170755 226.499893 91.020603 0.787999 0.586054 -0.188678 -0.611450 0.709084 -0.351182 0.072023 -0.392098 -0.917100
1.531123 -4.936330 -131.971181 145.170400 -0.897942 -0.388898 0.206053 -0.399942 0.916445 -0.013209 -0.183700 -0.094270 -0.978452
0.259869 -5.628157 118.877564 160.997646 0.798620 0.563477 -0.211422 -0.583476 0.811018 -0.042500 -0.147519 -0.157301 -0.976470
1.543066 -9.456651 8.302856 246.148602 0.702272 0.643632 -0.304223 -0.694728 0.712912 -0.095439 -0.155456 -0.278376 -0.947808
-6.866512 -8.576665 -25.797557 196.237807 -0.689555 0.043362 -0.722934 0.718962 -0.079224 -0.690519 -0.087216 -0.995913 0.023454
-6.042726 -7.658134 -93.173538 -0.712061 -0.292118 -0.140903 -0.945946 0.954476 0.019475 -0.297653 0.060363 -0.989832 0.128799
-6.357745 -8.715035 -134.060247 151.274708 -0.545393 -0.165875 -0.821603 0.838136 -0.097793 -0.536624 0.008665 -0.981286 0.192361
-0.810118 -9.157732 1.569821 10.408070 0.562776 -0.617466 -0.549562 0.582817 0.767864 -0.265912 0.586181 -0.170645 0.792005
-0.804355 -8.991198 1.862870 12.172544 0.551420 -0.633045 -0.543313 0.468902 0.773857 -0.425766 0.689976 -0.019984 0.723556
-0.822126 -8.226463 8.302671 22.718744 0.549530 -0.653518 -0.520510 0.348149 0.745465 -0.568397 0.759480 0.131136 0.637177
0.282802 -10.690055 -6.161373 5.940977 0.494710 -0.655585 -0.570500 0.865240 0.310080 0.393968 -0.081379 -0.688519 0.720638
-0.642835 -16.285189 -1.664863 28.590151 0.146162 -0.669923 -0.727901 0.423739 0.707282 -0.565859 0.893914 -0.225733 0.387250
-0.624195 -17.057501 9.195596 -23.340501 -0.147411 0.661296 0.735498 0.643634 0.628768 -0.436333 0.751003 -0.409071 0.518320
-0.639160 -14.506570 7.139965 105.429271 0.147498 -0.686402 -0.712107 0.225256 0.724374 -0.651569 0.963070 -0.064302 0.261460
-0.690795 -17.066587 8.943461 1.355167 -0.135479 0.655996 0.742506 0.598385 0.651474 -0.466388 0.789672 -0.381119 0.480799
-0.601366 -15.830648 0.424987 16.430963 0.132727 -0.677971 -0.723007 0.151854 0.734758 -0.661113 0.979451 -0.022044 0.200475
-0.705359 -16.465027 -7.428673 80.638647 0.133753 -0.666072 -0.733797 0.366234 0.721255 -0.587932 0.920860 -0.190104 0.340408
-0.273469 -14.049535 -164.342252 112.205866 0.839347 -0.158920 -0.519847 0.536794 0.393126 0.746528 -0.085727 0.905647 -0.415277
-1.191523 -12.683436 -115.835213 25.648026 0.806751 -0.206420 -0.553665 0.590525 0.248622 0.767768 0.020829 0.946350 -0.322472
-3.247551 -14.483224 -284.931048 231.027222 0.748015 -0.198481 -0.633307 0.661461 0.300941 0.686952 -0.054241 0.932759 -0.356396
-0.277910 -18.337932 -322.532614 514.833081 0.857205 -0.099611 -0.505249 0.489617 0.461719 0.739656 -0.159606 0.881415 -0.444559
-4.539086 -16.086834 251.811495 172.911124 -0.595795 0.312995 0.739637 0.797687 0.337714 0.499644 -0.093400 0.887684 -0.450880
-0.781012 -17.368817 -396.801193 283.452938 0.746638 -0.187567 -0.638240 0.642159 0.453707 0.617885 -0.173679 0.871188 -0.459203
-0.062099 -29.255408 -25.900159 242.860685 0.050863 0.720147 0.691955 -0.245443 0.680616 -0.690304 0.968076 0.134724 -0.211373
-0.574208 -28.185908 -40.007131 211.989828 0.048138 0.713650 0.698847 -0.149085 0.696954 -0.701448 0.987652 0.070421 -0.139945
