16051
32090
-6.562312 -8.604744 24.535502 -165.019107 0.044438 0.981265 0.187470 0.998638 -0.038497 -0.035212 -0.027335 0.188780 -0.981639
-6.658630 -9.054116 114.500340 -111.614819 -0.419187 0.885291 0.201349 0.906095 0.393961 0.154226 0.057211 0.247091 -0.967302
-7.760568 -11.637330 -59.562057 -302.022268 0.445151 0.862561 0.240477 0.885707 -0.463650 0.023507 0.131773 0.202528 -0.970370
-4.995045 -7.942108 25.723952 -112.446801 -0.592084 0.781930 0.194992 0.804238 0.588744 0.081131 -0.051362 0.204856 -0.977444
-4.751508 -12.342839 -126.520178 -356.007035 0.408170 0.904626 0.122678 0.912022 -0.409988 -0.011200 0.040165 0.116456 -0.992383
-4.469548 -8.547627 -64.812694 -248.139276 0.254368 0.959705 0.119433 0.962354 -0.238950 -0.129530 -0.095772 0.147885 -0.984357
-4.343192 -6.698610 31.927961 -61.050791 -0.436439 0.880052 0.187161 0.892082 0.450333 -0.037275 -0.117089 0.150695 -0.981622
7.374187 -13.044119 49.048901 -158.792181 0.449367 0.834380 -0.319187 0.041931 0.337200 0.940499 -0.892363 0.436013 -0.116540
6.092086 -11.914350 -3.200488 -174.628042 0.486086 0.778740 -0.396590 -0.097227 0.499184 0.861024 -0.868486 0.379972 -0.318361
6.918894 -14.324848 41.539488 -187.707727 0.557643 0.727408 -0.399891 0.077886 0.433772 0.897650 -0.826419 0.531714 -0.185235
9.109421 -15.004508 60.653775 -46.442821 0.488647 0.810168 -0.323810 0.229890 0.238463 0.943550 -0.841650 0.535503 0.069725
-4.933218 -7.314303 50.777776 -33.963568 0.092165 0.994422 -0.051292 -0.441063 0.086952 0.893254 -0.892731 0.059704 -0.446616
-4.553153 -5.545794 -67.301674 -56.838337 -0.339083 0.771626 0.538160 -0.429664 -0.635926 0.641083 -0.836906 0.013848 -0.547172
-5.382913 -7.066240 61.823635 -52.204449 -0.012176 0.999277 -0.036011 -0.459902 0.026382 0.887578 -0.887886 -0.027368 -0.459249
-0.330655 -5.634063 -24.664914 -16.990457 -0.344058 0.936561 -0.066919 -0.250944 -0.023042 0.967727 -0.904793 -0.349747 -0.242952
-0.407215 -5.432063 -37.621499 6.423054 -0.346794 0.934285 -0.082739 -0.315538 -0.033141 0.948334 -0.883272 -0.354984 -0.306296
-0.223762 -5.612620 -12.729609 -7.202308 -0.345054 0.935220 -0.079382 -0.280534 -0.022053 0.959591 -0.895678 -0.353380 -0.269970
-0.342661 -5.879993 -14.571655 -19.260996 -0.345710 0.935933 -0.067188 -0.187125 0.001399 0.982335 -0.919494 -0.352175 -0.174653
2.509279 -8.866578 72.643348 -59.213647 -0.319046 0.946581 0.046845 -0.065191 -0.071231 0.995327 -0.945494 -0.314501 -0.084435
2.336678 -7.049724 90.377516 -99.000690 -0.294672 0.943941 0.148810 -0.180219 -0.207825 0.961421 -0.938451 -0.256485 -0.231356
1.611656 -7.910476 71.328064 -64.147624 -0.283430 0.952217 0.113801 -0.078689 -0.141359 0.986826 -0.955759 -0.270741 -0.114994
-3.292363 -7.303778 -52.018976 -6.565935 -0.401760 0.891809 -0.208004 0.051474 0.248775 0.967193 -0.914297 -0.377872 0.145852
-3.593402 -7.142514 13.920170 -11.216816 -0.323940 0.922167 -0.211353 -0.014605 0.218498 0.975728 -0.945965 -0.319164 0.057312
-3.662638 -7.315229 -12.710218 9.168406 -0.375735 0.897368 -0.231416 -0.066941 0.222781 0.972568 -0.924306 -0.380919 0.023636
-2.816155 -7.287795 -70.059465 10.721423 -0.427649 0.878659 -0.212307 -0.019134 0.226016 0.973936 -0.903742 -0.420565 0.079843
1.059970 -1.784667 -46.189323 -83.729649 0.330930 0.932452 0.144981 0.942896 -0.320577 -0.090428 -0.037842 0.166628 -0.985293
1.804021 -1.734520 -3.468396 -52.530225 0.181540 0.963514 0.196681 0.981870 -0.166505 -0.090598 -0.054544 0.209562 -0.976273
1.878657 -0.707783 31.061849 -12.483190 -0.036979 0.983722 0.175853 0.997484 0.046987 -0.053091 -0.060490 0.173447 -0.982984
1.270604 -0.767735 71.457912 -27.502547 -0.154759 0.974076 0.165002 0.985999 0.162780 -0.036167 -0.062089 0.157095 -0.985630
-0.501118 -2.274043 -110.039158 -115.753021 0.349108 0.930943 0.107089 0.935793 -0.340350 -0.091943 -0.049146 0.132312 -0.989989
0.589386 -4.376219 -107.612236 -129.569789 0.521881 0.846647 0.104059 0.853013 -0.518404 -0.060216 0.002963 0.120190 -0.992747
-0.792967 -6.910139 -20.118865 98.584171 -0.396746 0.909577 0.123541 -0.107182 -0.179570 0.977889 -0.911649 -0.374732 -0.168734
-0.480990 -7.346698 -12.932050 109.618331 -0.401284 0.910369 0.100992 -0.146856 -0.172778 0.973951 -0.904104 -0.376000 -0.203027
-0.342699 -6.449832 -11.785643 60.218603 -0.403429 0.909238 0.102622 -0.074997 -0.144635 0.986639 -0.911932 -0.390342 -0.126540
-1.377314 -6.738636 -34.869090 85.217972 -0.387927 0.911033 0.139758 -0.112539 -0.197316 0.973859 -0.914794 -0.362058 -0.179071
-1.258068 -7.213831 -26.192339 51.926970 -0.382359 0.917167 0.112279 -0.234678 -0.213919 0.948243 -0.893716 -0.336220 -0.297033
-1.009255 -6.340100 -28.286882 38.884342 -0.392632 0.906661 0.154292 -0.052899 -0.189750 0.980406 -0.918173 -0.376777 -0.122464
-4.449624 -18.461211 72.307295 419.294783 -0.124232 0.973385 -0.192581 -0.926019 -0.044014 0.374901 -0.356447 -0.224909 -0.906842
-4.670929 -21.335626 73.817193 -216.051517 -0.135038 0.976832 -0.166026 0.982673 0.110562 -0.148758 -0.126955 -0.183237 -0.974837
-5.560936 -21.907039 56.119231 -176.275617 -0.089668 0.965345 -0.245091 0.993435 0.069137 -0.091140 -0.071036 -0.251655 -0.965207
-3.895128 -20.648389 108.010760 248.178721 -0.150907 0.983905 -0.095695 -0.973763 -0.131272 0.185887 -0.170333 -0.121236 -0.977900
-5.160057 -19.049426 12.679099 445.089667 -0.097375 0.945787 -0.309846 -0.939741 0.015142 0.341551 -0.327726 -0.324434 -0.887321
-4.098947 -16.210069 -33.123692 583.978599 -0.050516 0.931116 -0.361209 -0.851107 0.149100 0.503375 -0.522556 -0.332855 -0.784947
-3.265809 -13.721855 65.965230 574.112487 -0.161366 0.968891 -0.187646 -0.794563 -0.014773 0.607002 -0.585346 -0.247046 -0.772229
-2.976037 -16.825208 63.912872 425.543208 -0.196583 0.975005 -0.103538 -0.871945 -0.125550 0.473233 -0.448405 -0.183309 -0.874832
-0.042543 -17.103594 31.173252 -93.807570 0.038949 -0.973648 0.224704 0.996277 0.020531 -0.083725 0.076905 0.227129 0.970823
-0.843472 -15.211551 63.584685 -133.605114 0.066674 -0.975508 0.209613 0.993509 0.084312 0.076360 -0.092162 0.203162 0.974798
0.096088 -15.717782 26.965107 -114.860502 0.072924 -0.971429 0.225850 0.978647 0.113334 0.171481 -0.192178 0.208522 0.958951
0.672309 -15.726795 -4.357085 -49.186692 -0.086401 0.964246 -0.250527 0.960570 0.147334 0.235791 -0.264272 0.220276 0.938956
0.679175 -16.769476 12.399923 -117.821144 0.054260 -0.969588 0.238651 0.996613 0.067378 0.047151 -0.061797 0.235284 0.969960
-2.423474 -19.303185 35.029414 -113.727433 -0.134064 0.990894 -0.012518 -0.899308 -0.126959 -0.418481 0.416259 0.044845 -0.908139
-1.719753 -17.346432 8.841930 -154.362762 -0.103857 0.994488 0.014417 -0.785602 -0.073136 -0.614395 0.609954 0.075135 -0.788867
-2.282559 -17.920880 40.010194 -164.892237 -0.088800 0.995848 0.020056 -0.774067 -0.056324 -0.630593 0.626845 0.071522 -0.775854
-2.345404 -16.240811 39.208172 -119.661728 -0.052714 0.997991 0.035152 -0.654198 -0.007916 -0.756282 0.754484 0.062863 -0.653301
-2.923744 -19.103079 63.392021 -142.388422 -0.082213 0.996577 -0.008688 -0.796519 -0.070943 -0.600437 0.598998 0.042444 -0.799625
0.465562 -5.986307 -125.001823 51.710523 0.931108 0.049113 0.361422 -0.218674 -0.717898 0.660912 -0.291923 0.694414 0.657701
-0.393924 -6.076059 -34.491898 53.787515 0.953294 0.074743 0.292649 -0.161481 -0.692682 0.702933 -0.255252 0.717360 0.648260
0.581686 -6.650091 -78.766644 86.925928 0.945033 0.071630 0.319032 -0.200097 -0.644977 0.737540 -0.258599 0.760837 0.595192
1.777474 -6.540043 -119.214745 90.798021 0.943463 0.064393 0.325164 -0.200551 -0.670157 0.714611 -0.263927 0.739421 0.619354
2.249863 -5.841231 -171.693773 42.442718 0.938336 0.066459 0.339276 -0.183971 -0.734885 0.652762 -0.292711 0.674928 0.677343
0.330606 -5.899735 32.282876 2.651393 -0.131068 0.903330 -0.408432 -0.693062 0.211091 0.689279 -0.708862 -0.373411 -0.598396
0.211408 -5.946806 54.311145 -7.369654 -0.127195 0.907067 -0.401312 -0.635081 0.236312 0.735411 -0.761901 -0.348406 -0.546003
0.692922 -5.896797 41.678609 4.338844 -0.130541 0.908182 -0.397699 -0.648420 0.225241 0.727199 -0.750007 -0.352805 -0.559480
0.188833 -23.013375 -10.264738 233.999172 0.984794 -0.049975 -0.166382 -0.170495 -0.094207 -0.980845 -0.033343 -0.994298 0.101295
0.358928 -23.161778 -22.468386 -90.438224 0.983571 -0.049093 -0.173721 -0.179515 -0.367600 -0.912493 0.019063 -0.928687 0.370374
0.181181 -22.327773 -13.840063 208.593233 0.983179 -0.034800 -0.179297 -0.180821 -0.047154 -0.982385 -0.025732 -0.998281 0.052654
-0.121715 -20.776962 10.730065 331.774143 0.983770 -0.024905 -0.177697 -0.171251 0.165330 -0.971256 -0.053568 -0.985924 -0.158382
-0.159350 -15.664471 8.549758 28.757374 -0.218154 0.975873 0.009022 -0.909776 -0.200016 -0.363733 0.353153 0.087558 -0.931460
-0.067256 -15.626248 22.517061 88.887689 -0.243086 0.969942 0.011012 -0.963431 -0.240103 -0.118963 0.112743 0.039527 -0.992838
0.354021 -14.432806 -7.091131 99.198675 -0.256892 0.966434 -0.003337 -0.957328 -0.254941 -0.136120 0.132401 0.031773 -0.990687
-0.807128 -10.231690 4.493508 63.589223 -0.248906 0.943956 0.216779 -0.822432 -0.324208 0.467435 -0.511519 0.061939 -0.857037
-0.526752 -9.657850 17.912601 68.173310 -0.235039 0.950315 0.204103 -0.763379 -0.310464 0.566449 -0.601672 0.022670 -0.798421
-0.377502 -9.299759 -5.944051 60.532471 -0.258956 0.941761 0.214543 -0.736262 -0.336233 0.587253 -0.625188 0.005887 -0.780452
-0.653891 -9.982121 -21.345210 52.615422 -0.285994 0.930718 0.227975 -0.778087 -0.364418 0.511644 -0.559275 0.031057 -0.828401
-1.249072 -29.311091 -3.096720 -141.882739 0.836872 -0.309562 0.451461 -0.326244 0.380198 0.865456 0.439557 0.871562 -0.217184
-1.546030 -29.459525 -33.686832 237.342509 0.848658 -0.295103 0.438968 -0.425956 0.110732 0.897942 0.313593 0.949027 0.031727
-1.397285 -28.216112 -11.176712 197.756344 0.841161 -0.317018 0.438119 -0.439052 0.072650 0.895520 0.315725 0.945633 0.078078
-1.042721 -30.803176 53.068311 201.657167 0.821623 -0.356412 0.444867 -0.391661 0.214068 0.894861 0.414171 0.909476 -0.036290
-0.229509 -6.600601 22.256781 -73.655941 -0.336484 0.936710 0.096713 -0.855821 -0.347031 0.383589 -0.392874 -0.046302 -0.918426
-0.280814 -7.091361 70.417509 -78.832199 -0.371608 0.917365 0.142652 -0.805187 -0.394955 0.442362 -0.462149 -0.049524 -0.885419
1.040230 -5.799693 131.770310 -51.380342 -0.221219 0.972322 0.075177 -0.894796 -0.233026 0.380840 -0.387818 -0.016981 -0.921580
0.885152 -5.242813 51.928429 -81.025503 -0.255156 0.964826 0.063291 -0.915348 -0.262122 0.305665 -0.311503 -0.020059 -0.950033
3.141107 -4.401668 163.193240 -48.379862 -0.117009 0.992981 0.017246 -0.948002 -0.116850 0.296037 -0.295975 -0.018290 -0.955021
3.488679 -5.059682 194.567038 -42.281369 -0.154884 0.987811 0.015490 -0.914247 -0.149256 0.376662 -0.374383 -0.044177 -0.926221
15.092349 -40.952608 -744.698304 1842.820862 -0.563368 -0.512842 0.647772 0.821549 -0.264593 0.505023 -0.087601 0.816691 0.570388
-2.461019 -173.484824 401.863980 8692.451792 0.815456 -0.373931 0.441823 0.459265 0.882573 -0.100695 -0.352288 0.285027 0.891433
-11.763907 -26.435791 -983.634882 751.334745 0.113695 -0.632498 0.766172 0.989569 0.140766 -0.030640 -0.088471 0.761663 0.641905
-4.953050 -21.094114 124.687063 -934.001516 0.847475 -0.240126 0.473420 -0.529308 -0.449874 0.719338 -0.040248 0.860205 0.508357
-11.814267 -22.972751 -421.569565 318.385412 0.388188 -0.354433 0.850698 0.904415 0.323844 -0.277774 -0.177042 0.877213 0.446267
-4.163707 -28.129627 162.459734 -1151.892254 0.804005 -0.343375 0.485458 -0.593843 -0.421896 0.685094 0.030431 0.839105 0.543118
-90.538176 -369.290694 4094.630114 120590.084898 0.804128 -0.174357 0.568311 -0.592872 -0.304965 0.745318 -0.043363 0.936267 0.348602
-37.172164 -1069.083177 1843.617086 -33581.458079 0.753507 -0.242578 0.611051 -0.090232 0.882486 0.461602 -0.651218 -0.402956 0.643071
-4.056781 -415.046872 304.740338 41898.870964 0.811144 -0.217196 0.543020 0.373121 0.907164 -0.194510 -0.450362 0.360388 0.816881
-0.303789 -3.949788 35.751092 -27.192650 0.321368 0.907950 0.268980 0.928917 -0.357437 0.096702 0.183944 0.218784 -0.958279
0.345361 -3.999075 21.891320 -1.263622 0.402835 0.872001 0.278097 -0.881679 0.451267 -0.137845 0.245697 0.189664 -0.950611
-0.404184 -4.251309 41.008966 7.443292 0.328524 0.905344 0.269117 -0.911508 0.378553 -0.160780 0.247436 0.192482 -0.949593
-1.275973 -4.230304 46.996653 -22.224451 0.190630 0.950678 0.244685 0.965952 -0.226073 0.125809 0.174921 0.212371 -0.961406
-0.846924 -3.656320 32.297341 -33.789468 0.222974 0.940299 0.257138 0.966389 -0.247842 0.068315 0.127966 0.233262 -0.963957
-0.287886 -3.372673 36.681045 -39.284982 0.337827 0.899479 0.277148 0.933050 -0.358736 0.026941 0.123656 0.249491 -0.960450
1.751478 -0.616523 62.672614 -29.287271 0.904960 0.121844 0.407678 -0.093343 0.991633 -0.089171 -0.415131 0.042642 0.908762
2.337242 -0.928835 88.017184 -27.700184 0.893992 0.234168 0.382025 -0.186760 0.969721 -0.157361 -0.407306 0.069333 0.910656
1.143645 -1.309099 104.651048 -3.238351 0.915924 -0.134157 0.378266 0.136806 0.990396 0.019998 -0.377316 0.033433 0.925481
1.247363 -0.921496 40.494175 32.079570 0.884692 -0.239222 0.400117 0.232626 0.970338 0.065790 -0.403988 0.034874 0.914100
5.872269 0.560667 -138.526348 -69.265383 0.824150 -0.180274 0.536916 0.164984 0.983294 0.076903 -0.541809 0.025203 0.840123
5.900487 0.777185 188.426801 -32.677560 0.947556 -0.129758 0.292062 0.132323 0.991145 0.011045 -0.290909 0.028181 0.956336
6.806391 1.200379 188.341714 -40.953376 0.940430 -0.087500 0.328535 0.094862 0.995470 -0.006416 -0.326485 0.037199 0.944470
6.329940 1.099938 -166.009572 -57.009939 0.810207 -0.083493 0.580167 0.090861 0.995728 0.016409 -0.579059 0.039420 0.814332
4.122913 -0.248358 -264.205533 -112.272407 0.676659 -0.363999 0.640029 0.300442 0.930094 0.211328 -0.672210 0.049294 0.738717
4.252108 -0.428616 -267.805383 -80.431688 0.704558 -0.369410 0.605916 0.314351 0.927952 0.200220 -0.636225 0.049403 0.769920
-3.302385 -6.222263 -13.454622 27.178153 -0.008908 -0.906114 -0.422940 0.994896 -0.050545 0.087335 -0.100513 -0.420003 0.901939
-3.302860 -6.240983 9.299806 31.205044 0.088190 -0.916547 -0.390082 0.980191 0.010133 0.197795 -0.177335 -0.399799 0.899285
-3.568089 -7.110891 -19.869272 21.584865 0.211319 -0.890203 -0.403587 0.955648 0.101515 0.276464 -0.205140 -0.444109 0.872173
-2.779038 -5.463270 -42.467364 21.942362 -0.239233 -0.900256 -0.363740 0.968002 -0.250367 -0.017000 -0.075764 -0.356168 0.931346
-3.791832 -7.035451 -27.894095 36.899638 0.130569 -0.880021 -0.456634 0.984161 0.059338 0.167054 -0.119916 -0.471214 0.873830
-2.774468 -5.736041 -43.263245 14.957633 -0.238889 -0.887724 -0.393545 0.971015 -0.221650 -0.089445 -0.007827 -0.403506 0.914944
-3.557720 -6.520478 -37.885978 32.342882 -0.074232 -0.884863 -0.459899 0.997187 -0.070650 -0.025022 -0.010351 -0.460463 0.887619
0.420657 -78.085082 -18.835997 4066.491231 -0.103536 0.930186 -0.352186 0.872100 -0.085358 -0.481826 0.478249 0.357028 0.802377
-0.950345 -408.140706 60.412781 21288.769804 -0.051169 0.918397 -0.392337 0.828345 -0.180421 -0.530371 0.557877 0.352129 0.751517
1.820095 -237.355966 44.531722 13437.080889 0.254344 -0.907442 0.334453 0.920809 0.121498 -0.370607 0.295669 0.402229 0.866483
0.634056 -64.573460 30.306698 2458.001626 0.204966 -0.917399 0.341128 0.973449 0.227358 0.026542 -0.101908 0.326631 0.939642
1.955504 -79.928990 78.934908 3680.222755 0.170799 -0.920979 0.350180 0.984614 0.172855 -0.025629 -0.036927 0.349170 0.936332
0.831333 -60.760872 -79.574627 2691.971358 -0.118566 0.930613 -0.346269 0.889375 -0.055538 -0.453793 0.441537 0.361768 0.821078
0.552817 -50.010183 -5.460683 2650.117075 -0.127435 0.921462 -0.366973 0.803483 -0.121021 -0.582898 0.581529 0.369138 0.724956
-5.486386 -123.413159 -175.484912 -5629.731726 0.355918 -0.147808 -0.922754 0.326873 0.944731 -0.025250 0.875486 -0.292637 0.384561
-1.934838 -174.228384 7.668895 -11419.849309 0.300231 -0.064133 -0.951708 0.669921 0.724426 0.162520 0.679020 -0.686362 0.260460
-5.657991 -106.260234 -23.306706 -2741.139071 0.325543 -0.159881 -0.931912 0.213196 0.972631 -0.092391 0.921178 -0.168602 0.350719
-2.548830 -270.723883 -20.898801 -17089.818692 0.129662 -0.176098 -0.975796 0.596119 0.800244 -0.065206 0.792357 -0.573236 0.208737
-1.785507 -8.628792 -123.185623 -92.440243 -0.092741 0.976927 -0.192386 0.600301 -0.099293 -0.793586 0.794379 0.189088 0.577242
-1.896164 -9.951697 -73.631616 -237.435337 -0.163366 0.964371 -0.208088 0.675473 -0.044395 -0.736047 0.719060 0.260802 0.644154
-0.000870 -7.923503 -164.014321 1.167918 0.046180 0.930443 -0.363516 0.706721 -0.287616 -0.646392 0.705984 0.227054 0.670845
0.533651 -11.511027 -3.808249 -3.923795 -0.377858 0.925704 -0.017178 -0.894377 -0.360148 0.265300 -0.239402 -0.115609 -0.964013
0.568238 -11.660914 -14.107941 -39.151631 -0.394683 0.918549 -0.022196 -0.837867 -0.349891 0.418993 -0.377100 -0.183967 -0.907718
0.374891 -11.452188 -19.561973 -23.431778 -0.384192 0.922445 -0.038616 -0.885388 -0.356257 0.298613 -0.261697 -0.148915 -0.953593
3.640057 -5.330428 -209.446837 30.128249 0.443398 0.895419 0.040279 0.693747 -0.314384 -0.647980 0.567550 -0.315257 0.760592
0.229993 -3.939839 -239.756241 -48.743234 0.473618 0.874887 0.101282 0.693862 -0.299826 -0.654721 0.542440 -0.380364 0.749054
0.430981 -4.742247 -162.807838 24.975910 0.299271 0.916303 0.266131 0.810069 -0.096607 -0.578321 0.504207 -0.388659 0.771181
4.365835 -6.469255 6.668165 128.009043 0.279630 0.953641 0.111248 0.790981 -0.163143 -0.589690 0.544203 -0.252890 0.799931
6.616834 -7.341900 -15.774332 125.056739 0.347565 0.937298 -0.025919 0.704160 -0.279167 -0.652859 0.619159 -0.208660 0.757036
6.466952 -7.346103 -109.268897 55.061636 0.444888 0.883292 -0.147886 0.561336 -0.403686 -0.722453 0.697837 -0.238397 0.675419
34.887927 -8.529522 -640.342217 -53.401416 -0.612915 0.557164 -0.560270 -0.128655 0.629236 0.766492 0.779604 0.541876 -0.313987
32.131377 -9.138675 -178.904731 -68.385053 0.844337 -0.327360 0.424182 -0.151058 0.614117 0.774624 0.514078 0.718120 -0.469071
32.985671 -7.139072 -49.013637 -135.992019 0.858834 -0.323436 0.397232 -0.085195 0.674473 0.733368 0.505119 0.663684 -0.551705
32.255143 -6.652133 -462.482237 -152.620338 -0.674944 0.520675 -0.522827 -0.023338 0.693145 0.720420 0.737500 0.498445 -0.455683
29.580061 -4.257543 -155.956162 -70.590988 0.889055 -0.299401 0.346325 -0.052898 0.684246 0.727331 0.454734 0.664957 -0.592494
-0.695194 -2.884477 -21.059412 -50.389929 0.056651 0.983940 -0.169273 0.959057 -0.006508 0.283138 -0.277489 0.178382 0.944023
0.009555 -3.634773 -21.281464 -7.633241 0.172977 0.976263 -0.130344 0.960826 -0.138165 0.240259 -0.216547 0.166797 0.961918
-0.892586 -3.176441 -9.222222 -30.198750 0.334083 0.937386 -0.098467 0.904606 -0.289540 0.312817 -0.264720 0.193580 0.944696
-0.080947 -3.677923 -33.172725 -14.237771 0.299127 0.949078 -0.098864 0.931677 -0.268106 0.245146 -0.206156 0.165440 0.964432
-1.245234 -1.621659 12.699606 -93.010106 0.344163 0.935565 -0.079186 0.884445 -0.294737 0.361782 -0.315131 0.194548 0.928894
-0.994698 -2.227502 -17.049200 -28.587737 0.843297 0.509702 0.170452 -0.434210 0.833035 -0.342804 -0.316721 0.215073 0.923814
-1.060706 -3.771693 -37.388182 -17.543263 0.439444 0.896208 -0.060829 0.866334 -0.404952 0.292369 -0.237391 0.181179 0.954369
-1.395907 -3.279625 -16.825126 -8.275412 0.622959 0.782087 0.016197 0.728044 -0.587236 0.353703 -0.286138 0.208550 0.935217
3.506868 -5.693504 -88.755943 141.626719 -0.219663 0.953825 -0.204858 -0.821497 -0.294108 -0.488510 0.526204 -0.060983 -0.848169
3.808575 -6.237829 -90.008911 43.001116 -0.205830 0.970813 -0.123107 -0.774363 -0.238498 -0.586072 0.598327 0.025302 -0.800852
3.977575 -4.932450 -0.394709 137.905307 -0.272850 0.954204 -0.122671 -0.840415 -0.298466 -0.452350 0.468247 0.020329 -0.883364
3.604429 -3.724434 -2.683046 210.949225 -0.313427 0.922932 -0.223518 -0.855375 -0.376618 -0.355657 0.412428 -0.079719 -0.907495
3.232611 -5.078192 -3.187705 202.624196 -0.268132 0.928953 -0.255248 -0.834185 -0.356412 -0.420840 0.481914 -0.100083 -0.870484
2.787557 -6.478130 -24.968406 122.044684 -0.246768 0.938405 -0.241869 -0.778979 -0.340551 -0.526513 0.576452 -0.058485 -0.815036
30.199783 -8.648080 1089.613203 -9.737022 0.759627 -0.446442 -0.472924 0.408276 -0.238682 0.881103 0.506239 0.862393 -0.000962
27.371560 -7.617075 -535.583819 109.478323 0.914658 -0.082287 -0.395764 0.347395 -0.340573 0.873685 0.206680 0.936610 0.282922
46.261448 -8.928688 -1734.785123 -26.037617 0.933836 0.104354 -0.342140 0.355532 -0.165604 0.919876 -0.039333 0.980656 0.191748
41.792962 -8.548684 1134.325930 -216.354212 0.813380 -0.383092 -0.437782 0.485654 0.032902 0.873532 0.320239 0.923124 -0.212812
-0.242578 -7.260756 -3.161727 -33.189695 0.791718 0.263194 -0.551281 -0.317642 0.948204 -0.003486 0.521810 0.177871 0.834312
-0.171467 -6.926707 -16.079537 -3.673213 0.807019 0.246362 -0.536681 -0.340792 0.936507 -0.082555 0.482267 0.249520 0.839737
-0.268313 -6.972466 -17.437923 -16.972161 0.795168 0.277393 -0.539223 -0.307761 0.950809 0.035285 0.522486 0.137894 0.841424
2.041059 -13.720232 104.446819 265.238698 0.775570 -0.475775 0.414884 0.620097 0.697260 -0.359595 0.118195 -0.536159 -0.835801
4.625884 -17.044352 -62.150758 335.849751 -0.704014 0.576314 -0.415001 0.709850 0.589000 -0.386253 0.021832 -0.566516 -0.823761
4.433082 -17.680159 60.071852 336.867736 0.766948 -0.504447 0.396641 0.640564 0.564913 -0.520145 -0.038318 -0.652999 -0.756389
1.251856 -22.821830 22.419101 501.528182 0.772837 -0.582604 0.251584 0.633986 0.691324 -0.346603 -0.028007 -0.427368 -0.903644
1.016704 -23.007550 -1.615601 484.455946 0.775060 -0.577466 0.256542 0.629819 0.673170 -0.387518 -0.051082 -0.461925 -0.885447
1.178597 -18.703544 25.879649 475.287552 0.777704 -0.569522 0.266123 0.620314 0.763891 -0.177992 0.101919 -0.303504 -0.947364
1.493153 -18.170202 51.467308 284.082849 0.783136 -0.573064 0.241444 0.610618 0.782124 -0.124211 0.117658 -0.244704 -0.962433
1.717137 -19.662589 59.453787 495.310674 0.795197 -0.561043 0.229983 0.605991 0.748415 -0.269536 0.020902 -0.353702 -0.935124
-1.619772 -11.955260 -22.170959 89.840361 0.703670 -0.653171 0.279672 -0.485515 -0.154630 0.860444 0.518772 0.741254 0.425933
-1.696764 -11.729461 -36.865575 -25.956639 0.703369 -0.649060 0.289815 -0.554196 -0.245417 0.795385 0.445127 0.720063 0.532326
-1.689055 -11.519952 -1.597793 63.409711 0.701554 -0.673795 0.231995 -0.498279 -0.231083 0.835655 0.509450 0.701855 0.497855
-1.454193 -12.070007 16.789050 142.269225 0.699247 -0.679168 0.223125 -0.419347 -0.136910 0.897443 0.578967 0.721101 0.380541
-1.557753 -12.470088 29.462003 88.792229 0.690584 -0.700265 0.180895 -0.414582 -0.178330 0.892367 0.592635 0.691250 0.413470
-1.826359 -11.489567 20.772901 11.840331 0.686308 -0.701505 0.192019 -0.524516 -0.294489 0.798849 0.503849 0.648973 0.570061
5.242614 -6.214984 -143.331266 -22.407268 -0.020555 0.967177 -0.253270 0.809920 -0.132416 -0.571399 0.586181 0.216873 0.780614
4.658534 -5.932086 -117.293335 -28.139782 -0.002354 0.969879 -0.243577 0.873533 -0.116569 -0.472601 0.486760 0.213885 0.846946
6.444845 -5.943240 -126.404001 -37.416123 -0.070396 0.947729 -0.311215 0.842886 -0.110335 -0.526659 0.533468 0.299394 0.791060
6.539577 -6.418484 -144.038919 -16.218148 -0.070405 0.947442 -0.312086 0.759922 -0.151729 -0.632058 0.646190 0.281661 0.709299
6.612491 -6.362479 20.842466 -25.531649 -0.184472 0.887340 -0.422608 0.788501 -0.123070 -0.602595 0.586717 0.444388 0.676965
6.763323 -5.819150 -33.325420 -39.657787 -0.162457 0.909316 -0.383082 0.847438 -0.070287 -0.526221 0.505427 0.410126 0.759171
-0.023660 -15.837323 65.180893 2.692808 0.960379 0.212279 -0.180584 0.238979 -0.293869 0.925489 -0.143394 0.931976 0.332956
0.109942 -16.561824 61.392958 -75.827620 0.952287 0.227201 -0.203789 0.290905 -0.473695 0.831257 -0.092329 0.850878 0.517187
1.114836 -16.070182 48.274585 -10.269279 0.949955 0.243058 -0.196237 0.259714 -0.265420 0.928494 -0.173593 0.932992 0.315263
1.004263 -15.988975 58.009844 42.992127 0.958688 0.218168 -0.182541 0.205444 -0.087180 0.974778 -0.196751 0.972010 0.128400
10.123702 -7.277271 -759.215773 18.256161 0.769171 0.535204 -0.349188 0.551671 -0.280316 0.785546 -0.322544 0.796856 0.510868
0.468719 -6.735538 -253.088962 -17.389036 0.737651 0.515189 -0.436407 0.615009 -0.245959 0.749178 -0.278630 0.821027 0.498278
2.470641 -6.891611 -369.111687 29.932545 0.685679 0.580681 -0.438923 0.632704 -0.177313 0.753821 -0.359902 0.794588 0.488979
11.545397 -8.092843 -935.395604 72.932838 0.749563 0.540300 -0.382400 0.566695 -0.225258 0.792538 -0.342070 0.810762 0.475030
-0.009165 -15.023015 13.147999 8.370454 0.855776 0.473088 -0.209369 0.507133 -0.847132 0.158690 0.102289 0.241981 0.964874
0.331966 -15.306391 -9.590888 86.431750 0.875222 0.441299 -0.198096 0.483269 -0.815441 0.318601 0.020937 0.374581 0.926958
-0.096956 -14.486088 -8.250613 14.127642 0.868544 0.453999 -0.198787 0.481929 -0.867250 0.124987 0.115654 0.204358 0.972040
-0.448548 -14.867804 10.072053 51.808323 0.841837 0.498369 -0.207218 -0.503636 0.863380 0.030414 0.194065 0.078759 0.977822
-0.162174 -15.330843 17.403731 67.398542 0.835193 0.508367 -0.209801 -0.520280 0.853993 -0.001871 0.178218 0.110718 0.977742
-1.834870 -19.662047 -31.623793 -322.459062 0.884597 0.459544 -0.079423 -0.465906 0.878317 -0.107197 -0.020497 -0.131830 -0.991060
-2.347061 -21.876776 31.800142 -294.181505 -0.890921 -0.450739 0.055631 -0.441937 0.888642 0.122500 -0.104652 0.084552 -0.990908
-2.102902 -19.671159 1.528097 -291.317883 0.906594 0.420830 -0.031460 -0.421999 0.903697 -0.072448 0.002058 -0.078957 -0.996876
-1.627270 -16.338879 -8.825297 -241.132436 0.896071 0.439314 -0.063720 -0.435861 0.843498 -0.313903 0.084154 -0.309053 -0.947314
4.196563 -8.636129 1.958052 -65.321099 0.893351 0.347663 -0.284701 0.449359 -0.689704 0.567789 -0.001040 0.635168 0.772374
3.940544 -8.220652 60.385174 -52.534143 0.901653 0.279408 -0.330080 0.423273 -0.726666 0.541107 0.088668 0.627604 0.773467
3.839676 -8.721721 4.681985 -22.799854 0.875157 0.367471 -0.314746 0.476111 -0.769859 0.425013 0.086130 0.521807 0.848705
3.384708 -9.645043 -58.981516 -45.645129 0.861805 0.434927 -0.261017 0.507239 -0.739727 0.442168 0.000771 0.513460 0.858113
4.782957 -8.674003 -406.387825 486.924342 -0.488932 -0.159461 -0.857623 0.116135 0.962499 -0.245170 0.864557 -0.219471 -0.452077
-0.025604 -15.956312 -447.778667 962.733959 -0.376795 0.103049 -0.920547 0.231840 0.972653 0.013986 0.896814 -0.208150 -0.390382
5.180161 -4.443361 -493.353290 233.059952 -0.490259 -0.396758 -0.776034 -0.050948 0.901903 -0.428923 0.870086 -0.170746 -0.462380
0.909803 -6.253763 -63.471929 16.100248 0.118199 0.974460 -0.190938 0.822801 -0.203760 -0.530548 0.555903 0.094393 0.825870
0.933703 -6.205624 -75.043413 9.380824 0.092206 0.980464 -0.173751 0.879734 -0.161953 -0.447035 0.466441 0.111636 0.877480
1.438868 -6.301774 -58.775302 6.270672 0.070838 0.980885 -0.181235 0.833620 -0.157993 -0.529260 0.547777 0.113590 0.828877
2.282138 -6.435099 -39.533304 -9.996207 0.036140 0.978720 -0.201994 0.815363 -0.145747 -0.560305 0.577821 0.144449 0.803279
1.681321 -6.505765 -31.041685 -17.551834 0.077132 0.977524 -0.196209 0.768583 -0.183651 -0.612823 0.635083 0.103535 0.765474
-4.242960 -5.708212 6.917836 7.475402 0.826302 -0.560536 -0.054991 -0.560044 -0.807341 -0.185880 -0.059796 -0.184390 0.981032
-4.240646 -5.940767 5.051077 -7.666956 0.916587 -0.393273 -0.072145 -0.399110 -0.889046 -0.224293 -0.024068 -0.234378 0.971848
-4.002897 -5.988029 6.906154 -2.893762 0.843120 -0.524289 -0.119451 -0.535974 -0.837290 -0.108062 0.043359 -0.155132 0.986942
-4.142800 -6.443832 8.824633 -14.542164 0.942864 -0.308290 -0.126354 -0.330255 -0.914905 -0.232123 0.044040 -0.260589 0.964445
-3.925805 -5.799918 0.339241 4.332726 0.732264 -0.677405 -0.070083 -0.681014 -0.727915 -0.079750 -0.003008 -0.106126 0.994348
-3.698199 -5.779850 1.450013 11.510827 0.737080 -0.668903 -0.096338 0.671265 0.741148 -0.010173 0.078205 -0.057170 0.995297
-3.671181 -5.991569 -0.779732 13.132737 0.825740 -0.541817 -0.156802 0.546116 0.837515 -0.018049 0.141103 -0.070729 0.987465
-3.863806 -6.275937 0.588523 -11.309203 0.896391 -0.409477 -0.169739 -0.429505 -0.897029 -0.104229 0.109581 -0.166334 0.979962
-10.531737 -70.091070 -462.969533 -2615.470965 0.505960 0.790212 -0.345788 -0.500350 -0.057667 -0.863900 0.702605 -0.610114 -0.366206
-8.112941 -83.586509 -310.643741 -3902.699202 0.494161 0.802435 -0.334520 -0.446435 -0.095955 -0.889656 0.745990 -0.588975 -0.310818
-7.558263 -83.107117 -351.879615 -4666.527721 0.468798 0.845880 -0.254391 -0.191691 -0.183710 -0.964109 0.862254 -0.500737 -0.076025
-5.076037 -337.524274 -507.182124 17914.170229 0.580003 0.769033 -0.268672 0.696809 -0.297523 0.652639 0.421965 -0.565746 -0.708433
-4.329834 -137.636433 -207.731614 -6040.845564 0.490795 0.844084 -0.215969 -0.224042 -0.117277 -0.967498 0.841977 -0.523229 -0.131551
-3.002440 -99.727093 -90.409608 3471.012503 0.609425 0.761130 -0.221995 0.728752 -0.427469 0.534968 0.312284 -0.487803 -0.815185
-3.395092 -53.345163 75.235232 -1993.102097 0.494617 0.831722 -0.252176 -0.503656 0.037837 -0.863075 0.708297 -0.553901 -0.437617
-12.747349 -71.698836 576.631006 2884.675305 -0.684404 0.726935 -0.056182 0.526346 0.545930 0.651859 -0.504530 -0.416564 0.756256
-21.620593 -61.828042 -695.860733 -1895.392516 0.844615 -0.534261 0.034504 -0.357495 -0.610792 -0.706491 -0.398526 -0.584378 0.706880
-16.948752 -55.228273 -496.740451 2006.591664 0.830928 -0.537899 0.142210 0.459041 0.807213 0.371064 -0.314389 -0.243047 0.917654
-8.200839 -55.419716 -325.601621 2191.917253 0.742394 -0.630805 0.225692 0.570384 0.771820 0.280992 -0.351444 -0.079876 0.932795
-7.552838 -10.098783 148.492512 -71.097039 -0.339551 0.913918 0.222395 0.921753 0.276236 0.272151 0.187290 0.297402 -0.936202
-5.612679 -9.701601 12.851543 -51.149891 -0.546833 0.808108 0.218940 0.821789 0.468055 0.324943 0.160113 0.357612 -0.920042
-5.357545 -8.946930 0.159809 -113.178891 -0.638690 0.738292 0.216795 0.768913 0.601714 0.216133 0.029121 0.304739 -0.951991
5.992722 -9.178026 14.111445 -11.089886 0.224435 0.951023 -0.212566 -0.115823 0.242618 0.963183 -0.967582 0.191552 -0.164602
6.971158 -11.442539 34.493969 -145.587782 0.318576 0.916910 -0.240385 -0.024044 0.261333 0.964949 -0.947592 0.301630 -0.105300
7.273281 -10.538248 11.203914 -174.012173 0.161331 0.978653 -0.127320 -0.043979 0.136011 0.989731 -0.985920 0.154075 -0.064983
5.832105 -8.279079 -7.923954 0.916095 0.107360 0.984446 -0.139064 -0.141666 0.153593 0.977926 -0.984076 0.085290 -0.155952
6.819752 -9.183957 11.468071 -92.768730 0.022030 0.998303 -0.053901 -0.089380 0.055665 0.994441 -0.995754 0.017089 -0.090454
8.325780 -12.263352 -18.225523 -274.703596 0.081809 0.995302 -0.051786 0.002557 0.051751 0.998657 -0.996645 0.081831 -0.001688
-3.799805 -5.847687 -323.871483 35.254856 -0.557078 0.305238 0.772330 0.090848 0.946820 -0.308672 -0.825476 -0.101790 -0.555183
0.690062 -6.177463 -500.173098 13.363109 -0.602005 0.389598 0.696996 0.198031 0.918466 -0.342350 -0.773546 -0.068070 -0.630074
-0.530202 -5.212428 -39.418723 -19.290729 -0.329766 0.936756 -0.117231 -0.418244 -0.033638 0.907712 -0.846361 -0.348363 -0.402885
-0.861042 -5.240425 -37.170956 -0.843972 -0.325350 0.941418 -0.088765 -0.337360 -0.027868 0.940963 -0.883366 -0.336088 -0.326663
-1.030656 -4.876647 -37.958882 -24.831576 -0.300079 0.944282 -0.135215 -0.438433 -0.010640 0.898701 -0.847189 -0.328964 -0.417197
-0.635161 -4.991776 -42.783965 -30.980208 -0.299392 0.939646 -0.165619 -0.496772 -0.005316 0.867865 -0.814606 -0.342106 -0.468381
-0.288793 -5.197490 -19.569354 -11.023308 -0.305167 0.939083 -0.158100 -0.498631 -0.016129 0.866664 -0.811320 -0.343311 -0.473179
0.565226 -8.102836 34.293702 -11.439186 -0.286240 0.957569 0.033580 0.099406 -0.005179 0.995033 -0.952987 -0.288156 0.093706
0.460310 -8.100630 27.114077 22.571215 -0.297218 0.954620 -0.019023 0.218911 0.087523 0.971812 -0.929376 -0.284676 0.234990
1.096454 -8.683745 34.700517 10.948292 -0.303211 0.952818 -0.014168 0.139544 0.059104 0.988450 -0.942651 -0.297732 0.150881
-0.205460 -7.734633 30.644234 -3.060859 -0.285464 0.958337 0.010010 0.173646 0.041447 0.983936 -0.942527 -0.282616 0.178243
-1.141415 -5.720234 -201.911537 -25.309884 -0.411025 0.840287 -0.353520 -0.654125 -0.001743 0.756384 -0.634964 -0.542139 -0.550370
0.382350 -6.057992 -259.829731 -36.631196 -0.484641 0.827486 -0.283531 -0.561794 -0.046010 0.825997 -0.670456 -0.559598 -0.487175
-1.990800 -6.083192 -175.236501 -44.944407 -0.398009 0.841413 -0.365532 -0.591635 0.069090 0.803240 -0.701111 -0.535958 -0.470311
2.524360 -1.074278 38.158908 16.118764 -0.133975 0.971464 0.195727 0.988642 0.144597 -0.040964 -0.068096 0.188016 -0.979803
-0.223256 -6.929263 -8.314595 92.766903 -0.406149 0.909633 0.087241 -0.103373 -0.140592 0.984656 -0.907941 -0.390899 -0.151133
-0.328111 -7.725609 -14.573266 99.055596 -0.408592 0.909350 0.078331 -0.203827 -0.174564 0.963318 -0.889667 -0.377638 -0.256676
-4.851255 -22.669815 63.166481 -69.574994 -0.112108 0.980642 -0.160537 0.987879 0.127443 0.088621 0.107365 -0.148656 -0.983043
-1.126400 -16.131186 71.262364 -86.127959 0.039659 -0.976521 0.211738 0.990115 0.009873 -0.139913 0.134538 0.215194 0.967260
-1.747834 -15.788100 85.886232 -112.573291 0.060019 -0.975065 0.213651 0.997172 0.048869 -0.057097 0.045232 0.216474 0.975240
-1.192471 -16.191671 -32.181518 -97.390867 -0.116125 0.993231 -0.002468 -0.841806 -0.099739 -0.530485 0.527140 0.059525 -0.847691
-1.214157 -15.452418 8.867769 -197.152532 -0.126622 0.991231 0.037795 -0.722128 -0.065990 -0.688605 0.680072 0.114485 -0.724151
-1.508331 -17.428754 -0.498413 -53.410958 -0.141436 0.989894 -0.010330 -0.911849 -0.134333 -0.387926 0.385393 0.045447 -0.921633
-3.331346 -4.693598 75.995758 26.460387 0.079161 0.984882 0.154083 0.934388 -0.127167 0.332787 -0.347350 -0.117629 0.930329
-3.145399 -4.413151 50.128398 71.278027 -0.169621 0.985317 0.019450 0.900457 0.146932 0.409374 -0.400506 -0.086952 0.912159
-3.490020 -5.172337 41.875604 62.193689 -0.373231 0.926680 -0.044294 0.812734 0.349616 0.466082 -0.447395 -0.137957 0.883632
-3.805895 -5.476061 35.828858 50.084724 -0.269173 0.960810 0.066258 0.873334 0.214507 0.437349 -0.405996 -0.175588 0.896848
-3.685766 -6.192767 33.403806 12.616297 -0.461561 0.886249 -0.039035 0.739075 0.408503 0.535625 -0.490643 -0.218374 0.843553
-3.151144 -5.867807 42.309729 25.151419 -0.515080 0.844712 -0.145447 0.677629 0.505213 0.534395 -0.524891 -0.176698 0.832627
-0.433856 -5.996333 58.138984 -7.408225 -0.121251 0.900052 -0.418574 -0.685359 0.229126 0.691219 -0.718039 -0.370685 -0.589078
-0.780947 -22.708373 -57.201665 -353.836698 0.985603 -0.051786 -0.160948 -0.131409 -0.833608 -0.536497 0.106385 -0.549923 0.828412
-1.293487 -22.848088 -53.105695 -336.393323 0.983726 -0.046582 -0.173532 -0.135905 -0.824662 -0.549056 0.117529 -0.563704 0.817572
-1.126412 -19.149354 -47.814948 -216.638176 0.985587 -0.039824 -0.164413 -0.099962 -0.921170 -0.376104 0.136474 -0.387119 0.911874
-0.455397 -19.290608 -44.728068 -193.351225 0.988505 -0.035764 -0.146897 -0.079280 -0.949937 -0.302217 0.128735 -0.310389 0.941852
-0.125803 -21.512657 -32.021124 -268.671106 0.985799 -0.043844 -0.162102 -0.118450 -0.865802 -0.486164 0.119033 -0.498461 0.858701
-0.622809 -16.343775 51.795826 57.156409 -0.192543 0.980110 0.048071 -0.925944 -0.165246 -0.339590 0.324892 0.109897 -0.939344
-0.692160 -16.098302 60.930174 109.550269 -0.199427 0.978912 0.044279 -0.963538 -0.187668 -0.190724 0.178392 0.080700 -0.980645
-0.770912 -10.097483 7.996910 88.190007 -0.236500 0.952602 0.191354 -0.814694 -0.301736 0.495207 -0.529473 0.038778 -0.847440
-1.273750 -30.054474 -8.126495 -311.064101 0.842835 -0.294113 0.450695 -0.273341 0.487447 0.829265 0.463587 0.822127 -0.330444
11.917411 -22.120762 -891.928622 -318.561345 0.824131 0.093973 -0.558549 0.322099 0.733401 0.598644 -0.465897 0.673270 -0.574150
1.004712 -22.111920 -302.371792 -65.222398 0.846123 0.068197 -0.528606 0.339662 0.695304 0.633390 -0.410737 0.715473 -0.565149
10.899524 -20.110584 883.356856 -99.210540 -0.791823 -0.076316 0.605964 0.274318 0.842015 0.464500 -0.545679 0.534028 -0.645792
0.144123 -21.161457 -253.135810 5.966532 0.836330 0.063219 -0.544569 0.227705 0.863537 0.449949 -0.498701 0.500307 -0.707807
26.866301 -24.000448 -1520.601677 -451.867219 0.857709 0.061441 -0.510452 0.218486 0.855169 0.470053 -0.465403 0.514695 -0.720062
22.452669 -20.306493 1662.921727 -105.380359 -0.769212 -0.063891 0.635792 0.169244 0.939084 0.299128 -0.616174 0.337696 -0.711541
4.555000 -18.981115 609.785326 21.487001 -0.792868 -0.087123 0.603133 0.153103 0.929503 0.335535 -0.589847 0.358376 -0.723634
-1.405927 -19.153621 -29.567232 -217.242693 0.981027 -0.026182 -0.192096 -0.090666 -0.937768 -0.335217 0.171365 -0.346274 0.922349
-7.385465 -213.656294 150.816423 -8279.954226 -0.748201 0.619143 -0.238447 0.159168 0.516399 0.841426 -0.644097 -0.591603 0.484919
-38.357541 -254.086748 1206.515617 6637.300326 0.718392 -0.452862 0.528042 0.198612 0.861006 0.468211 -0.666682 -0.231484 0.708484
-0.309904 -199.169644 162.967728 11133.607123 0.896278 -0.248762 0.367155 0.310393 0.943171 -0.118678 -0.316768 0.220330 0.922558
-95.063508 -419.988412 4894.483759 24463.426321 0.767079 -0.292621 0.570932 -0.162544 0.772240 0.614186 -0.620621 -0.563930 0.544805
-148.484696 -334.300739 8402.875277 69945.610632 0.748963 -0.317102 0.581809 0.648340 0.169446 -0.742256 -0.136785 -0.933131 -0.332499
0.770745 -3.373020 13.389472 -46.933166 0.500268 0.814626 0.293455 -0.812789 0.558647 -0.165191 0.298507 0.155876 -0.941592
0.582631 -3.368633 -1.658869 -21.444752 0.508858 0.816096 0.273954 -0.828091 0.551001 -0.103260 0.235220 0.174314 -0.956183
1.078542 -2.210535 9.212802 -61.750997 -0.674619 -0.675488 -0.297664 -0.671617 0.729009 -0.132198 0.306298 0.110733 -0.945473
0.489811 -2.811728 -27.872144 -49.310797 0.602614 0.752688 0.265175 -0.756822 0.644422 -0.109273 0.253133 0.134841 -0.957988
0.347881 -7.436958 -177.688478 6.302518 -0.493131 0.845539 -0.204660 -0.170414 0.136808 0.975829 -0.853101 -0.516088 -0.076627
1.349517 -7.221991 -141.884460 -23.876559 -0.489408 0.852512 -0.183585 -0.276830 0.047753 0.959732 -0.826949 -0.520522 -0.212630
2.005843 -7.325954 -120.239190 10.673496 -0.473474 0.864200 -0.170236 -0.181335 0.093494 0.978967 -0.861940 -0.494385 -0.112443
1.686180 -7.374463 -111.713587 20.347202 -0.466286 0.863672 -0.191438 -0.092468 0.167634 0.981503 -0.879788 -0.475363 -0.001696
0.593397 -7.478269 -174.604588 15.579965 -0.486825 0.848135 -0.208971 -0.061645 0.205279 0.976760 -0.871322 -0.488393 0.047651
-2.213734 -6.200124 -50.973583 -24.158481 -0.563062 0.722736 -0.400766 0.087783 0.534507 0.840593 -0.821739 -0.438126 0.364405
-1.652559 -5.933937 -47.578332 -28.680006 -0.585159 0.718518 -0.375927 0.067663 0.505228 0.860329 -0.808090 -0.477993 0.344256
-1.797434 -6.404048 -48.637045 -12.900907 -0.582976 0.705890 -0.402315 0.140304 0.575188 0.805899 -0.800283 -0.413374 0.434360
-2.276038 -6.465296 -31.079061 -3.747781 -0.548566 0.725642 -0.415353 0.161687 0.579460 0.798802 -0.820324 -0.371039 0.435199
-1.924618 -6.478164 -21.927693 5.965973 -0.560460 0.717732 -0.413213 0.238343 0.617616 0.749496 -0.793144 -0.321576 0.517215
-1.493418 -6.472660 -35.422290 -6.001128 -0.595988 0.697862 -0.397224 0.206239 0.611116 0.764201 -0.776056 -0.373531 0.508145
-1.090511 -10.737847 -18.142717 -104.314054 -0.291435 0.903494 0.314269 0.754657 0.015265 0.655942 -0.587842 -0.428330 0.686277
-0.648547 -9.403276 20.554396 -81.349504 -0.318109 0.910483 0.264250 0.659534 0.012301 0.751574 -0.681045 -0.413364 0.604407
-0.813444 -10.053832 -7.767068 -103.035409 -0.303418 0.900328 0.312003 0.679840 -0.024884 0.732938 -0.667649 -0.434499 0.604529
-1.091576 -11.475845 -25.562886 -93.926708 -0.280982 0.895207 0.345910 0.797134 0.016980 0.603564 -0.534441 -0.445327 0.718371
-3.451390 -7.183006 10.905765 27.944502 0.284002 -0.889716 -0.357418 0.914936 0.139982 0.378546 -0.286766 -0.434522 0.853789
