16061
32106
-6.589132 -8.606716 -64.187944 -191.040129 0.149123 0.980996 0.124133 0.983839 -0.134616 -0.118065 -0.099111 0.139733 -0.985217
-6.512888 -10.040914 28.057768 -105.684379 -0.425506 0.886714 0.180785 0.902835 0.402283 0.151848 0.061920 0.227831 -0.971730
-9.123685 -12.198231 0.673869 -271.634055 0.293631 0.930173 0.220362 0.952557 -0.304034 0.014085 0.080099 0.205772 -0.975317
-5.306987 -8.654747 -10.180562 -111.923949 0.717750 -0.670377 -0.188228 0.694331 0.709392 0.121108 -0.052339 0.217618 -0.974630
-6.726335 -15.056848 -56.979210 -453.654330 0.518400 0.846864 0.118667 0.854900 -0.509969 -0.095272 -0.020166 0.150837 -0.988353
-2.920682 -11.729945 -175.478772 474.154815 0.293222 0.955764 -0.023138 -0.936352 0.291985 0.194912 -0.193046 0.035487 -0.980548
-2.752379 -7.388881 -118.025584 242.487243 0.116965 0.992818 0.025114 -0.969307 0.108616 0.220558 -0.216246 0.050141 -0.975051
-4.041052 -5.971898 -17.080453 88.961805 -0.469579 0.868543 0.158520 -0.860441 -0.490433 0.138259 -0.197828 0.071473 -0.977628
-4.683327 -7.643670 -29.666467 -125.772025 0.812999 -0.537059 -0.224946 0.559936 0.827082 0.049063 -0.159699 0.165844 -0.973135
2.312222 -11.602339 -11.991791 25.605363 0.192312 0.844579 -0.499702 -0.399567 0.532477 0.746200 -0.896305 -0.056161 -0.439867
3.175029 -12.076030 6.376835 -31.644430 0.227942 0.834360 -0.501882 -0.259889 0.548887 0.794469 -0.938350 0.050659 -0.341955
2.607355 -12.153233 -12.950426 -13.791683 0.178696 0.858012 -0.481543 -0.290105 0.513609 0.807493 -0.940163 0.004597 -0.340693
1.832367 -12.228875 -45.019436 84.529021 0.122172 0.877397 -0.463950 -0.411662 0.470142 0.780705 -0.903110 -0.095610 -0.418629
-5.678618 -7.781790 14.556826 -21.621642 -0.160241 0.949585 -0.269464 -0.428767 0.178930 0.885519 -0.889090 -0.257434 -0.378479
-5.681884 -8.105593 33.752332 43.569641 -0.172762 0.963718 -0.203471 -0.316637 0.141272 0.937968 -0.932681 -0.226471 -0.280743
-5.458025 -7.626246 37.113279 8.551403 -0.065688 0.964588 -0.255449 -0.431775 0.203318 0.878768 -0.899586 -0.168021 -0.403129
-0.213669 -4.317697 -23.037821 -35.915533 -0.223003 0.916344 -0.332540 -0.562240 0.157768 0.811786 -0.796339 -0.367997 -0.480022
-0.503402 -4.290482 -11.636093 -28.766504 -0.246254 0.925381 -0.288146 -0.543571 0.114278 0.831548 -0.802427 -0.361400 -0.474869
-0.715454 -3.978700 -17.302372 -13.608332 -0.257929 0.923463 -0.284057 -0.591285 0.081643 0.802319 -0.764104 -0.374900 -0.524972
-0.735023 -4.117857 2.711806 -3.920259 -0.290484 0.931621 -0.218405 -0.568828 0.015415 0.822312 -0.769450 -0.363104 -0.525455
-0.994290 -4.204576 0.775154 20.436936 -0.337042 0.927217 -0.163315 -0.591734 -0.073701 0.802757 -0.732293 -0.367202 -0.573506
-0.449231 -3.888668 -23.086270 -23.530242 -0.219402 0.911743 -0.347257 -0.615735 0.146692 0.774178 -0.756791 -0.383675 -0.529207
-2.553283 -5.348688 68.745678 62.991150 0.744901 -0.509355 0.430905 -0.613886 -0.776205 0.143698 -0.261277 0.371567 0.890883
-1.824464 -5.734753 19.638133 -68.259705 0.682835 -0.593212 0.426421 0.683752 0.724508 -0.087011 -0.257329 0.350981 0.900330
-2.413197 -6.113896 40.553055 -20.235654 0.637321 -0.632916 0.439589 0.744715 0.652476 -0.140266 -0.198044 0.416763 0.887179
-3.184149 -5.718854 81.162508 -11.869623 0.610871 -0.642917 0.462055 0.767872 0.623293 -0.147915 -0.192899 0.445156 0.874429
-3.521967 -4.976002 81.619548 52.890428 0.810127 -0.393636 0.434448 -0.516435 -0.829907 0.211064 -0.277469 0.395353 0.875618
-0.597538 -8.435619 8.145608 48.427742 -0.020164 0.846458 0.532074 -0.406061 -0.493247 0.769300 -0.913623 0.200542 -0.353660
-0.975902 -8.932935 11.987697 58.356734 -0.010921 0.870107 0.492741 -0.397067 -0.456028 0.796477 -0.917725 0.186953 -0.350471
-0.577280 -7.539411 10.918350 31.383593 -0.033077 0.836694 0.546670 -0.214263 -0.540189 0.813810 -0.976216 0.090213 -0.197141
-0.846805 -7.825515 14.844799 40.880597 -0.036239 0.855095 0.517203 -0.199461 -0.513318 0.834697 -0.979235 0.072914 -0.189160
-0.445177 -6.816071 11.543233 22.739858 -0.048147 0.821729 0.567840 -0.022116 -0.569237 0.821876 -0.998595 -0.027013 -0.045581
1.092703 -7.568749 -24.414827 52.695493 0.205528 0.825972 0.524907 -0.184833 0.559466 -0.807982 0.961039 -0.069043 -0.267653
0.645659 -7.361052 -25.856599 45.728480 0.224828 0.832010 0.507160 -0.220462 0.550423 -0.805252 0.949131 -0.069233 -0.307177
0.878491 -8.122897 -22.597649 30.226769 0.206585 0.824336 0.527060 -0.046313 0.546315 -0.836298 0.977332 -0.148357 -0.151038
1.323755 -8.452214 -19.992663 44.685818 0.180681 0.821436 0.540923 -0.013701 0.552023 -0.833716 0.983446 -0.143225 -0.110995
0.715397 -8.259143 -18.481241 -3.462590 0.203685 0.814432 0.543336 0.100078 0.534743 -0.839068 0.973908 -0.225281 -0.027413
1.140937 -8.738322 -17.463749 6.491792 0.179427 0.812201 0.555100 0.133504 0.538935 -0.831701 0.974671 -0.223337 0.011732
-3.096113 -12.418722 -90.257619 -271.011639 0.211751 0.735172 -0.643960 -0.658816 -0.379315 -0.649678 0.721889 -0.561821 -0.404023
-3.778751 -17.572532 -77.569840 362.592743 0.205949 0.752254 -0.625858 0.783401 0.256516 0.566112 0.586403 -0.606888 -0.536487
-4.726435 -12.973565 -62.725647 -290.421047 0.229648 0.822348 -0.520582 -0.637978 -0.276748 -0.718606 0.735014 -0.497147 -0.461085
-1.732757 -16.810702 -98.063900 387.200103 0.208060 0.698903 -0.684284 0.774951 0.309066 0.551297 0.596792 -0.644990 -0.477312
-3.667385 -8.748899 -62.490795 -216.462502 0.210443 0.798312 -0.564280 -0.519299 -0.397754 -0.756387 0.828277 -0.452206 -0.330858
-1.418672 -12.490347 -99.658216 -284.245438 0.210008 0.685449 -0.697177 -0.674922 -0.414281 -0.610616 0.707373 -0.598775 -0.375622
-2.264273 -8.821129 -77.899091 -169.710675 0.218697 0.725276 -0.652799 -0.561377 -0.453681 -0.692120 0.798140 -0.517830 -0.307935
0.152685 -6.894721 4.941867 1.661252 -0.032630 0.828272 0.559375 -0.143097 -0.557778 0.817561 -0.989171 0.053368 -0.136724
0.325838 -7.291556 14.135576 19.084441 -0.035382 0.814128 0.579606 -0.303362 -0.561353 0.769971 -0.952218 0.148587 -0.266837
0.162640 -6.752413 11.686888 1.046674 -0.033012 0.815720 0.577504 -0.121289 -0.576818 0.807818 -0.992068 0.043377 -0.117980
-0.052725 -6.702992 3.144062 -3.841462 -0.034594 0.830068 0.556588 0.054043 -0.554553 0.830392 -0.997939 -0.058807 0.025675
6.537852 -16.997646 45.297048 -103.862419 0.468551 0.664011 -0.582709 0.215411 0.553814 0.804294 -0.856772 0.502374 -0.116454
6.787953 -16.557377 -40.838363 -98.682911 0.387076 0.730126 -0.563106 0.170226 0.543629 0.821883 -0.906198 0.413986 -0.086139
6.002467 -14.997847 -8.554249 -261.646094 0.437216 0.685557 -0.582111 0.004410 0.645611 0.763654 -0.899346 0.336449 -0.279248
5.427604 -15.259100 -69.252074 -256.348213 -0.521993 -0.621825 0.583830 0.064969 0.653509 0.754126 -0.850472 0.431579 -0.300728
5.605302 -17.149137 137.743030 -168.392656 0.547888 0.594365 -0.588685 0.248674 0.556179 0.792986 -0.798737 0.580858 -0.156920
-0.612324 -15.442749 22.474018 -338.851526 -0.137664 0.939394 -0.313986 -0.738869 -0.308515 -0.599076 0.659638 -0.149524 -0.736560
-0.700796 -18.543384 27.345658 -291.856974 -0.134475 0.939699 -0.314454 -0.845228 -0.274409 -0.458572 0.517209 -0.204119 -0.831162
-0.153935 -15.520778 19.475614 -393.159819 -0.128588 0.943648 -0.304949 -0.743041 -0.295329 -0.600559 0.656776 -0.149365 -0.739145
-0.249030 -11.876185 4.949272 -371.216406 -0.122127 0.944697 -0.304355 -0.641317 -0.309149 -0.702239 0.757494 -0.109425 -0.643606
-0.339159 -12.067033 4.623910 -376.486354 -0.140166 0.937202 -0.319385 -0.653121 -0.329955 -0.681588 0.744168 -0.113061 -0.658355
-0.109171 -16.311847 17.941658 -469.959781 -0.136822 0.941227 -0.308821 -0.750767 -0.301909 -0.587536 0.646242 -0.151465 -0.747951
-0.544335 -15.500731 -6.442021 218.893285 -0.081011 0.794204 -0.602227 -0.626919 0.429123 0.650251 -0.774861 -0.430225 -0.463138
-0.525806 -13.370181 -8.520994 44.495168 -0.112014 0.816737 -0.566033 -0.457810 0.463149 0.758882 -0.881965 -0.344141 -0.322031
-0.665543 -14.704258 -5.732568 182.727753 -0.068713 0.801092 -0.594584 -0.627185 0.428799 0.650208 -0.775833 -0.417592 -0.472968
162.753764 1.066035 27464.228581 151.903184 0.255075 0.943397 0.211987 0.076290 0.198920 -0.977042 0.963907 -0.265391 0.021232
126.592001 0.053074 26048.419246 -29.925336 0.113342 0.977737 0.176591 0.082176 0.167903 -0.982373 0.990152 -0.125855 0.061316
230.185173 3.525073 43509.011453 -86.858856 0.303277 0.940597 0.152643 0.079586 0.134625 -0.987695 0.949573 -0.311694 0.034029
246.325488 4.847046 41439.308256 155.424303 0.488370 0.853047 0.183865 0.051714 0.182038 -0.981931 0.871103 -0.489053 -0.044787
336.982321 7.202788 67622.510828 -489.967240 0.503864 0.856920 0.108674 0.063563 0.088688 -0.994029 0.861441 -0.507763 0.009782
2.295073 -21.726074 -233.856936 -15.667069 -0.301943 0.778583 -0.550126 -0.858158 -0.473308 -0.198855 0.415204 -0.412053 -0.811060
3.614414 -21.276279 -176.699169 -248.873352 -0.255733 0.823058 -0.507125 -0.787135 -0.481821 -0.385055 0.561266 -0.300704 -0.771076
6.318596 -21.992397 -292.889352 -168.182747 -0.261751 0.818663 -0.511152 0.903875 0.393616 0.167559 0.338372 -0.418159 -0.842999
6.141126 -20.414266 -454.977942 -304.648758 -0.276567 0.784176 -0.555499 0.941487 0.336977 0.006958 0.192647 -0.521071 -0.831488
1.142466 -21.003551 -258.357434 -170.093098 -0.328343 0.763469 -0.556153 0.912587 0.408305 0.021732 0.243672 -0.500403 -0.830795
-4.310928 -22.670301 43.987392 258.835215 0.075111 0.996608 0.033628 -0.509040 0.067319 -0.858106 0.857459 -0.047335 -0.512370
-1.608095 -21.116936 55.446184 63.492236 0.040483 0.999122 -0.010808 -0.665517 0.018894 -0.746143 0.745284 -0.037399 -0.665698
-2.688285 -21.983555 123.090430 234.514620 -0.029350 0.995969 -0.084757 -0.541113 -0.087126 -0.836424 0.840438 -0.021314 -0.541489
-2.319080 -21.833365 -11.734515 133.359944 0.145890 0.983898 0.103253 -0.641848 0.173557 -0.746933 0.752826 -0.042697 -0.656833
-4.918073 -23.041496 185.942294 280.824178 -0.050891 0.996245 -0.070043 -0.348970 -0.083452 -0.933411 0.935751 0.023059 -0.351907
-6.293152 -22.695059 -7.668525 160.370855 0.106747 0.992167 0.064883 -0.300214 0.094372 -0.949192 0.947880 -0.081844 -0.307936
-4.312220 -23.102190 -69.150707 236.500983 0.183097 0.972553 0.143585 -0.457153 0.213532 -0.863374 0.870337 -0.092441 -0.483703
-6.112686 -106.831076 338.678828 -6781.079188 -0.086374 -0.360857 -0.928613 -0.517379 0.812798 -0.267728 0.851387 0.457320 -0.256904
-9.065595 -27.327954 294.022997 -1389.252774 -0.055717 -0.393149 -0.917785 -0.501656 0.805787 -0.314718 0.863271 0.442878 -0.242122
-7.790867 -31.651907 362.013472 -1598.867174 -0.182367 -0.282231 -0.941853 -0.478935 0.862090 -0.165596 0.858699 0.420887 -0.292387
-9.096876 -172.330225 -198.757860 7872.981049 0.299766 0.942093 0.150335 0.693266 -0.106859 -0.712715 0.655379 -0.317870 0.685154
-3.609756 -116.310035 -3.616201 5422.832436 0.403299 0.894085 0.194835 0.462561 -0.015478 -0.886452 0.789549 -0.447629 0.419811
-4.046595 -74.531613 -4.959940 3587.427231 0.368414 0.908516 0.197156 0.130977 0.159234 -0.978514 0.920389 -0.386321 0.060330
-22.538947 -206.482635 -1088.191257 5971.020550 -0.510825 -0.204501 -0.835007 0.605275 0.604196 -0.518257 0.610492 -0.770147 -0.184859
-33.523423 -884.777787 -1684.228163 147458.207016 -0.552752 -0.284550 -0.783260 -0.282252 0.948272 -0.145310 0.784091 0.140756 -0.604474
-2.114477 -332.468920 -550.207654 19828.757067 -0.485636 -0.281985 -0.827431 -0.010249 0.948314 -0.317166 0.874101 -0.145547 -0.463426
-17.231578 -820.525309 -761.570101 -47285.388248 -0.536375 -0.249287 -0.806324 0.796254 0.167249 -0.581384 0.279788 -0.953878 0.108788
7.234230 -3.156387 -371.353452 35.744114 0.127412 0.873602 -0.469665 -0.794751 0.373225 0.478616 -0.593411 -0.312286 -0.741850
7.148919 -3.686712 -459.959063 26.592908 0.094850 0.857863 -0.505049 -0.835477 0.344452 0.428172 -0.541278 -0.381345 -0.749396
9.363051 -3.225882 -200.242910 2.820074 0.176259 0.906995 -0.382483 -0.824621 0.348242 0.445790 -0.537526 -0.236829 -0.809307
8.809277 -3.361727 -107.435992 8.208757 0.229421 0.913333 -0.336435 -0.780601 0.379124 0.496917 -0.581402 -0.148618 -0.799928
8.778202 -3.133448 -235.527365 34.436324 0.172222 0.905510 -0.387802 -0.766316 0.370526 0.524853 -0.618951 -0.206788 -0.757720
5.614529 -2.695101 -381.527047 14.169287 0.083665 0.879019 -0.469390 -0.766760 0.357640 0.533079 -0.636459 -0.315309 -0.703918
-5.235062 -9.628012 -377.631407 15.603382 0.308184 0.827032 0.470150 -0.328186 0.556291 -0.763435 0.892926 -0.080981 -0.442860
3.788528 -13.505986 -1244.290356 -901.338186 0.265953 0.963617 -0.026670 -0.302845 0.057254 -0.951318 0.915179 -0.261083 -0.307054
-1.699787 -13.642815 -552.253254 -300.061978 0.038214 0.998599 -0.036589 -0.518957 -0.011458 -0.854723 0.853946 -0.051651 -0.517793
-64.021244 -251.141637 4478.701021 37182.970268 -0.300351 0.372968 0.877886 0.947443 0.010335 0.319758 0.110186 0.927787 -0.356470
-130.526386 -693.354538 9095.395400 53928.161918 0.015525 0.477065 0.878731 0.972146 -0.212751 0.098328 0.233860 0.852729 -0.467080
-96.785132 -2012.780263 15827.466131 313410.031990 -0.524860 0.347090 0.777207 0.768661 0.585485 0.257619 -0.365626 0.732623 -0.574091
-237.054432 -1642.755522 -23210.598391 -481887.538876 0.295750 -0.332373 -0.895578 -0.490347 0.751760 -0.440927 0.819812 0.569549 0.059355
144.589043 -126.544288 27928.584958 6508.444756 0.893041 -0.408354 -0.189012 0.447373 0.760633 0.470420 0.048329 0.504663 -0.861963
-3.692006 -57.876854 -90.743197 2226.974602 0.114758 -0.114956 -0.986720 0.877658 -0.453561 0.154915 -0.465346 -0.883780 0.048842
-0.104325 -149.625258 319.508452 7297.689207 0.340044 -0.175713 -0.923848 0.794838 -0.471331 0.382204 -0.502596 -0.864276 -0.020610
-2.179053 -294.796875 48.914225 18577.170564 -0.102210 0.204609 0.973493 -0.118093 0.969202 -0.216106 -0.987728 -0.137051 -0.074899
17.037719 -380.527426 723.142793 -30883.592575 -0.083743 -0.045729 0.995438 -0.675932 0.736604 -0.023026 -0.732190 -0.674777 -0.092595
-1.500864 -7.172929 -81.531016 -218.505280 0.167516 0.857282 -0.486833 0.573909 -0.486312 -0.658885 0.801603 0.169024 0.573467
-2.709548 -9.971159 68.413921 -463.570058 -0.056097 0.946795 -0.316911 0.588469 -0.225065 -0.776563 0.806571 0.230055 0.544534
-1.543375 -6.231814 48.712860 -165.605421 -0.018806 0.926555 -0.375688 0.637545 -0.278338 -0.718377 0.770184 0.253028 0.585486
-0.027749 -4.818846 -19.757463 -33.982017 -0.235320 0.922991 -0.304485 -0.484067 0.160360 0.860211 -0.842795 -0.349816 -0.409054
-5.245404 -7.614355 26.409643 -109.349120 -0.033801 0.790281 0.611812 0.584526 0.512178 -0.629289 0.810671 -0.336349 0.479252
-4.808473 -10.488114 -19.058261 -12.468506 -0.010176 0.728719 0.684737 0.516994 0.589981 -0.620193 0.855928 -0.347694 0.382748
-4.271569 -10.382863 9.767235 -78.381529 0.034649 0.853800 0.519447 0.424364 0.458006 -0.781118 0.904828 -0.247499 0.346453
-5.083804 -7.856659 20.002681 -148.560351 0.121976 -0.614246 -0.779630 0.614240 0.663723 -0.426826 0.779635 -0.426817 0.458253
-3.170325 -5.433591 -340.603858 -5.243578 0.696999 0.467368 -0.543837 0.004345 0.755647 0.654964 0.717059 -0.458873 0.524655
-1.410855 -5.456369 -304.842963 18.679444 0.673976 0.654208 -0.343174 0.225177 -0.624348 -0.747987 0.703599 -0.426850 0.568108
-4.908035 -6.391405 65.537111 -57.405670 0.004902 0.899426 0.437045 0.619807 0.340242 -0.707159 0.784739 -0.274350 0.555803
-8.191766 -8.709006 51.968801 -2.095925 0.712655 0.392798 -0.581234 0.685528 -0.565814 0.458154 0.148909 0.724958 0.672504
-8.384184 -9.036417 20.781116 29.567262 -0.161453 -0.769781 0.617552 0.986497 -0.143316 0.079266 0.027488 0.622012 0.782525
-7.760439 -8.582397 63.849918 9.054113 0.876074 0.182917 -0.446133 0.415447 -0.755983 0.505860 0.244739 0.628516 0.738289
-8.483863 -9.336567 14.906832 24.384104 -0.040086 -0.716373 0.696565 0.995085 0.034552 0.092801 -0.090548 0.696861 0.711467
-8.384618 -8.968473 -40.198370 18.007627 -0.382542 -0.527920 0.758263 0.922835 -0.258409 0.285657 0.045138 0.809027 0.586035
15.921171 -9.598860 -471.950221 -208.592305 -0.388096 0.825676 -0.409439 -0.714308 -0.550207 -0.432477 0.582362 -0.124623 -0.803320
11.384973 -10.263919 -350.700340 -168.045939 -0.311088 0.819635 -0.481064 -0.703523 -0.538923 -0.463268 0.638967 -0.194323 -0.744285
16.516470 -8.572048 -529.616946 -72.450498 -0.382807 0.799638 -0.462642 -0.669127 -0.585281 -0.457948 0.636968 -0.134261 -0.759108
19.906248 -7.989322 -525.102060 -163.141020 -0.502872 0.816379 -0.283981 -0.677024 -0.576269 -0.457770 0.537363 0.037938 -0.842497
14.116971 -8.535404 34.538466 -204.368180 -0.524180 0.833265 -0.175797 -0.733508 -0.546641 -0.403918 0.432669 0.082777 -0.897745
20.411721 -7.352607 -756.662019 -65.766805 -0.457479 0.810703 -0.365341 -0.671974 -0.584268 -0.455064 0.582378 -0.037318 -0.812061
-0.262692 -2.156104 -25.458813 14.994353 -0.580678 0.799184 0.155297 0.813217 0.560331 0.157183 0.038600 0.217563 -0.975283
-0.020867 -2.266606 -48.859442 24.940381 -0.679296 0.722642 0.127849 0.733138 0.660496 0.162031 0.032647 0.203798 -0.978469
-0.521048 -2.291696 -31.498568 -4.543463 -0.623906 0.766453 0.152612 0.781479 0.613293 0.114727 -0.005664 0.190842 -0.981604
0.431622 -2.200710 33.335949 50.712199 0.711919 -0.691769 -0.120945 0.700113 0.685674 0.199230 0.054893 0.226511 -0.972461
-0.666501 -2.373788 6.947855 -13.446044 -0.354403 0.913764 0.198579 0.935089 0.345705 0.078084 0.002701 0.213362 -0.976969
17.830209 -7.648045 208.652764 -32.744033 -0.812169 0.438180 -0.385202 0.070450 0.729070 0.680803 0.579153 0.525790 -0.622998
16.656469 -7.279685 25.215055 -53.647974 -0.763259 0.542490 -0.350915 0.221426 0.729876 0.646724 0.606965 0.415916 -0.677205
18.243498 -9.375346 -358.794920 -61.753499 -0.614992 0.600609 -0.510933 0.147190 0.724003 0.673910 0.774674 0.339245 -0.533660
20.838665 -9.363989 -412.653884 17.792847 -0.597030 0.576317 -0.558044 -0.012281 0.688978 0.724678 0.802125 0.439508 -0.404263
-1.450518 -4.714656 1.891875 -47.808056 0.090572 0.991694 -0.091324 -0.806944 0.019337 -0.590311 0.583642 -0.127159 -0.801993
-1.460416 -4.515223 -12.389502 -57.219930 0.051926 0.986419 -0.155824 -0.794473 -0.053737 -0.604917 0.605076 -0.155209 -0.780893
-1.715164 -5.413227 2.693244 -38.942553 0.061699 0.991121 -0.117779 -0.860759 -0.006899 -0.508966 0.505260 -0.132782 -0.852691
1.780753 -10.455117 -34.135943 18.344774 -0.159044 0.883071 0.441464 0.456520 0.462260 -0.760201 0.875382 -0.080632 0.476660
1.060904 -9.488066 -29.332897 26.306029 -0.149144 0.860626 0.486907 0.453865 0.497062 -0.739551 0.878500 -0.110690 0.464742
1.884055 -10.644341 -42.884823 -1.399048 -0.179474 0.844393 0.504766 0.595137 0.501750 -0.627741 0.783327 -0.187742 0.592581
1.045084 -9.893344 -25.871759 27.423327 -0.127860 0.899763 0.417227 0.297411 0.436104 -0.849329 0.946149 -0.015492 0.323359
3.023514 -11.446415 -56.672297 -31.572622 -0.180545 0.880532 0.438254 0.609308 0.449909 -0.652936 0.772106 -0.149147 0.617744
2.517163 -11.409161 -34.499293 -0.110182 -0.167928 0.914561 0.367938 0.463913 0.402641 -0.789091 0.869819 -0.038181 0.491891
1.508844 -11.007005 -19.990097 39.636792 -0.145927 0.917668 0.369582 0.287381 0.396793 -0.871761 0.946635 0.021003 0.321623
0.901133 -25.793312 -10.834386 -353.883690 0.137151 0.837188 -0.529439 0.955589 0.028922 0.293278 0.260842 -0.546150 -0.796041
1.316557 -28.449968 -14.513887 -367.513437 0.144915 0.857314 -0.493975 0.951508 0.016169 0.307200 0.271354 -0.514539 -0.813398
1.106389 -22.441210 -16.522154 -586.877540 0.108414 0.834883 -0.539646 0.993557 -0.109031 0.030924 -0.033020 -0.539521 -0.841324
0.626865 -19.962975 -16.634882 -534.672863 0.103722 0.815697 -0.569104 0.994259 -0.100165 0.037642 -0.026300 -0.569741 -0.821403
0.496797 -23.561287 -12.065874 -344.337236 0.130005 0.819082 -0.558752 0.958044 0.041411 0.283612 0.255440 -0.572180 -0.779333
-1.674398 -3.566879 15.070933 -81.828300 0.159373 0.985727 -0.054247 0.986691 -0.157252 0.041378 0.032257 -0.060120 -0.997670
-0.896289 -3.326009 46.011022 -77.510676 0.155453 0.987666 -0.018693 0.987697 -0.155076 0.020164 0.017017 -0.021598 -0.999622
-1.467694 -4.712296 42.990836 50.056915 0.070297 0.997045 -0.030983 -0.988892 0.065578 -0.133384 0.130958 -0.040015 -0.990580
-1.351450 -2.355324 9.258548 69.963949 0.263881 0.963514 -0.044815 -0.963447 0.265520 0.035619 -0.046218 -0.033778 -0.998360
-1.978718 -4.847552 20.623933 61.144057 0.071973 0.994668 -0.073856 -0.986038 0.059810 -0.155407 0.150161 -0.084010 -0.985086
-1.833819 -2.665215 -5.716043 -71.310810 0.317079 0.945336 -0.076161 0.947814 -0.318680 -0.009564 -0.033312 -0.069154 -0.997050
-2.119737 -3.917041 3.167484 -74.369112 0.107066 0.989582 -0.096255 0.993015 -0.101603 0.059986 0.049582 -0.102005 -0.993548
1.470549 -2.044022 172.228154 30.673575 0.802822 0.500761 0.323598 -0.579125 0.783986 0.223563 0.141745 0.366885 -0.919404
0.273730 -2.036511 120.076363 -38.454339 0.684492 0.634254 0.359434 0.710759 -0.690257 -0.135522 0.162147 0.348235 -0.923277
0.265894 -1.411196 119.659438 4.405926 0.909934 0.312862 0.272282 -0.388175 0.873637 0.293392 0.146085 0.372660 -0.916397
2.054127 -1.653701 181.540540 0.332350 0.930434 0.257089 0.261146 -0.337247 0.879521 0.335718 0.143374 0.400434 -0.905039
0.574912 -1.552948 36.322738 -6.860145 0.989734 -0.082711 0.116554 0.029410 0.915939 0.400239 0.139861 0.392703 -0.908969
-0.427876 -1.613363 -43.851918 9.360195 0.903489 -0.426237 -0.045044 0.410103 0.829141 0.379921 0.124589 0.361727 -0.923922
-1.983960 -10.391521 -62.998844 -358.126767 -0.483681 0.853180 -0.195284 -0.024723 0.209712 0.977451 -0.874895 -0.477602 0.080341
-1.277366 -11.104257 -55.057511 -331.990929 -0.510567 0.846125 -0.152949 0.023268 0.191412 0.981234 -0.859523 -0.497427 0.117417
-2.017071 -13.599827 -67.943015 -377.206201 -0.493396 0.851001 -0.179884 0.104352 0.263230 0.959073 -0.863523 -0.454431 0.218680
-2.730681 -11.938416 -38.439795 -378.019169 -0.438716 0.871619 -0.218650 0.038948 0.261531 0.964409 -0.897781 -0.414586 0.148685
-2.720939 -9.378133 -35.293284 -345.257231 -0.428409 0.864283 -0.263593 -0.069429 0.259370 0.963279 -0.900913 -0.430979 0.051110
6.446725 -12.867599 206.676347 80.257288 0.063113 0.678606 -0.731785 0.436431 0.640653 0.631737 -0.897522 0.359245 0.255731
9.940469 -13.219521 209.302494 282.416132 -0.058404 0.735128 -0.675408 0.509459 0.603777 0.613110 -0.858511 0.308284 0.409781
6.574908 -15.579437 158.901626 377.263890 0.037021 0.721757 -0.691155 0.336344 0.642278 0.688732 -0.941011 0.257964 0.218981
3.452407 -14.385117 130.642842 179.523734 0.136076 0.705674 -0.695348 0.272645 0.648099 0.711078 -0.952443 0.286344 0.104208
2.535806 -13.010552 121.508434 37.944329 0.134211 0.693022 -0.708314 0.411632 0.611207 0.676007 -0.901414 0.382291 0.203239
-14.160772 -20.157927 -817.772340 30.445903 -0.074151 0.954105 -0.290148 0.278452 -0.259568 -0.924710 0.957584 0.149360 0.246425
-13.331095 -19.587352 -535.180771 -683.245995 -0.173277 0.917652 -0.357618 0.469394 -0.242269 -0.849102 0.865820 0.314994 0.388761
-9.551972 -18.102137 -266.213686 -240.618997 -0.096451 0.920312 -0.379109 0.450816 -0.299184 -0.840984 0.887390 0.252022 0.386035
-10.972989 -16.838162 -155.100852 -333.830079 -0.187026 0.899010 -0.395983 0.567108 -0.230334 -0.790781 0.802128 0.372462 0.466757
-8.477586 -17.803741 -356.750239 311.943505 -0.030081 0.920180 -0.390339 0.304914 -0.363455 -0.880300 0.951905 0.145500 0.269642
-8.209888 -18.140937 31.638789 399.154701 -0.022941 0.924944 -0.379411 0.372695 -0.344241 -0.861740 0.927670 0.161174 0.336825
-8.628935 -18.313021 41.994317 -30.695771 -0.041506 0.916610 -0.397622 0.488242 -0.328607 -0.808478 0.871721 0.227692 0.433889
-9.151173 -17.581780 -11.077526 -285.523320 -0.097319 0.908619 -0.406128 0.573314 -0.282378 -0.769138 0.813536 0.307691 0.493443
-1.573830 -16.127899 54.216629 3.836949 -0.049530 -0.457453 -0.887853 0.852220 0.444205 -0.276412 0.520834 -0.770337 0.367849
-1.009966 -17.475713 35.341256 142.294591 -0.028722 -0.440236 -0.897422 0.927385 0.323283 -0.188269 0.373004 -0.837664 0.398983
-0.872600 -17.859292 36.841382 -73.395415 -0.056963 -0.447325 -0.892555 0.826143 0.480852 -0.293715 0.560574 -0.754109 0.342164
12.728042 -91.474948 -400.002515 351.546822 0.243233 0.369333 0.896901 0.663426 0.611214 -0.431606 -0.707604 0.700008 -0.096358
10.573458 -109.172306 45.495544 4102.800593 0.496820 0.233772 0.835776 0.730519 0.407258 -0.548163 -0.468521 0.882888 0.031559
17.818323 -201.466425 299.845619 -12016.809372 0.417523 0.216988 0.882378 0.324229 0.871571 -0.367749 -0.848852 0.439636 0.293548
11.110162 -46.995754 -56.578541 -1334.937776 0.317048 0.301847 0.899093 -0.163903 0.951176 -0.261535 -0.934140 -0.064445 0.351042
13.184171 -108.937457 -531.798447 -5108.471107 0.274302 0.418648 0.865732 0.232799 0.844576 -0.482178 -0.933040 0.333804 0.134208
0.007521 -493.355050 256.661015 19049.040743 0.072051 0.450939 0.889642 0.995067 0.028487 -0.095028 -0.068195 0.892100 -0.446662
21.217175 -1184.200251 -993.953869 -8267.614804 -0.088437 -0.485430 -0.869791 -0.432680 0.805249 -0.405416 0.897200 0.340487 -0.281250
-15.974018 -425.191254 -811.391573 -31278.353115 -0.192709 -0.411752 -0.890687 -0.200694 0.905052 -0.374971 0.960513 0.106495 -0.257048
4.488336 -609.995665 574.469703 24298.783825 -0.010381 0.499904 0.866019 0.975587 -0.184934 0.118446 0.219368 0.846106 -0.485780
-123.822772 -2827.972181 6056.245742 -854739.966541 0.104105 0.421517 0.900825 0.905420 0.334634 -0.261219 -0.411555 0.842819 -0.346813
0.825952 -4.036340 -43.102848 0.166195 0.747543 -0.638217 -0.184007 0.653633 0.756093 0.032975 -0.118081 0.144923 -0.982372
0.572865 -4.084076 45.144498 -33.544830 -0.760267 0.621784 0.188090 0.630998 0.775664 -0.013657 -0.154386 0.108302 -0.982057
1.030412 -3.442269 23.964454 -57.097169 -0.811455 0.557765 0.174471 0.566165 0.824290 -0.001965 -0.144910 0.097185 -0.984660
0.979142 -3.724043 -21.731786 -15.571636 0.760862 -0.626851 -0.167768 0.641353 0.765780 0.047396 -0.098763 0.143661 -0.984686
4.913234 -3.957278 267.997287 -100.980585 -0.523791 0.823148 0.219252 0.850669 0.518973 0.083835 -0.044777 0.230423 -0.972060
9.343021 -4.483363 374.021946 -243.589858 -0.449993 0.870772 0.198147 0.887355 0.460966 -0.010563 -0.100537 0.171074 -0.980115
10.431695 -5.919600 394.541651 -109.725014 -0.517911 0.843781 0.140717 0.854272 0.501587 0.136493 0.044588 0.190902 -0.980596
-170.568819 -367.190272 -15839.488639 16580.341818 0.715545 -0.367197 -0.594274 0.695027 0.288688 0.658481 0.070232 0.884209 -0.461781
-106.976186 -363.644589 6648.229834 22341.588020 -0.100119 0.507675 0.855711 0.750837 -0.525762 0.399772 0.652855 0.682524 -0.328543
-190.478171 -617.392797 13801.555687 50499.556641 -0.462325 0.531384 0.709849 0.886686 0.271098 0.374558 0.006596 0.802581 -0.596506
0.836469 -13.482663 90.869341 -749.768051 -0.114668 -0.942197 0.314826 0.957947 -0.188790 -0.216093 0.263039 0.276807 0.924223
0.658276 -12.242452 -67.026397 -173.392112 0.121384 0.947779 -0.294926 0.956340 -0.191248 -0.220992 0.265856 0.255224 0.929613
1.942489 -13.519961 -95.599019 494.022690 0.168611 0.919585 -0.354872 0.935640 -0.262576 -0.235865 0.310079 0.292263 0.904673
-0.135285 -3.461726 -55.950705 -62.881777 -0.048802 0.957231 -0.285181 -0.741465 -0.226023 -0.631778 0.669215 -0.180619 -0.720783
-0.958521 -3.392186 -32.458430 -48.622719 -0.008264 0.972114 -0.234364 -0.744990 -0.162323 -0.647025 0.667025 -0.169252 -0.725556
-0.295741 -2.668910 -46.385652 -23.291522 -0.093772 0.939888 -0.328356 -0.709102 -0.294556 -0.640633 0.698843 -0.172764 -0.694097
-0.973066 -4.377647 -24.114517 -70.853158 -0.001853 0.975749 -0.218884 -0.781904 -0.137866 -0.607964 0.623397 -0.170019 -0.763197
0.790132 -3.001028 -77.443876 -60.440020 -0.064868 0.950070 -0.305219 -0.729883 -0.253747 -0.634730 0.680487 -0.181601 -0.709901
-0.052760 -4.564847 -58.092064 -87.632643 -0.048173 0.959155 -0.278748 -0.778477 -0.210906 -0.591179 0.625822 -0.188520 -0.756840
0.962164 -4.297478 -90.322441 -94.864262 -0.065693 0.948907 -0.308642 -0.760901 -0.247740 -0.599712 0.645534 -0.195450 -0.738299
-7.996402 -12.056796 90.568106 -139.035459 -0.251999 0.934871 0.250027 0.950477 0.190539 0.245536 0.181904 0.299519 -0.936589
-5.137553 -9.546519 -66.022198 -46.864342 -0.599482 0.772409 0.209777 0.797983 0.556482 0.231413 0.062008 0.306126 -0.949969
-6.083138 -10.976661 -22.951721 -96.275369 -0.435244 0.859518 0.267940 0.887762 0.360210 0.286580 0.149806 0.362599 -0.919826
2.447495 -9.985267 33.131859 147.793853 0.012507 0.963021 -0.269135 -0.185099 0.266734 0.945828 -0.982640 -0.037987 -0.181591
1.365564 -11.779336 28.683955 180.931158 0.017138 0.957624 -0.287511 -0.327755 0.277045 0.903229 -0.944607 -0.078754 -0.318614
1.529217 -11.764247 -30.166365 142.316260 0.048682 0.922901 -0.381948 -0.295817 0.378567 0.877029 -0.954003 -0.070291 -0.291439
0.402320 -13.861373 -32.548925 153.543798 0.027514 0.933239 -0.358200 -0.459843 0.329986 0.824411 -0.887574 -0.142033 -0.438223
1.008653 -13.416685 -50.367867 118.198658 0.079206 0.905035 -0.417898 -0.432421 0.408913 0.803618 -0.898186 -0.117057 -0.423744
-0.637851 -4.524101 40.285060 29.859895 -0.348704 0.931411 -0.104301 -0.579698 -0.126896 0.804890 -0.736448 -0.341132 -0.584186
-0.775005 -4.901435 32.040690 40.724830 -0.394399 0.917418 -0.052847 -0.608473 -0.217622 0.763152 -0.688629 -0.333143 -0.644054
-2.120948 -6.433267 -13.770435 -36.953945 0.581062 -0.687520 0.435526 0.791264 0.602456 -0.104637 -0.190445 0.405417 0.894074
-1.584181 -6.005091 -31.288279 -96.956945 0.624437 -0.659658 0.418245 0.730627 0.682629 -0.014175 -0.276155 0.314432 0.908224
-0.366123 -7.369765 16.271438 -12.996120 -0.037786 0.841749 0.538545 0.707899 -0.357832 0.608963 -0.705303 -0.404246 0.582352
0.139180 -7.723536 32.383419 -20.716612 0.002018 0.829384 0.558675 0.819686 -0.321388 0.474158 -0.572810 -0.456981 0.680483
0.290733 -7.112200 59.690847 -4.880744 0.028599 0.840213 0.541503 0.706874 -0.400026 0.583360 -0.706761 -0.366090 0.605364
-0.641610 -7.872095 -16.335470 -2.916874 -0.056538 0.814707 0.577111 0.829415 -0.283439 0.481386 -0.555764 -0.505881 0.659705
-0.205068 -7.045710 22.544151 -6.575356 -0.032472 0.842950 0.537011 0.569839 -0.425799 0.702836 -0.821114 -0.328832 0.466519
-0.495707 -7.145018 0.884837 -22.138802 -0.060464 0.837215 0.543522 0.557237 -0.423457 0.714263 -0.828149 -0.346057 0.440923
-0.574799 -7.386967 -8.600643 -11.535179 -0.059933 0.827765 0.557864 0.710356 -0.357264 0.606429 -0.701286 -0.432628 0.566596
0.877906 -6.659800 -26.090254 42.936435 0.223809 0.828714 0.512974 -0.339544 0.559649 -0.755978 0.913575 0.004983 -0.406639
0.569177 -6.524729 -20.051896 43.855449 0.227180 0.839116 0.494240 -0.379549 0.543670 -0.748576 0.896846 0.017527 -0.441996
-2.004948 -21.525388 -98.540068 488.563994 0.221527 0.700477 -0.678422 0.877609 0.160085 0.451858 0.425121 -0.695489 -0.579282
-1.326843 -8.679495 -2.022781 23.638636 0.102005 0.938872 0.328807 -0.253822 0.344154 -0.903954 0.961857 -0.008750 -0.273412
-1.206566 -9.169308 1.541388 -36.866263 0.073254 0.933450 0.351149 -0.409989 0.349153 -0.842616 0.909144 0.082242 -0.408281
-1.173270 -8.930137 12.591740 10.238662 0.063079 0.934023 0.351600 -0.277666 0.354816 -0.892753 0.958605 0.041313 -0.281728
0.326597 -7.573878 -0.327284 27.002967 -0.059662 0.815993 0.574975 -0.326695 -0.560241 0.761184 -0.943245 0.142427 -0.300006
0.245651 -8.381403 8.518391 49.074024 -0.062521 0.800287 0.596348 -0.482418 -0.547311 0.683903 -0.873707 0.244931 -0.420292
0.134163 -8.170190 15.560364 44.081275 -0.033924 0.810425 0.584860 -0.461787 -0.531693 0.709968 -0.886342 0.245996 -0.392281
5.784182 -14.331105 -76.730677 -252.172636 0.346347 0.755643 -0.555920 -0.060383 0.609327 0.790617 -0.936161 0.240259 -0.256666
-1.411411 -18.438638 38.911524 -212.720080 -0.157166 0.928945 -0.335202 -0.843583 -0.302762 -0.443513 0.513485 -0.213066 -0.831225
-1.647606 -20.535768 34.603908 -190.535392 -0.143800 0.931572 -0.333910 -0.929456 -0.242982 -0.277618 0.339755 -0.270433 -0.900796
-0.746667 -20.872520 32.839714 -241.855222 -0.127823 0.940960 -0.313457 -0.933107 -0.221202 -0.283516 0.336114 -0.256249 -0.906291
78.068988 -1.422202 15061.633401 100.068162 0.113707 0.965722 0.233350 0.092627 0.223546 -0.970282 0.989187 -0.131942 0.064033
3.842472 -20.303718 -115.139388 -342.114323 -0.232994 0.864304 -0.445749 -0.692684 -0.469218 -0.547743 0.682571 -0.181143 -0.708015
1.778587 -18.720353 -107.722340 -354.522377 -0.247303 0.830868 -0.498497 -0.652218 -0.523216 -0.548505 0.716557 -0.189482 -0.671300
1.917349 -17.359326 -69.018893 -276.302887 -0.215530 0.870664 -0.442143 -0.560520 -0.481070 -0.674084 0.799602 -0.102545 -0.591710
0.565577 -14.812961 -50.269680 -249.970623 -0.208574 0.864630 -0.457068 -0.536992 -0.491843 -0.685368 0.817396 -0.102492 -0.566885
0.068693 -16.877217 -75.338956 -377.587893 -0.239259 0.832479 -0.499734 -0.619756 -0.527135 -0.581404 0.747434 -0.170607 -0.642056
0.548505 -20.953272 88.321672 -68.098422 0.106944 0.991614 0.072560 -0.778458 0.128907 -0.614318 0.618520 -0.009213 -0.785715
1.482105 -46.404295 -60.833236 624.383311 0.286157 0.856648 0.429265 -0.688606 -0.127665 0.713809 -0.666285 0.499856 -0.553360
1.005620 -66.403779 -100.894106 3129.715795 0.323746 0.841002 0.433478 -0.457334 -0.261978 0.849832 -0.828272 0.473374 -0.299805
0.747855 -42.515658 -4.800781 963.239341 0.274152 0.858912 0.432563 -0.379610 -0.316619 0.869280 -0.883593 0.402521 -0.239250
4.706106 -37.432899 -732.771562 393.017006 0.823344 0.263258 0.502791 0.161279 0.740859 -0.652010 0.544144 -0.617919 -0.567524
2.036911 -85.503897 124.872811 -5237.204148 -0.746036 -0.501668 -0.437905 0.056127 0.607896 -0.792031 0.663537 -0.615461 -0.425355
-4.489917 -28.581833 -77.765385 -1625.506688 -0.662584 -0.578254 -0.476029 -0.017331 0.647230 -0.762097 0.748787 -0.496704 -0.438866
-3.414169 -9.307898 -136.354102 615.039782 -0.212876 0.479213 -0.851492 0.561358 0.773267 0.294847 0.799725 -0.415226 -0.433621
3.795992 -13.895076 284.285532 561.160331 -0.566632 -0.023700 -0.823630 0.384552 0.876440 -0.289780 0.728730 -0.480927 -0.487506
-159.010422 -316.757317 -8615.048674 21452.809919 -0.208291 -0.310962 -0.927317 0.851731 -0.523744 -0.015683 -0.480800 -0.793092 0.373948
15.544030 -511.496219 4470.765422 25310.010338 0.437300 0.234159 0.868296 -0.546471 0.835998 0.049770 -0.714240 -0.496263 0.493543
6.267492 -4.154411 -466.763689 4.860545 0.036438 0.861305 -0.506780 -0.883134 0.265092 0.387042 -0.467704 -0.433451 -0.770307
9.446287 -3.474756 -235.039256 2.282527 0.132420 0.901340 -0.412373 -0.854769 0.314478 0.412884 -0.501831 -0.297810 -0.812081
-1.575358 -5.855720 207.396135 -161.434527 0.570165 0.819145 -0.062557 0.657607 -0.409433 0.632390 -0.492406 0.401705 0.772120
-2.924326 -7.032826 179.093284 -174.895148 0.528188 0.846812 -0.062670 0.691459 -0.386102 0.610581 -0.492850 0.365835 0.789470
-0.827238 -6.993184 211.419490 -228.090863 0.636025 0.771646 -0.005862 0.629886 -0.514763 0.581603 -0.445774 0.373607 0.813452
-1.261913 -4.626796 -49.314610 -23.456156 -0.283744 0.934961 -0.212923 0.512841 0.335588 0.790174 -0.810237 -0.115012 0.574708
-2.331027 -5.067695 -73.576009 -18.508725 -0.271769 0.932833 -0.236567 0.533767 0.350653 0.769503 -0.800771 -0.082855 0.593212
-1.725238 -4.546520 -65.010382 -5.974965 -0.219311 0.969292 -0.111242 0.479519 0.206382 0.852917 -0.849685 -0.133712 0.510056
-1.784681 -5.230065 -56.173730 -22.923702 -0.324483 0.899571 -0.292374 0.574391 0.432976 0.694699 -0.751522 -0.057481 0.657199
-0.663210 -4.059734 -43.348262 -10.514668 -0.233402 0.966287 -0.108688 0.466312 0.209312 0.859501 -0.853274 -0.149927 0.499445
-0.509987 -4.235073 -24.637886 -24.661635 -0.266601 0.948396 -0.171663 0.505960 0.289311 0.812591 -0.820322 -0.129783 0.556981
-1.014209 -4.877923 -25.322715 -28.313551 -0.310810 0.916602 -0.251472 0.559315 0.390298 0.731324 -0.768482 -0.086651 0.633977
-6.863158 -9.388498 -53.852376 1.013944 -0.259079 0.900121 0.350229 -0.530243 0.170529 -0.830519 0.807292 0.400877 -0.433103
-7.294356 -8.701478 77.821031 -72.280684 -0.170919 0.901663 0.397229 -0.543970 0.249794 -0.801061 0.821513 0.352997 -0.447783
-6.533121 -9.293602 -27.483038 -51.391061 -0.166493 0.873908 0.456689 -0.662215 0.244063 -0.708452 0.730583 0.420378 -0.538081
-347.363583 -1115.649899 28216.144276 -58732.953421 -0.527429 0.628851 0.571284 0.807964 0.579175 0.108403 -0.262704 0.518752 -0.813562
-233.471685 -492.972803 22476.876830 15666.907000 -0.245464 0.572078 0.782607 0.710394 -0.443162 0.546761 0.659612 0.690170 -0.297621
-198.420486 -649.542663 -18645.279044 -49047.468635 -0.396672 -0.563019 -0.725025 -0.589088 0.761864 -0.269328 0.704008 0.320269 -0.633878
-5.946076 -128.814094 269.374998 -2991.225105 0.105354 -0.261912 -0.959324 -0.276478 0.918944 -0.281250 0.955228 0.294863 0.024402
-12.432729 -188.087883 199.510357 -8784.034144 0.259499 -0.301396 -0.917508 -0.201464 0.912257 -0.356652 0.944496 0.277395 0.176009
12.180586 -793.459803 -189.526263 -92682.229997 0.097797 -0.201800 -0.974532 0.193690 0.964361 -0.180257 0.976176 -0.171129 0.133398
-3.197291 -110.490847 319.605685 -2475.162856 -0.028717 -0.120371 -0.992314 0.334889 0.934194 -0.123012 0.941820 -0.335847 0.013484
2.340700 -483.725863 -1050.020994 39130.468125 0.046008 -0.276716 -0.959850 -0.534227 0.805101 -0.257710 0.844088 0.524634 -0.110788
-2.700040 -142.671345 124.600657 6537.025045 0.092067 0.873485 -0.478067 0.796256 -0.352868 -0.491387 0.597914 0.335424 0.728004
-0.695814 -38.532798 43.683049 1562.903313 0.018849 0.896627 -0.442385 0.606600 -0.361981 -0.707818 0.794783 0.255010 0.550717
4.052927 -234.420659 -120.588656 11370.469945 0.041998 0.908656 -0.415429 0.791770 -0.283868 -0.540851 0.609374 0.306210 0.731368
-1.617742 -92.752842 -62.767130 4648.885770 -0.137667 -0.900070 0.413427 0.961983 -0.220903 -0.160596 0.235875 0.375601 0.896263
-4.760044 -9.367499 47.346438 -135.455768 0.019175 -0.621211 -0.783409 0.599963 0.633948 -0.488010 0.799798 -0.460659 0.384859
-8.205339 -8.697649 4.720975 31.616389 -0.448082 -0.714651 0.537119 0.883357 -0.446332 0.143070 0.137488 0.538575 0.831285
-8.042928 -9.304236 28.851810 9.665772 -0.161735 -0.859263 0.485292 0.983150 -0.097851 0.154403 -0.085187 0.502087 0.860611
-8.143028 -9.497907 33.687287 -6.490309 -0.058783 -0.822729 0.565387 0.974467 0.075654 0.211403 -0.216701 0.563378 0.797274
13.180375 -9.245175 -331.663570 -36.429636 -0.352503 0.779036 -0.518502 -0.634234 -0.606289 -0.479751 0.688106 -0.159738 -0.707810
8.849934 -10.938613 -177.996670 -117.885703 -0.285839 0.807422 -0.516106 -0.709494 -0.540338 -0.452387 0.644139 -0.236864 -0.727311
7.013937 -12.473755 -151.723098 -166.653544 -0.205268 0.820242 -0.533918 -0.715911 -0.497815 -0.489543 0.667336 -0.281750 -0.689405
-0.594825 -4.194448 9.582526 -111.537676 0.927190 -0.374505 0.008057 0.352249 0.879003 0.321363 0.127435 0.295127 -0.946922
-0.177277 -3.161203 47.950547 -82.246232 0.834158 -0.550997 -0.024127 0.534925 0.797626 0.278653 0.134292 0.245347 -0.960089
0.845308 -4.029096 -114.992428 -13.710834 0.750885 -0.648419 -0.125398 0.652960 0.700402 0.288237 0.099069 0.298313 -0.949313
-0.671943 -3.466626 58.373682 -125.091261 0.956705 -0.283027 0.067900 0.250503 0.919465 0.303037 0.148199 0.272908 -0.950557
1.312150 -4.502612 -181.424756 -30.989001 0.880509 -0.464339 -0.095353 0.463507 0.801219 0.378430 0.099321 0.377408 -0.920706
-0.443232 -4.777432 -4.467077 -123.612217 0.979659 -0.180169 0.088363 0.138060 0.924696 0.354790 0.145631 0.335374 -0.930761
-0.628545 -6.840609 -18.559088 -57.698722 -0.232747 0.915322 0.328654 -0.000263 0.337876 -0.941191 0.972537 0.219146 0.078399
-0.573131 -7.935438 -27.629026 -60.648792 -0.223341 0.918751 0.325600 -0.157535 0.295624 -0.942226 0.961926 0.261731 -0.078710
-0.908708 -7.117875 12.461811 -40.519443 -0.269111 0.907888 0.321431 -0.062899 0.316463 -0.946517 0.961053 0.274936 0.028058
-0.447695 -7.798849 -42.376405 -61.796487 -0.189891 0.925864 0.326675 -0.103818 0.311928 -0.944417 0.976301 0.213251 -0.036889
-0.386045 -6.576906 -27.282938 -51.389939 -0.210497 0.923015 0.322078 0.047266 0.338684 -0.939712 0.976451 0.182584 0.114919
