12947
25883
-9.223850 -11.614339 76.637888 -221.400651 0.517380 -0.837147 0.177488 0.855427 0.511682 -0.080162 -0.023710 0.193302 0.980853
-8.742209 -12.364196 70.872103 -181.319591 0.352341 -0.920338 0.169806 0.933498 0.332702 -0.133754 0.066604 0.205641 0.976358
-10.838365 -14.410796 160.215101 178.130521 0.728292 -0.679985 0.084918 -0.668923 -0.678539 0.303524 0.148772 0.277858 0.949032
-8.037847 -11.031591 -5.100671 -170.976081 0.121014 -0.986790 0.107706 0.992423 0.117947 -0.034429 0.021270 0.111057 0.993586
-8.371574 -16.036976 -132.770020 490.915876 0.893466 -0.425413 0.144022 -0.448094 -0.866106 0.221524 -0.030499 0.262460 0.964461
-7.914918 -10.781477 -116.756731 271.468609 0.755538 -0.616685 0.221047 -0.639283 -0.767760 0.043140 -0.143108 0.173906 0.974309
-7.411350 -9.919369 12.053649 -134.355157 -0.023754 -0.994307 0.103873 0.996927 -0.015801 0.076720 -0.074642 0.105377 0.991627
-7.075942 -10.425395 463.480909 944.121385 -0.258611 0.862678 -0.434634 0.806588 0.440430 0.394256 -0.531542 0.248611 0.809726
6.013283 -6.200221 -333.710262 405.514303 0.341109 0.929628 0.139414 0.765672 -0.360807 0.532508 -0.545336 0.074898 0.834865
-4.369168 -76.975373 -93.896382 4552.200586 -0.247712 0.944563 -0.215497 0.889042 0.310012 0.336894 -0.385025 0.108133 0.916550
-18.665384 -224.792437 -1872.096675 18331.383506 0.077419 -0.903207 0.422165 0.953849 0.190324 0.232270 -0.290136 0.384700 0.876258
-16.346238 -438.454859 -1624.525641 31738.100948 0.187980 -0.796320 0.574925 0.906974 0.365373 0.209525 -0.376911 0.482055 0.790924
-0.343582 -4.391063 -16.376937 42.579508 0.782076 -0.592043 -0.194531 0.559542 0.804545 -0.199049 0.274355 0.046823 0.960488
-0.117357 -4.070271 2.255284 6.824799 -0.657756 0.736213 0.159207 0.682878 0.672043 -0.286419 0.317859 0.079676 0.944784
-0.832389 -3.811513 -77.953196 26.139288 0.795459 -0.574485 -0.192904 0.540359 0.816491 -0.203359 0.274331 0.057526 0.959913
-0.853107 -4.405324 -90.476195 111.935457 0.856018 -0.471243 -0.212516 0.446843 0.881226 -0.154181 0.259931 0.037020 0.964917
-0.192295 -3.432294 -53.017996 37.450562 0.780845 -0.593662 -0.194541 0.561222 0.803387 -0.198995 0.274428 0.046204 0.960497
2.698472 -9.027910 263.958043 31.292376 -0.387421 0.848902 -0.359543 0.123233 0.434187 0.892354 -0.913629 -0.301409 0.272826
0.804656 -9.452580 267.980782 37.110189 -0.374756 0.857838 -0.351669 -0.008650 0.376061 0.926555 -0.927083 -0.350274 0.133510
-0.326378 -8.928787 350.896712 39.305812 -0.366955 0.853169 -0.370737 0.120675 0.438832 0.890429 -0.922378 -0.282009 0.263988
-2.053482 -8.582276 283.684006 16.576522 -0.385305 0.841585 -0.378516 0.199993 0.476595 0.856072 -0.900857 -0.254149 0.351946
0.443481 -8.652861 363.020245 24.084969 -0.364542 0.849761 -0.380808 0.218424 0.475571 0.852129 -0.905207 -0.227459 0.358974
-0.681116 -11.304858 -30.404390 -66.920365 -0.536226 0.703855 -0.465887 -0.065333 -0.584904 -0.808467 0.841543 0.403083 -0.359625
0.600168 -10.340343 -105.723209 -84.897448 -0.510933 0.705513 -0.491121 -0.005124 -0.573812 -0.818971 0.859605 0.415922 -0.296794
2.587083 -10.569803 -167.333396 -81.758506 -0.498712 0.766251 -0.405149 -0.201019 -0.556929 -0.805867 0.843136 0.320453 -0.431778
-1.003137 -10.863440 -19.746057 -42.847996 -0.537103 0.662038 -0.522711 0.108107 -0.560543 -0.821038 0.836560 0.497491 -0.229498
-1.231879 -11.622681 23.192490 -36.467347 -0.571862 0.658184 -0.489661 0.053410 -0.565754 -0.822843 0.818610 0.496705 -0.288379
0.512716 -16.455444 -40.281817 370.542906 -0.376593 0.686249 -0.622286 -0.095107 0.639550 0.762844 -0.921484 -0.346465 0.175583
0.665691 -18.852852 -60.024794 304.060904 -0.400055 0.690806 -0.602282 -0.283366 0.531728 0.798103 -0.871585 -0.489951 0.016969
0.897093 -16.004466 -77.430973 228.843116 -0.383741 0.694283 -0.608863 -0.149797 0.603807 0.782929 -0.911210 -0.391648 0.127704
0.798357 -12.775256 -27.534235 131.892525 -0.337895 0.699005 -0.630253 0.017290 0.674135 0.738405 -0.941025 -0.238606 0.239873
1.200673 -13.156518 -38.064336 -2.160690 -0.331021 0.703809 -0.628553 -0.049714 0.652173 0.756439 -0.942313 -0.281645 0.180893
1.451106 -14.965168 -69.730652 105.757897 -0.379050 0.713772 -0.588940 -0.194724 0.560660 0.804825 -0.904657 -0.419750 0.073530
0.252058 -27.329159 -0.005882 119.667945 -0.274738 0.879741 -0.388040 0.959470 0.277169 -0.050937 0.062741 -0.386307 -0.920234
0.081272 -26.910533 -0.521946 -28.276642 -0.246837 0.885911 -0.392727 0.956876 0.158766 -0.243273 -0.153167 -0.435839 -0.886896
0.313055 -29.654856 8.934775 -14.184504 -0.259291 0.883612 -0.389870 0.964790 0.255426 -0.062750 0.044136 -0.392413 -0.918729
0.425780 -28.549259 -0.783385 37.548454 -0.312558 0.866694 -0.388778 0.915914 0.383475 0.118525 0.251812 -0.319041 -0.913676
0.520299 -24.680352 -5.094168 35.127658 -0.341929 0.858792 -0.381524 0.906664 0.408231 0.106339 0.247073 -0.309554 -0.918222
-0.476044 -7.472597 -20.869666 104.635883 -0.351333 0.887767 -0.297381 -0.819808 -0.138295 0.555688 -0.452195 -0.439026 -0.776386
-0.462859 -8.825042 4.992556 -92.467671 -0.375194 0.887928 -0.266107 0.855512 0.221192 -0.468159 -0.356831 -0.403308 -0.842623
-0.404429 -8.327796 -13.678807 -100.877795 -0.387388 0.879572 -0.276195 0.845419 0.219442 -0.486941 -0.367690 -0.422136 -0.828616
-0.126291 -6.876159 -43.202850 101.498229 -0.340349 0.884241 -0.319812 -0.819235 -0.111908 0.562432 -0.461536 -0.453425 -0.762490
7.358197 -19.089288 49.395663 -485.617501 0.951891 -0.093725 0.291751 0.123278 -0.754511 -0.644605 -0.280545 -0.649560 0.706658
7.733351 -16.663438 -36.856813 -341.290937 0.938507 -0.120002 0.323736 0.077793 -0.840046 -0.536908 -0.336383 -0.529077 0.779054
6.996184 -16.376437 130.307231 -336.561193 0.975712 -0.048806 0.213552 0.078933 -0.831046 -0.550574 -0.204343 -0.554058 0.807009
6.291998 -18.994898 141.847490 -446.318326 0.977779 -0.024185 0.208239 0.120003 -0.749911 -0.650564 -0.171894 -0.661097 0.730345
3.055052 -19.561668 -19.213248 -200.128617 -0.497105 0.823217 -0.274227 0.791682 0.559667 0.244973 -0.355142 0.095323 0.929940
2.616288 -20.396851 -34.423077 -287.463831 -0.530460 0.814018 -0.236615 0.774333 0.578881 0.255550 -0.344994 0.047660 0.937394
3.267207 -19.002459 -10.813237 -40.829474 -0.492755 0.824586 -0.277940 0.719140 0.565736 0.403462 -0.489930 0.001070 0.871761
3.450184 -18.941572 -8.548923 -1.172635 -0.466393 0.828195 -0.310759 0.749107 0.556626 0.359174 -0.470443 0.065275 0.880013
3.143734 -19.908556 18.946331 153.492852 -0.470282 0.820446 -0.325121 0.649119 0.571168 0.502406 -0.597895 -0.025230 0.801177
3.117402 -19.647052 -8.096025 174.326212 -0.499457 0.819680 -0.280478 0.624110 0.564970 0.539717 -0.600858 -0.094516 0.793749
2.797554 -10.490044 -77.594023 110.540505 -0.508265 0.522530 -0.684565 0.445681 -0.520580 -0.728262 0.736909 0.675247 -0.031711
2.550912 -10.931925 103.171286 46.400261 0.504287 -0.542732 0.671667 0.520824 -0.429256 -0.737890 0.688794 0.721928 0.066199
3.064667 -11.459944 94.093109 47.449840 0.521352 -0.524731 0.672940 0.546078 -0.400830 -0.735618 0.655737 0.750994 0.077570
23.962285 -36.972277 -1765.382030 2413.535464 -0.501777 0.825378 -0.258787 0.054558 -0.268381 -0.961767 0.863275 0.496711 -0.089636
71.802117 -57.250972 -7894.349683 1136.104303 -0.580538 0.810318 -0.079745 0.187423 0.037679 -0.981556 0.792369 0.584777 0.173746
55.277177 -36.468815 -3920.439366 3944.575795 -0.558029 0.820227 -0.125821 -0.044262 -0.180830 -0.982518 0.828640 0.542705 -0.137214
-1.731128 -28.909035 22.442896 106.428189 -0.258646 0.873724 0.411957 -0.435465 -0.486140 0.757653 -0.862249 -0.016571 -0.506214
-1.614830 -28.321893 -15.981260 -44.382416 -0.259302 0.896653 0.358855 -0.229620 -0.418145 0.878880 -0.938103 -0.145495 -0.314315
-1.591799 -31.439918 82.781318 202.462334 -0.213310 0.884895 0.414077 -0.353485 -0.465021 0.811667 -0.910795 -0.026767 -0.411991
-1.736820 -33.791355 100.912510 569.989196 -0.260213 0.851350 0.455512 -0.591270 -0.513464 0.621896 -0.763340 0.107505 -0.636988
-1.878829 -30.916934 -9.763431 307.922848 -0.297074 0.859298 0.416359 -0.572913 -0.509242 0.642217 -0.763883 0.047751 -0.643586
-1.827869 -8.325171 25.306360 135.065082 0.708534 -0.602599 0.367224 0.528172 0.797957 0.290342 -0.467989 -0.011760 0.883656
-2.175149 -9.639837 60.239121 92.743921 0.667924 -0.673985 0.315628 0.525447 0.727405 0.441347 -0.527051 -0.128941 0.839995
-0.930493 -7.916121 101.244037 79.685893 0.738227 -0.580634 0.343344 0.492502 0.811756 0.313838 -0.460937 -0.062586 0.885223
-0.565574 -6.532640 77.195113 101.730867 0.779732 -0.501199 0.375257 0.469112 0.864597 0.180018 -0.414671 0.035672 0.909272
-1.248022 -6.453395 4.390158 141.471194 0.744147 -0.538287 0.395591 0.520239 0.838460 0.162284 -0.419043 0.085039 0.903975
-1.023459 -29.151367 6.863140 1108.268267 -0.317681 0.916848 0.241804 0.804320 0.395617 -0.443346 0.502143 -0.053645 0.863119
0.334951 -23.734003 -113.901416 583.847638 -0.294475 0.903140 0.312445 0.690655 0.427092 -0.583599 0.660514 -0.043937 0.749527
-0.999971 -26.037770 -27.114777 1020.653032 -0.311635 0.912918 0.263560 0.708883 0.408072 -0.575293 0.632747 -0.007551 0.774321
-1.250764 -38.165137 -118.201251 1553.056042 -0.403832 0.902390 0.150371 0.472091 0.064766 0.879167 -0.783613 -0.426025 0.452165
-3.584031 -119.761785 -72.807754 6896.632837 -0.428176 0.897149 0.108580 0.228877 -0.008576 0.973417 -0.874231 -0.441646 0.201665
0.304679 -42.837573 -28.813436 1533.566829 -0.383159 0.916492 0.115031 0.433711 0.068557 0.898440 -0.815527 -0.394135 0.423761
0.191555 -26.465190 -67.821709 -167.446097 -0.336031 0.913780 0.228232 0.626697 0.036034 0.778429 -0.703088 -0.404609 0.584772
-1.255648 -22.483839 -153.739731 -187.802776 -0.356405 0.905434 0.230574 0.585589 0.024171 0.810248 -0.728053 -0.423798 0.538827
-7.103995 -17.541440 -30.827965 179.268654 0.776743 -0.616362 0.129493 0.566860 0.773766 0.282765 -0.274483 -0.146231 0.950408
-7.410114 -19.126367 -60.516613 81.998356 0.778822 -0.611631 0.139084 0.482034 0.725501 0.491215 -0.401347 -0.315526 0.859863
-7.755864 -17.810558 -60.834837 216.326327 0.803965 -0.591523 0.061170 0.550364 0.779073 0.300242 -0.225256 -0.207718 0.951900
-8.815999 -18.416704 -109.166698 -224.058716 0.835852 -0.548946 -0.002963 -0.520948 -0.791495 -0.319607 -0.173102 -0.268687 0.947546
-8.388106 -15.459999 -106.528297 -304.413007 0.831980 -0.554632 0.013860 -0.550510 -0.828385 -0.103525 -0.068900 -0.078501 0.994530
-1.734465 -7.531722 57.862351 85.469488 -0.200382 0.727060 -0.656681 -0.663698 0.392303 0.636870 -0.720661 -0.563455 -0.403938
-1.038020 -6.903353 40.678423 92.459028 -0.239776 0.766708 -0.595538 -0.620755 0.350569 0.701259 -0.746438 -0.537828 -0.391880
-1.721467 -8.263078 35.669249 66.447238 -0.195940 0.732594 -0.651854 -0.730250 0.334649 0.595605 -0.654479 -0.592719 -0.469406
-2.180679 -8.576010 41.229836 -46.587724 -0.188511 0.702492 -0.686272 0.768192 -0.329880 -0.548690 -0.611837 -0.630623 -0.477463
-2.081396 -8.919076 19.773274 -20.701433 -0.189779 0.712370 -0.675657 0.824362 -0.258180 -0.503756 -0.533302 -0.652589 -0.538254
-1.869578 -8.775041 12.029667 -43.817133 -0.200027 0.739715 -0.642504 0.790486 -0.265608 -0.551891 -0.578896 -0.618284 -0.531606
-0.850555 -24.612750 -115.564264 810.833560 -0.317881 0.933163 -0.167801 0.079493 -0.150127 -0.985466 0.944792 0.326600 0.026458
0.666095 -24.122876 -241.101058 1014.644092 -0.243238 0.954121 -0.174611 0.105532 -0.152917 -0.982588 0.964209 0.257429 0.063495
-1.104555 -21.326308 -268.453396 1246.427416 -0.278753 0.941112 -0.191326 -0.140788 -0.237115 -0.961226 0.949987 0.241009 -0.198594
0.093048 -34.316837 -190.266710 1014.041877 -0.237362 0.958062 -0.160548 0.372481 -0.062877 -0.925907 0.897172 0.279576 0.341936
-1.423540 -16.171162 -83.243245 793.799314 -0.346135 0.920421 -0.181703 -0.167006 -0.251031 -0.953463 0.923201 0.299681 -0.240607
-1.896654 -20.355427 87.552903 590.686006 -0.431403 0.895372 -0.110458 0.071027 -0.088348 -0.993554 0.899359 0.436468 0.025482
-1.014210 -28.955440 -0.171417 387.255458 -0.352121 0.923611 -0.151508 0.356036 -0.017527 -0.934308 0.865592 0.382931 0.322667
2.426581 -14.048721 -0.392811 112.430083 0.628089 -0.527453 -0.572099 0.749458 0.212273 0.627099 -0.209324 -0.822638 0.528631
3.937813 -204.319497 431.730848 15470.172637 0.344044 -0.527919 -0.776489 0.907387 -0.025694 0.419511 -0.241419 -0.848906 0.470187
2.494130 -15.841253 -45.588874 -19.895871 0.592730 -0.573673 -0.565306 0.759576 0.164788 0.629198 -0.267799 -0.802337 0.533423
3.595664 -16.959005 21.211375 -266.249136 0.597976 -0.611502 -0.518160 0.726879 0.141320 0.672068 -0.337744 -0.778520 0.528995
3.263259 -27.959099 35.666970 -1086.082445 0.465489 -0.648199 -0.602626 0.854931 0.153184 0.495609 -0.228940 -0.745904 0.625471
-9.906762 -13.915899 2.647330 16.557732 -0.136820 0.987216 0.081765 0.270908 0.116685 -0.955507 0.952832 0.108582 0.283410
-9.420922 -13.052578 -10.455103 41.723129 -0.113104 0.988394 0.101416 0.143049 0.117207 -0.982751 0.983232 0.096646 0.154645
-8.765595 -13.476070 81.012666 -13.902083 -0.241517 0.968648 -0.058225 0.153586 -0.021089 -0.987910 0.958165 0.247540 0.143677
-9.413840 -13.884276 54.424070 -59.314072 -0.304493 0.929508 -0.208085 0.335993 -0.099602 -0.936583 0.891287 0.355098 0.281980
-9.460920 -13.792209 90.945463 -4.557492 -0.229086 0.970022 -0.081103 0.323438 -0.002730 -0.946245 0.918100 0.243004 0.313117
-8.918535 -12.458683 -23.313516 39.416313 -0.120859 0.984839 0.124440 0.002407 0.125650 -0.992072 0.992667 0.119601 0.017556
3.829181 -15.928690 -137.967567 260.240544 -0.629521 0.730139 0.265707 -0.083698 0.276258 -0.957432 0.772462 0.624962 0.112799
13.954751 -15.925889 -781.952718 55.177333 -0.602050 0.649883 0.463884 -0.164076 0.467880 -0.868428 0.781418 0.598949 0.175057
24.538076 -15.433734 -1747.417239 312.496599 -0.546223 0.676900 0.493404 -0.326667 0.370259 -0.869596 0.771316 0.636172 -0.018877
4.116861 -12.931957 -141.482053 445.081284 -0.621214 0.748556 0.231855 -0.183625 0.148584 -0.971702 0.761823 0.646210 -0.045151
5.000976 -16.515483 -394.132707 -340.976901 0.859424 0.479673 -0.176930 0.148818 -0.565784 -0.811013 0.489125 -0.670674 0.557632
8.775699 -14.908548 -486.145508 -384.513906 0.851009 0.477091 -0.219472 0.155021 -0.627519 -0.763013 0.501749 -0.615308 0.607983
5.891382 -18.316744 -277.606838 -273.911839 0.836058 0.493211 -0.240312 0.027231 -0.474778 -0.879684 0.547965 -0.728923 0.410373
1.866139 -18.504015 -292.723158 -169.017482 0.860129 0.485056 -0.157791 0.053987 -0.394182 -0.917445 0.507211 -0.780603 0.365234
4.658477 -11.660715 -110.844643 -9.780744 -0.203954 0.976950 0.063022 -0.857756 -0.209357 0.469494 -0.471866 -0.041698 -0.880684
2.476969 -12.063303 -55.529008 -25.930622 -0.199207 0.979872 0.012921 -0.877329 -0.184204 0.443129 -0.436590 -0.076938 -0.896365
3.801709 -11.492288 -83.679759 -41.907134 -0.209421 0.976748 0.045898 -0.940607 -0.214055 0.263515 -0.267212 -0.012013 -0.963563
5.238197 -11.484297 -110.174408 -11.648905 -0.184855 0.975925 0.115751 -0.937401 -0.210467 0.277459 -0.295141 0.057216 -0.953739
6.576244 -11.348506 -145.731539 10.594294 -0.165000 0.975836 0.143246 -0.857681 -0.213674 0.467682 -0.486989 0.045691 -0.872212
0.806481 -16.964792 -64.520422 -363.893485 -0.262061 0.954326 -0.143480 -0.712605 -0.091098 0.695626 -0.650783 -0.284541 -0.703930
0.884448 -15.164819 1.683797 -417.463797 -0.188858 0.962961 -0.192453 -0.766834 -0.022194 0.641461 -0.613431 -0.268725 -0.742623
1.416892 -14.009231 -54.126582 -365.910079 -0.236791 0.956651 -0.169554 -0.811929 -0.099005 0.575299 -0.533574 -0.273891 -0.800177
0.080807 -19.442386 -35.538642 -352.328771 -0.231800 0.958680 -0.164931 -0.616619 -0.013673 0.787143 -0.752362 -0.284159 -0.594310
1.201614 -17.081702 -62.227972 -317.523961 -0.282080 0.951953 -0.119231 -0.688550 -0.114336 0.716119 -0.668079 -0.284100 -0.687719
0.720872 -19.220974 -76.898112 -306.916895 -0.274059 0.952186 -0.135032 -0.568139 -0.047010 0.821589 -0.775958 -0.301881 -0.553857
-1.959705 -23.245231 43.955890 134.270512 -0.184566 0.937706 -0.294352 0.458557 0.347061 0.818092 -0.869288 -0.016015 0.494047
-2.167964 -23.525621 45.267872 -93.788657 -0.183192 0.944344 -0.273231 0.235661 0.312015 0.920386 -0.954413 -0.104218 0.279703
-2.448317 -21.967295 27.113924 92.530121 -0.236680 0.926167 -0.293592 0.453118 0.372524 0.809883 -0.859457 -0.058652 0.507832
-1.236752 -24.828595 48.371322 -111.089843 -0.138375 0.949265 -0.282398 0.229333 0.308103 0.923298 -0.963462 -0.062998 0.260331
-1.975707 -19.821731 19.619509 332.587333 -0.243862 0.919099 -0.309498 0.652246 0.391608 0.649014 -0.717709 0.043599 0.694977
-1.580822 -20.867256 37.188853 390.637321 -0.188467 0.931412 -0.311372 0.661790 0.354705 0.660468 -0.725613 0.081586 0.683250
-1.075837 -24.500774 42.224562 191.889526 -0.145168 0.941963 -0.302708 0.459106 0.335148 0.822738 -0.876440 0.019541 0.481114
11.965572 -10.538682 -92.914378 179.946392 -0.611988 -0.629302 0.479010 0.781649 -0.573494 0.245212 0.120397 0.524485 0.842864
15.982577 -11.031149 132.598547 123.233891 -0.554480 -0.722085 0.413696 0.832044 -0.490538 0.258988 0.015922 0.487818 0.872800
17.297830 -12.062282 -379.484397 75.619560 -0.622852 -0.586098 0.518213 0.781896 -0.444048 0.437561 -0.026342 0.677725 0.734844
10.175192 -11.285991 -602.427190 114.998403 -0.664200 -0.463887 0.586214 0.738784 -0.527094 0.419964 0.114173 0.712026 0.692808
1.599356 -21.570233 -126.383094 -25.234463 -0.397808 0.809338 -0.432112 -0.152980 0.405876 0.901034 -0.904625 -0.424543 0.037648
2.298575 -20.093927 -126.896282 -143.194402 -0.357171 0.799065 -0.483657 -0.359465 0.360336 0.860780 -0.862098 -0.481304 -0.158534
3.330195 -22.265186 -107.397858 -164.924552 -0.326678 0.819336 -0.471136 -0.209015 0.423515 0.881447 -0.921734 -0.386424 -0.032901
-2.552478 -37.989769 -149.141439 -737.133293 0.626837 0.722034 0.292817 -0.593897 0.199507 0.779412 -0.504343 0.662468 -0.553872
-7.894864 -38.837866 -464.409075 886.461421 0.638281 0.714500 0.286508 0.649994 -0.300818 -0.697866 -0.412439 0.631663 -0.656427
-3.715804 -30.248744 -238.622177 44.408223 0.623627 0.713037 0.320418 0.728370 -0.381179 -0.569368 -0.283844 0.588456 -0.757068
-0.960157 -32.232259 -86.390786 614.048059 0.621598 0.721952 0.303975 0.702764 -0.342544 -0.623527 -0.346032 0.601206 -0.720287
-1.470824 -7.972541 -225.840094 30.221234 -0.179086 0.905142 -0.385547 -0.484369 -0.422215 -0.766238 0.856338 -0.049524 -0.514035
1.612659 -8.068887 -362.797629 8.373295 -0.214267 0.855928 -0.470613 -0.554115 -0.503286 -0.663068 0.804392 -0.118700 -0.582120
-1.739496 -7.512201 -201.945195 17.591982 -0.236547 0.860821 -0.450591 -0.559658 -0.499808 -0.661041 0.794247 -0.095810 -0.599993
-3.368840 -7.569677 -28.310151 46.931532 -0.204209 0.933847 -0.293647 -0.507219 -0.357498 -0.784171 0.837274 0.011192 -0.546669
0.626887 -52.080806 -165.921655 -2167.993709 -0.029463 -0.849024 0.527532 0.881994 0.226252 0.413397 -0.470339 0.477460 0.742168
2.191205 -106.059686 -172.109856 -6126.619437 0.034680 -0.844079 0.535096 0.993243 0.088442 0.075139 -0.110748 0.528875 0.841443
6.860208 -113.451733 -427.303931 -5761.510612 0.077015 -0.852717 0.516665 0.911916 0.269747 0.309265 -0.403085 0.447338 0.798381
-0.307458 -18.083418 0.479027 -48.462380 0.587087 0.780379 0.215260 -0.701831 0.623181 -0.345077 0.403437 -0.051514 -0.913556
0.167398 -18.513665 -33.046338 86.609966 0.557218 0.810235 0.181734 -0.697882 0.575558 -0.426255 0.449966 -0.110688 -0.886160
-0.279002 -18.083812 -45.203722 -93.712007 0.589754 0.786904 0.181584 -0.747910 0.617016 -0.244789 0.304666 -0.008556 -0.952421
0.761612 -15.838087 141.473994 127.605886 0.409469 0.883025 0.229350 -0.798800 0.468450 -0.377457 0.440743 0.028647 -0.897176
0.643494 -17.710830 97.982015 339.925493 0.403818 0.892028 0.203022 -0.716525 0.446370 -0.536047 0.568792 -0.070995 -0.819412
-0.188208 -15.376645 172.712583 193.970786 0.406511 0.884441 0.229158 -0.752053 0.466343 -0.465770 0.518812 -0.017002 -0.854720
0.027348 -14.057216 117.140373 110.231309 0.437041 0.870963 0.224541 -0.799958 0.490517 -0.345631 0.411173 0.028569 -0.911110
0.719286 -14.394699 95.435547 -0.413669 0.436570 0.870251 0.228191 -0.834840 0.486401 -0.257790 0.335334 0.077959 -0.938868
-3.523672 -7.768342 -33.991073 -69.797726 -0.463071 0.773236 -0.433210 0.857855 0.513892 0.000259 0.222823 -0.371511 -0.901293
-4.178693 -7.967698 -40.795339 -54.418540 -0.384584 0.839880 -0.383011 0.900950 0.431853 0.042334 0.200960 -0.328793 -0.922773
-3.170047 -8.181099 -33.760776 0.034794 -0.475814 0.766882 -0.430690 -0.815247 -0.568321 -0.111285 0.330113 -0.298167 -0.895613
-2.736156 -7.979298 -45.966751 -19.292433 -0.514403 0.710525 -0.480149 0.795955 0.603965 0.041011 0.319133 -0.361081 -0.876228
2.842749 -43.834067 -52.791544 1792.147922 0.064291 0.759710 0.647076 0.819975 0.329353 -0.468153 0.568777 -0.560684 0.601769
2.902154 -34.314188 -101.444090 1276.276302 0.104365 0.792990 0.600229 0.644273 0.405859 -0.648221 0.757641 -0.454363 0.468545
1.420736 -27.884441 -48.321724 1186.413037 0.138239 0.777700 0.613247 0.621698 0.413861 -0.664989 0.770961 -0.473182 0.426283
-8.870623 -13.873300 84.362243 -84.810758 0.408629 -0.901549 0.142242 0.891719 0.361132 -0.272802 0.194577 0.238314 0.951497
-7.340237 -12.508518 -90.957008 -161.744515 0.259030 -0.959502 0.110725 0.954309 0.236559 -0.182579 0.148991 0.152960 0.976937
-6.816341 -12.233811 4.979850 -52.855896 -0.408344 -0.847780 -0.338415 0.817836 -0.175106 -0.548163 0.405463 -0.500607 0.764848
-6.544898 -11.427510 -9.446486 -9.635992 -0.448209 -0.830779 -0.330022 0.845820 -0.274650 -0.457336 0.289305 -0.484121 0.825790
-6.921584 -11.793183 -54.114886 -36.800765 -0.472640 -0.785104 -0.400280 0.810198 -0.208432 -0.547846 0.346685 -0.583239 0.734603
-0.763833 -3.797620 19.622659 18.829192 -0.544670 0.830205 0.118723 0.756528 0.547481 -0.357673 0.361940 0.104997 0.926269
-0.560709 -3.697818 30.772740 -58.886273 -0.621080 0.771535 0.137818 0.713887 0.629476 -0.306798 0.323459 0.092159 0.941744
0.475776 -4.025202 -77.041748 68.916557 -0.511560 0.851340 0.116304 0.762208 0.512097 -0.395974 0.396668 0.113916 0.910866
2.571811 -5.057498 -173.367694 -21.045323 -0.672963 0.713065 0.196618 0.666586 0.699860 -0.256631 0.320600 0.041640 0.946299
3.568081 -5.241823 -200.837072 67.100508 -0.548035 0.823084 0.148966 0.741747 0.560529 -0.368263 0.386611 0.091326 0.917710
3.464913 -9.244568 74.174408 10.478251 -0.456908 0.826358 -0.329192 0.000097 0.370128 0.928981 -0.889514 -0.424427 0.169195
3.903862 -9.625596 248.327855 35.122253 -0.406794 0.844024 -0.349487 -0.102666 0.337909 0.935562 -0.907732 -0.416462 0.050807
2.039402 -9.844233 282.936999 38.629935 -0.372734 0.858772 -0.351538 -0.144627 0.320444 0.936162 -0.916598 -0.399782 -0.004761
4.923545 -9.274431 -275.391229 -122.057545 -0.490348 0.770257 -0.407754 -0.129856 -0.527210 -0.839754 0.861798 0.358823 -0.358539
0.007515 -9.896899 -78.055606 -9.184762 -0.507793 0.643490 -0.572771 0.170422 -0.576694 -0.798987 0.844454 0.503333 -0.183176
2.146359 -9.084788 -174.036937 -68.284201 -0.497739 0.691253 -0.523857 0.057520 -0.576352 -0.815175 0.865418 0.435876 -0.247112
0.010667 -26.306760 2.983400 -260.502408 -0.233214 0.888945 -0.394193 0.900734 0.044713 -0.432063 -0.366455 -0.455826 -0.811131
-0.137934 -25.698380 -2.012276 -87.330075 -0.249546 0.885620 -0.391669 0.908239 0.073755 -0.411901 -0.335900 -0.458517 -0.822759
0.225302 -27.804509 11.486116 -354.321320 -0.238060 0.890628 -0.387440 0.950666 0.131980 -0.280741 -0.198902 -0.435159 -0.878109
-0.114203 -25.467240 1.180904 252.843235 -0.237549 0.889537 -0.390249 -0.817973 0.033504 0.574280 -0.523918 -0.455633 -0.719659
0.047386 -24.878046 9.338153 259.802803 -0.229640 0.894255 -0.384153 -0.815195 0.038907 0.577878 -0.531716 -0.445864 -0.720058
0.119132 -26.499964 14.817099 -354.568945 -0.220740 0.895320 -0.386880 0.898826 0.032736 -0.437081 -0.378663 -0.444219 -0.811963
-0.625981 -8.050906 12.212175 104.241744 -0.336126 0.896862 -0.287504 -0.829104 -0.136966 0.542058 -0.446773 -0.420571 -0.789629
-0.449999 -9.286656 16.421221 -87.129252 -0.349782 0.898304 -0.265899 0.869252 0.205358 -0.449700 -0.349363 -0.388430 -0.852683
-0.279149 -9.398222 11.256295 -7.695149 -0.376251 0.890620 -0.255405 0.894392 0.277172 -0.351054 -0.241864 -0.360516 -0.900849
7.914067 -16.640551 -122.219419 -330.764322 0.909800 -0.151627 0.386358 0.082080 -0.846764 -0.525598 -0.406849 -0.509901 0.757941
7.412343 -15.014180 -88.324054 -47.174233 0.914463 -0.163640 0.370108 0.028198 -0.886601 -0.461675 -0.403686 -0.432621 0.806149
7.355898 -13.548933 52.316838 -92.521551 0.963348 -0.103730 0.247389 0.020022 -0.891836 -0.451915 -0.267508 -0.440305 0.857071
2.310859 -23.077540 -27.600863 -345.245363 -0.548012 0.800537 -0.242537 0.817514 0.573964 0.047300 -0.177073 0.172357 0.968988
1.861384 -24.295499 -53.605012 -452.165416 -0.568817 0.795620 -0.208413 0.805199 0.590350 0.056059 -0.167638 0.135927 0.976433
1.942667 -20.906011 -55.888545 -346.515527 -0.560709 0.802299 -0.204746 0.759464 0.596832 0.258854 -0.329878 0.010356 0.943967
273.165554 8.840484 -27486.884012 164.550192 0.628034 0.688847 -0.362026 0.484161 0.018329 0.874787 -0.609230 0.724675 0.322002
1327.853047 83.713633 185410.994309 -3139.056927 0.948327 -0.121484 -0.293117 0.306608 0.113128 0.945089 0.081653 0.986126 -0.144530
633.992836 46.181462 -56455.967808 -1882.024392 0.097493 0.975479 -0.197323 0.445706 0.134480 0.885021 -0.889855 0.174231 0.421666
75.154780 3.257004 -5258.085511 1029.381505 -0.539060 0.839106 -0.072911 -0.224927 -0.226837 -0.947604 0.811679 0.494416 -0.311016
1775.961820 33.781042 264540.863287 -3415.644851 0.954253 -0.042281 -0.295996 0.291535 -0.088265 0.952479 0.066398 0.995199 0.071901
-1.334440 -29.568319 -19.876309 -60.099353 -0.256942 0.912885 0.317208 0.099157 -0.301594 0.948266 -0.961327 -0.275103 0.013026
-1.901031 -26.913734 25.603259 131.172006 -0.245064 0.906288 0.344362 -0.110485 -0.378985 0.918784 -0.963191 -0.187114 -0.193007
-1.766408 -26.374968 16.790898 85.017237 -0.277556 0.890731 0.359947 -0.330137 -0.440283 0.834961 -0.902204 -0.112916 -0.416266
-1.809723 -24.304545 17.336644 160.473010 -0.274389 0.899671 0.339561 -0.080027 -0.373253 0.924271 -0.958283 -0.226436 -0.174415
-1.042754 -8.817656 129.433016 51.904764 0.689770 -0.662948 0.291064 0.506662 0.729143 0.460048 -0.517215 -0.169856 0.838831
2.927841 -29.962261 -340.992918 983.843818 -0.333282 0.873426 0.355034 0.699655 0.481531 -0.527836 0.631986 -0.072484 0.771583
3.816817 -20.744507 -373.309982 363.938257 -0.319807 0.876678 0.359387 0.553271 0.480713 -0.680298 0.769165 0.018725 0.638776
1.687779 -18.056378 -226.947292 1088.460642 -0.272212 0.951433 -0.143791 -0.103801 -0.177597 -0.978614 0.956622 0.251465 -0.147103
-11.006790 -13.754194 -174.106469 -76.782568 -0.328509 0.877568 -0.349221 0.329239 -0.240152 -0.913197 0.885259 0.414971 0.210037
-10.632375 -14.118813 -132.442506 68.599520 -0.356559 0.824795 -0.438838 0.189495 -0.396102 -0.898440 0.914854 0.403505 0.015061
-12.569727 -15.231741 -148.068427 -228.193026 -0.192078 0.569547 -0.799201 -0.448007 0.673668 0.587760 0.873153 0.470943 0.125764
-11.017092 -13.472800 -187.797195 -43.239469 -0.437956 0.861450 -0.257098 0.417925 -0.058109 -0.906621 0.795948 0.504508 0.334572
-11.010623 -13.354360 -176.992201 -32.226913 -0.363410 0.902648 -0.230566 0.419646 -0.062354 -0.905543 0.831763 0.425839 0.356133
15.984512 -13.359258 -125.539056 -405.087222 0.744503 -0.052112 0.665582 -0.566272 0.478773 0.670904 0.353625 0.876391 -0.326938
16.416436 -20.266542 -243.339111 -843.463566 0.781099 0.039357 0.623166 -0.588245 0.381089 0.713259 0.209410 0.923700 -0.320820
15.364540 -14.211557 -937.134065 -280.765639 0.807539 0.241468 0.538120 -0.584553 0.449239 0.675635 0.078601 0.860161 -0.503929
14.832687 -10.401134 -215.476345 -47.464906 0.755188 -0.020181 0.655197 -0.542442 0.541940 0.641917 0.368032 0.840175 -0.398320
17.551837 -11.524298 545.934957 -60.912201 0.632912 -0.277690 0.722711 -0.538758 0.512420 0.668704 0.556024 0.812597 -0.174709
7.847689 -15.803669 -539.602760 -273.445039 -0.626586 0.627937 0.461611 0.001308 0.593147 -0.805093 0.779351 0.503856 0.372479
44.438797 -16.242163 2908.386044 95.189494 0.586736 -0.447679 -0.674777 -0.375039 0.588301 -0.716413 0.717695 0.673413 0.177280
6.932032 -20.339728 57.778204 -484.504971 0.693465 0.570573 -0.439947 -0.081168 -0.544867 -0.834585 0.715904 -0.614465 0.331534
2.874763 -19.364200 153.421374 -7.303985 0.648207 0.587295 -0.484678 -0.319403 -0.368099 -0.873204 0.691238 -0.720824 0.051021
4.988064 -19.255112 13.653697 -216.561787 0.747309 0.561159 -0.355850 -0.124767 -0.407507 -0.904639 0.652658 -0.720443 0.234520
1.243876 -12.454949 -49.629668 -48.150725 -0.190265 0.981053 -0.036534 -0.898945 -0.159142 0.408133 -0.394585 -0.110496 -0.912191
1.147103 -12.853768 -46.949046 -6.200161 -0.177315 0.983182 -0.043728 -0.778919 -0.113041 0.616852 -0.601535 -0.143438 -0.785864
0.261018 -13.166732 -40.771818 -25.605741 -0.162249 0.983953 -0.074239 -0.826989 -0.094551 0.554210 -0.538298 -0.151315 -0.829059
1.813189 -12.281842 -50.453965 24.322596 -0.147772 0.988897 -0.015694 -0.606158 -0.078017 0.791509 -0.781496 -0.126476 -0.610956
0.700821 -13.015705 -51.792367 -5.176495 -0.165864 0.982630 -0.083227 -0.635940 -0.042076 0.770591 -0.753704 -0.180741 -0.631873
0.153071 -13.330677 -33.747924 -0.064223 -0.143464 0.986172 -0.082967 -0.699194 -0.041670 0.713717 -0.700390 -0.160403 -0.695504
2.148480 -11.349108 60.159568 -385.418648 -0.111287 0.964461 -0.239648 -0.863208 0.025678 0.504195 -0.492430 -0.262976 -0.829672
2.025457 -13.573164 113.349359 -491.906239 -0.077773 0.955855 -0.283360 -0.806327 0.106848 0.581739 -0.586335 -0.273724 -0.762422
0.002778 -18.816765 6.388857 -462.683756 -0.176973 0.959525 -0.219073 -0.671416 0.045051 0.739710 -0.719639 -0.277998 -0.636268
-1.314414 -24.210578 56.067184 -254.292181 -0.132118 0.957424 -0.256678 0.011475 0.260408 0.965430 -0.991168 -0.124605 0.045391
0.095248 -16.669769 -31.599447 -558.843119 -0.345578 0.875551 -0.337620 0.890301 0.419611 0.176891 -0.296546 0.239454 0.924512
-0.017572 -11.995976 -34.659140 -86.981096 -0.375845 0.861781 -0.340697 0.853696 0.465009 0.234456 -0.360477 0.202733 0.910470
0.867992 -17.242290 -48.328560 -547.037163 -0.334367 0.877212 -0.344525 0.890324 0.413896 0.189769 -0.309065 0.243287 0.919397
11.133726 -8.933584 220.710055 194.413832 -0.563427 -0.740154 0.367044 0.811778 -0.578531 0.079487 0.153514 0.342743 0.926801
11.294278 -9.589408 282.945212 128.348745 -0.500648 -0.811169 0.302252 0.863493 -0.492608 0.108248 0.061084 0.315187 0.947062
16.833207 -11.098583 280.412125 57.219930 -0.471713 -0.809773 0.348934 0.877578 -0.392693 0.275044 -0.085699 0.435958 0.895877
-0.398540 -13.106989 10.900639 -218.944162 -0.266138 0.896875 -0.353252 0.885848 0.372053 0.277219 -0.380059 0.239149 0.893512
-0.565760 -17.467791 4.972982 -679.138646 -0.341553 0.867226 -0.362299 0.892791 0.419837 0.163285 -0.293711 0.267687 0.917648
-0.303180 -18.552765 14.988777 -728.112396 -0.337085 0.864402 -0.373072 0.895739 0.416462 0.155601 -0.289872 0.281724 0.914662
-2.722761 -20.420096 -21.857953 -88.995016 -0.324141 0.914318 -0.242809 -0.310531 0.139609 0.940255 -0.893590 -0.380175 -0.238671
-2.769912 -19.180018 -13.543982 -127.036463 -0.327887 0.914934 -0.235342 -0.463418 0.061313 0.884016 -0.823246 -0.398920 -0.403893
-2.352618 -19.971368 -19.697343 -84.963457 -0.358259 0.893287 -0.271458 -0.300864 0.164784 0.939323 -0.883816 -0.418193 -0.209723
-2.633527 -19.923906 5.232310 -166.494254 -0.270426 0.939136 -0.211880 -0.482340 0.058303 0.874042 -0.833198 -0.338562 -0.437216
-2.144001 -20.860210 -29.854344 -62.031487 -0.356897 0.892112 -0.277059 -0.133839 0.244697 0.960318 -0.924506 -0.379815 -0.032068
-2.651443 -21.133682 2.981178 -107.053144 -0.263595 0.937999 -0.225112 -0.322565 0.134221 0.936983 -0.909104 -0.319597 -0.267185
-2.673792 -21.271896 -28.512382 -75.212519 -0.321146 0.913147 -0.251053 -0.140739 0.216133 0.966167 -0.936514 -0.345614 -0.059105
-20.287016 -180.170806 -1065.910820 -10214.965741 0.698961 0.682504 0.213641 -0.518584 0.277984 0.808577 -0.492468 0.675954 -0.548235
-16.771696 -37.022057 -834.230817 -978.950199 0.719008 0.634892 0.282736 -0.631629 0.427208 0.646945 -0.289953 0.643743 -0.708182
-12.472062 -27.200933 -486.503999 -21.503779 0.744015 0.601416 0.291102 -0.654443 0.568105 0.498961 -0.134706 0.561744 -0.816271
4.346085 -8.530238 -360.216766 26.379231 -0.197212 0.889205 -0.412821 -0.489097 -0.454184 -0.744649 0.849642 -0.055056 -0.524478
5.010904 -8.463481 -330.113252 2.686262 -0.251973 0.857138 -0.449248 -0.569050 -0.506720 -0.647624 0.782746 -0.092461 -0.615435
3.861887 -8.317864 -363.025864 -9.448615 -0.274580 0.822902 -0.497431 -0.630557 -0.544649 -0.552951 0.725950 -0.161830 -0.668436
1.361497 -8.282893 -369.487604 24.490122 -0.173495 0.890886 -0.419788 -0.466687 -0.449726 -0.761545 0.867239 -0.063785 -0.493790
1.134592 -94.428256 -177.917660 -2989.200841 0.017205 -0.818936 0.573627 0.962202 -0.142393 -0.232146 0.271793 0.555939 0.785532
0.710171 -159.886739 105.421964 -11520.582398 -0.114511 -0.833173 0.541027 0.946147 -0.257473 -0.196248 0.302809 0.489418 0.817788
0.031643 -8.381729 67.496346 114.652094 -0.635770 0.764215 -0.108494 -0.755868 -0.644882 -0.113098 0.156397 -0.010103 -0.987643
-0.473515 -8.363196 -11.332258 108.660760 -0.619123 0.772393 -0.141760 -0.766971 -0.633511 -0.102072 0.168646 -0.045531 -0.984625
-0.126427 -7.247320 47.005573 -126.811623 -0.633039 0.765235 -0.116949 0.770408 0.637549 0.001508 0.075715 -0.089144 -0.993137
-3.966603 -6.843948 -49.581093 -104.839605 -0.382903 0.816252 -0.432571 0.915256 0.398703 -0.057823 0.125269 -0.418054 -0.899744
-4.913329 -7.513849 -10.240966 -61.955556 -0.135822 0.937224 -0.321190 0.988082 0.151844 0.025245 0.072431 -0.313933 -0.946678
-4.497242 -8.291315 -21.198977 -26.724524 -0.278752 0.907483 -0.314279 0.941156 0.323257 0.098642 0.191109 -0.268289 -0.944192
-4.589894 -6.823484 -41.553334 -82.920283 -0.249876 0.887755 -0.386592 0.964500 0.263438 -0.018460 0.085456 -0.377481 -0.922066
0.785085 -9.175286 98.980676 -20.420780 -0.151353 -0.978497 0.140127 0.980982 -0.166115 -0.100396 0.121514 0.122267 0.985030
-1.061484 -10.814174 -36.740835 -65.313105 -0.052834 0.991798 -0.116386 0.962973 0.019746 -0.268874 0.264370 0.126282 0.956118
-0.030488 -10.037481 63.359920 -71.359551 -0.051654 -0.989795 0.132808 0.995606 -0.061438 -0.070663 0.078101 0.128574 0.988620
-9.604862 -14.897055 -99.343187 -18.275096 -0.435047 0.892433 -0.119573 0.826440 0.343061 -0.446437 0.357394 0.293041 0.886790
-8.216592 -14.150176 99.887480 -72.094944 -0.339132 0.935968 -0.094623 0.881836 0.281254 -0.378498 0.327649 0.211803 0.920753
-10.047822 -12.902173 -48.849557 30.107808 0.904540 -0.269439 0.330471 0.311291 -0.112358 -0.943649 -0.291386 -0.956441 0.017758
-9.993544 -12.968185 -30.231135 25.901875 0.869308 -0.290313 0.400027 0.322202 -0.280892 -0.904038 -0.374819 -0.914777 0.150642
-9.148732 -12.957917 -16.980194 55.205393 0.816372 -0.385622 0.429921 0.420876 -0.112508 -0.900114 -0.395473 -0.915772 -0.070451
-10.681804 -12.791884 -49.990849 2.604268 0.940611 -0.180893 0.287280 0.223051 -0.308640 -0.924656 -0.255930 -0.933820 0.249962
-9.094375 -12.454691 -40.459876 35.636454 0.839884 -0.372108 0.395135 0.441627 0.045289 -0.896055 -0.315533 -0.927084 -0.202370
-10.891549 -12.858005 -84.479265 13.609549 0.966480 -0.137809 0.216620 0.194763 -0.156199 -0.968333 -0.167281 -0.978065 0.124123
-10.182855 -12.578748 -94.674972 25.023325 0.925318 -0.233318 0.298913 0.316745 0.042212 -0.947571 -0.208468 -0.971484 -0.112962
7.070498 -20.708555 -56.121168 -115.465098 0.741627 -0.369635 0.559785 -0.661783 -0.266699 0.700653 0.109692 0.890080 0.442409
7.595647 -18.858931 -136.830508 278.450755 0.764803 -0.391328 0.511800 -0.644008 -0.486764 0.590181 -0.018172 0.780976 0.624297
9.091675 -23.788265 304.813655 645.288700 0.806011 -0.316960 0.499883 -0.585680 -0.549196 0.596123 -0.085586 0.773253 0.628295
8.569652 -23.804529 363.663240 -201.908298 0.774013 -0.318284 0.547357 -0.625748 -0.252550 0.738009 0.096661 0.913736 0.394643
-0.680298 -3.657590 30.061705 14.226548 -0.632529 0.759074 0.153990 0.678739 0.639007 -0.361915 0.373121 0.124403 0.919404
-0.878668 -3.439392 -1.602328 84.946790 -0.506931 0.855139 0.108434 0.758649 0.502337 -0.414862 0.409235 0.128043 0.903400
1.756118 -10.989009 371.571262 10.373860 -0.590879 0.767165 0.249639 -0.584272 -0.620301 0.523310 -0.556316 -0.163355 -0.814756
4.316050 -10.697062 274.792053 28.014172 -0.564138 0.809125 0.164517 -0.649347 -0.557834 0.516885 -0.509998 -0.184766 -0.840098
2.839180 -10.965569 385.331935 -15.920426 -0.569458 0.784233 0.246364 -0.682069 -0.618064 0.390869 -0.458801 -0.054546 -0.886863
2.925105 -10.300740 354.251004 40.122132 -0.575771 0.787828 0.218666 -0.537909 -0.566416 0.624361 -0.615745 -0.241866 -0.749906
0.291591 -11.070417 394.819146 -27.527551 -0.606356 0.751948 0.258662 -0.637336 -0.654080 0.407409 -0.475536 -0.082180 -0.875849
1.439002 -10.231033 252.985380 53.722762 -0.605958 0.759506 0.236569 -0.475746 -0.584340 0.657429 -0.637558 -0.285827 -0.715418
-0.747735 -10.769680 204.063463 53.586712 -0.622251 0.746869 0.234498 -0.528286 -0.621702 0.578273 -0.577682 -0.235949 -0.781416
-1.567702 -11.106144 194.381965 7.859136 -0.650009 0.721939 0.237260 -0.592638 -0.677009 0.436393 -0.475676 -0.143050 -0.867911
13.804369 -9.592966 -615.397519 -59.182428 -0.468485 0.813456 -0.344690 -0.318284 -0.519359 -0.793071 0.824146 0.261833 -0.502222
0.661897 -11.874082 6.480516 209.526463 -0.340842 0.710068 -0.616141 0.077475 0.674371 0.734317 -0.936923 -0.202551 0.284866
2.097965 -2.335367 272.339477 -0.987948 0.927426 0.333118 -0.170038 -0.366443 0.718367 -0.591327 0.074832 -0.610722 -0.788302
1.799034 -2.607230 244.390802 37.447129 0.953002 0.274066 -0.129135 -0.293327 0.728015 -0.619640 0.075810 -0.628397 -0.774190
-1.052072 -3.056697 136.994048 51.312176 0.997335 0.042319 0.059428 0.004581 0.776639 -0.629929 0.072812 -0.628523 -0.774376
-1.023794 -3.735897 98.614964 100.904629 0.994822 -0.013119 0.100786 0.075008 0.763923 -0.640933 0.068585 -0.645174 -0.760951
-2.277278 -4.610144 45.127709 125.611760 0.864012 -0.347523 0.364296 0.501009 0.664939 -0.553937 0.049729 -0.661124 -0.748627
3.390102 -18.834667 -30.914568 -141.914690 -0.473638 0.827115 -0.302569 0.816725 0.541053 0.200553 -0.329586 0.152126 0.931789
3.204841 -18.195203 7.680956 -44.888445 -0.455266 0.819972 -0.346958 0.809448 0.543485 0.222299 -0.370846 0.179639 0.911155
2.747986 -19.103017 51.750086 99.772957 -0.453816 0.812960 -0.364894 0.729930 0.574024 0.371079 -0.511129 0.097945 0.853905
1.573494 -9.289955 125.076076 -158.655366 -0.523219 0.494175 -0.694286 -0.377465 0.596036 0.708704 0.764043 0.632876 -0.125324
2.426887 -8.838504 -36.922903 -132.077467 -0.517600 0.541422 -0.662535 -0.319500 0.596017 0.736671 0.793731 0.592981 -0.135514
215.961300 3.170789 -19431.505524 -1273.401505 0.335619 0.918949 -0.207102 0.263828 0.119358 0.957157 -0.904298 0.375880 0.202386
84.477436 2.183882 -6423.827550 3223.439937 -0.553297 0.832316 -0.033358 -0.202047 -0.172949 -0.963984 0.808108 0.526630 -0.263859
-1.397188 -28.378738 22.068959 17.309012 -0.225620 0.904100 0.362904 -0.116970 -0.394954 0.911224 -0.967168 -0.163141 -0.194862
0.595813 -7.365071 157.097722 53.965433 0.731854 -0.600196 0.322730 0.497060 0.794130 0.349698 -0.466177 -0.095512 0.879521
0.626573 -6.353316 137.146402 65.977368 0.776396 -0.520338 0.355608 0.470745 0.853947 0.221752 -0.419056 -0.004767 0.907948
-11.782821 -22.524930 -136.780784 -503.290567 -0.322478 0.946356 -0.020443 0.538931 0.201314 0.817940 -0.778178 -0.252750 0.574940
-4.821756 -38.629710 -230.246759 1160.029403 0.230542 0.710815 0.664524 0.437079 -0.685796 0.581933 -0.869374 -0.156290 0.468787
2.685838 -40.093058 1197.307171 -1501.574233 0.204821 0.595754 0.776612 -0.452426 0.761210 -0.464618 -0.867962 -0.256196 0.425447
1.282232 -3.097380 63.173530 26.990545 -0.342963 0.856200 -0.386391 0.779613 0.488907 0.391374 -0.524003 0.167009 0.835182
