12512
25009
-6.366939 -8.410577 28.478722 125.571116 -0.277957 0.959015 -0.055039 -0.683638 -0.237743 -0.690013 0.674818 0.154168 -0.721701
-7.453093 -10.451762 49.649260 113.647146 -0.191057 0.978395 0.078993 -0.592334 -0.050748 -0.804093 0.782712 0.200418 -0.589232
-5.716652 -11.214736 -82.447170 303.205928 0.164708 0.944151 0.285396 -0.697832 0.316032 -0.642770 0.697066 0.093289 -0.710912
-6.290242 -9.412204 0.527668 109.437027 -0.473642 0.865339 -0.163865 -0.513302 -0.422421 -0.747048 0.715670 0.269721 -0.644257
-5.076760 -7.253831 -50.936941 148.120294 -0.000698 0.997058 0.076645 -0.801523 0.045273 -0.596247 0.597963 0.061849 -0.799134
-4.895197 -6.903877 5.914645 84.432096 -0.571587 0.756186 -0.318545 -0.545934 -0.640288 -0.540359 0.612572 0.134958 -0.778808
-5.566146 -8.191501 19.380124 77.650354 -0.646523 0.686031 -0.333720 -0.419287 -0.684978 -0.595822 0.637343 0.245289 -0.730498
-6.553942 -9.234077 -45.857639 -26.945578 0.452540 0.890377 0.049361 -0.643998 0.288025 0.708737 -0.616826 0.352520 -0.703743
-6.835118 -9.480952 -38.373353 25.530161 0.468077 0.881041 0.068338 -0.537230 0.222310 0.813611 -0.701632 0.417546 -0.577380
-7.046323 -9.278002 -26.794373 1.110354 0.549539 0.829463 0.099992 -0.586709 0.297935 0.752999 -0.594793 0.472468 -0.650381
-6.973964 -8.965311 -30.121347 -49.300225 0.555952 0.825191 0.099883 -0.679487 0.381964 0.626419 -0.478764 0.416128 -0.773060
-7.652913 -9.181613 -32.303014 -12.289353 0.636596 0.754052 0.161714 -0.592572 0.344069 0.728337 -0.493563 0.559484 -0.665863
-10.549288 -19.884381 612.011254 -833.179931 0.121359 0.978042 0.169428 0.982855 -0.094533 -0.158305 -0.138813 0.185735 -0.972745
-6.161488 -20.338814 76.101082 1110.657664 -0.152054 0.986418 -0.062115 -0.940678 -0.125144 0.315378 -0.303321 -0.106385 -0.946931
-9.972511 -41.683614 311.831235 2726.481210 0.307439 0.951511 -0.010408 -0.772487 0.255952 0.581164 -0.555648 0.170633 -0.813720
-13.140477 -46.750150 -397.669037 -2069.966722 0.000901 0.967484 -0.252930 -0.921384 -0.097498 -0.376226 0.388653 -0.233384 -0.891336
-0.385477 -6.835510 -11.193466 13.611552 -0.044184 0.980578 -0.191088 -0.714519 0.102665 0.692042 -0.698219 -0.167114 -0.696105
-0.417818 -7.148304 -20.388501 -3.323786 -0.044849 0.977445 -0.206371 -0.810419 0.085192 0.579623 -0.584131 -0.193243 -0.788320
-0.299107 -6.889644 -22.822564 15.248280 -0.042280 0.976615 -0.210799 -0.721727 0.116045 0.682381 -0.690886 -0.180990 -0.699943
-0.191889 -6.378324 -20.931163 42.242890 -0.039211 0.974969 -0.218856 -0.630271 0.145827 0.762557 -0.775384 -0.167840 -0.608777
-0.296912 -6.309677 -8.725947 37.759095 -0.063155 0.983197 -0.171277 -0.608659 0.098063 0.787349 -0.790915 -0.153975 -0.592238
-0.404638 -6.499685 13.906757 13.700697 -0.059365 0.987743 -0.144357 -0.658402 0.069954 0.749409 -0.750322 -0.139533 -0.646179
-0.298295 -6.557355 23.162457 3.509946 -0.032742 0.987004 -0.157324 -0.726120 0.084674 0.682334 -0.686788 -0.136577 -0.713911
1.486282 -7.343291 32.621180 9.049467 -0.071993 0.995214 -0.066084 -0.278296 0.043582 0.959506 -0.957794 -0.087468 -0.273826
2.414866 -7.286553 58.388734 10.690882 -0.100053 0.994664 -0.025154 -0.302478 -0.006323 0.953136 -0.947891 -0.102972 -0.301496
1.433161 -7.546775 23.691863 15.181251 -0.070855 0.995374 -0.064893 -0.397746 0.031467 0.916956 -0.914756 -0.090781 -0.393676
2.338369 -7.271634 68.898544 15.819323 -0.083368 0.995931 -0.034226 -0.175343 0.019149 0.984321 -0.980971 -0.088062 -0.173033
1.211090 -7.746808 14.086396 -2.407518 -0.032704 0.996141 -0.081447 -0.312005 0.067243 0.947698 -0.949517 -0.056405 -0.308602
1.724323 -7.574279 47.082909 -22.383106 -0.040926 0.996754 -0.069328 -0.153824 0.062274 0.986134 -0.987250 -0.051023 -0.150776
0.247606 -4.758858 -20.409056 -6.360920 0.042124 0.987602 -0.151222 -0.932329 -0.015553 -0.361276 0.359149 -0.156207 -0.920115
0.224814 -5.018795 -20.508942 -20.662684 -0.008429 0.985640 -0.168651 -0.953288 -0.058848 -0.296275 0.301945 -0.158276 -0.940094
-0.192876 -4.620911 -39.858136 -12.954598 0.044821 0.985979 -0.160737 -0.942421 -0.011645 -0.334227 0.331412 -0.166462 -0.928685
1.208098 -9.409042 -8.010066 -118.063185 0.272793 0.951160 -0.144493 0.958535 -0.255840 0.125524 0.082427 -0.172743 -0.981512
1.213118 -9.749356 -17.468463 65.757217 0.263464 0.950889 -0.162470 -0.932163 0.207596 -0.296609 0.248314 -0.229594 -0.941077
1.306251 -9.224547 20.826179 26.783576 0.266828 0.959849 -0.086561 -0.955079 0.251342 -0.157008 0.128947 -0.124566 -0.983797
0.240613 -12.366496 35.484687 -363.708500 0.190806 0.974481 -0.118238 0.505005 -0.200735 -0.839449 0.841762 -0.100461 0.530419
-0.243521 -11.121569 22.616409 -321.814853 0.203499 0.970806 -0.126979 0.518124 -0.216826 -0.827365 0.830744 -0.102577 0.547122
-0.255515 -15.841070 20.329911 -391.459393 0.188391 0.975936 -0.109808 0.335578 -0.169049 -0.926720 0.922982 -0.137737 0.359349
2.380173 -16.672694 28.534059 -349.778321 0.256125 0.965770 0.041086 0.443188 -0.079549 -0.892892 0.859060 -0.246901 0.448392
3.447315 -17.348135 40.037016 -300.909843 0.288999 0.956267 0.045088 0.351507 -0.062188 -0.934117 0.890462 -0.285808 0.354107
2.860113 -13.054618 17.545029 -216.638788 0.302439 0.953074 0.013416 0.559116 -0.165990 -0.812303 0.771958 -0.253173 0.583081
0.931703 -11.290956 -5.441041 -67.332217 -0.018233 0.998720 -0.047185 0.303092 0.050493 0.951623 -0.952787 -0.003050 0.303624
1.006449 -11.810678 7.383734 -2.663894 0.015936 0.998735 -0.047695 0.243311 0.042393 0.969021 -0.969817 0.027047 0.242328
0.814844 -12.040913 13.452405 -91.081828 0.019227 0.998193 -0.056933 0.431790 0.043070 0.900945 -0.901769 0.041905 0.430182
-0.802435 -12.052285 -8.038207 55.926064 0.166030 0.986119 -0.001872 0.616828 -0.105335 -0.780018 0.769388 -0.128352 0.625754
-0.486265 -11.989374 -16.185324 115.696084 0.160237 0.986815 0.022802 0.615979 -0.081918 -0.783492 0.771294 -0.139590 0.620984
-0.651151 -12.744250 -8.296819 -161.653866 0.225445 0.970549 -0.084904 0.509023 -0.191648 -0.839146 0.830705 -0.145964 0.537238
-0.638456 -13.547784 -1.260128 -223.897729 0.223572 0.969550 -0.099939 0.481691 -0.199045 -0.853437 0.847342 -0.142665 0.511525
-1.783278 -13.215634 -5.357889 69.601581 0.007515 0.993452 -0.114002 -0.173481 0.113571 0.978267 -0.984808 -0.012425 -0.173199
-1.406740 -13.818133 -17.019883 64.194281 -0.009775 0.991887 -0.126747 -0.354645 0.115075 0.927893 -0.934950 -0.054021 -0.350643
-0.876895 -13.303103 -43.576230 15.954007 -0.067354 0.992169 -0.105185 -0.198614 0.089981 0.975939 -0.977761 -0.086625 -0.190998
-1.867637 -12.627605 -9.883299 27.283145 -0.005384 0.993969 -0.109525 -0.005331 0.109497 0.993973 -0.999971 -0.005935 -0.004709
-2.180761 -12.547038 7.187318 27.895198 0.042110 0.990304 -0.132379 -0.012311 0.133001 0.991039 -0.999037 0.040103 -0.017792
-1.223080 -13.192922 -39.608039 12.926652 -0.055886 0.995033 -0.082383 -0.016332 0.081590 0.996532 -0.998304 -0.057037 -0.011691
-0.989448 -17.836526 -64.355346 -82.594102 -0.027728 0.998493 0.047369 0.705463 -0.014026 0.708608 -0.708204 -0.053066 0.704010
-0.158532 -19.125780 -10.694435 -47.471759 -0.010791 0.999177 0.039112 0.765625 -0.016904 0.643064 -0.643196 -0.036884 0.764813
-0.821708 -19.760236 -55.149716 -65.396561 -0.005725 0.997859 0.065146 0.895426 -0.023887 0.444569 -0.445173 -0.060879 0.893372
-1.837050 -19.348965 -130.965694 -58.424740 -0.022048 0.995832 0.088506 0.880499 -0.022590 0.473509 -0.473535 -0.088369 0.876331
1.496645 -3.184848 59.762078 24.146123 -0.323941 0.198810 -0.924952 -0.362844 0.876801 0.315537 0.873731 0.437829 -0.211894
2.125026 -2.951150 55.113574 -0.513846 -0.253426 0.056265 -0.965717 -0.451282 0.876141 0.169473 0.855640 0.478759 -0.196646
0.874206 -2.343952 87.977183 -0.346034 -0.265507 -0.030057 -0.963640 -0.460675 0.881983 0.099418 0.846926 0.470321 -0.248019
0.333636 -39.480571 -20.587761 -616.767432 -0.521155 0.831590 0.191976 0.843672 0.468002 0.263044 0.128899 0.299051 -0.945491
1.483979 -66.468240 9.711757 -2476.324670 -0.514020 0.833226 0.203761 0.756279 0.328136 0.566011 0.404754 0.445041 -0.798820
0.131969 -38.495054 18.662169 -284.904563 -0.536294 0.820553 0.197691 0.816179 0.444498 0.369152 0.215036 0.359325 -0.908100
-0.076412 -45.935003 1.278695 -479.241931 -0.544500 0.810076 0.217478 0.838205 0.534968 0.105936 -0.030527 0.239973 -0.970299
6.038451 -143.424830 144.916445 -8930.930243 -0.673898 0.721661 0.158324 0.707997 0.569523 0.417594 0.211192 0.393508 -0.894734
0.546269 -799.192332 -192.750383 -3249.750908 -0.445773 0.849772 -0.281380 0.886608 0.462453 -0.007984 0.123340 -0.253032 -0.959563
-52.058155 -503.516189 1950.946465 -61609.221246 -0.124995 0.944366 0.304220 0.672499 0.306083 -0.673838 0.729466 -0.120361 0.673344
-125.431878 -792.254975 -5993.157560 9142.293978 0.114372 -0.549029 -0.827941 0.904313 0.402551 -0.142020 0.411262 -0.732475 0.542535
-38.525871 -351.217664 -1341.373793 8839.461475 0.635532 -0.682034 -0.361840 0.727547 0.372180 0.576331 -0.258408 -0.629532 0.732745
-0.687850 -10.308600 -3.021969 44.650245 -0.266256 0.861062 -0.433219 -0.640686 -0.493885 -0.587876 0.720159 -0.121032 -0.683171
-1.320446 -9.634934 25.333754 6.153210 -0.283051 0.848539 -0.447060 -0.550700 -0.525415 -0.648590 0.785246 -0.062612 -0.616010
-1.200167 -8.802355 36.396264 108.902065 -0.215223 0.896273 -0.387780 -0.724975 -0.412682 -0.551457 0.654286 -0.162444 -0.738594
-2.246581 -8.537914 88.589611 73.705208 -0.238803 0.887628 -0.393814 -0.657164 -0.446294 -0.607419 0.714919 -0.113747 -0.689893
-2.340398 -13.518608 0.349372 -24.356210 0.054803 0.989722 -0.132087 0.309648 0.108918 0.944592 -0.949271 0.092667 0.300497
-2.308069 -12.546341 2.267401 -34.620808 0.024593 0.991920 -0.124455 0.133972 0.120099 0.983681 -0.990680 0.040865 0.129936
-2.508800 -12.926176 3.425944 -76.365011 0.015846 0.994181 -0.106551 0.295706 0.097138 0.950327 -0.955147 0.046567 0.292446
-2.540847 -13.725946 12.001479 -56.127066 0.048114 0.992565 -0.111802 0.463738 0.076939 0.882626 -0.884665 0.094313 0.456588
-0.150610 -58.931457 91.566669 -1994.440233 0.962924 0.018652 -0.269128 -0.256363 0.373889 -0.891339 -0.083999 -0.927286 -0.364809
-3.886557 -58.126278 200.514708 -2093.677505 0.959374 0.053892 -0.276941 -0.273380 0.420213 -0.865266 -0.069744 -0.905824 -0.417874
-1.662037 -38.543837 136.293696 685.973260 0.968457 0.043897 -0.245284 -0.176214 0.816634 -0.549598 -0.176181 -0.575484 -0.798610
-4.656609 -38.988750 -159.211681 -1575.824861 0.222345 0.973612 0.051406 0.627511 -0.102554 -0.771824 0.746185 -0.203869 0.633755
-14.256100 -42.020416 -138.732564 -1979.322669 0.054652 0.995314 0.079765 0.818506 0.001097 -0.574496 0.571892 -0.096686 0.814611
-4.084296 -10.619287 37.244335 -455.564138 0.301680 0.910499 -0.282807 0.586300 -0.411079 -0.698045 0.751826 -0.044776 0.657840
-4.272631 -5.834458 32.012838 282.184633 -0.175659 0.934875 0.308468 0.637605 0.346780 -0.687897 0.750069 -0.075845 0.656996
-3.806083 -7.054287 76.697588 -158.106649 0.330534 0.920684 -0.207579 0.556406 -0.367747 -0.745100 0.762338 -0.130782 0.633827
-1.514065 -16.357741 79.837752 -667.803992 0.279167 0.952111 -0.124704 0.556928 -0.266335 -0.786700 0.782238 -0.150170 0.604609
-0.553610 -4.281763 43.741460 82.733173 -0.554328 0.704464 0.443227 0.188297 0.624875 -0.757678 0.810719 0.336544 0.479034
-0.659997 -6.716637 31.308428 143.376931 -0.529474 0.746669 0.402670 0.278104 0.601209 -0.749137 0.801446 0.284664 0.525976
-1.141792 -4.687399 7.219806 79.266290 -0.487876 0.809448 0.326759 0.258228 0.491409 -0.831767 0.833844 0.321421 0.448769
-1.210806 -3.156547 -2.323925 33.182938 -0.454094 0.870504 0.189793 0.286775 0.344492 -0.893916 0.843539 0.351494 0.406071
-2.168805 -21.607273 -70.527682 -455.805052 -0.054950 0.988977 -0.137496 -0.973642 -0.022544 0.226965 -0.221363 -0.146344 -0.964148
-2.816575 -25.535515 -14.315604 -723.934847 -0.038132 0.998264 -0.044879 -0.973535 -0.026985 0.226941 -0.225336 -0.052345 -0.972874
-2.274685 -17.191887 -48.846635 516.169065 -0.039311 0.992800 -0.113148 0.998296 0.043909 0.038438 0.043129 -0.111444 -0.992834
-1.598973 -21.249451 -84.952096 511.666314 -0.047623 0.982239 -0.181492 0.985997 0.017155 -0.165880 -0.159820 -0.186850 -0.969301
-2.265720 -3.288145 38.200691 -91.054469 0.439398 0.817886 -0.371474 -0.106149 0.457911 0.882638 -0.891999 0.348398 -0.288023
-2.558205 -2.867863 -87.152883 -25.843025 -0.427566 -0.480109 0.765952 0.091668 0.819912 0.565103 -0.899324 0.311832 -0.306556
-3.035488 -5.126382 28.646501 -106.399510 0.331200 0.943516 -0.009149 -0.203480 0.080888 0.975732 -0.921359 0.321301 -0.218777
-2.591444 -5.014356 30.326916 -90.559288 0.394961 0.915748 -0.073562 -0.162664 0.148513 0.975441 -0.904183 0.373295 -0.207616
-0.108424 -7.374659 0.460092 -13.566816 -0.159487 0.985242 0.062143 0.766139 0.083830 0.637184 -0.622571 -0.149232 0.768202
-0.065285 -7.108752 8.939985 -1.617118 -0.168224 0.984881 0.041361 0.747676 0.100139 0.656470 -0.642403 -0.141358 0.753218
-0.115418 -7.574028 -0.263578 15.294384 -0.187146 0.981845 0.030920 0.677010 0.106108 0.728285 -0.711782 -0.157229 0.684576
-0.226403 -7.779859 10.579950 15.821930 -0.173388 0.984331 0.032087 0.704683 0.101236 0.702263 -0.688011 -0.144376 0.711194
-0.328311 -8.334532 20.449862 41.589410 -0.205398 0.978500 -0.018671 0.577850 0.136650 0.804622 -0.789874 -0.154478 0.593494
-0.170785 -8.164707 4.831939 40.307530 -0.218278 0.975507 -0.027227 0.533968 0.142740 0.833369 -0.816843 -0.167367 0.552047
2.996259 -17.725507 -15.817433 217.765451 0.411970 0.898935 -0.148983 0.911060 -0.403528 0.084463 0.015808 -0.170528 -0.985226
4.023094 -18.128208 -14.914818 192.791986 0.408509 0.896626 -0.170827 -0.836359 0.442657 0.323354 -0.365546 -0.010779 -0.930731
2.282734 -18.011228 -62.770548 172.986186 0.340426 0.907351 -0.246626 0.935387 -0.353502 -0.009406 -0.095717 -0.227488 -0.969065
1.245678 -15.737703 -73.975829 333.066139 0.366210 0.898077 -0.243614 0.911035 -0.292721 0.290395 0.189486 -0.328287 -0.925377
0.272058 -16.432601 -80.072686 342.027964 0.283020 0.915889 -0.284687 0.955050 -0.241826 0.171462 0.088195 -0.320418 -0.943162
1.103970 -18.716735 -88.412755 128.660191 0.256149 0.926076 -0.277077 0.943764 -0.301581 -0.135496 -0.209041 -0.226788 -0.951246
1.460673 -14.051840 -13.593600 -75.716592 0.335044 0.938728 -0.080848 0.392621 -0.217102 -0.893709 0.856501 -0.267689 0.441302
1.258970 -16.155833 -4.464983 -138.267177 0.242547 0.969520 0.034665 0.476696 -0.087983 -0.874654 0.844945 -0.228669 0.483507
3.397677 -18.858177 73.594215 -345.150316 0.287523 0.950620 -0.116845 0.248882 -0.191962 -0.949320 0.924872 -0.243870 0.291786
6.415628 -12.507702 323.408811 -242.614081 0.346662 0.856059 -0.383391 0.081922 -0.434807 -0.896789 0.934406 -0.279475 0.220862
1.666074 -11.081365 36.637092 -39.927750 0.404086 0.875920 -0.263589 0.223864 -0.374099 -0.899964 0.886904 -0.304655 0.347255
-0.445905 -11.436487 -55.353702 32.661318 0.353755 0.932125 -0.077460 0.436974 -0.237922 -0.867437 0.826989 -0.273013 0.491481
-0.143982 -5.535129 3.367951 -39.758446 -0.084894 0.990513 -0.108063 0.963431 0.109265 0.244666 -0.254153 0.083340 0.963567
-0.125697 -5.424457 0.076233 -48.789109 -0.103388 0.988364 -0.111572 0.956389 0.129594 0.261775 -0.273188 0.079641 0.958658
-0.032286 -4.713260 8.789510 -47.884961 -0.094990 0.988883 -0.114401 0.935866 0.127881 0.328332 -0.339312 0.075875 0.937609
-0.279445 -6.049995 -5.436897 -52.124582 -0.089716 0.990371 -0.105433 0.977615 0.107796 0.180690 -0.190315 0.086862 0.977873
-0.115951 -5.288432 12.709769 -38.326851 -0.089556 0.989097 -0.116908 0.957123 0.117934 0.264590 -0.275493 0.088200 0.957248
-0.213692 -6.203252 -1.726845 -34.721773 -0.087811 0.990616 -0.104730 0.982085 0.103690 0.157347 -0.166730 0.089037 0.981974
-1.606414 -22.033209 1.314872 -87.039396 -0.167671 0.973161 -0.157617 0.798325 0.227837 0.557465 -0.578414 0.032359 0.815101
-1.260521 -20.686269 21.306631 -3.095478 -0.114594 0.979052 -0.168302 0.831195 0.187277 0.523490 -0.544044 0.079903 0.835244
-1.419408 -19.520988 25.014427 6.933908 -0.158748 0.968380 -0.192455 0.681485 0.248518 0.688343 -0.714407 0.021882 0.699389
-1.537091 -20.256535 15.157163 -144.365992 -0.196285 0.963468 -0.182211 0.558795 0.262609 0.786629 -0.805742 -0.052585 0.589927
-1.473397 -19.523719 34.248416 25.833436 -0.160058 0.958980 -0.233965 0.465445 0.282337 0.838837 -0.870484 -0.025365 0.491542
-1.015842 -10.740350 -57.021229 -96.293048 -0.095447 0.923409 -0.371760 0.218689 0.383793 0.897150 -0.971115 -0.004331 0.238572
3.523820 -9.533641 -95.338722 -120.646163 -0.086569 0.891484 -0.444704 -0.038185 0.443082 0.895667 -0.995514 -0.094518 0.004316
2.853094 -12.389409 -0.783034 -92.297371 -0.010701 0.969416 -0.245191 0.029574 0.245405 0.968970 -0.999505 -0.003118 0.031296
-0.377915 -7.553951 -50.452346 -231.297313 0.146808 -0.682942 0.715568 0.054278 0.727878 0.683555 -0.987675 -0.061512 0.143927
-2.092667 -9.423235 9.908262 -72.133594 -0.107277 0.832700 -0.543234 0.304931 0.547610 0.779192 -0.946313 0.082060 0.312662
0.616453 -4.667979 -22.245751 -63.022896 0.072626 0.997348 0.004639 0.595820 -0.039656 -0.802138 0.799827 -0.061020 0.597120
0.689274 -4.697858 21.187217 -73.949091 0.061660 0.997318 -0.039442 0.596507 -0.068506 -0.799679 0.800236 -0.025781 0.599131
0.244135 -5.789937 -4.795690 -45.765329 0.078031 0.996432 -0.032150 0.490881 -0.066469 -0.868687 0.867725 -0.052003 0.494316
-1.942457 -10.029414 41.052412 54.177942 -0.427945 0.815985 0.388627 0.557717 0.576776 -0.596893 0.711206 0.038694 0.701918
-3.363493 -9.830555 92.392336 0.156265 -0.427978 0.804158 0.412509 0.591190 0.594322 -0.545230 0.683615 -0.010525 0.729767
-3.216114 -9.574222 86.235253 108.635688 -0.450749 0.782838 0.428941 0.419277 0.609891 -0.672488 0.788056 0.123278 0.603133
-2.474606 -9.289774 73.509212 -81.694372 -0.386704 0.846971 0.364828 0.723037 0.524015 -0.450140 0.572431 -0.089713 0.815030
-1.834160 -8.852069 25.740007 122.422947 -0.440001 0.806571 0.394769 0.392205 0.568072 -0.723512 0.807821 0.163515 0.566293
-1.325350 -10.240327 29.801857 -72.500994 -0.399429 0.844382 0.357037 0.718698 0.530191 -0.449856 0.569148 -0.076916 0.818630
-0.195579 -7.085344 -28.204582 4.122094 -0.199630 0.977990 0.060691 0.800457 0.127041 0.585772 -0.565169 -0.165518 0.808200
0.083332 -6.985649 -14.298465 -29.984337 -0.200624 0.979039 0.035107 0.726583 0.124662 0.675675 -0.657136 -0.161064 0.736363
-0.042826 -6.884786 -10.171306 -12.807511 -0.189089 0.981142 0.040061 0.704390 0.107102 0.701687 -0.684164 -0.160900 0.711359
7.544061 -118.076192 190.371740 5317.764701 0.929145 0.031984 -0.368328 -0.244668 -0.693697 -0.677438 0.277176 -0.719556 0.636720
-21.003417 -44.216690 -417.014329 1380.567039 0.811795 0.119485 -0.571587 -0.555906 -0.141527 -0.819109 0.178766 -0.982697 0.048468
190.970992 -366.313197 -6248.512986 -86231.436680 -0.450569 0.243695 -0.858836 0.346059 0.934480 0.083607 0.822940 -0.259537 -0.505381
1.108555 -45.492301 33.863045 -685.599218 0.902451 -0.375988 0.210274 0.423137 0.865256 -0.268863 0.080852 -0.331610 -0.939946
1.569409 -49.772989 -33.041353 -1720.227052 0.925036 -0.326268 0.194572 0.365818 0.627001 -0.687784 -0.102405 -0.707403 -0.699353
2.346621 -44.910149 1.572422 -1492.225629 0.909245 -0.349893 0.225496 0.405145 0.619511 -0.672357 -0.095556 -0.702695 -0.705045
-7.545291 -12.402287 8.786305 241.079573 0.079739 0.930842 0.356617 -0.586364 0.333114 -0.738385 0.806113 0.150229 -0.572374
-9.089634 -11.433728 137.475866 41.032774 -0.102734 0.962169 0.252341 -0.443685 0.182724 -0.877357 0.890275 0.202095 -0.408128
-6.620254 -10.577147 -13.537810 95.525281 -0.380003 0.922540 -0.067214 -0.469176 -0.254861 -0.845529 0.797165 0.289768 -0.529681
-7.608340 -11.573643 53.769774 51.084054 -0.265803 0.963612 0.028309 -0.425264 -0.090850 -0.900498 0.865158 0.251394 -0.433938
-6.230860 -9.428123 -28.404433 -10.790716 0.351426 0.935750 0.029510 -0.617485 0.207977 0.758589 -0.703713 0.284810 -0.650900
-6.496673 -9.482867 -12.215661 8.535561 0.395744 0.916244 0.062321 -0.487583 0.152121 0.859722 -0.778235 0.370616 -0.506946
-7.940251 -23.096158 -304.303296 -1490.796345 -0.305805 0.920207 -0.244340 0.903817 0.199893 -0.378362 -0.299330 -0.336543 -0.892827
-11.203791 -67.730056 97.953932 4564.289539 0.031371 0.988418 -0.148477 -0.719088 0.125495 0.683494 -0.694211 -0.085326 -0.714696
-15.095390 -46.113929 -198.358663 -1934.949502 0.063225 0.959221 -0.275495 -0.902222 -0.063064 -0.426636 0.426612 -0.275532 -0.861443
-0.351696 -7.380259 -14.841552 3.655922 -0.061066 0.977900 -0.199956 -0.940612 0.010645 0.339317 -0.333947 -0.208802 -0.919174
-0.423124 -7.317835 -37.580660 3.801543 -0.054382 0.975214 -0.214476 -0.892660 0.048768 0.448084 -0.447438 -0.215821 -0.867883
-0.491192 -7.281019 8.824731 23.885269 -0.034390 0.981713 -0.187237 -0.897832 0.051945 0.437264 -0.438993 -0.183145 -0.879626
-0.412164 -7.320390 39.043215 21.438612 -0.016901 0.984900 -0.172295 -0.857062 0.074476 0.509802 -0.514936 -0.156284 -0.842862
-0.506428 -7.612743 38.300959 18.498252 -0.053073 0.986025 -0.157917 -0.931143 0.008267 0.364560 -0.360771 -0.166391 -0.917692
3.650349 -7.302456 70.042389 9.739069 -0.149039 0.988412 0.028795 -0.152076 -0.051685 0.987016 -0.977067 -0.142725 -0.158017
1.030413 -9.525435 -21.296850 30.888364 0.270141 0.953994 -0.130076 -0.916106 0.213107 -0.339610 0.296265 -0.210906 -0.931529
1.044275 -10.835922 1.059676 23.350776 0.236849 0.959590 -0.151951 -0.881483 0.146483 -0.448921 0.408522 -0.240269 -0.880557
1.168760 -10.463193 -10.268062 28.728766 0.236880 0.956647 -0.169452 -0.874942 0.134239 -0.465249 0.422332 -0.258469 -0.868809
-0.049169 -20.450355 -10.318134 -114.044062 0.046915 0.996070 0.075128 0.963983 -0.064859 0.257933 -0.261792 -0.060322 0.963237
0.251972 -21.600266 -31.371393 -79.673722 0.040404 0.996109 0.078324 0.889910 -0.071518 0.450494 -0.454342 -0.051500 0.889337
0.115087 -21.972141 -18.892943 -84.039577 0.070587 0.994064 0.082791 0.985345 -0.082406 0.149346 -0.155282 -0.071036 0.985313
0.218076 -19.499790 -10.184094 -60.024463 0.004890 0.998148 0.060630 0.842687 -0.036756 0.537147 -0.538381 -0.048465 0.841307
-0.183156 -20.508658 3.045650 18.187324 -0.078020 -0.994372 -0.071677 0.995134 -0.073337 -0.065805 0.060178 -0.076463 0.995255
-0.412092 -20.112797 7.637235 5.691757 -0.057632 -0.995216 -0.078888 0.996826 -0.061712 0.050301 -0.054928 -0.075738 0.995614
-0.114890 -20.467099 -0.348306 -34.261628 0.016702 0.997962 0.061581 0.929418 -0.038204 0.367046 -0.368651 -0.051105 0.928162
3.537934 -15.811337 25.776227 -337.419438 0.342854 0.939063 0.024712 0.492883 -0.157433 -0.855734 0.799698 -0.305573 0.516825
-0.222826 -13.465108 -5.705786 -202.197452 0.216992 0.973526 -0.071840 0.509375 -0.175701 -0.842417 0.832737 -0.146204 0.534016
-0.159682 -13.587125 -18.159825 34.250944 0.177829 0.984043 0.005949 0.612747 -0.105996 -0.783139 0.770012 -0.142910 0.621818
0.044077 -14.560338 -22.045493 -71.478026 0.189150 0.981948 -0.000964 0.610625 -0.118392 -0.783020 0.768999 -0.147520 0.621995
0.085669 -16.653152 -8.159240 -302.766489 0.225253 0.970972 -0.080462 0.466804 -0.180043 -0.865840 0.855193 -0.157473 0.493809
0.023506 -17.526663 -32.354659 302.741024 0.139727 0.987651 0.070870 0.730214 -0.054437 -0.681046 0.668778 -0.146911 0.728803
-0.881458 -14.406665 -39.775194 58.571349 -0.047130 0.989182 -0.138914 -0.411290 0.107516 0.905141 -0.910285 -0.099793 -0.401774
-2.929970 -15.683843 23.202759 -84.898990 0.081084 0.995034 -0.057724 0.775286 -0.026569 0.631051 -0.626384 0.095921 0.773590
-2.915562 -14.878177 18.129525 -81.969988 0.044992 0.997721 -0.050282 0.645513 0.009378 0.763691 -0.762423 0.066818 0.643620
-2.583705 -16.613612 -18.601256 -74.919730 0.036470 0.999271 -0.011247 0.776878 -0.021270 0.629292 -0.628594 0.031688 0.777088
-1.016793 -23.621727 44.597051 309.104359 -0.125593 0.943414 0.306914 -0.491619 0.209524 -0.845228 0.861706 0.257039 -0.437486
-0.730696 -22.412205 -37.660724 195.269592 -0.029449 0.945652 0.323845 -0.569338 0.250425 -0.783034 0.821576 0.207437 -0.531020
-0.618856 -20.492157 19.137803 122.567427 -0.122392 0.945084 0.303045 -0.719889 0.125656 -0.682621 0.683213 0.301706 -0.664976
0.987763 -48.331847 23.307302 -904.687273 -0.533239 0.827362 0.176431 0.810632 0.440087 0.386264 0.241936 0.348992 -0.905357
0.604565 -54.231928 -2.337226 946.918042 -0.507649 0.841247 0.185999 -0.643012 -0.226251 -0.731674 0.573436 0.491033 -0.655788
-16.009153 -708.298544 690.764270 3249.614717 -0.437816 0.897489 0.053210 0.896884 0.440108 -0.043629 0.062575 -0.028622 0.997630
-0.466652 -3.555672 -76.308221 2.749189 -0.557159 -0.541153 0.629863 -0.267993 0.835092 0.480417 -0.785973 0.098870 -0.610304
-0.611448 -3.825588 -120.723579 26.635758 -0.542855 -0.604735 0.582756 -0.348999 0.793588 0.498416 -0.763878 0.067186 -0.641854
-1.945724 -3.855006 97.673524 -26.276500 0.451206 0.767710 -0.455011 -0.426300 0.633345 0.645866 -0.784016 0.097447 -0.613043
-2.433951 -4.281295 69.015384 -26.218955 0.326318 0.873370 -0.361581 -0.529197 0.485749 0.695700 -0.783242 0.035672 -0.620693
-1.487568 -3.718112 80.187980 -45.392975 0.498164 0.703066 -0.507475 -0.351016 0.698686 0.623398 -0.792856 0.132423 -0.594848
1.261119 -6.268148 5.203657 -38.160020 -0.006798 0.999933 -0.009400 -0.379936 0.006112 0.924992 -0.924988 -0.009860 -0.379869
1.000857 -6.728873 -8.882377 -19.055421 -0.025276 0.999669 0.004741 -0.285041 -0.011752 0.958443 -0.958182 -0.022874 -0.285243
0.857997 -6.608830 -13.569729 -34.103014 -0.018584 0.998250 -0.056139 -0.302994 0.047886 0.951789 -0.952811 -0.034698 -0.301573
-12.627559 -37.801800 377.456281 19.690406 0.902105 -0.021283 -0.430992 -0.259677 0.770917 -0.581597 -0.344637 -0.636580 -0.689921
-7.597783 -39.889657 257.648666 -540.700048 0.940837 0.038588 -0.336656 -0.272252 0.677601 -0.683181 -0.201756 -0.734417 -0.648017
-12.808872 -70.702174 338.804790 -3010.167067 0.905054 0.010306 -0.425172 -0.407882 0.304181 -0.860875 -0.120457 -0.952559 -0.279504
-19.214748 -47.895812 507.018708 -1221.009011 0.860977 -0.107417 -0.497172 -0.358836 0.564476 -0.743373 -0.360493 -0.818430 -0.447455
-23.994124 -182.396435 -864.561704 -8659.475063 0.236907 0.897571 0.371810 0.763711 0.064502 -0.642328 0.600517 -0.436127 0.670203
-49.477548 -583.357746 -1092.888792 -29365.085656 0.246373 0.958826 -0.141255 0.841503 -0.283938 -0.459620 0.480804 0.005628 0.876810
-6.848952 -7.954485 28.720638 33.832118 0.855606 -0.311837 0.413154 -0.432221 -0.869587 0.238753 -0.284821 0.382852 0.878807
-7.532443 -7.892554 45.436843 -40.317992 0.623242 -0.555536 0.550408 0.663040 0.748569 0.004766 -0.414666 0.361972 0.834882
-7.088943 -7.399590 -39.736221 3.836274 -0.238306 0.896707 -0.372997 0.894690 0.352104 0.274868 -0.377810 0.268214 0.886183
-7.228743 -8.196301 -69.990155 45.163050 0.346128 0.932059 -0.107058 0.773108 -0.218715 0.595372 -0.531506 0.288842 0.796286
0.051745 -28.763132 36.276769 -466.190115 0.098159 0.988166 -0.117869 0.198904 -0.135532 -0.970602 0.975091 -0.071828 0.209854
-0.485569 -28.524050 19.873478 -405.812005 0.118865 0.986238 -0.114914 0.163494 -0.133596 -0.977457 0.979357 -0.097398 0.177124
-0.392149 -26.586121 34.991606 -6.453382 0.101837 0.989524 -0.102334 -0.132279 -0.088486 -0.987255 0.985967 -0.114076 -0.121882
-0.425779 -26.047065 27.999298 -547.256726 0.115350 0.985592 -0.123702 0.464955 -0.163622 -0.870083 0.877788 -0.042848 0.477130
-0.214772 -28.122276 43.574533 257.254139 0.096891 0.991055 -0.091776 -0.309122 -0.057685 -0.949271 0.946074 -0.120346 -0.300768
0.324056 -28.963951 20.222947 -118.420992 0.144729 0.984645 -0.097611 -0.096080 -0.084199 -0.991806 0.984796 -0.152921 -0.082418
0.756004 -27.443770 30.254543 -529.284506 0.124607 0.987512 -0.096397 0.302313 -0.130322 -0.944258 0.945029 -0.088519 0.314777
0.156891 -24.265117 27.080594 -570.433158 0.109000 0.987039 -0.117780 0.535896 -0.158142 -0.829341 0.837218 -0.027280 0.546188
0.629091 -24.576791 26.531470 -543.048120 0.121360 0.986898 -0.106318 0.504807 -0.153588 -0.849459 0.854659 -0.049421 0.516833
-3.489094 -25.783266 -30.392638 -668.613325 -0.039619 0.999197 -0.006034 -0.969121 -0.036954 0.243802 -0.243383 -0.015506 -0.969806
-3.199730 -17.388552 -22.290023 -537.875547 -0.021485 0.999128 -0.035803 -0.999146 -0.022722 -0.034509 0.035293 -0.035031 -0.998763
-2.791454 -27.046068 -6.355168 -239.822781 -0.025424 0.998585 -0.046713 -0.803326 0.007404 0.595493 -0.594997 -0.052666 -0.802001
-2.152452 -3.125589 -110.808926 32.524090 -0.242748 0.282803 0.927953 0.323954 0.925283 -0.197244 -0.914400 0.252734 -0.316226
-3.247000 -4.175270 28.428254 -122.512215 0.277896 0.959443 0.047361 -0.273865 0.031873 0.961240 -0.920745 0.280095 -0.271615
-0.136080 -6.904783 18.294051 -10.705355 -0.146463 0.988076 0.047487 0.805774 0.091318 0.585140 -0.573826 -0.123965 0.809541
-0.257229 -7.018377 9.606470 6.781514 -0.161734 0.986033 0.039772 0.823655 0.112682 0.555784 -0.543539 -0.122648 0.830375
-0.130527 -7.075247 -6.547866 2.885228 -0.183768 0.982229 0.038154 0.721212 0.108357 0.684187 -0.667894 -0.153249 0.728308
3.231765 -17.510715 19.041001 83.816989 0.440436 0.895030 -0.070265 -0.867856 0.444487 0.221941 -0.229876 0.036771 -0.972525
3.538193 -17.063181 53.611681 255.640456 0.462041 0.884484 -0.064854 -0.750457 0.428899 0.502853 -0.472581 0.183668 -0.861936
4.567044 -17.407726 31.224958 314.170488 0.434213 0.889590 -0.141735 -0.703971 0.433274 0.562759 -0.562035 0.144580 -0.814379
5.022496 -18.171430 -33.210188 348.195123 0.397808 0.893173 -0.209741 -0.718164 0.445411 0.534649 -0.570955 0.062059 -0.818632
53.017414 -11.215892 2350.558906 160.495974 -0.063839 0.943677 -0.324651 0.969461 -0.018546 -0.244542 -0.236789 -0.330348 -0.913674
3474.925191 -635.884004 140314.632764 15116.800001 -0.075933 0.944059 -0.320914 0.992653 0.041163 -0.113782 -0.094207 -0.327196 -0.940249
102.765016 -13.977188 4782.039691 139.379272 -0.144232 0.967667 -0.206924 0.970011 0.096916 -0.222904 -0.195643 -0.232868 -0.952626
33.610214 -7.504459 1310.718465 -44.483984 0.013853 0.947598 -0.319166 -0.944569 0.117115 0.306715 -0.328022 -0.297225 -0.896693
3.584705 -8.127539 179.169241 -59.872788 -0.270627 0.946629 -0.175086 -0.907770 -0.190386 0.373774 -0.320491 -0.260091 -0.910844
2.531341 -7.799449 169.389711 -68.543391 -0.295293 0.938933 -0.176654 -0.918001 -0.227608 0.324760 -0.264720 -0.258068 -0.929152
1.394210 -17.372480 -5.433918 -176.065740 0.205955 0.977497 0.045625 0.506058 -0.066486 -0.859933 0.837549 -0.200196 0.508363
1.055595 -13.950563 -27.157128 -38.445328 0.222239 0.971725 0.079754 0.662455 -0.090475 -0.743618 0.715377 -0.218094 0.663831
1.698644 -17.723444 -23.763543 -262.147141 0.193891 0.979276 0.058523 0.633887 -0.079530 -0.769326 0.748728 -0.186263 0.636171
1.591268 -13.886378 -34.917387 -54.721543 0.196151 0.977031 0.083279 0.776300 -0.102841 -0.621918 0.599068 -0.186639 0.778642
0.056890 -13.790529 -63.460065 31.091538 0.245796 0.963973 0.101687 0.770821 -0.130776 -0.623484 0.587723 -0.231632 0.775195
0.814736 -13.546754 -46.944482 -0.867986 0.218800 0.969865 0.107188 0.829029 -0.126836 -0.544632 0.514624 -0.208027 0.831797
-0.114445 -7.170327 5.430823 36.456271 -0.126570 0.952168 -0.278128 -0.212094 -0.299876 -0.930102 0.969018 0.058733 -0.239904
0.105142 -6.375795 42.252419 30.573932 -0.150208 0.940065 -0.306130 -0.345451 -0.340031 -0.874667 0.926338 0.025629 -0.375821
0.800851 -6.314594 62.773801 4.135037 -0.167370 0.908506 -0.382889 -0.261330 -0.415357 -0.871312 0.950628 0.045771 -0.306938
1.085448 -6.088472 99.891710 1.428551 -0.167101 0.908260 -0.383589 -0.383469 -0.418298 -0.823395 0.908311 -0.009504 -0.418187
-0.192791 -7.175257 15.534858 50.221518 -0.148909 0.938622 -0.311150 -0.163414 -0.333690 -0.928411 0.975255 0.087403 -0.203073
-1.225730 -25.104264 -28.845102 -207.630254 -0.107916 0.986865 -0.120216 0.946418 0.139002 0.291498 -0.304380 0.082317 0.948987
-0.988135 -21.523595 -8.423125 -246.693740 -0.080045 0.984939 -0.153256 0.928830 0.129500 0.347139 -0.361757 0.114562 0.925206
-1.304332 -19.869475 12.585307 -51.654196 -0.083646 0.977331 -0.194494 0.822816 0.177838 0.539766 -0.562119 0.114883 0.819039
-1.550845 -8.150569 -71.235786 35.436513 0.155324 -0.601001 0.784010 0.432397 0.754939 0.493052 -0.888205 0.262420 0.377131
-1.064095 -7.536345 -21.534089 19.427583 0.193501 -0.516650 0.834044 0.391885 0.820052 0.417063 -0.899435 0.246147 0.361148
-0.217929 -6.992454 -12.893112 -37.448274 0.241316 -0.434470 0.867757 0.248763 0.892000 0.377430 -0.938021 0.124786 0.323334
-1.087847 -7.610784 -63.283292 -81.053200 0.176927 -0.578422 0.796319 0.243773 0.809627 0.533927 -0.953557 0.099655 0.284249
0.683148 -3.322915 15.798964 -66.769121 0.060851 0.997663 -0.031085 0.659023 -0.063547 -0.749433 0.749657 -0.025119 0.661350
-4.496631 -9.698143 99.103656 24.134133 -0.416556 0.767272 0.487621 0.501177 0.641317 -0.580977 0.758488 -0.002375 0.651683
-3.536695 -8.736303 88.235457 -104.722478 -0.346478 0.853456 0.389315 0.738654 0.504043 -0.447583 0.578224 -0.132491 0.805049
-4.457861 -9.112100 83.359656 -92.558215 -0.349343 0.819089 0.455030 0.667905 0.558277 -0.492168 0.657163 -0.131981 0.742104
-0.786477 -3.729537 8.183902 30.293061 0.005978 0.998626 -0.052070 0.788770 0.027298 0.614082 -0.614659 0.044742 0.787523
-0.819937 -4.198516 3.618529 40.007889 0.092718 0.995639 0.010339 0.752785 -0.076891 0.653761 -0.651704 0.052832 0.756631
-1.256360 -4.438756 9.226588 45.259831 -0.017600 0.997002 -0.075348 0.742771 0.063484 0.666530 -0.669315 0.044235 0.741661
-1.258365 -3.999955 27.690527 40.143906 -0.101405 0.984696 -0.141741 0.771874 0.167761 0.613243 -0.627637 0.047220 0.777073
-5.155663 -660.364974 -12.415715 44569.129059 0.917891 -0.208097 -0.337894 -0.305182 -0.914429 -0.265862 0.253655 -0.347152 0.902854
11.572336 -92.597463 770.724506 -3758.735886 0.610211 -0.137653 -0.780189 0.786431 0.224274 0.575523 0.095754 -0.964755 0.245110
-6.168180 -21.912142 84.468652 -597.838916 0.502697 -0.052819 -0.862848 0.861457 0.113779 0.494921 0.072032 -0.992101 0.102698
0.723773 -31.465978 -98.224578 406.659584 -0.889947 0.335699 -0.308708 0.331597 0.941014 0.067355 0.313109 -0.042424 -0.948769
-0.004811 -24.609746 77.023765 78.903634 0.914007 -0.286268 0.287474 0.341808 0.925070 -0.165569 0.218536 -0.249592 -0.943369
-1.995827 -21.617543 -98.152336 -111.222473 -0.846481 0.471782 -0.246760 0.414193 0.874733 0.251568 0.334535 0.110741 -0.935854
0.460289 -29.568273 -96.325132 142.923500 -0.836141 0.473833 -0.276315 0.346548 0.846821 0.403484 0.425174 0.241613 -0.872267
-0.828431 -10.346152 53.960726 -149.881849 -0.121962 0.983547 -0.133267 0.665737 -0.018522 -0.745957 0.736152 0.179699 0.652525
-0.471994 -9.766083 9.406421 -73.769666 -0.124559 0.989033 -0.079362 0.676464 0.026135 -0.736012 0.725866 0.145362 0.672301
-0.655668 -9.418793 37.241663 -70.356581 -0.130327 0.986922 -0.094872 0.727266 0.030123 -0.685695 0.673869 0.158362 0.721680
-4.205018 -10.596625 -198.702138 61.059212 0.224292 0.951885 0.208826 -0.531386 0.299087 -0.792576 0.816898 -0.066801 -0.572901
-2.100902 -11.626896 -218.921111 229.857707 0.262332 0.959625 0.101501 -0.640588 0.251845 -0.725411 0.721685 -0.125278 -0.680791
-3.505598 -10.506130 -136.470356 351.785045 0.219283 0.959733 0.175575 -0.752864 0.280908 -0.595220 0.620573 0.001663 -0.784147
-6.078837 -9.578303 -15.025221 -4.408868 0.281148 0.959214 0.029392 -0.510698 0.123616 0.850827 -0.812492 0.254219 -0.524623
-6.211697 -9.509800 -9.853405 13.137653 0.313548 0.947887 0.056547 -0.374333 0.068657 0.924749 -0.872675 0.311121 -0.376353
-5.403561 -11.893738 -351.542896 -506.091013 -0.401695 0.854965 -0.328138 0.890775 0.281635 -0.356654 -0.212511 -0.435564 -0.874713
-10.906463 -72.786979 -273.906631 5015.760996 -0.217111 0.940533 -0.261266 -0.664963 0.053440 0.744962 -0.714624 -0.335472 -0.613817
-0.136680 -7.012897 -17.892332 3.287744 -0.040062 0.976077 -0.213701 -0.774364 0.104834 0.623995 -0.631470 -0.190481 -0.751640
-0.207746 -7.212523 -21.796137 -5.143193 -0.048874 0.976899 -0.208036 -0.865744 0.062436 0.496578 -0.498095 -0.204376 -0.842693
1.092478 -7.881694 -2.321173 24.314803 -0.037513 0.994468 -0.098108 -0.430421 0.072524 0.899710 -0.901848 -0.075979 -0.425320
0.277041 -5.652865 12.069181 -14.972488 -0.034272 0.987380 -0.154619 -0.969230 -0.070571 -0.235825 0.243760 -0.141779 -0.959416
0.363982 -5.384281 -0.209965 -17.787200 -0.022121 0.986494 -0.162298 -0.960402 -0.066067 -0.270672 0.277739 -0.149884 -0.948892
0.321426 -5.247330 16.313849 -19.748548 0.003133 0.990123 -0.140166 -0.927040 -0.049680 -0.371657 0.374950 -0.131104 -0.917728
0.166516 -5.456546 16.497854 -20.518560 -0.000858 0.991052 -0.133473 -0.935177 -0.048068 -0.350902 0.354178 -0.124520 -0.926851
0.233121 -5.012838 20.113866 -25.545716 0.028233 0.991581 -0.126373 -0.892064 -0.032049 -0.450772 0.451027 -0.125460 -0.883648
0.410957 -4.879427 22.185669 -16.617233 0.035872 0.991168 -0.127670 -0.879459 -0.029363 -0.475068 0.474620 -0.129322 -0.870638
0.887483 -9.212728 12.684960 -61.756423 0.301914 0.950295 -0.076073 -0.924001 0.272048 -0.268723 0.234670 -0.151423 -0.960209
0.953763 -9.726475 37.475020 -59.210108 0.305570 0.951377 -0.038844 -0.943145 0.296819 -0.149584 0.130781 -0.082344 -0.987986
1.093502 -11.267372 54.673502 53.524325 0.241331 0.970146 -0.023996 0.970270 -0.240747 0.024841 0.018322 -0.029278 -0.999403
0.545600 -25.117133 -23.958062 -208.404423 0.067756 0.994816 0.075834 0.942252 -0.088792 0.322919 -0.327978 -0.049575 0.943384
0.581350 -24.768267 -43.400938 -140.028245 0.039051 0.996268 0.076973 0.793089 -0.077762 0.604122 -0.607853 -0.037455 0.793166
0.459849 -19.796181 -37.989043 -37.642356 -0.009209 0.998302 0.057514 0.707820 -0.034120 0.705568 -0.706333 -0.047207 0.706304
-1.237611 -11.647065 27.965456 54.522152 0.236382 0.969800 0.060097 -0.928180 0.243667 -0.281260 0.287410 -0.010704 -0.957748
-1.032934 -13.052572 44.187354 147.220393 0.221102 0.972918 0.067416 -0.867402 0.227779 -0.442413 0.445788 -0.039341 -0.894274
-1.716278 -11.516037 24.127944 41.910434 0.215056 0.976307 0.023986 -0.923003 0.211216 -0.321640 0.319086 -0.047032 -0.946558
-0.310773 -13.178704 19.801137 147.854499 0.253144 0.965322 0.063812 -0.857800 0.254468 -0.446570 0.447322 -0.058309 -0.892470
-0.291469 -11.485916 37.503108 83.965854 0.253500 0.962366 0.097924 -0.923958 0.270862 -0.270064 0.286424 0.022016 -0.957850
0.998721 -8.604899 20.847373 33.128679 -0.030285 0.998406 0.047628 0.628830 -0.018007 0.777335 -0.776953 -0.053491 0.627282
1.049444 -8.331783 44.364659 -5.367196 -0.035377 0.998988 0.027763 0.713750 0.005811 0.700376 -0.699506 -0.044593 0.713234
2.235446 -8.177026 98.499368 44.578323 -0.064177 0.997938 -0.000602 0.635604 0.041340 0.770907 -0.769343 -0.049092 0.636947
-2.182490 -13.846524 -6.023077 3.739267 0.123200 0.985971 -0.112616 -0.768287 0.166592 0.618047 -0.628137 -0.010378 -0.778033
-2.125025 -13.447387 -6.197540 13.244433 0.111834 0.987353 -0.112371 -0.652481 0.158249 0.741098 -0.749508 0.009559 -0.661927
-2.494615 -14.035219 9.394913 -12.624344 0.163368 0.983798 -0.073842 -0.706450 0.168900 0.687314 -0.688650 0.060119 -0.722597
-1.986193 -14.369369 -27.954414 13.795946 0.068207 0.985111 -0.157812 -0.723075 0.157798 0.672504 -0.687394 -0.068241 -0.723072
-2.291909 -13.902770 1.781403 -24.455347 0.149944 0.985425 -0.080340 -0.850405 0.169993 0.497909 -0.504309 0.006337 -0.863500
-1.985661 -14.253774 -13.045512 -11.186205 0.103858 0.983991 -0.144829 -0.876753 0.159330 0.453781 -0.469592 -0.079851 -0.879265
0.457364 -18.210460 -9.434714 -29.943635 -0.020399 0.999256 0.032725 0.665800 -0.010841 0.746052 -0.745852 -0.037007 0.665083
0.664347 -18.308372 -29.898165 -54.367128 -0.044510 0.998858 0.017343 0.440660 0.004050 0.897665 -0.896570 -0.047597 0.440337
0.491217 -12.942148 -56.542412 51.312365 -0.100099 0.495969 0.862552 0.975475 -0.121879 0.183285 0.196031 0.859744 -0.471605
-0.915965 -12.339408 -17.885442 -135.168520 -0.071566 0.482501 0.872967 0.991560 0.129277 0.009835 -0.108109 0.866303 -0.487681
-0.319932 -13.271063 -45.059415 20.768385 -0.005112 0.494122 0.869378 0.990385 -0.117690 0.072714 0.138247 0.861390 -0.488769
1.266025 -12.471728 -58.365150 206.643346 -0.039509 0.495727 0.867579 0.899133 -0.361122 0.247288 0.435890 0.789839 -0.431457
