17000
33988
-3.138736 -4.476189 -25.283061 28.331415 -0.642820 -0.412222 0.645643 -0.478748 0.874164 0.081470 -0.597982 -0.256730 -0.759281
-3.378063 -5.194153 -15.938993 24.470205 -0.576998 -0.541596 0.611348 -0.649266 0.758272 0.058971 -0.495506 -0.362902 -0.789161
-4.495266 -6.011354 -3.576014 107.502756 -0.847581 0.150598 0.508848 -0.062298 0.924018 -0.377240 -0.526996 -0.351441 -0.773798
-2.611746 -4.639976 -11.320434 26.277254 0.416023 0.729376 -0.543079 -0.730630 0.623659 0.277902 -0.541391 -0.281176 -0.792361
-3.856279 -6.900671 8.587115 158.591771 -0.804505 0.335310 0.490244 0.107687 0.894068 -0.434794 -0.584102 -0.297001 -0.755390
-2.397974 -5.551151 25.367452 93.191723 -0.739963 0.082147 0.667613 -0.082427 0.973961 -0.211202 -0.667578 -0.211311 -0.713924
-2.381012 -3.730376 2.639052 21.023817 -0.637859 -0.349415 0.686327 -0.356032 0.923999 0.139527 -0.682918 -0.155356 -0.713784
-2.161973 -4.016879 -8.545594 22.936221 0.429535 0.714259 -0.552571 -0.654903 0.667685 0.353975 -0.621773 -0.209835 -0.754564
3.967950 -6.890916 -10.608223 -60.256020 -0.305239 0.270155 0.913151 0.917326 0.340820 0.205803 -0.255621 0.900476 -0.351852
3.018717 -5.452999 0.768206 -13.808283 -0.217679 0.312828 0.924529 0.879419 0.473746 0.046759 -0.423365 0.823227 -0.378232
3.866077 -7.398569 -21.017368 -73.657504 -0.238557 0.403093 0.883519 0.924829 0.371865 0.080052 -0.296282 0.836201 -0.461503
5.164336 -8.574746 -30.745171 -72.982536 -0.291081 0.377038 0.879269 0.952210 0.203095 0.228140 -0.092558 0.903656 -0.418136
-1.003589 -3.279564 -11.739586 22.242767 -0.391684 -0.476080 0.787357 0.105022 0.827005 0.552298 -0.914086 0.299016 -0.273926
-0.472578 -3.121682 -7.194665 14.824278 -0.390023 -0.393866 0.832317 0.213712 0.840500 0.497883 -0.895661 0.372062 -0.243641
-0.653962 -3.811842 -17.594637 25.830285 -0.427204 -0.561662 0.708543 0.046025 0.769127 0.637436 -0.902983 0.304926 -0.302724
-1.096843 -3.947225 -20.179089 34.602505 -0.412859 -0.630443 0.657335 -0.052349 0.736948 0.673919 -0.909289 0.243823 -0.337258
-0.582211 -4.734190 -15.645873 18.499909 -0.434742 -0.668517 0.603395 -0.149232 0.714241 0.683805 -0.888104 0.207233 -0.410274
1.377175 -0.781813 -59.483873 1.981713 -0.308318 0.941243 -0.137846 0.336348 -0.027683 -0.941331 0.889837 0.336594 0.308050
1.536670 -0.729893 -61.509881 -3.674398 -0.316804 0.941520 -0.114787 0.319809 -0.007901 -0.947449 0.892949 0.336865 0.298603
-0.470810 -1.004871 -48.492070 7.066565 -0.196216 0.896495 -0.397236 0.411937 -0.292265 -0.863069 0.889835 0.332985 0.311952
0.065591 -1.067094 -55.532578 16.287550 -0.233792 0.926574 -0.294624 0.391568 -0.187633 -0.900815 0.889953 0.325968 0.318949
-1.023446 -1.648985 -11.412000 -30.296611 0.060732 0.595432 -0.801107 -0.488409 0.717672 0.496391 0.870499 0.361121 0.334399
-0.994610 -1.791108 -3.047507 -38.040179 0.276634 0.093667 -0.956400 -0.389355 0.920814 -0.022437 0.878565 0.378586 0.291198
-1.059082 -2.039059 1.659590 -34.218608 0.258148 0.188831 -0.947471 -0.436858 0.897537 0.059853 0.861693 0.398460 0.314190
-2.168630 -3.731045 20.290035 -3.500608 0.933670 -0.133611 -0.332277 -0.267837 -0.876422 -0.400184 0.237746 -0.462636 0.854075
-2.050912 -3.679957 7.076917 9.079320 0.974063 -0.061920 -0.217642 -0.165058 -0.852363 -0.496219 0.154784 -0.519272 0.840475
-1.984368 -3.595000 14.308067 6.967727 0.921402 -0.189640 -0.339196 -0.343526 -0.805542 -0.482796 0.181679 -0.561372 0.807375
-1.212712 -3.544214 22.979108 -5.808562 0.879622 -0.240373 -0.410471 -0.404590 -0.831866 -0.379875 0.250146 -0.500219 0.828980
-0.769749 -6.737450 -21.514088 -31.511811 -0.781924 -0.460641 0.420005 -0.265883 0.855847 0.443657 -0.563827 0.235234 -0.791684
-1.027977 -6.927365 -9.836016 -44.607519 -0.757991 -0.476429 0.445494 -0.274719 0.852648 0.444434 -0.591591 0.214491 -0.777183
-0.756252 -5.875471 -6.777342 19.472401 -0.771221 -0.464110 0.435683 -0.138039 0.790071 0.597272 -0.621420 0.400487 -0.673385
-0.680116 -5.933953 -17.735162 18.025394 -0.786008 -0.432187 0.442047 -0.112001 0.802754 0.585698 -0.607986 0.410853 -0.679377
-0.809804 -5.915725 -2.947264 72.842659 -0.765101 -0.459720 0.450864 -0.002601 0.702397 0.711780 -0.643905 0.543411 -0.538601
-0.919565 -5.924069 8.680187 66.123657 -0.720758 -0.516719 0.462072 -0.035672 0.693355 0.719713 -0.692269 0.502255 -0.518173
0.362881 -4.529300 9.169747 3.813388 0.906291 0.274793 -0.321131 -0.259221 -0.238725 -0.935850 0.333827 -0.931396 0.145122
0.359097 -4.703745 9.527853 0.006897 0.903034 0.275268 -0.329782 -0.220686 -0.361367 -0.905931 0.368546 -0.890866 0.265579
0.316622 -4.516356 5.275138 9.390145 0.911757 0.283099 -0.297579 -0.241935 -0.215311 -0.946102 0.331912 -0.934610 0.127819
0.412577 -4.437764 3.503232 9.932923 0.911824 0.268662 -0.310480 -0.291347 -0.109442 -0.950336 0.289299 -0.956997 0.021518
0.473288 -4.523139 5.169504 6.009441 0.908265 0.261862 -0.326316 -0.296975 -0.145895 -0.943674 0.294720 -0.954014 0.054745
3.496237 -5.609282 -65.707758 4.130817 0.820780 0.531927 -0.208264 0.570767 -0.748742 0.337062 -0.023357 0.395524 0.918159
2.025073 -5.390015 -38.626399 -16.682159 0.872727 0.468371 -0.137751 0.487849 -0.825826 0.282870 -0.018730 0.314070 0.949215
1.399815 -5.050200 -27.618346 7.282871 0.868392 0.478044 -0.131796 0.490655 -0.789861 0.367937 -0.071789 0.384180 0.920463
-0.057206 -2.619488 19.729888 -9.998963 -0.337858 -0.541913 0.769534 0.805276 -0.589680 -0.061707 0.487219 0.598839 0.635617
-0.491868 -2.730973 27.401901 -1.267975 -0.368202 -0.537961 0.758304 0.818847 -0.573932 -0.009562 0.440359 0.617415 0.651831
0.108072 -2.533239 22.218002 -6.956202 -0.343253 -0.539946 0.768528 0.826064 -0.562949 -0.026561 0.446984 0.625737 0.639264
1.717246 -2.799610 -113.048651 -17.411786 -0.292585 0.836536 -0.463252 0.954668 0.227775 -0.191645 -0.054801 -0.498324 -0.865257
5.282229 -3.051531 -189.748265 -38.629510 -0.453578 0.781294 -0.428774 0.890434 0.417446 -0.181292 0.037347 -0.464025 -0.885034
5.165174 -2.112132 -140.578953 -21.004100 -0.391575 0.834479 -0.387704 0.919427 0.338186 -0.200710 -0.036372 -0.435059 -0.899667
8.599002 -2.054986 -151.537283 -30.017978 -0.513725 0.834231 -0.200362 0.855376 0.479923 -0.194953 -0.066477 -0.271536 -0.960130
6.017967 -1.403435 -60.723779 -6.210354 -0.416108 0.884506 -0.210960 0.905277 0.381116 -0.187681 -0.085605 -0.269072 -0.959308
0.224924 -9.100285 -3.565709 5.301908 -0.483187 0.773761 -0.409665 0.065531 -0.434637 -0.898218 0.873062 0.460853 -0.159305
0.375970 -8.615410 -11.469860 -4.738005 -0.473578 0.791967 -0.385372 0.151999 -0.357493 -0.921464 0.867537 0.494961 -0.048923
0.458874 -9.115157 -16.685518 -4.646532 -0.471314 0.787314 -0.397491 -0.039307 -0.468991 -0.882328 0.881089 0.400229 -0.251989
0.612306 -9.123460 -7.637833 -6.003875 -0.494337 0.787802 -0.367422 -0.051520 -0.448488 -0.892303 0.867742 0.422169 -0.262292
-0.565538 -5.218315 10.839662 -22.260644 0.865683 0.452956 -0.213129 0.488613 -0.857145 0.162971 0.108864 0.245219 0.963336
-0.754405 -5.824553 11.959774 10.907323 0.884538 0.415092 -0.212818 -0.418351 0.907732 0.031693 0.206337 0.060999 0.976578
-0.529562 -5.658603 8.721538 9.690115 0.887383 0.408400 -0.213918 -0.410190 0.911206 0.038060 0.210467 0.053973 0.976110
-0.779417 -2.180360 0.423255 -12.051381 -0.187466 -0.468942 0.863105 -0.012864 0.879780 0.475208 -0.982187 0.077982 -0.170962
-0.585227 -2.579923 2.971564 -11.780419 -0.186971 -0.487884 0.852650 0.064577 0.859974 0.506235 -0.980241 0.149713 -0.129284
-0.692293 -2.252529 -5.684890 -12.437656 -0.216129 -0.508898 0.833253 -0.000960 0.853534 0.521036 -0.976364 0.111811 -0.184962
-0.776318 -1.990355 -6.873852 -9.530994 -0.215121 -0.466393 0.858021 -0.031341 0.881436 0.471263 -0.976084 0.074487 -0.204232
1.430665 -5.310744 -20.737762 110.612148 -0.377838 0.851650 -0.363222 0.135988 0.439095 0.888089 -0.915831 -0.286161 0.281721
0.836436 -7.757337 -6.526400 139.104866 -0.365103 0.867399 -0.338110 0.027133 0.372942 0.927458 -0.930571 -0.329444 0.159698
1.151695 -8.180657 -15.382266 158.936614 -0.366930 0.867073 -0.336966 0.027738 0.372269 0.927710 -0.929835 -0.331058 0.160647
0.389644 -9.536387 9.758429 -12.845978 -0.474037 0.768964 -0.428933 -0.074841 -0.520570 -0.850533 0.877318 0.371083 -0.304319
0.320402 -9.705293 4.169498 -27.714747 -0.459845 0.788368 -0.408678 -0.258596 -0.559165 -0.787695 0.849512 0.256535 -0.460998
0.606357 -10.557463 16.042983 -58.771896 -0.461385 0.792849 -0.398138 -0.196698 -0.529004 -0.825509 0.865121 0.302565 -0.400026
0.693851 -9.420005 15.208253 -21.859314 -0.480931 0.754088 -0.447277 0.026860 -0.497236 -0.867199 0.876347 0.429077 -0.218882
0.926012 -11.051498 14.522147 -61.133519 -0.435775 0.797278 -0.417669 -0.077115 -0.495415 -0.865227 0.896746 0.344836 -0.277372
-0.376125 -13.561158 5.270959 3.047672 0.397963 -0.135324 0.907366 -0.090843 0.978387 0.185759 -0.912893 -0.156353 0.377068
-0.319752 -13.533142 15.770144 3.681116 0.409540 -0.125992 0.903550 -0.301144 0.916232 0.264255 -0.861156 -0.380322 0.337292
-0.263391 -13.775206 7.673887 27.481845 0.409530 -0.134953 0.902260 -0.057946 0.983153 0.173354 -0.910455 -0.123276 0.394811
0.381105 -23.068898 14.212321 189.683629 -0.551498 0.084142 -0.829922 -0.084723 0.984105 0.156074 0.829863 0.156388 -0.535603
0.352896 -18.374405 3.655513 53.098614 -0.537060 0.023625 -0.843213 -0.413039 0.864214 0.287287 0.735503 0.502570 -0.454377
0.248913 -17.099987 8.075114 20.398439 -0.564991 0.023615 -0.824759 -0.301467 0.924572 0.232990 0.768051 0.380275 -0.515256
0.145081 -18.679670 2.842699 116.770255 -0.563291 0.057219 -0.824275 -0.016001 0.996657 0.080120 0.826104 0.058320 -0.560492
1.169348 -25.367764 12.664659 465.208240 -0.501474 -0.150971 -0.851899 0.023066 0.981975 -0.187600 0.864865 -0.113727 -0.488952
0.970292 -17.059973 22.216936 56.656559 -0.499797 -0.090280 -0.861425 -0.216241 0.976065 0.023168 0.838715 0.197855 -0.507357
0.094909 -16.104274 31.493236 115.011388 -0.506158 -0.043617 -0.861337 -0.182074 0.981615 0.057287 0.843003 0.185823 -0.504793
-0.089910 -16.352101 5.867344 51.880128 -0.475906 -0.028421 -0.879037 -0.103894 0.994296 0.024100 0.873338 0.102796 -0.476144
-0.824806 -2.955967 10.308577 8.228002 -0.332027 -0.670403 0.663565 0.928433 -0.356549 0.104335 0.166647 0.650718 0.740807
-0.345319 -2.591489 15.423043 10.238993 -0.260416 -0.712932 0.651085 0.931493 -0.362912 -0.024813 0.253977 0.600020 0.758599
-0.728156 -2.667507 14.115623 4.485449 -0.323552 -0.681256 0.656662 0.916661 -0.397757 0.039006 0.234618 0.614557 0.753176
-2.344670 -3.851206 10.935840 -10.083504 0.708271 0.697688 -0.107626 -0.698646 0.714618 0.034844 0.101221 0.050514 0.993581
-2.150256 -3.882970 0.573925 11.636792 -0.645877 -0.747946 0.153033 0.757316 -0.653033 0.004576 0.096513 0.118850 0.988211
-2.023929 -3.930529 -1.157463 -0.237392 -0.701297 -0.708344 0.080194 0.711600 -0.688894 0.138024 -0.042523 0.153862 0.987177
6.911439 -7.315836 12.079329 42.037097 -0.355858 0.019842 0.934329 0.800693 -0.509096 0.315772 0.481928 0.860481 0.165279
6.223224 -4.659959 -25.893836 -6.392851 -0.261860 0.145669 0.954049 0.777594 -0.553682 0.297967 0.571645 0.819888 0.031716
6.674049 -6.788397 -9.133952 -4.159112 -0.317499 -0.080258 0.944856 0.724694 -0.663159 0.187187 0.611566 0.744163 0.268715
-17.356948 -138.357326 -193.469471 3463.242655 0.361426 0.917143 0.167990 0.917690 -0.381780 0.109947 -0.164972 -0.114425 0.979638
2.345253 -715.936126 239.863922 18330.563274 0.877040 0.428480 0.217267 0.458671 -0.881343 -0.113385 -0.142903 -0.199097 0.969505
-6.341920 -29.581800 157.741339 604.284940 -0.299149 -0.895237 -0.330244 0.953423 -0.294453 -0.065439 -0.038658 -0.334439 0.941624
-2.343734 -137.250312 -15.917702 -3701.385906 0.722965 0.674652 0.148886 -0.674481 0.735897 -0.059428 -0.149658 -0.057457 0.987067
1.241492 -51.842861 -95.314726 -1507.240680 0.616430 -0.118472 0.778446 0.784623 0.175513 -0.594610 -0.066183 0.977323 0.201147
-1.182478 -47.292613 -196.205270 1273.298549 0.718985 -0.080521 0.690345 -0.691739 -0.179382 0.699514 -0.067510 0.980479 0.184672
-0.657340 -36.996938 -100.188375 -919.820684 0.563144 -0.127936 0.816395 0.820541 -0.030448 -0.570776 0.097880 0.991315 0.087830
2.295558 -29.115124 -70.547717 -876.765245 0.556855 -0.162127 0.814633 0.829963 0.069903 -0.553422 0.032779 0.984291 0.173485
-3.200044 -49.242233 -158.450980 981.565064 0.656971 -0.244448 0.713186 -0.604988 0.393533 0.692186 0.449865 0.886215 -0.110652
1.733505 -66.864208 -105.623880 1762.117151 0.638733 -0.212896 0.739388 -0.571312 0.512451 0.641091 0.515386 0.831907 -0.205689
2.555668 -29.138371 -82.440769 -765.092077 0.543801 -0.149422 0.825804 0.809593 -0.165723 -0.563112 0.220996 0.974787 0.030851
-0.165976 -2.956105 7.699616 -24.257676 0.132669 0.944194 -0.301490 -0.846188 0.266285 0.461582 -0.516105 -0.193880 -0.834294
-0.251135 -3.872603 2.848737 -46.186590 0.238245 0.898129 -0.369599 -0.778249 0.404208 0.480567 -0.581006 -0.173147 -0.795269
-0.033386 -4.329903 8.430209 -49.804643 0.261448 0.888036 -0.378202 -0.767617 0.428843 0.476296 -0.585158 -0.165788 -0.793792
-2.991478 -4.853924 -0.291679 -8.160743 0.597093 0.799627 0.063846 -0.235621 0.250908 -0.938897 0.766787 -0.545566 -0.338224
-2.698134 -4.519078 -0.726413 0.040496 0.615677 0.782525 0.092713 -0.106841 0.199467 -0.974062 0.780722 -0.589802 -0.206413
-3.056238 -4.768182 24.097662 -10.572733 0.608467 0.790851 -0.065738 -0.244553 0.108058 -0.963596 0.754958 -0.602393 -0.259154
-3.117771 -5.159110 5.721069 -18.631094 0.547716 0.834232 0.063749 -0.367619 0.308405 -0.877350 0.751574 -0.457103 -0.475598
-2.781922 -4.813102 -23.861289 -4.919240 0.592480 0.789947 0.157961 -0.236006 0.357684 -0.903528 0.770239 -0.498043 -0.398353
-3.534947 -5.203841 21.804527 -23.673593 0.563109 0.822115 -0.083877 -0.382666 0.169446 -0.908215 0.732445 -0.543521 -0.410012
7.321316 -5.739125 69.031175 52.165743 0.114349 -0.420484 -0.900065 0.993170 0.069546 0.093688 0.023201 -0.904631 0.425564
7.458288 -4.928594 -17.202847 40.974170 0.115812 -0.534401 -0.837259 0.991384 0.114121 0.064290 0.061193 -0.837491 0.543013
7.881839 -4.499821 116.986612 3.502323 0.050042 -0.264541 -0.963075 0.993435 0.112511 0.020714 0.102877 -0.957789 0.268435
7.730613 -4.097645 1.842318 5.395003 0.100738 -0.435359 -0.894603 0.979867 0.199201 0.013398 0.172373 -0.877942 0.446661
1.591873 -8.428099 1.636862 68.920715 0.762498 -0.304533 -0.570839 -0.303633 0.610672 -0.731360 -0.571318 -0.730986 -0.373170
2.008671 -7.571267 22.779476 55.440958 0.779855 -0.348370 -0.520063 -0.247738 0.591214 -0.767523 -0.574850 -0.727396 -0.374756
2.206913 -7.855288 27.190117 11.798772 0.788799 -0.327149 -0.520355 -0.359542 0.441051 -0.822316 -0.498523 -0.835732 -0.230277
1.773411 -8.127833 0.367295 -1.203038 0.777422 -0.306990 -0.548974 -0.408959 0.416416 -0.812004 -0.477878 -0.855778 -0.198184
1.593315 -8.310096 -8.012419 57.726970 0.787640 -0.249795 -0.563228 -0.332804 0.596820 -0.730101 -0.518521 -0.762501 -0.386947
1.118611 -5.034002 -2.758482 6.996294 0.558965 -0.011907 -0.829106 0.574426 0.726660 0.376829 0.597991 -0.686894 0.413017
1.189768 -4.816448 9.069931 -0.650090 0.572256 0.040010 -0.819098 0.610444 0.646183 0.458045 0.547614 -0.762133 0.345358
1.353892 -5.304347 2.936152 -3.657641 0.572272 -0.033230 -0.819391 0.626557 0.662363 0.410733 0.529085 -0.748446 0.399872
1.128063 -4.703866 1.969878 7.956223 0.527611 0.022444 -0.849189 0.545503 0.757354 0.358944 0.651193 -0.652619 0.387345
1.158460 -5.109775 -3.294315 10.186326 0.545046 -0.052310 -0.836772 0.570829 0.754149 0.324674 0.614068 -0.654616 0.440906
0.961396 -4.752667 -7.677126 8.960703 0.530712 -0.046280 -0.846288 0.523703 0.802990 0.284505 0.666393 -0.594193 0.450393
1.114929 -4.126486 -10.861851 -23.969069 0.315533 -0.684132 -0.657573 0.868142 0.487897 -0.091030 0.383105 -0.542144 0.747871
0.887894 -3.903137 -3.667838 -17.008551 0.332706 -0.679016 -0.654403 0.854274 0.510917 -0.095810 0.399402 -0.527163 0.750051
1.162034 -3.954057 -8.639826 -24.633154 0.341015 -0.668029 -0.661397 0.811173 0.564679 -0.152101 0.475085 -0.484639 0.734451
428.865742 -35.710146 -12267.678548 -283.028242 0.573004 0.815209 -0.084270 -0.600012 0.347244 -0.720699 0.558258 -0.463526 -0.688107
38.709626 -5.804921 -1609.609157 -13.217901 0.617311 0.642951 -0.453367 0.649684 -0.091638 0.754661 0.443664 -0.760406 -0.474284
218.095095 -14.693636 -6381.555057 -177.990560 0.646980 0.759685 -0.065543 -0.483397 0.342164 -0.805761 0.589698 -0.552995 -0.588603
0.616357 -6.459013 -5.829203 44.638458 -0.357074 0.933504 -0.032696 0.188823 0.037857 -0.981281 0.914792 0.356564 0.189785
0.596647 -6.976523 -7.635630 21.536057 -0.338772 0.940834 -0.008039 0.301776 0.100562 -0.948060 0.891159 0.323603 0.317988
0.725221 -7.044254 -0.669060 6.760557 -0.365358 0.930212 -0.034909 0.398233 0.122297 -0.909095 0.841382 0.346047 0.415123
0.614205 -6.891360 3.678006 25.934285 -0.386976 0.920163 -0.059578 0.332444 0.078960 -0.939812 0.860076 0.383491 0.336458
0.552950 -6.148127 -0.786346 38.238160 -0.377924 0.924303 -0.053267 0.129039 -0.004387 -0.991630 0.916800 0.381634 0.117613
0.088525 -13.233458 -5.539631 85.133569 -0.202265 0.977995 -0.051126 -0.930530 -0.208198 -0.301275 0.305290 0.013363 -0.952166
0.307524 -12.630258 13.933660 -24.125824 -0.209653 0.977751 -0.006891 -0.853038 -0.186347 -0.487443 0.477882 0.096316 -0.873128
-0.112819 -13.479480 -23.798716 -35.203687 -0.163440 0.984406 -0.065057 -0.795492 -0.170504 -0.581481 0.583506 0.043285 -0.810955
-0.055527 -13.231339 -14.310090 43.807934 -0.212895 0.975808 -0.049743 -0.930808 -0.218031 -0.293358 0.297106 0.016153 -0.954708
-0.973893 -3.813004 -24.902693 -55.405149 -0.542440 0.840092 -0.002235 -0.494922 -0.317415 0.808888 -0.678831 -0.439879 -0.587959
-1.228803 -3.142983 3.436947 -47.210894 -0.465133 0.882759 0.066244 -0.527853 -0.336646 0.779770 -0.710649 -0.327730 -0.622552
-1.231632 -2.461648 1.380936 -16.520535 -0.332225 0.929045 -0.162795 -0.655356 -0.103243 0.748231 -0.678333 -0.355270 -0.643155
-1.311021 -2.677746 -24.473484 -19.857339 -0.386256 0.903780 -0.184360 -0.665462 -0.134639 0.734188 -0.638722 -0.406269 -0.653436
-0.650057 -3.385026 -28.732835 -31.831153 -0.462928 0.877261 -0.126931 -0.618587 -0.217171 0.755107 -0.634860 -0.428078 -0.643197
0.976055 -5.114141 -25.993226 -4.816833 0.457317 -0.620081 -0.637464 0.351395 0.784478 -0.510995 0.816935 0.009685 0.576649
0.748063 -4.731710 -20.921387 -23.508215 0.464539 -0.620576 -0.631734 0.305366 0.781880 -0.543522 0.831237 0.059577 0.552717
1.326822 -4.622494 -28.258483 -23.782065 0.439622 -0.646213 -0.623812 0.300077 0.760291 -0.576118 0.846574 0.066083 0.528153
1.515869 -4.882829 -24.460301 -0.027487 0.413244 -0.644265 -0.643547 0.337692 0.764744 -0.548754 0.845691 0.009448 0.533589
1.292103 -4.713907 -20.092956 25.622634 0.429363 -0.609798 -0.666178 0.384463 0.790870 -0.476144 0.817212 -0.051683 0.574015
-0.091417 -4.004641 0.658576 4.079804 -0.580452 0.737687 0.344808 -0.186446 -0.532596 0.825578 -0.792662 -0.414920 -0.446686
0.026066 -3.990740 -0.128285 2.411872 -0.595987 0.708436 0.378045 -0.259072 -0.615260 0.744538 -0.760053 -0.345795 -0.550223
-0.284204 -4.001029 -15.927093 -2.099454 -0.601828 0.707276 0.370895 -0.200831 -0.583523 0.786872 -0.772962 -0.399075 -0.493224
-0.145580 -8.921417 -7.499255 -42.225172 -0.194480 0.945617 0.260741 0.941057 0.254863 -0.222390 0.276749 -0.202122 0.939445
0.192717 -9.600424 -2.379244 -44.426056 -0.194010 0.953610 0.230192 0.944478 0.245002 -0.218941 0.265182 -0.174935 0.948196
0.034061 -10.088294 -2.434161 -29.391029 -0.168907 0.959340 0.226137 0.841640 0.259786 -0.473448 0.512944 -0.110358 0.851299
-0.326290 -9.209675 -4.894811 -26.354596 -0.167050 0.955029 0.244976 0.861038 0.262356 -0.435641 0.480321 -0.138160 0.866143
-0.275661 -8.622980 -4.576357 -29.517432 -0.198337 0.946031 0.256297 0.896562 0.280771 -0.342557 0.396030 -0.161845 0.903862
0.272260 -8.817111 22.647195 27.577565 -0.155637 0.986297 -0.054726 0.054472 0.063886 0.996469 -0.986311 -0.152107 0.063668
-0.092620 -9.021745 12.049814 24.843676 -0.163853 0.986400 -0.012964 0.087824 0.027676 0.995751 -0.982568 -0.162019 0.091164
0.034111 -8.352340 10.272792 42.212072 -0.171760 0.984114 -0.044922 0.237676 0.085649 0.967561 -0.956038 -0.155512 0.248611
0.861201 -11.000271 9.343637 21.741529 -0.371238 0.885398 0.279737 0.814071 0.165444 0.556702 -0.446622 -0.434395 0.782196
0.999648 -10.668926 4.322636 27.764756 0.386987 -0.859573 -0.333730 0.846589 0.187785 0.498019 -0.365415 -0.475259 0.800375
0.796346 -10.840004 -1.853153 -8.197202 -0.399389 0.868556 0.293426 0.659477 0.049851 0.750070 -0.636850 -0.493077 0.592703
0.714113 -11.434124 11.821443 30.036019 -0.363443 0.896448 0.253554 0.682398 0.070883 0.727536 -0.634226 -0.437443 0.637496
0.525989 -11.263931 17.329288 39.834564 -0.365219 0.892774 0.263759 0.831084 0.185037 0.524463 -0.419422 -0.410750 0.809549
0.432352 -15.401872 -9.092156 -58.635204 -0.125200 0.946973 0.295919 -0.709082 0.123206 -0.694279 0.693922 0.296755 -0.656056
0.289163 -13.879925 -18.167646 12.762176 -0.084418 0.942988 0.321944 -0.500200 0.239334 -0.832177 0.861785 0.231287 -0.451478
0.378802 -16.475464 -11.502369 -23.988647 -0.094130 0.944387 0.315076 -0.604540 0.197230 -0.771772 0.790994 0.263123 -0.552354
0.618014 -19.133274 -11.929606 -107.277216 -0.148345 0.941765 0.301781 -0.839597 0.041312 -0.541636 0.522561 0.333723 -0.784575
2.905012 -2.957785 -2.989243 9.841779 0.388778 -0.588537 -0.708856 0.521200 0.774930 -0.357539 0.759738 -0.230452 0.608021
2.868432 -4.189410 13.241717 83.972583 0.355105 -0.512797 -0.781626 0.510677 0.806747 -0.297269 0.783013 -0.293596 0.548354
3.143478 -4.935157 -12.745550 70.630429 0.420280 -0.620113 -0.662438 0.567300 0.749344 -0.341546 0.708191 -0.232256 0.666725
2.699281 -3.319581 -16.035949 -3.979334 0.407884 -0.664235 -0.626436 0.556916 0.724688 -0.405798 0.723516 -0.183354 0.665512
2.306507 -2.754019 6.963703 -33.416804 0.350877 -0.640137 -0.683454 0.522252 0.739580 -0.424588 0.777263 -0.207957 0.593815
0.503078 -23.437922 -12.116375 346.135919 -0.280698 0.890775 0.357390 -0.399036 -0.446962 0.800622 -0.872914 -0.082122 -0.480912
0.511748 -18.526172 -4.707316 122.387510 -0.262902 0.871129 0.414750 -0.241482 -0.475600 0.845867 -0.934114 -0.122226 -0.335398
0.564959 -16.984507 -8.675455 136.365626 -0.305599 0.849960 0.429159 -0.028103 -0.458577 0.888210 -0.951745 -0.259376 -0.164027
0.559879 -14.470807 -6.374647 127.531554 -0.316380 0.858777 0.402995 -0.100502 -0.452770 0.885945 -0.943294 -0.239793 -0.229556
0.662211 -13.531325 -1.445728 82.352847 -0.295176 0.876920 0.379318 -0.368640 -0.470795 0.801534 -0.881462 -0.096762 -0.462235
0.736926 -17.038623 -10.651850 114.824213 -0.264324 0.905454 0.332092 -0.623217 -0.423149 0.657682 -0.736025 0.033124 -0.676143
1.691388 -2.911496 14.600518 -31.206437 0.296491 -0.673006 -0.677611 0.471772 0.720112 -0.508793 0.830376 -0.168825 0.531012
2.053259 -3.575070 -5.318104 -28.728164 -0.313710 0.738485 0.596846 0.477683 0.665987 -0.572958 0.820613 -0.105360 0.561689
1.528790 -3.553945 -21.200900 -25.504501 -0.240076 0.749772 0.616608 0.408195 0.654270 -0.636637 0.880761 -0.098855 0.463128
-1.013950 -3.635513 7.878034 -18.826340 0.028983 0.736978 -0.675295 0.818013 -0.405750 -0.407703 0.574469 0.540584 0.614617
-1.131563 -3.087941 -5.520219 -17.970031 -0.115093 -0.698857 0.705941 0.855941 -0.430414 -0.286546 0.504101 0.571265 0.647718
-1.189914 -3.277021 7.968285 -19.661419 0.028137 0.758061 -0.651576 0.834364 -0.376784 -0.402331 0.550495 0.532331 0.643100
-1.026598 -3.443176 -1.772965 -15.848714 -0.143307 -0.665831 0.732211 0.849185 -0.462698 -0.254550 0.508280 0.585304 0.631721
-1.136102 -3.706457 10.212521 -17.587482 -0.033122 0.789286 -0.613131 0.776613 -0.365824 -0.512879 0.629107 0.493153 0.600853
-0.792488 -3.965703 7.441449 -12.349424 -0.007082 0.752066 -0.659049 0.759988 -0.424288 -0.492339 0.649898 0.504357 0.568557
-0.812614 -3.944509 2.637701 -10.835882 0.058717 0.699530 -0.712186 0.793220 -0.465841 -0.392165 0.606098 0.541894 0.582234
-1.095709 -5.454108 9.018610 26.768102 -0.256026 0.966305 0.026570 -0.053208 0.013358 -0.998494 0.965204 0.257055 -0.047995
-1.296459 -5.488983 -10.244202 26.412641 -0.246884 0.968529 0.031627 -0.004669 0.031448 -0.999494 0.969034 0.246907 0.003242
-1.306879 -5.880136 16.819603 21.948793 -0.269669 0.962810 0.016607 0.153613 0.060037 -0.986306 0.950622 0.263425 0.164090
-2.830114 -5.245537 30.057198 10.080355 0.989389 -0.113095 -0.091212 0.040208 0.816386 -0.576105 -0.139619 -0.566324 -0.812270
-1.722423 -5.047539 60.717084 24.218275 0.975288 -0.215005 0.050862 0.202724 0.779313 -0.592937 -0.087846 -0.588595 -0.803641
-2.276956 -5.977411 39.692366 -8.488092 0.980146 -0.196173 -0.028817 0.120754 0.705858 -0.697985 -0.157266 -0.680647 -0.715532
-65.602232 -135.548786 -1692.935201 12308.989210 0.650305 -0.008703 -0.759623 0.529819 -0.711411 0.461722 0.544422 0.702723 0.458023
-121.070020 -177.669357 -3784.077825 7668.936527 0.193271 -0.170317 -0.966250 -0.411209 0.880089 -0.237381 0.890816 0.443210 0.100060
-199.260170 -980.241342 1885.970166 -30851.261394 0.258562 -0.044092 0.964988 0.965989 0.015157 -0.258138 -0.003245 0.998913 0.046511
-4.291733 -37.512999 21.651478 -823.349862 0.206850 0.515856 -0.831328 0.810786 0.385181 0.440751 0.547576 -0.765198 -0.338574
-2.739686 -29.924727 -1.982937 -613.730867 0.326747 0.489366 -0.808552 0.652945 0.501635 0.567472 0.683300 -0.713360 -0.155622
-2.898942 -24.818479 -3.055229 -681.906398 0.326927 0.497638 -0.803415 0.859193 0.197539 0.471981 0.393581 -0.844591 -0.362986
-3.133459 -16.346586 9.443127 -355.648109 0.119574 0.509346 -0.852214 0.912318 0.282227 0.296687 0.391635 -0.812966 -0.430938
-4.940152 -6.303719 18.456905 57.940924 0.864990 0.054247 -0.498849 -0.279297 0.877960 -0.388819 -0.416877 -0.475651 -0.774577
-3.678516 -5.728138 15.294436 -21.504809 0.572117 0.571610 -0.588170 0.727470 -0.684850 0.042048 -0.378773 -0.451932 -0.807644
-2.892292 -5.267676 -16.781539 19.813236 0.456399 0.703949 -0.544202 -0.787619 0.604169 0.120977 -0.413952 -0.373410 -0.830186
3.533767 -4.446992 -5.289480 -19.436484 -0.394065 0.003440 0.919076 0.836796 0.414918 0.357233 -0.380112 0.909852 -0.166383
4.410549 -6.324517 3.587553 -69.465904 -0.385250 0.080921 0.919257 0.878870 0.335905 0.338755 -0.281370 0.938414 -0.200526
4.563780 -5.947672 -2.909499 -89.116705 -0.447970 -0.094087 0.889084 0.822004 0.347756 0.450972 -0.351615 0.932852 -0.078444
3.756753 -4.172027 -10.248078 -33.441067 -0.454972 -0.190432 0.869906 0.771035 0.404506 0.491812 -0.445539 0.894489 -0.037209
2.643125 -3.676564 -4.491620 13.142468 -0.393282 -0.082951 0.915668 0.786293 0.485827 0.381727 -0.476521 0.870110 -0.125843
-3.128310 -4.943183 1.540200 6.460169 -0.567999 0.104490 0.816369 0.806378 -0.127862 0.577413 0.164717 0.986272 -0.011633
-3.067169 -4.675599 0.155138 -0.911794 -0.619210 0.180439 0.764213 0.720190 -0.257313 0.644295 0.312898 0.949332 0.029381
-3.316391 -4.763127 11.172914 4.393802 -0.566166 0.204210 0.798595 0.782934 -0.169802 0.598483 0.257819 0.964088 -0.063746
-0.866854 -2.793458 0.894609 3.253750 -0.328261 -0.219116 0.918822 0.228217 0.925508 0.302244 -0.916603 0.308905 -0.253803
-0.396666 -2.567455 -4.898104 6.684730 -0.317099 -0.130730 0.939339 0.346284 0.906111 0.243003 -0.882913 0.402334 -0.242057
0.015691 -2.595581 -3.418683 14.230828 -0.346473 -0.236110 0.907859 0.357939 0.861303 0.360605 -0.867085 0.449898 -0.213906
0.157855 -3.105140 -1.409053 27.404916 -0.386548 -0.405112 0.828532 0.290434 0.799184 0.526263 -0.875345 0.444060 -0.191264
2.367391 -0.691429 -38.473148 -3.432774 -0.384783 0.915807 -0.115060 0.320187 0.015521 -0.947227 0.865692 0.401318 0.299201
2.812136 -0.571673 -35.426136 1.070056 -0.421139 0.901133 -0.102961 0.291941 0.027201 -0.956049 0.858727 0.432688 0.274533
2.636544 -0.673130 -58.178098 -3.825552 -0.371389 0.925811 -0.070318 0.274161 0.036991 -0.960972 0.887077 0.376173 0.267560
1.426070 -0.778080 -67.409698 -5.623918 -0.320329 0.944768 -0.069295 0.282221 0.025349 -0.959014 0.904290 0.326757 0.274754
-2.237538 -3.799277 9.909189 3.751186 0.977240 0.006778 -0.212028 -0.085979 -0.901063 -0.425080 0.193932 -0.433635 0.879972
-0.778917 -6.454065 1.869101 -18.489619 -0.741596 -0.499451 0.447866 -0.347990 0.857172 0.379683 -0.573531 0.125719 -0.809480
-0.929489 -6.664221 22.329474 -29.996263 -0.722230 -0.494806 0.483271 -0.309605 0.856089 0.413830 -0.618489 0.149257 -0.771488
0.158409 -4.851278 14.879425 6.080205 0.903021 0.281290 -0.324697 -0.181308 -0.435663 -0.881661 0.389461 -0.855029 0.342413
0.334792 -4.875194 5.439821 7.403832 0.908059 0.257287 -0.330502 -0.194266 -0.440356 -0.876554 0.371065 -0.860169 0.349887
0.287020 -5.080287 -3.662718 2.370955 0.918433 0.235384 -0.317924 -0.127082 -0.585526 -0.800631 0.374608 -0.775728 0.507853
0.035623 -5.142582 15.728950 9.639375 0.902048 0.296570 -0.313616 -0.110054 -0.544537 -0.831485 0.417369 -0.784555 0.458560
0.289225 -4.953529 -12.561530 20.991783 0.917809 0.212637 -0.335280 -0.211456 -0.452935 -0.866104 0.336026 -0.865815 0.370745
0.410242 -4.804048 -5.446463 5.698692 0.914755 0.239753 -0.325180 -0.227288 -0.360035 -0.904829 0.334012 -0.901606 0.274851
10.676561 -5.828040 -230.127370 -7.654091 0.894551 0.384767 -0.227449 -0.330001 0.911764 0.244514 0.301460 -0.143672 0.942592
3.852159 -5.918361 -94.511764 -18.015786 0.890237 0.440554 -0.115718 -0.409169 0.885083 0.221831 0.200149 -0.150134 0.968194
10.679562 -6.055244 -244.836929 -31.386527 0.868303 0.453073 -0.201927 -0.433532 0.890982 0.134912 0.241038 -0.029603 0.970064
0.091618 -11.225714 -12.693579 39.960175 0.061146 0.124110 -0.990383 0.613118 0.778304 0.135387 0.787622 -0.615500 -0.028504
0.197262 -11.745426 8.086308 51.412369 0.010796 0.154276 -0.987969 0.685864 0.717837 0.119588 0.727650 -0.678903 -0.098062
0.055391 -11.959101 -6.543751 27.458185 0.021800 0.113563 -0.993292 0.820176 0.566099 0.082723 0.571695 -0.816478 -0.080801
0.345506 -10.330582 0.256688 25.528855 0.039423 0.163961 -0.985679 0.472394 0.866188 0.162979 0.880505 -0.472054 -0.043307
-0.220580 -10.687683 -22.513437 25.952997 0.048223 0.107648 -0.993019 0.777455 0.620115 0.104978 0.627087 -0.777090 -0.053788
-0.186035 -9.487520 -23.062246 2.988579 0.091050 0.141929 -0.985681 0.487569 0.856691 0.168394 0.868324 -0.495920 0.008801
0.180906 -9.736377 -11.694377 37.356839 0.087899 0.161097 -0.983016 0.324246 0.928466 0.181151 0.941880 -0.334663 0.029376
-0.280769 -9.649532 -21.769916 5.066190 0.073633 0.130678 -0.988687 0.653214 0.742801 0.146827 0.753585 -0.656635 -0.030665
-0.006227 -4.190812 -116.354379 -51.643903 -0.464857 0.770614 -0.435961 0.885270 0.412510 -0.214785 0.014322 -0.485788 -0.873960
0.231889 -9.484642 3.611446 -9.263437 -0.478797 0.767689 -0.425919 -0.069148 -0.516612 -0.853423 0.875198 0.379165 -0.300436
0.121389 -9.226150 -3.859915 -5.856313 -0.473936 0.771858 -0.423816 -0.063846 -0.510158 -0.857708 0.878241 0.379440 -0.291063
0.320373 -9.183913 -4.555432 -6.307182 -0.467192 0.775778 -0.424146 -0.265165 -0.580576 -0.769818 0.843457 0.247185 -0.476949
0.197652 -9.299474 -2.798647 20.539130 -0.437479 0.801812 -0.407075 -0.462689 -0.588883 -0.662673 0.771058 0.101556 -0.628614
-0.655983 -2.560558 -2.194329 -13.552040 -0.212112 -0.531898 0.819813 0.058389 0.830505 0.553943 -0.975500 0.165366 -0.145102
-0.497535 -2.914464 4.935287 -9.087895 -0.189590 -0.526593 0.828707 0.151253 0.818276 0.554569 -0.970143 0.230485 -0.075488
-0.619603 -2.303548 -7.098961 -14.523947 -0.234595 -0.528601 0.815810 0.007021 0.838287 0.545183 -0.972068 0.133625 -0.192947
-0.586938 -2.737179 -1.684805 -13.243624 -0.226066 -0.544424 0.807772 0.095664 0.812823 0.574601 -0.969403 0.207173 -0.131670
2.075619 -13.852880 -0.873881 -170.340374 -0.357521 0.780049 -0.513520 -0.070912 -0.570950 -0.817917 0.931209 0.256008 -0.259442
1.480302 -14.853490 15.591618 -178.229559 -0.368088 0.839625 -0.399426 -0.238260 -0.500419 -0.832354 0.898745 0.211212 -0.384247
2.379974 -14.997193 14.385859 -151.963907 -0.356803 0.810088 -0.465240 -0.347973 -0.577431 -0.738572 0.866952 0.101634 -0.487918
1.475304 -11.280609 3.817469 -89.875735 -0.396331 0.792483 -0.463565 -0.009885 -0.508567 -0.860965 0.918054 0.336645 -0.209395
2.535470 -15.133012 -14.936478 -148.745792 -0.323695 0.715246 -0.619390 -0.251657 -0.696138 -0.672354 0.912080 0.061764 -0.405333
0.834091 -14.463186 -26.697258 -210.216440 -0.302212 0.726423 -0.617234 0.078978 -0.626204 -0.775649 0.949963 0.283158 -0.131875
0.698694 -10.027571 -11.732534 -42.713230 -0.363980 0.769047 -0.525439 0.158761 -0.504653 -0.848599 0.917777 0.392292 -0.061589
0.529298 -16.848052 7.371502 -2.456963 -0.537862 0.030781 -0.842471 -0.276894 0.937441 0.211029 0.796263 0.346780 -0.495691
0.465664 -15.742674 4.576957 -39.904599 -0.519494 0.015186 -0.854339 -0.521102 0.786760 0.330849 0.677184 0.617072 -0.400804
0.285889 -16.750867 -2.826914 -57.197717 0.509734 -0.003477 0.860325 0.685273 -0.602965 -0.408454 0.520166 0.797760 -0.304969
1.344482 -16.095394 16.647522 143.358252 -0.483782 -0.191663 -0.853944 -0.039361 0.979503 -0.197544 0.874303 -0.061956 -0.481410
0.130974 -7.469478 1.478026 51.904911 0.465624 -0.790056 0.398755 0.785563 0.161490 -0.597337 0.407534 0.591382 0.695833
-0.115193 -8.447364 11.972770 75.939261 0.415598 -0.814072 0.405665 0.849281 0.187676 -0.493457 0.325576 0.549604 0.769374
-0.060881 -9.922841 -0.601987 99.538388 0.433964 -0.797353 0.419409 0.871922 0.254526 -0.418293 0.226776 0.547216 0.805684
0.225492 -7.297765 -0.798403 63.820403 0.485894 -0.780503 0.393348 0.805387 0.225022 -0.548376 0.339497 0.583250 0.737944
0.217530 -2.362945 12.777167 12.089314 -0.231015 -0.718493 0.656049 0.924462 -0.372305 -0.082211 0.303319 0.587500 0.750227
0.169675 -2.686691 16.670088 10.085495 -0.234332 -0.723110 0.649770 0.944759 -0.326948 -0.023134 0.229170 0.608455 0.759779
-0.063322 -2.044121 12.359274 15.245215 -0.220668 -0.727960 0.649138 0.907577 -0.397011 -0.136697 0.357225 0.558978 0.748287
0.491919 -2.357438 13.723352 11.304987 -0.210101 -0.732647 0.647368 0.933148 -0.347835 -0.090806 0.291706 0.585012 0.756749
0.481776 -2.038177 12.799122 17.194052 -0.211104 -0.730017 0.650007 0.914426 -0.382439 -0.132534 0.345340 0.566405 0.748281
-1.384805 -3.690683 -9.298146 -10.617177 0.756374 0.654083 0.008640 0.605831 -0.705435 0.367873 -0.246715 0.273015 0.929836
-1.705964 -3.858629 -4.786139 -6.249917 0.714659 0.697512 -0.052338 0.681610 -0.677653 0.276033 -0.157069 0.232943 0.959722
-1.565002 -3.633147 4.759915 -8.991662 -0.670139 -0.736086 0.095353 0.711893 -0.601060 0.363230 -0.210056 0.311295 0.926807
-1.191181 -3.286003 -8.690939 -12.833109 0.687549 0.722755 -0.070018 0.661118 -0.583185 0.472036 -0.300332 0.370838 0.878795
-1.785505 -3.775263 1.934935 -6.970614 -0.573771 -0.794367 0.199420 0.810334 -0.515246 0.279069 -0.118932 0.321719 0.939336
-1.491098 -3.481696 1.835402 -10.259247 -0.568665 -0.799707 0.192582 0.790185 -0.466049 0.398002 -0.228533 0.378506 0.896943
0.371511 -3.727037 0.284904 -16.102860 0.805847 0.455648 -0.378149 -0.584578 0.510576 -0.630540 0.094231 -0.729176 -0.677808
0.512776 -3.266701 -2.196712 3.135430 0.846099 0.412299 -0.337827 -0.519289 0.494635 -0.696904 0.120232 -0.765079 -0.632613
0.497916 -3.571544 -0.384312 9.677947 0.850718 0.415662 -0.321721 -0.504285 0.472811 -0.722597 0.148243 -0.776965 -0.611841
0.386434 -4.026673 5.927411 -15.992235 0.791213 0.482108 -0.376237 -0.601358 0.501563 -0.621936 0.111134 -0.718336 -0.686762
5.528875 -4.648859 -35.820235 -20.685674 -0.170030 0.052297 0.984050 0.721585 -0.673471 0.160471 0.671122 0.737361 0.076774
-20.497995 -116.146660 498.448050 -2829.007000 0.778853 0.623631 0.066873 -0.307700 0.287010 0.907164 -0.546542 0.727124 -0.415430
-7.675023 -36.469008 -27.779660 -928.519778 0.665746 0.720054 0.195714 -0.539342 0.283103 0.793072 -0.515648 0.633542 -0.576830
30.484922 -372.216823 -144.007465 -10279.689061 0.317007 0.888657 0.331355 -0.774622 0.041011 0.631093 -0.547236 0.456735 -0.701374
-2.887357 -6.930978 -157.227656 -81.776152 0.554769 -0.118350 0.823544 0.818858 0.252928 -0.515265 -0.147316 0.960219 0.237229
1.333748 -2.929425 14.987128 5.067294 0.832907 0.542042 -0.111612 0.362358 -0.381720 0.850286 -0.418286 0.748653 0.514350
1.225499 -3.007465 -5.900166 -6.361243 0.835903 0.536530 -0.115770 0.365510 -0.386771 0.846647 -0.409474 0.750029 0.519410
1.327251 -2.936339 5.407925 1.766574 0.855310 0.511949 -0.079703 0.360325 -0.477207 0.801523 -0.372304 0.714270 0.592628
1.356892 -3.136325 1.808106 5.421907 0.812396 0.558566 -0.167381 0.386378 -0.300667 0.871958 -0.436721 0.773048 0.460078
1.372878 -2.528829 12.344350 1.771972 0.844463 0.532846 -0.054383 0.355129 -0.481005 0.801572 -0.400956 0.696211 0.595419
-2.842265 -4.447634 12.309276 -4.000819 0.637238 0.759813 -0.128887 -0.184077 -0.012337 -0.982834 0.748360 -0.650025 -0.132002
-2.455190 -4.136266 5.904411 -7.495849 0.615640 0.781507 0.101162 0.016757 0.115362 -0.993182 0.787849 -0.613138 -0.057926
7.694123 -4.043519 -30.661878 0.398252 0.162385 -0.485051 -0.859276 0.950308 0.311287 0.003871 0.265604 -0.817206 0.511497
6.793102 -3.381981 -223.485617 7.724278 0.207766 -0.713848 -0.668771 0.952605 0.302970 -0.027447 0.222210 -0.631372 0.742962
6.852619 -3.880288 -142.494670 -8.329351 0.263685 -0.574913 -0.774561 0.909838 0.414960 0.001737 0.320413 -0.705183 0.632497
7.327861 -3.999238 -184.644070 19.643379 0.154008 -0.697308 -0.700030 0.980103 0.197599 0.018793 0.125220 -0.688996 0.713866
8.169643 -4.893584 58.072712 -22.514088 0.158004 -0.294990 -0.942346 0.910725 0.412337 0.023625 0.381595 -0.861951 0.333805
1.769925 -6.972022 9.527980 38.193794 0.744728 -0.454261 -0.488904 -0.169960 0.579332 -0.797175 -0.645363 -0.676773 -0.354239
2.696250 -7.173965 47.025486 -36.503558 0.803973 -0.372052 -0.463902 -0.342253 0.348451 -0.872608 -0.486303 -0.860325 -0.152809
1.197495 -4.471934 4.837622 -1.439731 0.545202 0.076516 -0.834806 0.601328 0.658146 0.453044 0.584089 -0.748993 0.312811
1.283849 -4.333961 5.311508 -11.817634 0.588679 0.087492 -0.803619 0.644753 0.548826 0.532056 0.487597 -0.831346 0.266671
2.368885 -1.653776 72.402214 17.831863 0.025042 0.697230 -0.716410 0.979452 0.126343 0.157197 0.200116 -0.705626 -0.679739
3.262285 -1.059880 79.881597 13.032411 0.017887 0.704383 -0.709594 0.969271 0.161934 0.185177 0.245343 -0.691102 -0.679842
1.586183 -1.455128 36.092742 14.520980 -0.068450 0.689987 -0.720578 0.979067 0.185230 0.084361 0.191681 -0.699720 -0.688223
3.340478 -1.517210 63.328990 18.351360 0.116305 0.655284 -0.746375 0.970907 0.083359 0.224479 0.209314 -0.750769 -0.626525
1.603431 -2.093500 43.578286 18.466512 0.051445 0.688004 -0.723881 0.989394 0.063481 0.130650 0.135841 -0.722925 -0.677442
2.630153 -2.235873 71.782549 24.988991 0.137562 0.672484 -0.727216 0.977803 0.024952 0.208037 0.158047 -0.739691 -0.654124
22.526110 -3.725121 -130.731084 -44.900329 0.124466 0.982336 0.139727 -0.501650 0.183799 -0.845320 0.856070 -0.035119 -0.515665
54.391146 -4.929123 1182.479551 -72.805981 -0.433041 0.835051 0.339360 -0.379949 0.172304 -0.908818 0.817383 0.522495 -0.242662
65.637977 -5.227574 1596.612881 -96.171155 -0.412040 0.798097 0.439618 -0.487327 0.214643 -0.846428 0.769893 0.563000 -0.300493
20.549351 -3.533413 -18.995159 -13.395651 0.043409 0.980405 0.192152 -0.449933 0.190909 -0.872418 0.892007 0.048585 -0.449404
-0.015703 -3.706045 1.429201 2.086373 -0.284677 0.800877 0.526836 0.353385 0.598544 -0.718933 0.891111 0.018488 0.453409
-0.088550 -3.892909 2.996838 6.533200 -0.296668 0.789934 0.536649 0.448849 0.611348 -0.651758 0.842925 -0.047518 0.535929
-0.114447 -3.817296 -4.268008 3.696513 -0.284018 0.783683 0.552426 0.415493 0.619842 -0.665704 0.864118 -0.040457 0.501661
0.783315 -7.203195 0.149952 -35.261871 -0.358116 0.933531 0.016553 0.460351 0.191966 -0.866733 0.812299 0.302770 0.498497
0.486768 -6.823362 -5.783690 40.042783 -0.346215 0.937863 0.023423 0.215300 0.103730 -0.971023 0.913116 0.331140 0.237835
0.737572 -7.437705 -1.131336 104.385655 -0.303163 0.952304 -0.034773 -0.892829 -0.271096 0.359672 -0.333090 -0.140086 -0.932431
