19767
39496
-3.342164 -6.556174 23.326583 -76.959378 -0.401598 0.908698 0.113963 -0.610031 -0.358242 0.706771 -0.683067 -0.214317 -0.698203
-4.915704 -7.680092 -15.782253 -26.950896 -0.244912 0.965430 -0.089237 -0.608193 -0.081302 0.789615 -0.755062 -0.247659 -0.607080
-5.225801 -7.601923 -55.530563 -113.612690 -0.097164 0.974437 -0.202564 -0.696757 0.078736 0.712973 -0.710696 -0.210413 -0.671295
-3.882200 -6.761164 28.099722 -55.755550 -0.477321 0.870284 0.121535 -0.535225 -0.397629 0.745269 -0.696921 -0.290684 -0.655594
-4.695575 -5.723324 -32.751201 -116.301195 -0.273487 0.961748 0.015651 -0.736125 -0.219746 0.640181 -0.619132 -0.163560 -0.768064
-3.317258 -5.917755 1.080297 -67.795838 -0.587399 0.769597 0.250365 -0.506480 -0.590867 0.627976 -0.631221 -0.242067 -0.736861
-4.562033 -5.386201 -1.961960 -44.964242 -0.815946 -0.500469 0.289419 -0.534238 0.844048 -0.046610 -0.220956 -0.192650 -0.956067
-4.630540 -5.158422 32.850864 -12.758392 0.030387 0.977585 -0.208338 0.988911 -0.059717 -0.135974 -0.145367 -0.201896 -0.968559
-4.775577 -5.610116 -17.995821 -20.743856 0.971911 0.029172 -0.233533 -0.086225 0.967429 -0.238004 -0.218983 -0.251456 -0.942771
-4.343349 -5.859915 -0.597268 2.245474 -0.947444 -0.087774 0.307646 -0.149123 0.971935 -0.181946 -0.283042 -0.218261 -0.933943
11.370277 -17.093667 234.974962 118.503193 0.889301 0.416276 -0.189365 0.202685 0.012422 0.979165 -0.409955 0.909154 0.073326
13.439277 -18.736575 -194.791893 48.214232 0.738268 0.647657 -0.188415 0.128866 0.138759 0.981906 -0.662083 0.749190 -0.018981
10.901301 -16.863931 198.277913 -91.524158 0.877801 0.455420 -0.148519 0.027968 0.260789 0.964991 -0.478208 0.851224 -0.216183
6.924090 -14.919997 558.049839 -109.840293 0.964050 0.238993 -0.116145 0.042351 0.293309 0.955079 -0.262324 0.925663 -0.272643
7.947151 -16.176319 601.614636 38.416716 0.962568 0.225607 -0.150211 0.130675 0.099248 0.986445 -0.237457 0.969150 -0.066052
96.541535 -5.917578 -6852.718605 221.141775 -0.543403 0.653246 0.527241 0.773132 0.634148 0.011129 -0.327079 0.413674 -0.849643
13.657166 -9.757261 -913.479248 -289.792204 -0.233885 0.902125 0.362586 -0.924691 -0.321620 0.203731 -0.300406 0.287630 -0.909409
86.266008 -9.543744 -6576.173730 442.879528 -0.376930 0.873325 0.308589 0.914032 0.404628 -0.028665 -0.149898 0.271255 -0.950763
737.314647 7.386935 -56713.515041 -645.396771 -0.506063 0.687137 0.521290 0.838630 0.533212 0.111282 -0.201492 0.493486 -0.846093
254.716164 -12.791436 15159.152614 -137.467794 0.669489 -0.163322 -0.724645 0.563366 0.747463 0.352020 -0.484153 0.643913 -0.592428
-2.251875 -17.996844 0.600151 -147.624592 -0.250344 0.935859 -0.247984 0.797791 0.054294 -0.600485 0.548505 0.348168 0.760212
-2.458808 -16.212217 4.289452 -334.009760 -0.254400 0.936949 -0.239596 0.885210 0.125827 -0.447852 0.389467 0.326027 0.861407
-2.516197 -19.095381 6.940404 -224.910294 -0.259374 0.944800 -0.200195 0.782165 0.083905 -0.617396 0.566518 0.316722 0.760752
-2.064989 -19.466600 2.115462 17.162872 -0.240971 0.937304 -0.251783 0.663543 -0.030215 -0.747528 0.708269 0.347201 0.614660
0.557419 -3.498858 19.942785 -9.003248 0.012061 0.984700 0.173840 -0.433413 0.161820 -0.886548 0.901115 0.064652 -0.428734
0.389689 -3.947685 22.480107 -39.152057 0.000146 0.990148 0.140023 -0.481084 0.122824 -0.868028 0.876674 0.067236 -0.476363
0.603300 -3.379056 2.021854 -1.394263 0.059162 0.982570 0.176227 -0.434913 0.184271 -0.881416 0.898527 0.024497 -0.438235
0.521834 -3.471006 1.692564 26.626904 0.048113 0.986575 0.156062 -0.390074 0.162395 -0.906350 0.919526 0.017268 -0.392651
0.487289 -3.427789 -2.629842 11.024028 0.050481 0.979090 0.197067 -0.368771 0.201648 -0.907384 0.928149 0.026867 -0.371239
-0.165860 -8.736329 8.531364 1.513992 0.010199 0.988354 -0.151827 0.259683 -0.149243 -0.954092 0.965640 0.029696 0.258181
-0.312183 -8.720894 7.380698 -19.490432 0.008764 0.991299 -0.131336 0.094246 -0.131575 -0.986816 0.995510 0.003730 0.094579
0.036863 -8.762457 11.038863 4.003755 -0.002849 0.992485 -0.122333 0.229528 -0.118419 -0.966071 0.973298 0.030831 0.227466
-0.383561 -8.551004 3.815678 -8.770320 0.024959 0.988013 -0.152342 0.105162 -0.154138 -0.982437 0.994142 -0.008500 0.107748
0.215808 -8.838276 8.961609 17.552466 0.005592 0.991419 -0.130603 0.386892 -0.122578 -0.913941 0.922108 0.045419 0.384258
-0.248999 -8.620818 5.579333 2.041701 0.026912 0.983452 -0.179158 0.278902 -0.179493 -0.943396 0.959942 0.024579 0.279118
0.031851 -8.729573 8.263727 4.308696 0.018776 0.985885 -0.166365 0.425309 -0.158465 -0.891068 0.904854 0.054026 0.422281
-0.020012 -11.542352 -14.259925 -109.961515 0.381077 0.919363 -0.097736 0.256427 -0.206667 -0.944211 0.888271 -0.334755 0.314506
-0.701313 -11.099809 -13.044745 -47.814293 0.364236 0.929332 -0.060622 0.212224 -0.146206 -0.966222 0.906804 -0.339067 0.250480
0.112934 -10.533670 -17.847451 -125.581592 0.393540 0.914839 -0.090527 0.406348 -0.261436 -0.875518 0.824626 -0.307766 0.474629
0.237400 -11.257787 -4.850860 108.648042 0.258924 0.956605 -0.133661 0.548041 -0.031548 0.835856 -0.795368 0.289675 0.532428
-0.087677 -9.646981 -7.585251 120.213703 0.235595 0.957818 -0.164559 0.726819 -0.061244 0.684093 -0.645159 0.280774 0.710589
-0.092989 -11.502508 -14.524524 139.731504 0.230955 0.959603 -0.160693 0.606729 -0.012930 0.794803 -0.760618 0.281061 0.585205
0.907360 -6.471548 5.738355 -17.339641 -0.219174 0.965453 -0.140940 -0.644138 -0.251677 -0.722319 0.732836 0.067529 -0.677046
0.552100 -6.264213 0.626608 -0.120749 -0.292403 0.933430 -0.207867 -0.668130 -0.354922 -0.653937 0.684181 0.052331 -0.727433
0.032906 -6.471081 9.849382 2.199534 -0.183270 0.976254 -0.115498 -0.797587 -0.216345 -0.563072 0.574688 0.011074 -0.818297
4.430049 -2.074081 -59.205845 -140.645096 0.538310 0.830018 -0.145919 -0.801594 0.557736 0.215355 -0.260133 -0.001040 -0.965572
5.005128 -1.356276 -152.301940 -232.991015 0.501328 0.856165 -0.125103 -0.834415 0.516637 0.191930 -0.228956 -0.008168 -0.973402
3.927264 -3.361596 24.321949 -107.063350 0.478447 0.877799 -0.023603 -0.847803 0.468765 0.247970 -0.228732 0.098629 -0.968480
4.672171 -0.236073 -145.600607 -158.818085 0.495022 0.846974 -0.193877 -0.820693 0.529056 0.215784 -0.285335 -0.052296 -0.957000
3.741062 -3.434962 74.101569 -29.883639 0.513516 0.856042 -0.059110 -0.813034 0.507429 0.285466 -0.274365 0.098533 -0.956564
3.802605 -2.467204 -62.394957 -66.041528 0.564734 0.806461 -0.175206 -0.771022 0.591286 0.236445 -0.294280 -0.001559 -0.955718
3.685630 -1.063167 -127.871470 -113.197059 0.564370 0.794358 -0.224683 -0.769572 0.604751 0.205024 -0.298739 -0.057200 -0.952619
12.025600 -6.618251 74.061956 -186.486446 -0.028425 0.877210 -0.479264 -0.333223 0.443718 0.831912 -0.942419 -0.183349 -0.279694
9.526082 -8.265973 -75.215058 -198.080137 -0.091379 0.885403 -0.455754 -0.225917 0.427303 0.875428 -0.969851 -0.182958 -0.160981
9.614156 -6.485451 -360.897785 -201.183264 -0.246197 0.812052 -0.529110 -0.340339 0.438718 0.831683 -0.907500 -0.384835 -0.168362
1.375146 -5.129370 40.382596 -0.185048 0.061434 0.996838 0.050403 -0.996192 0.058108 0.064998 -0.061863 0.054204 -0.996612
1.177097 -5.064030 37.130372 -1.503584 0.082839 0.995779 0.039528 -0.979795 0.074135 0.185759 -0.182044 0.054117 -0.981800
2.148788 -5.141963 56.343607 -0.474264 0.109022 0.993755 0.023784 -0.992275 0.107372 0.062148 -0.059206 0.030375 -0.997784
2.394399 -5.247020 64.099933 6.775367 0.090414 0.995255 0.035968 -0.994276 0.092272 -0.053867 0.056931 0.030892 -0.997900
1.212375 -17.288638 -6.975387 47.614629 -0.508418 0.783603 -0.357039 0.402542 0.582811 0.705898 -0.761230 -0.215167 0.611745
1.240471 -19.055380 -9.184023 161.686456 -0.501987 0.798470 -0.332347 0.288755 0.516952 0.805842 -0.815248 -0.308556 0.490066
1.201129 -16.912629 14.185871 78.209642 -0.472795 0.800597 -0.368116 0.374833 0.560803 0.738241 -0.797474 -0.211055 0.565235
1.101360 -15.514679 12.824925 83.954434 -0.485708 0.784751 -0.385038 0.496868 0.610264 0.617009 -0.719173 -0.108374 0.686327
0.490445 -19.557340 -5.544338 209.241321 -0.529155 0.831376 -0.169733 0.738649 0.352878 -0.574347 -0.417603 -0.429292 -0.800822
0.396343 -18.397516 4.662268 102.505879 -0.517685 0.838680 -0.169168 0.807663 0.413812 -0.420049 -0.282283 -0.354084 -0.891595
0.443559 -19.736370 2.091458 143.877745 -0.511920 0.842002 -0.170205 0.754317 0.345802 -0.558057 -0.411028 -0.414069 -0.812159
-0.135666 -5.811381 -54.701909 18.053574 0.008732 0.927724 -0.373165 -0.759429 0.248926 0.601085 -0.650532 -0.278143 -0.706714
-0.043475 -5.976521 -48.955487 8.386587 -0.044997 0.942545 -0.331035 -0.841969 0.142559 0.520351 -0.537646 -0.302135 -0.787179
1.165978 -5.345559 -70.039243 17.872261 0.035445 0.923526 -0.381895 -0.760923 0.272671 0.588767 -0.647873 -0.269724 -0.712397
1.070812 -4.942653 -68.643512 26.936954 0.086813 0.898709 -0.429868 -0.665889 0.373290 0.645946 -0.740983 -0.230168 -0.630847
-0.108313 -5.377338 -52.927519 30.608850 0.075394 0.900083 -0.429147 -0.654473 0.369367 0.659722 -0.752317 -0.231126 -0.616928
-1.710054 -8.324769 42.644091 59.781312 -0.003234 0.978436 -0.206525 0.996011 0.021569 0.086586 0.089173 -0.205421 -0.974603
-2.399829 -8.082081 41.187412 52.116787 0.016394 0.971064 -0.238257 0.993311 0.011423 0.114904 0.114301 -0.238547 -0.964381
-2.353230 -9.224388 42.060104 108.824118 0.029249 0.971320 -0.235970 0.999547 -0.030099 0.000001 -0.007102 -0.235863 -0.971760
0.765834 -17.222504 -13.924566 -139.659857 0.634200 -0.689666 0.349500 0.772796 0.579475 -0.258836 -0.024016 0.434246 0.900474
0.460807 -18.573159 -11.012018 -234.073156 0.640935 -0.684643 0.347083 0.761904 0.512467 -0.396081 0.093305 0.518306 0.850090
1.033972 -18.013265 -27.885715 -153.744163 0.661648 -0.675519 0.325416 0.749071 0.576174 -0.326981 0.033385 0.460106 0.887236
1.300302 -17.178898 -27.217241 -44.388001 0.648686 -0.687169 0.327117 0.757863 0.622583 -0.195023 -0.069644 0.374419 0.924641
0.970263 -16.256512 -14.421706 -72.128610 0.624126 -0.699015 0.349065 0.769877 0.626390 -0.122167 -0.133254 0.344984 0.929101
-1.812351 -35.180409 26.180441 932.630468 0.749273 -0.599170 -0.282108 -0.488470 -0.212355 -0.846346 -0.447199 -0.771946 0.451789
-2.908471 -41.094625 -11.365458 996.232519 0.752779 -0.599162 -0.272632 -0.595440 -0.443194 -0.670098 -0.280668 -0.666772 0.690392
-3.126384 -40.951645 -17.874886 943.494119 0.796002 -0.565710 -0.215297 -0.530583 -0.480939 -0.697982 -0.291311 -0.669828 0.682985
-4.226459 -48.153389 17.712876 564.452661 0.833262 -0.524927 -0.173567 -0.541491 -0.711456 -0.447904 -0.111631 -0.467206 0.877073
-3.309025 -45.697973 106.777124 1296.542092 0.820976 -0.540202 -0.184881 -0.487447 -0.494517 -0.719617 -0.297312 -0.680908 0.669306
-2.331729 -37.195853 62.779676 1030.896973 0.776992 -0.581900 -0.240158 -0.442971 -0.234334 -0.865370 -0.447282 -0.778768 0.439840
0.950419 -71.317831 -315.524609 1755.972873 -0.537929 0.842133 -0.037997 0.042183 0.071907 0.996519 -0.841934 -0.534454 0.074204
-0.771895 -73.162339 -57.478109 956.187120 -0.484704 0.874626 -0.009583 0.018109 0.020988 0.999616 -0.874491 -0.484344 0.026012
0.174812 -75.441536 -277.158657 1154.330305 -0.537929 0.842373 -0.032259 -0.203491 -0.092621 0.974686 -0.818061 -0.530876 -0.221239
2.029001 -90.971654 -173.435785 2575.451301 -0.503018 0.862028 -0.062289 -0.135421 -0.007431 0.990760 -0.853601 -0.506806 -0.120475
1.938464 -5.109690 -114.368043 -6.322356 0.387221 0.906964 -0.165757 -0.603243 0.113265 -0.789474 0.697251 -0.405693 -0.590978
3.166268 -5.238814 -66.286838 -10.650124 0.329286 0.933175 -0.144064 -0.599248 0.088623 -0.795643 0.729707 -0.348324 -0.588386
2.200845 -5.194174 -119.197201 -1.770770 0.353762 0.916051 -0.188952 -0.689946 0.119173 -0.713984 0.631528 -0.382947 -0.674184
0.377448 -5.036425 -95.083869 2.569749 0.394493 0.904145 -0.164004 -0.684316 0.169953 -0.709103 0.613259 -0.391966 -0.685766
0.272575 -5.024698 -83.041456 -1.946324 0.426310 0.895464 -0.128079 -0.596520 0.171857 -0.783983 0.680017 -0.410622 -0.607427
0.512100 -10.742338 14.574263 -49.292818 -0.150564 0.968204 -0.199779 -0.882801 -0.222633 -0.413638 0.444964 -0.114086 -0.888252
0.174762 -10.129811 13.051355 -28.774280 -0.166248 0.965609 -0.199902 -0.857800 -0.241604 -0.453660 0.486355 -0.096056 -0.868465
0.230189 -10.586581 3.015229 -18.057389 -0.134622 0.970986 -0.197646 -0.924603 -0.194822 -0.327343 0.356352 -0.138677 -0.924003
5.700249 -1.442650 -11.902754 -16.176555 -0.179804 -0.095530 -0.979053 0.300798 0.942262 -0.147182 0.936585 -0.320961 -0.140688
5.361496 -1.792389 103.023813 -26.485638 -0.295724 -0.044501 -0.954236 0.296539 0.945290 -0.135983 0.908081 -0.323182 -0.266349
5.253721 -1.520475 97.916057 -3.015683 -0.296504 -0.056757 -0.953344 0.304173 0.940637 -0.150603 0.905298 -0.334636 -0.261639
0.209374 -36.051209 1.203907 -780.953469 0.139754 0.989508 -0.036636 0.564746 -0.110044 -0.817895 0.813346 -0.093614 0.574200
0.484190 -48.049177 7.777333 -2333.802695 0.141741 0.989101 -0.039846 0.677288 -0.126256 -0.724803 0.721935 -0.075747 0.687803
0.250593 -26.767817 2.828411 -885.542207 0.161927 0.981892 -0.098328 0.751270 -0.187271 -0.632869 0.639823 -0.028608 0.767990
-55.980861 -505.412849 2930.987174 -57066.355595 0.900150 0.179046 0.397079 -0.304675 -0.392683 0.867740 -0.311292 0.902077 0.298923
-113.707095 -249.852555 4891.259728 18136.514510 0.560739 0.139447 0.816166 0.817190 0.065504 -0.572634 -0.133314 0.988061 -0.077224
-82.126866 -656.792495 2611.519307 -68859.603170 0.703312 0.419696 0.573766 -0.535118 -0.218766 0.815960 -0.467976 0.880907 -0.070726
-0.330390 -17.668052 -7.627327 140.209241 0.999241 -0.033966 0.019050 -0.038910 -0.891199 0.451940 -0.001627 0.452338 0.891845
0.937768 -21.099332 -4.684982 -202.545507 0.996424 -0.078975 0.030049 -0.079580 -0.757523 0.647939 0.028408 0.648013 0.761099
0.098868 -20.886873 -36.517242 58.717156 0.984824 -0.154018 0.079998 -0.173324 -0.896588 0.407540 -0.008957 0.415221 0.909676
-1.722833 -5.340002 -28.113042 271.716826 0.945172 -0.004283 0.326545 -0.323808 0.117551 0.938792 0.042407 0.993058 -0.109719
-2.047378 -4.900347 -15.626722 293.199148 0.885525 -0.003035 0.464582 -0.461047 0.117539 0.879557 0.057276 0.993064 -0.102685
-2.517809 -10.912696 -77.732641 738.119407 0.943557 -0.000013 0.331210 -0.327597 0.147265 0.933270 0.048787 0.989097 -0.138948
-2.254379 -4.805365 -19.861008 -87.068473 0.990539 -0.035842 0.132465 -0.127827 0.110160 0.985660 0.049920 0.993267 -0.104536
-1.906380 -4.923046 -12.919965 -62.015919 0.968083 -0.009405 0.250454 -0.248007 0.108267 0.962689 0.036170 0.994077 -0.102479
1.469821 -9.128398 -91.815975 186.645619 -0.352766 0.730860 0.584294 -0.165770 -0.663375 0.729694 -0.920911 -0.160553 -0.355171
2.524320 -8.157632 -133.725422 -239.435408 -0.358709 0.670190 0.649748 0.077538 0.715060 -0.694750 -0.930223 -0.198833 -0.308463
0.927798 -6.975330 -89.622610 178.023847 -0.367336 0.694523 0.618629 -0.066891 -0.683135 0.727222 -0.927680 -0.225755 -0.297398
15.893482 -3.201622 549.623932 -271.830935 0.845065 -0.300962 0.441913 0.182086 0.939118 0.291378 -0.502703 -0.165767 0.848417
12.674289 -8.137267 779.094758 -227.121952 0.909472 -0.190667 0.369468 0.129566 0.974369 0.183895 -0.395061 -0.119377 0.910865
10.633072 -5.190066 828.970863 301.128407 0.869446 -0.410632 0.274671 0.332585 0.897637 0.289197 -0.365309 -0.160089 0.917018
14.942086 -23.409616 -403.263922 3267.063592 -0.556835 0.823685 -0.107137 0.691222 0.531036 0.490116 -0.460594 -0.198859 0.865048
-3.450295 -7.466283 231.002780 400.914832 0.572531 0.816524 0.074134 0.767592 -0.565595 0.301505 -0.288116 0.115717 0.950578
-2.219839 -5.527053 174.402973 191.108798 0.480002 0.876597 0.034288 0.837216 -0.469412 0.280574 -0.262046 0.105970 0.959220
-1.448808 -7.466104 247.302602 212.178223 0.402975 0.912296 -0.072984 0.863898 -0.352843 0.359418 -0.302144 0.207888 0.930318
-3.799607 -10.944675 229.838968 420.602452 0.539784 0.839924 0.056218 0.753559 -0.511888 0.412455 -0.375208 0.180273 0.909242
5.597276 -10.473407 -11.218984 -110.273738 0.039798 0.992665 -0.114156 0.447899 -0.119848 -0.886015 0.893198 0.015869 0.449383
4.886148 -11.467087 -59.039991 -24.435464 0.040599 0.989783 -0.136680 0.261345 -0.142550 -0.954661 0.964391 -0.003037 0.264462
5.495138 -11.094985 54.053218 -5.778684 0.048658 0.991044 -0.124353 0.267062 -0.132877 -0.954474 0.962450 -0.013232 0.271136
6.448362 -10.526650 92.111903 -42.661639 0.057713 0.993634 -0.096746 0.367819 -0.111254 -0.923218 0.928105 -0.017697 0.371898
6.811289 -9.558935 95.835044 -132.327672 0.076069 0.991609 -0.104523 0.566952 -0.129246 -0.813548 0.820231 -0.002626 0.572026
30.150560 -9.759204 1226.375979 -278.279384 0.713978 -0.393512 0.579122 -0.644396 -0.692804 0.323692 -0.273841 0.604293 0.748225
67.978641 -7.712961 4595.091091 432.836445 0.605530 -0.701146 0.376467 0.790111 0.473090 -0.389758 0.095175 0.533461 0.840453
21.246359 -12.209992 1294.271174 347.935723 0.558698 -0.715653 0.419162 0.826258 0.524033 -0.206609 -0.071795 0.461768 0.884090
48.434341 -7.261720 1074.700414 573.692591 0.656830 -0.342590 0.671719 0.734483 0.492247 -0.467148 -0.170611 0.800203 0.574949
9.783347 -13.629905 -499.924382 118.975359 -0.571461 0.675605 -0.465822 0.751098 0.659276 0.034749 -0.330581 0.330020 0.884196
12.884577 -13.211769 -303.789309 -91.083804 0.485140 -0.350746 0.801010 0.600932 0.799177 -0.014017 -0.635232 0.488153 0.598487
20.400352 -9.953932 9.563575 -360.895723 0.645404 -0.093096 0.758147 -0.567664 -0.722573 0.394520 -0.511088 0.684997 0.519199
9.275246 -14.803322 100.922953 -87.870002 0.531338 -0.539025 0.653553 0.655357 0.750397 0.086094 -0.536831 0.382565 0.751968
-0.065608 -14.186172 -26.975669 202.057261 0.159666 0.987140 0.007814 0.649458 -0.111002 0.752252 -0.743445 0.115034 0.658829
0.586695 -11.398092 -31.235740 145.166136 0.138539 0.990273 -0.012871 0.781150 -0.101275 0.616074 -0.608779 0.095405 0.787583
-0.093672 -11.957366 -24.979634 142.074722 0.152980 0.988224 0.003140 0.770957 -0.121333 0.625223 -0.618242 0.093226 0.780440
-0.395598 -5.169637 15.246005 15.942972 0.046219 0.998812 -0.015461 0.234145 -0.025879 -0.971857 0.971102 -0.041298 0.235063
1.006876 -4.580866 54.469584 25.910725 0.068032 0.988145 -0.137627 0.140954 -0.146083 -0.979179 0.987676 -0.047217 0.149222
0.442445 -4.990030 55.409870 10.111074 0.061054 0.990695 -0.121636 0.239610 -0.132847 -0.961737 0.968948 -0.029572 0.245491
0.097756 -8.889755 19.805562 -58.444982 -0.243862 0.966088 -0.084879 0.503806 0.051413 -0.862286 0.828680 0.253041 0.499259
-0.341768 -8.557265 9.175903 -50.917107 -0.227700 0.970100 -0.084011 0.501436 0.042862 -0.864132 0.834694 0.238889 0.496203
0.000667 -9.461752 20.912101 -42.766190 -0.254896 0.965084 -0.060335 0.336283 0.029972 -0.941284 0.906610 0.260219 0.332181
0.604549 -9.683828 29.933666 -46.788691 -0.257911 0.963588 -0.070577 0.345565 0.023783 -0.938093 0.902256 0.266333 0.339116
-0.034681 -9.488105 22.821123 2.997726 -0.262989 0.963938 -0.040753 0.151141 -0.000557 -0.988512 0.952887 0.266128 0.145544
0.560262 -9.712022 31.716267 13.034267 -0.268434 0.961893 -0.052000 0.162669 -0.007943 -0.986649 0.949464 0.273309 0.154338
-0.888821 -11.202723 -25.946703 -84.886712 0.455475 0.848933 -0.268060 -0.455748 -0.036307 -0.889368 0.764746 -0.527253 -0.370362
-0.168718 -11.467644 -30.876082 -57.181530 0.477465 0.840058 -0.257546 -0.485647 0.008040 -0.874118 0.732239 -0.542437 -0.411811
-0.672303 -11.225468 -20.202930 6.038479 0.443639 0.854827 -0.269174 -0.611370 0.069056 -0.788326 0.655295 -0.514297 -0.553251
-0.892473 -11.132360 -27.704451 -91.696783 0.476736 0.843970 -0.245839 -0.310444 -0.099999 -0.945317 0.822403 -0.526986 -0.214333
-1.354318 -10.911286 -11.829970 -46.444139 0.411752 0.874816 -0.255259 -0.491522 -0.022675 -0.870570 0.767377 -0.483924 -0.420655
-1.314347 -10.399450 -18.783217 -67.986162 0.431172 0.868374 -0.244983 -0.321108 -0.106057 -0.941085 0.843197 -0.484436 -0.233113
-1.707040 -14.461965 -23.555781 -56.657296 0.057180 0.996444 0.061883 -0.282709 -0.043287 0.958229 -0.957500 0.072286 -0.279228
-0.789038 -13.729197 -9.565557 -35.794159 0.059442 0.997792 0.029632 -0.218591 -0.015953 0.975686 -0.974004 0.064474 -0.217160
-1.069381 -15.321297 -18.896260 -28.077994 0.047397 0.998651 -0.021193 0.029234 0.019821 0.999376 -0.998448 0.047987 0.028255
-2.362244 -17.002456 -38.881332 -67.358864 0.064587 0.997909 0.002583 -0.044404 0.000288 0.999014 -0.996924 0.064638 -0.044329
-2.674032 -14.388502 -31.526208 -116.962647 0.116722 0.991378 0.059545 -0.366365 -0.012746 0.930384 -0.923121 0.130412 -0.361718
-0.461409 -5.837759 1.200259 5.307501 -0.223594 0.974305 -0.027127 0.890795 0.192975 -0.411393 0.395587 0.116150 0.911054
-0.543403 -5.212863 6.280772 10.898467 -0.222041 0.974832 -0.020037 0.892830 0.195018 -0.405982 0.391857 0.108034 0.913661
-0.388359 -5.305216 4.822743 2.172253 -0.304946 0.952089 0.023110 0.781212 0.263947 -0.565720 0.544716 0.154460 0.824273
1.656737 -1.895853 -62.113576 -58.299324 -0.176386 0.889917 -0.420637 0.137220 0.445395 0.884756 -0.974709 -0.098339 0.200676
2.449480 -1.672887 -11.180644 -70.243049 -0.084041 0.849730 -0.520476 0.089383 0.526647 0.845372 -0.992445 -0.024524 0.120212
2.498165 -3.117373 -53.034949 -37.717178 -0.139272 0.894649 -0.424507 0.206306 0.445493 0.871191 -0.968525 -0.033754 0.246616
1.125927 -15.172685 4.183042 200.176256 0.221922 0.965093 -0.139090 0.356039 0.052592 0.932990 -0.907737 0.256573 0.331939
1.164228 -16.306588 4.355583 219.348974 0.212225 0.971796 -0.102826 0.339154 0.025436 0.940387 -0.916480 0.234448 0.324191
0.695260 -20.504752 7.435789 373.691008 0.229517 0.965975 -0.119225 0.162307 0.082794 0.983261 -0.959676 0.245026 0.137782
1.456651 -13.084956 10.353328 134.919870 0.203255 0.967931 -0.147638 0.517225 0.021887 0.855569 -0.831364 0.250261 0.496190
1.378881 -12.231148 2.588371 103.726312 0.207433 0.961541 -0.180030 0.521120 0.047133 0.852181 -0.827892 0.270588 0.491301
0.541078 -4.478742 -3.190136 -7.778959 -0.005939 0.959514 -0.281599 0.168344 -0.276625 -0.946118 0.985710 0.053025 0.159886
0.623570 -4.854419 -1.941362 -13.091564 -0.001842 0.973359 -0.229277 0.181119 -0.225161 -0.957339 0.983460 0.043290 0.175879
0.877293 -4.594536 1.031887 7.010670 -0.000044 0.941758 -0.336292 0.255951 -0.325079 -0.910391 0.966690 0.086114 0.241030
0.341684 -5.058958 -0.373614 -23.992674 -0.013806 0.985057 -0.171672 0.083391 -0.169956 -0.981917 0.996421 0.027872 0.079799
0.500017 -4.368423 10.679065 19.135028 -0.011483 0.928923 -0.370095 0.231674 -0.357576 -0.904691 0.972726 0.096130 0.211102
0.311208 -4.140791 0.676149 -0.974436 -0.012059 0.949630 -0.313141 0.151646 -0.307804 -0.939287 0.988361 0.058814 0.140296
0.281608 -4.673872 -1.938229 -27.088825 -0.015973 0.977808 -0.208893 0.081608 -0.206948 -0.974942 0.996537 0.032620 0.076491
0.766892 -15.621278 -29.286935 212.526177 0.057727 0.995900 0.069648 -0.469099 -0.034524 0.882470 -0.881257 0.083614 -0.465183
0.428206 -15.322936 11.274675 235.473452 0.016313 0.989582 0.143042 -0.494868 -0.116319 0.861148 -0.868815 0.084835 -0.487815
-0.305180 -17.238156 -2.350609 134.590662 0.045368 0.995490 0.083310 -0.646075 -0.034368 0.762500 -0.761924 0.088417 -0.641602
1.359127 -12.968046 -8.747996 297.052105 0.009978 0.987539 0.157058 -0.323733 -0.145417 0.934907 -0.946096 0.060173 -0.318248
-0.031929 -17.356641 -49.645186 76.322185 0.090756 0.995838 0.008419 -0.633747 0.051231 0.771842 -0.768198 0.075384 -0.635759
1.923397 -13.438233 -39.784320 301.759179 0.059442 0.994832 0.082310 -0.294053 -0.061347 0.953818 -0.953939 0.080901 -0.288887
1.149926 -16.112728 -44.040645 160.632910 0.108190 0.994123 0.003753 -0.460709 0.046792 0.886317 -0.880932 0.097620 -0.463064
-0.124630 -13.544548 33.095103 -159.673868 0.268482 0.961820 -0.053095 -0.830979 0.259133 0.492264 -0.487228 0.088043 -0.868825
-0.678621 -12.519783 11.166692 -139.361120 0.233231 0.971460 -0.043235 -0.838997 0.223509 0.496112 -0.491616 0.079435 -0.867181
-0.587349 -15.270638 23.208880 -210.377181 0.293445 0.952968 -0.075775 -0.734866 0.275561 0.619708 -0.611442 0.126166 -0.781166
-0.778591 -15.616802 10.079516 -148.956671 -0.081845 0.996636 0.004224 0.331159 0.023197 0.943290 -0.940019 -0.078602 0.331943
-0.595482 -15.379720 10.267567 -114.638383 -0.063270 0.997985 0.004754 0.326363 0.016188 0.945106 -0.943125 -0.061348 0.326730
-0.785814 -13.286564 4.208672 -171.581480 -0.087515 0.996092 0.011881 0.138823 0.000385 0.990317 -0.986443 -0.088317 0.138315
-0.538814 -17.129882 12.571187 -112.888977 -0.063697 0.997968 0.001846 0.514754 0.031270 0.856768 -0.854969 -0.055524 0.515699
-0.889465 -13.287150 3.316246 -221.101377 -0.108872 0.993838 0.020808 0.134142 -0.006053 0.990944 -0.984963 -0.110677 0.132657
-1.042444 -16.160144 12.441974 -203.201636 -0.097788 0.995026 0.018982 0.334989 0.014949 0.942103 -0.937134 -0.098485 0.334785
-0.817799 -17.723332 14.860995 -128.064540 -0.075323 0.997126 0.008112 0.530546 0.033187 0.847006 -0.844303 -0.068103 0.531521
-3.063514 -8.207932 27.426713 22.392441 0.227255 0.966703 -0.117644 0.753031 -0.251041 -0.608212 0.617494 -0.049630 0.785008
-3.039227 -8.492654 42.339737 69.093948 0.286195 0.945621 -0.154577 0.783682 -0.323832 -0.530071 0.551303 -0.030564 0.833745
-3.610240 -7.847729 54.657841 37.991575 0.272426 0.955037 -0.116995 0.715159 -0.282329 -0.639404 0.643686 -0.090520 0.759917
-3.833751 -8.003772 8.426124 -52.496528 0.154411 0.987841 0.018109 0.683950 -0.093646 -0.723494 0.713001 -0.124101 0.690093
-4.075605 -6.943595 42.964303 11.281592 0.280171 0.958214 -0.057701 0.652865 -0.234267 -0.720338 0.703755 -0.164147 0.691219
-3.697967 -7.145988 33.216870 65.872274 0.362660 0.925168 -0.111987 0.667603 -0.341761 -0.661443 0.650219 -0.165116 0.741588
-1.928321 -30.845805 -115.227212 -238.818371 -0.126091 0.983981 0.126025 0.695577 0.178273 -0.695982 0.707300 0.000097 0.706913
0.147516 -29.317764 -50.071961 419.833713 -0.153097 0.977554 0.144738 0.520004 0.204239 -0.829386 0.840331 0.051712 0.539601
-1.105213 -32.049968 -95.808462 884.556520 -0.108218 0.988730 0.103448 0.421262 0.139863 -0.896090 0.900459 0.053394 0.431650
-1.999723 -32.603535 -63.642621 512.819537 -0.124241 0.991677 0.033761 0.505617 0.092549 -0.857780 0.853765 0.089501 0.512908
-3.044575 -31.528415 -95.059063 -672.109156 -0.147494 0.986838 0.066309 0.766958 0.156448 -0.622333 0.624516 0.040934 0.779939
4.174184 -29.461775 97.256607 -33.351200 -0.020146 0.975284 -0.220037 0.103349 -0.216871 -0.970714 0.994441 0.042297 0.096426
4.207281 -30.533628 -87.436490 -181.530954 0.027311 0.978387 -0.204969 -0.145097 -0.198994 -0.969200 0.989040 -0.056211 -0.136527
3.169804 -30.357215 -114.238393 -201.959384 0.073986 0.976156 -0.204074 -0.042119 -0.201394 -0.978604 0.996369 -0.080999 -0.026214
4.071972 -27.599823 45.514817 324.513036 -0.033599 0.981514 -0.188417 -0.015312 -0.189007 -0.981856 0.999318 0.030104 -0.021379
3.143797 -28.623784 1.487768 220.414429 -0.009410 0.979713 -0.200184 0.218507 -0.193341 -0.956491 0.975790 0.052742 0.212255
3.804462 -28.886713 134.455961 -4.655858 -0.037886 0.973173 -0.226936 0.292847 -0.206316 -0.933635 0.955409 0.101829 0.277174
-5.039282 -13.531245 -55.055436 983.403545 0.565575 -0.796268 0.214666 0.822511 0.563570 -0.076577 -0.060004 0.219876 0.973681
-6.336544 -8.587718 -421.305376 -336.064024 0.835994 -0.494108 0.238686 -0.539429 -0.819777 0.192308 -0.100648 0.289523 0.951865
-4.336799 -13.178861 -204.458774 -887.385450 0.865355 -0.467906 0.179511 -0.501116 -0.812554 0.297723 -0.006555 0.347592 0.937623
-1.606691 -25.987257 -247.995153 1503.916358 0.498703 -0.835680 0.230072 0.852837 0.520490 0.041947 -0.154804 0.175295 0.972269
2.431044 -25.405505 -408.192571 -978.202043 0.835539 -0.543930 0.077556 -0.532627 -0.767232 0.357300 0.134843 0.339847 0.930764
3.963226 -13.697865 -1388.127390 439.121475 0.973470 0.218361 0.068364 0.158362 -0.858625 0.487529 -0.165157 0.463768 0.870426
0.814868 -88.489740 264.792578 -2537.631436 -0.334143 0.897444 -0.287996 0.833433 0.138642 -0.534946 0.440156 0.418774 0.794286
0.230976 -82.346860 -293.806329 -2658.161175 0.314593 -0.901582 0.296955 0.938816 0.249320 -0.237620 0.140197 0.353540 0.924854
-1.151239 -90.683008 476.811367 -2963.357773 -0.350183 0.894112 -0.279170 0.818692 0.147355 -0.555004 0.455098 0.422907 0.783604
1.585765 -81.950346 -88.306459 -2134.526506 0.298232 -0.907476 0.295879 0.944661 0.236242 -0.227606 0.136648 0.347385 0.927713
-0.341510 -97.599721 372.964692 -1711.977562 -0.358341 0.894864 -0.266101 0.607539 0.007100 -0.794258 0.708864 0.446283 0.546209
0.466496 -95.548833 17.971157 -1564.361529 -0.342788 0.899899 -0.269589 0.634781 0.010340 -0.772623 0.692495 0.435976 0.574783
1.106494 -87.354705 45.614750 -2320.426160 -0.326521 0.902210 -0.281782 0.841799 0.142007 -0.520776 0.429835 0.407248 0.805848
-1.351062 -133.965691 26.121535 -152.320464 -0.364502 0.899396 -0.241297 0.521483 -0.017528 -0.853082 0.771488 0.436783 0.462631
0.757337 -137.006640 137.501677 1638.136414 -0.308494 0.911436 -0.272243 0.858844 0.143846 -0.491626 0.408924 0.385478 0.827156
1.317080 -126.132066 427.573871 -9339.816851 -0.369526 0.905293 -0.209511 0.650141 0.090794 -0.754370 0.663903 0.414970 0.622119
5.751010 -2410.776153 -1199.302526 -291410.101138 -0.021428 0.920181 -0.390907 0.404718 0.365511 0.838215 -0.914190 0.140246 0.380246
12.322230 -379.483664 727.156695 -92985.172073 0.023998 -0.943902 0.329352 0.997981 0.003239 -0.063434 0.058809 0.330209 0.942074
-49.115803 -660.481763 -2301.193376 83583.886931 -0.068350 0.980042 -0.186671 0.805448 0.164618 0.569345 -0.588712 0.111439 0.800624
6.294248 -531.060948 -1673.431321 100964.979204 -0.002340 0.962362 -0.271762 -0.465557 0.239467 0.852005 -0.885015 -0.128514 -0.447474
0.262063 -9.892352 23.219743 15.141804 0.046451 0.988930 -0.140923 0.520445 -0.144374 -0.841602 0.852631 0.034250 0.521390
0.484479 -10.227783 5.987906 39.702213 0.071270 0.988530 -0.133149 0.565475 -0.150007 -0.811009 0.821680 0.017492 0.569680
0.279646 -10.264784 27.497026 55.803233 0.062745 0.986382 -0.152030 0.651426 -0.155883 -0.742526 0.756113 0.052447 0.652336
-0.053323 -9.758645 34.924527 43.197566 0.040001 0.989471 -0.139092 0.593446 -0.135519 -0.793383 0.803879 0.050807 0.592619
-1.333014 -8.118429 -22.012836 91.102348 -0.370666 0.827439 -0.421844 0.818531 0.505658 0.272611 -0.438878 0.244245 0.864714
-1.488661 -8.881876 -23.509146 35.130232 -0.419188 0.793692 -0.440835 0.724835 0.584954 0.363926 -0.546714 0.166979 0.820501
-1.095379 -9.203924 3.493335 38.205521 -0.413162 0.803027 -0.429470 0.749224 0.567821 0.340944 -0.517649 0.180904 0.836249
-2.027913 -7.789470 -74.245147 93.603079 -0.384392 0.817721 -0.428456 0.803898 0.524670 0.280125 -0.453862 0.236757 0.859043
-0.882595 -7.842390 5.706009 32.503043 -0.019013 0.983806 -0.178225 0.966504 0.063718 0.248617 -0.255946 0.167528 0.952064
-0.968235 -7.485162 -3.500963 31.650717 -0.050178 0.988147 -0.145077 0.968701 0.083511 0.233763 -0.243108 0.128806 0.961409
-0.790417 -6.910611 0.101670 29.168833 0.071131 -0.981940 0.175313 0.996515 0.077632 0.030499 -0.043558 0.172532 0.984040
-14.601917 -155.482347 144.956579 -3754.695494 0.854303 -0.278077 -0.439136 -0.299141 0.427874 -0.852900 -0.425067 -0.859998 -0.282349
-339.380663 -3148.586912 -30716.236480 269000.868014 0.906392 -0.305093 -0.292184 -0.340928 -0.119893 -0.932413 -0.249442 -0.944745 0.212685
-21.148869 -176.651438 88.357179 5233.741910 0.834289 -0.308009 -0.457266 -0.287285 0.465023 -0.837389 -0.470563 -0.829990 -0.299477
-0.313192 -76.124356 104.569297 -2545.948302 0.910416 -0.341473 -0.233538 -0.308542 -0.184414 -0.933163 -0.275582 -0.921622 0.273252
-14.364435 -299.724000 -395.001831 -13306.407042 -0.848444 0.114675 0.516712 -0.163448 0.871766 -0.461854 -0.503415 -0.476313 -0.720902
-2.284959 -113.103343 129.409369 -3059.849661 0.884412 -0.366638 -0.288778 -0.152339 0.358080 -0.921179 -0.441145 -0.858694 -0.260837
3.217867 -295.618176 -542.891724 -10091.419383 0.865767 -0.036902 -0.499085 -0.218357 0.869486 -0.443074 -0.450297 -0.492577 -0.744715
-5.199138 -171.989400 138.570711 -11694.942652 0.845556 -0.131525 -0.517432 0.382774 -0.526285 0.759281 0.372182 0.840074 0.394659
-4.151480 -81.849223 82.362505 1177.270082 0.855459 -0.191151 -0.481302 -0.095041 0.855652 -0.508751 0.509075 0.480958 0.713808
-3.828190 -145.456397 116.864643 -9698.954432 0.820793 -0.192795 -0.537707 0.360242 -0.555825 0.749189 0.443311 0.808634 0.386764
-4.357765 -110.043700 104.288879 -6432.533195 0.828524 -0.198632 -0.523540 0.494969 -0.177388 0.850611 0.261829 0.963887 0.048653
-2.729585 -128.031659 86.522485 -7962.654665 0.796215 -0.232868 -0.558403 0.520117 -0.208025 0.828374 0.309063 0.949999 0.044514
-1.952242 -118.391013 64.750134 -7262.123018 0.805083 -0.234240 -0.544953 0.331781 -0.583733 0.741064 0.491694 0.777423 0.392237
-3.814318 -30.819490 115.724668 -753.253453 -0.921433 -0.002560 0.388528 0.122150 0.947366 0.295934 -0.368836 0.320142 -0.872622
-4.628313 -33.681422 -118.032738 -141.186686 0.905526 -0.034895 -0.422854 0.282800 0.792597 0.540198 -0.316303 0.608747 -0.727585
-5.563138 -35.679317 -121.472312 -848.790074 0.936478 -0.053023 -0.346696 0.169533 0.933786 0.315122 -0.307031 0.353881 -0.883459
-7.499801 -9.198415 -26.166520 -168.694952 0.146960 0.792662 -0.591683 -0.560004 0.559754 0.610795 -0.815351 -0.241582 -0.526156
-5.328450 -8.605933 -12.137018 -29.005355 -0.234394 0.961168 -0.145657 -0.537375 -0.003246 0.843337 -0.810116 -0.275945 -0.517268
-4.358902 -7.875829 45.115323 -48.229181 -0.392125 0.919907 0.003027 -0.512789 -0.221315 0.829498 -0.763731 -0.323715 -0.558501
-3.162394 -5.426061 96.674869 29.695056 0.271011 0.942785 -0.194189 -0.941796 0.301401 0.148922 -0.198930 -0.142527 -0.969594
-4.045428 -4.994506 10.139114 5.284652 -0.173969 0.967718 -0.182364 0.982467 0.157959 -0.099030 -0.067028 -0.196395 -0.978231
-4.664808 -4.962669 4.627458 7.291141 -0.180498 0.958631 -0.220107 0.981158 0.159807 -0.108588 -0.068922 -0.235559 -0.969413
-2.374313 -4.888675 159.355112 -11.168890 -0.274500 0.953193 -0.126779 0.957000 0.257944 -0.132723 -0.093809 -0.157760 -0.983011
-7.855920 -8.700938 77.315914 -174.435329 0.058722 0.494971 0.866923 -0.224063 0.852799 -0.471730 -0.972804 -0.166545 0.160983
-7.124223 -8.261893 72.269797 -138.588276 0.286867 -0.233940 0.928967 -0.089389 0.958956 0.269096 -0.953791 -0.160234 0.254182
-7.461011 -10.424447 26.763232 -207.477945 0.101018 0.561450 0.821322 -0.139029 0.825411 -0.547145 -0.985122 -0.058916 0.161439
2.818529 -7.415073 -234.003459 -151.831216 -0.002719 0.972774 0.231738 -0.948192 -0.076129 0.308443 -0.317687 0.218893 -0.922584
5.306564 -11.928511 -303.885103 -192.444970 -0.223874 0.893743 0.388721 -0.854921 -0.371589 0.361983 -0.467964 0.251287 -0.847269
3.863007 -12.196150 -216.735254 -109.033384 -0.272525 0.868059 0.414975 -0.749978 -0.461831 0.473545 -0.602713 0.182169 -0.776886
1.446219 -9.723812 -134.884726 -159.375111 -0.124098 0.945964 0.299585 -0.879924 -0.244457 0.407400 -0.458621 0.213054 -0.862713
8.250225 -13.514037 -344.916453 -63.320126 -0.343848 0.758433 0.553668 -0.631311 -0.623193 0.461603 -0.695136 0.190816 -0.693091
-2.594825 -12.790043 -14.288917 -356.098707 0.249382 -0.935385 0.250726 0.941595 0.173711 -0.288483 0.226289 0.308025 0.924075
-1.955779 -13.907491 -33.945971 -335.737721 0.268442 -0.910691 0.313976 0.931642 0.162574 -0.324982 0.244914 0.379752 0.892079
-2.057593 -10.432536 -39.524642 -305.846619 0.249798 -0.914268 0.318928 0.963283 0.201159 -0.177824 0.098423 0.351638 0.930948
-1.337503 -11.325202 -47.407297 -303.923577 0.274803 -0.890648 0.362256 0.954549 0.207488 -0.213976 0.115413 0.404592 0.907185
-1.398464 -14.584385 -48.847624 -286.789972 0.277839 -0.888865 0.364314 0.921643 0.139706 -0.362018 0.270888 0.436350 0.858032
0.224991 -4.550122 27.039106 -47.012217 -0.004408 0.991635 0.128997 -0.563289 0.104124 -0.819673 0.826248 0.076276 -0.558119
-0.027714 -4.836780 21.932454 -48.420869 -0.049650 0.996036 0.073808 -0.568604 0.032565 -0.821966 0.821111 0.082779 -0.564733
-0.221110 -5.361558 26.675277 -36.642109 -0.034808 0.995252 0.090898 -0.659228 0.045494 -0.750566 0.751137 0.086048 -0.654514
-0.151752 -4.885319 -2.050392 -37.626731 -0.062766 0.997909 0.015418 -0.557517 -0.022245 -0.829867 0.827789 0.060683 -0.557748
-0.312357 -5.152766 -4.157886 -17.902706 -0.048671 0.998477 0.025995 -0.645410 -0.011577 -0.763748 0.762284 0.053950 -0.644991
-0.101103 -8.806516 10.167554 -34.011237 -0.002284 0.994097 -0.108469 0.077180 -0.107971 -0.991154 0.997015 0.010636 0.076478
-0.406563 -8.907035 5.442137 -23.228937 0.015314 0.994119 -0.107208 -0.089363 -0.105431 -0.990403 0.995881 -0.024748 -0.087223
-0.465599 -8.634248 2.538488 -11.467162 0.029223 0.992260 -0.120690 -0.079550 -0.118050 -0.989816 0.996402 -0.038527 -0.075485
-0.363566 -12.166258 -14.640887 36.326744 0.382133 0.919920 -0.087871 0.038100 -0.110690 -0.993124 0.923321 -0.376158 0.077347
-1.298814 -10.834868 -12.234839 13.290650 0.330735 0.942350 -0.050897 0.028219 -0.063783 -0.997565 0.943302 -0.328493 0.047687
-1.156022 -10.657871 -10.051799 -27.957799 0.319864 0.947324 -0.016242 0.226596 -0.093133 -0.969526 0.919968 -0.306436 0.244449
-0.919603 -11.447112 -13.571296 32.971957 0.363920 0.927511 -0.085353 -0.013197 -0.086493 -0.996165 0.931337 -0.363651 0.019236
1.622447 -6.268043 2.162755 -16.118168 -0.320608 0.921042 -0.221116 -0.507777 -0.364183 -0.780726 0.799608 0.138030 -0.584444
0.580453 -6.091071 4.363121 4.978401 -0.384037 0.884043 -0.266427 -0.600811 -0.458374 -0.654919 0.701100 0.091441 -0.707176
-0.184797 -5.784835 -4.696605 24.141545 -0.342218 0.901598 -0.264592 -0.740209 -0.432133 -0.515123 0.578772 -0.019569 -0.815254
4.173857 -3.218280 -14.185660 -178.433625 0.455767 0.890003 0.013068 -0.871511 0.443216 0.209827 -0.180954 0.107021 -0.977651
5.509880 0.481697 -118.549052 -161.612113 0.457170 0.878291 -0.139999 -0.848166 0.477913 0.228505 -0.267601 -0.014276 -0.963424
6.875495 -6.561178 -425.518557 -173.678042 -0.349042 0.774371 -0.527749 -0.295271 0.443602 0.846187 -0.889373 -0.451184 -0.073813
9.623859 -8.874254 220.469888 -8.457099 0.192382 0.902224 -0.385982 -0.053621 0.402406 0.913890 -0.979854 0.155119 -0.125794
9.821408 -7.561691 -37.245638 58.092465 -0.059987 0.916404 -0.395734 0.013260 0.397144 0.917660 -0.998111 -0.049800 0.035975
6.918088 -7.001000 -314.828443 -79.462523 -0.282120 0.852801 -0.439476 -0.126634 0.420974 0.898190 -0.950985 -0.309050 0.010772
0.613584 -5.012392 17.886133 1.237799 0.037763 0.997773 0.054986 -0.980538 0.026389 0.194545 -0.192661 0.061263 -0.979351
0.439846 -4.897220 14.416560 6.655583 0.062048 0.997225 0.041135 -0.948422 0.046074 0.313643 -0.310878 0.058474 -0.948650
0.942865 -4.990814 29.666878 2.712564 0.105956 0.994100 0.023195 -0.948398 0.094019 0.302824 -0.298857 0.054084 -0.952764
1.041746 -19.637719 -24.670027 146.328534 -0.532276 0.783777 -0.319961 0.326907 0.538929 0.776330 -0.780906 -0.308624 0.543081
0.952869 -21.724697 -25.038514 284.551692 -0.528363 0.797166 -0.292164 0.200671 0.451624 0.869348 -0.824963 -0.400702 0.398589
1.210235 -20.590390 -11.516248 235.983393 -0.500355 0.812064 -0.300328 0.156522 0.425993 0.891084 -0.851555 -0.398850 0.340253
1.615251 -15.702296 32.780338 139.363932 -0.254739 0.895960 -0.363819 0.571957 -0.163765 -0.803770 0.779727 0.412840 0.470733
1.636039 -14.554424 27.590705 122.705650 -0.234577 0.891787 -0.386898 0.445852 -0.254972 -0.858024 0.863823 0.373772 0.337794
2.017536 -14.382939 28.817204 135.365853 -0.225913 0.908005 -0.352832 0.546833 -0.181541 -0.817323 0.806187 0.377584 0.455515
1.119957 -16.034902 29.960826 181.088998 -0.263803 0.883041 -0.388133 0.454603 -0.241074 -0.857449 0.850731 0.402644 0.337837
1.982214 -15.599417 31.534609 139.349788 -0.242437 0.911262 -0.332906 0.660201 -0.096474 -0.744867 0.710886 0.400368 0.578227
1.524468 -16.710734 32.673498 31.835967 -0.271859 0.899455 -0.342160 0.697499 -0.060794 -0.714002 0.663014 0.432764 0.610842
0.990692 -17.246912 27.985972 85.478536 -0.281374 0.888081 -0.363512 0.600817 -0.132333 -0.788357 0.748229 0.440227 0.496339
1.280660 -5.572008 -67.233180 10.848372 0.003717 0.938000 -0.346615 -0.839467 0.191280 0.508633 -0.543399 -0.289081 -0.788131
