10893
21769
-6.062506 -8.463863 3.420836 139.483004 -0.139462 0.975330 -0.171121 -0.500059 -0.218524 -0.837967 0.854688 0.031294 -0.518198
-7.147872 -10.363567 35.282168 123.096887 -0.155313 0.982091 -0.106657 -0.358299 -0.156618 -0.920377 0.920598 0.104732 -0.376206
-7.365477 -11.044577 -7.418928 264.351916 0.135954 0.948360 0.286584 -0.449575 0.316828 -0.835166 0.882835 0.015297 -0.469433
-5.614311 -8.836135 -31.302775 98.260521 -0.339104 0.862060 -0.376644 -0.374727 -0.491010 -0.786441 0.862895 0.125546 -0.489541
-5.059929 -7.670504 -78.836390 149.746187 0.078320 0.996704 0.021126 -0.602613 0.064213 -0.795446 0.794181 -0.049568 -0.605656
-5.003335 -7.121823 22.382943 95.380788 -0.357123 0.813967 -0.458172 -0.465870 -0.580370 -0.667934 0.809585 0.025086 -0.586466
-1.812908 -6.228083 71.256684 6.720280 -0.227203 0.896485 -0.380386 -0.846330 -0.375001 -0.378284 0.481771 -0.235985 -0.843924
-2.485865 -7.473340 24.793331 105.658024 -0.018222 0.954854 -0.296516 -0.817254 -0.185071 -0.545751 0.575989 -0.232384 -0.783731
-3.108565 -7.291297 33.506817 66.232998 -0.041688 0.933627 -0.355813 -0.833729 -0.228757 -0.502560 0.550598 -0.275701 -0.787928
-2.347215 -5.761910 64.594379 33.972708 -0.151712 0.905541 -0.396206 -0.886683 -0.301815 -0.350288 0.436781 -0.298166 -0.848716
2.354026 -3.795821 21.255542 -61.962431 -0.161344 -0.445240 -0.880755 -0.740933 0.644168 -0.189911 0.651910 0.621939 -0.433826
2.555006 -6.476872 2.213049 146.701796 0.094074 0.457137 0.884407 0.787567 -0.577590 0.214775 0.609006 0.676325 -0.414362
2.515481 -4.248549 -26.508399 69.019007 0.149223 0.497931 0.854282 0.771642 -0.598877 0.214277 0.618305 0.627225 -0.473590
2.064817 -5.831667 -41.511372 -104.836249 -0.072063 -0.394748 -0.915959 -0.741586 0.635318 -0.215456 0.666976 0.663736 -0.338523
1.969474 -2.958841 13.114349 -15.509496 -0.147536 -0.528529 -0.835996 -0.749180 0.611556 -0.254420 0.645726 0.588775 -0.486190
1.629953 -2.497297 58.542124 -19.255239 -0.248778 -0.410738 -0.877157 -0.694709 0.706718 -0.133896 0.674899 0.576059 -0.461159
1.866798 -3.366708 17.309714 -34.888096 -0.245366 -0.321548 -0.914550 -0.668530 0.739307 -0.080574 0.702042 0.591634 -0.396366
13.968520 -31.119598 -822.025763 -238.817035 -0.489589 -0.850771 0.191028 0.862438 -0.504759 -0.037661 0.128464 0.146311 0.980862
21.506717 -76.325117 1806.107902 -3145.956464 0.534727 0.441908 -0.720267 -0.622270 0.782592 0.018172 0.571706 0.438483 0.693459
9.056042 -119.806490 1239.503262 2347.761173 0.819721 0.294393 -0.491314 0.572713 -0.432504 0.696376 0.007487 0.852217 0.523135
2.273393 -89.923358 -126.284247 3663.949155 0.871300 0.453225 -0.188213 0.481704 -0.863142 0.151485 0.093798 0.222652 0.970375
0.304002 -27.715773 277.343358 -694.376384 0.438632 0.880698 -0.178809 0.854875 -0.470269 -0.219170 0.277111 0.056724 0.959162
0.209748 -5.477959 -19.216228 60.094472 -0.113314 0.973610 -0.198100 -0.384804 0.140818 0.912193 -0.916016 -0.179594 -0.358692
0.241822 -5.061273 -26.332505 65.992311 -0.123876 0.973303 -0.193226 -0.312799 0.146496 0.938454 -0.941707 -0.176693 -0.286301
0.003470 -5.705586 -26.270927 60.492172 -0.130487 0.977322 -0.166781 -0.386719 0.104723 0.916232 -0.912919 -0.184053 -0.364284
-0.133944 -6.324413 -25.859231 37.966849 -0.131787 0.977580 -0.164222 -0.503816 0.076619 0.860407 -0.853699 -0.196128 -0.482423
-0.187075 -6.066740 -1.154408 34.058078 -0.121151 0.984684 -0.125379 -0.449694 0.058159 0.891287 -0.884928 -0.164363 -0.435761
-0.072538 -6.675906 -5.778634 -5.843463 0.051697 0.987224 -0.150721 -0.965644 0.087903 0.244550 -0.254674 -0.132900 -0.957851
-0.208139 -7.019539 -7.910323 52.436135 0.053313 0.987098 -0.150979 -0.985183 0.076674 0.153412 -0.163009 -0.140563 -0.976560
-0.017120 -6.920083 -13.429524 50.810537 0.076935 0.983287 -0.165006 -0.981002 0.104215 0.163628 -0.178089 -0.149283 -0.972625
0.105727 -7.131166 -9.568600 9.196732 0.066850 0.985056 -0.158731 -0.967440 0.102916 0.231234 -0.244114 -0.138105 -0.959862
-0.064360 -7.094909 -1.107583 -37.217898 0.033942 0.989702 -0.139059 -0.932548 0.081404 0.351750 -0.359448 -0.117740 -0.925708
-0.057321 -6.589763 -1.449926 -30.433007 0.035038 0.989194 -0.142362 -0.937582 0.081853 0.337995 -0.345996 -0.121633 -0.930318
1.476094 -11.785702 21.306217 -132.873191 0.323560 0.938894 0.117416 -0.938188 0.334460 -0.089102 0.122928 0.081329 -0.989078
1.093208 -11.532496 17.293319 -1.264860 0.338863 0.930916 0.136263 -0.922515 0.357204 -0.146191 0.184765 0.076166 -0.979827
1.133430 -13.369982 22.277267 133.835818 0.317136 0.940398 0.122784 0.948102 -0.317510 -0.017036 0.022964 0.121815 -0.992287
2.822306 -13.335341 25.885799 215.965563 0.325007 0.944627 -0.045286 0.789865 -0.297471 -0.536307 0.520081 -0.138534 0.842807
2.423843 -12.853091 70.045854 195.353063 0.288145 0.952043 -0.102888 0.782723 -0.296061 -0.547441 0.551649 -0.077210 0.830495
2.546892 -10.640539 56.833897 90.043985 0.294014 0.951694 -0.088511 0.701452 -0.277749 -0.656369 0.649246 -0.130896 0.749230
2.776077 -10.776995 -12.723087 61.654337 0.344108 0.938920 0.004304 0.716239 -0.259527 -0.647801 0.607117 -0.225997 0.761797
3.004187 -12.924334 -34.016511 206.992299 0.364204 0.930805 0.030960 0.787477 -0.290034 -0.543839 0.497228 -0.222448 0.838619
0.720110 -1.703952 -4.148680 212.955812 -0.082439 0.996590 -0.003528 0.233913 0.022790 0.971990 -0.968756 -0.079305 0.234994
0.649662 -4.824819 -1.870021 104.579476 -0.080562 0.996581 0.018340 0.090963 -0.010973 0.995794 -0.992590 -0.081892 0.089768
0.756654 -3.766334 -8.506254 153.619730 -0.078689 0.996875 0.007009 0.164348 0.006038 0.986384 -0.983259 -0.078769 0.164309
0.815625 -0.295992 -18.331082 242.169533 -0.095488 0.991125 -0.092481 0.257239 0.114319 0.959562 -0.961618 -0.067837 0.265872
0.299358 -8.859510 5.309782 -95.572944 0.131604 0.990130 0.048201 0.600740 -0.040981 -0.798394 0.788538 -0.134028 0.600204
0.668693 -7.598633 14.009676 -55.179724 0.089124 0.991731 0.092338 0.733305 -0.002597 -0.679894 0.674033 -0.128307 0.727473
0.277708 -9.214338 25.308890 -107.211530 0.130078 0.991337 0.018158 0.635793 -0.069344 -0.768738 0.760820 -0.111541 0.639306
1.049110 -12.563823 -1.827787 35.512702 0.111254 0.985913 -0.124890 -0.720586 -0.006514 -0.693335 0.684382 -0.167131 -0.709710
0.989559 -12.950819 -13.655128 -5.109146 0.138459 0.983184 -0.119069 -0.561669 -0.021068 -0.827094 0.815694 -0.181396 -0.549307
1.205909 -13.278908 9.821174 26.203472 0.113983 0.988413 -0.100237 -0.545260 -0.022102 -0.837976 0.830482 -0.150171 -0.536422
-1.712424 -17.062572 -43.564572 -112.543954 0.032998 0.993427 0.109607 0.740532 -0.097952 0.664844 -0.671210 -0.059229 0.738897
-1.034536 -18.289412 -55.749477 -155.342253 -0.010126 0.990223 0.139129 0.674559 -0.095944 0.731960 -0.738152 -0.101262 0.666992
-1.208042 -19.214301 -39.699684 -80.536906 0.046756 0.988855 0.141353 0.874971 -0.108812 0.471791 -0.481913 -0.101621 0.870306
-4.209872 -11.072880 -8.289014 100.526078 0.318142 0.927904 0.194372 -0.850764 0.188967 0.490401 -0.418315 0.321381 -0.849545
-4.189558 -12.817762 -18.494729 113.838426 0.305811 0.940983 0.145020 -0.915904 0.249160 0.314704 -0.259998 0.229064 -0.938046
-3.832139 -10.988788 -19.596306 88.241290 0.304790 0.947673 0.094968 -0.853671 0.227614 0.468442 -0.422314 0.223847 -0.878375
-4.090925 -9.566694 16.007584 66.375939 0.308699 0.933863 0.180571 -0.780413 0.140150 0.609355 -0.543747 0.329027 -0.772063
-4.088979 -9.139940 4.633525 101.429688 0.278640 0.920922 0.272509 -0.763499 0.040281 0.644551 -0.582605 0.387659 -0.714347
35.234208 -478.210749 1303.417973 -15132.583482 -0.195279 0.908728 -0.368891 0.680727 -0.145185 -0.718005 0.706029 0.391325 0.590244
3.624765 -176.320433 204.047055 4383.202915 -0.462784 0.853472 -0.239615 0.477787 0.012464 -0.878387 0.746692 0.520989 0.413547
4.900663 -65.058445 132.400387 217.533744 -0.261452 0.928243 -0.264589 0.084199 -0.251145 -0.964280 0.961537 0.274391 0.012495
12.422052 -276.880302 -630.081230 9743.876742 -0.097700 0.990115 -0.100632 0.186691 -0.081087 -0.979067 0.977549 0.114442 0.176923
50.642811 -1331.010275 979.312381 -78206.557865 -0.173327 0.984588 0.023342 0.730914 0.144483 -0.667000 0.660093 0.098548 0.744692
9.145312 -89.495038 -192.465292 -2604.216556 0.164540 -0.966824 0.195393 0.971149 0.124125 -0.203621 0.172613 0.223259 0.959354
1.812619 -3.398744 -31.723939 12.626215 0.311251 0.921254 0.233266 -0.469661 0.362505 -0.804990 0.826160 -0.140998 -0.545508
1.786668 -3.342108 -45.245246 15.909092 0.359604 0.889453 0.282061 -0.498714 0.438691 -0.747552 0.788650 -0.128156 -0.601338
0.804633 -3.966545 -86.178972 31.625818 0.353455 0.917861 0.180555 -0.495738 0.347471 -0.795932 0.793293 -0.191818 -0.577834
2.307115 -2.916480 13.304690 7.139144 0.302523 0.891470 0.337283 -0.485269 0.448625 -0.750499 0.820362 -0.063370 -0.568323
1.320750 -4.077557 -63.891889 23.697476 0.281366 0.953976 0.103745 -0.454887 0.227790 -0.860924 0.844933 -0.195042 -0.498043
2.153576 -2.828576 13.890601 3.865039 0.261627 0.925630 0.273424 -0.448883 0.367482 -0.814531 0.854433 -0.090368 -0.511643
1.950585 -3.386284 -5.365922 15.483614 0.243564 0.955942 0.163862 -0.441806 0.259757 -0.858682 0.863414 -0.136749 -0.485608
-3.265731 -7.978831 -11.592804 -23.722900 -0.372257 0.796018 0.477263 -0.027972 -0.523608 0.851500 -0.927708 -0.303627 -0.217183
-3.487840 -8.114192 7.730006 -11.812522 -0.328095 0.767877 0.550199 0.171200 -0.524461 0.834045 -0.929002 -0.367840 -0.040612
-3.598456 -7.556660 15.142718 -2.311825 -0.283576 0.810058 0.513217 0.068229 -0.516786 0.853391 -0.956519 -0.277018 -0.091279
-3.394216 -7.602855 6.818884 -7.466554 -0.316583 0.852017 0.416944 -0.136729 -0.475951 0.868778 -0.938659 -0.218032 -0.267174
-3.090624 -7.676020 -33.481725 -29.462055 -0.397847 0.819832 0.411817 -0.213974 -0.519407 0.827304 -0.892151 -0.241022 -0.382067
-2.531421 -8.145556 -57.536347 -32.452290 -0.460418 0.771382 0.439301 -0.109606 -0.540487 0.834183 -0.880910 -0.335923 -0.333398
-2.355446 -17.039409 -4.119440 -84.640818 0.088434 0.994736 0.051763 0.873045 -0.102425 0.476762 -0.479554 -0.003029 0.877507
-2.453233 -16.936644 17.844689 -87.703562 0.135483 0.990704 -0.012212 0.868060 -0.112751 0.483487 -0.477616 0.076106 0.875266
-2.551774 -15.670036 13.489768 -50.896932 0.099573 0.995008 0.006684 0.768270 -0.081148 0.634962 -0.632334 0.058090 0.772515
2.048924 -42.341081 -84.813599 139.258021 0.144532 0.976348 -0.160796 -0.390926 -0.092941 -0.915718 0.909003 -0.195210 -0.368247
1.681472 -36.347196 -66.462669 787.201672 0.135258 0.967951 -0.211603 -0.728253 -0.047688 -0.683647 0.671828 -0.246570 -0.698463
1.161547 -33.972848 -15.191476 406.114041 0.112204 0.979629 -0.166545 -0.625568 -0.060584 -0.777814 0.772059 -0.191459 -0.606027
-1.097509 -10.542912 52.239225 59.094884 0.790400 -0.537823 -0.293282 0.576201 0.815258 0.057844 -0.207991 0.214709 -0.954274
2.452984 -10.574060 34.458110 -157.670935 -0.506557 0.827079 0.243599 0.860322 0.503526 0.079419 -0.056972 0.249804 -0.966619
1.901715 -11.474381 43.079541 -156.532502 -0.687228 0.663964 0.294737 0.718389 0.681404 0.140021 -0.107866 0.307962 -0.945264
-14.522008 -17.385266 460.360049 -107.721330 -0.039417 0.906358 0.420667 0.922044 0.195232 -0.334245 0.385074 -0.374699 0.843397
-13.391149 -20.660601 -7.523758 -579.032601 -0.639742 -0.671827 -0.373334 0.722145 -0.359116 -0.591221 0.263128 -0.647831 0.714898
-17.561367 -22.511202 606.959273 -442.632720 0.385812 0.903707 0.185640 0.707530 -0.160695 -0.688171 0.592074 -0.396850 0.701398
-11.559452 -19.248438 410.617448 -386.350822 0.181260 0.959499 0.215654 0.810504 -0.021555 -0.585337 0.556981 -0.280887 0.781585
-8.004450 -12.949856 192.381326 5.793514 -0.060665 0.930829 0.360385 0.887472 0.215550 -0.407346 0.456851 -0.295120 0.839161
-1.613745 -6.995489 -185.585402 -56.087215 0.191985 0.918270 0.346297 0.673673 0.133286 -0.726911 0.713657 -0.372847 0.593025
-3.545630 -7.789533 -46.475241 -84.889994 -0.063035 0.900918 0.429387 0.679588 0.353830 -0.642623 0.730881 -0.251299 0.634557
-2.025401 -6.393697 -130.717314 -57.439711 0.194290 0.942858 0.270684 0.756019 0.031901 -0.653771 0.625049 -0.331664 0.706621
0.871641 -5.832699 -148.236359 -23.452503 0.265745 0.936737 0.227823 0.683139 -0.016233 -0.730108 0.680221 -0.349657 0.644235
0.920535 -6.427441 -153.697356 -33.643920 0.200678 0.931969 0.301931 0.605371 0.124343 -0.786171 0.770230 -0.340548 0.539234
-1.323255 -8.439379 -95.702734 0.375108 -0.586955 0.748802 -0.307864 0.177630 0.490096 0.853378 -0.789893 -0.446208 0.420674
-2.323034 -8.156587 -45.692267 31.064090 -0.545638 0.758160 -0.357034 0.289946 0.570525 0.768396 -0.786264 -0.315746 0.531125
-2.522700 -8.471519 -64.586783 14.964310 -0.543724 0.749164 -0.378308 0.142793 0.526768 0.837929 -0.827027 -0.401583 0.393392
-1.416081 -9.426210 -15.915420 -27.221854 -0.143650 0.986742 -0.075533 0.897652 0.097786 -0.429720 0.416636 0.129532 0.899798
-1.392866 -9.378521 -28.393173 -19.998331 -0.110559 0.992140 -0.058612 0.895006 0.073746 -0.439915 0.432135 0.101095 0.896124
-1.456748 -9.509162 -24.603815 14.496690 -0.130717 0.989622 -0.059675 0.801100 0.069971 -0.594427 0.584082 0.125507 0.801932
-1.625434 -17.052581 55.346099 -223.217882 0.125747 0.982717 -0.135846 -0.975410 0.147456 0.163806 -0.181007 -0.111908 -0.977094
-0.665231 -16.074338 25.705316 -154.550150 0.094397 0.986594 -0.133125 -0.955687 0.127259 0.265456 -0.278839 -0.102168 -0.954888
-1.015372 -13.138439 31.584313 238.463354 0.163040 0.975973 -0.144550 0.986044 -0.156185 0.057643 0.033681 -0.151931 -0.987817
-2.176557 -13.108633 1.674903 35.166567 0.308246 0.949646 -0.056180 0.054689 0.041268 0.997650 -0.949733 0.310594 0.039214
-2.092331 -13.115257 13.618894 -38.401954 0.330463 0.939512 -0.090060 0.232174 0.011567 0.972605 -0.914817 0.342320 0.214308
-1.832299 -13.389722 23.330877 40.768383 0.360272 0.930200 -0.070226 0.049425 0.056142 0.997199 -0.931537 0.362734 0.025748
-2.342424 -13.488453 -2.664498 3.385400 0.267632 0.962492 -0.044519 0.150930 0.003756 0.988537 -0.951627 0.271283 0.144264
0.922796 -5.964998 -39.311144 -34.578069 -0.053866 0.952481 0.299797 0.547989 -0.222787 0.806272 -0.834750 -0.207716 0.509948
0.812994 -6.399547 -48.617951 -43.409321 -0.069453 0.954040 0.291521 0.613260 -0.189654 0.766775 -0.786822 -0.232033 0.571902
0.223909 -6.382241 -46.816340 -45.979882 -0.073105 0.949674 0.304591 0.566973 -0.211681 0.796073 -0.820486 -0.230892 0.522965
1.839408 -6.166081 -42.546927 -22.539986 -0.062790 0.968080 0.242649 0.607764 -0.155759 0.778692 -0.791631 -0.196367 0.578584
0.307963 -5.734396 -28.738476 -35.329039 -0.057527 0.955103 0.290637 0.467736 -0.231406 0.853038 -0.881994 -0.185014 0.433424
-0.694885 -16.722160 28.036417 -147.361348 -0.176302 0.933791 -0.311372 0.729076 0.336405 0.596053 -0.661336 0.121928 0.740114
0.088752 -16.357154 23.368985 -57.707640 -0.170259 0.941398 -0.291172 0.701343 0.323332 0.635275 -0.692192 0.096050 0.715293
-1.144438 -17.898673 28.229345 243.220979 -0.136844 0.946714 -0.291557 0.631597 0.310127 0.710568 -0.763125 0.086909 0.640381
-1.203623 -16.571343 22.935319 224.916631 -0.166454 0.931689 -0.322875 0.688007 0.344303 0.638828 -0.706356 0.115804 0.698320
-0.916391 -16.162173 12.829153 -225.655792 -0.208988 0.922421 -0.324751 0.748951 0.364504 0.553362 -0.628806 0.127577 0.767025
1.524383 -0.676015 60.010907 -6.697776 0.328674 0.944222 0.020435 0.074581 -0.047519 0.996082 -0.941494 0.325862 0.086039
0.545847 -0.807270 48.388202 -6.846099 0.326810 0.944735 0.025885 0.080203 -0.055014 0.995259 -0.941681 0.323185 0.093750
1.836730 -1.153604 72.927563 -17.507173 0.331336 0.939639 0.085414 0.074222 -0.116205 0.990448 -0.940589 0.321831 0.108245
1.454482 -63.941048 -39.180606 983.015594 -0.343015 0.911637 -0.226406 0.365600 0.351593 0.861811 -0.865261 -0.212840 0.453896
1.863058 -70.486069 -113.529201 -226.194427 -0.386202 0.884795 -0.260742 -0.081703 0.248750 0.965116 -0.918789 -0.394033 0.023777
10.807407 -154.025576 -774.938173 6418.425192 -0.334664 0.903445 -0.267931 0.023083 0.292100 0.956109 -0.942055 -0.313791 0.118610
1.535241 -48.615465 -89.028899 552.807931 -0.326196 0.932740 -0.153598 0.597586 0.329369 0.731031 -0.732452 -0.146672 0.664832
-4.586833 -7.658663 71.919949 111.896560 -0.326247 0.719633 0.612937 0.112405 0.673348 -0.730731 0.938578 0.169502 0.300568
-4.714553 -8.971648 88.095794 71.501973 -0.345426 0.740970 0.575886 0.302319 0.668807 -0.679191 0.888416 0.060509 0.455033
-5.077086 -8.397759 26.860375 63.116154 -0.233247 0.736695 0.634725 0.262668 0.676196 -0.688305 0.936270 -0.006176 0.351227
0.312360 -8.101017 31.985649 16.726251 -0.059763 0.997307 -0.042503 0.329383 0.059897 0.942295 -0.942303 -0.042315 0.332076
1.107856 -7.763508 34.931835 21.327583 -0.080806 0.995781 -0.043480 0.314598 0.066873 0.946866 -0.945779 -0.062834 0.318675
0.492713 -8.434313 32.083436 26.163369 -0.074191 0.994197 -0.077904 0.186310 0.090562 0.978308 -0.979686 -0.058067 0.191948
18.290719 -254.650468 -1010.762384 -13514.946381 0.360169 0.931501 0.050836 0.877957 -0.320035 -0.356046 0.315388 -0.172869 0.933085
3.241237 -50.748006 67.689936 -1639.416972 0.072105 0.991516 0.108150 0.948411 -0.034595 -0.315150 0.308735 -0.125295 0.942859
4.122428 -93.653691 -13.766087 -3883.066459 0.141218 0.985067 0.098490 0.751306 -0.041854 -0.658626 0.644668 -0.167006 0.745997
-0.193855 -96.341851 -185.797964 -4003.966395 0.251938 0.964152 0.083298 0.741396 -0.136974 -0.656940 0.621980 -0.227264 0.749327
2.123499 -49.577177 -108.640093 -1663.453726 0.236861 0.962309 0.133631 0.925858 -0.181895 -0.331213 0.294422 -0.202175 0.934045
1.227346 -26.810871 54.901584 -226.741803 -0.182449 -0.973992 -0.134361 0.982689 -0.176168 -0.057338 0.032177 -0.142496 0.989272
-21.893399 -59.568773 774.812791 2432.986996 0.936902 -0.062858 0.343894 0.137782 0.970473 -0.197986 -0.321295 0.232876 0.917899
-8.706925 -36.951335 178.257459 1534.386285 0.956962 -0.096220 0.273800 0.149053 0.972454 -0.179213 -0.249014 0.212310 0.944943
-6.988574 -19.222719 360.219586 537.743600 0.247262 0.954903 -0.164384 0.900115 -0.163565 0.403782 -0.358685 0.247804 0.899966
-26.605853 -157.810938 1341.747371 7470.118812 0.372794 0.925884 -0.061347 0.774892 -0.274266 0.569491 -0.510457 0.259840 0.819705
-47.537765 -84.735075 245.944223 2958.987822 -0.561032 0.741310 -0.368379 0.664286 0.668710 0.333992 -0.493930 0.057329 0.867609
-0.603307 -3.933147 -8.609666 -57.241102 -0.107798 0.963847 0.243678 0.577853 0.260196 -0.773553 0.808991 -0.057423 0.585010
-0.302787 -3.023316 -13.720389 -40.052986 -0.029894 0.987573 0.154291 0.645622 0.136917 -0.751283 0.763072 -0.077155 0.641692
-0.022830 -2.863822 -33.189721 -44.383843 0.026387 0.994606 0.100309 0.632583 0.061084 -0.772080 0.774043 -0.083826 0.627559
-8.874144 -12.091952 44.352139 177.865103 0.007743 0.952466 0.304548 -0.285502 0.293986 -0.912174 0.958347 0.079886 -0.274207
-7.707727 -11.551984 25.103861 65.369372 -0.190760 0.979235 -0.068626 -0.158637 -0.099743 -0.982286 0.968734 0.176495 -0.174370
-6.322865 -10.458563 -56.716528 90.255232 -0.270456 0.933832 -0.234119 -0.240554 -0.301017 -0.922780 0.932195 0.193253 -0.306049
2.192686 -7.042157 -29.862914 166.937651 0.142706 0.510924 0.847698 0.798313 -0.565707 0.206570 0.585090 0.647250 -0.488607
1.710157 -10.621299 -2.228369 212.734864 0.059673 0.476540 0.877125 0.870370 -0.455082 0.188031 0.488769 0.752203 -0.441922
2.232735 -8.598921 48.534926 174.757846 0.018846 0.431618 0.901860 0.816799 -0.526857 0.235078 0.576615 0.732207 -0.362474
18.151238 -32.111460 348.774948 -1395.175569 0.641924 0.764527 -0.058588 -0.763829 0.644278 0.038369 -0.067082 -0.020121 -0.997545
53.005152 -20.630202 2553.685890 485.088653 0.412522 0.903926 0.112889 0.910090 -0.403578 -0.094136 -0.039532 0.141572 -0.989138
0.391947 -4.898278 0.883283 34.643744 -0.082822 0.973832 -0.211642 -0.297235 0.178567 0.937958 -0.951205 -0.140591 -0.274668
-0.216153 -7.760064 -16.397472 -97.458720 0.085551 0.981939 -0.168752 0.993538 -0.096759 -0.059333 -0.074589 -0.162585 -0.983871
-0.470704 -7.667510 -6.315210 -77.285459 0.057040 0.987585 -0.146361 0.997530 -0.062397 -0.032270 -0.041002 -0.144158 -0.988705
-0.154659 -9.247659 -22.579279 -83.960752 0.119345 0.978272 -0.169531 0.989350 -0.102847 0.102996 0.083322 -0.180018 -0.980128
0.053305 -7.983960 -8.807597 -69.141800 0.097613 0.982327 -0.159707 0.988396 -0.114452 -0.099869 -0.116383 -0.148105 -0.982100
0.988606 -15.686577 41.238700 -19.803765 0.346552 0.927990 0.136880 -0.808323 0.221398 0.545525 -0.475937 0.299696 -0.826841
1.124650 -14.594872 29.034261 -149.069418 0.330755 0.935206 0.126453 -0.921348 0.291002 0.257750 -0.204251 0.201759 -0.957901
0.283518 -14.539108 36.061327 -109.953115 0.337370 0.931235 0.137777 -0.898381 0.274771 0.342654 -0.281235 0.239377 -0.929304
0.010298 -14.960671 43.791904 -9.362738 0.351441 0.925650 0.140221 -0.795381 0.216207 0.566237 -0.493820 0.310528 -0.812228
-0.331916 -13.670145 39.968751 102.521024 0.324644 0.932487 0.158346 0.941667 -0.302950 -0.146574 -0.088708 0.196694 -0.976444
-0.612535 -14.617169 34.477943 -58.281500 0.331488 0.933573 0.136225 -0.866334 0.244023 0.435795 -0.373604 0.262477 -0.889677
1.855912 -10.958253 58.926002 200.795669 0.270156 0.955920 -0.115035 0.712585 -0.278859 -0.643786 0.647487 -0.091950 0.756509
0.565161 -3.688628 1.448333 168.942090 -0.085233 0.996355 -0.003527 0.171079 0.018123 0.985091 -0.981564 -0.083359 0.172000
0.582679 -5.992128 -3.924986 39.969008 -0.087202 0.996114 0.012379 0.016843 -0.010950 0.999798 -0.996048 -0.087393 0.015823
0.006803 -8.314944 5.678464 -120.770901 0.112444 0.990244 0.082306 0.535569 0.009372 -0.844440 0.836972 -0.139032 0.529290
-0.063345 -9.195826 -15.700194 -90.771148 0.156449 0.986896 0.039499 0.441219 -0.034053 -0.896753 0.883657 -0.157724 0.440765
-0.278483 -9.342173 2.048589 -55.174582 0.146688 0.988399 0.039359 0.340874 -0.013157 -0.940017 0.928595 -0.151306 0.338849
-0.253082 -10.327254 -17.942942 -5.905599 0.177759 0.984061 -0.005118 0.258998 -0.051801 -0.964488 0.949380 -0.170121 0.264078
-0.027053 -8.052045 16.879777 -139.567971 0.102221 0.989816 0.099075 0.494745 0.035819 -0.868300 0.863006 -0.137776 0.486045
-0.193297 -8.936908 16.270941 -55.429359 0.117079 0.990852 0.067112 0.320963 0.026198 -0.946729 0.939827 -0.132383 0.314960
-0.456373 -9.870809 5.779189 -5.606850 0.149435 0.988414 0.026604 0.201733 -0.004137 -0.979432 0.967974 -0.151728 0.200014
-0.508351 -10.391812 1.795911 -8.345362 0.159347 0.987214 -0.004162 0.161943 -0.030298 -0.986335 0.973849 -0.156496 0.164701
-0.214395 -20.438502 -35.101816 -98.939313 0.026085 0.988681 0.147748 0.811078 -0.107327 0.575007 -0.584356 -0.104836 0.804697
-4.781135 -14.511445 -24.600420 -7.231626 0.294013 0.925590 0.238410 0.940201 -0.324955 0.102107 0.171982 0.194133 -0.965782
-4.578391 -14.217664 -19.764780 -93.611128 0.302135 0.933825 0.191536 0.951859 -0.284628 -0.113804 -0.051756 0.216699 -0.974866
-5.034235 -14.053371 -18.991936 -68.889476 0.282496 0.911035 0.300351 0.959142 -0.263168 -0.103874 -0.015590 0.317424 -0.948156
-5.255200 -14.458247 -24.456913 1.378111 0.273953 0.903674 0.329125 0.939865 -0.324135 0.107659 0.203970 0.279839 -0.938129
-5.730327 -14.679249 -32.195535 -51.377024 0.243708 0.881257 0.404960 0.966661 -0.254546 -0.027811 0.078572 0.398236 -0.913911
-0.046955 -63.982687 -251.202043 -780.853982 0.473238 -0.813423 0.338214 0.819988 0.266417 -0.506599 0.321973 0.517073 0.793075
-5.435868 -136.490011 416.654527 3613.732916 -0.471005 0.836988 -0.278579 0.424854 -0.061524 -0.903169 0.773080 0.543752 0.326619
3.312658 -75.018470 301.536090 2123.239474 -0.377355 0.849834 -0.367949 0.008797 -0.394016 -0.919061 0.926027 0.350049 -0.141208
1.078415 -3.274323 -86.940087 28.386930 0.397879 0.878155 0.265585 -0.528786 0.456071 -0.715810 0.749719 -0.144368 -0.645817
2.172175 -2.980448 -27.664873 8.008480 0.351337 0.877082 0.327552 -0.529696 0.474691 -0.702916 0.772000 -0.073457 -0.631363
0.709418 -8.201180 29.517071 138.178566 -0.384611 0.904049 0.186468 -0.905834 -0.408509 0.112185 -0.177595 0.125762 -0.976035
2.284666 -11.422022 -3.440674 -78.635034 -0.287473 0.945966 0.150026 0.955518 0.294032 -0.023052 -0.065919 0.136725 -0.988413
4.389811 -17.474225 29.499261 -345.100210 -0.449234 0.872969 0.190035 0.884561 0.404734 0.231824 0.125462 0.272241 -0.954015
-1.189100 -7.724426 -0.636283 -33.420573 -0.083033 0.994395 0.065450 -0.602382 0.002237 -0.798205 0.793877 0.105703 -0.598820
-1.263556 -7.449728 6.498533 -55.977613 -0.048067 0.989015 0.139781 -0.462500 0.101999 -0.880733 0.885315 0.106983 -0.452517
-1.127797 -8.308481 3.023706 7.644734 -0.064378 0.995817 0.064834 -0.623906 0.010542 -0.781428 0.778843 0.090757 -0.620618
-1.180598 -6.247602 7.880041 -69.388836 -0.056503 0.983951 0.169258 -0.440186 0.127612 -0.888792 0.896127 0.124725 -0.425911
-0.986458 -8.310468 -5.709634 17.265010 -0.079545 0.996279 0.033167 -0.721411 -0.034574 -0.691643 0.687923 0.078944 -0.721477
-0.995402 -7.924758 11.849744 -16.629000 -0.144721 0.989087 0.027634 -0.656617 -0.075107 -0.750475 0.740210 0.126754 -0.660320
-1.001837 -7.002819 11.756882 -61.855687 -0.121166 0.990247 0.068774 -0.549042 -0.009136 -0.835745 0.826965 0.139024 -0.544795
-0.941318 -8.037281 -2.278756 2.815604 -0.116894 0.992986 0.017718 -0.724183 -0.073015 -0.685732 0.679629 0.092989 -0.727639
-13.619875 -21.706282 98.220763 -308.750729 0.627850 0.719745 0.296263 0.560287 -0.153728 -0.813908 0.540262 -0.677004 0.499782
-15.491767 -22.511313 637.531192 -495.063669 -0.678978 -0.390090 -0.621947 0.724734 -0.220832 -0.652683 0.117260 -0.893903 0.432651
-10.925536 -15.758506 -696.624132 -414.837497 0.800098 0.329961 0.500968 0.598034 -0.504026 -0.623148 -0.046887 -0.798175 0.600598
-4.928262 -8.447528 34.215927 -27.927170 -0.212788 0.808232 0.549073 0.482549 0.575559 -0.660211 0.849628 -0.124470 0.512484
-4.008982 -8.699736 76.981451 -28.307724 -0.289548 0.838826 0.461014 0.555810 0.539470 -0.632493 0.779254 -0.073099 0.622430
-3.577289 -7.617220 8.216845 -91.119405 -0.123486 0.911543 0.392224 0.735609 0.349373 -0.580360 0.666056 -0.216857 0.713682
4.427323 -4.303798 215.978576 117.836636 -0.128754 0.539966 -0.831780 0.794162 -0.446186 -0.412582 -0.593910 -0.713690 -0.371372
2.370859 -5.490966 -148.682619 117.283135 -0.533848 0.696251 -0.479834 0.557780 -0.136533 -0.818682 -0.635521 -0.704694 -0.315467
-0.216027 -6.345081 -35.089102 -87.555852 -0.409987 0.650166 -0.639684 -0.581364 0.354126 0.732537 -0.702800 -0.672219 -0.232796
5.238753 -3.173719 -62.844634 123.984974 -0.405550 0.683908 -0.606465 0.707100 -0.185725 -0.682287 -0.579257 -0.705533 -0.408270
1.661852 -6.301610 -187.768707 -68.123684 0.090294 -0.493912 0.864811 -0.700783 0.585493 0.407556 -0.707637 -0.642845 -0.293258
7.514652 -6.199986 432.258926 79.835698 0.086791 0.394969 -0.914586 0.760202 -0.619595 -0.195435 -0.643864 -0.678308 -0.354031
12.898748 -1.670946 550.855482 113.572091 0.009286 0.527854 -0.849284 0.858595 -0.439564 -0.263814 -0.512570 -0.726741 -0.457295
13.439029 -3.728377 469.997899 115.811489 0.078556 0.348864 -0.933875 0.834326 -0.535736 -0.129951 -0.545646 -0.768948 -0.333152
-1.358585 -18.704113 6.136915 206.430786 0.117778 0.969526 -0.214821 -0.714726 0.232946 0.659471 -0.689416 -0.075867 -0.720382
-1.363428 -18.069170 53.433505 144.388369 0.091239 0.986013 -0.139474 -0.752524 0.159998 0.638833 -0.652213 -0.046671 -0.756597
-1.761417 -18.581633 31.190311 -65.423843 0.113420 0.976583 -0.182816 -0.894438 0.180474 0.409158 -0.432570 -0.117110 -0.893962
-0.431607 -17.444403 0.052755 339.687997 0.311841 0.949565 -0.032878 -0.300148 0.065620 -0.951633 0.901480 -0.306626 -0.305473
-0.593077 -16.827598 0.219321 323.106055 0.298412 0.952789 -0.056069 -0.321785 0.045129 -0.945737 0.898557 -0.300261 -0.320060
-0.569137 -19.486743 -6.813169 192.593443 0.307864 0.950484 -0.042433 -0.043205 -0.030587 -0.998598 0.950449 -0.309265 -0.031649
-0.505153 -12.623023 1.997591 271.964863 0.306272 0.950505 -0.052320 -0.545209 0.130093 -0.828145 0.780349 -0.282163 -0.558067
-0.667196 -20.051773 -15.803650 259.400962 0.335356 0.941624 -0.029668 -0.071212 -0.006065 -0.997443 0.939396 -0.336611 -0.065021
-0.440381 -17.278898 -6.915725 427.886239 0.330428 0.943034 -0.038779 -0.378312 0.094691 -0.920822 0.864695 -0.318936 -0.388049
-1.660627 -12.527867 28.644173 -3.620607 0.378491 0.919115 -0.109417 0.172473 0.046109 0.983934 -0.909394 0.391282 0.141070
-1.767564 -13.325483 30.010461 -67.516328 0.380603 0.916241 -0.125076 0.301118 0.005089 0.953573 -0.874339 0.400595 0.273960
-2.143765 -13.461649 11.130891 -48.341117 0.323166 0.940379 -0.106068 0.457355 -0.057074 0.887451 -0.828487 0.335305 0.448531
-2.430697 -13.600198 -1.420519 -38.504100 0.269146 0.960848 -0.065815 0.371317 -0.040471 0.927624 -0.888642 0.274104 0.367672
2.358272 -6.249871 -36.131498 1.613050 -0.069201 0.986407 0.149039 0.593405 -0.079392 0.800979 -0.801924 -0.143869 0.579845
1.499677 -6.211477 -15.481448 -0.302734 -0.061439 0.983732 0.168810 0.518322 -0.113090 0.847675 -0.852975 -0.139579 0.502942
1.774644 -6.446009 -20.228813 21.883572 -0.084564 0.992736 0.085584 0.518207 -0.029546 0.854745 -0.851064 -0.116631 0.511944
0.826149 -18.199924 17.901901 108.228253 -0.142050 0.956438 -0.255045 0.690632 0.280345 0.666659 -0.709118 0.081443 0.700370
0.245152 -17.754985 32.606418 227.526630 -0.123102 0.961350 -0.246278 0.599870 0.269779 0.753243 -0.790571 0.055009 0.609895
-0.762270 -18.384297 19.320073 276.326509 -0.135169 0.953270 -0.270195 0.577950 0.297356 0.759970 -0.804800 0.053435 0.591135
1.044834 -19.295997 53.561750 -216.849447 -0.162039 0.934322 -0.317467 0.828413 0.303606 0.470696 -0.536167 0.186723 0.823201
1.272547 -37.993197 -43.609372 -552.718424 -0.231363 0.958945 -0.163996 0.740305 0.064167 -0.669202 0.631205 0.276236 0.724758
0.894387 -47.252317 -1.057593 -976.366369 -0.277429 0.944555 -0.175638 0.802579 0.127360 -0.582791 0.528110 0.302646 0.793414
1.118210 -43.500423 -21.615756 -15.902604 -0.247968 0.947770 -0.200610 0.474668 -0.061654 -0.878003 0.844513 0.312940 0.434587
-1.248434 -11.958462 9.843790 -184.070056 0.052739 -0.515825 0.855069 0.949244 0.291782 0.117472 -0.310088 0.805474 0.505032
-2.018317 -8.916669 2.242832 -97.801373 -0.031547 -0.518374 0.854572 0.870592 0.405756 0.278266 -0.490993 0.752762 0.438492
-1.523508 -9.983932 4.339691 -133.262281 0.104743 -0.500687 0.859268 0.914105 0.388793 0.115118 -0.391716 0.773404 0.498403
-2.825991 -9.413055 70.446474 -9.075357 -0.367262 0.814296 0.449489 0.546851 0.579952 -0.603830 0.752378 -0.024040 0.658293
-2.023750 -9.537855 36.258068 90.872419 -0.400796 0.793713 0.457583 0.374566 0.597764 -0.708787 0.836100 0.112684 0.536880
-1.736037 -10.065483 30.394113 11.016561 -0.386046 0.814276 0.433501 0.556145 0.580365 -0.594877 0.735983 -0.011440 0.676904
0.600240 -7.544819 30.020974 15.247383 -0.052279 0.998579 -0.010359 0.433668 0.032045 0.900503 -0.899555 -0.042585 0.434727
5.024283 -94.380399 -46.140498 -4056.364698 0.096432 0.993881 0.053870 0.793045 -0.044014 -0.607571 0.601482 -0.101311 0.792436
-5.255256 -9.008322 78.412229 482.301244 0.980853 -0.023671 0.193308 0.054079 0.986655 -0.153584 -0.187092 0.161097 0.969043
-3.096684 -8.978906 163.594424 124.116362 0.194666 0.978142 -0.073101 0.935655 -0.162810 0.313116 -0.294371 0.129350 0.946897
-0.389400 -3.942127 13.388579 -52.218043 -0.139742 0.956556 0.255876 0.601112 0.287298 -0.745737 0.786852 -0.049599 0.615145
-6.164698 -12.482708 -90.645003 228.855251 0.196027 0.928976 0.313971 -0.297154 0.361404 -0.883791 0.934491 -0.079949 -0.346894
-4.528613 -11.478591 -126.133409 310.831637 0.260893 0.937864 0.228792 -0.487133 0.332511 -0.807550 0.833448 -0.099232 -0.543615
2.290451 -4.747531 1.649948 -80.685026 -0.175310 -0.534785 -0.826602 -0.771840 0.595871 -0.221813 0.611170 0.599119 -0.517230
0.598879 -33.088321 -55.855011 -1331.866751 0.787694 0.571218 -0.230757 -0.582149 0.812710 0.024612 0.201597 0.114948 0.972700
-1.936064 -17.386215 114.194877 -402.668950 0.420205 0.894057 -0.155207 0.861602 -0.446772 -0.240907 0.284726 0.032496 0.958058
-1.824311 -28.325340 82.326816 -920.359942 0.307382 0.947200 -0.091266 0.843115 -0.315558 -0.435408 0.441218 -0.056889 0.895595
55.351854 -57.218724 3233.962420 -1923.718576 0.111502 0.993300 0.030374 0.833936 -0.076902 -0.546476 0.540479 -0.086263 0.836924
0.284505 -4.733280 3.069949 -15.352195 -0.084085 0.975993 -0.200914 -0.231559 0.176970 0.956589 -0.969180 -0.126959 -0.211119
0.407668 -4.669821 27.615288 -9.307155 -0.059363 0.979761 -0.191164 -0.255865 0.170171 0.951617 -0.964888 -0.105403 -0.240585
0.102585 -4.985632 2.452702 -44.846384 -0.091012 0.981637 -0.167646 -0.140438 0.154011 0.978038 -0.985898 -0.112556 -0.123842
0.235797 -4.688676 -7.994660 -16.630548 -0.104753 0.972664 -0.207249 -0.194528 0.184329 0.963422 -0.975287 -0.141237 -0.169902
0.193565 -4.902314 12.737237 -49.127974 -0.073863 0.986664 -0.145049 -0.192665 0.128588 0.972803 -0.978481 -0.099800 -0.180598
1.516549 -15.168189 20.698815 -34.964864 0.320954 0.942160 0.096557 -0.872479 0.254463 0.417167 -0.368468 0.218135 -0.903686
1.785617 -8.929191 40.613307 93.406227 0.277810 0.957192 -0.081267 0.608110 -0.240721 -0.756476 0.743656 -0.160738 0.648953
0.783600 -9.373038 46.050284 152.300271 0.247333 0.963223 -0.105009 0.614668 -0.239756 -0.751466 0.749006 -0.121317 0.651362
0.162972 -5.025842 -15.209304 19.124848 -0.113433 0.966515 -0.230176 -0.102587 0.219039 0.970308 -0.988235 -0.133678 -0.074306
-0.374390 -5.325868 -45.939276 34.398897 -0.135876 0.969922 -0.201961 -0.105007 0.188604 0.976423 -0.985145 -0.153880 -0.076222
-0.018363 -5.165774 -16.093346 36.251081 -0.126602 0.976543 -0.174168 -0.177803 0.150397 0.972505 -0.975888 -0.154089 -0.154591
0.352643 -4.755434 -2.175504 7.785550 -0.102465 0.968860 -0.225414 -0.145129 0.209621 0.966952 -0.984093 -0.131793 -0.119131
0.355971 -4.435410 18.550261 7.675417 -0.079615 0.960877 -0.265286 -0.053565 0.261623 0.963683 -0.995385 -0.090934 -0.030640
0.208397 -8.317772 -14.495290 -118.361500 0.133541 0.987930 0.078498 0.577849 -0.013270 -0.816036 0.805144 -0.154334 0.572646
0.764792 -12.124936 -31.832559 84.976142 -0.138114 0.990391 0.007101 -0.032718 -0.011728 0.999396 -0.989876 -0.137798 -0.034024
0.655010 -12.069091 -41.651495 53.459683 -0.151203 0.988186 0.025028 0.107226 -0.008773 0.994196 -0.982670 -0.153009 0.104632
0.314884 -12.091160 -30.106257 21.831204 -0.140337 0.990070 0.008230 -0.134634 -0.027317 0.990519 -0.980907 -0.137898 -0.137131
0.642776 -12.350341 -40.553735 -25.355568 -0.145623 0.989276 -0.011308 -0.295274 -0.032550 0.954858 -0.944250 -0.142388 -0.296847
-0.665406 -21.421194 -48.114742 -74.320199 0.060303 0.984922 0.162149 0.948591 -0.107111 0.297830 -0.310708 -0.135853 0.940747
0.463776 -19.126632 -14.081422 -119.560026 0.021983 0.993596 0.110833 0.634982 -0.099504 0.766092 -0.772214 -0.053536 0.633103
0.696635 -21.040938 -17.027122 -130.048792 0.055677 0.988353 0.141625 0.841983 -0.122713 0.525363 -0.536624 -0.089995 0.839009
-1.521947 -22.346273 -18.264186 51.695203 -0.034664 0.993272 0.110499 -0.656761 -0.105979 0.746615 -0.753302 0.046691 -0.656016
-1.362521 -25.217200 -26.306943 -41.579379 -0.084480 0.988258 0.127319 -0.472529 -0.152228 0.868069 -0.877257 -0.013173 -0.479840
-1.465561 -22.368641 -9.123826 -7.433727 -0.063041 0.984549 0.163366 -0.386594 -0.175002 0.905494 -0.920093 0.006073 -0.391653
-1.550079 -28.072620 -12.878952 -249.009377 -0.083832 0.977582 0.193146 -0.143798 -0.203668 0.968422 -0.986050 -0.053411 -0.157648
-1.427822 -20.979024 4.236448 98.988048 -0.007624 0.989205 0.146339 -0.614677 -0.120066 0.779587 -0.788742 0.084008 -0.608957
-1.593882 -25.104869 -4.989632 -260.600665 -0.058321 0.975916 0.210208 -0.125953 -0.216077 0.968218 -0.990320 -0.029991 -0.135521
-1.337050 -20.720687 4.667039 -39.304040 -0.035782 0.981939 0.185784 -0.380684 -0.185279 0.905953 -0.924013 0.038308 -0.380438
-3.934997 -14.143423 -29.776249 -109.470430 0.299891 0.949366 0.093647 0.949880 -0.288078 -0.121403 -0.088278 0.125361 -0.988176
-4.257296 -14.806832 -30.762978 23.898674 0.308835 0.941043 0.138054 -0.938881 0.324840 -0.113939 0.152067 0.094428 -0.983849
-3.448368 -7.307853 19.698534 9.766245 -0.246430 0.884735 0.395622 -0.092459 -0.427811 0.899127 -0.964740 -0.184993 -0.187227
-3.421786 -6.927585 15.542767 12.267050 -0.211950 0.853342 0.476324 0.028282 -0.481838 0.875804 -0.976871 -0.199098 -0.077992
-3.368552 -6.953145 17.138881 -7.156480 -0.203592 0.751025 0.628102 0.200520 -0.595953 0.777580 -0.958302 -0.284256 0.029264
0.064709 -20.051320 48.521062 96.905207 0.183115 0.981925 0.047886 -0.331109 0.107464 -0.937453 0.925654 -0.155806 -0.344803
-0.418644 -18.776070 23.771788 187.589008 0.217401 0.974687 0.052178 -0.568444 0.169884 -0.804991 0.793478 -0.145345 -0.590988
0.499942 -20.442080 38.636735 67.202647 0.225766 0.970633 0.083073 -0.318513 0.154134 -0.935303 0.920641 -0.184700 -0.343957
0.814643 -19.459858 42.757374 -201.428365 0.200225 0.978441 0.050631 0.013696 0.048877 -0.998711 0.979654 -0.200660 0.003614
4.879369 -78.543742 -209.250720 755.992469 0.083027 0.993595 -0.076648 -0.236797 -0.055040 -0.969999 0.968005 -0.098686 -0.230711
2.293220 -45.431757 -62.155900 -751.090673 0.113153 0.983856 -0.138651 0.038711 -0.143807 -0.988848 0.992823 -0.106524 0.054358
5.986581 -112.708123 -83.605352 4828.305063 -0.001563 0.995662 -0.093026 -0.285472 -0.089600 -0.954190 0.958386 -0.025065 -0.284374
4.853095 -72.826974 -16.476393 2308.895135 0.017311 0.989413 -0.144090 -0.632800 -0.100735 -0.767735 0.774122 -0.104470 -0.624356
4.046364 -71.888155 -36.622484 -2294.473225 0.094966 0.989699 -0.107135 0.321598 -0.132352 -0.937581 0.942102 -0.054584 0.330854
5.176079 -67.985521 -69.822442 -1451.916991 -0.008284 0.993935 -0.109661 0.253905 -0.103980 -0.961624 0.967194 0.035810 0.251503
-3.888435 -6.593857 51.247399 105.764226 -0.539095 0.798735 0.267207 -0.791878 -0.588738 0.162226 -0.286890 0.124140 -0.949886
-1.255987 -6.251126 16.466041 -35.968890 -0.003991 0.959950 0.280142 -0.371966 0.258618 -0.891492 0.928238 0.107762 -0.356037
-1.077351 -6.821543 -11.593907 -28.746432 0.021910 0.966582 0.255418 -0.347600 0.246906 -0.904551 0.937387 0.068965 -0.341393
-1.130839 -8.251835 -7.462159 -41.220839 -0.038747 0.995733 0.083753 -0.510657 0.052313 -0.858192 0.858911 0.076021 -0.506451
-1.035709 -7.876631 -17.128896 -52.639632 0.010028 0.988167 0.153056 -0.393213 0.144630 -0.908001 0.919393 0.051078 -0.390011
16.672507 -15.814242 -644.934979 349.697149 0.670431 0.133094 -0.729937 0.258896 0.879986 0.398244 0.695338 -0.455973 0.555513
31.212992 -7.824552 650.490979 -87.500695 0.395284 0.171380 -0.902430 0.530281 0.759621 0.376533 0.750035 -0.627379 0.209386
35.671481 -6.155693 -1522.427993 392.912541 0.755122 -0.288561 -0.588662 -0.519348 -0.811280 -0.268519 0.400086 -0.508485 0.762479
7.801068 -6.406332 476.960785 -83.534179 0.314541 0.207475 -0.926293 0.311314 0.899304 0.307142 0.896743 -0.384977 0.218278
11.845981 -10.530476 -454.837891 -178.470732 0.639978 -0.451660 -0.621636 0.514178 0.852912 -0.090346 0.571006 -0.261812 0.778079
4.618300 -7.679668 226.086290 -106.270410 0.428552 -0.153358 -0.890407 0.273472 0.961281 -0.033943 0.861136 -0.228956 0.453898
2.317340 -7.282201 207.843474 30.312320 0.618675 -0.710438 0.335438 0.383429 -0.099622 -0.918182 -0.685728 -0.696673 -0.210769
4.959069 -6.113986 -148.685064 -47.169490 -0.548346 0.771578 -0.322466 -0.470898 0.033765 0.881542 -0.691066 -0.635238 -0.344819
-1.611851 -9.357042 7.562276 -18.052847 -0.165496 0.980706 -0.104053 0.854409 0.089884 -0.511768 0.492541 0.173599 0.852799
-1.424240 -9.155931 20.070354 -45.231369 -0.185653 0.976624 -0.108347 0.915674 0.131948 -0.379647 0.356476 0.169693 0.918765
-3.470007 -17.360896 41.682137 382.984304 0.174634 0.957619 -0.229062 -0.708868 -0.039186 -0.704252 0.683381 -0.285362 -0.671981
-3.852831 -15.363628 38.335301 396.834539 0.264307 0.939422 -0.218240 -0.776518 0.073082 -0.625843 0.571981 -0.334882 -0.748794
-3.008143 -11.861912 23.958669 401.961656 0.176366 0.951156 -0.253372 -0.884751 0.040368 -0.464313 0.431406 -0.306060 -0.848656
