10572
21127
-6.749519 -9.570716 -30.820535 -170.805654 -0.441599 0.821219 0.361372 0.101504 0.445914 -0.889302 0.891452 0.356034 0.280273
-8.006245 -11.267213 -58.482207 -135.523871 -0.378758 0.897064 0.227639 -0.015576 0.239751 -0.970709 0.925365 0.371209 0.076835
-8.320995 -12.537042 -12.449857 -328.751305 0.394697 -0.581743 -0.711189 -0.195870 0.702966 -0.683721 0.897691 0.409163 0.163513
-6.272933 -9.537175 12.469754 -129.773563 -0.304661 0.950315 -0.063898 0.225915 0.006927 -0.974122 0.925281 0.311213 0.216801
-5.824248 -12.154642 -123.955513 -358.306285 0.500223 -0.453185 -0.737835 -0.147401 0.795102 -0.588291 0.853258 0.403034 0.330928
-4.522619 -7.816361 90.945898 -125.916097 -0.528204 0.715483 0.457258 0.144316 0.606320 -0.782016 0.836763 0.347074 0.423517
-5.125857 -7.592141 20.350798 -98.644790 -0.322763 0.941875 -0.093256 0.357655 0.030148 -0.933367 0.876303 0.334609 0.346596
3.529319 -4.617439 -30.316233 87.211491 0.310198 0.419855 -0.852935 0.034982 0.891543 0.451582 0.950028 -0.169917 0.261868
3.208772 -8.432395 -10.926708 203.279460 0.296716 0.329574 -0.896293 0.140190 0.913359 0.382259 0.944620 -0.239074 0.224805
3.307467 -4.760973 -52.852113 89.484203 0.375741 0.313711 -0.872011 0.095275 0.922898 0.373071 0.921814 -0.223259 0.316882
3.339742 -6.236817 75.833058 133.498052 0.210698 0.414990 -0.885093 0.044218 0.900446 0.432714 0.976551 -0.130309 0.171372
2.560484 -2.854266 -81.363030 28.864226 0.373597 0.427051 -0.823439 -0.003846 0.888424 0.459008 0.927583 -0.168317 0.333555
3.060317 -3.735291 -11.687368 47.352771 0.257138 0.564172 -0.784595 -0.079829 0.821522 0.564562 0.963072 -0.082537 0.256282
2.097271 -23.736252 44.705348 -342.866673 0.744588 -0.348447 -0.569362 -0.256848 0.637724 -0.726180 -0.616131 -0.686945 -0.385343
2.789647 -27.558533 -167.266411 -494.020524 -0.781564 0.324600 0.532722 -0.071127 0.802023 -0.593043 -0.619757 -0.501392 -0.603744
10.320631 -13.773613 -429.261693 -25.985157 -0.712906 0.011455 0.701166 -0.280186 0.911937 -0.299776 -0.642854 -0.410169 -0.646916
19.627542 -23.053801 -1141.476652 -32.207275 -0.848781 0.047131 0.526639 -0.018857 0.992687 -0.119232 -0.528408 -0.111132 -0.841686
59.960686 -10.065934 -3265.659161 212.211738 -0.693632 -0.387167 0.607434 -0.288377 0.922001 0.258368 -0.660086 0.004043 -0.751179
4.403358 -9.042652 -42.772418 -8.765456 -0.306883 0.709426 0.634458 0.032358 -0.658462 0.751918 -0.951197 -0.251280 -0.179115
3.096008 -9.143358 -79.138951 2.387259 -0.408958 0.681915 0.606420 0.048037 -0.647522 0.760531 -0.911288 -0.340156 -0.232052
4.286272 -9.267050 -80.981606 -14.846294 -0.349879 0.699642 0.622965 -0.119161 -0.692833 0.711184 -0.929185 -0.174596 -0.325778
3.739526 -8.950452 -66.095646 21.754562 -0.354314 0.696727 0.623725 0.164866 -0.610006 0.775056 -0.920478 -0.377444 -0.101267
5.461133 -9.269787 -43.038808 -44.889859 -0.276639 0.712913 0.644380 -0.110637 -0.689718 0.715575 -0.954584 -0.126664 -0.269678
4.983502 -9.268448 7.700574 -23.606412 -0.214860 0.704661 0.676230 0.040490 -0.685379 0.727060 -0.975805 -0.183596 -0.118729
4.695772 -9.083218 -27.004971 35.157216 -0.273265 0.706179 0.653175 0.199859 -0.622522 0.756653 -0.940948 -0.337309 -0.028977
0.723552 -10.147207 -37.955184 -130.851411 0.684678 -0.630863 -0.365005 0.727417 0.622814 0.288040 0.045617 -0.462726 0.885327
0.511252 -8.808330 -28.259623 -90.210495 0.668298 -0.646702 -0.367633 0.743746 0.571022 0.347527 -0.014819 -0.505677 0.862596
0.280887 -9.661809 -16.627565 -165.711486 0.677695 -0.635251 -0.370385 0.733381 0.620661 0.277368 0.053685 -0.459604 0.886500
124.217672 -12.767665 -5575.923097 -27.944272 -0.462788 0.377346 0.802146 0.883222 0.273654 0.380832 -0.075805 0.884717 -0.459924
41.270596 -8.619355 -2341.402020 78.044070 -0.403247 0.364242 0.839476 0.914285 0.121875 0.386302 0.038396 0.923295 -0.382166
39.522168 -8.778016 -1933.146932 11.861041 -0.331791 0.193384 0.923319 0.940504 0.143822 0.307844 -0.073261 0.970525 -0.229597
24.215525 -8.620003 -1394.227749 59.483747 -0.373871 0.281723 0.883659 0.920129 -0.007059 0.391552 0.116546 0.959470 -0.256582
2.896422 -7.519787 113.463170 -9.923483 0.738796 -0.506426 -0.444650 -0.623779 -0.264102 -0.735629 -0.255109 -0.820843 0.511016
3.648601 -7.463501 55.847523 4.608092 0.735866 -0.545271 -0.401473 -0.638611 -0.361749 -0.679201 -0.225116 -0.756186 0.614415
2.633374 -7.581652 146.308651 2.068006 0.754408 -0.481195 -0.446453 -0.631853 -0.348070 -0.692538 -0.177848 -0.804549 0.566631
2.696750 -7.418806 86.707718 11.707226 0.749581 -0.505536 -0.427272 -0.648855 -0.433612 -0.625275 -0.130828 -0.745931 0.653047
0.634478 -20.107188 -5.749055 -82.553141 -0.611449 0.555663 0.563355 -0.025273 0.697873 -0.715776 -0.790880 -0.451898 -0.412670
0.322339 -20.903316 15.992849 -86.381505 -0.609730 0.600428 0.517412 0.178840 -0.531743 0.827807 -0.772169 -0.597273 -0.216839
0.413563 -22.355166 26.575035 -92.787764 -0.605303 0.563938 0.561766 -0.016278 0.696824 -0.717058 -0.795828 -0.443182 -0.412610
0.759434 -22.515185 -2.392468 -235.082490 -0.616921 0.521395 0.589539 0.153013 0.814239 -0.560002 -0.772007 -0.255270 -0.582101
0.482976 -30.433005 -22.656838 603.976543 -0.595479 0.413394 0.688847 0.774775 0.068776 0.628486 0.212436 0.907951 -0.361242
-1.653044 -31.225590 32.877053 339.433172 -0.513266 0.421717 0.747471 0.856802 0.301992 0.417960 -0.049469 0.854959 -0.516330
0.798772 -28.613015 -17.985736 577.285260 -0.497095 0.428932 0.754264 0.836276 0.005027 0.548286 0.231386 0.903323 -0.361205
3.338275 -23.789023 -93.728605 606.738839 -0.531495 0.447667 0.719102 0.695106 -0.254657 0.672293 0.484087 0.857172 -0.175827
1.900945 -27.745483 -92.393046 834.933074 -0.438124 0.460433 0.772042 0.813662 -0.161947 0.558326 0.382101 0.872797 -0.303684
-5.933836 -19.558529 -13.038094 -100.174727 0.553003 -0.551724 -0.624331 0.602882 0.782187 -0.157217 0.575084 -0.289456 0.765176
-7.724909 -18.533577 -123.598246 120.927615 0.607668 -0.458560 -0.648431 0.383940 0.884338 -0.265586 0.695219 -0.087570 0.713444
-4.635528 -60.044227 -110.754143 -2452.786197 0.747137 -0.277415 -0.604009 0.392176 0.917687 0.063623 0.536641 -0.284413 0.794434
0.238739 -7.538147 -13.143319 17.614715 0.572266 -0.747001 -0.338380 0.733165 0.281179 0.619199 -0.367397 -0.602435 0.708584
0.928028 -7.485509 -37.893527 8.348144 0.597049 -0.733697 -0.324380 0.692511 0.267286 0.670065 -0.404922 -0.624698 0.667676
0.395101 -7.607167 -18.276592 0.813173 0.581017 -0.746207 -0.324952 0.665457 0.205674 0.717542 -0.468601 -0.633145 0.616068
-3.557577 -6.443883 1.416710 105.449110 0.795491 -0.548692 -0.257159 0.120186 0.558812 -0.820539 -0.593927 -0.621825 -0.510475
-3.435498 -5.195134 25.238283 -130.116576 -0.722702 0.678445 0.131960 -0.307091 -0.486244 0.818084 -0.619190 -0.550708 -0.559754
-3.098173 -4.094293 24.688673 -137.070273 -0.717792 0.695778 0.025847 -0.412398 -0.454769 0.789375 -0.560984 -0.555948 -0.613367
-3.243565 -6.096699 16.621085 94.037861 0.840797 -0.495076 -0.218999 0.124729 0.570820 -0.811546 -0.526786 -0.655030 -0.541694
1.080537 -5.212217 3.994713 -31.891817 0.034105 -0.553577 0.832100 -0.596835 0.656539 0.461243 -0.801639 -0.512357 -0.308002
0.705435 -4.711455 -46.925645 -20.934165 -0.028001 -0.535989 0.843760 -0.646145 0.653747 0.393843 -0.762701 -0.534163 -0.364632
0.544349 -5.403518 -78.782387 -29.722152 -0.063116 -0.525301 0.848573 -0.570055 0.716888 0.401383 -0.819179 -0.458400 -0.344697
1.766530 -5.839311 -8.522396 -35.693626 0.018500 -0.548651 0.835846 -0.497754 0.719974 0.483610 -0.867121 -0.424992 -0.259773
0.998852 -6.023455 -105.665976 -36.007063 -0.092986 -0.500486 0.860737 -0.469741 0.784277 0.405281 -0.877894 -0.366638 -0.308025
-9.118202 -89.816986 -47.090135 4174.822427 0.817079 0.512260 0.264523 -0.239712 0.719142 -0.652206 -0.524329 0.469494 0.710391
-22.625607 -2982.533853 -213.653389 200387.891715 0.759342 0.582228 0.290535 -0.530999 0.812532 -0.240483 -0.376085 0.028335 0.926152
-6.585202 -341.179844 -146.353245 16885.471577 0.830315 0.517871 0.205882 -0.434184 0.832729 -0.343579 -0.349373 0.195888 0.916278
-15.498550 -73.575761 -344.039066 -3103.863925 0.821246 0.547732 0.159827 0.267073 -0.616553 0.740631 -0.504209 0.565555 0.652626
7.300824 -14.832962 181.847872 -59.138073 -0.447940 0.786037 0.426023 0.302350 -0.315248 0.899557 -0.841388 -0.531756 0.096446
6.269501 -12.799338 156.015301 -135.566438 -0.434173 0.765946 0.474152 0.115853 -0.474503 0.872597 -0.893349 -0.433790 -0.117279
3.691924 -12.967947 219.551977 -52.867115 -0.342047 0.849146 0.402437 0.273739 -0.319654 0.907132 -0.898928 -0.420444 0.123108
-0.760771 -11.463689 168.150521 -1.231502 -0.323512 0.850095 0.415547 0.268811 -0.338500 0.901753 -0.907238 -0.403432 0.119006
0.329674 -12.531613 215.207738 -6.016070 -0.334717 0.875864 0.347601 0.402522 -0.200636 0.893152 -0.852022 -0.438870 0.285398
6.532739 -15.349576 212.530189 -59.961746 -0.436260 0.821014 0.368256 0.409496 -0.183271 0.893714 -0.801243 -0.540691 0.256249
3.569334 -14.120471 226.916466 -61.004370 -0.376797 0.870482 0.316679 0.454332 -0.124252 0.882124 -0.807221 -0.476260 0.348670
2.189624 -4.775080 69.137795 -16.405341 0.646168 -0.535705 -0.543586 0.627096 -0.033275 0.778231 0.434990 0.843749 -0.314437
3.235291 -5.398539 99.053414 -37.429849 0.624688 -0.525474 -0.577618 0.614057 -0.126388 0.779076 0.482389 0.841369 -0.243718
2.998217 -5.129020 62.886037 -17.969818 0.686685 -0.509040 -0.518982 0.597624 -0.011175 0.801699 0.413896 0.860670 -0.296541
2.396337 -4.632347 59.507363 1.788756 0.689363 -0.526025 -0.498074 0.612619 0.056372 0.788365 0.386622 0.848599 -0.361114
-1.680013 -8.458395 114.230674 29.710665 -0.654379 0.631434 0.416028 0.741079 0.644889 0.186867 -0.150298 0.430591 -0.889945
-2.551196 -8.224813 -17.836469 30.087637 -0.698341 0.643166 0.314097 0.713331 0.661537 0.231361 -0.058983 0.385624 -0.920769
-2.876405 -8.721502 55.877781 21.504918 -0.654647 0.664525 0.360337 0.726280 0.685114 0.056007 -0.209654 0.298371 -0.931139
-2.075035 -8.813558 146.028014 1.466676 -0.631449 0.646085 0.428773 0.698767 0.713833 -0.046555 -0.336151 0.270215 -0.902212
-0.752436 -8.593542 164.516177 7.991862 -0.630960 0.629182 0.453894 0.724740 0.686788 0.055447 -0.276843 0.363940 -0.889329
-2.940188 -8.874655 46.405060 -0.380289 -0.643524 0.668976 0.371951 0.682065 0.721712 -0.117982 -0.347369 0.177771 -0.920724
-2.675996 -8.630447 -62.777998 16.421648 -0.675339 0.684840 0.273699 0.702059 0.710641 -0.045848 -0.225900 0.161190 -0.960722
-1.653780 -12.084057 -55.812576 -37.176923 0.672775 -0.602295 -0.429669 0.422817 -0.163569 0.891331 0.607125 0.781336 -0.144616
-1.560704 -11.258678 -21.810702 -72.646442 0.648525 -0.628117 -0.429982 0.550298 -0.003401 0.834961 0.525915 0.778112 -0.343446
-1.414317 -11.766974 -24.071705 -33.352422 0.654945 -0.612188 -0.443027 0.539813 -0.031247 0.841205 0.528818 0.790095 -0.310002
-0.710120 -12.520655 -9.142062 8.656862 -0.435436 0.789258 0.432975 -0.057463 -0.504354 0.861583 -0.898384 -0.350284 -0.264967
-0.798713 -12.928578 11.439401 -15.530786 -0.428854 0.776604 0.461487 -0.176171 -0.572937 0.800442 -0.886029 -0.261972 -0.382522
-0.740961 -12.361507 -14.141100 -33.714558 -0.449344 0.773049 0.447757 -0.206992 -0.577659 0.789598 -0.869048 -0.262119 -0.419582
-0.703694 -12.187510 -26.277276 -6.758927 -0.468942 0.778650 0.416889 -0.062937 -0.500265 0.863582 -0.880984 -0.378732 -0.283602
-2.073936 -13.772312 16.404607 36.533180 0.795374 -0.500460 -0.341936 0.599775 0.731256 0.324860 -0.087464 0.463470 -0.881786
-1.730190 -14.545463 33.479907 22.366253 0.808021 -0.513451 -0.288912 0.589153 0.704139 0.396341 0.000067 0.490466 -0.871461
-2.005783 -14.944616 26.204747 61.539245 0.807409 -0.505578 -0.304107 0.569483 0.802558 0.177734 -0.154205 0.316688 -0.935911
-1.856210 -13.445906 16.189805 -2.122189 0.801082 -0.503330 -0.323922 0.596758 0.629728 0.497314 0.046330 0.591693 -0.804831
-2.267982 -13.549764 10.390683 28.210690 0.787871 -0.502455 -0.356086 0.581406 0.797507 0.161090 -0.203041 0.333948 -0.920463
-2.300281 -13.901081 2.764641 3.747984 0.769689 -0.501202 -0.395443 0.613605 0.751783 0.241477 -0.176259 0.428508 -0.886179
-2.125713 -13.944598 8.900497 -9.806182 0.779405 -0.496760 -0.381781 0.626393 0.630139 0.458865 -0.012629 0.596786 -0.802301
-0.270558 -11.257132 2.225214 -202.908384 0.709796 -0.627277 -0.320490 -0.684911 -0.720883 -0.105943 0.164580 -0.294705 0.941309
0.119649 -12.925876 14.720561 216.420645 0.666969 -0.656272 -0.352787 0.742688 0.623526 0.244191 0.059717 -0.424879 0.903278
0.005338 -10.281624 9.416305 148.468785 0.696491 -0.633349 -0.337299 0.701762 0.699317 0.135962 0.149767 -0.331400 0.931528
-0.360798 -8.846187 -10.441866 -86.372883 0.715809 -0.625994 -0.309434 -0.664263 -0.747071 -0.025284 0.215341 -0.223644 0.950585
3.455216 -7.585132 -182.596517 121.979032 0.533807 -0.567394 0.626989 0.603389 -0.263887 -0.752519 0.592429 0.780018 0.201494
6.175206 -7.809274 -50.748449 83.100309 0.522189 -0.695278 0.493869 0.591437 -0.121976 -0.797072 0.614427 0.708315 0.347519
5.009511 -8.990107 -221.442871 60.180789 0.554685 -0.556569 0.618511 0.696836 -0.095481 -0.710847 0.454691 0.825296 0.334876
4.237208 -6.268599 48.394294 118.452795 -0.515608 0.670621 -0.533307 0.495754 -0.274163 -0.824053 0.698840 0.689277 0.191102
0.562438 -8.660725 -297.521344 101.853971 0.512831 -0.482675 0.709950 0.697908 -0.247177 -0.672181 0.499928 0.840195 0.210103
-0.159288 -6.705009 -245.123322 139.785485 0.489014 -0.491711 0.720476 0.615581 -0.390656 -0.684433 0.618001 0.778209 0.111651
1.818880 -5.223264 -170.035276 -121.087851 0.533146 -0.555145 0.638411 -0.521524 0.378518 0.764681 0.666159 0.740633 0.087716
-0.979420 -23.321646 30.855853 -534.163506 0.793907 -0.570009 -0.211663 0.532427 0.819821 -0.210746 0.293654 0.054618 0.954350
-0.742635 -18.748865 11.868087 -287.081537 0.791259 -0.578962 -0.196755 0.582679 0.811480 -0.044551 0.185457 -0.079394 0.979440
-0.608902 -20.709562 31.387285 -396.560564 0.772086 -0.598503 -0.213725 0.601212 0.796864 -0.059597 0.205979 -0.082480 0.975074
-1.244111 -26.176001 -6.335403 -551.346626 0.815460 -0.550139 -0.179921 0.506134 0.828546 -0.239457 0.280808 0.104204 0.954090
-0.185056 -12.576575 18.973264 -9.780067 -0.449096 0.820399 0.353917 0.416176 -0.158441 0.895373 -0.790639 -0.549401 0.270276
-0.551071 -12.415290 29.163245 1.939584 -0.443641 0.822302 0.356372 0.260896 -0.261924 0.929155 -0.857389 -0.505188 0.098335
-0.438964 -12.171879 22.773640 1.299925 -0.461869 0.824930 0.325835 0.403452 -0.131757 0.905465 -0.789876 -0.549664 0.271966
-0.525106 -24.266157 -9.642881 -88.795663 -0.549220 0.823770 0.140569 -0.196084 -0.290547 0.936554 -0.812348 -0.486811 -0.321103
-0.798054 -23.671233 -4.650786 0.573247 -0.539881 0.827340 0.155040 -0.354611 -0.390598 0.849520 -0.763400 -0.403661 -0.504260
-0.605480 -23.660064 7.580714 -90.422037 -0.545550 0.824416 0.150711 -0.404424 -0.416475 0.814242 -0.734041 -0.383259 -0.560621
-0.776388 -25.639805 -9.284869 -85.822204 -0.535561 0.833431 0.136263 -0.125437 -0.238071 0.963114 -0.835129 -0.498714 -0.232045
-0.827165 -27.727256 7.365549 -148.866913 -0.548711 0.826692 0.124486 -0.199202 -0.273903 0.940901 -0.811933 -0.491485 -0.314973
-0.504561 -27.636740 -22.268438 -130.153637 -0.559189 0.821814 0.109220 0.040813 -0.104294 0.993709 -0.828035 -0.560128 -0.024780
0.923794 -80.295790 -12.541787 -2554.608422 -0.469186 0.849920 0.239793 -0.825065 -0.518694 0.224109 -0.314854 0.092696 -0.944603
0.336096 -47.831394 47.384056 -76.238136 -0.445185 0.866742 0.224874 -0.700862 -0.493584 0.514944 -0.557318 -0.071640 -0.827203
0.552566 -89.717706 108.465773 -1132.653533 -0.423241 0.883845 0.199211 -0.561992 -0.428571 0.707454 -0.710656 -0.187469 -0.678103
2.589028 -117.757549 -135.945993 -3968.335163 -0.512529 0.838064 0.186985 -0.576421 -0.497204 0.648481 -0.636438 -0.224583 -0.737909
88.993067 -1233.981215 65861.155369 -116123.770715 0.361097 0.849848 -0.383884 0.727941 0.000411 0.685639 -0.582847 0.527027 0.618491
195.658578 -8234.691658 22345.864750 -3734953.007975 0.055411 0.979800 0.192148 0.218034 -0.199673 0.955297 -0.974367 0.011040 0.224694
-494.623452 -4998.794410 -22149.547643 -17952.104136 -0.548777 0.829387 0.104692 0.808982 0.558444 -0.183542 0.210692 0.016030 0.977421
1.697495 -4.893492 26.465540 6.972133 0.696109 -0.537594 -0.475842 0.660714 0.220405 0.717550 0.280873 0.813888 -0.508622
2.122505 -4.652580 37.112160 5.662365 0.715916 -0.520037 -0.465859 0.616653 0.158065 0.771203 0.327419 0.839391 -0.433844
1.775105 -4.792366 15.241898 1.815012 0.721749 -0.502435 -0.476064 0.646503 0.243710 0.722938 0.247208 0.829557 -0.500723
0.146111 -4.000475 10.336963 29.635793 -0.565717 0.720971 0.400206 -0.755133 -0.647928 0.099813 -0.331267 0.245743 -0.910973
-0.230267 -3.983555 21.629332 -13.537042 -0.610918 0.675154 0.413458 0.702059 0.703379 -0.111229 -0.365914 0.222320 -0.903704
0.008301 -3.705087 -3.946879 10.656430 -0.588136 0.704963 0.396388 -0.725226 -0.676635 0.127327 -0.357970 0.212585 -0.909211
-20.460268 -171.810039 719.654481 11381.169142 -0.463677 -0.686113 -0.560582 -0.571148 0.715167 -0.402898 0.677343 0.133361 -0.723479
-47.583197 -213.754961 -6842.486276 -3574.490010 0.731044 0.598357 0.327939 -0.681384 0.665497 0.304680 0.035935 0.446187 -0.894218
-96.108745 -306.686998 -10023.970328 23628.927131 0.743560 0.444051 0.499938 -0.667352 0.445896 0.596505 -0.041958 0.777171 -0.627889
-10.365812 -12.665622 -116.117961 -140.394458 -0.331423 0.730393 0.597231 -0.290172 0.523417 -0.801146 0.897752 0.438818 -0.038467
-8.452790 -12.708258 -37.013189 -63.445308 -0.312810 0.911949 0.265516 -0.265732 0.184355 -0.946256 0.911886 0.366554 -0.184667
-6.793916 -10.361520 17.476964 -111.848886 -0.287163 0.957855 -0.007183 0.084811 0.017956 -0.996235 0.954120 0.286691 0.086393
-7.364127 -11.383703 24.585157 -88.066102 -0.264876 0.961236 0.076591 -0.075166 0.058604 -0.995447 0.961349 0.269427 -0.056729
3.606223 -7.210384 -52.141260 172.954211 0.388515 0.340357 -0.856279 0.120626 0.902497 0.413459 0.913513 -0.263925 0.309578
2.213269 -13.015488 -9.338420 268.235706 0.280716 0.287897 -0.915595 0.321973 0.870428 0.372410 0.904175 -0.399338 0.151648
2.809846 -11.170191 -38.149286 276.073491 0.381288 0.333124 -0.862350 0.214231 0.875586 0.432959 0.899291 -0.349825 0.262485
2.523365 -10.877886 85.719971 243.140090 0.172814 0.307317 -0.935784 0.204747 0.918116 0.339326 0.963439 -0.250239 0.095741
-2.491114 -10.779961 -30.820014 -55.668316 0.854850 -0.235503 -0.462352 0.518637 0.414788 0.747641 -0.015706 0.878914 -0.476722
-2.856556 -11.391126 10.207017 -42.279653 0.903481 -0.246687 -0.350525 0.428562 0.505461 0.748895 0.007566 0.826834 -0.562395
-3.336757 -11.565544 -23.919478 196.526343 0.836588 -0.285191 -0.467746 0.546363 0.496825 0.674279 -0.040089 0.819653 -0.571456
-3.794280 -13.897909 11.374365 298.077410 0.833964 -0.345125 -0.430574 0.550849 0.566923 0.612506 -0.032711 0.747989 -0.662904
-2.660816 -12.925602 -67.761143 274.491640 0.775086 -0.274039 -0.569337 0.625783 0.457559 0.631693 -0.087396 0.845897 -0.526136
-3.470739 -16.173494 -33.634264 487.175436 0.771757 -0.335393 -0.540280 0.623231 0.567775 0.537786 -0.126388 0.751760 -0.647212
2.782443 -9.437438 -119.087129 -19.997622 -0.445792 0.667341 0.596595 0.112858 0.703069 -0.702109 -0.887994 -0.245664 -0.388738
1.590125 -9.477916 -85.152886 -0.390837 -0.468030 0.651570 0.596996 0.026920 0.685753 -0.727336 -0.883303 -0.324344 -0.338493
1.808513 -8.952584 -70.295654 17.613002 -0.463546 0.659610 0.591642 0.141761 -0.603904 0.784349 -0.874660 -0.447453 -0.186430
2.503324 -8.809181 -90.696740 4.558892 -0.431786 0.670663 0.603135 0.224328 -0.567823 0.791994 -0.873635 -0.477272 -0.094730
0.908096 -9.449335 -34.762148 8.047012 0.643288 -0.654710 -0.396907 0.764599 0.522545 0.377273 -0.039603 -0.546170 0.836738
1.288885 -10.091080 -42.385300 -23.176528 0.675150 -0.625235 -0.391476 0.737426 0.585967 0.335925 0.019360 -0.515484 0.856680
1.075613 -9.705916 -40.699831 104.776976 0.599615 -0.675800 -0.428668 0.792832 0.428674 0.433193 -0.108993 -0.599611 0.792835
0.733971 -9.303634 -26.007293 89.572786 0.588986 -0.683596 -0.431036 0.797472 0.405249 0.447002 -0.130892 -0.607017 0.783835
1.472571 -10.501183 -34.126760 94.272002 0.629197 -0.646190 -0.431914 0.775021 0.479584 0.411513 -0.058777 -0.593664 0.802563
-0.730586 -22.883181 -14.576838 -86.354346 0.808415 -0.442881 -0.387713 -0.013447 -0.672413 0.740054 0.588459 0.593057 0.549545
-0.760180 -20.621305 -12.530944 -367.703485 0.806034 -0.440121 -0.395731 0.172059 -0.465496 0.868164 0.566308 0.767859 0.299479
-0.613043 -22.410141 -27.549829 -393.500284 0.821220 -0.426512 -0.379059 0.135679 -0.499294 0.855743 0.554247 0.754184 0.352161
-0.904809 -22.827951 23.309879 -276.829044 0.789520 -0.462411 -0.403528 0.070476 -0.584847 0.808076 0.609665 0.666431 0.429160
-0.603412 -24.673610 -45.143951 -8.167864 0.830404 -0.427425 -0.357402 0.081698 0.727948 -0.680747 0.551139 0.536096 0.639411
-0.759606 -23.182656 -19.951452 -189.360914 0.809381 -0.449528 -0.377924 0.189657 0.809102 -0.556223 0.555817 0.378521 0.740128
-0.920581 -23.248709 13.250434 -143.438501 0.788225 -0.465569 -0.402426 0.152711 0.781466 -0.604972 0.596138 0.415399 0.687068
-2.363168 -20.538955 103.056207 -443.705331 0.677290 -0.511152 -0.529152 0.354581 0.856978 -0.373979 0.644632 0.065665 0.761668
-1.414695 -15.819597 71.598662 -460.812604 0.676668 -0.541910 -0.498451 0.539343 0.825668 -0.165476 0.501228 -0.156864 0.850978
-1.153731 -19.315802 79.732781 -370.670870 0.644642 -0.556295 -0.524378 0.395618 0.829687 -0.393835 0.654158 0.046429 0.754931
-2.363020 -22.477428 102.509520 -242.772063 0.651116 -0.520975 -0.551936 0.180280 0.812557 -0.554301 0.737257 0.261411 0.622990
2.102954 -7.151273 -71.830715 30.440017 0.621645 -0.725072 -0.296358 -0.554930 -0.140646 -0.819921 -0.552820 -0.674158 0.489797
1.672622 -7.361634 -58.202413 -15.670146 0.618142 -0.721663 -0.311614 0.627374 0.214084 0.748712 -0.473606 -0.658309 0.585086
2.870640 -7.227631 -91.994163 24.036891 0.634434 -0.710693 -0.303989 -0.606128 -0.213349 -0.766219 -0.479691 -0.670371 0.566127
0.866439 -7.450289 -38.119937 15.171545 0.599769 -0.740987 -0.302018 -0.593673 -0.159009 -0.788840 -0.536497 -0.652422 0.535273
3.234717 -6.968098 -89.078445 39.586956 0.646671 -0.701008 -0.300674 -0.538566 -0.140481 -0.830790 -0.540151 -0.699180 0.468384
2.721055 -6.631717 -74.840171 22.664190 0.636803 -0.710541 -0.299353 -0.482433 -0.064331 -0.873567 -0.601448 -0.700708 0.383755
1.451955 -6.942175 -56.946643 31.322407 0.620018 -0.733607 -0.278205 -0.486433 -0.081211 -0.869936 -0.615598 -0.674704 0.407203
0.074753 -20.673111 20.448978 81.452776 0.641392 -0.603332 -0.473927 -0.410114 0.252443 -0.876401 -0.648400 -0.756481 0.085520
0.328844 -20.638885 -1.628690 -81.219910 -0.620978 0.611961 0.489785 0.295719 -0.395776 0.869432 -0.725904 -0.684737 -0.064799
-0.069468 -19.127729 21.105226 -12.438748 -0.605625 0.598665 0.524231 0.239657 -0.490979 0.837558 -0.758803 -0.632882 -0.153875
-0.405216 -19.690330 47.333638 -126.929337 -0.609338 0.639140 0.469263 0.357834 -0.306470 0.882061 -0.707575 -0.705391 0.041962
-0.606991 -17.941787 56.883660 -29.977656 -0.586771 0.617275 0.524091 0.181491 -0.530504 0.828025 -0.789152 -0.580979 -0.199255
-1.811325 -30.794639 -36.385786 206.452587 -0.624182 0.417898 0.660120 0.778691 0.401478 0.482137 -0.063540 0.814970 -0.576009
-3.207583 -29.713308 38.195369 -105.304227 -0.549328 0.427346 0.718063 0.761514 0.609793 0.219658 -0.343999 0.667479 -0.660406
-2.385251 -32.751952 74.106895 -57.394871 -0.443237 0.443175 0.779190 0.817771 0.555924 0.148994 -0.367140 0.703238 -0.608822
-1.059956 -31.851928 3.250740 201.671931 -0.345961 0.450571 0.822980 0.889254 0.437207 0.134456 -0.299231 0.778354 -0.551929
-1.043855 -31.885515 -6.641833 87.122261 -0.353027 0.448908 0.820886 0.757587 0.652010 -0.030751 -0.549030 0.611036 -0.570264
-1.222794 -33.938788 18.167585 414.246316 -0.317946 0.438434 0.840646 0.898400 0.422647 0.119360 -0.302966 0.793187 -0.528268
-0.375054 -7.652401 -24.644201 88.880790 0.191991 0.076157 -0.978437 0.936563 -0.312115 0.159481 -0.293239 -0.946987 -0.131249
-0.718973 -8.917333 67.474810 114.057159 0.267483 0.084010 -0.959893 0.901686 -0.373055 0.218614 -0.339727 -0.923998 -0.175537
0.277710 -8.469216 -29.812448 68.744563 0.120389 0.117815 -0.985711 0.895614 -0.441211 0.056650 -0.428232 -0.889636 -0.158633
-7.235316 -21.824775 -261.111139 -86.833519 -0.292869 0.799264 0.524790 0.666063 0.564318 -0.487756 0.685994 -0.206695 0.697631
-8.651556 -23.011005 -314.548429 -587.665979 -0.182425 0.931292 0.315305 0.621518 0.357714 -0.696962 0.761864 -0.068825 0.644070
-23.494314 -50.097118 -1353.920271 -1685.146590 0.661880 0.172176 -0.729569 -0.233261 0.972251 0.017829 0.712394 0.158380 0.683675
0.452093 -7.341772 -27.753781 20.031791 0.581483 -0.743287 -0.330760 0.759621 0.350466 0.547859 -0.291296 -0.569823 0.768407
1.280362 -7.357930 -53.868362 21.385695 0.609668 -0.724754 -0.320992 0.733098 0.361549 0.576065 -0.301451 -0.586527 0.751740
0.590933 -4.473323 6.447177 -22.454428 0.032065 -0.551930 0.833273 -0.674382 0.603379 0.425608 -0.737686 -0.575592 -0.352865
-0.017890 -4.156728 -44.323287 -29.386743 -0.044004 -0.518824 0.853748 -0.715313 0.612936 0.335613 -0.697417 -0.595928 -0.398093
-8.687895 -80.390304 235.850381 3684.711828 0.712171 0.660212 0.238606 0.185395 0.150943 -0.971002 0.677083 -0.735756 0.014903
0.111768 -159.268167 216.971396 8268.465433 0.627283 0.771765 0.104381 -0.009647 0.141719 -0.989860 0.778732 -0.619915 -0.096344
9.156794 -1521.728100 -1333.288645 80450.326473 0.642318 0.661213 0.387589 0.470565 0.058950 -0.880394 0.604976 -0.747878 0.273279
-10.987537 -382.346385 196.953070 22668.937186 0.771784 0.591429 0.233585 0.409619 -0.181434 -0.894032 0.486376 -0.785681 0.382288
-0.562271 -114.187687 -219.779267 5645.407792 0.647920 0.680865 0.341502 -0.072475 -0.391198 0.917448 -0.758253 0.619183 0.204119
0.349961 -55.313999 -117.258016 2336.226607 0.624433 0.675411 0.392305 -0.180682 -0.363734 0.913812 -0.759893 0.641497 0.105093
-0.336194 -22.982719 -95.680280 927.079065 0.661086 0.664834 0.347794 0.012279 -0.473058 0.880945 -0.750209 0.578111 0.320896
9.463183 -15.363645 85.442111 -101.747815 -0.573067 0.680227 0.457041 0.234850 -0.397995 0.886818 -0.785137 -0.615542 -0.068327
1.153096 -6.814492 25.318581 49.718852 -0.555248 0.571343 0.604373 0.826253 0.461870 0.322464 -0.094904 0.678413 -0.728526
1.562701 -6.589459 7.207619 39.557619 -0.582481 0.576536 0.572994 0.812513 0.433080 0.390210 -0.023183 0.692855 -0.720704
1.119582 -5.993716 26.622365 39.970694 -0.592684 0.553415 0.585198 0.805375 0.398388 0.438927 0.009773 0.731450 -0.681825
1.497253 -5.871600 4.183539 38.111798 -0.617653 0.560101 0.552080 0.782643 0.368763 0.501481 0.077294 0.741823 -0.666126
0.575616 -6.207839 51.146134 51.041740 -0.559148 0.550882 0.619583 0.826958 0.423867 0.369428 -0.059110 0.718934 -0.692560
0.566043 -5.338817 58.954214 29.094708 -0.625285 0.515519 0.585883 0.779854 0.384788 0.493726 0.029085 0.765623 -0.642632
1.177768 -5.293225 27.990484 23.629838 -0.648722 0.524427 0.551485 0.754806 0.350931 0.554179 0.097094 0.775773 -0.623498
-0.175384 -13.053626 35.170278 61.281010 -0.409243 0.787856 0.460220 -0.026732 -0.514529 0.857056 -0.912034 -0.338441 -0.231628
0.280975 -13.492008 60.304697 32.648196 -0.389175 0.786762 0.479112 -0.135029 -0.563222 0.815198 -0.911213 -0.252561 -0.325428
-0.381736 -13.170586 29.581283 -10.962180 -0.419382 0.778461 0.467030 -0.202887 -0.581819 0.787606 -0.884848 -0.235553 -0.401944
0.624058 -13.330885 58.585415 95.575634 -0.391597 0.792116 0.468193 0.068625 -0.482270 0.873331 -0.917574 -0.374123 -0.134497
-1.378724 -14.614120 15.516066 22.415437 0.816835 -0.502617 -0.283119 0.576847 0.716139 0.392927 -0.005260 0.484273 -0.874901
-1.238800 -15.743304 13.998574 -105.949553 0.818272 -0.501561 -0.280834 0.559861 0.584610 0.587185 0.130331 0.637705 -0.759175
7.828762 -8.707814 -4.150578 2.120368 0.523911 -0.726407 0.444803 0.691503 0.057822 -0.720056 0.497334 0.684828 0.532606
6.401896 -7.899107 -107.266986 70.990151 -0.455108 0.819039 -0.349358 0.567211 -0.035783 -0.822795 0.686403 0.572620 0.448283
4.997551 -6.578617 -55.906861 87.633823 -0.464700 0.788049 -0.403773 0.478051 -0.160550 -0.863534 0.745333 0.594308 0.302120
1.011252 -2.633234 -23.248541 41.787830 0.782317 -0.557273 -0.278257 0.405739 0.116968 0.906474 0.472606 0.822049 -0.317613
1.054598 -2.569153 5.965311 58.296369 0.774113 -0.579729 -0.254291 0.391824 0.123279 0.911743 0.497216 0.805429 -0.322584
1.009579 -2.117341 -0.672681 2.440041 0.749651 -0.582294 -0.314576 0.432153 0.070671 0.899027 0.501266 0.809901 -0.304619
0.831556 -2.403244 -26.452394 -12.067716 0.746858 -0.557850 -0.361947 0.465209 0.049383 0.883822 0.475166 0.828471 -0.296400
0.857175 -2.641272 -22.272468 -54.676827 0.713746 -0.567743 -0.410163 0.496696 -0.002596 0.867921 0.493821 0.823202 -0.280143
0.778238 -2.379325 18.353688 -57.127040 0.701300 -0.603133 -0.380011 0.481255 0.007305 0.876550 0.525900 0.797607 -0.295383
-0.957861 -22.488920 -6.902906 -114.381272 -0.566637 0.806569 0.168428 -0.584105 -0.537378 0.608314 -0.581157 -0.246314 -0.775619
-1.313213 -24.084228 3.384448 -16.209917 -0.525167 0.833999 0.169249 -0.297324 -0.366167 0.881771 -0.797369 -0.412756 -0.440267
-1.231514 -21.999081 -3.603847 14.140505 -0.543332 0.821463 0.173170 -0.489507 -0.477573 0.729594 -0.682036 -0.311644 -0.661593
1.032099 -55.260424 -29.715624 -1269.065342 -0.446748 0.868937 0.212989 -0.819992 -0.492903 0.290963 -0.357812 0.044662 -0.932725
1.425935 -4.612637 21.168226 29.643776 0.700334 -0.548485 -0.456833 0.623716 0.158960 0.765317 0.347147 0.820911 -0.453424
-0.254849 -3.820349 7.498245 9.811198 -0.659212 0.627901 0.413739 0.639311 0.757666 -0.131238 -0.395881 0.177994 -0.900886
-0.781389 -4.212171 41.195570 2.541214 -0.678340 0.597332 0.427842 0.615130 0.780151 -0.113926 -0.401834 0.185898 -0.896645
-0.958546 -4.536642 51.514658 -25.658808 -0.601403 0.681258 0.417376 0.714244 0.692538 -0.101224 -0.358008 0.237232 -0.903079
-40.863941 -129.336295 -1633.228575 -6193.559661 0.825927 0.553156 0.108918 0.361087 -0.667390 0.651311 -0.432968 0.498607 0.750953
-43.812307 -279.490515 -1891.258326 -1903.793041 0.589036 0.806603 -0.049282 0.780546 -0.583678 -0.223757 0.209248 -0.093334 0.973398
-156.845117 -342.249787 -6964.469985 -5876.361865 0.787343 0.525663 -0.322132 -0.526038 0.845290 0.093642 0.321519 0.095725 0.942052
-36.686081 -123.929762 -680.294949 1868.525972 0.895634 0.399125 0.196314 -0.314367 0.880255 -0.355420 -0.314664 0.256612 0.913858
-28.447843 -146.621470 -950.511580 -9379.278527 0.903025 0.429141 -0.019600 0.205366 -0.391169 0.897113 -0.377321 0.814140 0.441367
-74.613195 -139.381268 -2824.036558 -9774.491428 0.823056 0.551816 -0.134453 0.031281 0.192328 0.980832 -0.567098 0.811486 -0.141036
-27.591023 -98.019172 -1213.068850 -4946.083720 0.786686 0.617342 -0.003608 0.231072 -0.289029 0.929015 -0.572477 0.731677 0.370026
0.618272 -27.137608 58.520244 -19.221048 0.638702 0.764720 0.085221 0.755176 -0.644231 0.121142 -0.147542 0.013017 0.988970
-0.781862 -27.264723 -97.897274 333.527864 -0.559113 -0.819885 -0.123214 0.815382 -0.516847 -0.260810 0.150151 -0.246288 0.957495
0.560261 -32.962777 -66.201768 68.086178 -0.525883 -0.837746 -0.147067 0.848473 -0.504597 -0.159612 0.059505 -0.208720 0.976164
-0.831522 -31.619808 102.256140 -7.868476 0.408504 0.890777 0.199102 0.817939 -0.260443 -0.512977 0.405093 -0.372407 0.834993
2.012714 -31.754272 13.498585 -640.556020 0.594009 0.794185 0.128158 0.754750 -0.605319 0.252865 -0.278398 0.053477 0.958976
-9.167366 -13.402965 -18.594328 -197.947586 0.345624 -0.502609 -0.792419 -0.408495 0.679659 -0.609258 0.844793 0.534274 0.029593
-4.755477 -11.548949 -219.413548 -143.581717 0.559291 -0.537034 -0.631497 -0.260643 0.609228 -0.748937 0.786930 0.583469 0.200762
-3.154077 -9.590932 -6.779059 -150.619063 -0.606203 0.761486 0.229470 0.400296 0.541456 -0.739316 0.687227 0.356320 0.633053
-2.347465 -7.316365 -62.199538 -74.909681 -0.469102 0.875180 0.118335 0.581831 0.407069 -0.704108 0.664392 0.261447 0.700163
-2.323360 -9.303931 -27.897375 -178.793904 -0.594275 0.739007 0.317341 0.345720 0.590988 -0.728843 0.726165 0.323422 0.606699
3.416493 -5.301061 5.606787 95.361521 0.425026 0.291738 -0.856879 0.106093 0.924058 0.367234 0.898942 -0.246993 0.361798
2.810344 -3.556374 -0.198693 18.371617 0.397675 0.225698 -0.889334 0.099900 0.952860 0.286491 0.912072 -0.202775 0.356382
-1.977635 -16.505750 -0.393516 -449.680544 0.904707 -0.230724 -0.358150 0.424531 0.417675 0.803319 0.035754 0.878814 -0.475823
-1.754095 -10.843518 58.022218 -216.942566 0.957468 -0.194684 -0.212964 0.286980 0.565873 0.772937 0.029968 0.801178 -0.597675
-1.885165 -14.466771 -21.258334 -354.751376 0.872664 -0.226268 -0.432736 0.487826 0.364021 0.793420 0.022000 0.903488 -0.428047
-2.647994 -9.242090 70.877604 19.034761 0.936102 -0.249156 -0.248261 0.351018 0.616974 0.704364 0.022326 0.746501 -0.665009
1.487296 -9.600281 -53.433388 -34.170088 -0.449959 0.646450 0.616149 0.143435 0.733295 -0.664609 -0.881455 -0.210669 -0.422676
2.128227 -9.541662 -72.849238 -40.228685 -0.442904 0.654017 0.613268 0.237825 0.745214 -0.622973 -0.864451 -0.130067 -0.485600
-0.591443 -17.538512 -15.218952 -441.995309 0.810335 -0.431036 -0.396946 0.309364 -0.260611 0.914536 0.497646 0.863881 0.077835
-0.761070 -18.757894 -1.349190 -432.190554 0.801927 -0.441451 -0.402536 0.263907 -0.342721 0.901607 0.535972 0.829255 0.158335
-0.414020 -9.842646 34.432972 -215.448606 0.687344 -0.554766 -0.468820 0.609313 0.791733 -0.043553 0.395342 -0.255722 0.882219
-1.643696 -13.996518 53.865783 -493.297544 0.733322 -0.470958 -0.490343 0.527727 0.849009 -0.026214 0.428652 -0.239544 0.871135
2.228405 -7.335488 -80.737409 4.607637 0.626751 -0.716414 -0.306488 0.671226 0.296597 0.679328 -0.395776 -0.631492 0.666768
1.186998 -27.255963 -33.699551 -129.696138 0.742515 -0.404477 -0.533919 0.599482 0.045683 0.799084 0.298820 0.913407 -0.276397
1.053299 -23.705047 -30.805482 -241.296466 0.765827 -0.415165 -0.491067 0.497649 -0.100997 0.861478 0.407252 0.904123 -0.129260
0.677119 -21.228081 -38.447473 311.809744 0.726767 -0.395797 -0.561387 0.620378 0.027392 0.783824 0.294858 0.917930 -0.265451
0.089559 -23.161926 10.174922 -52.509646 -0.622318 0.600090 0.502606 0.188833 -0.508036 0.840382 -0.759646 -0.617893 -0.202843
-0.004375 -22.328843 -14.334082 124.944965 0.623628 -0.630787 -0.461731 -0.350068 0.302774 -0.886443 -0.698957 -0.714448 0.031999
3.245708 -26.263787 24.691041 668.658507 0.682024 -0.360774 -0.636149 0.623114 -0.168697 0.763721 0.382847 0.917270 -0.109748
0.757196 -29.324922 -29.404760 395.212029 -0.697313 0.374892 0.610909 0.700943 0.178563 0.690503 0.149778 0.909709 -0.387293
-1.335606 -21.608407 7.955083 -35.689669 0.414469 -0.492424 -0.765332 0.900614 0.101061 0.422708 -0.130807 -0.864468 0.485371
-1.387569 -22.804807 14.239442 -104.272007 0.385431 -0.515868 -0.765064 0.888708 -0.015554 0.458210 -0.248276 -0.856527 0.452461
-1.132677 -21.420933 12.405829 283.580712 0.369187 -0.484010 -0.793370 0.866326 -0.129793 0.482320 -0.336421 -0.865383 0.371392
-1.404186 -27.612400 9.029457 -511.728410 0.438891 -0.504337 -0.743653 0.898417 0.260002 0.353900 0.014867 -0.823434 0.567217
-1.244791 -21.204232 -1.593513 1.978416 0.418284 -0.466700 -0.779249 0.895529 0.068443 0.439709 -0.151878 -0.881763 0.446572
-1.232385 -27.519401 2.244986 -588.704100 0.458646 -0.485087 -0.744536 0.887471 0.292627 0.356041 0.045160 -0.824051 0.564713
1.235426 -5.635551 81.498011 -38.644703 0.135825 -0.585971 0.798867 -0.524739 0.641403 0.559688 -0.840357 -0.495217 -0.220364
0.308800 -4.936680 61.727943 -30.234454 0.127184 -0.584555 0.801324 -0.615185 0.587237 0.526022 -0.778056 -0.559864 -0.284922
-0.653799 -4.171774 49.775926 37.823761 0.527650 -0.605219 -0.596067 0.771879 0.048629 0.633907 -0.354666 -0.794572 0.492815
-0.625904 -4.614091 17.891271 42.713945 0.623158 -0.610390 -0.488977 0.670475 0.095043 0.735819 -0.402663 -0.786378 0.468478
-0.072800 -3.907850 25.862354 33.276611 0.639947 -0.603157 -0.476098 0.685303 0.167706 0.708685 -0.347604 -0.779792 0.520668
6.235737 -105.444712 -46.737152 3305.190498 -0.576427 0.694763 0.430159 -0.361991 0.254835 -0.896672 0.732595 0.672579 -0.104604
7.072500 -66.587056 -227.228448 -2498.532431 -0.515575 0.722829 0.460108 0.690790 0.032948 0.722305 0.506943 0.690241 -0.516310
10.974484 -151.066443 -183.243609 -8858.468716 -0.459561 0.710626 0.532742 0.626179 -0.166136 0.761773 0.629844 0.683673 -0.368630
7.194284 -81.142285 19.678114 1938.071211 -0.529559 0.712470 0.460384 -0.164443 0.446212 -0.879690 0.832181 0.541555 0.119135
7.641757 -141.114744 251.057763 6636.459339 -0.420513 0.748973 0.512063 -0.539151 0.247645 -0.804977 0.729716 0.614583 -0.299672
1.083164 -65.311695 -24.540869 2814.138633 0.647298 0.594636 0.476879 -0.189482 -0.480464 0.856301 -0.738311 0.644641 0.198330
1.806318 -7.228872 19.555716 38.120512 -0.566746 0.581538 0.583620 0.813736 0.505987 0.286026 -0.128969 0.637017 -0.759985
1.925341 -6.463132 14.403099 38.814727 -0.615353 0.576707 0.537354 0.786846 0.408721 0.462406 0.047045 0.707359 -0.705288
2.115392 -7.073294 22.890655 31.678317 -0.594638 0.584622 0.551926 0.801859 0.481230 0.354174 -0.058546 0.653172 -0.754943
-2.181433 -8.564894 -49.744234 18.825897 -0.623874 0.738216 0.256551 -0.571036 -0.654704 0.495258 -0.533572 -0.162479 -0.830001
-1.999988 -8.382375 53.434374 -38.307485 -0.622456 0.699113 0.351838 0.518099 0.705012 -0.484284 -0.586620 -0.119158 -0.801048
-2.398070 -8.652692 4.800258 19.481713 -0.624933 0.707226 0.330590 -0.598589 -0.705926 0.378630 -0.501149 -0.038731 -0.864494
-1.472469 -8.074353 25.676276 39.713998 -0.630739 0.701393 0.331989 -0.449076 -0.678827 0.580968 -0.632850 -0.217351 -0.743142
-1.245206 -8.273702 -35.748175 28.741666 -0.617923 0.748938 0.239297 -0.503478 -0.610690 0.611202 -0.603889 -0.257195 -0.754433
-0.904456 -12.077070 0.785428 -54.907147 -0.654898 0.634170 0.411019 -0.003778 0.541125 -0.840934 0.755708 0.552279 0.351986
-1.006036 -11.910962 11.895555 -26.387030 -0.655928 0.642020 0.396949 -0.076564 0.466582 -0.881158 0.750930 0.608368 0.256888
-1.143372 -12.655501 2.369187 -0.806858 -0.656933 0.626220 0.419866 -0.191995 0.399582 -0.896366 0.729094 0.669464 0.142267
-0.742574 -11.097117 6.534788 -91.444263 -0.650791 0.658486 0.377977 0.109359 0.573930 -0.811570 0.751340 0.486828 0.445520
-0.902441 -12.276087 -10.412360 19.256874 -0.661703 0.616376 0.426884 -0.153141 0.446245 -0.881711 0.733960 0.648804 0.200889
-0.909787 -11.965409 0.749295 -22.049105 -0.671370 0.609372 0.421815 -0.052812 0.528374 -0.847367 0.739238 0.591174 0.322553
-0.731185 -11.513613 -7.158251 -95.376990 -0.658785 0.627666 0.414774 0.106846 0.623787 -0.774257 0.744706 0.465751 0.478005
-0.575955 -10.582014 1.785152 -105.636479 -0.651187 0.664992 0.365705 0.220130 0.626667 -0.747550 0.726290 0.406293 0.554462
0.654205 -13.079658 0.299825 22.328827 -0.447560 0.802621 0.394322 0.652782 -0.008149 0.757502 -0.611200 -0.596434 0.520290
0.473632 -12.511563 16.451870 28.084084 -0.457576 0.821503 0.340230 0.662483 0.059758 0.746689 -0.593076 -0.567064 0.571576
0.851024 -12.421516 -4.989604 39.921302 0.468248 -0.807788 -0.358082 0.742270 0.139754 0.655365 -0.479353 -0.572667 0.665036
0.763368 -11.714949 -19.843985 53.355766 0.491316 -0.814541 -0.308434 0.756126 0.223124 0.615215 -0.432299 -0.535480 0.725520
0.870028 -12.851369 1.125616 59.751310 0.455834 -0.801213 -0.387651 0.734785 0.092956 0.671900 -0.502301 -0.591115 0.631092
1.095918 -12.256815 -3.959918 69.714918 0.466310 -0.803485 -0.370091 0.798176 0.201775 0.567629 -0.381406 -0.560088 0.735412
1.245351 -11.477902 -6.399170 65.926024 0.487956 -0.806404 -0.334081 0.812854 0.280339 0.510567 -0.318067 -0.520694 0.792282
-2.346586 -14.398903 -23.466418 69.265330 -0.794673 0.504683 0.337328 0.543641 0.838928 0.025566 -0.270091 0.203702 -0.941040
-2.517376 -14.442554 6.458178 36.321767 -0.772466 0.493465 0.399737 0.551880 0.833054 0.038089 -0.314207 0.250029 -0.915838
