19428
38844
-3.534808 -4.752437 -23.893107 33.330888 0.455749 0.692675 -0.559012 0.618067 0.205672 0.758744 0.640536 -0.691303 -0.334385
-3.224301 -5.316356 -18.049775 32.083739 0.303757 0.616052 -0.726781 0.773001 0.286575 0.565989 0.556956 -0.733726 -0.389160
-4.162389 -5.758932 -15.782250 -71.108628 0.680202 0.689558 -0.248667 -0.450464 0.125597 -0.883916 0.578280 -0.713257 -0.396052
-2.932328 -5.039415 -2.308642 33.237865 0.178319 0.523192 -0.833350 0.797393 0.419379 0.433919 0.576513 -0.741883 -0.342407
-2.551567 -6.945713 45.133504 -128.572054 0.663811 0.746531 -0.045232 -0.290029 0.201203 -0.935629 0.689375 -0.634199 -0.350076
-3.001604 -4.111460 -4.576461 -30.792191 0.504736 0.738121 -0.447681 -0.488846 -0.183048 -0.852950 0.711528 -0.649361 -0.268437
-2.596462 -4.417250 -3.324103 26.680790 0.166334 0.505367 -0.846721 0.729028 0.515165 0.450691 0.663966 -0.692249 -0.282737
1.649227 -4.254442 142.549952 36.160508 0.454027 0.437002 -0.776459 0.089877 0.844550 0.527880 0.886443 -0.309457 0.344172
0.183108 -5.311722 25.749138 -96.761258 0.528479 0.754173 -0.389787 0.127700 -0.524538 -0.841756 0.839287 -0.395074 0.373515
-0.340638 -7.540065 -24.793365 -212.206723 0.546833 0.685586 -0.480567 0.158552 -0.648400 -0.744606 0.822092 -0.330981 0.463268
0.427224 -3.904414 113.351430 -22.114802 0.498189 0.677850 -0.540673 -0.006979 -0.620409 -0.784247 0.867040 -0.394477 0.304351
0.484272 -5.581876 40.024625 33.490674 0.502575 0.242131 -0.829934 0.110697 0.934054 0.339542 0.857417 -0.262516 0.442630
0.426648 -7.272434 -62.461290 -15.782129 -0.326939 -0.672545 0.663923 0.938513 -0.313516 0.144570 0.110921 0.670366 0.733693
2.468889 -8.221914 -68.157990 -17.677005 -0.327511 -0.697278 0.637605 0.940025 -0.308552 0.145423 0.095334 0.646993 0.756513
1.743614 -7.481671 -79.939192 -5.600928 -0.408596 -0.651270 0.639451 0.911507 -0.255135 0.322583 -0.046942 0.714670 0.697884
-0.274940 -6.490932 -56.431369 2.115536 -0.460892 -0.628916 0.626133 0.883751 -0.260855 0.388509 -0.081010 0.732406 0.676031
-1.882900 -3.738336 -27.700607 11.134479 -0.003382 0.850339 -0.526225 0.335095 -0.494839 -0.801776 0.942178 0.179047 0.283271
-2.261698 -3.967398 -9.092710 7.170068 -0.072147 0.825674 -0.559516 0.412112 -0.486174 -0.770583 0.908272 0.286179 0.305194
-2.020490 -3.921967 -20.108835 7.276425 -0.000281 0.813226 -0.581949 0.444386 -0.521228 -0.728589 0.895835 0.258815 0.361240
-2.124635 -3.608889 -4.296519 11.949612 -0.058917 0.843369 -0.534095 0.283612 -0.498836 -0.818979 0.957127 0.199728 0.209800
-1.951558 -3.473708 -33.758725 -0.042078 0.002344 0.865138 -0.501529 0.228818 -0.488688 -0.841918 0.973466 0.112786 0.199105
-1.404505 -3.506410 -35.961481 3.293208 0.031520 0.848849 -0.527696 0.246872 -0.518212 -0.818847 0.968535 0.104463 0.225891
-0.892197 -12.750697 11.580645 -62.087733 -0.496210 0.230936 -0.836925 0.842034 0.362900 -0.399102 0.211553 -0.902758 -0.374531
-1.249830 -13.714746 9.699662 -24.306009 -0.483381 0.198531 -0.852601 0.767940 0.563721 -0.304118 0.420252 -0.801751 -0.424952
-1.332659 -12.820708 15.219600 -50.195726 -0.473711 0.207914 -0.855786 0.862676 0.305032 -0.403417 0.177166 -0.929369 -0.323860
-0.938473 -11.415422 13.361171 -65.291064 -0.490697 0.218265 -0.843550 0.871131 0.143599 -0.469585 0.018639 -0.965267 -0.260601
1.776534 -2.572008 35.023868 28.993680 0.859129 0.136168 -0.493312 0.220737 0.771072 0.597263 -0.461707 0.622018 -0.632393
1.320366 -1.884688 90.509246 -23.900867 0.863291 -0.021403 -0.504253 0.323501 0.790342 0.520295 -0.387396 0.612292 -0.689219
2.413954 -2.369857 49.900789 -11.425313 0.807255 0.000220 -0.590203 0.368882 0.780430 0.504831 -0.460723 0.625243 -0.629925
3.006701 -3.099905 -4.385816 47.986343 0.786138 0.152437 -0.598958 0.314115 0.736069 0.599612 -0.532277 0.659519 -0.530768
2.489533 -2.727143 -15.802443 61.793366 0.815070 0.203407 -0.542481 0.221486 0.755821 0.616181 -0.535354 0.622383 -0.570995
-1.372977 -3.375845 0.823011 20.587059 -0.082833 0.636448 -0.766859 -0.766362 -0.532581 -0.359232 0.637047 -0.557935 -0.531865
-1.327009 -2.871624 -0.391759 -27.084088 -0.048591 0.632367 -0.773143 0.817336 0.470093 0.333129 0.574109 -0.615731 -0.539698
-1.298036 -3.032387 4.549657 29.649813 -0.096182 0.652038 -0.752061 -0.809461 -0.490932 -0.322116 0.579242 -0.577782 -0.575018
-1.339206 -3.438451 13.473418 25.621399 -0.105902 0.671832 -0.733094 -0.770174 -0.521750 -0.366891 0.628981 -0.525755 -0.572682
-0.106144 -3.697352 -1.874616 -1.251336 0.389288 0.530989 -0.752666 -0.673252 0.721690 0.160922 0.628639 0.444089 0.638434
-0.055779 -3.525239 6.367296 -8.506604 0.391877 0.511973 -0.764406 -0.726502 0.681972 0.084316 0.564471 0.522301 0.639198
-0.082222 -3.707263 4.201895 -9.391266 0.376619 0.529790 -0.759922 -0.675093 0.718704 0.166477 0.634357 0.450319 0.628335
1.627485 -7.398834 -10.579132 19.362835 -0.528323 -0.489989 0.693388 0.228065 0.704755 0.671794 -0.817840 0.513061 -0.260589
1.502596 -6.890739 -13.284719 10.094031 -0.539361 -0.451702 0.710672 0.333056 0.660704 0.672714 -0.773410 0.599529 -0.205916
1.785445 -6.850289 -21.482957 18.195199 -0.528787 -0.473028 0.704719 0.337402 0.644721 0.685926 -0.778810 0.600482 -0.181319
1.244920 -7.254730 -14.726891 -1.325405 -0.574876 -0.439074 0.690457 0.225712 0.725996 0.649602 -0.786493 0.529285 -0.318254
1.952694 -7.284426 -9.483567 41.161027 -0.504493 -0.544506 0.670074 0.268471 0.638676 0.721121 -0.820616 0.543696 -0.176024
1.401763 -7.893591 0.997104 20.651829 -0.495188 -0.547399 0.674643 0.111073 0.730274 0.674065 -0.861656 0.408723 -0.300822
1.214642 -7.506818 -2.863270 -10.398701 -0.536750 -0.497809 0.681238 0.081675 0.772954 0.629183 -0.839779 0.393354 -0.374225
-0.295366 -7.849143 1.712358 39.944352 -0.092790 0.841197 -0.532707 0.705447 -0.322022 -0.631384 0.702662 0.434383 0.563540
-0.357648 -8.441643 7.401862 34.122272 -0.079107 0.831519 -0.549834 0.842751 -0.238823 -0.482425 0.532459 0.501537 0.681871
-0.341045 -7.782704 10.936840 67.375148 -0.107198 0.836222 -0.537812 0.722838 -0.305857 -0.619643 0.682653 0.455175 0.571665
-1.263990 -10.303381 -8.052089 61.465194 -0.068106 0.913328 -0.401490 0.923765 -0.094280 -0.371174 -0.376856 -0.396161 -0.837279
-1.077120 -8.977320 -21.213253 110.204784 -0.046508 0.907567 -0.417324 0.987849 -0.020235 -0.154095 -0.148296 -0.419420 -0.895598
-0.909312 -8.616167 -1.212953 112.644165 -0.086752 0.918440 -0.385930 0.986684 0.025710 -0.160607 -0.137585 -0.394724 -0.908440
-0.572524 -5.871007 -6.480833 118.642892 -0.082121 0.918637 -0.386474 0.992100 0.112252 0.056011 0.094836 -0.378821 -0.920598
-0.920854 -9.980913 -10.020200 60.434948 -0.106246 0.907104 -0.407276 0.928264 -0.056337 -0.367630 -0.356423 -0.417119 -0.836047
-0.264118 -6.107357 -5.161717 109.983190 -0.145538 0.909590 -0.389186 0.987475 0.157772 -0.000533 0.060918 -0.384389 -0.921159
-0.485707 -8.356328 -8.860618 103.549847 -0.129068 0.906725 -0.401487 0.981569 0.059274 -0.181683 -0.140939 -0.417536 -0.897663
0.233329 -4.284094 35.973802 14.410161 0.661709 0.741686 -0.109745 0.737590 -0.617689 0.272803 0.134545 -0.261463 -0.955790
-0.143814 -4.537443 50.649771 1.130832 0.612354 0.782306 -0.114103 0.758638 -0.540846 0.363254 0.222463 -0.309003 -0.924677
-0.554052 -4.086604 53.887278 -11.176807 0.704497 0.706168 -0.070787 -0.692421 0.662032 -0.286820 0.155680 -0.251079 -0.955366
0.063953 -3.835950 38.853603 0.181675 0.760438 0.646256 -0.063934 -0.646535 0.744139 -0.168078 0.061046 -0.169148 -0.983698
0.665377 -4.089968 20.235814 -10.893858 0.702932 0.702824 -0.109201 0.711128 -0.691537 0.126782 0.013589 -0.166775 -0.985901
0.854025 -6.383988 14.349508 33.647670 0.687991 0.723772 -0.053128 -0.514020 0.434311 -0.739701 0.512301 -0.536216 -0.670835
0.058820 -7.060411 71.698737 50.816748 0.666002 0.744418 0.047773 -0.462483 0.462317 -0.756553 0.585278 -0.481772 -0.652186
0.242839 -5.981355 55.011757 10.735710 0.655317 0.754700 -0.031429 -0.560418 0.457879 -0.690129 0.506450 -0.469867 -0.723003
-0.956109 -7.230846 117.926647 43.387393 0.645719 0.760263 0.071038 -0.484113 0.479561 -0.731885 0.590492 -0.438201 -0.677715
1.063595 -5.330267 -2.255329 -23.430572 0.669085 0.730557 -0.136423 -0.589668 0.410125 -0.695765 0.452346 -0.545971 -0.705195
-1.611920 -3.106478 -34.376174 0.332955 0.292359 0.593811 -0.749609 0.749132 0.345013 0.565479 0.594413 -0.726880 -0.343975
-2.225839 -3.467870 -45.896167 -7.822742 0.139139 0.540078 -0.830034 0.760437 0.478640 0.438908 0.634332 -0.692257 -0.344097
-1.674308 -3.577779 -23.901944 -27.835728 0.168744 0.547742 -0.819453 0.743372 0.475208 0.470718 0.647243 -0.688589 -0.326988
3.622065 -1.436145 9.761948 23.571427 -0.099785 0.313826 -0.944223 -0.086463 0.942634 0.322435 0.991245 0.113815 -0.066926
4.157386 -3.289986 11.102967 94.482640 -0.095713 0.272898 -0.957270 -0.104038 0.953675 0.282275 0.989957 0.126609 -0.062887
3.680752 -1.785660 -46.433571 71.754112 0.039424 0.225229 -0.973508 -0.104718 0.969832 0.220138 0.993720 0.093265 0.061821
2.838550 -0.820598 -38.346711 33.608254 0.109158 0.084944 -0.990388 -0.096155 0.992572 0.074533 0.989363 0.087095 0.116515
2.897327 -0.694962 -29.427789 -2.530988 0.007857 0.231107 -0.972897 -0.071541 0.970564 0.229975 0.997407 0.067795 0.024159
-0.237436 -9.193697 -35.340839 27.377848 0.462911 0.626517 -0.627049 0.567164 0.334293 0.752711 0.681204 -0.704077 -0.200590
0.034368 -8.823400 -16.470749 1.972695 0.466694 0.641540 -0.608789 0.699936 0.152864 0.697655 0.540635 -0.751704 -0.377696
-0.266071 -9.217587 -23.721802 12.875768 0.466920 0.649933 -0.599643 0.679634 0.170089 0.713559 0.565759 -0.740713 -0.362299
-0.673104 -9.401218 -28.821340 25.240196 0.465065 0.642127 -0.609416 0.598200 0.279511 0.751019 0.652588 -0.713826 -0.254130
-0.738535 -2.220286 -8.429167 10.402656 0.065207 0.827249 -0.558039 -0.142943 -0.545718 -0.825687 0.987581 -0.133609 -0.082665
-0.724667 -2.542649 0.513629 14.625831 0.030527 0.819668 -0.572025 -0.105030 -0.566493 -0.817346 0.994000 -0.085031 -0.068796
-0.706811 -2.559917 -2.519807 18.603774 0.047498 0.790291 -0.610887 -0.089577 -0.605744 -0.790602 0.994847 -0.092273 -0.042020
-0.681229 -2.301676 -7.897451 16.066379 0.068362 0.804547 -0.589941 -0.130256 -0.579065 -0.804809 0.989121 -0.131862 -0.065211
-0.618621 -2.473518 -2.062294 25.305038 0.061454 0.775672 -0.628137 -0.097094 -0.621696 -0.777217 0.993376 -0.108751 -0.037108
-0.643269 -2.951313 0.280255 13.463423 0.045285 0.759011 -0.649501 -0.001769 -0.650106 -0.759842 0.998973 -0.035558 0.028097
4.959012 -2.957167 -23.855116 -27.068969 0.919420 0.392017 0.031447 -0.389660 0.897228 0.207717 -0.053214 0.203233 -0.977683
4.344841 -2.489809 55.562051 -34.393699 -0.905779 -0.410660 0.104517 -0.387728 0.902690 0.186597 -0.170974 0.128492 -0.976861
5.039355 -2.127071 -29.036697 -43.130933 0.925716 0.378217 0.001085 -0.374230 0.915535 0.147466 -0.054781 0.136918 -0.989066
4.682279 -1.755271 0.665829 -56.359701 0.937001 0.341023 0.075713 -0.347134 0.933232 0.092605 0.039077 0.113054 -0.992820
4.974186 -2.527507 22.735856 -34.103287 0.923718 0.357164 0.138487 -0.377868 0.908934 0.176226 0.062934 0.215113 -0.974559
0.485474 -13.088813 -25.817765 -6.534788 -0.452232 0.189596 -0.871516 0.718526 -0.501457 -0.481935 -0.528401 -0.844153 0.090546
0.692591 -12.907930 -63.773622 30.243545 -0.399088 0.146215 -0.905180 0.870368 -0.250126 -0.424143 -0.288425 -0.957109 -0.027439
2.020693 -14.272288 -78.246569 44.884938 -0.418660 0.165197 -0.892991 0.833869 -0.319550 -0.450056 -0.359703 -0.933058 -0.003970
4.820841 -1.390210 44.398250 -3.405172 -0.399305 0.103545 -0.910952 0.888666 0.288043 -0.356796 0.225449 -0.952003 -0.207034
3.213873 -1.893166 41.434516 -25.647300 -0.254590 0.190944 -0.948011 0.935699 0.296225 -0.191619 0.244236 -0.935837 -0.254082
3.949746 -1.935799 81.378106 -13.022565 -0.300718 0.250003 -0.920362 0.935921 0.262892 -0.234391 0.183358 -0.931872 -0.313039
4.847587 -1.142364 -39.621377 -3.951391 -0.466929 -0.096473 -0.879016 0.830235 0.294399 -0.473328 0.304445 -0.950801 -0.057368
3.791455 -1.400138 2.179873 -22.815882 -0.378723 0.029556 -0.925038 0.888824 0.290232 -0.354623 0.257995 -0.956500 -0.136187
1.675781 -2.966138 14.452049 -12.818881 -0.045920 0.247598 -0.967774 0.918002 0.392479 0.056854 0.393908 -0.885808 -0.245318
2.636352 -2.274065 6.967322 -20.743046 -0.169668 0.184301 -0.968115 0.931704 0.350128 -0.096632 0.321155 -0.918392 -0.231119
1.901680 -2.373928 2.139280 -21.946682 -0.190964 0.133740 -0.972444 0.912647 0.388930 -0.125732 0.361398 -0.911508 -0.196329
2.729052 -1.819336 -3.442548 -21.338602 -0.308757 0.066407 -0.948820 0.898709 0.347003 -0.268164 0.311435 -0.935510 -0.166820
14.657290 -89.820380 430.168623 -2785.880178 -0.385465 0.886177 -0.257112 -0.821241 -0.456525 -0.342269 0.420689 -0.079218 -0.903740
5.792458 -94.446287 162.329635 -2931.570522 -0.403110 0.899634 -0.167811 -0.821635 -0.436533 -0.366544 0.403011 0.009878 -0.915142
111.728171 -195.296432 4623.725159 -9077.129952 -0.422272 0.876053 -0.232847 0.906356 0.403995 -0.123718 -0.014315 -0.263285 -0.964612
-0.894978 -90.236270 4.729389 -1141.130877 -0.544987 0.828954 -0.125791 0.792527 0.460342 -0.399983 -0.273661 -0.317678 -0.907849
1.875068 -1.911230 -78.938004 38.193436 0.681531 0.597659 -0.422278 -0.588361 0.104391 -0.801831 0.435139 -0.794926 -0.422785
4.274259 -2.600307 -152.335618 41.032226 0.719512 0.605650 -0.339841 -0.505410 0.121037 -0.854348 0.476303 -0.786472 -0.393188
5.008750 -3.175772 -148.115571 57.302297 0.637163 0.633245 -0.439345 -0.627941 0.095992 -0.772318 0.446893 -0.767975 -0.458803
4.091455 -1.871491 -120.265492 -7.092766 0.526480 0.610845 -0.591344 0.730059 0.031629 0.682652 0.435698 -0.791118 -0.429301
1.381091 -1.172494 -67.121946 -8.173434 0.570487 0.594275 -0.566906 0.700843 0.007635 0.713274 0.428209 -0.804226 -0.412138
-0.339465 -3.525325 14.743100 0.063675 -0.314039 -0.746323 0.586840 0.946437 -0.294971 0.131337 0.075082 0.596652 0.798980
-0.602345 -3.693491 14.601636 -0.017640 -0.312431 -0.741468 0.593811 0.946509 -0.296072 0.128308 0.080675 0.602134 0.794308
-0.361422 -3.524845 6.000732 -3.527915 -0.311503 -0.734583 0.602788 0.950174 -0.233022 0.207051 -0.011634 0.637250 0.770569
6.731822 -3.683005 -125.830786 38.862342 0.597631 0.734886 -0.320593 -0.535769 0.068568 -0.841576 0.596480 -0.674716 -0.434707
7.652683 -5.197825 30.740985 52.630398 0.340879 0.913220 -0.223227 -0.642922 0.053212 -0.764081 0.685896 -0.403977 -0.605269
6.627275 -3.525843 -119.371533 -28.816552 0.462157 0.754641 -0.465755 0.722244 -0.015555 0.691463 0.514562 -0.655954 -0.552224
0.990448 -2.519498 4.046857 -18.478066 0.041675 -0.674734 0.736884 0.965961 0.215670 0.142849 -0.255308 0.705848 0.660754
0.933172 -1.893281 7.274321 -18.256127 0.052941 -0.679104 0.732131 0.949488 0.261321 0.173736 -0.309306 0.685951 0.658635
1.027318 -2.204622 -6.132955 -18.679672 0.039144 -0.648497 0.760210 0.955780 0.246214 0.160818 -0.291465 0.720299 0.629459
1.027623 -2.750451 -17.673435 -17.524604 0.021254 -0.638390 0.769420 0.973101 0.189793 0.130591 -0.229398 0.745947 0.625252
1.037712 -2.981917 4.938211 -14.047289 0.033817 -0.677545 0.734703 0.983717 0.152401 0.095265 -0.176516 0.719519 0.671666
-0.996410 -10.027622 -12.414676 51.381030 -0.120710 0.899546 -0.419818 -0.663214 0.241597 0.708363 -0.738632 -0.363935 -0.567428
-1.126423 -9.298275 -6.670137 49.786477 -0.105095 0.898991 -0.425170 -0.489249 0.325478 0.809135 -0.865789 -0.293050 -0.405624
-1.355589 -10.021011 -10.890995 69.479075 -0.087495 0.904678 -0.417017 -0.567787 0.298677 0.767079 -0.818512 -0.303892 -0.487532
-1.188304 -10.412043 -14.478829 27.127635 -0.094653 0.901061 -0.423237 -0.778042 0.198266 0.596106 -0.621041 -0.385719 -0.682297
0.600597 -4.739795 1.840288 10.169005 0.684009 0.705130 -0.186878 -0.653497 0.478480 -0.586514 0.324151 -0.523305 -0.788085
0.719483 -4.734142 3.031017 -9.397615 0.667111 0.718607 -0.196386 0.715716 -0.545117 0.436574 0.206672 -0.431800 -0.877972
0.783179 -4.533210 14.768753 -12.427692 0.671923 0.711771 -0.204698 0.689277 -0.499866 0.524434 0.270955 -0.493473 -0.826479
0.813356 -4.561244 20.026370 9.011966 0.675002 0.711734 -0.194439 -0.651833 0.451794 -0.609094 0.345667 -0.537881 -0.768894
0.831852 -4.450048 9.254740 5.220179 0.706559 0.684994 -0.177642 -0.583646 0.422130 -0.693660 0.400165 -0.593792 -0.698054
0.562395 -4.819664 -6.880682 -2.730782 0.696936 0.693186 -0.183773 -0.594152 0.414638 -0.689245 0.401576 -0.589550 -0.700834
1.592211 -7.443883 53.746210 39.494442 0.270903 0.659633 -0.701068 -0.431872 0.734175 0.523902 0.860290 0.160845 0.483767
1.511637 -7.676171 37.021057 40.968734 0.330212 0.676606 -0.658152 -0.298006 0.736332 0.607460 0.895629 -0.004457 0.444779
1.345920 -7.796718 20.437184 19.075835 0.360015 0.655735 -0.663627 -0.429517 0.747952 0.506046 0.828193 0.102855 0.550924
0.973490 -7.947532 24.537784 27.817110 0.318555 0.644228 -0.695337 -0.196404 0.762491 0.616468 0.927334 -0.059812 0.369425
0.728089 -8.521591 20.705149 -40.897902 0.425563 0.566141 -0.705960 -0.488145 0.800510 0.347704 0.761978 0.196641 0.617026
1.345440 -7.031638 58.712891 19.403549 0.292806 0.625776 -0.722958 -0.567662 0.722198 0.395209 0.769431 0.294677 0.566694
1.236732 -8.372846 -6.547148 50.895909 0.318230 0.642864 -0.696746 -0.270976 0.765973 0.582972 0.908461 0.003282 0.417957
-0.442165 -6.966496 -8.747001 -194.817572 0.640007 -0.012350 -0.768270 0.559101 0.693348 0.454614 -0.527064 0.720497 -0.450653
-5.230257 -76.274308 60.852353 -2532.774796 0.732722 0.074911 -0.676392 0.495068 0.623287 0.605327 -0.466932 0.778397 -0.419611
-0.703790 -6.419132 6.258905 -103.152669 -0.587926 0.081843 0.804764 0.627789 0.673554 0.390136 -0.510122 0.734593 -0.447380
-1.158727 -28.526523 -48.680077 -911.826070 0.779950 0.182182 -0.598738 0.376657 0.627386 0.681554 -0.499807 0.757097 -0.420710
0.413428 -3.896019 -7.380884 -7.463989 -0.483799 0.169012 0.858705 0.678434 0.692258 0.245982 -0.552871 0.701580 -0.449577
0.099612 -6.619106 -12.477403 -110.372583 0.644156 0.006521 -0.764866 0.528708 0.718825 0.451396 -0.552749 0.695160 -0.459588
10.891722 -6.439467 171.965572 -28.045621 -0.195431 0.977457 -0.079899 -0.855315 -0.130014 0.501531 -0.479837 -0.166354 -0.861443
8.175003 -6.040527 -100.142681 -40.451850 -0.137297 0.988555 -0.062522 -0.884098 -0.093837 0.457782 -0.446676 -0.118128 -0.886863
9.343549 -6.658291 -0.869244 -8.038013 -0.156068 0.986163 -0.055913 -0.775705 -0.087324 0.625025 -0.611494 -0.140918 -0.778600
12.548003 -6.968042 190.361596 17.562565 -0.186270 0.981101 -0.052388 -0.624183 -0.076991 0.777475 -0.758748 -0.177520 -0.626728
15.437616 -6.672638 265.107206 8.104512 -0.240360 0.965360 -0.101520 -0.731730 -0.111476 0.672416 -0.637807 -0.235907 -0.733178
-3.084288 -4.771305 25.952178 13.554813 -0.291051 0.392240 0.872604 -0.295964 0.830434 -0.472001 -0.909777 -0.395636 -0.125609
-3.099319 -4.908860 12.406597 -3.324025 -0.272655 0.389580 0.879708 -0.409253 0.780544 -0.472508 -0.870730 -0.488855 -0.053382
-2.961992 -4.656168 12.892525 12.143361 -0.273856 0.486599 0.829593 -0.250771 0.796605 -0.550032 -0.928502 -0.358667 -0.096130
-2.854308 -4.579474 20.273250 15.025212 -0.294441 0.475417 0.829025 -0.162892 0.829820 -0.533727 -0.941685 -0.292193 -0.166891
1.987013 -2.426925 18.331345 -12.324342 0.239202 0.924773 -0.295934 0.961557 -0.267947 -0.060095 -0.134869 -0.270183 -0.953316
1.878070 -2.975378 33.693102 -26.603637 0.258436 0.930091 -0.261040 0.963545 -0.267547 0.000658 -0.069228 -0.251694 -0.965328
1.519663 -2.576058 52.725160 -11.389126 0.183984 0.958349 -0.218444 0.976208 -0.204101 -0.073216 -0.114751 -0.199777 -0.973099
1.500316 -2.199903 29.743922 -1.383699 0.165660 0.954270 -0.248847 0.973232 -0.198954 -0.115053 -0.159300 -0.223126 -0.961685
1.727688 -2.116198 3.083674 1.040936 0.244622 0.914312 -0.322792 0.953461 -0.287346 -0.091348 -0.176274 -0.285423 -0.942052
-2.118954 -5.074891 -47.870393 23.460751 0.060173 -0.663147 0.746067 -0.310415 0.697930 0.645396 -0.948695 -0.270425 -0.163854
-0.266640 -4.392822 -85.219207 22.521982 -0.081673 -0.414627 0.906319 -0.255256 0.887729 0.383120 -0.963418 -0.200053 -0.178340
0.612503 -4.733957 -101.887113 24.527072 -0.095346 -0.442429 0.891721 -0.373381 0.846293 0.379967 -0.922765 -0.296723 -0.245885
-0.803621 -4.491763 18.330743 10.576017 0.253734 -0.533242 0.807014 0.629042 0.724762 0.281115 -0.734796 0.436318 0.519329
-1.285590 -4.503264 11.009367 18.818354 0.266017 -0.465511 0.844117 0.617046 0.754993 0.221903 -0.740601 0.461829 0.488083
-0.858819 -4.609993 27.406669 2.638206 0.274273 -0.506388 0.817524 0.538363 0.785274 0.305795 -0.796831 0.356254 0.488000
-0.237816 -4.461608 34.846110 -4.799401 0.246350 -0.579818 0.776610 0.531113 0.751038 0.392251 -0.810698 0.315836 0.492967
-0.195060 -4.408088 23.753504 -4.700915 0.221577 -0.596420 0.771483 0.591893 0.710998 0.379663 -0.774962 0.372511 0.510558
-0.371754 -4.250854 17.061066 1.518915 0.206612 -0.602721 0.770739 0.667364 0.662865 0.339462 -0.715497 0.444227 0.539190
-0.214540 -6.323093 5.676217 40.747537 -0.471301 -0.503999 -0.723782 0.861735 -0.088353 -0.499606 0.187852 -0.859174 0.475954
-0.359598 -5.749782 6.654142 6.399059 -0.472565 -0.501119 -0.724957 0.879977 -0.223316 -0.419250 0.048199 -0.836068 0.546505
-0.218590 -6.264700 1.075972 42.347625 -0.455729 -0.506088 -0.732247 0.869045 -0.075032 -0.489009 0.192540 -0.859212 0.474008
0.642136 -5.456501 -6.306426 -2.441030 0.513119 0.729493 0.452271 -0.693118 0.662963 -0.282960 0.506257 0.168285 -0.845804
0.696561 -5.572657 6.525795 1.153268 0.481767 0.732409 0.481121 -0.712570 0.646990 -0.271384 0.510044 0.212088 -0.833591
0.639702 -5.758589 -5.154276 -5.366851 0.476446 0.749672 0.459338 -0.794091 0.591176 -0.141174 0.377384 0.297494 -0.876971
0.760765 -5.609140 -0.743049 -2.076922 0.472432 0.739638 0.479315 -0.754082 0.620730 -0.214604 0.456254 0.260057 -0.851001
0.519233 -5.491769 -8.802852 -6.687592 0.507998 0.741501 0.438309 -0.764862 0.622342 -0.166363 0.396136 0.250734 -0.883294
1.692369 -6.157525 32.121942 -40.097090 -0.632969 0.130230 -0.763145 0.374791 0.914082 -0.154873 0.677408 -0.384050 -0.627395
2.171552 -6.976222 23.618386 -58.926447 -0.581097 0.146702 -0.800503 0.371739 0.922857 -0.100727 0.723973 -0.356110 -0.590804
2.376556 -8.579278 26.657920 -106.753568 -0.622508 0.106785 -0.775294 0.256307 0.963831 -0.073044 0.739453 -0.244184 -0.627362
1.238476 -6.700156 29.339179 -61.709210 -0.671516 0.056720 -0.738816 0.261581 0.951018 -0.164741 0.693284 -0.303887 -0.653461
-0.319770 -9.705692 13.923815 84.340876 0.326466 0.054394 0.943642 -0.293147 0.954942 0.046373 -0.898601 -0.291765 0.327702
-0.541275 -11.011074 11.428292 115.609805 0.329739 0.043312 0.943078 -0.271989 0.960950 0.050966 -0.904043 -0.273313 0.328643
-0.337747 -10.926528 15.596931 95.938274 0.361263 0.001210 0.932463 -0.458591 0.870935 0.176542 -0.811901 -0.491397 0.315192
0.105773 -7.071685 -96.107800 79.172465 -0.269288 -0.472307 -0.839291 0.867327 0.259860 -0.424519 0.418602 -0.842258 0.339668
-1.404906 -8.016397 -32.094086 38.792579 -0.257875 -0.391479 -0.883315 0.929483 0.149049 -0.337411 0.263747 -0.908036 0.325437
-1.260549 -6.669841 -63.419340 65.990385 -0.358229 -0.435916 -0.825620 0.800257 0.312125 -0.512022 0.480895 -0.844130 0.237033
-1.699949 -7.980941 -11.476591 28.785809 -0.358240 -0.355531 -0.863285 0.903095 0.102586 -0.417008 0.236821 -0.929018 0.284328
1.863206 -5.131567 -147.249457 57.996141 -0.397732 -0.550730 -0.733830 0.708885 0.323316 -0.626856 0.582487 -0.769521 0.261812
-2.192086 -7.177320 -2.693215 52.267935 -0.410927 -0.346578 -0.843221 0.809824 0.286037 -0.512218 0.418716 -0.893346 0.163127
-2.085200 -5.575894 -41.196284 59.500465 -0.455208 -0.433374 -0.777800 0.666743 0.413052 -0.620356 0.590118 -0.800984 0.100925
-0.192340 -4.847205 -132.449334 43.590601 -0.462666 -0.563711 -0.684229 0.612840 0.354330 -0.706313 0.640599 -0.746110 0.181528
0.192526 -9.029244 -12.687219 -11.171390 0.398658 0.525747 0.751440 -0.704015 0.700541 -0.116638 -0.587737 -0.482526 0.649410
0.073062 -9.205099 -10.526527 0.910820 0.397087 0.525975 0.752112 -0.616372 0.760011 -0.206077 -0.680005 -0.381750 0.625987
0.221308 -9.094424 9.175534 5.980009 -0.399983 -0.525388 -0.750987 0.753080 -0.655418 0.057431 -0.522384 -0.542582 0.657814
0.281986 -8.779030 -2.118749 21.804930 -0.410708 -0.535950 -0.737615 0.806033 -0.591567 -0.018972 -0.426181 -0.602334 0.674955
0.026435 -4.473818 8.044730 23.105094 0.415185 0.724161 0.550647 -0.539346 -0.291502 0.790021 -0.732617 0.624994 -0.269546
-0.014295 -4.446856 2.474107 27.642056 0.406944 0.734664 0.542831 -0.499262 -0.318759 0.805686 -0.764941 0.598884 -0.237072
0.081233 -3.829237 4.733999 23.832782 0.393672 0.720049 0.571447 -0.432677 -0.403336 0.806295 -0.811057 0.564668 -0.152766
0.074090 -3.963088 0.048784 28.343936 0.389803 0.720837 0.573104 -0.479425 -0.372497 0.794605 -0.786260 0.584500 -0.200387
4.167853 -2.240563 -62.632143 -39.066967 -0.914512 -0.306789 -0.263720 -0.345659 0.931247 0.115323 0.210209 0.196621 -0.957681
3.999333 -1.597367 -52.559166 -11.238530 -0.932876 -0.243207 -0.265692 -0.278894 0.954509 0.105501 0.227947 0.172519 -0.958268
2.925942 -2.401868 -64.982107 -21.464309 -0.894228 -0.275593 -0.352711 -0.328218 0.939500 0.098047 0.304351 0.203443 -0.930581
0.419687 -12.330016 32.575570 19.081429 -0.600215 -0.308603 -0.737906 0.043004 0.908784 -0.415046 0.798682 -0.280850 -0.532195
0.308856 -11.216338 15.308251 27.996370 -0.584371 -0.355905 -0.729275 -0.196542 0.934008 -0.298331 0.787326 -0.031003 -0.615757
-0.021578 -11.840294 32.498350 29.484606 -0.604091 -0.313575 -0.732629 0.032229 0.908965 -0.415624 0.796263 -0.274687 -0.538992
-0.682743 -11.816930 3.195253 31.149089 -0.585291 -0.331706 -0.739869 0.168071 0.843040 -0.510917 0.793213 -0.423385 -0.437674
-0.123457 -11.838637 25.236485 -7.677953 -0.596830 -0.301694 -0.743488 0.248648 0.811459 -0.528875 0.762869 -0.500515 -0.409287
1.193029 -10.668688 13.967537 39.267588 0.500717 0.473683 0.724505 0.862300 -0.199813 -0.465310 -0.075644 0.857729 -0.508506
0.542549 -10.554379 29.332856 -42.206038 0.504087 0.448561 0.738031 0.862858 -0.298215 -0.408097 0.037036 0.842533 -0.537371
0.776378 -10.560882 45.245857 54.400254 0.516858 0.424611 0.743346 0.850160 -0.152723 -0.503888 -0.100430 0.892402 -0.439924
1.270533 -11.710533 22.297661 81.143355 0.508894 0.446667 0.735877 0.810768 0.038568 -0.584096 -0.289278 0.893868 -0.342517
0.663994 -11.234431 56.700332 98.678546 0.534716 0.403511 0.742467 0.807357 0.015480 -0.589861 -0.249509 0.914844 -0.317500
-0.808433 -2.909676 -6.068137 -0.708952 -0.537939 0.699680 -0.470180 0.362853 0.695630 0.620030 -0.760893 -0.162932 0.628088
-1.068647 -2.808989 15.873157 1.199466 0.543595 -0.679394 0.492877 0.405872 0.726763 0.554150 -0.734692 -0.101188 0.670812
-1.102489 -2.867418 16.236050 -2.177035 0.555888 -0.633669 0.538008 0.304762 0.757514 0.577314 -0.773375 -0.156958 0.614212
-0.707822 -2.908299 8.892683 -1.229102 0.552932 -0.653258 0.517223 0.272170 0.728300 0.628890 -0.787521 -0.206961 0.580498
-0.601607 -3.158501 1.294320 6.331091 0.552723 -0.664663 0.502713 0.264416 0.711934 0.650565 -0.790304 -0.226657 0.569250
-0.449235 -10.329022 6.863504 -67.194546 0.454491 0.531253 0.714988 0.186684 0.728044 -0.659622 -0.870969 0.433269 0.231713
-0.559475 -10.729791 -5.664316 -80.480237 0.449360 0.546799 0.706461 0.205627 0.706257 -0.677435 -0.869364 0.449679 0.204927
-0.342749 -11.120937 9.329684 23.081922 0.443438 0.524319 0.726948 0.445602 0.574754 -0.686365 -0.777690 0.628289 0.021230
-1.173359 -191.708832 21.219143 -14267.343897 0.451672 0.626355 0.635352 0.501382 0.410846 -0.761460 0.737977 -0.662484 0.128475
23.502202 -403.333389 -517.060325 -47118.961975 -0.265845 -0.690459 -0.672750 0.960438 -0.129629 -0.246487 0.082982 -0.711662 0.697604
-4.299478 -271.443941 -70.124754 13131.128531 -0.262916 -0.638240 -0.723551 0.938965 -0.341707 -0.039773 -0.221857 -0.689845 0.689125
4.719039 -240.114135 88.273882 -11129.859674 0.397398 0.695907 0.598154 0.485955 0.393335 -0.780471 0.778410 -0.600834 0.181869
-116.472943 -501.366498 3333.024620 29300.519171 0.365391 0.596083 0.714964 0.617019 0.420000 -0.665499 0.696977 -0.684314 0.214330
2.226628 -3.876455 -26.441712 -23.954236 0.069670 0.758247 -0.648234 0.996263 -0.086141 0.006315 -0.051051 -0.646252 -0.761415
2.144206 -3.825131 19.723279 -11.200864 0.105517 0.809852 -0.577067 0.994356 -0.079448 0.070322 0.011103 -0.581230 -0.813664
2.406610 -3.351467 13.860764 -24.683037 0.145324 0.809049 -0.569491 0.982671 -0.184968 -0.012015 -0.115058 -0.557876 -0.821910
1.973549 -3.071446 49.528206 -19.800457 0.216538 0.841165 -0.495533 0.968774 -0.247933 0.002469 -0.120783 -0.480594 -0.868586
2.913903 -2.677153 49.621128 -20.105625 0.186175 0.831671 -0.523127 0.966161 -0.251714 -0.056330 -0.178526 -0.494938 -0.850391
3.070016 -2.780925 2.017591 -26.843050 0.118424 0.786663 -0.605918 0.972757 -0.214386 -0.088216 -0.199297 -0.578964 -0.790621
0.197087 -3.180831 -10.122248 -30.588670 0.626519 0.630629 0.458019 0.194142 0.442858 -0.875320 0.754840 -0.637325 -0.155027
0.063727 -3.571786 -3.684133 17.101273 0.591746 0.603887 0.534001 0.261766 0.482586 -0.835816 0.762440 -0.634374 -0.127491
0.248213 -3.329240 -4.881662 -25.584777 0.603332 0.617402 0.504782 0.209910 0.487700 -0.847400 0.769369 -0.617222 -0.164646
-0.040286 -12.207546 12.884553 -1.148359 -0.610335 -0.101749 -0.785582 0.058813 0.983159 -0.173032 0.789957 -0.151810 -0.594072
-0.585343 -11.088228 26.015981 -23.414808 -0.618543 -0.071904 -0.782454 0.231043 0.935139 -0.268578 0.751015 -0.346908 -0.561811
-0.074446 -11.145448 8.200363 -66.211045 -0.609704 -0.084533 -0.788109 0.302470 0.894241 -0.329916 0.732648 -0.439530 -0.519654
0.131662 -3.092295 -21.550462 17.892145 -0.114277 0.676850 -0.727197 0.762962 0.528605 0.372110 -0.636262 0.512300 0.576818
0.793509 -3.062479 -24.416201 19.087005 -0.122113 0.658162 -0.742907 0.774126 0.531594 0.343709 -0.621141 0.533133 0.574415
0.191868 -2.568400 -20.047080 18.011370 -0.100556 0.687250 -0.719428 0.813184 0.473398 0.338564 -0.573254 0.550983 0.606464
-0.132355 -2.773435 -15.717567 15.331625 -0.080926 0.695972 -0.713494 0.793308 0.478349 0.376623 -0.603418 0.535542 0.590831
0.267504 -2.013127 16.016697 20.094731 0.086936 -0.688742 0.719775 0.851843 0.426012 0.304757 -0.516532 0.586642 0.623736
-0.256971 -2.134000 12.960105 20.925762 0.069669 -0.692803 0.717753 0.847808 0.420289 0.323386 -0.525707 0.585987 0.616646
0.584026 -34.542628 -22.226286 951.957253 0.379075 0.871128 -0.312150 0.494588 0.094370 0.863989 -0.782103 0.481902 0.395077
1.087485 -9.399420 -11.431313 165.102104 0.469576 0.881240 -0.053978 0.471706 -0.198733 0.859069 -0.746319 0.428860 0.509006
0.596676 -27.542805 -48.716623 930.083558 0.345693 0.874496 -0.340225 0.533804 0.114919 0.837763 -0.771719 0.471223 0.427082
0.749995 -70.631922 -13.552073 1911.087410 0.356489 0.842987 -0.402850 0.336075 0.286618 0.897164 -0.871762 0.455217 0.181131
-1.646926 -6.975290 -12.403751 -36.971157 -0.596262 -0.768606 -0.231768 0.696984 -0.352374 -0.624537 0.398354 -0.533926 0.745813
-1.504496 -6.455349 23.631337 16.187597 0.622557 0.767366 0.153532 0.541202 -0.280463 -0.792742 0.565263 -0.576619 0.589905
7.293884 -5.633266 306.147448 -5.197230 0.349712 0.885297 0.306513 0.806418 -0.117926 -0.579468 0.476856 -0.449824 0.755160
14.334707 -6.139350 -499.648965 32.665962 -0.236552 -0.909843 -0.340923 0.887847 -0.059882 -0.456226 0.394679 -0.410609 0.821966
40.851758 -6.596179 1272.376834 94.357098 0.139806 0.931157 0.336750 0.897977 0.024078 -0.439383 0.417243 -0.363822 0.832792
20.561223 -4.759051 702.006496 24.608835 0.247735 0.911662 0.327873 0.813100 -0.011637 -0.582007 0.526778 -0.410777 0.744155
-4.323644 -5.982855 -34.716296 27.357580 0.472238 0.659524 -0.584824 0.738524 0.066171 0.670972 0.481220 -0.748765 -0.455826
-3.146038 -5.726465 4.258913 23.688642 0.277636 0.563041 -0.778398 0.849131 0.235144 0.472952 0.449327 -0.792270 -0.412812
1.969197 -3.176545 31.533763 12.592706 0.223940 0.713749 -0.663636 0.434039 -0.682713 -0.587803 0.872617 0.156411 0.462682
2.433424 -3.343108 2.685220 15.357583 0.267963 0.752248 -0.601929 0.408407 -0.654557 -0.636206 0.872582 0.075352 0.482621
2.855218 -3.860606 -16.614642 -11.356787 0.295288 0.739413 -0.605040 0.479098 -0.662500 -0.575811 0.826601 0.119843 0.549880
1.325016 -0.824626 53.686731 88.182915 0.150701 0.833574 -0.531453 0.361066 -0.546865 -0.755361 0.920283 0.078056 0.383388
2.324038 -3.834811 29.456370 -4.053177 0.241397 0.704881 -0.666985 0.514809 -0.675643 -0.527710 0.822617 0.215982 0.525978
1.340352 -3.797109 78.115519 20.300020 0.188436 0.659415 -0.727780 -0.462647 0.713279 0.526489 0.866285 0.237496 0.439484
0.986258 -3.109389 74.917998 -27.459543 0.168473 0.680990 -0.712649 -0.382585 0.711480 0.589428 0.908430 0.173346 0.380402
11.152452 -36.886919 402.927183 -1850.964283 0.418809 0.834763 -0.357450 -0.712137 0.057685 -0.699666 0.563436 -0.547580 -0.618625
8.100683 -13.046260 810.174715 -433.432426 0.164645 0.986304 0.009781 -0.830507 0.143974 -0.538079 0.532118 -0.080469 -0.842838
3.007498 -12.754144 308.687482 336.805687 0.503921 0.841778 -0.193579 0.834836 -0.417162 0.359200 0.221613 -0.342615 -0.912964
5.248177 -18.092695 -47.787098 192.048973 0.465119 0.646090 -0.605171 0.882300 -0.394077 0.257390 -0.072187 -0.653660 -0.753338
-1.414521 -7.560394 202.815833 -6.843966 0.277158 0.916155 -0.289557 0.958491 -0.242640 0.149739 0.066926 -0.319039 -0.945376
-1.352258 -7.778811 184.213106 -74.602399 0.423663 0.861145 -0.280960 0.902345 -0.428367 0.047707 -0.079272 -0.273735 -0.958533
3.853017 -14.422473 211.951286 343.031680 0.408376 0.864743 -0.292316 -0.867444 0.467346 0.170673 -0.284201 -0.183869 -0.940969
-5.531493 -26.353107 191.398102 1021.983318 0.249649 0.963829 -0.093319 -0.348966 -0.000346 -0.937135 0.903271 -0.266520 -0.336257
-5.174341 -53.920596 -38.826124 2030.254463 0.499538 0.832540 -0.239455 -0.366098 -0.047637 -0.929356 0.785133 -0.551913 -0.280995
-0.200442 -15.944342 -31.941616 782.101298 0.511928 0.858865 0.016765 -0.229913 0.155792 -0.960661 0.827690 -0.487934 -0.277218
-12.055423 -59.339299 31.195162 1783.859839 0.323524 0.944593 -0.055467 -0.263599 0.033674 -0.964044 0.908762 -0.326512 -0.259888
-9.659243 -64.310437 358.184638 2423.421547 0.171119 0.972611 -0.157311 -0.442785 -0.066717 -0.894142 0.880148 -0.222660 -0.419241
-2.086595 -4.065804 -16.727880 -4.941981 0.002853 0.771548 -0.636164 0.549374 -0.532775 -0.643692 0.835571 0.347656 0.425389
-2.253819 -3.767837 11.708245 18.569352 -0.103498 0.805807 -0.583064 0.311948 -0.530337 -0.788309 0.944445 0.263474 0.196481
-2.210472 -4.238300 2.225317 -0.251148 -0.090416 0.778403 -0.621220 0.502853 -0.502738 -0.703131 0.859630 0.375957 0.345967
-1.797799 -3.981608 24.406110 12.508933 -0.107281 0.740225 -0.663745 0.410285 -0.575142 -0.707727 0.905625 0.348250 0.242002
-0.686142 -13.009519 -1.673811 69.997127 0.549752 -0.323344 0.770209 0.604959 -0.481701 -0.634026 0.576018 0.814502 -0.069206
-0.799129 -13.690911 -1.886069 -48.251722 0.537527 -0.329988 0.775998 0.740966 -0.254458 -0.621466 0.402535 0.909043 0.107732
-0.828126 -12.452205 -3.624241 57.959413 0.541430 -0.336732 0.770367 0.616151 -0.464500 -0.636080 0.572024 0.819055 -0.044017
-0.760879 -13.368924 3.818143 -33.687286 0.527918 -0.342118 0.777340 0.758607 -0.221576 -0.612715 0.381861 0.913159 0.142559
-0.659609 -11.234043 -0.333866 -159.947932 -0.550360 0.330448 -0.766752 -0.409875 0.693140 0.592924 0.727397 0.640594 -0.246034
-0.650023 -11.552481 9.692386 -130.426966 0.533215 -0.359516 0.765787 -0.483066 0.613730 0.624487 0.694499 0.702911 -0.153580
-0.576375 -12.675409 9.596426 46.567425 0.527485 -0.363031 0.768094 0.635690 -0.431136 -0.640328 0.563612 0.826033 0.003358
2.340766 -2.272628 -64.415871 -32.949538 0.838667 0.543525 -0.034907 -0.361986 0.604144 0.709913 -0.406944 0.582745 -0.703424
5.276548 -2.572131 -99.632325 2.082440 0.869765 0.493142 -0.017876 -0.334523 0.615862 0.713308 -0.362771 0.614431 -0.700622
5.926546 -2.566180 -146.119269 10.597039 0.822247 0.568944 -0.014599 -0.356117 0.534336 0.766593 -0.443949 0.625130 -0.641967
3.280163 -2.819622 -136.094286 -15.473950 0.793139 0.608280 -0.030430 -0.355018 0.502351 0.788420 -0.494867 0.614523 -0.614384
1.960024 -3.101534 4.560584 12.931027 -0.007952 0.720062 -0.693865 -0.785753 -0.433674 -0.441042 0.618489 -0.541699 -0.569239
2.004122 -2.826703 -13.163827 15.826488 0.023362 0.683348 -0.729719 -0.799638 -0.425318 -0.423891 0.600028 -0.593414 -0.536495
2.059090 -3.104071 -8.744542 2.912577 0.033941 0.710034 -0.703349 -0.735253 -0.458936 -0.498779 0.676943 -0.534068 -0.506478
2.034654 -2.737921 3.183947 -15.374604 -0.045975 0.685701 -0.726430 0.836954 0.423431 0.346721 0.545339 -0.592048 -0.593367
1.957288 -3.270738 6.814184 4.356096 0.032867 0.739223 -0.672659 -0.711344 -0.455466 -0.535294 0.702075 -0.496085 -0.510872
1.544836 -3.487121 29.264986 11.589879 -0.012766 0.774517 -0.632424 -0.725365 -0.442508 -0.527288 0.688247 -0.452006 -0.567457
1.810087 -3.016278 33.076588 5.741089 -0.099296 0.720427 -0.686386 -0.827233 -0.443127 -0.345432 0.553015 -0.533501 -0.639962
1.822173 -6.267578 -27.345890 21.963483 -0.551470 -0.453608 0.700086 0.427131 0.567335 0.704053 -0.716547 0.687293 -0.119118
1.335358 -6.689279 -16.092917 20.578429 -0.570045 -0.422517 0.704648 0.393020 0.612924 0.685463 -0.721515 0.667685 -0.183337
-0.703655 -7.642906 -13.219859 -80.974375 -0.022262 0.935040 -0.353843 0.132142 -0.348073 -0.928108 0.990981 0.067419 0.115809
-0.314805 -9.650224 -7.249036 -74.113868 -0.040069 0.931863 -0.360590 -0.147704 -0.362439 -0.920229 0.988220 -0.016388 -0.152163
-0.560041 -7.761224 -12.170217 -89.034382 -0.040670 0.922945 -0.382777 0.062622 -0.379987 -0.922870 0.997208 0.061504 0.042342
-0.257308 -9.476765 -3.164560 -77.296810 -0.039144 0.945635 -0.322866 -0.118579 -0.325226 -0.938172 0.992173 -0.001561 -0.124863
-0.646863 -6.517970 -19.453232 -101.164742 -0.049299 0.917335 -0.395053 0.258357 -0.370359 -0.892236 0.964791 0.146051 0.218741
-0.828904 -6.539319 1.005725 -44.048766 -0.071066 0.921432 -0.381986 0.311643 -0.343272 -0.886026 0.947538 0.182010 0.262763
-0.659168 -7.858445 19.079972 -61.375078 -0.082191 0.945646 -0.314639 0.118539 -0.304190 -0.945207 0.989542 0.114985 0.087094
-1.001967 -6.836839 11.225991 -27.460379 -0.065530 0.938685 -0.338493 0.282750 -0.307851 -0.908449 0.956952 0.155240 0.245240
-1.277416 -10.328648 -0.671834 -58.067123 -0.026590 0.924512 -0.380225 -0.930218 0.116394 0.348063 -0.366044 -0.362947 -0.856902
-0.947725 -9.467741 3.396019 46.054391 0.002994 0.931289 -0.364269 0.961205 -0.103153 -0.255821 -0.275819 -0.349371 -0.895469
-0.845085 -8.103352 -1.720329 136.620335 0.011336 0.926094 -0.377122 0.998455 -0.031004 -0.046123 -0.054407 -0.376016 -0.925015
-0.862492 -6.872223 -19.793506 146.252515 -0.020686 0.912353 -0.408882 0.997302 0.047643 0.055852 0.070437 -0.406623 -0.910877
-1.151489 -4.417144 75.397892 -23.414123 0.660878 0.747607 -0.065754 0.714837 -0.600374 0.358552 0.228579 -0.283962 -0.931191
-0.705913 -5.130364 79.676708 -47.917553 0.600205 0.796446 -0.073674 0.741066 -0.519075 0.425890 0.300956 -0.310219 -0.901770
0.454977 -6.273928 35.684199 40.948050 0.706469 0.707627 0.012893 -0.401744 0.415951 -0.815835 0.582669 -0.571182 -0.578141
-0.867069 -6.880492 92.286270 -17.349391 0.680769 0.729683 0.064154 -0.330293 0.383962 -0.862253 0.653804 -0.565806 -0.502399
4.150080 -4.786534 48.846907 117.138123 -0.229559 0.266338 -0.936145 -0.045294 0.957865 0.283624 0.972240 0.107510 -0.207823
4.384303 -5.127765 -6.452426 101.371548 -0.073951 0.261294 -0.962422 -0.008863 0.964854 0.262635 0.997223 0.027952 -0.069036
4.053823 -2.486208 44.035386 75.081050 -0.237139 0.322240 -0.916475 -0.096000 0.930994 0.352185 0.966721 0.171498 -0.189839
0.319382 -8.476925 -7.083564 1.358951 0.450460 0.641319 -0.621124 0.691877 0.188940 0.696856 0.564262 -0.743647 -0.358604
0.044135 -8.343537 -13.820388 -45.688044 0.483530 0.633504 -0.604047 0.803786 -0.048102 0.592970 0.346593 -0.772243 -0.532460
3.235524 -2.522203 47.767218 -28.737799 -0.885780 -0.422895 0.191188 -0.383961 0.899158 0.209975 -0.260705 0.112584 -0.958831
