12761
25494
-6.912520 -8.728182 -32.888874 127.873231 0.770578 -0.597757 -0.221124 -0.599937 -0.563181 -0.568245 -0.215140 -0.570538 0.792592
-6.745458 -8.781758 64.063500 -95.572828 0.444169 -0.768115 -0.461209 0.887362 0.306073 0.344831 -0.123706 -0.562423 0.817544
-8.076452 -10.734848 -39.217855 164.546474 0.881237 -0.441456 -0.168933 -0.465080 -0.746001 -0.476637 -0.084390 -0.498598 0.862716
-5.863270 -8.695041 30.427194 -68.688658 0.179439 -0.793180 -0.581952 0.980105 0.093126 0.175279 -0.084833 -0.601825 0.794109
-5.300509 -11.810838 -88.858705 213.668451 0.891156 -0.452236 -0.036388 -0.404003 -0.754494 -0.517224 -0.206453 -0.475627 0.855076
-5.528288 -8.385400 -68.147486 152.532343 0.836555 -0.543719 -0.067416 -0.446570 -0.605394 -0.658842 -0.317412 -0.581264 0.749254
-5.033589 -7.484715 27.646422 -96.745007 0.033632 -0.764000 -0.644339 0.964831 -0.143358 0.220341 -0.260712 -0.629089 0.732309
-7.047543 -8.982929 -49.188917 -14.103020 -0.444759 0.065141 -0.893278 0.831682 0.400188 -0.384908 0.332406 -0.914115 -0.232164
-6.031413 -8.868320 -46.973345 -17.573925 -0.351700 -0.078597 -0.932807 0.847955 0.395406 -0.353024 0.396584 -0.915137 -0.072417
-6.795431 -8.650195 -52.182735 -65.552329 -0.397811 0.044274 -0.916398 0.898900 0.218741 -0.379647 0.183645 -0.974778 -0.126815
-7.037634 -9.233544 -50.694781 43.559423 -0.390999 0.071888 -0.917579 0.774939 0.563594 -0.286062 0.496578 -0.822918 -0.276073
-7.728175 -8.915533 -19.441826 -35.240513 -0.567986 0.207513 -0.796449 0.801743 0.358207 -0.478431 0.186013 -0.910289 -0.369828
-7.784384 -8.975101 -33.700472 11.607306 -0.469806 0.251158 -0.846287 0.807186 0.510348 -0.296640 0.357398 -0.822475 -0.442496
-0.893650 -6.580464 -50.029326 416.410455 -0.742815 0.657511 -0.126117 0.385475 0.574051 0.722409 -0.547390 -0.488001 0.679867
-3.327545 -6.960057 13.744731 449.909000 -0.629618 0.763500 -0.143699 0.419517 0.489797 0.764267 -0.653901 -0.420912 0.628686
-4.654808 -46.203935 103.437479 2357.416621 -0.631076 0.772139 -0.074462 0.543945 0.508912 0.667182 -0.553052 -0.380540 0.741163
-0.511511 -2.819306 -5.909714 -31.552786 0.864194 -0.365859 -0.345422 -0.480950 -0.802349 -0.353446 0.147838 -0.471576 0.869345
-0.355078 -2.706042 -26.444359 10.083615 0.925058 -0.263325 -0.273727 -0.365229 -0.814540 -0.450702 0.104281 -0.516899 0.849671
0.213258 -3.149791 60.856919 -43.740510 0.845891 -0.381639 -0.372586 -0.508557 -0.787663 -0.347789 0.160742 -0.483673 0.860362
0.213174 -3.044484 79.167428 -103.658601 0.787198 -0.447760 -0.424064 -0.576711 -0.778074 -0.249009 0.218457 -0.440581 0.870727
2.491189 -4.042391 182.588068 -30.412422 0.860950 -0.323957 -0.392196 -0.477263 -0.781213 -0.402401 0.176028 -0.533627 0.827198
3.740249 -4.671716 216.864686 -152.854399 0.781683 -0.438167 -0.443825 -0.578162 -0.775962 -0.252213 0.233880 -0.453754 0.859888
3.156393 -3.167108 79.580930 75.162830 0.977417 0.145833 -0.152937 0.177936 -0.177534 0.967895 -0.113999 0.973249 0.199474
2.486272 -4.334093 114.999315 59.303595 0.991407 0.111980 -0.067623 0.078010 -0.091134 0.992778 -0.105009 0.989523 0.099086
0.353560 -3.687308 -65.800124 56.131793 0.838363 0.224113 -0.496911 0.514308 -0.023103 0.857295 -0.180651 0.974289 0.134631
4.730200 -4.201108 135.055248 32.278386 0.991923 0.126582 -0.008082 0.022811 -0.115345 0.993064 -0.124772 0.985227 0.117301
2.174594 -3.138263 -117.831773 46.317524 0.768852 0.226580 -0.597937 0.623338 -0.057137 0.779862 -0.142537 0.972315 0.185166
4.065563 -2.543811 22.115855 52.295947 0.945655 0.186431 -0.266422 0.305610 -0.229658 0.924045 -0.111084 0.955249 0.274153
4.772812 -3.284590 91.268893 38.531100 0.979202 0.185774 -0.081555 0.118918 -0.199846 0.972584 -0.164382 0.962055 0.217782
5.593100 -7.698357 189.918732 0.006842 -0.649607 0.221631 0.727248 0.686008 0.583214 0.435034 -0.327724 0.781499 -0.530901
6.141149 -8.224243 -220.601017 125.031665 0.651266 -0.204549 -0.730761 0.650629 0.646134 0.398990 -0.390557 0.735303 -0.553891
13.893943 -7.319010 -527.090969 44.420609 0.702200 -0.211414 -0.679867 0.629676 0.630083 0.454427 -0.332300 0.747195 -0.575566
2.116059 -8.520384 57.914361 105.638597 -0.633799 0.226898 0.739470 0.685657 0.607293 0.401334 -0.358013 0.761388 -0.540476
12.107049 -7.113760 -442.266443 -131.724518 0.720091 -0.221390 -0.657613 0.634784 0.592910 0.495486 -0.280209 0.774238 -0.567484
1.985850 -8.798169 41.356607 -11.119849 -0.610114 0.263639 0.747165 0.743187 0.517319 0.424328 -0.274653 0.814172 -0.511556
4.964368 -8.648713 149.013302 -157.721063 -0.635890 0.262015 0.725942 0.729736 0.510338 0.455017 -0.251255 0.819087 -0.515721
0.208269 -17.680738 15.648090 2.049613 -0.312465 0.897199 -0.312089 -0.407369 0.170236 0.897257 -0.858147 -0.407497 -0.312298
0.072531 -17.307301 8.131618 -35.027440 -0.330443 0.893833 -0.303100 -0.590446 0.054767 0.805217 -0.736329 -0.445042 -0.509663
-0.188098 -17.050370 1.071045 -54.387557 -0.323703 0.884301 -0.336494 -0.424663 0.182020 0.886865 -0.845505 -0.429977 -0.316609
1.736823 -3.320534 -82.886411 31.001157 -0.812395 -0.479015 -0.332505 -0.405300 0.873831 -0.268611 0.419221 -0.083454 -0.904040
0.686044 -3.420007 -81.750516 42.388002 -0.841122 -0.402355 -0.361418 -0.339381 0.912963 -0.226537 0.421110 -0.067887 -0.904466
1.859650 -2.621684 -79.185029 37.278931 -0.793690 -0.516206 -0.321852 -0.464262 0.855888 -0.227851 0.393087 -0.031419 -0.918964
3.014472 -2.397294 -14.337101 17.657733 -0.786602 -0.588350 -0.187355 -0.531547 0.799626 -0.279385 0.314189 -0.120177 -0.941723
3.385995 -1.766325 -78.102999 40.060632 -0.760549 -0.595207 -0.259410 -0.556291 0.803388 -0.212387 0.334821 -0.017224 -0.942124
6.244190 -7.637615 405.145592 -168.853018 0.607838 0.728965 -0.314869 0.135531 -0.485953 -0.863412 0.782409 -0.482140 0.394179
7.613496 -5.086963 512.032565 -91.320102 0.584814 0.783898 -0.208558 0.300527 -0.448194 -0.841906 0.753443 -0.429681 0.497693
3.256385 -6.190845 467.775206 -97.959582 0.544404 0.798450 -0.257103 0.280554 -0.462171 -0.841242 0.790515 -0.385844 0.475616
1.547585 -16.886199 33.737220 -112.638913 0.529030 0.571639 -0.627181 0.079706 0.702336 0.707370 0.844852 -0.424210 0.325994
1.993735 -15.842977 19.480870 -44.751559 0.569637 0.531910 -0.626566 0.077685 0.724084 0.685323 0.818217 -0.439060 0.371144
1.619550 -17.803665 2.500704 -91.279239 0.558933 0.585123 -0.587559 -0.146082 0.766974 0.624829 0.816244 -0.263406 0.514162
1.128489 -19.741737 51.207431 -96.513161 0.490938 0.620504 -0.611518 -0.195772 0.762554 0.616591 0.848913 -0.182990 0.495844
0.528978 -18.591823 38.987249 -85.185772 0.502373 0.620324 -0.602345 -0.100448 0.733787 0.671913 0.858797 -0.277047 0.430945
0.822482 -17.330281 35.486959 -153.943622 0.507231 0.605660 -0.613100 0.120196 0.654740 0.746236 0.853387 -0.452207 0.259307
6.684855 -3.667662 -125.903548 31.721555 0.889975 0.451525 -0.063787 0.261967 -0.391749 0.881990 -0.373252 0.801659 0.466932
5.035391 -3.568454 -155.809963 23.266131 0.836669 0.536007 0.112612 0.180632 -0.464139 0.867149 -0.517065 0.705175 0.485151
4.095597 -3.574644 -137.164508 15.623492 0.841149 0.533092 0.091007 0.152546 -0.395330 0.905784 -0.518844 0.748016 0.413852
8.924590 -15.720807 -316.884153 -500.581247 -0.601573 -0.653733 0.459068 0.790104 -0.402290 0.462491 -0.117667 0.640933 0.758524
14.039554 -16.064333 -511.341547 -293.507509 -0.598483 -0.702686 0.384773 0.800576 -0.506623 0.320017 -0.029937 0.499565 0.865759
12.358875 -13.845474 -444.645503 -445.649441 -0.603184 -0.683226 0.411549 0.782110 -0.405446 0.473200 -0.156442 0.607303 0.778915
7.226179 -3.632156 -76.667243 59.728930 0.768412 0.617527 0.167935 0.493515 -0.404749 -0.769819 0.407413 -0.674417 0.615773
5.779699 -3.575831 -103.716290 52.780903 0.851292 0.492752 0.180268 0.435208 -0.471217 -0.767169 0.293079 -0.731539 0.615593
4.618896 -4.135321 -31.018806 40.718175 0.706430 0.675039 0.212787 0.593325 -0.400878 -0.698042 0.385904 -0.619369 0.683710
6.112961 -4.145047 73.080771 52.811463 0.653303 0.745288 0.133197 0.558287 -0.355402 -0.749670 0.511382 -0.564124 0.648270
2.326128 -65.055737 8.702752 -245.415329 0.951313 -0.194485 0.239120 -0.248866 -0.942369 0.223622 -0.181848 0.272243 0.944889
1.562410 -60.756510 48.699418 -1057.995631 0.940706 -0.239092 0.240637 -0.311592 -0.889452 0.334344 -0.134096 0.389501 0.911212
1.025115 -59.502765 65.493512 165.165343 0.948567 -0.205154 0.241108 0.174095 0.974149 0.143959 -0.264409 -0.094579 0.959762
2.612368 -127.058469 -93.470050 2611.666171 0.946534 -0.181762 0.266527 -0.065532 -0.917276 -0.392824 -0.315879 -0.354355 0.880144
3.069770 -57.551358 -48.825929 -161.947847 0.940636 -0.212006 0.265059 0.173831 0.971645 0.160276 -0.291523 -0.104686 0.950818
1.023006 -83.990043 13.615380 -2825.218745 0.939895 -0.222086 0.259376 -0.294959 -0.910748 0.289027 -0.172038 0.348161 0.921514
3.214845 -58.337426 1.347052 -181.609277 0.935014 -0.212271 0.284061 -0.344758 -0.731675 0.588042 -0.083017 0.647760 0.757308
-0.998771 -13.821265 -71.012325 -2.379392 0.979094 -0.172275 0.108149 0.202568 0.874092 -0.441508 0.018471 -0.454185 -0.890716
0.463750 -14.445848 -61.103096 15.963160 0.980746 -0.150454 0.124499 0.193119 0.841923 -0.503856 0.029012 -0.518198 -0.854768
0.170163 -14.574278 -87.567327 114.722533 0.997105 -0.031520 0.069203 0.047655 0.968188 -0.245643 0.059259 -0.248229 -0.966887
-1.823752 -12.024718 -85.393144 196.854225 0.984051 -0.155772 0.085905 0.171681 0.958093 -0.229311 0.046584 -0.240401 -0.969555
-6.457443 -10.834684 -215.452878 172.648438 0.997223 -0.061501 0.041992 0.066149 0.990550 -0.120149 0.034206 -0.122593 -0.991867
-4.801157 -12.585091 -259.601876 -201.701760 0.946233 0.323485 0.000785 -0.322060 0.942286 -0.091516 0.030344 -0.086343 -0.995803
1.976620 0.487291 340.977105 27.064060 0.684197 0.657116 0.316344 0.698194 -0.715513 -0.023794 0.210713 0.237149 -0.948346
0.358453 -3.151088 -16.377826 182.032277 -0.493661 0.863305 0.104899 0.858867 0.465038 0.214681 0.136554 0.196074 -0.971035
1.797079 -0.063751 338.216150 -30.214477 0.725130 0.619377 0.300928 -0.655653 0.754587 0.026784 0.210487 0.216727 -0.953270
6.815746 0.159624 398.673715 -32.309522 0.798797 0.533839 0.277379 -0.567571 0.821601 0.053252 0.199466 0.199970 -0.959284
7.702922 0.782337 445.047301 -34.071617 0.784611 0.542035 0.300970 -0.582645 0.810574 0.059109 0.211919 0.221737 -0.951800
-1.254177 -4.809460 -9.760452 40.142875 -0.287962 0.831931 0.474308 -0.554688 -0.548642 0.625550 -0.780640 0.082959 -0.619451
-1.422649 -4.560507 -0.317586 40.494094 -0.350767 0.729612 0.587051 -0.500928 -0.675841 0.540657 -0.791223 0.104426 -0.602546
-1.695650 -5.383968 -12.047510 26.670199 -0.271276 0.842911 0.464662 -0.639218 -0.518702 0.567758 -0.719590 0.143002 -0.679515
-1.394035 -5.609779 -14.067735 23.248906 -0.229543 0.895870 0.380429 -0.676094 -0.427937 0.599805 -0.700147 0.119525 -0.703923
-1.041906 -5.148382 -11.765935 36.776683 -0.241473 0.891803 0.382594 -0.596431 -0.447395 0.666414 -0.765481 0.067270 -0.639933
-0.770215 -4.244281 -6.046679 43.589688 -0.310712 0.810193 0.497038 -0.468203 -0.585537 0.661765 -0.827191 0.027096 -0.561267
-0.827353 -3.952092 7.497899 -39.926247 -0.372259 0.694951 0.615196 0.411028 0.717732 -0.562064 -0.832153 0.043629 -0.552827
-0.786701 -3.873422 22.273691 -40.753777 -0.436918 0.537189 0.721478 0.340636 0.841162 -0.420016 -0.832508 0.062249 -0.550504
-1.504573 -4.511685 11.456099 -43.685772 -0.428111 0.569925 0.701360 0.425291 0.811823 -0.400088 -0.797401 0.127000 -0.589935
-1.983095 -5.223144 -8.607383 29.250509 -0.334526 0.752067 0.567879 -0.589565 -0.637125 0.496472 -0.735191 0.168718 -0.656528
10.999438 -191.539266 306.996915 -13577.997810 -0.403970 0.793667 -0.454864 -0.314040 -0.587346 -0.745924 0.859178 0.158485 -0.486514
2.885917 -61.673694 31.250705 -2633.101028 -0.362440 0.817580 -0.447437 -0.491741 -0.575570 -0.653383 0.791725 0.016789 -0.610647
5.012440 -60.837748 108.374582 55.785497 -0.371598 0.802622 -0.466597 -0.702044 -0.571799 -0.424477 0.607494 -0.169837 -0.775955
7.685100 -60.349104 192.326785 1026.527150 -0.357959 0.796191 -0.487796 -0.745630 -0.558198 -0.363938 0.562051 -0.233441 -0.793476
17.263788 -133.126187 546.548118 -6680.967506 -0.329924 0.801312 -0.499049 -0.055257 -0.544136 -0.837176 0.942389 0.248628 -0.223801
-1.739024 -4.311933 -184.144518 1.074742 0.819916 -0.410246 0.399296 -0.316119 0.257060 0.913230 0.477291 0.874996 -0.081081
-3.899738 -5.118338 25.688915 -51.466175 0.784535 -0.496580 -0.371367 0.305750 -0.211242 0.928382 0.539465 0.841893 0.013897
-3.454320 -4.500810 19.118664 -3.544006 0.817607 -0.572384 -0.062409 0.083864 0.011151 0.996415 0.569636 0.819910 -0.057120
-1.427016 -4.245214 -183.601534 -46.597126 0.860104 -0.441297 0.255887 -0.142859 0.273173 0.951298 0.489706 0.854771 -0.171914
-1.644154 -11.895421 185.839165 -458.043498 -0.606219 0.401626 0.686436 0.791204 0.217098 0.571721 0.080594 0.889699 -0.449377
-0.829078 -8.685383 -209.534226 45.983367 0.711035 -0.389299 -0.585556 0.613413 -0.063671 0.787192 0.343736 0.918908 -0.193529
-1.634099 -13.270608 277.585788 -159.795648 -0.651642 0.337397 0.679358 0.730063 0.035929 0.682435 0.205843 0.940677 -0.269733
-1.250239 -79.187032 219.672521 -6057.896975 -0.458307 0.398692 0.794354 0.824608 0.524213 0.212656 -0.331627 0.752492 -0.569015
4.931346 -3.899021 137.490437 -8.386310 -0.488939 0.872198 0.014457 0.486788 0.286562 -0.825178 0.723862 0.396425 0.564687
11.199474 -4.052468 465.235705 -22.257150 -0.495587 0.867811 0.036014 0.501470 0.319740 -0.803925 0.709170 0.380355 0.593640
6.499538 -3.429213 198.115737 -35.863183 -0.503739 0.863736 -0.014414 0.558598 0.312961 -0.768130 0.658950 0.394989 0.640131
8.718978 -4.274007 468.882865 -9.546031 -0.521877 0.850183 0.069522 0.413082 0.323190 -0.851417 0.746329 0.415617 0.519861
2.819437 -3.591661 89.989987 -24.761057 -0.509357 0.852026 -0.120863 0.567895 0.227279 -0.791100 0.646568 0.471590 0.599627
2.545860 -5.596306 -86.084916 17.445364 0.080257 -0.492579 -0.866559 -0.429424 0.767462 -0.476021 0.899530 0.410326 -0.149931
0.845230 -5.464394 -35.870551 -24.614425 0.093811 -0.544440 -0.833537 -0.517013 0.688847 -0.508121 0.850822 0.478617 -0.216861
2.647197 -5.519496 -59.161233 -45.317330 -0.001402 -0.445916 -0.895074 -0.434731 0.806341 -0.401029 0.900559 0.388554 -0.194984
3.711636 -5.696247 -103.982141 52.919958 0.018647 -0.408988 -0.912349 -0.384131 0.839543 -0.384202 0.923090 0.357626 -0.141450
3.984758 -6.071482 -137.820658 111.749372 0.085970 -0.463953 -0.881679 -0.372449 0.805826 -0.460354 0.924062 0.367957 -0.103522
-2.479290 -5.231403 24.465122 -8.587036 0.778519 -0.595641 -0.197786 0.561604 0.801824 -0.204155 0.280193 0.047861 0.958750
-1.773719 -5.064643 34.806615 -14.778396 0.766983 -0.594301 -0.241956 0.569971 0.804196 -0.168529 0.294737 -0.008649 0.955539
-2.202233 -5.312976 24.159464 1.096017 0.789940 -0.570947 -0.223640 0.505185 0.812694 -0.290374 0.347539 0.116398 0.930413
-2.202828 -4.465473 31.898509 -39.406207 0.785408 -0.577046 -0.223948 0.580022 0.812445 -0.059227 0.216122 -0.083377 0.972800
-2.835343 -4.632227 45.685348 -30.942462 0.793454 -0.577305 -0.192744 0.568218 0.816115 -0.105281 0.218080 -0.025985 0.975585
-0.682596 -8.696102 -8.985110 43.090430 0.493286 -0.431199 0.755471 0.784369 0.595972 -0.171993 -0.376077 0.677410 0.632204
-0.502989 -9.967785 -13.578556 75.561864 0.493001 -0.428783 0.757030 0.742711 0.660596 -0.109513 -0.453134 0.616244 0.644137
-0.911823 -8.236129 -0.540891 77.077367 0.416096 -0.509904 0.752902 0.864203 0.479320 -0.152987 -0.282872 0.714318 0.640104
-1.105250 -7.831280 -13.277438 46.266135 0.497681 -0.426964 0.754993 0.832239 0.480257 -0.277005 -0.244320 0.766195 0.594351
-0.755472 -8.420948 -6.179770 27.128672 0.560429 -0.378545 0.736630 0.773375 0.557433 -0.301926 -0.296329 0.738899 0.605159
0.777586 -20.355034 -6.787446 453.571498 0.757396 -0.417473 0.502064 -0.572280 -0.794648 0.202560 -0.314401 0.440739 0.840774
1.152818 -22.813941 -6.794567 456.971850 0.773416 -0.432928 0.463034 -0.569381 -0.795520 0.207252 -0.278628 0.423935 0.861769
0.874115 -15.499473 -10.092485 -398.406333 0.729392 -0.462787 0.503800 0.522931 0.851992 0.025544 -0.441055 0.244822 0.863442
0.445009 -13.549791 -11.697727 -371.900742 0.717477 -0.443911 0.536815 0.516160 0.856298 0.018232 -0.467767 0.264001 0.843503
0.483633 -18.281042 -12.980186 445.927062 0.742634 -0.395954 0.540106 -0.572272 -0.794104 0.204701 -0.347848 0.461106 0.816323
17.489113 0.115136 90.685785 84.557956 -0.119580 0.907280 0.403167 0.730603 0.355376 -0.583033 0.672250 -0.224836 0.705357
48.676212 -0.194262 2994.156350 176.578690 0.025003 0.986354 0.162729 0.707480 0.097547 -0.699969 0.706291 -0.132629 0.695387
8.836447 -1.692373 -316.303830 53.915908 -0.135601 0.832972 0.536442 0.762672 0.433365 -0.480132 0.632412 -0.344023 0.694049
10.860232 -2.581837 -466.398746 45.964917 -0.350983 0.737148 0.577429 0.686662 0.621878 -0.376513 0.636636 -0.264349 0.724440
12.002384 -0.778565 -453.592747 59.454052 -0.349343 0.822280 0.449238 0.715831 0.543577 -0.438303 0.604603 -0.168461 0.778509
11.187972 -6.762700 -574.147870 -41.239744 0.331906 -0.845275 0.418747 0.876091 0.111644 -0.469042 0.349719 0.522539 0.777593
20.448583 -5.810164 -867.051220 -143.552754 0.307786 -0.895347 0.321902 0.853590 0.110390 -0.509115 0.420300 0.431471 0.798236
15.745045 -6.799523 -784.372399 42.605633 0.348996 -0.858035 0.376800 0.867158 0.143240 -0.476990 0.355301 0.493213 0.794042
16.796066 -6.427589 -525.798286 150.665084 0.361122 -0.894127 0.264816 0.856688 0.205927 -0.472948 0.368343 0.397656 0.840353
9.935962 -7.872041 -477.950929 172.608885 0.402822 -0.841222 0.360667 0.862045 0.216269 -0.458374 0.307593 0.495554 0.812289
2.517170 -13.141940 -24.012115 67.272395 -0.413174 -0.771141 -0.484386 0.715313 0.054357 -0.696687 0.563574 -0.634340 0.529148
2.645243 -13.320313 -5.403309 63.716034 -0.428876 -0.758849 -0.490117 0.808138 -0.079829 -0.583559 0.403707 -0.646356 0.647491
2.271306 -12.738705 -19.490748 -8.712232 -0.398544 -0.799835 -0.448805 0.796170 -0.058806 -0.602208 0.455275 -0.597332 0.660242
1.818676 -13.111450 34.078238 -11.628144 0.401861 0.809924 0.427236 0.686011 0.042763 -0.726334 0.606545 -0.584974 0.538432
2.212246 -12.889468 23.724614 11.184723 0.422352 0.781117 0.459865 0.582900 0.154468 -0.797726 0.694151 -0.604977 0.390073
-0.458040 -9.087931 -1.158929 15.160759 0.652211 -0.251252 0.715187 -0.632659 -0.700136 0.330986 -0.417567 0.668342 0.615594
-0.582605 -9.425340 1.118659 -24.476485 0.649203 -0.258629 0.715294 0.697810 0.576711 -0.424813 -0.302649 0.774929 0.554877
-0.515535 -9.036526 2.199531 23.143015 0.667875 -0.224789 0.709515 -0.600564 -0.725852 0.335353 -0.439619 0.650084 0.619779
-1.620657 -22.300288 -4.325355 400.110428 -0.274341 -0.041293 -0.960745 0.537110 0.822133 -0.188707 0.797652 -0.567796 -0.203366
-0.753395 -23.000781 -28.767805 318.763197 -0.231882 -0.062634 -0.970725 0.606325 0.771042 -0.194586 0.760658 -0.633696 -0.140815
-1.327928 -25.045188 -16.881632 249.494129 -0.228351 -0.038298 -0.972825 0.807597 0.550603 -0.211243 0.543731 -0.833888 -0.094801
-0.921933 -20.548565 -27.130804 219.103660 -0.226294 -0.051099 -0.972718 0.370453 0.919067 -0.134463 0.900864 -0.390774 -0.189050
-1.752272 -29.495020 -39.971314 596.147538 -0.234419 -0.056230 -0.970508 0.723465 0.656746 -0.212799 0.649343 -0.752012 -0.113273
-1.861886 -23.514672 -1.427509 677.644740 -0.296365 -0.035707 -0.954407 0.380250 0.912273 -0.152207 0.876115 -0.408022 -0.256788
-1.380465 -19.530588 -15.982081 275.746665 -0.264768 -0.042940 -0.963356 0.324331 0.936843 -0.130897 0.908134 -0.347104 -0.234119
0.389744 -31.769364 -22.459883 -203.996391 -0.073107 0.033593 -0.996758 0.469285 0.883035 -0.004659 0.880016 -0.468104 -0.080321
0.242780 -30.029555 -50.015984 -234.921372 -0.064891 0.028249 -0.997492 0.483267 0.875448 -0.006645 0.873065 -0.482487 -0.070460
-0.682958 -39.107655 -101.490055 -761.720127 -0.054196 0.106046 -0.992883 0.182865 0.978582 0.094537 0.981643 -0.176441 -0.072427
0.110268 -47.328269 -23.111623 -1224.185168 -0.065850 0.111686 -0.991559 0.213618 0.972255 0.095325 0.974695 -0.205538 -0.087881
-0.343007 -30.111991 -15.695718 -274.355962 -0.077106 0.089228 -0.993022 -0.173308 0.979625 0.101481 0.981845 0.179923 -0.060071
0.180372 -39.163167 -48.004911 -387.321012 -0.089044 0.147130 -0.985101 -0.260604 0.951135 0.165613 0.961331 0.271469 -0.046350
1.057868 -5.899166 -3.897527 0.828445 0.741371 -0.669015 -0.052809 0.264141 0.218557 0.939395 0.616927 0.710389 -0.338746
0.654371 -5.971226 -19.683286 6.751547 0.747332 -0.661873 -0.058478 0.339252 0.304416 0.890078 0.571317 0.685022 -0.452041
1.135623 -5.960796 -23.142129 -3.042691 0.720381 -0.688256 -0.085758 0.316278 0.215937 0.923764 0.617268 0.692585 -0.373237
-0.747566 -3.217982 -32.463227 11.429120 0.993274 0.109236 0.038406 -0.111392 0.992001 0.059386 0.031612 0.063265 -0.997496
-0.697272 -3.118368 -7.902772 1.285120 0.988225 -0.151534 0.021173 0.148163 0.982279 0.114786 0.038192 0.110297 -0.993165
-1.101191 -3.611581 -42.577680 14.752380 0.998886 -0.031118 0.035478 0.026851 0.993005 0.114980 0.038808 0.113899 -0.992734
-0.575178 -2.722653 4.439938 21.438663 0.977844 0.202190 0.054222 -0.205002 0.977351 0.052536 0.042372 0.062488 -0.997146
-1.382530 -3.859439 -38.029415 29.409644 0.997329 0.036125 0.063487 -0.041136 0.995987 0.079481 0.060361 0.081880 -0.994813
-0.666523 -3.285400 51.333730 -9.885932 -0.981401 -0.187721 -0.040160 -0.186765 0.982050 -0.026404 0.044395 -0.018412 -0.998844
0.039426 -2.785409 -55.765445 -26.132449 0.941867 0.335166 0.023472 -0.333040 0.940556 -0.066626 0.044407 -0.054936 -0.997502
-0.180491 -2.841095 19.526648 11.185703 -0.951656 -0.303901 -0.044660 -0.304121 0.952631 -0.001929 0.043131 0.011747 -0.999000
1.452182 -2.020894 38.929928 -58.362106 -0.325183 -0.866396 -0.378964 0.944961 -0.282409 -0.165206 0.036111 -0.411829 0.910546
1.250877 -1.566506 -24.364310 -50.673230 -0.456578 -0.849702 -0.263711 0.885409 -0.404946 -0.228186 0.087102 -0.337677 0.937223
0.997263 -2.293627 1.102952 -34.231217 -0.234472 -0.908342 -0.346320 0.964653 -0.173325 -0.198503 0.120282 -0.380622 0.916875
0.557963 -1.609530 -30.547529 -28.575507 -0.441600 -0.862091 -0.248572 0.885348 -0.373798 -0.276466 0.145423 -0.342160 0.928320
0.491805 -2.182274 -32.159230 -17.385405 -0.180305 -0.925402 -0.333350 0.965052 -0.100911 -0.241849 0.190169 -0.365307 0.911256
-0.004281 -23.373117 19.658487 197.766309 0.746409 -0.507168 0.430876 0.646787 0.400443 -0.649085 -0.156654 -0.763168 -0.626924
0.038294 -25.939709 18.873089 79.853573 0.719059 -0.522701 0.457972 0.616935 0.176754 -0.766909 -0.319915 -0.833992 -0.449569
-0.478081 -30.233711 13.316711 202.436828 0.745974 -0.516599 0.420296 0.637774 0.372444 -0.674188 -0.191748 -0.770981 -0.607307
-0.410108 -25.914344 14.640654 391.606104 0.769917 -0.496064 0.401432 0.638043 0.587259 -0.498023 -0.011307 -0.639568 -0.768651
0.052142 -20.308190 17.333460 181.071353 0.777596 -0.486174 0.398724 0.628416 0.579794 -0.518587 -0.020946 -0.653815 -0.756365
4.652322 -50.121381 253.648500 -2098.969515 -0.580516 0.810263 0.080467 0.740451 0.484207 0.466129 -0.338725 -0.330177 0.881050
2.969874 -39.712039 -36.392249 -1416.136037 0.679531 -0.730901 -0.063413 0.697506 0.616842 0.364680 -0.227429 -0.292042 0.928971
11.506359 -67.725135 -334.666696 -2077.289375 0.514143 -0.848450 -0.125658 0.854775 0.494762 0.156749 -0.070823 -0.188001 0.979612
1.395155 -21.991010 153.833633 -292.488749 -0.456793 0.875328 0.158559 0.765304 0.295825 0.571662 -0.453486 -0.382477 0.805023
-7.478544 -30.689888 176.736701 565.003875 0.116818 0.377406 0.918650 0.441941 0.808603 -0.388394 -0.889405 0.451361 -0.072332
-3.930295 -25.055229 121.551837 161.916640 0.221557 0.340546 0.913751 0.336626 0.852727 -0.399424 -0.915202 0.396088 0.074290
-4.815344 -31.560961 96.423874 740.307971 0.185450 0.400261 0.897441 0.651254 0.633840 -0.417271 -0.735851 0.661845 -0.143126
-7.824554 -37.012608 141.845655 918.174431 0.133213 0.468415 0.873408 0.723418 0.556412 -0.408744 -0.677437 0.686289 -0.264739
-14.210781 -42.308612 344.614059 909.491650 -0.010248 0.419731 0.907591 0.637010 0.702374 -0.317632 -0.770788 0.574889 -0.274571
-7.506445 -9.898273 84.508266 -92.476513 0.478943 -0.732955 -0.483105 0.877599 0.412843 0.243682 0.020839 -0.540682 0.840969
-5.673889 -8.388245 -46.906021 -52.859386 -0.263976 -0.099800 -0.959352 0.933220 0.224935 -0.280185 0.243755 -0.969249 0.033758
-5.265984 -8.691172 -18.301484 -29.885154 -0.283548 -0.195956 -0.938723 0.851792 0.398207 -0.340415 0.440512 -0.896121 0.054003
-5.820416 -9.072892 -33.845220 21.273190 -0.351001 -0.093723 -0.931673 0.754534 0.560900 -0.340690 0.554506 -0.822561 -0.126159
-3.937074 -12.230714 150.108553 458.150070 -0.185786 0.836998 0.514701 0.741403 -0.224348 0.632447 -0.644829 -0.499101 0.578873
-15.339182 -78.639404 114.957763 3781.637747 -0.555711 0.814777 -0.165298 0.561475 0.514442 0.648148 -0.613132 -0.267372 0.743358
-0.210943 -2.476958 -47.454882 19.198353 0.927099 -0.260095 -0.269887 -0.358133 -0.827136 -0.433113 0.110583 -0.498194 0.859985
-0.916872 -4.778514 -2.810772 66.097260 0.916251 0.204030 -0.344755 0.349202 0.014965 0.936928 -0.196320 0.978850 0.057536
1.901901 -5.232229 129.370913 20.098034 0.994856 0.096987 -0.029242 0.027653 0.017686 0.999461 -0.097452 0.995128 -0.014913
4.657893 -5.122629 159.103293 24.163006 0.994594 0.098025 0.034253 -0.031140 -0.033119 0.998966 -0.099058 0.994633 0.029887
0.286199 -4.203061 31.330029 7.881025 -0.441586 0.891540 0.100788 0.358726 0.072473 0.930625 -0.822385 -0.447107 0.351822
0.720577 -4.377033 2.195123 14.495162 -0.444062 0.885660 0.135699 0.361735 0.038652 0.931479 -0.819729 -0.462722 0.337538
0.210979 -4.374525 31.688550 7.532028 -0.430270 0.891731 0.140298 0.286273 -0.012605 0.958065 -0.856105 -0.452390 0.249855
0.646562 -4.080046 23.315389 15.219520 -0.440521 0.893680 0.085303 0.424483 0.123624 0.896957 -0.791047 -0.431338 0.433811
-0.612945 -4.117383 60.162455 3.204472 -0.445499 0.892447 0.071192 0.314964 0.081796 0.945572 -0.838050 -0.443674 0.317529
-0.164212 -4.013851 49.267785 -0.851255 -0.460610 0.887111 0.029548 0.378426 0.166158 0.910596 -0.802890 -0.430611 0.412240
14.881631 -8.857996 -553.608824 220.803490 0.677740 -0.249960 -0.691512 0.648940 0.645548 0.402671 -0.345753 0.721656 -0.599723
2.351439 -9.218982 -72.796831 65.480706 0.654035 -0.207070 -0.727571 0.597381 0.731440 0.328832 -0.464084 0.649705 -0.602087
-0.256095 -17.003705 0.357961 -188.823393 -0.315964 0.869326 -0.380052 -0.244912 0.312265 0.917883 -0.916616 -0.383097 -0.114244
-0.204299 -18.449181 2.924512 -286.107325 -0.311230 0.846022 -0.432877 -0.033012 0.445600 0.894624 -0.949761 -0.292724 0.110755
-0.063104 -19.380045 5.497178 -266.157431 -0.306928 0.860435 -0.406752 -0.021468 0.421012 0.906801 -0.951490 -0.287055 0.110749
0.436841 -3.932111 -71.828606 44.193738 -0.854229 -0.368839 -0.366402 -0.285112 0.921678 -0.263099 0.434746 -0.120282 -0.892484
5.301356 -4.472172 405.049413 -14.111091 0.529577 0.844047 -0.084455 0.434537 -0.355444 -0.827549 0.728509 -0.401552 0.555005
10.601927 -3.724074 455.259876 -61.181591 0.626814 0.770301 -0.117219 0.346470 -0.410301 -0.843571 0.697898 -0.488149 0.524069
2.329817 -14.402345 11.279546 22.676658 0.603567 0.496434 -0.623908 0.075739 0.743276 0.664684 0.793707 -0.448435 0.411017
2.353643 -14.576920 16.604447 -45.393170 0.590799 0.493272 -0.638466 0.261212 0.631776 0.729813 0.763364 -0.597948 0.244404
2.097444 -15.002632 17.134675 26.138295 0.585094 0.539748 -0.605257 -0.109155 0.791966 0.600729 0.803586 -0.285417 0.522291
2.020202 -14.377112 -20.732031 -33.218993 0.636513 0.465483 -0.614961 0.249905 0.629850 0.735416 0.729657 -0.621784 0.284581
2.151356 -14.006498 -28.991501 37.924330 0.647457 0.471891 -0.598429 0.059042 0.751817 0.656724 0.759811 -0.460533 0.458908
2.220663 -14.121036 13.791600 57.563206 0.621444 0.510367 -0.594418 -0.115648 0.810156 0.574694 0.774876 -0.288397 0.562490
0.488714 -7.982458 7.889492 65.692358 0.600268 -0.349178 -0.719551 -0.579124 0.430749 -0.692150 -0.551629 -0.832184 -0.056347
-0.338067 -9.247001 -7.192017 67.047508 0.641647 -0.357066 -0.678817 -0.633553 0.252108 -0.731473 -0.432320 -0.899414 0.064456
0.347599 -7.695686 -3.677399 47.646682 0.642682 -0.361876 -0.675282 -0.515258 0.448138 -0.730535 -0.566983 -0.817446 -0.101551
0.178278 -8.966240 26.499391 -55.191077 0.616562 -0.331933 -0.713913 0.687475 -0.214946 0.693668 -0.383705 -0.918487 0.095668
1.315847 -8.109120 44.474754 -63.710939 0.579520 -0.349644 -0.736143 0.625891 -0.387557 0.676802 -0.521937 -0.852965 -0.005758
1.636379 -17.335715 -84.293599 -516.133115 -0.586905 -0.613697 0.528128 0.809576 -0.435673 0.393415 -0.011346 0.658457 0.752533
4.412386 -17.331619 -208.945447 -504.416916 -0.592661 -0.603107 0.533868 0.804267 -0.407172 0.432858 -0.043684 0.685910 0.726374
2.261846 -13.093769 -121.763399 -470.561735 -0.591757 -0.594843 0.544045 0.795212 -0.320130 0.514931 -0.132137 0.737346 0.662466
0.957557 -13.844514 -44.465912 -453.318944 -0.591844 -0.605339 0.532246 0.799008 -0.353473 0.486460 -0.106339 0.713177 0.692871
2.243280 -8.508791 -90.181426 -301.310119 -0.618355 -0.584282 0.525596 0.761714 -0.280941 0.583835 -0.193463 0.761372 0.618777
-1.859537 -170.817713 343.651741 7467.125354 0.963767 -0.143601 0.224794 0.171914 0.978745 -0.111819 -0.203958 0.146413 0.967969
-0.142817 -3.073914 -21.765819 176.286193 -0.455488 0.884247 0.103144 0.880428 0.430276 0.199272 0.131825 0.181577 -0.974501
-1.201165 -5.843997 -10.538496 18.735145 -0.200310 0.927362 0.316032 -0.709929 -0.359689 0.605495 -0.675187 0.103074 -0.730410
-0.672033 -4.645492 -3.955808 41.463724 -0.254845 0.881330 0.397883 -0.515959 -0.471935 0.714887 -0.817827 0.023106 -0.575001
-0.792301 -4.037841 31.232142 -49.930180 -0.486981 0.367821 0.792185 0.271023 0.925866 -0.263285 -0.830299 0.086486 -0.550567
-0.280496 -3.568440 21.822608 -16.625736 -0.492968 0.352860 0.795281 0.221947 0.934827 -0.277197 -0.841262 0.039861 -0.539156
-0.120403 -125.995109 -92.141402 -5289.623325 0.733149 -0.398001 -0.551441 -0.480541 0.270588 -0.834184 -0.481219 -0.876571 -0.007125
1.912420 -78.947146 -65.802970 -3419.012950 0.747302 -0.492754 -0.445796 -0.485338 0.053471 -0.872690 -0.453858 -0.868524 0.199193
2.002605 -100.262567 -42.939161 -3693.177737 0.783768 -0.497821 -0.371325 -0.419320 0.016866 -0.907682 -0.458125 -0.867116 0.195527
-0.222983 -33.465114 -10.515341 -1345.527085 0.797029 -0.450509 -0.402227 -0.388921 0.126658 -0.912523 -0.462045 -0.883742 0.074262
-0.677146 -68.881145 -12.459425 -2153.745321 0.767829 -0.412905 -0.489844 -0.352327 0.366438 -0.861155 -0.535073 -0.833806 -0.135884
-2.212721 -149.195250 65.878465 -6092.694685 0.810736 -0.310017 -0.496584 -0.119361 0.742907 -0.658667 -0.573114 -0.593278 -0.565298
-1.802295 -54.305999 -22.981101 -2036.221022 0.790941 -0.409128 -0.455003 -0.317862 0.360675 -0.876857 -0.522855 -0.838169 -0.155226
0.489026 -1.516910 -74.073808 -65.636570 0.899939 0.378744 0.216017 -0.232224 0.835669 -0.497724 0.369028 -0.397756 -0.840005
0.687538 -0.908497 30.549251 49.747593 0.716596 -0.447302 0.535174 0.594079 0.793453 -0.132296 0.365459 -0.412738 -0.834318
1.325910 -1.782704 -66.836610 2.881587 0.918781 0.128514 0.373264 0.042536 0.907794 -0.417253 0.392470 -0.399241 -0.828598
-3.394953 -5.871234 39.637525 -35.094612 0.689574 -0.558763 -0.460729 0.359951 -0.287602 0.887536 0.628429 0.777862 -0.002804
-4.649307 -13.667694 -312.200790 457.488832 -0.608234 0.793327 -0.026143 -0.483959 -0.396749 -0.779983 0.629154 0.461760 -0.625255
-3.689441 -12.530103 -199.867616 -416.323674 -0.461117 0.826943 0.321770 -0.404996 0.126514 -0.905523 0.789525 0.547868 -0.276571
-3.135694 -8.144508 -153.321777 -43.882767 -0.531477 0.834743 0.144002 -0.392944 -0.092354 -0.914913 0.750418 0.542840 -0.377092
-2.011438 -9.061142 -32.938815 -385.842428 -0.604449 0.744916 0.282387 -0.253546 0.156154 -0.954636 0.755219 0.648627 -0.094483
-2.573324 -6.097804 1.097353 -101.495704 -0.673049 0.737839 -0.050977 -0.125689 -0.182030 -0.975227 0.728840 0.649968 -0.215253
-2.710599 -6.899118 124.170177 -27.431596 -0.655404 0.742327 0.139269 -0.340066 -0.125392 -0.932004 0.674389 0.658200 -0.334622
-2.745990 -7.383203 -108.826716 -48.447495 0.627421 -0.748417 -0.214975 0.489402 0.164275 0.856446 0.605664 0.642562 -0.469346
1.592675 -4.151146 51.148181 22.135757 0.711589 -0.674095 -0.198083 0.483418 0.674332 -0.558196 0.509852 0.301449 0.805717
1.907706 -4.555723 46.859217 23.090208 0.714948 -0.672728 -0.190490 0.525444 0.696709 -0.488370 0.461256 0.249067 0.851592
2.262991 -4.487445 -16.541959 50.783653 -0.703744 0.701863 0.110151 0.540904 0.629837 -0.557430 0.460617 0.332707 0.822884
0.648936 -4.443047 44.371578 0.406345 0.736725 -0.625856 -0.256009 0.451199 0.736987 -0.503259 0.503643 0.255252 0.825342
2.245477 -3.944236 -62.745120 29.836343 -0.689890 0.710100 0.140748 0.505111 0.611460 -0.609080 0.518570 0.349105 0.780520
1.337437 -3.929543 -57.671098 6.521188 -0.716207 0.665946 0.208719 0.434471 0.659516 -0.613411 0.546152 0.348647 0.761685
-0.255453 -5.493184 50.430049 8.387961 -0.168953 0.610200 0.774023 -0.568084 0.581461 -0.582395 0.805441 0.538107 -0.248405
0.098478 -5.256577 -26.337347 33.704808 0.108247 -0.565134 -0.817867 -0.620459 0.604390 -0.499743 0.776732 0.561549 -0.285219
-0.700270 -4.990097 41.771633 52.261520 -0.186705 0.627800 0.755651 -0.655936 0.492953 -0.571616 0.731361 0.602383 -0.319760
-1.493938 -5.378055 45.705108 25.024634 -0.201121 0.674118 0.710715 -0.613129 0.479209 -0.628038 0.763952 0.562072 -0.316942
-1.541539 -5.220582 37.481545 2.185971 0.767088 -0.588977 -0.254328 0.524748 0.804093 -0.279418 0.369074 0.080879 0.925874
-0.809327 -5.147274 56.322269 -1.236278 0.746459 -0.600108 -0.287522 0.556008 0.799870 -0.225969 0.365586 0.008812 0.930736
-1.449785 -4.259009 39.079156 -42.947541 0.776870 -0.572814 -0.261453 0.588570 0.808154 -0.021724 0.223738 -0.137007 0.964972
-0.958137 -4.923267 51.118832 -24.577826 0.750786 -0.599027 -0.278364 0.593257 0.796813 -0.114608 0.290458 -0.079095 0.953613
-0.757792 -9.962076 2.553937 127.877820 0.436209 -0.505938 0.744143 0.830214 0.545253 -0.115949 -0.347083 0.668376 0.657881
-0.434042 -11.611303 -14.885699 113.328857 0.516880 -0.399843 0.756942 0.659024 0.750200 -0.053735 -0.546372 0.526617 0.651269
1.599272 -25.327470 -20.010143 489.234946 0.782760 -0.434722 0.445313 -0.559533 -0.804853 0.197823 -0.272413 0.404015 0.873248
1.380808 -27.828902 -12.653140 267.952349 0.808688 -0.420004 0.411849 -0.583816 -0.658750 0.474560 -0.071988 0.624216 0.777928
1.315467 -18.321309 -11.506878 -440.205412 0.742168 -0.476825 0.470983 0.523653 0.851148 0.036542 -0.418300 0.219511 0.881385
2.869475 -32.380399 -37.420717 393.537822 0.813322 -0.456250 0.361031 -0.575066 -0.724633 0.379744 -0.088357 0.516471 0.851734
1.782595 -25.473256 -19.073510 -711.813175 0.768067 -0.467724 0.437387 0.518167 0.855267 0.004668 -0.376266 0.223054 0.899261
4.420118 -2.173950 -30.980557 82.563163 0.087461 0.914404 0.395242 0.774161 0.187303 -0.604643 0.626918 -0.358864 0.691513
376.146034 -14.077023 26065.064139 977.864295 0.275093 0.961353 -0.011159 0.622819 -0.187039 -0.759680 0.732407 -0.202032 0.650202
12.001499 -7.195638 -584.815989 -113.830678 0.289950 -0.859060 0.421835 0.843416 0.021054 -0.536849 0.452304 0.511441 0.730650
2.280877 -14.537214 0.108778 91.061532 -0.471166 -0.739790 -0.480326 0.862697 -0.273078 -0.425655 0.183729 -0.614930 0.766880
2.097511 -15.377282 -15.718682 213.572202 -0.474263 -0.730182 -0.491842 0.826381 -0.176568 -0.534714 0.303595 -0.660044 0.687148
2.431871 -12.753552 -0.671328 15.580318 -0.412059 -0.789968 -0.454047 0.863737 -0.179994 -0.470703 0.290114 -0.586134 0.756492
1.973793 -16.098144 -8.641158 170.713576 -0.514424 -0.709929 -0.481008 0.847512 -0.335385 -0.411389 0.130734 -0.619288 0.774203
1.709029 -17.860630 -2.541014 234.338029 -0.551545 -0.687913 -0.471776 0.833464 -0.477337 -0.278366 -0.033705 -0.546740 0.836624
1.536063 -15.339698 18.758353 155.479628 -0.518260 -0.735491 -0.436416 0.855164 -0.451675 -0.254330 -0.010061 -0.505017 0.863051
2.138774 -13.058815 5.684091 25.842639 -0.441465 -0.779903 -0.443689 0.889018 -0.313239 -0.333959 0.121475 -0.541878 0.831632
2.874466 -2.059531 -252.879362 -16.401311 0.666837 -0.742390 0.064695 -0.579434 -0.461951 0.671459 0.468599 0.485241 0.738212
1.700380 -1.829115 -178.018864 -20.096745 0.613247 -0.779452 0.127998 0.624967 0.379693 -0.682092 0.483058 0.498285 0.719977
3.538004 -1.653699 198.567996 -9.846866 -0.650325 0.757863 -0.052163 0.575808 0.446983 -0.684581 0.495503 0.475236 0.727068
3.851442 -1.857285 165.019223 29.853545 -0.660031 0.751207 0.006871 0.549963 0.489403 -0.676775 0.511761 0.442913 0.736158
-0.680030 -25.957607 -31.957316 312.565356 -0.212934 -0.061062 -0.975157 0.837187 0.503177 -0.214315 0.503763 -0.862024 -0.056024
-0.701980 -22.742675 -54.911840 177.909026 -0.176715 -0.092288 -0.979926 0.664050 0.723691 -0.187908 0.726505 -0.683926 -0.066603
-0.740513 -21.639715 -39.366800 145.766126 -0.180488 -0.065167 -0.981416 0.437959 0.888103 -0.139514 0.880691 -0.455001 -0.131752
1.633162 -2.262153 -77.262323 -58.204151 -0.756702 0.508598 -0.410769 0.150314 0.746835 0.647799 0.636245 0.428446 -0.641581
0.361823 -2.218730 -94.504543 -53.358046 -0.744162 0.479290 -0.465300 0.114636 0.777854 0.617901 0.658090 0.406478 -0.633793
1.091691 -2.909283 -100.572553 -90.212277 -0.747263 0.502392 -0.434973 0.121766 0.746993 0.653586 0.653278 0.435435 -0.619374
1.904130 -2.739703 -23.063035 -52.910015 -0.790981 0.463439 -0.399467 0.107789 0.748231 0.654623 0.602272 0.474736 -0.641790
0.651151 -29.765611 -10.754152 242.322598 -0.101888 -0.014871 -0.994685 0.728786 0.679469 -0.084810 0.677119 -0.733553 -0.058392
-0.800648 -2.322859 35.138290 1.438435 0.994525 -0.098963 0.033569 0.095117 0.990285 0.101433 0.043281 0.097685 -0.994276
2.452530 -1.186719 13.327125 -32.541600 -0.564722 -0.782971 -0.260854 0.823599 -0.514506 -0.238681 0.052669 -0.349628 0.935407
-0.441611 -32.287591 13.697149 -185.800277 0.716754 -0.533800 0.448688 0.586155 0.112653 -0.802329 -0.377737 -0.838073 -0.393634
0.065389 -26.483248 17.591598 12.213857 0.692113 -0.533153 0.486546 0.561673 -0.025537 -0.826965 -0.453324 -0.845633 -0.281783
7.138630 -45.983544 -56.858082 -1434.369738 0.662596 -0.746074 -0.065877 0.748078 0.663544 0.009411 0.036691 -0.055517 0.997783
-2.013888 -21.965807 61.822843 89.825205 0.235189 0.346548 0.908070 0.304111 0.861129 -0.407398 -0.923148 0.371969 0.097139
-1.879218 -24.346048 51.050388 555.801648 0.211725 0.390624 0.895871 0.656789 0.621939 -0.426404 -0.723741 0.678679 -0.124878
-9.302102 -10.889499 5.888756 101.263675 0.905123 -0.326541 -0.272256 -0.402156 -0.865336 -0.299104 0.137923 -0.380216 0.914556
-6.380315 -9.840964 50.613075 -40.109648 0.335434 -0.720345 -0.607114 0.926774 0.367961 0.075460 0.169037 -0.587970 0.791023
-7.966264 -10.309526 103.823510 -59.800510 0.522490 -0.681470 -0.512448 0.826877 0.551616 0.109522 0.208038 -0.480955 0.851705
-7.534784 -8.542252 -24.692371 -42.596795 -0.587209 0.194595 -0.785696 0.807748 0.203526 -0.553281 0.052244 -0.959536 -0.276696
1.526929 -9.876339 -79.521210 400.854197 -0.079623 0.725454 0.683649 0.770027 -0.390764 0.504343 -0.633023 -0.566586 0.527505
-3.783619 -38.291665 105.749048 1825.999402 0.355440 -0.823725 -0.441746 0.791808 0.014214 0.610604 -0.496691 -0.566811 0.657285
-19.331293 -90.161239 -271.892918 4293.457476 -0.521148 0.842762 0.134748 0.700856 0.332495 0.631069 -0.487037 -0.423319 0.763934
-0.475334 -2.603577 -41.843114 -1.647332 0.879710 -0.347826 -0.324233 -0.454149 -0.816660 -0.356112 0.140923 -0.460526 0.876389
-0.030036 -2.416273 -36.308768 26.208083 0.924409 -0.260183 -0.278878 -0.360000 -0.836717 -0.412680 0.125969 -0.481881 0.867135
-0.700987 -2.544714 14.965215 -46.116263 0.812928 -0.427342 -0.395634 -0.548784 -0.789489 -0.274851 0.194893 -0.440552 0.876317
-0.815660 -2.189417 -30.892708 -22.493329 0.885279 -0.324436 -0.333199 -0.429574 -0.844963 -0.318598 0.178176 -0.425181 0.887397
