14808
29597
-9.735986 -13.136206 221.807886 338.953445 0.422323 0.824643 0.376308 -0.669872 0.004254 0.742464 -0.610667 0.565638 -0.554202
-11.286532 -15.518625 226.812284 -282.635149 0.455143 0.797250 0.396531 0.748831 -0.101770 -0.654901 -0.481765 0.595008 -0.643326
-12.531419 -19.840535 -122.539373 972.302810 0.817030 0.528277 -0.231052 -0.220493 0.656516 0.721366 -0.532771 0.538432 -0.652875
-8.016353 -13.202638 -26.131993 -227.031972 0.199012 0.753285 0.626862 0.810516 0.233042 -0.537359 -0.550870 0.615023 -0.564171
-10.495760 -16.512674 -244.464677 994.874935 0.726231 0.652769 -0.215596 -0.239123 0.533900 0.811031 -0.644522 0.537441 -0.543827
-7.188879 -10.652413 -79.304685 287.166046 0.486624 0.845594 0.219472 -0.517711 0.076772 0.852104 -0.703685 0.528277 -0.475132
-6.891370 -11.065463 11.960254 243.132972 0.165240 0.751669 0.638505 -0.737381 -0.335773 0.586111 -0.654954 0.567671 -0.498783
2.570626 -17.100412 -767.243348 -237.997690 0.228227 0.871318 0.434417 0.723245 -0.450433 0.523476 -0.651789 -0.194718 0.732977
9.738166 -18.089039 -474.299850 -248.134378 0.324783 0.883512 0.337524 0.735114 -0.460355 0.497675 -0.595083 -0.086482 0.798997
5.001634 -18.459079 -771.398125 -62.640928 0.271250 0.853841 0.444274 0.822020 -0.445621 0.354549 -0.500707 -0.269031 0.822749
-1.867564 -17.620469 -647.327308 -88.478115 0.256830 0.864203 0.432656 0.796685 -0.442742 0.411426 -0.547111 -0.239024 0.802208
-3.515024 -16.575961 -599.749498 -178.045950 0.236265 0.886864 0.397054 0.703207 -0.438056 0.560007 -0.670581 -0.146901 0.727146
1.122768 -20.373033 -2001.507378 -96.585901 0.553875 0.823988 -0.119439 0.830130 -0.557561 0.003056 -0.064077 -0.100843 -0.992837
-6.959535 -18.109378 -1016.286565 -398.121826 0.527095 0.849624 -0.017601 -0.838907 0.516917 -0.170390 0.135669 -0.104578 -0.985219
4.245329 -23.531849 -1823.021529 1348.321232 0.590146 0.789140 -0.170255 0.782389 -0.507091 0.361562 0.198988 -0.346580 -0.916671
2.679640 -7.076638 -1.785092 -139.758004 0.487755 0.745734 -0.453845 -0.169254 0.590798 0.788867 -0.856416 0.307959 -0.414383
1.356013 -8.164994 137.068439 -86.236688 0.486456 0.744244 -0.457669 -0.085995 0.562068 0.822608 -0.869462 0.360806 -0.337423
1.800047 -7.467085 155.185776 -113.459716 0.477466 0.738432 -0.476176 -0.129675 0.595227 0.793025 -0.869029 0.316894 -0.379957
2.068354 -6.296953 126.133498 -174.371077 0.482957 0.744172 -0.461477 -0.210501 0.610229 0.763747 -0.849966 0.271716 -0.451363
2.521400 -7.352502 6.976668 -115.330984 0.435003 0.733290 -0.522549 -0.104529 0.617535 0.779567 -0.894341 0.284492 -0.345279
2.474858 -6.131924 27.594148 -145.022342 0.451031 0.714372 -0.535018 -0.177295 0.659221 0.730749 -0.874722 0.234734 -0.423983
-1.104691 -12.385953 -375.971302 -61.228467 -0.603450 -0.711548 0.359927 0.644468 -0.169393 0.745632 -0.469584 0.681914 0.560790
-1.208600 -12.486773 -282.159955 7.208230 -0.628324 -0.708856 0.320519 0.680292 -0.300789 0.668377 -0.377375 0.638003 0.671223
2.572326 -11.739892 -530.807229 -40.369382 -0.567084 -0.713138 0.412129 0.705509 -0.162343 0.689857 -0.425057 0.681967 0.595187
4.146524 -11.495304 -606.422853 -78.107945 -0.544302 -0.710628 0.445806 0.677902 -0.059561 0.732736 -0.494150 0.701042 0.514155
6.527129 -11.216604 -500.435498 -48.243544 -0.494855 -0.750828 0.437464 0.706619 -0.054677 0.705479 -0.505774 0.658230 0.557607
5.312889 -11.146294 -448.893456 3.702920 -0.507189 -0.753075 0.419091 0.753438 -0.151345 0.639864 -0.418438 0.640291 0.644155
0.204081 -20.586597 59.917695 59.655263 0.392458 0.819554 0.417501 0.915216 -0.302851 -0.265823 -0.091415 0.486428 -0.868925
-0.149883 -21.871602 38.506229 -239.005029 0.427204 0.811454 0.398796 0.903734 -0.396678 -0.160968 0.027576 0.429172 -0.902802
-0.192979 -21.375335 52.122557 9.338276 0.390550 0.820535 0.417365 0.913938 -0.291224 -0.282676 -0.110399 0.491845 -0.863655
0.625829 -40.097760 -77.046502 80.876256 0.500500 0.809546 -0.306814 -0.012505 -0.347599 -0.937560 0.865646 -0.473086 0.163850
1.682030 -40.852777 35.726865 -201.128080 0.486295 0.819383 -0.303527 0.287610 -0.478108 -0.829876 0.825104 -0.316267 0.468164
1.548534 -39.085934 -6.792870 77.406432 0.491755 0.804272 -0.333652 0.021752 -0.394412 -0.918676 0.870462 -0.444506 0.211448
0.789626 -36.123757 31.143928 301.420802 0.487390 0.804530 -0.339385 -0.219236 -0.263475 -0.939424 0.845214 -0.532271 -0.047967
1.840675 -39.642551 -24.789444 563.600860 0.496633 0.796862 -0.344044 -0.204992 -0.277484 -0.938606 0.843406 -0.536669 -0.025543
-1.926103 -20.136915 140.799262 -627.902379 0.513651 0.718351 0.469184 -0.193519 0.629741 -0.752314 0.835890 -0.295632 -0.462482
-2.386886 -21.319228 209.646052 -510.955333 0.515035 0.719767 0.465484 -0.269132 0.651373 -0.709423 0.813823 -0.240101 -0.529192
-1.769689 -23.487460 144.083767 -401.894635 0.494095 0.740177 0.456080 -0.398607 0.659063 -0.637769 0.772646 -0.133322 -0.620679
-3.408540 -19.314903 267.264114 -799.505411 0.507848 0.731556 0.454880 -0.121547 0.583611 -0.802885 0.852829 -0.352454 -0.385304
-0.822886 -22.503625 -19.793652 -276.430412 0.522807 0.736615 0.429035 -0.429956 0.662447 -0.613435 0.736078 -0.136242 -0.663044
-1.933968 -15.613308 91.999263 -514.530845 0.545894 0.692448 0.471715 -0.019553 0.573379 -0.819057 0.837626 -0.437895 -0.326543
-0.802990 -19.136411 -63.584186 -474.890447 0.547859 0.696902 0.462794 -0.218141 0.653072 -0.725197 0.807629 -0.296352 -0.509814
-0.673908 -16.006533 -53.966583 -491.554495 0.554353 0.676956 0.484174 -0.080911 0.622821 -0.778169 0.828340 -0.392205 -0.400036
-2.983320 -40.891516 88.296514 506.703845 0.305863 0.524883 -0.794321 -0.013213 0.836564 0.547709 0.951984 -0.157029 0.262809
-2.068998 -37.870462 66.747437 681.630290 0.325581 0.518730 -0.790517 -0.311477 0.848245 0.428326 0.892737 0.106773 0.437745
-2.639702 -38.481830 75.465082 450.359577 0.335895 0.492110 -0.803120 -0.025224 0.857054 0.514608 0.941562 -0.152596 0.300294
-1.883379 -35.227894 -57.112891 578.819088 0.398694 0.492133 -0.773853 -0.190611 0.869860 0.454984 0.897057 -0.033894 0.440614
-3.339386 -39.548888 25.467244 -78.238300 0.339179 0.490923 -0.802467 0.279403 0.761968 0.584242 0.898272 -0.422374 0.121278
-2.332160 -37.438806 -103.803797 425.724703 0.400105 0.468384 -0.787739 0.087220 0.836174 0.541484 0.912309 -0.285357 0.293705
0.362394 -357.842395 712.795692 -28615.154773 0.144790 0.160251 -0.976399 0.627024 0.748504 0.215829 0.765426 -0.643476 0.007895
30.923229 -2031.983606 77.197883 -146776.595917 0.180276 0.091739 -0.979329 0.649158 0.736920 0.188529 0.738982 -0.669726 0.073296
19.608544 -651.402896 -911.582204 -52965.937839 0.249129 0.224208 -0.942160 0.615737 0.714230 0.332782 0.747531 -0.663028 0.039882
-5.498689 -205.362477 -316.668683 -15324.638860 0.196292 0.152399 -0.968630 0.484012 0.844053 0.230883 0.852761 -0.514149 0.091918
-3.742788 -97.900819 -479.742369 -8915.887209 0.205292 0.346033 -0.915487 0.586329 0.705482 0.398136 0.783628 -0.618511 -0.058060
0.574700 -180.230568 -636.359080 -14694.026770 0.204674 0.395822 -0.895228 0.568114 0.696741 0.437948 0.797092 -0.598228 -0.082267
15.348147 -449.052304 -650.430042 -38122.877164 0.165686 0.348542 -0.922533 0.442612 0.809670 0.385394 0.881273 -0.472179 -0.020118
-2.552990 -8.625240 66.044340 136.199121 -0.368318 -0.923361 0.108377 0.929546 -0.363626 0.060993 -0.016910 0.123206 0.992237
-1.747438 -10.785996 17.492887 379.089867 -0.293617 -0.949153 0.113564 0.952329 -0.280150 0.120770 -0.082815 0.143610 0.986163
-2.024794 -9.399609 -20.826024 244.571405 -0.368540 -0.923237 0.108676 0.928445 -0.359700 0.092764 -0.046553 0.135087 0.989739
13.860180 -9.200057 -1290.600995 -96.963626 -0.583093 -0.294387 -0.757191 -0.572882 0.809848 0.126303 0.576028 0.507428 -0.640866
7.885934 -9.942946 -1206.959637 -62.428403 -0.522004 -0.293572 -0.800829 -0.550560 0.833081 0.053476 0.651456 0.468820 -0.596500
2.230781 -14.190733 513.351557 142.273495 0.392868 0.517854 0.759922 0.778466 -0.627190 0.024947 0.489535 0.581773 -0.649535
3.629548 -13.401991 589.878911 327.529952 0.387260 0.527419 0.756214 0.790652 -0.611876 0.021855 0.474236 0.589438 -0.653959
-0.343714 -49.903694 -110.731415 1066.399478 0.760323 0.169749 0.626972 0.429929 0.592031 -0.681660 0.486898 -0.787835 -0.377155
-0.977248 -50.432080 -53.677791 852.156023 0.761843 0.176937 0.623128 0.556485 0.313587 -0.769407 0.331542 -0.932929 -0.140441
-0.203922 -54.364134 -139.324042 955.914676 0.735874 0.138055 0.662896 0.600854 0.318241 -0.733278 0.312194 -0.937904 -0.151234
0.654916 -50.342994 -104.587954 993.716893 0.745922 0.152823 0.648264 0.467033 0.573912 -0.672685 0.474848 -0.804531 -0.356720
-19.369780 -35.167967 -117.545425 -508.525825 0.128512 -0.043415 0.990757 -0.155111 0.985866 0.063321 -0.979502 -0.161815 0.119961
-15.626394 -40.342520 807.902883 -957.102759 0.345626 -0.088132 0.934225 -0.322889 0.923615 0.206588 -0.881070 -0.373053 0.290768
2.325998 -69.488372 2192.918635 -3707.228494 0.323748 -0.315782 0.891891 -0.097549 0.926495 0.363444 -0.941101 -0.204667 0.269146
-24.100172 -30.986286 -985.918278 605.400386 0.173420 -0.284422 0.942884 -0.307502 0.893888 0.326200 -0.935611 -0.346508 0.067558
-16.193422 -37.608876 -328.233559 -5.279509 0.051966 -0.094230 0.994193 0.101846 0.990848 0.088589 -0.993442 0.096651 0.061087
-17.950562 -36.720474 -637.478715 712.780103 -0.002301 -0.250141 0.968207 -0.086493 0.964631 0.249011 -0.996250 -0.083170 -0.023855
1.217348 -50.323619 56.596387 -257.655106 -0.721183 -0.199751 -0.663321 0.232245 0.832396 -0.503170 0.652653 -0.516931 -0.553919
0.318059 -68.490676 58.095053 -2418.493128 -0.716785 -0.247695 -0.651819 0.043479 0.917086 -0.396311 0.695938 -0.312410 -0.646584
1.019029 -56.919164 85.939998 -1461.799697 -0.723771 -0.276218 -0.632344 -0.062256 0.938789 -0.338821 0.687226 -0.205862 -0.696664
1.626029 -48.716806 -45.659079 -497.909887 -0.724607 -0.212265 -0.655658 0.148330 0.881051 -0.449163 0.673010 -0.422720 -0.606931
2.261206 -69.359475 -155.559863 -3128.668384 -0.706073 -0.272255 -0.653712 -0.126377 0.956766 -0.261970 0.696771 -0.102356 -0.709953
2.490188 -9.979478 -116.879862 -31.672853 0.352406 0.877086 -0.326391 0.197593 0.271168 0.942032 -0.914750 0.396470 0.077744
3.140501 -10.321090 -156.778868 8.365700 0.343022 0.891087 -0.297152 0.294648 0.198306 0.934803 -0.891919 0.408213 0.194534
1.509224 -9.828793 -62.637656 -40.114715 0.346777 0.901460 -0.259067 0.199457 0.199014 0.959484 -0.916495 0.384399 0.110789
1.348802 -9.228772 -29.921325 -101.013530 0.353698 0.888031 -0.293765 0.096884 0.277595 0.955801 -0.930328 0.366526 -0.012149
1.650616 -9.277633 -70.376817 -97.470077 0.357900 0.873808 -0.329191 0.078093 0.323297 0.943070 -0.930489 0.363232 -0.047469
-0.219984 -14.653738 98.469384 366.226693 0.415686 0.616199 0.668957 -0.643465 0.719058 -0.262503 -0.642773 -0.321332 0.695405
-0.600044 -15.389077 -17.729415 218.624672 0.408216 0.603331 0.685093 -0.633040 0.727804 -0.263745 -0.657739 -0.326026 0.679034
-0.803137 -16.038294 -147.469313 190.318617 0.409685 0.574698 0.708435 -0.709112 0.689173 -0.148996 -0.573862 -0.441319 0.689870
-7.153978 -9.931727 -79.169843 70.193401 0.933719 0.329899 0.139050 -0.308613 0.938567 -0.154436 -0.181456 0.101287 0.978169
-7.190874 -10.309051 0.095089 14.686877 0.894057 0.419271 0.157713 -0.386320 0.899901 -0.202326 -0.226755 0.119964 0.966535
-6.910860 -10.363856 -6.292773 50.203512 0.965736 0.178343 0.188543 -0.176331 0.983946 -0.027529 -0.190425 -0.006660 0.981679
-6.692274 -9.892412 16.241948 21.291952 0.989831 0.069878 0.123903 -0.073525 0.996977 0.025106 -0.121774 -0.033960 0.991977
-5.469566 -10.180891 132.586615 -22.045340 0.984864 -0.140282 0.101806 -0.122767 -0.979187 -0.161623 -0.122360 -0.146678 0.981587
-6.852683 -10.826202 48.597991 15.675780 0.970377 0.114141 0.212932 -0.135666 0.986719 0.089333 -0.199907 -0.115574 0.972975
-433.036316 -1032.222310 -48185.181278 -176585.950666 -0.867021 -0.182342 -0.463709 -0.214021 0.976696 0.016105 0.449966 0.113207 -0.885841
-46.853331 -406.001982 3063.698051 -7521.797683 0.185319 0.611303 0.769393 0.980933 -0.161728 -0.107775 0.058549 0.774695 -0.629618
-366.106900 -444.739118 16856.309805 -32615.558049 0.113374 0.869557 0.480643 -0.437105 0.478084 -0.761824 0.892237 0.123720 -0.434289
2.187499 -172.585123 108.595388 11975.796260 0.312071 0.014967 0.949941 0.452348 0.876927 -0.162421 -0.835460 0.480391 0.266893
1.032686 -95.043672 104.506370 -605.706694 0.365010 0.075791 0.927914 -0.049096 0.996861 -0.062109 -0.929708 -0.022886 0.367585
1.068335 -82.248031 -46.479385 1152.714955 0.294244 0.030053 0.955258 0.017091 0.999180 -0.036699 -0.955577 0.027125 0.293490
-9.646478 -16.380540 -652.010053 497.524909 0.439229 0.888249 -0.134509 -0.828834 0.342901 -0.442100 0.346572 -0.305669 -0.886823
-5.969659 -16.738926 -1112.390713 -855.644230 0.395348 0.870037 -0.294509 0.848171 -0.222718 0.480628 0.352572 -0.439809 -0.825991
-4.744364 -14.498994 -1813.466459 -993.280971 0.621034 0.725093 -0.297583 0.778558 -0.526933 0.340865 0.090353 -0.443375 -0.891771
-7.378895 -17.240833 -1811.027873 78.166609 0.580914 0.784415 -0.217332 0.800893 -0.503173 0.324635 0.145293 -0.362644 -0.920532
-13.436632 -15.007518 -26.661382 224.866320 0.576311 0.809348 0.113237 -0.733898 0.573510 -0.363977 0.359526 -0.126659 -0.924499
-10.003638 -16.682685 -147.672334 -108.552424 -0.281393 -0.243608 -0.928156 -0.633936 0.773311 -0.010773 0.720377 0.585360 -0.372036
-11.270408 -16.427196 -104.879025 -114.844395 -0.356684 -0.340688 -0.869890 -0.544847 0.832242 -0.102538 0.758892 0.437383 -0.482471
-11.562674 -17.302286 -63.971216 -66.059089 -0.307227 -0.392974 -0.866708 -0.698995 0.711215 -0.074695 0.645769 0.582876 -0.493191
-8.753571 -16.685433 242.431831 116.752678 0.174100 0.181634 0.967832 0.713515 -0.700633 0.003137 0.678664 0.690016 -0.251579
-8.744730 -15.546338 -185.101499 -73.887897 -0.214682 -0.118342 -0.969488 -0.575680 0.817205 0.027724 0.788990 0.564066 -0.243566
-3.822896 -42.716219 373.781683 3142.852388 0.534789 0.626128 0.567419 0.146528 0.592622 -0.792041 0.832184 -0.506718 -0.225182
3.913785 -21.365425 -754.647909 1734.035782 -0.449891 -0.547634 -0.705475 0.297187 0.653114 -0.696507 0.842187 -0.523010 -0.131081
4.089580 -8.255356 -468.821955 344.449394 -0.376608 -0.376562 -0.846385 0.481062 0.701306 -0.526069 0.791673 -0.605286 -0.082968
8.735762 -6.718228 581.786931 370.231966 0.355431 0.932109 0.069576 -0.856310 0.294878 0.424005 -0.374703 0.210283 -0.902983
8.401726 -7.680962 673.711334 185.783348 0.211854 0.968345 0.132011 -0.942306 0.166572 0.290368 -0.259187 0.185910 -0.947765
3.627222 -5.493590 421.246037 177.662550 0.261134 0.954780 0.142143 -0.922671 0.203604 0.327449 -0.283701 0.216659 -0.934116
0.855806 -4.678075 78.811515 90.674210 0.291869 0.952241 0.089722 -0.914947 0.250634 0.316315 -0.278721 0.174413 -0.944402
0.712795 -4.261485 105.499602 142.248609 0.336146 0.937183 0.093236 -0.887620 0.282153 0.364034 -0.314860 0.205127 -0.926707
4.765073 -4.101673 432.100356 221.412659 0.394127 0.912075 0.113063 -0.852963 0.317196 0.414537 -0.342226 0.259819 -0.902982
3.982603 -6.031279 502.473501 5.388597 0.099630 0.976707 0.190048 0.979240 -0.062359 -0.192876 -0.176532 0.205318 -0.962643
-1.144042 -12.971311 -443.610229 88.671861 0.555793 0.746480 -0.365871 -0.145632 -0.345875 -0.926910 0.818465 -0.568452 0.083523
-0.302409 -13.241250 -427.323947 -6.189661 0.559123 0.747072 -0.359534 -0.005074 -0.430560 -0.902547 0.829069 -0.506460 0.236946
2.931815 -12.915256 -288.369094 48.695658 0.527905 0.773286 -0.351205 -0.072665 -0.370880 -0.925833 0.846189 -0.514272 0.139598
2.425241 -12.612339 -511.361568 83.403330 0.563332 0.748541 -0.349778 -0.181453 -0.300924 -0.936226 0.806060 -0.590874 0.033695
-2.557359 -18.504102 -143.612049 159.479442 0.661604 0.696897 -0.276794 0.748514 -0.591732 0.299298 0.044792 -0.405201 -0.913130
-1.890633 -17.439433 -92.372193 -54.396546 0.647209 0.712512 -0.271011 0.760496 -0.628014 0.165058 -0.052593 -0.312930 -0.948319
-2.174613 -18.475218 -44.625662 59.388668 0.640803 0.725466 -0.251139 0.762464 -0.563250 0.318432 0.089558 -0.395536 -0.914074
-0.785638 -11.589545 -29.574593 43.008684 0.751245 0.656541 -0.067709 0.424737 -0.559412 -0.711798 0.505202 -0.505976 0.699113
-0.562526 -10.919701 44.280166 -62.489944 0.749171 0.654996 -0.098602 0.401412 -0.567364 -0.719003 0.526887 -0.499077 0.687977
-0.454103 -11.395749 54.462123 -55.624730 0.734928 0.673318 -0.080775 0.456422 -0.579212 -0.675420 0.501558 -0.459517 0.732996
1.807788 -28.076166 266.433414 -1637.219754 0.003652 0.052988 0.998588 0.213563 0.975515 -0.052545 -0.976922 0.213454 -0.007753
4.104775 -33.764927 263.274446 -1609.029723 0.018928 0.108546 0.993911 0.431320 0.895943 -0.106061 -0.902000 0.430702 -0.029860
-0.046276 -33.782511 296.129158 -1236.156221 -0.053872 -0.115204 0.991880 0.419904 0.898614 0.127178 -0.905968 0.423346 -0.000035
-1.409463 -29.368500 319.143785 -1361.957677 -0.010736 -0.049221 0.998730 0.151384 0.987195 0.050280 -0.988417 0.151732 -0.003147
-4.511815 -27.377893 465.794457 -1265.261499 -0.040811 -0.204136 0.978091 0.264599 0.941750 0.207592 -0.963494 0.267274 0.015580
-2.838522 -31.044089 340.967420 -721.066756 -0.136432 -0.323424 0.936367 0.515363 0.784059 0.345907 -0.846042 0.529762 0.059710
0.444359 -2.001985 -124.761610 79.644643 0.445011 0.839287 -0.312350 0.880776 -0.347154 0.322051 0.161859 -0.418427 -0.893712
1.012688 -1.939373 -162.273666 -52.959544 0.334205 0.880308 -0.336696 0.927735 -0.244274 0.282203 0.166180 -0.406679 -0.898330
1.283035 -1.510897 -300.935342 -100.926253 0.140406 0.912577 -0.384044 0.977660 -0.066509 0.199391 0.156417 -0.403461 -0.901528
11.368477 -8.766558 294.005019 336.254116 0.258114 0.963259 -0.074226 -0.875297 0.265680 0.404066 -0.408940 0.039325 -0.911713
11.322210 -9.788832 304.262014 2.061636 0.129850 0.991353 -0.018933 -0.969532 0.130946 0.207028 -0.207717 0.008526 -0.978152
-0.959616 -12.136268 169.863521 377.896067 0.517533 0.584951 -0.624493 -0.032940 0.742914 0.668576 0.855029 -0.325439 0.403750
-0.385723 -14.524611 124.158816 -467.313434 0.527564 0.670800 -0.521252 0.022203 -0.624265 -0.780897 0.849225 -0.400399 0.344234
6.162485 -12.019292 731.920781 272.705276 0.481509 0.447437 -0.753624 0.145526 0.807116 0.572176 0.864275 -0.385180 0.323520
4.663981 -13.531476 612.125999 -415.328444 0.508805 0.629183 -0.587577 -0.117346 -0.625470 -0.771374 0.852847 -0.461428 0.244410
25.949229 -14.257699 3700.017146 -42.630639 0.346422 0.392620 -0.851963 0.361555 0.782151 0.507462 0.865603 -0.483828 0.129001
3.188009 -10.264092 443.486415 296.950221 0.499395 0.371595 -0.782638 0.061541 0.885851 0.459870 0.864186 -0.277821 0.419521
-1.926704 -44.752792 -113.740975 -853.505402 0.608901 0.416450 0.675136 -0.541193 0.840353 -0.030264 -0.579957 -0.346951 0.737072
-1.275969 -44.342271 -53.754466 -471.432671 0.611290 0.407253 0.678579 -0.502367 0.862215 -0.064912 -0.611516 -0.301216 0.731653
-1.723892 -40.221207 68.986044 703.998115 -0.618120 -0.408717 -0.671475 0.674639 -0.714257 -0.186275 -0.403472 -0.568144 0.717233
-1.643161 -44.921597 -60.789228 12.570377 0.605555 0.408272 0.683094 -0.297873 0.912256 -0.281177 -0.737953 -0.033208 0.674034
-3.210968 -38.865633 119.772262 1161.292008 -0.620127 -0.437790 -0.650986 0.691187 -0.697412 -0.189411 -0.371084 -0.567412 0.735079
-3.118673 -41.265029 -175.788429 -841.883026 0.608632 0.441080 0.659557 -0.563075 0.825761 -0.032630 -0.559029 -0.351520 0.750946
-2.748375 -44.888064 -149.410753 -106.387992 0.611509 0.424205 0.667912 -0.347153 0.902392 -0.255290 -0.711014 -0.075755 0.699085
-7.618922 -33.370550 617.728652 120.199106 0.131678 0.973829 -0.185249 0.965832 -0.168118 -0.197242 0.223224 0.152947 0.962693
-15.792076 -35.027812 825.126593 273.127233 0.211753 0.972336 -0.098606 0.956535 -0.226890 -0.183196 0.200501 0.055528 0.978119
-10.834383 -32.097901 632.886135 147.252251 0.138286 0.976554 -0.164980 0.893514 -0.194872 -0.404546 0.427211 0.091469 0.899513
-4.197044 -34.292126 425.141188 233.221404 0.076710 0.975147 -0.207856 0.890277 -0.160852 -0.426067 0.448912 0.152366 0.880490
-7.128539 -31.434539 509.695273 219.055540 0.099259 0.976791 -0.189810 0.777837 -0.195130 -0.597406 0.620578 0.088343 0.779153
-9.289749 -23.978890 -61.167428 701.572779 -0.600982 0.161204 -0.782837 0.341073 0.937517 -0.068784 0.722835 -0.308342 -0.618413
-6.254610 -23.822185 -402.505352 475.294275 -0.623886 -0.360514 -0.693394 -0.017813 0.893573 -0.448564 0.781312 -0.267501 -0.563910
-12.447979 -24.538236 -252.202815 482.139325 -0.662075 -0.195410 -0.723513 0.176912 0.897374 -0.404256 0.728257 -0.395646 -0.559558
-15.355927 -25.508251 -107.056276 673.899467 -0.543035 0.276311 -0.792947 0.522406 0.850483 -0.061399 0.657423 -0.447583 -0.606189
-4.969413 -51.661005 -208.554649 4158.554975 -0.656374 0.193937 -0.729083 0.378828 0.920453 -0.096207 0.652429 -0.339344 -0.677630
-13.301290 -19.183587 163.009477 226.271665 -0.528955 0.519165 -0.671323 0.515491 0.824947 0.231799 0.674148 -0.223450 -0.703985
4.150724 -471.417946 -327.669719 -229.404766 -0.849371 -0.249862 -0.464907 -0.131092 0.953113 -0.272745 0.511258 -0.170717 -0.842301
20.683225 -347.785107 877.442870 34768.766455 0.807096 0.267957 0.526113 -0.523997 0.735705 0.429145 0.272072 0.622043 -0.734193
4.381072 -76.507959 -977.816297 13439.915038 -0.776385 -0.114019 -0.619859 0.010563 0.981008 -0.193680 0.630170 -0.156918 -0.760436
20.446281 -355.320555 1593.465135 -64543.918589 0.805246 0.170590 0.567871 0.507892 0.295782 -0.809048 0.305981 -0.939900 -0.151536
6.737542 -607.772815 1247.095039 -4598.907330 0.797652 0.160947 0.581246 0.574562 0.090250 -0.813470 0.183383 -0.982828 0.020486
-3.481458 -408.983212 19.959653 -3117.115877 0.883120 0.163281 0.439817 0.090880 0.860184 -0.501821 0.460261 -0.483138 -0.744807
-0.490377 -8.114079 -42.830232 -8.383235 0.388293 0.873155 -0.294667 0.782910 -0.481227 -0.394299 0.486086 0.077594 0.870459
-0.312927 -7.383269 -53.431759 -14.455974 0.366378 0.885238 -0.286567 0.792931 -0.458194 -0.401646 0.486855 0.080074 0.869805
0.025958 -5.790939 -21.270138 -238.964437 0.193877 0.951954 -0.237057 0.909218 -0.265109 -0.320998 0.368421 0.153303 0.916932
1.864679 -2.292727 320.633259 -137.432582 -0.420059 0.906932 -0.032016 0.861465 0.387411 -0.328316 0.285357 0.165493 0.944025
2.958104 -1.661828 472.439138 -115.363788 -0.515198 0.856521 -0.030716 0.820441 0.482497 -0.306713 0.247885 0.183219 0.951306
4.739528 -12.437750 -222.382575 87.718367 0.509216 0.790422 -0.340489 -0.181305 -0.288224 -0.940242 0.841325 -0.540518 0.003461
5.381142 -12.077271 -147.763073 50.218622 0.488972 0.804585 -0.336971 -0.273906 -0.225143 -0.935033 0.828180 -0.549503 -0.110292
3.049968 -11.989964 -448.860819 99.081845 0.547426 0.755478 -0.359968 -0.294794 -0.228485 -0.927842 0.783212 -0.614042 -0.097632
5.583558 -12.138849 101.713212 81.080258 0.447105 0.830605 -0.331953 -0.191498 -0.273623 -0.942581 0.873742 -0.485001 -0.036721
4.854428 -4.564866 51.595957 -207.914722 0.495494 0.694681 -0.521444 0.740468 -0.651644 -0.164519 0.454084 0.304594 0.837275
4.122317 -5.721913 209.978959 212.541708 0.465498 0.667521 -0.581143 -0.719377 0.667868 0.190913 0.515566 0.329192 0.791091
4.854212 -6.370844 41.381008 -224.008101 0.499007 0.695377 -0.517149 0.715271 -0.667410 -0.207245 0.489264 0.266485 0.830425
4.448736 -6.016172 -152.954919 -198.739312 0.530922 0.725081 -0.438610 0.728468 -0.654950 -0.200935 0.432962 0.212832 0.875926
5.118210 -3.684513 -114.207056 -178.961683 0.547805 0.697782 -0.461530 0.732903 -0.666300 -0.137465 0.403438 0.262952 0.876410
396.268088 -1192.863365 22204.407072 102260.429156 0.932510 0.129312 0.337198 0.019245 0.914577 -0.403953 0.360630 -0.383180 -0.850364
-5.278171 -72.264040 -375.817462 5557.810820 -0.801491 -0.590914 -0.091827 -0.492431 0.739288 -0.459309 0.339298 -0.322914 -0.883518
-2.474112 -26.094399 487.775719 1908.659448 0.738044 0.670316 -0.077249 -0.601923 0.602318 -0.524311 0.304926 -0.433462 -0.848016
-6.495003 -38.583837 -499.865393 4358.320548 0.906088 0.396982 0.146318 -0.261738 0.797665 -0.543345 0.332411 -0.454022 -0.826660
-17.935687 -174.065692 -924.264917 13738.218861 0.894949 0.294233 0.335399 -0.066984 0.831819 -0.550991 0.441111 -0.470643 -0.764145
5.080643 -26.630907 107.097783 213.730821 0.450108 0.545392 -0.707071 0.764244 0.174281 0.620933 0.461881 -0.819862 -0.338367
5.035557 -21.721833 -65.681677 -78.217309 0.382012 0.571612 -0.726172 0.758360 0.255179 0.599811 0.528164 -0.779835 -0.336006
2.950037 -25.124077 5.795391 182.491986 0.482434 0.559613 -0.673863 0.791587 0.050843 0.608938 0.375030 -0.827193 -0.418454
4.216544 -37.377169 212.599408 1552.924487 0.538335 0.555202 -0.633992 0.784246 -0.054679 0.618036 0.308469 -0.829916 -0.464851
6.889309 -38.645635 256.154375 1039.768304 0.509395 0.511074 -0.692330 0.781285 0.062565 0.621031 0.360708 -0.857257 -0.367424
6.510678 -27.058737 187.971483 385.332012 0.447167 0.509650 -0.735050 0.691495 0.324275 0.645508 0.567341 -0.796934 -0.207415
2.320641 -10.676636 227.340961 93.047929 -0.453755 -0.823845 -0.339685 0.817396 -0.232968 -0.526867 0.354921 -0.516726 0.779118
1.359297 -12.008663 207.263961 112.945102 -0.442684 -0.827070 -0.346391 0.850886 -0.265595 -0.453267 0.282884 -0.495393 0.821317
3.062216 -11.656970 108.709696 188.653023 -0.465301 -0.836136 -0.290467 0.819492 -0.282899 -0.498399 0.334556 -0.469941 0.816840
3.003529 -12.700850 128.721565 192.669577 -0.454693 -0.839498 -0.297484 0.855508 -0.318774 -0.408032 0.247712 -0.440029 0.863141
4.580435 -12.765183 37.671504 199.129981 -0.488134 -0.836591 -0.248680 0.831076 -0.358535 -0.425165 0.266529 -0.414209 0.870284
3.882265 -11.052407 -31.234888 158.770122 -0.486106 -0.850691 -0.200065 0.792461 -0.332595 -0.511259 0.368382 -0.407070 0.835816
-14.779730 -18.912146 195.557102 506.052641 0.795212 0.606246 0.010142 -0.446700 0.574460 0.685897 -0.409996 0.549964 -0.727628
-12.177197 -17.715375 231.589352 -238.359872 0.517980 0.769391 0.373811 0.779824 -0.245153 -0.575999 -0.351528 0.589862 -0.726974
-9.767145 -15.483060 -24.242410 -216.539114 0.311421 0.754886 0.577203 0.860516 0.033667 -0.508310 -0.403149 0.654991 -0.639107
13.138209 -20.717352 -98.632451 -251.891450 0.441822 0.883932 0.153161 0.794291 -0.464805 0.391225 -0.417006 0.051197 0.907460
9.621101 -20.149672 -454.096193 -103.864285 0.371251 0.866051 0.334856 0.841373 -0.466310 0.273215 -0.392765 -0.180307 0.901790
-7.284583 -16.486155 -8.789131 -15.776487 0.035684 0.152860 0.987603 0.897751 -0.439068 0.035521 0.439055 0.885355 -0.152898
-7.121655 -15.820904 -24.250996 87.891865 0.058592 0.120290 0.991008 0.793678 -0.607745 0.026844 0.605510 0.784969 -0.131081
-7.822546 -16.362781 94.777118 84.558520 0.110790 0.168749 0.979413 0.799124 -0.601022 0.013158 0.590869 0.781214 -0.201439
-7.964198 -15.522304 -98.508197 80.711102 -0.010574 0.070432 0.997461 0.806496 -0.589109 0.050147 0.591145 0.804978 -0.050574
-8.290006 -16.686465 166.872037 -27.660476 0.059190 0.200704 0.977862 0.895212 -0.444105 0.036964 0.441693 0.873206 -0.205960
-7.612302 -16.188357 -100.501351 40.925076 -0.000497 0.082376 0.996601 0.893019 -0.448453 0.037513 0.450019 0.890002 -0.073341
3.816755 -7.667089 -345.861727 -108.876729 0.470013 0.747249 -0.469795 -0.112608 0.578664 0.807754 -0.875447 0.326752 -0.356126
4.750667 -8.754577 -360.854067 -55.512232 0.453740 0.764887 -0.457240 -0.037668 0.529102 0.847721 -0.890337 0.367422 -0.268887
-1.327577 -12.059999 -194.323307 55.976941 -0.646591 -0.704780 0.291898 0.711548 -0.419280 0.563829 -0.274989 0.572267 0.772588
-3.274918 -12.626161 -71.715373 86.179932 -0.660385 -0.711324 0.240644 0.675969 -0.423546 0.603054 -0.327043 0.560916 0.760536
-3.000825 -11.818544 -23.508105 102.885860 -0.651696 -0.720253 0.237755 0.721041 -0.491037 0.488858 -0.235355 0.490018 0.839339
-2.291105 -11.605306 -45.920370 69.351597 -0.677529 -0.696617 0.235963 0.712685 -0.542530 0.444681 -0.181756 0.469452 0.864048
-0.945296 -11.449685 -148.860224 5.151010 -0.655268 -0.699836 0.284347 0.727923 -0.484398 0.485270 -0.201873 0.524964 0.826837
2.805489 -7.020025 1.288355 -5.827555 0.185247 0.980232 -0.069494 0.969396 -0.193877 -0.150606 0.161102 0.039468 0.986148
2.282516 -7.164507 -169.547963 113.866782 0.186341 0.982384 -0.014107 0.974307 -0.186620 -0.126087 0.126499 -0.009751 0.991919
3.356637 -7.174034 3.704379 68.442132 0.186767 0.977996 -0.092966 0.976047 -0.195474 -0.095505 0.111576 0.072902 0.991078
2.624655 -7.391647 75.315949 -121.863629 0.226655 0.967861 -0.108961 0.953078 -0.243450 -0.179929 0.200673 0.063066 0.977626
2.647314 -6.805798 32.922501 -119.579045 0.156990 0.986183 -0.052891 0.968332 -0.164234 -0.188043 0.194132 0.021695 0.980736
3.179428 -7.422929 92.816621 -35.008285 0.221122 0.965932 -0.134461 0.962659 -0.238263 -0.128520 0.156179 0.101021 0.982549
-2.982890 -17.557285 10.886940 -197.426387 0.440781 0.750709 0.492085 0.866212 -0.212009 -0.452469 -0.235346 0.625690 -0.743723
-2.819524 -16.995719 -48.850775 290.383204 0.446797 0.777594 0.442402 0.848067 -0.210665 -0.486213 -0.284878 0.592425 -0.753577
-2.865252 -15.939625 6.680604 414.014779 0.429570 0.753254 0.498074 0.853475 -0.158451 -0.496461 -0.295041 0.638358 -0.710950
-2.775323 -17.998455 -35.418037 -322.014405 0.438145 0.780643 0.445675 0.868135 -0.238866 -0.435069 -0.233177 0.577529 -0.782361
-3.329378 -18.579560 4.834733 -810.776568 0.452316 0.759794 0.467037 0.871121 -0.264110 -0.413997 -0.191204 0.594103 -0.781334
-0.456627 -21.725430 37.033669 -118.473350 0.371977 0.831279 0.413049 0.901104 -0.216569 -0.375645 -0.222812 0.511931 -0.829627
-1.851440 -22.849509 80.645842 -205.052845 0.378967 0.829118 0.411033 0.892713 -0.210512 -0.398432 -0.243819 0.517927 -0.819941
-0.939382 -20.728395 64.538362 -296.021049 0.356517 0.835346 0.418442 0.833564 -0.082110 -0.546287 -0.421980 0.543558 -0.725588
1.938384 -37.604717 -86.622214 -534.676694 0.489370 0.837554 -0.242940 0.613484 -0.528622 -0.586682 0.619802 -0.138065 0.772518
1.600107 -41.102502 140.489267 -632.850239 0.447599 0.830130 -0.332474 0.484505 -0.537624 -0.690083 0.751605 -0.147796 0.642842
-2.379373 -37.502053 22.671289 562.018889 0.299426 0.552169 -0.778109 -0.299114 0.828739 0.472994 0.906021 0.091117 0.413307
-1.366522 -32.070776 67.435688 432.044521 0.315740 0.535999 -0.782951 -0.526955 0.785266 0.325079 0.789067 0.309940 0.530387
-1.317470 -32.403046 11.865505 399.100606 0.348608 0.525571 -0.776046 -0.558693 0.781331 0.278179 0.752552 0.336596 0.566011
-1.585392 -32.214990 -13.461116 439.602955 0.384125 0.498243 -0.777304 -0.398407 0.848926 0.347269 0.832898 0.176289 0.524597
9.280656 -440.157977 302.151299 -30053.506396 0.142609 -0.017550 -0.989624 0.677107 0.731004 0.084610 0.721934 -0.682147 0.116131
-2.248517 -21.012813 178.070629 -202.394000 -0.215566 -0.613243 0.759911 0.973623 -0.075396 0.215347 -0.074766 0.786288 0.613320
-0.666503 -22.026334 110.132871 -166.333579 -0.213286 -0.612130 0.761450 0.968434 -0.029543 0.247513 -0.129015 0.790205 0.599109
-1.105623 -23.271086 146.589192 -370.617234 -0.253594 -0.608721 0.751764 0.965061 -0.212187 0.153733 0.065934 0.764484 0.641262
-1.722145 -21.180741 177.168653 150.907928 -0.163155 -0.616462 0.770296 0.962464 0.072193 0.261633 -0.216897 0.784068 0.581543
-3.301356 -20.952779 186.917930 99.065217 -0.153719 -0.606991 0.779700 0.968830 0.062551 0.239701 -0.194268 0.792243 0.578455
-2.412826 -21.985971 210.932775 -321.510411 -0.271695 -0.603628 0.749544 0.955757 -0.260476 0.136675 0.112737 0.753516 0.647691
-3.549282 -19.943180 120.017986 -95.013455 -0.223695 -0.578153 0.784665 0.974563 -0.143992 0.171736 0.013696 0.803122 0.595657
44.861878 -6.376866 -3172.801210 62.685029 -0.739987 -0.038643 -0.671510 -0.207909 0.962599 0.173717 0.639681 0.268161 -0.720345
37.398718 -6.368017 16.447042 71.237592 -0.940759 -0.127997 -0.313990 -0.173632 0.977242 0.121858 0.291247 0.169158 -0.941574
52.029836 -8.179371 -3882.983016 2.857561 -0.692145 -0.029018 -0.721175 -0.159271 0.980701 0.113399 0.703966 0.193350 -0.683409
2.421218 -52.397016 107.658150 -1140.512744 -0.741124 -0.341682 -0.577918 -0.453569 0.889474 0.055775 0.494986 0.303462 -0.814187
2.514520 -40.459304 162.696952 -860.062828 -0.762720 -0.307287 -0.569064 -0.285241 0.949540 -0.130429 0.580428 0.062839 -0.811883
2.562007 -52.532078 178.065950 -1175.233135 -0.757491 -0.312777 -0.573043 -0.250393 0.949825 -0.187443 0.602918 0.001499 -0.797802
1.487313 -40.727046 130.922244 -703.992770 -0.757228 -0.325145 -0.566468 -0.367571 0.929051 -0.041910 0.539904 0.176482 -0.823017
1.786844 -80.964128 45.612555 -3656.477653 -0.701188 -0.376354 -0.605552 -0.462882 0.886295 -0.014852 0.542288 0.269885 -0.795667
1.623964 -69.565411 59.795854 -2701.829622 0.698491 0.361189 0.617780 -0.611790 0.749243 0.253669 0.371245 0.555138 -0.744311
1.722664 -49.251301 -101.695537 -1020.892761 0.724624 0.365112 0.584477 -0.555055 0.811887 0.180977 0.408453 0.455557 -0.790970
106.439046 -148.439119 16817.413641 -7530.333192 0.596254 0.189336 0.780149 -0.453136 0.881558 0.132377 -0.662683 -0.432444 0.611427
-36.906587 -242.881079 1093.870470 -20552.772130 -0.453322 0.882056 0.128361 0.527306 0.149277 0.836460 -0.718643 -0.446871 0.532784
-19.526962 -36.412362 73.463437 1125.619984 0.413489 -0.343939 0.843050 -0.438177 0.736473 0.515371 -0.798140 -0.582506 0.153817
1.873998 -68.798034 -77.687766 -1756.407575 -0.680364 -0.264831 -0.683352 0.007353 0.929913 -0.367706 0.732837 -0.255199 -0.630732
1.051012 -108.069295 73.728994 -5971.987209 -0.647214 -0.372101 -0.665323 -0.313130 0.925513 -0.213013 0.695028 0.070468 -0.715522
2.955249 -130.496774 23.576535 -9364.282987 -0.648571 -0.365625 -0.667588 -0.294283 0.929321 -0.223071 0.701964 0.051782 -0.710327
1.705584 -152.729516 -147.243509 -9877.198656 -0.640038 -0.345122 -0.686471 -0.523897 0.849570 0.061341 0.562035 0.398900 -0.724566
0.680360 -102.885351 -185.661788 -3095.408292 0.658000 0.372448 0.654460 -0.593793 0.791115 0.146789 0.463082 0.485201 -0.741711
-1.425559 -24.693248 259.676724 434.013945 0.679961 0.109579 0.725014 -0.536432 -0.599755 0.593746 -0.499893 0.792645 0.349029
1.146481 -29.704914 283.736854 342.469918 0.711449 0.146880 0.687216 -0.469081 -0.628901 0.620038 -0.523262 0.763486 0.378532
1.348622 -27.338755 259.686576 233.787773 0.654547 0.085959 0.751119 -0.650433 -0.442393 0.617434 -0.385363 0.892692 0.233657
-2.130141 -24.032488 246.646828 -6.800968 0.626923 0.073283 0.775627 0.697078 0.391837 -0.600455 -0.347922 0.917112 0.194567
2.188962 -10.242382 -158.175255 -17.388529 0.337218 0.910903 -0.237781 0.281548 0.143435 0.948766 -0.898340 0.386888 0.208094
13.369694 -9.682986 154.720892 -217.062267 -0.678298 0.730887 -0.075604 0.536643 0.563042 0.628489 -0.501923 -0.385730 0.774136
9.138175 -10.247168 250.507905 74.366101 0.762796 -0.645647 -0.035814 -0.569815 -0.644957 -0.509255 -0.305701 -0.408865 0.859870
13.765831 -10.289258 1216.479491 120.366604 0.840641 -0.499744 -0.208756 -0.509834 -0.600147 -0.616355 -0.182735 -0.624564 0.759294
5.770065 -10.393245 752.227911 -89.565567 0.874362 -0.456749 -0.163927 -0.474748 -0.735138 -0.483928 -0.100525 -0.500952 0.859617
-87.763952 -294.878129 5523.892208 -8800.734014 -0.014419 0.306527 0.951753 0.991461 -0.118993 0.053344 0.129604 0.944395 -0.302194
-16.727246 -338.514459 -26881.198180 119720.237726 -0.434678 -0.178956 0.882627 0.245123 0.919547 0.307161 -0.866585 0.349868 -0.355840
-24.077879 -104.131575 -1073.214323 7093.583280 0.451648 -0.021359 0.891940 0.425788 0.883683 -0.194443 -0.784040 0.467598 0.408209
-15.144553 -132.610351 -794.814932 10966.641558 0.339337 -0.004121 0.940656 0.667851 0.705273 -0.237834 -0.662439 0.708924 0.242077
-11.502591 -80.924015 -646.043316 5056.118434 0.312583 0.007495 0.949861 0.311521 0.943855 -0.109964 -0.897355 0.330274 0.292699
-23.422962 -119.928101 -1140.478359 9611.975807 0.411361 -0.050436 0.910076 0.706041 0.649095 -0.283163 -0.576444 0.759033 0.302623
-20.453805 -74.525236 -1113.576874 -2159.892206 0.386424 -0.006728 0.922297 -0.126109 0.990197 0.060061 -0.913659 -0.139519 0.381787
-50.192604 -91.695777 -2503.113790 -6576.292303 0.624585 -0.022476 0.780634 -0.563259 -0.705361 0.430354 -0.540956 0.708491 0.453218
-40.184379 -86.778777 -1621.089535 5150.399571 0.650507 -0.018528 0.759274 0.313247 0.917259 -0.245991 -0.691894 0.397859 0.602487
-34.546520 -67.338279 -1863.948498 -578.775568 0.543006 0.011399 0.839652 -0.051583 0.998472 0.019803 -0.838143 -0.054065 0.542764
-0.601943 -18.777743 -108.149841 -13.118190 0.212837 0.712072 0.669069 0.963405 -0.038741 -0.265236 -0.162947 0.701036 -0.694260
-0.868911 -18.455669 -21.262116 -81.740189 0.233062 0.699585 0.675473 0.959354 -0.051742 -0.277422 -0.159130 0.712674 -0.683208
-0.334145 -16.062862 -44.345916 291.698567 0.257615 0.703350 0.662520 0.941830 -0.029613 -0.334784 -0.215851 0.710226 -0.670065
0.142949 -14.724397 -1517.939833 -1775.094604 0.566614 0.771084 -0.290481 0.809620 -0.455457 0.370235 0.153181 -0.444960 -0.882353
-1.666352 -17.503923 -1228.428129 -665.908021 0.496153 0.808470 -0.316556 0.790361 -0.269644 0.550111 0.359391 -0.523133 -0.772768
-5.081461 -19.092975 -829.298079 -429.492511 0.406140 0.881296 -0.241594 -0.675050 0.111153 -0.729351 0.615920 -0.459307 -0.640062
-12.185602 -16.913593 -27.484238 -126.212254 -0.369180 -0.538895 -0.757164 -0.611191 0.754531 -0.239015 0.700108 0.374532 -0.607926
-11.409643 -15.791687 -50.894308 -220.860028 -0.390075 -0.492500 -0.778001 -0.456417 0.837247 -0.301166 0.799703 0.237615 -0.551375
-12.482944 -17.498043 -103.491695 -45.439965 -0.333153 -0.489372 -0.805930 -0.723476 0.680816 -0.114333 0.604642 0.544980 -0.580865
-11.791717 -16.693702 40.463201 -177.877817 -0.385164 -0.640100 -0.664771 -0.579299 0.728442 -0.365766 0.718374 0.244221 -0.651379
-12.357655 -17.604297 -2.721793 -29.874695 -0.375811 -0.634311 -0.675586 -0.713707 0.663122 -0.225591 0.591091 0.397390 -0.701921
4.148988 -13.481069 112.221085 91.018037 -0.464616 -0.842178 -0.273620 0.876174 -0.392462 -0.279808 0.128263 -0.369742 0.920239
1.630897 -13.496552 189.084230 66.923596 -0.436385 -0.834970 -0.335252 0.891181 -0.349770 -0.288890 0.123954 -0.424837 0.896743
3.766883 -14.043899 138.647657 24.778813 -0.454318 -0.836692 -0.305844 0.890783 -0.422816 -0.166529 0.010018 -0.348098 0.937405
5.316924 -14.005898 103.494994 -47.189522 -0.495285 -0.830522 -0.254805 0.868619 -0.478146 -0.129916 -0.013936 -0.285674 0.958225
5.274613 -13.048103 77.194279 97.160193 -0.498082 -0.833050 -0.240712 0.855564 -0.426936 -0.292806 0.141153 -0.351786 0.925377
-2.082348 -18.233241 -117.988421 1.183231 0.661961 0.690527 -0.291513 0.749066 -0.595651 0.290000 0.026613 -0.410331 -0.911548
-1.329484 -17.331621 -88.509906 -171.248940 0.645765 0.709761 -0.281472 0.746926 -0.663701 0.040039 -0.158395 -0.236095 -0.958734
-1.319990 -16.035439 -26.985499 389.625625 0.611307 0.750237 -0.251888 -0.761409 0.644341 0.071280 -0.215779 -0.148216 -0.965128
-0.578444 -10.991589 39.944492 17.138370 0.742723 0.662905 -0.094449 0.351419 -0.505965 -0.787721 0.569972 -0.551867 0.608749
-0.416058 -11.241170 -35.092669 57.304832 0.763711 0.640351 -0.081828 0.345256 -0.512257 -0.786378 0.545475 -0.572314 0.612302
-0.637451 -11.174947 -26.405517 27.418610 0.755170 0.650583 -0.080377 0.289799 -0.441311 -0.849271 0.587992 -0.618051 0.521803
-0.403275 -11.327342 69.836620 19.568563 0.732141 0.677237 -0.072931 0.322723 -0.439177 -0.838435 0.599849 -0.590316 0.540100
-0.515900 -11.041227 -24.598579 -34.618507 0.746474 0.661549 -0.071624 0.402034 -0.534159 -0.743669 0.530232 -0.526334 0.664700
-0.844819 -11.339551 47.499110 5.254252 0.739348 0.669476 -0.071879 0.302414 -0.425549 -0.852909 0.601590 -0.608859 0.517088
3.970914 -29.276121 244.916342 -1470.487391 0.041238 0.186205 0.981645 0.254644 0.948079 -0.190536 -0.966155 0.257827 -0.008319
0.378485 -38.252062 97.024834 485.884442 0.306980 -0.260225 -0.915449 0.784624 0.613595 0.088690 0.538636 -0.745509 0.392540
0.026967 -37.442834 8.271334 763.000047 0.305082 -0.256881 -0.917026 0.789500 0.606709 0.092702 0.532555 -0.752274 0.387904
