16689
33362
-9.118790 -14.109680 74.577300 -395.033005 0.773028 -0.458496 -0.438418 -0.382905 0.213776 -0.898712 -0.505779 -0.862602 0.010306
-11.249418 -18.070414 -141.163950 -481.900811 0.806584 -0.503155 -0.310255 -0.199646 0.262141 -0.944152 -0.556385 -0.823479 -0.110986
-12.385346 -18.420725 -152.701452 -947.956487 0.831726 -0.520014 0.194468 0.171266 -0.092874 -0.980838 -0.528110 -0.849093 -0.011815
-9.728337 -17.331210 265.124761 -353.178200 0.728097 -0.491059 -0.478263 -0.316737 0.377748 -0.870048 -0.607908 -0.784963 -0.119501
-8.160417 -13.688504 96.341924 -665.908513 0.890231 -0.443550 0.103690 0.046824 -0.137320 -0.989419 -0.453096 -0.885667 0.101478
-6.122345 -10.412315 200.466790 -221.987664 0.787758 -0.432421 -0.438690 -0.444133 0.094760 -0.890936 -0.426830 -0.896678 0.117405
-7.491638 -12.447240 229.165737 272.416051 0.529911 -0.377904 -0.759199 0.682830 -0.340774 0.646233 -0.502929 -0.860849 0.077464
-8.069574 -14.219715 341.467364 -254.056899 0.622715 -0.394834 -0.675523 -0.562483 0.374252 -0.737257 -0.543910 -0.839072 -0.010965
6.696269 -22.525304 172.828944 -423.480026 0.960559 -0.103366 0.258149 0.004298 -0.922716 -0.385457 -0.278042 -0.371364 0.885879
8.427340 -22.872535 264.862712 136.112788 0.938680 -0.064297 0.338741 -0.056798 0.940200 0.335853 -0.340079 -0.334499 0.878895
9.603070 -20.311216 50.735837 230.837236 0.948652 -0.146747 0.280224 0.080703 0.968844 0.234156 -0.305855 -0.199517 0.930938
8.852720 -19.855961 -141.578044 -492.091553 0.959744 -0.192652 0.204392 -0.128261 -0.947999 -0.291285 -0.249880 -0.253344 0.934546
13.027992 -21.177868 -143.092623 -190.711509 0.929623 -0.208317 0.303982 0.184802 0.977202 0.104517 -0.318825 -0.040985 0.946927
12.364578 -18.400592 -240.130024 23.816932 0.947756 -0.255592 0.190868 0.223982 0.959236 0.172332 -0.227134 -0.120577 0.966370
-15.965041 -18.298344 218.636190 -20.055312 0.846466 -0.035507 0.531257 -0.376333 -0.745730 0.549781 -0.376654 0.665301 0.644598
-15.107665 -18.499215 190.653712 -40.475449 0.803555 -0.195251 0.562296 -0.444389 -0.825270 0.348493 -0.396002 0.529911 0.749917
-13.966004 -17.884116 166.843747 -26.634314 0.881466 -0.170251 0.440491 -0.411201 -0.735389 0.538625 -0.232231 0.655910 0.718228
-16.852207 -18.687281 220.490799 20.428107 0.735154 -0.079286 0.673247 0.402411 0.850267 -0.339281 -0.545540 0.520346 0.656983
-15.494442 -18.279329 186.397266 31.951802 0.921640 0.038694 0.386111 -0.279307 -0.624594 0.729294 -0.269382 0.779990 0.564844
-16.875789 -18.682406 148.604687 46.586723 0.897448 0.278782 0.341858 -0.139516 -0.555813 0.819517 -0.418476 0.783169 0.459919
-17.268008 -18.659575 165.404454 29.252114 0.821231 0.236989 0.519053 -0.215552 -0.713412 0.666769 -0.528315 0.659455 0.534792
-2.451172 -16.358627 -273.981397 -449.899910 0.724873 -0.562293 -0.397977 -0.658974 -0.397602 -0.638487 -0.200780 -0.725079 0.658747
-4.525514 -14.807365 -346.799186 -459.806740 0.741224 -0.540676 -0.397814 -0.641350 -0.395500 -0.657457 -0.198136 -0.742461 0.639917
-2.913386 -12.684283 -187.967058 -526.937624 0.839129 -0.462319 -0.286572 -0.527060 -0.560894 -0.638440 -0.134426 -0.686774 0.714332
-2.851542 -18.365647 -304.991785 135.960021 0.657612 -0.598102 -0.458061 0.687748 0.228452 0.689066 -0.307487 -0.768169 0.561576
-1.384840 -14.692190 -110.929020 -680.870500 0.786336 -0.515975 -0.339772 -0.605837 -0.536315 -0.587646 -0.120986 -0.667933 0.734321
-1.913634 -19.851435 -18.495549 36.391619 0.656324 -0.595316 -0.463506 0.692571 0.231662 0.683139 -0.299307 -0.769371 0.564343
-1.354825 -18.246415 -26.796680 -418.574471 0.705119 -0.570669 -0.420884 -0.683034 -0.387204 -0.619304 -0.190449 -0.724161 0.662812
1.786802 -4.646389 -586.193142 -73.219766 -0.177340 0.049993 0.982879 0.957796 -0.220802 0.184045 0.226223 0.974037 -0.008726
6.150556 -3.951451 -731.262832 -8.919417 -0.100828 0.019193 0.994719 0.975376 -0.195212 0.102634 0.196151 0.980573 0.000962
0.235079 -4.627141 -591.458418 -40.189961 -0.124158 0.040567 0.991433 0.970579 -0.202772 0.129843 0.206302 0.978385 -0.014198
-3.365512 -5.621645 -491.756931 -112.708295 -0.424311 0.101073 0.899858 0.869898 -0.230474 0.436071 0.251469 0.967815 0.009869
-4.130016 -5.106230 -624.698209 -8.154021 -0.070855 0.021610 0.997252 0.976846 -0.200826 0.073757 0.201868 0.979389 -0.006880
-2.883182 -4.950344 -152.637137 -240.987276 0.978827 -0.168154 0.116714 -0.157355 -0.253489 0.954454 0.130910 0.952611 0.274582
-3.108263 -7.470079 -132.282141 -274.352222 0.991562 -0.122540 -0.042287 -0.002375 -0.343332 0.939211 0.129609 0.931186 0.340726
-3.890882 -6.079435 -110.679117 -280.401925 0.984073 -0.176430 0.021733 -0.070907 -0.277476 0.958112 0.163009 0.944394 0.285567
-11.511621 -14.315278 3.317077 -267.654048 0.301220 -0.010685 -0.953495 0.836831 -0.476418 0.269703 -0.457144 -0.879154 -0.134565
-11.981679 -14.920485 143.198907 -367.220040 0.233599 -0.041200 -0.971460 0.836902 -0.500109 0.222453 -0.495001 -0.864982 -0.082345
-10.812481 -11.563739 163.961455 -160.474072 -0.407766 0.438011 -0.801170 0.705020 -0.406544 -0.581092 -0.580236 -0.801791 -0.143032
-10.997440 -12.560976 33.518082 -223.148287 -0.184111 0.347563 -0.919404 0.826721 -0.451178 -0.336111 -0.531634 -0.821972 -0.204271
2.906321 -59.507747 86.943350 -1207.649573 0.925320 -0.377020 -0.040482 -0.173434 -0.325869 -0.929371 -0.337200 -0.866986 0.366921
2.133749 -51.055063 82.441009 -1729.468753 0.928807 -0.366408 -0.055347 -0.274373 -0.579600 -0.767323 -0.249074 -0.727880 0.638868
1.686390 -55.973916 39.580732 -727.660904 0.937915 -0.345836 -0.026692 -0.143427 -0.316607 -0.937651 -0.315823 -0.883265 0.346553
3.726201 -8.610892 -60.385839 -47.574087 0.338079 -0.083277 0.937426 0.891063 0.348845 -0.290369 -0.302836 0.933473 0.192142
4.358246 -8.347028 -65.227450 63.610308 0.455026 -0.026561 0.890082 0.818137 0.407106 -0.406099 -0.351571 0.912995 0.206974
3.178191 -9.584872 -114.305339 149.342179 0.426891 -0.027626 0.903881 0.834368 0.397458 -0.381914 -0.348704 0.917205 0.192721
3.862633 -6.347527 142.289856 164.671145 0.502341 -0.048664 0.863299 0.801867 0.399776 -0.444059 -0.323517 0.915320 0.239846
2.019874 -10.253949 -302.447047 -86.563820 0.363398 -0.020371 0.931411 0.864212 0.380782 -0.328851 -0.347966 0.924440 0.155980
4.241886 -7.494906 -24.385860 -77.146339 0.165146 -0.153607 0.974234 0.956849 0.264421 -0.120508 -0.239097 0.952096 0.190646
3.710469 -6.684668 159.117225 -22.094821 0.273650 -0.133573 0.952509 0.921482 0.320226 -0.219830 -0.275656 0.937877 0.210715
3.522580 -9.649364 -317.543215 -111.934303 0.217699 -0.081845 0.972578 0.940727 0.283123 -0.186744 -0.260076 0.955585 0.138630
15.991592 -16.608181 1725.568261 -832.911256 0.928552 -0.174583 0.327584 0.262300 -0.315853 -0.911831 -0.262658 -0.932608 0.247493
22.944815 -14.458663 1827.636777 -651.145274 0.898689 -0.257231 0.355232 0.267071 -0.321507 -0.908464 -0.347895 -0.911299 0.220236
17.035310 -12.600131 1708.490827 216.958150 0.904340 -0.164608 0.393795 0.312109 -0.374295 -0.873207 -0.291133 -0.912583 0.287115
21.465293 -19.989492 1610.483612 -1580.014057 0.917959 -0.251779 0.306526 0.236368 -0.273383 -0.932412 -0.318561 -0.928369 0.191441
10.112035 -15.503380 1068.103026 -107.117247 0.928791 -0.123128 0.349552 0.285641 -0.363118 -0.886879 -0.236128 -0.923572 0.302090
14.564019 -20.285427 1204.597157 -1245.092134 0.935151 -0.200830 0.291822 0.243244 -0.234850 -0.941104 -0.257536 -0.951059 0.170770
8.889487 -17.836149 949.032126 -571.055318 0.937191 -0.137144 0.320724 0.275463 -0.273083 -0.921708 -0.213991 -0.952165 0.218153
1.816404 -35.129445 59.515490 -426.360259 0.822650 -0.420597 0.382550 -0.353700 0.148196 0.923544 0.445133 0.895062 0.026851
0.839541 -34.292901 107.161614 -110.285951 0.813519 -0.437451 0.383176 -0.371960 0.115080 0.921088 0.447027 0.891848 0.069094
1.157415 -36.634534 24.230150 -402.850108 0.839981 -0.416650 0.347613 -0.401319 -0.045860 0.914790 0.365205 0.907909 0.205731
1.603053 -37.632036 -19.708847 -654.795887 0.848229 -0.400670 0.346368 -0.337148 0.095875 0.936557 0.408458 0.911193 0.053761
0.919146 -39.086371 -15.801396 -444.963504 0.858834 -0.399324 0.320848 -0.383371 -0.085631 0.919616 0.339750 0.912802 0.226632
0.739979 -36.976505 -5.189780 -97.477399 0.854915 -0.407116 0.321522 -0.439837 -0.240204 0.865359 0.275071 0.881226 0.384418
0.731762 -34.589146 19.855272 -78.902216 0.843200 -0.420733 0.334659 -0.453612 -0.222707 0.862924 0.288530 0.879423 0.378636
-4.401981 -24.514777 3.934065 -139.749847 0.944781 -0.312119 0.099851 -0.177481 -0.231211 0.956578 0.275480 0.921479 0.273839
-4.295777 -24.675231 41.966008 -165.472726 0.922245 -0.381126 0.064859 -0.178156 -0.270076 0.946213 0.343110 0.884195 0.316977
-4.274322 -24.269427 -0.049471 -28.639046 0.943216 -0.324195 0.072398 -0.105852 -0.086751 0.990591 0.314864 0.942004 0.116142
-3.876083 -24.342324 -36.447156 -2.630388 0.957815 -0.267124 0.105996 -0.126020 -0.058918 0.990277 0.258282 0.961859 0.090096
4.487005 -28.950520 -247.973821 649.429454 0.975079 -0.128116 0.181130 0.001392 0.819932 0.572459 0.221856 0.557941 -0.799676
3.315131 -25.683244 -229.678180 450.124655 0.975848 -0.119399 0.182935 -0.039957 0.725728 0.686820 0.214766 0.677542 -0.703429
1.863666 -29.174144 -182.521133 526.823063 0.978218 -0.172762 0.115074 0.076433 0.815194 0.574122 0.192994 0.552822 -0.810643
-4.483089 -33.100996 -45.051939 2689.991138 0.689052 -0.571039 0.446230 0.719094 0.615251 -0.323064 -0.090062 0.543489 0.834571
-3.097810 -44.034144 -482.013332 -2823.439918 0.708512 -0.509174 0.488623 -0.650302 -0.739986 0.171839 -0.274078 0.439503 0.855405
-4.053535 -46.984422 -239.396055 -3142.131757 0.703006 -0.540893 0.461754 -0.670072 -0.721319 0.175220 -0.238297 0.432589 0.869529
-6.791864 -28.804323 164.358347 367.697652 0.949708 -0.142815 0.278674 0.058130 -0.794064 -0.605048 -0.307695 -0.590818 0.745827
-5.850296 -25.994299 208.933444 493.366769 0.946565 -0.104803 0.305009 0.166325 -0.651631 -0.740076 -0.276316 -0.751261 0.599380
-5.043658 -29.270535 203.511459 470.864897 0.964260 -0.137458 0.226514 0.041212 -0.766688 -0.640695 -0.261734 -0.627132 0.733622
-7.653674 -25.600016 207.844879 426.720132 0.925849 -0.111334 0.361122 0.190070 -0.688745 -0.699645 -0.326616 -0.716404 0.616512
-5.595554 -30.236381 184.897590 106.705092 0.963491 -0.158455 0.215816 -0.043698 -0.888325 -0.457132 -0.264150 -0.431012 0.862817
-8.108206 -28.155948 127.127486 264.516108 0.930029 -0.161627 0.330033 0.058012 -0.822253 -0.566158 -0.362877 -0.545690 0.755343
-7.119007 -29.365475 143.134000 23.304001 0.948635 -0.174858 0.263659 -0.049253 -0.904846 -0.422880 -0.312515 -0.388173 0.866981
90.721322 -592.731288 10621.879940 -18179.820837 0.018829 0.995080 0.097270 0.891739 0.027283 -0.451727 0.452158 -0.095245 0.886838
254.700964 -608.921098 32130.558170 96136.977955 0.208453 0.872090 0.442726 0.408006 0.333858 -0.849747 0.888863 -0.357767 0.286225
32.094085 -289.447459 -1836.173419 10248.926392 -0.153004 -0.887539 -0.434585 0.983608 -0.094310 -0.153692 0.095422 -0.450977 0.887420
-4.293549 -381.219158 -3982.826593 16609.061802 -0.219838 0.917939 0.330240 0.757594 -0.052626 0.650602 -0.614592 -0.393214 0.683856
11.735774 -389.737328 -16.583752 32322.150358 -0.153511 0.969006 0.193551 0.947081 0.088401 0.308581 -0.281907 -0.230679 0.931298
-10.247354 -181.306094 -1628.333504 -10305.080783 -0.241820 -0.669858 -0.702006 0.882112 -0.453160 0.128547 -0.404230 -0.588163 0.700473
0.077575 -70.578105 9.028250 3564.027677 -0.584584 0.796479 -0.154542 0.686352 0.587051 0.429292 -0.432646 -0.144887 0.889846
3.906076 -123.185071 -545.800419 8189.356320 -0.577995 0.808205 -0.112813 0.509904 0.465626 0.723319 -0.637119 -0.360551 0.681236
0.953745 -88.868595 201.827237 3480.666199 -0.555074 0.829340 -0.063937 0.516833 0.404097 0.754711 -0.651749 -0.385876 0.652934
2.128767 -33.947724 -38.698696 -257.824324 0.907128 -0.369640 0.201211 -0.399376 -0.906860 0.134552 -0.132734 0.202415 0.970263
2.031778 -34.499539 -88.022509 49.557815 0.888564 -0.392568 0.237370 0.418833 0.905313 -0.070618 -0.187172 0.162167 0.968849
2.020973 -33.642955 -148.246403 -549.287973 0.893390 -0.380463 0.238962 -0.443939 -0.829330 0.339308 -0.069084 0.409219 0.909817
3.113251 -33.173798 -107.006304 -513.019078 0.903695 -0.364806 0.224171 0.335368 0.928552 0.159121 -0.266203 -0.068617 0.961472
1.836789 -32.455385 70.606559 -565.383029 0.903493 -0.388426 0.181178 -0.428576 -0.814007 0.392065 0.004808 0.431876 0.901920
3.018516 -32.603905 29.517826 -369.664564 0.928398 -0.328171 0.174304 0.302580 0.939933 0.158023 -0.215693 -0.093967 0.971929
1.820718 -32.805391 72.825160 -76.694173 0.928228 -0.331274 0.169263 0.343590 0.937856 -0.048699 -0.142611 0.103361 0.984367
1.628808 -32.468804 155.992253 -294.259986 0.915684 -0.370102 0.156677 -0.401397 -0.861666 0.310502 -0.020086 0.347212 0.937572
2.442816 -9.777213 30.917120 29.812890 0.950503 -0.282042 -0.130367 -0.084674 0.168568 -0.982046 -0.298954 -0.944477 -0.136343
2.973362 -9.884409 -7.907736 -53.489756 0.949062 -0.271262 -0.160306 -0.137668 0.100650 -0.985351 -0.283423 -0.957229 -0.058179
1.464648 -9.159179 92.610713 167.035875 0.947443 -0.246658 -0.203742 -0.157132 0.195965 -0.967940 -0.278676 -0.949083 -0.146908
3.332719 -9.913716 -19.984653 -150.904909 0.944982 -0.304947 -0.118388 -0.096849 0.084873 -0.991674 -0.312456 -0.948580 -0.050669
0.829432 -8.187574 196.440204 183.009979 0.956032 -0.275427 -0.100707 -0.033460 0.238716 -0.970513 -0.291346 -0.931211 -0.219005
2.994926 -10.486279 26.659803 -75.513547 0.945313 -0.313229 -0.090950 -0.044526 0.152304 -0.987330 -0.323112 -0.937385 -0.130028
2.059752 -9.539497 103.121848 108.035587 0.951685 -0.303017 -0.049757 0.019454 0.221204 -0.975033 -0.306458 -0.926957 -0.216412
1.476747 -13.672369 -111.050134 -174.633348 -0.452199 0.867179 -0.208606 0.780151 0.271203 -0.563749 0.432297 0.417671 0.799169
0.337037 -12.470855 20.765471 -194.109022 0.480769 -0.852646 0.204588 0.822145 0.357214 -0.443255 0.304858 0.381305 0.872736
2.220948 -13.955182 24.880139 -106.897650 0.515363 -0.836840 0.184660 0.743212 0.329170 -0.582480 0.426658 0.437431 0.791592
0.143555 -12.336473 69.555288 -218.609744 0.438960 -0.867735 0.233131 0.840058 0.304297 -0.449117 0.318773 0.392988 0.862522
3.831397 -14.869979 -172.111449 -72.324058 -0.482801 0.859778 -0.166389 0.665710 0.236883 -0.707613 0.568976 0.452403 0.686730
0.459812 -13.624236 96.399223 -221.192380 0.419309 -0.873490 0.247377 0.803374 0.230109 -0.549218 0.422812 0.429028 0.798226
1.977108 -15.106777 -283.746711 -131.953020 -0.418028 0.884128 -0.208733 0.714544 0.178125 -0.676534 0.560962 0.431959 0.706210
3.906630 -4.920079 -37.232771 5.808714 0.917978 -0.291764 0.268681 0.187086 -0.278799 -0.941950 -0.349736 -0.914956 0.201347
4.267768 -6.163913 -61.504452 -58.311215 0.945369 -0.286737 0.155109 0.091528 -0.223202 -0.970466 -0.312889 -0.931645 0.184764
3.687853 -5.189880 -16.503339 -53.034804 0.936789 -0.315883 0.150477 0.087416 -0.205133 -0.974822 -0.338798 -0.926357 0.164554
-38.316492 -228.366399 8030.321891 -27390.504369 0.194791 0.938575 0.284840 0.377564 -0.339776 0.861393 -0.905263 0.060246 0.420557
-120.218964 -408.354737 17853.881229 583.952686 0.123367 0.984193 -0.127059 -0.127516 0.142697 0.981518 -0.984134 0.104885 -0.143104
-326.007257 -787.839651 59205.940594 163212.191100 0.062273 0.996839 0.049340 0.386957 -0.069684 0.919461 -0.919993 0.038165 0.390073
-107.504997 -613.928450 26386.407944 -29308.287413 0.304224 0.928201 0.214222 0.859652 -0.364397 0.358069 -0.410421 -0.075223 0.908788
9.207794 -3658.286119 14274.586734 -582420.545611 0.225944 0.953478 0.199571 0.772885 -0.300165 0.559061 -0.592957 -0.027929 0.804750
8.264401 -50.714517 -105.870346 -2462.916199 -0.524704 0.849751 0.051082 -0.774011 -0.501195 0.386923 -0.354390 -0.163482 -0.920696
6.923177 -50.360092 -511.106729 -2148.092145 -0.625762 0.780008 0.003226 -0.693704 -0.558407 0.454925 -0.356646 -0.282436 -0.890524
4.276020 -33.791249 -383.774913 -942.029694 -0.594169 0.804321 0.005505 -0.783485 -0.580299 0.222273 -0.181973 -0.127754 -0.974969
4.054089 -30.856943 316.150629 -1249.604017 -0.472582 0.877009 0.086729 -0.862611 -0.480475 0.158262 -0.180468 0.000022 -0.983581
8.060037 -48.201492 388.822288 -2299.392906 -0.381711 0.918658 0.101808 -0.852852 -0.392528 0.344332 -0.356286 -0.044608 -0.933311
-3.619338 -13.480393 804.659614 588.027302 -0.684963 0.723655 0.084554 0.725372 0.666467 0.172213 0.068271 0.179292 -0.981424
-7.545748 -14.670239 65.323538 -1885.189459 0.489347 0.846660 0.209060 0.869855 -0.491011 -0.047550 0.062392 0.205120 -0.976746
-2.240931 -18.854879 617.663021 855.829438 -0.415630 0.899661 0.133648 0.908977 0.416008 0.026427 -0.031824 0.132467 -0.990676
1.675341 -22.937382 -33.412241 689.987703 -0.602840 0.797007 0.036919 0.797617 0.603155 0.003159 -0.019751 0.031351 -0.999313
0.279960 -19.275481 -348.872238 415.230231 -0.748247 0.662945 -0.025090 0.652178 0.741975 0.155363 0.121613 0.099886 -0.987539
-1.524148 -5.979720 83.187849 -222.147480 -0.627650 0.769453 -0.118312 -0.105595 0.066424 0.992188 -0.771301 -0.635241 -0.039559
-2.319734 -6.962970 23.478172 -175.335147 -0.649439 0.760010 0.024767 0.016238 -0.018701 0.999693 -0.760240 -0.649642 0.000196
-2.146942 -7.257576 64.609688 -156.357857 -0.634522 0.768745 -0.080084 -0.037435 0.072925 0.996635 -0.771998 -0.635384 0.017495
-18.580981 -30.749768 194.763715 2037.851249 -0.887481 -0.453347 0.082786 -0.443431 0.888970 0.114459 -0.125483 0.064870 -0.989973
-17.135579 -24.137001 -323.006603 802.080645 0.983998 0.130443 -0.121375 -0.107771 0.978192 0.177557 -0.141889 0.161635 -0.976597
-15.282481 -29.158548 -146.766956 1250.101380 0.985726 0.168066 -0.009903 -0.165689 0.978852 0.119985 -0.029859 0.116631 -0.992726
-17.710046 -21.279676 72.939764 474.637743 -0.867605 -0.455745 0.198891 -0.446428 0.890066 0.092111 -0.219005 -0.008875 -0.975683
-15.044025 -24.981740 131.988618 -359.367301 0.931529 0.363477 -0.011774 -0.362850 0.926777 -0.097076 0.024373 -0.094701 -0.995207
-16.090071 -24.379338 -69.491075 258.496115 0.829156 0.539801 -0.145313 -0.550838 0.833243 -0.047789 -0.095284 -0.119668 -0.988231
27.272732 -27.862278 778.325740 209.337196 0.998575 0.037081 0.038380 -0.052851 0.587442 0.807539 -0.007399 0.808417 -0.588564
21.493942 -26.385661 915.427056 710.732654 0.976722 -0.150108 0.153236 -0.068755 0.457594 0.886499 0.203190 0.876399 -0.436621
23.230073 -25.950050 361.578871 437.156488 0.999765 0.003256 0.021409 -0.020967 0.392715 0.919421 0.005414 0.919655 -0.392691
25.562944 -29.096251 -342.432276 53.037246 0.968352 0.209844 -0.135129 0.008951 0.511861 0.859021 -0.249427 0.833045 -0.493784
21.854070 -25.618604 -218.510775 341.073509 0.989434 0.123860 -0.075356 0.035271 0.298507 0.953755 -0.140626 0.946336 -0.290984
20.973938 -23.416579 83.126096 -93.464025 0.999892 -0.014170 -0.003775 0.007308 0.258299 0.966037 0.012714 0.965961 -0.258375
-7.101320 -17.855662 -39.924088 -165.369495 0.835095 -0.539977 -0.105077 -0.014136 -0.212014 0.977164 0.549924 0.814540 0.184685
-6.488246 -18.276448 -43.935626 -130.678569 0.804866 -0.584927 -0.100252 -0.037049 -0.218124 0.975218 0.592299 0.781205 0.197232
-7.097283 -17.025361 -62.793818 -361.363521 0.824477 -0.559917 -0.082038 0.033571 -0.096321 0.994784 0.564898 0.822931 0.060618
-6.194498 -18.669283 47.759319 122.700887 0.810232 -0.566882 -0.148894 -0.074704 -0.351849 0.933071 0.581329 0.744881 0.327428
-7.234797 -16.345989 28.079963 -333.692790 0.851289 -0.521155 -0.060860 0.025698 -0.074438 0.996894 0.524067 0.850209 0.049976
-7.305947 -18.221251 66.211621 36.869071 0.842263 -0.525136 -0.121763 -0.064283 -0.322109 0.944518 0.535221 0.787704 0.305058
-7.661013 -17.473866 117.181810 -250.113480 0.858642 -0.505647 -0.083992 -0.009740 -0.179928 0.983632 0.512483 0.843770 0.159419
3.206032 -30.839308 549.358721 -343.210855 -0.389563 0.870909 -0.299596 0.919784 0.351184 -0.175118 -0.047299 -0.343783 -0.937857
-0.070520 -27.861087 121.101648 -713.365454 -0.353721 0.881876 -0.311731 0.906977 0.241915 -0.344776 -0.228638 -0.404687 -0.885411
5.054339 -29.371795 903.914849 -997.537026 -0.305618 0.903938 -0.299155 0.919160 0.198095 -0.340446 -0.248481 -0.379018 -0.891405
-5.552245 -20.189071 228.080169 518.030762 0.709466 -0.702626 -0.054550 0.474974 0.419541 0.773553 0.520633 0.574719 -0.631379
-1.906623 -15.609807 21.831985 246.129670 0.805460 -0.580760 0.118115 0.231475 0.491754 0.839403 0.545575 0.648765 -0.530520
-2.341335 -17.018715 17.458469 266.422330 0.784415 -0.615860 0.073548 0.341694 0.528055 0.777434 0.517628 0.584699 -0.624650
21.115928 -4.649057 -1201.737563 -422.456976 0.566043 -0.119496 -0.815669 0.084361 0.992641 -0.086880 0.820048 -0.019633 0.571958
33.505366 -8.119849 -2318.312728 -826.219439 0.470520 0.161598 -0.867466 -0.054980 0.986546 0.153960 0.880675 -0.024748 0.473075
43.567803 -4.084520 -2896.834047 -671.956643 0.485249 0.151401 -0.861169 -0.005175 0.985375 0.170322 0.874361 -0.078192 0.478935
-0.057449 -20.249905 29.451953 -167.773979 0.859259 -0.453387 -0.236884 0.355032 0.861953 -0.361924 0.368275 0.226885 0.901608
0.794631 -20.104758 61.865218 -159.879187 0.854088 -0.462889 -0.237208 0.412058 0.880466 -0.234496 0.317399 0.102537 0.942732
0.369056 -20.805309 64.369307 -138.286399 0.844798 -0.482407 -0.231517 0.368723 0.838379 -0.401453 0.387762 0.253781 0.886135
0.952039 -26.471103 -96.043849 -352.777575 0.990274 -0.135567 0.031276 -0.051007 -0.144611 0.988173 0.129441 0.980158 0.150120
2.620609 -28.418782 -181.191719 -255.053816 0.992267 -0.122673 0.018891 -0.041749 -0.186545 0.981559 0.116887 0.974758 0.190224
1.481575 -27.292037 -122.311817 -332.356988 0.988712 -0.137865 0.058663 -0.098017 -0.299044 0.949192 0.113318 0.944228 0.309182
-0.225770 -26.094024 -65.649365 -214.922524 0.985453 -0.153762 0.072384 -0.117283 -0.307061 0.944435 0.122992 0.939186 0.320628
-0.652131 -25.266889 -87.568631 -2.455966 0.990246 -0.131590 0.045797 -0.066518 -0.157672 0.985249 0.122428 0.978685 0.164887
6.223483 -13.841165 -298.717155 49.551930 0.797791 -0.269130 -0.539536 -0.496594 0.214198 -0.841139 -0.341943 -0.938983 -0.037237
4.434401 -13.445558 -252.610356 -9.998184 0.834946 -0.322179 -0.446168 -0.427191 0.131683 -0.894521 -0.346949 -0.937475 0.027684
9.826830 -14.196633 -421.828907 30.621406 0.831213 -0.267279 -0.487490 -0.492942 0.051156 -0.868557 -0.257085 -0.962260 0.089232
13.059017 -14.992050 -536.943528 60.280535 0.785669 -0.201669 -0.584854 -0.571486 0.125444 -0.810967 -0.236913 -0.971387 0.016694
8.098208 -14.078154 -378.951789 129.126175 0.750509 -0.204859 -0.628306 -0.564749 0.294944 -0.770757 -0.343212 -0.933296 -0.105664
-6.114792 -8.133372 -94.011964 173.517204 0.921304 -0.256006 -0.292678 0.237353 -0.225945 0.944782 0.307999 0.939899 0.147401
-4.831493 -7.096226 218.100605 -54.489625 -0.482375 -0.047339 0.874685 0.814725 -0.391045 0.428144 0.321773 0.919153 0.227199
-6.349648 -8.635535 -79.448389 126.526814 0.807272 -0.234513 -0.541586 0.451012 -0.346744 0.822409 0.380657 0.908170 0.174148
-6.367239 -10.629685 -57.380748 206.191778 0.921440 -0.356532 -0.154378 0.123097 -0.108968 0.986394 0.368504 0.927907 0.056520
-5.979159 -10.314476 -116.421609 217.878419 0.952560 -0.303952 -0.015594 -0.001441 -0.055740 0.998444 0.304348 0.951055 0.053533
-2.438384 -9.353795 -153.020181 -183.257184 -0.601567 0.366503 -0.709784 0.738594 -0.083279 -0.668987 -0.304296 -0.926682 -0.220599
0.891383 -5.556949 -259.246890 -787.813562 -0.336583 0.298346 -0.893141 0.847099 -0.318310 -0.425561 -0.411261 -0.899816 -0.145591
-1.025857 -9.811730 -276.464895 -575.693461 -0.641034 0.384201 -0.664429 0.679114 -0.119418 -0.724254 -0.357604 -0.915494 -0.184365
3.665513 -9.731067 -216.892296 100.287582 0.787829 -0.596069 0.155005 0.558692 0.585735 -0.587178 -0.259207 -0.549196 -0.794478
1.941126 -9.030716 -116.953438 113.010624 0.755965 -0.630962 0.174369 0.601467 0.564363 -0.565448 -0.258369 -0.532336 -0.806141
4.088137 -10.130500 -173.247163 39.463955 0.760144 -0.623605 0.182476 0.571089 0.507281 -0.645386 -0.309899 -0.594797 -0.741741
4.354109 -10.367416 -232.913910 8.924628 0.737135 -0.648110 0.191272 0.565884 0.437344 -0.698931 -0.369332 -0.623445 -0.689137
6.774859 -10.614114 -264.049422 -18.177122 0.783928 -0.593756 0.181416 0.521527 0.471235 -0.711299 -0.336848 -0.652220 -0.679074
2.989623 -9.667588 47.435820 -147.013502 0.944690 -0.318952 -0.076350 0.283534 0.911275 -0.298641 -0.164828 -0.260476 -0.951306
2.638042 -9.407962 41.730570 -151.197256 0.935158 -0.351132 -0.046753 0.322628 0.898771 -0.296854 -0.146255 -0.262521 -0.953778
3.648211 -10.728887 72.443880 -91.459076 0.935388 -0.348301 -0.061125 0.330546 0.922603 -0.198853 -0.125655 -0.165800 -0.978121
3.694397 -10.905102 38.439246 -79.410427 0.944145 -0.316001 -0.093450 0.293124 0.934929 -0.199967 -0.150559 -0.161406 -0.975336
3.073422 -9.856635 24.472769 -137.196797 0.950427 -0.291842 -0.107319 0.248536 0.920390 -0.301848 -0.186868 -0.260211 -0.947296
1.508942 -36.079236 169.249316 -695.885656 0.809260 -0.449712 -0.377965 -0.229082 0.350876 -0.907969 -0.540943 -0.821368 -0.180929
2.041729 -37.867697 148.559646 -895.535428 0.798743 -0.447235 -0.402482 -0.278454 0.318216 -0.906202 -0.533361 -0.835895 -0.129638
1.299176 -33.215601 169.085663 -999.449529 0.796718 -0.439068 -0.415283 -0.357092 0.212366 -0.909608 -0.487572 -0.872995 -0.012408
0.317740 -32.309530 123.958772 -606.859995 0.806091 -0.441637 -0.393922 -0.317928 0.238250 -0.917692 -0.499139 -0.864982 -0.051643
0.460501 -34.428928 123.887190 -547.873905 0.815034 -0.452981 -0.361286 -0.192010 0.377151 -0.906030 -0.546673 -0.807816 -0.220414
4.193951 -32.875154 237.693948 390.473805 0.885755 -0.373509 -0.275553 0.232386 0.870765 -0.433319 0.401790 0.319780 0.858083
4.858518 -31.616585 95.820868 -304.110077 0.903254 -0.355522 -0.240285 0.235202 0.878546 -0.415737 0.358905 0.319001 0.877169
4.252628 -32.363082 129.500580 133.078204 0.896920 -0.352119 -0.267483 -0.162609 -0.825158 0.540993 0.411209 0.441732 0.797358
2.863616 -33.834741 189.895396 704.242379 0.879086 -0.374115 -0.295374 0.156274 0.811624 -0.562889 0.450318 0.448669 0.771952
2.331500 -36.253969 191.272164 935.893445 0.869066 -0.404608 -0.284634 0.254870 0.859341 -0.443367 0.423987 0.312770 0.849947
-1.992303 -36.500925 -15.075531 893.091945 0.818505 -0.514162 -0.256297 0.563279 0.630487 0.534045 0.112994 0.581485 -0.805673
-1.839749 -37.613770 83.337108 540.651500 0.796701 -0.550811 -0.248748 0.596726 0.651638 0.468280 0.095840 0.521513 -0.847843
-1.280784 -40.648969 18.097451 913.583617 0.816205 -0.520281 -0.251230 0.577741 0.738688 0.347211 -0.004933 0.428542 -0.903509
3.394172 -12.299060 -55.972051 442.990136 0.883053 -0.469273 -0.000353 0.161768 0.305112 -0.938476 -0.440509 -0.828667 -0.345343
3.775425 -11.536376 31.413872 350.229820 0.906021 -0.423021 -0.013413 0.133821 0.316394 -0.939142 -0.401520 -0.849087 -0.343268
2.999110 -9.962697 -51.393442 433.924223 0.882086 -0.470664 0.019986 0.207036 0.349206 -0.913888 -0.423155 -0.810266 -0.405474
1.706777 -41.401819 -32.624823 38.134189 0.689535 -0.500911 -0.523096 -0.684237 -0.213799 -0.697216 -0.237406 -0.838676 0.490164
1.919226 -43.647306 -87.064295 -1489.376865 0.675638 -0.531529 -0.510873 -0.638933 -0.076454 -0.765454 -0.367803 -0.843583 0.391266
1.808066 -41.750793 -81.950497 12.579161 0.673971 -0.523480 -0.521280 0.704499 0.243039 0.666793 -0.222362 -0.816640 0.532592
5.769366 -15.906387 -1360.486577 1613.643019 0.846357 0.438846 0.301818 0.521613 -0.568357 -0.636309 0.107701 -0.695977 0.709941
0.043353 -37.935581 446.917862 8500.187764 0.977530 -0.137765 -0.159547 -0.210711 -0.617232 -0.758041 -0.005954 -0.774626 0.632392
-5.903877 -48.997866 516.562086 9043.665859 0.973386 -0.179976 -0.141871 -0.226754 -0.666727 -0.709970 -0.033188 -0.723245 0.689793
478.266888 -6530.586842 -20907.157910 -5602793.402758 -0.456888 0.882437 0.112064 -0.316708 -0.043648 -0.947518 0.831234 0.468401 -0.299417
-1098.593092 -4240.423373 128383.251662 -772291.098697 -0.585487 0.781558 -0.215340 0.802258 0.520395 -0.292526 -0.116564 -0.344028 -0.931696
-148.372569 -857.004216 15677.622930 70343.368920 -0.599315 0.794313 0.099442 -0.603424 -0.366634 -0.708138 0.526024 0.484403 -0.699037
-3.662907 -13.042207 391.663021 144.775577 0.753242 0.161166 -0.637692 0.580490 0.292999 0.759726 -0.309285 0.942432 -0.127144
-3.511159 -12.748335 -143.555712 79.502544 0.745032 0.173823 -0.643982 0.588460 0.283305 0.757267 -0.314074 0.943146 -0.108784
-3.294071 -15.866014 149.592097 433.943239 0.688632 0.113850 -0.716117 0.625056 0.407393 0.665835 -0.367547 0.906129 -0.209381
-12.197529 -17.983413 810.434419 250.407872 -0.211310 0.452261 -0.866492 0.969970 -0.012212 -0.242919 -0.120444 -0.891802 -0.436099
-8.601659 -17.132633 410.819654 251.018944 0.047061 0.450567 -0.891501 0.998848 -0.029575 0.037780 -0.009344 -0.892252 -0.451440
-12.366685 -17.259955 1087.869871 322.038640 -0.161985 0.426140 -0.890037 0.986743 0.079079 -0.141723 0.009990 -0.901194 -0.433300
-382.728313 -590.339027 29536.740466 45437.434582 0.936902 0.343456 -0.065213 -0.310001 0.729987 -0.609112 0.161599 -0.590894 -0.790398
-411.879671 -1272.990180 11948.179685 260830.864372 0.699177 -0.682556 0.212766 0.660781 0.503297 -0.556831 -0.272984 -0.529915 -0.802913
-517.980236 -1076.291914 63858.026408 219471.845569 -0.036780 0.997043 -0.067471 -0.933953 -0.010278 0.357248 -0.355499 -0.076154 -0.931569
-404.135063 -615.660965 -44178.255481 -29741.908549 -0.706805 -0.456670 -0.540258 -0.092854 0.816998 -0.569115 0.701288 -0.352088 -0.619863
-285.622646 -1116.127086 16689.857426 -228660.792265 0.100832 0.735394 -0.670096 -0.754204 -0.382760 -0.533546 0.648852 -0.559188 -0.516042
-279.138579 -456.051783 39372.147909 2029.635427 0.621070 0.775527 -0.113266 0.774102 -0.584370 0.243472 0.122630 -0.238893 -0.963272
8.023485 -16.344785 798.231204 -436.520008 0.930722 -0.315438 0.185081 0.106491 0.717876 0.687978 0.349880 0.620607 -0.701734
3.943950 -24.377948 837.743081 -383.755204 0.878064 -0.457461 0.140473 0.250735 0.689823 0.679173 0.407596 0.561136 -0.720411
6.922400 -17.630555 1109.419966 1142.209203 0.899490 -0.359980 0.247653 0.001108 0.568665 0.822569 0.436940 0.739618 -0.511907
-28.072391 -107.496966 -1367.677118 7990.891669 0.408379 0.865335 0.290556 0.306001 0.170111 -0.936710 0.859995 -0.471443 0.195323
-18.718045 -80.073496 -1174.228754 6426.398878 0.382519 0.818683 0.428296 0.251416 0.353829 -0.900885 0.889083 -0.452287 0.070484
-41.099729 -72.851784 -2662.989154 902.443263 0.327514 0.859132 0.393225 0.170207 0.355723 -0.918961 0.929389 -0.367903 0.029726
-2.860493 -11.381419 -21.867429 412.353779 -0.445045 0.855092 -0.265996 -0.666594 -0.117981 0.736025 -0.597986 -0.504875 -0.622506
-2.959922 -13.712688 36.637625 565.004932 -0.401027 0.867100 -0.295491 -0.724120 -0.102482 0.682017 -0.561095 -0.487478 -0.668983
-2.809340 -14.541837 -52.803529 577.181080 -0.416402 0.855128 -0.308812 -0.730025 -0.112019 0.674177 -0.541915 -0.506170 -0.670910
-16.768248 -22.382227 -568.122390 -719.126155 0.768972 -0.612963 0.181544 0.287326 0.077704 -0.954676 -0.571074 -0.786281 -0.235872
-11.603320 -19.990992 -42.256996 -399.811943 0.800163 -0.537432 -0.266282 -0.087865 0.334139 -0.938419 -0.593312 -0.774285 -0.220144
7.031118 -24.113114 266.046637 -292.993358 0.926541 -0.038913 0.374176 0.147503 -0.877414 -0.456496 -0.346071 -0.478154 0.807220
9.218339 -23.606110 161.614449 -181.183478 0.907198 -0.022803 0.420085 -0.141839 0.923491 0.356437 -0.396072 -0.382943 0.834555
5.366442 -25.351596 356.370709 -338.354645 0.954533 -0.063298 0.291308 0.093337 -0.864605 -0.493708 -0.283117 -0.498450 0.819385
-13.322807 -18.293761 113.267438 -45.688354 0.871858 -0.236985 0.428604 -0.416777 -0.818621 0.395166 -0.257216 0.523161 0.812491
-4.881757 -11.299958 56.573255 -241.541928 0.932674 -0.321889 -0.162809 -0.333763 -0.598873 -0.727979 -0.136826 -0.733307 0.665988
-7.472767 -14.794273 -356.094286 -518.861583 0.737314 -0.515820 -0.436232 -0.645336 -0.346841 -0.680619 -0.199774 -0.783346 0.588608
-4.486372 -17.414144 -525.421955 237.742518 0.651117 -0.595184 -0.470959 0.696523 0.222085 0.682301 -0.301502 -0.772291 0.559163
11.775886 -3.555927 -745.214446 37.417781 -0.103986 -0.055023 0.993056 0.976895 -0.193095 0.091595 0.186715 0.979636 0.073831
10.767709 -3.241264 -730.647306 -31.517889 -0.087507 -0.047703 0.995021 0.982689 -0.167871 0.078375 0.163297 0.984654 0.061567
10.712481 -3.651285 -795.978734 41.198548 -0.117490 -0.027015 0.992706 0.970923 -0.213080 0.109114 0.208578 0.976661 0.051264
6.518439 -4.235388 -777.245365 -63.709708 -0.145987 0.033322 0.988725 0.962957 -0.224258 0.149740 0.226719 0.973960 0.000651
-2.628588 -14.287909 321.694920 -74.599877 0.909426 -0.412750 -0.050808 -0.313608 -0.760906 0.568042 0.273120 0.500659 0.821429
-3.648907 -14.671639 343.672418 -42.716290 0.908381 -0.415099 -0.050366 -0.348394 -0.817953 0.457793 0.231226 0.398303 0.887631
0.941285 -14.261689 654.283865 -34.578879 0.912713 -0.396671 -0.098019 -0.283731 -0.787899 0.546545 0.294027 0.471027 0.831674
2.054042 -13.722306 582.915546 -85.301833 0.916539 -0.388962 -0.093081 -0.242132 -0.724885 0.644914 0.318320 0.568551 0.758566
-1.354044 -13.626956 299.908060 -108.364154 0.909114 -0.413685 -0.048747 -0.279541 -0.692666 0.664884 0.308818 0.590829 0.745354
-11.728258 -12.597961 66.584960 -410.443235 0.253253 -0.091252 -0.963087 0.783000 -0.565324 0.259461 -0.568132 -0.819806 -0.071720
-12.616902 -16.511541 95.942655 -303.067657 0.387468 -0.192434 -0.901575 0.814950 -0.385679 0.432560 -0.430958 -0.902342 0.007386
-12.343849 -15.324800 -30.384436 -487.621835 0.396531 -0.256749 -0.881387 0.757660 -0.450606 0.472129 -0.518377 -0.855006 0.015849
1.325043 -17.539295 29.598244 612.750926 0.862932 -0.498145 0.084856 -0.035253 0.108169 0.993507 0.504089 0.860321 -0.075781
1.767112 -17.942507 9.904161 208.200294 0.859986 -0.505327 0.071199 -0.055548 0.045996 0.997396 0.507286 0.861701 -0.011486
2.033333 -16.333081 64.317374 -33.885558 0.859441 -0.495067 0.127551 -0.115522 0.054979 0.991782 0.498012 0.867113 0.009940
-1.248190 -9.571667 -759.051889 219.613956 -0.926419 0.220785 -0.304963 0.186762 0.972814 0.136943 0.326908 0.069911 -0.942467
-3.270479 -8.791329 -626.405225 -8.603608 -0.707324 0.690035 -0.153443 0.610869 0.705900 0.358530 0.355714 0.159863 -0.920821
1.854969 -9.808855 -212.893180 92.923478 -0.903951 0.329831 -0.272185 0.279504 0.937413 0.207688 0.323652 0.111663 -0.939564
-7.277239 -9.137248 285.720550 -1661.575588 0.024404 0.989825 0.140184 -0.942298 0.069608 -0.327458 0.333884 0.124104 -0.934409
3.241086 -11.777942 -29.955420 223.430761 -0.933857 0.208396 -0.290659 0.199425 0.978043 0.060506 0.296886 -0.001461 -0.954912
-5.139536 -10.614644 -1039.720391 261.710548 -0.942218 -0.078398 -0.325697 -0.084595 0.996403 0.004885 0.324143 0.032155 -0.945462
1.237429 -12.397678 -464.099484 279.253943 -0.938028 0.140936 -0.316608 0.147213 0.989096 0.004138 0.313739 -0.042727 -0.948547
3.906036 -9.398931 -255.288912 145.507552 0.474565 0.006407 0.880197 0.785705 0.447710 -0.426877 -0.396808 0.894156 0.207433
4.828129 -8.223837 -199.390678 173.952591 0.514241 -0.003737 0.857637 0.772167 0.437215 -0.461087 -0.373249 0.899349 0.227720
26.744211 -16.906666 1565.842190 -1325.977196 0.878504 -0.350733 0.324370 0.228163 -0.288505 -0.929896 -0.419728 -0.890927 0.173429
1.243812 -34.553287 142.251362 184.201931 0.803055 -0.438992 0.402975 -0.314402 0.262331 0.912323 0.506215 0.859342 -0.072646
-0.458815 -36.144567 180.192757 537.535638 0.804277 -0.455390 0.381785 -0.296721 0.248895 0.921959 0.514875 0.854793 -0.065057
-4.701703 -25.473944 8.474616 -223.788002 0.939766 -0.325124 0.105520 -0.236890 -0.396928 0.886753 0.246421 0.858337 0.450038
-4.345938 -25.454767 64.140348 -222.816135 0.917862 -0.392063 0.061767 -0.246445 -0.440991 0.863013 0.311117 0.807349 0.501391
-3.428596 -25.276082 75.497312 -186.067111 0.894850 -0.444219 0.043743 -0.251563 -0.420938 0.871509 0.368728 0.790874 0.488425
-3.496642 -24.155662 60.636715 -126.873281 0.896355 -0.440583 0.049342 -0.187122 -0.275083 0.943035 0.401912 0.854527 0.329015
0.493187 -31.361849 -145.894350 420.257081 0.971232 -0.225704 0.075935 0.176360 0.896004 0.407522 0.160018 0.382406 -0.910033
-0.980688 -32.622146 -136.705097 176.814576 0.959521 -0.276505 0.053524 0.258695 0.940425 0.220630 0.111341 0.197853 -0.973888
1.648242 -32.289004 -223.718032 -85.713430 0.974629 -0.215614 0.060079 0.201709 0.962429 0.181778 0.097016 0.165048 -0.981502
-2.947360 -37.869160 -153.057084 621.393118 -0.617565 0.685407 -0.385787 0.279365 -0.267361 -0.922211 0.735234 0.677301 0.026366
-3.193008 -40.201782 97.538016 -1041.152473 0.599398 -0.680911 0.420812 -0.446866 0.151517 0.881676 0.664103 0.716521 0.213457
-1.789066 -37.260281 -33.011179 498.876545 -0.617754 0.690538 -0.376215 0.317079 -0.219069 -0.922751 0.719612 0.689323 0.083625
-5.231282 -42.014535 292.363541 -1115.706798 0.606422 -0.664517 0.436657 -0.419225 0.199429 0.885708 0.675650 0.720170 0.157644
-1.568190 -35.107580 -43.697239 -50.019370 -0.627678 0.689178 -0.362015 0.168053 -0.334109 -0.927431 0.760118 0.642966 -0.093895
-5.819321 -38.940674 -431.496828 622.843351 -0.630192 0.675094 -0.383543 0.238871 -0.301448 -0.923076 0.738782 0.673333 -0.028710
-2.930930 -35.270130 -249.526606 -53.721754 -0.618290 0.699182 -0.358972 0.122586 -0.365357 -0.922760 0.776331 0.614539 -0.140187
0.096782 -40.316665 -26.617522 181.603659 0.876628 -0.389520 0.282483 -0.410771 -0.300097 0.860935 0.250579 0.870756 0.423077
0.512443 -39.005771 -17.931544 62.529785 0.865898 -0.398336 0.302570 -0.426306 -0.271205 0.862966 0.261692 0.876228 0.404649
0.064198 -38.016381 -43.257877 636.812112 0.874943 -0.387833 0.289932 -0.453826 -0.447965 0.770304 0.168870 0.805551 0.567953
-3.699757 -26.072569 202.526616 480.986105 0.962123 -0.119765 0.244899 0.119057 -0.623542 -0.772671 -0.245244 -0.772562 0.585665
-2.121191 -42.639367 -3.887035 -1055.586170 -0.699582 0.670104 -0.248083 -0.055642 0.295044 0.953862 -0.712383 -0.681109 0.169122
-2.536069 -49.511224 -62.468797 -1059.112804 -0.707861 0.651506 -0.272899 0.090508 0.466824 0.879707 -0.700529 -0.598010 0.389413
-2.533368 -47.390009 -57.039885 -1481.196044 -0.690488 0.666274 -0.281613 -0.072702 0.323426 0.943457 -0.719681 -0.671919 0.174882
-1.698932 -37.698436 -42.071216 1471.537789 0.682222 -0.687220 0.249603 0.222116 -0.130449 -0.966254 -0.696590 -0.714641 -0.063647
-1.303461 -42.392005 -53.259039 2294.965519 0.665609 -0.682594 0.301712 0.250701 -0.176276 -0.951880 -0.702933 -0.709219 -0.053796
-2.241572 -52.714412 46.453656 -2089.130837 -0.667636 0.672433 -0.319524 -0.066972 0.373201 0.925330 -0.741469 -0.639183 0.204128
-43.278414 -307.429816 -4265.869054 -26432.233788 0.370523 0.918852 -0.135735 -0.471407 0.060117 -0.879864 0.800305 -0.389996 -0.455428
47.701648 -169.707199 6161.841191 22561.710891 0.702114 0.530052 0.475480 0.218656 0.474996 -0.852390 0.677662 -0.702441 -0.217602
-1.768667 -359.396107 439.360892 -29164.151637 0.025512 0.999021 -0.036133 -0.335029 -0.025510 -0.941862 0.941862 -0.036134 -0.334050
78.478967 -913.711436 8078.694393 -397623.421658 -0.043158 0.998993 -0.012222 0.088182 -0.008376 -0.996069 0.995169 0.044066 0.087731
-2.618393 -76.195888 -225.588797 4770.841310 -0.631043 0.748406 -0.204142 0.645275 0.652473 0.397365 -0.430588 -0.119026 0.894666
3.412636 -221.480838 -1699.688772 24585.114915 -0.647041 0.742077 -0.175100 0.478901 0.574246 0.664000 -0.593290 -0.345779 0.726941
7.710256 -144.649646 -1266.942931 7927.383594 -0.657873 0.743996 -0.116929 0.164556 0.293506 0.941688 -0.734931 -0.600270 0.315519
1.760059 -32.408638 -68.728931 -691.926863 0.890206 -0.391142 0.233540 -0.446606 -0.850441 0.278016 -0.089869 0.351792 0.931754
2.446616 -33.652035 -122.807506 -585.725417 0.888167 -0.386324 0.248824 0.347112 0.918863 0.187626 -0.301120 -0.080273 0.950202
3.694361 -9.202286 -45.390781 -150.047620 0.947999 -0.299363 -0.108071 -0.107976 0.016911 -0.994010 -0.299397 -0.953989 0.016293
-0.564145 -11.005506 64.878992 -115.669781 0.464865 -0.859417 0.212846 0.850858 0.367161 -0.375809 0.244828 0.355802 0.901922
