18487
36952
-2.944498 -8.070560 -96.813033 114.745772 -0.235349 0.947575 -0.216129 -0.236069 -0.271449 -0.933052 0.942805 0.168571 -0.287579
-4.732852 -9.453927 -17.437179 73.070694 -0.201741 0.978968 -0.030380 -0.169974 -0.065541 -0.983267 0.964577 0.193201 -0.179621
-5.754171 -9.271885 112.285913 142.336515 -0.169452 0.985536 0.002310 -0.250379 -0.040783 -0.967288 0.953203 0.164488 -0.253668
-4.344301 -8.052437 -76.269649 85.177219 -0.295021 0.925065 -0.239201 -0.161905 -0.295122 -0.941642 0.941674 0.239077 -0.236839
-4.509911 -7.538140 8.242894 141.574737 -0.228762 0.947358 -0.224009 -0.333324 -0.292428 -0.896315 0.914638 0.130375 -0.382674
-3.589577 -7.209228 -89.093041 93.922879 -0.322292 0.866096 -0.382107 -0.216283 -0.460339 -0.860994 0.921602 0.194848 -0.335685
-5.308845 -6.075198 -123.551419 23.237664 0.104096 0.939467 0.326445 -0.811356 0.270046 -0.518436 0.575209 0.210896 -0.790353
-5.196712 -6.012277 -122.345581 26.775874 0.326942 0.805279 0.494606 -0.698615 0.558402 -0.447352 0.636432 0.199281 -0.745145
-1.683390 -7.194939 -358.514663 -15.413761 0.106008 0.958507 0.264627 -0.790158 0.242762 -0.562776 0.603666 0.149439 -0.783106
-2.221657 -5.944206 -297.464779 23.397069 -0.148338 0.981019 0.124888 -0.838412 -0.057780 -0.541966 0.524463 0.185102 -0.831069
-5.184956 -6.211136 -45.058818 19.407090 -0.382403 0.923511 0.029934 -0.767214 -0.299297 -0.567277 0.514927 0.239895 -0.822983
-10.887825 -58.662911 -33.250752 8012.603400 0.063700 0.995204 0.074244 -0.942442 0.035520 0.332478 -0.328246 0.091150 -0.940184
3.948644 -354.956975 -324.475643 28020.655365 -0.012571 0.999907 0.005364 -0.908603 -0.013662 0.417437 -0.417472 -0.000373 -0.908690
20.630481 -9.472417 -1131.499035 -166.942185 -0.918419 0.327518 -0.221899 0.334506 0.942372 0.006431 0.211218 -0.068321 -0.975048
6.034525 -14.288323 -58.232889 581.311691 -0.705939 0.707258 -0.037903 -0.700775 -0.705231 -0.107537 0.102787 0.049353 -0.993478
-0.135662 -1.916322 26.338288 48.628744 -0.386224 0.842696 0.375093 -0.125295 0.354949 -0.926452 0.913856 0.404815 0.031504
-0.376144 -1.580966 32.163787 12.267394 -0.401756 0.872442 0.278275 -0.098095 0.261128 -0.960307 0.910478 0.413106 0.019328
0.068692 -1.693785 20.198778 32.046711 -0.380082 0.840011 0.387193 -0.140532 0.361305 -0.921797 0.914215 0.404771 0.019277
0.086374 -2.217734 9.370873 48.337722 -0.379703 0.851461 0.361718 -0.108907 0.347140 -0.931468 0.918676 0.393075 0.039080
0.213115 -2.061659 -0.799014 35.746544 -0.375237 0.864933 0.333299 -0.107804 0.316411 -0.942477 0.920639 0.389583 0.025486
0.239120 -1.681949 10.466881 23.250833 -0.369644 0.831691 0.414310 -0.163595 0.380672 -0.910124 0.914658 0.404201 0.004653
2.055402 -14.449344 39.946058 -74.462250 0.297273 0.497770 0.814772 0.945981 -0.037886 -0.322000 -0.129414 0.866481 -0.482143
3.039165 -13.580527 119.774212 -146.713513 0.339489 0.497845 0.798059 0.910134 0.040362 -0.412343 -0.237495 0.866326 -0.439403
3.663494 -15.135578 85.741147 -41.988006 0.330016 0.511268 0.793533 0.941756 -0.120715 -0.313883 -0.064687 0.850901 -0.521328
-1.143972 -11.999292 -6.011942 -1.313444 0.316004 0.945156 -0.082592 -0.638859 0.147619 -0.755028 0.701427 -0.291356 -0.650470
-1.160939 -11.802399 -3.315513 10.413337 0.305687 0.950990 -0.046632 -0.649225 0.172362 -0.740809 0.696464 -0.256730 -0.670095
-0.972453 -12.009088 -4.396310 -25.831038 0.320118 0.945438 -0.060590 -0.443062 0.092874 -0.891667 0.837389 -0.312284 -0.448619
-1.267296 -11.462402 -5.281989 42.674998 0.301105 0.949587 -0.087298 -0.808530 0.205691 -0.551336 0.505585 -0.236593 -0.829704
-0.853369 -12.031091 -4.596786 -30.423222 0.322278 0.941693 -0.096699 -0.434951 0.056573 -0.898675 0.840806 -0.331682 -0.427822
-0.973937 -12.133106 -8.010099 -5.909960 0.321401 0.939947 -0.114899 -0.629412 0.121395 -0.767531 0.707490 -0.319004 -0.630630
-1.164709 -11.791740 -9.185888 34.574510 0.312528 0.942523 -0.118220 -0.798931 0.193489 -0.569448 0.513843 -0.272419 -0.813482
1.656630 -12.365929 20.970202 -162.524795 0.310762 0.950453 -0.008108 -0.465520 0.159634 0.870522 -0.828685 0.266751 -0.492063
1.212500 -12.795780 11.615921 217.680875 0.325783 0.944429 -0.043803 -0.510693 0.214776 0.832505 -0.795650 0.248846 -0.552284
1.371648 -12.702859 -1.005790 -100.188396 0.339848 0.940056 -0.028239 -0.470398 0.195905 0.860434 -0.814389 0.279134 -0.508778
1.603215 -14.371592 6.510506 -312.097838 0.326403 0.945069 -0.017469 -0.333324 0.132376 0.933473 -0.884509 0.298865 -0.358222
1.292940 -13.726399 -9.119209 -206.338201 0.345091 0.938234 -0.025072 -0.341602 0.150435 0.927727 -0.874197 0.311585 -0.372417
1.207609 -13.292874 -0.228646 36.841184 0.377597 0.925312 -0.034903 -0.459129 0.219827 0.860742 -0.804127 0.308989 -0.507844
-0.590407 -14.162400 -6.918929 -74.155820 0.109955 0.973945 -0.198347 -0.927468 0.172289 0.331844 -0.357371 -0.147473 -0.922246
-0.659329 -15.338529 -6.754074 -99.891666 0.092396 0.977613 -0.189041 -0.829416 0.180611 0.528629 -0.550937 -0.107950 -0.827535
-0.845703 -13.839426 -12.072137 -74.758241 0.124639 0.974267 -0.187800 -0.926705 0.181936 0.328811 -0.354517 -0.133053 -0.925535
1.522716 -14.161345 -55.753544 -192.433679 -0.244561 0.959461 0.140089 -0.412080 -0.233624 0.880687 -0.877713 -0.157654 -0.452510
-0.153707 -13.274816 -128.192873 -183.922966 -0.284378 0.941217 0.182315 -0.515664 -0.310484 0.798555 -0.808220 -0.133078 -0.573647
0.211166 -13.419417 -85.674239 -205.881761 -0.235298 0.965465 0.111854 -0.564060 -0.229370 0.793238 -0.791500 -0.123555 -0.598550
1.305366 -14.166135 11.884617 -205.968224 -0.175568 0.982411 0.063599 -0.528430 -0.148549 0.835880 -0.830625 -0.113146 -0.545216
-1.324635 -10.162395 -51.627479 -26.763491 -0.071105 0.995618 0.060734 -0.976537 -0.081892 0.199169 -0.203270 0.045147 -0.978081
-1.428522 -10.587374 -43.715521 -107.315963 -0.127541 0.988055 0.086496 -0.945735 -0.147428 0.289569 -0.298862 0.044870 -0.953241
-2.205094 -9.494932 -68.886974 -6.846097 -0.049251 0.996217 0.071600 -0.974033 -0.063768 0.217240 -0.220984 0.059041 -0.973489
-2.060388 -9.864807 -65.770106 98.601221 0.000318 0.998094 0.061713 -0.992480 -0.007239 0.122195 -0.122409 0.061288 -0.990586
-2.996564 -9.566348 -72.107262 67.481965 0.019619 0.995878 0.088553 -0.990070 0.007020 0.140403 -0.139203 0.090428 -0.986126
-3.104322 -9.114264 -81.467275 0.627743 -0.023796 0.995215 0.094768 -0.969494 -0.046105 0.240740 -0.243957 0.086148 -0.965952
0.794200 -9.462357 76.805335 49.609524 -0.719970 0.680655 0.135469 0.372684 0.543856 -0.751882 0.585448 0.490845 0.645230
0.313422 -9.481761 61.617671 -126.875184 -0.694421 0.716044 0.071131 0.379274 0.448232 -0.809468 0.611499 0.535134 0.582839
2.430179 -8.376681 125.348285 102.202209 -0.724966 0.670014 0.159703 0.323567 0.535969 -0.779771 0.608053 0.513633 0.605354
2.550522 -10.286390 104.073632 238.653993 -0.711879 0.680425 0.173926 0.368382 0.572621 -0.732394 0.597932 0.457305 0.658293
1.069092 -11.131061 75.673860 185.067971 -0.719700 0.677042 0.153775 0.413376 0.595814 -0.688568 0.557811 0.431995 0.708680
2.110175 -18.166248 -52.081929 -396.732400 -0.147157 0.968381 0.201454 0.988810 0.149074 0.005710 -0.024502 0.200040 -0.979481
2.693206 -19.996032 -36.523521 -491.317917 -0.150159 0.956468 0.250241 0.988110 0.153641 0.005676 -0.033018 0.248118 -0.968167
2.091704 -14.791409 -47.797540 288.228073 -0.193779 0.959914 0.202520 -0.965976 -0.222736 0.131450 -0.171289 0.170157 -0.970416
1.330841 -14.282942 -38.807896 227.560859 -0.171623 0.971093 0.165906 -0.973021 -0.193445 0.125737 -0.154196 0.139851 -0.978093
1.224431 -17.024010 -34.058616 -287.449294 -0.149483 0.974007 0.170194 0.988754 0.148042 0.021195 -0.004551 0.171448 -0.985183
-0.707382 -12.747439 14.990184 -47.542522 -0.362323 0.840625 0.402581 -0.403000 -0.530761 0.745576 -0.840424 -0.107899 -0.531079
-1.634989 -12.695769 -151.350546 -25.034839 -0.335263 0.915198 0.223633 -0.572819 -0.386473 0.722853 -0.747982 -0.114244 -0.653813
0.752687 -21.415199 20.507094 237.566744 0.751909 -0.633462 -0.182642 0.644141 0.764906 -0.001110 0.140407 -0.116812 0.983179
0.595555 -23.597950 35.354710 -409.979806 0.755453 -0.627519 -0.188443 -0.654926 -0.731591 -0.189334 0.019053 -0.266449 0.963661
0.735346 -24.026210 14.741400 -467.515533 0.761395 -0.626637 -0.166146 -0.643513 -0.761594 -0.076586 0.078544 -0.165229 0.983123
0.900877 -21.975749 8.681659 250.044635 0.759682 -0.629352 -0.163704 0.618702 0.777009 -0.116038 0.200228 -0.013132 0.979661
0.825451 -20.249454 21.860422 156.901536 0.746159 -0.639447 -0.185348 0.614842 0.768629 -0.176574 0.255373 0.017793 0.966679
5.031731 -9.414477 85.952823 1769.065286 0.540872 -0.779646 -0.315609 0.836918 0.461460 0.294318 -0.083823 -0.423327 0.902091
5.251218 0.971979 109.060377 1200.692891 0.365884 -0.842233 -0.395945 0.929920 0.313881 0.191646 -0.037131 -0.438317 0.898053
4.344504 -14.116586 269.941629 2047.444778 0.523826 -0.772414 -0.359142 0.849854 0.445225 0.281998 -0.057920 -0.452936 0.889659
2.332986 -43.474986 233.756466 5645.072104 0.537569 -0.770687 -0.342143 0.834797 0.429211 0.344807 -0.118886 -0.470977 0.874097
2.588195 -39.793785 113.921717 4636.836598 0.511091 -0.808440 -0.291909 0.845084 0.410640 0.342357 -0.156906 -0.421663 0.893074
0.366428 -17.966175 -48.279840 812.442504 -0.427187 0.901874 0.064295 0.903987 0.424619 0.050056 0.017843 0.079505 -0.996675
0.591302 -11.366532 58.855081 406.270845 -0.472979 0.877540 0.078826 0.875427 0.457951 0.154626 0.099592 0.142142 -0.984823
-0.417640 -17.261290 166.763413 762.962426 -0.432668 0.894184 0.115039 0.901474 0.430788 0.042034 -0.011971 0.121891 -0.992471
0.648541 -12.269603 -58.858586 450.049578 -0.452452 0.889904 0.057949 0.884695 0.439724 0.154779 0.112257 0.121297 -0.986248
-0.995850 -33.197739 -60.462600 -1365.625818 -0.486968 0.867969 0.097430 -0.848613 -0.496581 0.182381 -0.206683 -0.006133 -0.978389
-0.125378 -23.188583 -99.880073 -919.709694 -0.401121 0.914115 0.059114 -0.909399 -0.405138 0.094109 -0.109976 0.016009 -0.993805
1.104544 -16.954382 24.356839 671.336352 -0.387789 0.919029 0.070744 0.921707 0.385908 0.039120 0.008652 0.080375 -0.996727
-85.682019 -661.462683 -3567.107816 72309.663950 0.741763 -0.547985 -0.386653 0.397493 0.823567 -0.404644 0.540173 0.146458 0.828712
-40.352005 -311.523308 -213.748296 17390.404905 0.881627 -0.451870 0.136190 -0.368734 -0.479403 0.796372 0.294567 0.752321 0.589274
-216.290177 -664.866489 -3700.117984 -46857.486706 0.517125 -0.848344 -0.113551 0.855734 0.515141 0.048472 0.017374 -0.122236 0.992349
-23.105085 -174.293925 -1233.712747 4320.214363 0.880335 -0.406065 0.245196 0.398018 0.913535 0.083873 -0.258053 0.023757 0.965839
-197.568421 -353.105920 22022.568988 -20983.036498 0.278445 -0.519633 -0.807744 0.941233 0.315032 0.121797 0.191175 -0.794189 0.576815
-79.313807 -271.442522 -5448.256105 9528.058027 0.964655 -0.196021 0.176117 0.004442 -0.656142 -0.754624 -0.263480 -0.728734 0.632080
-1.213767 -4.273167 33.197131 70.495089 -0.360419 0.852843 0.377832 -0.052091 0.386021 -0.921018 0.931335 0.351634 0.094704
-1.518829 -3.578175 37.688926 71.369842 -0.366515 0.895956 0.250859 -0.052536 0.249262 -0.967010 0.928928 0.367602 0.044288
-0.896141 -3.695859 32.862977 93.140759 -0.370358 0.839416 0.397764 -0.087673 0.394713 -0.914612 0.924742 0.373607 0.072591
-0.619460 -3.013098 26.194559 87.900151 -0.376042 0.836155 0.399295 -0.107376 0.388698 -0.915087 0.920360 0.386986 0.056384
-0.395921 -3.915707 21.109261 92.353112 -0.371149 0.804856 0.463092 -0.093651 0.463726 -0.881015 0.923838 0.370357 0.096736
-3.544742 -5.831288 7.324234 15.310720 -0.153920 0.507167 0.847992 0.710309 0.653375 -0.261842 -0.686855 0.562034 -0.460813
-3.009411 -5.919117 21.681577 -15.399424 -0.066844 0.556145 0.828393 0.780445 0.546418 -0.303864 -0.621641 0.626203 -0.470565
-3.139092 -5.994097 -7.272010 2.603118 -0.294609 0.449571 0.843262 0.726870 0.678283 -0.107670 -0.620376 0.581221 -0.526608
2.757959 -6.772823 185.713038 -4.992441 0.228826 0.972104 0.051501 -0.682354 0.122439 0.720696 -0.694285 0.200056 -0.691336
0.347544 -6.435953 158.819985 -8.296135 0.269666 0.962491 0.029853 -0.682126 0.169049 0.711426 -0.679694 0.212211 -0.702127
2.529991 -6.654755 180.349359 -4.153786 0.268901 0.962984 0.018833 -0.587371 0.148457 0.795585 -0.763339 0.224995 -0.605549
0.617015 -6.483088 171.771294 1.685819 0.207597 0.974628 0.083689 -0.774448 0.111485 0.622737 -0.597606 0.194091 -0.777943
4.070291 -6.896653 102.105297 -2.282710 0.203860 0.978967 0.008102 -0.586253 0.115445 0.801860 -0.784059 0.168217 -0.597456
4.207216 -7.091743 91.413278 -5.215963 0.165129 0.985958 0.024886 -0.681300 0.095787 0.725710 -0.713136 0.136790 -0.687550
3.088979 -6.831145 189.218582 5.020804 0.177125 0.980587 0.084119 -0.770666 0.085030 0.631541 -0.612128 0.176689 -0.770766
-0.138066 -8.311996 -18.863858 -10.840368 0.044457 0.998499 -0.031982 -0.947018 0.031928 -0.319588 0.318088 -0.044495 -0.947017
-0.288121 -8.275502 -3.334878 24.600876 0.084343 0.996435 -0.001631 -0.985718 0.083196 -0.146418 0.145760 -0.013957 -0.989222
-0.546567 -8.931523 -10.831983 -11.077324 0.061432 0.998101 -0.004628 -0.943773 0.056578 -0.325716 0.324836 -0.024377 -0.945456
-0.051423 -7.827617 -12.721968 -3.195239 0.045977 0.998164 -0.039440 -0.965548 0.034282 -0.257957 0.256131 -0.049941 -0.965351
-0.127020 -8.126536 -23.193868 -41.731324 -0.000455 0.999013 -0.044412 -0.870811 -0.022229 -0.491115 0.491617 -0.038451 -0.869962
0.012098 -7.785542 -27.849858 -27.132493 0.001959 0.998189 -0.060123 -0.895066 -0.025060 -0.445230 0.445930 -0.054686 -0.893396
1.486665 -13.105546 -41.681600 -19.615944 0.045387 0.997159 0.060119 0.923331 -0.018903 -0.383539 0.381313 -0.072917 0.921566
2.421446 -11.521979 -49.072368 -188.179666 -0.113491 0.992509 0.045239 0.932296 0.122124 -0.340456 0.343430 -0.003537 0.939172
2.534976 -13.544923 -51.374871 -40.955733 -0.012540 0.997162 0.074232 0.864116 0.048162 -0.500982 0.503136 -0.057863 0.862268
1.643103 -14.860366 -39.930838 60.071836 0.117507 0.990006 0.077970 0.851924 -0.060148 -0.520200 0.510312 -0.127552 0.850478
3.238264 -14.741843 -35.099188 -27.473558 -0.021984 0.997961 0.059929 0.781343 0.054547 -0.621714 0.623715 -0.033157 0.780948
2.483039 -14.347581 -47.476562 64.337484 0.076602 0.992590 0.094320 0.765699 0.002028 -0.643196 0.638622 -0.121491 0.759870
-116.357101 -392.182585 -11674.075103 7806.383617 0.765872 -0.540670 -0.348016 0.536380 0.238736 0.809507 0.354592 0.806648 -0.472846
-125.901286 -892.715365 8936.705460 -87909.251983 -0.458947 0.682654 0.568640 0.888406 0.345302 0.302493 0.010145 0.644011 -0.764949
-60.258165 -385.633914 -3648.966336 -450.760657 0.762570 -0.437964 -0.476104 0.601551 0.209355 0.770913 0.237957 0.874276 -0.423106
0.481037 -17.318155 -3.872658 183.296552 0.215817 0.976007 0.028880 0.950282 -0.203146 -0.236000 0.224471 -0.078377 0.971324
0.343930 -19.346554 3.759778 278.386509 0.237305 0.971287 0.016962 0.968753 -0.235317 -0.078379 0.072137 -0.035032 0.996779
0.318448 -16.395094 1.392372 423.238964 0.202053 0.979229 0.016876 0.966947 -0.196723 -0.162214 0.155524 -0.049094 0.986611
1.138771 -42.737540 -59.964477 839.986022 0.874598 -0.387541 -0.291359 -0.137921 -0.774961 0.616776 0.464818 0.499246 0.731230
1.478549 -40.441190 19.208425 -637.912953 0.819484 -0.460237 -0.341509 0.193650 0.783216 -0.590823 0.539394 0.418037 0.730958
0.760716 -37.391939 8.490349 7.004865 0.853683 -0.358250 -0.377998 0.213851 0.902935 -0.372795 0.474861 0.237413 0.847432
5.733186 -14.185363 818.007818 -201.257393 -0.337681 -0.845290 -0.414072 0.937496 -0.262734 -0.228192 0.084098 -0.465247 0.881177
5.469140 -14.350405 304.900185 -107.548239 -0.252295 -0.903495 -0.346474 0.938143 -0.140636 -0.316402 0.237141 -0.404869 0.883089
1.625492 -16.308888 1026.451216 -235.193593 -0.405158 -0.801705 -0.439450 0.910018 -0.307467 -0.278084 0.087825 -0.512576 0.854139
1.820502 -12.437113 832.261029 -174.644326 -0.406642 -0.825594 -0.391199 0.913398 -0.376115 -0.155696 -0.018594 -0.420633 0.907040
4.870663 -10.706688 603.848717 -54.142284 -0.359965 -0.863236 -0.353905 0.932676 -0.323501 -0.159571 0.023258 -0.387518 0.921569
-7.167422 -9.420813 -42.339007 -1.169785 0.435411 0.842913 0.316095 0.008335 -0.354886 0.934872 -0.900193 0.404419 0.161547
-6.383086 -9.502077 -26.909976 -17.218056 0.321027 0.876670 0.358317 -0.036529 -0.366600 0.929661 -0.946365 0.311535 0.085665
-6.904472 -9.200927 -49.601542 47.625230 0.398646 0.842698 0.361859 0.134454 -0.444005 0.885879 -0.907196 0.304498 0.290305
-7.705239 -8.915226 -45.877894 44.247948 0.512415 0.798571 0.315778 0.168288 -0.453975 0.874977 -0.842087 0.395210 0.367014
-7.966776 -9.306521 -42.643256 15.685012 0.556609 0.800647 0.221702 0.095837 -0.326961 0.940166 -0.825229 0.502057 0.258720
2.825598 -10.380883 5.283729 -78.418062 -0.035181 0.386237 -0.921728 -0.650475 0.691344 0.314525 0.758712 0.610627 0.226915
1.282904 -9.907216 -79.380354 -98.682519 0.024406 0.375829 -0.926368 -0.679823 0.685644 0.260256 0.732970 0.623414 0.272231
0.415020 -11.554712 31.346653 108.018646 0.101959 -0.467978 0.877839 0.780920 -0.509001 -0.362052 0.616253 0.722436 0.313556
1.638463 -1.020223 -207.973872 -30.693112 -0.306995 0.184485 0.933659 -0.052644 0.976238 -0.210208 -0.950254 -0.113684 -0.289988
1.584623 -1.420980 -191.518755 -31.708757 -0.306706 0.227668 0.924174 -0.019794 0.969235 -0.245338 -0.951598 -0.093540 -0.292764
4.145479 -1.204081 -238.946137 -7.552777 -0.304775 0.164786 0.938061 -0.057791 0.979904 -0.190913 -0.950670 -0.112397 -0.289127
4.674809 -0.900832 -255.809887 -6.737249 -0.301485 0.135742 0.943759 -0.083845 0.982205 -0.168056 -0.949777 -0.129796 -0.284739
1.865724 -0.691842 -234.589851 -10.370348 -0.309197 0.099220 0.945808 -0.088438 0.987233 -0.132477 -0.946877 -0.124607 -0.296474
-0.318101 -7.908314 113.156282 -95.879464 -0.134654 0.990886 -0.003666 0.033952 0.000916 -0.999423 0.990311 0.134700 0.033766
1.158337 -7.057542 63.269062 -132.920093 -0.098338 0.994559 -0.034378 0.058876 -0.028671 -0.997854 0.993410 0.100151 0.055736
-0.310817 -6.633017 102.845231 -177.216724 -0.141398 0.988488 0.053834 0.106239 0.069218 -0.991928 0.984236 0.134538 0.114804
3.145799 -16.185870 -10.033014 203.942203 0.127698 0.964448 -0.231372 0.991414 -0.117510 0.057351 0.028123 -0.236709 -0.971174
3.394272 -17.175398 -9.579309 109.319681 0.138457 0.958294 -0.250005 0.975224 -0.175901 -0.134151 -0.172533 -0.225237 -0.958906
2.636635 -17.468275 -44.331430 275.229389 0.098243 0.947315 -0.304865 0.995092 -0.097157 0.018772 -0.011837 -0.305213 -0.952211
2.243321 -14.592215 -47.937186 239.651336 0.112019 0.944932 -0.307497 0.976923 -0.048090 0.208108 0.181860 -0.323713 -0.928513
-1.120823 -12.146147 -10.942994 -241.691138 -0.016292 0.982632 -0.184847 -0.701690 -0.142938 -0.697997 0.712296 -0.118333 -0.691832
-1.185704 -15.608033 -21.249412 -216.372033 -0.043467 0.969402 -0.241601 -0.847977 -0.163666 -0.504132 0.528248 -0.182959 -0.829144
-1.483074 -14.810471 -10.984707 -181.119307 -0.030598 0.981898 -0.186922 -0.850549 -0.123805 -0.511115 0.525005 -0.143347 -0.838941
-4.802253 -13.121930 -194.799198 69.081540 0.235892 -0.111242 0.965391 0.954428 -0.160369 -0.251692 0.182818 0.980769 0.068342
-2.732020 -13.099715 -211.410779 89.381177 0.242936 -0.085991 0.966223 0.950259 -0.179043 -0.254856 0.194911 0.980076 0.038218
-3.358668 -14.024008 -103.918601 -2.364518 0.248782 -0.113237 0.961917 0.967413 0.077359 -0.241096 -0.047112 0.990552 0.128792
-4.652527 -13.901108 -99.145732 -13.793802 0.216813 -0.148314 0.964881 0.974951 0.083148 -0.206294 -0.049632 0.985439 0.162626
-2.073071 -13.710864 -97.955329 -69.826479 0.243307 -0.092185 0.965559 0.928876 0.308764 -0.204585 -0.279270 0.946661 0.160753
-3.341656 -13.677524 -68.593922 -50.477522 0.228065 -0.125447 0.965531 0.933144 0.311207 -0.179981 -0.277902 0.942026 0.188036
6.714272 -16.215395 169.541096 138.252201 -0.415025 0.489822 -0.766700 -0.186630 0.778948 0.598673 0.890463 0.391553 -0.231867
4.764281 -17.112752 219.011465 143.112541 -0.495787 0.480314 -0.723529 -0.176114 0.760214 0.625346 0.850399 0.437462 -0.292314
6.665907 -20.408429 341.837345 359.893787 -0.464396 0.442472 -0.767174 -0.034176 0.856650 0.514765 0.884968 0.265274 -0.382702
10.805841 -18.456889 394.253122 298.929581 -0.377075 0.429595 -0.820526 -0.059454 0.872868 0.484322 0.924273 0.231409 -0.303595
8.852470 -14.894465 116.319933 135.492693 -0.327206 0.465969 -0.822076 -0.218491 0.809083 0.545569 0.919347 0.358130 -0.162927
-0.078731 -8.835375 53.861397 -45.107884 -0.397141 0.908908 -0.127142 0.685384 0.201594 -0.699720 0.610350 0.365029 0.703013
-0.710914 -8.795841 37.789337 -43.705922 -0.369446 0.917636 -0.146469 0.712650 0.178635 -0.678395 0.596356 0.355011 0.719949
-0.617316 -8.926967 39.450218 -26.384614 -0.378741 0.914239 -0.143953 0.565478 0.105462 -0.817993 0.732660 0.391210 0.556924
0.224989 -8.533433 47.498104 -9.243345 -0.394931 0.909576 -0.129233 0.535776 0.113757 -0.836662 0.746307 0.399664 0.532255
0.773570 -8.686069 30.724682 -34.160992 -0.398823 0.912846 -0.087478 0.653217 0.215842 -0.725754 0.643621 0.346590 0.682369
-18.436369 -139.666965 -519.059394 -6208.153416 -0.006849 -0.330899 -0.943641 0.908505 -0.396347 0.132389 -0.417817 -0.856396 0.303338
-5.783067 -115.016289 -289.776492 -4590.518272 0.228181 -0.491288 -0.840577 0.944940 -0.096252 0.312768 -0.234567 -0.865662 0.442275
-16.503707 -387.883847 -340.613597 -4724.694899 0.051246 -0.327512 -0.943456 0.986402 0.164316 -0.003462 0.156159 -0.930449 0.331479
423.587299 -788.344365 -43204.439010 57264.697154 -0.607714 -0.268466 -0.747402 0.715784 0.222497 -0.661927 0.344000 -0.937241 0.056949
-5.459042 -426.880060 -5128.065084 24877.052860 -0.558328 0.033618 -0.828939 0.809968 -0.194102 -0.553422 -0.179504 -0.980405 0.081143
-543.997721 -4596.946810 -41278.105291 -392811.194484 0.017240 -0.263807 -0.964421 0.855835 -0.494824 0.150652 -0.516962 -0.827983 0.217244
3.707018 -7.258138 -234.305039 -25.425242 0.061674 -0.956777 0.284207 0.991098 0.092367 0.095882 -0.117989 0.275763 0.953957
1.063370 -7.052472 -189.804512 -28.133782 0.092894 -0.948139 0.303978 0.989130 0.122828 0.080842 -0.113987 0.293164 0.949243
3.302363 -7.457825 -225.113466 -12.641356 0.095593 -0.950602 0.295328 0.995101 0.083745 -0.052538 0.025211 0.298903 0.953950
5.361125 -7.578133 -150.597980 -8.482494 0.073218 -0.972304 0.221956 0.997117 0.066916 -0.035789 0.019945 0.223936 0.974400
5.111562 -7.574633 -181.795804 5.044944 0.087307 -0.963864 0.251680 0.982500 0.041586 -0.181562 0.164535 0.263128 0.950627
2.761072 -7.566161 -208.481339 1.425435 0.122901 -0.944629 0.304255 0.977886 0.062994 -0.199428 0.169219 0.322037 0.931481
-0.105256 -22.345180 -23.266997 236.871515 0.018281 0.884509 -0.466165 -0.761720 -0.289691 -0.579536 0.647649 -0.365682 -0.668452
-0.015071 -23.529702 -73.593723 406.828394 0.052563 0.878827 -0.474237 -0.792434 -0.252280 -0.555341 0.607689 -0.404992 -0.683151
0.159486 -20.374388 -30.657910 307.995591 0.018141 0.883160 -0.468721 -0.865826 -0.220569 -0.449105 0.500017 -0.413978 -0.760661
0.022378 -22.084123 58.376597 213.032973 -0.020567 0.888842 -0.457753 -0.830417 -0.270155 -0.487262 0.556763 -0.370104 -0.743665
-14.579609 -281.686951 449.506827 5180.254599 -0.038445 0.774156 -0.631826 0.990557 -0.053748 -0.126129 -0.131603 -0.630708 -0.764779
-8.532785 -325.146269 -8.833407 26012.001608 -0.059218 0.783715 -0.618292 0.918515 0.285336 0.273705 0.390927 -0.551702 -0.736750
-10.101503 -198.429264 110.797507 7473.274251 -0.053264 0.774807 -0.629950 0.985503 -0.060976 -0.158323 -0.161082 -0.629250 -0.760327
-14.779183 -283.888757 642.380201 6774.393679 0.042876 0.768496 -0.638416 -0.759273 0.440388 0.479126 -0.649358 -0.464190 -0.602381
-9.790008 -257.285328 -59.073506 -11019.061303 -0.016547 0.734837 -0.678042 -0.809349 0.388340 0.440621 -0.587096 -0.556063 -0.588313
1.073332 -5.185527 65.417499 -8.817815 -0.281402 0.928733 0.241386 0.497220 0.356270 -0.791103 0.820723 0.102596 0.562039
2.145431 -5.349679 69.131911 16.006797 -0.257520 0.936233 0.239061 0.408611 0.329709 -0.851075 0.875625 0.121486 0.467463
2.151333 -5.374602 54.104696 1.913766 -0.230599 0.947130 0.223091 0.492169 0.311310 -0.812930 0.839401 0.077662 0.537935
7.698509 -7.252395 -258.245227 158.799902 0.381896 -0.892579 -0.239704 0.917957 0.396442 -0.013735 0.107289 -0.214793 0.970749
5.305171 -7.481634 -255.987103 158.642204 0.382748 -0.908734 -0.166455 0.922607 0.385330 0.017803 0.047962 -0.160387 0.985888
5.724724 -5.271289 -237.118342 89.753362 0.468323 -0.868008 -0.165031 0.878747 0.477040 -0.015375 0.092072 -0.137820 0.986169
3.746521 -6.631272 -231.218816 114.091113 0.435793 -0.890884 -0.128100 0.899603 0.435615 0.030893 0.028280 -0.128702 0.991280
-2.355153 -6.113805 20.388291 -0.656973 0.130915 0.990757 0.035515 0.458785 -0.092301 0.883741 -0.878850 0.099402 0.466628
-2.755080 -6.192778 21.520806 3.272572 0.048102 0.998411 -0.029354 0.478228 0.002780 0.878231 -0.876917 0.056283 0.477335
-2.017987 -6.056596 25.274222 24.491551 0.132332 0.990620 0.034072 0.563834 -0.103502 0.819377 -0.815217 0.089218 0.572242
-1.699144 -6.075077 18.507903 14.679013 0.205988 0.975130 0.081794 0.517378 -0.179476 0.836725 -0.830596 0.130037 0.541480
-1.514869 -5.680733 20.191755 28.439746 0.161435 0.985332 0.055320 0.633902 -0.146494 0.759413 -0.756378 0.087528 0.648252
-1.931716 -5.696464 24.359114 30.941463 0.067029 0.997675 -0.012321 0.644493 -0.033867 0.763860 -0.761667 0.059141 0.645264
0.156558 -6.351530 53.686451 32.502277 -0.332638 0.830625 -0.446558 0.164459 -0.415174 -0.894753 0.928604 0.371069 -0.001499
-0.423673 -7.244530 31.240915 35.724796 -0.329243 0.864679 -0.379380 0.121375 -0.359693 -0.925143 0.936412 0.350644 -0.013476
1.565023 -6.107793 87.103194 -18.269573 -0.309993 0.737918 -0.599484 0.092740 -0.604068 -0.791518 0.946205 0.300961 -0.118822
-0.903243 -8.096961 10.635090 66.484956 -0.332626 0.910097 -0.247148 0.226034 -0.177494 -0.957812 0.915570 0.374458 0.146674
-0.348664 -7.391644 33.693633 81.730750 -0.354940 0.893030 -0.276612 0.232195 -0.202398 -0.951378 0.905595 0.401910 0.135518
2.285248 -10.655259 119.958369 414.925269 -0.397575 0.915337 0.063965 -0.913664 -0.401345 0.064351 -0.084575 0.032858 -0.995875
1.286111 -14.427621 132.737410 -265.116624 -0.351727 0.931868 0.088937 0.933959 0.342909 0.100668 0.063312 0.118471 -0.990937
-0.140796 -11.660928 142.860359 480.630917 -0.318796 0.943564 0.089757 -0.938055 -0.327654 0.112679 -0.135729 0.048276 -0.989569
1.001079 -7.027860 161.061593 534.052720 -0.383635 0.918497 0.095849 -0.893626 -0.395405 0.212339 -0.232932 0.004192 -0.972484
-0.567990 -7.065951 82.614978 510.725850 -0.193934 0.979808 0.048630 -0.952363 -0.199932 0.230286 -0.235359 0.001653 -0.971907
-1.006634 -11.172690 41.988995 355.373802 -0.246781 0.968687 0.027294 -0.964204 -0.248264 0.093147 -0.097006 0.003330 -0.995278
-1.847283 -27.774524 -104.535210 -1230.364838 0.984344 -0.174448 0.025179 0.067506 0.241178 -0.968130 -0.162815 -0.954673 -0.249178
-0.291138 -29.990101 -83.377492 -870.818657 0.978605 -0.200354 0.046806 0.152773 0.555203 -0.817564 -0.137815 -0.807222 -0.573933
-2.272833 -35.651774 -106.846294 -1254.077240 0.979003 -0.200449 0.037051 0.136794 0.511281 -0.848457 -0.151128 -0.835711 -0.527966
-8.272151 -11.699173 118.888961 189.665379 -0.137846 0.877821 0.458724 -0.146805 0.439922 -0.885955 0.979514 0.189468 -0.068227
-5.402052 -10.341528 -23.347697 65.622806 -0.208538 0.976585 0.052859 -0.079145 0.037019 -0.996176 0.974807 0.211923 -0.069572
-4.953828 -9.348099 -82.521113 86.352364 -0.283416 0.952038 -0.115317 -0.093299 -0.147050 -0.984719 0.954448 0.268327 -0.130501
-2.690358 -5.744861 -205.160228 -70.354274 0.429049 0.731757 0.529574 -0.589537 0.671043 -0.449607 0.684370 0.119300 -0.719309
15.137783 0.226991 -1051.925245 114.613711 -0.835775 -0.512818 -0.196209 -0.456967 0.847760 -0.269229 0.304404 -0.135354 -0.942877
9.874375 -4.154666 199.204917 252.680576 0.735007 0.672085 -0.089815 -0.670888 0.701612 -0.240103 0.098355 -0.236733 -0.966584
22.863251 -2.377063 -1325.430307 153.909588 -0.712472 -0.673023 -0.198551 -0.612178 0.734470 -0.292902 0.342960 -0.087136 -0.935300
9.985790 -1.051881 466.734664 123.307308 0.621944 0.757194 0.199606 -0.706838 0.652558 -0.273035 0.336995 -0.028724 -0.941068
67.999694 -1941.163264 -2980.702473 -171597.255301 -0.202487 0.725233 -0.658055 0.850822 -0.202429 -0.484896 -0.484872 -0.658073 -0.576055
-0.717594 -89.632611 -934.221324 7335.220404 0.044922 0.903856 -0.425473 -0.912606 0.210376 0.350559 -0.406364 -0.372541 -0.834315
-9.164289 -117.560535 -2898.868390 17549.223393 0.124184 0.813438 -0.568240 -0.695717 0.479706 0.534659 -0.707500 -0.328938 -0.625495
-0.778642 -6.752383 -30.535458 41.942343 -0.241641 0.967908 0.069023 -0.963135 -0.247900 0.104483 -0.118241 0.041231 -0.992129
-0.440477 -6.378292 -21.924422 39.907574 -0.165300 0.985357 0.041800 -0.970460 -0.170060 0.171131 -0.175734 0.012278 -0.984361
-0.646742 -6.047624 -29.663935 37.493399 -0.238644 0.967390 0.084888 -0.942884 -0.251742 0.218162 -0.232418 0.027976 -0.972214
-1.130354 -7.606982 -24.099503 -58.286031 -0.161560 0.985396 0.053795 0.986396 0.162919 -0.021903 -0.030348 0.049524 -0.998312
-1.222380 -6.851273 -27.311909 40.356528 -0.275278 0.956180 0.099710 -0.955814 -0.283342 0.078338 -0.103157 0.073739 -0.991928
-1.257707 -7.478178 -25.518552 -42.600029 -0.226410 0.970200 0.086317 0.973833 0.223683 0.040185 0.019680 0.093157 -0.995457
-0.975730 -11.824646 -4.139736 -20.028347 0.311266 0.950071 -0.021869 -0.454195 0.128513 -0.881585 0.834758 -0.284340 -0.471519
-1.232573 -11.080473 0.780727 57.553881 0.282144 0.957985 -0.051579 -0.821008 0.213288 -0.529579 0.496328 -0.191764 -0.846691
1.584870 -11.805186 20.525095 168.067631 0.268122 0.963162 -0.020713 -0.507521 0.159492 0.846749 -0.818861 0.216520 -0.531589
0.948141 -13.963020 15.529967 372.806859 0.304678 0.950181 -0.065788 -0.574598 0.238454 0.782928 -0.759611 0.200739 -0.618624
0.741281 -15.170549 -8.204189 361.107803 0.343796 0.934186 -0.095397 -0.599306 0.296488 0.743591 -0.722937 0.198471 -0.661794
-1.041496 -12.912315 -15.637056 3.599393 0.167498 0.969201 -0.180539 -0.972335 0.192648 0.132103 -0.162815 -0.153417 -0.974656
-1.137850 -13.834576 -14.960728 -110.666791 0.213755 0.964526 -0.154915 0.975853 -0.203531 0.079284 0.044942 -0.168122 -0.984741
-0.852343 -14.112781 -10.536028 -134.697113 0.197224 0.964041 -0.178122 0.979748 -0.187410 0.070504 0.034587 -0.188420 -0.981479
-1.717084 -13.735617 18.247458 -34.963078 0.356858 0.929631 -0.091857 0.271685 -0.009202 0.962342 -0.893778 0.368376 0.255851
-1.944664 -13.540775 19.248627 2.871020 0.355959 0.931706 -0.072228 0.097705 0.039762 0.994421 -0.929380 0.361030 0.076879
-2.081791 -13.422996 5.207128 19.004085 0.283288 0.952409 -0.112541 0.274913 0.031778 0.960944 -0.918788 0.303163 0.252827
-1.651721 -13.488666 12.458581 29.563629 0.319652 0.938343 -0.131661 0.458397 -0.031532 0.888188 -0.829274 0.344264 0.440212
-2.111112 -12.843299 -7.139610 56.273943 0.203709 0.971897 -0.117975 0.292467 0.054589 0.954716 -0.934326 0.228988 0.273128
-1.918183 -12.790114 0.526851 47.703869 0.253944 0.957322 -0.138009 0.468430 0.003108 0.883495 -0.846219 0.289006 0.447649
-2.209420 -13.265782 -6.123062 33.339876 0.214119 0.971874 -0.098049 0.095675 0.079028 0.992271 -0.972111 0.221845 0.076063
2.311282 -7.598269 35.719848 14.844581 0.370937 0.890051 0.264982 0.406938 0.100697 -0.907889 0.834750 -0.444601 0.324843
2.048377 -7.238403 32.271629 -7.908103 0.335884 0.886893 0.317179 0.321844 0.208408 -0.923571 0.885211 -0.412295 0.215440
2.009201 -8.054018 -20.564260 16.603205 0.409692 0.859676 0.305139 0.378600 0.144091 -0.914276 0.829949 -0.490097 0.266440
1.006399 -8.543207 -85.127325 25.879735 0.433273 0.833595 0.342628 0.347133 0.196483 -0.917002 0.831729 -0.516249 0.204237
1.275037 -8.964990 -96.815418 30.952258 0.472826 0.839199 0.268663 0.445633 0.035292 -0.894520 0.760162 -0.542677 0.357288
0.878486 -12.432473 26.499517 -90.320989 -0.152289 0.986537 0.059612 -0.614205 -0.141723 0.776316 -0.774313 -0.081610 -0.627518
0.493496 -11.875347 9.485176 85.732114 -0.169741 0.982025 0.082548 -0.688941 -0.178140 0.702586 -0.704662 -0.062387 -0.706795
0.721066 -11.644394 0.815528 19.748735 -0.144115 0.988020 0.055195 -0.628566 -0.134478 0.766042 -0.764287 -0.075705 -0.640417
1.023025 -13.290467 13.279371 -148.768472 -0.140685 0.989654 0.028149 -0.534715 -0.099880 0.839109 -0.833239 -0.102999 -0.543235
-0.733230 -11.204427 -40.283433 -130.114006 -0.121453 0.990726 0.060916 -0.951539 -0.133678 0.276953 -0.282528 0.024327 -0.958951
-0.743036 -11.664528 -29.122623 -122.776266 -0.168451 0.981811 0.087585 -0.901652 -0.189381 0.388791 -0.398306 0.013479 -0.917154
-0.658930 -12.376953 25.507368 -227.046416 -0.641424 0.767169 -0.005101 0.378815 0.310929 -0.871678 0.667139 0.561048 0.490052
-0.072817 -11.427391 42.067896 -270.307362 -0.655903 0.754841 -0.002436 0.368373 0.317270 -0.873866 0.658857 0.574069 0.486161
-0.662235 -14.979282 18.000009 -280.121414 -0.622138 0.781844 -0.040795 0.299926 0.189881 -0.934874 0.723180 0.593856 0.352627
-0.892377 -15.358259 4.130599 -222.704938 -0.610290 0.791892 -0.021265 0.291756 0.199730 -0.935407 0.736494 0.577074 0.352932
2.827343 -22.377252 31.219943 -632.856749 -0.173941 0.934852 0.309510 0.983495 0.180814 0.006578 -0.049814 0.305546 -0.950873
3.391713 -25.920270 -31.411110 -520.587333 -0.105270 0.947405 0.302227 0.977860 0.043347 0.204721 0.180853 0.317087 -0.930993
2.470977 -15.978410 -25.393568 -390.671969 -0.208951 0.944292 0.254269 0.958417 0.249416 -0.138668 -0.194362 0.214721 -0.957141
3.589517 -28.759477 102.574068 -622.018159 -0.151302 0.927550 0.341701 0.966017 0.065459 0.250052 0.209569 0.367922 -0.905933
2.060985 -15.863988 38.582950 -508.102531 -0.252674 0.916778 0.309313 0.937548 0.310984 -0.155860 -0.239081 0.250614 -0.938101
1.392516 -18.656702 119.344164 -629.140325 -0.262305 0.898963 0.350802 0.940701 0.319251 -0.114720 -0.215122 0.299908 -0.929396
2.062828 -24.701727 157.668132 -720.727122 -0.226380 0.905036 0.360087 0.973860 0.217390 0.065865 -0.018669 0.365585 -0.930591
0.423978 -14.050133 -34.762585 -110.694242 -0.296736 0.918741 0.260503 -0.360144 -0.360311 0.860507 -0.884446 -0.161525 -0.437796
1.829100 -13.719543 121.760791 -19.735583 -0.345565 0.826392 0.444591 -0.232767 -0.534457 0.812512 -0.909068 -0.177290 -0.377046
2.321071 -12.049628 184.787906 -60.989301 -0.424767 0.654323 0.625647 0.138409 0.729904 -0.669390 -0.894659 -0.197739 -0.400604
-0.625700 -12.016575 141.335407 92.462940 -0.435273 0.661942 0.610221 0.327814 0.747800 -0.577350 -0.838496 -0.051266 -0.542491
-2.698674 -11.790980 61.442166 -96.430390 -0.377241 0.805589 0.456854 -0.527975 -0.592360 0.608565 -0.760876 0.011632 -0.648794
0.527775 -24.402363 38.769476 -227.766619 0.755480 -0.625374 -0.195339 -0.646689 -0.663962 -0.375431 -0.105087 -0.409954 0.906032
0.535821 -24.080268 12.993019 -190.116355 0.746901 -0.637279 -0.189773 -0.660709 -0.679161 -0.319693 -0.074847 -0.364164 0.928323
0.372678 -28.210735 6.059017 -793.185005 0.764645 -0.625888 -0.153566 -0.635532 -0.692831 -0.340710 -0.106851 -0.358118 0.927542
0.297754 -26.072210 28.111399 -340.449340 0.751737 -0.631971 -0.188423 -0.625179 -0.592022 -0.508587 -0.209862 -0.500122 0.840140
0.368637 -28.179463 40.731419 -458.605712 0.764344 -0.616942 -0.187510 -0.603970 -0.583150 -0.543283 -0.225828 -0.528506 0.818342
-3.552676 -7.661330 -474.238887 109.560535 0.948287 0.151944 0.278683 0.244396 -0.909747 -0.335606 -0.202538 -0.386360 0.899836
-1.557307 -95.277128 -1002.711887 11438.435014 0.697586 -0.688483 -0.198407 0.707343 0.617607 0.343844 -0.114193 -0.380202 0.917827
-0.339849 -4.728886 -868.245935 -374.836237 -0.590564 -0.666229 -0.455383 0.778443 -0.619070 -0.103822 -0.212745 -0.415803 0.884222
-3.095253 -65.237915 -1143.767426 -7671.283168 0.864420 -0.502267 0.022484 -0.429798 -0.761423 -0.485293 -0.260867 -0.409833 0.874062
2.444257 -3.055366 -519.702393 -278.580917 -0.685190 -0.589219 -0.428177 0.688621 -0.715580 -0.117247 -0.237311 -0.375188 0.896057
1.842142 -6.636369 -298.232505 -580.314673 0.971824 0.050571 0.230221 0.129958 -0.929805 -0.344344 -0.196647 -0.364561 0.910179
48.988800 -36.031876 -4587.861025 -1711.903340 0.848479 0.356003 0.391594 0.482227 -0.824912 -0.294919 -0.218039 -0.439070 0.871594
0.938339 -10.786695 -5.840651 0.153666 -0.557015 0.829663 0.037320 -0.812253 -0.534857 -0.232751 0.173144 0.159959 -0.971820
-443.605632 -581.761881 -5952.867802 -35765.007349 0.388772 -0.286187 0.875759 0.687441 -0.542753 -0.482538 0.613417 0.789630 -0.014270
-1.853627 -4.154292 31.783584 53.413845 -0.344217 0.909286 0.233911 -0.027018 0.239440 -0.970535 0.938501 0.340394 0.057852
-1.992829 -3.764498 33.798477 13.445761 -0.346612 0.937862 -0.016555 0.014294 -0.012366 -0.999821 0.937900 0.346787 0.009119
-1.609081 -3.202361 39.397838 2.294449 -0.369095 0.927237 -0.063252 0.029522 -0.056327 -0.997976 0.928923 0.370215 0.006584
-3.266893 -5.890602 41.105970 -14.974082 0.086777 0.618160 0.781248 -0.699849 -0.520281 0.489407 -0.709000 0.589225 -0.387470
-2.895931 -5.845557 37.403877 -13.273351 0.137756 0.624159 0.769058 -0.723628 -0.466755 0.508432 -0.676304 0.626551 -0.387360
-2.653027 -5.892738 13.567576 -34.942284 0.035934 0.598603 0.800240 0.801020 0.461556 -0.381227 -0.597559 0.654707 -0.462907
-2.240260 -7.178494 11.129668 -93.846341 -0.125452 0.534241 0.835971 0.848529 0.494393 -0.188614 -0.514063 0.685684 -0.515342
-3.140880 -7.680211 14.456552 -40.856358 0.149027 0.988770 0.011156 -0.409272 0.051408 0.910963 -0.900160 0.140324 -0.412337
-2.791028 -7.215688 20.788294 -53.642060 0.251645 0.964995 -0.073891 -0.392384 0.171518 0.903668 -0.884709 0.198410 -0.421810
-2.667789 -6.720815 25.357912 -96.791035 0.192596 0.979873 -0.052489 -0.504322 0.144728 0.851301 -0.841764 0.137486 -0.522046
-3.143662 -7.591610 4.508339 9.180410 0.184430 0.982833 0.004967 -0.291354 0.049845 0.955316 -0.938669 0.177636 -0.295545
-3.227374 -7.631651 2.658752 34.060414 0.127594 0.991775 0.010133 -0.282392 0.026533 0.958932 -0.950776 0.125216 -0.283455
-0.696341 -8.973841 -20.078489 27.540953 0.095671 0.995384 -0.007650 -0.984552 0.093492 -0.148041 0.146642 -0.021695 -0.988952
-0.258187 -7.649787 0.241955 12.574406 0.094286 0.995498 -0.009667 -0.992376 0.093207 -0.080638 0.079374 -0.017196 -0.996697
1.350062 -10.596659 -50.575225 -43.105801 -0.030065 0.998593 0.043678 0.962985 0.040648 -0.266472 0.267873 -0.034050 0.962852
2.374395 -8.423971 -53.064166 -296.496581 -0.212724 0.976749 0.026642 0.957926 0.213846 -0.191437 0.192684 0.015202 0.981143
-25.409487 -1032.165101 -10735.527999 16201.868994 0.623475 -0.419727 -0.659627 -0.131881 0.775135 -0.617879 0.770640 0.472224 0.427923
-40.404032 -343.201045 -21330.978437 14957.797745 0.733045 -0.200311 -0.650016 -0.139392 0.891128 -0.431810 0.665744 0.407143 0.625315
-41.076372 -440.588187 -676.075652 -16487.458638 0.669130 -0.438559 -0.599942 0.486363 -0.351959 0.799735 0.561886 0.826917 0.022207
6.249796 -11.704432 481.307490 -78.884348 0.068685 0.992271 0.103343 0.970751 -0.042587 -0.236280 0.230053 -0.116549 0.966174
6.939475 -9.943176 405.301574 205.853144 -0.005768 0.986696 0.162474 0.918163 0.069594 -0.390044 0.396162 -0.146928 0.906349
2.237892 -11.858596 404.566587 121.061241 -0.104255 0.987673 0.116760 0.946863 0.134487 -0.292169 0.304270 -0.080096 0.949212
3.958587 -11.996405 792.446724 37.709182 -0.033885 0.998949 0.030873 0.977003 0.039615 -0.209512 0.210515 -0.023064 0.977319
-5.823913 -9.556309 -11.802866 -7.617752 0.216353 0.908169 0.358357 -0.041828 -0.358092 0.932749 -0.975419 0.216792 0.039488
-6.012550 -9.452859 1.095384 -73.810369 0.241274 0.903869 0.353281 -0.211875 -0.306192 0.928092 -0.947046 0.298776 -0.117631
-6.127550 -9.377129 -47.291253 57.933125 0.284905 0.878288 0.383979 0.121771 -0.430497 0.894340 -0.950790 0.208045 0.229601
-5.688994 -9.450991 9.149883 -71.805843 0.134813 0.932953 0.333803 -0.208962 -0.302533 0.929951 -0.968587 0.195121 -0.154166
-5.527217 -9.675275 -6.583512 5.675059 0.117411 0.935903 0.332115 -0.035494 -0.330259 0.943223 -0.992449 0.122533 0.005557
