17252
34473
-4.857375 -8.170294 5.743483 103.350869 -0.372828 0.862470 -0.342264 -0.433099 -0.487962 -0.757838 0.820624 0.134309 -0.555461
-5.321840 -9.622960 -22.945734 88.379334 -0.259617 0.952350 -0.160088 -0.411673 -0.259095 -0.873725 0.873570 0.160930 -0.459322
-6.297220 -9.152877 85.314079 137.332282 -0.204159 0.966885 -0.153144 -0.483305 -0.235597 -0.843155 0.851314 0.098122 -0.515399
-5.162819 -9.029624 -62.083689 84.655125 -0.396113 0.875024 -0.278257 -0.346953 -0.423216 -0.836966 0.850128 0.234991 -0.471233
-6.181047 -7.510694 9.607821 161.310390 -0.138467 0.988039 -0.067869 -0.605684 -0.138703 -0.783523 0.783564 0.067385 -0.617645
-4.816238 -7.516531 2.386492 72.288837 -0.506215 0.707925 -0.492533 -0.346693 -0.689982 -0.635397 0.789652 0.150890 -0.594711
7.867203 -9.857319 -108.220577 -135.322374 -0.114364 0.978198 -0.173347 -0.835511 -0.000309 0.549474 -0.537441 -0.207673 -0.817331
5.532412 -9.133000 -189.343393 -109.939366 -0.208324 0.933643 -0.291396 -0.870936 -0.041513 0.489640 -0.445052 -0.355791 -0.821791
7.006464 -8.364236 -58.255072 -17.222157 -0.090104 0.983234 -0.158534 -0.894720 -0.009998 0.446516 -0.437444 -0.182076 -0.880619
7.527099 -8.774692 11.255269 -51.082846 0.003075 0.997572 -0.069572 -0.875390 0.036317 0.482050 -0.483407 -0.059420 -0.873377
5.812708 -8.775335 7.812512 98.148518 0.047529 0.996735 -0.065278 -0.916856 0.069467 0.393128 -0.396379 -0.041165 -0.917163
-0.755422 -2.801027 1.748919 -49.542808 -0.302765 0.934802 0.185683 -0.589491 -0.030589 -0.807196 0.748889 0.353849 -0.560318
-0.493649 -2.339525 11.521269 -33.500850 -0.261014 0.932111 0.251079 -0.582316 0.055413 -0.811072 0.769922 0.357909 -0.528319
-0.775833 -2.839582 -4.049808 -44.147549 -0.353494 0.930645 0.094564 -0.551568 -0.125717 -0.824602 0.755523 0.343650 -0.557754
-0.379878 -2.352087 22.845905 -46.163843 -0.210020 0.919572 0.332082 -0.610811 0.141806 -0.778974 0.763414 0.366440 -0.531903
-1.052498 -3.449432 -3.745938 -37.752620 -0.379454 0.923223 0.060608 -0.573365 -0.183236 -0.798547 0.726132 0.337762 -0.598873
-1.090964 -3.519182 -7.489036 -47.991080 -0.315429 0.935761 0.157658 -0.617065 -0.076043 -0.783230 0.720927 0.344338 -0.601411
-0.700726 -2.961414 14.086008 -60.364553 -0.233132 0.926910 0.294087 -0.630505 0.086162 -0.771388 0.740346 0.365258 -0.564335
-1.532271 -4.764738 -9.836778 -66.021229 0.063810 0.306422 0.949754 0.243913 0.918042 -0.312578 -0.967696 0.251603 -0.016160
-0.825147 -3.961963 -19.550004 -36.651389 0.007243 0.066891 0.997734 0.201780 0.977138 -0.066975 -0.979404 0.201808 -0.006420
-1.843750 -4.415476 -47.785310 -50.427732 0.005985 0.069243 0.997582 0.256279 0.964175 -0.068462 -0.966584 0.256069 -0.011975
-1.085094 -4.399599 46.870982 -53.346813 0.068850 0.285949 0.955768 0.193312 0.936060 -0.293978 -0.978719 0.205002 0.009171
-2.275271 -5.046408 -51.104252 -69.453262 0.065427 0.299029 0.951998 0.302077 0.903341 -0.304506 -0.951036 0.307500 -0.031227
-2.098708 -5.510907 -5.504576 -58.969854 0.105524 0.463878 0.879592 0.294023 0.830427 -0.473224 -0.949955 0.308557 -0.048761
-1.737491 -5.336829 38.279685 -72.763934 0.105184 0.475996 0.873135 0.235627 0.841074 -0.486903 -0.966135 0.256949 -0.023690
7.758873 -9.130554 165.770350 248.176443 0.706805 0.613121 0.352860 -0.335180 -0.149004 0.930297 -0.622962 0.775810 -0.100189
5.598829 -7.703075 201.746966 198.222913 0.735790 0.549260 0.396139 -0.341084 -0.204775 0.917458 -0.585043 0.810173 -0.036673
7.342067 -6.563881 112.703847 146.786053 0.687092 0.658389 0.307291 -0.248705 -0.184264 0.950890 -0.682679 0.729774 -0.037138
4.496867 -5.812960 85.452588 -1.468797 -0.125589 0.969706 -0.209518 -0.653304 -0.239771 -0.718125 0.746606 -0.046691 -0.663626
3.284698 -5.364582 124.852708 -16.080689 -0.226260 0.954595 -0.193790 -0.577781 -0.291697 -0.762287 0.784204 0.060507 -0.617546
2.963564 -5.625741 121.544225 0.812101 -0.194577 0.965043 -0.175590 -0.672614 -0.261567 -0.692224 0.713954 0.016587 -0.699996
4.273349 -5.924880 109.132244 -6.780687 -0.092607 0.980403 -0.173881 -0.719740 -0.186583 -0.668701 0.688040 -0.063223 -0.722914
5.064943 -6.183571 20.077332 7.270588 -0.030048 0.972664 -0.230265 -0.705799 -0.183770 -0.684161 0.707774 -0.141963 -0.692027
0.861258 -12.431648 8.613853 9.502880 -0.071004 0.997476 0.001013 0.930090 0.065840 0.361382 -0.360403 -0.026602 0.932417
0.924156 -11.977746 5.343636 -12.152171 -0.099045 0.995077 -0.003509 0.852534 0.086675 0.515435 -0.513201 -0.048060 0.856922
0.657689 -12.899318 13.890214 -12.601817 -0.065687 0.997682 -0.017786 0.901189 0.066968 0.428221 -0.428419 -0.012100 0.903499
0.474802 -13.311011 16.017242 -26.868016 -0.029590 0.999493 -0.011793 0.963033 0.031667 0.267515 -0.267752 0.003441 0.963482
0.737510 -12.523518 11.462368 -14.651651 -0.032905 0.999453 0.003380 0.979186 0.031560 0.200498 -0.200281 -0.009907 0.979688
2.404279 -33.625956 -27.317881 -274.887292 -0.063756 0.982850 -0.173035 -0.326816 -0.184390 -0.926926 0.942935 0.002546 -0.332967
2.102051 -32.907555 -29.585227 47.072330 -0.066882 0.978931 -0.192925 -0.600457 -0.193914 -0.775789 0.796855 -0.063957 -0.600776
1.682004 -30.338708 -18.825816 -232.528064 -0.010866 0.984239 -0.176512 -0.326044 -0.170362 -0.929878 0.945292 -0.047446 -0.322756
0.127777 -2.017452 177.956149 0.525207 -0.833449 0.369687 -0.410725 0.118133 0.845278 0.521105 0.539822 0.385794 -0.748168
-1.306010 -2.056702 25.258161 11.835905 -0.649840 0.755586 -0.082446 -0.511353 -0.514867 -0.688063 0.562340 0.404972 -0.720952
-1.080239 -2.430169 50.387759 31.734587 -0.671155 0.730654 -0.125281 -0.499992 -0.570931 -0.651188 0.547320 0.374409 -0.748504
0.236386 -1.888778 176.615045 10.338686 -0.832639 0.189122 -0.520525 -0.084330 0.885630 0.456670 0.547359 0.424137 -0.721461
0.089379 -2.490215 157.740654 7.113654 -0.804848 0.500151 -0.319482 0.270251 0.788133 0.553002 0.528379 0.358742 -0.769494
1.787221 -2.294401 217.093411 -5.924099 -0.839310 0.325002 -0.435812 0.088355 0.872524 0.480516 0.536425 0.364796 -0.761034
2.117623 -2.163420 212.691659 -7.201378 -0.834660 0.195055 -0.515070 -0.062370 0.895698 0.440267 0.547223 0.399598 -0.735438
-0.299676 -9.590571 12.737068 -16.478405 -0.077045 0.996104 -0.042916 0.007086 0.043590 0.999024 -0.997002 -0.076666 0.010416
0.054279 -8.985523 8.552979 -16.146685 -0.085787 0.992166 -0.090814 -0.157159 0.076533 0.984603 -0.983840 -0.098738 -0.149362
-0.203504 -9.360124 10.634241 -25.280392 -0.077618 0.993668 -0.081235 -0.179415 0.066229 0.981542 -0.980707 -0.090760 -0.173138
1.042386 -9.411682 -7.358436 9.758999 0.022544 0.993775 0.109102 0.983045 -0.002172 -0.183352 0.181973 -0.111385 0.976974
0.916595 -9.752638 11.305199 2.244123 -0.004380 -0.993343 -0.115114 0.999771 -0.001939 -0.021306 0.020941 -0.115181 0.993124
1.070527 -9.740652 0.198865 22.831858 0.008547 0.996946 0.077620 0.990035 0.002474 -0.140800 0.140562 -0.078050 0.986991
0.688442 -9.387731 15.950420 12.063476 -0.028905 -0.989688 -0.140293 0.997439 -0.019372 -0.068850 0.065422 -0.141923 0.987713
1.096402 -9.389344 3.322715 36.053226 0.026166 0.997030 0.072438 0.955592 -0.003670 -0.294671 0.293530 -0.076931 0.952849
0.804639 -9.060348 -11.881935 16.641962 0.046270 0.990146 0.132173 0.974360 -0.015571 -0.224454 0.220185 -0.139169 0.965479
1.094995 -9.024100 -1.077713 29.853495 0.038787 0.994152 0.100784 0.942284 -0.002822 -0.334804 0.332562 -0.107953 0.936883
-0.896625 -16.630672 31.066050 1.182484 -0.163074 0.938804 0.303403 -0.074441 -0.318351 0.945046 -0.983802 -0.131526 -0.121801
-0.690970 -16.836548 38.100509 48.709483 -0.166099 0.937244 0.306570 0.132422 -0.286873 0.948772 -0.977177 -0.198187 0.076462
-0.598517 -16.745340 29.878427 -23.848060 -0.149129 0.932930 0.327721 -0.028203 -0.335306 0.941687 -0.988415 -0.131190 -0.076316
-0.892185 -15.399139 23.280898 -126.057649 -0.148682 0.936329 0.318089 -0.238924 -0.346149 0.907247 -0.959588 -0.058892 -0.275178
-0.354477 -17.838559 -9.756066 -37.229645 -0.170671 0.926050 0.336604 0.089397 -0.325654 0.941253 -0.981264 -0.190736 0.027206
-0.668446 -15.652019 16.471704 -177.214597 -0.147287 0.927764 0.342871 -0.190264 -0.366754 0.910654 -0.970621 -0.068892 -0.230538
-1.515703 -14.711748 -16.535256 -593.371289 -0.086099 0.937996 0.335783 -0.335911 -0.344631 0.876580 -0.937950 0.037321 -0.344756
-1.557033 -16.013480 6.617190 -608.864351 -0.053013 0.942405 0.330245 -0.281387 -0.331407 0.900550 -0.958129 0.045186 -0.282750
-0.298112 -10.685816 87.189417 -466.609615 0.009643 0.969506 0.244879 -0.457121 -0.213530 0.863392 -0.889352 0.120265 -0.441123
-2.056916 -19.126491 -37.393711 -371.442028 -0.112103 0.921787 0.371136 -0.079852 -0.380639 0.921270 -0.990483 -0.073641 -0.116277
-1.378970 -17.911749 -30.823687 -374.110263 -0.132154 0.920323 0.368159 -0.131438 -0.384407 0.913759 -0.982476 -0.072367 -0.171766
0.390625 -3.107905 -180.584510 -115.905290 -0.867333 -0.442681 0.227524 -0.410558 0.894734 0.175764 -0.281380 0.059034 -0.957779
2.758009 -2.515891 -202.864621 41.404855 -0.735256 -0.646057 0.204962 -0.603240 0.761624 0.236709 -0.309032 0.050401 -0.949715
-0.318135 -2.287072 -150.994613 10.762960 -0.878908 -0.411972 0.240416 -0.381660 0.909710 0.163596 -0.286106 0.052029 -0.956785
12.954497 -7.373381 68.854269 -224.443487 0.003217 -0.374561 0.927197 -0.432384 0.835526 0.339029 -0.901684 -0.401996 -0.159267
7.145348 -7.528967 86.715047 -55.082759 0.048536 -0.305505 0.950953 -0.295871 0.904948 0.305826 -0.953994 -0.296203 -0.046468
8.788356 -6.663500 -12.020000 -294.417857 0.032034 -0.022941 0.999223 -0.418294 0.907666 0.034249 -0.907747 -0.419067 0.019480
29.951368 -1.969522 -1846.743230 -516.011195 -0.199031 -0.197193 0.959949 -0.473373 0.877036 0.082014 -0.858082 -0.438091 -0.267903
13.532607 -7.304906 -530.694387 -86.670794 -0.077610 -0.546324 0.833970 -0.371933 0.791971 0.484198 -0.925009 -0.272602 -0.264661
17.133258 -3.279222 -286.558737 -650.204354 -0.037649 -0.039341 0.998516 -0.501184 0.865208 0.015192 -0.864522 -0.499868 -0.052292
0.203760 -14.326716 -2.476987 -69.582074 -0.032968 0.994687 0.097523 0.019435 -0.096920 0.995102 -0.999267 -0.034702 0.016136
0.270423 -12.894516 -7.963074 -91.224011 -0.043724 0.997959 0.046541 -0.113650 -0.051252 0.992198 -0.992558 -0.038093 -0.115659
0.385347 -13.632368 8.047536 -95.055871 -0.024155 0.997937 0.059481 -0.142550 -0.062328 0.987823 -0.989493 -0.015382 -0.143761
0.165449 -21.264832 -2.661798 69.881680 -0.277153 0.932784 0.230434 -0.404003 -0.330732 0.852876 -0.871761 -0.143281 -0.468511
0.153198 -20.179002 -4.245073 225.791369 -0.289494 0.921076 0.260406 -0.214995 -0.327676 0.920003 -0.932722 -0.210350 -0.292887
-0.133029 -20.521375 12.079807 132.404405 -0.260955 0.934877 0.240640 -0.365554 -0.326411 0.871680 -0.893461 -0.139502 -0.426926
-0.061981 -21.007145 12.075509 21.581461 -0.254653 0.941712 0.219840 -0.528806 -0.325941 0.783662 -0.809639 -0.083310 -0.580985
-2.831372 -41.516496 -142.175922 1305.424875 -0.597349 0.711562 0.369938 0.755370 0.654164 -0.038544 0.269427 -0.256416 0.928257
-8.720828 -25.665594 1013.236644 557.003337 0.190780 -0.736326 -0.649174 0.969131 0.246490 0.005228 0.156165 -0.630132 0.760622
0.858886 -97.652560 246.580355 3415.903310 -0.412939 0.892823 0.179859 0.821269 0.279664 0.497298 -0.393699 -0.353066 0.848732
-2.650591 -9.222916 -116.799881 911.072356 0.404932 0.906829 0.117008 0.854203 -0.329541 -0.402168 0.326139 -0.262799 0.908058
-1.021246 -142.104215 -192.158995 8041.894701 -0.110345 0.952785 0.282886 0.957604 0.178128 -0.226420 0.266119 -0.245908 0.932046
0.777742 -4.836757 69.168329 234.466814 0.836726 -0.369571 -0.404114 0.410710 0.911613 0.016693 0.362226 -0.179941 0.914556
3.254699 -5.222005 -84.436822 223.604866 0.920620 -0.166635 -0.353116 0.212882 0.972334 0.096167 0.327322 -0.163705 0.930624
-248.876265 -409.734667 15527.135337 12800.562845 0.033400 0.996981 -0.070097 0.573766 -0.076554 -0.815434 0.818338 0.012984 0.574590
-28.466617 -301.853088 2383.941019 -25854.018568 -0.255223 0.966716 -0.017916 0.937992 0.243059 -0.247170 0.234589 0.079888 0.968807
-156.682466 -540.754694 -9396.862636 5614.141189 0.302530 -0.921647 -0.242986 0.952206 0.280967 0.119839 -0.042178 -0.267628 0.962599
1.540076 -6.136784 -49.395430 -5.013200 -0.030636 0.993355 -0.110939 -0.975021 -0.005271 0.222051 -0.219991 -0.114971 -0.968703
1.277275 -5.937980 -38.969773 16.420290 0.005656 0.994206 -0.107341 0.994977 -0.016324 -0.098764 -0.099944 -0.106243 -0.989305
2.247758 -6.239722 -59.986781 -0.492366 0.018047 0.994588 -0.102320 -0.974490 0.040394 0.220768 -0.223706 -0.095725 -0.969944
3.839132 -7.621969 -42.964397 -136.525297 0.028528 0.177607 0.983688 -0.224626 0.960058 -0.166827 -0.974027 -0.216202 0.067284
3.352169 -7.659584 49.560341 74.854520 0.040522 -0.148187 0.988129 -0.152089 0.976503 0.152681 -0.987536 -0.156470 0.017032
-1.939746 -5.255035 11.856775 -22.705254 -0.221703 0.883089 0.413523 -0.411947 -0.469197 0.781124 -0.883826 -0.002827 -0.467808
-2.059898 -5.613424 -14.518959 -7.967193 -0.296497 0.820883 0.488099 -0.331577 -0.567770 0.753455 -0.895626 -0.061555 -0.440528
-2.247610 -5.851877 -45.158678 -40.520059 -0.293659 0.815878 0.498104 -0.302820 -0.573641 0.761076 -0.906678 -0.072661 -0.415519
-2.241510 -5.622585 3.933940 -49.648198 -0.218454 0.878372 0.425136 -0.357029 -0.477394 0.802885 -0.908189 -0.023607 -0.417893
-1.750538 -5.166398 45.867074 -52.355058 -0.124354 0.930411 0.344777 -0.431669 -0.363597 0.825506 -0.893419 0.046175 -0.446844
-1.471373 -4.609445 48.034420 -40.664773 -0.114309 0.941729 0.316353 -0.495759 -0.330030 0.803308 -0.860905 0.065009 -0.504596
-14.112072 -2499.231653 -92.899908 796681.106461 0.941529 -0.118872 -0.315266 0.255888 -0.356440 0.898595 0.219192 0.926725 0.305180
-4.542269 -96.619284 -237.204212 -13050.905844 0.933887 -0.066144 -0.351397 -0.058733 0.941019 -0.333218 0.352711 0.331827 0.874920
405.668043 4.035227 67803.200646 -3152.160497 0.289752 0.864203 -0.411336 0.873627 -0.414347 -0.255131 0.390921 0.285429 0.875049
-1.785061 -15.163588 -53.521043 614.120047 0.896900 0.358905 -0.258374 -0.366787 0.930115 0.018778 0.247057 0.077926 0.965862
-4.761331 -32.379669 176.303236 1388.496242 0.934208 0.148038 -0.324563 -0.139301 0.988980 0.050133 0.328408 -0.001623 0.944535
-1.784616 -25.749731 44.910603 1001.804552 0.912847 0.236889 -0.332557 -0.191551 0.967758 0.163563 0.360581 -0.085607 0.928791
-0.723045 -4.984618 18.807094 -66.692725 -0.013742 0.982914 0.183551 -0.676943 0.125956 -0.725178 0.735907 0.134219 -0.663646
-0.507169 -5.982645 23.555831 -67.062421 -0.122811 0.988638 0.086675 -0.761713 -0.037915 -0.646804 0.636168 0.145456 -0.757715
-0.144670 -4.175964 26.641404 -62.960626 -0.022619 0.981366 0.190813 -0.686901 0.123422 -0.716194 0.726399 0.147269 -0.671310
-9.096897 -13.965698 15.487771 -1200.078806 0.434808 0.631700 -0.641792 -0.385761 -0.513328 -0.766605 0.813714 -0.580904 -0.020486
-9.745397 -17.742899 -75.886297 -2252.256488 0.681369 0.645514 -0.345034 -0.172877 -0.316129 -0.932832 0.711231 -0.695252 0.103806
-9.072165 -13.132572 228.662927 -917.447269 0.448075 0.705509 -0.549078 -0.419522 -0.376425 -0.826018 0.789449 -0.600468 -0.127309
6.789231 -6.603012 -998.114834 -55.891618 -0.587636 0.751460 -0.299986 0.586853 0.651075 0.481358 -0.557035 -0.106816 0.823591
2.857663 -6.701229 -407.545128 -69.374509 -0.331159 0.934966 -0.127170 0.788280 0.348206 0.507314 -0.518602 -0.067756 0.852327
-1.932314 -5.407398 -144.095876 -27.065479 -0.274745 0.952356 -0.132413 0.746289 0.298047 0.595164 -0.606274 -0.064700 0.792620
1.919043 -5.052929 849.655969 13.956097 0.667066 -0.602485 0.438218 0.417274 0.789442 0.450183 -0.617176 -0.117445 0.778011
-2.946689 -5.177409 -28.589664 49.314762 -0.167783 0.985004 -0.040212 0.721481 0.150487 0.675884 -0.671800 -0.084389 0.735910
0.266406 -5.672812 -67.389487 39.611935 -0.050304 0.975929 0.212209 0.892131 0.139425 -0.429724 0.448968 -0.167702 0.877670
0.811830 -5.904741 -37.303036 33.218301 -0.046659 0.979417 0.196380 0.895141 0.128248 -0.426938 0.443335 -0.155867 0.882700
0.341006 -5.125787 -56.063364 26.962089 0.025532 0.986186 0.163664 0.834051 0.069239 -0.547325 0.551096 -0.150478 0.820761
-0.366314 -4.784980 -63.002394 26.803785 0.006004 0.984653 0.174420 0.849810 0.086908 -0.519875 0.527055 -0.151345 0.836246
-0.304647 -4.431460 -75.281474 8.962077 0.149285 0.984758 0.089250 0.782262 -0.062412 -0.619816 0.604798 -0.162346 0.779656
0.603019 -4.626945 -59.202065 12.984591 0.128591 0.986854 0.097897 0.751836 -0.032639 -0.658542 0.646690 -0.158285 0.746149
1.066833 -4.977465 -10.413700 23.666507 0.042948 0.991847 0.119978 0.769013 0.043843 -0.637728 0.637789 -0.119654 0.760860
-1.715188 -4.291393 -16.495250 3.383843 0.654528 0.639635 0.403062 -0.244726 0.683670 -0.687535 -0.715334 0.351371 0.604017
-2.724315 -3.988719 -73.842249 23.017380 0.685149 0.538071 0.490968 -0.133805 0.755536 -0.641296 -0.716007 0.373690 0.589652
-2.332021 -4.456435 -12.325909 19.135449 0.579882 0.793352 0.185282 0.360956 -0.454070 0.814574 -0.730375 0.405478 0.549673
-0.673748 -7.379173 -2.661190 1.480583 0.034810 0.993734 0.106215 0.838440 0.028800 -0.544232 0.543881 -0.107999 0.832184
-0.785126 -7.823519 1.023961 -26.182481 0.061460 0.994739 0.081959 0.733638 0.010654 -0.679457 0.676755 -0.101888 0.729124
-0.814491 -7.607827 -3.570151 -19.987456 0.041660 0.995640 0.083454 0.718553 0.028180 -0.694901 0.694223 -0.088915 0.714247
0.634227 -7.526557 -24.283521 34.409134 0.041054 0.978461 -0.202306 0.997441 -0.051995 -0.049062 -0.058524 -0.199775 -0.978093
0.293850 -7.581937 -22.699524 33.290724 0.071312 0.975125 -0.209870 0.997333 -0.072985 -0.000227 -0.015538 -0.209294 -0.977729
0.871411 -7.107201 -26.913299 44.044066 0.026337 0.977770 -0.208019 0.994948 -0.005473 0.100243 0.096876 -0.209608 -0.972975
1.098532 -7.169072 -15.548711 40.254918 0.013463 0.985280 -0.170419 0.998671 -0.004771 0.051310 0.049742 -0.170883 -0.984035
1.035183 -6.703067 -11.286669 -6.565127 0.017045 0.984125 -0.176658 -0.982015 -0.016750 -0.188060 0.188034 -0.176687 -0.966139
0.839629 -6.606400 -19.731092 -17.942740 0.019611 0.978884 -0.203474 -0.970408 -0.030353 -0.239554 0.240672 -0.202150 -0.949322
-0.219037 -18.824476 -94.474409 411.978657 0.493210 0.821511 -0.286117 -0.663979 0.143013 -0.733948 0.562028 -0.551966 -0.616001
-0.330254 -13.950173 -111.716857 -376.470299 0.512016 0.809748 -0.286615 0.772623 -0.288341 0.565609 0.375358 -0.511046 -0.773265
-2.091445 -20.545912 -90.909954 418.609643 0.467060 0.833908 -0.294027 -0.663944 0.111134 -0.739478 0.583980 -0.540598 -0.605575
-2.226049 -24.461094 -89.722084 283.443659 0.481781 0.834082 -0.268690 -0.436346 -0.037559 -0.898995 0.759927 -0.550361 -0.345853
-0.637933 -8.932361 5.843282 60.595970 0.215458 0.973811 -0.072588 -0.962974 0.199548 -0.181278 0.162046 -0.108959 -0.980749
-0.322586 -8.194437 11.156476 -15.399914 0.174990 0.981643 -0.075870 0.984242 -0.172421 0.039232 0.025431 -0.081540 -0.996346
-0.371276 -8.826484 16.217841 66.841675 0.185540 0.980981 -0.057016 -0.965004 0.170962 -0.198843 0.185314 -0.091914 -0.978371
-0.414045 -8.351401 -2.402180 0.535568 0.210143 0.973300 -0.092344 0.977656 -0.208678 0.025347 0.005400 -0.095607 -0.995405
-0.461388 -10.316175 6.003246 103.619687 0.212777 0.975730 -0.051733 -0.917413 0.181277 -0.354249 0.336274 -0.122837 -0.933719
-0.533744 -8.562064 -3.924260 51.569107 0.207600 0.973916 -0.091596 -0.968513 0.191484 -0.159112 0.137423 -0.121744 -0.983002
-0.513977 -10.138864 -2.290196 107.085142 0.201818 0.976691 -0.073099 -0.930384 0.167858 -0.325898 0.306031 -0.133782 -0.942575
-0.691352 -7.143914 -6.028707 0.259756 -0.028560 0.997932 0.057579 0.953578 0.044476 -0.297844 0.299789 -0.046400 0.952877
-0.693906 -7.421025 0.176672 8.297258 -0.030528 0.996997 0.071171 0.961752 0.048692 -0.269558 0.272214 -0.060220 0.960350
-0.646549 -7.226440 2.810254 9.567923 -0.021786 0.998052 0.058465 0.879219 0.046965 -0.474098 0.475920 -0.041075 0.878529
-0.645175 -7.420653 -2.732681 -7.173628 -0.079937 0.994550 0.066935 0.993659 0.084832 -0.073793 0.079069 -0.060612 0.995025
-0.523044 -7.307981 -2.596800 6.834483 -0.017083 0.998623 0.049605 0.859450 0.040018 -0.509651 0.510934 -0.033927 0.858950
-0.570958 -6.913886 -4.516089 -5.263491 0.006541 0.999585 0.028057 0.927566 0.004418 -0.373633 0.373602 -0.028468 0.927152
-0.803726 -6.398426 -2.845574 -24.248132 -0.013885 0.999687 0.020821 0.982810 0.017479 -0.183793 0.184099 -0.017911 0.982745
-0.804964 -6.690015 -13.682702 -12.115332 -0.092513 0.993708 0.063136 0.992084 0.097398 -0.079265 0.084916 -0.055304 0.994852
-1.944129 -7.945816 171.488990 -131.326588 -0.476883 0.321715 -0.817975 -0.459242 0.702289 0.543955 0.749453 0.635051 -0.187165
-0.207720 -5.552823 222.977169 -38.546085 -0.309581 0.029137 -0.950427 -0.492262 0.850253 0.186409 0.813534 0.525568 -0.248879
0.117967 -6.880384 122.735254 -116.209696 -0.432611 0.273524 -0.859088 -0.492478 0.726460 0.479293 0.755191 0.630429 -0.179570
-1.024761 -10.317063 -87.662927 -175.196734 0.530504 -0.414855 0.739230 -0.505297 0.545428 0.668717 0.680618 0.728288 -0.079726
0.565100 -9.172384 -71.273455 173.016106 0.494153 -0.377387 0.783194 0.528110 -0.585303 -0.615241 0.690589 0.717635 -0.089927
1.873589 -5.869075 136.886121 -105.751686 -0.390689 0.216997 -0.894581 -0.521777 0.748416 0.409417 0.758361 0.626726 -0.179174
2.405230 -12.442849 4.318147 -56.918294 0.022044 0.997323 0.069722 0.526464 0.047706 -0.848858 0.849912 -0.055419 0.524003
2.315783 -13.716625 -5.813160 -143.817286 0.039396 0.996594 0.072449 0.388960 0.051492 -0.919815 0.920412 -0.064417 0.385606
2.249771 -12.678234 -17.077242 -46.940379 0.072811 0.991673 0.106224 0.508307 0.054738 -0.859435 0.858093 -0.116571 0.500088
2.276719 -12.965827 7.296658 65.446036 0.025249 0.996602 0.078405 0.644260 0.043748 -0.763554 0.764390 -0.069792 0.640966
2.153988 -12.637509 23.981762 84.719024 -0.014004 0.998879 0.045226 0.618476 0.044193 -0.784560 0.785679 -0.016985 0.618402
-0.635410 -14.814326 -14.803581 -35.379110 0.119773 0.986789 0.109096 0.732120 -0.162010 0.661629 -0.670563 -0.000626 0.741853
-1.107738 -14.087982 -18.519878 -24.475676 0.131594 0.987478 0.087005 0.729936 -0.155909 0.665497 -0.670729 0.024067 0.741312
-0.591596 -14.091805 -18.404660 -53.712663 0.097364 0.991307 0.088496 0.591719 -0.129154 0.795731 -0.800243 0.025111 0.599150
-1.742099 -32.250334 1.312159 655.569888 0.180142 0.982073 0.055518 -0.914577 0.188003 -0.358055 0.362074 -0.013725 -0.932048
-1.140364 -34.484909 41.246555 710.947130 0.192792 0.976398 0.097352 -0.909345 0.215062 -0.356146 0.368677 0.019865 -0.929345
-1.074447 -35.407821 22.562816 -639.597391 0.180577 0.981159 0.068691 -0.718819 0.179319 -0.671673 0.671336 -0.071913 -0.737656
-1.678363 -32.266608 37.059567 -1447.033980 0.208707 0.972085 0.107202 0.976795 -0.212588 0.026022 0.048086 0.099284 -0.993897
-2.128037 -28.772322 10.103306 1180.217042 0.199083 0.977503 0.069674 -0.978098 0.202605 -0.047708 0.060751 0.058650 -0.996428
-0.550324 -20.501889 23.616536 -423.124523 -0.233080 0.931897 -0.277924 0.071503 0.301445 0.950799 -0.969825 -0.201739 0.136894
-1.688468 -21.348353 -52.164280 -406.911773 -0.230902 0.928471 -0.290906 0.043040 0.308440 0.950270 -0.972025 -0.206898 0.111181
-0.520959 -17.824831 -19.016177 -194.125241 -0.227552 0.948136 -0.221941 -0.078921 0.209214 0.974680 -0.970563 -0.239306 -0.027221
-0.666431 -15.494379 -24.221218 -51.868828 -0.229879 0.959928 -0.160291 -0.215850 0.110311 0.970175 -0.948981 -0.257622 -0.181843
-0.157278 -15.978246 -16.890847 42.665123 -0.235780 0.950522 -0.202278 -0.184710 0.160519 0.969596 -0.954091 -0.265974 -0.137724
1.752385 -21.998761 -33.221120 68.899743 -0.384715 0.888329 -0.250730 -0.824497 -0.452844 -0.339319 0.414969 -0.076185 -0.906640
2.844071 -22.429455 -109.937418 -60.096407 -0.394275 0.887292 -0.239290 -0.873606 -0.442692 -0.202080 0.285236 -0.129370 -0.949686
1.418485 -21.147776 -23.121244 192.482159 -0.392089 0.885021 -0.251006 -0.866996 -0.446726 -0.220802 0.307545 -0.131048 -0.942466
1.085285 -23.218767 11.076017 416.613736 -0.354286 0.903525 -0.241088 -0.826647 -0.423127 -0.370968 0.437190 -0.067866 -0.896805
2.208071 -37.758042 180.537327 388.880452 0.093034 0.995481 0.019016 0.563059 -0.068354 0.823585 -0.821163 0.065914 0.566874
4.732031 -38.827005 61.891605 -28.326134 0.027065 0.998306 0.051497 0.409218 -0.058066 0.910587 -0.912035 0.003571 0.410097
3.281789 -41.617700 306.402871 491.786544 0.117647 0.992744 0.024883 0.319794 -0.061596 0.945483 -0.940155 0.103276 0.324720
0.009879 -44.465804 234.258081 964.402592 0.134060 0.989870 -0.046741 0.473947 -0.022622 0.880263 -0.870289 0.140161 0.472178
-0.031232 -39.085679 176.234029 1048.042810 0.086357 0.994869 -0.052708 0.720687 -0.025854 0.692779 -0.687861 0.097812 0.719222
1.366490 -21.700041 16.960694 294.769539 -0.041441 0.999134 -0.003666 0.984245 0.041454 0.171881 -0.171885 -0.003515 0.985111
0.890165 -20.470600 6.700734 169.088669 -0.114368 0.993393 -0.009508 0.992909 0.114614 0.031541 -0.032423 0.005833 0.999457
1.060280 -25.100344 -54.590052 508.736614 -0.065208 0.997765 0.014573 0.977500 0.060934 0.201940 -0.200601 -0.027413 0.979289
-447.355889 -1584.323277 33620.838671 72219.546153 0.522118 0.265015 -0.810654 0.794414 0.194723 0.575316 0.310320 -0.944378 -0.108863
-229.986460 -559.565196 -12004.187409 -27747.121092 -0.078743 -0.967683 -0.239561 0.996386 -0.084078 0.012115 -0.031865 -0.237741 0.970806
-49.340632 -494.475048 -14898.840585 -43997.383604 -0.263725 0.501509 -0.823977 0.915413 -0.139165 -0.377693 -0.304085 -0.853886 -0.422387
-1.687363 -4.005036 3.931081 68.460312 -0.038125 0.977364 0.208103 -0.320636 0.185278 -0.928905 0.946435 0.102140 -0.306314
-1.672104 -4.097657 0.314787 79.385424 -0.001951 0.977626 0.210342 -0.305630 0.199695 -0.930974 0.952148 0.066103 -0.298402
-1.695958 -2.890368 7.300835 69.879690 -0.054996 0.987530 0.147514 -0.379584 0.115968 -0.917860 0.923521 0.106473 -0.368473
3.907102 -2.239129 -132.351731 11.493669 0.230174 0.013514 0.973056 0.408791 0.906062 -0.109282 -0.883125 0.422930 0.203027
4.512222 -2.101907 -140.491993 -39.823317 0.241119 0.021642 0.970254 0.369742 0.922304 -0.112457 -0.897303 0.385860 0.214383
2.912241 -2.250271 -130.709956 -11.741702 0.172441 -0.026536 0.984662 0.400200 0.915302 -0.045419 -0.900058 0.401894 0.168455
-2.301478 -6.151998 28.603407 19.322812 0.429934 0.902856 0.002574 0.416813 -0.201011 0.886488 -0.800889 0.380059 0.462744
-2.366097 -6.155274 33.812906 -29.358553 0.369972 0.920947 -0.122385 0.376822 -0.028344 0.925852 -0.849191 0.388657 0.357520
-2.659612 -6.853801 24.804078 20.589264 0.361452 0.931387 -0.043250 0.437714 -0.128545 0.889878 -0.823261 0.340579 0.454144
-7.856852 -9.964773 -182.393171 311.430558 0.200376 0.461884 -0.864010 0.507942 0.705135 0.494752 0.837762 -0.538003 -0.093318
-3.237645 -9.457280 -468.342609 108.108257 0.007870 0.104690 -0.994474 0.606831 0.789949 0.087962 0.794792 -0.604169 -0.057312
-438.328899 -505.820656 -3904.945689 -63541.214224 0.274121 0.953467 0.125536 0.636631 -0.082073 -0.766789 0.720805 -0.290113 0.629504
-300.931430 -446.639182 -21016.895325 -52377.936827 0.454239 -0.261001 -0.851790 0.732188 0.654051 0.190047 0.507511 -0.709997 0.488197
-248.267344 -354.373110 9746.457314 -2716.834949 0.027191 -0.215177 -0.976197 0.366587 0.910668 -0.190522 0.929987 -0.352680 0.103643
-244.786033 -325.143384 -18639.164501 -15915.181127 0.826923 0.481572 0.290323 0.537651 -0.525885 -0.659073 0.164715 -0.701095 0.693783
-257.161004 -339.353111 -11163.711608 37146.210389 0.394471 -0.281920 -0.874593 -0.050936 0.943603 -0.327138 0.917495 0.173595 0.357864
-177.857675 -476.322247 -13345.797860 9905.341546 0.877881 -0.168554 -0.448234 0.211913 0.976110 0.047982 0.429438 -0.137109 0.892628
-395.823090 -1025.362824 -33834.456558 192339.007515 0.739585 -0.580468 -0.340692 0.291879 0.732712 -0.614768 0.606482 0.355232 0.711329
26.102125 -602.597407 -437.671228 8754.269148 -0.635819 0.436492 -0.636560 0.188239 0.887523 0.420559 0.748532 0.147574 -0.646469
5.943677 -158.824739 -1695.278183 -5698.570708 0.948539 -0.193800 -0.250432 -0.090840 -0.924142 0.371092 0.303352 0.329246 0.894189
-1.536481 -32.357915 1657.142903 -1521.559766 0.662953 -0.521104 -0.537535 0.413991 -0.343063 0.843160 0.623783 0.781510 0.011702
0.834446 -67.665156 49.482032 3318.166266 0.984632 -0.103882 0.140387 0.080113 0.982956 0.165468 -0.155184 -0.151678 0.976172
1.136007 -96.192447 -25.849992 4913.464499 0.965927 -0.130837 0.223307 0.107093 0.987533 0.115367 -0.235618 -0.087522 0.967897
-0.223930 -59.518905 53.696466 -2908.036803 0.980588 -0.132666 0.144384 -0.154446 -0.976254 0.151905 -0.120803 0.171256 0.977793
1.025869 -52.816438 30.386374 295.765974 0.978189 -0.113644 0.173871 0.014312 -0.798195 -0.602229 -0.207223 -0.591583 0.779159
-0.265971 -72.482203 92.365684 4200.939151 0.988160 -0.094727 0.120693 0.088467 0.994491 0.056222 -0.125354 -0.044879 0.991096
0.101824 -46.635465 91.471021 -275.382241 0.988998 -0.070693 0.129943 0.007647 -0.852813 -0.522160 -0.147730 -0.517409 0.842890
1.805710 -45.329295 -0.114581 2537.656939 0.977666 -0.060180 0.201365 0.192462 -0.128515 -0.972853 -0.084425 -0.989880 0.114063
1.948710 -46.937164 -63.077594 2681.553108 0.962085 -0.094649 0.255799 0.252580 -0.044764 -0.966540 -0.102933 -0.994504 0.019161
2.116778 -145.684633 -73.244565 8150.801648 0.968420 -0.115443 0.220988 0.171233 -0.336291 -0.926060 -0.181223 -0.934656 0.305903
-7.746821 -11.349036 141.306547 101.555857 -0.148652 0.988494 0.027966 -0.367952 -0.029040 -0.929391 0.917886 0.148445 -0.368035
-5.766764 -10.381723 -32.720677 91.494708 -0.264759 0.957751 -0.112323 -0.334789 -0.200527 -0.920709 0.904334 0.206162 -0.373736
5.642682 -11.106969 -260.174764 -160.864916 -0.239342 0.921708 -0.305238 -0.794487 -0.005202 0.607259 -0.558127 -0.387850 -0.733530
2.016364 -10.693026 -238.344495 -172.906398 -0.256140 0.902719 -0.345673 -0.820236 -0.013757 0.571859 -0.511473 -0.430010 -0.743967
-0.616966 -2.512029 6.919201 -20.298178 -0.288972 0.936863 0.196936 -0.562813 0.000158 -0.826585 0.774427 0.349698 -0.527232
-0.238949 -2.271555 21.294424 20.436316 -0.176530 0.913481 0.366593 -0.598002 0.196292 -0.777086 0.781812 0.356403 -0.511612
-0.093609 -2.101017 26.232968 3.343957 -0.154776 0.903636 0.399357 -0.612730 0.229293 -0.756298 0.774988 0.361755 -0.518196
0.064174 -3.511500 28.070515 -19.569079 0.009202 -0.038773 0.999206 0.133766 0.990315 0.037196 -0.990970 0.133318 0.014300
3.576612 -8.801259 244.863542 261.677837 0.761363 0.472697 0.443716 -0.404161 -0.189088 0.894930 -0.506932 0.860699 -0.047081
3.553780 -6.395143 217.594087 143.320632 0.769386 0.492357 0.406977 -0.334570 -0.232132 0.913333 -0.544159 0.838868 0.013871
1.508359 -5.454250 117.001012 -15.351403 -0.277122 0.943231 -0.183080 -0.591154 -0.317586 -0.741401 0.757457 0.097230 -0.645605
1.691620 -5.103051 123.287877 -36.233766 -0.276845 0.943205 -0.183634 -0.505596 -0.305492 -0.806875 0.817147 0.130535 -0.561455
0.909043 -11.144462 3.461462 -90.896647 -0.111236 0.993758 -0.008500 0.741039 0.088641 0.665586 -0.662184 -0.067738 0.746273
0.890010 -11.284894 -5.041812 -50.720169 -0.117180 0.992952 0.017755 0.786576 0.081881 0.612040 -0.606273 -0.085685 0.790627
0.781174 -12.035363 10.969665 -49.933124 -0.091440 0.995502 -0.024788 0.811879 0.088941 0.577012 -0.576621 -0.032637 0.816360
0.789671 -10.770575 -9.209136 -83.187503 -0.122575 0.992249 0.020417 0.665820 0.066959 0.743102 -0.735975 -0.104680 0.668867
0.850496 -10.420994 0.930271 -101.647124 -0.111266 0.993783 -0.003835 0.621138 0.072555 0.780336 -0.775763 -0.084443 0.625349
0.840397 -10.761137 9.623929 -119.560432 -0.098650 0.994704 -0.028863 0.696172 0.089710 0.712248 -0.711064 -0.050170 0.701335
1.368681 -24.157829 -15.145326 -434.809810 0.052879 0.989106 -0.137381 -0.047080 -0.134951 -0.989733 0.997491 -0.058804 -0.039431
0.922887 -17.112892 -16.121513 -390.746514 0.085662 0.993518 -0.074731 0.188202 -0.089792 -0.978017 0.978387 -0.069714 0.194674
1.441296 -20.204805 -18.576561 -471.775111 0.050790 0.995895 -0.074927 0.204741 -0.083813 -0.975221 0.977498 -0.034191 0.208157
-1.273558 -2.110084 78.505845 60.368133 -0.693417 0.160561 -0.702419 0.108725 0.987010 0.118281 0.712286 0.005647 -0.701866
0.411998 -1.859291 91.423063 89.204847 -0.674436 -0.324200 -0.663347 -0.223902 0.945938 -0.234666 0.703565 -0.009743 -0.710564
-0.003711 -1.542820 75.336415 103.150283 -0.168408 0.977639 -0.125939 -0.669669 -0.207226 -0.713162 0.723313 0.035765 -0.689593
0.910877 -4.882246 180.226082 133.877672 -0.704814 -0.300249 -0.642719 -0.166102 0.950676 -0.261963 0.689672 -0.077878 -0.719922
-0.070520 -3.383047 75.972075 117.288134 -0.214993 0.963027 -0.162346 -0.617608 -0.262841 -0.741266 0.756530 0.059100 -0.651282
-1.800686 -4.305426 71.047377 130.892418 -0.331448 0.882521 -0.333616 -0.570440 -0.469103 -0.674196 0.751492 0.033153 -0.658909
-2.122539 -4.737195 251.750475 129.532264 -0.709325 -0.094876 -0.698468 -0.033092 0.994290 -0.101452 0.704105 -0.048849 -0.708414
-1.466272 -1.668400 37.205907 77.077136 0.241928 0.725914 0.643832 -0.788858 0.533499 -0.305092 0.564954 0.434082 -0.701712
-0.436169 -12.323680 -15.329195 257.509045 0.087974 0.995357 0.039061 0.332952 0.007575 -0.942913 0.938831 -0.095957 0.330739
-0.647970 -11.471665 -11.764542 228.478497 0.076163 0.996983 0.014972 0.320297 -0.010243 -0.947262 0.944251 -0.076942 0.320111
-0.471421 -14.720203 -10.015911 271.339201 0.070111 0.995652 0.061339 0.531731 0.014724 -0.846785 0.844006 -0.091984 0.528387
-0.163483 -7.340163 -2.793103 -8.287308 -0.093082 0.986041 -0.138056 -0.734626 0.025577 0.677990 -0.672057 -0.164528 -0.721990
-0.371386 -7.197984 -6.610624 5.793081 -0.089520 0.984921 -0.148046 -0.835874 0.006531 0.548883 -0.541573 -0.172884 -0.822685
-0.119555 -7.290245 -7.259062 -12.814958 -0.073931 0.983834 -0.163111 -0.748896 0.053237 0.660546 -0.658551 -0.170988 -0.732853
1.019889 -10.207062 2.969119 5.729585 0.014172 -0.996530 -0.082024 0.999573 0.012024 0.026631 -0.025552 -0.082367 0.996274
0.538349 -9.749360 18.609844 19.325875 -0.008166 -0.989312 -0.145583 0.995560 -0.021695 0.091591 -0.093770 -0.144189 0.985097
-1.088008 -16.416517 16.590509 112.074105 -0.183678 0.938808 0.291381 0.077082 -0.281755 0.956385 -0.979960 -0.198127 0.020613
-0.951738 -15.926457 30.763852 17.702362 -0.173836 0.939636 0.294730 0.237065 -0.250556 0.938628 -0.955814 -0.233038 0.179199
0.251158 -11.642204 198.213709 -624.051822 0.049504 0.974951 0.216838 -0.396841 -0.180031 0.900059 -0.916551 0.130607 -0.377988
-2.037321 -20.066111 -19.388781 -355.316224 -0.077669 0.926708 0.367668 -0.028290 -0.370682 0.928329 -0.996578 -0.061701 -0.055007
-0.932762 -16.509489 99.469426 -566.912249 -0.012240 0.946072 0.323726 -0.212281 -0.318829 0.923734 -0.977132 0.057415 -0.204736
3.329919 -2.951087 -215.632518 -32.956435 -0.757815 -0.617524 0.210666 -0.573777 0.784445 0.235426 -0.310637 0.057534 -0.948786
0.293915 -21.867024 -21.356381 229.538562 -0.284131 0.922422 0.261547 -0.254926 -0.335651 0.906836 -0.924274 -0.190985 -0.330518
7.183493 -30.748369 1516.111955 78.246330 0.832128 -0.551780 0.055691 0.539592 0.782350 -0.311078 -0.128077 -0.288907 -0.948751
-10.073936 -34.109664 -14.143140 -1496.991171 -0.219063 0.959228 -0.178585 0.955803 0.174184 -0.236856 -0.196092 -0.222578 -0.954991
-6.483812 -42.410775 -302.890067 -1358.592707 -0.350853 0.910764 -0.217740 0.934218 0.324454 -0.148213 -0.064341 -0.255418 -0.964688
-10.327219 -15.274015 27.269837 167.296837 -0.871304 0.461677 0.166384 0.402968 0.866588 -0.294351 -0.280081 -0.189421 -0.941103
-0.593661 -79.765526 -760.236682 -5849.066487 -0.602108 0.746132 -0.284171 0.759149 0.424763 -0.493223 -0.247304 -0.512701 -0.822179
-1.542142 -19.759867 -136.691983 1479.618413 0.299827 0.932267 -0.202442 0.911718 -0.217543 0.348490 0.280846 -0.289056 -0.915190
-3.368197 -23.349591 -49.010838 -666.902818 -0.502389 0.864602 0.008296 -0.791832 -0.463917 0.397221 -0.347286 -0.192990 -0.917686
-10.427066 -12.295427 172.532976 81.646972 -0.741853 0.653121 0.151945 0.544497 0.718970 -0.431979 -0.391378 -0.237731 -0.888992
-70.694241 -488.353087 4491.380331 -8852.901075 -0.421613 0.906679 0.013282 0.555400 0.246632 0.794168 -0.716779 -0.342208 0.607553
0.695656 -5.746557 -24.636311 20.825339 -0.031756 0.993331 -0.110837 0.995127 0.021065 -0.096329 -0.093352 -0.113356 -0.989159
0.562368 -5.388909 -22.092083 30.156919 0.015604 0.993943 -0.108788 0.999704 -0.013475 0.020275 0.018686 -0.109072 -0.993858
1.045849 -5.601784 -27.359048 29.265488 0.046315 0.993808 -0.101002 0.998806 -0.044502 0.020129 0.015510 -0.101813 -0.994683
5.029146 -9.725200 126.996616 -137.959126 0.075889 0.390553 0.917447 -0.278174 0.891862 -0.356652 -0.957528 -0.228144 0.176324
14.835031 -6.543576 686.752997 -412.065973 0.193499 0.156754 0.968497 -0.439867 0.896241 -0.057177 -0.876969 -0.414947 0.242373
-1.927821 -5.619809 -16.313016 -46.298029 -0.333454 0.768833 0.545622 -0.282487 -0.633636 0.720213 -0.899450 -0.086027 -0.428474
-1.887541 -5.872997 -11.104784 -17.788136 -0.336298 0.781599 0.525363 -0.301340 -0.617834 0.726275 -0.892243 -0.085932 -0.443303
-2.130375 -5.939891 -45.222439 -66.619096 -0.325423 0.770651 0.547902 -0.257364 -0.629754 0.732921 -0.909870 -0.097499 -0.403274
-1.791031 -6.017399 -15.313172 -74.437660 -0.339770 0.770707 0.539043 -0.247030 -0.626147 0.739538 -0.907487 -0.118113 -0.403134
-3.149991 -557.607006 -299.417978 111105.362926 0.950308 -0.068527 -0.303675 0.247061 -0.427483 0.869609 0.189407 0.901422 0.389310
-2.924585 -103.700888 -113.678283 12919.862435 0.941809 -0.120266 -0.313899 0.003592 -0.930154 0.367153 0.336130 0.346916 0.875595
-15.109267 -730.261140 139.865697 -141112.696232 0.888370 -0.210940 -0.407803 0.350500 0.885297 0.305612 -0.296561 0.414431 -0.860406
-4.818326 -536.162236 -193.787797 93568.434469 0.957242 -0.096859 -0.272590 0.191597 -0.493717 0.848253 0.216743 0.864211 0.454050
0.210307 -52.130635 -235.134574 -5001.587052 0.872507 -0.268376 -0.408296 0.378566 0.899621 0.217647 -0.308900 0.344466 -0.886523
-78.155824 -451.350533 -3511.973082 -64041.472765 0.939686 -0.218269 -0.263341 0.312704 0.860180 0.402873 -0.138586 0.460922 -0.876553
-171.953821 -709.588406 -13526.085128 58123.712142 0.998200 0.021664 -0.055920 0.019716 0.762089 0.647172 -0.056637 0.647109 -0.760291
-493.841847 -2341.412308 41430.205209 -313862.679114 0.163881 0.985989 -0.031136 0.985773 -0.162488 0.042992 0.037331 -0.037738 -0.998590
5.706532 -35.924771 20.623380 -1090.877655 -0.620863 0.755477 0.209248 0.211548 0.418489 -0.883241 0.754836 0.504105 0.419644
6.564559 -44.215818 -117.116787 -1152.742486 -0.491794 0.850680 0.185694 0.057512 0.244537 -0.967933 0.868810 0.465344 0.169186
3.475897 -38.754755 -49.639311 -1420.912240 -0.540683 0.824860 0.165128 0.416266 0.432920 -0.799564 0.731016 0.363574 0.577434
6.867440 -37.461658 -13.822613 -582.437994 -0.606682 0.750374 0.262444 -0.109944 0.247766 -0.962561 0.787305 0.612822 0.067816
3.696235 -23.186055 94.349952 -619.677117 -0.657192 0.718033 0.229186 0.379859 0.578159 -0.722108 0.651003 0.387505 0.652713
4.992147 -33.148082 65.699427 -871.597328 -0.689804 0.672265 0.268757 0.143094 0.490485 -0.859621 0.709715 0.554512 0.434535
-2.556307 -13.200372 150.195090 550.142859 0.886129 0.353070 -0.300196 -0.382221 0.923090 -0.042577 0.262075 0.152470 0.952927
-7.120101 -17.554875 439.607807 822.785955 0.933266 0.152386 -0.325258 -0.205836 0.969003 -0.136621 0.294357 0.194454 0.935704
-2.134243 -7.762722 305.995731 63.444034 0.503397 0.814367 -0.288787 0.834545 -0.544847 -0.081715 0.223891 0.199870 0.953900
-0.161993 -6.462991 1.432806 -122.207331 0.666478 0.711034 -0.224138 0.721067 -0.691167 -0.048487 0.189393 0.129303 0.973350
-0.894796 -6.631526 16.923411 -56.188412 -0.093318 0.991891 0.086276 -0.772355 -0.017435 -0.634951 0.628298 0.125888 -0.767720
-0.613575 -7.260330 18.759515 -25.234278 -0.147922 0.988032 0.043729 -0.862670 -0.107279 -0.494258 0.483652 0.110835 -0.868215
-0.262760 -6.858280 20.833725 -45.213273 -0.170168 0.984290 0.047079 -0.841939 -0.120401 -0.525969 0.512037 0.129141 -0.849200
