19903
39784
-5.322575 -7.795125 96.987172 118.849754 -0.571165 0.797857 -0.192862 -0.621640 -0.573885 -0.533123 0.536036 0.184611 -0.823762
-5.164851 -9.573826 -9.182861 105.222115 -0.463579 0.881302 -0.091664 -0.625585 -0.398809 -0.670518 0.627485 0.253494 -0.736209
-7.841677 -10.072193 181.327323 212.223750 -0.158650 0.973417 0.165195 -0.782004 -0.021744 -0.622895 0.602744 0.228006 -0.764665
-4.409579 -7.979983 -43.857762 100.270231 -0.647419 0.731815 -0.212827 -0.526559 -0.631392 -0.569279 0.550984 0.256496 -0.794120
-6.337033 -10.255720 -66.886902 381.535507 0.281580 0.903919 0.321938 -0.812475 0.403101 -0.421181 0.510487 0.142970 -0.847917
-4.990453 -6.193937 42.221389 129.974060 -0.407633 0.908610 -0.090897 -0.787841 -0.400277 -0.468064 0.461672 0.119186 -0.879007
-3.970741 -6.984058 5.140261 -102.447192 -0.708023 0.651105 -0.273432 0.500503 0.735816 0.456148 0.498196 0.186110 -0.846855
6.585043 -4.349337 -10.013315 -24.676149 -0.065959 0.984653 -0.161581 -0.940668 -0.007341 0.339249 -0.332857 -0.174371 -0.926715
6.059925 -5.931232 -46.450330 -28.655324 -0.219012 0.966359 -0.134848 -0.879399 -0.135622 0.456360 -0.422719 -0.218533 -0.879518
5.158743 -2.504742 -125.249858 -119.329265 -0.090351 0.960256 -0.264094 -0.949430 -0.002984 0.313965 -0.300699 -0.279106 -0.911965
6.897396 -1.782023 290.571185 -72.932677 0.400366 0.839313 -0.367778 0.894501 -0.445089 -0.041985 -0.198933 -0.312169 -0.928965
7.525753 -3.865484 136.793500 19.149575 0.143272 0.965802 -0.216102 -0.970309 0.180072 0.161477 -0.194869 -0.186550 -0.962925
2.824890 0.108327 242.996815 19.486529 0.445002 0.783987 -0.432825 0.862196 -0.505712 -0.029556 -0.242056 -0.360027 -0.900993
-2.716996 -66.706167 593.324572 -4871.810314 -0.294670 0.936077 0.192171 -0.896162 -0.200880 -0.395653 0.331759 0.288804 -0.898069
0.079465 -57.049705 115.123810 -4891.644857 0.122427 0.986938 0.104710 -0.876296 0.157025 -0.455464 0.465957 0.035996 -0.884075
-8.325273 -58.811773 -399.465044 -4005.499498 0.274928 0.953770 -0.121396 -0.832573 0.173018 -0.526201 0.480871 -0.245739 -0.841650
-15.488816 -287.330904 -2330.893229 -18960.889006 -0.401238 0.844776 -0.354063 -0.791231 -0.514399 -0.330677 0.461478 -0.147465 -0.874810
-20.032663 -54.878065 -508.704555 -3785.319367 0.214223 0.954094 -0.209318 -0.795742 0.046185 -0.603873 0.566484 -0.295926 -0.769106
-2.026360 -6.043012 -134.066617 -9.434119 0.213187 0.976171 -0.040512 -0.929365 0.189825 -0.316618 0.301383 -0.105149 -0.947688
-2.742056 -6.074527 -47.265025 -3.897731 0.209043 0.977782 0.015618 -0.936037 0.204690 -0.286245 0.283082 -0.045218 -0.958029
-2.260540 -5.952965 -12.109301 -11.117861 0.213455 0.976158 0.039396 -0.898981 0.212045 -0.383236 0.382452 -0.046387 -0.922810
-1.671538 -6.296325 -159.236361 -16.345974 0.171268 0.984064 -0.047799 -0.965087 0.157811 -0.209054 0.198180 -0.081934 -0.976735
0.472670 -6.194076 -246.238455 -6.432023 0.176246 0.980848 -0.082916 -0.946941 0.145946 -0.286360 0.268774 -0.128986 -0.954528
-0.462786 -5.980781 -163.949461 -7.893473 0.197584 0.978765 -0.054585 -0.904702 0.160626 -0.394606 0.377459 -0.127351 -0.917228
-4.054444 -7.368080 30.503751 -20.622219 0.108869 0.992059 0.062975 -0.974817 0.094144 0.202158 -0.194624 0.083398 -0.977326
-4.030084 -7.016872 22.892829 -36.700332 0.132139 0.990049 0.048397 -0.987618 0.127336 0.091627 -0.084553 0.059905 -0.994617
-3.332976 -7.330530 -110.130512 -17.972255 0.090666 0.995620 -0.022830 -0.974422 0.093422 0.204386 -0.205623 -0.003715 -0.978624
-3.983061 -7.591242 -33.951998 -3.611709 0.082697 0.996246 0.025600 -0.950352 0.071103 0.302944 -0.299987 0.049382 -0.952664
-4.045376 -7.578782 80.159743 -18.073784 0.081024 0.989566 0.119139 -0.959305 0.044984 0.278766 -0.270498 0.136878 -0.952940
-0.659370 -7.300805 27.218985 43.215086 -0.101836 0.993309 -0.054469 -0.890334 -0.115430 -0.440432 0.443772 -0.003644 -0.896132
-0.585328 -6.545620 -11.020936 -89.932573 -0.126974 0.987511 -0.093277 -0.905581 -0.153780 -0.395316 0.404723 -0.034275 -0.913797
-0.588399 -6.551866 -14.315673 -91.985783 -0.133598 0.987701 -0.081229 -0.898748 -0.155289 -0.410045 0.417616 -0.018223 -0.908441
-0.695222 -7.067779 -0.137336 41.050604 -0.108054 0.992086 -0.063946 -0.884289 -0.125306 -0.449812 0.454266 -0.007943 -0.890831
-0.665910 -6.361467 -33.193936 -91.033055 -0.133892 0.987212 -0.086519 -0.893619 -0.158015 -0.420090 0.428389 -0.021068 -0.903349
-1.673196 -9.652566 -33.486112 5.876887 -0.083947 0.996088 0.027600 -0.907227 -0.064943 -0.415597 0.412179 0.059927 -0.909130
-1.572192 -9.720373 -4.842961 3.003445 -0.102414 0.993488 0.049936 -0.908630 -0.072999 -0.411173 0.404850 0.087483 -0.910188
-1.442041 -9.581643 -20.016025 -4.861297 -0.118734 0.992593 0.025727 -0.845870 -0.087546 -0.526156 0.520006 0.084234 -0.849999
-1.155694 -9.379719 -14.551227 28.166321 -0.113579 0.993460 0.011713 -0.875643 -0.094525 -0.473619 0.469414 0.064050 -0.880652
-1.151181 -9.230398 -34.211711 -51.005176 -0.137274 0.990495 -0.008747 -0.746688 -0.109279 -0.656137 0.650856 0.083539 -0.754591
-1.350056 -9.149223 -47.089969 -66.134684 -0.111037 0.993605 0.020504 -0.721914 -0.066462 -0.688784 0.683017 0.091283 -0.724676
0.280968 -11.605681 -14.716919 -38.700567 0.111122 0.982579 -0.148963 -0.851694 0.016915 -0.523767 0.512122 -0.185073 -0.838736
0.752034 -10.380828 -41.811493 84.971541 0.124697 0.976479 -0.175896 -0.925607 0.050636 -0.375083 0.357354 -0.209582 -0.910150
0.202429 -10.061113 -15.473253 84.118506 0.103600 0.981301 -0.162218 -0.939079 0.042767 -0.341031 0.327717 -0.187666 -0.925950
0.696604 -9.457813 -40.394798 -276.582753 0.126197 0.975712 -0.179055 0.973833 -0.087461 0.209760 0.189005 -0.200841 -0.961218
0.287514 -8.985845 -14.267321 -274.158907 0.099630 0.979760 -0.173622 0.984287 -0.071478 0.161460 0.145782 -0.186980 -0.971487
3.971302 -11.355850 -54.053253 -140.793352 -0.042822 0.997947 -0.047625 -0.761458 -0.001739 0.648212 -0.646798 -0.064022 -0.759969
4.690158 -12.247878 -47.522667 -212.602590 0.007625 0.999942 -0.007561 -0.688999 0.010734 0.724683 -0.724723 0.000316 -0.689041
4.052305 -12.206649 -56.056354 -187.758697 -0.062693 0.997362 -0.036587 -0.660889 -0.014017 0.750353 -0.747861 -0.071222 -0.660024
3.140358 -11.362152 -41.942318 -151.378795 -0.103269 0.992676 -0.062682 -0.701419 -0.027998 0.712199 -0.705228 -0.117514 -0.699174
-1.007799 -12.947153 19.766149 98.906835 0.396724 0.911903 -0.105088 0.915653 -0.401208 -0.024755 -0.064736 -0.086403 -0.994155
-1.030054 -13.397226 -16.023988 -65.586689 0.371472 0.917072 -0.144870 -0.905413 0.392359 0.162116 -0.205513 -0.070946 -0.976080
-1.220287 -13.508707 33.641011 7.241895 0.381667 0.919924 -0.089832 -0.892262 0.392060 0.223957 -0.241243 0.005323 -0.970450
-0.894308 -13.352188 16.422509 120.505106 0.363689 0.923517 -0.121844 -0.867999 0.383451 0.315503 -0.338094 0.008984 -0.941069
-0.985796 -13.767997 4.038299 37.199824 0.343015 0.931900 -0.117909 -0.848024 0.361208 0.387794 -0.403975 0.033030 -0.914174
-1.452690 -13.635702 0.565477 20.811030 0.355601 0.929751 -0.095448 -0.834088 0.361765 0.416440 -0.421716 0.068474 -0.904139
1.645469 -15.139033 88.776238 193.367404 0.521832 0.842222 -0.135477 0.797547 -0.538038 -0.272825 0.302671 -0.034320 0.952477
0.535891 -16.066078 23.809708 65.801880 0.507747 0.854467 -0.109905 0.850987 -0.517324 -0.090539 0.134219 0.047557 0.989810
0.342129 -14.861379 39.072163 156.470621 0.503367 0.855392 -0.122172 0.798582 -0.514538 -0.312279 0.329983 -0.059626 0.942102
1.209445 -13.284951 60.234348 166.141040 0.530232 0.836565 -0.137891 0.736239 -0.534958 -0.414455 0.420484 -0.118236 0.899563
0.839458 -12.227415 47.487431 202.008750 0.523311 0.840510 -0.140318 0.693550 -0.515777 -0.502954 0.495111 -0.165884 0.852847
0.014412 -13.562052 23.637299 199.148797 0.497446 0.858812 -0.122430 0.742370 -0.494451 -0.452111 0.448814 -0.134013 0.883519
-0.675600 -15.946846 42.680532 104.806279 0.467648 0.874808 -0.126554 0.842753 -0.484459 -0.234662 0.266595 -0.003085 0.963804
0.533991 -0.814838 -45.161428 42.757168 0.086856 0.815892 0.571644 -0.191000 0.576806 -0.794238 0.977740 0.040200 -0.205934
-0.492544 -2.508641 122.169496 161.349912 -0.055504 0.998012 -0.029853 -0.187686 -0.039795 -0.981423 0.980660 0.048870 -0.189522
0.513038 -1.669395 173.346824 61.403678 -0.179867 -0.503632 -0.844987 -0.102991 0.863917 -0.492991 0.978285 -0.001647 -0.207259
-0.015260 -3.459053 261.985217 85.827234 -0.223377 -0.372906 -0.900580 -0.030420 0.926142 -0.375946 0.974257 -0.056582 -0.218222
2.145629 -2.963332 59.432936 56.122519 -0.134681 -0.445016 -0.885337 -0.048933 0.895374 -0.442617 0.989680 -0.016290 -0.142366
58.561671 -25.592777 3430.826714 -42.442784 -0.129000 0.971499 0.198868 0.792490 0.221547 -0.568223 0.596086 -0.084300 0.798483
10.622462 -27.812690 602.269021 406.873176 0.040354 0.992770 0.113047 0.651120 0.059690 -0.756624 0.757902 -0.104140 0.644003
18.549507 -24.391930 858.061730 690.394501 -0.004451 0.956706 0.291021 0.486848 0.256278 -0.835045 0.873476 -0.137967 0.466911
30.286731 -19.306159 1786.050460 436.780754 -0.060119 0.873247 0.483555 0.558364 0.430972 -0.708867 0.827415 -0.227383 0.513499
-2.678993 -12.115817 -2.527031 6.806600 0.448015 0.891262 -0.070247 -0.065498 0.111083 0.991650 -0.891624 0.439673 -0.108143
-2.710918 -11.870768 69.049641 -0.579817 0.447747 0.890574 -0.080010 -0.064256 0.121296 0.990534 -0.891849 0.438367 -0.111535
-2.575479 -12.060319 1.022667 -28.758829 0.442418 0.891550 -0.096976 0.101180 0.057822 0.993186 -0.891083 0.449216 0.064625
-0.922513 -10.360560 24.328311 135.194867 -0.072206 0.997359 0.007857 -0.560764 -0.034080 -0.827274 0.824821 0.064141 -0.561743
-0.852195 -9.823567 -2.147710 136.817384 -0.058723 0.998253 -0.006503 -0.528017 -0.036588 -0.848445 0.847201 0.046389 -0.529244
-0.707601 -9.546541 3.314364 25.371805 -0.070785 0.997374 -0.015332 -0.606621 -0.055244 -0.793069 0.791833 0.046836 -0.608939
-0.755537 -8.559534 -18.135381 -99.649439 -0.055185 0.997720 -0.038855 -0.657771 -0.065604 -0.750356 0.751194 0.015851 -0.659891
-0.662159 -8.550032 -19.261408 -90.241615 -0.068864 0.997259 -0.027071 -0.664181 -0.066078 -0.744645 0.744393 0.033299 -0.666911
-0.822761 -9.641032 3.597925 62.274061 -0.046259 0.998823 -0.014591 -0.618482 -0.040108 -0.784775 0.784436 0.027279 -0.619610
-1.617195 -24.542204 -23.580485 -276.559099 -0.548942 0.805891 0.221817 0.300155 -0.057620 0.952149 -0.780109 -0.589253 0.210262
-1.427947 -26.198677 -20.789928 -121.822896 -0.535028 0.807941 0.246936 0.534308 0.097187 0.839684 -0.654416 -0.581194 0.483687
-1.531789 -23.974096 -9.292898 -214.215378 -0.519901 0.822992 0.228883 0.432662 0.022669 0.901271 -0.736550 -0.567601 0.367863
-1.418896 -22.563835 6.585792 -233.800005 -0.521868 0.827921 0.205429 0.240540 -0.088223 0.966622 -0.818410 -0.553863 0.153107
-1.187621 -22.186542 26.392230 -210.255150 -0.499159 0.843424 0.198686 0.278444 -0.061007 0.958513 -0.820554 -0.533773 0.204394
-1.265350 -23.144330 0.079031 -167.471243 -0.501103 0.836574 0.221446 0.474599 0.051690 0.878683 -0.723637 -0.545409 0.422940
-0.649920 -12.146132 -13.112085 -317.514497 0.025582 0.986589 0.161205 0.968931 0.015212 -0.246862 0.246004 -0.162512 0.955548
-0.437125 -10.914426 -25.197680 -308.098666 -0.006767 0.983479 0.180896 0.979873 0.042613 -0.195019 0.199506 -0.175936 0.963973
-0.249526 -16.441680 7.828259 -585.664427 0.000541 0.985178 0.171533 0.944099 0.056044 -0.324862 0.329661 -0.162120 0.930076
-0.194641 -16.614095 -7.454173 -562.690703 0.028508 0.985980 0.164413 0.931136 0.033628 -0.363118 0.363555 -0.163443 0.917123
1.748276 -46.496554 -7.705540 -495.680870 -0.507837 0.854324 0.110596 -0.743794 -0.499615 0.444023 -0.434595 -0.143231 -0.889164
0.699769 -41.303991 65.509916 -610.042872 -0.530691 0.840181 0.111636 -0.827488 -0.542104 0.146238 -0.183385 0.014770 -0.982930
-0.206558 -39.806571 88.533593 -708.893218 -0.486730 0.868686 0.092077 -0.865094 -0.493965 0.087239 -0.121266 0.037193 -0.991923
-0.145385 -40.357560 64.648491 806.768539 -0.518929 0.849745 0.092979 0.829974 0.474826 0.292716 0.204585 0.229069 -0.951668
1.475769 -44.636703 74.847011 -334.941945 -0.464687 0.881824 0.080329 -0.756828 -0.442629 0.480926 -0.459648 -0.162685 -0.873073
-0.625791 -36.693857 41.643685 -1045.233537 -0.421256 0.906372 0.032138 -0.902549 -0.422436 0.083387 -0.089155 -0.006121 -0.995999
-1.586405 -32.301276 80.724623 758.550805 -0.470612 0.878104 0.086359 0.865460 0.440339 0.238917 0.171767 0.187177 -0.967192
9.678711 -159.166552 675.854776 -5700.012639 -0.383997 0.908241 0.166264 0.728673 0.408680 -0.549560 0.567082 0.089877 0.818743
0.951473 -265.463124 -341.889786 -14346.167542 0.398098 -0.914997 -0.065554 0.916757 0.399381 -0.007222 0.032789 -0.057222 0.997823
-6.211399 -601.580984 156.644763 -39774.708457 -0.333955 0.935886 -0.112209 0.715999 0.174447 -0.675954 0.613042 0.306079 0.728351
20.883540 -369.569688 780.189564 25424.215556 -0.457837 0.888721 0.023657 -0.115628 -0.085909 0.989571 -0.881485 -0.450327 -0.142094
-16.530041 -298.499105 -148.098113 2978.060644 -0.212958 0.969217 -0.123557 -0.759575 -0.084684 0.644883 -0.614569 -0.231184 -0.754228
4.436754 -422.302504 838.450230 22546.556189 -0.322860 0.945663 -0.038513 0.308088 0.143487 0.940475 -0.894898 -0.291776 0.337674
-3.008292 -7.565471 13.055585 -74.423141 0.281982 0.958178 -0.048791 -0.398427 0.163212 0.902562 -0.872778 0.235067 -0.427787
-3.164140 -7.940139 15.383888 -55.046595 0.313941 0.946914 -0.069246 -0.318487 0.173738 0.931870 -0.894431 0.270498 -0.356123
-2.536821 -6.894770 52.167555 -95.256781 0.403903 0.899943 -0.164208 -0.367019 0.323835 0.872025 -0.837949 0.291946 -0.461095
-3.573150 -8.126745 5.583048 -20.540067 0.228475 0.973513 -0.008427 -0.302997 0.079332 0.949684 -0.925198 0.214426 -0.313097
-2.440231 -6.267372 42.877129 -98.464409 0.350416 0.926331 -0.138271 -0.442106 0.293746 0.847500 -0.825682 0.235847 -0.512470
2.425162 1.773287 -27.763789 -90.684824 0.146537 0.887800 0.436277 -0.226236 -0.399271 0.888482 -0.962987 0.228897 -0.142345
2.767456 1.105565 -45.473152 -83.433968 0.200077 0.942621 0.267274 -0.207940 -0.225723 0.951740 -0.957460 0.245998 -0.150847
2.650192 0.532430 -28.948371 -112.364142 0.056665 0.836167 0.545539 -0.287553 -0.509595 0.810942 -0.956087 0.202823 -0.211567
-2.841217 -5.801737 23.794017 -38.755184 -0.357081 0.905729 0.228358 -0.675816 -0.419277 0.606201 -0.644800 -0.062135 -0.761822
-2.493137 -5.438673 -8.790656 -35.110618 -0.441865 0.864520 0.239500 -0.682903 -0.497284 0.535118 -0.581720 -0.072895 -0.810116
-2.794988 -5.870148 -27.836063 -20.590784 -0.491177 0.830138 0.263849 -0.598506 -0.541713 0.590201 -0.632879 -0.131978 -0.762920
-2.338247 -5.144084 40.524230 -43.468740 -0.310544 0.925705 0.215944 -0.753950 -0.378224 0.537128 -0.578897 -0.003991 -0.815391
-3.134880 -6.326838 -22.663929 -23.017270 -0.423557 0.875569 0.232334 -0.587606 -0.460754 0.665151 -0.689434 -0.145209 -0.709644
-3.160103 -6.376139 18.988989 -49.217817 -0.290093 0.939744 0.180906 -0.650417 -0.332270 0.683048 -0.702000 -0.080483 -0.707615
-2.466356 -5.635581 51.304974 -47.721606 -0.220433 0.960841 0.167910 -0.739379 -0.276876 0.613724 -0.636182 -0.011135 -0.771459
-0.220303 -9.030036 2.738758 117.944840 0.037973 0.983582 -0.176421 -0.967774 -0.007784 -0.251702 0.248943 -0.180293 -0.951589
-0.133453 -8.521252 -1.787393 -314.503542 0.023789 0.982856 -0.182833 0.993217 -0.002415 0.116249 0.113814 -0.184359 -0.976247
-0.270494 -8.758426 -1.052703 55.864130 0.033651 0.984519 -0.172018 -0.961922 -0.014807 -0.272921 0.271243 -0.174652 -0.946533
-0.365943 -10.480544 0.115523 -120.506878 0.065035 0.985146 -0.158930 -0.895779 -0.012546 -0.444323 0.439717 -0.171262 -0.881656
-2.472535 -13.220911 65.235732 -28.389565 0.542708 0.834266 0.097306 -0.767342 0.445362 0.461345 -0.341548 0.325042 -0.881869
-2.668790 -13.868800 66.210432 -3.713523 0.565202 0.820570 0.084920 -0.652021 0.381284 0.655356 -0.505387 0.425778 -0.750531
-2.066532 -14.188056 5.633778 -27.222823 0.556775 0.826172 0.086264 -0.710403 0.419771 0.564907 -0.430499 0.375808 -0.820633
-2.149913 -14.015859 40.678997 -5.232202 0.577429 0.811964 0.085380 -0.575227 0.330388 0.748303 -0.579387 0.481205 -0.657839
-1.995978 -13.436551 -3.980157 40.563620 0.542650 0.834729 0.093583 0.798860 -0.478461 -0.364553 -0.259527 0.272584 -0.926468
2.704604 -4.810328 11.310213 58.437183 0.199041 0.978908 -0.046064 -0.133868 -0.019405 -0.990809 0.970805 -0.203378 -0.127182
2.634888 -5.451447 -0.880597 56.899564 0.173315 0.983882 -0.044022 -0.061500 -0.033799 -0.997535 0.982944 -0.175595 -0.054650
2.834684 -4.685903 -1.287081 71.952244 0.167505 0.985316 -0.033078 -0.125170 -0.012026 -0.992062 0.977893 -0.170316 -0.121317
2.951156 -4.038080 2.881196 51.033557 0.177357 0.984096 -0.009985 -0.161130 0.019028 -0.986750 0.970866 -0.176616 -0.161942
2.894605 -3.752004 4.728228 46.309946 0.216934 0.976048 0.016431 -0.189204 0.058552 -0.980190 0.957675 -0.209528 -0.197374
1.878497 -55.266750 38.868024 2844.272112 0.394564 0.918568 -0.023488 0.820320 -0.340614 0.459410 -0.413999 0.200535 0.887914
2.085309 -48.634296 -2.723107 2354.571433 0.325316 0.945605 -0.000014 0.868524 -0.298792 0.395460 -0.373945 0.128661 0.918483
17.253127 -560.195675 578.398779 30578.637303 0.344426 0.938654 -0.017305 0.702556 -0.245479 0.667948 -0.622724 0.242216 0.744007
0.112903 -25.617255 48.105721 1361.456351 0.419689 0.907664 -0.002727 0.832950 -0.383945 0.398473 -0.360633 0.169506 0.917176
3.639605 -91.107604 90.322258 4182.527830 0.408319 0.908387 -0.090052 0.488841 -0.134282 0.861976 -0.770915 0.395982 0.498886
22.166882 -309.941432 1064.663071 17684.258529 0.548769 0.833755 0.060875 0.674260 -0.484485 0.557358 -0.494192 0.264815 0.828038
1.115435 -47.796432 22.082582 3017.924115 0.462313 0.886712 -0.002891 0.817418 -0.424916 0.388939 -0.343648 0.182175 0.921259
1.428371 -13.313205 -6.206858 -207.362985 -0.343194 0.938476 0.038473 0.907727 0.341917 -0.243157 0.241351 0.048527 0.969224
1.918325 -14.589995 164.764875 -225.559092 -0.525638 0.850574 0.015138 0.797167 0.498691 -0.340341 0.297034 0.166829 0.940180
4.157221 -22.180359 41.050682 -563.167416 -0.379788 0.924859 0.019912 0.835025 0.352003 -0.422879 0.398113 0.143977 0.905967
3.240761 -44.781796 58.111644 1204.664804 0.880423 -0.459257 -0.118060 0.418984 0.870016 -0.259853 0.222054 0.179315 0.958404
2.026169 -42.199283 -118.275149 -1093.132149 0.900844 -0.433781 -0.017715 -0.402131 -0.849104 0.342510 0.163615 0.301424 0.939347
3.194852 -46.125254 -130.963963 -442.516817 0.857558 -0.514381 -0.002384 -0.426318 -0.713321 0.556261 0.287831 0.476010 0.831004
0.634972 -0.577984 -29.202222 -172.855802 0.146069 0.926032 0.348035 0.247871 0.306327 -0.919089 0.957718 -0.220518 0.184792
0.309390 -3.035931 -39.794176 -212.717002 0.147289 0.944690 0.293030 0.217293 0.258119 -0.941360 0.964930 -0.202326 0.167256
-0.139820 -1.639064 -73.751843 -56.846160 0.208783 0.964132 0.163887 0.174722 0.128110 -0.976248 0.962227 -0.232459 0.141708
2.832164 -10.127838 -27.480793 168.267441 -0.250675 -0.960951 -0.117200 0.968015 -0.247515 -0.041026 0.010416 -0.123736 0.992261
4.175707 -7.859927 -129.500533 134.713207 -0.220695 -0.965006 -0.141626 0.974082 -0.225454 0.018282 -0.049572 -0.133920 0.989751
3.420562 -10.389544 24.533159 49.645974 0.116399 0.982377 0.146239 0.978060 -0.138988 0.155180 -0.172771 -0.124968 0.977002
2.990730 -12.491478 -20.101451 151.009031 -0.249693 -0.964805 -0.082490 0.967496 -0.245049 -0.062463 0.040051 -0.095405 0.994632
3.875741 -9.395381 87.248002 165.495962 0.408562 0.908797 0.084648 0.893647 -0.379431 -0.239639 0.185665 -0.173553 0.967165
2.945765 -12.477576 -30.102230 -14.008004 0.174977 0.978238 0.111505 0.973305 -0.188947 0.130296 -0.148529 -0.085730 0.985185
-4.185786 -6.823686 -6.685082 24.844318 0.095730 0.992239 -0.079358 0.985427 -0.083207 0.148360 -0.140605 0.092404 0.985744
-3.046609 -6.925750 -119.738157 23.999314 0.045597 0.998822 -0.016616 0.986868 -0.042458 0.155849 -0.154960 0.023504 0.987641
-3.336436 -6.438725 19.377225 12.953899 -0.140404 -0.988346 0.058818 0.989861 -0.138834 0.030005 -0.021489 0.062434 0.997818
-4.142318 -7.288607 -67.733520 24.696197 0.022333 0.997589 -0.065707 0.962344 -0.003641 0.271811 -0.270916 0.069303 0.960105
-4.460286 -7.152367 19.442756 23.459197 0.093946 0.988417 -0.119190 0.960360 -0.058411 0.272573 -0.262454 0.140072 0.954724
-2.773616 -11.128956 -53.380169 -363.769488 0.033299 0.994172 -0.102536 -0.974677 0.009604 -0.223410 0.221123 -0.107379 -0.969316
-2.642535 -16.546557 -38.720744 513.462624 0.017551 0.994086 -0.107172 0.997861 -0.010664 0.064498 0.062974 -0.108074 -0.992146
-3.277432 -15.997901 -31.591707 -520.367854 0.023798 0.997560 -0.065638 -0.996967 0.018814 -0.075522 0.074103 -0.067237 -0.994981
-3.267551 -10.095921 -33.633157 -345.144825 0.072168 0.996355 -0.045482 -0.971059 0.059780 -0.231237 0.227675 -0.060854 -0.971834
-3.513835 -11.016044 0.388301 -368.378661 0.054769 0.998444 0.010477 -0.980702 0.055762 -0.187390 0.187682 0.000012 -0.982230
-3.566926 -17.037509 8.167902 -563.865248 0.003874 0.999952 0.008971 -0.999137 0.004242 -0.041323 0.041359 0.008803 -0.999106
6.817693 -3.895630 245.636117 149.715882 -0.082893 0.655744 -0.750419 0.907599 -0.261315 -0.328602 -0.411574 -0.708318 -0.573491
12.632545 -4.604204 931.090476 137.731947 0.205605 0.501172 -0.840567 0.885223 -0.461459 -0.058608 -0.417260 -0.732040 -0.538527
18.189767 -3.083552 1080.287414 80.122650 0.191497 0.519657 -0.832637 0.903716 -0.424323 -0.056980 -0.382918 -0.741556 -0.550880
0.699419 -2.740239 -29.616351 -0.422901 -0.037635 0.788615 -0.613735 0.314685 -0.573569 -0.756301 0.948450 0.221596 0.226579
1.027065 -2.704266 -10.891628 24.030670 -0.021468 0.711276 -0.702585 0.249519 -0.676697 -0.692692 0.968132 0.190179 0.162950
0.556614 -2.142452 -49.867665 -23.375463 0.038262 0.651965 -0.757283 -0.250248 0.739941 0.624390 0.967426 0.165618 0.191464
-0.088895 -8.634228 4.725303 -210.423434 0.014752 -0.984050 -0.177279 0.991572 -0.008426 0.129282 -0.128714 -0.177692 0.975632
-0.387976 -8.105325 23.173186 -182.341796 0.051815 -0.982531 -0.178743 0.990351 0.027519 0.135821 -0.128529 -0.184056 0.974476
-0.073604 -7.387662 -17.834758 -134.726070 -0.052857 0.982747 0.177244 0.981048 0.017970 0.192929 -0.186416 -0.184082 0.965071
0.090906 -7.459442 -2.957486 -155.216791 -0.021393 0.984138 0.176109 0.982794 -0.011623 0.184337 -0.183460 -0.177022 0.966957
-0.048200 -8.899950 -2.921442 -249.740126 -0.022427 -0.984052 -0.176462 0.990506 -0.045816 0.129613 -0.135630 -0.171880 0.975736
-0.162976 -8.691982 -5.019734 -32.650148 -0.023466 -0.985437 -0.168412 0.998999 -0.016697 -0.041496 0.038079 -0.169217 0.984843
3.051577 -13.161314 -70.458957 -3.526768 -0.160238 0.987054 0.007011 0.225437 0.029681 0.973806 -0.960990 -0.157621 0.227274
3.777828 -12.967893 -53.542093 83.045245 -0.086532 0.996246 -0.002370 0.321086 0.030140 0.946570 -0.943089 -0.081147 0.322489
2.845433 -12.286466 -71.692298 163.206746 -0.161597 0.986520 0.025777 0.420704 0.045239 0.906069 -0.892689 -0.157263 0.422344
2.146037 -12.781443 -37.501081 88.200239 -0.172646 0.984682 0.024368 0.329516 0.034425 0.943522 -0.928231 -0.170925 0.330412
2.123811 -13.264403 -32.057214 -54.301306 -0.173807 0.984598 0.018903 0.187361 0.014217 0.982188 -0.966792 -0.174253 0.186946
-1.834257 -11.222699 75.197827 34.637984 -0.302472 -0.924682 -0.231243 0.936009 -0.333970 0.111139 -0.179996 -0.182829 0.966527
-1.576405 -10.897130 5.040516 54.097612 -0.330282 -0.927536 -0.174903 0.936201 -0.345513 0.064408 -0.120172 -0.142471 0.982477
-1.654491 -11.412628 -0.998884 -20.525943 0.325375 0.929665 0.172786 0.896098 -0.361494 0.257546 -0.301893 -0.071035 0.950692
-1.877459 -11.579013 89.100140 -10.124047 0.355447 0.928004 0.111651 0.917976 -0.369082 0.145255 -0.176005 -0.050863 0.983074
-1.620055 -11.577393 -46.427465 20.887572 0.296083 0.932178 0.208275 0.899823 -0.345359 0.266544 -0.320396 -0.108492 0.941050
-2.004936 -11.974863 39.089376 10.608040 0.345364 0.928836 0.134116 0.863248 -0.370481 0.342850 -0.368139 0.002632 0.929767
2.475925 -12.482560 -64.840553 -183.805535 0.489097 0.868542 -0.080119 -0.799664 0.409830 -0.438835 0.348311 -0.278701 -0.894989
1.990287 -9.865935 -83.393262 -122.092054 0.497591 0.863358 -0.083760 -0.743334 0.374653 -0.554157 0.447055 -0.338005 -0.828187
2.064700 -10.012032 -72.488248 -95.340774 0.521237 0.851949 -0.049955 -0.712583 0.402266 -0.574811 0.469614 -0.335210 -0.816760
1.753969 -8.350596 -71.974552 -83.956811 0.539378 0.841334 -0.035063 -0.644005 0.385328 -0.660893 0.542521 -0.379052 -0.749661
1.825542 -8.705301 -32.408418 -36.451499 0.549540 0.835453 0.004970 -0.601320 0.399650 -0.691877 0.580017 -0.377226 -0.721998
-0.411762 -4.294948 60.302053 67.960578 -0.151834 0.973110 0.173212 0.242198 0.206531 -0.947990 0.958273 0.101986 0.267044
0.473683 -3.596376 82.720004 58.876748 -0.159437 0.967678 0.195393 0.201259 0.225629 -0.953198 0.966475 0.112651 0.230728
1.202582 -4.486341 106.316108 29.378198 -0.176002 0.960761 0.214385 0.251065 0.254394 -0.933943 0.951835 0.110551 0.285987
0.473124 -5.116249 101.307051 48.952788 -0.178870 0.963201 0.200624 0.310618 0.248768 -0.917404 0.933553 0.101779 0.343685
-0.801899 -5.234690 51.293732 52.664590 -0.148293 0.972768 0.178135 0.307682 0.216569 -0.926515 0.939862 0.082587 0.331419
1195.636763 -17226.338887 138616.737917 1080359.336121 0.870384 -0.038224 0.490888 -0.485416 -0.233629 0.842490 -0.082482 0.971574 0.221901
-6.691746 -145.655409 1018.379312 -7314.586879 0.976124 -0.217196 0.002872 0.195349 0.883567 0.425614 0.094979 0.414891 -0.904900
-20.871837 -157.712285 1090.342762 -8967.776822 0.978868 -0.185436 -0.086198 0.202932 0.932847 0.297682 -0.025209 0.308884 -0.950766
-2.171300 -6.394891 110.448264 9.031065 0.548442 0.833685 0.064653 -0.814154 0.550024 -0.186084 0.190696 -0.049419 -0.980404
0.371782 -7.978297 207.011859 34.215529 0.416522 0.904637 0.090225 -0.846064 0.422035 -0.325673 0.332694 -0.059314 -0.941168
-0.659486 -6.369901 43.990651 87.970815 0.155828 0.987440 -0.026070 -0.950721 0.142767 -0.275221 0.268042 -0.067673 -0.961027
-0.423359 -7.072152 47.137195 62.367802 0.163943 0.986046 -0.028908 -0.916627 0.141440 -0.373884 0.364578 -0.087794 -0.927025
-1.050980 -6.834850 -13.315229 66.462044 0.123792 0.989209 -0.078367 -0.942946 0.092668 -0.319791 0.309078 -0.113484 -0.944242
-2.770237 -11.408349 2.043921 22.263140 0.358238 0.924633 0.129303 -0.143523 -0.082309 0.986218 -0.922533 0.371859 -0.103220
-2.589623 -11.618375 -0.123227 46.613558 0.346064 0.925630 0.153128 -0.280547 -0.053652 0.958340 -0.895284 0.374606 -0.241116
-2.415064 -11.376670 16.791326 15.359294 0.330704 0.931441 0.151827 -0.159662 -0.103339 0.981748 -0.930130 0.348909 -0.114541
-2.588499 -11.221183 5.140121 -3.379975 0.335851 0.932012 0.136226 -0.052788 -0.125775 0.990653 -0.940435 0.339903 -0.006958
-2.923290 -11.476698 -9.712912 -52.872637 0.353908 0.926620 0.126978 -0.021640 -0.127616 0.991588 -0.935030 0.353679 0.025112
-1.449863 -22.693960 -5.322923 183.333720 -0.249998 0.903838 -0.347244 -0.628018 0.121596 0.768640 -0.736949 -0.410234 -0.537228
-1.308253 -22.284096 30.819143 100.767813 -0.222557 0.916332 -0.332873 -0.716553 0.077775 0.693183 -0.661075 -0.392794 -0.639291
-1.495404 -24.349665 20.161692 41.816755 -0.224508 0.908136 -0.353391 -0.831805 0.010323 0.554971 -0.507638 -0.418548 -0.753075
-1.460061 -23.557029 -24.680661 91.031238 -0.262554 0.891662 -0.368788 -0.702643 0.085274 0.706414 -0.661331 -0.444599 -0.604131
-1.399647 -24.931948 19.773807 -61.402560 -0.207964 0.910371 -0.357736 0.942423 0.088566 -0.322481 -0.261895 -0.404203 -0.876374
-1.475963 -24.680685 3.277153 -18.879417 -0.220236 0.903558 -0.367531 0.925156 0.074067 -0.372290 -0.309164 -0.422015 -0.852245
-1.259159 -24.517167 -46.922079 -23.335565 -0.245878 0.887068 -0.390711 0.859238 0.012911 -0.511412 -0.448613 -0.461459 -0.765377
1.536490 -20.559612 -40.734794 96.388324 0.034716 0.981382 -0.188903 -0.706958 0.157717 0.689446 -0.706403 -0.109611 -0.699271
1.654186 -19.509473 -42.520162 138.499608 0.043302 0.979317 -0.197642 -0.569194 0.186764 0.800711 -0.821063 -0.077824 -0.565508
0.903155 -20.114898 -15.413301 136.751060 0.051707 0.977659 -0.203736 -0.537180 0.199210 0.819605 -0.841881 -0.067064 -0.535480
-1.954930 -12.470197 -98.020435 -134.897971 0.128740 -0.486840 0.863952 0.982653 0.179896 -0.045057 -0.133486 0.854765 0.501555
-2.896082 -11.293997 -91.918492 -118.775674 0.130781 -0.511247 0.849425 0.966427 0.256874 0.005810 -0.221165 0.820148 0.527677
-3.386286 -12.902841 -84.187265 -101.204413 0.117919 -0.540061 0.833324 0.991709 0.107207 -0.070852 -0.051074 0.834770 0.548225
-2.212586 -10.385386 -71.158365 -110.454019 0.154167 -0.475642 0.866024 0.931635 0.361902 0.032919 -0.329074 0.801743 0.498918
-2.211816 -13.780345 -63.452274 -108.575797 0.116656 -0.521020 0.845535 0.989236 -0.014764 -0.145579 0.088333 0.853417 0.513689
-1.068032 -12.024689 -56.980795 -151.371898 0.114202 -0.487956 0.865365 0.981639 0.189388 -0.022756 -0.152786 0.852075 0.500625
-1.646867 -10.508169 -61.826917 -102.156806 0.135765 -0.482428 0.865350 0.948054 0.316882 0.027919 -0.287682 0.816609 0.500389
1.526603 -41.500662 -40.257532 703.391911 -0.331322 0.885618 -0.325433 -0.034331 0.333371 0.942171 -0.942893 -0.323334 0.080049
1.268166 -49.340805 7.242428 1189.872304 -0.334569 0.881897 -0.332146 -0.170316 0.290066 0.941729 -0.926853 -0.371643 -0.053154
2.292366 -40.088243 -84.283640 710.058759 -0.335434 0.879147 -0.338504 -0.365319 0.209816 0.906928 -0.868347 -0.427876 -0.250790
2.121578 -44.558248 -139.961648 478.747933 -0.346409 0.885894 -0.308533 -0.221395 0.242400 0.944578 -0.911584 -0.395518 -0.112163
9.006377 -30.902292 -191.776610 972.275774 -0.414633 0.896690 -0.155006 -0.875217 -0.439599 -0.201863 0.249149 -0.051965 -0.967070
7.162766 -24.723917 38.326565 -149.943468 -0.371765 0.913727 -0.163995 0.927493 0.373076 -0.023908 0.039337 -0.160992 -0.986171
6.726639 -26.586543 -162.767286 465.672414 -0.366495 0.886993 -0.280936 -0.903657 -0.411238 -0.119527 0.221552 -0.210064 -0.952254
11.756210 -54.086156 -336.566683 2313.166648 -0.425278 0.897417 -0.117395 -0.756715 -0.423725 -0.497834 0.496508 0.122883 -0.859290
11.718976 -44.544836 -262.897794 1960.184484 -0.462653 0.885859 -0.034733 -0.839539 -0.450377 -0.303867 0.284826 0.111425 -0.952081
-77.756193 -355.467149 4606.687230 21814.829440 -0.349338 0.933618 0.079500 -0.346924 -0.207692 0.914608 -0.870406 -0.291926 -0.396449
-62.673008 -484.259765 2728.903996 -23721.354517 -0.300365 0.951094 0.072121 0.643701 0.146328 0.751157 -0.703868 -0.272046 0.656172
13.806119 -1787.830002 961.423795 604683.353792 -0.298870 0.942967 0.146595 -0.245513 -0.224423 0.943058 -0.922172 -0.245860 -0.298584
-9.283609 -2838.013101 377.500958 266302.314844 -0.054444 0.998283 0.021597 -0.996894 -0.055575 0.055793 -0.056897 0.018492 -0.998209
1.211356 -5.893795 -2.717252 25.784445 0.050040 -0.991252 -0.122133 0.998439 0.046610 0.030779 -0.024817 -0.123482 0.992036
1.288996 -5.752036 29.689358 25.511531 0.060096 -0.987911 -0.142900 0.997467 0.053978 0.046315 -0.038041 -0.145322 0.988653
1.332987 -6.427645 40.345969 44.243382 0.074816 -0.986309 -0.146957 0.989962 0.055743 0.129875 -0.119905 -0.155199 0.980580
-0.015636 -3.269191 196.128411 29.187446 0.390686 0.546387 0.740828 -0.090940 0.823761 -0.559595 -0.916021 0.151255 0.371520
0.047202 -4.237751 226.875490 70.215593 0.383034 0.608032 0.695401 -0.167968 0.786110 -0.594826 -0.908335 0.111033 0.403236
1.855906 -4.257081 110.310216 88.934799 0.349650 0.536253 0.768230 -0.113833 0.838229 -0.533305 -0.929939 0.099020 0.354130
-2.948179 -6.033175 50.667492 -16.880792 0.193130 0.981081 0.013462 0.182089 -0.049320 0.982044 -0.964129 0.187211 0.188170
-2.722419 -6.207409 32.828475 29.423663 0.176847 0.984012 0.021122 0.289850 -0.072577 0.954316 -0.940591 0.162646 0.298051
-2.610856 -5.970058 47.361065 -10.828264 0.239340 0.968434 0.069659 0.194278 -0.118060 0.973816 -0.951301 0.219540 0.216402
-3.217054 -6.205341 3.280684 -6.776800 0.106247 0.993199 -0.047621 0.210791 0.024306 0.977229 -0.971740 0.113866 0.206775
-3.066128 -5.718113 38.548487 -39.047204 0.214094 0.976680 0.016131 0.095526 -0.037368 0.994725 -0.972131 0.211424 0.101298
-3.288821 -6.056297 22.072052 -61.809722 0.147875 0.987403 -0.056286 0.118127 0.038871 0.992237 -0.981926 0.153376 0.110891
0.540734 -6.603369 35.826643 12.148607 -0.028802 0.985551 -0.166915 -0.554393 -0.154697 -0.817751 0.831757 -0.068983 -0.550838
0.244310 -7.326073 -14.434426 51.096504 0.051322 0.995258 -0.082633 -0.425898 -0.053029 -0.903216 0.903315 -0.081548 -0.421156
-0.047064 -7.865039 57.030040 38.082993 0.022928 0.999229 -0.031876 -0.430534 -0.018908 -0.902376 0.902283 -0.034414 -0.429769
-0.156762 -8.734853 13.989024 72.870096 0.070606 0.997385 0.015427 -0.297542 0.035820 -0.954037 0.952094 -0.062770 -0.299293
0.026796 -9.751635 14.226918 83.493900 0.082055 0.995157 0.054133 -0.254825 0.073460 -0.964193 0.963500 -0.065323 -0.259618
0.719206 -17.429808 -42.727523 189.776247 0.227205 0.973244 -0.034252 -0.682697 0.184261 0.707087 -0.694480 0.137270 -0.706296
0.462354 -17.162419 28.040856 162.148539 0.234360 0.971823 -0.025223 -0.721520 0.191270 0.665450 -0.651524 0.137756 -0.746016
0.717888 -18.801155 -48.870442 155.411567 0.252033 0.966349 -0.051469 -0.798895 0.237785 0.552472 -0.546120 0.098123 -0.831941
1.502955 -53.691739 31.623461 74.409288 0.836464 -0.136673 0.530705 0.217996 -0.805505 -0.551035 -0.502797 -0.576613 0.643982
0.549936 -46.906399 103.965196 -320.961142 0.862173 -0.078167 0.500548 0.228646 -0.821639 -0.522141 -0.452084 -0.564624 0.690522
2.343018 -82.074626 114.420506 4640.682314 0.877698 -0.118407 0.464356 0.366353 -0.458861 -0.809464 -0.308921 -0.880583 0.359363
3.397892 -221.741463 -198.362845 12322.565182 0.863300 -0.109286 0.492717 0.428235 -0.358005 -0.829727 -0.267073 -0.927302 0.262265
1.033853 -2.907806 8.529079 71.767126 0.084237 0.937643 -0.337237 0.446657 -0.338066 -0.828377 0.890731 0.080849 0.447283
1.642956 -2.607120 -9.281467 59.706852 0.181568 0.875983 -0.446864 0.410781 -0.480434 -0.774882 0.893472 0.042870 0.447068
1.240794 -2.637248 56.787507 6.511779 0.160419 0.864238 -0.476821 0.476822 -0.490825 -0.729200 0.864238 0.110381 0.490825
-2.310967 -5.754984 39.018265 26.792964 0.044541 0.993568 -0.104107 0.489876 0.069099 0.869050 -0.870654 0.089708 0.483647
-2.388022 -5.939930 -21.055247 30.445364 -0.048168 0.984790 -0.166941 0.481536 0.169325 0.859914 -0.875101 0.038968 0.482368
-1.961362 -5.513918 1.657997 15.053719 -0.007603 0.992368 -0.123074 0.546294 0.107210 0.830704 -0.837559 0.060918 0.542940
-2.216249 -6.077953 -30.362328 20.130076 -0.119324 0.969325 -0.214874 0.474794 0.245780 0.845082 -0.871970 0.001182 0.489557
-7.815575 -11.710110 111.951995 120.156306 -0.266508 0.954177 0.136088 -0.645463 -0.071830 -0.760407 0.715788 0.290494 -0.635029
-5.217636 -10.541549 -59.574694 87.069283 -0.422805 0.905995 -0.020229 -0.579684 -0.287547 -0.762419 0.696565 0.310628 -0.646767
-4.956409 -9.145592 -88.055685 108.481842 -0.560900 0.821251 -0.104580 -0.558581 -0.468650 -0.684364 0.611047 0.325444 -0.721601
6.640361 -6.894930 -24.479917 47.188269 -0.111840 0.989605 -0.090404 -0.901264 -0.062692 0.428712 -0.418588 -0.129425 -0.898907
7.407308 -7.497158 -34.318477 -7.893598 -0.191625 0.977436 -0.088877 -0.846892 -0.118903 0.518301 -0.496038 -0.174589 -0.850568
6.436503 -7.406946 -100.009054 -56.545581 -0.270934 0.949901 -0.155832 -0.835956 -0.151922 0.527349 -0.477255 -0.273146 -0.835236
-2.953407 -6.193437 -34.265585 -0.034390 0.233127 0.971613 0.040261 -0.947305 0.236258 -0.216320 0.219691 -0.012290 -0.975492
-3.843266 -6.774327 70.210282 -4.202638 0.175203 0.982038 0.070031 0.984517 -0.174355 -0.018093 -0.005558 0.072117 -0.997381
-3.698056 -6.872087 -80.781527 -14.939434 0.132140 0.991216 -0.005396 -0.991032 0.132221 0.019334 -0.019878 -0.002793 -0.999799
-3.250618 -7.106036 -100.090225 -39.387335 0.092695 0.995427 -0.023079 -0.991541 0.094399 0.089078 -0.090849 -0.014627 -0.995757
-0.739060 -6.533288 -22.541351 -86.659918 -0.112063 0.988022 -0.106082 -0.906896 -0.145326 -0.395499 0.406178 -0.051884 -0.912320
-0.774896 -6.002507 3.060947 3.614313 -0.143858 0.983509 -0.109614 -0.954007 -0.167269 -0.248779 0.263011 -0.068784 -0.962338
-0.258975 -10.892911 -40.533981 -27.665285 0.161196 0.975841 -0.147476 -0.662876 -0.003654 -0.748720 0.731171 -0.218449 -0.646273
-0.058173 -11.366331 -25.495761 62.508104 0.140152 0.978109 -0.153818 -0.737277 -0.000601 -0.675591 0.660894 -0.208092 -0.721053
-0.375156 -11.609212 -9.318640 169.955260 0.139776 0.979599 -0.144389 -0.798065 0.025134 -0.602047 0.586136 -0.199384 -0.785297
0.019628 -11.354511 -33.497937 -101.875172 0.144961 0.980779 -0.130608 -0.532986 -0.033810 -0.845448 0.833614 -0.192169 -0.517840
-0.436403 -10.775306 -5.013622 -57.117682 0.140987 0.982293 -0.123383 -0.663040 0.001138 -0.748583 0.735188 -0.187349 -0.651459
-0.493394 -11.822218 -8.728721 -213.725870 0.126495 0.982275 -0.138327 -0.532938 -0.050317 -0.844657 0.836646 -0.180565 -0.517126
4.363947 -11.356432 -45.886322 -145.488146 0.016200 0.999766 -0.014362 -0.783501 0.021617 0.621014 -0.621179 -0.001193 -0.783668
-0.902240 -10.094342 -39.673569 -97.957306 0.439726 0.888208 -0.133145 -0.846790 0.360603 -0.391039 0.299311 -0.284696 -0.910693
-1.115293 -10.760055 -34.890383 104.512552 0.432450 0.892287 -0.129655 0.890236 -0.399720 0.218410 0.143059 -0.209875 -0.967206
-1.204163 -10.526978 -28.654284 -61.383786 0.451861 0.887405 -0.091292 -0.851456 0.398483 -0.340933 0.266167 -0.231785 -0.935645
-0.989199 -11.503541 -37.534572 73.991126 0.455705 0.884682 -0.098339 -0.808084 0.364840 -0.462484 0.373274 -0.290222 -0.881157
-1.392506 -11.425546 -18.719185 73.374525 0.456140 0.886587 -0.076804 -0.805564 0.374693 -0.458990 0.378156 -0.271235 -0.885116
-1.718749 -10.750585 -33.899417 79.522846 0.456961 0.885519 -0.083921 0.874959 -0.430510 0.221604 0.160106 -0.174692 -0.971519
-1.557734 -9.968038 -13.389197 -86.771107 0.460150 0.884779 -0.073684 -0.827129 0.397042 -0.397763 0.322676 -0.243977 -0.914525
1.253878 -15.963810 124.572711 94.811311 0.524259 0.839603 -0.142198 0.843199 -0.535164 -0.051131 0.119029 0.093095 0.988517
0.515847 -16.217691 -71.249722 -36.908831 -0.515883 -0.847400 0.125613 0.856078 -0.504559 0.112030 -0.031555 0.165329 0.985734
-0.191597 -16.314958 3.591125 -42.436343 -0.488668 -0.866349 0.103167 0.869817 -0.474548 0.134993 -0.067994 0.155703 0.985461
1.058036 -1.849054 106.813499 120.608550 -0.038614 0.999251 0.002713 -0.191610 -0.004739 -0.981460 0.980711 0.038418 -0.191650
1.240944 -3.719394 116.081974 128.652918 -0.058114 0.996867 -0.053659 -0.140543 -0.061384 -0.988170 0.988368 0.049885 -0.143670
9.324958 -8.688222 378.484688 24.713859 -0.024411 0.795470 0.605501 0.549511 0.516651 -0.656590 0.835130 -0.316701 0.449732
7.612636 -8.283885 258.603198 17.903985 -0.022518 0.724293 0.689125 0.433814 0.628103 -0.645982 0.900721 -0.284406 0.328352
10.067771 -9.418725 246.339297 27.519972 0.066288 0.703545 0.707552 0.539587 0.571205 -0.618523 0.839316 -0.422787 0.341760
0.063588 -6.430099 -54.027247 -52.751227 -0.148329 -0.981836 -0.118305 0.988840 -0.148932 -0.003778 -0.013910 -0.117545 0.992970
-0.097914 -6.081679 -45.633805 -86.297904 -0.162029 -0.980930 -0.107347 0.982749 -0.170239 0.072275 -0.089172 -0.093784 0.991591
-0.653263 -6.395767 63.535522 -51.558264 0.072613 0.991297 0.109808 0.991405 -0.083754 0.100505 -0.108827 -0.101567 0.988858
0.232528 -6.516709 -23.455221 -55.949958 -0.201248 -0.973097 -0.112167 0.979146 -0.196593 -0.051235 0.027805 -0.120139 0.992368
-0.682626 -6.741388 -54.021899 -17.574535 -0.096211 -0.987593 -0.124108 0.995177 -0.093045 -0.031072 0.019139 -0.126499 0.991782
0.258624 -7.149273 -46.328615 -0.231553 -0.157634 -0.979312 -0.126883 0.980955 -0.140526 -0.134088 0.113484 -0.145603 0.982813
-2.725373 -11.734697 23.770909 0.054385 0.390272 0.916634 -0.086426 -0.060634 0.119254 0.991011 -0.918701 0.381523 -0.102120
-2.692399 -12.143111 29.781731 35.244907 0.395018 0.914787 -0.084410 -0.205139 0.177397 0.962522 -0.895477 0.362897 -0.257733
