19626
39234
-5.958836 -7.273972 52.066097 141.755477 0.027546 0.986549 -0.161131 -0.910490 -0.041774 -0.411416 0.412613 -0.158041 -0.897092
-5.630457 -9.021284 29.240438 104.916450 -0.102661 0.973756 -0.203125 -0.835999 -0.195122 -0.512867 0.539042 -0.117161 -0.834091
-7.177490 -10.460261 1.648283 287.346231 0.504066 0.848957 0.158714 -0.696553 0.508257 -0.506447 0.510619 -0.144730 -0.847538
-4.800947 -7.849285 8.758880 99.143957 -0.321435 0.902932 -0.285296 -0.823004 -0.415399 -0.387439 0.468342 -0.110263 -0.876640
-4.052544 -11.103474 -174.109945 418.670944 0.610651 0.789944 0.055613 -0.698092 0.570140 -0.433136 0.373861 -0.225672 -0.899611
-4.877930 -6.446084 -94.098892 183.459587 0.458174 0.888641 -0.019828 -0.825984 0.417415 -0.378834 0.328371 -0.189949 -0.925252
-3.888863 -6.036335 8.086103 85.564427 -0.463862 0.827484 -0.316390 -0.816287 -0.537999 -0.210315 0.344249 -0.160708 -0.925022
-4.731113 -7.352758 26.832402 72.632998 -0.506724 0.808015 -0.300569 -0.753708 -0.584464 -0.300542 0.418514 -0.074250 -0.905170
5.096155 -7.328230 6.340797 31.444364 0.289019 0.930930 -0.223241 -0.769475 0.364636 0.524356 -0.569541 -0.020230 -0.821714
5.774493 -7.478381 0.577269 69.577782 0.223665 0.955233 -0.193660 -0.719804 0.295853 0.627976 -0.657158 0.001059 -0.753752
5.178455 -5.987463 3.200591 -10.122639 0.217932 0.946228 -0.239079 -0.778891 0.316234 0.541594 -0.588076 -0.068186 -0.805926
5.557959 -5.478964 56.177107 -4.145085 0.364587 0.885228 -0.288873 -0.794097 0.457593 0.400024 -0.486299 -0.083549 -0.869789
32.455398 -88.944656 -2219.103587 -8761.642707 0.485277 0.817129 -0.311138 0.702117 -0.152100 0.695628 0.521093 -0.556027 -0.647530
18.333923 -75.166059 -231.811053 5426.033468 0.169816 0.983842 -0.056726 -0.670152 0.073085 -0.738617 0.722536 -0.163444 -0.671735
15.392088 -32.495007 395.191777 3294.077752 0.051935 0.975947 -0.211734 -0.745862 -0.103080 -0.658076 0.664073 -0.192101 -0.722568
-12.492765 -34.190562 818.978665 -699.715757 0.478316 0.869195 0.125355 0.869799 -0.449214 -0.204097 -0.121089 0.206657 -0.970892
-15.007080 -105.221093 653.709009 8378.620773 0.655433 0.751980 -0.070241 -0.582954 0.562844 0.585979 -0.480179 0.343123 -0.807276
-12.158252 -101.156254 381.709881 8624.347714 0.683992 0.714995 -0.144696 -0.428611 0.554399 0.713397 -0.590294 0.425939 -0.685659
11.468995 -680.831473 -1650.943296 52816.506062 -0.001937 0.971075 -0.238769 0.992437 0.031173 0.118731 0.122740 -0.236733 -0.963791
2.365021 -12.363497 82.662785 210.404017 0.716329 0.463534 0.521545 -0.556171 -0.072067 0.827938 -0.421363 0.883144 -0.206180
3.028770 -14.570043 100.663628 102.492521 0.706902 0.445862 0.549087 -0.653099 0.113391 0.748735 -0.271571 0.887890 -0.371348
0.780260 -12.516037 78.644986 216.068592 0.688907 0.426373 0.586185 -0.615735 -0.082475 0.783625 -0.382462 0.900780 -0.205716
0.525172 -10.056990 47.678466 230.095157 0.702447 0.451237 0.550413 -0.509144 -0.221797 0.831612 -0.497334 0.864402 -0.073944
-0.452351 -9.418429 63.429275 217.423049 0.684590 0.431480 0.587505 -0.539327 -0.242378 0.806461 -0.490370 0.868952 -0.066779
0.224865 -13.729600 72.602634 -188.780846 0.652244 0.422676 0.629224 0.692430 0.005510 -0.721464 -0.308413 0.906264 -0.289079
-0.789619 -11.787850 67.583307 220.584198 0.646889 0.426285 0.632310 -0.641849 -0.143376 0.753308 -0.411781 0.893154 -0.180862
-1.470460 -11.937729 3.884652 -152.234544 -0.143395 0.983629 0.109146 -0.477531 0.027829 -0.878174 0.866835 0.178046 -0.465722
-0.939178 -11.670160 5.111137 -195.908261 -0.133931 0.987187 0.086737 -0.479113 0.012114 -0.877669 0.867475 0.159104 -0.471352
-1.173828 -10.734446 -3.724674 -20.120720 -0.134409 0.985464 0.103898 -0.623768 -0.002672 -0.781605 0.769966 0.169863 -0.615060
-1.465241 -10.538909 -31.591597 27.660708 -0.142286 0.984791 0.099707 -0.651651 -0.017376 -0.758320 0.745054 0.172873 -0.644212
-1.196101 -11.151059 -6.425091 227.030110 -0.158016 0.985306 0.064833 -0.785354 -0.085608 -0.613099 0.598540 0.147796 -0.787341
0.334410 -7.965546 -30.754949 -124.732660 -0.254724 0.965302 -0.057515 -0.876103 -0.205192 0.436280 -0.409340 -0.161521 -0.897971
0.053198 -8.829332 -33.978372 -24.219275 -0.302098 0.952869 -0.027888 -0.751791 -0.220157 0.621563 -0.586129 -0.208739 -0.782867
-0.085286 -7.847165 -28.963590 -114.604989 -0.253343 0.965306 -0.063258 -0.855028 -0.192854 0.481388 -0.452488 -0.176043 -0.874222
0.083498 -7.034193 -20.756347 -122.457978 -0.215558 0.972888 -0.083810 -0.901091 -0.165109 0.400967 -0.376258 -0.161952 -0.912251
-7.960993 -24.939151 -140.906891 387.939274 0.298564 0.954339 0.009843 -0.474732 0.157450 -0.865932 0.827943 -0.253864 -0.500064
-6.848698 -23.422834 -72.526709 -33.799486 0.326984 0.944456 0.032940 -0.181030 0.096810 -0.978701 0.927529 -0.314056 -0.202630
-6.029033 -24.784485 -1.346712 225.486000 0.318830 0.946685 0.046200 -0.439594 0.190882 -0.877679 0.839705 -0.259521 -0.477016
-5.984152 -21.033293 -33.886710 127.613217 0.287534 0.956753 0.044130 -0.606981 0.217671 -0.764326 0.740877 -0.192983 -0.643319
-4.177327 -21.442839 -66.966350 284.801041 0.404027 0.913913 0.039042 -0.615651 0.303242 -0.727337 0.676562 -0.269827 -0.685169
-4.694633 -24.795206 -85.089334 158.260552 0.425156 0.904862 0.021625 -0.383721 0.201830 -0.901123 0.819757 -0.374820 -0.433023
0.127954 -18.835727 -48.307725 -144.700205 0.312046 0.948653 -0.051822 -0.211063 0.016037 -0.977341 0.926326 -0.315913 -0.205230
0.200260 -16.220145 9.814333 -343.814037 0.291861 0.954916 -0.054336 0.087263 -0.083158 -0.992708 0.952472 -0.284992 0.107600
-0.019194 -18.761040 13.422461 -150.690588 0.281080 0.958208 -0.053208 -0.199024 0.003964 -0.979987 0.938820 -0.286044 -0.191821
-0.534260 -4.656745 46.163455 -90.716236 0.667526 0.363106 0.650049 0.180349 0.768190 -0.614295 -0.722415 0.527293 0.447301
-0.252658 -3.600205 69.953474 -55.927534 0.659273 0.304399 0.687532 0.188467 0.818299 -0.543016 -0.727900 0.487573 0.482113
0.492939 -3.628814 73.666542 -61.424035 0.635271 0.232743 0.736384 0.256005 0.836132 -0.485123 -0.728624 0.496702 0.471587
-1.259423 -4.675705 51.895270 -86.297494 0.680887 0.453631 0.574988 0.095055 0.723711 -0.683526 -0.726194 0.520060 0.449645
0.801065 -4.183751 75.170490 -83.368396 0.623801 0.221593 0.749513 0.301020 0.816874 -0.492040 -0.721290 0.532553 0.442863
-0.554728 -5.448126 39.363264 -92.307661 0.674386 0.379726 0.633255 0.211853 0.722063 -0.658592 -0.707334 0.578302 0.406503
-1.314258 -5.717370 36.362591 -75.249346 0.679352 0.446414 0.582405 0.162785 0.682214 -0.712800 -0.715529 0.579049 0.390794
1.053469 -6.726750 148.372515 210.757266 -0.755216 0.591303 -0.282860 0.368671 0.739990 0.562580 0.541969 0.320587 -0.776849
3.009127 -8.246279 113.983599 233.808289 -0.757306 0.557161 -0.340675 0.342205 0.782863 0.519635 0.556222 0.276942 -0.783531
1.849811 -5.091515 132.662279 130.676202 -0.776469 0.525713 -0.347450 0.273199 0.777698 0.566170 0.567854 0.344690 -0.747483
2.188542 -10.119996 164.052127 305.710975 -0.740002 0.617383 -0.266899 0.449308 0.749035 0.486898 0.500519 0.240386 -0.831682
0.336790 -4.066504 130.643496 92.931351 -0.768710 0.564827 -0.300092 0.314173 0.742137 0.592054 0.557117 0.360838 -0.747942
-0.696133 -4.872764 106.963865 103.488297 -0.725984 0.646831 -0.233573 0.406894 0.677817 0.612374 0.554422 0.349534 -0.755276
-0.166486 -7.929804 131.020912 209.889933 -0.722898 0.649631 -0.235369 0.451718 0.702101 0.550458 0.522848 0.291605 -0.800998
0.259115 -8.085910 31.738883 -107.294460 -0.129173 0.984295 0.120324 0.530428 0.171108 -0.830282 0.837831 0.043427 0.544200
0.390894 -7.244873 25.271225 -63.391551 -0.148713 0.976542 0.155728 0.587191 0.213913 -0.780672 0.795671 0.024654 0.605228
0.310116 -8.434622 44.245573 -136.466496 -0.137802 0.985530 0.098701 0.550431 0.159047 -0.819591 0.823430 0.058613 0.564383
0.337545 -7.751584 14.403729 -82.084052 -0.127547 0.984465 0.120667 0.602609 0.173549 -0.778937 0.787778 0.026636 0.615383
-0.213849 -9.474437 -23.900363 -151.943716 -0.073681 0.993934 0.081652 0.547738 0.108752 -0.829552 0.833399 0.016398 0.552428
-0.699787 -5.908261 -13.731973 -41.339440 -0.149734 0.987739 0.044181 -0.158702 -0.068115 0.984974 -0.975907 -0.140472 -0.166955
-0.948340 -5.541164 -38.787246 1.430012 -0.137637 0.990201 -0.023640 -0.219024 -0.007150 0.975693 -0.965963 -0.139469 -0.217862
-0.607876 -5.915157 3.757064 6.168162 -0.138068 0.990386 -0.008539 -0.227226 -0.023283 0.973564 -0.964005 -0.136358 -0.228256
-0.515668 -6.270135 13.702399 -57.058524 -0.153492 0.985720 0.069255 -0.074183 -0.081383 0.993918 -0.985361 -0.147421 -0.085615
-0.785743 -6.218468 -27.530243 -64.861373 -0.153409 0.986661 0.054460 -0.076735 -0.066841 0.994808 -0.985179 -0.148434 -0.085966
-0.550594 -6.136265 25.250366 -27.193383 -0.150099 0.987663 0.044634 -0.151930 -0.067652 0.986073 -0.976928 -0.141228 -0.160210
0.177630 -18.433761 14.308332 -418.901304 0.331260 0.939278 -0.089576 0.033576 -0.106611 -0.993734 0.942942 -0.326177 0.066854
0.144805 -14.360932 -4.916024 -320.225821 0.334721 0.940232 -0.062658 0.241047 -0.149715 -0.958896 0.910965 -0.305859 0.276753
0.366108 -18.002118 -48.056468 -376.087270 0.343034 0.934637 -0.093704 0.056712 -0.120183 -0.991131 0.937609 -0.334678 0.094232
-0.000277 -21.967411 -106.753188 -387.801628 0.372163 0.920739 -0.117196 -0.148948 -0.065385 -0.986681 0.916138 -0.384663 -0.112808
0.075403 -21.378155 11.848935 -381.288791 0.324743 0.939680 -0.107445 -0.151881 -0.060316 -0.986557 0.933528 -0.336696 -0.123132
0.715451 -17.917652 8.669396 37.654997 -0.020742 0.988719 0.148339 -0.941595 -0.069198 0.329560 -0.336107 0.132839 -0.932408
0.247538 -18.336454 4.289135 101.152301 0.020242 0.988951 0.146855 0.996700 -0.008412 -0.080733 -0.078605 0.148004 -0.985858
0.666550 -19.085770 -31.866666 35.291834 0.026504 0.991060 0.130756 -0.974581 -0.003491 0.224007 -0.222461 0.133370 -0.965776
1.200858 -18.901954 -42.315519 272.929204 -0.019988 0.991845 0.125870 -0.894853 -0.073897 0.440202 -0.445914 0.103836 -0.889032
1.038598 -16.619640 -25.545727 214.400097 -0.046022 0.989167 0.139397 -0.830123 -0.115495 0.545487 -0.555677 0.090612 -0.826445
0.881888 -22.275265 -25.879434 243.272427 -0.197896 0.852569 0.483698 0.495015 0.512835 -0.701399 0.846048 -0.100634 0.523522
0.728294 -24.750840 -50.293514 297.144814 -0.203836 0.836697 0.508320 0.657388 0.501729 -0.562235 0.725460 -0.219560 0.652305
1.040171 -24.231928 -48.846571 94.753135 -0.197356 0.851177 0.486362 0.467715 0.517768 -0.716351 0.861565 -0.086103 0.500293
-0.929352 -23.869692 126.623798 -96.794848 0.017756 0.994262 0.105489 0.364493 -0.104682 0.925303 -0.931037 -0.022020 0.364261
0.051026 -22.429450 34.699699 -270.293877 -0.005835 0.994193 0.107453 0.150037 -0.105368 0.983050 -0.988663 -0.021858 0.148551
-1.252827 -22.713052 73.015187 -442.866634 -0.007050 0.992219 0.124307 0.083077 -0.123299 0.988886 -0.996518 -0.017299 0.081562
-3.083185 -23.720025 142.812299 -64.984966 0.004491 0.989273 0.146007 0.374937 -0.137023 0.916868 -0.927039 -0.050626 0.371531
-2.171471 -23.701805 157.763525 141.422123 0.020049 0.994334 0.104395 0.579110 -0.096666 0.809498 -0.815003 -0.044226 0.577767
-0.463655 -23.454628 119.977529 153.330057 0.019008 0.996556 0.080718 0.637386 -0.074279 0.766956 -0.770310 -0.036870 0.636602
-3.177140 -12.694641 -41.915729 197.127296 0.152398 0.987101 -0.049049 -0.864958 0.157221 0.476581 -0.478145 0.030205 -0.877761
-2.938778 -11.194080 -58.688163 158.243309 0.125187 0.990068 -0.063989 -0.804691 0.139051 0.577180 -0.580345 0.020764 -0.814106
-3.725459 -11.934640 -33.664526 166.272139 0.168590 0.985624 -0.011055 -0.818756 0.146275 0.555196 -0.548831 0.084549 -0.831646
-3.068599 -10.340359 -48.582136 106.110673 0.115289 0.992606 -0.037983 -0.742459 0.111511 0.660545 -0.659896 0.047953 -0.749825
-3.637159 -14.164208 -30.725618 129.323931 0.186586 0.982327 -0.014833 -0.924984 0.180742 0.334272 -0.331045 0.048650 -0.942360
-4.127979 -13.626575 -45.881787 108.996967 0.198505 0.979847 0.022283 -0.921287 0.178788 0.345347 -0.334403 0.089082 -0.938211
-4.292230 -10.740041 -36.100061 101.026924 0.209184 0.977839 0.008528 -0.740895 0.152792 0.654010 -0.638213 0.143127 -0.756438
-4.387100 -12.247644 -55.306417 149.232870 0.188380 0.981765 0.025499 -0.836618 0.146823 0.527743 -0.514376 0.120749 -0.849021
-3.774657 -10.295646 -41.401648 99.287097 0.160873 0.986698 -0.023379 -0.723599 0.134020 0.677085 -0.671211 0.092008 -0.735534
-0.091990 -16.295547 15.291325 209.364583 -0.279012 0.951854 0.126987 -0.871600 -0.306525 0.382565 -0.403071 0.003941 -0.915160
0.211976 -16.919954 34.496260 -89.202833 -0.161933 0.984776 0.063197 -0.817493 -0.169744 0.550356 -0.552705 -0.037458 -0.832535
0.142314 -19.366184 13.336507 77.660903 -0.225077 0.968934 0.102504 -0.843890 -0.246446 0.476564 -0.487021 -0.020761 -0.873143
-0.194186 -18.809735 -8.687945 183.390233 -0.324207 0.934280 0.148359 -0.900873 -0.352779 0.252934 -0.288649 0.051650 -0.956041
-0.686551 -21.964057 -45.390089 140.019483 -0.296023 0.946282 0.130078 -0.879102 -0.323167 0.350347 -0.373564 0.010641 -0.927543
0.475061 -27.021620 -13.414360 -543.721024 -0.197610 0.977474 0.074122 -0.793450 -0.203893 0.573468 -0.575663 -0.054510 -0.815868
-166.408083 -589.207575 -8752.547317 152849.219357 0.609479 -0.332674 -0.719627 0.501537 0.864775 0.024996 0.614000 -0.376154 0.693910
-89.447367 -308.688466 5240.409175 -7307.560044 0.485235 -0.518084 -0.704369 0.872548 0.234736 0.428437 -0.056626 -0.822489 0.565956
-106.393156 -370.933398 -4588.225832 25755.808877 0.800986 0.222941 -0.555624 -0.532259 -0.159700 -0.831382 0.274082 -0.961662 0.009255
5.380409 -4.813641 76.585230 19.902357 0.275992 0.934852 -0.223337 -0.924678 0.321660 0.203731 -0.262297 -0.150286 -0.953213
2.906540 -4.808325 29.817952 -9.643205 0.354209 0.913612 -0.199625 -0.913351 0.383811 0.135941 -0.200815 -0.134176 -0.970397
5.105419 -4.316030 145.510525 35.961603 0.447857 0.876471 -0.176697 -0.855452 0.477524 0.200431 -0.260049 -0.061392 -0.963642
4.042931 -3.668354 225.312893 42.714334 0.548232 0.826989 -0.124622 -0.800103 0.562011 0.209711 -0.243468 0.015260 -0.969789
5.773293 -1.548920 243.935258 129.972573 0.548958 0.814393 -0.188175 -0.774608 0.580263 0.251549 -0.314051 -0.007672 -0.949375
-1.071494 -24.375917 13.596664 -507.725012 -0.089120 0.995966 0.010423 0.468340 0.032667 0.882944 -0.879042 -0.083569 0.469362
-0.111062 -18.150694 10.549086 -329.152456 -0.068937 0.996482 0.047649 0.233671 -0.030306 0.971843 -0.969869 -0.078130 0.230760
-0.219630 -18.156925 37.784485 -308.366216 -0.040765 0.997057 0.064926 0.277057 -0.051152 0.959491 -0.959988 -0.057102 0.274157
0.481493 -12.761969 -1.431365 -7.342479 -0.070489 0.995543 0.062661 -0.060572 -0.066973 0.995914 -0.995672 -0.066405 -0.065023
0.322609 -13.735918 13.197681 -197.331226 -0.065460 0.996971 0.042008 0.053704 -0.038517 0.997814 -0.996409 -0.067573 0.051020
0.334309 -12.830771 11.910755 -3.189855 -0.068146 0.995367 0.067826 -0.073942 -0.072836 0.994599 -0.994931 -0.062763 -0.078563
0.445860 -12.693419 -11.004868 86.126489 -0.079501 0.994147 0.073152 -0.187675 -0.086999 0.978371 -0.979009 -0.064052 -0.193493
13.186198 -8.787241 -348.050694 -126.209091 0.332071 0.943167 -0.012836 -0.330229 0.103499 -0.938209 0.883560 -0.315791 -0.345830
12.165853 -6.552581 140.845353 -150.203208 0.079639 0.993419 0.082313 -0.320121 0.103689 -0.941685 0.944023 -0.048645 -0.326272
13.712186 -8.397357 -286.965014 -258.253235 0.296472 0.948467 0.111866 -0.363443 0.220365 -0.905178 0.883184 -0.227703 -0.410046
-0.177520 -7.011253 27.056543 -57.742273 -0.224395 0.973720 -0.038945 -0.831385 -0.170439 0.528914 -0.508376 -0.151064 -0.847782
-0.060872 -6.546151 14.568269 -24.692009 -0.191897 0.978961 -0.069359 -0.869433 -0.136793 0.474736 -0.455260 -0.151404 -0.877391
-0.139292 -6.785697 22.295403 -51.619448 -0.202592 0.977381 -0.060684 -0.873147 -0.152235 0.463075 -0.443363 -0.146802 -0.884239
-0.108250 -7.098060 17.489033 -99.441293 -0.233050 0.971578 -0.041507 -0.844717 -0.181105 0.503641 -0.481809 -0.152435 -0.862916
-322.978797 -1744.684544 427.569680 114403.135279 -0.314256 0.673773 -0.668785 0.002513 0.705063 0.709140 0.949335 0.221171 -0.223263
1.738656 -184.816246 1921.539066 -9001.499567 0.809196 0.165957 0.563613 0.505827 0.291236 -0.811986 0.298899 -0.942146 -0.151721
187.406209 -2103.690163 10399.162875 -198806.681850 0.834552 0.403509 -0.375105 -0.336115 -0.166559 -0.926976 0.436520 -0.899688 0.003377
-17.019063 -52.329719 -692.043743 -1961.623868 0.902675 -0.043656 0.428102 0.386081 0.521530 -0.760887 0.190051 -0.852116 -0.487627
2.082072 -25.268364 -23.986426 -1029.857494 0.826838 -0.522108 -0.209145 0.379676 0.243792 0.892419 0.414951 0.817293 -0.399809
2.376180 -29.386953 13.717870 -1284.072655 0.770034 -0.595701 -0.228447 0.441945 0.239791 0.864398 0.460144 0.766577 -0.447915
2.746741 -33.885856 32.802184 -956.390993 0.789820 -0.579497 -0.200916 0.225153 -0.030767 0.973838 0.570518 0.814393 -0.106175
1.798573 -60.079366 59.849200 3103.997870 0.334753 0.940831 -0.052708 0.933100 -0.323164 0.157764 -0.131396 0.101994 0.986069
1.041146 -19.740101 19.151005 1077.451776 0.308408 0.950443 -0.039271 0.940802 -0.298656 0.160300 -0.140627 0.086384 0.986287
4.899073 -176.860784 144.818298 10688.157212 0.278068 0.957552 -0.075979 0.944513 -0.258167 0.203090 -0.174853 0.128236 0.976208
0.220763 -8.377304 -2.121063 159.502167 0.274465 0.960218 -0.051484 0.946547 -0.260346 0.190446 -0.169467 0.101003 0.980347
13.502730 -2.166906 -750.188705 89.035560 0.394025 0.842518 0.367299 0.376958 0.216331 -0.900613 0.838241 -0.493320 0.232353
12.167352 -12.310840 -1093.558852 -1009.130674 0.528642 0.804008 0.272228 0.500656 -0.036346 -0.864883 0.685478 -0.593506 0.421746
10.461497 -4.585604 -1835.016154 -3.918518 0.652814 0.660710 0.370534 0.410237 0.102851 -0.906161 0.636820 -0.743561 0.203905
-0.531667 -13.264281 -1475.708074 -461.260990 0.668903 0.715007 0.203307 0.357089 -0.069197 -0.931504 0.651964 -0.695684 0.301607
-4.485272 -8.790304 -25.268239 36.699554 0.901030 -0.427029 -0.076104 0.021163 -0.131966 0.991028 0.433241 0.894557 0.109868
-5.684812 -8.568760 100.796247 22.097135 0.908298 -0.411485 -0.075332 -0.003529 -0.187610 0.982237 0.418309 0.891899 0.171858
-4.548026 -8.490672 -23.282199 14.342206 0.901129 -0.419108 -0.110972 -0.006414 -0.268822 0.963169 0.433504 0.867227 0.244932
2.699840 -13.179183 196.151092 191.546945 -0.291166 0.735261 0.612057 0.269073 0.676890 -0.685142 0.918053 0.034802 0.394926
3.157466 -14.118494 298.335206 53.077740 -0.289601 0.768114 0.571080 0.440036 0.636702 -0.633229 0.850000 -0.067912 0.522387
0.260179 -13.527094 62.074312 52.560040 -0.223573 0.819214 0.528114 0.413065 0.570402 -0.709943 0.882832 -0.059421 0.465915
-0.183936 -11.902604 33.542106 147.135033 -0.237044 0.795460 0.557723 0.262059 0.605159 -0.751736 0.935487 0.032038 0.351906
0.625165 -10.890692 109.718091 235.182504 -0.279663 0.742712 0.608414 0.119046 0.655634 -0.745635 0.952689 0.136098 0.271774
3.361435 -12.701399 -236.992544 252.511419 0.310874 -0.686222 -0.657615 0.154854 0.719221 -0.677304 0.937751 0.108722 0.329851
31.484662 6.441675 1711.606584 407.034767 0.919104 -0.189028 0.345713 0.042899 -0.824184 -0.564695 -0.391674 -0.533844 0.749401
43.666747 6.356893 -2928.302465 -620.800915 0.264403 0.127237 0.955982 -0.545211 0.837375 0.039342 -0.795510 -0.531615 0.290775
13.102169 1.852121 -118.011154 -584.125082 0.729629 0.047498 0.682192 -0.376951 0.860277 0.343265 -0.570570 -0.507609 0.645588
20.375748 -1.509554 1291.431652 289.900055 0.832878 0.455199 0.314813 0.511123 -0.850799 -0.122043 -0.212288 -0.262555 0.941275
-0.535849 -6.377588 15.938867 -113.585147 -0.067456 0.990653 0.118560 0.946424 0.101147 -0.306677 0.315803 -0.091521 0.944401
-0.443831 -6.516228 15.649680 -95.542608 -0.066657 0.990127 0.123307 0.949071 0.101056 -0.298415 0.307930 -0.097135 0.946437
-0.488642 -5.763537 -19.320302 7.463746 -0.072804 0.986936 0.143722 0.892523 0.128782 -0.432225 0.445087 -0.096808 0.890239
-0.539530 -5.687841 -19.767440 0.253353 -0.061396 0.989196 0.133127 0.887832 0.115067 -0.445550 0.456055 -0.090839 0.885304
-0.424550 -6.008222 -59.488609 96.178575 -0.051482 0.987427 0.149460 0.819458 0.127310 -0.558821 0.570822 -0.093707 0.815709
-0.464362 -6.250225 -50.769364 114.022409 -0.042761 0.988427 0.145543 0.823988 0.117272 -0.554339 0.564992 -0.096222 0.819467
0.287885 -6.135758 -38.762601 -24.208791 -0.007938 0.971651 -0.236287 -0.884590 -0.117011 -0.451452 0.466302 -0.205433 -0.860441
0.523858 -5.491936 -47.977423 -47.476300 -0.033330 0.968118 -0.248266 -0.829928 -0.165216 -0.532844 0.556873 -0.188284 -0.808975
0.558903 -5.541749 -14.778556 -31.162439 -0.044916 0.972267 -0.229521 -0.842572 -0.160304 -0.514174 0.536708 -0.170294 -0.826405
0.550214 -5.234540 -24.283476 -38.597896 -0.023680 0.974094 -0.224900 -0.766018 -0.162232 -0.622010 0.642382 -0.157549 -0.750016
0.527740 -6.113871 -20.420391 -6.836481 -0.036720 0.973280 -0.226666 -0.903119 -0.129423 -0.409422 0.427818 -0.189673 -0.883740
0.791514 -5.785026 7.659524 -10.792945 -0.061443 0.974456 -0.216010 -0.854923 -0.163070 -0.492457 0.515102 -0.154414 -0.843105
0.615104 -5.613346 2.499086 -31.409131 -0.031961 0.979008 -0.201299 -0.790663 -0.147969 -0.594102 0.611416 -0.140171 -0.778795
0.794124 -9.830702 19.264006 -11.304460 0.225644 0.970594 0.083861 0.836194 -0.148790 -0.527864 0.499864 -0.189234 0.845179
0.908756 -9.968795 -8.096819 -156.134258 0.246975 0.965376 0.083977 0.891710 -0.192496 -0.409633 0.379284 -0.176052 0.908377
0.877056 -9.194840 0.801485 77.820444 0.223499 0.969921 0.096447 0.814450 -0.131477 -0.565141 0.535462 -0.204860 0.819337
0.753339 -9.057254 -6.604121 52.021993 0.261425 0.963369 0.059809 0.855734 -0.202660 -0.476076 0.446516 -0.175639 0.877368
1.046462 -10.626776 19.820173 87.346229 0.177262 0.976726 0.120767 0.749533 -0.054459 -0.659723 0.637792 -0.207462 0.741742
0.931539 -9.454383 3.821733 87.890130 0.153912 0.976555 0.150504 0.737508 -0.012172 -0.675228 0.657566 -0.214923 0.722091
0.549113 -7.997455 -26.259649 154.822116 0.228806 0.967632 0.106467 0.783366 -0.118091 -0.610240 0.577915 -0.223029 0.785030
-0.422928 -20.234756 -70.883541 147.645627 0.374628 0.925650 0.053166 -0.076091 0.087843 -0.993224 0.924048 -0.368044 -0.103343
-0.606507 -20.372473 38.302717 148.834749 0.295118 0.953066 0.067609 -0.080811 0.095405 -0.992153 0.952037 -0.287339 -0.105174
-0.395145 -20.106129 -0.402910 -40.145783 0.329422 0.941794 0.067115 0.124463 0.027147 -0.991853 0.935943 -0.335092 0.108276
-0.572480 -20.543183 -106.229251 -191.458573 0.400552 0.912875 0.078849 0.220241 -0.012391 -0.975367 0.889411 -0.408051 0.206015
-0.351599 -19.147816 11.890122 -397.898032 0.332866 0.940536 0.067765 0.372363 -0.065080 -0.925802 0.866340 -0.333402 0.371884
-0.328956 -18.487894 -79.384453 43.968001 -0.177152 -0.964705 -0.194838 0.977845 -0.194959 0.076219 -0.111515 -0.177019 0.977869
-0.072653 -18.580074 -1.773611 82.403221 -0.162793 -0.959414 -0.230267 0.977866 -0.187977 0.091885 -0.131441 -0.210212 0.968780
-0.060604 -19.636530 54.873005 163.993944 0.164889 0.965982 0.199223 0.925746 -0.221264 0.306655 -0.340304 -0.133866 0.930738
-0.118052 -19.127916 -73.815868 -113.547256 -0.177922 -0.964648 -0.194417 0.977749 -0.150986 -0.145638 0.111135 -0.216003 0.970047
0.307752 -18.468716 -10.171436 149.822812 0.168280 0.960303 0.222488 0.953621 -0.215742 0.209911 -0.249578 -0.176845 0.952070
-0.221652 -18.040229 -30.078892 -73.308653 -0.188594 -0.958085 -0.215653 0.975830 -0.158139 -0.150822 0.110397 -0.238885 0.964752
0.109092 -17.103633 22.879239 24.995091 -0.179898 -0.956184 -0.230972 0.981560 -0.189916 0.021705 -0.064619 -0.222808 0.972718
-1.657810 -11.453790 4.953566 -72.464333 0.289371 0.950593 -0.112412 0.831890 -0.307839 -0.461730 0.473522 -0.040096 0.879869
-1.035747 -11.598685 22.417448 -244.649742 0.300294 0.943602 -0.139425 0.792899 -0.328195 -0.513420 0.530222 -0.043627 0.846736
-1.416449 -11.403047 -1.637413 -75.215533 0.300237 0.943785 -0.138301 0.830031 -0.329940 -0.449653 0.470007 -0.020209 0.882432
-1.053752 -11.796693 35.897008 -251.778749 0.317992 0.932179 -0.172983 0.798450 -0.361689 -0.481309 0.511233 -0.014935 0.859313
-1.011366 -11.092560 43.739928 -78.577509 0.278141 0.946587 -0.163129 0.841725 -0.322013 -0.433366 0.462748 0.016773 0.886331
-4.101813 -5.410423 63.811220 30.909607 -0.347551 0.681702 -0.643810 0.130108 0.715032 0.686878 0.928590 0.154960 -0.337205
-2.514117 -4.910810 73.423293 -21.325118 -0.375650 0.787939 -0.487893 -0.165588 -0.575042 -0.801191 0.911849 0.220178 -0.346488
-4.043130 -5.212398 66.937167 -32.679862 -0.319538 0.733228 -0.600227 -0.082161 -0.652489 -0.753331 0.944005 0.191403 -0.268738
-4.808957 -5.635132 11.352226 49.722974 -0.293429 0.263056 -0.919076 -0.031303 0.958237 0.284259 0.955468 0.112179 -0.272940
-4.901048 -5.262703 -14.741054 36.169496 -0.334856 -0.024879 -0.941941 -0.074651 0.997210 0.000200 0.939308 0.070384 -0.335779
0.526093 -6.442005 -17.486860 56.671882 0.047308 0.991533 -0.120928 -0.118825 -0.114618 -0.986278 0.991788 -0.061028 -0.112396
0.645081 -6.627947 -13.968500 24.567752 0.060394 0.997280 -0.042253 -0.035774 -0.040141 -0.998553 0.997533 -0.061818 -0.033252
0.628086 -7.179896 30.573508 37.340692 0.030059 0.994855 -0.096743 -0.067956 -0.094529 -0.993200 0.997235 -0.036429 -0.064765
-0.080297 -5.693008 -42.722313 54.022860 0.065504 0.995061 -0.074589 -0.128683 -0.065702 -0.989507 0.989520 -0.074415 -0.123743
0.638121 -6.293513 -5.926738 71.533734 0.030019 0.983051 -0.180860 -0.165969 -0.173528 -0.970743 0.985674 -0.059158 -0.157947
0.268938 -18.635105 -15.872312 97.325826 -0.195416 0.980480 -0.021732 0.863337 0.182497 0.470473 -0.465255 -0.073176 0.882147
0.313431 -17.273061 -35.694410 180.886035 -0.182319 0.983163 0.012260 0.964580 0.176428 0.196107 -0.190642 -0.047580 0.980506
-0.011800 -17.061760 3.446028 112.143038 -0.176968 0.984103 -0.014936 0.897982 0.167655 0.406841 -0.402878 -0.058586 0.913377
-0.115162 -17.924010 0.099662 67.110683 -0.208419 0.977280 -0.038550 0.778164 0.189574 0.598768 -0.592472 -0.094796 0.799994
0.519555 -13.447746 -1.600800 91.176267 0.112165 0.992078 -0.056569 -0.668652 0.033241 -0.742832 0.735067 -0.121145 -0.667083
1.050489 -14.096068 27.119282 29.986162 0.115947 0.992826 -0.029211 -0.485649 0.031013 -0.873604 0.866430 -0.115478 -0.485761
0.769398 -14.519377 44.451447 69.424105 0.091459 0.995310 -0.031529 -0.534297 0.022329 -0.845002 0.840335 -0.094129 -0.533833
0.388749 -14.409387 27.540095 133.804579 0.071737 0.995513 -0.061709 -0.665272 0.001660 -0.746600 0.743147 -0.094612 -0.662405
1.842874 -6.635580 -38.036131 23.383999 -0.020907 0.985559 0.168036 0.966068 0.063193 -0.250440 0.257442 -0.157098 0.953438
2.549378 -6.569452 -56.174572 31.956947 0.009729 0.991054 0.133107 0.968333 0.023872 -0.248519 0.249474 -0.131309 0.959438
1.895894 -6.368862 -43.443433 23.014153 -0.013593 0.986695 0.162014 0.945110 0.065581 -0.320105 0.326471 -0.148770 0.933426
1.139668 -6.380321 3.518513 18.181953 -0.036881 0.984009 0.174259 0.938725 0.093911 -0.331626 0.342688 -0.151350 0.927177
1.339045 -6.676716 -6.444377 17.077305 -0.046022 0.980829 0.189358 0.969734 0.089368 -0.227219 0.239786 -0.173170 0.955257
1.867204 -6.801186 34.150551 3.339093 0.031607 -0.982980 -0.180971 0.989280 0.056594 -0.134622 0.142572 -0.174776 0.974231
0.388779 -26.780693 -37.424775 225.910504 -0.495024 0.854036 -0.159919 0.798509 0.374601 -0.471230 -0.342541 -0.360967 -0.867392
0.398285 -27.132004 -27.855598 202.176414 -0.502632 0.850381 -0.155607 0.786621 0.375219 -0.490345 -0.358593 -0.368867 -0.857525
0.159042 -29.563338 -40.717527 -274.414084 -0.504749 0.850837 -0.145961 -0.666184 -0.276376 0.692687 -0.549023 -0.446870 -0.706315
0.127067 -31.002114 9.540167 -258.899716 -0.506478 0.854438 -0.115824 -0.629649 -0.274725 0.726683 -0.589086 -0.440977 -0.677138
-4.946377 -11.032126 -32.354089 -91.254034 -0.098966 -0.937917 0.332441 0.987244 -0.134416 -0.085330 0.124718 0.319755 0.939256
-4.977403 -11.387672 -3.222448 -65.645187 -0.102438 -0.952112 0.288079 0.973714 -0.155204 -0.166712 0.203440 0.263429 0.942983
-4.940174 -12.062340 -30.397129 -81.191720 -0.064417 -0.925301 0.373722 0.960650 -0.158894 -0.227823 0.270187 0.344340 0.899127
-4.937172 -10.315795 2.817864 -84.199456 -0.142853 -0.959313 0.243538 0.987924 -0.153121 -0.023663 0.059991 0.237217 0.969603
-4.836215 -9.789072 -21.901776 -103.896432 -0.133533 -0.940072 0.313742 0.990947 -0.122219 0.055554 -0.013880 0.318320 0.947882
-0.073393 -25.504797 7.226533 73.330637 -0.393100 0.914108 -0.099388 -0.828882 -0.305496 0.468643 -0.398028 -0.266604 -0.877779
-0.322628 -24.516507 -71.772199 94.815177 -0.401196 0.907629 -0.123500 -0.701719 -0.217880 0.678321 -0.588755 -0.358802 -0.724312
-0.213108 -26.102680 -52.053962 -31.696979 -0.387784 0.914389 -0.116261 -0.848664 -0.304962 0.432167 -0.359713 -0.266254 -0.894268
9.934112 -78.450213 -260.101317 -1372.155176 -0.473868 0.832676 0.286531 -0.666896 -0.126854 -0.734274 0.575064 0.539035 -0.615420
8.512463 -69.679359 -313.942523 -2550.900466 -0.443605 0.865974 0.230874 0.831580 0.301655 0.466346 0.334199 0.398864 -0.853943
6.805806 -62.387468 -261.966560 633.070582 -0.435693 0.878155 0.197523 -0.619438 -0.133315 -0.773643 0.653046 0.459424 -0.602047
6.911368 -57.175181 -372.590285 -1724.763832 -0.377906 0.885471 0.270421 -0.416472 0.098281 -0.903821 0.826885 0.454182 -0.331633
6.463083 -60.224634 -47.239289 -2066.162187 -0.415007 0.825616 0.382266 -0.251436 0.299717 -0.920299 0.874385 0.478045 -0.083205
1.006867 -5.683899 -17.746497 15.492809 0.001243 0.989690 0.143224 0.841260 0.076396 -0.535205 0.540629 -0.121154 0.832492
1.093740 -5.815173 -23.306616 23.828552 -0.011820 0.986532 0.163139 0.873817 0.089506 -0.477947 0.486112 -0.136904 0.863106
1.537270 -5.941048 -55.348512 7.979394 0.026731 0.991498 0.127350 0.867882 0.040198 -0.495140 0.496050 -0.123761 0.859429
0.942143 -5.495138 -4.657825 6.202305 0.008223 0.992512 0.121872 0.809210 0.064996 -0.583914 0.587462 -0.103421 0.802616
1.379350 -3.910329 -92.957838 -60.531040 0.015241 0.995664 0.091766 0.396522 -0.090271 0.913576 -0.917898 -0.022463 0.396179
2.810550 -3.899567 -136.103091 -69.025852 0.039165 0.994003 0.102094 0.398841 -0.109232 0.910491 -0.916183 -0.005060 0.400728
1.374998 -4.626063 -90.810928 -66.143628 0.010035 0.997511 0.069795 0.445031 -0.066960 0.893008 -0.895459 -0.022100 0.444595
2.473514 -3.102251 -117.045386 -37.163296 0.043125 0.986780 0.156225 0.346757 -0.161434 0.923958 -0.936963 -0.014326 0.349135
-0.204129 -1.341990 21.389798 -9.702788 0.044157 0.782270 -0.621372 0.404295 0.554778 0.727163 -0.913562 0.283327 0.291771
-0.189592 -1.500854 29.930615 -6.439350 0.035737 0.774029 -0.632141 0.416070 0.563593 0.713617 -0.908630 0.288517 0.301909
0.072893 -1.459214 29.290206 -15.041143 0.158750 0.904375 -0.396112 0.401725 0.307321 0.862653 -0.901896 0.296074 0.314522
-0.168674 -1.106955 -5.327076 -8.605869 0.129798 0.901155 -0.413609 0.384167 0.338851 0.858834 -0.914094 0.270370 0.302212
-0.014080 -7.567364 -0.422576 36.759295 0.075859 0.979218 0.188088 0.963833 -0.120341 0.237790 -0.255483 -0.163247 0.952932
0.155877 -7.514318 10.171297 54.293469 0.047266 0.983872 0.172515 0.977119 -0.081396 0.196502 -0.207375 -0.159280 0.965208
0.299958 -6.591422 -20.994277 102.904409 -0.095201 -0.980356 -0.172739 0.989390 -0.112315 0.092152 -0.109743 -0.162133 0.980647
-92.788727 -396.734280 7454.095809 -10448.200842 -0.631200 -0.104121 -0.768600 0.254677 0.908183 -0.332180 0.732616 -0.405417 -0.546727
-210.189255 -363.395880 7708.576494 -23057.690565 -0.575183 -0.297945 -0.761835 0.750687 0.177772 -0.636291 0.325012 -0.937884 0.121412
57.701497 -76.881201 2292.945156 -7819.044521 0.596867 0.497975 -0.629104 0.793642 -0.251286 0.554065 0.117825 -0.829986 -0.545198
-318.608502 -1882.377384 -82236.813357 195714.363524 0.420837 0.906879 0.021589 -0.827118 0.393380 -0.401409 0.372522 -0.151071 -0.915645
-104.476236 -152.524227 -5320.878841 -3663.500747 0.799395 -0.552710 0.235541 0.082212 0.488985 0.868410 0.595155 0.674838 -0.436331
-421.898814 -660.510016 21929.823010 61212.078636 -0.102743 0.188760 -0.976634 -0.256831 0.943504 0.209376 0.960979 0.272342 -0.048459
-3.504275 -86.428028 137.292127 3023.608907 -0.957746 0.221581 0.183368 0.218352 0.975135 -0.037876 -0.187201 0.003764 -0.982314
-1.784119 -67.551100 -145.703318 1311.232111 0.934599 -0.322672 -0.149693 0.355406 0.864321 0.355858 -0.014557 0.385786 -0.922473
-5.864402 -84.847652 -97.692334 61.831138 0.947584 -0.293243 -0.126856 0.308807 0.942456 0.128117 -0.081987 0.160576 -0.983612
-0.512763 -16.800789 24.955699 13.737606 0.839069 -0.542421 -0.041739 0.533027 0.804336 0.262536 0.108833 0.242534 -0.964019
0.851585 -15.005535 96.689001 -225.717204 -0.694164 0.714468 0.087592 0.704573 0.649504 0.285869 0.147353 0.260155 -0.954257
2.148447 -19.584358 -68.957846 -362.279820 0.751405 -0.655505 -0.075520 0.624458 0.669463 0.402333 0.213174 0.349475 -0.912373
0.496346 -4.623886 -6.201551 25.579186 0.059870 0.993956 0.092017 0.687504 0.025774 -0.725723 0.723708 -0.106712 0.681806
0.568422 -4.888036 4.654796 33.167057 0.056774 0.995952 0.069694 0.685384 0.011879 -0.728085 0.725966 -0.089104 0.681934
0.477763 -4.203582 -5.810122 33.521491 0.089346 0.994592 0.052945 0.624541 -0.014537 -0.780857 0.775865 -0.102833 0.622462
-7.940038 -10.812400 112.924839 108.154255 0.199572 0.979775 0.014569 -0.748936 0.162106 -0.642508 0.631874 -0.117315 -0.766141
-6.004250 -10.185596 -11.807042 95.516532 -0.063878 0.991146 -0.116405 -0.760686 -0.123860 -0.637193 0.645969 -0.047845 -0.761863
-4.884461 -8.518059 -48.054291 88.203968 -0.264696 0.939384 -0.217932 -0.806912 -0.339504 -0.483354 0.528043 -0.047910 -0.847865
4.867579 -8.803991 -36.017045 91.809426 0.355443 0.913556 -0.197675 -0.742079 0.404398 0.534584 -0.568312 0.043323 -0.821672
6.527835 -7.257450 -0.574138 21.363819 0.194663 0.966915 -0.164869 -0.644116 0.252777 0.721955 -0.739744 0.034344 -0.672012
6.089421 -7.112562 -45.024638 18.054405 0.107412 0.969059 -0.222233 -0.673255 0.235372 0.700947 -0.731567 -0.074329 -0.677706
5.977068 -7.553921 -7.846306 93.696197 0.308068 0.939341 -0.150772 -0.672581 0.327126 0.663795 -0.672852 0.103088 -0.732560
4.601472 -5.532371 5.321208 23.489985 0.136001 0.978298 -0.156326 -0.875855 0.044983 -0.480473 0.463014 -0.202263 -0.862964
3.240328 -6.093594 -219.278382 46.846948 0.216139 0.942284 -0.255705 -0.873230 0.069409 -0.482339 0.436752 -0.327542 -0.837833
4.828360 -6.011403 -127.104822 31.309804 0.149324 0.965454 -0.213542 -0.846383 0.013147 -0.532412 0.511212 -0.260241 -0.819108
3.093335 -5.501191 -137.378790 23.594939 0.231382 0.952234 -0.199279 -0.899609 0.131443 -0.416444 0.370359 -0.275631 -0.887052
5.737034 -15.514426 117.468527 -29.112537 0.715866 0.492336 0.495117 -0.671864 0.292653 0.680406 -0.190091 0.819731 -0.540284
4.003295 -15.281331 173.255965 57.171745 0.695927 0.431349 0.574128 0.712724 -0.317130 -0.625662 -0.087805 0.844610 -0.528132
4.636888 -14.682947 103.943492 97.044559 0.721680 0.497448 0.481376 -0.607138 0.120833 0.785355 -0.332507 0.859037 -0.389223
-0.792618 -10.538392 3.567129 -53.447027 -0.145712 0.986217 0.078391 -0.401464 0.013476 -0.915776 0.904209 0.164910 -0.393967
-0.660260 -10.698046 -19.827131 -97.843643 -0.127215 0.990195 0.057707 -0.412157 0.000146 -0.911113 0.902188 0.139692 -0.408097
-0.473353 -5.786773 -21.126618 34.429664 0.299516 -0.936639 -0.181651 0.952559 0.304350 0.001327 0.054043 -0.173431 0.983362
0.000307 -6.452872 -0.152102 17.512826 0.360557 -0.912902 -0.191333 0.932346 0.346804 0.102260 -0.026998 -0.215260 0.976184
-0.302004 -7.203905 -65.745057 -21.882215 0.290857 -0.941335 -0.171148 0.951399 0.265637 0.155812 -0.101208 -0.208149 0.972847
2.569009 -6.006218 -165.175653 14.477086 0.243493 -0.953658 -0.176772 0.968770 0.247940 -0.003176 0.046857 -0.170478 0.984247
-0.636670 -6.575113 -68.575565 -36.098527 0.280312 -0.945914 -0.163315 0.959550 0.271474 0.074597 -0.026227 -0.177619 0.983750
-0.604687 -6.034300 -42.371822 104.551543 0.210822 -0.960288 -0.182762 0.967769 0.231385 -0.099416 0.137756 -0.155912 0.978118
-0.831579 -5.311835 -17.966823 73.711192 -0.192322 0.964049 0.183364 0.965192 0.219576 -0.142092 0.177246 -0.149654 0.972722
-1.097179 -5.230208 32.521892 81.022409 0.363489 -0.910060 -0.199164 0.921624 0.382484 -0.065690 0.135959 -0.159677 0.977762
0.725003 -9.508819 -18.440871 -39.043690 -0.279489 0.960105 -0.009147 -0.772733 -0.219269 0.595655 -0.569886 -0.173547 -0.803188
0.437657 -9.503632 -40.344425 45.821337 -0.329167 0.944271 -0.001401 -0.659248 -0.228747 0.716287 -0.676049 -0.236702 -0.697804
-0.108416 -9.363973 -15.250799 17.369876 -0.332341 0.942972 0.018777 -0.617392 -0.232558 0.751495 -0.713005 -0.238160 -0.659472
-0.272608 -9.158929 -33.292555 35.776421 -0.323609 0.946178 -0.004812 -0.664264 -0.223563 0.713283 -0.673818 -0.234021 -0.700859
-7.345100 -22.534144 -7.621051 -414.278772 0.233269 0.967340 0.099195 0.089475 0.080224 -0.992753 0.968287 -0.240454 0.067838
-6.507772 -21.957884 -17.224355 -391.007814 0.314194 0.946945 0.067651 0.199049 0.003967 -0.979981 0.928257 -0.321371 0.187242
0.446383 -11.874223 37.940296 -330.239647 0.288432 0.954977 -0.069473 0.332746 -0.168005 -0.927930 0.897824 -0.244528 0.366222
0.617084 -13.686104 10.706734 -374.083112 0.297754 0.954041 -0.033883 0.230734 -0.106361 -0.967186 0.926339 -0.280166 0.251799
0.854567 -14.288185 25.941080 -353.485020 0.299167 0.953929 -0.022768 0.208818 -0.088734 -0.973921 0.931072 -0.286610 0.225744
0.883087 -9.706023 26.007193 -219.709345 0.310137 0.948520 -0.064232 0.371453 -0.183092 -0.910220 0.875122 -0.258433 0.409114
0.901800 -17.764830 -18.954023 230.768481 0.238223 0.962889 0.126864 0.701235 -0.080153 -0.708410 0.671951 -0.257721 0.694306
1.495883 -17.125145 -28.125919 181.306105 0.214304 0.968960 0.123250 0.705173 -0.066169 -0.705941 0.675873 -0.238198 0.697465
1.039273 -16.902715 13.366953 -79.354318 0.225227 0.971918 0.068176 0.553041 -0.069923 -0.830215 0.802133 -0.224691 0.553259
0.677364 -16.029489 -6.558654 215.804956 0.244052 0.963937 0.106133 0.585028 -0.059060 -0.808860 0.773422 -0.259495 0.578343
1.671869 -2.770656 110.136060 -19.482635 0.590859 0.104925 0.799922 0.316526 0.881861 -0.349473 -0.742089 0.459686 0.487845
-0.084354 -2.975216 81.598859 -31.995927 0.650793 0.259322 0.713597 0.190476 0.854045 -0.484073 -0.734975 0.450954 0.506412
-1.132659 -3.883182 47.160301 -72.176556 0.672900 0.489479 0.554631 0.029737 0.731267 -0.681443 -0.739136 0.475036 0.477514
3.581613 -6.169411 44.194483 189.553474 -0.748477 0.503674 -0.431386 0.231052 0.807804 0.542281 0.621608 0.306212 -0.720997
0.036877 -9.285137 4.128897 -51.802269 -0.077612 0.996188 0.039832 0.257795 0.058647 -0.964418 0.963077 0.064582 0.261364
0.297362 -8.256010 -11.463309 -86.633088 -0.090930 0.991052 0.097712 0.405444 0.126461 -0.905330 0.909586 0.042705 0.413315
0.178867 -9.784672 -0.887267 -61.138242 -0.079198 0.996501 0.026713 0.268598 0.047138 -0.962098 0.959991 0.069021 0.271391
0.364731 -7.711009 1.980726 -92.019064 -0.102486 0.988460 0.111548 0.419793 0.144641 -0.896021 0.901815 0.045003 0.429772
-0.207097 -11.022798 -34.310359 -82.157210 -0.055943 0.998433 0.001436 0.102936 0.007198 -0.994662 0.993114 0.055497 0.103177
0.009197 -8.131676 2.083215 -69.482449 -0.096488 0.989578 0.106886 0.357984 0.134703 -0.923960 0.928729 0.050887 0.367251
-0.252800 -10.076291 3.226957 -71.212864 -0.072797 0.996742 0.034734 0.157507 0.045879 -0.986452 0.984831 0.066340 0.160333
-0.229626 -10.599493 -5.155290 -88.947247 -0.063178 0.997958 0.009444 0.137989 0.018107 -0.990268 0.988417 0.061260 0.138852
-1.171471 -5.392196 -33.367473 56.572997 -0.095020 0.983140 -0.156224 -0.291923 0.122515 0.948563 -0.951710 -0.135738 -0.275360
-0.864936 -5.954232 -22.134962 40.012916 -0.135950 0.989202 -0.054736 -0.296164 0.012143 0.955060 -0.945412 -0.146051 -0.291316
0.129868 -11.719264 2.011302 -66.479303 0.307156 0.951658 0.001287 0.383366 -0.122497 -0.915437 0.871026 -0.281676 0.402459
0.139571 -13.516318 31.206101 -178.121008 0.302029 0.953099 -0.019533 0.331569 -0.124238 -0.935215 0.893779 -0.275986 0.353542
