18049
36082
-5.388985 -7.425946 66.594071 120.833446 -0.260111 0.924864 -0.277431 -0.842331 -0.357804 -0.403057 0.472039 -0.128849 -0.872111
-6.543468 -9.415504 61.191921 112.209799 -0.055566 0.986718 -0.152645 -0.799043 -0.135617 -0.585780 0.598701 -0.089420 -0.795965
-7.737050 -10.215307 -18.561598 341.084900 0.570587 0.785478 0.239699 -0.626713 0.605095 -0.491010 0.530718 -0.129941 -0.837528
-5.159925 -8.153146 -26.029197 80.439297 -0.337521 0.902873 -0.266270 -0.767496 -0.427731 -0.477490 0.545005 -0.043198 -0.837319
-5.137903 -7.945211 -92.906804 282.397279 0.465774 0.883842 0.043336 -0.785196 0.435380 -0.440354 0.408071 -0.171078 -0.896778
-4.083829 -5.669429 24.283492 87.492444 -0.140538 0.957485 -0.251935 -0.915337 -0.222640 -0.335543 0.377369 -0.183449 -0.907711
-3.889893 -6.629126 -12.797153 95.640140 -0.505738 0.787324 -0.352634 -0.759992 -0.600036 -0.249739 0.408218 -0.141696 -0.901820
-4.416692 -7.295474 -8.625835 61.290315 -0.536255 0.770752 -0.344053 -0.705981 -0.632992 -0.317666 0.462625 -0.072545 -0.883581
5.926820 -11.441864 -59.690687 51.343531 0.551009 0.834025 -0.028144 -0.687785 0.472976 0.550677 -0.472589 0.284071 -0.834244
7.151207 -12.807516 -102.571917 -31.141204 0.614817 0.787788 0.037288 -0.702333 0.525392 0.480304 -0.358787 0.321487 -0.876309
6.968801 -12.486157 -59.237729 -53.474018 0.579455 0.812295 0.066402 -0.650436 0.411819 0.638230 -0.491085 0.413016 -0.766977
8.249799 -13.726016 -90.488466 89.212376 0.637582 0.759524 0.128892 0.657946 -0.449820 -0.603961 -0.400744 0.469878 -0.786523
6.085202 -11.026599 -31.152373 -30.881971 0.501695 0.864988 0.009921 -0.646264 0.367162 0.668981 -0.575018 0.342035 -0.743214
7.827456 -13.614367 -76.179435 -51.184832 0.587388 0.798850 0.129672 -0.601620 0.323839 0.730193 -0.541322 0.506920 -0.670822
7.050261 -12.664351 -58.114272 -67.170881 0.511046 0.855305 0.085355 -0.577718 0.268256 0.770896 -0.636455 0.443274 -0.631216
3.266207 -1.626281 -177.131492 -30.385484 0.855411 -0.478974 0.197118 0.512368 0.838238 -0.186645 0.075834 -0.260655 -0.962449
1.620972 -2.174907 159.705611 -25.911901 -0.603147 0.774366 -0.191235 0.796677 0.596573 -0.096983 0.038985 -0.210847 -0.976741
1.645038 -2.243302 239.293501 -87.460181 -0.556085 0.815165 -0.162098 0.831090 0.547184 -0.099397 0.007672 -0.189991 -0.981756
4.784185 -2.902756 -253.827414 105.415583 0.762704 -0.623402 0.172202 0.646091 0.746424 -0.159429 0.029147 -0.232855 -0.972075
-0.667836 -3.336025 -88.100151 -389.177769 0.980284 0.197555 0.004011 -0.180386 0.903010 -0.389916 0.080652 -0.381505 -0.920842
0.099154 -6.434659 62.179888 -642.592740 0.895137 0.442339 0.055363 -0.378018 0.819002 -0.431669 0.236287 -0.365475 -0.900331
-0.393250 -3.083798 -6.301939 51.385512 0.275243 0.647551 0.710577 -0.774406 0.587323 -0.235261 0.569681 0.485521 -0.663124
-0.771616 -3.765339 -40.206145 38.798627 0.201714 0.698250 0.686847 -0.778570 0.539785 -0.320095 0.594255 0.470191 -0.652519
-0.422112 -3.764273 -20.099449 16.994829 0.155423 0.736232 0.658640 -0.765940 0.510872 -0.390314 0.623842 0.443815 -0.643311
-0.233736 -3.168562 26.046237 33.422807 0.163233 0.724380 0.669797 -0.770239 0.517810 -0.372296 0.616511 0.455133 -0.642470
-0.263891 -2.224276 0.645679 20.184835 -0.421211 -0.523227 -0.740821 -0.705243 0.702543 -0.095210 0.570275 0.482355 -0.664921
8.394759 -10.051188 29.824751 39.660305 0.648635 0.654784 0.387984 0.742326 -0.656790 -0.132591 0.168005 0.374013 -0.912079
7.839630 -8.391095 86.787479 38.649521 0.584800 0.651683 0.483030 0.761411 -0.646353 -0.049801 0.279754 0.396909 -0.874186
7.306673 -10.019440 151.941754 133.958770 0.653373 0.552381 0.517667 0.726670 -0.649348 -0.224273 0.212261 0.522707 -0.825665
8.613534 -11.632364 52.593714 101.257834 0.687793 0.627421 0.365080 0.722739 -0.638815 -0.263749 0.067737 0.445263 -0.892834
8.165353 -12.525894 109.867785 184.252612 0.704225 0.561850 0.434041 0.707848 -0.602936 -0.367995 0.054941 0.566386 -0.822307
0.303357 -6.136716 -62.569765 71.337132 -0.193145 0.971074 -0.140393 -0.114406 0.119822 0.986182 -0.974478 -0.206537 -0.087953
0.566802 -5.122434 -59.607820 99.447362 -0.190036 0.966410 -0.173027 -0.010843 0.174162 0.984657 -0.981717 -0.188997 0.022618
-0.015161 -5.931867 -34.951957 66.027956 -0.184087 0.978276 -0.095330 -0.073498 0.083016 0.993834 -0.980158 -0.189958 -0.056619
-0.291617 -6.633651 -35.655709 34.025401 -0.181618 0.978358 -0.099147 -0.179650 0.066116 0.981506 -0.966820 -0.196071 -0.163754
-0.519013 -6.573176 5.624399 15.160609 -0.170040 0.984474 -0.043551 -0.175758 0.013188 0.984345 -0.969637 -0.175032 -0.170787
-0.287870 -5.972746 -5.023177 56.798368 -0.178129 0.983651 -0.026482 -0.046026 0.018554 0.998768 -0.982930 -0.179129 -0.041968
-0.664690 -10.717889 -4.782982 -11.423054 -0.050152 0.997820 -0.042885 -0.378889 -0.058738 -0.923576 0.924082 0.030071 -0.381009
-0.807727 -11.162217 -14.193529 -79.181988 -0.048937 0.997551 -0.049970 -0.493132 -0.067638 -0.867321 0.868577 0.017802 -0.495234
-0.718873 -10.634564 -21.185346 -23.547962 -0.046946 0.998373 -0.032355 -0.398881 -0.048433 -0.915723 0.915800 0.030083 -0.400506
-0.575289 -9.989878 -11.418018 11.583366 -0.049621 0.998556 -0.020576 -0.260777 -0.032840 -0.964840 0.964123 0.042511 -0.262030
4.189013 -13.738725 -3.867375 -162.844477 0.042719 0.997275 0.060142 -0.298726 -0.044693 0.953292 -0.953382 0.058690 -0.296003
3.545259 -12.444892 4.671347 -104.284406 0.040268 0.998331 0.041400 -0.465929 -0.017892 0.884641 -0.883905 0.054913 -0.464431
4.046264 -13.446001 -20.149066 -160.036260 0.100535 0.994297 0.035585 -0.368603 0.004001 0.929578 -0.924134 0.106572 -0.366903
4.685048 -14.772490 -19.001113 -132.808638 0.093425 0.994216 0.052978 -0.176207 -0.035859 0.983700 -0.979910 0.101238 -0.171838
4.486350 -14.628661 -5.379408 -128.071505 0.175592 0.984018 0.029588 -0.282564 0.021586 0.959005 -0.943040 0.176754 -0.281839
2.693138 -15.682055 105.377456 39.334922 0.404064 0.913728 -0.042813 0.351363 -0.111824 0.929537 -0.844557 0.390635 0.366235
2.198383 -15.759777 102.519522 -141.962429 0.400866 0.915504 -0.034043 0.105599 -0.009262 0.994366 -0.910030 0.402202 0.100389
1.066577 -15.544840 57.637723 -103.776909 0.391140 0.918660 -0.055443 0.241876 -0.044485 0.969287 -0.887978 0.392537 0.239601
1.307626 -15.416322 101.407478 27.938392 0.419019 0.905160 -0.071471 0.425150 -0.126040 0.896304 -0.802291 0.405954 0.437642
0.288748 -15.637831 11.819120 -39.218084 0.372102 0.924162 -0.086400 0.404902 -0.077855 0.911040 -0.835221 0.373983 0.403165
-0.233520 -15.207170 32.859774 -87.890069 0.392219 0.917272 -0.069117 0.195138 -0.009541 0.980729 -0.898936 0.398148 0.182736
0.954145 -19.346226 12.203605 358.622854 0.171220 0.983244 0.062567 0.743304 -0.087233 -0.663242 0.646671 -0.160067 0.745785
0.678760 -19.752227 -13.258949 355.365799 0.190094 0.978491 0.080122 0.734458 -0.087579 -0.672980 0.651488 -0.186775 0.735308
0.887384 -21.923844 3.845898 228.421820 0.168072 0.983842 0.061699 0.896238 -0.126444 -0.425169 0.410498 -0.126756 0.903009
1.091325 -19.643274 -15.446492 277.709160 0.170022 0.982748 0.072787 0.819346 -0.099942 -0.564521 0.547508 -0.155619 0.822203
0.341890 -18.488934 120.411847 -13.071509 -0.157656 -0.958764 -0.236465 0.977585 -0.185372 0.099828 -0.139545 -0.215426 0.966498
0.559273 -17.498853 -100.611813 -140.687254 0.112271 0.968360 0.222878 0.923889 -0.184300 0.335355 -0.365820 -0.168264 0.915349
2.139811 -18.039089 -121.715905 -185.205221 0.213384 0.948473 0.234234 0.927067 -0.272225 0.257760 -0.308243 -0.162148 0.937387
-2.921562 -4.404065 86.784610 17.366237 0.297310 0.434081 0.850400 -0.141054 0.900871 -0.410530 -0.944304 0.002103 0.329067
-3.901340 -4.993193 35.041146 53.141263 0.133298 0.847419 0.513919 0.250162 -0.530525 0.809915 -0.958984 -0.020603 0.282710
-3.409101 -4.908421 95.628959 -9.413243 0.243163 0.560185 0.791874 -0.252091 0.824822 -0.506082 -0.936654 -0.076564 0.341784
-2.013775 -4.749197 80.498204 16.749811 0.314175 0.301011 0.900381 -0.176456 0.950393 -0.256158 -0.932822 -0.078399 0.351705
0.951520 -6.296701 85.884826 1.380476 0.231255 0.968802 0.089132 0.966459 -0.218240 -0.135384 -0.111708 0.117450 -0.986776
1.713800 -6.352893 82.120404 1.094225 0.233873 0.969408 0.074504 -0.945205 0.208741 0.251026 -0.227794 0.129129 -0.965109
2.242742 -6.317681 47.380612 -0.670106 0.211543 0.976114 0.049506 -0.965311 0.200733 0.166975 -0.153050 0.083111 -0.984717
1.814951 -6.263191 23.526171 4.922653 0.211156 0.976435 0.044584 0.976182 -0.208337 -0.060530 -0.049816 0.056303 -0.997170
2.458112 -6.269112 9.482653 3.543657 0.187891 0.981914 0.023265 -0.977103 0.184457 0.106047 -0.099838 0.042658 -0.994089
2.801615 -6.265313 21.433118 7.852175 0.169899 0.985191 0.023073 -0.968357 0.162561 0.189364 -0.182809 0.054516 -0.981636
-1.660559 -17.804046 -65.396513 435.961028 -0.095115 0.969956 0.223916 0.929105 0.167252 -0.329835 0.357375 -0.176669 0.917099
-1.682099 -22.308621 65.366535 378.561994 0.096199 -0.969766 -0.224276 0.990550 0.115401 -0.074113 0.097754 -0.215027 0.971703
-0.920308 -20.436621 87.224173 428.356080 0.092520 -0.959913 -0.264588 0.974219 0.142180 -0.175162 0.205760 -0.241561 0.948320
1.309577 -11.035219 1.792021 -87.935661 -0.325178 0.936469 0.131476 0.591004 0.092717 0.801323 -0.738224 -0.338275 0.583606
1.324549 -10.963404 -14.662121 -46.605270 -0.333598 0.934875 0.121333 0.497027 0.065055 0.865293 -0.801047 -0.348965 0.486360
1.560091 -11.295923 -1.991942 -89.888411 -0.321175 0.939866 0.116187 0.633414 0.121989 0.764137 -0.704013 -0.319016 0.634504
0.936923 -5.938157 -17.208299 -45.012725 -0.065547 0.996996 -0.041253 0.062608 0.045370 0.997006 -0.995883 -0.062768 0.065394
1.178349 -5.480098 -25.568702 -35.772128 -0.071848 0.992184 -0.102024 -0.035349 0.099691 0.994390 -0.996789 -0.075051 -0.027910
1.464349 -5.949264 -25.727864 -49.226987 -0.059856 0.997717 -0.031261 -0.012332 0.030576 0.999456 -0.998131 -0.060208 -0.010474
1.120676 -6.444314 -16.725002 -46.305985 -0.051725 0.998582 0.012575 0.085213 -0.008132 0.996330 -0.995019 -0.052606 0.084672
0.543030 -6.323827 -23.095354 -48.451700 -0.079735 0.996803 0.005086 0.169964 0.008568 0.985413 -0.982219 -0.079436 0.170104
0.581508 -5.529927 -14.713634 -48.921738 -0.080194 0.994703 -0.064305 0.069566 0.069941 0.995122 -0.994349 -0.075329 0.074807
0.778024 -6.719419 -4.692732 -35.299069 -0.047988 0.998595 0.022498 0.171606 -0.013946 0.985067 -0.983996 -0.051132 0.170696
0.190474 -22.875156 -55.043860 -158.439602 -0.215566 0.932943 0.288356 -0.446216 0.168553 -0.878909 0.868575 0.318132 -0.379959
0.749054 -27.213478 -30.452503 -267.097176 -0.238687 0.930101 0.279178 -0.642278 0.064425 -0.763759 0.728359 0.361609 -0.582007
0.382796 -26.776182 -45.422823 -159.215075 -0.239150 0.936169 0.257672 -0.702718 0.016260 -0.711283 0.670071 0.351174 -0.653974
0.096619 -26.116571 -23.251380 -237.650525 -0.251393 0.933417 0.255997 -0.791457 -0.046002 -0.609491 0.557133 0.355833 -0.750324
-0.125036 -23.130867 -49.996496 -132.218949 -0.224496 0.938400 0.262693 -0.619492 0.070657 -0.781817 0.752218 0.338251 -0.565469
-1.053867 -19.988679 -122.227919 122.920980 0.202310 0.975657 0.084640 -0.516239 0.179691 -0.837382 0.832207 -0.125716 -0.540025
-0.271731 -20.091219 -145.131596 151.756349 0.207000 0.977636 0.037145 -0.318422 0.103224 -0.942312 0.925072 -0.183231 -0.332668
1.944603 -18.149598 -286.721165 37.771422 0.268684 0.958869 0.091538 -0.501678 0.220431 -0.836498 0.822270 -0.178831 -0.540270
1.331627 -18.869262 -202.033965 -8.571540 0.259417 0.956344 0.134571 -0.673229 0.278979 -0.684787 0.692435 -0.087048 -0.716210
-1.405642 -20.197759 -77.957469 98.858598 0.195462 0.974084 0.113820 -0.720179 0.221344 -0.657533 0.665686 -0.046552 -0.744779
-1.429778 -9.506843 78.145099 103.445707 0.018134 0.558876 0.829053 0.146108 0.818807 -0.555165 -0.989102 0.131199 -0.066808
-2.422962 -8.062722 90.417194 131.409118 0.033873 0.662071 0.748675 0.285419 0.711500 -0.642109 -0.957804 0.235436 -0.164867
-2.836397 -9.909622 109.008522 130.755116 0.012059 0.679960 0.733150 0.180745 0.719644 -0.670406 -0.983456 0.140598 -0.114221
-1.436307 -10.210656 128.235084 27.328975 0.018413 0.579870 0.814501 0.007868 0.814530 -0.580068 -0.999800 0.017090 0.010435
1.204939 -32.249978 -17.657315 -567.352512 -0.393780 0.856658 0.333278 -0.702287 -0.514313 0.492214 -0.593068 0.040232 -0.804146
1.049873 -30.236524 -59.594763 -381.347136 -0.412170 0.853736 0.318198 -0.671764 -0.520694 0.526888 -0.615508 -0.003413 -0.788124
1.041681 -31.472491 -46.141749 102.570987 -0.374901 0.877200 0.299948 -0.839378 -0.458538 0.291870 -0.393565 0.142347 -0.908209
0.736633 -29.034291 -21.801154 18.297765 -0.396957 0.866216 0.303472 -0.784490 -0.491836 0.377720 -0.476445 0.088133 -0.874776
0.835503 -34.031981 -31.695946 714.669877 -0.371430 0.884704 0.281669 -0.898495 -0.418955 0.131086 -0.233979 0.204389 -0.950515
1.107225 -115.250273 -56.629060 6215.043708 -0.584784 0.807008 0.082258 -0.713711 -0.463665 -0.525006 0.385544 0.365724 -0.847114
0.550307 -30.903731 -118.896563 476.456638 -0.577726 0.812959 0.073008 -0.738192 -0.482229 -0.471729 0.348290 0.326423 -0.878716
-0.646537 -30.089068 -62.795148 -468.122927 -0.521170 0.842437 0.136684 0.839329 0.476912 0.260924 0.154626 0.250709 -0.955634
-1.520055 -34.930363 -78.546781 -894.114494 -0.479851 0.860647 0.170382 0.877218 0.467281 0.110165 0.015197 0.202325 -0.979200
1.606993 -14.593397 42.790198 129.776833 -0.031001 0.994301 0.101999 -0.957877 -0.000405 -0.287178 0.285500 0.106606 -0.952431
1.809985 -14.956183 31.595472 216.972546 -0.026810 0.996960 0.073151 -0.927928 0.002396 -0.372753 0.371795 0.077872 -0.925043
1.372543 -17.189332 17.484418 300.978199 -0.015714 0.994615 0.102436 -0.889172 0.032956 -0.456385 0.457304 0.098255 -0.883866
1.158773 -15.043731 33.589718 195.738738 -0.024107 0.993022 0.115440 -0.935215 0.018403 -0.353602 0.353259 0.116485 -0.928245
3.351026 -3.589029 -78.380290 61.911766 0.057783 0.995145 -0.079668 0.237228 0.063829 0.969355 -0.969734 0.074911 0.232388
1.905853 -3.947837 -119.463266 53.345591 -0.008024 0.997106 -0.075598 0.245349 0.075253 0.966510 -0.969402 0.010792 0.245243
2.366670 -4.393821 -103.748064 44.024008 0.019728 0.998253 -0.055700 0.174281 0.051424 0.983352 -0.984498 0.029107 0.172962
1.662587 -5.081476 -98.443685 22.686749 0.014590 0.998876 -0.045097 0.089222 0.043622 0.995056 -0.995905 0.018542 0.088485
3.371624 -4.934357 -108.289483 30.277604 0.048584 0.997674 -0.047807 0.102112 0.042651 0.993858 -0.993586 0.053167 0.099802
3.745826 -4.178346 -53.431974 46.834219 0.100726 0.992808 -0.064706 0.174379 0.046413 0.983584 -0.979513 0.110355 0.168450
9.780259 -0.199591 537.034569 -35.142035 0.542466 -0.011241 0.840002 -0.097225 0.992351 0.076067 -0.834433 -0.122933 0.537224
6.765774 -0.010494 582.620789 -10.729232 0.597598 0.002993 0.801791 -0.086091 0.994451 0.060454 -0.797161 -0.105154 0.594539
10.942458 0.122440 600.725732 -9.205909 0.548358 -0.014337 0.836120 -0.084464 0.993790 0.072435 -0.831967 -0.110342 0.543742
9.963651 0.428806 198.008069 15.310429 0.403299 -0.048518 0.913781 -0.057202 0.995304 0.078093 -0.913279 -0.083765 0.398630
10.890785 0.054996 -97.056975 2.732001 0.302071 -0.058267 0.951503 -0.071498 0.993934 0.083563 -0.950600 -0.093273 0.296073
10.275860 0.052257 -46.596833 -34.554992 0.319769 -0.050866 0.946129 -0.099102 0.991285 0.086788 -0.942298 -0.121515 0.311942
8.031479 0.319978 562.152652 -7.894299 0.587169 0.005024 0.809448 -0.085591 0.994760 0.055913 -0.804926 -0.102112 0.584523
-0.169259 -8.392158 -0.966608 -88.843052 -0.068094 0.993315 0.093209 0.232929 0.106672 -0.966626 0.970107 0.044110 0.238635
0.057287 -7.541728 11.796615 -166.260477 -0.086505 0.985492 0.146025 0.341167 0.167015 -0.925047 0.936014 0.030203 0.350665
0.026365 -7.455160 12.586121 -140.991112 -0.096402 0.984172 0.148702 0.382961 0.174572 -0.907119 0.918721 0.030501 0.393729
-0.361233 -9.751100 -4.487398 15.025503 -0.052960 0.997783 0.040295 0.070672 0.043995 -0.996529 0.996093 0.049929 0.072845
-0.335535 -9.357597 -5.549199 1.297232 -0.056507 0.997417 0.044335 0.058054 0.047613 -0.997177 0.996713 0.053774 0.060595
2.760535 -11.966370 -188.788286 66.438389 -0.050406 0.991996 -0.115771 0.179601 0.123033 0.976016 -0.982447 -0.028405 0.184365
4.137508 -12.538240 -96.068904 -0.810550 0.040064 0.995723 -0.083246 0.243150 0.071093 0.967380 -0.969161 0.058999 0.239262
2.648007 -11.569189 -186.974949 -4.753786 -0.019911 0.999361 -0.029677 0.354296 0.034809 0.934485 -0.934921 -0.008092 0.354763
0.687561 -10.592870 -153.345711 29.090406 -0.039985 0.996426 -0.074410 0.295539 0.082931 0.951724 -0.954494 -0.016064 0.297798
-15.134080 -58.169162 -87.866941 2830.979374 0.937096 0.080132 0.339749 -0.345588 0.350124 0.870622 0.049190 0.933270 -0.355793
-8.818357 -25.326910 -524.360504 1097.625036 0.993877 -0.100054 0.046871 -0.015506 0.293705 0.955770 0.109395 0.950645 -0.290355
35.931863 -404.626090 -745.449973 -24944.790174 0.220455 0.187387 0.957228 0.954468 -0.243647 -0.172123 0.200972 0.951589 -0.232568
13.358547 -3.533994 -792.712236 -119.188631 0.324050 0.863477 0.386523 0.468271 0.208607 -0.858606 0.822018 -0.459229 0.336742
8.024711 -2.631140 -1194.729527 383.717201 0.532905 0.753541 0.384952 0.376107 0.196588 -0.905481 0.757994 -0.627319 0.178649
8.937357 -2.040927 -170.979924 320.890334 0.234404 0.939571 0.249521 0.310588 0.170839 -0.935066 0.921189 -0.296682 0.251774
13.490411 -20.791333 453.334442 -1222.666315 0.066208 0.997358 0.029903 0.515608 -0.008539 -0.856782 0.854263 -0.072144 0.514811
9.264310 -2.204195 466.896951 30.943168 -0.098920 0.958079 0.268886 0.413416 0.285356 -0.864673 0.905153 -0.025628 0.424312
-5.610687 -9.118844 -17.248222 -42.755637 0.580679 0.811439 -0.066173 0.406626 -0.218649 0.887044 -0.705313 0.541996 0.456917
-5.636496 -9.397710 -18.903326 -6.063398 0.573407 0.818068 -0.044377 0.504884 -0.310191 0.805527 -0.645210 0.484300 0.590895
-6.211310 -9.315787 -48.394918 -42.326908 0.645097 0.760653 -0.072509 0.436822 -0.289267 0.851770 -0.626927 0.581147 0.518874
-6.041376 -9.293517 -59.488080 7.998990 0.636692 0.769070 -0.056166 0.522455 -0.376660 0.764963 -0.567154 0.516390 0.641621
-6.597995 -9.284158 -55.063489 13.023103 0.683342 0.721375 -0.112522 0.526608 -0.380246 0.760327 -0.505695 0.578819 0.639720
-0.436229 -1.081639 27.865778 35.209987 -0.066680 0.963077 0.260838 0.386023 0.265963 -0.883317 0.920076 -0.041790 0.389505
-0.338592 -1.520739 23.064171 67.296257 0.024800 0.998539 0.048019 0.395449 0.034317 -0.917847 0.918153 -0.041751 0.394020
-0.237698 -1.453145 -44.227210 42.726204 0.064733 0.997717 0.019270 0.405721 -0.008672 -0.913956 0.911702 -0.066981 0.405356
-0.896088 -1.109951 39.793424 2.694036 -0.152218 0.872778 0.463775 0.366976 0.485608 -0.793419 0.917692 -0.049422 0.394207
-3.523873 -18.808281 16.628075 -757.850765 -0.164103 0.964542 0.206708 -0.818146 -0.250152 0.517747 -0.551097 0.084154 -0.830187
-9.226078 -19.182549 -393.469729 -758.879045 -0.229746 0.922933 0.308888 -0.805805 -0.358369 0.471434 -0.545798 0.140593 -0.826037
-3.591228 -12.351872 17.709157 -562.949910 -0.153771 0.964125 0.216372 -0.882879 -0.232392 0.408067 -0.443711 0.128281 -0.886941
-3.559360 -13.750431 2.748903 -513.023508 -0.160556 0.976789 0.141794 -0.883734 -0.206243 0.420093 -0.439587 0.057860 -0.896335
-3.341686 -21.069040 1.895204 -603.093241 -0.192684 0.969624 0.150670 -0.774365 -0.244562 0.583565 -0.602687 0.004230 -0.797966
10.878002 -6.304200 115.068831 -153.323382 -0.435559 0.893310 -0.110841 -0.443687 -0.105915 0.889901 -0.783218 -0.436783 -0.442482
9.171297 -8.226249 83.850004 75.246472 -0.448978 0.893505 -0.008158 -0.236650 -0.110101 0.965336 -0.861635 -0.435346 -0.260881
8.818927 -5.657882 -82.119352 -12.622342 -0.546987 0.811177 -0.206876 -0.385881 -0.025011 0.922210 -0.742901 -0.584266 -0.326698
-1.726115 -9.376371 -29.836259 -29.952087 -0.109363 0.993982 0.006228 0.771952 0.088878 -0.629437 0.626203 0.064030 0.777026
-1.846261 -9.451894 2.899484 -52.635624 -0.153255 0.988028 -0.017682 0.757941 0.106048 -0.643645 0.634065 0.112044 0.765120
-1.736058 -9.083710 11.481001 -16.517892 -0.155916 0.987492 -0.023425 0.811493 0.114534 -0.573029 0.563178 0.108354 0.819200
-1.757425 -9.096595 -55.529736 18.436967 -0.071565 0.997433 0.002453 0.832301 0.061072 -0.550950 0.549685 0.037387 0.834535
-1.467334 -8.842152 -53.423765 -21.909983 -0.057671 0.997982 0.026552 0.836921 0.062829 -0.543705 0.544276 0.009134 0.838856
-3.283772 -20.558761 -2.346413 -251.502692 0.363645 0.915159 -0.173912 0.265836 -0.280880 -0.922192 0.892801 -0.289118 0.345423
-4.346113 -22.558701 -36.587964 -33.528995 0.355903 0.919855 -0.164922 -0.035019 -0.163226 -0.985967 0.933867 -0.356684 0.025880
-3.524549 -20.569395 -15.286008 9.150935 0.314533 0.940744 -0.126767 0.170875 -0.187476 -0.967292 0.933740 -0.282584 0.219717
-2.709456 -17.408636 -40.974703 -269.738264 0.345830 0.931032 -0.116536 0.408545 -0.261221 -0.874560 0.844685 -0.254839 0.470707
-0.799838 -19.439891 3.953361 224.636985 0.288503 0.956812 0.035730 -0.138850 0.078731 -0.987179 0.947358 -0.279843 -0.155567
-0.561854 -17.395338 18.789340 163.643877 0.278961 0.959169 0.046651 -0.273666 0.125969 -0.953540 0.920482 -0.253233 -0.297632
-0.593726 -17.404843 15.602328 216.611410 0.265631 0.963412 0.035750 -0.314666 0.121692 -0.941369 0.911277 -0.238808 -0.335479
-0.809913 -19.510122 10.159247 141.055823 0.295417 0.954231 0.046603 -0.101976 0.079997 -0.991565 0.949910 -0.288173 -0.120942
1.226101 -16.719672 14.573026 -102.807829 0.154346 0.985085 -0.076060 -0.913207 0.112852 -0.391557 0.377133 -0.129894 -0.917005
1.233330 -16.394886 -0.302051 -178.961679 0.159980 0.983241 -0.087427 -0.881259 0.102359 -0.461416 0.444734 -0.150863 -0.882866
1.416045 -16.868374 4.366061 91.447050 0.179446 0.983323 -0.029589 -0.798418 0.128000 -0.588341 0.574742 -0.129200 -0.808071
1.415673 -15.805301 2.334488 -48.698984 0.127178 0.990034 -0.060483 -0.884230 0.085536 -0.459152 0.449402 -0.111875 -0.886297
1.904843 -7.636147 179.109048 -56.911089 0.095231 0.990709 -0.097093 -0.887630 0.040360 -0.458785 0.450603 -0.129873 -0.883227
0.058762 -7.552458 48.730796 -55.022319 0.130535 0.986482 -0.099061 -0.893141 0.073627 -0.443709 0.430418 -0.146395 -0.890679
1.894361 -8.307743 166.656309 -39.436643 0.141952 0.986638 -0.079970 -0.934520 0.106939 -0.339466 0.326378 -0.122921 -0.937213
0.451279 -6.757019 76.132476 -50.681270 0.068357 0.989099 -0.130424 -0.834448 -0.014971 -0.550883 0.546831 -0.146489 -0.824328
0.150417 -5.091106 -47.075701 -33.581286 0.004617 -0.333188 0.942849 0.683317 0.689447 0.240294 -0.730107 0.643155 0.230856
0.525116 -4.760368 -38.636332 0.074186 -0.015209 -0.355795 0.934440 0.725615 0.639053 0.255134 -0.687932 0.681925 0.248451
0.998432 -4.165528 -54.679551 -29.279692 0.086949 -0.251042 0.964063 0.660848 0.738686 0.132752 -0.745466 0.625556 0.230129
0.977072 -4.177366 -64.535707 -56.434985 0.110591 -0.210362 0.971348 0.604956 0.789681 0.102143 -0.788542 0.576327 0.214591
1.778563 -3.566091 -57.702487 -35.169069 0.233834 -0.096104 0.967515 0.574070 0.816777 -0.057613 -0.784707 0.568894 0.246161
1.135709 -3.412670 -29.909680 -1.132007 0.178274 -0.176902 0.967948 0.647387 0.761899 0.020010 -0.741018 0.623070 0.250351
-1.096179 -9.036618 61.340343 -296.954484 0.309941 0.944166 0.111746 -0.742625 0.313804 -0.591637 0.593670 -0.100387 -0.798422
-0.890769 -6.756351 35.795408 -266.072185 0.350237 0.928800 0.121097 -0.668129 0.338341 -0.662668 0.656458 -0.151183 -0.739058
-1.309479 -9.062138 -15.410481 -283.914432 0.293032 0.954918 0.047577 -0.731153 0.255874 -0.632411 0.616075 -0.150531 -0.773170
0.187678 -8.387658 -24.890671 -22.331942 -0.007728 0.986665 -0.162578 -0.878933 0.070833 0.471656 -0.476883 -0.146540 -0.866665
-0.161588 -8.099750 -23.598817 -26.414491 0.013848 0.985363 -0.169907 -0.888022 0.090223 0.450862 -0.459592 -0.144638 -0.876273
0.184785 -8.082654 -41.343137 -9.630167 0.016736 0.982822 -0.183797 -0.927145 0.084075 0.365150 -0.374330 -0.164295 -0.912625
0.512695 -8.193471 -19.180509 -10.630303 0.013589 0.986601 -0.162588 -0.937997 0.068905 0.339726 -0.346377 -0.147890 -0.926365
0.356890 -7.934595 -39.848966 4.096361 0.026588 0.982655 -0.183528 -0.967767 0.071298 0.241543 -0.250439 -0.171191 -0.952877
-0.751900 -9.801362 22.436986 13.090293 -0.022633 0.996007 -0.086356 -0.315815 0.074832 0.945865 -0.948551 -0.048681 -0.312860
-0.832511 -10.043168 24.826550 48.008709 -0.026827 0.996479 -0.079432 -0.324895 0.066456 0.943412 -0.945369 -0.051116 -0.321969
-0.961817 -9.783614 11.403324 18.737772 -0.045667 0.996779 -0.065918 -0.218630 0.054414 0.974289 -0.974739 -0.058905 -0.215441
-0.993700 -9.634825 11.263092 -11.486443 -0.043193 0.997448 -0.056851 -0.203168 0.046946 0.978018 -0.978191 -0.053794 -0.200622
-0.521903 -9.409269 28.661903 -17.422638 -0.024426 0.997595 -0.064864 -0.233391 0.057400 0.970687 -0.972076 -0.038849 -0.231427
-0.277895 -9.452875 21.852099 9.000361 -0.016595 0.994952 -0.098968 -0.341905 0.087368 0.935664 -0.939588 -0.049365 -0.338729
2.283747 -216.584436 -122.878653 -11633.970770 0.830757 0.337019 -0.443013 -0.401602 0.913989 -0.057793 0.385432 0.225927 0.894650
65.608620 -1423.878791 -405.225797 -170204.871790 0.950113 0.245817 -0.191988 0.135709 0.228416 0.964059 -0.280836 0.942019 -0.183662
1.147222 -1366.034718 -118.305301 -162273.126446 0.846061 0.242777 -0.474595 0.440764 0.182175 0.878942 -0.299846 0.952823 -0.047124
5.005947 -93.332917 47.194391 -4829.958928 0.794980 0.365390 -0.484249 -0.356478 0.927267 0.114449 0.490847 0.081640 0.867412
4.039152 -60.969233 -197.263904 -3227.356514 0.753174 0.528479 -0.391713 -0.479667 0.848708 0.222743 0.450165 0.020128 0.892718
-8.253032 -861.343831 500.983167 -43774.452794 0.904216 0.044697 -0.424729 -0.164784 0.954011 -0.250417 0.394003 0.296420 0.869998
5.683080 -26.656108 33.246737 597.854363 -0.298369 0.929448 -0.217033 0.081453 -0.201765 -0.976041 0.950969 0.308898 0.015506
4.119507 -31.547905 148.715558 779.540575 -0.403285 0.899575 -0.167709 0.163098 -0.109677 -0.980495 0.900422 0.422772 0.102488
5.474493 -24.530358 177.279074 775.241323 -0.414272 0.893408 -0.173781 -0.142330 -0.252179 -0.957156 0.898955 0.371789 -0.231630
6.888479 -20.597777 43.702267 672.299021 -0.303986 0.922414 -0.238213 -0.217024 -0.310521 -0.925461 0.927628 0.229629 -0.294580
5.680228 -23.400339 -162.221347 578.660806 -0.119354 0.955523 -0.269686 -0.040275 -0.276063 -0.960295 0.992035 0.103753 -0.071433
-1.976034 -5.679372 -84.933937 -8.808364 -0.098015 0.991976 0.079849 0.542363 -0.014028 0.840027 -0.834407 -0.125643 0.536636
-2.862433 -6.141304 -58.987896 6.061521 -0.084725 0.996345 0.010896 0.527696 0.035592 0.848687 -0.845197 -0.077655 0.528783
-1.783962 -5.487620 -125.522632 -38.780970 -0.064119 0.980930 0.183483 0.465204 -0.133282 0.875112 -0.882878 -0.141468 0.447786
0.340172 -49.582029 -48.689913 791.601449 -0.556963 0.830533 0.002733 0.512489 0.341086 0.788045 -0.653565 -0.440313 0.615611
0.996997 -56.714886 -94.708041 1207.212488 -0.563288 0.826200 -0.009998 0.551400 0.384891 0.740147 -0.615357 -0.411403 0.672371
1.191770 -40.416126 -24.554501 224.039113 -0.521612 0.852453 0.035281 0.741296 0.432348 0.513377 -0.422376 -0.293937 0.857438
0.878104 -57.382721 -89.052279 1228.620528 -0.588578 0.807417 -0.040659 0.248422 0.228492 0.941317 -0.769326 -0.543938 0.335066
0.652277 -37.557337 -30.477071 64.861372 -0.524496 0.849871 0.051217 0.722497 0.412448 0.554874 -0.450447 -0.328033 0.830356
0.038570 -38.986780 -15.901377 334.265489 -0.545132 0.837881 0.028045 0.512768 0.306773 0.801847 -0.663249 -0.451494 0.596870
0.348023 -44.777684 8.796642 492.468425 -0.547307 0.836639 -0.022157 0.233024 0.177759 0.956087 -0.803838 -0.518110 0.292245
-3.314796 -9.196369 113.609792 408.550779 0.825889 0.333615 -0.454542 -0.450274 0.875455 -0.175588 -0.339353 -0.349685 -0.873247
84.014568 -99.718335 -5723.024147 6785.382965 0.191953 0.791324 -0.580484 -0.854209 0.425935 0.298173 -0.483200 -0.438619 -0.757715
-4.103995 -14.342885 -640.814065 757.549412 0.305344 0.647599 -0.698127 0.918197 -0.394518 0.035633 -0.252347 -0.651899 -0.715087
-2.807340 -15.831934 175.871995 -1108.116192 0.006291 0.945547 -0.325424 -0.949822 0.107424 0.293767 -0.312729 -0.307247 -0.898777
-4.985177 -14.420344 -404.656010 813.497257 -0.922054 -0.167682 0.348855 -0.240868 0.954088 -0.178040 -0.302984 -0.248191 -0.920110
-14.516833 -16649.955351 -8272.784265 3089291.182186 0.087688 -0.983018 -0.161201 0.980755 0.056857 0.186779 -0.174442 -0.174477 0.969086
-0.674758 -401.983359 417.375622 28841.774850 -0.101039 0.993156 0.058591 0.338273 -0.021089 0.940812 -0.935608 -0.114878 0.333827
126.323409 -21523.721678 9626.764816 -4362249.954759 -0.109735 0.991650 0.067734 -0.183125 -0.087149 0.979219 -0.976946 -0.095051 -0.191160
-27.293758 -1459.332030 599.148685 130693.961512 -0.088264 0.984655 0.150544 0.805805 -0.018264 0.591899 -0.585566 -0.173552 0.791828
-21.474623 -609.805791 1035.360394 -5830.145545 0.079101 0.990871 0.109172 0.459307 0.060971 -0.886182 0.884748 -0.120242 0.450291
0.930013 -3.006967 -92.596794 -19.531279 0.182019 0.202987 0.962115 0.099337 0.969658 -0.223372 -0.978264 0.136232 0.156332
-0.745989 -3.355089 -70.543111 -2.452301 0.199626 0.305744 0.930951 0.104244 0.938056 -0.330431 -0.974311 0.163009 0.155388
0.796661 -3.000549 -114.172950 10.621911 0.164625 0.189406 0.968000 0.157935 0.963666 -0.215417 -0.973630 0.188344 0.128729
2.920112 -2.724769 -165.502872 17.401326 0.165203 0.105426 0.980609 0.183060 0.973716 -0.135525 -0.969122 0.201899 0.141562
0.253720 -3.022471 7.089432 31.211457 0.061500 0.997815 0.024134 0.974683 -0.065247 0.213861 -0.214969 -0.010371 0.976566
0.034426 -3.292512 -1.748247 34.700470 0.025992 0.999373 0.024041 0.966090 -0.031292 0.256303 -0.256894 -0.016564 0.966298
0.310569 -2.884856 6.751747 20.717400 -0.012610 0.999901 0.006315 0.976440 0.010953 0.215511 -0.215421 -0.008884 0.976481
2.387870 -8.355335 -156.624950 -13.165649 0.165610 0.980426 0.106478 0.948198 -0.187979 0.256093 -0.271096 -0.058550 0.960770
3.216023 -7.762161 -28.677816 2.685305 0.334936 0.940332 0.059946 0.870326 -0.333124 0.362715 -0.361042 0.069313 0.929970
1.646666 -6.390254 87.913667 48.930898 0.241159 0.970458 0.007361 0.943578 -0.236239 0.232061 -0.226944 0.049018 0.972673
-0.531535 -8.044269 39.804082 37.229915 -0.160523 0.977517 0.136723 0.402654 0.191322 -0.895134 0.901167 0.088637 0.424313
-0.089128 -7.994930 52.962639 66.441412 -0.184167 0.968467 0.167789 0.379093 0.227490 -0.896960 0.906847 0.101583 0.409035
0.071104 -7.781986 68.882062 -34.240211 -0.200303 0.964451 0.172372 0.497252 0.251669 -0.830303 0.844168 0.080600 0.529986
-0.232500 -7.796329 88.223785 -53.300922 -0.182309 0.974020 0.134343 0.568083 0.215865 -0.794156 0.802524 0.068464 0.592679
0.219144 -7.858280 66.465977 -78.726491 -0.188632 0.971245 0.145261 0.607121 0.231596 -0.760110 0.771895 0.055190 0.633350
-9.285108 -12.200197 52.012910 291.694759 0.521977 0.770933 0.364969 -0.519190 0.626656 -0.581158 0.676744 -0.113862 -0.727361
-6.886660 -10.946412 64.872928 91.734567 0.004248 0.996201 -0.086981 -0.694926 -0.059606 -0.716607 0.719069 -0.063490 -0.692033
-5.485271 -9.629651 -47.496430 87.953582 -0.162138 0.973107 -0.163629 -0.740023 -0.229603 -0.632177 0.652746 -0.018590 -0.757349
5.620829 -12.673409 -83.659219 81.968172 0.570467 0.819978 -0.046948 -0.742680 0.539410 0.396817 -0.350705 0.191503 -0.916696
6.947326 -12.960402 -124.151756 8.089704 0.626261 0.779038 0.029961 -0.748259 0.589840 0.303640 -0.218875 0.212576 -0.952316
8.448136 -13.266263 -81.530027 135.845590 0.672129 0.725326 0.148808 0.711948 -0.577876 -0.398986 -0.203403 0.374113 -0.904802
0.347618 -3.449068 88.066207 -134.705106 -0.175312 0.965055 -0.194766 0.981302 0.187251 0.044532 0.079446 -0.183317 -0.979838
-0.580945 -3.871642 -61.397150 -25.370269 0.139627 0.747176 0.649794 -0.732609 0.519433 -0.439856 0.666174 0.414629 -0.619915
-0.795545 -3.916485 -23.094216 6.169425 0.133099 0.732096 0.668072 -0.760505 0.507688 -0.404828 0.635545 0.454190 -0.624335
-0.963611 -3.782411 -81.809349 -49.713552 0.157970 0.729131 0.665893 -0.692503 0.562528 -0.451667 0.703907 0.389783 -0.593788
-0.674600 -3.789504 19.622489 -26.310929 0.115074 0.728260 0.675571 -0.708371 0.536939 -0.458155 0.696396 0.425833 -0.577666
0.548419 -3.865333 108.084443 25.657895 0.047119 0.752776 0.656588 -0.812762 0.411014 -0.412899 0.580687 0.514194 -0.631195
0.934761 -3.993839 162.440004 -10.655807 0.036375 0.736376 0.675594 -0.762694 0.457289 -0.457367 0.645736 0.498634 -0.578263
2.375098 -5.577054 -196.209996 10.757488 0.256896 0.935381 -0.243037 -0.909410 0.148860 -0.388348 0.327074 -0.320786 -0.888886
-0.883401 -5.998636 -236.068041 -39.443459 0.271886 0.927291 -0.257311 0.921695 -0.174046 0.346679 0.276688 -0.331420 -0.902000
0.995434 -6.102252 -263.484992 -45.565917 0.249033 0.926724 -0.281365 0.905006 -0.119216 0.408353 0.344887 -0.356330 -0.868379
8.963882 -7.523959 38.636625 -28.908213 0.512541 0.736142 0.442036 -0.775015 0.618230 -0.130935 0.369667 0.275475 -0.887389
7.076246 -6.108139 131.434934 10.414793 0.461058 0.679539 0.570660 0.793886 -0.603189 0.076863 0.396447 0.417601 -0.817581
8.738289 -9.395172 -34.232337 -7.641685 0.602794 0.722293 0.339016 0.765231 -0.643666 0.010732 0.225965 0.252956 -0.940720
0.992254 -5.228082 -25.908542 74.354229 -0.159915 0.965815 -0.204031 -0.064887 0.195960 0.978463 -0.984996 -0.169710 -0.031332
1.105320 -4.186818 -19.102239 81.151950 -0.160213 0.954576 -0.251231 0.011062 0.256239 0.966550 -0.987021 -0.152075 0.051612
-0.428267 -11.046623 -22.935746 13.188162 -0.026804 0.996773 -0.075669 -0.366076 -0.080226 -0.927121 0.930199 -0.002851 -0.367044
-0.604678 -11.103492 -6.744560 -56.303090 -0.035476 0.996697 -0.073050 -0.489477 -0.081057 -0.868241 0.871295 -0.004955 -0.490736
-0.493253 -10.958072 -1.385554 -41.030279 -0.044595 0.996253 -0.074100 -0.416506 -0.085961 -0.905060 0.908039 0.009498 -0.418779
-0.422330 -10.339830 -6.587319 48.643794 -0.030756 0.998494 -0.045439 -0.302210 -0.052622 -0.951788 0.952745 0.015541 -0.303373
3.611248 -11.573469 -0.119269 -139.431955 -0.044771 0.997392 0.056614 -0.481307 -0.071195 0.873656 -0.875408 -0.011866 -0.483239
3.169445 -10.680565 6.169335 19.107649 0.002019 0.999622 0.027420 -0.530786 -0.022167 0.847216 -0.847504 0.016264 -0.530540
4.129410 -13.108068 -14.103841 -206.854599 -0.040361 0.997223 0.062586 -0.337062 -0.072554 0.938683 -0.940617 -0.016791 -0.339055
3.836534 -15.936597 105.577724 -84.049869 0.360872 0.932439 -0.018166 0.149751 -0.038709 0.987966 -0.920514 0.359249 0.153603
3.242813 -15.638138 111.941381 -116.430556 0.368311 0.929578 -0.015249 -0.046791 0.034916 0.998294 -0.928524 0.366969 -0.056356
1.552342 -18.543726 -31.836211 245.684848 0.152924 0.985986 0.066677 0.753728 -0.072732 -0.653149 0.639146 -0.150139 0.754288
1.142581 -21.074670 -47.523697 272.934564 0.178712 0.980949 0.076165 0.886468 -0.126945 -0.445039 0.426892 -0.147052 0.892266
1.036846 -21.104525 2.026068 256.891925 0.163537 0.985983 0.033062 0.906114 -0.136868 -0.400282 0.390146 -0.095418 0.915796
1.389367 -20.606240 -8.009718 306.847986 0.139278 0.989808 0.029707 0.936169 -0.121833 -0.329764 0.322784 -0.073739 0.943596
1.619906 -17.476296 -25.582261 225.854813 0.122946 0.991380 0.045265 0.848605 -0.081372 -0.522732 0.514543 -0.102680 0.851294
0.884435 -24.675535 21.915065 231.955089 0.162778 0.986584 0.012438 0.979923 -0.160182 -0.118711 0.115126 -0.031512 0.992851
-1.422208 -13.625664 -97.022105 307.769576 0.210858 0.953290 0.216278 0.860017 -0.075743 -0.504613 0.464661 -0.292405 0.835817
-0.977378 -12.583881 -82.521958 303.854863 0.250825 0.949151 0.190262 0.815274 -0.101152 -0.570172 0.521934 -0.298129 0.799190
-1.741239 -10.114449 -69.848033 277.103728 0.232620 0.955451 0.181664 0.777375 -0.070414 -0.625084 0.584445 -0.286628 0.759123
0.783839 -6.146481 -7.452002 -2.550362 0.010175 0.994705 0.102263 0.257641 -0.101424 0.960903 -0.966187 -0.016570 0.257309
0.744097 -5.975368 -14.228380 3.491669 -0.009812 0.999150 0.040048 0.340469 -0.034319 0.939629 -0.940204 -0.022855 0.339843
0.634303 -6.464694 -4.439509 20.267054 -0.011777 0.998241 0.058101 0.336488 -0.050760 0.940319 -0.941614 -0.030625 0.335298
0.798987 -5.457433 -9.198330 -2.216291 -0.003373 0.999325 0.036580 0.326579 -0.033474 0.944577 -0.945164 -0.015132 0.326245
0.822105 -6.800490 -6.017887 -6.531959 -0.006337 0.995147 0.098196 0.209342 -0.094702 0.973246 -0.977822 -0.026724 0.207726
0.806237 -6.548564 5.569255 9.261213 0.024015 0.987554 0.155437 0.168979 -0.157255 0.972994 -0.985327 -0.002899 0.170653
0.744871 -6.220599 -18.026054 20.752405 0.021742 0.985528 0.168112 0.185004 -0.169214 0.968060 -0.982497 -0.010053 0.186006
0.704753 -5.755066 -13.327019 1.275947 0.015622 0.992996 0.117115 0.239765 -0.117432 0.963702 -0.970705 -0.013025 0.239921
-0.061731 -17.230924 -15.549203 419.991525 -0.112658 0.964778 0.237722 0.913832 0.194541 -0.356462 0.390154 -0.177079 0.903561
0.280448 -15.685581 -11.886146 319.551741 -0.107660 0.967185 0.230136 0.895314 0.194958 -0.400505 0.432229 -0.162926 0.886923
0.108888 -12.570960 1.016314 246.627897 -0.104823 0.968593 0.225475 0.835605 0.208718 -0.508136 0.539237 -0.135143 0.831240
0.071080 -20.226624 -4.762195 410.697091 -0.117338 0.964707 0.235737 0.969354 0.162850 -0.183937 0.215835 -0.206930 0.954251
-0.300865 -22.389579 40.451049 434.756818 0.103797 -0.961561 -0.254217 0.985855 0.133283 -0.101610 0.131587 -0.240074 0.961795
1.756538 -5.440230 -50.641500 -21.801832 -0.072496 0.990339 -0.118206 -0.100025 0.110701 0.988808 -0.992340 -0.083509 -0.091033
1.242926 -5.213125 -30.626206 3.788961 -0.083205 0.980086 -0.180299 -0.104491 0.171349 0.979654 -0.991039 -0.100352 -0.088153
0.835559 -5.023471 -11.828273 15.362648 -0.095273 0.972848 -0.210925 -0.069007 0.204925 0.976342 -0.993057 -0.107574 -0.047609
1.086144 -5.307517 -17.518142 31.580435 -0.103487 0.968988 -0.224396 -0.152414 0.207493 0.966290 -0.982884 -0.134199 -0.126214
1.808006 -5.230767 -52.534361 8.909932 -0.077717 0.981719 -0.173748 -0.159008 0.159839 0.974252 -0.984214 -0.103344 -0.143679
1.457502 -5.278111 -51.277268 26.900773 -0.093071 0.974077 -0.206182 -0.174363 0.187935 0.966581 -0.980273 -0.125911 -0.152352
1.527448 -28.366826 14.045550 -119.514455 -0.278172 0.903657 0.325613 -0.593384 0.104901 -0.798055 0.755325 0.415210 -0.507035
1.357760 -30.009427 4.900864 -265.767605 -0.302589 0.906667 0.293930 -0.770393 -0.051081 -0.635520 0.561191 0.418743 -0.713946
1.083366 -29.558650 -9.652544 -212.320435 -0.244133 0.919039 0.309461 -0.647450 0.083100 -0.757563 0.721947 0.385306 -0.574745
0.847834 -24.016838 -44.939453 -131.104458 -0.216293 0.926294 0.308541 -0.477637 0.175230 -0.860905 0.851517 0.333578 -0.404531
1.326064 -26.504712 -19.709367 -190.078893 -0.228904 0.908064 0.350747 -0.386327 0.245982 -0.888957 0.893507 0.338989 -0.294503
0.821296 -20.482009 -157.888435 172.867426 0.201303 0.979487 0.009079 -0.104977 0.030789 -0.993998 0.973887 -0.199142 -0.109022
-1.493821 -21.548754 -67.718652 95.430637 0.153818 0.988085 -0.005363 -0.099906 0.010153 -0.994945 0.983035 -0.153576 -0.100277
-1.264298 -7.869001 55.816038 104.312579 0.032417 0.585032 0.810362 0.258744 0.778236 -0.572189 -0.965402 0.228225 -0.126145
-1.681353 -6.569974 70.048414 110.373026 0.055406 0.657012 0.751841 0.362029 0.688537 -0.628372 -0.930519 0.307004 -0.199708
-2.994437 -6.675801 92.434226 -98.306027 0.083827 0.757545 0.647379 -0.388915 -0.573270 0.721184 -0.917452 0.312230 -0.246565
0.914668 -33.727127 -31.554622 -387.437524 -0.411839 0.836179 0.362206 -0.430439 -0.528849 0.731464 -0.803188 -0.145338 -0.577725
0.782659 -27.634133 -20.386725 23.323546 -0.409139 0.847972 0.336971 -0.440510 -0.506966 0.740903 -0.799097 -0.154693 -0.580960
0.725775 -28.129710 20.320987 -75.567050 -0.395111 0.860200 0.322402 -0.646909 -0.509720 0.567182 -0.652224 -0.015535 -0.757867
1.844925 -27.790029 -55.961575 376.466447 -0.649516 0.759109 0.043383 -0.663799 -0.538292 -0.519242 0.370809 0.366054 -0.853525
4.870510 -80.735788 -284.750602 3871.144510 -0.643711 0.765036 0.018881 -0.542524 -0.438807 -0.716322 0.539727 0.471348 -0.697515
