19415
38816
-5.852919 -8.241117 74.859932 -107.944779 -0.003894 0.996010 0.089152 0.997611 -0.002279 0.069037 0.068965 0.089208 -0.993623
-7.136159 -9.893584 102.161717 113.955603 -0.048094 0.991126 0.123922 -0.974254 -0.019189 -0.224635 0.220264 0.131535 -0.966531
-7.185707 -10.704013 26.662527 332.387110 0.436201 0.884482 0.165594 -0.887512 0.453241 -0.083033 0.148495 0.110748 -0.982692
-5.305646 -8.852881 14.307047 -108.475605 -0.408931 0.909172 0.078620 0.902334 0.389979 0.183602 0.136266 0.146022 -0.979852
-4.261319 -11.830744 -139.904729 433.576670 0.462940 0.885647 0.036277 -0.884602 0.464217 -0.044506 0.056258 0.011487 -0.998350
-3.900799 -8.150034 -70.451144 182.102135 0.336933 0.941430 0.013639 -0.941165 0.336364 0.032686 -0.026184 0.023849 -0.999373
-4.161387 -6.647597 39.845243 -55.845289 -0.288889 0.955118 0.065516 0.956852 0.290292 -0.012811 -0.031255 0.058988 -0.997769
-4.491485 -7.644700 3.690262 -84.811047 -0.477746 0.875453 0.073074 0.877680 0.472060 0.082686 0.037892 0.103638 -0.993893
2.911718 -6.305134 66.479111 -60.353780 0.060744 0.971815 -0.227784 -0.556564 0.222413 0.800481 -0.828581 -0.078152 -0.554387
1.958106 -7.909345 48.392192 -30.907742 0.090038 0.969063 -0.229804 -0.531025 0.241918 0.812089 -0.842559 -0.048913 -0.536379
2.932402 -7.981683 67.508814 12.504614 0.031798 0.988492 -0.147894 -0.449597 0.146299 0.881169 -0.892666 -0.038473 -0.449075
2.184073 -6.772974 83.268997 -51.832807 0.176348 0.929129 -0.324992 -0.621823 0.361099 0.694941 -0.763045 -0.079536 -0.641434
4.833176 -4.131447 201.199045 -14.975275 0.228110 0.876213 -0.424520 -0.618611 0.467128 0.631753 -0.751855 -0.118504 -0.648591
2.647836 -5.067651 159.609053 -227.293417 -0.604029 0.659490 0.447462 0.221654 0.678323 -0.700533 -0.765519 -0.323961 -0.555905
3.982547 -7.352219 201.940859 316.029523 -0.596219 0.710759 0.373290 -0.309290 -0.632436 0.710186 -0.740853 -0.307971 -0.596901
1.426689 -9.335069 149.420759 330.768318 -0.566086 0.727200 0.388235 -0.317480 -0.626957 0.711429 -0.760758 -0.279474 -0.585783
4.660680 -23.658432 79.471227 758.293616 0.867154 -0.480559 0.130794 0.196731 0.089250 -0.976387 -0.457539 -0.872409 -0.171934
4.343149 -18.164919 69.827517 740.884177 0.869256 -0.465026 0.167764 0.308922 0.246016 -0.918718 -0.385956 -0.850427 -0.357508
5.647910 -17.505307 53.289735 742.311682 0.841818 -0.522310 0.136146 0.317782 0.275706 -0.907194 -0.436300 -0.806956 -0.398075
6.620271 -23.474558 44.465343 691.022846 0.798506 -0.591415 0.112325 0.208991 0.097362 -0.973059 -0.564545 -0.800468 -0.201345
-0.679172 -8.675309 140.854343 -100.257877 -0.425740 0.894567 0.135996 0.875066 0.368810 0.313430 0.230227 0.252445 -0.939823
0.958024 -7.338908 176.145895 -71.022841 -0.499023 0.856424 0.132338 0.856567 0.464309 0.225190 0.131412 0.225732 -0.965285
1.965955 -8.346976 145.821394 -125.407430 -0.550082 0.831307 0.079616 0.812061 0.510220 0.283254 0.194849 0.220466 -0.955735
0.082059 -9.145996 164.826898 97.524493 -0.520891 0.848197 0.096100 -0.805227 -0.450867 -0.385134 0.283341 0.277995 -0.917843
2.305973 -9.433846 79.598788 78.525353 -0.577982 0.815891 0.016107 -0.748217 -0.521956 -0.409552 0.325743 0.248766 -0.912144
-1.109211 -6.430749 -38.943128 -6.267319 -0.476338 0.845542 -0.241164 0.874070 0.485130 -0.025523 0.095415 -0.222952 -0.970149
-0.335621 -6.107220 -53.435235 -48.968187 -0.461010 0.851750 -0.248983 0.887373 0.440510 -0.136087 -0.006232 -0.283678 -0.958899
-1.032149 -6.043930 -67.923190 -42.072858 -0.499789 0.829809 -0.248250 0.866132 0.480492 -0.137630 0.005075 -0.283803 -0.958869
-0.414915 -6.468681 -45.812723 -9.976740 -0.427761 0.868202 -0.251489 0.898171 0.439525 -0.010362 0.101539 -0.230312 -0.967805
-1.293887 -6.134365 -30.152926 -36.350333 -0.464239 0.853008 -0.238452 -0.863420 -0.495865 -0.092867 0.197456 -0.162772 -0.966704
0.277415 -14.911052 8.605983 -56.678764 -0.253113 0.967437 0.000320 -0.903014 -0.236377 0.358736 -0.347130 -0.090511 -0.933439
0.170986 -13.276245 -2.550379 171.704656 -0.257287 0.966044 -0.023709 -0.823015 -0.206204 0.529269 -0.506409 -0.155688 -0.848122
0.622093 -12.407161 33.221570 102.866714 -0.274540 0.961489 0.012904 -0.815360 -0.239886 0.526918 -0.509721 -0.134139 -0.849818
0.485318 -12.056762 19.616426 309.429854 -0.281563 0.959536 -0.003578 -0.686667 -0.198885 0.699238 -0.670232 -0.199336 -0.714880
-3.034535 -17.522080 96.832630 -97.308286 -0.081907 0.978198 -0.190843 0.508566 -0.123658 -0.852097 0.857119 0.166848 0.487349
-2.530443 -17.585516 1.376273 -82.117107 -0.022496 0.989261 -0.144415 0.384412 -0.124787 -0.914689 0.922888 0.076091 0.377477
-2.458719 -18.225164 26.185793 -31.100933 -0.044304 0.981338 -0.187119 0.253082 -0.170168 -0.952361 0.966430 0.089550 0.240820
-2.038276 -17.851475 26.104624 94.799137 -0.043042 0.981655 -0.185742 -0.028625 -0.187050 -0.981933 0.998663 0.036948 -0.036151
-2.120493 -17.921331 -11.836891 96.269945 -0.045937 0.975624 -0.214588 0.025031 -0.213624 -0.976595 0.998631 0.050233 0.014608
-2.194478 -5.500496 -34.764884 -5.106210 0.055816 0.998411 -0.007796 -0.234059 0.005493 -0.972207 0.970619 -0.056090 -0.233994
-1.640449 -6.286314 -46.039688 146.977937 0.020250 0.985114 -0.170705 -0.216144 -0.162389 -0.962762 0.976152 -0.056392 -0.209638
-1.958290 -5.154806 -92.451504 -56.547077 0.094593 0.995516 -0.000316 -0.250438 0.023489 -0.967848 0.963500 -0.091630 -0.251537
-2.404115 -6.711286 -67.672373 -205.808913 0.111879 0.984978 0.131537 -0.254940 0.156388 -0.954227 0.960463 -0.073223 -0.268606
-1.770464 -6.256382 123.822628 -106.981782 0.023474 0.992358 0.121142 -0.281484 0.122834 -0.951672 0.959279 0.011760 -0.282216
-1.526571 -5.322959 -14.639180 11.585644 0.094298 0.911993 -0.399221 -0.719300 0.339651 0.606007 -0.688270 -0.230015 -0.688025
-1.142722 -5.324069 42.563722 2.367436 0.177950 0.901598 -0.394278 -0.727962 0.390210 0.563744 -0.662121 -0.186701 -0.725767
-0.917821 -5.214397 -0.065946 -22.911994 0.089954 0.922891 -0.374406 -0.788441 0.295673 0.539388 -0.608498 -0.246677 -0.754242
-1.638933 -5.156778 46.966934 41.211454 0.188662 0.886474 -0.422575 -0.657487 0.433649 0.616165 -0.729464 -0.161591 -0.664658
-1.247974 -5.373512 -49.990828 12.716662 0.016438 0.925947 -0.377296 -0.751875 0.260191 0.605793 -0.659101 -0.273722 -0.700473
-1.614790 -5.155619 -56.364097 17.740794 -0.028543 0.940922 -0.337418 -0.698620 0.222647 0.679969 -0.714923 -0.255135 -0.650992
-1.951349 -4.913480 -14.921301 31.818809 0.067335 0.920968 -0.383776 -0.650667 0.332133 0.682876 -0.756372 -0.203728 -0.621608
0.652262 -6.441408 -29.111007 31.514420 -0.325936 0.928554 -0.177635 0.126944 0.229180 0.965071 -0.936830 -0.292001 0.192572
0.623436 -5.901927 -30.932443 34.915632 -0.333839 0.925412 -0.179345 0.219124 0.261235 0.940075 -0.916807 -0.274535 0.289991
0.070117 -6.533532 -40.346367 33.529007 -0.338837 0.928148 -0.154051 0.135260 0.210091 0.968280 -0.931072 -0.307252 0.196728
0.032223 -6.730343 -31.557289 17.181572 -0.331329 0.931562 -0.149708 0.027105 0.168003 0.985414 -0.943126 -0.322439 0.080915
1.130541 -6.217132 -91.113923 -82.813139 -0.276042 0.930734 -0.239866 -0.920137 -0.328022 -0.213890 0.277756 -0.161667 -0.946950
0.612258 -6.505705 -74.728024 -65.651271 -0.328558 0.909726 -0.253867 -0.917923 -0.370863 -0.140990 0.222412 -0.186707 -0.956908
0.059960 -5.135407 -78.541620 -83.059076 -0.265894 0.932651 -0.243847 -0.909129 -0.326729 -0.258325 0.320600 -0.153001 -0.934776
0.080020 -9.143836 29.658188 -14.915507 0.023850 -0.987051 -0.158625 0.998913 0.029884 -0.035767 0.040045 -0.157600 0.986691
0.015005 -8.727744 7.257586 -2.834515 0.068450 -0.986865 -0.146327 0.991969 0.051687 0.115436 -0.106357 -0.153054 0.982478
-0.044966 -9.273819 21.101724 2.526190 0.035993 -0.986155 -0.161874 0.999332 0.036536 -0.000381 0.006290 -0.161752 0.986811
1.428808 -6.817091 45.718372 70.455575 0.548568 0.817349 0.176107 -0.819933 0.567116 -0.078038 0.163657 0.101587 -0.981273
1.201808 -5.364335 34.157395 -103.121415 0.579359 0.796042 0.175100 0.810350 -0.585646 -0.018757 0.087615 0.152760 -0.984372
1.580610 -6.420359 43.148811 109.523569 0.557153 0.812988 0.169207 -0.821213 0.569664 -0.033030 0.123244 0.120552 -0.985027
1.018929 -6.457059 35.252047 76.744655 0.536132 0.820149 0.199794 -0.828229 0.556813 -0.063212 0.163091 0.131585 -0.977797
1.646980 -8.087447 23.727935 100.668164 0.524538 0.839305 0.142923 -0.828200 0.541923 -0.142846 0.197344 0.043441 -0.979371
1.172351 -7.794444 63.363156 35.137601 0.501211 0.844979 0.186541 -0.817922 0.532986 -0.216633 0.282474 0.043997 -0.958265
4.718259 -15.423614 -17.148434 -257.463148 0.138332 0.923099 -0.358820 0.776891 -0.325846 -0.538762 0.614251 0.204236 0.762223
4.544376 -12.556842 49.677233 -55.920842 0.126360 0.903142 -0.410327 0.866375 -0.301940 -0.397777 0.483143 0.305233 0.820613
3.734087 -13.435079 72.254902 -118.515507 0.077240 0.888358 -0.452608 0.809108 -0.321106 -0.492174 0.582562 0.328193 0.743580
2.258083 -12.599296 107.785811 -12.389914 0.021601 0.876141 -0.481572 0.859269 -0.262501 -0.439034 0.511068 0.404316 0.758510
3.107575 -12.976445 127.320882 -155.880415 0.033399 0.876445 -0.480342 0.794034 -0.315141 -0.519804 0.606955 0.364047 0.706452
-1.138665 -27.471971 24.425301 -302.463277 0.562048 -0.526726 0.637701 0.676520 -0.150800 -0.720819 0.475839 0.836552 0.271584
1.339873 -30.915629 155.227829 -187.128208 0.574836 -0.563245 0.593564 -0.447109 0.391324 0.804337 0.685315 0.727750 0.026885
-0.928380 -31.627024 84.717761 122.093977 0.520395 -0.499841 0.692350 0.540876 -0.434466 -0.720203 0.660789 0.749265 0.044258
0.505343 -28.854338 162.924985 362.526459 0.633293 -0.578161 0.514461 -0.564074 0.110302 0.818324 0.529869 0.808433 0.256272
-2.044724 -28.419793 1.199400 -428.123754 0.513419 -0.475582 0.714299 0.738582 -0.178908 -0.649991 0.436917 0.861286 0.259402
-2.486227 -25.366654 -40.244218 -788.424953 0.529847 -0.464938 0.709292 0.832370 0.124792 -0.539988 0.162547 0.876505 0.453121
-2.136249 -25.216500 17.570889 -799.646297 0.604476 -0.514835 0.607909 0.760172 0.144586 -0.633430 0.238217 0.845009 0.478762
3.424400 -7.305100 -60.998032 157.868317 -0.564282 0.817065 -0.118280 -0.796340 -0.576473 -0.183089 0.217781 0.009123 -0.975955
3.037632 -9.151459 -62.149079 146.581173 -0.564956 0.815586 -0.125073 -0.761699 -0.573784 -0.300977 0.317238 0.074771 -0.945394
3.415682 -8.945123 -50.529892 162.688383 -0.561130 0.824715 -0.070551 -0.783305 -0.556630 -0.276761 0.267520 0.100036 -0.958345
2.901091 -8.039473 -2.197124 137.627881 -0.559717 0.818474 -0.129680 -0.774260 -0.572291 -0.270194 0.295362 0.050826 -0.954033
3.739799 -6.925046 -44.590242 163.609101 -0.559290 0.827141 -0.055073 -0.812394 -0.560114 -0.162140 0.164960 0.045942 -0.985230
2.987865 -6.561707 -7.838064 126.584393 -0.601757 0.783947 -0.152693 -0.767073 -0.620534 -0.162902 0.222458 -0.019100 -0.974755
122.366873 -1187.263634 -736.502395 -99165.154415 -0.465066 0.870614 -0.160449 -0.621382 -0.450120 -0.641308 0.630554 0.198551 -0.750320
6.500846 -162.596239 1477.279671 8213.324052 -0.638609 0.768228 0.044769 -0.731996 -0.624379 0.272641 -0.237403 -0.141340 -0.961074
39.373534 -269.036013 -1292.714260 -18411.094304 -0.362172 0.774205 -0.519074 0.928528 0.348442 -0.128154 0.081650 -0.528389 -0.845067
78.677576 -2341.769647 4728.052118 120001.222976 -0.694469 0.495286 0.521924 0.715279 0.396553 0.575432 0.078033 0.772941 -0.629661
5.109348 -50.402794 -431.548032 -1750.928523 -0.383481 0.773315 -0.504902 -0.157725 -0.593504 -0.789225 0.909981 0.223017 -0.349569
-2.939198 -36.517883 187.357083 -1521.997924 -0.464458 0.852168 -0.241014 -0.126872 -0.333369 -0.934221 0.876460 0.403329 -0.262952
-28.121407 -152.593853 4854.168906 -8370.020685 -0.533512 0.819787 0.208118 -0.372453 -0.006794 -0.928026 0.759370 0.572628 -0.308958
0.745217 -4.590337 -13.190949 8.059863 -0.340836 0.915609 -0.213285 0.430065 0.353591 0.830673 -0.835987 -0.191397 0.514288
1.164817 -4.571710 -26.197810 17.220035 -0.334033 0.917443 -0.216147 0.399083 0.345411 0.849367 -0.853906 -0.197456 0.481514
1.067865 -4.586688 -22.559591 -11.277191 -0.318436 0.927316 -0.196681 0.455966 0.331739 0.825860 -0.831079 -0.173304 0.528463
6.014127 -3.932853 321.452895 -89.691800 0.040692 0.964903 0.259435 -0.958511 0.111014 -0.262550 0.282136 0.237988 -0.929388
8.695111 -5.711248 404.043412 152.312239 0.223216 0.932350 0.284425 0.948374 -0.275164 0.157710 0.225304 0.234538 -0.945637
11.152505 -6.776091 325.123739 -150.716620 0.157008 0.981250 0.111792 -0.954601 0.179802 -0.237503 0.253150 0.069427 -0.964933
12.395440 -8.662554 62.534818 -128.105586 0.119333 0.977952 -0.171373 -0.947096 0.060328 -0.315230 0.297941 -0.199924 -0.933414
10.593059 -5.618068 364.350733 -34.328878 -0.040723 0.992598 0.114418 -0.952088 -0.003811 -0.305801 0.303101 0.121390 -0.945195
0.724310 -4.590873 91.040553 51.872208 -0.408026 0.850459 -0.332015 0.657446 0.526038 0.539489 -0.633466 -0.001844 0.773768
0.706853 -3.845179 69.862852 62.357634 -0.411723 0.850846 -0.326412 0.696584 0.524774 0.489268 -0.587584 0.025930 0.808747
1.429415 -4.383066 106.309473 51.428972 -0.396337 0.860554 -0.319943 0.675071 0.509340 0.533716 -0.622251 0.004453 0.782805
0.771879 -5.195638 99.921614 45.614391 -0.405130 0.851431 -0.333070 0.617618 0.523485 0.586951 -0.674105 -0.032081 0.737938
0.140616 -5.223905 53.100592 46.659824 -0.431919 0.833671 -0.344150 0.604367 0.550764 0.575673 -0.669467 -0.040651 0.741728
-2.676335 -15.737913 7.629148 -114.981571 -0.144683 0.955882 -0.255650 0.640722 -0.106380 -0.760368 0.754018 0.273813 0.597063
-2.670664 -17.757316 -23.333877 -121.450087 -0.132848 0.957399 -0.256396 0.404171 -0.183874 -0.896011 0.904985 0.222661 0.362525
-2.282575 -15.966338 -33.793861 -137.535651 -0.142071 0.955549 -0.258346 0.538387 -0.144417 -0.830231 0.830635 0.257042 0.493938
-2.260767 -14.715970 -7.475696 -105.249204 -0.160806 0.950936 -0.264314 0.674570 -0.089598 -0.732754 0.720484 0.296130 0.627065
2.792869 -4.438535 160.002152 12.223535 -0.254007 0.911426 0.323701 0.202279 -0.277217 0.939273 -0.945814 -0.304060 0.113948
1.595685 -4.722310 96.372570 9.679793 -0.242435 0.892036 0.381442 0.240785 -0.325545 0.914354 -0.939813 -0.313516 0.135865
2.493438 -4.209081 78.374887 5.673515 -0.276972 0.877784 0.390873 0.300833 -0.307121 0.902871 -0.912571 -0.367658 0.179003
-0.684659 -4.046018 35.331938 65.648422 -0.456980 0.814950 -0.356406 0.667786 0.579023 0.467754 -0.587563 0.024249 0.808815
-0.177417 -3.894579 51.880239 63.114641 -0.428745 0.836647 -0.340882 0.686382 0.547001 0.479239 -0.587416 0.028504 0.808783
-0.717294 -4.827801 34.775128 60.968755 -0.469844 0.800667 -0.371724 0.623149 0.599092 0.502767 -0.625246 -0.004583 0.780414
-16.758733 -319.819645 566.146909 -14645.900276 -0.411650 0.402145 0.817816 -0.233033 0.821095 -0.521055 -0.881045 -0.405070 -0.244291
-28.446897 -283.375592 -582.285072 16845.179639 0.349038 -0.199381 -0.915653 0.723720 -0.563373 0.398548 -0.595317 -0.801784 -0.052343
21.733418 -693.272184 1599.373210 -54267.189631 -0.094898 0.264502 0.959705 -0.657686 0.707038 -0.259899 -0.747291 -0.655848 0.106862
1.170191 -190.430925 93.248789 10869.507548 -0.018530 0.681967 0.731148 -0.326971 0.686931 -0.649012 -0.944853 -0.251090 0.210254
2.581265 -83.635715 162.956410 -3715.905753 -0.034597 0.736497 0.675556 0.115095 -0.668526 0.734728 -0.992752 -0.103173 0.061638
-0.797885 -143.954586 264.842077 -7545.940502 -0.073376 0.725461 0.684341 -0.036089 -0.687673 0.725123 -0.996651 -0.028510 -0.076640
0.776465 -11.588424 -34.665812 335.554276 0.095626 -0.587067 -0.803871 0.877915 0.430373 -0.209867 0.469170 -0.685662 0.556550
-0.549441 -31.855262 -76.388796 1739.849771 0.026272 -0.616738 -0.786730 0.917063 0.328106 -0.226587 0.397876 -0.715528 0.574208
-0.519628 -18.329955 -36.619938 735.986944 0.125973 -0.579012 -0.805528 0.888743 0.426637 -0.167679 0.440756 -0.694785 0.568338
1.141866 -8.115233 4.407948 6.858609 0.313379 -0.489371 -0.813824 0.823316 0.567077 -0.023963 0.473228 -0.662525 0.580617
-1.869310 -6.382332 65.137633 -130.198441 0.041162 0.985433 0.165009 0.689982 0.091412 -0.718031 0.722655 -0.143409 0.676168
-1.381824 -6.702377 78.427334 -91.191390 0.063889 0.996361 0.056415 0.616484 0.005050 -0.787351 0.784771 -0.085082 0.613918
-0.862528 -4.990296 92.944801 -70.761629 -0.119831 0.956630 0.265518 0.690052 0.272536 -0.670487 0.713771 -0.102876 0.692782
-1.098792 -4.297772 94.499744 -145.935376 -0.096488 0.953108 0.286835 0.745994 0.260028 -0.613090 0.658926 -0.154822 0.736102
-2.213240 -5.730582 -6.683991 -168.606290 0.133856 0.976679 0.167873 0.723815 0.019350 -0.689723 0.676886 -0.213833 0.704344
-2.647658 -8.487860 4.606675 -232.509989 0.107722 0.974122 0.198701 0.670629 0.076347 -0.737854 0.733930 -0.212738 0.645050
-5.290989 -9.765572 -42.587455 18.828165 0.722860 -0.508931 -0.467400 0.432469 -0.194348 0.880454 0.538929 0.838581 -0.079610
-5.308288 -9.476056 -5.528080 33.687384 0.764079 -0.468633 -0.443358 0.397453 -0.199370 0.895702 0.508148 0.860601 -0.033925
-5.422189 -9.582834 -65.518675 0.873618 0.697976 -0.439150 -0.565664 0.430417 -0.374044 0.821481 0.572337 0.816846 0.072056
-5.219527 -16.796458 -81.831362 900.408834 -0.111059 0.916210 0.384999 0.751589 0.330891 -0.570635 0.650215 -0.225987 0.725363
4.878630 -2.498479 -201.442418 79.135626 0.676249 -0.335131 -0.656030 0.416723 0.908379 -0.034477 0.607478 -0.250067 0.753947
-3.251213 -9.737533 -240.822033 873.427532 0.594782 0.792457 -0.135080 0.472331 -0.480469 -0.738954 0.650491 -0.375714 0.660076
0.198952 -18.364539 -266.062994 1557.912341 0.524939 0.834125 -0.169333 0.445447 -0.438764 -0.780425 0.725270 -0.334247 0.601883
-13.856478 -67.932445 -589.966743 4518.162770 0.545054 0.838170 -0.019661 0.451748 -0.313361 -0.835301 0.706286 -0.446403 0.549441
-38.415908 -153.240589 -992.954398 8578.582551 0.317239 0.921924 0.222297 0.469481 0.050991 -0.881469 0.823982 -0.384000 0.416650
3.442487 -4.743111 -58.648068 -77.053934 0.118296 0.968556 -0.218872 -0.452054 -0.143724 -0.880335 0.884112 -0.203082 -0.420838
3.802486 -5.504027 -49.537189 -63.022694 0.113295 0.974952 -0.191398 -0.518218 -0.106375 -0.848607 0.847711 -0.195328 -0.493186
1.931985 -5.699554 -161.144981 -67.062610 0.192641 0.946998 -0.257067 -0.487536 -0.134982 -0.862606 0.851586 -0.291503 -0.435693
2.552634 -4.633388 -135.998627 -38.848767 0.147087 0.941750 -0.302444 -0.431427 -0.214069 -0.876382 0.890077 -0.259387 -0.374809
-1.011920 -4.302252 -6.067398 -26.375607 0.517871 -0.512386 0.685033 0.842786 0.442912 -0.305843 -0.146700 0.735724 0.661203
-1.074737 -5.273833 -11.722159 -117.976823 0.492512 -0.517719 0.699571 0.860725 0.408700 -0.303508 -0.128783 0.751619 0.646903
-0.931567 -3.680145 -9.700561 -47.676454 0.551244 -0.477411 0.684258 0.817251 0.474113 -0.327594 -0.168019 0.739795 0.651516
-0.651141 -2.541452 -13.908211 14.444938 0.774624 -0.295609 0.559083 -0.603485 -0.609864 0.513685 -0.189115 0.735310 0.650810
-0.396548 -2.704817 -43.830476 -14.866274 0.810483 -0.259359 0.525214 -0.548641 -0.650230 0.525541 -0.205206 0.714096 0.669296
0.063953 -5.489893 60.418118 -23.172831 0.112434 0.978548 -0.172634 0.965745 -0.148505 -0.212799 0.233871 0.142795 0.961725
-0.029045 -4.883073 37.055614 -67.090985 0.100966 0.982717 -0.155154 0.983628 -0.122000 -0.132635 0.149271 0.139222 0.978946
-0.468632 -5.469437 10.056652 -56.525429 0.126293 0.980769 -0.148800 0.969650 -0.153708 -0.190139 0.209354 0.120271 0.970415
-0.490981 -5.818943 45.290632 -13.891332 0.141337 0.974900 -0.172030 0.941467 -0.186091 -0.281088 0.306046 0.122232 0.944137
-0.412353 -5.373601 -14.051623 -65.598623 0.147758 0.978946 -0.140827 0.970755 -0.170792 -0.168714 0.189214 0.111779 0.975553
-0.620104 -6.054062 -1.385201 -37.316830 0.145413 0.978942 -0.143275 0.948402 -0.179163 -0.261600 0.281761 0.097842 0.954483
-0.642186 -9.944946 -20.265104 52.534473 0.958989 0.192279 -0.208252 0.104623 0.442712 0.890539 -0.263428 0.875805 -0.404439
-0.549344 -10.718751 -43.122669 -139.804667 0.955516 0.206808 -0.210286 0.047026 0.597031 0.800838 -0.291167 0.775102 -0.560748
-0.518351 -9.878394 -18.223656 34.237185 0.958864 0.200555 -0.200893 0.096192 0.436269 0.894660 -0.267072 0.877181 -0.399031
-0.640602 -10.130947 -15.156232 232.323865 0.959092 0.184780 -0.214473 0.160935 0.267397 0.950052 -0.232900 0.945704 -0.226721
-0.769379 -10.205515 -2.970831 228.637731 0.960456 0.174424 -0.217026 0.163777 0.276437 0.946974 -0.225169 0.945071 -0.236939
8.809416 -11.890361 13.132170 157.581500 0.992965 0.117156 0.017161 0.090623 -0.658665 -0.746959 0.076208 -0.743259 0.664649
7.699402 -11.194172 68.551092 147.576796 0.966472 0.238459 -0.095236 0.100937 -0.693855 -0.713006 0.236102 -0.679487 0.694660
7.992857 -9.430757 81.278740 105.494650 0.970254 0.238988 -0.038611 0.104216 -0.556295 -0.824424 0.218507 -0.795877 0.564654
9.549149 -10.147859 33.121057 151.399191 0.988828 0.107856 0.102891 0.143708 -0.506431 -0.850221 0.039594 -0.855508 0.516273
7.814368 -12.425358 -207.883933 131.540000 0.907977 -0.306567 0.285649 0.155566 -0.386357 -0.909136 -0.389073 -0.869911 0.303112
6.909682 -14.177697 -205.040235 145.709194 0.914589 -0.313000 0.256043 0.065817 -0.509506 -0.857946 -0.398993 -0.801520 0.445388
8.221916 -12.721593 -159.130396 202.835667 0.943625 -0.224098 0.243622 0.126750 -0.435273 -0.891332 -0.305788 -0.871962 0.382330
4.592787 -14.140680 -157.611676 80.186266 0.889219 -0.383100 0.250049 0.065550 -0.434240 -0.898409 -0.452762 -0.815273 0.361022
0.418954 -23.472888 -26.313796 573.111050 0.930064 -0.361813 0.063822 -0.032274 0.092583 0.995182 0.365978 0.927642 -0.074431
0.631118 -24.073741 -97.009222 76.231545 0.942964 -0.328174 0.055855 0.064055 0.343524 0.936957 0.326673 0.879939 -0.344952
0.677673 -23.439483 -71.313974 405.112838 0.937831 -0.344619 0.041368 -0.041610 0.006697 0.999111 0.344590 0.938719 0.008059
1.779918 -11.125375 63.759713 -64.354942 0.801463 0.476301 -0.361655 -0.209047 0.789703 0.576775 0.560318 -0.386661 0.732487
0.897241 -10.965438 99.106450 -64.555228 0.771896 0.505615 -0.385395 -0.170898 0.748917 0.640247 0.612348 -0.428341 0.664495
1.834367 -10.700839 78.962279 -79.280629 0.788784 0.488705 -0.372811 -0.117343 0.715089 0.689114 0.603366 -0.499815 0.621397
1.306116 -10.648992 105.066746 -44.501434 0.775814 0.495073 -0.391171 -0.069021 0.682829 0.727310 0.627175 -0.537259 0.563920
0.387772 -15.789659 14.807026 -60.923980 0.915289 0.284943 -0.284698 0.374338 -0.340777 0.862405 -0.148718 0.895923 0.418574
0.278048 -15.658355 3.760300 27.681643 0.918309 0.289349 -0.270159 0.388478 -0.527477 0.755548 -0.076114 0.798777 0.596793
0.468729 -15.788209 34.512214 -19.821061 0.915558 0.283371 -0.285404 0.391442 -0.464909 0.794124 -0.092345 0.838785 0.536575
0.478480 -15.992318 27.838695 -41.118085 0.915463 0.288487 -0.280540 0.359478 -0.272995 0.892328 -0.180839 0.917742 0.353621
0.448397 -15.524269 17.186796 -50.092579 0.914332 0.288907 -0.283777 0.338874 -0.162174 0.926749 -0.221723 0.943521 0.246184
0.367210 -15.622231 0.080318 -75.891596 0.917563 0.285795 -0.276406 0.332334 -0.169686 0.927772 -0.218251 0.943148 0.250677
-0.010089 -6.922085 -36.698318 131.105196 0.847546 0.420696 -0.323544 -0.332844 0.896184 0.293375 0.413377 -0.140959 0.899583
-0.161116 -7.523795 -30.319014 85.785845 0.839970 0.441608 -0.315331 -0.304979 0.864846 0.398786 0.448819 -0.238799 0.861125
-0.159910 -7.688497 -1.729078 86.895027 0.824529 0.466756 -0.319828 -0.326112 0.853940 0.405509 0.462388 -0.230054 0.856313
-0.080255 -7.019648 -16.775543 121.933986 0.838267 0.437164 -0.325878 -0.351541 0.890164 0.289873 0.416807 -0.128431 0.899876
0.261826 -6.568666 -6.509990 -129.299187 0.784785 0.394104 -0.478325 -0.244461 -0.512365 -0.823238 0.569519 -0.762996 0.305753
-0.197475 -6.463563 -25.479655 -52.387384 0.822902 0.418170 -0.384663 -0.238304 -0.360569 -0.901777 0.515794 -0.833741 0.197061
-0.215678 -7.170268 -5.906224 -127.066276 0.810299 0.428628 -0.399617 -0.189865 -0.453115 -0.870998 0.554407 -0.781642 0.285778
0.285346 -7.662914 -22.922075 -34.709147 0.803529 0.392679 -0.447375 -0.202086 -0.526969 -0.825509 0.559912 -0.753729 0.344080
2.555296 -21.521249 -6.179457 441.602133 -0.971452 -0.219750 0.089390 -0.220737 0.975333 -0.001192 -0.086923 -0.020890 -0.995996
3.555811 -17.890497 -1.476303 460.823726 0.971760 0.225484 -0.069566 -0.202033 0.947343 0.248442 -0.121923 0.227371 -0.966146
3.564376 -16.883871 -63.923125 504.870532 0.951010 0.279619 -0.131883 -0.236325 0.932532 0.273011 -0.199324 0.228469 -0.952928
2.560405 -20.153122 -49.109146 295.699279 -0.981939 -0.181120 0.054703 -0.177976 0.982339 0.057755 -0.064198 0.046976 -0.996831
2.155070 -22.328754 100.771046 533.408954 -0.957213 -0.244388 0.154975 -0.244898 0.969415 0.016091 -0.154167 -0.022550 -0.987787
0.213423 -26.174558 7.763772 127.024526 0.917838 0.172139 -0.357688 0.395806 -0.328396 0.857609 -0.030165 0.928722 0.369548
0.063121 -25.043449 -0.113973 -68.621790 0.904159 0.197338 -0.378887 0.421863 -0.552161 0.719131 0.067295 0.810047 0.582491
0.152966 -25.644558 1.617337 -74.790252 0.904231 0.189807 -0.382543 0.426863 -0.427784 0.796736 0.012419 0.883727 0.467838
0.447916 -27.751077 -6.476147 294.862969 0.917049 0.181175 -0.355243 0.386357 -0.183080 0.903997 -0.098744 0.966259 0.237892
-0.906808 -6.399723 47.076364 68.367520 0.914357 0.090603 -0.394643 0.258316 -0.881069 0.396219 0.311809 0.464228 0.829016
0.030384 -7.134649 93.272151 55.742714 0.914025 0.052956 -0.402187 0.241373 -0.867834 0.434285 0.326034 0.494024 0.806004
-0.606810 -7.239188 96.554572 49.968846 0.930873 -0.007432 -0.365266 0.200469 -0.825446 0.527685 0.305429 0.564433 0.766896
-1.616276 -6.658329 25.980058 80.378479 0.936346 0.041525 -0.348614 0.217258 -0.848545 0.482463 0.275781 0.527491 0.803553
-2.491127 -25.245512 -10.005221 -166.822246 0.920820 0.279069 -0.272418 0.148233 0.395648 0.906361 -0.360719 0.874976 -0.322953
-2.794420 -28.212151 -37.897273 -179.175607 0.912705 0.319238 -0.255062 0.177040 0.253631 0.950962 -0.368275 0.913104 -0.174973
-2.675115 -27.200975 12.250207 -191.663694 0.929890 0.272845 -0.246698 0.218710 0.129127 0.967208 -0.295753 0.953353 -0.060400
-2.249909 -26.094096 -28.655297 -264.105721 0.909686 0.316401 -0.269001 0.086975 0.488221 0.868375 -0.406087 0.813345 -0.416609
-2.432376 -25.340692 55.559066 -150.405256 0.942324 0.209700 -0.260868 0.192568 0.297810 0.935001 -0.273759 0.931308 -0.240251
-2.186297 -23.060765 31.192304 -90.119122 0.934341 0.220067 -0.280318 0.150934 0.468190 0.870642 -0.322841 0.855786 -0.404233
-2.090770 -22.498599 9.162366 -285.109458 0.925219 0.248701 -0.286563 0.069929 0.630534 0.773005 -0.372935 0.735238 -0.565990
0.536157 -4.919479 -308.499084 512.225181 0.898723 0.320656 0.299126 0.134313 0.448063 -0.883855 0.417440 -0.834518 -0.359616
-1.520445 -40.810015 -106.206789 2649.728239 0.870421 0.483545 -0.092473 -0.244107 0.260791 -0.934023 0.427527 -0.835567 -0.345035
-0.516414 -23.798879 34.869695 1914.344698 0.888419 0.455375 0.057847 -0.120817 0.353542 -0.927584 0.442850 -0.817094 -0.369110
5.189828 -1.951519 -408.587824 156.354479 0.718948 0.169589 0.674057 0.503378 0.541691 -0.673188 0.479296 -0.823293 -0.304080
-0.267572 -8.211629 -18.551393 30.771003 -0.184781 0.967878 -0.170493 0.905781 0.235035 0.352589 -0.381335 0.089278 0.920116
-0.131646 -8.155569 -10.879326 24.135446 -0.193188 0.966587 -0.168485 0.918987 0.238415 0.314040 -0.343717 0.094167 0.934340
-0.133982 -7.803344 -6.396937 36.117302 -0.178606 0.968072 -0.175888 0.942150 0.219802 0.253062 -0.283643 0.120514 0.951327
-0.725721 -5.577576 -7.309563 -28.773268 0.801853 0.376512 -0.463972 0.499435 -0.848594 0.174510 0.328019 0.371655 0.868491
-0.664952 -5.122382 6.906981 -23.001176 0.675754 0.550556 -0.490147 0.663558 -0.743918 0.079228 0.321010 0.378779 0.868031
-0.178863 -5.286434 9.279966 1.131999 0.712671 0.505488 -0.486398 -0.599929 0.798543 -0.049132 0.363574 0.326819 0.872355
0.149038 -4.981977 -2.194809 -27.945643 0.776054 0.415045 -0.474845 -0.501196 0.862897 -0.064893 0.382809 0.288351 0.877674
0.313858 -4.769871 -4.901039 -93.500408 0.701467 0.531098 -0.475267 -0.585848 0.809441 0.039852 0.405866 0.250480 0.878939
-0.457668 -7.575498 24.758101 31.322724 0.862669 0.501174 -0.068023 -0.417102 0.628900 -0.656133 0.286058 -0.594398 -0.751573
-0.531973 -7.803721 10.177450 -7.942169 0.873566 0.481823 -0.068765 -0.418233 0.670877 -0.612377 0.248925 -0.563712 -0.787569
-0.483469 -7.884754 3.860803 -29.814384 0.871452 0.485871 -0.067086 -0.415665 0.658977 -0.626875 0.260373 -0.574177 -0.776226
-0.369974 -7.846235 27.729957 -0.033986 0.858502 0.508337 -0.067582 -0.405653 0.592564 -0.695927 0.313719 -0.624869 -0.714926
-0.277522 -7.872836 14.250536 -32.666115 0.864697 0.497281 -0.070780 -0.430735 0.661622 -0.613779 0.258391 -0.561220 -0.786299
-0.503101 -7.878895 -29.841162 -82.272926 0.877049 0.475409 -0.069078 -0.419064 0.686812 -0.593864 0.234885 -0.549796 -0.801594
-0.699195 -13.595771 17.653058 -152.756394 0.949899 -0.279857 -0.139186 -0.183159 -0.859244 0.477654 0.253270 0.428229 0.867453
-0.827242 -11.985869 12.806210 -58.421458 0.943179 -0.316099 -0.102444 -0.190670 -0.767341 0.612236 0.272137 0.557915 0.784011
-0.667124 -12.355294 18.305811 -133.518476 0.949050 -0.288682 -0.126358 -0.183888 -0.832965 0.521876 0.255908 0.472051 0.843611
-0.672600 -12.346027 0.440900 -44.706312 0.944062 -0.312996 -0.103830 -0.183955 -0.761160 0.621929 0.273693 0.568039 0.776160
-2.483996 -6.598959 -59.005022 -168.972387 -0.097639 0.323001 -0.941349 -0.043739 0.943561 0.328297 0.994260 0.073228 -0.078000
5.435203 -54.932484 474.769263 -2517.343819 -0.117590 0.646910 -0.753446 -0.166002 0.735229 0.657177 0.979089 0.202351 0.020933
-3.755713 -14.352401 87.940201 -496.643489 -0.100090 0.166154 -0.981007 -0.092594 0.980124 0.175452 0.990661 0.108396 -0.082715
-5.539807 -22.564240 119.567259 -952.283123 -0.190006 0.364792 -0.911496 -0.070906 0.920885 0.383331 0.979219 0.137466 -0.149107
-1.253273 -16.987174 -36.215353 -689.872236 -0.102844 0.302169 -0.947690 -0.038411 0.950825 0.307337 0.993956 0.068010 -0.086180
-12.996192 -48.693027 -513.837303 2514.880396 -0.140387 0.899487 -0.413780 0.039733 -0.412464 -0.910107 0.989299 0.144208 -0.022165
-7.938856 -47.926003 295.298901 -1919.556132 0.128354 0.990809 -0.042690 0.930363 -0.135207 -0.340799 0.343439 -0.004026 0.939166
-4.002478 -55.042817 141.573935 -2435.597089 0.116885 0.989640 -0.083372 0.957336 -0.134612 -0.255711 0.264284 0.049927 0.963152
-6.338249 -39.069322 -198.998016 -2120.756199 -0.148376 -0.987030 0.061294 0.988318 -0.150181 -0.025936 0.034804 0.056729 0.997783
-5.285011 -35.542171 197.659405 -154.495957 0.116904 0.992261 -0.041852 0.688695 -0.111358 -0.716449 0.715565 -0.054932 0.696383
-11.881162 -38.708393 -389.782173 -1889.041900 -0.142467 -0.989620 -0.018867 0.989780 -0.142318 -0.009006 0.006228 -0.019958 0.999781
-14.302141 -49.070937 568.549173 -1905.507667 0.177819 0.983883 0.018819 0.925329 -0.160667 -0.343441 0.334883 -0.078484 0.938986
-11.705077 -36.729553 508.199158 336.908498 0.093518 0.995582 -0.008461 0.607507 -0.063794 -0.791748 0.788790 -0.068902 0.610789
-0.061077 -6.896448 -33.559409 42.876572 0.082829 0.927020 -0.365750 -0.269159 -0.332561 -0.903856 0.959527 -0.173310 -0.221970
-0.575929 -42.637122 -11.128981 2210.662003 0.136872 0.985362 -0.101624 -0.199498 -0.073068 -0.977170 0.970292 -0.154021 -0.186576
0.736344 -10.809732 -50.708885 400.772332 0.121434 0.984616 -0.125637 -0.242112 -0.093369 -0.965745 0.962619 -0.147693 -0.227049
1.521882 -6.583332 8.107154 -70.219014 0.051244 0.925890 -0.374301 -0.320552 -0.339713 -0.884218 0.945844 -0.165294 -0.279388
1.849632 -9.212787 -21.369122 -263.773436 0.073122 0.897720 -0.434456 -0.348133 -0.385245 -0.854628 0.934589 -0.213741 -0.284356
0.699011 -10.513453 -73.543626 -390.835637 0.119980 0.876732 -0.465774 -0.301333 -0.414869 -0.858535 0.945940 -0.243360 -0.214412
-8.751886 -14.050506 -7.168815 440.563350 -0.702496 -0.654076 -0.280507 -0.643950 0.752001 -0.140795 0.303032 0.081724 -0.949470
-6.520838 -10.633934 17.324073 54.220267 -0.177653 0.974811 0.134844 -0.912324 -0.111776 -0.393917 0.368922 0.193002 -0.909201
-8.530650 -11.267167 89.900825 143.631934 0.207575 0.951146 0.228546 -0.911251 0.272971 -0.308397 0.355717 0.144247 -0.923395
-5.489630 -9.708547 -14.519152 72.011923 -0.339356 0.935212 0.101070 -0.905257 -0.295495 -0.305274 0.255630 0.195091 -0.946886
2.028373 -8.998315 13.986605 52.713717 0.098485 0.965823 -0.239764 -0.430488 0.258574 0.864766 -0.897207 -0.018049 -0.441241
1.247284 -8.785879 16.285380 -6.162909 0.141269 0.942297 -0.303512 -0.551095 0.329545 0.766612 -0.822397 -0.058965 -0.565850
-14.231503 -47.598684 1070.836786 3527.037460 0.527491 0.848840 0.034999 -0.561449 0.317389 0.764225 -0.637596 0.422772 -0.644000
-15.192473 -652.357385 382.498896 60386.928082 0.655366 0.700186 -0.283260 0.044830 0.338304 0.939969 -0.753980 0.628721 -0.190323
-11.060434 -37.195032 1033.756157 1445.102582 0.284840 0.894081 0.345665 0.891033 -0.113993 -0.439393 -0.353449 0.433156 -0.829126
-13.557694 -102.558017 -236.174780 6781.943464 0.214779 0.956190 -0.198926 0.966375 -0.237547 -0.098443 -0.141384 -0.171093 -0.975058
-2.094330 -6.280007 65.363884 -4.181057 -0.246971 0.938490 -0.241333 -0.422234 0.119940 0.898517 -0.872195 -0.323807 -0.366641
-2.466870 -6.409132 74.575989 -16.827852 -0.235470 0.931973 -0.275644 -0.497214 0.128172 0.858108 -0.835064 -0.339113 -0.433210
-2.994399 -6.736704 38.027494 0.630791 -0.296547 0.921819 -0.249621 -0.387628 0.122699 0.913613 -0.872814 -0.367689 -0.320937
-2.301871 -6.473601 60.506348 26.316145 -0.260664 0.938587 -0.226072 -0.335076 0.131657 0.932947 -0.905416 -0.318937 -0.280180
0.488594 -19.694123 31.716248 340.208883 0.921885 -0.335102 0.194512 0.127320 0.736128 0.664759 0.365948 0.588066 -0.721291
0.566243 -19.732620 35.742239 184.643388 0.920590 -0.332926 0.204141 0.181309 0.827336 0.531640 0.345890 0.452410 -0.822001
-0.410362 -22.379071 5.166348 215.529325 0.922190 -0.348022 0.168661 0.247204 0.865843 0.434978 0.297416 0.359438 -0.884504
-0.502927 -22.706694 66.341215 281.362782 0.911020 -0.365369 0.191177 0.241927 0.849013 0.469733 0.333937 0.381685 -0.861860
-1.502753 -8.125889 181.285089 -63.278847 -0.364907 0.916413 0.164407 0.913460 0.318233 0.253611 0.180093 0.242724 -0.953232
-0.543901 -6.584488 178.299854 -67.755582 -0.425626 0.893981 0.140144 0.900827 0.403922 0.159241 0.085751 0.194023 -0.977242
-0.226251 -4.935350 -56.332685 -77.092762 -0.482261 0.841550 -0.243347 0.868996 0.424439 -0.254355 -0.110767 -0.334133 -0.935995
0.575739 -6.122777 -72.939436 -52.966178 -0.429512 0.864471 -0.261170 0.902893 0.405490 -0.142699 -0.017457 -0.297099 -0.954687
0.560102 -5.284778 -76.102858 -81.781243 -0.452080 0.853629 -0.258732 0.887137 0.400116 -0.229991 -0.092804 -0.333505 -0.938170
-0.951554 -6.980664 -25.715490 -2.683774 -0.283901 0.958268 0.033505 0.461603 0.105963 0.880735 -0.840430 -0.265507 0.472423
-0.577225 -6.880635 -24.847204 34.103924 -0.309695 0.950661 0.018232 0.394127 0.110897 0.912341 -0.865305 -0.289733 0.409025
-0.575112 -7.131060 -9.628952 -12.159720 -0.297921 0.953737 0.040357 0.440132 0.099724 0.892378 -0.847070 -0.283621 0.449480
-0.693132 -7.580460 -6.155016 -38.828642 -0.276200 0.959335 0.058220 0.533216 0.102555 0.839740 -0.799621 -0.262980 0.539859
0.040311 -15.691546 -77.022234 -114.123863 -0.163555 0.982917 -0.084410 0.986459 0.163999 -0.001687 0.012185 -0.083543 -0.996430
0.498993 -15.242345 41.877581 102.276542 -0.231978 0.972636 -0.012877 -0.942696 -0.221535 0.249493 -0.239813 -0.070016 -0.968291
0.513819 -14.531565 -84.995544 158.252502 -0.238129 0.968772 -0.069105 -0.947377 -0.216017 0.236249 -0.213943 -0.121726 -0.969232
0.077061 -16.541717 83.399581 178.251169 -0.159861 0.987125 0.005320 -0.986981 -0.159930 0.017068 -0.017699 0.002522 -0.999840
0.759280 -14.447940 -65.060508 104.490997 -0.209912 0.975613 -0.064156 -0.971865 -0.201034 0.122735 -0.106845 -0.088114 -0.990364
0.091616 -16.268874 55.706526 62.549386 -0.132438 0.991191 0.000694 -0.956821 -0.127663 -0.261144 0.258755 0.035249 -0.965300
0.378637 -14.902077 -77.166420 40.198881 -0.164484 0.984222 -0.065203 -0.981313 -0.169973 -0.090194 0.099854 -0.049149 -0.993788
0.426764 -15.529003 2.621079 -10.382743 -0.124513 0.991187 -0.045225 -0.954071 -0.132119 -0.268873 0.272478 -0.009670 -0.962113
-3.548888 -16.577171 129.060826 -59.410030 -0.093920 0.977456 -0.189101 0.693943 -0.071924 -0.716429 0.713878 0.198512 0.671544
-3.126310 -16.696223 43.054386 -67.623551 -0.042521 0.988280 -0.146611 0.568940 -0.096675 -0.816677 0.821279 0.118138 0.558161
-3.122718 -15.539882 7.571548 -52.100979 -0.040302 0.992356 -0.116643 0.725884 -0.051143 -0.685913 0.686635 0.112313 0.718274
-2.275403 -16.579991 -132.951970 -51.162440 0.027902 0.996225 -0.082207 0.503547 -0.085051 -0.859771 0.863517 0.017406 0.504019
-2.674328 -15.808293 -138.405267 -106.515128 0.024537 0.997013 -0.073237 0.648742 -0.071618 -0.757631 0.760612 0.028922 0.648562
-1.084074 -7.874662 -16.637220 248.558868 0.027527 0.982113 -0.186269 -0.194240 -0.177532 -0.964755 0.980568 -0.062737 -0.185879
-1.108676 -5.023536 -17.417633 119.255299 0.035201 0.985747 -0.164512 -0.259776 -0.149930 -0.953959 0.965027 -0.076317 -0.250795
-0.872847 -5.333595 22.688749 4.355726 0.193506 0.895417 -0.400979 -0.719538 0.407359 0.562426 -0.666948 -0.179687 -0.723113
-0.780647 -5.224062 13.588428 -38.923357 0.161924 0.904281 -0.395041 -0.803109 0.353379 0.479727 -0.573407 -0.239582 -0.783457
-1.258662 -5.128705 65.921505 39.426163 0.213043 0.886259 -0.411288 -0.652700 0.442338 0.615077 -0.727046 -0.137410 -0.672698
1.181707 -5.834213 -32.992762 35.372799 -0.328019 0.922756 -0.202299 0.211235 0.280370 0.936361 -0.920752 -0.264411 0.286885
0.955733 -5.358970 -29.987458 38.416981 -0.334897 0.920216 -0.202599 0.277775 0.301877 0.911982 -0.900380 -0.249143 0.356711
1.295484 -6.431306 -36.630939 36.810118 -0.323722 0.925289 -0.197598 0.117673 0.246596 0.961948 -0.938806 -0.288152 0.188710
1.315839 -5.173939 -31.287849 31.373425 -0.327716 0.920369 -0.213361 0.298922 0.315240 0.900705 -0.896241 -0.231397 0.378428
1.583295 -5.957280 -20.059671 29.992195 -0.306550 0.926211 -0.219453 0.175893 0.281704 0.943242 -0.935462 -0.250550 0.249270
1.555510 -5.405639 -15.115768 33.016084 -0.306554 0.924951 -0.224702 0.265741 0.309847 0.912894 -0.914006 -0.220138 0.340782
-0.239395 -18.914473 -31.571331 217.513375 0.852461 -0.439998 0.282334 0.288954 0.846613 0.446936 -0.435679 -0.299414 0.848843
-0.577461 -17.086301 -23.360185 130.010880 0.861144 -0.424470 0.279743 0.348465 0.893540 0.283124 -0.370139 -0.146330 0.917379
-0.090213 -16.822368 -14.412962 105.636539 0.858038 -0.435959 0.271496 0.365861 0.889846 0.272615 -0.360439 -0.134584 0.923023
-0.877771 -19.710768 -24.256421 206.567565 0.861810 -0.429514 0.269816 0.273634 0.841581 0.465690 -0.427093 -0.327505 0.842812
0.386722 -18.807683 -55.939377 171.924157 0.842847 -0.454656 0.287918 0.296539 0.838834 0.456533 -0.449081 -0.299409 0.841832
-0.051696 -20.742193 -53.476554 267.854144 0.844719 -0.451814 0.286903 0.207544 0.770637 0.602531 -0.493330 -0.449424 0.744743
-0.331672 -21.142657 -22.305125 218.812365 0.853047 -0.443062 0.275692 0.191010 0.756762 0.625162 -0.485619 -0.480633 0.730183
-0.691730 -10.021949 -72.065721 -9.113279 0.044092 -0.989879 -0.134889 0.998408 0.048416 -0.028946 0.035184 -0.133398 0.990438
-0.616034 -10.044501 -14.861761 -33.394993 0.039644 -0.985945 -0.162300 0.993192 0.056687 -0.101761 0.109531 -0.157161 0.981480
-0.392751 -10.063188 92.885230 -35.920069 -0.025375 0.991935 0.124178 0.990743 0.041525 -0.129245 0.133359 -0.119749 0.983807
-0.961323 -10.456102 -25.095657 6.700118 0.068182 -0.983939 -0.164970 0.997598 0.069269 -0.000838 0.012252 -0.164516 0.986298
-0.823272 -10.113892 -52.908722 22.683753 0.083973 -0.986238 -0.142420 0.992665 0.070319 0.098344 -0.086976 -0.149633 0.984909
0.880862 -5.286265 30.254605 -94.925512 0.556006 0.807163 0.198358 0.826516 -0.562153 -0.029236 0.087910 0.180201 -0.979694
1.048493 -4.382170 28.945811 -114.723302 0.579436 0.794494 0.181750 0.813858 -0.575935 -0.077040 0.043469 0.192558 -0.980322
