18111
36202
-6.202489 -8.563291 142.457204 -88.391256 -0.644410 0.760825 0.076689 0.726845 0.578282 0.370521 0.237554 0.294509 -0.925653
-5.941186 -9.609812 43.377832 -65.641848 -0.596694 0.790927 0.135613 0.732394 0.467689 0.494840 0.327957 0.394590 -0.858337
-8.545285 -10.779881 102.372256 -239.319909 -0.092656 0.936514 0.338166 0.941718 -0.027883 0.335245 0.323391 0.349520 -0.879349
-4.403626 -8.116849 38.201484 -68.385631 0.736612 -0.674131 -0.054309 0.637394 0.665131 0.389010 0.226122 0.321166 -0.919631
-6.943500 -11.571100 -48.818209 385.283570 0.086582 0.954299 0.286035 -0.961614 0.155096 -0.226369 0.260387 0.255456 -0.931097
-5.736113 -7.564796 43.940161 -139.200394 -0.359717 0.923284 0.134722 0.917216 0.323406 0.232646 0.171228 0.207256 -0.963185
-4.350641 -6.892730 -10.302740 -90.468442 0.798748 -0.601465 -0.015543 0.583350 0.767848 0.264788 0.147326 0.220566 -0.964181
0.979653 -10.331822 20.467459 263.957268 0.526040 0.846275 -0.084258 -0.747238 0.412612 -0.520948 0.406100 -0.337001 -0.849419
2.042965 -7.752789 -30.288921 75.056093 0.562677 0.825129 -0.050562 -0.745324 0.479897 -0.462807 0.357611 -0.298096 -0.885016
1.146755 -9.403657 53.812139 286.671678 0.523536 0.846573 -0.096039 -0.771423 0.423148 -0.475239 0.361686 -0.322891 -0.874600
0.439456 -15.310438 44.698353 589.423010 0.466861 0.869923 -0.158980 -0.776073 0.316846 -0.545269 0.423970 -0.377945 -0.823047
-7.201654 -8.173011 -48.342286 -59.402850 0.341775 0.938268 -0.053326 -0.520682 0.236291 0.820400 -0.782355 0.252626 -0.569298
-6.478574 -8.620521 -48.178521 -45.110523 0.250166 0.965478 -0.072594 -0.469430 0.186527 0.863043 -0.846790 0.181826 -0.499886
-7.288786 -9.056487 -79.698618 -51.904779 0.321402 0.942431 -0.092327 -0.390711 0.220794 0.893642 -0.862581 0.251145 -0.439181
-6.270741 -9.101298 -53.649189 -23.353860 0.189222 0.978053 -0.087224 -0.370379 0.153359 0.916134 -0.909404 0.141046 -0.391269
-0.751702 -3.447764 23.035816 -3.146899 0.010876 0.975762 0.218564 -0.650028 0.172991 -0.739958 0.759832 0.134025 -0.636154
-0.474601 -2.915147 12.946396 -8.688442 0.030773 0.968710 0.246281 -0.656007 0.205477 -0.726246 0.754127 0.139213 -0.641804
-0.157757 -2.907326 18.627454 21.060131 0.132435 0.923854 0.359102 -0.619934 0.359890 -0.697253 0.773397 0.130279 -0.620390
0.272140 -2.653132 24.761297 33.406501 0.206330 0.871741 0.444405 -0.598907 0.471676 -0.647172 0.773782 0.132626 -0.619413
0.281123 -3.031812 15.258357 43.609988 0.208701 0.872201 0.442390 -0.577164 0.475022 -0.664256 0.789509 0.116701 -0.602541
-0.058555 -3.411470 25.284754 26.382018 0.169522 0.902410 0.396129 -0.573367 0.417228 -0.705103 0.801569 0.107597 -0.588142
2.543036 -14.169687 207.022779 86.240356 0.424744 0.066587 0.902862 0.749063 -0.585930 -0.309177 0.508427 0.807621 -0.298748
4.725103 -13.931248 230.244724 236.552535 0.488594 0.047682 0.871207 0.660354 -0.672829 -0.333518 0.570270 0.738260 -0.360227
3.837404 -12.638418 275.308548 223.414735 0.439930 0.027111 0.897623 0.609919 -0.742664 -0.276494 0.659136 0.669115 -0.343256
2.035482 -12.881596 -201.577836 -199.557036 -0.437177 -0.060004 -0.897372 -0.609999 0.752979 0.246828 0.660891 0.655304 -0.365787
2.068868 -7.405919 -234.783137 -37.315229 0.120724 0.986179 -0.113478 -0.919089 0.154236 0.362610 -0.375100 -0.060521 -0.925006
2.660834 -6.820215 -235.012704 -28.427576 0.135969 0.983971 -0.115389 -0.959600 0.159762 0.231612 -0.246334 -0.079235 -0.965941
4.756675 -7.138014 -255.755217 -35.356449 0.124266 0.988792 -0.082759 -0.948029 0.142936 0.284271 -0.292914 -0.043132 -0.955165
5.238984 -7.546171 -271.325145 -29.799753 0.115306 0.990420 -0.075980 -0.915840 0.135618 0.377948 -0.384631 -0.026006 -0.922704
3.648650 -7.747527 -204.528345 -26.933468 0.109835 0.990936 -0.077347 -0.870040 0.133477 0.474568 -0.480591 -0.015171 -0.876814
0.517483 -7.857886 -212.071501 -29.436541 0.093367 0.988865 -0.115879 -0.855966 0.139171 0.497949 -0.508531 -0.052697 -0.859429
0.281356 -5.600658 16.178539 25.484952 0.792179 -0.610126 -0.014099 0.450210 0.599832 -0.661447 -0.412023 -0.517637 -0.749859
0.338606 -5.808238 12.057659 -29.265357 0.794027 -0.607686 -0.015444 0.467586 0.626808 -0.623278 -0.388437 -0.487678 -0.781848
0.070059 -5.803479 -26.888046 -32.054488 0.778714 -0.627112 -0.018325 0.481504 0.616121 -0.623337 -0.402192 -0.476578 -0.781739
-0.029002 -5.671418 -29.989654 19.497355 0.782320 -0.622217 -0.028665 0.448735 0.594922 -0.666862 -0.431986 -0.508836 -0.744630
-0.091534 -5.940600 -54.973987 -51.648291 0.762828 -0.646319 -0.019106 0.488430 0.595337 -0.637973 -0.423709 -0.477332 -0.769821
-0.412661 -6.135566 -87.787399 -55.650242 0.755927 -0.653871 -0.032054 0.532213 0.642317 -0.551524 -0.381214 -0.399852 -0.833543
-3.055963 -9.918707 49.755678 -280.642103 -0.135993 0.988559 -0.065238 0.715073 0.052368 -0.697086 0.685694 0.141449 0.714014
-4.430435 -13.699822 51.820524 -308.520796 -0.167040 0.985551 -0.028054 0.568971 0.073119 -0.819100 0.805214 0.152785 0.572964
-3.350526 -9.800224 95.526383 -244.913530 -0.272470 0.962155 0.004188 0.672274 0.193490 -0.714569 0.688337 0.191883 0.699552
-2.070925 -6.884609 23.609214 -143.755085 -0.145174 0.988089 -0.051025 0.767041 0.079822 -0.636613 0.624958 0.131558 0.769494
3.724970 -14.072266 -26.726535 167.370061 -0.056530 0.979662 -0.192529 0.852759 -0.052911 -0.519618 0.519237 0.193555 0.832424
4.007074 -15.293267 -6.717427 37.012070 -0.055470 0.980631 -0.187848 0.958593 -0.000328 -0.284780 0.279326 0.195866 0.940007
2.879347 -15.219865 75.659105 66.320130 -0.095188 0.956785 -0.274775 0.942766 -0.001969 -0.333450 0.319581 0.290789 0.901837
1.746337 -15.158060 -102.271181 14.032868 0.131873 -0.940616 0.312813 0.958731 0.040841 -0.281366 0.251882 0.337008 0.907183
1.877295 -14.474958 91.793400 121.968668 -0.130204 0.941076 -0.312126 0.863918 -0.046788 -0.501454 0.486510 0.334943 0.806921
3.091699 -13.722145 65.630873 152.762200 -0.096914 0.957824 -0.270518 0.841570 -0.066251 -0.536069 0.531382 0.279613 0.799656
0.791888 -5.152367 5.680039 4.975805 0.721552 -0.639220 -0.266008 0.442565 0.721290 -0.532801 0.532446 0.266717 0.803345
0.797371 -5.400593 9.241112 -47.718172 0.725166 -0.629843 -0.278266 0.466910 0.746803 -0.473582 0.506092 0.213501 0.835636
0.874417 -5.723420 -7.654123 -3.536917 0.735496 -0.626289 -0.258472 0.485403 0.753232 -0.443875 0.472684 0.201006 0.858002
0.533272 -4.834293 18.764935 -0.629020 0.723663 -0.622268 -0.298488 0.404967 0.733073 -0.546448 0.558851 0.274566 0.782496
0.839273 -5.663419 -19.794251 27.366288 -0.704447 0.668309 0.238993 0.421871 0.665051 -0.616224 0.570771 0.333273 0.750433
0.550920 -5.472122 -27.913229 20.700894 -0.698726 0.668925 0.253617 0.406818 0.663148 -0.628278 0.588457 0.335818 0.735490
1.023495 -5.472149 -74.147375 -2.721443 0.368264 0.875436 -0.313038 0.913294 -0.277620 0.298029 0.173999 -0.395649 -0.901768
1.917744 -5.041778 -11.289303 3.217238 0.329358 0.901404 -0.281059 0.929042 -0.256247 0.266868 0.168536 -0.349011 -0.921839
1.174399 -5.136170 -41.277876 -3.508895 0.399378 0.871166 -0.285599 0.911047 -0.342327 0.229793 0.102420 -0.351969 -0.930391
-0.134484 -5.626634 -108.046257 -19.254283 0.417655 0.855088 -0.307229 0.901722 -0.348532 0.255780 0.111636 -0.383863 -0.916617
436.061301 -38.842692 -23712.753721 447.500904 0.108325 -0.675561 0.729303 -0.261327 0.688468 0.676551 -0.959153 -0.263874 -0.101964
73.451193 -17.757444 1712.570780 396.874871 0.706633 -0.435933 0.557343 0.354619 -0.463428 -0.812084 -0.612303 -0.771490 0.172884
171.435579 -20.765529 9003.473337 -420.416409 -0.069757 0.799274 -0.596905 -0.500224 0.489671 0.714142 -0.863082 -0.348402 -0.365658
27.430877 -8.660083 -1692.657963 -84.420603 0.686345 -0.686405 -0.240373 0.687096 0.720322 -0.095050 0.238389 -0.099922 0.966016
49.426096 -9.786235 2855.657236 65.522123 -0.649965 0.720719 0.241059 0.729912 0.680344 -0.066038 0.211598 -0.133029 0.968261
38.698226 -7.009242 -2018.363622 -52.411419 0.479622 -0.851797 -0.210724 0.865023 0.499293 -0.049412 0.147302 -0.158582 0.976296
-0.528920 -6.797200 -19.097668 -31.592224 0.676017 -0.702994 -0.220907 0.700211 0.706225 -0.104647 0.229576 -0.083938 0.969665
-0.118358 -6.658336 69.733758 27.328711 -0.654984 0.727098 0.205729 0.735595 0.675818 -0.046584 0.172906 -0.120821 0.977500
-1.145168 -8.817027 -42.350652 -77.534342 0.973951 0.126507 -0.188190 -0.196771 0.883966 -0.424130 -0.112698 -0.450112 -0.885832
-1.710391 -8.575075 -21.558973 -67.577436 0.988603 0.071884 -0.132272 -0.121591 0.899329 -0.420028 -0.088763 -0.431324 -0.897820
-0.644470 -8.578294 29.228065 40.255396 0.997498 -0.045228 -0.054334 0.010585 0.855458 -0.517764 -0.069898 -0.515894 -0.853796
-0.536537 -9.109744 -48.447648 34.981690 0.981656 0.079472 -0.173306 -0.158393 0.845897 -0.509284 -0.106125 -0.527393 -0.842968
-0.021126 -11.691702 -17.780099 285.850538 0.993834 -0.001670 -0.110862 -0.064119 0.807070 -0.586964 -0.090454 -0.590454 -0.801987
1.266212 -10.236096 113.212806 213.582286 0.992801 -0.118272 0.018900 0.105724 0.791224 -0.602317 -0.056283 -0.599980 -0.798033
1.423219 -9.765333 117.450226 154.607908 0.963080 -0.244648 0.112358 0.263911 0.775516 -0.573520 -0.053175 -0.581999 -0.811449
-1.181862 -22.225565 36.590139 -188.110231 -0.130016 0.929620 0.344822 0.069945 -0.338308 0.938432 -0.989042 -0.146129 0.021037
-1.413017 -19.667921 34.182263 -129.213414 -0.146639 0.933705 0.326638 -0.094963 -0.341970 0.934900 -0.984621 -0.106074 -0.138813
-1.463359 -22.562087 32.556265 -276.501810 -0.154400 0.925926 0.344706 0.108523 -0.330885 0.937410 -0.982030 -0.182145 0.049395
1.928000 -14.418741 -1.718422 -230.429364 0.657372 0.173678 0.733279 0.749996 -0.056185 -0.659051 -0.073264 0.983199 -0.167192
3.011965 -15.029383 2.929614 12.382499 0.631242 0.170902 0.756522 0.758815 -0.337838 -0.556835 0.160418 0.925558 -0.342941
2.470302 -14.628170 -39.374757 -131.137044 0.575036 0.187516 0.796349 0.815620 -0.207549 -0.540080 0.064008 0.960084 -0.272290
0.937187 -13.005252 -0.493380 -282.015173 0.592510 0.169978 0.787426 0.790986 0.062352 -0.608649 -0.152555 0.983473 -0.097506
0.083145 -11.318991 -25.271441 -221.433625 0.659640 0.176886 0.730470 0.712964 0.160265 -0.682640 -0.237818 0.971095 -0.020396
-5.160911 -115.744901 -293.852674 -4673.186048 0.790209 -0.562712 -0.242745 -0.040905 -0.443647 0.895267 0.611471 0.697519 0.373592
2.712265 -87.069954 -390.019980 -2937.823313 0.759233 -0.628649 -0.168425 -0.125751 -0.395613 0.909768 0.638555 0.669546 0.379416
-5.166758 -119.992382 -48.182044 -5007.196182 0.849455 -0.481466 -0.215910 -0.240998 -0.718017 0.652972 0.469411 0.502636 0.725955
-54.811617 -2657.125065 2813.402376 734941.689462 -0.406211 0.905223 -0.124757 -0.479153 -0.094755 0.872602 -0.778078 -0.414238 -0.472231
-81.574351 -663.951079 4293.202161 156045.513448 -0.325957 0.934692 0.141784 0.570821 0.075035 0.817639 -0.753602 -0.347448 0.558000
-22.703268 -1202.629700 414.128178 -155706.870510 -0.325078 0.945659 -0.007378 -0.874498 -0.297628 0.382977 -0.359969 -0.130949 -0.923729
-115.802920 -2363.202526 4743.485129 -290342.120932 -0.224253 0.964289 -0.140919 -0.838532 -0.264610 -0.476284 0.496564 -0.011356 -0.867926
-37.499567 -661.942652 1778.741001 169280.335975 -0.229521 0.972561 0.038021 -0.143454 0.004834 -0.989645 0.962674 0.232599 -0.138408
0.866253 -5.195831 -17.321231 81.877169 -0.008340 0.932408 -0.361312 -0.041884 0.360682 0.931748 -0.999088 -0.022904 -0.036044
0.995979 -4.669614 23.121821 23.792763 0.026821 0.919410 -0.392385 -0.013768 0.392829 0.919508 -0.999545 0.019260 -0.023195
0.899311 -4.641434 -33.384916 28.119676 -0.016800 0.925757 -0.377745 0.005434 0.377877 0.925840 -0.999844 -0.013501 0.011379
0.645703 -5.429204 -58.448689 83.343418 -0.036256 0.942343 -0.332680 -0.038159 0.331351 0.942736 -0.998614 -0.046875 -0.023946
0.811108 -4.356167 -19.012056 30.428673 -0.016204 0.930643 -0.365569 0.074703 0.365722 0.927721 -0.997074 0.012276 0.075448
0.442954 -5.254799 -58.524527 59.484541 -0.037513 0.946653 -0.320064 0.005507 0.320480 0.947239 -0.999281 -0.033771 0.017235
0.769587 -5.251835 -113.382309 -41.960090 0.591253 0.225268 0.774386 0.683064 0.370615 -0.629339 -0.428769 0.901054 0.065255
1.889849 -5.090277 -123.276158 30.453180 0.670884 0.253210 0.696993 -0.612261 -0.341160 0.713265 -0.418392 0.905259 0.073848
1.757649 -5.124024 -142.650889 20.891702 0.619195 0.242565 0.746833 0.634703 0.405378 -0.657891 -0.462331 0.881380 0.097051
-1.026629 -4.765728 -3.702439 18.451399 0.044662 0.990721 -0.128365 0.082976 0.124370 0.988760 -0.995550 0.054811 0.076652
-1.307654 -5.019400 -30.527114 37.902136 0.028010 0.991465 -0.127328 0.072790 0.125017 0.989481 -0.996954 0.036983 0.068667
-1.015392 -4.768997 -26.266048 16.215339 0.018754 0.990756 -0.134355 0.118988 0.131212 0.984188 -0.992719 0.034445 0.115428
-0.540378 -6.300910 18.341182 -82.579065 0.786000 -0.615167 0.061432 0.605520 0.745993 -0.277200 -0.124696 -0.255078 -0.958846
-0.408492 -6.437159 16.433315 -14.333260 0.778886 -0.624467 0.058119 0.607745 0.728637 -0.315806 -0.154863 -0.281299 -0.947042
-0.653252 -6.720971 7.784721 -25.769971 0.777991 -0.626700 0.044468 0.603925 0.726448 -0.327946 -0.173220 -0.281994 -0.943649
-0.216612 -6.384004 29.912097 -34.979957 0.760698 -0.643896 0.082080 0.634262 0.710448 -0.304918 -0.138022 -0.284011 -0.948835
0.839734 -27.184026 27.624232 540.802716 -0.352202 0.882673 -0.311195 -0.903303 -0.407605 -0.133797 0.244943 -0.233980 -0.940881
0.763028 -22.340945 4.669009 -163.946022 -0.374020 0.862650 -0.340505 0.925960 0.367949 -0.084923 0.052029 -0.347057 -0.936400
0.604392 -22.691278 25.835177 -187.472173 -0.361975 0.875196 -0.320947 0.932165 0.342226 -0.118106 0.006471 -0.341927 -0.939704
4.012590 -25.118599 -86.069634 -801.227816 0.831690 -0.401122 -0.383917 0.555240 0.600571 0.575345 0.000214 0.691675 -0.722208
2.642644 -15.326612 27.581392 -290.561929 0.798254 -0.426367 -0.425444 0.600023 0.624549 0.499910 -0.052566 0.654331 -0.754379
3.436501 -14.664865 -68.786290 -200.229779 0.768344 -0.464359 -0.440476 0.627287 0.683024 0.374150 -0.127116 0.563781 -0.816084
2.610308 -26.521013 -11.342193 -832.044125 0.862391 -0.362131 -0.353755 0.503753 0.544648 0.670516 0.050143 0.756452 -0.652124
6.103607 -22.726506 -254.521759 -711.670521 0.808334 -0.438306 -0.393044 0.582474 0.692440 0.425735 -0.085557 0.573074 -0.815025
4.070347 -37.548303 -102.005180 -1301.460306 0.866929 -0.361603 -0.343040 0.480415 0.422843 0.768379 0.132796 0.830931 -0.540294
6.567615 -36.540249 -212.989975 -1250.676424 0.845805 -0.418924 -0.330327 0.523782 0.534485 0.663309 0.101321 0.734049 -0.671495
-4.467042 -5.401134 58.486055 -105.465166 -0.355126 0.787714 0.503381 0.738712 0.566461 -0.365277 0.572879 -0.242134 0.783058
-1.605719 -4.935349 -344.442959 -21.926998 0.666848 0.741864 -0.070359 0.571280 -0.569561 -0.590964 0.478489 -0.353889 0.803624
-3.329323 -5.247631 -323.916757 4.983951 0.783551 0.562858 -0.263132 -0.320000 0.728587 0.605608 0.532586 -0.390323 0.750999
-4.813088 -7.693435 26.065563 7.065068 0.800635 0.196322 -0.566075 0.404955 -0.873635 0.269765 0.441582 0.445218 0.778965
-4.657251 -7.905502 4.839680 33.378424 0.811406 0.130235 -0.569789 0.392293 -0.844006 0.365731 0.433275 0.520281 0.735922
-5.032494 -7.984981 16.524264 36.399760 0.850404 0.151240 -0.503924 0.386820 -0.828951 0.403994 0.356628 0.538486 0.763446
9.375240 -11.257234 -375.701935 -88.148972 0.328966 0.747281 -0.577367 0.614764 -0.633566 -0.469744 0.716831 0.200414 0.667823
8.687915 -12.367050 -341.072977 -71.465431 0.311202 0.840420 -0.443676 0.765200 -0.498450 -0.407451 0.563580 0.212701 0.798208
12.961571 -11.978217 -470.107366 -22.077950 0.325432 0.730229 -0.600715 0.707630 -0.609463 -0.357511 0.627179 0.308738 0.715071
11.715192 -9.733317 -333.168183 42.566077 0.240764 0.613311 -0.752251 -0.493465 0.744753 0.449260 0.835778 0.263044 0.481958
7.763451 -10.363100 -367.330498 11.940614 0.306232 0.716920 -0.626296 0.395485 -0.694253 -0.601335 0.865918 0.063543 0.496134
14.641764 -10.713008 -393.373051 29.770358 0.268268 0.615404 -0.741155 -0.626343 0.695968 0.351173 0.731933 0.370009 0.572160
-0.564600 -2.156346 -41.383881 38.305835 0.180563 0.980159 0.081766 0.600938 -0.044127 -0.798077 0.778634 -0.193240 0.596982
-0.585786 -1.659263 9.150537 -0.385800 -0.046260 0.934265 0.353565 0.599939 0.308985 -0.737971 0.798707 -0.177979 0.574796
-0.688808 -1.986469 -3.369119 16.638941 0.040051 0.970329 0.238450 0.600377 0.167389 -0.782003 0.798713 -0.174480 0.575859
-0.894185 -2.417928 -2.624453 47.194172 0.182713 0.982051 0.046816 0.585868 -0.070515 -0.807333 0.789541 -0.174938 0.588237
-1.224262 -3.067615 -19.312396 66.111515 0.263845 0.963607 -0.042973 0.584344 -0.195127 -0.787698 0.767417 -0.182719 0.614561
-0.550843 -3.039695 -101.097994 63.097056 0.281118 0.959344 -0.025137 0.597444 -0.195448 -0.777728 0.751022 -0.203616 0.628098
0.690793 -2.510229 -124.652672 58.066093 0.304794 0.950972 -0.052461 0.580379 -0.229125 -0.781449 0.755157 -0.207734 0.621760
-2.489980 -7.515092 25.102201 -5.628202 0.145686 0.948164 -0.282418 0.852086 0.024800 0.522814 -0.502717 0.316811 0.804305
-2.881770 -7.577227 33.831607 -6.089421 0.132542 0.948677 -0.287130 0.885430 0.016872 0.464466 -0.445473 0.315795 0.837751
-2.006245 -7.487640 69.350747 14.643990 0.145773 0.932120 -0.331515 0.893291 0.020001 0.449034 -0.425184 0.361596 0.829739
1.281576 -7.023836 -162.107911 5.406856 -0.052793 -0.442212 0.895356 -0.559696 0.755645 0.340208 -0.827015 -0.483167 -0.287397
1.288190 -7.343051 -169.633771 27.993516 -0.081089 -0.379269 0.921726 -0.454946 0.836900 0.304341 -0.886820 -0.394657 -0.240410
4.802748 -7.114901 -263.439125 -4.025452 -0.132520 -0.303456 0.943585 -0.522099 0.830578 0.193787 -0.842527 -0.466964 -0.268502
1.266337 -5.849766 -29.797825 -30.502617 -0.131817 0.610941 -0.780625 -0.612044 0.569303 0.548904 -0.779760 -0.550132 -0.298879
-0.829554 -6.967480 -34.643471 15.325203 0.080328 -0.581023 0.809913 -0.532104 0.662080 0.527745 -0.842860 -0.473351 -0.255981
6.291044 -7.166870 -344.545766 -26.984505 -0.170717 -0.322255 0.931132 -0.623892 0.766786 0.150990 -0.762637 -0.555149 -0.331956
-1.187973 -7.766807 -41.935347 9.343230 0.223998 0.974368 0.020791 0.788936 -0.193812 0.583110 -0.572193 0.114213 0.812127
-1.141281 -7.761586 -25.790565 -41.770540 0.181403 0.983125 -0.023610 0.764566 -0.125894 0.632131 -0.618492 0.132722 0.774502
-0.594517 -7.888582 2.670259 -119.556518 0.169457 0.984146 -0.052357 0.686834 -0.079831 0.722417 -0.706784 0.158379 0.689472
-0.476466 -7.727791 -15.051722 -42.610303 0.257098 0.966174 0.020204 0.677526 -0.195118 0.709146 -0.689101 0.168631 0.704772
5.501923 -12.070119 -53.632122 84.387429 0.517183 0.855714 0.016619 0.529606 -0.335220 0.779196 -0.672339 0.394185 0.626561
5.339323 -12.575551 -13.637785 -10.036416 0.606486 0.794974 0.013801 0.518246 -0.408415 0.751411 -0.602988 0.448568 0.659691
3.822129 -14.043482 -42.110994 -222.096805 0.522054 0.852453 0.028008 0.584248 -0.381339 0.716404 -0.621381 0.357638 0.697124
3.790599 -13.052884 -77.865730 -111.543218 0.422353 0.906055 0.026122 0.604009 -0.302810 0.737210 -0.675863 0.295585 0.675158
5.513704 -12.497148 -94.963057 133.834978 0.427401 0.903723 0.024765 0.489930 -0.254553 0.833769 -0.759800 0.344221 0.551557
1.479964 -12.468332 8.033316 136.655328 0.896339 0.443258 -0.009930 0.442749 -0.896045 -0.032814 0.023443 -0.025016 0.999412
1.050274 -11.766741 23.318474 -72.227215 0.898232 0.437455 -0.042574 -0.434364 0.898313 0.066035 0.067133 -0.040822 0.996909
0.944567 -10.095652 -13.062438 -14.736737 0.904538 0.425639 -0.025326 0.414142 -0.891134 -0.185381 0.101474 -0.157196 0.982340
-0.068368 -18.686840 -4.527259 -157.834779 0.730422 0.643440 0.229062 0.048174 -0.383078 0.922459 -0.681296 0.662749 0.310805
-0.190006 -16.941125 23.100042 -134.561320 0.734242 0.650514 0.194215 -0.011921 -0.273681 0.961747 -0.678783 0.708470 0.193193
0.065234 -17.401505 14.101003 -117.218737 0.736855 0.647775 0.193475 -0.067605 -0.214146 0.974459 -0.672662 0.731115 0.114002
0.218527 -19.428242 -51.399993 -178.280358 0.717309 0.661003 0.220325 -0.012627 -0.303832 0.952642 -0.696641 0.686121 0.209595
3.860349 -17.372603 95.786703 -266.053801 -0.006219 0.791987 -0.610506 -0.700339 -0.439235 -0.562670 0.713783 -0.424062 -0.557391
6.357660 -10.126066 241.999543 80.540160 -0.196238 0.591864 -0.781785 0.667247 0.664829 0.335833 0.718520 -0.455741 -0.525384
2.545406 -14.313979 27.717560 -52.263420 0.043454 0.814120 -0.579068 -0.557307 -0.461300 -0.690370 0.829169 -0.352718 -0.433669
2.004738 -15.849969 -10.047510 -107.961854 0.078414 0.850659 -0.519837 -0.536985 -0.403293 -0.740947 0.839940 -0.337245 -0.425167
2.185489 -19.950591 27.239222 -352.998637 0.063931 0.843415 -0.533445 -0.663862 -0.363168 -0.653755 0.745117 -0.395930 -0.536694
41.098135 -10.650000 396.418138 121.107061 -0.372638 -0.102656 -0.922281 0.802103 0.464161 -0.375745 0.466660 -0.879782 -0.090623
201.452903 -26.663259 12734.688951 83.911733 -0.528671 0.571458 -0.627649 0.848385 0.379599 -0.368982 0.027397 -0.727558 -0.685499
89.000839 -10.187749 929.326205 21.329231 -0.479228 -0.052405 -0.876124 0.831752 0.291595 -0.472399 0.280229 -0.955105 -0.096153
53.962563 -21.871611 3105.726685 -444.859099 -0.331386 0.771923 -0.542510 0.936024 0.196757 -0.291799 -0.118503 -0.604501 -0.787741
-0.324884 -9.448558 -37.068416 -169.830071 0.322860 0.944853 0.054912 0.724853 -0.209545 -0.656261 0.608564 -0.251683 0.752533
-0.563195 -9.324613 -26.608935 -41.889841 0.325355 0.945436 0.017169 0.589334 -0.188543 -0.785581 0.739479 -0.265711 0.618521
-1.240612 -8.782924 -108.478165 -91.282110 0.336739 0.938594 0.075161 0.719676 -0.205079 -0.663331 0.607184 -0.277461 0.744542
0.011546 -8.165867 -74.426996 -105.929597 0.302854 0.948147 0.096423 0.769562 -0.183613 -0.611605 0.562186 -0.259431 0.785266
-0.886925 -7.653998 -174.312726 -4.172473 0.323175 0.936752 0.134366 0.770065 -0.177785 -0.612693 0.550053 -0.301478 0.778815
-2.068825 -8.456630 -78.915008 -40.088884 0.322894 0.944647 0.058156 0.708106 -0.200357 -0.677084 0.627954 -0.259807 0.733604
-1.893557 -7.703830 -155.663867 -22.807803 0.362252 0.926962 0.097548 0.779978 -0.244175 -0.576205 0.510302 -0.284817 0.811463
-1.807872 -8.559974 -73.883115 -75.484229 0.313663 0.947466 0.062645 0.668270 -0.173402 -0.723427 0.674560 -0.268776 0.687553
19.536740 -12.096610 1602.998543 -30.799633 -0.487064 0.397201 0.777818 0.753313 0.641697 0.144030 -0.441914 0.656092 -0.611764
-2.556801 -13.571756 12.616577 -73.245282 -0.584215 0.341974 0.736034 0.700169 0.670992 0.243994 -0.410434 0.657893 -0.631443
8.473741 -12.470667 586.672805 41.893326 -0.469552 0.464183 0.751036 0.719421 0.694266 0.020690 -0.511815 0.550026 -0.659937
30.945486 -11.136279 1688.998346 98.387925 -0.435349 0.430724 0.790536 0.766844 0.637437 0.074994 -0.471615 0.638867 -0.607806
437.743071 -29.382461 25560.173800 0.168573 -0.467798 0.328090 0.820684 0.778512 0.592558 0.206869 -0.418431 0.735685 -0.532619
-9.924095 -17.265835 255.430527 105.681172 -0.259783 0.932177 -0.252110 0.906104 0.325577 0.270138 -0.333898 0.158261 0.929229
-6.872187 -17.388064 195.939393 90.131505 -0.249999 0.903402 -0.348375 0.859990 0.372494 0.348807 -0.444880 0.212398 0.870039
-11.222495 -18.785591 302.425081 156.118554 -0.377626 0.867820 -0.322936 0.760985 0.489557 0.425717 -0.527541 0.084988 0.845267
-14.522289 -18.939067 361.455784 235.537036 -0.475680 0.848732 -0.231048 0.793885 0.527352 0.302731 -0.378781 0.039422 0.924646
-15.360303 -20.063253 294.785182 134.377297 -0.586147 0.746463 -0.315000 0.557519 0.653713 0.511695 -0.587881 -0.124309 0.799339
-11.027005 -19.682969 334.422774 101.069185 -0.342554 0.869492 -0.355866 0.611284 0.493915 0.618369 -0.713434 0.005711 0.700699
-1.421851 -7.018437 -111.224794 -31.701990 -0.113070 -0.955478 0.272538 0.992704 -0.097071 0.071532 -0.041891 0.278637 0.959482
-2.057158 -6.466872 -93.898977 -30.186838 -0.137426 -0.954979 0.262923 0.975809 -0.084963 0.201441 -0.170034 0.284246 0.943553
-2.757492 -6.628488 -14.622759 -21.283703 -0.057193 -0.970717 0.233317 0.994158 -0.033949 0.102455 -0.091534 0.237814 0.966988
-2.607027 -7.019821 -8.254962 -39.898859 -0.020535 -0.974082 0.225260 0.999560 -0.015178 0.025489 -0.021409 0.225685 0.973965
-2.234250 -7.199374 -43.895382 -30.234421 -0.042595 -0.966716 0.252283 0.997500 -0.055401 -0.043873 0.056390 0.249783 0.966658
5.112321 -3.667376 147.155914 70.702805 -0.558231 -0.402437 -0.725550 -0.365445 0.904353 -0.220443 0.744868 0.142091 -0.651906
2.210203 -5.469695 299.869767 44.163088 -0.621239 -0.492746 -0.609314 -0.393126 0.868608 -0.301616 0.677875 0.052162 -0.733324
4.013408 -4.977855 169.494054 68.373800 -0.523714 -0.559507 -0.642399 -0.387896 0.827994 -0.404923 0.758459 0.037120 -0.650662
3.413403 -6.031881 126.566135 51.510755 -0.479359 -0.655398 -0.583669 -0.373515 0.754176 -0.540097 0.794167 -0.040891 -0.606322
4.520361 -4.807587 16.630903 64.044535 -0.441687 -0.594279 -0.672120 -0.352650 0.803856 -0.479013 0.824955 0.025450 -0.564625
5.135170 -3.548165 17.053537 63.755064 -0.465012 -0.476660 -0.746029 -0.354570 0.872418 -0.336404 0.811199 0.108087 -0.574694
-39.208093 -98.024325 1115.539309 6386.281209 -0.271454 0.122584 0.954613 0.752799 -0.590950 0.289951 0.599672 0.797340 0.068135
-0.493142 -147.967309 1555.725524 9239.406422 0.780800 -0.436156 0.447347 -0.173826 0.536087 0.826072 0.600113 0.722758 -0.342762
-3.309203 -133.965889 930.776614 -2457.280782 -0.091030 0.250875 -0.963730 -0.549692 0.794303 0.258692 0.830393 0.553303 0.065599
16.065444 -41.928338 -1462.995225 2246.232998 0.680850 -0.407709 0.608454 -0.577204 0.212706 0.788411 0.450864 0.887992 0.090511
-15.118243 -117.704105 -466.751859 3301.238929 -0.106498 -0.123468 0.986617 0.894734 -0.444721 0.040926 0.433717 0.887118 0.157833
-18.085488 -58.447400 -138.483997 -127.113052 0.162471 -0.283239 0.945187 0.876791 -0.397941 -0.269963 0.452593 0.872593 0.183688
1.260538 -5.808753 -38.327577 3.293485 0.288099 0.954704 0.074423 0.860097 -0.292149 0.418188 -0.420989 0.056468 0.905307
1.021006 -6.029332 -24.051904 -2.926355 0.288720 0.953312 0.088522 0.871181 -0.299938 0.388691 -0.397095 0.035104 0.917106
0.893833 -5.716095 -19.053824 -18.159381 0.315568 0.945013 0.085834 0.812762 -0.315869 0.489534 -0.489729 0.084718 0.867749
2.142946 -5.699575 -77.667300 0.715295 0.268568 0.961789 0.053234 0.850841 -0.262770 0.454995 -0.451598 0.076904 0.888901
1.626597 -5.600898 -71.735679 -13.413388 0.288012 0.955304 0.066654 0.797692 -0.277840 0.535250 -0.529845 0.100989 0.842060
0.298475 -5.722406 -11.487378 -39.532837 0.350896 0.928584 0.120847 0.759915 -0.357786 0.542696 -0.547176 0.098597 0.831190
0.399914 -5.492481 -4.472286 -20.372011 0.331406 0.938718 0.094754 0.759261 -0.324965 0.563844 -0.560082 0.114918 0.820428
0.833185 -5.536029 -39.207349 -13.750414 0.307538 0.948201 0.079597 0.771204 -0.297381 0.562858 -0.557373 0.111715 0.822712
-2.394960 -4.915097 -64.440394 -27.506048 0.441535 0.889874 0.114766 0.474921 -0.340311 0.811566 -0.761247 0.303830 0.572879
-1.588572 -4.324306 -65.347541 -25.918906 0.473025 0.850756 0.229047 0.372481 -0.428700 0.823088 -0.798439 0.304025 0.519676
-1.856506 -4.881456 -70.558557 -26.734231 0.422597 0.897844 0.123647 0.502369 -0.345605 0.792580 -0.754346 0.272825 0.597100
-2.566344 -5.257586 -43.677531 -10.422831 0.400381 0.915888 0.029041 0.598910 -0.285538 0.748181 -0.693542 0.282165 0.662859
-1.965001 -5.138911 -51.586762 -17.905626 0.388847 0.919858 0.051558 0.606701 -0.297780 0.737049 -0.693333 0.255319 0.673870
0.336568 -8.426334 70.241901 -7.391436 0.389405 0.918863 0.063668 0.028945 -0.081298 0.996269 -0.920612 0.386110 0.058254
-0.083722 -8.449917 91.547501 -7.019485 0.395389 0.917339 0.046434 0.100971 -0.093656 0.990471 -0.912947 0.386933 0.129655
0.531175 -8.152650 72.578752 23.981253 0.392616 0.917771 0.059568 0.207075 -0.151319 0.966552 -0.896087 0.367149 0.249458
0.221186 -4.748596 34.649593 -43.751313 0.228880 0.971177 -0.066547 0.942489 -0.203975 0.264782 -0.243576 0.123323 0.962009
0.352189 -4.046481 53.274678 -49.814602 0.184164 0.978548 -0.092347 0.932491 -0.144246 0.331139 -0.310715 0.147097 0.939052
0.046338 -4.355933 16.250888 -41.143463 0.215600 0.974829 -0.056798 0.933127 -0.188539 0.306150 -0.287735 0.119006 0.950287
-0.205332 -5.414204 6.923236 -46.497124 0.267688 0.962875 -0.034849 0.937438 -0.251919 0.240308 -0.222607 0.096996 0.970071
0.075955 -5.779783 22.529292 -62.476428 0.267182 0.962405 -0.048901 0.947119 -0.252903 0.197496 -0.177703 0.099082 0.979083
0.873371 -31.778575 -17.368416 116.162826 0.795525 0.605319 0.027001 -0.443897 0.551890 0.705955 -0.412427 0.573591 -0.707741
0.441708 -38.839411 -22.688097 642.604708 0.789894 0.608926 0.072647 -0.368664 0.376851 0.849747 -0.490056 0.697992 -0.522161
0.582776 -30.610829 26.716184 139.714087 0.793550 0.604306 0.071370 -0.301207 0.288182 0.908970 -0.528728 0.742809 -0.410708
0.357761 -37.811714 28.486182 576.593519 0.789412 0.604103 0.109036 -0.196975 0.081048 0.977053 -0.581403 0.792774 -0.182973
0.541015 -30.272109 82.679506 86.585731 0.782520 0.605891 0.143382 -0.154814 -0.033712 0.987368 -0.603071 0.794833 -0.067420
6.184103 -41.496101 0.112281 742.520733 0.551969 0.806741 0.210948 -0.095271 0.312332 -0.945184 0.828404 -0.501615 -0.249256
5.944004 -42.522616 -48.349283 -172.847453 0.610136 0.763965 0.209980 0.201249 0.106898 -0.973690 0.766311 -0.636341 0.088525
6.582751 -43.182268 -32.791553 -640.002104 0.511210 0.835810 0.200216 0.280080 0.058230 -0.958209 0.812539 -0.545923 0.204326
5.968535 -39.733156 -5.994537 517.632749 0.464305 0.867780 0.177141 -0.089894 0.245147 -0.965309 0.881102 -0.432274 -0.191831
7.716256 -42.949946 -88.139207 -1176.297039 0.447494 0.878017 0.169808 0.567415 -0.131999 -0.812783 0.691223 -0.460068 0.557269
7.681477 -40.706512 -58.872100 -516.045137 0.406083 0.902091 0.146045 0.244328 0.046821 -0.968562 0.880568 -0.428999 0.201393
-6.540595 -56.765033 -61.904756 -2536.055683 0.827012 -0.463864 0.317618 0.401243 0.091305 -0.911409 -0.393770 -0.881189 -0.261633
-11.483333 -33.260082 -234.810884 -1391.259667 0.679896 -0.429857 0.594109 0.553747 -0.230169 -0.800241 -0.480735 -0.873066 -0.081541
-8.865147 -31.573288 -176.676818 -1782.180666 0.782413 -0.476658 0.400782 0.363735 -0.172605 -0.915371 -0.505496 -0.861977 -0.038329
3.216046 -5.594857 -137.276305 50.205757 0.305940 0.945138 -0.114516 0.713683 -0.307287 -0.629469 0.630124 -0.110851 0.768541
3.363729 -4.843229 -124.585723 61.561434 0.309056 0.942433 -0.127691 0.663248 -0.309807 -0.681265 0.681606 -0.125857 0.720814
1.467167 -4.858530 -162.709538 71.382651 0.333368 0.938923 -0.085380 0.659724 -0.297011 -0.690325 0.673520 -0.173805 0.718444
-7.586585 -10.690268 89.653999 -79.440858 -0.435488 0.859999 0.265992 0.788801 0.222184 0.573085 0.433754 0.459386 -0.775127
-9.171151 -11.407075 106.903789 209.794468 -0.012025 0.897145 0.441572 -0.910511 0.172708 -0.375688 0.413310 0.406573 -0.814784
-5.786120 -9.818993 -52.841012 -65.785230 -0.643342 0.744275 0.179348 0.680588 0.448729 0.579173 0.350586 0.494669 -0.795231
-4.805149 -8.847462 66.749761 -48.789138 0.712608 -0.694504 -0.099271 0.643074 0.590063 0.488141 0.280440 0.411692 -0.867101
24.128282 -11.207834 651.349193 -84.812807 -0.745453 -0.664720 0.049480 -0.584924 0.687947 0.429642 -0.319631 0.291336 -0.901643
27.845524 -12.211943 -1004.424336 -117.656535 0.639447 0.745678 -0.187276 -0.553958 0.615765 0.560326 -0.533141 0.254555 -0.806822
20.341812 -11.326409 -907.747053 0.600545 0.568707 0.774241 -0.277711 -0.615649 0.624569 0.480510 -0.545480 0.102297 -0.831857
8.534433 -13.582748 -347.988266 128.344105 0.372573 0.884423 -0.281042 -0.730959 0.466266 0.498292 -0.571742 -0.019779 -0.820195
9.410478 -12.453340 -347.201274 132.916204 0.454179 0.847050 -0.276093 -0.741240 0.531199 0.410356 -0.494253 -0.018276 -0.869126
18.567445 -11.407887 -833.510158 -1.417102 0.607671 0.753455 -0.251081 -0.671760 0.656275 0.343573 -0.423644 0.040113 -0.904940
3.010169 -15.198858 124.923551 134.867834 0.468543 0.103699 0.877334 0.788964 -0.495947 -0.362729 0.397496 0.862139 -0.314187
4.128858 -14.704595 15.353017 216.383226 0.588861 0.157653 0.792710 0.720218 -0.547444 -0.426135 0.366783 0.821858 -0.435913
0.140833 -6.365249 -214.799417 -9.037210 0.168960 0.977019 -0.129946 -0.970061 0.188176 0.153527 -0.174452 -0.100115 -0.979563
2.808146 -6.491473 -292.844273 -24.666011 0.160979 0.977863 -0.133676 -0.979132 0.175254 0.102896 -0.124046 -0.114322 -0.985669
5.350975 -6.714296 -152.995799 -18.006997 0.157410 0.986786 -0.038414 -0.969550 0.161816 0.183815 -0.187602 -0.008310 -0.982210
-2.122317 -9.756840 -15.280038 116.144240 0.680652 -0.728400 -0.078397 0.520512 0.405518 0.751414 0.515538 0.552258 -0.655158
-2.145908 -10.739810 -4.670356 -85.242804 0.678559 -0.727049 -0.104681 0.510730 0.364561 0.778621 0.527933 0.581804 -0.618702
-2.061761 -10.754488 0.786226 -89.817758 0.667498 -0.740762 -0.075617 0.490122 0.360642 0.793548 0.560559 0.566753 -0.603792
-2.143346 -10.215870 14.194083 -118.389889 -0.674628 0.736599 0.047943 -0.499493 -0.407720 -0.764376 0.543492 0.539617 -0.642986
-2.075245 -11.057628 -5.929307 75.437731 -0.650017 0.757638 0.058843 -0.477912 -0.347364 -0.806808 0.590828 0.552561 -0.587877
-2.180637 -12.053021 -22.720414 274.719124 -0.650726 0.755716 0.073820 -0.452044 -0.307450 -0.837335 0.610091 0.578246 -0.541683
-2.938943 -10.479533 -62.659609 -280.052036 -0.010614 0.997908 -0.063777 0.689079 -0.038920 -0.723641 0.724609 0.051628 0.687224
-3.786035 -13.437552 -58.370978 -233.051267 -0.031632 0.998770 -0.038189 0.512982 -0.016569 -0.858239 0.857816 0.046738 0.511827
-4.931768 -18.207844 -51.640437 -313.832648 -0.079571 0.996533 -0.024285 0.355505 0.005609 -0.934658 0.931281 0.083005 0.354719
-6.004010 -19.071084 -0.522724 -388.025097 -0.206168 0.978510 0.003467 0.354626 0.078020 -0.931748 0.911995 0.190867 0.363090
4.676497 -15.865228 2.575466 -48.729313 0.055021 -0.989952 0.130262 0.990796 0.037971 -0.129927 0.123675 0.136211 0.982930
3.928990 -15.461807 -51.960493 -93.089826 0.043925 -0.976362 0.211630 0.998686 0.037317 -0.035121 0.026394 0.212895 0.976719
3.803810 -15.068401 10.063463 81.014090 -0.059082 0.985339 -0.160052 0.929539 -0.004153 -0.368700 0.363959 0.170558 0.915666
3.935571 -14.187452 -54.210033 145.501568 -0.043092 0.986633 -0.157156 0.873611 -0.039106 -0.485050 0.484713 0.158195 0.860249
0.710182 -5.620885 23.258513 17.340536 0.728187 -0.620127 -0.291866 0.469346 0.761515 -0.447001 0.499457 0.188514 0.845580
0.452411 -5.227136 11.986357 -50.338940 0.735194 -0.606484 -0.302766 0.433940 0.764225 -0.477133 0.520755 0.219403 0.825031
2.113033 -5.359336 -49.685576 4.485831 0.299964 0.902568 -0.308857 0.922921 -0.192670 0.333310 0.241327 -0.385032 -0.890793
2.487937 -4.990819 20.612684 7.387662 0.259375 0.927854 -0.267975 0.936128 -0.173316 0.305984 0.237464 -0.330224 -0.913544
1.886316 -4.714302 18.289804 4.286211 0.266778 0.930778 -0.249963 0.950760 -0.211721 0.226341 0.157751 -0.298038 -0.941429
97.000968 -21.227806 4109.228780 -69.845781 0.809229 -0.358088 0.465749 0.111744 -0.684483 -0.720414 -0.576769 -0.635024 0.513889
104.396369 -19.085387 5678.234918 143.757441 0.970244 0.091621 0.224125 0.235038 -0.578754 -0.780898 -0.058166 -0.810339 0.583067
66.532704 -11.737401 3721.110634 101.858096 0.895107 0.144721 0.421711 0.441748 -0.415905 -0.794910 -0.060351 -0.897819 0.436209
16.679138 -5.601808 -1020.138110 -43.726107 0.495168 -0.845079 -0.201617 0.868312 0.489137 0.082338 0.029036 -0.215838 0.975997
12.939388 -5.145053 -703.388034 -2.563939 0.404410 -0.880909 -0.245867 0.914171 0.397364 0.079955 0.027266 -0.257099 0.966000
-0.317208 -7.006752 -82.412157 -80.533686 0.742889 -0.644367 -0.181405 -0.669409 -0.716226 -0.197264 0.002817 -0.267979 0.963421
-0.704539 -6.156161 -116.825421 47.693059 0.740402 -0.651916 -0.163737 -0.672164 -0.717897 -0.181161 -0.000555 -0.244190 0.969727
-3.205249 -6.560472 -26.378387 -111.726522 -0.008928 0.942022 -0.335433 0.996835 0.034885 0.071437 0.078997 -0.333733 -0.939352
-4.001280 -8.511467 64.897608 -186.748634 -0.313553 0.892015 -0.325568 0.934157 0.351291 0.062810 0.170396 -0.284437 -0.943430
-4.281220 -7.839029 -52.867021 -176.727172 -0.131944 0.913585 -0.384648 0.975857 0.187851 0.111426 0.174053 -0.360659 -0.916313
-4.652996 -9.466823 71.813845 147.828100 -0.357200 0.864246 -0.354241 -0.891235 -0.428853 -0.147597 0.279478 -0.262990 -0.923433
-1.903642 -9.995998 -48.208160 -120.958003 0.966884 0.165622 -0.194178 -0.218659 0.929954 -0.295589 -0.131621 -0.328259 -0.935373
-1.582133 -20.681071 10.259726 -103.162367 -0.174435 0.935546 0.307126 -0.119482 -0.329713 0.936490 -0.977393 -0.126661 -0.169294
-1.401859 -18.687618 12.972205 11.400635 -0.157723 0.943109 0.292694 -0.316760 -0.329060 0.889597 -0.935300 -0.047596 -0.350639
-1.692016 -15.293290 -32.620148 -163.571659 -0.081436 0.936705 0.340518 -0.810194 -0.261198 0.524749 -0.580477 0.233153 -0.780183
-1.702538 -13.612921 -10.937386 -159.668823 -0.044782 0.931518 0.360927 -0.828069 -0.236716 0.508201 -0.558835 0.276114 -0.781962
-1.541627 -15.650753 -1.868079 82.828587 -0.029004 0.938064 0.345247 -0.891083 -0.180763 0.416287 -0.452912 0.295570 -0.841136
-1.448204 -16.119316 -12.778547 27.294086 -0.039548 0.946008 0.321721 -0.892926 -0.177964 0.413535 -0.448462 0.270919 -0.851754
8.564069 -78.362539 316.416658 2876.490592 -0.624468 0.776949 0.079942 -0.034907 0.074487 -0.996611 0.780270 0.625142 0.019394
8.698421 -65.468486 111.267900 468.348121 -0.587008 0.798866 0.131281 0.337629 0.388951 -0.857160 0.735818 0.458836 0.498038
-100.213380 -1334.615216 -4847.694125 -246508.633667 0.400009 -0.730685 -0.553257 0.877023 0.129883 0.462559 -0.266126 -0.670247 0.692782
-71.758329 -623.282930 4519.658865 48104.048702 -0.252607 0.950968 0.178463 0.915886 0.294487 -0.272820 0.311998 -0.094536 0.945368
-41.981793 -317.457697 3071.749494 27237.615090 -0.238471 0.959054 0.152794 0.961844 0.254973 -0.099225 0.134121 -0.123302 0.983264
0.971890 -4.871576 14.730896 19.029866 0.032429 0.934012 -0.355766 -0.033248 0.356764 0.933603 -0.998921 0.018447 -0.042623
0.993629 -4.386298 29.422421 -20.085123 0.038474 0.922990 -0.382897 0.020833 0.382356 0.923780 -0.999042 0.043518 0.004518
0.922640 -5.177683 7.224184 66.816507 0.017912 0.941768 -0.335785 -0.066261 0.336219 0.939450 -0.997642 -0.005422 -0.068425
-0.429071 -6.026364 3.779463 46.438664 0.758309 -0.649410 0.056869 0.622354 0.695223 -0.359640 -0.194017 -0.308111 -0.931357
-0.112273 -5.945870 22.843085 51.621699 0.760870 -0.644783 0.073014 0.626529 0.700676 -0.341343 -0.168933 -0.305463 -0.937099
-2.453024 -6.919440 -12.979407 74.752138 -0.510987 0.855631 0.082388 -0.848323 -0.517435 0.112290 -0.138710 0.012513 -0.990254
-1.936906 -7.413332 -18.332626 97.894011 -0.525433 0.848494 0.063070 -0.847014 -0.528652 0.055625 -0.080539 0.024194 -0.996458
-2.117712 -7.218748 -19.927229 66.012849 -0.615805 0.786008 0.054549 -0.777623 -0.617461 0.118509 -0.126831 -0.030560 -0.991453
-2.669340 -5.974060 -13.516772 -16.566227 -0.624989 0.775596 0.088546 -0.762880 -0.630886 0.141409 -0.165539 -0.020830 -0.985983
-2.392116 -5.909453 -42.924508 19.789492 -0.665000 0.745540 0.044092 -0.726080 -0.659209 0.195581 -0.174879 -0.098047 -0.979696
-1.538129 -6.929798 -39.551932 100.163782 -0.679785 0.733030 0.023659 -0.717085 -0.671075 0.188274 -0.153887 -0.111020 -0.981832
-0.984320 -7.561944 -21.079055 85.386251 -0.699362 0.713886 0.035474 -0.708354 -0.698867 0.099094 -0.095534 -0.044174 -0.994446
0.142436 -31.455112 17.056249 -424.303433 -0.421026 0.856542 -0.298449 -0.375866 0.134703 0.916832 -0.825507 -0.498187 -0.265232
0.302748 -24.199406 -4.488867 -185.817354 -0.402858 0.856167 -0.323550 -0.498662 0.091113 0.861995 -0.767491 -0.508603 -0.390232
0.202636 -25.294691 -2.518216 -214.667872 -0.395310 0.857140 -0.330215 -0.637696 0.002650 0.770284 -0.661116 -0.515077 -0.545547
0.381023 -27.604115 10.294445 -461.953034 -0.406576 0.870448 -0.277517 -0.268973 0.176252 0.946884 -0.873126 -0.459625 -0.162468
-0.111171 -34.933130 40.731523 -365.561468 -0.394062 0.889952 -0.229568 0.011162 0.254395 0.967036 -0.919016 -0.378509 0.110181
