19084
38147
-9.147948 -11.806999 -245.968340 -235.011238 0.772676 0.612800 0.165676 0.634282 -0.734736 -0.240517 0.025660 -0.290927 0.956401
-9.476933 -13.475153 110.619270 -232.091851 -0.622290 -0.748778 -0.228225 0.774977 -0.548237 -0.314399 0.110294 -0.372517 0.921448
-12.912271 -16.045814 95.034236 -611.792232 0.113253 -0.925861 -0.360494 0.982569 0.158201 -0.097626 0.147419 -0.343153 0.927639
-7.813366 -12.160923 10.925882 -164.055801 0.841026 0.508999 0.183288 0.539731 -0.766293 -0.348549 0.036959 -0.392065 0.919195
-9.410334 -16.437391 -227.705507 -903.960724 0.234916 -0.935371 -0.264377 0.970480 0.240985 0.009722 0.054618 -0.258857 0.964370
-8.549009 -10.367645 -77.144635 -454.691226 -0.160456 -0.961910 -0.221320 0.986725 -0.162015 -0.011214 -0.025070 -0.220181 0.975137
-6.108246 -9.489606 -21.183604 -230.747257 0.851149 0.502367 0.152226 0.523080 -0.835999 -0.165809 -0.043964 -0.220755 0.974338
-6.644617 -10.709524 -20.233327 -151.934370 0.911095 0.383542 0.151001 0.411258 -0.870539 -0.270240 -0.027804 -0.308315 0.950878
10.048901 -12.731196 237.729316 105.140250 0.516207 0.847841 0.121228 0.252956 -0.286157 0.924190 -0.818256 0.446408 0.362183
11.004407 -13.048500 52.215200 27.442432 0.396514 0.910318 0.118732 0.216185 -0.218287 0.951638 -0.892211 0.351670 0.283351
9.868271 -14.883182 458.855095 310.290004 0.578307 0.808200 0.111238 0.143189 -0.234788 0.961442 -0.803155 0.540081 0.251505
-21.999569 -198.515438 -721.191322 22404.988606 0.071053 -0.977750 0.197376 0.988051 0.041857 -0.148337 0.136774 0.205557 0.969040
-8.082404 -18.712153 -1036.646965 2181.143834 -0.230734 -0.956597 0.178001 0.965246 -0.201955 0.165873 -0.122725 0.210087 0.969949
-27.177061 -93.203188 689.389198 10604.236719 0.431860 0.899221 -0.069983 0.885075 -0.437442 -0.159015 0.173603 -0.006732 0.984793
-80.515183 -319.266652 -6784.583861 26512.805326 -0.632070 -0.766122 0.116385 0.774845 -0.622874 0.107906 -0.010176 0.158384 0.987325
-24.132661 -227.126808 1233.928257 18795.843748 0.462192 0.885418 0.049135 0.871461 -0.463764 0.159619 -0.164116 0.030956 0.985955
5.017162 -7.783142 -209.746309 -6.135402 0.315381 0.948956 -0.004038 0.854913 -0.282274 0.435253 -0.411896 0.140723 0.900299
5.577146 -8.236746 -43.086265 -69.263416 0.297719 0.949958 -0.094566 0.881576 -0.235566 0.409064 -0.366317 0.205153 0.907593
5.302686 -8.290639 -246.714007 -90.326428 0.336138 0.940959 0.040101 0.866861 -0.325752 0.377409 -0.368189 0.092100 0.925178
4.923374 -7.631307 4.948309 39.580154 0.287611 0.953722 -0.087718 0.861849 -0.217778 0.458027 -0.417727 0.207334 0.884600
3.670622 -7.640225 -250.165721 -36.225497 0.339625 0.938438 0.063155 0.830588 -0.330745 0.448030 -0.441337 0.099706 0.891785
3.921898 -7.192758 -109.593632 61.340396 0.296139 0.954945 -0.019538 0.842282 -0.251445 0.476798 -0.450403 0.157655 0.878796
2.653539 -23.447116 296.540593 -347.318232 0.745062 -0.665234 0.048431 -0.117021 -0.201857 -0.972399 -0.656649 -0.718830 0.228243
0.587828 -22.771937 138.933793 -91.497125 0.738442 -0.673891 0.023969 -0.069132 -0.111017 -0.991411 -0.670764 -0.730443 0.128567
2.658717 -22.712857 288.929070 148.404441 0.736854 -0.671159 0.081186 0.063254 -0.051118 -0.996687 -0.673086 -0.739549 -0.004787
5.352952 -23.939985 446.578706 -151.061496 0.736980 -0.669721 0.091293 -0.016758 -0.153129 -0.988064 -0.675707 -0.726653 0.124076
5.943269 -22.866731 452.437069 308.771583 0.723862 -0.678346 0.125978 0.151288 -0.022090 -0.988243 -0.673153 -0.734411 -0.086635
-0.974883 -13.426747 18.737591 -70.802103 0.175667 0.979753 0.096044 0.975194 -0.159838 -0.153132 0.134680 -0.120562 0.983527
-0.913095 -13.312289 -25.325719 30.651551 0.174603 0.977686 0.116808 0.936422 -0.128211 -0.326613 0.304349 -0.166409 0.937912
-0.841907 -13.569932 -28.271486 -56.532117 0.188376 0.977533 0.094571 0.964128 -0.165733 -0.207341 0.187009 -0.130236 0.973687
-0.673915 -13.071785 -4.535796 27.133292 0.181450 0.979422 0.088364 0.912361 -0.134130 -0.386789 0.366977 -0.150803 0.917925
-0.278322 -8.555361 318.052921 27.879480 0.274062 0.957381 0.091169 0.694069 -0.262520 0.670337 -0.665702 0.120436 0.736435
-0.240789 -8.940764 351.995191 36.464092 0.274559 0.957680 0.086412 0.631277 -0.247308 0.735070 -0.725332 0.147270 0.672462
-2.348938 -8.590251 19.612694 49.491202 0.235268 0.964235 0.122068 0.703309 -0.255581 0.663351 -0.670824 0.070213 0.738285
-1.201838 -7.760737 231.055853 62.613230 0.259963 0.960463 0.099647 0.756714 -0.266739 0.596854 -0.599836 0.079756 0.796138
-0.597611 -15.109036 -24.450293 71.428832 0.354082 0.911861 0.207688 -0.541467 0.018818 0.840511 -0.762521 0.410066 -0.500406
-0.515982 -14.324899 12.960496 79.926673 0.372462 0.909216 0.186006 -0.489016 0.021934 0.871999 -0.788755 0.415747 -0.452791
-0.302455 -13.971956 -68.206742 78.058834 0.354338 0.920528 0.164538 -0.386944 -0.015850 0.921967 -0.851304 0.390355 -0.350577
-0.497557 -24.759381 46.374830 352.762927 0.471361 0.876702 0.095984 0.039299 -0.129603 0.990787 -0.881065 0.463246 0.095543
-0.461114 -21.925692 5.283052 356.335938 0.455682 0.886218 0.083495 0.239339 -0.212328 0.947435 -0.857362 0.411746 0.308861
-0.193439 -24.686419 21.335794 342.585891 0.458944 0.882682 0.101212 0.053523 -0.141178 0.988536 -0.886852 0.448265 0.112036
-0.619666 -22.045175 77.839209 513.691490 0.469295 0.880236 0.070333 0.258250 -0.212978 0.942310 -0.844434 0.424057 0.327270
-0.224825 -25.652810 -18.757067 111.440733 0.451206 0.886023 0.106656 -0.153611 -0.040620 0.987296 -0.879100 0.461858 -0.117775
-0.645476 -22.939720 76.368901 419.252212 0.468087 0.880204 0.078323 0.127003 -0.154721 0.979761 -0.874508 0.448667 0.184212
-0.635870 -24.073580 32.015190 64.024335 0.457473 0.883046 0.104630 -0.079342 -0.076661 0.993895 -0.885677 0.462982 -0.034992
-0.550240 -26.424830 -30.779055 38.919983 0.443823 0.888283 0.118215 -0.227110 -0.016113 0.973736 -0.866858 0.459014 -0.194586
2.948606 -15.662972 76.171151 51.321530 0.334505 0.924089 0.184838 -0.417767 -0.030404 0.908045 -0.844735 0.380965 -0.375884
2.852614 -15.836745 58.624199 -352.760751 0.348835 0.921648 0.169942 -0.324226 -0.051454 0.944579 -0.879313 0.384602 -0.280874
3.107606 -15.224578 33.731977 -493.588901 0.324027 0.930822 0.169049 -0.359085 -0.044309 0.932253 -0.875251 0.362778 -0.319886
11.868184 -10.974591 573.733897 148.427963 -0.203488 0.978540 -0.032423 0.955033 0.205676 0.213565 -0.215651 -0.012492 0.976391
11.878135 -11.140634 412.612623 241.806183 -0.291463 0.956525 -0.010450 0.901466 0.278308 0.331517 -0.320013 -0.087204 0.943391
7.686910 -13.182985 354.949038 160.891347 -0.246327 0.963561 -0.104275 0.912315 0.266840 0.310609 -0.327116 0.018621 0.944801
8.096113 -13.059246 545.783051 -73.554590 -0.146086 0.983190 -0.109526 0.969163 0.164446 0.183523 -0.198449 0.079338 0.976895
13.371445 -11.341892 762.049875 -275.909637 -0.125106 0.991567 -0.033806 0.977889 0.128992 0.164601 -0.167574 0.012466 0.985781
2.365439 -10.953597 34.642333 -168.534668 0.094875 0.973697 -0.207154 0.304391 -0.226502 -0.925226 0.947811 -0.024725 0.317874
2.400060 -13.380717 119.185724 -514.734862 0.059029 0.990281 -0.125930 0.235901 -0.136415 -0.962155 0.969983 -0.027088 0.241661
2.995074 -11.639800 68.821090 -214.118998 0.082766 0.981598 -0.172093 0.312459 -0.189538 -0.930830 0.946319 -0.023269 0.322396
36.497000 -21.545512 -2943.917990 -63.327305 0.005083 0.994720 -0.102498 -0.004741 -0.102474 -0.994724 0.999976 -0.005542 -0.004195
13.330235 -14.174761 -1208.427539 167.579992 0.067351 0.991719 -0.109346 -0.037700 -0.106987 -0.993545 0.997017 -0.071038 -0.030183
24.931109 -11.782171 -2303.866685 118.843361 0.040887 0.989275 0.140225 0.090698 0.136088 -0.986536 0.995039 -0.053054 0.084161
81.099690 -6.043054 -6958.796091 -13.230512 -0.067223 0.853314 0.517046 0.165243 0.520584 -0.837668 0.983959 -0.029128 0.175999
307.753887 -6.988464 -27771.670229 151.958174 -0.037960 0.861123 0.506977 0.075272 0.508365 -0.857845 0.996440 -0.005597 0.084116
-0.775225 -35.603523 -10.082944 -388.923353 0.082736 0.880981 0.465861 0.914223 -0.253165 0.316391 0.396675 0.399724 -0.826359
-0.602840 -32.902450 -24.597629 -316.752617 0.106197 0.878134 0.466478 0.988203 -0.145268 0.048492 0.110347 0.455826 -0.883202
-1.210083 -35.905995 -78.903774 -473.883031 0.087801 0.885471 0.456324 0.934950 -0.231329 0.268988 0.343743 0.403023 -0.848183
-3.887265 -35.295408 -168.818765 706.554504 0.226544 0.953151 0.200452 -0.565742 0.296296 -0.769509 0.792852 -0.060923 -0.606362
-5.212561 -35.627976 -79.657449 492.576689 0.210403 0.946595 0.244312 -0.454349 0.315960 -0.832908 0.865620 -0.064244 -0.496563
-3.678838 -37.961016 -176.420896 206.185829 0.236363 0.950917 0.199725 -0.263632 0.260600 -0.928755 0.935217 -0.166869 -0.312288
-2.168151 -34.244609 -258.658570 244.783772 0.256996 0.950864 0.172659 -0.358190 0.259655 -0.896816 0.897582 -0.168633 -0.407320
-14.953631 -325.246902 1118.215896 19656.515352 0.773969 0.466243 0.428474 -0.412044 0.884624 -0.218311 -0.480824 -0.007585 0.876784
57.893103 -417.758995 -2139.057630 13870.986480 0.790174 -0.248131 0.560407 -0.594769 -0.531116 0.603461 -0.147904 0.810152 0.567255
-18.751425 -118.553432 1223.657823 -10915.225835 0.821018 0.570839 0.008531 0.542664 -0.784962 0.298916 -0.177329 0.240786 0.954241
4.442103 -154.076054 1249.347110 -11979.554194 -0.342285 0.938502 -0.045320 0.927881 0.330031 -0.173541 0.147911 0.101452 0.983783
-4.444120 -59.454091 865.819876 -3291.852091 -0.351913 0.935180 -0.039950 0.903644 0.350557 0.246041 -0.244097 -0.050485 0.968436
-60.141274 -442.646929 -4320.764943 32051.162259 0.773637 0.499512 0.389838 -0.469300 0.865090 -0.177135 -0.425726 -0.045913 0.903686
-15.440088 -19.940123 346.592845 -422.676627 0.816505 -0.473486 0.330349 0.389758 0.874189 0.289626 -0.425921 -0.107725 0.898324
-3.509581 -250.773452 -474.666273 -15614.441531 -0.513888 -0.611976 -0.601169 0.857276 -0.392136 -0.333627 -0.031568 -0.686814 0.726147
5.034722 -693.115182 -691.001006 1682.189823 -0.467359 -0.604514 -0.645088 0.704076 0.186774 -0.685122 0.534651 -0.774389 0.338333
-20.464486 -418.331093 -1039.752124 -12225.451733 -0.609483 -0.506531 -0.609883 0.747187 -0.624173 -0.228299 -0.265032 -0.594841 0.758896
1.154949 -9.456527 35.630489 -145.190180 0.314597 0.942844 0.109881 0.935476 -0.327587 0.132557 -0.160976 -0.061089 0.985066
1.538361 -7.837462 82.269423 -206.663159 0.339625 0.935117 0.101048 0.906461 -0.354083 0.230115 -0.250964 -0.013443 0.967903
0.500749 -8.977570 73.846650 -130.607226 0.375168 0.921250 0.102700 0.911025 -0.386902 0.142617 -0.171121 -0.040057 0.984435
1.825945 -8.358260 26.054601 -235.140057 0.295340 0.948424 0.115177 0.923283 -0.314323 0.220792 -0.245607 -0.041132 0.968496
0.953756 -10.046298 -63.632425 -152.686227 0.250576 0.958803 0.133820 0.957202 -0.266058 0.113921 -0.144831 -0.099547 0.984436
-2.186757 -6.777012 116.644193 -147.779862 0.827286 0.561127 -0.027092 -0.540226 0.807849 0.235661 -0.154122 0.180323 -0.971458
-2.526649 -7.888327 193.467626 -154.791645 0.731382 0.681104 0.034332 -0.657240 0.690535 0.301988 -0.181978 0.243432 -0.952693
-0.895780 -6.423071 64.274753 -84.129800 0.770096 0.637900 0.006027 -0.610060 0.733658 0.299286 -0.186492 0.234156 -0.954144
-0.764648 -5.268039 18.601528 -129.253634 0.859389 0.509867 -0.038563 -0.487052 0.839224 0.241832 -0.155666 0.189045 -0.969552
-0.756560 -2.100178 -68.586529 -35.601338 -0.287380 0.957663 0.017141 -0.877220 -0.270342 0.396737 -0.384574 -0.098977 -0.917772
-1.568883 -3.062244 -92.214035 -95.373870 -0.109085 0.992228 -0.059860 -0.913108 -0.076223 0.400529 -0.392854 -0.098350 -0.914327
-1.127479 -2.437294 -95.072067 41.755524 -0.673180 0.712215 0.198943 -0.641359 -0.696245 0.322336 -0.368086 -0.089396 -0.925484
0.008188 -1.695608 -49.543134 -25.592436 -0.138809 0.989106 -0.048995 -0.911078 -0.108154 0.397793 -0.388160 -0.099855 -0.916166
0.564232 -2.239904 -104.595781 -62.496865 -0.020803 0.993952 -0.107823 -0.913728 0.024872 0.405565 -0.405794 -0.106958 -0.907685
-0.556591 -1.605764 -4.826204 -20.019394 -0.475072 0.873652 0.105068 -0.798780 -0.478254 0.364998 -0.369130 -0.089475 -0.925061
-0.611574 -2.006136 -50.282012 -31.546906 -0.701474 0.681007 0.210152 0.612299 0.726763 -0.311296 -0.364725 -0.089690 -0.926786
-0.165113 -26.535844 43.264959 136.914648 0.187580 0.950390 0.248139 -0.650154 0.309496 -0.693910 0.736283 0.031165 -0.675955
-0.229440 -27.547579 -20.361960 126.946070 0.184720 0.954444 0.234340 -0.455397 0.294425 -0.840195 0.870914 -0.048484 -0.489037
-1.544471 -27.487232 249.233816 223.503525 0.148715 0.953486 0.262199 -0.537442 0.300502 -0.787944 0.830084 0.023737 -0.557132
-1.090450 -28.475799 162.719288 19.658200 0.143655 0.963504 0.225885 -0.257571 0.256788 -0.931513 0.955521 -0.075635 -0.285060
-2.217682 -26.465260 257.724417 55.152520 0.145975 0.962473 0.228774 -0.368236 0.267497 -0.890420 0.918201 -0.045736 -0.393465
5.667887 -7.835073 -237.631357 138.334570 -0.054123 0.983810 0.170846 0.850997 -0.044061 0.523318 -0.522374 -0.173713 0.834835
6.639842 -7.281349 -24.349469 140.636318 0.023700 0.993163 0.114303 0.845787 -0.080877 0.527355 -0.532994 -0.084178 0.841921
5.790667 -6.145926 -68.902016 96.313549 -0.061009 0.992962 0.101510 0.883429 0.006383 0.468521 -0.464576 -0.118261 0.877601
5.324637 -25.873038 -15.282776 500.907716 0.353519 0.914853 0.195113 0.408303 -0.338576 0.847735 -0.841613 0.220026 0.493230
4.659417 -30.816775 11.421124 852.464938 0.346253 0.915413 0.205250 0.339608 -0.326252 0.882171 -0.874514 0.235750 0.423848
5.385606 -30.937593 38.251855 805.588810 0.349927 0.915156 0.200102 0.207571 -0.284045 0.936073 -0.913491 0.286022 0.289355
5.383085 -27.931207 -14.911708 594.783830 0.378270 0.907508 0.182595 0.384593 -0.333492 0.860739 -0.842022 0.255367 0.475171
-1.712805 -21.247167 77.332340 94.989617 -0.374888 -0.309076 -0.874032 0.331890 0.835559 -0.437825 0.865626 -0.454218 -0.210662
-3.048563 -15.749958 265.609835 425.114248 -0.426299 -0.410393 -0.806131 0.166618 0.840292 -0.515895 0.889105 -0.354242 -0.289837
-3.350446 -24.299409 -85.533433 -493.088045 -0.298889 -0.023614 -0.953996 0.247056 0.963696 -0.101257 0.921753 -0.265955 -0.282205
2.307500 -21.539094 324.098236 523.901284 -0.435566 -0.544868 -0.716520 0.288120 0.669731 -0.684433 0.852801 -0.504559 -0.134725
-1.530639 -32.409571 -205.187834 -851.871391 -0.249274 -0.063599 -0.966342 0.335620 0.930330 -0.147804 0.908417 -0.361168 -0.210562
-0.273780 -28.162152 -13.683892 265.080558 -0.350693 -0.312956 -0.882651 0.451896 0.768967 -0.452195 0.820246 -0.557448 -0.128248
2.873844 -24.800883 323.824855 628.568449 -0.420984 -0.474862 -0.772838 0.395736 0.670502 -0.627551 0.816189 -0.570029 -0.094351
-3.507085 -8.998115 -121.006677 185.860702 0.225008 0.913631 0.338599 -0.101353 -0.323679 0.940723 -0.969071 0.245988 -0.019769
-2.583690 -8.476611 -355.026214 19.199668 0.157314 0.916743 0.367199 -0.180542 -0.338865 0.923350 -0.970905 0.211551 -0.112203
-2.810311 -8.481819 -158.242323 83.695002 0.216009 0.949775 0.226425 -0.043721 -0.222258 0.974007 -0.975412 0.220294 0.006485
-2.881798 -9.116943 9.724751 215.601204 0.279379 0.940876 0.191572 0.056508 -0.215283 0.974916 -0.958517 0.261545 0.113313
-7.032924 -13.137762 -1.559343 20.886437 0.790692 -0.107864 0.602637 0.565408 0.506145 -0.651253 0.234775 -0.855677 -0.461192
-6.684853 -13.989431 67.305372 94.054664 0.845022 -0.063615 0.530934 0.515172 0.362942 -0.776448 0.143304 -0.929638 -0.339467
-6.189422 -12.891970 6.859883 74.853454 0.840514 -0.138603 0.523760 0.524794 0.448514 -0.723482 0.134637 -0.882963 -0.449721
9.284303 -3.378075 1059.982908 -174.209965 -0.833751 0.072432 -0.547370 0.000036 0.991365 0.131130 0.552141 0.109310 -0.826554
8.846405 -15.013655 976.883133 -1549.009077 -0.814015 -0.210530 -0.541347 -0.180728 0.977540 -0.108408 0.552011 0.009591 -0.833782
2.440618 -9.702523 547.198290 -818.256317 -0.777919 -0.304677 -0.549558 -0.288409 0.950145 -0.118510 0.558267 0.066306 -0.827008
-1.589028 -12.168651 -27.741989 -368.020329 -0.039630 0.720296 0.692534 0.783650 0.452407 -0.425699 0.619937 -0.525834 0.582389
-0.783508 -11.725943 -98.960753 -397.416643 -0.076999 0.682699 0.726631 0.787865 0.488294 -0.375284 0.611015 -0.543591 0.575473
-0.591605 -15.952872 -137.349425 -475.747990 -0.043487 0.710817 0.702031 0.700466 0.522740 -0.485892 0.712360 -0.470619 0.520636
-1.274591 -14.742990 1.736889 -383.134573 -0.048150 0.733089 0.678426 0.705158 0.505991 -0.496713 0.707413 -0.454481 0.541307
-1.646295 -11.643075 30.606937 -344.860054 -0.046172 0.739623 0.671436 0.781220 0.445628 -0.437162 0.622546 -0.504355 0.598383
-0.379897 -5.324433 0.542129 414.242679 0.394560 0.904320 0.162871 -0.778396 0.234758 0.582228 -0.488285 0.356501 -0.796545
1.039912 -0.546376 758.538642 69.747801 -0.849480 -0.207019 0.485312 0.026576 0.901855 0.431221 -0.526951 0.379212 -0.760606
-0.336496 -3.574303 56.623174 565.785730 0.377374 0.904693 0.197785 -0.787862 0.201405 0.581987 -0.486685 0.375454 -0.788779
2.501974 -4.564503 233.053162 85.471293 0.402461 0.850216 -0.339349 0.388532 -0.494296 -0.777634 0.828896 -0.181119 0.529271
0.542432 -4.068603 250.261183 85.565443 0.413350 0.821495 -0.392795 0.334763 -0.538260 -0.773441 0.846803 -0.188209 0.497496
3.248505 -4.040011 258.742034 70.245325 0.406991 0.851133 -0.331558 0.367823 -0.484961 -0.793422 0.836101 -0.200962 0.510441
4.252431 -4.533178 160.747605 56.736122 0.422341 0.853160 -0.306180 0.396365 -0.477604 -0.784085 0.815182 -0.209793 0.539875
3.483374 -5.192410 182.189882 71.251887 0.397902 0.868733 -0.294919 0.446644 -0.464228 -0.764854 0.801363 -0.172613 0.572732
-3.743845 -12.065257 -184.136111 11.127555 0.289402 0.952579 0.094013 0.811954 -0.192285 -0.551141 0.506929 -0.235836 0.829099
-2.534002 -11.986767 -216.689661 -15.951440 0.353185 0.930645 0.095710 0.805012 -0.250185 -0.537924 0.476671 -0.267034 0.837542
-3.084086 -11.590251 -204.633354 141.062664 0.342726 0.935380 0.087192 0.732275 -0.207857 -0.648513 0.588483 -0.286111 0.756194
-0.157906 -11.050708 2.657787 -67.028188 0.035964 0.986960 0.156899 -0.767210 0.127874 -0.628519 0.640386 0.097770 -0.761805
-0.191695 -11.292260 -15.758555 -34.527857 0.028379 0.988732 0.146979 -0.792863 0.111809 -0.599055 0.608739 0.099533 -0.787102
-0.336538 -10.926503 0.501739 -147.876560 0.039188 0.986566 0.158593 -0.678932 0.142741 -0.720192 0.733154 0.079451 -0.675405
-0.386363 -11.200700 2.204327 -117.984857 0.058486 0.982437 0.177191 -0.689152 0.168149 -0.704837 0.722252 0.080888 -0.686883
-0.053445 -11.444796 36.317742 -20.014981 0.041818 0.983931 0.173582 -0.809174 0.135263 -0.571788 0.586079 0.116547 -0.801828
0.964207 -20.302915 -18.536771 -338.347522 0.090185 0.992189 -0.086189 -0.384625 -0.045128 -0.921969 0.918657 -0.116298 -0.377551
0.624784 -19.298683 25.421417 -589.517327 0.076700 0.991684 -0.103341 -0.303110 -0.075549 -0.949956 0.949864 -0.104186 -0.294795
0.964871 -15.478568 -48.697514 -596.979266 0.077276 0.985673 -0.149921 -0.183937 -0.133695 -0.973803 0.979896 -0.102828 -0.170971
-2.949840 -20.506726 48.802634 -154.632492 0.033356 0.995819 -0.085042 -0.619696 0.087366 0.779964 -0.784133 -0.026683 -0.620019
-3.165239 -19.134952 33.913364 -213.107691 0.033443 0.998462 -0.044212 -0.682442 0.055132 0.728858 -0.730174 -0.005797 -0.683236
-3.591529 -18.669215 52.152121 -211.907015 0.041338 0.997468 -0.057863 -0.777431 0.068488 0.625229 -0.627609 -0.019138 -0.778294
-3.371133 -18.887887 3.286579 -176.380620 0.049149 0.993430 -0.103350 -0.787748 0.102170 0.607466 -0.614034 -0.051557 -0.787594
-3.117865 -19.623825 -72.214024 -194.127500 0.022690 0.990361 -0.136639 -0.719443 0.111077 0.685612 -0.694181 -0.082747 -0.715028
-2.905502 -20.869972 -77.616069 -96.466627 0.003893 0.991488 -0.130139 -0.561522 0.109853 0.820137 -0.827453 -0.069883 -0.557170
-2.728042 -21.273537 -34.000409 -60.615281 0.005462 0.994501 -0.104584 -0.440854 0.096268 0.892401 -0.897562 -0.041232 -0.438956
3.855014 -16.019497 182.284579 281.709144 0.167229 0.944047 -0.284269 0.798682 0.039332 0.600466 -0.578049 0.327456 0.747416
4.559205 -19.888884 52.958739 470.482236 0.132767 0.960214 -0.245686 0.707709 0.081704 0.701764 -0.693917 0.267045 0.668705
4.328509 -19.345092 203.779211 484.777738 0.212161 0.940001 -0.267180 0.702439 0.043383 0.710421 -0.679387 0.338402 0.651089
2.953136 -14.565409 143.836532 394.482822 0.195615 0.941698 -0.273751 0.797431 0.009741 0.603332 -0.570823 0.336318 0.749033
2.924340 -12.838592 113.938677 206.250972 0.139953 0.942408 -0.303777 0.863512 0.033961 0.503184 -0.484521 0.332737 0.809028
3.247131 -13.638144 85.648892 69.749128 0.093912 0.945799 -0.310879 0.886801 0.062459 0.457912 -0.452509 0.318691 0.832869
0.995980 -7.205896 298.461377 71.956686 0.272016 0.940423 -0.203989 0.612161 -0.332668 -0.717350 0.742473 -0.070257 0.666181
1.617231 -6.142889 261.683373 63.227780 0.334231 0.904306 -0.265557 0.524197 -0.412522 -0.745012 0.783267 -0.109802 0.611912
2.602440 -6.287956 169.891747 34.767597 0.306177 0.927379 -0.214995 0.598706 -0.363170 -0.713904 0.740139 -0.089862 0.666422
-0.843607 -7.445289 298.493774 84.785061 0.278776 0.936151 -0.214257 0.584149 -0.342379 -0.735898 0.762269 -0.079992 0.642298
1.662873 -7.229371 286.707458 54.601613 0.238915 0.955824 -0.171230 0.661066 -0.289264 -0.692328 0.711275 -0.052214 0.700972
1.848457 -18.628553 78.664869 -15.779373 0.232821 0.946297 0.224314 -0.516502 -0.075118 0.852985 -0.824027 0.314451 -0.471275
2.492285 -18.435715 35.334945 -142.166195 0.217086 0.953758 0.207893 -0.603792 -0.036146 0.796322 -0.767013 0.298395 -0.568024
1.703923 -18.006729 -2.055728 -181.608334 0.216664 0.951745 0.217345 -0.636675 -0.031018 0.770509 -0.740069 0.305319 -0.599231
1.508979 -10.182685 42.113628 7.839114 0.158612 0.919276 0.360243 -0.519757 0.387954 -0.761146 0.839461 0.066512 -0.539334
1.138731 -10.367763 49.049355 47.751062 0.153300 0.916807 0.368733 -0.465878 0.396126 -0.791228 0.871468 0.050490 -0.487846
0.844746 -10.450034 60.220083 17.117509 0.144635 0.922899 0.356845 -0.532653 0.376544 -0.757955 0.833884 0.080447 -0.546046
1.324048 -10.330378 35.530982 -1.271672 0.161124 0.918245 0.361753 -0.596965 0.382562 -0.705180 0.785921 0.102333 -0.609800
-2.071869 -17.765749 -35.295625 -16.913461 0.043539 0.998912 -0.016690 -0.229654 -0.006251 -0.973252 0.972298 -0.046207 -0.229132
-2.274659 -17.287146 3.059413 -116.686080 0.031162 0.999507 0.003830 -0.262012 0.011867 -0.964992 0.964561 -0.029067 -0.262253
-2.187412 -17.327451 34.932363 39.271406 0.015357 0.999835 -0.009689 -0.159068 -0.007124 -0.987242 0.987148 -0.016702 -0.158932
-2.178775 -17.613567 -75.451394 119.310106 0.073559 0.996178 -0.047098 -0.109141 -0.038902 -0.993265 0.991301 -0.078204 -0.105862
-2.459315 -17.717945 33.474376 -13.240288 0.049573 0.997654 -0.047219 -0.261909 -0.032638 -0.964540 0.963818 -0.060182 -0.259677
3.317939 -14.492952 -106.394668 -69.919277 0.468466 0.840494 -0.272230 0.671332 -0.538963 -0.508756 0.574328 -0.055578 0.816736
2.716218 -10.085653 -704.768681 177.273894 0.729235 0.414209 -0.544654 -0.305053 0.909290 0.283080 0.612503 -0.040284 0.789441
-1.420511 -14.195119 10.929022 -316.915128 0.469720 0.829846 -0.301195 0.569180 -0.545470 -0.615220 0.674831 -0.117547 0.728550
0.651124 -17.327860 162.493870 -100.353562 0.286409 0.948707 -0.133882 0.693864 -0.301743 -0.653838 0.660699 -0.094369 0.744696
-1.910913 -17.705327 194.703510 -244.309096 0.245029 0.961298 -0.125962 0.592239 -0.251275 -0.765581 0.767603 -0.112990 0.630888
-0.151593 -34.789057 77.521503 678.900483 0.698362 0.693788 0.175925 0.526861 -0.664665 0.529752 -0.484467 0.277271 0.829706
0.259185 -33.402252 -48.424680 935.468791 0.670804 0.714623 0.198331 0.633173 -0.691085 0.348560 -0.386152 0.108238 0.916063
0.781285 -35.753758 76.002242 -851.397537 0.694676 0.694391 0.187739 -0.604799 0.705125 -0.370157 -0.389413 0.143594 0.909801
-0.012683 -42.347234 156.557304 773.953784 0.709491 0.676505 0.197393 0.404140 -0.620058 0.672458 -0.577316 0.397328 0.713328
1.040926 -34.866140 39.801496 -534.758659 0.678384 0.703814 0.210810 -0.675239 0.710344 -0.198656 -0.289564 -0.007582 0.957129
1.164497 -39.793459 162.206444 -1077.701965 0.715332 0.673875 0.184913 -0.554296 0.708329 -0.437065 -0.425506 0.210149 0.880217
0.421408 -37.982104 122.350334 784.971293 0.708960 0.675335 0.203221 0.471896 -0.668401 0.574938 -0.524109 0.311708 0.792558
-2.500463 -30.143280 84.051228 217.790082 0.325624 0.944953 -0.032144 0.639527 -0.245161 -0.728629 0.696401 -0.216702 0.684154
-1.630404 -27.431991 111.679944 230.716309 0.354292 0.934091 -0.044170 0.466558 -0.217501 -0.857331 0.810433 -0.283138 0.512866
0.418273 -30.809385 280.584318 -250.420804 0.345811 0.935513 -0.072320 0.488789 -0.245398 -0.837177 0.800937 -0.254156 0.542130
7.469857 -10.340890 -138.872893 40.083267 0.335431 0.939930 0.063385 -0.622447 0.271630 -0.734015 0.707140 -0.206757 -0.676169
7.640532 -10.401024 -86.259032 8.382397 0.287681 0.954555 0.077877 -0.681132 0.261084 -0.684028 0.673275 -0.143737 -0.725286
5.445906 -9.726001 -364.186501 10.340049 0.356418 0.934273 -0.010032 -0.699563 0.259730 -0.665697 0.619337 -0.244284 -0.746155
5.439338 -9.969088 -348.449507 51.919610 0.393399 0.919241 0.015276 -0.618662 0.276981 -0.735214 0.680070 -0.279781 -0.677663
2.130996 -9.265856 -448.838086 13.863111 0.419766 0.907625 -0.003801 -0.633967 0.290200 -0.716847 0.649525 -0.303317 -0.697221
-8.927440 -18.698753 60.245095 113.131049 0.787648 0.609765 -0.088298 -0.330049 0.296560 -0.896170 0.520267 -0.735009 -0.434837
-9.784084 -19.494746 100.495691 128.299655 0.744615 0.652579 -0.140319 -0.310888 0.153033 -0.938046 0.590675 -0.742106 -0.316830
-10.364687 -20.398034 -36.557028 114.147201 0.825301 0.560928 -0.065102 -0.194602 0.174290 -0.965273 0.530102 -0.809310 -0.253000
-9.669500 -20.143265 -143.997100 121.289852 0.887096 0.461544 0.006068 -0.120166 0.243614 -0.962399 0.445668 -0.853012 -0.271571
-8.818207 -18.780392 -149.111109 73.522336 0.878179 0.477811 -0.022307 -0.211209 0.345498 -0.914342 0.429176 -0.807668 -0.404327
7.837646 -85.219860 609.562177 202.265362 0.516319 0.774019 0.366483 0.766813 -0.227292 -0.600280 -0.381330 0.590960 -0.710883
1.147281 -78.154757 181.546879 -647.520843 0.552610 0.763757 0.333612 0.821315 -0.431010 -0.373728 -0.141647 0.480526 -0.865466
4.286184 -81.688519 217.546059 -1183.368922 0.605283 0.722236 0.334675 0.746121 -0.368262 -0.554694 -0.277372 0.585455 -0.761779
-2.443581 -5.420865 185.471087 -15.463584 -0.665275 0.551715 0.503010 0.526881 0.824284 -0.207250 -0.528966 0.127148 -0.839064
-4.275677 -5.565692 211.991040 -64.585045 -0.613457 0.645967 0.454310 0.585825 0.758013 -0.286749 -0.529603 0.090238 -0.843432
-1.778814 -4.879490 183.889257 -57.722929 -0.743545 0.398118 0.537254 0.369234 0.914299 -0.166507 -0.557500 0.074567 -0.826821
4.512407 -17.358512 -34.038451 -411.372914 -0.076488 -0.961932 0.262367 0.988804 -0.039367 0.143935 -0.128127 0.270439 0.954173
4.507842 -23.262201 20.652327 -744.878228 -0.106662 -0.962856 0.248055 0.993918 -0.110122 -0.000073 0.027387 0.246539 0.968746
4.276182 -17.865752 -29.791013 -497.216543 -0.094227 -0.969770 0.225096 0.986389 -0.060338 0.152961 -0.134755 0.236445 0.962255
-2.541833 -25.031311 257.640921 -315.988497 0.356177 0.865508 0.352185 0.615328 -0.500895 0.608667 -0.703214 0.000084 0.710978
-3.646226 -20.720502 89.933512 -538.430323 0.252563 0.912354 0.322214 0.462613 -0.406343 0.787956 -0.849824 0.049948 0.524694
-2.638315 -27.637136 -90.321108 -607.591230 0.223761 0.896912 0.381418 0.611145 -0.433966 0.661949 -0.759232 -0.084984 0.645247
-2.196885 -29.203002 160.532309 -511.742081 0.289979 0.886431 0.360766 0.693926 -0.454348 0.558601 -0.659074 -0.088362 0.746869
-2.307681 -143.299996 50.531524 -1838.456057 -0.781606 0.067623 -0.620096 -0.140859 0.949294 0.281070 0.607660 0.307032 -0.732449
-0.261648 -523.421636 144.428546 42647.692191 0.733183 -0.071443 0.676268 -0.491915 0.630919 0.599967 0.469534 0.772552 -0.427435
-2.001547 -430.410615 -230.513259 46168.777996 0.770947 -0.102700 0.628564 -0.433955 0.637671 0.636443 0.466179 0.763432 -0.447043
33.205684 -695.682489 -2034.558315 88182.831029 -0.636304 -0.060669 -0.769049 -0.444912 0.843265 0.301592 0.630215 0.534063 -0.563565
-0.317290 -12.150504 -299.867862 295.024749 0.258707 0.903824 0.340842 0.274258 0.269605 -0.923090 0.926204 -0.332288 0.178132
-0.020611 -13.004418 -219.314770 235.495782 0.255093 0.905585 0.338884 0.289810 0.262758 -0.920309 0.922463 -0.332977 0.195420
0.355055 -11.945565 -199.117423 106.133964 0.252589 0.915242 0.313897 0.233960 0.257018 -0.937659 0.938862 -0.310281 0.149210
-12.486961 -16.350325 281.407511 -288.599652 -0.261379 -0.897321 -0.355664 0.939761 -0.152478 -0.305939 0.220295 -0.414205 0.883122
-9.096845 -14.364638 -24.848119 -236.608063 -0.625878 -0.735894 -0.258333 0.764325 -0.512832 -0.390909 0.155186 -0.442111 0.883433
12.584385 -15.960758 188.002336 336.967472 0.442908 0.886220 0.135820 0.099146 -0.198973 0.974977 -0.891068 0.418359 0.175992
12.521110 -13.071128 -104.224627 169.470322 0.316724 0.939610 0.129684 0.158280 -0.187161 0.969494 -0.935218 0.286536 0.208000
9.342065 -12.853681 -153.276607 -183.115836 0.269347 0.958784 0.090479 0.309849 -0.175231 0.934499 -0.911837 0.223669 0.344276
10.885201 -11.685911 -106.593943 -194.969675 0.248896 0.964087 0.092662 0.214254 -0.148110 0.965484 -0.944535 0.220452 0.243423
6.253632 -27.627833 3012.730972 -1849.596891 0.078993 0.954780 -0.286629 0.774305 -0.239859 -0.585594 0.627863 0.175680 0.758237
9.852229 -27.950118 1093.855059 -787.039195 0.261995 0.960525 0.093546 0.602800 -0.087179 -0.793115 0.753651 -0.264182 0.601845
19.552792 -124.492538 947.480425 -15940.029649 0.245178 0.961963 0.120474 0.923059 -0.193637 -0.332366 0.296396 -0.192694 0.935424
-3.902717 -32.614061 -329.787438 3647.029509 0.664299 0.741122 0.097181 0.735591 -0.671280 0.091043 -0.132710 -0.011006 0.991094
7.620655 -13.503200 -697.224809 -1094.362174 0.859196 0.431933 0.274257 -0.406166 0.901771 -0.147774 -0.311145 0.015573 0.950235
-9.117007 -121.652269 13.131394 12467.213672 0.788348 0.580005 0.205189 0.610528 -0.778684 -0.144589 -0.075915 -0.239260 0.967983
6.068775 -8.887515 -14.679530 -99.156699 0.333266 0.939008 -0.084845 0.894792 -0.286642 0.342321 -0.297122 0.190003 0.935744
3.935493 -9.394940 -387.048445 -77.575219 -0.325589 -0.920195 0.217333 0.906097 -0.237989 0.349784 -0.270147 0.310811 0.911273
3.685563 -8.522903 276.586017 -39.088043 0.266950 0.941075 -0.207644 0.887290 -0.155921 0.434056 -0.376103 0.300112 0.876629
1.117140 -22.258272 132.515770 -484.563045 0.739257 -0.673423 -0.000291 -0.217367 -0.238209 -0.946577 -0.637377 -0.699827 0.322478
-2.777791 -9.162233 48.551484 42.359720 0.236912 0.965080 0.111772 0.608366 -0.237067 0.757423 -0.757472 0.111445 0.643286
-0.443847 -16.066138 2.691824 112.006029 0.359946 0.905098 0.226355 -0.590039 0.032903 0.806704 -0.722698 0.423928 -0.545887
0.058602 -17.440271 59.188847 185.465408 0.363844 0.900961 0.236403 -0.652734 0.065562 0.754745 -0.664497 0.428918 -0.611942
-0.311274 -17.415494 10.197727 139.616958 0.342510 0.908158 0.240700 -0.692132 0.070655 0.718304 -0.635326 0.412623 -0.652766
-0.050070 -15.702931 53.200391 118.176291 0.372160 0.900138 0.226380 -0.549923 0.017358 0.835035 -0.747717 0.435259 -0.501467
-0.074634 -21.737223 -11.458199 299.665896 0.451178 0.887614 0.092625 0.237628 -0.219529 0.946224 -0.860216 0.404906 0.309968
-0.390797 -19.925618 17.232612 151.941645 0.444279 0.893900 0.059662 0.411106 -0.262588 0.872949 -0.795995 0.363305 0.484149
-0.381351 -19.000612 45.317036 163.584621 0.459128 0.885906 0.066123 0.401531 -0.273338 0.874105 -0.792449 0.374775 0.481216
8.388281 -12.704026 -41.906673 229.493550 0.275847 0.795667 0.539279 0.960881 -0.213770 -0.176098 -0.024834 0.566759 -0.823509
6.225949 -12.734733 129.041905 -40.764160 0.214467 0.735390 0.642810 0.971659 -0.093650 -0.217046 -0.099415 0.671141 -0.734633
7.744973 -12.414827 4.702002 -272.774523 0.248157 0.783578 0.569583 0.944183 -0.064147 -0.323116 -0.216649 0.617974 -0.755759
9.562853 -13.687021 250.230887 163.424300 -0.336579 0.938534 -0.076604 0.839231 0.335872 0.427647 -0.427091 -0.079648 0.900694
3.326467 -15.522755 102.940630 -382.199931 0.076393 0.992263 -0.097869 0.251073 -0.114136 -0.961216 0.964949 -0.048858 0.257849
34.397979 -20.677357 -3197.010044 168.862602 0.038645 0.981138 -0.189408 -0.162773 -0.180837 -0.969950 0.985906 -0.068314 -0.152715
6.562599 -14.469939 -762.943217 222.445067 0.062532 0.977875 -0.199627 -0.186845 -0.185012 -0.964811 0.980397 -0.097631 -0.171142
-2.300398 -25.834625 -7.307381 500.344718 0.132417 0.978829 0.156074 -0.879258 0.188688 -0.437382 0.457572 0.079312 -0.885628
-2.695995 -26.647020 -112.491957 343.931492 0.177905 0.974757 0.134904 -0.821788 0.222579 -0.524522 0.541308 0.017547 -0.840641
-1.643008 -23.280843 -107.826152 540.179925 0.191164 0.972243 0.134907 -0.913310 0.226539 -0.338446 0.359613 0.058513 -0.931265
0.641480 -57.170663 -320.827750 986.775883 0.092258 0.874553 0.476072 0.738961 -0.380594 0.555955 -0.667402 -0.300507 0.681373
3.033598 -50.698384 467.508202 1483.348621 -0.069312 -0.864779 -0.497347 0.921710 -0.246235 0.299697 -0.381636 -0.437637 0.814142
-0.299384 -59.340623 -205.291607 1534.541558 0.111817 0.876193 0.468809 0.840998 -0.334748 0.425048 -0.529357 -0.346740 0.774307
3.049141 -59.525888 -340.581052 1606.070067 0.060576 0.880682 0.469820 0.789489 -0.330280 0.517322 -0.610768 -0.339580 0.715296
-1.216863 -56.519951 -143.137088 -492.455291 0.112793 0.877053 0.466964 0.539454 -0.448722 0.712487 -0.834426 -0.171542 0.523742
0.692110 -54.481179 -162.877393 -417.813330 0.089024 0.885030 0.456944 0.484182 -0.439366 0.756654 -0.870427 -0.153884 0.467630
-1.414819 -37.951699 30.837995 -403.740227 0.006045 0.880497 0.474013 -0.200273 0.465483 -0.862100 0.979721 0.089721 -0.179154
-1.679208 -40.902028 16.406546 -122.558393 0.007262 0.874769 0.484486 -0.476441 0.428998 -0.767440 0.879176 0.225257 -0.419891
-1.021099 -40.406181 46.005620 -583.953293 -0.008487 0.868152 0.496225 -0.277372 0.474727 -0.835284 0.960725 0.144728 -0.236772
-1.764895 -39.858949 36.981198 -343.803772 0.016338 0.882178 0.470632 -0.402974 0.436584 -0.804367 0.915066 0.176511 -0.362628
-1.369311 -34.043680 70.381910 -659.563627 -0.000710 0.887650 0.460519 0.112632 0.457660 -0.881965 0.993637 -0.051243 0.100303
-1.764653 -36.021324 73.365077 -383.978487 0.006349 0.886047 0.463553 -0.137496 0.459933 -0.877244 0.990482 0.058167 -0.124749
0.634070 -6.026075 -11.633639 160.523936 -0.191233 0.970190 0.148865 0.947982 0.143236 0.284277 -0.254480 -0.195485 0.947115
-0.250174 -7.490537 -56.072733 187.806523 -0.072652 0.976104 0.204799 0.952294 0.006865 0.305104 -0.296407 -0.217195 0.930037
-0.362393 -8.102448 -40.478140 178.259057 -0.141798 0.974018 0.176586 0.928010 0.068716 0.366164 -0.344516 -0.215795 0.913642
0.533553 -6.897948 -14.830662 136.731865 -0.235545 0.963872 0.124372 0.917787 0.178517 0.354682 -0.319666 -0.197690 0.926678
-1.324505 -2.525346 -141.858487 -18.627966 0.836244 -0.544800 -0.062360 -0.473639 -0.660304 -0.582808 -0.276337 -0.516906 0.810214
0.635017 -3.030621 -367.760929 26.069946 0.947914 -0.045365 0.315278 0.115850 -0.872914 -0.473919 -0.296710 -0.485760 0.822192
2.010066 -3.159191 -391.920288 8.252215 0.952533 -0.226846 0.203031 -0.078089 -0.826656 -0.557262 -0.294250 -0.514956 0.805132
202.590621 -2526.690912 -21766.135515 -297244.444228 0.541901 0.285071 0.790618 0.762016 0.230145 -0.605280 -0.354505 0.930466 -0.092513
127.856049 -4084.894813 -14231.036942 -546440.850687 0.401220 -0.001167 0.915981 0.771611 -0.538443 -0.338668 0.493599 0.842661 -0.215133
-100.038841 -2913.070343 10166.490826 16110.702480 0.682645 0.316680 0.658566 -0.014230 0.906809 -0.421302 -0.730611 0.278229 0.623535
0.830425 -7.223732 97.751726 -176.482053 0.396967 0.912741 0.096545 0.879683 -0.408368 0.243708 -0.261868 0.011815 0.965031
2.234116 -6.118433 53.272795 -222.302586 0.310578 0.944715 0.105140 0.898563 -0.327869 0.291697 -0.310043 -0.003880 0.950715
1.940118 -5.655405 98.838176 -193.388946 0.343644 0.934459 0.093253 0.885107 -0.355471 0.300378 -0.313840 0.020684 0.949251
-4.093529 -8.644064 162.250797 219.772529 0.662640 0.748298 0.030939 0.725795 -0.631426 -0.272988 -0.184740 0.203348 -0.961520
-3.821030 -8.990917 190.007963 148.081651 0.598231 0.797102 0.082145 0.766751 -0.539619 -0.347714 -0.232836 0.270998 -0.933995
-1.975874 -2.997588 -102.040600 13.289230 -0.520392 0.842543 0.138972 -0.765167 -0.532333 0.362135 -0.379093 -0.082116 -0.921708
-2.390222 -4.106576 -71.199022 -150.056880 0.045089 0.992965 -0.109490 -0.912643 0.085517 0.399713 -0.406264 -0.081903 -0.910078
0.385862 -9.891850 -30.749045 177.390311 0.393993 0.919026 0.012665 0.090205 -0.052378 0.994545 -0.914676 0.390702 0.103538
0.225139 -8.524335 39.634119 110.835015 0.419294 0.907649 -0.019136 0.167814 -0.056773 0.984183 -0.892206 0.415874 0.176120
0.193861 -8.468903 3.799184 148.002511 0.405848 0.913921 -0.005945 0.178408 -0.072843 0.981257 -0.896358 0.399301 0.192614
-0.466895 -28.472642 -82.874487 94.757812 0.188530 0.960390 0.205201 -0.242421 0.247993 -0.937940 0.951677 -0.127084 -0.279572
5.029169 -30.085764 -50.398972 287.212746 0.377781 0.892207 0.247482 0.473087 -0.415769 0.776740 -0.795909 0.176357 0.579161
2.586730 -17.125855 -121.097714 -670.047637 0.037680 0.330975 0.942887 -0.729543 0.653921 -0.200387 -0.682896 -0.680326 0.266100
3.429454 -11.690917 42.844340 171.424744 0.008653 -0.365442 -0.930794 0.795204 -0.561850 0.227982 -0.606280 -0.742143 0.285739
-1.079533 -28.614883 4.989700 1814.038323 -0.214740 -0.087037 -0.972785 0.734238 -0.671182 -0.102030 -0.644035 -0.736166 0.208035
-1.588833 -186.896351 -19.215259 15036.614048 -0.256095 0.034705 -0.966029 0.672394 -0.711579 -0.203816 -0.694479 -0.701748 0.158896
-2.440659 -83.546240 7.754923 -6491.925431 0.238587 -0.010659 0.971063 -0.640589 0.749810 0.165621 -0.729878 -0.661567 0.172067
-5.153776 -20.418217 -109.705599 -800.979497 -0.287192 0.088140 -0.953809 0.266978 0.963664 0.008664 0.919915 -0.252158 -0.300289
0.727879 -18.350822 -177.429738 533.471776 0.405950 0.661449 0.630626 0.104373 0.651971 -0.751026 0.907916 -0.370700 -0.195630
-1.799252 -13.304669 -282.206748 446.307534 0.414647 0.694626 0.587845 -0.033255 0.657132 -0.753042 0.909374 -0.292698 -0.295578
-5.122242 -30.966656 -292.447727 558.827556 0.113457 0.990592 0.076517 0.778968 -0.040886 -0.625729 0.616714 -0.130597 0.776279
-6.508641 -28.259835 -80.863573 453.851396 0.062043 0.997473 -0.034615 0.698694 -0.068173 -0.712165 0.712725 -0.020000 0.701158
-7.521180 -31.146671 -51.270409 792.171170 0.073256 0.996536 -0.039365 0.797467 -0.082234 -0.597732 0.598899 -0.012395 0.800729
-5.942215 -30.427412 -343.437265 599.872573 0.126582 0.989055 0.075808 0.870882 -0.074219 -0.485856 0.474912 -0.127521 0.870745
-2.159987 -7.687674 -247.620649 -81.363529 0.157022 0.930561 0.330757 -0.157770 -0.306974 0.938550 -0.974912 0.199557 -0.098613
-1.636798 -8.148720 -311.807734 97.057154 0.127152 0.882856 0.452103 -0.223886 -0.418494 0.880192 -0.966285 0.213137 -0.144447
-20.935384 -25.253866 -1230.551233 -1399.073706 0.370461 0.002014 0.928846 0.708872 -0.646805 -0.281324 0.600216 0.762652 -0.241044
-27.038740 -29.661175 625.514392 1720.012138 0.306916 -0.406441 -0.860586 -0.631187 0.589842 -0.503676 0.712324 0.697777 -0.075508
-21.122285 -26.253757 1225.143404 919.795828 0.029925 -0.508419 -0.860590 -0.557139 0.706342 -0.436666 0.829880 0.492535 -0.262123
-15.101484 -20.650520 -726.010193 -1282.707705 0.355945 0.122947 0.926384 0.668552 -0.726137 -0.160507 0.652948 0.676468 -0.340662
-8.369213 -13.467083 167.921389 71.823387 0.884919 -0.215539 0.412870 0.454447 0.205519 -0.866741 -0.101964 -0.954623 -0.279819
-8.978111 -13.191383 258.281142 84.906874 0.845248 -0.276646 0.457190 0.524204 0.263135 -0.809920 -0.103758 -0.924244 -0.367433
-8.130728 -12.917126 130.053899 93.804808 0.857751 -0.237926 0.455692 0.512957 0.337942 -0.789094 -0.033749 -0.910597 -0.411916
-6.751734 -13.477654 -39.725411 63.386578 0.885268 -0.189223 0.424846 0.462245 0.257259 -0.848615 -0.051282 -0.947635 -0.315211
