10912
21813
-6.493312 -8.394200 30.636879 -115.694321 0.684348 0.554057 -0.474013 -0.422740 -0.228195 -0.877051 0.594104 -0.800592 -0.078058
-7.511501 -9.597531 -54.381112 72.953845 0.616115 0.432088 -0.658561 0.675491 0.140172 0.723923 0.405110 -0.890871 -0.205509
-7.637309 -10.538302 31.259343 -164.541479 0.826193 0.527631 -0.197513 -0.283583 0.086543 -0.955034 0.486812 -0.845054 -0.221129
-5.766405 -8.559328 -18.730830 58.799045 0.362525 0.260567 -0.894807 0.821359 0.364364 0.438871 0.440391 -0.894060 -0.081928
-4.531046 -10.693437 105.511767 -183.725621 0.719255 0.661183 -0.213327 -0.294721 0.012320 -0.955504 0.629135 -0.750123 -0.203726
-3.818598 -9.511928 95.282561 -214.696520 0.649963 0.688604 -0.321516 -0.272411 -0.183850 -0.944453 0.709465 -0.701444 -0.068087
-3.974697 -6.465427 57.801104 -92.153738 0.566426 0.590789 -0.574569 -0.397125 -0.415237 -0.818456 0.722118 -0.691770 0.000584
-4.778337 -6.588185 -7.571865 85.918284 0.209385 0.163891 -0.964001 0.734080 0.624928 0.265690 0.645975 -0.763285 0.010541
-5.218987 -7.565742 -19.496809 72.896557 0.224129 0.129963 -0.965855 0.810883 0.524876 0.258793 0.540588 -0.841198 0.012255
-0.772083 -3.841869 -46.329582 -67.341550 0.260829 0.809735 -0.525639 -0.066946 -0.528004 -0.846599 0.963061 -0.256007 0.083510
-1.594491 -4.011484 -14.571848 -55.985488 0.251261 0.870489 -0.423221 -0.070108 -0.419732 -0.904936 0.965377 -0.257047 0.044434
-0.246740 -3.139003 -6.772820 -42.727889 0.264115 0.899672 -0.347610 0.036172 -0.369394 -0.928569 0.963813 -0.232675 0.130106
-0.883500 -15.706796 -59.951357 -398.879715 0.629346 -0.045789 -0.775775 0.499709 0.788361 0.358856 -0.595159 0.613506 -0.519033
-0.620068 -8.581045 54.576246 -23.966598 -0.667055 -0.020519 0.744725 0.395988 0.836959 0.377749 -0.631055 0.546881 -0.550173
0.462593 -14.780149 87.505807 -371.508750 -0.607063 0.058564 0.792493 0.508818 0.794681 0.331038 -0.610392 0.604195 -0.512220
0.453552 -34.027935 -93.822649 -951.280095 0.664254 -0.040773 -0.746394 0.593635 0.635587 0.493585 -0.454274 0.770951 -0.446396
-1.111822 -25.538199 -40.827514 -770.668012 0.622919 -0.086248 -0.777518 0.621970 0.657428 0.425373 -0.474474 0.748565 -0.463168
-0.118016 -6.576823 12.780659 -26.741904 0.688517 0.439447 -0.576915 -0.574890 0.815661 -0.064796 0.442093 0.376276 0.814230
-0.169772 -7.023039 8.900712 23.678404 0.692488 0.448575 -0.565014 0.649251 -0.728962 0.216995 0.314535 0.517102 0.796036
-0.125107 -6.638564 2.884755 -21.740004 0.693307 0.442919 -0.568462 -0.575249 0.815283 -0.066354 0.434068 0.373011 0.820029
-0.143558 -6.044707 13.480775 -16.616151 0.689652 0.434071 -0.579622 -0.481711 0.872639 0.080353 0.540679 0.223795 0.810914
-0.056115 -5.901527 1.929367 -11.084111 0.706658 0.429155 -0.562548 -0.485361 0.872523 0.055930 0.514839 0.233515 0.824870
5.364843 -13.386427 -4.026060 -230.497367 0.649197 0.730047 -0.213482 0.641288 -0.374419 0.669746 -0.409015 0.571701 0.711242
5.361237 -10.754255 -0.481731 -278.621734 0.663578 0.719710 -0.204162 0.558417 -0.294914 0.775368 -0.497830 0.628525 0.597597
5.172145 -12.032416 22.538870 -306.836654 0.702309 0.648066 -0.294571 0.608560 -0.331879 0.720771 -0.369345 0.685468 0.627469
5.089751 -13.895795 17.888506 -113.744082 0.686670 0.664647 -0.294497 0.683611 -0.452547 0.572605 -0.247307 0.594512 0.765111
-1.285807 -12.169196 12.103175 45.011231 0.410694 0.862677 -0.295159 0.516185 -0.486834 -0.704660 0.751587 -0.137043 0.645241
-1.135603 -11.410987 13.934573 55.007219 0.391292 0.875710 -0.282882 0.338460 -0.422790 -0.840651 0.855766 -0.233196 0.461827
-0.893059 -12.653936 9.810915 78.238878 0.389793 0.861834 -0.324506 0.493743 -0.493033 -0.716335 0.777354 -0.119000 0.617706
-0.971916 -13.214250 9.447758 9.571174 0.410002 0.848163 -0.335437 0.652550 -0.529725 -0.541820 0.637241 -0.003258 0.770658
-1.389336 -12.533367 13.312951 3.077962 0.428688 0.849173 -0.308435 0.660572 -0.527511 -0.534207 0.616337 -0.025265 0.787077
-0.489115 -11.289281 -35.013997 -23.321008 0.483165 0.872803 0.069034 0.852116 -0.486893 0.191922 -0.201122 0.033905 0.978979
-1.294554 -11.168888 -23.490401 -2.620101 0.467597 0.883586 0.025076 0.831454 -0.449284 0.326846 -0.300063 0.131983 0.944745
-0.343062 -11.399564 -35.492069 18.982734 0.469624 0.880578 0.063532 0.814560 -0.459920 0.353504 -0.340507 0.114263 0.933273
3.555066 -7.429492 -84.975682 -88.012089 -0.409576 0.377944 -0.830305 0.854861 0.476789 -0.204661 0.318530 -0.793619 -0.518371
3.773745 -5.952350 -39.399993 -17.764625 -0.584025 0.307018 -0.751435 0.782653 0.458551 -0.420935 0.215337 -0.833949 -0.508093
1.961436 -5.588680 -11.643691 -45.438411 -0.496319 0.332094 -0.802110 0.843437 0.403299 -0.354914 0.205626 -0.852680 -0.480266
1.196375 -5.313014 -1.334179 -75.514397 -0.361268 0.371703 -0.855174 0.891291 0.407161 -0.199552 0.274019 -0.834300 -0.478390
1.572796 -3.429406 -4.041324 11.961770 -0.630525 0.191670 -0.752131 0.739086 0.444210 -0.506389 0.237045 -0.875180 -0.421747
2.253175 -3.737621 10.775350 2.415374 0.704183 -0.149584 0.694082 0.688467 0.382871 -0.615973 0.173604 -0.911611 -0.372595
1.931047 -24.908503 -11.584560 430.345109 0.694925 -0.021279 -0.718767 0.704811 -0.177997 0.686701 -0.142551 -0.983801 -0.108697
1.676712 -19.071420 -44.692944 241.377383 0.691698 -0.082661 -0.717441 0.717853 -0.029980 0.695549 -0.079004 -0.996127 0.038602
2.415165 -20.690540 6.146449 295.421874 0.684198 0.002587 -0.729292 0.720335 0.153884 0.676341 0.113976 -0.988086 0.103424
2.335646 -17.817342 26.737971 293.103166 0.692969 0.049964 -0.719234 0.713597 0.094753 0.694119 0.102830 -0.994246 0.030007
2.074552 -15.348222 33.388153 -70.408923 0.687841 0.072601 -0.722221 -0.674348 -0.304230 -0.672829 0.268569 -0.949828 0.160304
1.904130 -16.445834 4.432748 -41.239955 0.698446 -0.000036 -0.715663 -0.645019 -0.433250 -0.629479 0.310038 -0.901274 0.302625
0.244827 -4.184577 23.320870 25.254564 0.274540 0.858951 -0.432239 0.005571 -0.450925 -0.892545 0.961560 -0.242631 0.128582
0.851251 -4.569277 31.306877 10.490040 0.275252 0.874134 -0.400158 0.115408 -0.443270 -0.888928 0.954420 -0.198498 0.222893
0.509541 -4.550921 30.263999 13.308156 0.268546 0.851985 -0.449450 0.100286 -0.488782 -0.866623 0.958032 -0.187655 0.216702
-0.756093 -38.979091 34.044251 524.579799 -0.563430 -0.803461 -0.192344 0.704532 -0.345682 -0.619790 0.431487 -0.484721 0.760831
-1.175864 -29.314727 -29.866431 366.484503 0.583123 0.795215 0.166134 0.616546 -0.300034 -0.727909 0.528998 -0.526889 0.665243
-1.122113 -29.882822 42.516561 179.547697 -0.580683 -0.792204 -0.187672 0.785238 -0.484127 -0.386033 0.214960 -0.371530 0.903193
-0.868314 -2.168600 6.471528 41.689216 0.514542 0.806182 -0.292091 0.706785 -0.205886 0.676806 0.485491 -0.554690 -0.675734
0.041508 -2.342607 26.215043 -20.182499 0.330600 0.838330 -0.433481 0.828905 -0.038316 0.558075 0.451242 -0.543815 -0.707563
-0.820730 -1.860998 16.363258 -89.916348 0.093385 0.828772 -0.551739 0.902551 0.163488 0.398338 0.420334 -0.535171 -0.732742
4.771714 -101.344244 -157.513358 1160.941549 0.580583 0.813851 -0.023849 0.724831 -0.503292 0.470444 -0.370869 0.290418 0.882108
0.920715 -215.049719 -474.578788 3590.918184 0.613779 0.789319 -0.015832 0.470757 -0.349818 0.809948 -0.633769 0.504582 0.586288
8.771180 -107.078577 -254.009647 1591.952328 0.593177 0.805068 0.002624 0.707168 -0.522596 0.476243 -0.384779 0.280641 0.879310
9.416910 -95.733634 228.592967 2695.293834 -0.660927 -0.750316 -0.014186 0.748767 -0.658062 -0.079385 0.050229 -0.063090 0.996743
0.327373 -3.854843 -18.800346 30.393364 0.744866 0.417524 -0.520431 -0.499580 0.866031 -0.020237 0.442260 0.275071 0.853664
0.097036 -4.803094 -8.718930 -5.691313 0.746451 0.402532 -0.529885 -0.457024 0.888898 0.031448 0.483672 0.218696 0.847486
0.141618 -4.340431 -20.094814 -5.687600 0.813332 0.311901 -0.491131 -0.428160 0.892430 -0.142296 0.393918 0.326016 0.859385
-28.743139 -258.633451 760.464189 775.195117 -0.277860 0.626895 0.727871 -0.765252 -0.602470 0.226761 -0.580676 0.493997 -0.647135
-29.529685 -274.796260 717.430512 8281.025730 -0.344852 0.699889 0.625486 -0.105757 -0.691090 0.714990 -0.932680 -0.180416 -0.312341
-8.617990 -133.727281 196.615074 1881.261021 -0.268298 0.667355 0.694733 0.847629 0.506227 -0.158932 -0.457757 0.546235 -0.701489
-20.433228 -70.088194 534.955069 1791.338301 -0.248645 0.702765 0.666556 0.919748 -0.044472 0.389982 0.303709 0.710031 -0.635309
-1.911036 -16.627273 -6.629925 -364.462355 -0.278823 0.555955 0.783053 0.763339 0.623073 -0.170569 -0.582728 0.550176 -0.598109
-1.304218 -19.345391 -64.565373 -201.701860 -0.297607 0.597431 0.744652 0.909055 0.415603 0.029875 -0.291632 0.685821 -0.666784
-0.012594 -17.719071 -44.578795 -81.139829 -0.318670 0.576509 0.752387 0.916927 0.388643 0.090567 -0.240197 0.718745 -0.652465
-2.394522 -18.609517 -11.096079 -561.999387 -0.199057 0.569604 0.797451 0.740904 0.620089 -0.257975 -0.641434 0.539483 -0.545455
-3.251319 -10.687282 24.213171 -369.728287 -0.237383 0.528829 0.814855 0.624023 0.725881 -0.289296 -0.744476 0.439815 -0.502314
-3.190873 -12.006102 -52.539346 -60.531025 -0.496695 0.234798 0.835562 0.427809 0.903869 0.000316 -0.755164 0.357618 -0.549396
-7.563622 -8.732053 243.331360 -140.413590 -0.268747 0.798705 0.538374 0.927686 0.365026 -0.078450 -0.259178 0.478359 -0.839047
-9.538381 -10.280653 206.067998 171.704370 -0.888467 -0.395761 0.232377 -0.306326 0.888421 0.341867 -0.341747 0.232554 -0.910565
-5.375691 -7.152932 95.019306 188.524029 -0.927020 -0.057725 0.370543 0.081528 0.933428 0.349379 -0.366043 0.354091 -0.860600
-4.547933 -5.903428 -15.691024 241.704220 0.912917 0.039933 -0.406187 0.145968 0.897435 0.416297 -0.381151 0.439335 -0.813455
-1.187075 -6.431273 392.483023 -86.411098 0.262430 0.820348 0.508094 0.927978 -0.070196 -0.365964 -0.264552 0.567540 -0.779686
16.098580 -10.203004 -166.661587 123.641166 -0.850397 -0.053994 -0.523364 -0.164274 0.972241 0.166619 0.499839 0.227668 -0.835660
18.660217 -8.664573 -69.358214 211.320647 0.900726 0.139720 0.411305 -0.267278 0.924666 0.271211 0.342426 0.354219 -0.870214
14.255287 -10.025203 270.247784 145.895601 -0.964689 -0.166364 -0.204203 -0.191548 0.975258 0.110365 0.180790 0.145582 -0.972687
10.921217 -10.476363 -106.818311 27.477449 -0.888181 -0.049705 -0.456797 -0.064520 0.997774 0.016881 0.454941 0.044466 -0.889411
-2.953336 -6.023263 -29.107417 33.508610 0.173621 0.328460 0.928423 0.964162 -0.248739 -0.092305 0.200616 0.911177 -0.359875
-2.363221 -5.739934 -22.794940 40.053058 0.122538 0.383093 0.915546 0.954071 -0.299571 -0.002344 0.273373 0.873783 -0.402207
-2.673871 -6.692931 -19.882274 17.597914 0.060869 0.403551 0.912930 0.995906 -0.085786 -0.028480 0.066823 0.910927 -0.407120
-3.224616 -6.822391 -32.274447 8.597215 0.100813 0.353181 0.930108 0.994874 -0.028378 -0.097058 -0.007885 0.935125 -0.354231
-3.495207 -6.266070 -27.399794 26.524141 0.238539 0.262010 0.935120 0.963048 -0.187813 -0.193040 0.125049 0.946613 -0.297129
-0.771957 -10.435402 5.137493 7.688201 0.237259 -0.268830 -0.933509 0.865288 -0.378317 0.328867 -0.441571 -0.885780 0.142856
-0.630154 -10.409534 4.040194 8.978355 0.257502 -0.249043 -0.933633 0.882207 -0.333595 0.332304 -0.394213 -0.909226 0.133806
-0.674411 -10.189287 4.366588 -1.219737 0.224191 -0.270779 -0.936172 0.946670 -0.167601 0.275182 -0.231417 -0.947939 0.218764
-0.739918 -10.731517 4.791202 35.424496 0.262653 -0.257763 -0.929823 0.755047 -0.545090 0.364391 -0.600764 -0.797769 0.051454
-1.073538 -10.659112 12.971301 18.997537 0.202610 -0.273962 -0.940156 0.883311 -0.363327 0.296233 -0.422741 -0.890471 0.168380
-1.046032 -10.771219 11.389192 29.201273 0.232486 -0.268865 -0.934699 0.746415 -0.566812 0.348697 -0.623551 -0.778740 0.068909
-9.346589 -13.254734 -44.441644 33.793284 -0.513146 0.843018 -0.161253 -0.839856 -0.531917 -0.108194 0.176982 -0.079910 -0.980965
-9.320457 -14.838487 13.968945 22.313742 -0.494235 0.827170 -0.267434 -0.789334 -0.555896 -0.260637 0.364256 -0.082279 -0.927657
-10.347007 -14.244473 -53.125679 -31.743410 -0.676877 0.672182 -0.300016 0.726790 0.674897 -0.127638 0.116684 -0.304444 -0.945356
-2.204874 -11.963051 -25.580553 -63.564053 0.101170 -0.191973 -0.976171 0.562059 0.820642 -0.103135 0.820886 -0.538232 0.190925
-1.717997 -14.916404 -16.309122 -161.951477 0.052531 -0.321969 -0.945292 0.440235 0.857118 -0.267473 0.896345 -0.402100 0.186767
-1.408437 -10.616886 -12.831025 -13.519730 0.125543 -0.239984 -0.962625 0.577558 0.806604 -0.125764 0.806639 -0.540183 0.239869
-3.177143 -20.093763 -47.073595 -368.252427 0.007126 -0.314791 -0.949134 0.431783 0.857083 -0.281019 0.901950 -0.407817 0.142028
-1.587050 -10.244362 -13.005568 24.253899 0.153763 -0.182955 -0.971022 0.693531 0.719963 -0.025830 0.703826 -0.669463 0.237589
-2.759351 -10.914159 -39.417427 29.441318 0.146754 -0.121915 -0.981631 0.672611 0.739946 0.008657 0.725298 -0.661526 0.190591
-4.248568 -13.877589 -73.357903 -121.739737 0.056277 -0.162727 -0.985065 0.550578 0.828110 -0.105344 0.832885 -0.536427 0.136197
-1.017938 -7.776271 -239.763071 101.343772 -0.602245 -0.334581 -0.724815 0.668045 0.285850 -0.687026 0.437054 -0.897967 0.051363
2.571433 -8.978970 -214.373576 171.251308 -0.522583 -0.278188 -0.805927 0.794288 0.184693 -0.578788 0.309861 -0.942603 0.124444
-2.811454 -10.886133 -134.865930 123.961438 -0.475018 -0.187505 -0.859767 0.854574 0.134764 -0.501539 0.209907 -0.972975 0.096222
-4.181854 -8.785872 -104.517099 129.155407 -0.559429 -0.157786 -0.813721 0.743354 0.338802 -0.576748 0.366694 -0.927532 -0.072245
-4.558462 -12.571391 -60.983066 46.444532 -0.450188 -0.033881 -0.892291 0.890629 -0.088785 -0.445978 -0.064112 -0.995474 0.070145
-4.993306 -11.214124 -48.924983 100.334256 -0.463967 -0.002375 -0.885850 0.874502 0.158341 -0.458448 0.141355 -0.987382 -0.071388
-7.970193 -14.322699 332.674443 743.301788 -0.312067 0.950008 -0.009977 -0.352684 -0.125591 -0.927276 0.882173 0.285853 -0.374245
-7.706561 -13.884742 32.893642 -236.574787 -0.410216 0.756768 -0.508945 -0.199720 -0.619060 -0.759524 0.889851 0.209922 -0.405089
-1.968025 -9.594878 -6.061729 -22.274855 -0.272474 0.959791 -0.067515 -0.221624 -0.130890 -0.966308 0.936291 0.248331 -0.248377
-0.728175 -12.282362 11.797026 65.141645 0.212740 0.853846 0.475066 -0.693894 -0.210287 0.688687 -0.687934 0.476157 -0.547742
-0.878880 -13.936730 9.401907 132.386683 0.161837 0.860185 0.483622 -0.844270 -0.133035 0.519144 -0.510898 0.492324 -0.704698
-0.998070 -12.025097 10.959918 50.747143 0.184803 0.864243 0.467901 -0.697835 -0.219845 0.681685 -0.692008 0.452495 -0.562471
-0.960662 -29.558838 39.174651 -37.724620 -0.320299 0.784724 0.530675 -0.726554 0.155976 -0.669171 0.607887 0.599900 -0.520186
-0.423596 -27.208177 4.790237 -195.943997 -0.269124 0.798949 0.537822 -0.416151 0.407138 -0.813054 0.868556 0.442628 -0.222913
-0.535816 -27.583787 -6.202960 -208.183668 -0.263815 0.812821 0.519350 -0.443201 0.376075 -0.813720 0.856723 0.444848 -0.261028
-0.327724 -31.589302 -42.104190 -355.175147 -0.250372 0.823918 0.508402 -0.234721 0.457802 -0.857510 0.939266 0.334029 -0.078770
-0.827570 -35.923094 -72.608646 -306.385491 -0.257768 0.852603 0.454559 -0.600819 0.226996 -0.766479 0.756685 0.470681 -0.453747
-0.874911 -27.293551 -25.579572 -152.127249 -0.291985 0.824094 0.485400 -0.666625 0.188571 -0.721146 0.685825 0.534144 -0.494302
-10.309706 -22.226189 253.607843 -208.274465 0.323863 -0.108519 0.939860 0.945988 0.052694 -0.319890 -0.014810 0.992697 0.119723
-10.127153 -21.165035 244.471175 -135.924197 0.397583 -0.107686 0.911225 0.872053 0.353234 -0.338747 -0.285397 0.929317 0.234348
-6.092093 -24.260976 231.012802 -224.187104 0.357791 -0.271921 0.893333 0.932432 0.155826 -0.326019 -0.050553 0.949620 0.309301
0.332770 -5.275230 -28.383100 31.997773 0.445011 0.389551 0.806359 0.191432 0.838238 -0.510599 -0.874825 0.381585 0.298452
0.819050 -6.544635 -10.788248 56.055652 0.446613 0.228078 0.865169 0.279484 0.883016 -0.377057 -0.849956 0.410199 0.330622
0.418443 -6.440779 -24.099865 10.491422 0.434407 0.255459 0.863731 0.129376 0.931297 -0.340511 -0.891377 0.259667 0.371511
-4.336870 -18.399137 -135.793387 137.989016 -0.569584 0.766892 0.295721 -0.004339 -0.362588 0.931939 -0.821922 -0.529535 -0.209852
-4.847490 -19.902499 3.077242 -402.707437 -0.554286 0.567188 0.609151 -0.105754 0.677942 -0.727469 -0.825581 -0.467646 -0.315791
2.957077 -85.522775 132.583879 -4663.700958 -0.646687 0.544577 0.534071 0.240926 0.810176 -0.534386 -0.723706 -0.216909 -0.655133
1.650229 -33.824182 -327.029458 813.334985 -0.707163 0.684360 0.177686 -0.033451 -0.283407 0.958416 -0.706259 -0.671813 -0.223308
-14.680409 -353.917666 -730.246763 -11645.580764 -0.171013 0.972207 -0.159899 -0.720303 -0.234096 -0.652965 0.672249 -0.003510 -0.740317
-0.591755 -128.359850 50.941363 3962.275790 -0.278072 0.805182 0.523792 0.946451 0.136549 0.292549 0.164032 0.577093 -0.800035
12.009396 -7.876170 394.484477 120.747050 -0.083710 0.033573 -0.995924 0.781584 -0.617771 -0.086520 -0.618158 -0.785641 0.025473
8.017959 -262.184128 204.690888 -18586.806212 -0.494417 0.656039 0.570232 0.557878 0.742576 -0.370612 -0.666576 0.134883 -0.733132
-1.291355 -3.300107 -28.871600 -32.238598 0.423480 0.881477 0.208957 0.230129 -0.327771 0.916301 -0.876188 0.339948 0.341658
-1.968400 -4.237644 -11.180383 -28.873297 0.337606 0.937705 -0.082045 0.449817 -0.084153 0.889147 -0.826853 0.337087 0.450206
-1.995844 -3.863595 -25.832398 -47.380508 0.371863 0.925406 -0.073090 0.358946 -0.070732 0.930674 -0.856081 0.372319 0.358473
-1.749011 -3.267773 -39.821517 -40.769578 0.406870 0.913486 0.000412 0.259316 -0.115933 0.958809 -0.875907 0.390003 0.284051
-1.306384 -3.126973 -35.563898 -46.828034 0.408377 0.908724 0.086313 0.235170 -0.196105 0.951965 -0.882000 0.368462 0.293789
-0.832675 -1.330962 16.691090 -47.025804 0.827136 0.162035 0.538136 0.176452 0.834240 -0.522407 -0.533582 0.527057 0.661439
-0.351692 -0.820551 -35.303954 7.128626 0.455490 0.841745 -0.289817 0.709178 -0.146293 0.689684 -0.538140 0.519677 0.663582
-0.467327 -1.308689 11.587775 34.029826 0.848698 0.217756 0.481968 -0.111500 -0.817152 0.565535 -0.516990 0.533709 0.669236
-0.502779 -1.932729 15.862501 50.018404 0.837812 0.141781 0.527228 -0.196354 -0.822825 0.533296 -0.509428 0.550325 0.661533
-0.848779 -2.022619 23.095671 45.978235 0.821961 0.131319 0.554198 -0.220612 -0.823683 0.522377 -0.525081 0.551636 0.648064
-29.080464 -51.207920 13.704781 -4635.902489 -0.582883 0.224355 0.780969 0.805425 0.032469 0.591808 0.107418 0.973966 -0.199626
-15.512760 -25.289848 180.970635 -1017.197600 -0.509750 0.299988 0.806327 0.800835 -0.177002 0.572131 0.314354 0.937378 -0.150014
29.782133 -91.930612 90.033588 3469.895393 0.973451 -0.228475 0.013862 0.020142 0.145830 0.989105 0.228007 0.962566 -0.146560
-8.321016 -9.835829 -39.868547 -29.856021 0.740459 0.494046 -0.455674 -0.579700 0.126388 -0.804968 0.340099 -0.860201 -0.379984
-6.294201 -9.611027 -42.409006 33.245797 0.530457 0.304856 -0.790998 0.807372 0.102734 0.581031 0.258393 -0.946841 -0.191636
-7.853569 -9.906181 -101.402432 16.596163 0.616057 0.396139 -0.680844 0.761012 -0.076229 0.644244 0.203310 -0.915021 -0.348427
-2.153667 -5.423256 -21.458120 -86.022905 0.213270 0.763048 -0.610143 -0.222051 -0.570309 -0.790848 0.951425 -0.304147 -0.047806
-1.723493 -4.332087 60.560668 -46.105570 0.226216 0.941144 -0.251146 -0.080768 -0.238818 -0.967700 0.970723 -0.239193 -0.021990
-0.892102 -3.450890 27.467742 -25.415625 0.247746 0.962652 -0.109190 0.025746 -0.119205 -0.992536 0.968483 -0.243086 0.054317
7.784211 -8.744205 379.529026 64.435539 -0.683701 -0.073206 0.726081 0.362822 0.829172 0.425245 -0.633177 0.554179 -0.540345
2.867884 -10.228173 195.396763 202.941232 -0.721630 -0.041828 0.691014 0.279170 0.895830 0.345764 -0.633494 0.442424 -0.634780
-0.282427 -7.195962 -3.090522 -5.923912 -0.686406 -0.464353 0.559664 0.712548 -0.583256 0.389985 0.145336 0.666475 0.731224
0.022994 -7.113997 -12.890905 1.869375 -0.691796 -0.444665 0.568938 0.701084 -0.602288 0.381747 0.172915 0.662965 0.728408
-0.171732 -7.427972 -6.460512 -34.633517 -0.692088 -0.457993 0.557904 0.721808 -0.436047 0.537454 -0.002878 0.774665 0.632366
0.146166 -7.278312 -20.273437 27.336919 -0.678335 -0.433979 0.592895 0.698980 -0.629868 0.338666 0.226471 0.644150 0.730604
0.143646 -7.445220 -4.466035 -11.252055 -0.705149 -0.438578 0.557148 0.707601 -0.485628 0.513289 0.045449 0.756184 0.652779
5.021516 -12.596852 -32.951731 -233.881141 0.593257 0.795933 -0.120572 0.589313 -0.327362 0.738609 -0.548412 0.509240 0.663264
4.978345 -10.182659 -24.508524 -200.694596 0.614408 0.782622 -0.100024 0.489194 -0.278411 0.826545 -0.619025 0.556767 0.553912
5.089517 -8.135620 5.668288 -133.701122 0.686017 0.705387 -0.178354 0.483462 -0.258743 0.836252 -0.543733 0.659910 0.518530
-0.950816 -10.859662 15.643393 -1.176428 0.377162 0.886043 -0.269587 0.169511 -0.352210 -0.920442 0.910502 -0.301458 0.283034
-1.287489 -10.836147 14.139546 -4.815758 0.408085 0.883521 -0.229909 0.193113 -0.329673 -0.924134 0.892286 -0.332727 0.305154
-1.010965 -11.996445 13.213512 -95.244224 0.403476 0.888678 -0.217852 0.010316 -0.242495 -0.970098 0.914932 -0.389163 0.107009
-1.537474 -10.863711 8.648814 -12.178352 0.443373 0.878119 -0.179799 0.223182 -0.302428 -0.926675 0.868107 -0.370735 0.330069
-1.206148 -11.995468 8.978623 -84.683164 0.438682 0.880878 -0.177799 0.030026 -0.212110 -0.976784 0.898141 -0.423159 0.119498
-2.329485 -11.570387 6.065880 -31.122019 -0.464692 -0.879210 0.105124 0.884805 -0.456451 0.093664 -0.034366 0.136539 0.990038
-2.274301 -11.166058 6.560064 -25.272245 -0.458973 -0.881773 0.108722 0.864170 -0.414661 0.285073 -0.206287 0.224795 0.952320
-2.011503 -11.503135 -16.937463 -33.970751 0.467444 0.883612 -0.026922 0.878479 -0.460893 0.125907 -0.098845 0.082505 0.991677
-2.330701 -11.240708 -2.980777 -28.865072 -0.458154 -0.868810 0.187789 0.875298 -0.404192 0.265486 -0.154754 0.286005 0.945649
-2.051991 -12.057602 -15.396278 -25.865152 0.477572 0.878146 -0.028007 0.874729 -0.478217 -0.078471 0.082303 -0.012977 0.996523
-2.328488 -12.022115 -3.268518 -13.524595 0.473187 0.874216 -0.108816 0.867613 -0.483870 -0.114537 0.152782 0.040213 0.987441
-2.348682 -11.636300 -6.211572 -16.428901 -0.463297 -0.865490 0.190479 0.885688 -0.459533 0.066228 0.030212 0.199388 0.979455
6.936162 -5.435145 170.933923 -5.286606 0.774867 -0.184138 0.604710 0.580537 0.585814 -0.565508 0.250116 -0.789250 -0.560827
3.282597 -5.885350 17.119924 -47.033356 -0.648765 0.316269 -0.692155 0.756731 0.364201 -0.542878 0.080388 -0.875975 -0.475611
1.160658 -21.817743 -60.452826 -364.407024 0.688408 -0.116500 -0.715907 -0.661344 0.304505 -0.685493 -0.297857 -0.945359 -0.132577
0.833938 -19.064216 -48.602092 -217.484881 0.710748 -0.103806 -0.695746 -0.659057 0.247515 -0.710197 -0.245930 -0.963307 -0.107506
0.931202 -17.653931 -29.641544 -199.998696 0.727918 -0.098469 -0.678557 -0.682480 -0.008785 -0.730852 -0.066005 -0.995101 0.073598
1.722283 -5.175090 25.034864 19.098841 0.269233 0.781529 -0.562785 0.538976 -0.606552 -0.584465 0.798135 0.145970 0.584529
1.360614 -4.834422 30.205742 2.069794 0.277250 0.779568 -0.561610 0.454810 -0.621373 -0.637999 0.846333 0.078540 0.526831
2.285942 -5.105620 43.845294 18.399015 0.267178 0.804176 -0.530959 0.554822 -0.578873 -0.597560 0.787901 0.134933 0.600837
0.970195 -4.968728 2.764388 5.842927 0.292400 0.751949 -0.590825 0.429702 -0.655254 -0.621288 0.854318 0.072214 0.514710
2.326362 -5.398303 38.868078 28.763906 0.262081 0.803066 -0.535163 0.631739 -0.561981 -0.533932 0.729533 0.198150 0.654613
1.842652 -5.558141 29.247823 23.723478 0.254533 0.785988 -0.563415 0.628643 -0.577192 -0.521207 0.734861 0.221523 0.641020
1.041367 -5.322031 9.453485 21.129687 0.270480 0.758428 -0.592983 0.512638 -0.634820 -0.578106 0.814889 0.147619 0.560504
-0.016411 -3.373605 49.565388 -126.890708 0.614085 0.776065 -0.143605 -0.609954 0.351197 -0.710364 0.500855 -0.523817 -0.689028
1.389358 -3.881411 58.425161 59.876445 0.511940 0.808141 -0.291250 0.735796 -0.237559 0.634168 0.443308 -0.538957 -0.716243
1.059476 -3.690725 56.281391 -73.044829 0.220707 0.846442 -0.484587 0.846730 0.080309 0.525926 0.484083 -0.526390 -0.698983
2.911320 -87.077221 -34.049400 -2896.475087 0.584787 0.808048 0.071295 0.049933 -0.123580 0.991078 -0.809649 0.576009 0.112616
5.558814 -61.490581 -126.237386 -496.294272 0.637442 0.766735 -0.076057 0.060833 0.048321 0.996978 -0.768093 0.640143 0.015842
8.109245 -112.747643 -250.743012 781.054889 0.562176 0.826040 -0.040201 0.550067 -0.337175 0.764028 -0.617563 0.451631 0.643929
0.755584 -8.890013 10.365872 39.752348 0.156948 0.582494 -0.797539 0.432052 0.685675 0.585816 0.888087 -0.436521 -0.144052
0.516952 -8.232160 -9.010654 44.686192 0.164835 0.561212 -0.811092 0.424499 0.701916 0.571939 0.890298 -0.438583 -0.122534
0.421665 -7.501837 0.661149 113.961838 0.184025 0.626507 -0.757380 0.241078 0.718235 0.652702 0.952899 -0.302700 -0.018864
-1.913915 -7.849079 -272.853418 65.467228 -0.746357 -0.661074 -0.077020 -0.639282 0.744277 -0.193315 0.185120 -0.095045 -0.978109
-2.479217 -8.445627 -207.702085 26.838900 -0.809272 -0.576224 -0.114215 -0.498163 0.776229 -0.386396 0.311307 -0.255802 -0.915234
-1.605602 -8.445300 -3.204476 73.240452 0.838264 0.545180 0.009589 -0.529829 0.818564 -0.221886 0.128817 -0.180919 -0.975025
-1.229747 -7.422630 -53.833734 85.196236 -0.766707 -0.641775 -0.016872 -0.640249 0.766294 -0.053621 0.047342 -0.030309 -0.998419
0.483365 -19.500229 -73.582327 230.233869 -0.290288 0.615312 0.732888 0.951879 0.107012 0.287184 0.098280 0.780986 -0.616767
-2.948448 -23.890488 -128.813549 -499.288458 -0.286627 0.601652 0.745560 0.873999 0.482948 -0.053725 -0.392391 0.636220 -0.664270
-1.117158 -21.919098 -107.903088 210.201314 -0.251007 0.648982 0.718204 0.964914 0.108693 0.239013 0.077051 0.752999 -0.653495
-11.359727 -16.819832 -220.124115 473.161976 0.455825 0.883378 -0.108936 -0.835914 0.466913 0.288514 -0.305731 0.040451 -0.951258
-8.883442 -13.025173 245.808747 -10.345219 -0.874128 -0.316886 0.368080 -0.309286 0.947495 0.081211 -0.374489 -0.042853 -0.926241
-9.369043 -14.331705 290.451108 -349.241876 0.435008 0.831108 0.346449 0.890796 -0.341103 -0.300218 -0.131339 0.439213 -0.888731
-1.727508 -5.385007 -25.605145 43.481689 0.058152 0.440248 0.895991 0.938801 -0.329351 0.100897 0.339515 0.835290 -0.432458
-1.482906 -4.182689 9.263064 38.600171 0.373931 0.215210 0.902142 0.816843 -0.537103 -0.210447 0.439253 0.815601 -0.376633
-2.172808 -6.527705 -14.008612 28.832383 0.013568 0.448032 0.893915 0.989473 -0.134834 0.052560 0.144079 0.883791 -0.445145
-0.855804 -3.649982 -6.038229 43.394377 0.284829 0.299436 0.910610 0.822472 -0.564267 -0.071712 0.492354 0.769377 -0.406997
-0.995147 -5.074656 -38.783141 41.823304 0.001346 0.495583 0.868560 0.915893 -0.349268 0.197866 0.401419 0.795242 -0.454371
-1.573868 -6.323508 -31.689063 37.633873 -0.046897 0.502036 0.863574 0.974701 -0.166142 0.149518 0.218540 0.848738 -0.481543
-0.518627 -10.071036 -1.866658 -12.229183 0.246287 -0.266122 -0.931945 0.952560 -0.110936 0.283413 -0.178809 -0.957534 0.226175
-0.570469 -10.318959 0.134477 -0.896550 0.268097 -0.243643 -0.932074 0.883577 -0.323397 0.338683 -0.383948 -0.914359 0.128576
-0.618460 -10.743611 0.779715 35.762356 0.273362 -0.246670 -0.929746 0.767502 -0.526710 0.365401 -0.579839 -0.813468 0.045338
-10.457950 -12.941087 -29.225640 -9.225995 0.847908 -0.508161 -0.151079 0.361411 0.762562 -0.536545 -0.387859 -0.400339 -0.830237
-10.308341 -12.287077 31.212849 32.489392 -0.810404 0.573621 0.119178 0.514927 0.794408 -0.322128 -0.279455 -0.199686 -0.939165
-10.304379 -13.629021 46.411860 -43.367449 0.838149 -0.535792 0.102146 0.517276 0.721405 -0.460435 -0.173008 -0.438750 -0.881797
-2.877540 -40.403913 -49.938408 -989.484480 -0.020910 -0.540740 -0.840930 0.246481 0.812364 -0.528500 0.968922 -0.218324 0.116296
-0.727366 -5.416212 -42.422408 -10.544311 0.403588 0.060439 0.912942 -0.115671 0.993180 -0.014616 -0.907600 -0.099702 0.407827
-1.486656 -5.158573 -27.863828 7.104042 0.451941 0.052435 0.890505 -0.068110 0.997385 -0.024162 -0.889444 -0.049732 0.454331
-0.995257 -5.163708 -30.129538 13.172343 0.428372 0.106033 0.897360 -0.001056 0.993149 -0.116847 -0.903602 0.049107 0.425550
-1.739742 -4.549130 -29.961969 30.376056 0.463902 0.162009 0.870947 0.037503 0.978663 -0.202022 -0.885092 0.126382 0.447928
-0.160821 -5.609367 -36.214131 -13.820171 0.401482 0.107019 0.909593 -0.064321 0.993992 -0.088559 -0.913605 -0.022951 0.405954
-0.521812 -5.322221 -27.788845 10.926190 0.422039 0.201783 0.883837 0.059317 0.966680 -0.249021 -0.904635 0.157523 0.396007
-0.985396 -4.607270 -13.452792 35.092600 0.457236 0.230877 0.858854 0.087137 0.949439 -0.301618 -0.885066 0.212749 0.414000
-8.745789 -15.170985 36.873575 283.223114 -0.503979 0.640905 -0.579005 0.280969 0.755557 0.591769 0.816739 0.135556 -0.560859
-6.024915 -13.307346 53.716253 -187.006000 -0.410916 0.878114 -0.245080 -0.388220 -0.411774 -0.824456 0.824884 0.243637 -0.510106
-0.685951 -14.570010 8.650167 -156.137588 0.176240 0.849607 0.497099 0.842743 0.130722 -0.522204 -0.508650 0.510960 -0.692961
-0.787568 -16.816911 5.193635 -189.075976 0.130280 0.858986 0.495147 0.954063 0.027284 -0.298360 -0.269797 0.511271 -0.815972
-0.508316 -12.938845 8.430854 99.060957 0.221786 0.847848 0.481627 -0.688160 -0.213839 0.693332 -0.690831 0.485207 -0.536029
-0.646103 -17.603216 4.906566 -202.629087 0.136859 0.849068 0.510249 0.955711 0.022307 -0.293459 -0.260548 0.527813 -0.808411
-0.491742 -15.670780 5.910187 -186.107759 0.178141 0.843469 0.506780 0.844732 0.133054 -0.518386 -0.504672 0.520439 -0.688803
-0.899395 -28.743529 -16.418792 -111.989700 -0.282945 0.801095 0.527435 -0.706777 0.197601 -0.679280 0.648390 0.564978 -0.510285
-0.545527 -26.436541 6.064476 -146.116812 -0.280036 0.787488 0.549038 -0.442988 0.401386 -0.801655 0.851670 0.467709 -0.236446
-1.410446 -12.758555 27.885694 -27.751459 -0.483932 0.366098 -0.794847 -0.421279 0.698652 0.578281 0.767030 0.614701 -0.183871
-2.205649 -13.450871 9.082960 101.238868 -0.511891 0.481006 -0.711759 -0.216441 0.729597 0.648723 0.831337 0.486129 -0.269364
-1.994779 -17.976740 34.296132 81.289865 -0.532536 0.469194 -0.704459 -0.279414 0.688183 0.669577 0.798958 0.553409 -0.235382
2.154448 -7.436282 33.978642 91.387952 0.455644 -0.000909 0.890162 0.524352 0.808369 -0.267573 -0.719336 0.588676 0.368805
3.913920 -5.552771 0.345602 103.418706 0.508881 0.190231 0.839555 0.515617 0.713616 -0.474227 -0.689333 0.674214 0.265059
4.273043 -6.632879 87.420188 46.869583 0.546165 0.036722 0.836872 0.581889 0.702029 -0.410562 -0.602585 0.711201 0.362056
2.503909 -8.845903 63.719804 59.676062 0.449972 -0.172008 0.876321 0.614465 0.771702 -0.164041 -0.648042 0.612282 0.452937
6.922897 0.699283 280.025829 -1.321070 0.891321 -0.226851 0.392537 -0.408588 -0.777142 0.478650 -0.196475 0.587017 0.785371
4.760343 0.655265 241.982379 28.357396 0.892369 -0.246314 0.378162 -0.406526 -0.802610 0.436525 -0.195995 0.543274 0.816357
2.461217 0.426431 258.168296 0.203552 0.857773 -0.320445 0.401921 -0.487431 -0.755325 0.438058 -0.163207 0.571663 0.804092
5.817373 0.476808 315.843004 -41.618408 0.887201 -0.265505 0.377334 -0.439199 -0.736538 0.514409 -0.141342 0.622109 0.770067
1.511316 0.038295 197.379363 -48.325040 0.719730 -0.472927 0.508260 -0.677874 -0.636804 0.367380 -0.149918 0.608951 0.778912
0.409624 -3.020330 -9.949298 20.577928 0.476078 0.795031 0.375866 0.018823 -0.436525 0.899495 -0.879202 0.421155 0.222784
1.167853 -3.540805 -18.222890 22.895448 0.493712 0.740146 0.456543 -0.073497 -0.487596 0.869970 -0.866514 0.463069 0.186334
0.690952 -3.263991 22.897733 7.525965 0.515944 0.740061 0.431406 -0.027627 -0.488976 0.871860 -0.856177 0.461749 0.231838
0.211965 -3.175355 13.034494 -9.965404 0.504719 0.674459 0.538854 -0.051152 -0.599730 0.798566 -0.861767 0.430615 0.268196
-0.208808 -2.750851 -16.349174 -6.665820 0.455194 0.806635 0.377012 0.054336 -0.447799 0.892482 -0.888733 0.385767 0.247664
-0.609755 -2.812606 -51.696094 19.345528 0.437056 0.835838 0.332199 0.053208 -0.392722 0.918117 -0.897859 0.383592 0.216114
-0.283669 -0.719551 -6.576771 -9.979630 0.763396 0.639278 0.092462 0.375837 -0.556030 0.741335 -0.525331 0.531181 0.664736
-4.547507 -26.464834 147.408545 -605.232230 0.403032 0.014960 -0.915064 -0.163224 0.985011 -0.055787 0.900513 0.171844 0.399432
-3.858531 -20.263015 86.635790 -685.038561 0.464560 -0.066672 -0.883028 0.148936 0.988840 0.003694 0.872927 -0.133231 0.469306
-1.850316 -21.246607 63.077025 -377.688789 0.404293 -0.012376 -0.914546 -0.228173 0.966929 -0.113953 0.885711 0.254745 0.388099
-15.275682 -46.108485 320.810526 -1642.135031 0.510745 0.203040 -0.835413 -0.004988 0.972396 0.233283 0.859718 -0.114982 0.497659
-3.216920 -24.241131 110.642002 143.420116 0.400115 -0.029970 -0.915975 -0.548645 0.792747 -0.265596 0.734096 0.608814 0.300747
-7.237298 -26.604098 191.290168 -265.870617 0.451185 0.039970 -0.891535 -0.375785 0.914622 -0.149171 0.809455 0.402329 0.427684
-5.812874 -9.812900 101.608542 -25.571456 0.722325 0.618697 -0.308967 -0.485928 0.136188 -0.863323 0.492058 -0.773735 -0.399015
-0.552859 -3.248795 -10.677754 -21.106757 0.239029 0.721597 -0.649740 -0.317929 -0.574093 -0.754545 0.917489 -0.386929 -0.092192
-0.552246 -3.186003 -15.266238 -8.876301 0.279383 0.773734 -0.568577 -0.235417 -0.518885 -0.821789 0.930873 -0.363447 -0.037182
0.068183 -3.587357 -26.903723 -25.353635 0.266420 0.726668 -0.633225 -0.329025 -0.548941 -0.768379 0.905960 -0.413059 -0.092843
-0.560441 -2.944122 -2.240453 5.875667 0.271821 0.798207 -0.537568 -0.228875 -0.488952 -0.841749 0.934735 -0.351841 -0.049782
-0.210311 -3.925929 -15.529056 -31.647616 0.224977 0.683235 -0.694676 -0.408748 -0.581008 -0.703815 0.884483 -0.442290 -0.148557
-0.501572 -3.495463 3.438918 -28.910172 0.202337 0.688117 -0.696818 -0.383312 -0.599120 -0.702942 0.901184 -0.409330 -0.142539
-0.606802 -2.938260 5.459711 -10.806456 0.227117 0.745998 -0.626023 -0.306577 -0.555370 -0.773029 0.924353 -0.367492 -0.102572
10.741442 -8.525575 493.500761 -184.667970 -0.686637 -0.078359 0.722766 0.377798 0.810932 0.446831 -0.621127 0.579870 -0.527211
5.521760 -65.217309 -282.705365 -2651.660802 0.683321 0.004714 -0.730103 0.480638 0.749834 0.454682 -0.549599 0.661610 -0.510111
-0.186275 -7.077931 -9.828932 15.464141 0.696910 0.462089 -0.548444 0.655790 -0.720146 0.226560 0.290268 0.517556 0.804910
5.086752 -14.409371 7.961830 -22.739518 -0.639406 -0.739451 0.210647 0.719525 -0.478909 0.502922 -0.271005 0.473138 0.838270
4.804137 -14.184848 32.424061 -84.239794 -0.588497 -0.798263 0.128246 0.690336 -0.413560 0.593637 -0.420841 0.437886 0.794449
4.814541 -13.670515 -7.751152 135.497888 -0.668486 -0.687126 0.284578 0.736226 -0.557186 0.384078 -0.105347 0.466264 0.878351
4.402735 -14.110125 29.364125 58.991757 -0.590973 -0.797146 0.123732 0.760538 -0.499431 0.414911 -0.268949 0.339304 0.901410
4.674671 -13.245419 10.814470 137.158880 -0.628139 -0.752113 0.199418 0.768237 -0.558782 0.312369 -0.123505 0.349412 0.928794
-0.774816 -11.739592 12.645944 78.012877 0.373643 0.872233 -0.315594 0.312871 -0.438809 -0.842353 0.873214 -0.215999 0.436854
-1.912143 -11.184855 -18.102760 -17.899241 0.460768 0.887101 -0.027304 0.847407 -0.430590 0.310636 -0.263808 0.166269 0.950137
-2.153755 -11.070815 -8.502974 5.291644 0.448983 0.887431 -0.104308 0.821675 -0.364182 0.438432 -0.351091 0.282556 0.892691
-2.247252 -10.998888 -1.304225 -12.874152 -0.449052 -0.875087 0.180487 0.831458 -0.335294 0.443008 -0.327154 0.349001 0.878162
2.842749 -6.814897 -70.958124 -125.041250 -0.279016 0.402030 -0.872079 0.882901 0.464564 -0.068313 0.377673 -0.789020 -0.484573
1.990674 -17.837699 18.392043 98.880185 0.704433 0.073940 -0.705909 0.707317 -0.155767 0.689522 -0.058974 -0.985023 -0.162026
1.681999 -4.834517 39.185207 2.278778 0.267543 0.813198 -0.516846 0.475622 -0.577953 -0.663139 0.837976 0.068405 0.541402
1.018452 -4.760081 31.077594 -7.044133 0.277477 0.788797 -0.548458 0.367530 -0.614604 -0.697986 0.887653 0.007900 0.460445
0.708567 -4.805363 -2.679495 -3.437413 0.298884 0.751955 -0.587565 0.338193 -0.659212 -0.671614 0.892353 -0.002024 0.451333
-1.326562 -21.776623 -25.837874 -74.351941 0.540003 0.841176 0.028623 -0.542131 0.373638 -0.752654 0.643810 -0.390918 -0.657793
-1.327386 -20.601010 -33.466833 -166.897382 0.583936 0.810387 0.047869 -0.230347 0.221945 -0.947460 0.778434 -0.542229 -0.316272
-1.142643 -21.474826 -0.760173 -102.676210 0.539995 0.840333 0.047395 -0.457749 0.340470 -0.821307 0.706308 -0.421807 -0.568514
-1.301726 -18.724119 -32.717009 -32.396812 0.544276 0.837953 0.039988 -0.391452 0.295841 -0.871346 0.741976 -0.458599 -0.489038
-0.950375 -24.324207 -4.399115 -185.073175 0.503052 0.863289 0.040881 -0.691827 0.430587 -0.579629 0.517990 -0.263301 -0.813855
-1.624403 -21.650527 -15.883944 -29.463071 0.499951 0.865276 0.036702 -0.568626 0.359923 -0.739676 0.653233 -0.348932 -0.671962
-1.486667 -26.313900 -15.930618 -155.573340 0.500711 0.864606 0.041763 -0.761226 0.462784 -0.454274 0.412096 -0.195669 -0.889882
4.398171 -80.540211 -99.695324 -1924.327911 0.560796 0.827949 0.002947 -0.299738 0.199702 0.932886 -0.771793 0.524042 -0.360160
0.562923 -43.963599 -46.185138 -608.930162 0.554747 0.831973 -0.008805 -0.240955 0.170776 0.955393 -0.796365 0.527880 -0.295205
1.000773 -51.300199 20.269587 -718.177419 0.595624 0.803253 0.004093 -0.020685 0.010244 0.999734 -0.802997 0.595550 -0.022717
16.526601 -500.041267 784.708951 -29917.626668 0.621490 0.778224 0.090093 0.247148 -0.303889 0.920092 -0.743416 0.549562 0.381201
0.795982 -5.969993 54.194739 2.776410 -0.369956 -0.837341 0.402483 0.902500 -0.426735 -0.058230 0.220512 0.341699 0.913573
0.503822 -5.814754 88.686151 -5.288036 -0.337061 -0.863293 0.375654 0.935373 -0.352446 0.029318 0.107088 0.361258 0.926296
1.457163 -6.026618 52.361593 4.839883 -0.349405 -0.843575 0.407796 0.930292 -0.364210 0.043676 0.111680 0.394630 0.912028
0.886494 -5.947577 -55.031071 8.002920 0.418601 0.816762 -0.397080 0.836810 -0.516777 -0.180805 0.352876 0.256595 0.899798
-0.346307 -5.686091 -101.968508 5.461097 0.417011 0.826139 -0.378942 0.844082 -0.506633 -0.175641 0.337088 0.246614 0.908600
-0.842687 -7.857568 -204.062705 19.468093 -0.764660 -0.638731 -0.085545 -0.577265 0.737906 -0.349657 0.286461 -0.217986 -0.932964
-0.995232 -8.223692 -165.061789 -4.611147 -0.818148 -0.559876 -0.131045 -0.421866 0.739315 -0.524827 0.390721 -0.374102 -0.841061
-2.767275 -8.833903 -201.360460 -0.075939 -0.830382 -0.529723 -0.172799 -0.355727 0.742696 -0.567328 0.428864 -0.409630 -0.805158
-14.762241 -48.186022 -129.805085 -813.641874 -0.227719 -0.559753 -0.796756 -0.655299 0.693327 -0.299800 0.720227 0.453844 -0.524690
-13.867713 -95.232960 -322.849977 -4229.183044 -0.157095 -0.596706 -0.786933 -0.521104 0.726955 -0.447199 0.838911 0.339821 -0.425147
-23.802865 -203.033448 835.988622 -8196.669715 -0.157850 0.750972 0.641190 -0.775345 0.307843 -0.551428 0.611493 0.584187 -0.533669
-9.694900 -16.835410 -344.570590 324.315096 0.624673 0.703872 -0.338154 -0.735638 0.675704 0.047541 -0.261955 -0.219061 -0.939889
-5.662372 -10.757300 98.167374 49.633436 -0.781513 -0.523065 0.340060 -0.527398 0.845069 0.087801 -0.333300 -0.110729 -0.936296
-2.161548 -5.836190 -36.251630 -15.678959 0.256800 0.849831 -0.460262 -0.424582 0.527017 0.736196 -0.868207 -0.006364 -0.496161
-1.341298 -5.863257 74.979661 -21.732016 0.372422 0.797190 -0.475174 -0.406800 0.600422 0.688482 -0.834156 0.063105 -0.547907
-0.824205 -5.378963 34.810484 -23.725624 0.319907 0.832961 -0.451481 -0.527847 0.552410 0.645152 -0.786789 -0.031924 -0.616396
-1.847211 -6.327599 47.507255 -16.751324 0.357459 0.788809 -0.500003 -0.291955 0.602925 0.742458 -0.887122 0.119421 -0.445818
-2.550791 -6.253988 -54.404152 -16.093198 0.262055 0.833020 -0.487242 -0.294097 0.549805 0.781807 -0.919149 0.061580 -0.389068
-0.507454 -9.757160 2.618132 14.301757 0.202967 -0.276161 -0.939436 0.978565 0.091361 0.184564 0.034858 -0.956759 0.288785
