14666
29320
-7.045197 -9.505327 -72.831485 189.996005 -0.076977 0.260596 0.962374 0.979313 0.200931 0.023923 -0.187137 0.944307 -0.270673
-9.550613 -12.209019 -109.880893 222.705143 0.145371 0.342340 0.928262 0.927903 0.278388 -0.247983 -0.343312 0.897387 -0.277189
-9.199301 -13.184763 55.355064 458.817754 0.635986 0.361929 0.681564 0.725356 0.021093 -0.688051 -0.263402 0.931967 -0.249112
-6.748392 -10.371793 -11.254531 149.067281 -0.246847 0.249218 0.936460 0.932876 0.322700 0.160023 -0.262315 0.913102 -0.312147
-5.623924 -12.102085 276.377082 525.841397 0.645863 0.262537 0.716893 0.750079 -0.043214 -0.659935 -0.142278 0.963954 -0.224833
-5.198935 -7.919752 126.896622 184.668412 0.330803 0.256567 0.908154 0.940043 -0.004956 -0.341019 -0.082993 0.966514 -0.242823
-4.885849 -7.929638 65.454253 127.992230 -0.376616 0.206477 0.903066 0.920134 0.196295 0.338853 -0.107302 0.958559 -0.263914
-5.986342 -9.427994 13.974652 107.146027 -0.501072 0.205295 0.840703 0.841868 0.340660 0.418579 -0.200462 0.917499 -0.343526
-9.018896 -13.879658 352.767945 -25.335189 0.312441 0.007200 0.949910 0.601686 0.772306 -0.203758 -0.735088 0.635210 0.236968
-5.577049 -13.896005 562.977501 0.927239 0.472659 0.108317 0.874563 0.447476 0.825456 -0.344074 -0.759183 0.553976 0.341690
0.550450 -15.458615 1341.227412 616.208922 0.481869 -0.187153 0.856023 0.691605 0.681092 -0.240409 -0.538037 0.707876 0.457633
4.753149 -18.376490 1407.219202 494.945040 0.591979 0.039762 0.804972 0.485654 0.779486 -0.395654 -0.643197 0.625157 0.442128
-6.788919 -12.705176 995.511382 -13.192824 0.482063 -0.135404 0.865610 0.678972 0.682151 -0.271417 -0.553726 0.718565 0.420775
11.017655 -25.531744 968.850555 2010.130032 0.507092 0.032403 0.861283 0.703921 0.561063 -0.435550 -0.497347 0.827139 0.261701
-6.003602 -12.919456 -48.911160 -44.866378 -0.706385 0.511272 0.489511 0.255073 0.828971 -0.497740 -0.660271 -0.226735 -0.715984
-6.195841 -13.406610 -138.915841 16.867303 -0.716899 0.456933 0.526562 0.332782 0.887959 -0.317468 -0.612627 -0.052362 -0.788636
-5.451614 -13.081630 39.374048 4.732479 -0.721127 0.449706 0.527010 0.334033 0.892125 -0.304196 -0.606958 -0.043325 -0.793552
-0.319367 -2.375406 -101.467437 -78.690647 0.421215 0.217836 0.880412 0.877781 -0.342164 -0.335296 0.228206 0.914041 -0.335337
-0.559442 -3.415198 -90.622470 -102.542994 0.377858 0.232360 0.896232 0.888126 -0.364511 -0.279937 0.261640 0.901743 -0.344098
0.128462 -3.229877 -143.149981 -99.329541 0.443476 0.215528 0.869987 0.860856 -0.372641 -0.346504 0.249511 0.902600 -0.350796
-0.337383 -3.220860 42.697505 -96.726459 0.382225 0.196111 0.903020 0.881765 -0.369696 -0.292941 0.276394 0.908221 -0.314231
0.915144 -2.339461 -115.127941 -70.687330 0.440819 0.204781 0.873924 0.868251 -0.344203 -0.357303 0.227638 0.916291 -0.329532
-0.537719 -2.298052 24.004328 -59.444004 0.464436 0.166239 0.869864 0.850028 -0.359287 -0.385183 0.248498 0.918301 -0.308174
6.958705 -17.966800 -291.590880 -283.944789 0.984008 -0.050524 0.170811 0.092995 0.963585 -0.250711 0.151925 -0.262586 -0.952873
4.531662 -18.962208 -329.282703 -183.245404 0.995498 -0.018393 0.092985 0.031981 0.988645 -0.146828 0.089229 -0.149141 -0.984782
3.897049 -16.053211 -243.862881 -360.448620 0.991965 -0.040467 0.119866 0.083304 0.921998 -0.378127 0.095215 -0.385074 -0.917961
1.136127 -13.595751 -146.442537 -364.683138 0.994745 -0.009560 0.101936 0.056987 0.878848 -0.473687 0.085058 -0.477006 -0.874774
3.680171 -12.267055 -220.727726 -301.118848 0.986686 -0.061445 0.150583 0.134553 0.828502 -0.543580 0.091359 -0.556604 -0.825739
6.049727 -15.082005 -288.526163 -387.891562 0.981106 -0.068919 0.180780 0.142747 0.888584 -0.435938 0.130593 -0.453507 -0.881633
0.911301 -5.489817 10.983946 -48.424114 -0.106469 -0.168538 -0.979928 0.689427 0.697644 -0.194894 0.716488 -0.696339 0.041917
0.822760 -6.187038 24.111773 -107.674312 -0.134702 -0.191208 -0.972263 0.642265 0.730334 -0.232612 0.754553 -0.655784 0.024429
0.931956 -5.874820 52.668818 -27.105202 -0.161450 -0.182077 -0.969939 0.677916 0.693788 -0.243080 0.717191 -0.696783 0.011421
0.765180 -5.576556 45.555098 47.305561 -0.153161 -0.182642 -0.971176 0.704687 0.668798 -0.236909 0.692790 -0.720661 0.026271
0.812788 -5.399466 0.400318 62.199623 -0.098598 -0.176005 -0.979439 0.713141 0.673958 -0.192901 0.694053 -0.717497 0.059066
-1.786916 -14.376486 9.547953 136.935035 0.320741 0.162478 0.933127 0.920652 -0.284952 -0.266837 0.222541 0.944671 -0.240982
-1.659740 -13.049479 9.559899 -69.131820 0.298282 0.174170 0.938452 0.907711 -0.355755 -0.222485 0.295109 0.918206 -0.264211
-1.697659 -13.642068 4.193921 83.653214 0.306916 0.192563 0.932053 0.919031 -0.314489 -0.237654 0.247357 0.929525 -0.273493
0.496086 -17.948369 -13.485225 284.239564 -0.393046 -0.120959 -0.911528 -0.329183 0.944119 0.016658 0.858577 0.306606 -0.410900
1.169085 -17.510329 22.472653 -50.540788 -0.368198 -0.182772 -0.911606 -0.153374 0.978995 -0.134335 0.917010 0.090355 -0.388496
1.281066 -17.508805 108.800077 319.378000 -0.389544 -0.206989 -0.897447 -0.338028 0.938548 -0.069745 0.856734 0.276194 -0.435573
0.803027 -15.654623 63.847118 268.493624 -0.398506 -0.130132 -0.907887 -0.449188 0.890730 0.069493 0.799639 0.435505 -0.413415
1.677585 -14.483755 113.536753 160.313396 -0.385691 -0.171661 -0.906518 -0.409822 0.912164 0.001634 0.826613 0.372141 -0.422164
1.857541 -15.786375 165.991700 233.685476 -0.389672 -0.245614 -0.887598 -0.313418 0.941620 -0.122967 0.865982 0.230272 -0.443903
0.556198 -27.641915 -87.479216 -33.679812 0.419672 0.306155 0.854485 -0.477606 0.875020 -0.078941 -0.771860 -0.374978 0.513443
0.414663 -27.916048 -74.388454 -95.635166 0.418442 0.308113 0.854384 -0.559309 0.828586 -0.024882 -0.715597 -0.467453 0.519046
0.894391 -27.894415 -0.230356 153.737060 -0.424574 -0.331100 -0.842680 0.698197 -0.712285 -0.071912 -0.576418 -0.618889 0.533591
0.718370 -28.592643 7.437906 -130.447378 0.422347 0.333117 0.843004 -0.669349 0.741746 0.042242 -0.611223 -0.582105 0.536246
0.849194 -27.159501 -67.441265 -26.150250 -0.408789 -0.372515 -0.833141 0.820595 -0.549545 -0.156920 -0.399393 -0.747819 0.530332
0.966640 -25.755434 -4.647274 213.863358 -0.401991 -0.357696 -0.842886 0.844483 -0.500635 -0.190298 -0.353909 -0.788301 0.503319
-1.807184 -14.150654 -81.285986 -312.104733 0.438042 0.285220 0.852507 0.173001 0.903859 -0.391293 -0.882151 0.318887 0.346585
-1.805190 -18.859566 -55.286062 -236.970790 0.454200 0.301770 0.838235 0.345213 0.807764 -0.477855 -0.821298 0.506411 0.262711
-1.448163 -16.294157 -101.132752 -223.850666 0.415686 0.288409 0.862569 0.300222 0.851720 -0.429464 -0.858529 0.437485 0.267462
-0.926851 -13.449240 -147.698870 -232.511698 0.398209 0.317205 0.860703 0.172515 0.895665 -0.409905 -0.900926 0.311712 0.301940
-1.057796 -10.405760 -76.957809 -290.453109 0.424576 0.305985 0.852120 0.037480 0.934414 -0.354210 -0.904616 0.182327 0.385261
-1.584671 -10.489597 -5.639109 -382.250532 0.485126 0.280317 0.828297 -0.034017 0.952559 -0.302447 -0.873783 0.118549 0.471646
-4.401076 -7.083954 -131.570617 4.183699 0.639019 0.584508 0.500005 -0.524160 -0.144843 0.839212 -0.562948 0.798355 -0.213818
-2.220070 -5.922444 -120.021383 73.027728 0.654971 0.643160 0.396684 -0.426889 -0.118235 0.896542 -0.623521 0.756549 -0.197117
-3.937643 -5.946915 -141.374795 119.956940 0.653218 0.603735 0.456958 -0.429114 -0.202049 0.880362 -0.623833 0.771156 -0.127089
-5.979914 -7.047980 -141.170840 31.911960 0.437575 0.479595 0.760603 0.800975 0.176498 -0.572091 -0.408617 0.859556 -0.306913
-3.917171 -6.733220 -119.781336 70.105181 0.508704 0.560387 0.653595 0.725596 0.129547 -0.675817 -0.463391 0.818036 -0.340713
-4.808401 -7.302622 -124.810889 56.550358 0.592011 0.548870 0.590139 0.637644 0.128824 -0.759483 -0.492882 0.825921 -0.273718
-3.000513 -14.469377 -65.635159 157.112701 -0.447032 -0.347928 -0.824081 0.096838 0.897019 -0.431253 0.889261 -0.272586 -0.367303
-2.990544 -13.761829 -58.255578 67.642931 -0.444256 -0.277013 -0.851998 0.003927 0.950386 -0.311050 0.895891 -0.141531 -0.421127
-1.900727 -14.663051 -105.842321 139.276693 -0.403762 -0.307565 -0.861615 0.039529 0.935051 -0.352303 0.914010 -0.176305 -0.365380
-4.072882 -13.723975 -90.222268 75.304447 -0.465529 -0.326402 -0.822645 0.081872 0.909640 -0.407250 0.881238 -0.256938 -0.396741
-2.107789 -15.693669 -117.119549 129.767175 -0.414828 -0.372234 -0.830277 0.175557 0.862604 -0.474441 0.892803 -0.342572 -0.292484
-3.122158 -15.379862 -83.149966 119.100160 -0.467845 -0.396721 -0.789768 0.202037 0.821927 -0.532557 0.860408 -0.408716 -0.304382
0.365843 -6.054082 -66.416952 -88.735763 0.773285 0.437924 0.458533 -0.520411 0.025228 0.853543 -0.362220 0.898658 -0.247409
-0.225429 -5.243228 -48.940997 -20.150302 0.701706 0.444528 0.556780 -0.639361 0.048071 0.767403 -0.314367 0.894474 -0.317945
1.085633 -5.058159 -62.587307 -96.844549 0.838695 0.411395 0.356855 -0.434960 0.111696 0.893495 -0.327720 0.904588 -0.272619
2.396164 -6.734307 -87.323902 -141.080134 0.867295 0.401971 0.293630 -0.343064 0.055242 0.937686 -0.360702 0.913985 -0.185813
1.232920 -44.510777 16.157272 -334.005855 0.442620 0.465015 0.766713 0.866264 -0.442647 -0.231623 0.231675 0.766697 -0.598751
0.691909 -40.213030 103.080238 -257.228363 0.477644 0.402625 0.780865 0.877521 -0.175556 -0.446248 -0.042585 0.898372 -0.437165
1.564406 -44.783236 23.858357 -745.301912 0.464817 0.465593 0.753106 0.868766 -0.075700 -0.489402 -0.170852 0.881755 -0.439678
1.853792 -43.612159 -7.837154 -288.002231 0.464992 0.474980 0.747112 0.885291 -0.255660 -0.388456 0.006498 0.842040 -0.539376
0.663729 -55.259388 -2.448282 1082.371972 0.462536 0.480929 0.744827 0.836031 -0.516254 -0.185832 0.295148 0.708653 -0.640858
0.495062 -47.414636 -49.945171 -761.077364 -0.418167 -0.482630 -0.769548 -0.689484 0.720195 -0.077017 0.591396 0.498385 -0.633927
-0.080567 -9.456128 -156.505823 -60.947922 0.560103 0.419620 0.714285 0.783632 -0.548044 -0.292523 0.268711 0.723579 -0.635789
0.962935 -9.572125 -159.804806 -28.101692 0.528697 0.431093 0.731189 0.762790 -0.619168 -0.186499 0.372331 0.656345 -0.656186
2.201838 -8.563619 -192.919107 -50.482504 0.585325 0.380584 0.715926 0.760544 -0.563750 -0.322116 0.281012 0.733036 -0.619428
1.467810 -8.027600 -162.648476 -89.932822 0.631854 0.354922 0.689051 0.753253 -0.490705 -0.437970 0.182675 0.795763 -0.577401
-0.465285 -9.263907 -93.407185 -124.399619 0.571035 0.394554 0.719894 0.798974 -0.468549 -0.376964 0.188573 0.790436 -0.582796
-1.018342 -32.849648 -61.431521 -969.748036 -0.482921 -0.390902 -0.783571 -0.332067 0.909745 -0.249192 0.810259 0.139858 -0.569140
-1.504620 -24.738885 -8.066878 -448.510456 -0.510112 -0.414093 -0.753865 -0.139320 0.904683 -0.402663 0.848749 -0.100375 -0.519182
-1.426092 -33.332692 13.860308 -1048.091275 -0.529038 -0.386157 -0.755647 -0.245028 0.922049 -0.299646 0.812453 0.026631 -0.582418
7.312044 -570.996427 -94.672869 -53514.492661 -0.391553 -0.240502 -0.888169 0.897922 -0.310773 -0.311701 -0.201054 -0.919554 0.337636
-4.474407 -86.223911 51.927420 5694.300872 0.673010 0.164334 0.721147 -0.477522 0.841112 0.253976 -0.564828 -0.515292 0.644549
-4.056232 -133.690134 -16.735578 -8586.356217 -0.449263 -0.278515 -0.848877 0.739090 -0.649661 -0.178006 -0.501905 -0.707369 0.497716
1.040897 -22.424492 41.838714 -202.354918 -0.437645 -0.335121 -0.834363 -0.008090 0.929378 -0.369040 0.899111 -0.154758 -0.409449
0.873704 -20.118441 1.131969 -284.720748 -0.426031 -0.347676 -0.835236 0.249482 0.842266 -0.477857 0.869630 -0.411958 -0.272093
0.774161 -19.608668 -24.939999 -181.516533 -0.397214 -0.339558 -0.852597 0.178579 0.882675 -0.434735 0.900184 -0.324939 -0.289973
0.832278 -21.397961 -35.469273 -123.152871 -0.397316 -0.312416 -0.862865 -0.041769 0.945448 -0.323084 0.916731 -0.092325 -0.388691
-2.039968 -5.901679 -94.859667 47.346624 -0.359511 -0.012216 -0.933061 0.153993 0.985428 -0.072235 0.920347 -0.169655 -0.352391
-1.386284 -6.002433 -70.700778 70.327206 -0.339776 0.030283 -0.940019 0.203829 0.978098 -0.042165 0.918154 -0.205929 -0.338507
-2.124719 -6.805643 -65.427255 64.960271 -0.339557 0.100917 -0.935156 0.290652 0.956826 -0.002281 0.894552 -0.272579 -0.354229
-0.797224 -5.132510 -85.548029 35.762054 -0.350156 -0.099576 -0.931384 0.093412 0.985665 -0.140498 0.932022 -0.136199 -0.335835
0.424190 -11.693601 20.573018 35.584854 -0.337274 -0.404777 -0.849942 0.909092 0.094478 -0.405740 0.244535 -0.909522 0.336115
0.573621 -11.229681 43.491029 37.143143 -0.314181 -0.390713 -0.865236 0.894401 0.183784 -0.407762 0.318335 -0.901979 0.291713
0.619592 -11.567421 -13.822251 30.117294 -0.310379 -0.410819 -0.857258 0.878712 0.220056 -0.423603 0.362669 -0.884761 0.292691
0.242653 -12.253390 -3.720636 25.963151 -0.353425 -0.419091 -0.836334 0.909769 0.054110 -0.411573 0.217740 -0.906331 0.362152
0.435577 -11.821470 31.217670 21.931949 -0.320747 -0.391974 -0.862252 0.869206 0.239863 -0.432373 0.376301 -0.888157 0.263771
0.638122 -11.143639 58.545421 64.448530 -0.293998 -0.368622 -0.881863 0.793722 0.419877 -0.440124 0.532514 -0.829350 0.169141
0.625029 -35.443229 -31.446154 -604.632474 0.082242 0.494468 0.865296 -0.010995 0.868635 -0.495330 -0.996552 0.031223 0.076875
4.227461 -104.435170 -35.090264 -6611.495330 0.033847 0.424930 0.904593 0.100380 0.899090 -0.426101 -0.994373 0.105226 -0.012223
0.103853 -39.202802 -164.866538 -1599.942854 0.034842 0.439212 0.897708 -0.243320 0.874952 -0.418634 -0.969320 -0.203844 0.137354
3.539773 -54.970962 -18.992753 -2230.194736 0.077493 0.519297 0.851073 0.247393 0.816926 -0.520988 -0.965811 0.250922 -0.065165
-0.417463 -33.466764 99.454381 -965.922220 0.130360 0.518617 0.845010 -0.255503 0.841069 -0.476782 -0.957979 -0.153750 0.242150
4.938227 -66.949959 429.371021 -2900.096226 0.127196 0.580808 0.804042 0.085968 0.801120 -0.592298 -0.988145 0.144460 0.051968
2.171223 -20.744929 -50.928364 338.721047 0.083117 0.966057 0.244593 -0.790467 0.213374 -0.574138 0.606839 0.145622 -0.781371
-1.833920 -86.420619 -114.443516 5384.110584 -0.116707 0.993080 -0.013108 -0.771636 -0.098976 -0.628316 0.625265 0.063215 -0.777848
-0.815142 -45.781794 -45.048694 1985.908376 -0.125690 0.992069 -0.001305 -0.711486 -0.091058 -0.696775 0.691368 0.086649 -0.717288
2.123054 -171.404777 -252.149879 10967.413220 -0.081609 0.993758 -0.076063 -0.649478 -0.110914 -0.752248 0.755988 0.011989 -0.654475
2.618892 -17.619452 -73.192410 -52.039906 0.083410 0.943718 0.320062 -0.748933 0.271240 -0.604589 0.657375 0.189276 -0.729406
0.341557 -63.297301 12.865040 3186.105599 -0.164861 0.986299 0.005950 -0.647038 -0.103596 -0.755387 0.744421 0.128383 -0.655252
1.252004 -106.109312 -187.821163 5402.352038 -0.131448 0.987131 -0.091075 -0.484861 -0.144153 -0.862629 0.864657 0.069232 -0.497570
-2.038869 -6.979265 114.870588 20.794522 -0.354226 -0.391886 -0.849087 -0.213019 0.917903 -0.334779 0.910575 0.062284 -0.408625
-2.105168 -6.602624 118.760999 -15.929585 -0.379785 -0.439585 -0.813959 -0.148388 0.897439 -0.415433 0.913096 -0.036994 -0.406062
-1.466451 -6.525719 25.902219 -66.138404 -0.368453 -0.301406 -0.879430 -0.183964 0.950916 -0.248831 0.911263 0.070101 -0.405815
-1.692922 -7.253099 20.422989 0.231917 -0.335675 -0.285401 -0.897702 -0.273053 0.941561 -0.197242 0.901534 0.178911 -0.393988
-2.238078 -7.919356 -9.046505 110.533808 -0.296551 -0.361419 -0.883988 -0.288362 0.916308 -0.277896 0.910442 0.172498 -0.375952
3.552844 -1.187566 331.323764 -16.763691 0.710091 0.561549 -0.424774 -0.306111 -0.297077 -0.904456 0.634087 -0.772275 0.039055
3.488660 -1.576162 269.907920 -29.792850 0.734442 0.553772 -0.392341 -0.297245 -0.257232 -0.919498 0.610115 -0.791940 0.024316
4.708392 -1.029973 52.601375 -19.287364 0.796612 0.449528 -0.404147 -0.296753 -0.291650 -0.909328 0.526637 -0.844313 0.098933
10.062914 -15.703292 287.802245 451.026799 -0.134641 0.534860 -0.834144 0.964046 -0.123924 -0.235070 -0.229100 -0.835803 -0.498945
12.129088 -18.659054 441.602277 304.001885 -0.074627 0.576996 -0.813330 0.892770 -0.324719 -0.312280 -0.444288 -0.749422 -0.490892
13.802433 -17.674730 198.251918 364.170114 -0.247912 0.431402 -0.867428 0.913407 -0.194294 -0.357682 -0.322841 -0.880989 -0.345878
10.586113 -14.592019 235.788063 391.629573 -0.227534 0.481428 -0.846437 0.963269 -0.016034 -0.268060 -0.142623 -0.876339 -0.460096
18.320045 -12.656017 488.364033 159.568647 0.257332 -0.360151 0.896700 0.147358 0.931723 0.331930 -0.955021 0.046720 0.292834
15.098303 -13.814175 164.647327 148.000711 0.358004 -0.350997 0.865237 0.177655 0.935333 0.305925 -0.916663 0.044191 0.397209
18.286195 -14.021095 361.174113 50.004531 0.344716 -0.361678 0.866233 -0.032807 0.917588 0.396176 -0.938133 -0.164987 0.304442
18.094677 -11.099712 129.749278 51.157677 0.054858 -0.401664 0.914143 0.037544 0.915703 0.400097 -0.997788 0.012372 0.065313
20.613140 -16.151844 539.379365 -77.014104 0.446413 -0.330602 0.831515 -0.286311 0.827625 0.482766 -0.847786 -0.453586 0.274808
20.217823 -14.368152 272.243455 -47.176990 0.187949 -0.446457 0.874844 -0.204347 0.853451 0.479441 -0.960686 -0.268882 0.069173
0.322037 -2.556253 -24.891663 -1.371883 -0.232008 0.208075 0.950198 0.674958 0.737849 0.003229 -0.700431 0.642093 -0.311629
0.420579 -2.641062 8.414906 -36.811930 -0.233854 0.180135 0.955439 0.680596 0.732102 0.028556 -0.694335 0.656946 -0.293804
0.630277 -2.559212 -14.142151 -3.246264 -0.252633 0.164932 0.953401 0.657370 0.752280 0.044051 -0.709959 0.637866 -0.298472
7.267991 -16.172755 357.052544 525.454500 0.013658 0.585693 -0.810418 0.969429 -0.206338 -0.132784 -0.244991 -0.783829 -0.570606
6.718679 -11.160672 190.486953 355.966970 -0.118232 0.546684 -0.828950 0.989084 -0.009100 -0.147073 -0.087946 -0.837289 -0.539641
4.176232 -11.891377 175.819312 402.161413 0.037113 0.592892 -0.804427 0.992774 -0.113801 -0.038074 -0.114118 -0.797201 -0.592831
-1.369917 -12.949182 52.628565 -103.396169 0.533581 0.132613 0.835287 0.481098 0.764681 -0.428728 -0.695583 0.630616 0.344220
-1.413621 -14.497986 9.190057 127.987480 0.501567 0.165755 0.849091 0.611181 0.626739 -0.483379 -0.612282 0.761395 0.213045
-1.333253 -12.948954 -79.755525 -148.543914 0.479919 0.180728 0.858496 0.462507 0.779404 -0.422631 -0.745496 0.599889 0.290463
-1.408408 -13.655999 33.796489 -327.963239 0.520268 0.138780 0.842651 0.355654 0.861862 -0.361531 -0.776422 0.487785 0.399042
-1.458379 -13.275400 -30.411263 -235.921031 0.476732 0.144136 0.867151 0.359287 0.868357 -0.341861 -0.802271 0.474533 0.362187
-0.749008 -12.938690 10.463477 -75.925031 -0.457097 -0.339884 -0.821913 0.886976 -0.242615 -0.392953 -0.065850 -0.908635 0.412368
-0.474991 -12.028340 10.816208 -64.604353 -0.486987 -0.328666 -0.809211 0.848719 -0.396809 -0.349597 -0.206201 -0.857042 0.472186
-0.544836 -11.672088 0.924825 -61.275795 -0.508030 -0.320393 -0.799534 0.836628 -0.404300 -0.369586 -0.204839 -0.856673 0.473447
-0.742466 -12.504503 -0.207900 -52.739872 -0.467578 -0.337989 -0.816783 0.882619 -0.229244 -0.410404 -0.048530 -0.912804 0.405504
-0.865795 -11.063650 217.202058 421.225361 0.582984 -0.312120 0.750141 0.652555 -0.370176 -0.661167 0.484048 0.874957 -0.012132
-2.959146 -13.983178 225.183084 583.346106 0.556530 -0.288226 0.779230 0.670300 -0.398386 -0.626089 0.490889 0.870755 -0.028516
-1.193005 -16.186522 253.738977 572.591394 0.549396 -0.311535 0.775313 0.735268 -0.260528 -0.625704 0.396919 0.913822 0.085929
2.392436 -36.765022 69.371646 866.233564 0.513968 0.147666 0.845004 0.857579 -0.065618 -0.510149 -0.019884 0.986858 -0.160360
2.248050 -36.236361 68.754340 739.913268 0.539045 0.113669 0.834572 0.822218 0.143941 -0.550670 -0.182723 0.983036 -0.015871
2.339163 -45.939079 42.129366 1145.310124 0.551572 0.164644 0.817717 0.777915 0.252253 -0.575514 -0.301026 0.953552 0.011056
2.463224 -44.615332 5.703772 1137.376604 0.530736 0.226767 0.816637 0.845042 -0.067704 -0.530396 -0.064986 0.971593 -0.227561
2.636390 -48.364067 13.680783 -526.124443 0.563102 0.224874 0.795203 -0.562555 -0.600573 0.568194 -0.605350 0.767296 0.211680
2.908839 -54.618026 16.487089 1282.581246 0.547401 0.262410 0.794665 0.750076 0.267268 -0.604942 -0.371131 0.927205 -0.050525
-1.720793 -16.802800 73.900802 98.170099 -0.550782 0.050043 -0.833148 0.813086 0.257604 -0.522046 0.188498 -0.964954 -0.182573
-1.682813 -17.903005 81.477386 102.812545 -0.526003 0.055225 -0.848688 0.850150 0.006254 -0.526503 -0.023769 -0.998454 -0.050239
-1.126732 -17.171398 13.403913 107.892947 -0.540585 0.043201 -0.840179 0.827890 0.204848 -0.522145 0.149552 -0.977840 -0.146504
10.049711 -9.616283 -256.713290 16.599608 -0.193251 -0.114901 0.974398 0.977051 0.068142 0.201813 -0.089586 0.991037 0.099096
11.786459 -10.836218 -92.676120 68.512844 -0.275755 -0.291019 0.916115 0.958211 -0.007774 0.285957 -0.076097 0.956686 0.281002
9.774658 -9.978437 -191.713166 -30.103468 -0.309287 -0.266164 0.912961 0.919441 0.161454 0.358553 -0.242835 0.950310 0.194786
7.072375 -8.843821 -182.078800 -70.001354 -0.239620 -0.142791 0.960309 0.925971 0.263698 0.270262 -0.291822 0.953978 0.069033
-0.879796 -11.986685 -2.713815 -51.166901 -0.425846 -0.318024 -0.847063 0.885241 0.047141 -0.462738 0.187093 -0.946910 0.261453
-0.929960 -12.691976 -12.069749 -51.010680 -0.388166 -0.327291 -0.861515 0.879026 0.149325 -0.452785 0.276838 -0.933050 0.229735
-0.816680 -12.156925 -3.956534 -42.113602 -0.442222 -0.324292 -0.836227 0.889847 -0.041892 -0.454332 0.112304 -0.945029 0.307096
-0.651755 -11.285868 19.051443 -36.008421 -0.477610 -0.309327 -0.822317 0.877967 -0.133300 -0.459789 0.032610 -0.941567 0.335244
-0.613821 -11.754431 4.296316 -27.720040 -0.475212 -0.319868 -0.819669 0.879570 -0.197071 -0.433035 -0.023019 -0.926740 0.374997
-2.021172 -12.641044 20.498001 66.680761 0.365220 0.214928 0.905771 0.613925 0.675804 -0.407903 -0.699794 0.705049 0.114868
-1.892985 -11.678175 -26.794219 -128.953687 0.361414 0.245222 0.899581 0.454206 0.796280 -0.399544 -0.814295 0.552996 0.176405
-1.579481 -12.097950 28.599357 -63.310186 0.399434 0.214338 0.891354 0.479080 0.780159 -0.402285 -0.781623 0.587716 0.208937
-1.657983 -12.990747 33.531002 80.149136 0.374997 0.187450 0.907877 0.643122 0.652737 -0.400411 -0.667661 0.734028 0.124221
-1.105767 -22.145864 8.306941 -369.483726 -0.031576 0.303302 0.952371 0.998609 -0.030682 0.042881 0.042227 0.952400 -0.301911
-1.018291 -23.251100 13.999558 -226.798027 -0.037930 0.275191 0.960641 0.991676 -0.108007 0.070096 0.123046 0.955303 -0.268804
-0.753535 -26.775639 -5.926807 -627.545998 -0.061295 0.293333 0.954043 0.952389 -0.268821 0.143841 0.298660 0.917437 -0.262890
-0.767265 -25.803270 -11.450656 -635.909328 -0.047432 0.301194 0.952382 0.983534 -0.152376 0.097173 0.174388 0.941310 -0.289007
-1.501903 -22.445487 19.688975 -132.447922 -0.052696 -0.308836 -0.949654 0.931257 -0.358533 0.064924 -0.360534 -0.880951 0.306499
-1.184277 -21.924798 33.160832 -298.354221 0.000229 -0.319805 -0.947483 0.974173 -0.213872 0.072424 -0.225802 -0.923029 0.311497
-1.208461 -23.554269 7.348791 -145.571850 -0.012439 -0.347090 -0.937749 0.996643 -0.080198 0.016464 -0.080920 -0.934397 0.346922
-3.333676 -7.348386 -84.987820 -16.609188 -0.175327 -0.330542 -0.927363 0.959644 0.152991 -0.235961 0.219873 -0.931309 0.290379
-3.889622 -7.766354 -78.322515 -19.000701 -0.136034 -0.287818 -0.947975 0.960658 0.195545 -0.197224 0.242137 -0.937509 0.249894
-2.756217 -7.155169 -128.054671 28.615840 -0.315398 -0.369956 -0.873875 0.881211 0.227523 -0.414368 0.352124 -0.900759 0.254249
-4.051068 -8.000634 -67.332406 4.934990 -0.244846 -0.279499 -0.928402 0.912006 0.258612 -0.318378 0.329082 -0.924662 0.191585
-1.892936 -6.930925 -111.852125 -5.875087 -0.309398 -0.380735 -0.871386 0.908239 0.153175 -0.389410 0.281737 -0.911909 0.298406
0.852241 -32.474335 -9.030051 -235.561950 0.081889 0.441753 0.893392 -0.557302 0.763455 -0.326421 -0.826262 -0.471159 0.308708
0.806409 -36.208540 31.380075 -38.359435 0.075418 0.471224 0.878783 -0.599891 0.725413 -0.337500 -0.796519 -0.501721 0.337392
1.156327 -39.615287 2.216363 -372.065865 0.095754 0.442708 0.891538 -0.328123 0.859632 -0.391623 -0.939769 -0.255035 0.227576
1.300154 -8.237211 -1.387611 51.068017 0.397579 0.406641 0.822541 -0.447356 0.868580 -0.213169 -0.801127 -0.283217 0.527242
1.819703 -8.535895 38.069833 58.453717 0.404071 0.394044 0.825504 -0.494039 0.853524 -0.165596 -0.769839 -0.340918 0.539557
1.598044 -7.955001 17.569091 39.489513 0.401769 0.372136 0.836718 -0.383387 0.898129 -0.215358 -0.831623 -0.234263 0.503512
1.274785 -7.480973 5.537420 49.155902 0.417010 0.381683 0.824876 -0.331963 0.908814 -0.252701 -0.846111 -0.168449 0.505689
1.443625 -7.513943 18.723121 34.040031 0.402677 0.347843 0.846674 -0.284680 0.926699 -0.245327 -0.869948 -0.142244 0.472184
1.252915 -7.255622 -13.846355 35.485948 0.406425 0.362910 0.838519 -0.279107 0.923180 -0.264270 -0.870010 -0.126631 0.476494
1.211119 -5.909945 -10.558761 1.260447 -0.398061 -0.318836 -0.860169 0.789263 0.358874 -0.498270 0.467559 -0.877242 0.108792
1.276789 -5.225842 30.479885 -14.068788 -0.437218 -0.285376 -0.852878 0.790558 0.330182 -0.515750 0.428787 -0.899745 0.081245
0.748156 -6.595337 6.647445 50.935893 -0.283459 -0.263595 -0.922046 0.877889 0.315637 -0.360118 0.385957 -0.911532 0.141937
0.911576 -7.013469 -49.931426 16.814942 -0.280926 -0.296277 -0.912853 0.863493 0.337111 -0.375149 0.418881 -0.893631 0.161129
1.044603 -6.829585 -46.835546 0.611108 -0.342090 -0.319471 -0.883692 0.812187 0.372433 -0.449051 0.472575 -0.871339 0.132065
3.855989 -23.502620 -38.499141 809.576351 0.506264 -0.073969 0.859201 0.862362 0.037236 -0.504921 0.005355 0.996565 0.082639
3.541456 -15.700604 5.137314 481.071117 0.535615 -0.078052 0.840848 0.829714 -0.136640 -0.541206 0.157136 0.987541 -0.008426
3.666314 -18.188340 -22.522856 520.826601 0.542121 -0.111899 0.832817 0.832193 -0.065852 -0.550562 0.116450 0.991535 0.057421
3.886592 -24.621380 -14.582275 811.924578 0.522461 -0.148519 0.839629 0.852562 0.075794 -0.517101 0.013161 0.986001 0.166221
3.404358 -18.505557 -1.453694 540.326756 0.544253 -0.171738 0.821155 0.823049 -0.080194 -0.562280 0.162417 0.981873 0.097703
2.559300 -21.152819 41.667727 264.206419 0.275269 0.371643 0.886627 -0.638306 0.760291 -0.120514 -0.718883 -0.532766 0.446507
2.300070 -13.814091 -109.635543 2.005541 -0.301988 -0.367270 -0.879725 0.766572 -0.642140 0.004937 -0.566719 -0.672882 0.475457
4.253847 -15.925288 137.956436 117.703275 0.127154 0.477707 0.869269 -0.623902 0.719819 -0.304314 -0.771089 -0.503644 0.389570
6.114769 -24.363379 214.979945 -294.149043 0.178599 0.511346 0.840611 -0.463361 0.797390 -0.386607 -0.867986 -0.320459 0.379351
3.820602 -22.249130 40.604853 214.175817 0.266114 0.411020 0.871921 -0.516513 0.824522 -0.231035 -0.813878 -0.388877 0.431714
7.530433 -46.662662 -200.857696 1953.443320 -0.277233 0.720809 0.635276 0.958494 0.253296 0.130885 -0.066570 0.645194 -0.761113
5.215740 -50.346307 -232.459069 1386.463948 -0.340175 0.735524 0.585905 0.920893 0.386694 0.049227 -0.190358 0.556302 -0.808883
2.969932 -39.021173 50.247971 841.789542 -0.373074 0.738475 0.561668 0.914564 0.190809 0.356602 0.156170 0.646720 -0.746568
4.815549 -56.002843 -105.438381 2824.865790 -0.209565 0.730862 0.649556 0.964333 0.044635 0.260900 0.161689 0.681064 -0.714149
-2.083121 -10.924352 -34.029244 -14.708656 0.258512 0.210600 0.942772 0.704213 0.626972 -0.333154 -0.661253 0.750036 0.013773
-1.845059 -9.802872 -19.050136 7.048675 0.248689 0.229508 0.940999 0.670304 0.660515 -0.338248 -0.699175 0.714875 0.010423
-2.030452 -11.223156 -12.885823 55.169331 0.330477 0.281907 0.900729 0.589435 0.683706 -0.430248 -0.737124 0.673108 0.059783
-10.316631 -16.860113 46.581848 -512.730421 0.716210 0.432992 0.547321 -0.576089 -0.075849 0.813860 -0.393909 0.898201 -0.195118
-11.512857 -14.469479 -185.208840 199.854195 0.361353 0.440850 0.821630 0.791767 0.320327 -0.520092 -0.492473 0.838476 -0.233299
-8.522332 -13.104290 -29.981016 170.729136 0.015369 0.360126 0.932777 0.890020 0.420204 -0.176897 -0.455662 0.832909 -0.314061
-7.592162 -11.353047 -13.096827 120.105366 -0.270906 0.293159 0.916879 0.898182 0.419582 0.131226 -0.346236 0.859074 -0.376977
-13.092909 -14.070177 -147.887594 -168.470380 0.118761 -0.046806 0.991819 0.487978 0.872685 -0.017247 -0.864739 0.486034 0.126482
-7.860268 -14.310435 314.018907 -165.744937 0.383105 0.197930 0.902250 0.313564 0.890904 -0.328584 -0.868855 0.408795 0.279246
-0.970927 -17.573215 1209.657482 -471.568269 0.547100 0.092519 0.831938 0.267883 0.922252 -0.278728 -0.793045 0.375354 0.479780
-6.629732 -13.692419 -158.103537 12.864266 -0.660294 0.499317 0.560976 0.362666 0.866095 -0.344025 -0.657636 -0.023711 -0.752962
-6.001503 -13.272094 -156.881832 79.612443 -0.695431 0.442346 0.566309 0.421398 0.889390 -0.177225 -0.582064 0.115394 -0.804913
-7.089963 -13.483250 -116.735525 -38.502628 -0.655647 0.546652 0.520863 0.287346 0.818560 -0.497386 -0.698254 -0.176442 -0.693765
-0.200887 -4.457358 -118.849592 -106.929578 0.423239 0.226402 0.877275 0.858361 -0.410100 -0.308277 0.289975 0.883493 -0.367905
-0.593425 -4.371314 45.214911 -112.400861 0.362527 0.215767 0.906652 0.880148 -0.399152 -0.256938 0.306453 0.891135 -0.334610
5.324321 -19.461666 -314.035059 151.351359 0.996638 0.023697 0.078431 -0.034270 0.990068 0.136347 0.074421 0.138576 -0.987552
3.077550 -19.131515 -234.407280 -109.306129 0.998122 0.016994 0.058852 -0.012371 0.996873 -0.078041 0.059994 -0.077166 -0.995212
7.877810 -20.203038 287.534715 32.249193 -0.984049 0.025231 -0.176098 0.021447 0.999497 0.023357 0.176598 0.019208 -0.984096
0.629097 -6.863874 2.264137 -108.118871 -0.120125 -0.184435 -0.975476 0.582914 0.782271 -0.219689 0.803605 -0.595008 0.013539
0.252681 -7.464004 -41.948971 -101.075331 -0.135140 -0.245560 -0.959915 0.548738 0.788113 -0.278864 0.824999 -0.564428 0.028242
0.933533 -5.972016 49.816608 -76.479899 -0.124662 -0.159812 -0.979244 0.639022 0.742066 -0.202455 0.759019 -0.650997 0.009616
0.479321 -7.945180 -22.987770 -75.204537 -0.131566 -0.221406 -0.966266 0.493842 0.830536 -0.257547 0.859541 -0.511067 0.000069
0.564729 -7.603351 11.420374 -81.354287 -0.121715 -0.184936 -0.975184 0.516762 0.827023 -0.221337 0.847433 -0.530879 -0.005093
0.561668 -6.640875 19.904412 -67.014184 -0.116751 -0.157901 -0.980529 0.597986 0.777086 -0.196341 0.792958 -0.609265 0.003697
0.274805 -25.107109 -55.378586 154.581977 0.429019 0.305743 0.849979 -0.304876 0.934770 -0.182359 -0.850290 -0.180903 0.494248
-0.325609 -27.337514 94.683501 20.099757 0.455186 0.344860 0.820900 -0.508003 0.857757 -0.078658 -0.731258 -0.381216 0.565629
-1.838239 -20.435851 -2.926081 2.776028 0.506274 0.281865 0.815009 0.491905 0.681861 -0.541383 -0.708319 0.674995 0.206557
-0.963894 -21.713926 -10.629816 -139.065960 0.449952 0.255796 0.855635 0.586116 0.638298 -0.499043 -0.673804 0.726047 0.137277
-2.082228 -17.037404 22.909554 -253.906631 0.526834 0.285861 0.800456 0.258228 0.843404 -0.471156 -0.809793 0.454921 0.370516
-1.060629 -18.980127 -76.726665 -274.724336 0.420242 0.268339 0.866828 0.444394 0.772014 -0.454432 -0.791145 0.576185 0.205185
-3.004778 -6.701956 -108.681747 29.289499 0.580600 0.604938 0.544935 0.600503 0.133810 -0.788347 -0.549819 0.784949 -0.285577
-2.207425 -6.308906 -87.814266 58.845382 0.533938 0.604514 0.591163 0.671517 0.121671 -0.730932 -0.513786 0.787248 -0.340976
-1.011321 -6.029018 -75.668815 22.796907 0.606086 0.638753 0.473977 -0.528590 -0.121819 0.840091 -0.594350 0.759707 -0.263806
-4.069578 -6.220861 -106.455100 -6.606010 0.195449 0.487155 0.851164 0.905156 0.244452 -0.347757 -0.377480 0.838405 -0.393173
-2.914865 -6.023355 -84.925268 69.678601 0.424183 0.568606 0.704809 0.789202 0.149571 -0.595641 -0.444104 0.808898 -0.385299
-1.770330 -14.607502 -96.346686 -7.965229 -0.406643 -0.236886 -0.882341 -0.056930 0.970492 -0.234315 0.911811 -0.045051 -0.408130
-2.544007 -13.984821 -80.848015 -104.983790 -0.430554 -0.180658 -0.884300 -0.081676 0.983542 -0.161166 0.898862 0.002835 -0.438223
-4.003649 -13.782795 -74.507966 -63.723602 -0.468925 -0.213689 -0.856998 -0.026506 0.973259 -0.228175 0.882840 -0.084281 -0.462050
-0.931153 -6.460941 -39.738819 -109.771085 0.518603 0.446948 0.728895 0.806650 0.026893 -0.590417 -0.283488 0.894155 -0.346584
-0.732179 -5.843292 -37.201371 -124.735175 0.521822 0.447200 0.726439 0.806765 0.017993 -0.590599 -0.277187 0.894253 -0.351396
-0.570592 -6.174929 -38.494107 -0.230111 0.629561 0.441226 0.639510 0.710030 0.007460 -0.704132 -0.315452 0.897365 -0.308587
-0.172462 -35.697504 77.534951 -441.540418 0.521687 0.398068 0.754576 0.793796 0.097618 -0.600299 -0.312620 0.912147 -0.265059
0.160624 -39.254465 64.051490 -184.468034 0.500994 0.383716 0.775737 0.864902 -0.253906 -0.432985 0.030820 0.887859 -0.459082
-0.129442 -39.868296 38.515558 -280.366511 0.481585 0.402902 0.778297 0.830055 -0.494652 -0.257544 0.281221 0.770058 -0.572648
-0.306065 -40.715448 31.856503 -699.750041 0.492654 0.406111 0.769653 0.867877 -0.294220 -0.400280 0.063889 0.865164 -0.497403
-0.334813 -36.706670 71.357141 -534.960546 0.520368 0.381805 0.763834 0.825755 0.002937 -0.564021 -0.217589 0.924238 -0.313749
-2.213153 -47.889386 34.026780 -1060.711230 0.489316 0.441145 0.752304 0.854153 -0.416552 -0.311298 0.176047 0.794906 -0.580631
-2.403910 -47.188338 8.949390 -1062.154419 0.492287 0.471254 0.731828 0.862521 -0.377206 -0.337304 0.117094 0.797267 -0.592160
-2.210270 -43.080143 -2.722205 -1434.677229 0.464219 0.484735 0.741305 0.866665 -0.075918 -0.493080 -0.182735 0.871360 -0.455345
-1.963165 -38.194332 47.063512 -1350.604967 0.466473 0.440553 0.767017 0.881063 -0.154658 -0.447001 -0.078302 0.884304 -0.460299
-4.039773 -154.397504 15.757340 -11230.259467 -0.615693 -0.246518 -0.748432 0.721053 -0.559332 -0.408938 -0.317811 -0.791440 0.522129
-1.432563 -6.587107 -45.502701 72.704128 -0.324888 0.065374 -0.943490 0.290553 0.956262 -0.033792 0.900015 -0.285112 -0.329673
-0.613507 -5.655229 -38.671266 70.730167 -0.345693 -0.029925 -0.937871 0.181550 0.978472 -0.098139 0.920617 -0.204196 -0.332818
-0.660691 -5.604025 11.598968 69.790746 -0.391818 -0.304280 -0.868270 0.112734 0.920738 -0.373540 0.913110 -0.244243 -0.326459
-0.007421 -4.711268 22.135451 67.773609 -0.391364 -0.271857 -0.879164 0.058335 0.946117 -0.318528 0.918385 -0.175946 -0.354417
-0.651135 -5.005856 63.223137 66.004058 -0.406393 -0.361572 -0.839113 0.037915 0.910905 -0.410870 0.912911 -0.198790 -0.356477
-1.557239 -5.869915 52.010480 73.994545 -0.414541 -0.414627 -0.810086 0.067402 0.873741 -0.481699 0.907531 -0.254285 -0.334255
-1.358372 -5.085920 84.540693 67.438268 -0.414275 -0.471127 -0.778727 -0.019738 0.860050 -0.509827 0.909938 -0.195838 -0.365596
5.950819 -75.472123 -59.585576 -2276.472628 0.080591 0.474404 0.876610 0.548059 0.713501 -0.436518 -0.832548 0.515614 -0.202499
6.063327 -66.936011 -146.156941 -2127.421398 0.105110 0.405403 0.908075 0.377779 0.828402 -0.413562 -0.919910 0.386521 -0.066079
-0.061621 -26.236517 -56.634605 907.602389 -0.013320 0.991590 0.128728 -0.834558 0.059886 -0.547656 0.550760 0.114726 -0.826742
-1.766406 -6.352846 28.885981 82.424340 -0.321918 -0.631067 -0.705779 -0.182170 0.772819 -0.607919 0.929076 -0.067128 -0.363746
-2.180282 -7.258387 134.518082 98.770517 -0.349696 -0.596072 -0.722781 -0.164619 0.798581 -0.578938 0.922287 -0.083469 -0.377385
-1.399397 -6.050410 14.011466 -69.943587 -0.358947 -0.396983 -0.844726 -0.141342 0.917722 -0.371227 0.922594 -0.013855 -0.385524
-1.079669 -5.446615 -51.946564 0.628559 -0.317723 -0.526532 -0.788553 -0.157236 0.849389 -0.503800 0.935055 -0.036080 -0.352661
-1.416368 -5.700110 36.861682 79.909628 0.299292 0.704949 0.643018 -0.168784 0.702396 -0.691485 0.939115 -0.098425 -0.329205
2.009196 -6.683892 16.418222 -44.014007 0.412077 0.171665 0.894832 0.786750 0.428330 -0.444475 -0.459584 0.887167 0.041447
1.574221 -6.575350 56.653312 -17.194061 0.370049 0.121800 0.920993 0.857852 0.335721 -0.389078 -0.356586 0.934054 0.019747
1.103133 -5.899549 76.247302 -40.438959 0.428080 0.129966 0.894347 0.802556 0.400323 -0.442318 -0.415514 0.907111 0.067065
1.587250 -5.941331 52.650882 -42.381303 0.460870 0.156310 0.873594 0.737725 0.479702 -0.475023 -0.493316 0.863396 0.105767
0.256240 -5.194335 82.972745 20.924862 0.515045 0.167327 0.840672 0.733491 0.421450 -0.533265 -0.443531 0.891281 0.094333
7.509596 -19.073657 361.677743 365.701886 0.131678 0.609877 -0.781480 0.878984 -0.436314 -0.192398 -0.458310 -0.661574 -0.593526
13.997841 -20.556862 538.778168 77.857880 0.036833 0.613891 -0.788531 -0.754665 0.534336 0.380743 -0.655075 -0.581053 -0.482963
15.987889 -12.098350 452.221589 127.785992 0.288492 -0.340253 0.894986 0.289636 0.921948 0.257142 -0.912624 0.185037 0.364525
13.492633 -12.859507 36.263240 75.069115 0.381909 -0.325516 0.864977 0.328433 0.922630 0.202201 -0.863873 0.206864 0.459271
0.557812 -3.175796 11.462227 -49.717436 -0.256750 0.168744 0.951633 0.700631 0.710737 0.063002 -0.665730 0.682919 -0.300709
0.303280 -2.912627 56.923647 -14.447534 -0.260828 0.135512 0.955827 0.700910 0.707424 0.090971 -0.663847 0.693677 -0.279498
0.417596 -2.551957 28.728163 -38.728204 -0.216865 0.182047 0.959077 0.669321 0.742901 0.010333 -0.710618 0.644171 -0.282957
-0.085946 -2.753340 40.088498 -25.192886 -0.180122 0.213749 0.960139 0.699038 0.714538 -0.027933 -0.692027 0.666143 -0.278123
-1.173050 -13.418413 82.934706 49.377166 0.543752 0.109972 0.832010 0.570245 0.678961 -0.462420 -0.615755 0.725891 0.306476
-1.198847 -14.214832 29.457720 81.706739 0.521074 0.132309 0.843194 0.659871 0.564138 -0.496306 -0.541343 0.815011 0.206651
-1.628618 -13.220174 65.398258 -143.545047 0.549755 0.118360 0.826898 0.408383 0.825460 -0.389664 -0.728692 0.551911 0.405465
-1.103979 -13.447849 5.772738 -25.687905 0.527632 0.141384 0.837624 0.562775 0.680436 -0.469353 -0.636309 0.719040 0.279452
-0.637311 -8.166233 2.714023 57.178318 0.524954 0.329809 0.784633 -0.552925 0.832996 0.019793 -0.647068 -0.444233 0.619644
-0.388312 -7.788635 43.731518 20.807724 0.560119 0.313254 0.766902 -0.579409 0.809781 0.092411 -0.592074 -0.496112 0.635076
-0.479367 -8.562709 42.393289 -13.111843 0.555561 0.317147 0.768615 -0.514960 0.857012 0.018595 -0.652815 -0.406137 0.639441
-0.400704 -8.366374 1.496420 1.219661 -0.536551 -0.312790 -0.783757 0.641884 -0.754203 -0.138431 -0.547812 -0.577357 0.605443
-0.840166 -9.350195 8.969102 -100.222743 0.529208 0.321244 0.785329 -0.504000 0.863596 -0.013630 -0.682585 -0.388593 0.618928
-1.142893 -9.034260 -8.175378 -48.409570 0.508393 0.340892 0.790777 -0.513211 0.857347 -0.039644 -0.691485 -0.385680 0.610819
-0.855014 -7.780068 -1.169170 94.438775 0.507266 0.335966 0.793604 -0.591407 0.805524 0.037011 -0.626833 -0.488117 0.607307
-0.951525 -8.005622 5.738915 135.579999 0.491234 0.369218 0.788902 -0.545081 0.836756 -0.052203 -0.679393 -0.404372 0.612298
-2.905720 -30.761843 181.465399 165.414662 0.485230 -0.271924 0.831029 0.807398 0.504174 -0.306460 -0.335649 0.819675 0.464191
-0.703612 -27.392812 218.356334 438.296022 0.487103 -0.297015 0.821287 0.871906 0.219349 -0.437797 -0.050116 0.929337 0.365815
-3.078625 -28.059436 244.668653 348.827447 0.482856 -0.283686 0.828476 0.871208 0.251318 -0.421705 -0.088579 0.925398 0.368500
2.133154 -30.217194 47.288627 573.257383 0.480523 0.121222 0.868564 0.872763 -0.163136 -0.460078 0.085922 0.979128 -0.184188
1.553879 -34.280389 53.279647 845.791589 0.544592 0.105650 0.832020 0.821756 0.131190 -0.554532 -0.167739 0.985712 -0.015373
-2.284719 -16.640451 106.951204 104.071998 -0.542773 0.044445 -0.838702 0.836940 0.112088 -0.535693 0.070200 -0.992704 -0.098036
-2.726971 -17.723271 113.129968 24.386044 -0.526168 0.039071 -0.849483 0.840081 -0.131125 -0.526375 -0.131954 -0.990596 0.036171
-2.229639 -18.832793 108.858646 31.105053 -0.509249 0.062247 -0.858365 0.824831 -0.249326 -0.507435 -0.245599 -0.966417 0.075626
15.040863 -10.039397 -406.181679 83.324849 -0.199448 -0.154218 0.967697 0.979136 -0.070564 0.190560 0.038897 0.985514 0.165074
-1.071907 -13.434171 -11.371398 -1.884581 -0.350719 -0.336904 -0.873780 0.845463 0.287340 -0.450143 0.402727 -0.896622 0.184064
