15805
31586
-8.362176 -11.640907 75.014536 -415.703367 0.765887 -0.141929 -0.627116 -0.642542 -0.204778 -0.738381 0.023622 -0.968464 0.248032
-10.041102 -13.036979 -34.384521 -357.688819 0.713889 -0.264537 -0.648369 -0.686460 -0.081468 -0.722590 -0.138330 -0.960928 0.239753
-7.287866 -17.080651 148.175451 -526.630646 0.869106 -0.134622 -0.475954 -0.487942 -0.075683 -0.869589 -0.081044 -0.988002 0.131465
-7.868593 -10.975204 -37.795706 134.043915 -0.012583 -0.282576 -0.959162 0.990100 -0.137634 0.027559 -0.139801 -0.949320 0.281510
-5.573463 -16.100544 188.053404 -682.459696 0.786110 -0.040999 -0.616726 -0.613395 -0.174464 -0.770266 0.076016 -0.983810 0.162296
-4.548110 -10.589164 141.872102 433.754893 0.664868 -0.051197 -0.745204 0.731223 0.248322 0.635334 0.152523 -0.967324 0.202538
-5.583195 -7.407485 32.744759 133.008651 0.191970 -0.195783 -0.961674 0.973745 0.160157 0.161774 0.122346 -0.967481 0.221388
-6.175216 -8.711936 -39.706011 120.896489 -0.351903 -0.278274 -0.893716 0.935786 -0.082512 -0.342777 0.021644 -0.956951 0.289441
4.231512 -3.184287 -594.422274 268.829979 0.517684 0.845444 0.131253 0.120152 0.080049 -0.989523 0.847093 -0.528031 0.060142
3.575470 -0.163018 -176.958717 59.494689 0.411025 0.548197 -0.728381 0.323556 0.659250 0.678749 0.852274 -0.514655 0.093595
2.252979 -1.996755 220.182769 -530.539787 0.003481 -0.131632 -0.991293 0.448400 0.886259 -0.116110 0.893826 -0.444092 0.062108
-1.033998 -7.635348 -187.272557 -6.023146 0.420405 -0.358117 -0.833673 0.752617 0.650828 0.099957 0.506781 -0.669459 0.543137
0.765177 -7.541426 -136.085517 -15.301030 0.423196 -0.348741 -0.836233 0.798459 0.579761 0.162297 0.428215 -0.736381 0.523807
-0.915017 -7.452087 -191.874484 -16.915867 0.411657 -0.365056 -0.835028 0.816721 0.554322 0.160294 0.404359 -0.747971 0.526340
100.055495 -872.395621 339.907183 63934.704016 0.271345 0.921890 -0.276568 0.079673 -0.307877 -0.948084 0.959179 -0.235223 0.156991
212.994336 -1038.857582 -4034.735202 58342.505251 0.210681 0.971664 -0.107157 0.105596 -0.131597 -0.985663 0.971835 -0.196346 0.130328
-0.164322 -106.707415 -147.203500 6298.409122 0.325245 0.945622 0.003845 0.326883 -0.108614 -0.938803 0.887335 -0.306598 0.344434
-2.959424 -10.793786 111.929470 157.752915 -0.012484 -0.570889 -0.820932 0.099536 0.816209 -0.569118 0.994956 -0.088818 0.046634
-2.699105 -10.634640 110.703669 116.685951 -0.014580 -0.553231 -0.832901 0.191334 0.816053 -0.545389 0.981417 -0.167314 0.093954
-4.435218 -12.214008 -96.579093 169.274306 0.088149 0.703872 0.704837 0.310255 0.652992 -0.690900 0.946558 -0.279581 0.160819
-1.824162 -10.657828 -9.320442 -71.291630 0.110785 -0.629542 -0.769028 0.991778 0.119907 0.044716 0.064061 -0.767658 0.637650
-1.260766 -9.612773 -17.008894 -143.728700 0.153413 -0.625209 -0.765231 0.980616 0.000803 0.195937 -0.121888 -0.780457 0.613213
-1.684485 -11.094221 12.843886 -50.133350 0.074861 -0.601415 -0.795422 0.992820 0.119576 0.003028 0.093292 -0.789938 0.606049
-1.931258 -11.164467 1.255304 45.404751 0.051846 -0.618195 -0.784313 0.954955 0.260473 -0.142179 0.292187 -0.741612 0.603853
-2.013536 -10.806669 -6.009154 15.756175 0.064143 -0.643822 -0.762482 0.965089 0.234449 -0.116776 0.253946 -0.728373 0.636384
-0.344496 -8.302254 16.078794 4.843121 -0.232725 0.538762 0.809675 0.645174 0.708491 -0.285991 -0.727729 0.455824 -0.512479
-0.534519 -8.558288 -6.874801 -2.322717 -0.219332 0.581431 0.783474 0.594852 0.716200 -0.364978 -0.773333 0.386000 -0.502951
0.026533 -8.356193 25.274720 -9.875819 -0.244419 0.523836 0.816000 0.531226 0.776340 -0.339256 -0.811208 0.350560 -0.468027
0.603456 -8.068658 61.010460 21.226101 -0.262403 0.489677 0.831481 0.608821 0.752536 -0.251050 -0.748653 0.440347 -0.495594
5.587378 -13.293267 172.370989 -199.540024 -0.627528 0.153801 0.763252 0.743374 -0.173152 0.646076 0.231526 0.972812 -0.005674
6.354438 -12.366984 154.805048 39.395260 -0.649407 0.194684 0.735098 0.740569 -0.057634 0.669504 0.172708 0.979171 -0.106749
7.348604 -11.333686 118.104671 -9.258231 -0.617971 0.298982 0.727133 0.702536 -0.205175 0.681430 0.352925 0.931940 -0.083254
6.869304 -13.726018 151.610841 -333.894604 -0.580918 0.245765 0.775973 0.711471 -0.309787 0.630746 0.395402 0.918494 0.005106
7.686405 -11.132082 33.989109 -238.260390 -0.530616 0.394039 0.750453 0.689459 -0.314361 0.652551 0.493044 0.863661 -0.104868
7.242843 -10.382199 -56.007411 131.432773 -0.539537 0.450835 0.711089 0.690146 -0.246968 0.680225 0.482286 0.857761 -0.177894
-0.206238 -18.974823 -15.325531 -454.550642 -0.466985 0.338414 0.816946 0.267033 0.934707 -0.234554 -0.842982 0.108618 -0.526862
0.197854 -19.806157 -21.886967 -509.783112 -0.475421 0.336472 0.812872 0.274242 0.934614 -0.226470 -0.835922 0.115255 -0.536610
-0.230024 -15.916658 -24.372699 -387.429291 -0.476005 0.313920 0.821507 0.069193 0.944595 -0.320863 -0.876716 -0.095890 -0.471353
-0.474301 -14.562366 -20.402589 -377.122232 -0.464853 0.320488 0.825348 0.053812 0.940691 -0.334969 -0.883751 -0.111298 -0.454529
-0.680386 -17.858629 -20.877453 -407.741031 -0.457146 0.335291 0.823771 0.250311 0.937282 -0.242583 -0.853441 0.095303 -0.512402
-5.907830 -10.013648 -303.155408 182.394468 0.776347 -0.626608 0.068179 -0.408920 -0.583027 -0.702043 -0.479656 -0.517149 0.708863
-8.119340 -13.716991 -201.141913 -210.386004 0.643929 -0.745789 -0.170747 0.694906 0.476740 0.538353 -0.320096 -0.465314 0.825240
-6.242879 -13.242368 -279.362346 -218.105345 0.636155 -0.766033 -0.092198 0.676042 0.495815 0.545102 -0.371852 -0.409099 0.833285
-3.876131 -9.855197 318.169403 -185.351348 -0.732989 0.675462 -0.080491 0.463740 0.582758 0.667336 -0.497667 -0.451823 0.740394
-1.385879 -2.364214 39.589315 -14.254542 -0.140856 0.553704 0.820714 -0.672197 0.555124 -0.489887 -0.726850 -0.620685 0.294005
-1.881039 -3.153683 23.522493 73.183084 -0.012667 0.414285 0.910059 -0.686732 0.657933 -0.309068 -0.726800 -0.628882 0.276169
-1.215481 -2.739536 44.276177 98.521793 -0.007962 0.445571 0.895211 -0.683086 0.651386 -0.330287 -0.730295 -0.614136 0.299177
-1.968164 -4.490577 -27.590699 33.928691 0.434010 -0.090969 -0.896303 0.689237 0.674211 0.265315 0.580162 -0.732915 0.355314
-2.449825 -4.439281 25.708987 8.991234 0.167405 -0.317389 -0.933402 0.759388 0.645294 -0.083227 0.628734 -0.694882 0.349046
-1.827841 -4.257146 -64.467934 77.533446 0.520288 -0.022639 -0.853691 0.610212 0.709203 0.353091 0.597446 -0.704641 0.382804
-0.691252 -4.687595 -104.280239 20.527270 0.577012 0.017910 -0.816539 0.598892 0.670491 0.437917 0.555325 -0.741702 0.376155
0.095842 -4.499167 -146.674760 -45.820761 0.592676 0.026987 -0.804989 -0.564618 -0.698835 -0.439131 0.574405 -0.714774 0.398945
-1.474621 -3.967523 -118.978491 -85.917738 0.602337 0.061162 -0.795895 -0.516495 -0.730353 -0.447011 0.608624 -0.680327 0.408329
1.911983 -2.308144 44.482320 -26.595886 0.377150 -0.298768 -0.876639 0.925115 0.076750 0.371848 -0.043815 -0.951235 0.305341
2.123027 -2.999675 60.898906 -84.380274 0.414399 -0.300483 -0.859060 0.909640 0.106906 0.401404 -0.028776 -0.947777 0.317633
1.474212 -2.630882 81.407736 -38.825330 0.387748 -0.267223 -0.882181 0.921368 0.084254 0.379450 -0.027070 -0.959944 0.278880
1.256716 -2.713504 79.697263 40.758807 0.296922 -0.270373 -0.915825 0.953950 0.041169 0.297129 -0.042632 -0.961875 0.270146
1.777079 -2.506666 44.692282 50.280465 0.294260 -0.299970 -0.907430 0.953967 0.034610 0.297909 -0.057958 -0.953321 0.296346
1.209721 -27.464046 66.449552 -189.012573 0.124218 -0.643718 -0.755114 0.891965 -0.260955 0.369189 -0.434704 -0.719396 0.541758
1.153034 -28.261683 47.704750 -49.804341 0.149003 -0.657502 -0.738572 0.813713 -0.342856 0.469384 -0.561845 -0.670925 0.483931
1.567551 -33.458887 60.647378 -338.852837 0.096671 -0.662198 -0.743067 0.926251 -0.213398 0.310677 -0.364299 -0.718300 0.592732
0.711166 -24.828602 34.769136 101.502612 0.155158 -0.650426 -0.743554 0.826294 -0.327080 0.458538 -0.541447 -0.685540 0.486694
10.453286 -8.043749 145.823129 62.473163 -0.340014 0.626724 0.701147 0.559233 -0.464670 0.686542 -0.756075 -0.625539 0.192491
9.096570 -10.296759 59.446482 643.691886 -0.323665 0.563147 0.760333 0.575298 -0.520851 0.630671 -0.751181 -0.641544 0.155396
9.813185 -7.039298 322.200017 70.975205 -0.278505 0.716913 0.639117 0.511801 -0.452312 0.730393 -0.812708 -0.530519 0.240945
10.377457 -8.446449 432.570831 -537.438724 -0.256333 0.759046 0.598450 0.492156 -0.430378 0.756675 -0.831911 -0.488492 0.263248
7.473107 -7.097807 287.953972 193.189074 -0.228608 0.786564 0.573633 0.477256 -0.423023 0.770246 -0.848508 -0.449854 0.278686
7.298942 -7.811863 358.976717 -374.551331 -0.200599 0.806331 0.556409 0.468252 -0.419962 0.777413 -0.860523 -0.416488 0.293322
-4.542707 -12.063031 102.822762 -122.881337 0.252288 -0.465105 -0.848545 0.111036 0.885033 -0.452092 0.961261 0.019839 0.274926
-3.278928 -13.401899 125.168727 -153.870202 0.199732 -0.516603 -0.832604 0.051568 0.854090 -0.517563 0.978493 0.060438 0.197229
-4.469562 -12.971724 152.735210 -179.258437 0.232623 -0.518661 -0.822726 0.037641 0.850100 -0.525275 0.971838 0.091223 0.217276
-0.252361 -44.890502 -82.807235 -1047.109801 -0.135335 0.847483 0.513280 0.906286 0.315243 -0.281544 -0.400412 0.427076 -0.810726
-0.340839 -56.774339 -81.146589 -1599.086279 -0.078760 0.849586 0.521537 0.988200 0.135479 -0.071462 -0.131370 0.509754 -0.850231
0.472619 -46.791001 -68.162142 1440.838765 -0.120696 0.844348 0.522024 -0.878122 -0.336062 0.340534 -0.462962 0.417299 -0.782002
-0.391704 -44.658488 -37.380383 -1.909391 -0.109444 0.840891 0.530024 0.993485 0.075495 0.085370 0.031773 0.535914 -0.843675
19.074733 -34.644432 258.511851 1759.501846 0.562394 0.803356 -0.195785 -0.539538 0.535958 0.649344 -0.626587 0.259554 -0.734861
-1.039374 -14.321970 -96.914964 233.766662 -0.410573 0.577198 0.705884 0.726598 0.674812 -0.129170 -0.550895 0.459860 -0.696450
20.105318 -60.622309 -2326.492589 1532.421753 -0.452479 0.661759 0.597777 0.847919 0.526883 0.058544 -0.276216 0.533356 -0.799522
12.872816 -15.199758 -1023.018615 3071.613181 0.058158 0.928129 0.367687 -0.477936 -0.297474 0.826491 -0.876467 0.223798 -0.426286
0.448972 -6.725988 -19.539166 -120.050809 -0.163311 0.470253 0.867290 0.749334 -0.512699 0.419091 0.641738 0.718333 -0.268647
0.433406 -7.869929 16.376848 -3.638390 0.153225 -0.457437 -0.875942 -0.670163 0.603324 -0.432299 0.726226 0.653262 -0.214113
0.649682 -6.891548 -12.872218 -128.257038 -0.159395 0.454106 0.876573 0.753028 -0.518258 0.405411 0.638391 0.724704 -0.259347
0.726732 -2.947690 -17.266539 -358.849945 -0.157526 0.457178 0.875313 0.817248 -0.437213 0.375434 0.554338 0.774489 -0.304756
0.492438 -2.834658 -25.502013 -352.557756 -0.182575 0.484437 0.855563 0.808791 -0.420784 0.410851 0.559039 0.766982 -0.314983
4.654293 -2.832534 32.864711 3.633428 0.704623 -0.577557 0.412232 -0.519691 -0.024479 0.854004 0.483144 0.815983 0.317400
5.242755 -2.717168 31.070211 4.101066 0.704638 -0.577077 0.412878 -0.498158 0.012035 0.867003 0.505296 0.816601 0.278996
4.423878 -2.797089 152.976376 1.456614 0.607238 -0.652105 0.453895 -0.563077 0.049833 0.824901 0.560541 0.756489 0.336925
3.971783 -3.050245 153.794603 -17.319376 0.603485 -0.648845 0.463472 -0.589261 0.028687 0.807434 0.537195 0.760380 0.365027
4.099148 -3.223937 49.633597 -42.587520 0.691106 -0.592848 0.413405 -0.535176 -0.035337 0.844001 0.485756 0.804539 0.341700
1.357093 -3.686961 -16.033950 -215.141237 -0.054104 0.295848 0.953702 0.798947 -0.560084 0.219068 0.598963 0.773809 -0.206064
1.064551 -6.041235 -8.674861 -35.541453 -0.145127 0.363607 0.920178 0.723191 -0.595715 0.349454 0.675228 0.716180 -0.176503
1.308227 -3.681504 1.269120 -160.167026 -0.050998 0.251724 0.966454 0.784140 -0.589203 0.194843 0.618485 0.767772 -0.167339
2.112442 -0.248941 -92.697897 -242.681890 0.303265 0.003570 0.952899 0.775652 -0.581805 -0.244676 0.553528 0.813320 -0.179211
1.965123 -0.957993 -39.443838 -243.343433 0.180337 0.040836 0.982757 0.794537 -0.595023 -0.121074 0.579819 0.802671 -0.139751
1.386074 -3.608259 -3.847462 -109.376894 -0.041446 0.206192 0.977633 0.766816 -0.620714 0.163423 0.640528 0.756438 -0.132385
-4.048386 -7.873924 -33.044825 15.169377 -0.226710 0.765024 0.602777 -0.416953 0.483078 -0.769926 0.880200 0.425880 -0.209461
-3.920784 -8.234118 -13.833834 -2.410294 -0.167861 0.721664 0.671583 -0.319939 0.604493 -0.729539 0.932449 0.337327 -0.129418
-4.090235 -8.353807 -7.134922 7.452436 -0.205323 0.810971 0.547877 -0.441924 0.422661 -0.791240 0.873239 0.404580 -0.271605
-3.718984 -7.681206 -0.806320 6.556928 -0.343539 0.852539 0.393900 -0.485003 0.198111 -0.851777 0.804209 0.483662 -0.345425
-3.857701 -8.341774 19.220120 -8.779464 -0.320998 0.877965 0.355158 -0.522381 0.148669 -0.839652 0.789986 0.455055 -0.410910
-4.492731 -8.917696 37.328790 -1.852724 -0.189716 0.849794 0.491790 -0.472153 0.360207 -0.804564 0.860860 0.384839 -0.332896
0.554746 -30.678792 -4.898791 -1310.706696 -0.410248 0.293759 0.863367 0.888280 0.343107 0.305345 -0.206530 0.892179 -0.401700
0.971362 -23.806752 -32.123657 -1998.818351 -0.401618 0.308605 0.862245 0.868897 0.425872 0.252293 -0.289347 0.850527 -0.439184
0.657493 -19.534705 -8.014863 -1037.124661 -0.396279 0.308515 0.864743 0.854347 0.468832 0.224249 -0.336235 0.827656 -0.449368
0.560872 -23.993894 5.357072 -718.400796 -0.413774 0.302343 0.858708 0.849923 0.466291 0.245364 -0.326224 0.831361 -0.449908
0.999496 -15.200993 -20.343022 -466.993036 -0.324366 0.349725 0.878908 0.845976 0.522955 0.104124 -0.423215 0.777310 -0.465488
628.747439 -6532.953423 -5373.491460 1658953.549309 0.780552 0.549726 -0.297557 -0.256581 -0.152308 -0.954447 0.570005 -0.821342 -0.022165
-11.197013 -73.652581 177.970777 2202.016432 0.792209 0.584172 -0.176486 -0.442773 0.351216 -0.824984 0.419948 -0.731703 -0.536893
0.710879 -155.818143 -2224.375301 8403.204093 0.948125 0.248660 0.198058 -0.082594 0.794314 -0.601867 0.306981 -0.554287 -0.773647
-6.091122 -14.679620 -159.745615 465.411918 0.949988 0.273198 0.151281 -0.143109 0.811419 -0.566674 0.277567 -0.516684 -0.809935
-4.623071 -395.722822 -656.468636 -20364.519638 0.827780 0.551515 -0.103016 0.296786 -0.586254 -0.753807 0.476129 -0.593412 0.648971
-6.939185 -28.272426 173.327203 2075.395878 0.703591 0.674995 -0.222129 -0.675130 0.537434 -0.505335 0.221719 -0.505515 -0.833844
-5.870653 -73.316892 159.913250 5440.850192 0.687103 0.693929 -0.215296 -0.668879 0.488436 -0.560385 0.283709 -0.529049 -0.799760
-19.490894 -96.092083 966.878634 7502.979902 0.667808 0.702332 -0.246500 -0.640548 0.373587 -0.670918 0.379118 -0.605939 -0.699362
2.847411 -26.948313 -346.885718 -1698.626851 0.579346 -0.113127 -0.807193 0.154821 0.987566 -0.027286 0.800243 -0.109163 0.589657
-9.545738 -35.589458 -1039.142912 -1402.339760 0.618435 -0.206554 -0.758204 0.213939 0.972648 -0.090473 0.756153 -0.106258 0.645710
1.399777 -171.121955 -272.839200 -9269.366774 0.580169 -0.138496 -0.802635 -0.112153 0.962467 -0.247142 0.806738 0.233402 0.542861
4.498960 -72.790207 -2.650080 -5589.346985 0.528461 -0.219781 -0.820016 0.131409 0.975444 -0.176752 0.838726 -0.014351 0.544365
-10.577773 -122.484801 -716.123261 -6546.754475 0.525976 -0.089347 -0.845793 -0.310764 0.905514 -0.288911 0.791691 0.414803 0.448513
-4.047781 -80.975246 466.565789 1979.059872 -0.533664 0.069227 0.842858 0.592900 -0.680065 0.431256 0.603053 0.729876 0.321882
2.654906 -79.637242 59.722562 -328.131827 -0.449516 0.176246 0.875713 0.692142 -0.551011 0.466183 0.564690 0.815674 0.125701
4.454865 -107.800167 52.903975 -6634.765455 0.480116 -0.195797 -0.855074 -0.200278 0.924558 -0.324162 0.854036 0.326888 0.404681
0.524463 -4.849589 21.404181 -44.515068 0.882342 -0.099644 -0.459938 0.282779 -0.668958 0.687409 0.376175 0.736591 0.562073
0.164475 -3.871314 131.134582 -123.010660 0.932109 -0.287116 -0.220765 0.024121 -0.558982 0.828829 0.361373 0.777884 0.514107
-0.744849 -3.456372 -56.941467 -153.071649 0.764467 0.070777 -0.640766 0.543237 -0.605903 0.581184 0.347108 0.792384 0.501641
-0.317524 -3.045361 -37.464630 81.276228 -0.264721 -0.418581 0.868742 0.909740 -0.407196 0.081016 0.319836 0.811776 0.488594
0.895884 -4.802089 139.813924 -61.429860 -0.555977 -0.275736 0.784130 0.775217 -0.512365 0.369486 0.299880 0.813297 0.498618
-1.215325 -5.727079 1.194763 46.741032 -0.487345 0.858009 0.162219 0.373852 0.372903 -0.849222 0.789132 0.353218 0.502501
-1.623672 -6.365237 -6.159127 106.033947 -0.465898 0.873152 0.143334 0.435539 0.367303 -0.821824 0.770224 0.320458 0.551418
-1.999895 -5.801098 57.731006 29.430210 -0.537942 0.788581 0.297925 0.290268 0.505084 -0.812794 0.791431 0.350758 0.500606
2.122459 -5.908354 -1.290589 68.415216 -0.295000 0.377572 0.877732 -0.556228 0.679057 -0.479053 -0.776907 -0.629540 0.009694
2.246196 -6.491701 6.187654 113.440406 -0.255249 0.384491 0.887138 -0.558813 0.690102 -0.459877 -0.789035 -0.613128 0.038710
2.114184 -6.646669 -16.740051 64.447814 -0.249185 0.338631 0.907323 -0.628103 0.656605 -0.417559 -0.737152 -0.673942 0.049079
13.519841 -18.258755 -135.483820 112.928228 -0.366560 -0.311138 0.876828 0.755928 0.449826 0.475636 -0.542408 0.837168 0.070310
10.992819 -17.998382 -299.924354 275.174753 -0.517807 -0.106082 0.848895 0.734010 0.454608 0.504540 -0.439437 0.884352 -0.157534
10.895138 -17.230067 -215.596982 86.887863 -0.414914 -0.193340 0.889082 0.827132 0.326965 0.457106 -0.379075 0.925048 0.024255
12.402445 -17.736229 76.275465 -31.566939 -0.292057 -0.363877 0.884475 0.852984 0.319178 0.412970 -0.432575 0.875054 0.217163
10.259862 -14.905945 -138.384764 -44.853658 -0.361721 -0.187695 0.913197 0.911169 0.136130 0.388897 -0.197307 0.972748 0.121781
9.844379 -13.761071 -190.001668 -83.292731 -0.428140 -0.114412 0.896441 0.860081 0.252911 0.443053 -0.277411 0.960701 -0.009877
2.029461 -5.242364 423.846768 -269.260326 0.337127 0.674001 0.657319 0.756738 0.221363 -0.615099 -0.560083 0.704785 -0.435414
0.290201 -2.062110 385.220152 12.567890 0.481249 0.690275 0.540296 0.691468 0.079897 -0.717975 -0.538768 0.719123 -0.438852
4.027685 -1.380048 468.031081 18.388144 0.559544 0.707728 0.431314 0.621712 -0.014280 -0.783115 -0.548073 0.706341 -0.447994
2.369015 -6.123582 168.474675 -277.951405 0.418175 0.709887 0.566736 0.705020 0.139766 -0.695279 -0.572780 0.690308 -0.442038
2.679072 -1.808363 306.509572 -197.019572 0.737810 0.674861 -0.014078 -0.340768 0.390395 0.855259 -0.582677 0.626222 -0.518009
1.916297 -3.208401 130.587186 229.924693 0.547749 0.749616 0.371547 0.639590 -0.088893 -0.763560 -0.539348 0.655877 -0.528138
-0.843528 -8.408736 -56.748080 -65.149964 -0.289179 0.589023 0.754604 0.813721 0.566457 -0.130326 -0.504216 0.576350 -0.643108
-0.088985 -8.109689 -90.564101 -44.638771 -0.276922 0.607724 0.744302 0.819443 0.553889 -0.147373 -0.501823 0.569103 -0.651380
-0.827254 -7.538482 -36.804882 84.125613 -0.232974 0.614375 0.753834 -0.750641 -0.606432 0.262255 -0.618272 0.504760 -0.602458
-1.104164 -8.667333 -47.730739 -80.041918 -0.278698 0.587199 0.759950 0.801081 0.578595 -0.153287 -0.529714 0.566061 -0.631648
-3.719519 -8.718993 13.226276 -361.652909 0.140543 -0.475236 -0.868561 0.738566 0.634566 -0.227697 0.659369 -0.609488 0.440177
-3.393011 -7.002795 -62.733952 -80.085108 0.388952 -0.305043 -0.869290 0.653763 0.756212 0.027155 0.649084 -0.578872 0.493555
-2.704767 -6.561411 -61.139533 -67.530432 0.422493 -0.206985 -0.882415 0.665158 0.732143 0.146736 0.615682 -0.648940 0.447003
-4.136292 -11.057619 -18.268127 -446.779965 0.135525 -0.551822 -0.822876 0.700720 0.640549 -0.314147 0.700445 -0.534031 0.473484
-2.805379 -7.123313 24.313641 -193.885400 0.198086 -0.363284 -0.910377 0.766628 0.636163 -0.087051 0.610773 -0.680677 0.404518
-3.216193 -10.629648 45.489198 -502.301586 0.030540 -0.504812 -0.862689 0.749849 0.582258 -0.314169 0.660904 -0.637292 0.396315
-3.771075 -14.814258 -5.693906 -597.616896 0.059100 -0.552174 -0.831632 0.663765 0.643977 -0.380407 0.745602 -0.529526 0.404573
1.720069 -8.847823 -229.656074 97.438798 -0.480230 0.461478 -0.745933 0.098259 0.873363 0.477055 0.871621 0.155802 -0.464760
1.169434 -8.177762 -190.745854 71.187959 -0.495625 0.459139 -0.737256 0.028910 0.857100 0.514339 0.868055 0.233605 -0.438074
4.799834 -8.031309 -250.811192 66.274622 -0.472955 0.604521 -0.640990 0.197788 0.781777 0.591359 0.858600 0.152906 -0.489312
6.047322 -8.442705 -317.735021 27.120526 -0.447327 0.610849 -0.653270 0.270133 0.788590 0.552407 0.852600 0.070637 -0.517768
2.637980 -8.917095 -271.167011 16.702408 -0.469995 0.450996 -0.758753 0.174754 0.890141 0.420844 0.865197 0.065200 -0.497176
0.048901 -9.567769 -0.111010 -61.270526 -0.275460 0.494638 0.824290 0.937451 0.328078 0.116404 -0.212854 0.804797 -0.554072
0.303972 -9.970396 -8.071272 -59.643635 -0.255762 0.497014 0.829194 0.941586 0.322457 0.097149 -0.219095 0.805604 -0.550453
0.229705 -9.182873 -3.855008 -49.163721 -0.309572 0.482550 0.819336 0.880105 0.471608 0.054777 -0.359972 0.738059 -0.570691
0.082102 -10.776621 -12.327290 -44.613226 -0.226090 0.509866 0.830012 0.972549 0.166317 0.162749 -0.055064 0.844023 -0.533472
0.056829 -8.792469 -6.857072 -37.896513 -0.322720 0.484143 0.813300 0.882620 0.464246 0.073869 -0.341809 0.741674 -0.577136
-0.227475 -10.486693 -3.031568 -58.845374 -0.252340 0.502805 0.826748 0.965992 0.180723 0.184930 -0.056428 0.845297 -0.531309
-0.128051 -9.332241 -1.545878 -58.145199 -0.300198 0.488704 0.819176 0.932353 0.331735 0.143766 -0.201491 0.806920 -0.555231
-0.656940 -26.470907 -14.213194 88.599388 -0.502027 0.253041 0.827006 -0.265947 0.864739 -0.426027 -0.822947 -0.433817 -0.366827
-0.388957 -27.345022 -21.384769 47.761444 -0.518999 0.249641 0.817508 -0.274808 0.856895 -0.436132 -0.809395 -0.451010 -0.376125
-0.537654 -24.766529 10.284074 394.222229 0.498646 -0.242412 -0.832219 0.537836 -0.666404 0.516371 -0.679768 -0.705084 -0.201922
-0.507281 -26.349757 -17.426634 354.604209 -0.515455 0.277487 0.810745 0.030268 0.951424 -0.306392 -0.856382 -0.133392 -0.498815
-0.670205 -24.231006 0.319062 382.448024 0.480231 -0.251713 -0.840249 0.540851 -0.669184 0.509582 -0.690550 -0.699166 -0.185223
-0.834673 -25.758955 -6.204566 118.855952 -0.481132 0.256714 0.838218 -0.259349 0.871680 -0.415827 -0.837407 -0.417459 -0.352814
-0.755547 -25.563676 -12.349334 392.158163 -0.499713 0.275586 0.821182 0.046651 0.955224 -0.292181 -0.864934 -0.107697 -0.490194
-1.466655 -26.729957 -3.985420 289.367973 0.017727 -0.457440 -0.889064 -0.548811 0.738824 -0.391082 0.835759 0.494860 -0.237951
-1.041466 -23.905531 7.925801 202.549026 0.032233 -0.472549 -0.880715 -0.707843 0.611316 -0.353908 0.705634 0.634816 -0.314786
-2.119598 -28.670169 15.528668 253.658436 0.048254 -0.493313 -0.868513 -0.471422 0.755337 -0.455221 0.880587 0.431402 -0.196111
-1.987356 -29.419997 22.535210 290.772649 0.015158 -0.476147 -0.879235 -0.330471 0.827534 -0.453846 0.943695 0.297441 -0.144809
-1.317548 -28.176997 18.222154 397.611480 -0.022515 -0.456430 -0.889474 -0.405081 0.817560 -0.409274 0.914004 0.351094 -0.203298
-4.296941 -6.421663 211.005402 86.900155 -0.204571 0.774306 0.598833 0.425554 -0.480580 0.766777 -0.881507 -0.411696 0.231196
-5.603008 -6.975931 179.888533 143.002802 -0.327920 0.840947 0.430437 0.360986 -0.309514 0.879710 -0.873016 -0.443857 0.202075
-4.928315 -5.731627 162.094090 47.781813 -0.137618 0.658595 0.739807 0.510356 -0.592982 0.622823 -0.848881 -0.463276 0.254513
-1.622246 -13.831254 -116.585592 44.602669 -0.193336 0.465672 0.863580 0.894647 0.445008 -0.039673 -0.402774 0.764930 -0.502648
-2.917875 -12.831752 -85.112178 26.259897 -0.172979 0.438434 0.881960 0.904765 0.424582 -0.033614 -0.389202 0.792152 -0.470124
-1.894280 -13.329214 -123.313593 -110.404166 -0.149333 0.482887 0.862856 0.934555 0.353957 -0.036346 -0.322964 0.800959 -0.504142
-0.749089 -14.704389 -112.916159 45.928069 -0.165781 0.492311 0.854486 0.939921 0.341097 -0.014166 -0.298437 0.800801 -0.519281
-1.299062 -13.683748 -101.204874 69.643062 -0.116062 0.510065 0.852269 0.978228 0.207333 0.009131 -0.172046 0.834773 -0.523023
-2.172574 -13.077111 -120.251409 -169.441194 -0.101377 0.496765 0.861944 0.961030 0.272880 -0.044239 -0.257184 0.823869 -0.505070
-1.341151 -10.881361 -6.634812 66.257671 -0.217630 0.406793 0.887218 0.082886 0.913425 -0.398478 -0.972505 -0.013183 -0.232506
-1.449923 -10.377612 -3.174216 48.769143 -0.186453 0.429241 0.883735 0.071138 0.903046 -0.423612 -0.979885 -0.016116 -0.198911
-1.186278 -9.832418 -6.767880 52.380441 -0.207739 0.444829 0.871190 0.275074 0.881246 -0.384370 -0.938711 0.159793 -0.305430
-1.215688 -15.870713 16.671289 3.553585 -0.184361 -0.446133 -0.875772 0.958981 -0.276866 -0.060837 -0.215330 -0.851064 0.478876
-0.929093 -18.326913 54.748700 16.986552 -0.186557 -0.415043 -0.890469 0.969406 -0.224942 -0.098250 -0.159526 -0.881556 0.444310
-1.166590 -16.641396 33.411676 -200.514502 -0.227187 -0.420113 -0.878573 0.970334 -0.174256 -0.167590 -0.082690 -0.890584 0.447239
-1.141026 -15.325136 -23.933292 -271.531623 -0.234800 -0.454454 -0.859267 0.963031 -0.228853 -0.142118 -0.132060 -0.860871 0.491388
-1.231810 -14.401641 -18.866689 -22.919531 -0.187264 -0.472473 -0.861221 0.952353 -0.302191 -0.041295 -0.240742 -0.827919 0.506550
-2.074490 -24.921997 37.792298 322.125096 -0.083024 0.301909 0.949715 -0.561694 0.773025 -0.294844 -0.823169 -0.557928 0.105401
-2.590632 -24.460479 21.870906 209.860607 -0.110549 0.256106 0.960306 -0.628411 0.730559 -0.267176 -0.769986 -0.633004 0.080177
-2.432435 -27.304805 -49.196255 -162.020828 0.098400 -0.323010 -0.941266 0.747337 -0.600585 0.284227 -0.657119 -0.731411 0.182299
-2.511310 -9.325267 -36.526929 -163.185229 0.687666 0.029095 0.725444 -0.673612 -0.347195 0.652458 -0.270854 0.937342 0.219155
-2.901395 -9.207943 32.328950 183.329530 0.636306 0.015213 0.771287 0.722773 0.337725 -0.602944 -0.269655 0.941122 0.203901
-3.363553 -11.818286 59.908970 -200.816156 0.660841 0.002757 0.750521 -0.659709 -0.474693 0.582624 -0.357873 0.880147 0.311877
-2.884285 -11.844723 39.432328 -175.567181 0.697168 -0.006196 0.716881 -0.625842 -0.493008 0.604372 -0.349684 0.870003 0.347587
-2.799873 -31.290344 -39.140083 221.491523 0.116434 -0.545756 -0.829815 -0.116457 0.822233 -0.557109 0.986347 0.161504 0.032178
-2.425413 -30.669041 21.070034 210.307024 0.055417 -0.511113 -0.857725 -0.247648 0.825167 -0.507711 0.967264 0.240550 -0.080848
-2.524082 -31.037266 -6.038100 456.608265 0.107507 -0.528762 -0.841934 -0.353795 0.771061 -0.529428 0.929124 0.354789 -0.104179
2.111496 -8.293575 587.366861 401.435387 0.053266 0.495171 -0.867161 0.519232 0.728034 0.447621 0.852972 -0.474101 -0.218329
4.594894 -118.762712 552.748330 7032.287475 -0.024734 0.359360 -0.932871 0.619542 0.737864 0.267813 0.784574 -0.571329 -0.240889
6.381183 -13.010511 155.541605 961.254094 -0.045600 0.167430 -0.984829 0.544279 0.830839 0.116049 0.837664 -0.530729 -0.129015
-4.985432 -18.864196 339.778853 889.958065 0.357607 0.841927 -0.404076 -0.415215 -0.244224 -0.876328 0.836489 -0.481159 -0.262244
4.600286 -4.059568 7.612801 174.112083 0.182806 0.319564 -0.929764 0.557975 0.744916 0.365738 0.809473 -0.585644 -0.042133
-1.576999 -17.155674 471.436634 1372.753663 0.382998 0.914528 -0.130195 -0.230717 -0.041772 -0.972124 0.894473 -0.402360 -0.194999
4.518800 -5.485524 405.536958 327.410134 0.321901 0.706702 -0.630041 -0.430924 -0.483174 -0.762133 0.843021 -0.516831 -0.149001
-2.535469 -295.578289 -259.142522 -14911.193251 0.121233 0.900444 0.417737 0.286221 -0.434677 0.853893 -0.950463 -0.016045 0.310423
-7.629541 -303.861730 -707.860346 -10049.432360 0.195120 0.887177 0.418146 0.617515 -0.442352 0.650384 -0.761974 -0.131308 0.634156
-9.141861 -384.179354 -271.810119 -26406.237370 0.359393 0.792977 0.491959 0.787567 -0.540528 0.295919 -0.500574 -0.281100 0.818785
1.661539 -6.021877 -16.945655 -49.490681 -0.277302 0.215523 0.936298 0.186785 0.968015 -0.167504 -0.942452 0.128437 -0.308689
1.642782 -6.118715 -4.761145 -50.219414 -0.263579 0.180179 0.947661 0.169841 0.975722 -0.138276 -0.949569 0.124505 -0.287781
1.354788 -5.148775 -18.521487 -70.966706 -0.278654 0.182097 0.942970 0.084197 0.982712 -0.164891 -0.956694 0.033447 -0.289168
-0.396909 -5.468889 -14.314805 -26.670310 -0.293778 0.513376 0.806312 0.779049 -0.360186 0.513174 0.553874 0.778916 -0.294131
-0.422008 -5.863230 -25.702065 -48.035410 -0.276261 0.508697 0.815419 0.788709 -0.364830 0.494810 0.549197 0.779825 -0.300426
-0.438683 -5.513392 -19.802514 24.165677 -0.323121 0.535526 0.780259 0.798926 -0.287571 0.528224 0.507257 0.794050 -0.334925
-1.151534 -4.357996 -85.867311 -106.868679 0.861003 -0.284482 -0.421597 0.448327 0.033099 0.893257 0.240161 0.958110 -0.156039
-2.324026 -4.445105 -152.442357 -130.490814 0.739068 -0.271988 -0.616280 0.637484 -0.013260 0.770350 0.217698 0.962209 -0.163588
-0.736037 -3.573714 -150.063103 -70.361133 0.924185 -0.265426 -0.274647 0.316468 0.129546 0.939716 0.213846 0.955388 -0.203724
-3.056793 -4.224363 115.146041 -152.175781 -0.558067 0.284860 0.779369 0.802708 -0.052696 0.594039 0.210288 0.957119 -0.199252
-89.344243 -278.685401 6616.575141 15464.729339 0.488957 0.862403 0.131080 0.083382 -0.195787 0.977095 -0.868314 0.466827 0.167640
-203.622465 -324.347134 15576.032305 -20502.409397 0.577153 0.741460 0.342244 0.309757 -0.586538 0.748348 -0.755609 0.325899 0.568194
-91.122915 -248.831928 5070.370299 -12088.033175 0.606742 0.789829 -0.089633 0.573395 -0.356783 0.737513 -0.550529 0.498875 0.669359
-113.680870 -352.242953 25667.138539 723.593290 0.611761 0.616452 -0.495717 0.504685 0.178393 0.844671 -0.609132 0.766918 0.201981
1.886263 -31.625438 123.576628 1352.175172 0.716462 0.677028 0.168268 -0.255996 0.479520 -0.839361 0.648959 -0.558295 -0.516875
0.643818 -26.689180 124.888341 1313.496841 0.714999 0.686392 0.132824 -0.412690 0.567728 -0.712300 0.564325 -0.454479 -0.689192
2.714854 -23.631822 126.524872 1156.681958 0.715267 0.687827 0.123640 -0.390150 0.539797 -0.745924 0.579807 -0.485297 -0.654454
-11.476943 -13.515682 -108.381541 190.992967 0.627274 -0.338210 -0.701527 0.725171 -0.074829 0.684491 -0.283997 -0.938091 0.198322
-9.854916 -16.870321 61.176632 -436.198271 0.850585 -0.251677 -0.461696 -0.476669 0.001671 -0.879081 -0.222016 -0.967810 0.118546
-1.598706 -4.659305 469.380812 253.728792 0.203016 0.483745 -0.851338 0.336442 0.782048 0.524603 0.919560 -0.392928 -0.003984
8.268409 -2.891152 -360.265427 96.727336 0.458070 0.498623 -0.735899 0.367995 0.647218 0.667599 0.809167 -0.576614 0.112980
5.101498 -5.564620 -952.281094 189.146008 0.522482 0.812348 0.259044 0.230067 0.158226 -0.960226 0.821024 -0.561299 0.104225
4.462013 -7.426996 -854.694210 106.422010 0.439811 0.763442 0.472993 0.399542 0.305349 -0.864366 0.804321 -0.569138 0.170731
10.028783 -8.097411 -936.884016 233.444623 0.498979 0.808910 0.310940 0.290994 0.181574 -0.939337 0.816298 -0.559191 0.144786
-5.914220 -16.612240 5.059102 -54.380059 0.523513 -0.407456 -0.748274 0.782817 0.576724 0.233639 0.336350 -0.708074 0.620886
-6.090000 -15.151068 1.658606 -162.875810 0.562702 -0.416842 -0.713869 0.817114 0.411316 0.403910 0.125260 -0.810594 0.572056
-5.816610 -16.617371 17.213858 -79.799745 0.500586 -0.362037 -0.786348 0.806599 0.524895 0.271815 0.314343 -0.770334 0.554773
-6.257907 -16.736017 20.568179 -74.742091 0.554820 -0.446734 -0.701857 0.775920 0.582250 0.242763 0.300205 -0.679274 0.669674
-5.862842 -16.727205 15.176126 24.041336 0.487732 -0.372647 -0.789463 0.722407 0.680017 0.125319 0.490149 -0.631435 0.600869
-5.948932 -16.729434 4.857890 38.683755 0.526135 -0.413947 -0.742852 0.698610 0.708479 0.100007 0.484897 -0.571582 0.661944
1.503672 -30.804732 50.093413 1219.025801 0.139627 0.919406 0.367691 0.397164 0.288151 -0.871338 0.907064 -0.267696 0.324922
24.964599 -59.945805 -2109.759587 4990.745199 0.114900 0.979104 0.167789 0.153462 0.149385 -0.976798 0.981452 -0.137983 0.133091
-2.750478 -11.920683 87.339929 372.527755 -0.007063 -0.644299 -0.764741 0.051596 0.763507 -0.643736 0.998643 -0.044004 0.027850
-0.289834 -7.211437 -34.497280 -140.959198 0.305433 -0.629404 -0.714536 0.917103 -0.007448 0.398582 -0.256191 -0.777043 0.574953
0.387163 -6.910770 -68.450236 -94.140946 0.398275 -0.624972 -0.671407 0.889179 0.083305 0.449912 -0.225251 -0.776190 0.588890
1.279843 -5.312768 -14.557299 -112.133248 0.480628 -0.591450 -0.647444 0.820834 0.043618 0.569498 -0.308590 -0.805161 0.506447
-0.284427 -7.606691 -41.617889 -165.653292 0.194824 -0.633782 -0.748574 0.941538 -0.093029 0.323808 -0.274862 -0.767897 0.578606
0.645280 -5.407763 -17.782785 -135.422157 0.386556 -0.616643 -0.685803 0.850609 -0.049002 0.523510 -0.356425 -0.785716 0.505580
-0.443797 -8.808910 2.398487 1.556537 -0.189510 0.604776 0.773519 0.627342 0.680609 -0.378436 -0.755333 0.413544 -0.508384
-0.091182 -8.208397 -15.462740 -43.920120 -0.200292 0.620693 0.758039 0.496978 0.731152 -0.467364 -0.844332 0.283119 -0.454915
-0.755051 -9.094987 -6.163050 6.615907 -0.192573 0.608671 0.769699 0.716531 0.623137 -0.313500 -0.670446 0.491142 -0.556131
-0.883835 -8.766779 -19.763654 -6.670526 -0.209078 0.599182 0.772831 0.706552 0.638932 -0.304222 -0.676070 0.482439 -0.556940
3.334811 -13.910647 117.957809 -135.472561 -0.606242 0.101913 0.788724 0.788980 -0.047522 0.612579 0.099911 0.993658 -0.051597
4.496628 -14.203382 145.758506 59.592406 -0.620419 0.114377 0.775886 0.784271 0.090792 0.613740 -0.000246 0.989280 -0.146032
6.674032 -14.278920 119.210532 203.619283 -0.639708 0.224140 0.735211 0.762053 0.060204 0.644709 0.100243 0.972696 -0.209319
0.713513 -19.370213 -27.398240 -472.431669 -0.460285 0.347377 0.816987 0.301426 0.926750 -0.224226 -0.835033 0.143053 -0.531277
0.511828 -22.020285 -14.780455 -338.707671 -0.464415 0.336889 0.819039 0.477662 0.874057 -0.088673 -0.745759 0.350043 -0.566845
0.257263 -16.341710 -27.616820 -336.504478 -0.470847 0.324120 0.820518 0.104761 0.944027 -0.312792 -0.875973 -0.061319 -0.478447
1.066685 -20.709988 -29.860858 -377.889663 -0.444960 0.353143 0.822983 0.478395 0.870593 -0.114921 -0.757066 0.342575 -0.556321
1.543079 -18.159077 -45.113893 -386.305822 -0.432557 0.378973 0.818091 0.334224 0.910123 -0.244888 -0.837370 0.167497 -0.520342
0.964457 -16.103179 -30.703277 -237.515003 -0.450069 0.347497 0.822608 0.158816 0.937643 -0.309199 -0.878758 -0.008517 -0.477192
-7.894411 -10.521120 -184.466299 223.571456 0.789092 -0.613834 -0.023247 -0.438179 -0.535957 -0.721630 -0.430502 -0.579619 0.691889
-9.471851 -14.030318 -47.390912 -218.070210 0.628813 -0.721144 -0.290767 0.733664 0.426408 0.529069 -0.257549 -0.546011 0.797208
-8.986425 -16.289925 -106.203093 -125.555683 0.586736 -0.761870 -0.274398 0.803549 0.505827 0.313765 -0.100250 -0.404590 0.908987
-2.079493 -3.118384 16.094335 53.262021 -0.199755 0.548299 0.812076 0.659609 -0.537621 0.525243 -0.724579 -0.640572 0.254270
-2.198818 -3.488101 2.575443 72.639600 0.010408 0.343242 0.939189 -0.692508 0.680018 -0.240850 -0.721335 -0.647889 0.244776
-2.204992 -4.608842 -7.142789 -110.214185 -0.056088 -0.318290 -0.946333 0.732546 -0.657139 0.177605 -0.678403 -0.683271 0.270019
-2.120684 -4.791217 54.157093 4.713757 0.173066 -0.281339 -0.943873 0.771879 0.633996 -0.047445 0.611760 -0.720345 0.326883
2.107337 -4.075634 53.432317 -86.110704 0.417597 -0.305861 -0.855606 0.908332 0.164716 0.384449 0.023344 -0.937719 0.346609
2.068351 -3.793679 -11.735481 -89.353119 0.402080 -0.339765 -0.850230 0.915577 0.141998 0.376239 -0.007102 -0.929729 0.368176
1.680290 -3.308751 75.498702 -79.841872 0.420151 -0.274495 -0.864943 0.907449 0.123902 0.401478 -0.003035 -0.953573 0.301148
1.900140 -5.022216 -20.935792 -76.075664 0.401382 -0.340678 -0.850195 0.913658 0.213988 0.345598 0.064194 -0.915504 0.397154
2.007594 -5.261355 43.098213 -71.277095 0.410466 -0.309416 -0.857776 0.906850 0.237136 0.348410 0.095606 -0.920884 0.377930
1.716794 -4.324310 61.550625 -77.823690 0.421405 -0.281145 -0.862192 0.905369 0.185147 0.382136 0.052196 -0.941636 0.332562
-0.305892 -20.532446 -24.953781 255.905554 -0.240020 0.758098 0.606365 -0.139713 -0.645097 0.751219 -0.960662 -0.095591 -0.260752
-0.265899 -23.604582 -19.904720 447.845267 -0.242818 0.761276 0.601247 -0.313754 -0.648114 0.693907 -0.917932 0.020151 -0.396227
0.066747 -20.402458 -13.577437 348.084246 -0.242266 0.761830 0.600768 -0.196992 -0.644942 0.738407 -0.950001 -0.060544 -0.306322
-0.692833 -23.655813 -50.220340 461.832864 -0.242747 0.761971 0.600395 -0.266527 -0.647475 0.713960 -0.932758 -0.013290 -0.360258
0.065352 -18.465915 -6.411900 106.686229 -0.235083 0.755743 0.611218 -0.054167 -0.638050 0.768087 -0.970465 -0.147457 -0.190931
-0.333801 -18.939063 -25.968953 23.546554 -0.234071 0.747952 0.621110 0.053878 -0.627897 0.776429 -0.970725 -0.215204 -0.106675
-0.885672 -20.001130 -63.801976 247.304719 -0.249030 0.759596 0.600831 -0.060102 -0.631301 0.773205 -0.966629 -0.156440 -0.202867
9.637536 -12.235209 244.744230 664.296316 0.401063 -0.429575 -0.809082 0.627359 -0.514789 0.584306 -0.667510 -0.741928 0.063035
8.172235 -16.918412 -78.584793 -901.220371 -0.321015 0.413944 0.851821 -0.547347 0.652916 -0.523557 -0.772891 -0.634311 0.016974
-0.492911 -35.352000 -82.662303 840.873866 0.283828 -0.664898 -0.690906 0.626197 0.674200 -0.391575 0.726167 -0.321504 0.607715
-1.512610 -26.559833 -54.863207 1032.010992 0.277720 -0.666857 -0.691501 0.406233 0.733814 -0.544510 0.870544 -0.129689 0.474694
0.218122 -31.663726 -92.453767 822.994874 0.316211 -0.608018 -0.728234 0.592795 0.725946 -0.348707 0.740679 -0.321428 0.589982
1.641972 -38.119283 4.782292 262.927851 0.318720 -0.602493 -0.731724 0.799503 0.585549 -0.133891 0.509129 -0.542342 0.668321
1.879503 -35.813482 -7.811349 616.904646 0.354703 -0.551247 -0.755191 0.737242 0.661655 -0.136698 0.575030 -0.508271 0.641093
1.875356 -33.458028 -143.611253 802.602260 0.371138 -0.544836 -0.751938 0.679164 0.711494 -0.180312 0.633240 -0.443769 0.634095
1.594711 -27.348063 -165.287086 923.354023 0.336892 -0.591150 -0.732834 0.520532 0.765508 -0.378213 0.784571 -0.254046 0.565605
2.385908 -5.323679 -102.052426 -55.821868 0.524428 -0.590447 -0.613472 0.808296 0.118756 0.576676 -0.267643 -0.798292 0.539535
-5.170391 -10.351905 29.206341 54.277665 0.408724 -0.160085 -0.898508 0.092811 0.986683 -0.133576 0.907927 -0.028796 0.418139
-5.309547 -11.204746 6.622953 72.528324 0.467424 -0.215101 -0.857465 0.182619 0.972520 -0.144413 0.864965 -0.089087 0.493861
-5.213346 -11.227583 41.284794 61.793722 0.402919 -0.222498 -0.887779 0.233324 0.962921 -0.135436 0.884995 -0.152570 0.439893
0.534931 -64.321857 34.280184 -2112.828927 -0.108601 0.835905 0.538022 0.939194 0.263636 -0.220023 -0.325760 0.481413 -0.813709
-0.200830 -45.468381 -52.060001 72.124705 -0.074177 0.854087 0.514814 0.960892 -0.076902 0.266032 0.266805 0.514414 -0.814981
0.050480 -77.393989 -59.390276 -887.446281 -0.067555 0.818314 0.570788 0.968778 -0.082984 0.233629 0.238549 0.568750 -0.787158
-1.538017 -23.249673 -185.349309 277.991564 -0.350409 -0.659179 -0.665355 0.929706 -0.158787 -0.332316 0.113406 -0.735030 0.668483
-0.991695 -19.460392 -136.454362 -247.772405 -0.203756 -0.673899 -0.710172 0.951455 0.034619 -0.305833 0.230686 -0.738012 0.634131
-0.177075 -26.393888 -132.588496 148.451380 -0.254519 -0.664543 -0.702568 0.942282 -0.006991 -0.334748 0.217543 -0.747217 0.627967
-0.836965 -26.015603 -167.178518 885.139891 -0.465280 -0.630535 -0.621241 0.885123 -0.338157 -0.319698 -0.008497 -0.698624 0.715438
-5.065118 -28.952946 -357.395200 963.836351 -0.542350 -0.608380 -0.579422 0.839832 -0.373530 -0.393901 0.023210 -0.700250 0.713521
0.613330 -8.132566 9.939875 10.422290 0.155238 -0.444789 -0.882079 -0.672441 0.606536 -0.424190 0.723687 0.658997 -0.204937
0.444090 -7.819769 16.602819 -54.503714 0.135843 -0.433372 -0.890918 -0.588178 0.688353 -0.424520 0.797241 0.581687 -0.161392
5.290394 -2.671855 -141.919843 -17.590226 0.793046 -0.471313 0.385930 -0.436576 0.002086 0.899665 0.424829 0.881964 0.204110
5.980175 -2.559037 45.670272 -34.999263 0.698597 -0.584554 0.412625 -0.473238 0.055055 0.879213 0.536665 0.809484 0.238172
4.823299 -2.755496 168.521846 -5.010179 0.599275 -0.665735 0.444598 -0.535522 0.079436 0.840777 0.595051 0.741948 0.308912
