13327
26643
-6.283997 -8.004981 44.705773 -125.188078 -0.274588 0.944710 0.179230 0.961469 0.272348 0.037484 -0.013402 0.182617 -0.983093
-8.071814 -9.859219 61.468470 -141.458433 -0.014051 0.969788 0.243545 0.990833 -0.019225 0.133718 0.134360 0.243191 -0.960628
-6.865816 -11.241959 -68.619021 -287.073486 0.344772 0.918545 0.193412 0.933960 -0.356326 0.027395 0.094082 0.171194 -0.980735
-5.995979 -8.143459 44.363844 -71.877917 -0.648073 0.735926 0.195994 0.761518 0.622981 0.178844 0.009515 0.265157 -0.964158
-4.747846 -9.346419 -135.202587 -305.339183 0.235263 0.968525 0.081307 0.970495 -0.229545 -0.073808 -0.052821 0.096272 -0.993953
-4.625225 -6.388121 22.138632 -97.854360 -0.351148 0.926063 0.138213 0.931057 0.360978 -0.053180 -0.099139 0.110010 -0.988974
-4.247433 -6.603404 -9.438762 -71.521216 -0.688266 0.704351 0.173724 0.719739 0.692984 0.041833 -0.090923 0.153828 -0.983905
9.649051 -5.552978 162.817267 -33.706278 0.482748 0.839549 0.249224 0.857414 -0.395149 -0.329693 -0.178313 0.372847 -0.910599
11.117293 -6.856062 -206.358598 10.254930 0.428767 0.902743 -0.034850 -0.848510 0.415652 0.327512 -0.310145 0.110856 -0.944204
10.070179 -7.260686 -59.891939 130.029976 0.377802 0.922581 0.078169 -0.900417 0.346432 0.263123 -0.215672 0.169793 -0.961590
10.283993 -8.861693 -264.983007 85.204846 0.346312 0.924083 -0.161672 -0.886774 0.378693 0.264999 -0.306106 -0.051594 -0.950598
9.038878 -5.493563 286.647608 -98.038981 0.404887 0.826428 0.391257 0.910605 -0.325667 -0.254440 -0.082857 0.459300 -0.884408
9.150692 -6.443688 94.568115 -65.776654 0.311144 0.920253 0.237325 0.949272 -0.288982 -0.123984 -0.045514 0.263863 -0.963486
10.667715 -8.461799 -206.586833 90.573612 0.297407 0.952783 -0.061266 -0.944111 0.303040 0.129697 -0.142139 -0.019270 -0.989659
-0.544445 -7.430177 46.320266 16.787503 0.754419 0.580947 0.305535 0.649839 -0.595427 -0.472414 0.092524 -0.554947 0.826724
0.417780 -7.286349 12.775939 50.929069 0.724290 0.597980 0.343254 0.665332 -0.475503 -0.575526 0.180935 -0.645226 0.742257
4.970866 -6.404596 285.088147 97.145518 0.871555 0.478336 0.107642 0.411768 -0.594922 -0.690301 0.266156 -0.645959 0.715471
4.419233 -7.214242 297.256146 26.733713 0.916774 0.397205 0.041868 0.336990 -0.712980 -0.614896 0.214389 -0.577830 0.787496
10.493425 -6.408606 519.878476 67.091219 0.937265 0.346017 -0.042495 0.210930 -0.659914 -0.721125 0.277565 -0.666922 0.691500
12.878102 -4.898988 552.842757 122.597906 0.890676 0.454119 0.021717 0.290442 -0.531603 -0.795639 0.349771 -0.714964 0.605382
-1.144531 -6.041028 -17.166416 -0.900693 -0.223761 0.971588 0.077128 -0.960743 -0.233195 0.150312 -0.164027 0.040466 -0.985626
-0.586196 -5.721422 -15.082390 40.508410 -0.188308 0.979774 0.067700 -0.939667 -0.199787 0.277689 -0.285598 0.011324 -0.958283
-1.015065 -5.788054 -13.257534 35.571407 -0.272817 0.956599 0.102422 -0.922638 -0.290315 0.253883 -0.272598 0.025235 -0.961797
-0.510304 -4.975354 -20.433101 63.579676 -0.222465 0.972035 0.075210 -0.897728 -0.234324 0.373065 -0.380256 -0.015476 -0.924752
-1.421926 -6.090168 -13.482252 2.001274 -0.267778 0.957690 0.105478 -0.953079 -0.279338 0.116668 -0.141195 0.069288 -0.987554
-1.039117 -5.492110 -14.476777 45.804306 -0.326553 0.936497 0.127812 -0.887905 -0.350305 0.298179 -0.324017 0.016114 -0.945914
-1.285436 -5.946987 2.842190 8.225502 -0.323772 0.934302 0.149168 -0.924200 -0.346062 0.161543 -0.202552 0.085558 -0.975527
-0.819490 -5.009351 -23.836669 58.692892 -0.278979 0.955107 0.099709 -0.885450 -0.296032 0.358250 -0.371684 -0.011657 -0.928286
-0.033397 -11.625618 -31.633068 46.790982 0.128302 0.990176 0.055583 0.970018 -0.136960 0.200766 -0.206407 -0.028158 0.978061
0.130021 -11.413234 30.587964 58.469463 -0.140188 -0.988326 -0.059662 0.989636 -0.141757 0.022920 -0.031110 -0.055830 0.997955
-0.408157 -11.054355 -6.947498 37.634817 0.150231 0.987798 0.041069 0.975561 -0.154852 0.155888 -0.160345 -0.016646 0.986921
0.280590 -11.938206 -43.492628 73.853502 0.112728 0.991278 0.068268 0.975926 -0.123368 0.179859 -0.186713 -0.046350 0.981321
-0.368245 -11.656255 -17.774885 10.102330 0.127709 0.991165 0.035804 0.934765 -0.132352 0.329694 -0.331520 0.008636 0.943409
-0.068084 -11.955086 -45.422766 7.061593 0.098675 0.993046 0.064213 0.923496 -0.115420 0.365833 -0.370701 -0.023202 0.928462
0.424946 -17.365604 49.790486 160.099623 0.351049 0.917669 -0.186141 -0.775592 0.396351 0.491287 -0.524616 0.028096 -0.850875
1.059706 -20.126848 66.421120 196.402442 0.332836 0.927155 -0.172058 -0.893553 0.368394 0.256610 -0.301302 -0.068334 -0.951077
-0.095056 -17.720994 44.823422 191.056201 0.306038 0.937940 -0.163123 -0.824271 0.346788 0.447566 -0.476359 0.002514 -0.879247
-0.838324 -14.780581 22.847387 83.846539 0.289795 0.939458 -0.182858 -0.725102 0.340211 0.598735 -0.624697 0.040920 -0.779794
5.007026 -7.964145 66.098037 -62.669239 0.165057 0.965421 0.201790 0.962838 -0.202070 0.179195 -0.213775 -0.164713 0.962897
5.806751 -7.673292 -57.044693 9.474119 -0.155480 -0.954854 -0.253138 0.986206 -0.164769 0.015779 -0.056776 -0.247193 0.967302
5.424155 -7.990614 2.272533 -60.821316 -0.185525 -0.928037 -0.322999 0.946777 -0.256814 0.194062 -0.263048 -0.269805 0.926289
9.532120 -14.627926 -208.983969 -165.381758 0.211524 0.886931 -0.410623 -0.737628 -0.130766 -0.662424 0.641220 -0.443005 -0.626565
11.777481 -12.172796 -393.853035 -1.295692 0.155914 0.912006 -0.379388 -0.855709 -0.067148 -0.513082 0.493409 -0.404642 -0.769943
6.614297 -14.814166 -219.733435 -49.418036 0.277995 0.870716 -0.405674 0.892985 -0.078631 0.443164 0.353972 -0.485459 -0.799396
6.723714 -18.203241 -12.784231 174.220602 0.373654 0.823430 -0.427019 0.772341 -0.021246 0.634853 0.513684 -0.567020 -0.643908
-0.819891 -2.406162 133.840634 14.936829 0.157584 0.929523 -0.333398 -0.276519 0.365645 0.888730 -0.948000 0.047859 -0.314651
-0.371059 -2.696247 96.186416 36.282721 0.108950 0.964867 -0.239084 -0.327667 0.261933 0.907759 -0.938490 0.020560 -0.344693
-1.566551 -2.986817 2.315304 -46.370834 -0.079815 0.964833 0.250454 -0.298994 -0.262859 0.917337 -0.950911 0.001666 -0.309459
-1.878095 -3.795450 -23.631573 -114.093653 -0.128801 0.883350 0.450670 -0.248962 -0.468705 0.847546 -0.959910 0.003035 -0.280290
0.393297 -5.455548 34.204294 71.571457 0.756700 0.653231 -0.026352 -0.653762 0.756055 -0.031235 0.000480 -0.040863 -0.999165
-0.233804 -4.289441 34.431294 53.154325 0.689842 0.723666 -0.020644 -0.721273 0.689456 0.066442 -0.062315 0.030945 -0.997577
0.456138 -4.307236 -20.832942 63.161997 -0.778637 -0.626410 0.036543 -0.625218 0.779454 0.039416 -0.053174 0.007844 -0.998554
-1.131808 -26.268817 0.599816 -302.511054 -0.248599 -0.868966 -0.427897 0.968471 -0.215596 -0.124833 0.016223 -0.445439 0.895165
-1.219351 -29.911096 -5.716132 -89.523768 -0.268116 -0.867680 -0.418623 0.872561 -0.034529 -0.487283 0.408351 -0.495922 0.766362
-1.077206 -27.812261 4.172015 -168.702235 -0.259673 -0.873391 -0.412016 0.896789 -0.059819 -0.438397 0.358246 -0.483332 0.798781
-0.811252 -25.865168 -22.432415 -141.376457 -0.242419 -0.890367 -0.385331 0.939950 -0.117186 -0.320564 0.240265 -0.439902 0.865309
-0.868708 -27.400685 13.709181 -74.224944 0.247942 0.888528 0.386059 0.801967 0.035311 -0.596324 0.543483 -0.457461 0.703815
0.381662 -19.196863 -8.826797 -367.847633 0.175397 0.981946 0.070834 0.567077 -0.159583 0.808057 -0.804773 0.101563 0.584830
0.358754 -22.405610 -5.250034 -361.047914 0.175036 0.983243 0.050942 0.706957 -0.161526 0.688564 -0.685254 0.084510 0.723384
0.617436 -22.315582 -9.869887 -326.970083 0.181180 0.981325 0.064620 0.757714 -0.181179 0.626932 -0.626932 0.064625 0.776389
-2.112589 -8.588631 13.571714 107.184104 0.762310 0.420856 0.491695 -0.139541 -0.634970 0.759830 -0.631991 0.647837 0.425317
-2.469809 -11.153323 39.442536 121.272654 0.777322 0.419610 0.468721 -0.246499 -0.482335 0.840590 -0.578800 0.768948 0.271496
-3.043966 -10.555972 50.774751 157.848197 0.762941 0.472838 0.440846 -0.152282 -0.531291 0.833391 -0.628276 0.702961 0.333339
3404.904325 -55228.789752 115873.983943 -2897509.247726 -0.028131 -0.287876 -0.957255 0.936191 0.328065 -0.126171 0.350363 -0.899723 0.260278
179.965501 -815.348550 -12816.527552 -127538.447507 0.555488 -0.357363 -0.750816 0.562999 -0.502854 0.655874 -0.611936 -0.787039 -0.078134
-4.626756 -166.058785 -485.977151 -7005.783011 0.426893 -0.495360 -0.756559 0.881669 0.413998 0.226420 0.201055 -0.763691 0.613476
-1.381751 -4.129446 39.720994 -40.357741 0.249456 0.848757 0.466244 0.963476 -0.265952 -0.031348 0.097392 0.457035 -0.884101
-1.210655 -4.497755 41.158393 -32.389944 0.356430 0.813312 0.459871 0.918641 -0.394856 -0.013678 0.170458 0.427331 -0.887881
-2.195568 -4.718979 57.330413 -33.881160 0.278677 0.852331 0.442574 0.951487 -0.307616 -0.006703 0.130429 0.422971 -0.896707
-2.439047 -4.424003 55.970477 -13.991301 0.060549 0.895520 0.440883 0.996531 -0.079495 0.024612 0.057089 0.437864 -0.897227
-1.738602 -4.002061 39.939664 7.053216 -0.058321 0.884663 0.462569 0.998172 0.044320 0.041088 0.015848 0.464120 -0.885630
1.265806 -5.031599 11.711313 67.838730 0.722794 -0.511030 0.465207 0.375952 0.855618 0.355779 -0.579853 -0.082259 0.810558
1.445051 -4.854155 24.311723 19.412856 0.822604 -0.250735 0.510348 0.165313 0.964217 0.207262 -0.544054 -0.086128 0.834618
2.235251 -4.755005 -21.259398 15.888642 0.753687 -0.427265 0.499400 0.255907 0.890665 0.375803 -0.605366 -0.155438 0.780622
0.785379 -4.896023 -73.479489 63.494830 0.620278 -0.647959 0.442046 0.464187 0.757511 0.459028 -0.632286 -0.079533 0.770642
0.229003 -4.244864 -71.807026 32.583071 0.648929 -0.595511 0.473559 0.468403 0.803166 0.368134 -0.599574 -0.017076 0.800137
2.473589 0.008454 47.307752 -130.598732 0.567533 0.770551 0.290100 0.806180 -0.591643 -0.005662 0.167272 0.237086 -0.956980
1.584497 0.093043 75.144243 -124.681941 0.420068 0.839786 0.343951 0.884813 -0.463217 0.050360 0.201616 0.283178 -0.937636
1.621479 1.485061 -98.990150 78.444832 0.830529 -0.554030 0.057198 0.503292 0.790501 0.349007 0.238575 0.261073 -0.935373
1.002521 -9.574007 -21.079448 -5.437315 0.317320 0.947645 -0.035730 0.315146 -0.140914 -0.938523 0.894422 -0.286552 0.343361
0.695846 -9.600669 -24.038891 -11.894267 0.329542 0.943490 -0.035063 0.435205 -0.184755 -0.881171 0.837854 -0.275123 0.471496
0.862734 -9.699705 -22.780894 -32.645274 0.302677 0.952946 -0.016771 0.479839 -0.167564 -0.861207 0.823494 -0.252620 0.507978
-1.898433 -6.210947 13.262639 -39.763352 0.149567 0.986420 0.067861 0.661004 -0.150795 0.735074 -0.735325 0.065086 0.674582
-1.064878 -5.522992 -6.876551 -39.883493 0.079090 0.996855 -0.004921 0.589896 -0.042821 0.806343 -0.803597 0.066677 0.591428
-1.127386 -5.360308 18.752617 -47.146672 0.179362 0.975360 0.128458 0.541372 -0.206884 0.814933 -0.821429 0.076624 0.565140
-0.660511 -4.622781 18.358402 -49.407267 0.213745 0.956878 0.196717 0.448608 -0.275028 0.850359 -0.867793 0.093511 0.488049
-1.192030 -5.418954 12.557642 -54.613891 0.247394 0.931787 0.265649 0.501775 -0.357751 0.787550 -0.828866 0.061539 0.556053
-1.755795 -5.971327 13.910821 -57.099327 0.230927 0.950029 0.210040 0.584735 -0.308052 0.750459 -0.777662 0.050484 0.626653
-23.877685 -202.111057 -1700.135979 1711.130362 -0.860087 0.041521 0.508455 -0.014282 0.994332 -0.105356 -0.509947 -0.097877 -0.854619
-15.323316 -377.515900 -152.679091 -23325.414783 -0.551797 0.167909 0.816900 -0.096969 0.959961 -0.262815 -0.828322 -0.224234 -0.513422
-144.148494 -928.141794 2579.378696 47192.702324 -0.600166 0.064211 0.797294 0.302558 0.940938 0.151971 -0.740446 0.332435 -0.584146
-23.072750 -328.678543 1038.175696 -13813.077602 0.750043 -0.008299 -0.661337 -0.567014 0.506695 -0.649427 -0.340486 -0.862085 -0.375337
-34.564484 -52.995524 -812.309202 113.961034 -0.145020 -0.946160 -0.289397 0.989305 -0.134039 -0.057520 0.015633 -0.294643 0.955479
-28.350235 -52.683884 1054.547156 837.965312 0.147554 0.988970 -0.012865 0.975160 -0.147642 -0.165119 0.165197 -0.011818 0.986190
-33.732778 -50.534424 983.847912 -947.714937 0.223155 0.974550 0.021318 0.922859 -0.218260 0.317322 -0.313899 0.051139 0.948078
-36.702933 -65.578550 1028.501299 2056.646066 -0.053844 0.982482 0.178411 0.878633 0.131509 -0.459031 0.474452 -0.132042 0.870322
-33.465934 -52.123687 545.996706 -1136.127953 0.054531 0.908364 0.414611 0.890284 -0.232247 0.391734 -0.452129 -0.347760 0.821366
-34.174035 -49.707112 463.232759 695.278977 -0.271172 -0.692522 -0.668490 0.956056 -0.274214 -0.103751 -0.111459 -0.667248 0.736449
-34.330171 -47.987135 -218.770292 710.223292 -0.199033 -0.841217 -0.502732 0.940895 -0.020576 -0.338073 0.274049 -0.540306 0.795592
1.608040 -2.282178 -14.995525 -40.457435 0.340680 0.939582 -0.033516 -0.904326 0.337231 0.261668 -0.257161 0.058836 -0.964576
1.674640 -1.751087 -9.307164 -20.690411 0.411020 0.909323 -0.064760 -0.878758 0.414103 0.237283 -0.242585 0.040620 -0.969279
1.496489 -2.531801 6.290051 -46.209648 0.308169 0.951311 0.006240 -0.919530 0.296179 0.258344 -0.243918 0.085352 -0.966033
-0.641227 -8.748949 -27.928377 37.771909 0.352883 0.933651 -0.061398 0.291472 -0.172045 -0.940981 0.889111 -0.314160 0.332844
-0.734172 -8.519944 -20.275493 8.669046 0.340541 0.937210 -0.075292 0.199004 -0.150110 -0.968434 0.918928 -0.314808 0.237627
-0.842756 -8.672419 -14.370438 42.514248 0.326296 0.943320 -0.060651 0.280750 -0.157979 -0.946690 0.902613 -0.291873 0.316385
-6.430499 -9.769701 23.755467 53.541033 0.597783 -0.420448 -0.682553 0.450394 -0.528201 0.719826 0.663174 0.737718 0.126382
-5.743096 -9.449673 -26.986837 42.089061 0.648646 -0.293116 -0.702383 0.489915 -0.545442 0.680056 0.582444 0.785224 0.210197
-6.062312 -8.987860 10.467360 -45.696347 0.569186 -0.346634 -0.745568 -0.403998 0.671866 -0.620791 0.716109 0.654554 0.242378
-6.779989 -9.724001 -17.417288 -52.191901 0.568334 -0.520578 -0.637178 -0.350293 0.547632 -0.759864 0.744507 0.655056 0.128883
-1.226865 -2.693192 49.193002 67.637704 -0.036763 0.998975 -0.026393 -0.557351 -0.042419 -0.829193 0.829463 0.015773 -0.558339
-0.505066 -2.913221 53.438426 68.083509 -0.085727 0.993038 -0.080789 -0.542402 -0.114534 -0.832275 0.835734 0.027528 -0.548445
-1.102878 -3.991003 69.112612 67.919863 -0.075682 0.995361 -0.059395 -0.496758 -0.089285 -0.863285 0.864583 0.035830 -0.501211
-1.468024 -3.835305 25.502164 71.500945 -0.020187 0.999689 -0.014638 -0.509196 -0.022881 -0.860346 0.860414 0.009914 -0.509500
-1.249191 -2.713923 -7.413397 72.930363 0.009331 0.999797 -0.017839 -0.559450 -0.009566 -0.828809 0.828812 -0.017714 -0.559247
-0.962461 -6.954894 -24.885021 -40.330541 -0.135304 0.961379 0.239675 0.200932 0.263497 -0.943502 0.970216 0.079501 0.228824
-0.857121 -6.266758 -18.080890 -47.866641 -0.147853 0.958987 0.241835 0.305300 0.276836 -0.911128 0.940708 0.060880 0.333710
-0.680361 -6.633972 -12.635133 -46.077087 -0.106936 0.978510 0.176303 0.260702 0.198711 -0.944748 0.959479 0.055065 0.276349
-1.406681 -7.207925 -43.302500 -44.652656 -0.160526 0.948816 0.271991 0.164775 0.297458 -0.940408 0.973181 0.106143 0.204091
-0.982390 -7.602260 -8.894532 -64.375423 -0.124001 0.972086 0.199180 0.157976 0.217509 -0.963189 0.979626 0.087971 0.180538
-1.294581 -7.921552 -17.840280 -58.441965 -0.150161 0.962933 0.224079 0.087941 0.238760 -0.967089 0.984743 0.125514 0.120533
0.823617 -7.756957 -1.592219 -16.812380 0.084233 0.994126 0.067957 0.879783 -0.042177 -0.473500 0.467853 -0.099672 0.878168
0.470871 -7.915774 11.958773 -27.043843 0.076178 0.995650 0.053651 0.816587 -0.031420 -0.576366 0.572173 -0.087717 0.815429
0.705212 -7.733835 1.725210 -5.113397 0.054170 0.994592 0.088617 0.843354 0.001945 -0.537355 0.534621 -0.103844 0.838688
0.729443 -20.493134 -107.920314 -500.443200 0.056584 0.844539 -0.532496 -0.534973 -0.424674 -0.730381 0.842972 -0.326198 -0.427776
-0.407873 -19.876370 -79.185125 -604.738564 0.044909 0.850457 -0.524125 -0.399897 -0.465480 -0.789563 0.915459 -0.245055 -0.319191
0.691118 -13.397812 -36.702618 -340.249405 0.015046 0.867474 -0.497255 -0.327119 -0.465674 -0.822278 0.944863 -0.175034 -0.276760
1.293063 -17.834950 -49.500058 -445.610537 0.008460 0.860201 -0.509885 -0.493579 -0.439866 -0.750265 0.869660 -0.258016 -0.420856
1.541765 -13.833571 -22.383518 -227.624297 -0.005457 0.877234 -0.480032 -0.394999 -0.442893 -0.804874 0.918665 -0.185220 -0.348923
1.100154 -10.768095 7.391626 -150.985255 -0.025493 0.894933 -0.445472 -0.211676 -0.440345 -0.872519 0.977007 -0.072052 -0.200661
0.510598 -9.377155 -13.334767 -148.886352 0.003291 0.891292 -0.453417 -0.183142 -0.445213 -0.876495 0.983081 -0.085924 -0.161768
0.226436 -21.081208 27.027295 -77.552009 0.238186 0.970650 -0.033261 0.514021 -0.155044 -0.843649 0.824045 -0.183849 0.535864
0.171360 -25.056806 21.576427 80.776144 0.231312 0.972384 -0.031051 0.566635 -0.160599 -0.808166 0.790835 -0.169344 0.588135
0.358690 -21.344928 43.348724 182.295872 0.216959 0.975723 -0.029892 0.683975 -0.173792 -0.708502 0.696496 -0.133270 0.705076
0.291782 -21.319851 -4.048373 88.215171 0.248308 0.968644 -0.008450 0.640722 -0.170776 -0.748539 0.726511 -0.180454 0.663037
1.494426 -1.314846 -13.329164 26.152606 -0.466674 0.834202 -0.293808 -0.713223 -0.551407 -0.432740 0.523000 -0.007602 -0.852299
1.366775 -0.997121 -32.364279 33.026927 -0.524349 0.788869 -0.320537 -0.690030 -0.614223 -0.382869 0.498915 -0.020423 -0.866410
0.990835 -0.995177 -13.420336 23.861414 -0.380576 0.885607 -0.266198 -0.765459 -0.463205 -0.446668 0.518877 -0.033773 -0.854181
0.712700 -1.050661 17.730259 -10.552555 -0.171112 0.974662 -0.144064 -0.842097 -0.220584 -0.492153 0.511461 -0.037102 -0.858505
0.924757 -1.525448 19.053006 -8.704880 -0.144046 0.980039 -0.137018 -0.845443 -0.193838 -0.497647 0.514272 -0.044157 -0.856489
1.175291 -1.420886 1.469009 18.879452 -0.340323 0.906650 -0.249333 -0.773795 -0.420687 -0.473565 0.534248 -0.031767 -0.844731
0.504907 -16.456819 -7.669298 117.489163 -0.125704 0.990625 0.053482 -0.056995 0.046609 -0.997286 0.990429 0.128411 -0.050602
0.423005 -16.665161 11.169983 130.690052 -0.125318 0.989816 0.067524 -0.013959 0.066295 -0.997702 0.992018 0.125973 -0.005509
0.558677 -17.369186 -18.704603 68.672444 -0.113563 0.990714 0.074757 0.233695 0.099769 -0.967178 0.965655 0.092365 0.242855
0.970305 -17.809565 -37.694342 52.500708 -0.118827 0.991067 0.060553 0.133393 0.076366 -0.988117 0.983914 0.109337 0.141275
0.571280 -17.342882 -37.765580 52.111477 -0.129928 0.991315 0.020316 -0.134967 0.002617 -0.990847 0.982295 0.131481 -0.133455
1.893613 -14.008319 -39.241413 -66.171344 0.045113 0.998308 -0.036686 -0.507853 -0.008705 -0.861400 0.860262 -0.057492 -0.506601
1.990119 -14.733772 -29.944604 -6.566436 0.031377 0.999279 -0.021388 -0.368788 -0.008314 -0.929476 0.928984 -0.037051 -0.368261
2.187723 -16.403561 -23.910545 -207.352720 -0.012020 0.999495 -0.029403 -0.545148 -0.031202 -0.837759 0.838254 -0.005959 -0.545248
1.807206 -23.107321 -39.077215 -415.208595 -0.052186 0.996859 -0.059576 -0.766054 -0.078232 -0.637998 0.640655 -0.012344 -0.767730
1.870666 -16.832700 -41.910544 -190.570939 0.011282 0.998194 -0.059005 -0.673582 -0.036025 -0.738234 0.739026 -0.048074 -0.671959
-0.740305 -14.909506 -25.421593 -47.880187 0.098682 0.994916 0.020097 0.983921 -0.094530 -0.151537 0.148867 -0.034728 0.988247
-0.535591 -15.966554 -20.155143 -24.934642 0.118856 0.992451 0.030236 0.973515 -0.110490 -0.200149 0.195298 -0.053224 0.979299
-0.795088 -15.672443 -7.536903 -3.096940 0.128561 0.991674 -0.007450 0.907788 -0.120704 -0.401686 0.399240 -0.044878 0.915747
-0.422420 -14.778134 -29.057384 -98.471304 0.071042 0.996479 0.044518 0.991213 -0.075518 0.108598 -0.111578 -0.036412 0.993088
-1.060758 -15.172814 -33.317335 -24.816333 0.141848 0.989774 0.015030 0.919456 -0.126115 -0.372418 0.366714 -0.066647 0.927943
-0.779255 -13.697619 -28.553290 -78.917470 0.070439 0.997231 0.023869 0.993755 -0.072229 0.085056 -0.086545 -0.017729 0.996090
0.683474 -18.394367 5.808137 -147.766980 -0.105257 0.991334 0.078599 0.720641 0.130503 -0.680915 0.685271 0.015029 0.728133
0.554559 -17.069140 0.396563 -42.679362 -0.125958 0.988089 0.088399 0.858515 0.153221 -0.489362 0.497078 -0.014253 0.867589
0.482257 -17.577377 3.367452 -23.078984 -0.135946 0.986872 0.087194 0.840318 0.161480 -0.517483 0.524770 -0.002921 0.851239
0.169088 -17.691970 10.305918 69.861437 -0.176771 0.979979 0.091616 0.938353 0.195889 -0.284816 0.297060 -0.035621 0.954194
-0.840367 -20.726845 1.811412 -331.067199 -0.215703 0.957769 0.190135 0.966763 0.182102 0.179464 0.137261 0.222527 -0.965216
-0.772556 -25.577602 1.106050 403.424435 -0.203561 0.960458 0.189954 -0.883957 -0.096880 -0.457422 0.420932 0.261024 -0.868725
-0.593244 -22.931855 -9.541859 281.028602 -0.203696 0.963583 0.173250 -0.927608 -0.133352 -0.348941 0.313131 0.231786 -0.920991
-1.219461 -11.084179 1.733986 182.433653 0.862731 -0.496869 0.093893 -0.349345 -0.451420 0.821084 0.365586 0.741175 0.563033
-0.422020 -13.909273 44.845640 214.239355 0.853981 -0.515764 0.068584 -0.255605 -0.301054 0.918712 0.453192 0.802093 0.388926
-1.358618 -11.919232 22.644918 232.192066 0.842317 -0.515211 0.158301 -0.410933 -0.423830 0.807157 0.348763 0.744933 0.568717
-1.870221 -8.954512 9.159148 112.145017 0.783351 -0.551690 0.286354 -0.571200 -0.457236 0.681664 0.245136 0.697548 0.673302
-1.951442 -8.135386 -4.866273 89.553915 0.825138 -0.525938 0.206245 -0.496204 -0.500212 0.709626 0.270053 0.687879 0.673716
0.110277 -30.332921 -25.926572 -315.441406 -0.483047 0.843801 0.233808 -0.175505 -0.354915 0.918277 -0.857825 -0.402537 -0.319532
0.453702 -26.665053 4.380523 -199.035836 -0.450266 0.853201 0.263265 -0.250136 -0.403569 0.880093 -0.857142 -0.330424 -0.395130
0.052588 -32.397494 -15.705150 -393.251453 -0.460656 0.842148 0.280327 0.081441 -0.274396 0.958162 -0.883834 -0.464213 -0.057817
1.030944 -5.599979 -4.688220 17.123181 0.109130 0.980955 0.160676 -0.080387 0.169822 -0.982191 0.990772 -0.094270 -0.097388
1.133778 -5.747601 -16.809732 13.191489 0.091558 0.986595 0.135084 -0.076904 0.142254 -0.986838 0.992826 -0.079964 -0.088898
0.872100 -5.297030 -0.875798 21.231244 0.093023 0.988216 0.121554 -0.183284 0.136992 -0.973468 0.978649 -0.068276 -0.193868
0.947359 -5.143103 12.472840 10.997869 0.108805 0.983831 0.142260 -0.162530 0.158791 -0.973843 0.980686 -0.082837 -0.177180
0.899332 -4.803100 17.606753 32.611024 0.099314 0.988159 0.116959 -0.269945 0.139888 -0.952660 0.957740 -0.063040 -0.280641
0.844438 -5.221136 -15.518972 34.564169 0.071161 0.994923 0.071159 -0.255404 0.087137 -0.962900 0.964212 -0.050347 -0.260308
0.688186 -4.832712 4.355933 33.306383 0.081164 0.992374 0.092768 -0.292894 0.112713 -0.949478 0.952694 -0.049892 -0.299809
-1.155046 -3.467863 -57.639065 5.129511 0.790079 0.491401 0.366470 -0.478879 0.867982 -0.131458 -0.382688 -0.071633 0.921096
-0.457714 -3.360752 -27.998728 19.123633 0.695006 0.631278 0.344172 -0.628067 0.766043 -0.136780 -0.349997 -0.121100 0.928890
-1.596308 -4.084273 -72.150640 -31.577233 0.628413 0.708128 0.321950 0.694298 -0.697234 0.178366 -0.350780 -0.111441 0.929803
-2.728403 -4.284380 -70.294875 -39.448435 0.629935 0.720208 0.290658 0.685277 -0.691549 0.228374 -0.365481 -0.055320 0.929173
-2.470554 -4.683026 -103.418205 -52.550766 0.452930 0.846674 0.279278 0.832884 -0.513583 0.206243 -0.318054 -0.139192 0.937799
-2.321602 -8.004804 -73.114008 34.168808 -0.462433 0.763554 0.450712 0.821161 0.560553 -0.107120 0.334440 -0.320572 0.886219
-2.463039 -7.286214 -41.017239 54.703976 -0.462783 0.775163 0.430063 0.763128 0.595227 -0.251673 0.451073 -0.211724 0.867010
-2.887895 -7.675721 -3.131940 36.455436 -0.468880 0.802189 0.369654 0.817493 0.552604 -0.162278 0.334450 -0.226101 0.914889
-3.021434 -8.227627 18.258147 15.697133 0.507637 -0.764141 -0.397986 0.833217 0.552945 0.001117 0.219211 -0.332176 0.917391
-2.176099 -8.431291 83.332550 7.872253 0.479770 -0.748921 -0.457096 0.855473 0.515014 0.054093 0.194900 -0.416986 0.887771
-0.508455 -7.128680 14.982834 21.561881 0.145496 0.989337 -0.006513 0.512707 -0.081027 -0.854732 0.846146 -0.121021 0.519029
-0.350639 -7.266994 -6.899592 27.283538 0.148546 0.988661 0.021981 0.516205 -0.058563 -0.854461 0.843485 -0.138273 0.519051
-0.279728 -7.791309 6.607343 41.827638 0.156340 0.987660 -0.009194 0.599887 -0.102345 -0.793512 0.784662 -0.118542 0.608485
2.843200 -54.630429 -86.851846 113.785892 0.160309 0.986935 -0.016167 -0.922864 0.144051 -0.357170 0.350175 -0.072177 -0.933899
4.591071 -60.521880 -113.460738 923.574384 0.159507 0.986819 0.027325 -0.968523 0.161788 -0.189176 0.191103 -0.003710 -0.981563
3.604367 -52.720835 -82.106981 1481.195961 0.161533 0.985737 -0.047216 -0.973683 0.166987 0.155100 -0.160773 -0.020919 -0.986770
2.282147 -43.475746 -61.146614 578.661199 0.163305 0.984508 -0.063832 -0.966228 0.146529 -0.211974 0.199337 -0.096293 -0.975188
-0.285385 -22.310124 -58.034528 463.222832 -0.369102 -0.124737 0.920980 -0.409120 0.911581 -0.040499 -0.834497 -0.391740 -0.387499
-0.933710 -18.699845 -35.548741 484.740888 -0.352197 -0.064209 0.933721 -0.259345 0.965273 -0.031446 -0.899276 -0.253232 -0.356619
0.580815 -20.966406 -37.909923 184.762551 -0.368048 -0.037108 0.929066 -0.492903 0.855038 -0.161111 -0.788408 -0.517236 -0.332986
0.774874 -22.774396 97.790812 247.336930 0.395941 0.099885 -0.912827 0.742676 -0.619465 0.254353 -0.540059 -0.778643 -0.319454
-7.779965 -10.464242 63.993573 44.341526 -0.000995 0.980086 0.198570 -0.947529 0.062552 -0.313490 0.319669 0.188463 -0.928598
-8.555774 -11.042670 76.702521 95.106362 -0.071233 0.955829 0.285161 -0.952874 0.019310 -0.302752 0.294886 0.293288 -0.909409
-6.797613 -9.836782 13.641217 -107.872825 -0.395744 0.888000 0.234185 0.904935 0.333621 0.264178 0.156461 0.316469 -0.935611
-7.331456 -9.301857 63.621690 -54.514561 0.736219 0.072117 -0.672889 0.569198 0.471836 0.673338 -0.366053 0.878732 -0.306326
-8.072753 -9.142965 37.427092 -12.219466 0.672304 0.176439 -0.718941 0.524403 0.571970 0.630755 -0.522502 0.801074 -0.292013
-8.000596 -9.576417 0.979832 -42.267533 0.696149 0.205068 -0.687985 0.565992 0.432750 0.701699 -0.441622 0.877881 -0.185191
-8.527673 -9.320713 -78.418912 -0.092189 0.589165 0.744507 -0.313998 0.460672 0.009761 0.887517 -0.663827 0.667544 0.337223
-8.607955 -9.388710 53.425538 -13.764440 -0.342043 -0.729213 0.592668 0.751467 0.166411 0.638440 -0.564185 0.663744 0.491059
-8.805649 -9.364599 66.196939 -18.810795 -0.454059 -0.664177 0.593885 0.688757 0.161179 0.706849 -0.565194 0.729994 0.384272
-8.758146 -9.674041 43.111354 26.827690 -0.249793 -0.592130 0.766150 0.881384 0.188595 0.433122 -0.400956 0.783463 0.474784
9.971693 -7.075415 -145.676506 -99.203652 0.491277 0.869085 -0.057778 -0.785216 0.470621 0.402432 -0.376940 0.152337 -0.913625
9.259889 -8.452462 -254.126109 -24.969335 0.404412 0.891565 -0.203871 -0.812206 0.452584 0.368088 -0.420443 -0.016726 -0.907165
0.083443 -7.476750 111.066569 42.622885 -0.563491 -0.668504 -0.485367 0.816202 -0.359729 -0.452116 0.127641 -0.650921 0.748338
-0.761066 -6.050252 -15.935578 -2.235118 -0.167301 0.984559 0.051522 -0.971374 -0.173549 0.162212 -0.168649 0.022909 -0.985410
-0.321836 -6.145087 -28.286331 8.011520 -0.129321 0.991249 0.026499 -0.967009 -0.131983 0.217886 -0.219476 -0.002553 -0.975614
0.092117 -5.530157 -25.566004 49.982129 -0.120893 0.992309 0.026612 -0.939011 -0.123012 0.321132 -0.321936 -0.013834 -0.946660
0.044474 -4.765380 -17.609017 77.458472 -0.161198 0.985711 0.048887 -0.902494 -0.167273 0.396893 -0.399399 -0.019858 -0.916562
0.467612 -11.377210 21.469387 60.780636 -0.128942 -0.990279 -0.052166 0.991595 -0.128193 -0.017472 0.010615 -0.053981 0.998486
0.461680 -19.032060 64.838520 149.972274 0.304243 0.941577 -0.144463 -0.937612 0.322785 0.129206 -0.168287 -0.096140 -0.981038
0.101105 -18.429941 56.842452 331.497377 0.305543 0.939452 -0.155156 -0.866438 0.341890 0.363864 -0.394879 -0.023257 -0.918439
-0.334063 -18.914319 13.342364 299.151889 0.271278 0.945198 -0.181685 -0.893094 0.317573 0.318640 -0.358876 -0.075821 -0.930301
1.595522 -19.737029 48.946509 93.770989 0.311438 0.932068 -0.185082 0.949384 -0.296801 0.102851 0.040932 -0.207746 -0.977326
-0.008856 -19.343096 25.721814 -12.014096 0.252742 0.954860 -0.156088 0.964339 -0.261707 -0.039496 -0.078562 -0.140539 -0.986953
0.679513 -19.075829 44.863791 148.440284 0.280608 0.947578 -0.152824 0.953635 -0.257193 0.156305 0.108806 -0.189599 -0.975814
-0.779565 -11.734117 -46.657698 334.545017 0.423749 0.887962 -0.178773 -0.284838 -0.056722 -0.956896 0.859828 -0.456405 -0.228889
-0.170551 -16.960928 -85.957870 297.804584 0.452445 0.877888 -0.156865 -0.023506 -0.164097 -0.986164 0.891483 -0.449872 0.053609
0.772027 -15.722115 -53.363815 338.482636 0.421642 0.883301 -0.204931 -0.151439 -0.154232 -0.976360 0.894027 -0.442709 -0.068736
-0.291289 -24.534383 -54.679612 -66.975327 0.255110 0.955274 0.149571 0.850814 -0.148283 -0.504110 0.459385 -0.255860 0.850589
0.193776 -23.045640 -54.736162 256.691933 0.258647 0.953976 0.151763 0.644573 -0.053430 -0.762673 0.719463 -0.295085 0.628727
-0.656798 -23.783235 -51.466204 288.026114 0.254007 0.956399 0.144161 0.630017 -0.050516 -0.774936 0.733866 -0.287663 0.615379
0.077442 -20.537995 -38.079504 412.320837 0.250670 0.957622 0.141862 0.401538 0.030490 -0.915335 0.880870 -0.286410 0.376879
-1.357402 -25.004232 -40.084777 55.638927 0.248912 0.959485 0.132030 0.813844 -0.133302 -0.565587 0.525072 -0.248234 0.814051
-1.665557 -23.741720 -66.115909 347.112385 0.259203 0.956474 0.134057 0.585385 -0.045181 -0.809496 0.768205 -0.288298 0.571617
-0.970928 -20.723609 -78.360951 441.874609 0.263864 0.952927 0.149351 0.356761 0.047440 -0.932990 0.896157 -0.299466 0.327449
-0.338044 -6.112270 40.409190 -105.455454 0.096071 0.994923 0.029992 -0.994684 0.097083 -0.034331 0.037069 0.026534 -0.998960
-0.160162 -4.602410 17.192344 -133.865866 0.145870 0.989159 0.016921 -0.980708 0.146831 -0.129044 0.130129 -0.002229 -0.991495
-0.722657 -4.664791 31.308297 -142.120702 0.119873 0.992731 0.010719 -0.979408 0.120017 -0.162348 0.162454 -0.008962 -0.986675
-0.524178 -3.029166 -11.059551 -105.827323 0.160705 0.986982 -0.006431 -0.966635 0.156069 -0.203125 0.199477 -0.038859 -0.979132
-1.077770 -6.527168 58.640781 -140.413974 0.088084 0.995872 0.021911 -0.993897 0.089333 -0.064714 0.066404 0.016077 -0.997663
-0.901563 -3.132151 12.247004 -82.976116 0.098511 0.994965 -0.018454 -0.971258 0.092093 -0.219492 0.216687 -0.039546 -0.975440
2.271134 -2.710003 164.348771 34.688284 0.151210 0.934572 -0.322041 -0.288448 0.353325 0.889921 -0.945480 0.041673 -0.323002
0.958991 -3.127600 99.578025 42.171084 0.134349 0.947664 -0.289626 -0.345586 0.318734 0.882598 -0.928720 0.018485 -0.370321
-1.418825 -27.338798 -24.029532 -306.383298 -0.238930 -0.875205 -0.420628 0.968590 -0.184076 -0.167181 0.068890 -0.447361 0.891696
-1.407411 -31.983224 9.081910 -187.753647 -0.260593 -0.854575 -0.449213 0.910575 -0.062925 -0.408527 0.320850 -0.515501 0.794552
-1.156649 -33.415027 -7.452067 6.421971 0.283262 0.849065 0.445927 0.734482 0.106926 -0.670151 0.616683 -0.517354 0.593335
-1.171580 -30.874663 9.952368 202.823925 0.284410 0.866549 0.410126 0.659640 0.133552 -0.739621 0.695691 -0.480891 0.533627
0.681374 -24.443078 13.199049 -192.409557 0.179477 0.983541 0.020845 0.898064 -0.172455 0.404648 -0.401583 0.053905 0.914235
0.523504 -21.871609 -33.729562 -370.860218 0.148307 0.987513 0.053137 0.797536 -0.151201 0.584016 -0.584757 0.044235 0.810001
-2.736624 -12.842666 77.906666 108.886141 0.783788 0.396852 0.477687 -0.366429 -0.325499 0.871654 -0.501404 0.858230 0.109704
-1.699368 -12.102485 36.739929 116.469741 0.792739 0.382175 0.474876 -0.338140 -0.372481 0.864245 -0.507175 0.845695 0.166052
-1.800184 -13.455022 78.513172 90.659060 0.800527 0.375915 0.466739 -0.435582 -0.169943 0.883961 -0.411613 0.910938 -0.027698
-3.724971 -13.969939 90.554576 96.589679 0.774524 0.432700 0.461392 -0.431312 -0.172285 0.885600 -0.462690 0.884923 -0.053190
17.880006 -76.195471 -679.279599 2876.205313 -0.002760 0.936753 -0.349979 -0.499087 0.301986 0.812230 -0.866548 -0.176912 -0.466688
-1.482913 -212.469186 -27.953632 -6111.920290 0.335975 -0.728820 -0.596609 0.761873 -0.162134 0.627106 -0.553778 -0.665232 0.500795
-4.417683 -8.495065 -461.671860 176.335254 -0.259778 0.832523 -0.489306 -0.364159 0.384836 0.848109 -0.894373 -0.398506 -0.203199
-1.614806 -4.861984 57.302135 -6.166703 0.409163 0.790130 0.456378 0.882645 -0.469544 0.021595 0.231352 0.393984 -0.889524
1.566522 -5.236759 -17.323495 -106.222888 0.831435 -0.056965 0.552694 -0.070396 0.975914 0.206485 -0.551144 -0.210587 0.807399
0.550856 -6.445858 -54.513309 -25.612881 0.839344 0.082908 0.537241 -0.080592 0.996358 -0.027850 -0.537593 -0.019921 0.842969
0.653274 -4.645838 49.880946 26.423980 0.818308 -0.275532 0.504435 0.227687 0.961210 0.155671 -0.527760 -0.012533 0.849301
0.141147 -5.678863 42.706874 -5.032443 0.850115 -0.098430 0.517316 0.079251 0.995101 0.059103 -0.520600 -0.009247 0.853751
0.766578 -1.030457 60.953660 45.249727 -0.346197 0.916106 0.202231 0.909406 0.274735 0.312254 0.230498 0.292011 -0.928224
1.799076 -2.067408 94.338041 71.088717 -0.408326 0.897355 0.167403 0.884839 0.344019 0.314183 0.224344 0.276414 -0.934486
2.030091 -0.837757 70.756500 85.851534 -0.526174 0.843818 0.105413 0.812318 0.462078 0.355842 0.251557 0.272864 -0.928582
0.837667 -0.947972 62.529694 -69.989738 0.130914 0.935934 0.326939 0.968422 -0.191307 0.159877 0.212180 0.295685 -0.931424
-0.355422 -1.572615 42.859416 -49.969152 0.013414 0.955195 0.295673 0.976921 -0.075563 0.199791 0.213181 0.286169 -0.934163
416.028903 -898.996608 20378.991140 -44894.902063 -0.464623 -0.627176 -0.625121 -0.752897 0.651399 -0.093946 0.466124 0.427002 -0.774854
11.931842 -275.352803 1353.747629 -15505.688614 0.987364 0.108085 0.115885 -0.052357 0.912729 -0.405197 0.149568 -0.394009 -0.906855
-14.370094 -433.054254 -2371.685978 31059.414701 -0.951279 0.067485 0.300855 0.090028 0.994027 0.061692 -0.294895 0.085772 -0.951672
7.566185 -3561.369568 18445.985476 -191493.056207 0.696901 -0.479720 -0.533102 -0.236966 0.547565 -0.802509 -0.676888 -0.685596 -0.267921
-14.165081 -483.589849 950.318086 27189.411257 -0.475111 0.146487 0.867647 0.487192 0.864906 0.120755 -0.732744 0.480083 -0.482294
-20.820042 -54.889530 -890.952288 102.447274 -0.109401 -0.965690 0.235528 0.992303 -0.119934 -0.030824 0.058014 0.230343 0.971379
-23.282788 -75.616478 957.018339 2586.368526 0.155856 0.957291 -0.243522 0.842194 -0.257608 -0.473652 0.516156 0.131271 0.846375
-0.253059 -9.668414 -31.619791 -30.349433 0.182728 0.953760 -0.238649 -0.893441 0.059778 -0.445185 0.410334 -0.294566 -0.863051
-0.449337 -9.990437 -12.185151 0.993671 0.155617 0.958058 -0.240642 0.952271 -0.080734 0.294384 0.262609 -0.274967 -0.924894
-0.347382 -9.249864 -17.254600 -33.084086 0.193298 0.956036 -0.220522 -0.891052 0.076978 -0.447325 0.410684 -0.282964 -0.866758
-8.088142 -9.371850 39.429864 -14.713502 -0.231921 -0.847402 0.477622 0.913963 -0.021745 0.405215 -0.332994 0.530507 0.779537
-8.703114 -9.495270 28.827375 -31.273459 0.014503 -0.773337 0.633829 0.966221 0.173963 0.190144 -0.257308 0.609661 0.749737
-8.413136 -9.481672 17.894761 -18.572950 -0.193505 -0.782431 0.591909 0.895368 0.105807 0.432575 -0.401089 0.613682 0.680090
-8.444159 -9.486285 24.780382 -19.809137 -0.146057 -0.684832 0.713913 0.895651 0.214906 0.389390 -0.420091 0.696290 0.581982
-8.001777 -9.161502 24.896521 -10.636940 -0.291381 -0.811782 0.506069 0.771556 0.113303 0.625990 -0.565506 0.572863 0.593322
0.341524 -3.202613 32.639819 65.309707 -0.099960 0.988812 -0.110722 -0.525435 -0.146957 -0.838046 0.844941 0.025594 -0.534246
0.072564 -2.142495 41.289834 74.314966 -0.101159 0.989351 -0.104654 -0.567162 -0.143774 -0.810960 0.817370 0.022680 -0.575666
0.330570 -1.475663 42.858333 61.177962 -0.087121 0.992601 -0.084581 -0.588887 -0.119796 -0.799288 0.803506 0.019826 -0.594966
0.719780 -2.290545 18.047521 64.326173 -0.093581 0.988102 -0.122054 -0.567222 -0.153663 -0.809103 0.818231 0.006485 -0.574853
-1.580519 -6.535367 -42.892079 -54.236046 -0.172917 0.946622 0.272042 0.281420 0.312172 -0.907387 0.943876 0.080344 0.320378
-1.268631 -5.832131 -44.337381 -36.034694 -0.155761 0.957477 0.242849 0.361808 0.284065 -0.887920 0.919148 0.050438 0.390669
0.476233 -8.029115 7.437661 -41.359165 0.105025 0.993752 0.037778 0.815476 -0.064317 -0.575207 0.569183 -0.091218 0.817135
-0.270029 -7.997775 -7.048171 32.106451 0.184687 0.982437 -0.026614 0.714127 -0.152754 -0.683146 0.675214 -0.107162 0.729796
-0.204650 -8.185927 -4.044721 39.351693 0.176884 0.984145 -0.013043 0.720458 -0.138496 -0.679528 0.670561 -0.110801 0.733533
-0.165161 -7.505278 -15.182176 46.795562 0.198952 0.979675 -0.025606 0.634800 -0.148733 -0.758226 0.746624 -0.134596 0.651488
-0.054159 -7.540443 -4.816260 50.534541 0.186229 0.982153 -0.026361 0.578379 -0.131278 -0.805136 0.794227 -0.134693 0.592504
-0.164417 -7.633984 -7.302651 34.114943 0.189743 0.981490 -0.025964 0.620439 -0.140356 -0.771593 0.760955 -0.130295 0.635586
-0.203711 -7.205805 -14.335028 36.066867 0.197049 0.980103 -0.023887 0.535698 -0.128044 -0.834645 0.821096 -0.151670 0.550270
-0.619040 -23.030594 -69.337633 -441.164818 0.012730 0.849324 -0.527718 -0.675207 -0.381963 -0.631031 0.737519 -0.364352 -0.568607
-1.320273 -20.417537 -71.418567 -544.621336 0.019931 0.857382 -0.514295 -0.477687 -0.443720 -0.758240 0.878304 -0.260785 -0.400716
0.159781 -23.905844 -8.682037 -140.970552 0.251786 0.967489 -0.023856 0.394320 -0.125069 -0.910423 0.883807 -0.219825 0.412991
0.014840 -22.916489 -46.794662 89.550449 0.269145 0.963087 0.005014 0.620125 -0.169313 -0.766015 0.736890 -0.209278 0.642803
0.017842 -28.215242 1.414449 -221.645849 0.256707 0.963153 -0.080241 0.280755 -0.153756 -0.947384 0.924813 -0.220672 0.309880
1.571092 -1.530060 -1.976216 28.273392 -0.494993 0.827987 -0.263474 -0.711085 -0.560278 -0.424791 0.499340 0.022916 -0.866103
0.587909 -17.688178 -4.797666 114.823414 -0.092246 0.992696 0.077746 0.210173 0.095731 -0.972966 0.973303 0.073412 0.217469
1.528941 -14.030156 -49.757547 13.993384 0.073870 0.996723 -0.032971 -0.305067 -0.008891 -0.952289 0.949462 -0.080404 -0.303410
1.828907 -14.697593 -25.377215 66.244665 0.031556 0.999478 -0.006981 -0.165066 -0.001678 -0.986281 0.985778 -0.032276 -0.164927
-0.551760 -15.701494 -22.108327 20.750525 0.145942 0.989229 0.011254 0.909874 -0.129752 -0.394073 0.388368 -0.067752 0.919010
-0.376095 -16.435212 -26.672608 19.518735 0.165441 0.985929 0.023953 0.893472 -0.139556 -0.426885 0.417536 -0.092026 0.903988
-0.278278 -17.447472 -0.775081 -34.495122 0.138842 0.990223 0.013482 0.949407 -0.129222 -0.286230 0.281689 -0.052541 0.958066
0.828405 -17.911380 4.168440 -138.279189 -0.087928 0.993372 0.074035 0.743880 0.114911 -0.658360 0.662503 0.002815 0.749054
0.540470 -16.557968 1.755527 -45.371502 -0.101413 0.990980 0.087601 0.878127 0.130552 -0.460270 0.467555 -0.030248 0.883446
0.313360 -16.607670 -4.470140 67.633252 -0.148886 0.983627 0.101541 0.945276 0.171720 -0.277428 0.290322 -0.054679 0.955366
0.023866 -23.823350 -43.047934 -256.915690 -0.240550 0.960831 0.137620 0.955904 0.209896 0.205406 0.168474 0.180962 -0.968953
-0.608723 -20.503264 -29.786862 -235.038825 -0.240643 0.959317 0.147655 0.957857 0.210133 0.195842 0.156847 0.188561 -0.969455
-0.341646 -24.146505 -37.993050 177.029071 -0.220142 0.964270 0.147378 -0.891704 -0.137675 -0.431173 0.395477 0.226337 -0.890152
0.237729 -27.950726 -38.928220 224.009460 -0.202523 0.965857 0.161568 -0.851851 -0.092373 -0.515575 0.483048 0.242048 -0.841474
0.423825 -13.761042 26.705352 -6.410578 0.863932 -0.503217 0.019833 -0.060389 -0.064419 0.996094 0.499974 0.861756 0.086043
-0.472803 -12.832051 6.236091 193.613539 0.871944 -0.489169 0.020676 -0.218956 -0.351822 0.910099 0.437917 0.798082 0.413875
0.418548 -30.717124 -22.466909 -286.761813 -0.468098 0.835964 0.286440 -0.038828 -0.343290 0.938427 -0.882823 -0.428154 -0.193152
0.424933 -2.571972 -70.875678 -22.776554 0.869075 0.302236 0.391615 -0.310617 0.949539 -0.043501 -0.385001 -0.083837 0.919100
