12519
25027
-8.560078 -11.188742 30.120051 -168.281847 0.148725 0.954516 0.258417 0.970600 -0.190917 0.146585 0.189254 0.229019 -0.954847
-6.413740 -11.848622 -52.142128 -315.110023 0.376787 0.913591 0.152912 0.923934 -0.382460 0.008407 0.066164 0.138113 -0.988204
-6.726285 -8.608937 30.672492 -126.279839 -0.209944 0.960187 0.184297 0.977195 0.199935 0.071523 0.031828 0.195110 -0.980265
-5.294738 -8.016351 -69.536868 -194.679943 0.225622 0.969980 0.090739 0.971267 -0.216722 -0.098345 -0.075727 0.110321 -0.991007
-6.826473 -9.422867 -0.149473 -115.343395 -0.469670 0.850988 0.235009 0.877611 0.421106 0.229060 0.095964 0.313830 -0.944617
-4.905560 -6.869173 -25.738003 -56.455442 0.705490 -0.684702 -0.182939 0.704151 0.706451 0.071405 -0.080346 0.179193 -0.980528
-5.492143 -7.928272 12.969261 -69.434525 -0.628115 0.748909 0.211203 0.778115 0.605576 0.166776 -0.002999 0.269095 -0.963109
-7.514089 -9.661882 -34.790499 8.127700 0.519057 0.844741 -0.130359 0.241332 0.001469 0.970441 -0.819963 0.535174 0.203101
-7.375728 -9.618051 -27.389565 4.870654 0.483146 0.860720 -0.160410 0.123115 0.114604 0.985753 -0.866841 0.496011 0.050598
-6.816234 -9.657093 -18.920456 16.642742 0.383676 0.911405 -0.148774 0.292200 0.033011 0.955787 -0.876021 0.410184 0.253647
-8.038533 -9.545240 -36.005272 -6.403887 0.612158 0.781532 -0.120290 0.062386 0.103915 0.992628 -0.788270 0.615150 -0.014856
-6.864208 -9.401541 -27.868673 12.362505 0.408635 0.902301 -0.137369 0.418306 -0.051381 0.906852 -0.811195 0.428034 0.398434
-8.320878 -9.673989 -48.709378 -0.758955 0.648950 0.748578 -0.136000 0.191286 0.012481 0.981455 -0.736393 0.662930 0.135093
-7.755577 -9.502323 -49.709503 10.520760 0.537873 0.826758 -0.164814 0.382118 -0.064831 0.921837 -0.751451 0.558809 0.350790
-17.879605 -102.543346 115.914537 -5987.481559 -0.132841 0.985498 -0.105582 -0.977556 -0.112701 0.177996 -0.163516 -0.126857 -0.978351
-81.420288 -1358.010983 -1694.377151 73797.996367 -0.033122 0.947591 -0.317763 0.998213 0.015543 -0.057700 -0.049737 -0.319106 -0.946413
-11.144767 -63.346744 -324.383589 3368.645671 -0.059733 0.958772 -0.277826 0.983770 0.009366 -0.179191 -0.169201 -0.284021 -0.943771
-16.053624 -62.532917 -588.737864 -2823.542071 -0.184977 0.973577 -0.133911 -0.944859 -0.138718 0.296645 -0.270230 -0.181400 -0.945553
2.367417 -9.213237 65.718676 -192.446157 0.886021 0.323258 0.332373 -0.455164 0.469949 0.756289 -0.088278 0.821372 -0.563520
2.866755 -7.812958 53.437809 -178.935251 0.898986 0.332097 0.285545 -0.425419 0.507109 0.749572 -0.104129 0.795331 -0.597165
2.528321 -6.169793 89.157573 -128.173701 0.937737 0.243309 0.247892 -0.346795 0.615625 0.707629 -0.019564 0.749538 -0.661673
1.281303 -10.054389 105.846899 -191.274426 0.876038 0.306996 0.371901 -0.478863 0.462645 0.746090 -0.056988 0.831693 -0.552304
3.162903 -3.787222 64.615550 -51.105732 0.994396 0.091074 0.053682 -0.103579 0.737682 0.667155 -0.021160 0.668977 -0.742982
2.257874 -4.853645 161.940620 -51.842733 0.994544 0.042057 0.095465 -0.094863 0.745331 0.659911 0.043399 0.665366 -0.745255
0.837584 -7.587774 123.041600 -152.906570 0.927846 0.235418 0.289275 -0.372619 0.618452 0.691861 0.016026 0.749730 -0.661549
-0.736297 -7.480081 4.114099 6.521865 0.105606 0.994303 -0.014465 -0.318974 0.047650 0.946565 -0.941861 0.095349 -0.322189
-0.566112 -7.349972 8.589766 -5.034045 0.104053 0.994399 0.018529 -0.152091 -0.002502 0.988363 -0.982874 0.105660 -0.150979
-0.595568 -7.288767 12.410050 9.155278 0.123143 0.992345 0.009371 -0.337037 0.032938 0.940915 -0.933403 0.119025 -0.338513
-0.778234 -7.817462 4.439738 25.078604 0.127427 0.991437 -0.028543 -0.492258 0.088200 0.865970 -0.861072 0.096298 -0.499282
-0.656992 -7.678712 11.713405 29.674219 0.134333 0.990918 0.006009 -0.506706 0.063478 0.859779 -0.851589 0.118541 -0.510631
-0.467181 -7.157948 10.991389 11.872154 0.130547 0.990950 0.031228 -0.359204 0.017917 0.933087 -0.924083 0.133029 -0.358292
-0.743493 -12.051200 -5.071582 27.338762 0.104794 0.965994 -0.236378 0.984737 -0.134005 -0.111068 -0.138967 -0.221131 -0.965292
-1.002681 -11.813789 0.693855 -8.483043 0.112410 0.970730 -0.212245 -0.930421 0.177811 0.320467 -0.348826 -0.161454 -0.923175
-0.880120 -11.980717 0.498835 33.590645 0.134582 0.966948 -0.216563 0.984320 -0.155606 -0.083076 -0.114028 -0.201986 -0.972728
-3.438725 -24.763891 -32.482446 -132.058406 0.327544 0.861291 -0.388450 0.915303 -0.391236 -0.095676 -0.234380 -0.324211 -0.916489
-2.613555 -24.686867 -80.994470 213.254508 0.340323 0.822322 -0.456034 0.934682 -0.242862 0.259593 0.102716 -0.514593 -0.851260
-1.909822 -24.798869 -102.973185 -8.845810 0.334299 0.817464 -0.469037 0.924105 -0.382070 -0.007250 -0.185131 -0.431016 -0.883149
0.529903 -6.975131 33.726803 -21.660450 0.231696 0.967967 -0.096727 -0.365224 -0.005602 -0.930903 0.901625 -0.251014 -0.352227
0.003208 -7.657101 27.806847 -10.716689 0.205703 0.967527 -0.146893 -0.357134 -0.065532 -0.931751 0.911121 -0.244125 -0.332057
0.049445 -7.961730 21.211943 -76.149947 0.199001 0.965851 -0.165926 -0.485417 -0.049937 -0.872856 0.851334 -0.254242 -0.458903
0.469234 -7.345274 25.782401 -85.186831 0.225284 0.965599 -0.129867 -0.491426 -0.002479 -0.870916 0.841278 -0.260024 -0.473962
0.964058 -6.470957 19.832682 -14.647631 0.276523 0.958455 -0.069990 -0.387437 0.044537 -0.920820 0.879447 -0.281745 -0.383656
-0.211514 -6.830839 -13.897710 -4.888002 0.097191 0.994215 0.045731 -0.211152 -0.024305 0.977151 -0.972609 0.104626 -0.207568
-0.302838 -6.501344 -5.273859 2.538558 0.125114 0.992117 0.007046 -0.115361 0.007494 0.993295 -0.985413 0.125088 -0.115390
-0.176759 -6.669472 -4.146357 -1.536197 0.119044 0.992666 0.021055 -0.290440 0.014537 0.956783 -0.949459 0.120015 -0.290040
-1.281426 -4.517260 -13.669138 -76.362208 -0.050015 0.998341 0.028536 -0.992228 -0.046409 -0.115452 0.113936 0.034088 -0.992903
-1.481906 -3.591812 -13.879961 -31.097038 -0.048497 0.998459 0.026965 -0.981339 -0.042601 -0.187509 0.186071 0.035555 -0.981893
-0.981264 -4.661533 -20.410948 -78.569229 0.046030 0.998770 0.018445 -0.992396 0.047830 -0.113414 0.114156 0.013085 -0.993377
-0.658965 -5.715365 -22.921171 -63.821672 0.002795 0.999889 0.014660 -0.999807 0.003079 -0.019386 0.019429 0.014603 -0.999705
-0.913964 -5.524690 -18.893235 69.502946 -0.088670 0.995710 0.026451 0.995798 0.088005 0.025337 0.022900 0.028587 -0.999329
0.960892 -5.517509 74.940933 6.993373 -0.221226 0.962190 0.158898 -0.914546 -0.261265 0.308781 -0.338620 0.077009 -0.937767
0.147649 -5.366271 17.440953 15.342063 -0.292131 0.943556 0.156079 -0.881065 -0.328997 0.339832 -0.372000 0.038241 -0.927445
0.613345 -5.426187 74.069347 27.989796 -0.198849 0.968553 0.149550 -0.889856 -0.242375 0.386536 -0.410627 0.056216 -0.910069
-0.791780 -22.387139 -23.134797 130.517436 0.268650 0.881077 0.389270 -0.441325 0.471802 -0.763306 0.856189 -0.033268 -0.515591
-0.703701 -23.293878 -3.910325 -145.358730 0.210196 0.907829 0.362854 -0.698737 0.399087 -0.593713 0.683801 0.128744 -0.718221
-1.170211 -20.036072 -22.196879 68.795847 0.247715 0.891613 0.379029 -0.571088 0.450408 -0.686288 0.782621 0.046455 -0.620762
-0.985666 -22.814614 -18.701297 261.749803 0.277932 0.869572 0.408164 -0.310417 0.483410 -0.818508 0.909063 -0.100788 -0.404285
-1.132510 -21.005995 -34.053536 301.254683 0.264116 0.868476 0.419514 -0.384850 0.493729 -0.779822 0.884383 -0.044514 -0.464635
0.387884 -17.663555 -25.504203 -23.860097 0.219955 0.975396 -0.014937 0.036682 -0.023571 -0.999049 0.974820 -0.219198 0.040964
-0.362538 -13.734901 -26.014933 -181.735030 0.236051 0.971400 -0.025746 -0.066662 -0.010245 -0.997723 0.969452 -0.237229 -0.062337
0.053911 -13.780424 -22.843334 101.461440 0.241388 0.968300 0.064242 0.075413 0.047282 -0.996031 0.967494 -0.245275 0.061609
-4.210543 -8.272783 70.603775 -44.661255 0.507515 0.854527 0.110512 0.495380 -0.394314 0.774025 -0.705001 0.338084 0.623436
-3.721607 -7.588383 83.966124 -5.426946 0.559890 0.823875 0.088046 0.456148 -0.395199 0.797337 -0.691702 0.406260 0.597077
-4.310856 -8.248883 44.876841 57.856553 0.369059 0.922333 -0.114446 0.522145 -0.103891 0.846505 -0.768870 0.372168 0.519933
-4.755378 -9.414643 20.556689 -5.099810 0.351983 0.936006 -0.000769 0.494122 -0.185116 0.849456 -0.794953 0.299374 0.527659
73.293666 -620.104510 3614.591609 41293.214803 0.171511 0.977490 0.122869 -0.880691 0.208020 -0.425572 0.441552 0.035219 -0.896544
-13.769273 -239.566635 -1108.176132 -11403.256348 0.528936 0.818068 -0.225815 0.799770 -0.391484 0.455091 0.283892 -0.421314 -0.861336
17.604749 -198.698644 130.999341 -11860.507025 0.397763 0.913972 0.080244 -0.232754 0.185120 -0.954755 0.887474 -0.361089 -0.286364
-0.790441 -72.528963 3.351701 2660.320530 0.400049 0.914412 0.061740 -0.892776 0.373584 0.251767 -0.207154 0.155839 -0.965816
-119.682318 -651.608210 754.756515 -23313.108954 -0.297348 0.923477 -0.242435 -0.629726 -0.380551 -0.677220 0.717655 0.048703 -0.694693
2.162474 -89.650302 88.702297 -1993.390467 0.098491 0.971567 0.215306 0.993588 -0.083937 -0.075749 -0.055523 0.221386 -0.973604
1.645910 -137.652773 364.849706 9914.849272 0.085692 0.916811 -0.390017 -0.313383 -0.346786 -0.884042 0.945753 -0.197980 -0.257596
-9.989436 -837.797382 -272.142618 -27219.886318 -0.141761 0.944133 -0.297518 -0.840323 0.044084 0.540291 -0.523222 -0.326604 -0.787127
6.942232 -864.321338 -251.974478 65519.558804 -0.144802 0.902631 -0.405327 0.934789 -0.009487 -0.355077 -0.324348 -0.430311 -0.842396
5.095305 -256.270598 66.486204 14173.238343 0.057645 0.997248 0.046628 0.993116 -0.052511 -0.104703 0.101966 -0.052343 0.993410
3.861726 -965.602787 448.969256 90543.585066 -0.061608 0.996016 -0.064466 0.975852 0.046548 -0.213417 0.209566 0.076057 0.974832
-0.312951 -6.060174 21.631695 38.730873 -0.144618 0.975280 0.167078 0.659606 -0.030843 0.750978 -0.737567 -0.218811 0.638840
-0.466478 -5.702818 12.244739 -17.582941 -0.102661 0.974439 0.199825 0.718989 -0.066130 0.691868 -0.687397 -0.214700 0.693822
-0.281127 -5.543129 -2.949945 60.181999 -0.157987 0.975395 0.153770 0.687182 -0.003224 0.726479 -0.709099 -0.220443 0.669764
-0.573210 -4.022257 -55.165465 -18.941499 -0.028843 0.986481 -0.161318 0.358388 0.160861 0.919609 -0.933127 0.031291 0.358183
-1.239860 -4.962616 -52.442797 -41.856661 -0.087781 0.943348 -0.319982 0.438352 0.325030 0.837976 -0.894507 0.066707 0.442050
-1.590486 -4.625073 -64.039026 -18.954481 -0.033883 0.976404 -0.213277 0.369778 0.210503 0.904960 -0.928502 0.048203 0.368185
0.539133 -32.929428 -13.943098 463.936149 0.211570 0.977344 -0.006079 0.800342 -0.176817 -0.572877 0.560973 -0.116338 0.819619
0.023020 -46.109937 15.928024 740.772217 0.112176 0.992507 -0.048435 0.916347 -0.122175 -0.381290 0.384350 0.001612 0.923186
0.790546 -42.776671 -1.341280 1507.717482 0.170367 0.985281 -0.014014 0.626326 -0.119256 -0.770386 0.760718 -0.122471 0.637424
1.010586 -26.504536 -17.784225 643.470185 0.263100 0.964414 -0.026150 0.526338 -0.166200 -0.833874 0.808546 -0.205628 0.551335
0.785152 -25.674674 -16.274431 429.938949 0.267784 0.962996 -0.030495 0.665011 -0.207640 -0.717389 0.697175 -0.171826 0.696005
-1.764987 -81.826569 20.499699 -4034.243930 0.077268 -0.140705 -0.987032 0.932637 0.360164 0.021667 0.352444 -0.922217 0.159055
-4.467655 -70.207293 -49.835289 -2391.107090 -0.030230 -0.136444 -0.990186 0.783286 0.612162 -0.108267 0.620926 -0.778872 0.088369
-3.044777 -138.094559 37.147056 -7453.901142 -0.066889 -0.297768 -0.952292 0.617360 0.737440 -0.273950 0.783832 -0.606231 0.134504
-4.269012 -60.059247 101.544576 -2855.378109 -0.024372 -0.040299 -0.998890 0.997119 0.070808 -0.027185 0.071825 -0.996676 0.038457
-2.142744 -45.817181 -55.746282 -905.797196 0.094938 -0.257823 -0.961516 0.678058 0.723924 -0.127164 0.728851 -0.639891 0.243547
-3.051447 -48.993325 58.720962 -2583.753222 0.041593 -0.141320 -0.989090 0.998909 -0.015163 0.044172 -0.021240 -0.989848 0.140535
-1.800235 -41.585425 -59.064461 -1845.414733 0.088747 -0.250151 -0.964131 0.991039 0.119187 0.060300 0.099828 -0.960843 0.258487
-2.076635 -51.412255 -63.870811 -2087.953934 0.090268 -0.283224 -0.954796 0.894174 0.445191 -0.047521 0.438526 -0.849464 0.293438
-23.174451 -42.267213 731.216816 568.608820 -0.142071 -0.121218 -0.982406 0.980742 -0.151614 -0.123123 -0.134022 -0.980979 0.140424
-50.765979 -65.875762 1628.340081 -482.980384 0.042980 -0.391255 -0.919278 0.983611 -0.144700 0.107574 -0.175109 -0.908835 0.378623
-22.430613 -77.015311 848.564069 3026.900469 -0.276584 -0.128889 -0.952307 0.889990 -0.408181 -0.203240 -0.362518 -0.903757 0.227606
8.224199 -9.545123 -386.581882 -322.558526 0.191122 0.931585 0.309228 -0.149462 0.338982 -0.928845 0.970120 -0.131305 -0.204023
17.294511 -56.845048 -1072.185744 -3353.221687 0.121257 0.990757 0.060799 0.051476 0.054892 -0.997165 0.991285 -0.124043 0.044345
6.719344 -9.896561 -1212.656345 -227.608774 0.458315 0.880003 0.124670 -0.166919 0.222997 -0.960422 0.872975 -0.419366 -0.249092
8.039375 -17.375486 -1079.549544 -693.002666 0.250309 0.961650 -0.112135 -0.228166 -0.053967 -0.972125 0.940896 -0.268918 -0.205907
-2.410916 -10.502567 -620.905879 -220.942078 0.271757 0.961119 -0.048980 -0.272774 0.028119 -0.961667 0.922899 -0.274701 -0.269809
-1.712130 -5.404338 -32.728747 107.474198 0.100092 0.891493 0.441839 0.165975 0.422887 -0.890853 0.981037 -0.162502 0.105638
-1.071213 -5.315607 -27.295993 80.181266 0.135718 0.902487 0.408775 0.176175 0.384034 -0.906356 0.974958 -0.195025 0.106875
-1.617371 -3.969638 -24.332186 78.760190 0.096156 0.891148 0.443407 0.099757 0.434601 -0.895081 0.990355 -0.130300 0.047109
-2.521459 -3.990341 -47.711690 110.985967 0.067410 0.922888 0.379123 0.089617 0.372851 -0.923553 0.993692 -0.096232 0.057572
-1.656879 -2.564893 21.422723 38.265315 0.076169 0.994088 -0.077374 0.008968 -0.078279 -0.996891 0.997055 -0.075239 0.014878
-1.516774 -2.877368 -5.361816 40.892480 0.100437 0.956000 0.275638 0.036977 0.273261 -0.961229 0.994256 -0.106735 0.007905
-3.146496 -19.047598 -2.536326 -495.702985 -0.072283 0.987189 0.142246 -0.147151 -0.151614 0.977425 -0.986469 -0.049719 -0.156225
-3.344149 -25.386885 -7.695796 -697.009236 -0.027321 0.988944 0.145752 0.046242 -0.144400 0.988438 -0.998557 -0.033745 0.041786
-3.586636 -16.840090 -2.897494 -490.095603 -0.019096 0.986365 0.163460 -0.208061 -0.163831 0.964298 -0.977930 0.015595 -0.208352
-0.159360 -8.155725 -0.607190 10.492351 0.104511 0.992702 0.060175 0.558684 -0.008545 -0.829337 0.822770 -0.120294 0.555499
-0.226917 -8.039297 6.267406 12.040486 0.120698 0.992177 0.031897 0.559902 -0.041508 -0.827519 0.819721 -0.117739 0.560531
-0.363537 -7.879100 0.375777 15.096940 0.105018 0.992908 0.055722 0.392942 0.010042 -0.919508 0.913547 -0.118460 0.389101
2.116057 -11.588350 10.717774 -107.248887 0.019174 0.989558 -0.142856 0.830861 -0.095249 -0.548268 0.556150 0.108181 0.824011
1.777969 -12.587960 12.851511 -148.770257 0.032407 0.976337 -0.213815 0.817226 -0.149044 -0.556712 0.575406 0.156693 0.802717
1.463635 -13.526133 6.755383 -310.430616 0.063898 0.981073 -0.182793 0.759578 -0.166614 -0.628714 0.647270 0.098672 0.755848
1.853366 -12.174934 5.343511 -252.120762 0.049018 0.992800 -0.109300 0.774375 -0.106891 -0.623632 0.630825 0.054070 0.774039
2.347391 -11.115070 0.448059 -71.053738 0.021897 0.997184 -0.071726 0.838481 -0.057390 -0.541900 0.544490 0.048275 0.837377
-0.683322 -19.799491 9.083621 -226.385334 0.078216 0.972530 -0.219245 -0.535504 -0.144513 -0.832076 0.840903 -0.182488 -0.509490
-0.887150 -20.001075 0.319608 -242.252179 0.124470 0.971472 -0.201864 -0.527879 -0.107430 -0.842498 0.840150 -0.211425 -0.499448
-0.270579 -20.654837 16.231974 -84.873408 0.082038 0.974738 -0.207740 -0.790415 -0.063330 -0.609289 0.607053 -0.214186 -0.765252
0.331020 -20.813021 34.043958 -95.558812 0.036333 0.974263 -0.222469 -0.787936 -0.109001 -0.606033 0.614685 -0.197310 -0.763696
-0.173737 -19.531720 22.853499 -214.234068 0.031483 0.968987 -0.245096 -0.535740 -0.190656 -0.822577 0.843796 -0.157205 -0.513122
0.730567 -16.458305 -37.832484 42.374580 -0.111784 0.990036 0.085633 0.598263 0.135854 -0.789700 0.793465 0.037044 0.607488
0.871497 -16.023856 -27.787878 -16.051379 -0.113792 0.990516 0.077000 0.453906 0.120774 -0.882827 0.883754 0.065508 0.463345
0.141050 -15.345288 4.604757 -57.875668 -0.102438 0.993015 0.058554 0.620076 0.109772 -0.776824 0.777825 0.043269 0.626990
1.368302 -18.972371 -65.849109 -1.082900 -0.100184 0.989936 0.099947 0.449265 0.134637 -0.883195 0.887764 0.043580 0.458232
-0.029231 -15.102563 11.915422 11.368702 -0.116282 0.991408 0.059910 0.731102 0.126268 -0.670482 0.672286 0.034164 0.739503
0.434464 -16.383036 -32.964461 5.941256 -0.121427 0.988182 0.093551 0.714258 0.152435 -0.683080 0.689268 0.016124 0.724327
1.240764 -22.028744 -78.616452 -33.786663 -0.114719 0.985042 0.128575 0.659358 0.172312 -0.731817 0.743026 -0.000823 0.669262
-1.819845 -12.812351 -21.882351 -52.184218 0.116953 0.992209 -0.042943 0.989419 -0.120144 -0.081332 0.085857 0.032977 0.995762
-1.742672 -12.367274 -17.659965 -49.498423 0.105758 0.993548 -0.040949 0.989385 -0.101009 0.104476 -0.099666 0.051564 0.993684
-1.196104 -13.325012 -20.595313 -50.392111 0.104601 0.994510 -0.002991 0.991616 -0.104525 -0.075977 0.075872 -0.004981 0.997105
-1.639385 -13.591151 -20.536429 -19.399540 0.123099 0.991695 -0.037259 0.949915 -0.128614 -0.284814 0.287241 0.000333 0.957858
-2.062226 -13.209256 -14.664278 -18.818798 0.122425 0.987554 -0.098735 0.958588 -0.143433 -0.246041 0.257141 0.064525 0.964217
-0.088371 -4.902324 2.423071 86.161589 -0.350281 0.919952 -0.176044 -0.642948 -0.372837 -0.669037 0.681118 0.121164 -0.722079
-0.201128 -4.936875 10.088181 95.445909 -0.285823 0.953667 -0.093943 -0.697464 -0.274255 -0.662064 0.657152 0.123711 -0.743536
0.663467 -3.552762 -0.776339 58.343742 -0.397572 0.883688 -0.247047 -0.657339 -0.462148 -0.595251 0.640189 0.074261 -0.764620
5.933076 -119.609125 73.381926 -4352.006213 -0.399391 0.882282 0.249127 -0.194326 -0.347038 0.917498 -0.895949 -0.318028 -0.310054
-75.997954 -1742.741662 991.551580 -127000.271397 -0.481407 0.760752 0.435320 -0.479354 -0.644316 0.595883 -0.733803 -0.078190 -0.674848
-3.059591 -377.806734 137.993763 -18176.836518 -0.301731 0.861246 0.408917 -0.552732 -0.507493 0.661013 -0.776817 0.026574 -0.629165
6.651236 -59.742352 -127.141937 1974.888568 -0.292204 0.870377 0.396310 -0.205769 -0.461908 0.862728 -0.933957 -0.170545 -0.314068
9.895556 -48.665621 -239.257730 1513.037600 -0.227480 0.873660 0.430083 -0.326816 -0.484542 0.811425 -0.917303 -0.044025 -0.395750
8.632891 -70.360558 -189.786220 2330.367283 -0.151405 0.919120 0.363725 -0.587091 -0.379649 0.714976 -0.795236 0.105289 -0.597088
-2.080861 -13.383248 124.290022 82.432792 -0.129926 0.888143 0.440818 -0.243326 0.402431 -0.882520 0.961203 0.221925 -0.163823
-2.619348 -12.735406 58.371516 -6.703744 -0.085526 0.928245 0.362003 -0.180807 0.342842 -0.921829 0.979793 0.144293 -0.138511
-5.992598 -15.306049 19.184886 -17.015138 -0.157226 0.967573 0.197691 -0.314590 0.140682 -0.938745 0.936116 0.209786 -0.282270
-6.024931 -14.115522 245.165985 49.856372 -0.071316 0.846020 0.528360 -0.415077 0.456494 -0.786972 0.906987 0.275433 -0.318608
-2.497362 -17.661233 144.528711 -141.890899 -0.015217 0.762763 0.646499 -0.394926 0.589418 -0.704713 0.918587 0.266043 -0.292266
0.957323 -6.707748 -43.613609 -26.446261 0.267615 0.938385 0.218669 0.864339 -0.133511 -0.484864 0.425794 -0.318761 0.846812
0.610932 -6.551367 -36.228779 -33.752196 0.275219 0.936316 0.218097 0.901095 -0.172165 -0.397979 0.335085 -0.306057 0.891093
1.291062 -6.297244 -38.536321 -35.022059 0.258503 0.946499 0.193172 0.904915 -0.167277 -0.391339 0.338089 -0.275966 0.899743
4.360000 -7.065788 -74.694339 -10.294315 0.041667 0.998158 -0.044096 0.768823 -0.060218 -0.636621 0.638103 0.007376 0.769915
2.215398 -7.399449 -192.540389 -20.389775 0.107438 0.993444 0.039073 0.784825 -0.060620 -0.616745 0.610333 -0.096927 0.786193
3.876683 -7.130193 -95.065222 -27.499511 0.088378 0.995754 -0.025761 0.851429 -0.088941 -0.516874 0.516971 -0.023747 0.855674
4.264650 -6.748315 73.718908 -9.869073 0.001452 0.986931 -0.161136 0.837196 -0.089326 -0.539558 0.546900 0.134119 0.826385
3.036328 -7.045701 -176.135205 -15.318317 0.122487 0.992317 0.017458 0.905136 -0.104476 -0.412085 0.407095 -0.066277 0.910978
4.372179 -6.957943 -27.887451 -2.841438 0.079364 0.993527 -0.081276 0.895055 -0.106916 -0.432950 0.438837 0.038386 0.897746
-1.141658 -9.615198 4.487174 116.186316 0.351005 0.726115 0.591229 -0.602149 0.658571 -0.451332 0.717085 0.197589 -0.668392
-2.014424 -9.452716 75.929964 96.606582 0.334629 0.723382 0.603939 -0.598547 0.658162 -0.456688 0.727850 0.208664 -0.653218
-1.360619 -7.447808 18.469982 120.840788 0.341503 0.720135 0.603971 -0.712494 0.617445 -0.333336 0.612966 0.316490 -0.723952
-2.123899 -6.224576 9.882192 36.375706 -0.221510 0.962329 0.157656 0.864119 0.268629 -0.425602 0.451920 -0.041959 0.891071
-1.968631 -6.118128 -9.389934 39.490023 -0.132803 0.987422 0.085799 0.883180 0.157182 -0.441913 0.449841 -0.017088 0.892945
-2.388178 -6.718527 -11.707000 27.928121 -0.226370 0.960857 0.159717 0.907091 0.267700 -0.324843 0.354884 -0.071343 0.932184
-7.963903 -13.251669 -29.213451 203.337113 0.417756 0.875975 0.241138 -0.865966 0.464202 -0.186063 0.274924 0.131088 -0.952488
-3.451333 -11.209596 -200.556504 121.346912 0.265557 0.964059 0.008317 -0.945981 0.262222 -0.190683 0.186011 -0.042769 -0.981616
-2.885490 -11.277907 -167.243464 347.565428 0.325412 0.945543 0.007475 -0.945012 0.324937 0.036992 -0.032549 0.019102 -0.999288
-6.743467 -9.674118 -14.744098 8.957294 0.354740 0.917973 -0.177441 0.157930 0.128225 0.979090 -0.921530 0.375346 0.099489
-7.166530 -9.390457 -29.505953 -16.219710 0.449305 0.866386 -0.217947 0.005010 0.241511 0.970385 -0.893365 0.437090 -0.104172
-7.850543 -9.227938 -36.964436 -17.704896 0.573747 0.790254 -0.215203 -0.009744 0.269321 0.963001 -0.818974 0.550423 -0.162222
2.145180 -11.295125 25.362377 -232.406820 0.877437 0.371476 0.303495 -0.441640 0.378638 0.813380 -0.187237 0.847726 -0.496290
-0.704757 -7.508911 3.244082 -0.473342 0.086186 0.996268 -0.004767 -0.125805 0.015629 0.991932 -0.988304 0.084891 -0.126683
-0.520657 -7.661670 2.742909 -9.704322 0.081424 0.996585 0.013762 0.054297 -0.018223 0.998359 -0.995199 0.080543 0.055595
-0.713679 -12.200159 -18.443676 -21.043768 0.068870 0.960497 -0.269633 -0.943857 0.150266 0.294201 -0.323096 -0.234233 -0.916921
-0.585899 -12.275085 -10.569454 8.312595 0.046682 0.965401 -0.256559 -0.841553 0.176379 0.510567 -0.538153 -0.192074 -0.820670
-0.859443 -11.971946 -14.794287 20.268264 0.055139 0.966138 -0.252066 -0.826076 0.185944 0.531999 -0.560854 -0.178892 -0.808356
-2.264048 -20.534962 -69.524664 421.097388 0.346539 0.821115 -0.453521 0.838042 -0.053801 0.542946 0.421422 -0.568221 -0.706773
-3.722328 -21.772060 14.958282 407.041270 0.342174 0.867281 -0.361582 0.841361 -0.111460 0.528856 0.418364 -0.485181 -0.767835
-0.243574 -8.294364 11.777682 -60.721647 0.190269 0.962237 -0.194676 -0.481029 -0.081487 -0.872910 0.855809 -0.259732 -0.447359
-0.296818 -7.825028 15.937752 -3.764693 0.210973 0.961674 -0.175138 -0.341798 -0.095283 -0.934931 0.915786 -0.257107 -0.308596
-1.716195 -3.044660 -9.931590 9.278254 -0.054140 0.996776 0.059217 -0.977273 -0.040722 -0.208036 0.204954 0.069134 -0.976327
-1.501083 -3.742455 -20.602873 46.198025 0.000646 0.999326 0.036707 -0.973928 0.008956 -0.226681 0.226857 0.035604 -0.973277
-1.141442 -3.918213 -25.347453 -53.491773 0.077079 0.996876 0.017218 -0.981320 0.078907 -0.175455 0.176265 0.003372 -0.984337
-1.292896 -3.342862 -26.573995 27.948792 -0.032360 0.999431 -0.009509 -0.977065 -0.033636 -0.210266 0.210467 -0.002487 -0.977598
0.852057 -5.614896 51.810180 1.443330 -0.279172 0.944266 0.174429 -0.919804 -0.315126 0.233788 -0.275725 0.095174 -0.956513
-0.226904 -5.091103 13.060993 29.340522 -0.331584 0.928085 0.169444 -0.859678 -0.371214 0.350933 -0.388596 0.029303 -0.920942
-0.552547 -4.806745 -8.545603 34.559946 -0.300460 0.942293 0.147676 -0.835619 -0.334707 0.435559 -0.459853 -0.007467 -0.887964
0.259720 -5.316666 -2.118155 -25.481146 -0.145330 0.984686 0.096290 0.853816 0.075650 0.515049 -0.499877 -0.157066 0.851735
0.558755 -5.094346 -5.234757 3.115221 -0.201292 0.976962 0.070897 0.795299 0.120751 0.594070 -0.571823 -0.175965 0.801283
0.599685 -5.619091 -22.330740 -34.559151 -0.123597 0.985516 0.116109 0.848023 0.044133 0.528119 -0.515345 -0.163737 0.841195
0.399337 -4.920157 17.472875 -22.037838 -0.173285 0.981414 0.082453 0.846039 0.105478 0.522583 -0.504174 -0.160314 0.848592
0.294206 -6.153798 -21.360502 -49.556977 -0.083513 0.986680 0.139599 0.894710 0.012561 0.446470 -0.438770 -0.162187 0.883842
0.178059 -5.771888 2.882317 -50.557704 -0.096032 0.987494 0.125033 0.893883 0.030296 0.447275 -0.437894 -0.154717 0.885614
-0.192159 -21.978946 -31.033931 10.822408 0.263875 0.884863 0.383912 -0.518836 0.465744 -0.716862 0.813129 0.010026 -0.581997
-0.032894 -21.954738 -41.262292 -127.109726 0.236953 0.910774 0.338149 -0.712413 0.399542 -0.576918 0.660546 0.104199 -0.743519
-0.039644 -22.190337 -14.974162 -79.177268 0.208065 0.917160 0.339892 -0.838805 0.346051 -0.420303 0.503105 0.197653 -0.841320
-0.645670 -25.056175 -16.718484 -175.988367 0.189598 0.925214 0.328681 -0.897117 0.299287 -0.324974 0.399040 0.233251 -0.886770
-2.819296 -8.844037 99.947296 -115.485104 0.666713 0.686138 0.291046 0.394000 -0.655941 0.643821 -0.632659 0.314571 0.707663
-2.372392 -6.118882 72.302825 -69.465828 0.669524 0.704842 0.234384 0.345825 -0.575049 0.741433 -0.657376 0.415351 0.628761
-2.988043 -6.262190 49.546846 49.868098 0.574387 0.816665 0.056025 0.441818 -0.366906 0.818643 -0.689113 0.445465 0.571563
-12.840484 -168.489394 -695.693702 -442.944177 -0.932851 0.061810 0.354922 -0.056944 0.947490 -0.314674 -0.355735 -0.313754 -0.880347
27.902518 -359.578019 -1929.114182 6557.960646 0.693073 0.116581 -0.711378 0.719805 -0.058350 0.691720 0.039132 -0.991466 -0.124357
7.977202 -47.561927 -1444.206457 2131.004435 -0.879158 -0.444637 0.171403 -0.431345 0.895413 0.110348 -0.202542 0.023079 -0.979002
3.538381 -657.360742 761.358874 -40356.877722 -0.070845 0.993439 -0.089782 0.379896 0.110097 0.918454 -0.922312 -0.030960 0.385203
-81.955590 -8459.890121 -2859.119504 305212.798354 -0.250606 0.968086 0.002565 0.875926 0.225619 0.426439 -0.412251 -0.109115 0.904513
19.426971 -13832.779175 -3166.325846 -1004170.568207 -0.148797 0.973665 -0.172731 -0.446276 0.089756 0.890383 -0.882438 -0.209572 -0.421167
-0.434420 -4.393587 -37.708748 -43.954984 -0.066128 0.963763 -0.258435 0.420004 0.261824 0.868933 -0.905110 0.051083 0.422098
-1.008693 -5.499931 -36.798406 -48.752369 -0.110774 0.928427 -0.354616 0.508695 0.359496 0.782299 -0.853791 0.093733 0.512109
0.349900 -3.466795 -40.351443 -21.205885 -0.004182 0.994012 -0.109195 0.352287 0.103660 0.930134 -0.935883 0.034578 0.350610
0.207511 -3.897018 -24.806588 -44.786516 -0.024346 0.983712 -0.178097 0.409509 0.172330 0.895882 -0.911981 0.051121 0.407035
-0.471767 -5.035267 -19.292099 -52.489586 -0.080443 0.952577 -0.293474 0.487939 0.294371 0.821743 -0.869163 0.077094 0.488480
0.284896 -28.453055 -8.095197 -186.088242 0.043556 0.998591 -0.030319 0.951011 -0.032145 0.307481 -0.306073 0.042227 0.951071
0.228447 -25.999525 -0.752262 -390.446300 0.006071 0.998979 -0.044775 0.843215 0.018955 0.537243 -0.537543 0.041016 0.842238
0.088647 -38.768057 -6.571934 -804.486099 0.061446 0.997427 -0.036936 0.942913 -0.045873 0.329864 -0.327321 0.055097 0.943306
0.125826 -23.441146 -0.814205 -87.093940 0.011455 0.999405 -0.032548 0.863561 0.006522 0.504203 -0.504115 0.033883 0.862972
0.293766 -34.175226 -10.303624 -282.355514 0.104489 0.994290 -0.021648 0.993056 -0.103127 0.056610 -0.054054 0.027413 0.998162
0.421220 -25.621843 -4.577506 -94.120901 0.104886 0.994459 -0.007157 0.991607 -0.104032 0.076767 -0.075597 0.015149 0.997023
0.274824 -23.424114 -3.458392 -9.116993 0.052145 0.998563 -0.012400 0.955361 -0.046265 0.291795 -0.290802 0.027062 0.956400
-35.994293 -75.422380 -965.275323 -2287.135753 0.255649 -0.013812 -0.966671 0.962709 0.095179 0.253242 0.088509 -0.995364 0.037629
8.787003 -343.934598 338.519168 -16734.551411 -0.155550 -0.286344 -0.945416 0.725655 0.616250 -0.306040 0.670246 -0.733650 0.111929
-31.214259 -62.351276 927.617532 -2265.834488 0.361857 -0.252502 -0.897386 0.931496 0.136220 0.337282 0.037078 -0.957960 0.284497
12.421338 -29.653680 441.927304 -2142.332576 -0.168943 0.946978 0.273298 0.032469 0.282481 -0.958723 0.985091 0.153095 0.078471
7.736466 -165.462819 373.390700 -8141.591258 -0.323257 0.946158 -0.017049 0.107669 0.018874 -0.994008 0.940166 0.323155 0.107973
6.192503 -13.380715 -217.513444 70.118865 -0.200371 0.956456 0.212235 0.822425 0.046483 0.566972 -0.532418 -0.288152 0.795927
4.463362 -11.801788 -249.053914 36.565744 -0.234909 0.939825 0.248087 0.824962 0.057787 0.562227 -0.514058 -0.336735 0.788894
4.098312 -12.371407 -181.651009 46.924511 -0.264720 0.943763 0.198078 0.732455 0.063176 0.677877 -0.627242 -0.324531 0.707988
-1.065679 -6.587983 -36.306912 83.450172 0.145834 0.909844 0.388480 0.266837 0.341950 -0.901038 0.952644 -0.235063 0.192912
-0.403086 -6.408944 -35.982798 60.793961 0.165108 0.920766 0.353455 0.278436 0.300280 -0.912308 0.946157 -0.249043 0.206796
-0.426238 -5.343284 -31.412993 54.870796 0.162501 0.928764 0.333152 0.164672 0.307377 -0.937231 0.972870 -0.207162 0.102992
0.334048 -7.026228 -25.764179 -16.037367 0.271109 0.936544 0.222226 0.853582 -0.127221 -0.505186 0.444857 -0.326649 0.833908
-0.099951 -7.453492 -6.465874 5.013984 0.249316 0.945077 0.211356 0.783446 -0.068542 -0.617668 0.569257 -0.319580 0.757506
-0.098710 -7.187251 -0.386724 -17.065452 0.260153 0.945848 0.194143 0.851474 -0.129914 -0.508049 0.455316 -0.297478 0.839163
-0.032746 -6.686084 0.189623 -45.102746 0.259697 0.945079 0.198452 0.908080 -0.169074 -0.383151 0.328555 -0.279713 0.902116
0.219975 -6.520990 -18.986102 -48.166701 0.277249 0.936974 0.212633 0.912007 -0.187016 -0.365060 0.302286 -0.295135 0.906377
-1.129978 -11.300607 -9.506870 -9.924493 0.077393 0.985923 -0.148209 -0.763785 -0.036916 -0.644414 0.640814 -0.163073 -0.750177
-1.028102 -11.748053 -12.321230 -16.073147 0.095109 0.982542 -0.159890 -0.779516 -0.026385 -0.625827 0.619120 -0.184158 -0.763398
-0.965737 -11.164853 -4.169746 22.923602 0.050471 0.987855 -0.146954 -0.904690 -0.017110 -0.425726 0.423070 -0.154435 -0.892839
-1.134166 -11.118827 -10.273028 -35.675692 0.112494 0.983964 -0.138417 -0.588225 -0.046325 -0.807370 0.800835 -0.172245 -0.573581
-1.182799 -10.650173 -3.262674 -43.428546 0.088835 0.988858 -0.119451 -0.563637 -0.048971 -0.824570 0.821232 -0.140577 -0.553006
1.451396 -14.019183 13.806799 -196.482894 0.050994 0.959611 -0.276670 0.798011 -0.205720 -0.566442 0.600481 0.191901 0.776271
1.921480 -12.788671 10.350704 79.932683 0.013692 0.970033 -0.242589 0.860226 -0.135105 -0.491689 0.509729 0.201949 0.836297
1.167397 -14.917224 4.046215 -321.824862 0.083307 0.965643 -0.246159 0.726586 -0.227914 -0.648173 0.682007 0.124859 0.720609
1.465800 -13.658796 18.339325 -37.459646 0.031573 0.953221 -0.300621 0.859195 -0.179556 -0.479106 0.510673 0.243165 0.824672
1.085896 -15.677619 8.147014 -257.292848 0.081787 0.952820 -0.292310 0.680210 -0.267729 -0.682375 0.728440 0.143022 0.670014
1.205244 -15.283213 22.046531 -214.160931 0.052531 0.944088 -0.325482 0.773999 -0.244440 -0.584102 0.631005 0.221239 0.743563
-0.926161 -20.235577 -2.567949 -261.365232 0.157551 0.968740 -0.191625 -0.516944 -0.084429 -0.851846 0.841396 -0.233268 -0.487482
-1.190010 -16.736886 -11.446504 -190.145226 0.169400 0.969487 -0.177197 -0.265027 -0.128360 -0.955659 0.949244 -0.208851 -0.235196
-0.943453 -17.174117 -10.623160 -214.403748 0.200125 0.965084 -0.169004 -0.259018 -0.114244 -0.959092 0.944913 -0.235713 -0.227111
-1.453160 -13.925028 -15.731942 -84.677691 0.174878 0.972079 -0.156459 -0.023784 -0.154690 -0.987677 0.984303 -0.176444 0.003932
-1.139258 -14.188709 -15.682790 -99.253144 0.208550 0.968179 -0.138333 -0.018308 -0.137554 -0.990325 0.977840 -0.209065 0.010961
39.876355 -26.954122 2865.214772 1023.007629 -0.332561 0.926789 0.174544 0.186803 0.246146 -0.951061 0.924396 0.283680 0.254986
-4.019506 -32.904027 106.339987 -1230.322201 0.195055 0.036552 -0.980111 -0.104488 0.994393 0.016291 0.975211 0.099232 0.197780
-2.647048 -37.574366 69.374090 -1682.693357 0.149872 0.240057 -0.959120 -0.184834 0.959777 0.211339 0.971275 0.145604 0.188215
15.642412 -550.513114 -577.851646 -36255.990184 0.027938 0.398772 -0.916624 -0.513126 0.792670 0.329206 0.857859 0.461146 0.226766
98.946506 -43.501246 6780.038549 1755.674828 -0.279561 0.959989 -0.016329 0.236752 0.052444 -0.970154 0.930480 0.275083 0.241941
0.607744 -19.183848 347.190917 -331.347777 -0.279691 0.736906 0.615421 0.165018 0.668362 -0.725301 0.945802 0.101305 0.308538
1.407230 -17.256908 -59.318450 -14.280643 -0.106236 0.991431 0.076020 0.309958 0.105663 -0.944861 0.944796 0.076815 0.318527
-1.151699 -12.424621 -22.175924 -56.109476 0.078546 0.996910 0.000816 0.989403 -0.078055 0.122427 -0.122113 0.008809 0.992477
-1.654199 -11.736240 -16.541820 -18.604116 0.083509 0.995907 -0.034583 0.964558 -0.072065 0.253841 -0.250310 0.054555 0.966627
240.033877 -5.654662 59875.660424 224.145983 -0.119755 0.915950 -0.383007 -0.233466 0.348983 0.907582 -0.964962 -0.198107 -0.172051
432.665640 -9.248569 131539.411592 796.015429 -0.097765 0.907948 -0.407520 -0.224991 0.378716 0.897749 -0.969444 -0.179457 -0.167255
506.250670 -8.058742 171563.913244 11.392837 -0.405705 0.819294 -0.405167 -0.276215 0.312660 0.908817 -0.871268 -0.480625 -0.099454
-0.654134 -14.144536 -25.626038 147.683176 -0.144078 0.988907 -0.036107 -0.531831 -0.046611 0.845567 -0.834505 -0.141030 -0.532647
-0.741387 -12.832703 27.000704 156.554538 -0.125060 0.991761 0.027738 -0.548397 -0.092396 0.831098 -0.826814 -0.088726 -0.555434
-1.008275 -17.092803 7.011788 276.440442 -0.089362 0.994127 -0.061041 -0.693147 -0.018063 0.720570 -0.715235 -0.106702 -0.690691
1.493862 -2.944307 6.711813 34.325609 -0.448884 0.830641 -0.329452 -0.623676 -0.555260 -0.550196 0.639946 0.041503 -0.767298
1.971035 -2.776880 23.014815 13.883036 -0.424638 0.835091 -0.349722 -0.633979 -0.550036 -0.543628 0.646338 0.009129 -0.762996
1.857481 -3.152492 40.469217 25.669221 -0.456471 0.820702 -0.343631 -0.589683 -0.568268 -0.573887 0.666264 0.059329 -0.743352
2.319601 -58.987586 -38.458677 794.248333 -0.422316 0.847355 0.321929 -0.361888 -0.483235 0.797196 -0.831075 -0.220166 -0.510726
1.894796 -53.924112 -8.701003 645.912645 -0.407432 0.855258 0.320208 -0.703247 -0.517520 0.487459 -0.582617 0.026579 -0.812312
2.473655 -7.475694 -168.070922 21.992275 0.083835 0.995782 0.037273 0.668467 -0.028459 -0.743197 0.739002 -0.087222 0.668033
-3.338199 -9.395124 102.621786 104.336152 0.395535 0.695084 0.600342 -0.595365 0.691758 -0.408670 0.699351 0.195779 -0.687443
-3.271162 -10.003369 116.897370 38.059547 0.349220 0.722539 0.596643 -0.489197 0.683652 -0.541577 0.799207 0.102746 -0.592209
-4.326809 -10.087631 -117.495609 70.546455 -0.431589 -0.688055 -0.583362 -0.509071 0.719650 -0.472176 0.744700 0.093186 -0.660862
-4.667117 -10.052228 -125.182895 -24.254891 -0.421116 -0.699504 -0.577369 -0.407803 0.714618 -0.568347 0.810159 -0.003887 -0.586197
-3.845758 -9.641858 117.949271 -79.413345 0.346059 0.753488 0.559017 -0.343105 0.656196 -0.672075 0.873225 -0.040776 -0.485608
-22.716854 -47.728097 779.457194 1165.452342 0.686071 -0.227280 -0.691122 -0.669112 -0.570093 -0.476743 0.285650 -0.789518 0.543200
-39.827245 -62.653956 945.102103 470.413304 0.351548 -0.558468 -0.751350 0.935989 0.225467 0.270352 0.018422 -0.798297 0.601983
-29.017789 -97.786674 992.988264 -3379.331367 0.548110 -0.204657 -0.810982 0.835603 0.176482 0.520214 0.036658 -0.962793 0.267743
3.300239 -4.821759 224.878963 42.464231 -0.056941 0.991295 -0.118712 -0.264091 0.099715 0.959330 -0.962816 -0.085976 -0.256114
3.824689 -6.184681 281.634482 82.892076 -0.030998 0.980375 -0.194688 -0.359331 0.170828 0.917442 -0.932695 -0.098396 -0.346984
1.640284 -5.944575 161.319570 56.186074 -0.035156 0.991056 -0.128733 -0.319320 0.110921 0.941133 -0.946995 -0.074193 -0.312564
-9.415030 -11.875038 97.840253 55.134108 0.085690 0.949618 0.301468 -0.919678 0.191771 -0.342662 0.383210 0.247890 -0.889775
-7.515098 -11.047524 5.064734 -118.048193 -0.259772 0.933743 0.246257 0.929685 0.172857 0.325278 0.261159 0.313439 -0.912991
-6.378820 -9.679817 -11.271802 21.065077 0.252489 0.958200 -0.134543 0.317089 0.049432 0.947107 -0.914168 0.281796 0.291354
-6.351953 -9.340942 -15.839371 18.713538 0.270892 0.955432 -0.117332 0.450906 -0.018256 0.892385 -0.850471 0.294646 0.435755
-9.859987 -15.251343 675.202350 715.378495 0.342859 0.939274 0.014584 -0.651117 0.226427 0.724415 -0.677122 0.257868 -0.689210
-8.661339 -27.081670 321.231489 1621.869075 0.106808 0.993921 -0.026701 -0.516241 0.078387 0.852849 -0.849757 0.077307 -0.521475
-11.661883 -92.535244 253.459983 5581.384291 0.216685 0.957336 -0.191194 -0.068609 0.210297 0.975227 -0.973828 0.198199 -0.111250
1.378339 -12.056860 62.917592 -168.523844 0.853743 0.357940 0.378156 -0.487326 0.293469 0.822429 -0.183403 0.886428 -0.424980
1.097261 -12.942220 -34.164869 -100.548540 0.844510 0.444492 0.298713 -0.389687 0.127432 0.912088 -0.367350 0.886673 -0.280830
0.095371 -12.681307 97.495936 -109.640409 0.839479 0.342066 0.422216 -0.507540 0.216025 0.834108 -0.194110 0.914508 -0.354961
0.253186 -13.290755 40.260845 10.586518 0.831409 0.377514 0.407728 -0.439696 -0.001673 0.898145 -0.339744 0.926002 -0.164600
-0.559415 -7.604281 2.676566 2.888339 0.067331 0.997675 -0.010558 0.082317 0.004992 0.996594 -0.994329 0.067971 0.081789
-0.332834 -7.848979 -1.469471 -7.679412 0.060553 0.998165 -0.000731 0.256036 -0.014825 0.966553 -0.964769 0.058715 0.256464
-0.220981 -7.961782 1.534948 -16.876437 0.078213 0.996371 0.033586 0.231917 -0.050949 0.971400 -0.969586 0.068187 0.235060
0.312539 -6.559934 -18.509937 39.883858 0.369188 0.923890 -0.100631 -0.393856 0.057464 -0.917374 0.841770 -0.378318 -0.385095
0.115595 -7.192619 -13.872040 53.387295 0.353800 0.928407 -0.113520 -0.297579 -0.003332 -0.954692 0.886720 -0.371550 -0.275095
0.733277 -6.685101 -32.994932 56.964378 0.382554 0.921027 -0.073220 -0.379609 0.084432 -0.921286 0.842348 -0.380237 -0.381930
-0.133171 -7.091161 0.719053 35.445370 0.332834 0.931414 -0.147272 -0.340777 -0.026818 -0.939762 0.879257 -0.362972 -0.308478
0.611201 -6.207853 -27.532465 20.659820 0.388008 0.917901 -0.083113 -0.474369 0.121574 -0.871891 0.790205 -0.377727 -0.482596
0.198106 -6.339235 -3.232047 29.088901 0.350142 0.929052 -0.119425 -0.440496 0.050797 -0.896316 0.826658 -0.366445 -0.427030
-0.538618 -23.117812 -156.681996 227.298280 0.345636 0.780964 -0.520222 0.930411 -0.213171 0.298150 0.121948 -0.587071 -0.800297
-0.156377 -9.594227 3.296369 -114.823946 0.173783 0.959450 -0.221936 -0.620982 -0.068147 -0.780857 0.764317 -0.273518 -0.583958
0.036064 -9.221774 10.916742 -123.056095 0.182709 0.962606 -0.200016 -0.624619 -0.043458 -0.779719 0.759255 -0.267396 -0.593322
5.535198 -8.135802 11.053487 -25.505806 0.213234 0.906957 0.363264 0.915850 -0.315034 0.248943 -0.340221 -0.279612 0.897812
4.482046 -7.714893 41.879725 1.424923 0.225052 0.928973 0.293873 0.867525 -0.328354 0.373610 -0.443567 -0.170861 0.879804
5.689345 -7.856868 75.645706 -21.545249 0.183523 0.945500 0.268978 0.937660 -0.250530 0.240890 -0.295149 -0.208001 0.932536
6.493805 -8.180936 -30.207531 -26.257920 -0.188433 -0.918475 -0.347701 0.968166 -0.233128 0.091135 -0.164764 -0.319459 0.933166
6.099284 -8.147291 -81.900903 -25.604960 -0.167709 -0.950617 -0.261155 0.979134 -0.191456 0.068126 -0.114762 -0.244280 0.962890
4.669883 -7.867106 92.727229 -18.325709 0.165652 0.970009 0.177884 0.954098 -0.203271 0.219951 -0.249513 -0.133283 0.959155
-1.697745 -3.354243 -8.960434 70.568601 0.065786 0.993903 0.088480 -0.970215 0.084431 -0.227055 0.233141 0.070908 -0.969854
