13708
27399
-6.968637 -10.079956 58.058912 -113.606645 -0.226214 0.960245 0.163573 0.967404 0.201849 0.152928 0.113831 0.192836 -0.974606
-7.553402 -10.742877 -54.378180 -286.764054 0.464575 0.879230 0.105469 0.885230 -0.464228 -0.029324 0.023179 0.106988 -0.993990
-6.450804 -8.693265 69.635913 -117.030548 -0.385330 0.910773 0.148366 0.922776 0.380686 0.059683 -0.002123 0.159906 -0.987130
-5.727528 -7.161291 43.111800 128.137508 -0.389092 0.913196 0.121162 -0.914860 -0.398461 0.065265 -0.107878 0.085452 -0.990485
-5.947000 -9.369454 -30.671752 -93.826215 -0.467837 0.857332 0.214734 0.881796 0.436368 0.178940 0.059708 0.273067 -0.960140
-5.144901 -8.065265 -0.076212 -65.904851 -0.643215 0.741750 0.189953 0.763340 0.640603 0.083307 -0.059892 0.198583 -0.978252
-5.057079 -9.357415 -73.933288 -25.770761 0.835500 -0.374152 -0.402429 0.548725 0.529463 0.646970 0.028994 0.761367 -0.647673
-5.749515 -10.096373 -78.448494 -70.167376 0.751550 -0.456946 -0.475787 0.645031 0.357899 0.675162 0.138229 0.814315 -0.563723
-6.298135 -9.605322 -92.329949 -30.570786 0.792282 -0.470849 -0.388059 0.604201 0.516798 0.606515 0.085029 0.714997 -0.693938
0.383421 -5.715587 -0.646945 32.536231 0.385443 0.919699 -0.074753 -0.547082 0.162538 -0.821148 0.743058 -0.357402 -0.565799
0.315629 -6.328378 1.205319 31.660778 0.356769 0.926017 -0.123325 -0.501644 0.078537 -0.861502 0.788079 -0.369222 -0.492551
0.184652 -6.122923 13.372789 37.612540 0.354602 0.929854 -0.098126 -0.493168 0.096838 -0.864528 0.794382 -0.354956 -0.492913
0.076934 -6.767613 12.804555 25.333901 0.329484 0.932142 -0.150174 -0.417914 0.001357 -0.908486 0.846634 -0.362091 -0.390002
0.384216 -5.366869 5.550956 33.378419 0.387285 0.921063 -0.040652 -0.538413 0.190156 -0.820946 0.748413 -0.339828 -0.569557
-0.044330 -6.545519 6.507314 30.557421 0.350340 0.929991 -0.111264 -0.405053 0.043326 -0.913266 0.844508 -0.365021 -0.391875
0.200696 -5.829576 6.195590 37.971177 0.369240 0.926378 -0.074059 -0.485763 0.124451 -0.865186 0.792272 -0.355437 -0.495953
1.962885 -13.753363 63.934679 124.227076 0.307327 0.889675 -0.337683 0.829822 -0.424244 -0.362509 0.465775 0.168808 0.868653
1.788555 -13.031058 56.364624 92.725484 0.299354 0.888877 -0.346821 0.757525 -0.442413 -0.480028 0.580124 0.119027 0.805784
2.829465 -13.538026 63.663687 -12.623672 0.353961 0.871111 -0.340407 0.717104 -0.486434 -0.499142 0.600394 0.067430 0.796856
0.508905 -14.150948 32.144778 90.774536 0.251328 0.911943 -0.324337 0.859348 -0.364430 -0.358764 0.445370 0.188550 0.875268
2.822517 -12.294897 53.374820 23.462562 0.378105 0.868584 -0.320309 0.774144 -0.486391 -0.405122 0.507678 0.094787 0.856317
2.579793 -12.573936 60.628428 88.151401 0.349194 0.883445 -0.312392 0.860039 -0.434515 -0.267450 0.372017 0.175277 0.911527
0.131551 -21.416085 -35.200759 318.244208 -0.014216 0.997414 -0.070446 -0.171625 0.066973 0.982883 -0.985060 -0.026063 -0.170229
-0.131412 -21.295421 -20.461973 52.718783 -0.009466 0.998599 -0.052063 0.111741 0.052796 0.992334 -0.993692 -0.003576 0.112084
-0.403946 -21.118723 -4.653401 115.032516 0.011437 0.997400 -0.071152 -0.031851 0.071484 0.996933 -0.999427 0.009135 -0.032585
14.969617 -4.226211 600.582493 -126.138374 0.819956 -0.251942 0.514001 0.566609 0.484906 -0.666198 0.081399 -0.837491 -0.540355
16.265523 -2.074345 416.134552 -83.004743 0.935679 0.085983 0.342216 0.265766 0.466236 -0.843796 0.232106 -0.880472 -0.413396
6.202583 -4.132832 194.919039 -118.252844 0.949795 0.021293 0.312149 0.248615 0.554339 -0.794291 0.189949 -0.832019 -0.521214
7.632759 -6.488914 522.254137 -89.120080 0.792521 -0.209735 0.572645 0.566975 0.599241 -0.565198 0.224610 -0.772607 -0.593826
-0.208430 -6.446420 190.246208 -73.367176 0.942607 0.004194 0.333879 0.239660 0.687751 -0.685246 0.232499 -0.725935 -0.647273
-1.154418 -19.715349 8.448842 207.935635 0.270747 0.960621 -0.062470 -0.835801 0.266773 0.479864 -0.477633 0.077710 -0.875116
-0.516712 -18.712690 -10.267552 26.100565 0.244554 0.967930 -0.057488 -0.725000 0.221901 0.652024 -0.643870 0.117776 -0.756016
-0.743793 -19.381254 -3.136212 224.478169 0.225415 0.973244 -0.044549 -0.800485 0.211079 0.560954 -0.555349 0.090787 -0.826647
-1.650025 -22.027826 26.977633 243.595982 0.252357 0.965659 -0.061798 -0.931089 0.259716 0.256165 -0.263418 0.007106 -0.964656
-0.853244 -22.927553 -27.393798 -285.118291 0.221377 0.969014 0.109566 0.970148 -0.230247 0.076154 -0.099022 -0.089437 0.991058
-0.430642 -20.135063 -10.337281 -112.385060 0.212719 0.972176 0.098105 0.925519 -0.232663 0.298801 -0.313312 -0.027237 0.949260
-0.424491 -21.907697 -41.140013 -204.790797 0.250124 0.958956 0.133574 0.959133 -0.264260 0.101150 -0.132297 -0.102815 0.985863
-0.041051 -23.917031 34.246265 -250.465922 -0.259513 -0.958124 -0.121041 0.959476 -0.241545 -0.145128 0.109814 -0.153799 0.981981
-0.879500 -24.009145 65.982426 -256.495336 -0.252608 -0.955722 -0.150947 0.956112 -0.222625 -0.190492 0.148453 -0.192442 0.970014
-1.918838 -12.671142 0.164149 17.909996 0.123526 0.992285 -0.010557 0.973223 -0.119061 0.196626 -0.193852 0.034563 0.980422
-2.084858 -13.053403 -27.100145 26.015859 0.120433 0.992446 -0.023372 0.957004 -0.109809 0.268487 -0.263893 0.054702 0.963000
-1.834183 -13.351132 -18.625823 46.880356 0.116311 0.993189 -0.006943 0.907822 -0.103473 0.406389 -0.402903 0.053570 0.913674
-1.725022 -12.825254 -1.472465 45.952698 0.121197 0.992589 0.008803 0.937792 -0.117404 0.326745 -0.325357 0.031345 0.945071
-1.085364 -15.894190 7.368870 -225.878910 0.312320 0.946410 -0.082251 0.789461 -0.306732 -0.531663 0.528400 -0.101115 0.842952
-1.631083 -17.874649 12.228193 -158.793089 0.282888 0.956446 -0.072006 0.661215 -0.248848 -0.707722 0.694816 -0.152595 0.702813
-0.981174 -14.958311 18.282148 -162.595542 0.239045 0.969626 -0.051798 0.796886 -0.226380 -0.560111 0.554824 -0.092614 0.826797
-4.344893 -21.298761 34.713530 -471.940891 0.277813 0.928143 0.247729 0.637787 -0.371052 0.674943 -0.718364 0.029510 0.695041
-4.931160 -23.366829 23.551224 -407.319737 0.236628 0.943444 0.232210 0.820159 -0.322092 0.472859 -0.520909 -0.078557 0.849990
-3.739408 -23.260104 123.969098 -479.362876 0.241379 0.964019 0.111374 0.732118 -0.256231 0.631149 -0.636977 0.070807 0.767624
-2.979103 -17.547173 61.884364 -362.761446 0.237584 0.955266 0.176126 0.504390 -0.276280 0.818083 -0.830147 0.105527 0.547467
-3.488621 -17.270473 22.493503 -400.400996 0.284037 0.911133 0.298595 0.471400 -0.403886 0.784001 -0.834928 0.081928 0.544227
-3.910957 -20.092364 -21.141930 -427.645170 0.254431 0.899131 0.356129 0.634354 -0.433122 0.640312 -0.729972 -0.062997 0.680567
2.814908 -2.466610 -81.056784 37.220463 -0.136992 0.989949 -0.035134 0.974326 0.141057 0.175477 -0.178670 0.010193 0.983856
2.904410 -3.334479 -81.988379 27.215357 -0.051687 0.997981 -0.036905 0.967533 0.059197 0.245715 -0.247403 0.023006 0.968639
3.799783 -2.114426 -75.755162 33.697040 -0.109194 0.988762 -0.102106 0.974568 0.126713 0.184828 -0.195689 0.079328 0.977452
3.492774 -0.832305 -86.277938 76.319261 -0.186134 0.978150 -0.092613 0.971867 0.197141 0.128876 -0.144318 0.066019 0.987327
0.002190 -16.391914 7.093347 -121.390707 0.154856 0.985669 0.066897 0.839416 -0.166981 0.517202 -0.520961 0.023937 0.853245
-0.544837 -19.787826 -1.748812 -151.455006 0.197054 0.976145 0.091161 0.920853 -0.216195 0.324482 -0.336450 -0.020006 0.941489
-0.601242 -21.139278 26.134478 -346.400116 0.140991 0.988458 0.055424 0.919916 -0.151493 0.361670 -0.365892 0.000007 0.930657
0.249122 -16.630948 5.591376 -103.393319 0.132404 0.989887 0.050928 0.794074 -0.136683 0.592254 -0.593225 0.037976 0.804140
-0.101627 -15.947168 3.385484 -134.172798 0.115034 0.992025 0.051517 0.866327 -0.125563 0.483438 -0.486051 0.010981 0.873862
-0.496140 -19.992631 -0.148569 -361.928051 0.101846 0.993569 0.049484 0.951916 -0.111783 0.285238 -0.288935 -0.018055 0.957178
35.925120 -454.655350 2342.426549 24598.631198 0.233982 0.886118 0.400060 -0.781189 0.416311 -0.465220 0.578789 0.203669 -0.789634
5.261529 -119.898790 213.080755 -5779.522658 0.096058 0.830911 0.548051 -0.090669 0.555612 -0.826483 0.991238 -0.029699 -0.128709
-14.676387 -888.984566 -1797.281872 -53794.270352 -0.033360 0.901402 0.431695 0.923344 -0.137520 0.358502 0.382522 0.410563 -0.827717
-7.398536 -110.936012 48.492768 -3515.258932 -0.148399 0.919561 0.363848 0.975077 0.197418 -0.101243 -0.164930 0.339756 -0.925940
-1.285428 -6.579171 5.666662 -1.350352 -0.085731 0.919867 -0.382747 0.728174 0.320049 0.606079 -0.680009 0.226747 0.697261
-0.840924 -6.428130 38.248840 16.589255 -0.033060 0.927920 -0.371310 0.809825 0.242599 0.534162 -0.585739 0.283036 0.759473
-0.731505 -6.443795 50.281223 0.504710 -0.018269 0.930786 -0.365108 0.736369 0.259543 0.624819 -0.676334 0.257439 0.690143
-1.448290 -6.460344 2.818651 -15.534729 -0.070099 0.917850 -0.390690 0.659441 0.336506 0.672236 -0.748481 0.210514 0.628856
-4.465190 -7.132001 73.201712 144.150326 0.079382 -0.321110 -0.943709 0.085631 0.945394 -0.314480 0.993160 -0.055847 0.102544
-3.341017 -6.951978 144.853903 -195.114815 0.028521 0.944159 0.328253 0.129651 0.322119 -0.937779 0.991149 -0.069305 0.113224
-3.194434 -10.384542 -139.515928 458.324222 0.196501 0.261363 -0.945027 0.034310 0.961395 0.273024 0.979903 -0.086073 0.179948
4.931406 -7.250842 -86.319935 38.794011 0.138080 0.980797 0.137733 0.973737 -0.109018 -0.199876 0.181022 -0.161715 0.970092
4.693966 -5.751993 -20.190292 -48.134587 0.294009 0.951274 0.092932 0.916802 -0.253186 -0.308821 0.270244 -0.175996 0.946569
3.328944 -5.289743 117.066110 52.754731 -0.228214 -0.954190 -0.193494 0.950751 -0.175597 -0.255417 0.209739 -0.242255 0.947271
1.694498 -5.857247 -81.164256 1.827154 0.319569 0.933983 0.159844 0.889085 -0.237207 -0.391486 0.327725 -0.267222 0.906194
1.073258 -3.883206 110.499205 44.316594 -0.362902 -0.914805 -0.177299 0.898112 -0.292663 -0.328243 0.248389 -0.278354 0.927805
0.479125 -2.381233 4.700206 28.458515 -0.551473 0.816124 0.172683 0.752052 0.396829 0.526256 0.360965 0.420082 -0.832607
0.080944 -2.594278 32.326866 34.225549 -0.474689 0.844039 0.249534 0.805285 0.302066 0.510168 0.355226 0.443118 -0.823080
0.338563 -2.929222 20.750789 31.426726 -0.548598 0.811765 0.200195 0.775312 0.404302 0.485212 0.312939 0.421400 -0.851171
0.469077 -2.462018 -19.305661 3.933383 -0.632946 0.767023 0.105140 0.709379 0.520187 0.475592 0.310098 0.375608 -0.873360
0.366336 -2.419420 -28.017515 29.883415 -0.559308 0.817284 0.138642 0.743152 0.420246 0.520690 0.367288 0.394258 -0.842413
-2.360795 -8.386950 73.621161 4.900417 0.484127 -0.754799 -0.442606 0.867237 0.481139 0.128083 0.116278 -0.445853 0.887522
-0.311914 -8.129179 136.779463 -15.005681 0.394689 -0.765551 -0.508086 0.914838 0.378821 0.139877 0.085391 -0.520025 0.849872
-1.058574 -8.153112 115.398231 11.378179 0.432760 -0.752634 -0.496247 0.867756 0.496982 0.002992 0.244374 -0.431916 0.868176
-0.389037 -7.752048 -124.453563 26.614558 -0.405444 0.760697 0.506907 0.835493 0.533373 -0.132153 0.370899 -0.369937 0.851810
-1.854311 -7.881512 -98.703590 36.961363 -0.462961 0.736556 0.493105 0.798426 0.588136 -0.128887 0.384945 -0.334038 0.860370
-2.508049 -8.170638 46.690750 30.519187 0.489037 -0.754430 -0.437810 0.828771 0.558397 -0.036481 0.271994 -0.345004 0.898327
1.690271 -2.246434 44.944526 -11.935979 -0.600304 0.771158 -0.212017 -0.677444 -0.631196 -0.377705 0.425095 0.083108 -0.901325
1.262304 -2.927878 53.073502 -15.909007 -0.559509 0.815373 -0.148717 -0.727505 -0.569109 -0.383213 0.397097 0.106219 -0.911609
2.481343 -2.924377 64.823206 49.308910 -0.701026 0.669127 -0.246643 0.600494 0.740424 0.301958 0.384668 0.063573 -0.920863
1.266079 -3.676233 50.891417 -34.175648 -0.606183 0.778418 -0.163117 -0.712998 -0.622755 -0.322196 0.352385 0.079007 -0.932514
2.598064 -2.211849 40.777394 47.329760 -0.723450 0.618194 -0.307338 0.547601 0.784935 0.289843 0.420420 0.041388 -0.906385
0.963216 -6.623196 22.700917 43.395426 -0.122257 0.991401 -0.046659 -0.762366 -0.063704 0.644003 -0.635493 -0.114305 -0.763598
1.144100 -6.393496 17.398394 6.240987 -0.163064 0.986382 -0.021441 -0.690952 -0.098659 0.716137 -0.704270 -0.131591 -0.697630
0.892472 -6.792930 21.959025 19.740248 -0.147139 0.988445 -0.036435 -0.759746 -0.089355 0.644051 -0.633353 -0.122446 -0.764115
0.468347 -7.493957 23.022950 58.577718 -0.071511 0.994394 -0.077889 -0.837165 -0.017384 0.546673 -0.542255 -0.104300 -0.833715
0.464532 -7.610887 7.835598 76.614534 -0.053455 0.994097 -0.094410 -0.831536 0.008034 0.555413 -0.552893 -0.108195 -0.826198
3.695117 -1.912646 -98.791565 11.389090 0.929054 -0.072899 0.362690 -0.185327 -0.940214 0.285748 -0.320176 0.332691 0.887020
1.832018 -2.210565 -101.260657 -19.412958 0.876144 -0.184644 0.445285 0.313815 0.919658 -0.236113 -0.365913 0.346606 0.863697
2.715954 -2.408103 -106.770619 25.277303 0.916170 -0.097044 0.388865 -0.225124 -0.927326 0.298974 -0.331591 0.361453 0.871435
4.087062 -2.224454 -82.968134 17.171627 0.950883 -0.041476 0.306759 -0.144500 -0.935860 0.321381 -0.273754 0.349922 0.895887
-0.211465 -7.185027 -9.823303 -29.372758 0.016086 0.999497 0.027346 -0.026708 0.027769 -0.999257 0.999514 -0.015343 -0.027142
-0.203993 -7.237816 -30.133933 -14.782085 0.023135 0.999379 -0.026587 0.034699 -0.027381 -0.999023 0.999130 -0.022190 0.035311
-0.254951 -7.067761 -2.162917 3.666575 0.011571 0.999902 0.007895 0.068196 0.007089 -0.997647 0.997605 -0.012082 0.068107
-0.572531 -27.549805 -45.235187 -300.584534 -0.112076 0.958653 0.261578 -0.144903 0.244656 -0.958721 0.983078 0.145353 -0.111492
-0.197673 -28.297652 -17.782318 -182.502399 -0.126974 0.948966 0.288689 -0.223415 0.256204 -0.940449 0.966418 0.183910 -0.179482
-0.059968 -30.184343 -3.244329 -152.908183 -0.142578 0.951994 0.270887 -0.484797 0.171438 -0.857660 0.862927 0.253609 -0.437080
-0.720065 -24.685911 -31.391131 -153.983949 -0.119406 0.944723 0.305353 0.151429 0.321285 -0.934797 0.981230 0.065382 0.181422
-0.208117 -30.186105 -26.225411 -284.538693 -0.122120 0.961019 0.248050 -0.425358 0.175130 -0.887919 0.896748 0.213943 -0.387391
-0.493961 -26.293449 -35.149970 -381.874591 -0.132474 0.961857 0.239337 -0.130816 0.222386 -0.966143 0.982516 0.159298 -0.096366
-1.030837 -23.068513 -24.518075 -254.214431 -0.117022 0.957313 0.264306 0.171567 0.281620 -0.944063 0.978198 0.065129 0.197199
-0.088942 -28.231880 14.409103 -360.904448 -0.200260 0.941119 0.272380 0.935806 0.101418 0.337610 0.290107 0.322505 -0.901015
0.455334 -28.479928 -44.676022 320.395789 -0.166301 0.957857 0.234207 -0.905661 -0.054422 -0.420496 0.390029 0.282041 -0.876544
0.140757 -24.693775 -8.378957 -266.847067 -0.208597 0.945284 0.250849 0.962865 0.153546 0.222071 0.171403 0.287857 -0.942210
0.001445 -25.376562 -12.372748 -382.034818 -0.235701 0.941497 0.240891 0.971027 0.238206 0.019102 -0.039397 0.238414 -0.970364
0.870492 -75.706950 45.155659 524.127392 -0.285843 0.886239 0.364520 0.912545 0.367848 -0.178744 0.292498 -0.281548 0.913880
5.862434 -158.989133 19.487327 6548.808496 0.239653 -0.893867 -0.378903 0.968586 0.193445 0.156267 -0.066385 -0.404450 0.912147
0.191735 -80.969332 -145.688713 3186.072984 -0.156846 0.896218 0.414962 0.924281 0.281250 -0.258075 0.347999 -0.343064 0.872470
-0.642890 -15.830953 27.879792 64.610034 -0.053216 0.920113 0.388020 0.047826 0.390473 -0.919371 0.997437 0.030368 0.064785
-0.529412 -24.991329 45.808760 238.965925 -0.058171 0.927811 0.368488 0.048274 0.371296 -0.927259 0.997139 0.036151 0.066388
-0.345502 -21.542104 24.631896 314.039049 -0.020887 0.957145 0.288857 0.220607 0.286211 -0.932425 0.975139 -0.044249 0.217131
1.788991 -7.049433 27.961541 -4.973678 -0.113783 0.988694 0.097665 0.969478 0.131982 -0.206621 0.217175 -0.071174 0.973534
1.666012 -6.761450 -1.937262 24.009127 -0.027024 0.989520 0.141842 0.974126 0.057918 -0.218457 0.224383 -0.132269 0.965483
1.370472 -6.900813 -3.646949 -5.391324 -0.079996 0.988059 0.131678 0.989145 0.095022 -0.112086 0.123260 -0.121282 0.984935
1.469492 -6.904617 0.133400 -35.972198 0.132068 -0.984084 -0.118896 0.987065 0.141560 -0.075256 0.090889 -0.107419 0.990051
1.224271 -6.534971 19.444162 -25.037732 0.097208 -0.985401 -0.139766 0.995240 0.095274 0.020473 -0.006858 -0.141091 0.989973
0.835723 -6.787251 17.660671 -6.998725 0.043211 -0.986882 -0.155550 0.999010 0.044324 -0.003690 0.010536 -0.155236 0.987821
4.575051 -6.624974 -14.964498 1.811451 0.062941 0.989326 -0.131423 0.925171 -0.107225 -0.364089 0.374295 0.098673 0.922045
3.878930 -6.097966 36.050832 -30.613444 0.070207 0.981690 -0.177074 0.971927 -0.107279 -0.209401 0.224563 0.157402 0.961663
3.583488 -6.324066 143.914262 -5.411395 0.031496 0.961327 -0.273601 0.935106 -0.125008 -0.331586 0.352965 0.245402 0.902881
4.232681 -6.527628 119.606057 2.161119 0.012784 0.977707 -0.209585 0.882510 -0.109579 -0.457350 0.470121 0.179114 0.864237
1.981978 -6.157450 170.018018 -19.963700 0.041833 0.943674 -0.328223 0.952357 -0.136993 -0.272486 0.302102 0.301186 0.904445
1.927795 -6.340672 184.789652 -1.865320 0.022772 0.945126 -0.325913 0.921750 -0.146080 -0.359219 0.387116 0.292230 0.874496
2.637510 -6.323148 191.491766 1.287915 -0.006395 0.952712 -0.303809 0.884979 -0.136063 -0.445307 0.465587 0.271712 0.842260
-4.298801 -6.964014 -79.270548 113.502872 -0.503650 -0.661796 -0.555304 -0.689090 0.695428 -0.203801 0.521049 0.280010 -0.806289
-5.276834 -8.476619 -45.980152 120.112098 -0.591801 -0.611930 -0.524704 -0.577412 0.776014 -0.253768 0.562466 0.152790 -0.812581
-5.314912 -7.466742 -18.864137 114.335382 -0.685002 -0.543280 -0.485405 -0.556159 0.820320 -0.133278 0.470595 0.178667 -0.864071
-0.080859 -5.004364 19.575388 -52.250738 -0.043520 0.998260 -0.039795 0.474496 -0.014400 -0.880140 0.879181 0.057186 0.473044
-0.040494 -4.066762 37.904114 -47.345283 -0.073294 0.997254 -0.010582 0.550408 0.031600 -0.834297 0.831672 0.066973 0.551213
-0.297856 -4.750496 17.895232 -54.503091 -0.032232 0.998366 -0.047186 0.506913 -0.024359 -0.861653 0.861394 0.051692 0.505300
-0.499802 -5.582246 11.071585 -47.067790 -0.014383 0.999037 -0.041447 0.428844 -0.031282 -0.902837 0.903264 0.030759 0.427982
-0.277453 -5.924077 9.480752 -44.919940 -0.023626 0.997777 -0.062316 0.383005 -0.048543 -0.922470 0.923444 0.045662 0.381007
4.952396 -23.400687 -104.695312 -424.137834 0.014037 0.963494 0.267363 -0.173965 0.265665 -0.948240 0.984652 0.033202 -0.171343
4.186804 -25.173099 -34.506777 -462.287206 0.057422 0.980969 0.185478 -0.158214 0.192378 -0.968483 0.985734 -0.026267 -0.166250
2.284773 -18.310826 21.977523 -43.624242 -0.007780 0.990508 0.137232 0.093515 0.137355 -0.986098 0.995587 -0.005162 0.093696
6.177015 -44.469608 -102.483590 -1433.600186 0.071151 0.963830 0.256846 -0.430298 0.261965 -0.863839 0.899879 0.049057 -0.433373
3.391844 -16.081044 -107.295047 -59.611700 -0.046619 0.960166 0.275512 0.019791 0.276646 -0.960768 0.998717 0.039338 0.031900
6.732378 -21.270378 -198.288678 -424.500277 -0.043788 0.928174 0.369560 -0.189470 0.355486 -0.915276 0.980910 0.110098 -0.160295
7.459274 -36.610338 -157.553330 -1093.309732 0.005815 0.942125 0.335211 -0.430657 0.304897 -0.849454 0.902497 0.139422 -0.407506
4.335566 -184.555269 -333.338017 8140.268890 0.619719 -0.233931 -0.749149 -0.063894 0.936338 -0.345238 0.782218 0.261817 0.565320
9.452448 -237.355936 -366.049950 9508.633804 0.617718 -0.223529 -0.753962 0.192377 0.972575 -0.130729 0.762506 -0.064291 0.643779
0.288438 -75.683852 -67.101425 2551.826841 0.605478 -0.177081 -0.775912 0.363966 0.928619 0.072086 0.707761 -0.326052 0.626709
-9.495028 -11.913957 38.019914 191.152584 0.385918 0.889290 0.245417 -0.897437 0.423520 -0.123442 0.213715 0.172608 -0.961526
-7.482528 -11.498453 -22.132004 158.482667 0.494020 0.854505 0.160517 -0.843392 0.515837 -0.150342 0.211269 0.061106 -0.975516
-4.529018 -12.596953 -190.883962 -385.162813 0.422367 0.906130 -0.023095 0.906358 -0.422508 -0.001365 -0.010995 -0.020356 -0.999732
-4.713932 -9.280670 -130.132455 294.855731 0.286017 0.958039 -0.018866 -0.948707 0.285890 0.134987 -0.134717 0.020710 -0.990668
-4.594512 -9.454830 -57.532274 -69.364123 0.825333 -0.326342 -0.460790 0.563331 0.420215 0.711391 0.038526 0.846711 -0.530656
-4.576890 -9.992192 -107.868032 -62.090334 0.796484 -0.335133 -0.503288 0.591962 0.262502 0.762019 0.123264 0.904864 -0.407465
-5.506767 -10.451757 -75.981890 -44.890210 0.723164 -0.438756 -0.533410 0.651846 0.178264 0.737101 0.228320 0.880747 -0.414916
-6.613360 -10.697575 35.706109 -48.737777 -0.651902 0.532805 0.539577 0.698719 0.145571 0.700429 0.294645 0.833624 -0.467179
-7.659673 -11.218710 33.247906 18.510735 -0.521345 0.650083 0.552803 0.639903 -0.130754 0.757250 0.564557 0.748529 -0.347822
-7.904638 -11.550207 6.768865 19.732225 -0.451943 0.750225 0.482608 0.699335 -0.037882 0.713789 0.553784 0.660097 -0.507538
-7.496374 -11.273081 36.668567 -2.303085 -0.569063 0.622389 0.537400 0.703477 0.030086 0.710081 0.425779 0.782129 -0.454958
-7.163973 -11.234544 25.969208 22.942503 -0.568485 0.579141 0.584312 0.638061 -0.137967 0.757525 0.519329 0.803468 -0.291095
-1.041044 -2.662918 -6.485589 -60.401983 -0.031913 0.999274 0.020808 -0.837611 -0.038097 0.544938 -0.545335 0.000038 -0.838218
-0.836110 -3.514899 -78.356197 -62.598647 0.002859 0.998940 -0.045944 -0.806533 0.029465 0.590454 -0.591182 -0.035367 -0.805763
-1.345803 -3.704688 10.534292 -54.285169 0.010125 0.999864 0.013031 -0.801789 0.000331 0.597608 -0.597522 0.016499 -0.801683
-1.126601 -7.598796 -47.645279 67.457680 0.067134 0.954925 0.289157 -0.270740 -0.261502 0.926454 -0.960309 0.140483 -0.240981
-1.507856 -8.597861 -10.214831 78.063234 0.109642 0.967557 0.227621 -0.357452 -0.175300 0.917332 -0.927473 0.181942 -0.326635
-0.781680 -7.461635 -13.138401 87.029333 0.097180 0.972111 0.213439 -0.199985 -0.191007 0.961001 -0.974968 0.136074 -0.175846
0.515289 -6.251693 8.841926 33.875030 0.364046 0.924750 -0.110941 -0.543165 0.114032 -0.831846 0.756599 -0.363089 -0.543805
0.345370 -6.779147 6.888462 23.718654 0.338171 0.927270 -0.160655 -0.474569 0.020611 -0.879977 0.812665 -0.373824 -0.447024
0.220782 -6.839174 -6.737361 -28.292246 -0.001872 0.987478 -0.157744 -0.006332 0.157729 0.987462 -0.999978 -0.002848 -0.005957
0.209687 -7.289926 -11.691671 80.994901 -0.010789 0.982465 -0.186133 -0.088440 0.184477 0.978850 -0.996023 -0.027022 -0.084899
0.431521 -7.140592 -10.692122 56.463832 -0.006679 0.983000 -0.183486 -0.074571 0.182489 0.980376 -0.997193 -0.020231 -0.072085
-0.004769 -7.366078 -10.168472 77.602561 -0.010952 0.982537 -0.185747 -0.063498 0.184700 0.980742 -0.997922 -0.022536 -0.060366
0.426860 -7.184506 -13.752872 -56.422297 -0.000021 0.989713 -0.143065 0.016008 0.143047 0.989586 -0.999872 0.002269 0.015847
0.195711 -7.755849 -9.877757 -103.750891 0.002418 0.993728 -0.111796 0.098054 0.111022 0.988969 -0.995178 0.013353 0.097170
0.009369 -7.004664 -7.636848 -26.531870 -0.004991 0.988227 -0.152916 0.028939 0.152997 0.987803 -0.999569 -0.000504 0.029362
2.423497 -13.356184 67.042100 -110.101699 0.297296 0.886429 -0.354766 0.691206 -0.456146 -0.560504 0.658672 0.078581 0.748316
1.461498 -14.340732 35.500699 -20.361601 0.270237 0.901712 -0.337471 0.741448 -0.418507 -0.524507 0.614188 0.108476 0.781669
0.555132 -26.469719 -21.773359 377.758147 0.064374 0.981932 -0.177950 -0.686855 0.172958 0.705915 -0.723938 -0.076783 -0.685579
0.191420 -29.748435 -18.526599 691.063331 0.043194 0.984823 -0.168101 -0.486067 0.167717 0.857677 -0.872854 -0.044662 -0.485934
0.254301 -21.344875 37.594991 209.264751 0.094251 0.985713 -0.139596 -0.566319 0.168408 0.806797 -0.818779 -0.003014 -0.574101
44.978751 -0.376452 1596.960553 -67.661247 0.890877 0.028410 0.453355 0.407916 0.389076 -0.825969 0.199855 -0.920767 -0.335030
25.720191 -3.127108 1040.053194 -7.763250 0.852547 0.404760 0.330655 0.131620 0.445990 -0.885307 0.505806 -0.798287 -0.326953
27.048358 -2.876945 543.241256 -100.627436 0.869638 -0.306595 0.386948 0.484552 0.379968 -0.787930 -0.094548 -0.872711 -0.478996
58.416304 -1.124731 -1230.493033 83.935351 0.930758 -0.354174 0.090829 0.248711 0.431178 -0.867311 -0.268016 -0.829847 -0.489410
0.053006 -16.594673 3.369658 -110.621176 0.165245 0.985956 0.024177 -0.548552 0.071509 0.833053 -0.819625 0.150920 -0.552665
0.627782 -14.858655 49.039611 -59.245552 0.176234 0.983735 0.034730 -0.625058 0.084583 0.775982 -0.760423 0.158463 -0.629798
-0.231757 -16.708828 18.969732 47.095055 0.179158 0.983783 0.008604 -0.692758 0.119940 0.711127 -0.698562 0.133365 -0.703011
0.320374 -20.881465 -15.355778 -5.525425 0.221439 0.970474 0.095630 0.910617 -0.240870 0.335795 -0.348914 -0.012724 0.937068
0.543277 -22.675650 -13.836520 -5.870743 0.222479 0.970161 0.096390 0.952245 -0.237444 0.191966 -0.209125 -0.049079 0.976657
0.504012 -22.092071 -14.441024 -85.444324 0.245366 0.963031 0.111204 0.964827 -0.253755 0.068680 -0.094359 -0.090441 0.991422
0.386861 -20.753074 -19.680898 -57.959337 0.199526 0.975753 0.089979 0.852681 -0.218135 0.474713 -0.482830 0.017994 0.875529
0.238654 -18.923143 -7.762677 -71.382212 0.191216 0.978651 0.075363 0.767102 -0.196900 0.610561 -0.612365 0.058938 0.788375
0.246767 -19.709250 -8.623439 -84.567952 0.212976 0.971900 0.100259 0.880201 -0.235394 0.412113 -0.424132 -0.000478 0.905600
-1.688559 -19.407344 6.746046 -129.064134 0.332098 0.938371 -0.095764 0.572449 -0.281198 -0.770214 0.749675 -0.200967 0.630555
-5.211156 -23.500276 148.617424 -171.447732 0.230612 0.965731 0.119088 0.909562 -0.257428 0.326233 -0.345710 -0.033085 0.937758
-5.728190 -24.660872 37.435908 13.790670 -0.220489 -0.930243 -0.293315 0.954398 -0.267809 0.131919 -0.201269 -0.250852 0.946871
1.229044 -0.684291 -74.966781 11.605322 -0.015677 -0.943492 0.331025 0.980613 0.050167 0.189425 -0.195327 0.327577 0.924414
2.210493 -1.124457 -95.332583 22.429169 -0.016551 -0.946333 0.322770 0.977629 0.052382 0.203711 -0.209685 0.318921 0.924295
0.786807 -0.888215 -58.883890 11.526393 -0.105235 -0.944671 0.310682 0.973837 -0.034620 0.224593 -0.201411 0.326188 0.923599
1.074053 -1.387053 -73.430505 28.087029 -0.089665 -0.942576 0.321732 0.972700 -0.013452 0.231674 -0.214042 0.333722 0.918050
0.088593 -0.583031 -26.671681 7.888129 -0.229980 -0.935850 0.267011 0.955463 -0.164990 0.244681 -0.184930 0.311391 0.932114
-0.187569 -1.027150 -26.146045 19.672176 -0.319151 -0.914845 0.247390 0.927686 -0.248208 0.278912 -0.193757 0.318515 0.927904
-0.085047 -17.857228 6.062296 7.253361 0.180108 0.980952 0.072756 0.809652 -0.189847 0.555357 -0.558592 0.041117 0.828423
-3.219385 -43.859143 -153.003943 2469.334561 0.314519 0.927220 0.203325 0.374826 0.075479 -0.924018 0.872114 -0.366832 0.323806
-4.731331 -28.753133 -144.766092 1686.933282 0.262273 0.939706 0.219465 0.446223 0.083552 -0.891013 0.855627 -0.331619 0.397405
-5.177005 -100.535145 -223.597891 4773.873253 0.116688 0.936487 0.330719 0.653676 0.178283 -0.735475 0.747724 -0.302004 0.591356
0.241574 -6.351573 83.371799 21.089117 0.037069 0.938267 -0.343919 0.798907 0.178918 0.574227 -0.600311 0.296045 0.742956
-0.716543 -6.005776 34.114287 29.886812 -0.029637 0.931749 -0.361890 0.871604 0.201324 0.446963 -0.489315 0.302178 0.818083
0.683012 -5.955069 72.151572 29.232489 0.038731 0.937990 -0.344491 0.865412 0.140866 0.480852 -0.499562 0.316750 0.806292
1.404092 -3.620425 48.515163 -38.031464 0.535365 0.832402 -0.143149 -0.756297 0.547901 0.357519 -0.376031 0.083140 -0.922870
0.911333 -4.128331 30.514251 -51.985949 0.497887 0.859263 -0.117371 -0.776812 0.502040 0.380157 -0.385580 0.098100 -0.917445
1.582972 -4.235162 61.798130 -30.319064 0.481033 0.870755 -0.101943 -0.762643 0.472965 0.441226 -0.432415 0.134498 -0.891587
-1.519907 -10.160573 167.354991 -310.283422 -0.000087 0.834778 0.550586 0.031270 0.550319 -0.834368 0.999511 -0.017144 0.026151
-0.385530 -13.299043 14.406326 -297.163339 0.075552 0.895620 0.438357 -0.020811 0.440934 -0.897298 0.996925 -0.058670 -0.051952
-0.958754 -10.672366 -47.947477 -257.293467 0.100061 0.957887 0.269148 0.136137 0.254782 -0.957368 0.985624 -0.132436 0.104910
5.409403 -7.553199 -56.277507 -105.702843 0.201913 0.975429 0.088145 0.950671 -0.173554 -0.257108 0.235493 -0.135710 0.962354
6.305201 -6.620520 73.499758 -59.236618 0.309371 0.950811 0.015741 0.873987 -0.277773 -0.398734 0.374748 -0.137114 0.916932
5.709884 -5.578747 219.849273 9.822083 0.378628 0.925451 -0.013482 0.818984 -0.341784 -0.460922 0.431169 -0.163476 0.887338
-0.255973 -3.160685 38.584744 41.435849 -0.464448 0.847789 0.256011 0.821756 0.304792 0.481476 0.330160 0.433999 -0.838236
2.009959 -7.659200 141.611274 -21.231772 0.301059 -0.804112 -0.512608 0.953008 0.272726 0.131894 0.033744 -0.528227 0.848432
2.819169 -7.972798 164.083806 5.246924 0.299792 -0.801120 -0.518008 0.949823 0.199862 0.240606 -0.089224 -0.564147 0.820839
4.099215 -7.718651 133.754606 19.544231 0.250886 -0.836361 -0.487398 0.967024 0.193742 0.165314 -0.043833 -0.512800 0.857388
0.637823 -8.037985 166.400531 -22.190395 0.370770 -0.771988 -0.516298 0.925396 0.260067 0.275693 -0.078559 -0.579999 0.810820
0.542628 -3.463244 36.037265 30.360841 -0.347312 0.937305 -0.028875 -0.826013 -0.320360 -0.463759 0.443935 0.137218 -0.885490
0.279672 -3.925119 35.601011 14.186239 -0.392855 0.918301 -0.048876 -0.821074 -0.374203 -0.431057 0.414129 0.129212 -0.901000
0.963904 -9.021534 -14.513120 79.427634 0.110246 0.993479 0.029076 0.511005 -0.031566 -0.858998 0.852479 -0.109559 0.511153
1.089669 -8.821152 -25.691684 62.987259 0.148197 0.988271 -0.036853 0.361537 -0.088824 -0.928117 0.920504 -0.124220 0.370460
0.842452 -7.611426 -13.715047 86.459443 0.148094 0.988938 -0.008332 0.414271 -0.069683 -0.907482 0.898024 -0.130941 0.420008
0.551826 -12.521800 33.649256 165.902285 -0.003680 0.956579 -0.291450 0.255608 -0.280870 -0.925082 0.966774 0.077901 0.243475
0.866646 -13.377258 21.879371 210.038935 0.016248 0.952408 -0.304394 0.309806 -0.294247 -0.904123 0.950661 0.079613 0.299842
0.084448 -14.698884 17.927113 198.007521 0.026250 0.952104 -0.304646 0.487524 -0.278245 -0.827587 0.872715 0.126798 0.471477
1.131939 -10.823246 23.268707 100.212946 0.001960 0.952231 -0.305374 0.152905 -0.302069 -0.940943 0.988239 0.044849 0.146193
-0.268637 -13.343788 34.552926 127.935930 -0.015566 0.955417 -0.294849 0.375341 -0.267736 -0.887376 0.926756 0.124482 0.354440
0.456103 -10.627351 27.714895 42.076701 -0.007986 0.954170 -0.299157 0.112402 -0.296414 -0.948422 0.993631 0.041200 0.104884
1.167380 -10.299607 12.654307 48.331030 -0.002040 0.954971 -0.296693 0.108547 -0.294729 -0.949396 0.994089 0.034142 0.103058
-0.085192 -11.440436 53.695051 39.638275 -0.038490 0.959270 -0.279858 0.206773 -0.266358 -0.941434 0.977632 0.094103 0.188099
1.211349 -6.748234 -14.482245 -19.868365 -0.204566 0.977699 -0.047511 -0.685365 -0.108409 0.720085 -0.698876 -0.179867 -0.692258
1.275946 -6.752295 13.618744 -35.832945 -0.160759 0.986840 -0.017417 -0.634009 -0.089725 0.768103 -0.756432 -0.134522 -0.640090
-0.337072 -3.243095 -51.511568 46.462641 0.735748 -0.455103 0.501554 -0.583104 -0.802357 0.127330 -0.344477 0.386141 0.855705
-0.054062 -2.603860 -67.858448 -32.556826 0.752951 -0.423346 0.503829 0.540835 0.834262 -0.107261 -0.374916 0.353250 0.857118
-1.155445 -3.531195 -42.796523 -62.391276 0.559570 -0.649732 0.514519 0.751552 0.659493 0.015447 -0.349358 0.378044 0.857340
-1.488585 -4.504882 -43.831866 -61.457650 0.596037 -0.614811 0.516476 0.748973 0.657558 -0.081594 -0.289448 0.435459 0.852405
-0.793915 -4.327639 -30.762779 68.923740 0.686079 -0.521577 0.507201 -0.663100 -0.735133 0.140991 -0.299323 0.433055 0.850217
-0.530702 -7.544315 -33.509003 -47.898895 0.018880 0.999754 0.011640 -0.032543 0.012250 -0.999395 0.999292 -0.018489 -0.032766
-0.425922 -7.412265 -17.229310 -15.065250 0.005195 0.999044 -0.043408 0.079692 -0.043684 -0.995862 0.996806 -0.001715 0.079843
7.624910 -2.276488 303.558288 -110.099956 0.205043 0.936444 0.284657 0.106884 0.267674 -0.957563 0.972899 -0.226767 0.045206
1.152774 -5.368325 22.731779 -87.112986 0.262462 0.956678 0.126020 -0.010670 0.133468 -0.990996 0.964883 -0.258754 -0.045238
8.400133 -5.049590 337.114694 -246.679927 0.271004 0.850259 0.451238 0.174750 0.417532 -0.891700 0.946583 -0.320508 0.035430
0.079354 -27.811076 -16.983821 -234.345267 -0.120844 0.941548 0.314458 -0.169426 0.292568 -0.941116 0.978106 0.167006 -0.124168
0.375810 -30.201512 -16.319821 -134.621323 -0.128376 0.953106 0.274061 -0.493470 0.178317 -0.851288 0.860237 0.244525 -0.447437
1.019685 -37.903555 -15.764721 -347.535654 -0.165944 0.937411 0.306142 -0.533975 0.175579 -0.827068 0.829055 0.300719 -0.471418
0.708750 -39.046092 -33.233807 -192.551382 -0.189478 0.934185 0.302319 -0.760342 0.055219 -0.647172 0.621272 0.352490 -0.699837
1.074117 -36.746110 -35.693976 480.955751 -0.172050 0.944645 0.279365 -0.871444 -0.013717 -0.490304 0.459331 0.327808 -0.825565
1.289565 -33.039118 -16.744127 -287.541651 -0.195344 0.935710 0.293749 0.924283 0.075495 0.374168 0.327937 0.344599 -0.879608
1.020144 -36.420245 -22.569888 -534.188741 -0.153319 0.925271 0.346939 -0.466671 0.241676 -0.850771 0.871041 0.292345 -0.394744
0.708125 -42.945456 -15.342574 -927.430635 -0.205798 0.913414 0.351173 -0.710351 0.107388 -0.695607 0.673089 0.392611 -0.626744
1.048241 -40.336006 16.134922 -167.799063 -0.219027 0.920629 0.323217 0.934845 0.103130 0.339748 0.279448 0.376572 -0.883234
2.372506 -6.433645 -2.814242 23.608523 0.006169 0.991863 0.127162 0.943490 0.036363 -0.329399 0.331343 -0.122008 0.935589
1.968038 -6.264553 -33.197477 -7.842047 0.059816 0.985216 0.160533 0.962751 -0.014457 -0.270002 0.263689 -0.170704 0.949383
1.409647 -6.454347 -26.762771 37.430611 0.033300 0.985356 0.167227 0.976588 0.003499 -0.215088 0.212523 -0.170474 0.962171
4.001930 -6.040781 -68.420374 -49.501917 0.092846 0.994065 -0.056698 0.985328 -0.099921 -0.138362 0.143206 0.043019 0.988758
4.525265 -5.349131 -20.902477 -46.960914 -0.086513 -0.981286 0.172024 0.991477 -0.101689 -0.081445 0.097413 0.163512 0.981720
3.790579 -6.455405 -79.528894 -16.104149 0.087706 0.994894 -0.049927 0.958055 -0.097973 -0.269318 0.272834 0.024213 0.961756
-1.218259 -10.794251 27.013830 109.319338 0.336892 0.722205 0.604089 -0.501589 0.680635 -0.533989 0.796814 0.123108 -0.591551
-2.079836 -10.199201 54.013546 47.449855 0.354141 0.736537 0.576278 -0.455734 0.674013 -0.581388 0.816633 0.056736 -0.574361
-1.905989 -9.278132 44.445322 120.018905 0.363815 0.722332 0.588111 -0.614203 0.660705 -0.431537 0.700281 0.204220 -0.684033
-1.316233 -10.800913 45.642043 -1.752465 0.324819 0.745423 0.582098 -0.362344 0.666592 -0.651431 0.873613 -0.000677 -0.486621
0.549178 -9.273345 13.499563 -1.575844 -0.124306 0.992099 0.016976 0.543982 0.053830 0.837368 -0.829838 -0.113324 0.546375
0.186851 -9.105530 5.517070 -2.630023 -0.132715 0.991141 0.005164 0.401509 0.048998 0.914543 -0.906188 -0.123447 0.404455
0.145222 -9.418834 25.843728 -12.659838 -0.136132 0.990231 -0.030180 0.389821 0.081547 0.917273 -0.910773 -0.113106 0.397114
0.017466 -9.596789 32.756811 -11.154052 -0.138178 0.989639 -0.038998 0.480492 0.101416 0.871116 -0.866045 -0.101631 0.489527
0.553187 -9.419199 49.857345 5.157842 -0.116616 0.993047 -0.016089 0.577218 0.080949 0.812568 -0.808220 -0.085471 0.582645
-0.265713 -4.111206 23.818870 -52.546568 -0.076577 0.996887 0.018784 0.557923 0.058456 -0.827832 0.826353 0.052913 0.560662
-0.034306 -3.507996 29.220470 -34.159302 -0.098261 0.994345 0.040293 0.587391 0.090634 -0.804212 0.803316 0.055355 0.592975
2.954224 -20.375606 53.998393 -344.668286 0.018303 0.995569 0.092236 0.077595 0.090559 -0.992864 0.996817 -0.025329 0.075593
5.902768 -49.366510 -31.066334 -1565.381944 0.105623 0.973794 0.201420 -0.418476 0.227272 -0.879332 0.902065 -0.008588 -0.431515
1.249666 -236.660376 80.407866 10244.031611 0.543314 -0.047929 -0.838160 -0.003547 0.998229 -0.059381 0.839522 0.035235 0.542182
0.649889 -48.918603 24.300337 559.946768 0.569008 -0.113437 -0.814471 0.526997 0.810624 0.255271 0.631272 -0.574475 0.521032
0.753826 -60.997122 -7.753124 -1292.717369 0.566422 -0.190243 -0.801857 0.652861 0.697367 0.295721 0.502930 -0.691004 0.519207
-7.042621 -10.896030 19.278283 -81.369945 -0.239246 0.947932 0.210205 0.937396 0.169069 0.304475 0.253082 0.269890 -0.929037
-4.252750 -8.910680 -22.140108 -19.573679 0.855261 -0.302069 -0.421051 0.517829 0.528853 0.672434 -0.019553 0.793139 -0.608727
-7.756201 -11.003137 13.675083 -10.886318 -0.477564 0.744427 0.466648 -0.564505 0.147012 -0.812232 0.673251 0.651319 -0.350025
-7.621474 -11.322827 -14.567190 -25.400037 -0.373537 0.841156 0.391058 -0.667997 0.048587 -0.742576 0.643623 0.538605 -0.543741
-7.290602 -10.771988 30.511210 47.033160 -0.535928 0.594512 0.599447 0.560043 -0.280976 0.779362 0.631770 0.753398 -0.182369
-7.483571 -10.312191 21.422931 -30.796633 -0.485181 0.785110 0.384969 -0.396166 0.195113 -0.897209 0.779520 0.587821 -0.216369
-7.544752 -10.478730 -9.551274 21.770079 -0.452480 0.819253 0.352259 -0.464937 0.120355 -0.877125 0.760983 0.560660 -0.326442
-7.212470 -10.612444 -36.502770 3.472595 -0.388008 0.864971 0.318237 -0.520012 0.079624 -0.850440 0.760945 0.495464 -0.418901
-7.389808 -10.238286 43.503204 -40.993476 -0.525009 0.679594 0.512365 -0.418254 0.318283 -0.850741 0.741235 0.660945 -0.117142
-5.851434 -79.146066 288.831851 -3716.376182 0.147715 0.031512 -0.988528 -0.360861 0.932306 -0.024204 0.920847 0.360296 0.149087
-17.017849 -2239.938988 884.682816 -266634.098981 -0.322072 -0.003148 0.946710 0.928651 0.193365 0.316571 -0.184057 0.981122 -0.059354
-279.104413 -2927.881743 -17284.243603 -636717.759274 -0.134902 -0.068972 0.988456 0.982367 0.121013 0.142515 -0.129445 0.990252 0.051431
-5.815686 -61.463585 -192.851540 -2628.615108 -0.128819 0.026139 0.991324 0.460602 0.886857 0.036469 -0.878209 0.461304 -0.126283
-243.522709 -2082.714835 -115047.330914 -82859.063884 0.901002 0.120245 -0.416818 0.420214 -0.003200 0.907419 -0.107778 0.992739 0.053411
-17.012362 -58.638992 584.951080 -2059.663906 0.360258 -0.388723 -0.848003 -0.221274 0.847490 -0.482492 0.906230 0.361463 0.219300
4.382882 -10.737534 147.449556 209.569065 0.821171 0.479984 -0.308697 0.473746 -0.271750 0.837686 -0.318187 0.834127 0.450543
6.671763 -11.564505 113.730687 267.783002 0.738344 0.591697 -0.323640 0.521906 -0.197348 0.829860 -0.427156 0.781632 0.454521
6.727230 -13.917785 140.506530 192.166267 0.782459 0.542497 -0.305704 0.399731 -0.061159 0.914590 -0.477466 0.837828 0.264708
0.460709 -5.427316 -3.399544 8.941334 0.403994 0.913787 -0.042207 -0.605186 0.232390 -0.761409 0.685958 -0.333148 -0.646896
0.620554 -5.624442 2.732980 24.677204 0.399176 0.914942 -0.059493 -0.591039 0.207170 -0.779586 0.700951 -0.346354 -0.623463
0.259968 -8.234381 -18.024180 129.071881 -0.014784 0.978154 -0.207355 -0.179138 0.201431 0.962982 -0.983713 -0.051382 -0.172246
0.157346 -8.341166 -33.345650 130.072552 -0.034219 0.980838 -0.191796 -0.174251 0.183114 0.967526 -0.984107 -0.066528 -0.164646
3.070916 -12.759715 3.335573 -68.092135 0.415347 0.874573 -0.250219 0.786399 -0.483475 -0.384485 0.457235 0.037077 0.888573
3.316540 -13.611522 24.673165 -169.009619 0.397360 0.871449 -0.287543 0.695602 -0.490410 -0.525010 0.598534 -0.008602 0.801051
0.772547 -35.091732 -22.439329 643.485229 0.055912 0.983462 -0.172266 -0.767955 0.152621 0.622055 -0.638059 -0.097512 -0.763788
0.481566 -29.416583 4.723071 487.272445 0.033638 0.993920 -0.104836 -0.608631 0.103574 0.786664 -0.792740 -0.037345 -0.608415
160.398059 -3.638971 -5249.751621 301.404447 0.970358 -0.239915 -0.029093 0.042580 0.288224 -0.956616 -0.237892 -0.927021 -0.289896
63.102776 -9.376028 2509.353340 20.387295 -0.494046 0.866878 -0.066639 -0.522475 -0.234754 0.819701 -0.694937 -0.439788 -0.568902
50.344799 -9.280582 2064.507182 105.078409 -0.303218 0.946694 -0.108765 -0.438251 -0.037188 0.898083 -0.846165 -0.319981 -0.426165
272.457565 -0.785089 -4095.860630 168.901174 0.974221 -0.185186 0.128841 0.142562 0.062736 -0.987796 -0.174843 -0.980699 -0.087519
8.877102 -15.762617 76.104528 -125.665993 0.735358 0.613449 -0.287973 0.076641 0.346931 0.934754 -0.673331 0.709449 -0.208103
8.878841 -13.864344 13.124020 -163.064235 0.709665 0.643270 -0.287365 -0.107262 0.501769 0.858326 -0.696326 0.578300 -0.425087
