18432
36838
-5.111180 -8.219467 35.271727 114.013270 -0.552498 0.823457 -0.129095 -0.645761 -0.520807 -0.558348 0.527009 0.225121 -0.819501
-6.070490 -9.911807 37.442558 64.993154 -0.426234 0.904522 -0.012872 -0.669146 -0.324830 -0.668378 0.608743 0.276272 -0.743710
-7.852469 -9.950515 145.979947 203.337492 -0.109226 0.973030 0.203180 -0.817002 0.028549 -0.575928 0.566196 0.228905 -0.791849
-4.708102 -8.371024 -42.821486 88.017552 -0.621855 0.772752 -0.127086 -0.570458 -0.558154 -0.602529 0.536539 0.302188 -0.787914
-6.545241 -7.794702 -55.572714 200.543961 0.076456 0.974356 0.211623 -0.883318 0.164641 -0.438910 0.462497 0.153373 -0.873255
-4.821125 -7.430719 24.548332 -95.907111 -0.733494 0.641577 -0.224421 0.492881 0.729421 0.474355 0.468033 0.237324 -0.851248
6.245261 -6.452764 -15.151920 50.216572 -0.060368 0.990517 -0.123417 -0.923308 -0.008430 0.383967 -0.379286 -0.137131 -0.915061
6.679583 -6.918737 -3.606419 32.352838 -0.151114 0.983041 -0.103902 -0.872168 -0.083116 0.482094 -0.465283 -0.163471 -0.869936
6.588544 -2.598066 15.125986 19.791993 0.004582 0.976082 -0.217357 -0.934077 0.081785 0.347580 -0.357043 -0.201435 -0.912110
8.712341 -4.029056 243.579370 112.572186 0.184232 0.960114 -0.210333 -0.952203 0.227396 0.203961 -0.243655 -0.162704 -0.956117
4.930839 -49.346523 511.878041 -2674.616387 -0.201080 0.956714 0.210394 -0.931187 -0.120017 -0.344218 0.304067 0.265132 -0.915013
0.065371 -8.885858 186.179088 -434.661817 0.358164 0.924516 0.130339 -0.893835 0.379866 -0.238246 0.269774 0.031170 -0.962419
-1.603098 -24.040727 291.018931 -1940.953860 0.397114 0.905286 0.150856 -0.809022 0.422909 -0.408205 0.433341 -0.040058 -0.900340
-3.799315 -33.027024 1005.247661 -2232.730078 -0.140124 0.965747 0.218397 -0.924195 -0.048423 -0.378839 0.355287 0.254926 -0.899324
1.940059 -13.824019 -111.681174 131.262163 0.403748 0.902857 0.147771 -0.080026 0.195755 -0.977382 0.911363 -0.382791 -0.151288
2.726923 -11.810985 6.194673 306.353152 0.350870 0.894700 0.276411 -0.261354 0.377011 -0.888570 0.899213 -0.239531 -0.366116
1.920086 -17.102040 9.034797 489.830758 0.407717 0.904260 0.126805 -0.220025 0.232073 -0.947487 0.886203 -0.358407 -0.293580
1.498423 -16.385292 -49.672923 82.247089 0.425906 0.901785 0.073394 0.004951 0.078795 -0.996879 0.904754 -0.424940 -0.029095
2.825834 -12.972576 -127.630754 -95.895564 0.406022 0.912744 0.045217 0.144855 -0.015425 -0.989333 0.902310 -0.408241 0.138478
-2.149280 -6.432887 -40.390330 -34.382453 -0.303878 0.950160 0.069675 0.952393 0.301074 0.047981 0.024612 0.080938 -0.996415
-2.693045 -5.983441 -46.227214 22.713348 -0.256550 0.962768 0.085200 -0.963602 -0.261635 0.054949 -0.075194 0.068001 -0.994848
-2.382539 -6.616909 -24.688313 -23.281501 -0.251493 0.960768 0.116947 0.966127 0.241978 0.089695 0.057878 0.135544 -0.989079
-1.849907 -7.077398 -16.390234 28.352282 -0.270795 0.956994 0.104078 -0.946332 -0.244833 -0.210982 0.176427 0.155626 -0.971933
-1.390969 -6.977416 42.084673 -18.077491 -0.179672 0.967654 0.177098 0.962509 0.135737 0.234843 0.203208 0.212653 -0.955764
-1.822636 -6.638200 41.341113 -15.301250 -0.146197 0.971333 0.187455 0.986052 0.127846 0.106570 0.079550 0.200420 -0.976475
-2.372199 -7.805609 -55.802871 -73.232605 0.281325 0.910016 -0.304513 0.059707 -0.333313 -0.940924 0.957753 -0.246524 0.148103
-3.391390 -8.681670 -8.974363 -6.806647 0.261292 0.951775 -0.160781 -0.016620 -0.162107 -0.986633 0.965117 -0.260471 0.026539
-2.255099 -7.911365 90.988041 -85.001742 0.197849 0.980204 -0.007448 0.137442 -0.035263 -0.989882 0.970549 -0.194823 0.141698
-1.290377 -5.121238 42.902251 -293.160481 0.222019 0.967654 -0.119806 0.219611 -0.169342 -0.960778 0.949989 -0.187000 0.250105
-0.657537 -5.354096 -125.373031 -234.766565 0.306657 0.807859 -0.503314 0.095055 -0.552141 -0.828315 0.947062 -0.206166 0.246108
-3.169037 -9.876071 33.993885 148.469203 0.159714 0.986109 -0.045603 -0.853677 0.114772 -0.507999 0.495709 -0.120065 -0.860150
-1.801576 -8.466115 -1.553759 -95.133410 0.200150 0.978675 -0.046202 -0.876356 0.157740 -0.455103 0.438110 -0.131578 -0.889239
-1.990825 -9.492428 29.552614 78.632846 0.001673 0.995074 -0.099121 -0.850993 -0.050639 -0.522730 0.525175 -0.085226 -0.846716
-3.211569 -13.757296 67.550658 295.799748 0.016265 0.998589 -0.050547 -0.791417 -0.018038 -0.611010 0.611060 -0.049942 -0.790007
-5.048939 -16.684059 52.007711 454.371110 0.214563 0.976393 0.024884 -0.780661 0.186751 -0.596399 0.586967 -0.108539 -0.802302
0.150194 -18.595530 6.257477 185.524825 -0.560244 -0.816851 -0.137409 0.806158 -0.499572 -0.317077 0.190359 -0.288413 0.938393
-0.241557 -17.907873 7.990473 128.105754 -0.554049 -0.821831 -0.132754 0.809769 -0.495037 -0.314980 0.193142 -0.282014 0.939768
0.167368 -19.732790 4.888786 -140.471216 -0.552300 -0.822658 -0.134903 0.833299 -0.549458 -0.060896 -0.024027 -0.146047 0.988986
1.918613 -5.120057 -57.855118 23.814673 0.493267 0.868814 0.043023 -0.590686 0.370847 -0.716633 0.638575 -0.328078 -0.696123
2.079533 -4.754385 7.791583 22.368954 0.427463 0.903523 0.030353 -0.633468 0.323314 -0.702984 0.644976 -0.281272 -0.710558
1.338629 -4.942650 -41.081067 43.629411 0.515921 0.854067 0.066299 -0.609480 0.420353 -0.672189 0.601963 -0.306389 -0.737405
0.278209 -5.335955 -149.580999 49.648328 0.538875 0.841266 0.043411 -0.600521 0.419783 -0.680556 0.590752 -0.340666 -0.731409
0.796269 -4.691995 -25.392580 31.204568 0.540221 0.836184 0.094644 -0.620229 0.471646 -0.626790 0.568751 -0.279905 -0.773419
-0.064345 -4.945402 -114.518694 46.175854 0.534780 0.843372 0.052292 -0.632671 0.440661 -0.636825 0.560123 -0.307478 -0.769233
12.321819 -10.397076 -325.030785 119.954135 0.433130 0.745261 0.506937 -0.749083 0.610431 -0.257389 0.501272 0.268255 -0.822658
14.545364 -10.591183 -354.011216 59.197157 0.462398 0.733139 0.498693 -0.793110 0.593455 -0.137064 0.396439 0.332141 -0.855873
10.914639 -11.023381 -355.289893 106.167594 0.452010 0.808461 0.376931 -0.791741 0.558268 -0.247957 0.410893 0.186353 -0.892435
0.296810 -7.500079 0.894409 -71.940269 -0.228190 0.970335 0.079875 0.750348 0.227546 -0.620645 0.620408 0.081691 0.780013
0.319262 -8.085066 5.114790 -81.073550 -0.213949 0.975492 0.051399 0.775213 0.201567 -0.598678 0.594366 0.088241 0.799339
-0.001854 -9.307577 0.933404 -83.551965 -0.168767 0.985526 0.016003 0.652146 0.123822 -0.747913 0.739069 0.115787 0.663604
-0.047300 -8.791282 -0.218239 -83.173769 -0.185239 0.981829 0.041204 0.632408 0.151198 -0.759736 0.752161 0.114675 0.648924
-0.309018 -10.718372 -0.456191 -66.537100 -0.141018 0.989886 -0.015495 0.477490 0.054295 -0.876958 0.867247 0.131065 0.480317
-0.158885 -10.895454 0.297669 -48.238376 -0.126261 0.991195 -0.039872 0.493377 0.027876 -0.869369 0.860603 0.129439 0.492553
-0.682568 -32.067795 32.197910 523.485326 0.251839 0.967056 0.037137 0.583895 -0.121231 -0.802727 0.771780 -0.223842 0.595190
-1.191413 -28.800425 53.282041 -514.554817 0.241547 0.969759 0.034971 0.823633 -0.185828 -0.535814 0.513112 -0.158228 0.843611
-1.063792 -30.217813 6.404498 375.753297 0.235042 0.968651 0.080435 0.605992 -0.081335 -0.791302 0.759953 -0.234732 0.606112
-0.398127 -30.862076 42.363572 -504.950056 0.267293 0.963351 0.022552 0.812559 -0.212750 -0.542665 0.517979 -0.163375 0.839647
0.528638 -33.732921 84.149461 692.507421 0.265848 0.964006 0.004241 0.556775 -0.149950 -0.817017 0.786973 -0.219563 0.576599
0.938915 -18.574067 -2.368371 201.378592 -0.582954 0.790703 0.186959 0.790918 0.604927 -0.092259 0.186046 -0.094086 0.978026
0.922811 -18.522047 4.548947 0.965480 -0.579228 0.795317 0.178787 0.760785 0.606191 -0.231817 0.292748 -0.001744 0.956188
0.792881 -18.404577 9.251207 251.459808 -0.572152 0.797747 0.190375 0.786966 0.599366 -0.146439 0.230926 -0.066034 0.970728
-0.891543 -18.543938 -30.048602 105.130561 -0.526091 0.849520 -0.039299 -0.798407 -0.477467 0.366841 -0.292875 -0.224368 -0.929453
-0.975124 -17.733757 -22.699440 235.350753 -0.536533 0.843272 -0.032027 -0.715397 -0.434387 0.547280 -0.447594 -0.316546 -0.836337
-1.242360 -18.026431 -17.925086 101.728128 -0.517671 0.855380 -0.018480 -0.784850 -0.466166 0.408290 -0.340628 -0.225863 -0.912665
-0.629072 -18.410385 -28.733516 243.903449 -0.544327 0.837683 -0.044660 -0.737227 -0.452291 0.501925 -0.400255 -0.306136 -0.863757
-1.189808 -18.742860 -21.270519 -9.722037 -0.501549 0.864905 -0.019706 -0.849081 -0.487750 0.202883 -0.165863 -0.118487 -0.979005
-0.548718 -19.682191 -38.041675 122.460010 -0.531046 0.845434 -0.056839 -0.814899 -0.491179 0.307704 -0.232226 -0.209723 -0.949783
-0.814063 -19.428176 -35.024637 9.087297 -0.508156 0.859969 -0.047223 0.854429 0.496470 -0.153194 -0.108297 -0.118195 -0.987067
-1.061064 -16.763445 -26.265129 57.113877 -0.487741 0.869427 0.078771 -0.106965 -0.149069 0.983024 -0.866410 -0.471036 -0.165706
-1.069927 -16.723308 -25.164705 -113.284713 -0.483568 0.871940 0.076698 0.031747 -0.070096 0.997035 -0.874731 -0.484569 -0.006215
-1.908429 -17.110175 -59.017499 43.902200 -0.480671 0.874383 0.066410 -0.047675 -0.101679 0.993674 -0.875604 -0.474464 -0.090560
-2.411443 -6.113302 17.970271 8.185781 0.336324 0.499259 0.798515 0.717888 0.412876 -0.560509 -0.609527 0.761757 -0.219552
-2.051263 -6.214269 16.251750 9.389123 0.332750 0.465170 0.820301 0.676085 0.488740 -0.551401 -0.657409 0.738071 -0.151866
-2.300917 -6.027017 14.665018 12.841116 0.344283 0.478067 0.808035 0.739833 0.391729 -0.546987 -0.578027 0.786130 -0.218824
-2.638787 -6.234402 2.443802 -13.089323 0.315352 0.494628 0.809874 0.792172 0.332687 -0.511647 -0.522509 0.802909 -0.286917
-2.490780 -6.275594 14.567155 -14.361853 0.300741 0.454907 0.838221 0.808320 0.344859 -0.477170 -0.506136 0.821055 -0.263997
0.728141 -21.682967 -12.272786 -77.868464 -0.487193 0.872187 -0.043963 -0.809902 -0.470085 -0.350827 0.326653 0.135314 -0.935408
0.761152 -22.523653 -23.409702 -218.652737 -0.496586 0.866770 -0.045958 -0.848495 -0.495911 -0.184737 0.182915 0.052743 -0.981713
0.498863 -21.873276 -5.810223 6.532110 -0.492527 0.869335 -0.040913 -0.820618 -0.479555 -0.310828 0.289834 0.119517 -0.949585
0.546820 -22.747242 2.335304 185.918447 -0.492645 0.869013 -0.046014 -0.759728 -0.455274 -0.464262 0.424399 0.193758 -0.884502
7.335799 -44.320344 -282.868123 87.265251 -0.462683 0.838785 -0.286991 0.551081 0.018545 -0.834246 0.694430 0.544147 0.470819
11.011693 -44.901654 313.044329 -62.391732 0.458827 -0.832508 0.310496 0.752203 0.177940 -0.634451 0.472937 0.524659 0.707859
9.087394 -43.178733 -139.849036 632.642327 -0.460651 0.794762 -0.395164 0.611666 -0.038362 -0.790185 0.643168 0.605708 0.468458
4.925041 -37.612885 -200.953154 434.880368 -0.471386 0.820418 -0.323589 0.351694 -0.161607 -0.922060 0.808769 0.548451 0.212357
6.670412 -35.471860 -100.355558 207.447459 -0.467017 0.771570 -0.431942 0.461665 -0.203863 -0.863310 0.754162 0.602593 0.261000
-556.285192 -2026.099139 46789.129928 368514.706808 -0.547197 -0.194090 -0.814189 0.794290 0.186363 -0.578250 0.263967 -0.963119 0.052186
-77.780263 -9226.932872 6512.994512 -1766976.775788 -0.301970 0.700677 -0.646426 0.951476 0.263640 -0.158705 0.059223 -0.662983 -0.746288
-62.875736 -1153.928042 238.784689 -136129.334961 0.424552 0.833625 -0.353305 -0.143924 -0.323120 -0.935350 0.893891 -0.447954 0.017203
-116.742550 -878.946408 -6209.449483 -116008.183145 0.235356 -0.831098 -0.503869 0.947940 0.310720 -0.069732 0.214517 -0.461226 0.860961
-0.690726 -18.488486 12.969880 -227.703451 -0.499503 0.859343 0.109662 0.012653 -0.119334 0.992773 -0.866220 -0.497281 -0.048734
-0.468984 -16.827798 -1.786918 -104.235427 -0.498386 0.863013 0.082582 -0.091999 -0.147364 0.984794 -0.862060 -0.483210 -0.152841
-0.573453 -16.976463 12.541440 -104.307480 -0.501256 0.861163 0.084496 -0.148779 -0.181969 0.971984 -0.852412 -0.474642 -0.219336
-0.888592 -18.757212 26.030421 -230.740190 -0.504880 0.855964 0.111452 -0.037961 -0.151009 0.987803 -0.862354 -0.494491 -0.108735
-0.945683 -20.587154 21.287942 -220.867973 -0.505402 0.852090 0.136059 0.156476 -0.064562 0.985569 -0.848578 -0.519398 0.100702
1.771761 -5.943045 176.866300 9.090683 0.378873 0.921818 0.081899 -0.579449 0.167290 0.797655 -0.721592 0.349666 -0.597527
3.241102 -6.054314 105.933044 15.996581 0.331455 0.942020 0.052305 -0.568013 0.154978 0.808296 -0.753325 0.297624 -0.586448
2.083350 -6.183885 176.360829 17.108337 0.350953 0.931494 0.095663 -0.653692 0.170569 0.737288 -0.670461 0.321288 -0.668772
-0.017905 -6.033272 140.580021 7.723790 0.380331 0.921824 0.074761 -0.655143 0.211479 0.725303 -0.652791 0.324834 -0.684358
-0.125411 -5.845340 109.725362 13.308443 0.398977 0.916143 0.038723 -0.573064 0.216156 0.790490 -0.715832 0.337578 -0.611249
-4.317125 -11.080790 -87.198070 -128.822790 -0.001497 0.983595 0.180387 -0.873048 -0.089248 0.479398 -0.487632 0.156769 -0.858859
-3.387211 -12.271007 -119.356746 -78.762062 -0.057440 0.983064 0.174026 -0.817477 -0.146376 0.557050 -0.573090 0.110265 -0.812041
-4.317949 -11.524356 -95.957087 -127.051352 -0.067961 0.972508 0.222733 -0.813227 -0.183327 0.552316 -0.577965 0.143597 -0.803329
-4.891206 -10.530849 -19.089721 -127.281334 0.008948 0.970206 0.242115 -0.860934 -0.115685 0.495389 -0.508638 0.212878 -0.834248
-0.769025 -19.564287 -19.277703 135.665125 0.221914 0.972242 -0.074162 0.836287 -0.228887 -0.498232 0.501377 -0.048544 0.863866
-0.393918 -20.916881 102.061251 119.061481 0.275132 0.943494 -0.184720 0.817648 -0.330699 -0.471264 0.505722 0.021376 0.862432
-1.885263 -18.567977 51.732747 148.881173 0.294518 0.948270 -0.118507 0.903225 -0.316720 -0.289608 0.312160 0.021744 0.949781
0.609629 -23.328151 48.315412 -223.180149 0.240650 0.960040 -0.142864 0.715285 -0.274907 -0.642490 0.656090 -0.052427 0.752859
-1.314521 -16.506245 -115.572896 117.719167 0.239400 0.970900 0.006420 0.930085 -0.227429 -0.288475 0.278620 -0.075032 0.957466
1.331877 -22.792048 -98.316205 -282.754570 0.161312 0.986470 -0.029259 0.740321 -0.140560 -0.657395 0.652613 -0.084384 0.752978
0.696970 -17.696840 -179.225528 -26.420784 0.125442 0.991071 0.045190 0.881079 -0.090351 -0.464259 0.456031 -0.098053 0.884546
2.082957 -34.278997 134.078934 1320.452290 -0.710046 0.699431 -0.081433 -0.016478 -0.132119 -0.991097 0.703963 0.702382 -0.105336
2.341391 -22.164906 15.486851 1008.366069 -0.671673 0.740112 -0.033007 -0.165435 -0.193267 -0.967098 0.722140 0.644113 -0.252253
2.920592 -23.199142 113.852235 977.869924 -0.661385 0.747154 -0.065811 -0.178946 -0.242393 -0.953532 0.728388 0.618875 -0.294015
3.109263 -41.981740 24.107394 1486.977828 -0.621714 0.780498 -0.065529 0.047267 -0.046124 -0.997817 0.781817 0.623454 0.008216
3.350284 -7.064010 -32.143227 156.794168 -0.589124 0.785276 0.190458 -0.427089 -0.102517 -0.898379 0.685951 0.610599 -0.395778
2.549615 -10.790208 -15.685008 238.985931 -0.582400 0.804984 0.113188 -0.399996 -0.162568 -0.901984 0.707681 0.570590 -0.416670
2.090509 -28.057865 -65.291101 876.040675 -0.555994 0.830770 -0.026323 -0.164301 -0.140893 -0.976296 0.814786 0.538490 -0.214832
0.940016 -2.360884 -76.591086 25.078986 0.257552 0.964773 -0.053671 -0.546347 0.099587 -0.831617 0.796977 -0.243508 -0.552750
0.913678 -3.108907 -67.949635 66.475776 0.205759 0.971449 -0.118113 -0.534183 0.010368 -0.845305 0.819946 -0.237023 -0.521065
1.633034 -2.158428 -53.760631 38.039427 0.227219 0.972901 -0.042832 -0.549605 0.091803 -0.830365 0.803931 -0.212216 -0.555571
-6.798440 -8.383311 65.022963 28.838090 0.983537 0.004564 0.180648 -0.092137 -0.847307 0.523051 -0.155451 0.531084 0.832937
-6.034543 -7.969016 54.740439 25.253938 0.976436 -0.137077 0.166683 -0.195474 -0.889068 0.413943 -0.091451 0.436771 0.894912
-6.034809 -8.276992 51.165849 29.885949 0.999219 0.035921 0.016458 0.019793 -0.815567 0.578324 -0.034196 0.577547 0.815641
-6.526583 -8.012952 68.788945 22.180355 0.940246 -0.184538 0.286152 -0.275780 -0.905639 0.322122 -0.199707 0.381789 0.902416
-7.072283 -8.703624 67.647430 7.727648 0.985089 0.148044 0.087657 0.050763 -0.736908 0.674085 -0.164389 0.659583 0.733435
-7.938977 -8.782030 59.765922 17.832696 0.946612 0.271072 0.174486 0.102325 -0.765912 0.634750 -0.305704 0.583008 0.752759
-7.478677 -8.362325 71.860999 31.804627 0.954684 0.033221 0.295762 -0.107769 -0.887728 0.447577 -0.277425 0.459169 0.843919
-0.027534 -2.007277 -115.595707 52.269509 0.165620 0.982892 0.080576 0.817477 -0.091125 -0.568707 0.551636 -0.160059 0.818584
-1.107146 -2.213460 -36.496012 46.755038 -0.066506 0.976274 0.206075 0.820713 0.170982 -0.545156 0.567457 -0.132872 0.812612
-0.177278 -3.093284 -153.917984 71.095955 0.184574 0.979818 0.076743 0.833518 -0.114683 -0.540459 0.520750 -0.163721 0.837863
2.363470 -2.961353 -265.114835 69.904796 0.278829 0.959968 0.026737 0.812052 -0.220821 -0.540195 0.512666 -0.172334 0.841115
2.113107 -2.017671 -221.563444 43.078100 0.328119 0.944288 -0.025656 0.773101 -0.284044 -0.567128 0.542819 -0.166251 0.823230
-3.052141 -7.916053 64.590948 -10.447957 0.045989 0.954665 -0.294108 0.656125 0.193138 0.729519 -0.753249 0.226522 0.617498
-2.230861 -7.679602 126.247565 19.783286 0.127225 0.949877 -0.285566 0.764584 0.089483 0.638282 -0.631842 0.299544 0.714876
-1.812117 -7.707277 92.483269 14.308610 0.097398 0.944396 -0.314054 0.679340 0.167524 0.714446 -0.727331 0.282935 0.625250
-2.493444 -7.762151 44.488647 -25.999635 0.042984 0.950834 -0.306705 0.549624 0.233854 0.802014 -0.834306 0.203046 0.512549
0.023597 -7.697370 9.698584 -12.519377 -0.091105 0.992703 0.079001 0.599993 -0.008598 0.799959 -0.794801 -0.120280 0.594831
0.116576 -7.682071 6.158441 -11.923295 -0.118407 0.991289 0.057673 0.596917 0.024645 0.801925 -0.793518 -0.129380 0.594635
0.189183 -7.882625 12.517876 -1.713019 -0.099604 0.993049 0.062704 0.467931 -0.008867 0.883721 -0.878134 -0.117363 0.463795
-0.028954 -8.024461 7.943199 3.008256 -0.090781 0.992886 0.077047 0.488858 -0.022974 0.872061 -0.867627 -0.116831 0.483295
0.000145 -8.299292 13.230881 23.574127 -0.095512 0.994522 0.042476 0.349270 -0.006476 0.937000 -0.932142 -0.104330 0.346738
0.347539 -8.059235 19.478950 14.322788 -0.103635 0.993938 0.036697 0.323134 -0.001248 0.946352 -0.940662 -0.109933 0.321046
6.272493 -7.255714 -66.189214 -106.900587 0.288750 0.940545 -0.178882 -0.423464 0.293036 0.857209 -0.858663 0.171769 -0.482901
4.801274 -7.098452 -109.500113 49.790265 0.141213 0.975942 -0.166123 -0.404715 0.210052 0.889991 -0.903474 0.058446 -0.424641
5.447661 -7.583424 -135.297572 163.127904 0.255847 0.945138 -0.203117 -0.448986 0.302248 0.840867 -0.856127 0.123936 -0.501683
5.568723 -7.926057 -72.285276 -188.118418 0.161681 0.975931 -0.146346 -0.368276 0.197253 0.908550 -0.915550 0.092999 -0.391305
6.485684 -7.706657 -36.222943 12.462893 0.412660 0.892810 -0.180562 -0.472744 0.379358 0.795362 -0.778604 0.242855 -0.578616
6.528582 -9.301751 -7.270761 -301.932457 0.292988 0.949821 -0.109539 -0.392674 0.223995 0.891983 -0.871760 0.218327 -0.438598
6.625131 -8.586499 49.246642 -247.196034 0.426274 0.897936 -0.109555 -0.461136 0.319894 0.827660 -0.778231 0.302290 -0.550433
-2.182300 -12.742750 2.828147 29.923537 0.364411 0.910792 0.194069 -0.522918 0.027694 0.851933 -0.770559 0.411936 -0.486362
-2.028129 -13.008343 5.148091 3.481166 0.347136 0.914019 0.209916 -0.662197 0.080397 0.745004 -0.664072 0.397624 -0.633170
-2.140738 -12.345579 -4.602735 18.826685 0.303762 0.935464 0.180653 -0.534470 0.010345 0.845124 -0.788714 0.353270 -0.503120
-2.142580 -12.228239 -3.880386 49.612298 0.307501 0.936019 0.171207 -0.377937 -0.044984 0.924738 -0.873273 0.349064 -0.339924
-1.952636 -11.980686 -15.815627 37.440092 0.254285 0.955870 0.147143 -0.493593 -0.002569 0.869689 -0.831688 0.293777 -0.471157
1.456814 -20.610566 38.254595 194.825014 0.456603 0.887014 0.068705 0.218012 -0.036684 -0.975256 0.862545 -0.460283 0.210130
0.330199 -20.886040 30.184347 -93.208332 0.424221 0.902369 0.075937 0.511189 -0.169412 -0.842606 0.747477 -0.396270 0.533149
0.783777 -20.009676 38.953822 225.177622 0.411060 0.906297 0.098266 0.217121 0.007359 -0.976117 0.885375 -0.422578 0.193751
-0.186267 -7.001138 -37.519957 39.851826 -0.061899 0.971878 0.227205 0.948530 -0.013556 0.316398 -0.310580 -0.235096 0.921016
-0.318418 -7.271653 -18.928026 53.216438 -0.073558 0.972374 0.221534 0.951803 0.002126 0.306703 -0.297759 -0.233417 0.925665
-0.287552 -7.551054 -13.413219 5.350909 -0.018822 0.968982 0.246415 0.896708 -0.092648 0.432818 -0.442223 -0.229109 0.867149
-1.073711 -13.698798 -72.032729 6.320973 0.316301 0.945434 0.078155 0.933142 -0.295231 -0.205145 0.170878 -0.137818 0.975606
-2.219090 -13.505742 -66.793461 -11.964573 0.336654 0.940916 0.036626 0.928717 -0.325368 -0.177821 0.155398 -0.093880 0.983381
-1.349250 -13.593474 71.149815 -12.037425 -0.299125 -0.951224 -0.075474 0.954189 -0.298749 -0.016488 -0.006864 -0.076948 0.997011
-0.239944 -14.016782 54.603228 8.473296 -0.278810 -0.957058 -0.079410 0.960234 -0.276556 -0.038316 0.014709 -0.086935 0.996105
5.312078 -7.883352 -12.880692 -16.809400 -0.407178 0.886079 -0.221518 -0.417189 0.035321 0.908133 -0.812502 -0.462187 -0.355280
5.607802 -8.366866 62.073564 12.258738 -0.312924 0.935905 -0.161744 -0.432265 0.011299 0.901676 -0.845710 -0.352072 -0.401024
4.903664 -8.064585 51.236171 23.395849 -0.308288 0.940634 -0.142010 -0.230312 0.071039 0.970520 -0.922992 -0.331906 -0.194739
-0.719132 -24.201142 6.256985 12.055282 -0.319239 0.882128 -0.346318 -0.731482 0.002971 0.681855 -0.602512 -0.471000 -0.644312
-0.775784 -24.362181 -5.164387 89.386859 -0.345436 0.871274 -0.348650 -0.719824 -0.007633 0.694114 -0.602102 -0.490738 -0.629800
-0.891099 -22.765048 10.930956 20.998878 -0.334014 0.884782 -0.324954 -0.590896 0.072041 0.803524 -0.734354 -0.460402 -0.498752
-0.631462 -25.019394 15.350415 -4.306087 -0.320322 0.877327 -0.357338 0.853857 0.104026 -0.510006 -0.410270 -0.468482 -0.782434
-1.002230 -22.547511 13.302496 87.830913 -0.318241 0.892264 -0.320294 -0.536372 0.109113 0.836899 -0.781683 -0.438132 -0.443861
-0.648129 -24.524278 -38.955027 -63.836697 -0.314501 0.868161 -0.383909 0.862082 0.091918 -0.498364 -0.397372 -0.487696 -0.777334
-0.781532 -23.653455 -25.992292 51.465456 -0.314455 0.880285 -0.355268 -0.742513 0.005084 0.669812 -0.591432 -0.474417 -0.652025
0.719735 -12.388956 -23.627407 188.889685 0.044935 0.983301 -0.176353 0.998707 -0.048421 -0.015514 -0.023794 -0.175428 -0.984205
0.282251 -10.827868 -27.574099 -78.608746 0.079063 0.981538 -0.174161 0.995429 -0.068346 0.066704 0.053569 -0.178639 -0.982455
0.981245 -12.017953 -48.948576 -31.243427 0.125352 0.978910 -0.161312 0.991463 -0.117722 0.056060 0.035888 -0.166962 -0.985310
-1.850567 -6.087981 -59.055195 -47.376259 0.570062 0.534633 -0.623856 0.437213 0.445477 0.781278 -0.695610 0.718135 -0.020201
-2.426583 -6.333029 -20.504433 -54.866303 0.548952 0.480890 -0.683664 0.505389 0.460515 0.729731 -0.665758 0.746104 -0.009764
-1.988783 -6.172831 -6.793207 -65.481099 0.548496 0.444681 -0.708104 0.465850 0.540734 0.700422 -0.694360 0.714049 -0.089435
-1.695468 -6.207076 -19.186838 -55.811318 -0.503425 -0.342183 0.793394 0.529799 0.603120 0.596288 -0.682551 0.720526 -0.122337
-1.493407 -5.422168 -18.095863 -60.285860 -0.550372 -0.412794 0.725736 0.421807 0.612670 0.668367 -0.720534 0.673971 -0.163077
-1.741886 -5.700330 -3.004193 -28.682547 -0.581101 -0.504989 0.638207 0.384538 0.520764 0.762191 -0.717253 0.688325 -0.108429
0.890566 -24.831053 -0.467125 77.897789 -0.340705 0.930102 -0.137223 0.841760 0.366786 0.396117 -0.418761 -0.019450 0.907888
0.672868 -23.063431 -23.527633 -67.426479 -0.360531 0.925957 -0.112345 0.816750 0.371568 0.441426 -0.450485 -0.067389 0.890237
0.714405 -24.802458 -7.584119 -69.303570 -0.374970 0.914545 -0.151673 0.691554 0.384911 0.611226 -0.617375 -0.124301 0.776787
0.830063 -27.178610 23.455710 -29.521538 -0.349045 0.919890 -0.178802 0.751916 0.388795 0.532410 -0.559276 -0.051391 0.827387
0.466231 -22.321516 -34.468543 -34.838839 -0.400340 0.906089 -0.136863 0.605161 0.373568 0.703013 -0.688119 -0.198620 0.697884
0.530264 -25.030248 -15.106471 29.486114 -0.404412 0.897897 -0.173873 0.492250 0.373922 0.786049 -0.770806 -0.232299 0.593208
-1.610032 -6.380172 -254.300134 -355.360475 0.535367 0.764367 -0.359340 0.838454 -0.532273 0.116962 -0.101865 -0.363908 -0.925848
4.336597 -3.272931 -309.289971 345.490957 0.703601 0.644929 -0.298351 -0.702522 0.694437 -0.155631 -0.106815 -0.319100 -0.941683
0.599590 -9.173105 775.552645 -1067.530817 0.111251 0.927910 -0.355817 0.987789 -0.142542 -0.062881 -0.109067 -0.344477 -0.932438
3.936745 -5.739137 -296.082666 400.981492 0.858446 0.460877 -0.225082 -0.508698 0.821128 -0.258796 -0.065548 -0.336662 -0.939341
-1.834512 -23.107448 559.353882 -2522.360876 -0.200081 0.916808 -0.345588 0.976702 0.158701 -0.144452 -0.077590 -0.366439 -0.927201
-5.699762 -9.600040 547.163954 -1869.731651 -0.320359 0.879905 -0.350909 0.942484 0.258764 -0.211580 -0.095368 -0.398507 -0.912193
-0.868685 -7.163165 -752.164294 169.433975 0.926622 0.304236 -0.220936 -0.366558 0.861783 -0.350666 -0.083714 -0.405920 -0.910066
4.271374 -127.502266 115.090676 2248.240401 -0.400345 0.916006 -0.025612 -0.914188 -0.401164 -0.057683 0.063113 -0.000321 -0.998006
1.844987 -121.517686 -114.140033 -8262.901103 -0.404061 0.913925 -0.038421 0.914699 0.404046 -0.008503 0.007753 -0.038579 -0.999225
5.035012 -135.710030 431.465057 1692.371668 -0.475392 0.878452 -0.048205 -0.854558 -0.448049 0.262647 -0.209125 -0.166054 -0.963687
0.785324 -286.432426 225.749436 44707.241606 -0.327196 0.943761 -0.047515 -0.901879 -0.326894 -0.282409 0.282059 0.049551 -0.958117
17.067468 -209.136342 1202.189369 18050.315988 -0.550490 0.833415 -0.048782 0.831467 0.542080 -0.121704 -0.074986 -0.107558 -0.991367
4.503974 -168.346728 429.222252 -132.429287 -0.444924 0.893992 -0.053112 -0.790430 -0.419881 -0.446006 0.421026 0.156457 -0.893453
-0.496130 -121.045131 744.509617 9320.306474 -0.460472 0.887485 -0.018316 -0.832013 -0.438698 -0.339557 0.309387 0.141118 -0.940407
-0.156906 -12.419851 -56.174272 -128.029209 -0.365110 0.843732 0.393461 0.852895 0.472566 -0.221925 0.373182 -0.254555 0.892153
-0.680494 -11.638847 42.907666 -220.486791 0.285399 -0.883273 -0.371988 0.924174 0.356440 -0.137304 0.253869 -0.304596 0.918026
0.179429 -10.319582 105.876312 -213.496685 0.261913 -0.888169 -0.377567 0.932364 0.333882 -0.138637 0.249196 -0.315719 0.915545
0.142066 -11.346484 -53.118591 -139.440211 -0.333918 0.859937 0.386015 0.870425 0.438470 -0.223840 0.361744 -0.261253 0.894923
-0.228623 -8.443248 -12.044496 -131.727848 0.465748 -0.010326 -0.884857 0.366263 0.912512 0.182136 0.805562 -0.408920 0.428783
1.379309 -8.485641 -150.544572 82.794966 0.512202 0.086703 -0.854477 0.357181 0.883272 0.303731 0.781070 -0.460775 0.421445
-1.737456 -8.884294 -55.024016 -62.330360 0.488602 0.061303 -0.870351 0.359502 0.894772 0.264843 0.795001 -0.442295 0.415149
-4.289335 -11.011755 -46.785633 357.410109 0.585741 0.348084 -0.731946 0.205833 0.809589 0.549726 0.783926 -0.472656 0.402562
-5.722637 -9.709843 -561.427789 59.157028 0.592616 0.152379 -0.790941 0.284488 0.879064 0.382510 0.753574 -0.451694 0.477597
-240.059944 -546.067454 -16669.112542 -69749.102431 0.124617 0.634696 0.762648 0.607869 0.558663 -0.564261 0.784197 -0.533907 0.316193
-170.972268 -278.749411 2398.318104 4571.765126 0.210341 -0.249617 -0.945224 0.184339 0.959637 -0.212403 0.960092 -0.129565 0.247865
-170.927372 -286.250417 -6283.809967 -14527.699127 0.697782 0.677991 -0.231145 0.422673 -0.650238 -0.631298 0.578314 -0.342810 0.740293
-154.833874 -237.881660 -10068.202143 25544.587122 0.871582 -0.017612 -0.489933 -0.379438 -0.657049 -0.651393 0.310438 -0.753642 0.579355
-260.928836 -343.706008 -20410.105961 -24983.697473 0.793255 0.444865 0.415742 0.473543 -0.021525 -0.880508 0.382758 -0.895339 0.227737
-4.731148 -9.942980 -213.545938 -400.872324 -0.397726 -0.090668 0.913013 0.867337 -0.361697 0.341910 0.299234 0.927877 0.222496
4.346865 -103.386442 -390.847261 -5518.446210 0.992279 -0.064856 -0.105716 0.066862 -0.438172 0.896401 0.104459 0.896549 0.430452
-5.014676 -8.407564 -276.017106 -554.631812 0.935689 -0.157698 -0.315622 0.269806 -0.256632 0.928087 0.227356 0.953557 0.197580
7.106435 -13.024077 909.099879 -474.402027 0.745540 -0.316294 -0.586625 0.358072 -0.552275 0.752846 0.562099 0.771330 0.298487
-0.859117 -4.704103 43.249327 -108.748693 0.002137 -0.267340 0.963600 0.958987 -0.272579 -0.077751 0.283443 0.924246 0.255793
-7.939641 -30.568650 -93.607978 -1427.249884 0.973455 -0.218617 -0.067758 0.017505 -0.224061 0.974418 0.228207 0.949739 0.214286
-19.691900 -87.244579 -965.438627 -4300.328627 0.946739 -0.282507 0.154513 -0.191485 -0.108161 0.975518 0.258878 0.953148 0.156496
-2.755285 -5.668349 -204.404771 115.948987 0.370449 -0.349931 0.860416 0.886532 -0.143223 -0.439942 0.277180 0.925762 0.257168
22.303435 -57.694934 4951.631606 -2790.815136 0.780963 -0.501908 -0.371733 0.300197 -0.220281 0.928094 0.547704 0.836400 0.021360
-0.490917 -19.333091 -9.563811 -686.033719 0.786855 -0.335997 0.517653 -0.608097 -0.279073 0.743193 0.105248 0.899569 0.423909
-1.909966 -28.382821 -40.244928 -1099.238514 0.834691 -0.236799 0.497210 -0.549852 -0.408964 0.728293 -0.030882 0.881292 0.471563
-3.028828 -41.761468 55.878630 -1817.346812 0.896566 -0.221368 0.383621 -0.442174 -0.397469 0.804053 0.025514 0.890514 0.454240
1.146175 -60.683413 45.663021 3022.658661 0.828286 -0.095218 0.552156 -0.063169 0.963303 0.260878 -0.556733 -0.250961 0.791875
0.312186 -53.510607 49.397194 2237.629416 0.827702 -0.087477 0.554308 -0.100872 0.948494 0.300308 -0.552028 -0.304480 0.776246
0.988874 -55.471715 43.352290 938.792470 0.832926 -0.106625 0.543015 0.262979 -0.787114 -0.557937 -0.486905 -0.607522 0.627567
-9.110972 -12.148983 116.233375 199.554734 -0.039300 0.932216 0.359763 -0.725813 0.220824 -0.651485 0.686769 0.286724 -0.667936
-6.453313 -10.720378 14.045266 69.510460 -0.370442 0.926377 0.067807 -0.642248 -0.202717 -0.739205 0.671037 0.317381 -0.670059
-5.224078 -9.713149 -66.876671 79.061733 -0.529965 0.847448 -0.031126 -0.588282 -0.393832 -0.706272 0.610788 0.355989 -0.707256
6.731943 -8.021921 -63.692035 67.518420 -0.084692 0.994647 -0.059197 -0.876140 -0.046043 0.479854 -0.474559 -0.092504 -0.875349
7.613904 -7.491331 -27.770039 -33.807496 -0.124265 0.991116 -0.047403 -0.828339 -0.077318 0.554866 -0.546272 -0.108216 -0.830588
7.414672 -7.589604 -26.209167 -66.561280 -0.236737 0.965804 -0.105732 -0.817282 -0.139113 0.559194 -0.525363 -0.218795 -0.822267
1.102974 -7.546923 -342.735186 -344.618806 0.219018 0.975050 -0.036173 -0.957010 0.207445 -0.202729 0.190167 -0.079019 -0.978567
5.471983 -8.848230 -783.278738 -295.261212 0.073531 0.995545 -0.059019 -0.990114 0.065786 -0.123882 0.119448 -0.067545 -0.990540
-0.293009 -5.576912 -316.160444 -149.466694 0.349845 0.936754 0.010039 -0.924239 0.346881 -0.159550 0.152941 -0.046539 -0.987139
0.177628 -6.749927 -543.662574 -39.878851 0.064548 0.997704 -0.020501 -0.997261 0.063748 -0.037509 0.036116 -0.022866 -0.999086
-1.679447 -3.465430 -239.609324 -203.270983 0.385739 0.922531 0.011926 -0.896388 0.377805 -0.231843 0.218388 -0.078741 -0.972680
-4.021055 -4.784386 69.086721 -174.867960 -0.744796 -0.651636 -0.143699 -0.634830 0.758288 -0.148288 0.205596 -0.019220 -0.978448
-3.797036 -6.492486 -175.795033 28.920874 0.197904 0.979393 0.040287 0.979857 -0.198784 0.019116 0.026731 0.035692 -0.999005
4.382862 -10.394009 -123.612370 258.382111 0.329484 0.890254 0.314465 -0.269683 0.407926 -0.872277 0.904827 -0.202595 -0.374492
1.981012 -8.826285 116.216458 157.753882 0.327345 0.884180 0.333274 -0.328000 0.437102 -0.837471 0.886149 -0.164828 -0.433094
2.471792 -8.869103 151.928332 167.287546 0.384581 0.846372 0.368444 -0.322516 0.497188 -0.805474 0.864917 -0.190941 -0.464177
2.694413 -12.377627 -1.047651 427.657334 0.410146 0.869186 0.276217 -0.314309 0.419020 -0.851841 0.856148 -0.262562 -0.445052
-0.467935 -2.794100 -18.727391 -50.070323 -0.210701 0.967542 -0.139526 0.147233 -0.109692 -0.983000 0.966399 0.227662 0.119342
-0.522518 -2.542481 20.118079 -42.625451 -0.231302 0.972811 -0.011778 0.111946 0.014588 -0.993607 0.966420 0.231142 0.112276
-0.127596 -2.862337 -6.816869 -12.941727 -0.228378 0.972613 0.043203 0.045107 0.054898 -0.997473 0.972527 0.225852 0.056410
-2.835959 -5.399441 -52.324078 28.233297 -0.143518 0.987180 0.069845 -0.968160 -0.154679 0.196827 -0.205107 0.039373 -0.977947
-2.985968 -5.818253 -8.052421 17.277780 -0.114694 0.982920 0.143919 -0.976319 -0.138284 0.166371 -0.183431 0.121429 -0.975504
-2.779306 -8.654429 122.970216 -6.759255 0.181908 0.982488 0.040327 0.025085 0.036361 -0.999024 0.982996 -0.182742 0.018031
-3.969304 -8.469019 39.612176 32.225955 0.247033 0.966840 -0.064775 -0.119826 -0.035854 -0.992147 0.961570 -0.252854 -0.106996
-1.291850 -9.271798 32.039609 -92.570365 0.070628 0.996699 -0.040030 -0.902490 0.046756 -0.428165 0.424880 -0.066367 -0.902814
0.464460 -20.079654 0.105971 -249.926058 0.557093 0.821123 0.124114 0.806211 -0.570603 0.156322 -0.199180 -0.012976 0.979877
0.576302 -20.521817 1.910640 -64.245605 0.562116 0.820009 0.107752 0.769640 -0.566330 0.294830 -0.302787 0.082798 0.949455
0.564317 -19.916103 -3.199224 -164.599161 0.566622 0.815821 0.115653 0.808874 -0.577480 0.110629 -0.157041 -0.030864 0.987110
2.739315 -4.892021 3.879906 -16.337721 0.396249 0.918142 -0.001407 -0.604586 0.259772 -0.752990 0.690986 -0.299222 -0.658030
2.408284 -4.584626 29.630329 -10.678269 0.327189 0.944718 -0.021325 -0.651025 0.209000 -0.729716 0.684919 -0.252638 -0.683418
16.833113 -11.015673 -193.211904 119.188793 0.462781 0.659817 0.592010 0.808601 -0.587902 0.023146 0.363316 0.467988 -0.805598
14.486298 -12.167035 -381.049098 56.053299 0.482244 0.790003 0.378597 0.851676 -0.523999 0.008572 0.205157 0.318308 -0.925522
16.029780 -9.328401 143.942168 33.333518 -0.413829 -0.603624 -0.681457 -0.766203 0.635183 -0.097343 0.491608 0.481851 -0.725356
41.387145 -8.918183 4836.481905 -8.944176 -0.336060 0.857537 0.389480 0.672126 0.508044 -0.538644 0.659780 -0.080763 0.747106
57.461751 -8.335895 10567.736349 -35.758567 -0.305650 0.930053 0.203910 0.835644 0.364677 -0.410743 0.456374 -0.044852 0.888657
14.555498 -8.893207 1944.966813 -0.081408 -0.207310 0.920590 0.330964 0.716554 0.373218 -0.589287 0.666013 -0.114989 0.737024
13.173401 -8.622755 948.352228 50.430320 -0.221601 0.867109 0.446110 0.526285 0.491485 -0.693878 0.820925 -0.081017 0.565260
24.871516 -8.497645 1232.781418 17.787774 -0.236357 0.785041 0.572578 0.493385 0.604619 -0.625305 0.837082 -0.134706 0.530234
-1.559228 -26.993179 -14.768327 -457.261891 0.246231 0.964310 0.097342 0.816759 -0.152380 -0.556494 0.521800 -0.216532 0.825130
-1.664064 -26.058024 40.701313 -991.860373 0.263974 0.964014 0.031544 0.923680 -0.243242 -0.296054 0.277728 -0.107288 0.954650
-0.745593 -26.366683 79.010606 -1145.247229 0.283171 0.959038 -0.007726 0.945768 -0.280571 -0.163717 0.159179 -0.039052 0.986477
-0.747724 -17.562865 -20.030961 149.122724 -0.554641 0.831591 -0.028790 -0.651953 -0.412809 0.636040 -0.517041 -0.371543 -0.771119
8.206893 -20.731014 -470.458107 609.261272 0.355431 0.915706 0.187484 0.586313 -0.062208 -0.807692 0.727946 -0.397004 0.559002
9.585567 -16.962158 -756.903741 554.066899 0.390846 0.886605 0.247328 0.466758 0.040685 -0.883449 0.793332 -0.460735 0.397929
4.016718 -21.017356 -328.526887 355.597108 0.413810 0.898076 0.149064 0.586989 -0.138060 -0.797736 0.695848 -0.417610 0.584292
-1.582231 -6.010925 -0.989322 -32.804929 0.329483 0.456954 0.826217 0.597258 0.576872 -0.557227 -0.731248 0.677061 -0.082850
-1.512555 -6.157988 -34.807020 -16.490162 0.314771 0.451361 0.834981 0.648093 0.540506 -0.536497 -0.693466 0.710019 -0.122388
-2.455128 -6.360186 48.772757 14.260523 0.322888 0.475106 0.818546 0.662160 0.504549 -0.554053 -0.676230 0.720905 -0.151683
-2.035263 -6.156973 50.448462 -3.633103 0.329022 0.453408 0.828351 0.604229 0.573035 -0.553659 -0.725708 0.682679 -0.085421
51.854467 -24.101968 3603.331368 407.499791 0.101157 0.843699 0.527199 0.656871 0.341348 -0.672311 0.747187 -0.414310 0.519672
56.092507 -13.582059 -3759.139836 301.776826 -0.086834 -0.602004 -0.793758 0.484391 0.670727 -0.561685 0.870532 -0.433263 0.233363
89.412899 -15.219683 -6178.090343 15.890094 -0.074349 -0.481186 -0.873460 0.659516 0.633258 -0.404998 0.748005 -0.606172 0.270268
0.821732 -22.684054 -13.144692 -317.882652 -0.489944 0.871281 -0.028713 -0.845556 -0.482976 -0.227529 0.212109 0.087198 -0.973348
0.723834 -24.563136 -21.321792 -189.858244 -0.510243 0.859497 -0.030281 -0.859408 -0.510897 -0.020076 0.032726 -0.015780 -0.999340
0.707430 -23.910959 -40.188813 97.235831 -0.518595 0.853091 -0.057412 0.854742 0.518967 -0.009382 0.021791 -0.053938 -0.998307
-1.949907 -7.627374 58.264528 -506.716507 0.170966 0.848443 0.500915 0.833552 -0.395615 0.385590 -0.525321 -0.351616 0.774857
-0.263851 -11.321704 1056.565323 -1055.936433 -0.171683 0.943328 0.284003 0.829032 -0.017393 0.558931 -0.532195 -0.331406 0.779063
3.507417 -3.974963 19.685348 -462.835386 0.349476 0.758908 0.549478 0.758508 -0.573436 0.309575 -0.550029 -0.308594 0.776040
-3.194857 -19.027416 745.114184 -2020.115912 -0.433937 0.889493 0.143184 0.761812 0.277416 0.585391 -0.480980 -0.363102 0.798007
2.207616 -9.195244 -107.962795 532.542834 0.561339 0.551811 0.616768 -0.655455 0.751427 -0.075738 -0.505249 -0.361749 0.783493
-6.253562 -9.346088 -1216.330353 -200.271129 0.224768 0.785662 0.576380 0.843743 -0.452814 0.288198 -0.487419 -0.421539 0.764675
-1.055408 -12.082411 -571.471401 655.856574 0.544565 0.533991 0.646763 -0.669861 0.740950 -0.047742 -0.504713 -0.407243 0.761195
4.510689 -197.113603 -880.960149 -7123.677659 0.549747 -0.818716 0.165780 0.832175 0.519540 -0.193809 0.072545 0.244504 0.966931
3.872422 -241.110406 -84.340660 6632.900484 0.449587 -0.882424 0.138559 0.890989 0.454024 0.000465 -0.063320 0.123245 0.990354
-3.796629 -233.695872 710.341734 -4237.982162 0.455387 -0.872708 0.176078 0.824115 0.338385 -0.454235 0.336832 0.351962 0.873308
350.641093 -8735.660533 -21039.388165 1323770.594000 0.642346 -0.759067 0.105873 0.654773 0.471721 -0.590551 0.398325 0.448661 0.800025
5.325186 -235.932519 -382.214363 11432.826332 0.526672 -0.826844 0.197347 0.844866 0.534793 -0.014066 -0.093909 0.174140 0.980233
-67.102369 -1087.791846 3945.066335 -186038.696464 -0.705982 0.689311 -0.162602 -0.063176 0.167381 0.983866 -0.705406 -0.704865 0.074620
-0.439531 -16.573143 -6.880012 53.891332 -0.503077 0.861032 0.074419 -0.232718 -0.217891 0.947822 -0.832320 -0.459509 -0.309993
3.770067 -6.325510 -61.059932 18.581532 0.245945 0.968886 -0.027766 -0.569295 0.167578 0.804873 -0.784484 0.182147 -0.592797
3.342004 -5.858484 -5.067706 9.226268 0.281679 0.959484 -0.006823 -0.490159 0.150003 0.858629 -0.824864 0.238514 -0.512552
2.853921 -6.179155 -119.187167 23.257096 0.189686 0.979650 -0.065608 -0.534643 0.159105 0.829965 -0.823514 0.122356 -0.553944
2.837857 -5.269509 104.030037 24.290083 0.367555 0.929466 0.031572 -0.414228 0.133221 0.900370 -0.832657 0.344013 -0.433977
3.284902 -5.232614 6.252950 21.504641 0.292433 0.956250 -0.008279 -0.403914 0.131360 0.905317 -0.866797 0.261401 -0.424657
3.001847 -5.732135 -93.833927 18.504459 0.204139 0.977597 -0.051291 -0.457719 0.141632 0.877744 -0.865344 0.155705 -0.476377
-1.968824 -12.114010 -138.652589 -13.446989 -0.037837 0.993697 0.105519 -0.827330 -0.090373 0.554399 -0.560441 0.066323 -0.825535
-2.686391 -12.639469 -159.696830 54.901710 -0.076565 0.986075 0.147625 -0.752534 -0.154280 0.640227 -0.654087 0.062074 -0.753868
-3.039110 -11.480077 -101.611514 -125.107696 -0.011618 0.990451 0.137373 -0.883198 -0.074581 0.463033 -0.468857 0.115948 -0.875631
-0.684677 -11.637283 -7.555680 -61.988072 -0.135818 0.990692 -0.009075 0.244703 0.024668 -0.969284 0.960038 0.133867 0.245776
-0.439202 -10.040149 -0.157172 -81.781755 -0.183229 0.982287 0.039230 0.441942 0.117951 -0.889255 0.878131 0.145600 0.455726
-0.407809 -10.355123 -4.595003 -75.996924 -0.152685 0.988215 0.010915 0.463379 0.081341 -0.882419 0.872907 0.129674 0.470338
-0.652858 -19.237718 129.850888 39.803939 0.303999 0.929010 -0.211008 0.899396 -0.352901 -0.257967 0.314119 0.111359 0.942830
