12810
25600
-8.113231 -10.744378 115.593648 100.991742 -0.311276 0.928025 0.204638 -0.811292 -0.147365 -0.565764 0.494887 0.342131 -0.798770
-7.458900 -10.644105 -27.832595 230.332064 0.095769 0.947826 0.304064 -0.911355 0.206343 -0.356166 0.400324 0.243001 -0.883567
-6.358685 -8.728785 36.535627 100.584652 -0.572303 0.819523 0.029157 -0.736860 -0.498323 -0.456850 0.359870 0.282941 -0.889066
-5.928962 -7.731101 -16.149579 119.598199 -0.274320 0.957569 0.088374 -0.916986 -0.232797 -0.323949 0.289631 0.169903 -0.941938
-6.307341 -9.743973 -9.455791 90.206109 -0.595819 0.801168 0.055943 -0.678679 -0.465032 -0.568453 0.429411 0.376663 -0.820811
-5.080922 -7.394430 -4.686036 -64.928590 -0.798526 0.597943 -0.069435 0.543560 0.765804 0.343637 0.258649 0.236661 -0.936532
-5.582362 -8.149535 26.168851 -62.178920 0.809661 -0.585993 0.032567 0.515518 0.736616 0.437766 0.280517 0.337653 -0.898499
-8.139715 -9.391221 -52.390932 20.834389 0.465622 0.884894 0.012615 -0.226340 0.105293 0.968341 -0.855550 0.453736 -0.249314
-8.277099 -9.222717 -77.567972 5.844462 0.483718 0.875106 -0.014363 -0.372020 0.220435 0.901670 -0.792223 0.430811 -0.432185
-7.453761 -9.325504 -49.355328 36.104331 0.397425 0.914424 -0.076692 -0.280593 0.200672 0.938615 -0.873682 0.351510 -0.336333
-5.613891 -9.335635 15.064647 34.315597 -0.256231 0.966158 0.029728 0.237161 0.033022 0.970909 -0.937070 -0.255827 0.237596
-5.208879 -9.086543 -12.365934 4.463520 -0.276534 0.959268 0.057743 0.384884 0.055496 0.921295 -0.880564 -0.276994 0.384554
-5.637037 -9.308508 -0.933031 3.247833 -0.181070 0.982735 0.038016 0.343688 0.027012 0.938695 -0.921462 -0.183035 0.342645
-2.839931 -4.193822 -16.446642 -32.327270 0.028897 -0.062024 0.997656 0.685405 0.727720 0.025390 -0.727589 0.683064 0.063541
-2.692875 -4.972260 -21.678179 -44.385321 0.188973 0.175138 0.966238 0.684520 0.682004 -0.257494 -0.704075 0.710069 0.008995
-2.354825 -4.763245 -14.070045 -46.331800 0.057493 0.052964 0.996940 0.644577 0.760593 -0.077581 -0.762374 0.647065 0.009590
-2.382574 -5.375136 -15.548340 -40.069943 0.199415 0.251015 0.947220 0.673634 0.666893 -0.318545 -0.711654 0.701602 -0.036104
-0.773951 -6.718984 -2.671094 -19.627846 -0.785720 0.618219 -0.021219 0.615958 0.785082 0.065133 0.056925 0.038106 -0.997651
-0.949152 -6.699394 -20.205277 103.936623 -0.780919 0.622971 -0.045534 0.623595 0.781748 0.000646 0.035999 -0.027890 -0.998963
-0.793112 -6.890213 -8.420203 108.835999 -0.798217 0.601926 -0.023097 0.601704 0.798551 0.016369 0.028297 -0.000831 -0.999599
-0.807432 -6.676296 -4.108814 -26.917271 -0.786324 0.616857 -0.034390 0.615852 0.787044 0.035886 0.049203 0.007039 -0.998764
-0.891186 -6.709594 -12.597067 -105.468994 -0.776997 0.628873 -0.028183 0.623819 0.775212 0.099477 0.084406 0.059712 -0.994641
-0.683265 -7.635934 -9.985647 40.033945 0.694223 -0.691324 -0.200314 0.714697 0.629151 0.305578 -0.085226 -0.355302 0.930858
0.859908 -6.510017 -80.442577 81.665450 0.597026 -0.777330 -0.198288 0.798515 0.552092 0.239933 -0.077034 -0.301582 0.950323
-0.276013 -7.965827 -50.147842 48.288136 0.691243 -0.704172 -0.162253 0.693743 0.583830 0.421738 -0.202248 -0.404085 0.892083
-3.436908 -13.718990 -78.552912 389.089288 -0.033716 0.998447 -0.044356 -0.895354 -0.049895 -0.442552 0.444077 -0.024793 -0.895645
-1.884507 -8.488152 -30.550373 127.115463 -0.061140 0.997728 -0.028303 -0.940595 -0.067080 -0.332839 0.333982 -0.006272 -0.942559
-2.678103 -8.063881 -12.312444 123.273893 -0.181855 0.982540 -0.039290 -0.924000 -0.184415 -0.334986 0.336383 0.024615 -0.941404
-1.657371 -10.124173 -56.151123 152.489133 0.042831 0.998264 -0.040417 -0.915418 0.023007 -0.401845 0.400218 -0.054210 -0.914815
-4.126843 -13.302075 -8.583844 430.725940 -0.209110 0.976972 -0.042414 -0.895663 -0.208755 -0.392694 0.392505 0.044128 -0.918691
-5.231294 -20.343359 -39.679235 646.572949 -0.145963 0.988796 -0.031277 -0.824587 -0.139069 -0.548376 0.546581 0.054252 -0.835647
-4.587900 -20.747827 -129.391287 522.888357 -0.012987 0.997282 -0.072523 -0.770845 -0.056183 -0.634540 0.636890 -0.047663 -0.769480
-3.558159 -20.588551 -99.879642 519.233948 0.064095 0.996482 -0.054003 -0.767310 0.014610 -0.641110 0.638065 -0.082529 -0.765547
-2.343871 -13.724604 -72.227690 333.512175 0.051763 0.997813 -0.041104 -0.862177 0.023881 -0.506043 0.503955 -0.061633 -0.861528
-1.981850 -14.041033 -45.732620 -40.231506 -0.241569 0.930276 -0.276098 -0.883267 -0.092968 0.459560 -0.401850 -0.354884 -0.844141
-1.320400 -13.203718 -17.101130 46.629571 -0.228262 0.934489 -0.273180 0.959854 0.169017 -0.223859 -0.163022 -0.313312 -0.935553
-1.243178 -13.971043 -17.217748 -26.235147 -0.267884 0.926281 -0.265033 -0.880623 -0.123819 0.457352 -0.390821 -0.355911 -0.848874
-1.670324 -14.536581 -21.135769 -13.166463 -0.280273 0.927520 -0.247292 -0.736209 -0.042384 0.675426 -0.615990 -0.371362 -0.694728
-2.203196 -14.493408 -50.783755 -26.792866 -0.257951 0.925489 -0.277366 -0.727476 0.002869 0.686127 -0.635799 -0.378764 -0.672531
-1.955900 -12.608341 46.818245 -147.514643 -0.548354 0.828648 0.112469 0.506910 0.436345 -0.743401 0.665094 0.350635 0.659322
-2.055635 -12.251333 13.656501 -166.252915 -0.511543 0.846113 0.149722 0.522620 0.444682 -0.727411 0.682050 0.293854 0.669669
-1.718747 -15.046083 31.433457 -124.029767 -0.545306 0.829476 0.120876 0.347124 0.354714 -0.868149 0.762985 0.431448 0.481359
-0.888669 -14.637223 33.412182 -70.420055 -0.563153 0.818072 0.116692 0.302869 0.335721 -0.891942 0.768849 0.466958 0.436831
-1.163862 -12.781698 55.540431 -161.271795 -0.576395 0.810179 0.106671 0.488613 0.446327 -0.749700 0.655002 0.380002 0.653124
-1.046656 -16.238890 8.940120 -9.666630 -0.532516 0.838962 0.112115 0.135809 0.215432 -0.967029 0.835454 0.499732 0.228660
-2.056242 -17.548192 25.464108 -118.024117 -0.526646 0.841761 0.118665 0.165072 0.238200 -0.957085 0.833903 0.484457 0.264398
-0.162069 -5.873253 -3.588468 46.875685 0.741866 -0.670395 0.014332 0.524473 0.566805 -0.635342 -0.417806 -0.478856 -0.772098
-0.247746 -6.698050 -4.514214 -61.343587 0.737011 -0.675400 0.025483 0.547433 0.574408 -0.608583 -0.396399 -0.462482 -0.793081
-0.258400 -6.687391 2.811306 -32.776105 0.734393 -0.677656 0.038079 0.555006 0.567286 -0.608404 -0.390687 -0.467942 -0.792713
-0.186828 -6.389258 -3.297576 -32.008896 0.751170 -0.660109 -0.000387 0.511760 0.582726 -0.631293 -0.416948 -0.474010 -0.775544
-0.245859 -5.565994 2.682482 12.633640 -0.675859 0.689578 0.260184 0.389569 0.633909 -0.668128 0.625660 0.350201 0.697071
-0.015801 -5.676309 -30.808074 -12.140777 -0.637109 0.734020 0.235172 0.445650 0.599744 -0.664607 0.628879 0.318623 0.709219
-0.399665 -6.163039 -13.290858 -50.523079 -0.643443 0.735919 0.210725 0.414765 0.566534 -0.712046 0.643390 0.370759 0.669766
-0.753580 -6.439311 -4.049940 -106.485907 -0.665095 0.713876 0.219156 0.371001 0.570575 -0.732668 0.648079 0.405987 0.644336
-0.561141 -6.012046 9.972510 -31.682459 -0.678947 0.692461 0.243985 0.369281 0.609312 -0.701691 0.634557 0.386312 0.669403
-0.514211 -10.471422 -11.359197 -3.848099 0.747057 -0.639712 -0.180760 -0.321065 -0.109118 -0.940750 -0.582085 -0.760830 0.286906
-0.568614 -10.407435 -18.472068 10.383119 0.753526 -0.639743 -0.151418 -0.179929 0.020840 -0.983459 -0.632316 -0.768307 0.099405
-0.554215 -10.707372 -9.073949 5.065702 0.757823 -0.629168 -0.172778 -0.277358 -0.070955 -0.958143 -0.590574 -0.774024 0.228276
-0.563597 -10.414747 1.675061 -16.191092 0.752675 -0.628990 -0.194556 -0.399399 -0.201282 -0.894408 -0.523414 -0.750904 0.402718
-0.451387 -10.025012 3.830896 -10.038025 0.743031 -0.634290 -0.213497 -0.448248 -0.234775 -0.862528 -0.496969 -0.736585 0.458765
1.752648 -8.823385 4.458280 38.258334 0.824457 -0.565704 -0.015820 -0.112455 -0.136366 -0.984255 -0.554640 -0.813255 0.176044
2.534111 -7.352701 -37.992481 12.697613 0.806194 -0.585150 -0.087469 -0.242040 -0.191281 -0.951225 -0.539878 -0.788043 0.295839
1.814501 -7.949619 8.585232 -9.641297 0.831739 -0.548822 -0.083699 -0.166424 -0.102652 -0.980697 -0.529636 -0.829613 0.176717
1.714271 -8.568820 18.865188 -23.598046 0.831799 -0.554092 -0.033053 -0.070124 -0.045826 -0.996485 -0.550630 -0.831193 0.076973
-5.904701 -16.114529 19.298198 -46.168216 0.553714 0.802185 0.223384 0.659793 -0.258993 -0.705405 -0.508010 0.537979 -0.672684
-3.528499 -21.974337 68.848857 -448.933947 0.591014 0.756422 0.280230 0.741678 -0.372955 -0.557511 -0.317201 0.537337 -0.781443
-5.383514 -15.784273 -72.926369 223.283559 0.393584 0.888114 0.237373 -0.802741 0.206195 0.559545 -0.447995 0.410777 -0.794080
-6.483207 -14.178835 -73.258210 -116.221987 0.344995 0.901765 0.260380 -0.774892 0.117102 0.621151 -0.529642 0.416060 -0.739171
-7.773746 -16.161252 -21.849337 -222.761020 0.445710 0.854660 0.266268 -0.673108 0.123881 0.729095 -0.590143 0.504192 -0.630493
-7.771390 -18.472333 132.832056 -254.892483 0.616208 0.764720 0.188389 -0.499737 0.194767 0.843996 -0.608728 0.614222 -0.502176
2.703351 -2.738459 26.721677 62.939362 0.321762 0.944487 -0.066434 -0.051565 0.087541 0.994825 -0.945415 0.316671 -0.076870
2.649901 -1.927613 17.309089 23.634685 0.312167 0.935163 -0.167396 0.003435 0.175089 0.984547 -0.950021 0.307918 -0.051445
2.896738 -2.741323 -42.774152 50.301152 0.255132 0.960082 -0.114674 -0.031014 0.126663 0.991461 -0.966409 0.249397 -0.062091
2.073472 -1.800173 74.205375 29.445088 0.382701 0.918588 -0.098671 -0.028982 0.118685 0.992509 -0.923418 0.376974 -0.072043
2.727693 -3.523393 -27.142785 66.718961 0.251368 0.965258 -0.071352 -0.080439 0.094298 0.992289 -0.964543 0.243690 -0.101347
1.955642 -2.767690 83.158488 66.234557 0.382919 0.923294 -0.030032 -0.074840 0.063408 0.995178 -0.920745 0.378825 -0.093379
2.518643 -3.852797 41.404219 71.255765 0.330402 0.943388 -0.029210 -0.123196 0.073789 0.989635 -0.935766 0.323379 -0.140601
-1.614540 -17.377324 -1.280759 76.709222 0.012614 0.961597 0.274174 -0.923690 -0.093801 0.371482 -0.382934 0.257938 -0.887034
-1.651848 -17.027731 -6.489946 -144.282078 -0.040364 0.961396 0.272191 -0.859193 -0.172456 0.481712 -0.510058 0.214421 -0.832986
-2.351789 -16.736501 -34.480766 -202.594786 -0.011635 0.959465 0.281588 -0.824974 -0.168344 0.539517 -0.565051 0.226026 -0.793492
-2.392039 -15.363360 -30.962636 29.834170 0.022459 0.955494 0.294155 -0.906876 -0.104372 0.408268 -0.420799 0.275932 -0.864170
-8.090334 -17.311592 -123.181777 -175.374983 -0.589815 0.771270 0.239291 -0.763646 -0.629069 0.145314 -0.262607 0.097025 -0.960012
-5.679964 -9.433738 -200.874434 -103.770104 0.256984 0.944228 -0.205894 -0.880462 0.316587 0.352929 -0.398429 -0.090585 -0.912715
-9.014619 -14.504903 16.863473 -762.391266 0.346269 0.930164 -0.122038 -0.885871 0.367013 0.283786 -0.308757 -0.009844 -0.951090
-8.745890 -18.836198 139.505165 -400.066270 -0.250224 0.941011 0.227787 -0.917472 -0.305608 0.254654 -0.309245 0.145268 -0.939822
0.350503 -2.874651 -32.550166 -18.807651 0.453748 0.890991 -0.015745 -0.716528 0.354282 -0.600892 0.529812 -0.283935 -0.799175
0.599912 -3.165025 -30.595426 -23.177776 0.474271 0.880322 0.009973 -0.722496 0.395665 -0.566965 0.503058 -0.261689 -0.823682
0.034382 -3.140441 -17.293079 -9.174073 0.417632 0.907962 -0.034464 -0.756807 0.326615 -0.566185 0.502819 -0.262540 -0.823557
-0.379273 -3.178065 -13.961456 13.227922 0.318016 0.940294 -0.121302 -0.778987 0.186219 -0.598751 0.540413 -0.284905 -0.791696
0.087512 -5.886850 100.857558 13.999050 0.387897 0.921549 0.016815 -0.454842 0.175520 0.873104 -0.801657 0.346323 -0.487243
1.181134 -5.929116 101.095701 14.799621 0.376136 0.926368 0.019092 -0.428954 0.155832 0.889784 -0.821292 0.342869 -0.455983
1.365755 -6.179924 106.766125 36.448473 0.358231 0.932779 0.039925 -0.498977 0.155137 0.852616 -0.789109 0.325355 -0.521010
2.410510 -6.854054 74.116734 31.993102 0.312378 0.949230 0.037175 -0.581791 0.160231 0.797399 -0.750959 0.270718 -0.602306
0.573776 -6.252319 97.892001 28.272332 0.351493 0.934164 0.061561 -0.560291 0.157226 0.813237 -0.750018 0.320339 -0.578668
-4.234270 -9.574470 81.561154 -24.573351 -0.203001 0.904542 -0.374958 -0.724965 -0.396244 -0.563398 0.658192 -0.157461 -0.736199
-3.060775 -9.827745 75.068932 -88.966427 -0.248849 0.913324 -0.322356 -0.691763 -0.400551 -0.600852 0.677892 -0.073473 -0.731481
-3.522008 -9.049676 89.960890 -107.881363 -0.235582 0.910823 -0.338972 -0.612425 -0.409954 -0.675924 0.754611 -0.048359 -0.654389
-4.415665 -8.861529 90.199327 -118.051205 -0.216718 0.890171 -0.400785 -0.569559 -0.448721 -0.688660 0.792866 -0.079025 -0.604250
0.938248 -8.084664 9.940462 71.909303 -0.676390 0.736543 -0.000204 -0.678498 -0.623193 -0.388936 0.286595 0.262934 -0.921265
-0.081895 -7.792799 -5.240156 37.217351 -0.566715 0.823526 0.025272 -0.790436 -0.534778 -0.298702 0.232474 0.189255 -0.954012
0.462591 -8.457428 -3.241312 77.878847 -0.600192 0.799711 0.015216 -0.741390 -0.549080 -0.385814 0.300185 0.242844 -0.922451
2.054392 -10.399467 -144.107176 188.355852 -0.297226 0.933176 -0.202088 -0.741318 -0.092149 0.664798 -0.601752 -0.347406 -0.719169
1.129797 -10.430690 -75.143869 9.839524 -0.391431 0.909571 -0.139510 -0.844341 -0.294727 0.447465 -0.365884 -0.292945 -0.883353
1.107426 -10.086753 -41.018184 -53.756407 -0.245130 0.954598 -0.169273 -0.796397 -0.098702 0.596666 -0.552868 -0.281069 -0.784434
2.080565 -15.004174 -23.597380 -251.599006 -0.127679 0.966885 -0.220979 -0.704531 0.068404 0.706369 -0.698094 -0.245875 -0.672466
2.256830 -8.852846 160.536564 118.577362 0.342365 -0.904582 -0.254002 0.862012 0.194858 0.467938 -0.373794 -0.379158 0.846473
-0.828637 -7.470437 141.860396 147.999382 0.381399 -0.888814 -0.254058 0.875054 0.258530 0.409198 -0.298019 -0.378382 0.876363
-0.115783 -9.640320 -198.687038 86.702856 -0.418462 0.871623 0.255269 0.790295 0.210939 0.575272 -0.447575 -0.442468 0.777110
2.565442 -10.569926 -189.420243 76.942019 -0.408080 0.888044 0.211775 0.738588 0.184790 0.648337 -0.536618 -0.420988 0.731307
-0.365080 -10.192665 -175.419484 10.355970 -0.447117 0.873330 0.193344 0.652944 0.170932 0.737866 -0.611351 -0.456155 0.646662
-1.897380 -9.734945 -120.670892 39.541882 -0.402134 0.895383 0.191252 0.742176 0.196460 0.640764 -0.536156 -0.399616 0.743535
1.464964 -2.610062 124.733006 41.879638 -0.084896 0.972479 -0.216975 -0.190649 -0.229592 -0.954432 0.977980 0.039661 -0.204894
0.892398 -2.863131 96.288977 1.110662 -0.071448 0.943038 -0.324923 -0.116453 -0.331414 -0.936271 0.990623 0.029056 -0.133499
-0.185042 -2.068715 18.042358 20.902793 -0.065987 0.956152 -0.285340 -0.163268 -0.292455 -0.942238 0.984372 0.015589 -0.175408
-0.471236 -1.526676 7.651954 16.836650 -0.069152 0.964766 -0.253860 -0.197527 -0.262673 -0.944450 0.977855 0.015167 -0.208731
0.799733 -2.093845 74.886602 36.844825 -0.058817 0.995124 -0.079181 -0.230935 -0.090731 -0.968730 0.971190 0.038692 -0.235145
-0.831725 -7.009092 -34.162568 138.791792 0.031590 0.998941 0.033445 0.989652 -0.035947 0.138915 -0.139971 -0.028710 0.989739
-1.129767 -7.408976 -19.329221 140.783472 0.053712 0.998524 0.008054 0.990466 -0.054300 0.126607 -0.126858 -0.001177 0.991920
-1.047704 -6.911364 -25.744673 9.441821 0.036412 0.998779 0.033390 0.949492 -0.044997 0.310548 -0.311672 -0.020395 0.949971
-0.633037 -6.635204 -23.315482 30.441313 0.002090 0.999192 0.040136 0.949976 -0.014519 0.311985 -0.312315 -0.037476 0.949239
-0.711542 -7.188662 -12.256704 -98.065994 0.035391 0.998669 0.037527 0.885161 -0.048756 0.462722 -0.463936 -0.016841 0.885709
-0.896027 -7.538857 -4.699966 -114.413196 0.038252 0.999155 0.015025 0.888891 -0.040892 0.456290 -0.456519 0.004098 0.889704
-0.161271 -8.559157 10.618607 -22.196696 0.103442 0.976921 -0.186883 -0.880122 0.177429 0.440345 -0.463340 -0.118930 -0.878164
0.163600 -8.362314 30.438459 -23.889369 0.088779 0.980210 -0.176936 -0.901930 0.154489 0.403305 -0.422658 -0.123779 -0.897797
-0.422821 -8.209290 3.816703 -12.153621 0.117891 0.972872 -0.199051 -0.944810 0.171592 0.279088 -0.305672 -0.155164 -0.939409
0.885652 -8.458060 35.647702 -18.762629 0.056736 0.984270 -0.167311 -0.799452 0.145171 0.582926 -0.598045 -0.100684 -0.795113
-0.356315 -8.480524 1.796287 -25.496983 0.125857 0.970046 -0.207775 -0.920272 0.192378 0.340720 -0.370485 -0.148327 -0.916919
0.061639 -8.587448 1.392476 2.475581 0.086617 0.979127 -0.183870 -0.800643 0.178246 0.572013 -0.592847 -0.097668 -0.799370
-0.128809 -8.913760 -2.537373 -10.159626 0.107014 0.972588 -0.206447 -0.823439 0.203066 0.529823 -0.557222 -0.113298 -0.822598
1.112644 -13.879640 -25.875587 178.333411 0.611013 0.783327 0.114288 0.752839 -0.619626 0.222031 -0.244738 0.049623 0.968318
1.368322 -14.054405 0.145696 185.358597 0.697866 0.708588 0.104331 0.686540 -0.703309 0.184444 -0.204071 0.057090 0.977290
0.158612 -12.199077 26.036219 248.256217 -0.664821 -0.737757 -0.117166 0.744497 -0.667226 -0.023100 -0.061134 -0.102587 0.992844
-0.081187 -11.479375 6.405587 291.692912 -0.571899 -0.814172 -0.100275 0.819487 -0.572552 -0.025006 -0.037053 -0.096475 0.994645
-2.476028 -14.173537 -0.612334 78.414426 0.735535 0.636720 0.231467 -0.610400 0.474588 0.634175 -0.293940 0.607745 -0.737730
-2.485439 -13.195680 14.215218 44.105035 0.742897 0.613864 0.266975 -0.608668 0.453446 0.651084 -0.278618 0.646187 -0.710503
-2.439915 -14.344149 10.918013 66.044350 0.748369 0.613721 0.251576 -0.637145 0.559734 0.529853 -0.184366 0.556816 -0.809917
-2.429065 -15.538457 -0.584537 109.666761 0.735618 0.643247 0.212367 -0.656577 0.599936 0.457147 -0.166651 0.475721 -0.863665
-2.446899 -14.409292 -6.597186 74.813540 0.709615 0.675732 0.199582 -0.641119 0.501753 0.580699 -0.292256 0.540029 -0.789276
3.012290 -12.151354 -55.460392 49.112197 -0.040619 0.998990 -0.019233 0.494007 0.036811 0.868679 -0.868509 -0.025784 0.495003
3.575885 -12.579306 -65.827613 17.580993 0.008253 0.999911 -0.010458 0.551181 0.004177 0.834375 -0.834345 0.012651 0.551097
2.583386 -11.772728 -49.234322 -26.960567 -0.005713 0.999978 0.003262 0.628034 0.001049 0.778186 -0.778165 -0.006494 0.628026
0.917033 -26.099419 112.607707 -413.073867 -0.122664 0.992434 0.005305 -0.882301 -0.111497 0.457288 -0.454420 -0.051412 -0.889303
7.655767 -23.995593 15.345097 -355.155097 -0.120915 0.987971 -0.096400 -0.983032 -0.105682 0.149932 -0.137941 -0.112893 -0.983985
5.294190 -24.706399 248.894514 -306.878943 -0.219478 0.968268 0.119527 -0.955021 -0.238267 0.176534 -0.199412 0.075405 -0.977010
-1.024363 -25.210305 -9.097603 -230.197427 -0.308719 0.942751 0.126146 -0.805309 -0.329646 0.492758 -0.506132 -0.050537 -0.860974
2.066798 -7.396782 -89.331411 -4.400756 -0.178488 -0.960918 0.211609 0.968872 -0.134146 0.208069 -0.171551 0.242160 0.954950
2.515760 -7.301176 60.244992 -19.369049 0.207941 0.963766 -0.167081 0.934822 -0.145540 0.323924 -0.287870 0.223548 0.931213
1.075603 -6.969284 -134.331699 -19.603194 -0.191084 -0.951129 0.242569 0.948333 -0.115121 0.295653 -0.253280 0.286531 0.923985
0.662987 -7.174735 -119.457509 -10.845219 -0.138198 -0.956020 0.258703 0.983440 -0.101538 0.150121 -0.117250 0.275166 0.954220
-0.983012 -6.603070 -119.138264 -21.725972 -0.132047 -0.958635 0.252157 0.963074 -0.063860 0.261554 -0.234632 0.277384 0.931669
1.801033 -6.931446 56.057836 43.503134 0.301302 0.929358 -0.213332 0.711394 -0.070117 0.699287 -0.634930 0.362459 0.682266
1.941086 -6.826729 32.369001 44.601299 0.303184 0.940800 -0.151573 0.652917 -0.089230 0.752155 -0.694103 0.327006 0.641318
0.948067 -7.415975 41.258684 24.055583 0.260215 0.936562 -0.234819 0.604325 0.031697 0.796107 -0.753047 0.349066 0.557740
0.259895 -7.497666 24.379184 -20.954288 0.212617 0.935581 -0.281927 0.548031 0.124698 0.827111 -0.808985 0.330363 0.486215
0.435585 -7.469388 53.573066 23.346195 0.237184 0.930788 -0.278169 0.655523 0.057980 0.752946 -0.716961 0.360933 0.596401
2.014310 -7.684272 -93.267150 -20.111316 0.182863 0.982311 -0.040321 0.928545 -0.159087 0.335404 -0.323057 0.098773 0.941211
0.177624 -7.874312 -168.626524 -6.097010 0.183891 0.982918 0.007478 0.909842 -0.173089 0.377132 -0.371985 0.062547 0.926129
1.797223 -7.577720 -115.522137 -15.911148 0.201215 0.979491 -0.010517 0.880986 -0.176265 0.439083 -0.428224 0.097615 0.898385
-0.639329 -6.569046 15.899411 13.986405 0.009937 0.998441 0.054917 0.923110 -0.030272 0.383342 -0.384407 -0.046885 0.921973
-0.549378 -7.226754 13.718618 -31.869169 0.019501 0.998148 0.057629 0.864398 -0.045797 0.500718 -0.502430 -0.040050 0.863690
-0.673796 -7.129221 10.851524 -28.735313 0.032712 0.996571 0.075996 0.861727 -0.066641 0.502976 -0.506316 -0.049034 0.860953
-1.358231 -3.924427 5.164283 32.048821 -0.115228 0.981960 -0.149921 0.772071 0.183497 0.608469 -0.625003 0.045637 0.779287
-0.977548 -3.594593 4.580476 27.571488 0.056715 0.997928 -0.030371 0.794264 -0.026667 0.606987 -0.604920 0.058548 0.794131
-1.368369 -4.144627 10.677729 41.785810 0.071334 0.997096 -0.026658 0.756751 -0.036690 0.652673 -0.649799 0.066732 0.757171
-1.399068 -4.687489 23.484380 40.000032 0.192609 0.980223 0.045440 0.697492 -0.169332 0.696298 -0.690222 0.102420 0.716313
-1.736344 -4.771643 18.814756 52.176911 0.091679 0.995579 -0.020415 0.708752 -0.050838 0.703623 -0.699475 0.078976 0.710280
-1.863716 -4.718994 2.584875 49.681426 -0.059034 0.992171 -0.110055 0.725346 0.118378 0.678129 -0.685848 0.039796 0.726656
-34.478744 -140.211860 -1228.686213 6359.129571 0.912162 -0.382285 0.147707 -0.128525 -0.609066 -0.782636 -0.389154 -0.694907 0.604701
-6.480351 -89.707616 419.234758 3713.298595 0.914198 -0.405114 -0.011112 -0.164241 -0.345288 -0.924014 -0.370495 -0.846557 0.382198
-25.331030 -73.059117 -902.301240 2819.481006 0.948028 -0.303721 0.094850 0.029764 -0.212139 -0.976786 -0.316792 -0.928844 0.192074
1.656178 -39.582549 -45.007304 234.545604 -0.493462 0.826488 -0.270947 -0.531961 -0.533249 -0.657771 0.688122 0.180452 -0.702798
2.374146 -47.821989 -30.727628 56.622782 -0.557021 0.799068 -0.226314 -0.479502 -0.531929 -0.697947 0.678090 0.280253 -0.679450
0.855214 -42.170322 -55.897116 -232.812614 -0.563142 0.770386 -0.298960 -0.673337 -0.637506 -0.374437 0.479050 0.009560 -0.877736
0.159240 -30.163118 -64.410659 82.957956 -0.517617 0.794266 -0.318142 -0.658565 -0.607222 -0.444493 0.546228 0.020560 -0.837384
0.745209 -40.564324 -42.385762 1054.570684 -0.430178 0.875074 -0.221793 -0.530471 -0.443829 -0.722230 0.730443 0.193033 -0.655127
1.258094 -2.506849 -43.290661 -35.194731 0.323886 0.942507 0.082336 0.586794 -0.131854 -0.798929 0.742139 -0.307076 0.595763
1.055918 -3.421380 -47.306842 -59.067970 0.314017 0.944126 0.100092 0.557346 -0.097965 -0.824481 0.768609 -0.314687 0.556967
0.597270 -2.881256 -34.357765 -46.496122 0.311905 0.943018 0.115902 0.589865 -0.096565 -0.801707 0.744832 -0.318423 0.586372
1.625821 -2.996810 -32.591012 -60.279186 0.298131 0.951961 0.069921 0.573760 -0.120181 -0.810158 0.762835 -0.281651 0.582027
-8.023028 -11.429989 18.631547 131.790865 0.005425 0.944547 0.328333 -0.824447 0.190038 -0.533079 0.565914 0.267801 -0.779759
-5.950669 -11.435993 -112.676977 192.645804 0.132503 0.964941 0.226566 -0.861954 0.225032 -0.454309 0.489366 0.135093 -0.861552
-4.618789 -10.367519 -147.229594 302.017163 0.112861 0.983201 0.143452 -0.942291 0.151710 -0.298448 0.315197 0.101491 -0.943584
-6.007478 -9.239604 -9.275427 21.584846 0.089120 0.991350 -0.096349 -0.168328 0.110333 0.979537 -0.981694 0.071078 -0.176705
-6.210681 -9.148720 -9.733701 7.170702 0.147087 0.988314 -0.040013 -0.027656 0.044546 0.998624 -0.988737 0.145778 -0.033885
-6.367735 -9.216813 -11.222164 31.969791 0.213427 0.973356 -0.083832 -0.173092 0.122126 0.977305 -0.961503 0.194073 -0.194545
-6.028930 -9.261675 -8.771421 6.180929 0.146957 0.980835 -0.127933 -0.319040 0.169427 0.932474 -0.936278 0.096218 -0.337824
16.623360 -13.584779 -269.010456 -52.424109 0.004877 0.999906 -0.012828 0.367313 0.010140 0.930042 -0.930085 0.009248 0.367229
15.268835 -12.005507 -110.179646 -79.610577 0.164515 0.970978 -0.173601 0.571210 0.049701 0.819298 -0.804148 0.233949 0.546455
14.594941 -14.424539 -263.774776 -42.988107 -0.059102 0.997910 -0.026108 0.596209 0.056264 0.800856 -0.800651 -0.031766 0.598288
15.745495 -10.125976 -72.345265 -57.158986 0.276619 0.955157 -0.105623 0.365848 -0.003036 0.930670 -0.888615 0.296083 0.350282
11.459960 -14.173308 -187.732882 -45.553395 -0.187447 0.981822 0.029806 0.445427 0.057917 0.893443 -0.875476 -0.180750 0.448186
1.642600 -6.513618 -114.595601 -113.793460 -0.297753 -0.016656 -0.954498 -0.388435 0.915452 0.105196 0.872044 0.402083 -0.279048
1.710878 -8.958641 -124.994189 -198.393243 -0.214360 -0.154969 -0.964383 -0.543781 0.839111 -0.013969 0.811389 0.521419 -0.264141
3.111187 -6.184708 -97.434813 -104.412725 -0.305569 -0.065968 -0.949882 -0.460984 0.883137 0.086962 0.833139 0.464454 -0.300269
-0.708973 -9.420347 -130.942764 -187.545803 -0.221091 -0.141590 -0.964920 -0.487929 0.872732 -0.016264 0.844419 0.467217 -0.262039
3.184544 -4.352609 -37.767251 -48.402711 -0.425033 0.044144 -0.904101 -0.335092 0.920175 0.202461 0.840869 0.389010 -0.376313
2.292317 -4.956520 -135.535468 -46.942963 -0.364669 0.168840 -0.915702 -0.236613 0.934339 0.266505 0.900573 0.313853 -0.300775
0.051928 -6.807639 -170.671113 -98.843492 -0.298227 0.062244 -0.952463 -0.307197 0.938519 0.157519 0.903709 0.339570 -0.260771
-0.732068 -6.188878 1.268683 6.685345 0.772651 -0.633610 0.039346 0.631522 0.760827 -0.149405 -0.064729 -0.140286 -0.987993
-0.675833 -6.326039 -6.071010 38.590532 0.780878 -0.624475 0.016134 0.622778 0.776222 -0.098119 -0.048749 -0.086667 -0.995044
-0.688132 -7.151584 -13.475475 -104.837556 0.769067 -0.639122 0.007742 0.618784 0.741450 -0.259535 -0.160135 -0.204390 -0.965703
-0.731956 -5.944995 5.848109 33.898457 0.771662 -0.633483 0.056893 0.634910 0.761900 -0.128058 -0.037776 -0.134940 -0.990133
-0.674106 -6.669101 -2.588239 -80.020761 0.750432 -0.658674 0.054782 0.645214 0.712070 -0.276865 -0.143355 -0.243115 -0.959346
-0.701311 -8.835415 -29.765659 -31.820724 0.725117 -0.670105 -0.158635 -0.623980 -0.541926 -0.562997 -0.291298 -0.507224 0.811092
-0.812677 -9.132141 19.880065 -37.151933 0.733538 -0.647587 -0.206284 -0.594613 -0.464482 -0.656271 -0.329177 -0.604059 0.725779
-0.907030 -9.020507 22.088653 -14.872208 0.736494 -0.641901 -0.213403 -0.621884 -0.518387 -0.586971 -0.266152 -0.565012 0.780977
-1.167391 -8.049013 -30.883310 7.129922 -0.071808 0.995910 -0.054843 -0.952505 -0.084785 -0.292481 0.295935 -0.031236 -0.954697
-0.906023 -13.826173 -23.223371 54.520682 -0.271358 0.918350 -0.288095 0.932243 0.176347 -0.315951 -0.239349 -0.354310 -0.903978
-1.559144 -12.504131 -28.012453 27.262188 -0.187857 0.947508 -0.258726 0.979937 0.198664 0.016031 0.066589 -0.250524 -0.965818
-1.068482 -12.096308 -33.974395 58.547219 -0.210825 0.933078 -0.291408 0.975158 0.221482 0.003680 0.067975 -0.283393 -0.956592
-0.838742 -12.795356 -46.347238 47.584836 -0.240906 0.919268 -0.311303 0.970377 0.222105 -0.095071 -0.018254 -0.324985 -0.945543
-1.306089 -10.357120 42.511606 -172.344814 -0.535220 0.836069 0.120533 0.639633 0.494332 -0.588647 0.551733 0.237959 0.799354
-1.739066 -9.264812 -7.777354 -171.327509 -0.462159 0.872860 0.156600 0.690259 0.464943 -0.554410 0.556733 0.148131 0.817378
-2.502998 -11.728680 -1.719686 -207.934364 -0.454997 0.870892 0.185809 0.572333 0.445851 -0.688223 0.682212 0.206794 0.701301
-2.684893 -14.850294 6.938253 -141.255337 -0.476350 0.861106 0.177728 0.372266 0.380641 -0.846482 0.796561 0.337060 0.501878
-0.355442 -7.116647 -1.166188 -125.507407 0.739604 -0.672344 0.030660 0.564320 0.594659 -0.572645 -0.366782 -0.440833 -0.819230
-0.487045 -7.636709 -2.122392 -105.294929 0.737171 -0.675494 0.016950 0.561533 0.598467 -0.571418 -0.375845 -0.430751 -0.820484
0.236834 -5.294443 -35.398953 6.985032 -0.649614 0.715969 0.255716 0.504492 0.657580 -0.559533 0.568762 0.234473 0.788373
0.314401 -5.839263 -31.531109 -23.625122 -0.629887 0.748110 0.208742 0.484119 0.588334 -0.647682 0.607348 0.306910 0.732758
-0.642402 -10.944564 -6.965045 6.010716 0.769455 -0.621628 -0.146692 -0.170119 0.021909 -0.985180 -0.615629 -0.783006 0.088893
-0.462479 -9.804107 0.984094 34.150575 0.769358 -0.628866 -0.112322 -0.038195 0.130231 -0.990748 -0.637675 -0.766530 -0.076174
-0.643061 -10.277978 -22.466219 29.457008 0.757323 -0.641743 -0.120949 -0.047099 0.131051 -0.990256 -0.651340 -0.755640 -0.069023
-0.707596 -8.467775 66.472479 -28.717150 0.839025 -0.489450 -0.237645 -0.184220 0.155426 -0.970518 -0.511957 -0.858068 -0.040240
0.043570 -8.538494 26.625635 -59.000727 0.841667 -0.527759 -0.114311 -0.085559 0.078680 -0.993222 -0.533175 -0.845743 -0.021068
0.235546 -8.246152 52.854246 -29.663989 0.846812 -0.503678 -0.170933 -0.173086 0.042928 -0.983971 -0.502942 -0.862824 0.050828
-3.981040 -22.974552 -53.192430 -626.825761 0.359682 0.884589 0.296869 0.894949 -0.237040 -0.377993 -0.263999 0.401639 -0.876921
-1.907681 -27.160308 127.314323 -502.055373 0.527632 0.779918 0.336647 0.849136 -0.473083 -0.234863 -0.023912 0.409780 -0.911871
-2.272435 -19.516613 182.453457 317.524732 0.697369 0.642886 0.316819 -0.665325 0.416320 0.619694 -0.266494 0.642943 -0.718057
-0.813832 -21.958627 175.508114 -467.617690 0.701655 0.628289 0.336057 0.706900 -0.554724 -0.438832 -0.089295 0.545467 -0.833362
2.623648 -2.423582 -47.414228 18.695875 0.238355 0.951034 -0.196778 0.006930 0.200947 0.979578 -0.971153 0.234851 -0.041306
2.387822 -1.381109 30.922287 3.444559 0.334749 0.907353 -0.254270 0.056334 0.250085 0.966584 -0.940622 0.337887 -0.032601
2.638137 -1.829635 -34.442575 8.295754 0.257794 0.923919 -0.282694 0.068025 0.274502 0.959177 -0.963802 0.266501 -0.007916
1.971195 -1.267300 79.170147 5.898825 0.386412 0.902167 -0.191783 0.029645 0.195679 0.980220 -0.921850 0.384454 -0.048868
-1.370699 -18.424484 -5.385456 173.962971 -0.000691 0.969465 0.245229 -0.940776 -0.083770 0.328517 -0.339029 0.230478 -0.912107
-12.389387 -404.378236 -55.559041 18746.161490 -0.560208 0.812396 0.161804 0.009040 -0.189324 0.981873 -0.828303 -0.551516 -0.098716
2.506537 -5.600711 -474.928158 310.321363 0.628237 0.729953 -0.269233 -0.669506 0.683493 0.290861 -0.396334 0.002477 -0.918103
-10.577585 -393.114441 232.303055 -20119.338566 -0.111261 0.985775 0.125967 -0.416562 -0.161342 0.894676 -0.902273 -0.047070 -0.428588
53.001367 2.150741 -4626.299987 48.784013 0.855065 -0.349037 0.383453 0.135226 0.864030 0.484940 -0.500577 -0.362803 0.786001
0.333668 -5.686053 83.984543 2.902561 0.398615 0.917009 -0.014178 -0.360164 0.170740 0.917131 -0.843438 0.360476 -0.398333
-5.105780 -8.316356 32.238128 -122.125897 -0.159525 0.864320 -0.476972 -0.499477 -0.487420 -0.716202 0.851513 -0.123985 -0.509464
-4.226881 -7.347405 86.162411 -123.651043 -0.176253 0.916072 -0.360203 -0.471157 -0.399802 -0.786238 0.864260 -0.031136 -0.502080
0.261960 -5.536129 -20.586526 18.888078 -0.656136 0.710632 0.253943 0.562159 0.684770 -0.463753 0.503451 0.161529 0.848791
0.056439 -5.857024 -4.911239 29.470508 -0.649748 0.718982 0.246764 0.605582 0.685808 -0.403656 0.459454 0.112839 0.881005
-0.003814 -6.318998 -24.380591 39.481878 -0.661682 0.707625 0.247877 0.623686 0.702949 -0.341875 0.416165 0.071615 0.906465
4.023705 -9.040273 -55.350071 -60.995438 -0.504924 0.861519 0.053269 -0.583793 -0.295391 -0.756260 0.635797 0.412952 -0.652099
3.806561 -9.668638 73.681610 -4.715367 -0.641729 0.765686 0.043696 -0.557567 -0.426665 -0.712092 0.526596 0.481333 -0.700725
1.997927 -9.850385 -55.951484 -0.407100 -0.510646 0.859737 0.009685 -0.690868 -0.403588 -0.599848 0.511803 0.313001 -0.800055
7.245922 -101.918258 27.329149 -5140.762999 0.558343 -0.787642 0.260524 0.681706 0.256627 -0.685142 0.472789 0.560145 0.680227
-0.006862 -22.617250 -67.952755 -424.612201 0.580960 -0.785728 0.212408 0.740884 0.402442 -0.537709 0.337011 0.469758 0.815936
0.911562 -61.963425 42.730446 -2433.534769 0.577293 -0.789342 0.208979 0.610591 0.247385 -0.752316 0.542136 0.561907 0.624779
0.241720 -24.799644 -93.038485 -398.595838 -0.600345 0.795786 -0.079440 0.614848 0.395746 -0.682163 0.511418 0.458377 0.726872
5.036198 -87.424500 -51.413480 -3537.883137 -0.583280 0.786059 -0.204685 0.393250 0.052784 -0.917915 0.710731 0.615894 0.339906
2.350668 -44.171442 -129.866809 -1413.823019 -0.594136 0.796044 -0.115399 0.475675 0.232028 -0.848467 0.648641 0.558997 0.516514
0.279999 -5.152072 135.403494 165.856374 0.290900 -0.914806 -0.280191 0.928869 0.199852 0.311866 -0.229300 -0.350983 0.907872
-2.582942 -4.939957 47.628971 113.378396 0.566022 -0.812795 -0.137777 0.801803 0.503919 0.321211 -0.191651 -0.292283 0.936932
-2.873805 -7.124202 -74.880596 133.523328 -0.405502 0.899240 0.164120 0.858358 0.312854 0.406626 -0.314308 -0.305762 0.898732
-0.267068 -1.753418 -32.658775 -4.550079 -0.084299 0.875255 -0.476259 -0.150070 -0.483661 -0.862294 0.985075 0.001218 -0.172121
0.013890 -1.908041 -28.178115 -23.360747 -0.075222 0.877218 -0.474164 -0.106511 -0.479859 -0.870857 0.991462 0.015004 -0.129529
0.179412 -2.033514 -32.631700 -10.073089 -0.095827 0.819995 -0.564292 -0.153850 -0.572290 -0.805490 0.983437 -0.009629 -0.180997
-0.404752 -1.678817 -38.427120 11.234845 -0.119756 0.759539 -0.639343 -0.187685 -0.649686 -0.736670 0.974902 -0.031774 -0.220358
-1.080507 -7.155778 -10.050011 26.748298 0.061098 0.998131 0.000925 0.994281 -0.060943 0.087696 -0.087589 0.004439 0.996147
-0.949485 -7.273322 15.434908 36.449618 0.048925 0.998311 -0.031334 0.996836 -0.046837 0.064214 -0.062638 0.034376 0.997444
-0.714150 -7.037035 16.058699 104.293311 0.029328 0.998574 -0.044601 0.993876 -0.024376 0.107781 -0.106541 0.047489 0.993174
-0.917549 -6.870176 26.148032 41.011123 0.035560 0.998366 -0.044724 0.969834 -0.023676 0.242615 -0.241160 0.052002 0.969091
0.832430 -7.708373 60.510855 -2.338386 0.049182 0.985084 -0.164897 -0.920244 0.108868 0.375898 -0.388243 -0.133258 -0.911872
-0.117920 -8.033684 19.895903 -9.700424 0.091930 0.977759 -0.188509 -0.956325 0.139444 0.256899 -0.277472 -0.156659 -0.947875
1.370180 -8.003100 77.482590 -29.701133 0.034531 0.989306 -0.141707 -0.853927 0.102875 0.510122 -0.519245 -0.103393 -0.848348
-0.507338 -11.285816 31.464216 287.655173 -0.484935 -0.867524 -0.110638 0.874347 -0.483657 -0.039924 -0.018876 -0.116097 0.993059
-1.395514 -8.152172 -0.520859 186.650410 -0.543403 -0.834034 -0.095398 0.833385 -0.522307 -0.180736 0.100913 -0.177716 0.978894
-1.311737 -8.594417 12.099982 186.017114 -0.417733 -0.901641 -0.111993 0.902069 -0.396863 -0.169619 0.108490 -0.171881 0.979126
-0.707448 -10.255853 -7.423862 260.148293 -0.428390 -0.899691 -0.083896 0.903156 -0.423444 -0.070739 0.028118 -0.106075 0.993961
0.268519 -12.416794 8.085441 212.786550 0.425741 0.901977 0.071987 0.896147 -0.431316 0.104341 -0.125162 -0.020089 0.991933
0.875222 -13.385881 6.777184 -52.689795 0.201603 0.978198 0.049841 0.439387 -0.044843 -0.897178 0.875383 -0.202773 0.438848
0.842842 -13.327680 45.946807 -66.672694 0.165759 0.985342 0.040319 0.540425 -0.056562 -0.839489 0.824903 -0.160942 0.541879
0.411836 -14.549022 36.475266 -128.646187 0.179305 0.983678 -0.015094 0.360255 -0.079929 -0.929423 0.915459 -0.161212 0.368707
1.133395 -12.679513 0.806764 -19.044148 0.183638 0.979163 0.086705 0.617405 -0.046255 -0.785284 0.764911 -0.197740 0.613034
0.520824 -13.590560 -9.156533 -41.899305 0.241204 0.970412 0.011029 0.165993 -0.030057 -0.985669 0.956173 -0.239578 0.168332
0.963582 -12.197086 -35.747049 -89.130436 0.245000 0.967832 0.057242 0.341549 -0.030903 -0.939356 0.907369 -0.249693 0.338133
1.107002 -11.865693 -20.927804 -25.069887 0.220562 0.970696 0.095406 0.497902 -0.027941 -0.866783 0.838717 -0.238682 0.489474
-0.785347 -4.670494 33.896311 86.519012 0.070495 0.968762 -0.237762 0.500158 -0.240555 -0.831850 0.863060 0.060277 0.501492
-1.441696 -6.095116 79.647357 131.093702 0.062776 0.961447 -0.267729 0.543487 -0.257926 -0.798809 0.837067 0.095361 0.538726
-1.731796 -7.250801 29.116715 120.275616 0.030371 0.987452 -0.154973 0.608110 -0.141303 -0.781176 0.793272 0.070516 0.604771
-1.691466 -7.842269 -41.083942 98.430150 0.034380 0.996862 -0.071298 0.666504 -0.076029 -0.741615 0.744708 0.022023 0.667027
-0.688581 -6.321766 -61.578857 128.307856 0.046098 0.996785 -0.065538 0.552455 -0.080101 -0.829685 0.832267 -0.002039 0.554371
-1.908123 -9.203657 12.891600 85.824888 0.031221 0.991212 -0.128547 0.744867 -0.108831 -0.658277 0.666482 0.075199 0.741719
3.094406 -24.021633 -14.064673 -285.327613 -0.054044 0.987058 -0.150981 -0.877374 0.025251 0.479142 -0.476753 -0.158362 -0.864655
1.992980 -6.868798 64.310736 -10.240379 0.294796 0.948047 -0.119590 0.806326 -0.179642 0.563532 -0.512771 0.262555 0.817392
2.560128 -7.260654 20.145023 -19.287150 0.236299 0.966071 -0.104256 0.881146 -0.167820 0.442061 -0.409566 0.196323 0.890906
1.797156 -7.354487 -67.198467 -1.212791 0.232603 0.972248 -0.025094 0.816441 -0.181176 0.548270 -0.528508 0.148017 0.835925
2.631802 -7.015924 -6.570315 11.298798 0.295686 0.954664 -0.034455 0.740690 -0.206337 0.639377 -0.603281 0.214575 0.768121
2.814244 -6.739784 76.720321 11.320831 0.322575 0.942740 -0.084769 0.744932 -0.197596 0.637207 -0.583971 0.268694 0.766017
1.322026 -6.450318 108.228435 8.065426 0.355311 0.926880 -0.121025 0.730814 -0.194729 0.654211 -0.582809 0.320895 0.746566
2.590621 -6.231155 20.323624 37.360115 0.334766 0.938829 -0.080821 0.686145 -0.184077 0.703790 -0.645861 0.291060 0.705796
2.203230 -7.466473 138.499801 21.631272 -0.195222 -0.980375 0.027432 0.980489 -0.194436 0.028903 -0.023002 0.032539 0.999206
2.279285 -7.614199 -47.407495 6.606802 0.173429 0.981249 -0.084104 0.973134 -0.157610 0.167836 -0.151434 0.110952 0.982221
2.726451 -7.579659 18.094836 6.943494 -0.165696 -0.979545 0.114176 0.986038 -0.162613 0.035869 -0.016569 0.118526 0.992813
1.845425 -7.181444 -82.875972 21.852430 0.198736 0.978585 -0.053617 0.976332 -0.202448 -0.076093 0.085318 0.037225 0.995658
-5.286965 -8.411867 -35.723664 52.713828 0.269423 0.722667 0.636524 0.345613 0.544374 -0.764335 0.898868 -0.425920 0.103096
-5.043809 -7.778846 -51.340345 68.124541 0.310068 0.705004 0.637830 0.244238 0.589309 -0.770105 0.918807 -0.394567 -0.010537
-4.981147 -8.320035 63.762100 95.689653 0.167011 0.721176 0.672318 0.244896 0.630183 -0.736814 0.955057 -0.287704 0.071365
-0.162849 -104.791160 -28.015506 3414.736506 -0.635933 0.646905 -0.420837 0.193793 0.661691 0.724300 0.747017 0.379051 -0.546156
-13.612290 -95.019330 -513.206364 3700.783700 0.606186 -0.632349 0.482362 -0.390879 0.291321 0.873124 0.692641 0.717821 0.070577
-25.383511 -86.207848 1458.181359 4609.572152 -0.697382 0.511353 -0.502172 -0.053265 0.661755 0.747826 0.714718 0.548269 -0.434258
-1.768935 -132.558192 -172.096176 -5459.076450 -0.535787 0.690949 -0.485306 0.308224 -0.375052 -0.874262 0.786085 0.618001 0.012018
-11.090126 -178.987422 21.172843 -4865.762931 -0.689803 0.448961 -0.567984 0.594842 0.798661 -0.091121 0.412717 -0.400717 -0.817980
-2.013914 -81.190692 -168.217145 2007.082529 -0.576103 0.649067 -0.496807 0.225459 0.710413 0.666694 0.785668 0.272075 -0.555609
0.981395 -48.030995 12.994065 -651.263389 -0.609109 0.755028 -0.242731 -0.592242 -0.636588 -0.493970 0.527481 0.157126 -0.834911
0.086622 -3.737238 -35.576034 -59.906614 0.285263 0.945560 0.156655 0.572802 -0.037144 -0.818852 0.768455 -0.323320 0.552215
0.332086 -4.439375 -58.177106 -57.099542 0.318905 0.940512 0.117204 0.508512 -0.065432 -0.858565 0.799822 -0.333401 0.499129
1.577203 -4.062229 -31.987282 -62.148995 0.312410 0.948982 0.042810 0.512953 -0.130593 -0.848425 0.799550 -0.287016 0.527581
1.095668 -4.438500 -55.063813 -55.931166 0.322289 0.943919 0.071740 0.493112 -0.102709 -0.863882 0.808066 -0.313796 0.498560
-9.561259 -11.737097 151.464934 66.306976 -0.173198 0.919552 0.352741 -0.728051 0.121664 -0.674640 0.663283 0.373660 -0.648409
-6.888219 -11.144567 43.243403 73.334606 -0.472134 0.870714 0.137647 -0.672549 -0.254845 -0.694789 0.569884 0.420608 -0.705919
-5.872217 -9.177182 -8.282443 20.619857 0.034514 0.997298 -0.064846 -0.034076 0.066021 0.997236 -0.998823 0.032209 -0.036263
-5.969306 -9.011054 -15.323246 -5.366047 0.119948 0.992307 -0.030634 0.125908 0.015403 0.991922 -0.984764 0.122836 0.123092
-6.329840 -9.066239 1.975521 -23.543891 0.222537 0.974661 -0.022665 0.068034 0.007666 0.997654 -0.972547 0.223557 0.064604
