11764
23517
-8.526659 -10.890048 43.937807 119.583874 -0.115907 0.907526 0.403686 -0.174382 0.381520 -0.907763 0.977833 0.175612 -0.114035
-6.572832 -11.353574 -29.606048 287.683509 0.063893 0.846914 0.527878 -0.302831 0.520470 -0.798376 0.950900 0.108847 -0.289726
-6.490155 -8.566977 23.930078 116.795481 -0.160711 0.986926 0.012225 -0.302424 -0.037448 -0.952438 0.939527 0.156764 -0.304488
-4.896658 -7.855873 -50.930474 148.141068 0.001587 0.976232 0.216721 -0.444067 0.194869 -0.874546 0.895992 0.094851 -0.433822
-6.852435 -9.234230 -9.397509 88.376514 -0.296911 0.943475 -0.147304 -0.148662 -0.198051 -0.968853 0.943262 0.265764 -0.199062
-5.438552 -7.226594 3.349875 72.992391 -0.356695 0.831966 -0.424973 -0.252228 -0.523765 -0.813666 0.899527 0.183040 -0.396669
-5.713848 -7.875992 -21.667483 86.150593 -0.334613 0.891096 -0.306564 -0.206280 -0.386689 -0.898844 0.919501 0.237527 -0.313207
0.975293 -2.717623 47.405197 14.700326 -0.059884 -0.380915 -0.922669 -0.597638 0.754035 -0.272507 0.799526 0.535104 -0.272803
-0.345702 -3.511470 -9.610355 23.331450 -0.174585 0.662172 0.728730 -0.478814 0.589604 -0.650465 0.860382 0.462488 -0.214121
-0.309098 -3.332535 -10.204737 46.424820 0.109933 -0.567796 -0.815796 -0.542108 0.653690 -0.528022 0.833087 0.500297 -0.235944
0.107567 -2.739774 31.318482 24.913673 -0.032866 -0.410889 -0.911093 -0.568790 0.757259 -0.320995 0.821826 0.507671 -0.258597
3.137184 -2.941497 88.648190 8.277529 -0.195620 -0.071070 -0.978101 -0.551740 0.832525 0.049856 0.810750 0.549410 -0.202070
3.244948 -2.746025 84.107370 7.149395 -0.105861 -0.322670 -0.940573 -0.644479 0.742593 -0.182216 0.757258 0.586890 -0.286566
1.722186 -2.578632 114.611106 1.175094 -0.216177 -0.149318 -0.964869 -0.533380 0.845799 -0.011389 0.817786 0.512180 -0.262486
2.415214 -12.700038 486.726013 9.916671 -0.342147 0.938696 -0.042263 0.939413 0.342718 0.006869 0.020932 -0.037352 -0.999083
-6.947368 -10.276615 46.303061 -138.808941 0.822447 -0.561210 0.092868 0.565342 0.824503 -0.024169 0.063006 -0.072380 -0.995385
-1.504892 -9.770878 56.665726 -27.053973 -0.316465 0.940315 -0.125132 0.945744 0.302518 -0.118535 -0.073605 -0.155855 -0.985034
9.992163 -11.931720 903.697820 -0.559491 0.023400 0.997709 -0.063478 -0.996897 0.028061 0.073551 -0.075164 -0.061560 -0.995269
19.539290 -7.683323 1023.728184 -20.621070 0.383154 0.893343 -0.234803 -0.896218 0.421078 0.139597 -0.223578 -0.156947 -0.961967
6.827225 -8.183780 313.433659 0.186578 0.223424 0.931873 -0.285821 -0.945041 0.278909 0.170607 -0.238702 -0.231995 -0.942974
-2.264258 -8.595229 -80.692194 -24.108176 -0.249717 0.950872 -0.182987 0.961816 0.221707 -0.160488 -0.112034 -0.216076 -0.969927
-1.111799 -11.318562 1.961305 20.695530 0.204546 0.977880 -0.043711 -0.666650 0.106469 -0.737728 0.716756 -0.180039 -0.673681
-1.008065 -10.873317 2.007162 34.260307 0.181839 0.983135 -0.019504 -0.679736 0.111341 -0.724957 0.710559 -0.145083 -0.688518
-0.957296 -11.363443 -1.409409 -17.629022 0.216988 0.976014 -0.017704 -0.465346 0.087479 -0.880795 0.858119 -0.199361 -0.473166
-1.099862 -10.528401 7.364889 63.249051 0.173763 0.983408 -0.052113 -0.837883 0.119829 -0.532535 0.517454 -0.136199 -0.844802
-0.988234 -11.664564 0.526850 -27.712945 0.226935 0.972679 -0.048952 -0.448710 0.059813 -0.891673 0.864384 -0.224318 -0.450025
-1.142372 -11.732681 -1.618759 8.999209 0.224826 0.971570 -0.074191 -0.648875 0.092480 -0.755254 0.726921 -0.217941 -0.651220
-1.210704 -11.033345 2.380619 56.364969 0.200852 0.976296 -0.080656 -0.827481 0.125014 -0.547400 0.524341 -0.176688 -0.832975
-0.323641 -7.831471 -13.771575 70.654017 0.146252 0.961310 -0.233439 -0.947746 0.203792 0.245450 -0.283527 -0.185343 -0.940883
-0.228307 -6.988265 -11.257983 23.480623 0.115197 0.968501 -0.220761 -0.904360 0.194192 0.380029 -0.410929 -0.155869 -0.898244
-0.534828 -7.590537 -9.149419 60.776253 0.125448 0.968662 -0.214376 -0.948922 0.180207 0.258983 -0.289499 -0.170938 -0.941791
1.217842 -15.361906 17.802673 142.185097 0.340429 0.938180 -0.062666 -0.634981 0.278540 0.720566 -0.693475 0.205510 -0.690549
1.227427 -15.151144 8.815712 -88.485001 0.327394 0.941780 -0.076569 -0.794377 0.318218 0.517400 -0.511643 0.108569 -0.852311
0.820252 -15.355622 30.496085 5.267257 0.354658 0.934235 -0.037724 -0.690110 0.288778 0.663593 -0.630846 0.209315 -0.747142
1.211314 -15.303054 -8.691357 73.135246 0.307075 0.945786 -0.105802 -0.741113 0.307393 0.596876 -0.597040 0.104874 -0.795327
0.800055 -14.843597 31.947835 133.744522 0.363108 0.930967 -0.038112 -0.522512 0.237322 0.818938 -0.771449 0.277449 -0.572615
1.243813 -14.994757 2.313554 257.386202 0.317453 0.944605 -0.083333 -0.584572 0.264134 0.767143 -0.746659 0.194818 -0.636040
1.204972 -14.055799 18.896709 145.361366 0.341606 0.938426 -0.051600 -0.489293 0.224451 0.842742 -0.802432 0.262639 -0.535839
51.481142 -4.869682 5434.262769 -8.953411 0.098950 0.977863 0.184373 0.949489 -0.037333 -0.311571 0.297790 -0.205890 0.932164
26.750875 -8.026532 3276.655214 -127.624016 0.292885 0.937557 0.187631 0.886074 -0.192402 -0.421728 0.359294 -0.289772 0.887096
64.090856 -4.647157 -7925.890618 -17.592781 -0.119548 -0.959380 -0.255535 0.955388 -0.041149 -0.292474 0.270079 -0.279099 0.921499
13.452221 -7.987004 1371.792101 -129.254201 0.369563 0.920407 0.127572 0.855494 -0.283435 -0.433352 0.362702 -0.269288 0.892150
117.238996 -0.960677 16294.049661 38.978970 0.128138 0.969242 0.210121 0.960697 -0.068700 -0.268963 0.246255 -0.236327 0.939951
100.094109 -2.134495 13501.245600 -26.511778 0.109073 0.984552 0.136970 0.963666 -0.070933 -0.257520 0.243826 -0.160082 0.956516
34.575429 -5.293521 4128.848897 13.163981 0.066920 0.980340 0.185619 0.954618 -0.008797 -0.297703 0.290217 -0.197117 0.936439
-0.158669 -3.168198 -163.382506 30.579532 0.345799 -0.247695 -0.905025 -0.061333 0.956499 -0.285217 0.936302 0.154136 0.315564
-2.009788 -4.237620 -89.568731 -30.518201 0.313141 -0.680238 -0.662736 0.030641 0.704706 -0.708838 0.949212 0.201659 0.241515
-0.217380 -2.904900 -99.039836 -21.910642 0.339953 -0.477192 -0.810383 -0.015091 0.858825 -0.512047 0.940321 0.186302 0.284758
3.166064 -2.352366 -160.338835 22.315253 0.277084 0.011083 -0.960782 -0.110135 0.993709 -0.020300 0.954513 0.111441 0.276561
0.480401 -2.875480 -231.143225 -7.145502 0.356293 -0.018703 -0.934187 -0.075710 0.995934 -0.048814 0.931302 0.088120 0.353428
2.228652 -2.095083 -145.548955 30.957824 0.294155 -0.082218 -0.952215 -0.121126 0.985053 -0.122471 0.948052 0.151363 0.279799
113.291062 -5.329478 -3195.191108 59.096660 -0.229986 -0.835571 -0.498926 0.919415 -0.354615 0.170072 -0.319034 -0.419606 0.849793
54.335141 -5.461274 1774.667434 -35.017418 0.147673 0.963731 0.222294 0.943381 -0.204751 0.260976 -0.297026 -0.171169 0.939402
208.404824 -5.256456 -7509.755208 -235.649758 -0.391779 -0.598936 -0.698416 0.848812 -0.528186 -0.023191 -0.355004 -0.601909 0.715316
84.018412 0.403416 -2749.624296 -189.970066 -0.345736 -0.442099 -0.827657 0.875567 -0.469176 -0.115136 -0.337415 -0.764475 0.549298
45.718050 1.050121 -1067.703949 92.053442 -0.191585 -0.498756 -0.845304 0.944072 -0.329145 -0.019764 -0.268370 -0.801814 0.533921
47.417467 -2.206277 -1312.519020 45.314039 -0.207903 -0.770347 -0.602779 0.913535 -0.373180 0.161836 -0.349615 -0.517013 0.781324
-0.154315 -10.171822 -12.977195 -2.661747 0.058506 0.995144 0.079156 0.699513 -0.097437 0.707946 -0.712221 -0.013952 0.701816
-0.419415 -10.313010 -10.477773 9.850420 0.043264 0.997337 0.058720 0.567191 -0.072904 0.820353 -0.822449 0.002186 0.568834
-0.043204 -10.354609 -10.942532 -4.466355 0.030020 0.998524 0.045271 0.685028 -0.053535 0.726547 -0.727898 -0.009201 0.685623
-0.323290 -15.785744 -34.902976 -141.753724 0.181150 0.979597 0.087028 0.848570 -0.200422 0.489653 -0.497105 0.014851 0.867563
0.526522 -13.103710 -62.234369 -261.027907 0.196076 0.972720 0.123975 0.711728 -0.228143 0.664375 -0.674535 0.042032 0.737046
0.878239 -14.851805 -82.054421 -189.369539 0.226932 0.960995 0.158085 0.816187 -0.276219 0.507486 -0.531357 -0.013862 0.847035
-0.530527 -17.858895 -38.409545 -169.581834 0.209851 0.972930 0.096800 0.918802 -0.230086 0.320722 -0.334312 -0.021636 0.942214
-1.265414 -17.946034 0.053937 -118.461537 0.180812 0.982637 0.041615 0.943976 -0.185264 0.273104 -0.276072 0.010096 0.961084
1.386271 -21.673092 8.452609 79.038286 -0.035761 -0.972455 -0.230330 0.995678 -0.054438 0.075246 -0.085712 -0.226644 0.970199
1.694059 -21.876336 -36.855652 277.636357 -0.032185 0.963525 0.265674 0.945767 -0.056608 0.319877 -0.323249 -0.261561 0.909448
1.941461 -22.831855 10.596626 117.171664 -0.009554 0.970908 0.239260 0.907506 -0.092063 0.409825 -0.419930 -0.221046 0.880226
4.224850 -6.471205 20.529213 2.478695 0.024855 0.997069 0.072352 -0.994568 0.031980 -0.099059 0.101082 0.069497 -0.992448
3.968144 -6.231239 -23.458524 -17.540961 0.031124 0.998631 0.042030 -0.968948 0.040466 -0.243933 0.245300 0.033133 -0.968881
3.218530 -6.515810 90.262988 -7.720045 -0.013418 0.989487 0.143998 0.992720 -0.004057 0.120378 0.119697 0.144565 -0.982229
7.715626 -116.246780 -20.262185 3601.442406 -0.504005 0.820876 0.268590 0.453643 -0.013034 0.891088 -0.734974 -0.570957 0.365816
7.566215 -132.910907 -322.635729 4829.745299 -0.520165 0.844345 0.128493 0.136325 -0.066437 0.988434 -0.843116 -0.531665 0.080547
45.533701 -822.320389 -643.114191 54198.606825 -0.501920 0.836769 0.218847 0.558288 0.120182 0.820897 -0.660599 -0.534204 0.527480
5.708229 -58.033225 159.821242 591.710309 0.503921 -0.820708 -0.269262 0.792731 0.315653 0.521479 -0.342989 -0.476237 0.809665
-0.364513 -9.287976 -83.747342 -550.596371 -0.669025 0.707417 -0.227961 -0.661423 -0.706580 -0.251525 0.339006 0.017498 -0.940622
-2.120762 -377.373129 -808.574021 -18384.083609 -0.318061 0.911208 -0.261795 -0.638846 -0.001959 0.769332 -0.700509 -0.411941 -0.582745
3143.075765 -3639.839489 95862.726989 141469.194745 0.836380 -0.536635 0.111764 0.547908 0.824506 -0.141374 0.016283 -0.179479 -0.983627
-1.382624 -5.223159 15.500913 -75.237093 -0.338885 0.836622 -0.430373 -0.043480 -0.470878 -0.881126 0.939823 0.279888 -0.195950
-1.590355 -4.568646 28.379828 -59.277619 -0.320172 0.869054 -0.377141 -0.020594 -0.404388 -0.914356 0.947136 0.284984 -0.147371
-1.893902 -5.901373 32.633582 -73.432780 -0.307495 0.843387 -0.440619 -0.084231 -0.485362 -0.870247 0.947814 0.230482 -0.220285
-1.429310 -7.453988 1.461772 -96.464267 -0.318734 0.824152 -0.468169 -0.171385 -0.535900 -0.826703 0.932221 0.183262 -0.312057
-1.311435 -6.495618 -5.398812 -100.823423 -0.345331 0.823267 -0.450531 -0.115125 -0.513600 -0.850271 0.931393 0.241758 -0.272141
-1.992946 -8.281644 -90.666944 6.184574 -0.427736 0.815636 0.389589 0.107421 -0.382084 0.917863 -0.897498 -0.434453 -0.075815
-2.289697 -8.281693 -59.950139 0.828363 -0.370129 0.804819 0.463974 0.255472 -0.392005 0.883779 -0.893162 -0.445645 0.060517
-3.030092 -8.309053 21.094672 -5.999881 -0.357747 0.823757 0.439819 0.092998 -0.437220 0.894533 -0.929176 -0.360919 -0.079807
-0.543796 -8.255819 -191.659961 47.859302 -0.481539 0.797919 0.362555 0.167156 -0.322467 0.931705 -0.860337 -0.509255 -0.021904
-2.231206 -8.335884 -50.325549 -28.130778 -0.433240 0.808945 0.397379 -0.014443 -0.447081 0.894377 -0.901163 -0.381741 -0.205377
-0.491660 -8.324504 -173.901699 -0.060135 -0.482224 0.812694 0.327091 -0.007303 -0.377087 0.926149 -0.876017 -0.444223 -0.187776
-0.671383 -15.320490 -5.595455 -94.060586 0.022673 0.974887 -0.221544 -0.851122 0.135078 0.507292 -0.524478 -0.177059 -0.832810
-0.514183 -16.809817 -1.241729 -59.189116 0.002105 0.975209 -0.221275 -0.714524 0.156273 0.681934 -0.699607 -0.156671 -0.697140
-0.709132 -16.038486 -6.181248 -26.164163 0.007582 0.978452 -0.206333 -0.710928 0.150382 0.686999 -0.703224 -0.141479 -0.696749
2.375843 -19.851417 -43.625440 -45.743705 -0.034565 0.984208 -0.173606 -0.849490 0.062574 0.523881 -0.526471 -0.165584 -0.833913
2.851154 -22.299429 -43.404042 -157.379067 -0.033607 0.984283 -0.173370 -0.973680 0.006882 0.227815 -0.225428 -0.176463 -0.958146
2.849075 -20.338670 -27.143965 -217.076000 -0.027431 0.991729 -0.125387 -0.916396 0.025160 0.399480 -0.399331 -0.125863 -0.908126
2.544724 -20.901526 -39.598756 116.883345 -0.027238 0.991434 -0.127738 -0.712771 0.070332 0.697862 -0.700868 -0.110056 -0.704750
1.982246 -18.761785 -38.639524 279.322301 -0.027263 0.981983 -0.186991 -0.636825 0.127127 0.760455 -0.770526 -0.139813 -0.621886
1.768595 -11.909660 -6.081621 119.505415 -0.634682 0.563858 0.528435 0.772703 0.472300 0.424102 -0.010446 0.677493 -0.735455
1.571145 -14.944054 13.943893 -93.805475 0.708679 -0.532542 -0.462788 0.700720 0.454800 0.549680 0.082252 0.713832 -0.695470
-0.192326 -49.284361 -12.680975 1579.738192 0.828263 -0.334670 -0.449418 0.557916 0.567062 0.605945 -0.052056 0.752619 -0.656395
2.668864 -14.873979 3.977554 -296.211122 -0.649005 0.598299 0.469927 0.756902 0.445469 0.478181 0.076757 0.666030 -0.741965
0.125942 -23.640681 25.166605 717.006118 0.779949 -0.396564 -0.484165 0.612618 0.641965 0.461064 -0.127976 0.656216 -0.743642
2.659285 -12.428620 2.645474 90.438556 -0.588673 0.619720 0.519049 0.806681 0.491855 0.327636 -0.052254 0.611577 -0.789458
2.634073 -7.702397 -135.491499 109.456804 -0.215491 0.950428 0.224164 0.352902 -0.138246 0.925391 -0.910508 -0.278521 0.305617
0.406920 -7.642415 -200.020477 144.523337 -0.281037 0.936232 0.210920 0.319343 -0.116023 0.940510 -0.905007 -0.331674 0.266372
2.383488 -10.355078 -171.089476 118.919609 -0.252225 0.956419 0.147121 0.199047 -0.097506 0.975127 -0.946975 -0.275236 0.165779
4.492117 -10.653938 -62.261420 131.784345 -0.134142 0.979105 0.152838 0.235582 -0.118302 0.964627 -0.962552 -0.165403 0.214791
4.452219 -11.566378 -126.958683 123.339269 -0.186390 0.975007 0.120914 0.069244 -0.109728 0.991547 -0.980033 -0.193187 0.047061
1.837871 -10.820104 -192.734384 78.852493 -0.261881 0.961418 0.084225 0.014606 -0.083313 0.996416 -0.964990 -0.262173 -0.007776
8.096542 -5.128661 -126.054928 117.795545 0.034045 -0.146510 0.988623 0.807833 -0.578374 -0.113532 0.588428 0.802507 0.098665
6.415707 -6.795190 -241.958206 172.452466 0.116622 -0.049325 0.991951 0.814323 -0.567026 -0.123934 0.568575 0.822221 -0.025961
7.072596 -4.334472 -220.991936 62.872992 0.002246 -0.005664 0.999981 0.775069 -0.631855 -0.005320 0.631873 0.775066 0.002971
7.780116 -3.505485 5.240707 16.083470 -0.087774 -0.143246 0.985787 0.786644 -0.617095 -0.019629 0.611136 0.773741 0.166848
2.333088 -2.694305 -120.608981 -28.807395 0.392499 0.819890 -0.416804 0.497552 -0.570410 -0.653509 0.773554 -0.049120 0.631823
0.620660 -2.306791 -128.411326 -33.752764 0.437557 0.782428 -0.443114 0.501178 -0.621360 -0.602272 0.746568 -0.041449 0.664017
2.838771 -2.296685 -141.891646 -8.385321 0.340067 0.861278 -0.377564 0.556356 -0.507953 -0.657611 0.758171 -0.013572 0.651915
3.494241 -3.054941 -31.551891 -17.610221 0.307270 0.809753 -0.499885 0.457617 -0.586305 -0.668455 0.834369 0.023360 0.550711
2.432144 -3.222544 -109.925948 -18.471638 0.380032 0.833271 -0.401541 0.448218 -0.545635 -0.708084 0.809121 -0.089116 0.580846
3.942388 -2.808236 -61.521461 -16.426305 0.279501 0.838709 -0.467381 0.530692 -0.540615 -0.652764 0.800153 0.065587 0.596199
-0.898350 -8.956544 -10.498464 -57.734709 -0.228668 0.973504 0.000169 0.937492 0.220256 -0.269435 0.262333 0.061453 0.963019
-0.637273 -9.359021 -16.316308 -70.921454 -0.200978 0.979451 0.016829 0.940986 0.197804 -0.274627 0.272313 0.039358 0.961404
-0.959173 -10.239667 -15.240156 -51.048082 -0.185453 0.982592 -0.010990 0.862801 0.157471 -0.480394 0.470300 0.098573 0.876984
-0.551980 -8.118109 -18.162222 -58.615780 -0.240578 0.970109 0.031784 0.967018 0.242377 -0.078294 0.083657 -0.011900 0.996424
-1.207650 -9.765790 -5.377733 -52.609964 -0.213983 0.976134 -0.037057 0.868492 0.172748 -0.464629 0.447139 0.131606 0.884730
-0.741163 -7.875161 -5.822872 -41.320474 -0.273705 0.961782 0.007872 0.958431 0.273419 -0.081561 0.080596 0.014779 0.996637
-1.049374 -8.572951 5.314686 -46.350692 -0.267873 0.962994 -0.029767 0.930863 0.250720 -0.265771 0.248473 0.098901 0.963576
-1.448929 -21.306956 -115.995270 -541.791206 0.440832 0.868081 -0.228258 0.655840 -0.485133 -0.578378 0.612814 -0.105267 0.783184
-2.379590 -23.123636 -147.032660 -395.410003 0.433372 0.869116 -0.238384 0.438102 -0.434324 -0.787038 0.787563 -0.236644 0.568985
-3.304866 -20.289014 -90.593766 -542.518322 0.367958 0.904621 -0.215101 0.709296 -0.422653 -0.564149 0.601254 -0.055013 0.797162
0.514341 -11.599115 -80.125847 199.760634 0.213881 0.915229 -0.341483 0.943607 -0.103134 0.314594 0.252707 -0.389511 -0.885675
-0.981547 -11.465838 -98.437554 232.273886 0.145391 0.914171 -0.378356 0.957894 -0.034366 0.285057 0.247588 -0.403870 -0.880676
-1.147201 -8.298141 -87.316148 172.641755 0.219279 0.914350 -0.340413 0.898392 -0.053141 0.435968 0.380537 -0.401423 -0.833097
-2.164733 -6.786702 19.691736 12.007070 0.257304 -0.093976 0.961750 0.431325 0.901784 -0.027279 -0.864727 0.421846 0.272567
-1.744083 -6.791748 35.086600 8.984858 0.310991 -0.093811 0.945772 0.429676 0.901492 -0.051869 -0.847740 0.422506 0.320665
-1.895599 -6.806239 19.829355 -16.710257 0.266548 -0.091776 0.959442 0.496002 0.866584 -0.054903 -0.826399 0.490519 0.276507
-2.234639 -6.903930 7.954218 -5.397359 0.218575 -0.098388 0.970848 0.509201 0.860209 -0.027465 -0.832430 0.500360 0.238119
-2.440274 -6.770325 16.376721 15.254370 0.218991 -0.102456 0.970333 0.423752 0.905778 0.000004 -0.878907 0.411180 0.241773
26.939349 -4.708185 809.524461 -16.547766 -0.099466 0.837309 -0.537606 0.888112 -0.168950 -0.427450 -0.448736 -0.519971 -0.726819
5.363635 -7.448452 135.004212 32.875697 -0.350774 0.887110 -0.299990 0.830211 0.146381 -0.537886 -0.433251 -0.437732 -0.787835
7.111936 -6.499348 145.728241 -6.060061 -0.356036 0.865909 -0.351340 -0.753783 -0.043903 0.655655 -0.552313 -0.498271 -0.668338
-0.119134 -16.921621 15.367829 11.166830 -0.183052 0.967746 -0.173087 -0.145899 -0.200854 -0.968696 0.972217 0.152068 -0.177960
0.024184 -15.394937 36.769066 83.092032 -0.240053 0.956984 -0.162958 -0.345411 -0.241083 -0.906956 0.907230 0.161430 -0.388426
0.410804 -15.729576 27.471657 -19.694474 -0.211352 0.969027 -0.127740 -0.069160 -0.145192 -0.986983 0.974960 0.199767 -0.097704
-0.133807 -15.129437 41.765139 40.849857 0.240792 0.970563 -0.005157 -0.925153 0.231126 0.301119 -0.293447 0.067736 -0.953572
-1.114611 -15.192181 17.025231 58.517838 0.172550 0.984817 -0.019036 -0.917807 0.167765 0.359840 -0.357570 0.044619 -0.932820
-0.740630 -14.305916 26.946323 70.726138 0.218091 0.975907 -0.006451 -0.852383 0.193698 0.485720 -0.475268 0.100433 -0.874090
0.547197 -13.912026 54.842373 60.712508 0.298848 0.953808 -0.030663 -0.831402 0.276000 0.482280 -0.468466 0.118635 -0.875480
-0.898477 -13.705170 24.954592 66.609623 0.232722 0.972433 -0.014630 -0.753032 0.189694 0.630047 -0.615454 0.135609 -0.776419
-1.532115 -13.857583 16.173713 60.779626 0.172871 0.984906 -0.008660 -0.756442 0.138392 0.639252 -0.630802 0.103958 -0.768948
-1.010222 -39.884593 57.732964 -599.802853 -0.038883 0.863260 -0.503259 0.462865 -0.430789 -0.774711 0.885576 0.263064 0.382823
-2.667844 -404.969175 -368.539134 -18905.492183 -0.084873 0.936777 -0.339478 0.399568 -0.280113 -0.872858 0.912766 0.209727 0.350532
2.659488 -237.814415 -582.479551 -11414.463605 -0.134624 0.890854 -0.433884 0.714747 -0.215971 -0.665202 0.686304 0.399670 0.607660
-0.941929 -31.880722 49.297499 -165.038516 0.025131 0.836927 -0.546737 0.727859 -0.390216 -0.563873 0.685266 0.383777 0.618971
-1.723188 -9.154286 -25.975951 -95.124736 0.300223 -0.119708 0.946328 0.676899 0.725736 -0.122943 -0.672067 0.677478 0.298913
-1.111720 -8.584571 -9.926941 -79.655597 0.263084 -0.117871 0.957546 0.696102 0.710399 -0.103804 -0.668004 0.693858 0.268945
-1.749062 -7.896984 -16.924773 -66.524974 0.316330 -0.114776 0.941680 0.563666 0.821166 -0.089260 -0.763031 0.559029 0.324455
-2.522036 -9.481928 -31.049660 -105.310153 0.280977 -0.186310 0.941457 0.683670 0.727311 -0.060109 -0.673533 0.660535 0.331732
3.813311 -1042.175543 -818.882666 -61746.655705 0.111311 0.799289 -0.590548 0.993549 -0.102481 0.048568 -0.021700 -0.592145 -0.805540
10.923516 -2047.145415 -2011.618807 -478769.563161 0.224799 0.770913 -0.595952 0.122564 0.584377 0.802173 -0.966666 0.253370 -0.036881
-52.002297 -123.038458 -2117.989266 -50715.537022 0.148519 0.969160 -0.196652 0.033764 0.193771 0.980465 -0.988333 0.152257 0.003944
-83.883591 -4472.150572 -1126.831850 48960.330384 0.049289 0.741060 -0.669627 -0.112048 -0.662107 -0.740985 0.992480 -0.111553 -0.050400
-223.066877 -6921.655825 1804.889104 86337.016017 -0.031317 0.656436 -0.753732 0.130069 0.750366 0.648100 0.991010 -0.077741 -0.108881
-20.250561 -1123.741254 -3429.068346 -459872.295096 0.134873 0.775184 -0.617170 0.988957 -0.143930 0.035341 -0.061433 -0.615121 -0.786036
-1.470399 -5.687623 -20.398330 10.096587 0.313578 0.944876 0.094222 0.578075 -0.268678 0.770481 -0.753324 0.187139 0.630461
-1.712858 -5.487918 -28.364209 17.527317 0.307567 0.949420 0.063282 0.657542 -0.260142 0.707082 -0.687780 0.175865 0.704294
-1.226724 -5.659354 17.130360 0.127549 0.316565 0.948349 0.020535 0.565499 -0.206059 0.798593 -0.761576 0.241194 0.601522
-1.077003 -5.698899 16.697992 -7.542710 0.323386 0.944995 0.049058 0.480502 -0.208653 0.851811 -0.815193 0.251891 0.521548
-1.412952 -5.829401 1.339291 0.456145 0.309980 0.946203 0.092800 0.476169 -0.238992 0.846254 -0.822907 0.218133 0.524635
-1.725655 -4.240416 -10.550952 45.092534 -0.562060 0.781777 -0.270026 0.696183 0.623442 0.355877 -0.446562 -0.012037 0.894671
-1.467849 -4.109089 -11.804404 22.663018 -0.502796 0.838631 -0.209510 0.777524 0.544679 0.314295 -0.377693 0.004873 0.925918
-1.469022 -3.548824 18.466827 19.441959 -0.377474 0.902672 -0.206630 0.826117 0.429075 0.365275 -0.418383 0.032819 0.907678
-7.318934 -11.046946 -13.881707 79.184253 -0.006553 0.878577 0.477557 -0.062678 0.476267 -0.877064 0.998012 0.035679 -0.051946
-3.556247 -10.680615 -188.407233 90.649680 0.156664 0.917226 0.366268 -0.153616 0.388964 -0.908355 0.975632 -0.086042 -0.201837
-2.718863 -10.556570 -180.418161 272.813962 0.144246 0.936221 0.320442 -0.377578 0.351402 -0.856709 0.914673 -0.002585 -0.404185
-0.138253 -3.595899 -20.471873 -21.727851 -0.186737 0.687074 0.702182 -0.407079 0.596389 -0.691814 0.894101 0.415030 -0.168325
0.436252 -3.769519 21.784855 15.137392 -0.236507 0.714095 0.658888 -0.470508 0.509143 -0.720691 0.850110 0.480460 -0.215571
1.037557 -3.648587 91.816438 -20.646537 -0.272953 0.736049 0.619458 -0.369126 0.514493 -0.773978 0.888393 0.439918 -0.131263
1.360011 -3.529594 38.278802 34.185424 -0.227079 0.714030 0.662266 -0.558677 0.461497 -0.689130 0.797693 0.526480 -0.294116
2.785500 -3.871086 148.243465 10.777990 -0.310840 0.732569 0.605575 -0.466151 0.437746 -0.768819 0.828300 0.521269 -0.205418
2.725893 -3.775043 169.889568 0.916964 -0.329196 0.733492 0.594658 -0.397062 0.463848 -0.791951 0.856722 0.496824 -0.138544
19.430922 -13.589835 1763.270423 252.204685 -0.133632 0.985719 0.102470 0.986527 0.122466 0.108470 0.094372 0.115584 -0.988804
3.464698 -9.168130 653.924885 48.073722 0.213475 0.975985 0.043384 -0.962972 0.217698 -0.159034 0.164659 0.007828 -0.986319
-0.892199 -10.817466 -4.519837 -7.286980 0.203382 0.978998 0.014107 -0.482036 0.112662 -0.868878 0.852219 -0.169914 -0.494826
-0.989666 -10.336614 -2.430524 36.033300 0.165865 0.986147 -0.001946 -0.687103 0.114151 -0.717537 0.707374 -0.120351 -0.696518
-0.969594 -10.011287 4.644052 61.368089 0.149196 0.988082 -0.037865 -0.839955 0.106438 -0.532115 0.521743 -0.111194 -0.845825
-0.077496 -7.186597 -12.802199 25.244086 0.125753 0.965380 -0.228533 -0.908347 0.204663 0.364718 -0.398864 -0.161723 -0.902637
-0.104659 -7.121187 -9.727430 -27.748369 0.093596 0.974592 -0.203496 -0.857582 0.182748 0.480788 -0.505761 -0.129515 -0.852896
-0.207249 -6.962650 -5.350446 -22.914205 0.096765 0.974750 -0.201245 -0.848030 0.186591 0.496013 -0.521039 -0.122665 -0.844672
11.648203 -9.321637 933.503145 -51.828424 0.389793 0.905247 0.169087 0.809411 -0.249204 -0.531743 0.439222 -0.344131 0.829854
-2.152386 -4.583243 61.674931 -3.161590 -0.283441 0.843138 0.456924 0.017277 0.480877 -0.876618 0.958834 0.240575 0.150867
-3.263439 -5.082441 77.898644 -3.688554 -0.246301 0.810099 0.532048 0.039639 0.556920 -0.829620 0.968382 0.183246 0.169281
-1.052143 -3.953170 47.171499 -53.953970 -0.312252 0.789139 0.528923 0.040498 0.567312 -0.822506 0.949136 0.235409 0.209103
-3.458853 -5.284844 72.191549 32.638520 -0.234777 0.906437 0.351073 -0.000952 0.360953 -0.932584 0.972049 0.219283 0.083880
-2.179193 -4.552050 48.233828 33.489990 -0.275098 0.905887 0.322008 -0.039950 0.323870 -0.945258 0.960586 0.272903 0.052906
-1.096923 -4.090791 36.932078 6.425663 -0.298607 0.856989 0.420004 -0.020668 0.434172 -0.900593 0.954152 0.277604 0.111935
98.370393 -4.995671 -4098.091210 -17.101957 -0.183456 -0.922865 -0.338620 0.963389 -0.237298 0.124785 -0.195513 -0.303330 0.932612
1.872330 -12.038947 -86.244866 -216.810402 0.267692 0.948213 0.170977 0.707327 -0.313893 0.633371 -0.654239 0.048612 0.754724
0.707992 -18.954234 58.496805 167.699719 -0.017978 -0.958862 -0.283302 0.999410 -0.025525 0.022968 -0.029254 -0.282722 0.958756
0.380041 -20.050933 64.381095 456.750513 0.070310 -0.953139 -0.294251 0.981154 0.012856 0.192799 -0.179982 -0.302261 0.936080
1.178626 -23.511934 -68.663556 260.688505 -0.086639 0.949527 0.301483 0.844472 -0.090556 0.527889 -0.528546 -0.300329 0.794003
-1.643470 -7.569617 53.645101 -12.960253 -0.011827 0.979082 0.203122 -0.879901 0.086307 -0.467252 0.475009 0.184253 -0.860475
-1.447093 -7.571033 48.664879 0.275619 -0.101151 0.980949 0.165854 -0.934248 -0.036353 -0.354767 0.341979 0.190833 -0.920126
-0.596566 -6.924456 85.164076 -13.423020 -0.011412 0.973776 0.227222 -0.878801 0.098644 -0.466881 0.477052 0.205011 -0.854630
-0.691239 -6.589992 80.540037 -29.581209 0.075544 0.958349 0.275427 -0.800767 0.222903 -0.555955 0.594193 0.178554 -0.784254
-1.613704 -7.186884 30.916112 -51.770767 0.085875 0.966918 0.240198 -0.787055 0.213660 -0.578700 0.610876 0.139354 -0.779366
2.781577 -88.645938 -136.208205 -1491.623300 -0.427647 0.891578 0.149020 -0.284536 -0.289244 0.913990 -0.857996 -0.348463 -0.377380
7.704112 -110.269492 36.476601 2283.194307 -0.387902 0.910570 0.142808 0.111013 -0.107655 0.987971 -0.914991 -0.399090 0.059325
-2.317488 -4.844400 31.556581 -43.693622 -0.277699 0.905421 -0.321086 -0.031723 -0.342693 -0.938912 0.960144 0.250549 -0.123888
-1.928584 -4.254119 68.592381 -14.872697 0.356621 0.832852 -0.423295 -0.533153 0.553490 0.639842 -0.767183 0.002500 -0.641423
-0.299178 -4.215415 -97.533419 24.442225 -0.536689 -0.591806 0.601441 -0.362904 0.805394 0.468658 -0.761751 0.033259 -0.647015
-0.386660 -4.562495 95.318632 36.053979 0.423285 0.756403 -0.498682 -0.530801 0.653109 0.540091 -0.734221 -0.036088 -0.677951
-2.841688 -7.969953 -31.882702 -8.744060 -0.327755 0.810367 0.485676 0.226445 -0.431704 0.873129 -0.917224 -0.396152 0.042010
-0.391191 -8.101055 -154.218624 24.514768 -0.449902 0.794897 0.407097 0.299151 -0.295368 0.907340 -0.841485 -0.529998 0.104908
2.002908 -20.618507 -74.470195 -19.631546 -0.020629 0.961496 -0.274043 0.988723 -0.021047 -0.148273 -0.148331 -0.274011 -0.950219
2.750135 -26.254122 -74.364958 -486.906840 -0.025081 0.967534 -0.251495 0.999569 0.020433 -0.021075 -0.015252 -0.251915 -0.967629
3.526102 -24.397657 -12.253647 -394.212770 -0.062284 0.987536 -0.144544 0.997041 0.055028 -0.053672 -0.045050 -0.147459 -0.988042
3.113461 -20.954913 2.817500 -209.634581 -0.032193 0.994292 -0.101723 -0.981250 -0.012091 0.192358 -0.190030 -0.106009 -0.976038
2.549241 -31.545712 23.276589 -1001.281223 0.763916 -0.526484 -0.373158 0.615204 0.419581 0.667440 0.194826 0.739436 -0.644420
-0.208972 -5.858391 -131.945700 96.047653 -0.182411 0.929045 0.321871 0.478269 -0.202183 0.854623 -0.859060 -0.309834 0.407453
6.043194 -10.744879 -232.252389 199.347199 0.185774 -0.099876 0.977503 0.903011 -0.374841 -0.209916 0.387374 0.921693 0.020553
2.513956 -9.497367 -262.800827 176.554651 0.215371 -0.027684 0.976140 0.849939 -0.486896 -0.201336 0.480852 0.873021 -0.081334
5.990016 -4.891696 -321.229528 78.084988 0.029278 0.086339 0.995835 0.769723 -0.637543 0.032645 0.637706 0.765562 -0.085123
3.318100 -6.593940 -301.042072 115.815195 0.110696 0.051117 0.992539 0.782707 -0.619922 -0.055367 0.612467 0.782996 -0.108632
-0.680389 -10.706276 -14.356943 -52.488205 -0.167106 0.985939 -0.000263 0.857524 0.145209 -0.493526 0.486548 0.082696 0.869731
-0.359138 -9.790009 -10.682563 -83.419794 -0.180785 0.983371 0.017283 0.942121 0.178193 -0.283998 0.282355 0.035060 0.958669
-0.286248 -8.425249 -13.874723 -75.853464 -0.217397 0.975552 0.032197 0.972365 0.219327 -0.080009 0.085114 -0.013914 0.996274
-0.440213 -23.429350 -196.595292 -350.711703 0.489174 0.844356 -0.218567 0.379534 -0.431700 -0.818285 0.785279 -0.317330 0.531638
-0.933859 -23.516731 -142.615027 102.084519 0.457068 0.854951 -0.245253 0.057707 -0.303665 -0.951030 0.887558 -0.420532 0.188132
-3.236558 -23.733121 -99.170578 -13.289129 0.397358 0.883604 -0.247690 0.129458 -0.321191 -0.938124 0.908486 -0.340706 0.242018
0.051252 -15.337543 52.591602 -112.435139 0.184510 0.982710 0.015406 -0.932884 0.180045 -0.311946 0.309326 -0.043186 -0.949975
1.372275 -15.224765 63.472929 -153.422390 0.225213 0.974184 0.015650 -0.923782 0.218611 -0.314382 0.309687 -0.056346 -0.949167
0.462158 -13.432771 62.263577 -184.477126 0.188541 0.981668 0.027944 -0.838357 0.175705 -0.516029 0.511479 -0.073866 -0.856115
0.938268 -16.075730 65.528812 -34.656367 0.233162 0.972375 0.011014 -0.967817 0.233142 -0.094732 0.094683 -0.011429 -0.995442
-0.674557 -13.742703 40.851907 -175.406296 0.162856 0.986638 -0.004857 -0.844330 0.136816 -0.518063 0.510476 -0.088470 -0.855329
-1.032468 -15.695533 31.025741 -84.322703 0.151912 0.988151 -0.021913 -0.943363 0.138340 -0.301544 0.294940 -0.066480 -0.953200
-0.433268 -16.122558 41.516749 -1.952017 0.181916 0.983310 0.002887 -0.980285 0.181586 -0.077901 0.077126 -0.011341 -0.996957
-1.447880 -6.852538 25.663118 16.695667 0.347197 -0.086526 0.933792 0.413204 0.907982 -0.069500 -0.841853 0.409977 0.351002
-1.513347 -6.566207 27.157495 22.553693 0.325194 -0.077756 0.942445 0.343433 0.938278 -0.041091 -0.881080 0.337030 0.331827
-1.554570 -6.258119 14.999681 -45.395264 0.299715 -0.029075 0.953586 0.221686 0.974299 -0.039969 -0.927915 0.223376 0.298457
-1.341039 -6.607736 19.746637 15.279944 0.331857 -0.074810 0.940359 0.264737 0.964176 -0.016722 -0.905420 0.254497 0.339774
-1.551062 -7.091586 10.648412 26.381454 0.356279 -0.081294 0.930837 0.325130 0.944739 -0.041935 -0.875989 0.317583 0.363022
-0.926269 -16.106072 28.485485 54.763585 0.177339 0.984063 -0.013057 -0.971919 0.177205 0.154827 -0.154674 0.014766 -0.987855
-1.671550 -15.512070 18.865187 63.547049 0.125242 0.991604 -0.032186 -0.927275 0.128531 0.351627 -0.352812 0.014193 -0.935587
-1.776967 -14.636819 11.177461 48.067199 0.115858 0.992752 -0.031950 -0.850478 0.115768 0.513114 -0.513093 0.032276 -0.857726
-0.927808 -30.376512 18.942178 -334.816526 0.235933 0.833506 -0.499603 -0.227805 0.547230 0.805385 -0.944691 0.076204 -0.318986
-2.005304 -31.528846 70.413405 -475.556977 0.265589 0.829152 -0.491904 -0.193395 0.545677 0.815374 -0.944490 0.121422 -0.305279
-0.991133 -33.547569 58.071276 -269.633776 0.263923 0.813787 -0.517780 0.146733 0.496691 0.855434 -0.953318 0.301744 -0.011679
-0.314541 -10.826943 -63.681769 -127.588465 0.230463 -0.114965 0.966266 0.802265 0.584408 -0.121815 -0.550689 0.803275 0.226917
-0.044193 -10.261960 -32.262372 -119.840240 0.203525 -0.125558 0.970985 0.795959 0.598710 -0.089419 -0.570112 0.791063 0.221792
-0.971603 -8.352498 -2.357055 -85.435044 0.180768 -0.161365 0.970198 0.731179 0.681803 -0.022835 -0.657799 0.713517 0.241235
-1.381133 -7.077687 6.921574 -59.722759 0.288419 -0.110412 0.951117 0.586395 0.805627 -0.084297 -0.756938 0.582044 0.297103
0.730050 -284.880567 237.713624 -13619.209936 0.058854 -0.742487 0.667271 0.972118 -0.109362 -0.207431 0.226989 0.660873 0.715348
-8.888303 -2024.405708 -930.782305 -18676.500911 -0.094143 -0.749006 0.655840 0.978657 -0.190497 -0.077077 0.182667 0.634587 0.750954
-0.491914 -44.485692 158.821450 -2260.487509 0.329483 0.721115 -0.609454 0.676995 0.269498 0.684872 -0.658118 0.638250 0.399396
35.458805 -138.134123 -1150.973442 -1085.178445 0.428138 0.787133 -0.443982 -0.500564 0.615590 0.608674 -0.752418 0.038355 -0.657568
-1.522876 -5.603779 15.948101 8.513475 0.285578 0.957812 -0.032266 0.653771 -0.170088 0.737329 -0.700734 0.231660 0.674763
-1.177729 -3.370579 27.653261 5.123558 -0.185398 0.971470 -0.147897 0.867989 0.232455 0.438816 -0.460676 0.047018 0.886322
-0.890950 -3.526820 13.764884 5.676797 -0.068979 0.992930 -0.096606 0.860721 0.108193 0.497447 -0.504382 0.048838 0.862099
-1.422375 -3.718791 29.219053 19.145719 -0.205665 0.963974 -0.168691 0.833316 0.262887 0.486286 -0.513114 0.040561 0.857362
-25.785205 -300.951733 1814.044831 -14702.764230 -0.920335 0.092429 -0.380054 0.205198 0.941319 -0.267978 0.332983 -0.324616 -0.885295
-37.991162 -141.326236 -1757.097975 -6566.487888 0.969579 0.222048 0.103016 0.027298 0.320138 -0.946977 0.243253 -0.920981 -0.304338
-13.646396 -172.291896 -908.089872 -7244.727912 0.980017 -0.050614 0.192364 0.174828 0.680442 -0.711642 0.094873 -0.731052 -0.675693
-102.397387 -1293.410574 11241.338247 10938.339047 0.906344 0.095932 -0.411507 -0.414218 0.009365 -0.910130 0.083457 -0.995344 -0.048225
0.298197 -2236.834702 -6370.187825 -124985.149090 -0.977532 0.101512 -0.184732 0.096711 0.994703 0.034840 0.187290 0.016191 -0.982171
-13.108716 -230.047274 22.116317 4860.000084 -0.950946 0.037260 -0.307105 0.096671 0.978797 -0.180587 0.293865 -0.201416 -0.934385
-8.904832 -93.530854 -121.738005 -4000.426017 0.956434 0.107968 0.271252 0.219039 0.348896 -0.911204 0.193020 -0.930921 -0.310047
-9.004204 -10.939801 156.453044 12.208184 -0.173423 0.943760 0.281499 0.074529 0.297587 -0.951781 0.982023 0.144081 0.121946
-7.236605 -10.739076 -7.828463 59.300628 -0.259300 0.965305 -0.030816 0.010812 -0.029004 -0.999521 0.965736 0.259509 0.002916
-7.488452 -11.179936 71.694762 22.431186 -0.218576 0.974116 0.057651 0.088431 0.078609 -0.992976 0.971805 0.211942 0.103324
-0.751875 -3.492912 26.831094 21.387624 -0.211921 0.686652 0.695413 -0.445004 0.565726 -0.694209 0.870093 0.456579 -0.185673
-0.333795 -3.245370 -39.260412 -36.236918 -0.194908 0.696405 0.690674 -0.362654 0.603108 -0.710453 0.911314 0.388948 -0.135004
-0.345215 -3.089203 23.157161 -27.505157 -0.239084 0.708728 0.663734 -0.364516 0.568054 -0.737864 0.899982 0.418353 -0.122530
17.921992 -13.556256 1606.106019 59.000007 -0.013539 0.999905 -0.002686 -0.996396 -0.013266 0.083783 -0.083740 -0.003811 -0.996480
-0.670623 -10.879556 -3.955831 -51.952201 0.229944 0.972968 0.021420 -0.238330 0.077638 -0.968076 0.943570 -0.217498 -0.249740
-0.701280 -11.196029 5.271152 -55.010686 0.226329 0.973901 -0.017110 -0.221508 0.034356 -0.974553 0.948530 -0.224360 -0.223502
-0.142048 -8.144481 -10.614675 82.936621 0.165337 0.956474 -0.240460 -0.946725 0.222245 0.233064 -0.276361 -0.189115 -0.942263
0.113080 -15.141204 33.516985 67.077901 0.361705 0.931803 -0.030207 -0.566915 0.245555 0.786327 -0.740119 0.267294 -0.617072
82.163756 -0.933025 -6206.689676 -185.760449 -0.146888 -0.862589 -0.484112 0.978063 -0.053573 -0.201303 0.147706 -0.503061 0.851535
0.619237 -17.202638 -79.186440 -201.307704 0.245939 0.957039 0.153594 0.897770 -0.284653 0.336127 -0.365408 -0.055225 0.929208
2.207396 -14.007504 -62.473994 -195.282357 0.308330 0.942178 0.131277 0.805902 -0.332032 0.490180 -0.505424 0.045341 0.861679
0.762735 -19.735549 75.980390 -108.061893 -0.129417 -0.957490 -0.257805 0.977247 -0.079098 -0.196805 0.168047 -0.277409 0.945941
1.520288 -23.624487 -36.311732 79.325714 -0.044128 -0.981860 -0.184402 0.996136 -0.029216 -0.082821 0.075932 -0.187344 0.979355
1.214910 -22.013347 6.303442 -41.482136 -0.138792 -0.969458 -0.202210 0.967917 -0.089607 -0.234749 0.209460 -0.228304 0.950791
-0.320246 -7.001245 77.087367 -8.475058 -0.082192 0.978234 0.190532 -0.929788 -0.006438 -0.368039 0.358802 0.207404 -0.910080
-1.185832 -7.318895 37.778745 -0.772387 -0.173987 0.974285 0.143172 -0.959511 -0.135022 -0.247201 0.221513 0.180385 -0.958328
-0.012777 -84.023928 -5.746394 -554.846423 -0.552963 0.817633 0.160337 -0.174745 -0.301957 0.937169 -0.814675 -0.490202 -0.309848
-0.096627 -58.466648 -92.998615 550.422608 -0.535451 0.829823 0.157121 -0.559624 -0.487939 0.669878 -0.632545 -0.270758 -0.725656
4.831099 -87.517011 74.700345 -2808.801931 -0.509542 0.849779 0.135069 -0.439217 -0.391857 0.808416 -0.739902 -0.352597 -0.572905
-1.824422 -86.755756 -177.323145 -870.236820 -0.567502 0.804348 0.175973 -0.392459 -0.452131 0.800971 -0.723822 -0.385490 -0.572258
1.545090 -158.463072 -239.448091 -5558.808965 -0.570690 0.780529 0.255123 0.122490 -0.226294 0.966327 -0.811978 -0.582723 -0.033537
-0.179749 -85.791925 -98.440733 -399.295579 -0.554931 0.792220 0.253848 0.373712 -0.035219 0.926876 -0.743230 -0.609218 0.276518
-1.028635 -92.497683 -88.019344 -2130.877460 -0.567222 0.774865 0.279004 0.046907 -0.307830 0.950285 -0.822228 -0.552109 -0.138261
-28.399321 -96.082372 -608.189742 3010.648596 -0.152037 -0.887840 -0.434310 0.971050 -0.216091 0.101813 -0.184245 -0.406258 0.894991
2.523789 -110.407814 46.818066 4276.239182 -0.108666 0.943291 0.313679 0.666850 -0.164845 0.726730 -0.737226 -0.288148 0.611121
5.538095 -95.017463 -89.741894 4075.763205 -0.059141 -0.934310 -0.351521 0.954373 -0.156173 0.254525 -0.292703 -0.320429 0.900916
22.426495 -655.748741 -484.566770 29506.207175 0.076887 -0.884195 -0.460747 0.929798 -0.103245 0.353293 -0.359950 -0.455566 0.814184
-0.893594 -8.440218 12.009911 -118.246003 -0.354457 0.800875 -0.482659 -0.224302 -0.573925 -0.787590 0.907771 0.170905 -0.383070
-0.517198 -10.493522 51.510526 -111.140724 -0.348306 0.817355 -0.458927 -0.416102 -0.573521 -0.705644 0.839965 0.054820 -0.539864
-0.328191 -9.845581 59.278800 -149.958905 -0.380606 0.777302 -0.500939 -0.300392 -0.616256 -0.728006 0.874588 0.126606 -0.468046
-1.047637 -9.188429 18.112457 -106.245560 -0.322003 0.823024 -0.467915 -0.308038 -0.558425 -0.770243 0.895224 0.103884 -0.433338
-3.064065 -7.989035 10.138971 -3.922324 -0.334597 0.855674 0.394801 0.006507 -0.416840 0.908956 -0.942339 -0.306703 -0.133906
-2.545709 -8.215262 -9.879954 -18.714628 -0.396752 0.831873 0.388040 -0.075033 -0.450712 0.889510 -0.914854 -0.323799 -0.241239
1.492162 -24.594330 -48.237875 -482.341307 0.020877 0.959844 -0.279756 0.999576 -0.014358 0.025330 0.020297 -0.280166 -0.959737
-2.203096 -74.672137 87.267596 2515.826714 0.896416 -0.131565 -0.423237 0.374100 0.736677 0.563344 -0.237673 0.663323 -0.709587
4.589902 -9.319483 -64.809737 88.739476 -0.091772 0.973369 0.210075 0.372394 -0.162109 0.913807 -0.923526 -0.162093 0.347599
2.884236 -6.737901 -113.010601 10.658443 -0.116531 0.932756 0.341156 0.489882 -0.244824 0.836706 -0.863966 -0.264628 0.428410
3.899534 -13.658532 -162.265729 145.231934 0.168808 -0.108838 0.979621 0.969723 -0.159602 -0.184835 0.176466 0.981163 0.078601
5.680114 -13.452115 -72.058441 235.434311 0.081475 -0.215058 0.973197 0.951823 -0.272835 -0.139976 0.295625 0.937716 0.182468
3.269191 -13.946642 22.782093 95.180976 0.080032 -0.247378 0.965608 0.996132 -0.015392 -0.086505 0.036262 0.968797 0.245189
4.192365 -15.065147 94.867397 245.178707 -0.014590 -0.324065 0.945922 0.980829 -0.188493 -0.049448 0.194324 0.927066 0.320603
-0.974795 -2.660099 -86.054770 -58.960690 0.465079 0.724606 -0.508575 0.461643 -0.688701 -0.559086 0.755373 -0.025239 0.654809
-2.332011 -3.231546 -6.234415 -71.791581 0.275077 0.894361 -0.352776 0.558930 -0.447316 -0.698216 0.782260 0.005114 0.622931
-1.689773 -2.248373 -42.317039 59.896315 0.550501 0.526358 -0.647994 -0.358208 0.850038 0.386163 0.754080 0.019533 0.656492
-0.946755 -11.429677 -14.200448 -32.599048 -0.154687 0.987541 -0.028876 0.726689 0.093929 -0.680514 0.669324 0.126251 0.732166
