18893
37771
-5.455251 -7.717738 109.194582 115.373247 -0.235835 0.949117 -0.208705 -0.342094 -0.282098 -0.896322 0.909590 0.139988 -0.391216
-6.568102 -9.307986 121.525011 121.160345 -0.194632 0.980454 -0.028766 -0.276094 -0.082902 -0.957549 0.941217 0.178427 -0.286833
-6.850283 -11.254669 -45.610047 450.295775 0.102194 0.837439 0.536891 -0.371893 0.532744 -0.760184 0.922633 0.121980 -0.365881
-4.748280 -8.131512 -20.868273 92.658620 -0.313353 0.889554 -0.332421 -0.233713 -0.411524 -0.880924 0.920428 0.198349 -0.336852
-5.156337 -6.968299 -30.639137 176.308355 0.008201 0.984569 0.174804 -0.478957 0.157321 -0.863626 0.877800 0.076641 -0.472856
-4.356296 -6.837542 0.744420 71.151298 -0.370833 0.780743 -0.502914 -0.270724 -0.608885 -0.745632 0.888364 0.140354 -0.437161
4.161477 -4.747938 -86.420850 124.136999 0.060295 0.980555 -0.186754 0.991473 -0.037178 0.124900 0.115528 -0.192692 -0.974435
5.300869 -7.017878 44.689318 -43.442831 0.021199 0.997280 -0.070594 -0.996933 0.015765 -0.076659 0.075338 -0.072003 -0.994555
4.688838 -6.914318 -71.666328 55.067792 -0.053890 0.981667 -0.182827 0.998062 0.058660 0.020781 0.031124 -0.181353 -0.982925
2.543028 -6.607416 -228.783101 44.109553 -0.054839 0.946338 -0.318493 0.997426 0.066677 0.026378 0.046199 -0.316226 -0.947558
2.061550 -3.196444 -225.058555 196.378727 0.007982 0.952062 -0.305802 0.991343 0.032544 0.127197 0.131052 -0.304170 -0.943560
5.347190 1.486791 453.566976 -5.109853 0.805200 0.592909 -0.010543 -0.564450 0.760859 -0.320140 0.181792 -0.263728 -0.947312
-17.452704 -56.639099 -285.186043 -2361.571590 0.182706 0.943788 -0.275469 0.952397 -0.100349 0.287873 0.244048 -0.314952 -0.917195
-7.051912 -30.611585 -153.715128 -1441.242175 0.035780 0.952226 -0.303292 0.962129 0.049243 0.268111 0.270237 -0.301399 -0.914402
-25.050170 -96.643459 -540.549652 11868.507394 0.057606 0.959614 -0.275359 -0.737136 0.226896 0.636513 -0.673284 -0.166310 -0.720437
-26.168838 -158.413753 -2440.540048 -12540.937365 -0.053900 0.807180 -0.587840 -0.349125 -0.566775 -0.746243 0.935525 -0.165007 -0.312355
-26.848907 -289.096607 -3947.639893 -22264.093017 -0.186964 0.802434 -0.566696 -0.494823 -0.575268 -0.651320 0.848643 -0.158641 -0.504617
-3.130283 -5.992849 -168.323335 -27.897213 0.142705 0.834460 -0.532270 0.025479 -0.540693 -0.840834 0.989437 -0.106430 0.098421
-4.753987 -6.017238 -102.850334 -39.887324 0.060909 0.787095 -0.613817 0.025699 -0.615991 -0.787334 0.997812 -0.032181 0.057747
-4.029878 -5.209477 -107.931386 -64.602736 0.079617 0.854490 -0.513331 0.131999 -0.519468 -0.844233 0.988047 0.000544 0.154150
-2.035632 -5.410677 -184.363201 -60.430047 0.171362 0.830576 -0.529886 0.102947 -0.549993 -0.828800 0.979815 -0.087475 0.179753
-0.004369 -5.770123 -163.157244 -35.770223 0.174641 0.854849 -0.488605 0.011917 -0.498029 -0.867078 0.984560 -0.145604 0.097163
-1.964152 -7.400553 64.309723 17.559721 -0.011651 0.989667 0.142913 -0.582607 -0.122876 0.803412 -0.812671 0.073901 -0.578018
-2.548455 -7.661002 48.709218 4.089216 -0.007637 0.993678 0.112009 -0.661896 -0.088985 0.744295 -0.749557 0.068454 -0.658391
-2.515511 -7.524025 9.335882 12.138633 -0.004275 0.998675 0.051287 -0.608250 -0.043306 0.792563 -0.793734 0.027807 -0.607629
-2.085021 -7.181391 20.776837 43.329131 0.001555 0.997960 0.063819 -0.514408 -0.053929 0.855848 -0.857544 0.034160 -0.513274
-1.397479 -6.961107 32.831775 37.353356 -0.003373 0.994275 0.106799 -0.456331 -0.096562 0.884555 -0.889803 0.045752 -0.454045
-0.939987 -7.180522 65.387040 26.346855 -0.000926 0.986795 0.161969 -0.523795 -0.138451 0.840517 -0.851844 0.084060 -0.517007
-0.529720 -7.920345 87.606614 79.069086 0.016121 0.999492 0.027499 0.997265 -0.018057 0.071671 -0.072132 -0.026269 0.997049
0.066815 -8.594809 71.054864 92.818868 0.004013 0.999329 0.036394 0.985663 -0.010092 0.168426 -0.168681 -0.035196 0.985042
-0.937727 -8.555348 14.574441 56.006047 0.013792 0.998746 0.048122 0.986633 -0.021409 0.161547 -0.162375 -0.045250 0.985691
-1.140353 -7.903853 25.329356 39.000323 0.031007 0.998533 0.044380 0.998405 -0.033038 0.045790 -0.047189 -0.042889 0.997965
0.289005 -7.937496 -0.331494 -156.725276 0.049236 0.984080 -0.170771 -0.863502 0.127864 0.487868 -0.501937 -0.123440 -0.856050
0.525416 -7.394109 -30.920131 -135.197286 0.098553 0.972986 -0.208773 -0.894300 0.178615 0.410273 -0.436479 -0.146272 -0.887744
0.603261 -8.666961 -35.603889 -144.643216 0.038291 0.984206 -0.172836 -0.852787 0.122340 0.507728 -0.520854 -0.127951 -0.844002
-2.718660 -18.111237 -3.775624 376.051211 0.364347 0.928448 -0.072363 -0.817443 0.281624 -0.502469 0.446137 -0.242226 -0.861562
-2.160490 -17.529069 -31.380749 565.925180 0.451139 0.890073 -0.065141 -0.837850 0.397267 -0.374416 0.307380 -0.223491 -0.924970
-1.362241 -13.084538 -1.609180 525.215692 0.356190 0.930933 -0.080576 -0.915457 0.330383 -0.229752 0.187262 -0.155599 -0.969908
-1.781105 -15.465830 26.416971 565.914552 0.276749 0.956638 -0.090847 -0.927123 0.240952 -0.287029 0.252693 -0.163661 -0.953604
0.030465 -18.004177 -27.319550 386.888453 0.141239 0.989085 0.041990 0.648497 -0.060390 -0.758818 0.747999 -0.134405 0.649948
0.086235 -18.284296 11.805752 288.567615 0.129569 0.991017 0.033117 0.693991 -0.066779 -0.716881 0.708229 -0.115868 0.696409
-0.109228 -20.075696 -27.267180 115.230297 0.142489 0.988935 0.041282 0.802058 -0.090922 -0.590285 0.580000 -0.117220 0.806139
-0.226596 -7.151530 -6.565621 -25.058331 -0.049599 0.995629 -0.079141 -0.026239 0.077912 0.996615 -0.998425 -0.051507 -0.022260
-0.218703 -6.852560 -4.672562 10.785742 -0.041959 0.998402 -0.037843 0.043714 0.039675 0.998256 -0.998163 -0.040232 0.045309
-0.280063 -6.850050 3.934398 -43.742625 -0.037354 0.997213 -0.064582 -0.055310 0.062465 0.996513 -0.997770 -0.040796 -0.052822
-0.329405 -6.561376 5.476076 -64.249759 -0.036814 0.994173 -0.101314 -0.143947 0.095050 0.985010 -0.988900 -0.050846 -0.139609
-0.218352 -5.847809 10.787126 -67.270932 -0.033534 0.993528 -0.108523 -0.188886 0.100327 0.976861 -0.981426 -0.053256 -0.184299
6.147658 -12.066620 -66.655810 -112.926366 0.481303 0.686109 0.545529 -0.770034 0.628302 -0.110836 0.418802 0.366730 -0.830731
5.582723 -11.382069 -101.202172 -1.080213 0.467461 0.719818 0.513169 -0.716297 0.648619 -0.257316 0.518072 0.247296 -0.818807
6.463751 -10.402757 -50.168515 -34.219617 0.440854 0.671922 0.595121 -0.736727 0.649617 -0.187698 0.512719 0.355694 -0.781409
6.509079 -9.703184 -55.534848 19.755691 0.392966 0.704379 0.591124 -0.683251 0.653888 -0.324959 0.615423 0.276188 -0.738224
6.460159 -11.449668 -20.717790 143.168763 0.444565 0.632550 0.634226 0.774868 -0.626785 0.081980 0.449380 0.454995 -0.768789
67.704103 1.328807 2992.718522 92.233602 0.152578 0.194404 -0.968983 0.903391 -0.425016 0.056980 -0.400756 -0.884064 -0.240470
43.483178 2.537790 45.395999 92.441586 -0.115507 -0.284880 -0.951578 0.934800 -0.355102 -0.007161 -0.335868 -0.890363 0.307323
85.101067 2.668891 3053.133559 -93.829198 0.076875 -0.138244 -0.987410 0.897853 -0.421020 0.128848 -0.433532 -0.896454 0.091757
1718.005753 -34.859311 97056.672308 1786.984340 0.181686 0.438590 -0.880130 0.875432 -0.479802 -0.058380 -0.447893 -0.759888 -0.471129
277.685126 -6.125183 14691.935671 -344.171877 0.257176 0.448716 -0.855871 0.846591 -0.531686 -0.024365 -0.465988 -0.718306 -0.516616
-2.413627 -12.818185 14.883666 -3.645526 0.209232 0.975663 -0.065600 -0.719407 0.199021 0.665465 -0.662326 0.092044 -0.743541
-2.316480 -12.637467 -30.030323 -17.836740 0.149447 0.982069 -0.114917 -0.725732 0.187882 0.661826 -0.671549 0.015509 -0.740797
-2.359593 -13.004643 -5.296818 -26.979429 0.178096 0.979299 -0.096206 -0.622632 0.187858 0.759631 -0.761979 0.075387 -0.643199
-2.350451 -12.931768 -26.104086 -36.364803 0.129030 0.983956 -0.123211 -0.635499 0.177430 0.751439 -0.761244 0.018658 -0.648197
-2.538899 -13.332339 19.256747 -12.399381 0.234702 0.969301 -0.073276 -0.603372 0.204370 0.770828 -0.762140 0.136702 -0.632816
-3.415711 -11.316386 -81.977197 -52.850559 0.376180 0.879241 0.292273 -0.416948 0.442338 -0.794035 0.827432 -0.176837 -0.532997
-2.226645 -11.616727 -92.431352 24.776587 0.399276 0.856952 0.325903 -0.269598 0.449491 -0.851630 0.876297 -0.252173 -0.410503
-2.311240 -12.466940 -87.294372 -42.162193 0.379021 0.903357 0.200720 -0.444198 0.367885 -0.816914 0.811807 -0.220469 -0.540706
-3.380636 -12.378466 -95.189954 -81.207887 0.370946 0.902450 0.219048 -0.545609 0.402663 -0.734965 0.751472 -0.153118 -0.641751
-4.019542 -12.066137 -76.411446 -84.497527 0.347239 0.894374 0.281993 -0.548874 0.437648 -0.712181 0.760370 -0.092518 -0.642867
-1.212219 -29.001141 -66.226924 -328.048074 -0.344592 0.868993 0.355115 0.424930 -0.192921 0.884430 -0.837073 -0.455667 0.302783
-1.076995 -31.493258 0.781980 -104.544580 -0.316439 0.881234 0.351131 0.556238 -0.127469 0.821189 -0.768418 -0.455169 0.449839
-1.044689 -30.754349 -31.623263 36.142919 -0.312054 0.869461 0.382961 0.739845 -0.030491 0.672086 -0.596030 -0.493059 0.633752
-0.628724 -32.931108 3.121643 259.493740 -0.309437 0.878372 0.364295 0.795968 0.029652 0.604612 -0.520273 -0.477056 0.708332
-1.226973 -27.888646 -50.032076 -211.130521 -0.325094 0.870176 0.370280 0.577912 -0.127125 0.806137 -0.748553 -0.476060 0.461558
-0.625112 -30.968635 3.614735 246.777686 0.291569 -0.874349 -0.387946 0.911566 0.131069 0.389704 -0.289890 -0.467264 0.835242
-0.925302 -29.796563 29.759280 170.279238 0.284546 -0.873382 -0.395268 0.903557 0.106557 0.415005 -0.320340 -0.475235 0.819472
3.744003 -1.511753 -52.104116 31.567845 0.093266 0.955129 -0.281121 0.120317 0.269471 0.955463 -0.988345 0.122936 0.089786
3.440085 -2.184101 -93.089816 24.016868 0.063026 0.974012 -0.217551 0.088359 0.211683 0.973336 -0.994093 0.080568 0.072721
4.013712 -1.594205 -28.115887 26.100845 0.141776 0.966133 -0.215607 0.094308 0.203634 0.974494 -0.985396 0.158493 0.062244
-0.604750 -2.669594 -12.818469 -4.196571 -0.294068 0.863078 0.410633 -0.125915 0.390902 -0.911779 0.947454 0.319830 0.006277
-0.996423 -2.279986 -1.808448 -26.988359 -0.321442 0.889250 0.325437 -0.075397 0.318551 -0.944903 0.943923 0.328268 0.035349
-0.835177 -2.177892 -21.716537 -14.567126 -0.273634 0.762345 0.586477 -0.132713 0.573991 -0.808036 0.952634 0.298939 0.055890
-1.235219 -1.582841 13.221804 8.905010 0.257874 -0.623869 -0.737759 -0.190382 0.715804 -0.671848 0.947236 0.313708 0.065814
-0.456778 -2.735361 -22.390015 -9.050569 -0.261577 0.786756 0.559100 -0.133906 0.544085 -0.828276 0.955849 0.291525 0.036969
-0.398640 -2.250631 18.927362 -50.903186 0.232644 -0.634937 -0.736703 -0.115481 0.734094 -0.669156 0.965682 0.240750 0.097460
-1.001434 -1.632317 13.321363 -18.152448 0.182646 -0.366346 -0.912376 -0.198549 0.895123 -0.399165 0.962922 0.254057 0.090753
0.557362 -2.654423 -200.408691 44.717901 0.258043 0.503589 -0.824507 -0.123498 0.863601 0.488816 0.958208 -0.024310 0.285039
2.446779 -2.098822 -300.191180 -46.117400 0.298556 0.155478 -0.941643 -0.066182 0.987639 0.142089 0.952095 0.019898 0.305155
3.940760 -1.442922 -264.922496 -57.531387 0.266430 0.248102 -0.931375 -0.069892 0.968732 0.238060 0.961317 0.001670 0.275440
2.223797 -1.459602 -83.032508 60.451277 -0.001160 0.927993 -0.372596 0.148941 0.368601 0.917578 -0.988845 0.054431 0.138644
2.967063 -1.921679 -107.547217 25.924967 0.023232 0.952183 -0.304643 0.123400 0.299663 0.946031 -0.992085 0.059571 0.110538
3.284303 -0.908369 -76.360388 62.547435 0.047806 0.932698 -0.357476 0.146166 0.347500 0.926218 -0.988104 0.096530 0.119716
2.523128 0.410826 -56.021575 125.546649 -0.018355 0.824852 -0.565051 0.185395 0.558154 0.808760 -0.982493 0.089913 0.163169
3.470394 -0.278032 -14.996918 78.099177 0.136324 0.936349 -0.323520 0.159148 0.301628 0.940049 -0.977797 0.179639 0.107899
3.381903 0.439178 -60.106158 122.709127 0.050654 0.888288 -0.456485 0.176348 0.441935 0.879542 -0.983024 0.125053 0.134262
-2.904851 -4.348145 -15.640989 75.061420 0.122410 0.899530 -0.419359 0.184167 0.394611 0.900203 -0.975243 0.187425 0.117359
-2.871150 -4.368094 -3.325748 102.560436 0.212085 0.958482 -0.190608 0.163013 0.157614 0.973953 -0.963559 0.237633 0.122818
-3.153814 -5.529295 4.006068 98.029251 0.196417 0.966463 -0.165435 0.086154 0.151058 0.984763 -0.976728 0.207678 0.053594
-2.993670 -5.553739 2.288527 97.740027 0.248662 0.965544 -0.076760 0.072366 0.060508 0.995541 -0.965883 0.253108 0.054827
0.598762 -3.144336 -63.080829 12.840937 -0.051191 0.996703 -0.062955 -0.837167 -0.008455 0.546882 -0.544546 -0.080700 -0.834839
-0.344143 -3.560814 -69.369564 27.688354 -0.068543 0.996360 -0.050681 -0.845650 -0.031072 0.532833 -0.529318 -0.079380 -0.844702
0.638846 -3.569770 -58.936248 40.064484 -0.130535 0.991419 -0.007002 -0.855171 -0.109017 0.506753 -0.501641 -0.072137 -0.862063
-0.318576 -13.722414 39.366789 -122.130517 0.301757 0.953359 -0.007008 -0.805700 0.258936 0.532729 -0.509696 0.155108 -0.846257
-0.443285 -12.083028 68.768892 -142.797263 0.292508 0.956095 0.017921 -0.899710 0.268812 0.343892 -0.323976 0.116715 -0.938838
-1.008746 -13.458252 103.414158 -106.771378 0.309968 0.950396 0.025825 -0.812204 0.250582 0.526815 -0.494211 0.184270 -0.849588
-0.767817 -14.377475 53.805925 -4.585706 0.322637 0.946404 -0.014968 -0.621509 0.223752 0.750774 -0.713884 0.232925 -0.660390
-1.357148 -13.537037 73.496781 -27.109270 0.308476 0.951230 0.002068 -0.713056 0.229798 0.662378 -0.629598 0.205802 -0.749167
1.881875 -2.832220 45.410404 15.114073 0.222919 0.954773 0.196764 -0.499073 0.285161 -0.818297 0.837397 -0.084214 -0.540069
1.947729 -2.790406 49.831965 9.517091 0.260843 0.926803 0.270179 -0.514097 0.370239 -0.773710 0.817108 -0.062919 -0.573041
2.180959 -3.230383 16.824704 19.044184 0.258921 0.947642 0.186906 -0.514273 0.299049 -0.803799 0.817608 -0.111999 -0.564777
1.298794 -2.339207 38.276863 0.970801 0.222364 0.943755 0.244704 -0.490876 0.325227 -0.808250 0.842374 -0.059606 -0.535586
1.953345 -3.329036 23.580787 17.638174 0.199635 0.974364 0.103730 -0.487626 0.190610 -0.851991 0.849922 -0.119506 -0.513178
1.546523 -2.629742 33.958508 4.597169 0.181094 0.973190 0.141798 -0.480567 0.213362 -0.850607 0.858057 -0.085896 -0.506321
3.089715 -52.202111 -74.990087 -2246.117390 0.008483 0.989517 -0.144165 -0.310501 0.139650 0.940259 -0.950535 -0.036787 -0.308431
4.122378 -251.749334 -167.876989 -12832.835365 -0.047905 0.992702 -0.110670 -0.240448 0.096078 0.965895 -0.969479 -0.072881 -0.234090
2.882904 -31.466619 -41.696364 -842.618496 -0.033518 0.989471 -0.140795 -0.371136 0.118478 0.920989 -0.927973 -0.083123 -0.363257
3.580331 -36.861613 -55.562373 -1737.821173 0.036408 0.982678 -0.181708 -0.355826 0.182659 0.916528 -0.933843 -0.031288 -0.356313
6.979994 -238.440032 -6.054200 -13375.314887 0.145751 0.984123 -0.101280 -0.257805 0.136617 0.956490 -0.955141 0.113299 -0.273624
0.898033 -10.771760 27.535079 -538.209807 0.823218 -0.424303 -0.377199 0.516656 0.284505 0.807542 0.235328 0.859665 -0.453428
0.105944 -34.190208 -16.811906 -1590.110557 0.860081 -0.398174 -0.318932 0.421306 0.201837 0.884174 0.287683 0.894829 -0.341349
0.436125 -26.287753 29.248090 -1249.346610 0.830096 -0.401894 -0.386551 0.502113 0.237211 0.831633 0.242534 0.884428 -0.398704
0.528484 -6.659457 -31.490068 -277.859218 0.761393 -0.411777 -0.500720 0.616952 0.222998 0.754746 0.199128 0.883579 -0.423836
1.570954 -4.279850 -32.226522 -112.642883 -0.627085 0.478012 0.615035 0.758100 0.193058 0.622907 0.179020 0.856874 -0.483445
1.396808 -7.748095 13.067388 -296.962948 0.762912 -0.459776 -0.454502 0.613214 0.291948 0.733985 0.204778 0.838673 -0.504672
-9.843742 -33.980159 334.156169 1526.817576 0.964950 -0.004744 -0.262390 -0.017201 0.996543 -0.081276 0.261869 0.082941 0.961533
-4.734157 -38.856504 283.283259 1707.895829 0.925658 0.167449 -0.339291 -0.167125 0.985467 0.030401 0.339451 0.028563 0.940190
-4.497957 -14.429703 300.005816 606.810410 0.884189 0.367927 -0.287820 -0.400862 0.913962 -0.063115 0.239834 0.171182 0.955603
-1.504518 -6.393663 5.361967 -92.900964 -0.371470 0.798863 -0.473105 -0.168432 -0.559096 -0.811814 0.913039 0.221878 -0.342242
-1.650193 -5.427466 26.575531 -71.116353 -0.353608 0.819973 -0.450118 -0.116797 -0.516146 -0.848500 0.928073 0.247464 -0.278284
-1.707946 -6.533405 26.405589 -92.786347 -0.355076 0.801353 -0.481410 -0.173489 -0.562507 -0.808386 0.918598 0.203519 -0.338758
-1.458146 -5.022556 6.224416 -69.192467 -0.369749 0.822718 -0.431765 -0.107994 -0.499602 -0.859497 0.922834 0.271170 -0.273576
-1.633842 -7.792609 12.907723 -106.478592 -0.361323 0.796336 -0.485072 -0.256748 -0.585076 -0.769263 0.896396 0.153412 -0.415860
-1.417416 -5.835539 -6.855890 -90.107095 -0.389284 0.791931 -0.470429 -0.147428 -0.557699 -0.816846 0.909243 0.248631 -0.333856
-3.993479 -10.024660 -47.750204 -46.665581 0.374919 -0.858951 -0.348769 0.926714 0.357490 0.115769 0.025241 -0.366613 0.930031
-4.420322 -9.243634 -71.519638 -39.367602 0.333250 -0.884580 -0.326285 0.941225 0.291883 0.170001 -0.055142 -0.363761 0.929859
-4.880640 -9.826062 2.173861 -0.657694 0.535557 -0.777933 -0.328632 0.840593 0.453678 0.295940 -0.081128 -0.434738 0.896895
-5.374578 -8.189400 6.037344 52.277622 0.716114 -0.663098 -0.217903 -0.668195 -0.561060 -0.488597 -0.201731 -0.495493 0.844862
-5.079270 -9.310250 1.330420 -102.406304 0.690075 -0.659097 -0.298976 0.708955 0.532539 0.462369 -0.145530 -0.531030 0.834762
7.798067 -8.284717 87.499064 -114.330458 0.536212 0.841017 -0.071883 0.078353 0.035199 0.996304 -0.840439 0.539862 0.047022
8.359639 -8.939082 127.850781 -232.556787 0.603897 0.753600 -0.259606 0.257783 0.123539 0.958273 -0.754225 0.645620 0.119660
10.301682 -10.899183 20.553083 -157.874613 0.498111 0.854515 -0.147273 0.249245 0.021577 0.968200 -0.830520 0.518978 0.202235
11.159328 -12.193565 150.429463 -263.138224 0.593883 0.750908 -0.288859 0.384026 0.050922 0.921917 -0.706984 0.658440 0.258127
8.057546 -10.549332 193.531509 -329.303143 0.644717 0.636414 -0.423458 0.413990 0.174996 0.893302 -0.642614 0.751234 0.150646
5.541845 -6.906359 159.392496 -213.978962 0.656718 0.647851 -0.386019 0.314578 0.229876 0.920977 -0.685392 0.726255 0.052836
0.108735 -1.032781 65.370629 17.952202 0.126506 0.955143 -0.267765 0.604641 -0.288240 -0.742514 0.786388 0.067969 0.613983
-0.861626 -1.027092 70.835747 38.430523 0.256556 0.868473 -0.424186 0.560010 -0.491271 -0.667115 0.787761 0.066396 0.612392
-0.489778 -0.743046 66.525918 -2.970386 -0.009383 0.995365 -0.095710 0.615682 -0.069669 -0.784908 0.787939 0.066292 0.612175
0.401391 -1.215452 54.038074 -38.484280 0.044974 0.986989 -0.154371 0.614462 -0.149170 -0.774716 0.787663 0.060013 0.613176
-0.397204 -1.075674 67.369032 -44.107778 -0.067081 0.997423 -0.025451 0.613245 0.021095 -0.789611 0.787039 0.068575 0.613080
3.517774 -12.782126 -193.554260 222.074704 0.280138 -0.108741 0.953781 0.912679 -0.277803 -0.299739 0.297557 0.954464 0.021422
0.657548 -13.146984 -166.446847 168.249118 0.318689 -0.106213 0.941890 0.916074 -0.220665 -0.334838 0.243406 0.969549 0.026975
2.847979 -11.113934 -201.915818 199.423666 0.280064 -0.088619 0.955882 0.871717 -0.393583 -0.291893 0.402086 0.915008 -0.032978
-0.536800 -7.354824 36.403330 92.162556 -0.261767 0.956413 -0.129430 0.473068 0.010257 -0.880966 0.841240 0.291837 0.455134
-0.030736 -6.392730 56.522749 135.675445 -0.244788 0.947395 -0.206209 0.442006 -0.080254 -0.893415 0.862965 0.309843 0.399109
-0.533677 -8.352812 22.350161 85.077373 -0.248274 0.956163 -0.155280 0.564390 0.012501 -0.825414 0.787289 0.292567 0.542753
0.057639 -5.523757 62.341355 143.657587 -0.232982 0.946018 -0.225322 0.389079 -0.121668 -0.913134 0.891256 0.300412 0.339729
-0.731386 -8.999954 19.078577 56.037454 -0.268215 0.958819 -0.093415 0.585633 0.085288 -0.806077 0.764915 0.270909 0.584391
0.050516 -5.957751 7.967784 118.335141 -0.245761 0.958346 -0.145518 0.377871 -0.043527 -0.924834 0.892645 0.282275 0.351434
-0.483333 -7.534743 -6.925703 70.267249 -0.278180 0.957929 -0.070622 0.479563 0.074806 -0.874313 0.832247 0.277084 0.480197
3.178566 -4.908573 105.563516 20.600271 -0.174133 0.960664 0.216338 0.185582 0.247773 -0.950877 0.967077 0.125431 0.221427
3.772143 -4.732312 75.093001 35.886518 -0.135181 0.961126 0.240754 0.117851 0.256857 -0.959237 0.983787 0.101298 0.147991
4.047952 -5.048240 60.914575 21.512480 -0.122674 0.963289 0.238801 0.196497 0.259430 -0.945561 0.972800 0.069072 0.221109
2.464017 -4.432140 115.359276 34.141477 -0.198153 0.960096 0.197361 0.112107 0.222232 -0.968527 0.973739 0.169791 0.151670
3.313953 -5.382339 78.245491 30.423299 -0.150991 0.965313 0.213007 0.263076 0.246946 -0.932636 0.952887 0.084783 0.291237
1.938263 -5.198809 124.247827 17.975194 -0.218220 0.954699 0.202311 0.235257 0.252656 -0.938519 0.947119 0.157208 0.279734
1.783981 -4.892629 133.207900 16.328523 -0.223890 0.953852 0.200101 0.173385 0.241019 -0.954907 0.959068 0.179100 0.219346
0.078538 -6.262749 -2.101103 -2.785970 -0.184326 0.978818 0.089098 0.979649 0.190294 -0.063847 0.079450 -0.075516 0.993974
0.318673 -6.438436 16.130727 -31.862863 0.158313 -0.982839 -0.094678 0.986220 0.162062 -0.033267 0.048039 -0.088107 0.994952
0.122766 -7.397918 -10.838144 -121.171539 -0.169087 0.981455 0.090305 0.978968 0.177855 -0.099946 0.114153 -0.071506 0.990886
3.994911 -10.652943 -85.316571 -113.907384 -0.353779 0.932876 -0.067695 0.177922 0.138175 0.974295 -0.918251 -0.332641 0.214862
5.274241 -10.124033 -135.942254 -93.420147 -0.303597 0.947215 -0.103021 0.074280 0.131325 0.988553 -0.949901 -0.292469 0.110229
5.776436 -11.829021 -121.573660 -126.696065 -0.287534 0.953540 -0.089917 0.239230 0.162408 0.957284 -0.927412 -0.253741 0.274813
-1.486532 -12.669691 -18.953031 6.481419 0.262758 0.963123 0.057900 0.839561 -0.257796 0.478204 -0.475495 0.077042 0.876338
-1.239002 -13.439322 -10.707021 17.756472 0.246874 0.967433 0.055910 0.790093 -0.234355 0.566419 -0.561075 0.095660 0.822219
-1.247903 -13.216984 -3.739625 14.622298 0.276487 0.958955 0.062926 0.886388 -0.279768 0.368845 -0.371311 0.046204 0.927358
-0.932568 -13.347564 -21.576026 56.243296 0.250466 0.964596 0.082595 0.862546 -0.261080 0.433420 -0.439638 0.037315 0.897399
-0.734825 -15.120881 40.676538 -104.011745 0.395587 0.916970 0.051746 -0.882205 0.395048 -0.256224 0.255392 -0.055708 -0.965231
0.297699 -15.043573 48.306073 -104.275136 0.418240 0.906457 0.058412 -0.880428 0.420368 -0.219403 0.223434 -0.040336 -0.973884
-0.296849 -14.037599 49.102070 -159.404789 0.413104 0.907977 0.070158 -0.816653 0.403442 -0.412688 0.403016 -0.113189 -0.908166
-0.854147 -15.678697 36.541099 -6.974668 0.390462 0.919253 0.050136 -0.919123 0.392352 -0.035682 0.052472 0.032149 -0.998105
-1.210448 -14.589900 42.127343 -104.697189 0.396070 0.917594 0.033904 -0.841598 0.377538 -0.386235 0.367207 -0.124443 -0.921777
-1.325095 -15.583807 30.175093 -52.215489 0.383920 0.923103 0.022068 -0.905342 0.381017 -0.187568 0.181553 -0.052032 -0.982004
2.631287 -0.814115 -81.236278 63.507395 0.106123 0.773460 -0.624898 0.208962 -0.631761 -0.746467 0.972148 0.051363 0.228668
1.914209 -0.304634 -93.696488 37.713830 0.114518 0.796872 -0.593195 0.217353 -0.602755 -0.767753 0.969352 0.041012 0.242229
2.083974 -0.827719 33.001592 33.135795 0.066542 0.872992 -0.483174 0.243580 -0.483809 -0.840594 0.967596 0.061756 0.244837
3.140115 -0.439547 -145.809470 58.188341 0.112389 0.734363 -0.669387 0.188438 -0.677183 -0.711277 0.975633 0.046198 0.214490
2.980480 -1.451753 -34.034659 53.582897 0.075891 0.808137 -0.584085 0.236062 -0.583684 -0.776909 0.968770 0.078920 0.235066
3.739585 -1.223483 -93.212364 66.362430 0.060803 0.775401 -0.628535 0.206713 -0.625831 -0.752068 0.976511 0.084199 0.198338
0.190124 -9.423206 18.149463 -32.826248 -0.336264 0.926990 -0.166181 -0.453666 -0.004809 0.891159 -0.825296 -0.375055 -0.422161
0.512319 -9.472447 11.736667 -20.373782 -0.356817 0.922771 -0.145521 -0.335176 0.018942 0.941965 -0.871974 -0.384884 -0.302532
0.494127 -9.310860 51.617030 -36.192083 -0.337291 0.931060 -0.139146 -0.462061 -0.034953 0.886159 -0.820204 -0.363187 -0.441996
0.034009 -8.958672 9.408474 0.088572 -0.330453 0.926219 -0.181436 -0.540321 -0.028033 0.840992 -0.773856 -0.375942 -0.509719
-3.149343 -5.897099 -112.330105 -73.872657 -0.033461 0.971254 0.235682 0.565619 -0.176014 0.805664 -0.823988 -0.160265 0.543470
-3.973287 -5.264473 -71.612025 -52.719974 -0.211596 0.967976 -0.135094 0.454435 0.219813 0.863233 -0.865284 -0.121266 0.486394
-2.904346 -5.201865 -128.802003 -76.164840 -0.149796 0.986236 0.070004 0.464863 0.007763 0.885349 -0.872619 -0.165164 0.459627
-1.739225 -5.790096 -114.288031 -85.576812 -0.089814 0.973044 0.212413 0.510024 -0.138253 0.848977 -0.855459 -0.184586 0.483858
0.747028 -13.855488 -40.881463 288.382494 0.425811 0.899805 -0.095058 -0.558959 0.178980 -0.809648 0.711512 -0.397891 -0.579166
0.756546 -18.314583 -35.397810 542.751702 0.451725 0.891196 -0.041408 -0.413043 0.167770 -0.895125 0.790785 -0.421453 -0.443888
0.957775 -18.436855 -14.987132 460.367415 0.411408 0.909389 -0.061279 -0.498964 0.168448 -0.850094 0.762744 -0.380312 -0.523053
0.718364 -12.582369 -44.045272 176.818783 0.397211 0.907201 -0.138599 -0.607183 0.146542 -0.780932 0.688152 -0.394350 -0.609045
-0.989653 -19.622149 -6.743465 145.490598 0.420336 -0.598415 0.682068 0.903773 0.209266 -0.373365 0.080693 0.773374 0.628794
-1.567325 -16.970828 37.929192 116.433758 0.387524 -0.619250 0.682902 0.883544 0.038145 -0.466792 0.263012 0.784267 0.561917
-0.638970 -17.314662 29.921450 115.265230 0.466187 -0.591746 0.657652 0.883416 0.271552 -0.381884 0.047391 0.759010 0.649352
-1.785182 -17.945053 5.461615 287.873995 0.179428 0.908319 -0.377838 -0.920210 0.290777 0.262034 -0.347877 -0.300674 -0.888018
-1.420715 -20.860134 27.927745 -323.031839 0.198890 0.911875 -0.359064 0.971018 -0.232911 -0.053638 -0.132541 -0.337990 -0.931770
-1.647733 -21.156641 -42.117565 -299.858198 0.169691 0.896735 -0.408744 0.965620 -0.234175 -0.112871 -0.196933 -0.375538 -0.905643
-2.105750 -17.859441 -15.466468 275.473790 0.132504 0.908281 -0.396823 -0.894362 0.282142 0.347150 -0.427270 -0.308905 -0.849717
-1.973642 -22.605188 -14.076458 -411.908963 0.140038 0.900995 -0.410606 0.956650 -0.230069 -0.178576 -0.255364 -0.367798 -0.894155
0.020591 -20.842732 -13.442051 7.780009 0.617820 -0.434492 0.655374 0.356939 0.897618 0.258605 -0.700637 0.074157 0.709653
-0.333041 -19.729225 -28.317400 -89.810911 0.622753 -0.408598 0.667252 0.140074 0.897253 0.418709 -0.769778 -0.167288 0.616001
-0.249253 -20.976919 -12.973953 -73.715164 0.631163 -0.406342 0.660696 0.298345 0.913446 0.276779 -0.715977 0.022423 0.697764
-0.178828 -23.253064 2.678850 -80.207871 0.593452 -0.484088 0.643019 0.525865 0.838020 0.145563 -0.609328 0.251756 0.751890
3.531463 -2.393963 22.819184 -39.070787 0.044513 0.807341 -0.588404 0.369724 -0.560480 -0.741058 0.928075 0.184561 0.323442
3.298749 -2.432353 20.620621 -30.972411 -0.002086 0.818787 -0.574094 0.342174 -0.538856 -0.769773 0.939634 0.198046 0.279044
3.386528 -2.319442 43.458752 -24.490604 0.042779 0.813937 -0.579376 0.320504 -0.560438 -0.763666 0.946281 0.153024 0.284845
3.647834 -2.201474 17.434678 -13.513655 0.090698 0.838780 -0.536864 0.339685 -0.532813 -0.775064 0.936156 0.112067 0.333246
3.148812 -2.038966 30.835999 15.468182 0.097890 0.857555 -0.504993 0.292398 -0.509817 -0.809067 0.951273 0.068460 0.300653
3.043453 -1.770484 37.978387 28.252147 0.058723 0.829568 -0.555310 0.266103 -0.549151 -0.792226 0.962154 0.101248 0.252998
-3.343369 -21.859603 132.769565 -973.302899 -0.219899 -0.911706 0.347041 0.974480 -0.221735 0.034952 0.045085 0.345870 0.937199
-5.872657 -16.705436 66.707786 -522.466820 -0.259082 -0.865480 0.428743 0.965653 -0.241183 0.096666 0.019743 0.439061 0.898240
-4.569508 -11.657181 142.090169 -95.628805 -0.118650 -0.925317 0.360155 0.991554 -0.091282 0.092134 -0.052377 0.368044 0.928332
-2.927056 -13.834037 149.711090 -191.000328 -0.104570 -0.945660 0.307883 0.991247 -0.074018 0.109323 -0.080594 0.316620 0.945122
0.482083 -6.012281 1.135340 15.450500 -0.274510 0.922375 -0.271786 -0.690570 -0.385790 -0.611784 0.669147 -0.019747 -0.742868
0.295238 -6.429253 1.983612 77.984452 -0.228916 0.947735 -0.222251 -0.666275 -0.318998 -0.674031 0.709701 0.006216 -0.704476
0.144672 -6.577964 5.186016 82.429129 -0.240514 0.945219 -0.220711 -0.688848 -0.326416 -0.647257 0.683844 0.003638 -0.729620
0.092683 -12.798337 -38.614331 -7.756789 0.139043 0.988220 -0.063935 -0.017589 0.067017 0.997597 -0.990130 0.137585 -0.026700
-0.405755 -12.716178 -46.748608 -84.332250 0.146224 0.988835 -0.028707 0.119412 0.011163 0.992782 -0.982018 0.148597 0.116447
-0.410100 -11.951627 -45.044113 -28.926072 0.146937 0.987609 -0.055119 0.014420 0.053579 0.998459 -0.989041 0.147506 0.006368
1.322333 -4.915634 110.310469 -25.602841 0.306855 0.947913 -0.085447 0.369239 -0.035819 0.928644 -0.877213 0.316509 0.360997
1.006608 -4.062629 115.316826 -54.030470 0.311299 0.947725 -0.070068 0.280261 -0.021104 0.959692 -0.908046 0.318389 0.272180
0.301985 -4.306321 78.336848 -55.857409 0.311185 0.947962 -0.067321 0.295243 -0.029100 0.954979 -0.903325 0.317051 0.288935
0.231367 -3.393632 59.652830 -70.467590 0.307241 0.949386 -0.065340 0.230643 -0.007675 0.973008 -0.923259 0.314018 0.221327
-11.686374 -67.126550 20.966786 -3621.843646 -0.615096 0.147796 0.774476 0.685275 -0.385588 0.617835 0.389942 0.910757 0.135893
9.729012 -32.394240 940.445955 -1783.449694 0.727753 -0.418921 -0.543030 0.361516 -0.438531 0.822798 0.582823 0.795107 0.167696
-5.274755 -20.688635 6.907020 -1142.368230 -0.458535 0.090901 0.884015 0.779191 -0.437210 0.449120 0.427326 0.894754 0.129647
-5.307339 -37.870130 -251.735842 -2058.330425 -0.184255 -0.091803 0.978582 0.906904 -0.399708 0.133262 0.378913 0.912034 0.156905
-3.862565 -20.311120 132.657029 -1473.990752 -0.314559 -0.022305 0.948976 0.846242 -0.459493 0.269705 0.430032 0.887901 0.163413
-7.510733 -15.832376 87.916246 -424.629208 0.786271 -0.321351 -0.527742 0.425414 -0.337883 0.839558 0.448108 0.884629 0.128961
-8.586061 -38.205638 315.323141 2250.318545 0.902560 -0.184850 0.388866 0.264078 0.950992 -0.160864 -0.340073 0.247880 0.907142
-4.507282 -33.351644 120.259521 2110.236492 0.915552 -0.190577 0.354181 0.263147 0.949810 -0.169158 -0.304167 0.248074 0.919751
-5.106383 -7.361048 133.665760 333.609289 0.928568 0.254671 0.270008 -0.161309 0.932071 -0.324382 -0.334277 0.257656 0.906572
-9.485115 -11.103490 266.865217 775.058109 0.873806 -0.188938 0.448069 0.301575 0.933385 -0.194537 -0.381465 0.305114 0.872577
-15.704225 -40.411187 396.361357 2141.242308 0.777198 -0.354414 0.519956 0.431810 0.901432 -0.031005 -0.457716 0.248619 0.853630
1.799747 -11.802784 -43.868008 376.696290 0.917251 -0.240835 0.317251 0.334360 0.032722 -0.941877 -0.216456 -0.970014 -0.110539
2.670183 -8.662485 -9.289718 -112.443083 0.958795 -0.233610 0.161674 0.196511 0.134359 -0.971252 -0.205172 -0.963003 -0.174729
1.450669 -7.581500 -25.085429 -15.921758 0.954062 -0.259794 0.149241 0.179708 0.097636 -0.978863 -0.239731 -0.960716 -0.139838
2.665813 -9.276828 -3.887910 -329.798399 0.964224 -0.260202 0.050665 0.102276 0.188831 -0.976669 -0.244564 -0.946910 -0.208688
-0.498247 -9.762015 2.993393 -218.040385 -0.226670 0.971233 -0.072982 0.550176 0.065849 -0.832448 0.803696 0.228844 0.549276
-0.333884 -8.840858 21.494505 -30.341858 -0.248012 0.966079 -0.071981 0.593272 0.092724 -0.799644 0.765845 0.241026 0.596144
-0.646318 -9.512392 12.345068 -123.697824 -0.232208 0.969194 -0.082107 0.587778 0.072563 -0.805762 0.774982 0.235365 0.586521
-1.004639 -10.431974 35.525169 -134.770580 -0.217485 0.970482 -0.104235 0.550586 0.033801 -0.834094 0.805950 0.238794 0.541685
-8.838478 -13.267746 7.603214 466.590070 0.031177 0.738984 0.673001 -0.249034 0.657837 -0.710797 0.967993 0.145440 -0.204541
-7.780267 -10.739766 123.979986 107.572666 -0.170492 0.972606 0.158017 -0.188619 0.125186 -0.974039 0.967138 0.195871 -0.162109
-5.490626 -9.849378 -11.619972 92.458454 -0.271109 0.947013 -0.172239 -0.135811 -0.214785 -0.967172 0.952919 0.238817 -0.186845
4.508496 -7.431290 58.691472 -53.127484 0.173256 0.984514 0.026729 -0.971072 0.175293 -0.162145 0.164319 -0.002137 -0.986405
5.324389 -8.011666 47.327620 11.245336 0.064739 0.997896 -0.003409 -0.997647 0.064645 -0.022834 0.022566 -0.004879 -0.999733
5.728197 -7.543154 -5.123289 25.376554 -0.034383 0.993785 -0.105876 0.999103 0.031560 -0.028220 -0.024703 -0.106751 -0.993979
-0.496754 -128.434805 -6.810201 -11421.293642 -0.326800 0.822758 -0.465050 0.922574 0.170941 -0.345885 -0.205084 -0.542078 -0.814918
0.307897 -236.724257 107.993287 22063.870513 -0.132931 0.940905 -0.311491 -0.856572 0.049044 0.513692 -0.498612 -0.335100 -0.799434
-5.818989 -54.513377 -69.278912 -2638.988513 -0.025705 0.928739 -0.369841 -0.887199 -0.191682 -0.419686 0.460671 -0.317335 -0.828904
-12.869483 -503.739192 5833.410469 -32776.461640 -0.080409 0.994937 0.060289 -0.490823 0.013121 -0.871161 0.867541 0.099641 -0.487283
-5.448717 -5.528657 70.191807 -17.613090 -0.082922 0.949224 0.303477 0.047028 0.307914 -0.950251 0.995446 0.064525 0.070173
-5.497852 -6.276048 -20.450753 42.103721 -0.018645 0.658166 -0.752642 0.024532 0.752848 0.657738 0.999525 -0.006200 -0.030183
-4.647806 -6.922249 -112.937519 -24.228864 0.043977 0.763607 -0.644182 -0.164261 -0.630504 -0.758606 0.985436 -0.139175 -0.097703
-5.618450 -6.789814 -8.017647 57.067518 -0.102811 0.551364 -0.827906 0.071834 0.834258 0.546674 0.992104 -0.003268 -0.125378
-5.571517 -5.911319 31.817503 78.068537 -0.125748 0.472047 -0.872559 -0.050893 0.875313 0.480871 0.990756 0.104876 -0.086044
-5.414337 -5.712460 77.314409 24.344488 -0.091608 0.832790 0.545956 -0.067232 0.541838 -0.837790 0.993523 0.113454 -0.006353
-2.732286 -7.717829 -20.093567 13.885384 -0.004361 0.999419 0.033793 -0.684031 -0.027632 0.728930 -0.729440 0.019937 -0.683754
-2.604205 -7.657214 55.101451 12.150852 0.019318 0.996003 0.087203 -0.724899 -0.046116 0.687310 -0.688584 0.076491 -0.721111
-2.853880 -7.696600 -8.604672 7.370806 0.015866 0.999686 0.019383 -0.761245 -0.000491 0.648464 -0.648270 0.025044 -0.760999
-2.433307 -7.536483 67.794938 -7.374481 0.061973 0.995887 0.066095 -0.804638 0.010671 0.593670 -0.590523 0.089974 -0.801990
1.147093 -8.339032 -54.203111 -151.383077 0.088076 0.976707 -0.195670 -0.904416 0.160734 0.395216 -0.417461 -0.142158 -0.897506
-0.602608 -18.637483 -40.024914 129.628116 0.173979 0.973677 -0.147257 -0.558015 -0.025734 -0.829432 0.811388 -0.226476 -0.538849
-0.538245 -19.253834 36.563294 -165.029902 0.139418 0.984372 -0.107585 -0.353648 -0.051984 -0.933933 0.924930 -0.168254 -0.340873
-0.422861 -19.485271 -13.219335 -270.249139 0.162848 0.976981 -0.137801 -0.282283 -0.087693 -0.955315 0.945408 -0.194470 -0.261504
0.055337 -15.241353 -5.803683 459.573247 0.140326 0.989689 0.028719 0.471303 -0.041260 -0.881006 0.870737 -0.137164 0.472233
-0.006297 -16.122743 9.057921 393.061479 0.134411 0.990355 0.033614 0.547259 -0.045909 -0.835703 0.826100 -0.130723 0.548151
-0.097479 -6.955841 -16.273233 37.225274 -0.053030 0.997274 -0.051311 0.090351 0.055964 0.994336 -0.994497 -0.048094 0.093072
3.914111 -11.300468 -133.225045 18.736829 0.461759 0.774508 0.432338 -0.674585 0.623122 -0.395796 0.575946 0.108887 -0.810203
5.617691 -10.083277 -108.902903 -5.600818 0.409235 0.754452 0.513156 -0.629435 0.640588 -0.439839 0.660559 0.143001 -0.737029
5.197885 -11.522591 -86.988675 -44.406175 0.501858 0.727233 0.468265 -0.761653 0.628123 -0.159205 0.409907 0.276757 -0.869127
0.426938 -7.510723 21.963260 -76.483246 0.185143 0.981112 0.056049 0.276397 0.002744 -0.961040 0.943041 -0.193422 0.270668
0.440728 -7.466432 -8.010430 -22.607349 0.207407 0.976019 0.066093 0.183588 0.027527 -0.982618 0.960873 -0.215936 0.173476
0.604735 -6.937741 8.877603 -92.850217 0.182263 0.977463 0.106514 0.338696 0.039285 -0.940075 0.923074 -0.207417 0.323903
0.153171 -8.691963 22.457847 -13.568416 0.194361 0.980930 0.000719 0.082750 -0.015666 -0.996447 0.977434 -0.193730 0.084216
0.747296 -6.550017 6.397808 -86.574056 0.174489 0.977299 0.120170 0.398857 0.041429 -0.916077 0.900259 -0.207776 0.382574
0.349881 -7.512295 17.353006 -141.209461 0.182850 0.981178 0.062092 0.359295 -0.007902 -0.933191 0.915136 -0.192943 0.353977
0.127343 -8.224558 27.680638 -54.782018 0.188561 0.982057 0.002880 0.206074 -0.036700 -0.977848 0.960197 -0.184977 0.209297
0.738108 -6.153037 28.024784 0.303212 -0.098271 0.974931 -0.199631 0.975618 0.054824 -0.212518 -0.196246 -0.215648 -0.956548
0.648582 -6.425750 19.487508 -22.838185 -0.087205 0.974141 -0.208433 -0.961175 -0.027292 0.274587 -0.261798 -0.224285 -0.938700
0.637695 -6.460443 -0.389737 -11.161088 -0.087777 0.971229 -0.221381 -0.967418 -0.030133 0.251385 -0.237481 -0.236233 -0.942229
-0.515966 -11.845722 -66.526623 110.830580 0.410940 0.806113 0.425805 -0.082839 0.498150 -0.863125 0.907891 -0.319419 -0.271487
-2.165911 -10.410630 -37.832845 66.650657 0.403725 0.723940 0.559390 -0.088625 0.639506 -0.763660 0.910578 -0.258732 -0.322344
0.433796 -10.089847 -80.239929 55.436968 -0.370937 -0.592096 -0.715422 0.130377 0.729549 -0.671387 0.919460 -0.342317 -0.193421
-3.397680 -9.681180 -0.278461 48.046758 -0.385815 -0.655036 -0.649672 -0.118432 0.733532 -0.669257 0.914943 -0.181267 -0.360585
-1.170362 -9.682149 -145.502369 71.895105 -0.354073 -0.412029 -0.839562 0.087105 0.879287 -0.468259 0.931153 -0.238928 -0.275442
-0.836024 -31.136432 -10.161531 -225.002604 -0.340655 0.872126 0.351213 0.452078 -0.175596 0.874524 -0.824367 -0.456686 0.334451
-0.515751 -30.257980 -3.807526 87.486336 -0.330532 0.867252 0.372321 0.682350 -0.052952 0.729105 -0.652033 -0.495046 0.574267
-1.113519 -29.495633 -31.979814 -482.063099 -0.358804 0.876296 0.321504 0.164971 -0.279482 0.945872 -0.918719 -0.392422 0.044284
6.215753 -18.067178 327.591992 -551.374563 -0.202163 0.906092 0.371654 -0.024094 0.374774 -0.926803 0.979056 0.196320 0.053934
9.057304 -13.382143 308.632584 -312.414817 -0.134837 0.910145 0.391733 0.096235 0.405503 -0.909014 0.986183 0.084870 0.142265
5.394225 -12.565971 243.470521 -315.885800 -0.230447 0.904544 0.358739 0.127920 0.393622 -0.910328 0.964640 0.163893 0.206418
8.322544 -19.621073 188.129147 -563.961474 -0.049397 0.906613 0.419062 -0.087100 0.414065 -0.906070 0.994974 0.081258 -0.058512
3.156420 -18.605854 208.236511 -603.568188 -0.240999 0.915051 0.323420 -0.025003 0.327278 -0.944597 0.970203 0.235733 0.055995
3.642858 -2.795337 -96.965526 34.027372 0.073290 0.987410 -0.140178 0.036264 0.137825 0.989793 -0.996651 0.077625 0.025706
2.223273 -2.959054 -108.981536 21.663123 0.007422 0.985215 -0.171163 0.057020 0.170472 0.983711 -0.998345 0.017061 0.054912
2.680144 -3.558703 -122.671198 45.409966 0.022656 0.992704 -0.118426 0.009720 0.118232 0.992938 -0.999696 0.023647 0.006970
3.848771 -3.545940 -100.030394 70.094479 0.078488 0.991506 -0.103713 0.006322 0.103537 0.994606 -0.996895 0.078720 -0.001858
4.407460 -2.999782 -30.046721 57.311240 0.139778 0.984327 -0.107528 0.013244 0.106726 0.994200 -0.990094 0.140391 -0.001881
867.164259 -34.433562 -52600.832697 -122.670472 0.278947 -0.244093 -0.928767 0.549742 0.833589 -0.053969 0.787383 -0.495528 0.366715
22.138076 -15.399507 1569.004099 325.904690 0.101051 0.770246 0.629690 0.470300 0.520763 -0.712477 0.876702 -0.368140 0.309624
11.089140 -12.486067 673.912834 215.133413 0.234885 0.695758 0.678786 0.342073 0.594485 -0.727718 0.909844 -0.403124 0.098365
21.581458 -10.331714 -1657.362858 138.611351 -0.106420 -0.437298 -0.892998 0.517570 0.742475 -0.425267 0.848997 -0.507446 0.147318
1.836618 -14.933439 -24.888747 199.006498 0.395617 0.849596 0.348817 -0.034353 0.393226 -0.918800 0.917773 -0.351510 -0.184753
3.836229 -11.494093 161.755454 88.068034 0.360023 0.702527 0.613872 0.195369 0.586633 -0.785934 0.912258 -0.402887 -0.073949
-0.463539 -14.881542 112.758927 -323.967380 -0.175633 0.951220 0.253641 0.980085 0.144700 0.135995 0.092660 0.272476 -0.957691
0.586948 -16.495002 73.668037 -199.612075 -0.104494 0.964476 0.242624 0.991853 0.083192 0.096470 0.072859 0.250728 -0.965312
0.525372 -16.669162 95.081460 -166.279953 -0.192818 0.951497 0.239739 0.939547 0.108572 0.324752 0.282972 0.287864 -0.914910
