15763
31512
-9.088450 -11.900025 92.560099 226.780666 0.015442 0.907040 0.420761 -0.427507 0.386398 -0.817272 0.903880 0.167259 -0.393733
-6.845823 -10.043348 -3.913624 277.239824 0.050454 0.958461 0.280725 -0.562576 0.259521 -0.784957 0.825205 0.118325 -0.552301
-6.261540 -8.991879 75.698609 130.057273 -0.276725 0.948860 -0.151947 -0.480592 -0.273581 -0.833178 0.832139 0.157537 -0.531721
-5.767317 -7.603709 -14.657331 171.365922 -0.049246 0.996682 0.064810 -0.638726 0.018459 -0.769213 0.767857 0.079276 -0.635697
-6.646610 -10.490289 68.559042 104.213128 -0.269607 0.959522 -0.081418 -0.371149 -0.181557 -0.910651 0.888572 0.215299 -0.405075
-5.363679 -9.060307 -60.374351 102.481501 -0.409271 0.866730 -0.285090 -0.367211 -0.442504 -0.818136 0.835256 0.230151 -0.499377
-5.020885 -7.512504 30.473705 93.291421 -0.504383 0.734090 -0.454655 -0.393628 -0.664119 -0.635612 0.768541 0.141627 -0.623928
1.151195 0.232324 332.354703 -169.670209 0.969375 0.205148 -0.135003 -0.239300 0.912604 -0.331495 -0.055199 -0.353649 -0.933748
0.648802 -1.758718 337.745415 -212.745722 0.967720 -0.249405 0.036270 0.243297 0.886917 -0.392663 -0.065764 -0.388812 -0.918967
4.277003 -3.784535 470.797747 -210.301215 0.997077 -0.073352 0.021382 0.076268 0.938747 -0.336062 -0.004578 -0.336711 -0.941597
-1.419541 -2.918963 -81.596616 -7.571510 0.868659 0.378707 -0.319393 -0.465949 0.843551 -0.267046 -0.168292 -0.380793 -0.909217
0.307945 -2.750059 74.894953 133.262720 -0.462321 0.839860 -0.284421 -0.758937 -0.540670 -0.362893 0.458557 -0.048085 -0.887363
-0.054261 -3.414752 134.536345 131.379540 -0.416045 0.871439 -0.259809 -0.787988 -0.488092 -0.375289 0.453852 -0.048589 -0.889751
2.243548 -1.870785 243.353442 1.888356 -0.793639 0.439319 -0.420875 0.424309 0.895460 0.134586 0.436003 -0.071768 -0.897079
-0.484479 -2.989623 150.719854 115.886019 -0.552935 0.762062 -0.336933 -0.711528 -0.642270 -0.284986 0.433580 -0.082158 -0.897362
2.495125 -5.255294 233.029402 158.291409 -0.673049 0.627639 -0.391247 0.601375 0.772355 0.204490 0.430527 -0.097654 -0.897279
3.388145 -4.869926 143.742197 167.326333 -0.736420 0.480858 -0.475880 0.474603 0.868485 0.143126 0.482118 -0.120454 -0.867786
1.075641 -2.004051 76.029532 -93.277046 -0.840104 -0.131361 -0.526279 -0.036369 0.981691 -0.186978 0.541205 -0.137941 -0.829500
-1.564714 -6.388363 85.397031 -0.849599 0.175659 0.983652 0.039651 -0.950196 0.158876 0.268116 -0.257433 0.084773 -0.962570
-0.818477 -6.389060 119.154834 3.925724 0.219085 0.974561 0.047262 -0.917334 0.189233 0.350269 -0.332415 0.120094 -0.935456
0.156531 -6.355898 112.381342 2.859731 0.218993 0.974282 0.053065 -0.945483 0.198455 0.258220 -0.241048 0.106721 -0.964628
-0.533633 -6.290733 100.807145 -5.249203 0.198254 0.978839 0.050694 -0.968700 0.187793 0.162339 -0.149383 0.081291 -0.985432
1.878275 -6.310334 89.706677 7.089286 0.201572 0.979041 0.029109 -0.940916 0.185295 0.283447 -0.272113 0.084524 -0.958546
1.191396 -6.282504 79.499105 -6.745387 0.203957 0.978539 0.029375 -0.970770 0.198278 0.135243 -0.126517 0.056100 -0.990377
-0.065910 -5.465195 -0.665955 37.935037 -0.072000 0.997316 0.013293 0.418217 0.018088 0.908167 -0.905489 -0.070948 0.418396
-0.335417 -5.921820 -25.681149 -1.141847 -0.098265 0.995049 -0.014910 0.396730 0.052910 0.916409 -0.912661 -0.084136 0.399965
0.031188 -5.440476 -16.785773 -56.212542 -0.118113 0.990447 -0.071156 0.283639 0.102323 0.953456 -0.951629 -0.092433 0.293015
0.083947 -5.810378 4.963075 -45.913090 -0.084627 0.996084 -0.025574 0.294420 0.049517 0.954392 -0.951922 -0.073238 0.297458
-0.028735 -6.444191 13.796077 -27.040468 -0.064551 0.997633 0.023718 0.382774 0.002803 0.923838 -0.921584 -0.068713 0.382049
-0.472432 -5.372031 19.031205 -67.547401 0.210668 0.933232 0.291029 -0.842956 0.324179 -0.429340 0.495019 0.154876 -0.854968
-1.087508 -6.844073 9.857365 -93.226697 0.107172 0.964667 0.240689 -0.898979 0.197424 -0.390974 0.424677 0.174473 -0.888374
-0.729634 -6.624358 34.718236 -82.916770 0.182269 0.939480 0.290095 -0.894390 0.280982 -0.348017 0.408466 0.196025 -0.891476
0.054275 -5.236744 50.217704 -55.082850 0.286377 0.895159 0.341584 -0.826026 0.411310 -0.385362 0.485457 0.171798 -0.857215
0.503978 -4.175440 29.641528 -57.792531 0.330969 0.874733 0.353979 -0.765829 0.468156 -0.440835 0.551330 0.125184 -0.824842
-0.074045 -4.450906 5.829120 -79.634836 0.207333 0.938155 0.277270 -0.800483 0.325623 -0.503186 0.562352 0.117623 -0.818490
2.767635 -5.514448 -213.770359 -30.312208 0.142113 0.988767 -0.046306 -0.985311 0.136832 -0.102172 0.094688 -0.060146 -0.993688
2.603166 -5.968789 -148.525753 29.934106 0.111273 0.993091 -0.037255 0.993789 -0.111236 0.003068 -0.001098 -0.037365 -0.999301
0.919922 -5.728237 -198.308507 20.700203 0.095971 0.992433 -0.076595 0.994744 -0.092865 0.043138 0.035698 -0.080332 -0.996129
4.351519 -5.903697 -85.088123 -35.326720 0.137905 0.989666 0.039280 -0.988075 0.140209 -0.063631 0.068481 0.030036 -0.997200
0.745459 -5.134338 -199.312311 -28.722303 0.133522 0.988423 -0.072049 -0.981186 0.121614 -0.149947 0.139449 -0.090714 -0.986065
2.571353 -4.733388 -139.215546 -26.997593 0.178209 0.983892 -0.014077 -0.964813 0.171907 -0.198957 0.193332 -0.049037 -0.979907
4.252621 -5.411968 -114.830172 -16.770266 0.172217 0.984458 0.034401 -0.976288 0.175229 -0.127106 0.131158 0.011696 -0.991292
-0.712052 -15.473179 -43.912854 -310.183435 0.115565 0.983483 0.139302 0.855851 -0.169769 0.488566 -0.504146 -0.062760 0.861335
-1.114134 -15.894926 32.754760 -225.221658 0.078293 0.994633 0.067646 0.884434 -0.100610 0.455691 -0.460051 -0.024151 0.887564
-0.240959 -12.826288 -3.535036 -277.294452 0.098174 0.989587 0.105262 0.768658 -0.142585 0.623566 -0.632081 -0.019693 0.774652
1.596521 -11.331225 8.675500 -180.099296 0.280533 0.959656 0.018988 0.959802 -0.280652 0.003817 0.008992 0.017154 -0.999812
1.076106 -10.316785 37.954041 112.066839 0.247482 0.968335 0.032847 -0.965093 0.243371 0.096779 -0.085720 0.055652 -0.994764
1.352658 -10.169885 -3.375615 56.689669 0.240806 0.970559 0.005180 -0.961038 0.237691 0.141097 -0.135712 0.038955 -0.989982
1.594061 -9.607368 -29.170865 90.408186 0.265887 0.963933 -0.011725 -0.960050 0.265877 0.087249 -0.087220 0.011942 -0.996118
1.948775 -11.109818 -12.727369 132.142412 0.334697 0.942325 -0.001481 -0.935752 0.332176 -0.118433 0.111110 -0.041024 -0.992961
2.254469 -14.571264 40.059136 178.905159 0.309369 0.950154 0.038695 -0.912678 0.308101 -0.268500 0.267039 -0.047750 -0.962502
-0.160569 -3.575930 77.580200 -69.019636 -0.274898 0.946018 -0.171698 -0.408840 -0.276643 -0.869666 0.870219 0.168872 -0.462819
0.529038 -4.582250 112.094841 -43.559839 -0.284058 0.945650 -0.158297 -0.471881 -0.281601 -0.835481 0.834649 0.162628 -0.526225
1.062115 -3.431637 113.869963 -61.981493 -0.292575 0.936222 -0.194650 -0.396784 -0.304066 -0.866087 0.870036 0.176161 -0.460440
-0.125782 -2.067393 54.062009 -94.798578 -0.291622 0.920965 -0.258419 -0.317134 -0.347972 -0.882237 0.902431 0.175326 -0.393546
2.503603 -9.442817 -15.772984 -6.621204 0.283116 0.957480 -0.055467 0.409552 -0.172990 -0.895735 0.867244 -0.230881 0.441115
2.401149 -9.777102 -35.420713 134.062523 0.316763 0.946791 -0.056997 0.488493 -0.214352 -0.845829 0.813041 -0.240085 0.530400
2.682131 -10.135028 -32.255319 132.366635 0.280925 0.956801 -0.074913 0.491571 -0.210491 -0.845016 0.824281 -0.200561 0.529468
2.738425 -9.803734 -40.454897 -2.640177 0.270569 0.960335 -0.067443 0.435358 -0.184541 -0.881140 0.858636 -0.209048 0.468021
2.968197 -10.608906 -14.247359 -152.867064 0.264139 0.962459 -0.062473 0.312519 -0.146687 -0.938517 0.912449 -0.228375 0.339532
-0.650315 -9.774426 13.243507 -19.628712 -0.061720 0.994198 0.088094 0.495829 -0.046059 0.867198 -0.866224 -0.097203 0.490110
-0.455147 -9.772698 6.938512 -33.787978 -0.044215 0.992633 0.112802 0.588485 -0.065365 0.805862 -0.807298 -0.102013 0.581259
-0.302434 -9.307394 23.260139 -23.597778 -0.051431 0.995024 0.085341 0.456466 -0.052584 0.888186 -0.888253 -0.084635 0.451490
-0.595243 -9.122364 30.588629 -39.883593 -0.062495 0.996522 0.055129 0.349125 -0.029919 0.936598 -0.934990 -0.077779 0.346041
-0.067430 -8.866975 40.094066 -13.812374 -0.060545 0.997739 0.029180 0.299774 -0.009709 0.953961 -0.952087 -0.066505 0.298508
1.686061 -5.395548 -56.342911 20.545540 -0.124660 0.973570 -0.191368 -0.162659 0.170210 0.971890 -0.978776 -0.152283 -0.137141
2.193063 -5.498053 -34.298060 -15.338390 -0.075466 0.990261 -0.116998 -0.141558 0.105504 0.984292 -0.987049 -0.090842 -0.132217
1.500481 -5.425803 -50.326534 -10.557120 -0.106859 0.982241 -0.154220 -0.082627 0.145799 0.985858 -0.990835 -0.118091 -0.065580
0.547978 -23.233536 4.073961 492.109983 0.042877 0.989916 0.135011 0.197588 0.124064 -0.972403 0.979347 -0.068370 0.190276
0.400478 -22.283613 -5.625371 551.359804 -0.019727 0.970921 0.238587 0.155220 0.238714 -0.958604 0.987683 -0.018123 0.155415
2.017911 -18.023086 -0.194008 575.121203 0.019730 0.981825 0.188762 -0.051853 0.189549 -0.980501 0.998460 -0.009557 -0.054651
2.536006 -20.645104 54.021699 591.228473 0.048331 0.995759 0.078287 -0.070731 0.081594 -0.994153 0.996324 -0.042511 -0.074375
1.286179 -21.663234 56.453408 319.894885 0.044261 0.998334 0.037004 0.223776 0.026192 -0.974289 0.973635 -0.051403 0.222244
-0.243733 -24.960908 38.595061 192.779237 0.041857 0.996295 0.075132 0.467786 0.046905 -0.882596 0.882850 -0.072089 0.464090
0.685941 -16.128142 12.545007 -251.902398 -0.012078 0.987747 0.155595 -0.339341 -0.150420 0.928559 -0.940586 0.041584 -0.336999
0.622351 -14.770885 28.039469 185.738323 -0.013746 0.978178 0.207314 -0.408313 -0.194750 0.891826 -0.912739 0.072390 -0.402080
0.412478 -15.766001 8.933828 -216.869261 -0.007416 0.990090 0.140235 -0.274575 -0.136865 0.951775 -0.961537 0.031447 -0.272869
0.522095 -20.373070 -0.510992 -480.374062 -0.001388 0.994688 0.102924 -0.102147 -0.102527 0.989472 -0.994768 0.009140 -0.101747
-1.166462 -22.044323 -5.343502 503.217663 -0.062710 0.978325 0.197350 -0.728453 -0.180035 0.661017 -0.682220 0.102308 -0.723954
-1.187989 -17.035056 10.395217 126.299437 -0.065253 0.972530 0.223444 -0.596060 -0.217571 0.772901 -0.800284 0.082752 -0.593883
-1.078927 -15.361315 13.289860 177.221967 -0.057052 0.971586 0.229706 -0.571228 -0.220466 0.790628 -0.818806 0.086107 -0.567575
-1.011002 -20.137027 20.447439 587.635847 -0.050330 0.971723 0.230698 -0.653235 -0.206760 0.728378 -0.755480 0.114041 -0.645170
7.722322 -71.287234 180.641314 2893.674745 0.169401 -0.919504 -0.354705 0.985515 0.160946 0.053443 0.007948 -0.358620 0.933450
7.049616 -52.095947 262.997807 873.989005 0.211301 -0.874921 -0.435734 0.925461 0.322504 -0.198779 0.314442 -0.361253 0.877851
6.059172 -56.721159 237.796852 619.981527 0.235029 -0.866732 -0.439928 0.962556 0.144644 0.229268 -0.135081 -0.477340 0.868274
8.241329 -74.721343 -295.485517 2262.601214 -0.235346 0.898979 0.369389 0.859340 0.014923 0.511187 -0.454035 -0.437737 0.776041
-110.327332 -291.171978 -5409.797607 -13967.153029 0.815572 -0.559811 -0.146468 0.196020 0.505431 -0.840307 -0.544443 -0.656621 -0.521950
4.287443 -367.071321 -2701.490434 9253.403311 0.738405 -0.651839 -0.172810 -0.189664 0.045172 -0.980809 -0.647136 -0.757011 0.090276
-43.731864 -428.882492 3202.870416 -19560.940914 -0.729078 0.641479 0.238642 0.603163 0.766980 -0.218944 -0.323482 -0.015687 -0.946104
-68.091965 -328.056844 3301.243989 3174.462759 -0.700043 0.701517 0.133468 0.705391 0.650217 0.282208 0.111190 0.291704 -0.950024
3.085106 -2.386348 155.778980 21.497030 0.592840 -0.092576 0.799982 0.249620 0.965570 -0.073247 -0.765657 0.243115 0.595537
4.925638 -2.353494 143.064662 39.288984 0.548760 -0.052977 0.834300 0.223347 0.971004 -0.085248 -0.805592 0.233119 0.544681
5.708444 -2.076931 128.221153 31.210646 0.522240 -0.039292 0.851893 0.243987 0.964066 -0.105106 -0.817151 0.262741 0.513060
2.453884 -2.703486 134.659922 26.505188 0.579412 -0.141131 0.802723 0.241414 0.970415 -0.003640 -0.778461 0.195898 0.596341
0.660500 -2.778239 123.893348 37.312170 0.574491 -0.212890 0.790341 0.296637 0.954094 0.041377 -0.762868 0.210673 0.611269
-4.080868 -9.662816 121.540128 -87.006613 -0.581063 0.757887 -0.296602 -0.634076 -0.650039 -0.418805 0.510209 0.055284 -0.858272
-5.216104 -9.510476 100.351485 -47.395374 -0.554971 0.747037 -0.365981 -0.642305 -0.664385 -0.382149 0.528632 -0.022990 -0.848540
-4.513923 -9.728227 119.425080 15.523853 -0.569813 0.763766 -0.303273 -0.706014 -0.643849 -0.294964 0.420545 -0.046041 -0.906103
-1.990541 -12.934947 19.673976 -19.024513 0.151767 0.976547 -0.152719 0.612484 0.028354 0.789974 -0.775777 0.213431 0.593816
-1.797623 -13.071897 22.236981 -0.642929 0.179870 0.972306 -0.149227 0.591658 0.014259 0.806063 -0.785867 0.233277 0.572708
-2.242304 -13.068259 12.893484 -16.599343 0.163914 0.977339 -0.133944 0.445660 0.047769 0.893927 -0.880068 0.206220 0.427731
-9.356769 -1178.517332 -265.665907 -85904.655914 0.940639 -0.233140 -0.246667 0.124169 0.912750 -0.389190 -0.315882 -0.335459 -0.887517
-18.906603 -393.376213 678.102426 27009.477934 0.985741 0.098936 -0.136112 -0.043914 0.932114 0.359492 -0.162439 0.348389 -0.923168
-10.660758 -254.305702 -48.271663 -11520.400306 0.994291 -0.041301 -0.098386 0.013793 0.964066 -0.265303 -0.105808 -0.262432 -0.959132
-16.251828 -698.831744 526.142256 37092.058064 0.962758 0.170050 -0.210191 -0.021609 0.823345 0.567130 -0.269501 0.541467 -0.796356
-42.299638 -577.672761 -892.344304 -30689.184661 0.957315 0.071553 -0.280049 -0.271857 0.552017 -0.788271 -0.098189 -0.830757 -0.547907
-45.961984 -102.587429 -1671.443350 -4390.038201 0.923978 0.075132 -0.374992 -0.359524 0.504982 -0.784689 -0.130408 -0.859854 -0.493604
-8.459878 -376.765887 -69.731978 -20736.851494 -0.944085 0.204281 0.258790 0.103898 0.929263 -0.354507 -0.312903 -0.307798 -0.898528
-30.289763 -44.171054 19.019546 -165.149380 -0.336998 0.673931 0.657457 0.328264 -0.570381 0.752934 -0.882426 -0.469556 0.029010
-32.244977 -47.110235 845.361334 1235.358980 0.522623 -0.442798 -0.728557 0.591435 -0.427189 0.683896 -0.614060 -0.788314 0.038628
-33.940135 -50.470824 248.457004 318.254553 -0.391096 0.783891 0.482243 0.551273 -0.220056 0.804781 -0.736982 -0.580594 0.346075
-23.612279 -40.011666 -578.169740 40.848388 -0.471167 0.334535 0.816143 -0.374246 0.762047 -0.528417 -0.798713 -0.554411 -0.233852
-1.583784 -5.298669 60.211243 -59.821139 -0.199396 0.930687 0.306697 -0.604768 -0.363143 0.708790 -0.771036 0.044150 -0.635259
-1.313442 -4.730505 15.297591 28.192012 -0.096228 0.982056 0.162191 -0.661044 -0.184876 0.727215 -0.744151 0.037237 -0.666973
-1.507354 -5.283826 58.638894 34.776954 -0.048135 0.990388 0.129671 -0.680168 -0.127571 0.721871 -0.731475 0.053451 -0.679771
-1.357596 -4.304380 -11.182997 -45.899476 -0.217000 0.936326 0.276053 -0.616511 -0.350710 0.704923 -0.756852 0.017222 -0.653359
0.437015 -1.476338 -26.349485 -37.559544 -0.419430 0.343455 -0.840308 -0.026600 0.920618 0.389557 0.907398 0.185744 -0.376999
1.567953 -1.527300 35.537277 -28.326564 -0.461420 0.335626 -0.821247 -0.005191 0.924643 0.380799 0.887167 0.179971 -0.424907
1.788901 -1.118195 -3.826421 -15.334056 -0.366196 0.032860 -0.929957 -0.133703 0.987148 0.087530 0.920882 0.156391 -0.357096
-1.835725 -9.390393 -104.027695 35.192630 -0.276200 0.956695 0.091920 0.420777 0.034381 0.906512 -0.864095 -0.289056 0.412051
0.538542 -9.627280 -219.535271 70.862028 -0.321060 0.940605 0.110373 0.450945 0.049348 0.891186 -0.832808 -0.335897 0.440005
-1.627508 -8.372787 -126.727768 123.471863 -0.287491 0.952197 0.103297 0.549510 0.075646 0.832056 -0.784467 -0.295971 0.544989
-0.900923 -9.782573 -137.964238 8.818079 -0.306325 0.948345 0.082502 0.322570 0.021870 0.946293 -0.895608 -0.316485 0.312608
-3.096641 -9.025039 -26.803906 52.108577 -0.229727 0.971616 0.056453 0.476738 0.061771 0.876872 -0.848496 -0.228355 0.477397
-3.010522 -9.574716 -22.993471 -14.632077 -0.233766 0.971190 0.046296 0.306259 0.028358 0.951526 -0.922799 -0.236612 0.304065
-8.135169 -9.387131 -40.861148 -11.842281 0.581001 0.801997 -0.138707 0.237274 -0.003880 0.971435 -0.778549 0.597316 0.192548
-8.208632 -9.480005 -41.110687 -22.621515 0.520799 0.820425 -0.235948 0.391535 0.016048 0.920023 -0.758596 0.571529 0.312867
-8.670768 -9.607954 -69.837290 -27.122536 0.539070 0.788054 -0.297278 0.445794 0.032504 0.894545 -0.714613 0.614747 0.333788
0.426709 -6.813965 -83.488168 174.643887 0.292359 -0.646680 -0.704507 -0.167165 0.690793 -0.703463 0.941585 0.323433 0.093857
0.099599 -9.233373 79.191778 225.784513 -0.299190 0.710434 0.636999 -0.050722 0.654794 -0.754104 0.952844 0.257931 0.159873
-0.696240 -6.124221 37.178564 160.642827 -0.294229 0.718960 0.629703 -0.158044 0.613195 -0.773960 0.942577 0.327242 0.066792
-0.579175 -4.224046 58.617266 98.799710 -0.288934 0.658508 0.694899 -0.230428 0.656682 -0.718103 0.929204 0.367608 0.037999
-1.014271 -23.534403 48.368532 -425.598270 0.013242 0.998947 -0.043916 0.009906 -0.044049 -0.998980 0.999863 -0.012794 0.010479
-0.214715 -25.089607 43.115261 -632.212500 0.004932 0.999478 -0.031927 0.066255 -0.032184 -0.997284 0.997791 -0.002803 0.066379
-0.496716 -19.112489 35.237029 -328.523020 0.008570 0.998592 -0.052351 0.286118 -0.052613 -0.956749 0.958156 0.006779 0.286166
-1.186625 -22.293634 13.325279 -278.054364 0.044793 0.996727 -0.067302 0.099541 -0.071488 -0.992462 0.994025 -0.037756 0.102418
-1.294527 -25.774629 -9.771696 -366.242497 0.075136 0.995396 -0.059515 -0.182584 -0.044942 -0.982163 0.980315 -0.084662 -0.178366
-0.914874 -10.667403 26.151651 223.449114 0.138404 0.990361 0.005392 -0.065346 0.014565 -0.997756 0.988218 -0.137741 -0.066732
-1.093389 -10.305720 21.788055 -31.337092 0.144687 0.989459 0.006040 0.139674 -0.014381 -0.990093 0.979570 -0.144097 0.140282
-1.259520 -10.316488 5.364241 250.431328 0.163844 0.986297 0.019323 -0.047898 0.027518 -0.998473 0.985323 -0.162668 -0.051750
-1.163484 -10.510119 12.748303 164.940927 0.159781 0.987140 -0.005075 -0.126235 0.015333 -0.991882 0.979048 -0.159124 -0.127062
-1.440745 -10.747014 -12.288228 192.948828 0.193731 0.981053 -0.001972 -0.071055 0.012026 -0.997400 0.978478 -0.193368 -0.072038
0.895691 -14.369914 35.772188 90.771066 0.303154 0.950032 -0.074409 0.930297 -0.311968 -0.192936 0.206508 0.010733 0.978386
0.880200 -13.439213 23.641987 292.149900 0.307682 0.950626 -0.040521 0.875641 -0.299561 -0.378834 0.372268 -0.081078 0.924577
0.929211 -12.266843 30.421762 342.983651 0.292042 0.955220 -0.047595 0.836937 -0.279330 -0.470650 0.462869 -0.097616 0.881035
0.523194 -12.946263 6.270727 285.203920 0.313966 0.948628 -0.039116 0.854023 -0.300175 -0.424900 0.414814 -0.099999 0.904395
0.801767 -8.914857 -14.492368 305.060001 0.294829 0.955315 -0.021178 0.763159 -0.248747 -0.596417 0.575034 -0.159679 0.802395
0.764400 -9.238866 -1.984600 332.953122 0.305294 0.951786 -0.029977 0.754748 -0.261047 -0.601838 0.580647 -0.161112 0.798055
0.090044 -20.125227 5.786675 263.361391 0.343030 0.939037 0.023240 -0.261156 0.119107 -0.957920 0.902290 -0.322526 -0.286093
0.382527 -21.938395 -19.026873 -18.750117 0.377539 0.925039 0.042034 0.010698 0.041033 -0.999101 0.925932 -0.377649 -0.005595
0.333575 -21.418003 -4.362213 321.380207 0.353333 0.934975 0.031256 -0.266477 0.132618 -0.954674 0.896742 -0.328989 -0.296007
-0.711730 -5.568001 52.723652 171.493517 0.419398 0.902394 -0.098952 0.895500 -0.393365 0.208192 0.148947 -0.175927 -0.973070
-0.912728 -8.415268 44.047407 260.990988 0.332006 0.937879 -0.100768 0.941553 -0.323046 0.095496 0.057011 -0.126583 -0.990316
-0.413827 -5.378511 20.763834 164.322322 0.432473 0.896828 -0.093098 0.891442 -0.409802 0.193374 0.135271 -0.166620 -0.976698
-1.361398 -7.424523 50.645483 252.146112 0.321383 0.939067 -0.121924 0.940522 -0.301569 0.156443 0.110143 -0.164950 -0.980133
-0.831485 -4.260748 7.916537 9.419151 0.415996 0.900400 -0.127382 0.894545 -0.379994 0.235359 0.163513 -0.211858 -0.963525
-1.097904 -4.275534 64.418503 157.726045 0.477032 0.874426 -0.088434 0.857774 -0.441288 0.263608 0.191480 -0.201605 -0.960568
0.211624 -3.813260 -19.427015 -10.562103 -0.152898 -0.462692 0.873234 0.748501 0.522736 0.408035 -0.645266 0.716005 0.266400
0.956278 -3.193228 -56.101282 -75.527058 -0.361996 -0.615596 0.700000 0.675814 0.343904 0.651925 -0.642055 0.709064 0.291536
-0.287045 -1.946354 34.226946 -4.588334 -0.047208 -0.389502 0.919815 0.730301 0.614788 0.297818 -0.681492 0.685801 0.255431
0.139702 -3.199787 -11.868302 27.752568 0.107840 -0.239141 0.964978 0.698737 0.708697 0.097543 -0.707203 0.663747 0.243523
14.617368 -8.188240 -324.162432 77.903316 0.252050 0.845953 -0.469930 0.298994 -0.529926 -0.793588 0.920366 -0.059517 0.386502
13.704439 -9.099504 -355.980979 -42.731039 0.301419 0.876732 -0.374817 0.215192 -0.445508 -0.869031 0.928891 -0.181285 0.322950
11.086589 -9.183744 -140.605196 24.950599 0.375228 0.840471 -0.390911 0.290968 -0.507209 -0.811220 0.880081 -0.190650 0.434869
12.799673 -9.009253 -210.846940 60.405911 0.319745 0.823235 -0.469091 0.419361 -0.566907 -0.709050 0.849646 -0.029997 0.526499
1.494536 -17.218232 -53.332673 -52.490908 -0.060848 0.997738 0.028585 0.997589 0.061747 -0.031689 0.033382 -0.026587 0.999089
1.730586 -17.972424 -47.238974 -82.267338 -0.037831 0.999277 0.003712 0.960211 0.037380 -0.276764 0.276703 0.006906 0.960931
1.147772 -17.139622 -25.874699 -46.922160 -0.039348 0.999013 0.020629 0.987983 0.041986 -0.148753 0.149473 -0.014528 0.988659
1.430962 -12.215501 0.081774 17.816330 0.192255 0.971869 0.136045 0.252606 0.084950 -0.963833 0.948276 -0.219667 0.229168
1.735902 -12.134823 3.582634 10.633611 0.218289 0.969986 0.107131 0.164811 0.071559 -0.983726 0.961867 -0.232393 0.144243
1.467923 -11.493141 8.741271 -4.191673 0.193584 0.970314 0.144968 0.354793 0.068525 -0.932430 0.914684 -0.231937 0.330995
-0.808124 -7.009182 -29.509554 -14.070008 -0.052123 0.995525 0.078823 0.993793 0.059476 -0.094013 0.098280 -0.073434 0.992446
-1.009444 -7.196084 -16.421881 -130.881231 -0.016864 0.997325 0.071123 0.989715 0.026757 -0.140529 0.142057 -0.068022 0.987519
-0.941599 -6.545401 -10.910630 -76.496983 -0.001231 0.999168 0.040761 0.987792 0.007565 -0.155596 0.155775 -0.040072 0.986979
-1.226355 -22.758003 22.278224 151.907316 -0.212986 0.961492 -0.173697 0.230835 0.222261 0.947267 -0.949396 -0.161660 0.269285
-1.320351 -23.801205 -33.893938 192.733175 -0.270650 0.941556 -0.200551 0.074931 0.228298 0.970704 -0.959757 -0.247693 0.132340
-1.317615 -22.603959 -33.763615 -42.603673 -0.268142 0.953836 -0.135262 0.341815 0.225466 0.912320 -0.900701 -0.198397 0.386493
0.510818 -36.357828 -21.243390 314.397970 -0.313663 0.938904 -0.141688 0.523203 0.295419 0.799366 -0.792385 -0.176600 0.583899
0.765225 -43.167606 -56.070877 595.872286 -0.314890 0.936098 -0.156729 0.492964 0.302415 0.815801 -0.811067 -0.179626 0.556691
0.580707 -35.721295 -18.177528 120.020923 -0.278158 0.951806 -0.129203 0.714115 0.294878 0.634892 -0.642393 -0.084334 0.761721
0.552951 -31.599354 -17.526304 164.919813 -0.276006 0.955586 -0.103321 0.783249 0.285920 0.552060 -0.557083 -0.071446 0.827378
0.185908 -31.652187 -13.043194 177.474519 -0.287237 0.950698 -0.116913 0.652666 0.283591 0.702569 -0.701086 -0.125499 0.701946
0.222058 -40.419370 -3.793552 751.388715 -0.312815 0.931598 -0.185125 0.380652 0.301531 0.874175 -0.870201 -0.202987 0.448939
1.590248 -13.567927 46.023109 161.765949 -0.008505 0.999487 0.030868 0.681979 0.028373 -0.730821 0.731322 -0.014836 0.681871
2.005836 -13.589838 11.241465 134.068695 0.028865 0.997456 0.065173 0.705511 0.025858 -0.708227 0.708111 -0.066423 0.702970
1.534879 -16.352057 27.016996 287.048269 -0.006760 0.998506 0.054223 0.810269 0.037247 -0.584873 0.586019 -0.039981 0.809310
0.974184 -15.576568 54.239612 292.114276 -0.045043 0.998592 0.028036 0.778257 0.052672 -0.625733 0.626328 0.006365 0.779533
0.805920 -17.297874 41.707158 216.106125 -0.043483 0.998381 0.036678 0.905593 0.054893 -0.420580 0.421912 -0.014928 0.906514
1.426698 -17.061367 11.942769 231.953910 0.015804 0.997834 0.063857 0.878800 0.016601 -0.476902 0.476929 -0.063654 0.876634
1.059853 -17.809466 22.911391 122.332449 -0.019898 0.998410 0.052747 0.953394 0.034835 -0.299711 0.301072 -0.044325 0.952571
-3.126248 -8.049369 -19.120111 30.246768 -0.572023 0.798897 -0.185886 0.552878 0.542943 0.632091 -0.605901 -0.258798 0.752268
-2.675401 -8.305927 -65.753171 10.227491 -0.612700 0.774756 -0.156051 0.492269 0.528595 0.691562 -0.618280 -0.346901 0.705258
-2.164668 -7.872318 -65.422051 47.329479 -0.592796 0.798044 -0.108251 0.614508 0.535096 0.579700 -0.520551 -0.277123 0.807607
-2.851956 -7.426386 -23.857554 62.606290 -0.540744 0.828232 -0.147064 0.671315 0.530247 0.517856 -0.506885 -0.181301 0.842732
-0.244683 -10.718734 1.907150 30.898288 0.251824 0.960832 0.115704 0.730309 -0.110223 -0.674166 0.635006 -0.254271 0.729461
-0.196976 -8.769294 7.340021 -49.053782 0.235606 0.963487 0.127208 0.843306 -0.137627 -0.519512 0.483036 -0.229676 0.844941
-0.163484 -9.356405 0.101256 -38.686150 0.260461 0.957185 0.126321 0.829440 -0.154871 -0.536697 0.494155 -0.244564 0.834266
-1.220173 -9.008913 -9.877335 6.778272 -0.036194 0.999014 0.025717 0.625014 0.042709 -0.779444 0.779774 0.012138 0.625944
-0.861500 -8.468407 -2.443029 -131.936048 -0.003908 0.999985 0.003765 0.788800 0.005397 -0.614626 0.614637 -0.000568 0.788810
-0.741180 -8.389357 -11.894242 -8.503628 -0.026507 0.998846 0.040043 0.669507 0.047484 -0.741287 0.742333 -0.007160 0.669993
-0.275739 -7.791162 -31.361041 -52.603268 0.015192 0.998665 0.049367 0.792147 0.018107 -0.610062 0.610141 -0.048374 0.790815
-0.834168 -8.858175 -22.192081 52.210595 -0.039773 0.996861 0.068463 0.522046 0.079153 -0.849237 0.851990 -0.001964 0.523555
-0.651678 -8.379850 -40.850355 92.681584 -0.022582 0.996636 0.078785 0.569306 0.077599 -0.818455 0.821816 -0.026370 0.569143
-0.319266 -7.994217 -70.659990 7.681271 0.018699 0.996313 0.083736 0.669707 0.049706 -0.740960 0.742390 -0.069934 0.666308
2.778607 -34.543196 -63.454316 -995.332578 0.164205 0.967143 0.194091 0.769551 -0.002504 -0.638580 0.617112 -0.254221 0.744677
3.688873 -34.694614 -38.124661 -1110.454608 0.086891 0.981266 0.171950 0.795379 0.035597 -0.605066 0.599852 -0.189340 0.777386
4.587270 -45.315567 -21.680501 -1351.279009 0.087195 0.981620 0.169764 0.510998 0.102213 -0.853483 0.855148 -0.161169 0.492693
2.636680 -40.303397 -51.719572 -820.023300 0.200559 0.966590 0.159624 0.475493 0.046415 -0.878494 0.856553 -0.252090 0.450298
1.725318 -33.063573 -23.499414 -896.432815 0.180496 0.966895 0.180373 0.780378 -0.029154 -0.624628 0.598691 -0.253503 0.759806
2.938813 -40.000198 -54.660067 -707.676823 0.157478 0.969943 0.185501 0.412989 0.105943 -0.904553 0.897017 -0.219058 0.383892
125.729169 -3646.465287 -12439.246256 264491.118604 0.992437 0.106032 0.061850 -0.110534 0.991070 0.074578 0.053390 0.080850 -0.995295
-3.543480 -82.892356 -70.525963 2164.446687 0.931715 -0.356432 -0.069737 0.330771 0.753458 0.568235 0.149993 0.552500 -0.819906
-5.133338 -130.304158 305.974507 5058.041666 0.959340 -0.200424 0.198737 0.065364 0.842728 0.534356 0.274579 0.499639 -0.821564
-5.252524 -140.377144 100.303856 -4601.509003 0.959172 -0.242458 0.145616 0.277129 0.908516 -0.312726 0.056472 -0.340313 -0.938615
-1.377156 -57.688765 37.575519 2358.614958 0.861122 -0.502691 -0.075963 0.201265 0.199866 0.958930 0.466863 0.841044 -0.273283
-2.039076 -105.684952 106.418620 4711.717200 0.892350 -0.440416 0.098721 0.171377 0.532969 0.828597 0.417543 0.722480 -0.551072
0.995228 -45.691073 101.802125 -1024.808871 0.990307 -0.055614 0.127272 0.014793 -0.868888 -0.494788 -0.138103 -0.491875 0.859643
0.437683 -48.671594 58.816795 1098.420080 0.984755 -0.088859 0.149539 0.048431 -0.685627 -0.726340 -0.167070 -0.722509 0.670871
17.382998 -206.741846 323.913871 11184.896965 0.984849 -0.148188 -0.090068 -0.141165 -0.383432 -0.912717 -0.100718 -0.911603 0.398542
-0.891094 -3.564479 4.311703 -65.183335 -0.000426 0.973767 0.227547 0.298217 0.217317 -0.929430 0.954498 -0.067462 0.290487
-0.484902 -2.968675 -30.733007 -72.250394 0.056498 0.991490 0.117282 0.325849 0.092725 -0.940864 0.943732 -0.091373 0.317837
-0.704299 -3.545128 -31.776441 -60.970481 0.037094 0.981259 0.189089 0.278624 0.171560 -0.944953 0.959684 -0.087737 0.267039
-0.685913 -3.999537 -49.194394 -57.132639 0.058678 0.984726 0.163928 0.241041 0.145376 -0.959565 0.968739 -0.095819 0.228829
-1.071602 -4.357751 -12.706423 -52.391847 0.004427 0.965051 0.262025 0.232355 0.253864 -0.938917 0.972621 -0.065039 0.223111
-7.338632 -13.663056 -66.822863 542.085764 0.212256 0.832279 0.512112 -0.461879 0.547265 -0.697975 0.861171 0.088385 -0.500573
-3.729531 -11.313377 -199.278499 369.439831 0.223816 0.936597 0.269615 -0.585069 0.350358 -0.731398 0.779487 -0.005955 -0.626390
-2.875662 -5.032411 -200.163434 105.570233 -0.338526 0.887428 -0.312844 0.930035 0.265052 -0.254524 -0.142952 -0.377119 -0.915066
1.588174 -4.386506 471.506756 -158.510252 0.978526 -0.201603 0.042933 0.204232 0.920119 -0.334172 -0.027867 -0.335765 -0.941534
-2.071600 -6.534761 101.217069 -9.957885 0.173926 0.983724 0.045121 -0.907018 0.142184 0.396360 -0.383494 0.109863 -0.916986
5.458312 -201.578446 -818.374500 -10650.910206 0.759525 0.379992 -0.527947 -0.442314 0.896814 0.009156 0.476949 0.226564 0.849228
3.241112 -123.030810 -634.279004 -5451.279406 0.779602 0.333434 -0.530134 -0.438813 0.894781 -0.082525 0.446837 0.296966 0.843888
-0.054632 -121.252105 -331.678866 -6809.748031 0.675069 0.435946 -0.595174 -0.432887 0.887326 0.158940 0.597403 0.150348 0.787722
-31.885712 -895.198732 -629.509819 -50392.950889 0.796594 0.154117 -0.584539 -0.220409 0.974439 -0.043451 0.562901 0.163451 0.810201
38.103280 -42.560933 2193.078053 -732.253841 0.153128 0.954591 -0.255554 0.744713 -0.281461 -0.605130 0.649580 0.097652 0.753996
3.583107 -37.015102 661.802110 -992.806933 0.110083 0.968474 -0.223470 0.603673 -0.243764 -0.759050 0.789595 0.051344 0.611477
-6.211485 -23.094511 -63.363514 -372.567817 0.306344 0.863386 -0.400896 0.674968 -0.493983 -0.548086 0.671246 0.102689 0.734087
-1.368728 -7.876944 20.529673 -108.453731 0.063981 0.968110 0.242219 -0.941254 0.139188 -0.307682 0.331584 0.208304 -0.920142
0.986607 -6.134669 -174.432238 -17.002857 0.093095 0.993604 -0.063905 -0.991960 0.098084 0.079966 -0.085723 -0.055946 -0.994747
2.902907 -6.382616 -138.778533 -20.085934 0.093280 0.995340 -0.024448 -0.989616 0.095385 0.107524 -0.109355 -0.014164 -0.993902
4.097847 -6.499056 -1.977194 25.871085 0.105012 0.990942 0.083699 0.993012 -0.099929 -0.062775 -0.053842 0.089706 -0.994512
2.851196 -10.108033 -73.111776 61.841090 0.200503 0.967293 0.155381 0.632404 -0.248921 0.733555 -0.748240 0.048816 0.661629
2.043708 -9.243888 -77.167619 -134.007556 0.165693 0.969123 0.182612 0.646148 -0.246573 0.722284 -0.745009 0.001683 0.667052
1.949068 -8.551837 -46.294176 -33.132886 0.141005 0.980270 0.138524 0.597784 -0.195839 0.777369 -0.789159 0.026806 0.613603
1.784875 -9.700337 -13.741874 140.550811 0.092795 0.992003 0.085547 0.548776 -0.122645 0.826924 -0.830803 0.029788 0.555769
2.499967 -10.552941 -37.206689 181.595065 0.151609 0.983376 0.099935 0.554166 -0.168283 0.815218 -0.818483 0.068214 0.570467
0.967338 -10.425486 24.283346 -33.018674 0.218781 0.975309 0.030104 -0.953775 0.207233 0.217641 -0.206029 0.076328 -0.975565
0.335045 -11.216845 82.990552 46.704076 0.233912 0.969479 0.073451 -0.967184 0.224319 0.119315 -0.099197 0.098950 -0.990136
-5.320820 -46.783605 20.378253 -2045.617465 0.938919 0.037969 -0.342038 -0.031193 0.999193 0.025290 0.342722 -0.013075 0.939346
-7.283425 -152.066235 60.559013 -6649.686406 0.917203 -0.196160 -0.346786 0.127793 0.969256 -0.210265 0.377370 0.148539 0.914072
-5.841853 -33.618877 38.316471 -1431.917478 0.935282 -0.241641 -0.258569 0.239337 0.970077 -0.040851 0.260703 -0.023678 0.965129
10.248648 -153.806561 748.561078 -6608.255042 0.871168 0.251742 -0.421535 -0.275997 0.961152 0.003612 0.406069 0.113196 0.906805
-5.172608 -11.112621 31.702843 -467.092256 0.915601 0.276565 -0.291868 -0.249080 0.959954 0.128248 0.315648 -0.044725 0.947822
-3.666764 -8.565152 -1.543104 -215.640918 0.793460 0.520120 -0.316065 -0.447426 0.850532 0.276413 0.412591 -0.077907 0.907579
1.566992 -5.206473 119.806326 -27.230227 -0.279013 0.944974 -0.170811 -0.545384 -0.302339 -0.781759 0.790384 0.124963 -0.599731
-0.240430 -5.233938 76.658109 -33.589868 -0.282099 0.941794 -0.182876 -0.523943 -0.310918 -0.792978 0.803682 0.127882 -0.581156
0.071454 -5.528692 86.893865 -9.462157 -0.300153 0.932812 -0.199423 -0.602559 -0.347483 -0.718455 0.739480 0.095483 -0.666373
-1.221035 -5.131364 29.004705 -49.398326 -0.252143 0.946712 -0.200399 -0.501889 -0.304997 -0.809372 0.827364 0.103499 -0.552048
-1.195170 -5.708397 41.298445 -19.750451 -0.277556 0.935772 -0.217470 -0.577685 -0.343433 -0.740496 0.767622 0.079899 -0.635903
-1.433451 -3.350292 7.688378 32.067952 -0.425739 0.894375 0.137261 -0.698874 -0.228668 -0.677707 0.574736 0.384454 -0.722408
-1.037864 -3.645948 14.479958 13.472139 -0.217413 0.913505 0.343861 -0.748999 0.069758 -0.658889 0.625885 0.400802 -0.669048
-1.435333 -3.995961 10.688637 3.693353 -0.339241 0.919542 0.198389 -0.709613 -0.111702 -0.695681 0.617548 0.376783 -0.690413
-1.130461 -3.835947 14.474537 -16.041959 -0.254064 0.922343 0.291093 -0.708463 0.027417 -0.705215 0.658431 0.385398 -0.646480
0.949232 -7.923073 -62.524674 -122.842272 0.457273 0.877353 -0.145437 0.358148 -0.331362 -0.872886 0.814022 -0.347059 0.465745
1.604743 -8.243584 -20.257514 74.485358 0.366037 0.926157 -0.090833 0.425377 -0.253330 -0.868837 0.827690 -0.279388 0.486694
2.058545 -8.271632 -16.595676 -47.073621 0.389843 0.911756 -0.129319 0.320900 -0.266130 -0.908954 0.863160 -0.312851 0.396332
3.061733 -10.883915 28.973192 -208.129457 0.359196 0.923627 -0.133758 0.251346 -0.233767 -0.939243 0.898779 -0.303753 0.316118
2.277609 -11.114312 -87.581959 -269.648104 0.454439 0.881159 -0.130548 0.244621 -0.264369 -0.932882 0.856531 -0.392004 0.335690
-0.458294 -10.225755 8.175864 -19.949283 -0.048211 0.992692 0.110630 0.667585 -0.050362 0.742828 -0.742971 -0.109668 0.660278
2.689728 -5.577373 -65.969907 21.474778 -0.098440 0.983875 -0.149332 -0.231583 0.123292 0.964971 -0.967822 -0.129574 -0.215712
3.230938 -5.382715 -43.757722 -1.156459 -0.052077 0.992231 -0.112982 -0.211536 0.099608 0.972281 -0.975982 -0.074533 -0.204706
2.776786 -5.445129 -7.667803 -44.847700 -0.030322 0.997534 -0.063292 -0.166566 0.057393 0.984358 -0.985564 -0.040390 -0.164415
2.112091 -5.914385 2.527491 -38.256100 -0.022519 0.999697 -0.009922 -0.070877 0.008303 0.997451 -0.997231 -0.023164 -0.070668
1.440272 -16.245366 20.798723 453.690774 -0.075433 0.943903 0.321491 -0.009013 0.321751 -0.946782 0.997110 0.074317 0.015763
2.443053 -15.001520 26.274674 502.395412 -0.041492 0.953344 0.299021 -0.130835 0.291517 -0.947576 0.990536 0.078439 -0.112636
1.021370 -16.033019 31.877766 124.553752 -0.007982 0.980050 0.198592 -0.495899 -0.176336 0.850288 -0.868344 0.091695 -0.487413
1.193734 -21.387736 43.187806 628.324648 0.028722 0.974455 0.222740 -0.596167 -0.162163 0.786313 -0.802347 0.155374 -0.576280
-0.924870 -21.492667 -5.129185 459.371796 -0.057805 0.980601 0.187295 -0.732476 -0.169133 0.659448 -0.678334 0.099070 -0.728044
-1.165743 -17.160750 -15.116550 113.806810 -0.092996 0.973200 0.210318 -0.604148 -0.223058 0.765017 -0.791427 0.055920 -0.608700
5.877174 -83.377003 -235.783274 -4137.043681 -0.177146 0.982530 0.057046 -0.599380 -0.153676 0.785575 -0.780617 -0.104969 -0.616132
-25.102327 -1294.618271 3681.320471 -89684.650437 -0.200434 0.970826 0.131617 -0.397064 -0.203313 0.894989 -0.895638 -0.127126 -0.426230
-0.240343 -92.625432 100.944054 -4529.156269 -0.153205 0.976560 0.151194 -0.771012 -0.213829 0.599849 -0.618117 0.024672 -0.785698
-1.135109 -33.136363 -81.600138 -565.079902 -0.182837 0.976665 0.112680 -0.801628 -0.214451 0.558036 -0.569178 -0.011702 -0.822131
-0.869589 -80.711066 -95.139077 -3498.287371 -0.094021 0.995435 -0.016379 -0.797799 -0.065492 0.599355 -0.595547 -0.069419 -0.800315
-108.274501 -1025.801003 7663.207699 147662.776671 -0.696305 0.691091 0.193783 0.151211 0.405175 -0.901648 0.701637 0.598520 0.386626
-11.217295 -255.237010 -1243.519771 8556.628802 0.706802 -0.667776 -0.233465 -0.701207 -0.704962 -0.106477 0.093481 -0.238966 0.966518
-160.314703 -265.658844 7266.610258 18293.201023 -0.440747 0.816027 0.373955 0.756581 0.561902 -0.334443 0.483040 -0.135522 0.865047
-68.226902 -301.947491 3564.960752 19375.274989 -0.590131 0.776930 0.219376 -0.103713 0.196526 -0.974998 0.800618 0.598129 0.035398
5.995448 -2.254623 42.387429 41.585451 0.446356 -0.002324 0.894853 0.228243 0.967217 -0.111337 -0.865258 0.253939 0.432253
4.349243 -2.664373 141.285132 28.002808 0.550862 -0.086254 0.830127 0.211349 0.976641 -0.038771 -0.807393 0.196804 0.556224
5.505894 -2.532084 53.818737 20.689131 0.479898 -0.014400 0.877206 0.180219 0.980160 -0.082503 -0.858614 0.197682 0.472973
-5.643755 -8.975330 68.522239 -93.782058 -0.546344 0.717848 -0.431511 -0.551359 -0.696072 -0.459878 0.630485 0.013334 -0.776087
-5.464199 -8.733040 -34.152845 -2.929378 -0.392548 0.803334 -0.447840 -0.711862 -0.573697 -0.405123 0.582373 -0.159770 -0.797066
-5.202782 -8.862166 50.554581 64.334149 -0.443511 0.813911 -0.375294 -0.779102 -0.557098 -0.287476 0.443055 -0.164894 -0.881199
-1.884788 -13.106811 17.768678 -25.799778 0.192838 0.972810 -0.128276 0.423040 0.035531 0.905414 -0.885353 0.228864 0.404686
-1.207355 -13.369208 23.057285 -8.602635 0.201363 0.969515 -0.139620 0.576677 -0.002121 0.816969 -0.791768 0.245023 0.559524
-1.341614 -13.302848 31.924998 -55.587735 0.227012 0.967381 -0.112427 0.407124 0.010605 0.913311 -0.884712 0.253104 0.391437
-124.615285 -461.974385 3033.690859 25484.467489 0.769517 0.620736 0.150102 -0.637522 0.760481 0.123424 0.037536 0.190670 -0.980936
-13.061843 -102.426889 -188.332760 5005.049372 0.969025 -0.049492 -0.241953 0.224756 0.582762 0.780944 -0.102350 0.811134 -0.575835
-26.977615 -175.018232 1129.841423 10457.442905 0.154393 0.985127 -0.075423 0.961189 -0.132097 0.242212 -0.228646 0.109891 0.967287
-19.244645 -50.799045 879.333348 1770.154623 0.136226 0.988274 -0.068973 0.846335 -0.079907 0.526624 -0.514937 0.130114 0.847296
-36.997080 -81.588003 1352.161341 3763.698575 0.137361 0.968217 0.209014 0.771463 -0.236926 0.590518 -0.621271 -0.080133 0.779488
-42.084646 -59.154261 1363.454816 2706.811787 0.080029 0.970062 0.229293 0.936046 -0.152212 0.317253 -0.342657 -0.189239 0.920204
-34.380835 -45.690638 -338.589246 894.116158 0.301529 -0.822224 -0.482730 0.827908 -0.025336 0.560292 -0.472916 -0.568600 0.673086
5.262441 -12.600112 -79.264310 62.184750 -0.388764 0.898601 0.203415 0.915915 0.400857 -0.020329 -0.099808 0.178408 -0.978881
2.959820 -12.889698 -16.908277 -166.242093 -0.280129 0.934254 0.220676 -0.920940 -0.326420 0.212881 -0.270918 0.143595 -0.951832
3.147849 -14.961298 -41.470393 -268.695159 -0.244263 0.962032 0.121781 -0.952245 -0.261692 0.157312 -0.183208 0.077540 -0.980011
5.717636 -15.116897 -117.717304 -64.419760 -0.331718 0.939496 0.085498 0.943125 0.332364 0.006984 -0.021855 0.082952 -0.996314
7.804122 -17.885106 -150.008475 -420.070464 -0.423098 0.894942 0.141656 0.904648 0.408435 0.121625 0.050990 0.179608 -0.982416
0.500045 -7.866461 -195.226245 126.574517 -0.286751 0.945431 0.154704 0.597013 0.050059 0.800668 -0.749232 -0.321953 0.578789
2.537789 -9.401895 -232.868937 98.784227 -0.285391 0.949248 0.132210 0.530154 0.041437 0.846888 -0.798429 -0.311786 0.515074
3.516936 -10.537594 -241.228878 76.521129 -0.289872 0.952409 0.094297 0.394403 0.029102 0.918477 -0.872021 -0.303432 0.384069
1.552641 -10.334770 -221.204296 20.181611 -0.337095 0.939502 0.060852 0.277276 0.037304 0.960066 -0.899714 -0.340506 0.273076
-0.338458 -18.676991 49.882995 -390.652563 -0.000373 0.999126 -0.041797 0.299415 -0.039768 -0.953294 0.954123 0.012870 0.299139
0.710863 -20.896327 36.877244 -401.557916 0.018619 0.999367 -0.030310 0.110322 -0.032184 -0.993375 0.993721 -0.015152 0.110851
0.176912 -18.467511 33.764923 -380.148439 0.006954 0.999582 -0.028064 0.293997 -0.028868 -0.955370 0.955781 0.001607 0.294075
