18871
37729
-5.919797 -8.118546 51.273380 104.833808 -0.246519 0.960673 -0.127813 -0.235154 -0.187235 -0.953753 0.940176 0.205063 -0.272063
-5.660604 -9.589772 36.763522 99.907074 -0.248556 0.967844 -0.038693 -0.118687 -0.070078 -0.990456 0.961319 0.241592 -0.132288
-8.542767 -10.860947 71.712485 268.689913 -0.067437 0.796770 0.600508 -0.256435 0.567817 -0.782193 0.964206 0.206740 -0.166028
-4.817963 -8.240448 -67.015421 83.291271 -0.317145 0.911768 -0.260958 -0.135428 -0.315882 -0.939083 0.938658 0.262484 -0.223659
-6.620961 -9.019653 3.748334 272.662198 0.008591 0.881799 0.471548 -0.370668 0.440779 -0.817508 0.928726 0.167765 -0.330642
-4.864841 -6.995508 38.694565 99.069848 -0.305429 0.881849 -0.359244 -0.269435 -0.441890 -0.855650 0.913301 0.164548 -0.372567
-4.546484 -7.096404 -52.382444 51.300460 -0.376122 0.804142 -0.460312 -0.172676 -0.548921 -0.817844 0.910338 0.228124 -0.345317
8.471461 -10.865651 -37.142304 -165.966968 -0.079842 0.996394 0.028705 -0.965625 -0.084459 0.245837 -0.247375 0.008090 -0.968886
8.174884 -9.210478 4.552361 -64.729691 -0.035770 0.996310 0.078021 -0.988475 -0.046764 0.143978 -0.147095 0.071972 -0.986500
8.924701 -10.722832 69.363822 -176.418782 -0.013299 0.987435 0.157467 -0.973909 -0.048472 0.221703 -0.226550 0.150410 -0.962316
8.996119 -12.328573 32.894842 -220.291235 -0.040520 0.991272 0.125451 -0.936966 -0.081307 0.339829 -0.347063 0.103774 -0.932083
7.513387 -12.288980 -135.678670 -118.896043 -0.125720 0.990265 -0.059744 -0.898087 -0.088020 0.430919 -0.421466 -0.107831 -0.900411
-0.421301 -10.792696 170.908066 -789.690241 0.271542 0.795277 0.542033 -0.435941 0.603741 -0.667423 0.858033 0.055061 -0.510634
-1.455040 -9.039874 -32.910450 -427.357074 0.343771 0.810461 0.474315 -0.581899 0.580287 -0.569790 0.737031 0.080126 -0.671093
-0.406888 -5.141850 84.169063 -345.278156 -0.543159 -0.511996 -0.665461 -0.330646 0.858954 -0.390989 0.771785 0.007663 -0.635837
0.628857 -2.527859 165.727541 -239.924436 -0.627110 -0.275339 -0.728643 -0.155423 0.960861 -0.229323 0.763267 -0.030563 -0.645360
2.170444 -2.099402 59.105668 -438.826253 -0.610965 -0.163176 -0.774658 0.018590 0.975300 -0.220102 0.791439 -0.148875 -0.592840
-2.384886 -21.309461 20.775540 -1749.669611 0.399442 0.811813 0.425918 -0.332956 0.561333 -0.757658 0.854158 -0.160828 -0.494518
-2.354691 -43.200315 281.104102 -2812.932589 -0.088371 0.966657 0.240342 -0.585414 0.144814 -0.797696 0.805904 0.211193 -0.553097
0.552152 -2.615635 86.349931 -61.338728 -0.444469 0.893765 0.060271 0.176100 0.153148 -0.972386 0.878315 0.421581 0.225461
-0.756338 -2.346181 19.404464 -42.618484 -0.445551 0.881128 0.158419 0.119481 0.233896 -0.964892 0.887248 0.410981 0.209490
-0.063187 -3.193039 32.540419 -54.915669 -0.439052 0.862150 0.252844 0.033135 0.296765 -0.954376 0.897851 0.410643 0.158862
3.529418 -3.932872 205.710065 -100.833618 -0.460554 0.861814 0.212524 0.074750 0.276234 -0.958179 0.884479 0.425407 0.191641
4.199363 -11.281871 110.095531 198.044819 0.170824 0.493947 0.852547 0.848338 -0.513821 0.127716 0.501141 0.701430 -0.506807
4.440516 -13.636787 100.727853 144.746273 0.213002 0.502111 0.838161 0.918229 -0.396031 0.003898 0.333895 0.768794 -0.545408
5.460050 -12.009117 86.809619 164.356122 0.215832 0.536744 0.815673 0.838763 -0.529587 0.126547 0.499893 0.656843 -0.564503
5.193887 -9.402308 -97.173995 -163.051302 -0.159405 -0.544945 -0.823180 -0.768190 0.592199 -0.243279 0.620060 0.593578 -0.513021
3.837303 -8.681140 106.093245 175.644157 0.104968 0.511991 0.852553 0.772731 -0.581630 0.254152 0.625994 0.632117 -0.456684
1.383249 -6.077027 -125.043670 34.606756 -0.009267 0.999465 -0.031357 -0.341834 0.026302 0.939392 -0.939714 -0.019425 -0.341408
0.340662 -5.861698 -45.358785 28.910138 -0.013071 0.999557 0.026749 -0.307737 -0.029474 0.951015 -0.951382 -0.004199 -0.307986
-0.200804 -6.264125 -32.277064 22.635481 -0.010561 0.998877 0.046187 -0.373630 -0.046786 0.926397 -0.927518 0.007473 -0.373705
-1.007796 -11.175715 -39.860222 -23.108307 0.356037 0.929412 -0.097108 -0.390041 0.053370 -0.919250 0.849179 -0.365163 -0.381510
-0.487905 -10.627146 -4.734445 -58.725816 0.338879 0.938123 -0.071322 -0.396738 0.073752 -0.914964 0.853089 -0.338358 -0.397182
-0.311409 -9.683373 -52.882746 161.843238 0.375736 0.924135 -0.069253 -0.352604 0.073454 -0.932885 0.857025 -0.374937 -0.353453
1.511786 -12.151260 14.853963 137.320662 0.369404 0.928963 -0.023842 -0.500261 0.220420 0.837349 -0.783122 0.297393 -0.546148
1.611145 -12.216859 8.214053 -203.513370 0.386582 0.922188 0.011156 -0.459264 0.182006 0.869454 -0.799769 0.341239 -0.493888
2.023993 -11.515547 38.079088 -210.452438 0.357980 0.933569 0.017288 -0.451533 0.156876 0.878355 -0.817293 0.322239 -0.477696
2.125689 -11.145518 23.098863 129.964601 0.303780 0.952684 0.010541 -0.502213 0.150718 0.851508 -0.809630 0.263965 -0.524235
1.505934 -13.001138 24.069138 428.355934 0.323844 0.945988 -0.015213 -0.541458 0.198497 0.816959 -0.775853 0.256330 -0.576495
1.090275 -14.928593 -18.661605 444.388972 0.363385 0.929063 -0.069227 -0.555091 0.275591 0.784808 -0.748215 0.246760 -0.615860
1.224820 -14.968064 -4.666409 440.666925 0.424005 0.902698 -0.073182 -0.533288 0.314165 0.785433 -0.732000 0.294000 -0.614606
0.307131 -27.294937 -8.339313 -60.039330 0.255288 0.966206 0.035698 0.882486 -0.247934 0.399683 -0.395026 0.070531 0.915958
0.452880 -23.424814 8.117404 -97.893230 0.234913 0.971921 0.013601 0.793862 -0.199913 0.574298 -0.560891 0.124113 0.818534
0.253072 -26.868652 -40.769994 -50.395624 0.192957 0.981179 0.007405 0.717557 -0.146253 0.680971 -0.669238 0.126085 0.732273
0.626265 -24.139150 15.869955 -32.806227 0.284635 0.957753 0.041136 0.904050 -0.282453 0.320803 -0.318869 0.054123 0.946252
-0.064294 -31.122369 19.999315 185.904224 0.237631 0.971255 -0.013981 0.813338 -0.191084 0.549516 -0.531048 0.141953 0.835366
0.294558 -29.234035 32.822413 318.481545 0.267957 0.963382 0.009702 0.944693 -0.264709 0.193607 -0.189086 0.042713 0.981031
0.293539 -26.355258 44.201895 113.127204 0.285149 0.957923 0.032759 0.956129 -0.286676 0.060281 -0.067135 -0.014133 0.997644
-0.917643 -5.342976 -32.542692 105.032426 0.599307 0.795831 -0.086511 0.443671 -0.420160 -0.791594 0.666324 -0.436026 0.604892
-1.266627 -5.391457 -18.327281 169.742482 0.541297 0.840579 -0.020616 0.521817 -0.355052 -0.775658 0.659321 -0.409103 0.630817
-0.992958 -8.458963 -47.370507 307.150797 0.467997 0.877107 0.107990 0.630572 -0.245814 -0.736176 0.619160 -0.412623 0.668119
-0.482496 -7.780750 -39.596050 171.991949 0.520386 0.852884 0.042271 0.546235 -0.294418 -0.784184 0.656373 -0.431168 0.619087
-0.086072 -7.010619 -10.314487 37.487748 -0.123691 0.989841 -0.070110 -0.002565 0.070334 0.997520 -0.992318 -0.123564 0.006161
0.078128 -7.322587 -10.447740 -46.773606 -0.124630 0.991339 -0.041411 -0.113299 0.027245 0.993187 -0.985713 -0.128473 -0.108922
0.359641 -6.739059 -23.587988 -30.375944 -0.127017 0.991617 -0.023709 -0.066437 0.015344 0.997673 -0.989673 -0.128297 -0.063931
-0.001250 -7.568825 13.502631 -13.790134 -0.107030 0.991906 -0.068317 -0.071487 0.060856 0.995583 -0.991682 -0.111441 -0.064395
0.128165 -6.176784 -17.416375 79.954955 -0.125013 0.988168 -0.088859 0.067949 0.097879 0.992876 -0.989826 -0.118084 0.079381
-0.000134 -4.643714 -17.047964 229.097539 -0.122828 0.988741 -0.085472 0.122207 0.100537 0.987400 -0.984875 -0.110835 0.133179
-0.184232 -6.066094 -10.315191 -3.475557 0.030659 0.999468 0.011100 -0.997138 0.031351 -0.068794 0.069105 0.008959 -0.997569
-0.256043 -6.173279 -26.129690 -46.537771 -0.012442 0.999909 -0.005280 -0.992335 -0.012996 -0.122894 0.122952 -0.003710 -0.992406
-0.379744 -6.318411 -15.631886 -21.041731 -0.005318 0.999984 -0.001760 -0.978344 -0.005567 -0.206911 0.206917 -0.000622 -0.978358
-0.193384 -6.520826 21.868014 -24.480317 0.027598 0.999084 0.032705 -0.980370 0.033442 -0.194308 0.195224 0.026700 -0.980395
0.240094 -13.690499 -10.076483 -19.691090 -0.192313 0.968317 0.159306 -0.931028 -0.231343 0.282252 -0.310164 0.094037 -0.946021
0.371955 -13.528366 7.577174 83.641215 -0.179631 0.970906 0.158347 -0.951920 -0.212160 0.220991 -0.248156 0.111036 -0.962335
0.747230 -14.026792 -24.350306 138.827377 -0.205228 0.966390 0.154830 -0.965786 -0.225595 0.127925 -0.158554 0.123279 -0.979624
0.148977 -14.177092 13.826369 -33.611976 -0.164160 0.973745 0.157711 -0.917323 -0.209485 0.338578 -0.362726 0.089091 -0.927627
0.800722 -13.453373 -51.528341 103.207561 -0.223698 0.961814 0.157714 -0.951137 -0.250758 0.180165 -0.212833 0.109705 -0.970910
0.052872 -14.663757 -7.257514 -174.911490 -0.193935 0.965842 0.171870 -0.879765 -0.248745 0.405141 -0.434054 0.072634 -0.897954
-0.037260 -14.838326 5.324017 -156.361351 -0.176499 0.969729 0.168740 -0.867547 -0.234244 0.438738 -0.464984 0.068953 -0.882630
0.422743 -13.703375 -38.091071 -94.934054 -0.214347 0.962904 0.163926 -0.918577 -0.255777 0.301322 -0.332072 0.085992 -0.939326
-0.690223 -9.961425 6.850172 -25.933215 0.160717 0.986372 -0.035221 -0.148204 0.059397 0.987172 -0.975810 0.153436 -0.155730
-0.513230 -9.633959 3.077591 31.008082 0.155182 0.987843 -0.009199 0.025231 0.005346 0.999667 -0.987564 0.155362 0.024094
-0.534063 -9.568074 -7.166472 -25.446221 0.154643 0.986612 -0.051788 -0.150860 0.075385 0.985677 -0.976385 0.144615 -0.160498
0.001499 -9.418356 56.771637 12.516311 0.188901 0.981449 -0.032793 -0.075647 0.047838 0.995986 -0.979078 0.185662 -0.083281
-0.514483 -9.344356 -10.325092 -53.139485 0.164934 0.981830 -0.093839 -0.299063 0.140447 0.943841 -0.939871 0.127608 -0.316794
-0.160096 -9.214463 24.820530 -37.316265 0.178778 0.980998 -0.075378 -0.249523 0.119314 0.960990 -0.951723 0.152995 -0.266112
1.424106 -1.524311 17.987882 -16.542776 -0.051613 0.997921 -0.038588 -0.650552 -0.062913 -0.756851 0.757706 0.013960 -0.652447
1.359816 -1.949304 26.136547 -62.775561 -0.024474 0.999688 -0.004912 -0.661765 -0.019884 -0.749448 0.749312 0.015092 -0.662045
1.526235 -1.794697 -15.633253 -28.523311 -0.009150 0.999353 -0.034796 -0.651823 -0.032350 -0.757681 0.758316 -0.015748 -0.651697
1.468578 -1.838652 -17.718545 32.190069 -0.048484 0.994914 -0.088293 -0.645555 -0.098667 -0.757313 0.762173 -0.020280 -0.647055
1.373424 -1.642844 19.290930 42.023001 -0.078382 0.994686 -0.066757 -0.646584 -0.101691 -0.756034 0.758805 0.016096 -0.651119
28.413948 -18.946947 1539.037916 -1458.700006 0.346520 0.935971 -0.062301 -0.844470 0.282349 -0.455137 0.408405 -0.210325 -0.888239
35.068762 -1.895450 2317.597938 -7.079624 -0.083298 0.996033 -0.031313 -0.927266 -0.088980 -0.363676 0.365019 0.001258 -0.930999
36.935114 -5.020127 2371.313666 -106.261373 0.031211 0.999298 0.020712 -0.925825 0.036713 -0.376165 0.376661 0.007436 -0.926321
152.509006 -2.059189 8932.826800 -1896.037030 0.080546 0.736416 -0.671717 -0.516890 -0.545352 -0.659861 0.852254 -0.400353 -0.336720
180.329804 -2.997018 11843.524403 553.307807 0.123634 0.551509 -0.824956 0.809215 0.425141 0.405495 0.574357 -0.717699 -0.393728
13.837807 -12.941582 -254.452658 -18.322275 -0.145523 0.930267 0.336788 0.285542 0.365417 -0.885966 0.947253 0.032761 0.318807
13.564516 -15.372748 -294.855224 -370.658516 -0.138175 0.914503 0.380253 0.172527 0.400291 -0.900001 0.975265 0.058753 0.213086
14.519890 -15.051036 -802.481781 -3.344320 0.074723 0.923950 0.375144 0.268049 0.343740 -0.899996 0.960503 -0.167807 0.221978
14.195490 -12.665424 352.963135 -312.948795 -0.462537 0.838174 0.289006 0.258827 0.439426 -0.860182 0.847979 0.323063 0.420193
11.577273 -15.904515 -419.699413 404.857278 -0.027545 0.954402 0.297252 0.365168 0.286420 -0.885785 0.930534 -0.084148 0.356407
12.478685 -12.554568 59.495205 140.114501 -0.299975 0.920378 0.250837 0.322896 0.345389 -0.881161 0.897638 0.183332 0.400795
-1.461670 -8.240033 -5.842649 -101.036080 -0.626061 0.406207 0.665615 0.675567 0.708851 0.202828 -0.389432 0.576651 -0.718204
-1.399876 -6.807703 17.436366 -99.416574 -0.602056 0.448235 0.660768 0.656747 0.748656 0.090538 -0.454106 0.488467 -0.745110
-1.474660 -6.538747 -25.367735 -88.624998 -0.624039 0.410294 0.665007 0.615556 0.782354 0.094940 -0.481318 0.468596 -0.740778
2.659405 -105.124483 -151.186183 5542.725567 0.406731 -0.863269 -0.298891 0.780390 0.158232 0.604942 -0.474934 -0.479300 0.738044
2.352736 -247.212144 131.078127 14945.633416 0.568428 -0.762133 -0.309908 0.605817 0.132867 0.784431 -0.556664 -0.633640 0.537238
1.670455 -237.660838 23.539200 13409.909368 -0.505049 0.842171 0.188873 0.083064 -0.170390 0.981869 -0.859084 -0.511581 -0.016101
-8.044417 -182.967138 301.483563 7205.130757 -0.381869 0.923158 0.044227 0.198279 0.035092 0.979517 -0.902697 -0.382816 0.196443
-35.619437 -639.576009 1205.496693 -41668.575005 -0.369259 0.926685 -0.070011 0.833157 0.296732 -0.466690 0.411700 0.230660 0.881646
7418.765371 -978.848489 -4576050.315610 70688.268324 -0.368801 -0.046336 -0.928353 -0.207792 0.977591 0.033754 0.905985 0.205352 -0.370165
-116.241904 -809.851603 7042.359597 85703.786394 -0.249959 0.924294 -0.288446 0.677473 -0.045886 -0.734115 0.691774 0.378914 0.614714
-15.973188 -395.476359 870.522636 11683.924067 -0.411401 0.880456 -0.235683 0.798678 0.472826 0.372222 -0.439162 0.035102 0.897722
0.341232 -5.990439 -7.076737 19.601313 -0.144960 0.977256 -0.154778 0.989379 0.144862 -0.011973 0.010721 -0.154870 -0.987877
0.651208 -6.017591 -42.423520 26.631354 -0.128973 0.978095 -0.163391 0.991349 0.131218 0.002976 0.024350 -0.161593 -0.986557
0.631999 -6.177518 -37.853993 12.479337 -0.133983 0.977613 -0.162237 0.988718 0.120809 -0.088557 -0.066974 -0.172272 -0.982770
1.246643 -6.447762 -48.486141 15.540054 -0.112733 0.981516 -0.154655 0.981145 0.085369 -0.173396 -0.156988 -0.171286 -0.972633
0.586909 -6.486457 -48.218928 5.098036 -0.134081 0.976377 -0.169439 0.978286 0.103147 -0.179768 -0.158044 -0.189863 -0.969007
0.315982 -6.305349 -16.973927 5.254724 -0.149269 0.975615 -0.160916 0.984020 0.130591 -0.121040 -0.097074 -0.176412 -0.979518
-1.627696 -6.909975 -21.202985 -11.193775 0.316901 0.901852 -0.293660 -0.443525 0.414589 0.794607 -0.838367 0.121566 -0.531378
-1.692520 -6.986049 -10.514495 13.737560 0.345266 0.897850 -0.273232 -0.379216 0.399777 0.834490 -0.858479 0.184507 -0.478509
-1.879418 -6.940969 -39.870409 2.612542 0.335900 0.896115 -0.290083 -0.455655 0.424139 0.782614 -0.824348 0.130702 -0.550788
-1.374536 -6.586770 -9.903080 -29.976007 0.297877 0.913364 -0.277552 -0.535518 0.400577 0.743477 -0.790246 0.072830 -0.608446
-1.445324 -6.816433 5.377171 -30.226578 0.286470 0.917789 -0.274950 -0.490018 0.386956 0.781119 -0.823297 0.089037 -0.560585
-0.390325 -13.017794 -17.837494 79.943519 0.121550 0.992468 -0.015265 0.113207 0.001417 0.993570 -0.986108 0.122497 0.112182
-0.119294 -12.831300 -32.256731 65.981577 0.123584 0.991937 0.028054 0.283170 -0.062346 0.957041 -0.951074 0.110332 0.288592
-0.464990 -12.497073 -36.534181 63.018452 0.119771 0.992416 0.027664 0.273154 -0.059730 0.960114 -0.954485 0.107438 0.278236
-0.856091 -12.967453 -3.663554 76.024462 0.138861 0.990100 -0.020484 0.114539 0.004488 0.993409 -0.983666 0.140292 0.112782
0.855702 -2.836621 70.117481 -19.427867 0.280212 0.833334 0.476482 -0.470290 0.551893 -0.688651 0.836844 0.031117 -0.546556
0.844092 -2.749013 64.423832 9.161230 0.256939 0.864670 0.431658 -0.469341 0.502087 -0.726380 0.844809 0.015959 -0.534830
0.429010 -2.706404 51.929021 -5.723546 0.276773 0.839189 0.468143 -0.453332 0.543583 -0.706405 0.847282 0.016711 -0.530881
0.618059 -2.499203 41.783075 -3.093461 0.240389 0.890692 0.385852 -0.447963 0.454443 -0.769942 0.861128 -0.012238 -0.508240
0.383447 -3.131328 58.459271 -36.523623 0.282010 0.825656 0.488633 -0.481183 0.562338 -0.672487 0.830020 0.045474 -0.555877
2.035248 -11.291677 -0.530498 -269.661407 -0.588823 0.608632 0.531840 0.776057 0.241835 0.582452 0.225882 0.755700 -0.614732
1.955612 -25.175871 -57.181077 -1124.732596 0.728906 -0.547636 -0.410841 0.621444 0.277489 0.732671 0.287233 0.789363 -0.542589
2.318764 -8.535545 1.090389 -194.505720 -0.554956 0.585629 0.590815 0.802979 0.191531 0.564393 0.217366 0.787626 -0.576540
1.914548 -27.825711 33.247701 -1218.334998 0.682552 -0.616503 -0.392487 0.646510 0.258907 0.717629 0.340803 0.743566 -0.575293
2.873119 -7.822402 -1.861189 25.075159 -0.460132 0.590632 0.662897 0.873444 0.167174 0.457328 0.159293 0.789434 -0.592806
2.863511 -8.459401 -33.489181 5.741974 -0.443602 0.643787 0.623503 0.883234 0.196017 0.425998 0.152035 0.739673 -0.655568
1.996958 -13.075214 -55.842059 -305.450509 -0.576062 0.658545 0.484222 0.776018 0.254496 0.577086 0.256805 0.708202 -0.657648
4.148829 -9.487223 -249.313958 261.067737 0.309069 0.929769 -0.200015 -0.360749 0.309208 0.879915 -0.879964 0.199799 -0.430980
5.017113 -8.902425 17.498067 -44.732385 0.459196 0.873413 -0.162139 -0.427357 0.377209 0.821632 -0.778784 0.307999 -0.546472
4.173057 -21.332403 -2.866697 -894.343386 0.433370 0.896271 -0.094282 -0.397240 0.283879 0.872704 -0.808944 0.340751 -0.479059
0.340149 -2.082884 6.946925 -30.272552 0.241872 0.897472 0.368838 -0.416577 0.439356 -0.795883 0.876334 -0.038852 -0.480134
0.395411 -1.961520 4.087496 -18.250999 0.172588 0.955560 0.238995 -0.425045 0.291132 -0.857076 0.888566 -0.046337 -0.456402
0.273842 -1.748675 -5.796123 -17.637983 0.201799 0.931926 0.301314 -0.432281 0.360804 -0.826410 0.878869 -0.036517 -0.475664
-5.150315 -8.504132 -8.927517 22.209984 0.879202 -0.428889 0.207507 -0.476338 -0.800709 0.363273 -0.010349 0.418233 0.908281
-4.721864 -8.307016 -3.146978 18.933601 0.931856 -0.268605 0.243916 -0.349100 -0.846932 0.401043 -0.098858 0.458866 0.882989
-4.269445 -7.986890 7.748421 35.085006 0.922516 -0.327377 0.204420 -0.374547 -0.887200 0.269427 -0.093157 0.325116 0.941075
-4.450503 -8.006889 -27.858743 25.140750 0.889188 -0.412009 0.198979 -0.450426 -0.864646 0.222496 -0.080376 0.287466 0.954412
-3.819393 -7.713013 -26.863469 30.253769 0.918280 -0.330021 0.218740 -0.367320 -0.916306 0.159560 -0.147774 0.226868 0.962649
-3.957772 -7.769337 17.469796 36.394270 0.939703 -0.258104 0.224365 -0.299509 -0.937791 0.175617 -0.165081 0.232227 0.958550
-8.376295 -8.766929 110.906261 29.604513 0.726660 0.286117 0.624582 -0.278786 -0.708114 0.648732 -0.627888 0.645532 0.434793
-8.187826 -8.508002 74.117834 46.739134 0.418005 -0.280241 0.864140 0.624843 0.779176 -0.049564 -0.659427 0.560669 0.500805
-7.880444 -8.675818 56.674448 -6.336931 0.575160 -0.118494 0.809413 -0.559842 -0.778462 0.283855 -0.596463 0.616405 0.514078
-7.506492 -8.655208 40.626595 -6.342847 0.498403 -0.313216 0.808387 0.594277 0.802342 -0.055521 -0.631213 0.508078 0.586027
-8.594383 -8.738106 57.337043 72.688826 0.819842 0.571637 0.033022 0.216446 -0.362786 0.906387 -0.530104 0.735946 0.421156
-7.009343 -8.453031 -23.239095 -25.561390 0.630500 -0.154750 0.760607 0.504415 0.826484 -0.249979 -0.589945 0.541273 0.599156
7.005647 -7.601416 134.835094 -27.135082 0.456941 0.863117 0.215020 -0.228995 -0.119436 0.966072 -0.859515 0.490676 -0.143075
5.195091 -5.430689 178.456863 12.153176 0.543886 0.802977 0.243754 -0.253804 -0.119464 0.959850 -0.799857 0.583915 -0.138824
5.635294 -5.709347 144.989501 -4.436278 0.563489 0.820612 0.095265 -0.109707 -0.039963 0.993160 -0.818807 0.570086 -0.067508
2.267087 -3.314927 130.081791 14.903061 0.606137 0.779963 0.155738 -0.193477 -0.045334 0.980057 -0.771469 0.624181 -0.123426
3.676446 -4.562902 74.559255 -87.088173 0.637049 0.758007 -0.139982 0.048676 0.141679 0.988715 -0.769285 0.636673 -0.053360
-3.612276 -7.220060 -44.756833 6.624557 -0.185965 0.980642 -0.061302 0.976858 0.191236 0.095795 -0.105664 0.042069 0.993512
-3.618551 -7.347474 -9.299545 -0.215323 -0.172760 0.979663 -0.102054 0.962404 0.189944 0.194167 -0.209602 0.064673 0.975646
-3.002669 -7.459209 -110.616956 3.440122 -0.204310 0.978637 -0.022945 0.954465 0.204359 0.217336 -0.217382 -0.022504 0.975827
-2.689298 -7.305586 -149.054946 6.918408 -0.184595 0.982727 0.013105 0.979698 0.182932 0.082024 -0.078210 -0.027980 0.996544
-1.614248 -7.607725 108.677012 8.677091 -0.164462 0.946629 -0.277211 0.699125 0.310122 0.644243 -0.695828 0.087851 0.712815
-2.342508 -7.594148 79.947307 -29.244512 -0.202874 0.941432 -0.269349 0.605236 0.336791 0.721291 -0.769761 0.016689 0.638114
-2.636016 -7.895266 49.125023 1.424702 -0.206394 0.951011 -0.230175 0.688681 0.308296 0.656256 -0.695068 0.023070 0.718573
-2.668055 -7.899991 105.487470 9.898648 -0.183119 0.947600 -0.261765 0.755203 0.306062 0.579651 -0.629394 0.091541 0.771676
-0.825504 -8.996869 -30.803552 -6.162306 -0.232223 0.956878 -0.174522 -0.000373 -0.179515 -0.983755 0.972663 0.228385 -0.042044
-0.822178 -10.186493 -26.983056 -190.948312 -0.235658 0.956037 -0.174522 0.159797 -0.139016 -0.977312 0.958608 0.258200 0.120012
-0.818811 -9.258183 -19.680714 -16.317384 -0.224630 0.958734 -0.174269 -0.004299 -0.179812 -0.983692 0.974435 0.220218 -0.044512
-1.071307 -8.824189 -12.738309 15.615933 -0.253570 0.948857 -0.188078 -0.010333 -0.197078 -0.980333 0.967262 0.246640 -0.059778
-1.317429 -9.890211 -3.494501 258.853724 -0.245698 0.952270 -0.181146 -0.162188 -0.224625 -0.960853 0.955682 0.206700 -0.209637
-1.396723 -8.939961 20.191583 -25.006861 -0.313214 0.935702 -0.162353 0.910023 0.246828 -0.333068 0.271579 0.252066 0.928820
-1.355694 -8.747873 -21.603256 -13.966446 -0.308954 0.937855 -0.158037 0.898598 0.233414 -0.371536 0.311559 0.256800 0.914869
-1.300614 -8.269288 14.376464 -64.221960 0.347431 -0.924736 0.155422 0.923165 0.308237 -0.229688 0.164494 0.223281 0.960774
-1.518329 -7.972550 7.913815 -47.735758 0.340475 -0.921336 0.187662 0.925698 0.293478 -0.238650 0.164802 0.254973 0.952801
-1.660957 -7.478343 97.864412 -34.236894 0.366236 -0.922189 0.124256 0.927113 0.350206 -0.133481 0.079579 0.164085 0.983231
-0.917442 -10.088976 -8.286527 55.699808 -0.394379 0.917252 -0.055802 0.549313 0.283991 0.785878 -0.736696 -0.279281 0.615858
-0.847641 -9.809842 -1.178039 45.971152 -0.381051 0.922938 -0.054641 0.555743 0.275878 0.784245 -0.738884 -0.268471 0.618040
-0.984974 -10.677492 -6.043409 74.517331 -0.404819 0.909867 -0.090899 0.446178 0.283323 0.848913 -0.798152 -0.303099 0.520658
-0.935281 -11.023748 -15.247564 70.649037 -0.422166 0.901920 -0.091193 0.438190 0.291094 0.850444 -0.793578 -0.319069 0.518102
-0.995210 -11.063637 -10.154522 48.231046 -0.427541 0.896310 -0.117627 0.287749 0.258284 0.922220 -0.856977 -0.360440 0.368340
-0.230830 -14.802466 -109.606762 86.219787 -0.152542 0.964320 -0.216374 -0.559628 0.096172 0.823145 -0.814584 -0.246653 -0.524990
-0.995732 -15.228992 -79.937422 120.465892 -0.128927 0.971259 -0.200086 -0.640662 0.072429 0.764400 -0.756922 -0.226739 -0.612910
-0.405869 -16.674451 -124.069312 51.674512 -0.134162 0.957635 -0.254827 -0.717021 0.083691 0.692009 -0.684019 -0.275557 -0.675416
2.976510 -11.871963 -25.457164 194.437213 -0.314690 0.945699 -0.081391 0.646855 0.276417 0.710755 -0.694658 -0.171019 0.698715
2.261935 -11.248792 -24.056769 62.133369 -0.339236 0.939247 -0.052293 0.702400 0.289886 0.650077 -0.625742 -0.183799 0.758067
2.360147 -11.935878 -19.718059 135.546483 -0.355406 0.931922 -0.072172 0.606407 0.288644 0.740916 -0.711307 -0.219560 0.667709
-0.579821 -23.558340 -33.963490 -253.600255 -0.590097 0.216079 -0.777879 0.750136 -0.209457 -0.627235 -0.298464 -0.953644 -0.038488
-0.177999 -24.353082 -29.178497 -249.759215 -0.594930 0.214717 -0.774568 0.760843 -0.160302 -0.628826 -0.259184 -0.963431 -0.067997
-0.391095 -21.711818 -33.991452 -196.351247 -0.590455 0.208396 -0.779701 0.682222 -0.387285 -0.620148 -0.431202 -0.898099 0.086502
-0.801978 -21.044673 -16.699389 -213.976008 -0.584664 0.227008 -0.778868 0.679106 -0.388275 -0.622943 -0.443828 -0.893146 0.072848
-0.744635 -23.689246 -24.865859 -228.429023 -0.585087 0.224818 -0.779186 0.765904 -0.162648 -0.622043 -0.266579 -0.960730 -0.077025
-0.436804 -14.063227 -52.696204 -94.692531 0.500058 -0.387834 0.774291 0.865773 0.203794 -0.457062 0.019469 0.898918 0.437685
-0.135853 -14.596206 -53.761826 100.854840 0.526490 -0.383236 0.758906 0.844588 0.337992 -0.415250 -0.097365 0.859588 0.501626
-0.769501 -14.491768 -41.454690 -28.723849 0.492747 -0.400322 0.772620 0.869356 0.264930 -0.417172 -0.037687 0.877243 0.478566
-0.665891 -8.947708 -12.998133 254.841169 0.141655 0.985966 -0.088340 -0.522303 -0.001366 -0.852759 0.840912 -0.166938 -0.514779
-0.558901 -8.458726 -26.029036 24.918500 0.127490 0.982988 -0.132219 -0.555502 -0.039671 -0.830568 0.821684 -0.179337 -0.540994
-0.724433 -7.589339 -20.333600 -25.008183 0.099317 0.981914 -0.161188 -0.549700 -0.080886 -0.831437 0.829437 -0.171181 -0.531725
-0.557806 -7.014527 5.541667 -230.901204 0.065973 0.980344 -0.185938 -0.555733 -0.118667 -0.822848 0.828739 -0.157618 -0.536981
-0.709283 -6.597754 7.586491 71.012271 0.111719 0.988084 -0.105869 -0.539167 -0.029222 -0.841691 0.834756 -0.151115 -0.529478
-0.630211 -9.055093 -4.767000 278.858429 0.132811 0.987585 -0.083892 -0.512988 -0.003930 -0.858387 0.848059 -0.157039 -0.506098
-25.705552 -38.844162 -375.176055 -533.299331 -0.450011 -0.620924 -0.641828 0.676388 0.232283 -0.698959 0.583087 -0.748664 0.315456
-18.951306 -34.441819 52.116431 802.227278 -0.355357 -0.269055 -0.895171 0.700129 0.557896 -0.445613 0.619307 -0.785087 -0.009879
-22.486136 -36.908361 -296.422231 1739.163720 -0.257083 -0.391331 -0.883611 0.514480 0.718578 -0.467927 0.818058 -0.574896 0.016598
-23.887731 -53.954148 382.609970 -2225.698000 -0.665497 -0.320825 -0.673933 0.717361 -0.025518 -0.696234 0.206172 -0.946795 0.247129
-16.468943 -31.609313 -243.781472 59.774307 0.031983 -0.512592 -0.858036 0.909295 0.371305 -0.187925 0.414922 -0.774197 0.477973
-18.693344 -34.232920 -264.386004 -799.699100 -0.079325 -0.430021 -0.899327 0.980215 0.130474 -0.148847 0.181347 -0.893341 0.411163
5.836752 -1.440416 -196.384891 -29.260304 -0.338418 0.052128 0.939551 0.243158 0.969398 0.033799 -0.909037 0.239897 -0.340737
3.977599 -1.787425 -222.134907 -33.982571 -0.399701 0.038676 0.915829 0.245189 0.967215 0.066163 -0.883245 0.250997 -0.396080
5.294986 -1.893480 -182.355111 -37.056716 -0.351318 0.027836 0.935842 0.256624 0.964140 0.067660 -0.900400 0.263929 -0.345863
3.208292 -6.769260 -230.736443 -43.849016 0.133677 0.342832 0.929837 -0.697965 0.698654 -0.157252 -0.703545 -0.627972 0.332678
1.922296 -6.947626 -159.525455 -83.506094 0.293579 0.120160 0.948353 -0.658495 0.744575 0.109508 -0.692961 -0.656635 0.297716
-0.346599 -7.311360 -67.115916 -128.832560 0.365163 0.048929 0.929657 -0.543268 0.822143 0.170122 -0.755987 -0.567175 0.326797
0.583329 -6.892413 -160.987806 -85.702784 0.169724 0.310131 0.935421 -0.603117 0.783367 -0.150289 -0.779387 -0.538661 0.320001
0.696512 -23.968097 28.323797 243.045435 0.016472 0.923465 -0.383330 -0.914225 -0.141331 -0.379760 0.404871 -0.356705 -0.841927
0.365809 -23.454948 5.275788 -221.608587 0.023727 0.925197 -0.378744 0.933757 0.114824 0.338989 0.357121 -0.361698 -0.861185
0.904461 -22.526530 10.760120 -130.301151 0.031964 0.918608 -0.393874 0.985492 0.036754 0.165695 0.166685 -0.393456 -0.904106
0.729421 -25.548451 55.155697 -383.425972 0.013138 0.922099 -0.386730 0.936769 0.123914 0.327277 0.349703 -0.366577 -0.862166
0.739217 -24.104592 39.122470 -17.766182 0.042450 0.919511 -0.390764 0.990815 0.011517 0.134736 0.128391 -0.392895 -0.910577
0.916483 -22.742836 1.059815 100.319872 0.059052 0.913648 -0.402194 0.996533 -0.077611 -0.029990 -0.058615 -0.399029 -0.915063
-4.025852 -30.505927 -142.378164 976.358178 -0.027003 0.983725 -0.177638 0.389173 0.174028 0.904577 -0.920769 0.044706 0.387538
-4.283418 -20.262668 -47.882473 420.544491 0.005581 0.998461 -0.055174 0.414214 0.047911 0.908918 -0.910162 0.027926 0.413309
-5.731707 -23.145519 -158.094144 659.953145 -0.051353 0.958758 -0.279547 0.596674 0.253919 0.761253 -0.800839 0.127706 0.585105
-4.409968 -17.039187 -106.935178 328.860382 -0.073356 0.969347 -0.234488 0.594824 0.231249 0.769876 -0.800502 0.083004 0.593554
5.297297 -828.894630 -295.212409 -84942.525565 -0.303827 -0.755031 0.581049 0.915887 -0.399427 -0.040114 0.262374 0.519987 0.812880
-6.739284 -462.642555 89.784540 -3595.514680 0.234299 0.879178 -0.414909 0.261277 -0.468033 -0.844203 0.936396 -0.089390 0.339369
-22.504349 -1840.883150 833.868185 54197.426172 0.171008 0.879380 -0.444350 -0.276473 -0.390045 -0.878310 0.945684 -0.273049 -0.176424
-36.208879 -5847.773417 4615.704129 -216879.850874 0.311457 0.814404 -0.489633 -0.234144 -0.433605 -0.870151 0.920962 -0.385659 -0.055638
-21.802792 -1061.501256 702.665547 -26139.005986 -0.272100 -0.811740 0.516758 0.962260 -0.227191 0.149800 -0.004195 0.538016 0.842924
-0.306945 -5.101061 -4.358860 56.385006 -0.174006 0.982057 0.072709 0.007882 -0.072444 0.997341 -0.984713 -0.174116 -0.004865
-0.016560 -4.589132 -1.793768 64.822224 -0.172625 0.977383 0.122159 0.095213 -0.106882 0.989702 -0.980375 -0.182479 0.074609
0.041095 -4.172178 7.979917 38.037385 -0.168542 0.966664 0.192756 0.114161 -0.175094 0.977911 -0.979061 -0.186824 0.080845
0.331952 -11.868877 -38.545815 12.735715 0.545634 -0.385642 0.744019 0.114071 0.913740 0.389957 -0.830224 -0.127903 0.542558
0.802641 -12.560995 -47.868334 -72.533376 0.536202 -0.426305 0.728527 0.252289 0.904579 0.343637 -0.805505 -0.000459 0.592589
0.726707 -11.727366 -42.999093 40.003878 0.547045 -0.411077 0.729217 0.133623 0.902831 0.408706 -0.826370 -0.126141 0.548818
0.057451 -12.650430 -27.831489 88.151755 0.548962 -0.351732 0.758238 -0.017894 0.901996 0.431373 -0.835656 -0.250375 0.488868
-0.307971 -13.497831 -18.986265 69.893583 0.560589 -0.332428 0.758440 -0.009931 0.913122 0.407566 -0.828035 -0.236009 0.508584
1.752946 1.429547 59.173133 -70.593851 -0.145806 0.873436 -0.464597 0.235025 -0.425590 -0.873863 0.960991 0.236606 0.143226
3.383221 1.491662 111.402844 -12.996159 0.120671 -0.093038 -0.988323 -0.174692 0.978071 -0.113402 0.977201 0.186337 0.101771
2.458918 -0.218154 34.227453 155.672966 -0.220688 0.866499 0.447746 0.009288 0.460911 -0.887398 0.975300 0.191679 0.109766
1.689901 -0.686286 68.497648 130.071890 -0.281434 0.935719 0.212661 0.081448 0.244112 -0.966321 0.956118 0.254634 0.144914
1.692900 0.405942 49.187182 -19.594126 -0.165017 0.889067 -0.426999 0.227280 -0.387005 -0.893628 0.959746 0.244513 0.138205
-1.011327 -9.870460 -15.693392 -74.102255 -0.121555 0.991964 -0.035106 -0.013633 -0.037033 -0.999221 0.992491 0.120982 -0.018025
-0.756839 -9.995787 -11.262384 -144.227572 -0.113581 0.992967 -0.033406 0.018881 -0.031460 -0.999327 0.993349 0.114136 0.015175
-0.997641 -9.772638 10.468192 17.623128 -0.142787 0.987893 -0.060653 -0.189333 -0.087412 -0.978014 0.971476 0.128164 -0.199522
-0.965827 -9.600275 -17.669868 82.035516 -0.136068 0.986935 -0.086283 -0.258166 -0.119407 -0.958693 0.956470 0.108172 -0.271041
-0.707680 -9.768237 11.461684 114.914117 -0.145104 0.986598 -0.074627 -0.365343 -0.123522 -0.922641 0.919494 0.106614 -0.378371
-0.566222 -10.410414 -6.838751 104.943031 -0.128920 0.988709 -0.076386 -0.351992 -0.117637 -0.928581 0.927082 0.092825 -0.363184
-1.139981 -18.850831 -32.223216 -224.702186 0.160013 0.987014 0.014097 0.701263 -0.103613 -0.705332 0.694713 -0.122748 0.708736
-0.482963 -16.560430 -15.338531 -171.182038 0.142206 0.989070 0.038959 0.823891 -0.096459 -0.558480 0.548618 -0.111517 0.828603
-0.481060 -20.220342 35.015412 -315.723597 0.145237 0.989395 -0.001747 0.701276 -0.104188 -0.705235 0.697939 -0.101201 0.708971
-2.893955 -6.277416 1.221269 17.034131 -0.190938 0.965813 -0.175353 0.515660 0.250696 0.819296 -0.835247 -0.066013 0.545898
-2.794467 -6.173996 22.029730 18.765276 -0.093370 0.988829 -0.116184 0.543359 0.148392 0.826281 -0.834292 -0.014020 0.551145
-3.298856 -6.414892 -11.249425 7.841360 -0.201202 0.957971 -0.204476 0.417252 0.272676 0.866919 -0.886238 -0.089108 0.454578
-2.390769 -5.731239 18.073868 24.542446 -0.122081 0.984607 -0.125082 0.622477 0.174113 0.763025 -0.773058 -0.015291 0.634151
-3.129302 -6.665743 -8.763951 21.472882 -0.282549 0.924143 -0.257149 0.421661 0.360439 0.832037 -0.861608 -0.126662 0.491516
-2.718532 -6.202075 -8.994546 28.929097 -0.266705 0.941762 -0.204825 0.547813 0.322986 0.771739 -0.792950 -0.093621 0.602051
2.130577 -18.816477 150.400604 311.312840 -0.305957 0.944396 0.120441 -0.910760 -0.253487 -0.325975 0.277319 0.209428 -0.937675
4.272424 -22.685087 15.867169 501.909924 -0.244203 0.969427 0.023985 -0.887212 -0.213372 -0.409056 0.391433 0.121173 -0.912194
3.217733 -31.449744 134.314109 990.739445 -0.294863 0.952538 0.075683 -0.833895 -0.217844 -0.507112 0.466556 0.212640 -0.858551
4.527228 -41.210892 114.803929 1382.353595 -0.247659 0.967916 0.042473 -0.781586 -0.173693 -0.599128 0.572528 0.181576 -0.799526
2.233067 -30.922572 198.416892 951.777456 -0.321629 0.939228 0.120026 -0.825866 -0.216262 -0.520746 0.463142 0.266613 -0.845232
3.230589 -44.522219 89.313673 1653.144949 -0.299365 0.951773 0.067146 -0.687686 -0.166446 -0.706671 0.661414 0.257728 -0.704349
2.046510 -36.217106 25.754636 385.212963 0.911457 -0.394139 0.117898 0.324514 0.864955 0.382809 0.252856 0.310655 -0.916274
1.974821 -36.949795 144.929423 -883.673413 0.867364 -0.480620 0.129169 0.346408 0.769392 0.536691 0.357326 0.420761 -0.833834
1.864589 -44.978020 51.597644 16.258009 0.913686 -0.400929 0.066580 0.285025 0.748897 0.598259 0.289721 0.527644 -0.798532
-1.653417 -10.149371 -28.385166 165.822070 -0.114998 0.990359 -0.077234 0.621189 0.011023 -0.783584 0.775177 0.138087 0.616467
-1.210730 -10.270471 -14.979684 159.826796 -0.131507 0.990655 -0.036169 0.614973 0.052911 -0.786771 0.777505 0.125708 0.616185
-1.439857 -10.505801 -18.935870 -38.576635 -0.124853 0.989909 -0.067016 0.587208 0.019279 -0.809206 0.799749 0.140384 0.583690
-8.446224 -11.274714 146.532799 110.493400 -0.191795 0.922739 0.334317 -0.069600 0.326995 -0.942460 0.978964 0.204028 -0.001507
-6.020033 -10.612877 23.684086 91.977282 -0.254081 0.966796 0.027348 -0.003376 0.027389 -0.999619 0.967177 0.254076 0.003695
-5.282608 -9.895371 -72.790556 105.661029 -0.319347 0.941718 -0.105760 -0.030533 -0.121771 -0.992089 0.947146 0.313592 -0.067640
7.044192 -7.717008 -52.083833 25.354132 -0.094120 0.994735 -0.040543 -0.991913 -0.090215 0.089275 -0.085147 -0.048618 -0.995182
6.897923 -7.866358 6.244235 -13.507375 -0.014570 0.997887 0.063322 0.999801 0.015405 -0.012711 -0.013660 0.063124 -0.997912
7.973514 -10.031650 33.822726 116.975230 0.044375 0.977382 0.206774 0.987445 -0.011502 -0.157543 -0.151602 0.211169 -0.965621
7.407218 -8.489527 23.390575 -3.380318 0.037464 0.985286 0.166756 0.996254 -0.023810 -0.083136 -0.077943 0.169246 -0.982487
-1.969455 -6.820840 -206.917536 -107.090815 0.407173 0.770190 0.490936 -0.615819 0.628459 -0.475191 0.674520 0.108843 -0.730189
-1.325935 -4.906838 203.818940 -214.401785 -0.508805 -0.644319 -0.570938 -0.452090 0.764374 -0.459725 0.732620 0.024205 -0.680208
-0.904163 -9.690787 -148.882051 -107.337593 0.293210 0.862225 0.413032 -0.694087 0.489079 -0.528247 0.657473 0.131793 -0.741862
9.453841 -9.497531 -335.346343 106.317641 0.200806 0.908573 0.366296 -0.083691 0.388456 -0.917659 0.976050 -0.153615 -0.154044
4.724869 -10.570534 -198.352992 153.279011 0.242291 0.869970 0.429474 -0.107801 0.464063 -0.879218 0.964196 -0.166729 -0.206222
6.362786 -11.476851 -206.188500 125.423916 0.262018 0.873443 0.410419 0.043459 0.414167 -0.909163 0.964084 -0.256054 -0.070560
4.867910 -9.471585 -233.621559 129.832372 0.244921 0.884425 0.397247 -0.237148 0.451928 -0.859954 0.940093 -0.116414 -0.320427
11.391978 -10.751628 -403.404275 -50.562352 0.238461 0.922476 0.303602 0.152024 0.273308 -0.949838 0.959179 -0.272654 0.075065
11.687864 -8.387934 -187.097655 -63.434293 0.028773 0.949503 0.312435 0.043669 0.311072 -0.949383 0.998632 -0.040961 0.032514
10.741461 -7.454730 -161.104349 162.432651 -0.003645 0.927912 0.372782 -0.205382 0.364143 -0.908415 0.978675 0.079874 -0.189249
9.497932 -7.550118 -363.729339 234.271568 0.179141 0.906716 0.381804 -0.274372 0.418728 -0.865671 0.944790 -0.050321 -0.323789
10.684263 -5.413712 -173.371182 -56.890098 0.010766 0.876362 0.481533 -0.303392 0.461723 -0.833526 0.952805 0.137120 -0.270853
10.769009 -4.680868 80.209990 70.408640 -0.219701 0.852149 0.474946 -0.298846 0.404649 -0.864263 0.928667 0.331815 -0.165759
9.196229 -3.897159 194.002602 -65.659192 -0.275107 0.792806 0.543851 -0.325122 0.455634 -0.828670 0.904771 0.404791 -0.132411
8.341614 -4.396716 457.777611 69.225521 -0.440484 0.753014 0.488819 -0.309064 0.384013 -0.870065 0.842884 0.534326 -0.063578
6.777050 -3.731883 378.205888 -4.795956 -0.466970 0.710141 0.526915 -0.352193 0.397209 -0.847458 0.811109 0.581314 -0.064622
5.500511 -13.988089 46.545901 162.543402 0.266251 0.554894 0.788164 0.908465 -0.417767 -0.012769 0.322183 0.719419 -0.615332
4.406041 -15.117569 49.303492 55.670587 0.256706 0.536501 0.803908 0.959537 -0.241062 -0.145525 0.115718 0.808737 -0.576675
-0.763007 -7.020060 48.021268 26.933584 -0.056336 0.979673 0.192528 -0.496360 -0.194797 0.845979 -0.866287 0.047904 -0.497245
-0.585675 -7.297218 96.447845 24.235793 -0.038326 0.974627 0.220530 -0.583671 -0.200966 0.786728 -0.811085 0.098565 -0.576564
-1.450933 -7.322107 62.138597 44.836913 -0.050611 0.982194 0.180923 -0.555803 -0.178210 0.811988 -0.829772 0.059462 -0.554926
-0.833862 -11.983697 28.413949 -194.795926 0.319784 0.945077 -0.067589 -0.440220 0.085031 -0.893854 0.839014 -0.315594 -0.443234
-0.617902 -11.544824 51.211307 -114.705636 0.301571 0.950374 -0.076446 -0.440347 0.067717 -0.895270 0.845665 -0.303651 -0.438916
1.724331 -14.160919 39.872699 -347.433392 0.370358 0.928219 0.035286 -0.343062 0.101383 0.933825 -0.863217 0.357955 -0.355985
1.819211 -14.827880 -20.852978 -255.479390 0.392932 0.919552 0.005288 -0.351943 0.145071 0.924711 -0.849553 0.365210 -0.380633
1.788815 -13.197957 -7.182960 -44.266393 0.432642 0.901383 -0.018168 -0.454113 0.235284 0.859315 -0.778846 0.363526 -0.511124
1.728271 -15.641998 68.922146 12.008749 0.516045 0.856318 0.020427 -0.292441 0.153719 0.943848 -0.805094 0.493042 -0.329748
1.810493 -14.890482 4.330884 19.125439 0.460947 0.887391 -0.008054 -0.381263 0.206222 0.901172 -0.801353 0.412321 -0.433387
1.382197 -16.066972 34.409352 64.569888 0.512434 0.858710 0.005419 -0.462543 0.270693 0.844263 -0.723510 0.435135 -0.535902
2.631875 -9.491433 18.344041 0.731746 0.427349 0.899176 -0.094100 0.301433 -0.239837 -0.922831 0.852356 -0.366006 0.373535
2.339463 -8.952168 96.782543 26.624113 0.390383 0.911146 -0.131959 0.268674 -0.249842 -0.930265 0.880576 -0.327706 0.342336
2.234994 -11.128603 63.183019 -218.408975 0.411403 0.910296 -0.045928 0.246663 -0.159705 -0.955851 0.877442 -0.381911 0.290240
2.727791 -9.462458 47.383404 145.182840 0.411501 0.895234 -0.170946 0.379505 -0.338835 -0.860911 0.828639 -0.289391 0.479177
2.791808 -11.340011 -16.488454 -176.699165 0.463540 0.885445 -0.033449 0.278514 -0.181433 -0.943140 0.841167 -0.427866 0.330710
2.851919 -9.858137 -24.937277 1.763948 0.471154 0.878221 -0.082105 0.373623 -0.283028 -0.883347 0.799012 -0.385517 0.461473
0.397901 -7.070766 -21.834429 -47.639267 -0.131406 0.991321 -0.003857 -0.188116 -0.021115 0.981920 -0.973316 -0.129756 -0.189258
0.186756 -7.398006 -7.825528 -44.582484 -0.118317 0.992022 -0.043519 -0.194312 0.019848 0.980739 -0.973778 -0.124494 -0.190413
-0.823309 -10.071005 8.020943 30.026653 0.156043 0.987746 0.002901 0.046234 -0.010238 0.998878 -0.986668 0.155734 0.047265
0.054960 -9.142011 46.581652 37.423079 0.184817 0.982771 0.001797 0.081328 -0.017116 0.996540 -0.979402 0.184032 0.083090
1.422840 -2.435911 -16.828840 -65.724952 0.026343 0.999648 0.003098 -0.670289 0.019962 -0.741832 0.741633 -0.017465 -0.670579
1.103977 -3.191014 33.245480 -63.986950 0.023009 0.998774 0.043837 -0.704881 0.047302 -0.707746 0.708952 0.014616 -0.705105
49.132429 -0.712553 2990.156202 248.738218 -0.222469 0.964438 -0.142715 -0.911017 -0.257776 -0.321868 0.347210 -0.058410 -0.935966
22.837288 1.093100 1914.943848 54.870409 -0.227045 0.969296 -0.094425 -0.898065 -0.245890 -0.364715 0.376735 -0.001993 -0.926319
16.482094 -0.394437 1239.187404 -44.186170 -0.172414 0.983550 -0.053874 -0.904176 -0.179726 -0.387510 0.390818 0.018100 -0.920290
