12745
25473
-6.279281 -8.598835 34.922881 -97.880489 -0.082956 0.989659 0.117022 0.993072 0.072287 0.092645 0.083228 0.123897 -0.988799
-8.088417 -9.963271 79.030900 104.200895 -0.012172 0.988049 0.153658 -0.973039 0.023692 -0.229420 0.230318 0.152308 -0.961122
-7.550419 -11.001261 -53.832833 244.696716 0.474208 0.861627 0.180901 -0.859809 0.497421 -0.115328 0.189354 0.100851 -0.976716
-6.421510 -9.527926 18.738883 -79.494295 -0.384066 0.913928 0.131259 0.900421 0.339287 0.272262 0.204293 0.222755 -0.953228
-4.461496 -10.960480 -123.233684 280.668438 0.413301 0.909391 0.046805 -0.908033 0.415446 -0.053660 0.068243 0.020323 -0.997462
-5.005870 -7.816949 -51.955577 -132.478255 0.198575 0.978403 0.057412 0.979705 -0.196524 -0.039461 -0.027326 0.064083 -0.997570
-4.893409 -7.337429 -11.916606 -64.096954 -0.493982 0.862382 0.110814 0.869016 0.493825 0.030794 -0.028167 0.111511 -0.993364
-5.515328 -8.391522 -11.270259 -89.825618 -0.544795 0.830393 0.116816 0.836769 0.529202 0.140581 0.054918 0.174335 -0.983154
-6.134147 -10.546634 -19.708036 -13.193014 0.573167 -0.659020 -0.487003 0.500737 -0.188763 0.844767 0.648647 0.728053 -0.221803
-6.416238 -10.566075 40.446623 -28.784831 -0.553766 0.701273 0.448954 0.581264 -0.060498 0.811463 0.596218 0.710321 -0.374123
-5.817749 -10.387789 -24.924335 -39.166487 0.619407 -0.635916 -0.460375 0.592061 -0.006720 0.805865 0.515556 0.771729 -0.372339
-3.945913 -5.373711 1.159681 -44.621336 -0.288424 0.957359 -0.016578 -0.913663 -0.280356 -0.294315 0.286413 0.069740 -0.955565
-3.508329 -5.403695 -75.648616 -66.936753 -0.396907 0.905860 -0.147924 -0.849836 -0.423574 -0.313630 0.346762 -0.001230 -0.937952
-3.674213 -6.498628 -77.521863 -35.992492 -0.445047 0.882168 -0.153990 -0.862774 -0.468460 -0.190172 0.239902 -0.048223 -0.969599
-4.197853 -6.479553 -12.164043 -35.469584 -0.480517 0.874705 -0.063209 -0.860537 -0.484172 -0.158281 0.169053 0.021663 -0.985369
2.233844 -2.906697 -102.591287 24.777215 -0.432988 -0.653553 0.620798 0.871717 -0.128316 0.472910 -0.229414 0.745925 0.625273
4.987844 -5.354565 -155.888070 22.746984 -0.352556 -0.709220 0.610501 0.890075 -0.052727 0.452753 -0.288912 0.703013 0.649848
4.218713 -5.362664 -99.761587 132.309941 -0.614473 -0.591104 0.522512 0.746307 -0.220749 0.627929 -0.255828 0.775800 0.576789
1.922834 -0.756625 17.063434 -43.313228 0.291387 0.947202 0.133799 0.956596 -0.287918 -0.045018 -0.004118 0.141109 -0.989985
1.419805 -2.017013 -17.556761 -145.037015 0.461512 0.881687 0.098156 0.887008 -0.456746 -0.067823 -0.014966 0.118366 -0.992857
1.774204 -3.026020 9.107915 -130.318903 0.501978 0.854258 0.135139 0.864586 -0.499720 -0.052640 0.022564 0.143264 -0.989427
1.501118 -1.852475 28.238173 -70.901195 0.397152 0.902886 0.164521 0.917745 -0.391450 -0.067160 0.003764 0.177661 -0.984085
1.275305 -3.990979 27.563939 -104.010908 0.520599 0.837896 0.164033 0.851896 -0.522589 -0.034267 0.057010 0.157579 -0.985859
1.693154 -5.846302 26.026617 -148.177676 0.525332 0.839134 0.140998 0.845871 -0.532993 0.020496 0.092350 0.108499 -0.989798
0.362250 -8.684428 -22.827087 -32.579203 -0.304748 0.951642 0.038823 0.178299 0.016961 0.983830 -0.935595 -0.306742 0.174846
0.545882 -8.304689 -30.523767 -82.917504 -0.312294 0.949806 -0.018449 0.001051 0.019765 0.999804 -0.949985 -0.312213 0.007171
0.941203 -9.480752 -24.299290 -23.356253 -0.285764 0.957466 0.039965 0.182799 0.013525 0.983057 -0.940704 -0.288228 0.178888
0.442732 -9.445332 -23.591857 11.823688 -0.292895 0.952647 0.081710 0.348213 0.026688 0.937036 -0.890483 -0.302905 0.339541
0.113292 -8.895000 -10.516981 -6.470892 -0.291047 0.953941 0.072720 0.325497 0.027259 0.945150 -0.899635 -0.298753 0.318439
2.085313 -16.434676 35.545702 55.898812 0.042306 0.956544 -0.288503 0.318080 0.260842 0.911475 -0.947119 0.130328 0.293223
1.494404 -16.689792 42.882699 -11.268464 0.069099 0.948625 -0.308765 0.162796 0.294633 0.941641 -0.984237 0.115332 0.134073
1.634127 -16.870520 57.680085 37.938286 0.077458 0.940881 -0.329762 0.477926 0.255236 0.840501 -0.874978 0.222705 0.429901
1.130576 -5.506817 -11.769790 24.317839 0.030471 0.997468 0.064265 -0.397746 0.071085 -0.914738 0.916990 -0.002312 -0.398905
1.162685 -5.601405 -2.857957 12.261574 -0.000253 0.997669 0.068238 -0.386798 0.062830 -0.920022 0.922164 0.026627 -0.385880
1.115219 -5.262911 -1.117163 -26.215964 0.009454 0.998060 0.061539 -0.444364 0.059325 -0.893880 0.895796 0.018895 -0.444063
0.960201 -5.318059 9.461086 -24.727779 0.011888 0.998398 0.055320 -0.478716 0.054254 -0.876292 0.877889 0.016065 -0.478594
1.035499 -5.301986 -9.574465 19.193526 0.049130 0.997396 0.052801 -0.436092 0.068981 -0.897255 0.898560 -0.021056 -0.438345
1.117194 -5.514082 -4.769951 47.719134 0.044235 0.997118 0.061630 -0.367389 0.073604 -0.927151 0.929015 -0.018371 -0.369586
-0.398916 -2.612382 187.617589 32.539053 0.993135 0.042847 -0.108840 0.080883 -0.923738 0.374389 0.084498 0.380622 0.920862
2.763321 -2.320731 226.758633 33.736238 0.994714 -0.091659 -0.046299 -0.067957 -0.925591 0.372375 0.076985 0.367260 0.926927
1.524675 -2.732368 197.594545 39.030588 0.996617 -0.018516 -0.080068 0.015429 -0.914808 0.403593 0.080720 0.403463 0.911428
7.518655 -4.803240 464.285772 -101.357139 0.890908 -0.372515 0.259836 0.128498 0.755456 0.642475 0.435627 0.538998 -0.720909
2.099334 -5.672892 339.981205 -68.337037 0.836313 -0.523538 0.162753 0.315353 0.702194 0.638338 0.448478 0.482526 -0.752353
1.157166 -7.925964 355.577211 -165.227944 0.872217 -0.387758 0.298130 0.103082 0.741561 0.662919 0.478134 0.547477 -0.686773
12.548843 -6.991768 671.904146 -162.405421 0.879413 -0.291453 0.376415 -0.047533 0.732980 0.678587 0.473681 0.614651 -0.630739
13.417937 -3.454427 443.356859 -77.409945 0.970256 -0.093904 0.223128 -0.082397 0.738568 0.669125 0.227628 0.667607 -0.708862
8.157797 -2.601043 218.068240 -33.938775 0.964899 -0.234099 0.119028 0.105816 0.761367 0.639628 0.240360 0.604581 -0.759413
-0.770489 -20.599522 54.652001 -468.246356 0.932703 -0.341188 0.116861 0.353409 0.800084 -0.484735 -0.071887 -0.493413 -0.866819
-0.550789 -15.503208 45.535007 -288.184378 0.930512 -0.347022 0.117148 0.335379 0.678743 -0.653321 -0.147203 -0.647212 -0.747962
-1.162161 -19.455773 27.971419 -439.212380 0.938628 -0.336627 0.075225 0.317995 0.760015 -0.566795 -0.133626 -0.555931 -0.820417
0.210045 -18.145425 -11.012658 -467.155479 -0.115424 0.956720 -0.267140 -0.694211 -0.270050 -0.667191 0.710456 -0.108442 -0.695336
-0.062322 -12.355127 -13.877549 -232.932806 -0.081713 0.965831 -0.245954 -0.585474 -0.246228 -0.772394 0.806563 -0.080885 -0.585589
0.149930 -14.083835 -19.510737 -158.117198 -0.055451 0.976157 -0.209863 -0.566422 -0.203846 -0.798507 0.822248 -0.074593 -0.564220
0.480740 -18.758007 -17.252982 -473.361486 -0.100367 0.962236 -0.253037 -0.661063 -0.254563 -0.705828 0.743587 -0.096432 -0.661649
0.516814 -21.972661 -25.579965 -390.684052 -0.131465 0.947327 -0.292043 -0.858297 -0.256181 -0.444632 0.496028 -0.192206 -0.846766
-0.754597 -16.858144 -55.688243 -85.243387 -0.012177 0.999689 0.021781 0.808072 0.022668 -0.588648 0.588958 -0.010433 0.808096
-1.511071 -16.475801 -48.478351 -63.962957 -0.043715 0.998924 0.015485 0.871292 0.045704 -0.488633 0.488815 0.007869 0.872352
-0.780311 -15.688225 -56.159103 -19.131065 -0.043748 0.998216 0.040638 0.918590 0.056184 -0.391197 0.392782 -0.020215 0.919409
0.083523 -17.787011 -29.417522 -94.868598 -0.030117 0.999196 0.026454 0.879169 0.039072 -0.474906 0.475558 -0.008954 0.879639
0.596317 -24.485068 40.026009 99.276537 0.921804 -0.356539 0.152176 -0.212901 -0.793669 -0.569879 -0.323961 -0.492918 0.807515
0.067659 -24.207346 44.943782 -28.622951 0.915382 -0.365222 0.169379 -0.128692 -0.664107 -0.736478 -0.381464 -0.652361 0.654913
0.720243 -22.731451 16.958773 -53.871516 0.909913 -0.379107 0.168331 -0.143715 -0.668809 -0.729411 -0.389106 -0.639509 0.663042
0.757123 -23.131487 5.125664 27.075642 0.908025 -0.379010 0.178445 -0.246898 -0.828306 -0.502942 -0.338427 -0.412626 0.845699
-0.415460 -6.611392 87.051455 -5.503625 -0.377175 0.918908 -0.115532 -0.140566 0.066502 0.987835 -0.915413 -0.388827 -0.104084
-0.583879 -6.731429 90.107941 -6.380194 -0.371286 0.912161 -0.173519 -0.033687 0.173522 0.984254 -0.927907 -0.371285 0.033698
0.561128 -6.938918 56.852708 -10.927176 -0.387670 0.907254 -0.163103 -0.106375 0.131728 0.985562 -0.915640 -0.399423 -0.045442
0.666299 -6.879290 55.608893 -7.339459 -0.392535 0.911660 -0.121625 -0.209952 0.039929 0.976896 -0.895453 -0.409001 -0.175731
0.946015 -7.147025 -14.297705 -12.759418 -0.424278 0.889564 -0.169304 -0.161281 0.109742 0.980788 -0.891054 -0.443432 -0.096909
0.977650 -7.282229 -6.973132 5.295743 -0.419908 0.886077 -0.196328 -0.028519 0.203334 0.978694 -0.907119 -0.416560 0.060112
0.029006 -27.928912 -53.759566 -572.342701 -0.549890 0.389241 -0.738994 -0.015910 0.879730 0.475208 0.835085 0.273070 -0.477562
1.556396 -21.470714 -99.938432 -542.581764 -0.541962 0.404242 -0.736794 0.276695 0.913664 0.297754 0.793547 -0.042496 -0.607023
-0.422161 -22.490199 -28.752114 -508.415937 -0.548939 0.360806 -0.753980 0.176997 0.931758 0.317016 0.816908 0.040570 -0.575340
-0.525619 -6.424245 0.537279 -17.006566 -0.312826 0.947262 -0.069534 -0.125056 0.031494 0.991650 -0.941542 -0.318909 -0.108608
-0.672492 -6.157136 -5.706155 -19.949691 -0.316933 0.943490 -0.096849 -0.225045 0.024389 0.974043 -0.921362 -0.330502 -0.204598
-0.280136 -6.487190 -11.031313 -22.920990 -0.316959 0.942688 -0.104287 -0.111545 0.072142 0.991137 -0.941857 -0.325783 -0.082287
-0.359406 -6.647023 1.657693 -6.141881 -0.310038 0.947472 -0.078574 0.000442 0.082790 0.996567 -0.950724 -0.308939 0.026087
0.996741 -4.942161 -25.267852 0.713783 -0.328109 0.929278 -0.169665 0.438337 0.308876 0.844071 -0.836782 -0.202577 0.508683
1.192799 -5.107669 -17.845581 19.475940 -0.307487 0.935063 -0.176376 0.368394 0.287882 0.883974 -0.877347 -0.206835 0.432991
1.036652 -5.091203 -5.272060 -9.268303 -0.281837 0.946672 -0.156138 0.457490 0.275638 0.845415 -0.843369 -0.166838 0.510778
0.852783 -5.251174 -17.343767 -35.719728 -0.300163 0.942636 -0.146081 0.517820 0.289636 0.804968 -0.801102 -0.165978 0.575054
1.126121 -7.775375 19.131399 37.924482 0.439929 0.885439 0.149864 -0.824393 0.464373 -0.323625 0.356143 -0.018825 -0.934242
1.122229 -7.086375 19.300870 69.015792 0.484096 0.860565 0.158362 -0.841491 0.507477 -0.185366 0.239885 0.043525 -0.969825
1.273234 -8.008319 24.460485 51.924121 0.470027 0.872754 0.131811 -0.831373 0.487916 -0.266003 0.296468 -0.015444 -0.954918
2.123364 -39.485583 -15.612756 980.858315 -0.131271 0.990122 -0.049259 0.680319 0.053833 -0.730936 0.721064 0.129463 0.680666
1.510033 -31.519639 -40.349285 451.311952 -0.037360 0.998102 -0.048946 0.489718 -0.024409 -0.871539 0.871080 0.056530 0.487877
1.111426 -36.352551 -25.533036 321.015258 -0.105638 0.993522 -0.041888 0.806363 0.060935 -0.588274 0.581911 0.095921 0.807576
-2.540299 -88.127327 51.712697 3424.198537 -0.055303 0.572725 0.817880 -0.289290 0.774808 -0.562125 -0.955643 -0.267692 0.122834
-0.383717 -144.350966 -8.477743 6309.033063 -0.010484 0.520550 0.853767 -0.347587 0.798674 -0.491227 -0.937589 -0.301908 0.172563
3.204621 -295.881240 -215.521320 13318.518082 -0.131556 0.531143 0.837007 0.056083 0.846981 -0.528657 -0.989721 -0.022606 -0.141214
-0.895105 -36.190161 -39.898725 1482.334383 -0.155911 0.615906 0.772238 -0.045595 0.776478 -0.628492 -0.986718 -0.133199 -0.092979
3.731035 -1.619658 -12.700812 44.464377 -0.143718 0.988670 0.043325 0.989533 0.144143 -0.006825 -0.012992 0.041890 -0.999038
3.224101 -1.974136 72.905018 61.123640 -0.092956 0.983257 0.156730 0.995494 0.094740 -0.003932 -0.018714 0.155658 -0.987634
3.728898 -2.488236 33.036291 68.871139 -0.161166 0.980299 0.114194 0.985753 0.165535 -0.029808 -0.048124 0.107763 -0.993011
3.703993 -2.201104 -60.740723 -17.169511 -0.177899 0.983819 -0.021266 -0.982999 -0.176670 0.050013 -0.045447 -0.029802 -0.998522
-1.966586 -4.323094 -25.273813 -15.244230 -0.175168 0.907029 0.382903 0.621922 0.403437 -0.671157 0.763236 -0.120571 0.634770
-2.926867 -4.738259 -22.321828 -45.932891 -0.370156 0.708159 0.601244 0.464210 0.701619 -0.540592 0.804669 -0.079000 0.588444
-2.704649 -3.909564 -95.727945 -51.373602 -0.236462 0.854169 0.463121 0.613960 0.500778 -0.610144 0.753087 -0.140062 0.642840
-1.719816 -3.576411 -44.054500 -42.818276 -0.096382 0.942508 0.319984 0.684665 0.296121 -0.665993 0.722457 -0.154892 0.673843
-2.502320 -4.637545 -62.817187 108.767123 0.123194 0.987195 0.101340 0.702263 -0.014571 -0.711768 0.701177 -0.158853 0.695066
-0.780379 -1.979358 -146.585376 50.049562 0.856724 -0.199946 0.475442 -0.359620 -0.892347 0.272745 -0.369725 0.404646 0.836400
0.988459 -1.591329 -190.542864 34.326391 0.901438 -0.036200 0.431393 -0.198113 -0.920524 0.336730 -0.384918 0.389006 0.836967
-1.510990 -1.875709 -33.833214 -76.989275 0.502066 -0.688386 0.523502 0.789455 0.611962 0.047580 -0.353117 0.389393 0.850695
-1.797481 -3.717976 1.941006 -44.569178 0.041316 -0.903031 0.427584 0.963386 0.149473 0.222589 -0.264917 0.402732 0.876143
-1.785884 -3.182378 21.644202 -76.166033 0.200005 -0.853700 0.480827 0.932129 0.316989 0.175079 -0.301882 0.413176 0.859158
-1.859721 -3.196505 -16.138429 -65.523632 -0.101857 -0.925606 0.364525 0.945947 0.023300 0.323484 -0.307912 0.377770 0.873201
-0.342200 -11.395367 -3.282119 57.876041 0.959084 0.176064 -0.221719 0.039342 0.692649 0.720201 -0.280375 0.699456 -0.657382
-0.388404 -10.606908 0.959903 -22.095955 0.959374 0.167148 -0.227294 0.087834 0.588642 0.803608 -0.268116 0.790925 -0.550047
-0.259422 -11.396566 15.686371 29.128516 0.963551 0.152594 -0.219735 0.070353 0.647922 0.758450 -0.258107 0.746265 -0.613571
0.721034 -10.599784 12.795904 72.774696 0.946513 0.146229 -0.287628 0.320247 -0.534664 0.782033 0.039428 0.832317 0.552896
0.875654 -10.100076 21.157915 23.979565 0.951526 0.143273 -0.272160 0.302584 -0.594717 0.744818 0.055146 0.791065 0.609241
0.803543 -10.333882 6.719557 42.144686 0.943745 0.154078 -0.292583 0.330598 -0.458440 0.824947 0.007025 0.875267 0.483589
0.767210 -11.304361 9.740659 18.522753 0.934490 0.154781 -0.320581 0.354025 -0.309561 0.882518 -0.037358 0.938198 0.344078
-1.284379 -12.188688 0.534694 -52.565883 0.951883 -0.305871 -0.019003 -0.214651 -0.709692 0.671016 0.218730 0.634650 0.741199
-1.111794 -11.738779 -4.140999 -42.260119 0.952094 -0.302116 -0.047364 -0.189802 -0.705239 0.683091 0.239776 0.641377 0.728796
-1.139820 -11.875597 -9.045506 35.152513 0.947783 -0.318205 -0.021279 -0.179424 -0.587203 0.789303 0.263655 0.744271 0.613635
-1.186021 -11.812344 14.380915 35.031994 0.945796 -0.324761 -0.000707 -0.199208 -0.581864 0.788511 0.256489 0.745630 0.615020
2.138287 -10.919792 44.489995 -24.893813 0.822881 0.443094 -0.355717 -0.111066 0.739378 0.664067 0.557254 -0.506940 0.657632
3.219879 -10.884967 40.920342 -57.244604 0.852328 0.412725 -0.321241 -0.140709 0.772526 0.619196 0.503725 -0.482557 0.716519
2.367386 -11.313883 26.107590 -36.986797 0.843567 0.420628 -0.333867 -0.200350 0.823313 0.531051 0.498252 -0.381087 0.778792
1.283484 -11.121995 62.160755 -17.264220 0.799296 0.465563 -0.379971 -0.211115 0.809537 0.547796 0.562634 -0.357633 0.745347
0.912164 -10.835639 65.883331 -39.001986 0.784350 0.484392 -0.387504 -0.123597 0.734196 0.667593 0.607880 -0.475732 0.635736
4.782814 -25.642146 115.195190 381.421700 0.644928 0.710302 -0.282025 -0.111256 -0.277834 -0.954165 0.756101 -0.646745 0.100158
4.023328 -26.549595 111.527789 -555.672538 0.604010 0.726955 -0.326663 0.189111 -0.528902 -0.827345 0.774215 -0.437949 0.456937
2.821228 -24.314873 107.960728 437.984507 0.582671 0.742263 -0.330968 -0.156023 -0.297501 -0.941886 0.797591 -0.600449 0.057536
-0.296344 -9.640999 -12.187118 -139.983014 0.958977 -0.254203 0.125479 0.210465 0.934954 0.285597 0.189916 0.247472 -0.950100
-0.221689 -8.745758 -7.127263 -163.954703 0.959113 -0.255671 0.121386 0.212052 0.933210 0.290091 0.187447 0.252490 -0.949269
-0.198806 -12.745562 -11.661609 -449.153822 0.938769 -0.332815 0.089149 0.277647 0.883938 0.376252 0.204024 0.328462 -0.922219
-0.139439 -14.660765 11.114229 -434.706829 0.928317 -0.356742 0.104702 0.290986 0.872444 0.392643 0.231419 0.334031 -0.913712
-2.781720 -12.519724 8.215449 70.425866 0.967514 -0.252433 0.013962 -0.168439 -0.684796 -0.709001 -0.188536 -0.683617 0.705069
-2.518316 -12.687750 70.185543 60.268348 0.979548 -0.187358 -0.073368 -0.185782 -0.702137 -0.687378 -0.077271 -0.686950 0.722584
-2.627169 -12.257130 54.301470 66.124882 0.978410 -0.204064 -0.032724 -0.180457 -0.766356 -0.616549 -0.100737 -0.609144 0.786636
-2.826746 -12.826788 0.777330 48.974357 0.964127 -0.263045 0.035589 -0.202260 -0.814835 -0.543263 -0.171902 -0.516576 0.838808
0.927396 -37.442289 -36.888017 149.598899 0.970730 -0.238385 0.029268 0.086482 0.233246 -0.968565 -0.224065 -0.942745 -0.247034
0.877340 -42.856818 -55.237418 -344.190551 0.965507 -0.260219 0.009059 -0.002938 -0.045679 -0.998952 -0.260360 -0.964469 0.044868
1.389784 -38.492201 -40.616806 5.055892 0.970050 -0.241588 0.025269 0.101409 0.308251 -0.945885 -0.220725 -0.920118 -0.323518
1.555160 -34.178649 -43.991232 594.651693 0.973463 -0.225973 0.036149 0.165638 0.586751 -0.792646 -0.157906 -0.777599 -0.608610
-0.537860 -22.283610 80.375275 41.199523 0.960487 0.278312 0.002860 -0.263394 0.905586 0.332472 -0.089940 0.320088 -0.943109
-0.666027 -23.181996 62.661928 -141.913351 0.965180 0.259844 -0.030147 -0.260969 0.964401 -0.042719 -0.017974 -0.049099 -0.998632
-1.510090 -22.205649 46.096519 -89.888876 0.957736 0.283173 -0.050536 -0.275548 0.953600 0.121325 -0.082547 0.102272 -0.991326
7.309039 -3.314105 -495.906815 62.972858 -0.491917 0.789442 -0.367150 -0.207632 -0.515905 -0.831102 0.845522 0.332601 -0.417696
2.446066 -4.662559 136.883747 -42.526137 -0.663161 0.550960 -0.506617 -0.031334 0.655834 0.754254 0.747821 0.516066 -0.417660
8.037336 -5.131912 -595.556369 86.895793 -0.432498 0.865511 -0.252660 -0.247424 -0.383396 -0.889825 0.867022 0.322333 -0.379966
1.484907 -6.021925 211.476815 67.688841 -0.691144 0.577228 -0.434889 0.054189 -0.558658 -0.827626 0.720683 0.595575 -0.354833
1.008461 -37.135901 -29.454686 338.990958 0.893022 0.265491 -0.363354 0.391777 -0.061407 0.918009 -0.221411 0.962156 0.158851
0.768983 -41.167408 -6.239962 698.704503 0.901772 0.265017 -0.341429 0.286720 0.224310 0.931384 -0.323418 0.937791 -0.126291
0.833100 -41.812848 2.995029 375.911756 0.914373 0.265518 -0.305652 0.251134 0.220205 0.942572 -0.317576 0.938621 -0.134668
9.008958 -69.062246 233.755275 2448.126429 0.764641 0.136622 -0.629808 0.338605 0.746339 0.572997 -0.548334 0.651393 -0.524420
8.184028 -97.324597 145.684979 3957.069085 0.836507 0.138545 -0.530152 0.240566 0.776428 0.582484 -0.492325 0.614789 -0.616158
3.787995 -61.906026 106.561338 2199.428408 0.807011 0.147335 -0.571861 0.454968 0.462239 0.761143 -0.376479 0.874430 -0.306000
-0.601453 -2.767948 -81.448992 6.414914 0.786995 -0.616084 0.032836 0.585091 0.762171 0.277064 0.195722 0.198836 -0.960290
0.383930 -2.374163 44.684905 -2.036951 -0.792566 0.607832 -0.048770 0.570150 0.767041 0.294240 0.216257 0.205398 -0.954487
-0.496583 -2.463522 53.866664 -39.464922 -0.700349 0.713800 0.001020 -0.668355 -0.655258 -0.352049 0.250625 0.247239 -0.935981
-1.930920 -3.026868 77.396831 -24.438270 -0.557573 0.828387 0.053737 -0.791779 -0.511252 -0.334225 0.249395 0.228903 -0.940960
-3.382994 -6.185452 -3.075634 -0.345101 0.734666 -0.678353 -0.010193 0.678320 0.734734 -0.006929 0.012190 -0.001824 0.999924
-3.635464 -5.904284 13.968916 -13.275716 -0.702033 0.711175 -0.037141 0.704995 0.701412 0.104897 -0.100651 -0.047457 0.993789
-3.919648 -6.264156 7.837980 -1.255510 0.850188 -0.525791 -0.026911 -0.525002 -0.842868 -0.118096 -0.039411 -0.114533 0.992637
-3.542701 -6.502624 15.803606 -7.597940 0.851490 -0.518073 -0.081019 -0.521465 -0.852846 -0.026979 0.055120 -0.065221 0.996347
-3.906133 -6.834314 8.817041 -13.550813 0.934297 -0.347538 -0.079416 -0.355874 -0.922385 -0.150199 0.021052 -0.168593 0.985461
-1.981816 -13.310968 -27.312591 16.509398 0.921483 -0.326603 0.210235 0.302159 0.942867 0.140362 -0.244066 -0.065817 0.967522
-2.292725 -13.105800 -4.506456 6.784326 0.933372 -0.322215 0.158094 0.313987 0.946443 0.075215 -0.173862 -0.020564 0.984555
-1.994125 -13.090081 -26.522636 2.155174 0.927225 -0.309550 0.210791 0.320767 0.946939 -0.020391 -0.193294 0.086522 0.977318
-1.428254 -13.355481 -33.184469 23.092662 0.921727 -0.306524 0.237620 0.327625 0.943259 -0.054072 -0.207562 0.127690 0.969852
-124.541696 -240.584623 -5028.516217 12574.231731 0.353449 0.914657 0.196156 -0.499433 0.007204 0.866322 -0.790974 0.404168 -0.459356
-85.976406 -220.565542 -3027.775857 14310.206801 0.251165 0.911677 -0.325209 0.541144 0.146313 0.828104 -0.802545 0.383975 0.456600
-307.771164 -4273.740712 16642.434774 -333010.708465 -0.434390 -0.561639 0.704178 0.742706 0.218969 0.632803 -0.509601 0.797881 0.322015
-10.275222 -452.663887 53.351699 87206.620122 -0.185943 -0.877402 0.442257 0.979529 -0.130201 0.153525 -0.077121 0.461751 0.883651
-255.026230 -383.257965 13546.365812 8409.505506 -0.182264 -0.598505 0.780110 0.896514 -0.426977 -0.118119 0.403784 0.677851 0.614391
-7.391214 -357.829955 -392.308815 19853.280770 0.972271 -0.233410 0.014479 0.045323 0.127329 -0.990824 -0.229425 -0.964006 -0.134377
-26.994798 -57.209296 -912.051825 1896.536018 0.982290 -0.060403 -0.177366 -0.155065 0.269290 -0.950493 -0.105175 -0.961163 -0.255155
-21.632283 -54.038343 -734.785893 805.474398 0.989295 -0.084349 -0.119087 -0.129862 -0.136566 -0.982082 -0.066574 -0.987033 0.146058
-12.710081 -82.017604 -469.432018 -2971.644810 0.960942 -0.242887 -0.132649 -0.233652 -0.455165 -0.859204 -0.148312 -0.856639 0.494139
0.870667 -12.484676 36.637158 52.924532 0.962440 0.178617 -0.204463 0.022151 0.698930 0.714847 -0.270589 0.692527 -0.668721
0.693802 -11.443914 32.575337 39.030224 0.962637 0.158653 -0.219452 0.070566 0.635430 0.768927 -0.261439 0.755684 -0.600493
1.072888 -11.993127 21.699798 49.698279 0.954167 0.173442 -0.243892 0.125354 0.508391 0.851954 -0.271757 0.843479 -0.463348
0.933612 -13.107300 -5.124700 43.798934 0.945656 0.243696 -0.215283 -0.007518 0.678275 0.734770 -0.325082 0.693221 -0.643247
1.051559 -11.826791 29.697922 7.456879 0.947786 0.150614 -0.281101 0.222720 0.318264 0.921468 -0.228250 0.935961 -0.268101
1.160659 -12.500638 -11.109475 32.152256 0.936713 0.202950 -0.285270 0.204673 0.343627 0.916531 -0.284037 0.916914 -0.280342
-9.136109 -11.474224 -11.631477 133.553447 0.473119 0.831830 0.290202 -0.787810 0.546909 -0.283277 0.394352 0.094600 -0.914077
-8.489395 -10.670661 89.475657 73.086522 -0.121792 0.975103 0.185312 -0.922700 -0.042427 -0.383177 0.365775 0.217655 -0.904895
-0.784759 -4.790068 68.426960 167.627657 -0.122980 0.991088 0.051185 -0.921109 -0.133189 0.365812 -0.369370 0.002160 -0.929280
-1.720911 -7.529098 39.379142 154.740365 -0.018798 0.999303 -0.032265 -0.959932 -0.009014 0.280087 -0.279600 -0.036237 -0.959432
-1.534854 -4.735154 65.250984 140.082991 -0.262842 0.961641 0.078493 -0.879457 -0.272248 0.390431 -0.396824 -0.033591 -0.917280
-2.570043 -6.678779 30.676605 111.747793 -0.145751 0.988800 -0.032108 -0.928757 -0.125575 0.348772 -0.340834 -0.080655 -0.936657
0.359413 -2.626231 159.895212 48.059510 -0.566459 0.775317 0.279298 -0.695231 -0.631572 0.343178 -0.442469 -0.000219 -0.896784
-1.951631 -5.538296 90.652312 -15.551222 -0.432334 0.890530 0.141575 -0.788336 -0.449506 0.420084 -0.437736 -0.070008 -0.896374
0.348476 -4.563008 192.984638 -71.760380 -0.584355 0.763833 0.274023 -0.668680 -0.644550 0.370705 -0.459778 -0.033390 -0.887406
-6.698245 -10.673396 31.552746 3.057191 -0.499070 0.734775 0.459385 -0.466042 0.219346 -0.857142 0.730571 0.641867 -0.232967
-6.833135 -10.753149 17.377456 26.785982 -0.453307 0.793059 0.406902 -0.571625 0.091619 -0.815384 0.683928 0.602215 -0.411801
-3.222482 -4.056253 31.384933 -93.396725 -0.027155 0.995568 0.090040 -0.917546 0.010922 -0.397479 0.396701 0.093409 -0.913183
-2.344048 -4.170191 -93.255609 -113.048100 -0.479021 0.848317 -0.225603 -0.766819 -0.529488 -0.362809 0.427232 0.000796 -0.904142
3.691921 -5.302229 -188.627572 -130.854562 -0.078402 -0.687978 0.721484 0.975571 0.096029 0.197583 -0.205216 0.719350 0.663643
6.578239 -7.933369 -145.721029 -114.640283 -0.128342 -0.782076 0.609824 0.959826 0.056760 0.274795 -0.249524 0.620592 0.743372
7.620564 -8.226943 -70.718267 22.686526 -0.304818 -0.812167 0.497465 0.869793 -0.024596 0.492803 -0.388002 0.582906 0.713915
1.886425 -0.150314 34.294169 -4.966321 0.044131 0.993676 0.103251 0.998981 -0.042910 -0.014019 -0.009499 0.103764 -0.994557
1.102425 -0.504750 24.898775 -63.254938 0.015475 0.997054 0.075119 0.999149 -0.012548 -0.039286 -0.038228 0.075663 -0.996400
0.330596 -3.150304 -64.878186 -217.725190 0.484970 0.873496 0.042534 0.873302 -0.481137 -0.076494 -0.046352 0.074242 -0.996162
1.344419 -4.844785 -43.664538 -218.576698 0.536040 0.841951 0.061480 0.844184 -0.534289 -0.043464 -0.003746 0.075199 -0.997162
1.038438 -9.045665 -22.627047 -84.541907 -0.286042 0.957659 -0.032706 -0.046344 0.020265 0.998720 -0.957096 -0.287191 -0.038585
0.589638 -12.384725 35.280863 -152.102387 0.078374 0.962147 -0.261020 -0.424827 0.269095 0.864355 -0.901876 -0.043145 -0.429836
0.635169 -14.132710 29.842862 -174.336933 0.072430 0.955808 -0.284930 -0.214599 0.293924 0.931427 -0.974013 0.006318 -0.226405
1.176532 -14.021207 2.003516 -178.848791 0.042300 0.957426 -0.285564 -0.361436 0.281126 0.889006 -0.931437 -0.065608 -0.357940
-0.129619 -13.828396 36.391071 -142.352527 0.078637 0.960301 -0.267653 -0.277055 0.278960 0.919468 -0.957631 -0.001851 -0.287993
1.101443 -11.530826 19.553920 -73.623269 0.074757 0.958178 -0.276237 -0.532794 0.272537 0.801158 -0.842936 -0.087286 -0.530886
0.684771 -11.240940 41.935478 -14.485924 0.086125 0.966725 -0.240886 -0.536684 0.248723 0.806292 -0.839376 -0.059838 -0.540247
0.163744 -12.293438 39.220799 -65.482784 0.079005 0.967829 -0.238884 -0.465956 0.247697 0.849430 -0.881274 -0.044200 -0.470535
4.455197 -2.222174 127.014394 24.625064 0.995859 -0.070500 0.057396 -0.087588 -0.913165 0.398069 -0.024348 0.401448 0.915558
4.881352 -1.887513 159.096611 22.516389 0.992436 -0.115948 0.040323 -0.122649 -0.922545 0.365879 0.005223 0.368058 0.929788
5.460334 -1.671349 -29.976426 23.629108 0.972471 -0.049256 0.227760 -0.131324 -0.923252 0.361053 -0.192496 0.381024 0.904304
-2.266779 -6.862538 172.336182 -84.126911 0.847477 -0.526416 0.068332 0.385362 0.698645 0.602820 0.365074 0.484543 -0.794946
1.272330 -5.272838 242.729204 -6.189255 0.759745 -0.650203 0.004791 0.526211 0.619158 0.582877 0.381955 0.440317 -0.812546
1.079159 -5.437276 -176.928247 34.313309 -0.654407 0.746317 0.121501 0.695123 0.530541 0.485109 0.297584 0.401916 -0.865972
-1.532227 -6.264962 -156.642926 -13.807473 -0.673365 0.727389 0.132231 0.682314 0.542568 0.489966 0.284651 0.420149 -0.861654
3.544583 -4.117034 183.101825 30.696298 0.790139 -0.610771 -0.051378 0.525661 0.632148 0.569271 0.315215 0.476810 -0.820543
0.504394 -18.778971 -7.412726 -493.979708 0.925810 -0.366165 0.093808 0.342300 0.706894 -0.618977 -0.160335 -0.605165 -0.779787
0.173409 -12.735425 -0.865123 -240.360037 0.929097 -0.357099 0.096228 0.306599 0.598197 -0.740377 -0.206825 -0.717385 -0.665269
0.080064 -13.552222 4.765190 -236.804119 0.922852 -0.368891 0.110746 0.331243 0.613442 -0.716915 -0.196527 -0.698290 -0.688308
-2.600178 -15.109624 5.676394 -80.150752 -0.127944 0.985860 -0.108214 0.878645 0.062064 -0.473424 0.460014 0.155653 0.874162
-2.390757 -14.841642 -0.265734 -85.445866 -0.121977 0.990562 -0.062522 0.962199 0.102560 -0.252299 0.243505 0.090933 0.965627
-2.491888 -15.601519 -21.488476 -66.608233 -0.078917 0.995734 -0.047814 0.872138 0.045731 -0.487117 0.482853 0.080142 0.872027
-2.541203 -15.932140 2.702082 -83.932559 -0.091884 0.991036 -0.096981 0.781837 0.011486 -0.623377 0.616675 0.133102 0.775884
0.007073 -24.447579 70.701453 39.358759 0.919005 -0.358811 0.163356 -0.233115 -0.828714 -0.508812 -0.317942 -0.429520 0.845237
-1.789169 -24.039655 115.469256 131.954092 0.916108 -0.363901 0.168291 -0.206581 -0.788174 -0.579746 -0.343613 -0.496345 0.797228
-1.360576 -23.909306 118.819023 73.103887 0.924273 -0.341460 0.170661 -0.079968 -0.610344 -0.788090 -0.373263 -0.714762 0.591430
-1.668031 -6.266792 64.823738 -6.047654 -0.406775 0.906903 -0.109823 -0.084216 0.082479 0.993028 -0.909638 -0.413188 -0.042825
-1.289562 -6.639672 88.080220 -6.873964 -0.381256 0.896606 -0.225258 0.048768 0.262829 0.963609 -0.923182 -0.356397 0.143931
-0.021032 -6.907011 83.294836 -10.272432 -0.373892 0.896796 -0.236561 0.081910 0.285991 0.954725 -0.923848 -0.337588 0.180387
-138.562787 -797.342123 -2296.578115 52397.029869 0.985100 0.030898 -0.169187 0.050319 0.888904 0.455322 -0.164459 0.457050 -0.874104
-1.996387 -108.308203 -216.567328 -5169.088485 0.454614 0.031168 0.890143 0.848271 -0.319889 -0.422028 0.271593 0.946942 -0.171865
-1.067826 -260.722006 -48.646084 -21096.947245 -0.003580 0.000358 0.999994 0.849653 0.527335 0.002853 -0.527330 0.849658 -0.002192
-1.898143 -57.511282 147.284735 -2376.525321 0.311679 -0.217719 0.924908 0.680512 -0.628194 -0.377195 0.663144 0.746975 -0.047635
0.202325 -6.479502 -34.824731 -29.787548 -0.329416 0.932602 -0.147443 -0.138677 0.106676 0.984576 -0.933945 -0.344782 -0.094190
-0.009350 -6.189528 -43.892625 -26.791996 -0.329957 0.930476 -0.159196 -0.211797 0.091371 0.973033 -0.919929 -0.354777 -0.166923
0.488626 -6.315221 -33.753477 -28.834698 -0.315581 0.932058 -0.177977 -0.214042 0.112806 0.970289 -0.924443 -0.344300 -0.163901
0.729855 -6.600884 -30.083349 -28.349845 -0.310534 0.934955 -0.171544 -0.125430 0.138584 0.982376 -0.942250 -0.326578 -0.074236
1.047320 -5.233028 16.096366 -0.793799 -0.245290 0.957245 -0.153343 0.422774 0.247966 0.871651 -0.872408 -0.148977 0.465522
1.551589 0.967082 11.371920 -65.078949 -0.123975 0.985148 -0.118804 0.852867 0.166987 0.494705 -0.507196 0.039993 0.860902
2.023658 1.037861 -29.691547 -19.868276 0.599660 0.703908 0.380686 -0.614897 0.709741 -0.343757 -0.512161 -0.027945 0.858435
1.654113 1.018200 -20.611798 46.207554 0.865048 -0.235236 0.443120 0.222731 0.971515 0.080931 -0.449536 0.028687 0.892802
1.853860 0.134987 -18.860094 -69.532548 0.031077 0.998080 0.053577 0.856854 -0.054201 0.512703 -0.514622 -0.029974 0.856893
1.682940 0.254427 29.094505 59.182762 -0.566666 0.733897 -0.374545 0.667507 0.675394 0.313492 -0.483036 0.072366 0.872605
1.876266 -0.018791 39.487059 -56.903192 -0.085670 0.990764 -0.105108 0.855032 0.127266 0.502716 -0.511449 0.046802 0.858038
-0.752153 -12.306186 -22.597177 -47.218973 -0.195435 0.968235 -0.155968 -0.961000 -0.220798 -0.166516 0.195664 -0.117342 -0.973625
-1.133979 -12.797109 -18.067583 -42.682428 -0.161815 0.977292 -0.136804 -0.979347 -0.176069 -0.099396 0.121226 -0.117895 -0.985599
-0.608506 -11.493410 -14.210857 -87.351944 -0.161539 0.977390 -0.136433 -0.911344 -0.200785 -0.359357 0.378625 -0.066287 -0.923173
-0.225569 -10.030576 -15.604494 -108.749537 -0.154754 0.978937 -0.133164 -0.824384 -0.202236 -0.528670 0.544465 -0.027965 -0.838317
-0.166999 -10.405466 -18.834722 -92.235616 -0.173359 0.973232 -0.150885 -0.827028 -0.227046 -0.514271 0.534763 -0.035633 -0.844251
-0.420402 -10.209953 5.654965 -119.034027 -0.129462 0.987182 -0.093333 -0.848593 -0.158994 -0.504590 0.512961 -0.013877 -0.858300
3.065929 -4.814922 -0.032350 -56.965009 0.243432 0.969588 0.025287 0.066181 0.009405 -0.997763 0.967657 -0.244561 0.061879
2.642872 -5.830410 -9.296367 -74.830321 0.259991 0.965013 -0.033988 -0.058525 -0.019386 -0.998098 0.963836 -0.261485 -0.051437
3.422576 -4.496161 8.806058 -54.592844 0.295609 0.951597 0.084130 0.056979 0.070347 -0.995894 0.953608 -0.299189 0.033426
-1.387920 -62.517801 115.109335 -1052.928002 -0.047955 0.646918 0.761050 0.739449 -0.489232 0.462457 -0.671502 -0.584935 0.454902
-0.547104 -48.407839 11.833483 2100.836716 -0.082061 0.586560 0.805738 -0.255224 0.769137 -0.585909 -0.963393 -0.253724 0.086588
-0.107754 -63.843219 21.150490 2724.576186 -0.049935 0.571905 0.818799 -0.630143 0.618010 -0.470089 -0.774872 -0.539434 0.329522
-0.805042 -54.801023 -61.436351 463.779626 0.105400 -0.634636 -0.765590 0.860350 -0.327883 0.390244 -0.498686 -0.699807 0.511450
1.969420 -2.642906 93.305225 93.048818 -0.015421 0.977565 0.210066 0.999855 0.016593 -0.003813 -0.007213 0.209977 -0.977680
0.398513 -3.485655 80.594180 73.853990 0.064662 0.970484 0.232335 0.997873 -0.064811 -0.007000 0.008265 0.232293 -0.972611
1.126688 -4.850148 103.145194 132.595005 -0.164606 0.957640 0.236287 0.984136 0.175528 -0.025808 -0.066190 0.228290 -0.971341
-3.260630 -6.381566 -142.505524 118.373419 0.214239 0.976751 -0.007639 0.737773 -0.166937 -0.654082 0.640151 -0.134494 0.756385
-5.033249 -6.194020 -168.893821 72.918262 0.219004 0.968138 -0.121430 0.729589 -0.245119 -0.638448 0.647871 -0.051229 0.760025
-3.563744 -7.230865 -214.018267 59.120045 0.150451 0.988617 0.001268 0.811139 -0.122708 -0.571836 0.565171 -0.087062 0.820367
-3.756989 -7.865187 -175.852115 -4.645028 0.053850 0.998152 0.028159 0.885930 -0.034747 -0.462516 0.460682 -0.049854 0.886164
-2.753944 -8.150603 -106.819682 86.229398 0.087805 0.994948 0.048677 0.832142 -0.046401 -0.552618 0.547568 -0.089029 0.832012
2.297571 -1.910398 -201.286718 35.852368 0.908835 -0.012081 0.416980 -0.181312 -0.911667 0.368766 -0.375692 0.410751 0.830746
3.739433 -1.609483 -191.787565 23.918180 0.922014 -0.009257 0.387047 -0.160024 -0.919433 0.359215 -0.352538 0.393138 0.849211
-1.763940 -3.418724 56.960161 60.910106 0.875732 0.446418 -0.183860 -0.118098 -0.171179 -0.978136 0.468131 -0.878299 0.097186
-1.383855 -4.533431 52.210824 86.414507 0.813858 0.385977 -0.434346 -0.334998 -0.299091 -0.893488 0.474775 -0.872678 0.114116
-1.910585 -4.931408 76.704392 89.038404 0.793585 0.354777 -0.494324 -0.369892 -0.363769 -0.854899 0.483118 -0.861282 0.157452
-2.383257 -4.002040 1.076990 58.950210 0.895140 0.443140 -0.048488 0.026702 -0.161874 -0.986450 0.444984 -0.881716 0.156733
-0.569404 -10.133326 1.720623 39.882184 0.959298 0.168982 -0.226256 0.140267 0.410255 0.901119 -0.245096 0.896178 -0.369855
-0.345182 -10.691893 26.519197 9.956649 0.965478 0.138141 -0.220840 0.131389 0.473791 0.870781 -0.224922 0.869735 -0.439285
-0.562702 -10.660074 7.896367 29.420776 0.963338 0.157263 -0.217367 0.164001 0.296021 0.940997 -0.212329 0.942146 -0.259377
-0.043062 -10.634031 30.608919 -1.897058 0.964094 0.141795 -0.224539 0.128366 0.491356 0.861447 -0.232477 0.859339 -0.455512
-0.336052 -10.845951 15.359864 -9.791191 0.962470 0.142208 -0.231145 0.179081 0.307164 0.934655 -0.203915 0.940971 -0.270170
0.777975 -10.103575 20.699865 48.172305 0.948619 0.144698 -0.281396 0.303520 -0.667449 0.679991 0.089424 0.730462 0.677074
1.099577 -9.922328 21.060872 -21.353417 0.953596 0.151492 -0.260201 0.287742 -0.712983 0.639421 0.088652 0.684620 0.723489
0.811971 -9.679368 -3.670076 -20.932273 0.960042 0.148759 -0.237044 0.276937 -0.627001 0.728132 0.040311 0.764684 0.643144
-1.066436 -11.755068 11.922307 -59.046581 0.943677 -0.320405 -0.082547 -0.182879 -0.713014 0.676880 0.275733 0.623660 0.731450
-1.156322 -12.199795 2.848689 -95.405449 0.954402 -0.288487 -0.076760 -0.196525 -0.800730 0.565871 0.224710 0.524984 0.820913
-1.068291 -11.637414 -1.171294 20.771306 0.943855 -0.327344 -0.044545 -0.176719 -0.614208 0.769103 0.279121 0.718049 0.637571
-1.227554 -12.818616 8.850675 -118.741236 0.953475 -0.284984 -0.098330 -0.195788 -0.833386 0.516851 0.229241 0.473553 0.850409
-1.002714 -12.461162 18.495287 -49.674937 0.943670 -0.313670 -0.105348 -0.194653 -0.783710 0.589838 0.267577 0.536107 0.800620
-0.972923 -11.866096 2.212341 49.186451 0.938628 -0.341807 -0.046329 -0.178165 -0.595437 0.783398 0.295356 0.727065 0.619791
-0.873956 -12.259743 14.791924 16.152488 0.937739 -0.338213 -0.079111 -0.171437 -0.648760 0.741431 0.302085 0.681706 0.666350
3.442519 -11.410991 59.757997 -58.244290 0.856897 0.399308 -0.326007 -0.182456 0.826425 0.532664 0.482117 -0.396957 0.781018
2.472484 -24.631141 107.785618 -381.358072 0.566527 0.741238 -0.360018 0.139558 -0.516886 -0.844602 0.812139 -0.428247 0.396275
3.092968 -25.640262 133.955184 -900.575636 0.560569 0.731364 -0.388419 0.406278 -0.651607 -0.640583 0.721596 -0.201285 0.662407
5.056150 -26.532086 85.334894 -952.095525 0.635879 0.699330 -0.326488 0.410356 -0.664630 -0.624400 0.653656 -0.263067 0.709599
-2.138329 -13.045547 27.662357 52.527080 0.979520 -0.190887 -0.064046 -0.195933 -0.830431 -0.521532 -0.046368 -0.523400 0.850825
-2.158660 -12.300873 22.930740 66.212132 0.981685 -0.178406 -0.066821 -0.170261 -0.664257 -0.727855 -0.085467 -0.725902 0.682467
-1.684396 -12.665175 5.452004 52.070639 0.984515 -0.163892 -0.062198 -0.164871 -0.745168 -0.646175 -0.059555 -0.646424 0.760651
-1.625902 -12.909691 4.058558 42.151576 0.981455 -0.180184 -0.065420 -0.189404 -0.858944 -0.475753 -0.029531 -0.479321 0.877142
-1.787023 -13.983052 17.289336 20.956063 0.976587 -0.203028 -0.071117 -0.214943 -0.934445 -0.283923 0.008811 -0.292562 0.956206
-2.270421 -13.843310 29.594487 22.392711 0.975750 -0.214536 -0.043430 -0.217961 -0.934065 -0.282871 -0.020120 -0.285477 0.958174
-2.117547 -24.643038 -10.459146 -29.033815 0.933135 0.345787 -0.098438 -0.287440 0.881994 0.373451 -0.215956 0.320185 -0.922412
-1.984223 -23.520644 4.679375 -202.657661 -0.944488 -0.316060 0.089709 -0.313990 0.948717 0.036697 -0.096707 0.006492 -0.995292
-1.850259 -23.894599 1.733588 -157.544503 -0.935299 -0.337890 0.105101 -0.329911 0.940058 0.086308 -0.127964 0.046050 -0.990709
-1.774900 -25.318228 35.720918 -67.193734 -0.915437 -0.363390 0.172982 -0.302638 0.904882 0.299332 -0.265302 0.221669 -0.938338
-1.858077 -25.584730 -44.591293 143.960215 0.914237 0.378293 -0.145136 -0.212953 0.753358 0.622176 -0.344705 0.537909 -0.769306
-1.939708 -24.481837 -10.881152 50.752756 0.933653 0.351330 -0.069702 -0.225769 0.728329 0.646966 -0.278065 0.588306 -0.759326
25.901922 -2.470913 -1347.573669 21.049239 -0.417269 0.786312 -0.455632 -0.250674 -0.581501 -0.773963 0.873527 0.208736 -0.439751
55.479964 -2.482405 -2892.578627 23.628605 -0.529747 0.731863 -0.428654 -0.258785 -0.620768 -0.740053 0.807712 0.281112 -0.518245
42.081050 -3.147694 -2251.449994 -13.234677 -0.398025 0.765728 -0.505210 -0.246616 -0.619752 -0.745042 0.883605 0.171952 -0.435517
10.453259 -2.365347 -472.842056 -32.202984 -0.503544 0.662738 -0.554275 0.148851 0.698500 0.699958 0.851050 0.269955 -0.450375
17.320512 -3.325437 -1221.371867 56.582720 -0.407500 0.809133 -0.423377 -0.242981 -0.542973 -0.803829 0.880286 0.224688 -0.417865
44.971087 -3.396403 -2652.972453 -0.408432 -0.383848 0.847111 -0.367510 -0.275033 -0.484818 -0.830246 0.881486 0.217611 -0.419080
9.301065 -2.484436 -411.411836 37.527905 -0.522694 0.694227 -0.494813 -0.174009 -0.655071 -0.735257 0.834573 0.298213 -0.463203
0.499542 -44.651530 31.398366 477.034406 0.898994 0.257489 -0.354272 0.324032 0.153147 0.933568 -0.294639 0.954068 -0.054244
0.608719 -42.270775 7.527114 132.968842 0.898598 0.279773 -0.338008 0.138510 0.550085 0.823542 -0.416338 0.786850 -0.455553
0.883649 -40.051260 -12.588511 645.482645 0.893118 0.243863 -0.377982 0.417696 -0.137752 0.898084 -0.166941 0.959977 0.224889
10.321502 -328.255723 96.164291 19018.653458 0.836675 0.174876 -0.519030 0.390044 0.475034 0.788802 -0.384500 0.862416 -0.329240
5.029973 -96.166934 126.933653 3980.948309 0.875275 0.219509 -0.430941 0.124299 0.759025 0.639086 -0.467380 0.612941 -0.637071
-0.879833 -4.556947 25.221935 58.477831 0.546898 0.697779 -0.462609 0.748689 -0.654912 -0.102738 0.374657 0.290163 0.880590
-1.524275 -5.115272 -24.656989 -18.618280 -0.482821 -0.742228 0.464737 0.837117 -0.547009 -0.003933 0.257135 0.387140 0.885440
-1.686657 -5.261055 29.063871 44.476242 0.424089 0.799727 -0.424953 0.849631 -0.513780 -0.118988 0.313490 0.310592 0.897361
-1.375576 -4.300308 44.396947 107.739866 0.448544 0.782195 -0.432410 0.788850 -0.573909 -0.219872 0.420147 0.242484 0.874459
