19721
39421
-5.069384 -7.793141 37.645070 109.603827 -0.365305 0.864506 -0.345228 -0.583995 -0.501633 -0.638212 0.724915 0.031531 -0.688116
-6.815287 -9.394904 115.235670 96.937107 -0.205842 0.965910 -0.156996 -0.555606 -0.247422 -0.793779 0.805563 0.076165 -0.587595
-7.700912 -9.656674 43.139414 267.183359 0.202934 0.942757 0.264628 -0.622480 0.332821 -0.708342 0.755868 0.020979 -0.654388
-5.118306 -8.225936 -20.729318 71.485693 -0.416891 0.839449 -0.348607 -0.500803 -0.532190 -0.682620 0.758550 0.109994 -0.642264
-5.489873 -6.934185 106.377500 175.873426 -0.163277 0.969701 -0.181718 -0.716048 -0.243184 -0.654321 0.678687 -0.023283 -0.734059
-3.578251 -6.488200 -13.442706 105.311746 -0.487654 0.747991 -0.450226 -0.569197 -0.663425 -0.485677 0.661973 -0.019425 -0.749276
-4.187256 -7.193024 -19.366440 -60.717079 -0.568254 0.663613 -0.486523 0.446716 0.745343 0.494882 0.691037 0.063881 -0.719991
2.688054 -8.114769 -579.538451 -66.601799 -0.635257 0.763763 -0.114516 0.772194 0.625680 -0.110641 -0.012853 -0.158714 -0.987241
0.027704 -5.356601 -488.365812 -11.173271 -0.680040 0.731981 -0.041835 0.731611 0.673759 -0.103892 -0.047861 -0.101258 -0.993708
1.145279 -5.559534 -539.650199 -33.402737 -0.632743 0.771224 -0.069641 0.774317 0.631115 -0.046126 0.008378 -0.083110 -0.996505
12.824240 -22.561965 329.600901 -64.816742 0.702904 0.705471 0.090753 0.045200 0.083030 -0.995521 0.709847 -0.703858 -0.026475
9.179089 -20.862702 312.144346 340.208793 0.610920 0.786373 0.091623 -0.155825 0.232904 -0.959935 0.776206 -0.572166 -0.264822
11.392186 -21.196153 264.755812 603.373463 0.726044 0.675763 0.127296 -0.207190 0.391494 -0.896552 0.655692 -0.624561 -0.424253
10.452252 -20.702368 -109.588694 269.045637 0.854119 0.503537 0.130118 -0.003618 0.255937 -0.966687 0.520065 -0.825195 -0.220422
-1.626163 -7.581139 -343.148853 22.536877 0.134197 0.908302 -0.396206 -0.823159 -0.120429 -0.554893 0.551725 -0.400605 -0.731515
-1.125580 -7.086947 -298.148366 59.280186 0.181769 0.916658 -0.355947 -0.869495 -0.019240 -0.493568 0.459281 -0.399209 -0.793532
-4.581373 -8.227313 -256.127900 47.447042 -0.020978 0.897533 -0.440448 -0.828808 -0.261992 -0.494406 0.559139 -0.354675 -0.749379
2.047937 -6.938695 -289.035381 24.946540 0.190272 0.918832 -0.345753 -0.825997 -0.040513 -0.562217 0.530590 -0.392565 -0.751244
0.315146 -7.540503 -324.171725 16.070514 0.141940 0.909073 -0.391713 -0.792181 -0.132962 -0.595626 0.593551 -0.394851 -0.701278
-3.072993 -23.554593 -19.543261 411.731238 0.091409 -0.989883 -0.108513 0.995309 0.087352 0.041585 -0.031686 -0.111805 0.993225
-3.274616 -18.203533 -11.100122 528.610816 -0.073949 0.991752 0.104688 0.954744 0.100730 -0.279851 0.288088 -0.079256 0.954318
-3.359689 -19.323366 -22.854254 521.152803 -0.124256 0.988323 0.088198 0.973684 0.138563 -0.180943 0.191051 -0.063394 0.979531
-2.947684 -23.521035 10.134324 439.366253 0.138205 -0.988245 -0.065361 0.987764 0.132721 0.081902 -0.072265 -0.075880 0.994495
-2.610147 -26.364624 -5.052336 26.784796 -0.118232 0.988996 0.088927 0.913321 0.073164 0.400613 -0.389699 -0.128584 0.911922
-2.500156 -25.409035 19.311003 94.876369 -0.081046 0.988528 0.127449 0.934921 0.031076 0.353493 -0.345477 -0.147804 0.926714
-1.852773 -9.679418 -11.460855 -49.925108 -0.086148 0.986883 0.136531 -0.972702 -0.053676 -0.225766 0.215476 0.152254 -0.964567
-1.574602 -8.737185 -11.718578 -117.474119 -0.039572 0.984566 0.170480 -0.922010 0.029782 -0.386019 0.385138 0.172460 -0.906601
-1.484845 -9.192965 -25.543010 -103.904402 -0.103733 0.988151 0.113122 -0.929723 -0.055931 -0.363987 0.353347 0.142929 -0.924509
-1.922030 -9.539060 -19.045669 -55.502991 -0.069048 0.984255 0.162708 -0.970452 -0.028469 -0.239611 0.231206 0.174444 -0.957138
-1.671874 -9.763203 -22.214244 -51.365272 -0.115833 0.988469 0.097529 -0.971535 -0.092323 -0.218166 0.206646 0.120023 -0.971026
-2.028845 -10.298478 -2.563634 -15.991156 -0.095216 0.984981 0.144036 0.993327 0.084554 0.078431 0.065074 0.150543 -0.986459
-1.862890 -10.263691 -4.446863 -29.411020 -0.084278 0.989814 0.114738 0.995535 0.078728 0.052085 0.042521 0.118615 -0.992029
0.000366 -6.559166 -49.315132 16.547588 0.038381 0.992347 -0.117365 -0.667402 -0.061957 -0.742115 0.743708 -0.106813 -0.659917
0.691332 -6.241511 -43.734668 45.586361 0.041586 0.993397 -0.106926 -0.734384 -0.042173 -0.677423 0.677460 -0.106696 -0.727781
0.103973 -6.191333 -51.051739 46.710107 0.012397 0.989274 -0.145547 -0.735871 -0.089526 -0.671178 0.677008 -0.115425 -0.726868
0.610505 -5.330206 -48.241634 71.351769 0.016618 0.990007 -0.140038 -0.801210 -0.070602 -0.594203 0.598152 -0.122074 -0.792030
0.055848 -7.051998 -19.538634 -45.128344 -0.105670 0.985020 -0.136268 -0.695450 0.024743 0.718149 -0.710763 -0.170654 -0.682418
-0.081327 -7.782349 -6.544506 9.899616 -0.123873 0.986445 -0.107620 -0.597707 0.012398 0.801618 -0.792087 -0.163624 -0.588070
0.087571 -7.136433 8.375024 -9.809593 -0.097465 0.986869 -0.128799 -0.655494 0.033727 0.754447 -0.748885 -0.157959 -0.643600
-0.068026 -7.735373 2.179160 -18.198226 -0.117991 0.987644 -0.103135 -0.632524 0.005314 0.774522 -0.765500 -0.156622 -0.624082
0.164320 -6.862658 15.966116 -70.924982 -0.080233 0.987068 -0.138782 -0.744984 0.033121 0.666260 -0.662240 -0.156846 -0.732692
0.047619 -6.727054 -3.459899 -86.783080 -0.078442 0.985026 -0.153528 -0.779366 0.035438 0.625565 -0.621639 -0.168725 -0.764916
0.006488 -7.040342 3.814109 -71.634666 -0.086292 0.987165 -0.134383 -0.741888 0.026357 0.670006 -0.664948 -0.157513 -0.730091
-0.141464 -11.259133 -12.583440 111.864264 0.112709 0.993458 0.018365 0.918067 -0.097051 -0.384362 0.380066 -0.060181 0.923000
-0.242209 -9.588291 -9.665016 112.021866 0.143880 0.989586 -0.004274 0.856744 -0.126725 -0.499930 0.495265 -0.068268 0.866055
-0.163097 -10.229793 14.506539 85.052801 0.085552 0.996324 0.004344 0.910253 -0.076387 -0.406945 0.405118 -0.038769 0.913442
0.089695 -11.493045 3.560586 77.421360 0.039935 0.998823 0.027523 0.968976 -0.031988 -0.245075 0.243906 -0.036456 0.969113
-0.022215 -11.892634 0.346298 80.647229 0.065415 0.997625 0.021584 0.958912 -0.056863 -0.277947 0.276059 -0.038879 0.960354
-0.164336 -13.607535 23.316820 117.780865 0.221204 0.967367 -0.123572 0.779711 -0.099322 0.618212 -0.585764 0.233102 0.776237
-0.412607 -13.750953 5.105079 72.688085 0.197616 0.971802 -0.128641 0.752775 -0.066383 0.654922 -0.627915 0.226260 0.744667
0.383775 -13.426821 37.603696 6.952600 0.214369 0.966470 -0.141355 0.862049 -0.119158 0.492619 -0.459258 0.227457 0.858688
0.396227 -12.788736 47.709180 133.807585 0.260331 0.959081 -0.111317 0.816926 -0.157344 0.554865 -0.514645 0.235387 0.824460
1.228811 -12.585331 72.628348 -21.608278 0.271647 0.955655 -0.113720 0.874442 -0.195741 0.443888 -0.401944 0.220022 0.888837
0.628425 -13.943214 48.522894 -86.202329 0.211074 0.965237 -0.154159 0.926704 -0.147442 0.345660 -0.310914 0.215820 0.925610
1.690748 -13.785003 75.862296 -104.437325 0.253293 0.959065 -0.126635 0.920262 -0.198520 0.337205 -0.298262 0.201949 0.932875
-3.430306 -33.931555 25.177017 -1886.125123 0.935541 0.063766 -0.347415 -0.036758 0.995805 0.083792 0.351301 -0.065621 0.933960
-11.260234 -138.485936 -103.103686 -7718.075875 0.926663 0.232850 -0.295089 -0.224148 0.972485 0.063486 0.301752 0.007313 0.953358
-4.152598 -770.491686 1875.060586 -48058.444633 0.929494 0.278897 -0.241368 -0.249293 0.957334 0.146169 0.271836 -0.075691 0.959362
-18.516854 -319.766180 249.681914 -18005.637925 0.864420 -0.357389 -0.353625 0.290299 0.929053 -0.229320 0.410492 0.095572 0.906842
-2.365513 -5.534877 -67.495261 -67.881638 0.472487 0.877268 -0.084600 0.813440 -0.471019 -0.341258 0.339223 -0.092423 0.936155
19.999077 -11.163310 1155.752661 -246.810177 0.308339 0.950725 -0.032404 0.854218 -0.291708 -0.430369 0.418615 -0.105019 0.902071
-0.612342 -27.111886 174.933426 -1054.246522 0.854556 0.327463 -0.403116 -0.324377 0.942695 0.078140 0.405603 0.063986 0.911807
-0.546017 -14.081568 47.705461 52.171609 0.290750 0.956399 0.027679 -0.264161 0.052435 0.963052 -0.919611 0.287319 -0.267888
-0.594544 -14.799980 46.213094 53.570547 0.285028 0.957775 0.037762 -0.461009 0.102441 0.881463 -0.840375 0.268650 -0.470741
-1.123748 -13.981382 49.229478 54.150710 0.280829 0.959519 0.021410 -0.356402 0.083546 0.930590 -0.891130 0.268967 -0.365436
-1.156009 -14.601920 44.820367 21.809308 0.260209 0.964853 0.036750 -0.544411 0.115173 0.830874 -0.797439 0.236208 -0.555245
-1.153702 -13.421392 30.010578 39.067841 0.271489 0.962419 0.006612 -0.182229 0.044657 0.982241 -0.945032 0.267873 -0.187505
-0.781025 -13.483670 50.203691 39.804288 0.294088 0.955693 0.012726 -0.187606 0.044665 0.981228 -0.937185 0.290955 -0.192429
-3.857217 -5.904708 81.202697 25.748614 0.021081 0.852249 0.522711 -0.374864 0.491423 -0.786117 0.926840 0.179374 -0.329837
-3.634933 -5.839440 90.459123 2.418884 0.017411 0.825085 0.564740 -0.292811 0.544270 -0.786150 0.956012 0.151675 -0.251070
-4.781851 -5.950819 69.613752 2.889308 0.098205 0.806501 0.583020 -0.280985 0.584486 -0.761199 0.954674 0.089066 -0.284014
-5.233513 -6.075347 -60.359188 9.159392 -0.194493 -0.690265 -0.696927 -0.309702 0.717365 -0.624078 0.930730 0.094461 -0.353298
0.550669 -8.452325 74.033091 -173.460265 0.173717 0.982884 -0.061324 -0.982386 0.177309 0.058980 -0.068843 -0.049998 -0.996374
0.710291 -6.331005 46.254978 124.664035 0.167815 0.981794 -0.088987 0.985816 -0.167349 0.012726 -0.002397 -0.089860 -0.995951
0.463115 -6.335998 28.935305 177.717744 0.153243 0.984618 -0.083926 0.988169 -0.152148 0.019328 0.006261 -0.085895 -0.996285
-1.088012 -8.419122 -33.772627 -71.005422 0.081538 0.990767 0.108317 0.768069 0.006795 -0.640331 0.635155 -0.135406 0.760424
-1.950084 -9.053367 -36.625320 83.960897 0.063282 0.992115 0.108179 0.811444 0.011954 -0.584308 0.580994 -0.124757 0.804289
-1.058609 -8.365814 -45.312555 99.993683 -0.001076 0.980650 0.195764 0.806231 0.116665 -0.579983 0.591599 -0.157207 0.790757
-1.584072 -9.666690 -31.264136 -128.611607 0.155992 0.987429 0.025493 0.742255 -0.100153 -0.662591 0.651708 -0.122281 0.748548
-0.411458 -8.861139 -22.815514 -133.695025 0.027921 0.986043 0.164131 0.756640 0.086452 -0.648091 0.653235 -0.142283 0.743666
-0.576124 -10.406719 -12.765895 -273.866274 0.074159 0.992269 0.099515 0.709085 0.017700 -0.704901 0.701212 -0.122839 0.702290
-0.458860 -10.289083 7.868767 -13.320954 -0.079949 0.982766 0.166670 0.786610 -0.040498 0.616120 -0.612252 -0.180363 0.769816
-0.435697 -9.947904 -2.504132 -2.730785 -0.071882 0.981935 0.175036 0.774599 -0.055598 0.630004 -0.628354 -0.180869 0.756609
-0.536991 -10.074386 21.301440 0.673001 -0.085143 0.985100 0.149429 0.689224 -0.050073 0.722816 -0.719528 -0.164533 0.674691
-0.591257 -10.202725 -0.864986 -3.042356 -0.112609 0.981494 0.154886 0.719423 -0.026984 0.694048 -0.685383 -0.189585 0.703070
5.035003 -7.602335 -103.094865 120.652888 -0.419206 -0.564899 -0.710743 -0.177423 0.818729 -0.546080 0.890386 -0.102817 -0.443442
3.688634 -6.273792 -84.507807 109.002245 -0.396870 -0.559483 -0.727649 -0.245405 0.828572 -0.503235 0.884461 -0.021150 -0.466135
4.293420 -7.150969 13.701125 149.209188 -0.478083 -0.513780 -0.712367 -0.205475 0.853979 -0.478016 0.853942 -0.082158 -0.513842
3.794935 -6.969310 -81.164759 96.556121 -0.356779 -0.621638 -0.697334 -0.221542 0.781468 -0.583290 0.907539 -0.053616 -0.416530
5.387427 -8.121014 -109.833018 59.624363 -0.373417 -0.622614 -0.687685 -0.104869 0.764889 -0.635568 0.921717 -0.165215 -0.350916
-0.496735 -17.060077 -63.114535 -77.040266 -0.039939 0.985903 0.162481 0.966783 -0.002956 0.255582 -0.252460 -0.167292 0.953036
-0.976209 -15.967713 -96.542849 -98.087095 -0.060043 0.985208 0.160499 0.895600 -0.017831 0.444503 -0.440789 -0.170433 0.881282
-0.287225 -16.106734 -45.307617 -111.543098 -0.065041 0.987782 0.141620 0.860664 -0.016293 0.508913 -0.505003 -0.154988 0.849088
0.096779 -16.526185 -8.019495 -60.792525 -0.036769 0.990350 0.133620 0.938439 -0.011739 0.345247 -0.343484 -0.138089 0.928951
-0.551839 -19.670179 -0.047600 163.086098 -0.215780 0.886861 0.408555 0.320664 -0.330845 0.887534 -0.922287 -0.322521 0.212995
-0.424361 -19.217120 7.968815 98.096438 -0.211201 0.900923 0.379120 0.493547 -0.236497 0.836947 -0.843686 -0.363877 0.394700
-1.122508 -21.301179 -24.379301 154.709039 -0.200369 0.885800 0.418582 0.338855 -0.338220 0.877943 -0.919255 -0.317751 0.232388
-1.672688 -20.792624 -27.243559 -12.510777 -0.182108 0.877715 0.443231 0.118580 -0.427874 0.896026 -0.976102 -0.215732 0.026160
-0.935021 -19.562393 -19.422697 -49.644954 -0.216646 0.875847 0.431227 0.075490 -0.425365 0.901868 -0.973327 -0.227939 -0.026036
-2.627343 -22.668081 -110.627216 144.129853 -0.199882 0.879374 0.432145 0.337371 -0.352308 0.872960 -0.919906 -0.320283 0.226255
2.003316 -2.056442 1.690692 -10.430343 0.323121 0.877984 0.353181 -0.630697 0.478025 -0.611321 0.705559 0.025220 -0.708202
1.945090 -2.213395 -6.391013 7.072998 0.350340 0.862123 0.366067 -0.646002 0.505413 -0.572048 0.678191 0.036069 -0.734000
2.189293 -2.302844 31.665362 -7.625801 0.358773 0.863680 0.354032 -0.638073 0.503755 -0.582318 0.681282 0.016978 -0.731824
2.101586 -1.978312 13.415369 -19.386829 0.317582 0.894036 0.315978 -0.621285 0.447927 -0.642936 0.716343 -0.007873 -0.697704
0.643078 -5.506360 -230.986522 -9.540726 -0.596094 0.340578 -0.727103 -0.059959 0.884169 0.463304 0.800673 0.319769 -0.506627
-1.046847 -6.042739 -232.723917 9.129725 -0.606483 0.400313 -0.686970 0.022192 0.872195 0.488655 0.794786 0.281116 -0.537855
-1.930218 -6.102306 -222.748454 -29.894279 -0.597345 0.236722 -0.766252 -0.155467 0.903141 0.400208 0.786771 0.358189 -0.502684
1.135992 -5.089616 -195.258619 -35.544555 -0.592918 0.230061 -0.771699 -0.179544 0.896427 0.405194 0.784992 0.378801 -0.490202
33.802996 -773.336126 1289.700642 -54217.814302 0.291188 0.850226 0.438549 0.616569 0.183717 -0.765566 0.731473 -0.493319 0.470727
27.407490 -180.743319 1204.160170 -5663.606762 0.121824 0.947410 0.295929 0.095396 0.285593 -0.953591 0.987957 -0.144400 0.055587
27.230149 -160.413420 997.813412 7678.042877 0.474437 0.742827 0.472353 0.013138 0.530553 -0.847550 0.880191 -0.408315 -0.241955
97.517187 -261.811853 5831.714720 22854.866838 0.284043 0.856429 0.431102 -0.404203 0.514672 -0.756130 0.869448 -0.040521 -0.492360
54.211629 -134.829074 1930.148663 -8706.792261 0.782631 0.596145 0.179164 0.175730 0.064524 -0.982322 0.597167 -0.800280 0.054262
23.267173 -579.492364 -2123.535973 42433.356515 0.869327 0.412273 0.272583 -0.091700 0.676491 -0.730719 0.485656 -0.610239 -0.625897
18.547101 -100.282708 761.151647 6681.342956 -0.626633 -0.626935 -0.462907 -0.380141 0.764431 -0.520708 0.680311 -0.150323 -0.717342
1.345244 -14.411880 50.904372 -91.239071 -0.019964 0.991125 0.131427 -0.987792 0.000760 -0.155780 0.154497 0.132932 -0.979010
1.180467 -15.567652 44.132141 180.623681 -0.035035 0.991493 0.125353 0.999058 0.037958 -0.021008 -0.025588 0.124499 -0.991890
1.819655 -14.440942 37.247774 -99.677723 -0.013291 0.994709 0.101873 -0.990119 0.001132 -0.140224 0.139598 0.102730 -0.984865
4.155510 -2.874672 -18.271151 -124.354513 -0.131723 0.842096 -0.522994 -0.171473 -0.538995 -0.824671 0.976343 0.018949 -0.215395
4.290894 -1.603051 -21.948248 -207.501788 -0.140271 0.763092 -0.630884 -0.091238 -0.644435 -0.759196 0.985900 0.048932 -0.160019
4.285836 -0.538829 41.101410 -177.306844 -0.207198 0.752562 -0.625075 -0.102567 -0.652130 -0.751137 0.972908 0.091522 -0.212308
3.656266 -1.789503 55.075199 -105.079503 -0.213633 0.848834 -0.483571 -0.191062 -0.521743 -0.831432 0.958048 0.085229 -0.273642
1.895356 -6.208837 172.654514 2.288953 0.311692 0.948222 -0.061015 -0.218858 0.134132 0.966493 -0.924635 0.287894 -0.249334
3.966060 -6.296397 180.902074 25.114524 0.279841 0.958483 -0.054766 -0.174105 0.106766 0.978922 -0.944127 0.264407 -0.196754
3.630787 -6.474608 132.474690 8.029451 0.259690 0.964958 -0.037653 -0.272495 0.110628 0.955776 -0.926449 0.237945 -0.291675
-0.165179 -6.125779 119.110621 -0.791171 0.328372 0.936501 -0.123036 -0.213356 0.200433 0.956193 -0.920136 0.287737 -0.265625
0.580541 -6.167354 131.170522 30.974456 0.327099 0.938602 -0.109695 -0.147198 0.165271 0.975202 -0.933455 0.302841 -0.192220
0.060522 -6.214293 137.811160 -16.539968 0.328820 0.940418 -0.086553 -0.292049 0.188415 0.937660 -0.898101 0.283044 -0.336603
1.808253 -6.305706 169.421871 -4.275679 0.300990 0.952492 -0.046528 -0.301743 0.141408 0.942844 -0.904630 0.269747 -0.329970
-1.292779 -6.450273 -33.839270 -56.348913 -0.416385 0.754890 0.506720 -0.260076 -0.632938 0.729212 -0.871197 -0.171847 -0.459875
-1.046806 -6.088635 -39.152062 -32.560559 -0.413923 0.781116 0.467467 -0.344952 -0.609817 0.713534 -0.842423 -0.134094 -0.521865
-0.679656 -6.502321 -36.594906 -59.768463 -0.429253 0.767629 0.475906 -0.288488 -0.615849 0.733147 -0.855872 -0.177413 -0.485807
-1.067624 -10.849375 -41.263556 -33.716895 0.090140 0.988513 -0.121316 -0.683628 -0.027168 -0.729325 0.724242 -0.148676 -0.673326
-1.175966 -11.113448 -61.275005 -88.537946 0.095916 0.990849 -0.094965 -0.650179 -0.009875 -0.759717 0.753702 -0.134613 -0.643282
-1.005041 -10.955043 -24.930465 -112.949856 0.082272 0.991896 -0.096821 -0.524520 -0.039511 -0.850481 0.847414 -0.120755 -0.517018
-1.360387 -11.045033 -49.318622 145.214276 0.071186 0.989810 -0.123324 -0.801582 -0.016814 -0.597649 0.593633 -0.141398 -0.792216
-1.082909 -11.296443 -22.290688 71.342564 0.062390 0.989233 -0.132388 -0.833538 -0.021310 -0.552051 0.548928 -0.144793 -0.823233
-1.813951 -5.841557 19.710279 -46.373691 -0.078112 0.977867 0.194102 -0.369638 -0.209227 0.905313 -0.925887 0.001032 -0.377800
-1.553119 -5.709426 7.108884 -47.745290 -0.005574 0.996204 0.086876 -0.385441 -0.082305 0.919054 -0.922716 0.028363 -0.384436
-1.151690 -5.153987 11.807954 -41.457697 -0.021024 0.992798 0.117940 -0.445066 -0.114926 0.888093 -0.895251 0.033820 -0.444277
0.123830 -26.092490 -14.445912 -176.008298 -0.116560 0.985437 -0.123805 0.078143 0.133367 0.987981 -0.990105 -0.105484 0.092551
0.021953 -24.907400 20.180680 -108.471599 -0.105953 0.986997 -0.120875 0.050190 0.126712 0.990669 -0.993104 -0.098898 0.062963
-0.082107 -23.238931 8.912149 -247.133795 -0.116997 0.980902 -0.155382 -0.207556 0.128851 0.969700 -0.971201 -0.145702 -0.188517
2.167227 -18.414399 -32.664219 61.694138 -0.059685 0.996252 0.062602 0.847906 0.083693 -0.523498 0.526775 -0.021836 0.849724
2.087395 -17.502388 -67.194398 83.724271 -0.004223 0.995894 0.090434 0.783728 0.059465 -0.618250 0.621089 -0.068264 0.780761
1.273004 -20.611868 -83.891375 257.724633 0.018458 0.994906 0.099100 0.918582 0.022264 -0.394603 0.394800 -0.098315 0.913492
2.797049 -19.990851 -46.022107 -200.576711 -0.057865 0.997635 0.037094 0.673476 0.066437 -0.736218 0.736941 0.017619 0.675727
1.345616 -22.549161 -24.129882 324.098592 -0.013174 0.998512 0.052920 0.955684 0.028141 -0.293047 0.294100 -0.046714 0.954632
-14.248507 -55.917832 717.437379 -2500.403575 0.229058 0.973186 -0.021023 -0.013740 0.024828 0.999597 -0.973316 0.228677 -0.019059
-25.643855 -45.771490 867.821682 -1170.510716 -0.001464 0.984771 0.173848 0.089919 -0.173014 0.980806 -0.995948 -0.017068 0.088296
-17.719393 -45.009290 628.229784 -701.648248 0.121287 0.992142 0.030729 0.285671 -0.064537 0.956152 -0.950622 0.107191 0.291254
-10.043305 -52.846617 511.709729 -830.237652 0.285860 0.951806 -0.111126 0.386190 -0.008295 0.922382 -0.877007 0.306588 0.369949
-7.836840 -28.717191 197.675926 938.099398 0.901908 -0.019301 -0.431498 -0.431918 -0.047401 -0.900666 0.003070 -0.998689 0.051088
-9.004020 -51.862870 171.632279 2260.785373 0.957816 0.042421 -0.284235 -0.259196 -0.299665 -0.918160 0.124125 -0.953101 0.276029
-14.994547 -37.210134 441.943743 1356.217560 0.963825 -0.047295 -0.262308 -0.266097 -0.114195 -0.957158 -0.015315 -0.992332 0.122649
-12.094836 -31.250712 434.854154 -871.817388 0.709425 -0.060776 -0.702155 -0.700612 0.047385 -0.711968 -0.076543 -0.997026 0.008964
-1.620140 -13.497466 17.464615 -34.990910 0.053049 0.990940 -0.123387 0.982976 -0.030053 0.181262 -0.175912 0.130902 0.975664
-1.974606 -13.710643 35.192570 -49.455177 0.019897 0.993231 -0.114435 0.991285 -0.004690 0.131648 -0.130220 0.116057 0.984669
-1.382576 -14.478150 -18.237278 -103.201685 -0.042670 -0.991726 0.121076 0.998784 -0.039349 0.029686 -0.024676 0.122196 0.992199
-0.841774 -3.626686 -45.515917 -103.853161 0.138874 0.988774 0.055135 -0.373970 0.103914 -0.921601 0.916984 -0.107367 -0.384203
-1.026392 -2.814006 -45.354315 -43.550933 0.143716 0.988385 0.049414 -0.341628 0.096413 -0.934877 0.928782 -0.117475 -0.351516
-0.332721 -3.023238 -52.806194 -80.914551 0.170424 0.981630 0.085779 -0.328381 0.138656 -0.934313 0.929043 -0.131061 -0.345979
2.587551 -6.051944 -116.978514 23.832995 -0.036602 0.981003 0.190510 0.751459 -0.098651 0.652363 -0.658764 -0.167038 0.733572
0.869794 -6.061210 -190.880894 128.673457 -0.138748 0.973763 0.180372 0.727870 -0.023232 0.685322 -0.671532 -0.226374 0.705549
3.062319 -8.087638 -141.282192 75.473584 -0.111619 0.984489 0.135361 0.680275 -0.023597 0.732577 -0.724408 -0.173852 0.667089
4.040640 -7.664251 -68.024677 18.960484 -0.028694 0.991489 0.126986 0.714939 -0.068429 0.695830 -0.698598 -0.110753 0.706891
4.633131 -9.552253 -109.683900 122.297830 -0.074740 0.992097 0.100780 0.592161 -0.037159 0.804963 -0.802346 -0.119841 0.584704
4.842594 -8.117848 -75.180434 143.233653 -0.024210 0.992940 0.116124 0.673583 -0.069631 0.735825 -0.738715 -0.096033 0.667141
0.334815 -2.856326 5.784601 43.521710 -0.336439 0.708057 -0.620857 0.198478 -0.591165 -0.781748 0.920552 0.386237 -0.058357
-0.025610 -3.567719 -50.655889 76.529148 -0.286107 0.657162 -0.697338 0.246003 -0.652990 -0.716300 0.926081 0.376485 -0.025161
0.162330 -3.341444 -18.190103 27.694998 -0.300150 0.648832 -0.699233 0.289314 -0.636581 -0.714886 0.908959 0.416871 -0.003353
0.151175 -2.718841 38.482405 10.419519 -0.297770 0.600086 -0.742449 -0.330824 0.664669 0.669903 0.895482 0.445097 0.000604
0.321635 -3.007450 43.082488 24.019423 -0.348704 0.698034 -0.625423 0.231394 -0.582531 -0.779175 0.908219 0.416421 -0.041610
1.993499 -6.191861 -234.206604 -52.294407 0.365650 0.917900 0.154143 0.367242 0.009895 -0.930073 0.855239 -0.396689 0.333474
0.663293 -6.086851 -291.156890 -27.323990 0.419919 0.905392 0.062707 0.403508 -0.124363 -0.906485 0.812926 -0.405954 0.417556
2.934093 -5.457699 -159.247457 -22.281698 0.363553 0.930111 0.052170 0.405909 -0.107754 -0.907539 0.838491 -0.351115 0.416715
-2.435627 -5.900697 -94.323502 -22.984964 -0.319376 0.947057 -0.032897 0.941057 0.312890 -0.128498 0.111402 0.071997 0.991164
-2.793330 -6.481484 -61.552478 -30.563618 -0.311722 0.947141 -0.075855 0.935384 0.291861 -0.199685 0.166991 0.133199 0.976920
-3.025413 -5.822574 69.776343 -42.436121 0.302287 -0.949987 0.078406 0.951874 0.296474 -0.077716 0.050584 0.098125 0.993888
-2.480286 -5.261721 77.917198 -43.456102 0.249054 -0.967317 0.047649 0.968488 0.248830 -0.010684 -0.001522 0.048808 0.998807
-2.966302 -5.296257 63.526430 -47.051326 0.206382 -0.974953 0.082901 0.977765 0.208711 0.020385 -0.037177 0.076851 0.996349
-2.942459 -5.519166 -28.874862 -37.133010 0.119048 -0.981304 0.151230 0.992279 0.122923 0.016504 -0.034785 0.148097 0.988361
-1.173017 -7.957596 -103.358287 56.487252 0.367966 -0.563689 0.739497 -0.321074 0.669353 0.669983 -0.872647 -0.483964 0.065313
-0.924299 -7.286117 -105.998304 47.220692 0.338584 -0.528594 0.778427 -0.252350 0.745971 0.616317 -0.906466 -0.405111 0.119183
2.801174 -7.274693 -255.594150 59.620714 0.239925 -0.414634 0.877790 -0.400852 0.781206 0.478575 -0.884169 -0.466686 0.021224
-5.382116 -6.895814 25.342423 99.652226 -0.102953 -0.366557 -0.924682 -0.120470 0.927374 -0.354211 0.987364 0.074929 -0.139635
-5.464109 -7.468606 -42.693292 143.205712 0.040346 -0.596585 -0.801535 -0.119604 0.793537 -0.596653 0.992002 0.119939 -0.039338
-5.820004 -8.327645 50.107909 111.327737 -0.069282 -0.488919 -0.869574 -0.035582 0.872325 -0.487631 0.996962 -0.002843 -0.077833
-4.974657 -5.887355 10.675892 76.634436 -0.219667 0.011195 -0.975511 -0.110581 0.993204 0.036299 0.969288 0.115846 -0.216936
-4.909304 -5.324801 5.362961 105.548649 -0.144049 -0.120290 -0.982232 -0.192022 0.977116 -0.091502 0.970761 0.175430 -0.163851
-5.146484 -5.981301 -25.849464 100.992133 0.013178 -0.565851 -0.824402 -0.195297 0.807138 -0.557124 0.980656 0.168346 -0.099873
-0.738983 -10.787616 -40.417690 -71.457373 -0.107582 0.992791 0.052849 0.192247 -0.031381 0.980845 -0.975432 -0.115681 0.187485
-0.719169 -10.346237 15.892070 -78.994414 -0.065003 0.997242 0.035816 0.226870 -0.020183 0.973716 -0.971753 -0.071420 0.224932
-0.559643 -10.094997 6.106217 -44.425224 -0.073556 0.996805 0.031136 0.125857 -0.021693 0.991811 -0.989318 -0.076873 0.123859
-0.842814 -10.384927 20.798546 -42.858257 -0.056038 0.998241 0.019372 0.201347 -0.007705 0.979490 -0.977916 -0.058789 0.200561
2.248740 -15.195948 30.766371 22.677512 0.305350 0.948286 -0.086694 0.464915 -0.069009 0.882662 -0.831033 0.309826 0.461944
2.807257 -15.266154 -28.740853 -60.338336 0.240932 0.966149 -0.092234 0.423507 -0.019150 0.905690 -0.873266 0.257272 0.413785
2.761428 -14.564055 42.150436 -76.214057 0.309432 0.945425 -0.102099 0.286293 0.009766 0.958092 -0.906801 0.325694 0.267646
2.127787 -15.439505 11.391326 25.394623 0.281474 0.955389 -0.089467 0.604241 -0.104042 0.789980 -0.745430 0.276418 0.606571
1.869367 -15.153808 98.399055 41.340793 0.367104 0.926049 -0.087564 0.393970 -0.069517 0.916491 -0.842629 0.370945 0.390355
1.580611 -15.223215 59.302863 29.804027 0.335133 0.936841 -0.100068 0.594248 -0.127760 0.794070 -0.731132 0.325585 0.599533
-0.051292 -18.114984 -11.466395 194.392635 0.120946 0.984780 -0.124818 0.985978 -0.104614 0.130013 0.114977 -0.138793 -0.983624
0.138165 -20.581273 -22.405010 -105.125801 0.107381 0.986261 -0.125535 -0.981228 0.125474 0.146450 -0.160189 -0.107452 -0.981220
-0.054445 -19.076151 -4.342595 128.609819 0.107906 0.986899 -0.119944 0.992077 -0.114702 -0.051255 -0.064341 -0.113463 -0.991457
-0.340642 -19.071766 -16.131227 -103.296721 0.094720 0.989221 -0.111671 -0.983637 0.110269 0.142473 -0.153252 -0.096349 -0.983479
-0.041530 -17.801131 8.472176 168.258846 0.120599 0.986062 -0.114615 0.987615 -0.107506 0.114277 0.100362 -0.126977 -0.986815
0.113495 -14.266451 -37.241887 -313.900113 0.147765 0.980563 -0.129080 -0.894740 0.076922 -0.439913 0.421434 -0.180497 -0.888715
0.339654 -17.580364 -30.044482 -261.979966 0.132093 0.983061 -0.127053 -0.971065 0.102611 -0.215649 0.198959 -0.151862 -0.968170
-0.071135 -14.854999 -13.877498 -294.771350 0.143440 0.981975 -0.123088 -0.918045 0.085576 -0.387131 0.369619 -0.168530 -0.913772
-0.049469 -11.890118 -21.825920 -231.778113 0.180760 0.978041 -0.103739 -0.813991 0.089564 -0.573932 0.552038 -0.188186 -0.812306
-0.137896 -11.792901 -2.726501 -311.633755 0.151351 0.981940 -0.113522 -0.847501 0.069797 -0.526184 0.508757 -0.175849 -0.842759
-0.014728 -9.151583 -380.044547 24.070181 0.106857 0.223707 -0.968781 0.509886 0.824153 0.246551 0.853579 -0.520314 -0.025998
5.256093 -9.054176 -425.701040 57.367465 0.129053 0.300333 -0.945064 0.554521 0.768241 0.319863 0.822102 -0.565337 -0.067397
1.145145 -7.213789 -429.319220 -64.792400 0.061288 0.154295 -0.986122 0.647973 0.745330 0.156891 0.759194 -0.648596 -0.054300
-4.292370 -9.163325 -413.498374 27.045780 0.056960 0.183341 -0.981398 0.536713 0.823246 0.184946 0.841840 -0.537263 -0.051510
2.002349 -8.886849 31.682863 -18.049570 -0.103005 0.993155 0.055069 -0.294968 -0.083372 0.951863 -0.949939 -0.081803 -0.301537
3.128641 -8.692786 126.895183 -90.410788 -0.113320 0.987421 0.110264 -0.333978 -0.142377 0.931766 -0.935744 -0.068762 -0.345911
1.885397 -8.720604 106.407066 -85.652956 -0.078150 0.994172 0.074265 -0.406055 -0.099776 0.908386 -0.910501 -0.040835 -0.411486
-0.018015 -6.220311 -9.547055 97.342152 0.046837 0.984251 -0.170458 -0.769138 -0.073348 -0.634859 0.637364 -0.160841 -0.753590
0.080787 -5.700854 -37.163216 26.155860 0.031782 0.978337 -0.204565 -0.790959 -0.100506 -0.603558 0.611043 -0.180985 -0.770630
-0.104845 -6.089704 -15.510784 77.258987 0.034166 0.982741 -0.181802 -0.745698 -0.096046 -0.659325 0.665408 -0.158096 -0.729547
-2.325194 -12.453017 11.180150 43.854674 0.182285 0.982635 0.034657 0.900235 -0.180967 0.396016 -0.395410 0.040988 0.917590
-2.377968 -12.612053 4.852188 13.489667 0.197169 0.979672 0.036967 0.814352 -0.184658 0.550211 -0.545852 0.078380 0.834207
-2.108333 -12.421759 -20.028089 21.336193 0.159327 0.983831 0.081805 0.829419 -0.178340 0.529394 -0.535423 0.016497 0.844423
-1.903172 -12.956738 -53.064954 5.474717 0.129153 0.983882 0.123677 0.840570 -0.174792 0.512727 -0.526081 -0.037739 0.849597
-2.014449 -12.519168 -21.387078 20.485832 0.157358 0.983081 0.093757 0.905692 -0.181509 0.383114 -0.393650 -0.024629 0.918931
6.986015 -7.913497 -77.673848 12.570267 -0.457559 0.886453 0.069571 0.041271 -0.056985 0.997522 -0.888221 -0.459296 0.010511
7.732893 -8.223733 72.779321 92.971386 -0.337148 0.937599 0.085085 -0.006305 -0.092624 0.995681 -0.941430 -0.335156 -0.037139
7.335679 -7.820581 79.168641 -16.277433 -0.293575 0.950375 0.102961 0.079782 -0.082972 0.993353 -0.952601 -0.299838 0.051464
-0.195850 -9.766539 42.934785 167.593775 -0.497437 0.854406 -0.150157 -0.487993 -0.418707 -0.765864 0.717230 0.307693 -0.625224
-0.779957 -11.087714 14.541328 178.685204 -0.453974 0.884039 -0.111281 -0.521397 -0.364849 -0.771382 0.722532 0.292166 -0.626567
0.156397 -9.536565 41.098996 -45.128539 -0.509994 0.838615 -0.191395 -0.524075 -0.479371 -0.703952 0.682093 0.258706 -0.683974
1.232055 -8.945972 86.724203 0.085727 -0.527133 0.824448 -0.205953 -0.463538 -0.482095 -0.743450 0.712225 0.296430 -0.636290
0.494516 -11.042572 83.284546 273.591807 -0.507689 0.847431 -0.155284 -0.432675 -0.406653 -0.804628 0.745013 0.341313 -0.573115
1.852154 -16.935278 -73.762557 -63.201921 -0.189571 0.978925 -0.075952 0.934157 0.155999 -0.320958 0.302346 0.131795 0.944043
1.684217 -16.927439 -52.032688 -11.660825 -0.170619 0.980633 -0.096166 0.857754 0.099787 -0.504282 0.484920 0.168527 0.858168
1.296023 -16.054235 -37.178440 -19.018842 -0.193589 0.978398 -0.072531 0.909781 0.151359 -0.386510 0.367182 0.140812 0.919429
1.315564 -15.752171 -28.634682 -45.591415 -0.193883 0.979069 -0.061917 0.957753 0.175241 -0.228033 0.212409 0.103513 0.971683
1.550337 -3.672745 60.001060 -31.726745 0.427746 0.885714 -0.180401 0.684909 -0.447835 -0.574756 0.589859 -0.122291 0.798192
1.967862 -3.364072 77.879492 -44.447601 0.433319 0.879721 -0.195770 0.705877 -0.466339 -0.533165 0.560332 -0.092841 0.823049
1.134059 -3.451996 81.825282 -45.129093 0.470134 0.848034 -0.244564 0.655638 -0.521069 -0.546467 0.590857 -0.096567 0.800976
-4.572249 -8.548305 59.951475 163.268860 -0.413368 0.783154 -0.464540 0.776146 0.569823 0.269999 -0.476157 0.248942 0.843388
-5.068776 -9.164189 25.415339 158.302243 -0.384654 0.841250 -0.379921 0.805046 0.507108 0.307803 -0.451601 0.187456 0.872306
-5.075647 -7.751527 43.727401 112.942516 -0.228542 0.896444 -0.379680 0.894269 0.347453 0.282063 -0.384774 0.275073 0.881070
-5.297052 -8.462789 3.860977 99.612021 -0.184126 0.945144 -0.269814 0.920603 0.262006 0.289556 -0.344365 0.195077 0.918345
-4.148065 -7.374180 67.575606 132.022188 -0.375229 0.778684 -0.502847 0.813153 0.536934 0.224686 -0.444955 0.324583 0.834662
1.566935 -34.503568 20.069300 309.697953 -0.451208 0.888935 -0.078777 -0.169077 -0.171826 -0.970509 0.876256 0.424582 -0.227828
1.349899 -37.286682 -3.260815 704.558765 -0.458282 0.885099 -0.081102 -0.325810 -0.252189 -0.911180 0.826937 0.391154 -0.403948
1.540939 -30.368559 5.714412 358.625770 -0.453661 0.881323 -0.132140 -0.450234 -0.354624 -0.819470 0.769078 0.312268 -0.557681
5.607169 -638.819930 -606.437905 -42663.621517 0.845247 -0.493686 -0.204528 0.246895 0.700230 -0.669867 -0.473921 -0.515706 -0.713756
22.443925 -145.349527 -1949.355327 3885.302017 0.787201 -0.473976 -0.394538 -0.481712 -0.073136 -0.873273 -0.385056 -0.877495 0.285893
-15.969144 -433.533033 793.603770 8192.056023 0.946942 -0.118118 -0.298913 -0.153361 0.651265 -0.743192 -0.282456 -0.749601 -0.598596
61.325027 -277.012093 -3305.427458 10783.043170 0.821648 0.084985 -0.563625 -0.546734 -0.162099 -0.821466 0.161175 -0.983108 0.086724
-309.972428 -841.889681 -4193.595588 58363.937460 0.427899 0.893525 0.136074 -0.838441 0.448641 -0.309416 0.337520 -0.018309 -0.941140
-514.803563 -932.236215 -52903.506553 -48599.652437 0.575040 0.314091 -0.755431 0.659970 -0.723782 0.201443 -0.483496 -0.614399 -0.623495
-26.036009 -892.367045 140.829110 247420.965560 -0.498367 0.862358 0.089274 -0.505673 -0.372779 0.778030 -0.704219 -0.342600 -0.621852
-0.081619 -4.432340 59.584042 46.655273 0.053051 0.985656 0.160211 0.407854 -0.167832 0.897490 -0.911505 -0.017730 0.410908
0.658303 -4.003583 63.802632 21.074849 0.077037 0.969753 0.231612 0.388511 -0.243137 0.888788 -0.918218 -0.021514 0.395491
-0.243245 -4.398045 62.396715 24.972484 0.030329 0.995892 0.085314 0.337944 -0.090544 0.936801 -0.940677 -0.000419 0.339302
-1.334374 -6.606033 30.182842 101.587128 -0.222310 0.825301 0.519093 -0.066287 0.518390 -0.852571 0.972720 0.223944 0.060536
-1.967331 -8.252780 57.274715 115.787427 -0.212506 0.810953 0.545158 0.028028 0.562729 -0.826166 0.976758 0.160285 0.142313
-2.488046 -6.810347 91.937428 97.800272 -0.208858 0.823989 0.526708 -0.066676 0.525335 -0.848279 0.975670 0.212289 0.054780
-1.004550 -7.661995 12.798447 125.770293 -0.226351 0.812721 0.536889 -0.000636 0.551072 -0.834457 0.974046 0.189222 0.124219
-1.787373 -5.379560 47.136946 72.326648 -0.226490 0.853192 0.469856 -0.129238 0.451802 -0.882707 0.965401 0.260648 -0.007936
-0.869403 -6.226105 17.519832 111.897923 -0.243959 0.812165 0.529974 -0.082414 0.527147 -0.845768 0.966277 0.250010 0.061669
-0.504397 -6.577229 12.320041 -22.652208 -0.084462 -0.976630 -0.197637 0.996421 -0.083452 -0.013450 -0.003358 -0.198066 0.980183
-0.603183 -7.160777 13.578231 16.328574 -0.094350 -0.977609 -0.188092 0.994251 -0.102140 0.032143 -0.050635 -0.183978 0.981625
-0.348364 -7.314356 13.064959 70.560526 -0.117984 -0.974090 -0.192948 0.990799 -0.128453 0.042638 -0.066318 -0.186142 0.980282
-0.487272 -4.519881 -34.032920 -70.276380 -0.020463 -0.998528 0.050221 0.999790 -0.020389 0.001998 -0.000971 0.050251 0.998736
-0.848779 -4.357475 14.446341 -71.022442 -0.000870 0.999624 -0.027390 0.999422 0.001800 0.033949 -0.033986 0.027345 0.999048
-0.834146 -5.012542 16.179364 -28.897002 0.050905 0.998406 -0.024386 0.996406 -0.052428 -0.066528 0.067701 0.020912 0.997486
-1.214605 -4.797270 11.633646 -39.417416 0.017211 0.999845 -0.003662 0.999581 -0.017291 -0.023211 0.023271 0.003261 0.999724
-1.055957 -6.042330 16.258271 -19.897920 0.068871 0.997372 -0.022510 0.985863 -0.071497 -0.151531 0.152742 0.011755 0.988196
-0.743123 -5.931104 11.095610 -30.175804 0.079925 0.996276 -0.032339 0.984852 -0.083933 -0.151732 0.153881 0.019722 0.987892
-1.191903 -5.891238 12.161065 -45.732666 0.044921 0.998989 -0.001736 0.991778 -0.044805 -0.119873 0.119830 -0.003663 0.992788
2.353495 -14.028270 -36.388177 34.898230 -0.002994 0.999915 0.012717 -0.999610 -0.003345 0.027719 -0.027759 0.012629 -0.999535
3.318739 -15.002198 -24.519400 -321.265732 -0.055282 0.994612 0.087697 0.996447 0.049368 0.068234 0.063537 0.091157 -0.993808
2.577988 -12.330529 -33.045332 134.888730 -0.053987 0.996719 0.060300 -0.993557 -0.059646 0.096370 -0.099650 0.054708 -0.993517
2.997099 -16.126210 -58.411986 273.075767 -0.000256 0.999957 0.009293 -0.985713 0.001312 -0.168431 0.168436 0.009204 -0.985670
1.671356 -17.491708 -10.572457 -398.957345 0.066543 0.997778 0.003274 -0.986405 0.065289 0.150806 -0.150257 0.013265 -0.988558
1.456003 -18.712879 -33.174471 -385.972785 0.088429 0.995540 -0.032877 -0.988281 0.091812 0.121947 -0.124421 -0.021708 -0.991992
2.091705 -15.261353 -50.276213 -27.253879 0.044756 0.998071 -0.043031 0.998704 -0.043657 0.026155 0.024226 -0.044146 -0.998731
4.589356 -41.171473 -43.171797 809.395124 0.020583 0.980499 0.195445 -0.610623 0.167119 -0.774087 0.791654 0.103410 -0.602155
3.726006 -37.605235 -98.926262 643.324448 0.093768 0.980885 0.170505 -0.560471 0.193551 -0.805239 0.822848 0.020058 -0.567907
4.677232 -44.439143 -20.059487 290.206142 0.024892 0.981496 0.189857 -0.256844 0.189820 -0.947628 0.966132 0.025175 -0.256817
5.258338 -41.702851 -53.637777 172.984570 -0.016333 0.978754 0.204388 -0.462504 0.173836 -0.869408 0.886467 0.108730 -0.449838
3.350932 -10.218386 30.770820 -239.889931 0.997278 -0.040387 -0.061681 -0.048412 0.272262 -0.961005 -0.055605 -0.961375 -0.269566
2.788784 -6.884470 -9.326466 -142.677963 0.985757 -0.096208 -0.137940 -0.113349 0.225848 -0.967546 -0.124239 -0.969400 -0.211726
2.328149 -8.503190 -16.181829 52.899356 0.994832 -0.093080 0.040574 0.054664 0.154216 -0.986524 -0.085569 -0.983643 -0.158507
2.431633 -9.893818 18.549527 14.087903 0.994157 -0.048712 0.096323 0.102901 0.158243 -0.982024 -0.032593 -0.986198 -0.162331
-1.614466 -8.814598 24.422538 51.241047 -0.024746 0.999636 0.010704 0.028328 0.011404 -0.999534 0.999292 0.024431 0.028600
-1.287274 -8.215426 -1.601377 59.284565 -0.035540 0.998100 0.050338 0.065993 0.052604 -0.996433 0.997187 0.032091 0.067737
-1.392822 -8.336510 18.038855 -13.365506 -0.026208 0.997431 0.066674 0.199270 0.070571 -0.977400 0.979594 0.012329 0.200608
-1.434937 -8.667324 29.986264 39.160498 -0.021113 0.998946 0.040763 0.116820 0.042957 -0.992224 0.992929 0.016187 0.117604
2.257872 -7.284405 -2.823747 16.574328 -0.370812 0.928448 0.021957 0.715390 0.270483 0.644248 -0.592212 -0.254603 0.764502
2.686225 -7.650134 50.548835 59.860297 -0.426409 0.904229 -0.023361 0.688227 0.341091 0.640312 -0.586957 -0.256957 0.767759
3.094386 -7.513883 -6.587614 52.249590 -0.418573 0.908122 0.010574 0.655147 0.293867 0.696006 -0.628951 -0.298257 0.717958
-8.816661 -13.063922 1.280210 392.598341 0.289123 0.798081 0.528653 -0.446601 0.600909 -0.662915 0.846732 0.044433 -0.530160
-8.215469 -11.039728 136.413918 85.546639 -0.087468 0.994940 0.049434 -0.453889 0.004369 -0.891047 0.886755 0.100376 -0.451211
-5.918130 -9.608253 -14.037575 87.307870 -0.290482 0.935933 -0.199122 -0.473038 -0.321346 -0.820348 0.831778 0.144104 -0.536077
0.099383 -5.727689 423.464602 2.202722 0.792647 -0.609307 0.021324 0.603500 0.779166 -0.169375 -0.086586 -0.147124 -0.985321
11.088959 -21.535124 354.985168 -344.514376 0.596732 0.802169 0.020856 0.120089 -0.063576 -0.990725 0.793403 -0.593702 0.134270
6.828412 -19.457136 165.427914 -88.056276 0.579668 0.814733 0.013977 -0.016332 0.028765 -0.999453 0.814689 -0.579122 -0.029981
5.114801 -17.663947 87.418061 227.366877 0.585845 0.808707 0.052717 -0.211557 0.215401 -0.953334 0.782323 -0.547353 -0.297279
-4.536591 -7.859553 -196.936303 104.549866 -0.037679 0.915598 -0.400325 -0.886968 -0.215171 -0.408643 0.460291 -0.339678 -0.820214
-2.545260 -6.787383 -247.598836 79.603217 0.175752 0.932487 -0.315561 -0.913735 0.035237 -0.404779 0.366332 -0.359480 -0.858240
1.462108 -6.202623 -284.451811 -55.074645 0.272606 0.915742 -0.295132 0.883688 -0.116998 0.453218 0.380501 -0.384355 -0.841125
3.338629 -6.206510 -195.179034 52.836760 0.190623 0.939851 -0.283448 -0.865368 0.024561 -0.500534 0.463466 -0.340700 -0.817999
-3.048236 -11.746570 -44.972863 297.105939 0.011731 0.994461 0.104446 0.877025 0.039940 -0.478782 0.480302 -0.097218 0.871699
-2.709834 -14.470740 -39.241388 389.764695 -0.049254 0.985362 0.163202 0.924050 0.106974 -0.367000 0.379086 -0.132731 0.915793
-1.719063 -14.106285 -69.753813 405.088593 -0.054775 0.970645 0.234196 0.908682 0.145679 -0.391248 0.413880 -0.191379 0.889987
-2.018126 -10.697136 -60.221915 237.022431 -0.024161 0.981759 0.188590 0.855419 0.117931 -0.504332 0.517373 -0.149138 0.842664
-1.265869 -7.863549 8.864176 -139.583278 0.037380 0.972023 0.231894 -0.894453 0.136020 -0.425972 0.445597 0.191495 -0.874513
-0.947847 -7.158604 30.497011 -91.569616 0.000646 0.976145 0.217120 -0.876797 0.104958 -0.469267 0.480861 0.190067 -0.855948
-1.815404 -8.831105 -0.178332 -153.566528 -0.003471 0.978231 0.207488 -0.932434 0.071805 -0.354134 0.361323 0.194698 -0.911887
