19542
39068
-5.930244 -9.357697 55.920241 -100.184090 -0.381494 0.907386 0.176386 0.918451 0.350523 0.183252 0.104453 0.231912 -0.967112
-7.229149 -9.129956 41.151456 -218.397276 0.113675 0.978867 0.169993 0.993156 -0.116578 0.007162 0.026828 0.168016 -0.985419
-4.894751 -7.724568 24.224307 -103.485210 -0.599796 0.784577 0.157112 0.800013 0.591684 0.099440 -0.014942 0.185335 -0.982562
-5.617100 -6.832382 66.472285 -149.950477 -0.337987 0.931584 0.133853 0.938005 0.345052 -0.032956 -0.076887 0.114416 -0.990453
-4.931438 -8.195729 -41.784413 -79.443843 -0.587797 0.784689 0.196868 0.808221 0.558841 0.185676 0.035680 0.268253 -0.962687
-3.898650 -6.572557 0.003043 -90.912068 0.769879 -0.617820 -0.159953 0.631450 0.773764 0.050603 -0.092502 0.139960 -0.985827
-4.412538 -7.234963 11.162333 -52.960152 0.802754 -0.567084 -0.184397 0.593941 0.787914 0.162558 -0.053105 0.240015 -0.969316
0.219837 -5.363609 -489.097842 30.125405 -0.577903 0.536610 0.614880 0.312637 0.841522 -0.440566 -0.753847 -0.062370 -0.654083
6.914480 -7.552553 -875.488687 4.037203 -0.632425 0.537524 0.557769 0.299556 0.833743 -0.463831 -0.714356 -0.126255 -0.688299
1.540002 -6.019271 -564.358445 41.023077 -0.640516 0.371531 0.672089 0.130609 0.915132 -0.381412 -0.756757 -0.156519 -0.634682
-4.640039 -5.334176 -61.263633 -65.918584 -0.373095 0.845800 0.381343 -0.465595 -0.526204 0.711569 -0.802510 -0.087931 -0.590124
-9.789967 -10.431196 -149.859180 225.914196 -0.288322 -0.576007 -0.764909 -0.393390 0.799559 -0.453817 0.872992 0.170062 -0.457126
-8.504279 -11.925497 -147.372735 -210.613159 -0.238934 0.918927 -0.313822 -0.479258 -0.392675 -0.784932 0.844525 0.037145 -0.534227
-8.920345 -11.110512 -26.758682 261.372237 -0.505130 0.664696 -0.550476 0.264321 0.726330 0.634491 0.821571 0.174999 -0.542584
1.832530 -12.111109 21.619815 115.453618 0.173819 0.953058 -0.247926 -0.555746 0.302771 0.774259 -0.812978 -0.003203 -0.582285
1.582687 -12.482355 3.629320 -29.454122 0.209456 0.934870 -0.286611 -0.685486 0.349413 0.638763 -0.697307 -0.062675 -0.714027
1.463629 -13.103599 -25.564665 8.664770 0.207795 0.930760 -0.300846 -0.655750 0.360763 0.663205 -0.725819 -0.059469 -0.685310
1.925648 -13.245690 -4.993443 126.777430 0.222286 0.933694 -0.280722 -0.528401 0.357342 0.770129 -0.819378 0.022855 -0.572797
25.272388 -7.715494 1702.784839 -335.675194 -0.489607 0.544196 0.681275 0.038021 0.793911 -0.606844 -0.871114 -0.271212 -0.409395
39.851205 -5.419262 2531.007687 -392.886529 -0.562268 0.344249 0.751896 -0.173123 0.840085 -0.514087 -0.808630 -0.419225 -0.412756
19.242835 -11.407695 1048.773295 -309.700802 -0.589429 0.463801 0.661409 0.032080 0.831551 -0.554522 -0.807183 -0.305633 -0.505019
7.455460 -13.596181 438.430946 -312.672168 -0.529335 0.653356 0.541230 0.268228 0.734087 -0.623834 -0.804896 -0.185045 -0.563827
12.299803 -13.922232 503.694688 -202.322167 -0.663877 0.438916 0.605492 0.171489 0.877426 -0.448014 -0.727915 -0.193591 -0.657771
-6.074985 -132.638014 322.751728 -7488.605959 0.131424 0.105683 -0.985677 -0.154831 0.984287 0.084890 0.979160 0.141457 0.145722
-4.898285 -8.087252 -38.438352 241.872301 -0.059847 0.990419 -0.124455 0.125392 -0.116232 -0.985275 0.990301 0.074571 0.117234
23.288941 -259.855135 -978.708056 -14073.783993 0.084758 0.254077 -0.963463 -0.150651 0.959094 0.239672 0.984947 0.124833 0.119568
-3.970523 -367.780889 453.907379 -19641.548232 0.168190 0.037794 -0.985030 -0.251856 0.967747 -0.005873 0.953038 0.249073 0.172284
-1.106326 -7.657932 -4.482859 -80.357541 0.173809 0.983263 0.054633 -0.820857 0.114006 0.559640 -0.544045 0.142116 -0.826933
-0.566433 -6.081294 4.559159 -69.379624 0.214840 0.976080 0.033347 -0.860722 0.173093 0.478745 -0.461521 0.131556 -0.877321
-0.721331 -7.907890 -23.082635 -64.718995 0.112928 0.991195 0.069134 -0.819968 0.053671 0.569887 -0.561159 0.121044 -0.818809
-1.271773 -8.873557 -26.860571 -123.307664 0.122614 0.990091 0.068456 -0.780746 0.053645 0.622541 -0.612700 0.129779 -0.779587
-0.873634 -9.023084 -60.073767 -115.913222 0.069657 0.994930 0.072539 -0.768589 0.007170 0.639703 -0.635939 0.100313 -0.765192
-0.282299 -8.181710 -37.650205 -25.303663 0.070618 0.993531 0.088930 -0.803715 0.003868 0.595002 -0.590809 0.113492 -0.798789
-1.713028 -6.077713 -1.671038 12.784431 -0.311099 0.938469 0.149979 0.945060 0.322153 -0.055494 -0.100395 0.124475 -0.987131
-1.385114 -6.093089 -6.086693 3.988704 -0.336746 0.929910 0.147880 -0.920202 -0.358299 0.157637 -0.199574 0.082996 -0.976362
-1.387374 -6.018266 20.654358 -8.656071 -0.363339 0.913353 0.183767 -0.917766 -0.384825 0.098062 -0.160283 0.133025 -0.978066
-1.599510 -5.825492 20.366041 19.380306 -0.328367 0.927235 0.180030 0.941668 0.336243 -0.014238 -0.073736 0.164853 -0.983558
-0.947819 -5.703060 51.553913 14.619071 -0.350500 0.913268 0.207584 0.929129 0.366939 -0.045543 -0.117763 0.176910 -0.977156
-0.953480 -5.928170 39.104604 -3.210084 -0.399028 0.893161 0.207464 -0.890988 -0.431127 0.142373 -0.216606 0.128037 -0.967827
-0.343613 -8.453398 18.625557 -13.304890 0.025610 0.994712 -0.099455 0.509109 0.072641 0.857631 -0.860321 0.072598 0.504557
-0.442833 -8.781183 28.924315 -23.849517 0.048138 0.996223 -0.072262 0.610873 0.027875 0.791237 -0.790264 0.082231 0.607224
-0.274616 -8.578624 2.324610 -23.513568 0.032504 0.996185 -0.080985 0.609848 0.044428 0.791272 -0.791852 0.075108 0.606077
-0.502629 -9.026671 13.732987 -23.761080 0.060386 0.996695 -0.054335 0.716259 -0.005354 0.697814 -0.695217 0.081056 0.714215
0.958759 -15.740778 -4.296311 -58.392641 0.135961 0.975991 -0.170163 0.987151 -0.148013 -0.060209 -0.083950 -0.159790 -0.983575
1.036294 -15.162034 15.261015 -56.114881 0.153145 0.970934 -0.183938 0.985157 -0.135400 0.105507 0.077535 -0.197366 -0.977259
0.485737 -15.911587 21.100190 -10.313905 0.182351 0.968942 -0.167031 0.969672 -0.149104 0.193659 0.162740 -0.197279 -0.966745
0.497835 -16.456082 43.104652 16.575895 0.191168 0.969983 -0.150291 0.973724 -0.168101 0.153634 0.123758 -0.175711 -0.976632
-1.197197 -11.399916 46.580742 -125.580932 0.357744 0.914779 -0.187614 -0.054433 0.220997 0.973754 -0.932232 0.338143 -0.128855
-1.787053 -12.051418 8.900277 -112.483123 0.312561 0.933054 -0.178090 0.084123 0.159557 0.983598 -0.946166 0.322415 0.028620
-1.310744 -12.762070 55.611900 -97.980868 0.358996 0.910136 -0.206821 0.141089 0.166127 0.975959 -0.922613 0.379546 0.068771
-1.917894 -13.062776 15.128200 -24.603595 0.304269 0.931945 -0.197227 0.283890 0.108922 0.952650 -0.909300 0.345853 0.231428
-0.746547 -12.877216 56.334135 -141.630539 0.366198 0.905103 -0.216073 0.091260 0.196151 0.976318 -0.926051 0.377245 0.010770
-1.257780 -13.897789 37.715008 -41.566802 0.347681 0.907856 -0.234339 0.327936 0.116402 0.937501 -0.878394 0.402800 0.257248
1.357969 -5.303867 11.498717 18.153947 0.350464 0.936570 -0.003430 -0.431057 0.158048 -0.888375 0.831483 -0.312822 -0.459105
1.536572 -5.514041 -18.335736 63.840938 0.359632 0.932964 -0.015587 -0.387480 0.134125 -0.912069 0.848837 -0.334049 -0.409740
1.502274 -5.471399 6.744478 12.069171 0.334925 0.942093 -0.016920 -0.397963 0.125158 -0.908824 0.854079 -0.311121 -0.416837
0.295014 -11.822386 -13.784801 -49.640928 0.105100 0.956701 -0.271437 0.974858 -0.045186 0.218199 0.196486 -0.287545 -0.937396
0.226382 -12.382260 -16.517142 -1.586965 0.130433 0.955231 -0.265558 -0.917824 0.015040 -0.396704 0.374950 -0.295479 -0.878695
0.623605 -12.151017 -49.768828 -42.987756 0.120264 0.954270 -0.273687 0.966596 -0.049705 0.251438 0.226336 -0.294784 -0.928372
0.847005 -12.037375 -52.730499 -80.805408 0.097074 0.955659 -0.278016 0.992992 -0.074079 0.092080 0.067402 -0.285007 -0.956153
0.309169 -11.559788 -35.313414 -41.611941 0.081843 0.955328 -0.283989 0.996398 -0.072082 0.044671 0.022205 -0.286622 -0.957786
-0.043637 -5.391135 -12.465248 -113.610107 0.170760 0.985226 0.013068 -0.980735 0.171228 -0.094023 0.094871 -0.003239 -0.995484
-0.105338 -3.650265 -10.901335 -170.903906 0.248238 0.968375 0.025059 -0.950418 0.248474 -0.186992 0.187304 -0.022602 -0.982042
-0.142447 -5.812059 32.579899 -120.293363 0.184082 0.982433 0.030639 -0.976786 0.186321 -0.105709 0.109561 0.010469 -0.993925
0.136317 -7.052360 25.947016 48.205263 0.126682 0.991637 0.024661 0.991942 -0.126601 -0.004833 -0.001671 0.025075 -0.999684
-0.395428 -7.295638 74.466227 76.092338 0.124566 0.991454 0.038759 0.992079 -0.125092 0.011462 0.016212 0.037025 -0.999183
-0.865261 -5.692798 75.044535 -191.002812 0.143561 0.989169 0.030592 -0.979627 0.146426 -0.137441 0.140431 0.010237 -0.990037
0.753952 -21.769675 51.813361 -111.120408 -0.273523 -0.952452 -0.134243 0.947999 -0.243329 -0.205156 0.162736 -0.183377 0.969479
0.500766 -20.934868 53.385789 -153.943210 -0.263318 -0.954240 -0.141737 0.962498 -0.249922 -0.105534 0.065282 -0.164211 0.984263
0.756762 -20.156667 -20.733854 11.216285 0.259726 0.959612 0.108112 0.960787 -0.268043 0.070998 -0.097109 -0.085432 0.991600
0.788446 -20.452576 17.561914 18.223850 0.251425 0.964806 0.077032 0.957823 -0.259466 0.123500 -0.139141 -0.042732 0.989350
1.009994 -21.132981 -12.047537 -106.490542 -0.266449 -0.960192 -0.083880 0.960404 -0.257139 -0.107252 0.081414 -0.109136 0.990687
-0.089523 -6.383260 4.643154 -9.433153 -0.006096 0.988440 -0.151489 0.168992 0.150331 0.974085 -0.985599 0.019662 0.167955
-0.059439 -7.055890 17.892081 -45.529152 0.006418 0.989191 -0.146490 0.263013 0.139665 0.954630 -0.964771 0.044655 0.259274
-0.220616 -6.719031 -22.179380 -3.413404 -0.009733 0.992042 -0.125530 0.213111 0.124710 0.969036 -0.976980 0.017320 0.212629
-0.342162 -6.950135 -35.465151 6.139747 -0.005810 0.994668 -0.102963 0.237612 0.101389 0.966054 -0.971343 0.018853 0.236934
-0.492764 -6.351865 -43.893560 -12.183205 -0.010375 0.995038 -0.098954 0.129701 0.099462 0.986552 -0.991499 0.002599 0.130089
-0.399099 -9.856957 4.999281 -10.586553 0.297374 0.954660 -0.013880 0.874311 -0.278128 -0.397775 0.383601 -0.106153 0.917378
-0.227453 -9.890670 20.719571 -13.008242 0.308274 0.950507 -0.038779 0.806891 -0.282852 -0.518577 0.503880 -0.128573 0.854151
-0.325641 -9.683418 -2.268513 -0.261094 0.309473 0.950554 -0.025962 0.859285 -0.291243 -0.420484 0.407254 -0.107820 0.906928
0.816294 -21.287454 -3.925386 5.908065 0.304278 0.951820 -0.038130 0.613411 -0.226406 -0.756616 0.728795 -0.206833 0.652747
0.886288 -20.175103 24.541037 -55.498092 0.295375 0.954222 -0.047049 0.564278 -0.213985 -0.797371 0.770937 -0.208975 0.601652
1.008519 -19.840622 17.090311 10.646567 0.277770 0.960413 -0.021219 0.735259 -0.226762 -0.638728 0.618254 -0.161818 0.769140
-4.619139 -20.319445 -22.538165 -233.812016 0.149627 0.960251 0.235649 0.776480 0.033430 -0.629254 0.612120 -0.277131 0.740613
-5.482835 -19.084507 -55.073007 48.469178 0.132930 0.958896 0.250696 0.896635 -0.008562 -0.442688 0.422346 -0.283629 0.860917
-4.408513 -19.207012 -77.042026 -230.540946 0.164458 0.940146 0.298462 0.848814 0.019248 -0.528341 0.502462 -0.340229 0.794844
-4.162456 -18.165904 124.371282 -77.581974 0.120068 0.989358 0.082179 0.838670 -0.056788 -0.541672 0.531241 -0.133959 0.836563
-3.097570 -20.598045 192.573096 140.063735 0.132941 0.991074 0.009956 0.886545 -0.114417 -0.448270 0.443130 -0.068420 0.893843
-4.936269 -18.534205 110.691439 179.754512 0.150463 0.984083 0.094563 0.901878 -0.097454 -0.420855 0.404940 -0.148607 0.902186
-4.730079 -22.229016 159.672542 385.226697 0.152472 0.986520 0.059423 0.958862 -0.133094 -0.250739 0.239451 -0.095209 0.966229
1.883098 -6.577145 35.485156 48.428037 0.003352 0.999745 0.022338 -0.998129 0.004708 -0.060964 0.061054 0.022091 -0.997890
2.160314 -6.310897 -2.565230 40.125164 0.003720 0.999691 -0.024573 -0.996881 0.001770 -0.078900 0.078832 -0.024790 -0.996580
2.046549 -6.637007 20.669029 -12.277805 0.031424 0.999408 0.014011 -0.985003 0.033345 -0.169287 0.169654 0.008481 -0.985467
1.529566 -6.944384 44.475180 -8.974921 0.032735 0.998660 0.040093 -0.987630 0.038476 -0.152008 0.153347 0.034621 -0.987566
-0.737466 -18.731266 -17.973565 -220.366116 0.213098 0.970777 0.110371 0.949696 -0.232345 0.209986 -0.229494 -0.060071 0.971455
-0.387977 -16.723343 5.643716 -149.320420 0.202033 0.975487 0.087225 0.881537 -0.219930 0.417759 -0.426702 0.007509 0.904361
-0.440041 -18.025006 -28.605792 -151.453693 0.226775 0.966964 0.116422 0.911069 -0.252868 0.325595 -0.344278 -0.032231 0.938314
-0.049377 -256.603885 172.345516 -18195.912115 -0.193462 0.934189 0.299771 -0.212690 0.258343 -0.942349 0.957776 0.246068 -0.148713
3.141480 -270.494731 264.332609 1393.262496 -0.191859 0.909716 0.368249 0.625059 0.402542 -0.668776 0.756632 -0.101867 0.645857
-5.484500 -389.759101 736.325839 -12394.511716 -0.184876 0.922936 0.337653 0.663960 0.370605 -0.649468 0.724554 -0.104117 0.681309
-11.022593 -570.148521 -8.438468 -3140.490354 -0.225685 0.956751 0.183561 -0.593717 0.014309 -0.804547 0.772377 0.290557 -0.564810
-0.233246 -279.325362 152.271632 15636.653334 -0.224853 0.939975 0.256688 0.927681 0.125926 0.351498 0.298075 0.317160 -0.900312
0.266186 -6.789545 -19.739673 -8.265951 -0.009658 0.984106 0.177319 0.972126 -0.032302 0.232222 -0.234259 -0.174619 0.956363
0.401680 -5.938733 23.129206 88.448307 -0.016907 -0.983213 -0.181678 0.993931 -0.036280 0.103848 -0.108696 -0.178820 0.977859
0.279611 -6.201231 22.694213 66.273208 -0.018234 -0.981549 -0.190337 0.989409 -0.045132 0.137959 -0.144004 -0.185806 0.971977
0.354812 -3.810839 16.178081 238.449790 -0.078167 -0.979573 -0.185276 0.996868 -0.079032 -0.002724 -0.011975 -0.184909 0.982683
-1.524406 -4.747334 -61.263652 -51.427271 -0.090850 0.939838 -0.329318 0.397800 0.337406 0.853178 -0.912963 0.053491 0.404521
-0.638945 -3.971638 -56.485939 -38.474507 -0.052332 0.974063 -0.220144 0.370661 0.223645 0.901439 -0.927293 0.034425 0.372751
-0.765078 -4.576825 -53.018407 -48.070368 -0.102686 0.940088 -0.325100 0.425907 0.336906 0.839701 -0.898921 0.052236 0.434986
0.000989 -3.847944 -35.709553 -46.131187 -0.051673 0.974561 -0.218083 0.393335 0.220585 0.892541 -0.917942 0.039660 0.394727
-1.536199 -5.260083 -67.149098 -43.235185 -0.130276 0.912468 -0.387854 0.464996 0.401728 0.788919 -0.875675 0.077573 0.476629
-0.965033 -5.339814 -49.628382 -46.315436 -0.126108 0.923075 -0.363359 0.493250 0.376141 0.784361 -0.860698 0.080313 0.502741
-0.314502 -4.634892 -29.241624 -43.854750 -0.089063 0.950205 -0.298626 0.458925 0.305245 0.834394 -0.884000 0.062733 0.463260
-0.415168 -12.232853 32.245005 174.324096 0.353338 0.911150 -0.212031 -0.430914 0.359695 0.827607 -0.830341 0.201057 -0.519721
-0.543681 -10.872634 48.347018 79.977189 0.366256 0.910120 -0.193749 -0.316943 0.317783 0.893622 -0.874873 0.265887 -0.404847
0.333480 -11.680965 49.519086 197.598458 0.371746 0.903608 -0.212833 -0.380198 0.357347 0.853084 -0.846909 0.236212 -0.476392
-4.578684 -84.163150 -164.441062 475.105106 0.139849 -0.254213 -0.956984 -0.122119 0.954675 -0.271445 0.982613 0.154827 0.102466
-10.116129 -161.607490 239.563060 4392.831088 -0.023136 -0.155595 -0.987550 -0.137223 0.978959 -0.151026 0.990270 0.132020 -0.044000
-11.083904 -283.428594 -85.169149 17433.904600 0.016236 -0.103523 -0.994495 -0.490611 0.865835 -0.098139 0.871227 0.489503 -0.036732
1.996571 -17.341607 -108.271090 -709.286524 0.162649 -0.244374 -0.955943 0.974503 0.191551 0.116839 0.154559 -0.950573 0.269299
0.634379 -26.286602 -107.249673 -1009.642647 0.162301 -0.248858 -0.954845 0.959441 0.265848 0.093795 0.230502 -0.931340 0.281912
2.095360 -30.156274 -94.854796 -1109.785015 0.112368 -0.273682 -0.955234 0.909527 0.415470 -0.012044 0.400167 -0.867458 0.295607
-0.466196 -3.245715 -20.433203 15.022004 -0.133166 0.990825 0.023093 -0.833309 -0.124549 0.538594 -0.536529 -0.052478 -0.842249
-0.633041 -3.852168 -17.934027 57.467278 -0.283234 0.951743 0.118167 -0.821053 -0.304307 0.482980 -0.495632 -0.039775 -0.867622
-0.467679 -3.273948 -13.094316 43.683471 -0.223783 0.971485 0.078352 -0.835036 -0.232566 0.498626 -0.502630 -0.046158 -0.863269
-3.803788 -7.248671 -97.283137 183.394471 0.212141 0.888374 0.407170 0.088064 0.397580 -0.913332 0.973263 -0.229612 -0.006109
-3.895749 -10.078449 -76.694394 213.518778 0.219887 0.800549 0.557469 0.180778 0.528118 -0.829705 0.958629 -0.283219 0.028595
-4.129162 -10.682424 -66.048860 -140.799023 0.251457 0.940370 0.229071 0.047948 0.224282 -0.973344 0.966680 -0.255737 -0.011308
-3.217701 -8.861667 -37.115929 146.221199 0.144672 0.824328 0.547315 0.196603 0.518159 -0.832382 0.969751 -0.228026 0.087102
-2.221076 -10.445871 33.869435 163.850254 -0.011308 0.916291 0.400353 0.141586 0.397812 -0.906476 0.989861 -0.046434 0.134233
0.020616 -7.822825 152.015620 365.122558 -0.043330 0.906289 0.420432 -0.053880 0.418095 -0.906804 0.997607 0.061945 -0.030715
0.277705 -11.202529 210.940525 128.253359 -0.064991 0.971646 0.227332 0.105163 0.233214 -0.966722 0.992329 0.038922 0.117338
-2.248997 -11.539072 36.966778 -72.267109 -0.014139 0.955071 0.296040 0.326382 0.284261 -0.901482 0.945132 -0.083876 0.315737
-3.121065 -11.769422 -33.246898 -90.714394 0.023786 0.918324 0.395114 0.308367 0.369215 -0.876693 0.950970 -0.142693 0.274399
-5.559682 -9.323032 -25.192627 -36.579482 0.045607 0.995003 0.088820 0.852169 -0.085148 0.516293 -0.521276 -0.052143 0.851794
-5.780835 -9.216918 33.486002 -29.860308 0.128420 0.991698 0.006617 0.833691 -0.111568 0.540844 -0.537092 0.063938 0.841097
-5.731380 -8.873990 6.469625 -31.320404 0.112587 0.992435 0.048956 0.771992 -0.118385 0.624511 -0.625582 0.032518 0.779480
-5.541119 -8.961592 -40.383491 -23.791865 0.043737 0.988435 0.145203 0.754763 -0.127915 0.643405 -0.654538 -0.081453 0.751629
-5.640557 -8.598152 -4.832638 -15.190019 0.084592 0.994528 0.061312 0.691905 -0.102908 0.714617 -0.717016 0.018029 0.696824
-5.802914 -8.570996 23.765210 -12.465403 0.147494 0.988982 -0.012664 0.688309 -0.093441 0.719374 -0.710265 0.114820 0.694507
0.433046 -6.226109 123.460166 12.283467 -0.119563 0.988770 -0.089656 0.039100 -0.085545 -0.995567 0.992056 0.122539 0.028433
-0.988250 -6.421001 144.981410 18.967090 -0.116045 0.988808 -0.093769 0.112922 -0.080661 -0.990324 0.986804 0.125510 0.102298
-1.067585 -6.150469 133.792709 13.299232 -0.112324 0.989743 -0.088279 0.014547 -0.087193 -0.996085 0.993565 0.113168 0.004604
0.116111 -6.056303 109.961372 7.060797 -0.115781 0.989278 -0.089016 -0.045232 -0.094777 -0.994470 0.992244 0.111114 -0.055721
-1.022740 -6.065162 126.544988 -0.100967 -0.111697 0.989561 -0.091070 -0.078093 -0.100101 -0.991908 0.990669 0.103681 -0.088459
-5.327224 -120.641086 831.858875 -8716.355860 0.323268 -0.165588 -0.931707 0.109975 0.984474 -0.136809 0.939895 -0.058239 0.336459
58.096685 -347.519502 3412.745286 -26931.793637 0.378767 -0.328909 -0.865075 0.153267 0.944104 -0.291850 0.912713 -0.022044 0.408006
-8.576331 -13.889951 151.730618 -300.895595 0.269974 -0.577180 -0.770699 0.395852 0.796182 -0.457598 0.877733 -0.181543 0.443426
-8.602963 -119.918141 481.553095 -7933.504670 0.281895 -0.015472 -0.959321 -0.081096 0.995908 -0.039892 0.956012 0.089043 0.279487
-1.999848 -7.676146 -152.558346 -26.367052 0.040312 0.996441 0.074034 0.825007 0.008606 -0.565057 0.563683 -0.083857 0.821724
-3.101700 -7.722203 -56.923087 -29.164611 -0.084475 0.990889 0.104891 0.826922 0.128447 -0.547450 0.555936 -0.040490 0.830239
-1.566171 -7.283146 -101.091616 -33.565676 0.000430 0.997089 0.076242 0.885522 0.035043 -0.463275 0.464598 -0.067714 0.882929
0.468048 -7.411460 -171.790199 -29.269765 0.099936 0.993839 0.047930 0.862096 -0.062436 -0.502884 0.496793 -0.091576 0.863024
0.886290 -7.099293 -162.438271 -36.001029 0.098362 0.994073 0.046301 0.914431 -0.071931 -0.398299 0.392607 -0.081516 0.916087
-1.964072 -7.213703 -11.702238 -53.838524 -0.153841 0.982835 0.101824 0.902024 0.181758 -0.391557 0.403343 -0.031610 0.914503
-0.650958 -6.903748 -104.453331 -24.681770 0.020818 0.997494 0.067616 0.934717 0.004581 -0.355364 0.354783 -0.070600 0.932279
-0.319156 -7.140567 29.006527 -41.461355 0.092961 0.994974 0.037213 0.480224 -0.012064 -0.877063 0.872206 -0.099403 0.478932
-0.370758 -7.124926 26.771335 67.566507 0.085388 0.993920 0.069516 0.349056 0.035508 -0.936429 0.933204 -0.104224 0.343902
-0.433573 -7.230156 -6.821876 55.114255 0.096692 0.992406 0.076032 0.309206 0.042660 -0.950038 0.946067 -0.115371 0.302733
-1.991311 -18.747733 17.346677 -72.627956 -0.060435 0.987456 -0.145874 0.028425 0.147784 0.988611 -0.997767 -0.055600 0.037000
-2.027242 -17.210746 14.946650 -244.436376 -0.055225 0.983511 -0.172212 -0.217223 0.156510 0.963493 -0.974559 -0.090617 -0.204998
-2.307880 -18.375722 14.130625 -194.097777 -0.083922 0.980981 -0.175023 -0.141998 0.162077 0.976508 -0.986303 -0.106803 -0.125696
-2.108653 -19.573365 22.369517 25.681639 -0.072909 0.985966 -0.150186 0.149683 0.159699 0.975752 -0.986042 -0.048661 0.159226
1.759167 -16.431406 44.392926 -213.453462 -0.034406 0.928962 -0.368572 -0.536282 -0.328360 -0.777548 0.843337 -0.170907 -0.509484
2.619689 -18.612003 37.069303 -379.857030 -0.015875 0.908476 -0.417636 -0.563660 -0.353125 -0.746720 0.825854 -0.223551 -0.517677
1.735905 -14.430695 12.617222 -166.958599 -0.013833 0.912974 -0.407782 -0.414884 -0.376300 -0.828414 0.909769 -0.157723 -0.383983
2.238980 -14.343677 -41.362260 -190.939580 0.008297 0.883819 -0.467756 -0.432555 -0.418571 -0.798557 0.901569 -0.208955 -0.378828
1.669515 -11.392603 -12.582787 -80.777568 -0.005058 0.903334 -0.428908 -0.291096 -0.411668 -0.863593 0.956680 -0.120486 -0.265039
0.054298 -22.737001 -21.865300 32.586458 0.138642 0.990246 -0.013834 0.954037 -0.129799 0.270123 -0.265693 0.050648 0.962726
0.348692 -21.043422 -6.328882 -49.222062 0.176294 0.984275 0.011059 0.983307 -0.176613 0.043775 -0.045040 -0.003157 0.998980
0.430532 -20.359253 -5.680877 16.671849 0.141558 0.989930 -0.000398 0.959665 -0.137132 0.245434 -0.242908 0.035125 0.969413
0.142170 -22.211968 -5.073626 -3.124842 -0.194753 -0.980778 0.012098 0.980841 -0.194795 -0.002454 0.004764 0.011388 0.999924
0.442625 -21.466746 -0.498114 98.727774 0.093265 0.995180 -0.030292 0.879696 -0.068117 0.470633 -0.466302 0.070541 0.881809
0.189882 -23.419104 -5.008895 64.683259 0.172259 0.984811 -0.021787 0.970693 -0.165944 0.173833 -0.167577 0.051093 0.984534
0.227503 -25.714365 3.202861 334.039795 0.110517 0.993060 -0.040230 0.917454 -0.086370 0.388355 -0.382185 0.079829 0.920631
1.428827 -9.220915 29.557768 226.380896 0.137932 0.959875 -0.244160 -0.937404 0.206104 0.280703 -0.319763 -0.190159 -0.928220
1.985544 -7.665919 39.838252 41.192030 0.194163 0.944593 -0.264659 -0.910251 0.274065 0.310372 -0.365709 -0.180644 -0.913030
2.146812 -10.172861 49.885973 256.565647 0.115369 0.960586 -0.252913 -0.942317 0.186378 0.278033 -0.314212 -0.206248 -0.926678
2.207069 -13.954584 44.311003 -372.598138 0.059421 0.966018 -0.251552 0.978348 -0.106406 -0.177517 -0.198251 -0.235558 -0.951425
1.524374 -12.708430 54.850648 360.250499 0.074148 0.971985 -0.223041 -0.974750 0.117879 0.189652 -0.210631 -0.203347 -0.956182
-3.301382 -4.917751 -42.385157 -44.322053 0.133169 -0.980337 0.145623 0.990132 0.138067 0.024016 -0.043649 0.140988 0.989049
-3.536003 -5.521022 -11.244276 -41.488284 0.137759 -0.987737 0.073472 0.990244 0.138917 0.010871 -0.020944 0.071258 0.997238
-3.298691 -5.913764 -34.472218 -53.617843 -0.020914 -0.993029 0.116002 0.999317 -0.024298 -0.027831 0.030456 0.115340 0.992859
-2.948946 -5.584262 -31.248565 -63.510022 -0.078104 -0.983982 0.160244 0.996681 -0.080767 -0.010164 0.022943 0.158919 0.987025
-0.545380 -6.712525 45.615619 95.746366 -0.018406 0.996910 0.076364 0.034017 0.076957 -0.996454 0.999252 0.015743 0.035328
-0.143352 -5.962843 78.972036 -36.400246 -0.028787 0.995766 0.087295 0.006888 0.087527 -0.996138 0.999562 0.028075 0.009378
-0.017433 -6.198421 18.856042 1.519051 0.000299 0.999516 0.031120 0.008461 0.031116 -0.999480 0.999964 -0.000562 0.008448
-0.352427 -6.951019 3.258877 172.773441 0.008444 0.999207 0.038923 0.027201 0.038680 -0.998881 0.999594 -0.009493 0.026853
0.197023 -6.473122 -22.664177 -17.508366 0.020061 0.999651 -0.017201 -0.036219 -0.016466 -0.999208 0.999143 -0.020668 -0.035876
0.042586 -6.948029 -43.859695 87.948062 0.024565 0.999604 -0.013753 0.012430 -0.014062 -0.999824 0.999621 -0.024390 0.012771
2.232665 -17.968703 -34.600812 246.575019 -0.002456 0.997993 -0.063279 -0.803452 0.035705 0.594298 -0.595365 -0.052301 -0.801751
2.148730 -15.137849 -31.353717 88.007265 -0.052946 0.997303 -0.050822 -0.663628 0.002889 0.748057 -0.746187 -0.073334 -0.661685
2.020039 -15.325823 -26.314604 85.174813 -0.051178 0.996195 -0.070546 -0.782154 0.003941 0.623072 -0.620979 -0.087065 -0.778976
-0.281536 -8.451268 4.607698 7.037131 -0.065585 0.997802 0.009523 0.969471 0.061457 0.237379 -0.236272 -0.024801 0.971370
-0.554104 -8.967951 -4.338312 15.003619 -0.099915 0.994953 0.009283 0.923477 0.089256 0.373127 -0.370415 -0.045854 0.927734
-0.552755 -8.853319 14.690351 4.591656 -0.071502 0.997403 0.008662 0.971914 0.067718 0.225382 -0.224210 -0.024534 0.974232
-0.297321 -8.448840 6.497718 20.514280 -0.037178 0.999222 0.013162 0.993129 0.035482 0.111514 -0.110960 -0.017217 0.993676
-0.040574 -8.245291 19.813504 18.088435 -0.017542 0.999825 0.006508 0.994636 0.016787 0.102064 -0.101937 -0.008264 0.994757
0.169222 -7.983411 23.852328 2.694192 -0.044013 0.999012 0.006175 0.974110 0.041542 0.222224 -0.221748 -0.015796 0.974976
3.844375 -4.480522 -37.039803 130.740391 -0.780256 0.462605 -0.420949 0.454172 0.881786 0.127209 0.430034 -0.091928 -0.898120
3.831784 -3.765193 65.011384 79.403851 -0.777857 0.535690 -0.328595 0.509239 0.843683 0.169927 0.368258 -0.035155 -0.929059
4.459960 -5.220553 28.964936 105.201449 -0.769973 0.536948 -0.344716 0.536493 0.837246 0.105804 0.345423 -0.103471 -0.932725
4.754650 -5.688356 -46.114294 123.581551 -0.779880 0.460602 -0.423831 0.487978 0.871470 0.049163 0.392001 -0.168479 -0.904406
5.530930 -6.385917 21.529320 81.416587 -0.761540 0.540249 -0.358034 0.577906 0.816100 0.002232 0.293398 -0.205210 -0.933706
4.363299 -5.805814 73.703318 76.441094 -0.743229 0.614474 -0.264638 0.621691 0.780461 0.066182 0.247207 -0.115334 -0.962074
0.274986 -15.728720 48.007881 38.522190 0.209434 0.944300 -0.253839 0.044314 0.250163 0.967189 -0.976818 0.213811 -0.010547
-0.381693 -15.139805 34.407170 48.445424 0.209584 0.942976 -0.258594 0.232855 0.208725 0.949849 -0.949659 0.259288 0.175831
0.566345 -15.512284 43.560276 52.573662 0.188534 0.929372 -0.317369 0.232504 0.271737 0.933864 -0.954147 0.249854 0.164851
-0.735520 -14.575194 17.606904 41.941379 0.191027 0.940174 -0.282103 0.411306 0.184280 0.892675 -0.891255 0.286555 0.351497
1.167139 -16.160487 79.637932 33.573307 0.205907 0.931834 -0.298812 0.031591 0.298866 0.953772 -0.978062 0.205828 -0.032101
2.127644 -16.334271 72.965952 53.374052 0.170403 0.920212 -0.352380 0.091022 0.341382 0.935507 -0.981161 0.191488 0.025587
0.212253 -14.424974 35.297473 41.074846 0.171843 0.925977 -0.336210 0.422875 0.238908 0.874128 -0.889745 0.292387 0.350518
1.630007 -15.305397 87.026602 118.219747 0.173613 0.910844 -0.374462 0.294994 0.314679 0.902195 -0.939594 0.267097 0.214061
-1.673681 -20.424971 22.693896 -155.375290 0.386848 -0.895238 -0.221125 0.920858 0.387692 0.041404 0.048662 -0.219642 0.974366
-1.219771 -19.578165 40.779431 -44.042693 0.376353 -0.890434 -0.255901 0.912141 0.404516 -0.066071 0.162348 -0.208552 0.964442
-1.637433 -18.795241 -40.276291 267.250858 -0.384596 0.891247 0.240343 0.857206 0.441427 -0.265217 0.342468 -0.104022 0.933753
-1.762249 -19.439563 0.840944 316.386143 -0.394329 0.898854 0.191223 0.869486 0.432289 -0.238999 0.297488 -0.072021 0.952005
-2.222501 -20.654598 26.460521 0.111897 0.380159 -0.906521 -0.183573 0.923266 0.383798 0.016707 0.055310 -0.175838 0.982864
-2.050553 -20.423259 51.330620 -349.647700 0.377774 -0.900854 -0.213889 0.907047 0.313697 0.280819 -0.185880 -0.300094 0.935624
-0.421971 -21.244331 29.383030 -133.644929 -0.371744 0.901065 0.223358 -0.437173 -0.382171 0.814141 -0.818955 -0.205006 -0.535991
-0.335791 -23.086180 40.560035 3.862269 -0.349952 0.909383 0.224847 -0.269501 -0.327613 0.905560 -0.897164 -0.256306 -0.359728
-0.101127 -22.527978 58.836087 -269.966244 -0.346542 0.908036 0.235328 -0.495267 -0.390173 0.776193 -0.796630 -0.152433 -0.584932
1.788678 -4.987728 -3.309871 -77.595276 0.069731 0.997109 -0.030203 -0.937880 0.055214 -0.342539 0.339881 -0.052212 -0.939018
1.700124 -4.227178 -7.223390 -69.557003 0.073172 0.996359 -0.043764 -0.918545 0.050234 -0.392113 0.388487 -0.068891 -0.918875
1.729871 -4.162385 2.734537 -75.915940 0.085701 0.996309 -0.004852 -0.912469 0.076532 -0.401925 0.400070 -0.038873 -0.915660
1.339514 -4.258946 21.217451 -87.353983 0.115883 0.992452 0.040120 -0.905104 0.122148 -0.407267 0.409094 -0.010883 -0.912427
1.650520 -5.188920 10.769924 -87.982507 0.083671 0.996479 0.005275 -0.933465 0.080230 -0.349581 0.348773 -0.024326 -0.936891
-0.182904 -21.375371 -17.989823 203.577873 -0.240910 0.963489 0.116840 0.878387 0.165246 0.448476 -0.412794 -0.210673 0.886125
-0.641600 -21.942435 -27.336405 235.992372 -0.236804 0.964936 0.113233 0.815090 0.133888 0.563651 -0.528727 -0.225770 0.818215
-0.368752 -23.307469 -24.256437 165.137426 -0.240688 0.963605 0.116336 0.713274 0.094313 0.694511 -0.658262 -0.250140 0.710015
-0.028585 -21.733442 -3.228444 246.570616 -0.244044 0.963234 0.112347 0.778989 0.125714 0.614306 -0.577597 -0.237435 0.781029
-0.054271 -69.967498 362.611981 750.071292 0.097654 0.563321 0.820447 0.895878 0.309278 -0.318982 -0.433435 0.766170 -0.474465
-6.487718 -77.571907 54.097155 631.285603 -0.007288 0.586696 0.809774 -0.764151 -0.525597 0.373927 -0.644997 0.616064 -0.452155
-2.751808 -64.976319 272.209093 -1857.955420 0.100199 0.571526 0.814444 0.585422 0.628011 -0.512722 -0.804513 0.528168 -0.271657
-8.451859 -117.799457 -144.856594 -7825.058903 -0.004952 0.634634 0.772797 0.322137 0.732622 -0.599577 -0.946680 0.245977 -0.208067
-4.710349 -57.390512 277.325552 -2508.591809 0.094213 0.548268 0.830979 0.196224 0.808091 -0.555414 -0.976023 0.215385 -0.031451
-0.335150 -19.082763 54.033214 187.022696 -0.322453 0.920817 0.219362 0.787870 0.132631 0.601390 -0.524676 -0.366749 0.768252
-0.094467 -17.946377 -19.870699 58.473745 0.308525 -0.918215 -0.248381 0.884527 0.180891 0.429989 -0.349893 -0.352362 0.867996
-0.095375 -18.916908 1.468025 191.364695 -0.324517 0.916520 0.233837 0.775041 0.115937 0.621184 -0.542217 -0.382819 0.747964
-0.034943 -17.512362 -33.045033 33.355075 -0.314017 0.912998 0.260439 0.873265 0.170106 0.456587 -0.372561 -0.370808 0.850705
4.414386 -7.323989 -199.245203 4.359697 0.068921 0.997246 0.027407 0.651564 -0.024193 -0.758208 0.755456 -0.070114 0.651437
2.211393 -7.608741 -238.349559 18.417515 0.097878 0.993523 0.057717 0.669279 -0.022791 -0.742661 0.736536 -0.111319 0.667175
4.788684 -7.313480 -183.941946 20.251777 0.075843 0.997117 -0.002395 0.721109 -0.056508 -0.690513 0.688658 -0.050644 0.723316
2.673864 -7.378333 -239.859977 -7.826982 0.081725 0.994395 0.067072 0.600819 0.004540 -0.799373 0.795197 -0.105627 0.597080
5.435431 -7.051111 -33.753106 1.638932 0.007272 0.998997 -0.044188 0.662408 -0.037916 -0.748183 0.749108 0.023830 0.662019
4.809056 -7.195116 -168.454725 -20.370933 0.031326 0.999211 0.024412 0.571908 0.002112 -0.820315 0.819719 -0.039659 0.571391
0.205327 -2.304418 -46.450157 -56.455307 -0.047319 -0.939566 0.339082 0.995773 -0.017618 0.090142 -0.078721 0.341914 0.936428
-0.631382 -1.850906 -39.641444 -37.860577 0.116089 -0.930245 0.348092 0.987509 0.145690 0.060008 -0.106535 0.336778 0.935538
-0.609697 -2.553625 -46.519002 -58.397348 -0.010587 -0.941004 0.338230 0.997001 0.015998 0.075717 -0.076661 0.338017 0.938012
-1.238409 -2.395283 -52.555310 -46.020447 0.102183 -0.934165 0.341899 0.990279 0.128131 0.054126 -0.094371 0.333044 0.938177
-0.039027 -3.117326 -56.510813 -62.428663 -0.078860 -0.937924 0.337756 0.995940 -0.059372 0.067662 -0.043408 0.341721 0.938799
-1.119370 -3.289685 -53.013821 -62.769127 -0.075989 -0.940901 0.330047 0.996057 -0.056433 0.068449 -0.045779 0.333947 0.941480
0.059661 -7.803468 -5.799977 12.904416 0.182097 0.983107 -0.018454 0.679370 -0.139361 -0.720441 0.710843 -0.118653 0.693271
-0.002253 -8.125725 -6.859853 25.246748 0.160702 0.986977 0.007201 0.685442 -0.106350 -0.720319 0.710172 -0.120693 0.693606
0.130341 -7.415807 3.764088 48.714144 0.180412 0.983243 -0.026160 0.583855 -0.128458 -0.801631 0.791558 -0.129350 0.597247
-0.627544 -18.665410 -73.133639 18.548563 -0.110431 0.984401 -0.136969 -0.257051 0.104834 0.960695 -0.960067 -0.141299 -0.241464
-0.910015 -18.201067 -94.458000 39.650971 -0.105500 0.988868 -0.104932 -0.040782 0.101130 0.994037 -0.993583 -0.109150 -0.029659
-1.351723 -18.200341 -56.334195 40.667257 -0.085435 0.988876 -0.121755 -0.178046 0.105082 0.978395 -0.980306 -0.105267 -0.167088
-1.135178 -17.738056 -48.095434 -51.155747 -0.072893 0.985596 -0.152599 -0.424266 0.107828 0.899095 -0.902599 -0.130280 -0.410295
-0.127422 -3.438357 53.785777 63.053801 -0.096488 0.991310 -0.089411 -0.523045 -0.126926 -0.842801 0.846826 0.034554 -0.530747
-0.020142 -4.184587 55.234287 71.641794 -0.099581 0.990811 -0.091525 -0.494770 -0.129111 -0.859379 0.863299 0.040294 -0.503081
-0.917095 -4.063889 65.583795 70.002715 -0.080057 0.994631 -0.065567 -0.501233 -0.097026 -0.859855 0.861601 0.035973 -0.506310
324.095177 -2273.641183 6943.004940 -343835.173935 -0.715955 0.189055 0.672061 0.154417 0.981677 -0.111649 -0.680855 0.023842 -0.732030
-90.819391 -216.659856 -3778.112124 -23432.816611 0.246812 0.273807 -0.929577 0.849854 -0.522096 0.071861 -0.465652 -0.807741 -0.361556
-175.708335 -549.695816 12441.446629 54869.433512 -0.082766 0.918314 -0.387104 -0.802239 0.169054 0.572567 -0.591238 -0.357939 -0.722715
1.556956 -26.670647 -72.397999 -748.498800 0.711829 -0.097493 0.695553 0.677889 0.354463 -0.644068 0.183756 -0.929974 -0.318406
100.404485 -246.818377 -8980.272444 13646.928090 -0.746704 0.405126 -0.527547 -0.089548 0.724669 0.683254 0.659101 0.557429 -0.504835
-0.799892 -3.796717 34.888663 -70.517592 -0.423108 0.013545 -0.905978 0.902980 -0.076326 -0.422850 -0.074877 -0.996991 0.020064
-1.170386 -8.688332 54.267191 -504.170339 0.078882 -0.018010 -0.996721 0.995121 -0.058016 0.079803 -0.059263 -0.998153 0.013346
-1.380371 -4.823197 17.990986 -232.452733 -0.085413 -0.036275 -0.995685 0.990355 -0.112515 -0.080856 -0.109096 -0.992988 0.045535
-1.759033 -6.659364 -11.332914 -336.943835 0.010860 0.004263 -0.999932 0.999575 -0.027115 0.010741 -0.027068 -0.999623 -0.004556
-2.846665 -10.755638 -276.844382 -472.488210 0.854098 -0.019860 0.519733 0.519431 -0.018563 -0.854311 -0.026615 -0.999630 0.005539
-27.272275 -40.190598 -375.523665 676.379912 -0.046393 0.564918 0.823842 0.747958 -0.527016 0.403501 -0.662123 -0.634919 0.398085
-22.038661 -39.586520 -493.724098 558.996814 -0.009124 0.334822 0.942237 -0.508789 0.809631 -0.292628 -0.860843 -0.482070 0.162967
-20.389555 -42.608172 522.568442 1277.524278 0.093006 -0.210238 -0.973216 0.804669 -0.559797 0.197828 -0.586394 -0.801516 0.117108
-29.992505 -44.808792 949.218156 1641.745919 0.021772 -0.325283 -0.945366 0.938699 -0.318755 0.131296 -0.344049 -0.890273 0.298402
-1.937931 -7.124311 -22.167809 60.232759 0.857123 -0.503612 0.108232 -0.400510 -0.519423 0.754845 0.323931 0.690343 0.646912
-1.775853 -7.281243 -24.744718 92.426803 0.819842 -0.535587 0.202498 -0.487807 -0.468121 0.736823 0.299839 0.702858 0.645048
-2.180202 -6.457563 -31.019568 30.455930 0.828705 -0.524391 0.195608 -0.496770 -0.528171 0.688662 0.257814 0.667870 0.698199
-9.087968 -11.989985 61.022268 -296.172514 0.384413 0.884668 0.263799 0.907166 -0.414965 0.069673 0.171105 0.212527 -0.962058
-6.933148 -14.540063 -113.552488 -524.867032 0.515861 0.842952 0.152705 0.851075 -0.524626 0.020942 0.097767 0.119160 -0.988050
-5.010885 -10.696764 -184.684843 -424.398173 0.403404 0.913243 0.057037 0.913689 -0.398670 -0.078961 -0.049372 0.083968 -0.995245
11.139747 -8.367980 -1029.183688 -15.802643 -0.689818 0.330664 0.644059 0.091575 0.922312 -0.375439 -0.718168 -0.200005 -0.666508
0.458393 -11.641504 109.165746 -389.651977 -0.391204 0.695542 0.602645 0.299899 0.715435 -0.631041 -0.870069 -0.066133 -0.488473
6.248913 -8.846987 -586.479852 87.300020 -0.473981 0.769405 0.428203 -0.499491 -0.635422 0.588853 -0.725156 -0.065221 -0.685489
-8.436110 -11.612256 -228.675459 -67.139475 0.030704 0.995233 0.092563 -0.417078 0.096916 -0.903689 0.908352 0.010859 -0.418066
-2.000377 -13.865260 -765.923278 -167.612323 0.053671 0.995407 -0.079277 -0.505716 -0.041362 -0.861708 0.861029 -0.086341 -0.501173
50.386704 -3.381413 3298.407903 -227.979108 -0.411111 0.594999 0.690626 -0.022361 0.750800 -0.660151 -0.911311 -0.286838 -0.295357
79.155795 -2.905376 4672.357481 -498.693893 -0.530951 0.461856 0.710479 -0.209856 0.740639 -0.638291 -0.821007 -0.487999 -0.296319
78.328017 -29.885775 -2647.316957 1775.356257 0.755785 0.284032 -0.590013 -0.575555 0.717855 -0.391690 -0.312291 -0.635618 -0.706020
0.348310 -16.858622 14.957538 276.417864 0.199238 0.979712 -0.021646 -0.878873 0.188415 0.438271 -0.433458 0.068296 -0.898582
0.272827 -19.687099 28.261649 317.682941 0.203076 0.979019 -0.016778 -0.945472 0.200516 0.256663 -0.254643 0.036259 -0.966355
-0.347293 -20.578344 37.620656 292.085663 0.222880 0.974804 -0.009039 -0.950402 0.219345 0.220506 -0.216933 0.040556 -0.975344
1.074845 -17.875670 45.283263 334.279352 0.185619 0.982560 -0.010985 -0.903985 0.175136 0.390049 -0.385171 0.062470 -0.920728
-0.161371 -17.363313 19.860466 255.142309 0.220532 0.975226 -0.017318 -0.872727 0.205220 0.442982 -0.435561 0.082577 -0.896363
0.345526 -14.674601 19.609374 155.961352 0.196039 0.980575 -0.006384 -0.790793 0.161940 0.590273 -0.579841 0.110668 -0.807178
1.008263 -14.952170 35.420643 226.495332 0.176155 0.984340 -0.006659 -0.806250 0.148159 0.572721 -0.564739 0.095519 -0.819723
-1.117479 -7.073782 -1.505574 -82.280407 0.268358 0.963301 0.005905 -0.809573 0.222202 0.543339 -0.522087 0.150590 -0.839493
-0.390991 -5.373013 13.313645 -78.630606 0.350316 0.935919 -0.036531 -0.834288 0.329528 0.442011 -0.425725 0.124366 -0.896265
0.158983 -4.737447 22.597936 -98.039557 0.311918 0.950004 -0.014119 -0.874791 0.292958 0.385897 -0.370740 0.108017 -0.922434
0.255636 -5.283656 -10.001754 -119.230042 0.170846 0.984232 0.045824 -0.912734 0.140575 0.383609 -0.371118 0.107363 -0.922358
-1.598571 -6.273048 -7.380157 0.558713 -0.277827 0.952458 0.125040 -0.949585 -0.291979 0.114178 -0.145259 0.087015 -0.985560
-1.278500 -6.137758 -11.451091 17.104308 -0.296739 0.947405 0.119873 -0.926139 -0.316113 0.205764 -0.232835 0.049961 -0.971232
0.073380 -7.231002 15.106712 -39.592431 0.007693 0.990265 -0.138981 0.363057 0.126735 0.923108 -0.931735 0.057560 0.358548
-0.062018 -7.086459 -12.184920 -31.855773 0.000972 0.992036 -0.125947 0.291141 0.120210 0.949098 -0.956680 0.037591 0.288706
1.385383 -13.962318 -6.150663 87.224865 0.086379 0.980175 -0.178311 -0.961161 0.129081 0.243943 -0.262123 -0.150314 -0.953256
1.613969 -13.742429 0.632821 21.343189 0.041884 0.986300 -0.159556 -0.907845 0.104254 0.406139 -0.417209 -0.127841 -0.899774
1.551199 -13.435228 10.901475 28.847845 0.052508 0.981094 -0.186272 -0.944402 0.109412 0.310056 -0.324574 -0.159635 -0.932292
1.430006 -14.172118 42.197862 -58.861408 0.108588 0.978852 -0.173369 0.987372 -0.126438 -0.095448 -0.115350 -0.160815 -0.980221
-1.854498 -11.251111 7.222419 -124.163594 0.302839 0.937382 -0.172059 -0.038317 0.192366 0.980575 -0.952271 0.290364 -0.094173
-2.312679 -12.039116 17.155416 -86.930713 0.286879 0.942431 -0.171825 0.099321 0.149137 0.983816 -0.952804 0.299302 0.050819
1.711068 -6.169164 -32.250901 48.833537 0.340928 0.939285 -0.038880 -0.314690 0.075055 -0.946222 0.885854 -0.334829 -0.321172
0.018369 -11.939989 -30.521827 -26.766224 0.162601 0.949631 -0.267885 -0.851086 -0.002378 -0.525021 0.499213 -0.313362 -0.807831
-0.198653 -12.040715 10.376453 11.903291 0.130810 0.959762 -0.248487 -0.877506 -0.004557 -0.479544 0.461380 -0.280778 -0.841601
-0.184271 -11.324929 10.525775 -46.069606 0.141633 0.956057 -0.256701 -0.807157 -0.038592 -0.589074 0.573095 -0.290631 -0.766222
