11042
22064
-7.724179 -10.399961 80.782385 -99.302462 -0.457843 0.872911 0.168541 0.838347 0.360813 0.408643 0.295897 0.328390 -0.896998
-6.974552 -10.169856 -30.880999 -194.885467 -0.070923 0.977918 0.196588 0.977907 0.029314 0.206976 0.196643 0.206924 -0.958391
-5.928806 -8.660037 -17.690704 -100.580511 0.698287 -0.712396 -0.069902 0.697960 0.655937 0.287398 0.158890 0.249475 -0.955257
-5.313893 -7.305447 -11.263650 -98.889524 -0.593067 0.802634 0.063642 0.801274 0.580613 0.144390 0.078941 0.136627 -0.987472
-6.208862 -9.684656 8.179086 -73.441810 0.704654 -0.699809 -0.117175 0.672175 0.605482 0.426114 0.227251 0.379025 -0.897049
-4.842256 -7.704198 15.868689 -73.357592 0.878642 -0.473267 -0.063298 0.474018 0.848635 0.234786 0.057400 0.236298 -0.969984
-5.530551 -8.781607 22.063048 -63.508456 0.845599 -0.525540 -0.093643 0.518701 0.767461 0.376767 0.126139 0.367167 -0.921563
-1.592850 -10.756792 61.409842 45.041493 -0.382153 0.917144 -0.113161 -0.881066 -0.398549 -0.254718 0.278713 -0.002362 -0.960371
-1.570307 -10.552593 66.778624 129.762690 -0.331947 0.942098 -0.047571 -0.936712 -0.335159 -0.101186 0.111271 -0.010972 -0.993730
-0.404822 -10.460734 151.655708 -44.914746 -0.348229 0.937396 -0.005003 -0.881762 -0.329364 -0.337662 0.318171 0.113172 -0.941254
-2.448871 -10.350476 -8.475064 119.003513 -0.408999 0.897971 -0.162386 -0.900406 -0.426038 -0.088093 0.148287 -0.110183 -0.982787
-2.469928 -7.625392 -160.588637 -22.304260 -0.247373 0.809613 -0.532291 0.937827 0.338123 0.078445 0.243490 -0.479792 -0.842919
-3.785932 -7.755322 -103.198879 -21.273481 -0.372657 0.783253 -0.497636 -0.839530 -0.513043 -0.178818 0.395368 -0.351143 -0.848754
-1.285693 -7.466378 -157.504123 -3.983415 -0.222834 0.812027 -0.539404 0.906771 0.375805 0.191147 0.357927 -0.446522 -0.820065
0.622476 -6.991081 -118.514871 -22.740560 -0.144889 0.849049 -0.508059 0.957841 0.249104 0.143134 0.248087 -0.465901 -0.849346
-0.296993 -7.006405 -122.902300 -7.740476 -0.217280 0.815028 -0.537139 -0.863085 -0.417450 -0.284289 0.455932 -0.401827 -0.794142
1.218764 -6.921101 -122.113575 -17.688445 -0.156123 0.845271 -0.511021 0.924981 0.306588 0.224529 0.346461 -0.437630 -0.829726
0.730414 -3.595094 -5.641432 94.619859 -0.106398 0.970828 -0.214879 0.732002 0.222735 0.643866 -0.672944 0.088785 0.734346
0.800899 -0.728992 -31.405493 148.701540 -0.399087 0.828628 -0.392564 0.703685 0.551271 0.448249 -0.587840 0.097351 0.803098
0.390069 -3.180575 -1.652162 82.945774 -0.168714 0.951327 -0.257899 0.731231 0.296252 0.614440 -0.660936 0.084919 0.745622
0.736619 -4.724030 1.386084 -4.495601 -0.134341 0.959120 -0.249080 0.657852 0.274300 0.701420 -0.741069 0.069628 0.667809
0.845744 -4.404563 1.151876 -9.698362 -0.225686 0.925599 -0.303863 0.618477 0.377122 0.689395 -0.752697 0.032346 0.657572
0.402052 -2.967521 -5.952242 77.846742 -0.261133 0.914319 -0.309566 0.706664 0.399537 0.583949 -0.657598 0.066270 0.750448
0.461707 -9.686228 -57.119941 16.705326 0.726655 -0.638326 -0.253995 -0.436032 -0.142817 -0.888527 -0.530895 -0.756402 0.382109
1.130258 -9.724111 -32.932185 -18.060571 0.739893 -0.618034 -0.265694 -0.409052 -0.099767 -0.907041 -0.534074 -0.779796 0.326625
0.701978 -8.784355 -22.175056 -13.230138 0.747433 -0.607654 -0.268514 -0.352803 -0.020586 -0.935471 -0.562915 -0.793935 0.229769
-0.056116 -9.302261 -44.043538 9.167874 0.717851 -0.636959 -0.281023 -0.412260 -0.063640 -0.908841 -0.561010 -0.768267 0.308277
0.245796 -8.484162 -29.129364 27.317075 0.725296 -0.631171 -0.274899 -0.269903 0.106642 -0.956964 -0.633323 -0.768278 0.093008
0.968515 -8.508494 -27.818631 60.251836 0.744815 -0.607991 -0.274949 -0.228190 0.155127 -0.961179 -0.627041 -0.778641 0.023197
0.081303 -12.226497 -4.497682 22.931782 -0.576622 0.816355 0.032748 -0.792208 -0.548866 -0.266746 0.199785 0.179755 -0.963210
-0.073608 -11.128536 4.480392 -108.503780 -0.577952 0.814953 0.042697 0.815848 0.575781 0.053558 0.019063 0.065788 -0.997651
-0.135368 -11.921983 10.030930 -51.833437 -0.570830 0.819682 0.047692 0.805204 0.547492 0.227812 0.160622 0.168444 -0.972536
-0.084084 -12.885755 -0.526717 2.912681 -0.559616 0.827659 0.042548 -0.755572 -0.488434 -0.436513 0.340502 0.276428 -0.898691
-0.179682 -12.643492 0.901843 21.269216 -0.555913 0.829927 0.046707 -0.769827 -0.492832 -0.405566 0.313572 0.261416 -0.912871
-0.136266 -11.517040 -6.800689 45.563110 -0.569638 0.821195 0.033939 -0.804432 -0.548591 -0.227898 0.168530 0.157121 -0.973093
0.561610 -14.965796 -55.944846 73.211234 0.377169 0.902715 -0.206999 -0.852544 0.251095 -0.458389 0.361819 -0.349367 -0.864309
-0.138869 -13.986798 -12.433812 156.758047 0.358972 0.918678 -0.164834 -0.889140 0.282887 -0.359728 0.283845 -0.275693 -0.918382
0.164674 -16.641709 -20.061380 249.073969 0.373843 0.912436 -0.166441 -0.809979 0.233750 -0.537862 0.451859 -0.335889 -0.826440
6.984389 -48.668411 41.977840 987.933682 0.588548 0.748337 -0.305945 0.782151 -0.622807 -0.018750 -0.204576 -0.228260 -0.951865
23.006556 -203.098628 1114.852446 -3709.005524 0.658952 0.723458 -0.205891 -0.546732 0.648663 0.529453 -0.516591 0.236317 -0.822975
25.877359 -990.336058 5510.992201 -1632.716729 0.439183 0.865450 -0.241071 -0.819905 0.495804 0.286243 -0.367253 -0.071942 -0.927335
6.403667 -36.372604 -248.936632 1001.910890 0.325263 0.730105 -0.600957 0.850028 0.052698 0.524094 0.414313 -0.681299 -0.603470
6.500751 -22.651863 3.637778 410.815997 0.310096 0.857068 -0.411429 0.903807 -0.131520 0.407229 0.294912 -0.498133 -0.815408
15.118384 -26.874555 417.216831 -146.133761 -0.211731 0.580518 -0.786237 0.958097 0.282093 -0.049730 0.192923 -0.763821 -0.615921
75.994926 -38.643940 -2308.910175 1836.378072 0.458026 0.787124 0.413097 0.205002 0.358652 -0.910683 0.864978 -0.501802 -0.002910
8.580908 -75.867951 -117.456843 3528.907065 -0.344897 -0.726714 0.594082 0.917052 -0.395848 0.048176 0.200155 0.561419 0.802961
0.124845 -20.273580 -15.036406 43.196356 0.550217 0.758685 -0.348796 -0.020227 0.429696 0.902747 -0.834777 0.489652 -0.251772
0.222024 -18.359804 15.850629 54.493467 0.556486 0.746052 -0.365689 -0.110966 0.502929 0.857175 -0.823413 0.436427 -0.362660
-0.049941 -19.573005 -15.482823 -14.715368 0.544083 0.746999 -0.382056 -0.261804 0.583768 0.768553 -0.797140 0.318132 -0.513185
-0.086248 -20.732737 0.131851 30.189817 0.576008 0.730366 -0.367124 -0.222967 0.572459 0.789035 -0.786448 0.372633 -0.492589
0.105158 -21.717909 -14.050983 135.913308 -0.065722 0.938598 -0.338696 0.082541 0.343380 0.935563 -0.994418 -0.033531 0.100040
0.109820 -18.758385 -11.386357 161.829372 -0.070043 0.939559 -0.335147 -0.026409 0.334108 0.942165 -0.997194 -0.074843 -0.001411
-0.006299 -21.946551 -12.929087 72.395328 -0.068601 0.927809 -0.366693 -0.250987 0.339687 0.906432 -0.965557 -0.154217 -0.209565
0.159550 -22.303993 4.607478 102.461968 -0.047618 0.934724 -0.352170 -0.010370 0.352088 0.935909 -0.998812 -0.048218 0.007072
-1.323927 -31.797745 -47.024311 432.740259 -0.488000 0.648124 0.584629 0.840018 0.166773 0.516291 0.237120 0.743049 -0.625821
-0.966695 -32.724590 -44.531746 164.828395 -0.499329 0.655244 0.566856 0.864778 0.417087 0.279638 -0.053197 0.629836 -0.774904
-1.618562 -35.661681 -33.634088 160.444779 -0.522281 0.625422 0.579715 0.852163 0.408485 0.327046 -0.032263 0.664822 -0.746305
-3.018186 -38.011084 -9.542104 787.692506 -0.534209 0.567348 0.626687 0.824633 0.186616 0.533999 0.186013 0.802054 -0.567546
-1.764422 -35.464030 -11.144059 808.548916 -0.530029 0.596079 0.603125 0.781031 0.066169 0.620977 0.330243 0.800195 -0.500627
-3.913842 -31.039700 -244.936555 -581.275623 -0.441968 -0.849276 0.288781 0.885497 -0.464518 -0.010882 0.143386 0.250906 0.957333
-5.499829 -25.513502 -226.084105 -205.731690 -0.475109 -0.833888 0.280896 0.869208 -0.395089 0.297292 -0.136929 0.385403 0.912532
-9.281807 -35.713218 -441.571403 -1031.033453 -0.342480 -0.909942 0.233908 0.939269 -0.337418 0.062634 0.021931 0.241153 0.970239
-9.116834 -279.143659 -129.564076 957.212618 0.469637 -0.518134 -0.714827 0.757296 -0.179768 0.627842 -0.453810 -0.836194 0.307955
-0.129137 -632.590371 -130.709745 48959.160416 0.533819 -0.546132 -0.645583 0.751101 -0.044470 0.658688 -0.388439 -0.836518 0.386461
5.307970 -62.247933 197.306354 2903.713229 0.015603 -0.577423 -0.816296 0.874210 0.404121 -0.269153 0.485298 -0.709414 0.511095
-2.380435 -8.694912 13.483180 -106.572994 -0.645510 0.752732 -0.129270 -0.751550 -0.656167 -0.067957 0.135976 -0.053286 -0.989278
-2.140031 -9.588276 3.184404 73.644762 -0.646297 0.753888 -0.118125 0.762891 0.641841 -0.077700 0.017241 -0.140334 -0.989954
-1.948718 -8.085544 -6.257423 -118.765727 -0.634610 0.768400 -0.082655 -0.763095 -0.639944 -0.090322 0.122298 -0.005754 -0.992477
-1.905315 -6.745443 -2.570734 -97.120163 -0.589065 0.802229 -0.097118 -0.775064 -0.594903 -0.212991 0.228643 0.050193 -0.972215
1.054086 -20.893311 -13.349683 -150.066147 -0.028142 0.982039 -0.186567 0.680423 0.155547 0.716121 -0.732279 0.106792 0.672580
1.133799 -21.895853 -24.601678 -135.201425 -0.000308 0.986887 -0.161411 0.799453 0.097207 0.592811 -0.600728 0.128857 0.789000
0.826767 -22.565137 -17.268731 -254.597511 0.014613 0.989854 -0.141336 0.853522 0.061283 0.517440 -0.520852 0.128195 0.843967
-10.298413 -164.362476 -352.902798 -5008.986327 0.979592 -0.195793 -0.045433 0.159164 0.617608 0.770212 0.122743 0.761725 -0.636168
-3.080775 -353.259712 -757.867686 -24993.908393 0.967660 0.023698 -0.251143 0.189138 0.590604 0.784483 -0.166916 0.806614 -0.567022
-39.388066 -127.327930 -1529.572909 -5680.683603 0.741732 -0.154460 -0.652668 0.498801 -0.523498 0.690759 0.448365 0.837909 0.311250
-3.068105 -5.355937 32.923393 -61.934857 0.640837 -0.626414 -0.443772 0.344068 0.751126 -0.563406 0.686254 0.208364 0.696878
-3.791317 -6.576883 7.197582 -75.617711 0.680881 -0.535202 -0.499959 0.193765 0.789950 -0.581751 0.706297 0.299229 0.641565
-3.596335 -6.411324 21.994433 -62.152077 0.746323 -0.307941 -0.590062 0.017943 0.895520 -0.444659 0.665342 0.321271 0.673873
-3.297148 -5.325503 56.685568 -70.944136 0.742504 -0.317615 -0.589754 0.098509 0.922640 -0.372869 0.662559 0.218761 0.716351
-2.319195 -4.184603 41.771265 -42.770225 0.625294 -0.649113 -0.433198 0.425168 0.748849 -0.508388 0.654401 0.133710 0.744232
-2.636304 -5.504645 -38.707388 -64.340385 -0.414290 0.893676 0.172355 0.598995 0.410302 -0.687646 0.685251 0.181645 0.705291
-2.786246 -4.967300 -106.702978 54.763322 0.487191 0.857860 0.163463 -0.591696 0.461927 -0.660697 0.642294 -0.225165 -0.732639
-3.436208 -6.170041 -94.619412 37.636348 0.449517 0.877367 0.167814 -0.519125 0.409469 -0.750229 0.726941 -0.250125 -0.639527
-1.655939 -5.732902 -145.902915 27.695219 0.480571 0.873139 0.081728 -0.557819 0.376264 -0.739773 0.676676 -0.309924 -0.667875
-0.195988 -4.473352 -128.139811 59.574903 0.495286 0.864796 0.082578 -0.615460 0.416388 -0.669201 0.613107 -0.280623 -0.738479
-2.846328 -4.208608 22.017474 -54.085509 0.310763 0.938022 -0.153431 0.570132 -0.054802 0.819723 -0.760510 0.342216 0.551827
-2.237962 -3.190817 30.298272 -41.478557 0.225453 0.899628 -0.373953 0.600678 0.173842 0.780362 -0.767044 0.400560 0.501193
-2.482790 -3.307469 42.169640 6.315464 -0.131058 0.686522 -0.715200 0.574313 0.640614 0.509685 -0.808077 0.343950 0.478236
-1.612625 -2.710511 -53.179241 15.153054 0.155816 -0.596093 0.787651 0.580911 0.700221 0.415008 -0.798914 0.392891 0.455383
-0.788144 -7.996491 38.689197 -17.622264 -0.117653 0.978826 -0.167504 0.589096 -0.066998 -0.805281 0.799452 0.193419 0.568740
-0.975991 -7.838850 15.540334 -41.906326 -0.161193 0.983817 -0.078238 0.707233 0.059855 -0.704442 0.688359 0.168884 0.705436
-1.184724 -8.716288 25.809397 -35.600662 -0.117958 0.984140 -0.132495 0.608614 -0.033780 -0.792747 0.784649 0.174149 0.594977
0.668636 -13.303692 -20.518808 25.643200 -0.233894 0.963483 0.130360 -0.458558 -0.227548 0.859038 -0.857332 -0.141146 -0.495035
0.730295 -12.758247 -12.281344 -9.828450 -0.206401 0.974821 0.084391 -0.640362 -0.199789 0.741634 -0.739821 -0.099034 -0.665475
1.302098 -14.126994 -25.537727 -2.297436 -0.190763 0.976433 0.100938 -0.578341 -0.194880 0.792177 -0.793178 -0.092741 -0.601887
1.706781 -31.542895 11.154244 402.023939 0.986912 0.106059 -0.121478 -0.122180 0.000116 -0.992508 0.105251 -0.994360 -0.013072
1.591120 -42.939991 -30.203191 1035.645039 0.990253 0.110137 -0.085259 -0.109766 0.240311 -0.964470 0.085736 -0.964427 -0.250058
1.468442 -32.123902 7.719047 745.585329 0.982974 0.093587 -0.158123 -0.182200 0.385157 -0.904686 0.023765 -0.918094 -0.395651
-0.010470 -5.770509 -6.866512 51.425418 0.105711 0.975378 -0.193551 0.792892 0.034790 0.608368 -0.600123 0.217776 0.769692
-0.240369 -5.183394 -13.273114 48.469266 0.106632 0.977474 -0.182137 0.811312 0.020362 0.584259 -0.574807 0.210070 0.790865
0.036319 -5.853953 -4.908662 30.358874 0.061802 0.970911 -0.231329 0.741760 0.110397 0.661517 -0.667812 0.212474 0.713360
-0.045994 -6.231892 19.581638 -22.290710 0.106002 0.938835 -0.327647 -0.241864 -0.295264 -0.924295 0.964503 -0.177223 -0.195772
-0.120553 -5.857911 48.747224 -64.080610 0.098681 0.956615 -0.274136 -0.099568 -0.264607 -0.959202 0.990125 -0.121950 -0.069136
-1.195266 -6.538667 64.613920 -12.707310 0.097160 0.952478 -0.288696 -0.238509 -0.259334 -0.935874 0.966268 -0.159786 -0.201978
0.530773 -5.528071 -4.039471 -64.849904 0.135224 0.949211 -0.284101 -0.103191 -0.271684 -0.956838 0.985427 -0.158704 -0.061212
-0.213847 -6.052807 -26.135760 17.975873 0.160305 0.940060 -0.300981 -0.306792 -0.242370 -0.920400 0.938180 -0.239883 -0.249549
0.242111 -5.669237 -24.055022 -49.668294 0.160883 0.944386 -0.286797 -0.155198 -0.262761 -0.952297 0.974695 -0.197719 -0.104293
4.446098 -14.376058 122.410312 -193.148017 0.182199 0.946889 -0.264963 -0.883540 0.039417 -0.466694 0.431463 -0.319136 -0.843796
4.643296 -12.086200 129.436445 -124.019631 0.079486 0.953129 -0.291938 -0.806803 -0.110489 -0.580397 0.585449 -0.281670 -0.760205
2.899718 -10.567967 71.918434 -86.875188 0.151006 0.966009 -0.209819 -0.845996 0.016492 -0.532935 0.511359 -0.257982 -0.819730
-1.747593 -19.279633 73.988221 -568.566108 0.592792 0.805207 0.015470 -0.732347 0.546945 -0.405610 0.335061 -0.229113 -0.913915
-0.352284 -22.215590 -39.318856 -271.799079 -0.177450 0.770717 -0.611970 -0.513963 0.457722 0.725488 -0.839258 -0.443267 -0.314897
1.160716 -24.137566 -73.115679 -228.793503 -0.175420 0.777828 -0.603500 -0.516087 0.449372 0.729190 -0.838380 -0.439373 -0.322598
0.687182 -24.335153 -47.881986 -227.893976 -0.225530 0.805789 -0.547576 -0.215746 0.506794 0.834634 -0.950047 -0.306372 -0.059548
1.054187 -20.422322 -79.554735 -12.230324 -0.107475 0.727892 -0.677217 -0.708339 0.421915 0.565901 -0.697642 -0.540519 -0.470249
-0.058228 -20.891964 -20.572349 -331.817579 -0.213942 0.805430 -0.552731 -0.386808 0.449731 0.805060 -0.897000 -0.386037 -0.215330
-0.997124 -18.086246 -14.350433 -209.378040 -0.145791 0.767619 -0.624104 -0.624117 0.418108 0.660048 -0.767609 -0.485743 -0.418127
-2.643276 -5.532787 -13.821170 -29.163524 0.459215 -0.298017 0.836844 0.805842 0.536179 -0.251259 -0.373819 0.789745 0.486376
-2.350397 -6.011287 -4.475723 -24.445316 0.441413 -0.273865 0.854490 0.830304 0.485731 -0.273241 -0.340221 0.830098 0.441799
-1.915878 -5.199495 -22.780638 -33.756297 0.391845 -0.263883 0.881376 0.797523 0.575056 -0.182395 -0.458709 0.774388 0.435785
-2.513618 -4.842833 -16.062076 -36.734576 0.358519 -0.347566 0.866408 0.790453 0.606780 -0.083675 -0.496636 0.714854 0.492276
-1.865239 -4.672675 -27.288938 -45.871136 0.423665 -0.229703 0.876210 0.722111 0.669639 -0.173606 -0.546867 0.706272 0.449574
-113.781490 -290.224990 -4114.396856 12767.035377 -0.838640 0.207738 -0.503516 0.077878 0.960648 0.266627 0.539090 0.184391 -0.821816
-8.532293 -29.011040 -425.667733 1260.757831 0.264221 0.315897 0.911261 0.844054 -0.532890 -0.060003 0.466647 0.785008 -0.407435
9.469536 -47.668755 -579.054383 2007.052860 0.914700 -0.315687 0.252321 -0.000376 0.623685 0.781676 0.404134 0.715094 -0.570366
-3.351221 -75.505938 -233.173144 3030.044829 -0.028523 0.291768 0.956064 0.890085 -0.427856 0.157126 0.454902 0.855460 -0.247494
326.640488 -2852.090868 -24033.437293 -101953.764702 -0.143956 0.331954 -0.932246 0.858013 0.511233 0.049547 0.493042 -0.792747 -0.358416
-1.204089 -89.843347 139.115463 -4036.890096 0.018241 -0.227509 -0.973605 -0.621807 0.759965 -0.189236 0.782958 0.608846 -0.127604
0.000054 -17.452534 -26.431111 1.347847 0.080102 -0.838667 0.538722 0.993929 0.026305 -0.106835 0.075428 0.544009 0.835682
0.226897 -16.830776 -9.271293 16.744638 0.053322 -0.858738 0.509633 0.995375 0.004865 -0.095947 0.079914 0.512392 0.855025
-0.460656 -18.298078 -14.259187 156.038371 0.074324 -0.851045 0.519807 0.981543 0.154533 0.112660 -0.176206 0.501839 0.846823
-0.141525 -9.592616 19.684303 27.352740 -0.088671 0.995665 0.028099 0.250023 -0.005058 0.968227 -0.964171 -0.092879 0.248490
-0.774514 -9.940216 41.393215 22.640233 -0.058181 0.997756 0.033124 0.319907 -0.012797 0.947363 -0.945661 -0.065716 0.318445
-0.175758 -8.922056 44.039514 16.379179 -0.051888 0.997116 0.055387 0.450865 -0.026098 0.892210 -0.891082 -0.071267 0.448211
0.529589 -8.813411 9.538009 53.605649 -0.095788 0.993653 0.058980 0.452667 -0.009288 0.891631 -0.886520 -0.112106 0.448904
-11.188085 -207.678773 44.245170 8385.576112 -0.177138 0.984118 0.011573 0.735680 0.140213 -0.662657 0.653756 0.108868 0.748833
-12.295646 -155.567306 179.019184 6033.458159 -0.033124 0.992721 -0.115789 0.805807 -0.042009 -0.590687 0.591251 0.112869 0.798550
3.209095 -533.729667 -547.701373 34644.594669 0.033404 -0.995236 0.091594 0.999309 0.031767 -0.019279 0.016277 0.092175 0.995610
-9.459179 -159.701990 113.570715 1120.309245 0.127448 -0.987104 -0.096863 0.989263 0.119466 0.084179 -0.071521 -0.106551 0.991732
-8.246065 -12.176693 1.956391 223.896824 0.044674 0.947911 0.315388 -0.933431 0.152099 -0.324921 0.355966 0.279878 -0.891604
-5.405191 -11.909340 -129.497271 259.781417 0.072069 0.987671 0.138965 -0.961946 0.105647 -0.251988 0.263563 0.115516 -0.957701
-4.677474 -9.509593 -113.692755 228.442704 -0.009497 0.995772 0.091370 -0.995065 -0.000386 -0.099226 0.098771 0.091861 -0.990861
-2.193214 -8.987323 14.278149 -162.915884 -0.386824 0.916836 -0.098892 0.921763 0.381308 -0.070409 -0.026845 -0.118390 -0.992604
-4.594378 -8.177584 -82.123505 23.928154 -0.474715 0.757245 -0.448581 0.822495 0.563097 0.080146 0.313285 -0.330909 -0.890141
-4.728962 -7.644376 5.297922 -89.048773 -0.557868 0.732976 -0.389268 -0.714426 -0.662819 -0.224201 0.422349 -0.153029 -0.893423
-4.421293 -7.240324 -58.630198 -49.926555 -0.489350 0.722477 -0.488430 -0.714843 -0.653113 -0.249884 0.499536 -0.226870 -0.836059
0.873307 -1.580048 -14.910686 202.469458 -0.180554 0.948815 -0.259132 0.772632 0.299854 0.559578 -0.608638 0.099180 0.787225
2.572306 0.362580 272.831086 6.357255 0.753304 -0.341794 0.561881 0.336376 0.934380 0.117414 -0.565142 0.100555 0.818843
1.363753 -9.791529 9.013229 21.819396 0.777962 -0.565002 -0.274859 -0.432430 -0.164109 -0.886608 -0.455828 -0.808604 0.371994
1.450690 -9.491594 23.337809 -49.639984 0.785559 -0.549349 -0.284802 -0.397429 -0.095147 -0.912687 -0.474286 -0.830158 0.293071
1.326368 -8.880761 -11.279567 31.871306 0.760039 -0.587199 -0.278455 -0.278390 0.092990 -0.955956 -0.587230 -0.804083 0.092794
0.188655 -11.464869 -15.256668 -102.904403 -0.580364 0.814085 0.021037 0.812624 0.577251 0.080154 0.053108 0.063614 -0.996561
0.229592 -10.018823 -13.005305 148.963451 -0.585099 0.810457 0.028597 -0.800847 -0.582994 0.136970 -0.127680 -0.057240 -0.990162
-0.079503 -9.666467 2.393003 156.119582 -0.585035 0.810368 0.032217 -0.799635 -0.583005 0.143838 -0.135344 -0.058388 -0.989077
-23.904596 -603.402135 268.852713 -36688.113621 0.942355 0.121651 -0.311717 0.213254 0.499531 0.839638 -0.257855 0.857712 -0.444793
3.539559 -69.866414 90.886580 -3463.592686 0.692525 0.644960 -0.323167 -0.670270 0.740909 0.042325 0.266735 0.187298 0.945395
0.382039 -7.621133 -48.937145 -7.809210 -0.271612 0.942139 -0.196471 -0.205076 0.142799 0.968273 -0.940304 -0.303286 -0.154424
0.360683 -7.172970 -43.530741 -22.278451 -0.271374 0.946729 -0.173378 -0.351837 0.070091 0.933434 -0.895861 -0.314310 -0.314073
1.159033 -7.335434 -25.169594 -11.087224 -0.227615 0.949099 -0.217723 -0.240045 0.162001 0.957149 -0.943700 -0.270125 -0.190953
-0.317774 -7.557590 -44.810308 -13.725143 -0.281061 0.947578 -0.151993 -0.300748 0.063431 0.951592 -0.911348 -0.313167 -0.267154
0.019847 -18.201579 1.271216 51.927256 0.549063 0.762628 -0.341947 0.077808 0.360717 0.929424 -0.832151 0.536919 -0.138718
0.335450 -19.098028 21.854837 161.982717 0.561906 0.738541 -0.372585 0.070359 0.406113 0.911110 -0.824204 0.538173 -0.176234
0.825457 -18.693464 20.149019 -41.017298 0.560498 0.731026 -0.389157 -0.243602 0.594652 0.766190 -0.791518 0.334649 -0.511381
0.435949 -19.309555 -16.368862 66.488420 -0.062543 0.967012 -0.246935 0.440032 0.248791 0.862830 -0.895802 0.054695 0.441076
0.925630 -19.233366 -22.359214 40.764152 -0.046868 0.975495 -0.214970 0.602662 0.199241 0.772724 -0.796619 0.093338 0.597232
0.636700 -19.788928 -30.451570 -146.033459 -0.034583 0.986016 -0.163024 0.675324 0.143301 0.723466 -0.736710 0.085075 0.670836
-1.220308 -32.510366 8.605741 -246.191236 -0.499383 0.623720 0.601324 0.752270 0.656456 -0.056166 -0.429775 0.424309 -0.797029
-0.721945 -32.642537 -10.659232 -15.995547 -0.501301 0.643718 0.578208 0.856085 0.466103 0.223307 -0.125758 0.606939 -0.784736
-0.921526 -28.126877 18.408150 -272.203637 -0.514042 0.598341 0.614613 0.537040 0.783213 -0.313315 -0.668842 0.169015 -0.723937
-1.403989 -31.831782 27.237924 -474.916483 -0.504530 0.602273 0.618642 0.511996 0.785647 -0.347304 -0.695205 0.141517 -0.704743
-0.502465 -32.414659 -1.629162 -423.229711 -0.525506 0.616541 0.586277 0.719160 0.690095 -0.081103 -0.454590 0.379006 -0.806041
1.325313 -28.138897 75.414208 -119.572741 -0.565022 0.399075 0.722142 0.527371 0.847795 -0.055886 -0.634531 0.349260 -0.689483
-1.304057 -59.003057 156.941774 1728.367312 -0.404839 0.616008 0.675751 0.504654 0.766797 -0.396670 -0.762516 0.180433 -0.621300
2.637639 -48.850255 -32.591199 1516.741724 -0.502821 0.557840 0.660292 0.421557 0.825136 -0.376085 -0.754626 0.089247 -0.650057
1.807539 -55.839966 36.981961 577.196720 -0.547842 0.505299 0.666739 0.490666 0.839583 -0.233125 -0.677581 0.199431 -0.707892
-1.708526 -10.122174 -2.900499 -68.346523 -0.595301 0.794598 -0.119294 0.757396 0.505354 -0.413483 -0.268267 -0.336499 -0.902663
-1.436477 -10.878447 0.209783 -16.031107 -0.622797 0.778559 -0.077263 0.739133 0.553113 -0.384381 -0.256528 -0.296499 -0.919936
-1.775569 -10.783387 4.157933 86.447330 -0.642817 0.762980 -0.068175 0.756365 0.618110 -0.214134 -0.121240 -0.189214 -0.974422
-1.889706 -10.546523 -3.853031 30.507217 -0.636389 0.763212 -0.111875 0.762534 0.600562 -0.240556 -0.116408 -0.238395 -0.964166
0.914455 -22.410078 5.731318 -213.874942 0.055429 0.984579 -0.165927 0.948474 0.000002 0.316854 -0.311969 0.174940 0.933848
1.019021 -23.992826 -13.845205 -296.440989 0.055690 0.987162 -0.149702 0.935852 0.000644 0.352393 -0.347965 0.159724 0.923801
-38.832324 -233.603068 -4748.098294 20108.024222 0.993996 0.071184 -0.083095 -0.079383 0.991821 -0.099942 -0.075302 -0.105939 -0.991517
-72.083472 -397.680468 7250.730649 28341.312830 -0.972230 0.032092 0.231816 0.027933 0.999385 -0.021203 -0.232354 -0.014139 -0.972528
5.888432 -517.025670 387.726083 -25269.440811 -0.784249 -0.309655 -0.537650 -0.103919 0.919870 -0.378207 0.611682 -0.240737 -0.753586
-7.219633 -2306.227438 -3510.378067 -108693.306322 0.780722 -0.321939 -0.535563 0.594324 0.117838 0.795546 0.193007 0.939398 -0.283335
-0.247536 -27.679905 71.978447 -131.888917 0.783665 -0.429444 -0.448829 0.180189 0.848626 -0.497359 0.594476 0.308889 0.742419
-0.376210 -77.918539 208.929288 657.477335 0.802300 -0.348042 -0.484955 0.118386 0.889065 -0.442208 0.585063 0.297372 0.754500
1.605971 -36.040731 93.442686 -23.119378 0.761524 -0.478516 -0.437154 0.092522 0.747829 -0.657413 0.641499 0.460189 0.613763
2.370195 -47.693024 -4.898723 -1820.900329 0.749548 -0.581132 -0.316959 0.189451 0.647128 -0.738467 0.634260 0.493468 0.595149
-0.035287 -7.055242 -4.916296 14.869003 0.744506 -0.636519 -0.201383 0.665476 0.731686 0.147573 -0.053416 0.243885 -0.968332
0.090359 -7.502450 -11.332135 -45.899018 0.740942 -0.638756 -0.207356 0.671125 0.715501 0.194035 -0.024422 0.282930 -0.958829
-0.100703 -7.802888 -10.573944 -60.520094 0.752653 -0.627022 -0.200890 0.658348 0.721134 0.215742 -0.009594 0.294635 -0.955562
-4.186533 -7.219861 4.593229 -41.603139 0.746767 -0.293229 -0.596956 -0.077049 0.853377 -0.515569 0.660608 0.431005 0.614680
-4.722694 -6.509044 -11.419898 67.880302 0.396543 0.855649 0.332594 -0.484744 0.502833 -0.715669 0.779601 -0.122571 -0.614166
-3.760098 -7.210910 -91.184169 50.758298 0.430917 0.883450 0.183920 -0.422454 0.377599 -0.823985 0.797398 -0.277371 -0.535931
-4.188547 -5.200238 -42.180486 58.341454 0.454157 0.842095 0.290890 -0.551712 0.522195 -0.650328 0.699539 -0.134864 -0.701752
-0.875862 -2.619027 -31.022139 29.471464 0.296595 -0.368572 0.881014 0.494456 0.848513 0.188516 -0.817034 0.379710 0.433907
-0.903753 -2.090007 -36.198128 9.876563 0.101245 -0.629880 0.770065 0.615359 0.647857 0.449015 -0.781718 0.428406 0.453195
-0.479408 -2.049641 -3.456211 23.611650 0.277259 -0.402543 0.872403 0.520151 0.826318 0.215968 -0.807818 0.393902 0.438487
-0.531653 -2.943343 -18.784960 29.295843 0.362268 -0.237674 0.901262 0.394100 0.915315 0.082970 -0.844658 0.325130 0.425256
-1.018942 -7.688094 11.823784 -19.698845 -0.159892 0.981245 -0.107672 0.692186 0.033682 -0.720933 0.703785 0.189800 0.684589
-1.228837 -7.279653 -5.984710 -34.989341 -0.190280 0.980258 -0.053746 0.762258 0.113019 -0.637330 0.618673 0.162240 0.768714
-0.413480 -7.401010 31.053782 -8.644242 -0.109585 0.979245 -0.170501 0.656065 -0.057603 -0.752503 0.746706 0.194323 0.636136
-1.144988 -7.152844 0.159185 -11.609067 -0.156947 0.982286 -0.102382 0.764468 0.055200 -0.642294 0.625265 0.179073 0.759590
0.137129 -12.001216 21.926862 -98.711707 -0.092616 0.995158 0.032901 -0.905354 -0.097919 0.413213 -0.414434 -0.008484 -0.910040
-0.280110 -11.523300 11.375147 -105.999998 -0.023930 0.999693 -0.006458 -0.948885 -0.020679 0.314945 -0.314715 -0.013665 -0.949088
0.161537 -14.347505 -5.211995 -191.174928 -0.094563 0.995263 0.022574 -0.867317 -0.093495 0.488897 -0.488692 -0.026653 -0.872049
0.623589 -13.957161 -0.010368 -151.358481 -0.144808 0.987995 0.053813 -0.814647 -0.149915 0.560246 -0.561588 -0.037290 -0.826576
1.988573 -37.048325 -28.825288 364.132144 0.984025 0.153757 -0.089743 -0.092913 0.013541 -0.995582 0.151863 -0.988016 -0.027611
1.252910 -39.367018 -26.815184 -4.243282 0.987698 0.138056 -0.073440 -0.034640 -0.264810 -0.963678 0.152489 -0.954367 0.256770
1.541668 -41.799667 -29.671912 -262.836490 0.979878 0.187101 -0.069513 0.001311 -0.354295 -0.935133 0.199592 -0.916225 0.347412
0.647116 -37.079843 -31.263273 -390.184941 0.991542 0.115997 -0.058216 0.012601 -0.532476 -0.846351 0.129173 -0.838459 0.529434
1.573459 -47.138910 41.623070 -1137.866429 0.980313 0.192569 -0.043618 0.098996 -0.670503 -0.735272 0.170837 -0.716479 0.676367
-0.040387 -4.947393 -14.608169 33.410826 0.167081 0.975960 -0.139948 0.844074 -0.068236 0.531867 -0.509531 0.206992 0.835184
-0.239379 -4.533588 -2.820821 25.416808 0.140862 0.976102 -0.165480 0.835683 -0.027607 0.548517 -0.530840 0.215554 0.819601
-0.273799 -4.895263 -3.803592 33.338761 0.090789 0.974082 -0.207175 0.795443 0.054238 0.603596 -0.599189 0.219595 0.769903
-0.185464 -4.568952 -9.340665 13.453404 0.173582 0.975959 -0.131806 0.853032 -0.082118 0.515358 -0.492145 0.201892 0.846778
-2.904635 -12.877470 -60.313191 -84.242556 0.030182 0.656432 -0.753781 0.187801 0.736970 0.649312 0.981743 -0.161158 -0.101035
-3.281592 -14.157566 -36.554239 -35.188779 0.022172 0.683589 -0.729530 -0.023769 0.729864 0.683179 0.999472 0.002193 0.032431
-2.433582 -14.203191 -56.455021 41.063163 0.092417 0.724947 -0.682577 0.024550 -0.686961 -0.726279 0.995418 -0.050363 0.081285
-3.417916 -14.444275 -45.183413 -0.585784 0.051321 0.715815 -0.696402 0.235605 -0.686316 -0.688085 0.970493 0.128763 0.203872
-1.740275 -12.853432 -66.151485 85.541284 0.070100 0.701525 -0.709189 -0.237343 -0.678792 -0.694917 0.968893 -0.217035 -0.118919
4.202941 -24.603530 -125.765670 -276.482242 -0.211925 0.803544 -0.556241 -0.658569 0.303106 0.688777 -0.722063 -0.512292 -0.464954
-2.426176 -6.977240 -0.640459 -45.713735 0.547270 -0.250499 0.798590 0.803521 0.424249 -0.417572 -0.234200 0.870209 0.433460
-3.453007 -24.876379 -104.640948 543.886957 0.615299 -0.565296 -0.549407 0.434378 -0.338459 0.834722 0.657817 0.752254 -0.037299
-3.709145 -40.467359 25.241784 353.478406 0.687107 -0.537844 -0.488475 0.623278 0.090839 0.776706 0.373374 0.838136 -0.397643
-2.653079 -23.993065 48.720381 175.632453 0.754238 -0.569086 -0.327514 0.480255 0.137997 0.866205 0.447750 0.810615 -0.377389
-4.625122 -22.155883 -7.360111 475.662361 0.733632 -0.558852 -0.386611 0.333480 -0.199630 0.921379 0.592094 0.804880 -0.039912
-6.383363 -14.381878 224.149572 60.432816 0.800562 -0.538816 -0.262256 0.339304 0.046846 0.939510 0.493937 0.841120 -0.220326
-49.716122 -8800.687847 -16451.904134 1344879.591999 0.242300 0.083582 -0.966594 0.220616 0.965436 0.138785 0.944785 -0.246874 0.215486
-340.837414 -6361.362969 1456.831976 112023.689897 0.283937 0.063724 -0.956723 0.933448 -0.246490 0.260611 -0.219215 -0.967048 -0.129471
-15.025105 -685.618276 -2832.219361 -59741.339317 0.406437 0.136839 -0.903373 0.763711 0.491865 0.418108 0.501551 -0.859851 0.095407
35.033978 -743.619486 -557.818041 35168.063315 0.313610 -0.093291 -0.944958 -0.349842 0.913806 -0.206321 0.882756 0.395290 0.253942
-29.595184 -324.637991 1011.403483 10338.278689 -0.246386 0.131523 0.960206 0.901764 -0.331924 0.276855 0.355128 0.934092 -0.036821
0.137242 -17.132225 -13.731289 160.142320 0.031830 -0.859888 0.509490 0.992256 0.088420 0.087240 -0.120065 0.502768 0.856043
0.677292 -16.305259 -16.946503 75.239383 0.013319 -0.858943 0.511899 0.996518 -0.030740 -0.077509 0.082312 0.511148 0.855542
-0.721527 -9.248804 36.853582 11.207536 -0.044609 0.995865 0.079133 0.509409 -0.045464 0.859323 -0.859367 -0.078644 0.505275
2.930533 -162.419424 383.447884 6831.201604 0.184051 0.954404 -0.235026 0.630097 -0.298081 -0.717026 0.754390 0.016120 0.656229
-3.522126 -157.631262 22.061337 6158.542255 -0.099901 0.983835 -0.148620 0.945897 0.047564 -0.320962 0.308705 0.172644 0.935358
-7.548971 -210.417201 -78.822481 9919.661904 0.112629 -0.985862 0.124058 0.993207 0.115371 0.015119 -0.029218 0.121512 0.992160
-9.533783 -11.619609 123.087428 67.450908 -0.284534 0.908961 0.304681 -0.835194 -0.079011 -0.544251 0.470629 0.409326 -0.781640
-7.486733 -10.902271 20.325931 -64.821120 -0.569889 0.799484 0.189875 0.737816 0.396128 0.546544 0.361738 0.451562 -0.815621
-3.796249 -7.978580 -109.167556 -69.389883 -0.400831 0.785495 -0.471521 0.907311 0.411678 -0.085485 0.126967 -0.462081 -0.877702
0.725866 -6.602333 -124.476182 -45.251082 -0.095116 0.859164 -0.502782 0.988529 0.141046 0.054013 0.117321 -0.491876 -0.862724
-1.617652 -7.185236 -183.316625 -58.558327 -0.158271 0.827978 -0.537962 0.982901 0.184039 -0.005921 0.094104 -0.529700 -0.842949
3.362949 0.512531 295.293613 6.913053 0.768827 -0.274843 0.577379 0.291366 0.954312 0.066293 -0.569220 0.117261 0.813780
5.542825 0.472458 196.086573 -13.490237 0.734428 -0.177154 0.655158 0.197078 0.979404 0.043906 -0.649443 0.096872 0.754215
0.056422 -9.726763 -51.479560 43.459952 0.726193 -0.638023 -0.256068 -0.464592 -0.180887 -0.866853 -0.506752 -0.748470 0.427779
-0.422238 -9.609740 -12.900744 24.441276 0.722670 -0.627746 -0.289282 -0.459910 -0.124285 -0.879225 -0.515976 -0.768433 0.378524
-0.235810 -9.220849 -13.236551 15.298345 0.722631 -0.626646 -0.291750 -0.379247 -0.006554 -0.925272 -0.577906 -0.779276 0.242390
0.185080 -12.771701 -13.044712 -13.928176 -0.564107 0.825165 0.029755 -0.747280 -0.494871 -0.443481 0.351221 0.272406 -0.895790
0.040473 -12.590898 1.245115 -26.230712 -0.559652 0.827216 0.050034 -0.672013 -0.417661 -0.611521 0.484963 0.375862 -0.789645
-0.210898 -12.446049 -5.631341 -8.558617 -0.543662 0.837870 0.049053 -0.677697 -0.403751 -0.614583 0.495136 0.367368 -0.787326
23.445450 -373.254236 322.526529 -15872.172434 -0.832315 -0.528833 0.166093 -0.535911 0.844271 0.002598 -0.141601 -0.086849 -0.986107
2.156770 -72.487598 -12.424626 -2434.963869 -0.884270 -0.437606 0.162996 -0.380607 0.877627 0.291394 -0.270566 0.195633 -0.942614
-8.925967 -1257.576318 14.119930 86101.548438 0.930800 0.245191 -0.271096 0.339571 -0.305531 0.889574 -0.135287 0.920072 0.367648
1.182987 -6.983400 -25.903380 -19.032865 -0.225028 0.953898 -0.198600 -0.369367 0.105099 0.923321 -0.901627 -0.281129 -0.328688
0.535725 -6.602574 -30.625803 -32.698182 -0.251624 0.952607 -0.170956 -0.460371 0.037567 0.886932 -0.851319 -0.301876 -0.429100
-0.343520 -7.037476 -44.640234 -40.210200 -0.287453 0.947983 -0.136747 -0.411576 0.006662 0.911351 -0.864856 -0.318252 -0.388252
-0.006503 -6.653493 -44.046622 -39.191145 -0.284252 0.947007 -0.149595 -0.458391 0.002802 0.888746 -0.842068 -0.321200 -0.433303
0.213104 -20.845862 -22.098011 40.487815 0.543973 0.765375 -0.343940 -0.030522 0.427668 0.903421 -0.838548 0.480938 -0.256001
-0.610575 -24.101452 -3.189747 44.294444 0.570131 0.714964 -0.404693 -0.095158 0.546748 0.831872 -0.816024 0.435767 -0.379752
-1.785735 -22.527385 -30.076917 27.265660 -0.608617 -0.665392 0.432248 -0.293242 0.694815 0.656689 -0.737288 0.272919 -0.617998
-0.787358 -31.362394 -38.038805 499.106590 -0.482270 0.658119 0.578183 0.831513 0.136195 0.538551 0.275686 0.740493 -0.612917
140.566358 -137.878826 -11742.891341 2038.941469 0.567001 -0.458005 -0.684647 0.614023 -0.319036 0.721936 -0.549077 -0.829727 0.100332
57.708454 -43.323002 -3414.903368 -390.992801 0.680243 0.019141 -0.732737 0.694562 -0.336249 0.636019 -0.234209 -0.941578 -0.242026
7.076131 -28.575959 -898.643206 452.388330 0.737866 0.106601 -0.666476 -0.674945 0.119158 -0.728183 -0.001790 -0.987136 -0.159872
34.798738 -111.666954 -2919.318158 3474.595257 0.776326 -0.034014 -0.629413 -0.627561 0.051800 -0.776842 -0.059028 -0.998078 -0.018868
-1.472517 -23.068424 124.301216 98.485295 -0.532641 0.358582 0.766624 0.628002 0.774688 0.073974 -0.567369 0.520843 -0.637821
-1.095425 -18.614819 116.064651 37.485995 -0.475939 0.402845 0.781792 0.468561 0.868408 -0.162227 -0.744267 0.289107 -0.602067
-1.119362 -9.153383 -7.808760 -178.659988 -0.543823 0.825269 -0.152277 0.723672 0.369295 -0.583027 -0.424919 -0.427262 -0.798055
-2.496911 -5.014438 39.171064 -26.857990 0.078742 0.975969 -0.203184 -0.302099 0.217594 0.928111 -0.950019 0.011700 -0.311973
-1.964476 -5.053566 31.229631 -23.777913 0.144430 0.947223 -0.286197 -0.282827 0.316681 0.905385 -0.948235 0.049820 -0.313639
-2.196495 -4.690029 40.627092 -27.747090 0.104011 0.967708 -0.229614 -0.368198 0.251929 0.894965 -0.923911 0.008543 -0.382512
-3.054224 -5.332043 37.920949 -22.936920 0.043333 0.987362 -0.152443 -0.237366 0.158392 0.958420 -0.970453 0.005346 -0.241230
-3.122458 -4.985353 42.805301 -31.295939 -0.006953 0.994062 -0.108597 -0.325494 0.100436 0.940195 -0.945519 -0.041885 -0.322862
-1.107805 -65.959915 52.246849 20.956584 0.867655 -0.273374 -0.415261 0.228105 0.961047 -0.156067 0.441750 0.040689 0.896215
1.333132 -82.247196 72.701416 1094.005947 0.868722 -0.295224 -0.397699 0.032833 0.835505 -0.548501 0.494210 0.463438 0.735515
0.186752 -57.111599 119.938381 -1614.606372 0.789152 -0.318351 -0.525254 0.417644 0.905182 0.078856 0.450347 -0.281598 0.847284
-1.241893 -30.452408 180.280826 92.570859 0.794015 -0.282639 -0.538196 0.229866 0.959201 -0.164607 0.562763 0.006987 0.826589
-4.445302 -6.641211 32.879618 -120.165043 -0.223096 0.897983 0.379282 0.670925 0.423716 -0.608542 0.707169 -0.118706 0.697009
-4.713995 -6.995351 13.632821 -155.038589 -0.246724 0.797542 0.550504 0.628990 0.563942 -0.535109 0.737224 -0.214237 0.640783
-4.186786 -8.982996 14.853934 -71.067640 -0.273238 0.826612 0.491989 0.520104 0.557197 -0.647320 0.809217 -0.079013 0.582172
-2.713177 -5.085415 -187.889120 -2.390843 0.475920 0.874304 -0.095360 0.618390 -0.409757 -0.670591 0.625375 -0.260178 0.735672
-3.179940 -4.789520 -106.306146 -46.623532 0.329061 0.942042 -0.065385 0.729913 -0.297671 -0.615320 0.599121 -0.154753 0.785561
-3.839582 -5.834526 45.354003 -83.367238 -0.275930 0.912178 0.302975 0.718035 0.405169 -0.565918 0.638975 -0.061393 0.766774
-8.099600 -9.667727 -16.716608 5.721551 0.225281 0.883172 -0.411408 0.808020 0.066577 0.585381 -0.544382 0.464301 0.698622
-8.480636 -9.568297 34.279546 2.365814 -0.252458 -0.827253 0.501914 0.846713 0.062197 0.528401 -0.468339 0.558377 0.684744
-8.614657 -9.717111 -19.703157 -13.637664 0.285377 0.796652 -0.532828 0.747691 0.162752 0.643793 -0.599598 0.582115 0.549204
-7.994010 -9.491717 -7.979367 -33.016505 0.251259 0.880277 -0.402470 0.684970 0.132077 0.716500 -0.683875 0.455707 0.569777
-8.152643 -9.442568 -32.357553 -22.308238 0.253316 0.876099 -0.410221 0.579902 0.201893 0.789274 -0.774303 0.437824 0.456909
-8.654235 -9.635435 -33.893244 -2.145159 0.319203 0.766084 -0.557876 0.630793 0.267572 0.728358 -0.707255 0.584398 0.397830
-8.656325 -9.530556 -5.083358 11.933957 -0.291228 -0.628676 0.721078 0.799793 0.253565 0.544092 -0.524897 0.735168 0.428965
2.379954 -5.564675 -53.947595 -30.695919 0.301275 0.932535 -0.199028 -0.106889 -0.174382 -0.978859 0.947527 -0.316179 -0.047141
1.805610 -4.918300 -46.240569 -21.039730 0.293972 0.920139 -0.258697 -0.017069 -0.265560 -0.963943 0.955662 -0.287788 0.062361
2.751374 -4.708015 34.878154 -23.579898 0.211473 0.959438 -0.186434 -0.043711 -0.181273 -0.982461 0.976406 -0.215913 -0.003604
2.131773 -4.237514 33.721717 -19.838923 0.209422 0.953807 -0.215394 0.040851 -0.228620 -0.972658 0.976972 -0.194897 0.086842
2.051306 -4.233114 52.518570 -21.679952 0.157068 0.979697 -0.124592 0.020043 -0.129294 -0.991404 0.987384 -0.153220 0.039944
-2.203970 -4.191742 25.123845 -54.479055 0.407091 0.905974 -0.116139 0.558569 -0.146326 0.816449 -0.722687 0.397241 0.565617
-1.518076 -2.575596 53.829787 -18.583751 0.139252 0.827833 -0.543417 0.628542 0.350161 0.694494 -0.765209 0.438270 0.471567
-1.529759 -3.267475 39.813739 -58.579222 0.367445 0.895468 -0.251240 0.573579 -0.005539 0.819131 -0.732114 0.445091 0.515658
-1.081471 -7.203560 -3.371251 -41.682869 -0.201624 0.979142 -0.025090 0.784355 0.146066 -0.602869 0.586630 0.141232 0.797445
-0.811073 -11.134626 1.251747 -108.541991 0.073884 0.996359 -0.042539 -0.984786 0.079620 0.154458 -0.157282 -0.030480 -0.987083
-0.581113 -9.963614 21.738443 -50.982106 0.018623 0.999825 -0.001619 -0.985200 0.018626 0.170394 -0.170394 0.001578 -0.985375
-0.879046 -9.840028 14.046409 -36.656658 0.074679 0.996967 -0.021896 -0.996518 0.075426 0.035537 -0.037081 -0.019166 -0.999128
1.115335 -32.657111 -44.298903 882.901790 0.984225 0.088434 -0.153237 -0.175494 0.597896 -0.782127 -0.022453 -0.796681 -0.603983
2.252994 -46.717681 -61.827897 1288.516113 0.988592 0.133778 -0.069205 -0.116535 0.388269 -0.914148 0.095422 -0.911784 -0.399430
1.698432 -37.455972 -3.266374 869.148708 0.976700 0.161022 -0.141875 -0.209836 0.577898 -0.788671 0.045004 -0.800066 -0.598221
0.178300 -6.128854 -7.337855 42.573386 0.121475 0.975716 -0.182268 0.806640 0.009969 0.590959 -0.578426 0.218812 0.785840
0.351079 -6.173214 -3.797998 3.674856 0.082639 0.974000 -0.210938 0.715293 0.089411 0.693081 -0.693921 0.208158 0.689306
0.417992 -6.635193 -6.804702 44.437085 0.109148 0.973797 -0.199512 0.794422 0.035186 0.606346 -0.597478 0.224678 0.769766
0.436715 -5.936525 -3.660731 38.069529 0.162372 0.972436 -0.167341 0.850032 -0.051730 0.524185 -0.501080 0.227359 0.835001
0.374815 -5.451330 -16.520920 14.052603 0.199305 0.972040 -0.124162 0.868965 -0.116743 0.480907 -0.452966 0.203739 0.867936
76.588222 -9.034595 3881.641860 -128.352780 -0.453586 -0.530033 -0.716467 0.043214 0.789898 -0.611714 0.890164 -0.308426 -0.335381
