16182
32352
-5.856306 -8.455233 53.339048 -115.646264 -0.401207 0.896023 0.190200 0.915935 0.390217 0.093778 0.009808 0.211835 -0.977256
-6.714896 -9.724573 29.859464 -98.561033 -0.319996 0.923837 0.210066 0.937741 0.277232 0.209248 0.135074 0.263946 -0.955033
-8.434419 -11.109408 9.911416 -265.527088 0.387160 0.881352 0.270788 0.912532 -0.408289 0.024190 0.131879 0.237737 -0.962335
-5.072046 -8.800861 -38.825962 -121.542302 -0.584563 0.784095 0.208523 0.810786 0.554961 0.186132 0.030223 0.277873 -0.960142
-6.600265 -10.212838 -5.859213 -320.361744 0.399373 0.898419 0.182607 0.916785 -0.390783 -0.082430 -0.002697 0.200331 -0.979724
-4.830611 -7.090738 49.003382 -94.263698 -0.349545 0.917208 0.191176 0.933222 0.358951 -0.015842 -0.083153 0.172872 -0.981428
-4.442976 -7.754975 -28.374838 -115.806867 -0.662326 0.718156 0.213485 0.745651 0.659612 0.094430 -0.073001 0.221729 -0.972372
4.885738 -11.725003 -31.159853 -168.588563 0.516877 0.737809 -0.434138 -0.200263 0.597277 0.776630 -0.832306 0.314480 -0.456475
6.637823 -13.451965 -21.032471 -194.704930 0.497895 0.781488 -0.376001 -0.046297 0.456895 0.888315 -0.866001 0.424880 -0.263666
4.958356 -11.710715 -26.881903 -154.250493 0.460918 0.782838 -0.417994 -0.172297 0.540986 0.823193 -0.870556 0.307406 -0.384231
-0.026580 -6.101710 -370.680429 -41.677883 -0.625789 0.216574 0.749322 -0.029173 0.953508 -0.299953 -0.779446 -0.209568 -0.590377
-3.194803 -5.020029 -239.568868 -41.009690 -0.525158 0.456822 0.717999 0.052816 0.859577 -0.508270 -0.849364 -0.229001 -0.475541
-1.081646 -5.904839 -418.372574 -0.333421 -0.579984 0.313962 0.751695 0.087124 0.941361 -0.325958 -0.809955 -0.123559 -0.573328
-5.284108 -6.482479 10.382277 -78.431264 -0.179915 0.971914 0.151706 -0.426616 -0.216058 0.878247 -0.886357 -0.093290 -0.453506
-2.130000 -5.726597 9.860482 48.909964 0.803297 0.458358 -0.380291 0.556087 -0.348587 0.754490 -0.213262 0.817554 0.534906
-2.098039 -4.871529 22.164672 -7.304638 0.825420 0.433128 -0.362053 0.541170 -0.424564 0.725865 -0.160678 0.795076 0.584840
-1.653285 -5.023844 41.046091 11.833942 0.790031 0.433862 -0.433145 0.589894 -0.345555 0.729806 -0.166960 0.832079 0.528932
-1.499044 -4.469078 45.992172 -24.982074 0.828013 0.403689 -0.389139 0.546438 -0.425384 0.721425 -0.125698 0.809990 0.572815
-0.519027 -4.671079 82.773601 5.035641 0.819951 0.391462 -0.417657 0.556953 -0.377038 0.740031 -0.132222 0.839404 0.527179
-0.761899 -6.239596 75.839404 108.435047 0.777146 0.421035 -0.467732 0.605316 -0.296793 0.738584 -0.172151 0.857113 0.485511
4.330813 -8.223161 162.594497 -165.007333 -0.165309 0.869524 0.465404 0.837660 -0.125296 0.531627 -0.520576 -0.477733 0.707653
3.112701 -7.923982 190.910060 -68.579542 -0.165951 0.892539 0.419326 0.795585 -0.130070 0.591714 -0.582670 -0.431806 0.688505
2.058292 -7.848199 202.073996 -115.027600 -0.161969 0.911675 0.377645 0.841187 -0.072524 0.535859 -0.515918 -0.404462 0.755142
3.438126 -8.174674 -241.082041 9.323377 0.171725 -0.910896 -0.375206 0.915415 0.006802 0.402454 -0.364041 -0.412581 0.835016
-2.536113 -5.739809 15.741463 60.838638 -0.530811 0.823023 -0.202172 0.836226 0.547399 0.032865 0.137718 -0.151616 -0.978798
-2.452605 -4.521081 10.945896 -91.018129 -0.489578 0.847358 -0.205664 -0.840963 -0.521182 -0.145432 0.230421 -0.101756 -0.967756
-2.611975 -5.633745 -9.615812 63.074989 -0.512129 0.818409 -0.260635 0.839623 0.540967 0.048872 0.180993 -0.193806 -0.964200
-2.599632 -4.281768 9.748604 -90.984031 -0.536199 0.804914 -0.254172 -0.804113 -0.578668 -0.136182 0.256696 -0.131362 -0.957523
-2.627508 -4.772587 -4.671016 -77.555963 -0.537677 0.789865 -0.294985 -0.806888 -0.583534 -0.091759 0.244611 -0.188683 -0.951086
-0.168126 -7.918442 7.827269 -49.530006 -0.365644 0.845884 0.388311 0.337900 -0.268098 0.902190 -0.867253 -0.461090 0.187796
-0.193427 -6.986235 14.340186 -76.266469 -0.381924 0.867119 0.319749 0.167779 -0.275175 0.946641 -0.908837 -0.415192 0.040389
-0.195482 -8.292642 11.562740 -53.448508 -0.364571 0.846712 0.387512 0.315914 -0.279005 0.906838 -0.875949 -0.453028 0.165771
0.017540 -9.191561 -11.048331 -32.343167 -0.348107 0.826306 0.442763 0.479826 -0.248698 0.841378 -0.805350 -0.505339 0.309909
-0.272366 -8.318755 -1.097193 -49.395351 -0.349978 0.833803 0.426952 0.435752 -0.258555 0.862131 -0.829238 -0.487772 0.272843
2.896064 -20.872114 -71.955748 -165.086482 0.238805 0.924113 -0.298308 0.711039 -0.375624 -0.594416 0.661359 0.070159 0.746781
1.004738 -19.803987 -59.746718 24.381471 0.220430 0.938010 -0.267483 0.574307 -0.346467 -0.741709 0.788404 -0.009877 0.615078
1.948401 -20.099602 -60.365763 -72.497365 0.198194 0.950782 -0.238188 0.707899 -0.306928 -0.636140 0.677937 0.042534 0.733888
4.040912 -20.044911 -42.737029 -317.254691 0.213080 0.933659 -0.287885 0.860573 -0.318863 -0.397166 0.462614 0.163118 0.871425
0.319258 -23.031319 23.322386 90.530688 -0.133523 0.862956 -0.487318 0.729330 0.418491 0.541242 -0.671006 0.283147 0.685258
-0.151882 -22.083274 -69.364098 90.749583 -0.204991 0.863205 -0.461364 0.502015 0.497376 0.707530 -0.840214 0.086574 0.535299
0.258789 -23.703040 10.779717 -40.399874 -0.164585 0.853213 -0.494913 0.462351 0.509952 0.725383 -0.871288 0.109437 0.478414
0.472869 -23.116166 22.509470 23.060391 -0.156602 0.862468 -0.481274 0.662948 0.452992 0.596069 -0.732104 0.225714 0.642711
0.481820 -22.884155 23.038009 156.606028 -0.126568 0.877912 -0.461791 0.873217 0.319469 0.368011 -0.470610 0.356665 0.807042
1.857972 -6.256488 -63.166106 -20.963637 -0.321607 0.899854 -0.294673 -0.013089 0.306952 0.951635 -0.946783 -0.309909 0.086940
2.085804 -6.316492 -53.953227 16.325428 -0.322519 0.898402 -0.298086 0.112630 0.349100 0.930292 -0.939838 -0.266464 0.213779
1.165072 -6.357050 -28.764607 -14.287712 -0.327781 0.906177 -0.267213 0.036079 0.294639 0.954927 -0.944064 -0.303366 0.129271
1.114362 -6.068961 -47.697697 -33.200106 -0.330063 0.903322 -0.273986 -0.086338 0.260146 0.961701 -0.940002 -0.341077 0.007874
0.550246 -6.164290 -7.208503 -22.623127 -0.330667 0.914697 -0.232355 -0.038220 0.233024 0.971720 -0.942973 -0.330196 0.042093
0.625499 -6.478418 -12.668103 -15.542554 -0.337904 0.913241 -0.227622 0.064845 0.263862 0.962378 -0.938944 -0.310431 0.148379
7.022088 -5.193723 229.750685 -86.299890 0.006943 0.897701 0.440550 0.666781 0.324167 -0.671058 0.745221 -0.298409 0.596320
8.389579 -4.243836 162.610773 -17.815348 0.157659 0.869007 0.469011 0.601808 0.292006 -0.743344 0.782925 -0.399449 0.476937
6.939405 -4.876885 60.258345 89.368180 0.006801 0.831384 0.555657 0.653759 0.416773 -0.631585 0.756672 -0.367562 0.540690
7.620552 -3.827003 22.299732 98.767407 0.154252 0.813070 0.561358 0.619387 0.363081 -0.696083 0.769783 -0.455070 0.447599
6.203928 -4.993450 11.830884 105.839445 0.003065 0.784755 0.619799 0.703928 0.438533 -0.558726 0.710265 -0.438006 0.551066
7.522234 -9.597644 -183.993194 96.479042 0.161130 0.941848 -0.294890 0.974427 -0.104403 0.198979 0.156620 -0.319410 -0.934584
7.441438 -6.824386 95.091726 -118.369277 0.111409 0.992535 -0.049619 -0.975174 0.099572 -0.197790 0.191373 -0.070423 -0.978988
8.771383 -7.682413 -80.227145 -28.208397 0.202131 0.962752 -0.179590 0.978564 -0.205927 -0.002555 -0.039443 -0.175224 -0.983738
0.378534 -16.722990 -8.951122 137.731432 -0.094450 0.910356 -0.402904 0.857146 0.280206 0.432186 -0.506339 0.304528 0.806773
0.782392 -16.551863 29.014612 -25.433562 0.035644 -0.929010 0.368334 0.944040 0.152231 0.292600 -0.327900 0.337293 0.882448
0.717144 -15.884631 27.636252 43.915959 -0.071506 0.919791 -0.385839 0.872977 0.244833 0.421864 -0.482492 0.306662 0.820463
0.393275 -16.649574 55.985476 124.058962 -0.102671 0.899784 -0.424083 0.741242 0.353515 0.570603 -0.663340 0.255763 0.703254
0.973743 -16.320014 8.376795 -31.632561 -0.155061 0.973104 0.170368 0.748303 0.228285 -0.622839 0.644980 -0.030909 0.763574
0.359036 -17.404650 2.356957 23.941528 -0.079609 0.992375 0.094097 0.680532 0.123082 -0.722307 0.728381 -0.006534 0.685141
-0.159619 -15.436909 5.899109 43.225238 -0.126498 0.981734 0.142113 0.572228 0.189243 -0.797961 0.810280 0.019620 0.585715
-4.444699 -18.469841 -125.140994 -12.703535 0.903006 -0.252321 0.347727 0.224195 -0.413679 -0.882387 -0.366492 -0.874759 0.316985
-3.042323 -19.814481 -109.000832 -234.691125 0.891001 -0.257402 0.373980 0.305879 -0.268371 -0.913463 -0.335492 -0.928290 0.160385
-5.473417 -22.481955 -169.929376 -150.546761 0.924812 -0.228957 0.303811 0.255754 -0.217012 -0.942070 -0.281624 -0.948939 0.142139
-2.217140 -19.844748 -64.791164 -109.749738 0.882829 -0.272437 0.382611 0.242866 -0.432470 -0.868324 -0.402032 -0.859504 0.315631
-7.870333 -22.113163 -220.718800 191.124859 0.931532 -0.264338 0.249746 0.107420 -0.456105 -0.883419 -0.347432 -0.849761 0.396481
-4.828582 -20.587159 -144.035535 127.264986 0.897106 -0.289158 0.334047 0.114194 -0.578634 -0.807553 -0.426802 -0.762608 0.486076
26.768654 -20.344129 1511.838228 180.569944 -0.678249 -0.287750 0.676149 -0.190981 0.957549 0.215932 -0.709580 0.017325 -0.704412
9.721914 -19.003129 609.082316 74.838949 -0.682549 -0.364241 0.633605 -0.408883 0.908893 0.082029 -0.605758 -0.203082 -0.769295
16.308185 -19.718204 868.016381 211.355912 -0.800264 -0.248342 0.545806 -0.311183 0.950047 -0.023988 -0.512584 -0.189043 -0.837568
-0.881511 -8.493956 46.896682 90.110590 0.871832 0.455200 -0.180836 0.434689 -0.548915 0.713959 -0.225731 0.701060 0.676432
0.616448 -7.601457 179.031308 61.357761 0.941262 0.325258 -0.090733 0.294132 -0.657746 0.693438 -0.165867 0.679395 0.714780
-0.433994 -8.771394 63.824764 146.305082 0.887283 0.429477 -0.168162 0.396232 -0.523168 0.754517 -0.236071 0.736101 0.634371
1.301809 -7.701371 156.741049 92.213577 0.950168 0.307365 -0.052028 0.246525 -0.638713 0.728883 -0.190802 0.705388 0.682658
-1.409855 -10.533055 -14.550196 98.486707 0.809181 0.534232 -0.244587 0.494820 -0.395144 0.773960 -0.316827 0.747300 0.584092
0.089861 -8.909641 96.556100 128.915144 0.919186 0.377605 -0.111853 0.304431 -0.501105 0.810071 -0.249837 0.778658 0.575564
1.946735 -62.569324 -26.579093 1594.043368 0.833037 -0.208501 0.512422 -0.551686 -0.244239 0.797490 0.041124 0.947034 0.318488
1.323906 -41.885059 43.203532 -801.820898 0.829804 -0.240741 0.503457 -0.545112 -0.542839 0.638888 -0.119490 0.804593 0.581681
1.417276 -37.319270 -49.991726 507.038240 0.832680 -0.181288 0.523239 -0.542799 -0.454229 0.706431 -0.109603 0.872245 0.476630
3.115074 -72.811461 188.394244 2552.560858 0.792259 -0.261224 0.551441 -0.608679 -0.274884 0.744278 0.042841 0.925311 0.376780
2.142920 -48.608150 -97.203972 -819.513790 0.855760 -0.178139 0.485738 -0.473499 -0.648024 0.596543 -0.208503 0.740494 0.638902
1.550913 -44.160502 -87.410110 -1215.338926 0.839044 -0.201194 0.505495 -0.494123 -0.670645 0.553243 -0.227699 0.713972 0.662115
2.019899 -32.790656 -142.069446 -102.381151 0.826352 -0.225017 0.516246 -0.555680 -0.474660 0.682582 -0.091449 0.850920 0.517274
2.678374 -41.776666 -115.328019 238.271010 0.816788 -0.230253 0.529000 -0.576693 -0.352530 0.736985 -0.016796 0.907031 0.420728
-2.069388 -5.746233 -11.834397 57.475280 0.875795 0.446437 -0.183514 0.389522 -0.429157 0.814922 -0.285054 0.785187 0.549750
-1.352264 -6.875969 -23.435031 95.685626 0.890807 0.432923 -0.137985 0.317166 -0.374978 0.871089 -0.325373 0.819737 0.471342
-1.578245 -5.977827 -16.211409 61.897059 0.910336 0.410882 -0.049637 0.262825 -0.481284 0.836235 -0.319704 0.774301 0.546121
-2.246937 -5.436631 -13.489989 32.782112 0.904847 0.417604 -0.082818 0.315166 -0.526267 0.789755 -0.286221 0.740709 0.607806
-2.466498 -5.293701 -6.025930 22.743308 0.862491 0.452070 -0.227470 0.443563 -0.458893 0.769849 -0.243641 0.764885 0.596313
1.809045 -6.327109 141.438641 103.376956 -0.465805 0.768757 -0.438223 0.376367 0.620322 0.688149 -0.800858 -0.155610 0.578284
0.025751 -5.201637 53.226485 90.873111 -0.473725 0.767112 -0.432578 0.440717 0.631759 0.637690 -0.762465 -0.111445 0.637359
2.477495 -5.943000 248.945052 104.225192 -0.469694 0.723684 -0.505637 0.390454 0.683970 0.616222 -0.791791 -0.092008 0.603822
-0.018619 -5.931198 5.691348 89.157390 -0.442915 0.823526 -0.354445 0.423690 0.540665 0.726752 -0.790135 -0.171715 0.588388
-0.728166 -30.601431 0.636405 -1318.218137 0.196534 0.973825 -0.114188 -0.198138 -0.074611 -0.977330 0.960268 -0.214704 -0.178288
0.285914 -18.175393 84.097465 -837.858644 0.179516 0.971736 -0.153307 -0.164700 -0.123952 -0.978524 0.969870 -0.200910 -0.137794
2.036199 -22.853571 152.871173 -467.043383 0.239850 0.969043 -0.058541 -0.442767 0.055527 -0.894916 0.863961 -0.240566 -0.442378
-0.579125 -19.731122 13.356052 -565.896941 0.268504 0.962315 -0.043081 -0.283112 0.036087 -0.958408 0.920735 -0.269533 -0.282132
-1.050287 -6.427273 -0.249118 29.226330 -0.169322 0.968925 -0.180320 0.814122 0.240624 0.528493 -0.555459 0.057317 0.829566
-1.126505 -6.028661 -9.725761 27.373904 -0.134949 0.981968 -0.132395 0.801802 0.186726 0.567668 -0.582154 0.029548 0.812542
-1.213210 -5.537344 2.648249 31.822773 -0.217274 0.957458 -0.189909 0.836969 0.282854 0.468483 -0.502269 0.057159 0.862820
-1.022987 -6.082810 3.401348 23.668506 -0.243259 0.943599 -0.224603 0.844354 0.319967 0.429754 -0.477381 0.085103 0.874566
-33.641593 -93.834474 1583.741191 10043.026702 -0.589203 0.602771 0.538058 0.807818 0.425932 0.407446 0.016421 0.674721 -0.737890
-35.217090 -117.591392 -393.713961 5974.537452 0.825284 0.549149 -0.131688 -0.216907 0.523556 0.823918 -0.521400 0.651402 -0.551197
-11.838196 -70.778977 1499.187211 5088.630341 0.917984 -0.391593 -0.062925 0.213623 0.354502 0.910326 0.334171 0.849107 -0.409080
-140.480383 -443.925372 9432.692676 -20370.739611 -0.608260 -0.115018 0.785360 -0.266569 0.961579 -0.065632 -0.747637 -0.249274 -0.615550
1280.881809 -3545.862849 42313.198990 -771633.467464 -0.305741 0.070455 -0.949504 0.042835 0.997266 0.060206 0.951151 -0.022265 -0.307923
2.558762 -41.213309 -42.410709 -1038.307717 -0.390356 0.423418 0.817520 0.833721 -0.214110 0.508985 0.390553 0.880269 -0.269434
2.517805 -34.478053 -108.769893 -1120.979971 -0.377399 0.492048 0.784512 0.921742 0.117968 0.369426 0.089228 0.862539 -0.498062
2.717951 -33.564394 -12.294574 -204.702339 -0.374733 0.462550 0.803506 0.858430 -0.154297 0.489172 0.350246 0.873063 -0.339247
2.381495 -45.176118 50.870582 -89.883790 0.375002 -0.395127 -0.838599 -0.549170 0.634108 -0.544352 0.746850 0.664667 0.020800
1.944848 -53.109495 62.389808 -574.036401 -0.436221 0.310926 0.844415 0.612564 -0.584790 0.531776 0.659149 0.749230 0.064636
2.764944 -38.526592 -33.111139 542.051256 -0.374220 0.447472 0.812236 0.673602 -0.470818 0.569728 0.637353 0.760328 -0.125229
19.072849 -355.164839 -883.117339 19018.568810 -0.080785 -0.132089 -0.987940 0.988782 0.114310 -0.096138 0.125631 -0.984625 0.121373
0.498316 -93.071250 -18.976884 5096.781519 0.195458 -0.104913 -0.975084 0.968601 0.176421 0.175177 0.153647 -0.978708 0.136102
0.926698 -13.785935 -27.328779 591.382080 0.158845 -0.089539 -0.983235 0.955646 0.264109 0.130337 0.248011 -0.960328 0.127520
2.449731 -62.481494 -12.137188 3575.556761 0.170720 -0.076344 -0.982358 0.968585 0.195970 0.153096 0.180824 -0.977634 0.107401
1.757227 -63.985399 -93.179229 2697.110099 0.071714 -0.111396 -0.991185 0.995788 -0.048916 0.077544 -0.057123 -0.992571 0.107419
6.330765 -5.194592 -52.774083 -88.805033 -0.304187 0.933124 -0.191704 -0.809247 -0.146951 0.568792 -0.502582 -0.328155 -0.799828
4.504673 -4.964374 -241.826285 50.814922 -0.406873 0.860092 -0.307729 0.775098 0.146787 -0.614554 -0.483402 -0.488565 -0.726379
5.167740 -4.502999 -269.188998 54.076747 -0.384755 0.861315 -0.331812 0.809321 0.141961 -0.569953 -0.443805 -0.487835 -0.751701
-3.497078 -5.018963 -34.225130 -94.551733 -0.146581 0.938746 0.311881 0.485934 0.342957 -0.803896 0.861616 -0.033718 0.506439
-2.226202 -5.846632 -100.819480 -109.123822 0.039789 0.996957 0.067027 0.519743 0.036641 -0.853536 0.853396 -0.068798 0.516704
-3.383526 -6.213985 -163.218164 -175.449862 0.126670 0.986464 -0.104128 0.477632 -0.152659 -0.865195 0.869380 -0.059860 0.490505
-2.649349 -4.725824 -13.219804 -19.519542 -0.249972 0.831356 0.496347 0.476541 0.551871 -0.684359 0.842866 -0.065459 0.534128
-4.823838 -8.600565 34.869898 2.305386 0.661008 -0.141415 -0.736933 0.537320 -0.596325 0.596393 0.523790 0.790189 0.318191
-4.898395 -8.994736 -22.610756 10.922105 0.650477 -0.182527 -0.737268 0.522313 -0.597235 0.608686 0.551424 0.781021 0.293151
-4.818107 -8.948539 17.162600 0.491761 0.700585 -0.176983 -0.691273 0.563467 -0.457179 0.688107 0.437819 0.871587 0.220569
22.276460 -4.067944 -876.364046 -30.923775 0.860829 -0.481203 0.165581 0.250632 0.684068 0.685007 0.442897 0.548174 -0.709470
21.167239 -5.924704 109.165975 47.699809 -0.584252 0.685909 -0.433795 -0.258636 -0.664005 -0.701573 0.769257 0.297700 -0.565347
24.887195 -5.218704 709.120645 -35.478068 -0.791620 0.505495 -0.343239 0.142601 0.699086 0.700673 0.594141 0.505720 -0.625495
19.257491 -3.197081 -585.129409 6.590987 0.917524 -0.321366 0.234249 0.071228 0.712317 0.698234 0.391249 0.623961 -0.676459
26.622543 -4.570364 -643.880042 -39.129563 0.886629 -0.316431 0.337282 -0.008646 0.717822 0.696173 0.462400 0.620164 -0.633706
6.357846 -27.419920 137.605258 -875.956648 0.606250 0.734029 -0.306044 0.339992 -0.587109 -0.734649 0.718935 -0.341328 0.605498
7.413085 -26.903153 79.962714 -490.124522 0.668850 0.704264 -0.238017 0.156829 -0.446643 -0.880860 0.726667 -0.551835 0.409186
7.538222 -25.943814 54.411651 -1029.065165 0.675155 0.691870 -0.255896 0.376464 -0.621482 -0.687048 0.634383 -0.367528 0.680060
6.934327 -17.927952 44.921841 -659.297366 0.638050 0.717035 -0.280631 0.465939 -0.649698 -0.600661 0.613020 -0.252494 0.748634
7.020547 -16.951425 -52.145406 -703.337953 0.712959 0.669658 -0.207961 0.450690 -0.664830 -0.595717 0.537186 -0.330996 0.775805
-1.360656 -8.300974 -272.354884 -4.535998 -0.459957 0.884754 -0.075168 0.659371 0.283633 -0.696263 0.594702 0.369815 0.713840
-3.987494 -8.268893 -71.527509 11.072296 -0.517887 0.835388 -0.184174 0.664055 0.256867 -0.702176 0.539281 0.485949 0.687771
-2.642000 -8.278742 -188.363110 -19.531069 -0.493177 0.863505 -0.105523 0.708264 0.328130 -0.625054 0.505112 0.383001 0.773416
-0.151730 -8.309690 -219.002893 -16.567314 -0.455585 0.886863 -0.076919 0.735129 0.326090 -0.594349 0.502024 0.327322 0.800520
-1.885020 -5.976911 -13.590782 7.179400 -0.033296 0.971332 -0.235383 -0.769042 -0.175318 -0.614685 0.638330 -0.160553 -0.752833
-1.709018 -6.075881 -8.640755 -5.172578 -0.017808 0.980428 -0.196071 -0.702261 -0.151852 -0.695536 0.711697 -0.125306 -0.691221
-0.907590 -6.114326 -60.316299 1.523985 -0.065817 0.951324 -0.301084 -0.705409 -0.257771 -0.660267 0.705738 -0.168931 -0.688038
-2.103526 -5.999712 11.555635 2.400013 -0.003906 0.987650 -0.156628 -0.779837 -0.101054 -0.617772 0.625970 -0.119732 -0.770601
-1.101201 -5.803470 -69.151643 32.189788 -0.072586 0.941808 -0.328221 -0.772557 -0.261226 -0.578719 0.630782 -0.211562 -0.746562
-2.224162 -5.455490 -2.678387 34.323699 0.028196 0.983063 -0.181083 -0.832317 -0.077235 -0.548892 0.553582 -0.166196 -0.816043
-1.898472 -5.284356 -27.953701 43.469708 -0.021996 0.965109 -0.260924 -0.825477 -0.164766 -0.539852 0.564007 -0.203512 -0.800299
0.033188 -8.278893 5.178631 -44.157099 0.823458 -0.002668 -0.567371 -0.274010 0.873772 -0.401796 0.496825 0.486328 0.718784
-0.092986 -8.633917 -10.101599 57.637771 0.831214 -0.009178 -0.555877 0.282400 -0.854295 0.436384 0.478888 0.519708 0.707510
-0.034002 -9.644594 14.507591 97.969385 0.836974 -0.052128 -0.544754 0.306044 -0.780644 0.544915 0.453664 0.622799 0.637425
-0.073291 -8.051390 -8.709791 6.785203 0.810819 0.060061 -0.582207 -0.278655 0.914366 -0.293745 0.514707 0.400409 0.758122
-0.009817 -8.429530 18.005322 63.027595 0.820838 -0.019858 -0.570816 0.312437 -0.821002 0.477849 0.478131 0.570581 0.667704
-0.000326 -7.501083 -9.909809 2.875258 0.810994 0.059046 -0.582067 -0.254639 0.931341 -0.260313 0.526733 0.359329 0.770347
0.127381 -7.321684 31.354920 -19.150798 0.809035 -0.004337 -0.587744 -0.259235 0.894822 -0.363442 0.527503 0.446402 0.722818
-3.606966 -17.710179 -37.440141 -330.157321 -0.535800 0.714895 -0.449270 0.282221 -0.349857 -0.893281 0.795782 0.605414 0.014305
-2.992077 -13.823894 -2.168613 -287.444512 -0.521971 0.701574 -0.485120 0.436639 -0.268800 -0.858541 0.732730 0.659955 0.166028
-2.461268 -16.801015 -45.919615 -300.200538 -0.475936 0.741840 -0.472397 0.327643 -0.348909 -0.878016 0.816171 0.572657 0.077000
-1.821146 -13.676614 -54.864307 -213.915388 -0.460496 0.757423 -0.462875 0.479105 -0.226897 -0.847924 0.747263 0.612232 0.258401
-2.153277 -20.042844 -97.601907 -269.504938 -0.441354 0.767837 -0.464363 0.094066 -0.475052 -0.874916 0.892389 0.429828 -0.137439
-1.816867 -17.053427 -94.523273 -272.892186 -0.440049 0.767516 -0.466129 0.300147 -0.363517 -0.881911 0.846327 0.527991 0.070402
1.885553 -37.526804 -14.121568 1530.658492 -0.487028 0.847328 -0.211754 -0.723550 -0.527227 -0.445540 0.489161 0.063776 -0.869859
2.417770 -29.885743 -66.890806 907.871821 -0.529813 0.827227 -0.187066 -0.783990 -0.561828 -0.264026 0.323508 -0.006773 -0.946201
1.946315 -22.307259 -61.667620 595.440620 -0.550200 0.798217 -0.245212 -0.789767 -0.592804 -0.157645 0.271198 -0.106924 -0.956566
1.531337 -20.575942 -29.878104 599.090699 -0.528521 0.813594 -0.242344 -0.782792 -0.577533 -0.231717 0.328485 -0.067238 -0.942113
1.662917 -22.803041 5.476464 646.258758 -0.494847 0.843061 -0.210653 -0.754600 -0.537111 -0.376949 0.430935 0.027574 -0.901962
-1.392452 -14.747491 -62.757806 -8.089689 0.345486 -0.812762 0.469104 0.912298 0.408024 0.035047 -0.219891 0.415854 0.882447
-0.545382 -15.356514 107.164574 -71.267304 -0.328304 0.799321 -0.503292 0.865859 0.467611 0.177841 -0.377497 0.377394 0.845618
-1.565319 -14.285246 70.722182 -55.679022 -0.322148 0.821069 -0.471239 0.855241 0.465855 0.227029 -0.405936 0.329886 0.852286
-2.586713 -13.939727 20.275533 -68.064881 -0.351574 0.840769 -0.411707 0.850668 0.470524 0.234460 -0.390845 0.267796 0.880639
-2.388904 -14.471843 -19.279226 -2.542845 0.365714 -0.827402 0.426216 0.914711 0.404108 -0.000384 -0.171920 0.390005 0.904621
1.735391 -8.375155 37.538832 -21.440491 0.180188 0.956703 -0.228585 0.498161 -0.289139 -0.817456 0.848156 -0.033423 0.528692
1.672407 -7.969026 18.817732 -54.208588 0.181523 0.948826 -0.258414 0.566233 -0.315694 -0.761392 0.804009 0.008112 0.594562
1.827594 -7.941727 -16.551737 -0.894927 0.169572 0.958387 -0.229650 0.472105 -0.283543 -0.834698 0.865080 -0.033122 0.500540
2.102393 -7.564033 -49.293187 -6.354425 0.152263 0.961593 -0.228376 0.452212 -0.273247 -0.849023 0.878817 -0.026000 0.476449
1.954991 -7.617071 -43.479272 41.032112 0.142284 0.968106 -0.206219 0.371536 -0.245340 -0.895416 0.917451 -0.050785 0.394594
1.624787 -8.049295 -16.834739 36.151393 0.157644 0.968890 -0.190792 0.384364 -0.238175 -0.891929 0.909622 -0.067274 0.409953
0.271075 -6.587515 -1.843541 -107.555821 -0.904714 -0.182289 0.385049 -0.113053 0.974156 0.195550 -0.410744 0.133386 -0.901941
0.258109 -7.346643 -27.660106 -73.573593 -0.914916 -0.128852 0.382525 -0.019759 0.960841 0.276395 -0.403160 0.245320 -0.881635
0.461115 -6.771040 -14.988841 -91.431643 -0.907789 -0.176836 0.380326 -0.115737 0.977182 0.178099 -0.403142 0.117659 -0.907542
7.084102 -5.512832 223.099334 44.089053 0.742498 -0.535272 -0.402717 0.011791 0.611556 -0.791113 0.669745 0.582652 0.460390
8.066178 -5.901813 10.755060 -14.781193 0.836953 -0.386872 -0.387092 0.073626 -0.621282 0.780120 0.542300 0.681424 0.491500
8.128857 -5.658829 246.554327 -48.121645 0.740922 -0.529434 -0.413200 -0.014048 0.602903 -0.797691 0.671444 0.596831 0.439267
37.951125 -5.252636 2146.940280 -30.268186 -0.783761 -0.383474 0.488535 0.077770 0.719822 0.689789 -0.616174 0.578623 -0.534345
63.477265 -2.475636 -2880.219720 -86.105197 0.909553 0.106596 -0.401685 0.209420 0.717299 0.664549 -0.358967 0.688563 -0.630098
120.255071 -5.461895 -6078.116252 -44.113783 0.826330 0.264498 -0.497211 0.230540 0.646634 0.727128 -0.513838 0.715475 -0.473356
42.162314 -2.953607 -459.952924 -35.024338 0.967233 -0.179599 -0.179457 0.253495 0.643688 0.722084 0.014172 0.743915 -0.668124
49.025583 -7.399320 2592.420614 -106.039751 -0.679134 -0.398386 0.616494 0.234659 0.677979 0.696620 -0.695494 0.617765 -0.366954
56.428113 -3.738494 -1941.695480 -61.499207 0.940647 -0.082278 -0.329261 0.310051 0.602894 0.735110 -0.138026 0.793567 -0.592621
1860.219250 -22.609906 -82255.139486 672.755104 0.761092 0.339878 -0.552469 0.292868 0.579909 0.760219 -0.578764 0.740397 -0.341825
3.588273 -13.703207 -66.705021 -392.562860 0.923704 0.379717 0.050859 -0.262479 0.723958 -0.637957 0.279063 -0.575934 -0.768390
4.627747 -12.626887 -151.779441 -260.679892 0.923472 0.380112 0.052098 -0.277497 0.755512 -0.593461 0.264943 -0.533588 -0.803175
3.812241 -15.183660 -97.047947 -37.121128 0.932689 0.359097 0.033788 -0.316746 0.860280 -0.399487 0.172522 -0.361895 -0.916116
1.735082 -18.368232 82.023937 3.722521 0.914752 0.364080 -0.175141 0.396362 -0.724736 0.563609 -0.078268 0.584982 0.807261
3.175625 -22.195323 82.445148 401.065275 0.906450 0.394636 -0.150371 0.399679 -0.686639 0.607275 -0.136402 0.610565 0.780132
3.699535 -21.278690 145.197433 208.410629 0.931214 0.338356 -0.135486 0.321740 -0.588470 0.741746 -0.171245 0.734315 0.656854
1.619977 -17.619793 58.788430 15.952368 0.931895 0.329383 -0.151913 0.333649 -0.614091 0.715242 -0.142301 0.717216 0.682167
0.401441 -0.979541 9.488135 -9.501694 -0.394821 0.878700 -0.268332 0.830814 0.466155 0.304053 -0.392255 0.102888 0.914084
0.561447 -0.978072 24.444425 -1.378986 -0.297056 0.926360 -0.231549 0.871143 0.362216 0.331525 -0.390982 0.103230 0.914591
0.304645 -0.824889 2.724520 9.730793 -0.319730 0.917831 -0.235286 0.860980 0.385105 0.332277 -0.395583 0.096338 0.913363
0.763498 -1.261707 27.292015 -20.270905 -0.326935 0.913105 -0.243625 0.864054 0.393229 0.314296 -0.382785 0.107751 0.917532
-0.071496 -0.742028 6.299730 -5.590504 -0.355763 0.902170 -0.243969 0.842035 0.422680 0.335141 -0.405475 0.086199 0.910033
-0.048446 -1.037391 29.913929 -17.644035 -0.444866 0.846030 -0.293815 0.801740 0.522410 0.290346 -0.399133 0.106399 0.910699
0.454623 -1.393760 22.642749 -27.298343 -0.411169 0.867328 -0.280503 0.826787 0.484423 0.285933 -0.383880 0.114349 0.916275
-3.049245 -7.642518 22.220692 5.430179 0.816408 0.537406 0.211359 -0.574212 0.794326 0.198311 0.061314 0.283268 -0.957079
-1.678398 -7.259340 -73.130575 -19.775244 0.696200 0.692586 0.188762 0.715416 -0.691051 -0.103096 0.059041 0.206819 -0.976596
-2.422053 -7.022461 -95.202654 -0.169825 0.714869 0.675964 0.178982 -0.699177 0.687070 0.197704 -0.010668 0.266472 -0.963784
-11.040996 -158.686271 -35.094460 -5752.540448 -0.490068 0.612009 -0.620708 0.619517 -0.256395 -0.741930 -0.613214 -0.748135 -0.253499
-5.749309 -86.811763 191.996383 3655.224955 0.357186 -0.498327 0.789993 -0.247632 0.764997 0.594523 -0.900609 -0.407982 0.149844
-7.768494 -89.711238 35.205134 3401.850540 0.316867 -0.544077 0.776901 -0.280084 0.728905 0.624700 -0.906172 -0.415545 0.078579
-6.436275 -184.095291 147.524909 -6672.498129 -0.387703 0.619330 -0.682727 0.722890 -0.255273 -0.642079 -0.571941 -0.742473 -0.348737
6.233589 -211.619041 -502.160776 15335.895479 -0.048989 0.890160 -0.453007 0.769083 -0.255763 -0.585745 0.637269 0.377094 0.672077
6.704151 -695.365107 511.445145 -75467.556180 0.012800 -0.815399 0.578758 0.957574 0.176650 0.227700 -0.287904 0.551289 0.783066
24.637399 -515.849014 960.351576 -45969.591111 -0.033092 -0.863970 0.502455 0.929589 0.158052 0.332994 -0.367110 0.478096 0.797906
28.865326 -155.557586 -1978.730305 -19080.965550 0.100290 0.951912 -0.289492 0.148634 0.273360 0.950359 -0.983794 0.138340 0.114071
-7.251088 -109.486670 -250.471537 472.609679 0.056217 -0.866776 0.495518 0.907881 0.250891 0.335866 -0.415442 0.430990 0.801034
5.420817 -98.144510 164.522095 23400.889154 0.135998 -0.872751 0.468839 0.873215 -0.117943 -0.472848 0.467974 0.473704 0.746059
-0.929705 -5.390423 42.723217 -27.699631 0.021962 0.999283 -0.030827 -0.588547 -0.012003 -0.808374 0.808165 -0.035897 -0.587861
-0.274774 -5.190374 49.852605 -31.326053 0.016769 0.999734 -0.015847 -0.563406 -0.003645 -0.826172 0.826010 -0.022783 -0.563195
-0.726810 -4.868130 39.882139 -43.446704 0.027462 0.999387 -0.021731 -0.513704 -0.004540 -0.857955 0.857528 -0.034725 -0.513264
-0.199297 -4.465333 30.629707 -35.614349 0.023443 0.999161 -0.033586 -0.479034 -0.018260 -0.877607 0.877483 -0.036662 -0.478204
-1.186964 -5.180988 20.753821 -49.805987 0.038873 0.997945 -0.050941 -0.537995 -0.022058 -0.842659 0.842051 -0.060162 -0.536032
-0.633286 -4.046479 26.324769 -48.238625 0.030808 0.998928 -0.034539 -0.439745 -0.017485 -0.897952 0.897594 -0.042852 -0.438735
-1.075233 -4.506453 22.195498 -58.059247 0.038900 0.998125 -0.047267 -0.470598 -0.023429 -0.882037 0.881490 -0.056555 -0.468804
2.004046 -11.565185 -4.759986 87.673853 0.989400 0.106194 -0.099052 0.123061 -0.250988 0.960136 -0.077100 0.962148 0.261395
2.116419 -11.423689 -67.000825 86.361679 0.986734 0.161700 -0.014497 0.070742 -0.347870 0.934870 -0.146125 0.923493 0.354694
1.324194 -12.703679 -37.693985 64.445516 0.988459 0.149417 0.024980 -0.000040 -0.164641 0.986354 -0.151491 0.974971 0.162735
-2.009365 -4.502132 10.295909 21.172867 -0.542987 0.836754 0.070766 0.734755 0.514212 -0.442404 0.406572 0.188224 0.894020
-1.751387 -4.757136 13.837016 15.740558 -0.434748 0.900089 -0.028869 0.816510 0.380451 -0.434245 0.379876 0.212359 0.900332
-2.151167 -4.974370 19.917718 16.530409 -0.439122 0.898228 -0.018951 0.840497 0.403265 -0.361859 0.317390 0.174828 0.932040
-2.187394 -5.304720 27.185193 15.224251 -0.384339 0.920873 -0.065394 0.897426 0.356056 -0.260482 0.216587 0.158800 0.963262
-2.767343 -5.355352 24.921666 20.733856 -0.487961 0.872698 0.017110 0.837082 0.473422 -0.274164 0.247363 0.119459 0.961531
-2.504136 -4.863792 24.955376 29.421750 -0.544221 0.836173 0.068105 0.762745 0.526964 -0.374873 0.349348 0.152067 0.924571
0.482695 -11.806815 21.448566 -394.548411 -0.494589 0.861961 -0.111380 -0.567885 -0.223485 0.792188 -0.657943 -0.455058 -0.600028
2.679848 -36.106460 -61.616858 -1610.911241 -0.462102 0.870970 -0.166954 -0.595122 -0.164982 0.786518 -0.657489 -0.462810 -0.594572
1.889173 -27.622684 -3.203941 -1317.407585 -0.506941 0.849709 -0.144931 -0.591686 -0.220754 0.775355 -0.626832 -0.478813 -0.614670
-4.203584 -53.668619 95.074191 2343.897672 0.678170 0.522412 -0.516886 -0.349118 -0.389893 -0.852115 0.646685 -0.758333 0.082030
-1.238652 -317.013534 -273.557537 15978.198247 0.787035 0.526272 -0.321890 -0.164244 -0.324194 -0.931623 0.594642 -0.786089 0.168715
-4.214794 -37.874815 -26.592867 1747.251386 0.766306 0.501058 -0.402139 -0.311090 -0.258275 -0.914613 0.562137 -0.825975 0.042044
-2.605049 -7.296246 -56.160134 314.409011 0.727351 0.318207 -0.608034 -0.553750 -0.251213 -0.793884 0.405366 -0.914131 0.006513
-2.303725 -20.285055 -109.319949 1158.839413 0.861708 0.357438 -0.360135 -0.317663 -0.173423 -0.932210 0.395663 -0.917694 0.035895
-1.181630 -6.820250 -52.811515 159.925054 0.756823 0.304359 -0.578433 -0.535855 -0.217825 -0.815728 0.374271 -0.927318 0.001763
-3.453418 -21.898699 -99.452798 1345.295479 0.855906 0.391677 -0.337660 -0.287548 -0.182236 -0.940269 0.429816 -0.901875 0.043351
-9.196472 -11.064382 88.813639 88.078455 0.102055 0.945385 0.309568 -0.946250 0.188266 -0.262995 0.306912 0.266089 -0.913784
-7.370217 -10.234315 71.508173 -60.231662 -0.313085 0.914595 0.255919 0.914760 0.217960 0.340159 0.255327 0.340603 -0.904874
-5.401613 -9.745419 -19.601579 -52.925892 -0.504812 0.833443 0.224806 0.845605 0.425086 0.322885 0.173544 0.353094 -0.919352
7.873796 -15.108806 29.019971 -185.720112 0.579426 0.710981 -0.398462 0.073804 0.441116 0.894410 -0.811677 0.547652 -0.203121
9.120228 -14.930781 67.633717 -52.203141 0.526438 0.780539 -0.337079 0.195409 0.274772 0.941444 -0.827453 0.561480 0.007874
5.772947 -13.022934 -9.315529 -180.504114 0.580410 0.684638 -0.440903 -0.079247 0.586352 0.806171 -0.810459 0.432969 -0.394580
-5.224755 -9.410001 -19.839034 -35.256885 0.194404 0.974941 -0.108151 0.019513 0.106389 0.994133 -0.980727 0.195374 -0.001658
-5.136749 -9.048169 -20.732770 -59.587261 0.192008 0.978453 -0.075910 -0.128779 0.101800 0.986434 -0.972907 0.179628 -0.145550
-5.184356 -9.567855 -29.467859 -40.909680 0.127760 0.990571 -0.049468 0.036377 0.045163 0.998317 -0.991138 0.129345 0.030264
-5.520156 -9.774085 -10.813929 11.690992 0.202591 0.973276 -0.108119 0.156539 0.076802 0.984681 -0.966671 0.216412 0.136797
-1.869270 -4.901194 5.749149 -112.496645 -0.609692 0.729192 0.310732 -0.751865 -0.656151 0.064535 -0.250946 0.194282 -0.948304
-2.057722 -3.621940 -8.480643 41.587868 -0.407410 0.868114 0.283539 0.891888 0.444973 -0.080846 -0.196350 0.219947 -0.955547
-1.843833 -4.209112 -9.063073 63.039888 -0.485203 0.835271 0.258651 0.854353 0.515842 -0.063150 -0.186170 0.190338 -0.963905
-2.246651 -3.434270 6.885671 62.219062 -0.638433 0.691049 0.338903 0.732263 0.680961 -0.009080 -0.237054 0.242369 -0.940778
-1.844104 -5.528830 -4.721979 -106.816955 -0.567445 0.778225 0.269021 -0.787004 -0.608668 0.100734 -0.242138 0.154559 -0.957852
-1.575555 -6.887644 7.427990 -152.280186 -0.624486 0.723537 0.294128 -0.719720 -0.679359 0.143088 -0.303348 0.122333 -0.944995
-1.516401 -7.083476 18.478327 174.755503 -0.666234 0.663862 0.339733 0.670482 0.732669 -0.116836 -0.326474 0.149945 -0.933237
-1.746930 -5.156498 15.058037 124.011748 -0.703480 0.616579 0.353477 0.650771 0.758745 -0.028350 -0.285679 0.210089 -0.935013
-2.446534 -5.286136 0.072655 12.990505 0.826283 0.463124 -0.320582 0.523281 -0.420584 0.741139 -0.208407 0.780145 0.589865
-1.324932 -4.538927 65.401471 -11.210468 0.899663 0.337466 -0.276989 0.427637 -0.553376 0.714774 -0.087933 0.761507 0.642165
-2.390969 -4.960121 22.778053 -9.924265 0.852551 0.425562 -0.303405 0.502565 -0.508150 0.699437 -0.143479 0.748786 0.647096
-1.121786 -8.655750 68.904096 34.678987 0.278636 -0.844697 -0.457000 0.842649 -0.013271 0.538300 -0.460765 -0.535080 0.708085
-0.683777 -8.038984 55.668821 -20.583842 0.286485 -0.840246 -0.460341 0.874636 0.033242 0.483640 -0.391074 -0.541186 0.744432
-0.161933 -7.973066 53.546634 -77.152990 -0.244790 0.883240 0.399956 0.836550 -0.016144 0.547653 -0.490166 -0.468643 0.734922
-0.684127 -8.902684 17.706668 41.016339 -0.264432 0.874814 0.405926 0.808450 -0.028412 0.587879 -0.525818 -0.483625 0.699730
2.596282 -5.568148 -8.954142 48.818325 -0.450013 0.859750 -0.241494 0.875252 0.478303 0.071829 0.177262 -0.179044 -0.967740
2.546951 -5.189162 42.534842 -48.815469 -0.463159 0.867043 -0.183632 -0.873732 -0.481431 -0.069402 0.148580 -0.128301 -0.980542
2.402421 -5.938629 8.411400 38.661990 -0.423167 0.879908 -0.216081 0.902615 0.430151 -0.016027 0.078845 -0.201820 -0.976244
2.630176 -4.648953 2.778675 -61.151277 -0.503457 0.836150 -0.217678 -0.831907 -0.537157 -0.139260 0.233370 -0.110976 -0.966035
1.932952 -6.280758 -46.395929 56.241038 -0.419870 0.863823 -0.278421 0.899034 0.437870 0.002746 0.124284 -0.249157 -0.960455
-0.092119 -7.517166 9.030401 -95.130003 -0.384242 0.865761 0.320650 0.161416 -0.278965 0.946638 -0.909012 -0.415496 0.032557
-0.015824 -6.611868 3.913391 -70.488551 -0.396605 0.884055 0.247287 0.069368 -0.239748 0.968354 -0.915365 -0.401208 -0.033760
0.299572 -7.580034 -33.051930 -91.663776 -0.400810 0.874269 0.273871 0.079742 -0.264507 0.961081 -0.912684 -0.407050 -0.036301
0.210281 -19.678329 -46.812219 170.772247 0.179285 0.966865 -0.181739 0.551523 -0.251752 -0.795263 0.814665 -0.042345 0.578384
0.021730 -17.996949 -57.824317 326.573825 0.228136 0.932441 -0.280193 0.352571 -0.347369 -0.868924 0.907550 -0.099445 0.407999
0.696945 -16.977042 -77.028285 416.001740 0.260814 0.886900 -0.381294 0.213892 -0.438236 -0.873040 0.941396 -0.146145 0.303999
-0.945356 -14.395720 -58.754739 398.664901 0.229463 0.923654 -0.306937 0.129779 -0.341570 -0.930853 0.964626 -0.173762 0.198249
-1.515773 -16.872619 -48.758477 379.594993 0.189361 0.962948 -0.192025 0.280671 -0.240486 -0.929188 0.940939 -0.122056 0.315811
-0.020000 -22.804907 -69.264735 -64.200641 -0.239255 0.837763 -0.490826 0.171877 0.534067 0.827787 -0.955623 -0.113691 0.271770
0.022817 -19.220850 -32.736171 48.495024 -0.176555 0.878753 -0.443420 0.573364 0.457992 0.679336 -0.800052 0.134300 0.584706
-0.334358 -19.933506 -8.576132 128.897254 -0.182714 0.855572 -0.484367 0.393638 0.515110 0.761387 -0.900925 0.051549 0.430903
-0.512748 -21.986984 -95.438922 47.538407 -0.238344 0.851212 -0.467580 0.253897 0.519324 0.815989 -0.937405 -0.075769 0.339898
-2.341136 -13.751690 -24.249692 -21.198884 -0.098663 -0.774884 0.624356 0.848122 0.262714 0.460077 -0.520533 0.574923 0.631276
-2.006935 -13.836570 -25.673262 -40.133724 -0.115031 -0.758293 0.641685 0.908553 0.180857 0.376593 -0.401621 0.626324 0.668145
-2.383958 -13.504945 29.710542 -18.546681 0.138259 0.767737 -0.625671 0.783239 0.301884 0.543509 -0.606152 0.565195 0.559584
2.481778 -6.171210 -36.126239 21.922852 -0.287552 0.901899 -0.322322 0.136096 0.371598 0.918364 -0.948046 -0.220211 0.229599
2.284602 -6.070846 -34.398972 30.749177 -0.307894 0.896828 -0.317650 0.212961 0.390360 0.895693 -0.927280 -0.208131 0.311179
2.415920 -6.241374 -42.579697 -7.849154 -0.288623 0.903114 -0.317933 0.015573 0.336449 0.941573 -0.957316 -0.266808 0.111171
3.798472 -6.842836 113.651595 -60.529717 0.023966 0.930700 0.364998 0.574337 0.286020 -0.767026 0.818268 -0.228015 0.527681
6.776545 -5.474968 261.795119 -126.866604 0.010729 0.921245 0.388836 0.614542 0.300678 -0.729336 0.788811 -0.246781 0.562918
4.600460 -6.456698 146.770168 -68.187447 -0.039811 0.894151 0.445993 0.680366 0.351149 -0.643270 0.731791 -0.277829 0.622329
5.988495 -6.403843 205.046716 -14.978480 0.047229 0.933721 0.354873 0.486334 0.288823 -0.824658 0.872495 -0.211535 0.440460
1.989347 -17.316959 -1.407467 -114.315546 -0.100446 0.989186 0.106875 0.845689 0.141472 -0.514583 0.524138 -0.038695 0.850754
1.594169 -18.493020 -32.537654 -82.635313 -0.007218 0.999613 0.026876 0.799684 0.021907 -0.600022 0.600378 -0.017161 0.799532
2.409257 -16.061942 -10.365842 -50.626768 -0.187443 0.959929 0.208328 0.864168 0.261983 -0.429626 0.466990 -0.099500 0.878647
3.341199 -16.112487 -36.118610 -194.189456 -0.130007 0.980626 0.146529 0.939059 0.169208 -0.299226 0.318223 -0.098698 0.942864
3.545313 -17.455270 -44.530162 -267.651137 -0.018373 0.999055 0.039394 0.936561 0.030990 -0.349131 0.350022 -0.030480 0.936245
-2.751444 -24.178370 -89.976990 -374.793395 0.909763 -0.241655 0.337541 0.337925 -0.041169 -0.940272 -0.241118 -0.969488 -0.044207
-1.619252 -23.290207 -74.860881 -307.801333 0.880517 -0.285921 0.378072 0.345538 -0.158831 -0.924865 -0.324488 -0.944998 0.041057
7.206837 -19.478752 497.257670 83.940209 -0.710252 -0.364298 0.602353 -0.505743 0.859272 -0.076656 -0.489659 -0.359081 -0.794541
-0.310867 -8.046083 74.684559 23.507697 0.905640 0.403158 -0.131455 0.382796 -0.643891 0.662473 -0.182438 0.650283 0.737461
1.546703 -7.507461 198.206874 -15.708014 0.963278 0.264149 -0.048168 0.233684 -0.736408 0.634897 -0.132236 0.622839 0.771094
2.966439 -6.946130 227.331657 6.598446 0.976106 0.215266 0.029624 0.142847 -0.738422 0.659035 -0.163743 0.639057 0.751528
1.126772 -35.000719 -41.296143 -155.672741 0.811682 -0.219434 0.541314 -0.508464 -0.721549 0.469927 -0.287467 0.656670 0.697243
0.974966 -49.252885 46.004987 44.339441 0.823805 -0.262875 0.502237 -0.564164 -0.466712 0.681101 -0.055355 0.844439 0.532785
1.065794 -46.424988 31.141995 17.342332 0.822215 -0.274011 0.498879 -0.568110 -0.448711 0.689862 -0.034823 0.850633 0.524605
0.912469 -6.232237 -99.420922 -37.220824 -0.357363 0.832817 -0.422737 0.933886 0.312727 -0.173375 -0.012189 -0.456747 -0.889513
1.744604 -6.769110 -100.662887 -24.519725 -0.317901 0.854232 -0.411372 0.946977 0.307406 -0.093465 0.046618 -0.419273 -0.906663
1.425084 -6.132957 -4.466993 -61.268964 -0.336240 0.868873 -0.363320 0.939368 0.281851 -0.195313 -0.067300 -0.406964 -0.910962
