14493
28966
-7.455795 -9.300714 -10.217037 194.063515 0.041494 0.997975 0.048206 -0.991534 0.047071 -0.121012 0.123036 0.042777 -0.991480
-6.617912 -9.577412 82.316018 89.451434 -0.512987 0.858283 -0.013939 -0.832191 -0.501242 -0.237094 0.210481 0.110026 -0.971387
-8.739872 -11.285510 26.767450 220.488468 0.108349 0.984212 0.139956 -0.952506 0.143084 -0.268810 0.284591 0.104183 -0.952971
-6.176567 -9.432683 29.222424 65.722882 -0.672603 0.739737 -0.019843 -0.710614 -0.653140 -0.261603 0.206477 0.161854 -0.964972
-5.856821 -12.827036 -97.767018 302.255390 0.315267 0.946666 0.066564 -0.914795 0.321816 -0.244098 0.252500 -0.016064 -0.967463
-4.809509 -11.892455 -105.008508 336.314031 0.291098 0.956267 -0.028560 -0.952809 0.287100 -0.098633 0.086120 -0.055924 -0.994714
-5.024729 -7.386228 -39.957716 -121.304260 -0.119049 0.992209 -0.036723 0.992878 0.118796 -0.009000 -0.004568 -0.037533 -0.999285
-5.340892 -7.990161 13.973602 -108.406708 -0.725744 0.687516 -0.024843 0.684598 0.725290 0.072667 0.067978 0.035730 -0.997047
-4.079971 -5.495947 196.643024 -184.073222 -0.663264 0.540762 0.517356 0.002131 0.692658 -0.721263 -0.748382 -0.477285 -0.460567
0.979808 -3.378372 -82.208022 -33.758143 -0.228685 -0.441898 0.867427 -0.687649 0.704043 0.177376 -0.689088 -0.555922 -0.464875
0.623005 -1.812770 -291.805777 -257.302899 -0.640748 0.013597 0.767631 -0.410256 0.839060 -0.357307 -0.648947 -0.543868 -0.532048
0.989258 -4.303786 -347.183537 -137.127560 -0.683846 0.062207 0.726970 -0.337746 0.856193 -0.390975 -0.646748 -0.512897 -0.564494
-5.722780 -9.959412 -18.935572 -9.820350 0.872630 -0.286358 -0.395621 0.445363 0.134154 0.885243 0.200422 0.948684 -0.244600
-6.080968 -10.061441 -27.073524 -57.926428 0.862410 -0.374588 -0.340489 0.462319 0.308878 0.831177 0.206180 0.874230 -0.439559
-5.657033 -9.977919 -9.135593 -30.269858 0.889933 -0.256660 -0.377022 0.443469 0.293805 0.846767 0.106561 0.920763 -0.375287
-2.303803 -4.152708 -188.897621 40.375962 -0.230661 0.881588 -0.411822 0.917988 0.056827 -0.392515 -0.322634 -0.468586 -0.822396
-3.954095 -5.204253 78.598528 -28.140288 0.346886 0.753321 -0.558729 -0.835566 0.518809 0.180738 -0.426027 -0.404160 -0.809417
-2.475922 -4.503755 182.350001 38.826309 0.042769 0.910705 -0.410837 0.931542 -0.184979 -0.313069 -0.361110 -0.369322 -0.856272
-1.448192 -18.006848 -26.920769 632.481555 -0.255057 -0.034199 -0.966321 0.874282 0.418712 -0.245583 0.413008 -0.907475 -0.076896
-1.388137 -23.046589 -23.140238 611.248485 -0.274626 -0.032398 -0.961005 0.926455 0.258638 -0.273472 0.257412 -0.965431 -0.041013
-1.652273 -18.219939 22.623071 510.873074 -0.292729 0.028149 -0.955781 0.867029 0.429304 -0.252903 0.403201 -0.902721 -0.150075
-1.547174 -15.233482 -28.631022 618.904986 -0.262035 -0.045322 -0.963994 0.813329 0.527298 -0.245872 0.519455 -0.848471 -0.101309
-1.406642 -13.076586 46.008424 421.804945 -0.318611 0.046095 -0.946764 0.773506 0.589964 -0.231582 0.547882 -0.806113 -0.223624
-1.672784 -12.222651 23.631240 423.007586 -0.307951 0.000707 -0.951402 0.762951 0.597611 -0.246508 0.568394 -0.801786 -0.184574
-1.382520 -16.033189 41.835382 472.040039 -0.304101 0.060369 -0.950725 0.842025 0.483796 -0.238612 0.445552 -0.873096 -0.197955
-1.359814 -21.009986 23.972634 481.724831 -0.294273 0.055028 -0.954136 0.919226 0.289547 -0.266807 0.261585 -0.955581 -0.135789
2.199011 -9.083197 -59.316909 -28.418224 0.079477 -0.766440 -0.637380 0.910470 0.316149 -0.266636 0.405867 -0.559124 0.722947
0.685669 -9.493192 27.042077 -10.145030 -0.023683 0.769363 0.638373 0.828142 0.372799 -0.418571 0.560018 -0.518750 0.645971
1.879780 -8.800100 45.754387 -15.427264 -0.029492 0.765645 0.642587 0.784733 0.415928 -0.459564 0.619132 -0.490705 0.613094
23.457996 -11.510784 963.075949 -241.471798 0.113012 -0.620307 -0.776175 0.974965 0.219791 -0.033697 0.191499 -0.752935 0.629617
42.369560 -8.344246 1762.736140 -278.795569 0.059313 -0.560483 -0.826039 0.996998 0.074523 0.021023 0.049776 -0.824806 0.563220
93.901047 -10.350228 4247.875357 -391.381542 0.037068 -0.708157 -0.705081 0.998475 0.055123 -0.002871 0.040899 -0.703900 0.709121
-2.964788 -11.887668 11.396447 5.006198 -0.149189 -0.388517 0.909284 0.977039 0.083536 0.195999 -0.152107 0.917647 0.367134
-2.760055 -11.780312 25.154959 22.903994 -0.099343 -0.464193 0.880145 0.978309 0.116020 0.171613 -0.181776 0.878103 0.442598
-2.747626 -12.313503 9.954557 8.478676 -0.141510 -0.390929 0.909477 0.989562 -0.081145 0.119091 0.027244 0.916837 0.398332
-2.784658 -12.088279 -5.107069 11.715091 -0.194006 -0.302249 0.933278 0.980495 -0.090286 0.174581 0.031495 0.948944 0.313869
-1.225075 -14.118830 -10.484861 -72.559447 0.161703 0.410755 -0.897292 0.772115 -0.618912 -0.144176 -0.614566 -0.669498 -0.417230
-1.702595 -13.309614 10.637463 -22.031875 -0.192425 -0.379958 0.904768 -0.611397 0.767598 0.192323 -0.767572 -0.516164 -0.380010
-1.412161 -14.045730 -3.114755 49.667882 -0.241040 -0.401342 0.883643 -0.733793 0.671255 0.104714 -0.635176 -0.623170 -0.456301
0.465726 -7.391740 -0.303128 -85.762350 -0.081881 0.840470 0.535635 -0.691316 0.339231 -0.637969 0.717898 0.422531 -0.553254
0.801182 -6.126863 1.028600 -37.824355 -0.073425 0.823975 0.561848 -0.594394 0.416220 -0.688082 0.800815 0.384481 -0.459205
0.550321 -7.634686 5.862751 -90.992641 -0.129315 0.842153 0.523503 -0.672659 0.313392 -0.670310 0.728565 0.438820 -0.525956
3.068760 -11.217879 1147.223451 119.469387 0.163241 0.734663 0.658500 -0.367002 0.664772 -0.650682 0.915785 0.135454 -0.378141
2.891083 -9.831372 374.945155 57.450157 0.283715 0.773579 0.566640 -0.238535 0.629282 -0.739666 0.928766 -0.074691 -0.363063
1.585727 -8.584838 832.321616 -60.319830 0.212267 0.793596 0.570218 -0.206022 0.606743 -0.767736 0.955247 -0.045488 -0.292290
5.821315 -13.034851 -75.480283 -12.776983 -0.599822 -0.121866 -0.790798 -0.301503 0.949906 0.082306 0.741154 0.287797 -0.606518
4.674780 -12.844306 -31.964696 -58.961947 -0.579625 -0.171525 -0.796626 -0.460916 0.875197 0.146920 0.672005 0.452337 -0.586345
5.364336 -12.329087 67.598150 4.978431 -0.658164 -0.104540 -0.745581 -0.298685 0.945301 0.131122 0.691092 0.308994 -0.653388
6.620810 -14.598206 -22.065507 174.500473 -0.655177 -0.047350 -0.753990 -0.129792 0.990250 0.050595 0.744243 0.131011 -0.654934
3.616861 -11.114072 132.666846 52.955499 -0.722484 -0.090826 -0.685396 -0.313994 0.926308 0.208234 0.615975 0.365656 -0.697762
6.674361 -13.103069 207.249014 147.553954 -0.766877 0.036897 -0.640733 -0.052267 0.991439 0.119650 0.639663 0.125246 -0.758383
-8.437995 -13.857593 214.721447 324.444699 0.460659 0.859666 -0.220836 -0.103940 0.299344 0.948467 -0.881470 0.413966 -0.227249
-8.239099 -13.073416 197.637026 -129.057608 0.478742 0.862170 -0.165737 -0.085866 0.233852 0.968473 -0.873746 0.449418 -0.185986
-5.949198 -13.026865 172.035931 281.052565 0.530395 0.785335 -0.319264 -0.022158 0.389315 0.920838 -0.847461 0.481334 -0.223892
-5.957744 -17.045111 173.049696 334.412382 0.534521 0.790174 -0.299854 -0.171676 0.448908 0.876931 -0.827536 0.417260 -0.375605
-3.189712 -17.331241 82.975761 50.596958 0.571698 0.763794 -0.299633 -0.083849 0.417678 0.904718 -0.816168 0.492101 -0.302830
0.761461 -144.201861 -23.434444 4952.263352 0.721913 0.467321 0.510346 -0.456216 0.875952 -0.156763 -0.520297 -0.119659 0.845560
-2.668389 -82.176206 124.140163 3063.906247 0.786385 0.490162 0.375952 -0.464678 0.870382 -0.162821 -0.407030 -0.046657 0.912222
-57.005592 -1180.431042 2845.808232 -4526.621499 0.723679 0.565544 0.395536 0.677922 -0.475184 -0.560912 0.129268 -0.674063 0.727275
1.622438 -358.215993 616.952621 27505.000411 -0.580171 -0.624862 -0.522445 0.766272 -0.201310 -0.610165 0.276095 -0.754335 0.595609
0.408749 -3.281564 19.275149 216.281746 -0.197975 0.927011 -0.318523 0.860635 0.319927 0.396175 -0.469163 0.195699 0.861155
2.439329 0.579581 422.214375 32.294202 0.919183 0.055782 0.389860 0.036688 0.973485 -0.225789 -0.392118 0.221845 0.892765
0.851331 -3.364542 7.273610 233.878061 -0.137233 0.954739 -0.263895 0.878477 0.240399 0.412899 -0.457651 0.175163 0.871707
0.612051 -6.490375 7.351712 77.878082 -0.131719 0.956210 -0.261368 0.817984 0.253783 0.516232 -0.559957 0.145797 0.815592
0.343721 -11.531385 -9.968629 92.711183 0.281489 0.104684 0.953837 -0.276146 0.960817 -0.023956 -0.918971 -0.256655 0.299367
0.648275 -10.778517 -7.455823 80.725172 0.276174 0.148937 0.949497 -0.250928 0.964829 -0.078356 -0.927773 -0.216615 0.303834
0.629956 -10.450182 -13.332540 4.010972 0.269561 0.158904 0.949782 -0.142677 0.981996 -0.123800 -0.952355 -0.102140 0.287380
6.087418 0.046262 -184.872819 -39.327397 -0.723269 -0.048412 -0.688868 -0.025838 0.998738 -0.043060 0.690083 -0.013344 -0.723607
6.818963 0.682340 17.607632 -35.036507 -0.818688 -0.168028 -0.549105 -0.126852 0.985528 -0.112445 0.560052 -0.022403 -0.828155
5.526181 0.513810 -119.396219 19.514374 -0.738962 0.127649 -0.661544 0.084022 0.991683 0.097496 0.668487 0.016461 -0.743542
-1.129017 -19.425122 26.868215 7.131525 0.143759 0.364078 -0.920207 -0.209267 0.920021 0.331313 0.967234 0.144940 0.208451
-0.791525 -19.143986 32.787557 249.117020 0.146663 0.309115 -0.939648 -0.441173 0.870652 0.217558 0.885356 0.382640 0.264066
-1.518638 -18.590279 21.581796 260.786199 0.152983 0.360962 -0.919947 -0.466924 0.846844 0.254631 0.870964 0.390591 0.298094
-95.040853 -253.617666 7903.415862 -572.778599 -0.076873 0.919944 0.384440 0.978257 -0.004899 0.207337 0.192622 0.392019 -0.899565
-89.809262 -329.443176 5569.459667 1125.758500 -0.150532 0.900830 0.407241 -0.926297 -0.272451 0.260277 -0.345419 0.338046 -0.875449
-53.158813 -164.682812 2774.854338 4162.165741 -0.068833 0.886226 0.458110 0.979151 -0.027954 0.201199 0.191114 0.462409 -0.865825
-10.484408 -139.921060 4069.928906 -11003.175333 0.256024 0.754649 0.604116 -0.673971 0.587354 -0.448083 0.692976 0.292437 -0.658988
2.133035 -14.606438 34.461308 -273.790058 0.214084 -0.932932 -0.289494 0.960687 0.254723 -0.110437 0.176770 -0.254470 0.950788
1.247174 -20.907235 -106.314196 -408.364019 -0.266612 0.881007 0.390827 0.893198 0.378201 -0.243230 0.362099 -0.284238 0.887746
0.617419 -19.238021 82.698474 -231.564564 0.153906 -0.924856 -0.347784 0.984086 0.175110 -0.030175 0.088808 -0.337605 0.937089
0.944383 -4.959765 -368.689336 249.697608 -0.421216 -0.452552 -0.785986 -0.073427 0.880787 -0.467785 0.903983 -0.139326 -0.404231
5.893839 -6.167875 -571.247225 -26.215877 -0.394936 -0.165247 -0.903725 -0.013645 0.984637 -0.174078 0.918607 -0.056418 -0.391124
7.085273 -8.548053 -462.343719 273.694587 -0.466112 -0.397677 -0.790312 -0.096523 0.910810 -0.401383 0.879445 -0.110806 -0.462925
6.175388 -1.382840 170.598557 -61.543528 -0.890030 -0.161433 -0.426364 -0.118721 0.985013 -0.125122 0.440173 -0.060744 -0.895856
6.425509 -0.660679 150.844374 -41.615140 -0.873058 -0.238080 -0.425545 -0.196150 0.970454 -0.140515 0.446425 -0.039207 -0.893962
6.867590 -1.182190 -72.383230 -47.738131 -0.796852 -0.157821 -0.583197 -0.113684 0.987204 -0.111819 0.593382 -0.022803 -0.804598
12.646753 -11.205507 -69.735013 61.214726 0.058967 -0.829007 0.556120 0.988665 0.125553 0.082331 -0.138076 0.544962 0.827014
11.341094 -12.698670 110.561128 171.020954 0.086378 -0.923518 0.373701 0.982202 0.141738 0.123246 -0.166788 0.356405 0.919325
11.379181 -12.445732 45.329150 24.129978 0.081553 -0.877420 0.472740 0.938280 0.227553 0.260482 -0.336126 0.422319 0.841823
11.123746 -10.873148 -54.503289 -84.237477 0.060546 -0.805643 0.589300 0.939189 0.245909 0.239693 -0.338021 0.538951 0.771540
9.833216 -14.911596 -95.325688 8.608897 -0.068171 0.962459 -0.262728 0.748174 0.223526 0.624717 -0.659991 0.153979 0.735325
8.908683 -13.979782 -82.780811 55.669794 -0.146587 0.970989 -0.188926 0.846469 0.221955 0.483970 -0.511862 0.088976 0.854447
8.941290 -15.682998 -95.225477 10.021938 -0.142942 0.977926 -0.152410 0.690566 0.208859 0.692457 -0.709003 0.006268 0.705177
1.854047 -4.760399 -94.689418 -44.015616 0.174343 0.931828 -0.318277 -0.205568 -0.281662 -0.937234 0.962988 -0.228828 -0.142448
0.922000 -5.841718 -172.437853 -97.335203 0.214613 0.934492 -0.284019 -0.234093 -0.233103 -0.943856 0.948231 -0.269051 -0.168731
-0.333599 -5.214933 -193.427140 -25.949903 0.190356 0.885943 -0.422930 -0.195737 -0.387906 -0.900675 0.962004 -0.254232 -0.099571
1.267227 -4.286749 -109.380714 11.630266 0.163695 0.903322 -0.396502 -0.176783 -0.368557 -0.912641 0.970542 -0.219490 -0.099361
2.737031 -4.021730 -19.154849 -4.718282 0.133129 0.944754 -0.299526 -0.162448 -0.277329 -0.946942 0.977695 -0.174723 -0.116553
6.082620 -9.561795 -211.674931 -275.127115 0.170443 -0.485996 0.857180 0.930375 0.365920 0.022469 -0.324579 0.793669 0.514527
4.069277 -6.130139 -127.057193 -192.347603 0.145350 -0.513269 0.845830 0.900151 0.423407 0.102248 -0.410611 0.746513 0.523562
2.471295 -6.005423 -149.857718 -223.784511 0.213614 -0.424214 0.880007 0.880856 0.473169 0.014274 -0.422447 0.772110 0.474747
-0.010995 -8.257961 -6.876060 17.022186 0.827564 0.485083 -0.282547 -0.449959 0.272222 -0.850548 0.335672 -0.831017 -0.443548
0.166965 -7.816818 -7.845284 13.958777 0.815793 0.496178 -0.297135 -0.519535 0.402998 -0.753443 0.254097 -0.769025 -0.586545
-0.178373 -8.351343 -4.126802 21.643862 0.800206 0.506470 -0.321182 -0.489216 0.241477 -0.838067 0.346898 -0.827754 -0.441005
-0.375621 -8.976104 -3.669574 17.582675 0.798464 0.502042 -0.332280 -0.424989 0.079096 -0.901736 0.426427 -0.861219 -0.276518
-0.377656 -8.693695 1.162891 23.748014 0.818568 0.496601 -0.288677 -0.391325 0.114225 -0.913136 0.420490 -0.860430 -0.287833
1.070503 -46.675405 56.206038 74.254935 0.733515 0.423556 -0.531560 -0.341713 0.905868 0.250272 0.587528 -0.001937 0.809202
21.578899 -48.716322 1575.444651 -2354.326071 0.811257 -0.078410 -0.579408 0.121824 0.991886 0.036342 0.571857 -0.100068 0.814227
-2.135306 -48.908360 -118.811248 1006.576047 0.806712 0.317622 -0.498329 -0.430306 0.893710 -0.126966 0.405034 0.316858 0.857641
2.134244 -98.761460 59.534717 25.781788 0.656562 0.625375 -0.421701 -0.222164 0.694619 0.684213 0.720811 -0.355542 0.594997
-1.841237 -40.026007 -57.299214 833.042000 0.702038 0.465152 -0.539236 -0.569432 0.821383 -0.032815 0.427655 0.330096 0.841515
-5.527929 -63.717342 -243.928402 -1154.542271 0.527513 0.789955 -0.312572 0.443174 -0.569779 -0.692061 0.724794 -0.226548 0.650653
-1.058938 -36.441415 -14.449222 541.670460 0.619472 0.599833 -0.506415 -0.520130 0.796798 0.307534 0.587979 0.072893 0.805585
0.591138 -15.388514 -1.717982 -174.775399 0.243134 0.943493 -0.225183 0.499853 0.077084 0.862673 -0.831284 0.322304 0.452866
0.600549 -16.097148 -1.347846 -89.917668 0.262641 0.941710 -0.210244 0.521513 0.044781 0.852068 -0.811815 0.333433 0.479352
0.504765 -18.006643 -3.951710 -277.482989 0.256448 0.945046 -0.202787 0.620238 0.000010 0.784414 -0.741309 0.326938 0.586151
0.263557 -17.053353 -6.800428 -228.879254 0.240518 0.947573 -0.210374 0.638188 0.008924 0.769829 -0.731346 0.319416 0.602583
0.294248 -14.626402 -9.490847 -166.303579 0.215492 0.949091 -0.229759 0.506701 0.092455 0.857150 -0.834756 0.301128 0.460982
0.878236 -5.717562 -17.164815 88.170253 -0.058570 0.965003 -0.255616 0.917910 0.152719 0.366222 -0.392443 0.213183 0.894730
0.785368 -6.563628 -4.775999 59.374934 -0.108302 0.952018 -0.286237 0.858246 0.234844 0.456357 -0.501681 0.196237 0.842500
0.985786 -6.361442 11.319396 88.369522 -0.075268 0.953403 -0.292159 0.907826 0.186730 0.375478 -0.412537 0.236968 0.879579
1.141703 -4.866211 -0.442137 64.362655 0.011784 0.969784 -0.243682 0.947065 0.067365 0.313893 -0.320824 0.234482 0.917655
0.770655 -4.272516 -40.042638 57.312305 0.031061 0.978502 -0.203887 0.950561 0.034139 0.308656 -0.308981 0.203394 0.929065
0.724344 -16.046717 -52.627537 172.569655 0.990497 -0.091480 0.102697 -0.021443 0.634859 0.772331 0.135851 0.767194 -0.626864
1.001901 -14.538202 -51.560036 91.518600 0.990017 -0.097184 0.102090 -0.041578 0.490710 0.870331 0.134679 0.865886 -0.481770
-0.193332 -16.731786 -42.130511 192.461642 0.989310 -0.059428 0.133169 -0.065457 0.635064 0.769681 0.130312 0.770170 -0.624385
2.862107 -15.036260 -13.497607 95.699716 0.956767 -0.263177 0.123833 0.091397 0.676229 0.731000 0.276121 0.688079 -0.671047
2.927945 -14.344459 -3.284942 45.337278 0.954337 -0.268921 0.130086 0.036293 0.536607 0.843052 0.296519 0.799834 -0.521864
2.364901 -15.484759 -39.952374 127.837280 0.975789 -0.197483 0.094006 0.061522 0.660285 0.748491 0.209885 0.724586 -0.656448
2.025601 -17.623691 -44.401770 185.839561 0.978729 -0.178402 0.101300 0.086236 0.805784 0.585897 0.186152 0.564699 -0.804029
1.223719 -17.846445 -54.737884 211.858227 0.987989 -0.125048 0.090776 0.041201 0.779377 0.625200 0.148929 0.613950 -0.775168
1.600755 -15.653837 -54.283772 143.955037 0.987282 -0.133627 0.086130 0.020356 0.643563 0.765123 0.157671 0.753639 -0.638098
8.374591 -5.570937 -572.894995 28.855755 0.962287 0.221393 -0.158081 -0.269955 0.848917 -0.454383 -0.033600 -0.479922 -0.876668
16.810644 -4.840284 -1126.527691 -22.079259 0.985477 0.168786 -0.018612 -0.158941 0.878274 -0.450968 0.059771 -0.447377 -0.892346
9.933350 -6.287221 -704.174291 -18.626092 0.943503 0.229551 -0.238973 -0.304173 0.886075 -0.349785 -0.131455 -0.402712 -0.905838
-0.633932 -23.665616 24.411549 95.967083 0.844981 -0.102559 -0.524870 0.533479 0.092814 0.840705 0.037507 0.990387 -0.133140
-0.094407 -24.350083 -6.378362 77.365944 0.843445 -0.090424 -0.529550 0.537164 0.128321 0.833660 0.007431 0.987602 -0.156804
-0.521382 -24.246577 -5.754402 57.323839 0.852708 -0.072275 -0.517363 0.507645 0.348273 0.788037 -0.123228 0.934603 -0.333665
-0.781814 -24.216400 38.357427 63.659430 0.857281 -0.087037 -0.507438 0.507276 0.311214 0.803627 -0.087977 0.946346 -0.310949
-0.936559 -23.191065 23.345218 251.980065 0.856792 -0.074008 -0.510324 0.513919 0.041236 0.856847 0.042370 0.996405 -0.073365
0.719606 -19.624971 -52.624071 43.017523 0.994635 -0.045932 0.092688 0.016313 -0.815153 -0.579016 -0.102150 -0.577421 0.810031
1.414331 -20.009970 9.477595 -35.462053 0.998084 -0.019586 0.058686 0.023136 -0.761590 -0.647646 -0.057380 -0.647763 0.759678
1.178340 -20.008913 -13.766857 -40.621105 0.997185 -0.035051 0.066284 0.028548 -0.639953 -0.767884 -0.069333 -0.767615 0.637150
-0.006643 -19.679351 -110.836101 35.635104 0.993432 -0.067817 0.092163 0.023724 -0.665868 -0.745693 -0.111939 -0.742981 0.659885
0.218679 -15.143789 -46.864831 179.958993 0.990594 -0.100953 -0.092364 0.104224 0.119328 0.987369 0.088656 0.987709 -0.128728
1.693365 -15.332668 -82.963845 101.439492 0.992493 -0.085381 -0.087568 0.103912 0.211085 0.971929 0.064500 0.973732 -0.218372
0.661362 -13.985232 -28.165200 195.827500 0.992322 -0.111138 -0.054272 0.050625 -0.035385 0.998091 0.112846 0.993175 0.029487
2.235566 -15.213623 -47.032122 99.847374 0.992966 -0.109157 -0.045851 0.065719 0.186035 0.980343 0.098481 0.976461 -0.191900
2.940305 -68.147256 -3.516752 -2389.771924 0.810258 0.048207 -0.584088 0.387489 -0.791765 0.472186 0.439698 0.608920 0.660214
2.684752 -65.191886 -22.115653 1109.427631 0.805777 0.076684 -0.587234 -0.164589 0.981514 -0.097671 0.568889 0.175354 0.803503
4.313921 -68.961213 67.877490 1645.029818 0.817261 0.055131 -0.573625 -0.143661 0.983477 -0.110157 0.558074 0.172435 0.811677
3.359605 -68.121260 117.982452 -2358.547009 0.795414 -0.002630 -0.606061 0.358646 -0.804064 0.474187 0.488559 0.594536 0.638621
2.940952 -57.327957 76.305901 -1889.489893 0.822277 0.021809 -0.568670 0.494283 -0.522604 0.694672 0.282039 0.852296 0.440505
6.942305 -6.103851 -339.366810 -31.381111 -0.038023 0.925718 -0.376299 -0.392429 -0.360151 -0.846340 0.918996 -0.115491 -0.376973
2.489512 -5.798521 -332.445003 -8.917700 0.057792 0.929917 -0.363199 -0.412936 -0.308961 -0.856754 0.908924 -0.199492 -0.366141
5.916917 -5.219712 -452.054729 -58.890986 0.049860 0.935651 -0.349387 -0.277534 -0.323065 -0.904767 0.959421 -0.142078 -0.243567
8.580986 -5.427049 -344.921681 -80.423874 -0.031638 0.946941 -0.319847 -0.262721 -0.316634 -0.911439 0.964353 -0.055195 -0.258799
1.911149 -4.448131 -316.986759 -83.764740 0.104559 0.947784 -0.301285 -0.191741 -0.278050 -0.941235 0.975860 -0.156184 -0.152657
5.989820 -4.029847 -477.255479 -71.796814 0.078692 0.943918 -0.320665 -0.179821 -0.302947 -0.935889 0.980547 -0.131309 -0.145897
8.214281 -4.329306 -354.720983 -78.569546 -0.008347 0.955967 -0.293355 -0.191266 -0.289475 -0.937881 0.981503 -0.048281 -0.185260
-1.234491 -5.775117 66.604209 17.272106 -0.031712 0.998819 0.036805 -0.633372 0.008404 -0.773801 0.773197 0.047850 -0.632358
0.198503 -5.765475 74.565140 -7.788558 -0.039916 0.998163 0.045585 -0.574335 0.014413 -0.818494 0.817647 0.058852 -0.572704
-0.971357 -5.822056 79.691095 -6.522537 -0.040175 0.998184 0.044895 -0.545880 0.015707 -0.837716 0.836900 0.058162 -0.544258
-1.378137 -4.790761 -37.281714 -59.159468 -0.657417 0.734649 0.167611 0.612417 0.650518 -0.449190 0.439031 0.192657 0.877574
-1.073169 -5.766969 43.836365 -65.101911 0.703512 -0.681011 -0.203212 0.515063 0.685594 -0.514462 0.489675 0.257263 0.833087
-2.121514 -5.450623 -35.365541 -43.262575 -0.649138 0.752777 0.109295 0.632055 0.613728 -0.473122 0.423233 0.238041 0.874191
-2.129555 -4.867300 -35.068253 -17.478140 -0.536372 0.842704 0.046428 0.761520 0.506948 -0.403846 0.363859 0.181256 0.913648
-2.797979 -5.987963 -33.895610 -34.222605 -0.661589 0.747747 0.056342 0.634379 0.598178 -0.489639 0.399829 0.288197 0.870103
-2.747055 -5.468954 -32.413284 -13.573347 -0.564844 0.825197 0.001005 0.755187 0.517413 -0.402462 0.332631 0.226570 0.915436
-26.458298 -59.885855 731.271627 -1082.897799 -0.135053 0.773980 -0.618641 0.120756 0.632563 0.765037 -0.983452 -0.028616 0.178892
-29.859208 -48.914024 565.952097 -949.047228 -0.400049 0.693491 -0.599192 -0.024582 0.645433 0.763421 -0.916164 -0.320135 0.241158
-33.314200 -50.697344 -648.497099 549.112221 0.363706 -0.698859 0.615885 0.387994 0.714738 0.581902 -0.846864 0.027318 0.531108
-27.368369 -1480.879679 -1056.763888 -98826.406129 -0.106621 0.694486 -0.711563 -0.360898 0.639806 0.678528 -0.926490 -0.329147 -0.182421
-20.542829 -90.336573 766.189767 -5003.252960 0.089098 0.787647 -0.609651 -0.309947 0.603620 0.734558 -0.946570 -0.123511 -0.297910
-8.237512 -10.692050 114.270904 85.554629 -0.389643 0.918926 0.061263 -0.858532 -0.338349 -0.385282 0.333318 0.202718 -0.920763
11.834891 -16.378311 252.263958 -20.763570 0.703523 0.663400 -0.254865 -0.051792 0.405532 0.912613 -0.708783 0.628844 -0.319660
12.992190 -15.210283 98.872564 -6.062406 0.558956 0.786815 -0.261707 -0.030671 0.335017 0.941713 -0.828630 0.518350 -0.211392
11.252901 -15.258295 119.788837 -129.173932 0.667478 0.691885 -0.275260 -0.178994 0.507906 0.842611 -0.722796 0.513155 -0.462859
13.035749 -15.657762 336.756029 124.053785 0.703837 0.668790 -0.239444 0.085775 0.254594 0.963236 -0.705164 0.698500 -0.121827
9.562640 -16.297300 146.087489 -104.814769 0.746079 0.619848 -0.243218 -0.148858 0.511292 0.846417 -0.649005 0.595289 -0.473734
10.687510 -17.102312 267.270386 27.201747 0.777286 0.588308 -0.222978 -0.019520 0.376793 0.926092 -0.628844 0.715486 -0.304359
-6.184445 -10.162047 -27.765224 -29.146223 0.838105 -0.415132 -0.353900 0.445397 0.146178 0.883319 0.314962 0.897941 -0.307411
-6.344183 -10.085061 -21.876125 -78.594331 0.814899 -0.501598 -0.290411 0.480889 0.305418 0.821867 0.323550 0.809394 -0.490098
-6.024950 -10.317648 -27.015346 29.767222 0.833444 -0.381533 -0.399755 0.418168 -0.037470 0.907596 0.361257 0.923595 -0.128316
-6.660597 -10.725691 -22.349249 -51.926469 0.775021 -0.551123 -0.309201 0.452061 0.141624 0.880672 0.441569 0.822317 -0.358903
-6.591144 -10.507072 -29.376943 20.480443 0.781508 -0.506671 -0.364045 0.411750 -0.019522 0.911088 0.468729 0.861918 -0.193366
-0.580357 -4.037256 253.697294 43.211011 -0.011495 0.932069 -0.362097 0.955695 -0.096278 -0.278168 -0.294134 -0.349252 -0.889667
1.312432 -3.482384 148.274979 53.630334 -0.045720 0.923481 -0.380911 0.973366 -0.044569 -0.224884 -0.224653 -0.381048 -0.896847
-0.131359 -3.115342 287.299371 44.150948 -0.114830 0.938699 -0.325050 0.968074 0.032349 -0.248570 -0.222818 -0.343216 -0.912445
-1.154951 -21.449289 -46.248637 775.016105 -0.251708 -0.072363 -0.965094 0.899822 0.349643 -0.260901 0.356318 -0.934084 -0.022894
-1.135965 -26.178505 -32.860175 342.441296 -0.274963 -0.056968 -0.959766 0.961401 -0.005735 -0.275091 0.010167 -0.998360 0.056346
-1.096472 -6.412572 2.493652 -2.767543 -0.210601 0.708117 0.673957 0.432303 -0.550883 0.713892 -0.876790 -0.441700 0.190105
-1.269276 -6.891154 0.164547 -17.984202 -0.199032 0.721928 0.662726 0.552705 -0.475748 0.684237 -0.809261 -0.502478 0.304324
-1.013257 -6.462494 35.316388 -7.847137 -0.165271 0.750543 0.639821 0.398570 -0.542578 0.739426 -0.902124 -0.377220 0.209472
-1.150093 -6.797753 -21.984427 -3.286625 -0.244901 0.675761 0.695249 0.572196 -0.478152 0.666305 -0.782697 -0.560997 0.269568
-0.979300 -6.321066 26.442341 -2.146818 -0.186409 0.722092 0.666209 0.267710 -0.615103 0.741606 -0.945295 -0.316593 0.078651
-1.150649 -6.337093 -7.462040 -3.413621 -0.237298 0.699336 0.674254 0.286783 -0.612713 0.736437 -0.928141 -0.368119 0.055162
-1.125456 -6.394372 -26.140206 4.010132 -0.262180 0.674878 0.689784 0.442614 -0.551073 0.707397 -0.857528 -0.490773 0.154230
51.416057 -11.645739 -182.886784 -607.967893 -0.156963 -0.977059 0.143938 0.979941 -0.172202 -0.100306 0.122791 0.125307 0.984490
63.947424 -15.196753 3308.821306 -643.303454 -0.178364 -0.950382 -0.254874 0.963638 -0.116339 -0.240556 0.198968 -0.288513 0.936575
148.757902 -10.122311 7985.344245 -387.769606 -0.180624 -0.914155 -0.362898 0.982244 -0.148635 -0.114472 0.050705 -0.377131 0.924771
-2.872626 -11.794393 19.434448 1.427400 -0.104367 -0.455968 0.883856 0.926046 0.279544 0.253561 -0.362692 0.844955 0.393072
-2.292251 -11.552053 26.642426 15.629259 -0.081234 -0.523598 0.848084 0.916315 0.295537 0.270231 -0.392133 0.799064 0.455773
-2.276225 -11.320695 23.101372 20.566269 -0.069739 -0.520940 0.850740 0.972168 0.155719 0.175045 -0.223664 0.839269 0.495582
-0.772900 -15.613385 14.501984 -10.799726 0.338916 0.373549 -0.863479 0.737320 -0.675538 -0.002845 -0.584376 -0.635696 -0.504376
-0.607127 -16.363861 10.097681 -125.995347 0.280356 0.404825 -0.870355 0.871665 -0.487094 0.054217 -0.401996 -0.773858 -0.489432
-1.231561 -14.967693 16.385508 -41.162698 0.304389 0.390060 -0.869023 0.739771 -0.671528 -0.042299 -0.600072 -0.630002 -0.492961
3.192207 -7.176680 56.167092 -35.855837 0.207158 0.783232 0.586202 -0.687564 0.542819 -0.482289 0.695946 0.303141 -0.650972
3.350593 -7.966482 1.516274 -30.564273 0.302454 0.777346 0.551592 -0.710105 0.569794 -0.413626 0.635824 0.266585 -0.724334
3.743354 -6.963002 -3.452591 2.292690 0.221341 0.834114 0.505235 -0.629411 0.517918 -0.579312 0.744883 0.189775 -0.639637
2.700734 -8.201703 67.318537 -59.180102 0.276122 0.735612 0.618573 -0.773238 0.552273 -0.311605 0.570841 0.392263 -0.721298
3.106397 -6.296481 31.146558 -0.972940 0.138473 0.828525 0.542560 -0.597912 0.506669 -0.621118 0.789510 0.238395 -0.565545
2.024020 -7.796187 68.803168 -69.451010 0.168145 0.761798 0.625612 -0.763773 0.501906 -0.405884 0.623200 0.409578 -0.666234
2.501644 -6.637197 73.049391 -40.359847 0.107498 0.790149 0.603415 -0.664818 0.508407 -0.547302 0.739230 0.342327 -0.579958
0.839196 -7.351090 20.861641 -76.387224 0.015525 0.815662 0.578320 -0.733512 0.402354 -0.547788 0.679499 0.415700 -0.604544
0.471805 -7.322063 -1.894197 -81.771508 -0.032797 0.835751 0.548129 -0.710688 0.366107 -0.600740 0.702742 0.409251 -0.581951
0.058851 -8.901652 3.862808 -85.351382 -0.033598 0.834167 0.550487 -0.840448 0.274486 -0.467230 0.540849 0.478354 -0.691852
0.250337 -8.815812 16.579805 -74.012882 0.029709 0.813251 0.581154 -0.860057 0.317060 -0.399718 0.509332 0.487950 -0.708862
-0.474309 -10.843011 1.544269 84.029866 -0.082052 0.843676 0.530546 0.930420 -0.125945 0.344174 0.357191 0.521871 -0.774639
-0.505457 -10.567177 5.570921 69.894429 -0.033192 0.829047 0.558193 0.945192 -0.155476 0.287122 0.324823 0.537130 -0.778448
0.736030 -16.808006 35.836479 44.435486 0.431229 0.262704 0.863150 0.901472 -0.085916 -0.424225 -0.037287 0.961044 -0.273870
1.404096 -16.148341 45.543239 68.598490 0.468292 0.257290 0.845283 0.861799 -0.344079 -0.372710 0.194949 0.903001 -0.382862
0.735726 -17.085190 19.900379 44.387234 0.427483 0.269069 0.863053 0.903926 -0.113221 -0.412430 -0.013256 0.956443 -0.291619
5.449566 -13.235988 -109.836865 -20.301531 -0.558448 -0.166147 -0.812730 -0.348426 0.936104 0.048044 0.752818 0.310006 -0.580656
4.443004 -13.047463 -24.837486 -8.301487 -0.544289 -0.189985 -0.817101 -0.414333 0.907807 0.064922 0.729436 0.373889 -0.572827
3.602686 -13.300050 -55.373361 -89.025942 -0.506408 -0.209821 -0.836377 -0.537750 0.835072 0.116102 0.674074 0.508557 -0.535718
-2.068472 -14.349901 0.869764 -126.076669 0.615800 0.751496 -0.236736 0.473103 -0.592945 -0.651606 0.630051 -0.289259 0.720670
-1.904427 -15.536615 -66.067229 -308.406066 0.632434 0.754468 -0.175516 0.420751 -0.524832 -0.739946 0.650382 -0.394118 0.649365
-1.872277 -15.922367 3.310154 -252.440463 0.601099 0.768840 -0.218095 0.386619 -0.518597 -0.762616 0.699433 -0.374088 0.608976
-10.778908 -14.122664 177.859458 -116.632499 0.330479 0.930976 -0.155139 -0.063738 0.186014 0.980478 -0.941659 0.314139 -0.120812
-11.316384 -22.681413 147.276059 -1021.305372 0.399466 0.913806 -0.073390 -0.099924 0.122979 0.987366 -0.911286 0.387086 -0.140437
-8.225805 -20.073361 230.542558 -654.381534 0.526803 0.836048 -0.153305 -0.057636 0.215082 0.974894 -0.848031 0.504741 -0.161492
0.623883 -44.237524 68.061621 -45.465596 0.739386 0.608638 -0.287869 0.619184 -0.446769 0.645762 -0.264425 0.655711 0.707194
0.652490 -57.817667 75.406870 -924.062928 0.709755 0.649825 -0.271985 0.641188 -0.436013 0.631483 -0.291764 0.622592 0.726122
1.017517 -52.844503 103.919719 -891.443497 0.746334 0.605616 -0.276070 0.438521 -0.135407 0.888462 -0.500685 0.784152 0.366634
0.440065 -38.038667 66.361198 -471.811566 0.758392 0.588214 -0.280794 0.487156 -0.225318 0.843748 -0.433037 0.776682 0.457432
0.298418 -38.203082 58.373630 -544.111694 0.730473 0.620622 -0.285020 0.612955 -0.411755 0.674347 -0.301156 0.667297 0.681190
2.252050 -0.072598 412.741744 40.580498 0.912976 0.104106 0.394509 0.001956 0.965773 -0.259381 -0.408009 0.237580 0.881524
7.891413 0.215698 500.681853 44.702217 0.900146 0.211513 0.380789 -0.091607 0.946565 -0.309228 -0.425847 0.243467 0.871423
8.938346 0.920495 563.879056 41.476966 0.912655 0.190268 0.361745 -0.083813 0.953354 -0.289984 -0.400046 0.234336 0.886030
7.167732 -0.254634 -63.442452 -51.622823 -0.799607 -0.198651 -0.566716 -0.150039 0.979859 -0.131772 0.581479 -0.020336 -0.813307
5.635573 0.269516 123.898110 -14.219174 -0.845994 -0.348555 -0.403488 -0.291515 0.935990 -0.197339 0.446444 -0.049324 -0.893451
4.861328 0.912223 119.095449 8.012091 -0.832470 -0.359740 -0.421404 -0.314892 0.932969 -0.174390 0.455892 -0.012478 -0.889948
-232.845918 -554.119889 14197.069787 36946.982488 -0.744527 0.581344 0.328206 0.571739 0.809067 -0.136109 -0.344666 0.086311 -0.934749
-82.321745 -344.727387 5628.349329 -28367.540040 -0.437328 0.742311 0.507660 -0.509951 -0.669669 0.539901 -0.740739 0.022768 -0.671407
-48.602324 -311.634109 2971.307468 -12667.588952 -0.252254 0.762113 0.596282 -0.459195 -0.636685 0.619493 -0.851768 0.117540 -0.510565
3.234584 -37.971141 -125.131432 -1405.566835 -0.150241 0.938398 -0.311185 0.986309 0.163912 0.018094 0.067986 -0.304206 -0.950177
3.870216 -41.611321 -157.642575 1336.811543 -0.168811 0.924968 -0.340496 -0.907058 -0.280962 -0.313540 0.385681 -0.255920 -0.886428
4.293701 -31.668011 -143.216021 -1046.381422 -0.186338 0.942498 -0.277444 0.979526 0.200120 0.021950 0.076210 -0.267673 -0.960491
2.513617 -43.043432 -40.570025 -1556.178682 -0.159632 0.936784 -0.311374 0.975614 0.197843 0.095051 0.150646 -0.288608 -0.945522
4.548674 -17.026716 -129.009370 -412.159861 -0.093975 0.958162 -0.270358 0.986073 0.052152 -0.157925 -0.137218 -0.281434 -0.949719
2.419865 -26.520168 -67.299769 -983.693319 -0.103552 0.950560 -0.292768 0.984552 0.056180 -0.165834 -0.141187 -0.305418 -0.941693
10.595229 -11.098851 194.788313 222.483839 0.071919 -0.962477 0.261660 0.996220 0.082131 0.028287 -0.048716 0.258637 0.964745
9.842681 -12.540132 -122.616698 191.960782 -0.118838 0.962880 -0.242361 0.960674 0.173197 0.217044 -0.250964 0.207037 0.945596
10.420249 -13.910472 -103.426289 77.471089 -0.099017 0.940556 -0.324884 0.899357 0.224311 0.375289 -0.425856 0.255026 0.868106
9.707659 -11.581748 -175.721966 -202.339624 0.138541 -0.612125 0.778530 0.963628 0.264721 0.036659 -0.228534 0.745134 0.626536
6.757701 -8.050836 -192.730694 -215.750070 0.100689 -0.587730 0.802767 0.915949 0.369794 0.155852 -0.388458 0.719601 0.575565
9.452237 -9.833873 -212.365689 -180.251652 0.069085 -0.680972 0.729044 0.926746 0.314321 0.205775 -0.369281 0.661423 0.652803
2.829787 -6.457779 -78.051759 -3.085912 0.168931 0.974477 -0.147843 -0.406654 -0.067727 -0.911068 0.897828 -0.214029 -0.384833
-0.121461 -7.276837 -181.990373 -21.942710 0.267798 0.954060 -0.134365 -0.392853 -0.019213 -0.919400 0.879745 -0.298999 -0.369661
2.469843 -6.054278 -86.916206 -81.630917 0.180588 0.965552 -0.187342 -0.286807 -0.130500 -0.949058 0.940813 -0.225119 -0.253360
4.367735 -4.529694 -152.286743 -104.161847 0.009612 -0.588844 0.808189 0.895474 0.364754 0.255109 -0.445009 0.721261 0.530801
1.251901 -2.995902 -45.674645 -118.177644 0.200567 -0.454041 0.868113 0.868590 0.492266 0.056788 -0.453127 0.742644 0.493108
0.091954 -7.679269 -6.985437 9.560755 0.807776 0.502041 -0.308954 -0.564278 0.506889 -0.651654 0.170551 -0.700727 -0.692744
0.456849 -7.703044 -18.184400 11.242295 0.815767 0.494180 -0.300516 -0.559941 0.544636 -0.624370 0.144880 -0.677612 -0.721007
0.096963 -7.565582 -19.356645 3.756696 0.811170 0.490845 -0.317921 -0.582642 0.631543 -0.511549 0.050310 -0.600187 -0.798276
1.317873 -7.593281 -28.642088 10.379372 0.841881 0.478291 -0.249949 -0.519279 0.591861 -0.616482 0.146923 -0.648798 -0.746643
0.864252 -7.348435 -38.446530 6.585215 0.832048 0.474519 -0.287276 -0.553173 0.671358 -0.493232 0.041183 -0.569306 -0.821094
-2.861480 -47.562250 -88.293144 799.879635 0.901459 0.046292 -0.430383 -0.193747 0.932260 -0.305539 0.387084 0.358816 0.849362
0.391133 -17.893662 6.928054 -117.862086 0.307511 0.932360 -0.190111 0.541200 -0.007044 0.840864 -0.782649 0.361463 0.506759
0.525815 -16.476412 5.540480 40.071548 0.289691 0.931535 -0.219821 0.394189 0.093166 0.914295 -0.872178 0.351514 0.340212
0.156102 -18.755160 12.810301 -78.009691 0.336471 0.923991 -0.181736 0.518724 -0.020788 0.854689 -0.785947 0.381849 0.486291
0.203887 -19.161447 14.376482 169.963370 0.322524 0.921727 -0.215403 0.392939 0.076655 0.916364 -0.861149 0.380189 0.337459
0.763569 -15.337815 -0.411479 28.853991 0.245565 0.930359 -0.272270 0.238580 0.214226 0.947199 -0.939562 0.297557 0.169359
0.579012 -17.948765 10.465555 104.481845 0.283752 0.920655 -0.268101 0.238600 0.203010 0.949662 -0.928738 0.333437 0.162064
0.803189 -7.163027 13.736923 59.421459 -0.119807 0.940417 -0.318218 0.842740 0.265772 0.468140 -0.524820 0.212088 0.824368
1.852497 -14.345495 -50.517471 56.825316 0.986081 -0.140041 0.089625 -0.006768 0.504796 0.863212 0.166128 0.851804 -0.496822
1.919274 -14.269724 -42.798470 -51.115503 0.984618 -0.144651 0.097997 -0.040833 0.354835 0.934037 0.169882 0.923671 -0.343470
1.174818 -13.792137 -46.902482 6.813590 0.990093 -0.107315 0.090556 -0.049503 0.336737 0.940297 0.131401 0.935463 -0.328088
2.982695 -14.455453 6.244047 28.462483 0.938973 -0.305077 0.158926 0.055759 0.590881 0.804829 0.339442 0.746852 -0.571832
2.598159 -14.662210 24.001638 -13.840680 0.934033 -0.309027 0.179120 -0.025312 0.442950 0.896189 0.356288 0.841604 -0.405908
2.809176 -14.415661 7.724796 -43.284536 0.951919 -0.268321 0.147834 -0.031959 0.392952 0.919004 0.304680 0.879541 -0.365483
-0.031761 -24.749092 33.603479 334.395767 0.847218 -0.110139 -0.519703 0.530871 0.212230 0.820448 -0.019933 0.970993 -0.238275
-0.379216 -22.861041 -9.518305 122.846389 0.837180 -0.089250 -0.539596 0.540603 -0.014575 0.841152 0.082937 0.995903 -0.036047
-0.149174 -24.718984 21.217977 515.694602 0.827501 -0.108124 -0.550955 0.558930 0.065516 0.826622 0.053281 0.991976 -0.114648
-0.725727 -20.411211 -23.000375 64.748012 0.824638 -0.079097 -0.560103 0.536876 -0.202401 0.819023 0.178147 0.976103 0.124442
-0.420611 -22.542643 22.073342 255.528197 0.817017 -0.104937 -0.566985 0.550920 -0.148191 0.821296 0.170206 0.983376 0.063262
1.017577 -20.317646 -24.025579 29.976831 0.996319 -0.036041 0.077774 -0.001190 -0.913043 -0.407861 -0.085711 -0.406267 0.909726
1.237294 -19.815196 18.787257 -165.544187 0.998981 -0.001706 0.045105 0.022629 -0.845703 -0.533173 -0.039055 -0.533651 0.844803
2.912664 -68.499729 13.841786 -2674.776755 0.753059 0.022454 -0.657570 0.624482 -0.339096 0.703588 0.207181 0.940484 0.269381
2.485996 -68.858100 -13.352594 -2687.559943 0.724688 -0.019307 -0.688807 0.596071 -0.483964 0.640686 0.345727 0.874875 0.339214
2.180068 -53.392956 -17.911403 -1283.562839 0.765905 0.065833 -0.639574 0.481789 -0.717473 0.503103 0.425756 0.693469 0.581234
1.834522 -66.963063 67.913507 -2156.763211 0.700868 0.035436 -0.712410 0.441510 -0.805993 0.394265 0.560226 0.590864 0.580540
2.791236 -55.095672 -26.609207 -2235.938010 0.777624 0.078194 -0.623848 0.591120 -0.428955 0.683063 0.214192 0.899935 0.379787
4.374911 -354.239957 -130.104503 18478.615105 0.946627 0.258591 -0.192426 -0.274450 0.959699 -0.060452 0.169039 0.110037 0.979448
0.769448 -80.927467 -41.986854 -4097.244924 0.975389 0.057978 -0.212732 0.186282 -0.732859 0.654383 0.117963 0.677906 0.725623
-0.105011 -370.275023 -155.012976 18267.043410 0.873200 0.394129 -0.286678 -0.229321 0.851308 0.471896 0.430039 -0.346318 0.833745
-3.359745 -207.951979 -121.035203 10179.868676 0.845268 0.488493 -0.216556 -0.138188 -0.191648 -0.971687 0.516164 -0.851261 0.094491
30.549610 -1026.821446 -545.598080 68304.708527 0.875702 0.470078 -0.110329 -0.092136 -0.061618 -0.993838 0.473979 -0.880472 0.010648
3.004446 -5.915063 -279.442722 25.934841 -0.001616 0.920259 -0.391307 -0.514690 -0.336264 -0.788683 0.857375 -0.200127 -0.474191
-2.408407 -4.579793 26.606563 -30.062316 0.257312 0.918147 -0.301326 0.829613 -0.049995 0.556097 -0.495513 0.393074 0.774570
-3.008758 -4.579564 1.729493 -23.902308 0.419063 0.900342 -0.117344 0.757812 -0.275645 0.591389 -0.500108 0.336754 0.797803
-2.986521 -5.239601 32.473017 -55.888502 0.239832 0.922678 -0.301905 0.869561 -0.065888 0.489410 -0.431676 0.379901 0.818127
-0.059036 -19.898140 -2.515319 -162.086530 0.305517 0.937851 -0.164603 0.788945 -0.152539 0.595229 -0.533128 0.311716 0.786516
0.141143 -21.207178 -8.391837 131.374749 0.317450 0.933926 -0.164341 0.877721 -0.223786 0.423705 -0.358932 0.278750 0.890767
0.049569 -21.129431 5.534183 -298.146139 0.324940 0.929702 -0.173403 0.752054 -0.142840 0.643437 -0.573436 0.339487 0.745600
-31.075700 -53.997392 -44.148003 90.528200 -0.650452 0.664946 -0.367095 0.187252 0.608774 0.770928 -0.736104 -0.432712 0.520491
-30.422162 -47.440038 159.117503 -1030.500939 -0.577184 0.671274 -0.465027 -0.245221 0.400701 0.882783 -0.778926 -0.623563 0.066668
-10.309566 -13.381815 -22.497637 276.078766 0.385959 0.840094 0.381154 -0.781756 0.517208 -0.348357 0.489789 0.163519 -0.856370
-6.818998 -10.537107 32.579197 33.484890 -0.531423 0.842492 0.088300 -0.760118 -0.428243 -0.488701 0.373912 0.326825 -0.867972
-8.960881 -11.464154 104.444846 76.700976 -0.286579 0.945301 0.155818 -0.804848 -0.149320 -0.574389 0.519704 0.290018 -0.803615
13.553286 -14.376580 176.560151 178.159433 0.566715 0.784933 -0.250427 0.217892 0.150344 0.964323 -0.794580 0.601063 0.085829
1.174153 -4.883865 49.416693 -56.181571 -0.316365 0.908364 -0.273476 0.942909 0.269471 -0.195723 -0.104094 -0.319783 -0.941756
1.858859 -4.985977 21.521486 -42.428789 -0.267746 0.909438 -0.318174 0.960699 0.226881 -0.159942 -0.073270 -0.348493 -0.934443
1.440612 -5.367765 63.807733 -40.954230 -0.322493 0.909959 -0.260714 0.946206 0.302246 -0.115505 -0.026305 -0.283939 -0.958481
