18492
36963
-7.154778 -8.952973 105.035005 -143.066833 -0.134649 0.979725 0.148355 0.990342 0.128065 0.053120 0.033044 0.154075 -0.987506
-5.808481 -9.689678 5.000250 -76.273497 -0.303838 0.940538 0.151890 0.945080 0.277391 0.172854 0.120443 0.196067 -0.973165
-8.649314 -11.336493 154.460756 126.442166 0.106502 0.969740 0.219683 -0.970634 0.149327 -0.188604 0.215702 0.193145 -0.957166
-5.257695 -8.342200 -7.944436 -77.231786 -0.546257 0.819473 0.173399 0.836801 0.524766 0.156153 0.036969 0.230400 -0.972394
-8.119339 -13.844478 4.845853 358.385359 0.469050 0.866786 0.169331 -0.873239 0.483845 -0.057856 0.132079 0.120729 -0.983860
-7.042620 -13.774126 -37.576226 -436.659608 0.550812 0.831000 0.077751 0.834630 -0.548381 -0.051692 -0.000319 0.093365 -0.995632
-6.305134 -7.721649 -92.510059 204.486605 0.346383 0.936839 0.048500 -0.932814 0.338496 0.123610 -0.099386 0.088057 -0.991145
-4.640134 -7.335448 -15.820202 -95.010334 -0.613242 0.772508 0.164821 0.788093 0.612463 0.061637 -0.053331 0.167692 -0.984396
2.635457 -5.642751 -831.348451 27.652649 -0.486227 0.781225 0.391498 -0.505851 -0.616963 0.602886 -0.712529 -0.095099 -0.695167
7.509132 -8.925341 -1446.322331 78.059908 -0.415999 0.860470 0.294170 -0.591238 -0.501710 0.631446 -0.690929 -0.088757 -0.717454
10.774219 -8.205586 -1723.164585 130.184453 -0.519380 0.784908 0.337881 -0.501618 -0.600138 0.623068 -0.691827 -0.154122 -0.705423
-2.059617 -66.176343 -64.186720 4616.573224 -0.484272 0.868853 -0.102838 0.844907 0.433898 -0.312833 -0.227185 -0.238385 -0.944225
182.001747 -832.013812 6929.815714 67344.588906 -0.648584 0.705266 0.286250 -0.003848 -0.379112 0.925343 -0.761133 -0.599061 -0.248600
-28.097011 -114.782862 368.572740 -8399.418902 -0.470181 0.880911 0.054089 -0.850906 -0.468729 0.237174 -0.234283 -0.065490 -0.969960
-33.491951 -155.618232 69.671205 13956.735786 -0.314171 0.941601 -0.121181 0.948624 0.316404 -0.000858 0.037534 -0.115225 -0.992630
-10.313173 -182.241165 1090.847615 24462.261312 -0.521875 0.844245 0.122055 0.839389 0.482771 0.249716 0.151897 0.232772 -0.960596
0.088914 -2.314586 21.305309 -41.881403 0.346782 0.813474 0.466908 0.935100 -0.338601 -0.104587 0.073017 0.472875 -0.878099
-0.110268 -2.093742 27.296485 0.489610 0.287533 0.830689 0.476739 0.956182 -0.277624 -0.092954 0.055139 0.482577 -0.874116
0.221275 -2.136887 12.676414 -18.933389 0.345979 0.818016 0.459508 0.936361 -0.332041 -0.113918 0.059389 0.469679 -0.880838
0.193172 -2.542308 2.286373 -41.438719 0.341746 0.821579 0.456308 0.935979 -0.341241 -0.086588 0.084572 0.456686 -0.885599
0.292277 -2.398044 -6.566500 -25.442527 0.300304 0.840798 0.450417 0.951274 -0.298639 -0.076765 0.069968 0.451522 -0.889512
0.379561 -2.145119 6.669560 -11.929547 0.342438 0.823087 0.453060 0.938603 -0.321228 -0.125842 0.041957 0.468337 -0.882553
0.040003 -5.365595 -30.069684 33.768924 0.086327 0.985979 0.142804 0.036827 -0.146399 0.988540 -0.995586 0.080079 0.048949
-0.532378 -5.916290 -24.725273 39.808532 0.097911 0.966424 0.237566 -0.037882 -0.234920 0.971276 -0.994474 0.104099 -0.013609
-0.280904 -6.358814 -24.696117 51.419783 0.082103 0.982667 0.166208 -0.088225 -0.158950 0.983337 -0.992711 0.095399 -0.073646
0.315642 -6.124514 -12.272146 53.167047 0.111511 0.990957 0.074632 -0.037852 -0.070811 0.996771 -0.993042 0.113976 -0.029614
-0.503812 -7.669698 -12.518723 87.920342 0.109438 0.988549 0.103894 -0.172880 -0.083999 0.981355 -0.978844 0.125359 -0.161707
-1.060875 -7.821115 -22.841675 79.478929 0.089555 0.979639 0.179685 -0.231199 -0.155034 0.960475 -0.968776 0.127559 -0.212608
-0.714875 -11.016509 -1.144198 39.883792 0.195441 0.963114 -0.184972 0.977038 -0.174897 0.121686 0.084846 -0.204507 -0.975181
-0.732851 -10.669106 -0.861999 37.369448 0.216311 0.962702 -0.162527 0.974288 -0.202102 0.099586 0.063025 -0.179889 -0.981666
-0.472981 -9.499057 2.348948 -59.687743 0.249029 0.956643 -0.151059 -0.925753 0.189300 -0.327333 0.284545 -0.221359 -0.932756
-0.459396 -9.756506 1.352570 -57.494563 0.228479 0.958193 -0.172228 -0.922782 0.156767 -0.351992 0.310277 -0.239352 -0.920021
-0.689227 -11.300538 -1.760626 37.885373 0.175557 0.961697 -0.210517 0.978726 -0.147431 0.142689 0.106187 -0.231089 -0.967121
2.292276 -11.607802 10.923856 -154.660717 0.227421 0.968151 -0.104709 0.618191 -0.060455 0.783699 -0.752409 0.242960 0.612251
2.039560 -11.483989 15.578996 167.429851 0.216632 0.967409 -0.131115 0.572897 -0.017228 0.819446 -0.790481 0.252634 0.557958
2.117039 -11.799509 17.779095 -117.348921 0.258583 0.952994 -0.157917 0.610043 -0.034351 0.791623 -0.748987 0.301036 0.590250
2.297985 -13.466122 19.416365 -278.228176 0.262890 0.954823 -0.138573 0.715436 -0.096554 0.691974 -0.647333 0.281053 0.708498
-0.612910 -20.383901 0.328444 257.547232 0.184824 0.969365 -0.161777 -0.853441 0.239937 0.462676 -0.487318 -0.052553 -0.871642
-1.008445 -16.858768 -10.412991 202.153420 0.173594 0.971096 -0.163820 -0.688349 0.238608 0.685012 -0.704301 0.006148 -0.709875
-0.512897 -20.008810 6.815517 232.876069 0.230713 0.960139 -0.157815 -0.847362 0.277980 0.452444 -0.478278 -0.029342 -0.877718
-0.084635 -20.604292 12.643893 51.181231 0.220399 0.963782 -0.150165 -0.961711 0.240423 0.131561 -0.162899 -0.115419 -0.979869
0.332442 -20.700392 29.556829 72.340605 0.266194 0.953238 -0.143101 -0.948289 0.285602 0.138491 -0.172885 -0.098836 -0.979971
-0.174524 -19.616617 20.241224 200.848044 0.279699 0.946565 -0.160571 -0.835364 0.322370 0.445247 -0.473219 -0.009600 -0.880893
-1.119091 -13.521732 -25.000632 -56.579845 -0.271591 -0.918774 0.286518 0.950294 -0.208916 0.230858 -0.152248 0.334975 0.929845
-1.275524 -13.282502 -25.637940 20.258058 -0.291070 -0.915592 0.277433 0.911630 -0.177480 0.370717 -0.290186 0.360821 0.886341
-1.650926 -13.158095 -21.067369 -15.270546 -0.242885 -0.934461 0.260364 0.960030 -0.193067 0.202651 -0.139102 0.299178 0.944004
-0.501300 -13.730678 -33.405972 -23.915214 -0.306372 -0.902450 0.302854 0.913176 -0.188798 0.361199 -0.268786 0.387220 0.881938
-1.124242 -13.533499 -20.529441 -23.714384 -0.231737 -0.930705 0.282996 0.972716 -0.225010 0.056523 0.011071 0.288373 0.957454
-0.465246 -14.369328 -28.976617 -104.419139 -0.269041 -0.912199 0.309048 0.956069 -0.214165 0.200164 -0.116402 0.349323 0.929744
2.563124 -6.970222 73.232856 47.721861 0.409725 0.904072 -0.121569 -0.674947 0.210802 -0.707113 0.613654 -0.371775 -0.696572
2.279405 -6.687613 53.403410 -6.494587 0.440266 0.894971 -0.072066 -0.709162 0.297386 -0.639258 0.550686 -0.332550 -0.765608
3.183616 -7.337492 54.190569 36.896759 0.462140 0.875307 -0.142351 -0.683961 0.249634 -0.685478 0.564468 -0.414149 -0.714042
1.055453 -6.216326 70.454430 -15.764635 0.266550 0.935541 -0.231762 0.054203 -0.254632 -0.965518 0.962296 -0.244797 0.118581
1.295041 -6.248555 79.302037 39.908701 0.243683 0.963459 -0.111197 0.206131 -0.163484 -0.964771 0.947697 -0.212177 0.238437
0.090664 -6.799648 42.139037 10.795011 0.267576 0.949495 -0.163900 0.103374 -0.197409 -0.974856 0.957975 -0.243905 0.150975
0.209295 -6.911916 38.261675 -16.730093 0.279530 0.928574 -0.244158 -0.059184 -0.237147 -0.969669 0.958311 -0.285502 0.011334
-0.534723 -7.293161 13.622348 7.467122 0.294655 0.939419 -0.175132 -0.013564 -0.179139 -0.983730 0.955508 -0.292236 0.040042
-0.661913 -7.575207 13.265287 32.276800 0.278413 0.955755 -0.094970 0.157671 -0.143018 -0.977080 0.947431 -0.257058 0.190512
-0.474980 -11.245047 -36.531341 -52.305901 0.072640 0.996614 -0.038519 0.204183 0.022943 0.978664 -0.976234 0.078955 0.201825
-0.582371 -11.418783 -63.131915 -155.009216 0.079594 0.996517 0.024877 0.285171 -0.046676 0.957340 -0.955166 0.069104 0.287892
-1.207035 -10.237034 -61.249104 -40.473786 0.077311 0.996199 -0.040131 0.210081 0.023070 0.977412 -0.974622 0.083996 0.207499
-0.162359 -12.242994 -20.380341 -95.439839 0.077648 0.996917 0.011248 0.324742 -0.035957 0.945119 -0.942610 0.069734 0.326533
-1.131333 -10.601817 -56.873199 93.672110 0.058887 0.992329 -0.108701 0.118879 0.101145 0.987744 -0.991161 0.071087 0.112011
-0.451609 -11.880064 -31.030592 77.113229 0.062822 0.992873 -0.101277 0.102620 0.094514 0.990220 -0.992735 0.072601 0.095951
-0.144236 -12.489646 17.755807 -41.273057 0.087963 0.995131 -0.044461 0.221089 0.024017 0.974958 -0.971279 0.095590 0.217900
-1.146002 -9.557977 -2.239216 15.670217 0.207116 0.975948 -0.068029 -0.892308 0.216961 0.395873 -0.401111 0.021289 -0.915782
-1.077700 -9.114077 0.500809 38.398416 0.175367 0.983360 -0.047435 -0.785643 0.168819 0.595201 -0.593305 0.067111 -0.802175
-1.193336 -8.797571 -3.782521 -5.503347 0.222711 0.974045 -0.040458 -0.900655 0.221459 0.373867 -0.373123 0.046826 -0.926599
-1.064497 -9.246664 -3.028180 -28.780222 0.260964 0.962592 -0.072899 -0.946883 0.269941 0.174770 -0.187911 -0.023418 -0.981907
-1.270398 -26.354076 -23.135734 339.596780 0.131925 0.934375 0.330966 -0.515284 -0.220585 0.828145 -0.846805 0.279794 -0.452368
-1.149836 -23.251343 -5.265525 638.577960 0.148190 0.935660 0.320280 -0.264616 -0.274533 0.924451 -0.952900 0.221746 -0.206908
-1.408175 -26.954935 -4.246763 544.613166 0.151311 0.923434 0.352668 -0.427110 -0.260675 0.865809 -0.891449 0.281634 -0.354965
-1.620068 -28.978528 -16.717701 73.181158 0.139329 0.921495 0.362538 -0.677905 -0.178110 0.713247 -0.721825 0.345143 -0.599871
-1.559850 -29.704781 9.329941 202.791367 0.155890 0.906291 0.392855 -0.612402 -0.223380 0.758330 -0.775024 0.358802 -0.520192
-1.194902 -27.158870 15.171276 661.768946 0.162403 0.910447 0.380410 -0.346187 -0.308448 0.886010 -0.924002 0.275583 -0.265093
2.160025 -19.329821 -50.960915 2.579107 0.211388 0.971106 0.110767 0.673559 -0.062614 -0.736477 0.708261 -0.230290 0.667333
1.319201 -20.167789 -36.589010 158.246110 0.222521 0.965697 0.133844 0.624436 -0.035743 -0.780258 0.748709 -0.257201 0.610969
1.410388 -20.276631 -40.107131 -39.240920 0.237242 0.963841 0.121351 0.754730 -0.104223 -0.647703 0.611636 -0.245249 0.752166
-1.543240 -21.215805 -87.230235 72.524009 0.155237 0.943875 -0.291550 -0.769043 -0.069776 -0.635377 0.620059 -0.322849 -0.715049
0.483267 -21.075705 -171.231735 168.643683 0.147128 0.935886 -0.320110 -0.789405 -0.083898 -0.608113 0.595981 -0.342167 -0.726449
-0.148160 -19.601456 -178.484722 211.792237 0.188795 0.932171 -0.308890 -0.883580 0.023985 -0.467665 0.428536 -0.361222 -0.828176
1.040580 -1.820218 -164.000795 7.282538 0.947469 -0.075129 -0.310899 0.239625 0.810562 0.534387 -0.211855 0.580814 -0.785985
-0.657102 -1.806106 -3.111323 26.608213 0.894038 0.437518 0.096298 -0.401075 0.685934 0.607152 -0.199586 0.581440 -0.788729
-1.097887 -1.551632 -139.083453 25.492823 0.868036 -0.270157 -0.416568 0.449975 0.782666 0.430066 -0.209848 0.560758 -0.800946
0.890035 -2.020961 -184.658512 21.728740 0.861354 -0.273384 -0.428170 0.455075 0.789839 0.411172 -0.225778 0.549014 -0.804741
2.883846 -2.336907 -176.324148 18.838032 0.920937 -0.176521 -0.347440 0.338147 0.805140 0.487244 -0.193729 0.566207 -0.801174
-5.321232 -7.357091 211.908236 -60.429411 0.900355 -0.378591 -0.214544 0.433510 0.823194 0.366635 -0.037807 0.423108 -0.905290
-3.572194 -6.960591 264.012946 -20.160748 0.945771 -0.301392 -0.121157 0.323366 0.838155 0.439239 0.030835 0.454598 -0.890163
-1.362389 -6.375156 262.727990 5.842978 0.829516 -0.521489 -0.199882 0.558481 0.773527 0.299591 0.001619 0.360146 -0.932894
-7.231920 -9.221284 83.225808 -172.781051 0.949645 0.296487 0.101339 -0.303674 0.791253 0.530755 -0.077177 0.534803 -0.841445
-5.115854 -7.341222 220.922867 -48.842019 0.762572 -0.575166 -0.296089 0.641370 0.731943 0.230007 -0.084428 0.365299 -0.927054
-8.111698 -9.222452 -15.226450 -211.258467 0.866584 0.484818 0.118255 -0.476932 0.734877 0.482175 -0.146865 0.474244 -0.868057
0.631910 -19.646589 7.207763 429.932749 0.069974 0.888207 0.454083 -0.526030 -0.353912 0.773329 -0.847582 0.292974 -0.442460
0.764591 -18.758078 3.985483 -111.222069 0.076851 0.895403 0.438574 -0.413653 -0.371597 0.831147 -0.907185 0.245292 -0.341829
0.905380 -20.102574 -26.677024 262.071176 0.046738 0.891778 0.450053 -0.503184 -0.368189 0.781820 -0.862914 0.263000 -0.431520
0.722373 -24.086328 -29.991424 767.891903 0.044852 0.888570 0.456543 -0.628971 -0.329935 0.703945 -0.776134 0.318726 -0.544087
0.465428 -24.802825 13.993060 923.807430 0.065713 0.882348 0.465987 -0.647805 -0.317479 0.692499 -0.758966 0.347375 -0.550727
-3.494871 -43.962846 224.255817 -3019.794003 -0.042486 0.994903 0.091448 0.091797 -0.087257 0.991947 -0.994871 -0.050539 0.087622
-1.763953 -76.451815 385.125606 -5188.270100 0.039875 0.983817 0.174685 0.323158 -0.178126 0.929430 -0.945504 -0.019389 0.325031
-2.142309 -31.570608 285.719021 -1535.295478 -0.028860 0.999045 0.032810 0.139036 -0.028493 0.989877 -0.989867 -0.033130 0.138081
-0.730706 -29.600922 209.896048 -1232.651026 -0.010061 0.995577 0.093404 0.173322 -0.090259 0.980721 -0.984814 -0.026056 0.171647
-1.793426 -19.165899 173.932920 -919.769948 -0.034643 0.999286 -0.015090 0.009574 0.015431 0.999835 -0.999354 -0.034492 0.010101
-3.187011 -19.472946 174.145600 -1319.571854 -0.053164 0.996492 -0.064626 -0.046469 0.062179 0.996983 -0.997504 -0.056006 -0.043000
-3.992514 -9.825646 85.207319 -1122.310196 -0.076246 0.972469 -0.220205 -0.163835 0.205628 0.964819 -0.983537 -0.109641 -0.143647
-4.028918 -4.628140 -206.360969 78.332403 -0.153768 0.067454 0.985802 -0.118486 0.989210 -0.086169 -0.980977 -0.130054 -0.144116
-3.255080 -10.218863 152.999774 -701.853718 -0.032737 -0.602335 0.797572 -0.271935 0.773262 0.572815 -0.961759 -0.198135 -0.189110
-3.107459 -6.765863 165.101487 -357.656404 -0.062163 0.997745 0.025319 -0.146149 -0.034194 0.988671 -0.987308 -0.057758 -0.147945
-4.090026 -24.181547 -74.794240 -2507.161077 -0.133942 0.990989 0.000400 -0.137697 -0.019011 0.990292 -0.981376 -0.132587 -0.139002
-2.576846 -11.426947 163.517312 -782.649565 -0.044029 0.996909 -0.065074 -0.105013 0.060158 0.992650 -0.993496 -0.050539 -0.102039
-28.233354 -1108.083757 174.305601 -28745.688750 0.336932 -0.383804 -0.859750 0.701713 -0.506465 0.501091 -0.627755 -0.772132 0.098676
-773.488326 -4941.109488 -33548.415774 -290030.170243 -0.248385 -0.301991 -0.920384 0.963908 0.016957 -0.265694 0.095844 -0.953160 0.286879
-19.182901 -779.997022 -224.593176 113747.528778 0.334755 -0.519502 -0.786166 0.930427 0.314278 0.188507 0.149145 -0.794574 0.588565
-2.361949 -9.871557 -58.163264 -122.392223 -0.511284 0.735425 0.444679 -0.744179 -0.637666 0.198949 -0.429868 0.229201 -0.873316
-2.170993 -8.812384 -47.497783 -116.790247 -0.513610 0.736441 0.440295 -0.777455 -0.616532 0.124304 -0.362998 0.278466 -0.889207
-1.895481 -10.006459 -35.124886 -101.938364 -0.516669 0.742001 0.427186 -0.737036 -0.639353 0.219101 -0.435696 0.201649 -0.877215
-1.990191 -10.802796 -43.515902 -93.485129 -0.506033 0.749796 0.426306 -0.699915 -0.645806 0.305045 -0.504033 0.144015 -0.851593
-2.007075 -10.823329 -16.415728 -128.474606 -0.523483 0.721981 0.452447 -0.691087 -0.670383 0.270157 -0.498361 0.171257 -0.849886
-2.063119 -6.308520 85.218192 132.799019 0.728580 0.601649 0.327398 0.123309 -0.585380 0.801327 -0.673770 0.543460 0.500685
-3.457195 -8.340732 65.121677 142.137392 0.709693 0.656333 0.256053 0.105592 -0.458437 0.882432 -0.696553 0.599219 0.394653
-2.860874 -6.730482 70.068549 162.738677 0.661110 0.739021 0.129542 0.287970 -0.409364 0.865734 -0.692825 0.535041 0.483450
-1.754028 -5.030369 103.371484 124.059971 0.693015 0.687355 0.217425 0.272933 -0.529294 0.803340 -0.667261 0.497385 0.554410
1.539905 -4.534899 -0.787229 6.063354 -0.039545 0.997753 0.054084 0.984437 0.029628 0.173224 -0.171232 -0.060092 0.983396
1.717739 -3.005432 -7.597943 111.627930 -0.143008 0.988888 0.040604 0.986104 0.138861 0.091195 -0.084543 -0.053082 0.995005
1.430606 -5.158578 -21.504769 19.440324 -0.040484 0.994370 0.097924 0.986886 0.024466 0.159555 -0.156261 -0.103100 0.982320
1.983125 -2.810139 -6.459087 83.299138 -0.151826 0.988386 -0.006439 0.982346 0.151612 0.109588 -0.109292 -0.010313 0.993956
1.439181 -5.536598 -18.334587 -9.446480 0.042719 0.992705 0.112749 0.967755 -0.069156 0.242214 -0.248244 -0.098766 0.963649
1.746183 -3.928760 2.848167 5.830436 -0.050468 0.998687 0.008811 0.981784 0.047992 0.183841 -0.183177 -0.017928 0.982916
1.427236 -4.820902 7.761639 -4.319912 0.053122 0.996104 0.070393 0.966888 -0.068928 0.245718 -0.249613 -0.055009 0.966782
-2.582967 -6.800109 -5.104505 -4.306145 0.137480 0.988947 0.055531 0.779565 -0.142617 0.609867 -0.611046 0.040555 0.790556
-2.972426 -6.675760 -8.730962 11.039707 0.173040 0.982671 0.066451 0.844685 -0.182763 0.503096 -0.506522 0.030925 0.861672
-2.862716 -6.508435 12.755348 16.853456 0.090032 0.994480 -0.053879 0.855301 -0.049489 0.515763 -0.510249 0.092518 0.855036
-3.308276 -5.919283 16.698401 39.668674 0.136163 0.989891 -0.039691 0.906973 -0.108439 0.406991 -0.398573 0.091416 0.912569
-2.972729 -5.777587 26.370788 47.300094 0.045818 0.988170 -0.146359 0.916418 0.016734 0.399872 -0.397590 0.152447 0.904810
2.102932 -21.086302 -25.193312 -422.491697 0.070815 0.997486 0.002676 -0.171629 0.009542 0.985115 -0.982613 0.070220 -0.171874
1.878272 -21.337604 -26.670392 -214.601407 0.078550 0.996463 0.029872 0.125491 -0.039610 0.991304 -0.988980 0.074118 0.128158
1.516991 -20.553385 -45.100934 -243.728580 0.019920 0.999785 -0.005757 -0.114138 0.007994 0.993433 -0.993265 0.019132 -0.114273
1.794194 -19.577253 -42.542082 21.087755 0.011183 0.999549 -0.027881 -0.287437 0.029919 0.957332 -0.957734 0.002692 -0.287642
36.124792 -138.960909 15242.565915 -8435.233222 0.892621 0.263909 -0.365486 -0.370846 -0.031107 -0.928173 0.256322 -0.964046 -0.070103
-70.366553 -461.082459 -7773.851788 79912.934721 0.020400 -0.048270 -0.998626 0.739735 0.672673 -0.017403 0.672589 -0.738364 0.049430
-845.149587 -3802.725612 26980.084697 224087.894875 0.125403 -0.035570 -0.991468 0.303713 0.952754 0.004234 0.944475 -0.301653 0.130281
-74.275905 -537.955382 -4253.988929 54715.111962 0.255949 0.015620 -0.966564 0.966352 -0.030597 0.255398 -0.025585 -0.999410 -0.022926
78.583849 -284.033499 5058.391555 14041.657280 -0.228597 0.108585 -0.967447 0.928363 -0.274839 -0.250210 -0.293061 -0.955339 -0.037979
-5.609876 -49.246751 -108.046198 2771.873397 0.119056 0.125389 -0.984938 0.950901 -0.299822 0.076773 -0.285680 -0.945719 -0.154929
4.488940 -36.824374 -44.316836 -934.835054 0.038660 0.965678 0.256849 -0.885246 0.152330 -0.439470 0.463513 0.210385 -0.860752
6.013393 -38.105554 -112.960742 -770.807575 0.067287 0.931390 0.357751 -0.889596 0.218360 -0.401171 0.451765 0.291260 -0.843253
6.225425 -38.523135 -86.221148 -52.897797 0.046669 0.960742 0.273489 0.989963 -0.081047 0.115782 0.133402 0.265341 -0.954881
-0.030271 -21.635148 -4.071176 223.363594 0.048528 -0.085529 -0.995153 0.454594 0.889046 -0.054242 0.889376 -0.449759 0.082024
0.404768 -25.315812 49.509205 132.903681 -0.016397 -0.198849 -0.979893 0.417316 0.889222 -0.187432 0.908613 -0.411999 0.068403
-1.127325 -19.380309 47.559416 329.434361 0.012209 -0.186169 -0.982442 0.250955 0.951639 -0.177214 0.967922 -0.244385 0.058338
-1.825892 -16.479346 13.218498 486.104666 0.062376 -0.054320 -0.996573 0.219146 0.974895 -0.039422 0.973696 -0.215936 0.072714
-1.765875 -15.435347 49.755172 192.466958 0.015982 -0.352531 -0.935664 0.026419 0.935605 -0.352058 0.999523 -0.019093 0.024266
1.438406 -4.011420 -35.813651 28.880465 0.853016 0.486076 -0.189986 0.475923 -0.575133 0.665372 -0.214154 0.657991 0.721932
1.146957 -3.392999 -5.984620 74.509836 0.711536 0.624966 -0.321145 0.663145 -0.446197 0.600955 -0.232282 0.640567 0.731928
2.057227 -4.038820 2.823129 19.508942 0.759514 0.584180 -0.286134 0.599378 -0.457576 0.656788 -0.252754 0.670342 0.697680
2.994603 -0.857461 -106.996343 -10.792293 -0.921047 -0.096939 -0.377195 -0.182748 0.962853 0.198787 0.343913 0.252024 -0.904548
4.002684 -0.971950 -149.395261 13.002347 -0.928161 -0.021699 -0.371545 -0.111071 0.968956 0.220879 0.355218 0.246280 -0.901757
2.391182 -1.576199 -134.558402 -34.291907 -0.841736 -0.276013 -0.464001 -0.363377 0.925268 0.108798 0.399295 0.260186 -0.879128
-4.697305 -10.398210 58.432388 -56.138766 0.046323 0.827435 0.559648 0.511888 0.461437 -0.724601 0.857802 -0.320043 0.402179
-3.859423 -11.134796 90.376730 -110.286113 0.070616 0.894916 0.440611 0.402912 0.378487 -0.833312 0.912511 -0.236373 0.333845
-3.968244 -10.520073 42.873543 -114.506288 0.079206 0.909664 0.407723 0.454050 0.331196 -0.827132 0.887449 -0.250640 0.386800
-5.421188 -7.905063 -8.677873 -96.981820 -0.126760 0.644852 0.753723 0.664567 0.619314 -0.418092 0.736398 -0.447902 0.507052
-5.066522 -9.646664 21.448612 -128.160824 -0.032437 0.684806 0.728003 0.649638 0.567984 -0.505336 0.759551 -0.456547 0.463300
-4.666062 -11.059710 21.888877 -11.057254 0.043614 0.753577 0.655912 0.532344 0.538037 -0.653548 0.845404 -0.377675 0.377696
4.519585 -6.284370 -194.445350 -64.054086 -0.063510 -0.815088 0.575845 0.984532 0.043237 0.169785 -0.163288 0.577721 0.799735
4.282910 -6.557319 -182.424213 -151.866288 0.081996 -0.795950 0.599783 0.989838 0.135192 0.044088 -0.116178 0.590073 0.798947
6.389769 -8.701399 -152.917610 -176.105844 0.070884 -0.834350 0.546658 0.993578 0.107512 0.035257 -0.088189 0.540648 0.836614
6.410342 -7.805666 -136.875150 -77.606406 -0.079478 -0.861450 0.501585 0.978347 0.029054 0.204921 -0.191102 0.507011 0.840488
0.199160 -6.003530 79.909368 8.619902 -0.108634 0.989770 -0.092486 -0.182882 -0.111348 -0.976809 0.977114 0.089201 -0.193107
-1.092647 -5.974739 109.454958 8.710062 -0.109317 0.991077 -0.076263 -0.203012 -0.097366 -0.974323 0.973055 0.091028 -0.211844
0.094755 -5.630500 65.774817 24.429565 -0.106736 0.989764 -0.094739 -0.297368 -0.122699 -0.946846 0.948778 0.072891 -0.307420
-1.087805 -6.208560 116.774362 5.291221 -0.112168 0.990266 -0.082409 -0.083614 -0.092044 -0.992238 0.990165 0.104406 -0.093125
0.913210 -5.663204 37.125783 21.356035 -0.090131 0.991498 -0.093850 -0.279148 -0.115607 -0.953264 0.956009 0.059721 -0.287195
1.139968 -6.028416 52.061731 7.504693 -0.090525 0.992085 -0.087015 -0.165744 -0.101164 -0.980966 0.982005 0.074380 -0.173590
0.352251 -6.234994 94.369355 7.108991 -0.110390 0.989313 -0.095259 -0.065104 -0.102837 -0.992565 0.991754 0.103368 -0.075760
-0.498728 -21.939982 40.866241 426.704604 0.091272 0.988983 0.116540 0.933672 -0.125684 0.335351 -0.346303 -0.078202 0.934857
0.141420 -24.932985 174.021703 559.128190 0.107320 0.989725 0.094483 0.910829 -0.135971 0.389746 -0.398589 -0.044230 0.916063
-1.183528 -27.703925 140.908831 868.814804 0.116524 0.985596 0.122564 0.853217 -0.162503 0.495594 -0.508373 -0.046825 0.859863
-2.076950 -23.224875 55.275980 423.171373 0.060646 0.991931 0.111328 0.907656 -0.101210 0.407330 -0.415311 -0.076345 0.906470
-0.595010 -17.832388 21.332230 158.533272 0.035596 0.993623 0.106986 0.973357 -0.058735 0.221645 -0.226515 -0.096246 0.969241
6.709238 -8.936000 385.159971 -3.364313 0.786005 -0.253067 0.564050 0.544877 0.714620 -0.438666 0.292070 -0.652131 -0.699585
14.421457 -8.937042 199.633165 -38.661487 0.784069 -0.435999 0.441747 0.617123 0.623645 -0.479819 0.066293 -0.648824 -0.758046
13.736511 -8.537683 714.808439 -73.738789 0.808660 -0.228806 0.541957 0.569542 0.535150 -0.623888 0.147278 -0.813181 -0.563069
9.175012 -8.692948 66.673283 53.283909 0.791671 -0.446542 0.416962 0.575955 0.773149 -0.265548 0.203796 -0.450378 -0.869268
4.953176 -8.176385 708.357132 -100.193201 0.818937 -0.005399 0.573858 0.475289 0.566792 -0.672940 0.321625 -0.823843 -0.466733
1.975792 -8.477182 325.945251 66.953016 0.839216 -0.109130 0.532736 0.389194 0.804739 -0.448245 0.379797 -0.583512 -0.717822
3.312898 -8.474299 338.317373 55.401928 0.802241 -0.166490 0.573316 0.420789 0.838917 -0.345190 0.423493 -0.518170 -0.743070
6.448689 -8.302229 146.605088 77.478870 0.805118 -0.318865 0.500111 0.479315 0.846433 -0.231964 0.349345 -0.426469 -0.834315
0.417952 -8.800001 579.166418 1.005957 0.799186 -0.109822 0.590966 0.482368 0.703790 -0.521537 0.358639 -0.701868 -0.615434
0.599778 -15.382088 25.988429 -108.400033 0.045245 0.934968 -0.351836 0.832995 -0.229720 -0.503336 0.551427 0.270304 0.789217
0.061253 -15.585047 23.367564 -55.182417 0.044007 0.936585 -0.347666 0.810531 -0.236917 -0.535639 0.584040 0.258222 0.769558
0.602263 -15.759391 23.909702 22.586116 0.044044 0.936997 -0.346550 0.676487 -0.283229 -0.679814 0.735136 0.204495 0.646341
675.374352 -7.427664 151391.169370 348.760069 -0.516032 0.810812 -0.276215 -0.339138 0.102719 0.935112 -0.786573 -0.576222 -0.221971
2619.705500 -7.163363 730039.245469 302.034114 -0.347051 0.894988 -0.280273 -0.314883 0.170302 0.933727 -0.883405 -0.412304 -0.222714
513.849803 -2.815674 54095.666776 -249.237454 0.906565 -0.213181 0.364271 0.323039 -0.204991 -0.923918 -0.271634 -0.955266 0.116972
1.229126 -6.107865 25.540410 -11.831680 0.056305 -0.986198 -0.155701 0.992716 0.038663 0.114103 -0.106508 -0.160991 0.981192
0.855554 -6.618298 19.051438 1.423917 0.020687 -0.985325 -0.169430 0.994436 0.002772 0.105302 -0.103287 -0.170666 0.979901
1.078352 -6.011354 -25.661602 0.996561 0.021755 0.985079 0.170725 0.979027 -0.055590 0.196001 -0.202567 -0.162880 0.965628
1.222414 -6.584502 11.990017 -13.132051 0.068777 -0.985946 -0.152249 0.997632 0.067975 0.010472 0.000025 -0.152609 0.988287
1.309136 -5.303753 -25.441706 14.444049 0.013057 0.988121 0.153121 0.982616 -0.041040 0.181055 -0.185188 -0.148095 0.971480
1.350412 -5.483546 24.290972 -19.102435 0.086458 -0.986531 -0.138859 0.990630 0.070339 0.117068 -0.105724 -0.147680 0.983368
1.539132 -6.304405 14.335441 -43.313199 0.121191 -0.982976 -0.138099 0.992475 0.117545 0.034285 -0.017469 -0.141215 0.989825
-4.350609 -8.768600 122.035306 -95.916417 0.342000 0.932999 0.112019 -0.881033 0.359823 -0.307097 0.326828 -0.006335 -0.945063
-2.223291 -8.214853 110.013257 -105.910775 0.200876 0.973431 0.109913 -0.927229 0.225133 -0.299268 0.316062 0.041799 -0.947817
-4.233365 -7.895446 137.693958 -74.780500 0.378842 0.914007 0.145152 -0.838887 0.405388 -0.363220 0.390829 -0.015837 -0.920327
0.700019 -4.135758 24.205260 60.285079 -0.100186 0.987742 -0.119699 -0.468223 -0.152955 -0.870271 0.877912 0.031143 -0.477808
0.047335 -3.962374 54.669746 63.335414 -0.109595 0.988199 -0.107012 -0.481709 -0.146976 -0.863918 0.869451 0.043132 -0.492133
0.707820 -2.982538 25.031902 69.514683 -0.103850 0.986662 -0.125355 -0.531485 -0.161584 -0.831513 0.840678 0.019728 -0.541176
-0.343891 -20.654339 -7.738951 -198.134415 -0.412966 0.876562 0.247181 -0.355107 -0.404899 0.842589 -0.838665 -0.260185 -0.478482
-0.654675 -20.943323 17.827460 -269.224090 -0.383063 0.890511 0.245464 -0.389139 -0.396575 0.831444 -0.837755 -0.222975 -0.498446
-0.106003 -19.009957 -10.165253 -332.722797 -0.409358 0.881892 0.233863 -0.537596 -0.440247 0.719147 -0.737168 -0.168665 -0.654321
-0.095793 -19.646181 -40.157648 -297.922106 -0.438741 0.865298 0.242417 -0.481408 -0.454120 0.749681 -0.758784 -0.212214 -0.615802
7.768921 -8.293039 125.205563 -4.934150 -0.362888 0.928546 0.078195 0.930649 0.356919 0.080634 0.046963 0.102033 -0.993672
6.807422 -7.430331 196.997887 53.915199 -0.409447 0.894975 0.177127 0.912272 0.403891 0.068053 -0.010634 0.189452 -0.981832
6.540300 -10.254960 92.608487 463.525646 -0.285238 0.956944 0.053827 0.956667 0.280826 0.076969 0.058539 0.073449 -0.995579
7.120704 -11.846249 4.106119 -460.611834 -0.232801 0.971957 -0.033232 -0.966417 -0.235027 -0.103927 0.108823 -0.007922 -0.994030
1.139392 -18.183392 216.870049 -602.886920 -0.386831 0.911645 0.138803 0.489942 0.330701 -0.806594 0.781229 0.244010 0.574578
-0.357784 -18.917788 237.339556 -637.024091 -0.399029 0.904478 0.150650 0.501794 0.352912 -0.789719 0.767450 0.239525 0.594683
0.427509 -23.346521 163.826763 -419.700352 -0.363353 0.924084 0.118505 0.321610 0.243792 -0.914949 0.874381 0.294337 0.385777
1.827080 -21.107166 148.911579 -350.400912 -0.348404 0.932169 0.098367 0.319198 0.216658 -0.922590 0.881322 0.290035 0.373030
2.209521 -16.682516 100.160298 -514.131524 -0.356823 0.921757 0.151794 0.487594 0.322370 -0.811375 0.796824 0.215503 0.564473
1.845600 -3.174885 40.442699 26.135292 -0.453819 0.823000 -0.341641 -0.588977 -0.564743 -0.578075 0.668695 0.061123 -0.741020
0.960823 -3.726768 18.697764 52.043654 -0.440564 0.849205 -0.291127 -0.600923 -0.519893 -0.607127 0.666930 0.092533 -0.739352
1.474317 -2.950412 5.180480 34.574437 -0.447409 0.831714 -0.328751 -0.622128 -0.553521 -0.553689 0.642481 0.043200 -0.765083
1.964624 -2.786668 23.280929 14.901690 -0.420863 0.838109 -0.347055 -0.633915 -0.545396 -0.548356 0.648865 0.010779 -0.760827
-4.397984 -9.510125 -51.614560 -112.471158 -0.009686 0.982954 -0.183594 0.672151 -0.129537 -0.728995 0.740351 0.130464 0.659439
-4.470529 -8.939279 -67.740074 -82.409227 -0.017174 0.992253 -0.123038 0.730063 -0.071636 -0.679614 0.683164 0.101497 0.723178
-3.880467 -9.815852 -58.080816 -126.002023 0.019772 0.991988 -0.124775 0.641580 -0.108303 -0.759372 0.766801 0.065039 0.638581
-4.695725 -8.322721 -49.197464 -100.095478 -0.010884 0.977529 -0.210520 0.759688 -0.128812 -0.637403 0.650197 0.166867 0.741215
-4.357781 -10.765268 -41.167643 -98.681940 -0.038620 0.985363 -0.166036 0.561679 -0.116020 -0.819180 0.826454 0.124895 0.548977
-4.800250 -9.135081 -20.073139 -113.800470 -0.048724 0.969641 -0.239631 0.707981 -0.135706 -0.693071 0.704549 0.203423 0.679875
-4.831172 -10.562209 -19.256785 -86.974956 -0.091194 0.972698 -0.213406 0.599621 -0.117461 -0.791617 0.795072 0.200154 0.572538
0.959608 -28.217909 -23.460128 763.186377 -0.345313 0.893404 0.287383 -0.900596 -0.401587 0.166300 -0.263982 0.201390 -0.943268
1.276581 -27.103746 3.373659 -658.667290 -0.330592 0.898857 0.287689 0.919314 0.375648 -0.117263 -0.213472 0.225710 -0.950518
0.889044 -34.339336 -32.530665 -511.256871 -0.296190 0.911127 0.286564 0.955127 0.283180 0.086841 -0.002026 0.299426 -0.954117
0.904533 -34.105466 6.491608 726.339065 -0.330208 0.884409 0.329825 -0.900909 -0.399562 0.169451 -0.281649 0.241188 -0.928710
0.720092 -38.903259 42.525473 -133.232317 -0.285438 0.883154 0.372242 0.950601 0.211450 0.227257 0.121993 0.418721 -0.899883
1.344958 -30.719700 -20.314386 -293.197528 -0.267928 0.920605 0.284079 0.949058 0.201439 0.242304 0.165842 0.334527 -0.927679
0.847445 -35.942002 -8.732589 87.190979 -0.251884 0.909846 0.329751 0.887188 0.080981 0.454246 0.386590 0.406968 -0.827602
13.902981 -71.649439 934.207038 4348.565111 -0.277182 0.956267 0.093404 -0.566625 -0.241198 0.787883 -0.775955 -0.165462 -0.608701
11.333476 -81.449875 397.483651 3022.452724 -0.247787 0.945579 0.210909 -0.764407 -0.324566 0.557081 -0.595218 0.023183 -0.803230
7.445694 -74.161286 617.024921 5438.170248 -0.254582 0.945784 0.201697 -0.480829 -0.304758 0.822147 -0.839042 -0.112322 -0.532346
-3.426361 -133.245636 -1057.758942 -7584.102763 -0.162657 0.791240 0.589476 -0.080868 -0.606113 0.791257 -0.983363 -0.081034 -0.162575
4.304471 -212.416194 95.827971 21811.756558 -0.196939 0.912094 0.359582 -0.218828 -0.398406 0.890723 -0.955683 -0.096731 -0.278053
9.107475 -104.731766 436.753176 6063.953505 -0.140014 0.873511 0.466234 -0.391455 -0.481344 0.784264 -0.909483 0.072702 -0.409335
10.976213 -141.818981 561.035638 7377.761564 -0.157159 0.845123 0.510949 -0.309622 -0.533458 0.787119 -0.937782 0.034498 -0.345507
17.575587 -1063.207812 2983.033944 189127.084078 0.074518 0.927923 0.365248 -0.850808 -0.131891 0.508655 -0.520165 0.348660 -0.779656
-3.645843 -364.871336 404.453383 -24041.216605 0.119363 0.927072 0.355372 0.990116 -0.084602 -0.111856 -0.073633 0.365211 -0.928008
-20.057373 -778.184660 315.365957 -63355.016619 0.194404 0.940210 0.279664 0.980894 -0.184207 -0.062564 -0.007307 0.286483 -0.958057
-15.965854 -292.078739 1002.098809 -19133.311903 -0.020389 0.926332 0.376157 -0.694856 -0.283645 0.660848 -0.718860 0.247901 -0.649450
-5.389809 -426.022170 -107.000666 37166.448041 0.228646 0.972922 -0.033807 -0.139146 -0.001709 -0.990270 0.963514 -0.231126 -0.134987
-62.494805 -593.555094 2837.733478 -5298.583434 0.290453 0.946142 -0.143016 0.221775 -0.211950 -0.951784 0.930835 -0.244731 0.271392
16.326235 -313.853592 2204.803502 -18520.732555 0.111156 0.968817 -0.221443 -0.858230 -0.018772 -0.512922 0.501085 -0.247063 -0.829382
-173.392249 -3874.396107 5957.553908 80484.358598 0.276276 0.960997 -0.012505 -0.404160 0.104367 -0.908715 0.871967 -0.256110 -0.417230
146.062080 -484.478900 7038.212994 -69381.421266 0.195056 0.947191 -0.254525 0.980679 -0.184408 0.065287 0.014903 -0.262342 -0.964860
1.295410 -6.472451 -3.235399 19.857606 0.124894 0.961188 0.246007 0.202273 0.218074 -0.954740 0.971333 -0.169002 0.167186
1.616724 -6.565343 -22.219906 17.125673 0.116459 0.968541 0.219921 0.211347 0.192190 -0.958329 0.970448 -0.158086 0.182316
1.235882 -6.094402 2.364235 22.587726 0.119890 0.968978 0.216121 0.075060 0.208221 -0.975197 0.989946 -0.133138 0.047768
1.229878 -5.918331 -3.206988 26.874731 0.140938 0.964085 0.225116 0.063098 0.218176 -0.973867 0.988006 -0.151459 0.030082
1.246522 -5.471903 15.615337 24.730291 0.126439 0.974243 0.186720 -0.058646 0.195243 -0.979000 0.990239 -0.112833 -0.081822
1.080725 -5.690072 6.696846 23.608813 0.111340 0.976431 0.184896 -0.045923 0.190909 -0.980533 0.992721 -0.100682 -0.066097
-1.467218 -7.639048 -44.432740 85.436020 0.771077 -0.572099 0.279541 -0.579187 -0.447778 0.681203 0.264543 0.687166 0.676624
-1.430841 -7.947990 28.930556 105.260044 0.750496 -0.591474 0.294812 -0.601282 -0.425991 0.676012 0.274256 0.684609 0.675347
-1.497878 -6.449329 -57.949782 -17.482367 0.682346 -0.622182 0.383789 0.708803 0.434617 -0.555613 0.178892 0.651151 0.737564
-1.975738 -6.383637 -93.139901 -3.067931 0.732297 -0.585585 0.347607 -0.660261 -0.485574 0.572952 0.166723 0.649083 0.742223
-1.884394 -7.177211 -50.316420 54.538803 0.801380 -0.549200 0.236999 -0.538339 -0.489504 0.685986 0.260732 0.677322 0.687935
0.551156 -3.625582 71.667506 -38.037862 0.888851 0.413542 -0.197298 -0.414724 0.909183 0.037290 0.194801 0.048679 0.979634
0.929108 -3.369392 19.045711 -37.375663 0.939303 0.298953 -0.168337 -0.293230 0.954252 0.058479 0.178119 -0.005568 0.983993
0.113525 -3.800253 -4.591650 -30.116002 0.935605 0.303189 -0.180885 -0.309703 0.950798 -0.008227 0.169491 0.063718 0.983470
0.086247 -3.278800 103.272587 -35.973259 0.830478 0.517097 -0.207163 -0.508097 0.855612 0.098817 0.228350 0.023194 0.973303
-0.295095 -4.035139 41.795702 -39.343690 0.857757 0.475045 -0.196430 -0.484764 0.874644 -0.001604 0.171045 0.096598 0.980516
-0.260856 -3.998077 82.922568 -56.362857 0.800439 0.566137 -0.196942 -0.567451 0.821546 0.055333 0.193123 0.067464 0.978852
-1.052310 -4.729334 6.035712 -3.634789 -0.178247 0.961560 0.208879 0.595136 0.274401 -0.755325 0.783607 0.010323 0.621171
-0.982573 -5.578173 -0.127982 -21.446185 -0.071248 0.991666 0.107345 0.521184 0.128770 -0.843674 0.850465 0.004164 0.526015
-0.771222 -4.385504 20.233102 -32.797125 -0.106763 0.991858 0.069417 0.563383 0.117874 -0.817744 0.819268 0.048197 0.571381
3.500321 -16.528642 -21.077228 267.473950 0.011890 0.997128 0.074792 -0.700592 -0.045061 0.712138 -0.713463 0.060866 -0.698044
3.392889 -13.530183 -41.327791 165.124078 -0.044040 0.994441 0.095638 -0.591496 -0.103103 0.799689 -0.805104 0.021351 -0.592749
3.033970 -14.373512 -45.098897 76.804936 -0.058513 0.998273 0.005292 -0.728834 -0.046342 0.683120 -0.682185 -0.036115 -0.730287
3.046809 -17.788255 -31.286297 299.076643 0.012185 0.999874 -0.010173 -0.826512 0.015797 0.562697 -0.562787 -0.001552 -0.826600
3.389162 -21.802161 -11.467773 604.380708 0.081827 0.995115 0.055232 -0.801174 0.032715 0.597536 -0.592810 0.093145 -0.799938
-219.260386 -801.424971 9686.085825 -104431.989534 -0.763005 0.357447 0.538567 0.388057 0.919641 -0.060593 -0.516948 0.162762 -0.840401
-125.061457 -270.200204 -4763.334635 -46342.324379 -0.808839 -0.153182 0.567728 0.168465 0.864640 0.473305 -0.563382 0.478470 -0.673548
-216.593692 -816.449493 -11912.921871 72285.152043 0.950054 0.070528 -0.304011 0.154762 0.739446 0.655185 -0.271009 0.669511 -0.691599
8.022602 -35.167391 -105.986761 -766.596772 0.026011 0.956634 0.290129 -0.757712 0.208179 -0.618493 0.652070 0.203746 -0.730268
9.729081 -35.985529 -105.354198 -830.596464 -0.071705 0.920695 0.383639 -0.745096 0.206258 -0.634263 0.663091 0.331328 -0.671216
7.518822 -38.317207 -105.726650 -570.980529 -0.007929 0.950456 0.310758 -0.908813 0.122785 -0.398727 0.417129 0.285582 -0.862813
6.858119 -36.316858 -131.565664 -161.742902 -0.079215 0.915563 0.394296 0.993898 0.042084 0.101955 0.076752 0.399967 -0.913310
4.993665 -37.802596 -65.292370 -339.095908 0.023396 0.951801 0.305822 0.994404 -0.053678 0.090989 0.103019 0.301982 -0.947731
1.040138 -35.996174 20.633659 -60.539454 -0.317071 0.270425 0.909030 -0.249588 0.900908 -0.355065 -0.914971 -0.339464 -0.218157
-0.279290 -37.342801 69.997916 -235.774618 -0.270674 0.257553 0.927579 -0.454385 0.815279 -0.358964 -0.848687 -0.518640 -0.103647
1.250532 -32.157460 48.603561 -529.948213 -0.293934 0.253255 0.921664 -0.519788 0.766862 -0.376488 -0.802137 -0.589732 -0.093768
5.104030 -11.402145 16.702631 -97.879707 -0.287814 0.850413 0.440409 0.086622 0.481099 -0.872376 0.953761 0.212933 0.212132
7.141940 -14.042589 117.148371 -204.611364 -0.412261 0.767222 0.491336 -0.086910 0.503721 -0.859484 0.906911 0.397034 0.140985
6.318263 -14.939430 27.312118 -167.688496 -0.241868 0.860642 0.448102 -0.100502 0.437109 -0.893776 0.965090 0.261211 0.019227
3.302239 -13.355275 -71.086134 22.006214 -0.124752 0.924149 0.361089 0.074832 0.371659 -0.925348 0.989362 0.088418 0.115521
2.717055 -10.985143 -84.777378 0.917101 -0.118047 0.939587 0.321311 0.285612 0.342026 -0.895234 0.951047 0.013909 0.308732
-6.439832 -10.473355 6.921874 -74.831205 -0.237065 0.955014 0.178181 0.948279 0.187618 0.256060 0.211111 0.229668 -0.950097
-5.465856 -9.622788 -60.520240 -90.881707 -0.401543 0.892694 0.204600 0.905251 0.352997 0.236461 0.138864 0.280164 -0.949855
4.678148 -1.148407 -96.536442 -304.303052 -0.179623 0.964461 -0.193781 -0.568250 0.059071 0.820733 -0.803011 -0.257539 -0.537445
5.042117 -5.602161 25.025305 -195.396179 -0.142263 0.984730 -0.100340 -0.535847 0.008615 0.844271 -0.832244 -0.173876 -0.526439
4.815045 -5.168790 -18.327359 -97.678242 -0.301507 0.953329 0.016061 -0.423324 -0.148940 0.893652 -0.854336 -0.262643 -0.448474
6.784976 -2.459059 232.501498 150.706146 0.071215 0.910726 -0.406824 -0.634845 0.355970 0.685753 -0.769351 -0.209434 -0.603521
2.724516 1.482531 -95.235255 -587.516840 -0.431695 0.899839 0.062679 -0.445110 -0.272946 0.852864 -0.784549 -0.340278 -0.518357
15.588758 1.105290 -1627.941771 56.837507 -0.426391 -0.456867 0.780681 -0.502129 0.837428 0.215824 -0.752368 -0.299977 -0.586478
-5.339919 -34.748241 -563.928516 1245.206155 -0.552577 0.758380 -0.345715 0.769760 0.305324 -0.560577 -0.319575 -0.575880 -0.752485
0.854142 -14.669735 -232.109983 -148.436994 -0.500492 0.830896 -0.243144 -0.651807 -0.176807 0.737487 -0.569786 -0.527589 -0.630075
-2.318584 -35.394587 -295.578191 2101.451459 -0.559643 0.824006 -0.088398 -0.268581 -0.079429 0.959977 -0.784005 -0.560987 -0.265765
-0.189849 -139.567408 -2060.265462 17629.010617 -0.697550 0.673234 -0.245316 0.129850 0.455465 0.880733 -0.704672 -0.582501 0.405129
-8.106384 -54.225515 767.889084 -2348.706655 0.772598 -0.634510 0.022107 0.322877 0.362686 -0.874191 -0.546665 -0.682536 -0.485079
1.017253 -61.442495 -504.367022 7098.731519 -0.500010 0.834584 -0.231214 -0.053121 0.236925 0.970075 -0.864389 -0.497329 0.074131
8.785848 -13.448448 133.362003 1129.709154 -0.069930 0.848723 -0.524193 -0.480075 0.431993 0.763486 -0.874436 -0.305042 -0.377242
-15.163456 -173.739897 -1633.740277 22892.571840 -0.595010 0.766118 -0.242955 0.263027 0.471257 0.841863 -0.759461 -0.437013 0.481912
-0.806978 -5.185639 -47.449192 25.653326 0.081589 0.976499 0.199482 0.075898 -0.205656 0.975677 -0.993772 0.064464 0.090894
-1.184127 -6.134268 -48.117961 39.193340 0.088772 0.953929 0.286600 -0.059372 -0.282157 0.957529 -0.994281 0.102018 -0.031589
-1.020088 -6.935875 -19.118067 56.429662 0.098960 0.954076 0.282747 -0.167219 -0.264157 0.949873 -0.980941 0.141280 -0.133399
