16025
32033
-7.211741 -8.847698 51.887936 169.751080 0.184262 0.982859 0.005992 -0.789739 0.151680 -0.594395 0.585115 -0.104792 -0.804151
-7.269361 -10.050057 93.027079 106.387118 0.025764 0.997661 -0.063307 -0.725216 -0.024933 -0.688070 0.688040 -0.063639 -0.722877
-7.679182 -12.373111 -27.528731 352.563874 0.478004 0.827283 0.295154 -0.568713 0.547582 -0.613775 0.669386 -0.125529 -0.732232
-5.214719 -8.346566 -19.809507 103.565975 -0.252372 0.937469 -0.239710 -0.764225 -0.345059 -0.544880 0.593522 -0.045680 -0.803520
-6.254648 -9.777529 -83.152065 308.060555 0.539604 0.820654 0.188031 -0.662482 0.551699 -0.506701 0.519562 -0.148850 -0.841367
-5.160165 -6.979008 44.700199 108.677329 -0.259151 0.925353 -0.276699 -0.831588 -0.359484 -0.423358 0.491225 -0.120386 -0.862673
9.777219 -13.771783 -61.761807 198.207123 0.664112 0.675946 0.319457 0.745558 -0.566953 -0.350296 -0.055664 0.470809 -0.880477
9.337989 -15.205770 25.152467 155.957170 0.663497 0.641110 0.385681 0.728318 -0.435465 -0.529078 -0.171246 0.631940 -0.755862
9.055653 -14.137123 -76.041014 128.261401 0.643356 0.727891 0.237211 0.731032 -0.492085 -0.472700 -0.227346 0.477523 -0.848697
8.768682 -14.686491 3.993626 -5.759593 0.633949 0.710364 0.305763 0.671252 -0.309051 -0.673727 -0.384095 0.632353 -0.672756
-5.039432 -8.804394 -19.161755 -45.852640 0.411291 0.897908 -0.156846 -0.583569 0.391576 0.711418 -0.700205 0.201069 -0.685043
-5.211157 -9.297524 -21.691716 -34.353702 0.435592 0.886597 -0.155582 -0.478910 0.374611 0.793922 -0.762171 0.271317 -0.587778
-5.398938 -8.922545 -14.159758 -47.853360 0.491662 0.862856 -0.117252 -0.562794 0.417620 0.713342 -0.664478 0.284735 -0.690938
-1.749741 -23.730911 65.759442 -41.840208 0.158633 0.981436 0.107793 -0.067057 0.119633 -0.990551 0.985058 -0.149905 -0.084789
-1.759780 -22.988704 46.709909 104.797738 0.180429 0.975560 0.125410 -0.357917 0.183881 -0.915469 0.916156 -0.120290 -0.382347
-1.002972 -25.085926 64.455326 11.553219 0.133827 0.982117 0.132423 -0.155560 0.152787 -0.975939 0.978719 -0.110008 -0.173226
-1.074838 -23.878352 54.394952 -227.088804 0.144437 0.983221 0.111419 0.198872 0.081458 -0.976634 0.969323 -0.163220 0.183769
-1.355482 -8.833878 -47.260391 87.555425 -0.243686 0.969741 0.014840 -0.572698 -0.156228 0.804742 -0.782709 -0.187606 -0.593440
-1.472436 -8.839228 -46.809865 71.398082 -0.270397 0.962674 0.011969 -0.644865 -0.190334 0.740218 -0.714867 -0.192434 -0.672261
-0.553371 -7.700913 -2.339051 42.256318 -0.158361 0.983581 -0.086545 -0.602670 -0.026857 0.797539 -0.782120 -0.178457 -0.597028
-0.647734 -7.196508 -6.664383 33.381473 -0.148100 0.984894 -0.089727 -0.523545 -0.001107 0.851997 -0.839027 -0.173157 -0.515800
-0.548639 -7.351412 37.455013 18.626260 -0.131161 0.986726 -0.095756 -0.564650 0.005036 0.825315 -0.814842 -0.162318 -0.556494
-0.839376 -3.894117 -30.416341 -153.215691 0.040498 0.926999 -0.372870 -0.209204 -0.357038 -0.910361 0.977033 -0.114874 -0.179473
-0.872273 -5.710406 -91.717112 -73.975619 0.074064 0.938979 -0.335907 -0.332860 -0.294239 -0.895895 0.940063 -0.178163 -0.290756
-1.401873 -5.146901 -57.417715 -168.937481 0.040435 0.926547 -0.374000 -0.234366 -0.355069 -0.904985 0.971307 -0.124246 -0.202793
-1.300340 -3.200581 -2.820909 -240.751959 0.008517 0.937458 -0.347994 -0.125409 -0.344258 -0.930462 0.992069 -0.051566 -0.114634
-1.788416 -5.098331 5.765112 -200.579282 0.031377 0.977212 -0.209932 -0.199233 -0.199706 -0.959387 0.979450 -0.071929 -0.188427
0.028044 -9.203049 -30.581338 -11.439961 -0.234679 0.971976 -0.013736 -0.758531 -0.174270 0.627902 -0.607912 -0.157774 -0.778171
-0.177047 -9.727384 -40.738595 -22.789573 -0.260641 0.965436 -0.000344 -0.662616 -0.178629 0.727346 -0.702144 -0.189804 -0.686271
-0.331682 -8.915905 -18.227120 -17.693375 -0.235893 0.971742 -0.008493 -0.743402 -0.174820 0.645594 -0.625866 -0.158605 -0.763634
0.910569 -26.059335 -14.699566 -234.110536 0.308703 0.951154 -0.003023 -0.062694 0.017177 -0.997885 0.949090 -0.308239 -0.064934
0.996853 -23.473864 -18.264863 -436.375077 0.309023 0.950314 0.037513 0.212660 -0.030600 -0.976647 0.926974 -0.309784 0.211550
1.244300 -27.517174 -39.002249 -521.929346 0.302628 0.953053 0.010313 0.160958 -0.040439 -0.986132 0.939419 -0.300092 0.165640
1.104324 -30.380633 -26.931063 -59.610701 0.279841 0.959656 -0.027371 -0.219104 0.036083 -0.975034 0.934710 -0.278851 -0.220362
0.676030 -7.368379 26.765369 6.704301 -0.282387 0.954712 0.093717 -0.595272 -0.251000 0.763315 -0.752269 -0.159763 -0.639193
0.210282 -7.580582 21.522366 34.177055 -0.274481 0.958297 0.079539 -0.668722 -0.249668 0.700340 -0.690993 -0.139041 -0.709364
0.095820 -7.666228 27.453263 8.011178 -0.247753 0.966684 0.064347 -0.628415 -0.210897 0.748743 -0.737369 -0.145067 -0.659729
2.352980 -2.284095 111.195138 -92.995364 -0.259366 0.916403 -0.304853 -0.126955 -0.345267 -0.929878 0.957398 0.202476 -0.205893
2.761574 -3.919829 122.956200 -62.290724 -0.252223 0.931027 -0.263767 -0.205720 -0.317939 -0.925524 0.945549 0.179176 -0.271722
3.714129 -3.470027 69.783412 -72.212837 -0.186761 0.919895 -0.344839 -0.156578 -0.374401 -0.913952 0.969847 0.116696 -0.213959
-0.007760 -5.422291 33.787662 4.288601 -0.244911 0.939812 -0.238268 -0.661736 -0.341643 -0.667372 0.708607 0.005777 -0.705580
-0.097680 -5.173590 23.722705 20.725672 -0.203516 0.957092 -0.206294 -0.739352 -0.288361 -0.608445 0.641825 -0.028696 -0.766314
0.959215 -5.514560 70.716637 -6.255452 -0.190340 0.966679 -0.171179 -0.674787 -0.255473 -0.692384 0.713045 0.016279 -0.700930
-0.580003 -4.857162 3.535979 33.477205 -0.220337 0.945974 -0.237875 -0.746939 -0.320469 -0.582565 0.627323 -0.049317 -0.777196
1.191228 -5.570268 79.973403 -12.976490 -0.222097 0.956347 -0.189929 -0.588848 -0.286820 -0.755640 0.777130 0.055986 -0.626845
0.113688 -5.580329 52.762721 -1.209553 -0.271251 0.929641 -0.249382 -0.586619 -0.365087 -0.722904 0.763087 0.049796 -0.644375
-0.547091 -5.162059 20.757315 25.811514 -0.265585 0.925351 -0.270536 -0.677736 -0.378775 -0.630241 0.685666 -0.015970 -0.727741
0.909836 -17.166749 14.404275 -25.290525 0.103539 0.988071 0.113999 0.172995 -0.130757 0.976205 -0.979465 0.081354 0.184469
0.637056 -17.143999 26.692018 58.879679 0.112074 0.992334 0.052073 -0.086809 -0.042426 0.995321 -0.989901 0.116070 -0.081388
0.805412 -16.588544 0.221665 52.844442 0.093095 0.992952 0.073340 0.058462 -0.078985 0.995160 -0.993939 0.088357 0.065403
1.037176 -17.941107 -13.051234 -51.092265 0.102766 0.982093 0.157900 0.366328 -0.184950 0.911919 -0.924793 0.035871 0.378775
0.984691 -17.451549 8.091816 -81.887246 0.106040 0.980563 0.165079 0.406983 -0.194272 0.892538 -0.907260 0.027461 0.419673
-0.620575 -16.105569 32.870296 13.717140 0.013964 0.986426 0.163612 0.957442 -0.060367 0.282242 -0.288288 -0.152708 0.945289
-0.243865 -16.561516 30.134174 -59.816864 -0.016713 0.987023 0.159710 0.864696 -0.065932 0.497950 -0.502017 -0.146423 0.852373
-1.008345 -17.747423 38.935914 -24.834934 0.035329 0.980900 0.191277 0.914334 -0.108986 0.390020 -0.403417 -0.161112 0.900721
-0.334935 -19.178996 21.542907 -27.881649 -0.022822 0.951874 0.305638 0.072099 -0.303354 0.950146 -0.997136 -0.043721 0.061706
-0.223894 -20.550637 11.361802 -12.279526 -0.029823 0.953755 0.299102 0.351011 -0.270185 0.896544 -0.935896 -0.131725 0.326721
-0.468663 -20.075683 -18.409286 -22.090172 -0.038309 0.946458 0.320546 0.075683 -0.317112 0.945363 -0.996396 -0.060476 0.059483
-0.548010 -18.452030 -32.468303 -217.063474 -0.032540 0.949990 0.310579 -0.209407 -0.310327 0.927279 -0.977287 0.034864 -0.209033
-0.374594 -17.827200 10.406268 -159.884083 -0.017700 0.950019 0.311689 -0.198432 -0.308875 0.930173 -0.979955 0.045385 -0.193981
-4.376486 -13.705832 -20.775828 93.373162 0.287866 0.950549 0.116573 -0.932051 0.250114 0.262153 -0.220033 0.184117 -0.957960
-4.499842 -12.671014 -9.784456 112.412232 0.304111 0.943348 0.132706 -0.873272 0.220391 0.434539 -0.380674 0.248037 -0.890823
-4.685057 -13.722326 -7.003827 -69.736899 0.310558 0.930454 0.194447 0.922788 -0.246030 -0.296532 -0.228070 0.271524 -0.935018
-4.042664 -12.304756 -19.567863 135.412286 0.275832 0.958881 0.066816 -0.858528 0.214511 0.465742 -0.432258 0.185830 -0.882395
-4.727463 -14.154113 -5.645050 -4.540318 0.313431 0.931786 0.183129 0.949609 -0.307932 -0.058483 0.001898 0.192231 -0.981348
-4.270322 -14.407515 -35.179974 -20.107388 0.311922 0.945146 0.096976 0.950088 -0.309638 -0.038165 -0.006044 0.104040 -0.994555
-3.849903 -14.459920 -23.679648 -52.070551 0.290555 0.954914 0.060966 0.953052 -0.283134 -0.107365 -0.085263 0.089299 -0.992349
-3.746244 -13.467858 -29.292297 154.574948 0.266364 0.963163 0.036974 -0.910351 0.238784 0.337998 -0.316718 0.123690 -0.940420
0.456643 -49.261699 -115.291803 -1626.892733 -0.014451 0.957923 0.286662 0.436051 0.264032 -0.860318 0.899806 -0.112567 0.421518
0.885244 -28.356018 -25.494191 -285.375426 -0.041469 0.927958 0.370369 0.490696 0.341819 -0.801484 0.870343 -0.148502 0.469520
0.746161 -32.459495 -45.269833 25.511535 -0.053661 0.916238 0.397025 0.665526 0.329232 -0.669837 0.744443 -0.228286 0.627447
1.018022 -34.233009 -12.176600 48.152806 -0.076156 0.925911 0.369985 0.650100 0.327458 -0.685668 0.756022 -0.188310 0.626873
1.098038 -47.515105 -1.244499 -1148.103593 -0.063420 0.944913 0.321118 0.375453 0.320717 -0.869584 0.924669 -0.065416 0.375110
-1.486373 -30.411102 -62.620384 -589.682581 -0.004665 0.999086 0.042485 -0.902521 -0.022502 0.430059 -0.430622 0.036338 -0.901801
-1.230432 -50.001141 -33.547710 -1558.173694 -0.022820 0.998320 0.053258 -0.808319 -0.049772 0.586637 -0.588302 0.029663 -0.808097
-2.399794 -34.645446 0.496516 -428.340386 -0.069365 0.988512 0.134283 -0.965242 -0.100506 0.241262 -0.251987 0.112881 -0.961125
-1.903461 -26.318075 -61.685086 151.081120 -0.099586 0.992174 0.075321 -0.968523 -0.114011 0.221281 -0.228137 0.050913 -0.972297
3.897938 -5.989268 -68.587843 23.734880 -0.059930 0.995376 -0.075060 -0.561499 0.028555 0.826984 -0.825304 -0.091708 -0.557192
3.485269 -5.774619 -28.630979 -4.223186 -0.053902 0.996393 -0.065545 -0.494742 0.030368 0.868509 -0.867367 -0.079242 -0.491320
3.061500 -5.942476 -77.237601 22.950980 -0.097579 0.989342 -0.108078 -0.531524 0.040006 0.846098 -0.841404 -0.140008 -0.521955
-3.128303 -5.115132 -66.549105 -4.724485 0.315322 0.813032 -0.489440 0.235960 0.432383 0.870269 -0.919182 0.389903 0.055503
-2.867155 -5.553599 -20.329677 2.861081 0.364551 0.884637 -0.290722 0.235181 0.214616 0.947961 -0.900995 0.413953 0.129811
-3.633110 -4.877471 -31.919484 -4.959820 0.443254 0.889199 -0.113366 0.152122 0.050016 0.987095 -0.883394 0.454779 0.113097
-0.796612 -5.803316 -24.978659 -14.832660 -0.546466 0.731728 0.407368 -0.453640 -0.667507 0.590461 -0.703978 -0.137868 -0.696711
-1.027920 -6.141486 -18.911309 -41.088912 -0.549864 0.715810 0.430425 -0.376627 -0.672444 0.637159 -0.745521 -0.188241 -0.639346
-1.373486 -5.647895 -21.702995 -3.216122 -0.532397 0.736043 0.418083 -0.440286 -0.662616 0.605878 -0.722981 -0.138492 -0.676845
-1.152645 -5.105380 -33.885085 -10.063052 -0.532833 0.747012 0.397571 -0.502353 -0.657306 0.561774 -0.680978 -0.099611 -0.725498
-0.530086 -11.324099 -6.982193 -5.248635 0.034970 0.998327 -0.046043 -0.731259 -0.005842 -0.682075 0.681203 -0.057521 -0.729832
-0.726140 -11.178517 -17.434372 8.518803 0.037780 0.998614 -0.036646 -0.740156 0.003326 -0.672427 0.671373 -0.052528 -0.739256
-0.571804 -11.415855 -20.979696 21.062292 0.042578 0.998138 -0.043680 -0.646184 -0.005832 -0.763159 0.761993 -0.060719 -0.644733
6.973419 0.688159 -153.415095 -37.291589 0.065662 -0.053539 0.996405 -0.123379 0.990461 0.061350 -0.990185 -0.126964 0.058431
6.899047 0.529985 210.273716 -18.520566 0.298660 -0.025999 0.954005 -0.113598 0.991554 0.062585 -0.947574 -0.127065 0.293184
7.397829 0.915691 287.890777 -26.618656 0.364162 -0.047332 0.930132 -0.099583 0.991003 0.089418 -0.925996 -0.125188 0.356172
7.678029 0.991502 -114.775407 -16.059987 0.098302 -0.033280 0.994600 -0.092088 0.994848 0.042390 -0.990887 -0.095758 0.094731
-3.068464 -63.546095 -167.991683 2592.405731 0.945763 -0.324847 -0.002543 -0.194652 -0.560409 -0.805017 -0.260082 -0.761851 0.593246
-1.289636 -42.058018 -90.129028 1581.965320 0.946224 -0.323347 0.010332 -0.172243 -0.530561 -0.829962 -0.273848 -0.783551 0.557724
-1.470024 -36.919216 -56.982504 1650.365105 0.953376 -0.301743 -0.005146 -0.088621 -0.263621 -0.960547 -0.288481 -0.916218 0.278070
-3.229425 -53.626138 -105.249799 2669.637846 0.960877 -0.276402 0.017801 -0.035009 -0.184955 -0.982123 -0.274754 -0.943077 0.187396
10.180512 -4.154762 219.828074 -168.527936 0.009778 0.978531 0.205867 0.456413 0.178813 -0.871615 0.889715 -0.102483 0.444865
9.285381 -4.978990 -910.709977 55.980004 0.409348 0.815132 0.409872 0.413417 0.234756 -0.879759 0.813339 -0.529575 0.240892
5.999575 -0.275890 -212.548950 442.381608 0.165621 0.923882 0.344982 0.363158 0.268096 -0.892323 0.916890 -0.273070 0.291112
5.353715 -1.584781 216.642503 41.129897 -0.166227 0.919998 0.354925 0.457267 0.390811 -0.798858 0.873657 -0.029503 0.485648
-6.868018 -20.839629 -552.693189 -1080.408794 -0.549877 -0.808949 0.207932 0.770971 -0.395817 0.498931 -0.321307 0.434661 0.841328
-4.924721 -12.730554 340.126038 -447.649056 0.278040 0.945215 -0.171061 0.928039 -0.218378 0.301752 -0.247864 0.242650 0.937915
-3.710060 -12.091530 -450.187026 161.543219 -0.175951 -0.938548 0.296932 0.983114 -0.182945 0.004300 0.050287 0.292675 0.954889
1.967697 -3.516316 165.982604 12.342653 -0.339680 0.842167 -0.418774 0.152309 -0.390118 -0.908080 0.928127 0.372240 -0.004246
-0.321745 -2.843266 6.771077 10.392077 -0.311226 0.872845 -0.375872 0.087009 -0.367682 -0.925872 0.946344 0.320860 -0.038487
2.665921 -3.150639 181.668892 46.776975 -0.354295 0.903171 -0.242397 -0.009034 -0.262505 -0.964888 0.935090 0.339665 -0.101164
7.314685 -4.378499 424.114864 15.089102 -0.374038 0.882725 -0.284415 0.069813 -0.279006 -0.957748 0.924782 0.378090 -0.042733
6.892246 -4.392227 454.957003 -57.404726 -0.391412 0.829492 -0.398422 0.197135 -0.347330 -0.916788 0.898852 0.437385 0.027573
2.777945 -3.681014 323.315967 -21.997176 -0.364738 0.773734 -0.517979 0.272559 -0.443213 -0.853975 0.890325 0.452657 0.049232
3.679114 -8.789044 -90.612614 -247.428460 -0.413603 -0.587182 0.695809 0.751190 0.211737 0.625204 -0.514437 0.781271 0.353510
3.941505 -7.327825 -79.187489 -175.214156 -0.452708 -0.655881 0.604050 0.675087 0.190445 0.712733 -0.582506 0.730446 0.356560
2.371741 -5.916214 -68.346402 -111.417975 -0.424547 -0.590354 0.686471 0.695221 0.273159 0.664870 -0.580024 0.759517 0.294458
0.208894 -7.465816 7.143202 -3.404710 0.026178 0.990717 0.133395 0.742762 -0.108585 0.660692 -0.669044 -0.081785 0.738709
0.425854 -7.415756 15.714834 -13.487252 0.020390 0.992206 0.122928 0.783593 -0.092222 0.614391 -0.620939 -0.083798 0.779367
0.559045 -7.124086 10.403515 -2.160813 0.007175 0.992716 0.120265 0.706761 -0.090116 0.701689 -0.707416 -0.079964 0.702260
0.861502 -7.245063 23.848735 14.349681 -0.014900 0.995167 0.097064 0.636461 -0.065430 0.768529 -0.771165 -0.073228 0.632409
0.447418 -7.484436 16.525437 15.916346 0.006014 0.994155 0.107798 0.649832 -0.085821 0.755217 -0.760054 -0.065509 0.646550
0.661943 -7.590495 17.886991 33.115524 -0.018403 0.995863 0.088986 0.575715 -0.062211 0.815280 -0.817443 -0.066235 0.572189
0.204371 -7.813901 25.771008 32.223885 0.003149 0.996651 0.081716 0.591760 -0.067730 0.803264 -0.806108 -0.045827 0.589991
0.344219 -7.891029 22.782986 2.603974 -0.026706 0.998242 0.052903 0.457472 -0.034850 0.888541 -0.888823 -0.047931 0.455737
-1.185526 -12.326324 2.688402 64.154916 -0.202031 -0.971592 -0.123255 0.979335 -0.199225 -0.034808 0.009264 -0.127740 0.991764
-0.835427 -12.015016 22.615492 59.426144 -0.204727 -0.967524 -0.148267 0.976375 -0.191163 -0.100738 0.069124 -0.165389 0.983803
-1.094041 -11.708107 -12.101355 54.109512 0.233221 0.964220 0.126050 0.950698 -0.198839 -0.237984 0.204406 -0.175338 0.963055
-1.352101 -11.451186 -3.942467 43.720689 0.243629 0.965025 0.096813 0.944158 -0.213154 -0.251257 0.221833 -0.152620 0.963067
-1.394637 -11.579928 10.859191 42.173652 -0.219978 -0.968824 -0.113972 0.972731 -0.209045 -0.100474 0.073517 -0.132966 0.988390
-1.072281 -11.792385 -11.727170 0.140233 0.263795 0.958123 0.111414 0.897358 -0.201405 -0.392664 0.353781 -0.203561 0.912909
-0.800907 -12.115909 -6.039813 -4.666077 0.251415 0.960326 0.120680 0.900251 -0.186234 -0.393529 0.355442 -0.207581 0.911357
0.141868 -14.389111 -39.698777 -303.819021 0.197193 0.965695 -0.168962 -0.850227 0.082653 -0.519887 0.488087 -0.246174 -0.837359
-0.089760 -12.157002 8.143448 -319.108542 0.194903 0.968983 -0.151938 -0.783964 0.060813 -0.617821 0.589418 -0.239529 -0.771500
0.262368 -12.354113 -42.326052 -129.848152 0.243148 0.961395 -0.128839 -0.737629 0.097008 -0.668202 0.629907 -0.257507 -0.732739
0.572566 -15.021637 -68.687137 -345.179502 0.216481 0.962781 -0.161832 -0.820319 0.089502 -0.564859 0.529352 -0.255035 -0.809163
0.400550 -20.985474 -9.097016 -43.801624 -0.221452 0.967439 -0.122563 0.269624 0.181528 0.945701 -0.937156 -0.176381 0.301044
0.670772 -21.637285 -19.427044 39.813992 -0.232176 0.963982 -0.129745 0.025607 0.139402 0.989905 -0.972337 -0.226510 0.057050
0.716221 -21.161697 -10.787965 -77.959024 -0.211976 0.971076 -0.109899 0.179179 0.149166 0.972443 -0.960709 -0.186443 0.205616
0.519425 -21.287048 -8.914553 -105.156619 -0.198498 0.975512 -0.094735 0.420151 0.172021 0.891001 -0.885478 -0.137058 0.444008
0.193852 -20.360291 -2.563550 8.522809 -0.201070 0.974551 -0.099103 0.532627 0.193675 0.823893 -0.822119 -0.112875 0.558014
-1.600062 -18.063359 -18.462489 -9.669730 -0.293406 0.955969 0.006030 0.949874 0.290811 0.114756 -0.107950 -0.039398 0.993375
-1.568479 -17.442693 20.405327 -27.632302 -0.270860 0.961034 -0.055214 0.949276 0.276183 0.150330 -0.159721 0.011695 0.987093
-1.740232 -17.464295 -2.129948 53.405311 -0.311830 0.949901 -0.021199 0.910764 0.305189 0.278150 -0.270685 -0.067429 0.960304
-1.761759 -20.346527 -26.440131 27.892197 -0.329456 0.943969 0.019526 0.912149 0.312873 0.264754 -0.243810 -0.105036 0.964118
-1.781432 -18.520709 -9.203246 -15.511786 -0.343845 0.938752 -0.022687 0.826194 0.313923 0.467820 -0.446289 -0.142114 0.883532
-1.515500 -24.941885 -8.857882 109.990934 -0.215509 0.968426 -0.125327 0.975723 0.218681 0.011962 0.038991 -0.119707 -0.992043
-2.049878 -25.791693 26.763350 62.077277 -0.186308 0.979187 -0.080514 -0.967523 -0.168602 0.188341 -0.170846 -0.112989 -0.978798
-1.039105 -25.526083 46.682211 -129.978518 -0.177288 0.980924 -0.079727 -0.972470 -0.187055 -0.138972 0.151235 -0.052894 -0.987082
2.603188 -66.332572 -215.347015 -458.444655 -0.518057 0.852473 -0.070047 0.079777 0.129693 0.988340 -0.851618 -0.506428 0.135196
3.506758 -70.166505 -67.147993 895.743604 -0.438114 0.895940 -0.073126 0.183634 0.168836 0.968387 -0.879963 -0.410836 0.238495
2.040655 -61.399878 -67.517172 100.725010 -0.429523 0.901922 -0.045246 0.452694 0.258399 0.853404 -0.781396 -0.346074 0.519282
1.424658 -50.420236 -159.155554 507.109279 -0.505333 0.859169 -0.080415 0.383902 0.307296 0.870740 -0.772824 -0.409143 0.485124
0.973606 -43.378201 -73.446548 362.204041 -0.498311 0.862377 -0.089404 0.200006 0.214679 0.955987 -0.843614 -0.458497 0.279457
557.444654 -1258.329553 2727.970603 -516235.834301 -0.541616 0.824694 -0.162888 0.040480 0.219132 0.974855 -0.839651 -0.521403 0.152069
91.820935 -336.505459 4434.256904 25423.767810 -0.580727 0.811265 0.067860 0.303720 0.138563 0.942632 -0.755321 -0.568022 0.326865
-5.375394 -432.696726 543.636027 33088.043207 -0.432359 0.896053 0.100774 -0.548122 -0.349915 0.759686 -0.715981 -0.273220 -0.642435
-1.492915 -332.996301 -256.396616 36849.852808 -0.564651 0.822288 0.070799 -0.457640 -0.383328 0.802263 -0.686830 -0.420598 -0.592758
-82.431755 -1097.980724 2310.812887 21836.241068 -0.363348 0.931571 -0.012409 -0.639504 -0.239701 0.730464 -0.677505 -0.273348 -0.682839
-0.511006 -250.453089 1.321787 10962.458839 -0.387164 0.920910 0.045038 -0.919644 -0.389207 0.052657 -0.066021 0.021032 -0.997597
3.393987 -5.538429 -135.427481 -188.108452 0.563956 -0.032481 0.825166 -0.234376 0.951842 0.197650 -0.791847 -0.304865 0.529184
0.415030 -7.011640 -127.553437 -259.824109 0.506978 -0.424523 0.750169 -0.001356 0.869913 0.493203 -0.861958 -0.251061 0.440451
0.535642 -7.531453 -44.040253 -122.626486 0.556202 -0.327808 0.763663 0.066511 0.933528 0.352282 -0.828381 -0.145148 0.541033
0.604655 -6.644455 2.022480 -44.426616 0.589909 -0.147747 0.793838 0.011116 0.984510 0.174973 -0.807393 -0.094394 0.582414
0.748409 -1.368219 -17.155176 -23.862945 -0.251530 0.309970 -0.916871 -0.101609 0.933635 0.343512 0.962501 0.179566 -0.203341
0.218385 -1.941463 -32.849744 -34.932915 -0.283672 0.606849 -0.742472 -0.057829 0.762043 0.644940 0.957176 0.225888 -0.181077
0.783783 -2.181131 0.666364 -37.220746 -0.320688 0.617558 -0.718180 -0.023810 0.752730 0.657899 0.946886 0.228080 -0.226687
-0.906778 -7.038475 7.549734 -69.197686 0.006498 0.989790 0.142383 0.981392 0.021013 -0.190860 0.191904 -0.140974 0.971236
-0.996081 -7.512372 3.560237 -17.737022 0.028523 0.991126 0.129827 0.940075 0.017550 -0.340516 0.339773 -0.131760 0.931232
-0.910035 -6.929866 14.466545 -66.478387 0.000677 0.991372 0.131077 0.976711 0.027468 -0.212795 0.214559 -0.128168 0.968265
-0.846673 -6.881059 19.809719 -42.171250 -0.012668 0.992332 0.122951 0.985263 0.033364 -0.167761 0.170577 -0.119013 0.978131
-0.868686 -6.941786 -6.715430 -40.047881 0.013565 -0.990366 -0.137811 0.991837 0.030803 -0.123733 0.126786 -0.135008 0.982699
0.888239 -20.585451 -25.437186 200.889150 0.101712 0.985553 -0.135428 -0.589608 0.169369 0.789732 -0.801260 0.000476 -0.598316
0.877989 -19.299732 -20.635727 206.391601 0.092776 0.992094 -0.084509 -0.360733 0.112600 0.925847 -0.928043 0.055411 -0.368328
0.843715 -18.133035 -12.781309 197.258419 0.077811 0.992156 -0.097839 -0.371834 0.119937 0.920519 -0.925032 0.035247 -0.378249
0.539746 -19.030186 -1.879762 188.793923 0.096026 0.988864 -0.113696 -0.548084 0.147877 0.823248 -0.830893 0.016738 -0.556180
2.169068 -17.193879 -48.680798 156.059318 0.080405 0.992902 -0.087635 0.996526 -0.078161 0.028739 0.021685 -0.089641 -0.995738
2.403117 -17.149998 -42.667203 -54.311901 0.047433 0.998540 -0.025831 -0.998055 0.048426 0.039262 -0.040456 -0.023918 -0.998895
1.261601 -24.242934 -16.294584 -678.618930 0.134801 0.987208 -0.085137 -0.977392 0.146600 0.152358 -0.162890 -0.062675 -0.984652
3.058009 -17.779254 -44.397303 252.072234 0.039430 0.998825 -0.028165 -0.984119 0.033937 -0.174237 0.173076 -0.034588 -0.984301
1.174275 -23.690070 -20.916095 -763.652319 0.155062 0.982399 -0.104153 -0.981848 0.164910 0.093701 -0.109228 -0.087733 -0.990137
2.315416 -16.328042 -38.742965 47.828329 0.075624 0.993688 -0.082859 -0.978445 0.057936 -0.198215 0.192163 -0.096062 -0.976650
1.550520 -18.868957 -26.723058 310.200353 0.123873 0.987178 -0.100676 0.991815 -0.120009 0.043587 0.030946 -0.105251 -0.993964
6.660496 -47.358400 -75.292538 -644.487194 -0.209001 0.969926 0.124749 -0.043829 0.118148 -0.992028 0.976933 0.212802 -0.017818
9.146248 -47.059216 -142.123565 -553.154624 -0.390049 0.919311 0.052246 -0.056021 0.032942 -0.997886 0.919088 0.392151 -0.038652
5.789210 -44.031221 -136.901091 1003.459992 -0.263281 0.959679 0.098488 -0.476818 -0.040700 -0.878059 0.838646 0.278138 -0.468307
2.420345 -39.523213 -11.024695 -510.674111 0.954272 -0.293145 -0.058573 0.229975 0.845076 -0.482656 -0.190987 -0.447115 -0.873849
0.836827 -50.157663 -64.420880 -1862.187685 0.950231 -0.292309 -0.107784 0.111742 0.642715 -0.757913 -0.290819 -0.708148 -0.643390
2.685823 -35.500028 -85.881884 -1116.513345 0.958004 -0.267049 -0.104471 0.074967 0.584888 -0.807642 -0.276784 -0.765892 -0.580345
3.114693 -32.753294 -55.449297 -833.364685 0.956449 -0.280615 -0.080370 0.125281 0.643325 -0.755273 -0.263646 -0.712312 -0.650463
-0.510459 -8.732026 16.811453 50.658630 -0.015652 0.996755 0.078964 0.636762 -0.050951 0.769375 -0.770901 -0.062323 0.633898
-0.662746 -9.176062 4.016169 58.166821 -0.037145 0.996422 0.075922 0.620468 -0.036559 0.783379 -0.783351 -0.076206 0.616890
-0.520960 -8.716924 7.462591 13.296272 -0.010681 0.994795 0.101338 0.694816 -0.065498 0.716198 -0.719108 -0.078061 0.690500
-0.303641 -8.263975 13.174468 18.824958 0.012294 0.994127 0.107521 0.696646 -0.085654 0.712284 -0.717310 -0.066147 0.693607
-8.680932 -11.786642 119.336977 96.095888 0.186627 0.972871 0.136720 -0.588791 0.222164 -0.777154 0.786445 -0.064539 -0.614279
-6.201984 -10.916790 -23.767737 90.013289 -0.057872 0.995133 -0.079761 -0.626676 -0.098405 -0.773042 0.777128 -0.005247 -0.629321
-5.814895 -9.531669 -30.744513 97.668616 -0.185292 0.969374 -0.161188 -0.703813 -0.245383 -0.666659 0.685795 0.010080 -0.727725
9.173603 -14.414152 77.211241 216.445537 0.662824 0.585327 0.466966 0.748700 -0.526939 -0.402224 0.010630 0.616221 -0.787502
7.618905 -15.097366 84.471728 -49.306591 0.667578 0.596666 0.445342 0.677844 -0.239622 -0.695060 -0.308005 0.765879 -0.564413
7.997296 -15.579864 87.090203 139.898153 0.662410 0.568162 0.488267 0.738561 -0.386139 -0.552651 -0.125457 0.726697 -0.675405
-4.902397 -9.214372 -24.612768 -45.716487 0.343426 0.918471 -0.196135 -0.522276 0.360335 0.772908 -0.780568 0.163000 -0.603444
-5.097573 -9.651918 -20.821670 -21.445272 0.369516 0.913859 -0.168283 -0.397225 0.319068 0.860469 -0.840042 0.251111 -0.480909
-5.434395 -9.622697 -23.135107 -2.464740 0.465523 0.872659 -0.147493 -0.358428 0.338268 0.870117 -0.809208 0.352194 -0.470258
-0.113349 -24.837414 -3.834953 -334.552971 0.146467 0.981327 0.124677 0.186559 0.096373 -0.977706 0.971465 -0.166461 0.168960
-0.065447 -20.920218 -10.059222 -461.981827 0.138827 0.982758 0.122119 0.470609 0.043031 -0.881292 0.871352 -0.179817 0.456522
-0.117475 -24.238481 -23.360573 -475.101440 0.150884 0.980757 0.123890 0.356671 0.062874 -0.932112 0.921965 -0.184829 0.340321
0.152231 -22.704446 10.362602 -461.108509 0.139900 0.981984 0.127021 0.358046 0.069432 -0.931119 0.923164 -0.175743 0.341882
-2.192117 -9.760862 -65.452467 137.022499 -0.242263 0.970211 -0.000399 -0.635909 -0.158477 0.755318 -0.732754 -0.183239 -0.655359
-2.899162 -10.128086 -73.606401 113.349150 -0.421723 0.897726 0.127429 -0.657670 -0.399597 0.638586 -0.624196 -0.185500 -0.758927
0.525319 -5.547767 -84.356434 -7.355426 0.101728 0.960242 -0.259974 -0.389632 -0.201993 -0.898546 0.915335 -0.192702 -0.353593
-0.243943 -6.165649 -126.811237 2.329919 0.117146 0.958670 -0.259283 -0.430342 -0.186294 -0.883233 0.895032 -0.215048 -0.390732
-0.157283 -4.732842 -52.811483 -79.592536 0.073876 0.957508 -0.278785 -0.285314 -0.247571 -0.925908 0.955583 -0.147944 -0.254900
-0.724478 -9.339459 -33.416130 43.837961 -0.213851 0.973063 0.086115 -0.953760 -0.188920 -0.233776 0.211210 0.132126 -0.968470
-1.295914 -9.281294 -29.268730 -59.863939 -0.214743 0.971522 0.100147 0.968782 0.198880 0.148013 0.123881 0.128806 -0.983902
-1.384742 -9.745393 -29.927904 16.339868 -0.238214 0.966321 0.097349 -0.926721 -0.196166 -0.320479 0.290589 0.166558 -0.942240
-0.799417 -9.634275 -49.484527 -24.147917 -0.253346 0.965108 0.066200 -0.878494 -0.200876 -0.433471 0.405049 0.167975 -0.898732
-1.333380 -9.533121 -43.402474 -51.592839 -0.232967 0.968190 0.091288 -0.858566 -0.160683 -0.486873 0.456717 0.191802 -0.868690
0.448263 -10.156271 -51.653473 -11.218912 -0.261100 0.965312 -0.000660 -0.658708 -0.177670 0.731120 -0.705642 -0.191330 -0.682248
0.111049 -10.460133 -44.315606 -57.253796 -0.277534 0.960469 0.021794 -0.550230 -0.177507 0.815928 -0.787541 -0.214456 -0.577743
0.594477 -9.612386 -36.060920 -2.069616 -0.230903 0.972895 -0.012640 -0.766361 -0.173850 0.618439 -0.599479 -0.152486 -0.785731
1.144881 -10.414171 -41.872853 2.589439 -0.243044 0.969999 0.005564 -0.664401 -0.170647 0.727634 -0.706754 -0.173150 -0.685943
0.932361 -10.999551 -48.493021 -60.449108 -0.268818 0.962931 0.022398 -0.533483 -0.168211 0.828915 -0.801956 -0.210878 -0.558925
-1.464433 -19.739023 -95.486468 529.359460 0.549688 0.819107 0.164035 -0.640110 0.539172 -0.547314 0.536752 -0.195852 -0.820694
-0.061494 -12.135688 -56.275139 351.151476 0.557203 0.808185 0.190686 -0.716726 0.584050 -0.381037 0.419319 -0.075646 -0.904682
-1.863539 -14.787096 -77.938914 505.786580 0.513734 0.844828 0.149475 -0.744012 0.525453 -0.412729 0.427227 -0.100822 -0.898506
-2.866136 -20.311227 -114.450444 546.557718 0.512940 0.848244 0.131815 -0.637155 0.479110 -0.603728 0.575262 -0.225690 -0.786217
-3.008323 -16.295810 -70.315909 657.288568 0.434875 0.890542 0.133490 -0.778439 0.446300 -0.441418 0.452677 -0.088048 -0.887317
-2.208364 -10.942064 -29.607604 458.574079 0.384871 0.912957 0.135589 -0.843184 0.407535 -0.350650 0.375386 -0.020629 -0.926639
1.105393 -21.454721 -34.464793 -449.289260 0.301203 0.950869 0.071588 0.447421 -0.074632 -0.891204 0.842075 -0.300463 0.447919
0.831813 -19.713062 -7.364546 -409.976794 0.308349 0.948740 0.069377 0.377429 -0.055070 -0.924400 0.873194 -0.311222 0.375063
0.701580 -15.555959 4.953353 -177.958896 0.262419 0.957095 0.122906 0.578068 -0.053940 -0.814204 0.772641 -0.284710 0.567421
0.533268 -14.920039 -16.620553 -210.676542 0.307069 0.943822 0.122100 0.527485 -0.062002 -0.847299 0.792129 -0.324585 0.516891
0.657608 -18.994041 -17.518572 -358.761355 0.340549 0.938476 0.057347 0.318296 -0.057680 -0.946235 0.884711 -0.340492 0.318356
0.446977 -10.646477 33.670837 -329.570176 0.307430 0.949490 0.062897 0.494118 -0.102800 -0.863296 0.813225 -0.296481 0.500763
0.971532 -12.074094 49.618844 -315.253232 0.293100 0.951554 0.092934 0.469594 -0.058608 -0.880935 0.832811 -0.301843 0.464023
0.732619 -8.378202 35.125539 -157.109637 0.326107 0.944595 0.037345 0.547559 -0.156539 -0.821994 0.770606 -0.288506 0.568270
0.390559 -7.132503 37.920701 91.976578 0.347163 0.937262 -0.031895 0.540897 -0.227900 -0.809625 0.766099 -0.263820 0.586081
0.299091 -7.493485 19.922180 -143.285422 0.338753 0.940867 0.004054 0.531039 -0.187637 -0.826311 0.776688 -0.282068 0.563200
0.612158 -7.357573 -6.744298 28.323727 -0.308953 0.945618 0.101757 -0.619433 -0.281253 0.732939 -0.721700 -0.163412 -0.672641
0.235164 -7.573495 -11.027028 74.467263 -0.314185 0.944526 0.095695 -0.648273 -0.287089 0.705211 -0.693564 -0.159530 -0.702510
0.676158 -5.364560 67.555623 9.788577 -0.152832 0.977341 -0.146450 -0.747164 -0.211265 -0.630169 0.646830 -0.013112 -0.762522
0.149269 -14.948626 -29.321049 66.354697 0.060635 0.998095 0.011385 -0.341896 0.010052 0.939684 -0.937780 0.060870 -0.341854
0.338963 -16.208419 -11.227433 61.154505 0.070337 0.997081 0.029701 -0.236689 -0.012243 0.971508 -0.969036 0.075363 -0.235137
0.065438 -14.248948 -43.966348 29.352166 0.040255 0.997744 0.053719 -0.155988 -0.046829 0.986648 -0.986938 0.048097 -0.153751
-0.088195 -14.122922 -43.056826 61.836730 0.057901 0.997894 0.029228 -0.306959 -0.010064 0.951670 -0.949960 0.064074 -0.305730
-0.086887 -13.289159 -58.649312 2.577097 0.040826 0.994411 0.097360 0.042556 -0.099084 0.994169 -0.998260 0.036445 0.046363
-0.279623 -13.260987 -43.868403 47.288941 0.049773 0.996508 0.067036 -0.129666 -0.060104 0.989734 -0.990308 0.057955 -0.126222
-0.177803 -16.731642 40.820229 -147.240428 -0.009442 0.986144 0.165624 0.767257 -0.099075 0.633641 -0.641270 -0.133059 0.755690
0.559205 -15.291091 35.933270 -81.513197 -0.052381 0.990453 0.127512 0.762981 -0.042689 0.645010 -0.644296 -0.131076 0.753460
-0.491518 -20.961785 24.892657 -157.823546 -0.011974 0.955368 0.295176 0.494790 -0.250863 0.832016 -0.868930 -0.156013 0.469703
-0.254267 -22.289458 15.501144 -136.197294 -0.010635 0.955834 0.293715 0.605359 -0.227634 0.762707 -0.795881 -0.185914 0.576202
-0.067024 -20.438653 -2.341496 -49.879300 -0.029902 0.957148 0.288052 0.519963 -0.231225 0.822297 -0.853665 -0.174365 0.490768
0.763939 -26.780109 -6.691116 155.694264 -0.061875 0.916235 0.395833 0.637494 0.341435 -0.690669 0.767967 -0.209606 0.605221
0.915931 -26.703257 8.277825 -263.663539 -0.034638 0.930153 0.365535 0.434050 0.343460 -0.832848 0.900223 -0.129812 0.415630
-1.543438 -36.947635 67.857522 -532.586200 -0.056554 0.983649 0.170987 -0.918989 -0.118220 0.376142 -0.390205 0.135863 -0.910649
-0.552243 -42.494565 12.137925 -1052.245575 -0.070777 0.985056 0.157022 -0.726637 -0.158760 0.668427 -0.683366 0.066789 -0.727014
3.940105 -5.985461 2.849890 -2.973681 -0.007250 0.999972 -0.001604 -0.525201 -0.002443 0.850975 -0.850948 -0.007012 -0.525204
3.091101 -6.011850 32.631778 -21.528870 -0.003384 0.998724 0.050383 -0.443075 -0.046665 0.895269 -0.896478 0.019294 -0.442668
2.848586 -5.700124 -16.176814 1.490869 -0.054924 0.997892 -0.034553 -0.392121 0.010269 0.919856 -0.918272 -0.064071 -0.390731
-0.111018 -2.060298 51.927974 107.861981 -0.173675 0.906422 -0.385015 0.276174 0.420097 0.864434 -0.945286 -0.043799 0.323290
0.002130 -3.952400 59.857141 36.747859 -0.117394 0.960661 -0.251692 0.199752 0.271107 0.941595 -0.972789 -0.060262 0.223720
-0.493891 -2.313704 62.781855 129.598230 -0.129312 0.958241 -0.255053 0.295088 0.282746 0.912676 -0.946679 -0.042757 0.319328
1.144243 -0.719961 169.179090 37.521121 0.378542 -0.173013 0.909270 0.031169 0.984200 0.174295 -0.925059 -0.037637 0.377954
-1.417531 -5.886610 -16.666149 -48.165409 -0.530608 0.731477 0.428249 -0.391157 -0.659536 0.641879 -0.751965 -0.173073 -0.636077
-1.458048 -6.445249 -17.360167 -59.998834 -0.545499 0.705914 0.451792 -0.298798 -0.667440 0.682087 -0.783040 -0.237083 -0.575013
-0.802016 -6.737518 -35.435786 -48.387219 -0.564117 0.701988 0.434724 -0.267089 -0.653326 0.708399 -0.781304 -0.283510 -0.556045
-0.359919 -11.556621 17.706952 3.495635 0.015028 0.998665 -0.049426 -0.794249 -0.018106 -0.607323 0.607407 -0.048383 -0.792916
-0.321809 -11.362899 18.193385 70.983498 0.014266 0.998255 -0.057309 -0.887086 -0.013812 -0.461397 0.461383 -0.057420 -0.885341
-0.379911 -11.193005 6.713661 61.287910 0.001577 0.997758 -0.066913 -0.916502 -0.025325 -0.399227 0.400027 -0.061956 -0.914407
6.210281 0.354913 -210.067731 -34.349513 0.005102 -0.112085 0.993686 -0.115512 0.986980 0.111922 -0.993293 -0.115354 -0.007912
6.610498 0.142510 -104.139361 -13.151108 0.115240 -0.070148 0.990858 -0.110365 0.990423 0.082953 -0.987188 -0.118915 0.106394
6.509591 0.302084 301.878754 -10.149772 0.377975 -0.024016 0.925504 -0.112331 0.991088 0.071594 -0.918976 -0.131023 0.371909
-0.169859 -36.146465 -40.344555 1659.842822 0.935814 -0.352493 0.000994 -0.151827 -0.405620 -0.901344 -0.318121 -0.843339 0.433103
0.621888 -41.179745 -97.149421 1141.272794 0.931168 -0.363891 0.022578 -0.262460 -0.712021 -0.651262 -0.253064 -0.600508 0.758517
1.702011 -41.578480 9.745522 1357.366466 0.926117 -0.368287 -0.081681 -0.313280 -0.630239 -0.710390 -0.210148 -0.683493 0.699053
0.930092 -11.856734 -45.997557 -13.795730 0.034529 0.996380 -0.077683 -0.542648 -0.046582 -0.838668 0.839250 -0.071112 -0.539075
0.404311 -11.546367 -51.031870 -10.790655 0.045423 0.995806 -0.079413 -0.574061 -0.039039 -0.817881 0.817552 -0.082739 -0.569880
0.701377 -11.283892 -54.844943 11.383796 0.059745 0.995975 -0.066823 -0.423260 -0.035350 -0.905318 0.904036 -0.082371 -0.419444
-1.015352 -8.796527 -1053.004105 81.755755 0.592774 0.772242 0.228608 0.394197 -0.030677 -0.918514 0.702302 -0.634588 0.322600
11.413823 -24.998237 -1294.181722 -1308.068950 0.579944 0.786407 0.212671 0.516216 -0.152788 -0.842720 0.630227 -0.598515 0.494565
-2.833518 -8.954642 -701.780406 -207.700630 0.386579 0.843623 0.372635 0.486360 0.156811 -0.859572 0.783588 -0.513527 0.349685
-3.132080 -7.045304 9.893086 -130.249572 0.209623 0.973257 0.093966 0.954035 -0.182534 -0.237696 0.214188 -0.139473 0.966784
-2.729887 -8.445548 -14.068962 -166.517542 0.174415 0.981084 0.083989 0.950070 -0.145259 -0.276166 0.258741 -0.127962 0.957433
-2.616379 -5.689481 -3.050090 -119.984675 0.082045 0.993159 0.083090 0.984307 -0.067680 -0.162968 0.156229 -0.095157 0.983126
-3.206507 -5.294091 21.205089 -79.873588 0.129255 0.986458 0.100960 0.980343 -0.111817 -0.162554 0.149063 -0.119987 0.981521
-3.691961 -6.226080 73.961191 -47.869153 0.119754 0.983402 0.136305 0.976689 -0.092059 -0.193915 0.178148 -0.156350 0.971503
-0.111027 -12.180808 105.555534 746.614835 -0.168641 0.982512 0.078938 0.967101 0.180406 -0.179359 0.190463 -0.046094 0.980612
-1.226302 -6.033780 -31.524140 206.862529 -0.496575 0.864646 0.076166 0.862922 0.501241 -0.064214 0.093700 -0.033838 0.995025
-3.962876 -25.836266 -5.933932 1518.996927 -0.220873 0.973553 0.058398 0.942957 0.228457 -0.242154 0.249091 -0.001582 0.968479
-3.918723 -33.083372 179.319428 1661.553743 -0.057462 0.995396 0.076716 0.972730 0.073118 -0.220115 0.224711 -0.061976 0.972453
0.060333 -2.494016 48.505254 45.013966 -0.341922 0.926958 -0.154395 -0.060489 -0.185667 -0.980749 0.937780 0.326000 -0.119555
5.297817 -12.871110 -124.109311 -319.865763 -0.398295 -0.587811 0.704158 0.832500 0.090647 0.546559 -0.385103 0.803904 0.453249
4.505119 -13.827732 -159.188987 -282.971759 -0.356529 -0.512408 0.781233 0.892380 0.060849 0.447163 -0.276667 0.856584 0.435568
7.747851 -15.285273 -148.737183 -165.005810 -0.412233 -0.588554 0.695462 0.898801 -0.137817 0.416130 -0.149068 0.796624 0.585806
0.165423 -7.664400 12.836394 -33.373339 0.035618 0.990196 0.135064 0.811757 -0.107496 0.574017 -0.582908 -0.089194 0.807628
-0.985734 -17.289377 95.727838 -81.940707 0.052608 0.998341 -0.023416 0.249575 -0.035849 -0.967692 0.966925 -0.045064 0.251047
-0.265800 -16.156208 63.296800 -15.572705 0.059194 0.998221 0.007161 0.158260 -0.002302 -0.987395 0.985622 -0.059581 0.158115
0.129669 -14.962153 65.309453 -101.553477 0.041289 0.997342 0.060042 0.425699 0.036806 -0.904116 0.903922 -0.062889 0.423048
-0.937821 -12.716960 22.931613 71.845588 -0.189097 -0.970860 -0.147217 0.979606 -0.196883 0.040115 -0.067931 -0.136629 0.988290
-0.769439 -13.424886 45.797576 68.585618 -0.181068 -0.967810 -0.174809 0.979606 -0.193228 0.055101 -0.087105 -0.161266 0.983059
-0.661371 -12.683844 34.358006 53.970379 -0.214833 -0.961849 -0.169388 0.969044 -0.188326 -0.159646 0.121655 -0.198442 0.972533
1.070739 -16.000007 31.206194 -259.244388 0.174859 0.976519 -0.125840 -0.857974 0.088423 -0.506025 0.483016 -0.196451 -0.853289
0.949180 -16.561794 26.833254 -203.225196 0.171105 0.977718 -0.121616 -0.940449 0.125275 -0.316010 0.293733 -0.168445 -0.940929
0.988586 -18.535605 49.544191 -277.864119 0.183060 0.975616 -0.121092 -0.950117 0.143932 -0.276695 0.252519 -0.165704 -0.953298
-0.851530 -5.830490 -22.128304 -20.338043 -0.095823 0.993148 0.066900 0.904966 0.114911 -0.409673 0.414554 -0.021286 0.909776
-0.766134 -6.015129 12.994495 -53.784435 -0.099995 0.993698 0.050651 0.943874 0.110841 -0.311152 0.314805 -0.016695 0.949009
-0.865768 -6.194291 -4.346570 31.847091 -0.072765 0.996015 0.051577 0.880045 0.088453 -0.466580 0.469283 -0.011439 0.882974
-0.826277 -6.600902 -16.819082 11.144181 -0.054907 0.997346 0.047807 0.841961 0.071983 -0.534715 0.536738 -0.010892 0.843679
-0.686446 -6.264186 7.707016 72.080619 -0.078462 0.996464 0.030068 0.854954 0.082771 -0.512057 0.512735 0.014470 0.858425
1.126683 -21.418229 -15.388463 94.073944 -0.223119 0.967551 -0.118587 -0.057991 0.108263 0.992429 -0.973065 -0.228307 -0.031954
-1.312392 -19.020805 13.311800 -124.663911 -0.254076 0.966882 -0.024179 0.965266 0.251919 -0.069268 0.060883 0.040938 0.997305
-1.383342 -19.294833 3.432265 -235.297410 -0.234666 0.971307 -0.038653 0.970583 0.231916 -0.064686 0.053866 0.052696 0.997157
-1.389839 -16.960233 14.557401 -86.084952 -0.245274 0.966799 -0.071701 0.960202 0.252461 0.119479 -0.133614 0.039542 0.990244
-1.350991 -16.377327 26.968217 93.949772 -0.298921 0.949622 -0.094152 0.900916 0.313359 0.300261 -0.314637 -0.004931 0.949199
-1.495700 -25.157998 31.459562 63.783125 -0.122032 0.990205 -0.067834 0.989764 0.116313 -0.082699 -0.073999 -0.077232 -0.994263
-2.094353 -23.257394 45.451435 200.601935 -0.152761 0.986125 -0.064973 -0.891562 -0.109152 0.439548 -0.426357 -0.125073 -0.895866
-2.710195 -24.336731 -10.211976 254.821636 -0.222235 0.970112 -0.097439 -0.859460 -0.147732 0.489391 -0.460369 -0.192505 -0.866604
