16916
33821
-3.337717 -4.186615 16.018800 42.680060 0.941982 -0.315462 -0.114685 -0.147178 -0.695249 0.703539 0.301675 0.645843 0.701341
-3.673167 -4.999611 26.821039 31.635647 0.920207 -0.377915 -0.101975 -0.150952 -0.582983 0.798339 0.361154 0.719244 0.593512
-3.932501 -6.070749 -12.136352 98.848290 0.798032 0.185550 -0.573338 0.527523 -0.675034 0.515799 0.291316 0.714073 0.636580
-2.825060 -4.340830 -4.232481 23.415009 0.781493 -0.607355 0.142788 -0.487522 -0.451630 0.747230 0.389347 0.653567 0.649044
-2.639895 -5.622151 -37.851185 114.934972 0.865425 0.216328 -0.451932 0.444296 -0.748283 0.492619 0.231606 0.627116 0.743696
-2.625788 -3.505396 -12.357094 36.883051 0.967996 -0.194712 -0.158340 -0.057999 -0.787403 0.613704 0.244173 0.584880 0.773496
-2.466155 -3.655080 2.385888 28.869876 0.738573 -0.638797 0.215519 -0.598057 -0.473246 0.646812 0.311189 0.606610 0.731564
2.535074 -5.812014 43.752838 83.125656 0.849491 0.320149 -0.419368 0.525584 -0.444035 0.725668 -0.046108 0.836862 0.545469
3.985349 -4.541640 72.955328 48.812043 0.825036 0.381646 -0.416729 0.564027 -0.511164 0.648525 -0.034490 0.770102 0.636987
4.694302 -6.768564 73.886402 127.572861 0.837855 0.404741 -0.366311 0.534703 -0.473302 0.700056 -0.109965 0.782413 0.612975
3.672535 -9.067663 65.069521 148.605681 0.876662 0.358977 -0.320313 0.448976 -0.371202 0.812791 -0.172872 0.856355 0.486591
2.027061 -7.633086 27.975473 85.518725 0.892160 0.295899 -0.341312 0.430698 -0.329403 0.840234 -0.136195 0.896626 0.421324
1.988135 -5.762139 -0.519577 43.497055 0.860198 0.272520 -0.431036 0.508497 -0.394398 0.765429 -0.038595 0.877601 0.477836
-3.017324 -4.884048 -5.679365 6.590452 0.979160 0.104177 -0.174337 -0.144580 -0.245294 -0.958607 0.142628 -0.963835 0.225120
-2.992176 -4.720699 -5.375472 7.570405 0.967575 0.121431 -0.221478 -0.209323 -0.105226 -0.972168 0.141357 -0.987007 0.076396
-3.061239 -4.691917 -3.612066 1.271120 0.954468 0.182573 -0.235921 -0.195220 -0.215716 -0.956742 0.225567 -0.959236 0.170252
-0.110148 -2.320366 7.451898 1.049770 0.991369 -0.123268 -0.044640 -0.072509 -0.799216 0.596655 0.109226 0.588268 0.801256
0.176387 -2.407774 9.587588 -1.022035 0.991383 -0.119967 -0.052599 -0.071339 -0.831249 0.551304 0.109861 0.542802 0.832645
0.146124 -2.405102 12.021816 2.970440 0.989236 -0.142137 -0.034761 -0.090160 -0.779187 0.620273 0.115249 0.610463 0.783615
-0.069502 -2.478821 12.445522 7.576039 0.985818 -0.167141 -0.015043 -0.114710 -0.736564 0.666570 0.122491 0.655392 0.745290
-0.231509 -2.239562 4.063705 1.904195 0.993844 -0.094149 -0.058390 -0.038578 -0.788175 0.614241 0.103852 0.608207 0.786955
-0.154720 -2.306001 0.262538 -5.296451 0.994965 -0.068702 -0.072967 -0.016724 -0.831671 0.555017 0.098816 0.551002 0.828633
-0.033909 -2.361964 8.694868 -2.880329 0.991994 -0.108202 -0.065120 -0.056722 -0.842463 0.535760 0.112832 0.527777 0.841855
-0.416969 -3.731851 3.717095 -13.539422 0.958337 -0.283702 -0.033211 -0.285614 -0.950215 -0.124563 -0.003781 -0.128858 0.991656
-0.383568 -4.009614 5.312324 -4.334770 0.969800 -0.241412 -0.034752 -0.242372 -0.937965 -0.247945 -0.027261 -0.248880 0.968151
-0.464865 -3.994866 8.271980 -9.448997 0.951902 -0.300448 -0.060106 -0.306165 -0.940388 -0.148097 0.012028 -0.159376 0.987145
-0.239822 -3.646467 -6.310038 -10.472139 0.965740 -0.259497 -0.002700 -0.256513 -0.952957 -0.161474 -0.039329 -0.156634 0.986873
0.445241 -3.434580 -73.824813 -3.395858 0.995011 -0.022059 -0.097295 -0.009313 -0.991527 0.129567 0.099329 0.128014 0.986786
-0.507369 -3.300681 -52.821882 -2.750250 0.993964 -0.006364 -0.109518 0.016652 -0.977996 0.207959 0.108431 0.208528 0.971987
0.706903 -3.285790 -67.114911 -3.783075 0.994267 0.001489 -0.106919 0.027942 -0.968780 0.246344 0.103215 0.247919 0.963267
1.767955 -3.413054 -56.645021 -2.746712 0.990091 -0.025369 -0.138115 -0.000373 -0.984018 0.178067 0.140425 0.176251 0.974277
1.581261 -3.516958 -59.288143 7.234172 0.990921 -0.042332 -0.127606 0.030279 0.995021 -0.094957 0.130990 0.090231 0.987269
0.340495 -2.974906 -10.698189 4.691736 0.923964 0.023000 -0.381787 0.297652 0.583619 0.755508 -0.240194 0.811702 -0.532398
0.266351 -3.142519 -5.556437 -8.952548 0.929801 0.009426 -0.367943 0.310055 0.518627 0.796801 -0.198336 0.854948 -0.479297
0.211106 -2.918402 -11.105387 2.301901 0.909438 0.005829 -0.415798 0.353116 0.517248 0.779592 -0.219615 0.855816 -0.468347
0.053310 -4.271204 1.839081 1.185560 0.998362 -0.056868 -0.006225 -0.048194 -0.777431 -0.627119 -0.030824 -0.626392 0.778898
0.086494 -4.295561 2.529113 -5.489298 0.997589 -0.067688 -0.015293 -0.060439 -0.739216 -0.670751 -0.034097 -0.670059 0.741525
0.094111 -4.078807 2.626986 -1.237830 0.998800 -0.048966 -0.000740 -0.039392 -0.794350 -0.606182 -0.029094 -0.605484 0.795325
0.077178 -3.933607 4.739818 -8.646102 0.999417 -0.033984 -0.003395 -0.030861 -0.856007 -0.516043 -0.014631 -0.515847 0.856556
1.070955 -7.577019 0.432572 -13.205244 0.979134 -0.069550 -0.190943 -0.203066 -0.298783 -0.932466 -0.007803 -0.951783 0.306672
1.185481 -7.242973 4.124221 -69.527613 0.979731 -0.050151 -0.193939 -0.191197 -0.522929 -0.830656 0.059758 -0.850900 0.521918
1.093546 -7.857212 0.905757 -23.811678 0.977443 -0.039264 -0.207518 -0.208309 -0.341265 -0.916595 0.034829 -0.939147 0.341746
-0.379201 -10.047834 4.618896 78.031982 0.994668 0.040785 -0.094721 0.101197 -0.562955 0.820269 0.019869 0.825480 0.564081
-0.177607 -10.164381 7.564357 57.680628 0.990915 0.030769 -0.130922 0.131936 -0.411208 0.901943 0.026084 0.911022 0.411531
-0.299195 -10.247567 7.000463 29.687146 0.994295 0.030955 -0.102078 0.106654 -0.304101 0.946651 0.001739 0.952137 0.305668
-0.063290 -10.294038 10.872702 -33.463524 0.992650 0.018453 -0.119604 0.120745 -0.084542 0.989077 -0.008140 0.996249 0.086148
-0.435537 -10.356377 0.421922 46.077266 0.995039 0.051550 -0.085088 0.097986 -0.359910 0.927827 -0.017205 0.931562 0.363176
-0.213679 -10.424151 0.616442 -58.943257 0.994494 0.052297 -0.090813 0.093490 -0.051249 0.994300 -0.047344 0.997316 0.055856
0.407982 -9.580511 0.738364 82.667909 0.973286 -0.031567 -0.227414 0.147846 0.843978 0.515599 -0.175656 0.535448 -0.826100
0.342757 -9.765275 -8.679724 86.400591 0.968677 -0.012569 -0.248006 0.166742 0.773006 0.612094 -0.184016 0.634274 -0.750889
0.260923 -11.265640 -12.561692 79.177364 0.961933 -0.012311 -0.273009 0.112830 0.927758 0.355716 -0.248908 0.372979 -0.893830
1.439559 -4.150417 21.909009 13.718813 0.928948 0.114975 -0.351904 0.180481 0.689296 0.701639 -0.323237 0.715298 -0.619570
0.983328 -4.218562 14.470570 2.182052 0.937860 0.132754 -0.320615 0.111035 0.760553 0.639711 -0.328769 0.635559 -0.698552
0.776593 -3.828599 11.519836 11.293145 0.932753 0.087824 -0.349654 0.193043 0.697443 0.690150 -0.304475 0.711238 -0.633589
1.235717 -3.720151 17.148597 22.351447 0.922462 0.077144 -0.378302 0.257527 0.607075 0.751758 -0.287651 0.790891 -0.540136
1.617405 -1.445743 -21.576735 0.849706 0.200993 0.127301 -0.971286 -0.632498 0.774002 -0.029442 0.748029 0.620254 0.236086
1.641957 -1.364098 -19.882860 -0.841793 0.265196 0.084579 -0.960478 -0.579248 0.810324 -0.088579 0.770806 0.579846 0.263887
1.211217 -1.205751 -9.442419 -8.245588 0.324193 0.029124 -0.945542 -0.577525 0.797736 -0.173442 0.749242 0.602303 0.275440
-0.154678 -4.934250 15.787842 71.139728 0.997938 0.063096 0.011765 -0.049980 0.648917 0.759216 -0.040268 0.758238 -0.650733
-0.170261 -3.970588 10.167835 61.714297 0.997316 0.072535 -0.009970 -0.034266 0.582738 0.811938 -0.064704 0.809417 -0.583659
0.115728 -3.680267 13.715403 33.587888 0.996923 0.078027 0.007451 -0.051454 0.579763 0.813159 -0.059128 0.811041 -0.581994
0.219072 -4.942651 13.828307 61.544557 0.994568 0.100980 0.025256 -0.087153 0.675183 0.732484 -0.056913 0.730706 -0.680316
0.222470 -4.656495 5.379012 6.296392 -0.938378 0.058641 0.340599 -0.020260 0.974472 -0.223593 -0.345016 -0.216715 -0.913235
0.358721 -4.776070 8.338724 2.371303 -0.939923 0.091293 0.328952 -0.021416 0.945914 -0.323710 -0.340713 -0.311307 -0.887132
0.458797 -4.752572 4.298562 1.263264 -0.944926 0.067768 0.320191 0.005144 0.981282 -0.192508 -0.327244 -0.180259 -0.927587
0.289744 -2.155952 -5.113121 -11.310388 0.983040 0.071815 -0.168748 0.160110 -0.784775 0.598742 0.089430 0.615606 0.782963
0.372312 -2.503756 -6.298025 -12.516856 0.986742 0.050932 -0.154099 0.128540 -0.824928 0.550428 0.099086 0.562938 0.820538
0.159677 -2.293377 -3.674304 -10.867422 0.987516 0.047124 -0.150302 0.126306 -0.807047 0.576821 0.094119 0.588604 0.802924
0.045044 -1.984347 -5.427419 -9.238687 0.987026 0.058707 -0.149441 0.139501 -0.774367 0.617167 0.079490 0.630007 0.772510
0.227450 -1.776210 -5.659617 -14.922362 0.981323 0.082300 -0.173874 0.176933 -0.740891 0.647900 0.075499 0.666563 0.741615
-0.255444 -4.398906 1.557231 -8.686009 0.956656 0.020785 -0.290478 0.283022 0.168657 0.944168 -0.068616 0.985456 -0.155464
-0.039502 -4.022032 6.965601 -5.031880 0.934631 0.001723 -0.355614 0.349027 0.187197 0.918225 -0.068152 0.982321 -0.174359
-0.014086 -3.763058 9.575509 -11.388101 0.929938 -0.006528 -0.367659 0.353829 0.288073 0.889842 -0.100103 0.957586 -0.270200
0.887742 -10.980810 8.500242 38.220247 -0.839678 0.294074 0.456575 0.059733 0.885616 -0.460561 -0.539790 -0.359450 -0.761198
0.805487 -9.829538 5.100521 83.585987 -0.851963 0.283847 0.439989 0.204256 0.953904 -0.219879 -0.482120 -0.097458 -0.870668
0.687659 -10.181561 3.694175 96.209221 -0.838823 0.305595 0.450542 0.193069 0.940783 -0.278660 -0.509020 -0.146761 -0.848151
0.594525 -11.500949 9.082509 74.113796 -0.823235 0.312329 0.474063 0.083738 0.892729 -0.442745 -0.561491 -0.324786 -0.761079
0.755962 -11.827652 -10.018312 -14.448496 0.825965 -0.300603 -0.476885 -0.104332 0.749828 -0.653355 -0.553982 -0.589403 -0.587970
0.056375 -15.358745 -4.578238 -14.560074 0.671775 -0.642502 -0.368658 0.687999 0.356719 0.631988 -0.274547 -0.678190 0.681676
-0.123530 -14.037254 -12.433501 -19.419422 0.684894 -0.637572 -0.352735 0.685068 0.398555 0.609783 -0.248197 -0.659284 0.709748
0.092336 -15.202407 -8.220145 114.427253 0.711645 -0.613836 -0.341711 -0.700167 -0.579761 -0.416705 -0.057678 -0.535801 0.842372
0.190825 -2.717677 4.537719 12.409998 0.965437 -0.068450 -0.251486 -0.259312 -0.155186 -0.953244 -0.026223 -0.985511 0.167573
0.367359 -2.305966 7.552760 8.653114 0.981239 -0.055610 -0.184602 -0.188023 -0.064287 -0.980058 -0.042634 -0.996381 0.073537
0.394394 -2.571248 9.300712 10.540478 0.964712 -0.076457 -0.251963 -0.258388 -0.090780 -0.961766 -0.050660 -0.992932 0.107332
0.335594 -2.944005 8.809776 13.259363 0.940634 -0.094653 -0.325958 -0.337712 -0.164691 -0.926729 -0.034036 -0.981793 0.186879
0.444996 -7.926783 -11.085244 45.278553 -0.271886 0.851481 0.448395 0.583498 0.516390 -0.626795 0.765251 -0.091221 0.637236
-1.523481 -81.804683 42.825264 2187.188665 0.133039 0.984078 0.117861 0.627682 0.008374 -0.778424 0.767017 -0.177540 0.616574
-1.734496 -29.584589 22.252441 791.572288 0.017460 0.961107 0.275622 0.710893 0.181911 -0.679367 0.703083 -0.207800 0.680069
-1.654920 -43.444084 -4.706961 1108.879091 0.047942 0.954125 0.295546 0.823340 0.129774 -0.552512 0.565520 -0.269824 0.779347
0.715487 -8.129873 -11.842554 35.684396 -0.315211 0.835919 0.449311 0.678490 0.529528 -0.509168 0.663546 -0.144357 0.734076
-1.415872 -41.217064 -1.468837 1181.083476 0.038434 0.939706 0.339816 0.807457 0.171131 -0.564559 0.588673 -0.296085 0.752195
-0.351905 -25.293623 -9.548894 605.276128 -0.022471 0.925046 0.379189 0.798695 0.244738 -0.549717 0.601316 -0.290504 0.744330
-0.048222 -3.992231 10.044627 9.029225 0.950332 -0.293652 -0.103136 -0.164061 -0.754240 0.635772 0.264485 0.587274 0.764956
-0.043403 -3.964194 5.141727 -20.412733 0.954336 -0.280755 -0.102070 -0.103590 -0.631489 0.768434 0.280198 0.722771 0.631737
-0.291666 -4.078468 11.803512 -10.070901 0.954077 -0.277610 -0.112564 -0.116787 -0.690726 0.713624 0.275860 0.667706 0.691427
-0.069485 -3.919700 16.285031 20.850451 0.950431 -0.283736 -0.127182 -0.163769 -0.804494 0.570937 0.264313 0.521808 0.811083
-0.034222 -3.936483 15.611338 26.816165 0.951754 -0.276060 -0.133997 -0.170166 -0.838181 0.518166 0.255359 0.470364 0.844719
-0.004692 -4.170019 0.914884 19.385498 0.956840 -0.272179 -0.101860 -0.173211 -0.815555 0.552149 0.233355 0.510675 0.827500
-2.226458 -3.745626 -19.697082 -17.615307 -0.853297 0.308596 0.420301 0.348498 0.937107 0.019473 -0.387858 0.163091 -0.907176
-2.315868 -3.217101 -18.342638 -2.678227 -0.803844 0.453019 0.385497 0.443424 0.888337 -0.119301 -0.396497 0.075039 -0.914964
-2.669487 -2.901561 -11.622025 -35.085185 -0.777642 0.399277 0.485645 0.396737 0.910875 -0.113606 -0.487722 0.104329 -0.866743
-2.561749 -4.391164 4.178668 5.425781 -0.019626 0.998742 0.046151 -0.859860 0.006692 -0.510486 0.510153 0.049702 -0.858647
-2.547201 -4.389351 -3.309037 2.950931 -0.024749 0.993017 0.115342 -0.873036 0.034740 -0.486416 0.487027 0.112736 -0.866081
-2.557848 -4.481791 0.156135 4.359882 -0.045601 0.994657 0.092620 -0.808507 0.017707 -0.588221 0.586718 0.101707 -0.803379
-4.480901 -59.124721 -36.000797 -2136.860385 0.892124 -0.324168 -0.314688 -0.142032 0.459983 -0.876494 -0.428883 -0.826638 -0.364320
-3.193217 -11.066655 82.907373 -389.195734 -0.773666 0.540373 0.330815 0.232815 0.728056 -0.644773 -0.589270 -0.421820 -0.689079
-4.173258 -14.747888 68.901690 -438.800389 -0.867942 0.372930 0.328025 0.166139 0.840409 -0.515859 -0.468055 -0.393238 -0.791384
-14.747804 -55.626471 -65.320702 1841.843252 0.875398 -0.312493 -0.368817 0.404001 0.891900 0.203218 -0.265444 0.326899 -0.907015
-0.172674 -1.235280 -7.800552 -2.363902 0.913635 -0.314258 0.257900 -0.149479 0.330265 0.931977 0.378056 0.890038 -0.254766
-0.065146 -1.243175 -9.025048 -3.929867 0.908441 -0.291230 0.299866 -0.176861 0.382204 0.906995 0.378754 0.876987 -0.295703
0.155697 -1.157909 -7.012354 -5.437340 0.901796 -0.291193 0.319328 -0.200351 0.373004 0.905940 0.382914 0.880951 -0.278033
0.074432 -1.262193 -9.092153 -7.396469 0.897924 -0.283252 0.336900 -0.232345 0.345058 0.909368 0.373830 0.894820 -0.244024
-0.321056 -3.844178 -7.334227 -13.741383 -0.953711 0.297801 0.041829 0.298434 0.954381 0.009648 -0.037048 0.021685 -0.999078
-0.173913 -3.596554 0.474253 -14.801881 -0.963141 0.262073 0.060647 0.257878 0.963706 -0.069059 -0.076545 -0.050874 -0.995767
-0.316189 -3.913299 -2.417890 -11.601228 0.960840 -0.268514 -0.068453 0.271800 0.961340 0.044162 -0.053949 0.061038 -0.996676
1.763301 -4.601963 15.380289 -3.368849 0.866501 -0.496187 -0.054543 -0.168269 -0.187471 -0.967750 -0.469960 -0.847734 0.245937
2.352999 -4.320187 16.626968 -8.423140 0.833365 -0.546754 -0.081008 -0.165215 -0.106550 -0.980485 -0.527453 -0.830486 0.179127
2.486621 -4.577471 22.274272 3.857039 0.828192 -0.557749 -0.054904 -0.208119 -0.215107 -0.954157 -0.520369 -0.801652 0.294228
0.666341 -3.722631 7.312417 -7.670877 0.948450 -0.314986 0.035027 -0.314732 -0.923121 0.220889 0.037243 0.220526 0.974670
0.315233 -3.815231 12.367336 -6.430344 0.956923 -0.290340 -0.001236 -0.278783 -0.920005 0.275446 0.081110 0.263236 0.961316
0.508286 -3.970905 10.220752 -6.996010 0.949549 -0.313395 0.011876 -0.311697 -0.938862 0.146230 0.034678 0.142554 0.989179
0.651457 -4.281349 6.928938 -9.870080 0.941875 -0.335446 0.018666 -0.335824 -0.941634 0.023415 -0.009722 0.028322 0.999552
0.772395 -3.961879 4.915332 -8.304602 0.942692 -0.331185 0.040595 -0.333627 -0.933776 0.129443 0.004963 0.135569 0.990755
-1.866938 -5.926696 -23.471722 110.111035 0.920952 0.388618 0.028710 0.287843 -0.728095 0.622113 -0.262668 0.564672 0.782401
-2.113963 -5.820775 10.250185 122.298199 0.977891 0.208883 0.009877 0.165447 -0.801706 0.574365 -0.127893 0.560032 0.818540
-2.485567 -7.372338 -3.110728 93.625837 0.954543 0.297847 0.011609 0.196805 -0.659018 0.725922 -0.223865 0.690639 0.687679
-2.158772 -7.994209 -30.231319 67.282433 0.920442 0.387683 0.049885 0.194380 -0.564706 0.802075 -0.339122 0.728566 0.595136
-2.661737 -9.622929 -0.968604 58.223303 0.961708 0.268235 0.056276 0.082884 -0.480354 0.873149 -0.261241 0.835051 0.484193
1.753005 -8.100926 5.463462 -59.391270 0.948819 0.313918 -0.034620 0.314871 -0.931760 0.180774 -0.024491 0.182422 0.982915
1.399765 -6.555611 -8.609314 -47.727901 0.950815 0.309034 0.021171 0.282615 -0.893448 0.349112 -0.126803 0.325958 0.936842
1.675366 -6.863365 -3.782750 -54.271021 0.947665 0.315694 -0.047632 0.313094 -0.889743 0.332159 -0.062481 0.329689 0.942020
-0.288833 -4.056406 5.918993 9.907838 0.981020 -0.190690 -0.035169 -0.151552 -0.867165 0.474401 0.120961 0.460067 0.879606
-0.206153 -3.876642 6.896720 -3.973659 0.975658 -0.218322 -0.020652 -0.194864 -0.906300 0.375030 0.100594 0.361877 0.926783
-0.071415 -3.774414 8.364009 8.379109 0.973146 -0.229100 -0.022343 -0.198718 -0.885128 0.420785 0.116178 0.405046 0.906885
-0.186062 -4.151681 4.452379 17.272671 0.982624 -0.180103 -0.044862 -0.128787 -0.835651 0.533948 0.133654 0.518893 0.844326
1.041288 -2.705381 37.690517 3.552979 0.853951 -0.310418 -0.417623 0.479845 0.159310 0.862768 0.201287 0.937156 -0.284995
0.413120 -2.775694 33.870968 3.981346 0.857379 -0.325796 -0.398444 0.468177 0.172096 0.866714 0.213802 0.929645 -0.300082
0.691168 -2.450110 34.049528 7.868743 0.858666 -0.312228 -0.406455 0.453128 0.091866 0.886699 0.239513 0.945555 -0.220362
0.809412 -2.901283 29.138100 4.350801 0.858781 -0.309223 -0.408505 0.486778 0.243733 0.838833 0.159821 0.919225 -0.359836
0.358073 -4.890006 9.567272 -6.363208 0.933151 -0.359285 0.011936 -0.186567 -0.512408 -0.838231 -0.307280 -0.779970 0.545185
0.375515 -4.746140 16.242459 8.835071 0.940722 -0.339137 0.005333 -0.213856 -0.605267 -0.766758 -0.263264 -0.720165 0.641915
-0.055525 -4.951773 9.366729 3.433748 0.944317 -0.326326 0.042146 -0.169836 -0.593111 -0.787004 -0.281817 -0.736023 0.615507
-0.007255 -4.965764 9.366427 -8.089222 0.940535 -0.338686 0.026205 -0.157559 -0.503282 -0.849637 -0.300948 -0.794984 0.526717
0.227080 -4.883629 12.990177 0.666505 0.936528 -0.350589 -0.001385 -0.143620 -0.380044 -0.913750 -0.319824 -0.855952 0.406274
-0.011652 -6.095017 -3.476160 28.355266 0.981589 -0.188849 0.028609 -0.148269 -0.658951 0.737428 0.120410 0.728093 0.674820
0.073964 -6.926531 0.077689 13.520066 0.986250 -0.164913 -0.010665 -0.076134 -0.510699 0.856382 0.146675 0.843795 0.516233
-0.085274 -7.000297 9.350222 31.743067 0.978648 -0.205283 0.010302 -0.129234 -0.575576 0.807472 0.159831 0.791562 0.589816
1.100133 -2.623817 -55.532417 15.882594 0.989595 0.063720 -0.129004 0.029749 0.786604 0.616741 -0.140773 0.614162 -0.776523
0.074187 -2.859852 -53.871962 11.855241 0.985753 0.019727 -0.167039 0.078993 0.822470 0.563296 -0.148497 0.568466 -0.809194
1.784859 -3.103014 -55.560264 7.948316 0.991469 0.033180 -0.126045 0.041685 0.835541 0.547844 -0.123493 0.548425 -0.827030
2.362347 -2.844471 -38.376445 14.668522 0.998451 0.033503 -0.044415 0.000203 0.796145 0.605106 -0.055633 0.604178 -0.794905
2.990182 -0.708930 -194.228815 -110.318448 -0.479233 0.091738 -0.872880 0.824376 -0.294282 -0.483531 -0.301231 -0.951306 0.065403
0.796694 -5.564897 15.746289 -52.984008 0.943896 -0.206236 0.257928 0.273788 0.051963 -0.960385 -0.184663 -0.977121 -0.105513
0.305156 -4.398424 38.320737 -67.992224 0.788423 -0.263819 0.555687 0.571139 -0.021536 -0.820571 -0.228449 -0.964332 -0.133698
4.555549 0.026404 -333.988077 -74.188181 -0.652302 -0.026426 -0.757498 0.744503 -0.209813 -0.633793 -0.142185 -0.977384 0.156536
1.950002 -2.776184 -39.221796 -79.115486 -0.463575 0.297921 -0.834471 0.809813 -0.239741 -0.535469 -0.359585 -0.923995 -0.130123
0.053137 -89.883532 -39.403689 -3141.489995 0.932520 -0.353539 0.073592 0.247495 0.774100 0.582679 0.262967 0.525147 -0.809363
-0.427048 -19.782681 13.457100 -314.218527 0.911294 -0.411533 0.013580 0.379676 0.852597 0.359060 0.159343 0.322053 -0.933216
0.463088 -42.327714 -19.309641 -1048.206619 0.897087 -0.440580 -0.033529 0.361827 0.688939 0.628048 0.253606 0.575545 -0.777452
-0.630574 -18.648462 10.891973 -297.679567 0.893830 -0.447640 -0.026183 0.431271 0.842220 0.323528 0.122772 0.300471 -0.945856
1.514760 -34.231496 -70.577397 -830.282171 0.896775 -0.435538 -0.078112 0.399486 0.721001 0.566187 0.190277 0.538947 -0.820567
1.971486 -34.711687 -55.009056 -659.037288 0.893079 -0.429551 -0.133777 0.331405 0.427004 0.841331 0.304272 0.795709 -0.523703
0.439087 -8.832608 8.246502 71.440960 0.986777 -0.129378 -0.097637 0.145902 0.971390 0.187387 -0.070600 0.199155 -0.977422
0.632084 -8.989740 16.809439 69.561676 0.989452 -0.115140 -0.087909 0.128720 0.977190 0.168910 -0.066455 0.178444 -0.981703
0.420341 -9.291717 -12.520477 57.077273 -0.988709 0.121568 0.087613 0.123732 0.992120 0.019683 -0.084530 0.030301 -0.995960
1.410164 -3.411500 41.060103 17.623356 0.972622 -0.120964 0.198428 -0.039271 0.756021 0.653369 0.229050 0.643273 -0.730572
2.012832 -3.418940 50.808388 14.996505 0.976204 -0.127040 0.175748 -0.005417 0.795898 0.605407 0.216788 0.591953 -0.776270
0.914442 -3.764791 37.845457 11.897187 0.973679 -0.154950 0.167151 0.023565 0.797873 0.602365 0.226701 0.582571 -0.780524
2.458320 -48.086657 -9.542330 1441.985241 0.137489 0.878397 0.457729 -0.014754 -0.460250 0.887667 -0.990393 0.128797 0.050319
7.689679 -108.726049 416.503722 -2502.920431 0.078993 0.550143 0.831326 0.145788 0.818590 -0.555568 -0.986157 0.165084 -0.015541
2.246965 -183.320930 -122.021373 5861.170009 0.141424 0.962015 0.233507 -0.026033 -0.232182 0.972324 -0.989607 0.143589 0.007792
-0.919286 -6.485470 6.552045 132.113862 0.122779 0.937234 0.326371 0.010498 -0.330067 0.943899 -0.992379 0.112464 0.050364
-15.485274 -39.415717 279.850573 785.851376 0.967775 -0.099769 -0.231210 -0.216374 0.140238 -0.966186 -0.128820 -0.985078 -0.114132
-8.596178 -30.870966 137.884130 78.764329 0.982377 0.028915 -0.184658 -0.177134 -0.171265 -0.969171 0.059649 -0.984801 0.163126
-12.201026 -35.017960 211.686228 -558.385191 0.990639 -0.026121 -0.133984 -0.131739 -0.440051 -0.888256 0.035758 -0.897593 0.439373
0.522528 -3.753648 -2.974985 -8.232739 0.925741 -0.362552 -0.107515 0.376686 0.859030 0.346663 0.033325 0.361420 -0.931807
0.413580 -4.046489 -17.498706 -5.484904 0.932100 -0.330537 -0.148104 0.362130 0.842371 0.399091 0.007156 0.425625 -0.904871
0.405663 -3.863042 -13.516398 -12.139109 0.947344 -0.300014 -0.111938 0.318676 0.917553 0.237786 -0.031369 0.260938 -0.964846
0.584942 -4.173477 3.051692 -3.988973 0.909980 -0.396350 -0.121832 0.402032 0.771404 0.493261 0.101522 0.497838 -0.861307
-4.733802 -6.343859 12.660730 67.534832 0.808952 0.056277 -0.585175 0.486088 -0.623863 0.611975 0.330629 0.779505 0.532031
-3.996794 -5.858432 29.235846 25.668279 0.922028 -0.327296 -0.206743 0.018930 -0.495291 0.868521 0.386661 0.804714 0.450476
-3.064039 -5.192906 -7.293881 29.672539 0.870422 -0.491990 -0.017658 -0.245498 -0.464861 0.850667 0.426729 0.736104 0.525408
5.918224 -5.880199 67.592656 100.648523 0.804848 0.500192 -0.319418 0.570623 -0.504280 0.648144 -0.163120 0.703925 0.691290
3.217798 -3.769619 75.162972 -8.168575 0.826642 0.329194 -0.456393 0.560761 -0.549650 0.619219 0.047013 0.767800 0.638963
5.072300 -3.775871 74.144056 35.918424 0.809743 0.450292 -0.376235 0.584762 -0.566048 0.581071 -0.048685 0.690526 0.721667
-2.736329 -4.499345 -10.216833 -9.654451 0.981213 0.104866 -0.161936 -0.007047 -0.819328 -0.573281 0.192797 -0.563653 0.803197
-2.565868 -4.488957 -9.278044 -10.690596 0.990548 0.030633 -0.133701 -0.049729 -0.828226 -0.558183 0.127834 -0.559556 0.818874
-2.732946 -4.798343 -9.799325 -9.230691 0.987597 0.080432 -0.134846 -0.031254 -0.740933 -0.670851 0.153869 -0.666745 0.729229
-3.016248 -4.773416 -7.273660 -10.734653 0.962518 0.213620 -0.167107 0.051924 -0.749882 -0.659531 0.266200 -0.626134 0.732867
-0.348522 -2.276211 5.610520 6.648613 0.988952 -0.147773 -0.011700 -0.103187 -0.742932 0.661366 0.106424 0.652852 0.749972
0.474138 -2.613538 24.159029 8.328765 0.985466 -0.165569 -0.037985 -0.089401 -0.695645 0.712801 0.144442 0.699046 0.700337
-0.021821 -2.731997 17.966025 9.742679 0.974821 -0.221263 0.027701 -0.168828 -0.651176 0.739910 0.145677 0.725956 0.672135
0.638122 -2.485045 19.751800 2.917820 0.990316 -0.127704 -0.054462 -0.058840 -0.741387 0.668493 0.125746 0.658815 0.741721
-0.333939 -4.329737 2.832390 0.074012 0.959044 -0.278287 -0.052826 -0.282059 -0.921101 -0.268356 -0.026022 -0.272265 0.961870
-0.271118 -4.125924 13.840050 -0.597488 0.976397 -0.210560 -0.048102 -0.214083 -0.914012 -0.344601 -0.028594 -0.346765 0.937516
-0.303680 -3.865187 -4.042935 -1.319969 0.976485 -0.215551 0.003757 -0.203632 -0.927931 -0.312214 -0.070784 -0.304107 0.950004
-0.378267 -4.010640 4.778117 3.263072 0.980591 -0.195904 -0.007979 -0.183973 -0.905273 -0.382928 -0.067795 -0.376964 0.923744
-0.282527 -3.145033 -40.137982 -2.640483 0.992114 0.022616 -0.123280 0.063035 -0.940176 0.334806 0.108333 0.339936 0.934188
-1.115986 -3.219031 -10.038045 -3.360052 0.985082 0.011640 -0.171692 0.057749 -0.962214 0.266100 0.162107 0.272045 0.948532
0.706092 -1.972458 -15.556285 18.233647 -0.479695 -0.135133 0.866967 0.862394 -0.254776 0.437453 0.161768 0.957511 0.238753
0.343019 -1.634640 -8.478043 18.416300 -0.583999 -0.102693 0.805232 0.783454 -0.330948 0.525998 0.212474 0.938044 0.273729
0.636738 -1.447165 -17.165919 19.236826 -0.484666 -0.134162 0.864349 0.847896 -0.314808 0.426577 0.214874 0.939626 0.266332
0.396618 -2.097920 -3.096218 15.221694 -0.561883 -0.122239 0.818135 0.810961 -0.276504 0.515643 0.163186 0.953207 0.254494
0.888931 -1.788298 -4.089177 19.036462 -0.389454 -0.185285 0.902217 0.908818 -0.236392 0.343756 0.149584 0.953828 0.260454
0.857578 -2.637169 -14.051740 19.148460 -0.504293 -0.130918 0.853551 0.856900 -0.198140 0.475881 0.106821 0.971391 0.212104
1.349791 -2.661647 -20.648307 24.936930 -0.431786 -0.162655 0.887189 0.896906 -0.181572 0.403227 0.095502 0.969832 0.224287
0.108563 -3.988891 -2.094719 -2.383143 0.997619 -0.068938 0.002112 -0.053984 -0.799546 -0.598173 -0.042926 -0.596635 0.801364
0.119934 -4.093445 2.072610 -5.534346 0.996672 -0.080500 -0.012817 -0.069874 -0.762751 -0.642906 -0.041978 -0.641662 0.765838
0.068449 -3.806450 -1.065813 -10.611357 0.997296 -0.073268 -0.005749 -0.065061 -0.843782 -0.532728 -0.034181 -0.531661 0.846267
1.215499 -6.457343 2.725303 -42.970939 0.982734 -0.065462 -0.173058 -0.173980 -0.645262 -0.743887 0.062971 -0.761152 0.645510
1.147070 -6.676415 1.025845 -55.294692 0.982903 -0.037192 -0.180328 -0.160429 -0.653599 -0.739642 0.090354 -0.755926 0.648392
0.147349 -10.053887 8.429148 -4.726310 0.986546 0.036072 -0.159456 0.163076 -0.148176 0.975423 -0.011558 0.988303 0.152065
-0.168849 -10.000645 5.149359 63.528968 0.987854 0.038429 -0.150561 0.152077 -0.438048 0.885995 0.031905 0.898130 0.438571
-0.407339 -9.307030 -0.495630 54.299852 0.989562 0.049963 -0.135167 0.138250 -0.593814 0.792636 0.040661 0.803049 0.594524
0.679932 -8.981275 -11.696809 62.323676 0.970632 -0.032149 -0.238412 0.168580 0.797901 0.578735 -0.171624 0.601930 -0.779888
0.587864 -10.003670 -8.439570 82.177541 0.969450 -0.033356 -0.243011 0.130199 0.909603 0.394552 -0.207883 0.414138 -0.886157
0.867215 -10.053319 -16.206278 76.778326 0.969887 -0.049649 -0.238442 0.168724 0.842999 0.510769 -0.175647 0.535619 -0.825991
0.694287 -4.301983 9.868667 1.624151 0.942094 0.156704 -0.296483 0.046670 0.814237 0.578654 -0.332085 0.558983 -0.759774
1.614105 -4.424779 37.917647 2.750964 0.938886 0.139410 -0.314735 0.070406 0.817219 0.572011 -0.336951 0.559212 -0.757460
11.351497 -4.230351 386.152072 23.361543 0.874237 -0.109096 -0.473084 0.311022 0.874069 0.373188 -0.372794 0.473394 -0.798074
1.224737 -4.315479 32.834707 1.844773 0.944918 0.170469 -0.279411 -0.013956 0.873874 0.485952 -0.327010 0.455285 -0.828118
1.370216 -1.318040 3.800909 -1.834419 0.377529 -0.017554 -0.925831 -0.539942 0.808087 -0.235495 0.752286 0.588801 0.295598
-0.365656 -5.503480 6.303509 72.332934 0.998103 0.043031 -0.044030 0.003487 0.674513 0.738254 -0.061467 0.737007 -0.673084
0.460176 -2.853006 -8.744245 -8.413894 0.991200 0.025229 -0.129949 0.083555 -0.880647 0.466347 0.102674 0.473101 0.875005
0.547335 -2.756078 -8.164559 -11.538621 0.985391 0.053260 -0.161764 0.130080 -0.848451 0.513039 0.109924 0.526587 0.842985
0.730541 -3.050989 -7.624226 -5.125373 0.986080 0.043365 -0.160516 0.107454 -0.902909 0.416183 0.126883 0.427638 0.895001
0.604381 -2.449437 -7.036529 -12.107478 0.978478 0.076515 -0.191641 0.174037 -0.804986 0.567194 0.110869 0.588340 0.800977
0.690526 -2.905250 -0.188070 -8.085324 0.977309 0.059427 -0.203311 0.151766 -0.866035 0.476394 0.147764 0.496440 0.855403
-0.286564 -4.692155 3.013617 -18.252656 0.959801 0.012059 -0.280423 0.278697 0.077679 0.957233 -0.033327 0.996905 -0.071196
0.771443 -9.754185 8.746660 50.171802 -0.869058 0.246583 0.428877 0.212525 0.968940 -0.126442 -0.446735 -0.018738 -0.894470
0.577441 -8.648499 4.711559 56.529238 -0.870880 0.237628 0.430234 0.255779 0.966601 -0.016128 -0.419697 0.096000 -0.902573
0.484539 -8.461683 3.100759 70.990537 -0.847960 0.288462 0.444694 0.276635 0.956470 -0.092941 -0.452147 0.044208 -0.890847
-0.088097 -14.233441 -19.927567 96.751366 0.729884 -0.611816 -0.304879 -0.681326 -0.615006 -0.396942 -0.055353 -0.497443 0.865729
0.324169 -1.212365 -8.265195 -4.965243 0.988350 0.053611 -0.142443 0.139835 -0.689349 0.710805 0.060086 0.722442 0.688815
0.372062 -1.488056 -6.347522 -13.746987 0.979095 0.086227 -0.184225 0.189979 -0.711258 0.676771 0.072676 0.697622 0.712770
0.082721 -1.333452 -6.017543 -5.324164 0.994964 0.015947 -0.098958 0.082055 -0.696595 0.712757 0.057567 0.717287 0.694396
0.620893 -1.226926 -7.350971 -15.023172 0.976430 0.081669 -0.199787 0.200042 -0.690001 0.695617 0.081043 0.719187 0.690075
0.056312 -1.260323 -6.289906 7.939105 0.998449 -0.047144 -0.029627 -0.010299 -0.679284 0.733803 0.054719 0.732359 0.678716
0.538249 -1.017653 -11.563069 -1.182261 0.988610 0.045263 -0.143533 0.135691 -0.680617 0.719964 0.065104 0.731240 0.679006
0.232727 -1.268417 -10.448382 10.268439 0.998005 -0.018317 -0.060418 0.032334 -0.673657 0.738336 0.054225 0.738817 0.671721
0.436323 -2.982042 26.722833 -0.393383 0.951214 -0.291296 0.101680 -0.198855 -0.326850 0.923919 0.235900 0.899064 0.368830
0.385165 -3.003966 19.961937 -3.222277 0.962441 -0.259467 0.079902 -0.184771 -0.410371 0.893003 0.198916 0.874227 0.442900
1.259013 -2.992323 31.572658 -1.504195 0.974243 -0.224009 0.025883 -0.110681 -0.375022 0.920385 0.196468 0.899543 0.390156
0.734839 -2.867157 30.424941 -5.339442 0.951476 -0.292798 0.094669 -0.163374 -0.219948 0.961734 0.260772 0.930533 0.257111
-0.162604 -3.021966 20.005115 -4.593417 0.941190 -0.306288 0.142647 -0.221294 -0.239772 0.945272 0.255323 0.921248 0.293451
2.657073 -0.811025 -61.181890 -10.006275 0.276622 0.185206 0.942963 0.953482 -0.175222 -0.245293 0.119798 0.966952 -0.225061
0.916885 -1.104077 -72.336555 -7.944643 0.138440 0.288176 0.947517 0.982040 -0.163779 -0.093672 0.128190 0.943468 -0.305674
2.031076 -0.993848 -61.046116 -0.451978 0.176461 0.228656 0.957381 0.972347 -0.191659 -0.133444 0.152978 0.954454 -0.256153
2.845699 -0.839356 -12.118882 0.280135 0.240536 0.066017 0.968392 0.953397 -0.203290 -0.222953 0.182146 0.976891 -0.111839
3.276462 -0.598099 -1.964905 -11.034431 0.251692 0.017392 0.967651 0.955191 -0.165380 -0.245479 0.155761 0.986077 -0.058238
3.302502 -0.406256 -51.575966 -16.463230 0.311803 0.133774 0.940682 0.942955 -0.165152 -0.289070 0.116685 0.977154 -0.177638
0.317972 -3.647274 -0.720157 8.722629 0.973706 -0.173463 -0.147671 -0.145581 0.024779 -0.989036 -0.175220 -0.984529 0.001125
0.301449 -3.774291 -1.643432 -9.159806 0.974946 -0.174062 -0.138504 -0.161293 -0.124390 -0.979036 -0.153184 -0.976847 0.149348
0.289885 -3.692374 4.555546 4.023960 0.976000 -0.157689 -0.150195 -0.151608 0.003101 -0.988436 -0.156331 -0.987484 0.020881
-23.355562 -398.628561 1064.801932 -15129.710213 -0.237552 -0.377227 0.895136 0.960923 0.043558 0.273367 -0.142112 0.925096 0.352139
-30.465537 -306.444135 -442.669479 13516.977164 0.460843 0.853657 0.242678 0.526342 -0.483061 0.699725 -0.714554 0.194732 0.671931
-8.952230 -34.201984 -194.274216 1151.065995 0.327057 0.944431 -0.032911 0.278652 -0.063102 0.958317 -0.902987 0.322595 0.283806
-4.225928 -16.854159 76.915201 385.644214 0.350121 0.878385 -0.325354 0.261431 0.241903 0.934418 -0.899483 0.412217 0.144942
-3.250476 -51.370290 -72.446224 1289.291555 0.258342 0.957648 0.127163 -0.108688 -0.101983 0.988831 -0.959920 0.269278 -0.077738
-0.132778 -10.344295 -7.905103 145.007265 -0.155712 0.923174 0.351430 0.522352 0.378911 -0.763921 0.838393 -0.064619 0.541223
63.470653 -1994.790235 177.520196 -77475.833239 0.172919 0.953233 0.247881 0.085836 -0.265300 0.960338 -0.981189 0.144784 0.127697
3.515006 -97.722342 17.326528 -2757.011823 0.113674 0.970063 0.214607 0.414837 -0.242620 0.876953 -0.902767 0.010660 0.429997
1.223112 -45.931997 -23.408151 -1432.994730 0.135087 0.898436 0.417808 0.106080 -0.432363 0.895438 -0.985139 0.076641 0.153713
-0.143127 -3.626943 8.513858 -14.868806 0.955487 -0.262892 -0.133911 -0.047133 -0.584071 0.810333 0.291243 0.767951 0.570463
-0.306886 -4.038726 6.277774 -18.152724 0.959215 -0.256882 -0.117976 -0.069214 -0.618080 0.783062 0.274073 0.742959 0.610652
0.055676 -3.412526 10.489373 -19.840576 0.950319 -0.282175 -0.131419 -0.053329 -0.563539 0.824366 0.306675 0.776403 0.550590
2.322360 -3.881965 26.582522 18.180971 -0.765110 -0.539318 0.351771 -0.434633 0.835648 0.335838 -0.475080 0.104062 -0.873768
1.557916 -3.529146 32.879874 7.451339 -0.804848 -0.437948 0.400526 -0.402075 0.898770 0.174783 -0.436527 -0.020368 -0.899461
2.359991 -4.652911 -10.573397 30.889018 -0.862169 -0.409537 0.298234 -0.357942 0.909012 0.213481 -0.358527 0.077307 -0.930313
2.967096 -5.396662 -12.130764 51.320504 -0.889998 -0.387376 0.240507 -0.304512 0.897564 0.318827 -0.339376 0.210518 -0.916791
3.890246 -3.934734 16.551582 24.749999 -0.763989 -0.573590 0.295492 -0.407996 0.784238 0.467450 -0.499861 0.236567 -0.833171
2.752481 -3.424479 88.428859 12.234722 -0.622150 -0.674250 0.397889 -0.509125 0.734526 0.448623 -0.594744 0.076536 -0.800264
-4.878938 -24.190607 -30.994409 631.277226 -0.848545 0.445496 0.285490 0.472014 0.881148 0.027944 -0.239111 0.158467 -0.957974
-1.871044 -10.540934 76.380453 -421.464371 -0.706084 0.601709 0.373353 0.255383 0.708134 -0.658275 -0.660474 -0.369449 -0.653668
-2.798584 -31.967426 -60.586132 -1322.100169 0.796254 -0.500787 -0.339399 -0.037342 0.519269 -0.853794 -0.603809 -0.692511 -0.394770
-0.369389 -5.788660 88.137716 -96.094564 -0.673786 0.570012 0.470212 0.296371 0.791386 -0.534670 -0.676888 -0.220896 -0.702159
-1.384466 -15.656267 123.946164 719.068101 -0.675467 0.625251 0.390903 -0.068350 -0.580924 0.811083 -0.734216 -0.521142 -0.435130
-0.247831 -1.430552 -13.546076 3.675281 0.885987 -0.228713 0.403383 -0.279264 0.431285 0.857907 0.370188 0.872745 -0.318241
-0.230368 -1.433365 -4.607957 1.543400 0.918936 -0.318355 0.232825 -0.123375 0.328667 0.936353 0.374614 0.889173 -0.262747
0.036436 -1.265650 -7.783102 3.590337 0.879533 -0.250724 0.404425 -0.267997 0.441289 0.856412 0.393191 0.861627 -0.320935
0.157167 -1.800194 11.417244 3.564894 0.879586 -0.247728 0.406151 -0.274014 0.434084 0.858189 0.388901 0.866142 -0.313933
-0.330248 -1.725955 -11.263580 10.330579 0.829459 -0.155116 0.536597 -0.402697 0.499667 0.766921 0.387081 0.852216 -0.351989
-0.265091 -1.604814 -19.329316 12.017874 0.847707 -0.174963 0.500780 -0.366584 0.489129 0.791435 0.383417 0.854483 -0.350499
-0.565748 -4.686470 0.718844 -17.150978 0.939943 -0.339529 -0.035016 0.335866 0.901734 0.272156 0.060830 0.267572 -0.961616
-0.406103 -4.117896 0.113615 -15.521102 0.932585 -0.358700 -0.040239 0.360938 0.925809 0.112258 0.003013 0.119214 -0.992864
-0.473283 -4.293017 11.857849 -14.816132 0.944220 -0.328003 -0.029378 0.328001 0.928736 0.172813 0.029399 0.172810 -0.984516
-0.592036 -4.287017 -12.295231 -15.047979 0.922924 -0.381028 -0.055044 0.384210 0.902554 0.194368 0.024379 0.200535 -0.979383
-0.562794 -4.789233 4.567243 -17.015917 0.948917 -0.312300 -0.044997 0.311856 0.906613 0.284253 0.047977 0.283765 -0.957693
-0.601950 -5.002337 2.095410 -16.805061 0.948730 -0.313726 -0.038555 0.302813 0.867127 0.395469 0.090636 0.386868 -0.917670
-0.700053 -5.000810 -3.892023 -18.763825 0.948119 -0.316523 -0.029733 0.302337 0.868783 0.392184 0.098304 0.380826 -0.919406
-0.654905 -4.689568 -8.586998 -15.160297 0.938882 -0.342184 -0.037561 0.334611 0.881546 0.333036 0.080848 0.325250 -0.942166
0.569312 -3.589326 8.817413 -8.769549 0.952737 -0.302609 0.026840 -0.294333 -0.897572 0.328227 0.075234 0.320614 0.944218
0.289397 -3.674514 9.602676 2.667417 0.961913 -0.273355 0.001041 -0.252373 -0.886604 0.387609 0.105032 0.373108 0.921823
0.846177 -3.564650 7.411919 -11.219605 0.945205 -0.322141 0.053029 -0.322546 -0.896292 0.304345 0.050513 0.304772 0.951085
0.623527 -3.491028 9.011350 -2.870795 0.952943 -0.301310 0.033348 -0.289789 -0.873120 0.392025 0.089005 0.383241 0.919350
-1.521629 -3.458428 7.436849 77.206978 0.958793 0.281173 -0.040714 0.263204 -0.825136 0.499874 -0.106956 0.489992 0.865140
-1.703293 -4.918311 18.693190 118.967007 0.995750 0.068484 0.061585 0.027474 -0.859081 0.511102 -0.087909 0.507238 0.857311
-1.656208 -4.328907 -13.252974 86.201866 0.921289 0.387880 -0.027854 0.343834 -0.779019 0.524316 -0.181673 0.492624 0.851068
-0.372857 -7.074329 7.948844 33.443551 0.940607 0.315311 -0.125849 -0.038680 -0.268746 -0.962434 0.337288 -0.910140 0.240588
-0.078866 -7.304177 9.090473 6.044213 0.935036 0.331054 -0.126932 0.025539 -0.419963 -0.907182 0.353633 -0.845006 0.401135
-0.383843 -7.463753 3.439286 6.728078 0.944096 0.302965 -0.129982 0.032761 -0.478546 -0.877451 0.328039 -0.824140 0.461718
-0.204081 -7.205458 11.105922 29.484172 0.934331 0.338145 -0.112620 -0.037968 -0.219755 -0.974816 0.354377 -0.915077 0.192486
-0.731652 -6.933570 7.191881 26.700816 0.948292 0.291710 -0.125092 -0.035418 -0.294400 -0.955026 0.315417 -0.910074 0.268845
-0.394169 -6.940211 8.315313 32.367258 0.940519 0.324652 -0.100122 -0.068161 -0.108397 -0.991768 0.332833 -0.939602 0.079821
-0.636739 -6.694439 9.322781 31.756828 0.944114 0.313895 -0.100592 -0.070164 -0.106801 -0.991802 0.322065 -0.943432 0.078808
-0.388738 -4.059696 2.411577 6.724290 0.983147 -0.182044 -0.016813 -0.162163 -0.910835 0.379582 0.084414 0.370458 0.925005
-0.254949 -4.004938 1.608591 -10.674952 0.978800 -0.204807 -0.002137 -0.194363 -0.932075 0.305711 0.064604 0.298815 0.952122
-0.150411 -2.736308 27.170199 5.368621 0.870968 -0.311109 -0.380297 0.437391 0.138324 0.888569 0.223838 0.940254 -0.256552
-0.041534 -2.932776 23.732459 3.027825 0.858962 -0.315667 -0.403160 0.481493 0.230073 0.845713 0.174208 0.920555 -0.349615
-0.087780 -4.638805 4.808896 5.255838 0.941966 -0.331634 0.052141 -0.203452 -0.687485 -0.697117 -0.267033 -0.646052 0.715059
-0.316755 -4.538904 -3.645930 21.585616 0.980452 -0.193704 0.034542 -0.182289 -0.828156 0.530026 0.074062 0.525962 0.847278
-0.402152 -4.742037 -3.742471 25.941882 0.985083 -0.172060 0.002410 -0.143629 -0.814435 0.562198 0.094769 0.554159 0.826999
-0.167423 -5.376187 -4.434653 38.282263 0.981510 -0.190435 0.019293 -0.160483 -0.763797 0.625188 0.104321 0.616725 0.780236
2.334358 -13.295089 44.713841 137.616463 0.946652 -0.237638 0.217666 -0.076863 0.489445 0.868640 0.312958 0.839030 -0.445069
3.144182 -13.041159 8.878605 181.511833 0.972251 -0.116056 0.203121 -0.136272 0.424786 0.894979 0.190150 0.897824 -0.397183
2.336083 -15.827451 18.671023 133.165265 0.963478 -0.185015 0.193595 -0.019572 0.672359 0.739966 0.267071 0.716730 -0.644183
-1.875035 -7.038257 -12.967129 1.654530 0.981126 0.188979 -0.040976 -0.139396 0.838070 0.527453 -0.134019 0.511786 -0.848595
-1.646316 -7.038852 -2.471762 2.162478 0.983853 0.154547 -0.090271 -0.080198 0.831567 0.549604 -0.160006 0.533490 -0.830534
-1.406693 -6.824819 -11.522684 16.601857 0.979076 0.198167 -0.046256 -0.106506 0.692711 0.713308 -0.173396 0.693456 -0.699323
-1.961337 -7.123244 -2.619383 -4.561376 0.984482 0.152509 -0.086814 -0.108296 0.917258 0.383287 -0.138086 0.367938 -0.919540
