11004
21993
-7.976810 -10.233690 -69.855663 127.715477 -0.003635 -0.427501 0.904008 0.788403 0.554881 0.265571 -0.615149 0.713687 0.335026
-5.880738 -10.870397 37.959954 249.464878 0.236556 -0.387829 0.890859 0.828223 0.559892 0.023821 -0.508023 0.732195 0.453655
-5.776246 -8.127106 2.693580 107.460557 -0.187548 -0.576390 0.795362 0.867255 0.283015 0.409598 -0.461188 0.766601 0.446799
-4.113740 -9.370477 102.453735 254.361376 0.276630 -0.480044 0.832486 0.878262 0.477903 -0.016263 -0.390041 0.735640 0.553807
-6.212524 -9.385366 15.942457 96.673302 -0.356875 -0.573719 0.737215 0.734092 0.315816 0.601140 -0.577710 0.755716 0.308456
-4.355908 -6.355314 30.028236 71.544691 -0.231810 -0.638051 0.734272 0.912033 0.119971 0.392178 -0.338320 0.760591 0.554113
-4.472747 -6.737338 -29.728215 64.531558 0.657738 0.588166 -0.470575 0.655114 -0.138349 0.742755 -0.371760 0.796819 0.476314
-5.170669 -7.847901 25.695364 66.773069 -0.596843 -0.599272 0.533528 0.657902 0.015112 0.752952 -0.459286 0.800403 0.385243
-7.252677 -10.669191 21.923087 -41.935704 -0.355748 -0.511972 0.781875 0.140731 0.797718 0.586379 -0.923925 0.318637 -0.211736
-8.280122 -10.423013 -62.912937 -42.455507 -0.241675 -0.570015 0.785287 0.137371 0.781028 0.609200 -0.960584 0.255104 -0.110451
-7.653475 -10.856566 -41.919258 -39.927404 -0.302582 -0.523770 0.796310 0.317683 0.732279 0.602366 -0.898622 0.435240 -0.055181
-3.970647 -7.418762 62.788951 -5.733913 -0.321231 -0.733810 0.598610 0.897381 -0.033945 0.439948 -0.302519 0.678506 0.669412
-3.226029 -7.258102 121.104982 40.301610 -0.203235 -0.771630 0.602729 0.972323 -0.086594 0.216999 -0.115250 0.630149 0.767873
-4.354775 -7.564665 -15.274471 11.251804 -0.432438 -0.651248 0.623596 0.883059 -0.166125 0.438874 -0.182221 0.740458 0.646929
-4.503066 -7.734881 -50.873796 -57.518587 -0.566023 -0.581012 0.584844 0.761307 -0.096226 0.641212 -0.316274 0.808187 0.496794
-0.101846 -0.474668 85.779432 -50.896557 -0.576905 0.048961 -0.815342 0.624472 0.669873 -0.401627 0.526512 -0.740859 -0.417028
-0.377517 -2.725152 -9.577335 -103.583622 0.124804 0.568700 -0.813021 0.778800 0.451547 0.435403 0.614731 -0.687521 -0.386549
-0.119621 -3.495165 -12.717103 -126.286621 0.047030 0.517701 -0.854268 0.795436 0.497892 0.345522 0.604210 -0.695766 -0.388382
0.005038 -1.238878 -10.974895 -186.280105 -0.092841 0.432145 -0.897012 0.847358 0.507366 0.156727 0.522843 -0.745540 -0.413287
2.254729 -0.084602 -147.024839 -20.120520 0.820619 0.374371 0.431776 0.177250 0.551547 -0.815094 0.543292 -0.745414 -0.386253
0.153661 -4.761256 -13.949481 -10.621344 0.210950 0.590051 -0.779320 0.521432 0.606430 0.600293 0.826806 -0.532994 -0.179745
0.062475 -4.946639 -25.116301 -40.256476 0.217827 0.583708 -0.782199 0.457787 0.646707 0.610083 0.861964 -0.490973 -0.126344
0.314250 -4.452740 -11.649284 -2.997969 0.225683 0.630561 -0.742603 -0.489682 -0.585549 -0.646021 0.842187 -0.509436 -0.176626
0.023742 -4.999486 -6.624409 -29.383821 0.188929 0.575620 -0.795592 0.476141 0.654876 0.586879 0.858834 -0.489693 -0.150352
0.253402 -4.470344 3.748246 -24.071715 0.202516 0.635786 -0.744825 -0.561571 -0.547702 -0.620210 0.802262 -0.543875 -0.246120
0.187013 -4.678034 1.874448 12.373904 0.209511 0.620538 -0.755671 -0.578938 -0.544079 -0.607296 0.787995 -0.564722 -0.245263
-0.094399 -4.980784 -12.258179 -24.782223 0.200207 0.589514 -0.782554 0.535564 0.602983 0.591256 0.820420 -0.537481 -0.195001
-0.089608 -10.976134 8.003550 48.560596 0.064442 -0.736173 0.673718 0.908156 -0.236577 -0.345375 0.413642 0.634098 0.653315
0.049541 -11.776944 13.819473 19.293765 0.072004 -0.741339 0.667257 0.968723 -0.107300 -0.223748 0.237469 0.662498 0.710426
0.184932 -10.947900 14.628023 54.865917 0.069145 -0.735550 0.673932 0.888679 -0.261536 -0.376627 0.453286 0.624951 0.635585
-0.137858 -11.486286 7.734444 41.050254 0.079497 -0.735841 0.672472 0.955489 -0.136024 -0.261797 0.284113 0.663352 0.692275
-0.228459 -10.569769 -3.492017 52.358765 0.071084 -0.719366 0.690985 0.878730 -0.282637 -0.384643 0.471997 0.634531 0.612037
0.916821 -11.169295 -29.267583 85.839583 0.406848 -0.581245 0.704719 0.735356 -0.249303 -0.630158 0.541965 0.774598 0.325994
1.480868 -13.436314 -32.184693 251.895097 0.450406 -0.588997 0.670983 0.810500 -0.045469 -0.583972 0.374467 0.806855 0.456902
0.601674 -11.387774 -39.253991 159.257088 0.410164 -0.564858 0.716032 0.776381 -0.195696 -0.599113 0.478538 0.801647 0.358277
0.073660 -10.711106 -40.791258 44.175807 0.381888 -0.550054 0.742700 0.716879 -0.330892 -0.613674 0.583307 0.766780 0.267958
-0.131863 -11.597520 -31.010462 123.113685 0.376823 -0.565749 0.733439 0.796021 -0.207108 -0.568732 0.473661 0.798144 0.372306
1.785733 -23.390860 27.843969 -268.467388 0.162051 -0.539859 0.826010 -0.075010 0.827913 0.555818 -0.983927 -0.152030 0.093669
1.481326 -21.387726 23.913605 124.058763 0.225361 -0.508335 0.831149 -0.117050 0.832789 0.541075 -0.967219 -0.219223 0.128178
1.662176 -21.254697 35.491042 169.497727 0.202742 -0.487006 0.849542 -0.307603 0.791971 0.527412 -0.929665 -0.368250 0.010761
1.454608 -24.200925 21.209996 -276.005298 0.199209 -0.568250 0.798378 0.187069 0.821777 0.538227 -0.961936 0.042132 0.270007
2.052601 -22.057119 37.262082 -11.663296 0.166185 -0.510810 0.843478 -0.351680 0.768424 0.534646 -0.921251 -0.385484 -0.051941
1.551552 -35.468044 17.845081 -990.681311 0.118472 -0.603353 0.788625 0.241193 0.787918 0.566579 -0.963219 0.123087 0.238871
2.064815 -24.883839 -5.734639 -489.298821 0.098656 -0.557691 0.824165 0.074658 0.830019 0.552715 -0.992317 0.007002 0.123522
2.398545 -20.630184 19.985776 -97.306142 0.129233 -0.528653 0.838943 -0.111820 0.832872 0.542053 -0.985289 -0.163862 0.048520
-0.990033 -27.201673 17.556868 378.268104 -0.169100 0.517071 -0.839072 0.878876 0.464414 0.109070 0.446074 -0.718997 -0.532974
-1.991073 -28.690572 0.894716 130.602804 -0.132268 0.511470 -0.849061 0.989163 0.123190 -0.079884 0.063737 -0.850425 -0.522221
0.125921 -29.836583 41.038743 397.143250 -0.143083 0.527796 -0.837233 0.923159 0.376139 0.079352 0.356797 -0.761545 -0.541059
0.092367 -26.379494 10.899321 273.598670 -0.149636 0.526349 -0.836998 0.729731 0.629991 0.265713 0.667159 -0.571023 -0.478363
-0.306858 -22.792573 26.205227 256.321075 -0.201121 0.523105 -0.828198 0.641400 0.709351 0.292280 0.740376 -0.472422 -0.478184
-0.779826 -7.717171 53.379029 112.489036 0.436644 -0.602419 0.668157 -0.082624 0.712706 0.696580 -0.895832 -0.359363 0.261424
0.704085 -8.586604 -49.268273 -5.988626 -0.446830 0.680712 -0.580495 0.076817 0.675671 0.733190 -0.891315 -0.283019 0.354200
-0.400454 -8.528812 -74.308714 -97.507366 -0.465020 0.714041 -0.523357 0.090177 0.626292 0.774355 -0.880696 -0.312895 0.355628
-1.327281 -7.861822 -53.947277 -124.297632 -0.450026 0.714437 -0.535777 0.037635 0.614604 0.787938 -0.892222 -0.334428 0.303475
-2.265763 -12.804002 -18.752482 -55.480865 -0.058597 0.588586 -0.806308 0.647237 0.637332 0.418200 0.760033 -0.497368 -0.418300
-1.973867 -12.817566 -19.863031 -56.884760 -0.042467 0.566445 -0.823005 0.663381 0.631944 0.400715 0.747076 -0.528948 -0.402606
-2.312952 -12.373623 -11.622172 2.088097 -0.055227 0.587431 -0.807388 0.793458 0.516686 0.321651 0.606114 -0.622865 -0.494637
8.771156 -4.455671 -93.630545 -65.879673 0.799620 0.467124 0.377362 0.484931 -0.131652 -0.864587 0.354189 -0.874336 0.331795
12.221263 -1.710418 -29.641640 -142.939068 0.781781 0.502093 0.369759 0.541614 -0.252938 -0.801671 0.308987 -0.826998 0.469683
11.115422 -3.176782 344.946583 -96.082115 0.651731 0.747283 0.129675 0.464545 -0.258152 -0.847086 0.599537 -0.612312 0.515392
8.822900 -5.223379 294.448293 -59.742285 0.654644 0.730462 0.194591 0.417215 -0.134473 -0.898804 0.630375 -0.669583 0.392792
0.691761 -19.749171 -11.083273 260.685102 -0.266923 0.432377 -0.861280 0.158452 0.901233 0.403327 0.950603 -0.028815 -0.309070
0.944119 -17.369082 -11.037635 91.689816 -0.266403 0.436328 -0.859446 -0.057778 0.882837 0.466113 0.962129 0.173831 -0.209980
0.778357 -20.957926 0.787227 171.686881 -0.268013 0.440577 -0.856774 0.102034 0.897288 0.429492 0.957997 0.027690 -0.285439
0.862272 -18.430773 -18.098307 65.342208 -0.257473 0.456443 -0.851685 -0.043852 0.874974 0.482181 0.965290 0.161497 -0.205266
0.680094 -22.196374 12.457864 258.086759 -0.289938 0.437899 -0.850988 0.394019 0.864945 0.310836 0.872173 -0.245182 -0.423321
0.606467 -21.097048 -15.366951 174.102909 -0.266981 0.433009 -0.860944 0.464878 0.840423 0.278529 0.844162 -0.325872 -0.425673
5.492018 -40.988070 341.412259 -1761.760999 -0.030926 0.280966 0.959219 -0.643521 0.728720 -0.234198 -0.764804 -0.624520 0.158271
78.534164 -1985.713904 -1483.247618 -106232.787275 0.183123 -0.415037 0.891185 -0.053615 0.900949 0.430601 -0.981627 -0.126633 0.142732
2.622128 -27.209635 -319.612898 -1145.443006 0.342171 -0.395384 0.852403 -0.449894 0.727484 0.518037 -0.824933 -0.560748 0.071043
0.652330 -18.487279 -255.229344 -890.145069 0.417184 -0.495788 0.761677 -0.476545 0.594301 0.647852 -0.773862 -0.633247 0.011668
16.417233 -24.920320 1084.782063 -956.403505 -0.402237 0.619445 0.674161 0.485683 -0.479830 0.730668 -0.776091 -0.621330 0.107848
0.343562 -2.576847 -9.627089 -181.874506 0.036420 0.515398 -0.856176 0.833507 0.456977 0.310545 0.551307 -0.724939 -0.412945
0.335028 -5.385267 -6.569060 -73.748905 0.067807 0.539191 -0.839450 0.735597 0.541398 0.407167 0.674017 -0.645106 -0.359917
0.579690 -5.041405 -3.782976 -89.020118 0.066903 0.549007 -0.833136 0.770237 0.502365 0.392893 0.634239 -0.667997 -0.389256
0.600999 -1.987301 4.282278 -222.239705 0.041584 0.544263 -0.837884 0.855781 0.413413 0.311012 0.515664 -0.729978 -0.448578
1.981587 0.709784 -275.925885 -4.183809 0.860927 0.291466 0.416956 0.182907 0.587455 -0.788315 0.474710 -0.754946 -0.452445
2.365850 0.419711 -212.465158 -16.559858 0.858683 0.360670 0.364117 0.125546 0.540788 -0.831737 0.496893 -0.759912 -0.419084
-2.247018 -7.449548 -41.291947 42.380149 -0.000707 -0.040238 -0.999190 0.377126 0.925401 -0.037534 0.926162 -0.376847 0.014521
-0.883707 -7.593667 -72.151214 47.060593 0.049040 -0.066004 -0.996614 0.374542 0.926216 -0.042912 0.925912 -0.371170 0.070143
-1.299041 -7.883380 -72.517801 38.678489 0.034597 -0.061191 -0.997526 0.473837 0.879812 -0.037536 0.879932 -0.471367 0.059433
-2.325021 -7.941989 -39.962436 36.895910 -0.008395 -0.024259 -0.999670 0.508825 0.860502 -0.025155 0.860829 -0.508868 0.005119
-0.499680 -8.070672 -105.289258 34.738211 0.077135 -0.041086 -0.996174 0.593201 0.804954 0.012733 0.801351 -0.591913 0.086462
0.065307 -65.939953 -17.632750 2144.181318 0.007932 0.529109 -0.848517 0.405814 0.773823 0.486326 0.913921 -0.348198 -0.208582
0.680863 -35.162841 -23.151097 941.699193 0.044031 0.597247 -0.800848 0.180123 0.783743 0.594393 0.982658 -0.170423 -0.073069
0.284979 -92.995544 -27.921447 4034.684668 -0.035212 0.522616 -0.851841 0.424374 0.779523 0.460706 0.904802 -0.345277 -0.249233
0.447754 -36.156677 -26.864626 719.061622 0.046246 0.585951 -0.809026 0.061012 0.806724 0.587771 0.997065 -0.076542 0.001558
0.246532 -50.141983 -9.473581 826.677752 -0.065962 0.542993 -0.837143 0.789929 0.541003 0.288667 0.609641 -0.642242 -0.464611
0.031738 -35.522876 -24.121538 613.241550 -0.012810 0.547731 -0.836557 0.611615 0.666160 0.426799 0.791052 -0.506184 -0.343534
0.689812 -12.402692 -35.496704 46.427306 -0.171055 0.709664 -0.683460 0.778159 0.522791 0.348079 -0.604325 0.472300 0.641657
0.819383 -12.376462 26.998800 12.471923 0.129948 -0.721305 0.680318 0.889250 0.388279 0.241815 -0.438576 0.573549 0.691877
0.386274 -11.845663 -22.393474 36.397357 -0.148897 0.718951 -0.678925 0.826338 0.467573 0.313912 -0.543134 0.514281 0.663717
-0.669100 -7.988537 -15.714050 149.524368 -0.013534 0.136170 0.990593 0.357168 0.925985 -0.122408 -0.933942 0.352151 -0.061168
0.266381 -7.518863 -54.239709 165.768751 -0.010032 0.242258 0.970160 0.376747 0.899628 -0.220749 -0.926262 0.363291 -0.100295
-0.015884 -10.042800 -34.070729 159.904913 -0.014593 0.137910 0.990337 0.213424 0.968047 -0.131662 -0.976851 0.209440 -0.043560
-0.654600 -10.337462 -17.378027 123.383362 -0.011273 0.078119 0.996880 0.170037 0.982574 -0.075075 -0.985373 0.168660 -0.024360
-1.181552 -8.318169 -7.343383 122.774406 -0.003909 0.067783 0.997692 0.343843 0.936957 -0.062309 -0.939019 0.342806 -0.026969
12.197299 -6.111422 -90.636501 43.526083 0.162467 0.930328 -0.328776 -0.131370 0.350631 0.927254 -0.977930 0.107457 -0.179183
11.443801 -7.478221 -9.861827 48.398001 0.127289 0.963668 -0.234821 -0.327620 0.264309 0.907087 -0.936196 0.038530 -0.349361
10.000715 -5.313146 202.278605 68.490693 0.389008 0.910483 -0.140331 -0.273048 0.259439 0.926356 -0.879839 0.322043 -0.349530
-1.061175 -3.741392 -66.867716 -80.854013 -0.048888 -0.640407 0.766478 0.182455 0.748757 0.637239 -0.981998 0.171001 0.080240
-2.029213 -4.113152 29.737737 -78.482072 0.022855 0.743487 -0.668360 0.200951 0.651474 0.731574 -0.979335 0.151028 0.134515
-1.876608 -5.534375 -64.933761 -79.289994 -0.042069 -0.666444 0.744367 0.293583 0.703891 0.646798 -0.955007 0.245744 0.166045
-2.225677 -6.145999 17.130140 -69.918474 -0.002581 0.691158 -0.722699 0.369660 0.672169 0.641514 -0.929163 0.265497 0.257229
-1.830398 -6.543046 70.530892 -37.617805 0.058002 0.662452 -0.746855 0.450344 0.650309 0.611791 -0.890969 0.371827 0.260612
-1.114033 -6.189532 -64.340559 -47.729371 -0.063677 -0.656840 0.751337 0.395169 0.674732 0.623361 -0.916399 0.336599 0.216598
-0.921355 -5.245694 -74.538777 -79.825737 -0.059960 -0.641088 0.765122 0.274806 0.726280 0.630078 -0.959628 0.248039 0.132627
1.030491 -15.156305 20.808430 58.094551 -0.126630 0.742160 -0.658152 0.916683 -0.165965 -0.363521 -0.379021 -0.649349 -0.659309
1.557902 -14.327251 15.555600 136.593168 -0.092676 0.717225 -0.690652 0.977146 -0.067754 -0.201480 -0.191301 -0.693540 -0.694555
1.681478 -15.189990 21.146279 1.421360 -0.100207 0.737918 -0.667410 0.986460 -0.013845 -0.163418 -0.129829 -0.674749 -0.726539
1.350103 -15.303780 11.298205 87.465059 -0.131688 0.753946 -0.643602 0.957161 -0.072191 -0.280413 -0.257879 -0.652958 -0.712141
1.573533 -15.880965 13.187771 -19.462596 -0.121271 0.766512 -0.630676 0.989209 0.040699 -0.140748 -0.082217 -0.640939 -0.763176
-1.653041 -13.852807 -13.181301 -13.731589 -0.120194 0.573337 -0.810455 0.975305 -0.084179 -0.204192 -0.185294 -0.814984 -0.549061
-1.242369 -14.448021 -17.036460 16.558214 -0.104065 0.543009 -0.833254 0.989865 -0.024850 -0.139819 -0.096630 -0.839359 -0.534919
-1.338170 -13.338779 -6.545559 -41.638025 -0.127692 0.563006 -0.816529 0.936179 -0.203436 -0.286675 -0.327511 -0.801023 -0.501097
2.149679 -18.062877 18.517168 260.141815 -0.140441 0.764049 -0.629687 0.833001 0.434940 0.341960 -0.535150 0.476505 0.697537
2.732860 -18.733037 33.171143 185.179023 -0.129807 0.785789 -0.604719 0.791910 0.449169 0.413674 -0.596682 0.425185 0.680579
2.219200 -18.665703 41.226629 38.160227 -0.110092 0.776039 -0.621002 0.660288 0.524107 0.537896 -0.742900 0.350822 0.570109
7.108789 -4.022373 457.680166 -38.191743 0.659614 0.640645 -0.393045 0.071869 0.466783 0.881447 -0.748161 0.609662 -0.261854
2.639036 -3.711588 173.296923 -17.841065 0.639769 0.682851 -0.352719 0.075069 0.401217 0.912902 -0.764892 0.610524 -0.205425
5.913442 -4.286222 289.517920 -12.818708 0.609683 0.631445 -0.479129 0.189096 0.471147 0.861547 -0.769759 0.615871 -0.167847
0.218343 -9.470638 155.514601 304.726066 -0.447177 0.886891 -0.116007 -0.335143 -0.045891 0.941049 -0.829284 -0.459694 -0.317756
2.220424 -28.431636 151.968722 1016.436698 -0.498681 0.866706 0.011740 -0.350601 -0.214077 0.911729 -0.792714 -0.450546 -0.410624
-1.347115 -28.020170 70.765928 1315.627643 -0.568388 0.803053 0.179000 -0.199956 -0.345864 0.916731 -0.798093 -0.485267 -0.357161
-4.335438 -4.835746 84.219607 99.218614 -0.407068 0.054765 0.911755 -0.483597 0.833894 -0.265998 -0.774874 -0.549201 -0.312967
-2.923819 -4.548795 118.002244 132.313987 -0.516286 0.856244 0.017203 -0.243566 -0.166060 0.955562 -0.821051 -0.489153 -0.294287
0.605362 -6.482827 -56.826047 30.403547 -0.121163 0.345854 -0.930433 0.983646 0.167677 -0.065765 0.133267 -0.923184 -0.360514
0.257925 -6.278696 -30.846126 52.454602 -0.138294 0.348822 -0.926929 0.962981 0.266028 -0.043561 0.231394 -0.898639 -0.372699
0.879489 -5.965991 -34.952764 25.522594 -0.119846 0.379940 -0.917214 0.966136 0.257284 -0.019663 0.228513 -0.888510 -0.397908
1.638148 -6.214155 -56.105427 20.036813 -0.100868 0.378896 -0.919926 0.990803 0.122079 -0.058358 0.090192 -0.917352 -0.387725
1.885331 -5.942909 -33.077864 9.552675 -0.099982 0.414303 -0.904631 0.982615 0.184056 -0.024307 0.156433 -0.891334 -0.425502
0.411942 -5.548650 -33.899451 30.741737 -0.141331 0.358296 -0.922849 0.932687 0.360676 -0.002805 0.331844 -0.861125 -0.385153
0.721934 -17.351929 8.237644 -71.204135 0.230431 0.660691 -0.714415 0.972544 -0.131808 0.191793 0.032550 -0.738995 -0.672924
-0.418091 -18.049210 30.158818 -229.035112 0.213262 0.675119 -0.706210 0.950847 0.022688 0.308827 0.224518 -0.737360 -0.637097
0.232843 -16.613163 38.842431 140.284682 0.286844 0.682218 -0.672532 0.956921 -0.171100 0.234577 0.044962 -0.710847 -0.701908
-0.909596 -16.008973 41.626569 -129.186204 0.278166 0.691482 -0.666690 0.946468 -0.078974 0.312988 0.163774 -0.718064 -0.676434
1.375637 -18.868251 68.842669 254.025095 0.294068 0.708375 -0.641661 0.944354 -0.318856 0.080782 -0.147373 -0.629711 -0.762722
-1.002639 -5.524744 82.929378 -18.953448 -0.170923 0.768476 -0.616628 0.980968 0.074213 -0.179425 -0.092122 -0.635560 -0.766535
-0.968480 -5.405270 94.617750 -8.158593 -0.054519 0.776268 -0.628042 0.977134 -0.087982 -0.193569 -0.205517 -0.624234 -0.753721
0.781684 -5.880660 114.680299 -14.214216 -0.082808 0.782391 -0.617257 0.992541 0.009139 -0.121570 -0.089475 -0.622720 -0.777312
0.503238 -5.878927 99.623810 -7.347155 -0.159398 0.779355 -0.605968 0.986138 0.154354 -0.060881 0.046086 -0.607272 -0.793156
-0.932044 -5.675529 43.487382 -13.851194 -0.234098 0.746555 -0.622779 0.972213 0.179310 -0.150499 -0.000685 -0.640705 -0.767786
0.987139 -70.438515 38.422626 -2363.337151 0.464606 0.516188 -0.719508 0.879560 -0.174915 0.442468 0.102544 -0.838424 -0.535285
27.718393 -549.815693 474.075736 -36248.768444 0.322634 0.491274 -0.809047 0.939682 -0.063658 0.336075 0.113602 -0.868676 -0.482179
2.273890 -65.735290 -27.429810 -667.101620 0.470946 0.504816 -0.723444 0.738478 0.222994 0.636336 0.482556 -0.833927 -0.267777
4.967848 -217.793550 249.056009 -13038.287347 0.402018 0.486389 -0.775762 0.834215 0.154691 0.529298 0.377449 -0.859940 -0.343564
-0.490437 -42.251609 -90.560263 1508.773962 -0.872777 0.062432 0.484109 0.122696 0.988003 0.093788 -0.472446 0.141255 -0.869967
0.444961 -18.627199 -28.636170 280.806526 -0.836138 -0.000292 0.548519 0.087351 0.987167 0.133679 -0.541519 0.159688 -0.825383
-0.133540 -50.019284 -23.977616 1902.875427 -0.867875 0.123278 0.481245 0.101953 0.992300 -0.070330 -0.486209 -0.011973 -0.873760
-6.680704 -11.985708 37.093702 213.515835 0.253181 -0.318063 0.913638 0.717227 0.695489 0.043367 -0.649219 0.644306 0.404208
-3.843471 -11.252990 177.244397 223.871562 0.304832 -0.495949 0.813088 0.790002 0.608502 0.074983 -0.531953 0.619484 0.577291
5.078338 -11.121376 33.444246 -128.689712 0.892076 0.288161 -0.348086 0.451691 -0.546021 0.705575 -0.013257 0.786654 0.617252
3.875182 -10.013570 -73.392595 -141.422462 0.876976 0.365084 -0.312453 0.452370 -0.407896 0.793084 -0.162095 0.836860 0.522868
3.717818 -10.159471 52.480776 -225.357653 0.843967 0.331887 -0.421391 0.516657 -0.291825 0.804925 -0.144172 0.897045 0.417762
2.593919 -7.992989 -71.531118 -125.897996 0.844420 0.406702 -0.348637 0.469567 -0.248760 0.847128 -0.257802 0.879040 0.401032
3.135006 -11.669625 114.695093 -200.599427 0.794658 0.263445 -0.546915 0.606906 -0.364896 0.706056 0.013560 0.892999 0.449854
1.933338 -8.634008 86.265354 -212.117121 0.793790 0.290452 -0.534355 0.590977 -0.160797 0.790500 -0.143680 0.943282 0.299289
2.355151 -6.902153 20.399633 -161.366739 0.830071 0.352620 -0.432021 0.504772 -0.145798 0.850851 -0.237039 0.924339 0.299015
-0.165598 -4.858658 -3.771926 13.284173 0.111127 0.570886 -0.813474 -0.694718 -0.540696 -0.474357 0.710646 -0.617849 -0.336519
-0.362589 -2.276100 -5.588486 -97.713018 0.147987 0.586181 -0.796550 0.773420 0.433375 0.462611 0.616378 -0.684528 -0.389230
-0.078296 -4.269544 1.402471 6.828980 0.165375 0.610329 -0.774693 -0.668931 -0.507786 -0.542849 0.724695 -0.607990 -0.324293
0.113369 -4.760378 -12.781686 37.744763 0.220162 0.630061 -0.744682 -0.438721 -0.617887 -0.652488 0.871236 -0.470361 -0.140385
-0.017547 -5.281799 -16.401917 -52.053769 0.207368 0.588430 -0.781504 0.370812 0.691974 0.619411 0.905261 -0.418238 -0.074703
-0.081588 -5.290880 -12.837862 -33.832450 0.185128 0.558737 -0.808419 0.397472 0.709775 0.581581 0.898746 -0.428991 -0.090684
0.225301 -9.596963 -22.081227 107.450940 -0.056656 0.741395 -0.668673 0.751156 -0.409541 -0.517726 0.657689 0.531610 0.533701
0.653109 -10.255410 -21.992525 85.680341 -0.077083 0.739025 -0.669254 0.808371 -0.346589 -0.475827 0.583604 0.577684 0.570691
0.778163 -8.976865 -27.248849 95.528873 -0.066268 0.734402 -0.675472 0.674084 -0.466170 -0.572972 0.735676 0.493294 0.464156
0.320364 -8.118707 -20.370166 88.245102 -0.032652 0.726867 -0.686002 0.616215 -0.525751 -0.586400 0.786901 0.441872 0.430739
1.228713 -10.267363 -8.363849 69.816465 0.404627 -0.608327 0.682800 0.750714 -0.205411 -0.627881 0.522211 0.766645 0.373565
2.058909 -18.062462 5.509479 329.831718 0.471392 -0.617650 0.629522 0.868249 0.199802 -0.454118 0.154707 0.760650 0.630458
1.915156 -15.613798 -46.994900 191.722792 0.447014 -0.572914 0.686985 0.880785 0.147798 -0.449860 0.156196 0.806179 0.570682
1.596394 -13.833883 5.815177 269.500441 0.481779 -0.634126 0.604793 0.811528 0.062471 -0.580964 0.330623 0.770702 0.544708
1.267104 -21.204349 32.830157 -165.175805 0.250367 -0.544371 0.800610 0.102676 0.837214 0.537151 -0.962691 -0.052281 0.265504
1.010871 -20.531554 33.546262 205.356539 0.273980 -0.500711 0.821111 -0.137333 0.824662 0.548701 -0.951879 -0.263099 0.157176
-2.909646 -26.489473 -5.649724 -264.585596 -0.178506 0.502024 -0.846231 0.939304 -0.169154 -0.298489 -0.292992 -0.848150 -0.441358
-2.505858 -26.798082 -29.554437 -465.764659 -0.126772 0.529059 -0.839062 0.916043 -0.262052 -0.303636 -0.380519 -0.807109 -0.451420
-0.348217 -27.829529 70.833193 -82.995046 -0.131327 0.545538 -0.827733 0.986870 -0.007248 -0.161353 -0.094024 -0.838055 -0.537423
0.805891 -12.158803 -118.582135 -225.278560 -0.498049 0.705690 -0.503933 0.193632 0.656970 0.728627 -0.845254 -0.265314 0.463847
1.407152 -9.036858 25.318659 76.761662 0.409626 -0.650990 0.639076 0.011618 0.704213 0.709894 -0.912179 -0.283366 0.296027
2.346217 -10.446251 23.843881 -112.858285 0.410544 -0.681589 0.605715 0.166859 0.709216 0.684960 -0.896444 -0.180138 0.404894
2.103464 -11.539289 -37.879565 -178.689099 -0.452669 0.698866 -0.553785 0.213065 0.687843 0.693884 -0.865849 -0.196107 0.460269
-1.965923 -11.925422 -15.205276 22.476666 -0.049987 0.556490 -0.829349 -0.771872 -0.548491 -0.321513 0.633810 -0.624080 -0.456957
-1.554312 -13.021358 -31.076710 -39.696626 -0.029680 0.524327 -0.851000 0.734027 0.589321 0.337498 0.678471 -0.614640 -0.402361
-0.929210 -14.898356 -35.361265 -80.687409 -0.010915 0.515578 -0.856773 0.624925 0.672401 0.396668 0.780609 -0.531089 -0.329537
-0.985156 -14.210756 -52.046918 -35.511910 -0.037285 0.475549 -0.878899 0.801264 0.539790 0.258074 0.597148 -0.694608 -0.401167
-2.073439 -12.594092 -13.534003 10.624277 -0.059212 0.547648 -0.834611 0.871274 0.436417 0.224551 0.487213 -0.713878 -0.502993
22.397257 0.683928 783.253932 -90.047959 0.551332 0.831717 0.065425 0.532584 -0.290508 -0.794959 0.642174 -0.473130 0.603125
0.938431 -21.308040 17.869172 -209.245389 -0.321927 0.426285 -0.845366 -0.134858 0.863149 0.486608 0.937111 0.270656 -0.220383
1.180192 -19.596280 -18.128408 -224.543375 -0.272437 0.467347 -0.841050 -0.222848 0.819698 0.527669 0.936011 0.331183 -0.119168
-5.133325 -14.413112 19.513396 -5.689777 0.515723 -0.395088 0.760221 0.702234 -0.313395 -0.639258 0.490813 0.863533 0.115820
-5.699368 -14.176724 61.966918 -29.759657 0.529841 -0.323245 0.784079 0.736986 -0.281993 -0.614273 0.419666 0.903323 0.088816
-5.632811 -13.427493 49.013255 -107.318216 0.525528 -0.344331 0.777983 0.812072 -0.069656 -0.579385 0.253691 0.936261 0.243016
-5.515577 -14.221728 53.670775 81.191947 0.535278 -0.318197 0.782450 0.582308 -0.532018 -0.614714 0.611878 0.784670 -0.099489
8.610836 -116.146371 -47.163518 -5115.856477 0.200478 -0.269576 0.941880 -0.372669 0.868141 0.327794 -0.906050 -0.416724 0.073580
11.761145 -255.653480 -339.606989 -9345.086789 0.072985 -0.177903 0.981338 0.551642 0.826943 0.108886 -0.830881 0.533400 0.158493
0.576248 -6.253786 -25.938952 -1.144130 0.103346 0.548060 -0.830030 0.662064 0.584868 0.468616 0.742288 -0.597962 -0.302407
0.248044 -6.033865 -7.675341 5.663008 0.103557 0.566796 -0.817324 0.638252 0.592369 0.491663 0.762830 -0.572574 -0.300415
0.709578 -4.277771 53.004922 26.681682 0.220841 -0.698610 0.680569 0.946155 0.322797 0.024331 -0.236683 0.638551 0.732280
0.973811 -4.322009 29.226619 16.641067 0.110541 -0.710784 0.694671 0.932896 0.315257 0.174121 -0.342762 0.628808 0.697936
1.512582 -3.604708 8.553519 23.077083 0.214438 -0.650634 0.728486 0.938144 0.344783 0.031783 -0.271849 0.676610 0.684323
1.786007 -3.200812 9.166844 11.913010 0.347667 -0.597637 0.722467 0.917573 0.375339 -0.131070 -0.192838 0.708485 0.678869
-1.659051 -6.942176 -45.650197 42.427909 0.021292 -0.045160 -0.998753 0.278436 0.959724 -0.037459 0.960219 -0.277291 0.033008
1.555349 -37.665730 -33.676250 982.219499 0.050722 0.603218 -0.795962 0.141227 0.784647 0.603642 0.988677 -0.143029 -0.045392
0.808289 -23.007484 -17.900866 176.070660 0.031099 0.612519 -0.789844 -0.107543 0.787689 0.606614 0.993714 0.066077 0.090368
0.967090 -11.795908 29.742367 -19.567147 0.085550 -0.726880 0.681415 0.958181 0.247473 0.143688 -0.273076 0.640626 0.717654
0.563756 -11.797803 27.183343 -18.223413 0.101208 -0.739430 0.665583 0.967094 0.230093 0.108566 -0.233423 0.632694 0.738385
-1.606197 -2.575447 9.397815 19.024338 0.175378 0.555499 -0.812812 0.715765 0.494920 0.492681 -0.675961 0.668188 0.310809
-1.226469 -2.341333 -18.837260 45.485597 -0.072346 -0.445122 0.892543 0.731398 0.584743 0.350902 -0.678102 0.678190 0.283257
-1.600935 -3.185819 -0.660325 57.085112 0.020005 -0.406619 0.913379 0.700497 0.657542 0.277383 -0.713374 0.634270 0.297990
-1.707666 -3.287120 -3.211813 55.191940 0.002758 -0.452522 0.891749 0.703490 0.634649 0.319880 -0.710700 0.626454 0.320095
1.404950 -10.408356 -99.824663 200.801667 -0.018539 0.251822 0.967596 0.236218 0.941468 -0.240496 -0.971523 0.224105 -0.076939
1.892874 -8.791278 -85.501918 187.614359 0.031939 0.334719 0.941776 0.344560 0.880809 -0.324736 -0.938221 0.334870 -0.087198
0.594309 -5.327861 -66.128213 114.263088 0.035909 0.342178 0.938949 0.452708 0.832053 -0.320536 -0.890935 0.436580 -0.125028
13.370494 -8.145880 -201.067069 42.778716 -0.044226 0.944073 -0.326756 -0.232240 0.308400 0.922472 -0.971652 -0.116683 -0.205613
-1.594540 -2.467798 39.300482 -60.607615 0.057892 0.807678 -0.586775 0.122670 0.577552 0.807085 -0.990758 0.118703 0.065643
0.975890 -13.739454 -4.571625 59.371749 -0.112053 0.698223 -0.707056 0.895347 -0.237706 -0.376630 -0.431043 -0.675263 -0.598517
-1.323874 -11.788786 -27.041569 28.321576 -0.191903 0.588865 -0.785118 -0.623803 0.544405 0.560796 -0.757656 -0.597378 -0.262863
-1.561479 -12.037441 -23.172818 -51.963640 -0.158233 0.585838 -0.794831 0.782116 -0.416991 -0.463049 -0.602709 -0.694919 -0.392212
-1.273361 -12.981643 -11.643017 -43.593039 -0.160746 0.579614 -0.798879 0.735947 -0.468955 -0.488327 -0.657680 -0.666429 -0.351183
-1.123526 -12.530557 -23.075142 28.276142 -0.180762 0.562226 -0.806987 -0.709011 0.494163 0.503097 -0.681637 -0.663103 -0.309298
-1.163164 -13.540896 14.003671 -12.900234 0.185366 -0.577316 0.795202 -0.571439 0.595005 0.565179 -0.799436 -0.559174 -0.219607
2.571868 -15.643215 -21.292173 290.191738 0.145816 -0.765256 0.626994 0.941818 0.301386 0.148814 -0.302848 0.568815 0.764678
2.921108 -16.915904 -23.931047 307.003173 0.164250 -0.791382 0.588844 0.932797 0.318749 0.168195 -0.320800 0.521646 0.790552
2.771939 -20.776575 -0.678315 356.841469 -0.181593 0.821766 -0.540115 0.846415 0.410220 0.339561 -0.500606 0.395499 0.770048
1.400817 -3.421869 68.918811 14.423250 0.586181 0.719056 -0.373297 0.139080 0.364609 0.920715 -0.798154 0.591624 -0.113721
21.238747 -31.686797 616.121993 1195.896152 -0.377749 0.859748 -0.343713 -0.515274 0.113225 0.849513 -0.769285 -0.498009 -0.400235
2.342627 -6.024873 -26.048844 2.305491 -0.026979 0.471998 -0.881187 0.984216 0.166775 0.059198 0.174901 -0.865681 -0.469047
1.485456 -6.078213 -13.048900 -13.650401 -0.004699 0.497364 -0.867529 0.956409 0.255554 0.141332 0.291994 -0.829048 -0.476884
1.676705 -6.342819 -14.457076 -18.340896 0.043063 0.524030 -0.850610 0.956402 0.224544 0.186751 0.288863 -0.821567 -0.491514
2.617719 -6.123529 -49.126205 7.152361 -0.056738 0.428580 -0.901720 0.997339 0.065744 -0.031507 0.045780 -0.901109 -0.431170
3.304879 -6.028843 -25.893618 -3.819713 0.003441 0.513349 -0.858173 0.999035 0.035817 0.025431 0.043792 -0.857432 -0.512730
2.429493 -6.287194 -6.434450 -13.315174 0.056216 0.553562 -0.830909 0.981599 0.121472 0.147337 0.182492 -0.823902 -0.536547
-2.604957 -21.065579 -54.233788 -200.128880 0.409292 0.604549 -0.683375 -0.382552 -0.566264 -0.730068 0.828332 -0.560237 0.000496
-1.440133 -21.302120 -52.333632 -55.775267 0.444611 0.580737 -0.681957 -0.557689 -0.416303 -0.718105 0.700931 -0.699597 -0.138777
-2.314190 -19.812963 -45.151547 38.003524 0.408145 0.608755 -0.680320 0.602887 0.379860 0.701593 0.685525 -0.696508 -0.211973
-1.259549 -21.970381 -41.465877 146.079091 0.420489 0.600886 -0.679798 0.261192 0.637368 0.724942 0.868889 -0.482388 0.111059
-2.750733 -20.231712 -47.960780 9.855176 0.359536 0.624296 -0.693533 -0.621756 -0.393933 -0.676931 0.695811 -0.674590 -0.246527
-3.443541 -20.829995 -64.954752 -143.811794 0.365907 0.623392 -0.691010 -0.401234 -0.564279 -0.721526 0.839716 -0.541269 -0.043653
-3.207993 -20.236026 -64.581993 89.322661 0.366537 0.614867 -0.698276 0.167814 0.694510 0.699639 0.915144 -0.373624 0.151381
-2.277032 -19.731483 -38.061046 52.799086 0.387925 0.606143 -0.694338 0.182733 0.687798 0.702526 0.903395 -0.399406 0.156052
-0.883200 -5.543585 114.534477 14.154098 0.081618 0.759296 -0.645607 0.944438 -0.265859 -0.193279 -0.318396 -0.593960 -0.738807
-2.054930 -5.032117 26.201197 8.187604 0.017176 0.721189 -0.692525 0.955783 -0.215209 -0.200412 -0.293572 -0.658461 -0.692996
-1.883035 -5.303276 36.878406 26.222916 0.156810 0.679331 -0.716882 0.904551 -0.390183 -0.171885 -0.396482 -0.621504 -0.675674
-2.448507 -4.717568 -39.577079 20.964440 0.080598 0.640952 -0.763338 0.928499 -0.326785 -0.176355 -0.362482 -0.694545 -0.621461
-2.304051 -4.568439 -45.940141 -11.788711 -0.157957 0.687757 -0.708548 0.949882 -0.090202 -0.299313 -0.269767 -0.720315 -0.639040
0.086346 -46.102201 44.648299 -1157.744037 0.455631 0.495902 -0.739244 0.830689 -0.535336 0.152877 -0.319932 -0.683738 -0.655855
0.333981 -42.137642 -29.983054 -875.985136 0.481300 0.427560 -0.765208 0.808976 -0.552787 0.199961 -0.337502 -0.715276 -0.611942
0.728812 -35.799228 0.536649 -377.631667 0.460367 0.455710 -0.761834 0.887445 -0.257953 0.381971 -0.022449 -0.851932 -0.523170
-9.991119 -118.273029 694.945211 1943.492908 0.355853 -0.861220 0.362863 0.825307 0.107437 -0.554370 0.438449 0.496747 0.749002
1.262387 -63.093699 -592.389001 -1970.147149 -0.145201 0.948185 -0.282597 0.704574 -0.101432 -0.702344 0.694617 0.301091 0.653339
-5.187718 -37.623460 239.952864 -1496.471421 0.061473 0.796709 -0.601228 0.816051 -0.386956 -0.429332 0.574701 0.464241 0.673943
3.187330 0.780101 -195.083936 14.586737 -0.537538 -0.526443 -0.658718 0.185314 0.688328 -0.701330 0.822625 -0.499061 -0.272445
3.947991 0.845802 -195.136406 6.408501 -0.542767 -0.466395 -0.698484 0.218422 0.724645 -0.653591 0.810985 -0.507312 -0.291442
1.802551 0.092873 -143.656461 80.960275 -0.378383 -0.157647 -0.912126 0.405128 0.857796 -0.316319 0.832284 -0.489218 -0.260709
0.678356 -1.569446 -18.693411 178.797690 -0.051737 0.368623 -0.928138 0.587735 0.762627 0.270126 0.807397 -0.531524 -0.256109
-1.131011 -7.125517 -7.839107 39.622833 0.089517 0.741646 -0.664792 0.760239 -0.482093 -0.435457 0.643446 0.466420 0.606984
-0.897000 -7.291713 2.127410 45.631130 0.064964 0.746468 -0.662242 0.812457 -0.424889 -0.399228 0.579390 0.512108 0.634076
-0.938974 -7.506667 -7.165881 27.832794 0.092859 0.752284 -0.652262 0.802089 -0.444662 -0.398660 0.589942 0.486153 0.644689
-8.727119 -10.384778 -130.960761 18.319212 -0.157492 -0.547004 0.822182 0.617220 0.595388 0.514347 -0.770866 0.588473 0.243853
-7.664521 -10.734085 -38.575745 64.002451 -0.243195 -0.504819 0.828259 0.651978 0.547156 0.524923 -0.718179 0.667666 0.196065
4.170098 -9.550268 -108.514989 -32.970416 0.924541 0.337645 -0.176690 0.360252 -0.623188 0.694158 -0.124268 0.705430 0.697801
2.127228 -8.932709 -165.560741 -119.168450 0.886911 0.404441 -0.223198 0.392873 -0.406260 0.824987 -0.242982 0.819378 0.519210
0.049504 -3.632697 -16.250632 -138.438721 0.034045 0.495041 -0.868202 0.807743 0.497945 0.315598 0.588551 -0.712028 -0.382914
-0.004880 -5.158949 -8.041459 -25.683734 0.094392 0.546686 -0.832000 0.696718 0.560684 0.447456 0.711108 -0.621906 -0.327962
0.365080 -4.338833 4.156685 1.474677 0.213098 0.659744 -0.720644 -0.466874 -0.579166 -0.668278 0.858265 -0.478858 -0.184598
0.399840 -4.337512 6.520377 -38.263425 0.212336 0.655327 -0.724887 -0.506494 -0.560577 -0.655147 0.835690 -0.506262 -0.212888
0.234316 -11.686597 9.283303 19.498175 0.065365 -0.728471 0.681951 0.963204 -0.132486 -0.233847 0.260700 0.672144 0.693007
0.326252 -11.740494 15.909011 -14.312121 0.081627 -0.735442 0.672653 0.996612 0.053441 -0.062511 0.010026 0.675477 0.737313
-0.017733 -11.882726 13.625583 -4.313465 0.091370 -0.743566 0.662390 0.995629 0.055298 -0.075262 0.019333 0.666372 0.745369
1.038853 -10.271447 -14.175448 -75.209502 0.385377 -0.601056 0.700154 0.697285 -0.307284 -0.647589 0.604383 0.737772 0.300687
1.653266 -23.982826 36.727184 289.026014 0.185917 -0.489569 0.851914 -0.581089 0.644370 0.497114 -0.792320 -0.587460 -0.164684
0.677380 -7.293431 3.168260 -10.700723 0.025534 0.404863 -0.914021 0.112461 0.907352 0.405050 0.993328 -0.113134 -0.022363
0.118342 -7.635191 -11.142291 -44.058052 0.042989 0.387690 -0.920787 0.027134 0.920846 0.388982 0.998707 -0.041707 0.029067
0.249084 -7.347801 -3.841385 -15.838089 0.045044 0.431886 -0.900803 -0.023451 0.901927 0.431252 0.998710 0.001699 0.050754
0.583399 -18.294568 21.104382 -4.024242 -0.303331 0.416470 -0.857055 0.078828 0.907316 0.412994 0.949619 0.057714 -0.308047
0.392686 -19.937490 8.419138 245.035048 -0.266988 0.441023 -0.856864 0.318000 0.879656 0.353670 0.909722 -0.178057 -0.375102
-3.823232 -14.448202 31.041152 -15.066026 0.376779 -0.602708 0.703406 0.769389 -0.219242 -0.599978 0.515828 0.767252 0.381112
-3.825279 -14.163035 -41.304933 88.601039 -0.345777 0.616802 -0.707103 0.627163 -0.408602 -0.663107 0.697929 0.672756 0.245551
-4.234228 -13.998609 14.172134 23.863629 0.420959 -0.536646 0.731303 0.683719 -0.342086 -0.644597 0.596089 0.771355 0.222911
-1.644753 -7.408743 -150.761631 97.260324 0.358073 -0.450402 0.817876 -0.457283 0.679116 0.574189 -0.814049 -0.579603 0.037213
-1.733274 -395.981759 -401.244490 -23027.183593 0.378639 -0.441193 0.813623 -0.507011 0.636571 0.581135 -0.774321 -0.632556 0.017341
-3.267688 -11.949472 -256.032982 473.468801 0.262511 -0.354892 0.897296 -0.451743 0.776506 0.439279 -0.852652 -0.520663 0.043521
0.752204 -6.049393 -12.579762 16.112245 0.093840 0.556654 -0.825427 -0.696335 -0.555858 -0.454025 0.711556 -0.617379 -0.335456
0.657749 -4.491585 -0.282190 -104.769846 0.095810 0.565553 -0.819128 0.795846 0.450747 0.404297 0.597871 -0.690635 -0.406906
1.612928 -3.849262 7.361862 31.848629 0.096646 -0.681331 0.725567 0.929480 0.322509 0.179038 -0.355986 0.657097 0.664453
-2.152159 -8.282635 -59.911527 8.699343 -0.014148 -0.075260 -0.997064 0.668790 0.740570 -0.065389 0.743317 -0.667751 0.039856
-2.795913 -8.154648 -37.740758 -0.652844 -0.078119 -0.082139 -0.993555 0.748462 0.653502 -0.112875 0.658561 -0.752455 0.010427
-3.342970 -7.954034 -3.430629 18.340200 -0.076174 -0.026361 -0.996746 0.614062 0.786347 -0.067725 0.785573 -0.617223 -0.043712
-0.610258 -8.087538 -128.696958 -27.425567 0.038221 -0.079146 -0.996130 0.813060 0.581985 -0.015044 0.580923 -0.809339 0.086595
-0.246089 -8.137933 -142.586012 -0.218626 0.080515 -0.073339 -0.994052 0.713367 0.700764 0.006079 0.696150 -0.709613 0.108740
-0.670163 -8.381327 5.553825 -3.178353 0.198200 -0.603675 0.772200 0.254758 0.792481 0.554141 -0.946475 0.086894 0.310860
-0.692432 -7.909750 -4.670708 -5.545851 0.188737 -0.614751 0.765806 0.261439 0.783133 0.564227 -0.946588 0.093720 0.308526
-0.936866 -10.553313 11.955633 240.555967 0.217449 -0.571998 0.790908 0.205576 0.818959 0.535765 -0.954177 0.046090 0.295671
1.327767 -39.543504 -17.541428 953.296652 0.014148 0.587856 -0.808842 0.198173 0.791228 0.578521 0.980065 -0.168475 -0.105303
1.722717 -81.836980 -50.012388 2926.578076 -0.076000 0.536705 -0.840340 0.540148 0.730567 0.417746 0.838131 -0.422159 -0.345423
1.613362 -29.283908 -32.169457 503.239858 0.027834 0.605585 -0.795293 -0.092031 0.793775 0.601208 0.995367 0.056457 0.077827
1.907711 -39.791875 -23.770308 1319.459632 0.005453 0.615609 -0.788033 0.259246 0.760231 0.595684 0.965796 -0.207543 -0.155448
1.625579 -28.676945 -20.430004 532.680671 -0.009718 0.593258 -0.804954 0.102819 0.801318 0.589337 0.994653 -0.077037 -0.068785
-1.508632 -77.013184 51.297962 -2436.449046 -0.473243 0.571712 0.670214 0.629333 -0.312955 0.711336 0.616426 0.758423 -0.211693
-2.510085 -102.913076 0.500988 -3744.549028 -0.462428 0.574510 0.675351 0.620276 -0.334662 0.709407 0.633576 0.746954 -0.201598
-1.778097 -56.931623 -19.957890 1866.354263 -0.404482 0.627511 0.665300 -0.514572 0.445235 -0.732790 0.756049 0.638745 -0.142810
0.112917 -77.214472 -101.078807 2704.776141 -0.313781 0.612178 0.725796 -0.442234 0.582203 -0.682253 0.840221 0.535050 -0.088042
-0.179961 -23.992008 34.323513 -481.664044 -0.372918 0.447370 0.812891 0.637907 -0.512587 0.574743 0.673800 0.732881 -0.094228
2.232651 -18.141427 -0.823370 -97.683691 -0.273656 0.288922 0.917407 0.853895 -0.366026 0.369984 0.442692 0.884618 -0.146544
-7.496341 -9.839581 0.495802 -15.620550 -0.173731 0.882188 -0.437679 -0.413795 0.337906 0.845336 -0.893639 -0.327970 -0.306340
-7.342727 -9.915424 23.793412 -100.261943 -0.025981 0.836176 -0.547845 -0.580087 0.433713 0.689487 -0.814140 -0.335712 -0.473787
-4.927382 -10.723488 -102.582125 -179.007438 -0.189049 0.803554 -0.564413 -0.625940 0.344257 0.699775 -0.756610 -0.485581 -0.437895
-9.133495 -9.377050 -144.399278 35.329682 -0.249855 -0.361360 0.898327 -0.291972 0.912687 0.285929 -0.923214 -0.190846 -0.333547
-3.975952 -9.174909 -259.170177 40.016232 -0.273372 0.688929 -0.671301 -0.476440 0.509287 0.716681 -0.835627 -0.515755 -0.189009
-4.235547 -9.506216 344.315921 153.117682 0.282139 -0.585122 0.760283 -0.273584 0.710502 0.648336 -0.919538 -0.390922 0.040380
-5.750611 -9.166853 117.297631 38.435417 0.010767 -0.489468 0.871955 -0.224829 0.848493 0.479074 -0.974339 -0.201199 -0.100911
-1.016694 -8.184770 -15.704806 -65.089810 -0.175951 -0.583212 0.793036 -0.564751 0.719646 0.403938 -0.806286 -0.376795 -0.455992
-1.246218 -8.188525 -22.687849 -64.319056 -0.212973 -0.579895 0.786361 -0.551479 0.735714 0.393187 -0.806544 -0.349923 -0.476487
-0.734498 -7.108383 -4.468010 -76.098106 -0.171267 -0.589599 0.789329 -0.688441 0.644734 0.332215 -0.704781 -0.486510 -0.516326
-1.280885 -8.943900 -8.101908 -36.820465 -0.186819 -0.565746 0.803138 -0.412672 0.787097 0.458454 -0.891516 -0.245784 -0.380512
-0.711549 -7.840546 7.126719 -58.735087 -0.137804 -0.583622 0.800247 -0.585032 0.699914 0.409705 -0.799217 -0.411711 -0.437889
