18033
36052
-10.250736 -14.001647 249.895445 382.910420 0.501408 0.706446 -0.499524 0.137810 0.504765 0.852186 -0.854165 0.496132 -0.155738
-13.132225 -17.227849 -341.352673 439.808856 -0.464767 -0.507515 0.725549 0.175241 0.750495 0.637219 -0.867918 0.423304 -0.259867
-13.680665 -17.412929 -201.082428 891.528488 -0.271708 -0.156924 0.949500 0.399677 0.879110 0.259662 -0.875462 0.450046 -0.176142
-9.670926 -14.902019 -13.545274 208.058437 0.554198 0.740560 -0.380046 0.000015 0.456566 0.889689 -0.832385 0.493069 -0.253017
-10.266940 -15.589826 379.122998 1089.084228 -0.136550 -0.078159 0.987545 0.496693 0.857123 0.136516 -0.857117 0.509148 -0.078219
-8.176921 -11.490215 337.749302 380.202455 0.513884 0.760897 -0.396182 0.159256 0.369182 0.915610 -0.842948 0.533612 -0.068539
-7.062943 -12.731638 -59.873092 246.311086 0.545320 0.793523 -0.270089 0.029638 0.303760 0.952288 -0.837704 0.527306 -0.142128
13.093811 -16.354804 510.783258 -349.782952 -0.346787 -0.578031 0.738660 0.927826 -0.326772 0.179885 0.137395 0.747730 0.649632
13.830568 -20.981513 387.464573 -712.748643 -0.334153 -0.536506 0.774921 0.901762 -0.421146 0.097273 0.274167 0.731298 0.624528
10.452787 -18.635474 814.878477 -585.951933 -0.368319 -0.643569 0.670940 0.915122 -0.378260 0.139537 0.163988 0.665386 0.728265
14.445428 -16.744266 79.314498 -355.732162 -0.292548 -0.481081 0.826424 0.932673 -0.334281 0.135566 0.211040 0.810443 0.546484
12.908828 -14.574959 19.717709 41.898656 -0.305064 -0.493362 0.814574 0.946717 -0.249854 0.203224 0.103262 0.833167 0.543295
1.362037 -41.883076 -165.879142 -4573.918462 0.399729 0.757410 -0.516281 0.494173 0.296307 0.817309 -0.772016 0.581835 0.255849
-0.223937 -16.743532 -240.214417 -1165.888428 0.394291 0.770359 -0.501081 0.618010 0.181271 0.764986 -0.680145 0.611301 0.404616
-0.184645 -25.848182 -1103.636997 -120.013839 0.290571 0.863844 -0.411512 0.731380 0.076792 0.677633 -0.616970 0.497872 0.609485
0.127477 -79.431691 232.902882 -8442.943443 0.347466 0.709075 -0.613580 0.533705 0.388471 0.751165 -0.770990 0.588475 0.243457
-1.716572 -40.053909 1292.491450 4571.550596 -0.411166 -0.835061 0.365536 0.841075 -0.192919 0.505347 -0.351477 0.515224 0.781670
2.733683 -4.286720 350.011813 -28.439288 0.182078 0.680025 0.710221 0.871838 0.222356 -0.436413 -0.454694 0.698659 -0.552385
0.613902 -4.425782 144.302621 41.067850 -0.011239 0.616047 0.787629 0.875057 0.387233 -0.290389 -0.483889 0.685957 -0.543428
2.580495 -4.057378 337.598245 -68.280976 0.219815 0.692652 0.686960 0.851724 0.207082 -0.481334 -0.475654 0.690905 -0.544429
1.097948 -4.438396 208.894961 34.613288 -0.043062 0.597985 0.800349 0.888684 0.388960 -0.242799 -0.456494 0.700802 -0.548169
4.918553 -4.721566 348.931613 -55.851846 0.301470 0.732660 0.610185 0.832853 0.109211 -0.542613 -0.464190 0.671775 -0.577274
4.092673 -4.482530 338.069177 2.778658 0.149906 0.672484 0.724771 0.896027 0.217460 -0.387100 -0.417927 0.707444 -0.569965
-0.943942 -6.245646 47.698685 -22.237651 -0.503606 0.229278 0.832954 0.507554 0.858731 0.070495 -0.699121 0.458271 -0.548833
-0.935520 -5.687004 180.097619 -52.837232 -0.496076 0.227969 0.837818 0.521602 0.849647 0.077655 -0.694147 0.475531 -0.540399
-1.460447 -6.449419 110.664211 -67.030441 -0.462510 0.296727 0.835487 0.581992 0.812500 0.033617 -0.668857 0.501794 -0.548482
15.375779 -16.952944 -318.510122 -244.311379 0.143604 0.335182 0.931145 0.934625 0.263395 -0.238954 -0.325352 0.904586 -0.275445
13.000317 -12.477445 -465.750511 -155.503450 0.002001 0.409568 0.912277 0.907887 0.381693 -0.173353 -0.419210 0.828592 -0.371078
11.647676 -14.977868 -522.082558 -406.244800 0.120701 0.465555 0.876750 0.940423 0.229179 -0.251161 -0.317862 0.854831 -0.410156
15.693923 -14.664439 -157.757924 9.946840 0.035530 0.282330 0.958659 0.886265 0.434380 -0.160774 -0.461814 0.855338 -0.234786
14.061208 -19.176940 -503.143709 -582.843650 0.198109 0.412731 0.889048 0.951168 0.138093 -0.276060 -0.236710 0.900324 -0.365219
16.358232 -22.357209 -160.436994 -634.280491 0.232623 0.284605 0.929993 0.955835 0.109707 -0.272661 -0.179627 0.952347 -0.246515
16.136240 -18.200748 138.640097 59.141005 0.154490 0.180500 0.971366 0.917383 0.338802 -0.208860 -0.366800 0.923381 -0.113246
16.342370 -20.479595 66.996677 -336.460412 0.214341 0.193545 0.957391 0.945404 0.205248 -0.253150 -0.245498 0.959382 -0.138985
0.018542 -11.909682 -98.470687 -221.495407 0.465012 0.510570 -0.723244 -0.506746 0.823380 0.255447 0.725929 0.247715 0.641611
0.890515 -10.257733 -30.904117 -234.554146 0.423724 0.559364 -0.712439 -0.478755 0.805998 0.348081 0.768929 0.193594 0.609319
0.571295 -10.488955 -151.714854 -281.344513 0.469917 0.518653 -0.714267 -0.440465 0.839012 0.319452 0.764963 0.164494 0.622715
-0.339307 -11.623232 -91.720299 -185.683977 0.489857 0.461357 -0.739723 -0.463339 0.856517 0.227369 0.738483 0.231364 0.633335
-0.599253 -14.812489 -37.809546 -108.488662 0.180291 0.102308 -0.978278 0.894740 -0.430189 0.119906 -0.408578 -0.896923 -0.169098
-0.317050 -15.217322 -51.936771 -50.123338 0.186881 0.093219 -0.977950 0.906328 -0.400423 0.135026 -0.379006 -0.911577 -0.159318
-0.409269 -14.503827 -36.313951 -150.896030 0.172803 0.104007 -0.979450 0.858806 -0.502816 0.098124 -0.482277 -0.858114 -0.176209
-0.691831 -15.260042 -66.700755 17.454018 0.194570 0.090041 -0.976747 0.943565 -0.289254 0.161295 -0.268005 -0.953008 -0.141240
-0.480248 -13.955619 -18.721721 -146.105421 0.161059 0.117438 -0.979933 0.839884 -0.537753 0.073595 -0.518319 -0.834884 -0.185244
-0.879737 -14.834080 -60.604546 -68.825272 0.183148 0.103420 -0.977630 0.924701 -0.355726 0.135602 -0.333744 -0.928851 -0.160783
-0.624654 -14.365251 -11.125791 -120.313360 0.162174 0.117358 -0.979759 0.878812 -0.468733 0.089319 -0.448763 -0.875509 -0.179152
-0.105959 -40.600421 -16.182969 102.212111 0.315797 0.372581 -0.872614 -0.255962 0.919033 0.299769 0.913650 0.128690 0.385594
-0.261109 -40.035301 5.924943 266.884692 0.308698 0.395337 -0.865109 -0.492172 0.844692 0.210384 0.813924 0.360838 0.455329
-0.081438 -41.793344 3.278034 359.374833 0.309641 0.381793 -0.870836 -0.318904 0.904500 0.283160 0.895780 0.190035 0.401826
0.083856 -38.894016 50.812935 -203.978018 0.307331 0.386863 -0.869417 -0.412937 0.877349 0.244423 0.857340 0.283895 0.429386
2.002847 -34.600033 -177.196159 -500.971585 -0.133045 -0.204138 0.969859 0.051487 0.975814 0.212454 -0.989772 0.078201 -0.119316
0.862936 -35.443829 -104.835685 420.144962 -0.112673 -0.192984 0.974711 0.357915 0.907225 0.220996 -0.926931 0.373764 -0.033148
2.660903 -35.657738 -20.779818 -424.171953 -0.061947 -0.180584 0.981607 0.114280 0.975744 0.186717 -0.991515 0.123744 -0.039808
-2.659779 -7.086168 -462.038964 -127.973945 -0.410533 0.644108 0.645436 0.355024 0.764888 -0.537498 -0.839893 0.008485 -0.542686
-4.637527 -9.156925 -299.485052 -103.513393 -0.483881 0.352710 0.800909 0.271285 0.930557 -0.245904 -0.832024 0.098286 -0.545963
-2.134614 -7.686108 -295.458928 -126.767723 -0.479994 0.463770 0.744663 0.323644 0.882576 -0.341047 -0.815390 0.077305 -0.573728
1.214377 -5.164929 -535.391860 43.597070 -0.351722 0.772919 0.528098 -0.425586 -0.634501 0.645202 -0.833768 -0.002181 -0.552111
2.241600 -4.522810 -797.102054 108.991487 -0.274095 0.891031 0.361851 -0.433251 -0.450323 0.780707 -0.858583 -0.057215 -0.509471
-1.267014 -1.928908 135.854912 -30.108774 0.467719 0.758056 -0.454522 -0.272986 0.612988 0.741434 -0.840665 0.222705 -0.493645
0.171197 -2.089268 175.889206 -265.263032 0.474996 0.724509 -0.499464 -0.263986 0.658757 0.704521 -0.839458 0.202793 -0.504168
0.105467 -0.838481 -152.108191 11.532062 -0.519367 -0.615611 0.592690 -0.175464 0.755614 0.631079 -0.836343 0.223765 -0.500459
1.535142 -1.422300 196.893514 -264.415662 0.474648 0.726165 -0.497387 -0.267434 0.657366 0.704520 -0.838563 0.201380 -0.506219
-0.203245 -2.432440 -215.511136 427.087103 -0.526532 -0.097735 0.844519 0.150056 0.967090 0.205475 -0.836808 0.234914 -0.494538
1.294418 -1.383162 -232.904540 374.859603 -0.523496 -0.055678 0.850207 0.172216 0.970352 0.169585 -0.834442 0.235197 -0.498387
1.745509 -0.377939 -144.249688 11.636779 -0.547052 -0.398573 0.736121 -0.038365 0.890385 0.453588 -0.836219 0.219895 -0.502378
-0.105468 -19.002853 32.823545 539.513962 0.289354 0.123188 -0.949262 0.812361 -0.556135 0.175453 -0.506305 -0.821911 -0.260994
-0.325667 -25.471229 74.954661 1212.311154 0.240570 0.162421 -0.956946 0.757357 -0.648032 0.080405 -0.607072 -0.744093 -0.278908
-0.070192 -22.790539 50.928319 1133.476553 0.254407 0.151123 -0.955217 0.775275 -0.622317 0.108027 -0.578123 -0.768038 -0.275484
2.568308 -22.207339 232.165553 65.716879 -0.146996 -0.478843 0.865507 0.725971 0.542088 0.423209 -0.671832 0.690543 0.267941
2.088786 -21.266137 156.039377 -208.796640 -0.142725 -0.473692 0.869049 0.710984 0.561778 0.422974 -0.688571 0.678249 0.256608
2.426867 -22.405330 136.772939 -134.519807 -0.141580 -0.466814 0.872949 0.604451 0.657589 0.449683 -0.783960 0.591321 0.189065
3.166338 -23.658879 59.719500 132.934934 -0.174336 -0.445809 0.877987 0.596975 0.661242 0.454291 -0.783089 0.603335 0.150858
2.495913 -47.073382 1.714813 -1122.502964 -0.566231 0.112399 0.816547 0.031849 0.992902 -0.114589 -0.823631 -0.038878 -0.565792
2.576124 -52.682064 -10.590316 -979.886539 -0.581655 0.057581 0.811395 0.255745 0.959854 0.115217 -0.772186 0.274527 -0.573030
2.403121 -46.179725 116.149571 -937.134910 -0.547024 0.093260 0.831906 0.088176 0.994666 -0.053525 -0.832460 0.044075 -0.552330
1.474350 -39.649208 194.852023 -959.906435 -0.525556 0.114723 0.842988 -0.044983 0.985733 -0.162194 -0.849569 -0.123162 -0.512898
1.958964 -41.861195 98.829744 -687.061322 -0.554858 0.155281 0.817325 -0.134125 0.952879 -0.272087 -0.821062 -0.260593 -0.507885
1.668026 -44.873150 166.139824 -800.991887 -0.540318 0.061891 0.839182 0.197543 0.978750 0.055007 -0.817945 0.195496 -0.541062
3.076213 -40.747327 -77.891692 2058.218738 -0.291498 -0.039964 0.955736 0.816498 -0.530922 0.226830 0.498357 0.846478 0.187393
3.569601 -35.548588 19.724397 1634.441870 -0.294031 -0.092165 0.951342 0.830245 -0.517760 0.206443 0.473539 0.850547 0.228757
4.063475 -45.263596 84.930736 1998.278701 -0.235166 -0.086843 0.968068 0.927762 -0.316974 0.196939 0.289750 0.944450 0.155111
4.397510 -52.307505 13.891519 2283.243988 -0.283390 -0.025411 0.958668 0.918548 -0.294482 0.263725 0.275609 0.955319 0.106794
-0.497308 -7.671388 55.117806 12.626893 -0.163475 -0.439666 0.883159 0.929494 0.231376 0.287239 -0.330631 0.867847 0.370843
-1.454510 -7.679679 113.959640 -31.825084 -0.182785 -0.449800 0.874225 0.943480 0.169798 0.284628 -0.276468 0.876840 0.393341
-0.700849 -7.578520 -23.197238 -13.603941 -0.043886 -0.403843 0.913775 0.943992 0.282652 0.170255 -0.327036 0.870068 0.368820
-12.081619 -26.317594 292.811000 -303.785587 -0.140302 0.200424 0.969611 0.961159 0.262648 0.084788 -0.237673 0.943846 -0.229490
-12.478726 -26.640752 203.404613 -29.791368 -0.150365 0.278451 0.948607 0.988035 0.075629 0.134414 -0.034314 0.957468 -0.286492
-13.419128 -26.291527 138.357746 -254.970851 -0.175983 0.339093 0.924146 0.962302 0.257029 0.088939 -0.207374 0.904960 -0.371543
-12.922461 -24.113363 304.557556 -449.929663 -0.161532 0.266806 0.950117 0.903762 0.426696 0.033829 -0.396385 0.864144 -0.310054
2.778681 -116.276537 165.694923 -4493.350181 -0.645913 0.065133 0.760627 0.301785 0.936983 0.176036 -0.701229 0.343250 -0.624866
1.593693 -113.183013 165.986478 -6743.681151 -0.644982 0.061268 0.761738 0.236661 0.963792 0.122866 -0.726629 0.259520 -0.636128
3.086402 -121.954772 638.354569 -9464.008348 -0.617169 0.047541 0.785393 -0.040567 0.994923 -0.092102 -0.785784 -0.088704 -0.612107
1.637909 -9.168588 254.044426 72.001261 -0.073929 -0.368022 0.926874 0.455077 0.814558 0.359723 -0.887378 0.448393 0.107259
2.772828 -8.918208 62.487089 64.323649 -0.147985 -0.424833 0.893094 0.374636 0.811659 0.448172 -0.915286 0.400908 0.039044
3.224431 -7.678072 10.910182 61.418057 -0.110923 -0.314563 0.942733 0.468354 0.820102 0.328751 -0.876550 0.477999 0.056359
2.814838 -7.673916 193.186618 77.749742 -0.037724 -0.255321 0.966120 0.532099 0.813217 0.235689 -0.845841 0.522962 0.105178
0.159265 -9.295981 371.038948 143.380366 -0.033064 -0.317426 0.947707 0.519034 0.804882 0.287696 -0.854114 0.501404 0.138143
1.886239 -11.884427 536.656035 -12.167963 0.058731 0.360377 -0.930956 -0.654193 0.718306 0.236789 0.754044 0.595118 0.277943
5.451746 -12.414319 640.769962 -16.988327 0.087156 0.343490 -0.935103 -0.635650 0.741929 0.213286 0.767042 0.575809 0.283003
4.625557 -12.259314 670.027949 38.574386 0.104167 0.319069 -0.941989 -0.709052 0.687993 0.154628 0.697420 0.651813 0.297903
7.508834 -12.868401 331.451819 0.828102 0.158850 0.353654 -0.921789 -0.675905 0.719507 0.159569 0.719666 0.597694 0.353331
0.936615 -11.682365 557.615358 73.663271 0.082286 0.332108 -0.939645 -0.731564 0.660405 0.169349 0.676789 0.673476 0.297300
3.499819 -11.880694 -658.200063 -35.521126 -0.138086 -0.289813 0.947070 0.777225 -0.624400 -0.077750 0.613883 0.725350 0.311471
6.463534 -12.572772 -400.287298 -32.004386 -0.175192 -0.316685 0.932212 0.766038 -0.638638 -0.072991 0.618461 0.701322 0.354477
0.831739 -9.572216 7.885864 66.339683 -0.222019 -0.042666 0.974108 -0.520904 0.849715 -0.081507 -0.824237 -0.525513 -0.210878
0.711362 -10.769641 73.875753 -139.305658 -0.200618 -0.096455 0.974910 -0.508778 0.860676 -0.019544 -0.837196 -0.499933 -0.221742
0.838358 -9.827100 18.054797 -22.272694 -0.224166 -0.038893 0.973775 -0.465938 0.881880 -0.072038 -0.855951 -0.469867 -0.215809
-5.216627 -264.942815 729.953474 21670.820507 0.964621 -0.263639 0.000770 0.262207 0.959070 -0.106926 -0.027451 -0.103345 -0.994267
0.062003 -363.282419 -2659.887185 -3959.541716 0.974341 -0.215684 -0.064347 0.157452 0.857438 -0.489906 -0.160838 -0.467204 -0.869397
-8.578265 -350.757863 -416.140764 17586.264048 0.963184 -0.228602 -0.141480 0.173665 0.930790 -0.321667 -0.205222 -0.285255 -0.936223
19.476618 -3177.867409 7053.598736 393087.329134 0.896201 -0.403474 0.184479 0.408489 0.588219 -0.697951 -0.173091 -0.700862 -0.691977
-12.555016 -220.954141 1396.580699 22598.983312 0.990373 -0.097136 -0.098617 0.130778 0.890079 0.436642 -0.045364 0.445335 -0.894214
-8.876148 -158.265344 548.489421 14157.327744 0.972819 -0.137968 -0.185980 0.207137 0.877513 0.432510 -0.103528 0.459277 -0.882239
-6.187024 -328.913415 -748.204317 11160.805997 0.952725 -0.290838 -0.087906 0.153108 0.709469 -0.687904 -0.262435 -0.641924 -0.720459
-4.516385 -320.646755 871.631838 30031.425132 -0.947605 0.268801 0.172599 0.270637 0.962590 -0.013257 -0.169706 0.034149 -0.984903
-7.008370 -17.840055 70.185249 -270.220847 0.617036 0.010305 -0.786868 0.751553 -0.304175 0.585359 -0.233313 -0.952561 -0.195432
-6.925880 -16.757369 249.535637 -357.175346 0.601032 0.088738 -0.794284 0.771093 -0.325740 0.547092 -0.210182 -0.941286 -0.264205
-8.018750 -19.092843 304.106894 130.859448 0.580276 0.079270 -0.810553 0.809375 -0.166731 0.563127 -0.090505 -0.982811 -0.160909
-10.550494 -18.484852 230.534998 -145.334833 0.910931 0.412141 0.018539 -0.406458 0.904255 -0.130824 0.070682 -0.111637 -0.991232
-10.822537 -17.813561 31.475160 -194.752766 0.934620 0.352844 -0.044574 -0.351706 0.898363 -0.263148 0.052807 -0.261621 -0.963725
-11.755366 -18.963275 -49.093478 -213.509314 0.901311 0.416932 -0.117501 -0.429270 0.896031 -0.113383 -0.058011 -0.152633 -0.986579
-10.036130 -17.339655 296.939759 -64.901327 0.931392 0.349621 0.101362 -0.316608 0.915458 -0.248385 0.179633 -0.199252 -0.963344
-11.051396 -19.574235 -176.729852 -143.958860 -0.882201 -0.469672 0.033598 -0.469142 0.882831 0.022700 -0.040323 0.004264 -0.999178
-9.709408 -18.970403 302.137981 -90.904184 0.880833 0.467843 0.072499 -0.470563 0.881997 0.025533 0.051999 0.056606 -0.997042
-9.886000 -18.018370 -268.569292 -132.951896 -0.900192 -0.420001 -0.115128 -0.408182 0.905866 -0.113110 0.151797 -0.054827 -0.986890
-2.946542 -17.865350 -363.508917 -123.071468 0.469286 0.495632 -0.730835 -0.360552 0.863045 0.353774 0.806085 0.097483 0.583716
-2.363705 -17.722362 -361.149925 108.230349 0.497251 0.429915 -0.753601 -0.228817 0.902829 0.364065 0.836890 -0.008594 0.547304
-5.088490 -16.653653 -163.833749 80.875730 0.460016 0.439423 -0.771552 -0.263426 0.897372 0.354020 0.847934 0.040392 0.528561
-6.014292 -16.853890 -188.262388 -134.255362 0.433273 0.484164 -0.760171 -0.374570 0.863892 0.336732 0.819739 0.138840 0.555654
-1.362118 -9.408684 330.244367 -152.011386 0.241621 0.529580 -0.813120 0.796820 -0.586508 -0.145213 -0.553803 -0.612824 -0.563692
-3.241643 -10.334723 304.900082 -99.520147 0.275412 0.494474 -0.824405 0.811091 -0.579853 -0.076829 -0.516024 -0.647508 -0.560761
-3.177754 -9.296419 294.515561 -176.538060 0.269980 0.491219 -0.828139 0.773623 -0.622720 -0.117164 -0.573252 -0.609036 -0.548140
-3.566128 -10.014194 -51.789975 -145.175072 0.283171 0.432653 -0.855936 0.789262 -0.612153 -0.048314 -0.544867 -0.661876 -0.514820
-2.095189 -7.610100 -288.151245 248.919166 -0.255150 -0.510954 0.820868 -0.734252 0.654762 0.179333 -0.629104 -0.556968 -0.542231
-2.771268 -8.400369 -55.420756 244.840437 -0.281959 -0.444121 0.850444 -0.734358 0.670340 0.106596 -0.617429 -0.594474 -0.515152
-2.528367 -17.165116 -63.981052 687.603528 -0.022217 -0.316103 0.948465 0.968573 0.228279 0.098769 -0.247736 0.920852 0.301097
-1.762075 -26.117598 3.587066 1737.584535 -0.165810 -0.376697 0.911376 0.922074 0.268492 0.278732 -0.349695 0.886573 0.302824
-2.182302 -17.694585 -36.199282 810.184509 -0.084635 -0.353970 0.931419 0.951954 0.247384 0.180515 -0.294315 0.901946 0.316026
-2.539655 -28.188177 8.795661 1597.951898 -0.122467 -0.346306 0.930094 0.952651 0.221780 0.208014 -0.278313 0.911529 0.302748
-3.160847 -11.191143 -348.275191 -280.274919 -0.407378 -0.117553 0.905662 -0.040006 0.993026 0.110898 -0.912383 0.008946 -0.409240
-0.988167 -9.395617 -328.194831 -279.748542 -0.423208 -0.152626 0.893085 -0.077372 0.988197 0.132216 -0.902723 -0.013145 -0.430021
-2.587920 -7.936027 -261.187513 -286.186894 -0.415947 -0.006418 0.909366 -0.070240 0.997214 -0.025090 -0.906672 -0.074311 -0.415239
-5.102035 -8.728544 -268.810254 -263.644613 -0.396364 0.227686 0.889413 -0.002449 0.968495 -0.249022 -0.918090 -0.100881 -0.383319
-1.869705 -4.314223 -192.076948 -302.316707 -0.431924 0.090498 0.897358 -0.072933 0.988190 -0.134763 -0.898956 -0.123655 -0.420223
-3.287602 -5.368334 -144.412975 -184.701832 -0.387441 0.600475 0.699513 0.123855 0.785803 -0.605948 -0.913537 -0.148131 -0.378825
8.395605 -10.050643 -196.056679 130.109333 -0.431523 -0.041541 0.901145 -0.043253 0.998743 0.025328 -0.901064 -0.028048 -0.432777
8.063778 -9.299838 -150.001953 75.345548 -0.424885 -0.000088 0.905248 0.039876 0.999028 0.018813 -0.904369 0.044091 -0.424468
8.816415 -10.185245 127.170220 113.209364 -0.355489 -0.012100 0.934602 -0.009316 0.999912 0.009402 -0.934634 -0.005364 -0.355570
8.053007 -10.812473 182.679578 171.529912 -0.333783 -0.021260 0.942410 -0.068391 0.997657 -0.001716 -0.940166 -0.065025 -0.334455
-0.138897 -22.153255 -50.346463 270.560843 0.172305 0.276338 -0.945489 0.821418 -0.570076 -0.016922 -0.543677 -0.773725 -0.325216
-0.515562 -21.467065 -6.390680 23.103288 0.157244 0.303528 -0.939758 0.734904 -0.671630 -0.093960 -0.659689 -0.675858 -0.328674
-0.674937 -21.751011 -15.094837 215.466356 0.173425 0.284234 -0.942940 0.845556 -0.533860 -0.005409 -0.504935 -0.796370 -0.332920
-1.419813 -35.610589 91.247252 -602.096744 -0.100899 -0.332872 0.937558 -0.439853 0.860192 0.258067 -0.892384 -0.386349 -0.233207
-1.701640 -32.725683 -89.447239 -910.699784 -0.133915 -0.337546 0.931735 -0.657958 0.733357 0.171112 -0.741052 -0.590128 -0.320299
-1.576142 -33.694555 -78.684147 -634.286340 -0.120128 -0.333015 0.935238 -0.501928 0.833159 0.232196 -0.856526 -0.441529 -0.267235
-1.273004 -35.307768 -81.139134 278.946504 -0.121090 -0.337531 0.933493 -0.187280 0.931293 0.312442 -0.974814 -0.136991 -0.175983
-0.795350 -35.661922 91.048344 549.667784 -0.096392 -0.353450 0.930474 -0.081651 0.934484 0.346514 -0.991989 -0.042573 -0.118936
1.032608 -25.596936 157.537083 -1148.151557 -0.166414 -0.505886 0.846396 0.689905 0.553545 0.466496 -0.704512 0.661564 0.256896
0.440981 -31.965027 133.088220 -1023.304894 -0.166632 -0.520979 0.837146 0.827191 0.388221 0.406251 -0.536647 0.760174 0.366259
0.372642 -24.641630 94.104049 -1186.310805 -0.167074 -0.504608 0.847028 0.674780 0.567856 0.471393 -0.718859 0.650315 0.245625
0.784084 -20.721163 114.715319 -534.738459 -0.150416 -0.479480 0.864566 0.575100 0.668885 0.471013 -0.804137 0.568059 0.175138
1.428465 -23.912728 147.538319 -897.381535 -0.162718 -0.495817 0.853047 0.637667 0.606908 0.474388 -0.752930 0.621151 0.217411
7.825615 -3.893258 475.954641 -24.831910 -0.107679 0.939581 0.324951 -0.045676 0.321830 -0.945695 0.993136 0.116674 -0.008262
4.253194 -4.221767 432.456070 -15.627348 -0.163516 0.965062 0.204740 -0.030860 0.202428 -0.978811 0.986058 0.166369 0.003318
4.871235 -4.534242 466.898587 -80.912912 -0.144296 0.961478 0.233965 -0.056125 0.228107 -0.972017 0.987942 0.153389 -0.021048
3.294038 -5.595757 358.955528 -188.567464 -0.146796 0.973445 0.175656 -0.079377 0.165415 -0.983025 0.985977 0.158247 -0.052987
7.243104 -4.441013 423.048442 -82.760233 -0.093915 0.940535 0.326455 -0.072160 0.320612 -0.944458 0.992962 0.112256 -0.037759
65.266829 -10.004126 2347.841753 -186.247240 0.224794 0.942258 -0.248227 0.652651 0.043564 0.756406 -0.723543 0.332041 0.605173
46.578188 -13.400209 4410.907938 -345.511795 0.410976 0.741232 -0.530729 0.569853 0.245543 0.784204 -0.711594 0.624727 0.321481
84.807149 -15.968642 -9663.800015 -360.876856 -0.413456 -0.682468 0.602737 0.699662 0.185495 0.689975 -0.582690 0.706986 0.400803
-1.338260 -12.981009 102.260290 187.202446 0.456392 0.365564 -0.811215 0.775788 -0.609951 0.161594 -0.435729 -0.703081 -0.561977
-1.230298 -14.063745 26.026464 290.749137 0.474580 0.331573 -0.815373 0.708793 -0.693213 0.130649 -0.521907 -0.639934 -0.564002
-0.387861 -13.300712 149.046531 285.400199 0.471472 0.351052 -0.808997 0.762487 -0.623183 0.173946 -0.443089 -0.698860 -0.561486
-1.700753 -13.826267 1.263202 147.970160 0.449063 0.349745 -0.822205 0.700529 -0.709011 0.081012 -0.554619 -0.612358 -0.563397
-1.564745 -12.959983 71.841746 227.512021 0.438453 0.366226 -0.820754 0.771033 -0.622510 0.134123 -0.461809 -0.691635 -0.555314
-1.356015 -12.380326 41.972964 60.238386 0.429824 0.370779 -0.823270 0.808613 -0.563766 0.168267 -0.401742 -0.738032 -0.542137
7.057661 -30.830363 -134.086230 821.791910 0.059550 -0.460368 0.885729 0.858932 -0.428467 -0.280449 0.508615 0.777482 0.369909
8.035724 -29.494100 56.865668 994.323061 0.039264 -0.533980 0.844585 0.766557 -0.526097 -0.368256 0.640975 0.661882 0.388669
8.106232 -33.182633 259.579736 882.576918 0.015796 -0.547390 0.836729 0.892841 -0.368980 -0.258243 0.450095 0.751145 0.482904
5.389415 -29.397332 -417.126675 618.244306 0.091680 -0.362743 0.927369 0.868072 -0.427184 -0.252912 0.487899 0.828210 0.275723
5.032223 -26.893366 -343.481874 432.510737 0.096672 -0.396626 0.912876 0.750563 -0.573316 -0.328578 0.653689 0.716935 0.242269
-5.934063 -40.449209 176.629405 1028.374191 -0.543747 -0.512323 0.664729 0.748086 -0.654887 0.107196 0.380404 0.555562 0.739354
-4.191499 -36.188062 -212.646003 -895.013586 0.569336 0.527054 -0.630928 -0.676362 0.736553 0.004953 0.467322 0.423916 0.775826
-6.185933 -34.744778 -246.516418 -529.229932 0.567337 0.492735 -0.659803 -0.614425 0.786750 0.059220 0.548280 0.371802 0.749101
-7.508439 -35.376103 154.068080 687.582496 -0.530093 -0.476052 0.701695 0.698002 -0.714844 0.042330 0.481451 0.512223 0.711219
-6.426118 -35.018987 -424.498200 271.157156 0.581775 0.516103 -0.628630 -0.477426 0.842421 0.249783 0.658484 0.154807 0.736501
-8.159654 -34.188563 -303.891912 -1.538675 0.537619 0.495996 -0.681875 -0.587125 0.800633 0.119466 0.605186 0.336118 0.721647
-1.152541 -21.388816 -127.382189 337.478422 -0.387041 -0.460832 0.798645 0.866509 0.114321 0.485894 -0.315217 0.880094 0.355068
-0.734144 -22.065973 -16.274303 -20.531558 -0.422305 -0.476470 0.771126 0.882827 -0.023228 0.469124 -0.205612 0.878884 0.430449
-0.075354 -20.301505 -128.237384 -191.229847 -0.472582 -0.465213 0.748494 0.860526 -0.060324 0.505823 -0.190164 0.883141 0.428836
-0.542509 -19.050236 -100.665768 253.326158 -0.428626 -0.458440 0.778533 0.857459 0.065105 0.510416 -0.284682 0.886338 0.365188
-5.761581 -16.595080 189.470678 -512.166801 0.421959 0.892862 -0.157315 -0.648520 0.176002 -0.740571 0.633540 -0.414513 -0.653304
-4.440396 -17.093870 156.574125 -455.455176 0.456142 0.887706 -0.062547 -0.622308 0.267946 -0.735485 0.636135 -0.374409 -0.674648
-4.359392 -14.023259 169.917429 -407.922961 0.447341 0.885460 -0.125882 -0.570467 0.174094 -0.802657 0.688805 -0.430873 -0.583006
-6.346500 -15.513939 159.142529 -467.718907 0.364029 0.888669 -0.278838 -0.666984 0.039772 -0.744009 0.650088 -0.456821 -0.607206
-7.986978 -19.455361 121.469445 -494.770817 0.362919 0.891136 -0.272336 -0.760497 0.114376 -0.639189 0.538456 -0.439084 -0.719215
3.425901 -101.691180 161.262968 2467.060867 -0.679184 -0.421935 0.600567 -0.054133 0.844814 0.532314 -0.731969 0.329028 -0.596625
1.515046 -97.622232 111.658172 2002.822257 -0.652678 -0.458883 0.602858 -0.102345 0.841817 0.529971 -0.750691 0.284201 -0.596400
1.070106 -96.680195 -63.817942 -4502.503614 -0.670158 -0.441412 0.596694 -0.421456 0.888066 0.183614 -0.610953 -0.128430 -0.781180
3.626413 -107.565501 501.486073 -5563.314185 -0.655852 -0.406658 0.635994 -0.284894 0.913534 0.290330 -0.699067 0.009222 -0.714997
0.973838 -110.136530 255.397890 -8882.374971 -0.669671 -0.402405 0.624188 -0.542822 0.838817 -0.041603 -0.506838 -0.366683 -0.780166
0.480666 -97.302706 285.464184 -7459.132823 0.685858 0.411946 -0.599916 -0.626251 0.754004 -0.198211 -0.370687 -0.511642 -0.775122
5.546142 -36.818304 -1683.874865 -1507.071345 -0.648187 -0.250164 0.719217 0.740189 -0.428781 0.517946 0.178815 0.868081 0.463098
10.152795 -46.809265 724.284160 2887.565959 0.809636 0.177881 -0.559329 0.582785 -0.356741 0.730135 0.069659 0.917112 0.392497
-0.599254 -39.973977 1167.267085 3173.431180 0.868043 0.031544 -0.495487 0.455719 -0.446675 0.769936 0.197034 0.894140 0.402108
35.564387 -603.567796 -2126.896401 -88544.412791 -0.504828 -0.383145 0.773530 0.857740 -0.121838 0.499437 -0.097112 0.915618 0.390146
121.083501 -1116.181181 -31057.382692 -182635.391241 -0.323136 -0.151197 0.934196 0.474334 0.828326 0.298133 -0.818896 0.539459 -0.195944
3.554190 -1052.381146 -402.404998 -26017.895308 -0.419382 -0.426058 0.801619 0.626310 0.503422 0.595233 -0.657157 0.751692 0.055718
15.457591 -126.950098 -1.532270 -12661.623457 -0.459859 -0.469664 0.753622 0.869359 -0.065173 0.489865 -0.180956 0.880437 0.438277
12.034565 -1160.109969 -1284.661616 -176214.762375 -0.589183 -0.406800 0.698124 0.638988 -0.763397 0.094440 0.494528 0.501735 0.709721
32.633799 -537.087737 4043.599107 112629.236811 0.494896 0.369177 -0.786629 -0.507968 0.857387 0.082804 0.705015 0.358603 0.611848
2.140492 -10.565032 -20.785635 -63.835509 0.419216 0.261641 -0.869369 0.856717 -0.430938 0.283422 -0.300489 -0.863618 -0.404809
2.548545 -10.569716 -97.653540 -13.473394 0.404085 0.278953 -0.871149 0.862030 -0.434696 0.260660 -0.305973 -0.856286 -0.416120
1.900101 -10.092356 -13.532007 -41.477908 0.399024 0.281006 -0.872820 0.838654 -0.496701 0.223491 -0.370728 -0.821172 -0.433862
1.925790 -9.802814 43.208452 -60.062582 0.408737 0.257401 -0.875602 0.836452 -0.489434 0.246583 -0.365078 -0.833186 -0.415353
1.861233 -9.204743 35.219715 -88.254411 0.373311 0.288296 -0.881773 0.815230 -0.555581 0.163492 -0.442762 -0.779881 -0.442432
1.822414 -9.717303 -35.248732 -98.041957 0.354183 0.311534 -0.881760 0.822873 -0.551817 0.135568 -0.444336 -0.773592 -0.451797
1.576735 -29.552091 70.317568 426.254041 0.406935 0.406098 -0.818222 0.674817 0.470062 0.568914 0.615650 -0.783662 -0.082758
2.077182 -31.355642 -4.438848 657.772770 0.393776 0.378330 -0.837739 0.791739 0.323424 0.518214 0.467001 -0.867331 -0.172183
1.554484 -27.285415 8.777342 493.146723 0.401082 0.383842 -0.831744 0.689395 0.471423 0.549996 0.603215 -0.793993 -0.075540
1.263699 -26.113723 0.473023 57.370574 0.415076 0.391327 -0.821326 0.584014 0.577607 0.570350 0.697596 -0.716404 0.011210
1.025971 -27.664144 26.014154 -14.760269 0.419100 0.422976 -0.803397 0.506623 0.625351 0.593523 0.753451 -0.655765 0.047795
-0.906547 -23.414853 -153.928279 -79.842424 0.428523 0.354365 -0.831140 0.656045 0.510478 0.555894 0.621268 -0.783478 -0.013728
-0.262232 -24.958340 -109.188264 -74.055045 0.434814 0.354279 -0.827903 0.574255 0.599089 0.557963 0.693662 -0.718038 0.057046
-0.491622 -24.617868 -155.064125 141.997986 0.405265 0.328211 -0.853252 0.718672 0.462488 0.519244 0.565041 -0.823640 -0.048446
-4.825151 -8.274553 -295.929643 -44.414502 0.128320 0.331487 -0.934693 0.867346 0.419487 0.267845 0.480879 -0.845072 -0.233685
-5.030934 -9.226319 -208.431892 -131.076092 -0.006695 0.279726 -0.960057 0.838576 0.524578 0.146996 0.544743 -0.804096 -0.238084
-3.690779 -8.613876 -241.120568 -155.507235 0.015174 0.257404 -0.966185 0.847226 0.509867 0.149140 0.531015 -0.820840 -0.210343
-2.629717 -7.668496 -254.211968 -83.349707 0.110811 0.297215 -0.948359 0.859754 0.450006 0.241489 0.498541 -0.842115 -0.205666
-44.907631 -89.018995 -844.761221 8294.240786 0.704075 0.707467 0.061385 -0.067389 0.152618 -0.985985 0.706921 -0.690071 -0.155130
-52.037760 -88.090308 -1352.084868 4397.055333 0.683382 0.728234 0.051617 0.192674 -0.111707 -0.974884 0.704178 -0.676163 0.216650
-37.643560 -90.518827 -1660.617864 7711.957012 0.815182 0.535091 0.221711 0.170558 0.144048 -0.974762 0.553523 -0.832423 -0.026161
-33.760523 -74.796582 -1685.031875 476.154792 0.812843 0.513295 0.275343 0.437416 -0.225747 -0.870463 0.384647 -0.827989 0.408020
-33.942170 -87.907927 -1854.116064 8701.928798 0.836110 0.453775 0.308233 0.087316 0.444639 -0.891444 0.541567 -0.772259 -0.332146
-3.898626 -70.828143 -375.708776 -4939.937494 0.898940 0.184635 0.397261 0.330614 -0.880889 -0.338717 -0.287404 -0.435826 0.852910
-9.983732 -50.947726 -736.783348 -1617.546266 0.902663 0.181649 0.390132 0.315961 -0.895227 -0.314224 -0.292178 -0.406905 0.865483
-7.564027 -50.861820 -488.462744 -1351.731952 0.912112 0.101004 0.397303 -0.214924 0.943116 0.253651 -0.349083 -0.316748 0.881936
-15.526187 -24.088247 -51.024902 1139.063428 -0.223687 0.140825 0.964434 0.368017 0.928462 -0.050216 -0.902512 0.343695 -0.259511
-14.162789 -20.146115 -395.911660 387.097139 -0.458456 -0.374381 0.806013 0.122944 0.871503 0.474730 -0.880172 0.316737 -0.353518
-10.679949 -17.800870 86.060876 360.976154 -0.520121 -0.591653 0.615972 0.031580 0.707385 0.706122 -0.853509 0.386721 -0.349242
9.727785 -22.029555 812.494271 -469.174730 -0.380360 -0.635572 0.671844 0.864691 -0.502094 0.014553 0.328079 0.586472 0.740550
15.376638 -20.398512 -14.420765 -721.650377 -0.258676 -0.416877 0.871379 0.920868 -0.378833 0.092129 0.291701 0.826256 0.481883
13.015500 -24.078188 400.190180 -405.673336 -0.346635 -0.534586 0.770754 0.811789 -0.582645 -0.039026 0.469939 0.612162 0.635936
15.674972 -24.476430 20.735986 -741.277721 -0.278499 -0.426359 0.860614 0.853078 -0.521482 0.017711 0.441243 0.739104 0.508950
-2.694694 -21.319746 439.890893 -508.430877 -0.291544 -0.330801 0.897537 0.793998 0.439579 0.419925 -0.533450 0.835069 0.134498
-6.920097 -32.545111 -1109.069359 -3205.805962 -0.390128 -0.246069 0.887271 0.655740 0.602220 0.455341 -0.646378 0.759461 -0.073586
-14.505261 -37.740004 -2120.847154 3215.698848 -0.089128 0.015088 0.995906 0.957442 0.276881 0.081491 -0.274518 0.960786 -0.039124
-3.346160 -14.237834 287.243961 -691.685097 0.022339 -0.168455 0.985456 0.746438 0.658545 0.095652 -0.665080 0.733445 0.140453
-2.101922 -18.105932 623.018643 360.331688 -0.421178 -0.416672 0.805601 0.813649 0.218862 0.538586 -0.400729 0.882317 0.246845
-3.774330 -15.075156 857.882158 -271.459043 -0.128924 -0.282303 0.950623 0.807525 0.526511 0.265873 -0.575570 0.801929 0.160087
-3.279215 -15.048109 816.571762 97.956686 -0.261921 -0.351458 0.898819 0.835269 0.383986 0.393549 -0.483449 0.853834 0.192988
-0.798066 -5.778119 93.625931 160.699779 -0.285419 0.457119 0.842365 0.817204 0.575268 -0.035282 -0.500714 0.678313 -0.537752
-0.658467 -5.350088 -1.175929 181.045819 -0.261544 0.477972 0.838533 0.810907 0.579997 -0.077676 -0.523473 0.659656 -0.539286
0.647803 -3.757869 162.544012 2.655964 0.107584 0.665155 0.738915 0.860521 0.309932 -0.404284 -0.497925 0.679346 -0.539036
-0.288665 -5.689785 -83.734946 -166.478659 -0.641728 -0.054785 0.764973 0.203888 0.949365 0.239029 -0.739334 0.309360 -0.598065
-0.982158 -6.380354 27.047212 -79.227329 -0.574429 0.101985 0.812176 0.377548 0.913374 0.152336 -0.726284 0.394142 -0.563173
4.022356 -7.753353 -556.338334 -175.020143 -0.623229 0.051459 0.780344 0.296190 0.939029 0.174632 -0.723779 0.339966 -0.600472
4.983329 -6.136294 -558.600263 -294.108775 -0.661652 -0.066838 0.746826 0.149738 0.964178 0.218951 -0.734708 0.256698 -0.627942
12.368460 -9.205050 -1280.521886 -22.892350 -0.634559 0.075379 0.769189 0.338777 0.921655 0.189161 -0.694668 0.380618 -0.610382
11.335624 -8.312292 -1181.896683 -375.162480 -0.647068 -0.002846 0.762427 0.211896 0.959926 0.183418 -0.732395 0.280240 -0.620534
8.810217 -10.888326 -396.211182 -308.196197 -0.003453 0.500374 0.865803 0.926962 0.326401 -0.184940 -0.375138 0.801928 -0.464955
9.815036 -9.329476 -568.843131 35.299854 -0.159334 0.449546 0.878932 0.885136 0.459335 -0.074476 -0.437204 0.766107 -0.471097
-4.979899 -9.755663 50.765291 -384.097287 0.045319 0.361106 -0.931423 0.185678 0.913089 0.363033 0.981565 -0.189397 -0.025669
-4.609957 -6.725560 74.688012 -489.620288 0.002226 0.186800 -0.982395 0.266096 0.946868 0.180648 0.963944 -0.261813 -0.047599
-3.987505 -6.777590 131.109401 -398.251992 -0.053171 0.108273 -0.992698 0.243494 0.965504 0.092265 0.968444 -0.236810 -0.077701
-4.504906 -9.533067 73.563583 -248.101809 -0.017617 0.301700 -0.953240 0.158785 0.942133 0.295250 0.987156 -0.146159 -0.064503
-3.653219 -7.341064 133.939241 -362.005276 -0.086321 0.076478 -0.993328 0.214015 0.975196 0.056484 0.973009 -0.207711 -0.100547
-2.339295 -4.908556 302.140314 -226.079609 -0.198536 -0.361406 -0.911026 0.199073 0.895284 -0.398544 0.959663 -0.260486 -0.105800
0.306489 -14.560843 -44.743158 -144.705428 0.186799 0.093929 -0.977898 0.856291 -0.503481 0.115209 -0.481531 -0.858886 -0.174480
0.332360 -15.443656 -23.021301 -25.541845 0.186788 0.101622 -0.977130 0.916668 -0.375743 0.136152 -0.353314 -0.921135 -0.163338
-0.104751 -15.597748 -41.641951 47.453023 0.200011 0.092089 -0.975456 0.951584 -0.255434 0.171002 -0.233418 -0.962431 -0.138720
0.749094 -28.485528 20.878425 -688.069532 -0.096781 -0.302296 0.948288 0.976646 -0.212465 0.031945 0.191821 0.929234 0.315798
1.517805 -27.620626 -68.978948 -416.048363 -0.112191 -0.290585 0.950249 0.954327 -0.297985 0.021549 0.276898 0.909266 0.310744
0.804160 -25.979946 -12.807974 -871.545418 -0.071111 -0.313545 0.946907 0.993137 -0.110627 0.037952 0.092854 0.943107 0.319260
-0.255048 -39.790234 -25.760614 472.065264 0.304149 0.414715 -0.857616 -0.539113 0.817164 0.203961 0.785399 0.400317 0.472118
-0.350863 -37.246560 21.788025 465.933697 0.292744 0.411408 -0.863160 -0.682182 0.722405 0.112955 0.670021 0.555765 0.492135
-0.194244 -41.136832 -31.323520 577.580102 0.309097 0.411083 -0.857595 -0.505736 0.834730 0.217844 0.805413 0.366382 0.465912
-0.101658 -38.149601 -73.531811 288.479296 0.306353 0.431795 -0.848352 -0.685604 0.718341 0.118039 0.660374 0.545472 0.516107
6.587474 -30.307744 -214.503244 -1361.608603 0.011612 -0.203375 0.979032 -0.348597 0.916850 0.194592 -0.937201 -0.343547 -0.060249
5.443614 -23.432180 3.185848 -1019.850450 0.002839 -0.200752 0.979638 -0.452632 0.873285 0.180270 -0.891693 -0.443927 -0.088388
5.177607 -30.429068 19.692351 -1069.018463 -0.001685 -0.177771 0.984070 -0.243052 0.954635 0.172038 -0.970012 -0.238891 -0.044816
4.196376 -25.991451 32.670877 -1043.766934 -0.044959 -0.207653 0.977169 -0.392702 0.903086 0.173842 -0.918566 -0.375920 -0.122148
-7.995675 -10.730512 -265.175801 58.594038 -0.448130 0.199480 0.871428 0.308363 0.949452 -0.058766 -0.839102 0.242381 -0.486990
-6.545998 -10.496838 -276.315541 -16.040750 -0.482451 0.226567 0.846114 0.255048 0.960448 -0.111756 -0.837969 0.161883 -0.521155
-8.804479 -10.302523 -264.452690 -60.831387 -0.413019 0.240221 0.878470 0.241392 0.958961 -0.148739 -0.878149 0.150624 -0.454056
-10.473466 -10.607019 -223.978660 -9.269815 -0.327627 0.284299 0.901019 0.326747 0.928903 -0.174287 -0.886508 0.237304 -0.397228
-9.339953 -10.607636 -210.590229 -139.846124 0.325895 0.812380 -0.483560 -0.231037 0.564412 0.792503 -0.916741 0.146552 -0.371629
-7.935263 -9.239088 -300.856534 -221.686173 0.310946 0.746847 -0.587820 -0.271716 0.662520 0.698024 -0.910759 0.057328 -0.408939
-1.614840 -2.951110 81.433489 -248.082771 0.471192 0.719245 -0.510554 -0.250599 0.664151 0.704347 -0.845682 0.203938 -0.493184
2.306986 -3.117156 298.314006 -379.463448 0.484792 0.698044 -0.526983 -0.247110 0.687289 0.683060 -0.838995 0.200919 -0.505686
-1.048171 -27.718981 75.153761 1127.784489 0.211660 0.176465 -0.961281 0.733318 -0.678887 0.036841 -0.646099 -0.712722 -0.273098
-0.972995 -33.191935 -74.231501 -1287.138183 -0.220849 -0.171618 0.960090 -0.617270 0.786750 -0.001358 -0.755118 -0.592935 -0.279688
-0.327147 -21.301890 91.073168 676.821421 0.266817 0.142219 -0.953196 0.810991 -0.567479 0.142342 -0.520675 -0.811013 -0.266751
1.340307 -22.348397 67.673330 -113.628875 -0.127880 -0.459741 0.878798 0.652958 0.627920 0.423511 -0.746520 0.627977 0.219893
1.800992 -56.178365 -75.798618 -1907.438930 -0.600291 0.093131 0.794341 0.072748 0.995438 -0.061732 -0.796466 0.020729 -0.604327
1.763783 -66.200073 -138.406027 -1604.875155 -0.633145 0.052869 0.772226 0.340709 0.914852 0.216712 -0.695015 0.400314 -0.597246
2.063682 -59.000477 -95.553445 -276.069457 -0.620837 0.025556 0.783523 0.480221 0.802391 0.354339 -0.619637 0.596251 -0.510426
2.828781 -52.571497 -35.087110 -441.676460 -0.597710 0.038308 0.800796 0.443256 0.848096 0.290273 -0.668032 0.528456 -0.523896
3.166362 -31.951942 116.872867 841.382839 -0.315574 -0.132317 0.939630 0.821255 -0.534134 0.200602 0.475345 0.834981 0.277225
2.885201 -28.296697 101.948489 261.402510 -0.341809 -0.103745 0.934026 0.745375 -0.635237 0.202214 0.572349 0.765317 0.294459
2.370451 -29.971726 128.313127 -212.548357 -0.328863 -0.144801 0.933211 0.747871 -0.643337 0.163726 0.576661 0.751764 0.319862
2.328942 -32.079962 125.777127 656.256255 -0.313163 -0.157199 0.936599 0.838749 -0.508356 0.195123 0.445453 0.846677 0.291049
1.636312 -8.348812 31.362883 14.057074 -0.225448 -0.457301 0.860261 0.861981 0.317892 0.394885 -0.454051 0.830555 0.322516
0.943248 -8.093687 48.917111 21.307158 -0.256235 -0.464199 0.847858 0.886382 0.237048 0.397661 -0.385577 0.853421 0.350718
0.644717 -7.854748 27.313458 32.579521 -0.185752 -0.442029 0.877557 0.901869 0.277815 0.330835 -0.390037 0.852895 0.347047
-11.274076 -26.801320 245.560770 76.844391 -0.116687 0.179407 0.976830 0.992737 -0.007938 0.120045 0.029291 0.983743 -0.177177
-12.062374 -26.183830 148.260467 277.052760 -0.147170 0.274812 0.950168 0.966927 -0.162340 0.196719 0.208311 0.947694 -0.241832
89.048516 -425.514815 -4560.150197 38890.084340 0.928445 -0.353712 0.113479 -0.080204 -0.489159 -0.868499 -0.362707 -0.797253 0.482526
-5.489052 -34.520072 121.880790 -4593.439943 0.093739 0.023158 -0.995327 0.957140 -0.277269 0.083692 -0.274035 -0.960513 -0.048156
3.251446 -75.878366 -262.251964 -6959.447325 0.241932 -0.057713 -0.968575 0.964177 -0.097603 0.246649 -0.108770 -0.993551 0.032032
8.097549 -465.991768 -1689.738487 -53748.747269 0.233343 -0.089859 -0.968234 0.820761 -0.515751 0.245667 -0.521443 -0.852013 -0.046594
84.501585 -866.489985 -287.794708 34580.156874 0.278167 -0.402649 0.872065 0.512122 0.830261 0.219993 -0.812622 0.385409 0.437157
3.360825 -7.381269 -95.628149 76.357426 -0.166320 -0.354666 0.920081 0.417698 0.819888 0.391550 -0.893233 0.449439 0.011779
