18033
36044
-4.205002 -6.862617 -32.736759 -66.161382 0.459441 0.888003 -0.019101 0.786329 -0.396648 0.473664 -0.413039 0.232640 0.880498
-4.995761 -7.975955 -32.538450 -64.113670 0.281808 0.951810 -0.121004 0.904407 -0.221405 0.364729 -0.320362 0.212220 0.923218
-6.320359 -7.905742 -106.455903 -124.499996 -0.020095 0.960319 -0.278179 0.926141 0.122696 0.356663 -0.376642 0.250466 0.891857
-4.261761 -7.518793 30.713915 -59.470370 0.407121 0.913374 -0.001128 0.851823 -0.379239 0.361353 -0.329622 0.148075 0.932429
-5.635596 -6.370296 12.292994 -126.575236 -0.173873 0.896673 -0.407118 0.857670 0.341036 0.384833 -0.483911 0.282261 0.828347
-4.081461 -6.280762 -12.453517 -45.891980 0.622105 0.771947 0.130705 0.638930 -0.597042 0.485087 -0.452497 0.218264 0.864643
3.890096 -7.089495 -40.809323 -19.549003 0.164747 0.903656 -0.395303 -0.072146 0.410746 0.908891 -0.983694 0.121218 -0.132864
4.379390 -6.107852 -54.963049 29.974096 0.218755 0.923522 -0.315045 -0.042426 0.331561 0.942479 -0.974857 0.192806 -0.111712
3.063851 -6.841385 -39.020044 52.375177 0.157240 0.864617 -0.477193 0.080100 0.470446 0.878786 -0.984307 0.176404 -0.004717
2.306073 -8.364239 -24.174372 -22.726707 0.110787 0.834198 -0.540223 0.049865 0.538218 0.841329 -0.992592 0.120146 -0.018030
3.551869 -5.352996 -94.625781 18.688182 0.119811 0.778621 -0.615951 0.226064 0.582726 0.780593 -0.966716 0.232768 0.106201
2.236075 -6.894328 -39.141797 27.268712 0.097877 0.775399 -0.623840 0.201449 0.598437 0.775430 -0.974597 0.201568 0.097630
0.886530 -11.373282 14.694353 473.479748 -0.061400 0.864037 -0.499670 0.683350 0.401278 0.609925 -0.727504 0.304000 0.615078
1.351540 -6.717940 301.372747 153.421146 -0.127215 0.726417 -0.675377 0.621050 0.589250 0.516799 -0.773378 0.353698 0.526103
0.346685 -5.910904 -206.073496 297.609992 0.208336 -0.621489 0.755214 0.655988 0.661517 0.363420 -0.725448 0.419698 0.545507
0.351988 -4.509853 2.034903 357.194563 0.368911 -0.526544 0.765935 0.639818 0.741600 0.201648 -0.674194 0.415669 0.610477
4.097482 -9.482466 -233.223210 -5.295548 0.073074 -0.619479 0.781605 0.867532 0.426083 0.256595 -0.491983 0.659317 0.568554
2.345015 -9.562862 -102.808458 -7.307677 0.108630 -0.611144 0.784030 0.896220 0.401451 0.188753 -0.430104 0.682159 0.591329
5.586885 -9.082766 -235.963417 162.506003 0.050671 -0.598473 0.799539 0.948456 0.279601 0.149179 -0.312832 0.750769 0.581792
1.987372 -8.979738 -135.301720 -93.567645 0.075706 -0.623017 0.778536 0.809375 0.494422 0.316953 -0.582392 0.606132 0.541685
7.453530 -8.277186 -211.198336 77.757257 0.083468 -0.677186 0.731062 0.893523 0.375660 0.245959 -0.441190 0.632691 0.636437
4.575386 -8.651605 268.779107 -154.402906 -0.044699 0.628733 -0.776335 0.771019 0.515860 0.373388 -0.635242 0.581879 0.507824
-0.104217 -2.365514 3.136043 16.314329 -0.140222 0.958975 -0.246382 0.901721 0.226464 0.368256 -0.408945 0.170531 0.896484
0.198852 -2.261814 2.976930 -10.123917 -0.255848 0.920326 -0.295875 0.850663 0.359729 0.383363 -0.459254 0.153607 0.874923
0.021599 -2.451102 12.629653 -16.976714 -0.223435 0.932981 -0.282177 0.854629 0.326726 0.403559 -0.468707 0.150987 0.870354
-1.612444 -6.581495 50.917054 65.557171 -0.147196 -0.837941 0.525537 0.923546 0.073786 0.376321 -0.354112 0.540750 0.763016
-1.964536 -7.271642 69.824821 4.582861 -0.096035 -0.837381 0.538117 0.878010 0.183412 0.442107 -0.468909 0.514930 0.717615
-0.575536 -5.857945 86.128320 68.078440 0.056824 -0.824578 0.562887 0.933299 0.244105 0.263375 -0.354577 0.510376 0.783449
-0.174044 -3.613469 84.001485 232.320577 0.046576 -0.825636 0.562277 0.967706 0.176897 0.179592 -0.247742 0.535754 0.807212
-0.884885 -4.152974 16.465835 216.016681 -0.264305 -0.834307 0.483812 0.931764 -0.091424 0.351365 -0.248914 0.543667 0.801541
-0.614100 -7.660552 -12.243673 -141.233802 0.018759 0.743291 -0.668705 0.073569 0.665983 0.742330 -0.997114 0.063121 0.042190
-1.080384 -12.329223 -39.243143 -289.481198 0.012848 0.810543 -0.585538 0.155187 0.576874 0.801956 -0.987802 0.101172 0.118374
-1.974309 -14.418265 -9.936662 -353.653193 0.024218 0.713494 -0.700242 0.195747 0.683505 0.703210 -0.980355 0.154100 0.123111
0.347886 -16.573437 0.185644 161.377226 -0.105277 0.780239 -0.616558 0.181935 -0.594428 -0.783298 0.977659 0.194637 0.079373
0.455423 -16.395747 -1.674478 104.633521 -0.087989 0.779457 -0.620246 0.029822 -0.620320 -0.783781 0.995675 0.087461 -0.031336
0.432493 -16.520975 1.982012 95.777964 -0.093548 0.774798 -0.625249 0.226383 -0.595000 -0.771185 0.969536 0.213689 0.119740
2.283978 -4.173185 -18.023535 8.402477 0.220738 0.711054 -0.667590 0.376552 0.569275 0.730845 -0.899713 0.412707 0.142088
1.886026 -3.805705 -30.701285 13.152451 0.205246 0.756228 -0.621284 0.327470 0.545147 0.771737 -0.922300 0.361848 0.135753
1.694658 -3.951476 -12.537235 -2.632802 0.209746 0.677410 -0.705069 0.316332 0.635313 0.704494 -0.925171 0.370800 0.081032
1.642147 -4.298597 -33.038486 -9.333043 -0.230732 -0.616449 0.752830 0.354672 0.667193 0.655028 -0.906074 0.418144 0.064694
5.503106 -9.059229 -125.652279 87.832153 0.203787 -0.368046 0.907201 -0.009953 0.925819 0.377835 -0.978965 -0.086028 0.185007
4.131056 -9.284658 -84.968020 78.375112 0.150030 -0.409351 0.899957 0.020504 0.911352 0.411117 -0.988469 -0.043227 0.145124
4.518947 -8.426845 -108.067672 -15.390464 0.180297 -0.404935 0.896393 0.103409 0.914081 0.392126 -0.978161 0.021996 0.206680
0.132034 -5.820004 5.573419 41.739045 0.158439 -0.844331 0.511861 0.953534 -0.003704 -0.301263 0.256262 0.535808 0.804512
0.387816 -5.159557 -3.140726 7.281306 0.204461 -0.834475 0.511710 0.907766 -0.033966 -0.418100 0.366275 0.549998 0.750563
0.157033 -6.094733 1.738787 44.507270 0.129956 -0.845888 0.517286 0.946706 -0.049216 -0.318317 0.294719 0.531085 0.794411
0.787134 -3.310363 177.453726 29.186773 0.210251 0.810282 -0.547026 0.299598 0.479212 0.824983 -0.930610 0.337341 0.142004
0.676420 -2.522861 151.953779 34.994339 0.193430 0.802682 -0.564169 0.369991 0.472894 0.799674 -0.908676 0.363418 0.205514
2.738529 -3.221064 189.495476 31.466001 0.156482 0.773749 -0.613861 0.322548 0.547408 0.772209 -0.933529 0.318837 0.163912
2.856264 -3.904126 216.200712 25.806487 0.180847 0.789840 -0.586043 0.235971 0.543618 0.805480 -0.954784 0.283958 0.088067
4.403359 -3.924443 111.350053 27.920887 0.096370 0.783567 -0.613789 0.255886 0.576429 0.776049 -0.961891 0.231847 0.144954
4.043874 -3.266770 98.765847 30.026439 0.069241 0.759000 -0.647398 0.339780 0.592212 0.730640 -0.937953 0.270563 0.216887
0.090219 -12.308545 -6.640380 -95.358990 -0.088043 -0.652561 0.752603 -0.559214 0.657624 0.504788 -0.824335 -0.376423 -0.422820
0.037825 -12.286777 5.834433 1.249232 0.033665 0.700253 -0.713100 -0.673961 0.542771 0.501175 -0.737999 -0.463730 -0.490216
-0.138819 -11.338392 -19.948217 -32.026601 0.040604 0.671318 -0.740056 -0.676391 0.563620 0.474159 -0.735422 -0.481315 -0.476959
-0.665497 -21.309731 11.009155 172.630685 -0.453602 0.862044 -0.226111 -0.796316 -0.505963 -0.331485 0.400159 -0.029693 -0.915965
-0.864050 -18.210889 0.846387 180.714758 -0.423219 0.873475 -0.240679 -0.864974 -0.468583 -0.179583 0.269639 -0.132178 -0.953847
-0.738825 -19.263365 11.382221 250.031413 -0.419208 0.881976 -0.215368 -0.882182 -0.451762 -0.132912 0.214521 -0.134276 -0.967445
-0.501503 -19.654164 -83.569212 -49.689672 -0.039044 0.727505 -0.684990 0.537542 -0.562578 -0.628135 0.842333 0.392736 0.369099
1.172693 -19.665970 5.746168 67.961522 -0.050876 0.698710 -0.713594 0.695849 -0.487734 -0.527172 0.716384 0.523374 0.461382
0.866868 -18.384918 -61.783663 13.547698 -0.012941 0.694327 -0.719543 0.555725 -0.593238 -0.582442 0.831266 0.407405 0.378178
0.089321 -20.083855 -89.001095 25.310849 -0.060581 0.750397 -0.658206 0.683406 -0.449440 -0.575291 0.727521 0.484674 0.485598
-0.365517 -17.541814 -91.970981 -18.741912 -0.039226 0.722267 -0.690501 0.364884 -0.632958 -0.682806 0.930226 0.278737 0.238715
-2.319065 -18.384768 -74.774066 -4.518365 -0.090263 0.763850 -0.639051 0.297855 -0.591595 -0.749198 0.950334 0.257970 0.174117
-1.418013 -20.223288 -75.824660 -59.816238 -0.091611 0.762251 -0.640765 0.524518 -0.510033 -0.681724 0.846456 0.398546 0.353091
-0.189336 -25.093425 4.486461 -141.352958 -0.482130 0.843449 -0.236950 -0.480178 -0.480619 -0.733780 0.732789 0.239999 -0.636727
0.236951 -23.187179 19.594447 -210.728984 -0.507587 0.821403 -0.260100 -0.212648 -0.411972 -0.886036 0.834947 0.394431 -0.383781
-0.160264 -22.517084 13.836808 -116.671850 -0.506362 0.823511 -0.255789 -0.356797 -0.470130 -0.807263 0.785044 0.317503 -0.531882
-2.822494 -6.047664 -12.296261 74.302736 -0.633117 0.122739 -0.764263 0.772051 0.029106 -0.634894 -0.055681 -0.992012 -0.113189
-2.370802 -7.446651 30.698497 125.472937 -0.679408 0.162315 -0.715583 0.714067 -0.078170 -0.695699 -0.168860 -0.983638 -0.062794
-2.460525 -5.945435 25.847364 69.937680 -0.641617 0.161369 -0.749858 0.761984 0.022199 -0.647215 -0.087794 -0.986644 -0.137204
-2.356132 -5.334125 1.456930 24.524499 -0.619146 0.132440 -0.774027 0.785270 0.108139 -0.609636 0.002962 -0.985274 -0.170955
-2.364485 -5.798085 23.132261 50.657246 -0.652346 0.187548 -0.734350 0.753251 0.053041 -0.655591 -0.084005 -0.980822 -0.175872
-1.268193 -23.400627 -73.908849 -542.177686 -0.325533 0.907556 -0.265275 0.194412 0.338807 0.920551 -0.925328 -0.248097 0.286732
-1.287414 -29.206493 -65.005740 -626.312595 -0.315769 0.913294 -0.257263 0.412076 0.376231 0.829846 -0.854683 -0.156028 0.495148
-2.237274 -24.467931 -58.041572 -371.199866 -0.285824 0.919782 -0.268897 0.231384 0.338542 0.912059 -0.929928 -0.198470 0.309586
-2.151924 -19.937833 -67.414244 -139.654509 -0.295933 0.909448 -0.292108 0.061109 0.323204 0.944354 -0.953252 -0.261615 0.151222
-2.655300 -22.408679 -42.257543 -36.207268 -0.263377 0.920282 -0.289332 0.021890 0.305545 0.951926 -0.964445 -0.244382 0.100619
-2.400809 -27.066080 -3.614441 -454.860338 -0.223701 0.938757 -0.262094 0.303657 0.322653 0.896486 -0.926148 -0.120958 0.357238
-1.287879 -28.405235 34.660131 -1726.239771 -0.208406 0.694618 -0.688529 0.295118 -0.626512 -0.721379 0.932455 0.353538 0.074426
-0.694783 -32.334716 113.447250 -2000.186563 -0.276303 0.740266 -0.612914 0.291754 -0.543038 -0.787394 0.915716 0.396380 0.065933
0.899445 -11.870708 -17.808042 -1263.329047 -0.182437 0.630388 -0.754538 0.467555 -0.619472 -0.630593 0.864933 0.467831 0.181727
1.849140 -10.410898 -275.228775 859.168127 -0.047692 0.369815 -0.927880 -0.471846 0.810418 0.347252 0.880390 0.454378 0.135845
-2.329963 -26.102662 -20.916119 1495.654871 -0.156119 0.629844 -0.760870 -0.249996 0.720038 0.647339 0.955578 0.291276 0.045047
-3.991665 -48.042428 44.502785 -2403.781198 -0.195105 0.749045 -0.633140 0.021737 -0.642085 -0.766325 0.980541 0.163276 -0.108992
-9.645000 -168.727562 249.757326 -315.794524 0.147529 0.981385 -0.122959 -0.525083 0.183067 0.831128 -0.838166 0.058052 -0.542317
-13.160978 -341.467963 778.484870 4035.554313 0.190330 0.979386 -0.067663 -0.746346 0.189128 0.638121 -0.637763 0.070953 -0.766957
-10.519333 -282.187865 -305.694139 26018.100943 0.029386 0.997999 -0.055980 -0.936271 0.047094 0.348107 -0.350047 -0.042183 -0.935782
-90.610412 -289.899435 -3116.806926 7507.855736 0.198313 0.917509 -0.344746 -0.389646 0.396543 0.831221 -0.899360 0.030513 -0.436144
-810.479883 -1200.357416 -27239.526046 -111149.438395 0.413733 0.825395 -0.384120 -0.768327 0.542899 0.339018 -0.488363 -0.154867 -0.858789
-46.467445 -349.753731 -1890.997790 38969.544265 0.103271 0.971433 -0.213665 -0.768387 -0.058489 -0.637308 0.631599 -0.229993 -0.740396
-94.437016 -1740.577090 -3412.094359 -196911.492238 0.252364 0.852444 -0.457877 0.460355 0.310440 0.831685 -0.851108 0.420674 0.314083
-49.669933 -316.898631 1852.421348 -11731.290641 -0.045794 -0.884601 0.464094 0.991191 0.017559 0.131274 -0.124274 0.466017 0.876004
0.316173 -2.120819 30.312583 15.095212 0.209987 0.775697 -0.595146 0.446102 0.465645 0.764309 -0.869999 0.425991 0.248260
0.419168 -2.568324 24.626578 31.992678 0.174320 0.747499 -0.640982 0.422905 0.531023 0.734279 -0.889249 0.399074 0.223553
-0.213357 -2.375535 11.283785 9.526604 0.223422 0.802621 -0.553066 0.426621 0.429651 0.795861 -0.876400 0.413763 0.246421
1.013985 -2.355819 44.826883 39.092097 0.170075 0.742552 -0.647836 0.439997 0.531020 0.724169 -0.881747 0.408209 0.236408
-0.336688 -2.427074 11.746879 -19.916464 0.287243 0.853163 -0.435436 0.421755 0.295503 0.857205 -0.860008 0.429874 0.274944
0.218379 -2.143746 31.790662 -18.834873 0.269093 0.826339 -0.494725 0.440316 0.351294 0.826265 -0.856569 0.440178 0.269319
0.973272 -1.866643 50.992277 17.647598 0.205478 0.769147 -0.605138 0.457590 0.471073 0.754123 -0.865095 0.431861 0.255159
-1.973169 -3.765476 -37.739314 -53.721450 0.468647 0.698910 -0.540273 0.882270 -0.401043 0.246505 -0.044388 -0.592190 -0.804575
-1.567810 -3.434237 -81.642343 -9.924461 0.681657 0.569067 -0.459898 0.727466 -0.594417 0.342726 -0.078337 -0.568182 -0.819166
-2.491762 -4.691402 -9.202402 -63.289500 0.251587 0.786698 -0.563746 0.967715 -0.195307 0.159321 0.015234 -0.585628 -0.810436
-2.288174 -4.765605 -13.902212 -67.837421 0.308328 0.750325 -0.584762 0.950825 -0.224073 0.213829 0.029412 -0.621936 -0.782516
0.192383 -10.847639 30.650496 69.129232 0.875060 -0.344454 0.340031 0.213706 -0.355378 -0.909965 -0.434280 -0.868941 0.237366
-0.564033 -9.211262 15.771538 69.044039 0.881190 -0.364332 0.301275 0.267303 -0.141664 -0.953142 -0.389941 -0.920431 0.027446
-0.279576 -9.146554 6.333621 69.117678 0.874253 -0.334879 0.351480 0.309934 -0.172246 -0.935025 -0.373661 -0.926384 0.046796
0.213496 -2.728826 -9.300316 19.129916 0.068238 0.869015 -0.490058 -0.781925 0.351658 0.514714 -0.619627 -0.348066 -0.703500
0.343209 -2.833350 8.386218 16.759777 0.142112 0.845070 -0.515424 -0.769749 0.421722 0.479205 -0.622327 -0.328646 -0.710423
0.416689 -2.539533 -6.225791 -1.773958 0.052316 0.877646 -0.476445 -0.753608 0.347739 0.557811 -0.655239 -0.329870 -0.679594
-1.762066 -12.752791 2.232240 51.007879 -0.018032 0.819230 -0.573181 -0.182651 -0.566326 -0.803687 0.983012 -0.090200 -0.159846
-1.731983 -12.176962 -7.470873 46.885438 0.042499 0.805660 -0.590851 -0.200619 -0.572459 -0.795011 0.978747 -0.152323 -0.137302
-1.761872 -12.082067 3.568145 32.237483 -0.013482 0.830647 -0.556637 -0.359142 -0.523563 -0.772593 0.933186 -0.189495 -0.305379
0.084254 -4.677170 -56.495100 14.401004 0.247431 0.672242 -0.697760 0.968781 -0.183183 0.167054 -0.015517 -0.717311 -0.696581
-0.767988 -4.849862 -28.667202 8.063425 0.314266 0.664452 -0.678042 0.948306 -0.252970 0.191631 -0.044195 -0.703214 -0.709603
-0.051191 -4.198125 -57.063037 28.047755 0.263110 0.664628 -0.699315 0.962691 -0.133351 0.235466 0.063243 -0.735178 -0.674918
54.232982 -2004.856528 -1818.546165 290179.382893 -0.458095 0.473908 0.752037 0.779586 0.620670 0.083751 -0.427077 0.624644 -0.653778
-37.631932 -294.690364 -2765.609999 11584.519783 -0.643864 0.345628 0.682628 0.764000 0.339102 0.548921 -0.041758 0.874958 -0.482395
-45.732119 -907.921361 -197.384738 93146.017566 -0.430547 0.414240 0.801895 0.899812 0.266384 0.345512 -0.070487 0.870313 -0.487428
-6.458284 -28.853771 75.396574 -996.804973 -0.308990 0.464622 0.829850 0.941112 0.023462 0.337281 0.137238 0.885198 -0.444511
-8.374974 -39.582519 78.680108 -1462.256993 -0.234527 0.482337 0.844007 0.881565 -0.260372 0.393762 0.409682 0.836395 -0.364148
-10.764704 -41.820796 170.332976 -1576.883169 -0.131705 0.515739 0.846562 0.972310 -0.099102 0.211643 0.193049 0.850995 -0.488405
-6.405297 -19.250740 95.106034 -252.277809 -0.343721 0.487097 0.802865 0.937297 0.125410 0.325188 0.057711 0.864297 -0.499661
-9.960769 -21.586243 267.647258 -33.460211 -0.430132 0.496022 0.754287 0.901336 0.188942 0.389737 0.050802 0.847504 -0.528352
-17.210421 -29.824284 481.685575 -633.186407 -0.062262 0.577448 0.814050 0.990766 -0.062669 0.120233 0.120444 0.814018 -0.568214
3.394556 -9.927276 -284.583419 16.127508 0.103261 0.868575 -0.484681 0.218346 -0.495194 -0.840897 0.970393 0.018996 0.240784
4.123706 -10.908755 -61.948655 83.074176 0.021778 0.860588 -0.508835 0.319068 -0.488324 -0.812241 0.947482 0.144664 0.285221
4.434966 -10.647120 199.315698 104.953625 -0.061218 0.778304 -0.624897 0.218189 -0.600494 -0.769285 0.973985 0.183440 0.133057
0.955197 -10.442797 -394.080248 -33.655260 0.145090 0.924213 -0.353242 0.263298 -0.380212 -0.886630 0.953742 -0.035633 0.298508
3.202952 -8.776719 37.979460 46.811456 -0.014702 0.801524 -0.597782 0.120880 -0.592037 -0.796794 0.992558 0.083974 0.088184
0.477889 -9.717124 -423.714815 -52.088640 0.130248 0.922039 -0.364528 0.175596 -0.383300 -0.906779 0.975808 -0.054097 0.211831
-5.498819 -8.183324 41.945422 -77.848047 0.283035 0.943620 -0.171678 0.695813 -0.325213 -0.640376 0.660103 -0.061793 0.748629
-5.698062 -8.488588 39.117773 -34.560238 0.332990 0.941833 -0.045475 0.672549 -0.271033 -0.688635 0.660905 -0.198724 0.723681
-5.417014 -8.377231 34.646410 -89.533336 0.327668 0.918197 -0.222595 0.591251 -0.383048 -0.709716 0.736923 -0.100941 0.668397
-6.353434 -8.177371 -30.987050 -141.854381 0.422416 0.799441 -0.427152 0.545246 -0.600578 -0.584818 0.724065 -0.014134 0.689586
-0.955492 -9.542939 1.240580 -170.251370 0.600792 -0.795429 0.079628 0.749346 0.525675 -0.402674 0.278440 0.301592 0.911873
-1.090316 -7.011389 23.849660 -138.894419 0.601579 -0.796051 0.066372 0.772299 0.558371 -0.302945 0.204100 0.233504 0.950694
-0.661124 -6.033493 64.864641 -126.739854 0.601590 -0.797118 0.051889 0.780986 0.573285 -0.247801 0.167779 0.189599 0.967420
0.184035 -8.691438 63.625946 -163.035464 0.618985 -0.783906 0.048462 0.741042 0.562468 -0.366724 0.260219 0.262910 0.929067
1.478991 -7.398213 -136.446745 -170.362576 -0.643342 0.765227 -0.023216 0.732604 0.606545 -0.308860 0.222266 0.215711 0.950824
-1.226309 -4.285877 33.099294 -78.232651 0.523416 -0.848531 0.077654 0.846116 0.506829 -0.164962 0.100618 0.152048 0.983238
-0.843179 -3.684562 57.896763 -73.084794 0.563986 -0.823830 0.056781 0.819515 0.549923 -0.161183 0.101562 0.137438 0.985290
0.029089 -4.251198 81.246120 -110.277192 0.635052 -0.771360 0.041376 0.762858 0.617827 -0.190625 0.121478 0.152621 0.980791
0.787452 -5.362778 102.596328 -141.963314 0.648326 -0.760632 0.033346 0.743926 0.623550 -0.240333 0.162012 0.180621 0.970118
6.099644 -9.734695 -372.357828 -392.317647 0.208662 0.780398 -0.589440 -0.056778 0.611357 0.789316 -0.976338 0.131233 -0.171876
92.423860 -13.217251 -5764.661269 -428.801604 0.213749 0.871429 -0.441501 -0.078960 0.465879 0.881318 -0.973692 0.153520 -0.168389
4.674281 -19.881639 -223.118906 -938.216326 0.231167 0.718804 -0.655654 0.085387 0.656318 0.749637 -0.969160 0.229275 -0.090343
0.201546 -19.779562 64.766327 -827.116627 -0.232327 -0.657966 0.716314 0.108204 0.714409 0.691311 -0.966600 0.238118 -0.094782
0.189017 -29.346279 9.757063 -1134.719825 0.284963 0.672042 -0.683488 0.284840 0.621471 0.729821 -0.915239 0.402657 0.014328
4.106836 -27.977804 -209.865702 -1129.432695 0.247765 0.713909 -0.654941 0.258114 0.602944 0.754875 -0.933804 0.356081 0.034882
-0.718551 -8.470056 0.456088 -42.968816 -0.192306 -0.901119 0.388592 0.934386 -0.047124 0.353131 -0.299901 0.431004 0.851055
-0.814791 -8.918383 3.575756 -15.450494 -0.152220 -0.905699 0.395649 0.986388 -0.114021 0.118486 -0.062200 0.408299 0.910727
-0.694841 -8.840421 6.855402 -33.299866 -0.166880 -0.898384 0.406273 0.948840 -0.034303 0.313889 -0.268056 0.437869 0.858147
-0.520283 -7.894826 -9.092218 -50.554630 0.193427 0.905318 -0.378134 0.852300 0.035856 0.521823 -0.485974 0.423219 0.764667
-0.858037 -9.486745 -1.952436 -13.583035 -0.129381 -0.877557 0.461687 0.987001 -0.069205 0.145051 -0.095340 0.474452 0.875103
-0.611932 -8.786221 -0.620612 -34.570118 -0.154761 -0.882093 0.444927 0.927941 0.024782 0.371902 -0.339078 0.470422 0.814696
-0.397581 -6.087904 2.836466 6.567908 -0.046932 0.918800 -0.391923 0.134358 -0.382984 -0.913932 0.989821 0.095551 0.105474
-0.288283 -6.091913 11.590873 10.827423 -0.065343 0.907742 -0.414410 0.139808 -0.402873 -0.904515 0.988020 0.117042 0.100585
-0.520846 -6.431072 4.410819 22.810845 -0.040515 0.910144 -0.412305 0.294699 -0.383403 -0.875303 0.954731 0.156969 0.252685
-0.241892 -6.043992 7.190234 -4.575586 -0.058889 0.913696 -0.402108 -0.012677 -0.403459 -0.914910 0.998184 0.048781 -0.035343
-0.585673 -6.322205 -3.633209 12.984637 -0.023617 0.925438 -0.378161 0.300592 -0.354190 -0.885547 0.953460 0.134587 0.269814
-0.293076 -6.108317 0.330676 -2.844116 -0.042699 0.920406 -0.388626 -0.028480 -0.389944 -0.920398 0.998682 0.028232 -0.042863
-0.420096 -6.147819 -3.246083 1.428920 -0.029961 0.930184 -0.365869 0.133331 -0.359043 -0.923748 0.990619 0.076458 0.113265
0.211691 -11.524880 -18.421546 -100.098917 0.270641 0.706601 -0.653811 0.018938 -0.682933 -0.730236 0.962494 -0.185250 0.198211
0.610150 -12.205664 -14.643268 -108.681044 0.255740 0.699200 -0.667620 -0.025770 -0.685409 -0.727702 0.966402 -0.203307 0.157268
0.179850 -12.483530 -19.440824 -46.112668 0.265952 0.690448 -0.672720 -0.226262 -0.633647 -0.739795 0.937057 -0.348961 0.012297
-0.420590 -11.836366 -19.626625 -52.007640 0.264237 0.704023 -0.659190 -0.188463 -0.632615 -0.751186 0.945865 -0.322724 0.034478
-0.363335 -10.862367 -21.282227 -65.024850 0.275273 0.719243 -0.637898 0.041574 -0.671818 -0.739548 0.960467 -0.177058 0.214836
187.944172 -6.867479 -29700.921221 -111.357405 0.551564 0.765552 -0.331221 -0.089807 0.449278 0.888867 -0.829284 0.460521 -0.316557
141.665155 -6.936923 -8371.600289 -123.876690 0.802884 0.572148 -0.167403 -0.117680 0.427405 0.896369 -0.584404 0.699980 -0.410487
103.079921 -7.968176 -10014.465052 -13.301760 0.664137 0.699472 -0.263932 -0.012958 0.363751 0.931406 -0.747498 0.615161 -0.250645
59.025552 -7.135733 -6601.063236 -19.852768 0.500814 0.777398 -0.380575 0.021899 0.428168 0.903434 -0.865278 0.460786 -0.197408
68.920413 -8.275879 -3044.491285 39.051518 0.729213 0.654089 -0.201036 0.065487 0.225734 0.971985 -0.681146 0.721950 -0.121774
51.547946 -7.833343 -4108.797532 25.376037 0.553738 0.773884 -0.307373 0.104784 0.301437 0.947711 -0.826072 0.556991 -0.085826
0.402863 -5.687426 1.870014 5.597976 0.105059 0.902470 -0.417745 -0.886009 -0.105820 -0.451430 0.451608 -0.417552 -0.788480
0.499875 -5.486343 2.574177 13.028808 0.133432 0.902969 -0.408465 -0.884102 -0.077790 -0.460773 0.447838 -0.422607 -0.787937
0.621841 -5.700261 -0.641255 4.634726 0.124795 0.900764 -0.415993 -0.828018 -0.136444 -0.543846 0.546637 -0.412319 -0.728822
0.540464 -5.617880 2.902799 -7.340177 0.076286 0.897349 -0.434678 -0.829129 -0.185055 -0.527541 0.553828 -0.400648 -0.729901
0.323694 -5.716674 3.199209 -3.717940 0.077585 0.901285 -0.426223 -0.886443 -0.133297 -0.443227 0.456288 -0.412210 -0.788596
-4.182866 -5.908750 111.144910 49.621402 0.842726 -0.427407 0.327318 -0.532641 -0.750237 0.391711 -0.078146 0.504447 0.859899
-3.278693 -5.952709 84.276700 63.315532 0.340644 -0.816179 0.466706 0.928613 0.369736 -0.031188 -0.147103 0.444013 0.883863
-2.826424 -4.909832 96.622707 50.572471 0.529710 -0.733893 0.425215 0.843862 0.506519 -0.177019 -0.085467 0.452591 0.887613
1.013420 -2.625145 1.683003 -46.794751 0.325465 0.764221 -0.556812 0.840204 -0.503866 -0.200440 0.433738 0.402599 0.806092
0.796869 -2.425145 -14.592502 -50.120463 0.317266 0.780787 -0.538251 0.850753 -0.485103 -0.202224 0.419001 0.393760 0.818163
1.081908 -1.807436 -6.335742 -42.928467 -0.295989 -0.777626 0.554697 0.872359 -0.456613 -0.174628 0.389077 0.432207 0.813521
0.730936 -3.420498 -15.291412 -43.441584 0.328333 0.774571 -0.540590 0.813360 -0.522834 -0.255127 0.480253 0.355928 0.801669
0.965118 -2.013168 -13.802160 -38.632758 -0.310684 -0.757160 0.574617 0.860217 -0.481147 -0.168894 0.404355 0.441822 0.800806
0.970307 -2.752930 5.137410 -40.002698 0.321661 0.756289 -0.569703 0.833193 -0.511910 -0.209137 0.449805 0.407401 0.794796
1.006283 -3.532921 -1.316154 -39.151582 0.320862 0.768604 -0.553440 0.806926 -0.527790 -0.265159 0.495902 0.361506 0.789554
-0.516432 -17.527236 -11.740715 175.023400 0.455091 0.868820 -0.195046 -0.092049 0.263772 0.960183 -0.885674 0.419017 -0.200015
-0.409990 -17.358730 2.185446 142.133374 0.476404 0.863301 -0.166587 -0.128863 0.255983 0.958054 -0.869732 0.434953 -0.233198
-0.746643 -18.127320 -20.532121 72.710076 0.448592 0.873895 -0.187277 -0.280236 0.336512 0.899015 -0.848665 0.350809 -0.395853
-0.771536 -19.291289 -3.293833 60.757817 0.456043 0.868095 -0.196052 -0.344733 0.375407 0.860365 -0.820478 0.324778 -0.470463
-0.555266 -17.714129 9.316233 156.258369 0.468011 0.860673 -0.200519 -0.049196 0.251926 0.966495 -0.882352 0.442465 -0.160246
5.767446 -9.714151 -7.274242 311.246916 -0.445114 -0.743319 0.499350 0.838385 -0.150006 0.524031 -0.314617 0.651901 0.689957
4.231226 -13.872237 -64.605987 379.518774 -0.363590 -0.698844 0.615970 0.827193 0.061901 0.558499 -0.428433 0.712591 0.555572
5.305465 -11.386162 -123.189113 298.865129 -0.433048 -0.670481 0.602433 0.867162 -0.127513 0.481426 -0.245969 0.730887 0.636634
0.847193 -19.394807 -118.674307 269.289020 0.499425 0.814021 -0.296555 0.168531 -0.427046 -0.888386 0.849807 -0.393703 0.350465
-0.586113 -17.245563 -57.847580 400.870002 0.475934 0.835951 -0.273265 0.007014 -0.314309 -0.949295 0.879453 -0.449885 0.155454
-0.152219 -20.860143 -43.610039 163.099809 0.467776 0.840965 -0.271963 0.242085 -0.417844 -0.875672 0.850048 -0.343780 0.399042
0.992588 -21.987277 -105.438881 57.700841 0.491681 0.819695 -0.293852 0.394319 -0.510468 -0.764156 0.776378 -0.259850 0.574209
2.324150 -21.793528 -99.063061 92.603990 0.496795 0.799763 -0.337009 0.399288 -0.555407 -0.729446 0.770561 -0.227821 0.595259
2.099075 -17.891701 -75.117719 284.100213 0.478602 0.811704 -0.334777 0.159664 -0.455381 -0.875863 0.863393 -0.365738 0.347546
1.634896 -2.406327 -4.108119 -26.323888 -0.623653 -0.682236 0.381591 0.769189 -0.622576 0.144037 0.139302 0.383345 0.913040
2.157129 -2.319717 15.681984 -11.956858 -0.619320 -0.665715 0.416254 0.770369 -0.617591 0.158474 0.151576 0.418815 0.895332
1.951009 -2.611601 28.907235 -20.252643 -0.647195 -0.658032 0.384879 0.742716 -0.658057 0.123830 0.171788 0.365998 0.914623
-3.017721 -8.483420 24.551408 -50.539033 0.297718 0.794333 -0.529527 -0.354650 -0.422957 -0.833865 0.886333 -0.436054 -0.155789
-3.060991 -8.591941 35.243713 31.118604 0.264943 0.755743 -0.598880 -0.306876 -0.522699 -0.795369 0.914129 -0.394509 -0.093434
-3.535422 -7.887345 37.259770 -21.849282 0.331245 0.773412 -0.540472 -0.381349 -0.414203 -0.826444 0.863047 -0.479864 -0.157737
-3.364950 -8.114094 18.745057 -106.574088 0.378454 0.809849 -0.448238 -0.407687 -0.288915 -0.866210 0.831002 -0.510562 -0.220824
-3.836873 -7.327763 36.786104 -2.825496 0.384553 0.759916 -0.524068 -0.398773 -0.375262 -0.836755 0.832526 -0.530761 -0.158726
-3.580703 -7.604988 20.271324 -85.909006 0.444209 0.806404 -0.390373 -0.400373 -0.211119 -0.891701 0.801486 -0.552396 -0.229082
0.587189 -17.437792 10.639902 194.753775 0.473398 0.875272 -0.098959 -0.148073 0.189822 0.970588 -0.868314 0.444821 -0.219466
0.292937 -17.517454 11.846366 216.769933 0.481854 0.869691 -0.107024 -0.101526 0.176727 0.979010 -0.870350 0.460874 -0.173453
0.599395 -16.248455 8.913347 155.213418 0.470897 0.876799 -0.097365 0.007219 0.106534 0.994283 -0.882159 0.468907 -0.043836
0.780787 -16.551456 12.578433 150.204347 0.459362 0.883564 -0.091110 -0.047035 0.126624 0.990835 -0.887003 0.450867 -0.099725
0.830194 -15.965809 10.502867 46.032993 0.458412 0.884047 -0.091212 0.099306 0.051036 0.993747 -0.883174 0.464604 0.064396
0.712753 -15.212122 3.597604 68.837417 0.465496 0.879556 -0.098467 0.146299 0.033256 0.988681 -0.872875 0.474632 0.113198
3.037841 -50.580512 -123.319549 -2000.963903 -0.375715 0.478694 0.793531 0.503836 0.824173 -0.258626 -0.777809 0.302640 -0.550838
1.501457 -63.223422 708.365144 -1554.850677 -0.433669 0.209528 0.876373 0.399743 0.916380 -0.021282 -0.807550 0.341094 -0.481163
0.201559 -7.816330 229.583580 -769.057629 -0.492370 0.033140 0.869755 0.252372 0.961782 0.106222 -0.832995 0.271802 -0.481916
10.276320 -145.021466 -433.629938 13623.971653 0.223166 0.951774 0.210531 -0.554348 -0.053736 0.830549 -0.801808 0.302058 -0.515622
2.297626 -6.787306 -133.691175 -192.998249 -0.277313 0.633121 0.722673 0.484004 0.741816 -0.464164 -0.829962 0.221058 -0.512148
1.700810 -4.516538 158.391826 -100.249764 -0.285596 0.556305 0.780359 0.408734 0.807207 -0.425856 -0.866817 0.197336 -0.457916
2.048858 -19.287501 -152.426533 1302.732831 0.024247 0.900785 0.433588 -0.562194 -0.346350 0.750985 -0.826650 0.261970 -0.498018
-0.192491 -7.025611 31.851361 225.638776 -0.048053 0.839747 0.540847 -0.492040 -0.491118 0.718818 -0.869245 0.231577 -0.436789
0.862573 -17.107633 26.683072 257.907615 -0.347859 -0.776873 0.524845 0.925784 -0.373027 0.061442 0.148049 0.507266 0.848977
1.207106 -15.727129 16.231213 208.414629 -0.324163 -0.768046 0.552289 0.932114 -0.358987 0.047870 0.161498 0.530314 0.832277
1.179016 -13.539529 28.060175 167.565596 -0.316226 -0.786691 0.530206 0.890136 -0.439343 -0.120978 0.328114 0.433699 0.839194
0.859601 -2.978212 2.450520 8.247141 -0.051335 0.845836 -0.530968 0.940856 0.219249 0.258303 0.334896 -0.486304 -0.807064
1.140800 -2.300486 7.757051 -45.626446 -0.179142 0.811725 -0.555887 0.948324 0.292884 0.122069 0.261896 -0.505293 -0.822246
1.557907 -2.091457 26.046991 -25.500007 -0.166540 0.808252 -0.564795 0.940636 0.302032 0.154860 0.295752 -0.505476 -0.810571
-87.572839 -624.869464 -5452.279214 -44711.513638 0.139227 0.514628 0.846034 0.983399 -0.172254 -0.057053 0.116371 0.839932 -0.530067
-105.082767 -238.517592 -4128.308427 -1101.054573 0.712462 0.417229 0.564197 -0.654901 0.106620 0.748156 -0.251998 0.902525 -0.349206
-124.011199 -389.448008 -8403.455102 -39831.775026 -0.052057 0.466891 0.882781 0.991136 -0.084040 0.102894 0.122230 0.880312 -0.458377
3.309676 -7.291125 146.826115 -95.288079 -0.039666 0.762729 -0.645500 -0.237232 -0.634726 -0.735421 0.970643 -0.123962 -0.206121
4.243265 -5.518941 99.414126 -23.991926 -0.053044 0.630466 -0.774403 0.375501 0.731172 0.569550 0.925303 -0.260578 -0.275524
2.676622 -4.680670 -49.989189 118.148195 0.079075 0.653894 -0.752443 0.242113 0.719609 0.650803 0.967020 -0.233638 -0.101413
0.416437 -11.733015 45.349055 176.843297 0.154955 0.404173 0.901462 0.987618 -0.040745 -0.151496 -0.024500 0.913775 -0.405482
-0.469110 -16.561112 39.957590 335.485662 0.076420 0.415606 0.906329 0.996120 0.007968 -0.087645 -0.043648 0.909510 -0.413385
0.455507 -14.429666 61.715372 413.195590 0.048131 0.386459 0.921050 0.990784 0.098415 -0.093068 -0.126612 0.917041 -0.378161
-7.508565 -9.592029 104.774839 -116.872205 0.237450 -0.936023 0.259766 0.948566 0.281064 0.145692 -0.209382 0.211810 0.954618
-5.137269 -8.558616 -13.693219 -74.481468 0.200211 0.971480 -0.127054 0.951862 -0.162147 0.260129 -0.232108 0.173019 0.957178
4.834160 -6.362225 -27.381177 -0.526080 0.242407 0.932425 -0.267997 -0.137016 0.306369 0.942000 -0.960451 0.191627 -0.202023
4.378189 -5.866838 -14.842102 19.985785 0.299690 0.930649 -0.209948 -0.100904 0.249748 0.963039 -0.948686 0.267428 -0.168753
0.616363 -6.355723 266.449062 91.462893 -0.081386 0.804936 -0.587753 0.586937 0.515318 0.624462 -0.805532 0.294151 0.514386
-1.059444 -4.580720 -184.899674 134.196728 0.252261 -0.605327 0.754946 0.619535 0.700345 0.354533 -0.743331 0.378281 0.551691
-1.006502 -6.227142 253.923660 -15.610818 -0.020122 0.873569 -0.486284 0.486594 0.433447 0.758518 -0.873397 0.221360 0.433795
-3.042404 -5.673953 135.929978 9.764232 -0.098706 0.845805 -0.524282 0.523059 0.492301 0.695736 -0.846561 0.205557 0.490999
3.133507 -9.699264 -118.037749 -0.090305 0.047425 -0.570734 0.819764 0.955551 0.264999 0.129216 -0.290985 0.777199 0.557934
0.694128 -8.836319 -6.392772 -74.676546 0.144916 -0.584584 0.798286 0.885162 0.437121 0.159416 -0.442139 0.683511 0.580797
0.258994 -8.486070 -3.083925 -33.884926 0.127394 -0.609219 0.782702 0.840940 0.484771 0.240451 -0.525919 0.627574 0.574074
-0.111035 -2.204939 -7.368951 13.691610 -0.224368 0.934262 -0.277151 0.884172 0.314747 0.345216 -0.409755 0.167594 0.896668
0.084815 -2.278312 6.873421 -15.070217 -0.344796 0.878757 -0.330003 0.823741 0.451828 0.342494 -0.450074 0.153747 0.879656
-1.118432 -5.750456 17.486664 -37.925485 -0.129216 0.962735 -0.237581 -0.363335 0.176961 0.914698 -0.922654 -0.204515 -0.326929
-1.050370 -6.310646 -4.267946 -26.641590 -0.147705 0.950385 -0.273772 -0.197744 0.242841 0.949698 -0.969062 -0.194411 -0.152064
-1.066894 -6.403826 15.442308 -43.998731 -0.113668 0.960853 -0.252668 -0.247874 0.218847 0.943750 -0.962101 -0.169904 -0.213295
-2.159510 -7.121389 -78.377011 -22.277602 0.081836 0.835477 -0.543398 0.810778 0.261272 0.523809 -0.579605 0.483442 0.656004
-2.773077 -7.080409 -19.895081 -21.963601 0.188005 0.813409 -0.550472 0.804476 0.193995 0.561413 -0.563447 0.548390 0.617897
-0.921590 -6.718600 86.433449 14.949169 0.014164 -0.835564 0.549211 0.883348 0.267816 0.384671 -0.468505 0.479695 0.741887
-2.867839 -6.526645 -33.619691 -52.418183 0.126125 0.799186 -0.587702 0.733353 0.323843 0.597761 -0.668046 0.506386 0.545241
-0.967279 -6.843558 -83.505302 -13.079320 0.041991 0.847756 -0.528722 0.811144 0.280042 0.513441 -0.583337 0.450430 0.675893
-2.060575 -6.496805 -81.556547 -55.411152 0.081005 0.834167 -0.545530 0.724013 0.326918 0.607396 -0.685014 0.444172 0.577466
-0.987460 -15.533855 22.762422 8.771013 -0.188319 0.777795 -0.599643 -0.017797 -0.613170 -0.789751 0.981947 0.138053 -0.129314
-1.236650 -14.342582 20.007290 -83.237939 -0.188700 0.763587 -0.617517 0.217688 -0.580645 -0.784514 0.957603 0.282464 0.056656
-1.361723 -14.737407 -4.953684 -6.685217 -0.131735 0.803827 -0.580093 0.042807 -0.580034 -0.813466 0.990360 0.131994 -0.042001
-0.410486 -15.056080 46.056872 -67.784278 -0.228920 0.729549 -0.644480 0.169856 -0.621968 -0.764399 0.958512 0.284455 -0.018462
-1.058814 -14.769308 -4.925266 22.391991 -0.125648 0.821894 -0.555610 -0.177496 -0.569635 -0.802503 0.976067 0.002214 -0.217457
-0.589013 -15.053050 26.391330 53.569337 -0.187353 0.788440 -0.585886 -0.234810 -0.615103 -0.752671 0.953815 0.003443 -0.300375
-0.024774 -15.726455 51.466565 45.117490 -0.231850 0.736585 -0.635364 -0.061624 -0.662972 -0.746104 0.970798 0.133830 -0.199102
-1.258561 -9.988227 13.881568 33.150088 -0.007752 0.876565 -0.481221 -0.869563 -0.243532 -0.429595 0.493761 -0.415122 -0.764116
-0.755278 -10.333507 22.371741 32.813373 -0.048884 0.889772 -0.453780 -0.884594 -0.249533 -0.393990 0.463794 -0.382151 -0.799285
-1.246200 -10.566902 14.059007 59.786672 -0.028035 0.874499 -0.484217 -0.795054 -0.313121 -0.519466 0.605891 -0.370415 -0.704052
-1.103374 -9.946872 15.209673 -8.015260 -0.001038 0.881129 -0.472875 0.933761 0.170094 0.314894 0.357896 -0.441226 -0.822940
-1.614449 -10.358507 4.719734 42.477056 0.027637 0.856666 -0.515131 -0.779052 -0.304440 -0.548082 0.626349 -0.416461 -0.658974
-1.578991 -10.015744 8.076136 21.027927 0.035557 0.859432 -0.510012 -0.867467 -0.226858 -0.442761 0.496223 -0.458161 -0.737463
2.336718 -4.084683 -61.409712 18.223504 0.202714 0.789295 -0.579587 0.391216 0.477312 0.786844 -0.897696 0.386248 0.212027
1.469465 -3.845577 -46.104051 8.425253 0.203893 0.828703 -0.521229 0.331866 0.442383 0.833164 -0.921028 0.342855 0.184820
1.175241 -3.876477 -18.127749 1.231126 0.217562 0.811959 -0.541655 0.256920 0.487737 0.834329 -0.941626 0.320680 0.102496
5.006353 -8.102857 -97.110546 -44.885098 0.227226 -0.418966 0.879111 0.194439 0.904066 0.380602 -0.954234 0.084451 0.286891
5.383750 -7.625122 -104.285024 14.749416 0.265710 -0.435355 0.860153 0.317381 0.881992 0.348367 -0.910312 0.180432 0.372528
6.162973 -7.581489 -59.993594 -38.540226 0.326872 -0.395063 0.858533 0.168855 0.918231 0.358245 -0.929862 0.027867 0.366853
0.459569 -5.431582 3.423116 35.225386 0.234824 -0.817910 0.525243 0.951781 0.083734 -0.295129 0.197409 0.569220 0.798134
0.184843 -5.648358 3.067407 39.555715 0.191248 -0.833500 0.518365 0.957292 0.041725 -0.286098 0.216834 0.550942 0.805882
0.008440 -6.535325 4.112912 55.072589 0.180621 -0.834290 0.520899 0.981933 0.122571 -0.144170 0.056432 0.537528 0.841355
0.846307 -5.593742 21.480657 33.150360 0.269519 -0.821658 0.502233 0.953844 0.156052 -0.256571 0.132439 0.548203 0.825793
-0.405604 -8.041157 1.711384 53.057381 0.086718 -0.846295 0.525609 0.988041 0.140580 0.063338 -0.127493 0.513831 0.848365
-0.384651 -7.855831 2.690174 50.305494 0.127256 -0.845021 0.519371 0.978973 0.191171 0.071170 -0.159429 0.499393 0.851580
0.257313 -6.413333 15.491424 43.461392 0.231575 -0.830897 0.505948 0.972724 0.204980 -0.108591 -0.013482 0.517295 0.855701
0.588495 -13.096122 -13.964040 47.364784 0.451281 -0.809988 0.374519 0.791980 0.170126 -0.586366 0.411234 0.561227 0.718269
0.471475 -13.471388 -12.445597 -70.263814 0.474980 -0.805344 0.354704 0.713859 0.116920 -0.690460 0.514586 0.581163 0.630437
0.731497 -13.800652 -8.607754 30.204459 0.464747 -0.815669 0.344519 0.761807 0.170034 -0.625091 0.451288 0.552966 0.700405
0.274313 -12.894781 -11.056697 -48.314847 0.464635 -0.805246 0.368366 0.746450 0.132383 -0.652140 0.476367 0.577974 0.662586
0.878355 -14.378156 -10.341214 109.699707 0.435403 -0.823560 0.363555 0.834925 0.218407 -0.505172 0.336636 0.523495 0.782706
0.660638 -14.023811 -16.962338 137.761047 0.426715 -0.817549 0.386688 0.853842 0.223247 -0.470228 0.298108 0.530824 0.793320
0.315052 -12.805644 -9.019607 37.977030 0.444626 -0.812362 0.377327 0.813973 0.190631 -0.548733 0.373840 0.551115 0.746000
-2.638210 -7.624872 -33.071465 125.375265 -0.662530 0.111715 -0.740658 0.736840 -0.080504 -0.671257 -0.134616 -0.990474 -0.028980
2.334138 -1.866515 -137.203780 -2.681278 0.498073 0.677156 0.541648 -0.490478 0.735119 -0.468009 -0.715091 -0.032564 0.698273
3.647418 -2.172917 -108.095233 11.352843 0.516167 0.690969 0.506097 -0.477937 0.722712 -0.499264 -0.710738 0.015821 0.703279
3.615325 -2.268835 -76.285729 -4.994512 0.598527 0.600380 0.530386 -0.454671 0.799689 -0.392137 -0.659575 -0.006447 0.751611
2.386388 -1.856974 -120.509152 -14.943385 0.578778 0.565241 0.587808 -0.453355 0.822179 -0.344224 -0.677853 -0.067257 0.732115
3.706864 -2.876710 36.685240 -4.166926 0.707534 0.521128 0.477306 -0.416440 0.853154 -0.314175 -0.570941 0.023520 0.820654
3.281745 -2.325230 -40.146299 -13.971809 0.680250 0.484801 0.549752 -0.412589 0.873177 -0.259485 -0.605829 -0.050307 0.794002
-0.769622 -153.745777 20.491752 -10017.944400 -0.297461 0.815528 -0.496418 0.170461 -0.466234 -0.868084 0.939394 0.342841 0.000330
1.592104 -18.742446 90.595602 -1770.730283 -0.274971 0.757835 -0.591673 0.400429 -0.469215 -0.787080 0.874098 0.453347 0.174439
-87.547692 -728.946662 -2747.163489 -14084.726666 -0.375985 0.917175 -0.132001 -0.540287 -0.332722 -0.772908 0.752812 0.219283 -0.620636
-63.745412 -736.137105 -2659.928086 65299.838736 0.519038 0.774978 0.360566 0.775055 -0.248854 -0.580828 -0.360401 0.580931 -0.729816
-0.048292 -2.736866 8.130317 24.481247 0.185929 0.771265 -0.608754 0.401309 0.505916 0.763544 -0.896873 0.386263 0.215451
1.041924 -3.074903 38.860369 37.723963 0.159233 0.737643 -0.656146 0.383268 0.566308 0.729658 -0.909808 0.367665 0.192540
-0.573837 -3.126491 -118.617487 16.242650 0.772653 0.464461 -0.432763 -0.627587 0.661525 -0.410511 -0.095617 -0.588779 -0.802619
0.419040 -3.283271 -134.439890 -23.624562 0.834274 0.390181 -0.389546 -0.537938 0.730931 -0.419956 -0.120873 -0.559910 -0.819689
-1.017155 -3.499861 -109.415642 -13.323315 0.759400 0.490226 -0.427774 -0.637318 0.692775 -0.337474 -0.130912 -0.528906 -0.838523
-2.416822 -3.729910 -38.211933 -16.583647 0.515760 0.705411 -0.486195 0.853938 -0.469077 0.225291 -0.069141 -0.531377 -0.844309
-1.105588 -9.184352 30.542510 72.724264 0.888635 -0.377212 0.260843 0.239125 -0.104232 -0.965378 -0.391340 -0.920243 0.002424
-1.062004 -7.349907 -11.842654 80.502657 0.887047 -0.382987 0.257814 0.305308 0.067733 -0.949842 -0.346314 -0.921267 -0.177012
0.238513 -2.572450 -19.470216 -20.040606 -0.031688 0.900344 -0.434023 -0.731843 0.274852 0.623588 -0.680736 -0.337397 -0.650202
