10472
20928
-6.917403 -8.941948 -24.703369 -123.547150 0.987433 -0.145903 0.060737 -0.084836 -0.813596 -0.575208 -0.133340 -0.562826 0.815749
-5.001907 -8.275492 49.397749 -185.740557 0.998463 0.050219 0.023456 0.055412 -0.894705 -0.443206 0.001271 -0.443825 0.896113
-5.524318 -6.857272 -24.772924 -71.833912 0.799694 -0.558933 -0.219281 -0.596409 -0.697407 -0.397392 -0.069188 -0.448573 0.891064
-4.311009 -5.660943 23.353444 -58.937398 0.913108 -0.360447 -0.190558 -0.405042 -0.855405 -0.322835 0.046639 -0.371967 0.927074
-5.865047 -8.135565 -3.718035 -72.777873 0.766205 -0.612531 -0.194257 -0.607292 -0.591410 -0.530500 -0.210062 -0.524443 0.825127
-4.053215 -6.086605 9.415224 43.118742 0.489919 -0.815358 -0.308498 0.870617 0.439433 0.221189 -0.044784 -0.376948 0.925151
-4.812423 -7.114563 -3.112777 46.511980 0.499186 -0.818043 -0.285689 0.847266 0.391742 0.358717 -0.181529 -0.421121 0.888653
-1.316615 -8.807760 -49.607548 -103.758085 0.962738 -0.143505 -0.229222 -0.216470 -0.916977 -0.335103 0.162103 -0.372236 0.913873
-0.475838 -8.621573 -100.895625 42.926543 0.961014 -0.189046 -0.201777 -0.270696 -0.792001 -0.547228 0.056357 -0.580514 0.812298
-1.684346 -9.216022 -21.260900 -55.405608 0.932888 -0.173868 -0.315422 -0.300706 -0.858009 -0.416409 0.198235 -0.483312 0.852709
2.402208 -7.520331 -13.629346 -156.056632 0.650425 0.508151 0.564562 -0.473602 0.852405 -0.221602 -0.593842 -0.123242 0.795087
2.349324 -4.616007 -7.741154 -79.231856 0.675846 0.452176 0.582038 -0.468516 0.873182 -0.134334 -0.568968 -0.181905 0.801989
1.861215 -6.800079 14.363313 -137.627859 0.642717 0.457045 0.614838 -0.449712 0.874808 -0.180192 -0.620221 -0.160688 0.767793
1.224163 -9.942660 14.093181 -176.605791 0.635491 0.477276 0.606925 -0.362163 0.878483 -0.311617 -0.681901 -0.021776 0.731120
-3.826635 -29.287116 0.264444 -920.848465 0.937854 -0.289074 -0.192005 0.197293 0.899311 -0.390276 -0.285491 -0.328141 -0.900455
-10.833549 -27.388483 -176.059464 696.799660 -0.506824 0.807661 -0.301352 0.792046 0.298296 -0.532618 -0.340283 -0.508628 -0.790889
-12.017750 -37.419684 46.567256 -347.432774 0.790280 -0.609227 -0.065577 0.431924 0.629779 -0.645616 -0.434626 -0.481893 -0.760841
0.172668 -6.926949 5.711469 14.689289 0.954233 -0.270699 -0.127125 0.051579 -0.269741 0.961550 0.294581 0.924101 0.243434
0.302860 -7.001768 -3.158215 -2.876026 0.958972 -0.261792 -0.108804 0.071864 -0.146779 0.986555 0.274243 0.953898 0.121944
0.017419 -6.891333 0.321455 -3.886124 0.955413 -0.281670 -0.088593 0.007713 -0.276126 0.961090 0.295173 0.918921 0.261642
-0.126822 -6.721615 6.795145 16.287399 0.951758 -0.296012 -0.080831 -0.055658 -0.425587 0.903204 0.301760 0.855133 0.421531
-0.038123 -6.757073 11.929056 20.800004 0.951021 -0.289182 -0.109233 -0.018616 -0.406297 0.913551 0.308564 0.866774 0.391780
-0.132211 -6.784588 -5.827584 -3.912534 0.955642 -0.290485 -0.048646 -0.059597 -0.352463 0.933926 0.288438 0.889600 0.354141
0.105550 -6.951046 -8.884612 -17.636104 0.956367 -0.287882 -0.049863 -0.018085 -0.228669 0.973336 0.291608 0.929965 0.223898
0.439800 -6.004946 3.908274 10.103259 0.930794 -0.345416 -0.119627 -0.089047 -0.531655 0.842267 0.354533 0.773324 0.525619
0.258987 -6.167678 6.099970 3.063614 0.927452 -0.349787 -0.132222 -0.053344 -0.473730 0.879053 0.370118 0.808226 0.458021
0.121206 -6.015923 11.554587 15.245285 0.923501 -0.362192 -0.126339 -0.113089 -0.571788 0.812570 0.366546 0.736122 0.569007
0.343200 -5.745087 -2.330689 19.874950 0.930355 -0.350461 -0.107780 -0.160648 -0.653852 0.739371 0.329593 0.670563 0.664616
-0.089136 -6.340199 14.983716 2.191382 0.921816 -0.360642 -0.142105 -0.062815 -0.500734 0.863319 0.382505 0.786895 0.484238
-0.121090 -6.106673 20.116697 17.592643 0.916214 -0.380280 -0.126250 -0.142205 -0.603175 0.784830 0.374606 0.701119 0.606715
0.065943 -5.676082 24.082773 22.874128 0.917214 -0.378325 -0.124852 -0.180552 -0.674097 0.716236 0.355133 0.634400 0.686599
0.227551 -16.720663 -4.500503 105.119158 0.997865 -0.059598 0.026716 -0.034728 -0.137725 0.989862 0.055314 0.988676 0.139500
0.267813 -16.473862 -10.167437 -44.554961 0.997597 -0.068236 -0.011993 -0.012178 -0.343113 0.939215 0.068203 0.936812 0.343120
0.326508 -15.921513 5.066932 -3.999993 0.996913 -0.076951 -0.015614 -0.015232 -0.384603 0.922956 0.077027 0.919869 0.384588
0.313240 -17.398240 10.522628 22.920107 0.995883 -0.089626 0.013537 -0.035710 -0.250685 0.967410 0.083312 0.963911 0.252853
0.093188 -18.298208 10.031531 -24.105490 0.943789 -0.235594 -0.231856 0.205347 -0.131770 0.969778 0.259025 0.962877 0.075985
0.010399 -17.764110 -2.227575 -53.000840 0.952482 -0.211575 -0.219121 0.206889 -0.078598 0.975202 0.223551 0.974196 0.031091
-0.089931 -17.272509 -3.985724 60.887125 0.943099 -0.215303 -0.253396 0.144662 -0.420491 0.895690 0.299396 0.881381 0.365418
-1.193178 -34.281696 -8.895892 628.813637 0.996315 -0.069910 0.049685 -0.029381 -0.822451 -0.568076 -0.080578 -0.564523 0.821475
-1.109980 -28.595581 -4.329443 -127.766972 0.994860 -0.099795 0.017176 -0.096433 -0.985441 -0.140022 -0.030900 -0.137646 0.989999
-1.222493 -33.751918 -0.143868 116.715991 0.995163 -0.091114 0.036737 -0.084162 -0.983588 -0.159598 -0.050676 -0.155734 0.986498
-0.959476 -36.643734 16.439232 -623.884149 0.995028 -0.075530 0.064915 -0.093269 -0.935260 0.341452 -0.034922 0.345809 0.937655
-1.199976 -33.049834 15.105727 38.131334 0.993369 -0.104885 0.047088 -0.098852 -0.988317 -0.116005 -0.058705 -0.110581 0.992132
-1.103080 -33.301907 19.171279 577.954293 0.994852 -0.097234 0.028550 -0.067079 -0.843023 -0.533678 -0.075960 -0.529016 0.845206
3.237307 -8.633116 96.127572 -89.793575 0.298538 -0.856897 -0.420242 0.954374 0.264913 0.137812 -0.006763 -0.442210 0.896886
-0.046820 -6.967571 136.354471 -42.178483 0.148221 -0.860539 -0.487343 0.988145 0.108936 0.108179 -0.040003 -0.497600 0.866484
1.852453 -7.224814 106.955463 -116.485051 0.287749 -0.844023 -0.452577 0.945506 0.175174 0.274468 -0.152377 -0.506892 0.848435
-1.203788 -7.380814 -13.032728 107.342013 0.794253 -0.573518 -0.200597 0.543490 0.818224 -0.187428 0.271626 0.039843 0.961578
0.034722 -6.546186 -35.742633 135.171374 0.820104 -0.536503 -0.198979 0.466387 0.828188 -0.310786 0.331530 0.162076 0.929419
0.042725 -8.994832 -53.513470 123.403450 0.706369 -0.690945 -0.153747 0.663789 0.722022 -0.195111 0.245820 0.035764 0.968656
-0.200281 -6.865827 -9.106262 -23.422577 0.999739 0.004062 0.022492 0.014649 0.641497 -0.766985 0.017544 -0.767115 -0.641270
0.036104 -6.236368 -2.778376 -27.299860 0.999435 0.020270 0.026823 0.012682 0.511567 -0.859150 0.031137 -0.859004 -0.511021
-0.279890 -6.755254 0.025474 -21.065417 0.999189 0.040181 0.002550 -0.022734 0.615340 -0.787934 0.033229 -0.787237 -0.615755
-0.435027 -7.261748 2.317416 -16.323367 0.999666 0.011649 0.023073 0.005917 0.765835 -0.643010 0.025161 -0.642931 -0.765510
-0.297111 -7.051083 -4.898368 -20.208961 0.999613 0.006595 0.027042 0.013948 0.722040 -0.691710 0.024087 -0.691819 -0.721669
1.683840 -2.690551 -6.938401 -18.359232 0.994221 0.041035 -0.099205 -0.026073 -0.804109 -0.593910 0.104143 -0.593064 0.798392
1.542867 -3.369100 9.127375 -26.820138 0.985761 0.026088 -0.166114 -0.080002 -0.796150 -0.599787 0.147899 -0.604536 0.782727
1.680649 -3.420005 1.634323 -38.345048 0.983635 -0.040873 -0.175477 -0.143664 -0.765693 -0.626957 0.108736 -0.641907 0.759034
1.642806 -2.830845 -0.027969 -34.248540 0.989907 -0.035139 -0.137291 -0.113066 -0.779883 -0.615628 0.085439 -0.624938 0.775985
1.739256 -3.597557 6.919065 -48.330192 0.981050 -0.084725 -0.174249 -0.179354 -0.737343 -0.651273 0.073302 -0.670184 0.738566
0.392516 -40.417222 45.600872 1195.787079 -0.253210 0.831693 -0.494137 0.141406 0.537116 0.831571 -0.957021 -0.140688 0.253610
-3.768700 -111.828500 46.128956 3912.273223 -0.189563 0.766103 -0.614128 -0.136592 0.598811 0.789157 -0.972321 -0.233480 0.008869
-4.211064 -80.944021 173.757994 3147.376466 -0.281138 0.829151 -0.483187 0.301845 0.554341 0.775626 -0.910962 -0.072210 0.406121
1.168077 -46.633169 32.404195 1908.411398 -0.245572 0.890843 -0.382221 0.418998 0.453105 0.786852 -0.874149 -0.033079 0.484531
-8.896734 -16.911854 251.281085 430.417744 -0.138115 0.958076 -0.251029 0.477186 0.286471 0.830799 -0.867881 0.005042 0.496746
-17.455189 -339.372328 599.648298 13086.809745 -0.244691 0.857591 -0.452398 0.347893 0.513167 0.784621 -0.905040 -0.034604 0.423917
3.482159 -1.965297 14.969325 11.841124 0.153610 0.492984 0.856371 0.987836 -0.097808 -0.120886 0.024165 0.864523 -0.502012
2.423429 -1.765410 69.269995 12.461007 0.206647 0.371867 0.904993 0.975764 -0.146379 -0.162659 0.071984 0.916673 -0.393103
3.029260 -2.209494 85.039209 8.310606 0.214743 0.359790 0.907985 0.976483 -0.097303 -0.192387 0.019131 0.927946 -0.372223
-0.489110 -6.013677 21.289004 -42.282235 0.958572 -0.216934 0.184606 0.277552 0.857081 -0.434024 0.064068 -0.467281 -0.881784
-0.795006 -5.234057 26.211892 -52.289463 0.954569 -0.232681 0.186167 0.297269 0.787019 -0.540585 0.020733 -0.571367 -0.820433
-1.082340 -6.296780 24.455818 -47.350320 0.954311 -0.235532 0.183891 0.292623 0.861255 -0.415464 0.060522 -0.450293 -0.890827
-0.531825 -6.542592 21.341138 -19.452850 0.965836 -0.187684 0.178702 0.235606 0.923124 -0.303863 0.107934 -0.335585 -0.935806
-0.077733 -6.185065 29.928643 -22.385357 0.962119 -0.192323 0.193235 0.252913 0.894272 -0.369206 0.101798 -0.404092 -0.909036
-1.142383 -6.868749 10.208648 32.324189 0.905173 -0.417167 -0.081450 0.263635 0.701345 -0.662278 -0.333405 -0.578003 -0.744818
-0.673844 -6.734297 -34.791689 18.885708 0.900803 -0.407783 -0.149222 0.206755 0.704982 -0.678419 -0.381847 -0.580269 -0.719361
-1.276702 -6.248413 12.663239 32.903724 0.900280 -0.426905 -0.085133 0.314581 0.773210 -0.550623 -0.300890 -0.468933 -0.830402
-1.445317 -4.620263 -52.097972 68.369253 0.971259 -0.155767 -0.179978 -0.176120 0.038339 -0.983622 -0.160116 -0.987049 -0.009804
-0.646763 -5.021292 -44.525827 55.152618 0.971200 -0.178140 -0.158232 -0.164576 -0.021323 -0.986134 -0.172296 -0.983774 0.050027
-0.671430 -3.692246 -42.956073 63.857768 0.973103 -0.171367 -0.153963 -0.140010 0.090803 -0.985978 -0.182944 -0.981014 -0.064368
-1.516520 -5.534113 -51.818701 42.501168 0.971454 -0.156707 -0.178102 -0.194227 -0.094328 -0.976411 -0.136210 -0.983130 0.122072
0.787408 -10.108408 4.758820 -157.895023 0.969708 -0.012720 -0.243935 -0.158685 0.726408 -0.668693 -0.185702 -0.687146 -0.702385
1.306377 -11.411758 4.684314 -60.095710 0.969866 -0.040033 -0.240327 -0.071509 0.896190 -0.437870 -0.232908 -0.441860 -0.866322
1.099028 -11.533991 -4.567220 -106.978965 0.960020 -0.024026 -0.278897 -0.123567 0.857618 -0.499222 -0.251182 -0.513725 -0.820362
-0.401050 -16.535867 4.284542 -124.355431 0.944964 0.050336 -0.323280 -0.252208 -0.517343 -0.817770 0.208410 -0.854296 0.476176
-0.585399 -16.517285 1.901564 -118.305642 0.951403 0.065577 -0.300887 -0.228113 -0.506302 -0.831638 0.206876 -0.859859 0.466738
-0.187960 -15.185535 7.526535 -244.834195 0.944081 0.070952 -0.321988 -0.169157 -0.734020 -0.657724 0.283013 -0.675411 0.680972
0.155660 -15.117684 -25.759113 -223.984085 0.951673 0.012018 -0.306877 -0.203356 -0.724130 -0.659000 0.230139 -0.689558 0.686692
0.178461 -16.662650 -34.435229 -109.416516 0.946632 -0.021628 -0.321589 -0.286292 -0.514775 -0.808111 0.148068 -0.857052 0.493495
0.334146 -11.104142 7.816943 41.980110 0.979965 -0.048449 -0.193187 -0.176699 -0.659051 -0.731047 0.091901 -0.750536 0.654408
0.642181 -11.441201 18.428850 39.273967 0.975255 -0.062211 -0.212148 -0.201149 -0.647880 -0.734705 0.091740 -0.759198 0.644362
0.181743 -11.243742 17.030362 -24.877059 0.969045 -0.082010 -0.232867 -0.202788 -0.802388 -0.561293 0.140818 -0.591141 0.794181
0.705195 -11.045567 12.154602 72.232006 0.982044 -0.049466 -0.182053 -0.181299 -0.514283 -0.838238 0.052162 -0.856193 0.514017
-0.066817 -10.823585 5.766902 -35.600388 0.977432 -0.061402 -0.202132 -0.161326 -0.834692 -0.526558 0.136386 -0.547284 0.825760
-0.070222 -10.605432 -3.487508 2.706151 0.982963 -0.043952 -0.178469 -0.149398 -0.756667 -0.636502 0.107066 -0.652321 0.750342
0.123555 -10.596043 5.175927 53.701224 0.984719 -0.023280 -0.172588 -0.154252 -0.576622 -0.802318 0.080840 -0.816679 0.571402
0.450926 -10.744528 14.376125 43.918451 0.984637 -0.022077 -0.173212 -0.163219 -0.468840 -0.868072 0.062044 -0.883007 0.465241
0.233556 -6.230483 0.669465 24.093415 0.959001 -0.270883 -0.083308 0.119643 0.653445 -0.747459 -0.256911 -0.706847 -0.659063
0.254469 -6.748067 12.306543 22.927818 0.960449 -0.275485 -0.040571 0.110138 0.509650 -0.853303 -0.255750 -0.815086 -0.519834
0.203789 -6.819479 16.864228 37.183844 0.964284 -0.256327 -0.066732 0.118312 0.642240 -0.757318 -0.236979 -0.722374 -0.649628
0.276255 -6.221753 12.293219 6.512828 0.967695 -0.225456 -0.112851 0.088064 0.721670 -0.686613 -0.236242 -0.654494 -0.718211
1.645691 -3.187175 90.535620 -48.216596 0.950303 -0.040328 -0.308704 -0.286421 0.275365 -0.917680 -0.122014 -0.960493 -0.250130
2.099172 -4.202419 53.700576 -44.618073 0.956227 -0.094021 -0.277112 -0.229258 0.347803 -0.909106 -0.181855 -0.932842 -0.311023
2.681457 -3.632374 18.400641 -47.203825 0.915685 -0.135412 -0.378397 -0.332488 0.273675 -0.902526 -0.225771 -0.952243 -0.205577
-0.387840 -17.855204 -28.099065 -264.323657 0.884273 -0.376023 -0.276891 0.458764 0.810215 0.364812 -0.087164 0.449621 -0.888957
0.118896 -17.551273 9.092630 -257.235561 0.902502 -0.361835 -0.233592 0.430603 0.768689 0.472967 -0.008424 0.527439 -0.849551
-0.730550 -20.115205 -44.742320 -286.250959 0.903823 -0.332077 -0.269867 0.426210 0.642540 0.636779 0.038059 0.690556 -0.722277
-0.052248 -19.893334 -13.060146 -147.040968 0.915192 -0.324487 -0.239024 0.391005 0.571158 0.721730 0.097672 0.753981 -0.649595
-0.776663 -20.396391 -53.887951 -31.029443 0.918054 -0.306142 -0.251900 0.355653 0.355213 0.864485 0.175177 0.883233 -0.434986
-0.502508 -11.634190 -29.515359 87.586288 -0.382127 0.503896 0.774641 0.180583 0.862813 -0.472170 -0.906294 -0.040542 -0.420699
-1.144983 -11.174283 -17.478020 159.193972 -0.371186 0.436198 0.819727 0.362372 0.880844 -0.304632 -0.854931 0.183971 -0.485023
-1.183501 -10.020753 -13.410293 129.552755 -0.363348 0.505074 0.782866 0.421072 0.838604 -0.345604 -0.831069 0.204068 -0.517378
-0.352476 -11.075353 -3.251120 92.607333 -0.352573 0.570919 0.741447 0.234181 0.820946 -0.520776 -0.906009 -0.009979 -0.423142
-1.179120 -671.673863 -77.638647 29209.287909 0.852273 -0.198561 -0.483946 0.333236 0.919227 0.209705 0.403217 -0.339994 0.849600
-3.998045 -250.731083 -565.073466 -2590.872175 0.953870 -0.227125 -0.196331 -0.293661 -0.569926 -0.767429 -0.062408 -0.789683 0.610333
224.495443 -39.877747 -11494.934391 1989.300151 0.926952 0.275466 -0.254714 -0.234785 0.955449 0.178866 0.292638 -0.105997 0.950330
7.097121 -22.894226 -304.435930 785.092265 0.877273 -0.122502 -0.464096 0.003935 0.968687 -0.248253 0.479975 0.215960 0.850285
0.923861 -3.647126 41.182650 17.610321 0.953854 0.033359 -0.298413 -0.291143 -0.140440 -0.946315 0.073477 -0.989527 0.124247
1.693185 -2.901640 11.693436 8.278693 0.946033 -0.036296 -0.322031 -0.323631 -0.157519 -0.932980 0.016863 -0.986849 0.160765
1.400157 -3.491610 27.347241 12.560019 0.977097 0.024589 -0.211371 -0.200658 -0.224222 -0.953657 0.070843 -0.974228 0.214152
1.494268 -3.141469 31.725094 11.437523 0.906223 -0.007849 -0.422727 -0.422319 -0.064471 -0.904151 0.020157 -0.997889 0.061739
0.446090 -3.742371 58.576850 23.624746 0.916630 0.036241 -0.398090 -0.396724 -0.039548 -0.917086 0.048980 -0.998560 0.021873
-0.392444 -3.494417 1.718513 -26.061684 -0.981017 0.134011 0.140169 0.142319 0.988507 0.050986 -0.131725 0.069967 -0.988814
-0.584445 -3.535743 10.091498 -23.533080 -0.955346 0.257540 0.144868 0.265495 0.963354 0.038230 -0.129713 0.074984 -0.988712
-0.127388 -3.038001 9.075392 -12.253425 -0.970670 0.191529 0.145318 0.191462 0.981392 -0.014580 -0.145406 0.013671 -0.989278
-5.735650 -10.186665 47.605026 -206.177025 0.982869 0.138040 0.122120 0.182914 -0.811862 -0.554457 -0.022607 -0.567296 0.823204
-2.551284 -9.282484 140.316605 -153.185841 0.988441 0.127051 -0.082716 0.061954 -0.836477 -0.544488 0.138368 -0.533070 0.834680
-2.864415 -7.511200 96.384093 -175.369546 0.994126 0.077399 -0.075648 0.043066 -0.924152 -0.379590 0.099290 -0.374102 0.922057
3.037575 -5.670518 -68.593530 -87.078207 0.673057 0.494499 0.549969 -0.501276 0.851763 -0.152388 -0.543799 -0.173120 0.821165
2.590081 -3.329370 -52.940133 -23.665956 0.705853 0.385321 0.594390 -0.446952 0.893253 -0.048298 -0.549551 -0.231573 0.802726
-9.276874 -30.236747 -75.820246 1135.468034 -0.178633 0.820909 -0.542400 0.944287 -0.011841 -0.328910 -0.276428 -0.570936 -0.773059
-9.452212 -39.287185 -263.723623 1391.739249 -0.218631 0.829218 -0.514391 0.912743 -0.012653 -0.408339 -0.345110 -0.558782 -0.754096
-10.682491 -23.333746 50.068119 -262.775373 -0.607305 0.788096 -0.100425 -0.589694 -0.362449 0.721728 -0.532393 -0.497529 -0.684853
0.431977 -7.088358 10.725010 -3.585109 0.952170 -0.272213 -0.138828 0.109610 -0.119823 0.986726 0.285234 0.954747 0.084255
0.509178 -6.986239 7.860710 -17.221556 0.955426 -0.269651 -0.120204 0.121416 -0.012246 0.992526 0.269107 0.962880 -0.021040
-0.388567 -9.101386 11.619226 37.362604 0.959272 -0.263450 -0.101932 0.059362 -0.164783 0.984542 0.276175 0.950495 0.142433
-0.250677 -8.296396 7.835440 35.206277 0.956827 -0.250986 -0.146589 0.052962 -0.345342 0.936981 0.285792 0.904293 0.317140
0.010313 -9.596300 21.019395 30.933415 0.957142 -0.269333 -0.106487 0.055714 -0.189585 0.980282 0.284210 0.944202 0.166454
-0.297718 -7.966359 -4.305558 28.085193 0.961900 -0.230440 -0.147123 0.069628 -0.313904 0.946898 0.264386 0.921066 0.285899
-0.132367 -10.230023 22.996089 39.863793 0.957457 -0.280398 -0.068211 0.076248 0.017841 0.996929 0.278320 0.959718 -0.038462
-0.490324 -9.399132 6.035770 37.087692 0.964663 -0.253805 -0.070763 0.080266 0.027272 0.996400 0.250962 0.966871 -0.046680
-0.461500 -8.545652 -0.733288 31.357121 0.963217 -0.245512 -0.109254 0.075641 -0.142419 0.986912 0.257858 0.958875 0.118609
2.590651 -12.451050 1.680821 -159.921407 0.961928 0.154281 -0.225594 -0.273233 0.523976 -0.806717 0.006255 -0.837643 -0.546182
2.210135 -12.697309 36.896835 -160.466341 0.971763 0.193274 -0.135359 -0.228999 0.634188 -0.738488 0.056887 -0.748632 -0.660540
2.894029 -14.682225 11.545146 -119.559922 0.964524 0.176439 -0.196376 -0.260873 0.751099 -0.606462 -0.040494 -0.636176 -0.770480
0.367671 -6.190570 7.588742 0.850302 0.928472 -0.343836 -0.140416 -0.008676 -0.398045 0.917325 0.371301 0.850492 0.372556
0.188638 -16.342715 -4.563218 44.800477 0.997551 -0.069363 0.008997 -0.013066 -0.058440 0.998205 0.068712 0.995878 0.059203
0.377617 -16.228773 -2.347559 -68.515346 0.996252 -0.082521 -0.025942 -0.001289 -0.314026 0.949414 0.086493 0.945821 0.312955
-0.167524 -16.823859 13.371974 -12.188870 0.936837 -0.253379 -0.241114 0.163154 -0.293190 0.942030 0.309383 0.921867 0.233332
-0.857088 -28.463487 16.628019 -34.905246 0.994749 -0.102093 -0.007222 -0.102189 -0.994660 -0.014461 0.005707 -0.015123 0.999869
-0.842010 -28.493254 5.740375 246.426638 0.995075 -0.097894 0.015589 -0.082144 -0.902356 -0.423092 -0.055485 -0.419728 0.905953
-0.298547 -28.102578 35.913773 173.902400 0.995988 -0.086796 -0.021770 -0.089256 -0.946238 -0.310914 -0.006386 -0.311610 0.950189
3.234780 -7.927659 115.695076 40.396858 0.144593 -0.878912 -0.454540 0.975256 0.204226 -0.084660 0.167237 -0.431052 0.886694
1.378664 -6.937950 193.970197 4.218354 -0.034719 -0.865350 -0.499964 0.987174 0.048308 -0.152164 0.155827 -0.498835 0.852574
-3.894511 -6.806703 100.504527 -28.646841 -0.240767 -0.856899 -0.455801 0.970406 -0.221501 -0.096176 -0.018547 -0.465468 0.884870
-5.123151 -11.688712 18.671302 -89.111185 0.926787 0.249566 0.280682 0.005125 -0.755650 0.654955 -0.375552 0.605566 0.701606
-5.231217 -12.679327 26.389260 -43.595339 0.944111 0.250361 0.214415 0.124405 -0.873004 0.471580 -0.305251 0.418550 0.855358
-4.690666 -12.073000 17.563727 -77.019772 0.960851 0.243107 0.132911 0.117412 -0.791773 0.599425 -0.250960 0.560352 0.789319
-4.431277 -10.568416 14.646652 -93.233177 0.957291 0.254967 0.136330 0.061093 -0.639257 0.766563 -0.282598 0.725495 0.627531
-4.543647 -9.703749 6.659474 -102.878832 0.918063 0.251355 0.306565 -0.103653 -0.594209 0.797604 -0.382645 0.764027 0.519467
1.714879 -2.820379 -0.090930 -5.499902 0.988442 0.136881 -0.065167 0.076205 -0.820208 -0.566967 0.131058 -0.555448 0.821159
1.475217 -3.442585 18.217322 -14.179564 0.984391 0.100129 -0.144737 -0.001505 -0.817567 -0.575831 0.175990 -0.567061 0.804655
-0.776994 -57.448145 76.344823 1017.474191 -0.155202 0.820475 -0.550212 -0.437769 0.442168 0.782845 -0.885590 -0.362365 -0.290554
-0.920170 -178.917946 159.660500 6808.904220 -0.073500 0.824798 -0.560631 -0.709787 0.351632 0.610375 -0.700571 -0.442791 -0.559586
-2.885869 -73.670589 30.063580 2125.400343 -0.167366 0.788178 -0.592254 -0.493354 0.453146 0.742469 -0.853575 -0.416454 -0.313009
-2.241705 -3.437824 4.273720 32.613696 0.989026 -0.108221 0.100574 0.123752 0.978692 -0.163853 0.080699 -0.174501 -0.981344
-2.953096 -4.896803 -40.975646 56.976939 0.958228 -0.268890 0.097452 0.285411 0.920958 -0.265288 0.018416 -0.282020 -0.959232
-1.882848 -4.071806 -57.721003 19.100131 0.836499 -0.535606 0.115741 0.547958 0.816239 -0.183022 -0.003556 -0.216519 -0.976272
-0.861715 -3.925842 -40.176475 -5.156171 0.855662 -0.488200 0.171763 0.507094 0.857206 -0.089736 0.103427 -0.163884 -0.981043
-0.236243 -4.086292 97.830925 -49.306693 -0.696913 0.708573 -0.110617 0.715529 0.676629 -0.173756 -0.048273 -0.200243 -0.978556
-1.451361 -4.235567 -56.093200 29.512396 0.792242 -0.602191 0.098581 0.608340 0.766816 -0.204732 -0.047694 -0.222167 -0.973841
2.555681 -10.713548 84.777141 -223.514638 -0.317533 0.348992 0.881690 -0.448792 0.763768 -0.463944 -0.835319 -0.543013 -0.085897
4.063308 -12.826224 174.423582 -208.792768 -0.287045 0.255968 0.923085 -0.363005 0.862699 -0.352104 -0.886472 -0.436154 -0.154716
0.852373 -12.528573 66.630134 -112.257837 -0.303238 0.324627 0.895915 -0.187439 0.901496 -0.390091 -0.934298 -0.286220 -0.212520
6.367695 -9.388593 199.370537 -175.142205 -0.326613 0.282096 0.902079 -0.518265 0.744688 -0.420524 -0.790396 -0.604864 -0.097024
3.737543 -6.718960 87.336285 -154.381964 -0.351820 0.374720 0.857792 -0.560762 0.649377 -0.513669 -0.749513 -0.661736 -0.018335
1.771873 -8.913278 0.963194 -215.379838 -0.361090 0.422314 0.831424 -0.494184 0.669431 -0.554657 -0.790820 -0.611157 -0.033024
-0.489272 -4.800040 18.309291 18.211799 0.992024 -0.116218 0.048808 0.036994 -0.101726 -0.994124 -0.120500 -0.988001 0.096615
-0.956404 -4.874642 12.589901 11.998229 0.984646 -0.123243 0.123630 0.103446 -0.158525 -0.981921 -0.140613 -0.979633 0.143342
-0.403810 -4.264292 16.909217 36.347500 0.989360 -0.120569 0.081426 0.081440 -0.004818 -0.996667 -0.120560 -0.992693 -0.005052
-0.718835 -4.436358 8.854872 32.709098 0.976560 -0.127947 0.173089 0.170733 -0.029241 -0.984883 -0.131074 -0.991350 0.006711
-0.026735 -4.371867 21.407695 39.628513 0.994406 -0.105619 -0.000669 -0.001463 -0.007442 -0.999971 -0.105611 -0.994379 0.007555
0.119191 -3.421374 20.738826 50.296485 0.994440 -0.105227 0.004115 0.013888 0.092313 -0.995633 -0.104388 -0.990154 -0.093261
-0.287881 -3.426451 20.052859 45.736566 0.990024 -0.114755 0.081749 0.092777 0.094295 -0.991212 -0.106038 -0.988908 -0.104001
-0.066090 -6.844386 -13.416398 -18.537831 0.930723 0.013755 -0.365466 -0.308180 0.567566 -0.763474 -0.196925 -0.823213 -0.532486
0.318877 -7.196066 -7.264494 -107.103394 0.963156 -0.016359 -0.268446 -0.211467 0.570649 -0.793500 -0.166169 -0.821031 -0.546164
0.578481 -8.328809 -11.800339 -171.021177 0.947571 -0.003140 -0.319528 -0.247005 0.627186 -0.738665 -0.202723 -0.778863 -0.593528
-0.460212 -14.746732 -10.729855 -297.256277 0.955154 0.064255 -0.289054 -0.130256 -0.785477 -0.605028 0.265922 -0.615546 0.741882
-0.595688 -14.974825 -13.470302 -293.804161 0.958305 0.059029 -0.279585 -0.145112 -0.742345 -0.654115 0.246160 -0.667412 0.702827
-0.609706 -16.997493 -10.930048 -109.511122 0.959520 0.060406 -0.275085 -0.214218 -0.477564 -0.852082 0.182842 -0.876518 0.445292
0.507265 -12.039015 28.486885 15.856412 0.965477 -0.080575 -0.247711 -0.231344 -0.702301 -0.673240 0.119721 -0.707305 0.696697
0.836964 -11.937425 12.902202 47.481149 0.978361 -0.076600 -0.192204 -0.203799 -0.517137 -0.831285 0.035719 -0.852468 0.521557
0.999115 -5.519718 -42.611588 2.280717 0.959709 -0.160796 -0.230442 -0.045123 0.721258 -0.691196 -0.277350 -0.673745 -0.684942
-0.168049 -5.524181 -58.376077 -4.023862 0.951842 -0.165531 -0.258064 -0.073321 0.694398 -0.715846 -0.297694 -0.700294 -0.648820
0.857644 -5.296228 -33.443725 -6.055049 0.963302 -0.155177 -0.219018 -0.074691 0.628764 -0.774001 -0.257818 -0.761956 -0.594099
1.794317 -5.434478 -3.132559 7.313661 0.978201 -0.139134 -0.154155 -0.005144 0.725883 -0.687799 -0.207595 -0.673599 -0.709344
1.427652 -5.149517 -1.609309 -14.709582 0.980989 -0.131527 -0.142693 -0.032422 0.613877 -0.788736 -0.191335 -0.778368 -0.597942
1.037186 -4.936673 -16.028776 -21.781635 0.969228 -0.135145 -0.205750 -0.103810 0.533473 -0.839423 -0.223206 -0.834951 -0.503027
0.470508 -5.061225 -39.419634 -20.089117 0.957921 -0.150650 -0.244320 -0.131139 0.527458 -0.839399 -0.255324 -0.836118 -0.485507
2.522602 -4.744106 -25.449081 -36.065048 0.911075 -0.224215 -0.345935 -0.253496 0.357038 -0.899035 -0.325089 -0.906781 -0.268451
2.848880 -5.174182 17.173237 -17.222126 0.943733 -0.180618 -0.277030 -0.172472 0.445939 -0.878289 -0.282173 -0.876650 -0.389696
1.960226 -4.825212 90.370248 -26.881494 0.977258 -0.070454 -0.200010 -0.150143 0.436173 -0.887249 -0.149749 -0.897100 -0.415675
0.844813 -16.970024 -20.953069 -113.760412 0.942808 -0.285901 -0.171388 0.133609 0.795173 -0.591480 -0.305388 -0.534753 -0.787894
1.246256 -15.654566 -15.509782 -93.570807 0.950399 -0.268151 -0.157601 0.062729 0.661534 -0.747287 -0.304644 -0.700334 -0.645542
1.170965 -16.031944 -7.135196 -82.159024 0.953601 -0.263257 -0.146085 0.159183 0.852706 -0.497548 -0.255551 -0.451208 -0.855047
0.790904 -16.780789 8.580866 24.522449 -0.945854 0.286000 0.153507 0.244546 0.938854 -0.242383 -0.213442 -0.191719 -0.957959
-1.746431 -23.622507 -47.431537 -281.922732 0.924195 -0.314594 -0.216552 -0.056938 -0.674162 0.736386 0.377654 0.668234 0.640969
-2.400838 -25.281395 1.773552 -375.596168 0.889643 -0.378549 -0.255411 -0.059662 -0.650865 0.756846 0.452742 0.658085 0.601622
-2.549384 -22.166844 -13.363832 -214.074528 0.898084 -0.362886 -0.248515 0.069124 -0.441556 0.894567 0.434359 0.820574 0.371470
-2.163671 -20.765366 -35.212891 100.806438 0.907990 -0.350692 -0.229280 0.153939 -0.229728 0.961003 0.389688 0.907877 0.154606
-1.618082 -21.349333 -57.623336 -142.035838 0.926303 -0.308969 -0.215639 0.054024 -0.457496 0.887569 0.372885 0.833808 0.407088
-1.478376 -9.285030 2.455297 124.116932 -0.376703 0.322602 0.868345 0.444359 0.885437 -0.136181 -0.812798 0.334557 -0.476898
-1.760002 -8.309380 -6.862775 92.522487 -0.387496 0.398397 0.831340 0.504349 0.846485 -0.170573 -0.771673 0.353189 -0.528941
-1.035257 -12.225968 4.503460 163.434001 -0.354666 0.357911 0.863778 0.275754 0.922782 -0.269135 -0.893405 0.142737 -0.425974
5.501525 -101.089421 265.315000 4153.916417 0.910925 -0.074480 -0.405793 -0.250402 0.681889 -0.687260 -0.327892 -0.727654 -0.602500
-3.300997 -67.500344 -85.004518 1750.392783 0.935140 -0.284231 -0.211485 -0.162089 0.187551 -0.968789 -0.315024 -0.940233 -0.129315
0.604897 -263.862338 -29.346716 9900.995284 0.790579 -0.084010 -0.606570 -0.545141 0.354651 -0.759634 -0.278937 -0.931217 -0.234583
-25.320870 -39.374382 583.137731 537.562922 0.961153 0.032896 -0.274048 -0.275906 0.142386 -0.950580 -0.007750 -0.989264 -0.145931
-7.625692 -14.187516 -172.890235 232.966203 0.777356 -0.540522 0.321799 0.486033 0.191312 -0.852744 -0.399362 -0.819290 -0.411429
-5.056474 -16.776121 66.388633 193.360769 0.911367 -0.222385 -0.346344 -0.148019 0.608091 -0.779946 -0.384057 -0.762083 -0.521277
0.385631 -4.010168 26.393274 -22.130467 0.092610 0.520801 0.848640 0.991346 -0.127869 -0.029711 0.093041 0.844047 -0.528136
1.196693 -4.625023 31.674474 -26.638900 0.108157 0.516101 0.849672 0.971738 -0.235279 0.019216 0.209828 0.823580 -0.526962
-0.400264 -4.163209 57.728496 -24.077917 -0.041319 0.517809 0.854498 0.990414 -0.091592 0.103393 0.131803 0.850579 -0.509061
0.503556 -4.770891 54.391685 -24.703170 -0.001704 0.505386 0.862892 0.962315 -0.233821 0.138846 0.271934 0.830610 -0.485942
-0.966201 -4.145776 -0.566076 -32.361843 0.975888 -0.171076 -0.135553 0.188693 0.973397 0.129974 -0.109711 0.152418 -0.982208
-1.169346 -4.154867 -12.959242 -35.076558 0.926381 -0.343691 -0.153929 0.360348 0.927738 0.097217 -0.109394 0.145528 -0.983288
-0.922177 -3.585744 22.260990 -27.761560 -0.897726 0.414461 0.149366 0.419910 0.907549 0.005493 -0.133280 0.067652 -0.988767
0.970427 -12.443770 -34.038726 -67.469808 -0.984111 0.008587 0.177344 0.014850 0.999311 0.034017 -0.176930 0.036110 -0.983561
-2.357832 -11.966039 112.983492 -220.575947 -0.961686 -0.053980 0.268788 -0.080025 0.992998 -0.086898 -0.262215 -0.105079 -0.959271
-0.231305 -8.120515 17.315534 -16.375029 0.984324 -0.120643 -0.128655 0.086434 0.965820 -0.244379 -0.153740 -0.229428 -0.961107
2.216518 -74.315596 -53.665513 -2386.484997 -0.951940 0.034770 0.304305 0.060072 0.995434 0.074182 -0.300336 0.088897 -0.949682
-18.881765 -80.147145 -447.034153 -1858.040389 0.004248 0.979827 -0.199802 -0.460392 -0.175452 -0.870205 0.887706 -0.095684 -0.450359
-9.592726 -47.658668 -229.648580 -943.062101 0.049121 0.954403 -0.294453 -0.265499 -0.271726 -0.925027 0.962859 -0.123615 -0.240045
-6.244302 -54.829362 -181.481453 -1465.008210 0.063169 0.957594 -0.281113 -0.523907 -0.207924 -0.826008 0.849430 -0.199455 -0.488556
-6.938873 -10.025710 1.273287 -80.945124 0.985742 0.035109 0.164559 0.141150 -0.704890 -0.695131 -0.091591 -0.708448 0.699795
-7.789084 -9.893876 -60.186859 -68.267272 0.975263 -0.207339 0.076632 -0.088766 -0.684848 -0.723259 -0.202441 -0.698566 0.686311
-6.453452 -9.496393 -0.839394 -68.453377 0.879855 -0.467868 -0.083391 -0.388450 -0.606921 -0.693364 -0.273791 -0.642453 0.715746
1.704192 -10.507157 -23.912187 -171.556237 0.615827 0.564138 0.550005 -0.394152 0.825038 -0.404915 -0.682203 0.032572 0.730437
0.271525 -11.149247 1.465856 -88.528557 0.620840 0.517550 0.588812 -0.195653 0.829623 -0.522920 -0.759129 0.209447 0.616324
0.273588 -10.862058 11.616610 -91.283460 0.632129 0.422154 0.649768 -0.142858 0.887678 -0.437743 -0.761580 0.183886 0.621435
1.001253 -23.610242 -18.490741 -434.864287 0.999072 -0.000864 -0.043064 -0.024522 -0.833356 -0.552193 0.035411 -0.552737 0.832603
0.440132 -24.300459 -9.543163 -388.199277 0.999583 0.011977 -0.026272 -0.001353 -0.889482 -0.456968 0.028842 -0.456813 0.889095
0.931412 -18.628635 -17.420807 -224.354362 0.999307 -0.000363 -0.037209 -0.011541 -0.953666 -0.300646 0.035376 -0.300867 0.953010
1.227744 -25.144906 -10.963910 -546.836456 0.998812 0.010044 -0.047684 -0.014955 -0.868119 -0.496131 0.046378 -0.496254 0.866937
0.836924 -25.301341 -13.860366 -321.203601 0.998900 0.008111 -0.046174 -0.031433 -0.614850 -0.788017 0.034781 -0.788602 0.613919
0.612531 -7.140065 2.101576 -17.865342 0.958001 -0.258198 -0.124771 0.146198 0.065446 0.987088 0.246698 0.963873 -0.100446
0.767566 -6.699374 3.120310 -14.449835 0.957794 -0.275789 -0.081066 0.125394 0.147083 0.981144 0.258665 0.949899 -0.175457
0.022220 -8.420056 8.680803 38.032202 0.959124 -0.243389 -0.144369 0.036332 -0.400033 0.915780 0.280644 0.883592 0.374839
-0.206547 -7.335653 -3.601659 31.963970 0.958552 -0.219025 -0.182227 0.064701 -0.455535 0.887864 0.277475 0.862853 0.422483
0.273160 -12.646971 -30.310155 -28.049577 0.943698 0.144749 -0.297460 -0.018346 0.920706 0.389827 -0.330300 0.362421 -0.871523
-0.500219 -13.272645 -11.073629 5.962749 0.954045 0.090463 -0.285684 0.060268 0.875942 0.478637 -0.293541 0.473859 -0.830236
0.111429 -13.324394 21.942197 46.845178 -0.947972 -0.092505 0.304619 -0.011607 0.966260 0.257308 -0.318143 0.240385 -0.917060
-0.745442 -13.002653 -16.117019 -3.238112 0.953299 0.054415 -0.297086 0.068224 0.919417 0.387322 -0.294222 0.389502 -0.872767
1.117332 -12.704532 39.236210 49.787329 -0.942154 -0.161931 0.293471 -0.104786 0.973968 0.201012 -0.318381 0.158633 -0.934596
-0.202956 -13.472826 27.535281 42.887651 -0.946650 -0.041358 0.319599 0.002810 0.990634 0.136518 -0.322252 0.130133 -0.937667
0.936500 -14.188630 34.296854 69.050738 -0.944219 -0.090858 0.316538 -0.103867 0.994291 -0.024434 -0.312510 -0.055949 -0.948265
0.758478 -5.996446 12.027501 0.748408 0.932199 -0.332949 -0.141951 -0.016305 -0.430419 0.902482 0.361579 0.838978 0.406665
0.548082 -5.791644 -5.242330 18.352409 0.933660 -0.342827 -0.103675 -0.143500 -0.623280 0.768720 0.328156 0.702845 0.631127
0.787814 -5.842685 14.281339 13.687219 0.933510 -0.336125 -0.124817 -0.086285 -0.548481 0.831699 0.348014 0.765630 0.541015
-0.923041 -10.539243 24.822619 157.448249 0.998169 0.033481 -0.050365 -0.060472 0.564938 -0.822914 -0.000901 -0.824454 -0.565929
-1.743885 -9.420668 39.158995 -58.429565 0.999521 0.017304 -0.025651 -0.030699 0.658371 -0.752067 -0.003874 -0.752494 -0.658587
-0.730976 -9.680314 39.080723 9.794119 0.999161 -0.005990 0.040521 0.035164 0.632784 -0.773529 0.021007 -0.774305 -0.632464
-1.752755 -9.351713 14.045450 86.967929 0.986198 0.070859 -0.149643 -0.161213 0.616970 -0.770298 -0.037743 -0.783790 -0.619878
-0.410862 -12.755233 13.838828 237.359368 0.999964 0.007123 -0.004675 -0.007730 0.527660 -0.849420 0.003583 -0.849426 -0.527696
-0.123337 -17.149241 4.197938 412.325212 0.998741 0.024786 -0.043611 -0.049904 0.402775 -0.913937 0.005088 -0.914963 -0.403505
-0.693105 -15.432989 16.130637 340.228470 0.993872 0.055091 -0.095834 -0.110462 0.462328 -0.879801 0.004163 -0.884996 -0.465581
-0.483756 -13.907726 16.724052 -43.746129 0.951149 -0.235815 -0.199266 0.174400 -0.122192 0.977064 0.254755 0.964085 0.075097
-0.592416 -13.024792 16.324342 -3.139905 0.960208 -0.229723 -0.158830 0.186787 0.105436 0.976726 0.207631 0.967528 -0.144150
-0.904688 -13.140875 14.361755 -45.747831 0.958765 -0.213797 -0.187243 0.178213 -0.060934 0.982103 0.221380 0.974976 0.020320
-0.916018 -13.820421 7.054133 -23.333088 0.955553 -0.191377 -0.224260 0.154426 -0.323066 0.933692 0.251138 0.926824 0.279154
-1.377330 -13.223583 24.725570 -30.825376 0.956098 -0.195427 -0.218369 0.175001 -0.216946 0.960369 0.235056 0.956422 0.173222
0.909075 -35.461040 -18.194592 -985.315958 0.990016 -0.039299 0.135366 -0.118618 -0.751075 0.649473 -0.076147 0.659046 0.748238
0.598177 -28.621496 -29.505508 -615.502973 0.993858 0.005709 0.110518 -0.071829 -0.726445 0.683461 -0.084187 0.687201 0.721573
1.198578 -30.964486 -25.532143 -407.983979 0.992574 -0.006565 0.121468 -0.046027 -0.944573 0.325058 -0.112602 0.328235 0.937861
2.750774 -2.893985 -127.640235 -42.603448 0.939080 -0.274582 -0.206720 -0.184722 -0.910422 0.370147 0.289839 0.309412 0.905681
1.686074 -3.279239 -73.138748 -18.697170 0.949289 0.153726 -0.274259 0.232424 -0.930565 0.282893 0.211728 0.332292 0.919105
5.466342 -2.057289 -238.891870 -24.676363 0.958385 -0.233421 -0.164358 -0.147589 -0.897937 0.414641 0.244369 0.373128 0.895019
0.908660 -3.715085 -39.168487 -13.944926 0.955432 0.087507 -0.281945 0.153968 -0.962583 0.222999 0.251881 0.256471 0.933155
0.374624 -4.464024 -18.983222 52.597199 0.934309 -0.240235 -0.263353 0.161502 0.943893 -0.288067 0.317781 0.226612 0.920686
-4.898415 -12.692463 23.540166 -7.886253 0.960081 0.244719 0.135491 0.181490 -0.913548 0.363992 -0.212854 0.324872 0.921494
-0.415005 -6.800480 4.788977 -11.309111 0.998496 0.053590 -0.011535 -0.045960 0.703724 -0.708985 0.029877 -0.708449 -0.705129
2.623624 -82.985184 36.923768 2821.554549 -0.307059 0.848643 -0.430721 0.034500 0.462214 0.886097 -0.951065 -0.257224 0.171205
1.860885 -47.049453 7.708699 1622.923808 -0.306143 0.838215 -0.451300 0.389978 0.542883 0.743771 -0.868443 -0.051703 0.493085
-0.889609 -3.431849 15.030724 18.983648 0.974014 -0.155230 -0.164924 -0.223421 -0.539134 -0.812045 -0.037137 -0.827791 0.559806
-0.610053 -3.166727 22.392825 -17.756878 0.974585 -0.129545 -0.182761 -0.223462 -0.504801 -0.833811 -0.015759 -0.853460 0.520920
-0.442956 -3.134450 17.914751 25.598020 0.984896 -0.095517 -0.144415 -0.173128 -0.531612 -0.829105 -0.002421 -0.841585 0.540119
-0.966600 -3.655297 14.967030 -19.262475 0.980040 -0.146335 -0.134568 -0.189352 -0.480878 -0.856097 -0.060566 -0.864490 0.498988
-0.850090 -7.752622 -8.859488 -116.527293 0.787971 -0.285704 0.545412 0.498325 -0.224344 -0.837461 -0.361626 -0.931688 0.034403
-0.261726 -6.772823 -28.650196 -124.068082 0.726396 -0.304228 0.616274 0.538996 -0.304176 -0.785468 -0.426418 -0.902730 0.056975
0.411298 -9.002675 -39.393736 -134.905025 0.736752 -0.302985 0.604481 0.592853 -0.140438 -0.792971 -0.325150 -0.942591 -0.076158
-0.313391 -9.187780 -26.075534 -62.109329 0.797393 -0.279348 0.534911 0.556483 -0.002498 -0.830855 -0.233434 -0.960187 -0.153460
-1.508832 -8.493509 -23.986562 -76.309175 0.809793 -0.273515 0.519061 0.511142 -0.105446 -0.853003 -0.288042 -0.956071 -0.054415
-1.458752 -6.804311 -15.655087 -96.090457 0.810988 -0.276125 0.515804 0.439228 -0.295054 -0.848541 -0.386493 -0.914712 0.118003
8.746818 -11.961213 288.914418 -204.825579 -0.338680 0.171617 0.925118 -0.450813 0.833423 -0.319646 -0.825872 -0.525313 -0.204896
6.835409 -14.012046 246.583710 -146.841353 -0.328672 0.130472 0.935389 -0.261079 0.939266 -0.222749 -0.907641 -0.317422 -0.274647
-0.883858 -4.861159 13.479451 -12.675189 0.991595 -0.124182 0.036302 0.004685 -0.245935 -0.969275 -0.129294 -0.961299 0.243286
-1.257724 -4.595403 9.097107 -22.464768 0.984129 -0.127417 0.123513 0.076441 -0.323749 -0.943050 -0.160147 -0.937524 0.308870
-1.199594 -4.778637 0.362595 -15.846651 0.972058 -0.146682 0.183270 0.137060 -0.279178 -0.950407 -0.190572 -0.948970 0.251273
-1.056633 -4.903352 4.757736 12.593584 0.971990 -0.137794 0.190390 0.167552 -0.161801 -0.972495 -0.164809 -0.977156 0.134181
-0.441669 -7.616787 -11.003462 83.210897 0.960503 -0.024781 -0.277164 -0.221131 0.536661 -0.814307 -0.168923 -0.843434 -0.509985
0.168549 -6.784612 6.663745 8.948797 0.982388 -0.043852 -0.181636 -0.131300 0.529618 -0.838012 -0.132946 -0.847102 -0.514533
0.560683 -7.817088 7.921719 -136.517891 0.971023 -0.010973 -0.238734 -0.185656 0.594390 -0.782453 -0.150487 -0.804102 -0.575129
0.135082 -12.729735 -8.645221 -267.813682 0.948147 0.050583 -0.313781 -0.127031 -0.844662 -0.520009 0.291342 -0.532905 0.794438
0.479675 -11.842922 -33.527703 -215.642507 0.951183 0.039772 -0.306054 -0.109028 -0.884419 -0.453780 0.288728 -0.464996 0.836908
0.694179 -15.024272 -39.177803 -220.981008 0.941730 0.008748 -0.336256 -0.215855 -0.750964 -0.624068 0.257975 -0.660286 0.705317
-0.161597 -10.467312 6.822833 -65.921990 0.971250 -0.086037 -0.221970 -0.170603 -0.901857 -0.396924 0.166035 -0.423381 0.890607
-0.281524 -10.028116 -10.596378 -74.570696 0.974252 -0.086037 -0.208402 -0.150930 -0.935539 -0.319352 0.167492 -0.342584 0.924436
-0.176220 -10.288004 -4.852729 -47.085710 0.978585 -0.063360 -0.195850 -0.146288 -0.883430 -0.445143 0.144815 -0.464260 0.873780
1.990691 -1.457685 22.410808 -24.778659 0.738361 -0.276770 -0.614997 -0.653429 -0.067921 -0.753935 -0.166895 -0.958533 0.231000
1.722608 -1.308099 13.296018 -21.696073 0.756568 -0.243391 -0.606932 -0.637823 -0.070027 -0.766993 -0.144177 -0.967397 0.208221
1.820413 -1.790792 6.205604 -17.254621 0.767184 -0.266627 -0.583385 -0.615510 -0.050095 -0.786535 -0.180487 -0.962497 0.202544
1.774032 -1.656637 -1.412598 -15.214469 0.778156 -0.224420 -0.586608 -0.610737 -0.052465 -0.790093 -0.146537 -0.973079 0.177888
1.772109 -1.903357 -1.716706 -26.433269 0.785244 -0.315339 -0.532872 -0.582405 -0.083959 -0.808552 -0.210229 -0.945258 0.249584
1.804906 -2.017040 -6.361901 -9.067613 0.767328 -0.244456 -0.592832 -0.613028 -0.008371 -0.790017 -0.188162 -0.969624 0.156281
