17353
34694
-3.870389 -4.896187 28.342452 46.620716 0.897874 0.173715 -0.404531 -0.132160 -0.770130 -0.624046 0.419947 -0.613777 0.668522
-3.616985 -5.366841 30.460205 32.606284 0.842132 0.021058 -0.538861 -0.267682 -0.851123 -0.451593 0.468146 -0.524544 0.711121
-4.864112 -6.720870 16.779180 101.017524 0.792826 0.603051 -0.088072 0.408669 -0.633260 -0.657245 0.452125 -0.485088 0.748514
-2.949469 -4.519154 -1.741353 24.720380 0.685031 -0.214336 -0.696270 -0.562459 -0.763020 -0.318497 0.463003 -0.609804 0.643248
-3.617272 -7.376855 -13.017377 129.515245 0.833083 0.553147 0.000462 0.402128 -0.605063 -0.687162 0.379822 -0.572649 0.726504
-3.143236 -5.137589 -21.477713 95.117623 0.925689 0.359035 -0.119139 0.142838 -0.623375 -0.768766 0.350282 -0.694620 0.628335
-2.601354 -3.903965 9.555447 29.000410 0.691317 -0.235266 -0.683177 -0.619998 -0.678699 -0.393662 0.371056 -0.695714 0.615061
1.988790 -2.501618 -20.731905 -29.226027 0.681173 0.732076 0.008275 0.177900 -0.154545 -0.971837 0.710180 -0.663461 0.235508
1.860587 -3.276640 -9.322550 -44.586541 0.679388 0.727232 0.097802 0.218675 -0.073431 -0.973031 0.700438 -0.682452 0.208916
1.807394 -2.570747 5.897148 -13.608070 0.699954 0.714153 0.007067 0.190400 -0.177060 -0.965607 0.688340 -0.677226 0.259908
1.724631 -1.888672 -8.811428 -5.940237 0.680832 0.728332 -0.077460 0.139006 -0.232321 -0.962655 0.719128 -0.644639 0.259414
-1.162330 -2.496520 5.964474 18.982227 0.987449 0.135363 0.081365 -0.154187 0.937808 0.311035 0.034202 0.319677 -0.946909
-1.375087 -2.984960 6.568800 10.140942 0.999392 -0.025842 0.023420 0.019373 0.969748 0.243337 0.029000 0.242735 -0.969659
-1.225893 -2.786562 10.680992 26.593765 0.998711 0.044334 0.024723 -0.049916 0.946276 0.319483 0.009231 0.320306 -0.947269
-0.807988 -1.887198 8.607071 20.119400 0.876130 0.436364 0.204896 -0.481529 0.812378 0.328894 0.022935 0.386818 -0.921871
-1.092045 -2.433525 1.543182 14.632883 0.955697 0.260021 0.137961 -0.289955 0.912331 0.289100 0.050694 0.316294 -0.947306
-1.073262 -2.022513 10.824394 28.228614 0.964752 0.241353 0.104888 -0.263157 0.886266 0.381157 0.000965 0.395324 -0.918541
-0.135510 -3.604609 15.922548 -12.244221 0.933018 -0.063334 -0.354212 -0.228211 0.656929 -0.718584 -0.278203 -0.751287 -0.598473
-0.337306 -3.474849 -8.673174 -30.437455 0.930916 -0.109847 -0.348324 -0.230447 0.563242 -0.793506 -0.283356 -0.818958 -0.499017
-0.436556 -3.795136 -14.148360 -3.284749 0.921102 -0.107928 -0.374063 -0.188835 0.716367 -0.671684 -0.340460 -0.689326 -0.639466
-0.030162 -3.412805 29.138069 -21.455546 0.933788 -0.046527 -0.354790 -0.271353 0.554259 -0.786870 -0.233256 -0.831043 -0.504935
0.010682 -3.950466 18.218047 20.387133 0.933695 -0.061199 -0.352802 -0.184094 0.763048 -0.619571 -0.307122 -0.643438 -0.701187
-0.039990 -3.892556 56.688198 -5.009970 0.950382 -0.012247 -0.310843 -0.215422 0.694959 -0.686021 -0.224425 -0.718945 -0.657839
0.080670 -1.165544 14.634373 1.308712 0.940180 0.339387 0.029631 0.232668 -0.576135 -0.783540 0.248852 -0.743562 0.620635
-0.108632 -1.358600 8.904020 -8.446407 0.965496 0.246788 -0.083146 0.088513 -0.611254 -0.786469 0.244915 -0.751973 0.612007
0.315755 -0.937623 17.317995 -5.820364 0.964358 0.238005 -0.115614 0.056609 -0.612403 -0.788516 0.258474 -0.753867 0.604049
0.309638 -0.810194 16.253884 4.913153 0.929599 0.363839 0.058889 0.267598 -0.556382 -0.786658 0.253452 -0.747035 0.614574
0.498462 -0.663895 18.737716 -2.900764 0.952965 0.302431 -0.019810 0.169406 -0.585719 -0.792613 0.251314 -0.751977 0.609404
0.329550 -1.077538 10.616903 -3.830732 0.953662 0.085366 -0.288514 -0.179427 -0.608386 -0.773093 0.241524 -0.789037 0.564878
0.520278 -0.737597 12.649103 -8.751926 0.970377 0.195221 -0.142329 0.010072 -0.621293 -0.783514 0.241386 -0.758870 0.604855
-0.136065 -4.609080 -4.593014 -17.234341 -0.926030 0.262332 0.271387 0.175747 0.935976 -0.305061 -0.334039 -0.234800 -0.912846
-0.128866 -4.108129 -2.018492 -9.195741 -0.920200 0.284801 0.268554 0.154303 0.894406 -0.419795 -0.359755 -0.344857 -0.866978
-0.152805 -4.397925 -3.652660 -9.715031 -0.922695 0.270227 0.274975 0.157279 0.915027 -0.371467 -0.351990 -0.299503 -0.886792
-0.577690 -10.028100 -0.512472 58.019422 0.936966 -0.263236 -0.229785 -0.284911 -0.194838 -0.938543 -0.202288 -0.944852 0.257556
-0.461338 -11.145802 -4.704847 52.155015 0.943088 -0.258766 -0.208869 -0.303824 -0.415130 -0.857530 -0.135192 -0.872186 0.470123
-0.406540 -11.193739 14.082618 36.143077 0.940387 -0.242731 -0.238232 -0.326877 -0.451573 -0.830201 -0.093936 -0.858582 0.503996
-0.324511 -10.593221 -4.290809 -47.739356 0.943458 -0.263643 -0.200947 -0.330339 -0.697221 -0.636206 -0.027627 -0.666614 0.744891
-0.635699 -10.136570 5.153836 66.129247 0.931851 -0.269659 -0.242771 -0.296284 -0.179275 -0.938124 -0.209451 -0.946121 0.246953
-0.293786 -10.486208 15.914606 -68.310459 0.936278 -0.253521 -0.243128 -0.349680 -0.738310 -0.576734 0.033289 -0.625000 0.779914
-0.397414 -10.692263 10.197824 -10.257945 0.936110 -0.267227 -0.228664 -0.347801 -0.606734 -0.714778 -0.052270 -0.748641 0.660912
-0.361255 -10.956017 -1.665858 62.265183 0.932552 -0.286418 -0.219797 -0.318425 -0.365587 -0.874615 -0.170150 -0.885614 0.432131
18.827646 -3.625702 691.629355 3.184984 0.892023 0.438457 -0.109779 0.418301 -0.708803 0.567999 -0.171232 0.552588 0.815675
31.095674 -4.275866 947.573783 -9.917784 0.930062 0.334082 -0.152882 0.355736 -0.714838 0.602045 -0.091847 0.614326 0.783689
6.079541 -4.826733 154.143271 -9.940962 0.988044 0.150931 0.031441 0.111394 -0.839882 0.531216 -0.106583 0.521362 0.846653
9.840321 -3.937801 282.434713 -3.128225 0.910329 0.412633 -0.032173 0.377556 -0.796063 0.473006 -0.169566 0.442738 0.880472
0.216224 -3.651517 -10.913361 0.414031 0.918243 -0.092987 -0.384946 -0.295597 0.485930 -0.822493 -0.263538 -0.869037 -0.418716
0.346337 -3.356207 -21.231242 -7.514830 0.917528 -0.094836 -0.386198 -0.275277 0.549398 -0.788913 -0.286994 -0.830161 -0.477982
0.188764 -3.767902 -25.726631 1.526592 0.909254 -0.101656 -0.403637 -0.311546 0.476874 -0.821906 -0.276036 -0.873073 -0.401929
0.122090 -3.629871 -14.276092 12.040923 0.916627 -0.088437 -0.389838 -0.318638 0.427232 -0.846134 -0.241381 -0.899807 -0.363433
-0.116950 -3.747570 -20.466897 1.736656 0.913159 -0.098852 -0.395435 -0.317789 0.434856 -0.842562 -0.255246 -0.895058 -0.365679
-0.132828 -3.754701 -14.690065 -4.320566 0.919500 -0.102109 -0.379597 -0.286736 0.486340 -0.825382 -0.268892 -0.867783 -0.417911
0.540903 -8.566900 5.154071 -5.067213 0.911826 0.138441 -0.386532 -0.301694 -0.412635 -0.859484 0.278484 -0.900315 0.334485
0.604207 -8.557095 10.883388 -36.609882 0.901112 0.148892 -0.407220 -0.379141 -0.185068 -0.906643 0.210356 -0.971381 0.110316
0.983858 -8.011611 11.398650 -25.098399 0.909047 0.119923 -0.399064 -0.362740 -0.243565 -0.899497 0.205069 -0.962442 0.177911
1.001186 -8.334564 9.441905 22.902660 0.911929 0.108515 -0.395739 -0.322578 -0.406509 -0.854806 0.253631 -0.907179 0.335703
0.618646 -9.660096 4.232972 65.280066 0.915966 0.131253 -0.379182 -0.261616 -0.521166 -0.812369 0.304243 -0.843302 0.443032
-0.501992 -5.272666 -6.840385 -35.451789 0.968283 -0.183449 -0.169632 0.196337 0.978545 0.062467 0.154533 -0.093791 0.983526
-0.425269 -4.610071 0.238920 18.348175 0.943734 -0.271565 -0.188728 0.288254 0.955212 0.066937 0.162098 -0.117572 0.979745
-0.455306 -5.325655 0.612641 -70.254512 0.970320 -0.151694 -0.188330 0.162915 0.985590 0.045513 0.178712 -0.074844 0.981051
-0.361509 -4.534745 4.455313 -7.941715 0.948030 -0.245115 -0.202872 0.261319 0.963571 0.056946 0.181524 -0.107001 0.977548
-0.464080 -5.285135 8.790580 -71.230183 0.963839 -0.159386 -0.213566 0.166545 0.985907 0.015839 0.208031 -0.050834 0.976800
-0.379283 -5.528174 6.475152 -4.732781 0.984126 -0.018527 -0.176504 0.156503 0.559572 0.813871 -0.083689 0.828575 -0.553589
-0.222614 -5.485852 12.287216 -6.316329 0.986854 -0.020222 -0.160343 0.148631 0.503166 0.851312 -0.063464 0.863953 -0.499557
-0.301340 -5.435135 16.373620 1.795131 0.983037 -0.043349 -0.178209 0.164914 0.634104 0.755457 -0.080254 0.772032 -0.630497
-0.264193 -5.532331 3.045793 -5.891867 0.986299 -0.013435 -0.164419 0.156250 0.395786 0.904953 -0.052917 0.918245 -0.392462
-0.427372 -5.543510 6.735301 8.864229 0.974968 -0.049023 -0.216874 0.191601 0.680122 0.707618 -0.112811 0.731458 -0.672490
-0.463570 -5.543445 -5.051353 8.620501 0.971774 -0.019201 -0.235131 0.198413 0.605695 0.770562 -0.127622 0.795465 -0.592408
-0.415596 -5.477598 -4.155598 -5.295355 0.982997 0.000646 -0.183619 0.160141 0.486250 0.859020 -0.089839 0.873819 -0.477879
0.266436 -2.274154 -3.334897 -12.712246 0.946350 -0.125924 -0.297599 -0.322250 -0.299313 -0.898091 -0.024016 -0.945809 0.323833
0.300617 -2.479846 -2.195664 -12.579960 0.939115 -0.129065 -0.318441 -0.341913 -0.259222 -0.903272 -0.034034 -0.957155 0.287568
0.131608 -2.205344 -3.321420 -8.200678 0.929546 -0.146122 -0.338516 -0.367712 -0.300004 -0.880219 -0.027064 -0.942680 0.332598
-0.050414 -8.495523 1.900099 -34.041605 -0.876054 -0.194750 0.441137 -0.288723 0.944555 -0.156379 -0.386223 -0.264363 -0.883710
0.019790 -8.179677 -6.910088 -42.569706 -0.892053 -0.165462 0.420551 -0.269929 0.941417 -0.202168 -0.362463 -0.293864 -0.884457
0.097058 -7.713568 7.457315 -30.698532 0.897022 0.154194 -0.414217 -0.303859 0.895715 -0.324598 -0.320970 -0.417035 -0.850330
0.230941 -11.185169 -9.819178 -17.768807 0.930622 0.197614 -0.308043 -0.280661 -0.154847 -0.947234 0.234886 -0.967973 0.088641
0.941271 -13.003629 -29.753177 27.726552 0.935998 0.207340 -0.284459 -0.265811 -0.113447 -0.957327 0.230763 -0.971669 0.051073
0.670167 -11.555573 -20.035886 45.106409 0.924799 0.169501 -0.340613 -0.355247 0.064242 -0.932562 0.136188 -0.983434 -0.119626
0.382830 -10.491233 -5.905135 23.153253 0.907911 0.177588 -0.379685 -0.399744 0.094311 -0.911762 0.126110 -0.979575 -0.156615
0.068506 -10.326330 -9.294125 -25.997635 0.922343 0.171895 -0.346028 -0.324775 -0.140205 -0.935342 0.209295 -0.975087 0.073490
-0.347187 -10.429703 -5.550506 -4.083020 0.939878 0.190615 -0.283363 -0.209157 -0.334626 -0.918846 0.269967 -0.922871 0.274639
-0.157132 -2.293416 -11.006979 -1.278098 0.944972 -0.184499 -0.270163 -0.294499 -0.120095 -0.948076 -0.142474 -0.975468 0.167821
-0.478790 -2.157779 -16.649717 -2.290894 0.927326 -0.189642 -0.322648 -0.337103 -0.048772 -0.940204 -0.162566 -0.980641 0.109157
-0.539345 -2.060883 -5.808519 2.865334 0.979047 -0.157502 -0.129071 -0.147852 -0.113976 -0.982420 -0.140022 -0.980919 0.134875
0.141920 -30.658969 2.693820 -303.804726 -0.380180 -0.349672 0.856267 -0.059919 0.933148 0.354464 -0.922970 0.083454 -0.375716
-0.145573 -27.591980 26.362965 -330.451246 -0.344273 -0.374682 0.860866 -0.073236 0.924840 0.373238 -0.936009 0.065449 -0.345837
0.032654 -23.875297 24.522331 -250.380905 -0.342946 -0.322063 0.882419 -0.396836 0.901119 0.174661 -0.851416 -0.290277 -0.436841
0.246152 -34.087977 16.411367 -639.104187 -0.365332 -0.368888 0.854666 -0.239216 0.924500 0.296776 -0.899616 -0.096028 -0.425993
0.752874 -34.340828 4.432588 -506.249378 -0.365213 -0.373545 0.852692 0.140933 0.883220 0.447281 -0.920194 0.283525 -0.269919
-1.686628 -18.258678 66.744380 -343.537930 0.118870 -0.170150 -0.978222 0.444213 0.890225 -0.100865 0.888000 -0.422550 0.181404
-0.992562 -12.097276 74.380096 -209.872928 0.178651 -0.114161 -0.977267 0.568127 0.822905 0.007728 0.803316 -0.556592 0.211870
0.052157 -28.217888 68.080966 -728.801899 0.143124 -0.187387 -0.971803 0.339306 0.931694 -0.129681 0.929724 -0.311178 0.196929
0.614613 -15.150025 33.923639 -192.344086 0.249518 -0.084950 -0.964637 0.495815 0.866876 0.051910 0.831810 -0.491234 0.258420
0.653888 -3.185535 17.799729 9.816271 -0.849124 0.208223 0.485420 0.017547 0.929630 -0.368076 -0.527903 -0.304024 -0.793025
0.586480 -3.434984 17.248800 11.973324 -0.845808 0.197374 0.495633 -0.042959 0.900829 -0.432044 -0.531755 -0.386718 -0.753450
1.178397 -3.211834 22.870381 8.643646 -0.857914 0.180151 0.481175 -0.017513 0.925717 -0.377812 -0.513495 -0.332557 -0.791030
1.110786 -3.017108 19.540496 3.310719 -0.864531 0.165826 0.474433 0.018722 0.953969 -0.299319 -0.502230 -0.249888 -0.827841
0.480142 -3.023194 15.632410 6.037782 -0.849176 0.215237 0.482259 0.063207 0.948036 -0.311822 -0.524314 -0.234309 -0.818654
2.711231 -1.391474 7.788846 -0.831522 0.174316 0.958605 0.225146 0.983720 -0.179677 0.003381 0.043694 0.220891 -0.974319
2.608041 -1.547306 -10.394230 -3.807385 0.168898 0.969843 0.175721 0.982929 -0.178934 0.042816 0.072968 0.165490 -0.983508
2.526326 -1.542738 39.814167 -5.734164 0.226363 0.927565 0.297293 0.969937 -0.242647 0.018545 0.089339 0.284157 -0.954606
2.110824 -1.766867 23.933800 -10.346995 0.224377 0.937105 0.267373 0.966854 -0.248380 0.059162 0.121851 0.245237 -0.961775
-0.259475 -2.551781 15.166246 3.592998 -0.050626 0.972688 -0.226527 -0.936504 0.032567 0.349141 -0.346983 -0.229819 -0.909278
0.421014 -2.810943 16.748032 -12.524436 -0.196049 0.966690 -0.164547 -0.889229 -0.104532 0.445359 -0.413323 -0.233632 -0.880102
0.471657 -2.226239 31.386464 -9.194568 -0.357201 0.929832 -0.088427 -0.852431 -0.285832 0.437792 -0.381797 -0.231758 -0.894717
1.425808 0.273826 140.212708 -0.207320 0.171650 0.782401 0.598653 0.926070 0.079138 -0.368959 -0.336050 0.617727 -0.710974
3.957280 0.522673 129.280841 -5.109054 0.337933 0.814006 0.472435 0.881868 -0.098495 -0.461094 -0.328800 0.572445 -0.751131
2.915391 0.241079 170.856801 -3.981464 0.362559 0.772644 0.521126 0.872445 -0.084765 -0.481304 -0.327704 0.629155 -0.704822
0.094829 -0.723217 -4.512133 97.033050 0.794048 -0.228294 -0.563356 0.498125 0.775540 0.387826 -0.348367 0.588574 -0.729535
0.259881 -1.155144 -9.834388 93.763418 0.786671 -0.234072 -0.571279 0.505179 0.775971 0.377708 -0.354885 0.585730 -0.728682
-1.960623 -3.743832 2.770108 6.404699 -0.919663 -0.089970 0.382264 0.008245 0.968765 0.247845 -0.392622 0.231086 -0.890195
-1.994337 -3.744414 2.979983 1.429682 -0.902953 -0.199581 0.380583 -0.066727 0.939986 0.334625 -0.424527 0.276755 -0.862081
-2.095198 -3.355859 -0.512222 6.576191 -0.924324 -0.205340 0.321652 -0.070864 0.920586 0.384057 -0.374970 0.332199 -0.865471
-0.841944 -9.503925 17.809229 -27.016788 0.926416 -0.266539 -0.265914 0.103488 -0.498802 0.860515 0.361999 0.824714 0.434515
-1.008896 -9.829619 21.598630 -7.293312 0.924742 -0.266250 -0.271961 0.018765 -0.681806 0.731293 0.380131 0.681361 0.625498
-0.701903 -9.672402 5.541031 -3.536603 0.933175 -0.263178 -0.244790 -0.006735 -0.693749 0.720186 0.359360 0.670410 0.649161
-0.614097 -9.582950 -2.330035 -31.004508 0.927470 -0.269824 -0.258831 0.112913 -0.457807 0.881852 0.356439 0.847117 0.394136
-0.834783 -8.953039 16.024418 -24.102793 0.926085 -0.267363 -0.266239 0.188643 -0.283012 0.940382 0.326772 0.921098 0.211657
-0.523550 -3.584958 3.764874 -1.444377 0.964392 0.254618 0.071540 0.236581 -0.709592 -0.663708 0.118228 -0.657000 0.744563
-0.719247 -3.511487 3.002877 -0.431154 0.980177 0.197111 0.019986 0.150027 -0.672562 -0.724674 0.129399 -0.713308 0.688802
-0.573613 -3.300938 2.533682 1.690760 0.951896 0.290528 0.097404 0.276875 -0.679308 -0.679618 0.131281 -0.673894 0.727071
1.092911 -10.984885 27.482901 4.462188 -0.869285 0.234479 0.435158 -0.000395 0.880003 -0.474967 -0.494311 -0.413054 -0.764881
1.169142 -12.417628 0.758856 -18.266955 -0.888114 0.214466 0.406518 0.135744 0.967398 -0.213810 -0.439120 -0.134706 -0.888272
0.889012 -13.513085 19.446995 -47.959142 -0.862631 0.239780 0.445391 0.133539 0.957224 -0.256691 -0.487888 -0.161952 -0.857751
1.021246 -9.960781 -14.631162 -159.500268 0.909078 0.058687 -0.412471 -0.360813 0.605896 -0.709017 -0.208304 -0.793376 -0.571982
1.234937 -9.602539 -0.428316 -88.630627 0.913040 0.047481 -0.405098 -0.364389 0.541177 -0.757857 -0.183246 -0.839567 -0.511417
2.193283 -7.672811 -34.382107 -72.876017 0.852990 0.155158 -0.498331 -0.502651 0.501293 -0.704306 -0.140532 -0.851253 -0.505589
1.525460 -7.036558 -24.855859 -52.579133 0.894393 0.105177 -0.434741 -0.379244 0.693637 -0.612407 -0.237141 -0.712605 -0.660271
-0.773838 -11.475457 8.366281 131.209924 0.157035 -0.702962 0.693675 0.986282 0.075444 -0.146822 0.050876 0.707215 0.705166
-1.233427 -9.547543 -6.103338 187.885220 0.290074 -0.671251 0.682114 0.947820 0.102996 -0.301711 0.132269 0.734040 0.666101
-0.188733 -12.106191 2.350280 83.585004 0.270549 -0.694811 0.666364 0.943989 0.327292 -0.042002 -0.188912 0.640404 0.744443
-1.614557 -8.526900 3.312462 126.941622 0.067760 -0.668244 0.740850 0.958949 -0.161323 -0.233220 0.275364 0.726241 0.629880
-0.116331 -2.017243 8.524215 5.835296 0.424882 0.831048 0.358935 0.889257 -0.308966 -0.337287 -0.169403 0.462493 -0.870289
0.099897 -1.891056 -0.719044 6.227147 0.347271 0.859633 0.374744 0.922920 -0.242477 -0.299036 -0.166195 0.449706 -0.877579
-0.002269 -1.675979 5.786849 10.324353 0.411684 0.834564 0.366087 0.903989 -0.323099 -0.280019 -0.115411 0.446218 -0.887451
-2.266445 -3.609488 32.188779 -19.288632 -0.023642 -0.087512 0.995883 0.999507 -0.022665 0.021737 0.020669 0.995906 0.088005
-2.609565 -4.088781 25.282652 -10.297277 0.122018 -0.064875 0.990405 0.985011 -0.114663 -0.128864 0.121923 0.991284 0.049911
-3.035241 -3.638748 21.844906 -29.653823 0.209275 0.006244 0.977837 0.977721 -0.017997 -0.209135 0.016292 0.999819 -0.009871
-2.553098 -2.918187 27.903099 -38.502192 0.040342 -0.035833 0.998543 0.996138 0.079442 -0.037394 -0.077986 0.996195 0.038899
-1.651292 -3.013840 46.245921 -15.129305 -0.323655 -0.132310 0.936878 0.943831 0.024507 0.329518 -0.066558 0.990905 0.116946
-4.927357 -5.263406 13.392855 14.707370 -0.838489 0.437647 -0.324655 0.178572 0.783572 0.595086 0.514828 0.440999 -0.735168
-4.869524 -5.404390 26.622042 -9.559736 -0.879264 0.346139 -0.327233 0.226836 0.908355 0.351335 0.418855 0.234688 -0.877201
-4.659065 -5.290770 38.803731 -3.528336 -0.910344 0.294876 -0.290382 0.133132 0.873019 0.469162 0.391854 0.388440 -0.834005
12.066623 -3.008791 77.831382 -19.752139 0.773142 -0.509605 -0.377563 0.243736 0.788327 -0.564920 0.585529 0.344738 0.733697
12.123672 -3.423812 21.391457 -30.913141 0.804422 -0.533910 -0.260472 0.253111 0.704709 -0.662812 0.537439 0.467252 0.702022
12.717175 -2.693921 315.083231 -4.952285 0.497928 -0.680712 -0.537307 0.235653 0.702468 -0.671571 0.834587 0.207776 0.510190
14.670935 -2.414671 452.799686 -3.951339 0.471056 -0.617069 -0.630343 0.243976 0.777855 -0.579152 0.847692 0.119024 0.516963
7.673267 -2.112587 253.017017 4.730870 0.358356 -0.690518 -0.628304 0.241347 0.718645 -0.652151 0.901850 0.082063 0.424185
6.993729 -1.938464 -207.505347 13.514709 -0.344255 0.738613 0.579602 0.206185 0.661741 -0.720824 0.915956 0.128642 0.380099
9.080585 -1.951096 -271.177110 5.633068 -0.384353 0.742662 0.548385 0.204350 0.647719 -0.733963 0.900286 0.170038 0.400715
-0.710402 -2.494085 -20.801901 -0.835757 0.750246 0.622878 0.221707 -0.640217 0.600691 0.478845 -0.165084 0.501192 -0.849443
-0.699703 -2.667130 -13.422510 -9.406062 0.614820 0.717938 0.326438 0.766945 -0.447790 -0.459651 -0.183826 0.532963 -0.825929
-1.180496 -2.887668 -1.791438 -10.019336 0.413933 0.809895 0.415607 0.904738 -0.315596 -0.286091 -0.100540 0.494438 -0.863379
-1.290604 -2.522111 -10.335500 -0.003152 0.613493 0.730966 0.298857 0.782658 -0.512373 -0.353440 -0.105227 0.450736 -0.886434
-0.765568 -2.493422 -15.998492 -4.531435 0.902152 0.422188 0.088765 -0.410364 0.776270 0.478545 -0.133130 0.468147 -0.873565
-1.244287 -4.688585 33.141659 -18.675245 -0.251464 0.319180 0.913723 0.154667 0.945179 -0.287602 -0.955429 0.069001 -0.287045
-1.960307 -5.023766 16.694447 -8.756969 -0.262619 0.450839 0.853098 0.284745 0.880967 -0.377911 -0.921928 0.143669 -0.359733
-0.792557 -3.855083 28.317266 -26.820110 -0.218799 0.483377 0.847628 0.134591 0.875323 -0.464429 -0.966443 0.012466 -0.256578
1.738020 -2.235393 -81.846371 56.061953 -0.243129 0.751054 0.613846 -0.047636 -0.641316 0.765797 -0.968824 -0.156946 -0.191700
1.052230 -2.950483 75.951362 -34.132715 -0.199513 0.209300 0.957282 -0.055975 0.972893 -0.224380 -0.978295 -0.098351 -0.182389
0.257780 -4.122411 60.121758 -19.897708 -0.231806 0.162229 0.959139 0.021826 0.986615 -0.161601 -0.972517 -0.016526 -0.232244
-0.129651 -4.043294 9.270385 -36.903127 0.752605 0.038475 -0.657347 0.590290 -0.481803 0.647630 0.291794 0.875435 0.385319
-0.008517 -4.084214 7.749400 -43.735580 0.740975 0.048326 -0.669792 0.603640 -0.484954 0.632803 0.294237 0.873204 0.388510
-0.031138 -3.993035 5.485004 -15.397700 0.741810 0.048593 -0.668847 0.617584 -0.438210 0.653117 0.261359 0.897558 0.355079
-0.283553 -4.122181 10.382938 -19.046648 0.756476 0.036095 -0.653024 0.600465 -0.434045 0.671600 0.259201 0.900168 0.350019
-0.338435 -4.204662 9.496758 -38.688474 0.769298 0.031086 -0.638133 0.568536 -0.488962 0.661576 0.291457 0.871751 0.393832
-0.391259 -5.423633 -2.325077 -3.435831 0.884370 -0.048550 -0.464255 -0.152274 0.910161 -0.385252 0.441251 0.411399 0.797526
-0.290952 -6.050522 -2.705976 -62.073762 0.889421 -0.031985 -0.455969 0.234305 -0.824619 0.514883 0.392469 0.564784 0.725939
-0.262308 -5.677086 -3.346812 -8.106963 0.890428 -0.043035 -0.453085 -0.139977 0.921371 -0.362604 0.433064 0.386294 0.814391
-0.128259 -6.496930 -8.273411 -55.184341 0.898984 -0.014247 -0.437750 0.223211 -0.845032 0.485898 0.376836 0.534525 0.756490
-0.366998 -5.987952 -1.880802 -62.918237 0.883935 -0.047421 -0.465198 -0.059479 0.975361 -0.212444 0.463811 0.215456 0.859336
-0.110688 -5.910293 -6.872660 -25.528997 0.899508 -0.035841 -0.435432 -0.119067 0.938796 -0.323242 0.420367 0.342604 0.840187
-0.226510 -5.904951 -2.707714 -53.495878 0.889869 -0.059850 -0.452273 -0.036077 0.979021 -0.200540 0.454788 0.194771 0.869041
0.087378 -5.401013 0.412997 -19.156572 0.796597 -0.178377 -0.577594 -0.479700 0.394905 -0.783542 -0.367861 -0.901239 -0.229013
0.302171 -5.680068 -1.632284 -17.831202 0.766255 -0.163901 -0.621281 -0.475594 0.505486 -0.719926 -0.432045 -0.847125 -0.309381
0.151989 -5.117040 -1.482896 -13.979177 0.771006 -0.172865 -0.612917 -0.507959 0.413551 -0.755614 -0.384092 -0.893920 -0.231042
-1.435133 -8.394938 -18.624758 23.186639 -0.863602 0.058459 0.500774 -0.113802 0.945019 -0.306574 -0.491163 -0.321747 -0.809468
-1.475616 -7.809873 -15.963024 24.258528 -0.864110 0.050776 0.500735 0.011469 0.996626 -0.081268 -0.503173 -0.064482 -0.861777
-1.352755 -7.786535 -17.486377 15.671372 -0.880099 0.055926 0.471484 -0.050614 0.976328 -0.210289 -0.472084 -0.208939 -0.856435
-1.385101 -7.687297 1.227949 32.502739 -0.838973 0.060662 0.540782 -0.032175 0.986499 -0.160577 -0.543221 -0.152119 -0.825694
-1.289047 -8.280535 -18.493524 17.410471 -0.877158 0.057943 0.476693 -0.155682 0.904762 -0.396446 -0.454265 -0.421959 -0.784598
-1.317643 -8.874294 13.539580 9.892955 0.869905 -0.070231 -0.488193 -0.240740 0.803434 -0.544553 -0.430476 -0.591237 -0.682004
-1.438707 -8.389225 -2.264228 17.724440 -0.837606 0.100636 0.536925 -0.161285 0.893511 -0.419076 -0.521922 -0.437619 -0.732179
-1.430937 -7.879421 8.230997 29.073046 -0.826911 0.077609 0.556952 -0.081121 0.963608 -0.254715 -0.556451 -0.255807 -0.790522
0.473326 -7.609378 -24.103282 -82.806991 0.798473 -0.405485 -0.444998 -0.422613 0.148908 -0.893993 -0.428765 -0.901892 0.052464
0.388915 -9.734630 -30.904525 -89.031754 0.773033 -0.405403 -0.487922 -0.355703 0.359850 -0.862544 -0.525257 -0.840331 -0.133973
-0.655107 -7.383774 -42.282743 -84.968021 0.756038 -0.430792 -0.492773 -0.464307 0.177655 -0.867674 -0.461330 -0.884792 0.065706
-0.210780 -5.271599 -31.927630 -66.466268 0.800837 -0.426942 -0.419977 -0.465861 -0.003424 -0.884851 -0.376342 -0.904273 0.201638
1.379487 -1.383128 -49.499978 5.417634 0.050572 0.998712 0.004051 -0.997792 0.050350 0.043319 -0.043060 0.006233 -0.999053
1.298802 -1.499464 -49.279191 -3.099362 0.021530 0.999709 0.010915 0.999739 -0.021612 0.007366 0.007600 0.010754 -0.999913
2.246919 -1.401663 -49.460260 -1.597717 0.091419 0.994834 0.044137 0.995708 -0.090676 -0.018554 -0.014456 0.045643 -0.998853
2.772770 -1.196388 -41.853670 -7.631911 0.135102 0.987682 0.078937 0.989652 -0.130627 -0.059376 -0.048333 0.086142 -0.995110
0.999578 -1.171879 -51.884599 9.877630 0.082201 0.996556 -0.010961 -0.992849 0.082841 0.085950 -0.086562 -0.003817 -0.996239
-0.202236 -1.494910 -35.725557 12.878073 -0.076371 0.997067 0.004907 -0.995006 -0.076528 0.064083 -0.064270 -0.000012 -0.997933
2.355126 -1.099129 -56.079656 10.374117 0.116542 0.992870 0.025030 -0.990100 0.114157 0.081676 -0.078237 0.034301 -0.996345
0.357219 -2.153615 -26.219607 16.453575 -0.116781 0.992777 0.027493 -0.987683 -0.113190 -0.108026 0.104134 0.039770 -0.993768
-0.426433 -2.726358 -12.661700 22.197319 -0.282646 0.959118 0.014244 -0.945900 -0.276223 -0.170220 0.159327 0.061586 -0.985303
0.123197 -2.611428 -16.553737 21.815300 -0.194703 0.980350 0.031700 -0.967872 -0.186782 -0.168333 0.159104 0.063456 -0.985220
0.848205 -2.285520 -31.796650 25.083705 -0.061168 0.997292 0.040823 -0.988985 -0.055034 -0.137407 0.134789 0.048778 -0.989673
-0.526845 -5.050215 16.931242 -70.419283 0.912687 -0.078416 -0.401065 -0.384177 -0.499224 -0.776649 0.139320 -0.862917 0.485761
-0.242944 -4.206083 13.586610 -17.407609 0.920693 -0.086672 -0.380541 -0.360536 -0.562255 -0.744233 0.149457 -0.822410 0.548913
-0.493950 -3.510517 8.447700 -60.502085 0.918445 -0.093574 -0.384320 -0.365488 -0.572287 -0.734102 0.151249 -0.814697 0.559814
-0.429859 -5.427617 15.097705 5.591688 -0.665176 0.111251 0.738352 0.364957 0.911116 0.191506 -0.651419 0.396852 -0.646654
-0.355208 -5.108815 -2.028480 -1.711248 -0.690840 0.105507 0.715268 0.356916 0.910116 0.210478 -0.628769 0.400697 -0.666402
-0.392126 -5.470469 -1.973337 18.318356 -0.688237 0.117946 0.715834 0.317850 0.935979 0.151378 -0.652151 0.331712 -0.681664
-0.222744 -5.082115 -19.870179 8.391261 -0.721090 0.093587 0.686492 0.369499 0.890113 0.266776 -0.586089 0.446028 -0.676431
-0.169384 -5.338437 -10.748748 17.652343 -0.701986 0.109745 0.703684 0.295496 0.943877 0.147578 -0.647995 0.311533 -0.695017
0.889453 -2.455309 -7.959557 15.288519 0.913446 -0.188614 -0.360611 0.043919 -0.835248 0.548117 0.404583 0.516514 0.754670
0.684897 -2.360388 -10.925357 16.034289 0.921088 -0.133535 -0.365740 0.092171 -0.837867 0.538037 0.378289 0.529290 0.759441
1.048933 -2.842829 -11.452326 12.868372 0.912613 -0.139685 -0.384220 0.129354 -0.792874 0.595498 0.387820 0.593160 0.705518
1.043876 -2.914303 -2.780288 12.062253 0.906535 -0.184035 -0.379902 0.090951 -0.793673 0.601508 0.412216 0.579840 0.702754
0.860898 -2.497503 4.476747 13.556873 0.901834 -0.224692 -0.369066 0.017130 -0.834891 0.550149 0.431744 0.502465 0.749084
0.773228 -2.017822 2.933730 15.073860 0.906725 -0.244412 -0.343676 -0.038068 -0.859040 0.510490 0.420002 0.449791 0.788217
0.146193 -8.607920 -6.690264 -50.103964 -0.036876 0.449152 0.892694 0.998339 -0.023013 0.052819 0.044267 0.893159 -0.447557
0.212962 -8.911145 -3.120428 -52.198898 -0.028063 0.446732 0.894228 0.996098 -0.062382 0.062424 0.083671 0.892490 -0.443238
0.407948 -9.392966 -9.361158 -54.895761 -0.055321 0.454758 0.888895 0.963626 -0.208814 0.166801 0.261468 0.865790 -0.426664
0.293912 -8.393539 -5.950224 -50.606423 -0.066569 0.433856 0.898520 0.996379 -0.018832 0.082912 0.052893 0.900785 -0.431032
-0.028971 -7.708508 -0.308541 -12.401903 -0.023365 0.438727 0.898317 0.990594 0.131342 -0.038380 -0.134825 0.888970 -0.437669
-8.936560 -55.821206 -135.411200 -1384.107485 -0.402102 0.673350 0.620414 0.739377 -0.160863 0.653793 0.540033 0.721611 -0.433176
-4.192090 -29.066976 -66.180805 -626.032315 -0.196044 0.505432 0.840301 0.969676 -0.027603 0.242831 0.145929 0.862425 -0.484694
-3.865071 -20.374578 -207.174275 -278.748213 0.186391 0.588654 0.786603 0.962879 -0.268561 -0.027183 0.195249 0.762471 -0.616860
-10.218366 -104.103432 -95.657147 -3133.128926 -0.628284 0.572546 0.526736 0.691533 0.100808 0.715276 0.356429 0.813652 -0.459270
-17.527450 -76.434648 174.015642 -156.426591 0.359150 -0.529674 -0.768412 -0.460649 0.615457 -0.639543 0.811674 0.583660 -0.022953
0.536026 -0.673026 21.404705 -1.493529 0.984950 -0.141810 -0.098812 0.170701 0.887790 0.427422 -0.027112 0.437857 -0.898636
0.784821 -0.643954 27.187343 0.498396 0.994604 -0.074882 -0.071806 0.098294 0.901587 0.421282 -0.033193 0.426067 -0.904083
0.148841 -0.560590 10.674515 -2.874383 0.982216 -0.149415 -0.113698 0.183286 0.894380 0.408033 -0.040723 0.421616 -0.905860
1.227472 -0.784588 37.128492 -2.143167 0.991065 -0.101814 -0.086165 0.129540 0.888636 0.439938 -0.031778 0.447169 -0.893885
0.058658 -0.652176 15.567997 -3.470690 0.964680 -0.223738 -0.139045 0.261873 0.871729 0.414139 -0.028551 0.435924 -0.899530
0.743781 -0.852662 26.385618 -6.668500 0.982679 -0.155249 -0.101190 0.184221 0.877644 0.442497 -0.020111 0.453474 -0.891042
-1.160085 -4.358785 -15.106652 4.036859 0.276971 0.760535 0.587259 0.943591 -0.099868 -0.315693 -0.181447 0.641571 -0.745295
-1.025730 -4.117090 -12.990138 17.232537 0.223143 0.766039 0.602820 0.973388 -0.142003 -0.179863 -0.052179 0.626913 -0.777340
-0.947543 -4.142269 -12.544180 -0.573801 0.245965 0.775043 0.582074 0.953521 -0.085634 -0.288902 -0.174066 0.626080 -0.760082
-1.016272 -4.083218 -10.348934 -12.408172 0.318062 0.769761 0.553448 0.904411 -0.071240 -0.420673 -0.284390 0.634345 -0.718839
-0.779937 -3.852171 -6.345499 -12.352062 0.272055 0.782777 0.559684 0.935050 -0.077655 -0.345907 -0.227306 0.617438 -0.753062
22.431116 -248.440734 -99.462421 10752.423294 -0.994035 -0.083046 -0.070695 -0.078636 0.994909 -0.063032 0.075569 -0.057097 -0.995505
13.845309 -95.425244 -87.631070 -3160.024462 0.963638 0.120180 -0.238659 -0.262988 0.584704 -0.767436 -0.047315 -0.802295 -0.595049
-4.470155 -68.025719 568.709098 -1877.484499 0.787586 0.318584 0.527458 0.282219 0.574435 -0.768360 0.547777 -0.754009 -0.362506
13.335888 -484.700033 -46.429868 -13259.352887 -0.522725 -0.352080 -0.776401 -0.044709 0.920801 -0.387461 0.851328 -0.167824 -0.497067
11.081140 -113.294301 106.021060 -1362.964671 -0.377056 -0.346664 -0.858867 0.629849 0.583906 -0.512195 0.679058 -0.734083 -0.001819
5.144441 -86.949604 381.198091 -1252.097165 -0.495960 -0.251123 -0.831241 0.791297 0.263510 -0.551735 0.357594 -0.931397 0.068022
1.799762 -3.423485 -23.644174 -3.069266 0.893385 0.109924 -0.435638 0.377421 0.342434 0.860403 -0.243756 0.933089 -0.264438
1.227128 -3.583681 -16.249169 -2.408233 0.882326 0.159662 -0.442730 0.366041 0.358495 0.858776 -0.295830 0.919777 -0.257866
1.362426 -3.353228 -22.787259 -2.096193 0.895565 0.143864 -0.421031 0.324046 0.437545 0.838778 -0.304890 0.887613 -0.345232
1.910495 -3.267839 -15.155139 0.037373 0.901512 0.058335 -0.428803 0.364890 0.430250 0.825675 -0.232659 0.900823 -0.366590
1.165322 -3.242720 -13.132637 -6.403106 0.903053 0.167494 -0.395526 0.263758 0.510540 0.818401 -0.339009 0.843383 -0.416867
1.415341 -3.346634 -13.637142 0.831342 0.896302 0.080654 -0.436048 0.335392 0.519977 0.785580 -0.290095 0.850364 -0.439006
-10.770438 -49.843697 -290.959190 1722.252470 0.550088 -0.205313 0.809475 0.187963 0.974875 0.119532 -0.813679 0.086398 0.574859
-22.596315 -49.539493 -536.129361 1912.181686 0.431303 -0.509372 0.744660 0.592006 0.782618 0.192450 -0.680813 0.357839 0.639097
-12.243012 -53.198822 809.077061 -1502.636601 -0.037970 0.989917 -0.136466 0.863319 0.101269 0.494393 -0.503227 0.099042 0.858460
-5.317812 -20.069151 -100.318252 636.088388 0.580498 -0.302471 0.755999 0.226404 0.951792 0.206961 -0.782153 0.051021 0.620994
-3.659692 -50.114817 -81.158427 1193.354668 0.469805 -0.257709 0.844316 0.065045 0.963945 0.258030 -0.880371 -0.066305 0.469629
0.813512 -17.027227 -17.207592 341.264511 0.072644 0.308308 -0.948509 0.167008 0.933833 0.316329 0.983276 -0.181388 0.016347
1.609030 -16.658072 -46.060878 246.858958 0.158214 0.245723 -0.956341 0.257335 0.924808 0.280194 0.953282 -0.290431 0.083084
0.811182 -12.093106 -40.390694 195.240802 0.115229 0.252359 -0.960748 -0.005024 0.967326 0.253484 0.993326 -0.024382 0.112732
0.767833 -9.875462 -9.241358 167.786169 0.062714 0.263515 -0.962615 0.001857 0.964481 0.264146 0.998030 -0.018353 0.059997
0.571041 -13.179747 6.272736 262.767249 0.066044 0.227553 -0.971523 -0.117272 0.968671 0.218913 0.990901 0.099475 0.090661
0.712152 -7.153940 -11.342261 79.516276 0.077124 0.066178 -0.994823 -0.216235 0.975156 0.048106 0.973290 0.211405 0.089517
-3.168910 -5.675228 12.281070 -31.396420 0.829300 0.019626 -0.558459 0.234967 0.894494 0.380357 0.507003 -0.446650 0.737192
-4.647434 -6.143407 44.582654 -25.039036 0.870219 0.263854 -0.416053 -0.049963 0.887405 0.458275 0.490125 -0.378012 0.785420
-3.042880 -5.346153 -10.740700 -31.186379 0.767504 -0.061321 -0.638104 0.354624 0.869845 0.342946 0.534022 -0.489499 0.689356
2.855614 -6.666955 -20.369506 -15.563806 0.909653 0.315959 0.269634 0.238916 0.133014 -0.961887 0.339782 -0.939403 -0.045509
3.311726 -7.151350 -18.192616 -39.799235 0.876484 0.377680 0.298551 0.230114 0.216050 -0.948878 0.422874 -0.900378 -0.102455
3.160584 -6.993920 -9.759690 -29.393048 0.906368 0.331633 0.261756 0.157979 0.308583 -0.937987 0.391841 -0.891513 -0.227299
-3.673471 -4.904831 7.159196 -0.860333 -0.920304 -0.280033 -0.273170 -0.231122 0.952590 -0.197877 0.315632 -0.118972 -0.941394
-3.420261 -4.879053 -2.474531 -6.433164 -0.897695 -0.341756 -0.278114 -0.240178 0.908710 -0.341409 0.369403 -0.239684 -0.897827
-3.549870 -4.818121 -20.917462 0.950780 0.924553 0.347486 0.156385 -0.284770 0.902766 -0.322365 0.253196 -0.253510 -0.933608
-4.106317 -5.159671 6.623539 -4.187792 -0.872999 -0.280898 -0.398710 -0.200469 0.951908 -0.231697 0.444618 -0.122342 -0.887326
-3.504971 -4.863815 8.979350 3.395775 -0.929515 -0.342356 -0.137094 -0.309093 0.926002 -0.216753 0.201156 -0.159100 -0.966552
-3.697923 -4.933009 14.245922 0.474140 -0.944508 -0.225441 -0.238918 -0.211735 0.973889 -0.081907 0.251145 -0.026774 -0.967579
-4.365201 -5.207771 2.701825 -6.384877 -0.910488 -0.099851 -0.401299 -0.105982 0.994344 -0.006954 0.399723 0.036199 -0.915921
1.338717 -5.335302 -19.614446 -72.444181 0.647630 0.752377 0.120433 0.130448 0.046243 -0.990376 0.750706 -0.657107 0.068198
1.450197 -5.989762 -28.083704 -76.144495 0.625497 0.780011 0.018324 0.031746 -0.001978 -0.999494 0.779580 -0.625762 0.025999
0.551181 -6.996101 -10.074503 -74.726830 0.636474 0.762422 0.116676 0.011069 0.142227 -0.989772 0.771219 -0.631256 -0.082085
0.864067 -6.359979 1.100881 -70.537989 0.647779 0.735139 0.199883 0.121108 0.159667 -0.979714 0.752140 -0.658846 -0.014397
1.470729 -4.494269 -9.422131 -64.112962 0.652531 0.741806 0.154684 0.195129 0.032756 -0.980230 0.732207 -0.669814 0.123374
-1.453697 -3.151772 -1.891537 -3.289036 0.992217 -0.124473 0.003319 0.122664 0.981685 0.145766 0.021402 0.144225 -0.989313
-1.404448 -3.389468 7.287438 -0.823441 0.987031 -0.156660 -0.035035 0.160182 0.975503 0.150781 -0.010556 0.154437 -0.987946
-1.375652 -3.128056 4.937868 17.657695 0.997167 -0.064456 -0.038767 0.072456 0.961493 0.265105 -0.020187 0.267163 -0.963440
-0.434692 -3.559018 -20.426392 -27.462868 0.924503 -0.112497 -0.364195 -0.233945 0.586872 -0.775146 -0.300938 -0.801826 -0.516247
-0.381895 -3.622772 -6.706102 -9.595789 0.943340 -0.126530 -0.306756 -0.201089 0.517374 -0.831798 -0.263955 -0.846354 -0.462616
-0.238360 -3.548369 22.026460 -6.744136 0.947544 -0.086187 -0.307787 -0.224576 0.505685 -0.832975 -0.227435 -0.858402 -0.459803
-0.402366 -1.764709 3.102585 0.657373 0.953650 0.300124 0.021826 0.202692 -0.587059 -0.783759 0.222411 -0.751856 0.620681
-0.250951 -1.579149 4.575811 -5.238538 0.971732 0.166275 -0.167596 -0.033098 -0.606940 -0.794058 0.233753 -0.777159 0.584280
-0.088532 -3.857211 -2.796141 -8.864805 0.915544 -0.300655 -0.267179 0.154316 0.875999 -0.456961 -0.371436 -0.377138 -0.848412
-0.159741 -4.349979 4.161571 -8.298265 -0.918989 0.279375 0.278222 0.175405 0.921655 -0.346099 -0.353117 -0.269260 -0.895995
-0.096545 -3.851069 0.448164 -14.171751 0.918890 -0.291892 -0.265407 0.106346 0.831106 -0.545852 -0.379911 -0.473352 -0.794736
-0.058589 -4.023488 4.068672 -6.936112 -0.917376 0.287733 0.275010 0.162700 0.901670 -0.400650 -0.363249 -0.322803 -0.873984
-0.076019 -3.857161 0.116447 -11.347572 0.920920 -0.273766 -0.277413 0.094516 0.847391 -0.522489 -0.378117 -0.454951 -0.806255
-0.313402 -10.895821 -16.458376 -22.853113 0.946593 -0.262762 -0.186862 -0.314037 -0.619960 -0.719049 -0.073092 -0.739328 0.669367
135.882905 -2.065336 -3114.053504 -37.901082 0.078056 0.789037 0.609367 0.404972 -0.583625 0.703832 -0.910991 -0.191838 0.365094
156.189854 -1.384589 4072.493469 9.700992 0.276220 0.872972 0.402022 0.360179 -0.481836 0.798815 -0.891052 0.075849 0.447519
133.316645 -3.832637 4070.475858 31.099380 0.669835 0.738455 -0.077494 0.506203 -0.377809 0.775254 -0.543213 0.558520 0.626877
180.189214 -5.144414 6241.746956 -106.441414 0.397422 0.911027 0.109932 0.473138 -0.306084 0.826107 -0.786255 0.276300 0.552686
91.600786 -4.787592 2565.453364 -181.266418 0.953616 0.300826 -0.010953 0.193053 -0.583249 0.789019 -0.230969 0.754536 0.614271
32.832053 -4.024893 840.929765 -43.243934 0.950958 0.266464 -0.157087 0.296046 -0.636867 0.711869 -0.089644 0.723462 0.684519
0.219388 -3.382367 14.016294 -12.456583 0.928568 -0.061230 -0.366077 -0.272256 0.557990 -0.783916 -0.252266 -0.827586 -0.501462
0.175889 -3.678867 17.098906 -3.343520 0.933305 -0.051125 -0.355428 -0.228370 0.679339 -0.697385 -0.277110 -0.732042 -0.622354
-0.235088 -9.362759 4.382231 8.574914 0.921389 0.187369 -0.340492 -0.262785 -0.345115 -0.901022 0.286332 -0.919668 0.268747
-0.032191 -8.816195 8.154695 2.421576 0.914974 0.176828 -0.362706 -0.285910 -0.350196 -0.891974 0.284744 -0.919834 0.269863
-0.480097 -9.953899 10.090324 60.010185 0.927208 0.193534 -0.320672 -0.182570 -0.514026 -0.838120 0.327038 -0.835657 0.441275
0.058268 -9.127767 1.137170 -35.906384 0.905573 0.160126 -0.392806 -0.367755 -0.165143 -0.915141 0.211407 -0.973184 0.090662
-0.708924 -9.890396 -1.968818 35.684779 0.944370 0.197184 -0.263218 -0.141533 -0.478775 -0.866454 0.296873 -0.855508 0.424232
-0.120033 -9.765769 -1.507325 -27.858874 0.917976 0.175664 -0.355614 -0.322449 -0.191577 -0.926998 0.230968 -0.965630 0.119220
-0.331052 -5.499631 -7.907939 -32.398048 0.977241 -0.137960 -0.161143 0.150736 0.986100 0.069891 0.149261 -0.092591 0.984453
-0.406234 -6.357162 -11.804016 -109.585921 0.981864 -0.108006 -0.155810 0.114078 0.993002 0.030541 0.151421 -0.047761 0.987315
-0.262802 -7.589750 -10.901123 -102.138177 0.985256 -0.087697 -0.146901 0.083407 0.995896 -0.035122 0.149379 0.022352 0.988527
-0.098279 -7.205910 -5.811033 -77.035766 0.984930 -0.096976 -0.143207 0.097283 0.995245 -0.004869 0.142998 -0.009136 0.989681
-0.124026 -6.012097 -1.849072 -14.775747 0.975252 -0.148474 -0.163826 0.160631 0.984966 0.063562 0.151925 -0.088305 0.984439
-0.224642 -5.511587 6.622743 -6.263530 0.989817 -0.007105 -0.142167 0.136364 0.333791 0.932732 -0.040827 0.942620 -0.331361
0.481376 -2.830839 -3.306091 -10.995198 0.939405 -0.117592 -0.322010 -0.339650 -0.192032 -0.920740 -0.046436 -0.974318 0.220336
0.376821 -2.747346 -3.014699 -11.254167 0.927848 -0.138542 -0.346272 -0.367418 -0.180098 -0.912452 -0.064050 -0.973843 0.218006
0.251357 -2.450127 -2.129861 -11.041815 0.925791 -0.146866 -0.348341 -0.374751 -0.235329 -0.896762 -0.049729 -0.960755 0.272904
-0.308114 -12.149651 7.267028 -224.128762 0.968384 -0.013900 -0.249078 0.184070 -0.634095 0.751027 0.168378 0.773130 0.611489
11.895442 -12.657227 447.753628 -215.166991 0.896789 0.095662 -0.431993 0.391913 -0.624900 0.675207 0.205360 0.774822 0.597895
15.005067 -6.580001 581.544670 -109.052492 0.803573 0.112468 -0.584484 0.567248 -0.442133 0.694801 0.180277 0.889871 0.419083
-0.432227 -7.686931 13.253764 -137.812055 0.980606 -0.088042 -0.175099 0.111046 -0.486579 0.866550 0.161492 0.869189 0.467366
1.257041 -12.242250 -28.431938 124.066687 0.909845 0.198329 -0.364482 -0.404732 0.230459 -0.884918 0.091507 -0.952656 -0.289952
0.033031 -22.182969 3.786950 -277.199487 -0.368308 -0.336059 0.866841 -0.204012 0.938873 0.277303 -0.907044 -0.074713 -0.414354
