14775
29527
-4.740929 -6.483043 -2.427306 -67.235680 0.911645 0.327248 0.248620 -0.156100 -0.283892 0.946064 -0.380179 0.901285 0.207726
-4.909602 -6.837664 -40.260951 -33.242210 0.798961 0.235969 0.553155 -0.407459 -0.464104 0.786502 -0.442311 0.853772 0.274653
-6.201253 -8.045058 -8.769177 -113.735099 0.867233 0.493667 -0.064804 0.225860 -0.274058 0.934815 -0.443728 0.825339 0.349172
-4.406312 -6.602961 -9.601832 -31.952643 0.651239 0.155464 0.742778 -0.585821 -0.519196 0.622293 -0.482391 0.840397 0.247047
-5.103650 -9.564942 23.924737 -172.772017 0.854064 0.451257 -0.258733 0.372009 -0.182222 0.910167 -0.363572 0.873592 0.323501
-2.582583 -8.472442 74.965053 -130.317851 0.953545 0.287002 -0.091554 0.151530 -0.194282 0.969171 -0.260367 0.938021 0.228746
-3.941029 -6.011555 33.980541 -81.761368 0.951667 0.300298 0.064427 -0.030131 -0.117471 0.992619 -0.305650 0.946584 0.102745
-3.846178 -5.642208 -5.277491 48.354201 0.611559 0.133613 0.779836 0.700614 0.366498 -0.612225 -0.367609 0.920775 0.130524
0.355552 -0.835616 184.528454 121.945772 -0.301249 0.650116 0.697566 0.863335 -0.124637 0.488997 0.404847 0.749543 -0.523721
1.214573 -1.130629 -20.325121 -50.771863 0.907091 -0.419248 0.037641 0.202883 0.513801 0.833575 0.368814 0.748492 -0.551123
0.552181 -1.256430 140.700547 112.028040 0.739368 0.031659 0.672556 -0.473308 0.734876 0.485734 0.478867 0.677463 -0.558328
-0.418608 -89.994578 -478.829559 3990.920131 0.919559 0.247766 0.304997 -0.303163 -0.046497 0.951804 -0.250006 0.967703 -0.032357
2.363709 -7.776446 -66.150907 -323.524121 0.558638 0.172273 0.811323 0.824850 -0.012939 -0.565204 -0.086872 0.984964 -0.149328
0.623247 -29.966068 -23.397061 1444.585608 0.812434 0.006325 0.583019 -0.582320 -0.041322 0.811909 -0.029227 0.999126 0.029888
-2.156620 -27.165782 -42.136393 1074.145552 0.918729 -0.130412 0.372733 -0.357255 0.127650 0.925243 0.168242 0.983208 -0.070685
-1.850517 -12.123861 181.697234 40.740065 0.686973 -0.232638 0.688439 -0.572047 0.411112 0.709753 0.448141 0.881400 -0.149343
-0.382907 -3.684242 48.318204 11.946006 0.913854 -0.071193 0.399753 -0.302061 0.538729 0.786467 0.271349 0.839466 -0.470815
-0.340988 -4.110578 51.540622 17.374898 0.910492 -0.070615 0.407454 -0.277979 0.624968 0.729481 0.306158 0.777450 -0.549399
-0.988963 -3.646345 39.658431 15.317339 0.909499 -0.032409 0.414441 -0.331810 0.543982 0.770704 0.250426 0.838471 -0.483998
-1.122844 -3.269394 42.940279 11.603957 0.922987 -0.051327 0.381393 -0.317795 0.457261 0.830614 0.217029 0.887850 -0.405734
-0.416882 -3.347044 47.376868 9.078693 0.925322 -0.080360 0.370568 -0.299800 0.443312 0.844746 0.232161 0.892758 -0.386114
113.353732 -8.727255 -5095.695006 199.987136 0.107094 0.991489 -0.074024 0.789758 -0.130061 -0.599471 0.603997 -0.005739 0.796966
19.131056 -7.615329 -680.964573 235.897492 0.091869 0.983917 0.153188 0.762820 0.029343 -0.645945 0.640051 -0.176197 0.747856
41.271739 -11.422371 -1453.908429 335.787897 0.154764 0.979179 0.131366 0.820048 -0.053165 -0.569820 0.550972 -0.195914 0.811202
48.028174 -10.173498 -1856.573851 256.566284 0.085917 0.996073 -0.021387 0.837272 -0.083821 -0.540323 0.539994 -0.028517 0.841186
71.577373 -10.345815 -2963.879200 221.626176 -0.039881 0.963288 -0.265492 0.834511 -0.114022 -0.539064 0.549546 0.243054 0.799327
46.648190 -3.971427 -1136.748944 109.769172 -0.145378 0.854192 -0.499221 0.822854 -0.175775 -0.540384 0.549342 0.489346 0.677321
-1.313064 -4.527787 -43.388439 3.808348 0.610312 0.691052 -0.387256 -0.368522 -0.185054 -0.911014 0.701221 -0.698715 -0.141727
0.369403 -4.165977 -55.934249 8.234968 0.546299 0.624493 -0.558180 -0.495809 -0.296006 -0.816427 0.675078 -0.722764 -0.147922
-1.385764 -4.352256 -34.665404 3.381687 0.633190 0.690491 -0.349703 -0.400057 -0.094813 -0.911573 0.662589 -0.717100 -0.216201
0.531889 -6.307938 10.061693 30.293449 0.956495 0.233331 0.175141 -0.277560 0.912706 0.299882 0.089881 0.335448 -0.937761
0.440354 -6.238327 5.598646 15.886843 0.944644 0.271915 0.183602 -0.294034 0.949896 0.106023 0.145573 0.154139 -0.977266
0.241485 -5.860146 2.997373 23.065351 0.955440 0.231613 0.183003 -0.275836 0.921297 0.274091 0.105118 0.312356 -0.944131
-0.078297 -11.787118 5.033386 220.737610 0.984525 0.160912 -0.069411 0.175163 -0.891600 0.417572 -0.005306 0.423268 0.905989
-0.171903 -15.008812 4.784270 207.416920 0.987771 0.144282 -0.059085 0.148646 -0.757168 0.636082 -0.047038 0.637086 0.769356
-0.280176 -11.384484 3.108177 211.934081 0.984288 0.162795 -0.068377 0.176455 -0.892812 0.414428 -0.006419 0.419982 0.907510
-0.172734 -8.235325 4.625163 137.147671 0.974882 0.204655 -0.087874 0.219877 -0.947219 0.233303 0.035489 0.246765 0.968425
-0.273747 -11.187255 0.107956 208.139809 0.982926 0.173923 -0.060052 0.183127 -0.892960 0.411202 -0.017893 0.415179 0.909564
-0.296050 -7.752834 2.428036 127.490439 0.975781 0.203172 -0.081073 0.216761 -0.947921 0.233369 0.029436 0.245290 0.969003
0.357880 -7.407691 -0.800903 -12.642364 0.904409 0.412795 0.107913 -0.064702 0.382686 -0.921610 0.421733 -0.826530 -0.372813
0.506153 -6.710162 10.545127 48.433209 0.900654 0.418886 0.115568 -0.036078 0.337124 -0.940769 0.433036 -0.843138 -0.318745
0.355673 -7.309586 -4.377643 44.233320 0.909002 0.396126 0.129613 0.010520 0.289073 -0.957249 0.416659 -0.871505 -0.258601
-2.028819 -3.745294 -52.399179 -6.072391 0.890490 0.276206 0.361577 -0.074886 -0.694866 0.715230 -0.448798 0.663982 0.598087
-3.054357 -4.246899 -80.446823 -3.178322 0.850453 0.074417 0.520761 -0.345896 -0.666741 0.660161 -0.396340 0.741565 0.541291
-1.796287 -3.832674 -38.379651 6.071059 0.870491 0.162016 0.464755 -0.243393 -0.679027 0.692591 -0.427792 0.716012 0.551653
-2.259884 -7.430715 30.080198 -24.048713 0.140975 0.952757 0.269034 0.946407 -0.049932 -0.319093 -0.290585 0.299600 -0.908736
-2.086732 -7.356947 20.362662 14.448972 0.194838 0.951828 0.236771 -0.898985 0.076758 0.431201 -0.392255 0.296868 -0.870635
-1.860807 -7.650093 33.351015 -15.169693 0.130478 0.944635 0.301064 0.956767 -0.040352 -0.288044 -0.259948 0.325631 -0.909061
-2.376968 -7.001154 9.977186 18.000220 0.136034 0.965804 0.220719 -0.949544 0.063555 0.307128 -0.282598 0.251362 -0.925719
-2.270780 -7.471498 26.759213 -3.557746 0.073895 0.957023 0.280439 0.983154 -0.022769 -0.181357 -0.167178 0.289116 -0.942584
-0.365183 -5.980746 2.580406 24.093981 0.922241 0.357493 -0.147209 0.324271 -0.507919 0.798039 -0.210523 0.783720 0.584348
0.128168 -5.458700 -12.523304 25.450305 0.907519 0.390374 -0.154979 0.390621 -0.648853 0.652997 -0.154354 0.653145 0.741334
-0.291229 -6.480453 -0.863106 29.767235 0.939030 0.330837 -0.093649 0.272813 -0.551119 0.788569 -0.209276 0.766038 0.607774
-1.130669 -19.595444 -18.238305 324.808337 -0.846051 -0.252524 0.469498 -0.063756 0.922301 0.381178 -0.529275 0.292563 -0.796414
-2.142056 -22.161208 16.175157 97.394674 -0.824663 -0.316739 0.468622 -0.279160 0.948485 0.149820 -0.491935 -0.007269 -0.870602
-1.022434 -19.574143 1.663715 120.546142 -0.817818 -0.274531 0.505772 -0.232468 0.961577 0.146045 -0.526433 0.001862 -0.850215
-2.247502 -9.511357 -8.337976 -51.496149 0.259434 0.964337 -0.052420 -0.587382 0.200642 0.784044 -0.766601 0.172617 -0.618487
-2.392062 -8.409850 -7.733198 -47.425499 0.250866 0.966903 -0.046523 -0.701773 0.214760 0.679259 -0.666769 0.137755 -0.732423
-2.306202 -9.322026 -22.993037 -43.726633 0.205296 0.972936 -0.106062 -0.585201 0.208895 0.783519 -0.784470 0.098786 -0.612248
-1.952479 -10.776261 -11.010203 -46.206921 0.242127 0.967992 -0.066071 -0.423240 0.166652 0.890559 -0.873065 0.187665 -0.450044
-1.960333 -10.469722 -18.131293 -44.915133 0.232235 0.962267 -0.141807 -0.409485 0.228969 0.883117 -0.882264 0.147023 -0.447208
-2.349829 -10.189495 -0.267641 -60.502531 0.215458 0.963192 -0.160747 -0.474990 0.247199 0.844557 -0.853207 0.105613 -0.510768
-2.207029 -8.658339 -15.320224 -40.769702 0.163074 0.978686 -0.124824 -0.645508 0.201517 0.736689 -0.746141 0.039560 -0.664612
-2.915959 -10.918929 -35.780936 -133.153205 0.758856 0.407135 -0.508310 -0.613213 0.183823 -0.768231 0.219335 -0.894679 -0.389156
-5.127537 -13.954120 -137.124285 -182.967476 0.728986 0.425784 -0.535991 -0.678103 0.342154 -0.650467 0.093567 -0.837639 -0.538151
-6.040631 -10.908126 -138.677320 -146.670034 0.788218 0.424820 -0.445243 -0.562988 0.205615 -0.800480 0.248511 -0.881618 -0.401237
1.040922 -375.535445 -38.719211 22701.048861 0.772929 0.579814 -0.257675 0.076486 0.318007 0.944998 -0.629866 0.750125 -0.201449
-1.935293 -412.032820 -3.682833 25106.782958 -0.795309 -0.546708 0.261904 -0.186631 0.631874 0.752266 -0.576760 0.549404 -0.604568
1.617405 -158.097392 -48.187819 8270.322374 -0.788489 -0.523071 0.323547 -0.478788 0.852213 0.210940 -0.386067 0.011414 -0.922400
-2.449765 -286.708103 -2.677964 13875.813183 -0.861787 -0.452203 0.229858 -0.457723 0.888522 0.031900 -0.218659 -0.077721 -0.972701
1.079338 -10.933746 -22.559197 56.742221 0.053979 0.962186 0.266990 -0.340151 -0.233670 0.910876 -0.938820 0.139985 -0.314676
1.566932 -11.355415 -18.155767 63.657873 0.097657 0.954265 0.282562 -0.346043 -0.233645 0.908661 -0.933122 0.186516 -0.307399
1.167585 -10.716222 -25.882946 20.519442 0.058413 0.957941 0.280957 -0.167529 -0.268040 0.948730 -0.984135 0.102486 -0.144826
-0.330150 -1.393302 -12.504503 -50.063030 -0.621965 0.496923 -0.605166 0.778041 0.304949 -0.549234 -0.088382 -0.812449 -0.576294
-0.599618 -2.037663 -12.100163 -43.474131 -0.577488 0.518018 -0.631003 0.814054 0.306824 -0.493128 -0.061843 -0.798446 -0.598881
0.671562 -1.390637 -65.036304 -28.961235 -0.174925 0.561847 -0.808535 0.980892 0.028421 -0.192464 -0.085156 -0.826752 -0.556083
-1.019794 -2.497597 -6.981170 -29.303136 0.830900 -0.379820 0.406623 0.554555 0.505453 -0.661049 -0.045551 -0.774761 -0.630612
4.157278 -0.318770 9.946628 14.875364 -0.036019 0.740789 -0.670771 0.952662 0.228215 0.200881 0.301890 -0.631783 -0.713942
4.692337 -0.233565 -189.384686 8.152689 0.089933 0.568387 -0.817831 0.954750 0.184533 0.233238 0.283486 -0.801800 -0.526072
4.555612 0.072749 5.206492 15.397878 -0.009240 0.748982 -0.662526 0.953233 0.206760 0.220446 0.302094 -0.629505 -0.715865
4.288524 -0.103317 215.415868 22.631887 -0.137854 0.872043 -0.469614 0.948163 0.253260 0.191957 0.286329 -0.418808 -0.861751
3.595121 -0.408445 181.824570 15.838165 -0.172241 0.844684 -0.506796 0.945826 0.285561 0.154497 0.275222 -0.452730 -0.848109
-2.276840 -4.728724 -2.397111 -18.793082 0.750594 0.659083 0.047103 -0.222960 0.319731 -0.920902 0.622011 -0.680721 -0.386938
-2.343678 -4.558943 6.481846 -23.933857 0.783048 0.616563 0.081766 -0.221355 0.399124 -0.889776 0.581238 -0.678639 -0.449013
-2.403183 -5.358359 -0.748507 -9.279273 0.768424 0.594879 0.235888 -0.163441 0.538821 -0.826413 0.618718 -0.596482 -0.511271
-1.777552 -3.898865 -22.367943 -11.738777 0.685353 0.667938 -0.290086 -0.450209 0.075541 -0.889722 0.572366 -0.740373 -0.352484
-2.679575 -5.651658 -17.162731 -8.407832 0.729644 0.661829 0.172055 -0.193928 0.441541 -0.876033 0.655753 -0.605825 -0.450515
-1.540540 -4.081672 -26.850446 0.635034 0.659630 0.682460 -0.314858 -0.426934 -0.004541 -0.904271 0.618559 -0.730909 -0.288370
-2.416174 -5.029952 -16.348991 -17.759127 0.710583 0.703276 -0.021772 -0.237005 0.210103 -0.948517 0.662495 -0.679161 -0.315976
1.598447 -10.658577 -53.283053 339.906424 0.937575 0.218314 0.270727 0.346114 -0.509517 -0.787780 0.034044 -0.832305 0.553272
-0.033336 -11.908275 -61.924000 387.140643 0.967012 0.144881 0.209515 0.254339 -0.503666 -0.825610 0.014090 -0.851663 0.523900
0.548059 -13.734864 -66.240200 281.286401 0.945509 0.178022 0.272617 0.319425 -0.669400 -0.670724 -0.063086 -0.721257 0.689789
0.067625 -26.370829 -1.386493 -575.492852 0.940293 0.233877 0.247288 -0.234318 0.971754 -0.028078 -0.246870 -0.031542 0.968535
0.162362 -27.154090 40.912239 -564.266010 0.942133 0.273053 0.194495 -0.269551 0.961945 -0.044777 -0.199320 -0.010240 0.979881
0.986739 -31.511062 20.277847 674.062843 0.935987 0.270599 0.225178 0.173661 -0.911316 0.373289 -0.306220 0.310289 0.899972
1.966098 -30.432951 43.411298 -14.741888 0.937301 0.301054 0.175595 0.105055 -0.724446 0.681279 -0.332311 0.620116 0.710651
1.173596 -27.616255 17.652414 -212.988071 0.940227 0.268551 0.209410 0.032972 -0.683821 0.728905 -0.338947 0.678432 0.651802
-2.877666 -4.575427 -24.180330 35.764538 0.042201 -0.630868 -0.774742 0.991173 -0.071110 0.111895 -0.125682 -0.772625 0.622298
-3.695118 -5.063416 -26.084801 13.240037 0.178125 -0.559150 -0.809706 0.969658 -0.040274 0.241124 -0.167434 -0.828088 0.535010
-2.863353 -3.945513 -45.679689 26.879984 -0.128885 -0.623341 -0.771255 0.990043 -0.125277 -0.064196 -0.056604 -0.771850 0.633281
-2.143626 -3.531216 -36.766598 52.127234 -0.311155 -0.641354 -0.701319 0.950153 -0.225293 -0.215526 -0.019774 -0.733423 0.679485
1.636657 -4.804373 -38.597355 -62.821927 0.738881 0.671852 0.051665 0.480587 -0.579170 0.658482 -0.472325 0.461710 0.750821
2.042243 -4.852968 -33.701291 -67.494278 0.746657 0.665164 0.007778 0.484397 -0.551682 0.678975 -0.455921 0.503193 0.734120
2.097170 -6.687830 -25.058255 -79.776403 0.780858 0.623451 0.039629 0.495422 -0.656651 0.568654 -0.380550 0.424404 0.821622
1.534258 -5.998125 -31.258219 69.217873 0.764459 0.639341 0.082732 -0.490310 0.659930 -0.569287 -0.418566 0.394633 0.817965
0.973827 -4.451882 -34.101228 -58.173857 0.739753 0.667111 0.087910 0.462551 -0.599048 0.653597 -0.488684 0.442837 0.751720
0.667593 -11.346178 -99.828882 167.221946 0.887110 -0.024743 -0.460894 -0.432717 -0.392028 -0.811831 0.160596 -0.919620 0.358479
0.614139 -12.224917 -80.878520 48.792309 0.897487 0.014198 -0.440813 -0.340020 -0.614295 -0.712059 0.280899 -0.788948 0.546494
2.825276 -12.603003 -241.869390 146.682736 0.901206 -0.064829 -0.428515 -0.401045 -0.499558 -0.767857 0.164288 -0.863851 0.476204
2.443677 -9.831718 -154.000785 169.686549 0.869354 -0.056900 -0.490903 -0.485502 -0.283772 -0.826899 0.092254 -0.957202 0.274323
0.290562 -8.961932 -83.180788 155.299000 0.877987 -0.023694 -0.478097 -0.470750 -0.223830 -0.853402 0.086792 -0.974340 0.207674
20.271217 -7.637146 188.569321 -97.716402 -0.113538 -0.700012 0.705047 0.988721 -0.149369 0.010918 0.097669 0.698335 0.709076
14.942398 -7.614095 243.278620 -121.400670 -0.149817 -0.810460 0.566312 0.973938 -0.219626 -0.056657 0.170295 0.543064 0.822241
16.727558 -7.404737 186.622832 -118.788380 -0.089349 -0.783405 0.615055 0.994829 -0.100136 0.016975 0.048291 0.613391 0.788301
-0.064987 -10.049173 -4.801592 54.775276 0.083486 -0.414973 -0.905995 0.896597 -0.365509 0.250034 -0.434907 -0.833187 0.341548
-0.174718 -9.007728 -3.565995 71.475239 0.101433 -0.419755 -0.901952 0.916071 -0.314165 0.249229 -0.387977 -0.851532 0.352658
-0.161189 -9.598083 -4.143166 23.269158 0.203362 -0.433171 -0.878070 0.947080 -0.140458 0.288636 -0.248361 -0.890300 0.381684
-0.176602 -12.132794 -2.669128 -10.014863 0.204912 -0.428059 -0.880214 0.935603 -0.178493 0.304610 -0.287503 -0.885949 0.363918
-0.252124 -9.164285 -2.553936 -36.578088 0.348907 -0.426286 -0.834592 0.932918 0.073382 0.352531 -0.089035 -0.901607 0.423294
-0.255703 -12.159221 -4.903986 -72.845696 0.368571 -0.423294 -0.827634 0.923489 0.064806 0.378112 -0.106417 -0.903672 0.414793
-3.092927 -10.294194 53.112115 -74.053252 0.800137 -0.402585 -0.444642 0.483240 0.871802 0.080253 0.355331 -0.279082 0.892106
-3.001491 -11.360184 61.081303 -57.259079 0.757838 -0.454609 -0.467987 0.417119 0.889140 -0.188259 0.501691 -0.052536 0.863450
-4.661451 -10.188869 76.880282 -82.762552 0.819405 -0.431687 -0.377124 0.456825 0.889198 -0.025271 0.346247 -0.151572 0.925818
5.816017 -2.853976 -186.437695 19.375834 0.787795 -0.370431 0.492097 0.322368 0.928748 0.183047 -0.524840 0.014433 0.851078
5.738766 -1.763987 90.306186 17.682149 0.888864 -0.377624 0.259461 0.358818 0.925881 0.118297 -0.284902 -0.012051 0.958481
6.431096 -2.228801 133.687323 29.284638 0.935475 -0.252072 0.247682 0.216517 0.962739 0.162034 -0.279297 -0.097951 0.955196
8.329063 -3.313384 -136.290975 28.719207 0.843830 -0.241594 0.479149 0.158580 0.965307 0.207446 -0.512643 -0.099065 0.852867
0.637815 -16.477230 -13.099708 -169.668079 0.069443 -0.543126 0.836774 0.954537 -0.207571 -0.213945 0.289890 0.813590 0.504020
0.735550 -16.127211 8.803869 -47.824398 0.075104 -0.550110 0.831708 0.944264 -0.228848 -0.236633 0.320508 0.803123 0.502262
0.911875 -15.447019 -9.789156 204.262052 0.037523 -0.538356 0.841882 0.812802 -0.473660 -0.339117 0.581331 0.697007 0.419804
1.455229 -14.957027 -39.366531 155.180893 0.028495 -0.530562 0.847167 0.819337 -0.473088 -0.323844 0.572603 0.703344 0.421228
2.049365 -13.874923 58.054527 -411.897092 0.001076 0.499533 -0.866294 -0.626933 0.675244 0.388589 0.779073 0.542690 0.313900
1.385991 -13.664231 16.056544 -397.358423 -0.039402 0.530375 -0.846847 -0.612531 0.656774 0.439834 0.789464 0.536050 0.298993
-3.460967 -12.189836 84.061798 -55.717763 -0.097628 0.312541 -0.944874 0.942366 0.334324 0.013217 0.320025 -0.889126 -0.327167
-5.438880 -12.419398 136.128519 -52.051679 -0.101711 0.271426 -0.957070 0.956316 0.291724 -0.018898 0.274071 -0.917183 -0.289241
-3.315070 -11.887759 66.480438 -56.627180 -0.108913 0.309957 -0.944492 0.982819 0.176008 -0.055571 0.149014 -0.934317 -0.323801
-6.163018 -12.983820 172.924761 -44.674401 -0.064884 0.285326 -0.956232 0.871941 0.482225 0.084725 0.485293 -0.828280 -0.280076
-2.061413 -11.954932 45.841815 -47.827713 -0.084986 0.351058 -0.932489 0.980085 0.198027 -0.014772 0.179472 -0.915174 -0.360896
-2.058312 -12.384713 56.004751 -53.442848 -0.078203 0.355111 -0.931547 0.933915 0.353052 0.056183 0.348836 -0.865593 -0.359254
-3.723335 -12.816323 102.124842 -48.642500 -0.085431 0.315702 -0.945005 0.842287 0.529529 0.100758 0.532217 -0.787357 -0.311150
-1.295325 -10.326544 16.892450 -10.862322 0.299211 -0.592330 0.748076 0.298399 0.802757 0.516274 -0.906328 0.068750 0.416945
-1.677797 -10.255420 15.710015 -7.803373 0.264222 -0.608964 0.747897 0.276165 0.790755 0.546295 -0.924078 0.062200 0.377110
-1.523127 -10.421929 20.718674 -5.327234 0.303474 -0.579237 0.756563 0.090274 0.807915 0.582343 -0.948554 -0.108428 0.297472
0.640449 -4.103702 -14.683712 -14.947943 0.954195 0.227877 0.193864 0.298835 -0.757216 -0.580793 -0.014447 -0.612124 0.790630
0.586796 -4.469731 -11.179799 -11.867547 0.953669 0.236200 0.186348 0.299115 -0.677777 -0.671676 0.032347 -0.696296 0.717026
0.614902 -4.186141 3.953287 -9.312368 0.953628 0.228250 0.196203 0.300925 -0.736337 -0.606013 -0.006149 -0.636953 0.770878
0.768011 -4.414065 -15.417909 -17.716356 0.958314 0.232760 0.165704 0.283536 -0.703192 -0.652018 0.035242 -0.671821 0.739875
0.592288 -3.868482 0.614765 -10.650228 0.957587 0.211347 0.195855 0.284008 -0.807042 -0.517710 -0.048647 -0.551377 0.832837
0.690195 -3.690505 -17.518217 -17.542111 0.960734 0.202619 0.189567 0.271596 -0.826554 -0.492995 -0.056797 -0.525122 0.849129
0.867701 -3.948977 -19.251271 -21.357723 0.960773 0.218336 0.171009 0.277125 -0.779780 -0.561377 -0.010781 -0.586747 0.809699
1.283525 -11.590568 3.202155 -44.836225 0.252369 -0.462025 0.850202 -0.551478 0.653301 0.518720 -0.795099 -0.599776 -0.089924
0.854045 -10.400158 -1.524613 36.147183 -0.230803 0.449755 -0.862815 0.734941 -0.500544 -0.457512 -0.637646 -0.739713 -0.215016
0.976526 -11.283927 -7.203141 -55.548775 0.209928 -0.463881 0.860665 -0.621679 0.616082 0.483692 -0.754616 -0.636598 -0.159052
2.959803 -16.700901 22.250838 238.576211 0.917844 -0.117865 -0.379038 -0.328180 -0.762490 -0.557590 0.223292 -0.636174 0.738528
2.354127 -17.985405 24.626223 288.244676 0.874781 -0.099771 -0.474135 -0.375811 -0.757370 -0.534001 0.305817 -0.645319 0.700028
2.325676 -13.866248 4.821325 195.697461 0.893707 -0.163844 -0.417663 -0.432896 -0.559447 -0.706839 0.117849 -0.812511 0.570909
2.942047 -20.729862 35.456009 227.628866 0.888283 -0.082682 -0.451793 -0.245271 -0.917056 -0.314406 0.388323 -0.390093 0.834885
2.593413 -12.535111 -4.432351 72.192266 0.925825 -0.193675 -0.324558 -0.373986 -0.593529 -0.712641 0.054614 -0.781161 0.621936
3.801545 -14.208930 37.025585 144.403502 0.957016 -0.105482 -0.270174 -0.247392 -0.783093 -0.570581 0.151385 -0.612894 0.775528
3.936067 -20.935509 54.144490 303.033771 0.931928 -0.075252 -0.354750 -0.209106 -0.910740 -0.356128 0.296286 -0.406066 0.864480
-258.180555 -1112.293413 -11179.059806 93277.389123 0.493741 0.854452 0.161652 0.469942 -0.105762 -0.876338 0.731692 -0.508651 0.453762
-75.401783 -335.648557 4784.018006 -15086.702856 -0.432741 -0.706533 -0.559952 0.900219 -0.305318 -0.310464 0.048390 -0.638429 0.768158
-117.782273 -1041.620742 4818.356149 20717.618613 -0.320854 -0.550643 -0.770613 0.812283 0.258447 -0.522878 0.487082 -0.793724 0.364354
-23.075606 -38.068559 -118.662209 -49.045404 0.920593 -0.238093 0.309549 0.379377 0.733269 -0.564260 0.092636 -0.636890 -0.765369
-18.180174 -30.849202 -75.529851 -70.945730 -0.630944 0.468568 -0.618347 0.775806 0.375024 -0.507427 -0.005869 -0.799876 -0.600137
-33.816857 -71.025594 -574.361423 -2146.780424 0.864789 -0.474777 0.163481 0.344561 0.324252 -0.880987 -0.365263 -0.818197 -0.444000
-51.222127 -870.298704 -84.679805 -31653.355777 0.851124 -0.300428 -0.430500 -0.214736 0.549070 -0.807719 -0.479036 -0.779914 -0.402814
-20.951939 -45.132255 -423.313803 -346.550795 0.947206 -0.298277 -0.117611 0.194871 0.826854 -0.527578 -0.254611 -0.476806 -0.841326
4.036714 -7.238347 -42.255934 25.378285 0.931021 -0.198677 0.306148 0.107358 -0.652643 -0.750021 -0.348817 -0.731153 0.586295
5.680434 -8.059539 -106.932204 23.170563 0.851007 -0.228032 0.473063 0.128217 -0.783327 -0.608243 -0.509262 -0.578274 0.637379
5.449423 -8.724556 -49.003891 25.647955 0.947541 -0.156601 0.278642 0.053975 -0.780843 -0.622391 -0.315043 -0.604781 0.731429
3.214657 -8.629021 22.435228 -35.444645 0.984519 -0.147810 0.094208 -0.025842 -0.654002 -0.756051 -0.173364 -0.741912 0.647697
2.407706 -7.171894 28.215340 1.087064 0.982336 -0.179629 0.052431 -0.040622 -0.478219 -0.877300 -0.182662 -0.859674 0.477069
-5.390259 -7.432669 -31.832556 -38.554166 0.806887 0.284473 0.517696 -0.290955 -0.571319 0.767424 -0.514081 0.769851 0.378220
3.274984 -2.243716 268.672365 69.575639 -0.382062 0.613012 0.691553 0.869299 -0.015545 0.494041 0.313603 0.789921 -0.526951
-0.893214 -12.109717 -156.747367 -405.465726 -0.743654 0.028670 -0.667950 -0.330988 0.852265 0.405083 0.580884 0.522325 -0.624300
3.220390 -2.847751 -42.256285 -63.266488 0.936531 -0.339013 0.089330 0.106454 0.517761 0.848877 0.334032 0.785489 -0.520988
-2.989693 -6.558577 34.082319 -280.475277 0.847246 0.080411 0.525079 -0.336826 0.845676 0.413982 0.410758 0.527605 -0.743580
0.538895 -1.826399 -112.688709 13.854788 0.384865 0.296795 0.873952 0.921769 -0.075256 -0.380366 -0.047121 0.951971 -0.302539
-0.313918 -2.496304 -108.277279 -13.091358 0.344752 0.282246 0.895256 0.938454 -0.082058 -0.335516 -0.021236 0.955826 -0.293165
0.465533 -3.583581 -127.172914 -42.705030 0.390273 0.292041 0.873155 0.920556 -0.140465 -0.364480 0.016205 0.946035 -0.323660
-1.187658 -3.131995 -20.145797 -66.764444 0.791127 0.153743 0.592015 -0.611056 0.155942 0.776075 -0.026996 0.975728 -0.217315
2.514225 -2.995290 -119.069563 -75.190801 0.270458 0.251687 0.929250 0.962200 -0.038586 -0.269597 -0.031998 0.967039 -0.252609
-0.769683 -3.245992 -32.838030 -89.320294 0.839491 0.179394 0.512906 -0.538752 0.151962 0.828646 -0.070712 0.971970 -0.224219
-0.881620 -4.099605 23.938926 20.232203 0.908620 -0.029400 0.416589 -0.308248 0.625805 0.716485 0.281768 0.779425 -0.559556
-0.299170 -4.539264 28.714792 19.528568 0.913817 -0.071314 0.399816 -0.234608 0.710891 0.663018 0.331508 0.699677 -0.632894
9.111959 -8.535735 -303.639002 249.363355 0.120629 0.971315 0.204930 0.756763 0.043626 -0.652232 0.642463 -0.233761 0.729792
0.387350 -4.798240 -52.343734 -11.356107 -0.946536 -0.031005 -0.321105 0.046235 0.972056 -0.230150 0.319268 -0.232691 -0.918653
-0.674232 -4.748060 -30.918304 -13.647284 -0.954349 -0.065465 -0.291431 0.009918 0.968203 -0.249970 0.298528 -0.241449 -0.923354
0.106543 -4.984944 -59.318408 -4.893979 -0.945029 -0.024498 -0.326067 0.014620 0.993027 -0.116981 0.326659 -0.115317 -0.938081
-0.367448 -4.451151 29.114480 -18.208585 0.954748 0.077232 0.287213 0.030582 0.935083 -0.353106 0.295839 -0.345911 -0.890407
1.129858 -4.995091 -56.986727 -2.913733 -0.945687 -0.006374 -0.325016 0.027783 0.994565 -0.100345 0.323889 -0.103925 -0.940370
0.630511 -4.530412 47.944530 -17.297272 0.948433 0.039283 0.314535 0.072181 0.939456 -0.334982 0.308650 -0.340411 -0.888175
1.252348 -4.837195 -47.583689 -10.967946 -0.949183 -0.012152 -0.314489 0.058692 0.974890 -0.214812 0.309202 -0.222354 -0.924636
0.782145 -6.554631 13.477333 10.598128 0.944643 0.278810 0.172957 -0.301190 0.945971 0.120094 0.130129 0.165539 -0.977580
0.650699 -6.743653 -12.431680 -15.726047 -0.932757 -0.307318 -0.188469 -0.297903 0.951476 -0.077117 0.203023 -0.015786 -0.979047
0.358694 -6.569063 -5.694205 1.153944 -0.932445 -0.304298 -0.194807 -0.293535 0.952370 -0.082638 0.210675 -0.019872 -0.977354
0.114965 -15.307958 6.590672 198.489028 0.988521 0.140165 -0.056397 0.143290 -0.751402 0.644099 -0.047903 0.644786 0.762860
0.003314 -17.094948 6.984443 77.496920 0.991083 0.125111 -0.045842 0.104410 -0.515457 0.850531 -0.082782 0.847733 0.523923
0.558088 -9.120530 3.446490 -72.041042 0.906632 0.411521 0.093106 -0.191844 0.598615 -0.777725 0.375784 -0.687248 -0.621672
0.435754 -8.152624 1.705020 -85.541454 0.903487 0.417364 0.097560 -0.122873 0.470273 -0.873926 0.410625 -0.777593 -0.476168
0.336381 -8.723855 1.845023 -51.437651 0.901818 0.414604 0.121773 -0.159741 0.581708 -0.797558 0.401506 -0.699799 -0.590824
0.434113 -9.245988 3.410798 0.912989 0.906534 0.403204 0.124988 -0.225523 0.712888 -0.664026 0.356840 -0.573775 -0.737189
0.305768 -8.397948 4.081869 -34.087691 0.893515 0.428261 0.134992 -0.144051 0.558121 -0.817160 0.425300 -0.710699 -0.560381
0.293756 -8.875138 5.194215 4.922416 0.899992 0.410948 0.145380 -0.206628 0.695852 -0.687819 0.383821 -0.588992 -0.711175
2.758078 -5.839491 16.895722 6.728333 -0.832560 -0.536098 -0.139441 -0.430355 0.784483 -0.446521 0.348768 -0.311746 -0.883841
1.890020 -5.359586 10.075567 7.687941 -0.838853 -0.525454 -0.142210 -0.482292 0.838544 -0.253454 0.252427 -0.144024 -0.956837
1.583027 -5.616735 22.398730 1.117274 -0.878482 -0.461994 -0.121784 -0.412236 0.861790 -0.295601 0.241518 -0.209476 -0.947517
-2.182967 -4.245563 -42.152593 12.567996 0.828557 0.051555 0.557526 -0.394861 -0.652163 0.647122 -0.396960 0.756323 0.519998
-2.804055 -4.898312 -61.272964 32.659485 0.781051 -0.038085 0.623304 -0.509906 -0.615101 0.601371 -0.360492 0.787528 0.499845
-1.458482 -7.639269 25.636661 8.338635 0.168719 0.944363 0.282334 -0.898588 0.029656 0.437790 -0.405059 0.327565 -0.853597
-1.528755 -8.115160 7.542017 -40.647857 0.227666 0.949588 0.215523 -0.816117 0.065348 0.574180 -0.531151 0.306613 -0.789852
-2.156156 -7.680671 7.759395 -34.471954 0.246776 0.956384 0.156308 -0.837828 0.129506 0.530352 -0.486977 0.261837 -0.833244
-2.394595 -6.864362 -5.950754 -1.747646 0.195751 0.969314 0.148701 -0.910176 0.123135 0.395497 -0.365051 0.212763 -0.906350
-0.311714 -4.977601 -13.819304 -1.179883 0.838131 0.477529 -0.263634 0.462212 -0.365100 0.808123 -0.289650 0.799167 0.526721
-0.260883 -5.423179 -0.564076 16.902169 0.889603 0.401766 -0.217233 0.398765 -0.451317 0.798311 -0.222693 0.796805 0.561703
-0.786708 -5.875192 0.836740 29.577031 0.908687 0.402709 -0.110059 0.255780 -0.328685 0.909144 -0.329946 0.854278 0.401677
-1.021607 -5.102337 -14.858922 27.977936 0.863516 0.484672 -0.139402 0.307988 -0.287918 0.906778 -0.399354 0.825952 0.397895
-0.956973 -7.063216 8.686475 40.319391 0.938762 0.344560 0.001922 0.074677 -0.208900 0.975082 -0.336376 0.915226 0.221838
-1.145751 -6.410946 -3.145893 63.634404 0.911932 0.410001 0.016696 0.087576 -0.234215 0.968232 -0.400887 0.881500 0.249494
-1.506646 -21.388334 -4.029044 374.649177 -0.856559 -0.247718 0.452706 0.025339 0.856007 0.516344 -0.515427 0.453750 -0.726943
-4.365957 -26.514999 87.583005 432.498470 -0.795419 -0.408456 0.447742 -0.179060 0.864177 0.470250 -0.579005 0.293873 -0.760521
-5.545894 -23.898264 120.128869 -287.919102 -0.763140 -0.412354 0.497576 -0.530400 0.839532 -0.117741 -0.369180 -0.353767 -0.859392
-2.603154 -22.731130 -42.694468 -303.724413 0.802700 0.323470 -0.501039 -0.473697 0.856228 -0.206117 -0.362331 -0.402791 -0.840521
-5.059668 -24.302867 99.514811 71.670968 -0.766499 -0.434163 0.473267 -0.420737 0.896201 0.140730 -0.485242 -0.091251 -0.869605
-1.166638 -15.186788 4.849610 -162.750745 0.835710 0.354900 -0.419089 0.542627 -0.416179 0.729624 -0.084527 0.837163 0.540383
-1.095528 -16.877462 3.129932 -145.671687 0.854564 0.337468 -0.394761 0.518179 -0.604975 0.604562 0.034800 0.721193 0.691859
-1.161358 -14.306733 1.806420 -121.858089 0.841975 0.330415 -0.426502 0.538191 -0.459012 0.706865 -0.037789 0.824702 0.564303
-2.294140 -9.071299 26.383287 -68.725185 0.288775 0.955677 0.057369 -0.709959 0.173556 0.682522 -0.642314 0.237825 -0.728610
-2.498663 -7.703993 5.169391 -62.937560 0.249410 0.968318 0.012418 -0.824944 0.205730 0.526443 -0.507210 0.141544 -0.850120
43.596440 -347.768525 1225.767166 15029.178436 0.675746 0.736434 -0.032129 0.311057 -0.245365 0.918172 -0.668290 0.630445 0.394877
5.828773 -440.518738 -83.575337 3079.252652 0.697516 0.708217 -0.109091 0.694937 -0.631448 0.344000 -0.174742 0.315757 0.932611
3.708839 -53.793169 -233.232308 1751.104598 0.729468 0.593410 0.340207 -0.577353 0.800869 -0.158974 -0.366798 -0.080453 0.926815
1.725827 -311.174370 23.298194 -10156.298030 0.923108 0.384251 -0.014915 0.231192 -0.585565 -0.776958 0.307281 -0.713768 0.629375
-81.139674 -382.308721 -62.336396 -5819.072806 0.842620 0.466221 0.269497 0.497570 -0.482660 -0.720738 0.205948 -0.741402 0.638677
-1061.341811 -1357.961100 37763.623476 -2069.000874 -0.239587 0.967320 -0.083012 0.021241 0.090704 0.995651 -0.970643 -0.236782 0.042278
10.782688 -21.643341 -1511.180885 566.812795 0.520005 -0.781118 -0.345613 0.830433 0.367613 0.418619 -0.199939 -0.504693 0.839827
1.193055 -11.464432 -19.623835 41.981918 0.068052 0.962897 0.261150 -0.521472 -0.188825 0.832113 -0.850550 0.192809 -0.489273
1.513850 -11.904323 -12.483160 39.618925 0.121021 0.953570 0.275788 -0.540541 -0.169718 0.824021 -0.832568 0.248799 -0.494904
1.672633 -11.673198 0.721849 55.646675 0.166830 0.941111 0.294071 -0.349674 -0.222392 0.910093 -0.921898 0.254660 -0.291980
-0.537177 -2.333769 -21.800249 -44.710498 -0.423698 0.554722 -0.716075 0.904541 0.217393 -0.366804 -0.047805 -0.803133 -0.593878
-1.174207 -2.731585 -5.792233 -14.634753 -0.665589 0.471509 -0.578507 0.745994 0.443166 -0.497088 0.021993 -0.762419 -0.646710
5.432678 0.215788 -219.299379 6.927951 0.086031 0.555689 -0.826927 0.955947 0.187765 0.225631 0.280649 -0.809910 -0.515056
-2.397355 -5.191527 12.695077 -15.984150 0.797329 0.543390 0.262666 -0.150010 0.599972 -0.785831 0.584605 -0.587164 -0.559889
-2.504783 -4.441409 5.210339 -19.194478 0.819504 0.567138 0.082263 -0.237093 0.466222 -0.852305 0.521728 -0.678964 -0.516535
-2.632003 -4.265760 -1.816830 -12.744455 0.865147 0.492377 0.095316 -0.223363 0.548455 -0.805795 0.449032 -0.675841 -0.584473
-2.543383 -5.008020 11.375408 -12.446952 0.838957 0.471789 0.271229 -0.134873 0.663113 -0.736268 0.527219 -0.581116 -0.619956
-2.141138 -3.750030 -25.771514 -5.116443 0.738333 0.614135 -0.278752 -0.511322 0.240204 -0.825138 0.439788 -0.751759 -0.491371
-1.988719 -3.829243 -22.759177 -15.242733 0.711443 0.644101 -0.281037 -0.480550 0.154104 -0.863321 0.512758 -0.749257 -0.419159
1.084048 -7.225826 -47.440661 261.626156 0.972582 0.144377 0.182317 0.226932 -0.417755 -0.879763 0.050853 -0.897015 0.439065
-0.283269 -9.272537 -15.177874 260.446462 0.993168 0.089628 0.074729 0.110108 -0.507644 -0.854502 0.038652 -0.856892 0.514044
0.345064 -19.342262 62.805881 254.255556 0.946483 0.294686 0.131644 0.318535 -0.918613 -0.233852 -0.052017 -0.263270 0.963319
1.342491 -28.796313 74.945647 -673.781196 0.940222 0.300742 0.159800 -0.307776 0.951235 0.020659 -0.145794 -0.068607 0.986933
-2.627379 -90.553954 -26.205855 -3044.806716 0.390951 0.804426 0.447276 0.911210 -0.406812 -0.064812 0.129821 0.432901 -0.892044
-1.333512 -98.156272 37.942004 -3194.743738 0.410992 0.703533 0.579765 -0.740709 0.628440 -0.237516 0.531448 0.331820 -0.779397
-1.933000 -87.219689 -12.546063 -3474.162104 0.435510 0.748584 0.499953 -0.684554 0.636074 -0.356083 0.584566 0.187167 -0.789463
-1.561927 -85.449219 -57.575167 -2771.114044 0.483775 0.790252 0.376116 -0.650964 0.612156 -0.448898 0.584985 0.027672 -0.810572
-3.224348 -5.517927 1.485561 20.658145 0.170224 -0.635080 -0.753457 0.830888 -0.318560 0.456228 -0.529763 -0.703699 0.473455
-3.205300 -5.568519 6.576342 26.574225 0.082841 -0.672009 -0.735895 0.854422 -0.332179 0.399525 -0.512933 -0.661862 0.546661
-3.403000 -5.949877 10.232753 33.166828 0.099556 -0.624124 -0.774957 0.773793 -0.441079 0.454636 -0.625566 -0.644918 0.439030
-3.009891 -5.321309 -0.744178 1.660835 0.143967 -0.676676 -0.722069 0.891048 -0.228767 0.392044 -0.430472 -0.699840 0.570016
-3.433487 -5.903204 1.645350 27.869986 0.190664 -0.586923 -0.786873 0.742123 -0.438518 0.506908 -0.642574 -0.680605 0.351959
-3.070595 -5.299127 -16.347766 -5.005604 0.211682 -0.645857 -0.733525 0.875824 -0.207720 0.435642 -0.433730 -0.734657 0.521686
-3.291241 -5.222887 -10.576884 -0.777648 0.228454 -0.587207 -0.776528 0.857551 -0.256222 0.446045 -0.460884 -0.767814 0.445026
-3.312255 -5.446705 -10.901145 20.379055 0.231462 -0.581442 -0.779968 0.800201 -0.342169 0.492543 -0.553266 -0.738136 0.386072
0.191039 -171.557763 5.946445 7079.964521 0.745769 0.489119 0.452319 0.126509 0.562621 -0.816978 0.654083 -0.666499 -0.357707
-0.919628 -5.634196 112.160935 145.288164 0.830220 0.529288 0.174898 0.162666 0.070064 -0.984190 0.533174 -0.845544 0.027929
-1.376510 -34.286994 94.901085 1639.024303 0.617298 0.588682 0.521917 0.245612 0.486040 -0.838713 0.747408 -0.645925 -0.155444
-0.675266 -17.665902 109.863753 942.702058 0.531786 0.664225 0.525366 0.365438 0.379648 -0.849896 0.763976 -0.643951 0.040841
-1.230003 -17.183050 -95.805090 677.827932 -0.514058 -0.661364 -0.546208 0.547150 0.237578 -0.802611 0.660584 -0.711446 0.239736
-1.916219 -45.089570 99.189364 2053.336096 0.621239 0.601718 0.501994 0.330433 0.379718 -0.864076 0.710547 -0.702673 -0.037068
2.649511 -7.322152 -19.035211 -91.014688 0.800401 0.599059 -0.022063 0.498157 -0.644211 0.580372 -0.333463 0.475521 0.814053
2.445745 -4.613665 -7.743487 -71.016110 0.758971 0.646216 -0.079796 0.495349 -0.493502 0.714902 -0.422602 0.582117 0.694656
2.886899 -6.990396 8.961384 -96.034862 0.804459 0.584309 -0.106908 0.508752 -0.584843 0.631767 -0.306623 0.562620 0.767750
2.802343 -4.897931 10.025735 -76.712343 0.773288 0.614240 -0.157272 0.509703 -0.454670 0.730396 -0.377132 0.644968 0.664671
2.487549 -2.847873 -33.473773 -50.641613 0.684733 0.715030 -0.140974 0.537308 -0.364601 0.760504 -0.492384 0.596489 0.633845
2.821724 -3.419038 -0.729456 -60.156388 0.713824 0.678086 -0.175083 0.539334 -0.372797 0.755077 -0.446736 0.633421 0.631827
0.004940 -11.430789 43.312371 -27.180650 0.906153 0.100038 -0.410950 -0.219877 -0.718589 -0.659761 0.361305 -0.688202 0.629155
0.765676 -11.840524 -69.547530 -112.405989 0.910962 0.057010 -0.408532 -0.193826 -0.815092 -0.545946 0.364115 -0.576520 0.731467
2.480078 -13.132019 -249.882547 -1.061750 0.914412 -0.032061 -0.403513 -0.308537 -0.700482 -0.643529 0.262021 -0.712949 0.650422
-3.162433 -5.233577 -0.893104 10.717601 0.141667 0.162313 -0.976517 0.330109 0.922254 0.201184 0.933251 -0.350859 0.077072
-3.188076 -5.353450 16.332544 -2.743973 0.061072 0.209818 -0.975831 0.439619 0.872067 0.215021 0.896105 -0.442126 -0.038981
-2.070615 -4.760512 44.567656 9.023891 0.084015 0.465969 -0.880803 0.245145 0.847097 0.471520 0.965839 -0.255539 -0.043061
-3.440463 -5.710979 -4.918658 -1.029551 0.105849 0.029355 -0.993949 0.520951 0.849775 0.080575 0.846998 -0.526327 0.074655
-2.111162 -4.490775 33.203758 26.767347 0.127800 0.450078 -0.883797 0.106227 0.879767 0.463386 0.986095 -0.153104 0.064624
-2.912376 -4.980734 -16.349512 21.419527 0.205662 0.069874 -0.976125 0.235130 0.964701 0.118596 0.949956 -0.253907 0.181973
-3.179460 -5.669694 -21.485234 6.748576 0.197231 -0.023664 -0.980071 0.438777 0.896120 0.066664 0.876684 -0.443181 0.187126
-5.496515 -25.625849 109.668717 -354.890949 0.778123 0.444748 -0.443536 -0.180934 0.834921 0.519779 0.601488 -0.324201 0.730141
-1.244864 -18.019931 3.101576 17.197760 0.742846 -0.116357 -0.659273 -0.462058 -0.801723 -0.379133 0.484440 -0.586260 0.649321
-1.428861 -13.195826 -3.866581 43.980943 0.771002 -0.028840 -0.636179 0.306603 0.892385 0.331125 0.558167 -0.450353 0.696873
0.234517 -5.640286 0.001806 24.632684 0.356582 -0.386573 -0.850535 0.879610 0.445722 0.166188 0.314858 -0.807399 0.498970
0.147917 -6.430720 -7.720862 32.093905 0.354565 -0.394071 -0.847934 0.926711 0.268814 0.262576 0.124463 -0.878890 0.460501
0.077118 -5.760683 -6.949715 25.366970 0.367603 -0.386995 -0.845637 0.883204 0.430037 0.187132 0.291236 -0.815661 0.499879
22.744114 -0.260260 912.122294 -53.029991 0.931896 -0.236671 0.274877 -0.301455 -0.926787 0.224033 -0.201730 0.291639 0.935014
84.819364 -1.812598 7499.673645 11.503916 0.971956 -0.231681 0.040319 -0.234538 -0.942527 0.237982 0.017134 0.240765 0.970432
29.805827 -0.542995 1257.705833 -46.878640 0.937341 -0.309045 0.160881 -0.335877 -0.924263 0.181452 -0.092619 0.224119 0.970151
-4.866853 -12.001994 96.866578 -69.891467 -0.141195 0.258712 -0.955579 0.984425 0.138815 -0.107875 0.104740 -0.955928 -0.274283
-7.397524 -12.530226 169.098533 -74.868681 -0.078609 0.201968 -0.976232 0.974891 0.220233 -0.032938 0.208346 -0.954309 -0.214209
-8.493911 -12.928272 209.976758 -1.022475 0.016136 0.232328 -0.972504 0.915607 0.387371 0.107734 0.401750 -0.892170 -0.206470
-0.601012 -17.435660 -3.561428 -117.760471 0.236415 -0.685798 -0.688323 0.148945 0.725611 -0.671792 0.960168 0.056299 0.273692
-0.795724 -15.674314 -6.550117 -93.897344 0.231374 -0.676177 -0.699464 0.384387 0.724013 -0.572759 0.893707 -0.136343 0.427431
-1.302570 -16.333951 -26.832504 -153.687955 0.234888 -0.662589 -0.711199 0.315571 0.744018 -0.588941 0.919371 -0.086099 0.383855
-2.245103 -7.614139 2.835979 -59.859898 0.197563 -0.559212 0.805140 -0.529342 0.630434 0.567759 -0.825085 -0.538363 -0.171464
-1.997208 -8.169494 23.716529 -56.983378 0.253370 -0.531829 0.808060 -0.512141 0.634906 0.578451 -0.820680 -0.560403 -0.111505
-2.283549 -8.728808 0.161596 -55.176202 0.205050 -0.590222 0.780764 -0.377397 0.688348 0.619474 -0.903065 -0.421681 -0.081602
0.638472 -4.468646 4.712249 -10.471438 0.955341 0.227961 0.188035 0.293508 -0.658126 -0.693342 0.034304 -0.717568 0.695644
0.517196 -4.703247 -8.578739 -6.514497 0.957329 0.232204 0.172052 0.278792 -0.585194 -0.761461 0.076131 -0.776936 0.624960
0.639283 -4.728631 -11.026948 -8.584116 0.960501 0.233952 0.150679 0.265874 -0.611671 -0.745097 0.082151 -0.755728 0.649713
1.220451 -10.672135 0.229410 -43.770159 0.257232 -0.460305 0.849677 -0.634647 0.582593 0.507748 -0.728735 -0.669854 -0.142270
0.904701 -9.557367 -1.912538 46.269042 -0.250333 0.451333 -0.856523 0.759361 -0.457277 -0.462891 -0.600586 -0.766288 -0.228253
0.787414 -9.071176 11.180514 47.643858 -0.205402 0.460978 -0.863313 0.861369 -0.333611 -0.383076 -0.464600 -0.822316 -0.328548
0.434930 -9.891871 13.392149 26.525433 -0.169997 0.455334 -0.873940 0.882089 -0.325072 -0.340949 -0.439339 -0.828854 -0.346384
-1.942405 -3.654766 9.635661 -57.470272 0.345971 -0.160611 -0.924396 0.900646 0.332968 0.279229 0.262947 -0.929159 0.259851
-1.998340 -3.412156 -11.147441 -54.424007 0.329721 -0.215763 -0.919092 0.917936 0.300783 0.258695 0.220631 -0.928965 0.297231
-1.406226 -2.893420 35.670536 -40.938325 0.131793 -0.196197 -0.971667 0.965762 0.246381 0.081243 0.223461 -0.949106 0.221951
-1.957143 -3.913029 51.907614 -55.051967 0.228114 -0.145483 -0.962704 0.926948 0.334962 0.169022 0.297880 -0.930932 0.211265
