13423
26829
-4.646528 -5.220304 8.230109 64.407115 0.712296 0.641410 -0.285005 -0.701717 0.642044 -0.308825 0.015098 -0.419967 -0.907414
-5.822782 -6.771187 9.551969 76.873950 0.930885 0.362564 -0.044725 -0.334279 0.796018 -0.504591 0.147345 -0.484667 -0.862199
-4.732514 -8.070408 -36.877023 154.557646 0.992225 0.123678 -0.013906 -0.114062 0.858961 -0.499175 0.049793 -0.496880 -0.866389
-4.186462 -5.513909 15.914105 -30.941653 0.197244 0.913175 -0.356659 0.973856 -0.140690 0.178357 0.112692 -0.382515 -0.917051
-3.276316 -6.038062 -62.708349 124.937339 0.951874 0.232250 -0.199990 -0.293888 0.876831 -0.380521 -0.086982 -0.420983 -0.902889
-3.278133 -4.076397 8.523026 -42.015463 0.445553 0.806212 -0.389237 0.890025 -0.445821 0.095383 -0.096631 -0.388929 -0.916186
-3.175905 -4.713029 8.372724 -31.082171 0.080584 0.924047 -0.373690 0.996695 -0.078554 0.020686 -0.010240 -0.374122 -0.927323
1.966998 -4.290171 50.281043 19.027695 -0.653693 -0.506298 0.562449 -0.624110 0.781018 -0.022311 -0.427986 -0.365614 -0.826531
1.224600 -4.321451 97.702957 12.843784 -0.634709 -0.453443 0.625727 -0.583396 0.812182 -0.003210 -0.506748 -0.367084 -0.780036
0.347300 -4.864800 -104.707180 -16.744250 0.577112 0.506834 -0.640359 0.689674 -0.722407 0.049782 -0.437369 -0.470369 -0.766460
1.896140 -2.707147 53.296272 18.986249 0.838770 -0.181857 -0.513218 0.418549 -0.387523 0.821366 0.348255 0.903745 0.248927
3.442914 -4.056347 54.877170 16.230404 0.872912 -0.146821 -0.465262 0.404736 -0.314572 0.858623 0.272422 0.937810 0.215170
2.820447 -3.377479 45.957378 25.140528 0.900110 -0.277679 -0.335702 0.269129 -0.251543 0.929675 0.342595 0.927157 0.151685
3.175703 -4.168222 54.322727 -7.301296 0.776465 -0.027758 -0.629549 0.557417 -0.435712 0.706712 0.293919 0.899658 0.322842
1.526337 -2.697437 28.104515 30.052261 0.901638 -0.322872 -0.287755 0.194836 -0.290772 0.936745 0.386119 0.900670 0.199264
0.691314 -1.758958 20.522492 38.499088 0.897090 -0.282928 -0.339385 0.226918 -0.364062 0.903309 0.379129 0.887361 0.262395
0.651408 -1.571196 53.958854 -6.569364 0.687785 -0.066207 -0.722889 0.611946 -0.482789 0.626447 0.390478 0.873230 0.291540
2.119295 -2.905726 60.893433 -7.500977 0.706047 -0.034668 -0.707316 0.606097 -0.486989 0.628879 0.366257 0.872720 0.322825
-0.688002 -7.283540 8.587052 -24.646453 0.792883 0.516711 -0.323027 -0.608566 0.644126 -0.463411 0.031380 -0.564014 -0.825169
-0.496265 -6.628273 -5.113600 -5.948511 0.813653 0.482374 -0.324476 -0.575826 0.591943 -0.563940 0.079959 -0.645693 -0.759400
-0.565046 -6.850282 -1.179482 -1.878130 0.807068 0.485929 -0.335431 -0.581431 0.555077 -0.594834 0.102857 -0.675102 -0.730519
-0.509716 -6.388242 -3.020395 -18.028971 0.815666 0.483522 -0.317640 -0.544950 0.457844 -0.702430 0.194211 -0.746046 -0.636944
-0.454878 -6.452562 -1.997778 -5.891554 0.812862 0.483608 -0.324621 -0.534794 0.398875 -0.744912 0.230762 -0.779116 -0.582861
-0.510633 -6.446604 -2.276987 11.176194 0.796178 0.490933 -0.353674 -0.578292 0.445473 -0.683470 0.177986 -0.748691 -0.638579
-0.667747 -6.334704 -7.887866 22.762677 0.795650 0.480706 -0.368595 -0.603584 0.577642 -0.549560 0.051261 -0.659735 -0.749748
0.275872 -5.522149 11.288431 60.181117 -0.662564 -0.588287 0.463602 -0.133730 0.701925 0.699584 -0.736970 0.401522 -0.543742
0.524095 -5.113811 11.369696 12.712911 -0.679089 -0.585607 0.442609 -0.099597 0.670893 0.734835 -0.727268 0.454936 -0.513921
0.310292 -4.637162 11.266288 1.896873 -0.665644 -0.601191 0.442140 -0.098722 0.658198 0.746344 -0.739711 0.453151 -0.497476
0.450358 -6.084587 11.873448 60.721368 -0.674100 -0.571523 0.467922 -0.162326 0.732630 0.660987 -0.720582 0.369616 -0.586639
0.279480 -10.522864 9.368079 4.401490 0.823928 0.343870 -0.450441 0.559282 -0.621560 0.548513 0.091359 0.703859 0.704441
0.642180 -10.638870 23.257311 -35.387005 0.829946 0.314004 -0.461076 0.557288 -0.503584 0.660177 0.024892 0.804863 0.592938
0.235490 -10.771664 -3.401108 -39.248680 0.823918 0.354447 -0.442183 0.566074 -0.477815 0.671754 -0.026820 0.803779 0.594323
-0.058156 -10.934558 7.082352 -21.644166 0.828373 0.340744 -0.444625 0.555975 -0.403065 0.726932 -0.068485 0.849371 0.523333
0.869446 -4.239470 -7.019810 14.533170 0.858860 0.492455 -0.140881 -0.029183 -0.227554 -0.973328 0.511378 -0.840064 0.181066
0.840945 -4.625194 -0.468186 16.184573 0.845762 0.509265 -0.159170 0.024612 -0.335236 -0.941813 0.532992 -0.792632 0.296064
0.721708 -4.315162 2.545333 -2.410855 0.844250 0.506412 -0.175466 -0.061017 -0.234445 -0.970213 0.532464 -0.829809 0.167031
1.826727 -2.132969 39.756070 15.572538 0.687276 -0.571785 0.448011 -0.664495 -0.245754 0.705728 0.293424 0.782730 0.548849
2.354277 -1.678584 44.749553 -15.132153 0.653521 -0.584499 0.480906 0.715367 0.269374 -0.644738 0.247305 0.765374 0.594173
2.534990 -1.765403 5.997031 -7.599863 0.628058 -0.499521 0.596676 0.752135 0.193009 -0.630111 0.199590 0.844527 0.496928
2.079423 -2.204678 20.026630 -12.632507 0.651857 -0.527723 0.544602 0.710830 0.175001 -0.681246 0.264203 0.831194 0.489197
1.213692 -2.634187 34.358529 17.279479 0.732068 -0.560822 0.386723 -0.588844 -0.235488 0.773181 0.342548 0.793741 0.502630
-0.124038 -4.365875 3.250981 1.078685 0.697528 0.700267 -0.151921 -0.576828 0.674528 0.460739 -0.425116 0.233746 -0.874436
-0.237532 -4.953145 12.811557 32.655280 0.705722 0.693617 -0.144403 -0.594656 0.690700 0.411482 -0.385150 0.204522 -0.899906
-0.279590 -4.769218 -2.204352 17.321523 -0.712924 -0.678108 0.178631 -0.563045 0.705383 0.430598 -0.417995 0.206406 -0.884690
-0.043899 -5.001116 8.025587 14.016368 0.689556 0.711050 -0.137551 -0.625458 0.680424 0.381872 -0.365123 0.177290 -0.913922
-0.153375 -4.077544 1.108109 -19.168842 0.705883 0.687577 -0.170199 -0.551812 0.684449 0.476480 -0.444108 0.242421 -0.862554
-0.067460 -4.748094 -5.612513 1.973422 0.698475 0.693474 -0.176709 -0.567977 0.687410 0.452625 -0.435356 0.215781 -0.874016
0.228995 -20.660720 12.798423 -109.247365 -0.852675 -0.519288 0.057326 -0.519025 0.854512 0.020554 -0.059659 -0.012228 -0.998144
0.181981 -19.795029 -10.837267 -83.447282 0.867295 0.495634 -0.046330 -0.487549 0.826972 -0.280024 0.100476 -0.265452 -0.958874
0.274785 -23.457123 -23.478340 -99.114863 0.851248 0.521895 -0.054799 -0.524498 0.849491 -0.057159 -0.016721 -0.077398 -0.996860
0.090061 -21.148075 3.931564 -104.645162 0.853458 0.519826 -0.037280 -0.520843 0.853252 -0.026156 -0.018213 -0.041741 -0.998962
0.987608 -12.422319 49.746175 -178.206959 0.854294 0.506736 0.115756 -0.294616 0.655525 -0.695333 0.428232 -0.559916 -0.709304
2.476117 -9.542460 63.677355 -123.184899 0.893208 0.431797 0.125420 -0.215611 0.656081 -0.723236 0.394577 -0.618959 -0.679117
1.757339 -8.826110 44.488631 -7.489182 0.881805 0.459029 0.108225 -0.208324 0.584997 -0.783823 0.423109 -0.668633 -0.611480
0.648099 -8.321457 48.916933 -89.664819 0.851962 0.506009 0.134598 -0.223861 0.584388 -0.779985 0.473337 -0.634386 -0.611152
-0.029637 -10.746579 29.234604 -207.063522 0.836082 0.542635 0.080706 -0.335329 0.621918 -0.707653 0.434190 -0.564593 -0.701936
-0.393911 -17.174310 21.393774 -316.440478 0.838993 0.540972 0.058650 -0.428568 0.723360 -0.541368 0.335290 -0.429069 -0.838737
1.473810 -3.932286 9.425070 20.712526 0.785661 0.548780 -0.285618 -0.608244 0.600838 -0.518685 0.113034 -0.581235 -0.805847
1.508135 -4.018920 -0.320547 -2.830164 0.799391 0.524286 -0.293425 -0.578767 0.540897 -0.610294 0.161256 -0.657688 -0.735828
1.242529 -4.220574 11.299646 -10.201202 0.802414 0.541369 -0.251100 -0.560749 0.540025 -0.627641 0.204185 -0.644433 -0.736896
0.401859 -25.596181 -2.737002 228.988162 0.864296 0.451404 0.221870 0.359619 -0.246178 -0.900039 0.351662 -0.857689 0.375104
0.653229 -24.540920 -5.868467 -99.012512 0.870492 0.461423 0.171265 0.185493 0.014745 -0.982535 0.455890 -0.887058 0.072755
0.502039 -19.462844 -7.628487 56.105984 0.875493 0.432755 0.215025 0.262144 -0.051520 -0.963653 0.405947 -0.900038 0.158550
-1.038842 -2.566397 2.338178 39.612694 0.522743 0.751533 -0.402415 0.824007 -0.324436 0.464493 0.218524 -0.574403 -0.788865
-1.142071 -2.835278 -0.678447 33.595185 0.543376 0.722714 -0.427114 0.824417 -0.363416 0.433895 0.158362 -0.587888 -0.793290
-1.099875 -3.319208 -2.859972 27.518357 0.544927 0.734503 -0.404426 0.828632 -0.398022 0.393634 0.128155 -0.549622 -0.825525
-1.061376 -3.770195 6.979399 13.957611 0.525026 0.761770 -0.379544 0.846045 -0.418678 0.330026 0.092497 -0.494384 -0.864308
-0.893007 -3.177335 11.850427 25.684447 0.533169 0.761556 -0.368461 0.828024 -0.380416 0.411899 0.173515 -0.524706 -0.833412
-0.831849 -2.735286 25.040690 14.175237 -0.277950 -0.796018 0.537680 0.948290 -0.138071 0.285801 -0.153265 0.589315 0.793233
-0.502547 -2.264663 22.607302 2.597641 0.053257 -0.805034 0.590833 0.995689 0.087806 0.029890 -0.075941 0.586695 0.806240
-1.432861 -3.048458 27.724547 19.611342 -0.307617 -0.781589 0.542670 0.943774 -0.178050 0.278547 -0.121087 0.597844 0.792415
5.923054 -3.905539 84.254973 -41.738993 0.862843 0.497119 -0.091510 -0.433599 0.634879 -0.639469 0.259795 -0.591440 -0.763351
6.678847 -5.219863 -54.799705 -41.537881 0.893923 0.320898 -0.312931 -0.448181 0.630670 -0.633553 0.005949 -0.706597 -0.707591
6.240226 -5.091031 -11.185831 -35.111268 0.841423 0.415139 -0.345930 -0.528761 0.500497 -0.685504 0.111442 -0.759713 -0.640638
5.729606 -3.315957 112.892784 -7.613187 0.729818 0.668066 -0.145098 -0.573045 0.482073 -0.662740 0.372807 -0.566827 -0.734658
4.649451 -3.089598 142.364206 -44.772896 0.768144 0.639983 0.019391 -0.470202 0.584403 -0.661350 0.434585 -0.498894 -0.749827
-0.546974 -6.121773 -6.857941 -21.088405 0.843356 0.520549 -0.133341 -0.462554 0.829545 0.312888 0.273486 -0.202198 0.940384
-0.601815 -5.823169 -3.601951 -15.127691 0.850797 0.503831 -0.149329 -0.397983 0.803351 0.442985 0.343153 -0.317460 0.884005
-0.495224 -5.924916 3.601390 -14.778532 0.834269 0.528302 -0.157773 -0.446309 0.815096 0.369360 0.323734 -0.237730 0.915795
-0.348854 -6.004301 4.342011 -12.748722 0.816959 0.557217 -0.148618 -0.520574 0.823439 0.225724 0.248155 -0.107040 0.962788
0.076733 -10.853524 45.693113 -226.075553 0.585974 0.781428 -0.214486 0.446223 -0.532111 -0.719543 0.676402 -0.325925 0.660495
-0.669873 -10.889393 38.860569 -243.200678 0.596513 0.779668 -0.190497 0.463296 -0.528306 -0.711512 0.655384 -0.336170 0.676359
0.001518 -14.252907 46.557935 -216.005050 0.573592 0.803098 -0.161324 0.266612 -0.369255 -0.890264 0.774539 -0.467637 0.425917
0.288833 -20.984120 24.765197 -285.353552 0.584609 0.799192 -0.139730 0.017203 -0.184399 -0.982701 0.811133 -0.572092 0.121550
1.059919 -23.112791 58.351637 -499.166082 0.556503 0.808894 -0.189724 0.057327 -0.265190 -0.962491 0.828865 -0.524753 0.193950
-4.640166 -6.740980 -6.529422 2.700966 0.574493 0.707534 -0.411527 -0.125163 -0.420925 -0.898419 0.808883 -0.567643 0.153262
-4.449659 -6.591767 -13.231463 -7.486769 0.488743 0.830358 -0.267648 0.001338 -0.307498 -0.951548 0.872427 -0.464704 0.151398
-4.601658 -6.605979 -0.463928 -17.935857 0.609066 0.713366 -0.346623 0.045195 -0.467545 -0.882813 0.791831 -0.522026 0.317007
-5.896011 -7.253486 23.710403 41.426304 0.525226 0.286835 -0.801164 0.399861 0.747877 0.529898 0.751165 -0.598670 0.278110
-5.661522 -6.679041 39.955399 12.354155 0.601545 0.591505 -0.536904 -0.269062 -0.482811 -0.833366 0.752163 -0.645767 0.131281
-0.401258 -4.194515 50.573232 -4.031302 0.686200 0.526986 -0.501413 0.076097 0.633522 0.769973 0.723422 -0.566511 0.394621
0.607732 -4.221169 42.952244 -3.338642 0.694903 0.523592 -0.492911 0.056599 0.643502 0.763349 0.716872 -0.558352 0.417537
0.008842 -4.346098 51.013208 -11.083869 0.682356 0.532664 -0.500658 -0.004453 0.687893 0.725799 0.731006 -0.493024 0.471760
-0.038289 -4.115413 41.448779 -1.333574 0.691760 0.524608 -0.496241 0.143040 0.574032 0.806242 0.707819 -0.628708 0.322052
-1.072380 -4.195209 29.740215 -1.021224 0.709959 0.522400 -0.472288 0.107313 0.582551 0.805679 0.696019 -0.622682 0.357527
0.139165 -9.156624 -0.654761 -13.453479 -0.169183 0.787566 -0.592550 0.038186 -0.595528 -0.802427 0.984845 0.158384 -0.070680
-0.210952 -9.170795 -10.334215 -44.377939 -0.152335 0.733882 -0.661975 0.188724 -0.635868 -0.748368 0.970143 0.238933 0.041637
-0.217060 -8.562884 -9.618029 -57.498551 -0.157075 0.780516 -0.605080 0.258610 -0.558799 -0.787950 0.953126 0.280247 0.114076
-0.744254 -8.389252 -3.920077 -82.174068 -0.164616 0.717707 -0.676608 0.431865 -0.564276 -0.703622 0.886789 0.408031 0.217064
-0.821018 -7.006836 0.376109 -65.677372 -0.172119 0.757241 -0.630049 0.478793 -0.494653 -0.725311 0.860890 0.426503 0.277423
0.980441 -5.024608 88.904987 20.659798 -0.214071 0.663524 -0.716875 0.727754 0.597865 0.336051 -0.651573 0.449770 0.610868
1.090077 -4.955929 81.916485 7.658601 -0.167815 0.696008 -0.698148 0.654829 0.608082 0.448816 -0.736911 0.381850 0.557811
-1.011152 -5.232447 44.063804 21.789996 -0.067260 0.795757 -0.601869 0.781986 0.416691 0.463537 -0.619657 0.439476 0.650297
-0.941424 -4.831800 42.387758 17.659015 -0.105427 0.767058 -0.632856 0.826557 0.421428 0.373099 -0.552891 0.483757 0.678447
-0.783935 -6.908165 -1.768109 -32.252597 0.856072 0.399848 -0.327511 -0.333852 -0.055958 -0.940963 0.394569 -0.914872 -0.085586
-0.858103 -6.703346 -1.063978 10.061096 0.860239 0.399755 -0.316521 -0.280463 -0.147456 -0.948471 0.425829 -0.904684 0.014731
-0.830747 -6.887586 -2.405147 -26.574799 0.865641 0.383025 -0.322424 -0.324340 -0.061576 -0.943934 0.381404 -0.921683 -0.070927
-0.744084 -6.902074 -3.429189 1.258742 0.871271 0.357490 -0.336284 -0.333266 -0.072077 -0.940074 0.360305 -0.931131 -0.056341
-0.779234 -6.910067 2.902077 -64.541269 0.860005 0.372106 -0.349183 -0.376185 -0.000034 -0.926544 0.344784 -0.928190 -0.139952
-0.116860 -12.948213 8.624115 -13.395550 0.924519 0.318775 -0.208921 0.132325 -0.782515 -0.608408 0.357429 -0.534839 0.765632
-0.130524 -12.726413 -2.509647 32.400165 0.920431 0.353471 -0.166926 0.269969 -0.883632 -0.382505 0.282706 -0.307005 0.908749
-0.219006 -12.786346 8.018815 9.820008 0.915338 0.359183 -0.182054 0.269847 -0.882691 -0.384759 0.298896 -0.303058 0.904885
-0.219612 -13.013271 6.957734 -26.063334 0.907334 0.380604 -0.178563 -0.362662 0.923433 0.125488 0.212652 -0.049102 0.975893
-0.254292 -13.283281 8.542845 -41.334747 0.922660 0.325555 -0.206670 0.143823 -0.787805 -0.598897 0.357790 -0.522854 0.773699
-0.229548 -13.350702 -5.823752 4.528817 0.922665 0.347362 -0.167419 0.258675 -0.879560 -0.399327 0.285966 -0.325138 0.901393
-0.171043 -13.374277 4.592946 -41.046484 0.914354 0.364301 -0.176753 -0.339900 0.927783 0.153904 0.220056 -0.080644 0.972148
-0.347271 -9.421291 0.957995 12.689920 0.843064 0.234811 -0.483846 0.525894 -0.548279 0.650251 0.112596 0.802655 0.585720
-0.476027 -9.041305 12.346559 -45.381000 0.821013 0.246678 -0.514867 0.534562 -0.648803 0.541570 0.200454 0.719864 0.664541
-0.177486 -9.727477 2.135355 -14.450056 0.823001 0.257522 -0.506313 0.525861 -0.682456 0.507664 0.214802 0.684059 0.697083
-0.045450 -10.054672 -0.330800 19.680815 0.841535 0.243844 -0.482036 0.532235 -0.526951 0.662607 0.092436 0.814164 0.573230
0.388675 -11.780214 4.793259 -66.433625 -0.806556 -0.402429 0.433033 -0.484498 0.869709 -0.094169 -0.338716 -0.285756 -0.896446
0.359098 -13.172209 -19.945360 122.953332 0.850144 0.323336 -0.415583 -0.461353 0.837812 -0.291933 -0.253788 -0.439916 -0.861433
0.829226 -13.179075 -6.457976 112.875707 0.834660 0.382071 -0.396691 -0.478649 0.859510 -0.179271 -0.272466 -0.339506 -0.900277
0.313430 -9.696262 -16.663310 34.800688 0.813671 0.377290 -0.442258 -0.496883 0.846260 -0.192226 -0.301741 -0.376159 -0.876046
0.206971 -10.757537 12.308778 -128.098251 -0.769813 -0.431308 0.470491 -0.516303 0.854178 -0.061729 -0.375259 -0.290435 -0.880243
-1.784516 -8.596575 10.660509 8.486493 0.875048 0.326206 -0.357605 0.480880 -0.501642 0.719103 -0.055186 0.801215 0.595827
-1.786335 -8.410292 18.550655 13.323152 0.880408 0.339958 -0.330620 0.464542 -0.478168 0.745356 -0.095298 0.809804 0.578908
-1.696530 -8.334863 2.140165 -21.158982 0.864956 0.377547 -0.330620 0.501168 -0.615545 0.608223 -0.026121 0.691782 0.721634
-1.718764 -8.511291 14.243348 -23.595281 0.866711 0.327406 -0.376321 0.497122 -0.628985 0.597702 0.041009 0.705112 0.707909
-1.944540 -17.707769 4.337532 169.685809 0.580366 0.755872 -0.303038 0.058929 0.332164 0.941379 -0.812221 0.564202 -0.148234
-1.642493 -19.250565 6.192398 117.852324 0.578677 0.756300 -0.305195 -0.260074 0.525806 0.809870 -0.772978 0.389280 -0.500966
-1.775468 -17.543716 -18.035220 105.424125 0.518458 0.799314 -0.303806 -0.162061 0.440695 0.882907 -0.839606 0.408515 -0.358020
-1.427473 -17.691897 22.646906 79.907569 0.626762 0.710205 -0.320589 -0.079017 0.467236 0.880594 -0.775194 0.526592 -0.348964
-1.439819 -16.439570 25.737042 51.571685 0.639221 0.700565 -0.317184 0.193813 0.252378 0.948020 -0.744200 0.667469 -0.025546
1.098931 -4.668637 78.266398 6.472509 0.623633 0.638053 -0.451629 -0.322117 0.736161 0.595238 0.712265 -0.225733 0.664622
2.398917 -4.824518 35.648249 7.486978 0.688728 0.597245 -0.411038 -0.334126 0.764604 0.551126 0.643438 -0.242237 0.726160
1.639767 -4.479826 66.990373 2.827238 0.665510 0.580574 -0.469073 -0.375020 0.803467 0.462386 0.645334 -0.131811 0.752442
-0.048669 -4.254050 90.859821 6.316030 0.630404 0.608077 -0.482528 -0.379573 0.783685 0.491694 0.677138 -0.126811 0.724847
0.214857 -10.103258 14.507490 128.104991 0.402578 0.880854 -0.249053 0.911757 -0.410056 0.023506 -0.081421 -0.236539 -0.968205
-0.115810 -12.404549 14.495314 133.133396 0.419659 0.872529 -0.250157 0.890074 -0.449602 -0.075006 -0.177916 -0.191181 -0.965296
0.083591 -12.913041 8.150021 -160.557924 0.414061 0.871073 -0.264171 -0.866298 0.466200 0.179406 -0.279432 -0.154566 -0.947643
-3.458944 -264.028700 67.001655 9286.827462 -0.493687 -0.732843 0.468203 0.750585 -0.087170 0.654999 -0.439198 0.674790 0.593096
-2.023217 -61.363776 -32.649006 1483.757838 -0.606861 -0.720484 0.335592 0.792459 -0.580926 0.185834 0.061064 0.378719 0.923495
-1.463924 -54.305909 -44.901794 1155.439528 -0.661269 -0.678911 0.319066 0.744641 -0.542629 0.388670 -0.090738 0.494605 0.864369
-3.469574 -119.886040 36.436655 2964.678388 -0.507433 -0.710725 0.487219 0.741506 -0.072124 0.667059 -0.438955 0.699763 0.563605
3.807813 0.212869 -118.218011 -5.042673 0.571327 -0.344786 0.744787 0.729765 0.628649 -0.268782 -0.375537 0.697082 0.610777
3.814597 0.426334 -159.146718 -9.339115 0.533399 -0.322488 0.781976 0.748344 0.610849 -0.258543 -0.394292 0.723094 0.567158
1.038657 0.209583 -143.651269 -7.450979 0.436770 -0.374907 0.817726 0.802087 0.573873 -0.165310 -0.407295 0.728090 0.551359
-0.082406 -7.286916 -23.037170 3.242203 0.908593 0.232566 -0.346947 -0.402625 0.266639 -0.875669 0.111141 -0.935316 -0.335903
0.122308 -7.966368 -20.558700 15.655839 0.904473 0.249308 -0.346083 -0.407069 0.262251 -0.874940 0.127368 -0.932239 -0.338685
-0.061850 -7.637641 -18.262513 8.603370 0.902338 0.242528 -0.356323 -0.428969 0.424578 -0.797320 0.042086 -0.872304 -0.487150
-0.283710 -3.855909 10.831849 15.346732 0.774683 0.512649 -0.370213 -0.241146 0.780716 0.576482 0.584564 -0.357315 0.728430
-0.225802 -3.260259 11.690921 23.126821 0.769323 0.523908 -0.365598 -0.312034 0.807509 0.500564 0.557473 -0.271016 0.784712
-0.384452 -3.588314 6.777990 15.029238 0.785223 0.503971 -0.359776 -0.271771 0.802561 0.531071 0.556386 -0.319232 0.767154
-0.365928 -3.937755 1.651512 9.780286 0.795955 0.487548 -0.358823 -0.218530 0.784192 0.580764 0.564536 -0.383848 0.730725
-0.364121 -4.229678 4.444580 20.807865 0.790170 0.489919 -0.368254 -0.179054 0.759167 0.625784 0.586150 -0.428538 0.687592
16.962603 -53.058288 443.023824 2348.846477 -0.459356 -0.614171 -0.641706 0.180179 0.642990 -0.744379 0.869786 -0.457557 -0.184701
-33.447157 -287.294632 -1086.591754 -17995.504701 -0.312046 0.045114 -0.948995 0.940268 0.157758 -0.301676 0.136102 -0.986447 -0.091647
-148.864088 -3232.965703 -9415.066075 193493.355341 0.828075 -0.379745 0.412414 0.560153 0.590371 -0.581111 0.022803 -0.712219 -0.701587
16.056517 -5.400047 1016.904451 -106.405423 0.005333 -0.215263 -0.976542 0.718494 -0.678392 0.153464 -0.695513 -0.702457 0.151047
-21.859467 -50.614461 1135.598091 1508.365783 -0.853617 -0.017829 -0.520596 0.073660 0.985240 -0.154521 0.515667 -0.170249 -0.839704
-94.747538 -294.634802 3035.166835 -6756.569963 -0.536889 0.840264 -0.075550 -0.655616 -0.359189 0.664192 -0.530959 -0.406128 -0.743735
-0.955494 -52.344896 -50.593339 1481.893510 -0.414529 0.834405 0.363228 0.832748 0.508767 -0.218374 0.367010 -0.211955 0.905747
-2.177885 -25.793185 72.708653 372.870789 0.428750 -0.829771 -0.357287 0.903020 0.381814 0.196907 -0.026971 -0.407062 0.913002
-0.506809 -25.815638 53.012089 130.693841 0.416343 -0.841141 -0.345166 0.894790 0.311728 0.319650 -0.161273 -0.441935 0.882431
-6.409075 -8.909573 -2.304825 106.971226 0.979436 0.072925 0.188116 0.062967 0.775331 -0.628408 0.191679 -0.627331 -0.754795
-6.076895 -7.717686 48.108924 54.349242 0.825268 0.552029 -0.119154 -0.497792 0.611413 -0.615124 0.266714 -0.566956 -0.779375
-4.584072 -6.644007 1.438561 -48.590613 0.505219 0.809574 -0.298905 0.830168 -0.361306 0.424592 0.235743 -0.462654 -0.854621
-3.043776 -6.022727 -9.589234 20.472044 -0.310359 0.944379 0.108745 -0.721270 -0.159420 -0.674058 0.619230 0.287634 -0.730630
-3.194080 -6.340811 -7.665387 17.816014 -0.356583 0.929296 0.096219 -0.622682 -0.159617 -0.766022 0.696503 0.333064 -0.635572
-2.799937 -6.463624 -11.595092 15.764053 -0.322529 0.946239 0.024635 -0.602484 -0.185146 -0.776359 0.730060 0.265241 -0.629809
-3.380925 -6.630941 -16.083796 3.956517 -0.363164 0.928567 0.076654 -0.467599 -0.110481 -0.877009 0.805893 0.354342 -0.474319
-2.925684 -6.154065 -16.402906 13.545962 -0.300534 0.953770 0.001711 -0.720887 -0.225977 -0.655177 0.624501 0.198136 -0.755473
-2.733945 -6.538455 -9.889815 18.554475 -0.253716 0.967278 0.001511 -0.604767 -0.157411 -0.780691 0.754907 0.198988 -0.624915
-2.721231 -6.603104 -9.246269 3.315344 -0.294951 0.954847 0.035637 -0.468386 -0.111975 -0.876399 0.832837 0.275187 -0.480265
3.878945 -4.388756 49.502471 36.548565 0.912699 -0.230029 -0.337738 0.293103 -0.207377 0.933319 0.284730 0.950832 0.121851
4.354135 -5.529169 35.162944 -2.804302 0.848562 0.018739 -0.528764 0.501025 -0.349654 0.791654 0.170050 0.936692 0.306091
-0.358667 -6.715466 -2.813154 -15.793508 0.814505 0.492483 -0.306661 -0.563289 0.544784 -0.621222 0.138877 -0.678727 -0.721140
0.425286 -5.249824 -9.567357 -44.664962 0.673313 0.633806 -0.380709 -0.073419 0.569690 0.818574 -0.735703 0.523205 -0.430113
0.812903 -5.419061 12.001432 28.774800 -0.690666 -0.558785 0.459064 -0.117410 0.713011 0.691252 -0.713579 0.423526 -0.558060
0.702163 -5.689330 -9.298541 -50.189306 0.689851 0.624757 -0.365765 -0.089401 0.574885 0.813336 -0.718410 0.528381 -0.452439
0.824458 -5.225143 12.959106 -41.513505 -0.689506 -0.599462 0.406482 -0.102618 0.636415 0.764490 -0.716974 0.485408 -0.500327
1.082690 -10.208468 27.687340 29.833247 0.835182 0.301693 -0.459839 0.532025 -0.655059 0.536514 0.139359 0.692733 0.707602
1.093462 -10.885859 25.077900 -9.620317 0.841106 0.319556 -0.436376 0.540750 -0.479832 0.690906 -0.011396 0.817096 0.576390
0.346010 -4.272119 -7.158510 -26.641816 0.857118 0.473843 -0.202046 -0.178139 -0.095373 -0.979372 0.483338 -0.875430 -0.002664
0.271232 -5.320006 2.452377 -48.070528 0.825022 0.487837 -0.285227 -0.303928 -0.042467 -0.951748 0.476410 -0.871901 -0.113230
0.177273 -4.742780 -3.818153 -38.307850 0.840797 0.483793 -0.242910 -0.270744 -0.012767 -0.962567 0.468784 -0.875090 -0.120250
1.618752 -1.577258 52.235839 14.562192 0.688782 -0.605243 0.399076 -0.673146 -0.329541 0.662025 0.269174 0.724627 0.634399
2.888534 -1.284050 47.552971 -10.748990 0.629647 -0.593032 0.501855 0.746109 0.281590 -0.603348 0.216488 0.754334 0.619769
3.038146 -1.399128 6.412118 -15.104221 0.618759 -0.514653 0.593523 0.770623 0.250915 -0.585818 0.152569 0.819862 0.551859
-0.236698 -3.695082 -8.147181 -0.651672 -0.733310 -0.655205 0.181554 -0.464410 0.677738 0.570083 -0.496567 0.333732 -0.801276
-0.338045 -4.042064 -7.430575 23.869336 -0.753118 -0.626352 0.201240 -0.371083 0.657020 0.656218 -0.543242 0.419533 -0.727242
-0.211475 -3.940544 9.396790 0.415071 0.725672 0.668675 -0.162093 -0.488017 0.666291 0.563823 -0.485015 0.330046 -0.809833
-0.292906 -4.087111 4.205540 -31.640742 -0.718170 -0.666669 0.199458 -0.521202 0.705252 0.480592 -0.461064 0.241189 -0.853960
-2.005589 -17.958514 -9.377326 -80.790729 0.782242 0.601456 -0.162320 -0.561265 0.793478 0.235316 0.270330 -0.092969 0.958268
-1.641684 -19.372412 5.136208 -145.982950 0.776193 0.600798 -0.191224 0.627369 -0.766133 0.139459 0.062717 0.228215 0.971589
-1.936342 -18.875952 -10.939277 -65.376074 0.811800 0.566898 -0.140025 -0.552438 0.823295 0.130374 0.189191 -0.028483 0.981527
-0.269061 -5.193102 10.709326 56.228218 0.688849 0.711151 -0.140542 -0.627862 0.682215 0.374662 -0.362321 0.169844 -0.916448
-0.222358 -5.183458 24.780139 43.606020 0.705154 0.701567 -0.102766 -0.641642 0.693055 0.328589 -0.301750 0.165767 -0.938865
0.320348 -21.569984 -19.634005 -200.943220 0.876229 0.480169 -0.040761 -0.442535 0.768294 -0.462479 0.190752 -0.423275 -0.885693
-0.181512 -19.221856 -9.390567 -129.964923 0.870766 0.489373 -0.047748 -0.468023 0.795154 -0.385596 0.150734 -0.358111 -0.921431
0.134340 -16.978603 -14.800041 -103.356875 0.886891 0.461443 -0.022248 -0.386147 0.714014 -0.584016 0.253605 -0.526549 -0.811437
-2.254409 -67.213304 36.510330 -493.689782 0.915364 0.340966 -0.214128 0.402612 -0.770515 0.494177 -0.003508 0.538562 0.842578
-2.320991 -83.503614 24.273394 -2216.544552 0.898046 0.403264 -0.175757 0.390953 -0.548490 0.739131 -0.201664 0.732487 0.650227
-2.122954 -117.722096 26.664969 -4150.735024 0.900535 0.396216 -0.179023 -0.411904 0.909278 -0.059568 0.139180 0.127384 0.982040
-1.100394 -1.851374 -3.728656 39.957842 0.394292 0.773427 -0.496331 0.886443 -0.177637 0.427392 0.242390 -0.608486 -0.755640
-1.211580 -2.156141 1.926828 30.790788 0.512568 0.725419 -0.459392 0.833054 -0.290481 0.470789 0.208074 -0.624010 -0.753204
-1.022359 -2.663558 26.305478 12.479034 -0.009006 -0.800958 0.598653 0.999408 0.012677 0.031996 -0.033217 0.598587 0.800369
0.250959 -2.092956 37.013800 -4.350883 0.314498 -0.759473 0.569467 0.949143 0.260954 -0.176158 -0.014818 0.595907 0.802917
0.885744 -1.563823 40.289197 -13.505997 0.398816 -0.724256 0.562494 0.914979 0.355281 -0.191282 -0.061306 0.590957 0.804371
-0.235824 -3.423674 10.673637 16.838111 0.820938 0.501562 -0.272941 -0.030828 0.516223 0.855899 -0.570185 0.694226 -0.439249
-0.390146 -3.341683 12.713621 17.767205 0.819555 0.503473 -0.273576 -0.013467 0.494237 0.869223 -0.572842 0.708692 -0.411835
-0.161849 -2.744844 16.127060 21.526323 0.825394 0.504389 -0.253607 0.019746 0.423146 0.905846 -0.564212 0.752688 -0.339303
-0.468831 -3.810690 13.541485 8.436252 0.818599 0.497951 -0.286253 -0.063632 0.573937 0.816424 -0.570830 0.650109 -0.501509
-0.342912 -3.959296 10.008367 14.422573 0.818584 0.494616 -0.292020 -0.083518 0.605494 0.791455 -0.568283 0.623484 -0.536957
-0.365754 -7.786523 14.694089 114.626129 0.670560 0.682423 -0.290945 -0.469756 0.694134 0.545442 0.574177 -0.229078 0.786031
-0.912034 -9.292034 7.836215 -214.937214 0.658424 0.727294 -0.193705 0.432023 -0.575951 -0.694000 0.616307 -0.373261 0.693428
-0.029582 -8.341656 46.581000 -191.751743 0.610817 0.753615 -0.242831 0.523012 -0.614294 -0.590848 0.594441 -0.233896 0.769371
1.791631 -8.454940 -6.474706 29.662141 0.532833 0.644243 0.548671 0.834879 -0.506015 -0.216622 0.138079 0.573497 -0.807487
1.273726 -7.588537 -20.381090 -43.582826 0.498820 0.664914 0.555939 0.838032 -0.533647 -0.113677 0.221090 0.522599 -0.823413
1.700816 -6.976046 -8.047263 59.277271 0.563463 0.576715 0.591530 0.796467 -0.569394 -0.203543 0.219428 0.585824 -0.780168
1.762831 -6.086737 -0.086503 39.433736 0.536530 0.545759 0.643648 0.784331 -0.603939 -0.141712 0.311383 0.580866 -0.752087
0.533018 -10.690807 28.243469 251.008814 0.397545 0.603245 0.691414 0.877415 -0.470421 -0.094057 0.268516 0.644049 -0.716310
0.692628 -11.308433 2.786456 188.706956 0.427484 0.633102 0.645321 0.897945 -0.379999 -0.222028 0.104654 0.674376 -0.730934
-4.904595 -6.788869 -8.472842 12.276734 0.561413 0.739002 -0.372413 -0.218160 -0.301939 -0.928030 0.798262 -0.602253 0.008292
-4.907628 -6.965312 -14.298520 -5.821521 0.450844 0.866030 -0.216177 -0.123631 -0.179267 -0.976001 0.884000 -0.466750 -0.026246
-4.851239 -6.750908 6.572701 -20.443335 0.338185 0.936917 -0.088418 0.024596 -0.102721 -0.994406 0.940758 -0.334119 0.057783
-4.463414 -6.188742 7.577745 -21.859060 0.341625 0.934548 -0.099560 0.169686 -0.165525 -0.971498 0.924391 -0.314994 0.215127
10.475769 -9.813217 -111.841977 -41.842668 0.745745 0.133888 -0.652639 0.088487 0.951015 0.296210 0.660329 -0.278647 0.697368
8.586184 -8.337467 -9.917938 -57.573107 0.796956 0.060074 -0.601043 0.223738 0.894907 0.386112 0.561073 -0.442190 0.699761
8.311339 -9.351059 -63.146433 -7.180521 0.804062 0.132212 -0.579659 0.022243 0.967589 0.251547 0.594130 -0.215153 0.775061
6.615416 -8.107689 -34.244120 -15.566120 0.877249 0.092444 -0.471049 0.016851 0.974747 0.222676 0.479739 -0.203280 0.853538
-1.704769 -4.494453 40.758491 -14.566521 0.708292 0.544050 -0.449813 -0.067572 0.686528 0.723956 0.702678 -0.482378 0.523025
-0.868830 -4.527862 63.155561 -13.154056 0.678328 0.536470 -0.502067 -0.060150 0.721559 0.689735 0.732293 -0.437667 0.521723
-1.636353 -4.739194 46.628457 -12.281388 0.699118 0.555720 -0.449900 -0.158172 0.733839 0.660653 0.697292 -0.390713 0.600939
-1.952400 -4.666032 -10.341886 -13.119142 0.745807 0.568096 -0.347907 -0.179477 0.674299 0.716316 0.641529 -0.471793 0.604857
-1.896106 -4.390730 11.308215 -12.141833 0.741768 0.553427 -0.378812 -0.076602 0.631056 0.771946 0.666268 -0.543587 0.510491
-12.095647 -16.596875 -236.671256 -357.256746 0.705110 0.691966 0.154932 -0.439187 0.254626 0.861557 -0.556718 0.675536 -0.483442
-2.420173 -16.562716 7.597631 -333.457776 0.764275 0.629526 -0.139930 -0.103421 0.333821 0.936946 -0.636544 0.701612 -0.320237
-8.923413 -19.744328 -206.952896 -307.671202 0.789800 0.613051 -0.019609 -0.052038 0.098828 0.993743 -0.611153 0.783838 -0.109956
-2.055928 -18.385725 2.027105 -46.264835 0.739394 0.654747 -0.156851 0.199512 0.009427 0.979850 -0.643033 0.755789 0.123660
-10.485367 -24.317371 -120.670443 -434.988444 0.771981 0.623536 0.123482 -0.276311 0.154233 0.948612 -0.572449 0.766430 -0.291354
-4.582850 -20.120481 -42.509079 -23.769802 0.795020 0.593044 -0.127441 0.251952 -0.131736 0.958731 -0.551781 0.794320 0.254152
-1.566247 -20.038351 33.287488 87.060365 0.773572 0.617014 -0.144502 0.303080 -0.159969 0.939443 -0.556533 0.770522 0.310752
4.305530 -4.813599 -136.271791 4.782810 0.307378 -0.546714 0.778860 0.581670 0.755719 0.300914 -0.753113 0.360545 0.550299
5.213505 -4.235398 -165.198210 -29.314856 0.223237 -0.571572 0.789602 0.482822 0.768530 0.419815 -0.846787 0.287519 0.447532
1.695829 -8.651864 -7.358913 40.683939 0.812370 0.518404 -0.267044 0.580503 -0.762441 0.285833 0.055429 0.387222 0.920319
1.831058 -8.795137 -10.261854 0.025771 0.803263 0.513625 -0.301594 0.595376 -0.707020 0.381641 0.017212 0.486120 0.873723
1.911356 -8.744797 -12.696131 63.959361 0.813250 0.506083 -0.287234 0.563057 -0.808993 0.168812 0.146937 0.299016 0.942867
1.611314 -8.044962 -8.320398 62.939937 0.817939 0.516282 -0.253828 0.550522 -0.830505 0.084774 0.167038 0.209078 0.963527
1.416345 -8.293061 -9.540285 46.936834 0.816645 0.535085 -0.216277 0.572374 -0.798945 0.184594 0.074020 0.274539 0.958723
1.437249 -8.610832 -6.997314 2.739179 0.814283 0.534885 -0.225480 0.577832 -0.709954 0.402586 -0.055257 0.458108 0.887177
0.057258 -12.504401 -4.945648 -18.363132 0.923771 0.315141 -0.217563 0.132932 -0.796692 -0.589586 0.359133 -0.515721 0.777853
-0.025105 -11.388144 -0.796244 6.532378 0.919601 0.341660 -0.193916 0.230674 -0.869156 -0.437444 0.318000 -0.357542 0.878089
-0.099954 -13.123209 -6.082348 -31.203117 0.908358 0.387029 -0.158409 -0.378261 0.921931 0.083436 0.178334 -0.015870 0.983842
-0.482804 -8.982004 16.216610 3.779362 0.844189 0.228330 -0.484984 0.524732 -0.536890 0.660609 0.109546 0.812166 0.573049
-0.824739 -8.476487 17.763745 -27.183533 0.839160 0.246395 -0.484872 0.527357 -0.586714 0.614541 0.133061 0.771399 0.622285
0.531101 -6.171986 7.203305 1.703856 0.759222 0.576945 -0.301193 0.341978 0.040105 0.938852 -0.553745 0.815798 0.166854
0.214959 -6.161309 7.834979 -3.832769 0.756272 0.558290 -0.341123 0.274962 0.201895 0.940018 -0.593674 0.804705 0.000821
0.298945 -6.131426 17.441386 0.810091 0.768640 0.546440 -0.332559 0.349289 0.077009 0.933845 -0.535901 0.833950 0.131673
0.442441 -6.197435 21.406820 1.509329 0.775718 0.544449 -0.319119 0.415255 -0.059584 0.907752 -0.475210 0.836675 0.272306
0.295965 -12.492978 -17.123493 188.172563 0.863468 0.290308 -0.412486 -0.449525 0.813846 -0.368216 -0.228804 -0.503365 -0.833230
-1.716910 -7.905747 -5.091334 -0.725302 0.858670 0.402882 -0.316814 0.498248 -0.511268 0.700253 -0.120142 0.759139 0.639745
-1.600105 -8.139239 -0.621783 22.882370 0.873667 0.379500 -0.304445 0.447778 -0.382491 0.808205 -0.190266 0.842425 0.504102
-1.562669 -7.934063 -15.629766 10.541029 0.851704 0.446951 -0.273561 0.483106 -0.467483 0.740316 -0.203000 0.762689 0.614082
-1.586514 -8.125683 -17.813176 -19.595133 0.856697 0.433189 -0.280033 0.505951 -0.600001 0.619687 -0.100422 0.672567 0.733191
2.193986 -10.293451 26.802614 167.690095 0.526984 0.781166 -0.334766 0.844277 -0.436049 0.311542 0.097391 -0.446813 -0.889311
2.719588 -11.543053 14.079048 220.984275 0.596988 0.704750 -0.383318 0.799558 -0.483559 0.356200 0.065675 -0.519132 -0.852167
3.148293 -8.852726 32.358881 30.388982 0.514753 0.777913 -0.360391 0.839343 -0.371587 0.396770 0.174736 -0.506730 -0.844211
1.457771 -13.899098 12.770874 246.274461 0.578915 0.731698 -0.359827 0.808927 -0.570824 0.140705 -0.102444 -0.372530 -0.922349
2.398874 -7.993199 55.839670 -15.168429 0.437542 0.849165 -0.295762 0.877249 -0.330881 0.347781 0.197461 -0.411626 -0.889704
1.530985 -9.274566 29.354412 138.160433 0.461499 0.835492 -0.298283 0.879837 -0.387995 0.274496 0.113607 -0.389119 -0.914155
0.843166 -13.515906 10.381879 285.036619 0.517346 0.798770 -0.307114 0.853589 -0.507293 0.118491 -0.061150 -0.323450 -0.944267
2.243431 -4.872337 50.238022 10.013433 0.649550 0.637635 -0.414133 -0.268314 0.701877 0.659831 0.711402 -0.317475 0.626990
2.694874 -4.959407 -12.719789 7.277108 0.728465 0.587876 -0.351768 -0.286081 0.727590 0.623515 0.622493 -0.353575 0.698203
2.510821 -4.967914 -24.999230 3.594702 0.754028 0.561471 -0.340871 -0.351430 0.783279 0.512807 0.554923 -0.266878 0.787932
-0.098370 -16.624551 14.419124 -193.673221 0.431138 0.864159 -0.259518 -0.784679 0.501085 0.364955 -0.445419 -0.046293 -0.894125
-1.236167 -25.940169 39.141581 -587.301446 0.664324 0.678583 -0.313367 -0.608553 0.734471 0.300360 0.433978 -0.008836 0.900880
11.092121 -299.741890 -173.648982 10400.921527 0.372014 0.887142 -0.273102 0.896938 -0.419310 -0.140294 0.238975 0.192764 0.951700
0.556704 -7.610538 -11.033690 19.847270 0.903575 0.278360 -0.325682 -0.389848 0.218931 -0.894476 0.177684 -0.935192 -0.306339
0.316374 -8.088315 -10.794269 15.974768 0.908454 0.277812 -0.312300 -0.336622 0.043350 -0.940641 0.247783 -0.959657 -0.132899
0.947625 -8.292073 -10.949482 7.933450 0.906958 0.297601 -0.298096 -0.361118 0.185030 -0.913979 0.216844 -0.936588 -0.275283
-0.491649 -3.254342 5.517863 24.090099 0.776723 0.537934 -0.327610 -0.353660 0.802899 0.479872 0.521178 -0.256865 0.813876
-0.212837 -2.875243 10.901360 25.716861 0.759165 0.552949 -0.343387 -0.378519 0.804227 0.458194 0.529520 -0.217867 0.819843
-183.128028 -763.649351 -6248.892003 -47410.802256 -0.101082 -0.717484 -0.689202 0.936230 0.165735 -0.309848 0.336536 -0.676571 0.654977
3.264678 -7.314852 30.366145 -97.001583 0.214677 0.974601 -0.063774 0.622152 -0.186792 -0.760287 0.752888 -0.123539 0.646450
1.809205 -6.453985 20.213473 -56.910593 0.278653 0.960378 -0.005238 0.690398 -0.204104 -0.694041 0.667610 -0.189780 0.719917
1.447641 -8.214869 5.411364 55.630843 0.034247 0.994577 0.098203 0.720263 0.043559 -0.692332 0.692855 -0.094443 0.714866
4.102050 -8.095378 31.538002 -97.238379 0.323855 0.944209 -0.059893 0.559519 -0.242188 -0.792643 0.762926 -0.223190 0.606737
1.472151 -10.411888 12.618119 115.853957 -0.029739 0.993126 0.113208 0.692111 0.102175 -0.714523 0.721178 -0.057103 0.690392
4.456981 -10.481175 50.199883 -151.115894 0.232740 0.972157 -0.027254 0.431137 -0.128255 -0.893125 0.871753 -0.196116 0.448983
-0.197300 -15.871613 -52.410388 29.146996 0.728309 0.140593 -0.670671 -0.682743 0.232499 -0.692680 -0.058545 -0.962381 -0.265320
0.699563 -15.909230 -46.277715 88.707169 0.734666 0.129417 -0.665971 -0.643881 0.442267 -0.624353 -0.213735 -0.887497 -0.408247
-0.387928 -15.485279 -57.094641 63.439753 0.729823 0.138419 -0.669476 -0.653328 0.429569 -0.623404 -0.201295 -0.892362 -0.403943
-1.304672 -15.807663 -33.875663 22.321994 0.723308 0.187236 -0.664656 -0.689496 0.248353 -0.680379 -0.037678 -0.950402 -0.308734
-3.027842 -8.291233 -97.515630 57.997689 0.974698 0.161336 -0.154705 -0.223524 0.704507 -0.673578 -0.000318 -0.691116 -0.722744
-1.997509 -8.641712 -121.747700 170.905256 0.958687 0.145090 -0.244682 -0.254501 0.821724 -0.509900 -0.127080 -0.551106 -0.824702
-3.928674 -6.160762 -34.141735 14.154524 -0.335459 0.928745 0.157798 -0.716513 -0.142790 -0.682804 0.611618 0.342117 -0.713358
2.904322 -3.562881 -29.051611 8.023528 0.536294 0.660158 -0.525909 0.841332 -0.368330 0.395592 0.067445 -0.654618 -0.752946
2.237763 -3.945652 -57.548557 14.450763 0.528836 0.618746 -0.580936 0.848438 -0.367645 0.380776 0.022025 -0.694256 -0.719391
2.395163 -3.336743 -36.781587 9.480046 0.480085 0.667065 -0.569686 0.869498 -0.275868 0.409719 0.116151 -0.692041 -0.712452
2.940240 -3.790315 -15.639492 16.542007 0.563772 0.662009 -0.493868 0.825346 -0.429068 0.367022 0.031069 -0.614528 -0.788283
2.611634 -3.255937 4.186392 12.750930 0.521436 0.704668 -0.481194 0.844699 -0.346458 0.407982 0.120778 -0.619201 -0.775889
2.003464 -3.390223 34.467085 24.460607 0.904932 -0.372273 -0.206181 0.138834 -0.199728 0.969966 0.402272 0.906378 0.129056
0.318896 -4.720109 18.275442 -2.087027 0.809729 0.528378 -0.255256 -0.072883 -0.341068 -0.937209 0.582260 -0.777489 0.237663
-0.113507 -5.010311 17.916300 -0.248914 0.800444 0.523095 -0.292679 -0.079827 -0.390903 -0.916964 0.594068 -0.757342 0.271139
-0.026662 -5.210091 8.985113 -22.459556 0.808140 0.497142 -0.315847 -0.185999 -0.293402 -0.937720 0.558851 -0.816557 0.144642
0.159311 -5.056231 9.866223 -27.280535 0.805268 0.507285 -0.306929 -0.180922 -0.282739 -0.941980 0.564633 -0.814076 0.135902
0.301544 -4.913544 13.923015 -23.213759 0.804883 0.520314 -0.285371 -0.174588 -0.251979 -0.951854 0.567170 -0.815953 0.111973
0.561914 -4.524843 12.280584 -7.318441 0.821394 0.526581 -0.219147 -0.071232 -0.286508 -0.955426 0.565896 -0.800391 0.197827
2.149414 -1.252090 57.321162 -8.424157 0.662721 -0.618068 0.422839 0.707005 0.330255 -0.625361 0.246871 0.713389 0.655844
0.710042 -1.533140 50.537752 11.192203 0.743180 -0.588439 0.318469 -0.609885 -0.400008 0.684130 0.275178 0.702661 0.656159
-0.155332 -2.049411 33.863526 22.167983 0.841909 -0.504114 0.192504 -0.450316 -0.459790 0.765381 0.297327 0.731069 0.614112
-0.233545 -4.241195 2.476533 9.270309 -0.742329 -0.637273 0.206957 -0.376362 0.652124 0.658092 -0.554346 0.410630 -0.723936
-0.231075 -4.025735 -1.007706 -2.794959 0.742942 0.638650 -0.200406 -0.358844 0.632764 0.686179 -0.565038 0.437877 -0.699283
17.955164 -16.544516 655.796705 -185.157957 0.904615 0.419296 -0.076566 -0.132091 0.104992 -0.985662 0.405245 -0.901758 -0.150362
9.153096 -17.660513 240.190515 242.151645 0.940880 0.295071 -0.166369 -0.307832 0.539827 -0.783471 0.141369 -0.788365 -0.598745
29.238931 -8.872141 1035.562712 123.185276 0.977750 0.002216 0.209764 0.184230 0.469153 -0.863687 0.100326 -0.883114 -0.458306
