17452
34886
-3.538987 -4.615327 -20.714865 -45.657886 0.709615 -0.427477 0.560098 -0.597022 0.057358 0.800172 0.374181 0.902205 0.214511
-4.365923 -5.747365 -37.287745 -31.277852 0.797824 -0.395650 0.454905 -0.547359 -0.159041 0.821647 0.252736 0.904526 0.343449
-4.181088 -7.020751 11.309999 -119.057756 0.937527 -0.308642 -0.160571 0.054642 -0.325175 0.944074 0.343595 0.893869 0.287996
-3.086884 -5.254332 -7.685104 26.678050 0.574056 -0.375130 0.727831 0.776240 -0.033577 -0.629543 0.260598 0.926364 0.271916
-2.513763 -5.940597 46.566814 -133.048653 0.888098 -0.449856 -0.094399 0.003601 -0.198554 0.980083 0.459639 0.870750 0.174715
-2.710313 -3.457015 -0.092805 -51.476604 0.803713 -0.478172 0.354114 -0.369423 0.065530 0.926948 0.466446 0.875818 0.123980
-2.356042 -3.903277 -5.629549 43.464510 0.397582 -0.320106 0.859919 0.814107 -0.309253 -0.491521 0.423271 0.895486 0.137647
-2.758227 -4.666514 -3.972629 35.429779 0.441216 -0.309775 0.842240 0.843835 -0.176189 -0.506854 0.305404 0.934343 0.183661
5.141763 -7.043197 30.884089 9.902372 0.726687 -0.642642 -0.242770 0.678182 0.614764 0.402659 0.109519 0.457249 -0.882569
4.967838 -7.322826 -35.835540 24.125018 -0.677158 0.662841 0.319527 0.714852 0.489623 0.499256 0.174479 0.566490 -0.805386
5.941925 -8.030572 -9.738349 -3.569354 -0.699666 0.575658 0.423184 0.708740 0.634073 0.309256 -0.090304 0.516303 -0.851631
-4.369810 -4.981226 26.575016 -1.560444 0.773128 -0.495891 -0.395429 0.592211 0.787612 0.170157 -0.227065 0.365731 -0.902597
-4.619875 -5.068064 -33.801070 -4.567918 -0.730054 0.524402 0.438206 0.589914 0.807293 0.016711 -0.344998 0.270704 -0.898719
-4.970678 -5.038207 -62.316184 4.558753 -0.525436 0.704249 0.477442 0.798761 0.601590 -0.008318 -0.293082 0.376991 -0.878624
-5.011931 -5.299612 -32.525092 -43.988929 0.115326 0.963857 0.240166 -0.890387 -0.006875 0.455151 -0.440352 0.266331 -0.857413
-4.613005 -4.885249 33.809019 6.225103 0.704554 -0.556000 -0.440985 0.691419 0.677776 0.250119 -0.159823 0.481127 -0.861959
0.260813 -2.024007 -8.014877 13.972870 0.962197 -0.221383 -0.158638 0.070166 -0.361314 0.929801 0.263160 0.905783 0.332121
0.168866 -1.862140 -6.640264 -13.105789 0.951516 -0.201767 -0.232179 0.165897 -0.299005 0.939720 0.259027 0.932677 0.251036
0.138368 -2.004375 4.534013 4.021710 0.954280 -0.218216 -0.204282 0.121496 -0.341254 0.932086 0.273108 0.914291 0.299140
0.273806 -1.841861 0.300916 18.291012 0.960341 -0.237078 -0.146763 0.042892 -0.394483 0.917902 0.275509 0.887794 0.368669
-1.846128 -3.855409 -36.237702 10.266827 0.752456 -0.640965 -0.151572 0.594722 0.562299 0.574566 0.283048 0.522479 -0.804301
-1.897354 -3.736646 -32.958241 18.880419 0.728083 -0.668383 -0.152180 0.588721 0.495978 0.638289 0.351144 0.554319 -0.754605
-1.915332 -4.039387 12.731910 11.690008 0.762656 -0.646229 -0.027267 0.544527 0.618738 0.566263 0.349064 0.446712 -0.823774
-2.037359 -4.068703 -27.013759 6.398191 0.791707 -0.602773 -0.099324 0.567007 0.664527 0.486731 0.227385 0.441665 -0.867887
-0.688773 -3.674307 17.767104 -12.735979 0.865443 0.385388 0.320132 0.190998 0.336931 -0.921953 0.463172 -0.859042 -0.217987
-0.637489 -3.823816 34.850022 6.778624 0.828116 0.398952 0.393779 0.203112 0.441188 -0.874127 0.522465 -0.803860 -0.284323
0.165107 -3.645920 32.951377 -12.533663 0.819867 0.380151 0.428139 0.300073 0.351551 -0.886774 0.487621 -0.855510 -0.174152
-0.387408 -4.144456 37.090938 2.159837 0.790572 0.363426 0.492866 0.259557 0.530109 -0.807227 0.554640 -0.766098 -0.324759
1.143514 -3.989789 21.268544 -9.581587 0.779674 0.277110 0.561533 0.452650 0.370229 -0.811196 0.432686 -0.886646 -0.163224
1.097291 -3.634403 27.311946 -44.108099 0.808183 0.315654 0.497194 0.439485 0.238735 -0.865944 0.392036 -0.918351 -0.054216
0.474601 -4.314963 30.321385 3.538241 0.778860 0.309401 0.545571 0.343495 0.517382 -0.783790 0.524774 -0.797864 -0.296691
0.967276 -2.757493 41.925414 -35.008262 0.865320 0.419503 0.274295 0.230812 0.152260 -0.961011 0.444912 -0.894893 -0.034927
-1.066752 -6.331484 6.993478 -50.774283 0.814646 -0.250171 0.523227 -0.569687 -0.176138 0.802765 0.108668 0.952045 0.286009
-1.077099 -6.480118 1.896713 -57.748346 0.806265 -0.223901 0.547545 -0.582988 -0.143791 0.799656 0.100312 0.963946 0.246465
-1.017385 -6.281428 11.864604 1.684605 0.826916 -0.232748 0.511897 -0.561750 -0.383088 0.733267 -0.025435 0.893908 0.447528
0.049015 -7.148771 -16.018345 -17.270049 0.768663 -0.309778 0.559639 -0.636150 -0.278757 0.719450 0.066866 0.909028 0.411336
-0.197379 -6.575176 -35.188524 -1.598267 0.748032 -0.306005 0.588905 -0.645734 -0.130729 0.752288 0.153217 0.943012 0.295387
0.253383 -6.592123 -0.974307 -3.300949 0.740957 -0.349833 0.573235 -0.640794 -0.112936 0.759360 0.200910 0.929980 0.307852
-0.040705 -6.199377 -25.903348 -14.503543 0.749078 -0.325019 0.577274 -0.586841 0.078802 0.805859 0.307410 0.942419 0.131706
0.268606 -6.924069 -2.570475 -8.679836 0.767138 -0.327829 0.551387 -0.639802 -0.328853 0.694629 0.046394 0.885655 0.462021
0.345869 -6.263917 -0.061393 -7.860367 0.740130 -0.363452 0.565783 -0.567849 0.112893 0.815354 0.360215 0.924748 0.122831
0.507652 -6.562659 3.331643 3.184693 0.737462 -0.358427 0.572434 -0.620542 -0.025019 0.783774 0.266604 0.933222 0.240870
0.460122 -6.507845 3.940456 6.221116 0.743643 -0.350932 0.569071 -0.650793 -0.184939 0.736388 0.153179 0.917957 0.365912
-0.718313 -6.794846 -17.213507 -40.171264 -0.552205 0.831707 0.057728 -0.374626 -0.185679 -0.908394 0.744799 0.523246 -0.414112
-0.915132 -6.390194 -6.793235 -19.904769 -0.561824 0.821411 0.098173 -0.350487 -0.128852 -0.927662 0.749342 0.555591 -0.360286
-0.727130 -6.050923 -17.973775 -25.079317 -0.537475 0.840444 0.069102 -0.273650 -0.096319 -0.956994 0.797644 0.533270 -0.281757
-0.498874 -6.688214 -8.694460 -35.491255 -0.547509 0.835500 0.046624 -0.342685 -0.173037 -0.923377 0.763414 0.521535 -0.381053
-0.443056 -5.848125 3.385292 -29.308821 -0.558520 0.826450 0.070965 -0.211396 -0.059090 -0.975613 0.802102 0.559901 -0.207711
-0.547395 -5.584404 -17.228887 -19.458419 -0.531122 0.843684 0.078152 -0.103526 0.026928 -0.994262 0.840947 0.536165 -0.073042
-0.767149 -5.573134 -17.032084 -16.071796 -0.540961 0.833948 0.109051 -0.188500 0.006144 -0.982054 0.819652 0.551809 -0.153876
-1.104075 -8.562209 -8.347284 -26.580954 0.675839 -0.722562 -0.145413 -0.598903 -0.423378 -0.679754 -0.429600 -0.546493 0.718881
-0.987394 -7.310713 -14.976837 90.412601 0.672215 -0.729002 -0.129160 0.679928 0.538849 0.497333 -0.292959 -0.422135 0.857891
-1.038669 -8.254739 -13.931742 56.614912 0.641485 -0.755843 -0.131143 0.645183 0.439083 0.625256 -0.415013 -0.485704 0.769322
0.885720 -1.453119 -10.415494 15.322161 -0.613051 -0.301468 0.730264 -0.201626 0.953427 0.224330 -0.763882 -0.009715 -0.645283
1.412194 -1.800507 -5.853904 -1.372760 -0.600219 -0.295520 0.743240 -0.246970 0.952309 0.179202 -0.760752 -0.075997 -0.644578
1.158281 -1.715526 -23.870242 0.713539 -0.622237 -0.378695 0.685137 -0.284513 0.924755 0.252746 -0.729297 -0.037663 -0.683160
0.343635 -0.544926 -5.729523 31.716440 -0.551185 -0.576577 0.603120 -0.352412 0.816066 0.458086 -0.756308 0.039943 -0.652995
0.577346 -0.626554 -20.612690 28.255319 -0.631481 -0.075769 0.771681 -0.025080 0.996689 0.077338 -0.774986 0.029483 -0.631290
0.584402 -1.423263 -12.650252 12.803557 -0.580272 -0.516436 0.629744 -0.341073 0.856264 0.387920 -0.739563 0.010311 -0.673008
0.191589 -4.128679 -10.677517 -18.487435 0.550299 -0.814333 -0.184479 0.827821 0.503260 0.247875 -0.109012 -0.289121 0.951065
0.169477 -4.619393 -14.685991 53.024610 0.501077 -0.846161 -0.181476 0.852069 0.445718 0.274435 -0.151329 -0.292143 0.944326
0.023211 -4.250969 -6.837759 28.652347 0.520994 -0.833843 -0.182404 0.845766 0.475500 0.242031 -0.115083 -0.280367 0.952969
-0.056247 -5.608058 -12.497906 79.512294 0.506502 -0.843859 -0.177081 0.836453 0.431031 0.338463 -0.209288 -0.319552 0.924167
0.085635 -4.566339 -5.439212 -46.980075 0.575613 -0.797935 -0.178802 0.812842 0.534478 0.231565 -0.089208 -0.278629 0.956247
-0.208993 -5.571947 1.140782 79.782874 0.536453 -0.824225 -0.181305 0.824814 0.466593 0.319332 -0.178606 -0.320849 0.930137
-0.607067 -6.009105 2.550856 -19.902720 0.773682 0.087969 0.627437 0.579334 0.302685 -0.756805 0.256491 -0.949022 -0.183218
-0.462340 -5.782919 3.934540 -13.651341 0.776636 0.090484 0.623417 0.604594 0.170876 -0.777989 0.176923 -0.981129 -0.078002
-0.481273 -5.841888 -9.757467 -16.140569 0.782039 0.065685 0.619758 0.585421 0.263669 -0.766656 0.213769 -0.962374 -0.167746
-0.355815 -6.137424 13.583590 -15.456554 0.762628 0.100645 0.638959 0.590228 0.295856 -0.751066 0.264631 -0.949916 -0.166225
-3.513043 -28.025764 4.474107 -630.906136 -0.527880 0.803987 0.273765 0.725824 0.259658 0.636991 0.441048 0.534960 -0.720621
0.822482 -15.306620 -3.084223 -285.832255 0.806385 -0.591351 0.006942 0.462375 0.637741 0.616033 0.368719 0.493549 -0.787690
0.286976 -11.176105 -3.507684 -68.220976 0.840741 -0.530803 0.106781 0.408872 0.751709 0.517453 0.354934 0.391384 -0.849023
0.268158 -10.543651 10.621558 -55.087157 0.807675 -0.575481 0.128384 0.394061 0.688804 0.608494 0.438608 0.440874 -0.783104
-3.844716 -84.363375 -25.699138 2641.978209 0.538329 -0.789518 -0.294725 0.797546 0.364309 0.480832 -0.272254 -0.493902 0.825795
18.311989 -379.419925 262.937630 13533.768832 0.562823 -0.793541 -0.231350 0.632274 0.233033 0.738868 -0.532410 -0.562129 0.632891
-4.428421 -74.632521 27.526596 2386.131538 0.500112 -0.766329 -0.403271 0.685361 0.065623 0.725240 -0.529309 -0.639088 0.558031
2.276245 -34.097803 -55.369525 -515.715974 -0.092008 -0.761054 -0.642131 0.991014 -0.007114 -0.133566 0.097082 -0.648650 0.754870
5.355275 -117.485164 -167.163518 -3845.236425 -0.142308 -0.705599 -0.694175 0.986899 -0.155004 -0.044763 -0.076015 -0.691451 0.718413
2.308327 -25.951785 -38.316824 -320.037401 -0.094545 -0.742110 -0.663576 0.941116 -0.283963 0.183481 -0.324594 -0.607155 0.725259
-1.542767 -3.332043 10.616363 7.400328 -0.609358 0.355897 0.708534 0.364967 0.919208 -0.147838 -0.703905 0.168506 -0.690017
-1.454489 -3.242131 4.767514 2.548598 -0.604251 0.347191 0.717174 0.430700 0.899570 -0.072606 -0.670357 0.265015 -0.693101
-1.684624 -3.302190 4.546201 6.219503 -0.644292 0.338485 0.685796 0.413139 0.908666 -0.060350 -0.643587 0.244445 -0.725288
-1.453424 -3.284688 1.284590 21.860861 -0.437049 0.899269 0.017427 -0.589899 -0.301212 0.749193 -0.678975 -0.317154 -0.662123
-1.331998 -3.015924 7.469625 21.510406 -0.447253 0.885408 0.126561 -0.530654 -0.376593 0.759331 -0.719980 -0.272454 -0.638278
-1.420929 -3.519148 2.415152 8.937651 -0.387072 0.921956 0.013104 -0.661677 -0.287639 0.692422 -0.642152 -0.259347 -0.721374
-1.437681 -2.684681 -26.297880 5.172759 0.697391 0.475668 -0.536084 -0.694913 0.631787 -0.343427 -0.175334 -0.612034 -0.771150
-1.679307 -2.791938 -22.050488 2.123177 0.787647 0.408314 -0.461401 -0.605823 0.649635 -0.459296 -0.112205 -0.641291 -0.759049
-0.772105 -2.766456 -30.926461 -4.014165 0.639075 0.507985 -0.577524 0.754287 -0.560797 0.341405 -0.150445 -0.653803 -0.741558
-0.868427 -2.878841 -27.320311 -5.224588 0.701706 0.475655 -0.530435 0.709060 -0.538950 0.454716 -0.069591 -0.695187 -0.715452
-0.829785 -2.615137 -25.312660 -5.349361 0.627905 0.517807 -0.581044 0.748585 -0.606097 0.268825 -0.212969 -0.603757 -0.768194
-0.142911 -2.715154 -33.648694 -4.742613 0.584005 0.531249 -0.613770 0.787968 -0.552683 0.271380 -0.195050 -0.642118 -0.741377
0.298600 -2.853073 -36.283561 -3.545904 0.568155 0.538053 -0.622655 0.811531 -0.491792 0.315528 -0.136446 -0.684573 -0.716060
0.546802 -5.488991 -12.608032 67.047804 0.660600 -0.113625 0.742090 0.717895 -0.193564 -0.668700 0.219623 0.974486 -0.046297
1.001039 -4.940233 -5.024849 -47.032552 0.708737 -0.155527 0.688115 -0.676689 0.125899 0.725425 0.199456 0.979776 0.016015
1.071278 -4.963539 -15.792819 7.674664 0.675423 -0.123225 0.727063 0.735227 0.036358 -0.676845 0.056970 0.991713 0.115155
0.876636 -5.223290 -21.503230 -48.835130 0.674574 -0.094952 0.732075 0.732728 0.206720 -0.648364 -0.089771 0.973782 0.209023
0.442601 -5.039305 -16.708818 30.969168 0.634046 -0.089892 0.768053 0.765653 -0.066316 -0.639826 0.108449 0.993741 0.026779
1.404704 -4.935592 -20.778443 100.857566 0.704345 -0.114156 0.700619 -0.701388 -0.263929 0.662114 -0.109329 0.957763 0.265965
1.260872 -17.176060 -63.239100 130.598142 -0.457296 0.889306 -0.003923 0.450517 0.227856 -0.863201 0.766756 0.396506 0.504845
1.628527 -14.302146 -50.106975 90.052360 -0.476875 0.878757 -0.019417 0.225126 0.100756 -0.969106 0.849652 0.466513 0.245879
0.812161 -15.868536 -27.622086 142.548698 -0.471569 0.881735 -0.012865 0.331756 0.163875 -0.929022 0.817043 0.442367 0.369800
0.511817 -16.268343 -5.068538 198.652985 -0.492891 0.870032 0.010166 0.198122 0.123602 -0.972353 0.847234 0.477250 0.233295
0.560329 -18.564060 7.184201 155.827215 -0.511436 0.859321 -0.001048 0.476676 0.282685 -0.832388 0.714992 0.426213 0.554193
0.865600 -18.155716 -18.326729 161.323501 -0.489465 0.871897 -0.014813 0.543404 0.291682 -0.787168 0.682009 0.393341 0.616560
1.279955 -12.208604 -4.846558 161.701233 -0.187780 -0.372091 -0.909003 0.884044 0.339269 -0.321501 0.428024 -0.863971 0.265237
1.732932 -11.298037 -10.823946 201.151839 -0.197252 -0.369656 -0.907990 0.820551 0.444566 -0.359245 0.536459 -0.815914 0.215630
1.156789 -16.161475 -25.245599 329.428670 -0.276406 -0.382996 -0.881427 0.890121 0.243761 -0.385051 0.362330 -0.891008 0.273536
1.929182 -0.877906 3.183792 -3.492921 -0.613113 -0.431274 0.661888 0.720528 -0.648827 0.244669 0.323932 0.626918 0.708549
1.018166 -0.705345 -2.657351 0.080180 -0.581395 -0.432682 0.689032 0.748504 -0.616411 0.244497 0.318938 0.657893 0.682243
1.443310 -0.991733 -27.509488 2.846875 -0.408112 -0.442484 0.798531 0.818346 -0.565026 0.105145 0.404666 0.696386 0.592699
2.439081 -1.094197 -40.290589 -0.886268 -0.486722 -0.389393 0.781969 0.761855 -0.627192 0.161883 0.427408 0.674539 0.601929
2.709882 -1.014400 23.205393 -0.979204 -0.662684 -0.437233 0.608011 0.680365 -0.690785 0.244787 0.312976 0.575885 0.755250
6.328198 -6.037895 218.018318 -74.339354 0.381766 -0.521113 -0.763346 0.888028 0.435784 0.146625 0.256246 -0.733849 0.629130
1.275120 -4.799053 244.355501 -52.310863 0.284507 -0.477436 -0.831331 0.925433 0.363148 0.108155 0.250259 -0.800112 0.545153
6.181058 -3.638185 220.375807 -16.847237 0.423998 -0.529422 -0.734805 0.894048 0.374202 0.246274 0.144583 -0.761371 0.631990
0.627822 -6.792531 33.097914 115.003537 -0.162941 -0.641124 0.749940 0.873982 0.258916 0.411239 -0.457826 0.722442 0.518143
0.969235 -7.051289 12.464618 96.634923 -0.135956 -0.558228 0.818472 0.870442 0.327227 0.367769 -0.473125 0.762433 0.441417
1.344636 -4.848562 18.856983 83.799600 -0.187444 -0.582680 0.790790 0.921428 0.174639 0.347089 -0.340344 0.793716 0.504163
1.171964 -4.302721 38.709612 111.314201 -0.207739 -0.656635 0.725035 0.918231 0.124597 0.375936 -0.337190 0.743846 0.577059
-1.643872 -2.525072 2.144076 -2.663706 -0.048485 0.987362 -0.150879 -0.633912 0.086317 0.768573 -0.771884 -0.132909 -0.621716
-1.331896 -2.302483 -3.558199 -7.208644 -0.118786 0.988637 -0.092127 -0.691875 -0.015865 0.721843 -0.712178 -0.149485 -0.685898
-1.474110 -2.525590 -8.311338 -0.270241 -0.326417 0.938374 0.113609 -0.558159 -0.288353 0.778017 -0.762830 -0.190546 -0.617885
-1.360076 -2.384506 5.979730 -6.566943 0.045104 0.975506 -0.215300 -0.674384 0.188733 0.713853 -0.737002 -0.112997 -0.666378
-1.800873 -2.723985 7.711942 -14.749736 0.120451 0.919668 -0.373767 -0.561994 0.373537 0.737993 -0.818324 -0.121162 -0.561841
-1.334453 -2.620953 14.926120 -8.533823 0.126020 0.954029 -0.271934 -0.613001 0.290411 0.734773 -0.779967 -0.074100 -0.621419
-2.260475 -4.237182 10.441080 -1.749893 0.714511 -0.698365 0.041958 -0.068903 -0.129923 -0.989127 -0.696223 -0.703851 0.140951
-2.030372 -4.229353 19.669039 5.150099 0.735629 -0.676567 0.033286 0.020187 -0.027222 -0.999426 -0.677084 -0.735878 0.006368
-1.438345 -4.303424 36.245916 3.386025 0.763454 -0.645295 -0.027084 -0.070557 -0.041647 -0.996638 -0.641997 -0.762798 0.077325
-1.547078 -4.295643 36.823545 -1.395147 0.755698 -0.653814 -0.038039 -0.171873 -0.141940 -0.974840 -0.631965 -0.743223 0.219637
-0.706951 -4.313560 57.014338 4.209675 0.785676 -0.616009 -0.056976 -0.137494 -0.084081 -0.986927 -0.603165 -0.783239 0.150758
-0.111472 -4.267721 59.865729 9.486537 0.793993 -0.605396 -0.055423 -0.061669 0.010489 -0.998042 -0.604792 -0.795855 0.029006
0.025333 -2.943741 -4.893696 8.512796 0.545708 -0.371773 0.750991 0.762530 -0.151325 -0.629006 0.347491 0.915907 0.200908
0.178659 -2.652409 -2.673680 -4.209779 0.517372 -0.378676 0.767418 0.803329 -0.094159 -0.588044 0.294937 0.920727 0.255486
0.139442 -2.946232 -9.552119 10.618373 0.544761 -0.359189 0.757772 0.758814 -0.173530 -0.627765 0.356982 0.916990 0.178025
-0.006849 -3.201345 -9.097239 -7.259546 0.558315 -0.374151 0.740470 0.736638 -0.187006 -0.649918 0.381640 0.908317 0.171206
-0.179081 -4.018796 0.234064 8.656724 0.589098 -0.405778 0.698790 -0.543666 0.440749 0.714261 0.597822 0.800678 -0.039037
-0.120743 -4.015029 -6.860250 3.998376 0.625529 -0.397153 0.671552 -0.545236 0.393146 0.740374 0.558060 0.829280 -0.029383
-0.020362 -3.913833 -4.961660 2.886465 0.604407 -0.395920 0.691332 -0.582873 0.371801 0.722512 0.543094 0.839650 0.006052
-0.103322 -3.668677 5.305384 -15.103041 0.560872 -0.406031 0.721500 0.626981 -0.360807 -0.690444 0.540663 0.839617 0.052207
1.936044 -7.838070 -62.576568 -101.288015 -0.609358 0.595839 -0.523124 0.145082 0.732414 0.665222 0.779509 0.329463 -0.532748
-0.769709 -13.587603 19.337064 167.323357 -0.680944 0.393878 -0.617395 -0.290280 0.628826 0.721329 0.672349 0.670402 -0.313860
-1.152961 -7.982277 26.974828 143.048762 -0.673302 0.666185 -0.320720 -0.205271 -0.585151 -0.784514 0.710301 0.462380 -0.530732
0.044823 -13.534457 -33.980723 192.096882 -0.614347 0.333257 -0.715204 -0.340884 0.705372 0.621489 0.711601 0.625611 -0.319742
15.197980 -7.691776 -1535.272029 -0.079066 0.064711 0.990005 0.125313 -0.733998 0.132296 -0.666142 0.676062 0.048872 -0.735222
0.479960 -12.925526 -29.917965 148.427730 -0.597432 0.273659 -0.753781 -0.220530 0.847662 0.482530 0.771001 0.454510 -0.446070
1.706128 -10.983641 -57.441516 -26.973364 -0.563869 0.307553 -0.766461 0.055305 0.940050 0.336522 0.824010 0.147365 -0.547075
6.834888 -12.668864 -226.705247 -374.518544 -0.478060 0.552142 -0.683080 0.526538 0.802625 0.280269 0.703005 -0.225682 -0.674427
-1.197376 -6.178284 5.980432 -7.100551 -0.143099 0.356806 0.923153 0.671287 0.720392 -0.174381 -0.727252 0.594748 -0.342607
-1.259797 -6.679242 6.122789 -25.470104 -0.126314 0.379896 0.916365 0.789412 0.597906 -0.139059 -0.600728 0.705824 -0.375418
-1.043095 -6.105087 -18.743540 -17.367943 -0.176033 0.416627 0.891871 0.720851 0.671555 -0.171431 -0.670363 0.612728 -0.418541
-1.417824 -6.453747 12.958874 -26.211793 -0.106792 0.324912 0.939696 0.771992 0.622699 -0.127573 -0.626597 0.711813 -0.317329
-1.028898 -5.874830 -11.291691 -7.194436 -0.176272 0.396371 0.901010 0.594425 0.772460 -0.223527 -0.784594 0.496181 -0.371775
-1.143148 -6.478596 2.928386 6.375461 -0.157504 0.342770 0.926122 0.528994 0.821207 -0.213974 -0.833881 0.456211 -0.310667
-1.278963 -6.557149 6.743261 -19.382789 -0.116008 0.325719 0.938323 0.673791 0.719897 -0.166594 -0.729759 0.612907 -0.302980
-3.494591 -16.672561 4.230114 451.741872 0.632384 0.514352 -0.579251 -0.587619 -0.168734 -0.791349 0.504771 -0.840816 -0.195539
-0.972305 -5.060245 9.760529 47.937528 -0.327431 0.019664 -0.944671 0.798802 0.539771 -0.265636 0.504682 -0.841582 -0.192445
-3.249724 -10.072352 -8.127521 384.469713 0.644455 0.595534 -0.479600 -0.498428 -0.148476 -0.854122 0.579868 -0.789490 -0.201145
-0.034884 -2.173516 1.674172 16.978131 -0.758910 0.642939 0.103374 0.498981 0.676143 -0.542078 -0.418419 -0.359806 -0.833946
-0.091944 -1.995695 1.728595 18.382809 -0.784464 0.606855 0.127841 0.461380 0.708817 -0.533580 -0.414422 -0.359591 -0.836032
-0.122612 -2.635069 3.244542 -2.677669 -0.701161 0.711666 0.043642 -0.548722 -0.577680 0.604310 -0.455278 -0.399772 -0.795553
-0.237673 -2.387705 1.106195 4.791582 -0.732598 0.677812 0.062222 -0.502931 -0.600637 0.621527 -0.458651 -0.424036 -0.780918
-0.259699 -2.791129 -0.632924 -7.707565 -0.668107 0.743804 -0.019720 -0.566149 -0.490978 0.662129 -0.482812 -0.453538 -0.749130
-0.974202 -2.691732 -1.528804 14.047602 0.785534 -0.610395 -0.101758 0.484372 0.708835 -0.512774 0.385124 0.353512 0.852472
-0.914729 -2.324920 -0.835342 25.907023 0.807049 -0.567659 -0.162585 0.397052 0.725498 -0.562141 0.437060 0.389121 0.810903
-0.970520 -2.114083 0.070443 28.455555 0.824766 -0.544465 -0.152706 0.368288 0.722126 -0.585575 0.429098 0.426723 0.796105
-0.905206 -1.507022 2.095162 25.219757 0.837375 -0.504727 -0.209892 0.293163 0.738750 -0.606881 0.461367 0.446654 0.766577
-1.009176 -1.504234 2.469808 -20.023648 0.860953 -0.459175 -0.218901 -0.246936 -0.753487 0.609328 0.444727 0.470548 0.762104
-1.042643 -1.829928 5.908212 -29.413274 0.849957 -0.498819 -0.169565 -0.308221 -0.731810 0.607827 0.427286 0.464363 0.775754
-1.056047 -2.663189 3.027132 -19.488083 0.795944 -0.599147 -0.086582 -0.464768 -0.696439 0.546775 0.387897 0.394962 0.832791
-0.947231 -10.417518 7.764096 104.499969 -0.355474 0.918817 -0.171503 -0.084539 -0.214341 -0.973094 0.930855 0.331411 -0.153868
-1.031699 -9.215887 8.553450 89.754200 -0.334864 0.932068 -0.138257 -0.228873 -0.222791 -0.947619 0.914048 0.285680 -0.287930
-0.711877 -7.755849 13.133907 85.053083 -0.383926 0.906697 -0.174648 -0.305526 -0.303230 -0.902610 0.871352 0.293176 -0.393437
-0.504341 -5.935642 3.006659 47.664561 -0.395808 0.888943 -0.230468 -0.388168 -0.389391 -0.835284 0.832263 0.241152 -0.499184
-0.554345 -8.798980 3.526854 107.909536 -0.373729 0.902083 -0.215806 -0.242467 -0.319591 -0.916008 0.895286 0.290013 -0.338166
-0.538295 -6.122293 10.469156 42.534297 -0.396465 0.892172 -0.216436 -0.409121 -0.382753 -0.828324 0.821849 0.239853 -0.516755
-0.830929 -6.498518 -13.357710 11.409080 0.835027 -0.354759 0.420567 0.257810 0.927548 0.270535 -0.486070 -0.117478 0.865988
-0.752857 -7.519568 -17.839231 43.074631 0.829639 -0.344153 0.439612 0.168600 0.905088 0.390372 -0.532235 -0.249749 0.808920
-1.580372 -7.082876 -22.599499 23.930093 0.843840 -0.374900 0.383906 0.254018 0.909298 0.329625 -0.472661 -0.180632 0.862533
-0.398799 -4.662293 14.509127 -27.724971 0.724971 -0.198470 0.659565 0.183412 0.978638 0.092883 -0.663910 0.053635 0.745887
-0.531119 -5.215462 3.729207 -65.448407 0.705034 -0.217180 0.675100 0.241127 0.968650 0.059797 -0.666922 0.120626 0.735299
-0.512498 -4.748447 3.737959 -31.724999 0.703596 -0.187882 0.685312 0.206012 0.976927 0.056321 -0.680082 0.101555 0.726068
0.550491 -11.809688 4.140220 -18.077356 0.465004 0.158361 0.871030 0.707650 -0.657693 -0.258208 0.531981 0.736452 -0.417894
0.611026 -12.631822 -1.439611 17.760738 0.471514 0.171844 0.864953 0.716533 -0.646407 -0.262181 0.514058 0.743390 -0.427921
0.368596 -12.632459 -4.391174 80.526494 -0.441244 -0.185297 -0.878048 -0.614008 0.775901 0.144815 0.654445 0.603027 -0.456136
0.717797 -12.287996 -1.609821 30.749940 0.502027 0.150589 0.851641 0.794019 -0.470552 -0.384856 0.342786 0.869427 -0.355800
0.252443 -12.353810 -11.733580 77.154225 -0.436300 -0.166148 -0.884329 -0.565415 0.815156 0.125806 0.699963 0.554902 -0.449594
-0.572202 -10.511525 18.412739 -24.689055 -0.425134 0.832831 -0.354477 -0.622147 0.015572 0.782745 -0.657415 -0.553308 -0.511523
0.074258 -10.884500 3.340104 -55.943934 -0.437559 0.824808 -0.358099 -0.578351 0.046786 0.814445 -0.688514 -0.563475 -0.456557
0.045129 -10.622013 17.600226 -53.072692 -0.414680 0.843788 -0.340679 -0.705751 -0.061896 0.705751 -0.574417 -0.533096 -0.621171
-0.638922 -7.874053 7.332393 7.416573 0.562732 0.127760 0.816707 -0.496551 0.842122 0.210401 -0.660886 -0.523936 0.537328
-0.848759 -7.706589 12.322796 55.939679 0.543913 0.138052 0.827708 -0.526749 0.824000 0.208710 -0.653218 -0.549515 0.520903
-0.574430 -8.708504 -13.870655 -89.963949 -0.552327 -0.167306 -0.816666 0.613646 -0.744683 -0.262462 -0.564245 -0.646109 0.513975
10.247171 -478.566125 -247.103865 -14939.989504 -0.445118 -0.329212 -0.832760 0.792034 -0.578630 -0.194602 -0.417795 -0.746195 0.518305
-1.807587 -63.892065 -10.818031 -1588.434093 -0.564098 -0.182197 -0.805356 0.789451 -0.404855 -0.461367 -0.241992 -0.896045 0.372213
-0.393436 -40.092424 -31.955840 -961.084424 0.696321 0.114970 0.708462 0.510042 -0.773743 -0.375737 -0.504969 -0.622979 0.597413
-0.864488 -19.679858 -16.668518 375.775426 0.677293 0.149683 0.720326 -0.437959 0.868738 0.231271 -0.591157 -0.472111 0.653945
-1.319214 -17.159051 -27.324744 360.964698 0.685811 0.146287 0.712925 -0.344750 0.928011 0.141217 -0.640944 -0.342630 0.686873
-1.653043 -3.400569 3.693865 -0.293961 -0.149266 -0.587259 0.795516 -0.114798 0.809381 0.575955 -0.982111 -0.005354 -0.188229
-1.595774 -3.465903 1.393739 -16.890543 -0.119255 -0.532149 0.838210 -0.070827 0.846643 0.527427 -0.990334 0.003530 -0.138657
-1.378034 -3.611811 -7.182288 -16.898525 -0.165095 -0.615078 0.770988 -0.028334 0.784350 0.619671 -0.985871 0.080460 -0.146920
-1.323497 -3.415539 -9.952751 -9.217111 -0.190411 -0.674501 0.713297 -0.059827 0.733213 0.677362 -0.979880 0.086303 -0.179966
-1.138329 -4.043922 -16.482454 -31.276515 -0.214174 -0.656902 0.722917 0.019366 0.737089 0.675518 -0.976604 0.158678 -0.145144
-1.102073 -4.195456 -4.941793 -23.307250 -0.153724 -0.577729 0.801622 0.100924 0.797842 0.594359 -0.982946 0.172270 -0.064341
-1.460791 -3.402001 5.660569 8.355646 -0.544491 0.826085 0.145300 -0.411319 -0.413945 0.812075 -0.730989 -0.382403 -0.565175
-1.565174 -3.288393 6.851185 -11.520060 -0.538368 0.835440 0.110455 -0.508189 -0.426414 0.748275 -0.672238 -0.346715 -0.654129
-1.672953 -3.563316 5.120263 6.012352 -0.561113 0.825000 0.067279 -0.456806 -0.376420 0.806000 -0.690275 -0.421524 -0.588080
0.159337 -3.213312 -13.766968 -3.156767 -0.472334 0.075162 -0.878209 0.878720 -0.037769 -0.475841 -0.068934 -0.996456 -0.048206
0.418468 -3.204037 -4.191469 9.818498 -0.491670 0.086301 -0.866494 0.869547 -0.004303 -0.493831 -0.046347 -0.996260 -0.072927
0.255795 -2.820725 -2.574923 -2.149275 -0.459435 0.088332 -0.883808 0.877537 -0.108662 -0.467035 -0.137291 -0.990146 -0.027592
-0.372064 -6.101535 5.593110 7.949745 0.837660 -0.297377 0.458140 -0.542329 -0.552418 0.633020 -0.064839 0.778718 0.624015
-0.355794 -6.346371 -3.804231 -8.013679 0.812680 -0.308536 0.494325 -0.580393 -0.352997 0.733851 0.051924 0.883288 0.465946
-0.321776 -6.216345 -1.546881 -11.569593 0.810691 -0.309925 0.496716 -0.585029 -0.395716 0.707919 0.022843 0.864497 0.502119
-0.431572 -6.395959 4.410435 7.292951 0.830227 -0.302020 0.468516 -0.554924 -0.527343 0.643404 -0.052748 0.794162 0.605413
-0.274695 -5.996225 2.152763 28.457872 0.845253 -0.290758 0.448338 -0.504977 -0.709034 0.492209 -0.174773 0.642441 0.746139
-1.031654 -9.363395 -23.180069 -38.107354 0.018453 -0.210224 -0.977479 -0.609321 0.772756 -0.177698 0.792709 0.598878 -0.113834
-0.690014 -9.121070 -28.292456 -52.332368 0.015028 -0.193113 -0.981061 -0.552978 0.815863 -0.169066 0.833060 0.545046 -0.094527
-0.879707 -7.839342 -19.497133 -51.372265 0.014795 -0.212987 -0.976943 -0.436101 0.877848 -0.197987 0.899776 0.428975 -0.079896
1.367911 -3.087399 41.351975 6.846282 0.352524 0.770106 -0.531660 0.919268 -0.178652 0.350756 0.175137 -0.612388 -0.770914
0.739807 -3.127115 39.776750 -10.861396 0.301639 0.779429 -0.549095 0.949422 -0.192857 0.247797 0.087244 -0.596068 -0.798180
1.273450 -3.069901 29.500073 -8.205041 0.365953 0.755107 -0.543960 0.928419 -0.255926 0.269332 0.064161 -0.603586 -0.794712
0.601336 -9.629521 -24.483121 37.871524 0.171971 -0.452561 -0.874994 0.707718 -0.561100 0.429304 -0.685245 -0.693077 0.223793
0.871962 -9.610384 6.210674 -1.709563 -0.187690 0.396081 0.898828 -0.618113 0.663548 -0.421474 -0.763354 -0.634683 0.120281
0.532714 -9.627403 18.257771 81.566509 -0.145766 0.401797 0.904053 -0.417743 0.803354 -0.424398 -0.896796 -0.439525 0.050746
1.208889 -10.201324 -21.279241 67.550533 0.176125 -0.423649 -0.888539 0.828295 -0.423953 0.366321 -0.531890 -0.800491 0.276238
0.346470 -9.810984 -15.454326 77.058678 0.201707 -0.456467 -0.866575 0.808136 -0.422321 0.410562 -0.553381 -0.783124 0.283703
0.812713 -9.781827 -22.810678 85.439136 0.182634 -0.444298 -0.877066 0.854812 -0.368968 0.364909 -0.485737 -0.816371 0.312405
1.479310 -4.750397 8.221239 39.622016 0.607115 -0.778987 -0.156812 0.793393 0.583330 0.173935 -0.044020 -0.230012 0.972192
1.604207 -3.570352 -4.533892 30.959524 0.668921 -0.737960 -0.089217 0.742961 0.659955 0.111660 -0.023521 -0.140976 0.989734
1.768036 -3.948232 18.252934 -10.456131 0.671645 -0.718020 -0.182594 0.739800 0.663244 0.113151 0.039860 -0.211080 0.976656
1.121723 -5.433617 28.375043 -33.988994 0.659074 -0.710616 -0.246265 0.751303 0.636960 0.172700 0.034137 -0.298841 0.953692
1.061165 -8.270617 31.898770 138.229409 0.798815 -0.547047 -0.250266 -0.579101 -0.811920 -0.073666 0.162897 -0.203775 0.965370
-0.653376 -39.023975 -25.908955 -505.129196 0.711115 -0.682923 0.167128 0.257339 0.031607 -0.965804 -0.654287 -0.729807 -0.198219
-1.318103 -85.144730 -19.828990 2448.595900 0.749000 -0.641318 0.166465 0.560090 0.478618 -0.676183 -0.353976 -0.599697 -0.717680
-1.419605 -46.740418 6.849067 457.195841 0.780315 -0.605210 0.157576 0.304037 0.146932 -0.941261 -0.546508 -0.782388 -0.298660
-0.082151 -79.069788 -21.675193 2291.474641 0.726352 -0.651748 0.218261 0.602892 0.451661 -0.657665 -0.330052 -0.609284 -0.720999
-0.010596 -32.458495 -21.687706 -38.755431 0.710893 -0.677976 0.187026 0.397018 0.167351 -0.902425 -0.580524 -0.715780 -0.388138
0.363699 -3.555726 -18.174292 -12.688410 -0.509027 0.055969 -0.858929 0.860741 0.028302 -0.508256 -0.004137 -0.998031 -0.062581
0.654394 -3.401914 -1.023658 -9.525448 -0.543081 0.097230 -0.834032 0.839667 0.057384 -0.540061 -0.004650 -0.993606 -0.112805
0.514865 -3.065370 11.966204 11.232855 -0.557909 0.142382 -0.817597 0.828472 0.037741 -0.558758 -0.048700 -0.989092 -0.139015
-5.442726 -8.326090 -0.864037 -132.602850 0.954128 -0.125788 -0.271693 0.175483 -0.500295 0.847886 0.242580 0.856669 0.455272
-4.841674 -6.422493 -47.921381 -31.374659 0.878758 -0.352317 0.321958 -0.437242 -0.323873 0.839003 0.191322 0.878054 0.438654
-4.067131 -6.255724 -24.672619 -22.001230 0.794578 -0.352353 0.494462 -0.594539 -0.286334 0.751356 0.123162 0.890988 0.437003
-3.367253 -5.757950 -4.251035 14.027365 0.662932 -0.349136 0.662288 0.735810 0.140517 -0.662449 0.138222 0.926477 0.350051
0.714005 -4.696195 30.712730 33.159276 -0.709340 0.658822 0.250579 0.044153 0.396331 -0.917045 0.703482 0.639433 0.310223
0.194761 -6.071506 16.702959 82.381437 -0.696109 0.675779 0.242395 0.119092 0.441641 -0.889253 0.707990 0.590149 0.387910
0.065043 -4.519265 18.896936 11.094413 -0.715275 0.653106 0.248666 0.052294 0.404849 -0.912887 0.696884 0.639961 0.323732
0.174205 -5.567571 4.567576 38.988950 -0.709693 0.665609 0.230870 0.114585 0.432392 -0.894375 0.695130 0.608278 0.383135
0.184608 -4.545302 16.162546 -39.084179 -0.712511 0.675589 0.189494 0.033515 0.302525 -0.952552 0.700860 0.672353 0.238194
0.093580 -4.910015 -2.723882 -16.207717 -0.700774 0.681058 0.212310 0.030820 0.326236 -0.944786 0.712717 0.655538 0.249608
-3.846050 -5.069790 0.205062 -1.407857 -0.672603 0.630989 0.386597 0.690628 0.722884 0.021692 -0.265778 0.281585 -0.921993
-3.860690 -5.005488 -3.549701 2.222508 -0.614057 0.685541 0.391111 0.690639 0.706577 -0.154165 -0.382036 0.175450 -0.907340
-4.783255 -5.076251 -29.795252 -16.901038 -0.231806 0.925494 0.299544 -0.857920 -0.339651 0.385500 -0.458519 0.167623 -0.872733
-0.075969 -1.659565 -17.086097 -2.373980 0.965304 -0.211780 -0.152763 0.075511 -0.333633 0.939674 0.249971 0.918607 0.306066
-0.074136 -1.125524 -14.099481 -23.071991 0.911375 -0.148029 -0.384036 0.333125 -0.282672 0.899513 0.241710 0.947726 0.208308
0.232493 -1.366038 0.881932 -32.652410 0.903442 -0.169632 -0.393722 0.345929 -0.254022 0.903220 0.253229 0.952207 0.170813
-1.809812 -3.758467 9.102518 12.237037 0.732845 -0.677553 -0.062132 0.530854 0.512267 0.675112 0.425596 0.527736 -0.735094
-1.442639 -3.485156 -41.871911 6.641440 0.682153 -0.693822 -0.230823 0.628052 0.394298 0.670879 0.374457 0.602611 -0.704728
-1.227904 -4.051355 27.903300 1.571777 0.837674 0.376475 0.395688 0.147384 0.541787 -0.827493 0.525908 -0.751488 -0.398354
-0.891510 -6.564748 1.240611 34.668548 0.814480 -0.226041 0.534348 -0.555285 -0.570645 0.604998 -0.168168 0.789474 0.590296
-0.660972 -6.055206 5.675500 -23.969593 0.808692 -0.242470 0.535935 -0.550691 -0.632340 0.544872 -0.206778 0.735768 0.644894
-0.727800 -6.243911 -0.268456 13.536757 0.788046 -0.263253 0.556490 -0.583918 -0.605965 0.540229 -0.194996 0.750669 0.631246
-0.147474 -4.615686 8.975656 -8.525739 0.814829 0.080551 0.574077 0.578045 -0.038092 -0.815116 0.043791 -0.996022 0.077600
-0.230385 -4.902729 -4.913770 -19.077919 0.811216 0.055352 0.582121 0.584584 -0.053251 -0.809584 0.013814 -0.997046 0.075556
-0.145423 -4.555330 3.305987 -13.661455 0.827160 0.069262 0.557681 0.559638 -0.191752 -0.806248 -0.051094 -0.978996 0.197372
-0.213055 -5.054759 7.648048 -0.160526 0.802284 0.072798 0.592487 0.582780 0.119396 -0.803811 0.129256 -0.990174 -0.053364
-0.245712 -4.557309 6.241477 -27.896730 0.818303 0.063277 0.571293 0.572756 -0.173248 -0.801209 -0.048277 -0.982843 0.178012
-0.332709 -4.541165 9.433852 -6.330892 0.815906 0.057983 0.575270 0.577922 -0.051778 -0.814448 0.017438 -0.996974 0.075756
-0.295111 -4.888923 10.151951 0.855583 0.806515 0.061476 0.588009 0.580361 0.107374 -0.807250 0.112764 -0.992316 -0.050921
-0.354439 -7.385043 -32.060238 -25.063572 0.778159 -0.299144 0.552251 -0.625969 -0.297570 0.720844 0.051303 0.906623 0.418811
-0.777756 -6.802073 -33.503767 5.498526 0.759580 -0.317651 0.567571 -0.639307 -0.204047 0.741385 0.119690 0.925993 0.358066
-0.596551 -6.290803 -36.255075 -18.573981 0.755763 -0.308353 0.577703 -0.602206 0.019277 0.798108 0.257235 0.951077 0.171123
-0.882841 -7.362985 11.258717 -94.406127 0.709547 -0.684695 -0.166541 -0.658810 -0.560730 -0.501548 -0.250023 -0.465591 0.848949
-0.742575 -5.961511 -3.742007 118.192032 0.693254 -0.706482 -0.142416 0.708181 0.631122 0.316488 -0.133711 -0.320263 0.937845
-1.033580 -8.799289 6.373797 -24.855237 0.713195 -0.683608 -0.155025 -0.559617 -0.422102 -0.713203 -0.422115 -0.595407 0.683600
-0.742730 -7.632083 24.422781 -81.878333 0.734588 -0.653726 -0.181723 -0.625959 -0.549581 -0.553295 -0.261832 -0.520195 0.812922
-0.715852 -5.837519 10.141049 -108.928476 0.709065 -0.683086 -0.174988 -0.695674 -0.637127 -0.331824 -0.115175 -0.357020 0.926969
-0.125996 -3.050864 -9.448210 -8.154906 -0.744526 0.166551 -0.646484 -0.290539 0.791027 0.538390 0.601055 0.588674 -0.540551
-0.056843 -3.402307 6.158962 26.895180 0.751116 -0.181383 0.634763 -0.381912 0.664900 0.641912 0.538486 0.724574 -0.430145
-0.126833 -3.185534 -3.515291 -1.534940 0.747338 -0.152647 0.646672 -0.312003 0.778659 0.544374 0.586635 0.608596 -0.534295
-0.327880 -3.229591 13.817170 10.365734 0.755616 -0.194998 0.625317 -0.308100 0.736649 0.602015 0.578031 0.647552 -0.496545
-0.246725 -3.338337 -2.461216 -26.406024 -0.738232 0.138898 -0.660092 -0.240460 0.860094 0.449908 0.630232 0.490862 -0.601550
-0.542771 -3.192488 -9.558278 -28.293899 -0.773122 0.196575 -0.603027 -0.205598 0.821751 0.531465 0.600010 0.534868 -0.594898
-0.384788 -3.189149 -10.469110 -23.824426 -0.747752 0.153811 -0.645917 -0.221858 0.859010 0.461390 0.625816 0.488308 -0.608202
1.544519 -1.923156 18.847176 -7.156181 -0.561670 -0.249869 0.788728 -0.239093 0.961652 0.134388 -0.792061 -0.113098 -0.599873
1.636888 -1.775956 0.980603 -5.219277 -0.578640 -0.324686 0.748167 -0.304541 0.937005 0.171103 -0.756591 -0.128840 -0.641069
1.375445 -1.810434 -22.391529 -5.588003 -0.616433 -0.393429 0.682073 -0.327238 0.915881 0.232547 -0.716188 -0.079850 -0.693324
0.014994 -4.078545 3.053029 4.775167 0.848284 0.061263 0.525986 0.458667 -0.581417 -0.671996 -0.264649 -0.811296 0.521306
0.129329 -4.128596 -0.710029 6.748775 0.823607 0.072610 0.562494 0.524786 -0.473714 -0.707245 -0.215108 -0.877681 0.428258
0.239290 -4.312514 4.998520 3.015273 0.832624 0.070052 0.549390 0.497983 -0.528823 -0.687284 -0.242384 -0.845836 0.475196
0.104107 -4.154638 5.855750 -2.779830 0.850981 0.053741 0.522439 0.421584 -0.663129 -0.618488 -0.313206 -0.746574 0.586966
0.010555 -3.984585 1.815321 0.101030 0.855570 0.047150 0.515535 0.402187 -0.687556 -0.604577 -0.325953 -0.724599 0.607215
-0.121139 -3.963454 -0.277367 -3.544714 0.853642 0.025737 0.520223 0.390930 -0.691667 -0.607264 -0.344192 -0.721758 0.600498
-0.258954 -5.828547 1.723244 -18.804979 0.767340 0.080458 0.636172 0.624236 0.133229 -0.769792 0.146693 -0.987814 -0.052007
-0.164556 -5.364127 9.354228 -17.007872 0.779108 0.098988 0.619026 0.623202 -0.015347 -0.781910 0.067899 -0.994970 0.073647
2.847243 -9.857342 4.202454 -44.359974 0.918698 -0.323437 0.226676 0.118505 0.773210 0.622980 0.376762 0.545468 -0.748675
13.880309 -9.328917 972.233596 72.396141 0.442094 0.145038 0.885165 0.731590 -0.629272 -0.262282 0.518969 0.763531 -0.384306
2.869038 -9.648034 87.542915 -63.948830 0.718147 0.236865 0.654339 -0.545543 0.775385 0.318059 0.432028 0.585383 -0.686060
0.036320 -11.344590 -28.579264 -69.054288 0.881986 -0.458134 0.110516 0.359374 0.805515 0.471164 0.304879 0.375844 -0.875095
-1.015670 -8.775449 -83.387012 17.441386 0.956337 -0.198479 0.214536 0.093499 0.903233 0.418841 0.276907 0.380494 -0.882353
1.377856 -1.388824 10.608190 22.540855 -0.653747 0.749392 0.105009 -0.591462 -0.592596 0.546811 -0.472004 -0.295367 -0.830645
1.337306 -0.776175 14.707221 9.723762 -0.602543 0.795776 0.060686 -0.631959 -0.522177 0.572677 -0.487411 -0.306711 -0.817532
1.493443 -1.145388 -3.364813 19.823225 -0.641191 0.767214 0.015993 -0.625733 -0.534787 0.567857 -0.444221 -0.354097 -0.822972
0.965594 -0.760395 24.886181 12.599772 -0.617035 0.774877 0.137233 -0.595882 -0.573975 0.561673 -0.513996 -0.264797 -0.815899
1.461116 -1.821311 -8.736355 24.138690 -0.682665 0.730087 0.030678 -0.609062 -0.591693 0.528150 -0.403748 -0.341865 -0.848597
1.552584 -2.046729 7.825511 27.715728 -0.680362 0.725603 0.102992 -0.591226 -0.626461 0.507936 -0.433080 -0.284688 -0.855216
1.193364 -1.829342 20.346038 25.645353 -0.666881 0.727449 0.161516 -0.574577 -0.640006 0.510150 -0.474479 -0.247406 -0.844784
0.770475 -1.160505 20.817858 17.864264 -0.653391 0.736587 0.174700 -0.564021 -0.627598 0.536656 -0.504935 -0.252112 -0.825518
2.001893 -175.670037 15.456927 4691.133838 0.657245 -0.746729 -0.102103 0.708794 0.566354 0.420541 -0.256203 -0.348769 0.901510
-3.581005 -95.698690 76.158977 2582.500797 -0.390904 0.875285 0.284729 0.757664 0.130348 0.639495 -0.522627 -0.465710 0.714126
-24.513625 -142.277858 -93.293064 2083.069297 -0.477878 0.835989 0.269732 0.405352 -0.062551 0.912018 -0.779309 -0.545170 0.308978
3.804691 -144.265971 -127.627349 -4910.846875 -0.123300 -0.726145 -0.676396 0.929545 0.154153 -0.334937 0.347481 -0.670038 0.655977
-1.069285 -3.231146 6.942237 -9.794118 -0.596201 0.294973 0.746683 0.159100 0.955022 -0.250240 -0.786913 -0.030397 -0.616315
-1.391337 -3.358928 19.466250 -5.427331 -0.595437 0.354984 0.720722 0.232840 0.934836 -0.268079 -0.768921 0.008189 -0.639291
-1.177290 -2.967061 20.358577 -14.233888 -0.591534 0.331255 0.735090 0.128387 0.938772 -0.319726 -0.795993 -0.094753 -0.597844
-0.739224 -2.708953 11.326190 -18.650566 -0.587935 0.218950 0.778712 0.024229 0.967006 -0.253599 -0.808545 -0.130233 -0.573842
-0.800454 -3.195473 -0.020812 -17.938109 -0.587910 0.228965 0.775846 0.099860 0.972312 -0.211275 -0.802739 -0.046735 -0.594496
-2.070714 -3.129442 6.332835 5.899189 -0.755424 0.238302 0.610366 0.297372 0.954750 -0.004713 -0.583870 0.177945 -0.792105
-2.314201 -3.085793 5.007741 1.044325 -0.737917 0.363125 0.568875 0.332520 0.929122 -0.161750 -0.587289 0.069804 -0.806361
-2.094396 -3.298880 4.699126 12.429876 -0.682801 0.400960 0.610748 0.384959 0.907938 -0.165693 -0.620958 0.121978 -0.774295
