13612
27204
-7.106667 -8.659464 10.234823 168.079195 -0.067311 0.983059 0.170483 -0.781924 0.054159 -0.621016 0.619729 0.175106 -0.765032
-8.102328 -10.814131 2.850474 165.170456 0.058021 0.931777 0.358364 -0.709128 0.291136 -0.642166 0.702688 0.216867 -0.677642
-6.300811 -12.780608 -85.261611 327.864374 0.270142 0.883852 0.381876 -0.707465 0.451245 -0.543940 0.653082 0.123223 -0.747195
-6.254686 -8.191664 29.955695 89.292327 -0.576879 0.796642 -0.180479 -0.542348 -0.538780 -0.644651 0.610795 0.274003 -0.742868
-6.386740 -7.844147 -59.704482 174.309594 0.062446 0.982442 0.175809 -0.828471 0.149253 -0.539778 0.556540 0.111946 -0.823244
-5.172174 -7.193223 6.461732 -55.425426 -0.670491 0.687937 -0.277822 0.493881 0.693298 0.524805 0.553645 0.214666 -0.804609
-6.577233 -10.308668 -65.557778 -50.061669 0.877371 -0.448388 0.170787 0.056461 0.449953 0.891266 0.476479 0.772328 -0.420092
-6.984564 -10.891001 -60.889047 -61.169275 0.865056 -0.495270 0.079905 0.065058 0.268682 0.961029 0.497438 0.826146 -0.264646
-7.428307 -10.630250 -37.302156 -63.927715 0.766852 -0.636963 0.078845 0.199535 0.353358 0.913960 0.610019 0.685140 -0.398070
-7.740754 -11.326797 -3.219857 24.896740 -0.627485 0.778286 0.023108 -0.228046 -0.155321 -0.961182 0.744485 0.608397 -0.274946
-7.225191 -10.462329 4.558183 69.960771 -0.657361 0.751723 -0.052803 -0.341885 -0.359944 -0.868075 0.671559 0.552587 -0.493616
-2.995641 -10.011929 -77.064215 80.902137 -0.347600 0.936102 -0.053731 -0.032930 0.045082 0.998440 -0.937065 -0.348827 -0.015156
-4.173140 -9.535229 -29.725679 86.817081 -0.273670 0.961670 -0.017198 -0.012481 0.014329 0.999819 -0.961743 -0.273835 -0.008081
-3.403461 -10.537005 -67.143937 98.835928 -0.323564 0.940785 -0.101145 -0.165973 0.048807 0.984922 -0.931536 -0.335473 -0.140353
-3.041937 -9.497452 -55.060260 24.201165 -0.322551 0.946364 0.018846 0.109055 0.017377 0.993884 -0.940249 -0.322634 0.108811
-1.301882 -11.304866 -187.553468 93.846616 -0.398590 0.909636 -0.116995 -0.161847 0.055800 0.985237 -0.902736 -0.411640 -0.124981
-0.922268 -10.497496 -150.066723 31.057085 -0.388985 0.920587 -0.034795 0.031755 0.051145 0.998186 -0.920697 -0.387174 0.049128
-6.012445 -6.730478 5.853890 85.391949 0.012932 0.318912 -0.947696 -0.011140 0.947762 0.318782 0.999854 0.006435 0.015809
-4.954226 -6.291684 -62.946001 -28.291193 0.102047 0.866392 -0.488827 0.054732 -0.495538 -0.866860 0.993273 -0.061706 0.097987
-5.088977 -6.988074 -69.533217 -50.022069 0.094535 0.755571 -0.648210 -0.070400 -0.644422 -0.761422 0.993029 -0.117615 0.007728
-5.236304 -6.085924 67.952351 26.773201 -0.127600 0.773873 0.620354 0.053267 0.629911 -0.774838 0.990394 0.065825 0.121599
-6.090760 -7.854702 -1.097317 79.471948 -0.036477 0.486777 -0.872765 0.098841 0.870821 0.481562 0.994434 -0.068699 -0.079878
-5.838443 -6.941148 43.727009 90.416731 -0.116245 0.600550 -0.791092 0.012033 0.797285 0.603483 0.993148 0.060633 -0.099906
-5.666440 -5.755491 38.320004 79.313900 -0.080913 0.589829 -0.803464 -0.071110 0.800637 0.594915 0.994181 0.105271 -0.022839
-5.310456 -5.908416 74.495402 36.276091 -0.118023 0.776127 0.619433 -0.021630 0.621636 -0.783008 0.992775 0.105811 0.056580
-0.035204 -3.031714 -5.435791 48.213687 -0.291794 0.858067 0.422583 -0.125514 0.403639 -0.906268 0.948210 0.317484 0.010080
-0.327022 -3.116067 -20.319196 0.259069 -0.287136 0.858629 0.424629 -0.079440 0.420424 -0.903843 0.954590 0.293258 0.052509
-0.171558 -3.645501 1.071624 38.621861 -0.293415 0.843478 0.449947 -0.087422 0.445017 -0.891245 0.951979 0.300840 0.056836
-0.108012 -2.762931 -13.438430 31.200119 -0.294979 0.897143 0.328818 -0.099065 0.313561 -0.944386 0.950354 0.311148 0.003619
-0.041800 -9.466797 5.640139 73.499733 0.260686 0.964851 0.033232 0.960144 -0.255512 -0.113302 0.100829 -0.061444 0.993005
-0.272043 -8.090966 12.840447 50.248639 0.226150 0.973303 0.039207 0.947190 -0.210332 -0.242055 0.227347 -0.091877 0.969470
0.058124 -9.323174 16.260141 40.946655 0.209657 0.977240 0.032347 0.973743 -0.205676 -0.097583 0.088709 -0.051957 0.994702
0.854705 -17.294070 -20.333836 229.720126 0.136858 0.988020 0.071314 0.936531 -0.105597 -0.334304 0.322769 -0.112540 0.939763
0.400213 -18.360235 -10.617613 211.327930 0.160259 0.984312 0.073805 0.937264 -0.128294 -0.324155 0.309601 -0.121123 0.943121
0.605433 -19.080031 -10.990304 45.586831 0.156679 0.985584 0.063842 0.981762 -0.148372 -0.118863 0.107677 -0.081301 0.990856
1.305324 -1.693698 5.143613 -1.451362 0.170635 0.957157 0.233952 -0.295063 0.276174 -0.914694 0.940118 -0.087048 -0.329547
1.295021 -1.728451 13.671471 11.984301 0.120896 0.989587 0.078110 -0.290343 0.110498 -0.950521 0.949255 -0.092235 -0.300679
1.132423 -1.189536 4.069974 -12.159738 0.148033 0.959333 0.240346 -0.283847 0.274012 -0.918884 0.947374 -0.067803 -0.312866
1.142630 -1.175206 1.254114 -20.607628 0.151589 0.921157 0.358456 -0.274594 0.387617 -0.879972 0.949536 -0.034965 -0.311703
1.291961 -1.461136 -0.189769 -11.559356 0.168397 0.931541 0.322293 -0.296421 0.359685 -0.884738 0.940094 -0.053453 -0.336698
1.314067 -2.749804 22.425977 45.522129 -0.164961 -0.076950 0.983294 0.584591 0.795332 0.160314 -0.794381 0.601270 -0.086215
2.249461 -3.057414 21.110477 -11.930879 -0.122533 -0.041011 0.991617 0.548081 0.830175 0.102060 -0.827401 0.555992 -0.079247
2.219834 -3.405452 -52.548936 -23.847834 -0.265411 -0.095001 0.959443 0.527023 0.819005 0.226886 -0.807344 0.565867 -0.167305
1.548195 -3.578082 -16.874289 8.812696 -0.363395 -0.224112 0.904278 0.539743 0.740499 0.400424 -0.759356 0.633589 -0.148131
1.505997 -3.069752 42.881311 13.627102 -0.387696 -0.303053 0.870546 0.525181 0.703519 0.478796 -0.757547 0.642821 -0.113593
0.530676 -1.631348 63.501639 57.953381 -0.260905 -0.191603 0.946159 0.576921 0.754881 0.311955 -0.774009 0.627250 -0.086413
0.649056 -2.189393 -26.710813 28.005356 0.166776 0.265663 0.949531 0.618799 0.721552 -0.310564 -0.767642 0.639363 -0.044054
-0.102109 -16.275452 -14.009093 -92.495946 -0.231507 0.950962 0.205125 -0.574844 -0.303826 0.759766 -0.784831 -0.057977 -0.616992
-0.151565 -16.359456 -30.349884 -165.725383 -0.217402 0.960505 0.173683 -0.701062 -0.277464 0.656906 -0.679152 -0.021050 -0.733695
0.271426 -18.752289 -35.511547 -91.864076 -0.243582 0.948148 0.204166 -0.552735 -0.308682 0.774079 -0.796964 -0.075702 -0.599264
0.007672 -17.523752 -12.552119 -18.756833 -0.243410 0.943094 0.226552 -0.424866 -0.313650 0.849183 -0.871917 -0.110446 -0.477034
1.620406 -7.428235 -88.868034 -146.807037 0.239452 -0.339056 -0.909782 -0.659277 0.631110 -0.408721 0.712752 0.697668 -0.072411
0.226114 -10.986702 85.993278 180.409581 -0.349391 0.420254 0.837444 0.726381 -0.443081 0.525405 0.591859 0.791875 -0.150456
1.886823 -9.644836 90.712188 178.468613 -0.310078 0.406767 0.859297 0.727792 -0.479980 0.489834 0.611694 0.777277 -0.147211
5.104287 -29.056326 -39.357884 -556.145307 -0.214074 0.905379 0.366689 -0.583075 0.182740 -0.791599 0.783706 0.383268 -0.488784
7.074017 -24.520677 58.315583 -366.607763 -0.263570 0.883241 0.387836 -0.399239 0.266123 -0.877375 0.878145 0.386089 -0.282482
4.972580 -30.326268 211.961098 -469.544890 -0.394478 0.848574 0.352575 -0.518214 0.111418 -0.847963 0.758842 0.517212 -0.395791
7.614894 -23.620102 -195.117615 -417.675090 -0.121310 0.911549 0.392889 -0.397701 0.318019 -0.860638 0.909460 0.260657 -0.323945
-22.011153 -2383.275476 -119.931413 22097.195219 -0.416101 0.909304 0.005081 -0.210537 -0.101775 0.972274 -0.884609 -0.403495 -0.233791
-15.309573 -366.723897 831.896811 5531.502801 -0.378080 0.925682 -0.012937 0.725278 0.304855 0.617281 -0.575350 -0.223999 0.786637
-52.940530 -402.151446 2309.188277 -11611.297498 -0.486317 0.862748 -0.138424 -0.433088 -0.100407 0.895742 -0.758901 -0.495564 -0.422476
-37.038814 -238.806380 1296.100914 18732.817381 -0.215373 0.962605 -0.164335 -0.769114 -0.270903 -0.578857 0.601729 -0.001722 -0.798698
0.687253 -5.139267 -8.159364 59.132398 0.183417 0.970260 -0.157965 -0.893456 0.097517 -0.438436 0.409993 -0.221552 -0.884771
1.496975 -6.278701 -27.969945 93.825636 0.135893 0.963905 -0.228956 -0.922995 0.039196 -0.382811 0.360019 -0.263347 -0.895005
0.224751 -7.857879 29.634059 130.057846 -0.106798 0.941571 -0.319434 -0.856434 -0.250320 -0.451510 0.505090 -0.225354 -0.833127
-0.175613 -5.828486 5.681343 111.184863 0.057728 0.970206 -0.235305 -0.876082 -0.063784 -0.477924 0.478694 -0.233736 -0.846298
-0.320147 -7.565599 48.188855 130.953865 -0.117903 0.942502 -0.312712 -0.831787 -0.265750 -0.487348 0.542429 -0.202650 -0.815293
-0.810798 -8.901413 65.973980 115.764200 -0.227693 0.900289 -0.370993 -0.745721 -0.406220 -0.528097 0.626144 -0.156413 -0.763857
-0.195445 -9.926755 30.922007 51.757696 -0.257987 0.874270 -0.411212 -0.675504 -0.467522 -0.570190 0.690751 -0.130674 -0.711187
3.545594 -3.627729 -38.084721 -30.197227 0.239931 0.939646 0.243922 -0.605560 0.341249 -0.718920 0.758769 -0.024782 -0.650888
3.605830 -4.167010 -68.352440 -42.730883 0.201834 0.967402 0.152962 -0.680987 0.250859 -0.687987 0.703932 -0.034694 -0.709420
3.444900 -3.349022 -112.528530 -40.890992 0.259216 0.952839 0.157814 -0.624972 0.290060 -0.724759 0.736354 -0.089240 -0.670686
3.596437 -4.601454 34.724804 -43.476981 0.164681 0.945967 0.279331 -0.649088 0.317170 -0.691439 0.742674 0.067444 -0.666248
3.392181 -3.972014 46.002442 -32.397152 0.215849 0.917269 0.334703 -0.572679 0.396563 -0.717479 0.790852 0.036810 -0.610899
2.096657 -11.327444 -13.206515 83.114661 0.773802 -0.546643 -0.320018 0.601734 0.476566 0.640938 0.197855 0.688525 -0.697701
2.003470 -11.839454 5.276681 -16.114541 0.818265 -0.516789 -0.251737 0.509086 0.448099 0.734873 0.266971 0.729477 -0.629754
-0.741547 -75.915893 -27.136901 3119.597556 0.972968 -0.219283 -0.072449 0.194253 0.607420 0.770264 0.124899 0.763515 -0.633597
3.751117 -13.109669 -42.473404 -148.283676 0.767110 -0.584611 -0.264146 0.574655 0.443180 0.688014 0.285156 0.679575 -0.675917
-0.639725 -23.283892 6.893128 696.903782 0.919933 -0.340825 -0.193809 0.382401 0.670815 0.635434 0.086562 0.658669 -0.747437
3.398908 -11.992620 -37.723980 21.189086 0.715026 -0.614170 -0.333966 0.676034 0.485744 0.554104 0.178092 0.621971 -0.762519
-3.429296 -7.038877 -1.912352 192.161707 -0.191567 0.884986 0.424384 0.625801 0.443234 -0.641808 0.756093 -0.142631 0.638734
-3.641581 -9.406035 -13.801054 112.332922 -0.232306 0.849077 0.474449 0.710214 0.481360 -0.513701 0.664553 -0.217624 0.714849
-4.039234 -8.410320 -63.068816 135.391534 -0.036011 0.925459 0.377132 0.643609 0.310171 -0.699686 0.764507 -0.217529 0.606804
-3.180999 -7.472518 78.389507 -172.270423 0.249564 0.949383 -0.190760 0.539277 -0.299877 -0.786927 0.804300 -0.093517 0.586819
-0.312322 -2.433251 34.075256 -10.415130 -0.265614 0.911392 -0.314348 0.353533 -0.211267 -0.911252 0.896919 0.353173 0.266092
-0.073366 -2.105357 22.650295 -6.046644 -0.238975 0.897617 -0.370370 0.370884 -0.268126 -0.889131 0.897405 0.349845 0.268837
-0.514196 -2.453932 25.738424 23.208264 -0.313867 0.934165 -0.169775 0.331835 -0.059607 -0.941452 0.889591 0.351828 0.291280
-1.036128 -2.991206 37.470877 10.213968 -0.311623 0.939408 -0.142844 0.319671 -0.037921 -0.946769 0.894819 0.340698 0.288485
-1.951601 -4.246822 8.836365 -49.495124 0.507088 0.805410 -0.306883 -0.043444 0.379488 0.924176 -0.860798 0.455307 -0.227425
-1.348606 -3.251437 26.219733 -56.827432 0.513482 0.703688 -0.491080 -0.001209 0.572881 0.819638 -0.858099 0.420275 -0.295015
-1.969077 -4.367829 20.090041 -76.388291 0.479307 0.848213 -0.225390 -0.119504 0.317495 0.940700 -0.869473 0.423949 -0.253542
-1.309566 -3.378680 15.513675 -56.219234 0.519802 0.694778 -0.497082 0.023569 0.569982 0.821319 -0.853962 0.438639 -0.279902
-2.206213 -5.191611 10.247414 -42.474665 0.461660 0.885246 -0.056662 -0.115857 0.123502 0.985558 -0.879459 0.448428 -0.159578
-1.408509 -3.595748 32.885227 -47.078193 0.528587 0.636698 -0.561437 0.094412 0.613188 0.784275 -0.843612 0.467564 -0.264011
-0.335509 -6.557360 104.410478 -73.036841 -0.089501 0.981901 0.166914 0.224023 0.183139 -0.957222 0.970466 0.048280 0.236359
1.081866 -5.820569 56.577268 -86.203081 -0.028748 0.996036 0.084174 0.232566 0.088563 -0.968540 0.972156 0.008267 0.234190
-0.383483 -5.249068 95.974527 -100.367339 -0.097837 0.973628 0.206099 0.286936 0.225895 -0.930934 0.952940 0.031942 0.301470
-1.998314 -6.098632 97.069200 -89.908586 -0.120754 0.922743 0.366010 0.288852 0.385415 -0.876367 0.949728 0.000102 0.313077
0.340502 -7.783872 18.899762 11.735254 -0.159377 0.986734 0.030899 0.434529 0.042013 0.899678 -0.886444 -0.156815 0.435460
0.806284 -7.587621 21.927678 3.169303 -0.190727 0.981608 0.008315 0.411281 0.072215 0.908643 -0.891331 -0.176722 0.417491
0.530633 -8.009449 29.534201 12.313837 -0.161977 0.986794 0.000305 0.271900 0.044334 0.961304 -0.948596 -0.155792 0.275491
0.015633 -8.316410 21.482296 19.747312 -0.150810 0.988554 0.004193 0.297166 0.041289 0.953933 -0.942841 -0.145109 0.299991
0.790461 -8.422483 35.453301 23.955611 -0.168295 0.985146 -0.034125 0.100532 0.051592 0.993595 -0.980597 -0.163786 0.107721
0.050607 -8.739033 28.079334 19.263133 -0.152427 0.987814 -0.031462 0.122022 0.050400 0.991247 -0.980753 -0.147254 0.128218
2.164271 -14.989771 -56.019509 -258.909662 0.415724 0.903820 -0.101408 -0.879352 0.370976 -0.298523 0.232191 -0.213276 -0.949000
2.728581 -17.758265 -45.178959 291.812613 0.402289 0.910262 -0.097907 0.913766 -0.392617 0.104321 0.056519 -0.131431 -0.989713
0.940983 -15.325885 -73.844797 284.055229 0.373687 0.913057 -0.163356 0.908178 -0.324352 0.264592 0.188603 -0.247230 -0.950424
0.524654 -11.600714 -71.963321 -201.244406 0.402296 0.904055 -0.144367 -0.849780 0.310069 -0.426300 0.340635 -0.294179 -0.892988
-0.430444 -15.154993 -79.320480 282.426297 0.313674 0.928903 -0.196844 0.932653 -0.262491 0.247503 0.178236 -0.261222 -0.948681
-0.798267 -11.540190 -78.574289 -247.779742 0.339435 0.922414 -0.184216 -0.877655 0.240123 -0.414803 0.338386 -0.302477 -0.891068
-1.485839 -14.450700 -5.823426 -165.532165 0.302762 0.952042 0.044166 -0.753126 0.267389 -0.601086 0.584069 -0.148724 -0.797963
-1.319202 -13.843749 9.274039 -144.974926 0.311193 0.944423 0.105941 -0.742963 0.311280 -0.592547 0.592592 -0.105686 -0.798539
-1.147993 -11.792088 -7.199921 -223.856487 0.326134 0.943352 0.061022 -0.584526 0.251971 -0.771259 0.742944 -0.215864 -0.633590
-1.021491 -12.779812 -16.349960 -239.887388 0.307007 0.951674 -0.007955 -0.618142 0.193041 -0.761995 0.723635 -0.238855 -0.647535
-0.840808 -9.767235 -11.030756 -174.669392 0.330101 0.942425 0.053563 -0.436326 0.202656 -0.876670 0.837050 -0.266018 -0.478102
-0.697121 -9.372391 3.948425 -166.262589 0.339792 0.932231 0.124447 -0.415630 0.267539 -0.869295 0.843678 -0.243656 -0.478371
-7.089139 -12.196714 75.209365 136.501964 -0.023166 0.643066 -0.765461 0.756495 -0.489290 -0.433948 0.653589 0.589120 0.475141
-6.339042 -13.625426 -130.660113 89.752761 0.098040 -0.590181 0.801295 0.865291 -0.347179 -0.361578 0.491589 0.728802 0.476641
-7.318474 -13.919870 -103.540732 63.096325 0.047722 -0.646061 0.761793 0.893244 -0.313721 -0.322017 0.447033 0.695834 0.562118
-7.648682 -13.657082 -27.478358 71.558086 -0.024564 -0.712971 0.700763 0.870539 -0.359879 -0.335633 0.491486 0.601797 0.629509
-7.721722 -12.138499 3.079601 137.265296 0.076171 0.748445 -0.658808 0.736901 -0.487357 -0.468467 0.671696 0.449792 0.588652
-7.349158 -9.237254 18.101715 -173.606186 0.141790 0.600863 -0.786676 -0.574072 0.697331 0.429151 0.806435 0.390759 0.443813
-5.708114 -8.737857 121.663723 -119.628737 0.118968 0.396855 -0.910139 -0.590446 0.765235 0.256492 0.798261 0.506874 0.325360
3.032150 -15.985233 31.954717 -305.172058 0.285613 0.958214 -0.015875 0.303944 -0.106281 -0.946743 0.908869 -0.265577 0.321598
1.912459 -18.541649 40.461820 -366.199199 0.219006 0.972312 0.081522 0.333586 0.003903 -0.942711 0.916928 -0.233655 0.323495
4.509232 -25.796693 106.744396 -974.467022 0.252066 0.967538 -0.018231 0.153766 -0.058646 -0.986365 0.955416 -0.245826 0.163557
9.226492 -15.000905 268.757929 -552.970637 0.328060 0.896884 -0.296607 0.062992 -0.334055 -0.940446 0.942554 -0.289838 0.166087
2.962671 -12.924185 -0.983949 -228.648673 0.368078 0.916402 -0.157243 0.260357 -0.263934 -0.928737 0.892599 -0.300909 0.335740
-2.293262 -11.835326 -27.020967 -55.293621 0.123989 0.991826 0.030137 0.823943 -0.119831 0.553858 -0.552942 0.043841 0.832065
-3.145147 -12.450677 -29.974670 -93.504821 0.161517 0.986819 0.010061 0.839841 -0.142800 0.523713 -0.518247 0.076139 0.851835
-2.359957 -12.422909 -27.662374 -16.585851 0.082240 0.996498 -0.015141 0.759152 -0.052795 0.648769 -0.645697 0.064849 0.760835
-1.633818 -11.700633 -61.951830 -15.073363 0.079460 0.995914 0.042904 0.782755 -0.088988 0.615935 -0.617236 0.015359 0.786628
-1.425928 -11.905599 -28.065282 25.785511 0.052801 0.998592 0.005118 0.698285 -0.040585 0.714668 -0.713870 0.034161 0.699445
-1.095754 -9.932182 -10.489289 -32.700399 -0.088807 0.995248 -0.039947 0.568187 0.017679 -0.822710 0.818093 0.095759 0.567057
-1.195173 -9.388839 -5.202540 -22.766284 -0.127719 0.990515 -0.050667 0.559340 0.029748 -0.828404 0.819040 0.134143 0.557835
-0.983754 -9.287857 -9.033487 -45.264509 -0.120179 0.992728 -0.006933 0.732416 0.083947 -0.675662 0.670167 0.086278 0.737179
-0.899436 -9.785471 -2.451321 -57.852258 -0.090742 0.995758 -0.015255 0.742881 0.057480 -0.666952 0.663245 0.071853 0.744945
-1.574140 -19.698083 -29.090144 87.550761 -0.223692 0.968662 -0.107962 0.824257 0.247125 0.509441 -0.520156 -0.024970 0.853706
-1.002975 -22.191337 -34.225555 47.379264 -0.252206 0.961488 -0.109234 0.791297 0.269894 0.548640 -0.556993 -0.051933 0.828892
-1.324878 -20.364211 -24.636796 27.177424 -0.207125 0.973377 -0.098167 0.901296 0.228880 0.367803 -0.380479 0.012296 0.924708
-1.663959 -20.217693 -22.324455 61.504011 -0.237420 0.963414 -0.124357 0.707394 0.259207 0.657576 -0.665752 -0.068152 0.743054
-1.534744 -18.727807 -6.671521 -42.556714 -0.173040 0.977756 -0.118535 0.892161 0.206591 0.401708 -0.417261 0.036241 0.908064
-1.717672 -19.271208 -3.118378 77.054282 -0.196701 0.970677 -0.138180 0.794943 0.240385 0.557028 -0.573911 0.000277 0.818917
-1.314007 -14.840257 -55.561682 239.383425 -0.107147 0.955303 -0.275529 0.735453 0.262637 0.624604 -0.669050 0.135714 0.730721
-1.227084 -13.100790 18.683308 485.863946 -0.050662 0.954052 -0.295327 0.715315 0.241025 0.655920 -0.696963 0.178021 0.694659
-1.464325 -16.610848 -52.888592 446.568066 -0.143315 0.941691 -0.304433 0.620451 0.325144 0.713669 -0.771039 0.086606 0.630871
-0.843440 -17.963285 -44.450230 320.448104 -0.163235 0.941457 -0.294979 0.536941 0.335606 0.773992 -0.827677 0.032044 0.560290
-0.915619 -15.066527 -0.457308 144.418245 -0.105713 0.949997 -0.293822 0.732055 0.274324 0.623572 -0.672994 0.149174 0.724449
3.028989 -6.948173 204.305989 -16.648020 0.098643 0.960698 -0.259480 0.946821 -0.010358 0.321594 -0.306267 0.277404 0.910630
2.962278 -7.200595 -209.458879 -14.567140 -0.061372 -0.959208 0.275959 0.982191 -0.008850 0.187676 -0.177578 0.282562 0.942669
4.278289 -7.301142 -57.200491 -9.081436 -0.060682 -0.980520 0.186809 0.979618 -0.022599 0.199595 -0.191485 0.195114 0.961906
-4.218693 -20.751824 93.008390 -376.194795 0.033418 0.989717 -0.139081 -0.491476 0.137444 0.859977 -0.870250 -0.039616 -0.491015
-4.312546 -21.689738 120.728963 -143.078686 0.068589 0.982772 -0.171621 -0.245028 0.183352 0.952021 -0.967087 0.023246 -0.253382
-3.647478 -22.287939 192.029199 -136.712535 0.142633 0.983835 -0.108282 -0.290428 0.146186 0.945665 -0.946207 0.103435 -0.306584
20.074478 -102.469364 514.812671 1971.637200 0.741276 -0.268741 -0.615051 0.062022 0.939850 -0.335908 0.668328 0.210854 0.713357
2.396688 -354.906746 -106.973497 -21591.359278 -0.563826 0.825871 0.006214 -0.135960 -0.085394 -0.987027 0.814626 0.557356 -0.160433
-12.643712 -297.240439 -639.914945 -12397.621644 -0.548533 0.831281 0.089911 0.294707 0.292850 -0.909608 0.782470 0.472452 0.405623
-1.399609 -178.097051 -159.571152 -3945.792102 -0.684426 0.729082 0.000774 -0.031478 -0.028489 -0.999098 0.728402 0.683834 -0.042449
-11.402000 -178.135818 -483.888289 -5221.179830 0.791640 -0.594215 -0.142176 0.487276 0.754404 -0.439814 0.368603 0.278895 0.886764
0.130572 -2.751035 45.325931 57.223271 -0.269062 0.940291 -0.208468 0.235950 -0.145501 -0.960811 0.933774 0.307705 0.182713
0.723556 -1.907180 95.497252 52.129569 -0.319487 0.942823 -0.094940 0.162929 -0.044043 -0.985654 0.933479 0.330372 0.139542
3.869988 -3.244567 180.580663 153.999441 -0.278513 0.925104 -0.258094 0.183379 -0.212562 -0.959786 0.942763 0.314642 0.110444
2.505722 -3.832505 134.747074 93.304240 -0.244994 0.912546 -0.327472 0.259706 -0.263652 -0.929000 0.934093 0.312646 0.172400
-0.571890 -14.824020 25.731743 6.310278 0.445637 0.895214 0.000777 0.642569 -0.320474 0.695990 -0.623309 0.309659 0.718051
-1.238114 -14.067307 24.840748 15.784407 0.424208 0.905542 0.006458 0.667885 -0.317676 0.673061 -0.611537 0.281205 0.739558
-0.507393 -13.933298 26.725736 66.244707 0.426969 0.904088 -0.017983 0.782414 -0.359390 0.508593 -0.453349 0.231223 0.860819
0.006606 -37.233811 14.216129 191.392859 0.250180 0.965904 0.066623 -0.697628 0.132123 0.704173 -0.671361 0.222648 -0.706896
-0.107514 -34.868499 15.171385 334.622308 0.223475 0.968551 0.109402 -0.506099 0.019377 0.862258 -0.833021 0.248061 -0.494513
0.337819 -30.262702 12.400631 296.542932 0.242276 0.968449 0.058386 -0.652324 0.118054 0.748690 -0.718175 0.219477 -0.660344
0.427454 -31.748291 10.634506 303.859341 0.272251 0.961912 0.024611 -0.785016 0.207248 0.583779 -0.556443 0.178254 -0.811540
-0.438195 -5.008943 -18.059417 -14.477517 0.344634 0.933667 0.097435 0.936487 -0.349134 0.033143 0.064962 0.079824 -0.994690
-0.360251 -4.655045 -62.542508 51.280528 0.376320 0.922997 0.080371 -0.922569 0.381287 -0.059053 0.085150 0.051925 -0.995014
-2.276983 -6.663048 -56.122654 199.972943 0.756988 0.630330 0.172203 -0.641948 0.766583 0.015948 0.121955 0.122618 -0.984932
-3.265034 -5.296076 136.522009 105.956405 0.050692 0.996336 0.068878 -0.988279 0.059987 -0.140380 0.143997 0.060954 -0.987699
-2.787954 -9.420253 214.017114 112.704431 0.408331 0.885566 0.221446 0.905304 -0.423961 0.026106 0.117003 0.189816 -0.974823
-3.095681 -9.608677 97.874777 446.386369 -0.966300 -0.135466 -0.218893 -0.139917 0.990151 0.004888 0.216075 0.035350 -0.975737
-8.904790 -11.561004 54.329617 100.501054 -0.116261 0.956135 0.268868 -0.610318 0.144793 -0.778811 0.783578 0.254640 -0.566713
-8.737989 -12.782116 19.463500 170.570493 0.162240 0.856383 0.490190 -0.541639 0.492532 -0.681205 0.824806 0.154987 -0.543759
-6.839018 -9.771355 -12.086776 103.109287 -0.482471 0.872510 -0.077127 -0.546453 -0.368645 -0.751990 0.684551 0.320667 -0.654647
-5.874313 -10.545252 -44.011282 -65.128546 0.924992 -0.355815 0.133365 -0.019470 0.306130 0.951791 0.379488 0.882995 -0.276240
-6.088983 -10.800146 -50.126978 -33.347929 0.923240 -0.376631 0.076006 -0.031436 0.123110 0.991895 0.382935 0.918146 -0.101821
-7.124173 -11.112560 -50.129179 -15.161182 0.854164 -0.519626 0.019821 0.025015 0.079134 0.996550 0.519402 0.850721 -0.080592
-4.027997 -9.173485 -44.872216 6.662127 -0.265494 0.961090 0.076280 0.113576 -0.047391 0.992398 -0.957399 -0.272140 0.096575
-5.013585 -5.499319 -14.932482 -13.169560 0.027677 0.993855 -0.107176 0.190410 -0.110496 -0.975466 0.981314 -0.006590 0.192298
0.024420 -3.622088 -6.592515 -32.074530 -0.291472 0.794828 0.532253 -0.042300 0.545159 -0.837265 0.955644 0.266554 0.125277
-0.152040 -2.940450 -35.761722 -36.400759 -0.268977 0.742045 0.614020 -0.053755 0.624955 -0.778808 0.961645 0.242488 0.128209
-0.658625 -2.665120 -33.701956 -10.631337 -0.285286 0.805664 0.519151 -0.066026 0.523854 -0.849245 0.956165 0.276555 0.096254
-0.730859 -2.570805 -7.387956 -20.966284 -0.315681 0.889933 0.329189 -0.028335 0.337933 -0.940744 0.948442 0.306302 0.081462
-0.371421 -8.146663 0.010998 94.005513 0.295942 0.954113 0.045686 0.924586 -0.274114 -0.264578 0.239914 -0.120541 0.963281
-0.622476 -7.163712 5.171939 34.702222 0.269764 0.960913 0.062232 0.898324 -0.227867 -0.375621 0.346759 -0.157233 0.924681
-0.264346 -8.621091 -10.024333 161.941516 0.324448 0.944430 0.052771 0.922156 -0.303388 -0.239966 0.210622 -0.126520 0.969346
-0.556971 -7.044972 -11.558037 93.770243 0.347359 0.935975 0.057386 0.880817 -0.304669 -0.362406 0.321719 -0.176431 0.930252
0.537738 -18.324335 -3.331758 236.091447 0.141861 0.989595 0.024023 0.977417 -0.143872 0.154783 -0.156628 -0.001523 0.987656
0.917138 -16.189388 17.128966 80.169428 -0.094592 -0.995199 -0.025131 0.995514 -0.094611 -0.000432 -0.001948 -0.025060 0.999684
0.670092 -18.384519 -8.380580 27.019714 0.150648 0.987561 0.045030 0.987309 -0.152613 0.043932 -0.050258 -0.037840 0.998019
17.203046 -9.305854 935.531231 -18.230241 -0.308470 -0.340795 -0.888091 0.836753 0.346837 -0.423733 0.452428 -0.873821 0.178172
7.087251 -10.163796 1034.827392 -84.124512 -0.420837 -0.256609 -0.870085 0.745272 0.449024 -0.492896 0.517171 -0.855879 0.002278
7.256920 -7.177095 14.893186 -102.388270 -0.027788 -0.238334 -0.970786 0.902530 0.411516 -0.126864 0.429729 -0.879689 0.203668
22.142226 -6.761018 96.328381 60.192024 -0.032540 -0.283843 -0.958319 0.937178 0.324540 -0.127947 0.347330 -0.902279 0.255451
39.047725 -9.851413 1823.110096 61.793487 -0.247740 -0.404003 -0.880572 0.910237 0.214222 -0.354370 0.331805 -0.889320 0.314667
2.998061 -3.174466 2.622203 -28.164768 -0.149204 -0.056411 0.987196 0.517629 0.846189 0.126588 -0.842495 0.529888 -0.097055
2.517806 -3.210241 88.205439 -43.863817 -0.008829 0.014642 0.999854 0.529478 0.848288 -0.007747 -0.848278 0.529333 -0.015242
3.252607 -2.874916 93.417071 -22.933464 -0.036425 -0.022180 0.999090 0.502033 0.864036 0.037485 -0.864081 0.502942 -0.020338
3.663408 -2.705252 -3.826843 -15.213455 -0.142999 -0.040868 0.988879 0.485989 0.867497 0.106129 -0.862187 0.495760 -0.104190
3.164968 -3.174509 -90.054005 -35.282727 -0.265245 -0.068807 0.961723 0.483659 0.853383 0.194450 -0.834098 0.516723 -0.193076
-0.052194 -14.944174 -19.618250 -176.454429 -0.196008 0.966919 0.163242 -0.812154 -0.253363 0.525559 -0.549533 0.029564 -0.834949
-0.134635 -14.197006 10.610003 -112.423399 -0.179570 0.967284 0.179209 -0.789611 -0.250376 0.560202 -0.586744 0.040910 -0.808739
0.035279 -13.959822 2.533013 -51.221664 -0.180161 0.969803 0.164392 -0.876946 -0.234061 0.419740 -0.445543 0.068542 -0.892633
-0.180783 -13.419612 29.067141 -39.903428 -0.167770 0.967561 0.188889 -0.764114 -0.248693 0.595216 -0.622883 0.044473 -0.781050
-0.204901 -13.931978 19.408035 30.787065 -0.175540 0.969083 0.173390 -0.856875 -0.237118 0.457755 -0.484716 0.068219 -0.872007
0.404611 -12.124509 -14.912893 -57.921399 0.192247 0.981107 0.021676 0.639604 -0.108517 -0.761006 0.744276 -0.160165 0.648383
0.851431 -16.530170 -15.432744 -386.567783 0.220007 0.974179 -0.050718 0.543828 -0.165648 -0.822686 0.809844 -0.153415 0.566230
0.389664 -14.415748 -15.688608 -333.582717 0.247988 0.967495 -0.049561 0.533980 -0.179197 -0.826289 0.808311 -0.178445 0.561062
239.863583 1.882472 16225.938037 123.144289 -0.302126 0.944962 -0.125569 -0.927958 -0.321693 -0.188168 0.218207 -0.059672 -0.974077
96.799336 0.404301 5208.922752 -18.398503 -0.130785 0.978503 -0.159459 -0.948749 -0.170202 -0.266284 0.287700 -0.116460 -0.950613
216.039695 3.028779 18114.461121 -74.303862 -0.269056 0.950289 -0.156716 -0.937791 -0.295562 -0.182183 0.219446 -0.097950 -0.970695
189.069256 -1.798458 11015.468374 206.636248 -0.256112 0.961240 -0.102096 -0.935456 -0.273076 -0.224391 0.243574 -0.038038 -0.969136
5.866632 -24.998627 233.807653 -385.792355 -0.427459 0.826268 0.366824 -0.298939 0.253748 -0.919917 0.853179 0.502885 -0.138537
8.455239 -20.362736 -25.313052 -489.730988 -0.188247 0.885540 0.424713 -0.173441 0.395673 -0.901865 0.966686 0.243436 -0.079105
-0.941250 -19.590603 -59.367828 -96.722798 -0.545002 0.805223 0.233643 0.130256 -0.193967 0.972322 -0.828255 -0.560351 -0.000827
-1.089547 -20.573572 -52.836551 -241.279824 -0.531105 0.813269 0.237741 0.345766 -0.048133 0.937085 -0.773546 -0.579894 0.255637
-2.314785 -18.924250 -107.134037 -117.171085 -0.537421 0.810004 0.234675 0.182223 -0.160164 0.970125 -0.823392 -0.564128 0.061526
-10.795192 -21.326264 -466.328829 1214.894664 0.877454 -0.169758 0.448616 0.204377 -0.713812 -0.669852 -0.433941 -0.679451 0.591643
2.904422 -17.916252 266.075796 -858.057983 -0.102977 -0.677463 -0.728313 0.920067 -0.343117 0.189071 -0.377985 -0.650626 0.658645
-9.158795 -25.519648 -54.712421 1007.502484 0.923353 -0.007544 0.383877 0.268143 -0.702923 -0.658786 -0.274806 -0.711226 0.647023
-3.285597 -9.593810 -428.062318 601.304157 0.791364 0.010963 0.611247 0.408985 -0.752643 -0.516003 -0.454394 -0.658337 0.600099
-12.226122 -106.705558 -456.693908 5076.671247 0.913085 -0.345585 0.216441 -0.125805 -0.743644 -0.656633 -0.387877 -0.572332 0.722487
-4.686282 -27.276980 -241.450571 1326.988591 0.852144 -0.409594 0.325704 -0.084029 -0.721418 -0.687383 -0.516517 -0.558381 0.649170
-193.153657 -1711.656959 7622.734952 325969.886853 -0.367223 0.925949 0.088125 0.905113 0.333910 0.263202 -0.214285 -0.176417 0.960707
-45.316203 -213.630254 1944.764919 -37258.733326 -0.295016 0.954434 0.044966 0.552534 0.208804 -0.806912 0.779533 0.213206 0.588958
2.028395 -4.628894 -15.088580 25.229118 0.348926 0.934344 -0.072474 -0.870473 0.294481 -0.394407 0.347170 -0.200706 -0.916073
3.862353 -5.228827 61.259440 -21.312535 0.109357 0.963934 0.242638 -0.740219 0.241891 -0.627348 0.663413 0.111000 -0.739974
4.821300 -4.954434 22.086942 -15.978826 0.134274 0.977015 0.165566 -0.764223 0.208458 -0.610335 0.630820 0.044578 -0.774648
4.281278 -4.774379 -146.359572 -23.847838 0.199558 0.978055 0.059867 -0.766665 0.193892 -0.612071 0.610247 -0.076246 -0.788534
7.888225 1.258982 -6.143383 -9.010013 -0.102764 0.108110 0.988813 0.018202 0.994114 -0.106798 -0.994539 0.007023 -0.104127
7.361585 1.179784 455.400645 -4.257698 0.160279 0.011679 0.987003 0.022847 0.999618 -0.015539 -0.986807 0.025041 0.159951
6.986517 1.192010 3.341709 -5.290297 -0.092586 0.102340 0.990431 0.048763 0.993976 -0.098148 -0.994510 0.039209 -0.097018
7.665509 0.986158 -435.695298 4.882623 -0.347932 0.177818 0.920502 0.054419 0.984023 -0.169520 -0.935939 -0.008889 -0.352050
6.192687 1.070187 -372.284432 17.622459 -0.322977 0.188940 0.927355 0.092435 0.981482 -0.167775 -0.941882 0.031532 -0.334461
5.692118 1.385155 28.819388 20.951131 -0.071518 0.096556 0.992755 0.111188 0.989872 -0.088266 -0.991223 0.104070 -0.081529
1.517952 -3.637663 -33.721869 30.743586 0.094438 0.994251 -0.050459 -0.122612 0.061916 0.990521 -0.987951 0.087356 -0.127755
1.108709 -4.020736 14.290724 23.873579 0.091420 0.995801 -0.004757 -0.121742 0.015918 0.992434 -0.988343 0.090149 -0.122686
0.827701 -4.462284 20.981271 41.320546 0.084621 0.994596 0.060151 -0.189941 -0.043159 0.980846 -0.978142 0.094426 -0.185263
1.668173 -10.694134 5.403657 63.455153 0.810588 -0.488119 -0.323554 0.532243 0.383607 0.754694 0.244263 0.783955 -0.570745
3.308957 -20.893524 -55.889802 -468.570052 0.839805 -0.526761 -0.131342 0.391417 0.419856 0.818849 0.376193 0.739083 -0.558780
-0.977958 -17.544749 104.126301 -716.115546 0.240215 0.954777 -0.175205 0.513369 -0.278136 -0.811845 0.823862 -0.105073 0.556966
-1.748699 -11.996450 -5.745672 -415.410158 0.241829 0.970317 0.001904 0.559505 -0.137840 -0.817284 0.792763 -0.198708 0.576231
-0.153651 -19.643219 54.488864 -681.696182 0.221674 0.975082 0.008692 0.435558 -0.091036 -0.895546 0.872439 -0.202305 0.444885
1.092816 -25.891389 169.089224 -811.917323 0.194249 0.979498 0.053399 0.319891 -0.011791 -0.947381 0.927328 -0.201109 0.315623
-1.294840 -33.211691 9.300290 -1539.453069 0.224615 0.974248 -0.019716 0.476803 -0.127529 -0.869710 0.849827 -0.185949 0.493170
-2.677929 -5.305495 -59.218907 -0.088823 0.522267 -0.832499 -0.184884 0.849595 0.526665 0.028493 0.073651 -0.171957 0.982347
-3.125634 -4.600886 -60.983961 -63.350329 0.348787 -0.905252 -0.242624 0.934810 0.354520 0.021103 0.066912 -0.234168 0.969891
-3.341163 -5.937946 -43.781791 -69.254269 0.264488 -0.941181 -0.210297 0.955251 0.285625 -0.076903 0.132446 -0.180546 0.974608
-1.951186 -4.663916 -67.298898 7.624443 0.499902 -0.840338 -0.209594 0.866062 0.486684 0.114347 0.005916 -0.238684 0.971079
-1.677545 -4.883046 -100.597209 43.869166 0.701380 -0.699967 -0.134584 0.712041 0.696684 0.087342 0.032626 -0.157089 0.987045
-2.221172 -4.448346 -33.588963 -127.540500 0.421671 -0.894220 -0.150216 0.903402 0.428530 -0.015057 0.077836 -0.129357 0.988539
-0.025693 -2.567209 31.249318 -44.257362 -0.203534 0.863654 -0.461168 0.370622 -0.368010 -0.852765 0.906208 0.344486 0.245186
0.310253 -2.096106 14.978707 -26.492829 -0.167751 0.846457 -0.505341 0.396604 -0.411347 -0.820670 0.902532 0.338088 0.266705
0.076427 -1.916641 17.406298 9.566760 -0.209159 0.878348 -0.429834 0.395419 -0.326050 -0.858683 0.894369 0.349565 0.279119
-2.842515 -6.235710 20.611602 62.914945 0.348331 0.912567 0.214211 0.026218 -0.237919 0.970931 -0.937005 0.332589 0.106801
-2.288731 -5.140096 27.247789 64.531783 0.363281 0.838500 0.406133 0.037753 -0.448805 0.892832 -0.930914 0.309016 0.194698
-2.551474 -5.340563 4.851573 45.631276 0.407148 0.854566 0.322409 -0.020469 -0.344366 0.938612 -0.913133 0.388754 0.122716
-2.958511 -5.896044 29.685205 95.715230 0.290807 0.927736 0.233961 0.127943 -0.280040 0.951424 -0.948189 0.246747 0.200135
-2.550673 -6.012833 16.500617 28.787391 0.392136 0.903780 0.171495 -0.049996 -0.165212 0.984990 -0.918547 0.394825 0.019600
-3.351993 -7.078298 20.923601 67.952294 0.267952 0.958562 0.096757 0.065249 -0.118254 0.990837 -0.961220 0.259183 0.094232
-3.050264 -6.790587 26.152118 15.279885 0.337153 0.937027 0.091152 -0.037546 -0.083361 0.995812 -0.940701 0.339163 -0.007077
1.180194 -6.837643 59.913442 -48.884145 -0.025484 0.998356 0.051333 0.152539 0.054631 -0.986786 0.987969 0.017317 0.153681
2.014839 -6.362540 4.690674 -56.632237 0.045876 0.998759 0.019366 0.162887 0.011648 -0.986576 0.985578 -0.048415 0.162151
1.841381 -5.378336 11.969232 -89.800069 0.038949 0.998209 0.045416 0.242038 0.034672 -0.969647 0.969485 -0.048759 0.240254
3.175900 -16.843524 -23.017124 -262.357007 0.429557 0.902820 -0.019908 -0.888123 0.418368 -0.190278 0.163458 -0.099416 -0.981528
3.636819 -18.257839 -12.786747 -104.546948 0.440240 0.897729 -0.016441 -0.896975 0.440545 0.036817 -0.040294 0.001462 -0.999187
-0.982685 -15.313291 29.528176 -67.975218 0.305278 0.938569 0.160917 -0.850397 0.344744 -0.397462 0.428521 0.015506 -0.903399
-0.647236 -13.390492 38.602613 -145.149357 0.312981 0.932680 0.179307 -0.724016 0.356487 -0.590524 0.614690 -0.055002 -0.786849
1.327929 -18.379779 11.998698 -324.365399 0.204795 0.977004 0.059342 0.325315 -0.010759 -0.945545 0.923163 -0.212948 0.320038
1.544431 -14.487396 -0.997165 -123.553426 0.203444 0.975401 0.084870 0.477016 -0.023047 -0.878592 0.855024 -0.219229 0.469971
1.625411 -29.367182 76.841305 -981.426217 0.211857 0.971250 0.108580 0.177351 0.071050 -0.981580 0.961074 -0.227211 0.157200
1.603300 -15.606465 -8.349666 -201.577114 0.187403 0.980646 0.056680 0.479608 -0.040992 -0.876525 0.857237 -0.191447 0.478008
0.756989 -23.935165 -16.856878 -556.331042 0.221109 0.974757 0.030973 0.139307 -0.000135 -0.990249 0.965248 -0.223267 0.135820
1.171388 -20.896185 -26.160052 -499.532509 0.204738 0.978798 0.006118 0.301568 -0.057131 -0.951732 0.931203 -0.196701 0.306871
-2.139633 -11.839447 -47.361875 -65.909483 0.157245 0.985663 0.061180 0.873146 -0.167705 0.457703 -0.461401 0.018552 0.886998
-2.918421 -12.504863 -5.057574 -88.362361 0.214928 0.976084 0.032640 0.904265 -0.211517 0.370899 -0.368932 0.050202 0.928099
-3.576861 -13.061388 -21.783778 -78.773020 0.253493 0.967336 -0.001124 0.923700 -0.241713 0.297244 -0.287263 0.076387 0.954801
-3.669796 -11.787689 -48.916129 -87.001148 0.222602 0.974896 0.005043 0.850372 -0.196694 0.488035 -0.476776 0.104349 0.872809
-3.715681 -10.987678 -54.745278 -38.806220 0.149181 0.988357 -0.029936 0.776028 -0.098262 0.622996 -0.612801 0.116170 0.781652
-1.250467 -9.362849 -8.588381 11.223948 -0.096213 0.989713 -0.105880 0.366415 -0.063686 -0.928269 0.925464 0.128108 0.356519
-1.253480 -8.639328 7.659766 10.334858 -0.133827 0.982025 -0.133109 0.377297 -0.073713 -0.923154 0.916372 0.173764 0.360650
-1.219167 -8.799440 8.623679 -5.075522 -0.166979 0.983879 -0.064035 0.546441 0.038288 -0.836622 0.820683 0.174689 0.544025
-0.763178 -22.248034 -41.971862 -65.049279 -0.216006 0.972747 -0.084294 0.913991 0.231814 0.332990 -0.343456 0.005116 0.939155
-0.330086 -25.265525 -66.525344 126.379626 -0.295582 0.949373 -0.106406 0.751442 0.299831 0.587737 -0.589886 -0.093767 0.802024
-0.058811 -25.177226 -63.062966 -18.522824 -0.254855 0.962578 -0.092150 0.894934 0.270889 0.354559 -0.366253 -0.007893 0.930482
-1.430111 -22.064457 -25.236803 -66.167670 -0.275265 0.951375 -0.138257 0.579353 0.278925 0.765866 -0.767189 -0.130716 0.627961
-0.697999 -23.317426 -52.879497 35.798705 -0.300736 0.945244 -0.126772 0.621129 0.294994 0.726070 -0.723710 -0.139614 0.675834
-1.337283 -12.966987 67.466592 477.241303 -0.030256 0.947902 -0.317121 0.675598 0.253214 0.692423 -0.736649 0.193296 0.648062
-0.760178 -9.931649 26.181234 4.788966 -0.007225 0.971966 -0.235009 0.707531 0.171046 0.685670 -0.706646 0.161322 0.688932
-1.102436 -12.472478 33.300615 331.328315 -0.046523 0.954162 -0.295654 0.678555 0.247393 0.691635 -0.733075 0.168441 0.658961
-1.165061 -13.601626 -43.630202 -518.233309 -0.069398 0.969921 -0.233317 0.731087 0.208577 0.649621 -0.678745 0.125493 0.723572
-0.927951 -11.650509 36.467815 -432.661095 -0.041440 0.966682 -0.252605 0.695281 0.209467 0.687537 -0.717542 0.147140 0.680796
0.506228 -7.327780 -161.405989 -15.093409 0.013076 -0.954680 0.297347 0.999246 0.023350 0.031028 -0.036565 0.296717 0.954265
2.806545 -7.435155 -215.510974 -12.569171 -0.029316 -0.956653 0.289751 0.998864 -0.017140 0.044473 -0.037579 0.290726 0.956068
0.742720 -7.013846 -183.777574 -21.339416 -0.031014 -0.955838 0.292254 0.984047 0.022047 0.176535 -0.175182 0.293067 0.939906
2.277410 -7.456988 -176.261236 -9.263710 -0.005842 -0.955527 0.294845 0.995454 -0.033587 -0.089126 0.095065 0.292984 0.951380
-1.368152 -6.909782 -75.015969 -23.548895 0.034833 -0.960846 0.274885 0.982588 0.083155 0.166149 -0.182501 0.264311 0.947013
0.240240 -7.467697 -129.974953 -2.427467 0.054576 -0.955881 0.288641 0.992919 0.021406 -0.116851 0.105517 0.292974 0.950280
-1.357448 -7.228689 -52.542198 -13.619569 0.089427 -0.959952 0.265509 0.995046 0.097735 0.018217 -0.043437 0.262565 0.963936
6.161358 -104.614873 -33.037537 -3613.169543 -0.173907 0.963240 -0.204757 -0.366509 0.129678 0.921333 -0.914017 -0.235272 -0.330484
5.466151 -108.278247 77.582850 -5552.652514 -0.108290 0.977055 -0.183404 -0.797491 0.024768 0.602822 -0.593532 -0.211543 -0.776511
4.304377 -97.324372 89.488774 -4054.658159 -0.107617 0.994035 -0.017676 -0.516908 -0.040757 0.855070 -0.849249 -0.101157 -0.518211
0.434350 -27.788506 11.434572 351.949965 0.160453 0.983908 -0.078618 -0.383320 -0.011284 -0.923547 0.909572 -0.178321 -0.375341
0.422455 -29.407622 -27.470432 203.588657 0.199391 0.977158 -0.073524 -0.313160 -0.007555 -0.949670 0.928533 -0.212380 -0.304501
0.710560 -28.898171 9.434152 -345.102327 0.151599 0.984945 -0.083069 0.071511 -0.094749 -0.992929 0.985852 -0.144587 0.084798
-2.998634 -6.357328 -37.996411 16.490581 -0.377650 -0.529194 0.759825 0.631863 0.452554 0.629241 -0.676852 0.717738 0.163471
-2.607660 -6.462352 19.140561 10.162046 -0.414584 -0.548789 0.725914 0.625379 0.407669 0.665363 -0.661076 0.729819 0.174188
-2.873474 -6.354308 37.104272 4.959609 0.437700 0.549348 -0.711783 0.526702 0.484935 0.698157 -0.728700 0.680481 0.077087
-0.844405 -3.890522 -36.897176 -12.110077 0.094256 0.995492 0.010592 0.831987 -0.084609 0.548305 -0.546729 0.042868 0.836211
-1.442032 -4.277819 -49.093717 10.242952 0.228641 0.969240 0.091092 0.758438 -0.236009 0.607513 -0.610324 0.069815 0.789069
-0.713755 -3.825811 -23.519802 13.399066 0.196925 0.977374 0.077201 0.775175 -0.203427 0.598098 -0.600270 0.057937 0.797696
