17552
35082
-5.952315 -7.813450 21.001127 184.417162 0.266306 0.963794 -0.013512 -0.847878 0.227564 -0.478870 0.458457 -0.138982 -0.877782
-6.718058 -9.055419 81.158402 126.062327 0.008456 0.994148 -0.107694 -0.822778 -0.054289 -0.565765 0.568301 -0.093392 -0.817504
-6.890135 -12.342685 -61.355824 409.367754 0.596668 0.761481 0.253246 -0.588769 0.629826 -0.506626 0.545288 -0.153184 -0.824133
-4.503151 -6.992625 -3.990657 83.348632 -0.357615 0.883833 -0.301580 -0.820033 -0.451713 -0.351427 0.446831 -0.121630 -0.886312
-4.302968 -11.076078 -162.456636 441.936066 0.609948 0.786570 0.096285 -0.678782 0.581292 -0.448726 0.408924 -0.208343 -0.888468
-4.607734 -6.171341 -13.385553 111.684912 0.167935 0.978253 -0.121736 -0.910997 0.106819 -0.398340 0.376674 -0.177796 -0.909123
5.591898 -11.143255 -15.380120 150.999151 0.505637 0.859422 -0.075666 -0.729557 0.472744 0.494226 -0.460519 0.194696 -0.866034
4.759256 -11.918232 -26.747441 120.699407 0.531066 0.837319 -0.129870 -0.778113 0.542594 0.316435 -0.335424 0.066995 -0.939682
5.536064 -12.903294 -36.636512 150.628142 0.563950 0.822725 -0.071298 -0.762814 0.552058 0.336670 -0.316348 0.135478 -0.938920
5.249434 -12.619640 9.498825 22.617381 0.598737 0.794491 -0.101481 -0.788877 0.606875 0.096832 -0.138518 -0.022079 -0.990114
5.871379 -13.532870 -34.102728 63.030461 0.590117 0.806669 -0.032358 -0.796908 0.588456 0.136593 -0.129227 0.054819 -0.990099
-7.834718 -9.157587 -95.432877 -3.516018 0.843679 0.535233 -0.041611 -0.310893 0.550302 0.774927 -0.437665 0.640854 -0.630679
-6.875817 -8.686889 -48.151070 -51.010897 0.814964 0.572586 -0.089322 -0.383634 0.648580 0.657395 -0.434348 0.501487 -0.748233
-6.755885 -9.227236 -4.538092 -28.784484 0.815871 0.571360 -0.088896 -0.313596 0.566379 0.762150 -0.485811 0.593938 -0.641268
-7.234933 -9.333872 -30.400466 2.213796 0.826423 0.560216 -0.056422 -0.259849 0.468374 0.844455 -0.499504 0.683216 -0.532646
-8.279012 -9.344968 -81.543089 7.479353 0.865350 0.501039 0.011393 -0.258918 0.427485 0.866151 -0.429105 0.752473 -0.499652
-1.581653 -7.547125 -229.279004 -6.639582 0.010214 0.895168 -0.445611 -0.548039 -0.367732 -0.751283 0.836390 -0.251886 -0.486832
-2.139205 -7.726150 -263.549013 -4.956342 0.035169 0.905637 -0.422594 -0.638955 -0.304764 -0.706297 0.768440 -0.294858 -0.567942
-4.700513 -7.799750 -145.520417 -28.757519 -0.150243 0.819046 -0.553706 -0.504432 -0.545185 -0.669569 0.850280 -0.178709 -0.495063
0.814719 -7.353851 -251.483886 13.486591 0.079999 0.923570 -0.374991 -0.609384 -0.252395 -0.751630 0.788829 -0.288643 -0.542618
-3.266891 -7.328790 -192.813578 -25.219806 -0.066664 0.835509 -0.545418 -0.440361 -0.515153 -0.735323 0.895342 -0.191162 -0.402268
-0.174761 -7.041836 -248.556991 -17.694584 0.044018 0.901575 -0.430377 -0.472995 -0.360644 -0.803873 0.879965 -0.238951 -0.410565
2.187663 -6.988069 -260.417822 -0.322685 0.080729 0.926889 -0.366552 -0.535632 -0.269796 -0.800193 0.840584 -0.260936 -0.474691
-0.548276 -6.953236 152.279045 -27.135139 0.141316 0.977642 0.155712 -0.865404 0.045615 0.498995 -0.480735 0.205269 -0.852501
-0.691100 -6.788076 133.840691 -28.231078 0.147844 0.979386 0.137638 -0.904523 0.077616 0.419301 -0.399975 0.186488 -0.897353
-2.424660 -7.264235 88.394312 -24.849145 0.069475 0.986343 0.149334 -0.866861 -0.014391 0.498342 -0.493685 0.164074 -0.854023
-1.485494 -7.198073 125.221510 -10.110924 0.093439 0.981737 0.165717 -0.815942 -0.019872 0.577792 -0.570532 0.189203 -0.799184
-0.965840 -8.430811 -39.854017 -21.851887 -0.575704 0.696572 0.428196 -0.003890 -0.526013 0.850467 -0.817649 -0.487952 -0.305538
-0.230553 -7.734538 -83.881872 -56.792135 -0.605008 0.693249 0.391626 -0.099477 -0.553816 0.826675 -0.789981 -0.461187 -0.404025
0.352189 -8.181376 -82.223679 11.426918 -0.596730 0.720985 0.352268 -0.002537 -0.440688 0.897657 -0.802438 -0.534765 -0.264801
0.510503 -8.935457 -79.789540 -9.053679 -0.598499 0.714745 0.361855 0.077297 -0.398057 0.914098 -0.797386 -0.575057 -0.182990
-0.030039 -7.869416 0.369446 -58.862288 -0.257384 0.966238 0.011751 -0.633923 -0.178017 0.752630 -0.729311 -0.186266 -0.658339
-0.087252 -7.889747 18.374898 2.937410 -0.249935 0.967854 0.028115 -0.512320 -0.156827 0.844354 -0.821621 -0.196630 -0.535048
-0.301021 -8.047638 -7.928884 -43.933911 -0.267617 0.963340 0.018925 -0.629439 -0.189663 0.753548 -0.729512 -0.189750 -0.657121
-0.253629 -7.443483 7.910519 -26.479278 -0.265295 0.963952 0.020398 -0.687383 -0.203930 0.697077 -0.676109 -0.170909 -0.716706
-2.513201 -3.893673 31.391878 -85.414627 0.493194 0.869888 0.007419 0.678263 -0.379182 -0.629428 0.544718 -0.315462 0.777023
-3.089668 -6.527384 47.355360 -283.825097 0.341103 0.927719 0.151612 0.762761 -0.178892 -0.621445 0.549404 -0.327620 0.768648
-2.307687 -4.218249 56.727902 -119.056204 0.364615 0.926167 0.096284 0.750639 -0.231167 -0.618953 0.550996 -0.297954 0.779504
-2.146540 -3.309021 55.211153 36.929946 0.327643 0.936725 0.123275 0.770006 -0.189136 -0.609359 0.547486 -0.294575 0.783253
-2.662804 -3.654394 61.017105 56.782290 0.493553 0.869656 0.010171 0.678860 -0.377908 -0.629551 0.543649 -0.317621 0.776893
0.081623 -14.012367 34.841776 75.752147 0.460598 0.886577 0.042775 0.507357 -0.302515 0.806891 -0.728312 0.349950 0.589149
-0.353811 -14.411012 22.992913 16.014938 0.457725 0.887083 0.059765 0.341848 -0.237645 0.909211 -0.820748 0.395738 0.412024
-0.828257 -13.791028 15.375942 43.473964 0.427984 0.903056 0.036324 0.459270 -0.251924 0.851825 -0.778396 0.347885 0.522566
-0.604421 -13.446443 9.676104 44.897518 0.409446 0.912242 0.013007 0.620711 -0.288989 0.728837 -0.668634 0.290346 0.684564
0.031884 -13.112083 33.463818 88.639033 0.445399 0.895071 0.021633 0.609873 -0.320994 0.724581 -0.655496 0.309534 0.688850
-1.167124 -13.410913 23.020572 13.739741 0.397004 0.917816 -0.001446 0.580258 -0.249771 0.775187 -0.711118 0.308592 0.631730
-1.456231 -13.372680 33.562861 20.434944 0.413769 0.910292 0.012825 0.440266 -0.212411 0.872381 -0.796845 0.355317 0.488659
-1.563828 -13.427303 34.068578 -23.922409 0.429560 0.901962 0.044073 0.271692 -0.175629 0.946223 -0.861198 0.394486 0.320499
1.395212 -5.679302 18.387459 -2.743108 -0.189937 0.942922 0.273537 0.736807 0.321032 -0.595025 0.648876 -0.088526 0.755727
1.055816 -5.614565 6.401191 -23.344997 -0.164280 0.948755 0.269956 0.674767 0.307712 -0.670823 0.719515 -0.071954 0.690740
1.327394 -5.444642 13.421586 2.383172 -0.197815 0.933068 0.300423 0.715388 0.346945 -0.606506 0.670142 -0.094943 0.736136
1.587253 -5.969070 -18.153364 37.549070 -0.188649 0.938844 0.288070 0.780439 0.321378 -0.536313 0.596093 -0.123646 0.793338
1.321150 -5.914502 35.272641 -13.725222 -0.185069 0.954058 0.235632 0.765918 0.290262 -0.573688 0.615727 -0.074303 0.784449
2.236900 -4.630465 16.100587 10.084332 0.189909 0.976972 -0.097269 -0.933054 0.148762 -0.327536 0.305523 -0.152960 -0.939818
2.853405 -4.824660 5.371864 8.071388 0.232498 0.966040 -0.112741 -0.907612 0.173840 -0.382126 0.349550 -0.191169 -0.917207
2.967201 -4.704499 40.907871 5.042580 0.141800 0.985033 -0.097996 -0.917163 0.093490 -0.387392 0.372432 -0.144811 -0.916692
2.025271 -4.586251 28.019640 5.853497 0.089639 0.991132 -0.098096 -0.939121 0.051311 -0.339733 0.331687 -0.122577 -0.935392
1.642160 -4.585554 6.183796 7.609402 0.123739 0.987266 -0.099969 -0.959350 0.093268 -0.266363 0.253647 -0.128865 -0.958675
-0.178975 -6.996015 -86.041037 -29.282244 -0.234240 0.966977 -0.100433 -0.821475 -0.141622 0.552379 -0.519914 -0.211893 -0.827521
-0.083198 -6.515419 -74.715855 -40.244143 -0.248895 0.964835 -0.084530 -0.867031 -0.183066 0.463405 -0.431634 -0.188629 -0.882106
0.456056 -6.666127 -42.133245 -38.320489 -0.226204 0.970074 -0.088255 -0.840104 -0.148432 0.521722 -0.493009 -0.192158 -0.848538
-0.778188 -6.785378 -63.977616 -49.739638 -0.265727 0.961014 -0.076427 -0.860938 -0.200887 0.467365 -0.433791 -0.189990 -0.880755
-0.213088 -13.058227 3.477077 -428.677148 0.360351 0.932509 0.023977 0.394690 -0.129130 -0.909695 0.845203 -0.337273 0.414584
-0.256121 -9.894120 -10.887486 -160.133943 0.332107 0.938764 0.091800 0.506690 -0.095465 -0.856826 0.795594 -0.331073 0.507367
-0.180245 -11.820572 1.875736 -210.708689 0.339902 0.937266 0.077448 0.485391 -0.104299 -0.868053 0.805520 -0.332646 0.490393
-1.094480 -17.448138 25.519816 70.035361 -0.112405 0.952334 0.283594 -0.073721 -0.292609 0.953386 -0.990924 -0.086258 -0.103098
-0.951035 -17.335404 26.361807 -42.435753 -0.113387 0.948225 0.296669 0.100011 -0.286185 0.952941 -0.988505 -0.137721 0.062384
-0.839915 -17.560501 33.651121 35.091596 -0.095529 0.949478 0.298940 -0.035597 -0.303379 0.952205 -0.994790 -0.080322 -0.062781
-1.104889 -17.249368 26.036751 26.158703 -0.097280 0.953402 0.285589 -0.249077 -0.301141 0.920476 -0.963586 -0.018410 -0.266765
-0.885434 -17.300450 16.330930 -9.137502 -0.095690 0.947709 0.304452 -0.219660 -0.318420 0.922149 -0.970872 -0.021364 -0.238643
3.778231 -2.940636 104.304203 -21.390039 0.259400 0.866937 0.425596 -0.610439 0.488668 -0.623352 0.748382 0.098103 -0.655973
3.230600 -2.573817 74.791906 5.390813 0.220800 0.879364 0.421862 -0.598451 0.463693 -0.653334 0.770132 0.108208 -0.628640
3.055736 -2.736014 54.628935 -37.906252 0.235300 0.859708 0.453360 -0.611184 0.493569 -0.618744 0.755704 0.131496 -0.641577
3.425858 -3.318248 92.956365 -36.077585 0.249964 0.857430 0.449813 -0.640555 0.494809 -0.587241 0.726090 0.141341 -0.672916
-117.764217 -3332.002436 8876.591490 -262843.181445 -0.048291 0.998833 0.000764 -0.141082 -0.007579 0.989969 -0.988819 -0.047699 -0.141283
7.111788 -86.034576 24.354216 1534.792899 -0.022184 0.997799 0.062493 0.403402 -0.048260 0.913749 -0.914754 -0.045481 0.401444
3.453286 -64.381996 -241.967284 -975.975954 -0.107002 0.981570 0.158339 0.041087 -0.154752 0.987099 -0.993410 -0.112127 0.023771
0.860525 -56.143655 -210.159915 -1769.772432 -0.154250 0.980969 0.117924 -0.432325 -0.174332 0.884705 -0.888427 -0.085484 -0.450988
2.484312 -74.827043 -161.890234 -2838.572541 -0.082182 0.996377 0.021891 -0.609000 -0.067593 0.790285 -0.788901 -0.051616 -0.612349
-68.288677 -901.633771 3667.295106 197181.404687 0.046561 0.993386 -0.104962 -0.460496 -0.071899 -0.884745 0.886440 -0.089529 -0.454102
2.257442 -890.698231 877.290291 -226010.027629 -0.057265 0.993920 -0.094038 0.091975 -0.088540 -0.991817 0.994113 0.065445 0.086346
-2.463327 -1373.676534 570.781088 69998.451566 -0.022162 0.996373 -0.082156 0.869107 -0.021415 -0.494161 0.494128 0.082354 0.865480
-31.501517 -1067.892904 1667.380173 276337.146052 -0.054199 0.995403 -0.078962 0.600785 -0.030655 -0.798823 0.797571 0.090734 0.596362
-34.806991 -1213.231489 2351.484034 -211060.771516 -0.009236 0.997391 -0.071594 0.819248 0.048601 0.571377 -0.573366 0.053376 0.817559
-0.129634 -5.685389 46.255133 -2.538624 -0.291327 0.921781 -0.255830 -0.626262 -0.385930 -0.677388 0.723135 0.037125 -0.689708
-0.023583 -5.717672 53.698304 -12.310477 -0.293382 0.919045 -0.263216 -0.551383 -0.387594 -0.738748 0.780964 0.071602 -0.620459
-0.657829 -5.797994 28.105363 -1.101370 -0.310947 0.903386 -0.295307 -0.597139 -0.427421 -0.678775 0.739416 0.034724 -0.672352
0.702011 -3.163144 -7.108813 45.842942 -0.097522 0.992251 0.076984 -0.828327 -0.123804 0.546395 -0.551692 0.010483 -0.833982
0.572759 -2.893859 10.198530 36.465921 -0.081537 0.993637 0.077700 -0.824221 -0.111056 0.555271 -0.560367 0.018767 -0.828032
0.690522 -2.868915 -3.298509 23.663906 -0.057299 0.996955 0.052889 -0.812825 -0.077345 0.577350 -0.579683 0.009908 -0.814782
-1.118174 -9.564933 1.040617 55.126926 -0.043364 0.999054 -0.003241 -0.880579 -0.039753 -0.472229 0.471911 0.017624 -0.881470
-1.164950 -8.901832 -5.395266 119.701442 -0.071413 0.997289 -0.017737 -0.946217 -0.073360 -0.315106 0.315553 0.005720 -0.948891
-1.361422 -9.280935 -11.923959 44.197791 -0.051403 0.998662 0.005680 -0.879853 -0.042595 -0.473333 0.472458 0.029328 -0.880865
-1.287618 -10.531110 -12.018074 14.855476 -0.041311 0.999142 0.002834 -0.803131 -0.031519 -0.594968 0.594369 0.026855 -0.803744
-1.122681 -10.932619 -10.687561 -4.469999 -0.027409 0.999608 -0.005696 -0.771078 -0.024768 -0.636259 0.636151 0.013047 -0.771454
-39.829483 -327.999455 -8573.184100 -36504.545479 0.733771 0.106690 -0.670967 0.171551 0.926495 0.334929 0.657381 -0.360866 0.661533
86.399049 -446.293405 -7054.390415 -41568.914430 0.808891 -0.084486 -0.581857 0.241602 0.949973 0.197936 0.536025 -0.300687 0.788837
33.197413 -10.788486 -2218.958400 -646.485227 0.199120 -0.238208 -0.950583 0.963190 0.226335 0.145044 0.180599 -0.944473 0.274507
-52.930084 -188.935939 -2702.355739 10776.774544 0.905022 0.313412 -0.287592 -0.358403 0.197715 -0.912391 0.229093 -0.928807 -0.291263
-20.663527 -98.722775 -122.845358 -7128.264181 0.035568 0.623003 -0.781411 0.979429 -0.177138 -0.096647 -0.198629 -0.761899 -0.616488
0.913671 -9.941907 16.841240 67.340846 -0.046704 0.997977 -0.043143 -0.915699 -0.060031 -0.397356 0.399142 -0.020948 -0.916650
0.898864 -11.403734 4.058502 150.850470 -0.112996 0.991491 -0.064628 -0.854730 -0.130163 -0.502489 0.506625 0.001540 -0.862165
0.824245 -10.173605 0.339422 161.328127 -0.093855 0.993843 -0.058880 -0.897386 -0.110061 -0.427300 0.431150 -0.012733 -0.902190
-8.425109 -14.949696 284.000460 431.407541 -0.034518 0.795886 0.604462 0.717648 0.440674 -0.539247 0.695550 -0.415178 0.586377
-5.670400 -14.643420 176.014678 -301.225816 0.434156 0.895235 0.100312 0.489418 -0.140920 -0.860588 0.756292 -0.422724 0.499326
-4.926509 -10.099554 -4.238371 182.694725 0.203197 0.870826 0.447630 0.678769 0.204208 -0.705388 0.705680 -0.447170 0.549595
-6.560302 -9.002235 -69.897320 -21.521533 0.688341 0.717780 -0.104777 0.301213 -0.151431 0.941456 -0.659892 0.679603 0.320441
-6.006989 -8.710733 -34.688678 -32.618385 0.629156 0.767124 -0.125237 0.330668 -0.118341 0.936298 -0.703436 0.630489 0.328118
-6.133562 -9.092776 -37.131034 -44.318001 0.652232 0.750915 -0.103535 0.388314 -0.213687 0.896410 -0.651004 0.624871 0.430964
-6.090120 -8.627874 -31.297571 0.068399 0.645705 0.755648 -0.109825 0.245538 -0.069284 0.966908 -0.723032 0.651304 0.230277
-6.856448 -9.205311 -53.947992 -31.379158 0.694375 0.696806 -0.179738 0.448659 -0.223920 0.865197 -0.562627 0.681411 0.468112
-6.657138 -8.838295 -70.584259 0.661999 0.699069 0.709103 -0.092063 0.194562 -0.064737 0.978752 -0.688076 0.702127 0.183220
-1.109869 -3.978498 84.962030 68.400877 0.081743 0.988853 -0.124450 0.591779 -0.148630 -0.792280 0.801945 0.008884 0.597332
-0.973010 -2.962234 29.266354 70.264065 0.047968 0.998414 -0.029463 0.559107 -0.051281 -0.827508 0.827707 -0.023221 0.560680
-0.385781 -2.925656 59.758040 71.108078 0.082717 0.989860 -0.115478 0.548528 -0.141964 -0.823993 0.832031 -0.004815 0.554708
0.001575 -4.099097 61.411025 58.781957 0.112569 0.981466 -0.155091 0.596948 -0.191575 -0.779071 0.794343 0.004883 0.607450
0.662478 -3.203841 33.484956 68.605506 0.118781 0.982386 -0.144250 0.549720 -0.186046 -0.814368 0.826861 -0.017435 0.562136
-3.387012 -15.250772 -24.620294 -491.724202 -0.199550 0.979044 0.040664 -0.920241 -0.201499 0.335491 -0.336654 -0.029527 -0.941165
-2.963304 -9.628246 -38.569363 -300.892679 -0.171552 0.985156 0.006071 -0.966220 -0.169451 0.194176 -0.192323 -0.027446 -0.980948
-2.643866 -14.327722 -41.239568 -471.357544 -0.220555 0.975353 -0.006525 -0.933670 -0.209185 0.290692 -0.282162 -0.070205 -0.956795
-1.556973 -9.255186 0.803111 -54.297644 -0.273753 0.959822 -0.061647 0.837481 0.206360 -0.506005 0.472954 0.190149 0.860324
-1.534225 -8.660322 10.603604 -27.059604 -0.292840 0.952265 -0.086236 0.814709 0.201291 -0.543812 0.500495 0.229507 0.834764
-1.412835 -8.454647 -12.813822 -38.724250 -0.322400 0.945730 -0.040667 0.867161 0.277842 -0.413323 0.379593 0.168520 0.909676
-1.428866 -7.774008 -42.768719 -32.931885 -0.366719 0.930022 -0.024013 0.881225 0.338971 -0.329456 0.298262 0.141978 0.943866
-1.157737 -7.684020 -23.062252 -47.868530 -0.339529 0.940175 -0.028120 0.907023 0.319348 -0.274456 0.249056 0.118691 0.961188
1.321660 -13.420094 10.977779 217.938367 0.333917 0.934098 -0.126336 0.936961 -0.343565 -0.063768 0.102970 0.097079 0.989936
1.493679 -11.684651 24.428068 243.064049 0.314551 0.940345 -0.129652 0.911834 -0.337289 -0.234085 0.263851 0.044590 0.963532
1.508260 -13.162864 -0.735408 299.345995 0.329176 0.939581 -0.093971 0.923363 -0.341115 -0.176186 0.197596 0.028773 0.979861
1.471203 -14.103937 -12.369117 193.698596 0.326819 0.942916 -0.064018 0.939664 -0.331444 -0.084714 0.101097 0.032469 0.994347
1.403549 -14.424336 -2.867773 96.324837 -0.343106 -0.933972 0.099871 0.939126 -0.339076 0.055400 -0.017878 0.112800 0.993457
-0.173745 -15.966820 -0.001634 -51.152985 -0.201659 -0.963259 -0.177386 0.968131 -0.168570 -0.185222 0.148515 -0.209085 0.966554
-0.216932 -15.482128 -15.725970 -119.878737 -0.214146 -0.963604 -0.160026 0.964340 -0.182471 -0.191711 0.155534 -0.195373 0.968317
-0.221428 -15.166942 -20.018172 -52.078470 -0.184364 -0.967416 -0.173542 0.982857 -0.181753 -0.030960 -0.001591 -0.176275 0.984340
-0.117264 -16.448085 9.840906 -84.423706 0.240834 0.958916 0.149929 0.903974 -0.165384 -0.394310 0.353314 -0.230495 0.906665
-0.282454 -16.121149 0.618665 8.803723 -0.167510 -0.968222 -0.185704 0.983029 -0.178327 0.043041 -0.074790 -0.175342 0.981663
-0.039450 -17.611557 -14.456782 -117.342728 0.229371 0.957140 0.176839 0.919624 -0.153585 -0.361530 0.318875 -0.245550 0.915436
0.297427 -13.626558 15.972410 -76.323140 0.106692 0.993477 -0.040256 -0.932387 0.114030 0.343003 -0.345356 -0.000939 -0.938471
0.393616 -15.410327 24.959414 -1.025911 0.071089 0.997319 -0.017384 -0.835340 0.069049 0.545381 -0.545119 0.024249 -0.838008
0.647032 -14.260680 3.991734 -38.935644 0.042647 0.998837 -0.022497 -0.854733 0.048135 0.516832 -0.517313 0.002813 -0.855791
0.510738 -12.747538 8.900104 -58.717946 0.052050 0.998147 -0.031508 -0.907667 0.060442 0.415316 -0.416451 -0.006982 -0.909131
-5.861467 -11.921049 134.661771 132.192708 -0.392240 0.587005 -0.708218 0.561915 -0.456664 -0.689717 0.728285 0.668493 0.150725
-3.826635 -10.890921 138.288991 -151.957448 -0.437388 0.498550 -0.748425 -0.556624 0.503574 0.660744 0.706301 0.705593 0.057248
-4.653434 -13.097377 -141.445858 108.145256 0.454536 -0.553223 0.698098 0.668129 -0.306555 -0.677958 0.589068 0.774576 0.230284
-6.165329 -13.471874 -125.949921 57.476582 0.407510 -0.628365 0.662641 0.703044 -0.247222 -0.666791 0.582807 0.737590 0.341023
0.004297 -20.386466 -32.922555 -386.598595 -0.282010 0.956517 -0.074470 -0.747372 -0.170350 0.642196 -0.601585 -0.236762 -0.762915
-0.433964 -19.208339 -32.373163 -389.080907 -0.277512 0.958213 -0.069397 -0.796961 -0.189268 0.573612 -0.536507 -0.214490 -0.816183
0.051736 -16.552314 -21.802511 -335.194826 -0.286622 0.955808 -0.065418 -0.854439 -0.224144 0.468716 -0.433339 -0.190240 -0.880924
0.444703 -19.428062 -11.120309 -385.734738 -0.271398 0.960590 -0.060074 -0.785209 -0.184888 0.590985 -0.556588 -0.207563 -0.804442
0.105591 -6.045069 46.007741 14.602656 -0.044769 0.962784 -0.266540 -0.508466 -0.251623 -0.823498 0.859918 -0.098659 -0.500807
0.883308 -6.008358 60.251426 -4.358926 -0.064611 0.948417 -0.310371 -0.488959 -0.301215 -0.818651 0.869911 -0.098864 -0.483199
0.015179 -6.419551 39.336110 24.445892 -0.040445 0.965673 -0.256594 -0.418489 -0.249566 -0.873260 0.907321 -0.072062 -0.414217
-0.439490 -6.732977 18.703071 25.788021 -0.013395 0.975758 -0.218443 -0.421295 -0.203633 -0.883767 0.906825 -0.080191 -0.413809
-0.712173 -7.695158 10.358016 89.785635 0.002233 0.986202 -0.165531 -0.337208 -0.155093 -0.928567 0.941428 -0.057892 -0.332209
-0.306254 -6.976553 21.760031 63.178886 -0.031098 0.970203 -0.240290 -0.346956 -0.235936 -0.907720 0.937366 -0.055142 -0.343955
0.860820 -20.037982 32.228934 -383.278489 -0.236411 0.966351 -0.101368 -0.822123 -0.254544 -0.509236 0.517904 0.037053 -0.854636
0.048595 -22.303044 -22.217258 -406.369364 -0.262159 0.955531 -0.135029 -0.885479 -0.293812 -0.360003 0.383667 -0.025187 -0.923128
-0.557447 -23.899371 33.900276 -254.001947 -0.203630 0.975659 -0.081391 -0.948543 -0.217193 -0.230422 0.242491 -0.030282 -0.969681
0.539703 -24.128740 39.680551 -388.358250 -0.152871 0.985565 -0.072751 -0.909299 -0.169109 -0.380235 0.387049 -0.008026 -0.922024
-1.603232 -25.146679 15.646541 104.432639 -0.197256 0.976113 -0.091071 0.979378 0.192067 -0.062685 -0.043696 -0.101558 -0.993870
-0.967407 -25.875875 29.069920 97.828385 -0.138559 0.988266 -0.064272 0.989708 0.140520 0.027043 0.035757 -0.059863 -0.997566
3.049320 -2.661624 -136.357040 1.805978 0.058756 0.972532 0.225233 0.231850 -0.232748 0.944497 -0.970976 0.003274 0.239156
3.880512 -1.948169 -46.764096 -5.426568 0.157444 0.962738 0.219879 0.204093 -0.249571 0.946605 -0.966208 0.104162 0.235781
4.063627 -2.446696 -62.272588 -10.067792 0.132217 0.978205 0.160105 0.250533 -0.189258 0.949429 -0.959037 0.085419 0.270095
2.897623 -3.134007 -138.270162 -36.248352 0.037020 0.986675 0.158439 0.268125 -0.162541 0.949573 -0.962672 -0.007328 0.270570
4.347543 -3.085024 -108.434394 -57.492349 0.093317 0.987461 0.127331 0.282087 -0.148870 0.947768 -0.954840 0.052524 0.292442
4.847063 -2.551283 -7.599909 -41.003295 0.173874 0.979438 0.102322 0.275963 -0.148203 0.949674 -0.945311 0.136887 0.296057
15.714001 -105.552039 753.997741 -5704.869965 -0.164306 0.954249 -0.249825 0.969241 0.203229 0.138814 0.183235 -0.219333 -0.958289
10.126522 -41.456687 229.756724 -2131.656227 -0.005802 0.928918 -0.370240 0.988034 -0.051742 -0.145300 -0.154129 -0.366653 -0.917502
104.406783 -1580.256850 2076.755490 -110758.225624 0.142061 0.912744 -0.383036 0.913998 0.027610 0.404778 0.380035 -0.407598 -0.830324
-0.559630 -30.407103 -30.009246 -467.533077 -0.408921 0.908018 0.091033 0.711962 0.379841 -0.590619 0.570871 0.176705 0.801799
-0.552040 -22.148477 -47.601375 -136.248364 -0.378455 0.920440 0.097788 0.818950 0.382204 -0.428067 0.431385 0.081921 0.898441
0.404107 -25.290988 -52.368648 -560.261543 -0.439367 0.885971 0.148365 0.656215 0.429341 -0.620522 0.613464 0.175278 0.770026
0.901916 -5.310303 -33.864788 -51.832552 0.042284 0.995812 0.081064 0.326388 0.062917 -0.943140 0.944290 -0.066338 0.322360
0.538885 -4.772273 -50.158287 -79.484362 0.044479 0.991503 0.122245 0.389133 0.095506 -0.916217 0.920107 -0.088322 0.381578
1.203965 -4.452561 -34.284517 -89.200433 0.040680 0.995275 0.088165 0.405882 0.064170 -0.911670 0.913020 -0.072871 0.401354
1.422754 -4.741947 -4.665347 -94.894197 0.023103 0.998412 0.051377 0.393279 0.038171 -0.918626 0.919129 -0.041428 0.391773
-0.540227 -4.872953 -29.089078 -75.020470 -0.147454 -0.423098 0.894005 0.563090 0.707192 0.427561 -0.813134 0.566451 0.133964
-0.921588 -4.802966 -15.717086 -62.342096 -0.193494 -0.502457 0.842672 0.536742 0.664758 0.519619 -0.821260 0.552841 0.141063
-1.136976 -5.756041 -6.324069 -65.435546 -0.183216 -0.491184 0.851570 0.602880 0.628081 0.491986 -0.776510 0.603534 0.181051
-2.647093 -15.460713 18.714799 52.324164 0.136329 0.990656 -0.003993 -0.691217 0.098007 0.715971 -0.709672 0.094847 -0.698119
-2.541878 -16.137707 36.851173 35.667124 0.129866 0.991251 -0.023597 -0.712684 0.109864 0.692828 -0.689359 0.073158 -0.720717
-2.782257 -14.749971 42.939681 76.454853 0.129086 0.991590 0.009291 -0.553073 0.064217 0.830654 -0.823072 0.112364 -0.556711
2.443754 -6.887478 156.004185 28.566809 -0.152746 0.954949 -0.254443 0.734841 -0.062409 -0.675362 0.660816 0.290134 0.692203
4.638525 -6.556312 152.898189 26.003275 -0.105043 0.967574 -0.229711 0.751548 -0.074034 -0.655511 0.651262 0.241495 0.719401
3.007195 -7.078668 166.475493 5.532706 -0.160507 0.957519 -0.239571 0.800912 -0.015509 -0.598581 0.576869 0.287952 0.764399
4.026303 -6.025178 144.721420 52.063591 -0.094177 0.959464 -0.265632 0.670542 -0.136087 -0.729283 0.735869 0.246799 0.630544
2.126443 -6.441832 146.712496 54.313414 -0.126693 0.947345 -0.294086 0.655836 -0.142429 -0.741346 0.744196 0.286796 0.603258
1.481592 -30.457423 98.514276 617.262347 0.838104 -0.533150 -0.115471 0.248024 0.183889 0.951141 0.485866 0.825794 -0.286352
2.031142 -34.548074 10.482524 29.287634 0.865338 -0.491324 -0.098951 0.354239 0.459913 0.814245 0.354550 0.739649 -0.572026
1.629799 -30.895976 30.848567 597.463938 0.851249 -0.519423 -0.074671 0.167429 0.133976 0.976738 0.497336 0.843949 -0.201014
-8.640801 -12.570981 48.245795 285.174374 0.467617 0.830389 0.302967 -0.569748 0.545200 -0.614934 0.675812 -0.114939 -0.728057
-6.994943 -10.641266 75.852871 113.328460 0.039097 0.997274 -0.062572 -0.721844 -0.015112 -0.691890 0.690950 -0.072218 -0.719286
-5.605258 -9.590395 -36.781719 102.321550 -0.155138 0.974214 -0.163825 -0.749173 -0.224118 -0.623307 0.643950 -0.026035 -0.764624
-5.209275 -8.007981 -22.318659 86.976444 -0.345858 0.899604 -0.266635 -0.771530 -0.434386 -0.464812 0.533969 -0.044958 -0.844308
7.985315 -13.158886 -13.492821 98.056673 0.560316 0.804303 0.197848 -0.414948 0.065850 0.907459 -0.716843 0.590560 -0.370641
7.713397 -13.370092 -41.963068 -9.956641 0.510440 0.847428 0.146000 -0.481542 0.141025 0.865003 -0.712438 0.511837 -0.480057
8.482894 -13.946113 -50.015069 70.849886 0.583103 0.782972 0.216672 -0.531806 0.166260 0.830385 -0.614144 0.599427 -0.513336
6.998936 -13.063498 -33.715930 65.820294 0.491290 0.862311 0.122693 -0.300370 0.035512 0.953161 -0.817565 0.505132 -0.276459
7.799853 -13.081091 3.628849 171.744685 0.616162 0.740913 0.267192 -0.446434 0.049057 0.893471 -0.648877 0.669807 -0.360996
7.325268 -11.806993 -0.261658 171.905816 0.576394 0.791645 0.202650 -0.299460 -0.026111 0.953751 -0.760324 0.610423 -0.222016
-5.293993 -8.620992 -178.035104 -0.253906 -0.188945 0.800790 -0.568362 -0.594466 -0.553958 -0.582873 0.781608 -0.227741 -0.580709
0.304128 -7.359094 -309.124107 22.662888 0.133331 0.926550 -0.351749 -0.727305 -0.149621 -0.669807 0.673239 -0.345135 -0.653935
-3.786938 -8.189580 -265.099980 28.051583 -0.022813 0.891369 -0.452705 -0.718200 -0.329615 -0.612815 0.695462 -0.311152 -0.647701
2.461061 -7.116776 -247.438580 23.022244 0.113636 0.939696 -0.322580 -0.672268 -0.166339 -0.721379 0.731535 -0.298835 -0.612825
-2.467594 -6.935520 101.335828 -28.629192 0.104755 0.986676 0.124484 -0.918644 0.048056 0.392152 -0.380944 0.155436 -0.911439
-1.124551 -7.628126 -39.364549 -66.714040 -0.586463 0.676157 0.445952 -0.130247 -0.622134 0.772001 -0.799435 -0.394666 -0.452926
-0.408182 -7.297106 -101.821971 -44.733391 -0.616972 0.671248 0.410819 -0.170422 -0.623586 0.762953 -0.768312 -0.400708 -0.499130
0.632451 -7.297334 -123.921658 -72.879001 -0.613631 0.700350 0.364646 -0.168440 -0.567292 0.806106 -0.771417 -0.433231 -0.466075
0.085179 -8.038457 23.002732 -11.524459 -0.235488 0.971874 -0.002582 -0.519425 -0.123612 0.845528 -0.821427 -0.200453 -0.533925
0.173401 -7.899751 45.278104 82.212614 -0.221867 0.975077 0.000764 -0.397739 -0.091217 0.912953 -0.890269 -0.202250 -0.408064
0.190368 -8.198529 -40.362511 -61.073314 -0.249324 0.967273 -0.047118 -0.570255 -0.107316 0.814428 -0.782718 -0.229926 -0.578349
0.332117 -7.957692 -20.384013 36.046255 -0.247140 0.968423 -0.032846 -0.445685 -0.083509 0.891286 -0.860399 -0.234911 -0.452250
-0.763821 -8.031688 11.355361 57.415198 -0.120823 0.991506 0.048152 -0.901168 -0.089214 -0.424190 0.416291 0.094645 -0.904292
-0.803964 -9.462024 8.678218 61.354688 -0.101159 0.992580 0.067470 -0.813593 -0.043505 -0.579804 0.572567 0.113545 -0.811957
-1.072446 -8.640280 36.805919 19.162899 -0.112403 0.991153 0.070576 -0.838280 -0.056450 -0.542310 0.533528 0.120120 -0.837209
-1.025538 -7.809945 35.405514 74.810598 -0.119031 0.991179 0.058276 -0.924541 -0.089246 -0.370485 0.362016 0.097978 -0.927009
-0.874985 -7.612529 14.432265 45.657372 -0.143978 0.988896 0.036811 -0.951679 -0.128171 -0.279069 0.271252 0.075212 -0.959565
0.530040 -15.025039 52.284270 97.917258 0.479013 0.875109 0.068782 0.445224 -0.309738 0.840141 -0.756519 0.371816 0.537988
0.160953 -14.992517 42.471569 -26.057091 0.479706 0.872157 0.096042 0.215869 -0.223404 0.950521 -0.850460 0.435238 0.295440
-0.639661 -14.282008 25.311675 -65.694700 0.463898 0.881010 0.092848 0.135117 -0.173946 0.975442 -0.875524 0.439960 0.199732
0.960950 -5.371887 3.612853 -17.102718 -0.171578 0.941315 0.290667 0.649471 0.329927 -0.685080 0.740775 -0.071235 0.667965
0.932335 -5.580725 -1.200329 -4.525312 -0.146842 0.953775 0.262202 0.621414 0.295187 -0.725747 0.769599 -0.056366 0.636035
0.565233 -7.181038 -0.837681 -96.617216 -0.089403 0.979609 0.179924 0.623383 0.195925 -0.756972 0.776789 -0.044486 0.628188
2.389148 -5.219680 -71.289533 9.012899 0.275063 0.948592 -0.156567 -0.883784 0.185362 -0.429613 0.378506 -0.256542 -0.889337
1.922295 -5.047753 -69.430777 16.392443 0.315775 0.939145 -0.135250 -0.898147 0.249888 -0.361784 0.305970 -0.235717 -0.922399
0.275808 -5.389813 -170.393723 26.596607 0.310239 0.931703 -0.188893 -0.900192 0.224034 -0.373447 0.305623 -0.285898 -0.908216
0.879280 -4.936852 -76.645496 -15.625006 0.350583 0.925383 -0.144074 0.907005 -0.297163 0.298390 0.233311 -0.235286 -0.943507
13.839542 -6.466905 -861.062885 -173.932166 -0.167065 -0.969444 -0.179632 0.965200 -0.123634 -0.230444 0.201194 -0.211880 0.956362
1.144342 -5.995513 65.990713 -69.055273 0.131093 0.978967 0.156329 0.960138 -0.086105 -0.265935 0.246880 -0.184960 0.951231
16.501941 -6.726038 949.629073 -133.381319 0.077819 0.975587 0.205364 0.956652 -0.015086 -0.290842 0.280643 -0.219095 0.934471
1.675359 -6.791649 70.164391 -50.473401 0.127177 0.977534 0.168088 0.927282 -0.057018 -0.369996 0.352099 -0.202920 0.913701
32.584038 -7.541545 1934.608647 -144.887463 0.146031 0.971309 0.187705 0.964570 -0.097655 -0.245086 0.219724 -0.216845 0.951157
15.557290 -6.633669 889.092677 -36.287885 -0.034884 0.964769 0.260775 0.930541 0.126530 -0.343634 0.364523 -0.230674 0.902171
77.354610 -12.358608 4490.095355 -262.659075 0.063724 0.973009 0.221795 0.948468 0.010077 -0.316712 0.310398 -0.230548 0.922226
-0.710964 -3.559721 -70.509992 -53.185736 0.063695 0.751761 0.656352 -0.609718 0.549981 -0.570758 0.790055 0.363836 -0.493394
-0.621618 -3.127646 -74.091125 -20.951984 -0.007342 0.812386 0.583073 -0.576532 0.472982 -0.666258 0.817042 0.341052 -0.464894
0.013140 -2.922576 -33.562226 -28.627159 -0.045262 0.821588 0.568282 -0.589764 0.437173 -0.679012 0.806306 0.365885 -0.464756
-0.453327 -3.537279 -13.333555 -37.421832 0.042702 0.758395 0.650395 -0.600096 0.539947 -0.590206 0.798788 0.365096 -0.478166
0.283146 -17.150227 -42.154110 -440.699830 0.377022 0.925724 0.029821 0.310960 -0.096186 -0.945543 0.872444 -0.365764 0.324127
-0.001483 -13.029883 -20.335805 -245.986671 0.348722 0.934512 0.071274 0.488583 -0.116368 -0.864723 0.799800 -0.336371 0.497167
0.299772 -13.416847 -21.700176 -300.844001 0.332237 0.939506 0.083347 0.483491 -0.093768 -0.870313 0.809849 -0.329447 0.485396
0.663939 -17.464535 -36.043074 -410.962233 0.346154 0.936317 0.059060 0.387033 -0.085173 -0.918124 0.854624 -0.340670 0.391868
0.850109 -21.956108 -17.163708 -357.621261 0.352153 0.935929 0.005026 0.076731 -0.023518 -0.996774 0.932792 -0.351403 0.080096
0.269865 -21.033586 -54.721830 -287.683963 0.391712 0.920031 -0.010201 0.007638 -0.014339 -0.999868 0.920056 -0.391582 0.012644
1.408877 -9.257504 -5.554882 20.055351 0.203278 -0.952450 -0.226975 0.978653 0.190475 0.077191 -0.030288 -0.237821 0.970837
1.231726 -9.490562 0.958222 -21.302801 0.222094 -0.946620 -0.233636 0.953621 0.160957 0.254363 -0.203179 -0.279292 0.938464
1.394341 -9.866447 -13.161079 -31.818665 0.221127 -0.955792 -0.193817 0.958178 0.175907 0.225723 -0.181651 -0.235625 0.954717
1.100367 -9.120080 4.941418 -6.633374 0.196522 -0.946599 -0.255597 0.973154 0.156457 0.168798 -0.119794 -0.281907 0.951934
1.453084 -9.662328 -4.356295 18.131508 0.207501 -0.957793 -0.198937 0.976558 0.190913 0.099434 -0.057258 -0.214906 0.974955
1.585236 -9.065647 -1.226752 85.939974 0.203647 -0.957690 -0.203368 0.975720 0.215633 -0.038388 0.080616 -0.190612 0.978350
1.392757 -8.676318 5.222187 52.631560 0.178067 -0.949195 -0.259462 0.975670 0.204583 -0.078834 0.127910 -0.239112 0.962530
1.255375 -8.989733 -3.218614 30.945407 0.184907 -0.950016 -0.251552 0.982754 0.178251 0.049202 -0.001904 -0.256312 0.966592
1.524851 -8.698914 -19.087961 70.363438 0.194968 -0.956804 -0.215671 0.969914 0.220768 -0.102609 0.145790 -0.189177 0.971060
-1.347558 -17.857333 4.973908 39.629585 -0.139877 0.948564 0.284009 -0.012942 -0.288556 0.957376 -0.990084 -0.130240 -0.052639
-1.299163 -18.607214 9.441201 -126.528495 -0.130826 0.942166 0.308559 0.181471 -0.283217 0.941730 -0.974655 -0.179197 0.133924
-0.897408 -18.533266 29.036947 -177.874168 -0.099326 0.943533 0.316038 0.321710 -0.270101 0.907496 -0.941614 -0.191811 0.276716
-0.527590 -14.282430 14.701475 -429.964409 0.057793 0.981347 0.183353 -0.399819 -0.145536 0.904966 -0.914770 0.125609 -0.383950
-0.097257 -10.533739 -54.730346 -92.789136 0.016098 0.983367 0.180913 -0.474384 -0.151764 0.867137 -0.880171 0.099781 -0.464051
-0.271063 -13.009742 56.039840 -317.531979 0.057610 0.965511 0.253908 -0.498683 -0.192497 0.845139 -0.864868 0.175308 -0.470394
5.661510 -99.905931 385.569984 4384.603466 0.092401 0.994554 -0.048209 0.743429 -0.036699 0.667807 -0.662401 0.097546 0.742772
8.536736 -67.616136 33.626494 2270.609429 -0.071687 0.990013 0.121390 0.831364 -0.007934 0.555671 -0.551085 -0.140753 0.822492
6.910878 -61.581362 -235.835695 280.795181 -0.135017 0.971820 0.193227 0.453553 -0.112767 0.884066 -0.880943 -0.207002 0.425546
-16.758621 -295.146160 1053.838320 7091.132985 -0.054074 0.979056 -0.196279 -0.935159 -0.118568 -0.333795 0.350076 -0.165503 -0.921985
0.330030 -5.631125 85.466422 -14.875652 -0.289838 0.928985 -0.230177 -0.586838 -0.362486 -0.724034 0.756052 0.074776 -0.650226
1.227857 -5.544320 99.363681 -25.019004 -0.260560 0.944393 -0.200574 -0.541825 -0.314988 -0.779236 0.799084 0.094362 -0.593769
0.604405 -5.461565 92.323486 -14.809274 -0.292167 0.930801 -0.219652 -0.476322 -0.340785 -0.810545 0.829310 0.132189 -0.542928
0.431614 -14.568968 -5.494785 -67.506650 0.011221 0.996261 0.085664 -0.159041 -0.082800 0.983794 -0.987208 0.024663 -0.157517
0.554770 -14.687217 -34.400249 72.571864 -0.000629 0.997728 0.067364 -0.329415 -0.063811 0.942027 -0.944185 0.021598 -0.328707
0.637420 -14.926163 -5.332107 60.781260 0.010455 0.996616 0.081530 -0.345394 -0.072917 0.935621 -0.938399 0.037941 -0.343463
0.384233 -2.762472 16.614509 -5.577725 -0.060191 0.995785 0.069208 -0.811678 -0.089182 0.577256 -0.580995 0.021429 -0.813625
0.103637 -2.619855 34.280818 30.757261 -0.100145 0.988833 0.110363 -0.816565 -0.145058 0.558730 -0.568500 0.034164 -0.821974
-0.374782 -12.524410 26.554076 152.128908 0.400125 0.889448 0.220866 -0.845942 0.451156 -0.284324 0.352536 0.073075 -0.932941
-0.252908 -11.214085 45.898461 30.907124 0.407066 0.881496 0.239294 -0.877464 0.450154 -0.165583 0.253680 0.142569 -0.956724
0.303717 -11.789075 43.841008 140.164315 0.402246 0.883983 0.238270 -0.867984 0.450994 -0.207864 0.291207 0.123202 -0.948694
2.965953 -10.849928 -71.689338 64.090445 -0.561698 0.715276 0.415782 0.777741 0.285109 0.560207 0.282160 0.638038 -0.716445
3.177100 -11.906049 -17.522608 27.157107 -0.561344 0.730678 0.388591 0.779730 0.309605 0.544211 0.277333 0.608485 -0.743526
2.563908 -11.753628 -70.071319 -53.701209 -0.605377 0.714268 0.351198 0.708085 0.281786 0.647466 0.363501 0.640639 -0.676349
2.702302 -11.515265 -61.557609 -68.040076 -0.624297 0.698926 0.348934 0.668936 0.247606 0.700868 0.403457 0.670965 -0.622117
2.868849 -12.772057 -26.354303 399.534736 0.976876 -0.196820 -0.083521 -0.127236 -0.221210 -0.966890 -0.171828 -0.955159 0.241137
2.867033 -19.128761 31.013773 495.574044 0.983278 -0.126665 -0.130848 -0.168138 -0.355388 -0.919472 -0.069963 -0.926097 0.370742
2.744203 -12.964331 5.489854 252.745548 0.975271 -0.145429 -0.166424 -0.189223 -0.160355 -0.968752 -0.114198 -0.976287 0.183908
-5.561832 -8.810725 -18.081426 -16.739049 0.568062 0.819817 -0.072152 0.281266 -0.111004 0.953188 -0.773430 0.561764 0.293644
-5.625097 -8.969246 -24.308496 -40.892767 0.589646 0.800982 -0.103663 0.382498 -0.163896 0.909304 -0.711346 0.575818 0.403014
5.579115 -12.608240 -105.560011 -52.714148 0.374992 0.915828 -0.143666 0.397287 -0.018743 0.917503 -0.837582 0.401133 0.370875
4.720013 -13.502334 -99.692215 -95.899551 0.318504 0.939058 -0.129330 0.404631 -0.011304 0.914410 -0.857222 0.343574 0.383572
5.240498 -12.272474 -116.118938 -45.734322 0.358808 0.928732 -0.093347 0.260440 -0.003578 0.965483 -0.896341 0.370735 0.243163
0.677662 -1.403300 40.431134 51.625136 0.040451 0.998530 -0.036067 0.501473 -0.051510 -0.863639 0.864227 -0.016848 0.502819
1.128414 -1.094924 30.717839 -6.179463 0.012332 0.999628 0.024347 0.502716 0.014850 -0.864324 0.864364 -0.022899 0.502345
1.267570 -1.510417 -0.038089 21.776161 0.076765 0.996331 -0.037844 0.498976 -0.071251 -0.863682 0.863209 -0.047417 0.502615
1.092622 -2.168347 16.901811 65.473243 0.104852 0.988821 -0.106017 0.507314 -0.144873 -0.849497 0.855359 -0.035287 0.516833
-1.160398 -7.420461 7.910355 10.004955 0.026946 0.963844 0.265099 0.850333 -0.161527 0.500843 -0.525555 -0.211927 0.823941
-1.005016 -7.391787 77.379309 36.873193 0.069024 0.969009 0.237186 0.876447 -0.172468 0.449550 -0.476525 -0.176851 0.861189
-0.876886 -7.202165 70.352818 -25.021377 0.064128 0.971213 0.229420 0.809787 -0.184996 0.556796 -0.583209 -0.150075 0.798339
-1.105575 -7.166694 4.177350 -50.523248 0.018902 0.966436 0.256210 0.763977 -0.179267 0.619841 -0.644967 -0.184023 0.741723
-0.416295 -7.040584 57.880531 -23.502942 0.054509 0.973056 0.224031 0.785936 -0.180203 0.591466 -0.615901 -0.143834 0.774583
-0.838379 -7.018001 56.917114 -32.909298 0.038437 0.975111 0.218358 0.747154 -0.173149 0.641701 -0.663539 -0.138482 0.735214
-1.747563 -9.153428 10.064719 -43.004353 -0.252363 0.962981 -0.094765 0.790865 0.148841 -0.593615 0.557535 0.224753 0.799150
-1.568825 -8.668893 41.675507 5.245463 -0.242114 0.958816 -0.148498 0.743999 0.085230 -0.662723 0.622773 0.270937 0.733994
-1.056006 -8.072912 56.779483 2.453310 -0.246777 0.955326 -0.162647 0.768833 0.090838 -0.632965 0.589913 0.281249 0.756902
-1.295067 -8.121096 32.552746 -6.566715 -0.309105 0.944811 -0.108568 0.820428 0.207177 -0.532894 0.480992 0.253792 0.839188
1.517363 -11.578440 43.556466 225.287262 0.308149 0.939041 -0.152469 0.917096 -0.335829 -0.214833 0.252940 0.073628 0.964676
1.482165 -9.825986 17.910121 96.241079 0.291357 0.946982 -0.135411 0.892776 -0.320019 -0.317078 0.343601 0.028508 0.938683
-0.194137 -16.671517 0.725441 -160.467803 0.268066 0.953199 0.139830 0.879550 -0.182919 -0.439241 0.393106 -0.240734 0.887420
-4.617551 -9.066375 169.023068 -141.450248 -0.363366 0.455039 -0.812960 -0.478530 0.657542 0.581934 0.799358 0.600481 -0.021178
-2.194207 -7.657991 154.871727 -109.732862 -0.346898 0.351925 -0.869374 -0.519777 0.699434 0.490534 0.780701 0.622046 -0.059710
-1.460417 -9.662856 100.068182 -168.362307 -0.420815 0.456878 -0.783695 -0.558033 0.550740 0.620713 0.715202 0.698533 0.023193
-0.194507 -6.597129 4.356873 73.188176 -0.016968 0.999754 0.014314 0.946819 0.020667 -0.321102 0.321319 -0.008104 0.946936
-0.491235 -6.787326 25.601418 97.224388 -0.077760 0.996735 0.021755 0.953474 0.080725 -0.290468 0.291275 0.001844 0.956637
-0.105617 -6.466533 33.707995 17.553548 -0.058738 0.998156 0.015279 0.933999 0.060353 -0.352142 0.352415 0.006413 0.935822
0.163424 -6.498321 10.849680 -3.871576 -0.031678 0.999283 0.020755 0.928018 0.037118 -0.370682 0.371186 -0.007518 0.928528
-1.138583 -21.182563 -38.726963 -276.373394 -0.258446 0.963287 -0.072697 -0.710690 -0.138625 0.689712 -0.654313 -0.229918 -0.720425
-1.045903 -17.464532 -61.652493 -371.285042 -0.274215 0.958782 -0.074452 -0.853814 -0.207107 0.477607 -0.442502 -0.194536 -0.875413
0.811424 -6.082037 53.041518 -0.251809 -0.041774 0.957859 -0.284183 -0.567360 -0.256866 -0.782383 0.822410 -0.128551 -0.554181
1.002093 -18.102147 -18.461957 -425.074820 -0.304498 0.938958 -0.160122 -0.760163 -0.340846 -0.553151 0.573963 0.046715 -0.817548
3.699528 -1.211347 -19.254787 -57.174373 0.191617 0.946304 0.260368 0.149540 -0.290336 0.945168 -0.970011 0.142175 0.197144
