17678
35338
-3.197236 -5.257333 17.112475 55.623372 0.889717 0.350957 -0.291948 0.144576 -0.823218 -0.549009 0.433015 -0.446253 0.783170
-4.278365 -6.277659 23.077018 -49.791496 0.820875 0.555932 -0.130783 -0.419143 0.741987 0.523234 0.387922 -0.374693 0.842094
-4.657418 -5.991777 -0.431739 106.067759 -0.454794 -0.853699 -0.253694 0.786593 -0.251455 -0.563952 0.417653 -0.456036 0.785874
-3.297573 -5.954098 -11.544834 -36.171202 0.861876 0.400834 -0.310647 -0.245720 0.865948 0.435609 0.443611 -0.299109 0.844833
-2.913562 -4.392517 1.537601 65.038207 0.894870 0.311281 -0.319861 0.061603 -0.795936 -0.602238 0.442054 -0.519221 0.731436
-2.422455 -4.752159 -21.417568 -56.146712 0.882096 0.245912 -0.401789 -0.005193 0.857952 0.513704 0.471041 -0.451050 0.758073
3.181337 -3.600024 -456.026060 3.808374 0.567705 0.387584 -0.726285 -0.549834 -0.478092 -0.684916 0.612694 -0.788167 0.058308
3.077094 -3.763267 -423.006959 -0.659972 0.650597 0.460435 -0.603923 -0.424500 -0.438909 -0.791934 0.629701 -0.771595 0.090098
8.957028 -5.460167 -746.708272 56.085814 0.673587 0.409684 -0.615174 -0.459131 -0.420317 -0.782644 0.579205 -0.809625 0.095022
4.011818 -4.141631 -569.584092 14.064534 0.530157 0.311461 -0.788622 0.635526 0.469725 0.612752 0.561284 -0.826045 0.051087
-2.429023 -3.349400 -148.901138 11.430098 0.528540 0.418729 -0.738452 0.582423 0.453994 0.674294 0.617600 -0.786483 -0.003924
-6.909474 -148.934827 -158.771532 11841.436861 -0.250573 -0.686476 -0.682615 -0.086077 0.718115 -0.690581 0.964263 -0.114284 -0.239030
1.750186 -10.570933 -24.053601 120.304628 0.606011 0.790588 0.087872 0.214414 -0.055971 -0.975138 0.766014 -0.609785 0.203432
-6.277453 -20.555768 882.579679 -137.731531 0.214336 0.971469 0.101530 0.502454 -0.020521 -0.864361 0.837616 -0.236277 0.492516
-17.223587 -297.670126 -1128.676849 21939.794443 0.181788 -0.677276 -0.712917 -0.014413 0.723084 -0.690610 0.983232 0.135820 0.121686
-1.217406 -20.472574 179.424360 -899.157002 0.460154 0.847860 0.263422 0.682706 -0.148222 -0.715501 0.567600 -0.509081 0.647044
-5.328108 -25.313915 -445.053107 -1248.048931 -0.418473 -0.841994 -0.340480 0.795727 -0.159178 -0.584364 0.437834 -0.515470 0.736609
-6.036524 -58.174869 846.758172 -2421.441312 0.288343 0.948733 0.129474 0.670247 -0.103412 -0.734898 0.683833 -0.298683 0.665703
3.298640 -6.937670 146.900671 -137.894138 -0.679420 -0.447246 -0.581686 0.732243 -0.464054 -0.498472 -0.046994 -0.764608 0.642780
1.191446 -7.683874 67.379600 27.817663 -0.642917 -0.461195 -0.611520 0.765853 -0.398774 -0.504428 -0.011219 -0.792640 0.609587
4.038731 -6.717479 -190.798968 -25.641333 0.764780 0.339146 0.547806 0.627862 -0.583088 -0.515556 -0.144571 -0.738233 0.658871
5.774504 -5.718914 -181.987707 -40.541876 0.779054 0.381740 0.497342 0.621096 -0.578127 -0.529158 -0.085526 -0.721140 0.687490
5.268094 -6.767820 -139.538144 -194.668197 0.714514 0.496490 0.492916 0.699573 -0.515253 -0.495088 -0.008170 -0.698579 0.715487
-0.884313 -2.562809 1.534035 -0.228238 0.358942 0.874781 0.325452 0.671177 0.000392 -0.741297 0.648600 -0.484519 0.586992
-0.758449 -2.817443 8.728496 14.635524 0.417941 0.872997 0.251401 0.671919 -0.110795 -0.732290 0.611433 -0.474975 0.632889
-1.062849 -2.412665 -42.744622 3.034908 0.462396 0.842589 0.276105 0.649052 -0.109498 -0.752822 0.604087 -0.527309 0.597516
0.504804 -2.696459 99.217166 8.074558 0.307420 0.904601 0.295279 0.667865 0.015925 -0.744112 0.677827 -0.425962 0.599256
-0.956422 -2.347667 -40.146192 -13.179765 0.379969 0.844242 0.377992 0.668854 0.031508 -0.742725 0.638950 -0.535035 0.552703
-0.905654 -2.489171 -8.673484 -5.567462 0.320320 0.865667 0.384728 0.649299 0.095093 -0.754565 0.689787 -0.491506 0.531617
0.282806 -2.538690 76.057046 -3.623091 0.300054 0.897771 0.322452 0.633834 0.064984 -0.770735 0.712897 -0.435643 0.549539
-1.591648 -4.785150 11.396919 9.547605 0.445678 0.894911 -0.022490 -0.395766 0.174438 -0.901632 0.802957 -0.410739 -0.431919
-1.595215 -4.747948 -23.642835 21.378589 0.462529 0.876943 -0.130528 -0.491998 0.131397 -0.860624 0.737567 -0.462283 -0.492229
-1.808047 -4.479419 6.758213 11.589480 0.443754 0.896143 0.003248 -0.486442 0.243919 -0.838974 0.752633 -0.370718 -0.544161
-1.336508 -5.087680 -6.738201 9.466532 0.467862 0.881832 -0.058968 -0.324799 0.109505 -0.939422 0.821956 -0.458673 -0.337651
-1.092273 -4.680980 48.035812 8.506844 0.442759 0.889266 0.114764 -0.328249 0.279863 -0.902180 0.834396 -0.361777 -0.415813
-0.921301 -4.938794 40.141549 2.759413 0.447396 0.891641 0.069379 -0.231171 0.190236 -0.954133 0.863943 -0.410837 -0.291232
-2.344540 -5.596579 124.257160 20.163664 0.799507 0.510829 0.315978 0.538878 -0.377633 -0.752996 0.265329 -0.772300 0.577195
-1.725109 -5.724255 116.993064 -2.703662 0.790883 0.520979 0.321068 0.578678 -0.465986 -0.669320 0.199088 -0.715149 0.670020
-2.908654 -5.660439 25.029865 17.855750 0.880611 0.395989 0.260226 0.434482 -0.455655 -0.776920 0.189078 -0.797228 0.573304
-0.774925 -5.329923 124.633822 9.057894 0.753872 0.568829 0.328802 0.586963 -0.358223 -0.726052 0.295215 -0.740344 0.603936
-3.268652 -5.229864 59.492277 37.043434 0.861403 0.430110 0.270166 0.429282 -0.332202 -0.839856 0.271481 -0.839432 0.470799
-2.017795 -5.082343 139.254307 33.024725 0.778273 0.532839 0.332226 0.527798 -0.268479 -0.805821 0.340177 -0.802497 0.490181
-2.553586 -6.201834 13.926372 50.505097 0.656287 0.684834 0.316686 0.212861 0.234623 -0.948495 0.723863 -0.689895 -0.008205
-1.498601 -5.727153 3.521752 -52.866728 0.634760 0.661345 0.399628 0.217193 0.343623 -0.913647 0.741557 -0.666743 -0.074478
-1.710544 -6.240616 20.098205 29.643164 0.641819 0.753981 0.139936 0.094324 0.103475 -0.990149 0.761033 -0.648696 0.004706
-2.485350 -8.814370 28.956332 127.669043 0.628158 0.766720 0.132509 0.174533 0.027117 -0.984278 0.758258 -0.641409 0.116784
-3.631949 -10.088165 24.010310 177.298237 0.649726 0.696392 0.304786 0.274827 0.158634 -0.948317 0.708750 -0.699909 0.088319
0.333921 -13.097269 -0.635129 95.975780 0.570041 0.416246 0.708373 0.353843 0.653744 -0.668889 -0.741518 0.631948 0.225375
0.235351 -13.270178 -1.160315 56.475844 0.562262 0.422240 0.711038 0.206022 0.761189 -0.614936 -0.800885 0.492244 0.340997
0.278748 -13.565471 1.062307 95.007199 0.566742 0.425779 0.705347 0.379709 0.624790 -0.682245 -0.731180 0.654484 0.192422
0.337838 -13.565418 1.683180 -12.294047 0.580701 0.417237 0.699070 -0.471193 -0.527994 0.706540 -0.663900 0.739686 0.110007
1.282617 -3.284446 -27.153186 18.542953 0.866858 0.237381 0.438414 0.366931 0.291552 -0.883379 0.337518 -0.926632 -0.165632
1.460256 -3.118039 4.435230 17.504025 0.868876 0.291290 0.400255 0.314872 0.298697 -0.900908 0.381980 -0.908807 -0.167812
0.890667 -3.087837 -21.167235 21.748798 0.860322 0.230611 0.454604 0.363043 0.348842 -0.864007 0.357835 -0.908365 -0.216395
0.235772 -3.286344 -61.242469 14.537126 0.870482 0.208424 0.445893 0.366856 0.329225 -0.870074 0.328143 -0.920962 -0.210123
0.684408 -2.871126 -13.048526 12.207093 0.858595 0.226323 0.459992 0.351167 0.394059 -0.849352 0.373492 -0.890783 -0.258860
0.121744 -3.018304 -48.282299 12.536762 0.879496 0.213631 0.425262 0.328872 0.373070 -0.867561 0.343991 -0.902873 -0.257857
2.584628 -6.057925 33.323929 -3.358405 -0.431344 -0.485386 -0.760489 0.650069 0.417283 -0.635047 0.625582 -0.768294 0.135542
2.232871 -6.394606 30.242857 33.106266 -0.440088 -0.457575 -0.772624 0.565571 0.527065 -0.634296 0.697461 -0.716120 0.026836
1.565624 -6.496036 33.793300 -6.797818 -0.481520 -0.463615 -0.743774 0.643943 0.388534 -0.659074 0.594538 -0.796306 0.111454
2.001348 -5.623453 49.101546 -49.354855 -0.488299 -0.477958 -0.730151 0.708136 0.271957 -0.651600 0.510007 -0.835222 0.205663
0.871458 -6.042219 32.453363 -36.733573 -0.549965 -0.468069 -0.691701 0.680408 0.229185 -0.696074 0.484339 -0.853455 0.192435
0.365479 -4.417075 6.595039 -25.249709 0.277894 0.958680 -0.060894 0.951236 -0.265793 0.156540 -0.133887 0.101426 0.985793
0.196694 -4.574776 3.330507 -29.752553 0.326375 0.942952 -0.065729 0.931509 -0.309046 0.191784 -0.160530 0.123820 0.979234
-0.036041 -5.431880 -2.186068 -35.363716 -0.350185 -0.934890 0.057883 0.936546 -0.350512 0.004728 0.015868 0.055866 0.998312
0.091431 -5.314445 5.277885 -31.801643 0.293845 0.954214 -0.055946 0.954746 -0.295818 -0.030842 0.045980 0.044351 0.997957
-0.351237 -6.555403 0.690372 -37.969461 0.363958 0.929485 -0.059941 0.904593 -0.368077 -0.215012 0.221914 -0.024033 0.974770
-0.368772 -6.724768 -0.570285 -36.578089 0.411876 0.909214 -0.060730 0.888988 -0.415563 -0.192373 0.200145 -0.025245 0.979441
4.998919 -2.056390 -181.926101 -13.608418 0.703724 0.488576 0.515817 0.484413 0.201144 -0.851402 0.519728 -0.849020 0.095123
4.932509 -2.506547 -199.772268 -18.375200 0.758684 0.474774 0.446081 0.389246 0.218706 -0.894793 0.522385 -0.852501 0.018875
2.758935 -1.949462 -211.449314 -18.546694 0.785066 0.412569 0.462015 0.426614 0.180631 -0.886213 0.449078 -0.892838 0.034200
6.454950 -2.687446 4.637930 -20.929015 0.619232 0.623198 0.477678 0.447016 0.220351 -0.866962 0.645545 -0.750380 0.142131
6.315774 -2.361186 -9.111231 -5.387554 0.581077 0.616307 0.531521 0.515780 0.226318 -0.826288 0.629540 -0.754285 0.186371
5.079571 -1.933662 -115.796153 0.439041 0.606747 0.525547 0.596371 0.591496 0.202699 -0.780413 0.531028 -0.826265 0.187872
0.676995 -11.307420 5.521865 -39.319279 -0.169851 -0.965557 -0.197107 0.976097 -0.137316 -0.168459 0.135591 -0.221009 0.965800
0.522282 -11.518301 3.900220 62.357280 -0.143007 -0.969621 -0.198453 0.989717 -0.139468 -0.031774 0.003131 -0.200956 0.979595
0.627131 -11.926410 -5.044833 -21.831773 -0.138025 -0.974242 -0.178329 0.985360 -0.116882 -0.124113 0.100073 -0.192849 0.976112
0.749888 -12.490985 7.680464 -98.726997 0.167861 0.971162 0.169312 0.955617 -0.118121 -0.269894 0.242112 -0.207102 0.947887
0.802076 -11.958768 -7.115405 -92.483980 0.197069 0.961711 0.190463 0.940454 -0.130556 -0.313851 0.276968 -0.240972 0.930173
-0.814811 -11.231206 -4.390111 22.548142 0.207954 0.978136 -0.002339 -0.808477 0.173230 0.562455 -0.550563 0.115074 -0.826824
-0.771221 -11.355540 -9.666782 90.606083 0.214025 0.976734 -0.013548 -0.879840 0.198781 0.431703 -0.424352 0.080475 -0.901914
-0.632050 -11.424116 -10.610258 35.990763 0.199375 0.979646 -0.023332 -0.833430 0.182044 0.521781 -0.515407 0.084585 -0.852761
-0.709733 -12.120161 -6.790137 -78.948716 0.182099 0.983279 -0.001215 -0.759320 0.141408 0.635167 -0.624719 0.114741 -0.772374
-0.801777 -11.735790 -1.041268 -79.833902 0.189242 0.981673 0.022505 -0.729280 0.125166 0.672670 -0.657524 0.143710 -0.739601
1.256985 -10.799700 29.380910 143.222472 0.213202 0.964610 0.155154 0.955007 -0.172245 -0.241439 0.206170 -0.199649 0.957932
1.534306 -8.858712 38.892703 131.942835 0.187258 0.970072 0.154578 0.919335 -0.117632 -0.375482 0.346061 -0.212421 0.913849
1.833652 -10.793064 -16.213183 145.519035 -0.273684 -0.940732 -0.200301 0.929822 -0.205508 -0.305284 0.246027 -0.269795 0.930957
-5.008540 -33.043460 4.256850 -708.308625 -0.370256 0.803963 -0.465353 0.735437 0.559736 0.381875 -0.567489 0.200846 0.798510
-4.232896 -29.382054 82.724497 -687.547952 -0.285982 0.795725 -0.533887 0.694987 0.555818 0.456135 -0.659702 0.240598 0.711973
-4.999595 -25.087683 3.176851 -633.863802 -0.426361 0.764031 -0.484224 0.484049 0.644935 0.591401 -0.764142 -0.017762 0.644804
0.514678 -1.497015 -84.542691 -26.304488 0.929717 -0.292462 -0.223813 -0.362230 -0.835868 -0.412448 0.066453 -0.464532 0.883059
2.143591 -0.647742 -77.103657 -2.669602 0.839545 -0.431913 -0.329568 -0.533454 -0.770258 -0.349470 0.102911 -0.469205 0.877072
1.577642 -1.534162 -38.086944 -64.698082 0.989637 -0.031236 -0.140154 -0.094238 -0.877726 -0.469805 0.108342 -0.478144 0.871574
1.962623 -0.803028 -13.686654 -64.533348 0.986727 0.041178 -0.157082 -0.041832 -0.870216 -0.490892 0.156909 -0.490947 0.856942
1.737166 -2.223653 -20.887931 -43.337030 0.985843 0.152843 -0.068933 0.084797 -0.809170 -0.581424 0.144645 -0.567348 0.810675
-13.505174 -16.804940 641.269476 39.581343 0.268018 0.955759 0.121209 0.732689 -0.283904 0.618518 -0.625566 0.076966 0.776366
-14.750105 -17.345956 111.752063 105.808415 -0.207459 0.971320 0.116178 0.700838 0.064721 0.710378 -0.682485 -0.228796 0.694166
-13.763447 -16.630121 604.192759 192.736387 0.304235 0.901808 0.306892 0.846680 -0.403629 0.346722 -0.436547 -0.154355 0.886341
-6.640265 -16.105765 554.977538 -21.858520 0.557746 0.775846 0.294928 0.678674 -0.630850 0.376072 -0.477829 0.009593 0.878400
-0.256402 -8.364433 -3.695057 1.723940 0.610095 0.788718 -0.075558 0.140315 -0.201405 -0.969406 0.779805 -0.580827 0.233545
-0.378693 -8.379435 -3.462220 -3.077912 0.599666 0.797836 -0.062119 0.324651 -0.313492 -0.892370 0.731439 -0.514957 0.447008
-0.215560 -8.477152 -4.758324 -8.738807 0.612731 0.788109 -0.058697 0.346710 -0.334813 -0.876181 0.710178 -0.516512 0.478395
3.819388 -3.294879 3.401425 27.489162 0.872757 0.431107 0.229002 0.424867 -0.439830 -0.791225 0.240381 -0.787843 0.567028
4.327923 -2.340351 8.604364 38.093397 0.800194 0.520510 0.297924 0.510129 -0.329498 -0.794480 0.315369 -0.787718 0.529190
4.149631 -2.894656 -31.042304 32.144793 0.848017 0.425468 0.315981 0.475436 -0.347324 -0.808286 0.234152 -0.835669 0.496820
-149.297705 -520.970861 5860.952753 35487.253459 0.686747 -0.104218 -0.719387 -0.522171 -0.759218 -0.388491 0.505684 -0.642438 0.575810
-501.781641 -17988.143355 -21145.547192 -1710635.604642 0.424908 -0.829382 -0.362739 0.902066 0.354430 0.246285 -0.075699 -0.431863 0.898757
-397.301402 -1239.391423 24014.527437 -116615.876500 0.182172 -0.333633 -0.924934 0.958130 0.271572 0.090751 0.220908 -0.902739 0.369137
-91.854033 -199.848315 4195.230313 3881.380692 0.234452 0.113438 -0.965487 0.418239 0.884782 0.205518 0.877558 -0.451988 0.159995
-60.417328 -95.448531 2475.917131 -1120.760157 -0.195720 -0.019885 -0.980458 0.952540 -0.241560 -0.185248 -0.233156 -0.970182 0.066219
-52.184611 -196.523927 1933.263738 -9578.976607 -0.014192 0.169740 -0.985387 0.996463 -0.079229 -0.028000 -0.082824 -0.982299 -0.168015
-101.286932 -252.418530 4295.143376 10327.262969 0.226105 0.094389 -0.969519 0.800641 0.548905 0.240160 0.554843 -0.830538 0.048539
1.180540 -9.466127 -10.958630 228.212205 0.211654 0.763877 -0.609668 0.448592 -0.630138 -0.633791 0.868313 0.139348 0.476040
1.527111 -21.651143 -24.134918 529.828379 0.296327 0.701656 -0.647973 0.595871 -0.666031 -0.448710 0.746410 0.253143 0.615459
1.385055 -17.258206 -46.533360 381.515799 0.315200 0.686304 -0.655466 0.606149 -0.677026 -0.417394 0.730227 0.265748 0.629401
-0.055970 -2.367438 0.882909 2.243410 -0.646761 0.561926 0.515693 0.743355 0.615722 0.261363 -0.170657 0.552382 -0.815935
-0.411536 -2.357869 20.277064 6.079143 -0.566952 0.601830 0.562464 0.803886 0.553272 0.218307 -0.179812 0.575927 -0.797481
0.149158 -2.518324 2.454717 5.897542 -0.639758 0.564413 0.521677 0.735788 0.645911 0.203508 -0.222095 0.514039 -0.828515
-0.511274 -2.094672 15.979889 4.458742 -0.598919 0.587524 0.544161 0.791242 0.538878 0.289044 -0.123416 0.603677 -0.787618
-0.156617 -2.505127 15.016209 0.715179 0.714034 -0.514928 -0.474346 0.671030 0.696599 0.253907 -0.199685 0.499598 -0.842928
-0.322257 -2.380312 13.654047 -0.821993 0.718982 -0.510472 -0.471681 0.677440 0.666411 0.311403 -0.155371 0.543429 -0.824951
-0.201832 -2.077363 0.009954 5.683358 -0.652415 0.559576 0.511106 0.748456 0.581663 0.318562 -0.119032 0.590375 -0.798304
-1.800857 -6.018713 -35.772359 81.196350 0.224427 0.953266 -0.202279 0.505031 0.063747 0.860744 -0.833412 0.295332 0.467123
-2.164690 -7.075296 -2.368958 1.329903 0.339237 0.926899 -0.160550 0.357747 0.030729 0.933313 -0.870020 0.374050 0.321171
-2.174679 -7.580244 -28.650129 61.448122 0.187737 0.941705 -0.279188 0.398220 0.186859 0.898056 -0.897873 0.279776 0.339925
-2.386848 -6.516257 -10.321305 132.439846 0.167879 0.962814 -0.211674 0.541548 0.089348 0.835908 -0.823737 0.254963 0.506410
-2.706969 -7.553635 -22.455859 5.082396 0.179913 0.881423 -0.436720 0.229292 0.394158 0.889980 -0.956586 0.260256 0.131189
-2.591206 -8.935259 -22.818336 47.906895 0.134571 0.894548 -0.426232 0.296631 0.374052 0.878689 -0.945463 0.244680 0.215014
-3.201177 -9.403317 23.639324 158.401764 0.131115 0.914734 -0.382193 0.432112 0.294239 0.852468 -0.892238 0.276922 0.356688
-2.154798 -7.633052 -23.023166 51.570334 0.432824 0.892357 -0.127918 0.461634 -0.097519 0.881694 -0.774311 0.440670 0.454150
-1.221983 -5.698758 -10.740268 137.364633 0.353282 0.894407 -0.274277 0.671376 -0.038220 0.740131 -0.651495 0.445618 0.613986
-1.371755 -7.686280 37.628350 116.312858 0.553279 0.830142 -0.068902 0.487747 -0.255800 0.834667 -0.675267 0.495410 0.546428
-2.294328 -8.126166 -44.298048 -53.886794 0.450243 0.889225 -0.081000 0.316983 -0.074371 0.945511 -0.834747 0.451385 0.315354
-2.177934 -7.623084 -3.258210 -28.696183 0.427284 0.898987 -0.096183 0.348493 -0.065599 0.935013 -0.834255 0.433035 0.341320
-2.416338 -8.467014 -26.792971 -11.375720 0.497073 0.864949 -0.069152 0.364239 -0.135660 0.921372 -0.787558 0.483177 0.382482
1.530271 -3.441448 -357.123760 7.610059 -0.197389 0.323762 0.925319 0.090786 0.945871 -0.311586 -0.976112 0.022503 -0.216098
-2.547140 -3.963296 -53.299635 -47.974945 -0.182090 -0.288939 0.939871 0.100607 0.945360 0.310118 -0.978121 0.151027 -0.143072
5.934405 -3.620003 -429.440682 -15.661135 -0.192056 0.484240 0.853596 0.160643 0.873568 -0.459426 -0.968147 0.048889 -0.245564
-0.843819 -4.484580 -35.600548 35.641442 0.602268 0.767967 0.217946 0.336216 -0.491639 0.803275 -0.724039 0.410510 0.554301
-1.136519 -4.663203 -28.743404 36.241964 0.589375 0.792324 0.157667 0.380893 -0.444650 0.810683 -0.712430 0.417742 0.563857
-0.709863 -5.167413 -16.776299 20.108883 0.622485 0.743133 0.245489 0.219932 -0.467132 0.856398 -0.751094 0.479104 0.454222
-0.477768 -4.942344 -14.632362 21.586839 0.627516 0.722392 0.290473 0.184189 -0.500210 0.846088 -0.756504 0.477431 0.446946
-0.511285 -4.342496 -19.282131 32.811306 0.612939 0.750092 0.248331 0.307265 -0.515833 0.799690 -0.727938 0.413858 0.546651
-0.926862 -5.434690 -19.198902 -26.371526 0.672811 0.696051 0.250676 -0.166828 -0.187366 0.968020 -0.720760 0.693114 0.009941
-0.884530 -5.909465 -4.250299 -42.752861 0.679244 0.698287 0.225882 -0.104524 -0.212599 0.971533 -0.726431 0.683518 0.071419
-1.752485 -7.649335 -36.284763 -109.082222 0.664213 0.747543 0.000363 0.075369 -0.067450 0.994872 -0.743734 0.660779 0.101143
-1.527313 -7.117229 -37.020959 -107.420496 0.686229 0.725299 0.055055 -0.006262 -0.069795 0.997542 -0.727359 0.684887 0.043353
-1.448458 -6.171268 -25.358612 -99.576953 0.699911 0.692334 0.175494 -0.152751 -0.094927 0.983695 -0.697705 0.715306 -0.039315
-0.791014 -4.678412 -11.125027 -25.377083 0.662684 0.660595 0.352795 -0.308761 -0.188184 0.932338 -0.682288 0.726774 -0.079260
-0.090488 -5.460491 -1.264933 -9.869644 -0.559291 -0.785015 0.266355 0.740126 -0.328152 0.586967 -0.373373 0.525421 0.764542
-0.262320 -5.600324 -10.841048 -16.126883 -0.574411 -0.774029 0.266329 0.717114 -0.318950 0.619692 -0.394714 0.546946 0.738275
-0.210437 -6.253439 -10.153880 -24.936084 -0.595018 -0.758500 0.265764 0.772069 -0.447566 0.451214 -0.223299 0.473669 0.851925
-0.247539 -6.030835 4.998409 -17.304878 -0.575611 -0.780035 0.245392 0.789602 -0.452177 0.414806 -0.212602 0.432529 0.876196
-0.287199 -6.733468 -3.112960 -28.752383 -0.607832 -0.752264 0.254240 0.792774 -0.556648 0.248299 -0.045264 0.352479 0.934724
-0.456009 -7.094350 -11.370638 -31.406877 -0.631446 -0.733764 0.250730 0.773718 -0.574802 0.266390 -0.051348 0.362205 0.930683
-0.249038 -4.327842 0.236814 1.072819 0.527002 0.805497 -0.271006 0.044360 0.292375 0.955274 -0.848706 0.515453 -0.118350
-0.243452 -4.418781 1.509324 5.297828 0.524495 0.807313 -0.270465 0.062740 0.280155 0.957902 -0.849099 0.519383 -0.096289
-0.258096 -4.193640 -0.108208 -0.843913 0.523391 0.813968 -0.252029 0.159897 0.196701 0.967337 -0.836956 0.546594 0.027200
-0.228372 -4.192046 -0.255066 -2.228605 0.528692 0.808446 -0.258651 0.149694 0.211140 0.965925 -0.835510 0.549395 0.009392
-0.230602 -4.332043 -1.761965 1.497032 0.526368 0.807880 -0.265079 0.026211 0.296197 0.954767 -0.849853 0.509507 -0.134733
6.161091 -9.310787 133.453983 -4.285806 0.657348 0.163379 0.735663 -0.600884 0.702779 0.380841 0.454787 0.692393 -0.560143
10.424200 -8.864364 213.571006 -28.922103 0.715130 0.217876 0.664168 -0.520219 0.800531 0.297527 0.466863 0.558283 -0.685827
5.955196 -9.005649 136.128834 -1.383425 0.640753 0.150156 0.752920 -0.524454 0.801819 0.286415 0.560699 0.578394 -0.592518
3.626076 -4.854650 87.761520 21.016281 0.803729 0.405977 -0.434975 -0.012382 0.742309 0.669944 0.594867 -0.533067 0.601642
1.926717 -4.684349 40.399010 12.009931 0.791529 0.450059 -0.413436 -0.022499 0.697510 0.716222 0.610718 -0.557608 0.562225
4.048720 -5.115807 93.846306 -14.775440 0.815723 0.435749 -0.380418 -0.030046 -0.624853 -0.780164 0.577662 -0.647828 0.496614
7.718408 -5.377850 245.016003 -21.407395 0.830005 0.382092 -0.406321 -0.054666 -0.669257 -0.741017 0.555070 -0.637260 0.534599
6.574562 -4.967404 157.187534 21.377319 0.829663 0.333001 -0.448073 0.020258 0.784131 0.620265 0.557896 -0.523688 0.643819
-1.818568 -2.709935 27.892288 -11.899161 0.916651 -0.181484 -0.356111 0.323941 0.859235 0.395951 -0.234125 0.478307 -0.846409
-2.245235 -3.080210 4.149619 -15.263920 0.933781 0.342993 -0.102022 -0.213002 0.761846 0.611736 -0.287547 0.549497 -0.784455
-1.814915 -2.654284 26.028614 0.269651 0.914288 -0.203752 -0.350089 0.357427 0.812462 0.460599 -0.190586 0.546252 -0.815650
-0.941204 -2.545800 26.184973 -4.866252 0.795293 -0.426669 -0.430653 0.576844 0.751082 0.321133 -0.186439 0.503815 -0.843452
-0.433113 -5.530569 86.709727 -2.242883 0.865414 0.424343 0.266442 0.500939 -0.744273 -0.441721 -0.010865 -0.515743 0.856675
0.204419 -4.712925 79.476304 36.877365 0.911394 0.350053 0.216387 0.408314 -0.703521 -0.581669 0.051382 -0.618483 0.784116
0.824156 -5.003178 52.743405 16.525258 0.893204 0.373475 0.250407 0.449462 -0.757766 -0.473048 -0.013078 -0.535077 0.844702
0.527006 -2.169239 -13.404288 -28.222136 0.861028 0.252915 0.441207 -0.250679 0.965920 -0.064491 -0.442481 -0.055073 0.895085
0.422079 -2.862689 -8.606024 -21.281431 0.871790 0.213358 0.440976 -0.178734 0.976652 -0.119186 -0.456110 0.025088 0.889570
0.312415 -2.690416 8.162355 -23.683924 0.875470 0.238478 0.420335 -0.206900 0.970980 -0.119958 -0.436744 0.018053 0.899405
-0.277680 -14.365671 -6.660214 79.564355 0.018296 0.728128 -0.685197 0.969778 0.153841 0.189375 0.243300 -0.667954 -0.703308
-0.447911 -14.181936 0.580275 83.701356 0.032022 0.738574 -0.673412 0.956204 0.173487 0.235745 0.290943 -0.651469 -0.700672
-0.113497 -13.165829 -9.208811 134.513193 0.027928 0.726276 -0.686836 0.887816 0.297722 0.350918 0.459350 -0.619585 -0.636484
0.007701 -13.635596 -16.983719 132.623674 0.010026 0.707788 -0.706353 0.913964 0.280089 0.293631 0.405671 -0.648526 -0.644085
312.852046 -53.666337 16089.693951 -1742.513743 -0.243870 0.838010 -0.488125 -0.232309 -0.539146 -0.809540 0.941573 0.084027 -0.326158
0.589420 -21.194057 26.729575 -578.933411 -0.271069 0.140984 -0.952179 0.008415 0.989525 0.144118 0.962523 0.031054 -0.269416
15.473588 -8.242945 642.268564 -67.149806 -0.093656 0.788201 -0.608250 -0.325240 -0.601638 -0.729555 0.940982 -0.129500 -0.312701
52.861070 -6.689571 2964.659925 -317.868906 -0.064716 0.925150 -0.374044 -0.411741 -0.366191 -0.834490 0.909000 -0.100005 -0.404620
17.130009 -8.645258 1629.689923 49.959488 -0.094363 0.802056 -0.589748 -0.385854 -0.575552 -0.721011 0.917721 -0.159520 -0.363787
3.307190 -47.038122 742.817395 -1919.398827 0.974452 0.074279 0.211958 -0.080428 -0.765739 0.638103 -0.209702 0.638848 0.740201
4.714008 -28.894734 759.839391 -375.912377 0.975148 0.053748 0.214935 -0.006440 0.976594 -0.214995 -0.221460 0.208268 0.952670
8.823042 -54.517886 583.263526 -2055.675741 0.950497 -0.133004 0.280829 -0.207586 -0.944296 0.255367 -0.231221 0.301022 0.925161
2.781531 -0.781633 70.292750 -6.938735 0.851152 0.523655 0.036397 0.519472 -0.830329 -0.201748 0.075425 -0.190626 0.978761
3.506197 -1.005910 67.687516 4.672059 0.864302 0.488445 0.120016 0.502973 -0.839242 -0.206619 0.000199 -0.238946 0.971033
2.814518 -0.806878 66.620368 14.471197 0.902136 0.431139 0.016416 0.424891 -0.881165 -0.207404 0.074955 -0.194082 0.978118
0.681811 -16.068101 3.542896 200.883748 -0.034444 0.772141 -0.634517 -0.518620 -0.556528 -0.649084 0.854311 -0.306716 -0.419617
0.505158 -17.765230 -15.982775 240.560253 -0.030786 0.756879 -0.652829 -0.590737 -0.540638 -0.598950 0.806277 -0.367211 -0.463760
0.680049 -14.229990 -1.978852 159.926878 -0.040255 0.751507 -0.658496 -0.674017 -0.506930 -0.537330 0.737619 -0.422207 -0.526935
0.684329 -13.555049 16.753745 109.333064 -0.041717 0.764315 -0.643492 -0.603132 -0.532731 -0.593657 0.796549 -0.363345 -0.483207
0.664584 -15.117249 24.950797 110.081599 -0.043592 0.783369 -0.620027 -0.448664 -0.569863 -0.688445 0.892637 -0.248173 -0.376310
-22.599863 -269.651531 2875.037110 13269.980716 -0.073233 0.742840 -0.665451 0.655508 0.538722 0.529233 -0.751629 0.397451 0.526390
-0.769046 -45.093446 169.912334 1435.807557 0.028257 0.780146 -0.624959 0.736933 0.406160 0.540336 -0.675375 0.475821 0.563438
1.872969 -140.367242 145.679272 5695.046249 0.023084 0.702391 -0.711417 0.363994 0.656859 0.660337 -0.931115 0.274194 0.240503
-112.296255 -675.155651 -4099.221450 13122.503816 0.052299 0.175448 0.983099 -0.027272 0.984330 -0.174217 -0.998259 -0.017700 0.056264
-19.372866 -215.925920 -65.310406 6780.783690 -0.060634 -0.576527 0.814825 -0.137063 0.813403 0.565322 -0.988705 -0.077405 -0.128340
1.346601 -13.311474 12.299267 19.085018 0.176061 -0.829245 0.530429 0.982511 0.114850 -0.146565 0.060619 0.546957 0.834963
0.629502 -15.453875 36.832083 215.849599 0.115580 -0.848003 0.517235 0.993225 0.104986 -0.049819 -0.012056 0.519489 0.854392
0.933222 -15.946634 44.346478 167.374481 0.104239 -0.857843 0.503230 0.987828 0.148042 0.047745 -0.115457 0.492128 0.862833
1.135847 -14.093832 59.068183 -3.426205 0.161415 -0.859125 0.485643 0.976814 0.068957 -0.202680 0.140639 0.507099 0.850336
1.678551 -14.881050 58.122517 -95.068113 0.205949 -0.858535 0.469577 0.921350 0.008449 -0.388643 0.329696 0.512686 0.792751
8.372254 -291.609981 291.768138 1987.077853 0.051957 0.870723 -0.489022 0.681935 -0.388673 -0.619595 0.729565 0.301288 0.613970
15.348307 -194.956415 -416.409152 554.455360 -0.001781 -0.891973 0.452084 0.999996 -0.002604 -0.001200 0.002248 0.452080 0.891974
26.006076 -972.170326 591.440449 -141259.197204 -0.199725 0.824959 -0.528727 0.631704 0.520898 0.574121 -0.749039 0.219333 0.625167
-8.084083 -351.098583 337.004765 8901.372790 -0.108810 0.806739 -0.580803 0.808433 0.411803 0.420541 -0.578443 0.423781 0.697003
-6.643203 -946.202967 345.008244 -42421.858660 0.007680 0.798670 -0.601720 0.484281 -0.529434 -0.696543 0.874879 0.286052 0.390846
6.337143 -444.652933 313.499687 4024.159726 -0.023101 0.767664 -0.640436 -0.831908 -0.370028 -0.413531 0.554432 -0.523231 -0.647174
0.737422 -4.792581 28.034684 23.893087 0.898456 0.372160 0.232966 -0.316935 0.182520 0.930719 -0.303855 0.910046 -0.281937
1.162007 -4.594560 19.423302 24.424550 0.846325 0.426711 0.318828 -0.404924 0.126505 0.905557 -0.346078 0.895497 -0.279850
0.354480 -4.882067 20.045501 11.965372 0.888028 0.391220 0.241564 -0.367520 0.288261 0.884214 -0.276289 0.873987 -0.399765
0.035111 -4.880878 12.347934 -1.986572 0.912031 0.376055 0.163653 -0.304726 0.354299 0.884089 -0.274484 0.856186 -0.437726
-1.272409 -8.383691 -42.760344 -9.664378 0.963461 0.217613 -0.156164 0.065033 0.375534 0.924524 -0.259834 0.900899 -0.347661
0.482111 -7.465962 10.520416 -30.796164 0.932700 0.049049 -0.357303 0.263177 0.584828 0.767277 -0.246595 0.809673 -0.532561
-0.055348 -9.131172 -33.227817 -13.876021 0.973047 0.205142 -0.105341 -0.013493 0.506661 0.862040 -0.230213 0.837383 -0.495773
-4.782120 -16.925724 -215.966074 152.283869 -0.760315 -0.638642 -0.118562 -0.589238 0.754940 -0.287862 0.273348 -0.149005 -0.950304
-7.924677 -16.106361 147.222375 -199.071508 0.664658 0.746341 -0.034712 0.739958 -0.651120 0.168836 0.103407 -0.137904 -0.985033
-6.068650 -14.540359 -218.236788 254.328190 -0.756094 -0.643688 -0.118269 -0.640921 0.764830 -0.065235 0.132447 0.026478 -0.990836
-1.581715 -3.277797 3.193146 12.401228 0.685981 0.677959 -0.264199 0.033988 0.332849 0.942367 -0.726825 0.655426 -0.205286
-1.394813 -3.041750 1.919052 19.312834 0.706470 0.701450 -0.094171 -0.060346 0.192276 0.979484 -0.705166 0.686293 -0.178167
-1.609922 -3.538777 -4.368567 14.770456 0.703851 0.688840 -0.173471 -0.070558 0.310794 0.947855 -0.706835 0.654909 -0.267356
-0.153884 -3.991212 3.213274 -18.032998 0.664670 0.727692 -0.169343 0.398234 -0.153284 0.904386 -0.632157 0.668557 0.391675
-0.106868 -4.093670 8.125631 -17.155237 0.660286 0.717995 -0.220241 0.424611 -0.115014 0.898041 -0.619458 0.686480 0.380810
-0.046972 -4.964672 10.831604 -27.672708 0.689570 0.703895 -0.170366 0.470391 -0.256452 0.844372 -0.550659 0.662393 0.507947
0.176350 -18.503403 2.040939 -595.646817 -0.726694 -0.369111 -0.579372 0.067212 0.801136 -0.594697 0.683665 -0.471104 -0.557372
0.299036 -13.091167 3.691821 -601.331243 -0.734533 -0.378883 -0.562946 0.191978 0.679679 -0.707941 0.650850 -0.628079 -0.426510
0.329542 -14.812985 6.467933 -798.572470 -0.730564 -0.395520 -0.556632 0.131902 0.718075 -0.683352 0.669983 -0.572654 -0.472430
0.155410 -23.936258 5.507306 -946.161692 -0.720832 -0.403867 -0.563288 -0.023110 0.826248 -0.562832 0.692725 -0.392689 -0.604920
0.428328 -21.581670 8.721300 -1274.766442 -0.721022 -0.420588 -0.550666 0.061982 0.752379 -0.655808 0.690135 -0.506983 -0.516413
0.544769 -8.712130 6.094353 -581.761586 -0.722907 -0.459954 -0.515604 0.085616 0.680849 -0.727403 0.685620 -0.569989 -0.452811
-68.510917 -263.342008 112.908696 15194.718415 -0.581339 0.502320 0.640093 -0.281462 0.613967 -0.737444 -0.763429 -0.608867 -0.215539
-49.601021 -137.243736 -457.636475 5750.532417 -0.497940 0.210616 0.841247 -0.515475 0.708206 -0.482421 -0.697382 -0.673858 -0.244077
-63.143618 -142.184918 1883.538284 -8022.397402 0.424212 -0.315143 -0.848958 0.667841 -0.524271 0.528326 -0.611582 -0.791091 -0.011937
-41.099659 -127.105341 -1727.545699 -7426.616057 0.020650 -0.376106 0.926346 -0.586203 0.746014 0.315957 -0.809901 -0.549552 -0.205069
-87.060339 -176.308745 -3232.667761 -10163.514529 -0.537791 0.598513 0.593770 0.272636 -0.542983 0.794253 -0.797778 -0.589026 -0.128835
-6.089019 -7.648228 42.833425 75.469630 0.522444 0.845384 0.111258 0.794136 -0.434905 -0.424508 0.310485 -0.310136 0.898563
-4.578271 -6.824689 21.729170 -43.350769 0.762278 0.634972 -0.125469 -0.532586 0.725498 0.435896 0.367809 -0.265451 0.891208
3.907326 -4.436624 -530.420660 51.396495 0.741990 0.519207 -0.424117 -0.263769 -0.355511 -0.896681 0.616342 -0.777197 0.126835
5.264523 -10.205634 -86.486088 350.708433 0.625196 0.749212 -0.218658 -0.145861 -0.163063 -0.975774 0.766716 -0.641944 -0.007335
4.062114 -6.262354 -377.474318 99.714266 0.755932 0.639011 -0.142241 0.000316 -0.217634 -0.976030 0.654650 -0.737767 0.164718
3.911142 -8.049805 -366.752695 -2.255831 0.704162 0.695643 0.142255 0.300797 -0.110777 -0.947232 0.643177 -0.709795 0.287253
0.099491 -7.328368 4.234075 124.616814 -0.534229 -0.534846 -0.654630 0.835133 -0.213949 -0.506733 0.130967 -0.817414 0.560965
0.222253 -6.838482 24.817080 51.886380 -0.595986 -0.533281 -0.600344 0.782624 -0.218430 -0.582913 0.179723 -0.817252 0.547539
0.076804 -6.240832 31.299275 44.013335 -0.642254 -0.518987 -0.564059 0.712585 -0.133183 -0.688829 0.282370 -0.844343 0.455359
-0.476965 -5.670513 -5.932727 25.974073 -0.599023 -0.536524 -0.594402 0.756494 -0.135876 -0.639730 0.262465 -0.832874 0.487270
1.083561 -6.781887 78.521578 78.289198 -0.649771 -0.512589 -0.561293 0.718339 -0.172610 -0.673940 0.248570 -0.841105 0.480369
-0.352471 -6.503639 -9.359536 101.554954 -0.551592 -0.548137 -0.628722 0.808528 -0.166102 -0.564528 0.205007 -0.819729 0.534805
-0.906568 -2.592446 -40.119697 15.907590 0.555046 0.817053 0.156041 0.605366 -0.268115 -0.749431 0.570488 -0.510431 0.643432
-0.115207 -2.836483 19.695946 6.325780 0.476976 0.858053 0.190364 0.680936 -0.223819 -0.697303 0.555716 -0.462223 0.691036
0.877266 -3.078119 106.877702 24.249380 0.356366 0.898814 0.255219 0.681496 -0.063177 -0.729090 0.639192 -0.433753 0.635052
-1.180613 -5.169541 -31.198201 23.149647 0.485548 0.862398 -0.143222 -0.410629 0.080355 -0.908255 0.771769 -0.499813 -0.393142
-1.943770 -5.752397 7.223735 -2.115919 0.905405 0.354074 0.234251 0.408413 -0.575731 -0.708331 0.115936 -0.736997 0.665878
-0.734007 -5.233557 96.012550 -27.139489 0.800270 0.506706 0.320651 0.588782 -0.562696 -0.580267 0.113596 -0.653163 0.748648
-0.086993 -5.407262 101.017969 -7.872494 0.728015 0.582353 0.361744 0.652310 -0.426084 -0.626853 0.210916 -0.692327 0.690071
-0.962183 -6.283049 19.077252 -45.920817 0.613824 0.751993 0.240261 0.059555 0.259366 -0.963941 0.787193 -0.605999 -0.114420
0.390754 -12.770027 -4.642097 6.730716 0.566200 0.425249 0.706102 0.172426 0.776584 -0.605959 -0.806031 0.464845 0.366378
0.252693 -12.509761 -4.307086 -101.278447 0.557761 0.426271 0.712176 -0.007672 0.860654 -0.509133 -0.829966 0.278511 0.483310
0.047998 -12.334379 -2.260213 -68.039115 0.556152 0.429660 0.711398 -0.006783 0.858310 -0.513087 -0.831053 0.280529 0.480265
1.849558 -3.236907 3.172861 -3.146404 0.877887 0.299793 0.373415 0.317478 0.219412 -0.922533 0.358501 -0.928430 -0.097441
1.685389 -3.064479 9.492975 0.300128 0.880459 0.352957 0.316564 0.246840 0.228814 -0.941655 0.404798 -0.907230 -0.114337
2.756485 -6.311234 29.916835 11.364541 -0.402094 -0.444916 -0.800231 0.508699 0.618133 -0.599280 0.761279 -0.648044 -0.022219
2.108980 -6.545243 32.087100 13.783208 -0.453556 -0.433728 -0.778567 0.503201 0.596393 -0.625383 0.735578 -0.675422 -0.052246
2.589766 -6.914258 38.656862 -51.391353 -0.434161 -0.409880 -0.802186 0.454573 0.669119 -0.587914 0.777732 -0.619902 -0.104185
2.859588 -6.027408 19.683815 30.438698 -0.377211 -0.486193 -0.788244 0.569677 0.549243 -0.611392 0.730192 -0.679668 0.069793
3.107047 -6.840853 24.476352 -54.190418 -0.365964 -0.431324 -0.824639 0.444793 0.697280 -0.562103 0.817453 -0.572504 -0.063330
3.168519 -6.061615 2.202907 4.745513 -0.328149 -0.479791 -0.813707 0.503935 0.639675 -0.580401 0.798979 -0.600513 0.031874
0.378978 -4.000682 1.736237 -12.406596 0.280787 0.956470 -0.079518 0.915105 -0.241819 0.322655 -0.289381 0.163364 0.943171
0.186362 -4.792345 3.049091 -33.471099 0.359919 0.930031 -0.074172 0.914530 -0.335949 0.225330 -0.184646 0.148933 0.971455
2.072446 -2.477494 -284.493735 -15.983746 0.835239 0.410958 0.365363 0.309627 0.197612 -0.930097 0.454431 -0.889979 -0.037810
4.428460 -2.953147 -221.280629 -17.485163 0.799630 0.457531 0.388918 0.304821 0.248746 -0.919353 0.517374 -0.853693 -0.059440
6.648905 -3.161849 4.576726 -19.561915 0.664274 0.615842 0.423649 0.337866 0.258189 -0.905088 0.666773 -0.744363 0.036564
0.208673 -9.487994 12.827767 53.688644 -0.883359 -0.366151 -0.292591 -0.231991 0.884006 -0.405850 0.407254 -0.290633 -0.865839
0.337292 -9.561877 12.077516 1.447512 -0.863402 -0.422250 -0.276119 -0.344648 0.893327 -0.288417 0.368449 -0.153855 -0.916828
0.058006 -8.743529 1.899615 15.665135 -0.864404 -0.407885 -0.293998 -0.324564 0.899239 -0.293305 0.384009 -0.158113 -0.909691
0.534918 -12.048537 -2.860665 87.233171 -0.116238 -0.976625 -0.180812 0.992534 -0.120990 0.015439 -0.036954 -0.177667 0.983397
0.332021 -12.610485 3.310964 162.551315 -0.123131 -0.972870 -0.195862 0.982388 -0.147443 0.114776 -0.140541 -0.178280 0.973891
-0.786568 -11.647155 -10.429516 33.980159 0.222608 0.974794 -0.014907 -0.946457 0.219754 0.236490 -0.233805 0.038536 -0.971520
-1.021337 -11.541167 -0.252958 39.465717 0.229621 0.973188 0.013359 -0.934926 0.216737 0.280959 -0.270531 0.077003 -0.959627
-1.022267 -11.595297 -1.873594 -45.941974 0.237059 0.971383 0.014768 -0.969746 0.235693 0.063573 -0.058273 0.029391 -0.997868
-0.988169 -11.375483 4.410822 44.111365 0.224374 0.973360 0.047182 -0.926104 0.197911 0.321190 -0.303296 0.115762 -0.945839
-1.073056 -11.348645 2.820244 -45.849259 0.236617 0.970552 0.045181 -0.967388 0.231008 0.103905 -0.090408 0.068293 -0.993560
-1.977793 -4.048748 6.677276 7.128871 0.175457 0.391927 0.903110 0.848675 -0.525146 0.063020 0.498964 0.755390 -0.424760
-1.744341 -4.060289 14.712530 5.578742 0.108075 0.382568 0.917585 0.892001 -0.444826 0.080399 0.438923 0.809797 -0.389326
-1.902682 -4.030609 19.718640 10.192659 0.139917 0.366675 0.919768 0.840702 -0.534739 0.085290 0.523109 0.761317 -0.383083
-2.281439 -4.100406 3.676707 -11.984658 0.185871 0.375027 0.908189 0.792678 -0.603409 0.086941 0.580615 0.703741 -0.409432
3.058565 -3.108805 -389.783231 -270.214920 0.357504 -0.230626 0.904988 -0.250792 0.909728 0.330906 -0.899608 -0.345264 0.267392
-1.921368 -3.507293 -171.240680 -417.767650 0.459694 -0.598518 0.656092 -0.089149 0.703947 0.704636 -0.883591 -0.382407 0.270243
-2.858240 -9.333821 -127.405785 -446.485874 0.445806 -0.663664 0.600672 0.042970 0.686138 0.726201 -0.894098 -0.297934 0.334402
-4.139142 -13.427027 9.547234 -649.419678 -0.472879 0.788388 -0.393485 0.178151 0.522893 0.833573 -0.862930 -0.324080 0.387718
-4.923142 -19.396704 1.717912 -609.850225 -0.469033 0.749760 -0.466763 0.286616 0.629117 0.722539 -0.835380 -0.205113 0.509970
-0.722500 -8.645789 -282.252609 -387.920737 0.396431 -0.503375 0.767760 -0.047410 0.823941 0.564689 -0.916840 -0.260260 0.302771
2.371199 -1.010549 -117.794027 -22.484162 0.677438 -0.624459 -0.388753 0.728871 0.641070 0.240365 0.099119 -0.446183 0.889436
3.557473 -0.590114 -59.433662 -21.930625 0.639361 -0.601777 -0.478625 0.751029 0.622204 0.220947 0.164842 -0.500726 0.849765
3.403754 0.059292 -46.462241 16.933067 0.702953 -0.536202 -0.467275 -0.690540 -0.671873 -0.267845 0.170331 -0.510954 0.842564
-13.910604 -16.933986 278.095792 7.903895 -0.020992 0.999382 -0.028189 0.533583 0.035043 0.845021 -0.845487 -0.002698 0.533989
-15.484930 -19.962439 -48.585305 -310.157814 -0.481939 0.876205 -0.000285 0.381853 0.210324 0.899974 -0.788621 -0.433624 0.435944
-141.365054 -379.612186 2539.152033 27068.662361 0.794287 0.494685 -0.352696 -0.528406 0.848991 0.000787 0.299825 0.185742 0.935738
-621.389032 -1587.413013 -24670.743593 84282.516640 0.417548 -0.848904 0.324062 0.908246 0.400614 -0.120823 -0.027257 0.344777 0.938289
57.648604 -208.889491 4170.032311 5606.605428 -0.342755 0.700053 -0.626454 0.548153 0.690594 0.471814 -0.762920 0.181676 0.620440
46.978133 -373.542559 -6096.763669 46481.291503 0.474746 -0.585390 0.657218 0.785105 0.619165 -0.015630 -0.397777 0.523406 0.753538
3354.899720 -6683.915798 -279942.189810 -786169.549165 0.761174 -0.471810 0.444983 -0.578730 -0.803812 0.137685 -0.292722 0.362328 0.884891
1.093201 -16.862477 16.635076 451.730657 0.215415 0.749401 -0.626094 0.420248 -0.649881 -0.633282 0.881469 0.126697 0.454928
2.097724 -23.797677 14.404333 518.674623 0.283499 0.710339 -0.644241 0.659778 -0.632010 -0.406518 0.695932 0.309808 0.647840
-0.290836 -2.545700 24.284119 9.333087 -0.559599 0.601146 0.570502 0.793886 0.586423 0.160791 -0.237896 0.542892 -0.805403
-2.126151 -7.174152 14.443953 -11.006509 0.392027 0.908930 -0.141990 0.398992 -0.028915 0.916498 -0.828927 0.415945 0.373991
-2.254272 -7.086299 11.989240 -53.235074 0.438190 0.898113 -0.037184 0.234089 -0.074077 0.969389 -0.867866 0.433481 0.242698
-2.643607 -6.453471 22.259267 -36.817180 0.408287 0.908524 -0.088799 0.183729 0.013500 0.982884 -0.894173 0.417614 0.161410
-1.426174 -3.895240 -12.476682 51.313845 0.554672 0.830722 0.047327 0.535501 -0.399931 0.743837 -0.636850 0.387242 0.666683
-1.430590 -4.860044 0.148633 41.333480 0.597313 0.798013 0.079951 0.430335 -0.403028 0.807701 -0.676779 0.448045 0.584146
-1.055528 -5.439859 -6.409545 15.251471 0.623315 0.761301 0.178603 0.263348 -0.419427 0.868751 -0.736292 0.494471 0.461922
-1.784014 -8.171613 9.497928 -113.097522 0.673889 0.738744 -0.011461 0.134333 -0.107256 0.985115 -0.726518 0.665397 0.171516
