11987
23954
-5.395919 -6.838173 15.936736 -69.895598 0.330552 -0.577162 -0.746739 0.894924 0.442967 0.053774 0.299745 -0.686050 0.662939
-6.266714 -8.675364 30.935389 -92.660975 0.564606 -0.373010 -0.736264 0.685719 0.708469 0.166916 0.459359 -0.599111 0.655786
-4.393611 -8.721380 -68.767740 156.789680 0.747360 -0.335303 -0.573607 -0.602489 -0.705966 -0.372316 0.280108 -0.623846 0.729627
-5.276619 -8.012055 4.795667 -62.115218 0.177727 -0.610010 -0.772205 0.866141 0.469454 -0.171503 0.467133 -0.638358 0.611789
-4.290304 -6.238846 -43.048070 -106.552254 0.598234 -0.487116 -0.636266 0.781734 0.529258 0.329815 0.176091 -0.694697 0.697415
-3.711094 -5.324733 -8.091674 -43.659952 -0.034750 -0.686702 -0.726108 0.986794 0.091439 -0.133702 0.158209 -0.721165 0.674456
-4.799909 -6.803602 2.104088 -56.092926 -0.082434 -0.661549 -0.745357 0.930933 0.215871 -0.294557 0.355765 -0.718159 0.598063
-4.285112 -5.966742 14.919118 -37.802832 -0.297405 -0.658333 -0.691482 0.922185 -0.010530 -0.386605 0.247234 -0.752653 0.610237
0.543924 -1.641504 91.148575 3.130979 0.329711 0.897501 -0.292886 0.934018 -0.355279 -0.037241 -0.137480 -0.261282 -0.955422
-0.373851 -1.906624 101.863722 7.706009 0.268502 0.921252 -0.281427 0.947878 -0.304716 -0.093141 -0.171561 -0.241750 -0.955052
1.786526 -1.576772 92.828699 7.250521 0.221320 0.927913 -0.299990 0.960692 -0.260322 -0.096456 -0.167597 -0.266850 -0.949053
-1.386748 -2.098183 60.345669 28.711262 0.751811 0.599970 -0.273524 -0.646778 0.751711 -0.128876 -0.128290 -0.273799 -0.953192
2.523193 -1.425818 69.782664 6.175901 0.238672 0.909169 -0.341244 0.959792 -0.274318 -0.059565 -0.147764 -0.313307 -0.938086
1.264801 -1.544477 83.026158 -4.622006 0.334188 0.890205 -0.309602 0.935151 -0.354139 -0.008852 -0.117523 -0.286567 -0.950825
-0.586374 -1.839486 66.023752 -11.838838 0.593021 0.751297 -0.289619 0.798812 -0.594121 0.094438 -0.101118 -0.287355 -0.952472
1.072091 -4.266231 -57.618731 -38.362522 0.831069 -0.550115 -0.081845 -0.407297 -0.702195 0.583979 0.378726 0.451991 0.807633
0.404698 -4.422808 -68.333749 -33.287801 0.821404 -0.570226 -0.011752 -0.478739 -0.700525 0.529221 0.310008 0.429078 0.848403
-0.187522 -3.709085 -42.194376 -63.493185 0.815094 -0.575763 -0.064181 -0.401639 -0.641451 0.653626 0.417502 0.506989 0.754092
0.550493 -3.590762 -42.533564 -26.492042 0.859802 -0.483659 -0.163752 -0.270880 -0.703867 0.656655 0.432857 0.520236 0.736199
-0.646810 -3.078430 2.687997 -80.059976 0.798721 -0.594223 -0.094575 -0.371751 -0.610934 0.698971 0.473124 0.523124 0.708868
-0.164790 -2.891080 -6.048957 11.503746 0.857610 -0.469359 -0.210257 -0.233605 -0.719716 0.653787 0.458186 0.511577 0.726880
-0.409184 -5.022358 3.497121 3.540622 0.067938 -0.666121 -0.742743 0.858613 -0.340103 0.383554 -0.508103 -0.663787 0.548834
-0.400015 -4.989465 5.956896 -5.142619 0.061750 -0.664271 -0.744937 0.899584 -0.286273 0.329842 -0.432360 -0.690501 0.579891
-0.324345 -4.987582 -0.903927 3.618781 0.075399 -0.676516 -0.732558 0.837805 -0.355407 0.414450 -0.540738 -0.644989 0.539991
1.614205 -9.337594 25.816656 5.698495 -0.084005 0.657845 0.748454 0.602120 -0.564965 0.564151 -0.793974 -0.498051 0.348642
0.930658 -8.440880 25.457182 -16.253890 -0.066585 0.667803 0.741354 0.658691 -0.528671 0.535381 -0.749461 -0.523972 0.404674
1.344853 -8.654320 26.335824 -13.583039 -0.113748 0.684713 0.719882 0.730573 -0.433399 0.527663 -0.673294 -0.585946 0.450935
1.130400 -9.081831 29.364650 30.355751 -0.030590 0.647295 0.761625 0.531877 -0.634602 0.560702 -0.846269 -0.422243 0.324869
2.029433 -9.298726 27.802668 -15.046903 -0.150566 0.663655 0.732729 0.673591 -0.473636 0.567401 -0.723605 -0.578991 0.375719
1.827479 -9.852129 25.186098 -55.042386 -0.066724 0.632295 0.771849 -0.457149 0.668229 -0.586928 -0.886884 -0.392012 0.244467
2.489108 -9.959712 32.926154 26.268481 -0.132058 0.643764 0.753743 0.545218 -0.587870 0.597618 -0.827828 -0.489874 0.273358
-0.401390 -16.498192 -24.562175 2.159467 0.786109 -0.504708 -0.356795 0.568563 0.364067 0.737693 0.242423 0.782768 -0.573154
0.060189 -17.854486 -5.741402 12.695943 0.785210 -0.513921 -0.345443 0.550636 0.324285 0.769181 0.283276 0.794181 -0.537615
-0.178807 -15.184949 -12.714889 45.623990 0.804833 -0.489727 -0.335279 0.446095 0.126554 0.885993 0.391464 0.862642 -0.320319
-0.647239 -15.569728 -16.931559 39.400909 0.793381 -0.510679 -0.331291 0.478501 0.186787 0.857990 0.376277 0.839236 -0.392554
-0.962019 -16.689312 -21.217182 42.624598 0.776941 -0.521345 -0.352934 0.572019 0.350399 0.741630 0.262977 0.778087 -0.570459
-0.697340 -16.290191 -30.973908 3.489251 0.753817 -0.527011 -0.392454 0.654081 0.544781 0.524778 0.062762 0.652283 -0.755373
0.641689 -15.497216 -2.953330 -148.415069 0.838057 -0.518779 -0.168906 -0.315197 -0.713075 0.626239 0.445322 0.471585 0.761115
0.424630 -15.689070 -6.975252 -32.853627 0.848210 -0.500412 -0.173571 0.414579 0.831207 -0.370431 0.329642 0.242244 0.912499
0.809714 -15.684766 9.474882 90.569625 0.844643 -0.494717 -0.204534 0.331897 0.783714 -0.525011 0.420028 0.375562 0.826154
-2.169156 -11.234805 -5.284885 2.893612 0.746294 -0.639426 -0.184880 -0.135507 0.125988 -0.982733 -0.651678 -0.758460 -0.007378
-2.303821 -11.269018 -5.773801 -9.502366 0.778788 -0.607138 -0.157707 -0.121102 0.101160 -0.987472 -0.615486 -0.788130 -0.005257
-2.102318 -11.007921 -1.010288 -11.349101 0.766058 -0.620862 -0.166389 -0.251779 -0.051668 -0.966404 -0.591406 -0.782216 0.195901
-1.758719 -11.009731 -10.927701 -5.099857 0.722771 -0.664956 -0.188242 -0.263305 -0.013124 -0.964623 -0.638962 -0.746767 0.184572
-1.762471 -11.412606 -18.189573 3.840767 0.699397 -0.685289 -0.203033 -0.145779 0.141322 -0.979171 -0.699708 -0.714428 0.001061
-4.601209 -13.527948 -10.901488 -181.598155 0.758087 -0.293350 -0.582452 -0.572084 0.129639 -0.809885 -0.313088 -0.947174 0.069543
-3.278318 -12.879791 -22.471028 85.138443 0.711625 -0.334302 -0.617925 -0.648635 0.025300 -0.760679 -0.269930 -0.942126 0.198836
-3.838874 -13.946578 -37.145584 233.631499 0.639934 -0.340396 -0.688923 0.690865 -0.137663 0.709757 -0.336438 -0.930150 0.147073
-5.329095 -16.797232 -26.403955 -329.197902 0.688579 -0.306360 -0.657269 -0.557480 0.356015 -0.749980 -0.463762 -0.882834 -0.074355
-3.831205 -15.428762 -55.650582 232.560094 0.554806 -0.376009 -0.742164 0.652281 -0.357150 0.668560 -0.516449 -0.855021 0.047114
3.490677 -3.272257 -121.632582 -35.743195 -0.205400 0.629800 -0.749108 0.751138 -0.389227 -0.533192 -0.627377 -0.672201 -0.393119
11.903213 -2.487879 467.058016 86.921170 -0.004841 -0.453452 0.891268 -0.690736 0.645999 0.324914 -0.723091 -0.614058 -0.316343
16.997792 -2.083404 -691.731088 3.096122 -0.134515 0.440875 -0.887432 0.764336 -0.523791 -0.376076 -0.630632 -0.728884 -0.266519
-2.380042 -157.652141 -74.362489 -5482.606638 -0.152131 -0.904505 -0.398405 0.959779 -0.038961 -0.278038 0.235965 -0.424680 0.874053
17.301069 -448.167151 475.850421 -63243.077469 0.612156 0.651574 0.448014 -0.223076 0.685867 -0.692693 -0.758619 0.324095 0.565208
-21.635915 -105.693254 94.627913 -2056.340564 0.242215 0.958943 -0.147516 0.909002 -0.277447 -0.311029 0.339187 0.058756 0.938882
-14.226863 -33.827958 -89.669902 -1401.483038 -0.089930 0.927795 0.362090 0.665385 0.326490 -0.671317 0.741064 -0.180557 0.646702
-6.615398 -61.422041 -70.870834 -2383.775675 -0.121100 0.802095 0.584789 0.580909 0.534974 -0.613472 0.804909 -0.265418 0.530730
0.976530 -70.694402 182.003782 -2326.455448 0.072484 0.922699 0.378644 0.683691 0.230442 -0.692432 0.726163 -0.309067 0.614138
8.659784 -34.309145 421.440500 -1084.666607 0.601255 0.494852 -0.627386 -0.434121 0.861472 0.263448 0.670843 0.113962 0.732790
-38.595350 -2084.240169 3396.424425 44642.161805 -0.206456 -0.698033 -0.685657 0.976018 -0.196355 -0.093986 -0.069027 -0.688618 0.721832
-79.661929 -730.079744 -2850.215690 -43652.503398 -0.022404 0.708620 0.705234 0.394662 0.654390 -0.644993 0.918553 -0.263878 0.294327
-92.678315 -519.407061 3074.838741 3000.657514 -0.403302 -0.864517 -0.299930 0.896407 -0.439108 0.060324 -0.183853 -0.244531 0.952052
-143.115618 -199.813487 -5793.985240 -12221.775501 0.268593 0.814793 0.513781 0.360260 -0.579644 0.730907 -0.893348 0.011222 0.449226
-29.157492 -1818.874035 -511.131152 53273.809872 0.153538 0.697696 0.699748 0.059673 0.700305 -0.711345 -0.986339 0.150975 0.065889
-0.077823 -1.630186 -23.026456 -82.962539 -0.673959 0.721603 0.158329 -0.531140 -0.622248 0.575062 -0.513487 -0.303474 -0.802643
-0.269298 -0.767199 6.409636 -74.799095 -0.538137 0.839589 0.074158 -0.662525 -0.475749 0.578553 -0.521027 -0.262209 -0.812267
0.877094 -0.690049 78.703479 -4.571786 0.020358 0.944006 -0.329301 -0.860012 0.184504 0.475750 -0.509868 -0.273517 -0.815612
1.809188 -1.284889 -45.925137 16.558829 -0.013321 0.846325 -0.532500 -0.863376 0.258897 0.433075 -0.504384 -0.465517 -0.727249
0.699738 -1.006214 -74.527764 -6.849439 -0.031599 0.814499 -0.579304 0.860756 -0.272427 -0.429981 -0.508037 -0.512226 -0.692476
1.626754 -1.475422 -76.554183 -15.513390 0.014813 0.809584 -0.586818 0.874188 -0.295367 -0.385426 -0.485361 -0.507280 -0.712104
0.562911 -7.706349 -46.369053 -39.821357 0.296083 -0.645014 -0.704480 0.894565 0.445778 -0.032176 0.334796 -0.620676 0.708994
0.019172 -6.696629 -9.947537 -41.631759 0.252583 -0.630294 -0.734119 0.937477 0.347187 0.024466 0.239455 -0.694399 0.678580
-0.235254 -6.906574 -22.779067 -51.510642 0.364806 -0.598436 -0.713296 0.919209 0.353441 0.173591 0.148225 -0.718995 0.679025
36.815384 -475.421829 656.427199 21101.048501 0.744477 0.415950 0.522245 -0.143211 0.863497 -0.483594 -0.652108 0.285233 0.702423
50.206622 -455.232386 1415.936360 -26191.758726 0.828384 0.313373 0.464303 0.471071 -0.838227 -0.274713 -0.303103 -0.446288 0.841995
141.033269 -44.247906 6597.926069 -2696.354573 0.986791 -0.086535 -0.136951 0.039577 -0.690986 0.721784 0.157090 0.717670 0.678434
54.025496 -98.220430 -1195.529102 -328.554126 -0.063641 0.154345 -0.985965 -0.263047 0.950436 0.165762 0.962682 0.269904 -0.019887
-8.910729 -100.258244 230.020811 -4649.489983 -0.015543 -0.214580 0.976583 0.955412 -0.291218 -0.048782 0.294866 0.932281 0.209538
-3.941010 -9.146007 176.311945 150.488761 0.862750 -0.502069 0.059917 0.339186 0.662550 0.667817 0.374988 0.555836 -0.741910
-0.900276 -25.716329 69.809302 931.720851 0.774856 -0.623009 -0.107041 0.556965 0.592765 0.581738 0.298978 0.510382 -0.806302
-0.459690 -216.734365 241.250196 9724.551038 0.876464 -0.475997 0.072372 0.353005 0.737528 0.575708 0.327412 0.479039 -0.814446
-1.949468 -8.695906 -50.149389 236.413665 -0.678520 0.659436 0.323658 0.015898 0.453681 -0.891022 0.734410 0.599431 0.318316
-0.559453 -17.944410 44.041459 525.819350 0.711748 -0.573475 -0.405636 0.037946 0.608019 -0.793015 0.701409 0.549035 0.454518
-2.492684 -19.114408 21.869582 746.628068 -0.674634 0.645210 0.358570 -0.032224 0.459562 -0.887561 0.737448 0.610334 0.289245
-4.099953 -24.488207 -138.256773 653.524943 0.765087 -0.468923 -0.441309 0.050943 0.727270 -0.684458 0.641909 0.501188 0.580313
-6.744141 -7.299324 -30.757190 23.257391 0.921410 -0.385906 0.045609 0.363931 0.898117 0.246862 0.136228 0.210863 -0.967977
-6.701718 -7.151932 -28.005119 19.337751 -0.939200 -0.094491 -0.330112 -0.155342 0.974307 0.163077 0.306221 0.204442 -0.929748
-6.969361 -7.422870 9.303964 6.543408 -0.904790 0.395498 -0.157916 0.376452 0.916160 0.137604 0.199098 0.065055 -0.977818
-6.551261 -7.650094 -39.488650 1.139073 0.845561 -0.529634 -0.067193 0.533640 0.842228 0.076684 -0.015978 0.100698 -0.994789
-7.174269 -7.524143 -15.746348 13.298770 -0.851742 0.436117 -0.290409 0.442914 0.895402 0.045631 0.279933 -0.089760 -0.955814
-7.016381 -7.670338 30.917703 1.599722 -0.827194 0.555061 -0.087505 0.557529 0.830144 -0.004622 0.070076 -0.052610 -0.996153
-3.145730 -10.783869 -25.201104 50.705206 0.815898 -0.577969 0.016194 -0.172464 -0.216536 0.960921 0.551875 0.786806 0.276350
-3.802359 -10.474062 -18.489093 61.134203 0.751096 -0.656718 0.067643 -0.245371 -0.182567 0.952083 0.612901 0.731704 0.298265
-3.567247 -11.210969 -16.638257 5.933214 0.801325 -0.598216 0.003972 -0.052129 -0.063211 0.996638 0.595954 0.798838 0.081837
-2.810941 -11.412056 -38.068927 12.081291 0.861845 -0.505726 -0.038269 -0.045731 -0.152638 0.987224 0.505106 0.849084 0.154677
-3.873838 -11.386700 -10.986056 -11.229929 0.792975 -0.609230 0.005466 0.078254 0.110744 0.990763 0.604208 0.785223 -0.135492
-3.332115 -11.569932 -25.029052 -14.977624 0.845393 -0.532610 -0.040464 0.075293 0.043826 0.996198 0.528811 0.845226 -0.077152
-2.611978 -6.320883 21.045167 4.443944 0.773720 -0.585178 -0.242743 0.632211 0.737874 0.236328 -0.040820 0.336317 -0.940864
-2.438439 -6.446244 -17.367282 10.406964 0.799969 -0.526489 -0.287853 0.599707 0.717542 0.354240 -0.020043 0.456008 -0.889750
-2.099524 -6.135555 55.605104 8.684308 0.815511 -0.552774 -0.171414 0.573021 0.729682 0.373110 0.081168 0.402499 -0.911815
-2.181708 -6.520358 -44.622139 -6.247575 0.781749 -0.528018 -0.331761 0.601617 0.778599 0.178438 -0.164090 0.339087 -0.926334
-0.556573 -5.416930 8.566293 -7.020932 0.716710 -0.448367 -0.534130 0.697003 0.485468 0.527739 -0.022682 0.750525 -0.660452
-0.504903 -5.325335 -2.779297 -10.081674 -0.697322 0.463797 0.546474 0.716737 0.456954 0.526764 -0.005402 0.759003 -0.651065
-0.428202 -5.403001 12.198137 8.347816 0.707275 -0.460212 -0.536626 0.704301 0.524226 0.478693 -0.061014 0.716514 -0.694900
-0.462050 -5.416881 6.653990 8.911798 0.717175 -0.439882 -0.540522 0.688028 0.570245 0.448818 -0.110802 0.693776 -0.711617
-0.603869 -5.409707 3.302724 0.399480 0.724433 -0.427893 -0.540466 0.684030 0.543379 0.486664 -0.085438 0.722251 -0.686334
-0.655800 -5.551188 5.593166 -20.707833 0.733204 -0.422674 -0.532691 0.679268 0.491816 0.544713 -0.031750 0.761225 -0.647710
-0.089444 -9.539991 5.162116 -18.673492 0.856863 -0.306329 -0.414667 0.458620 0.085523 0.884508 0.235487 0.948076 -0.213770
-0.321679 -9.211143 -10.585835 -20.870096 0.862086 -0.285495 -0.418689 0.460309 0.095597 0.882597 0.211951 0.953600 -0.213829
-0.168167 -8.687174 -7.326637 -49.003881 0.846818 -0.291373 -0.444973 0.520555 0.282278 0.805817 0.109187 0.914014 -0.390714
-0.264978 -9.455751 -16.043325 17.782659 0.871130 -0.277970 -0.404803 0.384936 -0.125276 0.914402 0.304888 0.952386 0.002131
0.201952 -9.514442 0.048422 43.511239 0.856072 -0.304982 -0.417285 0.377091 -0.183594 0.907797 0.353473 0.934494 0.042163
1.278490 -12.215346 42.567832 -24.982462 0.990551 -0.134308 0.027765 0.125862 0.970638 0.204988 0.054481 0.199557 -0.978371
0.314810 -11.827769 26.092579 43.686561 0.991632 -0.124069 0.035668 0.107988 0.948613 0.297443 0.070739 0.291102 -0.954073
0.948256 -11.737553 27.606975 75.152199 0.990880 -0.133997 0.014194 0.112689 0.881818 0.457929 0.073877 0.452153 -0.888875
1.607458 -12.338600 33.874309 31.477253 0.987801 -0.155501 -0.008226 0.148046 0.921442 0.359202 0.048277 0.356038 -0.933223
-0.778392 -6.867771 -10.143789 36.546093 0.833211 -0.477391 -0.279029 -0.526498 -0.839151 -0.136474 0.168996 -0.260619 0.950536
-0.819575 -6.415947 1.331575 -1.652439 0.843269 -0.452006 -0.290839 -0.526614 -0.803111 -0.278732 0.107587 -0.388206 0.915271
-0.758881 -6.980808 -12.553296 39.124945 0.835676 -0.465978 -0.290707 -0.523414 -0.836046 -0.164513 0.166385 -0.289640 0.942563
-0.719158 -8.252776 -16.691747 -74.979380 0.834205 -0.477181 -0.276407 0.499945 0.865945 0.013908 0.232717 -0.149790 0.960940
-0.854736 -7.353635 -16.890241 -46.543505 0.836603 -0.458895 -0.299182 0.499857 0.862927 0.074166 0.224138 -0.211595 0.951309
4.604537 -6.007391 -43.260766 10.515586 -0.559309 0.643793 0.522211 0.001357 -0.629247 0.777204 -0.828958 -0.435406 -0.351070
4.203893 -6.566737 -27.716463 8.828923 -0.519412 0.674293 0.524919 -0.120035 -0.665765 0.736443 -0.846051 -0.319509 -0.426746
4.757132 -6.278360 -4.865674 21.431549 -0.463147 0.711933 0.527870 -0.019841 -0.603781 0.796903 -0.886060 -0.358609 -0.293765
3.999784 -6.257983 81.779279 23.633673 -0.309384 0.790516 0.528550 -0.043828 -0.567083 0.822494 -0.949927 -0.231302 -0.210093
4.832385 -5.886356 30.553640 28.448481 -0.394162 0.753146 0.526695 0.107393 -0.531421 0.840273 -0.912745 -0.387767 -0.128584
4.793894 -6.154667 -49.055210 15.422339 -0.552315 0.656627 0.513603 0.119102 -0.547626 0.828203 -0.825083 -0.518601 -0.224257
-2.175153 -3.467575 -50.922185 21.675685 -0.462160 0.875269 0.142520 0.507354 0.392787 -0.767014 0.727323 0.282175 0.625602
-2.548173 -3.491270 49.632244 0.984574 0.638168 -0.584390 -0.501228 0.153213 0.734409 -0.661188 0.754498 0.345154 0.558213
-3.561650 -3.916245 57.625685 -3.101451 0.688640 -0.557734 -0.463367 0.165689 0.743163 -0.648271 0.705920 0.369650 0.604182
-1.636288 -2.922398 34.680880 8.111525 0.597299 -0.654149 -0.464030 0.206422 0.684473 -0.699204 0.774999 0.321848 0.543866
-0.952690 -2.931733 -35.720195 18.778730 -0.456412 0.872831 0.172784 0.485469 0.407022 -0.773727 0.745660 0.269257 0.609502
-0.727502 -2.822684 -47.997229 -1.060639 -0.284967 0.958481 -0.010362 0.670953 0.191738 -0.716281 0.684555 0.211069 0.697735
-1.262236 -11.878662 -36.734385 -6.044216 0.901662 -0.407335 -0.145202 0.088539 -0.154770 0.983975 0.423281 0.900069 0.103485
-1.654479 -11.662413 -34.748456 22.163641 0.883943 -0.460331 -0.082099 -0.064812 -0.294499 0.953451 0.463081 0.837476 0.290155
-2.455189 -11.872057 -36.474375 -15.828868 0.883549 -0.458174 -0.097042 0.077488 -0.061336 0.995105 0.461883 0.886744 0.018690
-0.975926 -6.920458 -4.813927 -29.716033 0.707697 -0.516833 -0.481715 0.429702 -0.226354 0.874140 0.560822 0.825619 -0.061894
-0.654324 -6.962589 -11.506705 -39.740531 0.732857 -0.490361 -0.471663 0.471956 -0.132956 0.871539 0.490079 0.861318 -0.133992
-0.842101 -7.593917 -8.329426 -32.512146 0.744553 -0.511055 -0.429493 0.333814 -0.272135 0.902502 0.578108 0.815331 0.032022
-1.127522 -7.256007 -2.566205 -5.686597 0.722358 -0.532799 -0.440822 0.276917 -0.361252 0.890401 0.633652 0.765260 0.113412
-1.197701 -6.887441 7.231639 -2.430608 0.687590 -0.557070 -0.465717 0.317137 -0.346576 0.882785 0.653180 0.754690 0.061635
-1.033196 -6.670908 -3.054155 -2.360859 0.675428 -0.527723 -0.515078 0.450559 -0.257621 0.854768 0.583776 0.809407 -0.063766
-2.780581 -13.115272 16.688256 -206.742117 -0.512720 0.608488 0.605690 0.856566 0.314541 0.409095 0.058415 0.728565 -0.682482
-1.798971 -15.809867 -1.325962 -315.906475 -0.521350 0.627706 0.578082 0.812298 0.157483 0.561580 0.261469 0.762354 -0.591988
-1.797936 -16.920748 -45.634898 -364.367734 -0.572099 0.669775 0.473396 0.796195 0.314946 0.516606 0.196916 0.672466 -0.713452
-0.326582 -22.089821 -48.660296 -507.455895 -0.523531 0.696013 0.491408 0.718579 0.050810 0.693586 0.457776 0.716229 -0.526741
-0.751003 -16.508684 -74.191023 -226.004472 -0.587989 0.705506 0.395639 0.733222 0.258353 0.628999 0.341547 0.659936 -0.669201
-1.696560 -13.947542 -58.568455 -65.079264 -0.644230 0.656893 0.391739 0.753580 0.457638 0.471894 0.130710 0.599215 -0.789846
-0.435734 -1.904957 57.553134 -13.371655 0.971455 -0.233026 0.044427 0.007514 0.217410 0.976051 0.237105 0.947856 -0.212955
0.565379 -2.169006 50.892811 -16.613450 0.970556 -0.215256 0.108100 -0.060583 0.216211 0.974465 0.233132 0.952322 -0.196804
1.020464 -1.496621 80.069223 -5.839793 0.970467 -0.240626 0.017112 0.038010 0.222576 0.974174 0.238220 0.944753 -0.225149
-0.004802 -2.192263 32.928881 -19.789237 0.970344 -0.238654 -0.038426 0.076710 0.153264 0.985203 0.229233 0.958934 -0.167026
-0.882636 -1.919670 72.008936 9.192400 0.966907 -0.206276 0.150140 -0.092325 0.265704 0.959624 0.237840 0.941728 -0.237867
1.938360 -67.072395 -67.091636 1845.133066 0.305123 -0.476278 -0.824657 0.048224 0.872568 -0.486106 0.951091 0.108553 0.289209
1.248033 -70.462407 59.550721 2605.955385 0.298731 -0.421797 -0.856065 -0.111864 0.875365 -0.470343 0.947759 0.236268 0.214315
2.072250 -72.337203 -4.675545 2342.963835 0.322273 -0.449996 -0.832853 -0.420824 0.719980 -0.551848 0.847967 0.528330 0.042660
1.641426 -58.876114 2.427676 2090.632670 0.271492 -0.412006 -0.869795 -0.425793 0.759067 -0.492460 0.863129 0.504052 0.030652
1.268673 -42.761656 27.475403 -711.267511 -0.347763 0.456597 0.818889 0.664922 -0.495661 0.558748 0.661014 0.738809 -0.131228
0.712090 -38.118983 -7.894453 -868.245652 -0.291959 0.442052 0.848145 0.669243 -0.539102 0.511354 0.683282 0.716909 -0.138445
-0.496863 -3.450032 9.463038 -34.332693 0.776015 -0.263502 -0.573033 0.440047 -0.424678 0.791206 0.451839 0.866150 0.213604
-0.073078 -3.609109 23.529924 -25.311587 0.764816 -0.277459 -0.581440 0.440370 -0.433604 0.786169 0.470245 0.857324 0.209443
-0.304759 -3.062663 9.752988 -30.970048 0.780972 -0.275644 -0.560450 0.449635 -0.374676 0.810830 0.433487 0.885234 0.168672
-0.407847 -2.890649 -6.228093 -30.062574 0.823379 -0.280901 -0.493094 0.391088 -0.348748 0.851719 0.411215 0.894130 0.177294
-0.569050 -3.598417 -4.608834 -36.875063 0.809819 -0.267788 -0.521998 0.386405 -0.426052 0.818029 0.441457 0.864158 0.241550
-1.377099 -4.470659 24.789254 19.113133 -0.942960 0.138838 0.302572 0.170342 0.982115 0.080214 -0.286024 0.127179 -0.949745
-1.263995 -4.689951 13.393192 14.898391 -0.938547 0.145672 0.312905 0.151696 0.988414 -0.005147 -0.310030 0.042636 -0.949770
-1.000881 -4.193649 10.022444 19.382549 -0.925872 0.193542 0.324504 0.238345 0.965580 0.104148 -0.293177 0.173771 -0.940133
-1.175521 -4.098616 23.500034 20.223778 -0.932563 0.183267 0.311031 0.238544 0.959499 0.149865 -0.270968 0.213953 -0.938510
0.360375 -21.917928 14.235741 155.237847 -0.911613 0.235137 0.337155 0.205330 0.971053 -0.122048 -0.356093 -0.042032 -0.933505
0.212184 -56.281420 31.524551 1780.826679 -0.906457 0.280007 0.316119 0.165440 0.924195 -0.344227 -0.388541 -0.259728 -0.884068
0.197178 -27.033011 28.715324 498.437870 -0.902542 0.260671 0.342737 0.185892 0.953827 -0.235921 -0.388409 -0.149216 -0.909325
0.155815 -24.924943 -0.575865 412.553504 -0.912435 0.262610 0.313845 0.223367 0.962212 -0.155742 -0.342884 -0.072002 -0.936614
0.505282 -17.842291 -5.620540 23.792100 -0.907016 0.272778 0.320802 0.282785 0.959051 -0.015953 -0.312016 0.076249 -0.947012
1.569854 -7.755589 7.715549 -112.452003 -0.531622 0.733120 0.424162 0.846755 0.448432 0.286208 0.019617 0.511316 -0.859169
0.504671 -6.127844 -22.776707 -32.168290 0.748585 -0.527622 -0.401541 0.641020 0.730687 0.234925 -0.169449 0.433257 -0.885198
-1.013860 -5.046590 -5.725175 -86.691700 -0.364195 0.848027 0.384983 0.930093 0.352421 0.103570 -0.047846 0.395789 -0.917094
0.630474 -4.523856 -29.110473 -45.848642 -0.636550 0.586139 0.501244 -0.217991 0.486681 -0.845945 0.739786 0.647753 0.182024
0.896672 -3.501668 -16.698157 -55.306779 -0.654517 0.599686 0.460418 -0.143753 0.499160 -0.854502 0.742255 0.625473 0.240502
0.831361 -4.749141 -14.417466 -43.375777 -0.633648 0.563135 0.530442 -0.288673 0.464027 -0.837465 0.717745 0.683782 0.131468
0.699468 -5.463576 26.236507 26.715800 0.621734 -0.565657 -0.541737 0.350056 -0.418058 0.838265 0.700648 0.710816 0.061909
0.652287 -5.686432 -9.018468 37.977498 0.663625 -0.530411 -0.527510 0.363173 -0.388049 0.847067 0.653993 0.753713 0.064888
-5.451298 -9.606394 -51.512816 126.334324 0.735700 -0.256429 -0.626888 -0.511103 -0.817515 -0.265413 0.444431 -0.515669 0.732507
-7.381093 -9.573418 44.548137 -64.868773 0.640740 -0.241661 -0.728734 0.482170 0.865299 0.137000 0.597465 -0.439155 0.670953
-6.709946 -9.149736 55.328911 -42.869478 0.348962 -0.511088 -0.785503 0.712744 0.688962 -0.131635 0.608459 -0.513927 0.604696
-4.654732 -7.792260 11.160840 5.452174 -0.669391 0.586968 0.455394 0.022610 0.628799 -0.777239 -0.742566 -0.509981 -0.434184
-4.803909 -7.598839 14.987829 9.919302 -0.697012 0.572318 0.432003 0.128652 0.692501 -0.709853 -0.705424 -0.439198 -0.556312
-4.908474 -7.593721 7.225656 4.873390 -0.755748 0.546461 0.360867 0.062093 0.608371 -0.791220 -0.651912 -0.575556 -0.493707
4.286083 -9.013748 -140.089659 10.213957 0.954011 -0.245226 -0.172418 -0.175802 -0.923550 0.340807 0.242811 0.294822 0.924188
5.718667 -7.451782 -152.579457 -41.960927 0.949229 -0.139248 -0.282090 0.114148 0.988045 -0.103620 0.293146 0.066159 0.953776
3.436471 -9.424943 -105.783007 -90.948663 0.958571 -0.190875 -0.211446 0.164336 0.976868 -0.136830 0.232672 0.096413 0.967765
5.985559 -6.584065 -117.212295 36.037821 0.923261 -0.226188 -0.310529 0.108640 0.929030 -0.353695 0.368492 0.292817 0.882311
1.935781 -11.181522 -36.392231 -101.210508 0.941686 -0.292028 -0.167175 0.238278 0.929507 -0.281499 0.237596 0.225249 0.944887
2.400921 -10.152516 -83.356695 -44.567253 0.929758 -0.346745 -0.123765 -0.220104 -0.792964 0.568122 0.295135 0.500975 0.813584
4.981106 -8.054352 -155.175335 -1.134901 0.933732 -0.323412 -0.153459 -0.200799 -0.828087 0.523404 0.296353 0.457904 0.838152
2.106941 -1.795681 92.646127 8.658533 0.159827 0.941692 -0.296092 0.964996 -0.212229 -0.154080 -0.207935 -0.261102 -0.942650
-0.082430 -2.149893 102.935460 14.556561 0.119516 0.958567 -0.258583 0.968638 -0.169726 -0.181474 -0.217844 -0.228784 -0.948790
-2.190094 -2.498421 58.948567 38.079914 -0.420575 0.895539 -0.145351 0.877360 0.360672 -0.316473 -0.230990 -0.260625 -0.937400
-2.129463 -2.612516 21.311658 88.225264 0.981614 0.025327 -0.189190 -0.076458 0.960340 -0.268143 -0.174895 -0.277678 -0.944620
2.023234 -4.344169 -66.514779 12.397627 0.843736 -0.530018 -0.084800 -0.431999 -0.764301 0.478770 0.318569 0.367322 0.873835
2.013943 -3.948355 -80.380646 29.194164 0.873911 -0.479819 -0.077806 -0.414459 -0.819160 0.396486 0.253977 0.314246 0.914738
-0.308551 -4.873864 -0.978845 -1.541945 0.085602 -0.685571 -0.722956 0.871198 -0.300560 0.388172 -0.483411 -0.663066 0.571540
-0.192219 -4.874299 -11.370116 2.981444 0.088776 -0.696077 -0.712458 0.812784 -0.362839 0.455773 -0.575761 -0.619536 0.533549
-0.117462 -4.855805 -7.345650 2.079050 0.108716 -0.703167 -0.702665 0.830944 -0.323699 0.452494 -0.545631 -0.633068 0.549101
-0.275109 -4.766256 -7.475947 -5.270790 0.088419 -0.698897 -0.709735 0.891034 -0.262999 0.369987 -0.445242 -0.665112 0.599487
0.163792 -17.515273 3.208568 -32.782715 0.787196 -0.515529 -0.338456 0.547517 0.331660 0.768262 0.283809 0.790083 -0.543342
0.066465 -15.812341 -1.358110 135.608981 0.799705 -0.504606 -0.325338 0.400928 0.045474 0.914980 0.446910 0.862152 -0.238676
-1.057984 -10.168378 12.695314 79.983729 0.842139 -0.506384 -0.185413 -0.529878 -0.713176 -0.458922 -0.100158 -0.484722 0.868915
-0.728056 -12.166681 11.367169 132.194337 0.836754 -0.512051 -0.194025 -0.547052 -0.797249 -0.255204 0.024009 -0.319685 0.947220
-1.076368 -10.406964 -1.696043 91.541433 0.811144 -0.558387 -0.173924 -0.577702 -0.718646 -0.387052 -0.091135 -0.414431 0.905506
-1.401862 -9.383006 -3.159043 11.835849 0.816355 -0.551851 -0.170366 -0.550068 -0.653004 -0.520586 -0.176036 -0.518696 0.836639
-1.266956 -9.536951 -13.866598 30.171533 0.787775 -0.595345 -0.158034 -0.589591 -0.654540 -0.473244 -0.178304 -0.465985 0.866640
-0.588475 -7.350612 2.021779 2.520641 -0.094330 0.480499 0.871908 0.600982 0.725710 -0.334912 -0.793677 0.492409 -0.357227
-0.742608 -7.336127 11.096821 0.050664 -0.091440 0.456069 0.885235 0.738581 0.627325 -0.246903 -0.667935 0.631241 -0.394206
-0.580784 -7.350164 -2.253342 -14.886213 -0.105963 0.494677 0.862593 0.638024 0.699186 -0.322590 -0.762691 0.516173 -0.389703
0.124915 -12.295976 -10.967091 -170.166800 0.814318 -0.551852 -0.179846 -0.072802 -0.404522 0.911626 0.575834 0.729261 0.369586
-0.054761 -12.079289 -20.586355 -185.140045 0.812637 -0.568786 -0.126904 -0.158169 -0.424849 0.891339 0.560896 0.704263 0.435212
-0.121445 -10.602969 -15.136739 73.721215 0.818532 -0.525574 -0.231900 0.017056 -0.381270 0.924306 0.574208 0.760529 0.303117
-0.320665 -9.160119 -10.808077 -87.676445 0.814650 -0.552086 -0.177614 -0.062611 -0.388188 0.919451 0.576563 0.737910 0.350804
0.091099 -11.171123 -10.183029 101.388492 0.815814 -0.527269 -0.237561 0.036551 -0.362950 0.931091 0.577159 0.768280 0.276827
-2.315200 -11.297774 5.586496 3.792422 0.815402 -0.562773 -0.135670 0.012301 0.251151 -0.967870 -0.578765 -0.787534 -0.211711
-2.170800 -11.129113 2.432508 -14.402116 0.816151 -0.561677 -0.135707 -0.116833 0.069599 -0.990710 -0.565904 -0.824424 0.008819
-2.063130 -11.574948 19.061001 -16.387348 0.857271 -0.500710 -0.119900 -0.077968 0.103940 -0.991523 -0.508928 -0.859352 -0.050065
-2.170441 -10.926125 -15.366046 -11.702958 0.784117 -0.603074 -0.146498 -0.234964 -0.069996 -0.969481 -0.574414 -0.794608 0.196586
-2.103065 -10.838821 10.999098 -29.743404 0.830454 -0.540686 -0.134183 -0.194703 -0.056024 -0.979261 -0.521956 -0.839357 0.151799
3.867454 -3.811285 146.876395 104.808621 -0.089331 -0.524719 0.846575 -0.732479 0.610563 0.301144 -0.674904 -0.593197 -0.438888
6.508381 -4.224962 100.081652 138.925154 -0.339090 -0.462745 0.819076 -0.609446 0.771311 0.183455 -0.716654 -0.436975 -0.543562
56.737047 -329.431922 -4311.256526 14069.277607 0.304066 0.719142 0.624803 0.742531 -0.589790 0.317483 -0.596818 -0.367399 0.713321
-1.613552 -85.276899 101.567361 -2648.758700 0.352504 0.556604 0.752285 0.823927 0.196568 -0.531512 -0.443717 0.807188 -0.389310
-3.419635 -44.567071 205.160159 -1792.096836 0.533901 0.417483 0.735295 0.629698 0.384037 -0.675274 -0.564296 0.823543 -0.057850
-33.981933 -277.339089 -1274.376067 -11060.477247 0.182655 0.592196 0.784819 0.535088 0.609795 -0.584663 -0.824814 0.526739 -0.205495
-94.785407 -650.225441 -3005.041920 -21666.582254 -0.023926 0.523458 0.851715 0.899757 -0.360060 0.246565 0.435735 0.772236 -0.462371
-2.346186 -129.884401 1987.550227 29003.841639 -0.103292 -0.085588 0.990962 0.882881 -0.466741 0.051715 0.458097 0.880243 0.123775
-322.245735 -546.072042 17317.456463 16789.438729 0.293728 -0.853077 0.431258 0.909328 0.110276 -0.401200 0.294697 0.509999 0.808118
4.412778 0.406642 123.089178 18.284314 0.150118 0.876666 -0.457080 -0.803017 0.377810 0.460894 -0.576739 -0.297854 -0.760694
4.255765 0.342262 -104.197990 19.950500 -0.011232 0.786021 -0.618098 -0.797407 0.365927 0.479832 -0.603337 -0.498265 -0.622669
2.909098 -0.020335 26.041689 18.558692 0.073436 0.872307 -0.483412 -0.800154 0.340862 0.493525 -0.595282 -0.350562 -0.723011
4.699606 0.594327 90.920150 8.664842 0.127520 0.858347 -0.496970 -0.814819 0.376352 0.440941 -0.565516 -0.348712 -0.747390
-1.317126 -3.690790 12.501623 39.996843 0.869171 -0.488594 -0.076275 0.236279 0.545819 -0.803899 -0.434413 -0.680704 -0.589854
-1.248513 -4.130637 9.858216 21.943734 0.876673 -0.474482 -0.079450 0.194575 0.500736 -0.843448 -0.439984 -0.723969 -0.531304
-1.723895 -3.999857 11.696011 24.218233 0.852687 -0.515164 -0.086783 0.211509 0.492318 -0.844326 -0.477692 -0.701590 -0.528755
0.937886 -7.280333 -2.994615 -31.686128 0.203421 -0.641362 -0.739780 0.899138 0.421425 -0.118119 0.387519 -0.641136 0.662400
0.466398 -6.857250 1.443505 -49.813189 0.132318 -0.648049 -0.750016 0.942794 0.315872 -0.106601 0.305992 -0.693006 0.652773
1.790736 -8.031589 -13.403507 -9.992418 0.223350 -0.633135 -0.741117 0.822226 0.530727 -0.205605 0.523506 -0.563444 0.639118
1.368079 -7.715325 33.280334 -55.717549 0.118901 -0.642798 -0.756751 0.890962 0.405462 -0.204418 0.438234 -0.649931 0.620919
-116.013613 -645.072426 -1880.887436 27216.504684 0.613676 0.353446 0.706029 -0.311761 0.930020 -0.194598 -0.725401 -0.100692 0.680921
-10.383281 -441.129407 -251.225107 23519.860136 0.728424 0.359744 0.583080 -0.456695 0.889355 0.021828 -0.510713 -0.282190 0.812121
-15.475675 -258.076726 340.187704 -8645.219018 -0.587519 -0.442833 -0.677289 0.690334 -0.710978 -0.133975 -0.422210 -0.546269 0.723415
-22.733963 -80.713437 -83.881043 2329.369867 0.690289 0.536394 0.485574 -0.200251 0.786535 -0.584177 -0.695270 0.306015 0.650350
-1.088479 -6.968275 9.256519 -27.213559 0.183794 -0.654874 -0.733049 0.946028 0.320358 -0.049000 0.266927 -0.684479 0.678409
-0.899065 -6.463669 12.087636 -1.236652 0.135999 -0.655554 -0.742800 0.962759 0.264289 -0.056976 0.233665 -0.707389 0.667084
-0.966409 -6.671046 6.136654 -49.276168 0.181446 -0.652797 -0.735482 0.933692 0.349133 -0.079537 0.308703 -0.672282 0.672859
-2.346259 -12.290334 52.044374 302.848116 0.748157 -0.515742 -0.417459 -0.051271 0.582340 -0.811327 0.661538 0.628403 0.409239
-2.013545 -15.744213 77.604670 243.999492 0.759460 -0.507005 -0.407634 0.121946 0.726437 -0.676328 0.639022 0.463935 0.613527
-6.168399 -6.817272 -37.810105 26.339104 -0.816662 -0.340338 -0.466083 -0.457201 0.874368 0.162629 0.352179 0.345907 -0.869666
-6.150886 -7.145392 -37.543535 15.404857 -0.830975 -0.293292 -0.472717 -0.356982 0.932838 0.048760 0.426667 0.209270 -0.879865
-6.491892 -6.894752 -18.505632 35.396918 0.938480 -0.336861 0.076025 0.285285 0.880325 0.378999 0.194597 0.333994 -0.922269
-3.373373 -8.535160 -47.704660 101.921441 0.704589 -0.685043 0.185121 -0.481841 -0.270346 0.833512 0.520945 0.676482 0.520565
-4.266667 -9.394195 -28.115264 81.005902 0.675036 -0.730457 0.103720 -0.367446 -0.210949 0.905805 0.639773 0.649563 0.410803
-2.986422 -9.790710 -23.876816 101.179383 0.776133 -0.623144 0.096487 -0.359621 -0.311733 0.879486 0.517968 0.717296 0.466042
4.366411 -13.099478 -147.094968 -33.526341 -0.348377 0.770102 -0.534394 -0.377231 -0.637088 -0.672172 0.858097 0.032579 -0.512453
1.035495 -11.945089 -66.684782 155.296889 -0.347205 0.799821 -0.489627 -0.623235 -0.586927 -0.516813 0.700733 -0.125713 -0.702260
1.239858 -12.524071 -64.260504 29.275964 -0.293251 0.839870 -0.456751 -0.422055 -0.542409 -0.726403 0.857831 0.020245 -0.513534
-0.435056 -11.738989 -14.467512 161.171712 -0.282547 0.876056 -0.390760 -0.640811 -0.475509 -0.602704 0.713812 -0.080111 -0.695740
3.142921 -13.130704 -134.058347 -159.105723 -0.275054 0.821789 -0.499007 -0.188692 -0.555075 -0.810116 0.942730 0.128667 -0.307741
-0.388726 -5.398356 0.877509 -13.925407 -0.690483 0.472000 0.548133 0.723348 0.451586 0.522339 -0.000985 0.757157 -0.653233
-0.499903 -5.330767 5.063713 -9.928734 -0.704719 0.453179 0.545894 0.705015 0.361045 0.610410 0.079532 0.815031 -0.573933
0.669719 -12.366433 -34.677197 -32.788899 -0.993394 0.106880 -0.041783 0.105422 0.993787 0.035679 0.045337 0.031038 -0.998489
-0.149379 -12.078291 16.904726 -13.768631 0.994195 -0.100057 0.039553 0.097740 0.993595 0.056709 0.044974 0.052514 -0.997607
-0.308394 -11.355983 12.703335 39.637847 0.992261 -0.121391 0.026111 0.108913 0.951885 0.286448 0.059627 0.281388 -0.957740
-0.039638 -10.927930 15.160937 81.763107 0.989350 -0.143790 0.022605 0.118124 0.883892 0.452528 0.085050 0.445039 -0.891463
-0.663144 -6.514922 -4.209605 24.400729 0.838924 -0.475657 -0.264492 -0.528702 -0.827578 -0.188653 0.129154 -0.298103 0.945756
-0.724434 -6.456719 -4.790876 -24.237191 0.868414 -0.423620 -0.257689 -0.490801 -0.808289 -0.325243 0.070508 -0.408920 0.909842
3.312634 -6.498853 -46.561923 -6.259984 -0.619023 0.597804 0.509353 0.052620 0.678661 -0.732564 -0.783608 -0.426672 -0.451563
3.273512 -6.665200 -31.423536 -20.527068 -0.570582 0.637407 0.517831 0.169610 0.708415 -0.685113 -0.803535 -0.303084 -0.512319
-2.995763 -4.289989 57.885253 -41.870083 0.628630 -0.135160 -0.765870 -0.257544 0.893036 -0.368996 0.733823 0.429207 0.526579
-1.942214 -3.615372 39.858949 -33.255801 0.618905 -0.260486 -0.741015 -0.163105 0.880224 -0.445648 0.768345 0.396677 0.502288
-0.638945 -7.561934 -0.149867 -61.760754 0.747983 -0.501330 -0.434959 0.420620 -0.148891 0.894936 0.513420 0.852349 -0.099502
-0.499733 -6.450111 -4.999933 -33.366834 0.728516 -0.489680 -0.479038 0.521600 -0.056792 0.851298 0.444069 0.870050 -0.214044
-0.537163 -7.279228 6.865512 -52.394656 0.753694 -0.491348 -0.436489 0.452873 -0.093032 0.886708 0.476289 0.865981 -0.152401
-1.735780 -20.070673 33.905353 -423.129840 -0.453478 0.576332 0.679852 0.868001 0.112430 0.483668 0.202318 0.809445 -0.551241
-0.348190 -20.354586 -15.482206 -333.001661 -0.499287 0.645286 0.578203 0.701925 -0.089982 0.706544 0.507951 0.758623 -0.408016
1.798322 -1.750529 39.332288 -20.792909 0.976870 -0.201519 -0.071516 0.113910 0.207372 0.971608 0.180967 0.957281 -0.225531
0.875880 -2.520611 16.200631 -18.851744 0.980492 -0.195974 -0.015143 0.050884 0.178657 0.982595 0.189858 0.964197 -0.185144
0.780317 -65.501916 -24.795881 1635.060205 0.323926 -0.510703 -0.796401 -0.075411 0.825172 -0.559825 0.943072 0.241399 0.228782
1.198678 -62.250603 49.228873 1389.563062 0.295032 -0.473989 -0.829633 -0.059810 0.857418 -0.511132 0.953614 0.200421 0.224617
0.887616 -49.082877 3.102644 -213.588008 0.294872 -0.491923 -0.819184 0.389468 0.844732 -0.367072 0.872562 -0.210807 0.440676
0.998737 -45.132651 1.606668 -170.850150 0.318799 -0.482057 -0.816081 0.306733 0.867145 -0.392396 0.896818 -0.125223 0.424308
1.086008 -51.969126 -32.714947 1024.081616 0.355324 -0.496856 -0.791757 -0.139661 0.809304 -0.570545 0.924251 0.313305 0.218174
1.866451 -58.799126 -110.170470 1802.925646 0.410840 -0.495197 -0.765500 -0.464861 0.608512 -0.643131 0.784292 0.620076 0.019803
-1.396564 -4.742107 14.498660 6.748172 -0.952729 0.128149 0.275472 0.123993 0.991750 -0.032526 -0.277368 0.003168 -0.960759
-1.293914 -4.878010 1.272415 3.702205 -0.950974 0.132149 0.279616 0.100152 0.986982 -0.125838 -0.292605 -0.091664 -0.951830
-1.360463 -4.916250 1.673461 10.167243 -0.935985 0.154453 0.316349 0.125350 0.985940 -0.110497 -0.328968 -0.063769 -0.942186
0.236343 -24.423575 11.013191 274.564804 -0.921384 0.197954 0.334464 0.180991 0.980103 -0.081485 -0.343939 -0.014544 -0.938879
1.208646 -9.076295 -74.704469 25.909771 0.748151 -0.488512 -0.449027 0.651604 0.668634 0.358247 -0.125228 0.560611 -0.818556
1.049315 -8.697678 -84.053479 -30.377013 0.847118 -0.339634 -0.408705 0.443945 0.875019 0.193017 -0.292070 0.344951 -0.892023
0.411370 -7.338479 21.739084 23.118174 -0.903538 0.278951 0.325277 0.339634 0.929049 0.146685 -0.261280 0.243011 -0.934173
0.629421 -3.404936 -31.377308 -45.907958 -0.646650 0.650936 0.397651 -0.056858 0.478730 -0.876119 0.760664 0.589152 0.272560
-3.355099 -8.203569 -172.776014 -2.735944 0.727558 -0.490715 -0.479435 -0.599424 -0.794613 -0.096337 0.333691 -0.357475 0.872274
-1.590818 -8.254479 -142.072239 76.961755 0.713867 -0.518938 -0.470209 -0.668791 -0.704306 -0.238058 0.207634 -0.484414 0.849842
-2.771634 -7.638504 -86.293934 -156.915343 0.695354 -0.475290 -0.539057 0.707140 0.586300 0.395228 0.128201 -0.656012 0.743783
-3.591007 -8.017111 29.470203 40.463479 -0.356035 0.718798 0.597133 0.174184 -0.576759 0.798128 -0.918096 -0.388172 -0.080143
-3.265716 -7.413424 43.695527 40.362521 -0.336209 0.744571 0.576695 0.317999 -0.486628 0.813677 -0.886476 -0.456954 0.073164
-1.791772 -8.360163 103.622716 44.703650 -0.237450 0.749040 0.618512 0.216029 -0.580059 0.785406 -0.947074 -0.320111 0.024079
-3.115349 -8.486134 55.888772 16.031522 -0.291627 0.712001 0.638755 0.036645 -0.658976 0.751271 -0.955830 -0.242498 -0.166084
-1.317421 -8.919215 138.731196 15.235994 -0.197477 0.709563 0.676404 0.021445 -0.686700 0.726625 -0.980073 -0.157996 -0.120391
4.331823 -8.046154 -116.797559 -94.689300 0.966615 -0.103850 -0.234243 0.113060 0.993243 0.026202 0.229939 -0.051811 0.971825
6.308974 -7.134947 -150.140738 -41.929441 0.959708 -0.041276 -0.277953 0.079649 0.988543 0.128213 0.269476 -0.145185 0.952000
6.576186 -6.059149 -53.703223 -53.709623 0.902132 -0.044712 -0.429137 0.070180 0.996577 0.043699 0.425715 -0.069539 0.902181
6.278373 -5.580581 3.707177 7.108926 0.857573 -0.124649 -0.499030 0.059554 0.987729 -0.144375 0.510903 0.094093 0.854473
3.318603 -1.437332 54.555512 4.765304 0.169488 0.911239 -0.375391 0.966184 -0.228740 -0.119023 -0.194325 -0.342524 -0.919193
1.750148 -4.133431 110.998283 -59.023352 0.666277 -0.352236 -0.657271 0.062398 0.904652 -0.421558 0.743089 0.239862 0.624728
3.543271 -2.704625 39.687476 -65.490908 0.667837 -0.127497 -0.733307 -0.012905 0.983088 -0.182679 0.744196 0.131463 0.654897
4.147913 -3.090499 42.625525 -68.799551 0.731556 -0.308823 -0.607828 0.115710 0.934834 -0.335704 0.671891 0.175254 0.719617
5.604995 -1.704565 -15.418532 -38.229420 0.689305 -0.086840 -0.719247 -0.015871 0.990742 -0.134830 0.724297 0.104354 0.681545
3.421975 -4.516784 27.353136 -55.638827 0.756275 -0.411681 -0.508495 0.146043 0.863828 -0.482154 0.637746 0.290379 0.713415
