18854
37690
-6.176862 -8.321205 133.857307 134.094605 -0.259174 0.952438 -0.160282 -0.536876 -0.280021 -0.795834 0.802865 0.120208 -0.583916
-6.217950 -9.948930 76.988315 105.985307 -0.252750 0.961613 -0.106854 -0.430647 -0.210707 -0.877580 0.866407 0.175792 -0.467372
-7.832697 -10.543358 121.091495 234.317394 -0.004293 0.968121 0.250445 -0.521063 0.211595 -0.826874 0.853507 0.134047 -0.503544
-4.998356 -8.479614 -22.031892 100.119614 -0.408309 0.854767 -0.320403 -0.413296 -0.486062 -0.770020 0.813923 0.181984 -0.551735
-5.844222 -11.567098 -117.567178 429.784406 0.231448 0.893766 0.384205 -0.569166 0.444688 -0.691594 0.788975 0.058608 -0.611623
-5.411018 -6.869025 95.074740 142.334763 -0.209136 0.966461 -0.149048 -0.634276 -0.250072 -0.731545 0.744282 0.058455 -0.665302
-4.028293 -7.007644 -4.446601 103.840321 -0.467704 0.779703 -0.416313 -0.461441 -0.617113 -0.637373 0.753873 0.105999 -0.648413
6.613878 -9.212046 -139.122043 -81.713748 -0.182567 0.955377 -0.232217 -0.850284 -0.034835 0.525170 -0.493646 -0.293329 -0.818701
7.725364 -10.329782 -129.992345 -190.043608 -0.135498 0.974555 -0.178560 -0.816366 -0.007696 0.577484 -0.561415 -0.224018 -0.796636
5.043323 -11.047408 -230.685609 -161.930211 -0.226784 0.932800 -0.280096 -0.794666 -0.010950 0.606948 -0.563094 -0.360229 -0.743748
16.096763 -94.923538 398.114529 6568.713792 -0.154301 0.985777 -0.066591 -0.414932 -0.125820 -0.901111 0.896673 0.111411 -0.428444
7.514476 -26.991835 65.347864 69.156445 -0.143183 0.988058 -0.056922 0.337654 -0.005295 -0.941256 0.930316 0.153991 0.332863
-2.917439 -143.439552 1280.134236 8165.948293 -0.435074 0.884583 0.167996 -0.169040 0.103016 -0.980211 0.884384 0.454863 -0.104710
0.223639 -2.408013 14.627076 11.404855 -0.104944 0.886105 0.451446 -0.639030 0.287742 -0.713334 0.761989 0.363348 -0.536051
0.270280 -2.610878 2.286955 38.235016 -0.082695 0.877114 0.473109 -0.618247 0.327187 -0.714646 0.781621 0.351596 -0.515217
0.150845 -2.653384 17.298460 43.941372 -0.081245 0.870970 0.484572 -0.622950 0.335143 -0.706833 0.778031 0.359291 -0.515342
0.306797 -2.492585 0.364841 22.416061 -0.109962 0.896506 0.429168 -0.620665 0.275318 -0.734150 0.776327 0.347098 -0.526155
0.466592 -2.416520 9.214205 6.877314 -0.090731 0.886402 0.453937 -0.654553 0.290453 -0.697996 0.750552 0.360456 -0.553844
-3.061516 -8.079523 84.550788 -19.761409 0.102295 0.686261 0.720126 0.611264 -0.614488 0.498759 -0.784787 -0.389167 0.482346
-3.435254 -7.638441 59.322271 -34.775344 0.035262 0.726964 0.685770 0.509582 -0.603369 0.613410 -0.859699 -0.327826 0.391724
-3.926914 -8.240889 36.071420 -32.796949 -0.004719 0.687642 0.726035 0.554134 -0.602577 0.574314 -0.832414 -0.405031 0.378202
-3.921268 -8.030433 33.592951 -37.539988 -0.061010 0.766193 0.639708 0.425496 -0.559787 0.711050 -0.902901 -0.315574 0.291859
-4.401188 -8.362865 31.122250 -16.616916 -0.104857 0.750741 0.652222 0.448719 -0.549566 0.704719 -0.887500 -0.366559 0.279245
-4.285330 -8.792361 -20.889694 -13.857034 -0.124312 0.702878 0.700364 0.524409 -0.552667 0.647731 -0.842343 -0.447798 0.299893
-5.833191 -7.107122 -12.884967 46.185073 -0.487266 0.403652 -0.774363 0.227407 0.914814 0.333769 0.843124 -0.013462 -0.537551
-6.069599 -7.381902 -0.654935 97.376139 -0.569370 0.316372 -0.758767 0.145638 0.947201 0.285656 0.809078 0.052138 -0.585384
-5.799030 -6.370708 -10.791723 72.122413 -0.499357 0.037223 -0.865596 -0.053330 0.995862 0.073590 0.864754 0.082910 -0.495305
0.800357 -11.075594 -11.447687 -41.344866 -0.133857 0.989073 0.061784 0.809580 0.073183 0.582430 -0.571544 -0.127982 0.810529
0.976025 -11.334182 -12.692907 23.511793 -0.120999 0.989708 0.076397 0.908687 0.079457 0.409847 -0.399558 -0.119012 0.908950
0.533004 -10.949166 -32.683736 -31.524397 -0.129264 0.985892 0.106341 0.832995 0.049781 0.551036 -0.537968 -0.159811 0.827678
1.212793 -11.589525 -1.542636 7.639910 -0.125004 0.991076 0.046290 0.879856 0.089173 0.466800 -0.458506 -0.099080 0.883151
0.392824 -10.792068 -22.263660 -49.757050 -0.136343 0.986751 0.087939 0.714327 0.036418 0.698864 -0.686402 -0.158103 0.709828
0.741095 -10.578463 -12.564424 -75.873498 -0.141126 0.988441 0.055379 0.688353 0.057769 0.723072 -0.711515 -0.140165 0.688549
1.072510 -10.993768 -6.215667 -65.227314 -0.137685 0.989528 0.043330 0.781085 0.081573 0.619074 -0.609056 -0.119081 0.784137
2.291697 -23.721121 -111.227308 274.776629 0.464771 0.882254 -0.074941 -0.600396 0.251815 -0.759022 0.650779 -0.397765 -0.646738
2.487401 -19.727727 -83.568339 401.023543 0.461838 0.885662 -0.048054 -0.779644 0.379527 -0.498110 0.422919 -0.267511 -0.865781
0.445123 -23.339123 -124.047052 352.196206 0.492623 0.865122 -0.094266 -0.670808 0.308488 -0.674427 0.554382 -0.395472 -0.732299
-1.618861 -23.945982 -105.916428 13.212509 0.462872 0.882998 -0.077871 -0.544398 0.213845 -0.811111 0.699557 -0.417834 -0.579685
0.414649 -23.819449 -107.590174 -51.967386 0.461010 0.883970 -0.077891 -0.454745 0.159958 -0.876140 0.762021 -0.439330 -0.475723
0.146455 -20.556804 -7.868289 103.986899 0.080966 0.976076 -0.201794 -0.878263 -0.025862 -0.477478 0.471273 -0.215888 -0.855157
-0.108847 -18.683364 17.115134 231.767506 0.055637 0.978687 -0.197676 -0.967908 0.004272 -0.251269 0.245069 -0.205312 -0.947517
-0.031539 -19.711597 40.953813 163.803811 0.076365 0.981723 -0.174324 -0.899699 -0.007515 -0.436446 0.429779 -0.190169 -0.882681
0.193327 -21.898297 29.582284 171.407121 0.099627 0.979876 -0.172969 -0.793434 -0.026666 -0.608072 0.600447 -0.197820 -0.774810
-0.462266 -15.496997 3.485616 -186.454406 0.107501 0.994103 0.014265 0.075531 0.006141 -0.997125 0.991332 -0.108269 0.074425
-0.890295 -13.347451 76.999622 -88.348605 0.054758 0.996267 0.066739 0.280988 0.048763 -0.958472 0.958148 -0.071237 0.277269
-1.087282 -15.980805 14.732779 -111.429027 0.093694 0.992031 0.084235 0.123418 0.072382 -0.989712 0.987922 -0.103127 0.115652
-0.446627 -17.616654 -25.835212 -113.317495 0.148553 0.987971 0.042956 -0.131918 0.062847 -0.989266 0.980066 -0.141292 -0.139667
-1.412693 -16.681109 -4.484467 30.698630 0.139252 0.981345 0.132553 0.031430 0.129410 -0.991093 0.989758 -0.142178 0.012823
1.924593 -7.775130 -53.383646 231.522832 0.584788 0.519626 0.622906 0.759325 -0.620812 -0.194980 0.285391 0.587010 -0.757609
1.729581 -10.628022 18.011249 252.960320 0.647409 0.471356 0.598903 0.737436 -0.585878 -0.336057 0.192482 0.659219 -0.726898
2.016740 -7.795890 27.475141 222.836157 0.619791 0.493292 0.610346 0.728759 -0.650331 -0.214428 0.291151 0.577696 -0.762561
0.534883 -16.131162 17.171573 -162.653473 -0.002188 0.994687 0.102919 -0.982103 -0.021520 0.187113 -0.188334 0.100668 -0.976932
0.132669 -16.919694 -9.574634 -115.059354 0.042736 0.995605 0.083337 -0.992990 0.033126 0.113465 -0.110205 0.087602 -0.990041
0.491689 -16.949684 -7.148047 -89.700452 -0.009850 0.995929 0.089596 -0.953894 -0.036239 0.297949 -0.299983 0.082530 -0.950368
0.326611 -17.948760 -14.867926 -26.946041 0.019262 0.995176 0.096199 -0.944795 -0.013361 0.327390 -0.327096 0.097195 -0.939980
0.718895 -16.791056 19.002247 -57.437379 -0.019612 0.994214 0.105615 -0.917128 -0.059952 0.394058 -0.398110 0.089134 -0.912997
0.637054 -17.328467 -1.441434 45.592041 -0.017464 0.994651 0.101805 -0.871933 -0.064980 0.485295 -0.489314 0.080292 -0.868404
-0.326733 -7.365050 30.039267 76.562373 0.091565 0.984608 -0.148873 0.256396 -0.167771 -0.951900 0.962225 -0.048990 0.267811
-0.033527 -7.758069 49.800068 80.175497 0.093988 0.977613 -0.188250 0.270079 -0.207034 -0.940316 0.958240 -0.037536 0.283491
-0.979822 -9.811955 60.676924 248.542815 0.056562 0.987848 -0.144767 0.332267 -0.155359 -0.930302 0.941488 -0.004518 0.337016
-0.050362 -10.239730 41.509221 -229.019102 0.096042 0.979450 -0.177353 0.223697 -0.194857 -0.954982 0.969915 -0.052045 0.237815
-0.819039 -8.259137 20.982849 303.206626 0.066072 0.994238 -0.084406 0.260976 -0.098865 -0.960269 0.963081 -0.041419 0.266005
-0.298356 -6.336415 22.974401 -95.782039 0.106611 0.979288 -0.172133 0.248176 -0.193848 -0.949121 0.962831 -0.058467 0.263702
0.866352 -4.961889 25.154227 67.192491 0.321719 0.748954 0.579279 -0.411756 0.661593 -0.626699 0.852616 0.036901 -0.521234
0.109727 -4.342893 36.076944 48.758728 0.257687 0.820085 0.510939 -0.492264 0.566451 -0.660915 0.831428 0.081207 -0.549666
0.562829 -4.019576 28.856017 61.459841 0.330475 0.737665 0.588758 -0.455987 0.670962 -0.584710 0.826355 0.075234 -0.558102
4.195846 -29.559978 -119.405375 299.720856 0.163999 0.971870 0.169033 0.983105 -0.175144 0.053181 0.081290 0.157455 -0.984175
5.077706 -32.249111 -142.153118 -527.113281 0.135770 0.974057 0.181053 -0.977772 0.161208 -0.134070 0.159779 0.158826 -0.974292
3.330983 -30.853216 -24.952814 17.494185 0.088284 0.972729 0.214485 0.981725 -0.048525 -0.184016 -0.168590 0.226811 -0.959236
3.325908 -36.574198 27.094046 291.537769 0.054586 0.966001 0.252710 0.997861 -0.043658 -0.048655 -0.035968 0.254826 -0.966318
2.589425 -27.117539 -48.524305 250.313594 0.124528 0.980494 0.152066 -0.947866 0.072248 0.310371 -0.293331 0.182788 -0.938374
1.981922 -27.009518 38.162779 605.617664 0.083324 0.969235 0.231604 -0.830332 -0.060980 0.553922 -0.551004 0.238463 -0.799706
1.507625 -36.047408 85.342846 980.329950 0.060641 0.954748 0.291168 -0.864294 -0.095697 0.493799 -0.499318 0.281600 -0.819380
-1.438040 -16.992522 -3.517615 -181.791836 -0.105935 0.970831 0.215092 -0.443242 0.147528 -0.884179 0.890120 0.189003 -0.414685
-1.188358 -19.734334 5.134085 -277.818678 -0.117159 0.973229 0.197735 -0.607094 0.087386 -0.789810 0.785946 0.212576 -0.580604
-1.311319 -18.598475 30.169933 -318.774104 -0.141551 0.967193 0.210954 -0.514979 0.110049 -0.850109 0.845435 0.228971 -0.482506
-1.177929 -23.637426 28.021033 -404.488641 -0.139649 0.968307 0.207075 -0.721814 0.043611 -0.690712 0.677852 0.245927 -0.692847
-0.454771 -19.555453 73.053250 -632.965578 -0.168547 0.936651 0.307045 -0.479344 0.194301 -0.855848 0.861290 0.291431 -0.416230
0.427042 -12.549225 101.185964 -280.595304 -0.166617 0.929479 0.329102 -0.345373 0.257609 -0.902416 0.923556 0.264021 -0.278095
-0.911338 -16.343271 31.189432 -444.602856 -0.181530 0.950434 0.252434 -0.410676 0.159974 -0.897638 0.893528 0.266617 -0.361280
-1.591906 -22.820413 -17.853742 -598.491461 -0.157269 0.954310 0.254082 -0.601825 0.111374 -0.790824 0.782990 0.277286 -0.556812
-0.397524 -136.670991 4.525687 8064.723297 0.235400 0.947218 0.217635 0.887029 -0.117872 -0.446415 0.397199 -0.298134 0.867957
-2.940722 -171.590377 126.350277 10185.963731 0.004255 -0.970819 -0.239777 0.992452 -0.025287 0.119995 -0.122557 -0.238478 0.963384
-0.243161 -83.312207 220.942970 4714.513211 0.243632 0.956689 0.159342 0.897990 -0.160442 -0.409723 0.366412 -0.242909 0.898186
-0.367232 -288.130975 -66.069763 16487.790293 -0.319226 0.944781 -0.074055 0.043034 0.092514 0.994781 -0.946701 -0.314373 0.070191
12.430412 -880.650851 2969.328125 -341286.345682 -0.234119 0.967137 -0.099165 -0.271209 0.032981 0.961955 -0.933613 -0.252106 -0.254575
-2.506492 -356.629066 459.223210 -37348.814272 -0.224591 0.974195 -0.022408 0.848187 0.206758 0.487679 -0.479727 -0.090522 0.872736
0.395776 -6.408764 0.003446 8.285864 -0.145659 0.972948 -0.179321 -0.288293 0.131646 0.948450 -0.946399 -0.189847 -0.261319
0.257386 -6.700418 7.593091 14.398395 -0.158665 0.979773 -0.121943 -0.377263 0.053974 0.924532 -0.912413 -0.192696 -0.361069
0.558963 -6.166038 -29.305915 10.845110 -0.155546 0.973490 -0.167697 -0.313701 0.112296 0.942858 -0.936695 -0.199265 -0.287917
0.306911 -6.968085 14.291375 8.456058 -0.166548 0.977847 -0.126799 -0.398410 0.050895 0.915794 -0.901960 -0.203041 -0.381107
0.808954 -5.798480 -51.714628 26.137858 -0.152004 0.966286 -0.207815 -0.232538 0.169394 0.957722 -0.960636 -0.193902 -0.198950
0.543194 -5.760365 -21.787655 39.513474 -0.143608 0.964080 -0.223440 -0.179594 0.196643 0.963887 -0.973202 -0.178550 -0.144904
0.400953 -6.268890 7.198648 33.096333 -0.142306 0.967712 -0.208046 -0.207287 0.176388 0.962247 -0.967875 -0.180059 -0.175493
0.103205 -4.836756 23.563522 -44.228958 -0.161139 0.949683 -0.268581 0.266793 0.303922 0.914578 -0.950187 -0.075718 0.302343
0.565872 -4.577798 61.042088 -25.311508 -0.165607 0.935635 -0.311708 0.285146 0.348000 0.893078 -0.944069 -0.059017 0.324424
0.662150 -4.364950 16.973260 -19.605770 -0.192505 0.924542 -0.328884 0.213643 0.366600 0.905517 -0.957757 -0.104053 0.268094
0.551748 -4.266282 6.604177 -39.931652 -0.182742 0.937903 -0.294862 0.176357 0.326318 0.928663 -0.967214 -0.117705 0.225038
-3.541963 -6.279215 19.613000 -15.885079 0.582667 0.609166 0.537974 -0.246686 -0.498154 0.831257 -0.774368 0.617056 0.139985
-3.294438 -6.251826 19.301320 -29.967266 0.583226 0.583198 0.565444 -0.331653 -0.464473 0.821140 -0.741521 0.666442 0.077473
-3.487783 -6.163442 24.402488 -14.582433 0.510761 0.552329 0.658829 -0.402923 -0.523167 0.750966 -0.759458 0.649021 0.044668
-3.925999 -6.007846 26.762708 3.005950 0.508778 0.586361 0.630338 -0.305358 -0.561667 0.768952 -0.804923 0.583705 0.106714
6.520386 -1.675419 -32.664103 -5.371346 0.380736 0.001159 0.924683 0.252067 0.961997 -0.104993 -0.889664 0.273057 0.365974
6.945656 -1.949369 -80.749847 0.401970 0.331897 0.020382 0.943096 0.228397 0.968283 -0.101305 -0.915248 0.249023 0.316715
6.001155 -1.712355 -151.752659 -19.646055 0.262109 0.038066 0.964287 0.238793 0.965590 -0.103025 -0.935028 0.257269 0.244000
6.074160 -1.385267 -12.156767 33.052755 0.401502 0.013856 0.915753 0.301051 0.942327 -0.146250 -0.864965 0.334408 0.374175
6.409631 -1.608659 83.518522 -3.858779 0.487755 -0.014938 0.872853 0.259877 0.957008 -0.128842 -0.833402 0.289677 0.470667
4.940987 -1.592455 -133.420683 15.103637 0.236830 0.028201 0.971142 0.289840 0.952011 -0.098328 -0.927310 0.304763 0.217291
8.854794 -11.860645 -91.206490 44.174195 0.266060 0.961340 0.070980 -0.077057 -0.052188 0.995660 -0.960872 0.270375 -0.060193
9.128975 -9.945663 -11.120767 50.983873 0.431717 0.894729 0.114368 -0.092394 -0.082261 0.992319 -0.897265 0.438967 -0.047154
8.546220 -10.029878 -34.475053 -8.969542 0.370089 0.928900 0.013401 0.084788 -0.048139 0.995235 -0.925119 0.367189 0.096575
8.270489 -7.869973 94.188755 37.746966 0.539408 0.839756 0.062044 0.030721 -0.093260 0.995168 -0.841484 0.534895 0.076104
8.197875 -12.088085 -129.313282 -53.002948 0.217268 0.976019 -0.013469 0.118198 -0.012610 0.992910 -0.968929 0.217320 0.118103
7.922603 -8.555589 58.702803 -24.559386 0.454196 0.887017 -0.083110 0.222681 -0.022704 0.974627 -0.862624 0.461178 0.207834
8.401044 -11.112257 -87.950085 -91.222622 0.287810 0.952585 -0.098732 0.275187 0.016486 0.961249 -0.917299 0.303827 0.257394
-7.274966 -133.570928 88.749418 -2898.246434 0.831267 -0.008117 -0.555814 0.183126 0.948075 0.260036 0.524843 -0.317943 0.789590
-3.482469 -190.548919 88.371343 11172.212509 0.769260 -0.033077 -0.638079 -0.499525 -0.653818 -0.568329 0.398389 -0.755929 0.519478
-21.491523 -373.972708 -219.773601 -13604.458252 0.820624 -0.111314 -0.560522 0.162621 0.985781 0.042316 0.547842 -0.125878 0.827058
-3.432046 -615.062537 -30.600482 52693.802682 0.793450 -0.140154 -0.592278 -0.061864 0.949514 -0.307565 0.605483 0.280678 0.744722
2.647002 -190.608689 48.015110 10102.984688 -0.782740 -0.033634 0.621439 -0.001235 0.998621 0.052493 -0.622347 0.040321 -0.781702
1.388792 -98.258655 32.110748 5261.526222 -0.761483 0.067358 0.644676 -0.007729 0.993572 -0.112942 -0.648139 -0.090986 -0.756067
1.107544 -52.845346 -4.938072 701.630202 -0.778169 0.077651 0.623236 -0.288648 0.837099 -0.464701 -0.557795 -0.541512 -0.628991
3.175933 -11.088537 26.658677 386.217388 0.904025 -0.017192 -0.427133 -0.412243 -0.299444 -0.860458 0.113110 -0.953959 0.277792
2.415450 -10.050298 -31.702078 333.029511 0.918709 -0.061169 -0.390169 -0.392565 -0.249514 -0.885232 0.043204 -0.966437 0.253243
3.190447 -18.549045 -18.635429 695.094632 0.907919 -0.060274 -0.414789 -0.406051 -0.371909 -0.834749 0.103950 -0.926310 0.362138
3.426485 -15.640689 24.536082 530.226980 0.903705 -0.005067 -0.428126 -0.395936 -0.390446 -0.831136 0.162949 -0.920612 0.354854
0.676798 -3.400825 21.092699 -70.575511 0.181734 0.941085 0.285189 -0.768042 0.316951 -0.556466 0.614072 0.117908 -0.780393
-0.052463 -4.589213 19.498684 -102.060720 0.093909 0.965965 0.241023 -0.806711 0.215703 -0.550172 0.583436 0.142770 -0.799511
0.601359 -3.592228 10.749671 -64.128381 0.284877 0.902521 0.322956 -0.754746 0.418891 -0.504865 0.590935 0.099925 -0.800507
-0.529143 -4.238383 -61.780953 -104.272796 0.049614 0.953041 -0.298748 -0.458503 -0.244002 -0.854540 0.887307 -0.179374 -0.424866
-0.351091 -3.633676 -86.606991 -0.449982 0.186470 0.982412 -0.009757 -0.373763 0.061752 -0.925466 0.908587 -0.176218 -0.378704
0.333225 -4.484298 -68.966667 -49.172045 0.121798 0.977719 -0.170971 -0.455785 -0.097924 -0.884687 0.881717 -0.185679 -0.433703
11.159803 -4.914471 304.865459 12.600501 -0.150246 0.661671 -0.734587 0.493293 -0.593749 -0.635707 0.856789 0.457879 0.237189
14.307985 -6.085724 -17.917021 69.573333 -0.002805 0.781418 -0.624002 0.421986 -0.564799 -0.709176 0.906598 0.265310 0.328163
13.145335 -6.403518 77.700299 14.750534 -0.001924 0.712174 -0.702000 0.532423 -0.593499 -0.603560 0.846476 0.374923 0.378036
1.032105 -5.600595 -185.363691 -13.216541 0.422860 0.904516 -0.055134 0.382748 -0.233420 -0.893879 0.821398 -0.356883 0.444905
2.996020 -5.082840 -83.987753 -4.740134 0.333657 0.942692 -0.002345 0.376225 -0.135442 -0.916575 0.864365 -0.304940 0.399855
1.841943 -5.960480 -230.787774 -25.678664 0.381429 0.921776 0.069573 0.331082 -0.065955 -0.941294 0.863074 -0.382071 0.330340
3.694319 -5.145555 -107.862473 -9.750996 0.318310 0.946794 0.047542 0.343206 -0.068347 -0.936770 0.883679 -0.314500 0.346701
-1.129812 -6.285899 -255.506765 -36.406541 0.407188 0.912897 0.028602 0.380536 -0.141099 -0.913938 0.830295 -0.383029 0.404844
12.247413 -16.539382 -499.427861 313.062415 -0.120824 -0.435820 0.891887 0.900859 -0.425529 -0.085896 0.416959 0.793086 0.444027
6.870774 -16.120210 -328.792455 73.920377 -0.116803 -0.426850 0.896748 0.982022 -0.184454 0.040110 0.148288 0.885311 0.440721
6.900305 -17.039988 -390.166554 384.277001 0.006509 -0.361365 0.932402 0.906569 -0.391364 -0.158007 0.422007 0.846315 0.325055
0.583143 -4.703490 -3.396806 -43.972731 0.001662 0.980019 0.198895 0.606502 -0.159126 0.778996 -0.795080 -0.119336 0.594648
0.156037 -4.737248 32.661539 -40.497011 0.021669 0.982048 0.187380 0.645697 -0.156839 0.747313 -0.763287 -0.104797 0.637504
0.409548 -5.188484 10.423434 -40.075799 -0.009658 0.985884 0.167153 0.684005 -0.115421 0.720289 -0.729414 -0.121290 0.673234
0.326738 -4.190727 41.817225 -27.862514 0.049802 0.976527 0.209558 0.588069 -0.198262 0.784135 -0.807276 -0.084183 0.584139
0.407202 -5.247124 -29.329535 -19.947112 -0.048991 0.984921 0.165922 0.667922 -0.091206 0.738622 -0.742617 -0.147009 0.653382
0.388897 -5.030097 -41.314549 -48.347810 -0.051747 0.982030 0.181491 0.580133 -0.118366 0.805875 -0.812876 -0.146990 0.563583
0.837192 -4.506369 -19.064365 -48.851785 0.006351 0.972868 0.231275 0.554556 -0.195883 0.808763 -0.832122 -0.123119 0.540753
0.660515 -4.078933 43.939492 -11.788673 0.063094 0.969081 0.238541 0.545255 -0.233663 0.805046 -0.835893 -0.079272 0.543139
2.137322 -10.144060 -23.047190 -157.391214 0.099395 0.987897 -0.119079 0.183987 0.099362 0.977894 -0.977890 0.119106 0.171884
2.743952 -11.931481 -6.546347 -257.698277 0.151047 0.978026 -0.143701 0.254661 0.101963 0.961640 -0.955161 0.181848 0.233663
2.739076 -12.650818 -15.020548 -237.239136 0.110142 0.989387 -0.094769 0.336515 0.052596 0.940208 -0.935215 0.135448 0.327150
2.733844 -12.841061 -23.779296 -250.457200 0.081248 0.995545 -0.047835 0.377316 0.013699 0.925983 -0.922514 0.093283 0.374522
2.241448 -10.518986 -27.528114 -179.770774 0.072874 0.995340 -0.063147 0.247622 0.043276 0.967890 -0.966112 0.086170 0.243315
1.645944 -14.957833 50.506664 102.003100 0.357594 0.923549 -0.138502 0.625874 -0.126932 0.769526 -0.693115 0.361863 0.623416
1.401129 -15.300034 73.120277 20.329810 0.396171 0.909613 -0.125112 0.429639 -0.063226 0.900785 -0.811455 0.410618 0.415853
1.044777 -15.092534 65.797276 24.850375 0.390192 0.909737 -0.141880 0.612469 -0.141397 0.777746 -0.687482 0.390367 0.612358
1.323980 -14.903442 40.809837 -17.400855 0.362455 0.920589 -0.145406 0.720830 -0.178001 0.669866 -0.590788 0.347609 0.728105
0.073436 -14.672829 32.381985 -74.329747 0.389126 0.911274 -0.134761 0.624964 -0.153682 0.765377 -0.676758 0.382049 0.629315
0.517426 -15.165580 37.130025 -10.869178 0.382729 0.912476 -0.144586 0.747409 -0.213823 0.629015 -0.543046 0.348807 0.763829
1.897225 -29.947471 -12.231648 622.656292 0.216618 0.974075 0.065235 -0.547713 0.176572 -0.817822 0.808138 -0.141425 -0.571762
1.754265 -29.396907 -85.794021 437.791696 0.277818 0.958858 0.058384 -0.340451 0.155109 -0.927380 0.898282 -0.237766 -0.369536
2.063459 -29.416547 -13.634463 276.825406 0.242132 0.966654 0.083382 -0.277248 0.151289 -0.948812 0.929788 -0.206620 -0.304635
1.848541 -24.672830 -95.390966 661.917301 0.262420 0.964518 -0.028987 -0.694907 0.168053 -0.699187 0.669507 -0.203625 -0.714351
2.193719 -37.658315 -7.546581 556.952068 0.223368 0.966555 0.126007 -0.189672 0.169903 -0.967035 0.956102 -0.192104 -0.221280
2.210712 -31.576366 67.772632 599.408327 0.152334 0.983673 0.095820 -0.515435 0.161794 -0.841516 0.843280 -0.078803 -0.531666
2.627988 -25.523858 27.729504 581.400647 0.131330 0.989749 0.056113 -0.772857 0.137670 -0.619467 0.620842 -0.037987 -0.783014
1.971229 -23.117492 -30.977106 432.820314 0.176773 0.984207 -0.009343 -0.801618 0.138458 -0.581582 0.571104 -0.110297 -0.813434
0.709638 -20.007065 -114.892516 5.461735 0.175053 0.942613 -0.284319 -0.742324 0.316063 0.590812 -0.646770 -0.107633 -0.755052
-0.030311 -19.898138 -135.281368 103.488773 0.127156 0.955589 -0.265858 -0.655029 0.282172 0.700940 -0.744828 -0.085016 -0.661818
-1.038074 -19.772065 -76.890386 -154.611357 0.141187 0.959608 -0.243351 -0.835673 0.247313 0.490395 -0.530770 -0.134125 -0.836835
-1.475358 -16.990560 -68.992048 -309.530293 0.163487 0.955418 -0.245862 -0.949176 0.220273 0.224820 -0.268954 -0.196611 -0.942872
-0.090112 -18.270409 -100.127846 -219.095513 0.179005 0.944669 -0.274878 -0.894316 0.272685 0.354741 -0.410068 -0.182327 -0.893645
0.354951 -6.971549 -4.344351 -27.328388 -0.066209 0.997209 0.034492 0.357369 -0.008575 0.933924 -0.931613 -0.074161 0.355804
0.459845 -6.776795 -11.922073 -8.233071 -0.070107 0.997033 0.031793 0.397880 -0.001278 0.917437 -0.914755 -0.076968 0.396610
0.422872 -7.238685 -3.929687 -3.745236 -0.072426 0.997287 0.013134 0.464727 0.022092 0.885178 -0.882487 -0.070213 0.465066
0.270890 -7.346626 -8.501552 7.897340 -0.080254 0.996471 0.024610 0.422403 0.011636 0.906334 -0.902848 -0.083132 0.421846
0.306890 -6.907196 -9.880535 -31.017198 -0.076726 0.996371 0.036855 0.323150 -0.010119 0.946294 -0.943232 -0.084515 0.321201
-1.513981 -4.846174 2.026873 62.704387 0.061967 0.989805 0.128244 -0.276024 0.140474 -0.950830 0.959151 -0.023522 -0.281915
-1.387333 -4.491326 -16.738634 88.093659 0.046197 0.998932 0.001077 -0.324764 0.016039 -0.945659 0.944666 -0.043337 -0.325158
-1.824418 -3.551303 4.641438 70.062275 0.059496 0.992769 0.104260 -0.379537 0.119098 -0.917479 0.923262 -0.015016 -0.383878
-1.095833 -5.215604 -19.790807 42.692427 0.056693 0.998016 0.027393 -0.241513 0.040332 -0.969559 0.968740 -0.048352 -0.243320
-1.464463 -5.463452 -16.260873 41.136135 0.062430 0.986161 0.153590 -0.208553 0.163383 -0.964267 0.976017 -0.028167 -0.215866
-0.992993 -5.563936 -21.165408 39.890128 0.060017 0.994985 0.080021 -0.194748 0.090297 -0.976688 0.979015 -0.043033 -0.199191
-1.770920 -4.923538 1.587694 64.074562 0.054642 0.980128 0.190694 -0.273813 0.198367 -0.941104 0.960230 0.000791 -0.279211
0.740948 -19.031583 -31.764205 -176.313119 -0.132566 0.989756 -0.053009 -0.632845 -0.043359 0.773063 -0.762845 -0.136029 -0.632110
0.696035 -20.198188 -23.251396 -5.129763 -0.128871 0.989833 -0.060192 -0.464007 -0.006545 0.885807 -0.876407 -0.142085 -0.460133
0.129603 -20.300223 19.359895 -209.030560 -0.113132 0.993013 -0.033573 -0.658603 -0.049648 0.750851 -0.743937 -0.107057 -0.659618
0.402996 -17.934890 -8.606443 -268.139347 -0.127227 0.991374 -0.031477 -0.781672 -0.080678 0.618449 -0.610575 -0.103288 -0.785194
1.906583 -6.808623 -70.579669 13.100891 -0.027914 0.988416 0.149183 0.950576 0.072415 -0.301929 0.309235 -0.133382 0.941585
2.590869 -6.789229 -25.351652 15.320994 -0.009808 0.997532 0.069522 0.951538 0.030682 -0.305998 0.307376 -0.063151 0.949490
1.811789 -6.551284 -48.653705 16.778444 -0.018721 0.992709 0.119072 0.914582 0.065121 -0.399123 0.403967 -0.101429 0.909133
2.710014 -6.878314 -46.449502 3.510352 -0.023045 0.993544 0.111086 0.982414 0.043100 -0.181676 0.185291 -0.104946 0.977064
1.486364 -6.570697 -3.140625 18.452627 -0.048424 0.988967 0.140001 0.916557 0.099703 -0.387276 0.396962 -0.109566 0.911272
2.101397 -6.834855 -53.351319 1.019930 -0.045545 0.986651 0.156350 0.981321 0.073473 -0.177796 0.186910 -0.145332 0.971567
1.643621 -6.860796 -30.795904 12.394633 -0.053002 0.986802 0.153012 0.953890 0.095365 -0.284604 0.295440 -0.130872 0.946355
-1.408231 -22.711158 -48.661872 -15.683937 0.201913 0.976061 -0.080852 -0.607066 0.059944 -0.792387 0.768571 -0.209075 -0.604637
-1.953356 -23.152463 -1.387247 -67.094872 0.148738 0.986020 -0.075114 -0.561941 0.021775 -0.826891 0.813695 -0.165200 -0.557323
-1.469752 -22.453990 -40.537595 -86.550712 0.189999 0.975122 -0.114182 -0.385607 -0.032837 -0.922079 0.902889 -0.219223 -0.369775
-0.399108 -21.854785 -63.878623 -210.965823 0.221055 0.969995 -0.101212 -0.546040 0.037110 -0.836937 0.808068 -0.240275 -0.537860
-0.395967 -20.170232 -78.816615 -265.054288 0.211884 0.964578 -0.157143 -0.251196 -0.101639 -0.962585 0.944460 -0.243430 -0.220763
-1.413475 -21.276595 -64.032648 -82.843061 0.171479 0.974906 -0.141960 -0.096724 -0.126738 -0.987209 0.980428 -0.183016 -0.072563
-0.979432 -3.662289 -16.157929 -34.118140 0.263251 0.962802 -0.060921 0.731684 -0.240417 -0.637839 0.628759 -0.123337 0.767757
-0.618802 -3.969788 -61.694856 -13.007215 0.169610 0.983618 0.061065 0.765429 -0.092450 -0.636845 0.620766 -0.154756 0.768570
-0.312135 -3.987569 -31.138112 -19.245269 0.296757 0.952305 -0.071061 0.679912 -0.262953 -0.684525 0.670563 -0.154823 0.725517
0.409585 -4.126808 -21.950703 2.760574 0.293496 0.952922 -0.076149 0.626318 -0.251859 -0.737762 0.722209 -0.168837 0.670752
0.088655 -4.080163 34.494835 -20.250888 0.386188 0.898147 -0.210216 0.596289 -0.416955 -0.685994 0.703774 -0.139573 0.696578
-0.650076 -3.794987 28.255554 -30.960720 0.360371 0.915331 -0.179725 0.653997 -0.385309 -0.651018 0.665147 -0.117068 0.737478
1.557344 -36.172749 50.569773 320.726953 -0.179466 0.976700 -0.117680 0.029030 -0.114313 -0.993021 0.983336 0.181630 0.007838
1.491656 -35.678440 2.419326 362.766845 -0.179681 0.972469 -0.148389 -0.172238 -0.179613 -0.968542 0.968529 0.148471 -0.199770
1.460547 -33.091090 42.105839 527.008025 -0.176310 0.971475 -0.158589 -0.325552 -0.209595 -0.922001 0.928941 0.110929 -0.353219
-4.912675 -13.853682 -74.222985 -93.613386 -0.004863 0.981199 -0.192936 0.752706 -0.123429 -0.646683 0.658339 0.148369 0.737955
-3.964746 -16.686557 -19.956027 -302.028547 0.032940 0.986442 -0.160773 0.813437 -0.119926 -0.569156 0.580720 0.112031 0.806358
141.762311 -1851.715024 -8042.153352 -135377.105524 0.326014 0.807924 -0.490890 0.574774 -0.581660 -0.575592 0.750566 0.094500 0.654003
-5.153542 -17.036407 -117.667938 -702.249672 0.326912 0.785269 -0.525815 0.556135 -0.609700 -0.564784 0.764096 0.107789 0.636033
4.981668 -28.489191 338.138840 1262.132448 0.402147 0.588750 -0.701178 -0.251850 0.807423 0.533516 0.880255 -0.037960 0.472979
-14.811665 -425.591197 955.493264 56596.200189 0.348919 0.927820 0.131934 0.763245 -0.199649 -0.614489 0.543795 -0.315105 0.777815
-28.586740 -433.542265 1468.183741 -25239.585963 0.217854 0.969005 0.116482 0.776185 -0.244371 0.581222 -0.591672 0.036210 0.805365
-73.072388 -1524.350495 -2458.180072 -104034.503412 -0.244471 -0.952416 -0.182037 0.967746 -0.251432 0.015831 -0.060848 -0.172295 0.983164
-38.059616 -915.638110 2007.210817 -85192.788683 0.433660 0.900820 0.021512 -0.035786 0.041073 -0.998515 0.900366 -0.432246 -0.050049
0.055263 -4.172664 35.186127 -8.424028 0.041819 0.979152 0.198776 0.591022 -0.184652 0.785237 -0.805571 -0.084643 0.586422
0.151800 -4.065710 49.742643 12.345113 0.063048 0.975103 0.212603 0.548701 -0.211809 0.808743 -0.833638 -0.065665 0.548394
-0.253854 -4.407390 11.170914 32.208778 0.016719 0.987101 0.159221 0.537702 -0.143132 0.830897 -0.842969 -0.071722 0.533160
-0.270952 -4.255605 0.487532 6.882551 0.025917 0.981724 0.188538 0.586843 -0.167625 0.792160 -0.809286 -0.090112 0.580462
-0.897124 -13.150976 14.176625 -31.233065 -0.098334 -0.990605 -0.095036 0.995152 -0.097732 -0.010973 0.001582 -0.095654 0.995413
-0.029214 -13.838251 32.056688 -46.278500 -0.076772 -0.990609 -0.113134 0.996015 -0.081361 0.036519 -0.045380 -0.109880 0.992908
-0.103110 -13.959509 -30.950069 -16.952964 0.117086 0.987437 0.106109 0.985321 -0.102136 -0.136789 0.124233 -0.120567 0.984901
-0.279790 -15.847825 5.066064 214.339590 0.011207 0.993453 0.113688 0.670163 -0.091844 0.736509 -0.742129 -0.067935 0.666805
0.098579 -16.134925 10.657891 178.737967 0.020848 0.991790 0.126166 0.739261 -0.100251 0.665915 -0.673096 -0.079387 0.735282
-0.260738 -20.013643 33.457426 311.499088 0.042140 0.988404 0.145880 0.538251 -0.145469 0.830136 -0.841731 -0.043539 0.538139
0.774234 -16.467067 43.362288 189.127736 0.001492 0.994144 0.108053 0.616069 -0.086027 0.782981 -0.787691 -0.065400 0.612589
-2.119278 -6.153953 -21.036367 81.194650 -0.574699 0.810232 -0.115083 0.743490 0.575693 0.340293 -0.341969 -0.110003 0.933250
-1.470008 -6.183707 -56.794315 67.206365 -0.614042 0.784709 -0.084762 0.725343 0.603382 0.331373 -0.311175 -0.141996 0.939685
-1.777996 -5.657078 -16.181683 63.514140 -0.590114 0.799551 -0.111727 0.753613 0.595190 0.278957 -0.289539 -0.080417 0.953782
-2.106616 -5.644436 3.344025 70.513268 -0.507794 0.853614 -0.116143 0.805170 0.518212 0.288372 -0.306345 -0.052919 0.950449
-1.587151 -4.684716 -0.818794 37.930371 -0.505365 0.856756 -0.102838 0.826981 0.514903 0.225780 -0.246390 -0.029056 0.968735
-0.480025 -7.932562 -14.207893 18.565696 0.144796 0.968793 -0.201181 0.986992 -0.155773 -0.039758 -0.069856 -0.192807 -0.978747
-0.291395 -7.837313 -15.995475 10.313296 0.119206 0.970798 -0.208187 0.985730 -0.140819 -0.092233 -0.118856 -0.194221 -0.973731
-0.633120 -7.886721 -14.020350 43.939700 0.146268 0.969812 -0.195116 -0.962652 0.184965 0.197711 -0.227832 -0.158910 -0.960646
-3.207927 -8.794265 -303.395207 23.446529 -0.038458 0.154073 -0.987311 0.562611 0.819894 0.106032 0.825827 -0.551394 -0.118214
-0.813516 -9.435714 -357.861622 52.964393 0.046320 0.208817 -0.976857 0.501671 0.840778 0.203516 0.863817 -0.499488 -0.065812
2.646117 -9.259458 -360.248631 32.537040 0.076243 0.261991 -0.962054 0.586023 0.768852 0.255820 0.806699 -0.583290 -0.094914
-1.622210 -7.395627 -279.528236 -30.756348 -0.122735 0.046670 -0.991342 0.663542 0.746662 -0.047000 0.738003 -0.663565 -0.122609
0.603577 -36.901793 -24.204397 1426.144820 0.124872 0.977413 0.170502 0.756747 -0.204964 0.620745 -0.641670 -0.051513 0.765249
2.127624 -20.426198 -59.242122 -193.866199 0.072067 0.991457 0.108714 0.855493 -0.117482 0.504312 -0.512775 -0.056660 0.856651
1.821278 -19.807744 -53.587103 -36.091848 0.094907 0.986793 0.131273 0.847835 -0.149232 0.508828 -0.521698 -0.063007 0.850801
1.682303 -23.403607 -39.566747 623.502436 0.125644 0.984572 0.121785 0.776028 -0.174016 0.606217 -0.618057 -0.018341 0.785919
0.932594 -23.502938 -35.498541 224.376364 0.146255 0.974212 0.171813 0.802294 -0.218419 0.555533 -0.578734 -0.056595 0.813550
-0.621221 -53.511372 -64.646669 1644.379240 0.885486 -0.439265 -0.151531 0.374327 0.481122 0.792718 0.275308 0.758662 -0.590455
-0.722005 -51.500941 -37.711096 2180.415083 0.879371 -0.461620 -0.116676 0.165578 0.066728 0.983937 0.446419 0.884564 -0.135113
-3.376524 -87.916890 -20.186440 4115.037241 0.928347 -0.371692 -0.004182 0.182170 0.445128 0.876741 0.324016 0.814682 -0.480945
-5.616030 -97.584125 17.337888 4205.596431 0.951338 -0.305406 -0.041028 0.266957 0.750325 0.604770 0.153916 0.586293 -0.795343
-5.510084 -124.666927 -85.386938 3330.351097 0.944234 -0.318230 -0.084563 0.321852 0.837777 0.441068 0.069517 0.443688 -0.893481
-0.943402 -3.554624 -4.328120 -61.846299 -0.010984 0.956462 0.291652 0.290502 0.282142 -0.914333 0.956811 -0.074682 0.280953
-0.758964 -3.944391 17.131891 -56.257834 -0.051181 0.932734 0.356915 0.269596 0.357019 -0.894346 0.961612 -0.050450 0.269734
-0.598761 -2.997483 6.329177 -40.913004 0.001857 0.973569 0.228384 0.339167 0.214234 -0.916008 0.940724 -0.079161 0.329804
-1.063636 -4.522208 8.791901 -58.595324 -0.035168 0.939771 0.339991 0.225608 0.338885 -0.913377 0.973583 -0.044583 0.223938
-1.175342 -4.541692 -9.989959 -73.750908 0.000253 0.962417 0.271574 0.233507 0.264010 -0.935827 0.972355 -0.063651 0.224665
-6.594408 -11.206529 72.235422 95.328417 -0.243535 0.968342 -0.054819 -0.325752 -0.134901 -0.935782 0.913551 0.210038 -0.348292
-9.040830 -12.069202 124.150573 177.914751 -0.025649 0.929702 0.367418 -0.395542 0.328107 -0.857842 0.918090 0.167332 -0.359321
-5.249984 -10.029549 -70.837827 103.755355 -0.340958 0.921611 -0.185422 -0.349997 -0.307508 -0.884839 0.872496 0.236796 -0.427409
7.715870 -12.318934 -153.331378 -124.696418 -0.158934 0.970536 -0.181109 -0.681176 0.024990 0.731693 -0.714660 -0.239658 -0.657134
8.745313 -11.241827 -37.377695 -266.681444 -0.027317 0.996275 -0.081786 -0.778893 0.030069 0.626436 -0.626562 -0.080815 -0.775170
8.113471 -9.272810 -24.600472 -151.794858 -0.027320 0.996100 -0.083896 -0.835122 0.023382 0.549568 -0.549386 -0.085077 -0.831226
-1.062006 -28.101071 -421.089589 -2259.868546 -0.185691 0.845117 -0.501295 0.900920 -0.057226 -0.430196 -0.392253 -0.531510 -0.750756
-0.493516 -173.874123 259.746906 10244.119202 -0.230762 0.929011 -0.289287 -0.770404 0.007153 0.637516 -0.594328 -0.369983 -0.714064
-4.607005 -37.068563 -516.261388 -2374.406042 -0.337880 0.796288 -0.501759 0.924765 0.181713 -0.334351 -0.175063 -0.576979 -0.797777
0.774420 -5.490040 76.126022 -2.382003 0.740845 0.406107 0.535001 -0.318100 -0.489394 0.811977 -0.591576 0.771732 0.233382
1.849287 -5.411087 91.116667 26.167202 0.764121 0.462641 0.449535 -0.280978 -0.388589 0.877525 -0.580663 0.796845 0.166938
0.622947 -5.726751 71.026524 4.365860 0.760040 0.445927 0.472745 -0.321838 -0.373700 0.869925 -0.564588 0.813325 0.140511
1.833481 -4.796986 61.359282 21.259290 0.732130 0.443473 0.517027 -0.282595 -0.492881 0.822927 -0.619779 0.748599 0.235530
-0.313658 -6.059895 57.405212 -16.687118 0.745184 0.426967 0.512251 -0.346246 -0.408768 0.844406 -0.569925 0.806603 0.156772
1.332349 -4.884479 59.799531 -0.578656 0.703719 0.363506 0.610445 -0.336712 -0.585951 0.737080 -0.625624 0.724241 0.289948
-0.280941 -5.950464 74.112687 -20.089190 0.736002 0.385247 0.556673 -0.323381 -0.522338 0.789042 -0.594748 0.760755 0.259860
0.648370 -5.451565 76.431548 -11.766938 0.712009 0.334731 0.617250 -0.338174 -0.606926 0.719221 -0.615371 0.720830 0.318940
-2.055709 -8.716911 37.957724 -52.949526 0.106584 0.624751 0.773515 0.784444 -0.530862 0.320676 -0.610973 -0.572600 0.546664
-2.467292 -8.405457 83.524606 -39.097397 0.141761 0.641907 0.753564 0.698334 -0.604388 0.383464 -0.701594 -0.471879 0.533944
-3.491071 -8.686417 50.618769 -4.077731 0.084371 0.644748 0.759725 0.745416 -0.546802 0.381266 -0.661239 -0.534143 0.526739
-6.317938 -8.266370 -28.435931 61.193093 -0.527153 0.546530 -0.650703 0.390999 0.835866 0.385290 0.754473 -0.051318 -0.654322
-6.025742 -7.592795 30.131395 115.217208 -0.575826 0.559032 -0.596580 0.309387 0.824429 0.473916 0.756772 0.088319 -0.647685
-5.679082 -5.997982 44.307255 92.586110 -0.535400 0.613655 -0.580323 0.259209 0.773326 0.578600 0.803839 0.159358 -0.573103
2.231112 -18.131979 -96.519574 -193.547002 0.236327 0.954394 0.182434 0.956260 -0.261751 0.130588 -0.172385 -0.143593 0.974507
2.451930 -18.381587 42.068533 -101.447266 -0.262691 -0.956169 -0.129362 0.964860 -0.259450 -0.041604 0.006218 -0.135746 0.990724
1.430692 -18.762827 93.384761 24.230312 -0.228418 -0.958903 -0.168317 0.966187 -0.202032 -0.160207 0.119618 -0.199220 0.972627
3.711047 -16.380381 -38.965857 -173.232662 0.297892 0.948026 0.111837 0.930347 -0.314565 0.188421 -0.213808 -0.047918 0.975700
0.773542 -18.887747 101.517385 -160.811776 -0.195275 -0.963121 -0.185109 0.972558 -0.214506 0.090102 -0.126486 -0.162434 0.978579
1.764123 -17.049759 -125.916900 -208.095509 0.208810 0.957088 0.200952 0.936841 -0.254717 0.239682 -0.280583 -0.138212 0.949827
2.817564 -15.552398 -85.367985 -286.006524 0.255699 0.948895 0.184976 0.865387 -0.309952 0.393746 -0.430957 -0.059396 0.900416
0.097271 -21.205212 -29.643384 260.308052 0.052112 0.976268 -0.210204 -0.954094 -0.013494 -0.299203 0.294939 -0.216147 -0.930748
-0.028982 -19.228621 -34.093468 -290.730546 0.016536 0.974242 -0.224898 0.998922 -0.006339 0.045988 0.043377 -0.225416 -0.973296
-0.140791 -16.765761 10.768583 -307.122512 0.022412 0.977759 -0.208532 0.998877 -0.013191 0.045502 0.041739 -0.209318 -0.976956
-0.104382 -13.154208 39.327546 -160.529540 0.084593 0.996273 0.016881 0.252185 -0.005017 -0.967666 0.963974 -0.086115 0.251669
-0.400362 -10.275785 74.131299 -73.472280 0.050447 0.997020 0.058355 0.425944 0.031371 -0.904206 0.903342 -0.070471 0.423092
-0.513841 -16.956304 0.404217 9.602897 0.121145 0.987798 0.097876 0.989046 -0.128495 0.072639 0.084329 0.088004 -0.992544
-0.101535 -18.928890 -5.190613 112.156797 0.102077 0.989177 0.105404 0.990834 -0.091677 -0.099209 -0.088473 0.114565 -0.989468
0.593232 -8.310733 39.141553 37.111898 0.099657 0.978469 -0.180742 0.275903 -0.201697 -0.939785 0.956005 -0.043789 0.290064
-0.028532 -9.745181 36.653906 213.761865 0.096339 0.975357 -0.198491 0.355572 -0.219984 -0.908392 0.929671 -0.016936 0.368002
0.697763 -10.269267 9.430503 -224.453988 0.103044 0.983273 -0.150187 0.231756 -0.170569 -0.957703 0.967301 -0.063879 0.245455
-0.060968 -5.631447 0.011415 31.342442 0.111416 0.993640 0.016285 -0.855514 0.087564 0.510321 -0.505650 0.070790 -0.859830
-0.068553 -6.048739 -14.062418 35.816025 0.103134 0.994661 0.003688 -0.889012 0.090515 0.448848 -0.446117 0.049570 -0.893601
-0.216206 -5.809531 11.740640 23.396779 0.113961 0.993485 -0.001041 -0.861156 0.099304 0.498547 -0.495402 0.055918 -0.866862
2.492330 -5.232848 -79.791598 87.438097 -0.420017 -0.602178 -0.678946 -0.309551 0.798333 -0.516568 0.853091 -0.006799 -0.521718
3.999813 -5.877274 -97.972192 125.775878 -0.493445 -0.514104 -0.701576 -0.256760 0.856769 -0.447238 0.831015 -0.040550 -0.554769
4.012642 -6.730701 -97.133841 109.209442 -0.448479 -0.582073 -0.678275 -0.227769 0.808247 -0.543009 0.864285 -0.089038 -0.495060
3.226894 -6.504655 -72.208312 79.562633 -0.388240 -0.660211 -0.642955 -0.248432 0.746833 -0.616864 0.887441 -0.079760 -0.453968
5.176280 -27.652692 -137.043994 -586.960304 0.211486 0.962430 0.170299 -0.898073 0.260107 -0.354697 0.385667 0.077928 -0.919341
4.959569 -38.746937 45.965828 -1275.967211 0.104578 0.952432 0.286245 -0.898359 0.213940 -0.383641 0.426631 0.217030 -0.878000
-0.946881 -20.603991 -1.995417 -214.085477 -0.115193 0.975991 0.184856 -0.729449 0.043206 -0.682670 0.674267 0.213482 -0.706958
-2.032859 -6.589985 53.251259 33.079222 0.720547 0.460106 0.518762 -0.394213 -0.343654 0.852349 -0.570445 0.818660 0.066239
-2.284148 -7.402908 61.906936 113.622880 0.696234 0.462183 0.549222 -0.456352 -0.305598 0.835675 -0.554076 0.832464 0.001850
-2.594168 -6.574051 33.075336 33.157528 0.688177 0.496619 0.528944 -0.395519 -0.354402 0.847328 -0.608258 0.792319 0.047469
-1.602740 -7.864544 74.037712 110.794026 0.725004 0.440300 0.529628 -0.450100 -0.279166 0.848220 -0.521325 0.853348 0.004218
-1.072019 -6.644616 59.561084 34.098424 0.743893 0.440606 0.502483 -0.383562 -0.334233 0.860912 -0.547269 0.833159 0.079634
