19685
39355
-5.399928 -6.404192 -86.388548 -126.959625 0.318716 0.728805 -0.606023 -0.539033 -0.386547 -0.748348 0.779656 -0.565177 -0.269651
-5.313169 -7.175647 -88.885251 91.282391 0.116499 0.531297 -0.839137 0.683977 0.569694 0.455658 0.720141 -0.627035 -0.297026
-6.464143 -9.451023 53.550750 -255.210357 0.653999 0.753287 0.069599 -0.223543 0.280329 -0.933512 0.722713 -0.594957 -0.351727
-3.216688 -5.907013 0.140738 86.983157 0.067455 0.459704 -0.885507 0.614989 0.679716 0.399717 0.785645 -0.571540 -0.236863
-4.427633 -8.919186 89.469531 -340.896313 0.574920 0.809549 0.118734 -0.152421 0.248540 -0.956554 0.803888 -0.531844 -0.266283
-4.439268 -5.485509 15.855785 -116.495977 0.447231 0.831015 -0.330754 -0.361570 -0.170257 -0.916668 0.818078 -0.529553 -0.224326
3.812780 -1.260223 14.261459 51.179398 0.016364 0.976480 -0.214987 0.438630 -0.200232 -0.876077 0.898519 0.079964 0.431589
3.628669 -4.743514 -14.335504 110.012249 0.202288 0.896362 -0.394481 0.454714 -0.442724 -0.772807 0.867361 0.023047 0.497145
3.192847 -4.064628 47.046707 103.647133 0.206314 0.792621 -0.573748 0.486736 -0.591804 -0.642539 0.848836 0.146699 0.507894
5.844009 -2.892577 -208.916114 -18.760454 0.048949 0.996384 -0.069451 0.416085 -0.083556 -0.905479 0.908007 -0.015425 0.418671
1.257968 0.426328 96.804989 116.348624 -0.072848 0.971786 -0.224335 0.448857 -0.168920 -0.877493 0.890630 0.164617 0.423887
4.724829 -0.249954 -370.745526 -40.185108 -0.249632 0.919738 0.302930 0.313403 0.372735 -0.873411 0.916222 0.123092 0.381295
6.648070 -3.144157 -325.824049 -73.342288 -0.094854 0.991649 0.087377 0.370373 0.116626 -0.921532 0.924027 0.055049 0.378343
-6.039402 -8.393807 -82.648608 -92.559133 0.560790 0.635712 -0.530457 0.827312 -0.455551 0.328677 -0.032706 -0.623173 -0.781400
-7.010498 -7.501118 -114.813182 -86.560369 0.603938 0.632294 -0.485245 0.789380 -0.558668 0.254500 -0.110172 -0.536745 -0.836521
-7.955327 -8.443763 -92.111873 -94.276029 0.219020 0.815366 -0.535917 0.975630 -0.175533 0.131660 0.013280 -0.551693 -0.833941
-5.401870 -8.195496 -5.268277 -82.601724 0.514807 0.638594 -0.571989 0.848182 -0.476471 0.231436 -0.124742 -0.604296 -0.786934
4.890541 -9.760749 -284.179098 256.730460 0.502099 0.458770 -0.733094 -0.542485 0.827255 0.146146 0.673504 0.324313 0.664239
24.143346 -9.228851 -1221.533554 326.789650 0.629027 0.300716 -0.716864 -0.508941 0.856358 -0.087349 0.587625 0.419787 0.691719
11.545861 -12.371514 -569.248839 191.202475 0.575411 0.174624 -0.799005 -0.325727 0.945048 -0.028034 0.750202 0.276389 0.600671
4.307273 -12.212451 -347.433343 129.712769 0.540139 0.353330 -0.763811 -0.332560 0.923341 0.191953 0.773080 0.150332 0.616236
1.327198 -6.126121 -2.115096 -7.030982 -0.225441 -0.835982 0.500310 0.968836 -0.138273 0.205517 -0.102629 0.531050 0.841102
0.978340 -6.052515 -28.630229 6.397503 -0.221476 -0.828989 0.513542 0.959120 -0.090039 0.268294 -0.176174 0.551969 0.815042
0.909829 -6.193607 -44.411711 1.432474 -0.236105 -0.824363 0.514471 0.969469 -0.163755 0.182523 -0.066218 0.541858 0.837857
1.426197 -5.828590 2.548478 -2.673538 -0.191024 -0.848072 0.494250 0.957214 -0.049437 0.285127 -0.217374 0.527569 0.821231
1.079528 -6.123126 -12.815955 -5.798688 -0.244020 -0.830419 0.500858 0.969714 -0.214516 0.116782 0.010464 0.514186 0.857615
1.460840 -5.919629 19.058201 -8.100107 -0.206393 -0.856304 0.473440 0.968152 -0.108639 0.225566 -0.141719 0.504917 0.851454
1.328858 -6.004404 19.382076 -13.473373 -0.235355 -0.847457 0.475841 0.971508 -0.191063 0.140239 -0.027931 0.495289 0.868279
-0.398528 -6.546817 -26.484534 135.310283 0.744045 0.586661 -0.319727 -0.303692 0.723209 0.620273 0.595120 -0.364413 0.716265
-0.530668 -6.485365 -9.648761 23.065394 0.736201 0.598347 -0.316211 -0.205221 0.642617 0.738192 0.644898 -0.478564 0.595889
-0.483599 -6.826058 -19.881665 138.070337 0.730356 0.604655 -0.317761 -0.319281 0.713448 0.623741 0.603854 -0.354098 0.714126
-0.323671 -6.405798 -15.408601 28.619189 0.744996 0.572386 -0.342571 -0.315119 0.754612 0.575552 0.587946 -0.320834 0.742553
-0.570790 -6.574888 -7.300693 26.233304 0.735817 0.578829 -0.351468 -0.319066 0.754137 0.573998 0.597302 -0.310216 0.739592
-0.745794 -6.979812 -14.431233 138.779833 0.722294 0.608520 -0.328627 -0.319563 0.715073 0.621732 0.613328 -0.344057 0.710953
0.080505 -7.332396 62.407980 -47.713750 0.618732 0.702493 -0.351674 0.463645 -0.687907 -0.558406 0.634195 -0.182452 0.751337
0.383507 -7.487154 48.374482 79.989596 0.648983 0.656405 -0.384647 -0.375408 0.716035 0.588526 0.661732 -0.237544 0.711114
0.359545 -6.939659 27.098418 -65.713026 0.638165 0.695285 -0.330643 0.469569 -0.691837 -0.548513 0.610124 -0.194782 0.767990
0.224277 -6.356568 31.917556 36.166373 0.616424 0.723447 -0.310880 0.514444 -0.668913 -0.536566 0.596128 -0.170822 0.784507
0.119052 -5.942328 25.388220 -38.437573 0.607092 0.732098 -0.308986 0.576947 -0.673477 -0.462126 0.546417 -0.102284 0.831244
0.119840 -6.307546 16.441631 42.399741 0.580010 0.697419 -0.420945 -0.635688 0.710639 0.301483 0.509401 0.092726 0.855519
0.013669 -5.381325 17.853247 -27.165405 0.591503 0.680827 -0.431970 -0.657051 0.717524 0.231178 0.467342 0.147084 0.871756
-0.156912 -5.431298 16.305299 -18.453549 0.566421 0.710257 -0.417974 0.643938 -0.697951 -0.313381 0.514307 0.091643 0.852696
-0.050238 -6.526520 13.095822 136.617514 0.579597 0.699878 -0.417418 -0.621653 0.710931 0.328822 0.526891 0.068905 0.847135
-0.379035 -6.418698 6.546774 151.212691 0.583931 0.694287 -0.420702 -0.618116 0.716203 0.324015 0.526267 0.070840 0.847363
-0.420281 -5.153716 2.997251 -20.227239 0.575432 0.706623 -0.411780 0.640366 -0.702471 -0.310590 0.508733 0.084966 0.856721
-7.058327 -18.953072 34.259698 -5.406126 0.210734 0.977423 0.015320 -0.106718 0.038581 -0.993540 0.971701 -0.207738 -0.112440
-7.250501 -19.080284 61.051760 25.925673 0.284759 0.957708 -0.041326 -0.222653 0.024148 -0.974599 0.932383 -0.286727 -0.220113
-7.424948 -19.821054 54.852001 58.312615 0.205692 0.978500 0.015121 -0.314615 0.080751 -0.945779 0.926665 -0.189782 -0.324460
-6.183910 -18.868429 47.828637 -166.740991 0.129677 0.987288 0.091906 -0.039217 0.097723 -0.994441 0.990780 -0.125352 -0.051390
-6.467643 -20.173536 -24.826660 50.365522 0.190273 0.981027 0.037177 -0.381434 0.108767 -0.917975 0.904602 -0.160485 -0.394892
-7.511558 -18.581547 70.069740 169.543376 0.245035 0.968373 0.047016 -0.599921 0.189541 -0.777283 0.761612 -0.162256 -0.627392
-1.117749 -12.178539 19.900076 219.399654 0.076898 0.989217 0.124649 0.997033 -0.075868 -0.012996 -0.003399 0.125278 -0.992116
-1.435970 -12.188195 35.103385 215.764787 0.050301 0.991379 0.120983 0.998681 -0.048676 -0.016355 -0.010325 0.121646 -0.992520
-1.412062 -14.250006 13.840557 -80.057914 0.074427 0.991190 0.109562 -0.967080 0.044930 0.250473 -0.243344 0.124597 -0.961904
-1.013155 -9.275056 16.158821 -284.759822 0.042359 0.993384 0.106738 -0.976905 0.063575 -0.203996 0.209432 0.095632 -0.973135
-0.993791 -14.010926 27.837014 -100.010023 0.096192 0.984413 0.147238 -0.973846 0.062486 0.218447 -0.205842 0.164400 -0.964677
-0.852967 -12.500838 18.196650 211.980624 0.093742 0.984673 0.147074 0.995206 -0.088541 -0.041533 -0.027875 0.150262 -0.988253
-0.946051 -9.358699 13.545899 -250.879710 0.071861 0.989248 0.127375 -0.977175 0.095423 -0.189797 0.199911 0.110828 -0.973526
3.580531 -2.145633 -90.279541 23.072571 0.276152 0.271107 0.922085 -0.197529 0.954921 -0.221604 -0.940597 -0.120942 0.317255
3.142679 -2.778913 -84.152716 29.927229 0.272342 0.288703 0.917867 -0.250564 0.942293 -0.222040 -0.929003 -0.169513 0.328965
1.870772 -2.703546 -80.676038 35.584216 0.214470 0.358322 0.908630 -0.246722 0.919983 -0.304564 -0.945056 -0.158859 0.285715
2.506995 -2.025506 -91.678497 24.212893 0.223049 0.320308 0.920680 -0.193252 0.940258 -0.280301 -0.955459 -0.115403 0.271624
1.143183 -2.370888 -69.964439 36.449448 0.186269 0.407153 0.894165 -0.227081 0.903291 -0.364004 -0.955896 -0.135246 0.260712
20.973046 0.050807 -478.829915 -10.186431 0.599874 0.293077 0.744485 0.799823 -0.243930 -0.548436 0.020868 0.924448 -0.380737
24.223067 1.568679 151.837294 -148.688446 0.558119 -0.002293 0.829758 0.812151 -0.203419 -0.546838 0.170042 0.979089 -0.111669
19.371814 1.766520 204.737806 -39.230929 0.466120 -0.132248 0.874781 0.851373 -0.201861 -0.484165 0.240614 0.970445 0.018501
15.916373 -0.400773 54.703676 59.459615 0.466503 -0.053269 0.882914 0.854444 -0.230943 -0.465393 0.228693 0.971508 -0.062220
12.779563 0.189667 -94.741473 -36.640516 0.783034 0.354707 0.510921 -0.617940 0.350196 0.703927 -0.070765 0.866917 -0.493403
13.979918 0.368528 -156.201931 54.624694 0.797895 0.388875 0.460586 -0.586137 0.322115 0.743428 -0.140739 0.863144 -0.484948
14.848190 -0.945427 -431.523390 75.781311 0.574290 0.333478 0.747652 0.818634 -0.239965 -0.521781 0.005408 0.911707 -0.410806
-1.123846 -5.802270 -60.736944 39.466508 -0.335527 -0.783384 0.523193 0.880889 -0.457738 -0.120457 0.333849 0.420458 0.843658
-0.696714 -5.095705 52.453225 29.989838 0.339203 0.782311 -0.522427 0.845150 -0.497313 -0.195962 0.413113 0.375059 0.829861
-0.323497 -5.570250 -63.695367 31.272726 -0.315106 -0.789286 0.527006 0.888155 -0.440958 -0.129371 0.334499 0.427298 0.839957
-0.882957 -9.336373 24.037284 46.193558 -0.073250 0.996491 -0.040488 0.519659 0.003486 -0.854367 0.851228 0.083623 0.518091
-0.900633 -9.707949 24.491959 -65.110912 -0.091606 0.995460 -0.025848 0.455770 0.018835 -0.889898 0.885371 0.093301 0.455426
-0.772616 -8.723236 17.285976 106.874018 -0.073037 0.995731 -0.056435 0.502353 -0.012154 -0.864577 0.861573 0.091497 0.499321
-0.737638 -27.706465 20.394985 140.482736 0.783094 0.621772 0.012759 -0.398862 0.486397 0.777385 -0.477150 0.613855 -0.628896
-0.927252 -24.098137 -5.479202 233.811168 0.775870 0.630573 -0.020075 -0.248757 0.335007 0.908785 -0.579781 0.700105 -0.416782
-0.925503 -26.073167 -0.401353 335.328501 0.788913 0.613581 -0.033698 -0.161881 0.260414 0.951829 -0.592799 0.745455 -0.304771
-0.704080 -25.650236 -17.687164 79.288578 0.753126 0.657765 -0.012072 -0.408777 0.482260 0.774808 -0.515463 0.578594 -0.632081
-0.720980 -27.312699 23.052711 241.542575 0.791784 0.610718 -0.010129 -0.286304 0.385734 0.877063 -0.539545 0.691544 -0.480269
-0.514218 -28.403059 1.348331 44.143565 0.773322 0.633974 -0.007054 -0.475743 0.587594 0.654524 -0.419097 0.502802 -0.756008
-0.441890 -27.166337 33.634254 -144.027585 0.775306 0.629631 0.049663 -0.581223 0.680503 0.446202 -0.247146 0.374808 -0.893553
-0.541108 -24.590802 14.587673 -27.158655 0.763761 0.644826 0.029453 -0.527452 0.597134 0.604339 -0.372106 0.477106 -0.796183
-3.060044 -10.372564 3.302967 271.736711 0.547465 0.836197 -0.032508 0.703864 -0.439119 0.558345 -0.452612 0.328556 0.828971
-2.025650 -7.869012 3.899513 23.111353 0.451672 0.882771 -0.129258 0.795714 -0.333056 0.505879 -0.403525 0.331343 0.852865
-2.402716 -10.226767 40.231756 283.297835 0.631373 0.775029 -0.026423 0.670194 -0.528194 0.521394 -0.390139 0.346902 0.852907
-2.983881 -13.689412 73.139312 378.759844 0.668922 0.743286 0.008261 0.556810 -0.508403 0.656878 -0.492449 0.434800 0.753952
-5.925119 -7.253863 37.303829 161.730281 0.387244 0.889268 0.243404 0.288172 0.134033 -0.948152 0.875785 -0.437308 0.204359
-3.511206 -5.280518 149.445917 10.540826 0.254378 0.325862 -0.910553 0.357438 0.843178 0.401607 0.898627 -0.427626 0.098010
-5.095743 -6.057834 29.599347 112.911371 0.383263 0.915560 -0.121900 0.135114 -0.186133 -0.973190 0.913703 -0.356517 0.195043
-5.747576 -6.344460 -31.651396 149.360772 0.265788 0.645945 0.715620 0.449550 0.573620 -0.684737 0.852796 -0.503702 0.137923
16.000995 -211.683938 -490.387006 15097.511753 0.900081 -0.108897 -0.421895 0.278851 -0.600050 0.749788 0.334808 0.792516 0.509727
-3.485138 -96.296410 49.105037 4404.729377 0.685690 0.543352 -0.484354 -0.536499 0.826971 0.168190 0.491933 0.144529 0.858553
1.791681 -110.371675 -103.514098 6941.334984 0.841069 0.447152 -0.304399 -0.458547 0.887887 0.037289 0.286946 0.108219 0.951815
-9.012717 -411.716839 -267.566878 -8242.316655 0.991904 0.082335 -0.096677 -0.084961 -0.135531 -0.987124 0.094377 -0.987346 0.127439
-35.683012 -478.123844 -2233.354226 -77671.404686 0.968084 0.053248 -0.244902 -0.119778 -0.760051 -0.638730 0.220149 -0.647679 0.729415
-22.428507 -1175.250174 392.503493 -46261.840363 0.957326 0.235302 -0.167811 0.144097 -0.891928 -0.428603 0.250526 -0.386132 0.887772
-507.853010 -3026.478749 -14946.234459 53400.674870 0.902397 -0.409237 -0.134927 0.371290 0.897360 -0.238513 0.218687 0.165137 0.961720
83.493619 -1006.876046 -9047.164226 167681.053118 0.986708 -0.037688 -0.158070 0.080775 -0.730299 0.678335 0.141004 0.682087 0.717548
-1.896922 -4.192872 -33.957120 32.041490 0.442898 0.651017 -0.616456 -0.322848 -0.525642 -0.787064 0.836427 -0.547611 0.022627
-1.363706 -3.599007 -15.774601 28.978203 0.483640 0.664925 -0.569181 -0.314280 -0.475001 -0.821950 0.816897 -0.576410 0.020757
-1.594460 -3.548439 -33.500651 12.016768 0.506681 0.721255 -0.472298 -0.286525 -0.375809 -0.881289 0.813128 -0.581858 -0.016243
0.565284 -14.205716 7.797251 -96.778611 -0.163050 -0.947881 0.273745 0.939294 -0.064235 0.337047 -0.301896 0.312083 0.900812
0.402989 -13.079401 19.179837 -71.117219 0.174842 0.937363 -0.301299 0.905351 -0.032777 0.423398 -0.387002 0.346809 0.854373
0.520439 -14.017199 -11.060841 -96.180663 -0.152434 -0.942196 0.298379 0.964936 -0.076607 0.251056 -0.213686 0.326186 0.920837
6.202535 -8.740188 308.477606 41.379394 -0.004636 0.995591 -0.093691 -0.556813 -0.080394 -0.826738 0.830625 -0.048335 -0.554731
3.053928 -10.345894 205.836510 -5.775392 0.005805 0.999481 -0.031686 -0.568949 -0.022757 -0.822058 0.822352 -0.022800 -0.568522
7.679682 -9.064226 295.791859 -67.252044 -0.046808 0.979449 -0.196185 -0.648734 -0.179152 -0.739627 0.759574 -0.092652 -0.643788
8.453744 -6.057146 241.061522 114.621190 0.086047 0.979279 -0.183328 -0.549192 -0.106907 -0.828830 0.831255 -0.172001 -0.528613
6.330615 -7.817502 203.424865 114.737834 0.131693 0.989530 -0.059055 -0.434787 0.004121 -0.900524 0.890852 -0.144269 -0.430778
8.982762 -7.288071 288.316515 -117.929457 0.005144 0.971933 -0.235202 -0.566817 -0.190937 -0.801413 0.823828 -0.137439 -0.549925
-0.202448 -4.173867 -67.051904 -9.096054 0.512435 0.236444 0.825533 0.389779 0.792564 -0.468950 -0.765169 0.562082 0.313976
-1.216479 -4.001976 -46.644797 -5.630213 0.552688 0.281817 0.784293 0.319987 0.797195 -0.511947 -0.769509 0.533910 0.350422
-1.425224 -4.295935 -54.129100 -15.285306 0.584300 0.332530 0.740282 0.328087 0.737537 -0.590253 -0.742262 0.587761 0.321844
0.332709 -4.509193 -76.607803 -32.729411 0.521452 0.242496 0.818097 0.438559 0.746272 -0.500742 -0.731952 0.619898 0.282796
-0.726274 -4.455593 -55.727740 -24.195977 0.588800 0.318680 0.742804 0.398813 0.684796 -0.609921 -0.703039 0.655361 0.276114
-116.457840 -206.763437 -4031.747635 -13448.484230 0.316178 0.545163 -0.776420 0.944733 -0.255692 0.205186 -0.086664 -0.798385 -0.595878
63.661400 -51.276759 683.830923 851.522811 0.940652 -0.028858 0.338142 -0.099654 0.928966 0.356498 0.324411 0.369038 -0.870958
108.072505 -342.397440 -4413.298958 5208.245065 -0.845538 0.515202 -0.140117 0.450607 0.829361 0.330322 0.286390 0.216162 -0.933410
-84.653152 -456.645592 -7152.436293 -30368.374108 -0.223553 -0.070649 -0.972128 0.714495 0.666510 -0.212745 0.662964 -0.742141 -0.098522
1.487598 -11.275621 -18.861464 -477.750877 0.848969 0.049033 -0.526163 -0.478935 -0.349387 -0.805326 0.223322 -0.935695 0.273135
2.280846 -7.178194 17.344206 -136.556993 0.943173 0.127097 -0.307036 -0.232490 -0.407785 -0.882983 0.237430 -0.904189 0.355063
1.376383 -16.187634 -9.642279 -459.705452 0.857037 0.067637 -0.510797 -0.451568 -0.378828 -0.807822 0.248143 -0.922992 0.294127
2.081585 -16.981912 0.913724 -501.728310 0.869369 0.131762 -0.476273 -0.380200 -0.437316 -0.814987 0.315666 -0.889603 0.330093
2.085904 -29.669913 6.156738 -1053.302957 0.793787 0.091724 -0.601239 -0.567465 -0.243986 -0.786419 0.218828 -0.965431 0.141623
-1.066640 -6.500892 133.006299 69.106975 0.263832 0.964338 0.021078 -0.637447 0.157915 0.754138 -0.723916 0.212402 -0.656377
-1.453866 -6.960816 90.402438 128.870016 0.206406 0.978442 0.006852 -0.587579 0.118347 0.800465 -0.782398 0.169247 -0.599340
0.219532 -5.137815 142.655267 6.600808 0.074557 0.970112 0.230922 -0.644475 -0.129835 0.753522 -0.760982 0.205004 -0.615532
-3.878602 -10.063987 17.036251 88.882255 0.891022 0.112470 -0.439807 0.176668 0.806536 0.564170 -0.418173 0.580387 -0.698772
-5.317013 -11.682603 -126.727493 214.371101 0.886208 0.062261 -0.459085 0.252332 0.766185 0.591006 -0.388541 0.639597 -0.663289
-4.894611 -12.349528 121.940630 -125.468586 -0.903840 -0.177502 0.389316 0.022716 0.888701 0.457924 -0.427267 0.422734 -0.799211
-3.584101 -6.015745 50.928311 193.430030 -0.661803 0.230045 0.713509 0.672421 0.602959 0.429291 -0.331461 0.763885 -0.553727
-3.289703 -5.161246 10.193614 268.943800 0.736536 -0.118501 -0.665938 0.554303 0.669973 0.493847 -0.387639 0.732867 -0.559144
-3.732496 -7.960907 26.232792 178.390295 0.845688 0.109245 -0.522377 0.270522 0.755999 0.596056 -0.460033 0.645392 -0.609786
-1.422860 -9.329899 52.462690 -105.402562 -0.623374 -0.680343 0.385407 -0.573309 0.732856 0.366386 -0.531716 0.007438 -0.846890
-1.095362 -6.852050 25.757815 -243.136626 -0.761019 -0.480799 0.435525 -0.473738 0.870529 0.133232 -0.443195 -0.104932 -0.890262
0.199671 -7.307604 218.911699 -302.551570 -0.589122 -0.680877 0.435134 -0.670767 0.712342 0.206498 -0.450563 -0.170221 -0.876366
0.070375 -10.039992 -204.721874 -114.434873 0.475896 0.782706 -0.401115 -0.683139 0.616210 0.391927 -0.553935 -0.087501 -0.827949
-1.483475 -10.284810 -50.955878 34.226952 0.562165 0.744884 -0.359329 -0.539657 0.659632 0.523122 -0.626690 0.100167 -0.772804
-2.627106 -9.902622 -33.276351 69.581792 -0.677562 -0.641707 0.359336 -0.427767 0.741289 0.517210 -0.598269 0.196729 -0.776770
-4.562155 -7.768209 -64.498020 23.596262 -0.483985 -0.804914 0.343325 0.777368 -0.215319 0.591046 -0.401817 0.552947 0.729926
-4.206966 -8.001755 -55.768140 10.490652 -0.458980 -0.812112 0.360293 0.726565 -0.109711 0.678282 -0.511313 0.573094 0.640407
-4.990333 -8.065009 31.877434 -0.622163 0.502484 0.834998 -0.224249 0.701079 -0.241725 0.670863 -0.505963 0.494314 0.706863
-1.078964 -19.091277 -40.704369 -297.650450 0.031673 0.950554 -0.308941 0.235008 -0.307513 -0.922067 0.971477 0.043399 0.233128
-0.828572 -21.625393 -21.513981 -226.678581 0.031360 0.940359 -0.338734 0.012754 -0.339249 -0.940610 0.999427 -0.025178 0.022632
-1.472919 -21.051947 -51.115731 -107.522586 0.030468 0.943486 -0.330008 -0.087108 -0.326399 -0.941210 0.995733 -0.057423 -0.072241
-1.813296 -21.059152 -32.461515 95.026104 -0.004202 0.943623 -0.330997 -0.369500 -0.309040 -0.876336 0.929221 -0.118621 -0.349967
-2.285895 -20.424719 -34.531735 -68.256328 -0.033542 0.950297 -0.309533 -0.194528 -0.309992 -0.930626 0.980323 -0.028998 -0.195257
-1.781317 -19.656853 -38.107679 -211.652835 -0.003299 0.954465 -0.298304 0.054595 -0.297689 -0.953101 0.998503 0.019430 0.051127
-0.843561 -5.363967 52.069773 -32.327423 0.631980 -0.449088 0.631602 -0.122309 0.746976 0.653504 -0.765273 -0.490252 0.417146
-1.286409 -5.347950 20.265909 -18.286896 0.605003 -0.399098 0.688979 -0.107801 0.816284 0.567503 -0.788892 -0.417614 0.450831
-1.319892 -5.548795 42.943411 -29.022010 0.611262 -0.436460 0.660198 -0.169367 0.742720 0.647829 -0.773094 -0.507809 0.380074
-1.114299 -6.195534 48.254789 41.121274 0.603335 -0.410333 0.683822 -0.244540 0.720972 0.648382 -0.759070 -0.558414 0.334645
-0.395603 -5.936017 58.081829 44.457349 0.628968 -0.457264 0.628736 -0.167281 0.710191 0.683847 -0.759220 -0.535294 0.370196
-1.697000 -5.935558 59.525308 11.743498 0.591648 -0.409264 0.694591 -0.267031 0.713449 0.647831 -0.760689 -0.568765 0.312824
-0.341598 -6.037526 -27.602894 -84.628894 -0.644164 -0.614445 0.455533 -0.526055 0.788229 0.319312 -0.555264 -0.033946 -0.830981
-0.333259 -5.842391 -24.687867 -88.040042 -0.644114 -0.605834 0.466992 -0.523965 0.794230 0.307667 -0.557295 -0.046515 -0.829011
-0.298549 -5.418061 -8.735670 -0.340627 -0.653052 -0.584859 0.481106 -0.411571 0.807366 0.422811 -0.635714 0.078108 -0.767963
-0.152390 -5.436824 1.047959 -4.267652 -0.638447 -0.605538 0.475088 -0.420312 0.791402 0.443870 -0.644766 0.083702 -0.759783
-0.109078 -5.799319 9.618263 80.135484 -0.634626 -0.604519 0.481463 -0.324063 0.773739 0.544345 -0.701594 0.189431 -0.686937
-0.319603 -5.654586 6.843008 89.283061 -0.635820 -0.598445 0.487438 -0.321815 0.779565 0.537320 -0.701547 0.184774 -0.688252
-0.926806 -9.486973 29.572456 -22.368654 0.515504 0.757514 -0.400535 0.664292 -0.058032 0.745217 0.541268 -0.650235 -0.533126
-1.501055 -9.595116 31.458765 26.708376 0.524474 0.737490 -0.425482 0.682505 -0.065393 0.727950 0.509033 -0.672184 -0.537638
-1.056757 -9.386620 23.158076 131.201402 0.496520 0.752913 -0.431960 0.718241 -0.076912 0.691530 0.487439 -0.653610 -0.578962
-0.632457 -9.573231 22.105344 5.365538 0.509966 0.765681 -0.392005 0.670525 -0.068383 0.738728 0.538824 -0.639575 -0.548281
-0.582802 -8.964567 36.509453 14.507281 0.491944 0.783054 -0.380549 0.754046 -0.164717 0.635833 0.435209 -0.599745 -0.671490
-0.362706 -8.389780 0.105707 -101.860915 0.588131 0.724434 -0.359578 -0.748653 0.655853 0.096827 -0.305975 -0.212252 -0.928078
-0.360143 -9.026742 2.866236 85.406160 0.561542 0.750761 -0.347891 -0.784195 0.617021 0.065758 -0.264024 -0.235889 -0.935226
-0.358895 -8.489759 0.754889 55.485195 0.570023 0.739415 -0.358244 -0.773554 0.629927 0.069322 -0.276925 -0.237606 -0.931051
-0.384815 -9.312030 0.656251 28.290394 0.567833 0.745941 -0.348048 -0.781388 0.621433 0.057044 -0.258840 -0.239568 -0.935740
-0.353550 -8.944777 -4.151334 -95.086858 0.571387 0.743971 -0.346444 -0.765017 0.635667 0.103328 -0.297096 -0.205996 -0.932363
-2.789527 -5.235417 -86.488237 28.762633 0.046862 0.998872 -0.007679 0.315127 -0.022078 -0.948793 0.947892 -0.042043 0.315806
-2.511493 -5.259078 -8.844720 15.104056 0.073155 0.992106 -0.101857 0.315851 -0.119920 -0.941200 0.945985 -0.036682 0.322130
-2.538968 -5.701002 -92.107668 -113.264315 0.045462 0.998959 0.003661 0.291513 -0.009761 -0.956517 0.955486 -0.044553 0.291653
1.936955 -14.204928 -46.010722 48.865674 -0.045990 0.977444 0.206127 0.764501 0.167256 -0.622546 0.642980 -0.128954 0.754949
3.284349 -14.500079 -51.757259 39.547322 -0.105934 0.975637 0.192119 0.800498 0.198290 -0.565583 0.589899 -0.093877 0.802001
3.185705 -13.721191 -39.473315 181.671648 -0.073364 0.977118 0.199644 0.594995 0.203538 -0.777530 0.800374 -0.061745 0.596312
2.058352 -14.134932 -47.423792 -79.696840 -0.085453 0.974253 0.208637 0.905003 0.163484 -0.392737 0.416734 -0.155256 0.895672
2.743493 -13.040436 -33.495844 157.527194 -0.045841 0.978261 0.202246 0.576338 0.191266 -0.794514 0.815925 -0.080141 0.572576
2.058147 -12.807495 -52.804030 144.647322 -0.005656 0.976712 0.214479 0.526503 0.185255 -0.829744 0.850154 -0.108231 0.515290
0.723914 -13.934887 -73.707631 52.976562 0.043717 0.972771 0.227606 0.728379 0.124895 -0.673695 0.683778 -0.195235 0.703086
0.627615 -14.176486 -49.506258 -21.846830 0.003951 0.974989 0.222220 0.875365 0.104061 -0.472131 0.483446 -0.196389 0.853060
1.187929 -13.992737 -42.845822 -64.123123 -0.036231 0.974150 0.222977 0.924779 0.117252 -0.361989 0.378776 -0.193090 0.905122
-1.700705 -11.262357 -85.686850 53.339500 -0.162480 0.973125 0.163184 0.387662 -0.089126 0.917483 -0.907369 -0.212332 0.362763
-1.647579 -10.912634 -81.866006 12.779482 -0.143668 0.972800 0.181715 0.566799 -0.069635 0.820908 -0.811233 -0.220935 0.541377
-2.226583 -10.705367 -87.080782 54.614425 -0.131952 0.978166 0.160561 0.484285 -0.077715 0.871452 -0.864903 -0.192747 0.463456
-2.034204 -10.980148 -84.486094 40.270781 -0.139052 0.979674 0.144579 0.291674 -0.099004 0.951380 -0.946357 -0.174461 0.271979
-0.338033 -5.371647 20.641236 53.342532 -0.635219 -0.520332 0.570747 -0.027116 0.753561 0.656819 -0.771856 0.401748 -0.492785
0.066931 -5.377600 26.958258 31.862706 -0.632270 -0.490618 0.599607 0.047280 0.748061 0.661943 -0.773304 0.446876 -0.449780
-0.421989 -5.379290 -8.484031 71.097766 -0.656011 -0.493987 0.570638 0.022516 0.742915 0.669007 -0.754416 0.451724 -0.476237
0.521440 -6.196427 -71.857455 -23.554153 0.077651 0.935089 -0.345803 -0.678630 -0.204519 -0.705431 0.730364 -0.289449 -0.618698
-0.871870 -6.755824 -113.669561 15.746486 0.114879 0.937439 -0.328650 -0.737607 -0.141107 -0.660322 0.665386 -0.318271 -0.675251
-0.972094 -6.155484 -96.327278 -61.353073 0.115839 0.942013 -0.314948 -0.636961 -0.172849 -0.751268 0.762143 -0.287636 -0.580003
0.082114 -14.727857 -4.443737 -83.923729 0.119675 0.930436 -0.346361 -0.375052 0.365386 0.851956 -0.919247 -0.027945 -0.392689
-0.024400 -15.204519 4.050997 -71.302074 0.128355 0.917602 -0.376206 -0.180479 0.394622 0.900944 -0.975168 0.047743 -0.216260
0.173629 -16.047411 9.991955 -134.144068 0.133925 0.914885 -0.380853 -0.365090 0.402834 0.839306 -0.921289 -0.026641 -0.387965
0.284727 -14.939192 -4.433579 -79.921228 0.122794 0.925312 -0.358774 -0.546073 0.364860 0.754110 -0.828689 -0.103317 -0.550091
0.247950 -13.880811 -3.575523 -6.064718 0.115762 0.939845 -0.321389 -0.525242 0.332546 0.783284 -0.843042 -0.078132 -0.532142
0.375950 -10.767980 -34.144447 -97.398531 0.516344 0.741313 -0.428770 0.758713 -0.163787 0.630499 0.397170 -0.650868 -0.647014
-0.154928 -12.520530 53.389084 -57.115320 0.466061 0.770897 -0.434172 0.733772 -0.062607 0.676505 0.494334 -0.633876 -0.594841
0.342857 -11.462560 -52.716079 -53.816307 0.497233 0.732128 -0.465562 0.692928 -0.012186 0.720903 0.522120 -0.681058 -0.513371
0.222874 -11.485246 24.908842 -70.409058 0.536244 0.744385 -0.397912 0.793712 -0.284319 0.537758 0.287165 -0.604197 -0.743291
0.903771 -9.823274 -71.915730 -105.464015 0.552729 0.718164 -0.422767 0.780540 -0.268395 0.564554 0.291973 -0.642032 -0.708905
2.985566 -5.588174 54.950348 -20.008005 0.217025 0.958419 -0.185291 -0.809008 0.282813 0.515290 -0.546266 -0.038071 -0.836746
3.025653 -5.390110 16.941590 -30.062236 0.165427 0.962995 -0.212777 -0.857301 0.247065 0.451657 -0.487513 -0.107698 -0.866448
2.323561 -5.336330 51.621257 -22.987231 0.236126 0.954948 -0.179773 -0.861672 0.291288 0.415538 -0.449183 -0.056786 -0.891633
2.252128 -5.367659 67.419682 -38.920623 0.266836 0.949180 -0.166899 -0.837966 0.314047 0.446304 -0.476037 -0.020766 -0.879180
1.565709 -5.271013 49.575742 -27.773060 0.286060 0.942312 -0.173832 -0.862056 0.332290 0.382678 -0.418364 -0.040384 -0.907381
3.857181 -6.917742 83.424225 0.232583 -0.648949 -0.421510 0.633399 0.741579 -0.164327 0.650429 -0.170078 0.891810 0.419223
4.201353 -6.265446 98.519972 -49.497893 -0.655619 -0.417330 0.629284 0.726381 -0.120951 0.676567 -0.206239 0.900670 0.382438
4.600693 -6.545516 114.385134 43.545441 -0.626475 -0.414442 0.660126 0.775329 -0.244464 0.582325 -0.079962 0.876627 0.474479
1.165968 -16.515892 20.980931 -31.791338 0.126153 0.890428 -0.437292 0.771371 0.189126 0.607634 -0.623757 0.413969 0.662991
1.372397 -17.617130 45.470103 -171.425601 0.136666 0.882510 -0.449998 0.847837 0.130738 0.513887 -0.512343 0.451756 0.730357
1.529094 -17.578873 -28.209506 -62.889353 -0.142349 -0.894135 0.424570 0.888443 0.073675 0.453035 -0.436354 0.441695 0.783901
0.970475 -17.076604 -57.180685 16.528472 0.129478 0.921803 -0.365396 0.906631 0.039179 0.420101 -0.401566 0.385673 0.830663
0.892138 -16.525227 -49.053415 25.187798 0.106203 0.919495 -0.378483 0.775863 0.161434 0.609899 -0.621899 0.358424 0.696257
1.427767 -17.961926 -5.570984 -81.179489 -0.141011 -0.902818 0.406245 0.965914 -0.035484 0.256420 -0.217085 0.428556 0.877048
-3.884347 -8.806125 -13.792113 90.161168 -0.245383 0.882056 -0.402199 -0.530061 0.225295 0.817483 -0.811679 -0.413787 -0.412259
-4.143572 -9.962895 -24.943421 59.380390 -0.223156 0.903302 -0.366397 -0.642007 0.146642 0.752545 -0.733505 -0.403164 -0.547202
-4.027688 -10.205679 -12.513649 56.893814 -0.248215 0.864864 -0.436348 -0.663783 0.176221 0.726869 -0.705536 -0.470060 -0.530341
-4.086205 -10.933985 2.056902 62.383399 -0.250991 0.845141 -0.471954 -0.752098 0.136676 0.644724 -0.609387 -0.516776 -0.601324
-3.914050 -9.696155 8.176854 69.125768 -0.249681 0.824620 -0.507603 -0.622676 0.264725 0.736339 -0.741575 -0.499922 -0.447375
9.541971 -56.019823 49.632420 -737.388717 0.875650 0.344569 -0.338393 -0.030191 -0.660258 -0.750432 0.482002 -0.667332 0.567752
10.134446 -64.110402 -40.468749 2446.889637 0.901072 0.322748 -0.289661 -0.192482 0.896176 0.399774 0.388613 -0.304470 0.869642
8.716269 -63.008810 65.706348 1477.332859 0.830303 0.355375 -0.429308 0.010848 0.759867 0.649988 0.557207 -0.544344 0.627065
7.852571 -53.636374 163.180666 -150.706645 0.819972 0.412421 -0.396931 -0.199206 -0.444492 -0.873352 0.536621 -0.795196 0.282314
5.795122 -207.393627 -443.860147 9838.464841 0.682218 0.487288 -0.545095 0.707736 -0.252963 0.659635 0.183544 -0.835799 -0.517448
49.829324 -334.580687 -3393.624929 10828.940053 0.649085 0.475680 -0.593647 -0.403936 -0.445755 -0.798835 0.644612 -0.758308 0.097189
-30.664875 -2338.281203 -5046.175295 -161347.689140 0.535144 0.433148 -0.725261 0.361958 0.658167 0.660153 0.763287 -0.615791 0.195433
-1.005453 -137.312262 118.219057 1190.359201 0.613011 0.588705 -0.526919 0.744933 -0.208471 0.633730 0.263232 -0.781004 -0.566341
2.718323 -65.719415 -220.455279 -1748.452646 0.646133 0.551062 -0.528055 0.666538 -0.744467 0.038679 -0.371805 -0.376960 -0.848329
-1.500909 -3.563315 69.024055 28.502629 0.513548 0.832781 0.206745 0.295174 -0.397696 0.868741 -0.805693 0.385114 0.450051
-2.061261 -3.609875 64.711137 41.029483 0.525985 0.800591 0.287044 0.288162 -0.485296 0.825500 -0.800189 0.351486 0.485958
-0.890726 -3.176593 20.576838 18.536429 0.565884 0.722100 0.397928 0.214281 -0.594861 0.774741 -0.796153 0.353145 0.491354
-2.423327 -4.301523 73.189824 49.530787 0.429146 0.903074 0.017059 0.366159 -0.191204 0.910697 -0.825689 0.384576 0.412723
-3.896719 -17.206893 140.803103 -196.338198 -0.260549 -0.895201 0.361566 0.964109 -0.221442 0.146480 -0.051063 0.386755 0.920768
-3.231146 -18.657974 115.456759 -90.114998 -0.313839 -0.869838 0.380640 0.914831 -0.384331 -0.123992 0.254145 0.309308 0.916373
-4.836001 -17.615584 61.939148 -169.708652 -0.371263 -0.818264 0.438872 0.926342 -0.358818 0.114631 0.063677 0.449104 0.891208
-2.322264 -4.978250 16.730011 -33.564613 -0.534236 -0.465922 0.705343 0.159070 0.764080 0.625203 -0.830234 0.446204 -0.334085
-1.976694 -4.462284 12.118469 -30.999054 -0.529490 -0.552761 0.643502 0.043162 0.740028 0.671190 -0.847217 0.383163 -0.367980
-2.230924 -4.868357 8.706566 -22.145999 -0.518474 -0.584349 0.624277 0.090626 0.688405 0.719643 -0.850277 0.429692 -0.303963
-2.630608 -5.313898 12.008896 -25.525796 -0.517327 -0.492171 0.700100 0.217729 0.715463 0.663858 -0.827627 0.495864 -0.262968
-2.697463 -5.591070 7.509539 -38.275818 -0.533986 -0.382784 0.753880 0.291813 0.753416 0.589245 -0.793539 0.534640 -0.290613
4.609593 -2.454207 30.734346 19.805409 0.139608 0.952263 -0.271486 -0.799748 -0.053231 -0.597971 0.583877 -0.300602 -0.754139
4.461437 -2.772467 42.158185 -14.031676 0.059885 0.962453 -0.264761 -0.811664 -0.107442 -0.574158 0.581046 -0.249281 -0.774755
4.476135 -2.029532 -3.109201 -9.234804 0.099022 0.930481 -0.352705 -0.814210 -0.128005 -0.566283 0.572063 -0.343250 -0.744932
4.309439 -1.973326 -29.942567 32.720630 0.208279 0.916833 -0.340642 -0.798364 -0.041827 -0.600720 0.565008 -0.397074 -0.723255
1.210705 -12.856974 -47.018558 266.759803 0.313582 0.126889 -0.941045 0.721755 -0.675837 0.149380 -0.617038 -0.726047 -0.303513
-0.888530 -31.982907 31.518783 -1108.924776 -0.452539 0.116232 0.884137 -0.522481 0.768904 -0.368511 -0.722649 -0.628711 -0.287230
-0.777899 -60.871924 -55.019034 2324.832535 0.488076 -0.131751 -0.862800 0.594096 -0.674039 0.439000 -0.639400 -0.726851 -0.250710
-0.914793 -4.245212 21.553867 -42.816596 0.015816 0.999870 -0.003132 0.764219 -0.014108 -0.644802 0.644762 -0.007805 0.764343
-3.447227 -4.606452 -147.478497 -41.949364 0.295086 0.920103 -0.257557 0.626438 -0.389846 -0.674978 0.721457 -0.037833 0.691425
-1.467259 -5.517690 119.254954 -217.318249 -0.410316 0.806914 0.424890 0.617580 0.588684 -0.521580 0.670996 -0.048391 0.739880
-1.421956 -6.076896 55.057401 -159.581999 0.245459 0.926283 -0.285918 0.694611 -0.373793 -0.614650 0.676214 0.047731 0.735157
-1.638605 -5.057683 32.811883 -15.339650 0.194999 0.973453 0.119854 -0.132049 -0.095031 0.986677 -0.971874 0.208228 -0.110013
-1.668207 -5.163947 23.972648 -24.803950 0.203708 0.973854 0.100557 -0.095741 -0.082403 0.991990 -0.974339 0.211704 -0.076452
-1.495385 -4.939730 14.502475 -21.635741 0.206614 0.975030 0.081406 -0.173919 -0.045277 0.983719 -0.962841 0.217408 -0.160221
-5.987283 -8.268766 -100.186600 -74.235273 0.291748 0.682486 -0.670146 -0.696283 -0.328830 -0.638013 0.655799 -0.652751 -0.379268
-4.538848 -8.031792 3.250967 66.820683 0.180886 0.557410 -0.810292 0.756984 0.447084 0.476541 0.627898 -0.699578 -0.341079
-4.069724 -7.042161 -2.835360 70.871621 0.033675 0.385898 -0.921927 0.724212 0.626280 0.288600 0.688754 -0.677389 -0.258382
3.866894 -6.486593 -17.546649 24.147418 0.274983 0.816746 -0.507257 0.532971 -0.568605 -0.626602 0.800204 0.098048 0.591659
3.137788 -6.854732 -39.052721 47.058160 0.250404 0.903819 -0.347000 0.495450 -0.427561 -0.756122 0.831761 -0.017415 0.554860
4.375898 -4.880331 -128.307678 37.066241 0.149551 0.976041 -0.158042 0.421465 -0.207519 -0.882781 0.894428 -0.065412 0.442402
25.141366 -4.759495 -1448.560570 249.781612 0.612173 0.397995 -0.683260 -0.566457 0.823623 -0.027767 0.551698 0.404036 0.729647
41.664004 -4.493694 -1980.285247 374.971138 0.584748 0.364987 -0.724468 -0.621077 0.775938 -0.110379 0.521856 0.514494 0.680413
1.309772 -5.808902 -9.030435 -2.088898 -0.180933 -0.841784 0.508590 0.939572 0.004871 0.342317 -0.290634 0.539793 0.790035
-0.481351 -6.378937 -2.786423 25.560339 0.742229 0.583603 -0.329400 -0.188720 0.653667 0.732874 0.643025 -0.481795 0.595308
-0.624279 -7.614587 11.788559 63.887737 0.732168 0.609764 -0.303510 0.100234 -0.537206 -0.837474 0.673709 -0.582749 0.454444
-0.827613 -7.864754 -5.573654 55.563237 0.730838 0.618937 -0.287737 0.116099 -0.528145 -0.841180 0.672604 -0.581361 0.457846
1.939346 -6.524359 -75.030819 18.715246 0.793880 0.589868 -0.147687 -0.300368 0.591584 0.748203 -0.528710 0.549622 -0.646824
0.464616 -7.188828 -23.415652 59.705249 0.816781 0.545332 -0.188368 -0.212585 0.587983 0.780438 -0.536355 0.597403 -0.596182
1.039410 -6.783324 26.204603 -122.847840 -0.807837 -0.568627 0.155125 -0.345339 0.669914 0.657234 -0.477641 0.477367 -0.737550
0.400323 -7.344897 -33.635120 142.578349 0.815206 0.547642 -0.188487 -0.119340 0.477291 0.870604 -0.566743 0.687227 -0.454446
4.079899 -5.953132 -221.032469 -95.060018 0.757467 0.643166 -0.112163 -0.447550 0.636611 0.628033 -0.475334 0.425515 -0.770061
1.067126 -6.780624 3.721644 89.965469 0.838769 0.511065 -0.187827 -0.129638 0.522487 0.842735 -0.528830 0.682510 -0.504499
4.045018 -6.055817 -164.332677 26.598829 0.782930 0.615955 -0.087289 -0.336803 0.537646 0.772982 -0.523053 0.575792 -0.628395
11.424564 -5.745584 -464.636234 -49.023928 0.710063 0.704131 -0.003222 -0.517744 0.525196 0.675359 -0.477233 0.477880 -0.737482
0.252115 -5.979779 22.206112 -38.167256 0.611904 0.661460 -0.433641 -0.646014 0.734300 0.208494 0.456333 0.152560 0.876633
-0.108441 -6.143589 9.274584 -75.523096 0.662984 0.610861 -0.432784 -0.636855 0.764088 0.102885 0.393534 0.207410 0.895607
-0.241647 -5.206295 4.513345 -30.268980 0.630169 0.646393 -0.430190 -0.660867 0.737357 0.139856 0.407605 0.196166 0.891839
-0.396411 -17.260182 3.787751 40.721844 -0.073542 0.996385 0.042516 -0.459026 0.004029 -0.888414 0.885374 0.084852 -0.457071
-0.498747 -16.533630 -16.679218 -179.127245 -0.060465 0.997426 0.038534 -0.216843 0.024557 -0.975898 0.974332 0.067363 -0.214800
-0.495297 -17.261114 -46.936222 -74.447553 -0.022784 0.999040 0.037426 -0.323088 0.028069 -0.945952 0.946095 0.033644 -0.322138
-0.605111 -17.139577 6.752859 -174.867739 -0.084902 0.995903 0.031132 -0.155034 0.017660 -0.987751 0.984254 0.088689 -0.152899
-0.265648 -16.341894 -15.860639 154.539328 -0.061122 0.996779 0.051919 -0.639645 0.000815 -0.768670 0.766236 0.080192 -0.637535
-0.353397 -15.639223 4.591170 224.736489 -0.073796 0.995571 0.058238 -0.717711 -0.012472 -0.696229 0.692420 0.093177 -0.715453
-0.584708 -17.522123 8.946317 105.002087 -0.084592 0.995273 0.047716 -0.521641 -0.003433 -0.853158 0.848961 0.097061 -0.519466
-1.185496 -9.557678 37.838438 -380.987591 0.009521 0.994080 0.108229 -0.971885 0.034663 -0.232889 0.235262 0.102969 -0.966462
4.110083 -2.194150 -44.988165 16.513510 0.355324 0.234373 0.904884 -0.200181 0.964676 -0.171254 -0.913057 -0.120290 0.389689
3.362423 -3.252369 -78.631753 46.241917 0.297679 0.297696 0.907064 -0.287511 0.933980 -0.212175 -0.910343 -0.197630 0.363617
2.357578 -3.638250 -91.397372 45.576226 0.238586 0.347645 0.906763 -0.320743 0.909539 -0.264316 -0.916625 -0.227775 0.328508
3.651983 -2.732673 -32.916188 32.661292 0.360228 0.242103 0.900901 -0.236227 0.957933 -0.162973 -0.902459 -0.154110 0.402265
-3.902967 -6.659296 -5.347339 80.188245 -0.289972 0.884801 -0.364750 0.917917 0.149276 -0.367622 -0.270824 -0.441410 -0.855460
-3.569100 -27.098263 145.766733 1092.607953 0.955521 -0.207106 -0.209970 0.078760 0.865282 -0.495060 -0.284213 -0.456503 -0.843106
-6.449269 -26.802717 274.686641 1182.247733 0.941916 -0.158283 -0.296209 -0.013514 0.863400 -0.504339 -0.335575 -0.479048 -0.811112
88.365703 -4.738807 3615.153383 -74.559204 0.458572 -0.449095 0.766828 0.744983 -0.276155 -0.607239 0.484472 0.849736 0.207931
37.082255 0.398479 658.721569 -150.213418 0.557872 -0.165614 0.813235 0.772756 -0.253737 -0.581778 0.302698 0.952990 -0.013573
60.795793 -1.801111 -1502.048229 -26.874601 0.533517 0.237197 0.811848 0.826211 -0.351493 -0.440260 0.180930 0.905644 -0.383502
81.442521 -2.477323 1794.227486 5.237142 0.536678 -0.123844 0.834649 0.723330 -0.441812 -0.530656 0.434477 0.888518 -0.147530
430.430331 -26.640849 -19777.400536 -1047.587846 0.452999 0.688054 0.566899 0.882395 -0.255340 -0.395197 -0.127165 0.679252 -0.722804
93.932037 -5.168492 -4295.296057 -128.429097 0.575252 0.636701 0.513514 0.790706 -0.272090 -0.548408 -0.209450 0.721512 -0.659963
-0.814905 -9.973635 -1.492095 -204.450079 -0.065408 0.997826 -0.008020 0.396975 0.018646 -0.917640 0.915496 0.063204 0.397332
-0.801577 -10.615350 23.093492 -245.739573 -0.094181 0.995279 -0.023447 0.376232 0.013777 -0.926423 0.921726 0.096073 0.375753
-0.754544 -9.488434 -2.131484 -95.845543 -0.073126 0.996192 -0.047488 0.461489 -0.008412 -0.887106 0.884127 0.086785 0.459117
-0.605576 -10.824782 -12.920748 -336.150606 -0.064618 0.997514 -0.028125 0.403653 0.000353 -0.914912 0.912627 0.070472 0.402673
-0.724752 -13.537430 7.170521 -241.162576 -0.079163 0.996825 0.008572 0.140375 0.019660 -0.989903 0.986929 0.077160 0.141485
1.492573 -11.659630 26.191195 -49.394681 -0.011840 0.936475 -0.350534 0.353085 -0.324061 -0.877676 0.935516 0.134160 0.326818
1.732573 -12.185140 -20.490290 -74.678453 0.051948 0.943392 -0.327586 0.334106 -0.325544 -0.884530 0.941103 0.063499 0.332105
1.705710 -11.715739 14.974537 -15.624023 0.024186 0.935030 -0.353743 0.505224 -0.316767 -0.802750 0.862649 0.159304 0.480061
-1.051896 -20.610537 -11.058367 217.480198 0.770529 0.634738 -0.058243 -0.053920 0.155956 0.986291 -0.635120 0.756826 -0.154393
-1.121825 -22.673961 -14.257093 137.619421 0.754522 0.655324 -0.035318 -0.217167 0.300099 0.928859 -0.619302 0.693175 -0.368746
-2.922816 -9.687566 -62.921213 217.549579 0.368862 0.920896 -0.126059 0.790210 -0.239285 0.564190 -0.489397 0.307722 0.815965
-1.843850 -11.460332 41.309176 -347.204236 0.538563 0.834784 -0.114397 0.764436 -0.426983 0.483036 -0.354385 0.347594 0.868096
-1.576554 -8.932684 -52.839399 -252.806913 -0.536281 -0.833197 0.134856 0.768304 -0.415740 0.486691 -0.349444 0.364613 0.863102
-2.795815 -5.302812 130.184576 12.462863 0.240821 0.311332 -0.919281 0.286167 0.882274 0.373765 0.927423 -0.353078 0.123377
