12102
24188
-5.529930 -7.459401 33.112597 127.952498 -0.153759 0.986513 -0.056125 -0.426214 -0.117460 -0.896964 0.891459 0.113995 -0.438526
-6.557265 -8.638818 29.064721 113.970686 -0.269253 0.940941 -0.205265 -0.276573 -0.279705 -0.919387 0.922502 0.190777 -0.335551
-7.113367 -10.769691 -31.036000 273.375958 0.033198 0.882584 0.468980 -0.356713 0.448798 -0.819351 0.933624 0.140090 -0.329729
-4.915588 -7.426758 -6.210436 69.669267 -0.391431 0.767960 -0.506971 -0.241622 -0.617375 -0.748643 0.887919 0.170547 -0.427216
-4.107701 -10.040088 -123.151337 341.957869 0.104737 0.948862 0.297811 -0.439790 0.312777 -0.841876 0.891973 0.042799 -0.450059
-3.968589 -6.514708 -72.589334 129.844475 -0.017466 0.997553 0.067700 -0.519753 0.048784 -0.852922 0.854138 0.050084 -0.517629
-4.276608 -6.316821 -2.908674 62.683606 -0.382667 0.772980 -0.506031 -0.331943 -0.626178 -0.705489 0.862195 0.101994 -0.496203
-6.580210 -9.510463 -8.978845 30.889947 0.390976 0.855713 0.338959 -0.735649 0.069211 0.673818 -0.553135 0.512801 -0.656564
-6.963654 -9.649146 -24.944656 -8.338075 0.424573 0.822818 0.377768 0.819607 -0.172012 -0.546494 -0.384684 0.541648 -0.747419
-6.481607 -9.724577 0.139958 -13.411530 0.405279 0.871207 0.277033 0.798994 -0.190294 -0.570435 -0.444249 0.452533 -0.773212
-6.382937 -9.668835 5.143828 31.774241 0.353819 0.899043 0.257941 -0.728388 0.091854 0.678980 -0.586739 0.428117 -0.687352
-6.354088 -9.358224 2.926779 37.356864 0.333547 0.893990 0.299211 -0.645686 -0.014620 0.763463 -0.686903 0.447848 -0.572360
-6.575560 -9.152573 -21.343359 28.521374 0.382748 0.851467 0.358481 -0.657568 -0.021476 0.753089 -0.648929 0.523969 -0.551678
-6.949811 -9.280856 -24.949705 -19.629419 0.396780 0.792850 0.462552 0.727004 0.036200 -0.685678 -0.560384 0.608341 -0.562041
-6.214333 -11.380280 395.766619 188.355137 -0.226551 0.970951 0.076999 -0.928216 -0.191273 -0.319107 0.295109 0.143766 -0.944586
-7.516033 -17.261062 -3.277753 531.356146 -0.089896 0.982525 -0.162981 -0.951249 -0.133180 -0.278188 0.295033 -0.130027 -0.946598
-8.269014 -48.487295 48.460874 2282.386790 0.038061 0.995963 -0.081299 -0.949666 0.061368 0.307194 -0.310943 -0.065515 -0.948168
-17.851170 -39.062538 -547.413617 -1822.043074 0.053690 0.957672 -0.282810 -0.643505 -0.183382 -0.743150 0.763557 -0.221889 -0.606421
-7.764877 -27.388353 297.751182 -1888.486031 0.281228 0.930656 0.234073 0.958429 -0.260133 -0.117239 -0.048219 0.257313 -0.965124
-0.046619 -7.178783 -12.076815 -3.033640 -0.047910 0.960121 -0.275450 -0.847857 0.106697 0.519379 -0.528056 -0.258426 -0.808933
0.217775 -7.091356 -19.079389 -10.576536 -0.055306 0.962225 -0.266580 -0.820993 0.108126 0.560607 -0.568254 -0.249865 -0.783999
-0.108008 -7.210572 -0.561974 5.879100 -0.037776 0.963750 -0.264120 -0.765041 0.142146 0.628098 -0.642873 -0.225790 -0.731938
-0.120542 -7.374047 10.645349 19.332070 -0.037646 0.964777 -0.260361 -0.803344 0.125740 0.582090 -0.594324 -0.231073 -0.770314
5.103551 -7.836641 22.003431 -11.563411 -0.231725 0.966611 0.109393 0.144691 -0.076955 0.986480 -0.961960 -0.244420 0.122028
4.559572 -7.689069 19.102347 -8.007014 -0.265898 0.951929 0.152081 0.023512 -0.151309 0.988207 -0.963714 -0.266338 -0.017851
4.022009 -7.638657 64.077243 -5.869057 -0.150394 0.985696 0.076055 0.025854 -0.072983 0.996998 -0.988288 -0.151909 0.014508
4.019352 -7.820214 92.528434 -2.405008 -0.099576 0.994261 0.039104 0.193506 -0.019199 0.980911 -0.976033 -0.105242 0.190484
3.208815 -7.873566 97.811461 24.615722 -0.046932 0.998845 0.010328 0.094161 -0.005870 0.995540 -0.994450 -0.047696 0.093777
-5.174077 -7.531191 55.276815 85.224718 -0.272321 0.688336 -0.672335 0.182124 0.722986 0.666425 0.944813 0.059033 -0.322246
-5.089118 -6.145497 50.328714 -63.649873 -0.231590 0.728355 -0.644876 -0.074606 -0.674243 -0.734732 0.969948 0.122045 -0.210488
-5.057226 -7.011649 -12.149384 -58.733231 -0.156535 0.735913 -0.658732 -0.194328 -0.676865 -0.709993 0.968366 -0.016872 -0.248962
-5.005085 -7.950704 -27.191237 -59.991603 -0.147765 0.755513 -0.638252 -0.319756 -0.647172 -0.692044 0.935907 -0.101826 -0.337209
1.518058 -9.407669 16.721051 -39.065556 0.189134 0.969312 -0.157042 -0.947783 0.222025 0.228939 -0.256781 -0.105542 -0.960690
1.475292 -8.879616 -18.539967 -93.172790 0.144604 0.972961 -0.180101 -0.930083 0.195769 0.310838 -0.337691 -0.122561 -0.933244
1.531056 -7.941789 -21.825266 48.680613 0.218143 0.952797 -0.211166 -0.940177 0.263196 0.216322 -0.261689 -0.151344 -0.953212
1.408914 -8.884454 -6.497805 96.138689 0.214636 0.955031 -0.204568 -0.960890 0.244005 0.130965 -0.174991 -0.168458 -0.970052
-0.629462 -20.296050 -31.539494 117.665014 0.159480 0.970992 -0.178157 -0.612607 -0.044176 -0.789152 0.774131 -0.234995 -0.587791
-0.613782 -19.426346 -18.008238 -110.523919 0.165813 0.974313 -0.152380 -0.402382 -0.074226 -0.912458 0.900330 -0.212612 -0.379738
-0.439124 -19.595545 -10.709083 -279.274078 0.157402 0.973331 -0.166889 -0.277033 -0.118689 -0.953502 0.947881 -0.196316 -0.250963
0.429146 -18.473533 60.457515 -118.401046 0.136157 0.988276 -0.069077 -0.302379 -0.024942 -0.952861 0.943413 -0.150626 -0.295438
1.062384 -18.564673 20.697571 -111.896650 0.199873 0.978498 -0.050916 -0.290944 0.009648 -0.956691 0.935629 -0.206031 -0.286617
1.088895 -16.115461 44.920467 -277.691791 0.153702 0.985234 -0.075431 0.003903 -0.076942 -0.997028 0.988110 -0.152951 0.015671
1.017050 -6.892718 46.955979 -30.432562 0.150392 0.965892 0.210795 0.214488 0.176263 -0.960691 0.965079 -0.189693 0.180664
1.473433 -7.060822 45.501349 -25.884592 0.175841 0.945454 0.274219 0.181195 0.242715 -0.953026 0.967599 -0.217268 0.128632
1.827772 -6.778667 56.052112 -8.423633 0.177560 0.955278 0.236467 0.313864 0.172767 -0.933617 0.932717 -0.239992 0.269151
1.542784 -6.813372 53.354289 23.448909 0.194499 0.967346 0.162516 0.416247 0.068627 -0.906658 0.888205 -0.243990 0.389307
1.250690 -6.577505 47.975953 -8.977221 0.154148 0.969752 0.189258 0.323851 0.131377 -0.936942 0.933466 -0.205719 0.293804
0.081277 -10.445399 44.356828 239.229073 0.145105 0.961381 -0.233861 0.417516 -0.273783 -0.866443 0.897009 -0.028084 0.441119
-0.496984 -10.414915 22.046367 194.847633 0.145087 0.967413 -0.207513 0.381523 -0.248214 -0.890410 0.912902 -0.050016 0.405103
0.352370 -8.444099 35.044391 79.026606 0.153296 0.962243 -0.224918 0.324921 -0.264035 -0.908137 0.933235 -0.066133 0.353128
0.810534 -9.614659 48.632719 170.463186 0.161260 0.955875 -0.245558 0.403958 -0.290947 -0.867276 0.900452 -0.040662 0.433051
-1.170053 -18.207144 29.130503 -186.327773 0.146249 0.988878 0.027030 0.923156 -0.146247 0.355519 -0.355518 0.027041 0.934278
-0.462710 -15.606525 1.903293 -268.133936 0.154761 0.986292 0.057238 0.788231 -0.158196 0.594698 -0.595601 0.046920 0.801909
-0.412302 -16.712642 -51.733669 -218.543314 0.168046 0.980070 0.105941 0.875896 -0.197758 0.440112 -0.452291 -0.018834 0.891672
-3.547221 -23.407721 101.193995 -235.457841 0.109379 0.956390 0.270841 -0.058188 -0.265848 0.962257 -0.992296 0.121010 -0.026572
-2.639935 -21.274640 90.782157 -462.407101 0.117728 0.948864 0.292912 -0.382926 -0.228775 0.895003 -0.916247 0.217530 -0.336411
-3.576641 -23.123625 19.665670 -367.999602 0.015000 0.956926 0.289945 -0.174558 -0.283018 0.943096 -0.984533 0.064759 -0.162794
-4.134750 -24.137609 -6.847282 90.426075 -0.005389 0.956173 0.292754 0.221995 -0.284309 0.932677 -0.975033 -0.070016 0.210734
-2.244978 -5.755243 85.164069 12.087764 0.087801 0.990451 0.106291 -0.831883 0.014208 0.554769 -0.547961 0.137131 -0.825187
-0.931835 -6.314235 144.051381 14.091850 0.068700 0.983295 0.168554 -0.884353 -0.018173 0.466465 -0.461736 0.181107 -0.868332
-2.256115 -5.907188 82.287550 20.055482 -0.037514 0.984234 0.172849 -0.888460 -0.112026 0.445072 -0.457418 0.136873 -0.878655
-2.706845 -5.490265 -5.066427 23.510882 -0.106326 0.985085 0.135286 -0.866025 -0.158597 0.474180 -0.488564 0.066744 -0.869972
5.797869 -53.056674 153.499401 570.382740 0.284925 -0.900962 -0.327239 0.944980 0.321257 -0.061703 0.160720 -0.291654 0.942925
3.104445 -71.510249 208.309878 3000.612617 0.313222 -0.871884 -0.376444 0.946827 0.255999 0.194891 -0.073553 -0.417472 0.905708
6.416791 -51.737414 114.232621 933.499618 0.242601 -0.904847 -0.349852 0.945120 0.139093 0.295637 -0.218844 -0.402374 0.888933
8.845552 -74.940716 116.890800 1181.651506 0.217940 -0.945270 -0.242832 0.975722 0.205508 0.075724 -0.021676 -0.253440 0.967108
-0.737464 -21.499663 76.520811 -48.562102 -0.264500 0.956856 0.120274 -0.714545 -0.110690 -0.690777 0.647661 0.268652 -0.712995
-1.408475 -26.451794 156.849130 508.457748 -0.401864 0.913242 -0.067042 -0.455814 -0.263001 -0.850332 0.794191 0.311159 -0.521959
-3.619136 -17.249812 149.344414 -121.635258 -0.258287 0.955170 0.144704 -0.640899 -0.057338 -0.765481 0.722867 0.290454 -0.626977
-4.651583 -26.851829 262.702065 978.775790 -0.419282 0.901804 -0.104652 -0.404582 -0.288799 -0.867703 0.812721 0.321472 -0.485942
-0.444771 -35.642957 -536.484993 1693.976153 -0.483164 -0.286132 -0.827455 -0.353149 0.928490 -0.114860 0.801148 0.236719 -0.549660
-0.356632 -3.141742 -59.681166 -46.291887 0.240343 -0.646400 -0.724156 -0.076731 0.731038 -0.678009 0.967651 0.218520 0.126101
-1.049795 -4.110467 43.132723 -9.290926 -0.239503 0.807224 0.539469 -0.104595 0.530955 -0.840920 0.965245 0.257829 0.042734
-0.183779 -2.934041 19.759397 -41.700211 -0.230931 0.722570 0.651586 -0.109448 0.646145 -0.755326 0.966795 0.245743 0.070131
0.603296 -1.984136 -65.810693 -21.903690 0.202898 -0.365823 -0.908298 -0.122270 0.910868 -0.394170 0.971536 0.191034 0.140084
0.019253 -2.749895 -1.268418 -48.508275 -0.214946 0.728792 0.650123 -0.133163 0.637595 -0.758775 0.967505 0.249668 0.040001
0.247179 -1.786531 -19.061151 -43.684150 0.173084 -0.451940 -0.875096 -0.133857 0.869468 -0.475509 0.975768 0.199441 0.089995
-2.361616 -7.316729 -11.620274 -33.399005 -0.338027 0.875763 0.344639 -0.298700 -0.447093 0.843141 -0.892478 -0.182060 -0.412720
-1.658090 -7.020227 -30.637597 -49.970407 -0.387140 0.844410 0.370262 -0.353848 -0.506895 0.786034 -0.851419 -0.173288 -0.495032
-2.250400 -7.874045 -34.633519 -33.920032 -0.390580 0.829226 0.399789 -0.191890 -0.498082 0.845631 -0.900347 -0.253571 -0.353661
1.143900 -36.573826 -4.900437 719.364433 0.025055 0.998509 -0.048497 0.990541 -0.018250 0.135997 -0.134910 0.051446 0.989521
0.582706 -33.684144 -16.850892 383.952710 0.021994 0.999080 -0.036803 0.962971 -0.011276 0.269368 -0.268706 0.041365 0.962334
0.127332 -40.704502 -24.435450 356.797334 -0.009240 0.993460 -0.113807 0.831692 0.070822 0.550702 -0.555161 0.089564 0.826907
0.474148 -51.333261 -18.762757 1431.590800 -0.026531 0.995664 -0.089157 0.911136 0.060778 0.407600 -0.411252 0.070420 0.908797
-5.574771 -92.806855 -179.465934 3611.247860 0.908871 0.078349 -0.409652 -0.370274 -0.300494 -0.878977 0.191964 -0.950560 0.244100
-1.698984 -228.808111 -72.274225 11810.137023 0.819780 -0.037655 -0.571440 -0.356350 -0.814665 -0.457533 0.448303 -0.578709 0.681264
-4.777167 -60.690869 22.275243 2359.694987 0.883060 0.007166 -0.469206 -0.417152 -0.445955 -0.791902 0.214920 -0.895027 0.390816
-7.305102 -123.307578 -193.959629 5392.328056 0.906172 -0.017890 -0.422530 -0.420420 -0.146348 -0.895449 0.045817 -0.989071 0.140138
-3.684384 -100.058234 25.135898 4899.916222 0.814284 0.015800 -0.580252 -0.576249 -0.098282 -0.811343 0.069847 -0.995033 0.070925
-0.246385 -3.855625 32.463703 26.987950 0.191198 0.133062 0.972490 0.091577 0.984029 -0.152646 -0.977270 0.118244 0.175959
0.092065 -3.605178 3.236238 24.505143 0.173911 0.067894 0.982418 0.126301 0.987844 -0.090627 -0.976628 0.139842 0.163222
-0.151806 -3.403207 16.571343 23.863460 0.190207 0.133481 0.972627 0.145804 0.975886 -0.162442 -0.970857 0.172710 0.166158
0.311523 -4.094385 9.384936 27.543899 0.174104 0.059261 0.982943 0.060151 0.995684 -0.070684 -0.982888 0.071431 0.169787
17.291247 -16.007113 -109.460631 155.685138 -0.583853 -0.709313 0.394956 0.784051 -0.366401 0.501013 -0.210663 0.602184 0.770062
17.618075 -14.428465 -352.218432 34.186631 0.487836 0.869715 -0.074914 0.763871 -0.383774 0.518863 -0.422513 0.310345 0.851569
15.613894 -14.506813 -102.430104 18.734401 0.500196 0.845725 -0.185885 0.700463 -0.268986 0.661058 -0.509073 0.460864 0.726945
12.484963 -13.102538 -174.657827 26.810730 0.374699 0.926283 -0.039997 0.594601 -0.206980 0.776922 -0.711372 0.314894 0.628325
13.375870 -13.923994 -7.286233 -62.842210 0.506785 0.825854 -0.247254 0.585391 -0.119126 0.801952 -0.632841 0.551157 0.543818
14.250742 -14.978188 -179.144293 -34.471393 -0.597678 -0.675126 0.432419 0.701353 -0.178961 0.689983 -0.388440 0.715666 0.580463
-3.060936 -4.059957 -53.292724 -1.460895 0.353133 0.929515 -0.106293 0.034178 0.100720 0.994328 -0.934948 0.354763 -0.003798
-3.135707 -4.260001 31.249870 -29.903700 0.361700 0.674864 -0.643220 0.242485 0.598087 0.763867 -0.900208 0.432262 -0.052683
-2.709248 -3.759357 -1.356410 -32.163147 0.381731 0.818090 -0.430128 0.068808 0.438924 0.895886 -0.921709 0.371583 -0.111260
-2.326257 -4.012897 -39.285878 -21.866706 0.332071 0.942202 -0.044543 -0.049370 0.064520 0.996694 -0.941961 0.328774 -0.067941
-2.324052 -4.415423 -46.804295 6.880322 0.324634 0.931489 0.164140 -0.001865 -0.172908 0.984936 -0.945838 0.320050 0.054394
-3.430365 -4.013311 -74.159835 15.731862 0.356478 0.866548 0.349312 -0.028427 -0.363642 0.931105 -0.933871 0.341848 0.104996
-0.312046 -7.066761 -4.428118 3.970138 0.198120 -0.976302 -0.087082 0.975272 0.187471 0.117039 -0.097940 -0.108117 0.989302
-0.356630 -7.099738 4.110536 -7.495887 0.212085 -0.973122 -0.089742 0.973378 0.202185 0.107964 -0.086917 -0.110251 0.990096
-0.254772 -7.290332 1.341606 10.306057 -0.203273 0.975569 0.083337 0.960134 0.181927 0.212237 -0.191890 -0.123157 0.973658
-0.227576 -7.260072 -3.897151 26.336630 -0.183533 0.978521 0.093875 0.963477 0.160118 0.214650 -0.195009 -0.129842 0.972169
-0.235282 -7.095646 3.931721 11.285646 -0.180100 0.979074 0.094750 0.968103 0.159373 0.193331 -0.174185 -0.126547 0.976548
-0.310807 -6.894647 -6.668980 -4.391382 0.203332 -0.975227 -0.087116 0.975873 0.194627 0.098960 -0.079553 -0.105136 0.991271
1.798312 -12.364855 -16.676437 31.808549 -0.304195 0.952580 -0.007542 -0.377060 -0.113131 0.919254 -0.874809 -0.282476 -0.393593
1.741964 -11.795086 -17.252764 63.652380 -0.314116 0.949370 0.005296 -0.214734 -0.076480 0.973674 -0.924781 -0.304709 -0.227885
1.391046 -12.131484 -6.918066 17.572270 -0.317293 0.948297 -0.007569 -0.393423 -0.124366 0.910907 -0.862869 -0.292002 -0.412543
1.553106 -12.612320 -7.700811 3.498082 -0.296147 0.954921 -0.020588 -0.512949 -0.140823 0.846789 -0.805717 -0.261334 -0.531530
0.305871 -24.136688 -1.305918 -172.243891 0.345022 0.920642 -0.182698 -0.919530 0.370582 0.130894 -0.188211 -0.122835 -0.974417
0.545723 -24.627223 -12.617050 16.681089 0.335426 0.923230 -0.187448 -0.847884 0.382576 0.367054 -0.410588 -0.035814 -0.911117
0.386887 -24.277887 -3.776459 35.401425 0.325292 0.929896 -0.171691 -0.810156 0.367701 0.456556 -0.487681 0.009417 -0.872971
0.510203 -24.065869 -9.092764 65.497983 0.318294 0.934315 -0.160450 -0.705595 0.346523 0.618108 -0.633107 0.083527 -0.769545
0.550380 -22.954262 -15.932309 158.619473 0.288946 0.944172 -0.158271 -0.585648 0.305108 0.750950 -0.757315 0.124293 -0.641112
0.384444 -23.285197 -21.953270 134.794887 0.299963 0.934546 -0.191430 -0.753403 0.355175 0.553385 -0.585155 0.021771 -0.810629
-1.911466 -11.992864 16.141762 -48.334379 0.456509 0.884774 -0.093670 0.796612 -0.453352 -0.399852 0.396244 -0.107917 0.911781
-1.591392 -13.087232 25.752472 -120.134291 0.452641 0.882169 -0.129980 0.727306 -0.449585 -0.518556 0.515891 -0.140184 0.845107
-1.729146 -11.808281 12.099180 -23.368769 0.454693 0.882361 -0.121214 0.808215 -0.465954 -0.360105 0.374223 -0.065770 0.925003
-0.081120 -18.956431 0.703622 100.189941 0.519874 -0.595837 0.612135 0.379110 0.803075 0.459723 -0.765511 -0.006931 0.643386
-0.078908 -23.623623 18.207239 338.660511 0.545657 -0.560195 0.623249 0.099187 0.781672 0.615752 -0.832118 -0.274172 0.482089
-0.101646 -18.983282 6.692767 69.805485 0.531574 -0.590615 0.607126 0.302799 0.801927 0.515001 -0.791038 -0.089924 0.605122
-0.893958 -14.321042 -31.244104 -43.758676 0.236575 0.971050 0.033078 0.390842 -0.126278 0.911755 -0.889537 0.202770 0.409401
-0.698549 -15.046017 -16.973898 -41.530486 0.257863 0.964532 0.056431 0.554250 -0.195511 0.809063 -0.791400 0.177350 0.585007
-1.095874 -14.753313 -24.159035 -29.502479 0.273429 0.960124 0.058293 0.602994 -0.218309 0.767294 -0.749423 0.174650 0.638641
-0.457609 -14.999939 -6.987487 -61.746847 0.250040 0.967837 0.027769 0.337083 -0.113899 0.934560 -0.907665 0.224317 0.354721
-0.759172 -14.414656 -41.807119 -20.824719 0.211678 0.977311 -0.007401 0.142943 -0.023467 0.989453 -0.966830 0.210503 0.144667
0.959646 -26.715149 20.151091 -52.208866 0.459434 0.835379 -0.301764 -0.766864 0.544491 0.339778 -0.448151 -0.075306 -0.890780
0.815452 -29.763785 25.492268 -494.121054 0.518313 0.784841 -0.339670 -0.586465 0.615283 0.526769 -0.622423 0.073827 -0.779191
1.151028 -31.350685 23.248777 -397.898772 0.506946 0.787873 -0.349659 -0.539681 0.606412 0.583960 -0.672123 0.107332 -0.732619
0.948123 -36.879048 17.643645 -223.417152 0.464698 0.813291 -0.350162 -0.642717 0.581820 0.498398 -0.609074 0.006549 -0.793087
-5.840833 -12.221340 72.913689 113.122023 0.126117 -0.457789 0.880070 0.794337 -0.484825 -0.366024 0.594242 0.745234 0.302494
-5.812056 -12.483535 -17.741883 146.301385 0.193693 -0.336062 0.921708 0.817706 -0.463804 -0.340945 0.542070 0.819724 0.184964
-6.107951 -13.635684 38.376408 50.614470 0.181712 -0.429259 0.884713 0.906824 -0.274824 -0.319597 0.380330 0.860354 0.339324
-5.430208 -13.538385 85.334238 75.279229 0.101331 -0.520164 0.848034 0.868850 -0.368945 -0.330121 0.484594 0.770266 0.414559
-5.749541 -14.502997 53.445444 -0.066409 0.139236 -0.505332 0.851618 0.966284 -0.118762 -0.228455 0.216585 0.854713 0.471758
14.540367 -16.817522 -560.344348 -953.440909 0.615201 0.729144 0.299795 -0.608160 0.680902 -0.408062 0.501667 -0.068717 -0.862327
22.209691 -104.519207 -1239.759972 -4722.584538 0.438031 0.895532 0.078429 -0.834008 0.437393 -0.336331 0.335499 -0.081913 -0.938472
-1.757798 -14.106843 262.781455 -506.999355 -0.736958 -0.643153 -0.207960 -0.541082 0.745709 -0.388777 0.405121 -0.173989 -0.897555
4.365490 -5.109139 -221.755620 -309.921574 0.639240 0.749905 0.170338 -0.643661 0.642960 -0.415094 0.420802 -0.155705 -0.893690
4.858264 -9.012718 108.890170 -497.503671 0.549465 0.756497 0.354684 -0.603730 0.652940 -0.457362 0.577580 -0.037171 -0.815487
0.454215 -2.243618 57.945248 26.095446 -0.309511 0.873159 -0.376557 0.183520 -0.333706 -0.924641 0.933018 0.355292 0.056956
4.037959 -2.913729 178.932407 27.688511 -0.353163 0.916317 -0.188782 0.099974 -0.163667 -0.981437 0.930205 0.365480 0.033807
2.705312 -3.117839 133.636794 37.495166 -0.299929 0.863730 -0.404984 0.233251 -0.345245 -0.909066 0.925006 0.367118 0.097917
0.145793 -6.943203 -55.738067 -39.852804 -0.075620 0.967662 0.240647 0.645299 -0.136496 0.751637 -0.760178 -0.212128 0.614110
0.005582 -6.054739 -44.900675 -62.685550 -0.083704 0.973700 0.211903 0.540255 -0.134342 0.830709 -0.837328 -0.184015 0.514801
0.334933 -6.738997 4.991900 -39.766266 -0.048704 0.975972 0.212383 0.626910 -0.135664 0.767189 -0.777568 -0.170511 0.605239
-0.908904 -5.490099 -48.783651 29.394948 -0.643697 0.750033 -0.152005 0.645917 0.638996 0.417702 -0.410421 -0.170691 0.895779
-1.213527 -5.774729 -58.929475 39.666880 -0.666034 0.722587 -0.185113 0.594400 0.664069 0.453542 -0.450652 -0.192043 0.871798
-0.363615 -6.196600 -67.561383 36.202412 -0.652434 0.745657 -0.135371 0.597506 0.616002 0.513351 -0.466173 -0.254042 0.847435
-1.702474 -5.030459 -33.467714 42.314529 -0.625710 0.753487 -0.201854 0.663159 0.650079 0.370967 -0.410740 -0.098257 0.906443
0.600874 -9.701595 31.030227 11.832436 -0.262072 0.961372 -0.084155 -0.161500 0.042282 0.985966 -0.951439 -0.271986 -0.144181
-0.119753 -10.058323 31.678285 5.567266 -0.250787 0.962748 -0.101103 -0.193427 0.052498 0.979709 -0.948521 -0.265254 -0.173055
0.136210 -9.814773 34.510121 34.270832 -0.254962 0.964356 -0.070799 0.017404 0.077783 0.996818 -0.966795 -0.252918 0.036615
0.063157 -9.876974 17.488983 -11.360436 -0.258521 0.958791 -0.117840 -0.369890 0.014440 0.928963 -0.892384 -0.283745 -0.350914
5.235991 -284.685191 -326.313520 13775.217588 0.919745 -0.260377 0.293722 0.286554 -0.065979 -0.955789 -0.268245 -0.963250 -0.013928
7.331206 -136.705061 328.015049 6162.509191 0.969312 -0.238857 0.058157 0.045422 -0.058480 -0.997255 -0.241602 -0.969292 0.045836
1.551730 -23.162764 76.423240 223.691042 0.969438 -0.190447 0.154662 0.180863 0.128827 -0.975034 -0.165768 -0.973208 -0.159334
2.032450 -20.055310 -14.003691 324.079314 0.943158 -0.277377 0.183073 0.223732 0.122574 -0.966912 -0.245759 -0.952910 -0.177664
-8.078298 -10.617582 85.378032 119.845621 -0.182567 0.971665 0.150125 -0.213748 0.109814 -0.970697 0.959678 0.209306 -0.187643
-6.449338 -9.640630 -22.911951 98.745880 -0.318490 0.923201 -0.215091 -0.149827 -0.273081 -0.950252 0.936011 0.270419 -0.225294
-5.609567 -8.214937 -26.675677 63.658313 -0.428724 0.762540 -0.484488 -0.147934 -0.588288 -0.795005 0.891241 0.269166 -0.365019
-6.858742 -9.570531 -23.309553 19.513980 0.440762 0.832973 0.334492 0.855300 -0.276654 -0.438092 -0.272381 0.479185 -0.834380
-7.434678 -9.440504 -52.840973 14.485899 0.453206 0.780740 0.430175 0.864581 -0.267500 -0.425375 -0.217035 0.564703 -0.796245
-7.711435 -9.516413 -43.710063 -11.647799 0.406302 0.756706 0.512167 0.857769 -0.122706 -0.499175 -0.314882 0.642136 -0.698935
-5.778521 -15.512995 -273.355043 -548.148542 -0.186631 0.891461 -0.412875 0.950488 0.270136 0.153618 0.248477 -0.363763 -0.897739
0.322534 -6.938969 -18.758114 -15.239801 -0.069076 0.964450 -0.255077 -0.890918 0.055410 0.450771 -0.448880 -0.258390 -0.855419
0.509255 -6.904673 -27.708920 -12.869771 -0.084395 0.962598 -0.257453 -0.865698 0.057106 0.497298 -0.493400 -0.264846 -0.828500
0.331159 -7.070803 -20.346397 -5.549555 -0.065235 0.963387 -0.260057 -0.782097 0.112493 0.612919 -0.619733 -0.243374 -0.746124
-0.142033 -3.184310 -86.801832 38.306409 0.393872 0.901473 0.179475 -0.615210 0.403623 -0.677204 0.682922 -0.156317 -0.713571
-0.863041 -4.146630 -91.138518 57.399569 0.349235 0.929315 0.120035 -0.605123 0.321481 -0.728338 0.715444 -0.181725 -0.674623
0.441024 -3.862345 -95.612539 39.481790 0.373163 0.917037 0.140686 -0.580552 0.349089 -0.735593 0.723678 -0.192820 -0.662654
-0.515470 -4.826909 -101.715868 57.206545 0.308428 0.950241 0.043746 -0.576190 0.223215 -0.786244 0.756886 -0.217294 -0.616365
1.438091 -3.193741 -75.634667 15.421082 0.390820 0.896783 0.207458 -0.589012 0.416850 -0.692315 0.707336 -0.148375 -0.691130
1.845596 -3.456739 -44.806784 11.593453 0.339612 0.923282 0.179482 -0.557865 0.351364 -0.751884 0.757265 -0.155222 -0.634394
0.945707 -4.214481 -91.812343 38.451277 0.329641 0.940155 0.086285 -0.557314 0.267546 -0.786015 0.762061 -0.211015 -0.612156
-0.309714 -7.200918 1.048957 9.222074 -0.076820 0.993945 -0.078564 -0.841704 -0.022412 0.539474 -0.534447 -0.107570 -0.838329
-0.156548 -7.404509 1.127137 -27.307034 -0.066449 0.994513 -0.080798 -0.801126 -0.004905 0.598476 -0.594796 -0.104498 -0.797056
-0.369902 -7.355375 5.509195 4.217629 -0.087952 0.994722 -0.052840 -0.833819 -0.044496 0.550242 -0.544987 -0.092454 -0.833332
-0.187915 -7.338990 -5.807719 -23.277534 -0.049281 0.992966 -0.107654 -0.787063 0.027750 0.616249 -0.614902 -0.115100 -0.780159
-0.401497 -7.105060 0.944925 -1.881026 -0.050715 0.993078 -0.105943 -0.833706 0.016308 0.551968 -0.549875 -0.116319 -0.827108
1.500166 -10.624295 20.713188 -128.065813 0.126290 0.984973 -0.117813 -0.918982 0.160887 0.359982 -0.373527 -0.062806 -0.925491
1.464876 -9.946679 -14.237999 -167.807781 0.075261 0.987660 -0.137342 -0.896355 0.127354 0.424651 -0.436902 -0.091148 -0.894879
1.266203 -8.919002 -39.461052 -108.195553 0.075358 0.979941 -0.184492 -0.906210 0.144500 0.397369 -0.416057 -0.137244 -0.898922
-0.510210 -20.929655 12.059389 261.365892 0.148023 0.970474 -0.190443 -0.786348 -0.001293 -0.617782 0.599788 -0.241201 -0.762939
-0.553582 -17.396646 7.334233 222.395270 0.129175 0.973800 -0.187157 -0.926828 0.051460 -0.371943 0.352567 -0.221508 -0.909192
-0.625616 -20.822659 -9.469558 291.482937 0.148865 0.973262 -0.174930 -0.806466 0.017123 -0.591033 0.572235 -0.229059 -0.787451
1.022467 -8.268216 94.927500 123.726421 -0.439576 -0.554895 -0.706303 -0.059116 0.802518 -0.593692 0.896258 -0.219219 -0.385571
1.819908 -10.242478 179.172500 77.594378 -0.482877 -0.556168 -0.676393 0.111686 0.726990 -0.677504 0.868537 -0.402695 -0.288930
2.962389 -9.033472 -15.956624 77.246352 -0.371919 -0.613052 -0.697025 0.032989 0.741686 -0.669936 0.927679 -0.272156 -0.255623
-1.290548 -10.096198 292.606921 95.463215 -0.546654 -0.509649 -0.664401 0.057429 0.768761 -0.636953 0.835387 -0.386348 -0.390977
2.305979 -7.308012 -33.324353 107.783893 -0.346363 -0.609201 -0.713377 -0.093834 0.779133 -0.619796 0.933396 -0.147735 -0.327026
2.117341 -5.972616 -18.074353 128.712397 -0.371538 -0.559449 -0.740929 -0.176580 0.826070 -0.535190 0.911471 -0.068011 -0.405704
0.847462 -5.581172 97.240432 153.243322 -0.451779 -0.495384 -0.741950 -0.185563 0.865652 -0.464987 0.872618 -0.072392 -0.483009
-1.589433 -7.935017 231.155747 176.555466 -0.517244 -0.519067 -0.680462 -0.148620 0.837480 -0.525871 0.842835 -0.170873 -0.510325
-0.690249 -13.540531 25.561364 233.990947 0.134992 0.973743 -0.183309 0.581075 -0.227648 -0.781363 0.802577 0.001038 0.596548
-2.479919 -12.907538 -2.523699 11.677141 0.070239 0.985158 -0.156624 0.221770 0.137661 0.965333 -0.972566 0.102538 0.208809
-2.316346 -12.196980 -12.896460 -6.505418 0.018125 0.987380 -0.157330 0.318820 0.143434 0.936899 -0.947642 0.067142 0.312197
-2.502108 -12.790193 17.657317 -23.286098 0.085140 0.980522 -0.176996 0.436672 0.122951 0.891179 -0.895583 0.153164 0.417699
-2.425459 -13.065115 12.625535 -14.010416 0.130319 0.976815 -0.169853 0.456504 0.092958 0.884852 -0.880125 0.192852 0.433806
-2.614544 -12.907115 13.557335 23.984148 0.116508 0.979720 -0.163014 0.297389 0.122189 0.946905 -0.947621 0.158801 0.277122
0.921186 -14.849878 -98.888790 -227.652763 0.186710 0.970499 0.152547 0.766665 -0.241033 0.595086 -0.614299 -0.005844 0.789052
-2.376893 -23.639244 115.503627 -286.513936 0.156324 0.956950 0.244558 -0.077153 -0.235015 0.968925 -0.984688 0.170335 -0.037093
-1.009078 -21.644018 56.809076 -402.875847 0.118522 0.966303 0.228499 -0.311583 -0.182304 0.932567 -0.942798 0.181726 -0.279477
-1.112306 -17.197998 38.078362 -321.419574 0.092726 0.963536 0.250997 -0.544251 -0.162044 0.823123 -0.833782 0.212931 -0.509380
-1.886784 -15.728231 43.874103 -351.993160 0.074857 0.951065 0.299787 -0.619601 -0.191195 0.761275 -0.781339 0.242735 -0.574968
2.641965 -7.254143 21.261391 2.227435 0.125118 0.991763 0.027423 -0.780185 0.081276 0.620247 -0.612909 0.098998 -0.783927
2.351788 -7.049898 77.019022 1.539721 0.108235 0.989324 0.097587 -0.850337 0.041281 0.524617 -0.514988 0.139764 -0.845727
1.547728 -6.737618 128.842533 3.441523 0.170307 0.980953 0.093415 -0.781284 0.076652 0.619451 -0.600492 0.178481 -0.779458
2.945085 -7.452393 -60.384552 6.533493 0.070403 0.997468 -0.010058 -0.844872 0.064987 0.531007 -0.530316 0.028887 -0.847308
2.388601 -7.019677 37.904091 7.984346 0.174833 0.984540 0.010728 -0.674640 0.111852 0.729624 -0.717143 0.134800 -0.683765
2.297988 -7.519376 -80.426260 -1.393518 0.069560 0.995714 -0.060951 -0.720072 0.092401 0.687719 -0.690404 0.003948 -0.723413
3.117374 -7.588666 -68.246758 3.042344 0.067238 0.997210 -0.032432 -0.786524 0.072976 0.613233 -0.613889 0.015724 -0.789236
0.847149 -34.429048 -2.445822 497.965432 0.283274 -0.880927 -0.379110 0.921316 0.359745 -0.147514 0.266332 -0.307493 0.913518
1.001048 -48.367393 25.529768 870.952592 0.316763 -0.863647 -0.392142 0.944575 0.249635 0.213214 -0.086249 -0.437946 0.894854
1.004875 -82.705614 97.386906 3982.471365 0.319772 -0.866634 -0.383003 0.942877 0.330917 0.038439 0.093430 -0.373417 0.922947
0.790123 -38.776524 -25.560825 570.336883 0.270452 -0.879019 -0.392659 0.914012 0.362543 -0.182055 0.302386 -0.309657 0.901485
1.302646 -37.664960 -48.297529 697.876708 -0.267851 0.888300 0.373067 0.866292 0.391514 -0.310250 0.421656 -0.240084 0.874394
0.907452 -36.142642 -9.687905 257.498919 -0.270271 0.888880 0.369926 0.806686 0.418807 -0.416962 0.525557 -0.185721 0.830239
-1.000613 -59.873345 257.239671 2668.485844 -0.485030 0.839123 -0.246209 -0.147771 -0.356139 -0.922675 0.861922 0.411143 -0.296736
1.159490 -56.412896 141.343877 1906.879718 -0.410669 0.902972 -0.126462 -0.191442 -0.220998 -0.956300 0.891460 0.368512 -0.263624
1.308841 -30.120570 -10.419925 514.322419 0.050286 0.998735 -0.000827 0.990922 -0.049996 -0.124796 0.124679 -0.005456 0.992182
-0.167509 -2.831249 -5.915083 29.850600 0.175183 0.087181 0.980668 0.194689 0.973335 -0.121308 -0.965094 0.212177 0.153539
0.190321 -3.838900 -14.299472 28.326412 0.151079 -0.009626 0.988475 0.106347 0.994307 -0.006572 -0.982785 0.106114 0.151242
-0.257494 -3.196854 -23.891221 24.586915 0.145008 -0.017036 0.989284 0.170712 0.985288 -0.008056 -0.974592 0.170051 0.145783
18.653255 -15.103982 173.516711 139.807681 -0.559543 -0.778407 0.284595 0.819319 -0.467715 0.331600 -0.125010 0.418719 0.899470
19.221134 -13.671613 -537.356406 -20.551194 0.498928 0.863898 0.068923 0.792240 -0.486889 0.367824 -0.351320 0.128914 0.927338
-2.244519 -3.907314 -40.861371 -37.656771 -0.365079 -0.505306 0.781910 0.269973 0.746329 0.608364 -0.890972 0.433196 -0.136050
-3.230047 -4.992096 -27.855969 -27.129343 -0.226824 -0.453345 0.861991 0.456200 0.732506 0.505289 -0.860484 0.507852 0.040666
-2.788124 -4.905640 -36.137171 -35.057215 -0.339050 -0.495212 0.799881 0.372181 0.710271 0.597492 -0.864018 0.500280 -0.056509
-2.820997 -5.840023 128.329788 -111.816652 -0.066804 0.972189 0.224470 0.041091 0.227462 -0.972920 0.996920 0.055772 0.055143
-3.800741 -4.393820 -120.192565 35.550184 0.137427 -0.321521 -0.936877 0.074725 0.946521 -0.313870 0.987689 -0.026874 0.154103
-4.823570 -6.930387 144.108425 -111.604577 -0.017729 0.941434 0.336730 0.030515 0.337135 -0.940961 0.999377 0.006407 0.034705
-0.273960 -7.295414 3.538760 -7.992277 -0.216125 0.973502 0.074732 0.967936 0.203594 0.147135 -0.128022 -0.104135 0.986289
2.231569 -12.472210 -26.273000 58.064326 -0.285424 0.958401 0.000200 -0.272618 -0.081389 0.958674 -0.918810 -0.273574 -0.284508
2.374400 -11.573062 -24.044516 83.384384 -0.288478 0.957470 0.005669 -0.047163 -0.020123 0.998684 -0.956324 -0.287831 -0.050963
1.540488 -11.196689 -31.808143 58.777780 -0.339914 0.940372 0.012602 -0.040964 -0.028192 0.998763 -0.939564 -0.338977 -0.048104
0.058582 -18.920235 -2.177194 306.296384 0.356515 0.912491 -0.200642 0.917651 -0.301647 0.258701 0.175540 -0.276350 -0.944890
0.257797 -21.597823 -20.194550 299.590917 0.348588 0.913754 -0.208664 0.935609 -0.325962 0.135590 0.055880 -0.242493 -0.968543
0.203253 -21.533069 -0.737850 146.700352 0.336921 0.920427 -0.198240 0.937729 -0.346945 -0.017135 -0.084550 -0.180122 -0.980004
-0.326414 -20.075820 -5.571237 281.861448 0.342791 0.922153 -0.179243 0.928938 -0.304328 0.210855 0.139891 -0.238785 -0.960943
-1.226943 -15.391828 27.193852 -159.830922 0.449137 0.884039 -0.129427 0.570869 -0.395378 -0.719573 0.687303 -0.249301 0.682249
-0.886873 -13.691819 19.572072 -126.395292 0.477840 0.864105 -0.158091 0.638688 -0.465307 -0.612836 0.603115 -0.191867 0.774235
-0.357555 -16.148876 26.185124 -169.939193 0.470067 0.868723 -0.156066 0.480698 -0.400269 -0.780202 0.740248 -0.291727 0.605747
-0.871994 -2.386090 -23.904254 43.907077 0.400762 -0.424174 -0.812076 -0.267748 0.793449 -0.546579 0.876185 0.436480 0.204412
-0.233398 -2.130820 7.334575 -16.098854 0.170795 0.088924 -0.981286 -0.486510 0.873658 -0.005508 0.856818 0.478346 0.192479
-0.122042 -2.860953 -46.695771 33.638613 0.382944 -0.323183 -0.865394 -0.341798 0.820751 -0.457759 0.858212 0.471086 0.203839
-0.398694 -4.150585 -26.420150 92.355063 0.453320 -0.595415 -0.663311 -0.138545 0.688055 -0.712310 0.880515 0.414803 0.229417
0.130563 -21.448045 2.132083 18.025578 0.532107 -0.580549 0.616299 0.192772 0.791857 0.579484 -0.824440 -0.189543 0.533266
0.306199 -22.522053 17.726964 -34.550443 0.521982 -0.604181 0.602080 0.472685 0.792470 0.385435 -0.710003 0.083404 0.699242
0.178324 -20.893711 15.399923 -65.234979 0.521559 -0.600124 0.606488 0.385398 0.799883 0.460060 -0.761213 -0.006209 0.648472
-0.816636 -15.315107 -18.403369 -14.411736 0.280939 0.956054 0.083864 0.727517 -0.269142 0.631095 -0.625932 0.116287 0.771159
-0.421938 -15.745901 -1.352888 -32.778640 0.266403 0.961808 0.062886 0.562559 -0.208134 0.800130 -0.782660 0.177780 0.596521
-0.668345 -15.671998 -7.871043 -23.199885 0.276281 0.957736 0.080071 0.699516 -0.257523 0.666603 -0.659050 0.128159 0.741100
0.474083 -24.409129 21.399020 -40.688915 0.480172 0.823635 -0.301761 -0.751442 0.563708 0.342883 -0.452515 -0.062113 -0.889591
0.292713 -26.431404 46.861772 -340.371755 0.533211 0.775874 -0.337204 -0.542975 0.619529 0.566888 -0.648741 0.119178 -0.751620
-1.624075 -18.705627 -87.907944 -47.775663 0.546030 -0.534069 0.645462 -0.056561 0.745198 0.664440 -0.835854 -0.399312 0.376693
-0.593228 -21.206969 -48.467563 9.704254 0.550415 -0.557021 0.621910 -0.192399 0.640224 0.743704 -0.812420 -0.529000 0.245219
-2.323092 -18.496134 -116.527606 86.923614 0.548560 -0.568378 0.613212 -0.234762 0.599203 0.765403 -0.802477 -0.563828 0.195265
-3.881325 -17.411309 -149.288925 -58.579372 0.575873 -0.503973 0.643725 -0.114254 0.730053 0.673771 -0.809516 -0.461555 0.362837
-5.681051 -17.221694 -199.296294 42.625321 0.588227 -0.508026 0.629204 -0.256679 0.620530 0.740985 -0.766880 -0.597371 0.234614
-5.536052 -10.342782 -35.430539 -193.478016 -0.089364 0.380872 -0.920299 -0.672512 0.658486 0.337822 0.734671 0.649101 0.197297
-4.867740 -9.562360 69.282899 -184.059097 -0.109510 0.207178 -0.972155 -0.680506 0.697261 0.225252 0.724513 0.686225 0.064628
98.204434 -289.461072 -5307.784316 -17668.803045 0.409350 0.912015 -0.025727 -0.880205 0.402181 0.251972 -0.240149 0.080500 -0.967392
11.374067 -91.546290 -695.182147 -4371.738838 0.146950 0.982317 -0.116012 -0.973948 0.123215 -0.190375 0.172715 -0.140965 -0.974833
0.396939 -25.328369 -224.374248 -1283.018155 0.346710 0.937681 0.023372 -0.857801 0.327057 -0.396498 0.379432 -0.117422 -0.917738
0.164839 -27.067091 2.515429 -298.650498 -0.390561 0.680615 -0.619860 0.321336 0.731778 0.601036 0.862673 0.035558 -0.504510
0.675823 -26.987339 1.902831 -299.322467 -0.382651 0.705089 -0.597016 0.358504 0.708880 0.607423 0.851500 0.018398 -0.524031
0.637297 -29.148825 8.005904 -225.483769 -0.400080 0.684755 -0.609135 0.014465 -0.659846 -0.751262 0.916366 0.309376 -0.254086
-0.010166 -28.537077 50.646536 166.184869 -0.425332 0.663867 -0.615120 -0.031403 0.668428 0.743114 0.904492 0.335387 -0.263456
-1.318464 -5.703318 -76.234861 -80.113740 -0.090325 0.974718 0.204367 0.522829 -0.128245 0.842736 -0.847639 -0.182969 0.498027
-0.267241 -5.268574 -42.656025 -60.951821 -0.098592 0.977973 0.183978 0.453816 -0.120348 0.882931 -0.885625 -0.170542 0.431954
-4.965999 -18.160700 -105.178072 -252.663548 0.850612 -0.406071 -0.334015 0.214759 -0.311532 0.925649 0.479935 0.859101 0.177785
-7.213103 -20.920659 -224.377232 -409.503570 0.849421 -0.466818 -0.246097 0.145229 -0.241550 0.959459 0.507338 0.850726 0.137382
-16.374504 -33.495232 -101.030447 -498.681083 0.630888 -0.282439 -0.722640 0.552873 -0.489802 0.674111 0.544346 0.824816 0.152857
-24.715103 -70.018946 -374.765252 -1406.513055 0.707847 -0.375032 -0.598585 0.464628 -0.391084 0.794465 0.532047 0.840478 0.102577
4.471191 -241.956105 -272.795694 9465.833785 0.827583 -0.546221 -0.129419 0.129442 -0.038645 0.990834 0.546216 0.836749 -0.038723
0.308933 -47.956986 114.753532 2018.473222 0.964353 -0.192215 0.181871 0.183177 -0.011108 -0.983017 -0.190971 -0.981290 -0.024497
0.495413 -72.950782 78.806128 3202.247217 0.953912 -0.240519 0.179450 0.111397 -0.271449 -0.955984 -0.278644 -0.931915 0.232145
-8.361513 -11.868549 9.868553 199.317328 -0.032043 0.817950 0.574396 -0.188149 0.559480 -0.807206 0.981618 0.133938 -0.135969
-4.579605 -12.424399 -163.635876 289.014948 0.131976 0.917087 0.376209 -0.266214 0.398377 -0.877739 0.954836 -0.015689 -0.296718
-6.389005 -9.459979 -11.878616 26.242958 0.406440 0.875760 0.260481 0.860522 -0.271087 -0.431292 -0.307096 0.399444 -0.863792
-6.563599 -9.004605 -22.680776 47.692536 0.403006 0.864530 0.300289 0.900824 -0.316793 -0.296916 -0.161563 0.390166 -0.906459
-7.242907 -8.958796 -46.769650 49.965747 0.497976 0.781699 0.375456 0.864472 -0.413217 -0.286252 -0.068618 0.467118 -0.881528
-10.909581 -40.363243 -329.999323 -2040.971106 -0.036329 0.944152 -0.327502 -0.621532 -0.277971 -0.732414 0.782546 -0.176945 -0.596919
-2.833875 -14.403306 -153.053009 -584.579739 -0.177613 0.918182 -0.354112 0.959918 0.240923 0.143223 0.216819 -0.314481 -0.924171
-4.252696 -38.983762 -172.244709 -2484.285312 -0.138784 0.936080 -0.323253 0.948400 0.031663 -0.315493 -0.285091 -0.350359 -0.892172
-0.163727 -7.296586 -2.684576 7.022445 -0.053804 0.962059 -0.267485 -0.875415 0.083419 0.476119 -0.480367 -0.259778 -0.837713
-0.043096 -7.044333 -29.473221 -10.069464 -0.078514 0.958916 -0.272607 -0.912472 0.041016 0.407078 -0.401535 -0.280708 -0.871764
-0.382370 -7.681172 5.731882 6.894275 -0.078566 0.968497 -0.236309 -0.885301 0.041199 0.463191 -0.458334 -0.245595 -0.854174
-0.224063 -7.250455 -5.609621 -12.434987 -0.088872 0.963752 -0.251563 -0.930020 0.010131 0.367369 -0.356601 -0.266608 -0.895408
-1.421807 -3.825268 -26.497236 73.068253 0.262954 0.958801 0.107499 -0.660839 0.260167 -0.703992 0.702956 -0.114078 -0.702025
-1.599082 -5.050233 -44.968333 86.809821 0.240120 0.970523 0.020693 -0.618405 0.169364 -0.767393 0.748277 -0.171470 -0.640843
-0.085136 -7.504867 4.177696 -43.207344 -0.083901 0.994693 -0.059551 -0.777393 -0.027951 0.628394 -0.623395 -0.099018 -0.775612
1.203531 -9.976101 -15.398216 -59.372160 0.173564 0.960525 -0.217408 0.984513 -0.163695 0.062755 0.024689 -0.224933 -0.974061
1.039885 -9.847513 -24.420245 -109.583656 0.180367 0.955495 -0.233446 0.982430 -0.186574 -0.004596 -0.047946 -0.228515 -0.972359
1.304782 -8.917992 20.077953 -4.519681 0.210538 0.963395 -0.165963 0.970379 -0.226528 -0.083958 -0.118480 -0.143371 -0.982551
1.096326 -10.925293 -13.096357 -58.421541 0.142301 0.962176 -0.232311 0.976639 -0.098304 0.191084 0.161019 -0.254075 -0.953687
1.179854 -9.328995 -2.263221 -31.455574 0.184064 0.961735 -0.202945 0.981227 -0.167695 0.095252 0.057574 -0.216667 -0.974546
1.219032 -11.172594 -8.535006 -88.189203 0.137039 0.965494 -0.221452 0.966456 -0.081295 0.243627 0.217218 -0.247410 -0.944248
-0.126207 -17.983579 2.721037 -331.361769 0.156875 0.977567 -0.140548 -0.130036 -0.120626 -0.984144 0.979020 -0.172664 -0.108196
-0.070380 -18.964088 44.475704 -184.951919 0.125918 0.986924 -0.100623 -0.305426 -0.057936 -0.950452 0.943854 -0.150412 -0.294137
0.376115 -16.467606 30.494282 -274.599593 0.155349 0.982702 -0.100811 -0.081324 -0.088982 -0.992708 0.984507 -0.162414 -0.066094
-0.303155 -19.529723 73.618365 94.632161 0.119820 0.990615 -0.065767 -0.565047 0.013578 -0.824947 0.816312 -0.136007 -0.561371
2.824879 -18.189368 33.166305 -142.277723 0.267238 0.963004 -0.034738 -0.168389 0.011174 -0.985657 0.948804 -0.269255 -0.165145
2.600970 -19.886376 68.808578 -12.694526 0.261791 0.965044 -0.012462 -0.400676 0.096928 -0.911078 0.878023 -0.243506 -0.412045
3.542176 -19.955166 84.027348 -69.464551 0.287724 0.957387 -0.024995 -0.285112 0.060711 -0.956570 0.914290 -0.282355 -0.290430
3.574369 -17.470640 53.243503 -208.371378 0.288545 0.956127 -0.050630 -0.051731 -0.037234 -0.997967 0.956068 -0.290577 -0.038718
3.765312 -19.027295 42.185823 -261.090688 0.348268 0.935358 -0.061762 -0.037189 -0.052048 -0.997952 0.936657 -0.349851 -0.016658
3.488601 -21.487206 -4.508268 -157.042816 0.412027 0.909749 -0.050886 -0.282343 0.074377 -0.956426 0.866323 -0.408441 -0.287506
