14053
28093
-5.212200 -7.111409 12.713101 122.380787 0.448038 0.779781 -0.437267 0.888085 -0.331960 0.317974 0.102795 -0.530795 -0.841243
-5.791824 -7.824024 -61.784813 79.333631 0.163168 0.815920 -0.554663 0.985864 -0.156530 0.059758 -0.038064 -0.556572 -0.829927
-6.125272 -10.028090 32.893355 -234.496961 0.748062 0.564165 -0.349459 -0.663246 0.653479 -0.364789 -0.022563 -0.504662 -0.863022
-4.741507 -6.518290 -6.046965 60.433918 -0.221621 0.781448 -0.583287 0.972724 0.219186 -0.075938 0.068507 -0.584206 -0.808709
-3.291814 -9.464451 116.787972 224.131784 0.617944 0.741563 -0.261207 0.771687 -0.508480 0.382032 0.150482 -0.437644 -0.886466
-4.316323 -6.081372 52.990145 111.167907 0.441013 0.815067 -0.375729 0.871148 -0.288045 0.397658 0.215891 -0.502688 -0.837076
-4.336932 -5.796390 -11.585324 54.502046 -0.236434 0.786345 -0.570754 0.958008 0.286737 -0.001807 0.162236 -0.547214 -0.821119
-7.657604 -9.006823 -43.960640 33.275083 -0.027216 0.946996 -0.320091 -0.833283 0.155385 0.530562 -0.552177 -0.281166 -0.784886
-4.632456 -9.178883 129.226538 -7.113525 0.278158 0.903525 -0.325992 -0.727146 0.419825 0.543144 -0.627604 -0.085964 -0.773772
-4.434873 -8.495698 248.396780 -6.747038 0.165070 0.976905 -0.135676 -0.850685 0.210633 0.481631 -0.499085 -0.035915 -0.865808
-4.335112 -9.113341 584.320669 31.447357 0.435953 0.899968 0.001601 -0.839950 0.406239 0.359798 -0.323156 0.158199 -0.933029
-7.034259 -8.221018 30.155234 60.757420 0.316940 0.892906 -0.319793 -0.864324 0.410741 0.290234 -0.390504 -0.184418 -0.901940
-2.584863 -5.872211 101.095137 -45.512726 -0.024560 0.986799 -0.160079 -0.887838 -0.095131 -0.450215 0.459500 -0.131067 -0.878454
-3.203061 -6.404384 86.820339 -27.763010 -0.174311 0.960305 -0.217784 -0.933025 -0.231775 -0.275217 0.314769 -0.155224 -0.936390
-1.312597 -5.782014 148.877961 -28.470835 -0.017640 0.995812 -0.089709 -0.925606 -0.050192 -0.375145 0.378077 -0.076418 -0.922615
-0.433831 -5.231870 134.627646 -25.560694 0.096206 0.994577 -0.039511 -0.868747 0.064528 -0.491034 0.485821 -0.081565 -0.870244
0.942762 -5.111207 108.686086 -23.263946 0.050881 0.995519 -0.079703 -0.910068 0.013348 -0.414244 0.411324 -0.093613 -0.906669
0.700228 -5.966845 -41.996416 -74.131044 0.919275 0.390576 0.048831 0.341021 -0.728334 -0.594335 0.196568 -0.563010 0.802734
0.074123 -5.675830 -27.097091 -56.694693 0.929150 0.368657 0.027785 0.316662 -0.754808 -0.574447 0.190802 -0.542546 0.818070
0.555924 -4.518313 -26.239250 -34.127799 0.909415 0.411204 0.062256 0.381706 -0.765828 -0.517501 0.165121 -0.494387 0.853415
1.565589 -5.467946 -50.468612 -63.631446 0.882247 0.461050 0.095254 0.425923 -0.695466 -0.578719 0.200572 -0.551144 0.809945
1.550581 -4.367826 -41.463555 -52.337694 0.848095 0.519503 0.104174 0.491775 -0.698613 -0.519709 0.197213 -0.491992 0.847968
0.251761 -3.814618 -14.257646 -24.705667 0.953209 0.302279 -0.004391 0.271187 -0.861399 -0.429475 0.133604 -0.408189 0.903068
0.631579 -3.218293 -10.891249 -48.475742 0.902125 0.428958 0.046534 0.401222 -0.794307 -0.456176 0.158718 -0.430199 0.888672
0.583822 -6.733069 22.353294 2.007427 -0.227139 -0.924211 0.306988 0.948263 -0.138091 0.285882 -0.221823 0.356040 0.907761
0.683870 -6.793625 30.558700 16.227676 -0.251045 -0.922498 0.293213 0.915280 -0.127644 0.382061 -0.315023 0.364287 0.876388
1.426167 -6.473434 43.744095 -4.051197 -0.200697 -0.921062 0.333715 0.959930 -0.116884 0.254700 -0.195589 0.371461 0.907613
0.309529 -6.940753 10.362977 30.072651 -0.264047 -0.916648 0.300058 0.912138 -0.136199 0.386593 -0.313503 0.375773 0.872073
0.138007 -7.177716 5.714614 12.997852 -0.248136 -0.917520 0.310781 0.932780 -0.139718 0.332267 -0.261440 0.372337 0.890513
0.208822 -6.996607 4.419868 2.210188 -0.216090 -0.921808 0.321830 0.967373 -0.157479 0.198470 -0.132270 0.354217 0.925762
0.255630 -6.404323 -17.572838 -13.911578 0.286176 0.956505 -0.056586 -0.448712 0.185962 0.874114 -0.846617 0.224760 -0.482413
0.184450 -6.070333 -16.414886 -21.085154 0.297826 0.950391 -0.089758 -0.523877 0.241319 0.816895 -0.798031 0.196270 -0.569759
0.609542 -6.231384 -16.335678 -20.093913 0.315831 0.945603 -0.078004 -0.563172 0.252992 0.786659 -0.763602 0.204522 -0.612440
0.902831 -6.616390 -22.019971 -3.287307 0.288413 0.957193 -0.024498 -0.458553 0.160537 0.874046 -0.840564 0.240852 -0.485224
0.386086 -6.333667 -26.071233 9.668890 0.264558 0.963964 -0.027974 -0.345809 0.121905 0.930352 -0.900236 0.236458 -0.365599
-0.342069 -6.407947 -6.603618 -2.798585 0.293696 0.953425 -0.068727 -0.311219 0.163354 0.936193 -0.903817 0.253567 -0.344701
0.974890 -7.954329 -16.363625 -16.939895 -0.207295 -0.922638 0.325220 0.946581 -0.105232 0.304811 -0.247007 0.371033 0.895166
0.480600 -8.776308 -7.326099 88.271231 -0.169367 -0.924760 0.340785 0.909956 -0.013919 0.414471 -0.378542 0.380297 0.843848
0.682724 -8.176525 -14.940060 59.387458 -0.158199 -0.917681 0.364464 0.940838 -0.028073 0.337693 -0.299662 0.396324 0.867830
-1.049690 -12.779764 66.041179 68.658238 0.266394 0.880580 -0.391936 0.647495 0.137723 0.749521 -0.713992 0.453444 0.533483
-1.517984 -12.226235 38.513214 64.135871 0.224923 0.891424 -0.393411 0.739500 0.106735 0.664641 -0.634468 0.440420 0.635201
-0.879437 -12.065091 54.245753 78.967726 0.248744 0.876415 -0.412338 0.792030 0.060991 0.607428 -0.557508 0.477678 0.678976
-0.564645 -13.226738 60.968091 71.349995 0.278382 0.872605 -0.401327 0.654205 0.133662 0.744413 -0.703221 0.469781 0.533654
-0.217094 -10.712825 30.340090 -236.854886 0.338846 0.933833 -0.114630 -0.417619 0.258463 0.871086 -0.843076 0.247292 -0.477566
-0.139236 -7.273762 26.544054 -186.511251 0.281632 0.958959 -0.032892 -0.587374 0.199407 0.784365 -0.758733 0.201583 -0.619427
-0.547064 -7.322259 22.238367 -205.127547 0.307265 0.947399 -0.089568 -0.537199 0.250374 0.805438 -0.785497 0.199367 -0.585874
0.154348 -6.553643 10.026715 -50.491957 0.138239 0.860452 -0.490420 0.553834 -0.477675 -0.681978 0.821071 0.177335 0.542581
-0.205191 -6.438823 5.216587 -54.229598 0.171535 0.846467 -0.504054 0.529791 -0.510616 -0.677194 0.830600 0.150881 0.536039
-0.031345 -6.017540 16.037203 22.610374 0.141639 0.858229 -0.493337 0.405439 -0.504938 -0.762008 0.903082 0.092088 0.419478
-0.267673 -5.757931 23.598123 87.543795 0.128064 0.864717 -0.485657 0.259248 -0.501851 -0.825189 0.957283 0.020228 0.288445
0.069860 -5.980371 19.861157 86.139419 0.126615 0.865941 -0.483854 0.286318 -0.498922 -0.817985 0.949732 0.034966 0.311105
59.962536 2.336499 406.592634 109.832662 0.992616 0.037465 -0.115369 0.117475 -0.059978 0.991263 -0.030218 0.997496 0.063936
181.797114 -0.498315 -7586.244908 78.213861 0.749157 0.659697 -0.059695 0.213257 -0.154887 0.964641 -0.627125 0.735398 0.256720
91.770808 -4.615052 -3599.171432 10.458972 0.617704 0.750026 -0.236440 0.291148 0.061186 0.954720 -0.730531 0.658573 0.180573
116.345844 1.112227 717.024215 200.086521 0.998722 0.006390 -0.050126 0.049428 0.082610 0.995355 -0.010501 0.996561 -0.082189
0.838839 -1.797953 1.463122 -24.084734 0.260566 0.881518 -0.393740 0.924374 -0.110086 0.365259 0.278637 -0.459137 -0.843537
0.870291 -1.774967 6.779020 -28.002715 0.318067 0.881593 -0.348750 0.903083 -0.169765 0.394487 0.288572 -0.440424 -0.850149
1.007220 -1.306864 4.628359 -14.857840 0.347195 0.873591 -0.341019 0.898554 -0.205804 0.387616 0.268434 -0.441002 -0.856423
0.890847 -1.408442 11.809153 -15.867482 0.378934 0.872741 -0.307785 0.880650 -0.237874 0.409722 0.284367 -0.426308 -0.858718
0.856292 -1.577302 -14.241189 -14.808315 0.276619 0.868926 -0.410426 0.923758 -0.122719 0.362782 0.264864 -0.479487 -0.836624
1.365520 -5.060934 31.423089 0.853879 0.045354 0.937157 -0.345948 -0.334747 -0.312025 -0.889148 0.941216 -0.156132 -0.299558
1.671144 -5.150346 41.636610 -0.580712 0.035057 0.933558 -0.356707 -0.208734 -0.342214 -0.916144 0.977344 -0.106574 -0.182868
1.046462 -5.017757 27.113176 -4.618392 0.020332 0.926195 -0.376496 -0.265600 -0.358039 -0.895134 0.963869 -0.118197 -0.238718
0.782880 -5.043685 16.470554 4.027592 0.024685 0.925748 -0.377334 -0.366327 -0.342818 -0.865032 0.930159 -0.159581 -0.330664
0.574338 -5.011188 16.280560 -0.166406 0.004102 0.916598 -0.399789 -0.266921 -0.384284 -0.883787 0.963710 -0.110337 -0.243083
-0.413778 -23.462951 8.541329 78.966806 0.218146 0.698651 -0.681395 0.781098 0.293583 0.551085 0.585062 -0.652453 -0.481671
-0.415541 -24.148656 -0.692276 -234.199074 0.234245 0.684337 -0.690516 0.946649 0.001143 0.322265 0.221327 -0.729165 -0.647559
-0.229159 -24.250290 6.236152 -151.798628 0.215762 0.691939 -0.688961 0.885015 0.159527 0.437377 0.412546 -0.704110 -0.577957
-0.506130 -23.819530 13.927246 -165.433028 0.200567 0.694109 -0.691365 -0.659259 -0.426387 -0.619332 0.724672 -0.580007 -0.372078
0.565294 -36.335076 -21.230210 -199.819592 0.207323 0.602192 -0.770962 0.965867 -0.000893 0.259038 0.155302 -0.798351 -0.581822
0.701258 -36.012195 -13.861468 -666.094127 0.192718 0.604847 -0.772670 0.942856 -0.332266 -0.024933 -0.271812 -0.723712 -0.634318
0.604957 -38.128958 -16.996171 -542.856054 0.210983 0.592479 -0.777467 0.944131 -0.329532 0.005087 -0.253187 -0.735104 -0.628903
0.564220 -38.435118 -3.372783 -117.658518 0.205709 0.600885 -0.772412 0.972766 -0.039404 0.228414 0.106814 -0.798363 -0.592627
0.623426 -40.127496 27.399637 589.631753 0.207189 0.618519 -0.757962 0.814645 0.319916 0.483744 0.541689 -0.717697 -0.437590
0.801472 -36.544318 2.222105 258.911595 0.156532 0.639254 -0.752896 0.784640 0.382493 0.487892 0.599865 -0.667123 -0.441712
-3.271331 -15.852923 -186.966091 158.606413 -0.108741 0.554558 -0.825009 0.978086 0.207920 0.010843 0.177549 -0.805751 -0.565015
-1.046429 -13.713145 -51.381521 -123.880825 0.148661 0.615531 -0.773965 0.915152 0.210920 0.343524 0.374695 -0.759364 -0.531949
-0.427731 -17.948710 -83.262076 73.086955 0.026376 0.592927 -0.804824 0.932672 0.275150 0.233273 0.359761 -0.756789 -0.545749
-4.700991 -12.816734 27.563376 -94.402640 0.402024 0.616274 -0.677188 0.881550 -0.060618 0.468182 0.247479 -0.785196 -0.567646
-12.549617 -14.478713 -420.850433 366.623134 -0.211169 0.589433 -0.779729 0.971650 0.213354 -0.101862 0.106317 -0.779134 -0.617776
-4.213509 -31.563326 -221.158322 1064.641878 -0.297670 0.508847 -0.807755 0.954667 0.157206 -0.252777 -0.001641 -0.846381 -0.532575
-0.218670 -32.476492 -115.478081 868.801903 -0.253466 0.534349 -0.806366 0.964208 0.072490 -0.255044 -0.077829 -0.842150 -0.533597
4.117551 0.236698 -265.157804 9.388525 0.999962 0.002720 0.008288 -0.001108 -0.902850 0.429955 -0.008652 0.429948 0.902812
0.187443 -1.328943 10.825559 -178.416294 -0.191648 -0.886291 0.421616 0.981129 -0.184218 0.058729 0.025618 0.424915 0.904871
1.414142 0.117149 -257.231135 9.728348 0.999784 0.003847 0.020404 -0.005173 -0.905548 0.424213 -0.020109 0.424227 0.905333
0.119120 -1.088388 -3.495470 -201.379490 -0.041296 -0.900820 0.432224 0.998939 -0.046050 -0.000534 0.020384 0.431743 0.901766
3.424013 0.247160 -218.973411 -6.536465 0.999250 -0.036808 0.012062 -0.038395 -0.900151 0.433883 0.005112 0.434020 0.900889
4.634601 0.285496 -161.961407 17.055461 0.996149 -0.078842 -0.038367 -0.055902 -0.908182 0.414826 0.067550 0.411083 0.909092
4.867985 0.155786 -79.931845 -14.316548 0.980233 -0.069744 -0.185144 0.023982 -0.887019 0.461109 0.196386 0.456435 0.867813
4.252615 -0.044767 108.719527 -11.666938 0.921687 -0.150270 -0.357648 0.028957 -0.892707 0.449705 0.386852 0.424844 0.818445
4.329183 -0.182828 -111.630750 -13.797095 0.986767 -0.034797 -0.158364 0.041555 -0.889806 0.454442 0.156727 0.455010 0.876586
4.405746 -0.274485 62.275613 -13.352986 0.937919 -0.171993 -0.301209 -0.013426 -0.885752 0.463965 0.346595 0.431117 0.833072
0.589256 -26.213518 -56.869849 563.564484 -0.168159 -0.665805 0.726929 -0.467463 0.703100 0.535843 -0.867872 -0.249706 -0.429472
-1.001447 -13.534402 54.858818 213.362098 0.169876 0.718513 -0.674449 -0.196343 0.695352 0.691328 -0.965708 -0.014983 -0.259199
-0.084873 -13.148702 -72.178370 173.567650 -0.207200 -0.633433 0.745540 -0.289662 0.767630 0.571699 -0.934432 -0.097498 -0.342535
-8.569246 -41.481910 -149.423928 1110.430088 -0.015016 0.428718 0.903313 0.988643 0.141469 -0.050708 -0.149530 0.892293 -0.425974
-6.818819 -27.103300 -177.605649 -103.681244 -0.051373 0.468647 0.881890 0.772890 0.577891 -0.262074 -0.632456 0.668141 -0.391901
-12.962489 -31.258022 -295.799837 351.227829 0.055977 0.348110 0.935781 0.868742 0.444955 -0.217490 -0.492091 0.825127 -0.277511
-23.275030 -47.184683 -585.019646 1176.161937 0.139488 0.202596 0.969277 0.977849 0.126086 -0.167076 -0.156062 0.971111 -0.180521
-13.332178 -50.487717 -298.228287 1555.317283 0.018210 0.336291 0.941582 0.999173 0.028134 -0.029372 -0.036368 0.941338 -0.335500
2.745102 -1.663140 36.924496 15.980325 0.927998 -0.213144 -0.305598 0.102687 0.934754 -0.340133 0.358156 0.284262 0.889336
3.420400 -2.118213 84.998067 23.507320 0.914497 -0.219982 -0.339563 0.112250 0.944273 -0.309432 0.388710 0.244859 0.888228
3.551469 -2.006335 -30.312932 -19.793330 0.953151 -0.233762 -0.191988 -0.164039 -0.932685 0.321232 0.254156 0.274689 0.927335
1.855062 -1.886677 98.802384 17.101775 0.892442 -0.165046 -0.419888 0.034525 0.952938 -0.301193 0.449838 0.254301 0.856141
1.945294 -1.337570 86.799288 14.385346 0.901480 -0.165604 -0.399887 0.019891 0.938783 -0.343934 0.432364 0.302095 0.849588
5.599016 -8.974916 -76.761716 69.902610 -0.509162 -0.831918 0.220604 0.758400 -0.312487 0.571997 -0.406919 0.458546 0.790033
5.119542 -8.490557 66.298406 35.677771 0.580633 0.800063 -0.150879 0.576153 -0.272838 0.770459 -0.575250 0.534284 0.619377
4.562546 -7.146221 -24.699200 10.544574 -0.579314 -0.772793 0.259204 0.657909 -0.255587 0.708400 -0.481198 0.580919 0.656492
4.421567 -7.677553 -67.699298 49.963389 -0.504497 -0.788462 0.351867 0.803880 -0.280232 0.524640 -0.315054 0.547538 0.775205
0.105293 -1.821044 25.618140 -4.348995 -0.584315 0.782229 -0.216090 0.609248 0.246932 -0.753552 -0.536091 -0.571964 -0.620857
0.198933 -2.239720 -1.848063 7.639102 -0.495467 0.807498 -0.320094 0.689995 0.142025 -0.709744 -0.527655 -0.572518 -0.627538
0.101788 -2.137900 -32.566029 21.376130 0.666344 -0.740327 0.088888 0.492411 0.347386 -0.798032 -0.559926 -0.575533 -0.596024
0.406322 -2.572341 1.075722 18.585898 0.593525 -0.780659 0.195703 0.570834 0.236920 -0.786141 -0.567342 -0.578308 -0.586245
0.604137 -2.676307 -18.610368 36.671751 0.698586 -0.714682 0.034764 0.421188 0.371455 -0.827419 -0.578428 -0.592665 -0.560509
-0.085077 -4.649465 14.722623 5.462006 -0.245403 0.796314 -0.552867 -0.800433 -0.488173 -0.347842 0.546886 -0.357172 -0.757195
0.119038 -4.532090 19.448679 4.443597 -0.266270 0.783941 -0.560836 -0.824879 -0.486341 -0.288180 0.498674 -0.385888 -0.776154
0.074186 -4.703395 10.888116 8.130157 -0.255369 0.781755 -0.568898 -0.766829 -0.522140 -0.373286 0.588863 -0.340922 -0.732811
-0.246153 -5.041096 25.860988 23.598180 -0.229624 0.812656 -0.535596 -0.754423 -0.496292 -0.429580 0.614913 -0.305424 -0.727047
0.712019 -8.711916 8.021202 35.416677 0.143826 0.838040 -0.526312 -0.155393 0.544369 0.824327 -0.977326 0.036774 -0.208520
0.475797 -9.410615 3.845043 19.811431 0.143790 0.831903 -0.535969 -0.257135 0.554402 0.791530 -0.955618 -0.024002 -0.293629
0.557345 -8.505442 3.494760 70.029630 0.143247 0.842318 -0.519596 -0.048025 0.530308 0.846444 -0.988521 0.096297 -0.116417
0.392860 -7.905810 12.417974 98.252326 0.160050 0.837888 -0.521851 0.071492 0.517438 0.852729 -0.984517 0.173787 -0.022913
0.724746 -7.732131 17.658226 66.029579 0.146588 0.842098 -0.519021 0.121135 0.505459 0.854305 -0.981753 0.188103 0.027914
0.846774 -7.983760 16.103008 73.808045 0.143288 0.854146 -0.499903 0.011949 0.503585 0.863863 -0.989609 0.129755 -0.061951
0.823486 -8.324833 11.305780 -88.657221 0.062674 0.985853 -0.155455 0.042615 0.152976 0.987311 -0.997124 0.068503 0.032424
0.559171 -8.233582 19.573578 -107.446795 0.086334 0.972302 -0.217197 0.042468 0.214221 0.975862 -0.995361 0.093474 0.022797
1.206460 -10.217580 5.069760 -140.901720 0.069901 0.982800 -0.170934 0.190293 0.155070 0.969403 -0.979236 0.100290 0.176180
1.117480 -9.949427 12.900548 -145.888721 0.075910 0.985944 -0.148836 0.185102 0.132738 0.973713 -0.979783 0.101465 0.172424
0.958370 -9.534052 1.053011 -103.216901 0.042441 0.990632 -0.129796 0.123812 0.123697 0.984566 -0.991398 0.057856 0.117402
1.012647 -8.344958 9.262793 -10.721124 0.030031 0.993526 -0.109563 -0.027059 0.110380 0.993521 -0.999183 0.026872 -0.030199
0.704491 -20.586841 3.567273 -185.548985 -0.009687 0.947153 -0.320635 0.529314 -0.267186 -0.805257 0.848371 0.177517 0.498753
0.646298 -19.272304 -4.696878 -150.636234 0.027694 0.933797 -0.356730 0.731595 -0.262117 -0.629335 0.681176 0.243553 0.690421
0.637795 -18.854759 -11.779392 -146.770053 0.018787 0.938446 -0.344914 0.662679 -0.270005 -0.698537 0.748668 0.215444 0.626961
0.620233 -19.763182 -5.276984 -117.314694 -0.009590 0.946964 -0.321197 0.420509 -0.287610 -0.860496 0.907238 0.143318 0.395449
0.680544 -17.229494 12.882470 -168.575650 -0.022188 0.922553 -0.385231 0.698427 -0.261402 -0.666235 0.715337 0.283839 0.638536
-0.396402 -8.332310 -2.132679 -92.010817 -0.013083 0.859143 -0.511569 -0.786879 -0.324522 -0.524887 0.616968 -0.395676 -0.680287
-0.307872 -9.267180 -0.636790 -94.988460 -0.000425 0.864085 -0.503346 -0.847564 -0.267433 -0.458382 0.530692 -0.426424 -0.732481
0.056927 -9.485528 15.697403 -68.614230 -0.030684 0.860925 -0.507806 -0.884668 -0.259852 -0.387091 0.465211 -0.437362 -0.769606
-0.254472 -8.169679 7.813952 -85.228076 -0.044958 0.854636 -0.517278 -0.768474 -0.360434 -0.528710 0.638299 -0.373745 -0.672970
1.158327 -7.015572 24.203489 -81.574028 -0.662210 -0.161684 0.731667 -0.496316 0.826183 -0.266631 -0.561381 -0.539704 -0.627353
0.435695 -5.293640 -18.477354 -71.529812 0.685624 0.125747 -0.717013 -0.520949 0.772732 -0.362626 -0.508460 -0.622152 -0.595311
0.877691 -5.902171 -16.873209 -69.566118 0.709315 0.100956 -0.697625 -0.505422 0.762708 -0.403517 -0.491346 -0.638815 -0.592025
1.352276 -6.799741 -15.665843 -52.182896 0.730884 0.082105 -0.677545 -0.449788 0.804601 -0.387695 -0.513322 -0.588112 -0.625000
0.944927 -5.609274 12.443921 -55.896699 0.750058 0.064668 -0.658203 -0.496616 0.712335 -0.495935 -0.436790 -0.698854 -0.566408
0.038469 -14.617105 12.134379 -78.583302 0.708817 -0.332213 0.622264 -0.010721 0.876978 0.480411 -0.705311 -0.347195 0.618055
0.151924 -15.069722 6.701263 38.389211 0.707268 -0.323616 0.628526 0.170636 0.940932 0.292454 -0.686043 -0.099594 0.720712
-0.089541 -15.149944 -9.393411 -46.921080 0.694495 -0.359377 0.623318 0.026376 0.878458 0.477092 -0.719014 -0.314897 0.619563
0.449227 -14.742428 11.057639 32.872728 0.694521 -0.325532 0.641615 0.156736 0.938824 0.306665 -0.702192 -0.112421 0.703056
-0.304797 -14.362524 1.269339 -106.326213 0.709282 -0.370634 0.599625 -0.126346 0.770007 0.625401 -0.693510 -0.519346 0.499323
0.515354 -14.371643 23.985541 -131.574380 0.699838 -0.330331 0.633331 -0.081040 0.844201 0.529866 -0.709690 -0.422145 0.564034
0.058689 -13.765337 28.744499 -134.050214 0.712781 -0.331177 0.618275 -0.186856 0.759985 0.622501 -0.676038 -0.559236 0.479821
-0.574746 -10.985572 -25.510854 -64.924671 0.164575 0.983020 -0.081155 0.925900 -0.182326 -0.330856 0.340035 0.020690 0.940185
-0.450640 -11.157984 -8.184831 -13.574390 0.132890 0.987553 -0.084140 0.971558 -0.146583 -0.185982 0.196000 0.057032 0.978944
0.170372 -11.250661 -16.830512 -46.730609 0.134256 0.987497 -0.082612 0.923668 -0.154899 -0.350491 0.358905 0.029251 0.932916
0.999155 -8.039348 1.937889 16.917799 -0.141679 0.710780 -0.688999 0.189318 -0.663717 -0.723629 0.971641 0.232963 0.040529
0.919308 -8.597224 2.148134 37.210565 -0.130393 0.692693 -0.709348 0.324117 -0.646365 -0.690768 0.936988 0.319983 0.140232
0.778641 -8.258762 8.826477 31.513342 -0.160801 0.703878 -0.691881 0.270921 -0.642599 -0.716707 0.949076 0.302692 0.087364
0.994801 -7.547665 7.422780 28.081212 -0.166801 0.725029 -0.668215 0.084440 -0.664715 -0.742310 0.982368 0.180242 -0.049654
0.654674 -7.810264 20.485044 26.476338 -0.210675 0.718368 -0.662995 0.195416 -0.633580 -0.748592 0.957825 0.287270 0.006901
-14.073726 -25.847378 -51.065800 -539.066043 -0.634638 -0.615584 0.467217 -0.245810 0.733965 0.633146 -0.732675 0.286971 -0.617118
-13.566834 -25.364298 -7.987485 -519.463345 0.437490 0.755661 -0.487421 -0.387286 0.647538 0.656281 -0.811549 0.098345 -0.575948
-13.979628 -26.331335 -1.760040 -310.758079 0.496018 0.726670 -0.475308 -0.029863 0.561345 0.827043 -0.867799 0.396034 -0.300137
-13.462802 -24.969059 -111.209524 -141.040450 -0.719310 -0.534319 0.443956 0.025335 0.618469 0.785400 -0.694227 0.576194 -0.431334
2.690450 -1.697549 -22.230077 -1.457444 -0.373918 -0.857023 0.354538 0.912399 -0.408523 -0.025246 0.166473 0.314040 0.934701
2.221695 -2.301218 -44.525601 -8.940679 -0.318959 -0.847489 0.424297 0.932998 -0.359494 -0.016685 0.166673 0.390546 0.905370
2.300931 -1.907168 -38.839546 5.869331 -0.393355 -0.820161 0.415461 0.893647 -0.447257 -0.036832 0.216026 0.356787 0.908865
2.693184 -56.667721 -29.756962 1973.306652 -0.326845 0.936665 -0.125820 0.233388 0.209005 0.949656 -0.915807 -0.281026 0.286919
2.649611 -62.076689 -32.721034 1717.083159 -0.315494 0.931194 -0.182596 -0.263867 0.098745 0.959491 -0.911503 -0.350894 -0.214558
2.836680 -56.466137 -46.017065 1744.662326 -0.313915 0.934844 -0.165907 -0.099995 0.141216 0.984916 -0.944171 -0.325769 -0.049150
2.627749 -42.545824 -12.037188 1384.105177 -0.269476 0.952457 -0.142154 0.326066 0.229139 0.917157 -0.906126 -0.200800 0.372311
1.420341 -4.493786 -54.915333 -2.143756 0.313664 0.727535 -0.610171 -0.713509 0.604586 0.354091 -0.626515 -0.324296 -0.708739
0.312347 -4.500266 -44.279534 -1.246077 0.311322 0.718915 -0.621482 -0.731999 0.598464 0.325605 -0.606017 -0.353556 -0.712560
1.377176 -4.369789 -58.250877 -5.466134 0.312329 0.724268 -0.614725 -0.767668 0.573600 0.285779 -0.559586 -0.382647 -0.735149
-0.236386 -8.902362 -41.948232 13.726182 0.730057 -0.217904 0.647715 -0.628628 -0.585878 0.511443 -0.268037 0.780554 0.564705
-0.105049 -9.196184 -31.244199 32.329285 0.675585 -0.275477 0.683885 -0.659261 -0.641000 0.393057 -0.330092 0.716402 0.614661
-1.095268 -8.453132 -37.310400 -6.195836 0.724767 -0.233538 0.648207 -0.590845 -0.694621 0.410369 -0.354422 0.680412 0.641424
-1.700077 -4.398644 10.067026 30.615059 -0.290116 -0.941042 0.173990 0.948092 -0.257890 0.186049 -0.130210 0.218935 0.967012
-1.570147 -4.797957 7.039702 11.119531 -0.312104 -0.935694 0.164524 0.919546 -0.253992 0.299871 -0.238800 0.244879 0.939686
-1.370459 -4.462251 10.302278 22.634723 -0.299463 -0.943696 0.140570 0.939178 -0.265598 0.217720 -0.168127 0.197220 0.965835
-1.414675 -3.831692 15.061597 41.272604 -0.269422 -0.951737 0.146997 0.960548 -0.254646 0.111814 -0.068986 0.171323 0.982797
-1.737716 -3.519877 15.733683 40.895145 -0.236010 -0.955037 0.179456 0.971268 -0.226013 0.074546 -0.030634 0.191893 0.980938
-2.056632 -4.227567 14.513685 36.729727 -0.233917 -0.946777 0.221124 0.969345 -0.209517 0.128343 -0.075183 0.244367 0.966764
-0.381402 -11.770562 16.092661 -318.495623 0.168953 0.972585 -0.159792 -0.959037 0.124819 -0.254298 0.227381 -0.196211 -0.953834
-0.415097 -8.211441 10.037497 -184.455845 0.129867 0.973939 -0.185951 -0.928545 0.053683 -0.367319 0.347763 -0.220366 -0.911317
-0.508585 -10.281131 4.203324 -317.370932 0.161073 0.969570 -0.184360 -0.948921 0.100792 -0.298982 0.271302 -0.223101 -0.936281
0.602423 -4.132143 -57.544584 16.843421 0.186953 0.976770 -0.104732 0.968951 -0.165788 0.183432 -0.161807 0.135773 0.977437
1.041242 -4.501712 -64.413629 7.470698 0.165304 0.979814 -0.112421 0.957600 -0.132185 0.255987 -0.235960 0.149970 0.960121
1.890125 -4.110004 71.066802 22.207029 -0.166821 -0.978280 0.123045 0.975633 -0.145740 0.164015 -0.142520 0.147407 0.978754
4.102164 -33.391949 -20.971716 808.160202 -0.157984 0.440623 -0.883681 0.884468 0.461049 0.071765 0.439042 -0.770250 -0.462555
2.634214 -36.472432 98.118096 1101.662588 -0.078101 0.605359 -0.792111 0.824985 0.485336 0.289568 0.559733 -0.630864 -0.537317
5.240457 -37.720641 30.805125 742.480976 -0.125086 0.558422 -0.820072 0.983926 0.176000 -0.030233 0.127450 -0.810672 -0.571461
1.023031 -20.118255 -13.524832 468.372287 -0.111562 0.450751 -0.885651 0.693797 0.673390 0.255326 0.711477 -0.585977 -0.387854
4.997067 -34.425117 -35.407616 385.733272 -0.208841 0.431944 -0.877388 0.977873 0.103472 -0.181819 0.012250 -0.895945 -0.443996
3.442968 -33.281183 -24.858795 632.422284 -0.230384 0.325288 -0.917121 0.890582 0.450296 -0.064005 0.392156 -0.831518 -0.393437
1.752921 -23.257448 8.828922 505.031558 -0.206454 0.328152 -0.921788 0.726659 0.682307 0.080148 0.655243 -0.653279 -0.379320
-3.392080 -98.013135 8.958665 4287.165881 0.694822 0.203472 0.689798 0.719027 -0.216415 -0.660428 0.014904 0.954863 -0.296672
-2.068651 -46.452628 -79.799794 1399.487595 0.585871 0.250433 0.770739 0.785205 0.059902 -0.616332 -0.200519 0.966279 -0.161547
-5.015583 -34.132253 -118.413954 631.952758 0.625563 0.189594 0.756786 0.724284 0.219404 -0.653663 -0.289973 0.957035 -0.000069
-8.743651 -55.938780 -262.161125 1806.312153 0.616086 0.207047 0.759980 0.785858 -0.095995 -0.610911 -0.053533 0.973610 -0.221851
-5.665274 -8.617357 -15.363998 57.124912 0.117156 0.796392 -0.593325 0.976498 -0.201206 -0.077254 -0.180905 -0.570329 -0.801247
-7.534785 -9.675764 -29.047945 122.702021 0.665772 0.565201 -0.487130 0.723062 -0.649870 0.234203 -0.184199 -0.508151 -0.841340
-4.834598 -7.394886 26.024816 65.171550 -0.116062 0.788343 -0.604189 0.991930 0.060737 -0.111295 -0.051042 -0.612230 -0.789030
-6.732040 -8.928829 -23.590742 30.876009 0.022402 0.916194 -0.400109 -0.743163 0.282962 0.606334 -0.668735 -0.283764 -0.687220
-7.476191 -8.770102 -65.037677 26.211866 0.133261 0.909193 -0.394473 -0.645835 0.381574 0.661285 -0.751757 -0.166641 -0.638038
-5.508960 -8.922739 148.591816 37.901888 0.319085 0.884037 -0.341559 -0.607367 0.467410 0.642366 -0.727523 -0.002482 -0.686078
-0.399194 -9.627468 329.080209 -20.319565 0.393914 0.884928 -0.248462 -0.668256 0.461328 0.583618 -0.631083 0.063859 -0.773082
-7.393596 -7.821363 12.048829 8.724092 -0.573243 -0.566489 -0.592016 0.817368 -0.344681 -0.461632 0.057453 -0.748522 0.660616
-7.289699 -7.761284 -22.836884 2.243114 0.752974 0.413589 0.511834 0.649406 -0.341380 -0.679508 0.106307 -0.844040 0.525638
-7.267915 -7.692951 33.722329 -1.537159 0.790000 0.544504 0.281807 0.559551 -0.452446 -0.694403 0.250603 -0.706264 0.662110
-7.365303 -7.689535 -29.822721 16.361838 -0.542586 -0.706945 -0.453685 0.825250 -0.347851 -0.444929 0.156725 -0.615815 0.772146
-6.927832 -7.464183 47.464011 0.201407 0.811011 0.569850 0.132405 0.525969 -0.611121 -0.591513 0.256159 -0.549365 0.795350
-6.546889 -7.490130 38.750335 -4.026821 0.842838 0.537381 0.029081 0.396948 -0.584274 -0.707854 0.363396 -0.608150 0.705760
-3.644408 -6.639312 -11.575629 -49.039524 -0.245499 0.902775 -0.353166 -0.884234 -0.357861 -0.300111 0.397317 -0.238605 -0.886119
-3.975393 -6.869146 -13.991428 2.318326 -0.351758 0.863460 -0.361529 0.904834 0.412601 0.105057 0.239880 -0.290169 -0.926423
0.291111 -7.568152 -32.705841 -107.712668 0.930475 0.366075 0.014323 0.280233 -0.686013 -0.671458 0.235978 -0.628789 0.740904
-0.510736 -5.853164 -31.341315 -50.095570 0.935828 0.352099 0.015868 0.293532 -0.753664 -0.588073 0.195101 -0.554994 0.808652
1.480364 -6.448179 55.134835 2.965270 -0.164870 -0.929096 0.331057 0.986221 -0.150648 0.068364 -0.013644 0.337766 0.941131
2.668066 -6.151815 83.393067 -3.414092 -0.177107 -0.917661 0.355713 0.981958 -0.140421 0.126654 -0.066276 0.371726 0.925974
2.344188 -6.319961 85.605927 -0.493879 -0.164902 -0.924571 0.343476 0.985131 -0.171416 0.011540 0.048208 0.340272 0.939090
1.422805 -6.506858 42.198936 -5.773909 -0.146871 -0.930757 0.334843 0.983893 -0.172338 -0.047483 0.101902 0.322476 0.941077
0.775993 -6.480698 16.368714 7.174308 -0.159452 -0.929168 0.333499 0.985712 -0.168426 0.002032 0.054282 0.329058 0.942748
-1.684502 -12.904322 36.057406 38.938593 0.229308 0.901006 -0.368247 0.560974 0.186842 0.806473 -0.795441 0.391508 0.462597
-2.032615 -11.854586 -1.211434 50.552269 0.168020 0.919805 -0.354582 0.694742 0.144696 0.704555 -0.699359 0.364722 0.614715
-0.648435 -5.375747 5.667708 -112.661582 0.219562 0.975594 0.002989 -0.625678 0.138460 0.767695 -0.748545 0.170427 -0.640808
-0.331708 -5.152545 24.956314 -46.992735 0.154828 0.981324 0.114153 -0.683442 0.022953 0.729644 -0.713397 0.190986 -0.674232
0.279438 -6.127594 23.973371 -65.944792 0.181059 0.979945 0.083215 -0.687338 0.065568 0.723372 -0.703409 0.188170 -0.685426
0.423943 -6.276369 4.278164 -16.217370 0.201314 0.811527 -0.548540 0.591221 -0.547163 -0.592512 0.780980 0.205027 0.589944
0.111380 -5.729829 -2.802459 0.100926 0.253561 0.751435 -0.609140 0.547224 -0.630698 -0.550241 0.797654 0.193816 0.571124
1.109490 -4.996019 -39.260967 5.151805 0.454006 0.862451 -0.223731 -0.758177 0.505848 0.411443 -0.468024 0.017170 -0.883549
0.839741 -4.997417 -31.995501 -6.453961 0.421171 0.883044 -0.207000 -0.738767 0.466404 0.486509 -0.526154 0.051978 -0.848799
0.668940 -5.111618 -25.304221 26.242254 0.432014 0.870897 -0.234314 -0.775495 0.491356 0.396455 -0.460403 -0.010435 -0.887649
0.950891 -5.270926 -39.795686 17.665422 0.462966 0.854958 -0.233899 -0.788489 0.517784 0.331939 -0.404903 -0.030750 -0.913842
1.947743 -5.097786 25.771354 -6.579170 0.092502 0.942020 -0.322555 -0.266099 -0.288774 -0.919674 0.959497 -0.170903 -0.223958
2.278952 -5.174138 36.025952 1.666524 0.078078 0.938923 -0.335154 -0.153099 -0.320900 -0.934657 0.985122 -0.124288 -0.118693
-0.711376 -12.190822 25.043093 -56.404511 -0.286995 -0.582727 0.760305 -0.556994 0.747245 0.362468 -0.779354 -0.319459 -0.539031
-0.723754 -12.425557 10.750645 93.613652 -0.248684 -0.626513 0.738673 -0.701448 0.642396 0.308703 -0.667927 -0.441372 -0.599220
-0.256853 -11.253283 35.199634 -61.153546 -0.275849 -0.565594 0.777181 -0.569368 0.747583 0.341965 -0.774421 -0.348171 -0.528251
-1.048034 -12.730540 -11.081787 12.311902 -0.288795 -0.623251 0.726743 -0.612873 0.703519 0.359789 -0.735516 -0.341496 -0.585146
-0.253564 -13.949885 37.781205 -213.619354 -0.294510 -0.543742 0.785881 -0.417433 0.812948 0.406036 -0.859659 -0.208471 -0.466397
-0.715465 -14.066899 3.236860 -133.012871 -0.337160 -0.564233 0.753634 -0.426220 0.805252 0.412196 -0.839440 -0.182238 -0.511986
0.721350 -10.724652 19.683589 82.636506 0.868052 0.225250 -0.442435 -0.430051 -0.104145 -0.896778 0.248076 -0.968719 -0.006466
-0.184560 -10.405297 23.455884 -60.139405 0.855607 0.223167 -0.467048 -0.357872 -0.396868 -0.845236 0.373985 -0.890333 0.259697
-0.207818 -10.766545 18.633070 -19.347212 0.900149 0.251045 -0.355960 -0.274999 -0.306217 -0.911377 0.337797 -0.918264 0.206604
0.826840 -30.572047 -23.039399 -472.968432 0.238902 0.586336 -0.774038 0.791586 -0.579281 -0.194489 -0.562421 -0.566254 -0.602527
2.068347 0.177322 -238.081991 -9.340210 0.989727 0.131992 -0.054942 0.142675 -0.887150 0.438872 -0.009185 0.442202 0.896868
0.178372 -2.334000 1.725083 -199.623527 -0.169223 -0.886370 0.430942 0.985112 -0.165560 0.046308 0.030301 0.432363 0.901191
4.643626 0.245154 159.687404 6.342572 0.899915 -0.168393 -0.402241 -0.028310 0.897923 -0.439242 0.435146 0.406668 0.803286
3.041573 -0.264438 220.652188 9.051340 0.861727 -0.271795 -0.428432 0.047643 0.884030 -0.464996 0.505130 0.380288 0.774742
2.802638 0.010220 237.882919 10.700499 0.853602 -0.257754 -0.452688 0.019681 0.884343 -0.466422 0.520554 0.389230 0.759950
0.613344 -4.246958 -85.098008 17.157124 0.988478 0.074239 -0.131905 0.135099 -0.825708 0.547681 0.068256 0.559191 0.826224
-0.911995 -4.222392 -66.999795 14.008352 0.947112 0.215506 -0.237775 0.311710 -0.793909 0.522058 0.076265 0.568564 0.819096
0.307949 -4.507819 -82.024768 24.228601 0.968803 0.160022 -0.189245 0.243733 -0.753496 0.610605 0.044885 0.637681 0.768992
2.314877 -4.686363 -90.057543 21.291429 0.995946 -0.003474 -0.089888 0.054868 -0.768394 0.637621 0.071285 0.639968 0.765088
1.739697 -14.127412 -26.054911 261.318547 0.026887 0.838670 -0.543976 -0.076674 0.544300 0.835379 -0.996694 -0.019248 -0.078939
2.339081 -17.818193 -23.082342 284.205030 0.047962 0.862520 -0.503745 -0.330176 0.489666 0.806977 -0.942700 -0.127620 -0.308269
1.757837 -14.912167 -13.934336 44.183205 0.088294 0.878756 -0.469034 -0.111522 0.476633 0.872000 -0.989832 0.024685 -0.140085
2.307386 -23.018504 -50.833440 481.096610 -0.027793 0.827226 -0.561182 -0.399496 0.505424 0.764820 -0.916314 -0.245446 -0.316426
1.136730 -13.353753 3.081635 36.583239 0.106117 0.877062 -0.468510 0.040526 0.466964 0.883347 -0.993527 0.112725 -0.014009
0.671165 -12.970850 5.773861 33.402973 0.090233 0.866089 -0.491679 0.127249 0.479620 0.868201 -0.987758 0.140906 0.066931
0.820058 -15.009864 -81.005607 289.046331 -0.040046 0.797069 -0.602559 -0.133519 0.593366 0.793782 -0.990237 -0.112240 -0.082662
0.515671 -12.131313 -61.455007 233.238734 -0.006010 0.824217 -0.566242 0.128285 0.562209 0.816985 -0.991719 0.067730 0.109113
6.143894 -33.131941 -68.941347 416.545713 0.248769 0.302357 -0.920160 0.968145 -0.105522 0.227069 -0.028442 -0.947336 -0.318976
7.650284 -38.091780 20.417459 410.436056 0.223505 0.489815 -0.842690 0.973987 -0.079102 0.212350 0.037354 -0.868231 -0.494753
7.940731 -62.313452 -96.822098 -2150.255564 0.294625 0.313534 -0.902714 0.787872 -0.614281 0.043789 -0.540790 -0.724124 -0.428008
8.195476 -39.377776 -99.559193 1249.839863 0.262795 0.339124 -0.903291 0.903878 0.240999 0.353445 0.337554 -0.909348 -0.243194
4.174119 -32.532960 -85.905852 -421.770223 0.230645 0.183977 -0.955487 0.855642 -0.505933 0.109127 -0.463335 -0.842724 -0.274110
5.976975 -35.385697 -110.661537 1047.241133 0.275434 0.229764 -0.933459 0.889855 0.306455 0.337999 0.363723 -0.923739 -0.120048
4.121134 -31.994370 -110.465050 575.546084 0.253911 0.121853 -0.959521 0.967073 -0.014261 0.254098 0.017279 -0.992446 -0.121461
-4.127390 -28.802789 -104.449433 634.282049 -0.068323 0.516619 0.853485 0.943631 0.311178 -0.112818 -0.323870 0.797667 -0.508759
-3.630070 -26.295313 -118.097910 -439.560264 -0.123817 0.524508 0.842354 0.655634 0.680445 -0.327321 -0.744858 0.511748 -0.428136
3.451091 -2.261161 39.546443 14.261992 0.927413 -0.234692 -0.291248 0.153243 0.948712 -0.276519 0.341207 0.211816 0.915812
2.475302 -2.264335 100.709693 13.377811 0.891432 -0.181200 -0.415351 0.075869 0.963316 -0.257424 0.446759 0.197963 0.872477
1.004930 -8.723201 -111.700112 -22.340592 -0.207388 -0.745584 0.633321 0.925109 -0.359962 -0.120832 0.318062 0.560832 0.764398
3.035958 -9.671227 -81.937230 -33.186289 -0.233745 -0.785135 0.573521 0.916346 -0.375100 -0.140034 0.325073 0.492811 0.807133
2.542987 -8.573691 -91.482240 -75.306841 -0.270306 -0.750990 0.602453 0.947766 -0.317617 0.029313 0.169335 0.578908 0.797616
1.439480 -9.136986 -104.098573 0.055304 -0.156509 -0.782549 0.602596 0.866593 -0.401505 -0.296330 0.473838 0.475827 0.740990
-0.532539 -8.084796 -98.965056 -5.818384 -0.217283 -0.735042 0.642262 0.926673 -0.362077 -0.100881 0.306701 0.573247 0.759817
-0.623170 -8.400026 -85.372730 16.121191 -0.164686 -0.772648 0.613101 0.877766 -0.398326 -0.266203 0.449895 0.494319 0.743803
-0.213770 -1.995910 23.721819 -2.457492 -0.529818 0.796569 -0.291154 0.685845 0.200464 -0.699593 -0.498908 -0.570344 -0.652532
-0.091286 -1.914265 -15.999980 16.006159 -0.411713 0.806642 -0.424052 0.783144 0.075218 -0.617275 -0.466024 -0.586234 -0.662685
2.729086 -2.764725 -115.130035 6.382975 -0.416721 0.797261 -0.436713 0.730559 0.007838 -0.682805 -0.540951 -0.603583 -0.585713
1.591004 -2.315791 -91.876448 24.394830 -0.343210 0.804698 -0.484425 0.808912 -0.008884 -0.587863 -0.477356 -0.593618 -0.647881
-0.159166 -6.602612 -53.373004 -1.689116 0.275882 -0.405402 0.871515 0.927261 0.351034 -0.130239 -0.253132 0.844053 0.472757
1.358233 -6.758494 -51.772155 -0.471438 0.203198 -0.435020 0.877193 0.968759 0.219417 -0.115595 -0.142185 0.873278 0.466015
0.574093 -6.298342 -57.583863 -38.487905 0.250417 -0.409035 0.877486 0.907248 0.415509 -0.065224 -0.337924 0.812430 0.475146
1.505349 -5.997556 -29.110372 -40.357477 0.209831 -0.464003 0.860623 0.934436 0.354219 -0.036851 -0.287750 0.811930 0.507907
-0.782923 -6.375035 -49.372182 -31.805458 0.328073 -0.388223 0.861192 0.859273 0.501383 -0.101320 -0.392452 0.773239 0.498080
1.004383 -6.067785 -44.962334 -55.318607 0.237523 -0.425630 0.873168 0.881859 0.471406 -0.010098 -0.407318 0.772409 0.487315
0.237498 -6.000733 -58.084088 -35.456826 0.280970 -0.391331 0.876308 0.850179 0.525113 -0.038094 -0.445254 0.755722 0.480243
0.009631 -4.481127 8.705781 5.335461 -0.266373 0.780657 -0.565349 -0.841883 -0.474042 -0.257910 0.469338 -0.407258 -0.783494
0.138832 -4.630240 14.768789 4.250408 -0.266264 0.786150 -0.557737 0.868985 0.446159 0.214023 0.417094 -0.427679 -0.801949
-0.020849 -4.686733 -18.197516 10.916860 -0.236845 0.786163 -0.570835 -0.840663 -0.460364 -0.285220 0.487021 -0.412327 -0.769933
0.101632 -4.754711 -14.705145 -0.991292 -0.255183 0.776048 -0.576742 0.874349 0.439867 0.205012 0.412789 -0.451958 -0.790784
0.725449 -9.701927 14.855993 3.833323 0.159992 0.823038 -0.544987 -0.428729 0.555245 0.712667 -0.889154 -0.119631 -0.441695
0.331655 -9.783069 12.051902 10.311250 0.165982 0.834120 -0.526017 -0.362532 0.547675 0.754071 -0.917072 -0.065536 -0.393299
0.895644 -9.094756 12.777188 9.967768 0.149521 0.829508 -0.538108 -0.313838 0.555899 0.769729 -0.937629 -0.053788 -0.343450
0.969338 -10.693269 20.289691 -139.211348 0.097989 0.971421 -0.216195 0.209526 0.192233 0.958721 -0.972881 0.139243 0.184701
0.560568 -22.038418 -3.036295 -182.676762 0.005261 0.947959 -0.318348 0.532073 -0.272201 -0.801752 0.846682 0.165166 0.505815
0.526504 -20.880717 -9.092680 -216.207185 0.048138 0.931713 -0.359992 0.771457 -0.263611 -0.579106 0.634458 0.249841 0.731466
0.596646 -11.318691 -5.549706 72.073958 -0.042431 0.846874 -0.530098 0.959656 0.182156 0.214196 0.277957 -0.499624 -0.820436
0.280736 -10.040627 23.128191 -66.328388 -0.087761 0.853452 -0.513730 -0.889048 -0.299729 -0.346058 0.449324 -0.426360 -0.785064
0.465924 -10.334098 25.224989 46.112535 -0.050951 0.863076 -0.502497 0.939155 0.212546 0.269838 0.339694 -0.458174 -0.821392
0.810108 -6.759607 37.157171 -91.122090 -0.617413 -0.205374 0.759357 -0.524187 0.827181 -0.202485 -0.586540 -0.523062 -0.618366
0.011320 -5.574308 -11.535568 -93.757878 0.603686 0.248237 -0.757589 -0.574160 0.794655 -0.197138 -0.553085 -0.553987 -0.622250
-0.072995 -3.793295 -15.793293 -47.169288 0.727371 0.049173 -0.684481 -0.464214 0.769847 -0.437996 -0.505408 -0.636331 -0.582791
0.804870 -3.735054 -4.243177 -25.589193 0.800604 -0.083300 -0.593375 -0.370690 0.709182 -0.599707 -0.470767 -0.700087 -0.536896
0.078717 -15.726064 -4.074421 18.083983 0.700017 -0.330059 0.633275 0.181366 0.939876 0.289378 -0.690712 -0.087715 0.717790
0.157358 -15.073601 7.201097 56.885979 0.721027 -0.298364 0.625379 0.309337 0.946217 0.094786 -0.620025 0.125110 0.774543
0.117225 -14.856681 9.401850 87.508984 0.715135 -0.292832 0.634690 0.313251 0.945992 0.083504 -0.624864 0.139101 0.768242
1.074052 -8.832863 -2.228226 19.384762 -0.111016 0.701656 -0.703814 0.275389 -0.658740 -0.700158 0.954901 0.271552 0.120098
-13.295325 -22.840817 -96.356143 -321.836104 0.281029 0.810199 -0.514392 -0.205957 0.574421 0.792227 -0.937339 0.116696 -0.328295
0.968129 -1.038639 45.869495 7.079150 -0.274652 -0.954156 0.118964 0.957394 -0.282848 -0.058264 0.089242 0.097893 0.991188
1.672744 -1.061495 56.652865 0.807183 -0.332926 -0.932638 0.139095 0.937861 -0.342815 -0.053805 0.097865 0.112539 0.988816
0.949159 -0.764262 -37.398530 4.248721 0.347352 0.927971 -0.134966 0.930496 -0.358931 -0.073112 0.116290 0.100190 0.988149
2.043324 -1.416881 51.656546 9.834880 -0.289917 -0.945206 0.150113 0.953722 -0.298404 -0.036992 0.079760 0.132441 0.987977
0.124171 -0.783667 -29.001833 7.510331 0.347282 0.928377 -0.132333 0.931107 -0.358147 -0.069061 0.111510 0.099233 0.988796
1.164706 -1.472925 53.311305 16.050726 -0.228868 -0.966824 0.113448 0.971453 -0.234315 -0.037086 0.062438 0.101721 0.992852
