11145
22281
-6.124141 -7.730513 26.866501 118.831117 -0.136252 0.969286 -0.204742 -0.795029 -0.230289 -0.561156 0.591071 -0.086317 -0.801988
-6.698624 -9.283845 31.732470 121.685526 -0.136725 0.976147 -0.168649 -0.711817 -0.215212 -0.668581 0.688929 -0.028635 -0.724263
-6.912355 -10.572588 -52.230480 245.682418 0.405426 0.887734 0.218077 -0.635208 0.445145 -0.631155 0.657373 -0.117363 -0.744370
-5.422485 -7.877976 -10.329821 75.119416 -0.446490 0.828777 -0.337306 -0.655777 -0.559556 -0.506807 0.608772 0.005086 -0.793329
-5.309309 -7.195617 -85.800579 153.354767 0.312179 0.949700 0.024761 -0.790443 0.274111 -0.547780 0.527015 -0.151433 -0.836256
-4.700715 -6.459020 -3.846313 65.324575 -0.501125 0.771922 -0.391165 -0.691661 -0.628932 -0.355036 0.520076 -0.092636 -0.849081
-2.547394 -4.613567 -100.167331 21.313068 -0.236326 0.920264 -0.311871 -0.899580 -0.328541 -0.287779 0.367295 -0.212544 -0.905494
-2.432531 -5.158531 -89.209637 9.287245 0.037455 0.976739 -0.211134 -0.909064 -0.054434 -0.413085 0.414969 -0.207406 -0.885880
-1.364335 -4.843394 -51.772068 8.521581 0.064901 0.979738 -0.189479 -0.928528 -0.010265 -0.371121 0.365546 -0.200022 -0.909047
-1.709706 -3.667450 -75.262009 82.098779 -0.128288 0.955600 -0.265275 -0.949232 -0.195785 -0.246224 0.287228 -0.220220 -0.932203
4.318807 -11.922213 146.506120 156.920786 -0.711272 0.567918 -0.414199 0.454265 0.821058 0.345699 0.536410 0.057730 -0.841981
4.486451 -9.963493 6.975300 108.533143 -0.706330 0.434399 -0.558924 0.307149 0.899445 0.310900 0.637775 0.047925 -0.768730
3.436671 -9.487545 95.620855 203.787526 -0.714109 0.530000 -0.457327 0.287588 0.817730 0.498609 0.638233 0.224539 -0.736370
1.803271 -10.414117 120.563185 212.465612 -0.699417 0.628088 -0.341059 0.419620 0.747160 0.515433 0.578563 0.217387 -0.786135
2.474588 -6.558401 76.093425 142.365059 -0.708638 0.511377 -0.486134 0.179071 0.796782 0.577124 0.682471 0.321920 -0.656202
1.714315 -8.085340 112.120372 174.704748 -0.714457 0.588032 -0.379169 0.300897 0.747471 0.592240 0.631674 0.309039 -0.710973
-1.672958 -68.923014 -343.762474 -2114.184190 0.737697 0.558552 -0.379238 -0.517137 0.828602 0.214447 0.434018 0.037921 0.900106
6.220842 -58.187738 6.129090 1743.122932 0.717417 0.626070 -0.305531 0.662633 -0.748623 0.021908 0.215012 0.218173 0.951930
0.762950 -57.068876 -342.356584 -2145.147822 0.824746 0.410980 -0.388445 -0.407887 0.908102 0.094759 0.391692 0.080290 0.916587
-5.066641 -41.423974 140.861768 84.888110 0.527196 0.787333 -0.319642 0.620333 -0.613677 -0.488455 0.580734 -0.059227 0.811936
0.311634 -4.791313 -12.712584 28.557090 -0.149594 0.972506 -0.178476 -0.150427 0.156021 0.976232 -0.977238 -0.172886 -0.122951
0.129632 -5.451563 -31.026309 64.823332 -0.169167 0.971244 -0.167535 -0.227370 0.126942 0.965499 -0.959002 -0.201423 -0.199357
0.470955 -5.006568 8.572873 30.493277 -0.117696 0.973386 -0.196638 -0.186020 0.172899 0.967214 -0.975471 -0.150416 -0.160720
0.359539 -4.774773 11.206504 -26.777886 -0.110877 0.977257 -0.180762 -0.115572 0.167971 0.978994 -0.987091 -0.129439 -0.094320
-0.080296 -12.260374 -17.402893 26.149823 0.057060 0.995178 -0.079782 -0.844241 0.005440 -0.535936 0.532918 -0.097936 -0.840480
0.295113 -11.403067 -9.711569 48.956632 0.040088 0.995738 -0.083059 -0.932790 0.007496 -0.360343 0.358185 -0.091922 -0.929115
-0.057754 -11.545577 6.158448 53.833545 0.034292 0.997268 -0.065423 -0.913078 0.004648 -0.407758 0.406340 -0.073719 -0.910743
-0.076937 -12.217191 -9.761294 5.947628 0.060026 0.994927 -0.080733 -0.792170 -0.001729 -0.610298 0.607341 -0.100588 -0.788047
-0.179540 -11.270407 -9.031990 49.762957 0.039886 0.995118 -0.090272 -0.919632 0.001230 -0.392778 0.390750 -0.098683 -0.915192
1.599262 -20.036204 64.335278 232.243615 0.345170 0.908829 0.234280 -0.400578 0.368401 -0.838939 0.848761 -0.195730 -0.491218
1.192530 -17.270987 61.127085 140.817050 0.351558 0.902471 0.248903 -0.545095 0.413488 -0.729314 0.761103 -0.120721 -0.637297
2.297500 -20.566157 54.616235 238.183846 0.382801 0.887447 0.256712 -0.470733 0.426470 -0.772356 0.794905 -0.174816 -0.581004
2.588576 -22.056399 78.869267 72.910212 0.349150 0.907970 0.231698 -0.200336 0.313869 -0.928090 0.915401 -0.277626 -0.291486
0.966024 -20.836282 -32.639373 282.382003 0.223718 0.949919 0.218183 0.820024 -0.062456 -0.568911 0.526792 -0.306191 0.792929
0.416329 -19.610685 -10.219157 367.095131 0.218618 0.951454 0.216660 0.825228 -0.061774 -0.561411 0.520772 -0.301529 0.798672
0.636430 -23.196320 18.655898 315.063561 -0.230939 -0.945417 -0.229898 0.939703 -0.155471 -0.304610 0.252241 -0.286382 0.924316
0.599471 -18.863807 -5.312930 106.395616 0.255095 0.952133 0.168433 0.675489 -0.050846 -0.735615 0.691839 -0.301426 0.656126
1.150026 -24.950435 -29.111964 365.240841 0.225933 0.952735 0.203099 0.912341 -0.133871 -0.386926 0.341449 -0.272715 0.899466
1.504537 -23.829581 -37.979750 147.332230 0.228288 0.955805 0.185259 0.766939 -0.059330 -0.638971 0.599740 -0.287952 0.746589
1.149920 -19.353971 -26.048495 -73.127870 0.256470 0.953368 0.159100 0.657750 -0.051537 -0.751471 0.708229 -0.297378 0.640295
-1.739521 -27.007646 2.759852 -358.059777 0.008465 0.997892 0.064342 0.529350 -0.059061 0.846346 -0.848362 -0.026895 0.528734
-1.114018 -24.782070 5.229965 -313.033018 0.043393 0.989484 0.137977 0.338065 -0.144503 0.929963 -0.940122 -0.006291 0.340781
-1.879079 -28.065457 4.342517 -155.971279 0.031249 0.991392 0.127146 0.671405 -0.115055 0.732105 -0.740431 -0.062489 0.669221
-2.530893 -26.911978 -1.646030 -96.542421 -0.001591 0.997274 0.073776 0.811093 -0.041866 0.583417 -0.584915 -0.060768 0.808815
-2.543953 -27.353097 1.250378 209.506461 0.032856 0.992356 0.118954 0.907089 -0.079581 0.413347 -0.419654 -0.094322 0.902770
-1.639425 -26.375663 -27.643409 13.442128 0.029721 0.981667 0.188272 0.852399 -0.123265 0.508155 -0.522046 -0.145380 0.840436
-0.717505 -32.219378 -21.040198 315.991637 0.063383 0.993501 0.094548 -0.985563 0.047409 0.162535 -0.156996 0.103485 -0.982163
-0.173234 -33.005546 -26.464532 -105.895121 0.067363 0.993448 0.092327 -0.956686 0.090583 -0.276671 0.283221 0.069690 -0.956519
-0.251899 -34.895989 -30.470216 -364.785365 0.035091 0.993431 0.108916 0.999199 -0.036975 0.015328 0.019255 0.108291 -0.993933
-0.689700 -29.433047 -14.654773 -169.940584 0.076689 0.991112 0.108699 0.994419 -0.083952 0.063898 0.072456 0.103192 -0.992019
-0.785320 -33.137504 -17.798581 503.513426 0.033772 0.992883 0.114201 -0.929213 -0.010881 0.369385 -0.367999 0.118592 -0.922232
-0.865062 -28.929625 -10.139376 429.283826 0.066897 0.991390 0.112561 -0.951424 0.029403 0.306477 -0.300528 0.127595 -0.945200
-1.111071 -29.170461 -5.931105 349.686370 0.036234 0.992295 0.118479 -0.852093 -0.031266 0.522456 -0.522135 0.119885 -0.844395
0.786825 -22.112671 1.341829 -280.503173 0.052344 0.987586 0.148102 -0.292777 -0.126612 0.947761 -0.954747 0.092970 -0.282515
0.839843 -21.912067 -15.643250 -272.647762 0.058660 0.987967 0.143111 -0.152901 -0.132775 0.979282 -0.986499 0.079327 -0.143272
0.811830 -24.618157 -1.987117 -98.951813 0.076097 0.984563 0.157623 0.094103 -0.164467 0.981884 -0.992650 0.059886 0.105166
0.596582 -23.160072 18.423440 -107.134906 0.074244 0.984673 0.157818 -0.116883 -0.148572 0.981970 -0.990367 0.091352 -0.104061
0.730232 -21.707714 19.628357 -133.133430 0.066537 0.984506 0.162240 -0.421074 -0.119706 0.899092 -0.904582 0.128138 -0.406585
-4.450479 -14.628736 -11.906906 -25.164193 0.321984 0.940386 0.109547 -0.941454 0.330249 -0.067815 0.099950 0.081298 -0.991666
-4.567270 -14.322759 0.541335 -18.025576 0.305822 0.938648 0.159414 0.949697 -0.288887 -0.120914 -0.067443 0.188373 -0.979779
-4.876883 -14.621103 -4.194245 14.070776 0.320490 0.922100 0.216837 0.944925 -0.327248 -0.004998 0.066351 0.206496 -0.976195
46.215777 -472.921215 2428.352008 77882.456407 -0.040009 0.989661 -0.137733 -0.708959 -0.125252 -0.694039 0.704114 -0.069879 -0.706640
3.807560 -570.718808 174.098098 53832.963043 -0.246417 0.950153 -0.191019 -0.879180 -0.136215 0.456604 -0.407824 -0.280455 -0.868921
-15.795372 -546.578700 -39.491232 20884.905749 -0.063077 0.992884 -0.101010 -0.957690 -0.088696 -0.273794 0.280805 -0.079466 -0.956469
3.216624 -1457.855381 -1536.915127 52599.749038 -0.100714 0.993203 0.058347 0.013103 0.059964 -0.998115 0.994829 0.099759 0.019053
0.449738 -5.596741 12.953447 62.130564 0.006359 0.999851 -0.016037 -0.626387 -0.008518 -0.779465 0.779486 -0.015002 -0.626240
0.462832 -5.123146 -22.324156 70.491284 -0.001446 0.996729 -0.080797 -0.665266 -0.061282 -0.744087 0.746605 -0.052676 -0.663178
0.317567 -5.991008 -29.934405 39.115689 0.013994 0.998016 -0.061391 -0.573857 -0.042263 -0.817864 0.818836 -0.046674 -0.572127
-0.894931 -4.013814 -56.810067 10.745795 -0.059638 0.997873 0.026337 -0.823324 -0.064090 0.563942 -0.564430 -0.011948 -0.825395
-0.035376 -3.632725 -37.904040 3.421885 -0.030147 0.999545 -0.000424 -0.814812 -0.024330 0.579215 -0.578941 -0.017807 -0.815175
-0.699600 -4.073877 -43.266434 -22.484766 0.069846 0.995458 -0.064683 -0.780511 0.094914 0.617895 -0.621228 -0.007328 -0.783595
-1.902374 -4.652838 -73.575911 -17.039913 0.087296 0.993428 -0.074034 -0.772289 0.114432 0.624880 -0.629245 -0.002627 -0.777203
-1.998828 -4.659801 -72.720774 12.205363 -0.068590 0.996439 0.049028 -0.832402 -0.084249 0.547730 -0.549911 0.003242 -0.835217
-2.497199 -12.971762 10.457178 -31.906412 0.130831 0.990587 0.040261 0.184265 -0.064199 0.980778 -0.974130 0.120898 0.190930
-2.577541 -12.803174 15.312637 -62.375038 0.117850 0.991296 0.058686 0.297253 -0.091603 0.950394 -0.947498 0.094559 0.305461
-2.618096 -13.574990 20.333369 -99.691595 0.154916 0.986954 0.043854 0.344652 -0.095593 0.933851 -0.925860 0.129554 0.354965
-2.315287 -12.292966 -4.742811 14.805980 0.124618 0.991839 0.026953 -0.018090 -0.024889 0.999527 -0.992040 0.125047 -0.014841
-1.757823 -12.932850 -24.453434 -3.348348 0.078306 0.994618 0.067847 0.055394 -0.072292 0.995844 -0.995389 0.074222 0.060757
1.824309 -23.148136 34.258125 167.085118 0.097760 0.994854 0.026620 0.989150 -0.100077 0.107553 -0.109664 -0.015817 0.993843
1.940953 -26.436958 9.583654 599.327306 -0.098052 -0.988926 -0.111407 0.994768 -0.100621 0.017655 -0.028670 -0.109093 0.993618
4.161482 -199.335869 121.630150 8722.701286 0.100180 0.988741 0.111152 0.941683 -0.130290 0.310255 -0.321244 -0.073589 0.944133
210.166444 -5924.679742 1721.272211 303936.271061 0.278549 0.954370 0.107649 0.910723 -0.298060 0.285910 -0.304950 -0.018399 0.952191
1.295999 -19.429149 53.503282 -115.158839 0.026752 0.999055 -0.034266 0.980305 -0.019510 0.196526 -0.195671 0.038849 0.979900
-6.113931 -32.694504 35.048962 -1099.452492 0.955412 -0.043855 0.292000 0.293455 0.031424 -0.955456 -0.032726 -0.998544 -0.042893
-4.343075 -22.024583 -107.473176 -853.175215 0.975728 -0.124103 -0.180424 -0.179434 0.019198 -0.983583 -0.125529 -0.992084 0.003536
-9.485276 -50.006465 -44.049999 -2018.250671 0.993565 -0.083802 0.076192 0.082524 0.074891 -0.993771 -0.077574 -0.993664 -0.081324
-12.601445 -94.825150 -186.958422 -3609.436074 0.997387 0.040538 0.059794 0.051816 0.175293 -0.983152 0.050336 -0.983681 -0.172735
-6.600430 -38.970376 133.458980 -1429.225348 0.920948 -0.000395 0.389686 0.385250 0.151376 -0.910312 0.058630 -0.988476 -0.139562
-2.559108 -23.566484 80.511693 -804.461322 0.841499 -0.024074 0.539722 0.540119 0.060235 -0.839431 0.012302 -0.997894 -0.063690
-0.383121 -8.926306 -4.046320 -29.965539 0.021560 0.992541 0.119987 0.223211 0.112207 -0.968290 0.974532 -0.047658 0.219127
-0.606704 -9.478330 -1.393557 -17.870525 0.018330 0.993592 0.111533 0.094363 0.109335 -0.989516 0.995369 -0.028662 0.091754
-0.338533 -8.584456 10.147779 -43.744162 -0.013164 0.987833 0.154962 0.193499 0.154562 -0.968849 0.981012 -0.017231 0.193179
-0.406679 -10.564168 143.868126 26.503771 0.167379 0.985433 -0.030106 0.774220 -0.150287 -0.614815 0.610384 -0.079598 0.788096
-1.952053 -9.970158 43.957327 -102.943473 0.180184 0.982197 0.053125 0.897011 -0.141915 -0.418607 0.403616 -0.123080 0.906612
-2.247887 -9.318911 33.201599 40.021824 0.105751 0.980567 0.165240 0.835717 0.002412 -0.549155 0.538882 -0.196167 0.819222
-0.932151 -9.638247 129.321713 162.209208 0.115031 0.989895 0.082923 0.730266 -0.027680 -0.682602 0.673408 -0.139077 0.726071
1.834812 -10.562926 -23.473269 -293.379167 -0.033408 0.509894 -0.859588 -0.736540 0.568799 0.366028 0.675568 0.645349 0.356555
1.795948 -8.673103 -42.144575 -192.282248 -0.142171 0.526689 -0.838085 -0.700776 0.544411 0.461010 0.699071 0.652852 0.291692
2.223182 -6.349342 -31.956952 -145.913214 -0.053755 0.520133 -0.852392 -0.691045 0.596816 0.407759 0.720810 0.610960 0.327354
2.961652 -3.815854 22.666190 -39.994567 -0.041628 0.509201 -0.859640 -0.680325 0.615668 0.397631 0.731727 0.601387 0.320794
2.836034 -7.095941 63.097245 -183.298301 0.007995 0.498535 -0.866833 -0.694704 0.626280 0.353780 0.719252 0.599364 0.351341
-2.615347 -7.128934 57.461658 63.607312 0.466405 0.884366 0.019056 -0.881373 0.462781 0.094944 -0.075146 0.061078 -0.995300
-4.883602 -24.059314 6.366394 -940.426951 -0.866619 -0.497926 0.032271 -0.493728 0.865069 0.088816 -0.072141 0.061036 -0.995525
-1.946862 -10.407429 5.342034 240.356557 0.207842 0.978144 0.006069 -0.978099 0.207895 -0.010120 0.011160 0.003833 -0.999930
-3.016063 -66.423787 -47.481105 -2900.515972 -0.963469 -0.242452 0.113776 -0.223733 0.962138 0.155675 -0.147212 0.124532 -0.981234
4.821440 -8.794523 97.200865 31.127288 -0.251294 0.967878 -0.008019 -0.283210 -0.065603 0.956812 -0.925550 -0.242712 -0.290598
3.309523 -8.646883 64.578897 12.391998 -0.189939 0.981459 -0.025725 -0.375083 -0.048325 0.925731 -0.907324 -0.185481 -0.377307
4.039816 -8.841268 89.789030 54.299264 -0.186838 0.982241 -0.017157 -0.217658 -0.024359 0.975721 -0.957975 -0.186036 -0.218344
4.641369 -8.489343 105.330177 -52.494124 -0.262717 0.964781 -0.013288 -0.491327 -0.121914 0.862400 -0.830408 -0.233097 -0.506052
5.364249 -8.593280 98.360403 27.182625 -0.251992 0.967581 -0.016953 -0.144818 -0.020383 0.989248 -0.956832 -0.251737 -0.145260
6.064592 -8.806087 41.354276 52.680413 -0.353352 0.934290 -0.047376 -0.212566 -0.030868 0.976659 -0.911020 -0.355175 -0.209506
0.511470 -7.861493 12.443180 -57.397977 -0.140085 -0.980168 -0.140164 0.987267 -0.127498 -0.095121 0.075364 -0.151705 0.985549
0.293934 -7.815628 -1.096498 -62.652472 -0.109397 -0.983956 -0.140935 0.992035 -0.099171 -0.077666 0.062444 -0.148309 0.986968
0.323232 -7.560061 -1.282561 9.968149 -0.056965 -0.989341 -0.134013 0.997789 -0.061021 0.026354 -0.034251 -0.132215 0.990629
0.196220 -7.268878 8.982808 1.729535 -0.048057 -0.986108 -0.159003 0.997597 -0.055338 0.041679 -0.049899 -0.156618 0.986398
0.584041 -7.780225 14.671324 30.790321 -0.079969 -0.987559 -0.135393 0.996651 -0.081542 0.006109 -0.017074 -0.134451 0.990773
0.452694 -8.192125 -3.528623 74.759629 0.003152 0.993338 0.115192 0.991168 -0.018374 0.131330 -0.132572 -0.113761 0.984623
0.190934 -7.815943 -2.304193 56.019985 0.006614 0.991434 0.130440 0.985914 -0.028265 0.164845 -0.167120 -0.127512 0.977656
0.975977 -14.469284 25.324026 -164.617161 0.378973 0.896015 -0.231378 0.611030 -0.430057 -0.664600 0.694998 -0.110487 0.710472
0.478017 -15.028699 11.285670 -153.563054 0.346311 0.915592 -0.204352 0.664871 -0.393222 -0.635077 0.661827 -0.084067 0.744928
1.357142 -18.354967 25.779610 -292.237249 0.345722 0.915833 -0.204271 0.491950 -0.362285 -0.791665 0.799037 -0.173205 0.575794
1.525434 -17.760159 18.786243 -365.754404 0.410166 0.882547 -0.229945 0.496249 -0.427510 -0.755627 0.765180 -0.195822 0.613313
1.185312 -13.354837 5.971206 -148.591133 0.417429 0.879310 -0.229274 0.595961 -0.455375 -0.661411 0.685991 -0.139454 0.714122
1.694292 -6.723514 56.940904 -0.468990 -0.064649 0.912758 -0.403352 -0.413065 -0.392421 -0.821817 0.908404 -0.113481 -0.402398
3.144459 -6.837320 84.204981 -36.521025 -0.081712 0.822319 -0.563130 -0.321848 -0.556519 -0.765964 0.943259 -0.118654 -0.310136
0.947148 -6.695678 50.509902 13.949003 -0.076922 0.898468 -0.432248 -0.269596 -0.436126 -0.858552 0.959896 -0.050491 -0.275771
0.140593 -7.090252 44.107976 30.530063 -0.065693 0.945534 -0.318826 -0.302644 -0.323346 -0.896579 0.950837 -0.037592 -0.307402
-0.708604 -7.771310 25.522958 49.657157 -0.038159 0.966400 -0.254196 -0.172968 -0.256929 -0.950826 0.984188 -0.007686 -0.176960
0.468733 -6.564830 41.044602 12.634153 -0.085103 0.883330 -0.460962 -0.161142 -0.468752 -0.868507 0.983255 -0.000368 -0.182234
-0.483888 -7.366373 19.791091 43.231804 -0.053981 0.948075 -0.313433 -0.142747 -0.317994 -0.937285 0.988286 0.005854 -0.152501
-0.819155 -10.060586 -20.465357 -134.366138 0.260136 0.959563 -0.107553 -0.707549 0.113639 -0.697468 0.657042 -0.257536 -0.708499
-0.617219 -10.312079 -4.553871 105.482668 0.305667 0.950968 -0.047199 -0.641944 0.169222 -0.747844 0.703189 -0.258890 -0.662194
-0.707300 -10.838237 -28.805646 -81.691513 0.269572 0.955943 -0.116206 -0.712049 0.116629 -0.692375 0.648318 -0.269390 -0.712118
-0.728849 -9.698206 1.027189 109.992475 0.298247 0.953983 -0.031052 -0.637692 0.174946 -0.750162 0.710210 -0.243536 -0.660525
-1.051260 -9.606620 -6.240310 -125.866182 0.265719 0.961436 -0.070959 -0.693761 0.139593 -0.706548 0.669395 -0.236972 -0.704099
0.769231 -20.148161 -38.917104 265.519737 0.314849 0.947600 -0.054087 -0.618733 0.161700 -0.768780 0.719750 -0.275515 -0.637222
0.217971 -18.946980 -39.164319 283.951944 0.328627 0.942868 -0.054812 -0.613524 0.168995 -0.771381 0.718048 -0.287125 -0.634008
0.685477 -26.259782 -43.304023 570.975127 0.368941 0.929091 0.025941 -0.384770 0.178079 -0.905671 0.846070 -0.324158 -0.423187
0.197879 -22.780739 -29.429846 138.860760 -0.262046 0.950877 -0.164818 -0.560620 -0.289004 -0.776004 0.785517 0.110949 -0.608813
-0.442162 -23.109366 -15.629606 210.646382 -0.255451 0.960277 -0.112307 -0.458595 -0.222610 -0.860311 0.851138 0.168264 -0.497244
0.256832 -24.991552 -41.493693 210.472504 -0.233028 0.967007 -0.102937 -0.297800 -0.171725 -0.939056 0.925750 0.188172 -0.327991
-0.195219 -22.474172 -6.439401 35.075634 -0.290560 0.941118 -0.172836 -0.661814 -0.328117 -0.674048 0.691069 0.081466 -0.718183
0.043508 -23.177379 -26.535498 -101.415244 -0.319743 0.924297 -0.208420 -0.733566 -0.380709 -0.562975 0.599704 0.027117 -0.799762
0.580455 -25.548603 -40.669850 243.109367 -0.293804 0.934446 -0.201222 -0.676787 -0.352021 -0.646560 0.675010 0.053778 -0.735846
2.945771 -74.618368 -95.312720 949.554389 -0.377986 0.924772 -0.043863 0.451779 0.225597 0.863135 -0.808098 -0.306436 0.503065
1.957779 -58.824659 -1.234259 658.234684 -0.310198 0.949871 0.039008 0.736513 0.214173 0.641622 -0.601104 -0.227760 0.766029
1.958920 -68.564060 -91.903542 2399.146785 -0.376641 0.926172 -0.018635 0.821318 0.343171 0.455708 -0.428459 -0.156333 0.889934
1.047942 -49.831706 -62.482138 1160.669231 -0.299236 0.952780 0.051654 0.945108 0.288510 0.153405 -0.131259 -0.094723 0.986812
-0.101838 -42.912058 17.001283 968.809619 -0.356160 0.934102 -0.024587 0.934228 0.356502 0.011173 -0.019203 0.018991 0.999635
-1.994057 -4.232120 101.387782 61.137982 0.417686 0.832933 0.362990 0.441166 -0.535173 0.720391 -0.794299 0.140759 0.590996
-1.833458 -4.315658 64.376497 68.153847 0.445152 0.801322 0.399654 0.388781 -0.575008 0.719871 -0.806653 0.165074 0.567505
-2.910079 -5.584917 36.887885 77.311870 0.265438 0.954736 0.134248 0.435864 -0.243032 0.866578 -0.859980 0.171509 0.480644
-2.125673 -4.750065 39.566013 69.452034 0.417026 0.846338 0.331364 0.350518 -0.486135 0.800506 -0.838586 0.217683 0.499387
-2.803808 -5.910202 24.627953 25.867751 0.311167 0.943325 0.115381 0.296392 -0.211681 0.931313 -0.902954 0.255596 0.345462
-2.897122 -6.560545 -8.469542 5.005790 -0.071560 0.996169 -0.050264 0.516037 0.080100 0.852813 -0.853572 -0.035089 0.519792
-2.592967 -6.406673 5.184926 6.735622 0.029022 0.999481 0.013950 0.578894 -0.028184 0.814915 -0.814886 0.015575 0.579412
-2.884101 -6.209499 14.210572 -15.150333 0.071544 0.997416 0.006533 0.468596 -0.039393 0.882534 -0.880511 0.060079 0.470204
-2.812684 -5.799220 15.402673 -42.472523 0.147699 0.987356 0.057563 0.378966 -0.110256 0.918819 -0.913548 0.113894 0.390459
-3.192781 -5.347957 23.924821 -46.114466 0.065652 0.994506 -0.081531 0.321547 0.056264 0.945221 -0.944615 0.088272 0.316086
-3.340764 -5.915366 10.272774 -34.523872 0.001277 0.996830 -0.079557 0.354421 0.073941 0.932158 -0.935085 0.029387 0.353203
-3.243545 -6.316875 -6.480930 -15.235073 -0.059571 0.995905 -0.068000 0.412418 0.086590 0.906870 -0.909045 -0.025979 0.415888
-0.828849 -14.024685 19.257051 29.550467 -0.201423 -0.966894 -0.156670 0.979397 -0.196440 -0.046828 0.014501 -0.162874 0.986540
-0.516547 -16.011622 21.206233 45.300324 -0.218660 -0.962895 -0.158180 0.969479 -0.195947 -0.147363 0.110900 -0.185574 0.976352
-0.852651 -13.767285 -23.887935 1.375667 0.240685 0.959238 0.148098 0.939115 -0.191600 -0.285223 0.245221 -0.207730 0.946950
24.758317 -783.059252 957.375762 -29833.569260 0.832808 -0.151888 -0.532316 0.233057 0.968447 0.088286 0.502110 -0.197585 0.841930
-5.637730 -138.197446 428.652995 -5965.728057 -0.230260 0.213397 0.949443 0.812604 -0.494630 0.308246 0.535402 0.842498 -0.059514
152.881329 -932.366415 -7468.545799 221194.115953 0.963874 -0.090689 -0.250445 0.090712 0.995811 -0.011475 0.250437 -0.011658 0.968063
25.862942 11.052893 791.333267 929.006990 0.924333 0.058670 -0.377049 -0.363089 -0.168681 -0.916359 0.117364 -0.983923 0.134615
43.487285 -83.724251 2099.391630 -2956.389102 0.247428 -0.038502 -0.968141 0.948959 0.211340 0.234121 0.195592 -0.976654 0.088828
-9.824637 -423.630596 856.475323 -27632.523646 0.076946 0.134517 -0.987919 0.341919 0.927210 0.152882 0.936574 -0.349552 0.025351
1.585173 -62.416197 3.277928 -188.336926 0.942132 -0.326980 -0.073973 0.309755 0.933439 -0.180955 -0.128218 -0.147570 -0.980706
1.114126 -64.930199 155.727581 -1810.008999 0.921997 -0.380476 0.071835 0.383596 0.872312 -0.303193 -0.052695 -0.307099 -0.950218
0.703258 -86.751743 270.875246 -531.264756 0.922788 -0.383982 0.031950 0.371496 0.908645 0.190668 0.102245 0.164077 -0.981134
-8.381340 -11.351141 42.447968 149.269562 0.197801 0.968513 0.151188 -0.591343 0.240907 -0.769595 0.781785 -0.062823 -0.620375
-7.016815 -10.789895 5.380183 91.432713 -0.128234 0.986945 -0.097441 -0.577165 -0.154167 -0.801943 0.806497 0.046597 -0.589400
-6.248814 -9.340209 -27.679787 96.590582 -0.355202 0.901217 -0.248275 -0.613270 -0.425110 -0.665719 0.705500 0.084205 -0.703689
-1.684687 -10.822908 27.713812 82.302841 0.191651 0.945495 -0.263266 -0.801394 -0.004101 -0.598123 0.566602 -0.325611 -0.756928
-1.606835 -10.229426 51.143121 149.130701 0.241706 0.955884 -0.166922 -0.847947 0.124433 -0.515269 0.471767 -0.266085 -0.840616
-0.465592 -11.070266 139.005052 18.107063 0.205262 0.971620 -0.117570 -0.705021 0.063471 -0.706341 0.678832 -0.227874 -0.698040
6.410610 -12.268669 52.999169 8.606462 -0.730158 0.452786 -0.511717 0.458313 0.880000 0.124699 0.506773 -0.143476 -0.850056
5.215747 -9.197321 -233.106451 -52.958719 -0.680996 0.263707 -0.683157 0.344545 0.938581 0.018849 0.646169 -0.222542 -0.730028
2.742297 -9.239144 -139.776142 99.535729 -0.640697 0.354550 -0.681030 0.220134 0.934583 0.279456 0.735560 0.029128 -0.676833
1.715507 -11.151401 64.634316 257.724581 0.081439 0.978284 0.190601 0.216324 -0.204027 0.954765 -0.972919 0.036524 0.228242
4.514547 -8.986679 249.128742 143.006230 0.223163 0.910151 0.349032 0.392619 -0.411659 0.822428 -0.892216 0.046499 0.449209
15.805703 1.919119 1557.880953 3.731866 0.552737 0.025223 0.832974 -0.110527 0.992931 0.043276 -0.825994 -0.115986 0.551618
1.521518 -28.888403 52.037006 -722.040301 0.038017 0.997442 0.060528 0.200256 -0.066948 0.977454 -0.979006 0.025038 0.202289
2.485965 -10.040450 -26.167716 329.936054 0.023611 0.952469 0.303719 0.249514 -0.299804 0.920793 -0.968083 -0.054041 0.244733
1.100634 -18.084554 10.197670 -196.458000 0.014461 0.992760 0.119239 -0.055739 -0.118266 0.991416 -0.998341 0.020983 -0.053625
0.801309 -15.404246 -15.940851 -57.776258 0.002462 0.977797 0.209538 -0.033527 -0.209340 0.977268 -0.999435 0.009431 -0.032268
0.441464 -5.551046 -2.449069 54.237258 -0.128869 0.971200 -0.200407 -0.281121 0.158023 0.946573 -0.950981 -0.178322 -0.252660
-0.002286 -6.204730 -21.730484 59.119358 -0.159159 0.973229 -0.165811 -0.347106 0.102065 0.932255 -0.924222 -0.205931 -0.321569
0.750630 -5.507701 -2.447603 52.898449 -0.114884 0.968185 -0.222303 -0.314743 0.176778 0.932570 -0.942199 -0.177106 -0.284420
0.678151 -4.982900 8.845006 32.703106 -0.107915 0.970406 -0.216025 -0.234845 0.186261 0.954020 -0.966024 -0.153685 -0.207795
0.461631 -6.155685 -11.208390 46.972951 -0.141368 0.972779 -0.183621 -0.392333 0.115241 0.912576 -0.908895 -0.201050 -0.365362
0.642272 -10.578975 -27.416694 94.731138 0.057777 0.993976 -0.093133 -0.974949 0.036107 -0.219478 0.214793 -0.103480 -0.971162
0.403444 -10.179544 -15.877057 128.464757 0.039716 0.994733 -0.094496 -0.990811 0.026969 -0.132537 0.129290 -0.098892 -0.986663
0.392837 -12.328673 -19.529370 -12.012186 0.050553 0.994527 -0.091440 -0.807373 -0.013197 -0.589893 0.587871 -0.103647 -0.802287
0.551104 -11.699273 -7.768234 26.837152 0.048340 0.995807 -0.077663 -0.905055 0.010776 -0.425157 0.422538 -0.090841 -0.901781
0.456928 -19.657147 36.903350 196.119833 0.333309 0.921701 0.198426 -0.474269 0.345804 -0.809622 0.814846 -0.175747 -0.552394
-0.171118 -16.033055 40.679002 148.132036 0.333280 0.916030 0.223187 -0.671282 0.396771 -0.626061 0.662046 -0.058832 -0.747151
0.152757 -17.617649 -24.031000 136.931127 0.271550 0.947725 0.167565 0.650753 -0.052533 -0.757470 0.709071 -0.314734 0.631000
-0.049683 -16.290134 -1.225012 293.070202 0.259778 0.948942 0.178954 0.662927 -0.040498 -0.747588 0.702170 -0.312840 0.639600
-0.952427 -22.399643 -0.786693 -299.644795 0.017739 0.997028 0.074965 0.253729 -0.077012 0.964205 -0.967113 -0.001917 0.254341
-0.326476 -20.051247 -3.673231 -265.300676 0.025297 0.992662 0.118248 -0.026084 -0.117590 0.992720 -0.999340 0.028197 -0.022918
-0.349943 -20.262829 -3.387858 -249.067828 0.032715 0.987904 0.151580 0.094170 -0.154033 0.983568 -0.995018 0.017904 0.098070
-0.553344 -22.735524 -17.434419 -257.842471 0.034346 0.979645 0.197780 0.363631 -0.196582 0.910565 -0.930910 -0.040645 0.362980
-2.112197 -12.565013 -6.435749 8.763421 0.120279 0.992349 0.027870 -0.237721 0.001534 0.971332 -0.963858 0.123456 -0.236087
-1.844802 -13.501224 -21.041071 40.234504 0.114623 0.993397 0.004974 -0.429964 0.045096 0.901719 -0.895540 0.105497 -0.432294
-1.418840 -13.866070 -20.572702 36.053536 0.091484 0.995523 0.023776 -0.388979 0.013746 0.921144 -0.916693 0.093519 -0.388495
-1.655628 -14.502153 -24.411324 63.184648 0.110981 0.993820 0.002263 -0.588755 0.063912 0.805781 -0.800656 0.090758 -0.592210
-1.588069 -12.628140 -18.989262 30.599197 0.084164 0.995380 0.046207 -0.145622 -0.033587 0.988770 -0.985754 0.089948 -0.142122
-1.003071 -13.692142 -52.787139 11.133653 0.035392 0.998038 0.051648 -0.208669 -0.043162 0.977033 -0.977346 0.045356 -0.206732
-1.233498 -14.817064 -17.647783 66.900707 0.101445 0.994841 0.000247 -0.571693 0.058093 0.818409 -0.814172 0.083165 -0.574637
-0.927530 -14.495313 -32.112878 56.141375 0.062167 0.997978 0.013224 -0.426997 0.014618 0.904135 -0.902113 0.061854 -0.427043
0.243337 -35.137430 -19.589704 -147.074872 0.045907 0.992039 0.117268 -0.876171 0.096371 -0.472268 0.479809 0.081066 -0.873620
-0.375342 -33.005159 -46.933762 -367.710854 0.098794 0.989943 0.101259 -0.751268 0.140928 -0.644775 0.652561 0.012373 -0.757635
-0.461980 -31.242593 -22.563616 -221.931966 0.092462 0.990361 0.103131 -0.866358 0.131069 -0.481918 0.490790 0.044789 -0.870126
1.003912 -24.118580 -25.996426 -48.319439 0.062660 0.989194 0.132551 0.176210 -0.141691 0.974101 -0.982356 0.037680 0.183185
-4.129587 -14.468819 -25.023397 64.107039 0.294714 0.954194 0.051551 -0.947613 0.284876 0.144482 -0.123178 0.091431 -0.988164
23.195035 -200.976091 -1305.781702 -10073.043354 -0.361309 -0.916189 -0.173361 0.930370 -0.341819 -0.132558 0.062190 -0.209184 0.975897
5.608410 -58.935586 -367.358575 -2510.577536 -0.439044 -0.869711 -0.225484 0.890703 -0.388402 -0.236202 0.117849 -0.304542 0.945180
37.447136 -453.774914 -423.852799 -21565.978534 -0.491386 -0.822109 -0.287535 0.869671 -0.480986 -0.111018 -0.047031 -0.304614 0.951314
-0.052224 -3.827965 -20.684312 -31.923237 0.056914 0.996930 -0.053769 -0.774909 0.078069 0.627233 -0.629505 -0.005968 -0.776973
1.789779 -19.664253 43.568344 198.434716 -0.106029 -0.982588 -0.152572 0.994335 -0.103607 -0.023756 0.007535 -0.154227 0.988007
2.387927 -21.069234 -43.183424 -93.527140 0.090817 0.987318 0.130211 0.974701 -0.061309 -0.214942 0.204233 -0.146437 0.967908
1.762380 -21.559461 23.735141 155.824858 -0.125059 -0.979678 -0.156818 0.985866 -0.104944 -0.130598 0.111487 -0.170934 0.978955
2.484210 -26.557509 -45.553596 -604.517672 0.136139 0.988466 0.066344 0.891235 -0.092953 -0.443915 0.432628 -0.119562 0.893609
2.198218 -22.220272 -21.935112 -99.828664 0.147308 0.980047 0.133450 0.908619 -0.080779 -0.409740 0.390784 -0.181613 0.902388
-3.001754 -104.353353 33.295831 -3543.289277 0.976036 -0.213495 0.042118 0.070424 0.126764 -0.989430 -0.205899 -0.968685 -0.138762
-2.734057 -21.581557 -92.844928 -630.902696 0.962852 -0.182849 -0.198702 -0.201706 0.002211 -0.979444 -0.179529 -0.983139 0.034753
-2.323604 -29.215942 -69.852396 -1114.174931 0.961579 -0.209737 -0.177132 -0.178584 0.012151 -0.983850 -0.208502 -0.977682 0.025771
-1.261223 -11.407545 -78.642493 -83.650159 0.973551 -0.228261 -0.009742 -0.025365 -0.065611 -0.997523 -0.227056 -0.971387 0.069665
-0.573904 -9.935322 -16.094274 8.022761 0.048703 0.995652 0.079411 0.117672 0.073232 -0.990349 0.991857 -0.057577 0.113594
1.144352 -12.375741 39.891034 277.471092 0.105857 -0.517661 0.849012 0.782748 -0.483195 -0.392210 0.613270 0.706081 0.354048
1.604960 -11.479864 -6.170098 219.118487 0.223068 -0.497999 0.837996 0.782024 -0.421797 -0.458831 0.581962 0.757683 0.295357
-1.194180 -19.788144 -6.775705 573.108453 0.126350 0.991825 -0.017838 -0.988944 0.124535 -0.080498 0.077619 -0.027811 -0.996595
3.142343 -103.707330 131.121997 -4391.144848 -0.928167 -0.359175 0.097463 -0.338857 0.923895 0.177745 -0.153887 0.131951 -0.979238
-2.157234 -45.536055 136.713128 -1552.033957 -0.805784 -0.591315 0.032546 -0.586850 0.804661 0.090157 -0.079500 0.053548 -0.995396
2.591749 -8.971886 49.057456 37.946539 -0.141339 0.988687 -0.050214 -0.249993 0.013433 0.968155 -0.957876 -0.149391 -0.245266
1.706803 -8.987235 24.137361 8.862561 -0.136821 0.987481 -0.078497 -0.443972 0.009709 0.895988 -0.885533 -0.157441 -0.437086
2.548278 -8.559027 66.553295 -43.642192 -0.171678 0.984668 -0.030921 -0.540411 -0.067885 0.838658 -0.823700 -0.160689 -0.543780
0.155032 -8.683087 -2.751757 -111.377315 0.155388 0.977731 0.141053 0.973571 -0.127379 -0.189562 0.167374 -0.166780 0.971684
-0.072704 -8.980617 6.724249 -94.771713 0.121273 0.984038 0.130237 0.964448 -0.085777 -0.249963 0.234802 -0.155920 0.959457
0.120527 -7.735673 15.898284 -56.968558 -0.089663 -0.981342 -0.170085 0.992616 -0.074040 -0.096082 0.081696 -0.177444 0.980734
-0.075570 -15.382857 32.283630 -155.838824 0.313652 0.931230 -0.185561 0.668718 -0.355371 -0.653090 0.674121 -0.080755 0.734193
-0.386082 -12.925469 17.398684 -81.181931 0.318371 0.930652 -0.180355 0.802097 -0.365864 -0.472000 0.505253 -0.005609 0.862953
4.337280 -6.876654 104.736733 -8.418335 -0.085848 0.845141 -0.527605 -0.458739 -0.503616 -0.732072 0.884414 -0.179186 -0.430933
5.553297 -7.185372 102.977339 -8.395643 -0.046575 0.728876 -0.683060 -0.369951 -0.647764 -0.665987 0.927883 -0.221680 -0.299817
2.682196 -6.498360 69.281960 -36.381178 -0.067877 0.775893 -0.627202 -0.206854 -0.625936 -0.751941 0.976014 -0.078700 -0.202983
-0.597906 -14.736722 -10.812253 -281.695768 0.203010 0.966459 -0.157299 -0.832282 0.085685 -0.547691 0.515843 -0.242104 -0.821761
-0.530412 -11.550915 -1.966413 -72.517320 0.250465 0.961890 -0.109703 -0.711827 0.106169 -0.694284 0.656178 -0.251984 -0.711291
-0.310391 -12.221706 11.223589 -224.663785 0.208010 0.968290 -0.138370 -0.753832 0.068556 -0.653481 0.623273 -0.240239 -0.744188
0.897949 -33.066262 -18.237934 116.431246 -0.342475 0.919211 -0.194325 -0.746283 -0.391803 -0.538101 0.570765 0.039265 -0.820174
1.030438 -36.158378 -34.257371 482.246786 -0.308508 0.939057 -0.151642 -0.497754 -0.295221 -0.815528 0.810595 0.176116 -0.558497
1.182250 -41.382100 -12.228677 706.128456 -0.338262 0.932181 -0.128909 -0.591979 -0.317267 -0.740880 0.731533 0.174300 -0.659151
1.164857 -6.727388 -7.327205 26.644060 -0.073087 0.997283 0.009244 0.506146 0.029104 0.861957 -0.859346 -0.067676 0.506898
1.093283 -6.858069 0.308106 -12.116672 -0.088472 0.993238 -0.075167 0.425354 0.105909 0.898809 -0.900692 -0.047547 0.431848
1.746436 -6.881039 11.637418 16.653783 -0.060937 0.995699 -0.069781 0.576247 0.092177 0.812060 -0.815000 -0.009274 0.579386
0.843928 -6.841713 -3.254152 3.081289 -0.086236 0.996273 -0.001943 0.353710 0.032440 0.934792 -0.931371 -0.079926 0.355189
1.860801 -6.717831 6.617434 29.937647 -0.053914 0.998410 0.016456 0.600465 0.019249 0.799420 -0.797832 -0.052981 0.600548
1.862237 -6.421671 -22.770432 18.252964 -0.052462 0.993993 0.096054 0.615281 -0.043588 0.787102 -0.786560 -0.100393 0.609298
0.792497 -6.764035 -8.326411 22.893277 -0.076283 0.995932 0.047965 0.415352 -0.011993 0.909582 -0.906457 -0.089308 0.412748
-0.967184 -3.577253 91.421331 -17.061924 0.545679 0.614305 0.569968 -0.301291 0.778497 -0.550605 -0.781958 0.128727 0.609894
-1.194872 -3.720604 45.995327 -44.712643 0.529477 0.642318 0.554149 -0.275463 0.748009 -0.603824 -0.802355 0.167064 0.572988
-2.462813 -6.374435 -3.137483 19.629964 -0.085177 0.995388 -0.044142 0.637390 0.088487 0.765444 -0.765819 -0.037063 0.641987
-0.618610 -16.274028 -37.289228 -74.508942 0.275818 0.950243 0.144786 0.892683 -0.197377 -0.405165 0.356428 -0.241000 0.902706
-0.221817 -17.252011 2.892734 -79.999493 0.259117 0.957997 0.122881 0.894553 -0.190067 -0.404537 0.364189 -0.214746 0.906229
607.224405 -1208.436771 -23318.430679 -67037.525662 -0.705800 0.515757 -0.485635 0.602852 0.797311 -0.029392 0.372043 -0.313511 -0.873667
-14.499526 -38.535439 -313.719751 1245.147499 -0.306863 -0.320583 -0.896137 -0.673359 0.738550 -0.033630 0.672624 0.593102 -0.442501
-22.480870 -655.722014 3670.728455 -35238.847991 -0.721206 0.018488 -0.692474 0.256449 0.935745 -0.242106 0.643502 -0.352193 -0.679606
1.419238 -29.933308 114.201916 -287.255123 0.969210 -0.240526 0.052715 0.239656 0.872288 -0.426238 -0.056538 -0.425748 -0.903074
2.900320 -44.543590 33.374874 -1298.024864 0.964887 -0.258041 0.049075 0.215205 0.669499 -0.710955 -0.150600 -0.696553 -0.701523
2.622251 -57.576693 -52.207588 -1849.520308 0.948703 -0.313315 -0.042389 0.186918 0.663938 -0.724050 -0.254999 -0.678985 -0.688444
1.979391 -27.528407 62.576928 -580.592649 0.987561 -0.155019 0.026299 0.126064 0.680677 -0.721656 -0.093969 -0.715995 -0.691752
2.702537 -24.347041 28.573507 -706.288108 0.992628 -0.119782 0.018493 0.068862 0.431811 -0.899332 -0.099738 -0.893975 -0.436876
4.075557 -54.196023 60.529321 -1815.656503 0.966732 -0.250175 0.053303 0.132964 0.313472 -0.940242 -0.218516 -0.916050 -0.336308
-7.534677 -11.532837 -11.337853 117.333610 0.326797 0.923273 0.201916 -0.487340 0.347675 -0.801013 0.809755 -0.163367 -0.563567
-5.096849 -11.502595 -124.972993 164.533407 0.431334 0.890262 0.146235 -0.547121 0.386999 -0.742220 0.717363 -0.240137 -0.654007
-3.832061 -10.816784 -142.061877 312.520397 0.477752 0.871330 0.111965 -0.679756 0.447393 -0.581181 0.556493 -0.201551 -0.806035
7.945060 -12.334950 261.556066 -83.664567 -0.739579 0.559399 -0.374295 0.575095 0.814127 0.080401 0.349700 -0.155792 -0.923818
2.686685 -11.715610 171.595598 50.451720 -0.681473 0.663296 -0.309247 0.590962 0.748000 0.302092 0.431693 0.023115 -0.901724
25.192795 -16.454381 1552.896268 -66.045379 0.455310 0.820472 0.345714 0.605652 -0.570036 0.555198 -0.652594 0.043405 0.756463
1.408507 -33.118893 113.672708 -618.712821 0.021343 0.999770 -0.002130 0.555663 -0.010092 0.831346 -0.831134 0.018927 0.555751
0.779064 -9.256908 -42.499317 -110.633711 0.040291 0.993917 -0.102499 0.999186 -0.039887 0.005984 0.001860 -0.102657 -0.994715
0.416889 -8.942157 -6.955782 -115.365356 0.027431 0.995117 -0.094815 0.998863 -0.030986 -0.036226 -0.038987 -0.093714 -0.994836
-0.556179 -16.530971 24.588561 107.642202 0.306344 0.934569 0.180926 -0.568895 0.332131 -0.752361 0.763225 -0.127553 -0.633418
-1.082542 -14.579540 31.433160 131.293186 0.315301 0.928458 0.196346 -0.730007 0.369495 -0.574946 0.606362 -0.037947 -0.794283
-1.267346 -13.232653 27.469196 120.538321 0.324123 0.925087 0.197885 -0.842011 0.377459 -0.385412 0.431233 0.041700 -0.901276
-0.463569 -13.369303 36.238798 141.291003 0.363817 0.901549 0.234193 -0.800466 0.431177 -0.416342 0.476331 0.035991 -0.878529
-2.249077 -28.797371 -3.559298 -323.956222 -0.035442 0.999314 0.010760 0.716751 0.017915 0.697099 -0.696428 -0.032418 0.716894
-2.813024 -26.168520 -24.580877 268.240620 -0.032969 0.998227 0.049563 0.936527 0.013537 0.350333 -0.349041 -0.057967 0.935313
-1.897406 -14.348098 -24.324266 46.212103 0.143874 0.989573 -0.006732 -0.563128 0.087463 0.821728 -0.813749 0.114434 -0.569840
0.182054 -36.641787 -45.453018 490.338649 0.039594 0.993494 0.106776 -0.991265 0.052507 -0.120980 0.125799 0.101053 -0.986896
-0.161437 -33.344799 -34.703021 331.107677 -0.011913 0.994776 0.101382 -0.974350 -0.034334 0.222403 -0.224722 0.096132 -0.969669
-1.314791 -25.202992 0.797016 164.780677 0.226192 0.962948 0.146860 -0.475720 0.240769 -0.846002 0.850016 -0.121495 -0.512554
-0.588142 -25.433747 -63.714177 -41.433939 0.303011 0.944568 0.126397 -0.559847 0.283769 -0.778490 0.771204 -0.165129 -0.614798
-0.756272 -23.695910 -47.199853 133.790605 0.257566 0.957911 0.126754 -0.729293 0.278775 -0.624833 0.633870 -0.068495 -0.770401
-0.483517 -24.144132 26.512902 122.614865 0.175886 0.974421 0.139887 -0.835300 0.222923 -0.502573 0.520902 0.028452 -0.853142
-0.956781 -29.109150 14.856086 467.176965 0.191414 0.972129 0.135372 -0.647633 0.228731 -0.726811 0.737517 -0.051451 -0.673365
-4.014769 -14.057437 -25.018344 -91.551457 0.340614 0.935477 0.094157 -0.887346 0.352954 -0.296717 0.310805 -0.017516 -0.950312
-3.757482 -14.953347 -18.812851 -28.789711 0.305309 0.951234 0.044047 -0.945680 0.308303 -0.103141 0.111691 0.010165 -0.993691
5.001021 -69.790984 -266.595768 -3272.991815 -0.216365 -0.950971 -0.220998 0.972006 -0.188581 -0.140148 0.091601 -0.245135 0.965152
8.124477 -149.815428 -309.331991 -6693.800670 -0.128626 -0.957107 -0.259620 0.967089 -0.063107 -0.246487 0.219530 -0.282780 0.933725
1.763280 -5.881244 -47.799037 18.553864 -0.132788 0.979450 -0.151809 -0.441362 0.078707 0.893871 -0.887450 -0.185698 -0.421841
1.954859 -6.340550 -63.275999 20.220324 -0.141178 0.981998 -0.125497 -0.557602 0.025870 0.829705 -0.818015 -0.187113 -0.543912
2.322779 -5.888069 -38.198028 13.215125 -0.098542 0.991859 -0.080661 -0.446751 0.028335 0.894210 -0.889215 -0.124152 -0.440321
1.295901 -6.187003 -48.674581 21.952369 -0.145613 0.975780 -0.163246 -0.502395 0.069216 0.861863 -0.852289 -0.207513 -0.480149
0.953695 -5.924245 -23.369861 35.055382 -0.128401 0.974778 -0.182539 -0.395174 0.118529 0.910927 -0.909588 -0.189098 -0.369988
3.086319 -3.052693 -7.044486 1.376332 0.319334 0.882618 0.344979 -0.589541 0.470047 -0.656884 0.741935 -0.006386 -0.670442
1.890059 -3.173887 -93.239517 16.461618 0.406883 0.872144 0.271681 -0.592657 0.478358 -0.648021 0.695128 -0.102655 -0.711518
2.409680 -3.483657 -82.711058 16.456627 0.358522 0.901832 0.241165 -0.571558 0.416315 -0.707109 0.738094 -0.115674 -0.664708
3.081405 -3.088789 -5.659389 7.130936 0.294641 0.906083 0.303645 -0.565284 0.421454 -0.709106 0.770481 -0.037286 -0.636372
2.206834 -3.508123 -46.979549 13.716440 0.290335 0.934767 0.204735 -0.544177 0.337271 -0.768193 0.787132 -0.111621 -0.606600
0.816855 -4.194829 -97.953418 36.217146 0.327856 0.934311 0.139907 -0.568936 0.313492 -0.760286 0.754203 -0.169666 -0.634343
