15594
31175
-5.754775 -8.235163 38.551964 -198.585586 0.920385 0.119502 0.372306 -0.390819 0.311263 0.866243 0.012367 0.942780 -0.333185
-6.933622 -9.897422 -8.194026 -190.033157 0.919236 0.197707 0.340467 -0.376672 0.190007 0.906651 -0.114560 0.961670 -0.249132
-4.312084 -12.440629 133.758331 -333.556033 0.981415 0.018738 0.190982 -0.190491 0.215485 0.957747 0.023208 0.976327 -0.215049
-6.047012 -8.794023 -11.518147 96.897525 0.495835 0.319795 0.807390 0.854436 -0.013496 -0.519381 -0.155199 0.947391 -0.279936
-2.053929 -10.570313 160.300266 -331.805847 0.963242 -0.056164 0.262699 -0.234378 0.302160 0.923995 0.131273 0.951601 -0.277889
-3.381933 -7.678894 94.511806 -227.880223 0.946536 -0.007811 0.322503 -0.293912 0.391232 0.872097 0.132986 0.920259 -0.368020
-4.224072 -5.800178 12.726836 74.354355 0.597966 0.236207 0.765926 0.795080 -0.295708 -0.529532 0.101411 0.925615 -0.364627
-4.978358 -7.014793 -26.027061 78.045515 0.155827 0.368190 0.916599 0.987477 -0.034934 -0.153844 -0.024624 0.929094 -0.369023
2.428930 -3.483647 -174.948071 181.448629 -0.537632 -0.164382 -0.827001 -0.269508 0.962862 -0.016181 0.798948 0.214184 -0.561968
1.661388 -6.395839 -251.802337 57.365627 -0.507088 -0.163996 -0.846149 -0.223661 0.973138 -0.054570 0.832369 0.161579 -0.530146
-0.754023 -4.338399 -252.261912 157.476649 -0.478911 -0.187746 -0.857552 -0.279434 0.958655 -0.053827 0.832203 0.213851 -0.511573
3.514835 -0.952201 414.932643 -212.540960 -0.290851 0.945690 0.145174 -0.558168 -0.044477 -0.828535 0.777081 0.322011 -0.540790
0.529402 -3.529082 415.672753 -149.995866 -0.136381 0.932676 0.333939 -0.624926 0.180560 -0.759517 0.768680 0.312271 -0.558228
-3.375951 -6.242431 -170.783226 113.257081 -0.577664 -0.059132 -0.814130 -0.200998 0.976967 0.071658 0.791141 0.205033 -0.576245
5.109197 -5.267036 614.769832 -110.059086 -0.179215 0.908479 0.377554 -0.678190 0.163929 -0.716370 0.712699 0.384438 -0.586743
11.757806 -4.866844 798.984004 -241.545051 -0.287713 0.921811 0.259781 -0.618339 0.028344 -0.785400 0.731354 0.386603 -0.561837
-0.492294 -6.444395 115.196276 9.388207 -0.920542 0.041470 -0.388436 0.078228 0.993777 -0.079294 0.382730 -0.103380 -0.918058
-0.487591 -6.277115 101.650269 1.089533 -0.916672 0.048617 -0.396673 0.037746 0.998668 0.035172 0.397855 0.017269 -0.917286
-1.871816 -6.502176 101.837917 11.796443 -0.913667 0.019796 -0.405980 0.054284 0.995809 -0.073610 0.402821 -0.089293 -0.910913
-1.875619 -6.749993 93.568148 23.285796 -0.915930 0.000875 -0.401338 0.085261 0.977596 -0.192451 0.392178 -0.210491 -0.895483
-0.456669 -6.653141 123.798503 20.373699 -0.924071 0.028141 -0.381184 0.109866 0.974754 -0.194379 0.366090 -0.221499 -0.903834
-0.092631 -2.150372 -1.601818 -81.798218 -0.479030 -0.243189 -0.843439 0.869589 -0.000364 -0.493776 0.119774 -0.969979 0.211649
0.607225 -1.008358 -112.514944 37.953000 0.236157 -0.213481 -0.947975 0.967260 0.144954 0.208318 0.092941 -0.966134 0.240723
-0.136997 -2.246761 -9.690975 -40.687359 -0.199503 -0.236916 -0.950826 0.975569 0.043082 -0.215429 0.092002 -0.970574 0.222533
-0.508280 -3.587482 -24.083691 -29.773438 -0.466780 -0.237021 -0.852020 0.872271 0.035450 -0.487736 0.145808 -0.970858 0.190199
-0.029894 -3.860026 -16.280137 -11.396669 -0.577363 -0.239468 -0.780581 0.793428 0.061048 -0.605594 0.192673 -0.968983 0.154754
0.015541 -6.524260 21.527355 91.651915 0.906933 0.114620 0.405383 -0.377647 0.647653 0.661762 0.186697 0.753265 -0.630663
-0.670067 -8.060583 28.773872 83.971710 0.906503 0.108301 0.408073 -0.341807 0.755615 0.558762 0.247832 0.646001 -0.721985
-0.453428 -6.175001 3.438651 88.578884 0.939500 0.071398 0.335024 -0.299056 0.647908 0.700557 0.167047 0.758365 -0.630062
-0.173178 -8.184268 35.503926 65.953871 0.883728 0.129489 0.449729 -0.373491 0.774195 0.511006 0.282008 0.619561 -0.732541
0.266335 -4.558811 8.487255 80.814040 0.947064 0.045843 0.317756 -0.288660 0.554803 0.780301 0.140521 0.830718 -0.538666
0.598184 -4.939816 16.168596 89.863087 0.917200 0.100507 0.385541 -0.375011 0.544621 0.750170 0.134576 0.832638 -0.537217
0.362934 -6.817181 19.519066 82.056581 0.882925 0.150943 0.444590 -0.425352 0.658080 0.621294 0.198795 0.737663 -0.645239
-0.319083 -7.131179 -2.857661 -19.306431 0.946611 -0.163189 0.278024 -0.261649 -0.892719 0.366868 -0.188328 0.420026 0.887756
-0.045260 -6.700677 -3.886462 -18.216984 0.949673 -0.155827 0.271734 -0.274735 -0.831063 0.483585 -0.150472 0.533903 0.832049
-0.006618 -7.045786 -10.087782 -3.813663 0.932968 -0.205623 0.295448 -0.311449 -0.872639 0.376166 -0.180471 0.442968 0.878186
-0.119757 -6.819654 -0.347339 -32.545110 0.959413 -0.120263 0.255075 -0.231287 -0.853073 0.467732 -0.161346 0.507743 0.846265
-0.259757 -7.024767 -12.009772 -2.303507 0.934400 -0.194944 0.298151 -0.274800 -0.927050 0.255074 -0.226675 0.320273 0.919806
-0.353193 -7.334918 2.302211 -34.210462 0.959047 -0.120150 0.256501 -0.207814 -0.913804 0.348963 -0.192463 0.387976 0.901350
-0.588871 -7.310688 -0.827291 -23.084675 0.951099 -0.139749 0.275464 -0.210572 -0.945802 0.247220 -0.225985 0.293135 0.928979
0.803456 -13.567295 -35.979135 -183.574428 0.889881 -0.292125 0.350393 0.210400 -0.418696 -0.883417 -0.404777 -0.859858 0.311126
1.074829 -12.132934 -39.632595 -226.807649 0.891985 -0.306764 0.332051 0.110904 -0.563581 -0.818582 -0.438249 -0.766989 0.468684
1.714559 -12.400309 -62.905347 -300.327727 0.889355 -0.321131 0.325457 0.152462 -0.462788 -0.873260 -0.431049 -0.826258 0.362622
-0.022210 -13.204142 -19.806219 -128.650869 0.892266 -0.265768 0.365004 0.233598 -0.420076 -0.876908 -0.386384 -0.867700 0.312737
1.347793 -14.270123 -49.737288 -179.275153 0.892015 -0.300533 0.337623 0.250722 -0.292520 -0.922806 -0.376095 -0.907806 0.185582
0.413432 -14.648912 -28.747629 33.655355 0.888903 -0.277184 0.364720 0.307717 -0.228501 -0.923633 -0.339355 -0.933250 0.117821
0.102977 -15.866483 14.423477 -324.273880 0.967511 -0.069828 0.242996 -0.208382 -0.764511 0.610000 -0.143178 0.640817 0.754224
-0.197236 -15.280941 9.087404 -290.270791 0.966283 -0.061216 0.250100 -0.207516 -0.760173 0.615690 -0.152429 0.646831 0.747245
0.067660 -17.769374 5.591922 -160.626904 0.967060 -0.059897 0.247401 -0.157255 -0.904850 0.395622 -0.200164 0.421496 0.884463
0.355397 -17.725504 9.985186 -216.806521 0.966660 -0.060671 0.248773 -0.160473 -0.900614 0.403909 -0.199543 0.430364 0.880323
-7.731502 -13.637912 -49.201063 85.866685 0.912296 0.170577 -0.372316 0.018748 0.890779 0.454049 -0.409102 0.421207 -0.809457
-6.806772 -14.246195 90.054914 -4.376025 -0.887007 -0.233179 0.398554 -0.137100 0.957200 0.254896 -0.440932 0.171453 -0.881012
-6.703336 -13.414579 124.313883 95.284720 -0.862290 -0.232739 0.449765 0.005353 0.883897 0.467651 -0.506386 0.405658 -0.760930
-1.046057 -1.878009 -25.767757 3.335129 0.700410 0.315400 0.640273 -0.652675 -0.080029 0.753399 -0.288862 0.945578 -0.149800
-1.371746 -2.584886 -13.202477 -51.182372 0.665634 0.286022 0.689291 0.697223 0.091002 -0.711055 -0.266104 0.953892 -0.138847
-0.685371 -2.247538 -34.429658 -63.346092 0.650690 0.309583 0.693369 0.700406 0.108017 -0.705523 -0.293314 0.944717 -0.146548
-1.826838 -3.443240 7.423499 154.880582 0.446550 0.830130 0.333881 -0.758316 0.549182 -0.351222 0.474921 0.096349 -0.874738
-2.462738 -5.160077 90.487791 156.069962 0.511365 0.775124 0.371065 -0.701213 0.625972 -0.341262 0.496796 0.085686 -0.863627
-1.700344 -2.757160 136.796962 7.084277 -0.252474 0.967603 0.001416 -0.861725 -0.224181 -0.455162 0.440098 0.116137 -0.890408
-1.765341 -5.362926 -46.293534 125.561294 -0.618980 -0.654502 -0.434155 -0.576205 0.754055 -0.315260 0.533715 0.055022 -0.843873
-0.170296 -2.007733 173.841883 -8.617988 -0.658734 0.713196 -0.239627 -0.611591 -0.693088 -0.381557 0.438208 0.104791 -0.892745
-0.793733 -1.797365 150.523936 -55.078516 -0.670766 0.694524 -0.260211 0.592106 0.712741 0.376045 0.446635 0.098165 -0.889315
-1.834855 -2.048076 -1.863743 80.668149 -0.699482 -0.543417 -0.464136 -0.525057 0.831362 -0.182077 0.484809 0.116339 -0.866848
-1.505993 -3.835942 -4.081879 99.439607 -0.574772 -0.698357 -0.426538 -0.629653 0.710347 -0.314554 0.522661 0.087774 -0.848010
-1.454401 -4.815644 21.159709 112.147171 -0.639432 -0.627501 -0.444262 -0.549607 0.777127 -0.306604 0.537642 0.048117 -0.841799
0.636600 -21.707722 20.979990 179.974619 0.836709 0.439382 0.326896 -0.518967 0.445507 0.729518 -0.174902 0.780043 -0.600785
0.574608 -23.677930 36.077918 257.799280 0.819225 0.455765 0.348064 -0.565719 0.542808 0.620743 -0.093981 0.705435 -0.702516
0.469662 -23.240819 6.398514 236.504129 0.824410 0.455461 0.336011 -0.561742 0.585800 0.584196 -0.069243 0.670368 -0.738791
0.366849 -21.601257 8.665852 188.924448 0.840902 0.433326 0.324211 -0.520348 0.482733 0.704420 -0.148736 0.761050 -0.631411
-4.704203 -19.485917 68.708706 358.017227 0.892464 0.355060 0.278282 0.434393 -0.842801 -0.317788 -0.121702 -0.404498 0.906405
-3.799556 -21.598199 71.246206 243.484659 0.893197 0.381154 0.238582 0.422201 -0.893452 -0.153264 -0.154744 -0.237625 0.958952
-4.011306 -21.312177 32.845609 -138.061593 0.903441 0.318814 0.286622 -0.354262 0.931692 0.080309 -0.241439 -0.174093 0.954672
0.565055 -4.467463 -36.804146 48.364040 0.985950 -0.145667 0.081750 0.022451 0.600528 0.799289 0.165523 0.786224 -0.595361
0.063813 -4.435764 -5.727667 64.976567 0.984309 -0.121500 0.127959 -0.034517 0.578581 0.814894 0.173044 0.806525 -0.565308
-0.508435 -5.725412 -15.528942 68.254491 0.981336 -0.060417 0.182561 -0.096604 0.665980 0.739688 0.166272 0.743519 -0.647714
-5.489831 -13.744328 105.411812 -76.758620 -0.853910 -0.285980 0.434803 -0.291513 0.954950 0.055589 -0.431113 -0.079282 -0.898808
-6.428168 -13.819714 52.412695 -86.851005 -0.916310 -0.198856 0.347610 -0.209739 0.977736 0.006451 -0.341153 -0.066996 -0.937617
0.709577 -37.302454 51.205078 -1340.269770 0.792738 0.524680 0.310285 -0.587488 0.793384 0.159374 0.162555 0.308631 -0.937189
0.885027 -39.687339 -49.736604 -1258.249065 -0.792950 -0.516640 -0.322975 -0.535152 0.843981 -0.036182 0.291278 0.144150 -0.945716
0.457428 -42.419246 -36.726806 -1023.082364 0.806396 0.522440 0.277095 -0.566033 0.817564 0.105808 0.171264 0.242168 -0.954999
-2.435690 -31.561547 2.017960 -428.556645 0.738954 0.581639 0.340064 -0.656936 0.734071 0.171971 0.149606 0.350479 -0.924545
-1.774885 -42.568168 8.831059 917.742525 0.695445 0.616634 0.368942 0.708860 -0.504549 -0.492898 -0.117788 0.604312 -0.787993
-2.049594 -32.699307 59.081866 663.216318 0.688045 0.587745 0.425618 0.724534 -0.589187 -0.357644 0.040565 0.554450 -0.831228
-1.591526 -27.652690 82.379342 -309.836179 0.697499 0.559415 0.447828 -0.675052 0.722626 0.148719 0.240416 0.406038 -0.881665
1.203548 -5.127814 28.266134 34.262791 0.874961 -0.039767 0.482557 -0.223408 0.851036 0.475211 0.429571 0.523599 -0.735740
1.099682 -4.383765 31.039381 46.091213 0.879427 -0.050670 0.473329 -0.252167 0.793763 0.553490 0.403757 0.606113 -0.685280
1.295955 -5.063916 17.649280 34.606979 0.888389 -0.040709 0.457283 -0.216357 0.841388 0.495233 0.404913 0.538896 -0.738672
1.408603 -5.638199 10.123463 24.360607 0.887154 -0.038607 0.459856 -0.172604 0.896406 0.408246 0.427979 0.441550 -0.788586
1.170079 -5.546232 -21.420911 24.826529 0.900473 -0.033832 0.433593 -0.172586 0.887313 0.427656 0.399202 0.459925 -0.793163
1.136204 -4.926867 -18.749319 34.642679 0.899558 -0.024904 0.436090 -0.223547 0.831469 0.508612 0.375262 0.555013 -0.742388
4.294171 -2.832754 -146.039243 -6.765377 0.420617 -0.161643 -0.892722 0.906464 0.034225 0.420894 -0.037481 -0.986256 0.160919
5.460891 -2.532490 -85.076714 42.514016 0.446823 -0.084987 -0.890576 0.892292 0.114146 0.436791 0.064535 -0.989822 0.126836
5.946689 -2.777984 -49.598285 -13.560191 0.475927 -0.026854 -0.879075 0.879471 0.020091 0.475528 0.004892 -0.999437 0.033179
-8.983022 -9.921402 32.036943 280.032314 0.927698 -0.337547 0.159492 -0.235455 -0.197476 0.951611 0.289718 0.920362 0.262675
-8.034227 -8.591748 311.115256 81.857281 -0.645727 -0.083565 0.758982 0.711887 -0.425358 0.558827 0.276141 0.901159 0.334153
-8.771381 -9.898064 17.189924 -123.627066 0.544725 -0.465697 0.697424 0.755514 -0.088421 -0.649139 0.363969 0.880516 0.303675
-9.145195 -9.783294 -122.354558 -127.570484 0.135933 -0.411447 0.901240 0.892991 -0.343077 -0.291315 0.429056 0.844399 0.320783
-6.871044 -9.243685 280.338008 0.530309 0.858953 -0.422460 -0.289356 0.138476 -0.352387 0.925553 0.492974 0.835076 0.244183
0.363490 -24.771983 -97.173774 -531.330640 0.792230 0.239582 0.561224 0.017554 0.910375 -0.413411 -0.609970 0.337369 0.717021
-0.796801 -19.047050 -46.422156 -65.482239 0.837860 0.248282 0.486155 -0.015353 0.900946 -0.433659 -0.545669 0.355881 0.758679
0.115372 -24.101677 -93.724781 -194.828046 0.797249 0.287732 0.530663 0.097901 0.805822 -0.584009 -0.595658 0.517554 0.614271
-4.079233 -31.686340 163.433339 -1195.083574 -0.084480 0.978535 -0.187970 0.931222 0.144654 0.334516 -0.354526 0.146782 0.923453
-1.343552 -26.745717 -82.194916 -808.819699 0.094345 -0.971121 0.219140 0.979887 0.129464 0.151856 -0.175842 0.200406 0.963803
-3.298330 -19.706976 52.912966 -891.754431 -0.237273 0.955572 -0.174881 0.833097 0.292750 0.469305 -0.499651 0.034340 0.865546
-9.584632 -43.812302 205.505589 -1938.470033 -0.014092 0.998544 -0.052064 0.882723 0.036882 0.468444 -0.469683 0.039357 0.881958
-6.601938 -15.493646 255.488473 -727.274558 -0.252426 0.950325 -0.182110 0.742967 0.310931 0.592724 -0.619904 -0.014317 0.784547
-0.864609 -7.463207 -61.505471 -215.396545 0.614909 -0.703058 0.357205 0.552469 0.707286 0.441050 -0.562730 -0.073861 0.823335
-2.037197 -7.059779 51.995632 -278.458688 0.635208 -0.691644 0.343714 0.567539 0.719841 0.399660 -0.523842 -0.058796 0.849784
-3.616593 -7.383629 -111.621315 -505.315328 -0.351272 0.913292 -0.206171 0.785915 0.407304 0.465233 -0.508868 -0.001391 0.860844
-20.742467 -23.993490 -539.451956 -475.384132 0.775711 0.579741 -0.249347 0.630551 -0.695676 0.344152 -0.026054 0.424189 0.905199
-19.687400 -23.590252 -878.756055 -927.351623 0.731206 0.682157 0.000725 0.590805 -0.633817 0.499225 -0.341009 0.364608 0.866472
-18.673334 -21.690428 810.285084 -589.926942 -0.445722 -0.891073 0.085561 0.887475 -0.427359 0.172490 -0.117136 0.152815 0.981288
-19.872683 -25.677205 -400.959472 -599.727198 0.731066 0.609507 -0.306666 -0.639611 0.768693 0.003018 0.237571 0.193940 0.951812
-16.887447 -19.033985 -619.450116 465.511658 0.609877 0.786500 -0.097307 0.762339 -0.615780 -0.199134 0.216538 -0.047266 0.975129
-6.320782 -9.729403 53.206453 3.317748 0.569389 0.306568 0.762767 0.084420 0.901152 -0.425205 -0.817722 0.306500 0.487225
-6.159203 -9.639778 75.250241 39.581493 0.647309 0.191902 0.737675 0.183616 0.900030 -0.395261 -0.739781 0.391305 0.547361
-6.567754 -9.811053 59.610098 35.696348 0.566085 0.316666 0.761098 0.195188 0.845530 -0.496971 -0.800905 0.429885 0.416833
-7.272344 -9.992634 -0.588003 -16.735584 0.447613 0.476859 0.756471 0.091780 0.816983 -0.569312 -0.889505 0.324261 0.321926
-6.982098 -9.496700 -7.506239 -46.284370 0.440393 0.455322 0.773780 -0.024187 0.867562 -0.496741 -0.897479 0.200046 0.393081
0.479671 -1.809643 3.846566 8.012949 0.383707 0.325276 0.864271 0.735624 0.458099 -0.499002 -0.558235 0.827249 -0.063505
0.525038 -1.648395 -9.131409 7.045944 0.373441 0.327222 0.868025 0.749384 0.445119 -0.490197 -0.546777 0.833544 -0.078990
0.399714 -1.736171 17.920422 -8.653113 0.411870 0.328928 0.849806 0.732180 0.435717 -0.523511 -0.542472 0.837829 -0.061375
0.007288 -2.065077 37.240623 -5.977010 0.390588 0.302022 0.869611 0.739467 0.459704 -0.491793 -0.548296 0.835137 -0.043780
0.389484 -2.116641 15.472859 16.576497 0.363318 0.298571 0.882528 0.740337 0.482543 -0.468032 -0.565598 0.823412 -0.045727
-0.095813 -5.558348 48.153399 15.955152 0.910742 0.124323 0.393819 -0.318839 -0.394402 0.861852 -0.262471 0.910489 0.319559
-0.733662 -5.585401 42.512883 13.244941 0.924334 0.155837 0.348312 -0.269571 -0.379366 0.885106 -0.270070 0.912028 0.308652
0.077298 -5.000145 48.046931 46.327631 0.913176 0.128402 0.386811 -0.279314 -0.493996 0.823379 -0.296807 0.859931 0.415240
0.629232 -4.936561 40.973372 46.890272 0.897589 0.112043 0.426357 -0.319442 -0.501194 0.804215 -0.303794 0.858051 0.414075
0.185657 -4.087157 42.292907 69.658583 0.909408 0.123751 0.397068 -0.258125 -0.580650 0.772151 -0.326112 0.804693 0.496104
0.776118 -3.946928 36.744806 68.762838 0.896150 0.111088 0.429621 -0.291068 -0.583639 0.758054 -0.334954 0.804379 0.490694
-1.163988 -5.177475 43.755432 78.944610 -0.818104 0.334200 -0.467992 -0.062168 0.757632 0.649714 0.571700 0.560628 -0.599045
-1.158643 -5.076505 26.804722 51.501419 -0.813164 0.279053 -0.510777 -0.108801 0.789224 0.604390 0.571775 0.547041 -0.611408
-1.506450 -6.153669 19.691805 -123.463226 -0.808606 0.345150 -0.476474 -0.052746 0.764060 0.642985 0.585981 0.545054 -0.599618
-0.226519 -17.245283 1.435329 -196.699691 0.938344 -0.081733 0.335903 0.144803 0.975229 -0.167211 -0.313915 0.205541 0.926936
-0.354317 -15.932074 5.368705 -162.918645 0.937628 -0.090427 0.335672 0.152790 0.974512 -0.164259 -0.312263 0.205301 0.927547
-0.272771 -14.987064 0.991554 -111.888590 0.943692 -0.040126 0.328384 0.027324 0.998679 0.043508 -0.329696 -0.032085 0.943542
76.699071 -11.821250 -6325.532920 -620.854821 0.863827 0.187902 0.467436 -0.209191 0.977853 -0.006495 -0.458304 -0.092173 0.884003
11.822889 -3.378365 -597.093110 -134.298721 0.881643 -0.192049 0.431072 0.149955 0.980114 0.129963 -0.447459 -0.049940 0.892909
51.667510 -7.193753 -4389.265807 -414.845178 0.880436 0.287749 0.376873 -0.315223 0.948943 0.011878 -0.354213 -0.129257 0.926189
11.563696 -14.481621 -445.204994 695.527547 0.727386 -0.497305 0.472861 0.412300 0.867545 0.278164 -0.548561 -0.007372 0.836078
79.308817 -15.295827 -7288.134038 -1024.684489 0.896501 0.261765 0.357442 -0.305066 0.949786 0.069582 -0.321279 -0.171423 0.931340
137.242987 -13.528446 -12666.162441 -1565.482162 0.870713 0.224320 0.437651 -0.243366 0.969848 -0.012920 -0.427354 -0.095260 0.899052
19.502230 -25.605329 -744.517575 1927.730990 0.773743 -0.461966 0.433484 0.384117 0.886254 0.258859 -0.503761 -0.033782 0.863182
3.022540 -4.000884 -68.880192 -82.578860 0.680134 0.562459 -0.470168 0.396718 0.256932 0.881250 -0.616468 0.785892 0.048390
3.710650 -5.180277 -20.337915 -99.114166 0.716922 0.549943 -0.428469 0.397900 0.181880 0.899219 -0.572449 0.815158 0.088429
2.161566 -4.192089 -119.071293 -91.814650 0.695215 0.617520 -0.367892 0.356661 0.148011 0.922435 -0.624074 0.772503 0.117345
3.095399 -5.117383 65.767492 -91.930112 0.744533 0.481901 -0.461998 0.389401 0.248628 0.886877 -0.542253 0.840212 0.002541
1.221139 -3.154866 -135.739473 -50.667702 0.663297 0.622607 -0.415208 0.376002 0.202446 0.904233 -0.647040 0.755894 0.099819
3.727061 -3.336556 -68.221770 -37.016974 0.624708 0.505096 -0.595499 0.460645 0.377405 0.803350 -0.630513 0.776173 -0.003098
3.528992 -4.452357 83.438185 -95.423116 0.703717 0.457782 -0.543340 0.417620 0.352166 0.837599 -0.574783 0.816343 -0.056646
2.326722 -2.957065 -176.231723 -40.209605 0.607430 0.584031 -0.538457 0.439710 0.317323 0.840215 -0.661577 0.747137 0.064053
1.029239 -16.021400 28.803325 -31.023440 0.796748 0.173596 0.578841 -0.198217 0.979932 -0.021047 -0.570879 -0.097967 0.815169
0.955475 -15.136704 6.978282 -46.482922 0.789144 0.174286 0.588962 -0.292603 0.949770 0.110999 -0.540033 -0.259926 0.800502
1.487580 -16.107330 22.907786 -54.028185 0.776936 0.179878 0.603336 -0.202484 0.978792 -0.031070 -0.596130 -0.098027 0.796882
1.395960 -16.675105 35.452439 1.829075 0.782168 0.148279 0.605166 -0.067490 0.985717 -0.154292 -0.619401 0.079840 0.781004
0.945968 -15.992290 38.098394 36.007341 0.801920 0.152905 0.577533 -0.072034 0.984387 -0.160601 -0.593072 0.087187 0.800415
2.842198 -12.370873 -78.987343 -168.392691 0.785732 -0.365204 0.499251 0.588868 0.688713 -0.422976 0.189368 -0.626338 -0.756201
3.757422 -12.590569 -36.745708 -372.554492 0.733098 -0.307218 0.606783 0.636216 0.625133 -0.452149 0.240412 -0.717514 -0.653740
2.893632 -15.330783 -44.137987 -239.780048 0.792566 -0.309615 0.525335 0.518675 0.795306 -0.313790 0.320648 -0.521178 -0.790923
1.443744 -13.200890 -61.094610 -118.401719 0.830091 -0.338469 0.443156 0.523912 0.745534 -0.411940 0.190959 -0.574123 -0.796190
-1.029479 -10.322662 47.482783 473.403588 -0.610138 -0.353078 -0.709273 0.682285 -0.689230 -0.243822 -0.402764 -0.632691 0.661425
-1.644858 -10.212296 8.410248 641.240833 0.660658 0.318445 0.679797 0.652455 -0.691437 -0.310189 -0.371259 -0.648466 0.664575
-1.741222 -15.260210 16.186951 642.255872 -0.615171 -0.348047 -0.707409 0.617502 -0.770564 -0.157866 -0.490160 -0.533941 0.688949
-1.707004 -15.348009 165.958849 582.416275 -0.576363 -0.341300 -0.742509 0.622796 -0.771725 -0.128708 -0.529085 -0.536615 0.657354
-1.666093 -19.620633 -49.801426 -541.573725 0.614289 0.312646 0.724501 -0.488994 0.871435 0.038555 -0.619301 -0.377960 0.688195
-1.740400 -19.614838 43.323424 -489.280602 0.636761 0.347675 0.688227 -0.486016 0.873912 0.008193 -0.598601 -0.339706 0.725449
-0.912569 -17.300792 41.735332 86.467846 0.686251 -0.089924 0.721785 -0.672387 -0.456890 0.582364 -0.277408 0.884966 0.374005
-0.591125 -16.653348 39.159965 120.404077 0.717092 -0.042272 0.695696 -0.543377 -0.659010 0.520046 -0.436487 0.750946 0.495540
0.354787 -17.097801 68.950763 3.575070 0.665765 -0.085975 0.741192 -0.624011 -0.608781 0.489894 -0.409105 0.788666 0.458955
7.494659 -87.417734 -147.229033 -5151.675486 -0.402552 0.907034 -0.123456 -0.859612 -0.420927 -0.289634 0.314674 0.010469 -0.949142
8.444686 -116.255222 -291.524871 -7683.643981 -0.436266 0.885405 -0.160406 -0.856326 -0.463281 -0.228204 0.276366 -0.037802 -0.960309
20.335255 -154.273177 -742.085292 -9839.044666 -0.482177 0.859217 -0.171029 -0.806554 -0.511587 -0.296224 0.342017 0.004889 -0.939681
0.222324 -10.675646 -84.469909 215.646990 -0.688684 0.673748 -0.267915 0.620083 0.738796 0.263966 0.375781 0.015659 -0.926576
0.632307 -6.770990 -39.695674 -21.189858 -0.731406 0.626180 -0.270081 0.564768 0.778174 0.274740 0.382207 0.048413 -0.922808
0.366385 -68.620536 77.373587 -2554.310038 0.676503 0.424173 0.602014 -0.039810 0.837333 -0.545241 -0.735363 0.344891 0.583344
1.102465 -47.302047 14.569967 -1551.308967 0.658967 0.490388 0.570336 0.003133 0.756455 -0.654038 -0.752166 0.432776 0.496942
0.612063 -55.702830 32.000296 -1621.608106 0.635813 0.444937 0.630692 0.293278 0.616572 -0.730635 -0.713953 0.649515 0.261535
0.481864 -28.265080 -14.587827 -690.370666 0.666843 0.477962 0.571728 -0.143678 0.835285 -0.530713 -0.731216 0.271757 0.625676
1.279953 -42.405298 71.518873 -999.707060 0.704974 0.419356 0.571972 0.227387 0.630251 -0.742346 -0.671794 0.653394 0.348954
1.477836 -41.743133 -46.469453 499.911849 0.663663 0.484605 0.569832 -0.326664 0.873057 -0.362024 -0.672935 0.054118 0.737719
0.703423 -30.438223 -30.162702 -47.626350 0.668450 0.481190 0.567125 -0.247743 0.863022 -0.440245 -0.701283 0.153780 0.696099
1.298560 -30.161320 11.210268 -216.158129 0.704775 0.465628 0.535241 -0.202593 0.855145 -0.477162 -0.679888 0.227856 0.697018
1.192051 -31.988731 32.481799 -709.193363 0.715352 0.450654 0.534025 -0.022968 0.778994 -0.626611 -0.698387 0.435982 0.567605
2.806763 -366.945794 -54.824746 11788.262708 0.707464 0.530044 0.467492 -0.652169 0.234710 0.720824 -0.272343 0.814841 -0.511726
-7.829214 -343.422572 -69.302638 19846.351280 0.798551 0.457014 0.391733 -0.055559 -0.592057 0.803979 -0.599358 0.663782 0.447396
4.181704 -293.447990 -247.771884 -1126.991030 0.806992 0.490591 0.328761 -0.333947 -0.080057 0.939186 -0.487075 0.867705 -0.099226
3.986980 -171.190163 -242.420701 -9530.734983 0.716282 0.544333 0.436624 -0.686629 0.661352 0.301918 0.124418 0.516057 -0.847470
4.431569 -116.941033 268.791286 -4878.330910 -0.727408 -0.485997 -0.484441 -0.549292 0.835523 -0.013422 0.411285 0.256336 -0.874721
1.255544 -4.530350 83.139857 14.060135 0.772319 -0.213001 0.598460 -0.627534 -0.402082 0.666732 -0.098615 0.890484 0.444201
1.897345 -4.041370 21.024460 7.338494 0.768263 -0.170202 0.617092 -0.628669 -0.382248 0.677246 -0.120613 0.908250 0.400668
1.015871 -4.850440 81.125923 19.817755 0.837460 -0.174789 0.517793 -0.544346 -0.350810 0.761984 -0.048461 0.919990 0.388935
-1.613010 -4.973037 20.503658 -51.237036 -0.635114 -0.368097 -0.679069 0.699749 -0.646464 -0.304032 -0.327081 -0.668273 0.668154
-1.271549 -4.608980 -18.265546 -54.151120 0.706501 0.270859 0.653829 0.607096 -0.706759 -0.363217 -0.363719 -0.653549 0.663763
-1.672022 -5.420243 -11.506060 -37.899714 0.684250 0.295462 0.666711 0.665421 -0.627012 -0.405057 -0.298357 -0.720804 0.625640
0.423084 -20.368305 0.027137 852.594328 -0.826401 0.078279 -0.557614 0.083558 0.996374 0.016038 0.556848 -0.033340 -0.829945
0.284578 -28.257929 2.712394 757.633034 -0.829034 0.093728 -0.551288 0.244578 0.947333 -0.206738 0.502876 -0.306226 -0.808295
0.403272 -23.832988 2.696916 599.878902 -0.821078 0.101183 -0.561776 0.209155 0.969047 -0.131158 0.531116 -0.225189 -0.816826
0.366803 -21.266838 1.948507 769.788397 -0.817203 0.105912 -0.566535 0.103045 0.993981 0.037185 0.567064 -0.027991 -0.823198
0.505049 -17.658626 -5.329041 609.091051 -0.817046 0.078662 -0.571182 -0.001851 0.990287 0.139028 0.576570 0.114650 -0.808964
-33.365832 -46.605261 713.200538 1348.950740 -0.818420 -0.406483 -0.406153 -0.090122 0.788873 -0.607913 0.567509 -0.460925 -0.682262
-17.645344 -36.253720 415.248975 1346.188713 -0.893695 -0.280668 -0.350050 -0.185255 0.941404 -0.281849 0.408644 -0.187038 -0.893323
-22.931397 -79.728904 429.890809 3616.098982 0.385651 0.922537 0.014113 -0.759085 0.325943 -0.563517 0.524465 -0.206608 -0.825984
6.132201 -14.627769 -27.209657 -170.339321 0.610426 0.558261 0.561894 -0.271873 0.813973 -0.513354 -0.743952 0.160601 0.648647
8.567811 -20.505421 -137.865269 -440.119923 0.509003 0.634840 0.581287 -0.178689 0.738534 -0.650106 -0.842013 0.227036 0.489355
7.762469 -21.437288 63.060958 -431.230122 0.699575 0.512843 0.497580 -0.107418 0.763911 -0.636319 -0.706439 0.391704 0.589502
5.481154 -16.220407 145.113860 -179.550427 0.770446 0.447551 0.453995 -0.188453 0.840206 -0.508468 -0.609015 0.306191 0.731675
3.201367 -12.855820 65.637334 14.734139 0.723298 0.453909 0.520391 -0.310139 0.886856 -0.342490 -0.616972 0.086329 0.782236
-8.159001 -10.641233 -94.572467 -104.336988 0.823870 0.265734 0.500623 -0.521566 0.009759 0.853155 -0.221827 0.963997 -0.146638
-6.416941 -13.000287 65.611612 -256.467314 0.990266 0.110284 0.084917 -0.095499 0.094508 0.990933 -0.101258 0.989397 -0.104120
19.232634 -6.791334 1131.010485 -135.349869 -0.222297 0.890857 0.396180 -0.708713 0.131410 -0.693150 0.669560 0.434863 -0.602150
4.007878 -6.067832 681.945006 54.984211 -0.071786 0.870347 0.487178 -0.735576 0.283680 -0.615185 0.673628 0.402518 -0.619843
-0.486163 -6.171879 95.120504 3.801256 -0.914878 0.049149 -0.400727 -0.014459 0.987937 0.154182 0.403471 0.146852 -0.903131
0.742656 -6.186667 76.198572 -0.760128 -0.912516 0.053507 -0.405527 -0.002063 0.990793 0.135372 0.409036 0.124366 -0.904004
0.675627 -6.102077 64.927711 9.435077 -0.911016 0.047686 -0.409604 -0.061612 0.966402 0.249542 0.407742 0.252573 -0.877470
1.439336 -6.147376 43.117330 4.894237 -0.902957 0.045655 -0.427300 -0.058162 0.972207 0.226783 0.425777 0.229628 -0.875205
1.656774 -6.191350 63.194481 -5.384293 -0.904925 0.046912 -0.422978 -0.001076 0.993651 0.112505 0.425571 0.102264 -0.899128
2.655510 -1.219617 -140.950310 56.732770 0.468447 -0.143808 -0.871709 0.876117 0.202829 0.437355 0.113913 -0.968597 0.221007
2.385038 -0.760087 -178.103542 21.246950 0.518992 -0.152053 -0.841147 0.848736 0.208473 0.485989 0.101461 -0.966136 0.237249
4.195298 -0.954538 -57.109523 49.200048 0.540194 -0.048794 -0.840125 0.821367 0.247850 0.513738 0.183158 -0.967569 0.173965
5.147721 -0.648988 -176.249134 2.903404 0.559731 -0.097744 -0.822890 0.817141 0.230201 0.528477 0.137775 -0.968222 0.208722
3.256281 -0.371840 -269.045126 -20.780587 0.649057 -0.148779 -0.746050 0.757249 0.220192 0.614889 0.072791 -0.964044 0.255580
-1.152323 -7.776267 13.008384 91.888298 0.932895 0.080094 0.351128 -0.290141 0.744741 0.600982 0.213365 0.662530 -0.718004
-1.184195 -8.980938 28.663546 47.029437 0.903961 0.116087 0.411556 -0.299415 0.858968 0.415361 0.305295 0.498696 -0.811232
-0.649193 -9.057842 43.467946 33.459469 0.886978 0.112482 0.447904 -0.301403 0.875836 0.376917 0.349894 0.469317 -0.810750
0.201739 -6.105308 3.409576 -26.384073 0.967448 -0.096951 0.233762 -0.218902 -0.784103 0.580744 -0.126990 0.613011 0.779802
2.250862 -9.870139 -58.984070 -125.181551 0.906416 -0.333410 0.259323 0.046450 -0.531541 -0.845758 -0.419825 -0.778654 0.466310
1.492648 -10.579965 -46.745234 -71.143061 0.891758 -0.326999 0.312792 0.033781 -0.641199 -0.766631 -0.451250 -0.694216 0.560748
0.091994 -12.178225 -24.341205 -137.693819 0.885983 -0.277160 0.371775 0.165569 -0.559810 -0.811911 -0.433152 -0.780894 0.450093
-0.239080 -12.915968 15.847075 -246.692285 0.960829 -0.083492 0.264266 -0.260064 -0.601170 0.755620 -0.095781 0.794747 0.599335
-0.444953 -11.920632 13.542678 -243.787703 0.959437 -0.073014 0.272305 -0.262085 -0.586911 0.766060 -0.103885 0.806353 0.582240
-0.463694 -14.325223 7.898946 -254.965533 0.964928 -0.048577 0.257980 -0.205553 -0.751068 0.627411 -0.163282 0.658436 0.734712
-1.774050 -5.658868 17.790896 -85.848412 0.768022 0.367970 -0.524157 -0.631181 0.573466 -0.522252 -0.108413 -0.731939 -0.672690
-1.690427 -5.377993 71.176459 17.314189 0.827079 0.323862 -0.459407 -0.557984 0.571637 -0.601569 -0.067789 -0.753886 -0.653499
-1.765988 -5.938574 86.218815 -64.519307 0.785195 0.359187 -0.504434 -0.610448 0.585820 -0.533075 -0.104034 -0.726498 -0.679248
-1.419219 -4.980080 -9.007317 -7.874980 0.825099 0.312956 -0.470393 -0.559469 0.568653 -0.603016 -0.078773 -0.760719 -0.644284
-1.624667 -6.967024 53.071785 -118.862465 0.754868 0.379472 -0.534954 -0.634650 0.628436 -0.449764 -0.165511 -0.679021 -0.715218
-1.578959 -6.776719 -11.398306 -125.843873 0.728472 0.400880 -0.555538 -0.665243 0.607640 -0.433850 -0.163645 -0.685616 -0.709332
-1.273953 -5.277544 -58.585751 -93.757220 0.761037 0.362748 -0.537807 -0.638196 0.567311 -0.520446 -0.116313 -0.739305 -0.663250
-1.628603 -2.440747 -9.464864 -24.778084 0.799176 0.281616 0.531046 -0.545964 -0.029533 0.837288 -0.251477 0.959073 -0.130150
-1.632612 -2.879226 3.085484 -47.897170 0.651650 0.249853 0.716188 0.722471 0.083169 -0.686381 -0.231059 0.964705 -0.126314
-1.433084 -2.410497 -14.963965 -67.224254 0.847440 0.308038 0.432387 -0.454833 0.001204 0.890576 -0.273810 0.951373 -0.141126
-1.717108 -3.576119 -6.184839 -63.248770 0.900700 0.282808 0.329786 -0.335980 -0.027805 0.941459 -0.275422 0.958773 -0.069974
-1.840958 -3.758737 0.627224 -64.399283 0.917794 0.252875 0.306118 -0.309198 -0.028500 0.950571 -0.249099 0.967079 -0.052031
-1.836731 -2.659322 -1.738720 -64.851100 0.898670 0.245186 0.363697 -0.379104 0.017124 0.925195 -0.220617 0.969325 -0.108340
-1.710068 -2.213515 -3.830391 -15.126148 0.629508 0.239073 0.739299 0.742524 0.095156 -0.663026 -0.228860 0.966328 -0.117616
-3.290029 -5.267548 116.892926 54.136051 0.071200 0.989087 0.128982 -0.898357 0.119781 -0.422619 0.433456 0.085782 -0.897083
0.755446 -23.954812 33.261907 230.496436 0.831616 0.443975 0.333618 -0.520359 0.413076 0.747392 -0.194014 0.795144 -0.574547
0.992370 -27.645523 18.062322 59.252836 0.802932 0.501431 0.322284 -0.588892 0.583653 0.559066 -0.092231 0.638682 -0.763923
7.606731 -12.041564 -239.873343 -569.036944 0.916893 0.310441 0.250865 -0.169906 -0.265156 0.949118 -0.361164 0.912863 0.190374
10.206770 -8.049342 -316.239875 -405.414114 0.921542 0.336113 0.194392 -0.147342 -0.160485 0.975979 -0.359236 0.928048 0.098370
9.062943 -12.457681 -172.220089 -581.292606 0.934670 0.184416 0.303944 -0.253580 -0.253389 0.933537 -0.249176 0.949623 0.190071
7.079366 -8.250788 -216.964938 -380.179366 0.889734 0.437119 0.131529 -0.056108 -0.181230 0.981839 -0.453017 0.880956 0.136721
6.281673 -16.889305 -191.105820 -580.165180 0.917672 0.192349 0.347678 -0.250651 -0.398713 0.882158 -0.308306 0.896677 0.317675
5.012327 -11.971293 -112.867200 -473.132653 0.902618 0.392554 0.176582 -0.061496 -0.288422 0.955527 -0.426026 0.873335 0.236194
4.794542 -16.221082 -192.891802 -549.366924 0.912375 0.290093 0.288822 -0.156734 -0.404233 0.901127 -0.378162 0.867434 0.323345
-0.622263 -27.071748 54.002554 -516.731445 -0.944569 -0.266789 -0.191344 -0.232413 0.955006 -0.184248 0.231890 -0.129564 -0.964075
-2.106634 -20.272077 -28.382277 -667.104900 0.948147 0.247891 0.198914 -0.143044 0.891704 -0.429421 0.283822 -0.378701 -0.880926
-0.159883 -24.910759 69.423495 -536.787272 -0.960269 -0.164966 -0.225100 -0.124530 0.975122 -0.183384 0.249752 -0.148066 -0.956922
1.761465 -29.660854 -17.392034 -184.502825 -0.957560 -0.173746 -0.229981 -0.207318 0.969494 0.130766 0.200245 0.172896 -0.964370
1.678106 -28.375638 -14.384306 -421.516206 -0.964899 -0.088782 -0.247157 -0.110639 0.990953 0.075970 0.238176 0.100649 -0.965993
1.384037 -26.729722 99.814449 -556.091452 -0.970030 -0.064261 -0.234333 -0.065311 0.997860 -0.003285 0.234042 0.012118 -0.972151
0.993232 -21.753590 118.273338 -615.326727 -0.967284 -0.125069 -0.220725 -0.066083 0.964214 -0.256756 0.244938 -0.233770 -0.940934
1.140822 -2.465035 6.201345 30.594395 0.981371 -0.165275 0.097957 -0.008504 0.471996 0.881559 0.191935 0.865970 -0.461798
1.393858 -1.908797 5.505323 14.447214 0.979802 -0.152584 0.129253 -0.048834 0.444218 0.894587 0.193916 0.882830 -0.427794
1.235351 -2.243875 8.924867 23.601416 0.981002 -0.095848 0.168664 -0.104041 0.473871 0.874427 0.163737 0.875363 -0.454896
0.680841 -3.117070 9.530736 46.979132 0.978870 -0.075370 0.190086 -0.125876 0.510483 0.850624 0.161147 0.856578 -0.490210
0.906164 -3.194423 6.121575 52.314252 0.960846 0.009120 0.276934 -0.244018 0.501336 0.830131 0.131267 0.865205 -0.483932
1.360979 -2.210770 3.793123 28.652058 0.973379 -0.028132 0.227469 -0.188609 0.465586 0.864671 0.130231 0.884556 -0.447885
6.709597 -1.948604 -119.153699 -14.474202 0.465648 -0.099667 -0.879340 0.876616 -0.084259 0.473755 -0.121310 -0.991447 0.048135
6.748264 -2.655487 -137.223844 -38.295838 0.467263 -0.101605 -0.878261 0.879685 -0.045929 0.473334 -0.088431 -0.993764 0.067920
7.473518 -2.210488 29.849414 -37.898135 0.495122 0.030169 -0.868300 0.867554 -0.071183 0.492223 -0.046959 -0.997007 -0.061417
7.558065 -1.673541 28.857471 -1.989743 0.494199 0.028738 -0.868874 0.867576 -0.080108 0.490811 -0.055498 -0.996372 -0.064522
7.234150 -1.664851 22.807617 0.568932 0.493530 0.028853 -0.869250 0.866662 -0.100179 0.488735 -0.072979 -0.994551 -0.074447
6.704963 -1.613966 -116.547608 1.771896 0.480210 -0.097903 -0.871672 0.864679 -0.114164 0.489180 -0.147406 -0.988626 0.029832
1.259565 -4.638974 -8.452917 3.617274 0.869385 0.127293 0.477457 0.476561 0.039398 -0.878258 0.130607 -0.991082 0.026411
1.145000 -4.822892 -21.933042 -23.166718 0.906023 0.123878 0.404694 0.394811 0.097094 -0.913617 0.152470 -0.987536 -0.039061
1.318316 -4.049168 -14.420791 -11.066297 0.860063 0.087000 0.502715 0.501073 0.041373 -0.864415 0.096003 -0.995349 0.008010
1.370727 -5.385775 8.356729 -11.043336 0.899922 0.168092 0.402350 0.389774 0.103583 -0.915067 0.195491 -0.980314 -0.027699
1.299923 -5.326364 15.153237 8.449176 0.863804 0.168402 0.474851 0.476059 0.035768 -0.878686 0.164957 -0.985069 0.049273
-6.128971 -8.525873 253.396857 76.162300 -0.689365 -0.117633 0.714800 0.690701 -0.404248 0.599597 0.218424 0.907054 0.359923
-6.777478 -8.713505 308.941045 -67.624176 -0.482483 -0.224125 0.846746 0.826034 -0.437970 0.354754 0.291340 0.870603 0.396448
-0.968725 -14.760973 22.535705 -278.205372 0.871947 0.230643 0.431870 -0.151702 0.965951 -0.209585 -0.465504 0.117231 0.877247
-0.095978 -16.833681 110.379518 -70.234406 0.877417 0.302514 0.372323 -0.101975 0.875988 -0.471429 -0.468765 0.375672 0.799456
5.868098 -48.880985 172.646643 1679.438997 0.840837 0.388719 0.376684 -0.264756 -0.311628 0.912574 -0.472121 0.867055 0.159113
3.386224 -34.964960 35.600795 1133.178684 0.838403 0.326017 0.436799 -0.258628 -0.467473 0.845328 -0.479783 0.821694 0.307613
3.412272 -35.653484 149.557692 1232.960875 0.858496 0.336240 0.387205 -0.128242 -0.590298 0.796933 -0.496527 0.733819 0.463648
4.327030 -39.933015 -3.093813 746.863680 0.834458 0.319524 0.448981 -0.394550 -0.222383 0.891558 -0.384720 0.921114 0.059501
3.967540 -58.316925 231.668605 2583.004175 0.823920 0.418492 0.382126 -0.030577 -0.640482 0.767364 -0.565881 0.643931 0.514910
8.098161 -44.373840 150.998811 -690.399399 0.840859 0.401377 0.363115 -0.473187 0.219433 0.853196 -0.262774 0.889239 -0.374439
5.814180 -38.623383 105.931843 78.382405 0.852321 0.305222 0.424722 -0.458021 0.043512 0.887876 -0.252519 0.951287 -0.176884
7.028805 -40.781377 40.626156 735.422552 0.792062 0.539422 0.285765 -0.251483 -0.138214 0.957942 -0.556232 0.830615 -0.026182
5.804352 -39.518536 99.257589 1236.536827 0.784187 0.531519 0.320216 -0.052238 -0.457662 0.887590 -0.618322 0.712764 0.331127
-3.893537 -32.901333 -194.881595 -869.851899 0.061414 -0.971209 0.230176 0.995225 0.077114 0.059838 -0.075865 0.225402 0.971308
-2.241659 -27.424690 -215.210133 -15.925381 0.101654 -0.952353 0.287560 0.964705 0.023785 -0.262257 0.242921 0.304070 0.921157
0.003470 -23.945353 -109.656747 21.834737 0.094730 -0.967730 0.233508 0.965398 0.032053 -0.258805 0.242968 0.249944 0.937280
-21.173066 -25.269911 -1021.030039 -370.972733 0.940827 0.338801 0.007641 0.248006 -0.703713 0.665793 -0.230948 0.624501 0.746097
-8.565383 -22.555077 -701.584092 469.504012 0.943759 0.012327 0.330404 -0.160111 -0.857279 0.489323 -0.289281 0.514705 0.807091
-9.714824 -17.547053 -714.922427 -239.765790 0.942848 0.147864 0.298619 -0.034530 0.934686 -0.353794 -0.331428 0.323262 0.886373
-6.371153 -9.710163 70.675163 57.075904 0.655972 0.203554 0.726819 0.270820 0.835354 -0.478373 -0.704526 0.510637 0.492842
94.623476 -1063.849961 -170.305341 56799.685742 0.991366 0.016623 0.130068 0.130551 -0.032342 -0.990914 0.012266 -0.999339 0.034233
-8.360641 -39.411757 44.873368 1910.991209 0.868212 0.144405 0.474716 0.486700 -0.434090 -0.758082 -0.096599 -0.889220 0.447164
-6.873217 -40.218161 -381.286158 2186.902288 0.885607 -0.160576 0.435793 0.326623 -0.451744 -0.830208 -0.330178 -0.877578 0.347620
-6.876049 -180.239194 645.237151 11512.581944 0.773265 0.470783 0.424764 -0.551619 0.829805 0.084494 -0.312693 -0.299645 0.901352
-6.010050 -32.944699 -713.057156 2861.221664 0.836322 -0.367770 0.406585 0.303219 -0.307575 -0.901918 -0.456754 -0.877578 0.145717
0.428255 -1.819929 17.800304 -17.541886 0.412009 0.333028 0.848140 0.741672 0.418147 -0.524477 -0.529313 0.845131 -0.074717
13.802698 -9.910966 -378.660422 226.399899 0.091874 -0.395588 0.913821 0.367379 0.866428 0.338136 -0.925523 0.304653 0.224933
11.541728 -7.938277 -497.390020 202.720963 -0.025775 -0.332074 0.942901 0.397318 0.862113 0.314483 -0.917319 0.382737 0.109718
14.129021 -7.435955 -371.330042 66.049226 0.097667 -0.355676 0.929492 0.446061 0.850538 0.278594 -0.889658 0.387401 0.241723
11.879657 -5.338308 -473.014868 13.399347 0.048130 -0.227698 0.972542 0.494945 0.851164 0.174786 -0.867590 0.472942 0.153664
14.295891 -6.332221 -279.513014 -80.072891 0.179307 -0.297541 0.937720 0.455823 0.869809 0.188832 -0.871822 0.393575 0.291589
14.765920 -7.931013 48.786489 -76.367583 0.307542 -0.394317 0.865986 0.437838 0.866667 0.239135 -0.844817 0.305617 0.439183
14.817637 -9.212641 35.204630 52.717468 0.330810 -0.438006 0.835892 0.390873 0.869807 0.301087 -0.858943 0.227125 0.458946
-0.879053 -5.639839 38.557545 -15.700993 0.920664 0.148709 0.360920 -0.311546 -0.277157 0.908913 -0.235195 0.949247 0.208839
-1.382887 -5.564648 24.837873 -20.811001 0.926671 0.189689 0.324499 -0.272017 -0.257356 0.927240 -0.259399 0.947516 0.186885
-2.149559 -10.552158 -16.817208 -318.654865 -0.755519 0.375110 -0.537106 -0.109061 0.736396 0.667702 0.645985 0.563039 -0.515452
-1.947008 -14.886411 71.251001 -394.810175 0.699954 -0.415509 0.580875 -0.274373 0.594475 0.755857 0.659381 0.688442 -0.302101
