17580
35142
-5.742710 -7.671983 32.310989 174.884405 -0.012720 0.999140 -0.039466 -0.756077 -0.035440 -0.653522 0.654359 -0.021526 -0.755878
-6.350203 -9.106129 69.395038 123.307085 -0.201852 0.966873 -0.156244 -0.631417 -0.250415 -0.733897 0.748711 0.049484 -0.661047
-7.469315 -11.576870 -41.664816 358.039010 0.360637 0.850704 0.382420 -0.564812 0.525473 -0.636290 0.742246 -0.013474 -0.669993
-4.461569 -7.274620 -19.969292 99.092544 -0.449872 0.807083 -0.382404 -0.605031 -0.590370 -0.534229 0.656927 0.008969 -0.753901
-5.256384 -11.042003 -166.891467 454.193388 0.422880 0.862100 0.279206 -0.630227 0.501187 -0.592980 0.651143 -0.074797 -0.755261
-3.446134 -7.919957 -152.914533 277.256992 0.351845 0.925159 0.142428 -0.730701 0.366557 -0.575944 0.585048 -0.098571 -0.804986
-4.402239 -5.918143 28.801185 100.521411 -0.377958 0.855392 -0.354193 -0.705868 -0.513796 -0.487611 0.599082 -0.065717 -0.797987
4.116313 -12.899049 -27.527661 164.960313 0.471809 0.881392 -0.023319 -0.850106 0.461759 0.253177 -0.233916 0.099628 -0.967139
5.003393 -12.829716 -55.839080 80.235816 0.505432 0.862477 0.025927 -0.814733 0.467126 0.343515 -0.284163 0.194747 -0.938789
5.253805 -11.567582 -31.352956 117.546832 0.433088 0.901343 0.003902 -0.812868 0.388698 0.433774 -0.389463 0.191034 -0.901013
4.359170 -11.195701 -4.377107 155.471937 0.393226 0.918546 -0.040577 -0.853378 0.381042 0.355743 -0.342228 0.105260 -0.933703
6.215232 -10.179231 9.698637 16.114117 0.390730 0.919507 0.042855 -0.781703 0.306868 0.542929 -0.486076 0.245638 -0.838684
5.619910 -9.802572 37.182681 71.046124 0.339835 0.940484 -0.000992 -0.813744 0.294567 0.501050 -0.471522 0.169467 -0.865418
-0.704813 -4.028454 25.046140 -498.360503 0.657237 0.736208 0.161362 -0.608147 0.644492 -0.463451 0.445193 -0.206466 -0.871307
0.733928 -1.534261 60.527331 21.219466 -0.876121 0.282986 -0.390296 0.339183 0.937149 -0.081899 0.342589 -0.204135 -0.917039
2.578962 -2.413165 56.957190 -235.840981 -0.906424 -0.120558 -0.404797 0.001866 0.957246 -0.289269 0.422364 -0.262956 -0.867446
-1.710904 -14.851007 113.571032 -1381.083485 0.453640 0.889839 0.048967 -0.697641 0.388773 -0.601792 0.554534 -0.238835 -0.797151
0.063375 -3.129554 -23.897173 -37.715145 0.012795 0.821792 0.569644 -0.642096 0.443467 -0.625340 0.766517 0.357765 -0.533344
-0.552889 -3.344550 -74.471785 -44.284395 0.070828 0.792537 0.605696 -0.633893 0.504604 -0.586136 0.770171 0.342432 -0.538124
-0.337312 -2.846857 -45.578909 -6.744622 -0.033280 0.859178 0.510593 -0.612689 0.386084 -0.689602 0.789623 0.335784 -0.513561
2.251072 -8.551179 81.079025 164.262632 0.171698 0.456710 0.872890 0.882423 -0.465242 0.069849 0.438006 0.758265 -0.482892
2.021998 -11.054867 25.595082 190.761429 0.174339 0.511242 0.841569 0.938686 -0.344456 0.014794 0.297447 0.787389 -0.539948
3.071366 -7.753509 43.743958 162.005101 0.216356 0.482316 0.848859 0.877642 -0.476975 0.047322 0.427709 0.734755 -0.526498
1.899296 -7.592424 95.905382 23.020539 -0.168297 0.985059 0.036532 0.421500 0.038412 0.906015 -0.891075 -0.167878 0.421667
2.697573 -7.608947 92.567522 -2.919175 -0.199046 0.977698 0.066981 0.375997 0.013072 0.926528 -0.904990 -0.209606 0.370214
1.945451 -7.768601 84.628854 -7.467717 -0.180717 0.982341 0.048451 0.284650 0.005084 0.958618 -0.941444 -0.187030 0.280542
1.027194 -8.620191 25.290827 43.451614 -0.061407 0.992616 0.104606 0.913322 0.098152 -0.395232 0.402581 -0.071269 0.912606
1.420505 -8.751740 20.621635 49.403439 -0.061584 0.990807 0.120452 0.926547 0.101622 -0.362192 0.371103 -0.089299 0.924288
1.094394 -9.340918 4.201817 45.781900 -0.069711 0.990504 0.118498 0.957228 0.099857 -0.271557 0.280812 -0.094499 0.955099
-2.557320 -17.054338 55.578901 -242.756069 0.154094 0.980621 0.120986 0.228062 0.083842 -0.970030 0.961375 -0.177068 0.210723
-1.984857 -12.921612 50.396021 -422.410586 0.155144 0.978859 0.133291 0.517482 0.034407 -0.855002 0.841512 -0.201624 0.501204
-3.014068 -13.899945 82.932209 -342.963596 0.197752 0.975505 0.096356 0.420797 0.004301 -0.907145 0.885338 -0.219936 0.409639
-1.717110 -14.264945 -9.032224 -245.116678 0.136516 0.977539 0.160565 0.381959 0.097610 -0.919010 0.914041 -0.186789 0.360054
-3.828558 -18.354886 91.662221 -251.901597 0.189941 0.977868 0.087729 0.164949 0.056302 -0.984694 0.967840 -0.201504 0.150604
-3.500848 -21.500226 157.622015 -243.011420 0.101712 0.992495 0.067889 -0.059463 0.074186 -0.995470 0.993035 -0.097215 -0.066562
-2.216065 -19.838058 62.899296 -127.117934 0.109694 0.988212 0.106786 -0.074403 0.115297 -0.990541 0.991177 -0.100712 -0.086173
-1.869234 -17.123588 2.585329 -58.345469 0.125392 0.981294 0.146081 0.117047 0.131582 -0.984371 0.985179 -0.140531 0.098358
-0.176721 -20.948263 -32.883001 184.349735 0.131364 0.975743 -0.175124 -0.762497 -0.013440 -0.646852 0.633515 -0.218504 -0.742236
-0.482643 -21.316547 9.769471 211.608410 0.114098 0.982066 -0.150095 -0.740182 -0.016741 -0.672198 0.662656 -0.187795 -0.724997
-0.156434 -20.673927 -14.538666 141.630898 0.133422 0.978545 -0.156999 -0.608216 -0.044227 -0.792538 0.782478 -0.201231 -0.589266
-4.691163 -14.580530 -21.497415 -704.675303 0.955035 -0.206605 -0.212657 0.215858 0.976199 0.020990 0.203259 -0.065950 0.976901
10.791891 -15.009084 805.651917 -174.415780 -0.386615 0.913481 0.126811 0.910112 0.400133 -0.107656 0.149083 -0.073790 0.986068
-4.120209 -7.279936 1.878138 -9.006544 -0.647568 0.749100 0.139663 0.750403 0.658768 -0.054032 0.132481 -0.069814 0.988724
-1.838596 -5.720220 -40.708404 54.457566 -0.167183 0.981425 0.094105 0.963802 0.182792 -0.194093 0.207690 -0.058250 0.976459
0.257582 -12.071278 -33.745637 -31.754815 0.106746 0.991324 -0.076693 0.052742 -0.082670 -0.995180 0.992886 -0.102187 0.061109
0.512786 -12.573909 -20.744716 -31.299428 0.091910 0.994274 -0.054518 0.018097 -0.056409 -0.998244 0.995603 -0.090762 0.023178
0.549212 -12.442888 -36.299160 14.445245 0.100493 0.990265 -0.096316 -0.131094 -0.082783 -0.987908 0.986263 -0.111905 -0.121498
0.961727 -12.653130 -35.859905 56.389203 0.090697 0.991758 -0.090495 -0.199734 -0.070908 -0.977281 0.975644 -0.106711 -0.191657
0.835398 -12.282617 -36.257388 44.437717 0.090272 0.987841 -0.126575 -0.337550 -0.089223 -0.937069 0.936969 -0.127317 -0.325392
-3.274167 -7.848291 -28.427561 -3.004191 0.014505 0.995177 0.097018 -0.652493 -0.064101 0.755079 -0.757656 0.074256 -0.648417
-3.308730 -7.770016 -52.986756 8.370157 0.008602 0.998466 0.054704 -0.700001 -0.033054 0.713376 -0.714090 0.044429 -0.698643
-1.960088 -7.810039 -152.296045 2.242471 -0.004821 0.999950 -0.008761 -0.648249 0.003546 0.761420 -0.761413 -0.009350 -0.648200
-3.774570 -7.627356 55.255442 -8.668345 0.046135 0.991442 0.122126 -0.726536 -0.050603 0.685263 -0.685578 0.120343 -0.717984
-3.129057 -7.766579 74.547530 -9.637955 0.065498 0.986943 0.147151 -0.662369 -0.067291 0.746150 -0.746309 0.146339 -0.649313
4.223536 -3.662082 -45.885301 -61.844763 -0.109262 0.889936 -0.442805 -0.264682 -0.455437 -0.850012 0.958126 -0.024328 -0.285312
3.630187 -2.812567 69.364380 -75.522299 -0.217766 0.893769 -0.392115 -0.247982 -0.439241 -0.863465 0.943972 0.090796 -0.317291
4.109045 -4.434825 49.566223 -49.300280 -0.175410 0.931346 -0.319101 -0.342032 -0.361587 -0.867334 0.923171 0.042996 -0.381976
2.685974 -3.440789 130.620471 -61.506005 -0.264230 0.922477 -0.281460 -0.310135 -0.357600 -0.880874 0.913235 0.145463 -0.380581
3.168219 -4.548542 122.268644 -59.108274 -0.236835 0.940898 -0.242116 -0.369511 -0.317712 -0.873224 0.898538 0.117346 -0.422918
2.916948 -24.891823 84.753523 658.557892 0.104453 0.994350 -0.018913 -0.364763 0.020611 -0.930872 0.925223 -0.104131 -0.364855
1.900450 -31.076095 82.459950 781.251116 0.102332 0.993044 -0.058236 -0.119273 -0.045872 -0.991801 0.987574 -0.108439 -0.113749
1.292797 -26.770458 11.440578 647.775715 0.078425 0.996709 -0.020523 -0.353919 0.008590 -0.935237 0.931982 -0.080610 -0.353428
-0.856220 -13.088724 -50.505428 44.340614 -0.152994 0.987639 -0.034079 -0.021867 0.031093 0.999277 -0.987985 -0.153628 -0.016840
-0.810800 -12.606095 -42.881527 30.971614 -0.143111 0.989692 0.005320 0.168658 0.019090 0.985490 -0.975230 -0.141931 0.169651
-1.173114 -12.343931 -31.398948 46.596294 -0.123295 0.992137 -0.021498 0.082246 0.031804 0.996104 -0.988956 -0.121046 0.085520
2.012171 -9.014509 60.030359 -55.348071 0.498564 0.804347 0.323202 -0.389011 0.540798 -0.745794 0.774664 -0.246097 -0.582522
-0.401015 -10.733026 -44.492548 -80.071393 0.411516 0.897011 0.161324 -0.597485 0.399180 -0.695462 0.688234 -0.189805 -0.700220
0.154650 -9.147322 -19.969221 -40.208583 -0.591401 -0.686503 -0.423035 -0.338315 0.687444 -0.642623 0.731975 -0.236928 -0.638809
7.109001 -7.040185 -367.272696 -89.940580 -0.622022 -0.463177 -0.631313 0.008393 0.802284 -0.596883 0.782955 -0.376573 -0.495151
-1.561592 -8.610859 -46.999260 0.275653 -0.670767 -0.525998 -0.522874 -0.287732 0.834336 -0.470205 0.683580 -0.164951 -0.710992
3.164666 -7.397840 -235.646582 -103.580340 -0.705617 -0.252752 -0.661983 0.045439 0.916158 -0.398233 0.707135 -0.311079 -0.634972
-0.144966 -29.905483 -3.471355 355.139124 -0.340394 0.909882 0.237165 -0.835320 -0.408424 0.368009 -0.431709 0.072840 -0.899067
-0.157380 -25.637429 11.866427 191.295711 -0.361165 0.895236 0.260982 -0.732594 -0.445560 0.514570 -0.576945 0.005349 -0.816765
-0.655503 -25.686554 -13.394557 236.886826 -0.363922 0.895528 0.256105 -0.643788 -0.440549 0.625662 -0.673125 -0.062815 -0.736856
-0.505418 -22.938481 -4.435825 93.410885 -0.378094 0.884989 0.271734 -0.526787 -0.447038 0.722947 -0.761276 -0.130196 -0.635223
-0.669043 -24.129616 -46.249045 148.611866 -0.340459 0.911725 0.229883 -0.759830 -0.410790 0.503894 -0.553846 0.003117 -0.832613
-1.035706 -21.842573 -30.698904 17.595826 -0.358642 0.896960 0.258532 -0.568392 -0.429530 0.701737 -0.740477 -0.104724 -0.663872
-1.005263 -22.009208 -26.868437 137.502977 -0.385148 0.880696 0.275746 -0.371128 -0.421382 0.827467 -0.844941 -0.216360 -0.489146
3.920104 -7.014827 141.571387 12.175582 0.068628 0.976251 0.205484 0.986972 -0.036394 -0.156723 -0.145523 0.213562 -0.966030
3.348589 -6.977503 136.088628 6.356555 0.044466 0.969269 0.241951 0.997544 -0.029956 -0.063321 -0.054127 0.244172 -0.968220
2.169061 -7.060225 122.772879 -12.441358 0.006268 0.967950 0.251065 0.989286 0.030617 -0.142740 -0.145852 0.249270 -0.957388
4.618575 -10.832303 -176.303677 90.237597 -0.688586 0.343605 -0.638580 0.293538 0.937314 0.187822 0.663087 -0.058116 -0.746283
4.494895 -9.367744 -313.205650 -78.627597 -0.692145 0.136464 -0.708740 0.276447 0.957203 -0.085670 0.666718 -0.255225 -0.700248
1.741255 -10.337997 -275.610109 103.160691 -0.683007 0.165459 -0.711425 0.188234 0.980978 0.047436 0.705741 -0.101515 -0.701160
-2.264815 -291.213175 -332.457530 -17750.555910 -0.342742 0.937197 0.064721 0.502813 0.241206 -0.830060 0.793541 0.251953 0.553906
11.643138 -468.891707 618.823484 -28538.556452 -0.452938 0.874025 0.175860 0.874410 0.473990 -0.103638 0.173938 -0.106832 0.978945
-4.655587 -353.486750 121.327084 -27586.572497 -0.309812 0.948368 0.067930 0.086222 0.099174 -0.991328 0.946880 0.301268 0.112495
7.441394 -138.937992 -189.689587 -11092.937220 0.486094 -0.836871 -0.251713 0.872098 0.446011 0.201294 -0.056191 -0.317366 0.946637
-39.894279 -1067.358019 -433.529688 11513.227685 -0.403606 0.914593 0.024948 -0.391841 -0.148148 -0.908027 0.826779 0.376261 -0.418168
6.071995 -280.128564 710.594411 3412.906498 -0.418566 0.891507 0.173257 -0.264745 0.062712 -0.962277 0.868742 0.448646 -0.209773
1.448940 -183.153652 210.047978 -8575.070374 -0.402871 0.880521 0.249756 0.629673 0.464685 -0.622560 0.664234 0.093547 0.741648
40.434807 -747.074330 2660.558806 -112003.658708 -0.272041 0.962253 0.007907 -0.887497 -0.247714 -0.388571 0.371945 0.112725 -0.921385
52.841873 -555.074610 3784.143005 55944.852218 -0.263570 0.948384 0.176349 -0.307298 0.090740 -0.947277 0.914384 0.303865 -0.267520
-8.382455 -1300.310529 1283.539287 199843.653696 -0.226102 0.970217 0.086933 -0.314014 0.011884 -0.949344 0.922103 0.241946 -0.301974
-2.255633 -278.673239 64.963396 -2986.627764 -0.318603 0.944905 -0.075146 0.947855 0.318256 -0.016869 0.007976 -0.076601 -0.997030
-20.062233 -2643.927657 1264.753469 308181.407516 -0.161736 0.986297 -0.032551 -0.870473 -0.158126 -0.466125 0.464885 0.047054 -0.884120
-6.693745 -269.185146 257.342536 -38425.870497 -0.227708 0.971445 0.066665 0.078307 0.086511 -0.993169 0.970576 0.220932 0.095770
-1.752164 -9.283481 71.148348 136.154989 0.640112 0.450727 0.622175 -0.607427 -0.198942 0.769061 -0.470413 0.870211 -0.146439
-1.376410 -8.915460 68.709347 149.302851 0.662849 0.438074 0.607225 -0.570796 -0.229219 0.788448 -0.484586 0.869224 -0.098114
-1.304008 -11.698503 66.859330 -201.377741 0.628510 0.437717 0.642946 0.671723 0.111275 -0.732397 -0.392127 0.892200 -0.224087
0.997064 0.016810 47.435003 39.627802 -0.150326 0.981697 0.116929 -0.348338 0.058094 -0.935567 0.925237 0.181371 -0.333229
2.078040 -0.012990 90.724544 115.483554 -0.001730 0.899184 0.437567 -0.386274 0.403005 -0.829687 0.922383 0.170456 -0.346634
0.861237 -0.930511 65.005143 112.250751 -0.058258 0.933714 0.353247 -0.386295 0.305199 -0.870419 0.920534 0.187167 -0.342909
-85.740620 -251.839293 -14751.946608 -1332.300232 -0.667851 -0.158666 -0.727187 -0.047125 0.984068 -0.171436 0.742802 -0.080225 -0.664687
-13.637311 -214.630564 52.451219 208.092954 0.999504 -0.019454 -0.024763 0.016760 0.994364 -0.104682 -0.026660 -0.104215 -0.994197
-29.575623 -895.550425 -5292.039124 69584.407528 -0.912891 -0.013330 -0.407986 -0.120562 0.963685 0.238279 0.389993 0.266710 -0.881346
-34.157275 -258.133816 162.727615 -13216.300128 0.993578 -0.041105 -0.105423 -0.040116 0.743204 -0.667862 -0.105803 -0.667801 -0.736781
-3.252627 -65.573040 72.075065 -3196.050089 0.960415 -0.006245 -0.278504 -0.278565 -0.013483 -0.960323 -0.002242 -0.999890 0.014689
-3.304245 -10.795234 -13.102636 -630.962355 0.949998 0.018518 -0.311707 -0.309833 -0.068226 -0.948340 0.038828 -0.997498 0.059077
-2.731334 -10.828904 -37.648789 -512.868680 0.950525 -0.033953 -0.308788 -0.310648 -0.101779 -0.945060 -0.000659 -0.994227 0.107291
-1.409696 -5.033877 -10.723964 3.068562 0.998590 -0.039156 -0.035832 -0.040571 -0.127827 -0.990966 -0.034222 -0.991023 0.129236
-2.516138 -13.935618 -82.322693 -658.215727 0.883782 -0.094865 -0.458182 -0.466447 -0.101535 -0.878702 -0.036836 -0.990299 0.133984
-3.346735 -43.918839 63.122587 -2237.269828 0.947680 -0.053432 -0.314719 -0.317027 -0.042117 -0.947481 -0.037370 -0.997683 0.056853
-0.903228 -8.948926 -18.561453 22.339901 -0.027273 0.999473 -0.017623 -0.913861 -0.032074 -0.404759 0.405111 -0.005066 -0.914253
-1.198533 -9.419835 -15.121537 120.272632 -0.040889 0.999107 -0.010662 -0.898694 -0.041439 -0.436614 0.436666 0.008271 -0.899586
-1.139306 -10.170970 -20.663711 152.654196 -0.020644 0.999655 -0.016218 -0.874482 -0.025917 -0.484365 0.484619 -0.004183 -0.874715
-0.823860 -10.023638 -1.815637 128.610386 -0.016317 0.999768 -0.014096 -0.886197 -0.020989 -0.462834 0.463022 -0.004940 -0.886333
2.837331 -25.641243 281.684704 -1123.121766 0.346420 0.937862 -0.020195 0.474552 -0.193775 -0.858634 0.809193 -0.287864 0.512192
0.129408 -14.050735 249.961989 -721.286888 0.424857 0.888501 -0.173384 0.549104 -0.405207 -0.730953 0.719709 -0.215345 0.660034
-1.200519 -17.946941 66.016986 -755.551245 0.418928 0.907911 0.014045 0.547146 -0.240059 -0.801875 0.724659 -0.343612 0.597327
2.658837 -32.081347 376.790339 -1943.080929 0.357901 0.926845 -0.113427 0.593660 -0.319621 -0.738519 0.720746 -0.196980 0.664623
-0.122262 -22.558717 65.972731 -560.289607 0.399422 0.915629 0.045669 0.359031 -0.110395 -0.926774 0.843539 -0.386571 0.372834
-2.214853 -9.537264 23.453345 202.657663 -0.125047 0.955533 0.267058 0.766451 0.263958 -0.585559 0.630013 -0.131464 0.765376
-2.534514 -5.895440 10.473247 281.790764 -0.341871 0.787538 0.512746 0.566448 0.608053 -0.556245 0.749841 -0.100279 0.653975
-0.193121 -5.905725 98.623459 402.468418 -0.227006 0.915701 0.331602 0.588291 0.400282 -0.702630 0.776133 -0.035578 0.629565
0.294789 -10.051819 205.158124 284.852740 -0.051650 0.993945 0.096980 0.716927 0.104507 -0.689270 0.695232 -0.033926 0.717984
-1.990745 -11.768618 56.746490 63.315945 -0.041276 0.987183 0.154164 0.828664 0.120028 -0.546726 0.558222 -0.105184 0.822997
-3.125862 -11.347118 -57.775741 -57.076579 -0.075129 0.967991 0.239477 0.892407 0.172424 -0.416989 0.444933 -0.182383 0.876796
-3.053574 -10.847174 -24.103477 -27.208101 -0.090904 0.956071 0.278685 0.866890 0.213703 -0.450370 0.490141 -0.200649 0.848234
1.317948 -6.964900 -272.815071 -18.826195 0.334333 0.903391 0.268524 0.243535 0.192430 -0.950611 0.910446 -0.383216 0.155672
-1.211933 -7.362961 -319.004787 -42.309914 0.344421 0.899124 0.270092 0.313608 0.160979 -0.935807 0.884886 -0.407015 0.226528
1.905329 -6.495400 -250.361987 -24.414192 0.352477 0.917599 0.183769 0.321093 0.065866 -0.944754 0.879010 -0.392012 0.271418
3.888047 -6.089308 -121.342449 -22.977321 0.263815 0.947043 0.183063 0.280686 0.106200 -0.953906 0.922831 -0.303038 0.237805
-1.133239 -11.599285 -30.320206 -145.997249 0.561076 -0.433183 0.705369 0.827764 0.292914 -0.478548 0.000687 0.852381 0.522921
-1.552959 -9.911399 -19.001568 -113.549404 0.554019 -0.441093 0.706045 0.824018 0.411332 -0.389615 -0.118563 0.797648 0.591355
-1.879384 -10.534129 -41.138529 -110.113657 0.593898 -0.444851 0.670368 0.800081 0.414170 -0.433974 -0.084593 0.794085 0.601891
-1.368919 -12.399129 -58.211843 -119.039656 0.579935 -0.447307 0.680876 0.812095 0.251113 -0.526730 0.064634 0.858405 0.508885
18.845511 -3.232911 858.873023 142.063289 -0.197763 0.455436 -0.868025 0.763886 -0.483331 -0.427632 -0.614302 -0.747643 -0.252316
28.864475 0.722140 1046.409911 186.964045 -0.185153 0.449347 -0.873960 0.807100 -0.437831 -0.396099 -0.560632 -0.778712 -0.281602
12.704582 -1.401382 438.239359 87.790349 -0.320264 0.632075 -0.705629 0.690617 -0.354075 -0.630618 -0.648444 -0.689283 -0.323125
-0.022116 -8.640175 -5.788524 -12.747664 -0.028178 0.998864 -0.038437 -0.624576 0.012429 0.780865 -0.780455 -0.046010 -0.623516
0.079369 -8.417179 -6.087270 -14.789943 -0.061651 0.998035 -0.011178 -0.644055 -0.031224 0.764342 -0.762491 -0.054321 -0.644715
-0.435996 -8.409130 -0.468828 -12.073586 -0.017415 0.998727 -0.047334 -0.717972 0.020456 0.695772 -0.695854 -0.046101 -0.716702
-0.360691 -8.563410 2.339494 -1.743642 0.008141 0.996919 -0.078011 -0.690471 0.062035 0.720695 -0.723314 -0.047997 -0.688849
0.040453 -8.851635 15.230718 -25.115786 0.004482 0.997805 -0.066072 -0.613875 0.054903 0.787492 -0.789390 -0.037031 -0.612774
0.034074 -10.442243 -49.310322 72.706297 -0.067243 0.984496 0.162005 0.870273 -0.021537 0.492099 -0.487958 -0.174079 0.855332
0.181992 -9.657164 -30.918653 11.394090 -0.042176 0.984805 0.168464 0.926965 -0.024340 0.374358 -0.372770 -0.171949 0.911853
-0.280996 -9.906194 -15.605462 34.816388 -0.045595 0.986157 0.159425 0.895431 -0.030404 0.444160 -0.442859 -0.163005 0.881649
0.501340 -10.639060 -53.271125 50.403222 -0.059936 0.983829 0.168782 0.887235 -0.024975 0.460642 -0.457408 -0.177359 0.871391
-0.252699 -10.780552 -27.979384 88.056379 -0.058065 0.986410 0.153699 0.825504 -0.039138 0.563037 -0.561401 -0.159572 0.812013
0.208412 -11.615312 -53.177645 99.888209 -0.073433 0.984847 0.157112 0.795102 -0.037283 0.605329 -0.602014 -0.169371 0.780316
1.596146 -15.289866 59.213113 65.338337 0.345433 0.933563 -0.095585 0.484722 -0.090278 0.869997 -0.803567 0.346858 0.483703
1.132467 -14.253060 51.477780 -9.604048 0.340167 0.934857 -0.101631 0.571324 -0.119618 0.811961 -0.746910 0.334267 0.574797
1.763424 -14.819529 35.262632 -0.918195 0.308635 0.945878 -0.100292 0.624518 -0.121982 0.771425 -0.717441 0.300723 0.628367
0.932326 -14.198467 51.259562 -37.037178 0.334277 0.935502 -0.114429 0.708316 -0.169273 0.685299 -0.621730 0.310132 0.719215
-0.331039 -16.161442 10.511762 110.130254 -0.135262 -0.964242 -0.227909 0.986399 -0.152730 0.060756 -0.093392 -0.216591 0.971785
-0.155360 -14.754987 -14.016563 78.409081 -0.158250 -0.966216 -0.203430 0.986629 -0.162869 0.006059 -0.038987 -0.199751 0.979071
-0.244825 -15.669173 -7.877606 114.400461 0.129110 0.968032 0.215045 0.970827 -0.167580 0.171497 -0.202052 -0.186629 0.961428
-0.293216 -17.585723 -18.814812 127.049129 0.118430 0.967504 0.223405 0.940169 -0.181644 0.288251 -0.319464 -0.175901 0.931129
-0.288501 -17.123747 -13.375901 81.453664 0.111869 0.970564 0.213286 0.917562 -0.183294 0.352822 -0.381530 -0.156234 0.911058
1.916897 -11.409264 5.088393 -157.706034 -0.018245 0.996777 0.078114 0.281021 -0.069865 0.957155 -0.959528 -0.039415 0.278840
1.655859 -11.057217 -9.932324 -119.194999 -0.054210 0.992934 0.105561 0.243475 -0.089382 0.965780 -0.968391 -0.078056 0.236909
1.621368 -10.367477 1.564771 3.901462 -0.032984 0.995305 0.090991 0.158006 -0.084702 0.983799 -0.986887 -0.046827 0.154470
1.436003 -10.529736 -3.524463 126.438688 -0.043701 0.992864 0.110957 0.047578 -0.108869 0.992917 -0.997911 -0.048671 0.042480
1.430752 -10.763436 8.401952 122.391111 -0.017773 0.995413 0.094011 0.036899 -0.093309 0.994953 -0.999161 -0.021152 0.035072
-0.479903 -3.506561 -19.820234 -23.038109 0.115121 0.844107 0.523671 0.224931 -0.535634 0.813943 -0.967550 -0.024088 0.251528
0.150137 -3.258454 -0.680857 -15.790285 0.085052 0.918341 0.386545 0.277514 -0.394433 0.876019 -0.956949 -0.032764 0.288400
0.405196 -3.670234 -15.712456 5.733850 0.089086 0.896234 0.434543 0.306912 -0.439750 0.844053 -0.947559 -0.058173 0.314240
-0.573523 -6.034688 38.697128 -14.145480 -0.047570 0.996212 0.072798 0.856778 0.078161 -0.509728 0.513487 -0.038124 0.857250
-0.358754 -5.677706 29.062761 -27.286891 -0.056486 0.994689 0.086040 0.808401 0.096139 -0.580728 0.585916 -0.036752 0.809538
-0.491120 -6.258224 39.010213 -19.470930 -0.037632 0.997738 0.055703 0.861937 0.060613 -0.503379 0.505616 -0.029069 0.862269
-0.621918 -6.681149 17.652135 79.840446 -0.025944 0.997473 0.066138 0.880623 0.054115 -0.470717 0.473106 -0.046030 0.879802
0.333254 -17.123005 5.304188 -6.438184 -0.173131 0.983892 -0.044514 0.962974 0.178588 0.201959 -0.206656 0.007901 0.978382
0.178899 -17.067252 35.063067 88.118073 -0.173131 0.982247 -0.072225 0.940399 0.186657 0.284268 -0.292703 0.018704 0.956020
0.347733 -16.710336 19.812811 -10.501056 -0.166899 0.984306 -0.057335 0.982074 0.171124 0.079038 -0.087608 0.043116 0.995221
0.355335 -16.310665 17.348471 72.391170 -0.171371 0.983624 -0.055820 0.973802 0.177711 0.141877 -0.149474 0.030044 0.988309
-0.051973 -6.462129 17.007735 17.285985 -0.150192 -0.965761 -0.211539 0.988229 -0.140353 -0.060870 0.029096 -0.218191 0.975472
-0.181631 -6.414078 27.214511 4.108846 -0.133933 -0.966990 -0.216776 0.990662 -0.125013 -0.054414 0.025518 -0.222040 0.974704
-0.031428 -6.704180 25.688645 45.258988 -0.144865 -0.966750 -0.210735 0.988942 -0.148299 0.000499 -0.031735 -0.208333 0.977543
0.091187 -6.927769 6.158688 58.143926 -0.141416 -0.968766 -0.203699 0.988940 -0.147542 0.015128 -0.044709 -0.199307 0.978917
0.824580 -5.545147 -11.125388 -10.679822 0.081406 0.965955 0.245568 0.674748 -0.234749 0.699720 -0.733545 -0.108735 0.670886
1.003790 -5.868831 -6.222013 4.762727 0.051524 0.982136 0.180983 0.680504 -0.167166 0.713421 -0.730931 -0.086401 0.676960
1.250440 -5.809984 -5.393183 -18.586761 0.092499 0.966968 0.237524 0.733022 -0.227576 0.641006 -0.673887 -0.114818 0.729859
0.902414 -5.890255 -45.776376 -30.669679 0.088680 0.952400 0.291669 0.741435 -0.258655 0.619170 -0.665139 -0.161346 0.729080
0.471376 -5.394673 -34.568550 -43.967381 0.095974 0.950283 0.296230 0.689668 -0.278076 0.668604 -0.717738 -0.140131 0.682067
0.682166 -5.069147 -6.184892 -17.393147 0.094264 0.957515 0.272542 0.641585 -0.267757 0.718801 -0.761238 -0.107102 0.639567
-0.766106 -21.807791 -9.789334 262.507503 -0.485382 0.849615 -0.206298 0.870356 0.491940 -0.021790 0.082973 -0.190129 -0.978247
-0.450786 -22.933224 -19.125978 289.247920 -0.500210 0.838631 -0.215610 0.865246 0.493795 -0.086700 0.033758 -0.229924 -0.972623
-0.800424 -23.999267 -1.433396 167.037805 -0.492865 0.846519 -0.201220 0.849932 0.418878 -0.319619 -0.186277 -0.328552 -0.925934
-0.941277 -23.287994 -3.364069 178.964389 -0.482770 0.853570 -0.195833 0.865746 0.431474 -0.253602 -0.131970 -0.291973 -0.947278
-0.944826 -21.135569 -11.705211 228.041138 -0.482246 0.853464 -0.197580 0.868503 0.495293 0.019650 0.114631 -0.162122 -0.980090
-0.799884 -19.341894 -21.020796 -229.615438 -0.474599 0.854578 -0.210836 -0.825070 -0.515362 -0.231648 0.306618 -0.064015 -0.949678
-0.930113 -25.291553 -50.531569 103.154592 -0.583571 0.812057 -0.002853 0.493122 0.357161 0.793263 -0.645194 -0.461519 0.608872
-0.495849 -29.304253 -41.621406 163.589643 -0.580505 0.814131 0.014323 0.601924 0.417214 0.680896 -0.548363 -0.403885 0.732240
-0.894843 -23.994035 -63.425978 -25.904962 -0.552568 0.831877 0.051468 0.688996 0.421167 0.589833 -0.468992 -0.361384 0.805883
-1.155369 -22.213108 -23.063159 -41.059676 -0.545020 0.838287 0.015073 0.586680 0.368469 0.721136 -0.598966 -0.401877 0.692629
-1.175474 -22.821328 -14.076404 137.189694 -0.564784 0.824408 -0.037029 0.394050 0.308836 0.865647 -0.725082 -0.474312 0.499283
1.884967 -14.847601 9.401053 211.088637 -0.100247 0.994901 -0.011035 0.788874 0.072719 -0.610238 0.606324 0.069879 0.792141
2.159466 -14.214539 2.881414 172.610020 -0.071646 0.997425 -0.003298 0.751916 0.051838 -0.657218 0.655354 0.049567 0.753694
1.750744 -16.149944 -3.198390 248.497286 -0.093012 0.995665 0.000010 0.855341 0.079909 -0.511866 0.509648 0.047601 0.859065
2.333095 -4.388147 21.440132 103.828583 0.639873 0.554693 0.531863 -0.398657 0.831284 -0.387350 -0.656990 0.035824 0.753048
1.557401 -3.986023 -141.241972 69.025636 0.630279 0.433945 0.643770 -0.279213 0.900423 -0.333585 -0.724423 0.030503 0.688681
1.788244 -3.296770 19.716654 55.727334 0.654756 0.530168 0.538717 -0.349088 0.844282 -0.406603 -0.670397 0.078166 0.737874
1.274781 -3.024622 -33.811809 2.953092 0.654001 0.503204 0.564861 -0.315199 0.860040 -0.401224 -0.687701 0.084357 0.721077
0.970195 -3.384635 179.695700 60.675897 0.663737 0.602038 0.443851 -0.416843 0.790449 -0.448812 -0.621043 0.112877 0.775606
0.965541 -2.856136 131.982643 -0.207573 0.668625 0.580332 0.464925 -0.383911 0.804870 -0.452544 -0.636831 0.124092 0.760952
3.738337 -4.825211 126.792985 -65.208184 0.311875 0.946797 -0.079433 0.544340 -0.109530 0.831683 -0.778735 0.302620 0.549539
4.095188 -3.770804 119.664212 -87.233738 0.308055 0.949933 -0.052234 0.468972 -0.103856 0.877086 -0.827748 0.294687 0.477486
2.498680 -3.904759 151.684708 -78.639200 0.343511 0.934288 -0.095426 0.485701 -0.089769 0.869503 -0.803800 0.345032 0.484622
1.922016 -4.608055 114.351112 -59.090365 0.344992 0.933852 -0.094344 0.536519 -0.113728 0.836190 -0.770148 0.339096 0.540265
1.055078 -3.875679 91.488979 -69.117493 0.347028 0.932281 -0.102093 0.490969 -0.087841 0.866737 -0.799075 0.350907 0.488205
-141.943441 -260.757020 8007.560270 -13869.258325 -0.688576 0.706315 0.164265 0.250004 0.443853 -0.860519 0.680707 0.551465 0.482208
-186.640357 -408.039580 -11733.246201 -14745.374478 0.398723 -0.063706 -0.914856 0.257198 0.965316 0.044874 0.880267 -0.253191 0.401279
-1210.045866 -14341.097650 -4707.260330 1075080.275529 0.029690 -0.298837 -0.953842 -0.368367 0.883827 -0.288368 0.929206 0.359925 -0.083841
-319.441862 -519.027437 -11374.455037 -34464.027331 0.595730 -0.226743 0.770515 0.652485 -0.422796 -0.628893 0.468368 0.877400 -0.103926
-1.741690 -6.397197 -61.468914 -290.449423 0.858832 -0.096344 -0.503116 -0.498255 0.070951 -0.864122 -0.118949 -0.992816 -0.012931
-0.484713 -4.097379 -32.732289 -82.387008 0.754296 -0.081547 -0.651450 -0.639771 0.131492 -0.757233 -0.147411 -0.987957 -0.047013
-1.315374 -8.420500 -87.546518 -485.908598 0.901059 -0.150903 -0.406597 -0.395404 0.099335 -0.913120 -0.178182 -0.983545 -0.029839
-0.826660 -3.718790 -19.889841 -2.540814 0.685619 -0.037978 -0.726969 0.721385 -0.098474 0.685497 -0.097621 -0.994415 -0.040119
-1.821404 -9.032124 -52.464344 178.268865 -0.214578 0.975695 0.044448 -0.963307 -0.218927 0.155275 -0.161232 0.009498 -0.986871
-1.222837 -5.993352 -106.792363 141.356466 0.122396 0.991528 -0.043494 -0.941558 0.129862 0.310813 -0.313828 -0.002910 -0.949476
-1.648839 -9.942741 -87.631837 239.938903 -0.147933 0.986497 0.070281 -0.962555 -0.159936 0.218879 -0.227164 0.035270 -0.973218
-0.590715 -2.665248 -23.441870 -44.122410 0.062755 0.991949 0.110000 0.402424 0.075710 -0.912317 0.913300 -0.101519 0.394433
-0.870026 -3.563169 8.276827 -61.333623 -0.028482 0.959045 0.281818 0.365275 0.272420 -0.890147 0.930464 -0.077588 0.358075
-0.574353 -2.764505 -3.830218 -34.024441 0.032636 0.988042 0.150688 0.419245 0.123330 -0.899457 0.907286 -0.092530 0.410207
-0.236231 -8.627529 -12.594258 71.358919 0.054548 0.985604 0.160030 0.739867 -0.147523 0.656379 -0.670538 -0.082596 0.737263
-0.288130 -8.270146 -10.916438 23.445007 0.075635 0.981940 0.173418 0.791495 -0.164901 0.588509 -0.606477 -0.092748 0.789673
-0.161249 -8.315080 5.785892 58.400872 0.076171 0.984431 0.158408 0.764082 -0.159698 0.625040 -0.640607 -0.073427 0.764350
-0.104127 -8.241713 26.932627 83.930760 0.070223 0.988464 0.134193 0.723789 -0.143061 0.675029 -0.686439 -0.049725 0.725485
-8.866355 -11.706078 78.863670 253.887254 0.215266 0.905131 0.366604 -0.539670 0.423134 -0.727814 0.813890 0.041172 -0.579559
-6.628101 -11.009736 77.425016 91.829548 -0.155938 0.985571 -0.065823 -0.489176 -0.134946 -0.861682 0.858132 0.102170 -0.503161
-5.584998 -9.633202 -61.616127 94.983759 -0.293145 0.933381 -0.207039 -0.524918 -0.338123 -0.781111 0.799079 0.120300 -0.589068
-5.215075 -8.199599 -31.851737 86.494622 -0.442708 0.831313 -0.336047 -0.547465 -0.547409 -0.632950 0.710135 0.096238 -0.697457
4.158941 -13.524076 -35.387656 113.328254 0.518697 0.854880 0.011554 -0.845592 0.510973 0.154535 -0.126205 0.089927 -0.987920
5.154317 -12.807021 -66.530896 80.261041 0.557317 0.828998 0.046484 -0.808834 0.529409 0.255957 -0.187579 0.180247 -0.965570
3.318702 -1.156291 228.936414 -14.149803 -0.818367 0.467028 -0.334903 0.498201 0.867022 -0.008326 0.286480 -0.173663 -0.942216
-0.676319 -2.512279 16.967091 -19.148055 -0.233179 0.925187 0.299428 -0.551485 0.127796 -0.824338 0.800932 0.357349 -0.480427
-1.069112 -3.027591 5.439480 -31.100318 -0.332105 0.935585 0.119949 -0.518871 -0.075008 -0.851556 0.787705 0.345043 -0.510358
-0.912786 -2.825835 10.682772 -42.940893 -0.281932 0.932647 0.225132 -0.558593 0.031219 -0.828854 0.780057 0.359438 -0.512168
-1.241818 -3.391807 -3.159350 -35.685649 -0.350438 0.930951 0.102581 -0.550198 -0.115991 -0.826939 0.757941 0.346231 -0.552856
-0.571784 -2.503990 28.513098 -35.102840 -0.213149 0.913928 0.345403 -0.572352 0.169712 -0.802254 0.791821 0.368692 -0.486914
-1.137789 -3.228794 12.520207 -31.351670 -0.280749 0.928259 0.243959 -0.604771 0.026280 -0.795966 0.745273 0.371006 -0.554005
-0.709405 -2.776462 28.418891 -42.583491 -0.216454 0.912377 0.347442 -0.600892 0.155984 -0.783963 0.769465 0.378467 -0.514476
1.112779 -11.598394 100.353056 185.738315 0.108179 0.457217 0.882751 0.943149 -0.327911 0.054260 0.314273 0.826696 -0.466697
0.733162 -12.736654 30.511441 75.259053 0.133786 0.503698 0.853457 0.987426 -0.140934 -0.071609 0.084212 0.852306 -0.516219
1.187848 -12.993939 -23.746490 184.137491 0.204311 0.544327 0.813613 0.968058 -0.235743 -0.085377 0.145331 0.805067 -0.575105
1.966357 -11.753168 2.254536 249.203983 0.239860 0.523648 0.817471 0.935069 -0.350987 -0.049533 0.260984 0.776273 -0.573835
-2.511413 -7.384907 -142.333220 -38.657831 -0.005269 0.999956 -0.007716 -0.800536 0.000406 0.599285 -0.599262 -0.009334 -0.800499
-1.245765 -7.206592 -177.824374 -38.378213 -0.022375 0.999384 -0.027036 -0.852294 -0.004932 0.523040 -0.522585 -0.034746 -0.851879
-0.448302 -7.458157 -236.519273 -19.963163 -0.025893 0.998166 -0.054716 -0.774068 0.014616 0.632934 -0.632573 -0.058743 -0.772270
-1.964520 -7.669029 -162.192210 2.558896 -0.004900 0.999705 -0.023784 -0.722485 0.012905 0.691266 -0.691369 -0.020571 -0.722209
-0.082708 -8.782138 28.803668 14.433104 -0.112492 0.988410 0.101935 0.727006 0.011939 0.686527 -0.677353 -0.151336 0.719923
0.154312 -8.967863 35.137125 10.855609 -0.117929 0.987416 0.105370 0.811833 0.034760 0.582854 -0.571856 -0.154278 0.805716
0.546430 -8.520955 28.021284 -33.083452 -0.148818 0.984477 0.093052 0.648507 0.026125 0.760760 -0.746520 -0.173559 0.642328
0.017126 -8.765633 23.884463 -60.994153 -0.120557 0.987959 0.096968 0.605930 -0.004139 0.795507 -0.786330 -0.154660 0.598136
0.282058 -8.798828 26.537241 -23.579517 -0.136141 0.987965 0.073425 0.550882 0.013894 0.834468 -0.823405 -0.154053 0.546143
1.521859 -8.924432 -4.462954 49.897396 -0.055884 0.987160 0.149639 0.946432 0.100114 -0.306992 0.318031 -0.124467 0.939875
1.389961 -9.443222 -5.993347 50.989850 -0.072472 0.987074 0.142942 0.967885 0.104194 -0.228785 0.240721 -0.121771 0.962925
-2.202354 -9.668558 77.749824 -407.214870 0.209392 0.976118 0.057867 0.572971 -0.074526 -0.816180 0.792375 -0.204058 0.574893
-1.524981 -8.271392 32.435216 -334.471661 0.165862 0.979147 0.117308 0.620357 -0.011128 -0.784240 0.766581 -0.202849 0.609267
-1.496669 -10.863680 -45.282850 -400.311589 0.146587 0.971445 0.186566 0.587046 0.066369 -0.806829 0.796172 -0.227794 0.560554
-0.231353 -20.089305 -16.077757 -260.237417 0.139643 0.978648 -0.150827 -0.330402 -0.097539 -0.938787 0.933453 -0.180929 -0.309727
-0.275751 -17.191373 -3.629465 -399.429546 0.136027 0.981465 -0.134991 -0.073156 -0.125935 -0.989337 0.988000 -0.144452 -0.054670
-0.017366 -20.533377 -14.126283 -243.527602 0.134582 0.979561 -0.149489 -0.326495 -0.098601 -0.940042 0.935569 -0.175320 -0.306552
5.943530 -9.306546 651.516244 135.414992 -0.185601 0.978179 0.093369 0.979120 0.192121 -0.066436 0.082925 -0.079089 0.993413
32.124459 -14.697261 -1951.068337 262.559807 0.097404 -0.987656 -0.122674 0.993354 0.104073 -0.049167 0.061327 -0.117069 0.991228
31.575747 -10.557175 -1818.010185 9.940901 0.048476 -0.983986 -0.171528 0.998635 0.044406 0.027487 -0.019430 -0.172626 0.984796
22.508964 -7.007207 -1291.655430 -22.469794 -0.086912 -0.987320 -0.132835 0.993642 -0.095493 0.059646 -0.071574 -0.126807 0.989342
46.687085 -31.847146 -2006.933251 -1031.065489 0.349678 -0.902737 -0.250583 0.922680 0.378210 -0.074961 0.162443 -0.204995 0.965189
8.141112 -7.841203 -484.466984 55.038106 0.023048 -0.994325 -0.103855 0.999153 0.019368 0.036302 -0.034084 -0.104604 0.993930
0.096335 -11.553375 -22.324274 -95.878256 0.101597 0.994071 -0.038732 0.212688 -0.059738 -0.975292 0.971824 -0.090849 0.217496
0.073155 -11.105306 -25.009162 -84.229231 0.105229 0.992675 -0.059351 0.220491 -0.081487 -0.971979 0.969696 -0.089194 0.227451
-0.193664 -10.286227 -14.623815 -140.630152 0.093672 0.994986 -0.035057 0.386315 -0.068777 -0.919799 0.917598 -0.072616 0.390821
-0.091016 -9.872521 -10.056206 -145.277993 0.089441 0.994894 -0.046764 0.394089 -0.078471 -0.915716 0.914710 -0.063473 0.399095
-0.185503 -10.707256 -1.950112 -86.520126 0.086787 0.993561 -0.072831 0.237806 -0.091654 -0.966979 0.967428 -0.066602 0.244229
3.674462 -1.345005 18.839429 -115.837302 -0.200081 0.831720 -0.517889 -0.172709 -0.550240 -0.816950 0.964437 0.074012 -0.253738
2.705799 -2.001273 117.169297 -87.934683 -0.273584 0.893091 -0.357127 -0.235862 -0.422248 -0.875258 0.932481 0.155224 -0.326167
2.929309 -0.855572 73.496029 -103.734619 -0.260718 0.863565 -0.431603 -0.197855 -0.485370 -0.851627 0.944923 0.136640 -0.297406
-0.037484 -28.727629 -0.552964 338.406042 0.080052 0.995918 -0.041713 -0.016012 -0.040557 -0.999049 0.996662 -0.080644 -0.012700
0.925817 -28.856211 83.656836 -86.903542 0.116506 0.990137 -0.077813 0.285483 -0.108426 -0.952231 0.951276 -0.088727 0.295299
12.040627 -26.022469 767.073126 427.496316 0.058422 0.991418 0.116948 0.137629 0.108030 -0.984575 0.988759 -0.073616 0.130137
2.605438 -11.147668 53.264181 -40.115800 0.368793 0.918858 0.140330 -0.529217 0.331678 -0.780973 0.764147 -0.213752 -0.608596
-0.102130 -12.376948 -33.002351 -38.653721 0.262595 0.964731 0.018353 -0.727227 0.210378 -0.653362 0.634180 -0.158223 -0.756823
0.245439 -27.871626 29.892784 273.604161 -0.354186 0.898900 0.257935 -0.875039 -0.415865 0.247715 -0.329937 0.137966 -0.933867
0.139381 -25.714253 13.988835 226.461150 -0.372423 0.892324 0.255065 -0.785096 -0.449479 0.426137 -0.494899 0.041547 -0.867957
-0.180984 -23.828613 -5.346730 93.735159 -0.383861 0.884752 0.264321 -0.624252 -0.459574 0.631745 -0.680412 -0.077499 -0.728720
1.035829 -17.881966 -13.871386 -284.372725 -0.084475 0.980732 0.176148 -0.486005 -0.194879 0.851952 -0.869864 0.013640 -0.493103
1.247176 -14.913537 -7.823902 -62.650894 -0.092500 0.973200 0.210537 -0.622024 -0.221587 0.750990 -0.777515 0.061492 -0.625850
0.641841 -16.598742 15.657711 -306.522620 -0.079567 0.977157 0.197063 -0.467903 -0.211169 0.858181 -0.880191 0.023924 -0.474017
1.272173 -16.425464 -22.758042 -75.096238 -0.084147 0.980596 0.177064 -0.641493 -0.189284 0.743410 -0.762500 0.051029 -0.644972
0.678205 -20.630805 -4.855344 -375.778974 -0.080293 0.981764 0.172316 -0.254327 -0.187331 0.948802 -0.963780 -0.032358 -0.264730
0.707640 -19.387086 0.754169 -280.973356 -0.064680 0.984061 0.165654 -0.304480 -0.177547 0.935825 -0.950320 -0.010091 -0.311111
0.723175 -17.996002 -4.648444 -236.006693 -0.067827 0.984256 0.163214 -0.479450 -0.175619 0.859817 -0.874944 0.019934 -0.483813
4.595483 -6.642730 84.761155 20.900856 0.090516 0.981110 0.170967 0.995745 -0.086174 -0.032661 -0.017311 0.173195 -0.984735
4.223176 -6.713488 152.674430 36.094745 0.068951 0.968540 0.239116 0.995472 -0.082518 0.047190 0.065436 0.234779 -0.969844
-40.967501 -1464.137217 1549.953370 -93272.268674 -0.318593 0.929854 0.184041 0.818108 0.367801 -0.442066 0.478747 -0.009726 0.877899
12.738811 -808.042694 917.992601 20366.077407 -0.515477 0.843733 0.149659 0.445136 0.114422 0.888123 -0.732214 -0.524426 0.434558
-31.998542 -1773.700440 773.605167 12923.853746 -0.462271 0.859379 0.218570 0.712700 0.213420 0.668215 -0.527603 -0.464671 0.711137
2.767898 -424.851309 269.445076 -24095.235375 -0.323511 0.942063 0.088645 -0.935185 -0.304061 -0.181594 0.144120 0.141647 -0.979370
215.442754 -387.160779 13947.593531 108511.612595 -0.136226 0.941854 0.307171 -0.556457 0.183782 -0.810296 0.819633 0.281311 -0.499065
27.161040 -516.592085 1181.366406 43633.980007 -0.261236 0.952268 0.157932 0.529203 0.278123 -0.801618 0.807279 0.125833 0.576599
-0.607564 -6.814358 56.249422 60.690741 0.706461 0.448100 0.547832 -0.447948 -0.316189 0.836282 -0.547956 0.836200 0.022649
-1.426754 -7.050586 47.794554 69.911479 0.679289 0.453256 0.577170 -0.486681 -0.310420 0.816566 -0.549279 0.835582 -0.009726
-1.287233 -6.381367 40.378595 -0.982383 0.688247 0.455611 0.564566 -0.429184 -0.371714 0.823183 -0.584908 0.808856 0.060290
-0.403308 -6.147434 64.308600 -17.703719 0.709471 0.439039 0.551268 -0.403965 -0.387610 0.828595 -0.577463 0.810557 0.097641
1.675985 -6.756959 -24.893974 38.013325 -0.033141 0.983368 0.178576 0.793322 0.134558 -0.593746 0.607899 -0.121991 0.784587
1.521908 -7.210439 -41.692850 54.086062 -0.019378 0.980236 0.196878 0.816554 0.129147 -0.562638 0.576944 -0.149859 0.802918
1.604191 -7.548271 -13.103039 64.199126 -0.035812 0.985876 0.163604 0.847889 0.116626 -0.517187 0.528963 -0.120197 0.840090
-1.736730 -478.329160 814.808534 -43884.426431 0.965285 0.012522 0.260900 0.057717 0.963934 -0.259807 0.254743 -0.265846 -0.929748
-39.047758 -323.083331 -3194.883965 -21024.695652 -0.602216 -0.142120 -0.785581 0.011385 0.982398 -0.186453 0.798252 -0.121229 -0.589998
-16.905273 -127.958578 3099.812299 -8370.271571 0.652923 0.202550 0.729839 0.532730 0.562152 -0.632600 0.538414 -0.801847 -0.259137
-19.241530 -67.583910 468.930116 2955.037722 0.939845 -0.273205 0.205061 0.031022 0.666076 0.745238 0.340189 0.694047 -0.634484
-20.553130 -118.748510 -540.530865 -5684.627601 0.982718 -0.178326 0.049653 0.154215 0.640334 -0.752456 -0.102388 -0.747109 -0.656768
-22.017803 -191.395238 -920.557303 10050.769869 0.986447 0.102498 -0.128124 -0.057729 0.947755 0.313731 -0.153587 0.302083 -0.940828
