14856
29689
-6.802518 -9.384303 -51.354319 208.716685 0.172817 0.938125 0.300091 -0.566175 0.343925 -0.749107 0.805965 0.040445 -0.590580
-6.922095 -9.466324 47.511519 125.841436 -0.147233 0.983563 -0.104526 -0.486035 -0.163983 -0.858417 0.861448 0.075584 -0.502190
-8.508207 -11.052229 51.638541 147.602468 0.063120 0.958933 0.276520 -0.414239 0.277251 -0.866913 0.907977 0.059826 -0.414728
-6.632755 -9.032350 24.132416 104.753655 -0.323272 0.909279 -0.262120 -0.432023 -0.388252 -0.814013 0.841933 0.149906 -0.518340
-5.638534 -12.769183 -114.214708 271.999211 0.271954 0.875136 0.400224 -0.426011 0.482411 -0.765372 0.862876 -0.037646 -0.504011
-3.559854 -11.666265 -150.379284 322.031192 0.329546 0.902889 0.276025 -0.547011 0.420877 -0.723630 0.769531 -0.087481 -0.632590
-4.784073 -7.135100 -97.995581 157.061318 0.205206 0.960421 0.188366 -0.657130 0.277832 -0.700707 0.725308 -0.020008 -0.688134
-5.542008 -7.129233 45.759769 -90.006371 -0.500555 0.700036 -0.509307 0.401199 0.708906 0.580079 0.767127 0.086028 -0.635700
2.861788 -1.100787 318.144360 -80.141494 0.932659 0.301712 -0.197778 -0.351369 0.883971 -0.308440 -0.081770 -0.357162 -0.930456
3.051862 -0.641037 -137.298185 65.492459 0.308374 0.896655 -0.317671 0.946054 -0.323987 0.003883 -0.099439 -0.301732 -0.948193
2.655904 -2.559628 -135.197988 241.635929 -0.161711 0.932201 -0.323807 0.969973 0.089744 -0.226049 -0.181663 -0.350638 -0.918723
6.497530 -10.684199 318.573704 -638.625913 -0.555918 0.731588 -0.394631 -0.691311 -0.670532 -0.269214 0.461567 -0.123152 -0.878516
1.740614 -13.895305 84.283679 -681.968855 -0.448072 0.784571 -0.428579 -0.746884 -0.591984 -0.302851 0.491320 -0.184400 -0.851235
-0.795153 -34.590905 40.439720 -1819.577018 -0.166943 0.913847 -0.370153 -0.805252 -0.343007 -0.483649 0.568946 -0.217325 -0.793140
-27.960503 -610.359077 621.404623 -38325.673408 -0.182798 0.936522 -0.299186 -0.690066 -0.338977 -0.639456 0.700281 -0.089566 -0.708226
2.670832 -46.101600 402.347666 -2832.476981 -0.325197 0.911532 -0.251708 -0.763691 -0.410127 -0.498570 0.557695 -0.030093 -0.829501
-3.731988 -22.015091 -388.477086 -299.992461 -0.054427 0.823491 -0.564712 0.998074 0.061721 -0.006189 0.029758 -0.563961 -0.825265
-3.174622 -14.863555 -503.111214 -555.094407 -0.143416 0.777092 -0.612830 0.989422 0.126239 -0.071470 0.021824 -0.616597 -0.786976
-1.714409 -5.482326 -17.106736 -90.959240 -0.423510 0.905433 0.028817 -0.851279 -0.408655 0.329129 -0.309780 -0.114859 -0.943845
-1.692865 -4.976490 -23.041369 -83.166288 -0.416101 0.909239 0.012051 -0.858021 -0.396981 0.325893 -0.301098 -0.125264 -0.945330
-1.450255 -6.372559 -5.170865 -70.603423 -0.314974 0.948933 -0.017835 -0.863394 -0.278677 0.420583 -0.394135 -0.147871 -0.907079
-1.176403 -6.946622 -26.284314 -49.474308 -0.220764 0.970658 -0.095324 -0.841912 -0.140312 0.521053 -0.492389 -0.195284 -0.848184
-1.263314 -7.287589 38.760847 -51.342274 -0.225684 0.973503 -0.036868 -0.835496 -0.173950 0.521236 -0.501012 -0.148437 -0.852616
-1.482030 -7.549353 -1.183038 -22.080422 -0.287717 0.957716 -0.000150 -0.824753 -0.247693 0.508361 -0.486828 -0.146387 -0.861144
-2.112622 -6.580830 -30.325897 -71.090738 -0.418258 0.906947 0.050066 -0.830556 -0.404180 0.383166 -0.367747 -0.118680 -0.922322
-1.382559 -8.705461 15.682575 -126.694909 0.406241 0.887362 -0.218076 0.722405 -0.458029 -0.518016 0.559552 -0.052900 0.827105
-1.975073 -7.327971 55.944452 -61.129883 0.418036 0.878411 -0.231603 0.744390 -0.477363 -0.466914 0.520701 -0.022784 0.853435
-1.676360 -8.083210 29.896335 -54.681960 0.368580 0.915359 -0.162066 0.704280 -0.388759 -0.594018 0.606744 -0.104803 0.787958
-1.344672 -10.397205 -2.510254 -208.089268 0.323368 0.939625 -0.111972 0.688421 -0.314786 -0.653442 0.649237 -0.134218 0.748650
-1.388076 -9.430934 -1.221067 -187.923931 0.265915 0.963782 -0.020326 0.681605 -0.202887 -0.703030 0.681692 -0.173092 0.710869
-1.838355 -7.483219 15.260830 -10.355544 0.279664 0.959147 -0.042724 0.712585 -0.237184 -0.660278 0.643437 -0.154212 0.749805
0.118833 -6.460016 -91.377808 39.423980 0.032313 0.999245 -0.021588 -0.121224 0.025358 0.992301 -0.992099 0.029448 -0.121952
-0.568369 -6.963904 -93.995338 35.929871 0.027657 0.999341 -0.023498 -0.229157 0.029219 0.972951 -0.972997 0.021524 -0.229814
1.535699 -6.532039 -119.449619 27.185132 0.043518 0.996164 -0.075911 -0.146165 0.081514 0.985896 -0.988303 0.031808 -0.149152
2.084616 -6.083838 -115.688917 40.178547 0.046389 0.996632 -0.067623 -0.036019 0.069320 0.996944 -0.998274 0.043811 -0.039113
0.640223 -5.970598 -95.770931 31.755587 0.030635 0.999278 -0.022451 -0.025933 0.023248 0.999393 -0.999194 0.030034 -0.026626
0.021832 -9.117499 -9.744831 -23.633632 -0.148521 0.985969 -0.076197 -0.581188 -0.024687 0.813394 -0.800101 -0.165091 -0.576701
-0.085536 -9.913559 -12.203249 -29.672962 -0.169269 0.984320 -0.049628 -0.436249 -0.029677 0.899337 -0.883762 -0.173880 -0.434432
-0.181287 -8.810860 0.460053 -32.163770 -0.138580 0.987268 -0.078083 -0.577208 -0.016449 0.816431 -0.804752 -0.158212 -0.572139
-0.188154 -8.515907 6.305273 -34.614336 -0.126586 0.988511 -0.082598 -0.570633 -0.004457 0.821193 -0.811390 -0.151085 -0.564641
-0.116880 -7.849262 6.179534 -37.971554 -0.105589 0.988348 -0.109628 -0.702982 0.003784 0.711197 -0.703326 -0.152161 -0.694392
0.493717 -22.237115 -15.656994 -321.844618 0.127172 0.980088 -0.152493 -0.286166 -0.110950 -0.951735 0.949703 -0.164673 -0.266358
0.323832 -24.200905 -13.313501 -69.393637 0.111749 0.978158 -0.175269 -0.561846 -0.083287 -0.823039 0.819659 -0.190448 -0.540267
0.122811 -21.109387 -10.729754 -326.004036 0.127368 0.980469 -0.149858 -0.282668 -0.108942 -0.953011 0.950724 -0.163743 -0.263272
-0.862866 -22.196059 23.155726 -374.912688 -0.026884 0.997597 0.063862 0.417036 -0.046868 0.907681 -0.908492 -0.051034 0.414774
-0.338290 -17.284088 30.891434 -178.819752 0.005378 0.992034 0.125858 0.226034 -0.123808 0.966220 -0.974105 -0.023252 0.224899
-0.790951 -19.273860 15.626166 -186.958582 -0.011434 0.989904 0.141275 0.426888 -0.122930 0.895910 -0.904232 -0.070553 0.421173
99.186963 -34.581248 24404.149731 6994.034202 0.575450 0.711176 -0.403839 0.725693 -0.671723 -0.148856 0.377131 0.207404 0.902638
-2.712022 -60.639357 117.570195 -13281.972143 0.899675 -0.049884 -0.433700 -0.122514 0.924677 -0.360503 0.419016 0.377470 0.825798
17.205530 -936.762679 2029.087905 -297057.132379 0.987942 -0.075803 -0.135000 0.149924 0.686052 0.711938 -0.038651 0.723593 -0.689144
258.851202 -1.324189 44376.528154 -1683.355331 0.313007 0.872894 -0.374276 0.883146 -0.412479 -0.223415 0.349399 0.260610 0.900002
-3.842152 -62.346502 6.397710 -10335.059694 0.924460 -0.154119 -0.348743 0.031881 0.942707 -0.332096 0.379944 0.295891 0.876408
-1.971743 -12.292982 -38.715095 153.300490 0.150430 0.988431 -0.019347 -0.820529 0.135745 0.555253 -0.551456 0.067652 -0.831456
-1.965508 -14.173666 -50.422674 216.238087 0.173775 0.983714 -0.045934 -0.893507 0.177108 0.412648 -0.414063 0.030665 -0.909732
-1.200282 -12.830467 -51.625179 179.650629 0.133037 0.989693 -0.052997 -0.836831 0.140818 0.529041 -0.531051 0.026032 -0.846940
-2.852734 -13.919838 -40.480771 165.944650 0.178776 0.983879 -0.004605 -0.879065 0.161829 0.448392 -0.441909 0.076114 -0.893825
-1.242830 -11.161120 -57.931130 62.487709 0.086299 0.996046 -0.021081 -0.772813 0.080282 0.629536 -0.628739 0.038036 -0.776685
-1.891312 -10.666864 -27.224130 65.897679 0.113849 0.993345 0.017425 -0.754582 0.075049 0.651900 -0.646254 0.087367 -0.758105
-2.892454 -11.584483 -59.966608 102.068710 0.134006 0.990864 0.015230 -0.777195 0.095549 0.621963 -0.614826 0.095183 -0.782898
-1.083022 -9.484594 -1.484653 14.949229 -0.026198 0.998618 0.045557 -0.775343 0.008467 -0.631484 0.630997 0.051866 -0.774050
-1.050653 -8.599861 3.848553 -29.432867 -0.002786 0.991149 0.132726 -0.619117 0.102520 -0.778578 0.785294 0.084342 -0.613351
-0.989709 -9.369759 0.333582 -26.307233 0.008776 0.995361 0.095805 -0.607036 0.081438 -0.790491 0.794626 0.051220 -0.604935
-0.873143 -15.761466 -41.489938 -15.218546 0.020368 0.906265 0.422218 0.172350 0.412801 -0.894366 0.984825 -0.090986 0.147787
-1.300195 -14.459901 -44.320938 144.905383 0.004268 0.891748 0.452512 0.237341 0.438682 -0.866733 0.971417 -0.111099 0.209776
-0.800817 -16.774621 -47.437500 170.472285 0.023027 0.890379 0.454637 0.362309 0.416411 -0.833867 0.931774 -0.183920 0.313003
0.530379 -18.536906 45.467258 119.531392 0.101467 0.988538 0.111786 0.830277 -0.022246 -0.556906 0.548036 -0.149321 0.823018
1.074558 -19.355350 5.603531 -176.731583 0.152264 0.986187 0.065202 0.722195 -0.065981 -0.688535 0.674722 -0.151928 0.722266
1.147595 -16.734575 9.156031 43.297688 0.101105 0.988542 0.112086 0.827183 -0.020931 -0.561542 0.552762 -0.149490 0.819821
1.399872 -17.941476 30.449718 202.125241 0.043478 0.990087 0.133557 0.907300 0.016833 -0.420147 0.418230 -0.139444 0.897574
0.815276 -18.998831 58.891133 143.093458 0.057499 0.988918 0.136875 0.915139 0.002587 -0.403129 0.399016 -0.148439 0.904849
-0.529011 -4.169884 88.800623 -21.042385 -0.025103 0.142634 0.989457 0.159777 0.977618 -0.136873 -0.986834 0.154657 -0.047331
-1.352999 -5.214018 36.020326 -67.311563 0.022319 0.412562 0.910656 0.221045 0.886303 -0.406947 -0.975008 0.210379 -0.071413
-0.875611 -4.926297 36.056902 -29.157546 -0.027542 0.218220 0.975511 0.143516 0.966634 -0.212182 -0.989265 0.134158 -0.057942
-1.057314 -4.336702 64.322301 -55.228498 0.002211 0.259188 0.965824 0.222819 0.941418 -0.253149 -0.974857 0.215764 -0.055670
0.281734 -4.025884 84.696384 8.548757 -0.050681 -0.095182 0.994169 0.078106 0.992022 0.098958 -0.995656 0.082666 -0.042843
0.073470 -3.469073 56.569464 -9.811964 -0.070291 -0.088043 0.993634 0.146986 0.984310 0.097614 -0.986638 0.152912 -0.056247
24.264812 -1988.762103 -1110.976861 734244.891865 -0.289955 0.950319 0.113227 -0.249833 -0.189368 0.949591 -0.923856 -0.247051 -0.292329
61.521011 -404.176343 4513.092124 148418.209409 -0.402515 0.912275 0.075735 0.697845 0.252251 0.670360 -0.592448 -0.322681 0.738161
53.727327 -1260.279329 1506.919788 182776.187560 -0.265853 0.916204 0.299820 0.545091 -0.113651 0.830638 -0.795109 -0.384257 0.469200
2.322814 -544.141756 1113.257451 1671.847465 0.860108 -0.427158 -0.278838 -0.209663 0.202290 -0.956619 -0.465034 -0.881258 -0.084432
-9.782604 -463.998402 -328.450972 12091.014899 -0.361955 0.923436 0.127492 -0.568386 -0.327023 0.754979 -0.738868 -0.200804 -0.643236
-1.397022 -5.987570 19.918331 -77.164407 0.645724 0.421070 0.636978 0.257672 0.665112 -0.700879 -0.718781 0.616706 0.320981
-1.516914 -5.347224 36.652561 -66.070736 0.651573 0.447526 0.612513 0.195566 0.681049 -0.705639 -0.732943 0.579562 0.356233
-0.573854 -5.132024 48.849088 -88.087599 0.637946 0.339671 0.691121 0.268304 0.743194 -0.612924 -0.721829 0.576443 0.382983
-4.443453 -7.117624 127.611696 -102.861968 -0.470879 0.816403 -0.334304 -0.450175 -0.548257 -0.704810 0.758693 0.181385 -0.625687
-5.760598 -7.597756 88.069026 -118.677068 -0.489740 0.706565 -0.510803 -0.368150 -0.698667 -0.613457 0.790329 0.112383 -0.602287
-5.518516 -8.176386 164.546411 -107.916995 -0.514387 0.744115 -0.426261 -0.456465 -0.658377 -0.598481 0.725979 0.113278 -0.678323
-295.044744 -2460.741332 -23349.541583 289511.429901 0.742583 -0.657363 -0.128240 0.197283 0.031710 0.979834 0.640040 0.752907 -0.153234
-607.284480 -1246.059788 -14385.379136 -83417.641126 -0.432402 0.742883 -0.511032 0.472454 -0.296062 -0.830141 0.767995 0.600394 0.222960
-309.944963 -731.175138 -25480.263800 -64276.915575 -0.183412 0.017395 -0.982882 0.011511 0.999813 0.015547 0.982969 -0.008463 -0.183578
-373.203615 -1069.527474 21946.518446 206552.872866 -0.710903 0.385987 -0.587904 0.162178 0.903376 0.397002 0.684336 0.186885 -0.704811
1.046564 -8.848623 11.643138 -419.385835 0.802528 -0.401466 -0.441331 0.554925 0.230628 0.799293 0.219106 0.886361 -0.407869
1.422446 -33.403398 139.227526 -1579.019663 0.815481 -0.425735 -0.392098 0.503170 0.186691 0.843781 0.286025 0.885379 -0.366460
-3.916978 -20.832644 -314.063437 -1255.092493 0.852361 -0.361825 -0.377575 0.465824 0.197176 0.862629 0.237672 0.911155 -0.336612
-1.377349 -5.054826 -164.302949 20.268858 0.824745 -0.305037 -0.476180 0.549115 0.230728 0.803267 0.135158 0.923968 -0.357792
2.050575 -5.231223 31.698286 -47.223972 0.701774 -0.424904 -0.571813 0.689890 0.205165 0.694233 0.177667 0.881682 -0.437116
-5.224535 -11.951875 -200.391030 -696.335038 0.427417 0.214472 0.878246 0.885526 -0.294990 -0.358922 0.182095 0.931119 -0.316004
1.370596 -6.023156 -118.603723 -46.422678 0.255677 0.965513 -0.049131 0.962593 -0.258960 -0.079720 0.089694 0.026910 0.995606
0.199354 -6.470974 45.714469 -188.993995 -0.137979 -0.986943 0.083101 0.990402 -0.138175 0.003416 0.008111 0.082775 0.996535
1.124186 -12.602667 0.821226 357.885486 -0.164309 -0.977295 0.133777 0.984454 -0.171003 -0.040111 0.062077 0.125106 0.990199
0.802454 -7.116556 12.712393 113.522193 0.298591 0.942698 -0.148874 0.943885 -0.314763 -0.100027 0.141156 0.110652 0.983784
-2.259117 -5.716872 56.357221 -46.530408 -0.152126 0.925452 0.346981 -0.371463 -0.378864 0.847630 -0.915900 -0.000056 -0.401406
-2.857383 -6.597842 45.431875 -33.296067 -0.187048 0.910180 0.369575 -0.246886 -0.407696 0.879108 -0.950821 -0.073192 -0.300970
-2.375999 -6.302477 39.285832 -41.679685 -0.121829 0.948006 0.294011 -0.300403 -0.317542 0.899402 -0.946000 -0.021251 -0.323470
-4.201324 -6.401742 7.530739 -3.201830 0.198032 0.973701 0.112652 0.715319 -0.222135 0.662552 -0.670151 0.050624 0.740496
-4.611706 -6.473790 -42.833750 -9.484865 0.216073 0.973593 0.073677 0.738477 -0.212324 0.639976 -0.638720 0.083873 0.764854
-4.313086 -6.699738 -19.212692 55.679103 0.164805 0.984486 0.060215 0.685684 -0.158241 0.710491 -0.708997 0.075804 0.701125
-4.302300 -7.595734 -6.343014 90.104396 0.138076 0.987823 0.071693 0.611675 -0.141982 0.778264 -0.778966 0.063607 0.623831
-3.939360 -6.780840 7.991451 59.762697 0.121163 0.989374 0.080361 0.670494 -0.141270 0.728341 -0.731955 0.034366 0.680486
-4.754238 -7.617182 -30.433595 76.785655 0.216981 0.972614 0.083317 0.615059 -0.202492 0.762036 -0.758038 0.114102 0.642152
-4.024599 -7.851033 -18.839970 90.566983 0.037038 0.997926 0.052644 0.602247 -0.064329 0.795713 -0.797450 -0.002233 0.603381
-4.396272 -8.672705 -22.765220 79.818096 0.063925 0.996693 0.050159 0.510683 -0.075853 0.856416 -0.857389 0.029131 0.513844
-4.070022 -8.893546 -35.379656 66.384552 -0.038444 0.998825 0.029519 0.495426 -0.006602 0.868625 -0.867799 -0.048018 0.494590
-4.790029 -9.187082 -28.885593 41.454427 0.097317 0.992704 0.071188 0.398213 -0.104391 0.911333 -0.912116 0.060340 0.405467
-4.397291 -9.246783 -42.155563 31.568870 -0.013293 0.999481 0.029347 0.379106 -0.022121 0.925089 -0.925258 -0.023423 0.378616
1.967616 -13.166796 124.356633 -79.749341 -0.209065 0.850746 0.482207 0.621349 0.496335 -0.606281 0.755127 -0.172867 0.632377
0.162184 -12.574352 36.407813 30.403054 -0.243431 0.826844 0.507021 0.449874 0.559368 -0.696218 0.859276 -0.058614 0.508144
2.615618 -14.139718 149.113909 58.048658 -0.273788 0.799136 0.535183 0.477079 0.596004 -0.645891 0.835126 -0.078487 0.544430
7.334478 -12.983488 456.732948 -80.325410 -0.347841 0.741755 0.573417 0.574856 0.651889 -0.494551 0.740640 -0.157607 0.653156
3.937807 -16.444143 176.234332 67.989838 -0.177210 0.968309 -0.175994 0.290389 0.222307 0.930727 -0.940357 -0.113827 0.320582
3.010134 -29.720289 142.691939 771.595482 -0.089003 0.995844 0.019302 0.249149 0.003496 0.968459 -0.964367 -0.091005 0.248425
1.069302 -20.475416 53.450206 372.405310 -0.134143 0.990944 -0.006063 0.496240 0.072469 0.865156 -0.857760 -0.113045 0.501467
106.667404 6.252422 -7873.488709 136.408986 0.092038 -0.158102 0.983124 -0.092342 0.981705 0.166519 -0.991465 -0.106110 0.075755
1.351470 -14.435050 35.441270 19.692595 -0.241338 0.959652 -0.144306 0.462033 0.244392 0.852525 -0.853394 -0.139072 0.502372
13.859085 -0.171443 -1353.636515 -331.282614 0.290710 -0.505483 0.812388 -0.103859 0.827370 0.551970 -0.951158 -0.244837 0.188026
-1.291462 -6.828089 -9.153142 -24.670100 -0.070970 0.991827 -0.106032 0.719556 0.124523 0.683178 -0.690798 0.027810 0.722513
-0.395754 -6.584470 -73.824906 -22.287298 0.003139 0.999988 -0.003749 0.725176 0.000305 0.688563 -0.688556 0.004880 0.725167
-2.030044 -7.129010 9.324815 -38.296216 -0.098835 0.986543 -0.130249 0.785754 0.157685 0.598102 -0.610591 0.043230 0.790765
0.347086 -6.216930 -76.129506 -24.181886 0.015217 0.999871 0.005132 0.652350 -0.013817 0.757792 -0.757765 0.008183 0.652476
-1.574273 -7.473505 37.311741 -28.142891 -0.147937 0.967658 -0.204333 0.786812 0.240330 0.568479 -0.599200 0.076673 0.796919
-1.062449 -7.244323 18.601672 -28.886911 -0.122723 0.975448 -0.182869 0.718701 0.214421 0.661432 -0.684403 0.050255 0.727370
-0.634989 -6.374551 -18.269114 -28.596113 -0.043333 0.995721 -0.081622 0.646226 0.090241 0.757792 -0.761915 0.019909 0.647371
0.732276 -9.005283 18.078060 53.552391 -0.097646 -0.982780 -0.156874 0.992536 -0.084593 -0.087843 0.073060 -0.164280 0.983704
1.100418 -9.377598 22.921859 18.021839 -0.048882 -0.988390 -0.143858 0.991528 -0.065373 0.112240 -0.120341 -0.137153 0.983213
1.160507 -9.900260 22.721880 62.006427 -0.103045 -0.985449 -0.135177 0.990787 -0.089683 -0.101476 0.087877 -0.144388 0.985611
-0.359085 -17.466744 -7.350892 430.740814 0.320001 0.946195 0.048097 -0.461547 0.200027 -0.864271 0.827390 -0.254369 -0.500722
-0.090406 -17.947425 -10.469898 433.343637 0.323207 0.945209 0.046015 -0.453217 0.197293 -0.869292 0.830741 -0.260107 -0.492152
-0.199891 -13.510133 -8.699447 380.937326 0.304157 0.952486 0.016122 -0.647988 0.219268 -0.729406 0.698284 -0.211407 -0.683891
-0.397361 -12.803099 -4.075296 359.695546 0.298533 0.954147 0.021956 -0.654714 0.221477 -0.722701 0.694426 -0.201376 -0.690812
-0.456509 -17.178323 -2.114668 427.322856 0.304714 0.951165 0.049333 -0.470574 0.195380 -0.860457 0.828076 -0.238979 -0.507129
1.078997 -11.710379 -29.258556 -134.676477 -0.059770 0.992987 0.102003 0.414455 -0.068275 0.907505 -0.908105 -0.096517 0.407467
1.668406 -12.092200 -21.871791 -143.273400 -0.027960 0.996572 0.077866 0.433816 -0.058082 0.899128 -0.900568 -0.058919 0.430704
1.164156 -12.621286 -32.592506 -31.307977 -0.051319 0.992297 0.112749 0.573690 -0.063119 0.816637 -0.817463 -0.106592 0.566032
0.528792 -12.236116 -39.792291 -26.069189 -0.074837 0.989380 0.124605 0.562629 -0.061274 0.824435 -0.823315 -0.131805 0.552069
0.483347 -11.438294 -40.622654 -110.366223 -0.087489 0.989535 0.114741 0.396443 -0.071082 0.915304 -0.913881 -0.125567 0.386075
-1.881750 -25.873856 29.469693 447.678541 -0.111527 0.993340 0.028943 0.061376 -0.022184 0.997868 -0.991864 -0.113065 0.058493
-2.507713 -26.017779 5.272887 303.040900 -0.142325 0.989691 0.015983 -0.141211 -0.036285 0.989314 -0.979695 -0.138547 -0.144920
-1.858076 -22.801962 -17.617250 272.397284 -0.169742 0.985260 -0.021216 0.072948 0.034032 0.996755 -0.982785 -0.167643 0.077650
14.927586 -6.508598 314.353793 -61.269345 -0.213512 0.962317 -0.168399 -0.518709 0.034402 0.854258 -0.827861 -0.269744 -0.491817
53.365394 -6.087289 1424.843001 -118.598723 -0.171235 0.889916 -0.422762 -0.713433 0.183935 0.676152 -0.679480 -0.417393 -0.603399
18.986405 -7.142224 526.542012 -3.490657 -0.094204 0.990186 -0.103230 -0.596166 0.026936 0.802410 -0.797316 -0.137133 -0.587778
50.496864 -0.220338 1513.050703 -7.837748 -0.059097 0.728172 -0.682842 -0.728972 0.435842 0.527864 -0.681987 -0.528968 -0.505061
11.596444 -5.747134 175.979011 -34.701999 -0.329148 0.926976 -0.179936 -0.398881 0.036228 0.916287 -0.855894 -0.373367 -0.357829
1.142840 -1.567622 -10.128876 25.804330 0.022542 0.850116 -0.526113 0.016638 -0.526492 -0.850017 0.999607 -0.010408 0.026012
0.979850 -1.521190 1.701897 23.875797 0.042922 0.900909 -0.431881 0.011680 -0.432702 -0.901461 0.999010 -0.033648 0.029095
1.183627 -1.881436 -0.742421 16.725178 0.037386 0.862835 -0.504101 0.044466 -0.505390 -0.861744 0.998311 -0.009802 0.057262
1.179138 -31.403127 191.489085 615.446559 0.092006 0.993163 -0.071843 -0.921369 0.057548 -0.384406 0.377644 -0.101561 -0.920364
-0.159409 -35.124799 72.236058 -655.375454 0.117851 0.991775 -0.049946 -0.722498 0.051131 -0.689480 0.681255 -0.117341 -0.722581
-1.224297 -32.721547 45.734671 -425.067731 0.090224 0.993486 -0.069606 -0.746545 0.021207 -0.664997 0.659189 -0.111962 -0.743596
0.186915 -22.327589 65.635751 -337.457940 -0.374508 0.901618 -0.216399 -0.893445 -0.413319 -0.175850 0.247991 -0.127483 -0.960338
0.113516 -16.412819 66.185663 -402.772458 -0.414714 0.882398 -0.222228 -0.743100 -0.469368 -0.476966 0.525181 0.032667 -0.850363
-0.398641 -17.680388 86.008159 -359.304643 -0.408417 0.889899 -0.203163 -0.810915 -0.455913 -0.366825 0.419062 -0.014930 -0.907835
-0.096558 -20.651715 78.739449 655.907351 -0.406931 0.899315 -0.160121 -0.192242 -0.255680 -0.947455 0.893000 0.354767 -0.276931
1.394141 -13.423270 117.337627 495.289900 -0.427564 0.878390 -0.213590 -0.332620 -0.372567 -0.866347 0.840567 0.299374 -0.451466
2.135491 -19.258294 183.742441 627.863248 -0.429610 0.875886 -0.219678 -0.183047 -0.322690 -0.928636 0.884268 0.358740 -0.298959
-0.945171 -4.022410 -55.193486 -0.121809 0.122157 0.987459 0.100010 0.833659 -0.047402 -0.550242 0.538601 -0.150590 0.828995
-1.215651 -3.658961 0.429447 -34.240957 0.331498 0.939417 -0.087207 0.748620 -0.318167 -0.581669 0.574176 -0.127537 0.808738
-1.504794 -3.629214 -20.609779 1.181878 0.077035 0.991893 0.101059 0.850802 -0.012554 -0.525336 0.519809 -0.126451 0.844872
-1.784013 -13.595571 -78.287156 -113.909005 0.571547 -0.453187 0.684073 0.804005 0.142623 -0.577265 0.164044 0.879932 0.445880
-1.218055 -13.533830 -59.586754 36.065666 0.551929 -0.456075 0.698119 0.734755 -0.129926 -0.665773 0.394346 0.880406 0.263394
-1.000189 -13.530631 -70.122958 -105.482076 0.554992 -0.442377 0.704476 0.812653 0.107413 -0.572763 0.177707 0.890373 0.419113
1.206044 -52.815656 -84.612659 -70.376322 -0.509456 0.854475 -0.101621 0.655526 0.461891 0.597447 -0.557441 -0.237757 0.795444
1.825045 -58.532763 -65.609171 1288.842095 -0.474629 0.867437 -0.149266 0.565657 0.430534 0.703330 -0.674358 -0.249387 0.695016
3.489774 -182.597224 -767.032878 6814.029968 -0.548900 0.799132 -0.245147 0.280198 0.452215 0.846753 -0.787527 -0.396092 0.472136
0.773625 -214.063673 -727.370380 -8378.588443 -0.607206 0.741783 -0.284709 -0.373941 0.049368 0.926138 -0.701049 -0.668820 -0.247406
-62.498381 -2875.101601 -2211.745264 -130473.631041 -0.334226 0.933894 -0.127023 -0.374456 -0.007898 0.927211 -0.864914 -0.357463 -0.352342
3.126666 -149.904844 196.863564 4644.857969 -0.337611 0.941189 -0.013460 0.571728 0.216400 0.791390 -0.747760 -0.259487 0.611164
0.881607 -15.591630 -20.403251 -59.548803 -0.042016 0.999109 0.003969 0.995587 0.042201 -0.083819 0.083912 -0.000430 0.996473
1.041929 -16.660950 -6.677470 -134.113770 -0.083618 0.996419 -0.012503 0.995322 0.084122 0.047509 -0.048391 0.008472 0.998793
1.287672 -16.589654 -11.669381 67.574703 -0.038575 0.999195 -0.011059 0.961792 0.034125 -0.271646 0.271050 0.021115 0.962334
-0.734220 -4.994411 -17.340512 -74.429087 -0.068299 -0.370050 0.926498 0.598118 0.728081 0.334892 -0.798493 0.577028 0.171606
-1.287016 -5.301116 -28.290931 -56.112342 -0.139192 -0.458096 0.877937 0.609319 0.659249 0.440591 -0.780612 0.596271 0.187364
-1.228801 -5.751465 -11.718503 -45.999387 -0.111599 -0.426855 0.897408 0.664445 0.639459 0.386789 -0.738958 0.639443 0.212259
-3.135866 -6.782038 27.752335 68.522768 0.288410 0.957291 -0.020333 0.502303 -0.133185 0.854373 -0.815176 0.256624 0.519262
-2.701058 -6.477601 27.281855 19.682313 0.351918 0.935605 -0.028237 0.399284 -0.122766 0.908571 -0.846597 0.331017 0.416776
-3.363231 -7.176691 31.670947 17.960787 0.257400 0.962881 -0.081269 0.424013 -0.036973 0.904901 -0.868308 0.267381 0.417791
0.928515 -8.506300 -12.204489 -32.193154 0.018794 0.993468 -0.112556 -0.929396 0.058862 0.364360 -0.368605 -0.097761 -0.924431
1.068190 -8.757436 -4.470175 -62.566667 0.010298 0.997026 -0.076375 -0.920275 0.039326 0.389292 -0.391138 -0.066277 -0.917943
0.730075 -8.962182 -12.435389 -41.998813 0.003525 0.994349 -0.106098 -0.867664 0.055788 0.494011 -0.497139 -0.090316 -0.862958
-93.120820 -437.974876 -6474.536586 -45371.854205 0.837932 -0.099563 0.536617 0.515842 0.465618 -0.719101 0.178262 -0.879367 -0.441515
-109.581230 -260.115080 -10193.793097 -7025.967461 0.867519 -0.243571 0.433686 0.411766 0.840788 -0.351460 0.279033 -0.483475 -0.829694
-219.027204 -389.602672 21102.959908 9177.088252 -0.702715 0.295342 -0.647274 0.444986 0.892311 -0.075951 0.555138 -0.341400 -0.758464
-279.642868 -1360.423855 -16155.674348 -68134.538336 0.863285 0.404303 0.302123 0.291142 0.090064 -0.952431 0.412281 -0.910180 0.039959
-96.995367 -279.449588 -6395.758967 -3996.047336 0.998316 -0.046855 0.034189 0.032461 -0.037160 -0.998782 -0.048068 -0.998210 0.035577
1.700736 -35.619402 75.614499 1106.742995 0.817650 -0.568301 -0.092097 0.162887 0.074925 0.983796 0.552192 0.819403 -0.153831
0.550743 -23.797367 113.363000 727.189400 0.818449 -0.562537 -0.117020 0.027985 -0.164393 0.985998 0.573897 0.810264 0.118805
1.656730 -43.847523 25.370594 1669.958819 0.851585 -0.497913 -0.163968 0.167517 -0.037911 0.985140 0.496731 0.866398 -0.051124
0.466416 -18.878516 83.897719 -312.127308 0.995773 0.044867 0.080146 0.070644 0.183556 -0.980468 0.058701 -0.981985 -0.179610
1.269828 -22.511108 75.683450 -561.474609 0.995444 0.074187 -0.059902 -0.085568 0.417841 -0.904482 0.042072 -0.905486 -0.422285
1.748029 -15.400654 54.391158 -411.180901 0.999552 0.028168 0.010162 0.002628 0.255528 -0.966798 0.029830 -0.966391 -0.255339
-7.252327 -10.260248 60.536974 107.965123 -0.178742 0.980153 -0.085736 -0.399962 -0.151998 -0.903840 0.898934 0.127264 -0.419192
4.364605 -3.350578 -11.961619 -81.359973 0.460345 0.835043 -0.301307 0.885793 -0.454533 0.093649 -0.058753 -0.310007 -0.948917
-1.799753 -3.880815 7.437328 -86.852871 -0.510125 0.857140 0.071297 -0.823148 -0.510565 0.248496 -0.249398 -0.068076 -0.966005
-1.081306 -6.981813 29.355487 -153.088140 0.492294 0.820587 -0.290317 0.725750 -0.571104 -0.383573 0.480556 0.021867 0.876692
-2.131885 -6.270498 84.538657 -87.172970 0.448587 0.849019 -0.279173 0.764455 -0.526321 -0.372284 0.463011 0.046413 0.885137
1.169164 -7.014541 -130.331131 25.926879 0.030788 0.996330 -0.079861 -0.251053 0.085046 0.964230 -0.967484 0.009637 -0.252750
0.294506 -10.175094 -24.663106 -18.669778 -0.175171 0.983109 -0.053026 -0.442615 -0.030527 0.896192 -0.879436 -0.180457 -0.440486
0.218436 -11.067733 -23.439574 -60.556878 -0.186049 0.982254 -0.023747 -0.292022 -0.032203 0.955869 -0.938141 -0.184773 -0.292831
-0.150655 -10.767125 -11.535003 -52.575884 -0.179839 0.983560 -0.016360 -0.276683 -0.034617 0.960337 -0.943983 -0.177233 -0.278360
-0.263313 -12.193794 -8.604031 -307.806140 0.129981 0.987757 -0.086260 0.191375 -0.110355 -0.975293 0.972872 -0.110262 0.203376
0.102587 -14.092525 -14.096135 -351.615046 0.133039 0.987575 -0.083641 0.163980 -0.105160 -0.980842 0.977451 -0.116775 0.175933
-0.113922 -16.822690 -9.900496 -437.816747 0.132625 0.982784 -0.128632 -0.012688 -0.128084 -0.991682 0.991085 -0.133154 0.004518
0.741832 -7.605371 -12.616470 11.421343 -0.342943 0.915530 0.210224 -0.262595 -0.308311 0.914324 -0.901906 -0.258357 -0.346147
-0.132863 -7.461654 -15.049250 -3.245750 -0.318649 0.932335 0.170924 -0.454851 -0.308608 0.835387 -0.831609 -0.188451 -0.522411
0.150746 -7.756987 -5.488375 8.599856 -0.273211 0.956869 0.098780 -0.457447 -0.219569 0.861703 -0.846226 -0.190240 -0.497706
-4.957098 -290.784131 167.662488 97895.861803 0.887715 -0.251713 -0.385491 0.031967 -0.801586 0.597024 0.459283 0.542310 0.703533
-3.573883 -106.273510 204.389957 22981.334723 0.886157 -0.213242 -0.411405 0.048388 -0.840388 0.539821 0.460852 0.498273 0.734397
-1.181879 -14.618562 -60.065548 215.665396 0.162238 0.983858 -0.075514 -0.906669 0.178834 0.382060 -0.389397 -0.006481 -0.921047
-1.921537 -15.307063 -57.644118 96.097761 0.196527 0.979017 -0.053885 -0.959855 0.203316 0.193236 -0.200137 -0.013746 -0.979671
-2.718553 -15.010325 -44.578830 98.115061 0.203112 0.979089 -0.011396 -0.953217 0.200379 0.226331 -0.223882 0.035108 -0.973984
-0.950566 -6.616365 -16.995428 -10.547103 -0.211949 0.974796 0.069652 -0.798625 -0.213841 0.562557 -0.563273 -0.063607 -0.823819
-1.173545 -5.653292 4.318276 3.261516 -0.177898 0.972483 0.150431 -0.744278 -0.232974 0.625918 -0.643742 0.000613 -0.765243
-0.950472 -6.071617 -5.997652 10.558346 -0.120069 0.991498 0.050155 -0.859048 -0.129087 0.495352 -0.497614 -0.016390 -0.867243
-1.151760 -29.402902 -25.809285 30.849541 0.075079 -0.877166 -0.474281 0.940676 -0.095526 0.325582 -0.330895 -0.470589 0.817957
-1.397904 -26.351186 45.340271 -92.733082 -0.083756 0.882434 0.462919 0.847916 -0.180926 0.498301 -0.523473 -0.434252 0.733077
-1.155920 -29.018075 -19.275564 -186.728222 0.101227 -0.864951 -0.491541 0.934965 -0.086140 0.344122 -0.339991 -0.494408 0.799980
-1.500676 -26.074550 19.932355 -178.823721 -0.078666 0.887572 0.453904 0.797112 -0.217435 0.563325 -0.598686 -0.406126 0.690389
-0.793266 -30.533800 -28.050014 1.635396 0.077693 -0.866209 -0.493605 0.994011 0.029134 0.105329 -0.076856 -0.498832 0.863284
-1.137271 -28.014349 33.959808 6.299379 0.064897 -0.871333 -0.486381 0.947965 -0.098410 0.302783 -0.311690 -0.480722 0.819607
-0.910124 -29.526033 25.645043 -89.253836 0.056197 -0.855508 -0.514731 0.995819 0.010843 0.090700 -0.072013 -0.517676 0.852541
1.155674 -17.405268 4.570815 -176.938263 0.161989 0.984651 0.064983 0.726439 -0.074421 -0.683189 0.667866 -0.157875 0.727344
-1.419836 -5.926139 -28.521706 -55.248241 0.008488 0.502443 0.864569 0.240273 0.838245 -0.489504 -0.970668 0.211887 -0.113609
-1.634508 -6.009982 -6.355898 -50.885170 0.051494 0.557354 0.828677 0.297213 0.783626 -0.545522 -0.953422 0.274385 -0.125301
-1.761540 -5.442742 29.594998 -78.895172 0.056084 0.470020 0.880872 0.279082 0.839713 -0.465827 -0.958628 0.271961 -0.084080
2.067664 -148.632503 -239.901681 -6660.486558 -0.018015 0.940209 0.340121 0.999757 0.021254 -0.005799 -0.012681 0.339934 -0.940364
2.340448 -95.783815 61.305662 1093.376808 -0.130151 0.925363 0.356040 -0.817396 0.103105 -0.566774 0.561181 0.364792 -0.742969
11.840079 -139.699633 276.103508 -7448.696988 -0.262171 0.912556 0.313861 0.953499 0.194847 0.229946 0.148684 0.359551 -0.921204
1.055016 -63.090340 -118.882732 1689.918000 -0.066154 0.954329 0.291342 -0.927604 0.048766 -0.370369 0.367662 0.294751 -0.882013
1.621502 -54.084388 40.413739 -2043.473757 -0.162535 0.932418 0.322769 0.978400 0.194647 -0.069611 -0.127732 0.304483 -0.943915
1.112670 -45.935335 27.590064 976.106321 -0.150417 0.932109 0.329465 -0.927926 -0.248083 0.278222 -0.341069 0.263870 -0.902244
0.875215 -62.345476 -183.846767 1565.404839 -0.115631 0.957739 0.263375 -0.897616 -0.214295 0.385180 -0.425342 0.191871 -0.884460
0.656630 -58.372581 -163.879194 -1684.301626 -0.109535 0.965528 0.236133 0.989955 0.127333 -0.061444 -0.089394 0.227031 -0.969776
-11.633112 -292.012086 1155.419644 18587.145716 -0.286532 0.945295 0.155941 0.632831 0.064533 0.771596 -0.719322 -0.319771 0.616703
-0.815313 -4.015066 -73.468391 -64.891657 -0.215805 -0.649873 0.728761 0.023084 0.742744 0.669178 -0.976163 0.161235 -0.145286
-1.817253 -4.150010 121.908437 -69.299134 0.218045 0.753925 -0.619721 -0.030937 0.640020 0.767735 -0.975448 0.148228 -0.162878
-2.162939 -4.970088 55.162262 -113.932692 0.213698 0.845184 -0.489894 0.011400 0.499287 0.866362 -0.976833 0.190724 -0.097061
-1.603038 -9.681986 31.587783 -47.315851 -0.511440 0.815761 -0.270116 -0.716728 -0.578361 -0.389614 0.474056 0.005665 -0.880476
-2.062752 -9.025664 41.461265 -70.778156 -0.529756 0.796321 -0.291944 -0.629607 -0.599857 -0.493728 0.568290 0.077745 -0.819147
-2.694400 -9.574839 71.193802 -18.696407 -0.523783 0.798164 -0.297634 -0.721834 -0.601396 -0.342460 0.452335 -0.035467 -0.891142
-2.205521 -9.102663 67.201329 32.204689 -0.476790 0.837195 -0.267910 -0.803286 -0.538743 -0.253944 0.356935 -0.094131 -0.929374
-1.451487 -9.715975 37.337909 -0.848271 -0.473192 0.843357 -0.254633 -0.807316 -0.530816 -0.257830 0.352606 -0.083566 -0.932033
-0.511180 -7.493912 -4.573702 27.971737 0.091058 0.987104 0.131658 0.802932 0.005431 -0.596046 0.589074 -0.159987 0.792083
-0.735955 -7.475810 -0.856024 9.054751 0.103584 0.989444 0.101345 0.862953 -0.038740 -0.503796 0.494552 -0.139642 0.857857
-0.717595 -7.760394 -7.847755 2.254800 0.076120 0.987492 0.138080 0.888169 -0.004213 -0.459497 0.453167 -0.157615 0.877381
2.811319 -2.990185 29.981829 5.265402 0.331629 0.925550 0.182700 -0.664098 0.366575 -0.651611 0.670072 -0.094762 -0.736223
3.039715 -2.970937 48.096906 9.129293 0.375977 0.892399 0.249530 -0.671961 0.447999 -0.589717 0.638052 -0.054046 -0.768094
2.905618 -3.374866 -4.627385 12.203762 0.371294 0.915569 0.154510 -0.674205 0.380259 -0.633128 0.638426 -0.130906 -0.758470
2.572986 -2.618881 40.997483 -1.753694 0.348184 0.894944 0.279003 -0.652782 0.445078 -0.613010 0.672788 -0.031312 -0.739172
2.554108 -3.642159 -1.564692 15.532007 0.291120 0.954426 0.065731 -0.675439 0.253709 -0.692398 0.677519 -0.157174 -0.718516
2.644420 -3.108270 22.679330 7.555961 0.272503 0.956302 0.105965 -0.657448 0.265482 -0.705182 0.702499 -0.122498 -0.701063
2.426013 -2.571221 22.196427 -7.660688 0.308483 0.927712 0.210212 -0.644009 0.366327 -0.671608 0.700065 -0.071801 -0.710460
-140.864150 -185.910969 8307.890416 -6517.332696 -0.645716 0.073754 0.760007 0.740075 -0.184590 0.646695 0.187986 0.980044 0.064609
-31.494271 -1020.293443 -5305.264637 103759.329471 0.851014 -0.321428 -0.415282 0.176349 -0.569956 0.802528 0.494647 0.756197 0.428357
-9.978356 -72.797615 -545.879899 -3364.033412 0.846262 -0.339284 -0.410765 0.443439 0.021215 0.896053 0.295302 0.940445 -0.168405
1.599728 -11.344501 9.522947 361.807160 -0.101897 -0.986789 0.125953 0.994776 -0.101859 0.006761 0.006158 0.125984 0.992013
0.003538 -6.541935 -52.343041 -214.291393 0.032333 -0.993848 0.105930 0.999216 0.034567 0.019326 -0.022868 0.105222 0.994186
-1.550733 -12.131774 48.629998 -461.793723 -0.150490 0.986370 -0.066542 0.984935 0.143791 -0.096060 0.085182 0.079995 0.993149
-4.076486 -6.530963 -19.936020 -57.307285 0.207601 0.972296 0.107437 0.768123 -0.230035 0.597554 -0.605714 0.041529 0.794598
-4.960787 -7.045803 -67.194116 -81.902995 0.249224 0.964487 0.087475 0.779144 -0.253334 0.573372 -0.575171 0.074742 0.814612
0.499401 -11.436045 66.238709 -99.324980 -0.185633 0.883584 0.429908 0.658153 0.436677 -0.613309 0.729641 -0.169095 0.662595
-0.687745 -11.281108 6.881420 54.265237 -0.231059 0.833719 0.501522 0.364401 0.552108 -0.749926 0.902122 -0.009478 0.431378
-0.115345 -11.148063 27.503088 140.022646 -0.262567 0.796260 0.545003 0.211852 0.598611 -0.772518 0.941370 0.087378 0.325865
-0.550155 -11.484553 3.545418 -45.868586 -0.201802 0.861359 0.466194 0.535460 0.495582 -0.683872 0.820097 -0.111622 0.561232
0.285636 -22.638992 48.386839 439.732251 -0.079956 0.994785 0.063317 0.389010 -0.027343 0.920828 -0.917757 -0.098256 0.384796
0.066364 -31.570039 121.965312 745.586575 -0.050335 0.990802 0.125607 0.123961 -0.118596 0.985174 -0.991010 -0.065159 0.116851
-5.559579 -64.073378 157.056144 2426.876704 -0.110822 0.841047 0.529490 -0.092396 -0.539183 0.837105 -0.989536 -0.043846 -0.137463
-1.317863 -6.902611 -73.732530 -32.087121 -0.008832 0.999941 -0.006273 0.796251 0.010828 0.604870 -0.604902 -0.000347 0.796300
1.222267 -6.707282 -156.546688 -15.234534 0.050090 0.996014 0.073802 0.752718 -0.086216 0.652673 -0.656435 -0.022860 0.754036
1.781839 -6.371433 -131.491223 -16.977980 0.051765 0.996849 0.060111 0.678330 -0.079272 0.730469 -0.732932 -0.002962 0.680296
-0.414990 -9.765391 -4.130037 48.724894 0.025177 0.986390 0.162484 0.900901 -0.092835 0.423981 -0.433295 -0.135708 0.890976
-0.156535 -10.073954 -11.050326 48.855056 -0.002938 0.987356 0.158493 0.904023 -0.065130 0.422494 -0.427474 -0.144522 0.892401
-0.151773 -8.801814 -1.187737 39.722645 0.048047 0.984266 0.170034 0.957986 -0.093599 0.271113 -0.282763 -0.149864 0.947410
-0.376978 -11.039720 -12.246319 69.039957 -0.023621 0.989598 0.141907 0.821718 -0.061629 0.566553 -0.569405 -0.129990 0.811715
-0.256988 -8.628042 -1.101347 43.782808 0.077785 0.981223 0.176493 0.954097 -0.124621 0.272340 -0.289221 -0.147208 0.945876
-0.633792 -10.639770 -4.077443 56.181597 -0.000265 0.989793 0.142509 0.813825 -0.082600 0.575210 -0.581110 -0.116130 0.805497
-0.464015 -9.468862 -1.724793 45.932634 0.052809 0.984558 0.166905 0.894180 -0.121032 0.431038 -0.444582 -0.126480 0.886763
0.238427 -18.958425 -11.931535 398.373496 0.320008 0.946345 0.045011 -0.418893 0.183943 -0.889210 0.849779 -0.265699 -0.455280
0.120924 -21.889196 -8.359125 225.325034 0.323314 0.943816 0.068410 -0.178503 0.131823 -0.975069 0.929303 -0.303043 -0.211094
0.161954 -15.463070 -14.424308 417.863376 0.306662 0.951719 0.013770 -0.623379 0.211755 -0.752701 0.719276 -0.222241 -0.658218
0.492243 -23.346726 -12.923968 244.457248 0.322314 0.944019 0.070300 -0.184605 0.135519 -0.973425 0.928458 -0.300771 -0.217951
0.590232 -20.086485 -17.219918 455.738912 0.318593 0.947039 0.040204 -0.453999 0.189688 -0.870576 0.832095 -0.259107 -0.490388
1.822455 -13.082430 -24.491263 -26.548646 -0.018656 0.995950 0.087949 0.584640 -0.060492 0.809034 -0.811078 -0.066512 0.581144
0.425029 -7.758281 3.073917 -5.140255 -0.197362 0.976888 0.082084 0.907339 0.150322 0.392607 -0.371194 -0.151964 0.916036
0.117441 -7.277738 1.776738 7.474112 -0.286527 0.957055 0.044136 0.896303 0.251496 0.365227 -0.338442 -0.144207 0.929872
1.240962 -7.482237 10.856016 13.051728 -0.340103 0.940074 0.024300 0.800904 0.276018 0.531382 -0.492831 -0.200187 0.846784
39.371696 -5.700509 1274.844676 0.971255 -0.040078 0.979891 -0.195467 -0.706941 0.110441 0.698597 -0.706136 -0.166181 -0.688299
54.609114 -3.240241 1862.396771 13.609609 -0.151673 0.894561 -0.420424 -0.747966 0.174190 0.640472 -0.646175 -0.411605 -0.642682
158.779962 2.026610 5327.726322 217.284691 -0.101780 0.603354 -0.790952 0.870047 -0.331518 -0.364847 -0.482347 -0.725300 -0.491205
161.101837 1.596542 6062.803194 215.964619 0.108869 0.410896 -0.905159 0.861558 -0.493207 -0.120266 -0.495847 -0.766754 -0.407706
-0.805281 -10.760794 -18.764245 50.163458 0.171878 0.888284 -0.425922 0.023967 -0.435998 -0.899628 0.984827 -0.144418 0.096228
-2.504240 -9.797716 -50.024428 94.310280 0.158101 0.821708 -0.547540 0.069512 -0.562401 -0.823938 0.984973 -0.092205 0.146035
-2.575627 -11.448760 -36.797329 84.926817 0.153674 0.920427 -0.359442 0.211671 -0.385983 -0.897893 0.965184 -0.061899 0.254144
-1.467163 -11.546454 -51.097492 88.371173 0.168927 0.950107 -0.262222 0.176660 -0.290924 -0.940295 0.969667 -0.112517 0.216991
-2.649790 -12.524374 -46.410105 63.601750 0.157361 0.958338 -0.238382 0.365710 -0.280778 -0.887367 0.917330 -0.052459 0.394657
-3.560628 -12.453327 -37.487808 58.330765 0.143235 0.938594 -0.313888 0.403954 -0.344982 -0.847236 0.903496 0.005443 0.428562
-0.876580 -12.749365 17.520419 -194.575057 -0.374865 0.896601 -0.235760 -0.669967 -0.437770 -0.599584 0.640797 0.066811 -0.764798
-0.499090 -12.935336 50.236029 -326.995669 -0.401810 0.890268 -0.214407 -0.647994 -0.441869 -0.620368 0.647034 0.110336 -0.754436
-0.942404 -12.546215 15.133283 -56.630569 -0.342563 0.919294 -0.193776 -0.615441 -0.375419 -0.693031 0.709847 0.118149 -0.694376
-0.755142 -19.480757 40.493794 645.885148 -0.376705 0.916162 -0.136897 -0.257411 -0.245493 -0.934598 0.889850 0.316829 -0.328308
-0.142727 -13.580589 51.996328 386.184248 -0.401250 0.900121 -0.169647 -0.390313 -0.335577 -0.857347 0.828646 0.277795 -0.485979
2.153365 -8.931122 128.319015 276.394315 -0.457719 0.841194 -0.287900 -0.397400 -0.483229 -0.780104 0.795341 0.242657 -0.555474
4.279273 -8.312808 187.930453 319.585696 -0.436604 0.846180 -0.305543 -0.372665 -0.479220 -0.794650 0.818839 0.233082 -0.524571
2.486695 -4.106190 7.549887 7.854480 0.144765 0.987104 0.068328 0.590822 -0.030841 -0.806212 0.793708 -0.157081 0.587668
2.725457 -3.952785 40.525545 10.944601 0.124611 0.989680 0.070752 0.532401 -0.006521 -0.846467 0.837270 -0.143147 0.527719
