12478
24937
-5.989887 -7.344405 10.300710 99.694943 -0.279741 0.941788 -0.186494 -0.511252 -0.310545 -0.801364 0.812629 0.128829 -0.568363
-7.383870 -9.401169 49.966491 135.520311 -0.255447 0.962267 -0.093747 -0.415699 -0.196859 -0.887942 0.872892 0.187851 -0.450301
-6.749574 -10.663416 -70.428589 268.850655 0.112936 0.921842 0.370745 -0.504946 0.374606 -0.777624 0.855730 0.099384 -0.507788
-6.085546 -8.774360 0.780204 94.046305 -0.468839 0.786266 -0.402462 -0.263562 -0.559417 -0.785868 0.843045 0.262372 -0.469506
-3.926099 -10.023621 -127.804817 277.825313 0.177771 0.952360 0.247806 -0.580812 0.304821 -0.754813 0.794390 0.009745 -0.607330
-4.404283 -6.282615 -51.414381 74.573010 -0.126395 0.986605 -0.103129 -0.639014 -0.160498 -0.752265 0.758740 0.029181 -0.650740
-4.394625 -6.726959 -5.564554 -64.123687 -0.553502 0.583246 -0.594525 0.292665 0.804530 0.516797 0.779733 0.112051 -0.616004
-5.271049 -7.919100 10.282174 -51.974499 -0.574152 0.540311 -0.615153 0.140607 0.805241 0.576036 0.806585 0.244237 -0.538302
-6.880828 -9.478182 -20.366383 0.705700 0.430903 0.872463 0.230500 -0.710301 0.170376 0.682968 -0.556592 0.458017 -0.693127
-6.842735 -9.433030 -24.840816 3.565024 0.419918 0.873070 0.247828 -0.624103 0.079534 0.777284 -0.658912 0.481065 -0.578283
-7.585550 -9.665405 -51.227338 -1.629485 0.520586 0.804383 0.286283 0.655711 -0.161907 -0.737448 -0.546840 0.571624 -0.611729
-7.333782 -9.484195 -38.949217 2.913446 0.482525 0.840172 0.247550 -0.533580 0.057834 0.843770 -0.694595 0.539228 -0.476205
-7.530998 -9.445512 -35.653562 10.627376 0.488376 0.822835 0.290572 0.772557 -0.252861 -0.582423 -0.405763 0.508925 -0.759178
-8.308873 -9.438008 -63.637723 9.430668 0.541917 0.744529 0.389875 0.740118 -0.202988 -0.641109 -0.398184 0.635981 -0.661042
-8.401778 -9.587677 -68.012953 -0.400015 0.620700 0.713227 0.325636 -0.607840 0.175399 0.774445 -0.495239 0.678633 -0.542398
-8.297548 -9.724116 -65.026484 7.908911 0.625202 0.743012 0.238864 -0.495658 0.141591 0.856899 -0.602865 0.654129 -0.456802
-5.823791 -9.551032 -10.275101 8.330458 0.094371 0.993914 0.056826 -0.292800 -0.026846 0.955797 -0.951505 0.106838 -0.288485
-5.369090 -9.317716 -21.002570 27.665148 -0.027645 0.999555 0.011198 -0.318557 -0.019428 0.947705 -0.947501 -0.022632 -0.318952
-5.405884 -8.890954 -19.154129 -7.916857 0.000119 0.997086 0.076283 -0.201817 -0.074690 0.976571 -0.979423 0.015512 -0.201220
-6.073725 -9.084691 -25.191097 15.728087 0.188806 0.975976 0.108731 -0.257846 -0.057567 0.964470 -0.947559 0.210134 -0.240782
-6.056962 -9.207162 -26.831027 14.096734 0.167306 0.979693 0.110498 -0.400075 -0.034971 0.915815 -0.901082 0.197429 -0.386100
-6.062994 -9.334553 -10.150098 -19.599451 0.184265 0.977803 0.099736 -0.124816 -0.077373 0.989158 -0.974919 0.194715 -0.107788
-5.671054 -9.415833 -2.771282 -21.405236 0.081130 0.994519 0.065955 -0.095103 -0.058147 0.993768 -0.992156 0.086897 -0.089864
1.871438 -7.060810 139.616941 -15.015018 0.176541 0.981997 0.067201 -0.728074 0.084337 0.680291 -0.662376 0.169026 -0.729855
1.432468 -6.928550 136.539354 -16.621008 0.188948 0.979742 0.066358 -0.810864 0.117549 0.573308 -0.553894 0.162133 -0.816648
-0.080765 -7.259621 163.418038 -14.473986 0.174821 0.979091 0.104011 -0.739491 0.060820 0.670413 -0.650070 0.194118 -0.734662
3.270539 -6.784724 80.792577 -14.653955 0.143255 0.989645 0.008972 -0.765148 0.104999 0.635236 -0.627716 0.097866 -0.772266
0.687545 -7.251309 126.288477 -4.111441 0.160444 0.981824 0.101393 -0.632741 0.023467 0.774007 -0.757559 0.188340 -0.625006
3.180365 -6.868924 98.684060 6.323401 0.129010 0.991169 0.030672 -0.662254 0.063094 0.746618 -0.738089 0.116634 -0.664545
1.273229 -7.330534 11.995781 9.052696 -0.208450 0.974841 0.078948 -0.164619 -0.114541 0.979684 -0.964079 -0.191219 -0.184353
1.040284 -7.724333 2.277115 10.861812 -0.187760 0.982123 0.013467 -0.222363 -0.055858 0.973362 -0.956714 -0.179764 -0.228876
1.705211 -7.516723 26.189751 -11.183306 -0.175762 0.982417 0.062961 -0.073736 -0.076915 0.994307 -0.981667 -0.170118 -0.085958
1.710207 -7.167558 22.380839 4.928011 -0.240868 0.957232 0.160277 -0.087734 -0.185938 0.978637 -0.966584 -0.221660 -0.128769
0.906736 -6.846681 -2.669783 0.078575 -0.256120 0.954489 0.152820 -0.224912 -0.212597 0.950903 -0.940115 -0.209175 -0.269126
0.649603 -4.722717 6.065045 17.541264 -0.005793 0.987575 -0.157045 0.999944 0.007120 0.007888 0.008908 -0.156990 -0.987560
0.512472 -4.681532 -11.057376 6.336236 -0.019273 0.985422 -0.169031 0.997324 0.007024 -0.072768 -0.070520 -0.169982 -0.982921
0.761122 -4.443241 -8.384123 6.468160 0.058514 0.983113 -0.173392 0.997382 -0.050181 0.052065 0.042485 -0.175985 -0.983476
0.251008 -4.269688 -26.765341 -2.370382 0.094056 0.977385 -0.189398 0.995310 -0.096632 -0.004390 -0.022593 -0.188097 -0.981891
0.962188 -4.504459 7.857641 11.465657 0.048255 0.985166 -0.164677 0.993667 -0.030600 0.108115 0.101472 -0.168851 -0.980404
1.096963 -4.526848 6.046030 -6.239505 0.096903 0.980549 -0.170686 0.986056 -0.071271 0.150380 0.135290 -0.182879 -0.973782
0.764866 -4.336718 -10.655741 -5.305974 0.169551 0.968768 -0.180945 0.981594 -0.149629 0.118678 0.087896 -0.197736 -0.976307
-1.134134 -6.140627 19.422483 -88.991403 0.324222 0.942157 -0.084968 0.557812 -0.262953 -0.787211 0.764020 -0.207835 0.610802
-1.002394 -5.623648 22.985275 87.284879 0.291646 0.953712 -0.073327 0.587897 -0.239194 -0.772764 0.754533 -0.182264 0.630444
-1.008239 -4.737812 27.750802 66.328846 0.340221 0.933716 -0.111468 0.544031 -0.292131 -0.786568 0.766994 -0.206965 0.607359
-0.253256 -19.995264 17.016365 -315.837957 0.093887 0.989392 -0.110858 -0.289172 -0.079449 -0.953974 0.952662 -0.121623 -0.278646
0.234167 -17.524845 29.698952 -388.350576 0.093095 0.987948 -0.123658 -0.059606 -0.118445 -0.991170 0.993871 -0.099644 -0.047861
-0.457475 -19.849005 2.883325 -251.926019 0.114982 0.984094 -0.135418 -0.341178 -0.088907 -0.935785 0.932940 -0.153800 -0.325528
2.062042 -10.621125 15.299978 -116.781518 0.178605 0.977105 -0.115607 0.275577 -0.162471 -0.947450 0.944541 -0.137361 0.298286
1.459805 -9.841584 26.309127 -92.839277 0.140814 0.977973 -0.154081 0.274338 -0.188082 -0.943061 0.951268 -0.090526 0.294779
1.494857 -13.909258 20.536551 -292.939386 0.148805 0.986109 -0.073797 0.153989 -0.096825 -0.983317 0.976803 -0.134959 0.166258
2.025259 -9.472654 28.744181 59.307132 0.156578 0.970049 -0.185709 0.386807 -0.233236 -0.892178 0.908771 -0.067862 0.411741
2.162764 -14.441445 15.080342 -307.528048 0.189625 0.980330 -0.054724 0.169467 -0.087577 -0.981637 0.967121 -0.176869 0.182740
2.447700 -13.302324 26.931934 -262.157982 0.200572 0.977742 -0.061581 0.250077 -0.111874 -0.961741 0.947224 -0.177498 0.266949
0.618159 -8.833347 26.736137 -13.886797 -0.119243 0.991221 0.057112 0.914491 0.087249 0.395088 -0.386636 -0.099340 0.916866
0.846108 -8.735746 -7.517426 22.934722 -0.114379 0.989715 0.085916 0.850849 0.052952 0.522735 -0.512809 -0.132892 0.848155
0.232749 -8.832386 -2.925499 -6.068314 -0.049090 0.994617 0.091253 0.881799 0.000252 0.471626 -0.469064 -0.103619 0.877064
0.244562 -8.964757 8.482804 0.769597 -0.012242 0.996153 0.086772 0.829810 -0.038298 0.556731 -0.557912 -0.078820 0.826148
-0.093880 -8.920621 5.638302 -12.290210 -0.008354 0.995778 0.091413 0.916541 -0.028930 0.398893 -0.399854 -0.087116 0.912430
-0.657202 -15.142068 10.589480 -10.929451 0.240419 0.961724 -0.131477 0.516015 -0.011906 0.856497 -0.822148 0.273762 0.499126
-0.886681 -14.862444 21.024481 -31.976807 0.266887 0.957950 -0.105372 0.286315 0.025587 0.957794 -0.920215 0.285792 0.267447
-0.938322 -14.361186 14.697813 -55.767435 0.231154 0.964924 -0.124461 0.455591 0.005679 0.890171 -0.859654 0.262470 0.438298
-2.435918 -22.665837 -52.684619 23.643861 0.226261 0.974066 -0.001247 -0.335040 0.076622 -0.939083 0.914633 -0.212896 -0.343688
-2.588928 -23.718649 1.156802 -93.967577 0.160440 0.987046 -0.000307 -0.048851 0.007630 -0.998777 0.985836 -0.160259 -0.049442
-1.727851 -23.146425 -62.004265 -47.207232 0.227548 0.973319 -0.029514 -0.063963 -0.015303 -0.997835 0.971664 -0.228943 -0.058774
-0.204028 -23.654553 -130.972385 258.957247 0.277245 0.960799 -0.000116 -0.398694 0.114936 -0.909853 0.874173 -0.252298 -0.414931
-1.600140 -23.956140 -107.289800 89.484512 0.263155 0.964660 0.013412 -0.604708 0.175761 -0.776812 0.751717 -0.196312 -0.629590
2.211090 -3.074093 46.189531 -30.776610 0.386361 0.854031 0.348362 -0.699142 0.517520 -0.493329 0.601602 0.052952 -0.797039
1.933765 -2.764048 32.977771 -23.935279 0.403190 0.837870 0.367982 -0.655100 0.545039 -0.523237 0.638969 0.030102 -0.768643
1.510322 -3.213708 28.601368 -39.329260 0.386656 0.841483 0.377363 -0.681371 0.536411 -0.497993 0.621475 0.064572 -0.780769
0.686730 -3.511880 5.569689 -53.135552 0.317819 0.884509 0.341518 -0.707118 0.461070 -0.536095 0.631645 0.071113 -0.771990
0.808508 -3.893547 24.509775 -54.405634 0.347396 0.864345 0.363626 -0.723243 0.493793 -0.482792 0.596855 0.095270 -0.796673
1.676795 -3.649927 59.026840 -38.109395 0.354608 0.860895 0.364847 -0.733985 0.498031 -0.461769 0.579240 0.104045 -0.808490
0.465816 -55.170551 58.455351 -1043.176911 -0.188410 0.939593 0.285775 -0.617512 0.112927 -0.778413 0.763662 0.323130 -0.558933
0.755086 -53.864746 6.097620 -1474.486550 -0.167726 0.940059 0.296912 -0.211611 0.259827 -0.942184 0.962855 0.220859 -0.155347
0.387287 -60.442251 92.583941 -1499.689959 -0.208783 0.935416 0.285317 -0.556019 0.126466 -0.821492 0.804520 0.330155 -0.493705
-1.475214 -189.370934 -4.128698 7423.547586 -0.603688 0.772356 0.197552 -0.286474 0.021086 -0.957856 0.743972 0.634840 -0.208530
-13.644584 -107.187286 -49.296206 2774.937478 -0.682021 0.731315 -0.005078 -0.408652 -0.386847 -0.826652 0.606507 0.561719 -0.562691
-11.202250 -304.260645 -397.467883 3336.024241 -0.595603 0.755883 0.271844 0.036058 0.363235 -0.931000 0.802470 0.544704 0.243599
1.958643 -5.143695 35.549670 -70.363542 0.012212 0.967834 -0.251292 0.988447 -0.049653 -0.143201 -0.151072 -0.246641 -0.957259
0.656885 -5.940568 33.899191 -93.635656 -0.139291 0.956494 -0.256355 0.988971 0.121210 -0.085111 -0.050336 -0.265383 -0.962828
1.503922 -4.436101 49.613830 -24.991346 0.235355 0.950298 -0.203820 0.964547 -0.254141 -0.071136 -0.119400 -0.179851 -0.976421
6.325565 -2.452179 220.526793 -77.947304 -0.024255 0.980436 -0.195336 0.982463 -0.012756 -0.186019 -0.184872 -0.196423 -0.962933
0.077785 -3.689922 -8.510841 -31.721209 0.107037 0.992024 -0.066574 -0.582574 0.116837 0.804336 -0.805699 0.047309 -0.590433
0.532800 -3.209678 -8.306582 -15.539359 0.067785 0.997653 -0.009718 -0.641052 0.051016 0.765800 -0.764498 0.045680 -0.643005
0.326289 -3.264364 10.411189 -26.863683 0.065527 0.997804 0.009655 -0.625870 0.033562 0.779205 -0.777170 0.057101 -0.626695
-0.341446 -4.341701 4.641001 -37.324965 0.114685 0.991246 -0.065413 -0.515094 0.115641 0.849297 -0.849427 0.063708 -0.523847
-0.415728 -4.531474 -14.295267 -36.690741 0.159080 0.974539 -0.158012 -0.491036 0.216951 0.843692 -0.856491 0.056625 -0.513046
-0.100393 -3.692483 11.674065 -32.469360 0.061490 0.998031 0.012386 -0.580853 0.025690 0.813603 -0.811683 0.057223 -0.581289
-2.341145 -13.925697 0.343643 -55.913469 -0.057473 0.995967 -0.068893 0.716983 0.089197 0.691361 -0.694718 0.009660 0.719218
-2.219114 -13.531066 -25.820283 -32.927192 -0.061434 0.993726 -0.093458 0.668967 0.110486 0.735035 -0.740749 0.017365 0.671558
-2.145396 -13.177876 -9.120245 -12.847337 -0.069339 0.993702 -0.088030 0.542232 0.111611 0.832783 -0.837363 -0.010012 0.546556
-2.064900 -13.303683 13.648281 -21.404720 -0.067751 0.995321 -0.068891 0.587525 0.095610 0.803538 -0.806364 -0.013965 0.591254
-1.729709 -13.065324 -11.276891 12.210299 -0.086335 0.994949 -0.051221 0.412765 0.082515 0.907092 -0.906737 -0.057172 0.417804
11.272783 -71.614756 -317.633471 3028.365385 -0.289722 0.953281 0.085535 -0.918831 -0.252000 -0.303721 0.267976 0.166587 -0.948914
7.631881 -116.077969 -261.992583 5322.329974 -0.280347 0.959708 0.019154 -0.824169 -0.230428 -0.517348 0.492089 0.160823 -0.855561
15.889560 -132.902911 -524.573192 6345.402343 -0.316160 0.938893 0.136100 -0.767248 -0.168664 -0.618776 0.558009 0.300055 -0.773688
9.249547 -104.110650 -108.898593 -4546.688316 -0.524100 0.819593 0.231486 0.717595 0.278590 0.638314 0.458668 0.500654 -0.734146
27.157073 -749.839104 -775.437932 -34756.362326 -0.534870 0.825058 0.182189 0.820206 0.455217 0.346468 0.202921 0.334747 -0.920200
2.456844 -50.944146 -38.669444 2332.738054 -0.155231 -0.978459 0.136096 0.987823 -0.155196 0.010935 0.010422 0.136136 0.990635
71.043349 -1178.159807 -921.990073 54839.388309 -0.036701 0.982582 -0.182167 0.981809 0.069435 0.176719 -0.186290 0.172367 0.967257
4.467845 -58.286761 -246.933193 2872.680263 -0.266571 -0.949989 0.162667 0.963194 -0.268638 0.009567 0.034610 0.159230 0.986635
-16.008730 -21.212400 577.467922 -298.877395 -0.014222 0.929996 0.367294 0.806572 0.227772 -0.545492 0.590965 -0.288491 0.753348
-6.857736 -19.036372 229.486897 -434.251423 0.162751 0.964641 0.207315 0.744048 0.018004 -0.667884 0.648001 -0.262951 0.714809
-9.903945 -17.135254 350.166008 -88.265375 -0.166907 0.908476 0.383163 0.858726 0.324900 -0.396270 0.484491 -0.262892 0.834360
-3.745034 -7.421520 -77.313549 2.947832 -0.055806 0.996963 -0.054312 0.867729 0.075336 0.491294 -0.493894 0.019711 0.869299
-4.361115 -8.287003 129.723041 -106.656755 0.140492 0.988997 -0.046338 0.847039 -0.095830 0.522820 -0.512627 0.112702 0.851182
-3.257479 -7.055978 -59.663628 67.720767 0.014466 0.999868 0.007335 0.927235 -0.016160 0.374131 -0.374201 -0.001389 0.927347
1.330957 -12.419279 89.124066 172.793507 -0.345454 0.755186 0.557096 0.236996 0.644607 -0.726853 0.908017 0.119065 0.401658
5.284736 -13.413695 288.938594 100.228516 -0.393896 0.706757 0.587657 0.348248 0.706432 -0.616179 0.850629 0.038060 0.524388
3.125594 -12.758164 153.929835 -13.277293 -0.342318 0.767585 0.541878 0.453366 0.640080 -0.620287 0.822969 -0.033334 0.567108
-0.162255 -11.686027 25.377594 98.136136 -0.294656 0.818088 0.493872 0.330027 0.572136 -0.750828 0.896805 0.058245 0.438575
-0.547789 -10.280706 22.117340 180.598177 -0.324368 0.781813 0.532497 0.105952 0.589421 -0.800848 0.939978 0.203351 0.274024
1.056652 -10.630958 96.689213 229.966410 -0.366004 0.711572 0.599755 0.043038 0.656726 -0.752900 0.929618 0.249752 0.270989
-3.868714 -13.689051 -19.778399 -349.548210 -0.107113 0.992108 0.065177 -0.963942 -0.119686 0.237676 -0.243602 0.037368 -0.969155
-2.688076 -14.269718 -48.253493 -378.666069 -0.163676 0.986375 -0.016561 -0.968185 -0.157391 0.194542 -0.189285 -0.047876 -0.980754
-3.119292 -19.065381 -42.747442 -516.644499 -0.164732 0.986291 0.009624 -0.905665 -0.155116 0.394600 -0.390683 -0.056287 -0.918803
-4.115824 -20.203396 -6.591955 -583.582316 -0.130834 0.985589 0.107222 -0.891141 -0.164307 0.422932 -0.434455 0.040216 -0.899795
0.047865 -5.816025 1.466169 -47.020289 -0.024469 0.986733 0.160494 0.699871 -0.097729 0.707552 -0.713850 -0.129639 0.688195
-0.402487 -5.943204 -25.486382 -36.852220 -0.079477 0.989391 0.121607 0.708000 -0.029851 0.705581 -0.701726 -0.142175 0.698117
0.114650 -5.484859 -22.564992 -38.054985 -0.056436 0.987246 0.148865 0.653970 -0.076111 0.752682 -0.754412 -0.139831 0.641334
-0.321796 -6.504467 -36.329835 -38.398374 -0.060564 0.986398 0.152807 0.778170 -0.049216 0.626123 -0.625127 -0.156830 0.764605
-0.072662 -6.774908 -9.665498 -33.016139 -0.020343 0.985599 0.167870 0.801492 -0.084294 0.592035 -0.597659 -0.146590 0.788235
-0.586413 -10.056988 4.409238 5.582062 -0.008467 0.993174 -0.116335 -0.366313 0.105171 0.924529 -0.930453 -0.050443 -0.362922
-0.398554 -10.212894 -15.317125 -38.641918 -0.042406 0.991864 -0.120033 -0.491498 0.083888 0.866829 -0.869846 -0.095755 -0.483941
-0.658124 -10.264649 -13.321786 19.623638 -0.040931 0.993020 -0.110612 -0.313594 0.092343 0.945056 -0.948674 -0.073370 -0.307626
-0.739257 -9.865835 4.724050 20.951515 -0.016337 0.994489 -0.103555 -0.224600 0.097272 0.969584 -0.974314 -0.039099 -0.221773
-0.715759 -9.976422 -11.112930 42.137272 -0.045380 0.995033 -0.088602 -0.132829 0.081896 0.987750 -0.990100 -0.056593 -0.128453
3.126061 -16.887166 14.136649 -125.794473 0.413430 0.899441 -0.141708 -0.859354 0.436880 0.265793 -0.300974 -0.011890 -0.953558
3.007030 -17.487980 20.153081 62.225607 0.417367 0.896251 -0.150129 -0.737378 0.430566 0.520469 -0.531111 0.106525 -0.840579
3.002395 -17.831771 -33.708009 -183.476645 0.369965 0.902311 -0.221270 -0.859430 0.422852 0.287363 -0.352855 -0.083852 -0.931913
2.836579 -15.662935 -14.423812 211.400590 0.389455 0.901960 -0.186530 0.912189 -0.405735 -0.057363 -0.127421 -0.147811 -0.980773
2.257585 -16.356773 -38.765095 309.063442 0.334266 0.910664 -0.242813 0.924046 -0.367369 -0.105731 -0.185488 -0.189028 -0.964294
1.118770 -6.101707 10.777636 38.907811 -0.012318 0.987344 -0.158111 -0.955582 -0.058189 -0.288924 0.294468 -0.147530 -0.944205
1.197246 -6.197437 4.165932 0.119527 -0.028691 0.985628 -0.166479 -0.977762 -0.062287 -0.200256 0.207747 -0.157031 -0.965496
1.135251 -5.921315 0.929238 29.571520 -0.035002 0.982944 -0.180543 -0.955059 -0.086105 -0.283633 0.294341 -0.162501 -0.941784
0.733808 -6.678677 6.755623 39.189028 0.027039 0.989112 -0.144657 -0.914000 -0.034139 -0.404276 0.404813 -0.143148 -0.903125
0.632890 -7.061706 4.248300 50.931027 0.058856 0.990297 -0.125886 -0.928289 0.007911 -0.371775 0.367172 -0.138740 -0.919748
-0.821192 -6.861396 2.976720 107.092625 -0.023081 0.997812 0.061954 0.914629 0.046095 -0.401657 0.403634 -0.047394 0.913692
-0.628379 -6.839002 7.454716 42.221710 -0.028854 0.998487 0.046817 0.902855 0.046133 -0.427464 0.428977 -0.029935 0.902819
-0.878498 -6.566605 10.638477 8.237994 -0.028174 0.998534 0.046222 0.958072 0.040165 -0.283698 0.285139 -0.036291 0.957799
-0.795254 -7.109008 -7.186939 128.269148 -0.019153 0.996728 0.078523 0.922629 0.047879 -0.382705 0.385212 -0.065118 0.920528
-0.907252 -6.533407 8.112643 5.987647 -0.027779 0.997316 0.067748 0.971209 0.042969 -0.234321 0.236603 -0.059288 0.969796
-0.777714 -6.686978 29.353928 -109.268130 -0.040679 0.998401 0.039263 0.996820 0.043247 -0.066931 0.068522 -0.036415 0.996985
-0.789898 -6.417752 14.583007 -94.556839 -0.017089 0.999032 0.040539 0.993735 0.021449 -0.109687 0.110450 -0.038410 0.993139
25.317460 -1.830683 2078.152238 -56.284927 -0.153295 0.260206 -0.953307 0.266935 0.939749 0.213581 0.951444 -0.221730 -0.213516
2.360074 -12.743196 -7.625486 -43.787176 0.170077 0.937128 -0.304739 -0.072299 -0.296544 -0.952279 0.982775 -0.183993 -0.017318
3.811123 -25.773014 58.196053 -666.148270 0.135913 0.980750 -0.140201 -0.177570 -0.115108 -0.977353 0.974678 -0.157730 -0.158507
2.853046 -31.910443 92.213617 -737.844612 0.091902 0.994669 -0.046780 -0.251044 -0.022318 -0.967718 0.963603 -0.100680 -0.247655
7.331833 -37.835290 372.367660 -1023.561961 0.070508 0.996749 -0.038981 -0.482916 -0.000085 -0.875667 0.872823 -0.080566 -0.481340
88.213065 -10.332494 4774.994591 381.653081 -0.214968 0.653498 -0.725761 0.400855 0.736692 0.544610 0.890564 -0.173851 -0.420323
0.175298 -4.157998 -12.791383 -42.620587 -0.016224 -0.999060 0.040205 0.999861 -0.016362 -0.003088 0.003743 0.040150 0.999187
0.381075 -3.566843 12.517105 -28.300400 0.022544 0.999059 -0.037054 0.998455 -0.020616 0.051605 -0.050793 0.038160 0.997980
0.122235 -3.497089 18.173539 -23.353679 0.010930 0.998972 -0.044002 0.997758 -0.007990 0.066447 -0.066027 0.044630 0.996819
-0.266707 -3.982475 -29.265150 -40.186489 0.002304 -0.998366 0.057091 0.999496 0.004107 0.031480 -0.031663 0.056990 0.997873
-0.218726 -4.874442 31.109150 -41.703101 0.033838 0.997626 -0.059974 0.996407 -0.038337 -0.075524 0.077644 0.057203 0.995339
-1.853020 -29.027937 -32.427808 -102.521368 -0.494519 0.862128 -0.110390 0.708727 0.326449 -0.625410 0.503147 0.387513 0.772449
-1.139318 -27.694397 -19.785845 88.184701 -0.501399 0.859821 -0.096471 0.583509 0.253713 -0.771458 0.638840 0.443100 0.628925
-1.611300 -28.076867 -12.108350 308.604812 -0.519344 0.847114 -0.112606 0.437662 0.150483 -0.886457 0.733985 0.509660 0.448902
-1.934168 -29.139034 -28.419819 320.995767 -0.507958 0.851701 -0.128783 0.485442 0.159544 -0.859588 0.711565 0.499151 0.494493
-2.135087 -29.697534 -26.938787 -131.411251 -0.512252 0.847153 -0.141171 0.738071 0.350185 -0.576734 0.439146 0.399627 0.804642
-2.251422 -8.446057 -71.076992 64.161643 0.501449 -0.540697 0.675423 0.518973 0.812605 0.265218 -0.692254 0.217532 0.688087
-1.384674 -7.823537 -30.526447 21.111672 0.513932 -0.478831 0.711754 0.473369 0.850252 0.230203 -0.715399 0.218613 0.663636
-1.211383 -8.160373 -60.177334 -31.609304 0.539681 -0.452267 0.710070 0.347018 0.887964 0.301826 -0.767022 0.083518 0.636162
7.373865 -43.096613 -87.887285 585.085001 -0.693531 0.713897 -0.096778 -0.597242 -0.644858 -0.476928 0.402885 0.272964 -0.873598
5.296104 -40.468439 -215.730679 -1057.719262 0.802152 -0.593384 -0.066688 0.572416 0.732364 0.368759 0.169976 0.333974 -0.927130
9.418156 -81.718625 -51.170863 1335.990650 -0.668205 0.740641 -0.070375 -0.728216 -0.670484 -0.141959 0.152326 0.043610 -0.987368
11.559345 -120.215180 -78.168039 -4810.361547 -0.739805 0.650686 -0.171159 0.540924 0.726490 0.423808 0.400112 0.220952 -0.889433
2.513868 -2.882691 31.592520 -0.138086 0.089413 0.847700 -0.522887 0.176782 -0.530161 -0.829263 0.980180 0.018290 0.197262
2.928364 -2.902314 16.704767 -16.555637 0.133171 0.859250 -0.493918 0.223928 -0.511556 -0.829558 0.965465 0.000129 0.260534
2.696939 -3.094672 40.110304 8.257471 0.079946 0.856870 -0.509295 0.245767 -0.512102 -0.823013 0.966026 0.059372 0.251531
2.030861 -3.204409 52.072805 17.691149 0.039445 0.840276 -0.540721 0.212537 -0.535815 -0.817148 0.976357 0.082691 0.199725
-8.380105 -11.904497 9.786023 208.324915 0.009079 0.916854 0.399120 -0.385326 0.371520 -0.844687 0.922736 0.146123 -0.356661
-7.671236 -10.963228 88.744183 107.131435 -0.247146 0.964932 -0.088463 -0.279074 -0.158310 -0.947130 0.927920 0.209392 -0.308413
-6.503415 -10.308779 -17.913169 112.560585 -0.371119 0.900296 -0.227457 -0.246262 -0.331602 -0.910711 0.895336 0.281968 -0.344772
-6.423076 -9.436406 -5.966712 8.439949 0.350078 0.914747 0.201701 -0.620116 0.064930 0.781819 -0.702070 0.398775 -0.589980
-6.556602 -9.248475 -13.287040 1.039915 0.361144 0.906760 0.217626 -0.514407 -0.000937 0.857546 -0.777792 0.421646 -0.466105
-4.990385 -9.524664 -45.663714 30.821716 -0.099775 0.994909 -0.014165 -0.215044 -0.007661 0.976574 -0.971494 -0.100484 -0.214713
-0.670748 -6.959871 124.806190 -26.799273 0.174704 0.981230 0.081649 -0.819142 0.098830 0.565012 -0.546337 0.165592 -0.821033
2.968044 -6.640899 69.397072 -11.011500 0.148363 0.988929 0.002640 -0.829580 0.123003 0.544672 -0.538317 0.083000 -0.838645
0.978156 -7.819161 17.228329 2.827211 -0.137697 0.990092 -0.027532 -0.220189 -0.003498 0.975451 -0.965689 -0.140379 -0.218489
0.434601 -7.725358 3.430377 4.474846 -0.158525 0.986950 -0.028292 -0.389003 -0.036094 0.920529 -0.907494 -0.156933 -0.389648
0.526925 -5.132538 15.789360 22.465166 -0.070883 0.987753 -0.138998 0.992154 0.055428 -0.112066 -0.102989 -0.145851 -0.983931
0.123502 -4.658164 -37.734655 12.603010 -0.042231 0.982134 -0.183384 0.991258 0.018224 -0.130672 -0.124996 -0.187299 -0.974318
-0.800766 -11.957832 -127.601598 -386.597100 0.502919 0.856011 -0.119656 0.366836 -0.336741 -0.867200 0.782626 -0.392237 0.483370
-1.810544 -14.576999 -136.939062 -407.470687 0.490126 0.866719 -0.092598 0.263717 -0.248702 -0.931988 0.830801 -0.432372 0.350464
-2.095042 -11.530850 -47.798236 -351.065638 0.418203 0.904773 -0.080578 0.429040 -0.274939 -0.860426 0.800644 -0.325262 0.503164
-1.143074 -7.819333 -65.695356 -208.608168 0.468611 0.870800 -0.148697 0.452162 -0.381034 -0.806451 0.758916 -0.310676 0.572299
-0.318321 -16.691057 31.807336 -382.396075 0.081644 0.987578 -0.134256 -0.071991 -0.128510 -0.989092 0.994058 -0.090418 -0.060605
0.397302 -12.058598 34.173165 -321.770115 0.094824 0.983028 -0.157051 0.178680 -0.172007 -0.968755 0.979327 -0.063800 0.191958
-0.154603 -12.035765 26.214460 -350.748816 0.091180 0.985542 -0.142808 0.161679 -0.156153 -0.974411 0.982622 -0.065758 0.173579
0.829841 -17.330032 17.582247 -318.407881 0.130428 0.987821 -0.084840 -0.094090 -0.072853 -0.992895 0.986983 -0.137483 -0.083442
0.862961 -12.841294 26.714409 -289.626785 0.116785 0.984189 -0.133166 0.158045 -0.150792 -0.975850 0.980501 -0.092918 0.173156
1.054564 -9.332669 42.716630 113.847090 0.118925 0.971249 -0.206232 0.341518 -0.235046 -0.910010 0.932321 -0.037791 0.359652
0.623393 -8.940585 33.934254 -69.978342 0.105128 0.977954 -0.180426 0.261692 -0.202242 -0.943724 0.959409 -0.051996 0.277184
1.336676 -8.926618 50.866598 64.554031 -0.143971 0.987978 0.056319 0.887546 0.103747 0.448886 -0.437646 -0.114612 0.891813
1.808491 -8.458260 60.556390 51.624338 -0.160104 0.985921 0.048242 0.834532 0.109095 0.540051 -0.527185 -0.126724 0.840248
-0.494391 -11.035554 41.514648 243.566591 0.069997 0.980822 -0.181903 0.423035 -0.194328 -0.885030 0.903406 0.015002 0.428524
-0.135596 -8.711121 38.200093 134.941443 0.098028 0.975062 -0.199109 0.290436 -0.219393 -0.931404 0.951860 -0.033475 0.304700
0.342099 -9.172758 47.411494 153.203170 0.097014 0.972263 -0.212821 0.323800 -0.233030 -0.916979 0.941139 -0.020049 0.337426
0.407130 -11.023171 50.096588 199.843107 0.092785 0.972405 -0.214057 0.463883 -0.232444 -0.854858 0.881024 0.019980 0.472649
-0.361823 -15.238486 16.701800 -53.612677 0.263417 0.959115 -0.103494 0.334988 0.009663 0.942173 -0.904652 0.282853 0.318747
-0.674168 -15.291516 24.438444 -27.932265 0.286174 0.955050 -0.077362 0.102160 0.049866 0.993517 -0.952716 0.292222 0.083298
-1.754063 -14.591335 3.378419 -45.247717 0.053280 0.985928 -0.158453 0.943725 0.002153 0.330725 -0.326413 0.167157 0.930330
-1.037209 -15.278937 -14.498944 -113.271017 -0.090690 -0.979490 0.179931 0.982747 -0.058778 0.175366 -0.161193 0.192731 0.967921
-1.493557 -14.709786 -5.555835 -44.366318 0.081342 0.983186 -0.163489 0.937614 -0.019853 0.347109 -0.338027 0.181524 0.923464
-0.933122 -14.984533 36.360814 -32.296442 0.130271 0.970817 -0.201354 0.947151 -0.061809 0.314777 -0.293145 0.231719 0.927563
2.486147 -2.885869 42.865991 -15.929499 0.406217 0.852662 0.328565 -0.677441 0.522320 -0.517934 0.613239 0.012189 -0.789803
2.121429 -2.674310 32.344817 -3.355784 0.396261 0.859105 0.323906 -0.657681 0.511763 -0.552769 0.640650 -0.006014 -0.767809
0.453353 -40.841392 -4.592561 -618.223360 -0.171893 0.930631 0.323076 0.111571 0.344239 -0.932229 0.978777 0.124198 0.163003
0.357056 -53.421779 -7.856112 -754.883341 -0.178596 0.941042 0.287305 -0.312798 0.222548 -0.923380 0.932878 0.254780 -0.254609
0.902493 -34.711369 -0.653560 -556.493719 -0.122356 0.930045 0.346474 0.136659 0.361560 -0.922279 0.983033 0.065498 0.171339
1.052552 -33.503253 31.779558 -453.847977 -0.126306 0.934819 0.331904 0.019005 0.336802 -0.941384 0.991809 0.112595 0.060307
-9.575270 -253.301176 -206.271396 -9907.241726 -0.670376 0.740795 0.042643 0.682626 0.593168 0.426818 0.290890 0.315238 -0.903332
0.354553 -4.689751 13.463121 -27.989862 0.168907 0.960931 -0.219275 0.985290 -0.170477 0.011882 -0.025963 -0.218056 -0.975591
-0.720853 -6.108337 21.046965 -94.594068 -0.140538 0.959446 -0.244363 0.989215 0.146360 0.005740 0.041273 -0.240921 -0.969667
-0.792913 -7.980796 9.609756 -147.275571 -0.349789 0.899091 -0.263219 0.932439 0.361293 -0.005020 0.090586 -0.247191 -0.964723
2.991668 -91.177949 12.230997 3669.799542 0.097138 0.988830 -0.113044 0.981238 -0.076143 0.177128 -0.166542 0.128129 0.977674
3.855952 -59.097628 44.908123 1273.057528 0.134352 0.978502 -0.156469 0.643335 0.033969 0.764831 -0.753704 0.203419 0.624941
3.526703 -73.772585 1.545748 2401.692390 0.163522 0.980724 -0.106958 0.695463 -0.037700 0.717572 -0.699708 0.191725 0.688223
-8.460089 -9.144992 42.828873 17.156376 0.850685 0.489541 -0.191534 0.269876 -0.094035 0.958292 -0.451113 0.866895 0.212110
-8.593508 -9.425488 9.998922 4.583089 0.727845 0.646075 -0.229843 0.273098 0.034349 0.961373 -0.629014 0.762500 0.151441
-8.428013 -8.925297 41.939041 33.964193 0.775940 0.581045 -0.245568 0.377151 -0.115277 0.918950 -0.505643 0.805666 0.308589
-8.705090 -9.611186 -0.105279 -0.516284 0.790465 0.584514 -0.183052 0.158211 0.093869 0.982933 -0.591721 0.805935 0.018277
-7.861091 -8.725402 61.134192 -11.700986 0.903292 0.231638 0.361120 -0.207493 -0.500861 0.840289 -0.375514 0.833956 0.404360
-8.540287 -9.417613 2.131106 23.978824 0.875976 0.442291 -0.192468 0.213917 0.001415 0.976851 -0.432325 0.896870 0.093374
9.307751 -11.588608 -433.798142 -167.158377 0.454595 -0.652121 -0.606697 0.501108 0.750375 -0.431078 0.736365 -0.108055 0.667900
-0.382249 -7.462521 -42.349290 -16.596438 -0.009022 0.972003 0.234797 0.894156 -0.097277 0.437062 -0.447666 -0.213888 0.868244
-0.503007 -7.548855 -13.324240 14.509221 0.004015 0.977235 0.212123 0.943678 -0.073883 0.322512 -0.330842 -0.198881 0.922491
-0.630259 -7.463636 13.605747 -11.259215 0.013769 0.981627 0.190312 0.884381 -0.100765 0.455760 -0.466563 -0.162032 0.869520
-0.501324 -7.107525 -16.368414 -46.396746 0.011366 0.975191 0.221072 0.817031 -0.136518 0.560199 -0.576482 -0.174255 0.798313
-0.517181 -7.000148 41.212040 -41.273219 0.027003 0.984733 0.171966 0.813051 -0.121718 0.569327 -0.581566 -0.124443 0.803924
-0.370149 -6.229930 -16.480242 -59.407175 0.021834 0.972565 0.231602 0.738452 -0.171852 0.652040 -0.673953 -0.156791 0.721945
-0.297728 -6.259189 37.912966 -48.359647 0.017620 0.985385 0.169427 0.742075 -0.126454 0.658281 -0.670085 -0.114129 0.733458
-0.198952 -5.496640 11.378007 -65.681301 0.027647 0.976559 0.213467 0.671978 -0.176255 0.719291 -0.740055 -0.123559 0.661099
-0.125720 -5.022817 4.423809 -50.505127 0.025332 0.974487 0.223010 0.610303 -0.191760 0.768608 -0.791763 -0.116633 0.599590
-0.240701 -5.512872 -34.506683 -56.566882 0.012192 0.970685 0.240044 0.662167 -0.187719 0.725463 -0.749257 -0.150105 0.645045
2.702527 -16.826578 33.267540 -40.899727 0.429777 0.898732 -0.087020 -0.834342 0.432125 0.342260 -0.345203 0.074492 -0.935567
2.241258 -16.825198 45.044862 89.776368 0.446144 0.891279 -0.081098 -0.720927 0.411603 0.557537 -0.530302 0.190276 -0.826181
2.471975 -16.396880 52.414812 84.887876 0.443961 0.888032 -0.119575 -0.585367 0.388471 0.711643 -0.678413 0.245946 -0.692291
3.266001 -16.864534 32.098273 230.309566 0.409355 0.892167 -0.190965 -0.570390 0.413608 0.709637 -0.712099 0.181569 -0.678195
1.145022 -6.336854 -19.714461 -9.729705 -0.030054 0.979422 -0.199573 -0.969747 -0.076962 -0.231663 0.242255 -0.186573 -0.952104
1.264464 -6.426148 -36.066452 47.316432 -0.024372 0.978412 -0.205224 0.988480 0.054259 0.141292 0.149377 -0.199416 -0.968463
1.084324 -6.459841 -30.784981 54.039523 -0.023452 0.977343 -0.210359 0.981601 0.062396 0.180463 0.189500 -0.202257 -0.960824
-0.794269 -6.895042 -7.480612 61.023543 -0.015456 0.996776 0.078731 0.899768 0.048207 -0.433699 0.436096 -0.064136 0.897612
-0.702039 -6.576290 23.462156 -21.516547 -0.019224 0.999316 0.031578 0.875481 0.032079 -0.482187 0.482870 -0.018376 0.875499
-0.486433 -6.611313 37.028244 -5.415498 -0.040776 0.998977 0.019561 0.860436 0.045059 -0.507562 0.507924 0.003865 0.861393
-0.480912 -6.897720 8.365749 35.624644 -0.016265 0.999555 0.025015 0.887786 0.025947 -0.459525 0.459969 -0.014733 0.887813
0.489996 -37.791832 1.588737 -876.839667 0.131983 0.990875 0.027318 -0.428885 0.081930 -0.899636 0.893666 -0.107020 -0.435785
1.646335 -31.602490 24.654354 -833.000318 0.074878 0.997193 0.000348 -0.093520 0.007369 -0.995590 0.992798 -0.074515 -0.093809
0.861909 -31.403832 -4.854522 -621.722859 0.070038 0.997416 -0.016029 -0.262202 0.002903 -0.965009 0.962468 -0.071790 -0.261728
1.745260 -23.791011 -17.564637 -502.011406 0.061401 0.997869 -0.022056 0.064218 -0.026001 -0.997597 0.996045 -0.059837 0.065678
0.225447 -3.167406 7.824822 -3.351729 0.034213 0.998964 -0.030004 0.993996 -0.030891 0.104966 -0.103931 0.033415 0.994023
0.346161 -3.408866 -1.589700 -18.259323 0.029319 0.999261 -0.024857 0.997292 -0.027565 0.068186 -0.067450 0.026789 0.997363
-1.591210 -5.536140 -210.687927 101.391211 0.057836 0.172245 -0.983355 0.168740 0.969145 0.179680 0.983962 -0.176323 0.026986
0.918767 -4.792554 -161.474432 102.255476 0.066411 0.285686 -0.956019 0.152516 0.943969 0.292680 0.986067 -0.165246 0.019119
1.830678 -6.475109 -190.046074 111.811160 0.076712 0.326075 -0.942226 0.243726 0.910210 0.334838 0.966806 -0.255331 -0.009649
-1.804262 -7.431588 -266.692724 97.479082 0.074400 0.213711 -0.974060 0.285708 0.931252 0.226141 0.955424 -0.295122 0.008226
-0.971735 -26.415979 -26.645079 329.231866 -0.495207 0.863308 -0.097314 0.326671 0.081240 -0.941640 0.805019 0.498096 0.322248
-0.870775 -28.196094 -26.324667 46.944783 -0.486734 0.870321 -0.075037 0.665846 0.314029 -0.676783 0.565455 0.379377 0.732348
-0.533491 -27.755147 -37.316359 142.305022 -0.482746 0.872159 -0.079344 0.441321 0.164014 -0.882233 0.756434 0.460911 0.464079
0.138538 -31.801854 -29.836537 464.967244 -0.594970 0.733934 -0.327646 0.779283 0.626566 -0.011574 0.196798 -0.262215 -0.944730
0.035141 -36.422433 -14.697970 417.859578 -0.609906 0.733924 -0.298949 0.786004 0.512127 -0.346301 -0.101058 -0.446186 -0.889216
-0.514126 -37.036781 -34.101426 655.387465 -0.613678 0.725268 -0.312066 0.789155 0.550817 -0.271726 -0.025183 -0.413021 -0.910373
-0.327035 -35.180389 -23.024850 -721.115218 -0.597318 0.741426 -0.305775 -0.752247 -0.650143 -0.106951 0.278093 -0.166135 -0.946078
-0.488523 -7.235402 15.050201 -19.637420 0.588780 -0.323258 0.740839 0.280453 0.941309 0.187841 -0.758079 0.097173 0.644883
6.548025 -61.784623 227.596835 966.223372 0.661164 -0.710607 0.240623 0.660098 0.398566 -0.636723 -0.356556 -0.579813 -0.732588
27.762116 -230.046663 792.663749 13301.940004 0.782542 -0.582418 0.220040 0.622338 0.721515 -0.303499 -0.018002 -0.374440 -0.927076
7.308164 -62.909871 -10.671120 1550.250801 -0.596422 0.786380 -0.160897 0.798705 0.561526 -0.216237 -0.079697 -0.257478 -0.962992
1.285143 -6.887640 -56.476858 -11.136256 -0.017740 0.975214 0.220553 0.894485 -0.083082 0.439311 -0.446746 -0.205075 0.870840
2.475451 -6.477839 -67.203093 -7.785061 0.001068 0.981408 0.191931 0.891032 -0.088059 0.445318 -0.453940 -0.170542 0.874560
2.231611 -6.704299 -65.122861 -10.804005 -0.026733 0.980842 0.192962 0.926586 -0.048124 0.372990 -0.375130 -0.188767 0.907548
1.932161 -6.451565 -44.005665 -15.870201 0.006445 0.981442 0.191652 0.833510 -0.111158 0.541206 -0.552466 -0.156256 0.818758
1.093606 -7.029583 -53.738116 -1.096593 -0.046924 0.976899 0.208485 0.947201 -0.022759 0.319831 -0.317187 -0.212486 0.924252
0.103083 -7.174006 -53.510960 -26.000255 -0.008355 0.971774 0.235766 0.873875 -0.107514 0.474113 -0.486078 -0.209992 0.848311
0.674351 -6.707273 -50.530100 -45.062025 0.009606 0.971306 0.237638 0.820721 -0.143421 0.553035 -0.571248 -0.189723 0.798549
0.288223 -7.284133 -47.958717 -1.921269 -0.026188 0.975163 0.219933 0.924837 -0.059879 0.375621 -0.379461 -0.213239 0.900299
-0.826502 -5.254661 -31.431275 25.575799 -0.500974 0.863945 -0.051230 0.825526 0.494793 0.271452 -0.259868 -0.093699 0.961088
-0.438740 -5.676719 -36.415352 4.748250 -0.435065 0.900371 -0.007125 0.861387 0.418506 0.287862 -0.262164 -0.119101 0.957646
-0.929547 -4.976735 -18.045102 7.473365 -0.378910 0.925053 -0.026554 0.906185 0.376697 0.192167 -0.187767 -0.048751 0.981003
-1.257882 -4.404775 -8.636670 31.216479 -0.418264 0.905946 -0.065711 0.889546 0.423177 0.172130 -0.183748 -0.013543 0.982880
-0.910427 -5.203403 -17.825288 12.836746 -0.213056 0.976966 0.012003 0.974984 0.211795 0.067451 -0.063356 -0.026073 0.997650
-1.066848 -4.398730 10.244525 2.486337 -0.233245 0.971602 -0.039838 0.967636 0.235961 0.089459 -0.096319 0.017683 0.995193
2.808485 -2.794716 -20.069986 -1.031660 0.150060 0.871152 -0.467522 0.264553 -0.491013 -0.830011 0.952625 -0.000867 0.304147
0.789400 -47.183585 18.400350 -14.981474 0.974600 -0.146575 0.169326 -0.007000 -0.775644 -0.631132 -0.223845 -0.613915 0.756969
-0.480344 -40.628258 72.472992 -827.157835 0.983152 -0.074519 0.166911 0.025339 -0.848752 -0.528184 -0.181026 -0.523515 0.832563
3.404834 -121.799005 323.205608 5032.417545 0.988397 -0.143120 0.050879 -0.001821 -0.346100 -0.938196 -0.151884 -0.927217 0.342345
4.036114 -135.107862 21.537711 5690.010400 0.981280 -0.126293 0.145393 0.103764 -0.289286 -0.951602 -0.162241 -0.948875 0.270766
1.454999 -113.447340 -22.628793 4624.756849 0.975813 -0.136073 0.171096 0.100736 -0.414718 -0.904357 -0.194015 -0.899718 0.390980
-4.226214 -11.723882 -178.307627 211.062429 0.169052 0.941974 0.290012 -0.384091 0.333947 -0.860787 0.907687 -0.034127 -0.418258
-6.360178 -9.376835 -7.930829 4.054838 0.370249 0.915818 0.155545 -0.700067 0.165027 0.694746 -0.610592 0.366121 -0.702235
-6.698569 -9.323928 -26.185894 -1.355981 0.403500 0.898576 0.172480 -0.772751 0.233729 0.590108 -0.489943 0.371392 -0.788685
-1.991092 -7.427101 101.857056 -21.482442 0.121287 0.987729 0.098396 -0.745925 0.025294 0.665549 -0.654893 0.154118 -0.739839
-1.159879 -7.442402 135.147587 -8.498925 0.142730 0.982932 0.116069 -0.660939 0.007363 0.750403 -0.736741 0.183819 -0.650709
2.665119 -7.220453 30.531983 -5.920177 -0.235679 0.959195 0.156207 0.007242 -0.158997 0.987252 -0.971804 -0.233805 -0.030526
2.403728 -7.288923 7.870720 0.781829 -0.291928 0.927754 0.232488 0.003434 -0.242058 0.970256 -0.956434 -0.284043 -0.067478
1.197985 -6.990591 11.458488 6.172925 -0.307165 0.911349 0.274031 -0.117153 -0.321973 0.939472 -0.944418 -0.256470 -0.205666
0.495599 -5.020040 9.243240 22.669799 -0.024689 0.989854 -0.139926 0.999645 0.025852 0.006504 0.010056 -0.139715 -0.990141
0.493957 -5.282923 9.821078 25.575183 -0.057802 0.988291 -0.141207 0.995500 0.046421 -0.082607 -0.075085 -0.145346 -0.986528
0.724406 -4.662190 21.296491 8.268898 0.009544 0.989404 -0.144873 0.994458 0.005778 0.104972 0.104697 -0.145072 -0.983866
1.197837 -7.619904 -38.291224 -61.989198 0.045353 0.979358 -0.196980 -0.901695 0.125006 0.413908 -0.429988 -0.158844 -0.888751
1.191265 -7.661764 -32.672637 83.764780 0.095876 0.970754 -0.220101 -0.926293 0.167961 0.337299 -0.364402 -0.171539 -0.915306
1.430107 -8.227889 -42.952131 -22.733547 0.087769 0.974914 -0.204545 -0.921375 0.157501 0.355333 -0.378635 -0.157275 -0.912086
1.418812 -9.006008 -31.455239 -160.112246 0.018399 0.987824 -0.154487 -0.882739 0.088606 0.461434 -0.469504 -0.127881 -0.873620
0.931691 -8.702109 -27.712797 -163.199943 -0.020875 0.988709 -0.148389 -0.854187 0.059491 0.516552 -0.519547 -0.137535 -0.843300
-0.573661 -18.787186 4.528894 -346.103182 0.100026 0.983748 -0.149113 -0.216972 -0.124693 -0.968181 0.971040 -0.129196 -0.200973
1.898735 -17.781711 37.694130 -319.465675 0.165261 0.985368 -0.041706 -0.074048 -0.029771 -0.996810 0.983466 -0.167822 -0.068045
2.798347 -17.240906 38.813535 -344.246650 0.232184 0.971496 -0.047811 0.047397 -0.060396 -0.997049 0.971516 -0.229233 0.060069
3.466545 -8.183619 134.354615 24.091155 -0.130310 0.990863 0.034772 0.915279 0.106740 0.388420 -0.381160 -0.082441 0.920826
2.711880 -8.054787 130.259400 -53.497768 -0.112684 0.993290 0.026015 0.944108 0.098868 0.314459 -0.309777 -0.059995 0.948915
-0.173283 -15.938347 6.603832 -60.122128 0.263599 0.961176 -0.081586 0.102533 0.056180 0.993142 -0.959168 0.270156 0.083743
-0.567624 -16.011720 -28.643615 -83.122296 -0.086336 -0.979746 0.180677 0.990517 -0.103870 -0.089932 0.106877 0.171199 0.979422
-0.292851 -15.666234 -42.825954 -139.366945 -0.137026 -0.970177 0.199952 0.985776 -0.113725 0.123746 -0.097316 0.214065 0.971960
-1.459504 -15.398375 -19.992096 -131.186221 -0.050504 -0.985122 0.164271 0.988485 -0.025814 0.149098 -0.142639 0.169909 0.975082
-0.459170 -24.162809 -73.541867 85.759982 0.226067 0.973025 -0.045997 -0.058464 -0.033581 -0.997725 0.972356 -0.228242 -0.049295
1.503204 -22.362792 -190.619508 265.395451 0.289364 0.956796 -0.028460 -0.344814 0.076454 -0.935552 0.892957 -0.280529 -0.352040
3.216570 -21.816419 -263.652235 -147.778472 0.338120 0.940764 0.025262 -0.514131 0.207134 -0.832325 0.788254 -0.268438 -0.553712
