11088
22148
-5.943187 -8.039019 -0.537351 171.305353 -0.210093 0.972019 0.105071 -0.883386 -0.142682 -0.446398 0.418916 0.186603 -0.888644
-7.973670 -10.498054 11.854364 213.269414 -0.023068 0.956273 0.291566 -0.846450 0.136504 -0.514673 0.531968 0.258668 -0.806288
-4.991351 -11.169294 -112.248569 331.527119 0.105747 0.969391 0.221582 -0.865801 0.199356 -0.458962 0.489088 0.143312 -0.860381
-6.075275 -8.298293 21.108161 108.445977 -0.580319 0.812814 -0.050639 -0.681333 -0.518627 -0.516538 0.446112 0.265255 -0.854765
-3.922662 -7.970987 -104.779858 220.219916 -0.009211 0.995070 0.098747 -0.928976 0.028027 -0.369078 0.370026 0.095133 -0.924138
-4.246650 -6.216230 -4.386181 66.994808 -0.626466 0.769067 -0.126792 -0.689945 -0.622828 -0.368864 0.362651 0.143601 -0.920795
-4.126055 -8.394170 -128.427234 37.122438 0.194525 0.890210 -0.411929 -0.522293 -0.261468 -0.811693 0.830283 -0.373042 -0.414088
-5.389756 -8.860149 6.308312 -34.892210 0.005227 0.855637 -0.517550 -0.408829 -0.470498 -0.781979 0.912596 -0.215677 -0.347350
-4.761374 -8.435145 -124.786635 -31.941192 0.173720 0.868482 -0.464286 -0.385495 -0.373862 -0.843576 0.906209 -0.325526 -0.269848
-5.167171 -8.018390 -49.018571 -80.471651 0.087076 0.857706 -0.506713 -0.244459 -0.474696 -0.845520 0.965742 -0.197495 -0.168339
-0.708522 -8.400759 -9.979519 65.697892 0.012870 0.994880 -0.100236 -0.847303 0.064080 0.527230 -0.530954 -0.078145 -0.843790
-1.212030 -8.753466 -17.701522 26.952798 -0.064299 0.994804 -0.078933 -0.919885 -0.028420 0.391158 -0.386882 -0.097761 -0.916932
-0.462327 -7.939563 6.884310 26.065286 0.046678 0.992244 -0.115208 -0.859475 0.098668 0.501565 -0.509042 -0.075606 -0.857414
-0.318751 -7.516388 13.857644 37.174664 0.075590 0.989798 -0.120769 -0.794422 0.132979 0.592631 -0.602645 -0.051145 -0.796369
1.198198 -6.968886 178.590900 19.146720 -0.091856 0.274990 0.957049 -0.524089 0.803873 -0.281279 -0.846695 -0.527416 0.070279
-0.325373 -6.416515 127.969725 36.399145 -0.146434 0.268907 0.951970 -0.373201 0.876213 -0.304914 -0.916121 -0.399926 -0.027951
-2.024420 -7.308970 101.154166 47.094631 -0.271963 0.441315 0.855147 -0.391288 0.761149 -0.517248 -0.879164 -0.475282 -0.034323
-2.893523 -6.661831 72.543885 45.336654 -0.312471 0.489502 0.814094 -0.240193 0.788444 -0.566272 -0.919059 -0.372483 -0.128791
-0.352844 -7.697436 -21.379374 -45.388894 -0.572383 0.819698 -0.021735 -0.385909 -0.245898 0.889162 -0.723499 -0.517329 -0.457077
-0.239527 -8.297705 -4.690039 -63.674264 -0.571480 0.820613 -0.002349 -0.289333 -0.198813 0.936354 -0.767917 -0.535787 -0.351048
0.314210 -8.011777 25.370349 -38.682738 -0.564032 0.825651 0.012970 -0.318195 -0.231811 0.919247 -0.761984 -0.514358 -0.393467
1.065435 -6.340744 2.175722 19.733134 -0.513923 0.842033 0.163902 0.787300 0.538848 -0.299669 0.340649 0.024967 0.939859
1.012373 -6.643464 6.299609 9.681364 -0.502183 0.854242 0.134473 0.816145 0.519590 -0.252852 0.285867 0.017229 0.958114
0.753054 -6.701468 15.228248 -13.946014 -0.475449 0.872717 0.110963 0.793153 0.479796 -0.375105 0.380600 0.090332 0.920317
1.245200 -6.810220 -2.989526 27.254661 -0.520974 0.837956 0.162528 0.819260 0.544327 -0.180334 0.239581 -0.039204 0.970085
0.104669 -4.248926 -36.780147 11.989381 0.091858 0.947474 -0.306358 -0.103985 0.315104 0.943343 -0.990328 0.054797 -0.127468
-0.148070 -4.853709 -49.476027 25.797968 0.067950 0.965023 -0.253208 -0.157439 0.260986 0.952418 -0.985188 0.024852 -0.169666
0.564239 -4.291442 2.006706 7.246648 0.116056 0.950300 -0.288895 -0.163407 0.305166 0.938175 -0.979709 0.061674 -0.190702
0.193601 -4.951607 -33.911934 36.482452 0.070857 0.971045 -0.228147 -0.209641 0.238111 0.948343 -0.975208 0.019368 -0.220443
0.371827 -3.358390 13.343149 45.538025 0.126350 0.938916 -0.320114 -0.063294 0.329673 0.941971 -0.989964 0.098757 -0.101081
0.473130 -3.972761 38.305301 15.662289 0.153196 0.958684 -0.239699 -0.127841 0.259750 0.957176 -0.979892 0.115992 -0.162352
0.650258 -4.576365 -9.586324 19.438072 0.100230 0.965333 -0.241010 -0.246427 0.258768 0.933977 -0.963964 0.034221 -0.263821
0.872078 -4.247083 29.340258 -16.729970 0.150115 0.948576 -0.278691 -0.213814 0.306362 0.927591 -0.965272 0.079657 -0.248808
-3.911688 -5.269886 82.872900 19.117941 -0.098970 0.954977 0.279687 -0.046914 0.276276 -0.959933 0.993984 0.108126 -0.017458
-5.483937 -5.900019 55.054734 -36.744366 0.003500 0.983118 -0.182939 -0.010208 -0.182896 -0.983079 0.999942 -0.005308 -0.009396
-4.806228 -5.958663 83.606831 -51.446479 -0.097819 0.948504 -0.301284 -0.078730 -0.309162 -0.947745 0.992085 0.068987 -0.104918
-3.441770 -5.103121 87.823213 -8.807580 -0.147958 0.988718 -0.023354 -0.087341 -0.036584 -0.995507 0.985129 0.145253 -0.091768
-2.429181 -4.580394 70.685292 22.576620 -0.163767 0.954133 0.250622 -0.065231 0.243022 -0.967825 0.984340 0.174846 -0.022440
-0.306409 -7.958425 -54.111941 67.091546 -0.329610 0.944003 -0.014690 -0.881197 -0.313191 -0.354124 0.338895 0.103778 -0.935083
-0.434823 -6.757087 -5.954377 32.936128 -0.305124 0.951776 0.031981 -0.930387 -0.290766 -0.223239 0.203175 0.097870 -0.974239
-0.642328 -7.499460 -39.343479 74.641517 -0.300747 0.953504 0.019517 -0.920175 -0.284734 -0.268710 0.250659 0.098773 -0.963023
-2.764041 -25.768299 17.477165 138.882730 0.382575 0.879597 0.282746 0.064172 0.279991 -0.957856 0.921693 -0.384596 -0.050672
-2.413027 -26.879622 73.496271 47.859491 0.299883 0.919927 0.252596 0.298274 0.161091 -0.940788 0.906147 -0.357469 0.226082
-2.968002 -27.279829 42.375402 10.380412 0.365297 0.892391 0.264947 0.368962 0.122507 -0.921335 0.854649 -0.434316 0.284507
-1.155464 -27.785545 -130.281264 328.466214 0.435252 0.854781 0.282674 -0.166275 0.384894 -0.907860 0.884821 -0.348146 -0.309655
-2.301867 -23.093215 14.625881 266.041694 0.374856 0.880905 0.288945 -0.266754 0.400977 -0.876390 0.887877 -0.251443 -0.385294
-1.881583 -10.036766 22.993896 -155.799014 0.228687 0.354653 0.906600 0.906482 0.261983 -0.331143 -0.354955 0.897544 -0.261574
-2.199366 -9.654880 0.785100 -140.894728 0.133404 0.393738 0.909491 0.929389 0.268971 -0.252766 -0.344151 0.878991 -0.330054
-2.388154 -7.670249 14.966103 -76.957949 0.241374 0.385258 0.890682 0.858217 0.343690 -0.381236 -0.452993 0.856419 -0.247677
-4.939011 -133.611660 35.219450 -5418.650777 0.780353 -0.556343 0.285538 0.583419 0.812080 -0.012179 -0.225104 0.176093 0.958290
-12.111095 -247.419097 -21.044868 11424.152913 0.866450 -0.473109 0.159474 -0.339722 -0.792756 -0.506090 -0.365860 -0.384325 0.847609
-3.560875 -158.499073 28.244880 5677.732543 0.787826 -0.576051 0.217932 -0.613592 -0.764686 0.196875 -0.053239 0.288825 0.955901
-25.112806 -238.290079 9.143355 -5563.213288 0.757080 -0.573933 0.312139 -0.609990 -0.449867 0.652328 0.233972 0.684266 0.690679
-1922.134639 -23740.415719 -676951.871159 -894714.397061 0.284063 0.176962 -0.942333 0.894879 -0.401792 0.194305 -0.344238 -0.898469 -0.272494
-7.803900 -427.915047 -563.587879 -15397.493614 0.823481 -0.434712 0.364561 0.151332 0.787597 0.597318 -0.546789 -0.436711 0.714357
394.746402 -481.857526 -30885.267038 926042.163184 0.772014 -0.392976 0.499564 0.593347 0.163781 -0.788108 -0.227889 -0.904845 -0.359613
-11.292632 -20.544571 500.951415 -160.756273 0.068501 0.997630 0.006450 0.026701 0.004629 -0.999633 0.997294 -0.068649 0.026321
-2.252164 -19.653735 141.071779 -338.011467 0.133676 0.990771 0.022435 0.128039 0.005182 -0.991756 0.982719 -0.135447 0.126165
-9.075787 -19.097980 350.381603 -444.923263 0.062092 0.997601 0.030601 0.367249 0.005673 -0.930105 0.928048 -0.068991 0.366016
-17.782190 -23.102930 492.541974 -627.711804 0.260514 0.909627 -0.323590 0.218837 -0.382074 -0.897847 0.940342 -0.163088 0.298596
4.775712 -129.600043 147.349797 -4737.248476 0.661137 0.741469 -0.114544 -0.425500 0.496302 0.756726 -0.617938 0.451561 -0.643619
3.327486 -106.277921 -41.916491 -4742.803051 0.510692 0.848511 -0.138646 -0.437958 0.395508 0.807320 -0.739856 0.351570 -0.573595
18.133608 -517.091356 -61.418217 -26654.739497 0.508726 0.857779 -0.073577 -0.569689 0.399475 0.718244 -0.645486 0.323473 -0.691891
1.687678 -144.214731 394.224541 -6238.835892 0.705323 0.706972 -0.052063 -0.523118 0.568647 0.634814 -0.478401 0.420514 -0.770909
0.103685 -197.007347 193.237738 -9294.138430 0.666931 0.741314 -0.075206 -0.310575 0.368312 0.876293 -0.677308 0.561070 -0.475873
1.738902 -19.807025 33.029706 -382.395036 0.583964 0.808342 -0.074630 -0.632215 0.510532 0.582805 -0.509207 0.293155 -0.809178
1.809001 -95.359109 139.030515 -3674.787730 0.890278 -0.409643 -0.198990 -0.223246 -0.011710 -0.974692 -0.396946 -0.912171 0.101876
-2.303028 -69.382145 104.257113 -2611.052049 0.856076 -0.410354 -0.314236 -0.302460 0.095257 -0.948390 -0.419109 -0.906938 0.042569
-0.605487 -64.970892 125.459037 -2073.486100 0.871399 -0.415511 -0.260797 -0.116196 0.341673 -0.932608 -0.476616 -0.842977 -0.249453
0.671137 -4.005791 -12.949982 18.865322 -0.209399 -0.052041 0.976444 0.108293 0.991206 0.076051 -0.971815 0.121667 -0.201922
0.991316 -4.474397 -31.247675 22.874443 -0.234762 -0.090447 0.967836 0.016832 0.995134 0.097081 -0.971907 0.039082 -0.232098
0.049315 -4.135782 -56.510500 18.458705 -0.245564 -0.139616 0.959274 0.079182 0.983378 0.163394 -0.966141 0.116081 -0.230427
-0.232460 -3.562778 -28.448005 16.907986 -0.230777 -0.121660 0.965371 0.171778 0.971474 0.163494 -0.957723 0.203560 -0.203295
4.044802 -8.172830 37.294511 -199.656085 0.277650 0.469380 -0.838208 -0.638797 0.741880 0.203842 0.717530 0.478848 0.505822
3.135984 -9.614262 -5.706230 -236.376564 0.166352 0.491856 -0.854637 -0.694996 0.673322 0.252228 0.699506 0.552010 0.453846
3.475256 -5.695667 -1.012128 -105.386732 0.208389 0.468034 -0.858789 -0.634153 0.733140 0.245675 0.744596 0.493408 0.449583
3.086793 -3.807193 -26.966546 -33.759858 0.217254 0.446363 -0.868079 -0.590332 0.768333 0.247331 0.777373 0.458721 0.430426
3.852062 -4.390125 31.392988 -46.564631 0.244649 0.500011 -0.830744 -0.627015 0.735113 0.257800 0.739594 0.457819 0.493359
-0.509414 -12.277469 -6.112254 -145.650258 0.006764 -0.509938 0.860184 0.999116 0.039138 0.015345 -0.041491 0.859320 0.509752
-1.484126 -10.194259 2.533164 -124.233536 0.056291 -0.513416 0.856292 0.970107 0.230903 0.074672 -0.236059 0.826491 0.511066
-1.042889 -12.264437 -9.119737 -140.977354 0.107281 -0.524145 0.844845 0.993254 0.094124 -0.067731 -0.044019 0.846412 0.530707
-1.760958 -9.826334 0.285438 -111.883276 0.138839 -0.526760 0.838599 0.956502 0.290716 0.024252 -0.256570 0.798754 0.544210
-1.890097 -12.196620 -28.936113 -141.554400 0.159588 -0.534127 0.830205 0.983376 0.159811 -0.086215 -0.086626 0.830162 0.550751
4.158650 -7.873159 76.943248 -0.060391 -0.123740 0.991114 -0.048808 -0.286177 0.011454 0.958108 -0.950153 -0.132524 -0.282217
5.145377 -7.896708 60.689673 7.848518 -0.180352 0.979093 -0.094070 -0.421627 0.009452 0.906720 -0.888653 -0.203191 -0.411107
3.642529 -8.122136 100.089717 14.581162 -0.068829 0.997173 -0.030154 -0.441219 -0.003318 0.897393 -0.894756 -0.075071 -0.440200
5.270423 -7.808746 40.353711 0.428985 -0.204339 0.973322 -0.104358 -0.286638 0.042441 0.957098 -0.935994 -0.225486 -0.270319
2.973440 -8.035475 98.964094 -9.430601 -0.029970 0.999549 0.002060 -0.296380 -0.010855 0.955008 -0.954600 -0.028011 -0.296571
3.117583 -7.957690 75.907566 -12.020818 -0.065675 0.997730 -0.014865 -0.146462 0.005097 0.989203 -0.987034 -0.067143 -0.145795
4.177206 -7.935064 45.148640 -12.229748 -0.174056 0.981005 -0.085640 -0.170367 0.055657 0.983808 -0.969886 -0.185827 -0.157444
0.145990 -4.642509 -31.414815 -28.641990 0.060797 0.966457 0.249529 0.118773 -0.255220 0.959560 -0.991058 0.028701 0.130306
0.079851 -4.476173 -40.979893 -39.872834 0.056991 0.949785 0.307670 0.001355 -0.308245 0.951306 -0.998374 0.053799 0.018854
0.495002 -4.234395 6.749775 -31.490731 0.096817 0.951104 0.293306 0.043825 -0.298479 0.953410 -0.994337 0.079452 0.070580
0.575163 -4.069064 37.157194 -5.104336 0.125052 0.941654 0.312488 -0.013675 -0.313295 0.949557 -0.992056 0.123018 0.026302
0.371708 -4.120223 28.326602 3.572122 0.127702 0.952857 0.275238 0.028467 -0.280917 0.959310 -0.991404 0.114671 0.062998
0.364580 -4.314042 18.949427 -9.076778 0.112470 0.955194 0.273780 0.100249 -0.285030 0.953262 -0.988585 0.079767 0.127815
0.256754 -11.396902 -67.644947 143.569684 0.646811 0.758583 0.078655 -0.382076 0.411572 -0.827421 0.660040 -0.505133 -0.556046
0.044149 -9.242529 -70.796132 -28.806674 0.604114 0.796458 0.026465 -0.532721 0.428322 -0.729896 0.592668 -0.426842 -0.683045
-1.065374 -9.709803 -90.487505 140.610060 0.650471 0.756549 0.067235 -0.427882 0.438143 -0.790536 0.627538 -0.485452 -0.608714
-2.440391 -12.474433 -7.989122 -41.261928 0.369847 0.911907 0.177873 -0.074017 -0.161920 0.984024 -0.926140 0.377104 -0.007611
-2.294866 -13.029327 -31.123409 -52.510912 0.323551 0.929584 0.176601 0.051744 -0.203744 0.977656 -0.944795 0.307184 0.114022
-2.399806 -12.920256 -11.053134 -55.556460 0.380034 0.907483 0.179022 0.083365 -0.226359 0.970470 -0.921208 0.353888 0.161676
-2.197679 -13.504104 -22.083721 -23.374647 0.329050 0.925035 0.189833 0.271942 -0.285337 0.919038 -0.904308 0.250786 0.345446
-2.647734 -12.661947 -0.203549 -37.165593 0.417200 0.890642 0.180835 -0.092107 -0.156517 0.983371 -0.904135 0.426918 -0.016736
-2.450303 -13.243726 -13.774258 -36.637861 0.393421 0.901345 0.181099 0.259655 -0.297902 0.918604 -0.881929 0.314375 0.351240
-2.707040 -13.016157 -1.549061 -52.180766 0.428569 0.888125 0.166021 0.100577 -0.229504 0.968097 -0.897894 0.398198 0.187683
-4.591413 -23.795954 141.878941 -53.487540 0.081323 0.987204 -0.137168 0.097558 0.129079 0.986824 -0.991902 0.093633 0.085813
-4.773244 -24.660598 72.600581 -321.034409 -0.018125 0.991821 -0.126347 -0.272031 0.116708 0.955185 -0.962118 -0.051683 -0.267691
-5.382708 -23.479152 3.141253 -112.606259 -0.110006 0.984206 -0.138701 -0.014178 0.137980 0.990334 -0.993830 -0.110909 0.001225
-3.323524 -24.460880 139.379956 -235.758836 0.113336 0.989749 -0.086900 -0.232809 0.111484 0.966112 -0.965896 0.089264 -0.243057
-3.672928 -13.995228 -34.583969 -5.162035 0.405374 0.903916 -0.136407 0.838226 -0.427084 -0.339082 0.364759 -0.023115 0.930815
-3.809799 -13.714986 -28.914047 17.777912 0.418219 0.884873 -0.205166 0.726584 -0.461439 -0.509067 0.545131 -0.063831 0.835917
-4.378418 -13.871517 -19.120416 -9.461640 0.397233 0.886929 -0.235716 0.836315 -0.455610 -0.304953 0.377866 0.075996 0.922736
-4.305871 -13.677382 -29.064172 -31.559436 0.402793 0.899355 -0.170054 0.896310 -0.425213 -0.125786 0.185435 0.101756 0.977374
-2.349939 -55.788440 -4.970407 2254.296944 -0.153508 0.931535 -0.329664 0.923019 0.016062 -0.384419 -0.352804 -0.363298 -0.862290
-3.331373 -63.762421 -161.422313 2935.443450 -0.206756 0.924865 -0.319180 0.959255 0.127415 -0.252179 -0.192563 -0.358315 -0.913526
-1.692150 -21.485998 65.565971 1105.541977 -0.014739 0.941587 -0.336447 0.999880 0.012248 -0.009526 -0.004849 -0.336547 -0.941654
-2.623354 -88.293244 -258.038204 5356.792977 -0.247049 0.898453 -0.362973 0.968326 0.214906 -0.127120 -0.036206 -0.382881 -0.923088
1.644137 -7.059968 -55.721943 6.820082 0.072414 0.967524 0.242186 0.739837 -0.214955 0.637523 -0.668878 -0.133013 0.731376
1.181920 -7.034803 -53.066495 -11.180906 0.085269 0.961118 0.262643 0.642279 -0.254547 0.722968 -0.761713 -0.107043 0.639011
2.680372 -6.650925 -70.204317 -10.172978 0.101975 0.967746 0.230365 0.650338 -0.240088 0.720707 -0.752769 -0.076321 0.653845
-0.369409 -5.302734 -11.438123 -60.020884 0.163544 0.983483 -0.077556 0.061865 0.068236 0.995749 -0.984594 0.167646 0.049684
0.025067 -4.505636 -16.068390 -45.027147 0.164336 0.986114 0.023937 -0.031195 -0.019059 0.999332 -0.985911 0.164973 -0.027630
0.320193 -5.126018 -67.678721 -47.306262 0.143284 0.989595 0.013119 0.064967 -0.022632 0.997631 -0.987547 0.142092 0.067534
-3.343766 -9.637174 34.527787 381.976934 -0.918108 -0.353916 -0.178386 -0.358486 0.933509 -0.007034 0.169015 0.057491 -0.983935
-5.302962 -26.596883 -91.248607 999.106000 -0.964508 -0.064390 -0.256084 -0.042472 0.995016 -0.090222 0.260617 -0.076143 -0.962435
-8.230598 -23.733817 -221.376638 948.052723 -0.976189 -0.029602 -0.214892 -0.045915 0.996396 0.071324 0.212007 0.079492 -0.974030
-3.643645 -8.361199 -146.560394 34.898055 -0.723838 -0.666897 -0.176939 -0.672581 0.739210 -0.034689 0.153929 0.093896 -0.983610
-7.447803 -10.295400 46.337184 116.944573 -0.461658 0.884644 0.065400 -0.681835 -0.306725 -0.664094 0.567427 0.351177 -0.744783
-8.995311 -11.649898 71.279281 108.345172 -0.098159 0.935869 0.338399 -0.727320 0.164627 -0.666261 0.679243 0.311524 -0.664517
-6.583627 -12.152786 -85.686934 173.114697 0.098525 0.946468 0.307393 -0.742544 0.275569 -0.610484 0.662511 0.168105 -0.729945
-4.779911 -8.773409 17.004033 51.553497 0.003482 0.894346 -0.447362 -0.575941 -0.363922 -0.732020 0.817484 -0.260203 -0.513823
-5.042338 -9.206443 100.505956 -40.872181 -0.148410 0.848032 -0.508739 -0.425594 -0.519130 -0.741198 0.892661 -0.106515 -0.437962
-5.374568 -8.583993 51.635034 -100.098607 -0.095771 0.820449 -0.563641 -0.260430 -0.567173 -0.781339 0.960731 -0.071959 -0.267988
-0.527211 -8.564884 -13.979971 41.782682 0.059503 0.988997 -0.135441 -0.907272 0.110167 0.405859 -0.416314 -0.098732 -0.903844
-6.117561 -14.248304 -32.867231 369.328641 -0.612339 0.786739 0.077994 -0.752273 -0.610157 0.248582 -0.243158 -0.093544 -0.965466
2.539885 -6.418892 102.012230 -7.704896 -0.104981 0.103515 0.989072 -0.498137 0.855327 -0.142390 -0.860720 -0.507641 -0.038229
-2.274089 -6.019509 90.828336 32.993883 -0.238859 0.406543 0.881856 -0.208725 0.865420 -0.455502 -0.948357 -0.292866 -0.121857
-0.481400 -5.869570 116.586132 24.466510 -0.143766 0.243888 0.959088 -0.272405 0.921963 -0.275281 -0.951382 -0.300837 -0.066111
1.203542 -6.020631 84.007701 9.129876 -0.120916 0.106993 0.986880 -0.352293 0.924834 -0.143430 -0.928046 -0.365014 -0.074134
-0.584224 -6.758038 5.523618 12.041782 -0.526438 0.849045 -0.044568 -0.581783 -0.321509 0.747101 -0.619993 -0.419231 -0.663214
-0.495808 -6.924734 -14.570463 10.630130 -0.539509 0.839343 -0.066584 -0.561030 -0.299394 0.771757 -0.627834 -0.453725 -0.632422
-0.520644 -7.162842 -11.535126 -6.956081 -0.544150 0.837714 -0.046222 -0.496935 -0.277424 0.822248 -0.675985 -0.470396 -0.567250
-0.346209 -7.580353 -2.828179 -12.066465 -0.543815 0.837726 -0.049809 -0.475656 -0.258790 0.840701 -0.691387 -0.480878 -0.539203
0.701907 -5.545111 -16.970257 8.133856 -0.502234 0.836834 0.217878 0.710820 0.543007 -0.447077 0.492438 0.069665 0.867555
0.798509 -6.088646 -10.551692 13.592364 -0.498477 0.844962 0.193805 0.750658 0.532535 -0.391049 0.433629 0.049448 0.899734
0.611901 -6.042720 -8.981911 -10.909297 -0.476493 0.860054 0.182378 0.700335 0.496714 -0.512647 0.531493 0.116547 0.839006
0.436417 -5.660109 -15.138965 -17.332360 -0.482200 0.851743 0.204980 0.680197 0.511456 -0.525114 0.552101 0.113784 0.825977
0.250817 -6.472020 -3.772680 -44.978288 -0.441326 0.885377 0.146078 0.661089 0.430873 -0.614255 0.606788 0.174516 0.775469
0.442814 -6.664566 1.027049 -48.583849 -0.432979 0.892718 0.124838 0.695687 0.419011 -0.583481 0.573192 0.165787 0.802475
-0.894621 -4.616021 -69.913309 29.152905 0.070686 0.951300 -0.300055 -0.070902 0.304838 0.949761 -0.994976 0.045860 -0.088997
-1.066435 -5.327431 -84.250977 41.194626 0.040955 0.978524 -0.202024 -0.164488 0.206038 0.964620 -0.985528 0.006275 -0.169394
-0.513248 -5.287528 -60.204530 49.338943 0.038264 0.983909 -0.174527 -0.238802 0.178598 0.954503 -0.970314 -0.005154 -0.241793
-0.103311 -6.849790 -8.557068 14.143822 -0.358111 0.933618 0.010666 -0.880246 -0.333786 -0.337274 0.311325 0.130170 -0.941346
-0.545835 -6.318668 20.593380 -10.965907 -0.348081 0.936593 0.040399 -0.911549 -0.328082 -0.247874 0.218903 0.123106 -0.967949
-0.636093 -6.146834 17.126827 17.403301 -0.309484 0.949265 0.055814 -0.946578 -0.301952 -0.113208 0.090612 0.087868 -0.992002
1.318187 -13.648388 -22.739297 97.109234 -0.535674 0.842071 0.063008 0.753801 0.443224 0.485115 -0.380575 -0.307359 0.872177
0.923881 -11.615657 2.629367 99.437309 -0.541171 0.838589 0.062476 0.798772 0.489406 0.349921 -0.262864 -0.239271 0.934694
1.238569 -12.747928 0.832254 61.184329 -0.565169 0.824231 0.035041 0.705826 0.461118 0.537755 -0.427076 -0.328655 0.842373
1.721369 -14.017927 -30.488163 28.212631 -0.575144 0.817462 0.031082 0.607906 0.401664 0.684921 -0.547412 -0.412822 0.727954
1.485983 -13.259873 19.681968 16.519320 -0.577288 0.816539 0.001575 0.598831 0.422057 0.680639 -0.555103 -0.393868 0.732617
1.058818 -23.944307 -83.683157 126.509485 0.328038 0.908023 0.260550 -0.729872 0.418722 -0.540332 0.599732 0.012919 -0.800097
-1.041779 -21.422602 -21.007272 9.168681 0.335877 0.903642 0.265740 -0.660464 0.427098 -0.617555 0.671546 -0.031911 -0.740276
-0.051730 -25.103899 -124.560244 165.212136 0.385879 0.877965 0.283329 -0.473843 0.452128 -0.755681 0.791562 -0.157348 -0.590484
-1.894440 -23.622431 -30.713555 191.951967 0.381345 0.878509 0.287746 -0.443191 0.446906 -0.777083 0.811269 -0.168810 -0.559773
3.388739 -26.332403 -321.601380 -61.436711 0.445735 0.849752 0.281500 -0.224541 0.410549 -0.883759 0.866546 -0.330714 -0.373800
-2.673295 -7.274993 7.368625 -58.325635 0.174329 0.411006 0.894809 0.856463 0.385108 -0.343748 -0.485881 0.826296 -0.284876
-2.004277 -9.909706 -4.939906 -149.353213 0.022638 0.411895 0.910950 0.958004 0.251600 -0.137571 -0.285860 0.875808 -0.388901
-2.521490 -7.682390 -3.038424 -79.246924 0.048656 0.417425 0.907408 0.907279 0.361456 -0.214926 -0.417704 0.833730 -0.361134
-8.953013 -35.515938 74.125788 1321.825026 0.871009 -0.106556 0.479572 0.216716 -0.792735 -0.569742 -0.440883 -0.600181 0.667387
-10.999535 -74.669884 191.172774 4104.679371 0.973379 -0.210750 0.090095 -0.056354 -0.601081 -0.797199 -0.222164 -0.770900 0.596956
-8.479281 -171.276268 -24.267798 7280.535843 0.865943 -0.432459 0.251240 -0.104866 -0.648164 -0.754245 -0.489025 -0.626787 0.606624
-1687.297103 -50465.786402 -36893.468575 -2513449.727612 0.586835 -0.709868 0.389503 0.805359 0.461930 -0.371508 0.083799 0.531703 0.842775
-1.559365 -207.572980 -297.706277 -9950.520005 0.803900 -0.504738 0.314618 0.534988 0.844778 -0.011712 -0.259871 0.177732 0.949146
7.644488 -6.104485 572.329558 -15.433617 0.578157 0.742514 -0.338242 -0.668543 0.668749 0.325309 -0.467745 -0.038049 -0.883044
0.809026 -6.397670 60.201562 63.732907 0.268790 0.923562 -0.273468 -0.744684 0.379330 0.549140 -0.610900 -0.056044 -0.789722
14.186385 -2.022300 -820.396267 -3.492744 -0.746817 -0.280387 0.603032 -0.222973 0.959859 0.170160 -0.626536 -0.007381 -0.779358
-17.115059 -21.919932 -610.493546 -347.471491 0.780382 0.623443 0.048200 0.166701 -0.133132 -0.976978 0.602673 -0.770451 0.207822
-15.920765 -23.519391 -829.222159 178.470792 0.860549 0.446452 -0.245225 -0.251340 -0.046561 -0.966778 0.443038 -0.893595 -0.072143
-16.895600 -22.678773 -440.408187 278.241565 0.691200 0.663153 -0.287177 -0.330313 -0.063530 -0.941731 0.642756 -0.745783 -0.175136
-15.398961 -21.591127 73.976094 -269.981574 0.494712 0.862093 -0.109795 0.046818 -0.152592 -0.987180 0.867795 -0.483230 0.115850
-5.741542 -69.766696 199.303677 -2237.098649 0.854363 -0.417194 -0.309858 -0.147541 0.376990 -0.914391 -0.498292 -0.826939 -0.260533
-9.022326 -79.976028 283.520407 -2708.894199 0.858435 -0.443875 -0.257032 -0.259428 0.056556 -0.964105 -0.442479 -0.894302 0.066604
-4.677725 -32.548492 167.140614 382.418019 0.916257 -0.383342 -0.116286 -0.193030 -0.168136 -0.966680 -0.351017 -0.908174 0.228052
-1.712313 -11.490263 -682.442765 -148.035400 0.107306 0.987989 0.111188 0.238529 0.082985 -0.967583 0.965189 -0.130349 0.226759
-6.387764 -10.102821 -80.565437 -7.205365 -0.193198 0.978704 0.069382 0.141302 0.097731 -0.985131 0.970932 0.180521 0.157174
-5.450135 -9.162557 -150.210239 75.004140 -0.097100 0.994805 0.030565 0.295107 0.058106 -0.953696 0.950517 0.083583 0.299216
6.777777 -13.904196 -878.590157 -466.382421 0.146346 0.954397 0.260208 0.376331 0.189549 -0.906888 0.914854 -0.230643 0.331429
4.309324 -19.185923 -591.125236 -746.718318 0.038078 0.999004 -0.023280 0.292851 -0.033430 -0.955573 0.955399 -0.029569 0.293832
2.016584 -13.073470 36.911201 280.787344 -0.190771 -0.514631 0.835919 0.803567 -0.570975 -0.168131 0.563814 0.639643 0.522466
1.491510 -12.939202 -5.083182 202.362843 -0.076163 -0.490106 0.868329 0.842552 -0.497331 -0.206804 0.533202 0.715862 0.450818
2.991729 -11.337104 11.296799 -287.336883 0.244425 0.480652 -0.842158 -0.721996 0.669965 0.172826 0.647285 0.565792 0.510785
19.640553 -32.638360 1042.953356 -927.259708 0.288510 0.956845 0.034777 -0.909464 0.262504 0.322439 -0.299395 0.124655 -0.945951
2.664415 -29.209134 298.527219 -811.090349 0.189905 0.980912 -0.041814 -0.920065 0.192666 0.341117 -0.342662 0.026308 -0.939090
4.786412 -28.612171 384.482369 -435.587232 0.227695 0.970806 -0.075435 -0.786807 0.229072 0.573116 -0.573664 0.071143 -0.815995
-2.203584 -27.501333 16.479584 -191.284761 0.093356 0.994856 -0.039327 -0.690080 0.093128 0.717716 -0.717686 0.039864 -0.695224
10.871454 -27.838771 604.234754 -293.033602 0.304352 0.949765 -0.072914 -0.708889 0.276962 0.648666 -0.636275 0.145735 -0.757572
1.692981 -27.909798 140.348320 183.302949 0.158372 0.984266 -0.078348 -0.517335 0.150303 0.842481 -0.841001 0.092893 -0.532999
5.479547 -7.789716 -1.432678 -3.309790 -0.271907 0.947892 -0.166036 -0.382614 0.051825 0.922454 -0.882991 -0.314349 -0.348585
5.893698 -7.742711 6.169211 -6.908706 -0.250526 0.954001 -0.164678 -0.527359 0.008170 0.849603 -0.811868 -0.299692 -0.501054
-0.103570 -7.631538 -12.406447 -69.123827 0.073140 0.979597 0.187188 0.971877 -0.112133 0.207077 -0.223842 -0.166779 0.960250
0.084888 -6.941763 -18.252991 -38.243514 0.051036 0.979795 0.193383 0.949018 -0.107891 0.296184 -0.311064 -0.168408 0.935349
0.093072 -8.125159 -24.421084 -75.608117 0.084897 0.974253 0.208862 0.965336 -0.132349 0.224968 -0.246818 -0.182523 0.951717
0.185248 -13.011666 32.452347 130.877475 0.538686 0.841872 0.032692 0.810814 -0.528575 0.251375 -0.228906 0.108905 0.967338
0.913549 -13.471573 26.669813 153.243755 0.532097 0.845580 0.043200 0.803818 -0.520530 0.287968 -0.265987 0.118502 0.956665
0.535677 -14.159289 32.734683 116.630594 0.546385 0.835984 0.050944 0.732962 -0.506711 0.453884 -0.405253 0.210655 0.889603
0.666352 -11.830736 22.408810 61.176829 0.537253 0.842955 0.028032 0.836013 -0.536635 0.114479 -0.111544 0.038069 0.993030
-0.513685 -13.497199 34.158092 62.229333 0.540596 0.840609 0.033645 0.767833 -0.509347 0.388586 -0.343786 0.184234 0.920798
0.137442 -12.008826 32.387713 27.542056 0.535335 0.844455 0.017675 0.839547 -0.534285 0.098493 -0.092617 0.037888 0.994981
-0.291180 -12.965042 32.857355 41.942078 0.530832 0.847064 0.026451 0.831613 -0.526653 0.176228 -0.163207 0.071550 0.983994
-0.835677 -4.933299 -69.381801 -22.372816 0.042126 0.972343 0.229729 0.095038 -0.232790 0.967872 -0.994582 0.018940 0.102216
-0.815603 -4.691674 -81.974878 -31.642341 0.033815 0.944754 0.326030 -0.035906 -0.324858 0.945081 -0.998783 0.043665 -0.022937
1.304186 -10.501387 -36.996360 1.083933 0.604632 0.793065 0.073952 -0.471714 0.431347 -0.769042 0.641799 -0.430103 -0.634906
-2.155042 -12.984689 -23.984783 -35.238732 0.312690 0.935020 0.167223 -0.106431 -0.140453 0.984350 -0.943874 0.325594 -0.055597
-2.035914 -13.469381 -21.606870 -59.842041 0.296409 0.937903 0.180221 0.071828 -0.210059 0.975047 -0.952356 0.276068 0.129631
0.304830 -18.107806 5.541120 -30.067929 0.147203 0.984561 -0.094719 0.895201 -0.091890 0.436087 -0.420650 0.148986 0.894906
0.557933 -18.205866 21.359754 -70.574456 0.175062 0.980517 -0.089103 0.939302 -0.139208 0.313580 -0.295067 0.138590 0.945372
0.483605 -17.649483 26.122902 -68.391482 0.163122 0.981412 -0.101102 0.844676 -0.085968 0.528329 -0.509817 0.171580 0.842999
1.026978 -17.941038 14.246380 -82.691838 0.186648 0.980106 -0.067495 0.938753 -0.157673 0.306401 -0.289663 0.120550 0.949507
0.139896 -17.684248 10.799040 -53.802860 0.140350 0.983299 -0.115870 0.736097 -0.025360 0.676401 -0.662166 0.180224 0.727362
0.274274 -16.672559 17.433427 -28.031797 0.144501 0.983719 -0.106845 0.680536 -0.020414 0.732430 -0.718325 0.178549 0.672406
0.782356 -16.921359 12.270058 -81.055026 0.172213 0.982769 -0.067140 0.840762 -0.111129 0.529876 -0.513285 0.147701 0.845413
-0.519414 -22.039912 14.085079 207.802705 0.109405 0.985707 -0.128108 0.437748 0.067932 0.896528 -0.892416 0.154164 0.424059
-0.803691 -23.898389 35.501976 36.294567 0.111511 0.985838 -0.125257 0.154560 0.107305 0.982139 -0.981670 0.128879 0.140406
-1.726272 -23.132724 34.161268 207.903707 0.072601 0.989026 -0.128675 0.441077 0.083874 0.893541 -0.894528 0.121627 0.430147
-4.414769 -9.457854 -20.737464 -107.807165 -0.360351 -0.860178 0.360889 0.850975 -0.144669 0.504888 -0.382084 0.489044 0.784122
-4.087404 -8.104367 -37.351780 -52.672914 -0.220025 -0.850580 0.477600 0.838329 0.085468 0.538424 -0.498792 0.518853 0.694261
-4.547966 -9.181453 18.494460 -57.123978 0.297607 0.902170 -0.312281 0.831354 -0.084094 0.549344 -0.469341 0.423105 0.775049
-4.267935 -9.334708 -14.281495 -113.796456 -0.303590 -0.830022 0.467863 0.884035 -0.062217 0.463261 -0.355408 0.554249 0.752658
-4.649059 -10.647539 -1.954657 -104.119991 -0.385247 -0.881954 0.271556 0.870168 -0.249213 0.425090 -0.307234 0.400063 0.863456
6.428504 -12.144063 262.847027 151.830846 0.865776 -0.490654 0.098439 0.453918 0.687147 -0.567263 -0.210688 -0.535806 -0.817632
5.747227 -17.297464 -437.397257 -381.127863 0.032493 0.862739 -0.504604 0.999472 -0.027739 0.016932 0.000611 -0.504887 -0.863185
12.336827 -25.005754 -609.051972 -1028.406291 0.320656 0.875882 -0.360571 0.942141 -0.334208 0.026004 -0.097729 -0.348046 -0.932369
26.543441 -51.813844 -1689.273366 346.937625 0.200834 0.853542 -0.480761 0.974058 -0.226237 0.005243 -0.104291 -0.469342 -0.876836
5.617519 -33.144087 -262.684067 -1292.973375 0.220001 0.890756 -0.397684 0.969155 -0.246003 -0.014869 -0.111076 -0.382146 -0.917402
-0.732129 -4.805853 77.947877 365.275910 0.913004 -0.404114 0.055811 0.402162 0.868628 -0.289398 -0.068471 -0.286667 -0.955580
3.673741 -6.122990 -59.065397 -4.669927 0.159763 0.974978 0.154577 0.530249 -0.216838 0.819644 -0.832653 0.048985 0.551624
2.873998 -5.980350 -46.957783 -14.348391 0.151830 0.964995 0.213850 0.451446 -0.260177 0.853524 -0.879286 0.033049 0.475146
2.923757 -6.195939 -37.866894 14.169087 0.167785 0.978457 0.120291 0.431664 -0.182621 0.883355 -0.886292 0.096289 0.453006
3.264652 -6.464381 9.093080 20.119550 0.206406 0.978007 0.029979 0.511260 -0.133922 0.848928 -0.834272 0.159897 0.527658
-0.398098 -5.568821 20.587548 -61.549777 0.178473 0.975575 -0.128068 0.043162 0.122270 0.991558 -0.982998 0.182494 0.020286
0.128763 -4.363627 -1.904160 -24.791044 0.171094 0.984552 0.037210 -0.078172 -0.024082 0.996649 -0.982149 0.173429 -0.072844
0.814782 -3.507332 -40.812327 -30.133486 0.147378 0.978861 0.141810 -0.118710 -0.124834 0.985050 -0.981931 0.162009 -0.097803
-1.476835 -5.730208 -2.169824 25.812749 0.326061 0.920498 0.215334 0.414668 -0.343963 0.842461 -0.849550 0.185401 0.493854
-1.353021 -5.259257 -14.763211 32.628723 0.336919 0.916225 0.216835 0.504223 -0.370072 0.780260 -0.795138 0.153551 0.586666
-1.480289 -5.827693 -15.807371 26.769482 0.366136 0.897591 0.245508 0.390880 -0.387770 0.834774 -0.844487 0.209677 0.492827
-1.153482 -5.020619 10.800716 35.229510 0.275528 0.950344 0.144673 0.546302 -0.278632 0.789885 -0.790973 0.138600 0.595946
-1.668652 -6.097932 -11.181986 10.402927 0.347153 0.904525 0.247627 0.287274 -0.353923 0.890063 -0.892725 0.237851 0.382712
-1.621828 -5.684836 18.968506 26.558494 0.269309 0.953291 0.136784 0.443974 -0.248933 0.860767 -0.854611 0.171084 0.490276
-11.707333 -78.468858 99.180318 2958.453692 0.996889 0.014008 0.077559 0.078316 -0.286502 -0.954873 -0.008845 -0.957977 0.286708
-10.377857 -75.062278 -60.709571 2973.099467 0.996578 -0.006795 -0.082377 -0.080984 -0.279770 -0.956645 0.016547 -0.960043 0.279362
98.635029 -3511.046123 -3194.719714 165662.981448 0.908582 0.265783 0.322238 0.413049 -0.456812 -0.787854 0.062196 -0.848930 0.524832
-14.836765 -117.200053 -84.313007 4723.745296 0.978033 -0.011876 0.208111 0.142372 -0.691169 -0.708530 -0.152255 -0.722595 0.674296
-3.301049 -12.333373 47.383810 410.449691 -0.949855 -0.215814 -0.226276 -0.201372 0.975789 -0.085359 0.239219 -0.035513 -0.970316
-1.078309 -3.921625 -2.561674 32.430620 -0.250318 0.935051 -0.251038 0.732962 0.352432 0.581857 -0.632540 0.038352 0.773578
-0.960268 -4.558849 -9.718537 45.097330 -0.317002 0.904837 -0.284219 0.693076 0.425574 0.581836 -0.647422 0.012542 0.762028
-1.070833 -4.118476 3.318283 -1.645188 -0.174457 0.968045 -0.180151 0.785062 0.247177 0.567962 -0.594342 0.042345 0.803097
-8.035888 -11.366509 61.372327 63.155948 -0.423732 0.898574 0.114083 -0.578917 -0.171797 -0.797083 0.696639 0.403794 -0.592996
-5.955809 -8.800694 -9.678452 86.980690 -0.720745 0.687431 -0.089244 -0.516843 -0.618703 -0.591675 0.461952 0.380322 -0.801221
-6.850005 -10.371476 -10.318684 94.935943 -0.602162 0.797231 0.042703 -0.560436 -0.384001 -0.733795 0.568606 0.465796 -0.678028
-1.538172 -7.657839 -228.969310 45.296760 0.370116 0.889927 -0.266541 -0.522763 -0.037661 -0.851646 0.767941 -0.454545 -0.451282
-3.256158 -7.772395 -154.280965 81.949683 0.270262 0.912160 -0.308094 -0.624532 -0.077451 -0.777149 0.732747 -0.402449 -0.548742
-0.477244 -7.382959 -11.223296 61.800124 0.062018 0.991001 -0.118617 -0.751563 0.124571 0.647792 -0.656739 -0.048974 -0.752526
-0.249702 -6.851525 11.256667 27.999176 0.080247 0.989466 -0.120488 -0.716178 0.141308 0.683463 -0.693289 -0.031445 -0.719973
4.512826 -6.934887 274.978223 5.069252 -0.026050 0.239990 0.970426 -0.656804 0.727712 -0.197597 -0.753612 -0.642527 0.138669
4.427710 -6.765522 167.842117 -9.122819 -0.068279 0.135735 0.988390 -0.597947 0.787479 -0.149451 -0.798622 -0.601209 0.027394
-0.330930 -7.133758 -10.617552 -17.098148 -0.544646 0.835020 -0.078114 -0.589889 -0.315213 0.743419 -0.596147 -0.450979 -0.664249
-4.093434 -20.695941 -117.976325 477.878720 0.676346 0.734939 0.049210 -0.478591 0.489255 -0.729095 0.559917 -0.469569 -0.682641
-5.956606 -18.677320 -130.698488 459.084929 0.569870 0.821706 0.006903 -0.599926 0.421772 -0.679851 0.561549 -0.383286 -0.733318
-5.988899 -21.804651 -124.868681 352.488665 0.617774 0.785637 0.033611 -0.371673 0.329392 -0.867963 0.692975 -0.523713 -0.495490
-4.100571 -22.687644 -116.698892 313.713557 0.693111 0.718214 0.061360 -0.250987 0.320256 -0.913478 0.675724 -0.617741 -0.402235
-5.947390 -22.428065 -98.663109 -28.796109 0.616130 0.785318 0.060490 -0.089656 0.146225 -0.985180 0.782525 -0.601576 -0.160502
0.554732 -5.749954 -21.917854 34.483812 -0.495871 0.839289 0.222950 0.746377 0.543143 -0.384601 0.443885 0.024308 0.895754
-0.090969 -3.347784 -31.147669 53.692083 0.096768 0.921704 -0.375629 -0.012776 0.378520 0.925505 -0.995225 0.084760 -0.048404
0.045686 -2.466930 43.905159 94.772092 0.147380 0.949630 -0.276554 0.003559 0.279096 0.960257 -0.989074 0.142507 -0.037754
-3.528290 -5.864358 81.701215 -62.313387 -0.180816 0.920958 -0.345170 -0.119976 -0.368988 -0.921658 0.976172 0.125238 -0.177211
-4.807690 -7.308769 90.691231 -97.368571 -0.151166 0.845539 -0.512067 -0.159508 -0.532096 -0.831524 0.975554 0.044019 -0.215305
-0.449388 -8.185233 16.365016 14.323232 0.545255 -0.811899 -0.208606 0.801850 0.432603 0.412180 -0.244405 -0.392014 0.886900
-0.133607 -8.238753 4.352921 6.468248 0.547781 -0.811394 -0.203900 0.798554 0.434409 0.416653 -0.249494 -0.391060 0.885903
-0.143496 -8.008387 10.658467 9.218377 0.528262 -0.821585 -0.214328 0.841506 0.472952 0.261118 -0.113164 -0.318298 0.941212
-0.510849 -7.787744 22.101404 15.344303 0.537907 -0.815702 -0.212806 0.834241 0.478773 0.273528 -0.121232 -0.324664 0.938028
-0.677371 -7.919859 21.377696 20.256698 0.531340 -0.821843 -0.205552 0.822083 0.441606 0.359395 -0.204593 -0.359942 0.910266
-0.724492 -8.527689 29.793840 14.181652 0.554413 -0.807269 -0.202342 0.756732 0.387793 0.526282 -0.346385 -0.444897 0.825884
-0.229450 -20.338088 -15.191945 45.910179 0.292928 0.928565 0.227947 -0.865977 0.358718 -0.348434 0.405312 0.095331 -0.909194
-0.838898 -19.713978 20.123304 -51.854603 0.280092 0.927857 0.246233 -0.744370 0.371889 -0.554628 0.606187 0.027942 -0.794831
-1.480749 -20.931953 20.373308 131.927166 0.318649 0.905938 0.278816 -0.543936 0.415664 -0.728943 0.776271 -0.080619 -0.625223
-2.539402 -6.433187 21.641084 -20.643310 0.315420 0.410083 0.855770 0.772927 0.412164 -0.482394 -0.550539 0.813605 -0.186959
44.022640 -5.794876 -2162.305474 132.277191 -0.470972 -0.800701 -0.370219 0.881362 -0.409395 -0.235789 0.037231 -0.437347 0.898522
-0.465640 -213.576124 -627.760192 6660.495657 0.037883 0.760303 0.648463 0.601442 0.500881 -0.622403 0.798018 -0.413591 0.438304
4.514926 -258.087391 639.361672 -12358.230483 -0.090873 -0.656924 -0.748461 0.991430 0.011154 -0.130162 0.093855 -0.753875 0.650280
284.698988 -1566.671620 15814.587429 -131938.851868 -0.571910 -0.233214 -0.786467 0.754501 0.226718 -0.615895 0.321942 -0.945627 0.046298
-53.053054 -369.343508 1852.026570 11312.168819 -0.723286 0.588329 -0.361561 0.082028 -0.446681 -0.890925 0.685659 0.674052 -0.274819
-27.066849 -260.560115 689.235520 7730.153898 -0.615059 0.641953 -0.457820 0.095789 -0.515500 -0.851519 0.782641 0.567588 -0.255571
-0.297308 -6.343207 6.426873 35.390782 0.070466 0.992005 -0.104693 -0.660355 0.125054 0.740468 -0.747640 -0.016957 -0.663888
-0.626264 -6.247704 -26.411752 49.995035 0.078882 0.989084 -0.124462 -0.670515 0.145031 0.727582 -0.737691 -0.026061 -0.674636
-0.206333 -6.238628 15.011566 17.304485 0.064177 0.992806 -0.101078 -0.620383 0.119027 0.775214 -0.781669 -0.012956 -0.623559
-0.291431 -5.963321 3.507621 0.692254 0.053527 0.994883 -0.085694 -0.571638 0.100893 0.814279 -0.818758 -0.005400 -0.574113
-1.154268 -21.669311 -559.525637 264.488681 0.890104 0.443413 -0.105351 -0.186515 0.143490 -0.971917 0.415844 -0.884757 -0.210425
-8.223185 -21.152104 -709.646552 -188.286255 0.908701 0.396381 -0.130933 -0.047749 -0.212898 -0.975907 0.414707 -0.893060 0.174534
4.765148 -21.323050 -321.722410 -276.701230 0.813636 0.578977 -0.052745 0.060589 -0.174676 -0.982760 0.578208 -0.796414 0.177202
1.234777 -6.234053 11.817739 -19.252215 0.173135 0.984742 0.017525 -0.495345 0.071683 0.865733 -0.851268 0.158570 -0.500198
0.832673 -6.648916 23.732024 -17.071426 0.164474 0.984905 0.053943 -0.370077 0.010923 0.928937 -0.914326 0.172749 -0.366287
0.953875 -6.531606 0.355697 -30.845880 0.148472 0.988913 0.002643 -0.389225 0.055979 0.919440 -0.909098 0.137540 -0.393221
-8.816345 -9.687645 117.056410 46.608407 -0.345911 0.938078 -0.018873 0.275851 0.082451 -0.957657 0.896801 0.336470 0.287291
-9.014714 -10.031715 117.055655 15.783761 -0.374400 0.924175 0.075666 0.099355 0.121113 -0.987654 0.921929 0.362259 0.137167
0.500855 -13.227800 25.522028 19.412491 -0.161778 -0.520041 0.838681 0.954574 -0.297973 -0.000631 0.250232 0.800481 0.544623
0.324659 -12.798654 -7.920857 -4.029294 -0.032164 -0.499098 0.865948 0.970650 -0.222199 -0.092014 0.238337 0.837573 0.491596
1.161491 -12.856794 -63.190131 144.411527 0.041800 -0.467921 0.882781 0.868544 -0.419703 -0.263591 0.493846 0.777753 0.388867
-2.060823 -19.409329 52.949694 676.472994 0.074480 0.994713 0.070707 0.994506 -0.068860 -0.078847 -0.073562 0.076191 -0.994376
-2.854444 -18.309538 0.979400 -596.481784 0.069770 0.997563 0.000297 -0.993537 0.069461 0.089777 -0.089538 0.006559 -0.995962
-2.722242 -25.018272 15.632687 -558.502892 0.110017 0.993239 -0.037056 -0.899722 0.115363 0.420942 -0.422370 0.012971 -0.906331
1.942270 -8.297309 68.305955 1.916565 -0.017486 0.999592 -0.022574 -0.419080 0.013171 0.907854 -0.907781 -0.025335 -0.418679
0.228219 -7.178958 -13.822397 -16.468202 0.049408 0.979593 0.194823 0.928015 -0.117141 0.353648 -0.369253 -0.163326 0.914865
1.301356 -14.580672 38.070669 105.963652 0.538162 0.841700 0.043845 0.725721 -0.489206 0.483741 -0.428615 0.228512 0.874112
1.065114 -12.710464 27.700335 171.581893 0.530142 0.846871 0.041943 0.835619 -0.530210 0.143592 -0.143842 0.041075 0.988748
