11459
22891
-4.699443 -6.777170 -20.114039 75.446000 0.986894 -0.104963 -0.122566 0.145652 0.252449 0.956585 0.069465 0.961900 -0.264429
-3.848531 -5.813497 -27.288821 86.753074 0.995385 0.018675 -0.094123 0.091650 0.105560 0.990180 -0.028427 0.994238 -0.103361
-4.144653 -5.183708 8.425714 35.635604 0.833210 0.036266 0.551766 -0.551244 0.132965 0.823681 0.043494 0.990457 -0.130779
-3.332486 -4.293172 5.795899 27.359763 0.748914 0.054139 0.660452 -0.660608 -0.017523 0.750527 -0.052206 0.998380 -0.022641
-4.751747 -5.751619 18.869859 25.684179 0.856548 -0.009029 0.515988 -0.491666 0.289533 0.821240 0.156810 0.957126 -0.243560
-3.587828 -5.270113 6.609047 -21.025151 0.609713 -0.020910 0.792346 0.769109 -0.226075 -0.597797 0.191630 0.973885 -0.121759
-3.111946 -4.721301 -3.971891 -32.477784 0.518344 -0.003521 0.855165 0.853078 -0.067804 -0.517359 0.059805 0.997692 -0.032142
5.619932 -5.176894 53.561427 -53.833267 0.820975 0.330994 -0.465234 -0.179780 0.923232 0.339592 0.541921 -0.195157 0.817456
6.483204 -6.429633 18.647398 -42.550594 0.903338 0.349571 -0.248558 -0.250609 0.900427 0.355563 0.348103 -0.258903 0.900996
7.060843 -7.501781 16.688872 -64.461537 0.898112 0.294502 -0.326593 -0.244718 0.951732 0.185253 0.365387 -0.086454 0.926832
5.868448 -6.580534 76.096459 -75.108505 0.765863 0.254929 -0.590309 -0.177303 0.966184 0.187221 0.618075 -0.038722 0.785165
7.087902 -8.435025 36.718956 -45.685241 0.837846 0.261736 -0.479070 -0.323975 0.944719 -0.050461 0.439379 0.197486 0.876325
1.292365 -1.746504 -10.781015 -7.626474 0.776124 -0.410469 -0.478693 0.574201 0.146285 0.805539 0.260623 0.900064 -0.349227
2.151251 -1.799676 24.678580 -1.075336 -0.626531 0.462252 0.627521 0.703767 -0.010451 0.710354 0.334921 0.886687 -0.318770
2.950547 -1.633072 33.505946 3.317620 0.853092 -0.402366 -0.332169 0.410685 0.125145 0.903148 0.321827 0.906885 -0.272006
1.274253 -1.657235 21.320851 -14.232587 -0.608736 0.474263 0.636015 0.747060 0.072759 0.660763 0.267099 0.877372 -0.398593
2.772937 -2.128375 66.553074 5.319664 0.932219 -0.337834 -0.129754 0.221169 0.248048 0.943163 0.286447 0.907932 -0.305954
0.472087 -1.563514 -14.640157 -13.682597 0.777229 -0.407759 -0.479217 0.589662 0.206236 0.780874 0.219577 0.889494 -0.400732
0.754521 -1.831295 -0.622110 -3.747922 0.886016 -0.347728 -0.306694 0.404349 0.255806 0.878103 0.226887 0.902025 -0.367252
1.013055 -8.453965 30.877646 12.243310 0.649592 -0.263089 -0.713312 -0.267305 0.799288 -0.538225 0.711743 0.540299 0.448886
2.772573 -8.080939 19.837183 -77.216789 0.679168 -0.256571 -0.687679 0.437812 -0.610377 0.660122 0.589111 0.749408 0.302218
1.099546 -8.120168 5.976497 51.937703 0.682986 -0.377583 -0.625269 -0.249430 0.684007 -0.685507 0.686524 0.624152 0.372986
1.852640 -8.630119 41.437305 14.449348 0.637281 -0.163156 -0.753162 -0.341858 0.816051 -0.466040 0.690656 0.554473 0.464278
-0.262686 -7.720153 13.676323 -31.504916 0.671758 -0.329915 -0.663248 -0.070381 0.862873 -0.500496 0.737420 0.382892 0.556422
0.302719 -7.894949 40.841263 -59.052033 0.626547 -0.172329 -0.760093 -0.116453 0.943601 -0.309927 0.770635 0.282699 0.571142
-0.533843 -5.336901 -0.879584 15.799191 0.956037 0.203005 0.211616 -0.035805 -0.635427 0.771331 -0.291050 0.744998 0.600223
-0.519881 -4.775972 -2.124713 8.330201 0.955030 0.177480 0.237524 -0.035730 -0.726349 0.686397 -0.294347 0.664016 0.687344
-0.616562 -5.086881 -2.302312 14.139627 0.960213 0.180971 0.212699 -0.040212 -0.664094 0.746567 -0.276359 0.725416 0.630395
-0.587211 -5.409706 -3.396192 18.300744 0.959337 0.211196 0.187267 -0.037158 -0.563179 0.825499 -0.279807 0.798890 0.532431
-0.681887 -5.045542 -2.303551 20.118383 0.967378 0.173128 0.184948 -0.044843 -0.601499 0.797614 -0.249335 0.779888 0.574113
-0.703540 -4.825001 -3.670485 10.070551 0.967317 0.149894 0.204523 -0.054242 -0.665584 0.744350 -0.247701 0.731116 0.635700
1.073850 -7.709710 2.733275 -97.283981 0.943206 0.246402 -0.222820 0.327559 -0.577964 0.747437 -0.055388 0.777974 0.625850
0.862515 -6.292389 2.105520 -67.549742 0.937070 0.256197 -0.237200 0.331938 -0.443092 0.832758 -0.108249 0.859088 0.500250
0.959876 -6.768264 4.163553 -61.514137 0.931973 0.246130 -0.266169 0.356909 -0.494193 0.792710 -0.063571 0.833783 0.548421
1.049757 -8.207156 7.132903 -70.237055 0.934583 0.249510 -0.253572 0.355741 -0.652203 0.669387 -0.001638 0.715804 0.698299
0.868014 -7.291149 4.618707 -63.932291 0.927040 0.250096 -0.279373 0.373637 -0.553516 0.744322 -0.031514 0.794400 0.606576
0.668355 -6.209078 3.789645 -28.791084 0.918783 0.247723 -0.307363 0.388168 -0.425188 0.817643 -0.071862 0.870545 0.486814
9.412782 -3.289321 142.066850 -0.433908 0.942371 -0.263297 -0.206427 0.085129 0.785383 -0.613128 -0.323560 -0.560221 -0.762536
5.236019 -3.209720 97.156939 15.543258 0.978663 -0.184283 -0.090877 0.109047 0.840685 -0.530431 -0.174148 -0.509203 -0.842843
9.667625 -2.976696 183.685211 9.931934 0.942141 -0.278875 -0.186008 0.146467 0.841583 -0.519890 -0.301526 -0.462566 -0.833736
10.111250 -2.961576 -88.403936 10.052358 -0.830160 0.378509 0.409348 0.127610 0.843733 -0.521373 -0.542725 -0.380586 -0.748735
12.013755 -2.655898 -179.504649 22.859165 -0.875522 0.363766 0.318019 0.206917 0.877047 -0.433559 -0.436631 -0.313787 -0.843143
3.548592 -4.878383 -12.441003 7.273118 0.888444 -0.386956 0.246844 0.129365 -0.304888 -0.943561 -0.440377 -0.870234 0.220818
3.969177 -4.814761 2.863681 -19.459270 0.916921 -0.317903 0.241231 0.083958 -0.437285 -0.895395 -0.390136 -0.841261 0.374265
3.902099 -4.539795 -5.982555 10.174604 0.909581 -0.322409 0.262133 0.171228 -0.283973 -0.943419 -0.378606 -0.903002 0.203091
2.973003 -4.596447 21.615999 4.300020 0.948822 -0.212791 0.233360 0.143617 -0.367368 -0.918921 -0.281267 -0.905407 0.318006
4.191611 -4.424695 9.392030 37.667873 0.904982 -0.325006 0.274551 0.238074 -0.147972 -0.959909 -0.352602 -0.934064 0.056536
1.603917 -11.956228 -11.761189 34.908972 -0.676248 0.551864 -0.487991 0.105426 0.728105 0.677309 0.729091 0.406582 -0.550560
2.294154 -10.934300 -20.746980 -1.233851 -0.706156 0.559212 -0.434311 0.099209 0.685477 0.721304 0.701071 0.466266 -0.539533
2.641593 -11.452676 -36.928207 20.997748 -0.679523 0.588884 -0.437566 0.290743 0.763740 0.576342 0.673585 0.264419 -0.690193
6.939964 -11.128245 -135.510431 -62.852062 -0.573670 0.731555 -0.368415 -0.586248 -0.680837 -0.439061 0.572028 0.035894 -0.819449
2.163094 -12.260805 -27.889845 35.843055 -0.659152 0.599107 -0.454522 0.351327 0.779726 0.518262 0.664897 0.181927 -0.724441
2.547015 -1.674040 -43.516691 -7.697324 0.906314 0.422280 0.016553 0.029499 -0.102288 0.994317 -0.421573 0.900676 0.105162
1.845111 -1.955892 -54.270326 -13.207022 0.881388 0.461502 0.100854 -0.013966 -0.187944 0.982080 -0.472187 0.867002 0.159206
1.621202 -1.531962 -82.022306 -7.893234 0.858128 0.510269 0.056928 0.009630 -0.126852 0.991875 -0.513345 0.850608 0.113769
0.008390 -3.764262 0.089801 8.561620 0.967047 -0.062495 0.246809 0.109329 0.977409 -0.180882 -0.229929 0.201905 0.952033
0.100894 -3.594800 -10.612424 32.973309 0.954317 -0.117640 0.274662 0.159339 0.977985 -0.134747 -0.252764 0.172355 0.952053
0.070276 -3.528493 -5.690420 9.648776 0.964396 -0.057992 0.258026 0.111346 0.974008 -0.197258 -0.239880 0.218965 0.945786
0.031866 -3.685412 2.335006 8.851188 0.971971 -0.045792 0.230599 -0.103847 -0.963597 0.246366 -0.210923 0.263407 0.941344
0.021574 -3.459654 -5.906947 6.467776 0.968137 -0.021726 0.249476 -0.085944 -0.964547 0.249523 -0.235211 0.263014 0.935681
0.078241 -3.408640 -1.218292 4.700003 0.964746 -0.074162 0.252519 0.123636 0.974724 -0.186084 -0.232336 0.210744 0.949530
-9.865635 -16.464872 45.697424 -77.397283 0.429804 0.856141 -0.286865 -0.479753 0.485687 0.730715 -0.764922 0.176440 -0.619486
-9.378874 -18.082327 94.556915 46.254110 0.487461 0.767423 -0.416466 -0.611254 0.640531 0.464853 -0.623498 -0.027969 -0.781325
-8.897267 -17.307326 -20.669569 178.003070 0.218035 0.844413 -0.489313 -0.408067 0.534324 0.740256 -0.886534 -0.038271 -0.461079
-9.457291 -15.064901 -12.135773 6.816119 0.390291 0.897243 -0.206466 -0.153192 0.284411 0.946384 -0.907857 0.337736 -0.248454
-9.189957 -14.555772 35.135537 -143.282265 0.527173 0.844005 -0.098707 -0.450485 0.376074 0.809711 -0.720522 0.382392 -0.578468
-9.562359 -14.770855 -44.028103 55.450861 0.167438 0.933208 -0.317942 -0.200510 0.347989 0.915805 -0.965277 0.089590 -0.245384
-0.743285 -3.474591 36.977311 1.743514 0.960103 0.149345 0.236426 0.069256 -0.946099 0.316386 -0.270933 0.287390 0.918696
0.236801 -3.661436 33.662752 -2.007269 0.953848 0.222969 0.201145 0.141883 -0.924986 0.352520 -0.264657 0.307711 0.913931
0.151833 -3.637140 38.454994 2.265878 0.964675 0.134085 0.226768 0.025742 -0.904642 0.425395 -0.262183 0.404530 0.876137
-0.765367 -3.500409 18.979144 2.244811 0.949624 0.015956 0.312985 -0.108399 -0.920336 0.375809 -0.294047 0.390804 0.872243
-1.325808 -3.291383 12.585908 -4.780372 0.945518 0.046545 0.322226 0.041958 0.964054 -0.262374 -0.322855 0.261599 0.909577
2.014086 -1.704088 57.889136 -22.125561 0.946898 -0.055329 0.316739 -0.215428 0.622120 0.752700 0.238696 0.780964 -0.577165
2.526215 -2.128135 69.888784 -26.435953 0.971085 -0.171555 0.166019 -0.042239 0.560978 0.826753 0.234966 0.809860 -0.537511
4.175351 -2.415637 89.260034 -25.513768 0.971370 -0.044644 0.233338 -0.161388 0.596756 0.786025 0.174337 0.801180 -0.572466
4.030284 -2.635879 71.565512 -7.455307 0.930127 0.115830 0.348494 -0.343630 0.609266 0.714642 0.129548 0.784460 -0.606498
1.973345 -1.703904 56.229951 7.099756 0.857248 0.122316 0.500165 -0.465653 0.598741 0.651673 0.219759 0.791548 -0.570226
0.313458 -1.032973 29.035908 -7.798554 0.929337 -0.011163 0.369064 -0.281628 0.624980 0.728070 0.238785 0.780561 -0.577673
-0.961316 -3.569649 1.286015 11.324503 0.749292 0.561339 0.351369 0.661904 -0.617908 -0.424350 0.021090 -0.550535 0.834546
-1.095312 -3.482526 4.660719 13.287206 0.771750 0.526889 0.356075 0.635251 -0.612962 -0.469823 0.029285 -0.588783 0.807760
-0.964779 -2.994490 4.687561 20.662988 0.771163 0.546300 0.326899 0.626243 -0.558525 -0.543939 0.114573 -0.624184 0.772831
-0.840962 -3.616518 0.213309 5.454523 0.747880 0.581513 0.320183 0.663610 -0.642391 -0.383349 0.017240 -0.499176 0.866329
-0.880827 -3.798369 0.803928 2.142276 0.747536 0.560564 0.356311 0.660100 -0.686623 -0.304658 -0.073871 -0.462944 0.883304
-0.832130 -3.237377 2.168042 15.391181 0.762449 0.567926 0.310052 0.639500 -0.588431 -0.494761 0.098544 -0.575508 0.811837
-1.526322 -8.112976 8.121886 -0.994916 0.933314 0.284472 -0.219090 0.334130 -0.911490 0.239881 0.131459 0.297089 0.945757
-1.456142 -7.853842 4.554418 -5.315097 0.939410 0.271896 -0.208760 0.338662 -0.830408 0.442415 0.053065 0.486308 0.872175
-1.614322 -8.001905 -0.029278 -4.538620 0.945480 0.294615 -0.138816 0.325628 -0.862801 0.386705 0.005842 0.410825 0.911696
0.584707 -19.189856 43.631853 -299.932940 0.921421 0.193935 0.336707 0.087677 0.740423 -0.666398 0.378544 -0.643555 -0.665238
0.701685 -10.838446 25.714569 -58.643423 0.947813 0.248952 0.199179 0.022295 0.571445 -0.820337 0.318045 -0.781968 -0.536073
0.033239 -10.945336 23.984958 -99.141610 0.944834 0.258300 0.201420 0.081421 0.410420 -0.908254 0.317268 -0.874550 -0.366748
0.768724 -29.470045 21.960053 -534.314845 0.940247 0.113078 0.321168 0.017040 0.926435 -0.376068 0.340066 -0.359070 -0.869151
1.389933 -27.387755 -14.087325 -417.848767 -0.934950 -0.180828 -0.305238 -0.058180 0.926857 -0.370878 0.349977 -0.328994 -0.877085
0.116754 -15.683870 5.550933 -240.388660 0.946176 0.080047 0.313597 0.123388 0.806542 -0.578157 0.299209 -0.585733 -0.753254
1.541193 -6.643598 6.497086 10.762097 0.975410 -0.116493 0.187094 -0.220173 -0.476769 0.851008 0.009936 0.871275 0.490694
2.834221 -9.006573 26.499972 98.293432 0.930967 -0.240618 0.274597 -0.339108 -0.291142 0.894563 0.135301 0.925926 0.352639
1.858231 -6.145148 19.422729 39.855812 0.918585 -0.275715 0.283167 -0.380738 -0.425129 0.821161 0.106024 0.862118 0.495492
0.799413 -1.769323 -6.823277 21.758661 0.857021 0.400467 0.324254 -0.306700 -0.109222 0.945519 -0.414065 0.909778 -0.029218
0.578722 -2.214401 -13.789391 23.302021 0.837466 0.429608 0.337769 -0.339853 -0.074598 0.937515 -0.427961 0.899929 -0.083530
0.539447 -2.413625 7.573892 25.543695 0.873944 0.369107 0.316200 -0.321611 -0.048593 0.945624 -0.364401 0.928116 -0.076241
0.594337 -2.950686 -11.156226 22.523691 0.854172 0.410964 0.318588 -0.352534 0.007297 0.935771 -0.382243 0.911623 -0.151112
-4.288457 -4.935929 24.010167 6.929705 0.322097 0.611894 -0.722384 0.058294 0.748782 0.660248 0.944910 -0.254775 0.205511
-4.920085 -5.176102 21.916214 15.303606 0.316720 0.925582 -0.207332 0.272094 -0.298056 -0.914947 0.908655 -0.233369 0.346245
-4.849880 -5.112769 24.384235 10.357564 0.430954 0.648092 -0.627898 0.052534 0.676629 0.734447 0.900843 -0.349499 0.257550
0.207525 -2.629796 -17.970046 8.500770 0.982849 0.162812 0.086605 -0.106887 0.885635 -0.451914 0.150278 -0.434907 -0.887847
0.384823 -3.081339 -12.843984 12.621024 0.985361 0.136691 0.101874 -0.060877 0.840311 -0.538676 0.159238 -0.524589 -0.836331
0.643241 -2.851883 -13.999593 10.308330 0.978283 0.183347 0.096676 -0.114477 0.866763 -0.485404 0.172792 -0.463795 -0.868928
-0.008026 -2.673362 -13.599054 11.548087 0.987354 0.098540 0.124187 -0.029208 0.883017 -0.468431 0.155818 -0.458880 -0.874729
0.581997 -2.605688 -7.939599 6.817170 0.972686 0.210179 0.098526 -0.154624 0.903239 -0.400313 0.173130 -0.374144 -0.911067
-0.265613 -2.232355 -15.568597 8.414838 0.986286 0.119434 0.113909 -0.065442 0.916596 -0.394422 0.151516 -0.381559 -0.911842
0.101066 -2.352826 -20.232236 3.460589 0.978609 0.195282 0.064722 -0.158474 0.916167 -0.368136 0.131186 -0.350005 -0.927517
0.930337 -8.471659 -47.305632 -38.912947 0.210948 -0.126254 -0.969309 -0.307972 0.932537 -0.188487 0.927714 0.338282 0.157835
0.279404 -8.585391 -66.977979 1.971527 0.230062 -0.087280 -0.969254 -0.528912 0.824818 -0.199817 0.816899 0.558621 0.143596
2.919852 -7.837583 -86.484806 44.722034 0.259178 -0.149774 -0.954146 -0.592767 0.755291 -0.279575 0.762531 0.638046 0.106974
2.080854 -7.549216 103.129943 -72.551511 -0.306336 0.082835 0.948312 0.752832 -0.588603 0.294604 0.582583 0.804167 0.117949
-0.424446 -4.722487 10.514409 -38.089897 -0.044503 -0.415300 0.908595 -0.454128 0.818504 0.351878 -0.889824 -0.396959 -0.225025
-0.562801 -4.992710 5.543128 -22.915169 -0.086699 -0.381290 0.920381 -0.414286 0.853987 0.314759 -0.906008 -0.354012 -0.232003
-0.289105 -4.711027 19.456989 -13.449438 -0.015198 -0.420386 0.907218 -0.503971 0.786863 0.356174 -0.863587 -0.451799 -0.223821
0.030616 -4.223698 7.422367 -16.947230 0.005398 -0.508585 0.860995 -0.537841 0.724388 0.431264 -0.843029 -0.465407 -0.269627
0.018100 -4.118022 5.089622 -38.079141 -0.045846 -0.431715 0.900844 -0.479782 0.800489 0.359204 -0.876189 -0.415740 -0.243828
-0.172073 -7.171891 -1.291161 -49.366445 -0.242446 0.401672 -0.883108 0.663665 0.732625 0.151026 0.707650 -0.549472 -0.444198
-0.137539 -6.505480 -1.130103 -53.783422 -0.234344 0.417766 -0.877812 0.704520 0.695176 0.142765 0.669876 -0.584980 -0.457235
-0.166572 -6.182684 -0.812433 -35.930843 -0.192293 0.448605 -0.872799 0.794943 0.592702 0.129499 0.575403 -0.668924 -0.470587
-0.263998 -6.493603 -1.924603 -2.703129 -0.116053 0.493526 -0.861954 0.863708 0.478660 0.157776 0.490449 -0.726166 -0.481812
-0.232594 -7.293779 1.843388 -29.944404 -0.198068 0.448914 -0.871347 0.770091 0.621235 0.145007 0.606407 -0.642295 -0.468751
-1.354439 -10.818542 0.109966 75.671266 -0.509027 -0.640516 0.575005 0.846163 -0.249901 0.470699 -0.157796 0.726147 0.669187
-1.300969 -11.115836 1.374187 68.467111 -0.516484 -0.618880 0.591804 0.833442 -0.204711 0.513291 -0.196517 0.758340 0.621531
-1.317491 -11.484596 1.680100 23.494499 -0.506315 -0.656715 0.558902 0.754833 -0.024116 0.655473 -0.416980 0.753753 0.507920
-1.345318 -11.453419 -0.245345 14.506955 -0.516967 -0.684007 0.514665 0.763690 -0.096945 0.638263 -0.386682 0.723005 0.572486
-1.497061 -11.284740 -4.724067 63.356541 -0.522504 -0.654621 0.546316 0.836738 -0.270518 0.476119 -0.163889 0.705898 0.689093
-0.237768 -4.693438 -10.014497 2.000804 -0.134017 -0.363261 0.921998 -0.055656 0.931682 0.358986 -0.989415 -0.003204 -0.145079
-0.170753 -5.096324 -6.434429 13.813496 -0.133468 -0.383509 0.913842 -0.104365 0.922404 0.371860 -0.985543 -0.045741 -0.163137
-0.414188 -5.153177 -11.848170 24.715094 -0.142839 -0.361057 0.921539 -0.099565 0.931605 0.349568 -0.984725 -0.041821 -0.169019
0.187847 -8.760684 -17.199457 10.715209 0.277717 0.671911 0.686593 -0.787180 0.568837 -0.238270 0.550655 0.474301 -0.686890
0.871171 -8.404664 -24.718774 12.947102 0.309020 0.645529 0.698426 -0.729169 0.632286 -0.261776 0.610589 0.428377 -0.666089
0.900630 -8.255381 -13.835044 -8.016326 0.284928 0.639535 0.714011 0.846967 -0.516770 0.124883 0.448846 0.569161 -0.688907
0.418079 -8.471668 18.051619 -1.841824 -0.289883 -0.649817 -0.702642 -0.629777 0.682335 -0.371215 0.720659 0.334898 -0.607037
-0.616097 -8.625574 -23.811823 -3.437526 0.268982 0.695810 0.665956 -0.676019 0.628896 -0.384042 0.686037 0.346899 -0.639542
-0.311522 -9.301287 18.439997 1.445635 -0.281946 -0.667514 -0.689152 -0.568426 0.694874 -0.440502 0.772915 0.267535 -0.575349
-0.860201 -13.037734 4.179774 38.275365 -0.149565 0.832294 -0.533775 -0.589202 -0.508551 -0.627867 0.794022 -0.220594 -0.566451
-0.823259 -12.937912 1.352022 19.321830 -0.118626 0.813373 -0.569519 -0.498197 -0.544904 -0.674448 0.858911 -0.203726 -0.469860
-0.878412 -12.501498 -5.617574 -7.161004 -0.084328 0.829000 -0.552854 -0.740307 -0.423496 -0.522108 0.666959 -0.365254 -0.649427
-0.816341 -12.553888 -2.725674 -8.701233 -0.115356 0.843610 -0.524420 -0.761934 -0.413867 -0.498167 0.637298 -0.342106 -0.690517
-0.771885 -12.387916 -2.410300 -0.563489 -0.066650 0.850296 -0.522068 0.902030 0.275002 0.332740 0.426497 -0.448744 -0.785321
-0.900300 -12.714063 -5.579327 -5.161544 -0.078744 0.851836 -0.517856 0.911920 0.271414 0.307793 0.402742 -0.448006 -0.798179
16.873682 -3.602791 -389.038093 125.516442 -0.881489 0.145771 0.449141 0.052564 0.975538 -0.213452 -0.469269 -0.164547 -0.867589
13.890565 -1.191157 -162.669486 56.536599 -0.755585 0.242133 0.608656 0.116909 0.964104 -0.238404 -0.644533 -0.108977 -0.756770
14.207267 -3.637027 -88.547237 115.801854 -0.652025 0.242717 0.718298 0.073747 0.963186 -0.258523 -0.754602 -0.115592 -0.645921
13.958197 -1.143172 -273.163135 30.455444 -0.921858 0.193843 0.335565 0.121798 0.966955 -0.223973 -0.367891 -0.165600 -0.915004
0.711250 -12.758726 -36.903592 -137.715668 0.178914 0.790469 -0.585789 -0.409564 -0.481517 -0.774854 0.894565 -0.378550 -0.237597
0.184867 -8.611926 -35.019924 -22.212512 0.214428 0.837769 -0.502160 -0.229584 -0.456484 -0.859601 0.949374 -0.299610 -0.094456
1.156054 -12.515270 -41.739753 -108.266343 0.199977 0.827569 -0.524536 -0.182274 -0.494582 -0.849802 0.962697 -0.265551 -0.051939
-0.710627 -2.235471 12.938236 6.953212 0.767028 0.354304 -0.534918 -0.341671 -0.480112 -0.807932 0.543073 -0.802472 0.247204
-1.067314 -2.570618 7.405433 8.472465 0.840704 0.460162 -0.285425 -0.077107 -0.420001 -0.904242 0.535976 -0.782209 0.317614
-0.968207 -2.363283 10.252215 17.891059 0.843757 0.422668 -0.330796 -0.174066 -0.367521 -0.913581 0.507716 -0.828420 0.236526
-1.121955 -2.259003 5.295517 15.089757 0.910108 0.119282 0.396831 0.353065 0.278078 -0.893319 0.216906 -0.953124 -0.210967
-0.927988 -2.022698 -0.625179 5.572424 0.891061 0.096073 0.443600 0.392249 0.328742 -0.859110 0.228367 -0.939521 -0.255244
-1.016396 -2.537053 4.398771 13.491352 0.950793 0.195884 0.240046 0.199378 0.206204 -0.957981 0.237152 -0.958702 -0.157003
-3.626748 -40.749978 109.773998 933.030925 0.476845 0.711788 -0.515729 -0.021727 -0.577007 -0.816450 0.878719 -0.400525 0.259678
-4.675530 -60.916018 110.689835 1663.140346 0.481887 0.800009 -0.357450 -0.203252 -0.294758 -0.933706 0.852334 -0.522593 -0.020564
287.329735 -3130.426890 -2404.544325 -97686.170101 0.354892 0.611714 -0.707006 0.350121 0.614237 0.707197 0.866872 -0.498517 0.003814
-0.446112 -49.409727 68.949691 1258.739821 0.432295 0.721692 -0.540630 -0.056870 -0.576533 -0.815093 0.899937 -0.383106 0.208189
-0.575575 -41.071912 50.365946 -763.639226 0.473756 0.654516 -0.589206 -0.403275 0.756019 0.515563 0.782895 -0.006639 0.622119
-4.124630 -40.315293 85.187755 -429.305332 0.535551 0.675165 -0.507285 -0.469559 0.737342 0.485634 0.701926 -0.021882 0.711914
-3.185575 -6.329474 -39.831375 45.251917 0.996209 0.037629 -0.078429 0.063421 0.302914 0.950905 -0.059539 0.952275 -0.299379
-2.303918 -6.209347 -43.718457 95.084554 0.992550 0.102093 -0.066500 0.057515 0.088563 0.994409 -0.107412 0.990825 -0.082031
-2.633242 -4.249590 -24.506952 47.019757 0.975113 0.105081 0.195225 -0.192492 -0.035651 0.980651 -0.110007 0.993824 0.014537
-4.448988 -6.193600 9.588409 4.572348 0.787714 -0.239500 0.567579 -0.223618 0.747328 0.625696 0.574022 0.619791 -0.535124
-5.065479 -6.161822 33.232514 -5.595155 0.846891 -0.122965 0.517354 -0.281239 0.722124 0.632014 0.451309 0.680747 -0.576978
-4.381959 -6.134357 13.801663 5.005707 0.775796 -0.190223 0.601627 -0.373425 0.630159 0.680774 0.508619 0.752805 -0.417841
-3.964508 -5.823067 1.620799 1.333848 0.647665 -0.165091 0.743825 -0.549458 0.575127 0.606073 0.527851 0.801233 -0.281779
-4.077726 -6.051316 -0.715535 6.157174 0.694262 -0.217092 0.686201 -0.389021 0.688958 0.611555 0.605527 0.691526 -0.393864
3.039653 -1.711263 -26.221411 9.119686 0.733683 -0.422198 -0.532408 0.578184 -0.023704 0.815562 0.356949 0.906194 -0.226717
3.835076 -1.782664 33.563979 12.069417 -0.593769 0.486719 0.640736 0.678200 -0.125782 0.724033 0.432994 0.864456 -0.255407
2.805371 -2.238709 11.251688 11.581087 -0.387748 0.576112 0.719546 0.791844 -0.191401 0.579956 0.471841 0.794645 -0.381976
2.102567 -1.922414 22.747846 -9.472461 -0.448947 0.522947 0.724550 0.829803 -0.056798 0.555158 0.331471 0.850470 -0.408444
4.017312 -8.735872 58.885617 -53.333878 0.652133 -0.077674 -0.754115 0.488576 -0.717544 0.496411 0.579669 0.692169 0.429984
5.089697 -7.517583 20.080982 -99.313661 0.702363 -0.114749 -0.702509 0.580299 -0.479251 0.658461 0.412236 0.870144 0.270019
2.796197 -7.571189 -13.963131 -90.036485 0.696023 -0.459038 -0.552120 0.331283 -0.476906 0.814133 0.637027 0.749563 0.179865
-0.130108 -3.354751 4.369826 -13.504795 0.978809 -0.038345 0.201153 -0.174004 -0.673630 0.718294 -0.107960 0.738074 0.666027
0.024966 -3.205447 4.906207 -15.586939 0.964924 -0.083115 0.249025 -0.241529 -0.652795 0.717999 -0.102885 0.752962 0.649972
-0.082728 -3.645968 6.557320 5.075100 0.980927 -0.036488 0.190922 -0.170973 -0.629241 0.758172 -0.092471 0.776353 0.623478
0.005800 -2.979438 5.758119 2.973447 0.969135 -0.075123 0.234807 -0.208570 -0.757641 0.618449 -0.131439 0.648334 0.749924
-0.403606 -5.078806 0.209124 13.319663 0.954621 0.191508 0.228087 -0.024998 -0.711621 0.702119 -0.296773 0.675959 0.674541
-0.385056 -4.340668 -1.275113 17.746499 0.950711 0.182102 0.250974 0.012953 -0.832003 0.554620 -0.309808 0.524032 0.793353
5.063099 -3.776394 90.853465 16.716944 0.987698 -0.150636 -0.041980 0.091249 0.773196 -0.627568 -0.126993 -0.616017 -0.777429
2.379475 -3.551330 45.547342 26.643852 0.995472 -0.081326 -0.049215 0.043848 0.852215 -0.521352 -0.084341 -0.516833 -0.851922
3.516546 -5.107845 -10.094041 -15.838108 0.899772 -0.376781 0.220103 0.017150 -0.473483 -0.880636 -0.436022 -0.796147 0.419565
1.623966 -11.271335 -6.793938 19.532258 -0.672659 0.547198 -0.498100 -0.108643 0.592821 0.797972 0.731934 0.590878 -0.339317
1.361048 -10.873620 -8.512765 -0.622112 0.742653 -0.497937 0.447801 -0.150180 0.527816 0.835976 0.652620 0.688091 -0.317204
-7.639505 -16.805443 -49.088801 17.963454 0.095024 0.867904 -0.487559 -0.705809 0.404124 0.581822 -0.702000 -0.288836 -0.650976
-8.289833 -17.101763 18.697453 -45.630566 0.357410 0.789060 -0.499642 -0.828301 0.514964 0.220748 -0.431481 -0.334957 -0.837632
-6.326587 -19.025373 -93.839540 145.821233 -0.707969 -0.560841 0.429228 -0.608757 0.792723 0.031709 -0.358043 -0.238847 -0.902639
0.696759 -4.086092 -9.388401 0.304953 0.899798 0.337893 0.276030 -0.286048 0.934567 -0.211566 -0.329455 0.111409 0.937575
0.880785 -3.817666 19.064221 2.603392 0.928797 0.299640 0.218064 -0.232525 0.929384 -0.286666 -0.288561 0.215550 0.932883
0.628303 -3.850476 25.458558 1.493775 0.918796 0.344931 0.191930 -0.314584 0.933554 -0.171796 -0.238435 0.097467 0.966255
-0.389749 -3.690106 37.552402 5.211838 0.909872 0.378768 0.169316 -0.362067 0.924169 -0.121732 -0.202585 0.049457 0.978015
0.608727 -3.883474 32.247170 4.889192 0.908755 0.380328 0.171798 -0.373615 0.924851 -0.071144 -0.185946 0.000467 0.982560
0.797076 -4.023876 -0.570867 -0.901399 0.898796 0.372372 0.231312 -0.361285 0.928080 -0.090221 -0.248272 -0.002479 0.968687
0.023196 -28.284012 0.290780 269.102276 0.907587 0.116062 -0.403504 -0.169712 -0.777620 -0.605397 0.384036 -0.617930 0.686061
-0.274635 -46.661025 10.492356 686.870021 0.908879 0.159074 -0.385532 -0.050718 0.959699 0.276416 0.413965 -0.231676 0.880318
0.079655 -25.650855 2.134653 -102.390495 0.902645 0.095747 -0.419600 0.019345 0.964929 0.261798 0.429950 -0.244428 0.869136
0.033389 -35.150608 14.168665 448.174259 0.893702 0.115887 -0.433436 -0.202183 0.966439 -0.158486 0.400523 0.229273 0.887139
1.173942 -15.878324 253.437754 278.751300 0.861744 -0.352558 -0.364829 0.060008 -0.643219 0.763327 0.503782 0.679685 0.533134
76.049590 3.160776 -490.733397 244.348769 -0.142350 0.980863 -0.132834 0.893033 0.069392 -0.444609 0.426883 0.181916 0.885821
5.780265 -0.082275 -672.724079 -233.525007 -0.110234 -0.209096 0.971662 0.978931 0.146221 0.142524 -0.171878 0.966901 0.188572
4.782579 -145.138639 -144.651656 347.885949 0.684421 0.655517 -0.319163 -0.293872 -0.152590 -0.943587 0.667238 -0.739603 -0.088202
-1.244223 -2.951483 7.858293 18.408495 0.787518 0.515080 0.338390 0.608771 -0.564640 -0.557296 0.095983 -0.644883 0.758230
-1.299112 -8.438068 8.384974 0.896859 0.929654 0.261417 -0.259625 0.333114 -0.897456 0.289149 0.157414 0.355293 0.921405
0.850052 -17.897165 -7.071448 264.044461 0.969429 0.233237 0.076216 -0.014860 0.365845 -0.930557 0.244923 -0.900976 -0.358126
0.193403 -5.623252 5.619749 6.925883 0.985577 0.166956 0.027651 0.104427 -0.728570 0.676964 -0.133169 0.664312 0.735497
-1.970646 -5.061603 -33.006550 -17.871280 0.806172 -0.417563 0.419200 -0.591169 -0.597934 0.541290 -0.024631 0.684191 0.728887
-0.596762 -4.629061 29.888563 4.376519 0.977726 0.200570 -0.061833 0.198731 -0.789927 0.580105 -0.067508 0.579472 0.812192
1.264714 -6.015277 -41.667586 26.322625 0.947063 0.319759 -0.028733 0.283192 -0.789878 0.543962 -0.151241 0.523304 0.838617
-4.106795 -6.980479 144.772350 -98.791766 0.833681 0.408156 -0.372000 0.543440 -0.726148 0.421168 0.098225 0.553280 0.827184
0.288695 -7.014394 8.645969 -3.824511 0.930707 0.344735 -0.122238 0.364381 -0.844830 0.391776 -0.031788 0.409170 0.911904
0.590007 -1.688556 -19.260061 18.051671 0.830191 0.445852 0.334663 -0.311248 -0.127344 0.941758 -0.462502 0.886002 -0.033051
0.191525 -2.147812 -16.467034 20.944762 0.813563 0.438975 0.381335 -0.373361 -0.108396 0.921331 -0.445776 0.891937 -0.075709
0.333369 -2.748445 -17.961313 21.899410 0.821269 0.439155 0.364225 -0.389673 -0.034546 0.920305 -0.416739 0.897747 -0.142755
2.208909 -0.103865 -33.271237 -1.131385 0.503383 -0.595435 -0.626149 0.860866 0.407886 0.304203 0.074264 -0.692161 0.717912
1.840443 -0.064625 56.995355 -1.279204 0.357473 -0.491412 -0.794183 0.919988 0.331643 0.208891 0.160734 -0.805312 0.570646
1.471201 0.074398 34.017572 -2.075948 0.391470 -0.525107 -0.755654 0.907558 0.355931 0.222827 0.151953 -0.773030 0.615902
1.609284 0.034800 -26.908789 2.027841 0.629004 -0.532825 -0.566084 0.773918 0.498044 0.391155 0.073518 -0.684141 0.725635
1.970046 -0.284714 -61.201438 6.770947 0.658908 -0.578672 -0.480604 0.752004 0.522200 0.402241 0.018206 -0.626455 0.779245
1.590938 -0.306883 -61.972117 3.578520 0.633437 -0.613301 -0.471825 0.773775 0.497806 0.391741 -0.005378 -0.613230 0.789886
-2.720693 -5.378483 1.029390 -8.091497 -0.001744 0.516663 -0.856187 -0.024875 0.855901 0.516541 0.999689 0.022198 0.011359
-3.006368 -5.264768 2.552550 -7.179600 0.079518 0.565130 -0.821160 0.004675 0.823548 0.567227 0.996822 -0.048943 0.062845
-2.807777 -5.253777 2.654303 2.655760 -0.018441 0.590221 -0.807031 0.140306 0.800709 0.582391 0.989936 -0.102492 -0.097577
-2.854327 -5.536371 0.796722 -8.992831 -0.093046 0.511471 -0.854248 0.002959 0.858109 0.513460 0.995657 0.045248 -0.081357
0.661740 -3.259244 -7.729252 11.744540 0.978348 0.173336 0.113094 -0.079763 0.820000 -0.566778 0.190980 -0.545486 -0.816071
0.538807 -3.624204 -11.391503 14.317788 0.983091 0.159501 0.089948 -0.064837 0.762587 -0.643628 0.171252 -0.626913 -0.760035
0.275692 -3.514236 -12.276352 16.009537 0.986584 0.131026 0.097385 -0.044565 0.790027 -0.611450 0.157053 -0.598907 -0.785267
0.088190 -3.061988 -2.411818 15.843710 0.985939 0.069445 0.151989 0.019757 0.854729 -0.518698 0.165931 -0.514408 -0.841339
2.743616 -14.249941 89.002220 -2.165511 0.038731 0.516688 0.855297 -0.729564 0.599509 -0.329128 -0.682815 -0.611247 0.400177
11.445765 -15.512647 301.581231 41.627350 -0.085754 0.544502 0.834364 -0.603920 0.637656 -0.478200 -0.792418 -0.544897 0.274155
4.386754 -14.665124 128.329888 200.451571 0.064868 0.507154 0.859411 -0.374203 0.810742 -0.450188 -0.925075 -0.292392 0.242370
3.732731 -14.508693 -107.848992 173.976828 0.030564 -0.530011 -0.847440 0.885612 -0.378727 0.268806 -0.463419 -0.758719 0.457809
0.735487 -13.644409 44.527959 100.645018 0.095051 0.495263 0.863528 -0.570638 0.737893 -0.360396 -0.815682 -0.458506 0.352753
0.948552 -14.843212 -39.243928 136.711448 -0.058757 -0.505627 -0.860749 0.935580 -0.328635 0.129183 -0.348191 -0.797710 0.492364
0.333694 -14.654671 -29.219636 76.422125 -0.066769 -0.482527 -0.873333 0.859222 -0.472769 0.195520 -0.507228 -0.737332 0.446164
-0.443444 -5.101674 -6.007893 -5.027122 -0.124690 -0.391944 0.911500 -0.408311 0.857545 0.312888 -0.904287 -0.333161 -0.266962
-0.529945 -4.932177 -7.508769 12.882167 -0.132498 -0.378761 0.915961 -0.251349 0.906742 0.338590 -0.958785 -0.185363 -0.215343
-0.309223 -5.252021 -11.623698 14.405742 -0.146193 -0.388361 0.909837 -0.271432 0.900168 0.340620 -0.951290 -0.197163 -0.237012
-0.459967 -4.966410 -6.188600 23.133719 -0.133672 -0.321838 0.937311 -0.088011 0.945917 0.312241 -0.987110 -0.040756 -0.154767
-0.108514 -6.204626 0.225540 -50.101561 -0.220212 0.422522 -0.879194 0.704505 0.692287 0.156240 0.674669 -0.584991 -0.450119
-0.015272 -5.631085 -0.877768 -40.017480 -0.199902 0.444495 -0.873191 0.786909 0.603812 0.127220 0.583792 -0.661691 -0.470481
-0.219372 -7.028018 1.111344 -23.119933 -0.237226 0.406768 -0.882193 0.517592 0.821408 0.239558 0.822084 -0.399787 -0.405399
-1.270003 -9.544743 6.235084 50.389375 -0.519079 -0.620204 0.588136 0.853725 -0.409509 0.321646 0.041361 0.669066 0.742051
-1.347170 -9.478583 4.076579 54.145878 -0.503920 -0.606755 0.614746 0.863215 -0.328716 0.383153 -0.030403 0.723737 0.689406
-1.249946 -10.587532 -4.392227 66.249160 -0.508510 -0.574170 0.641675 0.839440 -0.164642 0.517912 -0.191723 0.802011 0.565704
-1.052993 -4.712814 8.066620 -4.264276 -0.265708 -0.637568 0.723122 -0.603029 0.695144 0.391319 -0.752167 -0.332087 -0.569178
-2.275130 -3.912597 -28.749236 -14.697001 0.233881 0.727954 -0.644502 -0.655711 0.607542 0.448259 -0.717874 -0.317767 -0.619420
-1.079939 -4.728213 6.570454 26.156281 -0.353430 -0.549606 0.756981 -0.650442 0.725961 0.223397 -0.672319 -0.413417 -0.614064
-1.003082 -5.286519 -6.479016 -46.825718 0.204888 0.733391 -0.648196 -0.560037 0.630969 0.536877 -0.802733 -0.253014 -0.540004
-0.857491 -5.448669 2.751257 14.316439 -0.309235 -0.560195 0.768476 -0.666938 0.703797 0.244670 -0.677914 -0.436865 -0.591254
-0.691038 -5.661358 6.512088 -2.944186 -0.251807 -0.603945 0.756203 -0.556417 0.729668 0.397473 -0.791829 -0.320677 -0.519781
-0.727098 -5.327158 7.478624 -31.659434 -0.210685 -0.669759 0.712064 -0.519769 0.693666 0.498665 -0.827920 -0.265048 -0.494265
1.248259 -8.575892 -21.970975 10.973148 0.305342 0.630288 0.713795 -0.752548 0.619023 -0.224684 0.583471 0.468559 -0.663335
0.921531 -9.076516 24.619786 28.069593 -0.317465 -0.629510 -0.709178 -0.577128 0.721672 -0.382248 0.752422 0.287936 -0.592413
3.940513 -4.937403 -46.208208 -20.017107 0.031233 0.580611 -0.813582 0.245665 0.784550 0.569324 0.968852 -0.217650 -0.118132
4.174917 -6.653067 -45.681027 22.023551 0.061139 0.724218 -0.686855 0.004366 -0.688330 -0.725385 0.998120 -0.041351 0.045246
4.503491 -6.872828 -20.871765 23.401922 0.024443 0.732813 -0.679990 -0.017039 -0.679789 -0.733209 0.999556 -0.029508 0.004130
-0.714881 -14.294538 5.463409 34.583199 -0.167978 0.818383 -0.549575 -0.298765 -0.573540 -0.762752 0.939427 -0.036068 -0.340846
-0.777844 -12.776825 2.389414 27.538750 -0.133900 0.801360 -0.583004 -0.226670 -0.597472 -0.769187 0.964724 -0.029156 -0.261645
-0.857532 -12.413771 2.957795 15.915476 -0.103716 0.810430 -0.576582 -0.422098 -0.560780 -0.712291 0.900597 -0.169498 -0.400243
14.235732 -2.863837 205.680011 2.194931 -0.365735 0.304999 0.879326 0.079912 0.951583 -0.296824 -0.927282 -0.038291 -0.372400
13.577227 -1.364058 -209.092777 -27.216637 -0.801938 0.292872 0.520693 0.157962 0.944520 -0.287977 -0.576145 -0.148690 -0.803709
13.752184 -1.818431 81.104796 -32.487554 -0.562053 0.314451 0.764995 0.123997 0.946493 -0.297954 -0.817754 -0.072609 -0.570970
-7.462111 -13.033927 10.260976 -225.669374 -0.145177 -0.372625 -0.916556 -0.009725 0.926863 -0.375275 0.989358 -0.045568 -0.138183
-7.851759 -25.083524 26.050523 -640.741682 -0.154236 -0.318298 -0.935360 0.072184 0.940528 -0.331960 0.985394 -0.118718 -0.122087
-4.127152 -16.909179 9.457949 -404.822190 -0.309059 0.082513 -0.947457 0.183442 0.982693 0.025744 0.933184 -0.165847 -0.318847
-4.048446 -14.936050 -28.843291 -397.430392 0.151942 0.960390 0.233593 -0.214840 0.262777 -0.940634 0.964758 -0.092736 -0.246257
-5.764994 -7.252388 -16.601970 174.160574 -0.183645 0.839776 -0.510931 -0.355353 -0.541336 -0.762024 0.916514 -0.041619 -0.397831
-0.898057 -1.910262 5.808035 25.543525 0.990417 0.067673 0.120391 -0.135045 0.657090 0.741617 0.028920 0.750768 -0.659932
-0.609005 -2.400556 10.686567 23.544466 0.987048 0.056430 0.150170 -0.145923 0.704721 0.694316 0.066648 0.707236 -0.703829
-0.877187 -2.549935 3.699741 21.643417 0.983292 0.106454 0.147664 -0.178499 0.722987 0.667404 0.035711 0.682611 -0.729909
-1.007407 -2.004193 0.662734 30.547996 0.988448 0.103416 0.110799 -0.151550 0.665071 0.731240 -0.001933 0.739584 -0.673061
-1.659064 -4.473175 -3.058316 10.656203 -0.092789 -0.318148 0.943489 -0.689097 0.704498 0.169789 -0.718704 -0.634401 -0.284604
-1.842844 -4.620339 5.502045 0.887222 0.091206 0.249502 -0.964070 0.729718 -0.675515 -0.105788 -0.677638 -0.693851 -0.243677
-1.802982 -4.230623 -9.436667 2.440128 -0.096116 -0.249648 0.963555 -0.646014 0.752101 0.130421 -0.757250 -0.609934 -0.233565
-2.157405 -4.460317 -13.000507 0.509435 -0.085488 -0.185072 0.979000 -0.706609 0.703995 0.071382 -0.702422 -0.685667 -0.190956
-1.459605 -4.038114 -12.395083 13.583077 -0.112328 -0.331066 0.936898 -0.586846 0.782972 0.206316 -0.801869 -0.526640 -0.282235
3.509476 -17.657386 -11.783571 -271.603062 0.828529 0.507471 -0.236670 -0.555430 0.691257 -0.462235 0.070971 -0.514429 -0.854591
2.536780 -12.035841 1.532589 -75.396784 0.796977 0.565406 -0.212471 -0.553183 0.542021 -0.632615 0.242521 -0.621715 -0.744752
3.966355 -15.145963 -44.541457 -208.104961 0.861211 0.481664 -0.162222 -0.495335 0.723938 -0.480164 0.113839 -0.493877 -0.862048
2.681353 -9.602540 -23.500854 -43.238055 0.860592 0.506656 -0.051772 -0.422466 0.653401 -0.628164 0.284436 -0.562465 -0.776357
5.624336 -24.777396 -58.434022 -495.618090 0.869607 0.460908 -0.177051 -0.492674 0.833607 -0.249742 -0.032483 -0.304406 -0.951988
5.010481 -13.735954 -46.093101 -154.005740 0.891943 0.451513 -0.023960 -0.421132 0.810302 -0.407501 0.164577 -0.373558 -0.912890
0.588142 -26.433299 88.598928 591.321805 0.428627 0.627128 -0.650377 -0.407145 -0.508545 -0.758693 0.806543 -0.589994 -0.037356
-5.381366 -12.402681 155.659520 254.077182 0.466483 0.773243 -0.429522 -0.398993 -0.249438 -0.882375 0.789429 -0.582989 -0.192160
284.333682 -10.305321 -6917.985768 52.250482 0.353453 0.623937 -0.696975 -0.516758 0.751297 0.410506 0.779764 0.215073 0.587972
2.638101 -6.258811 -164.234609 -3.649692 0.369534 0.560560 -0.741092 -0.384428 0.818318 0.427284 0.845967 0.127001 0.517891
2.073794 -5.861696 -152.404939 23.380730 0.369218 0.538055 -0.757743 -0.581323 0.769859 0.263402 0.725080 0.343241 0.597029
-5.379074 -6.200653 23.753317 15.784246 0.967874 -0.092587 0.233769 -0.169523 0.446346 0.878657 0.185694 0.890058 -0.416311
-3.867906 -5.716641 12.382989 -6.696405 0.654826 -0.041862 0.754619 0.694495 -0.360528 -0.622653 0.298126 0.931809 -0.207010
-4.813191 -6.045825 31.611748 17.082495 0.813043 -0.049319 0.580111 -0.510764 0.417806 0.751371 0.279431 0.907197 -0.314504
-4.982272 -6.103612 2.312536 -8.488160 0.885524 0.114687 0.450217 -0.375503 0.747309 0.548203 0.273580 0.654504 -0.704825
-5.436391 -6.161473 32.953150 -3.386094 0.946064 -0.137793 0.293218 -0.153885 0.605319 0.780966 0.285102 0.783965 -0.551467
-5.013198 -6.138594 23.053923 -16.916848 0.908700 -0.165943 0.383050 -0.081708 0.829144 0.553031 0.409375 0.533837 -0.739885
-4.497888 -6.164554 -13.782048 -12.639351 -0.827548 0.178281 -0.532334 -0.152301 0.841378 0.518543 0.540341 0.510195 -0.669129
4.289001 -1.761663 67.761960 6.663774 0.860284 -0.400324 -0.315677 0.372187 0.069999 0.925515 0.348408 0.913696 -0.209215
5.664785 -2.327778 111.071146 1.974200 0.929350 -0.337464 -0.149756 0.222511 0.188278 0.956577 0.294614 0.922318 -0.250065
6.102171 -8.443645 46.860767 -73.058071 0.709189 0.050239 -0.703226 0.583622 -0.601416 0.545605 0.395521 0.797355 0.455838
6.002051 -7.019837 16.449862 -70.896242 0.732733 0.054753 -0.678310 0.632674 -0.421941 0.649376 0.250652 0.904968 0.343811
6.083357 -5.646170 -25.121239 -70.353157 0.736337 -0.071480 -0.672829 0.612475 -0.352183 0.707701 0.287545 0.933198 0.215545
6.006821 -5.213293 -26.064837 -64.263643 0.738256 -0.240018 -0.630373 0.546885 -0.334056 0.767674 0.394835 0.911481 0.115356
-0.531332 -5.754107 1.087963 20.757796 0.960583 0.218989 0.171243 -0.039763 -0.501428 0.864285 -0.275135 0.837027 0.472955
-0.583433 -6.023477 -1.192280 14.979725 0.964027 0.212361 0.159861 -0.074230 -0.362405 0.929060 -0.255230 0.907505 0.333605
-0.700412 -5.242722 -1.424929 13.250589 0.969410 0.187325 0.158597 -0.057432 -0.455099 0.888587 -0.238632 0.870514 0.430419
-0.423470 -6.296729 -2.427377 10.908980 0.960368 0.241073 0.139919 -0.060877 -0.308450 0.949290 -0.272006 0.920186 0.281550
-0.606096 -6.665443 0.985564 23.615620 0.965750 0.218924 0.139279 -0.099989 -0.181324 0.978327 -0.239433 0.958746 0.153224
-0.558668 -6.540351 2.245795 19.067329 0.965450 0.223726 0.133616 -0.083067 -0.221779 0.971552 -0.246994 0.949084 0.195532
-0.690403 -6.202501 -5.416967 21.036887 0.966148 0.211484 0.147761 -0.085299 -0.278675 0.956590 -0.243481 0.936811 0.251202
1.295058 -8.808111 -1.396745 -52.590115 0.944608 0.267970 -0.189493 0.328200 -0.772346 0.543845 0.000620 0.575912 0.817512
1.129827 -9.020768 13.797627 -11.079006 0.927562 0.240002 -0.286405 0.344476 -0.846213 0.406521 0.144794 0.475733 0.867590
0.749007 -8.333136 12.018007 -50.746150 0.925917 0.241287 -0.290618 0.371918 -0.716786 0.589827 0.065994 0.654217 0.753423
1.958347 -4.115925 39.755034 23.215191 0.997313 -0.059115 -0.043277 0.022819 0.811964 -0.583262 -0.069619 -0.580707 -0.811130
7.894568 -3.453368 136.146440 -10.782236 0.971201 -0.212793 -0.107178 0.077086 0.706275 -0.703728 -0.225446 -0.675200 -0.702338
4.734693 -3.651681 84.751345 -0.986468 0.989551 -0.144174 0.001667 0.100461 0.681134 -0.725234 -0.103425 -0.717824 -0.688500
2.202275 -4.085512 42.411334 8.217922 0.995409 -0.095034 -0.011386 0.062085 0.731630 -0.678869 -0.072846 -0.675046 -0.734171
