12638
25254
-6.118762 -9.266596 -76.393532 236.792098 0.263666 0.934657 0.238532 -0.671201 0.355368 -0.650541 0.692799 -0.011423 -0.721040
-7.913207 -10.716246 -17.175479 162.197454 0.171394 0.930161 0.324691 -0.556327 0.363371 -0.747303 0.813096 0.052551 -0.579753
-4.687869 -12.329595 -126.792917 244.350899 0.333765 0.901567 0.275278 -0.522255 0.419964 -0.742213 0.784762 -0.103959 -0.611017
-6.659425 -8.144051 48.243289 88.210625 -0.357023 0.903799 -0.235968 -0.589923 -0.414027 -0.693234 0.724241 0.108298 -0.680989
-3.400386 -11.531689 -175.546390 372.563061 0.369061 0.912981 0.173954 -0.645566 0.386467 -0.658702 0.668610 -0.130802 -0.732019
-2.905860 -8.370811 -137.767175 222.154186 0.236275 0.969627 0.063233 -0.758360 0.224697 -0.611883 0.607506 -0.096619 -0.788417
-4.510667 -6.457952 -42.812245 95.665495 -0.084259 0.986537 -0.140165 -0.775301 -0.153270 -0.612713 0.625946 -0.057043 -0.777777
-5.465447 -7.105550 65.983949 60.404450 -0.547728 0.714390 -0.435479 -0.506092 -0.697376 -0.507482 0.666232 0.057570 -0.743519
-7.558466 -9.697476 -35.279090 5.486638 0.584532 0.775612 0.238220 -0.512936 0.125759 0.849165 -0.628664 0.618556 -0.471349
-7.409811 -9.618206 -28.007302 -1.122614 0.578328 0.791822 0.196356 0.592812 -0.242539 -0.767951 -0.560456 0.560530 -0.609669
-6.807556 -9.676389 -20.204461 14.356004 0.514856 0.848532 0.122134 -0.459585 0.152934 0.874867 -0.723674 0.506562 -0.468712
-8.060664 -9.553975 -37.023873 9.380181 0.628265 0.708960 0.320403 0.641920 -0.239692 -0.728345 -0.439570 0.663267 -0.605686
-6.856944 -9.455869 -29.701594 11.466215 0.526191 0.839048 0.138280 -0.344317 0.061535 0.936835 -0.777540 0.540567 -0.321278
-8.345814 -9.710262 -48.683678 -3.294963 0.661295 0.669852 0.337621 -0.558296 0.138909 0.817930 -0.500994 0.729385 -0.465836
-7.780553 -9.565568 -51.295904 9.352390 0.620161 0.751011 0.226678 -0.388920 0.043398 0.920249 -0.681279 0.658862 -0.318997
6.022188 -13.991472 13.921704 -40.428061 0.169036 0.984333 -0.050148 0.239421 0.008348 0.970880 -0.956088 0.176120 0.234259
6.019602 -14.815759 38.951866 30.609764 0.092730 0.994993 -0.037276 0.150206 0.023029 0.988387 -0.984296 0.097252 0.147318
6.529816 -14.817870 12.772642 20.565173 0.167132 0.985730 -0.020067 0.026240 0.015899 0.999529 -0.985585 0.167580 0.023209
-3.186979 -4.796105 -51.044639 -43.431818 -0.062929 0.040610 0.997191 0.353233 0.935402 -0.015802 -0.933416 0.351247 -0.073209
-2.183419 -4.168447 -28.628759 -33.045872 -0.095888 -0.064967 0.993270 0.253706 0.963316 0.087500 -0.962517 0.260389 -0.075888
-2.478958 -4.439453 14.602594 -43.281893 -0.179720 -0.488010 0.854135 0.215119 0.827761 0.518204 -0.959909 0.276872 -0.043785
-2.568939 -5.372098 -20.038694 -76.145721 0.224715 0.783322 -0.579577 0.164783 0.555674 0.814907 -0.960390 0.278626 0.004210
-3.300182 -4.873818 49.084027 -46.709954 -0.231722 -0.663652 0.711246 0.243501 0.668299 0.702911 -0.941813 0.336069 0.006741
-0.293249 -7.843159 -160.021616 3.425766 0.012370 0.997391 -0.071123 -0.500938 0.067740 0.862828 -0.865395 -0.024955 -0.500469
0.959275 -7.489109 -92.645477 17.265513 0.044963 0.996326 -0.072896 -0.377710 0.084507 0.922060 -0.924832 0.013925 -0.380122
-1.489115 -7.817112 -110.711031 14.365621 0.015367 0.999787 -0.013779 -0.468520 0.019374 0.883241 -0.883319 0.007117 -0.468718
-2.042813 -7.877184 -137.749443 5.208666 0.017733 0.999575 -0.023131 -0.583116 0.029132 0.811866 -0.812195 0.000909 -0.583385
-0.195920 -7.143522 -4.696832 -5.933447 -0.154883 0.983505 -0.093428 -0.758623 -0.057820 0.648960 -0.632853 -0.171390 -0.755065
-0.044815 -7.515979 -3.700608 -16.198894 -0.154335 0.983897 -0.090147 -0.642173 -0.030553 0.765951 -0.750863 -0.176103 -0.636548
-0.259796 -7.271128 0.102700 -5.785467 -0.167785 0.983725 -0.064297 -0.749624 -0.084954 0.656389 -0.640244 -0.158331 -0.751677
-1.019475 -15.465194 30.236711 57.614051 0.054369 0.997986 0.032680 0.983914 -0.047967 -0.172083 0.170169 -0.041510 0.984540
-0.335361 -14.584532 -21.206132 -2.851390 -0.008476 -0.999524 -0.029658 0.999842 -0.008008 -0.015867 0.015622 -0.029788 0.999434
-0.858191 -15.867401 31.386526 -30.567690 0.014320 0.999306 0.034377 0.998798 -0.015908 0.046373 -0.046887 -0.033672 0.998333
5.583560 -7.245227 -169.452754 74.951285 0.277016 -0.950051 -0.143752 0.959827 0.280556 -0.004557 0.044660 -0.136714 0.989603
0.966688 -5.864360 36.998999 84.753718 -0.223962 0.967235 0.119571 0.962333 0.238876 -0.129821 0.154130 -0.085992 0.984301
1.351437 -9.494317 -57.310078 -90.496275 0.529586 -0.823948 -0.201616 0.841340 0.540506 0.001059 0.108102 -0.170189 0.979464
1.777468 -6.489379 71.399346 84.012873 -0.160759 0.982785 0.091051 0.981369 0.168996 -0.091410 0.105224 -0.074659 0.991642
23.566841 -7.345363 -859.351869 -30.717767 0.086642 -0.960673 -0.263818 0.995791 0.075564 0.051873 -0.029897 -0.267202 0.963177
30.695645 -6.334529 -968.937490 22.527125 -0.041265 -0.972989 -0.227134 0.994051 -0.062914 0.088912 -0.100801 -0.222113 0.969796
5.448312 -7.236267 -175.572235 68.416198 0.196632 -0.975450 -0.099164 0.979463 0.190822 0.065107 -0.044586 -0.109929 0.992939
1.667745 -8.618067 31.476747 -9.137564 0.228386 0.971939 0.056345 0.659088 -0.111757 -0.743716 0.716550 -0.206990 0.666117
2.406140 -8.541641 61.173570 40.080512 0.199036 0.975167 0.097127 0.538413 -0.026002 -0.842280 0.818838 -0.219939 0.530218
-0.428297 -9.308869 -119.397155 15.254820 0.316574 0.948534 0.008010 0.601504 -0.194209 -0.774904 0.733467 -0.250133 0.632028
-1.699787 -8.710102 -207.896179 -34.453003 0.357823 0.933552 -0.021067 0.697771 -0.282307 -0.658346 0.620547 -0.220872 0.752421
-5.287944 -10.659821 -268.628706 255.030966 0.607674 0.741212 -0.285197 0.469537 -0.624926 -0.623701 0.640521 -0.245096 0.727777
-3.581939 -11.031249 -248.071077 184.416692 0.482092 0.853609 -0.197331 0.458226 -0.437634 -0.773631 0.746737 -0.282539 0.602126
-1.376311 -4.347303 -10.331676 -87.308937 -0.026095 0.988695 -0.147654 -0.432511 -0.144330 -0.890002 0.901251 -0.040638 -0.431387
-1.747580 -3.353922 -0.393076 -69.679300 -0.020577 0.990935 -0.132755 -0.373415 -0.130791 -0.918398 0.927436 -0.030675 -0.372721
-1.322371 -4.284730 -17.960023 -89.689478 0.040324 0.996699 -0.070470 -0.426587 -0.046604 -0.903245 0.903547 -0.066484 -0.423299
-0.627233 -5.653600 -28.933877 -64.080459 0.052045 0.995979 -0.072913 -0.517937 -0.035505 -0.854682 0.853834 -0.082246 -0.514007
-1.181893 -5.452425 -19.255182 -65.143925 -0.028268 0.987040 -0.157967 -0.513192 -0.149944 -0.845074 0.857808 -0.057179 -0.510780
-1.387200 -3.749555 -18.665445 -12.485187 0.173492 0.972362 -0.156248 0.975882 -0.191082 -0.105555 -0.132493 -0.134166 -0.982062
-1.789238 -3.717072 -29.037675 2.847145 0.020227 0.992769 -0.118327 -0.979328 0.043498 0.197545 -0.201264 -0.111885 -0.973126
-1.580130 -3.567006 18.240445 30.076554 0.359163 0.922079 -0.144126 -0.922463 0.374182 0.095131 -0.141648 -0.098784 -0.984976
-0.956638 -4.164816 -53.772399 -13.898646 -0.038631 0.988039 -0.149289 -0.984225 -0.011809 0.176529 -0.172655 -0.153753 -0.972908
-0.448474 -3.865781 44.820277 0.384910 0.397985 0.906262 -0.142470 0.914106 -0.404881 -0.021956 -0.077581 -0.121494 -0.989556
-0.751624 -3.968757 -36.820532 10.016650 0.137694 0.975449 -0.171873 0.986018 -0.151438 -0.069536 -0.093857 -0.159895 -0.982662
0.383948 -3.930185 -12.130343 -35.789020 0.160799 0.984073 -0.075792 -0.935697 0.127560 -0.328938 0.314031 -0.123811 -0.941305
0.563153 -4.524417 -15.526111 -39.920698 0.147026 0.986113 -0.077235 -0.957643 0.122366 -0.260665 0.247595 -0.112288 -0.962335
0.115507 -4.021712 -24.043179 -24.284506 0.128406 0.986786 -0.098817 -0.944245 0.091190 -0.316365 0.303173 -0.133931 -0.943477
-0.083596 -3.694224 -24.901235 -15.209413 0.086029 0.988697 -0.122787 -0.929010 0.035085 -0.368387 0.359915 -0.145762 -0.921528
0.156427 -3.391739 -11.815766 -27.996053 0.133393 0.986748 -0.092387 -0.919606 0.088481 -0.382748 0.369501 -0.136016 -0.919222
-1.090864 -14.178631 70.718528 -26.270621 -0.309800 0.891858 0.329565 -0.068235 0.324870 -0.943294 0.948350 0.314720 0.039789
-0.757411 -14.643453 64.171810 162.557197 -0.293694 0.872689 0.390074 0.043446 0.419835 -0.906560 0.954912 0.249304 0.161218
-1.315795 -15.858057 5.076641 -87.095819 -0.259489 0.908910 0.326416 -0.024898 0.331585 -0.943097 0.965425 0.252850 0.063412
-1.281417 -15.300341 9.983419 -206.691941 -0.270940 0.923730 0.270766 -0.144252 0.239148 -0.960208 0.951726 0.299217 -0.068455
-1.340564 -21.410793 -57.039557 -313.044901 -0.203458 0.936623 0.285204 -0.212906 0.242002 -0.946629 0.955655 0.253321 -0.150175
-1.346356 -17.506460 -18.535429 -59.792514 -0.221177 0.911614 0.346469 -0.006417 0.353900 -0.935261 0.975212 0.209082 0.072425
-2.818108 -25.168891 -22.492483 -8.924031 -0.120500 0.954974 0.271118 0.902152 0.219309 -0.371518 0.414249 -0.199822 0.887958
-1.670360 -26.390949 -19.756102 112.912733 -0.121202 0.954159 0.273662 0.752291 0.268158 -0.601789 0.647587 -0.132936 0.750306
-1.926215 -28.389487 67.244959 88.904636 -0.120495 0.977278 0.174380 0.819936 0.197002 -0.537489 0.559630 -0.078216 0.825044
-3.186661 -27.151419 27.319850 -207.076085 -0.125716 0.969285 0.211380 0.967413 0.166982 -0.190338 0.219789 -0.180563 0.958692
-2.889497 -25.753260 81.876979 -104.548665 0.150493 -0.930378 -0.334289 0.968518 0.206577 -0.138920 0.198304 -0.302859 0.932176
-1023.358309 -1531.555900 -52328.267513 -216679.806554 0.461686 -0.822041 -0.333309 0.810976 0.238924 0.534072 -0.359393 -0.516879 0.776964
-35.603356 -363.953381 1561.253975 -70915.388342 -0.351376 0.928233 0.122138 0.446579 0.051513 0.893260 -0.822862 -0.368414 0.432630
-86.280293 -1221.661017 3106.159641 74970.187298 -0.440032 0.890392 -0.116504 -0.418361 -0.088475 0.903962 -0.794573 -0.446513 -0.411437
-74.852690 -1476.792913 3204.699824 -601055.113902 -0.261014 0.933640 -0.245334 -0.859030 -0.340584 -0.382191 0.440386 -0.110992 -0.890921
-735.529461 -2809.759971 12384.278779 330423.082291 0.850621 0.118506 0.512249 0.392939 0.504054 -0.769109 0.349346 -0.855503 -0.382194
1556.267661 26.654899 1264404.432326 35862.741427 -0.523623 -0.280103 -0.804588 0.851784 -0.153490 -0.500903 0.016808 -0.947620 0.318959
3.895860 -0.929325 -6.645733 154.534433 -0.146494 0.689809 -0.709016 0.065533 0.721941 0.688844 0.987038 0.054448 -0.150965
2.843363 -2.365812 -79.250712 -146.624259 -0.081213 0.753584 -0.652315 -0.095532 -0.657349 -0.747506 0.992108 -0.001610 -0.125376
3.676093 -0.614282 -105.164995 -16.534494 -0.132705 0.336890 -0.932145 0.037969 0.941501 0.334866 0.990428 0.009046 -0.137733
3.673271 -1.742130 6.857208 -132.598582 -0.157946 0.828395 -0.537416 -0.145243 -0.557818 -0.817156 0.976707 0.051010 -0.208424
4.014319 0.892506 -7.526320 60.972132 -0.221740 0.418209 -0.880870 0.013448 0.904584 0.426083 0.975013 0.082634 -0.206207
3.377512 0.373166 61.811637 -138.064889 -0.244784 0.728896 -0.639368 -0.094865 -0.674270 -0.732366 0.964926 0.118618 -0.234197
-3.104798 -6.071988 -10.344662 -14.713011 0.332948 0.890044 -0.311395 0.273512 0.224881 0.935211 -0.902406 0.396547 0.168564
-2.957101 -6.712653 10.581658 -36.340936 0.301738 0.907356 -0.292675 0.272259 0.212193 0.938536 -0.913690 0.362876 0.183009
-2.857033 -6.329966 11.690496 31.581102 0.336794 0.918400 -0.207631 0.349325 0.082902 0.933327 -0.874381 0.386870 0.292899
-3.940636 -5.430157 -31.464767 0.355332 0.427204 0.875065 -0.227506 0.240795 0.132423 0.961500 -0.871502 0.465538 0.154139
-3.426031 -5.415030 -44.397047 -17.889563 0.300967 0.826376 -0.475942 0.264555 0.407142 0.874212 -0.916204 0.389022 0.096086
-1.142171 -7.063464 -40.555449 -50.525548 -0.425929 0.751603 0.503664 -0.168287 -0.612783 0.772125 -0.888968 -0.244111 -0.387487
-1.759932 -6.834967 -20.768244 -60.003117 -0.408064 0.732220 0.545286 -0.158890 -0.645122 0.747377 -0.899020 -0.218337 -0.379593
-1.723809 -6.230675 -24.295222 -54.412743 -0.405257 0.757630 0.511629 -0.271528 -0.634141 0.723973 -0.872949 -0.154474 -0.462707
-1.141761 -7.839130 -48.449718 -51.552983 -0.427410 0.731051 0.531869 -0.030843 -0.599762 0.799584 -0.903531 -0.325346 -0.278893
-0.260004 -7.845876 -63.642260 -37.295332 -0.455769 0.762371 0.459418 -0.043345 -0.534540 0.844031 -0.889042 -0.364770 -0.276672
-7.808186 -10.359622 -45.523465 17.244369 -0.295176 0.946711 -0.128875 0.355937 -0.016217 -0.934369 0.886668 0.321675 0.332183
-7.643527 -10.312288 -42.327679 -50.396731 -0.299750 0.953727 -0.023548 0.203753 0.039886 -0.978209 0.932006 0.298016 0.206281
-7.970646 -10.750822 -29.104529 -26.285618 -0.439262 0.897312 -0.043357 0.180326 0.040789 -0.982761 0.880075 0.439508 0.179725
-8.019429 -10.531206 -7.127641 -22.124890 -0.465785 0.876519 -0.121485 0.341603 0.051462 -0.938434 0.816304 0.478608 0.323392
4.091620 -69.657946 75.909760 -2549.778343 0.208453 0.977907 -0.015666 -0.447653 0.109639 0.887460 -0.869571 0.177981 -0.460618
8.404387 -191.980993 664.968952 -8104.983258 0.217787 0.960159 -0.175112 -0.068866 0.194089 0.978564 -0.973564 0.201060 -0.108393
7.891103 -216.777466 -98.363578 -8685.126049 0.157232 0.987471 0.013385 -0.276118 0.030945 0.960625 -0.948175 0.154737 -0.277524
5.353758 -126.181675 -125.510756 -7323.786078 0.054056 0.998493 -0.009427 -0.239848 0.022148 0.970558 -0.969304 0.050203 -0.240684
4.257135 -42.268197 9.572263 -1695.996234 0.117579 0.984694 -0.128654 -0.405358 0.165859 0.898986 -0.906565 0.053551 -0.418655
-1.970637 -8.562007 44.644260 -151.948689 0.083967 0.994250 0.066459 0.985893 -0.073200 -0.150523 0.144792 -0.078161 0.986370
-1.084883 -9.725983 82.159258 -95.208285 0.126610 0.991680 -0.023263 0.933452 -0.127045 -0.335451 0.335616 -0.020757 0.941770
-1.344268 -8.218072 65.644731 -123.973049 0.058793 0.998221 0.009933 0.985702 -0.056476 -0.158752 0.157909 -0.019124 0.987269
-2.008061 -10.273346 58.636454 -121.971529 0.044275 0.996479 0.071200 0.952051 -0.020490 -0.305254 0.302720 -0.081301 0.949605
-1.799665 -6.515066 -37.774564 -167.854847 0.039330 -0.997564 -0.057607 0.998899 0.040727 -0.023269 0.025558 -0.056629 0.998068
-3.094901 -9.163143 -18.353049 -181.133270 0.011268 -0.989413 -0.144692 0.990055 0.031332 -0.137150 0.140231 -0.141707 0.979926
-2.941440 -7.018023 -27.380759 -150.049998 0.040791 -0.991455 -0.123910 0.998723 0.044157 -0.024544 0.029805 -0.122751 0.991990
11.044766 -8.382733 -214.314843 -159.904348 0.243963 -0.298633 -0.922659 0.327802 0.920801 -0.211357 0.912704 -0.250886 0.322534
6.161710 -9.790006 -20.515580 -25.884187 0.139165 -0.400543 -0.905648 0.188036 0.908597 -0.372953 0.972253 -0.118392 0.201761
8.311348 -6.859342 320.828949 -172.189849 0.037409 -0.229138 -0.972675 0.325002 0.923230 -0.204990 0.944973 -0.308452 0.109008
16.204011 -6.206838 -512.119564 -517.886250 0.322571 -0.441788 -0.837121 0.608843 0.774002 -0.173869 0.724747 -0.453590 0.518650
10.434530 -5.725338 145.533746 -39.638906 -0.331229 0.922267 -0.199276 -0.414796 0.047367 0.908681 -0.847485 -0.383640 -0.366863
7.564030 -8.011942 84.620290 28.101961 -0.321165 0.946838 0.018702 -0.095685 -0.052091 0.994048 -0.942177 -0.317464 -0.107328
7.578630 -4.777872 -14.537640 6.570805 -0.474024 0.849640 -0.231112 -0.328933 0.072599 0.941558 -0.816764 -0.522342 -0.245061
-0.221258 -8.217889 3.299455 16.747971 0.099478 0.978751 0.179308 0.929402 -0.155759 0.334591 -0.355410 -0.133365 0.925147
-0.282312 -8.322755 1.549873 30.061588 0.099873 0.978064 0.182802 0.939372 -0.153253 0.306746 -0.328032 -0.141083 0.934072
-0.248575 -7.770404 -0.489241 22.097881 0.105690 0.976257 0.189084 0.975555 -0.138638 0.170506 -0.192672 -0.166441 0.967044
-0.192036 -7.842410 2.986160 14.388819 0.089094 0.979694 0.179615 0.973289 -0.123942 0.193253 -0.211591 -0.157600 0.964568
-0.090594 -8.159460 5.739153 5.174361 0.087910 0.980933 0.173328 0.920420 -0.146527 0.362431 -0.380918 -0.127674 0.915752
1.659942 -14.213476 64.674130 -170.946083 0.391076 0.919078 -0.048538 0.008831 0.048988 0.998760 -0.920316 0.391020 -0.011042
0.700707 -14.458320 41.315623 -49.049233 0.391516 0.920055 -0.014610 0.036021 0.000541 0.999351 -0.919466 0.391788 0.032930
1.411582 -15.099206 57.785061 4.613395 0.383137 0.922232 -0.051913 0.196049 -0.026269 0.980242 -0.902647 0.385744 0.190867
4.113204 -7.600042 85.865671 -18.552357 -0.043373 0.930635 -0.363370 -0.663748 -0.298681 -0.685732 0.746698 -0.211444 -0.630661
2.875704 -7.209229 71.881042 -12.028396 -0.011550 0.963264 -0.268309 -0.704542 -0.198249 -0.681409 0.709568 -0.181165 -0.680949
5.280136 -8.057352 121.929250 -28.100914 0.034194 0.955498 -0.293008 -0.772635 -0.160691 -0.614177 0.633929 -0.247389 -0.732757
8.216132 -8.425836 196.387144 -22.893377 -0.013137 0.913588 -0.406429 -0.745011 -0.280047 -0.605419 0.666923 -0.294841 -0.684312
5.893950 -7.969205 123.640369 -24.647580 -0.079694 0.875495 -0.476609 -0.614419 -0.419646 -0.668121 0.784945 -0.239593 -0.571364
0.821107 -6.602412 -2.141655 -15.228588 -0.075091 0.995364 -0.060094 0.522525 0.090604 0.847796 -0.849311 -0.032261 0.526906
0.625434 -6.780382 -1.893983 14.047405 -0.062254 0.997973 -0.013226 0.537232 0.044675 0.842250 -0.841134 -0.045327 0.538924
0.535837 -6.634366 -7.399662 0.821256 -0.064341 0.997825 -0.014304 0.434401 0.040910 0.899790 -0.898419 -0.051680 0.436089
-1.520772 -6.845202 -18.003320 63.702691 0.135376 0.987503 -0.080687 -0.956578 0.151483 0.249019 -0.258130 -0.043472 -0.965132
-1.485660 -7.653602 -14.063545 58.921200 0.187724 0.977642 -0.094742 -0.975645 0.196741 0.097002 -0.113473 -0.074225 -0.990765
-1.383792 -7.575806 -19.731649 60.304352 0.166586 0.979004 -0.117474 -0.972479 0.182809 0.144447 -0.162890 -0.090178 -0.982515
-0.760423 -7.596032 -5.613087 -40.060645 0.026631 0.994940 -0.096876 -0.875754 0.069950 0.477663 -0.482022 -0.072119 -0.873186
-0.876578 -7.045219 -1.426707 -41.025439 0.021925 0.997374 -0.069026 -0.897432 0.050062 0.438302 -0.440607 -0.052336 -0.896173
-0.881207 -7.434824 -9.616522 -5.346748 0.084833 0.988127 -0.128099 -0.930843 0.124455 0.343574 -0.355437 -0.090093 -0.930348
-0.571959 -7.803841 -11.654182 -13.771040 0.069221 0.987271 -0.143192 -0.919748 0.118748 0.374115 -0.386357 -0.105804 -0.916261
-0.516403 -8.061520 -7.351322 -39.666424 0.032885 0.992133 -0.120792 -0.855590 0.090414 0.509696 -0.516608 -0.086587 -0.851833
-1.570198 -7.033531 93.812535 -79.008111 0.020128 0.994057 -0.106982 0.079263 -0.108253 -0.990958 0.996651 -0.011466 0.080970
-2.359852 -7.214532 62.327152 -91.959907 0.070261 0.990884 -0.114948 0.084340 -0.120721 -0.989097 0.993957 -0.059800 0.092053
-1.887431 -7.976283 103.024159 -57.013406 0.020472 0.994784 -0.099932 -0.040893 -0.099036 -0.994243 0.998954 -0.024441 -0.038653
-3.010064 -26.769206 -68.546784 190.410668 -0.389668 0.912719 -0.122897 -0.400474 -0.047762 0.915063 -0.829325 -0.405787 -0.384131
-2.571580 -29.900141 -49.457538 298.911502 -0.372548 0.919638 -0.124395 -0.698524 -0.189641 0.690000 -0.610960 -0.343951 -0.713040
-2.235766 -23.910339 -65.173280 283.824918 -0.428526 0.893947 -0.131238 -0.526996 -0.129309 0.839973 -0.733921 -0.429112 -0.526519
-3.598929 -25.051458 -20.709245 309.000194 -0.360595 0.925512 -0.115754 -0.540837 -0.106363 0.834376 -0.759913 -0.363476 -0.538905
-3.484364 -22.614750 -38.398580 -38.167254 -0.364893 0.923202 -0.120625 -0.322430 -0.003759 0.946586 -0.873437 -0.384296 -0.299040
-2.925910 -25.413692 -77.017347 -57.431246 -0.449730 0.884244 -0.125922 -0.134686 0.072231 0.988252 -0.882951 -0.461407 -0.086610
0.537331 -2.791302 106.065792 -21.651098 0.508310 0.808091 -0.297675 0.652822 -0.587013 -0.478790 0.561644 -0.049045 0.825924
-0.127948 -3.172204 87.221368 -35.791585 0.476294 0.836705 -0.270312 0.654758 -0.542687 -0.526101 0.586887 -0.073590 0.806318
1.509930 -3.368485 97.537354 -35.177053 0.477381 0.838786 -0.261811 0.667726 -0.539968 -0.512423 0.571183 -0.069803 0.817849
2.396043 -3.462133 100.269798 5.317936 0.526147 0.804545 -0.275458 0.656786 -0.590211 -0.469343 0.540186 -0.066027 0.838952
1.631852 -3.131523 124.918411 20.383074 0.579543 0.739559 -0.342320 0.615196 -0.672516 -0.411407 0.534475 -0.027834 0.844726
-3.238237 -6.895780 64.058082 92.450306 -0.452649 0.696253 -0.557082 0.758999 0.628747 0.169108 -0.468005 0.346278 0.813058
-2.253702 -6.943640 -58.440869 72.038855 0.529098 -0.572855 0.626013 0.652619 0.746227 0.131276 -0.542350 0.339090 0.768684
-2.791150 -7.895016 -78.851146 83.990031 0.524413 -0.612538 0.591429 0.634657 0.744255 0.208075 -0.567628 0.266237 0.779048
-1.437342 -53.403731 51.081683 -2532.649161 -0.235654 0.917325 -0.320909 -0.884840 -0.065967 0.461201 -0.401902 -0.392637 -0.827231
-1.519135 -246.017957 96.677704 -14163.738672 -0.356366 0.916510 -0.181696 -0.552048 -0.049644 0.832333 -0.753821 -0.396920 -0.523649
-2.871950 -61.797539 -21.133368 3001.141051 -0.292594 0.909570 -0.295078 0.886278 0.142094 -0.440818 -0.359027 -0.390502 -0.847708
1.502528 -12.690427 42.462249 50.182796 -0.152180 0.986879 -0.053959 0.597224 0.048319 -0.800617 0.787505 0.154063 0.596741
2.043114 -12.746204 21.501387 86.067753 -0.102902 0.994266 -0.029106 0.596411 0.038255 -0.801767 0.796056 0.099862 0.596928
1.238381 -14.798958 36.414031 224.166245 -0.157172 0.986683 -0.041887 0.708054 0.083018 -0.701262 0.688445 0.139877 0.711672
-0.149929 -4.542046 -5.414809 22.584277 0.012442 0.984792 0.173290 0.528027 -0.153641 0.835214 -0.849137 -0.081110 0.521908
-0.173103 -4.817981 -14.301294 35.201154 -0.000497 0.988278 0.152664 0.536367 -0.128583 0.834132 -0.843985 -0.082298 0.530016
-0.195541 -4.522700 -12.800680 -14.294527 0.035432 0.973969 0.223893 0.579467 -0.202551 0.789425 -0.814226 -0.101768 0.571559
-1.541672 -6.193392 1.602875 -12.732896 0.405689 0.911513 0.067532 0.641811 -0.336698 0.688995 -0.650766 0.236174 0.721613
-1.659072 -5.908583 6.830599 -33.514153 0.387279 0.919988 0.060300 0.578845 -0.293536 0.760773 -0.717602 0.259727 0.646211
-1.664275 -6.294479 -3.554137 2.778603 0.367220 0.926547 0.081610 0.682180 -0.327932 0.653522 -0.632281 0.184314 0.752495
-1.263891 -5.616739 31.725214 -42.318114 0.409835 0.911868 0.023057 0.556167 -0.269843 0.786042 -0.722989 0.309324 0.617742
-1.486292 -6.191642 -14.530643 21.395587 0.387472 0.917374 0.091046 0.736992 -0.367578 0.567212 -0.553812 0.152679 0.818524
-1.519282 -6.210526 -8.760516 5.430307 0.420094 0.904787 0.069871 0.698534 -0.371557 0.611552 -0.579286 0.208102 0.788113
-1.215708 -6.013064 34.453105 -24.316602 0.420443 0.907103 0.019803 0.619255 -0.302841 0.724438 -0.663137 0.292321 0.689055
-0.781396 -3.910234 13.127437 40.146559 -0.063336 0.996894 -0.046800 0.957784 0.073894 0.277830 -0.280425 0.027228 0.959490
-0.449241 -3.274436 16.252207 21.354148 -0.035618 0.998587 -0.039430 0.973276 0.043618 0.225459 -0.226861 0.030346 0.973454
-0.431664 -3.763082 3.189309 32.860170 0.069435 0.997564 -0.006669 0.959560 -0.064959 0.273906 -0.272805 0.025418 0.961733
-0.934562 -3.581687 27.738934 34.197700 -0.186427 0.979433 -0.077173 0.951435 0.199567 0.234401 -0.244981 0.029727 0.969072
-0.878498 -4.468710 6.632232 47.457736 0.041713 0.998976 -0.017503 0.941229 -0.033412 0.336111 -0.335183 0.030494 0.941660
-1.154244 -4.576210 11.720720 55.417550 -0.086526 0.994696 -0.055624 0.935675 0.100310 0.338305 -0.342090 0.022774 0.939391
-1.177440 -4.179180 24.780384 50.963536 -0.190336 0.978395 -0.080724 0.935873 0.205667 0.286082 -0.296503 0.021096 0.954799
0.958186 -5.282257 153.390126 257.846661 -0.219362 0.932491 0.286951 -0.850116 -0.327002 0.412761 -0.478730 0.153398 -0.864458
1.257561 -12.438927 42.278830 -602.701516 0.057676 0.991222 0.118961 -0.889676 -0.003029 0.456583 -0.452936 0.132170 -0.881692
2.036699 -5.349236 46.964799 137.042263 -0.260075 0.937414 0.231552 -0.878054 -0.329366 0.347188 -0.401725 0.113020 -0.908760
0.094804 -11.604469 27.844909 -211.171221 0.077858 0.989543 0.121416 -0.880958 0.011270 0.473060 -0.466745 0.143794 -0.872624
-2.238471 -12.852677 85.481370 -896.318819 0.964186 -0.225911 0.138956 -0.243695 -0.961372 0.127972 -0.104678 0.157252 0.981995
-1.603853 -5.246634 -136.182752 -159.568106 0.447612 -0.887158 0.112225 0.890625 0.453539 0.033025 -0.080197 0.085168 0.993134
-4.118357 -4.882283 329.664748 -109.234519 -0.215646 0.971004 -0.103192 0.965322 0.227915 0.127315 -0.147143 0.072158 0.986480
-7.960857 -11.121524 24.035903 84.373455 -0.095647 0.995341 0.012141 -0.452939 -0.032657 -0.890943 0.886396 0.090715 -0.453952
-9.343908 -11.577282 122.442825 50.608182 0.057993 0.956373 0.286336 -0.375957 0.286625 -0.881194 0.924821 0.056547 -0.376177
-7.442647 -9.546616 24.818980 112.290097 -0.343823 0.918024 -0.197528 -0.522651 -0.361843 -0.771950 0.780142 0.162176 -0.604216
-7.055020 -11.332908 -44.507717 24.908585 0.230476 0.922006 0.311103 -0.359313 0.377753 -0.853345 0.904309 -0.084892 -0.418352
-6.691180 -9.637675 -17.019243 5.821752 0.508157 0.856158 0.093646 -0.562218 0.247380 0.789123 -0.652448 0.453647 -0.607055
-7.172459 -9.310671 -30.922270 21.601163 0.583959 0.799197 0.142396 0.654227 -0.359474 -0.665406 -0.480602 0.481729 -0.732774
-7.855455 -9.194420 -37.856396 -19.997807 0.661427 0.712762 0.233420 -0.652723 0.393751 0.647235 -0.369415 0.580457 -0.725674
9.898204 -20.833100 -404.110008 87.676595 0.923692 0.364318 0.118596 0.072672 0.137325 -0.987857 0.376181 -0.921094 -0.100370
7.207616 -21.542190 -786.414641 -52.161994 0.967258 0.181369 0.177529 0.181161 -0.003524 -0.983447 0.177741 -0.983409 0.036266
14.099768 -22.402764 -176.825743 -356.716411 0.876867 0.470152 0.100302 0.188460 -0.144247 -0.971430 0.442252 -0.870718 0.215090
-1.959054 -4.536850 1.108392 -54.314089 -0.013021 0.248930 0.968434 0.272617 0.932709 -0.236082 -0.962034 0.260938 -0.080007
-1.709374 -3.753841 -4.290981 -24.156051 -0.097700 -0.081592 0.991866 0.189136 0.976948 0.098995 -0.977078 0.197269 -0.080016
-2.741457 -5.204331 -8.066849 -54.460917 0.023618 0.313454 0.949310 0.363202 0.882001 -0.300266 -0.931411 0.351883 -0.093016
2.286962 -7.558464 -121.050559 -2.795167 0.049589 0.997355 -0.053149 -0.511087 0.071059 0.856587 -0.858097 0.015314 -0.513259
2.150459 -7.003427 -75.406573 30.165106 0.069530 0.994017 -0.084235 -0.263716 0.099751 0.959429 -0.962091 0.044495 -0.269074
1.076047 -7.067779 -130.731572 21.768622 0.032988 0.996769 -0.073240 -0.257876 0.079287 0.962919 -0.965615 0.012878 -0.259658
2.820386 -7.225251 -42.819911 -7.959603 0.126620 0.990979 -0.043907 -0.435975 0.095355 0.894893 -0.891007 0.094169 -0.444116
2.515658 -6.779566 -8.831711 21.392476 0.152546 0.986274 -0.063196 -0.296821 0.106714 0.948952 -0.942670 0.126001 -0.309026
-3.454499 -24.199473 68.102863 -107.847292 0.147922 0.988248 0.038525 -0.365745 0.090854 -0.926270 0.918885 -0.122925 -0.374886
-3.873271 -24.952232 2.187996 -118.661369 0.263689 0.964555 0.010044 -0.328911 0.099696 -0.939084 0.906800 -0.244323 -0.343541
-2.994746 -22.785784 34.587409 223.249820 0.180795 0.983333 0.019234 -0.637143 0.131998 -0.759358 0.749241 -0.125033 -0.650388
-3.461148 -23.432582 90.941718 -288.137426 0.111514 0.992101 0.057447 -0.066699 0.065149 -0.995644 0.991522 -0.107196 -0.073437
-2.838863 -23.315414 94.009408 -94.170347 0.042091 0.996690 0.069549 -0.396910 0.080563 -0.914315 0.916892 -0.010879 -0.398987
0.716345 -5.891357 51.328773 48.212730 -0.027416 0.997135 0.070501 0.974991 0.042234 -0.218194 0.220547 -0.062756 0.973355
2.139510 -8.149680 58.280235 26.974061 0.173218 0.980314 0.094758 0.575332 -0.022629 -0.817607 0.799367 -0.196141 0.567926
2.476581 -7.612381 75.722336 52.290616 0.135242 0.980516 0.142473 0.452567 0.066786 -0.889226 0.881415 -0.184740 0.434717
-1.859676 -2.913652 -4.351769 6.355182 0.024376 0.999126 -0.033948 -0.349572 -0.023296 -0.936620 0.936592 -0.034698 -0.348699
-1.923286 -2.788241 0.342070 3.943285 -0.028822 0.996212 -0.082038 -0.347759 -0.086938 -0.933545 0.937141 -0.001623 -0.348947
-1.744083 -3.375956 -8.148157 74.120124 0.053574 0.996650 0.061793 -0.318461 0.075703 -0.944908 0.946421 -0.030944 -0.321450
-1.811805 -3.202518 -8.948508 75.625377 0.032281 0.994177 0.102810 -0.325214 0.107714 -0.939486 0.945089 0.003108 -0.326797
-1.907561 -2.615173 4.204215 -1.434897 -0.088544 0.986450 -0.138119 -0.338221 -0.160200 -0.927331 0.936892 0.035395 -0.347823
-1.041453 -3.225878 58.485781 53.659866 0.486212 0.862016 -0.143271 -0.855646 0.502929 0.122196 -0.177390 -0.063176 -0.982111
-2.198050 -2.880532 -10.105449 -34.263777 -0.145777 0.988697 -0.035044 -0.965282 -0.134385 0.223987 -0.216746 -0.066480 -0.973962
1.014720 -5.185498 -13.170708 -34.373583 0.149518 0.986663 -0.064338 -0.975123 0.136374 -0.174750 0.163646 -0.088866 -0.982508
0.737645 -5.066726 -18.495679 -35.099502 0.114765 0.989839 -0.083948 -0.980692 0.099423 -0.168399 0.158341 -0.101653 -0.982138
0.255946 -4.443854 -20.495076 -30.622584 0.120676 0.988338 -0.092873 -0.963724 0.094204 -0.249723 0.238061 -0.119639 -0.963853
0.000997 -15.482409 75.887588 149.534793 -0.298931 0.875295 0.380131 0.021526 0.404429 -0.914316 0.954032 0.265135 0.139738
-0.160595 -18.093351 53.534942 311.114809 -0.275608 0.867910 0.413245 0.223195 0.475924 -0.850694 0.934999 0.142224 0.324882
-0.807779 -5.360522 -79.257305 40.516863 -0.205638 0.954454 -0.216173 0.239744 0.263296 0.934451 -0.948808 -0.140332 0.282968
-1.843922 -5.638060 -91.913502 34.394937 -0.194404 0.954262 -0.227139 0.270025 0.274671 0.922845 -0.943024 -0.118071 0.311072
-1.479606 -6.072064 -73.403883 69.019340 -0.170195 0.979039 -0.111873 0.199027 0.145342 0.969156 -0.965102 -0.142680 0.219592
-24.090277 -1316.051692 1446.997088 -131433.463463 -0.242989 0.956443 0.161780 0.919764 0.280161 -0.274854 0.308206 -0.082013 0.947778
3.494972 -3.374653 -60.536038 -94.806385 -0.092108 0.868294 -0.487423 -0.222475 -0.495075 -0.839884 0.970578 -0.031079 -0.238774
-2.906337 -7.009534 14.242278 -21.842792 0.249985 0.932460 -0.260818 0.271420 0.191085 0.943302 -0.929429 0.306602 0.205320
-2.123947 -6.095208 -15.315566 -63.669431 -0.388060 0.749574 0.536235 -0.253948 -0.646272 0.719613 -0.885957 -0.143077 -0.441145
-2.036310 -7.688938 -29.318010 -53.982492 -0.401227 0.719629 0.566702 -0.042008 -0.632490 0.773428 -0.915015 -0.286514 -0.284003
-2.266840 -6.714319 -23.049609 -51.687356 -0.385435 0.736032 0.556504 -0.171710 -0.649781 0.740473 -0.906618 -0.189847 -0.376832
-7.533690 -10.163416 0.221409 -78.637033 -0.195445 0.979978 0.038008 0.230796 0.083627 -0.969402 0.953171 0.180692 0.242520
-7.455338 -10.763016 -11.730015 -68.995204 -0.217050 0.975954 0.020071 0.084309 0.039227 -0.995667 0.972513 0.214417 0.090796
-7.907408 -9.952127 -7.425665 -27.462378 -0.177626 0.980655 -0.082249 0.363185 -0.012354 -0.931635 0.914629 0.195354 0.353964
-1.010474 -8.213281 47.176159 -88.712257 0.109723 0.993162 -0.039872 0.969523 -0.115780 -0.215917 0.219057 0.014966 0.975597
-0.277786 -10.335076 185.697066 54.279091 0.047904 0.998826 -0.007251 0.851149 -0.044618 -0.523025 0.522734 -0.018883 0.852287
-0.645487 -10.242492 -14.862405 -124.476910 0.252936 0.966996 -0.030690 0.891679 -0.245310 -0.380435 0.375408 -0.068860 0.924298
0.548090 -10.454132 82.767717 24.449050 0.182932 0.982101 -0.044876 0.819707 -0.177567 -0.544564 0.542785 -0.062833 0.837518
-1.525254 -10.458853 82.590068 11.578146 -0.012578 0.992739 0.119628 0.879695 0.067863 -0.470671 0.475371 -0.099316 0.874162
0.448458 -7.961280 199.848362 271.109758 -0.049033 0.994792 0.089357 0.721988 0.097121 -0.685056 0.690166 -0.030924 0.722990
3.590664 -9.723365 -33.324040 183.277013 0.157512 -0.512852 -0.843903 -0.036760 0.850934 -0.523985 0.986833 0.113556 0.115180
2.864851 -8.958047 83.724308 86.565736 0.050595 -0.336473 -0.940333 0.054324 0.941072 -0.333814 0.997241 -0.034193 0.065892
-0.906233 -15.929203 -37.442670 -82.043049 0.132053 -0.423884 0.896038 0.975655 -0.104098 -0.193032 0.175099 0.899714 0.399818
-0.962112 -15.524645 5.848107 -15.668036 0.183077 -0.463841 0.866795 0.954533 -0.127129 -0.269638 0.235264 0.876750 0.419477
-0.435136 -15.083999 -28.970677 232.272223 0.155694 -0.436587 0.886088 0.888305 -0.330469 -0.318910 0.432057 0.836769 0.336370
-1.333026 -15.025996 -2.301511 -292.171525 0.161936 -0.459034 0.873536 0.985340 0.123371 -0.117832 -0.053680 0.879811 0.472283
-0.203119 -15.747329 -64.243150 233.646328 0.118848 -0.408165 0.905139 0.908594 -0.322917 -0.264918 0.400415 0.853889 0.332478
0.656241 -15.976096 -102.323959 -4.474181 0.050347 -0.396523 0.916643 0.977119 -0.170348 -0.127359 0.206649 0.902082 0.378873
-0.729558 -15.096499 -51.016258 -291.212992 0.064557 -0.424170 0.903279 0.989189 0.146634 -0.001839 -0.131672 0.893632 0.429050
-1.009576 -9.259900 5.300568 -52.702984 0.107848 0.990848 0.081168 0.623650 -0.003846 -0.781694 0.774228 -0.134925 0.618357
-0.965238 -8.902343 1.938806 -52.400964 0.078619 0.993885 0.077531 0.619485 0.012226 -0.784913 0.781061 -0.109738 0.614736
-0.854212 -8.143440 5.854315 -33.867084 0.066902 0.991170 0.114479 0.770082 0.021661 -0.637577 0.634427 -0.130813 0.761834
-1.094827 -9.924008 1.728965 -50.832799 0.104756 0.993505 0.044434 0.430129 -0.004978 -0.902753 0.896669 -0.113681 0.427857
-0.970789 -8.545857 5.741251 -40.677731 0.101831 0.987633 0.119210 0.773546 -0.003264 -0.633731 0.625505 -0.156748 0.764312
-1.107081 -9.664625 2.829284 -51.609019 0.144048 0.985835 0.085904 0.618355 -0.021898 -0.785593 0.772585 -0.166282 0.612751
-1.120040 -10.228262 6.303533 -51.038930 0.134013 0.990090 0.041985 0.431064 -0.020092 -0.902097 0.892314 -0.138991 0.429485
-0.280077 -8.480749 -2.387722 43.763988 0.089001 0.978140 0.187939 0.949173 -0.140484 0.281664 -0.301910 -0.153318 0.940927
-0.410894 -9.150727 4.397389 33.814547 0.067064 0.983299 0.169192 0.883636 -0.137282 0.447594 -0.463346 -0.119487 0.878085
-0.458843 -9.471086 -1.459755 47.176641 0.043864 0.984069 0.172289 0.895687 -0.115125 0.429525 -0.442517 -0.135476 0.886468
-0.634205 -10.204579 3.786437 40.646239 0.017797 0.989068 0.146384 0.803235 -0.101328 0.586980 -0.595396 -0.107134 0.796258
-0.546389 -9.751116 9.827159 24.622166 0.042113 0.988901 0.142485 0.788794 -0.120437 0.602743 -0.613214 -0.087008 0.785110
0.096582 -14.635384 23.655930 -95.300587 0.338472 0.933736 -0.116505 0.778414 -0.208279 0.592192 -0.528685 0.291130 0.797330
0.694748 -14.214961 27.966294 -89.105260 0.331056 0.936098 -0.118839 0.765502 -0.192792 0.613871 -0.551732 0.294197 0.780410
0.171388 -13.676253 27.757835 -88.602279 0.342280 0.932320 -0.116725 0.663247 -0.151743 0.732856 -0.665543 0.328259 0.670297
0.634348 -15.140465 25.499886 -98.556750 0.337768 0.934135 -0.115345 0.857569 -0.254918 0.446757 -0.387928 0.249816 0.887189
-0.503257 -13.683059 27.154600 -94.663926 0.345354 0.931925 -0.110666 0.677479 -0.165968 0.716573 -0.649425 0.322445 0.688677
-0.571994 -14.873258 22.946312 -50.467367 0.334841 0.936266 -0.106242 0.795590 -0.220499 0.564285 -0.504895 0.273470 0.818716
0.106595 -15.344674 23.803177 -56.579582 0.332842 0.935719 -0.116814 0.872442 -0.258560 0.414718 -0.357856 0.239949 0.902421
1.769567 -6.891611 57.280891 -9.590610 0.020051 0.980103 -0.197474 -0.734125 -0.119650 -0.668389 0.678718 -0.158373 -0.717119
1.193041 -6.863342 43.910159 5.979318 -0.028982 0.970858 -0.237898 -0.634976 -0.201690 -0.745739 0.771988 -0.129447 -0.622317
3.547077 -7.617503 113.123835 -29.616386 0.056956 0.978047 -0.200448 -0.794615 -0.077143 -0.602192 0.604436 -0.193577 -0.772778
0.483391 -6.716668 29.790531 15.255955 0.003395 0.983662 -0.179992 -0.671492 -0.131134 -0.729316 0.741004 -0.123339 -0.660076
0.669838 -6.648286 36.066554 -4.434953 0.046055 0.986700 -0.155888 -0.759891 -0.066691 -0.646621 0.648417 -0.148238 -0.746713
2.030031 -7.315406 83.515611 -34.237500 0.085760 0.985740 -0.144785 -0.810261 -0.015558 -0.585863 0.579761 -0.167557 -0.797372
0.701431 -5.934498 -19.911166 -0.164617 -0.043265 0.998199 0.041560 0.343465 -0.024202 0.938854 -0.938168 -0.054894 0.341799
0.885466 -4.763908 -26.131935 -16.098175 -0.009263 0.990161 0.139625 0.280002 -0.131477 0.950954 -0.959955 -0.047904 0.276029
0.785664 -4.927592 -28.161758 -11.621036 -0.041527 0.998160 0.044188 0.354373 -0.026637 0.934725 -0.934182 -0.054475 0.352615
-1.089812 -7.100556 -8.094089 9.963997 0.101691 0.988801 -0.109232 -0.941664 0.131086 0.309976 -0.320824 -0.071338 -0.944449
-0.493575 -5.947122 -11.650572 92.370671 -0.096134 0.995277 0.013512 0.187911 0.031477 -0.981681 0.977470 0.091834 0.190050
-0.538443 -5.511280 4.202842 100.682864 -0.096261 0.991845 -0.083528 0.179373 -0.065258 -0.981614 0.979060 0.109473 0.171628
-0.983304 -7.476043 -14.481496 89.914675 -0.094141 0.995385 0.018592 0.323927 0.048285 -0.944849 0.941387 0.082927 0.326978
-0.704317 -7.685770 -19.355132 69.918503 -0.093493 0.992539 0.078262 0.349086 0.106295 -0.931043 0.932415 0.059726 0.356419
-1.164718 -8.683436 -16.196210 43.453207 -0.083595 0.995330 0.048264 0.508174 0.084242 -0.857124 0.857188 0.047125 0.512843
-1.434104 -8.768945 -14.382288 63.668536 -0.087735 0.996140 -0.002818 0.481950 0.039972 -0.875287 0.871795 0.078152 0.483597
-0.847662 -32.448005 -40.992170 471.642925 -0.469735 0.872269 -0.135999 -0.562093 -0.176724 0.807973 -0.680736 -0.455977 -0.573310
-1.590130 -27.344549 -96.707512 272.717498 -0.440301 0.881820 -0.168902 -0.732005 -0.243631 0.636249 -0.519907 -0.403778 -0.752768
-0.616390 -27.037395 10.486484 345.820950 -0.458160 0.878796 -0.133444 -0.582958 -0.183744 0.791453 -0.671007 -0.440404 -0.596485
-0.975068 -25.355665 -21.841493 230.847515 -0.470186 0.876049 -0.107069 -0.375054 -0.088517 0.922767 -0.798912 -0.474029 -0.370185
-0.710113 -32.509269 -53.212077 10.392076 -0.440372 0.881519 -0.170283 0.842330 0.340016 -0.418174 -0.310729 -0.327587 -0.892264
-0.435671 -29.378341 47.682230 164.872918 -0.440298 0.889069 -0.125278 -0.774555 -0.305550 0.553809 -0.454095 -0.340876 -0.823165
-1.600432 -6.993423 -19.519411 44.244465 0.563321 -0.521406 0.640941 0.573794 0.805036 0.150591 -0.594499 0.282937 0.752673
-1.778150 -5.934364 -25.463454 51.381794 0.497639 -0.597705 0.628573 0.716305 0.691856 0.090784 -0.489144 0.405073 0.772434
-1.669670 -5.586772 -21.527078 22.903720 0.498666 -0.601225 0.624388 0.755339 0.654769 0.027230 -0.425201 0.458046 0.780639
-1.635788 -5.800243 8.786513 18.073288 0.530371 -0.559909 0.636560 0.718157 0.695748 0.013613 -0.450507 0.449930 0.771107
-2.371516 -5.623144 -49.344168 24.369397 0.407789 -0.686898 0.601564 0.816557 0.569163 0.096372 -0.408586 0.451912 0.792990
-1.910031 -103.646232 -12.491002 3713.463002 -0.283507 0.948491 -0.141378 0.552963 0.282140 0.783983 -0.783489 -0.144088 0.604469
-23.950294 -506.698317 698.213879 -41408.811695 -0.287957 0.955714 -0.060767 -0.056261 0.046462 0.997334 -0.955989 -0.290608 -0.040391
-7.820904 -177.353558 87.716297 5807.097058 -0.338171 0.927440 -0.159674 0.173901 0.228332 0.957927 -0.924878 -0.296176 0.238498
-2.069121 -175.004025 30.738434 8683.822848 -0.379376 0.912019 -0.155867 0.702109 0.393486 0.593474 -0.602591 -0.115714 0.789616
-2.640892 -4.192456 -70.758343 -40.500422 0.174768 0.757150 0.629429 0.074162 -0.647574 0.758385 -0.981813 0.085861 0.169327
-2.561350 -3.957803 -78.688905 37.526974 0.203086 0.642762 0.738656 0.012229 0.752653 -0.658304 -0.979085 0.142725 0.144993
-1.241100 -3.593269 -68.392185 -7.866738 0.174759 0.502729 0.846595 0.001879 0.859655 -0.510872 -0.984609 0.090870 0.149287
-3.411577 -4.846735 -25.782822 -95.003775 0.195036 0.940890 0.276926 0.142816 -0.306583 0.941069 -0.970342 0.143993 0.194169
-3.296776 -5.114856 -30.988583 -68.063312 0.147509 0.954183 0.260337 0.208395 -0.287292 0.934898 -0.966857 0.083653 0.241225
-1.380950 -4.993546 34.404085 -56.998451 0.387582 0.921825 0.004361 0.500601 -0.214446 0.838696 -0.774066 0.322881 0.544582
1.330985 -5.504965 3.429237 -206.613428 -0.128688 0.983802 0.124789 -0.921626 -0.165103 0.351207 -0.366122 0.069813 -0.927945
1.779129 -16.274395 -16.265179 -1659.878606 0.104099 0.992772 0.059725 -0.912829 0.071530 0.402029 -0.394851 0.096369 -0.913677
2.196055 -28.066370 -31.746382 -1198.860339 0.155008 0.984014 0.087682 -0.887348 0.099665 0.450201 -0.434266 0.147589 -0.888612
0.245995 -3.841273 14.937230 63.413171 -0.104142 0.988457 -0.110035 0.007522 -0.109851 -0.993920 0.994534 0.104336 -0.004005
-0.070860 -5.750949 12.737215 69.253958 -0.112124 0.991983 0.058294 0.113151 0.071028 -0.991036 0.987231 0.104522 0.120207
-0.117339 -4.663218 22.254872 64.240642 -0.111574 0.991019 -0.073699 0.005012 -0.073600 -0.997275 0.993743 0.111639 -0.003245
