19125
38220
-4.816720 -8.235944 36.325786 113.503990 -0.501295 0.851032 -0.156357 -0.631471 -0.483359 -0.606307 0.591563 0.205204 -0.779708
-6.025985 -9.859864 49.403671 70.582309 -0.370451 0.928226 -0.034103 -0.645032 -0.283501 -0.709620 0.668356 0.240882 -0.703759
-7.675441 -9.587891 169.423344 184.031492 -0.138503 0.981195 0.134438 -0.766535 -0.020255 -0.641883 0.627090 0.191954 -0.754925
-5.026835 -9.104931 -56.458237 93.698157 -0.523205 0.843682 -0.120237 -0.561591 -0.447456 -0.695988 0.640993 0.296620 -0.707915
-6.408963 -7.220449 0.224303 213.010956 -0.043644 0.991718 0.120792 -0.850052 0.026660 -0.526024 0.524888 0.125637 -0.841848
-4.426759 -7.290974 26.858385 -78.588550 -0.687480 0.665107 -0.291556 0.476387 0.716064 0.510204 0.548113 0.211862 -0.809127
4.986186 -5.662081 -77.168496 -45.812518 -0.286485 0.938954 -0.190504 -0.885480 -0.183558 0.426886 -0.365858 -0.290984 -0.884012
4.932906 -1.580627 -79.269129 -150.131285 -0.087840 0.961692 -0.259677 -0.951827 -0.004148 0.306607 -0.293785 -0.274100 -0.915729
6.144831 -6.083175 25.411362 3.199425 -0.222620 0.966442 -0.128179 -0.889923 -0.147763 0.431512 -0.398091 -0.210132 -0.892955
2.481058 -0.300180 -219.275209 288.794388 -0.262304 0.918288 -0.296554 0.924191 0.150649 -0.350964 -0.277610 -0.366132 -0.888189
6.376237 -7.296070 -53.183659 -14.661630 -0.261034 0.954019 -0.147339 -0.855348 -0.157832 0.493425 -0.447483 -0.254827 -0.857218
19.842253 -36.915986 -577.231655 5812.498882 -0.143871 0.961308 -0.234922 -0.686604 -0.267924 -0.675863 0.712654 -0.064062 -0.698585
28.983245 -166.503351 -136.161183 12904.139190 -0.385172 0.922124 0.036465 -0.612246 -0.225770 -0.757748 0.690505 0.314189 -0.651527
29.207184 -85.896864 376.724019 8770.736760 -0.410644 0.911029 -0.037381 -0.590580 -0.296990 -0.750342 0.694685 0.286047 -0.659993
-5.774784 -6.945042 31.026220 46.454484 0.074662 0.140263 -0.987295 0.032260 0.989201 0.142973 0.996687 -0.042525 0.069330
-5.308918 -6.432104 -67.535055 47.208829 0.154026 0.658248 -0.736875 -0.023606 0.748013 0.663264 0.987785 -0.084766 0.130752
-5.241441 -7.228466 -23.152549 48.352802 0.104761 0.573698 -0.812340 0.085653 0.808595 0.582098 0.990802 -0.130560 0.035570
-5.584623 -6.298934 -27.079377 8.636892 0.135643 -0.475298 -0.869306 0.057987 0.879719 -0.471944 0.989059 0.013608 0.146889
-5.761199 -7.354613 11.393103 47.863009 0.017076 0.280589 -0.959676 0.054694 0.958117 0.281106 0.998357 -0.057288 0.001014
-5.662899 -6.496892 -5.189887 37.218259 0.079256 -0.290749 -0.953511 -0.013965 0.956102 -0.292700 0.996756 0.036514 0.071716
-3.244863 -7.808267 -11.287545 5.710888 0.083454 0.995144 0.052182 -0.875922 0.048285 0.480030 -0.475179 0.085768 -0.875699
-2.759268 -7.650566 -8.518639 20.053159 0.074801 0.995245 0.062390 -0.802137 0.022881 0.596701 -0.592436 0.094679 -0.800034
-2.880516 -7.743448 49.282834 3.631351 0.065653 0.989037 0.132274 -0.879708 -0.005196 0.475486 -0.470960 0.147579 -0.869722
-1.930672 -7.669056 -93.949545 16.820620 0.108151 0.993652 -0.030971 -0.801255 0.105567 0.588936 -0.588467 0.038879 -0.807586
-3.198383 -7.663157 54.453797 -11.468355 0.091236 0.989290 0.113939 -0.935171 0.045793 0.351224 -0.342244 0.138597 -0.929333
-2.397710 -7.798671 -103.049870 4.304491 0.103899 0.994124 -0.030387 -0.875556 0.105915 0.471363 -0.471811 0.022369 -0.881416
-3.551111 -7.724474 -13.506796 -9.270182 0.091156 0.994881 0.043621 -0.933970 0.070213 0.350386 -0.345529 0.072680 -0.935589
-0.019221 -8.055733 -3.709703 -19.652115 -0.006446 0.992698 -0.120457 -0.887386 0.049852 0.458324 -0.460983 -0.109847 -0.880584
-0.254996 -7.746538 -3.084118 -19.968796 -0.027201 0.994027 -0.105694 -0.959431 0.003721 0.281919 -0.280629 -0.109074 -0.953599
-0.269650 -7.599873 -2.494685 -14.396783 -0.000473 0.992910 -0.118871 -0.954170 0.035126 0.297196 -0.299264 -0.113564 -0.947388
3.217853 -15.563635 7.130782 281.734693 0.248520 0.966221 0.068217 -0.105091 -0.043115 0.993528 -0.962909 0.254081 -0.090827
3.378485 -12.683775 0.859505 418.817641 0.246239 0.963427 0.105711 0.046742 -0.120747 0.991582 -0.968081 0.239225 0.074765
3.135107 -14.131386 -2.211235 344.678303 0.186028 0.979503 0.077251 -0.095722 -0.060182 0.993587 -0.977871 0.192230 -0.082564
3.048399 -16.022104 4.503072 84.373201 0.191456 0.979937 0.055391 -0.281607 0.000782 0.959530 -0.940235 0.199306 -0.276107
-1.280217 -13.491318 -16.538058 53.431026 0.226481 0.960131 -0.163873 0.973887 -0.220489 0.054119 0.015830 -0.171850 -0.984996
-1.418482 -13.945303 -16.306408 -30.719116 0.201865 0.966955 -0.155718 -0.956696 0.228719 0.180057 -0.209723 -0.112628 -0.971252
-1.667026 -13.142788 -16.547570 35.425297 0.245480 0.961874 -0.120569 0.969286 -0.241621 0.045873 0.014992 -0.128127 -0.991644
-1.447014 -12.913246 -16.796838 -0.097176 0.264551 0.956175 -0.125470 -0.938733 0.225528 -0.260610 0.220892 -0.186727 -0.957256
-1.713603 -12.823413 -11.588146 11.702123 0.285083 0.955708 -0.073148 -0.932206 0.258700 -0.253112 0.222978 -0.140347 -0.964668
-1.942904 -12.816446 -9.666774 19.538580 0.269627 0.960689 -0.066161 0.962820 -0.267759 0.035799 0.016677 -0.073354 -0.997167
-0.615604 -14.626219 34.044131 50.943963 0.418854 0.903086 0.094855 -0.702957 0.256351 0.663427 -0.574815 0.344558 -0.742204
0.290697 -14.881259 36.835184 45.469179 0.418139 0.902591 0.102415 -0.789593 0.305399 0.532235 -0.449113 0.303414 -0.840379
-0.601824 -14.627158 33.858597 -8.813609 0.404430 0.909049 0.100329 -0.817726 0.310294 0.484811 -0.409586 0.278114 -0.868845
-0.272498 -8.598676 -194.155096 -28.822434 -0.161616 0.968695 -0.188442 0.966677 0.116983 -0.227708 -0.198535 -0.218964 -0.955321
-0.224028 -8.426332 -166.866581 -23.899359 -0.168255 0.966866 -0.191991 0.977745 0.138933 -0.157201 -0.125318 -0.214168 -0.968725
0.225442 -8.150840 -30.558458 2.082767 -0.104092 0.978841 -0.176165 -0.971125 -0.061801 0.230428 -0.214665 -0.195064 -0.957010
-1.000964 -12.360901 -76.798093 -19.964770 -0.226719 0.965232 0.130096 -0.601608 -0.243833 0.760667 -0.765942 -0.094191 -0.635973
-0.420188 -11.524521 -26.772660 51.170157 -0.199948 0.974537 0.101485 -0.654266 -0.209898 0.726553 -0.729354 -0.078875 -0.679575
-0.013840 -11.839924 -31.165442 -44.535503 -0.184049 0.979886 0.077128 -0.596595 -0.173728 0.783513 -0.781153 -0.098191 -0.616570
-0.915421 -13.171004 -95.654810 -131.517689 -0.242872 0.955417 0.167905 -0.492208 -0.270524 0.827374 -0.835910 -0.118302 -0.535966
-2.076809 -12.274071 -114.979259 -43.145001 -0.267549 0.943841 0.193858 -0.585572 -0.319048 0.745193 -0.765194 -0.085858 -0.638049
0.060083 -13.066383 -46.658710 -136.227234 -0.192561 0.977142 0.090074 -0.500769 -0.176793 0.847334 -0.843890 -0.118057 -0.523366
-1.702356 -10.529552 -76.821093 -99.375992 -0.096465 0.993632 0.058231 -0.945464 -0.109761 0.306677 -0.311115 0.025472 -0.950031
-1.791068 -10.947610 -90.125347 -119.201940 -0.144802 0.987064 0.068829 -0.904891 -0.160244 0.394327 -0.400255 0.005183 -0.916389
-2.493449 -10.050548 -71.398146 -76.798353 -0.084305 0.992811 0.084967 -0.939595 -0.107595 0.324937 -0.331743 0.052441 -0.941911
-2.277842 -9.448391 -66.240187 6.961476 -0.012348 0.998248 0.057873 -0.969991 -0.026014 0.241745 -0.242827 0.053151 -0.968612
-3.202389 -9.048349 -58.707206 19.643466 0.022899 0.996042 0.085886 -0.962932 -0.001121 0.269742 -0.268770 0.088879 -0.959095
-3.461256 -9.118308 -55.122264 -11.231287 -0.029605 0.993830 0.106889 -0.931668 -0.066174 0.357232 -0.362102 0.089009 -0.927879
0.179121 -8.509412 65.249579 -74.203384 -0.546160 0.813053 0.201631 0.368522 0.449366 -0.813794 0.752264 0.370156 0.545054
0.726527 -9.092177 79.930324 117.587857 -0.573459 0.771233 0.276304 0.371546 0.545432 -0.751304 0.730136 0.328183 0.599331
-0.688153 -10.033817 38.987608 -72.224254 -0.523920 0.830402 0.189579 0.400840 0.436756 -0.805339 0.751555 0.345942 0.561684
-0.856112 -11.470070 27.464255 -219.573997 -0.479759 0.871371 0.102687 0.363395 0.303863 -0.880688 0.798608 0.385202 0.462433
2.634088 -24.016525 -46.372923 -442.119746 -0.099399 0.964759 0.243638 0.983178 0.057517 0.173360 0.153237 0.256771 -0.954247
1.909170 -21.296380 -66.459142 -312.787666 -0.095863 0.976890 0.191040 0.983183 0.062957 0.171425 0.155436 0.204261 -0.966497
2.370222 -24.657739 -78.235009 125.796550 -0.040608 0.966315 0.254137 -0.914046 0.066806 -0.400071 0.403572 0.248538 -0.880544
-1.711046 -17.558381 140.664224 473.733169 -0.109535 0.979568 0.168666 0.408729 -0.110289 0.905968 -0.906059 -0.168173 0.388297
-1.991141 -15.917086 192.667897 65.094910 -0.108614 0.984772 0.135746 0.502462 -0.063441 0.862269 -0.857750 -0.161862 0.487919
-0.457739 -16.820712 151.231611 443.641208 -0.085752 0.985497 0.146428 0.453806 -0.092204 0.886317 -0.886965 -0.142454 0.439318
-0.115857 -19.098866 128.416461 403.912818 -0.086382 0.985295 0.147416 0.301427 -0.115186 0.946506 -0.949568 -0.126196 0.287045
0.721080 -18.359638 77.388900 335.788990 -0.114602 0.982758 0.145093 0.393160 -0.089261 0.915127 -0.912300 -0.161920 0.376152
-2.413512 -12.921079 -89.888807 -62.409066 -0.277658 0.924387 0.261563 -0.514583 -0.373023 0.772048 -0.811240 -0.079769 -0.579246
-2.853841 -11.881549 -129.961886 -56.502598 -0.273455 0.938857 0.209211 -0.662864 -0.341544 0.666303 -0.697018 -0.043526 -0.715732
-4.021903 -11.473654 -36.641626 -136.047623 -0.276548 0.907720 0.315539 -0.679581 -0.416879 0.603641 -0.679479 0.047499 -0.732156
-3.708231 -10.803933 -82.965033 -109.440767 -0.248759 0.941306 0.228170 -0.761545 -0.335646 0.554429 -0.598472 0.035842 -0.800342
-2.824896 -11.317181 -87.225469 -50.828923 -0.228050 0.958878 0.168955 -0.772107 -0.283817 0.568594 -0.593165 0.000783 -0.805081
0.694473 -20.139578 -15.116448 232.429693 -0.570379 0.758855 0.314335 0.779532 0.620707 -0.083981 0.258840 -0.197134 0.945590
0.626252 -21.945531 20.297903 244.797623 0.571307 -0.757849 -0.315077 0.812782 0.575738 0.088950 0.113991 -0.306906 0.944889
0.838558 -20.690309 12.104348 251.658551 0.579635 -0.757181 -0.301164 0.788099 0.614862 -0.029060 0.207178 -0.220503 0.953129
0.886977 -19.826626 -9.448502 117.555844 -0.576504 0.760862 0.297880 0.747360 0.638381 -0.184181 0.330297 -0.116443 0.936667
0.785000 -18.706001 -6.937385 183.307177 -0.565673 0.764597 0.308878 0.730530 0.638402 -0.242422 0.382544 -0.088513 0.919688
12.758094 3.079795 32.932474 202.737901 0.570997 0.626339 0.530719 -0.717301 0.695069 -0.048561 -0.399302 -0.352957 0.846156
15.652587 4.879532 70.678354 -142.150619 -0.601470 -0.568085 -0.561706 0.693715 -0.720102 -0.014545 -0.396222 -0.398412 0.827209
13.345725 4.565544 173.805791 195.960640 0.706440 0.530142 0.468927 -0.619810 0.783269 0.048226 -0.341730 -0.324715 0.881919
10.469254 2.103021 125.072174 322.070828 0.731354 0.508640 0.454320 -0.585499 0.809882 0.035811 -0.349731 -0.292195 0.890118
10.327538 2.692428 316.564179 344.525931 0.853808 0.367239 0.368981 -0.437826 0.889999 0.127317 -0.281638 -0.270254 0.920675
13.080612 5.103018 379.038806 -241.197372 0.832602 0.405327 0.377469 0.482531 -0.865401 -0.135072 -0.271914 -0.294602 0.916118
19.136992 -76.505084 -1573.369624 -19413.196283 0.201945 -0.930755 -0.304816 0.938402 0.094780 0.332293 -0.280393 -0.353145 0.892563
40.126284 -667.300606 3552.463586 77574.779064 -0.547797 0.825452 -0.136187 0.165852 0.266702 0.949402 -0.820007 -0.497493 0.283001
15.721325 -261.016723 -259.234502 -12344.451708 0.378718 -0.912625 -0.153909 0.908709 0.335121 0.248882 -0.175558 -0.234115 0.956227
61.636554 -168.304375 3112.855738 -15125.027080 -0.101050 0.986730 0.127091 0.841354 0.152931 -0.518398 0.530955 -0.054544 0.845643
-0.436248 -17.192698 11.962354 -122.528853 -0.505114 0.840438 0.196275 0.049743 -0.198692 0.978799 -0.861618 -0.504168 -0.058557
-0.301659 -16.634946 -0.583343 36.399125 -0.508960 0.840223 0.187042 -0.040240 -0.240278 0.969870 -0.859849 -0.486098 -0.156103
-0.364998 -16.511857 8.845095 0.928857 -0.510186 0.839278 0.187943 -0.096351 -0.272920 0.957200 -0.854650 -0.470242 -0.220105
-0.608551 -17.319860 20.202749 -140.399370 -0.508750 0.837204 0.200658 0.001736 -0.232077 0.972696 -0.860913 -0.495207 -0.116616
-0.735093 -19.043835 20.349818 -237.275170 -0.503931 0.834470 0.222966 0.164580 -0.160643 0.973194 -0.847919 -0.527119 0.056383
-2.028358 -9.311608 124.204561 -94.522210 -0.291541 0.813497 -0.503216 -0.316528 -0.578477 -0.751781 0.902670 0.059893 -0.426144
-2.788291 -8.654074 140.248884 -113.711041 -0.279368 0.817297 -0.503964 -0.248144 -0.568485 -0.784378 0.927566 0.094075 -0.361624
-3.727438 -9.649536 198.358903 -91.509594 -0.289011 0.795248 -0.532966 -0.336215 -0.605578 -0.721274 0.896344 0.029265 -0.442393
-1.562708 -8.160831 72.018666 -108.365800 -0.286048 0.822505 -0.491591 -0.229562 -0.556912 -0.798217 0.930311 0.115478 -0.348120
-2.961590 -10.037836 176.702572 -64.708470 -0.298878 0.795351 -0.527341 -0.402490 -0.606106 -0.686030 0.865260 -0.007211 -0.501272
3.018939 -3.616197 106.744866 83.352524 0.389245 0.920874 0.021901 -0.201500 0.061924 0.977529 -0.898825 0.384912 -0.209659
3.210206 -4.548948 108.133942 64.532672 0.381755 0.924090 0.017918 -0.265455 0.091053 0.959814 -0.885323 0.371171 -0.280064
1.752800 -3.799022 110.009715 73.618278 0.417034 0.908279 0.033351 -0.215302 0.063073 0.974508 -0.883022 0.413583 -0.221858
-9.463137 -12.880162 -106.377994 -381.040011 0.493122 0.865603 0.086960 0.231909 -0.034453 -0.972127 0.838480 -0.499544 0.217731
-9.805028 -14.187465 -67.074644 -179.847095 0.447123 0.862198 0.238108 0.217635 0.153335 -0.963910 0.867592 -0.482807 0.119085
-9.439753 -13.428189 27.581259 -400.484698 0.305304 0.905046 0.296109 0.290326 0.207684 -0.934119 0.906918 -0.371158 0.199351
2.415763 -12.470812 -100.921753 -581.666662 0.173330 0.936238 -0.305638 -0.593681 0.346939 0.726069 -0.785812 -0.055601 -0.615962
3.492395 -14.406636 -75.032874 -1229.060900 0.254466 0.936976 -0.239423 -0.657522 0.349172 0.667640 -0.709163 0.012466 -0.704935
2.248373 -44.113346 -62.489633 -3719.885137 0.157050 0.966088 -0.204963 -0.647786 0.257425 0.717012 -0.745459 -0.020165 -0.666247
10.214576 1.338670 -924.073058 1296.385253 -0.539057 -0.197697 -0.818739 0.688524 0.456458 -0.563543 0.485131 -0.867503 -0.109938
145.715229 -1488.477869 63.796776 -157404.153395 -0.497166 -0.390070 -0.775030 0.173023 0.830734 -0.529097 0.850229 -0.397148 -0.345521
23.159417 -99.537268 -1059.398072 -739.619294 0.945838 -0.045885 0.321380 0.248856 0.738202 -0.626999 0.208474 -0.673017 -0.709638
16.440862 -441.805470 -1895.020907 30447.812089 0.834553 -0.050972 -0.548565 -0.359677 -0.804641 -0.472424 0.417317 -0.591569 0.689849
3.147389 -69.774228 71.777299 -3252.518044 0.648529 -0.006520 -0.761162 0.697680 0.404962 0.590972 0.304388 -0.914310 0.267178
3.018268 -23.865752 -155.002002 -472.435373 -0.366292 0.930470 0.007403 0.722576 0.289446 -0.627778 0.586272 0.224601 0.778357
4.068792 -24.550864 -27.462575 -617.012693 -0.510755 0.859533 0.018224 0.705318 0.431049 -0.562781 0.491585 0.274590 0.826405
5.803977 -34.285454 -110.189049 -967.168701 -0.432052 0.901739 -0.014046 0.560983 0.256526 -0.787078 0.706136 0.347939 0.616693
0.188256 -19.078793 -92.332266 -492.402594 0.970370 0.238934 0.035957 0.238649 -0.924461 -0.297352 0.037806 -0.297123 0.954091
1.596682 -21.787145 -33.681304 -81.767282 0.985655 0.168197 -0.013958 0.132230 -0.820977 -0.555439 0.104882 -0.545625 0.831440
-0.166844 -19.957908 -38.876477 -386.666357 0.991757 0.124361 -0.030871 0.104898 -0.926349 -0.361765 0.073587 -0.355545 0.931758
6.035531 -12.446346 -754.983933 772.395748 0.267126 0.962084 0.055112 0.376051 -0.051415 -0.925171 0.887260 -0.267862 0.375527
4.176444 -16.360148 -914.122929 24.309678 0.365793 0.930202 0.030341 0.530173 -0.181470 -0.828242 0.764926 -0.319051 0.559548
9.441033 -10.715793 -107.574267 299.594588 0.110507 0.990506 0.081766 0.476502 0.019396 -0.878959 0.872201 -0.136093 0.469835
12.186589 -3.934224 -411.784387 1132.589497 0.077660 0.976073 0.203101 0.276544 0.174633 -0.945001 0.957858 -0.129555 0.256365
4.712178 -7.836430 -1177.815857 991.337510 0.305370 0.934181 0.184543 0.268153 0.101594 -0.958005 0.913698 -0.342031 0.219479
-4.166435 -9.179756 17.636472 68.731088 -0.226956 0.969454 0.092999 0.656264 0.081680 0.750097 -0.719589 -0.231271 0.654756
-3.921529 -9.380904 1.135936 58.564849 -0.255201 0.954148 0.156441 0.645248 0.047564 0.762491 -0.720088 -0.295532 0.627801
-4.201223 -8.340174 29.518331 83.749595 -0.233409 0.966345 0.108152 0.730595 0.100885 0.675317 -0.641679 -0.236640 0.729555
-3.831702 -9.799866 -12.440119 10.157258 -0.258272 0.956218 0.137632 0.550046 0.028432 0.834650 -0.794194 -0.291271 0.533307
-4.047911 -8.069652 16.430200 91.852048 -0.190007 0.979053 0.073156 0.752232 0.097294 0.651675 -0.630907 -0.178853 0.754962
-4.154187 -9.612666 -13.592939 35.297651 -0.228505 0.970547 0.076317 0.564913 0.068341 0.822315 -0.792880 -0.231016 0.563891
-4.120360 -8.887918 -9.961420 78.675395 -0.179029 0.981895 0.061898 0.681751 0.078451 0.727366 -0.709341 -0.172418 0.683453
0.457973 -3.727513 1.109095 5.932045 0.032924 0.995147 0.092728 0.840908 0.022563 -0.540708 0.540176 -0.095778 0.836084
0.355313 -3.529195 -1.650881 15.645189 0.061431 0.996022 0.064553 0.841234 -0.016860 -0.540408 0.537169 -0.087502 0.838923
0.344176 -3.702199 8.089212 -12.742197 -0.026662 0.990965 0.131442 0.810211 0.098440 -0.577813 0.585531 -0.091090 0.805516
0.640542 -4.032813 24.819692 -17.919942 -0.033689 0.990389 0.134142 0.802266 0.106840 -0.587328 0.596015 -0.087830 0.798155
2.383149 -2.194142 -175.065929 28.616839 -0.387108 0.091677 0.917466 0.306640 0.951206 0.034332 -0.869551 0.294622 -0.396331
-0.034450 -2.507659 -96.703186 49.129094 -0.379501 0.086981 0.921094 0.315140 0.948189 0.040302 -0.869865 0.305568 -0.387250
2.218091 -2.067327 -159.814476 20.193533 -0.395459 0.041940 0.917526 0.307417 0.947386 0.089193 -0.865510 0.317335 -0.387545
-2.126326 -2.593096 30.295388 -40.175942 0.346091 0.922223 -0.172409 0.041471 0.168549 0.984821 -0.937284 0.347987 -0.020088
-1.664387 -3.157088 52.836837 -56.357036 0.384849 0.918651 0.089280 -0.010612 -0.092320 0.995673 -0.922918 0.384131 0.025780
-1.532251 -2.147837 50.487245 -32.730286 0.384174 0.905514 -0.180151 0.046962 0.175707 0.983322 -0.922065 0.386227 -0.024978
-5.646187 -9.088972 29.963660 132.087783 0.320640 -0.309999 -0.895037 0.148385 0.949700 -0.275775 0.935506 -0.044385 0.350511
-5.157071 -8.984844 107.298956 114.275603 0.242137 -0.388674 -0.888989 0.191219 0.917401 -0.349014 0.951212 -0.085482 0.296458
-5.029246 -7.673325 21.179366 58.559477 0.267106 -0.236216 -0.934268 0.085319 0.971482 -0.221232 0.959883 -0.020619 0.279642
-5.915107 -8.244490 83.595323 122.085140 0.332383 -0.178781 -0.926045 0.029223 0.983350 -0.179356 0.942692 0.032553 0.332074
-5.045607 -6.707330 23.938488 68.382551 0.272113 0.073693 -0.959439 -0.107384 0.993161 0.045827 0.956255 0.090558 0.278165
-4.813807 -6.591244 -3.710843 76.344410 0.219072 0.069805 -0.973208 -0.089218 0.994692 0.051262 0.971621 0.075598 0.224137
1.825936 -12.472880 1.302640 100.004770 -0.131169 0.991193 0.018203 -0.538588 -0.086665 0.838101 -0.832297 -0.100129 -0.545212
1.772857 -11.684214 2.674815 175.950100 -0.084706 0.996403 0.002254 -0.480476 -0.042828 0.875962 -0.872908 -0.073116 -0.482376
1.968405 -10.804017 -1.582089 178.270459 -0.131191 0.991336 0.006443 -0.383449 -0.056736 0.921818 -0.914197 -0.118463 -0.387570
1.708764 -11.566668 -8.043241 173.268468 -0.169288 0.985557 0.004327 -0.421267 -0.076328 0.903719 -0.890997 -0.151165 -0.428105
1.699697 -12.776666 -9.844390 62.480486 -0.167594 0.985855 0.001416 -0.586474 -0.100854 0.803664 -0.792439 -0.133858 -0.595081
0.385723 -21.983874 15.754104 -417.987987 -0.240238 -0.933860 -0.264935 0.967412 -0.207840 -0.144622 0.079993 -0.291046 0.953359
0.734049 -18.813156 31.712223 -258.290669 -0.203148 -0.937714 -0.281823 0.968296 -0.235129 0.084368 -0.145378 -0.255748 0.955750
1.058395 -23.651964 29.514308 -553.342238 -0.219433 -0.938285 -0.267340 0.973812 -0.193935 -0.118653 0.059483 -0.286376 0.956269
2.623606 -3.643288 40.766647 -14.965757 -0.526274 -0.459600 0.715405 0.464513 0.549314 0.694609 -0.712224 0.697870 -0.075600
3.622927 -3.696410 -37.599413 26.754938 0.585682 0.574031 -0.572245 0.404505 0.404801 0.820068 -0.702390 0.711775 -0.004887
2.036799 -2.695096 -60.116853 -123.471508 0.570779 0.577716 -0.583486 0.341496 0.479217 0.808537 -0.746721 0.660754 -0.076239
1.786479 -3.292059 32.170874 20.355785 -0.402890 -0.288946 0.868441 0.532074 0.698103 0.479113 -0.744700 0.655104 -0.127518
2.009771 -4.335554 -48.445924 2.296435 -0.494445 -0.352751 0.794412 0.510028 0.622330 0.593782 -0.703844 0.698765 -0.127795
1.701131 -2.461232 116.672696 -64.086216 -0.449182 -0.399897 0.798948 0.468103 0.656338 0.591692 -0.760997 0.639767 -0.107622
9.905881 -7.435828 -352.775426 165.167431 0.415383 0.842312 -0.343463 0.613818 -0.538205 -0.577549 0.671330 -0.029080 0.740588
11.085007 -7.875812 -253.902059 112.793806 0.414149 0.804085 -0.426531 0.653937 -0.588807 -0.475050 0.633125 0.082182 0.769675
12.270267 -6.159038 -260.851813 139.729892 0.330863 0.833209 -0.443049 0.611550 -0.546879 -0.571778 0.718705 0.081766 0.690491
7.558701 -9.053411 -231.392861 102.693363 0.466091 0.818920 -0.334857 0.675311 -0.573817 -0.463344 0.571588 0.010172 0.820477
11.781188 -5.572274 -373.352481 105.542850 0.323882 0.889701 -0.321766 0.572632 -0.455075 -0.681908 0.753122 -0.036604 0.656862
8.459558 -6.505069 -451.798898 98.508982 0.396352 0.887057 -0.236717 0.587653 -0.443215 -0.676923 0.705385 -0.129192 0.696951
4.974394 -8.290916 -261.824234 134.872090 0.439536 0.864075 -0.245322 0.634026 -0.491920 -0.596679 0.636254 -0.106722 0.764062
0.250088 -16.536563 12.289187 145.828893 0.059979 0.991837 -0.112529 0.530567 0.063812 0.845238 -0.845519 0.110400 0.522408
0.368125 -15.582133 12.825838 138.537136 0.073039 0.993601 -0.086148 0.662232 0.016271 0.749122 -0.745731 0.111765 0.656806
0.378154 -15.198070 6.871455 120.245804 0.054074 0.994187 -0.093108 0.542165 0.049071 0.838838 -0.838531 0.095839 0.536359
0.330314 -16.166581 5.225155 54.600058 0.036497 0.990207 -0.134752 0.371849 0.111703 0.921548 -0.927575 0.083741 0.364131
0.463141 -14.196199 3.517964 73.368256 0.043169 0.994138 -0.099128 0.488092 0.065588 0.870324 -0.871724 0.085954 0.482399
0.534454 -14.186634 4.773924 57.426553 0.066117 0.995729 -0.064436 0.620059 0.009595 0.784496 -0.781764 0.091823 0.616777
-2.135867 -12.063795 -2.571581 50.639421 0.245321 0.961768 0.121738 -0.292779 -0.046209 0.955063 -0.924174 0.269939 -0.270250
-1.982382 -11.937474 -14.761672 41.768614 0.189310 0.976899 0.099148 -0.413688 -0.012225 0.910337 -0.890519 0.213352 -0.401817
-1.854109 -11.542105 -15.610554 33.089521 0.185288 0.978508 0.090498 -0.248829 -0.042374 0.967620 -0.950659 0.201807 -0.235630
-1.580089 -15.461650 -23.840537 106.560161 0.179099 0.983831 0.000816 -0.776046 0.140764 0.614767 -0.604712 0.110738 -0.788708
-1.574378 -16.511306 -24.853233 83.139049 0.200351 0.979524 -0.019807 -0.873153 0.187690 0.449863 -0.444370 0.072836 -0.892878
-0.912514 -16.191947 -34.208334 132.166791 0.162440 0.985520 -0.048627 -0.765031 0.156915 0.624584 -0.623170 0.064256 -0.779443
-1.942078 -15.662572 -5.697285 68.207415 0.222916 0.973160 0.057163 -0.875991 0.174239 0.449756 -0.427725 0.150332 -0.891320
-1.917680 -14.738770 -5.517152 82.253277 0.206019 0.976114 0.068976 -0.788016 0.123702 0.603100 -0.580162 0.178604 -0.794678
-1.180527 -19.683164 -28.000513 -88.968918 -0.185592 0.931531 -0.312739 0.156627 0.342243 0.926465 -0.970064 -0.122961 0.209420
-1.541975 -20.564216 -25.500931 -147.694143 -0.168495 0.927971 -0.332385 0.099944 0.351552 0.930818 -0.980623 -0.123618 0.151980
-0.968719 -19.207770 -22.359339 -339.927154 -0.183410 0.938410 -0.292827 -0.094046 0.279764 0.955451 -0.978528 -0.202779 -0.036943
-0.680520 -18.545802 -19.580956 -283.520646 -0.193214 0.940438 -0.279724 -0.030798 0.279142 0.959756 -0.980673 -0.194053 0.024970
1.495603 -18.459324 -1.233641 -72.812105 0.065252 0.986013 -0.153365 -0.312403 0.166152 0.935306 -0.947706 0.013119 -0.318875
1.469251 -19.418990 -0.211064 -23.960158 0.074104 0.991002 -0.111459 -0.292227 0.128439 0.947685 -0.953474 0.037656 -0.299116
1.040228 -19.183650 -4.008346 -80.887972 0.057096 0.990029 -0.128771 -0.146880 0.135907 0.979773 -0.987505 0.037027 -0.153175
1.869614 -18.096492 2.969122 -142.221203 0.082224 0.987810 -0.132175 -0.454877 0.155201 0.876926 -0.886750 0.011981 -0.462093
1.003596 -18.391300 -9.979878 -122.976279 0.040890 0.984731 -0.169211 -0.160508 0.173626 0.971643 -0.986187 0.012570 -0.165157
1.353776 -17.551199 -14.373910 -86.486736 0.045773 0.979292 -0.197211 -0.320728 0.201373 0.925517 -0.946065 -0.020888 -0.323304
1.862689 -17.495973 -4.756391 -92.378318 0.074726 0.981707 -0.175121 -0.462698 0.189698 0.865982 -0.883361 -0.016317 -0.468409
-7.613032 -14.187057 -42.624106 -22.280874 -0.020045 -0.700046 0.713816 0.970620 -0.184853 -0.154031 0.239780 0.689757 0.683184
-7.861127 -14.135033 36.586143 -20.083434 -0.124869 -0.747829 0.652042 0.958889 -0.259753 -0.114279 0.254831 0.610967 0.749521
-8.442228 -13.661986 -3.098511 41.488181 -0.057236 -0.711503 0.700348 0.880228 -0.366973 -0.300882 0.471088 0.599244 0.647289
-6.982640 -13.538374 10.628590 -65.137462 -0.104218 -0.737571 0.667179 0.994445 -0.087225 0.058912 0.014743 0.669612 0.742564
-7.836262 -13.691827 -107.551077 48.273404 0.033407 -0.658266 0.752044 0.886539 -0.327898 -0.326392 0.461446 0.677620 0.572624
-6.679165 -14.187305 -114.443786 -17.706050 0.077283 -0.642983 0.761971 0.970313 -0.127165 -0.205721 0.229171 0.755250 0.614067
-6.334336 -13.461165 -61.933227 -73.665581 0.015469 -0.679461 0.733548 0.999875 0.012926 -0.009112 -0.003290 0.733598 0.679576
-0.710550 -14.726681 17.862666 -489.359141 -0.056018 0.974448 -0.217517 0.840759 0.163541 0.516119 -0.538504 0.153967 0.828437
-0.931692 -19.173574 20.004292 -667.621822 -0.100937 0.963714 -0.247117 0.891198 0.197994 0.408124 -0.442242 0.179035 0.878845
-0.570872 -13.325788 14.217914 -457.576822 -0.076339 0.968220 -0.238165 0.812172 0.198944 0.548450 -0.578402 0.151563 0.801549
49.468201 -108.738011 2854.591905 -7091.013079 0.231407 0.847685 -0.477370 0.073162 -0.504462 -0.860328 0.970102 -0.164160 0.178755
51.182381 -408.426563 1272.608563 -40403.165520 0.297889 0.832383 -0.467333 0.380211 -0.552509 -0.741737 0.875615 -0.043270 0.481067
13.556188 -57.119487 530.200560 -2664.114018 0.170204 0.889076 -0.424941 0.336887 -0.457750 -0.822783 0.926033 0.003116 0.377429
11.242542 -14.958911 -450.717710 433.170119 -0.240146 0.939268 -0.245163 0.968617 0.215174 -0.124421 -0.064112 -0.267348 -0.961465
11.445602 -12.617479 -144.789786 642.478825 -0.162842 0.977915 -0.131016 0.982999 0.149386 -0.106756 -0.084826 -0.146173 -0.985616
12.312309 -20.545569 -429.760236 1081.276278 -0.173924 0.958096 -0.227600 0.968938 0.125233 -0.213252 -0.175813 -0.257620 -0.950117
8.708000 -22.097742 -381.351429 815.402749 -0.241654 0.914490 -0.324516 0.957622 0.170736 -0.231966 -0.156724 -0.366820 -0.916996
7.929526 -17.684859 -348.732968 311.511381 -0.293931 0.899220 -0.324049 0.955489 0.267417 -0.124614 -0.025399 -0.346253 -0.937797
-0.407163 -10.542988 93.228425 -134.251967 -0.280465 0.954590 -0.100482 0.945607 0.292756 0.141846 -0.164822 0.055234 0.984776
0.492363 -11.011641 85.773507 -89.831570 -0.240192 0.965340 -0.102108 0.953789 0.254255 0.160125 -0.180537 0.058929 0.981801
-0.417274 -9.486054 92.316583 -81.283429 -0.209279 0.973989 -0.086872 0.943042 0.224524 0.245482 -0.258601 0.030549 0.965501
0.547399 -11.332229 64.563071 -100.806838 -0.280932 0.954090 -0.103872 0.953182 0.289996 0.085711 -0.111898 0.074930 0.990891
-0.783186 -11.832004 -143.589498 -154.444257 0.297848 -0.947652 0.115075 0.951744 0.304127 0.041121 -0.073966 0.097274 0.992505
0.338465 -12.364302 -67.453161 -158.614469 0.306272 -0.946209 0.104337 0.950594 0.309830 0.019395 -0.050678 0.093242 0.994353
-2.817108 -5.057031 57.292363 132.849672 0.211812 0.974055 0.079707 0.260604 -0.134897 0.955975 -0.941924 0.181715 0.282415
-3.480868 -6.719131 25.399428 100.766087 0.148301 0.985612 -0.081085 0.199499 0.050490 0.978596 -0.968611 0.161303 0.189141
-3.251187 -5.285768 28.370641 122.879281 0.096771 0.985423 -0.139921 0.283038 0.107531 0.953062 -0.954214 0.131831 0.268506
-2.136428 -3.360089 139.806001 94.893558 0.299418 0.870270 0.391125 0.240490 -0.465533 0.851730 -0.923317 0.160962 0.348680
-3.522738 -6.359637 -8.548468 68.820342 -0.008248 0.957658 -0.287790 0.217968 0.282601 0.934145 -0.975921 0.055024 0.211069
-3.204120 -4.878184 19.624159 105.688867 0.011018 0.960110 -0.279406 0.310789 0.262296 0.913571 -0.950415 0.096902 0.295501
-5.554768 -13.509145 44.478105 -9.883781 -0.304013 -0.841395 0.446801 0.946395 -0.320468 0.040458 0.109145 0.435150 0.893718
-6.456761 -13.783238 76.575589 18.424939 -0.256703 -0.823174 0.506447 0.918428 -0.370954 -0.137420 0.300989 0.429859 0.851250
-6.202530 -13.638240 55.902887 -34.524886 -0.272840 -0.812526 0.515131 0.959322 -0.270138 0.082012 0.072519 0.516553 0.853179
-1.823273 -4.945955 -52.594226 27.122039 0.348154 0.920095 0.179484 0.627154 -0.370915 0.684909 -0.696755 0.125890 0.706176
-1.428666 -4.292873 -49.346156 10.324193 0.243077 0.964801 0.100366 0.738177 -0.251115 0.626128 -0.629292 0.078109 0.773233
-2.256030 -4.769425 -57.168441 10.461310 0.269945 0.959347 0.082356 0.724259 -0.258665 0.639172 -0.634491 0.112894 0.764642
0.417492 -30.293333 8.760592 28.351743 0.313332 0.949620 0.006693 -0.862701 0.281693 0.419995 -0.396950 0.137372 -0.907502
0.158728 -35.597502 7.968169 -117.591417 0.294132 0.955361 0.027775 -0.817062 0.236263 0.525917 -0.495879 0.177383 -0.850082
0.383058 -31.150889 11.884818 305.929493 0.289784 0.956702 0.027335 -0.759417 0.212456 0.614937 -0.582504 0.198957 -0.788102
0.642274 -27.316255 9.224392 252.577288 0.295935 0.955208 0.000548 -0.825038 0.255317 0.504108 -0.481388 0.149635 -0.863640
-248.399598 -725.609332 -29781.904078 -99991.559798 0.810152 -0.392455 0.435468 0.491131 0.859976 -0.138675 0.320069 -0.326220 -0.889459
-188.612026 -669.556999 -14237.623453 -10153.704957 0.996838 0.071445 0.034785 -0.015955 0.608784 -0.793175 0.077845 -0.790112 -0.607999
14.988097 -376.184155 -33051.508483 -68292.153798 0.921612 -0.328914 0.206027 0.373521 0.895863 -0.240646 0.105420 -0.298738 -0.948495
46.597159 -1413.787473 36051.935187 -362511.766592 -0.913780 0.328105 -0.239485 0.270021 0.931077 0.245324 0.303471 0.159506 -0.939395
0.885874 -17.749381 159.466715 1348.105459 0.341696 0.939810 -0.000893 0.658723 -0.238820 0.713477 -0.670319 0.244380 0.700679
-0.174898 -64.320272 98.150393 4573.340258 0.320147 0.947367 -0.001130 0.554285 -0.186344 0.811199 -0.768293 0.260330 0.584769
-4.243442 -24.456106 237.320749 1432.468756 0.240295 0.966169 -0.093683 0.682874 -0.099664 0.723706 -0.689885 0.237877 0.683720
-2.721027 -10.511409 261.891625 540.024873 0.283384 0.957214 -0.058606 0.728830 -0.175246 0.661887 -0.623298 0.230282 0.747309
-9.356217 -12.050669 125.795403 202.392192 0.017104 0.918932 0.394044 -0.664938 0.304774 -0.681887 0.746703 0.250352 -0.616246
-6.219928 -10.387892 23.797449 91.876178 -0.342633 0.938912 0.032373 -0.602562 -0.193192 -0.774336 0.720779 0.284819 -0.631946
5.962343 -4.510072 36.603299 -79.148262 -0.008694 0.987140 -0.159622 -0.965251 0.033409 0.259182 -0.261181 -0.156328 -0.952547
9.309497 -0.068735 457.524486 -49.739561 0.444196 0.843934 -0.300775 0.878447 -0.476249 -0.038966 -0.176128 -0.246907 -0.952899
13.189249 0.836402 892.147617 -34.960129 0.764458 0.541787 -0.349386 -0.613070 0.778566 -0.134092 -0.199371 -0.316706 -0.927334
16.691669 -56.460172 639.734973 398.687698 -0.489202 0.871188 -0.041374 0.115261 0.017556 -0.993180 0.864521 0.490635 0.109002
22.120689 -342.083288 2113.029938 20514.598237 -0.661502 0.749878 -0.009890 -0.390826 -0.355962 -0.848850 0.640054 0.557651 -0.528542
3.365702 -23.085064 302.846269 -2767.588946 -0.217769 0.959382 -0.179341 -0.822398 -0.279323 -0.495620 0.525583 -0.039559 -0.849822
4.932396 -6.288714 -666.094169 -896.104597 -0.106316 0.942138 -0.317919 -0.938318 -0.200859 -0.281453 0.329024 -0.268386 -0.905379
9.245076 -1.645710 814.103554 -194.706001 -0.567796 0.802278 -0.184276 -0.797543 -0.591581 -0.118143 0.203797 -0.079887 -0.975748
-2.998978 -31.461685 981.345618 -3550.545036 -0.476524 0.872458 -0.108359 -0.732302 -0.462098 -0.500199 0.486475 0.159005 -0.859104
-5.265371 -5.595588 -29.894997 -13.454560 0.038272 0.997092 -0.065893 0.217891 -0.072682 -0.973263 0.975223 -0.022891 0.220039
-1.329737 -7.376785 -84.556361 26.655092 0.108617 0.993663 -0.028901 -0.717459 0.098483 0.689604 -0.688081 0.054168 -0.723610
-0.428980 -7.218160 2.822681 -4.529076 0.000116 0.993676 -0.112286 -0.990822 0.015292 0.134304 -0.135172 -0.111240 -0.984558
-0.596316 -7.128498 3.989446 -3.893003 0.010680 0.993578 -0.112643 0.999221 -0.006326 0.038942 0.037979 -0.112971 -0.992872
-0.413996 -7.139765 1.340541 -0.534248 0.026812 0.991026 -0.130954 -0.988541 0.045753 0.143852 -0.148553 -0.125597 -0.980896
-0.221722 -7.440737 3.152912 -8.819602 0.028013 0.991602 -0.126257 -0.949122 0.066018 0.307912 -0.313662 -0.111208 -0.943000
3.045410 -14.662577 22.310148 382.442473 0.314700 0.946064 0.076989 0.047217 -0.096613 0.994201 -0.948016 0.309240 0.075075
3.323410 -11.441337 21.087436 366.812502 0.318622 0.937939 0.136934 0.160933 -0.195895 0.967329 -0.934120 0.286175 0.213362
3.482632 -9.119387 -15.072440 280.471937 0.241230 0.953327 0.181592 0.133561 -0.217950 0.966778 -0.961233 0.208962 0.179903
-1.008876 -14.545943 -11.786602 -53.807887 0.190580 0.964122 -0.184794 -0.959693 0.222592 0.171587 -0.206564 -0.144644 -0.967682
-1.059503 -14.886447 -12.030328 14.965186 0.166053 0.970934 -0.172378 -0.891268 0.222573 0.395098 -0.421980 -0.088028 -0.902321
-1.498309 -14.185611 -16.627738 15.309638 0.177614 0.973607 -0.143326 -0.890385 0.221015 0.397954 -0.419128 -0.056933 -0.906141
-0.489032 -13.419575 37.296313 39.146986 0.430954 0.898390 0.084702 -0.428419 0.121088 0.895430 -0.794188 0.422177 -0.437071
-0.574181 -13.871841 35.557699 61.206348 0.426269 0.900018 0.090894 -0.571444 0.190024 0.798338 -0.701246 0.392248 -0.595311
-1.346425 -13.462324 28.730317 52.104049 0.410323 0.909803 0.062396 -0.440749 0.137949 0.886967 -0.798358 0.391444 -0.457599
-1.249268 -13.351861 27.288268 2.595403 0.412227 0.909714 0.049899 -0.287092 0.077724 0.954745 -0.864666 0.407897 -0.293211
-2.011205 -13.666863 22.479741 44.488482 0.379733 0.924733 0.025926 -0.448270 0.159418 0.879568 -0.809232 0.345623 -0.475067
-1.892358 -13.328558 22.771000 23.900162 0.383770 0.923275 0.016855 -0.278919 0.098497 0.955250 -0.880298 0.371298 -0.295319
-2.787456 -10.192983 -12.425059 -58.973152 -0.406395 0.909652 -0.085882 0.906278 0.389356 -0.164507 -0.116206 -0.144688 -0.982630
-1.591045 -9.132464 -154.328752 -46.248263 -0.241872 0.959361 -0.145345 0.955575 0.209508 -0.207324 -0.168448 -0.189034 -0.967415
-1.808664 -9.562819 -22.262579 60.992083 -0.236082 0.964040 -0.122033 -0.937143 -0.192667 0.290933 -0.256960 -0.183047 -0.948929
0.154574 -11.558495 -32.211073 69.833060 -0.180067 0.981394 0.066646 -0.676218 -0.172708 0.716171 -0.714356 -0.083892 -0.694735
-0.421183 -11.387507 -22.075195 92.887355 -0.188775 0.977503 0.094085 -0.719305 -0.202862 0.664415 -0.668554 -0.057749 -0.741418
-0.159781 -11.524452 -56.689311 136.264071 -0.183338 0.980727 0.067536 -0.736608 -0.182547 0.651219 -0.650996 -0.069646 -0.755879
-0.848478 -11.719074 -49.166093 -9.005283 -0.175353 0.981207 0.080526 -0.820988 -0.190880 0.538092 -0.543350 -0.028245 -0.839031
-0.946624 -11.483785 -47.033317 -87.476700 -0.125582 0.990342 0.058759 -0.925895 -0.138269 0.351569 -0.356298 0.010254 -0.934316
-1.953444 -11.168086 -84.060705 -108.978981 -0.186985 0.977219 0.100400 -0.856782 -0.212226 0.469984 -0.480585 -0.001859 -0.876946
2.227225 -7.693750 118.844282 166.188831 -0.577447 0.759788 0.298793 0.316469 0.545668 -0.775947 0.752597 0.353510 0.555544
2.271384 -10.359102 92.454947 304.628103 -0.555163 0.774518 0.303177 0.376778 0.559149 -0.738505 0.741507 0.295760 0.602241
1.014296 -11.383759 75.704982 239.921612 -0.566045 0.772993 0.286488 0.433501 0.574698 -0.694117 0.701192 0.268709 0.660398
2.288860 -18.895525 -57.751351 -414.974798 -0.145939 0.972683 0.180526 0.988720 0.149619 -0.006865 -0.033687 0.177488 -0.983546
1.354898 -17.617395 -41.210845 -270.521967 -0.148456 0.977833 0.147662 0.988882 0.148084 0.013576 -0.008591 0.148035 -0.988945
0.955127 -19.123653 -30.991427 -148.146631 -0.116969 0.978974 0.167118 0.976630 0.082833 0.198326 0.180313 0.186411 -0.965784
-0.462939 -14.234804 -45.063176 -104.531798 -0.263196 0.931547 0.250895 -0.363788 -0.336698 0.868500 -0.893525 -0.137314 -0.427503
-0.846845 -13.384837 -7.659814 -53.361837 -0.344326 0.842170 0.414957 -0.350924 -0.525397 0.775120 -0.870800 -0.121276 -0.476445
-3.256796 -12.208301 6.700780 -97.360998 -0.306182 0.860109 0.408001 -0.540227 -0.509876 0.669463 -0.783841 0.015436 -0.620770
0.537372 -23.792213 22.439237 232.707048 0.571280 -0.758842 -0.312727 0.818919 0.501536 0.278985 -0.054862 -0.415477 0.907948
0.164698 -23.466725 18.621680 162.594555 0.565500 -0.758838 -0.323070 0.824670 0.514867 0.234163 -0.011353 -0.398845 0.916948
0.058342 -24.873472 22.150972 161.138239 0.566709 -0.759457 -0.319479 0.801501 0.418322 0.427320 -0.190886 -0.498229 0.845772
-0.288444 -24.553502 18.615552 97.513238 0.555920 -0.764249 -0.326920 0.816240 0.427531 0.388548 -0.157179 -0.482847 0.861484
-0.027209 -22.999995 18.809755 173.722369 0.548421 -0.768113 -0.330510 0.835527 0.519235 0.179691 0.033590 -0.374696 0.926539
13.101726 2.127773 132.582305 -227.583341 -0.362678 -0.700921 -0.614145 0.818154 -0.555013 0.150281 -0.446194 -0.447962 0.774752
16.667764 4.540820 437.584902 -128.332548 -0.532386 -0.545753 -0.647085 0.726496 -0.686925 -0.018366 -0.434476 -0.479883 0.762197
18.700392 5.713107 -347.495915 -43.028817 0.684960 0.461314 0.563932 0.629074 -0.764936 -0.138341 -0.367553 -0.449513 0.814151
18.751990 4.952641 679.935741 186.010465 0.819060 0.426142 0.384114 0.542523 -0.793051 -0.277019 -0.186572 -0.435286 0.880748
15.675088 6.150562 1140.720754 112.662777 0.887107 0.370808 0.274849 0.443500 -0.849745 -0.285028 -0.127861 -0.374746 0.918268
18.110322 6.232486 568.981149 105.542172 0.834502 0.399579 0.379398 0.508552 -0.823573 -0.251202 -0.212087 -0.402572 0.890480
0.042874 -15.235197 -121.482760 2038.115642 -0.108625 -0.908407 -0.403729 0.992837 -0.119464 0.001672 -0.049750 -0.400656 0.914877
3.972307 -3.894039 -671.794737 1187.563432 -0.391246 -0.842703 -0.369835 0.920265 -0.355500 -0.163502 0.006307 -0.404315 0.914598
5.310093 -5.560268 -1127.670674 981.898940 -0.531501 -0.772218 -0.348117 0.847057 -0.484570 -0.218371 -0.000056 -0.410939 0.911663
7.389546 -7.960547 -1254.727656 756.780728 -0.623424 -0.694691 -0.358813 0.779709 -0.586567 -0.219074 -0.058279 -0.416346 0.907336
0.290638 -12.358204 -47.209744 60.750910 -0.149111 0.988040 0.039271 -0.828776 -0.146540 0.540052 -0.539348 -0.047981 -0.840715
-0.016417 -11.944151 -38.914358 68.411857 -0.165372 0.984312 0.061503 -0.792021 -0.169708 0.586431 -0.587669 -0.048268 -0.807661
-0.052844 -12.454434 -17.398693 2.746672 -0.140567 0.988598 0.053999 -0.872630 -0.149473 0.464946 -0.467715 -0.018235 -0.883691
0.434520 -11.849659 -23.315880 82.918129 -0.150211 0.987294 0.051846 -0.724441 -0.145603 0.673784 -0.672772 -0.063651 -0.737107
0.199838 -12.767358 -7.334073 23.062814 -0.100585 0.993916 0.044870 -0.907605 -0.110139 0.405121 -0.407599 -0.000024 -0.913161
-0.475950 -10.741657 -3.016506 45.991606 -0.244367 0.868250 -0.431772 -0.668708 -0.473346 -0.573387 0.702221 -0.148613 -0.696276
-0.676093 -10.774641 5.554649 -19.880185 -0.276927 0.844633 -0.458156 -0.575772 -0.527586 -0.624611 0.769284 -0.090822 -0.632419
-0.575307 -10.094543 13.924125 76.051321 -0.232188 0.870751 -0.433452 -0.673709 -0.465398 -0.574039 0.701573 -0.158736 -0.694693
-0.873763 -11.440420 -3.904910 -56.334423 -0.289947 0.833078 -0.471076 -0.556715 -0.547189 -0.625022 0.778459 -0.081031 -0.622443
-0.674534 -11.464118 -13.858466 21.643628 -0.258351 0.858838 -0.442325 -0.655986 -0.492084 -0.572307 0.709181 -0.142303 -0.690516
