16399
32787
-6.140100 -7.839315 69.879022 114.031495 -0.339338 0.935579 0.097682 -0.936940 -0.345399 0.053323 -0.083627 0.073428 -0.993788
-6.555766 -8.610952 38.302663 -105.784854 -0.332653 0.933623 0.133007 0.943049 0.329419 0.046277 -0.000609 0.140827 -0.990034
-7.758103 -10.776554 -18.387366 -211.505147 0.403322 0.909083 0.104396 0.913254 -0.407059 0.016430 0.057431 0.088714 -0.994400
-4.738395 -7.283021 -12.553588 -68.171035 -0.631628 0.757138 0.166698 0.766244 0.642389 -0.014377 -0.117970 0.118650 -0.985903
-6.225401 -9.886284 -69.516818 308.630715 0.466636 0.884183 -0.021692 -0.878461 0.466186 0.104771 -0.102749 0.029835 -0.994260
-5.152286 -6.404181 19.565414 94.666683 -0.371583 0.923468 0.095573 -0.911342 -0.382460 0.152251 -0.177152 0.030526 -0.983710
5.119302 -15.563790 92.126866 -418.008879 0.405393 0.822637 -0.398654 0.913999 -0.372481 0.160820 -0.016195 -0.429564 -0.902891
6.815688 -17.659159 128.870099 -231.454186 0.416964 0.800662 -0.430211 0.880110 -0.237425 0.411141 0.227042 -0.550064 -0.803668
5.666878 -14.771152 -72.933929 -72.348911 0.316984 0.844211 -0.432237 0.907486 -0.137510 0.396938 0.275663 -0.518072 -0.809698
5.615903 -13.902550 150.496179 -436.998759 0.466089 0.789371 -0.399568 0.863912 -0.503473 0.013096 -0.190834 -0.351295 -0.916610
8.361962 -20.703681 206.175734 -574.644921 0.490466 0.757979 -0.430013 0.871454 -0.424674 0.245398 0.003391 -0.495096 -0.868832
-5.202415 -9.606258 -21.141815 -60.216150 0.053279 0.981030 -0.186391 0.153034 0.176430 0.972344 -0.986784 0.080329 0.140731
-5.015958 -8.913598 -16.806714 -46.063693 0.024419 0.984236 -0.175168 0.023866 0.174597 0.984351 -0.999417 0.028217 0.019226
-5.002718 -9.753074 8.585315 -61.029323 -0.019043 0.990775 -0.134175 0.161692 0.135485 0.977497 -0.986658 0.003081 0.162780
-5.295372 -9.959912 -14.116063 -46.472030 0.065241 0.980309 -0.186383 0.284488 0.160756 0.945105 -0.956457 0.114684 0.268398
-5.354275 -9.637179 -3.672978 -39.072669 0.125429 0.969346 -0.211271 0.244936 0.176104 0.953412 -0.961392 0.171333 0.215339
-5.239953 -10.155581 -22.327429 -40.036036 -0.015288 0.989431 -0.144197 0.291277 0.142366 0.945986 -0.956517 0.027539 0.290375
-1.602268 -4.532009 -2.813670 42.222055 -0.243608 0.883194 0.400779 0.962498 0.271015 -0.012193 -0.119386 0.382779 -0.916094
-1.381463 -3.930249 2.467274 40.682952 -0.163218 0.905804 0.390997 0.985329 0.169690 0.018204 -0.049859 0.388232 -0.920212
-1.601387 -4.902066 -0.701404 57.367230 -0.310138 0.871533 0.379797 0.944000 0.329630 0.014446 -0.112602 0.363008 -0.924957
0.097770 -2.608430 -14.037223 77.062003 -0.449945 0.892693 0.025464 0.885981 0.442618 0.138299 -0.112187 -0.084788 0.990063
0.464480 -1.200190 73.050328 -18.120726 0.865686 -0.499993 0.024397 0.496303 0.863619 0.088578 -0.065358 -0.064572 0.995770
-0.142706 -2.690039 -13.674104 43.419693 -0.670961 0.741482 -0.004050 0.738037 0.668350 0.092788 -0.071507 -0.059268 0.995678
-0.554228 -3.932647 -35.105195 46.722726 -0.445845 0.894836 0.022168 0.884817 0.436838 0.162086 -0.135356 -0.091880 0.986528
0.015416 -3.855213 -39.178260 27.731279 -0.345522 0.937388 0.043794 0.921750 0.330263 0.203234 -0.176045 -0.110589 0.978150
0.420835 -3.543434 -12.573596 35.702898 -0.278331 0.959227 0.049144 0.942433 0.262869 0.206690 -0.185344 -0.103843 0.977172
-1.032344 -3.652580 -68.600572 56.764408 0.382923 0.866204 -0.321029 -0.802988 0.483915 0.347902 -0.456705 -0.124563 -0.880854
-0.933507 -2.741405 -91.567592 54.020546 0.463537 0.807539 -0.364712 -0.732561 0.580817 0.354974 -0.498486 -0.102630 -0.860801
-1.778093 -2.927382 -33.241723 65.470420 0.422668 0.854654 -0.301527 -0.765858 0.514721 0.385388 -0.484575 -0.068035 -0.872100
-1.915837 -4.150301 4.870153 82.719528 0.229116 0.954989 -0.188421 -0.870398 0.287658 0.399574 -0.435790 -0.072452 -0.897128
-1.355047 -4.722273 -72.103019 69.698133 0.249936 0.930094 -0.269180 -0.880432 0.334000 0.336577 -0.402954 -0.152872 -0.902363
-0.007663 -3.171754 -14.493835 18.887783 0.565840 0.727801 0.387468 0.790653 -0.612247 -0.004619 0.233864 0.308966 -0.921872
-0.013661 -3.190360 -7.993431 -22.865398 0.468598 0.791452 0.392454 0.870377 -0.489657 -0.051771 0.151193 0.365843 -0.918314
-0.362763 -2.924359 -19.568417 8.364370 0.496516 0.773880 0.393169 0.843891 -0.536424 -0.009862 0.203274 0.336688 -0.919413
-0.237277 -2.603980 -30.845235 26.327326 0.656529 0.651115 0.380812 0.708777 -0.705249 -0.016110 0.258078 0.280487 -0.924512
-0.855721 -2.123124 -19.171728 20.596085 0.601251 0.690625 0.401913 0.757480 -0.652756 -0.011511 0.254402 0.311362 -0.915605
-0.776023 -2.363189 4.663214 21.765943 0.299716 0.862009 0.408792 0.927354 -0.363851 0.087332 0.224020 0.352920 -0.908440
-0.729408 -10.017453 -11.171641 -67.742444 0.061765 0.996373 0.058525 0.742869 -0.085054 0.664012 -0.666582 -0.002464 0.745428
-0.626200 -10.778929 -14.728814 -67.636758 0.077758 0.993827 0.079135 0.813196 -0.109145 0.571664 -0.576772 -0.019900 0.816663
-0.769285 -10.395250 -5.462013 -58.854773 0.089230 0.993787 0.066530 0.800232 -0.111301 0.589272 -0.593015 -0.000659 0.805191
-0.619334 -11.144575 -10.092607 -13.133020 0.119346 0.988355 0.094398 0.896788 -0.148111 0.416935 -0.426061 -0.034896 0.904021
-0.727073 -9.465100 -2.495109 -48.663031 0.052099 0.997855 0.039645 0.701415 -0.064822 0.709800 -0.710847 0.009173 0.703287
-0.777474 -9.903381 4.064487 -42.222979 0.102233 0.993443 0.051180 0.815673 -0.113167 0.567337 -0.569409 0.016254 0.821894
-0.786471 -9.373911 8.245433 -43.632702 0.072344 0.996822 0.033343 0.738751 -0.076015 0.669678 -0.670085 0.023815 0.741902
-0.779560 -10.568352 -4.420464 -16.403996 0.123894 0.989051 0.080172 0.880681 -0.146827 0.450381 -0.457221 -0.014806 0.889230
0.824157 -16.220986 -70.324582 327.212395 0.423992 0.887289 -0.181517 -0.100338 -0.153170 -0.983093 0.900090 -0.435037 -0.024086
1.736088 -18.135577 -76.347723 108.953788 0.442844 0.877762 -0.182822 0.153420 -0.275083 -0.949100 0.883375 -0.392255 0.256485
1.297335 -16.540188 -75.516878 296.338051 0.422282 0.880342 -0.216048 -0.148007 -0.168179 -0.974582 0.894300 -0.443525 -0.059278
0.514196 -16.843721 -24.378795 314.919239 0.418204 0.896219 -0.147979 -0.018565 -0.154442 -0.987827 0.908163 -0.415861 0.047950
0.410328 -12.929992 -84.836680 302.052968 0.422953 0.882338 -0.206374 -0.268917 -0.095267 -0.958440 0.865329 -0.460873 -0.196982
-0.002237 -12.964397 -43.425720 350.384544 0.406229 0.899291 -0.162028 -0.235671 -0.068209 -0.969436 0.882857 -0.431999 -0.184229
0.850382 -19.354857 -44.355538 327.015695 0.337875 0.939429 -0.057569 -0.306422 0.051962 -0.950477 0.889914 -0.338783 -0.305418
0.804871 -19.673995 27.006008 251.298268 0.295473 0.954000 -0.050800 -0.227788 0.018711 -0.973531 0.927798 -0.299224 -0.222838
0.802790 -20.404854 -12.597423 139.023502 0.329393 0.942947 -0.048500 -0.071616 -0.026267 -0.997086 0.941473 -0.331906 -0.058878
1.669929 -18.481166 24.454174 144.231355 0.279847 0.941069 -0.189933 0.935153 -0.222445 0.275694 0.217198 -0.254768 -0.942294
1.332655 -19.485054 19.759212 -63.639338 0.291974 0.938729 -0.183137 0.955582 -0.294360 0.014635 -0.040170 -0.179276 -0.982978
2.284432 -19.373910 77.519269 37.075752 0.306744 0.937169 -0.166200 0.946970 -0.282946 0.152282 0.095688 -0.204098 -0.974263
74.173687 -1.899952 4485.809305 17.604724 0.002923 0.990441 0.137908 -0.284996 -0.131364 0.949484 -0.958524 0.042079 -0.281888
71.577029 -3.224451 3756.195910 177.783260 -0.130725 0.979549 0.152954 -0.203276 -0.177483 0.962901 -0.970356 -0.094784 -0.222320
39.778506 0.382351 1968.751754 45.563448 -0.123946 0.960548 0.248967 -0.208884 -0.270537 0.939775 -0.970054 -0.064476 -0.234175
5.096806 -2.051978 266.132417 38.922141 0.134540 0.946410 -0.293609 -0.292160 0.321018 0.900883 -0.946859 0.035424 -0.319693
-1.478663 -2.951896 33.701536 27.103542 0.099878 0.969892 -0.222111 -0.344011 0.243121 0.906945 -0.933638 0.014175 -0.357936
-1.860294 -3.375240 1.839696 -62.974947 -0.075531 0.964333 0.253688 -0.306537 -0.264551 0.914357 -0.948857 0.008703 -0.315585
-1.079148 -2.641573 66.000135 2.542989 0.094191 0.985396 -0.141852 -0.319267 0.164858 0.933215 -0.942972 0.042612 -0.330133
-0.002846 -2.881685 121.185810 38.510585 0.183538 0.912559 -0.365444 -0.323694 0.407131 0.854088 -0.928190 0.038466 -0.370114
-0.458188 -3.303324 79.301376 34.033586 0.173082 0.913288 -0.368712 -0.361884 0.407147 0.838613 -0.916014 0.011718 -0.400974
0.143362 -13.218600 -36.881889 -75.780577 0.248459 0.958195 -0.141880 -0.696149 0.074790 -0.713991 0.673532 -0.276167 -0.685629
0.002865 -13.144849 -11.752920 145.389298 0.292476 0.951694 -0.093469 -0.642060 0.122999 -0.756723 0.708672 -0.281336 -0.647019
0.216309 -14.849115 -48.717515 318.664306 0.312716 0.944856 -0.097241 -0.602264 0.118075 -0.789517 0.734498 -0.305459 -0.605977
0.369159 -13.371202 11.470523 -53.156693 0.141206 0.989709 0.023160 0.778013 -0.096476 -0.620797 0.612174 -0.105679 0.783630
-0.078901 -14.746898 17.405413 -40.913975 0.174760 0.984268 -0.026000 0.607621 -0.128588 -0.783749 0.774762 -0.121170 0.620534
0.374532 -13.468855 18.123310 -42.884311 0.149487 0.988741 0.006738 0.662299 -0.095068 -0.743184 0.734175 -0.115559 0.669053
-0.566225 -18.758787 -13.015126 -20.419433 0.430398 0.813494 0.391134 0.814122 -0.536992 0.221007 -0.389824 -0.223310 0.893404
-0.350329 -19.290018 -4.716701 28.881391 -0.423525 -0.824362 -0.375573 0.892173 -0.451438 -0.015200 -0.157018 -0.341513 0.926668
-0.480032 -19.453284 0.761740 14.001047 0.441637 0.817134 0.370470 0.849317 -0.513849 0.120911 -0.289166 -0.261248 0.920941
-1.033681 -5.817481 -37.465692 -9.763679 -0.039922 0.988417 0.146420 0.864908 -0.039193 0.500398 -0.500340 -0.146617 0.853325
-1.841546 -6.218853 -78.014980 -4.781887 -0.049887 0.987889 0.146923 0.894085 -0.021387 0.447387 -0.445111 -0.153681 0.882190
-2.096484 -5.929984 -76.040468 -64.654790 -0.014829 0.988241 0.152182 0.824292 -0.074067 0.561299 -0.565971 -0.133765 0.813501
12.055134 -8.797332 -379.712346 149.915612 0.204844 0.948516 -0.241570 0.937343 -0.119037 0.327442 0.281828 -0.293508 -0.913469
11.292819 -10.428516 -399.514563 -30.842112 0.185861 0.913184 -0.362698 0.941851 -0.060405 0.330557 0.279951 -0.403045 -0.871311
12.428315 -6.838789 -215.609354 95.544387 0.059624 0.982089 -0.178736 -0.949412 0.000487 -0.314032 0.308320 -0.188418 -0.932436
11.548312 -6.892427 -11.907835 -167.165349 0.132381 0.990496 -0.037328 -0.934753 0.112227 -0.337107 0.329714 -0.079519 -0.940726
10.007337 -8.611435 -70.649376 -242.563576 0.273918 0.959914 -0.059453 -0.935377 0.251519 -0.248611 0.223691 -0.123710 -0.966777
-1.103777 -9.647776 -33.086713 -108.344600 0.136424 0.972924 -0.186570 0.990648 -0.134366 0.023691 -0.002019 -0.188057 -0.982156
-0.752225 -9.607318 7.711120 -47.827137 0.123074 0.977035 -0.173938 0.973941 -0.085270 0.210163 0.190505 -0.195271 -0.962069
-1.076019 -9.998332 7.942551 -86.391184 0.096122 0.980555 -0.171093 0.995321 -0.092987 0.026267 0.009847 -0.172817 -0.984905
-1.150172 -10.829205 -14.284822 57.157161 0.103947 0.977843 -0.181707 0.992920 -0.112587 -0.037873 -0.057492 -0.176484 -0.982623
2.728821 -13.305333 -18.305363 172.017775 0.309931 0.585661 0.748962 0.699681 0.392865 -0.596744 -0.643731 0.708984 -0.288015
0.568351 -25.690556 -31.745825 880.669047 0.192720 0.416293 0.888571 0.638294 0.634593 -0.435743 -0.745278 0.651146 -0.143418
2.630916 -13.328329 -30.376510 -57.374618 0.290315 0.612457 0.735264 -0.609816 -0.473723 0.635382 -0.737456 0.632837 -0.235957
2.855044 -12.568053 -48.779001 -25.349450 0.267638 0.631461 0.727755 0.747898 0.340049 -0.570101 -0.607469 0.696867 -0.381258
3.223319 -13.386846 -5.677338 -60.874753 0.247102 0.653023 0.715892 0.732978 0.357260 -0.578886 -0.633785 0.667777 -0.390372
-4.811946 -5.826892 47.839117 -105.922896 0.625073 -0.064873 -0.777866 -0.000193 0.996527 -0.083265 0.780566 0.052197 0.622890
-3.703127 -5.058730 97.909945 -114.306859 0.501671 -0.491843 -0.711630 0.295817 0.870583 -0.393163 0.812907 -0.013273 0.582242
-4.351939 -6.492848 56.426915 -68.448373 0.553882 -0.359959 -0.750763 0.126120 0.927582 -0.351690 0.822988 0.100108 0.559169
-5.012086 -7.385959 37.054657 -40.548599 0.620577 -0.180589 -0.763068 -0.059551 0.959455 -0.275498 0.781881 0.216409 0.584661
-20.570776 -24.314671 -872.732896 -655.012390 0.981002 0.193161 0.018026 0.012799 0.028276 -0.999518 0.193577 -0.980760 -0.025267
-18.707830 -20.919886 -444.926628 -1146.463002 -0.405846 -0.359051 -0.840459 0.836760 0.223888 -0.499707 0.367589 -0.906066 0.209576
-5.168207 -18.493050 -1036.613400 -334.395150 0.825213 0.091284 -0.557396 -0.513390 -0.290215 -0.807593 0.235485 -0.952598 0.192624
11.127789 -18.459191 -727.172783 -529.813326 0.790316 0.219493 -0.572035 -0.485235 -0.345825 -0.803089 0.374096 -0.912265 0.166806
6.175606 -20.924859 -730.656769 -275.763364 0.798363 0.191785 -0.570819 -0.562672 -0.100095 -0.820598 0.214514 -0.976319 -0.028000
-0.553697 -2.410121 24.640503 11.763951 -0.225137 0.918661 0.324616 -0.887968 -0.056328 -0.456442 0.401031 0.391011 -0.828423
-0.232736 -2.174338 19.991505 18.871955 -0.345058 0.902681 0.257103 -0.845049 -0.179583 -0.503630 0.408446 0.391046 -0.824776
-0.723312 -2.636483 9.789425 35.136084 -0.096939 0.918221 0.384022 -0.895361 0.088050 -0.436551 0.434663 0.386157 -0.813603
-0.862712 -2.827594 15.449759 31.802286 -0.003907 0.907786 0.419415 -0.901236 0.178544 -0.394837 0.433312 0.379534 -0.817432
-1.002667 -3.289835 0.143711 40.878707 0.115065 0.875685 0.468973 -0.875204 0.312682 -0.369117 0.469869 0.367975 -0.802382
-1.005206 -3.149031 -5.217978 35.357756 0.016571 0.901035 0.433429 -0.876902 0.221366 -0.426662 0.480384 0.373005 -0.793787
-0.652726 -7.412243 57.614370 15.541114 0.247388 0.962065 0.115020 0.780401 -0.127490 -0.612144 0.574259 -0.241199 0.782336
-0.425793 -7.483632 5.418649 -12.072303 0.263892 0.955186 0.134096 0.751954 -0.116660 -0.648811 0.604091 -0.272050 0.749041
-0.443985 -7.274661 36.813032 -1.020125 0.248522 0.960842 0.122555 0.835037 -0.148407 -0.529800 0.490866 -0.234005 0.839221
-0.510676 -7.214113 27.373513 -0.191679 0.255216 0.957075 0.137374 0.841344 -0.149814 -0.519323 0.476451 -0.248118 0.843464
-0.173567 -6.946756 1.238146 -18.661663 0.255205 0.957032 0.137696 0.869351 -0.164789 -0.465911 0.423201 -0.238609 0.874052
-0.197610 -6.885153 29.366243 -15.492042 0.249963 0.959088 0.132921 0.889773 -0.173387 -0.422186 0.381867 -0.223800 0.896711
-0.267369 -6.939193 49.573760 -13.677344 0.249658 0.960975 0.119152 0.886802 -0.177480 -0.426713 0.388914 -0.212196 0.896504
-1.236245 -7.530826 -125.082255 -39.673463 0.007238 0.998198 0.059566 0.865490 0.023583 -0.500371 0.500875 -0.055175 0.863759
1.674944 -7.289308 -188.905144 -33.636235 0.097962 0.994583 0.034760 0.877322 -0.069819 -0.474796 0.469797 -0.077008 0.879409
1.086903 -7.545213 -177.268923 -17.782186 0.077508 0.996066 0.042944 0.806786 -0.037356 -0.589662 0.585738 -0.080350 0.806508
0.545148 -6.962525 -153.938811 -28.919874 0.078046 0.996279 0.036568 0.909102 -0.056065 -0.412783 0.409196 -0.065460 0.910095
-2.312917 -7.886941 -124.831338 -32.879498 -0.018951 0.996938 0.075866 0.789026 0.061516 -0.611272 0.614067 -0.048276 0.787776
-1.215020 -7.100998 -83.521373 -32.364563 -0.032063 0.998106 0.052507 0.918615 0.050129 -0.391960 0.393850 -0.035666 0.918483
-0.393590 -7.437054 -27.305143 -44.871583 -0.202511 0.971959 -0.119522 -0.690958 -0.055330 0.720774 -0.693950 -0.228550 -0.682787
-0.495078 -7.115588 -27.625229 -34.247788 -0.192282 0.973858 -0.120946 -0.732347 -0.060363 0.678250 -0.653219 -0.218990 -0.724809
0.013749 -6.524325 -38.727469 -26.540624 -0.239976 0.965959 -0.096615 -0.759286 -0.124750 0.638688 -0.604894 -0.226628 -0.763376
-0.829850 -7.671796 -13.517680 -39.729100 -0.151179 0.978324 -0.141516 -0.667888 0.004449 0.744249 -0.728746 -0.207032 -0.652738
0.054051 -6.815928 -35.295345 -49.300885 -0.245299 0.965680 -0.085379 -0.715189 -0.120806 0.688411 -0.654471 -0.229929 -0.720278
-0.179984 -7.301331 -24.690163 -60.055877 -0.209634 0.971387 -0.111628 -0.641129 -0.050361 0.765779 -0.738246 -0.232101 -0.633342
-0.730082 -7.830512 -12.355040 -34.091542 -0.162780 0.976795 -0.139193 -0.595497 0.015220 0.803213 -0.786693 -0.213636 -0.579201
-0.416103 -6.116031 -33.694926 27.943267 0.174627 0.982551 0.064023 0.316688 0.005520 -0.948514 0.932316 -0.185911 0.310199
-0.544912 -6.445263 -7.448085 105.081639 0.137888 0.986989 0.082697 0.286389 0.040196 -0.957270 0.948139 -0.155680 0.277120
-0.538332 -5.816267 -40.835130 38.387224 0.169333 0.981868 0.085217 0.390502 0.012546 -0.920517 0.904895 -0.189151 0.381297
-0.381186 -6.082681 -46.772398 12.155288 0.187968 0.980771 0.052501 0.441820 -0.036694 -0.896353 0.877191 -0.191681 0.440221
-0.481355 -6.798244 -16.035459 -59.748077 0.155572 0.986538 0.050408 0.498432 -0.034339 -0.866249 0.852856 -0.159889 0.497064
-3.071460 -19.178130 -32.025928 -160.774317 -0.026460 0.922253 -0.385680 -0.689789 -0.296090 -0.660698 0.723527 -0.248556 -0.643995
-4.303163 -21.206818 -27.989997 -15.560798 -0.018006 0.941148 -0.337516 -0.825991 -0.204219 -0.525389 0.563396 -0.269325 -0.781057
-3.364963 -19.660887 3.593482 -244.732122 0.008588 0.964595 -0.263597 -0.662387 -0.191991 -0.724143 0.749113 -0.180822 -0.637286
-2.591477 -17.473290 -10.135587 -509.273842 0.003909 0.936156 -0.351564 -0.419258 -0.317641 -0.850486 0.907859 -0.150720 -0.391249
-3.303572 -20.206257 48.800475 -113.164709 -0.006472 0.985046 -0.172168 -0.795997 -0.109287 -0.595353 0.605266 -0.133192 -0.784801
-2.334325 -17.790022 42.293993 -357.680185 0.026256 0.987045 -0.158278 -0.559258 -0.116732 -0.820734 0.828578 -0.110067 -0.548948
-2.275646 -15.962041 42.290732 -480.309560 0.004417 0.972719 -0.231944 -0.394761 -0.211412 -0.894130 0.918773 -0.095512 -0.383057
0.338236 -16.515252 -19.972715 140.762195 -0.088844 0.995780 -0.023012 0.624494 0.073687 0.777545 -0.775960 -0.054709 0.628406
-0.167468 -16.802136 -63.220081 127.600605 -0.104000 0.994240 -0.025912 0.540506 0.078370 0.837682 -0.834888 -0.073114 0.545543
0.225436 -17.866848 -25.093242 139.089015 -0.102264 0.993394 -0.052060 0.421895 0.090707 0.902096 -0.900859 -0.070288 0.428384
0.625076 -19.328177 -7.495442 160.733564 -0.084128 0.994849 -0.056557 0.441354 0.088090 0.892999 -0.893380 -0.050164 0.446492
0.561931 -17.169476 16.639851 181.600838 -0.051112 0.998254 -0.029599 0.692070 0.056771 0.719594 -0.720019 -0.016295 0.693763
0.136888 -13.505590 41.565185 176.027625 -0.079392 0.994536 -0.067786 -0.916245 -0.046017 0.397966 -0.392672 -0.093704 -0.914892
-0.342386 -11.755595 26.639203 239.968639 -0.121047 0.989952 -0.073096 -0.814889 -0.057051 0.576803 -0.566837 -0.129386 -0.813606
0.247991 -11.151282 26.097976 185.635514 -0.111374 0.991384 -0.068948 -0.823883 -0.053314 0.564247 -0.555709 -0.119648 -0.822722
-0.364256 -9.203213 8.748880 182.983736 -0.138768 0.987537 -0.074254 -0.735709 -0.052608 0.675251 -0.662929 -0.148333 -0.733841
0.371690 -12.086614 28.895627 151.281880 -0.077898 0.993571 -0.082149 -0.875351 -0.028725 0.482634 -0.477171 -0.109505 -0.871961
0.163513 -9.174688 6.871991 151.089337 -0.122349 0.990322 -0.065523 -0.756804 -0.050381 0.651698 -0.642090 -0.129323 -0.755643
-0.022805 -5.471402 49.605069 -7.150382 -0.140043 -0.970586 -0.195835 0.984324 -0.115054 -0.133672 0.107209 -0.211485 0.971484
0.395371 -4.999541 49.478451 -34.399943 -0.185517 -0.960848 -0.205800 0.982634 -0.182199 -0.035129 -0.003743 -0.208743 0.977963
0.632832 -5.136014 45.025547 -37.717973 -0.198438 -0.960393 -0.195622 0.979309 -0.186199 -0.079274 0.039710 -0.207306 0.977470
0.347144 -5.535713 17.409193 -32.047023 -0.182327 -0.968437 -0.169961 0.971651 -0.151007 -0.181910 0.150503 -0.198310 0.968515
0.410195 -4.648895 78.810606 -92.748474 -0.019881 0.999794 0.004151 -0.681642 -0.010517 -0.731610 0.731416 0.017374 -0.681711
1.006411 -5.160809 51.855098 -79.918602 -0.008664 0.999947 0.005569 -0.707714 -0.002197 -0.706495 0.706446 0.010062 -0.707696
0.914315 -3.873589 50.597498 -75.350786 0.001708 0.999919 0.012612 -0.661810 0.010585 -0.749597 0.749670 0.007066 -0.661774
-2.723470 -6.094202 -135.347994 -64.512728 0.302978 0.945163 -0.121947 -0.376188 0.001045 -0.926543 0.875607 -0.326597 -0.355876
-0.943349 -5.432219 -155.346587 -41.651043 0.240834 0.923649 -0.298113 -0.378550 -0.193436 -0.905142 0.893700 -0.330840 -0.303061
-0.122502 -5.675931 -199.271254 -29.402467 0.257608 0.911006 -0.322036 -0.463500 -0.175929 -0.868456 0.847824 -0.372985 -0.376931
-0.703997 -13.751769 -9.422664 -214.772891 0.221255 0.966928 -0.126871 -0.096950 -0.107642 -0.989451 0.970385 -0.231221 -0.069927
-0.591316 -15.639145 21.811916 -203.759709 0.177447 0.972200 -0.152772 -0.262575 -0.102838 -0.959416 0.948455 -0.210359 -0.237027
-0.920717 -13.472936 13.826331 -130.846904 0.192227 0.973793 -0.121555 -0.035466 -0.116890 -0.992511 0.980709 -0.195099 -0.012067
0.926980 -11.525059 11.868988 -44.760716 -0.055660 0.997674 0.039350 0.140505 -0.031192 0.989588 -0.988514 -0.060610 0.138442
1.086165 -12.229083 -20.125848 -39.506309 -0.062567 0.996826 0.049236 0.188631 -0.036633 0.981364 -0.980053 -0.070688 0.185741
1.089829 -12.021004 9.377675 -3.165186 -0.047342 0.996125 0.074121 0.307804 -0.056045 0.949798 -0.950271 -0.067780 0.303958
-1.476449 -20.522654 -48.526825 125.040500 -0.317474 0.935492 0.155126 0.574187 0.059454 0.816563 -0.754665 -0.348309 0.556023
-2.774112 -20.260550 -103.864648 123.853078 -0.317353 0.936208 0.151000 0.531058 0.043530 0.846217 -0.785662 -0.348739 0.510995
-1.639608 -23.709771 -72.853909 348.234668 -0.320038 0.938461 0.129868 0.330558 -0.017853 0.943617 -0.887867 -0.344922 0.304502
-2.167028 -19.564550 -79.167519 -96.191300 -0.342070 0.927633 0.149950 0.694567 0.142123 0.705250 -0.632902 -0.345395 0.692919
-0.810865 -23.661197 -3.757718 432.761880 -0.321005 0.938208 0.129310 0.405789 0.012884 0.913876 -0.855740 -0.345832 0.384850
-0.746487 -19.813139 13.470163 186.205384 -0.311710 0.937059 0.157345 0.627204 0.078524 0.774886 -0.713759 -0.340227 0.612204
1.919677 -15.153498 23.584077 359.988017 -0.369189 0.922424 0.113282 0.928325 0.371765 -0.001745 -0.043724 0.104518 -0.993561
2.763982 -14.053612 42.569632 313.492661 -0.330686 0.940462 0.078597 0.943739 0.329395 0.029246 0.001615 0.083846 -0.996477
2.724322 -11.625431 95.133873 100.279969 -0.366446 0.920889 0.132970 0.927569 0.350350 0.129889 0.073027 0.170936 -0.982572
1.927049 -10.883923 90.389514 199.180271 -0.427639 0.888968 0.163890 0.903895 0.422520 0.066718 -0.009937 0.176671 -0.984220
1.336553 -13.928652 44.633166 -312.313126 -0.388190 0.907842 0.158531 -0.912230 -0.402964 0.073865 -0.130940 0.115943 -0.984587
7.061286 -8.283986 377.022162 -141.244999 -0.784177 0.058309 -0.617791 0.284547 0.918525 -0.274490 0.551452 -0.391039 -0.736878
9.456412 -8.012399 -575.377859 -62.813193 0.748897 -0.328415 0.575584 0.510494 0.839727 -0.185079 0.422552 -0.432437 -0.796523
15.182308 -8.546207 -453.588811 -248.281084 0.751728 -0.079473 0.654667 0.418858 0.824306 -0.380891 0.509375 -0.560539 -0.652942
-0.227591 -20.864321 -48.549336 -69.114605 -0.150246 0.918696 0.365272 0.204200 0.390336 -0.897742 0.967330 0.060294 0.246245
0.203123 -27.079722 -25.700748 -641.768825 -0.151818 0.871349 0.466586 -0.056775 0.463591 -0.884229 0.986777 0.160732 0.020911
-1.090544 -23.040058 -50.464807 32.619366 -0.169889 0.923413 0.344161 0.178237 0.372270 -0.910849 0.969211 0.093401 0.227831
-0.707237 -22.280277 -38.030718 250.200166 -0.125838 0.948724 0.289978 0.398642 0.316022 -0.860938 0.908432 -0.007259 0.417969
0.068777 -19.416928 1.539907 158.430113 -0.142499 0.945307 0.293408 0.363217 0.325694 -0.872924 0.920743 0.017820 0.389763
1.128916 -17.337849 32.965613 163.737425 -0.050153 0.998590 0.017419 0.354002 0.034082 -0.934623 0.933899 0.040708 0.355212
0.859079 -17.201810 26.082980 -108.974836 -0.043036 0.998889 0.019186 0.589764 0.040900 -0.806539 0.806428 0.023395 0.590869
0.739506 -17.365077 2.350885 4.493162 -0.041352 0.998669 0.030842 0.479655 0.046921 -0.876202 0.876482 0.021439 0.480956
1.034189 -17.047191 17.542616 208.176828 -0.047663 0.998358 0.031765 0.225709 0.041744 -0.973300 0.973028 0.039221 0.227328
1.416166 -16.207033 39.861940 219.609568 -0.044835 0.998906 0.013286 0.157866 0.020217 -0.987254 0.986442 0.042167 0.158599
1.587206 -17.066997 33.228555 190.564554 -0.026467 0.999642 -0.003985 0.225554 0.002088 -0.974229 0.973871 0.026683 0.225528
0.795095 -14.391659 56.648230 -194.131513 0.805884 -0.574165 0.144520 -0.049220 0.178278 0.982748 0.590024 0.799094 -0.115411
0.178406 -13.670471 31.779087 25.643528 0.816708 -0.566430 0.110206 -0.157156 -0.034569 0.986969 0.555239 0.823384 0.117251
1.564175 -13.093354 6.741995 -160.079094 0.836184 -0.543547 0.073160 0.036734 0.188599 0.981367 0.547217 0.817916 -0.177670
1.076269 -7.627268 145.500333 -135.657003 0.350380 0.936493 0.014654 0.798262 -0.290405 -0.527677 0.489910 -0.196585 0.849319
1.462058 -5.439389 263.548463 -91.248813 0.526771 0.842828 -0.110242 0.735806 -0.517079 -0.437285 0.425560 -0.149233 0.892541
-1.178838 -6.639587 2.591397 -108.588450 0.211565 0.970898 0.112237 0.899124 -0.148320 -0.411797 0.383165 -0.188037 0.904337
-0.442196 -7.287105 -94.314544 35.868023 -0.416076 0.745161 0.521168 0.774530 0.590698 -0.226226 0.476428 -0.309533 0.822925
-1.047303 -6.642566 -58.481869 45.074743 -0.452687 0.737167 0.501657 0.706040 0.639951 -0.303267 0.544594 -0.216905 0.810167
-1.354120 -7.128286 -70.920631 38.283787 -0.467832 0.730963 0.496815 0.740990 0.630786 -0.230311 0.481733 -0.260388 0.836738
-0.646115 -7.576460 -119.420658 41.009991 -0.432276 0.733941 0.523897 0.795765 0.583757 -0.161200 0.424140 -0.347216 0.836389
-1.692005 -7.700479 -91.358994 46.855771 -0.472997 0.726590 0.498338 0.778541 0.609481 -0.149689 0.412490 -0.317174 0.853963
0.177926 -10.136432 -7.968752 -59.031695 -0.174859 0.983899 0.036971 0.312313 0.019816 0.949773 -0.933748 -0.177623 0.310749
0.454476 -9.791502 -19.768961 -33.015663 -0.179207 0.982859 0.043281 0.228758 -0.001158 0.973483 -0.956846 -0.184356 0.224629
0.354611 -10.357949 -27.890549 -43.664546 -0.178132 0.981479 0.070486 0.355953 -0.002509 0.934501 -0.917369 -0.191554 0.348913
0.515507 -9.606706 1.798734 -47.578858 -0.173456 0.984754 0.013138 0.159528 0.014930 0.987081 -0.971835 -0.173311 0.159685
-0.067644 -10.504480 -20.468661 -27.998950 -0.177928 0.982354 0.057635 0.472012 0.033808 0.880944 -0.863450 -0.183949 0.469698
0.941244 -18.939731 -20.537177 176.327057 -0.056200 0.997628 -0.039754 0.615981 0.065981 0.784993 -0.785754 -0.019629 0.618228
0.936053 -20.864460 -13.719723 126.809592 -0.076399 0.994120 -0.076738 0.340094 0.098329 0.935236 -0.937283 -0.045353 0.345607
-0.080808 -35.943038 71.890792 430.383490 0.117525 0.991052 -0.063275 0.944977 -0.092018 0.313930 -0.305298 0.096688 0.947335
-0.376237 -28.366202 -19.862607 616.106505 0.149531 0.988712 -0.009486 0.974633 -0.145772 0.169828 -0.166528 0.034640 0.985428
0.252828 -28.805978 -87.901892 283.594807 -0.187880 -0.981641 0.032895 0.982093 -0.187279 0.020512 -0.013975 0.036160 0.999248
-0.277662 -36.641044 -0.910724 803.616300 0.064008 0.996521 -0.053377 0.901132 -0.034733 0.432151 -0.428793 0.075761 0.900220
3.924486 -33.210170 149.435616 627.633905 -0.323901 0.510513 0.796533 0.921310 -0.021233 0.388248 0.215119 0.859608 -0.463463
2.217598 -29.003993 77.310657 752.824916 -0.283300 0.470971 0.835421 0.940997 -0.031629 0.336933 0.185109 0.881581 -0.434222
2.754151 -33.020020 77.265329 -302.693463 -0.286070 0.469848 0.835109 0.925429 0.361481 0.113634 -0.248485 0.805341 -0.538220
3.750091 -33.935648 142.761955 -434.465487 -0.285496 0.511697 0.810345 0.919914 0.383459 0.081962 -0.268795 0.768847 -0.580193
5.447717 -34.050454 177.327883 0.222202 -0.296870 0.567201 0.768213 0.954828 0.187386 0.230631 -0.013138 0.801978 -0.597209
5.692935 -32.121123 207.196516 638.365700 -0.330014 0.566434 0.755145 0.884437 -0.094070 0.457079 0.329941 0.818721 -0.469931
1.318377 -1.952278 -128.657020 -11.945511 -0.209805 0.883719 -0.418357 -0.553395 -0.460078 -0.694321 0.806062 -0.085845 -0.585572
1.435664 -2.078491 -143.344091 14.985967 -0.141429 0.931933 -0.333915 -0.549932 -0.354433 -0.756275 0.823148 -0.076671 -0.562627
3.342721 -2.513059 -83.837609 -2.399364 -0.218513 0.920810 -0.323050 -0.542365 -0.389808 -0.744237 0.811229 -0.012586 -0.584594
3.234690 -2.428821 -74.794860 8.485485 -0.260042 0.889397 -0.375966 -0.574538 -0.455454 -0.680050 0.776069 -0.039165 -0.629430
-6.711193 -10.170654 56.437751 -100.202922 -0.170480 0.978086 0.119514 0.976244 0.151194 0.155202 0.133731 0.143134 -0.980627
-5.681568 -9.588247 -47.651619 -106.857125 -0.328035 0.929479 0.168703 0.940479 0.304537 0.150852 0.088837 0.208147 -0.974055
-5.763252 -8.337804 -22.760530 -77.758994 -0.587853 0.783717 0.200539 0.808271 0.579302 0.105393 -0.033575 0.224046 -0.974000
8.883789 -12.902817 -41.810093 -180.707002 0.684425 0.642663 -0.344305 -0.162757 0.595005 0.787070 -0.710684 0.482653 -0.511834
8.737751 -13.837140 -64.503657 -211.619340 0.620023 0.690947 -0.371704 -0.091198 0.534017 0.840541 -0.779265 0.487256 -0.394116
8.076036 -12.003834 -97.603198 -98.267018 0.566662 0.728588 -0.384777 -0.196014 0.572788 0.795922 -0.800296 0.375597 -0.467391
6.635809 -11.545321 -127.529838 -23.372676 0.492019 0.769523 -0.407126 -0.328314 0.597128 0.731880 -0.806305 0.226434 -0.546443
8.230823 -10.670896 -56.619842 -72.010064 0.646639 0.692513 -0.319819 -0.319152 0.626433 0.711143 -0.692820 0.357782 -0.626093
-5.013991 -9.065610 11.110024 -52.926617 -0.042560 0.988212 -0.147056 0.031711 0.148451 0.988411 -0.998591 -0.037403 0.037655
0.085249 -24.734363 39.386455 -177.243056 0.339404 0.937394 -0.078078 0.940613 -0.338861 0.020514 -0.007228 -0.080404 -0.996736
-0.069137 -25.209771 23.822842 -128.803297 0.346125 0.934283 -0.085511 -0.899755 0.304744 -0.312365 0.265778 -0.185056 -0.946106
-0.673194 -25.797761 22.114425 -85.544395 0.339803 0.935311 -0.098630 0.934990 -0.324618 0.142890 0.101630 -0.140772 -0.984812
0.405192 -25.379786 46.161126 -14.644154 0.333638 0.940103 -0.069950 -0.914613 0.304827 -0.265638 0.228404 -0.152604 -0.961532
-0.349921 -23.530967 14.579904 317.786699 0.346247 0.932660 -0.101278 -0.923654 0.357808 0.137248 -0.164244 -0.046024 -0.985346
0.457262 -22.428302 37.462889 338.892372 0.337146 0.938280 -0.077220 -0.897182 0.345066 0.275671 -0.285303 0.023661 -0.958145
0.810683 -24.596015 39.322691 -231.172918 0.327140 0.941433 -0.081745 0.944281 -0.328990 -0.009908 -0.036221 -0.073949 -0.996604
0.792974 -1.868431 94.973772 -36.943064 0.926084 -0.375903 0.032630 0.373639 0.925667 0.059451 -0.052553 -0.042865 0.997698
2.382253 -1.534598 153.323490 -42.736005 0.981693 -0.182481 0.054578 0.179322 0.982074 0.058090 -0.064200 -0.047240 0.996818
3.071162 -1.068687 121.483507 -40.503010 0.989411 -0.100479 0.104742 0.092217 0.992443 0.080955 -0.112085 -0.070439 0.991199
-0.500211 -2.006914 -90.927788 33.741350 0.419611 0.841335 -0.340709 -0.743709 0.533860 0.402356 -0.520407 -0.084555 -0.849722
0.470912 -2.538930 -111.860753 40.865785 0.415487 0.840720 -0.347219 -0.761835 0.530200 0.372150 -0.496969 -0.109900 -0.860781
0.927725 -2.210374 -113.810646 22.665241 0.380138 0.867941 -0.319646 -0.770095 0.488416 0.410371 -0.512298 -0.090160 -0.854062
1.474317 -3.178894 -90.671298 28.541661 0.384745 0.866766 -0.317313 -0.806395 0.482913 0.341353 -0.449108 -0.124546 -0.884754
2.098960 -2.736229 -84.735781 26.054718 0.392701 0.870518 -0.296623 -0.781239 0.485939 0.391827 -0.485233 -0.077862 -0.870911
-0.086509 -3.717445 8.768976 -17.348964 0.492159 0.773721 0.398916 0.848233 -0.529246 -0.019996 0.195653 0.348215 -0.916769
-0.447021 -10.756726 -31.152281 -76.365954 0.053779 0.994975 0.084458 0.753623 -0.095932 0.650269 -0.655103 -0.028679 0.754995
-0.358729 -11.671718 -22.903630 -41.940428 0.089534 0.990934 0.100166 0.864361 -0.127274 0.486499 -0.494837 -0.043022 0.867920
2.656444 -18.249382 -83.023618 -184.272268 0.453505 0.875121 -0.168808 0.442509 -0.385501 -0.809675 0.773640 -0.292492 0.562076
3.332490 -17.926857 -33.752997 -159.804962 0.389232 0.887842 -0.245428 0.403114 -0.403751 -0.821270 0.828250 -0.220728 0.515055
2.225618 -18.566818 -6.743996 -95.950723 0.408008 0.899126 -0.158438 0.375778 -0.323544 -0.868395 0.832058 -0.294774 0.469880
1.216774 -18.463022 -18.210948 49.545576 0.410285 0.903252 -0.125706 0.265143 -0.250036 -0.931226 0.872562 -0.348738 0.342077
0.586090 -19.371041 22.312179 -40.441904 -0.166977 -0.984006 -0.062053 0.984120 -0.162491 -0.071443 0.060217 -0.072997 0.995513
0.564668 -20.288831 10.559111 -27.721983 0.133270 0.990652 0.029115 0.990658 -0.134012 0.025252 -0.028918 -0.025477 0.999257
0.699788 -20.994106 4.651956 -34.978342 0.198579 0.979611 0.030473 0.945373 -0.183252 -0.269610 0.258529 -0.082347 0.962487
0.348445 -20.145581 -6.831979 41.732845 0.091436 0.995242 0.033644 0.970953 -0.096604 0.218901 -0.221110 -0.012651 0.975167
0.988858 -20.071206 4.399941 -6.133075 0.217294 0.975627 0.030599 0.906783 -0.190159 -0.376276 0.361286 -0.109509 0.926002
0.845715 -18.511726 -44.429158 -76.886263 0.221435 0.972651 0.070120 0.942994 -0.195253 -0.269515 0.248453 -0.125802 0.960440
0.637227 -17.152995 36.997814 -61.098620 -0.177105 -0.980877 -0.080716 0.983961 -0.174689 -0.036126 0.021335 -0.085820 0.996082
0.441097 -17.652487 -51.881864 -31.544990 0.118947 0.988444 0.093971 0.971504 -0.135404 0.194540 -0.205016 -0.068153 0.976383
0.429959 -19.484870 48.418370 48.885870 0.244557 0.959182 -0.141994 0.968296 -0.233894 0.087724 0.050932 -0.158946 -0.985973
0.298474 -20.193186 10.864662 175.383135 0.270269 0.950486 -0.153402 -0.926776 0.300004 0.226018 -0.260848 -0.081083 -0.961969
-1.079559 -6.283555 10.844056 -0.836636 0.169213 0.961804 0.215176 0.303744 -0.258589 0.916990 -0.937607 0.089809 0.335899
-0.659460 -6.679120 -25.298709 -23.020067 0.129779 0.967135 0.218649 0.292027 -0.248015 0.923693 -0.947564 0.056024 0.314617
-0.555666 -6.986416 9.904488 75.024129 0.195923 0.932422 0.303649 0.441340 -0.360361 0.821802 -0.875690 0.026998 0.482118
-0.703887 -6.013929 -18.963659 -124.610218 0.121282 0.978464 0.167027 0.148057 -0.184219 0.971670 -0.981514 0.093116 0.167211
-0.643935 -5.614158 33.506187 5.024175 0.247271 0.906517 0.342174 0.348922 -0.412755 0.841360 -0.903942 0.088652 0.418366
-1.251468 -5.578181 31.842962 -45.643904 0.187360 0.962820 0.194615 0.220343 -0.234269 0.946872 -0.957259 0.134524 0.256043
4.124348 -4.944201 -11.301238 -42.084996 -0.311982 0.948937 -0.046755 -0.931123 -0.315168 -0.183521 0.188886 0.013720 -0.981903
3.827613 -4.208430 -2.967486 -29.361879 -0.353326 0.934965 -0.031631 -0.910423 -0.351434 -0.218228 0.215152 0.048308 -0.975385
3.410332 -4.605807 72.859508 -57.200994 -0.293390 0.953333 0.071263 -0.943414 -0.276671 -0.182821 0.154573 0.120869 -0.980560
3.637204 -4.922049 -69.627035 -5.475550 -0.355658 0.927972 -0.111240 -0.905987 -0.371546 -0.202831 0.229553 -0.028644 -0.972875
-1.512896 -3.810802 1.166922 -90.062640 -0.057225 0.959751 0.274961 -0.278134 -0.279835 0.918876 -0.958836 0.023894 -0.282953
-0.133417 -14.358108 28.079646 -46.621606 0.150270 0.988477 -0.018207 0.745919 -0.125444 -0.654117 0.648863 -0.084714 0.756175
-0.650850 -15.834014 49.209713 -16.388118 0.178391 0.979752 -0.090900 0.432774 -0.161092 -0.886993 0.883676 -0.118892 0.452749
-0.264384 -14.874064 8.927848 -26.712456 0.207615 0.975666 -0.070507 0.432077 -0.156131 -0.888219 0.877614 -0.153943 0.453978
-0.614078 -15.889082 45.651602 -40.806096 0.167774 0.984118 -0.057993 0.588577 -0.147186 -0.794930 0.790841 -0.099236 0.603923
-2.494762 -20.160359 79.457472 -142.508374 -0.408107 -0.849432 -0.334536 0.833334 -0.196961 -0.516489 0.372832 -0.489563 0.788241
-2.159175 -22.912726 -60.742091 -282.636704 0.433962 0.847172 0.306556 0.682510 -0.087022 -0.725677 0.588096 -0.524144 0.615968
-3.573900 -22.244885 -100.300663 -254.404610 0.421873 0.856869 0.296308 0.709327 -0.108380 -0.696498 0.564694 -0.504013 0.653523
-1.306750 -20.515417 37.038797 -202.899221 -0.424108 -0.838031 -0.343272 0.810567 -0.182227 -0.556574 0.403873 -0.514293 0.756564
-4.183877 -20.372041 132.883502 11.760198 -0.405484 -0.856120 -0.320377 0.848038 -0.221497 -0.481426 0.341196 -0.466902 0.815836
-2.975499 -20.501881 114.837136 73.219174 -0.415022 -0.842493 -0.343455 0.896858 -0.315367 -0.310146 0.152981 -0.436748 0.886481
-1.340269 -19.446928 60.705209 -5.531205 -0.408591 -0.838229 -0.361145 0.891952 -0.282784 -0.352782 0.193586 -0.466268 0.863203
5.293591 -11.203548 209.125835 -49.902250 0.458419 0.820030 0.342639 -0.812155 0.543096 -0.213191 0.360909 0.180545 -0.914958
3.521507 -11.888012 111.329535 212.836875 0.471138 0.811397 0.345924 -0.753756 0.574044 -0.319883 0.458128 0.110033 -0.882050
2.523006 -10.196714 154.668445 50.498717 0.451035 0.793638 0.408295 -0.783518 0.571164 -0.244684 0.427395 0.209546 -0.879446
-2.328210 -4.289154 90.592163 -31.118618 -0.361394 0.875428 -0.320969 0.680123 0.482976 0.551513 -0.637830 0.018985 0.769943
-1.601492 -4.310826 57.773311 -15.579853 -0.353896 0.892634 -0.279216 0.641929 0.448936 0.621598 -0.680210 -0.040744 0.731884
-2.813961 -4.681169 -21.226304 -65.706082 -0.148492 0.986769 -0.065091 0.762063 0.156129 0.628398 -0.630246 -0.043708 0.775164
-3.297256 -5.477948 -3.071378 -67.149066 -0.046773 0.998714 -0.019578 0.825166 0.049675 0.562702 -0.562951 -0.010164 0.826428
-1.912791 -32.174502 3.587862 -358.568169 0.262323 0.892486 0.366955 -0.050765 -0.366982 0.928842 -0.963644 0.262285 0.050960
-1.383156 -34.697493 -38.271409 -42.017752 0.214733 0.907903 0.360002 -0.067834 -0.353847 0.932840 -0.974314 0.224732 0.014396
-0.296468 -46.157042 -29.995067 -1162.199111 0.205125 0.933666 0.293584 0.240267 -0.338821 0.909655 -0.948786 0.116055 0.293830
-0.023353 -69.053598 81.158613 -2566.690731 0.259982 0.903127 0.341719 0.153363 -0.388015 0.908804 -0.953357 0.183866 0.239383
8.842592 -12.108934 -250.217735 -17.325132 0.182148 0.895546 -0.405980 0.894104 0.020952 0.447370 0.409146 -0.444476 -0.796894
13.570282 -9.497268 -324.169004 118.649287 0.028977 0.948215 -0.316305 -0.892767 -0.117775 -0.434852 0.449586 -0.294987 -0.843122
-0.463251 -10.026823 2.358947 -56.276762 0.155276 0.974329 -0.163012 -0.905975 0.074667 -0.416695 0.393826 -0.212388 -0.894311
-0.665514 -10.887245 2.097714 -67.251601 0.109084 0.976591 -0.185396 -0.940871 0.041261 -0.336244 0.320723 -0.211112 -0.923346
-0.706490 -9.812753 13.538853 -23.791135 0.138519 0.979308 -0.147539 -0.946609 0.087132 -0.310385 0.291108 -0.182656 -0.939092
0.548459 -7.155552 6.462466 -32.581965 -0.018968 0.997069 0.074124 0.948790 -0.005432 0.315860 -0.315337 -0.076319 0.945906
0.521414 -6.560198 -20.391756 -41.906555 -0.053353 0.995269 0.081196 0.906744 0.014226 0.421441 -0.418292 -0.096110 0.903213
0.706849 -6.794132 0.482166 -45.056491 -0.021172 0.997514 0.067214 0.906657 -0.009176 0.421770 -0.421338 -0.069870 0.904208
126.211977 -1142.522830 -908.209939 -145069.581122 -0.328110 0.074533 -0.941695 0.228150 0.973623 -0.002433 0.916674 -0.215646 -0.336460
301.766021 -209.819620 -11683.627930 24599.271336 -0.262616 0.586992 0.765815 0.757654 -0.366014 0.540364 0.597489 0.722131 -0.348616
-2.295897 -35.001299 279.206866 1562.787867 0.877692 -0.479156 0.008142 0.221927 0.421455 0.879275 0.424741 0.769926 -0.476246
-48.170129 -159.546669 -28.888646 -8231.107854 0.517145 0.646409 -0.560996 0.840529 -0.507207 0.190398 -0.161466 -0.569997 -0.805626
18.614139 -77.227659 -1098.746154 3329.117796 0.936870 0.110248 0.331844 -0.345302 0.441358 0.828233 0.055151 0.890533 -0.451563
-24.673124 -41.529057 246.718455 -3226.413243 -0.528516 0.521142 0.670135 0.836326 0.455121 0.305653 -0.145704 0.721994 -0.676384
-11.297005 -54.861933 -1.160340 2501.421895 0.836461 0.200852 0.509894 -0.548021 0.302221 0.779958 -0.002555 0.931837 -0.362868
-3.276228 -20.023215 -292.667995 681.279639 0.828981 0.106724 -0.548999 0.449211 0.457702 0.767280 -0.333165 0.882677 -0.331484
-9.194901 -34.422581 394.416690 787.076647 -0.128004 -0.039613 -0.990982 0.983831 -0.131279 -0.121833 -0.125269 -0.990554 0.055777
-10.633937 -75.865492 537.162018 3252.918221 -0.208827 -0.032757 -0.977404 0.914918 -0.359556 -0.183426 -0.345422 -0.932549 0.105055
