14753
29478
-6.900188 -9.454578 -39.517815 152.929154 -0.082715 0.995816 0.038845 -0.981577 -0.074672 -0.175871 0.172235 0.052677 -0.983646
-7.561020 -9.728686 95.347741 90.897664 -0.423623 0.905805 0.007808 -0.875023 -0.406967 -0.262130 0.234261 0.117876 -0.965001
-8.269594 -11.428644 -83.919212 252.168588 0.162575 0.976080 0.144348 -0.939140 0.197945 -0.280772 0.302629 0.089916 -0.948858
-6.406815 -9.586943 41.846612 74.537353 -0.685945 0.727040 -0.029870 -0.691901 -0.664401 -0.282567 0.225283 0.173158 -0.958782
-4.834222 -12.446689 -146.831079 240.641262 0.185544 0.982551 0.012946 -0.948161 0.182478 -0.260179 0.258002 -0.036000 -0.965474
-5.734295 -9.407459 -80.792305 203.216900 0.145814 0.989299 -0.005165 -0.986421 0.144987 -0.077146 0.075572 -0.016344 -0.997006
-5.658667 -8.213412 41.029396 -106.304403 -0.746637 0.664072 -0.039259 0.658539 0.746188 0.097624 0.094124 0.047037 -0.994449
11.736258 -14.898814 -28.565519 -103.512998 0.578137 0.760143 -0.296547 -0.246780 0.509320 0.824435 -0.777726 0.403454 -0.482044
12.081863 -16.908654 153.620280 10.902979 0.667991 0.701619 -0.248031 -0.098983 0.414108 0.904830 -0.737557 0.579867 -0.346069
13.548288 -16.186471 64.265968 7.407943 0.525150 0.807431 -0.268835 -0.057685 0.348948 0.935365 -0.849052 0.475699 -0.229827
10.507774 -16.622547 96.685665 -192.433734 0.722535 0.651361 -0.231674 -0.236818 0.548031 0.802234 -0.649508 0.524777 -0.550225
10.915340 -13.428860 -27.729516 -227.547495 0.673254 0.687465 -0.272251 -0.368666 0.631267 0.682340 -0.640948 0.359018 -0.678448
-4.875847 -9.871952 -26.938792 51.995273 -0.309963 0.937450 -0.158460 0.347963 0.266961 0.898695 -0.884785 -0.223424 0.408947
-5.044656 -10.209971 -22.032281 33.229469 -0.286600 0.939398 -0.188129 0.207986 0.252691 0.944928 -0.935202 -0.231688 0.267803
-4.707679 -10.639558 2.544172 27.378312 -0.362637 0.901642 -0.235660 0.142026 0.303389 0.942223 -0.921045 -0.308215 0.238076
-3.684249 -11.030329 -46.803091 28.774696 -0.454311 0.846659 -0.277073 0.045807 0.332814 0.941879 -0.889665 -0.415214 0.189984
-3.653939 -11.206569 -38.434813 103.284908 -0.446187 0.860122 -0.247201 0.195126 0.363074 0.911100 -0.873409 -0.358285 0.329831
-4.435542 -10.258477 -5.342666 51.722909 -0.371607 0.913687 -0.164573 0.333031 0.296660 0.895032 -0.866602 -0.277793 0.414527
1.711493 -13.139026 34.675788 -111.428211 -0.647441 0.739369 -0.184806 -0.746906 -0.663785 -0.038985 0.151496 -0.112792 -0.982002
1.416136 -13.188816 22.972211 68.715404 -0.610283 0.773550 -0.170808 0.791190 0.605975 -0.082537 0.039659 -0.185513 -0.981841
2.417887 -13.151119 81.108973 -58.998657 -0.626728 0.763617 -0.155241 0.776023 0.593556 -0.213258 -0.070703 -0.254126 -0.964583
2.500334 -13.564942 58.671087 -33.064882 -0.664850 0.723193 -0.186993 0.746612 0.651194 -0.136079 0.023357 -0.230083 -0.972891
3.748748 -11.743473 110.820708 -235.610541 -0.664461 0.729591 -0.161829 0.718805 0.564691 -0.405517 -0.204478 -0.385773 -0.899649
3.181443 -11.337007 97.639921 -232.732287 -0.626993 0.766621 -0.138462 0.733265 0.520749 -0.437199 -0.263062 -0.375650 -0.888642
13.831488 -4.072010 -270.215358 159.845399 -0.409289 0.009704 -0.912353 0.705974 0.636823 -0.309932 0.578000 -0.770949 -0.267495
11.290045 -3.291953 -329.660625 -13.368095 -0.301928 -0.081504 -0.949840 0.724672 0.627750 -0.284219 0.619428 -0.774136 -0.130472
18.600967 -4.062421 -476.834075 -112.036181 -0.484786 0.000125 -0.874633 0.679624 0.629506 -0.376608 0.550539 -0.776996 -0.305261
9.607651 -6.253255 -238.438442 289.558559 -0.247028 -0.057774 -0.967285 0.741145 0.631800 -0.227011 0.624245 -0.772976 -0.113253
17.965431 -1.957130 -315.677090 7.065721 -0.607228 0.076129 -0.790872 0.626015 0.658802 -0.417235 0.489264 -0.748455 -0.447701
11.454054 -12.172212 -162.871941 633.626680 -0.338665 0.057448 -0.939152 0.764771 0.598260 -0.239187 0.548116 -0.799240 -0.246544
15.276496 -2.042795 -124.135618 263.304774 -0.590872 0.091350 -0.801577 0.628840 0.674574 -0.386665 0.505401 -0.732533 -0.456032
-4.142668 -7.896994 -0.331357 34.295039 0.113778 -0.714747 -0.690066 0.972181 -0.063040 0.225588 -0.204740 -0.696536 0.687691
-4.152339 -8.040746 21.768883 35.491817 -0.002306 -0.659747 -0.751484 0.994640 -0.079196 0.066475 -0.103371 -0.747303 0.656394
-4.168503 -7.132493 -39.570196 6.627111 -0.098867 -0.745883 -0.658699 0.991891 -0.126989 -0.005080 -0.079858 -0.653860 0.752390
0.152465 -8.581705 -7.379988 -32.739137 -0.281899 0.917550 0.280418 -0.032550 -0.301249 0.952990 -0.958892 -0.259519 -0.114788
0.105669 -8.446293 -6.665305 -27.401770 -0.277121 0.898320 0.340917 0.152133 -0.309315 0.938712 -0.948714 -0.312002 0.050947
-0.129155 -7.943789 -8.509286 -21.434534 -0.289558 0.911884 0.290903 -0.010673 -0.306980 0.951656 -0.957101 -0.272455 -0.098621
-0.324992 -7.460501 -14.542132 -13.405035 -0.293100 0.910379 0.292067 0.004299 -0.304225 0.952591 -0.956072 -0.280459 -0.085255
-0.261639 -7.782431 -13.114562 22.472674 -0.294481 0.926227 0.235341 -0.144307 -0.286535 0.947140 -0.944699 -0.244953 -0.218040
-0.291042 -20.955437 -10.091519 -437.123293 0.194930 0.782069 -0.591921 -0.776493 -0.245648 -0.580273 0.599217 -0.572735 -0.559386
-0.411988 -23.316095 -9.534308 143.451160 0.181620 0.781112 -0.597392 0.931821 0.057403 0.358349 0.314203 -0.621746 -0.717432
-0.486074 -20.635484 -3.529141 -426.669040 0.191383 0.791620 -0.580267 -0.776627 -0.239375 -0.582709 0.600186 -0.562172 -0.568981
-0.415957 -15.693570 -6.085866 -437.184645 0.205909 0.791231 -0.575808 -0.598011 -0.364019 -0.714054 0.774587 -0.491370 -0.398210
-0.385565 -15.413561 1.950283 -429.381974 0.198951 0.802100 -0.563076 -0.594652 -0.357897 -0.719930 0.778979 -0.478065 -0.405766
-0.418807 -20.265562 4.808139 -409.968120 0.187927 0.804275 -0.563760 -0.776630 -0.229702 -0.586586 0.601273 -0.548068 -0.581457
1.151765 -10.742609 9.182100 -8.597919 0.226604 -0.856050 -0.464574 0.962905 0.125150 0.239066 -0.146511 -0.501514 0.852654
1.074984 -10.663414 15.352699 132.075322 0.220139 -0.852967 -0.473272 0.943355 0.062691 0.325809 -0.248234 -0.518186 0.818451
2.079398 -10.130831 33.929150 17.490283 0.215652 -0.871419 -0.440594 0.954938 0.093975 0.281537 -0.203932 -0.481454 0.852417
0.783954 -10.915322 18.397623 99.977422 0.215191 -0.838930 -0.499889 0.954862 0.073418 0.287833 -0.204771 -0.539264 0.816862
2.074683 -10.789870 24.543081 -139.224256 0.231821 -0.875791 -0.423378 0.966517 0.158147 0.202076 -0.110020 -0.456047 0.883129
0.930021 -11.288906 17.887912 -43.430195 0.214305 -0.841269 -0.496326 0.972371 0.135591 0.190027 -0.092567 -0.523336 0.847084
1.319807 -11.511801 6.585971 -151.498801 0.231969 -0.860601 -0.453384 0.971893 0.185800 0.144579 -0.040186 -0.474178 0.879511
-0.172558 -18.530266 29.861967 390.185562 0.092818 0.126202 0.987653 -0.548834 0.834120 -0.055006 -0.830762 -0.536952 0.146685
-0.449406 -17.384637 21.642776 224.583732 0.098618 0.087214 0.991296 -0.500295 0.865453 -0.026371 -0.860220 -0.493340 0.128982
-0.541908 -23.146952 14.861659 498.991174 0.082795 0.110466 0.990425 -0.679662 0.733101 -0.024949 -0.728838 -0.671089 0.135777
-0.038040 -15.258106 37.674810 232.307193 0.106984 0.121905 0.986759 -0.409550 0.909751 -0.067988 -0.905993 -0.396853 0.147255
-0.361145 -23.385402 -8.268536 -617.325406 -0.083717 -0.125893 -0.988505 0.710263 -0.703321 0.029420 -0.698940 -0.699636 0.148297
-0.332140 -18.462228 -17.059244 384.450931 0.063251 0.131734 0.989265 -0.569401 0.818845 -0.072634 -0.819623 -0.558694 0.126802
0.038298 -14.748444 -1.591760 201.414405 0.071271 0.146700 0.986610 -0.430603 0.896733 -0.102230 -0.899723 -0.417552 0.127080
-2.083105 -5.890804 14.048609 -52.448367 -0.504046 0.856370 -0.112106 -0.749125 -0.498092 -0.436711 0.429825 0.136141 -0.892589
-1.583663 -4.879618 -15.428978 -35.749943 -0.411125 0.911068 -0.030516 -0.774824 -0.366888 -0.514821 0.480233 0.188011 -0.856754
-2.192964 -5.290411 49.826876 -17.138900 -0.395956 0.917642 -0.033930 -0.785052 -0.357450 -0.505888 0.476353 0.173673 -0.861932
-1.106611 -4.680889 -90.118426 59.419491 -0.353053 0.882863 -0.309687 0.096511 0.363602 0.926541 -0.930612 -0.297230 0.213577
-0.393832 -4.740106 -53.480127 16.920909 -0.338343 0.907027 -0.250652 0.157952 0.317322 0.935071 -0.927672 -0.276784 0.250630
-1.603027 -4.334467 -85.961511 15.914408 -0.336715 0.908696 -0.246768 0.165211 0.315019 0.934595 -0.927000 -0.273923 0.256199
-0.132771 -8.375452 4.816775 -43.148892 0.152556 0.925431 0.346848 -0.878099 0.287970 -0.382119 0.453506 0.246273 -0.856552
-0.350731 -9.130518 -7.486069 -52.846969 0.080298 0.950047 0.301601 -0.878976 0.210179 -0.428050 0.470057 0.230728 -0.851945
-0.917253 -10.159080 -27.297120 -62.668079 0.020314 0.958955 0.282828 -0.961752 0.096035 -0.256537 0.273169 0.266799 -0.924228
-0.873298 -9.143612 -0.902982 60.079919 0.058518 0.936047 0.346974 0.962436 -0.145207 0.229414 0.265126 0.320516 -0.909383
-1.180206 -10.825461 -16.469616 75.194684 -0.053409 0.949887 0.307996 0.996515 0.030910 0.077475 0.064072 0.311061 -0.948228
-1.077780 -11.663658 -12.771427 68.420199 -0.057607 0.958910 0.277800 0.995885 0.035694 0.083305 0.069966 0.281456 -0.957020
-1.809633 -29.411024 7.432680 215.560804 0.661091 0.740978 -0.117944 0.485390 -0.302489 0.820303 -0.572150 0.599544 0.559635
-1.530261 -27.953200 -24.665032 -381.539290 0.637740 0.759885 -0.125946 0.283948 -0.079938 0.955502 -0.716004 0.645124 0.266747
-2.576105 -29.718546 2.109255 -10.612059 0.634916 0.768247 -0.081718 0.385805 -0.223640 0.895064 -0.669355 0.599818 0.438386
-3.114578 -30.722130 71.494463 619.224482 0.667333 0.739476 -0.088558 0.570367 -0.430984 0.699238 -0.478903 0.517135 0.709382
-2.232495 -26.768704 9.177909 403.402680 0.674356 0.733046 -0.088813 0.631521 -0.510226 0.583824 -0.382655 0.449793 0.807008
0.743480 -12.047959 25.544715 -132.125050 0.257224 0.208309 0.943633 0.744645 0.579640 -0.330939 -0.615905 0.787797 -0.006019
0.802417 -14.037080 108.859055 -158.017554 0.243198 0.187187 0.951744 0.842211 0.445999 -0.302927 -0.481181 0.875240 -0.049185
-0.305689 -12.257571 3.537562 -136.533944 0.218031 0.205317 0.954100 0.753757 0.585569 -0.298260 -0.619929 0.784190 -0.027087
-0.449717 -30.634088 13.281128 98.985903 0.598370 0.790563 -0.130245 -0.135546 -0.060333 -0.988932 0.789671 -0.609402 -0.071057
-1.006118 -28.518237 43.102830 429.729382 0.593225 0.792888 -0.139331 -0.386562 0.128741 -0.913233 0.706154 -0.595613 -0.382873
-0.479734 -28.748391 -9.636813 289.914436 0.602124 0.790842 -0.109612 -0.198617 0.015398 -0.979956 0.773303 -0.611826 -0.166346
1.162029 -1.979568 149.216394 97.547945 0.872276 -0.084139 0.481721 0.251046 0.922416 -0.293469 -0.419655 0.376920 0.825725
2.984473 -2.207527 151.928063 99.904845 0.873936 0.030737 0.485069 0.155900 0.927539 -0.339656 -0.460360 0.372459 0.805818
3.274037 -1.496493 137.609657 24.752137 0.868902 0.052136 0.492231 0.138133 0.929390 -0.342275 -0.475320 0.365397 0.800347
0.855158 -3.538886 136.208465 161.806029 0.858405 -0.112915 0.500391 0.276896 0.923148 -0.266694 -0.431822 0.367488 0.823701
-0.874475 -3.812033 51.988329 124.704850 0.770327 -0.298639 0.563392 0.431918 0.894359 -0.116486 -0.469088 0.333072 0.817936
6.524744 0.234919 375.359663 -26.035374 0.889152 0.133812 0.437611 -0.109207 0.990709 -0.081049 -0.444391 0.024274 0.895504
5.775966 0.077828 -16.981204 -45.018505 0.756479 0.065073 0.650773 -0.062712 0.997670 -0.026862 -0.651004 -0.020491 0.758797
5.621556 -0.400959 312.966451 -32.322986 0.881245 0.136776 0.452437 -0.114945 0.990495 -0.075549 -0.458470 0.014572 0.888591
4.837639 -0.424365 257.999377 -6.372237 0.870806 0.158121 0.465505 -0.127542 0.987107 -0.096708 -0.474794 0.024842 0.879746
1.440599 -0.729875 272.928639 -22.099485 0.851110 0.305222 0.427144 -0.251287 0.951217 -0.179001 -0.460941 0.045014 0.886288
-0.652852 -4.688054 3.075033 -55.515571 -0.496251 0.866314 -0.056879 0.071254 0.105935 0.991817 -0.865250 -0.488137 0.114299
0.069556 -3.821000 -22.849354 -25.375449 -0.480565 0.861227 0.165361 0.132368 -0.115166 0.984487 -0.866912 -0.494999 0.058654
-0.648142 -4.391199 -16.411911 -50.150063 -0.488940 0.864085 0.119561 0.163693 -0.043741 0.985541 -0.856821 -0.501442 0.120057
-0.610342 -4.330496 -30.235416 -51.856737 -0.452830 0.837089 0.306965 0.268204 -0.200451 0.942277 -0.850301 -0.509021 0.133740
0.007974 -4.008070 -27.070243 -26.409044 -0.389437 0.783515 0.484193 0.328576 -0.372925 0.867736 -0.860452 -0.497022 0.112213
-0.618776 -4.564121 -39.162473 -64.014532 -0.397669 0.785871 0.473568 0.368052 -0.336161 0.866911 -0.840475 -0.519041 0.155560
1.335526 -33.045540 4.620472 1074.115366 -0.202945 -0.853753 0.479499 0.922648 -0.330724 -0.198352 0.327925 0.402154 0.854832
1.996800 -33.009094 -22.192873 2074.382421 0.202541 0.846946 -0.491589 0.858382 -0.395162 -0.327151 0.471336 0.355710 0.807039
1.413643 -23.792787 -9.751564 1038.727237 0.223713 0.854882 -0.468112 0.828912 -0.419524 -0.370006 0.512696 0.305249 0.802475
1.148315 -16.827120 -33.738005 530.631285 -0.021458 0.882931 -0.469013 0.128635 0.467660 0.874498 -0.991460 0.041567 0.123610
2.093556 -14.760973 -44.584273 235.054043 -0.002064 0.874612 -0.484819 0.253737 0.469411 0.845737 -0.967271 0.121271 0.222890
1.007635 -15.734587 -33.394980 -50.859867 -0.044328 0.864305 -0.501012 0.235885 0.496380 0.835443 -0.970769 0.081148 0.225880
0.165264 -19.144312 3.970883 257.469766 -0.366186 0.692625 0.621433 0.582695 0.691353 -0.427197 0.725516 -0.205673 0.656753
-0.268595 -20.100677 8.364803 439.978802 0.398764 -0.650466 -0.646437 0.523569 0.740213 -0.421854 0.752903 -0.170234 0.635734
1.129665 -22.503118 -73.859427 -54.048408 -0.342953 0.661496 0.666938 0.764441 0.609154 -0.211093 0.545905 -0.437440 0.714586
-1.119214 -5.144417 -204.563630 -34.469534 0.033695 0.976310 0.213736 0.897703 0.064438 -0.435863 0.439310 -0.206558 0.874266
-2.027877 -4.191117 -248.210041 -24.135795 0.384539 0.918397 -0.093148 0.747123 -0.368905 -0.552916 0.542159 -0.143025 0.828014
-2.222649 -6.671909 46.827816 156.808831 -0.385459 0.859372 0.336009 0.728813 0.506884 -0.460327 0.565909 -0.067451 0.821704
-1.352999 -13.158246 -52.562331 440.454412 -0.349169 0.833231 0.428727 0.733960 0.527627 -0.427683 0.582567 -0.165334 0.795789
-1.614901 -8.033764 250.481704 -307.923180 0.199970 -0.879378 -0.432094 0.919599 0.320649 -0.226985 0.338156 -0.351963 0.872796
17.207354 -11.134918 -438.528674 -121.115796 0.145245 0.751577 -0.643456 0.775943 -0.490030 -0.397220 0.613854 0.441591 0.654356
19.836982 -10.404688 -648.559411 -126.853146 0.059678 0.644478 -0.762291 0.676633 -0.587560 -0.443780 0.733898 0.489307 0.471139
13.065619 -11.224093 -318.133625 -97.491189 0.117923 0.757958 -0.641556 0.661729 -0.541694 -0.518346 0.740411 0.363412 0.565441
15.553586 -11.062496 -508.517032 -154.030065 0.078402 0.682182 -0.726967 0.582775 -0.623001 -0.521769 0.808843 0.382751 0.446403
-0.294653 -4.530501 17.933871 -49.698166 -0.034822 0.991963 0.121641 -0.108931 0.117223 -0.987113 0.993439 0.047624 -0.103974
-0.829656 -4.579355 27.131279 -64.484414 -0.027815 0.988305 0.149933 -0.138096 0.144754 -0.979784 0.990028 0.047958 -0.132454
-0.367328 -4.879169 34.591687 -14.666210 -0.043170 0.989893 0.135086 -0.195644 0.124218 -0.972776 0.979724 0.068423 -0.188305
-0.277028 -3.617616 10.982287 -24.396884 -0.286410 0.884139 -0.369144 0.702629 0.455760 0.546439 -0.651369 0.102866 0.751756
-0.294202 -4.578808 41.047923 52.046343 -0.151059 0.943471 -0.295031 0.815867 0.287512 0.501695 -0.558160 0.164920 0.813178
-0.536785 -3.266513 11.212822 20.688190 -0.258926 0.898109 -0.355469 0.746654 0.419573 0.516204 -0.612752 0.131754 0.779215
23.373777 -7.930388 -525.048789 -0.222264 -0.672948 -0.183725 -0.716510 -0.104194 0.982549 -0.154082 0.732315 -0.029033 -0.680347
33.942368 -8.750626 -1344.823905 -49.788174 -0.688634 -0.079392 -0.720750 -0.137261 0.990289 0.022062 0.711999 0.114124 -0.692844
33.833428 -9.421717 -419.566802 -31.972968 -0.824217 -0.210667 -0.525628 -0.174785 0.977544 -0.117718 0.538624 -0.005154 -0.842530
23.987389 -9.439840 -139.589082 71.976468 -0.785360 -0.286375 -0.548816 -0.156337 0.949577 -0.271775 0.598972 -0.127641 -0.790531
29.961992 -10.229343 474.821613 -15.516921 -0.889155 -0.290047 -0.353944 -0.211681 0.946440 -0.243809 0.405703 -0.141861 -0.902929
40.555804 -11.136384 1256.585193 -22.463566 -0.927128 -0.248354 -0.280632 -0.246471 0.968214 -0.042579 0.282287 0.029691 -0.958870
-0.566756 -13.430183 10.303448 -90.148218 0.892591 -0.022119 -0.450325 0.439516 -0.180027 0.880009 0.100536 0.983413 0.150969
-0.454750 -13.128595 8.481227 -103.744157 0.894691 -0.040251 -0.444869 0.435678 -0.141101 0.888974 0.098553 0.989177 0.108705
-0.589743 -12.161485 11.634851 -69.980278 0.893246 -0.027324 -0.448737 0.449524 0.068263 0.890656 -0.006296 0.997293 -0.073258
-0.707016 -12.571536 6.834610 -67.797250 0.894115 -0.004296 -0.447817 0.447577 0.042699 0.893226 -0.015284 0.999079 -0.040101
-0.699164 -13.510749 4.106158 -64.608239 0.892434 0.002730 -0.451169 0.440548 -0.221055 0.870088 0.097358 0.975257 0.198480
-0.892083 -17.919151 -4.389866 -138.314051 0.470296 0.684001 -0.557642 -0.127586 -0.572546 -0.809884 0.873237 -0.452033 0.181997
-2.448596 -16.924543 -60.015381 -146.509853 0.469357 0.671080 -0.573896 -0.100543 -0.605089 -0.789784 0.877266 -0.428391 0.216530
-1.182955 -16.377864 -5.770425 -121.892431 0.475509 0.687278 -0.549126 0.128577 -0.671806 -0.729483 0.870264 -0.276271 0.407818
-0.959899 -17.092447 5.680527 -136.663072 0.499333 0.689137 -0.525126 0.113200 -0.652790 -0.749034 0.858983 -0.314573 0.403969
-1.223887 -17.488625 14.843724 -119.250664 0.975435 0.041845 0.216276 0.097313 -0.962654 -0.252641 -0.197627 -0.267481 0.943079
-1.056186 -16.301896 0.537239 54.041083 0.972284 0.026296 0.232319 -0.055463 0.991233 0.119921 -0.227129 -0.129483 0.965219
-1.105696 -18.529276 -16.139134 -190.302149 0.966046 0.017755 0.257759 0.099451 -0.946322 -0.307545 -0.238463 -0.322737 0.915956
-0.928054 -16.876534 36.044879 83.774715 0.982408 0.055556 0.178293 -0.073977 0.992395 0.098388 -0.171471 -0.109846 0.979046
-1.221022 -19.288922 15.803882 -198.160626 0.975708 0.038667 0.215635 0.131103 -0.891648 -0.433332 -0.175515 -0.451076 0.875057
-0.919310 -18.848372 29.024768 -150.512883 0.981008 0.059754 0.184532 0.116123 -0.942962 -0.311992 -0.155364 -0.327495 0.931992
-0.426848 -7.963781 -9.179285 -2.845755 0.870355 0.377629 -0.316037 -0.485202 0.767190 -0.419523 -0.084036 -0.518475 -0.850953
0.036326 -7.943576 -18.155575 6.598535 0.873024 0.369579 -0.318183 -0.487374 0.684189 -0.542542 -0.017186 -0.628727 -0.777436
0.522031 -7.747082 -56.337354 1.932212 0.889428 0.334986 -0.310970 -0.441923 0.803966 -0.397923 -0.116710 -0.491348 -0.863108
-0.353585 -7.973658 -2.309888 0.931499 0.867103 0.387298 -0.313260 -0.497793 0.650646 -0.573466 0.018281 -0.653192 -0.756971
-0.366657 -8.006774 -28.343098 -6.630949 0.882700 0.350395 -0.313152 -0.435593 0.860125 -0.265412 -0.176351 -0.370686 -0.911862
-0.624708 -8.022604 3.818933 -7.429324 0.873622 0.381908 -0.301547 -0.483992 0.746106 -0.457251 -0.050358 -0.545411 -0.836655
-0.903987 -8.115146 6.948862 -8.789414 0.880070 0.368465 -0.299517 -0.452817 0.841114 -0.295777 -0.142944 -0.395931 -0.907086
2.814135 -6.094776 61.836801 51.493733 0.813414 -0.482488 -0.324906 0.188415 0.746989 -0.637579 0.550326 0.457399 0.698519
2.928907 -6.469852 4.839999 -41.180811 0.852757 -0.398263 -0.337923 -0.094973 -0.754429 0.649475 0.513600 0.521751 0.681168
3.823411 -6.788428 110.525168 -76.781247 0.798155 -0.466136 -0.381662 0.118833 0.742881 -0.658792 0.590616 0.480464 0.648326
-1.407953 -16.309422 66.253493 230.134164 0.767761 0.114961 -0.630339 -0.508411 0.708025 -0.490122 -0.389951 -0.696768 -0.602041
-1.224984 -15.509137 -14.473433 289.300156 0.743045 0.074222 -0.665113 -0.476100 0.757075 -0.447400 -0.470333 -0.649098 -0.597878
-1.368554 -15.431334 58.465945 217.178582 0.773746 0.095294 -0.626288 -0.426288 0.809626 -0.403466 -0.468611 -0.579159 -0.667067
-0.916196 -17.898989 58.131687 247.647085 0.781361 0.110981 -0.614132 -0.492694 0.713699 -0.497881 -0.383051 -0.691604 -0.612336
-2.403353 -11.409845 45.821893 68.242792 0.858530 0.017743 -0.512456 0.441147 -0.534985 0.720542 0.261372 0.844675 0.467128
-3.853230 -10.855592 67.443975 -33.908564 0.902440 -0.004225 -0.430794 0.351027 -0.572505 0.740958 0.249762 0.819891 0.515168
-2.969716 -12.670993 67.439562 -357.918538 0.813570 0.079708 -0.575978 0.505736 -0.585821 0.633282 0.286942 0.806512 0.516917
-3.072096 -13.737627 83.194591 388.392978 0.880890 -0.006009 -0.473282 0.403140 -0.514419 0.756870 0.248013 0.857518 0.450724
-1.901885 -13.500955 29.508407 -283.079204 0.796282 0.067840 -0.601110 0.526409 -0.567292 0.633304 0.298041 0.820718 0.487436
-1.490661 -12.759817 11.123778 134.590319 0.828519 0.029044 -0.559207 0.495886 -0.501934 0.708632 0.260103 0.864418 0.430264
-1.717982 -14.356056 30.486673 442.501106 0.848048 0.010719 -0.529812 0.473172 -0.465454 0.747971 0.238586 0.885007 0.399799
-2.405246 -14.337383 50.065247 31.758553 0.860960 -0.224651 0.456377 -0.452891 0.069951 0.888817 0.231598 0.971925 0.041517
-2.858801 -13.911444 33.427211 58.158589 0.866323 -0.182201 0.465068 -0.466862 0.035601 0.883613 0.177552 0.982617 0.054220
-2.393671 -13.257028 38.604256 94.960499 0.873246 -0.219238 0.435174 -0.469481 -0.139371 0.871874 0.130497 0.965666 0.224633
0.072316 -34.972370 61.452992 -490.842820 0.631687 -0.111170 -0.767211 0.484873 -0.715531 0.502905 0.604871 0.689679 0.398088
-0.274002 -27.992800 41.598695 133.491798 0.641041 -0.082272 -0.763084 -0.364469 0.842352 -0.396996 0.675447 0.532611 0.509997
-0.339459 -57.647960 47.379193 1750.336381 0.619692 -0.029338 -0.784297 -0.325426 0.899746 -0.290784 0.714199 0.435427 0.548018
0.414963 -47.452477 29.348182 409.963000 0.645303 0.031594 -0.763273 -0.049191 0.998789 -0.000246 0.762341 0.037705 0.646076
0.472384 -41.128553 16.770899 521.329179 0.658823 -0.029985 -0.751700 -0.276145 0.919816 -0.278717 0.699783 0.391204 0.597715
-11.046786 -208.865929 -439.296913 -11944.610552 0.624976 0.509469 -0.591478 0.716933 -0.074786 0.693119 0.308888 -0.857233 -0.411995
0.195124 -231.890776 -473.733725 12775.444673 0.723605 0.541156 -0.428422 -0.540013 0.057301 -0.839704 0.429862 -0.838968 -0.333694
-17.156086 -186.786051 -784.454114 -9602.869133 0.641587 0.438468 -0.629374 0.695267 0.014145 0.718613 0.323991 -0.898635 -0.295777
0.443111 -4.090297 9.996365 -235.872970 -0.221638 0.906639 -0.359003 0.550385 0.420221 0.721451 -0.804956 0.037689 0.592137
0.572395 -4.383244 11.667613 -200.464335 -0.240262 0.895208 -0.375337 0.566094 0.443321 0.694985 -0.788551 0.045498 0.613285
2.454721 -0.313187 -289.204714 -112.119148 0.501155 -0.341583 0.795088 0.179624 0.939847 0.290554 -0.846510 -0.002796 0.532366
-3.647843 -8.019071 32.312210 -46.880464 0.948658 0.138608 -0.284318 0.016494 -0.919327 -0.393148 0.315874 -0.368273 0.874413
-3.480098 -8.556786 45.419549 4.949113 0.915287 0.252856 -0.313550 0.070553 -0.867025 -0.493244 0.396576 -0.429338 0.811416
-3.063076 -7.810905 18.119865 102.883518 0.928382 0.203441 -0.310997 -0.107359 0.947990 0.299649 0.355783 -0.244800 0.901938
-3.048967 -7.256095 25.244260 135.359368 0.950606 0.088435 -0.297537 -0.031697 0.981201 0.190369 0.308778 -0.171535 0.935538
-3.880520 -7.519130 18.747978 -72.504436 0.963273 -0.008496 -0.268389 -0.087217 -0.955207 -0.282794 0.253964 -0.295816 0.920866
-171.925193 -607.553039 -10325.979777 -36800.765247 0.563768 -0.710304 -0.421466 0.774775 0.631613 -0.028102 0.286164 -0.310698 0.906409
-247.981496 -649.811333 -22285.023988 -65754.014175 0.608933 -0.431611 -0.665517 0.683326 0.711503 0.163793 0.402822 -0.554504 0.728189
-277.719424 -2616.159482 -29382.847503 297912.454358 0.698332 -0.353050 -0.622646 0.158556 0.924582 -0.346423 0.697992 0.143194 0.701643
2.249319 -16.430863 -300.468083 462.071307 -0.534884 -0.553486 0.638398 0.843238 -0.397411 0.361958 0.053368 0.731927 0.679290
5.828941 -12.560610 143.853825 -57.098589 -0.506077 -0.729428 0.460240 0.838400 -0.290816 0.460989 -0.202414 0.619161 0.758728
4.858878 -34.003380 -86.678455 1622.446656 -0.517608 -0.611548 0.598407 0.852114 -0.305211 0.425144 -0.077355 0.729969 0.679089
-4.262860 -16.969807 -147.402930 -128.818793 0.365535 0.621653 -0.692771 0.650523 0.361710 0.667822 0.665736 -0.694776 -0.272182
-6.726465 -16.207006 -129.361623 96.668562 0.203550 0.619043 -0.758521 -0.659935 -0.485542 -0.573354 0.723225 -0.617280 -0.309696
-5.742213 -16.348468 -199.072642 -14.371833 0.396566 0.626401 -0.671086 -0.459930 -0.497089 -0.735777 0.794481 -0.600437 -0.090972
-1.629755 -16.955898 -60.791372 -113.950819 0.435949 0.655937 -0.616194 0.606596 0.291625 0.739592 0.664823 -0.696205 -0.270755
-1.973331 -15.238242 -79.789744 -203.903809 0.389663 0.644069 -0.658284 0.784108 0.142894 0.603951 0.483051 -0.751503 -0.449339
-3.375219 -17.270973 -122.766250 -39.736865 0.465991 0.629620 -0.621635 -0.389775 -0.484653 -0.783062 0.794309 -0.607198 -0.019567
-8.395007 -10.893844 115.001590 118.295626 -0.387144 0.919146 0.072734 -0.862623 -0.333220 -0.380588 0.325579 0.210084 -0.921880
1.521659 -1.122503 -225.414351 -180.794556 -0.761323 0.269231 0.589832 -0.196445 0.771169 -0.605564 -0.617897 -0.576900 -0.534219
1.201064 -5.257128 -257.579268 -59.812738 -0.600360 0.782450 -0.165347 -0.423294 -0.135486 0.895805 -0.678520 -0.607796 -0.412547
-1.749953 -5.692759 -289.825323 -48.233701 -0.667998 0.741783 -0.059473 -0.367645 -0.259476 0.893034 -0.647005 -0.618410 -0.446042
3.287649 -3.514928 -456.906325 -195.002600 -0.720503 0.024936 0.693003 -0.363514 0.837457 -0.408073 -0.590536 -0.545934 -0.594326
-4.290755 -7.447062 -190.088852 8.848228 -0.517085 0.830525 -0.207005 -0.481042 -0.081940 0.872860 -0.707970 -0.550921 -0.441888
-3.555661 -5.797691 -206.749532 -55.195431 -0.681523 0.726844 0.084992 -0.339257 -0.416720 0.843356 -0.648406 -0.545932 -0.530591
-5.069158 -9.414444 -36.967831 53.844179 -0.210245 0.966226 -0.149014 0.368630 0.219519 0.903285 -0.905488 -0.134980 0.402332
-5.203915 -9.809179 -39.923809 27.975194 -0.195231 0.966847 -0.164595 0.215798 0.206059 0.954448 -0.956722 -0.150818 0.248873
-4.994856 -9.949796 -30.079712 -12.268429 -0.210220 0.965082 -0.156283 0.066684 0.173637 0.982550 -0.975377 -0.196130 0.100857
1.054221 -11.768294 5.157452 -165.073367 -0.640006 0.749140 -0.170825 -0.736179 -0.661524 -0.142924 0.220075 -0.034285 -0.974880
0.948586 -12.827240 5.174974 78.011142 -0.596221 0.785683 -0.164994 0.802199 0.591126 -0.083947 0.031577 -0.182409 -0.982716
11.135632 -5.542929 -379.679554 -287.302281 -0.273876 -0.093368 -0.957222 0.719890 0.640091 -0.268406 0.637770 -0.762604 -0.108091
6.986934 -2.632071 -257.783209 -118.273252 -0.191506 -0.140273 -0.971416 0.740564 0.628878 -0.236805 0.644120 -0.764745 -0.016553
7.159843 -3.928368 -202.828766 143.916241 -0.193898 -0.135372 -0.971637 0.736465 0.634223 -0.235330 0.648091 -0.761207 -0.023277
-2.586526 -6.101374 -89.247293 -20.622025 -0.404463 -0.737949 -0.540223 0.913978 -0.347128 -0.210111 -0.032476 -0.578734 0.814869
-0.062321 -5.648992 -127.352244 -19.461358 -0.602697 -0.666002 -0.439542 0.797471 -0.522196 -0.302246 -0.028230 -0.532684 0.845843
-2.631635 -5.783143 -78.317513 -17.179350 -0.385749 -0.754110 -0.531522 0.916900 -0.377312 -0.130114 -0.102429 -0.537544 0.836992
0.570843 -9.102679 -18.080495 -26.309745 -0.277196 0.904194 0.324955 0.139020 -0.296905 0.944733 -0.950703 -0.307052 0.043400
0.497732 -9.189655 -19.107534 3.484288 -0.272399 0.883641 0.380759 0.319794 -0.290083 0.901989 -0.907486 -0.367465 0.203565
0.027874 -8.663665 -9.600236 -12.150826 -0.267241 0.880205 0.392201 0.323536 -0.301421 0.896923 -0.907693 -0.366585 0.204226
-0.069438 -24.066472 -13.522551 171.502883 0.175171 0.775837 -0.606129 0.930270 0.071144 0.359911 0.322355 -0.626910 -0.709275
-0.250467 -24.134416 -10.963633 -180.488648 0.156608 0.781536 -0.603884 0.987545 -0.133262 0.083639 -0.015108 -0.609461 -0.792672
-0.506220 -23.202899 -10.265177 -210.611102 0.163739 0.784314 -0.598366 0.986136 -0.146692 0.077571 -0.026935 -0.602772 -0.797459
2.251410 -10.382013 52.368199 146.798746 0.197327 -0.866007 -0.459450 0.931843 0.020112 0.362304 -0.304517 -0.499627 0.810951
1.122569 -11.139810 25.895755 78.391509 0.206670 -0.854855 -0.475932 0.884761 -0.044386 0.463926 -0.417714 -0.516966 0.747169
0.668067 -11.112038 21.032838 70.462581 0.213697 -0.842293 -0.494850 0.901758 -0.024743 0.431532 -0.375720 -0.538452 0.754257
-0.146399 -14.728658 35.150579 140.666242 0.111515 0.109052 0.987761 -0.325931 0.942994 -0.067313 -0.938793 -0.314436 0.140702
-1.641096 -4.943981 -7.476939 -54.724386 -0.482555 0.873658 -0.062148 -0.751952 -0.449625 -0.482085 0.449121 0.185900 -0.873918
-1.554813 -4.306126 2.160970 -8.653446 -0.336846 0.939854 0.056651 -0.804968 -0.256247 -0.535130 0.488427 0.225858 -0.842868
-1.578127 -5.589548 -13.327900 -76.441890 -0.546046 0.831196 -0.104632 -0.734870 -0.535203 -0.416563 0.402244 0.150572 -0.903066
-1.551489 -4.754557 17.651655 -68.673940 -0.549885 0.832657 -0.065638 -0.720025 -0.512395 -0.467991 0.423309 0.210081 -0.881292
-2.829374 -3.977164 -65.700739 -9.011199 -0.285701 0.927427 -0.241359 0.155560 0.293399 0.943249 -0.945609 -0.231942 0.228095
-3.342286 -3.821438 9.169079 -34.708123 -0.181534 0.953470 -0.240709 0.155166 0.269482 0.950422 -0.971066 -0.135184 0.196866
-3.277319 -3.985196 -15.940020 23.195347 -0.264496 0.745196 -0.612148 0.009573 0.636751 0.771010 -0.964339 -0.198069 0.175552
0.442148 -8.018929 22.504706 -63.554497 0.091034 0.939817 0.329328 -0.752408 0.281551 -0.595492 0.652376 0.193579 -0.732757
-0.346865 -9.796809 1.295171 -67.724768 0.013196 0.960121 0.279273 -0.868410 0.149456 -0.472787 0.495671 0.236284 -0.835751
-2.247654 -29.514723 -29.115399 -671.699031 0.598107 0.793639 -0.111380 0.092491 0.069693 0.993272 -0.796062 0.604384 0.031720
-1.511419 -25.582983 -39.454529 -750.925756 0.623716 0.766316 -0.154072 0.099895 0.117348 0.988054 -0.775242 0.631656 0.003359
1.973642 -13.953612 157.010272 -114.227350 0.294740 0.194528 0.935568 0.856553 0.380236 -0.348908 -0.423609 0.904201 -0.054553
0.948591 -14.486105 158.041556 -79.292816 0.280395 0.186554 0.941582 0.926680 0.203164 -0.316210 -0.250286 0.961209 -0.115910
-4.331895 -79.358824 6.049389 3253.992329 0.461920 0.885608 -0.048256 -0.688707 0.392439 0.609651 -0.558849 0.248375 -0.791200
-1.755695 -236.667088 141.951205 14839.192254 0.420784 0.906873 0.022843 -0.823071 0.371070 0.429955 -0.381438 0.199720 -0.902561
0.252707 -403.701088 -388.172770 20781.541339 0.254594 0.965451 -0.055560 -0.964908 0.257431 0.051791 -0.064304 -0.040424 -0.997111
1.675329 -17.191058 -3.691833 -101.831398 0.071222 0.240672 0.967990 0.690160 0.688755 -0.222025 -0.720144 0.683881 -0.117048
1.663811 -16.688527 27.944443 -44.194315 0.097598 0.177718 0.979230 0.738935 0.646162 -0.190919 -0.666671 0.742220 -0.068258
1.624487 -16.283571 43.703258 -132.790691 0.109665 0.187469 0.976130 0.536577 0.815499 -0.216901 -0.836695 0.547555 -0.011160
2.038433 -17.023493 19.259480 86.059970 0.080298 0.206867 0.975068 0.870882 0.461308 -0.169587 -0.484889 0.862787 -0.143115
1.379935 -15.925301 -43.108097 -169.631732 0.039071 0.258318 0.965270 0.459189 0.853325 -0.246947 -0.887479 0.452890 -0.085276
1.717816 -17.501628 -34.181233 79.770596 0.065556 0.279529 0.957897 0.872606 0.449568 -0.190909 -0.484005 0.848382 -0.214447
1.072710 -17.048288 -47.933732 -51.734558 0.062823 0.290017 0.954957 0.740461 0.628004 -0.239435 -0.669157 0.722150 -0.175293
1.242997 -16.315439 -67.308190 -160.245948 0.039243 0.278920 0.959512 0.555144 0.792333 -0.253027 -0.830828 0.542597 -0.123747
4.182714 -1.643054 42.352926 33.577793 0.824248 0.125210 0.552212 0.098900 0.928418 -0.358134 -0.557525 0.349805 0.752863
3.886381 -2.733787 62.168440 59.944983 0.835727 0.137853 0.531562 0.060829 0.938783 -0.339095 -0.545766 0.315725 0.776181
2.725135 -3.527021 192.381874 123.665613 0.877949 0.001527 0.478752 0.163737 0.938735 -0.303260 -0.449884 0.344636 0.823912
6.463311 0.619071 -11.678097 -30.070726 0.750506 0.097708 0.653601 -0.075522 0.995211 -0.062057 -0.656534 -0.002787 0.754291
6.135513 0.314325 -412.650628 -61.214143 0.567441 0.002199 0.823411 -0.026130 0.999541 0.015338 -0.822999 -0.030220 0.567238
5.004350 -0.163572 -335.975232 -47.670271 0.601717 -0.047947 0.797269 0.011304 0.998608 0.051524 -0.798629 -0.021991 0.601421
-3.472044 -7.072760 5.412264 -27.041569 -0.455661 0.865084 0.209769 0.553006 0.090443 0.828254 -0.697537 -0.493407 0.519608
-3.197625 -6.872993 16.049099 -16.454476 -0.493476 0.868462 0.047488 0.469014 0.219728 0.855421 -0.732466 -0.444403 0.515751
-2.888695 -6.582076 5.122761 -34.126138 -0.464964 0.860890 0.206583 0.459989 0.035539 0.887213 -0.756451 -0.507548 0.412524
-2.937345 -6.814451 -9.928607 -38.533734 -0.425943 0.830243 0.359540 0.545888 -0.081076 0.833926 -0.721512 -0.551474 0.418685
-3.513071 -7.362757 -7.657871 -28.841408 -0.425355 0.838155 0.341424 0.627543 0.001316 0.778581 -0.652122 -0.545431 0.526538
1.913269 -48.082214 17.441157 2121.279013 -0.141373 -0.850212 0.507104 0.967778 -0.226518 -0.109979 0.208374 0.475216 0.854840
5.352985 -72.380604 140.471885 5861.536848 -0.146309 -0.835268 0.530020 0.901972 -0.332670 -0.275277 0.406252 0.437788 0.802061
13.182271 -58.052269 -468.797047 6846.593499 0.161543 0.858961 -0.485890 0.773650 -0.415897 -0.478012 0.612674 0.298689 0.731721
-1.640868 -19.346751 -38.609561 785.512181 0.465338 -0.591466 -0.658505 0.275812 0.803814 -0.527078 0.841064 0.063646 0.537178
-1.417459 -26.964839 134.833072 571.934984 0.320747 -0.654011 -0.685121 0.598998 0.700384 -0.388154 0.733705 -0.285887 0.616398
-3.436335 -4.704974 77.300642 -2.189043 -0.102765 0.978105 0.180968 0.746870 0.196035 -0.635417 0.656981 -0.069861 0.750663
-3.298577 -4.584973 48.705390 3.467091 -0.307941 0.908560 0.282298 0.712664 0.416853 -0.564219 0.630304 -0.027437 0.775864
0.831871 -4.817923 -91.613349 28.263833 0.051521 0.998600 -0.011999 0.406825 -0.031959 -0.912947 0.912052 -0.042154 0.407902
1.196233 -5.655274 -84.881703 50.666405 0.049415 0.998709 -0.011730 0.497786 -0.034808 -0.866601 0.865891 -0.036984 0.498863
1.808752 -5.020900 -54.665427 38.222608 0.034759 0.998477 -0.042834 0.438211 -0.053747 -0.897264 0.898200 -0.012418 0.439411
0.129339 -4.855160 -82.495152 35.861770 0.032645 0.998540 0.043045 0.429089 0.024895 -0.902919 0.902672 -0.047945 0.427650
1.617472 -4.362082 -49.162477 15.025051 0.032244 0.997977 -0.054786 0.351517 -0.062636 -0.934084 0.935626 -0.010861 0.352826
-0.523434 -4.203020 -104.619317 19.620972 0.048014 0.998675 0.018541 0.342356 0.000984 -0.939570 0.938343 -0.051461 0.341855
0.498080 -4.216770 -81.937975 5.284150 0.053640 0.998049 -0.031951 0.319031 -0.047449 -0.946556 0.946225 -0.040580 0.320954
1.537020 -2.143090 -177.868920 -25.885526 0.715841 0.003095 0.698257 0.059893 0.996033 -0.065816 -0.695690 0.088935 0.712815
1.411117 -1.940016 -158.159301 -23.242068 0.700514 -0.122366 0.703070 0.128946 0.990677 0.043945 -0.701893 0.059874 0.709762
-0.220532 -1.707522 -82.944076 43.167857 0.672128 -0.348638 0.653219 0.315325 0.932988 0.173505 -0.669936 0.089359 0.737021
16.981454 -7.032405 -978.057561 12.866751 -0.462476 -0.095301 -0.881495 -0.133688 0.990335 -0.036929 0.876495 0.100767 -0.470747
22.312314 -7.119328 -1105.375306 16.033757 -0.714309 0.005057 -0.699812 -0.147786 0.976333 0.157903 0.684048 0.216214 -0.696656
58.724230 -9.731603 -4990.712631 -37.369176 -0.698717 0.042684 -0.714124 -0.167727 0.960621 0.221526 0.695459 0.274562 -0.664043
-0.630434 -12.529294 -12.876455 -83.389301 0.902750 -0.039093 -0.428387 0.421346 -0.120272 0.898889 0.086663 0.991971 0.092104
-0.338949 -13.973680 -1.038061 -101.739361 0.899072 -0.044614 -0.435521 0.395335 -0.344663 0.851421 0.188093 0.937666 0.292239
-0.562076 -11.733202 -0.364966 -44.107091 0.895545 -0.029695 -0.443979 0.444887 0.079087 0.892088 -0.008622 0.996425 -0.084037
-0.951663 -13.500726 -28.807152 -108.804874 0.915815 -0.059422 -0.397180 0.361237 -0.310233 0.879354 0.175471 0.948802 0.262651
-1.638099 -11.881454 -45.473061 -45.812265 0.918351 -0.050264 -0.392562 0.385878 -0.106624 0.916367 0.087917 0.993028 0.078523
-0.945914 -11.492302 -24.020195 -7.919516 0.903278 -0.027166 -0.428195 0.428892 0.084734 0.899373 -0.011850 0.996033 -0.088190
-1.070807 -17.781573 -22.108674 -55.813228 0.454632 0.673364 -0.583002 -0.360773 -0.459239 -0.811753 0.814342 -0.579380 -0.034147
-4.930602 -16.015108 -143.457728 -140.115291 0.463898 0.658008 -0.593148 -0.191535 -0.579217 -0.792352 0.864935 -0.481179 0.142667
-5.450610 -14.098731 -138.505986 -143.558752 0.433198 0.713806 -0.550292 0.067261 -0.634455 -0.770028 0.898786 -0.296561 0.322856
-0.923283 -16.993133 -19.106629 61.355803 0.966387 0.009721 0.256909 -0.060856 0.979535 0.191852 -0.249787 -0.201037 0.947201
-0.836451 -15.497263 -13.444688 51.232847 0.969535 0.004555 0.244911 0.003538 0.999462 -0.032595 -0.244928 0.032468 0.968997
-0.790949 -15.821124 20.286420 79.848628 0.980213 0.031981 0.195346 -0.015686 0.996308 -0.084404 -0.197324 0.079670 0.977096
14.424167 -4.868460 59.208964 42.818136 -0.509009 0.791441 -0.338424 0.102175 -0.334833 -0.936721 0.854675 0.511378 -0.089567
15.590471 -3.316456 -760.684237 66.759516 -0.201493 0.897444 -0.392422 0.035299 -0.393725 -0.918550 0.978854 0.198933 -0.047653
16.050940 -4.566770 -863.348199 44.782672 -0.177543 0.930898 -0.319230 0.120179 -0.301446 -0.945879 0.976747 0.206299 0.058355
14.359776 -5.201021 -1205.707580 44.522282 -0.069189 0.964014 -0.256689 0.167582 -0.242418 -0.955589 0.983427 0.109133 0.144779
18.528073 -5.244963 -1345.514563 43.462775 -0.182962 0.948180 -0.259767 0.163220 -0.231264 -0.959102 0.969476 0.217879 0.112449
15.845241 -5.514612 -314.035486 54.442741 -0.395385 0.874244 -0.281724 0.135461 -0.247863 -0.959278 0.908472 0.417446 0.020425
-1.155182 -14.383904 -16.355654 207.347639 0.754577 0.047333 -0.654502 -0.386368 0.838231 -0.384824 -0.530408 -0.543258 -0.650798
-0.952046 -16.999996 -76.127072 332.537300 0.722413 0.043369 -0.690100 -0.485293 0.742736 -0.461339 -0.492555 -0.668178 -0.557609
-1.038113 -13.912342 56.139241 175.008439 -0.732348 -0.042487 0.679604 -0.382996 0.850916 -0.359523 -0.563011 -0.523581 -0.639439
-0.455047 -15.573797 -66.041283 275.108924 0.720621 0.037425 -0.692318 -0.415202 0.822986 -0.387687 -0.555259 -0.566827 -0.608600
-0.311974 -20.665415 -102.520346 347.605676 0.715847 0.017162 -0.698046 -0.550254 0.629305 -0.548814 -0.429865 -0.776969 -0.459929
-4.617104 -12.735545 92.594470 -381.487790 0.852255 0.084084 -0.516326 0.449333 -0.623086 0.640206 0.267884 0.777620 0.568810
-6.216677 -11.720793 68.838378 -144.931936 0.954494 -0.017498 -0.297717 0.214414 -0.653597 0.725835 0.207288 0.756640 0.620103
-5.397768 -12.694697 176.698572 160.724229 0.918327 -0.026172 -0.394956 0.312863 -0.563239 0.764774 0.242470 0.825880 0.509049
-2.797934 -12.751950 12.229411 106.247263 0.878672 -0.172241 0.445274 -0.471609 -0.167990 0.865658 0.074300 0.970625 0.228838
-3.077457 -13.581284 2.501978 82.954812 0.868310 -0.135952 0.477027 -0.481640 -0.001187 0.876368 0.118578 0.990715 0.066510
-3.015430 -14.560740 17.224569 27.153516 0.860211 -0.142153 0.489724 -0.454692 0.220944 0.862809 0.230853 0.964871 -0.125423
-20.535361 -25.360841 -342.154433 -917.411536 0.820438 -0.094119 -0.563936 0.568725 0.033250 0.821856 0.058602 0.995006 -0.080807
-4.352749 -64.859560 140.676019 -2307.487727 -0.402939 -0.200266 0.893048 0.906077 -0.224915 0.358381 0.129089 0.953576 0.272083
12.554889 -66.486560 -199.109611 -4145.542205 -0.412264 -0.010928 0.910999 0.908693 0.067160 0.412027 -0.065685 0.997682 -0.017758
-0.422435 -13.489775 70.365663 47.671170 0.899618 -0.277860 0.336870 -0.424537 -0.375872 0.823704 0.102254 0.884033 0.456103
0.069750 -14.738938 80.050719 57.424947 0.890275 -0.296827 0.345405 -0.424003 -0.263385 0.866516 0.166230 0.917890 0.360341
-0.724318 -14.148099 44.960790 94.050206 0.886076 -0.273202 0.374472 -0.443104 -0.261997 0.857331 0.136114 0.925591 0.353207
-3.282376 -8.316587 10.357011 33.789028 0.899583 0.284709 -0.331196 -0.137994 0.904758 0.402951 0.414376 -0.316785 0.853194
